repository_name,signature_id,framework_id,signature_hash,machine_platform,should_alert,has_subtests,extra_options,tags,option_collection_hash,test,suite,lower_is_better,name,parent_signature,repository_id,measurement_unit,application,job_id,entry_id,push_timestamp,value,revision,push_id
autoland,4663319,4,bf38f69fee000115871578b15786525e82952421,windows11-64-2009-shippable-qr,,True,,,102210fe594ee9b33d82058545b1ed14f4c8206e,,Base Content Explicit,True,Base Content Explicit opt fission,,77,bytes,,,1700012614,2023-05-24T10:49:25,10416127.999999998,1db51625512e546534a6a7352ff4ff3b9c48d713,1245770
autoland,4663319,4,bf38f69fee000115871578b15786525e82952421,windows11-64-2009-shippable-qr,,True,,,102210fe594ee9b33d82058545b1ed14f4c8206e,,Base Content Explicit,True,Base Content Explicit opt fission,,77,bytes,,,1700082229,2023-05-24T13:34:40,10412031.999999994,6a96bb1f430f92b83cc31f74db4e4c1f71e155e5,1245871
autoland,4663319,4,bf38f69fee000115871578b15786525e82952421,windows11-64-2009-shippable-qr,,True,,,102210fe594ee9b33d82058545b1ed14f4c8206e,,Base Content Explicit,True,Base Content Explicit opt fission,,77,bytes,,,1700196027,2023-05-24T17:26:23,10465280.000000002,b9da43bde2c92655235855f4bb966f7a2537eafa,1246058
autoland,4663319,4,bf38f69fee000115871578b15786525e82952421,windows11-64-2009-shippable-qr,,True,,,102210fe594ee9b33d82058545b1ed14f4c8206e,,Base Content Explicit,True,Base Content Explicit opt fission,,77,bytes,,,1700293906,2023-05-24T21:30:03,10444799.999999981,468123d0735b96f7486f1e1a4de373e3dd7520bd,1246204
autoland,4663319,4,bf38f69fee000115871578b15786525e82952421,windows11-64-2009-shippable-qr,,True,,,102210fe594ee9b33d82058545b1ed14f4c8206e,,Base Content Explicit,True,Base Content Explicit opt fission,,77,bytes,,,1700415698,2023-05-25T01:52:13,10397696.000000015,c1577427eba79d954813d300bfe6d4f09e0249f0,1246339
autoland,4663319,4,bf38f69fee000115871578b15786525e82952421,windows11-64-2009-shippable-qr,,True,,,102210fe594ee9b33d82058545b1ed14f4c8206e,,Base Content Explicit,True,Base Content Explicit opt fission,,77,bytes,,,1700461309,2023-05-25T06:53:28,10436608.000000011,ee3230b1fe26e5521d07465dcab71e75d586e422,1246434
autoland,4663319,4,bf38f69fee000115871578b15786525e82952421,windows11-64-2009-shippable-qr,,True,,,102210fe594ee9b33d82058545b1ed14f4c8206e,,Base Content Explicit,True,Base Content Explicit opt fission,,77,bytes,,,1700506578,2023-05-25T09:03:58,10414080.000000011,0cd7e9f3c07773af459b1d5676b4f14a1a4c2844,1246517
autoland,4663319,4,bf38f69fee000115871578b15786525e82952421,windows11-64-2009-shippable-qr,,True,,,102210fe594ee9b33d82058545b1ed14f4c8206e,,Base Content Explicit,True,Base Content Explicit opt fission,,77,bytes,,,1700625599,2023-05-25T13:17:19,10420224.000000015,09f3ed0c8776aaa707aab014022efa3a16e01a6e,1246661
autoland,4663319,4,bf38f69fee000115871578b15786525e82952421,windows11-64-2009-shippable-qr,,True,,,102210fe594ee9b33d82058545b1ed14f4c8206e,,Base Content Explicit,True,Base Content Explicit opt fission,,77,bytes,,,1700630235,2023-05-25T13:25:13,10375167.999999994,6e07dad252683bcc1ed82d6a973adda9b490af1f,1246670
autoland,4663319,4,bf38f69fee000115871578b15786525e82952421,windows11-64-2009-shippable-qr,,True,,,102210fe594ee9b33d82058545b1ed14f4c8206e,,Base Content Explicit,True,Base Content Explicit opt fission,,77,bytes,,,1700726588,2023-05-25T17:00:24,10416127.999999998,4971297a8917c4ce5f9136ebb0c82cde74eb50c4,1246837
autoland,4663319,4,bf38f69fee000115871578b15786525e82952421,windows11-64-2009-shippable-qr,,True,,,102210fe594ee9b33d82058545b1ed14f4c8206e,,Base Content Explicit,True,Base Content Explicit opt fission,,77,bytes,,,1700901059,2023-05-25T20:49:35,10428415.999999996,6d91b4ed2bb8fbe97d7f5fcf7cad0e6f2bb6ad2f,1247021
autoland,4663319,4,bf38f69fee000115871578b15786525e82952421,windows11-64-2009-shippable-qr,,True,,,102210fe594ee9b33d82058545b1ed14f4c8206e,,Base Content Explicit,True,Base Content Explicit opt fission,,77,bytes,,,1701041293,2023-05-26T00:58:32,10450944.000000013,d49f009b89ad3ae1616d96cb1d2d9234ef3f6cda,1247180
autoland,4663319,4,bf38f69fee000115871578b15786525e82952421,windows11-64-2009-shippable-qr,,True,,,102210fe594ee9b33d82058545b1ed14f4c8206e,,Base Content Explicit,True,Base Content Explicit opt fission,,77,bytes,,,1701132819,2023-05-26T04:58:44,10373119.999999993,ffc18acbe9c027a3d6c960322b40a9d0576af311,1247241
autoland,4663319,4,bf38f69fee000115871578b15786525e82952421,windows11-64-2009-shippable-qr,,True,,,102210fe594ee9b33d82058545b1ed14f4c8206e,,Base Content Explicit,True,Base Content Explicit opt fission,,77,bytes,,,1701199718,2023-05-26T08:30:04,10371072.0,35f77e2aafb53fdda81c118a9ea61aefdacd61b4,1247293
autoland,4663319,4,bf38f69fee000115871578b15786525e82952421,windows11-64-2009-shippable-qr,,True,,,102210fe594ee9b33d82058545b1ed14f4c8206e,,Base Content Explicit,True,Base Content Explicit opt fission,,77,bytes,,,1701340580,2023-05-26T12:58:50,10383360.000000006,3999253a6a3dc448416b9a73377e8599ca6bd022,1247437
autoland,4663319,4,bf38f69fee000115871578b15786525e82952421,windows11-64-2009-shippable-qr,,True,,,102210fe594ee9b33d82058545b1ed14f4c8206e,,Base Content Explicit,True,Base Content Explicit opt fission,,77,bytes,,,1701351780,2023-05-26T13:11:40,10313727.999999985,bb19012006135abc7ddd72be3cd269be7ef114b5,1247444
autoland,4663319,4,bf38f69fee000115871578b15786525e82952421,windows11-64-2009-shippable-qr,,True,,,102210fe594ee9b33d82058545b1ed14f4c8206e,,Base Content Explicit,True,Base Content Explicit opt fission,,77,bytes,,,1701498244,2023-05-26T17:23:29,10405888.000000007,8ca2ea7fe36515caaf70ddf90bfd2ee269f059cf,1247619
autoland,4663319,4,bf38f69fee000115871578b15786525e82952421,windows11-64-2009-shippable-qr,,True,,,102210fe594ee9b33d82058545b1ed14f4c8206e,,Base Content Explicit,True,Base Content Explicit opt fission,,77,bytes,,,1701629294,2023-05-26T19:44:57,10371072.0,fc6056442a0fa16146259cb730d4e34a16656952,1247712
autoland,4663319,4,bf38f69fee000115871578b15786525e82952421,windows11-64-2009-shippable-qr,,True,,,102210fe594ee9b33d82058545b1ed14f4c8206e,,Base Content Explicit,True,Base Content Explicit opt fission,,77,bytes,,,1701723029,2023-05-27T00:56:39,10426367.999999998,b45b68be3f9bae0da4d649a44e60c6cd175f2212,1247879
autoland,4663319,4,bf38f69fee000115871578b15786525e82952421,windows11-64-2009-shippable-qr,,True,,,102210fe594ee9b33d82058545b1ed14f4c8206e,,Base Content Explicit,True,Base Content Explicit opt fission,,77,bytes,,,1701882321,2023-05-27T11:39:36,10317824.000000006,6a941c8c6ff3290e530942915ee97161b670f15d,1247945
autoland,4663319,4,bf38f69fee000115871578b15786525e82952421,windows11-64-2009-shippable-qr,,True,,,102210fe594ee9b33d82058545b1ed14f4c8206e,,Base Content Explicit,True,Base Content Explicit opt fission,,77,bytes,,,1701917543,2023-05-27T15:52:21,10426367.999999998,531a15ae09d49e29c270830e9b873aa625a5a8c2,1247961
autoland,4663319,4,bf38f69fee000115871578b15786525e82952421,windows11-64-2009-shippable-qr,,True,,,102210fe594ee9b33d82058545b1ed14f4c8206e,,Base Content Explicit,True,Base Content Explicit opt fission,,77,bytes,,,1702039728,2023-05-28T20:46:15,10426367.999999998,47f0f49b40361f9c5bde3a5691dc5d65ec1e0061,1248031
autoland,4663319,4,bf38f69fee000115871578b15786525e82952421,windows11-64-2009-shippable-qr,,True,,,102210fe594ee9b33d82058545b1ed14f4c8206e,,Base Content Explicit,True,Base Content Explicit opt fission,,77,bytes,,,1702069685,2023-05-29T02:12:22,10414080.000000011,1f8f2142966233c5d8d437f93d361aa0cc2b36c6,1248080
autoland,4663319,4,bf38f69fee000115871578b15786525e82952421,windows11-64-2009-shippable-qr,,True,,,102210fe594ee9b33d82058545b1ed14f4c8206e,,Base Content Explicit,True,Base Content Explicit opt fission,,77,bytes,,,1702129085,2023-05-29T06:50:24,10387455.999999993,1565861edeebf64845658a3f48cb89fa4515bb68,1248115
autoland,4663319,4,bf38f69fee000115871578b15786525e82952421,windows11-64-2009-shippable-qr,,True,,,102210fe594ee9b33d82058545b1ed14f4c8206e,,Base Content Explicit,True,Base Content Explicit opt fission,,77,bytes,,,1702147535,2023-05-29T07:27:55,10430464.000000011,31915ad324761c4fe80dac65ca36f070ab2102a2,1248125
autoland,4663319,4,bf38f69fee000115871578b15786525e82952421,windows11-64-2009-shippable-qr,,True,,,102210fe594ee9b33d82058545b1ed14f4c8206e,,Base Content Explicit,True,Base Content Explicit opt fission,,77,bytes,,,1703312801,2023-05-29T08:08:37,10432512.000000019,e3e18b77a435738f686062d75de209bf968818d9,1248133
autoland,4663319,4,bf38f69fee000115871578b15786525e82952421,windows11-64-2009-shippable-qr,,True,,,102210fe594ee9b33d82058545b1ed14f4c8206e,,Base Content Explicit,True,Base Content Explicit opt fission,,77,bytes,,,1703312576,2023-05-29T08:34:21,10448896.000000017,370740b5bc6baecb6599a19bc76cb90d2aa1ebf8,1248142
autoland,4663319,4,bf38f69fee000115871578b15786525e82952421,windows11-64-2009-shippable-qr,,True,,,102210fe594ee9b33d82058545b1ed14f4c8206e,,Base Content Explicit,True,Base Content Explicit opt fission,,77,bytes,,,1703308710,2023-05-29T09:17:12,10403839.999999985,fe0bbcd036ded769e0f20dede5843e22ca14d7ca,1248168
autoland,4663319,4,bf38f69fee000115871578b15786525e82952421,windows11-64-2009-shippable-qr,,True,,,102210fe594ee9b33d82058545b1ed14f4c8206e,,Base Content Explicit,True,Base Content Explicit opt fission,,77,bytes,,,1703308026,2023-05-29T09:43:41,10412031.999999994,bcbf27f7a288622d2973f87e76e77debe79dd0a6,1248179
autoland,4663319,4,bf38f69fee000115871578b15786525e82952421,windows11-64-2009-shippable-qr,,True,,,102210fe594ee9b33d82058545b1ed14f4c8206e,,Base Content Explicit,True,Base Content Explicit opt fission,,77,bytes,,,1703308645,2023-05-29T11:04:37,10446848.000000017,8c4fe9bb32aae1c4e736e19f3e0dc7c22231c5fc,1248207
autoland,4663319,4,bf38f69fee000115871578b15786525e82952421,windows11-64-2009-shippable-qr,,True,,,102210fe594ee9b33d82058545b1ed14f4c8206e,,Base Content Explicit,True,Base Content Explicit opt fission,,77,bytes,,,1703308356,2023-05-29T11:47:04,10444799.999999981,f4be69ebcc349aee75b571eac5a214107122a4ba,1248213
autoland,4663319,4,bf38f69fee000115871578b15786525e82952421,windows11-64-2009-shippable-qr,,True,,,102210fe594ee9b33d82058545b1ed14f4c8206e,,Base Content Explicit,True,Base Content Explicit opt fission,,77,bytes,,,1703310575,2023-05-29T11:48:20,10409984.000000015,edea99ef15386c2c2125a92dbc56569ccbc62235,1248214
autoland,4663319,4,bf38f69fee000115871578b15786525e82952421,windows11-64-2009-shippable-qr,,True,,,102210fe594ee9b33d82058545b1ed14f4c8206e,,Base Content Explicit,True,Base Content Explicit opt fission,,77,bytes,,,1703302060,2023-05-29T12:07:53,10414080.000000011,7c43383b1e775c9ead2e179fad89b9d32c77ab93,1248216
autoland,4663319,4,bf38f69fee000115871578b15786525e82952421,windows11-64-2009-shippable-qr,,True,,,102210fe594ee9b33d82058545b1ed14f4c8206e,,Base Content Explicit,True,Base Content Explicit opt fission,,77,bytes,,,1703309422,2023-05-29T12:41:42,10403839.999999985,8c49ddd76ceea9cce53aaf9e608e7f7c9b23d94f,1248225
autoland,4663319,4,bf38f69fee000115871578b15786525e82952421,windows11-64-2009-shippable-qr,,True,,,102210fe594ee9b33d82058545b1ed14f4c8206e,,Base Content Explicit,True,Base Content Explicit opt fission,,77,bytes,,,1703234519,2023-05-29T13:34:49,10397696.000000015,fc5fe4c288f6b66527c3e44199ca2d8a6b8a11d8,1248241
autoland,4663319,4,bf38f69fee000115871578b15786525e82952421,windows11-64-2009-shippable-qr,,True,,,102210fe594ee9b33d82058545b1ed14f4c8206e,,Base Content Explicit,True,Base Content Explicit opt fission,,77,bytes,,,1703306500,2023-05-29T14:36:00,10414080.000000011,9865f9ad00a4be4ca189957186c8e453a69433cb,1248271
autoland,4663319,4,bf38f69fee000115871578b15786525e82952421,windows11-64-2009-shippable-qr,,True,,,102210fe594ee9b33d82058545b1ed14f4c8206e,,Base Content Explicit,True,Base Content Explicit opt fission,,77,bytes,,,1703307857,2023-05-29T14:42:50,10432512.000000019,863fae78db03c2bffe5d860a7ada23a66d3634ad,1248275
autoland,4663319,4,bf38f69fee000115871578b15786525e82952421,windows11-64-2009-shippable-qr,,True,,,102210fe594ee9b33d82058545b1ed14f4c8206e,,Base Content Explicit,True,Base Content Explicit opt fission,,77,bytes,,,1703311492,2023-05-29T15:08:21,10657791.999999998,8e03224a019c674d3b61c734ae819e8557cef17f,1248288
autoland,4663319,4,bf38f69fee000115871578b15786525e82952421,windows11-64-2009-shippable-qr,,True,,,102210fe594ee9b33d82058545b1ed14f4c8206e,,Base Content Explicit,True,Base Content Explicit opt fission,,77,bytes,,,1703311169,2023-05-29T15:13:34,10606592.000000007,934b572f87f75a1aa549ef81f2a8068b67d9db9a,1248290
autoland,4663319,4,bf38f69fee000115871578b15786525e82952421,windows11-64-2009-shippable-qr,,True,,,102210fe594ee9b33d82058545b1ed14f4c8206e,,Base Content Explicit,True,Base Content Explicit opt fission,,77,bytes,,,1703235591,2023-05-29T15:27:41,10620927.999999993,19b8e6404f2f1450a33bb8a0759eac2cc5b5c984,1248297
autoland,4663319,4,bf38f69fee000115871578b15786525e82952421,windows11-64-2009-shippable-qr,,True,,,102210fe594ee9b33d82058545b1ed14f4c8206e,,Base Content Explicit,True,Base Content Explicit opt fission,,77,bytes,,,1703308097,2023-05-29T15:28:37,10602495.999999994,01dffee0963acf860a88f0acacedec6b45003bcd,1248298
autoland,4663319,4,bf38f69fee000115871578b15786525e82952421,windows11-64-2009-shippable-qr,,True,,,102210fe594ee9b33d82058545b1ed14f4c8206e,,Base Content Explicit,True,Base Content Explicit opt fission,,77,bytes,,,1703307764,2023-05-29T15:35:58,10637312.000000002,79fb1520edea2a80a21d35c86ed08f90603260ba,1248301
autoland,4663319,4,bf38f69fee000115871578b15786525e82952421,windows11-64-2009-shippable-qr,,True,,,102210fe594ee9b33d82058545b1ed14f4c8206e,,Base Content Explicit,True,Base Content Explicit opt fission,,77,bytes,,,1703312337,2023-05-29T15:40:40,10614784.0,e95d47f885f841da513efcea5500ec20d9409395,1248303
autoland,4663319,4,bf38f69fee000115871578b15786525e82952421,windows11-64-2009-shippable-qr,,True,,,102210fe594ee9b33d82058545b1ed14f4c8206e,,Base Content Explicit,True,Base Content Explicit opt fission,,77,bytes,,,1702317528,2023-05-29T15:52:56,10596351.999999987,e1a08bab18008646938a96dfab802d2471fcadc1,1248305
autoland,4663319,4,bf38f69fee000115871578b15786525e82952421,windows11-64-2009-shippable-qr,,True,,,102210fe594ee9b33d82058545b1ed14f4c8206e,,Base Content Explicit,True,Base Content Explicit opt fission,,77,bytes,,,1702411341,2023-05-29T20:27:32,10698752.000000013,496eefc6bee2519ce93df561b640b582e869b964,1248440
autoland,4663319,4,bf38f69fee000115871578b15786525e82952421,windows11-64-2009-shippable-qr,,True,,,102210fe594ee9b33d82058545b1ed14f4c8206e,,Base Content Explicit,True,Base Content Explicit opt fission,,77,bytes,,,1702404311,2023-05-29T20:34:18,10612736.000000011,f7d3e204b0fb015cf0fb51a08403e22986a2ae52,1248445
autoland,4663319,4,bf38f69fee000115871578b15786525e82952421,windows11-64-2009-shippable-qr,,True,,,102210fe594ee9b33d82058545b1ed14f4c8206e,,Base Content Explicit,True,Base Content Explicit opt fission,,77,bytes,,,1702474637,2023-05-30T01:15:28,10604544.000000004,82442b2d56d94c600cca707dd62ab7a19d68bbd2,1248536
autoland,4663319,4,bf38f69fee000115871578b15786525e82952421,windows11-64-2009-shippable-qr,,True,,,102210fe594ee9b33d82058545b1ed14f4c8206e,,Base Content Explicit,True,Base Content Explicit opt fission,,77,bytes,,,1702578480,2023-05-30T06:58:06,10573824.000000013,23a3b1b5a2b78d86456189221e567423206bc00a,1248601
autoland,4663319,4,bf38f69fee000115871578b15786525e82952421,windows11-64-2009-shippable-qr,,True,,,102210fe594ee9b33d82058545b1ed14f4c8206e,,Base Content Explicit,True,Base Content Explicit opt fission,,77,bytes,,,1702595289,2023-05-30T07:49:46,10569728.00000001,64b2487b96b949b3c6a787dfd17210f9998fb42e,1248618
autoland,4663319,4,bf38f69fee000115871578b15786525e82952421,windows11-64-2009-shippable-qr,,True,,,102210fe594ee9b33d82058545b1ed14f4c8206e,,Base Content Explicit,True,Base Content Explicit opt fission,,77,bytes,,,1702738835,2023-05-30T12:05:20,10639359.999999993,121d4440186ece5c7acf444a8879a3818d54fef5,1248752
autoland,4663319,4,bf38f69fee000115871578b15786525e82952421,windows11-64-2009-shippable-qr,,True,,,102210fe594ee9b33d82058545b1ed14f4c8206e,,Base Content Explicit,True,Base Content Explicit opt fission,,77,bytes,,,1702813580,2023-05-30T15:20:14,10661887.999999983,8ddf44b47ed68e786f1ca69913136fe2ddd7f1d2,1248888
autoland,4663319,4,bf38f69fee000115871578b15786525e82952421,windows11-64-2009-shippable-qr,,True,,,102210fe594ee9b33d82058545b1ed14f4c8206e,,Base Content Explicit,True,Base Content Explicit opt fission,,77,bytes,,,1702898476,2023-05-30T19:20:55,10584064.000000004,361a866d206fd695b15823113863d449afb7c87d,1249050
autoland,4663319,4,bf38f69fee000115871578b15786525e82952421,windows11-64-2009-shippable-qr,,True,,,102210fe594ee9b33d82058545b1ed14f4c8206e,,Base Content Explicit,True,Base Content Explicit opt fission,,77,bytes,,,1702907035,2023-05-30T19:21:44,10610687.999999983,f9dad80c02c9517d8cb38311989dab88f1236015,1249051
autoland,4663319,4,bf38f69fee000115871578b15786525e82952421,windows11-64-2009-shippable-qr,,True,,,102210fe594ee9b33d82058545b1ed14f4c8206e,,Base Content Explicit,True,Base Content Explicit opt fission,,77,bytes,,,1703044722,2023-05-30T22:16:30,10614784.0,0ea1f0bff41ab8b0e92e4f35f3d6eaf801ad3fc0,1249172
autoland,4663319,4,bf38f69fee000115871578b15786525e82952421,windows11-64-2009-shippable-qr,,True,,,102210fe594ee9b33d82058545b1ed14f4c8206e,,Base Content Explicit,True,Base Content Explicit opt fission,,77,bytes,,,1703144340,2023-05-31T02:21:54,10600447.999999989,40997d8c121ee054ffe5df2c1a10d3a392f78c3c,1249255
autoland,4663319,4,bf38f69fee000115871578b15786525e82952421,windows11-64-2009-shippable-qr,,True,,,102210fe594ee9b33d82058545b1ed14f4c8206e,,Base Content Explicit,True,Base Content Explicit opt fission,,77,bytes,,,1703384816,2023-05-31T09:56:26,10643456.000000015,2317c21d7aeb68528ec7946980e7ca68d74c451a,1249439
autoland,4663319,4,bf38f69fee000115871578b15786525e82952421,windows11-64-2009-shippable-qr,,True,,,102210fe594ee9b33d82058545b1ed14f4c8206e,,Base Content Explicit,True,Base Content Explicit opt fission,,77,bytes,,,1703633962,2023-05-31T14:02:33,10670079.999999994,7d2ea0789fc8c8538febac2643670ed4a46de087,1249550
autoland,4663319,4,bf38f69fee000115871578b15786525e82952421,windows11-64-2009-shippable-qr,,True,,,102210fe594ee9b33d82058545b1ed14f4c8206e,,Base Content Explicit,True,Base Content Explicit opt fission,,77,bytes,,,1703740800,2023-05-31T15:08:35,10637312.000000002,513ac812d28fbd668a0b4216f4f52aef38b29501,1249582
autoland,4663319,4,bf38f69fee000115871578b15786525e82952421,windows11-64-2009-shippable-qr,,True,,,102210fe594ee9b33d82058545b1ed14f4c8206e,,Base Content Explicit,True,Base Content Explicit opt fission,,77,bytes,,,1703835600,2023-05-31T17:22:12,10616832.000000011,b1a1fe06a88b8bdb3f1c5564d12f6798261f34f8,1249712
autoland,4663319,4,bf38f69fee000115871578b15786525e82952421,windows11-64-2009-shippable-qr,,True,,,102210fe594ee9b33d82058545b1ed14f4c8206e,,Base Content Explicit,True,Base Content Explicit opt fission,,77,bytes,,,1703984875,2023-05-31T20:28:19,10639359.999999993,acd631722a01cb363c4967477af9f240d35cd218,1249881
autoland,4663319,4,bf38f69fee000115871578b15786525e82952421,windows11-64-2009-shippable-qr,,True,,,102210fe594ee9b33d82058545b1ed14f4c8206e,,Base Content Explicit,True,Base Content Explicit opt fission,,77,bytes,,,1704157202,2023-05-31T23:35:37,10631167.999999996,69cd9d943489100b8424cf1b19b0646cbc9c317c,1250055
autoland,4663319,4,bf38f69fee000115871578b15786525e82952421,windows11-64-2009-shippable-qr,,True,,,102210fe594ee9b33d82058545b1ed14f4c8206e,,Base Content Explicit,True,Base Content Explicit opt fission,,77,bytes,,,1704226031,2023-06-01T03:44:27,10651648.000000011,5d6127a9b7ed37774d6403efd4ee1ec813503592,1250134
autoland,4663319,4,bf38f69fee000115871578b15786525e82952421,windows11-64-2009-shippable-qr,,True,,,102210fe594ee9b33d82058545b1ed14f4c8206e,,Base Content Explicit,True,Base Content Explicit opt fission,,77,bytes,,,1706496745,2023-06-01T03:44:27,10629119.99999999,5d6127a9b7ed37774d6403efd4ee1ec813503592,1250134
autoland,4663319,4,bf38f69fee000115871578b15786525e82952421,windows11-64-2009-shippable-qr,,True,,,102210fe594ee9b33d82058545b1ed14f4c8206e,,Base Content Explicit,True,Base Content Explicit opt fission,,77,bytes,,,1706498236,2023-06-01T03:44:27,10633215.999999989,5d6127a9b7ed37774d6403efd4ee1ec813503592,1250134
autoland,4663319,4,bf38f69fee000115871578b15786525e82952421,windows11-64-2009-shippable-qr,,True,,,102210fe594ee9b33d82058545b1ed14f4c8206e,,Base Content Explicit,True,Base Content Explicit opt fission,,77,bytes,,,1706496707,2023-06-01T05:02:39,10590207.99999999,d2424a5b0234e668efcbf9e9be1c198579a93041,1250147
autoland,4663319,4,bf38f69fee000115871578b15786525e82952421,windows11-64-2009-shippable-qr,,True,,,102210fe594ee9b33d82058545b1ed14f4c8206e,,Base Content Explicit,True,Base Content Explicit opt fission,,77,bytes,,,1706498359,2023-06-01T05:02:39,10668032.000000017,d2424a5b0234e668efcbf9e9be1c198579a93041,1250147
autoland,4663319,4,bf38f69fee000115871578b15786525e82952421,windows11-64-2009-shippable-qr,,True,,,102210fe594ee9b33d82058545b1ed14f4c8206e,,Base Content Explicit,True,Base Content Explicit opt fission,,77,bytes,,,1706497770,2023-06-01T06:24:16,10471423.999999993,897932a8a73dbca4dd3c7f64629da580925cbffd,1250164
autoland,4663319,4,bf38f69fee000115871578b15786525e82952421,windows11-64-2009-shippable-qr,,True,,,102210fe594ee9b33d82058545b1ed14f4c8206e,,Base Content Explicit,True,Base Content Explicit opt fission,,77,bytes,,,1706499084,2023-06-01T06:24:16,10491904.000000015,897932a8a73dbca4dd3c7f64629da580925cbffd,1250164
autoland,4663319,4,bf38f69fee000115871578b15786525e82952421,windows11-64-2009-shippable-qr,,True,,,102210fe594ee9b33d82058545b1ed14f4c8206e,,Base Content Explicit,True,Base Content Explicit opt fission,,77,bytes,,,1706497456,2023-06-01T06:33:01,10504192.000000011,1b2f34c70570e622dbb0e0438c585d2b22f5980b,1250170
autoland,4663319,4,bf38f69fee000115871578b15786525e82952421,windows11-64-2009-shippable-qr,,True,,,102210fe594ee9b33d82058545b1ed14f4c8206e,,Base Content Explicit,True,Base Content Explicit opt fission,,77,bytes,,,1706499075,2023-06-01T06:33:01,10512384.000000004,1b2f34c70570e622dbb0e0438c585d2b22f5980b,1250170
autoland,4663319,4,bf38f69fee000115871578b15786525e82952421,windows11-64-2009-shippable-qr,,True,,,102210fe594ee9b33d82058545b1ed14f4c8206e,,Base Content Explicit,True,Base Content Explicit opt fission,,77,bytes,,,1706496663,2023-06-01T06:58:38,10528768.000000017,e228301b30694a08566d9b50c45eb18f18a36b4c,1250174
autoland,4663319,4,bf38f69fee000115871578b15786525e82952421,windows11-64-2009-shippable-qr,,True,,,102210fe594ee9b33d82058545b1ed14f4c8206e,,Base Content Explicit,True,Base Content Explicit opt fission,,77,bytes,,,1706499097,2023-06-01T06:58:38,10485759.999999993,e228301b30694a08566d9b50c45eb18f18a36b4c,1250174
autoland,4663319,4,bf38f69fee000115871578b15786525e82952421,windows11-64-2009-shippable-qr,,True,,,102210fe594ee9b33d82058545b1ed14f4c8206e,,Base Content Explicit,True,Base Content Explicit opt fission,,77,bytes,,,1706496762,2023-06-01T07:15:32,10506239.999999983,a5b7a8fa5f410c69abde0d75d111587d15621563,1250179
autoland,4663319,4,bf38f69fee000115871578b15786525e82952421,windows11-64-2009-shippable-qr,,True,,,102210fe594ee9b33d82058545b1ed14f4c8206e,,Base Content Explicit,True,Base Content Explicit opt fission,,77,bytes,,,1706499025,2023-06-01T07:15:32,10481663.999999998,a5b7a8fa5f410c69abde0d75d111587d15621563,1250179
autoland,4663319,4,bf38f69fee000115871578b15786525e82952421,windows11-64-2009-shippable-qr,,True,,,102210fe594ee9b33d82058545b1ed14f4c8206e,,Base Content Explicit,True,Base Content Explicit opt fission,,77,bytes,,,1706496677,2023-06-01T07:19:26,10461183.999999985,9e25deb0b839505e6189e57f8d5007396d0855f8,1250182
autoland,4663319,4,bf38f69fee000115871578b15786525e82952421,windows11-64-2009-shippable-qr,,True,,,102210fe594ee9b33d82058545b1ed14f4c8206e,,Base Content Explicit,True,Base Content Explicit opt fission,,77,bytes,,,1706498437,2023-06-01T07:19:26,10477568.000000015,9e25deb0b839505e6189e57f8d5007396d0855f8,1250182
autoland,4663319,4,bf38f69fee000115871578b15786525e82952421,windows11-64-2009-shippable-qr,,True,,,102210fe594ee9b33d82058545b1ed14f4c8206e,,Base Content Explicit,True,Base Content Explicit opt fission,,77,bytes,,,1706496795,2023-06-01T07:20:37,10489855.999999996,bbafcf23c9dd1f160b1433da167a8b527fb992a5,1250183
autoland,4663319,4,bf38f69fee000115871578b15786525e82952421,windows11-64-2009-shippable-qr,,True,,,102210fe594ee9b33d82058545b1ed14f4c8206e,,Base Content Explicit,True,Base Content Explicit opt fission,,77,bytes,,,1706498741,2023-06-01T07:20:37,10469375.999999993,bbafcf23c9dd1f160b1433da167a8b527fb992a5,1250183
autoland,4663319,4,bf38f69fee000115871578b15786525e82952421,windows11-64-2009-shippable-qr,,True,,,102210fe594ee9b33d82058545b1ed14f4c8206e,,Base Content Explicit,True,Base Content Explicit opt fission,,77,bytes,,,1706496718,2023-06-01T07:24:20,10428415.999999996,2f0238fa0a6b6167a7fbf5cbeb1803b579fdbe85,1250185
autoland,4663319,4,bf38f69fee000115871578b15786525e82952421,windows11-64-2009-shippable-qr,,True,,,102210fe594ee9b33d82058545b1ed14f4c8206e,,Base Content Explicit,True,Base Content Explicit opt fission,,77,bytes,,,1706498479,2023-06-01T07:24:20,10491904.000000015,2f0238fa0a6b6167a7fbf5cbeb1803b579fdbe85,1250185
autoland,4663319,4,bf38f69fee000115871578b15786525e82952421,windows11-64-2009-shippable-qr,,True,,,102210fe594ee9b33d82058545b1ed14f4c8206e,,Base Content Explicit,True,Base Content Explicit opt fission,,77,bytes,,,1706496698,2023-06-01T07:40:17,10459136.000000015,c5ae42014f4b06c37cec7a4b6ec87f4e29d779de,1250189
autoland,4663319,4,bf38f69fee000115871578b15786525e82952421,windows11-64-2009-shippable-qr,,True,,,102210fe594ee9b33d82058545b1ed14f4c8206e,,Base Content Explicit,True,Base Content Explicit opt fission,,77,bytes,,,1706499041,2023-06-01T07:40:17,10592255.999999993,c5ae42014f4b06c37cec7a4b6ec87f4e29d779de,1250189
autoland,4663319,4,bf38f69fee000115871578b15786525e82952421,windows11-64-2009-shippable-qr,,True,,,102210fe594ee9b33d82058545b1ed14f4c8206e,,Base Content Explicit,True,Base Content Explicit opt fission,,77,bytes,,,1704357919,2023-06-01T08:18:01,10461183.999999985,310a02cb1216c0fafadcbc049aac0875871eab96,1250206
autoland,4663319,4,bf38f69fee000115871578b15786525e82952421,windows11-64-2009-shippable-qr,,True,,,102210fe594ee9b33d82058545b1ed14f4c8206e,,Base Content Explicit,True,Base Content Explicit opt fission,,77,bytes,,,1704384794,2023-06-01T09:51:53,10500096.000000011,3ee1184f75ef01c3b8b3acb826d84a189cac75ce,1250243
autoland,4663319,4,bf38f69fee000115871578b15786525e82952421,windows11-64-2009-shippable-qr,,True,,,102210fe594ee9b33d82058545b1ed14f4c8206e,,Base Content Explicit,True,Base Content Explicit opt fission,,77,bytes,,,1704591791,2023-06-01T13:54:39,10491904.000000015,01e7e891e3d0793f8a185fe99b6f8cc9c6ffa74e,1250379
autoland,4663319,4,bf38f69fee000115871578b15786525e82952421,windows11-64-2009-shippable-qr,,True,,,102210fe594ee9b33d82058545b1ed14f4c8206e,,Base Content Explicit,True,Base Content Explicit opt fission,,77,bytes,,,1704815921,2023-06-01T19:53:44,10483711.999999996,ae0f513f1d25aef3f79ad009b5f2dd7407536827,1250634
autoland,4663319,4,bf38f69fee000115871578b15786525e82952421,windows11-64-2009-shippable-qr,,True,,,102210fe594ee9b33d82058545b1ed14f4c8206e,,Base Content Explicit,True,Base Content Explicit opt fission,,77,bytes,,,1704836534,2023-06-01T21:35:55,10506239.999999983,9718fca142ae7765c8ca6c3616fab6e303225556,1250675
autoland,4663319,4,bf38f69fee000115871578b15786525e82952421,windows11-64-2009-shippable-qr,,True,,,102210fe594ee9b33d82058545b1ed14f4c8206e,,Base Content Explicit,True,Base Content Explicit opt fission,,77,bytes,,,1704918386,2023-06-02T02:04:00,10432512.000000019,c365694efc9c7ac4c2c010f9dc97afb7c80107ee,1250783
autoland,4663319,4,bf38f69fee000115871578b15786525e82952421,windows11-64-2009-shippable-qr,,True,,,102210fe594ee9b33d82058545b1ed14f4c8206e,,Base Content Explicit,True,Base Content Explicit opt fission,,77,bytes,,,1705138332,2023-06-02T12:19:13,10436608.000000011,5d642eb9394b5f5e9e9f0a4b6be492055e341e31,1250979
autoland,4663319,4,bf38f69fee000115871578b15786525e82952421,windows11-64-2009-shippable-qr,,True,,,102210fe594ee9b33d82058545b1ed14f4c8206e,,Base Content Explicit,True,Base Content Explicit opt fission,,77,bytes,,,1705181188,2023-06-02T13:27:34,10414080.000000011,e2c71d0ed1e8bb2b9752f78b13c31171d5dde3a9,1251019
autoland,4663319,4,bf38f69fee000115871578b15786525e82952421,windows11-64-2009-shippable-qr,,True,,,102210fe594ee9b33d82058545b1ed14f4c8206e,,Base Content Explicit,True,Base Content Explicit opt fission,,77,bytes,,,1705292838,2023-06-02T17:59:13,10463232.000000015,ad7e9e56836f2bd7e0668d322719f548e825a685,1251185
autoland,4663319,4,bf38f69fee000115871578b15786525e82952421,windows11-64-2009-shippable-qr,,True,,,102210fe594ee9b33d82058545b1ed14f4c8206e,,Base Content Explicit,True,Base Content Explicit opt fission,,77,bytes,,,1705291855,2023-06-02T18:03:52,10475520.000000007,8c3b1c60fde747fcb4e3421062a37b829d6acb9f,1251187
autoland,4663319,4,bf38f69fee000115871578b15786525e82952421,windows11-64-2009-shippable-qr,,True,,,102210fe594ee9b33d82058545b1ed14f4c8206e,,Base Content Explicit,True,Base Content Explicit opt fission,,77,bytes,,,1705377428,2023-06-02T22:18:32,10446848.000000017,b9f63a24bc677e4c6a1f9bc801c2e3bf44dbd6e8,1251308
autoland,4663319,4,bf38f69fee000115871578b15786525e82952421,windows11-64-2009-shippable-qr,,True,,,102210fe594ee9b33d82058545b1ed14f4c8206e,,Base Content Explicit,True,Base Content Explicit opt fission,,77,bytes,,,1705435376,2023-06-03T05:40:17,10455040.0,64bce9d136ae9b4bd5482515721d6daf2da53dc3,1251358
autoland,4663319,4,bf38f69fee000115871578b15786525e82952421,windows11-64-2009-shippable-qr,,True,,,102210fe594ee9b33d82058545b1ed14f4c8206e,,Base Content Explicit,True,Base Content Explicit opt fission,,77,bytes,,,1705515083,2023-06-03T14:24:38,10409984.000000015,7bc8c25b2935765c57adc63333c221bbe5067831,1251409
autoland,4663319,4,bf38f69fee000115871578b15786525e82952421,windows11-64-2009-shippable-qr,,True,,,102210fe594ee9b33d82058545b1ed14f4c8206e,,Base Content Explicit,True,Base Content Explicit opt fission,,77,bytes,,,1705583700,2023-06-03T23:39:13,10444799.999999981,b8f06acca6bf62e32647496ed613012fa4c27e9e,1251453
autoland,4663319,4,bf38f69fee000115871578b15786525e82952421,windows11-64-2009-shippable-qr,,True,,,102210fe594ee9b33d82058545b1ed14f4c8206e,,Base Content Explicit,True,Base Content Explicit opt fission,,77,bytes,,,1705667310,2023-06-04T11:53:44,10418175.999999983,00802389f336283602445d4f08e53b8bd09b43eb,1251481
autoland,4663319,4,bf38f69fee000115871578b15786525e82952421,windows11-64-2009-shippable-qr,,True,,,102210fe594ee9b33d82058545b1ed14f4c8206e,,Base Content Explicit,True,Base Content Explicit opt fission,,77,bytes,,,1705702092,2023-06-04T20:28:08,10442752.000000006,eeba3a3c20a4dc53210a44734b25d2c0870b6523,1251514
autoland,4663319,4,bf38f69fee000115871578b15786525e82952421,windows11-64-2009-shippable-qr,,True,,,102210fe594ee9b33d82058545b1ed14f4c8206e,,Base Content Explicit,True,Base Content Explicit opt fission,,77,bytes,,,1705747089,2023-06-05T03:24:10,10455040.0,f8fa7749f7bdc93fa3491918a4e8b0fb4db659eb,1251552
autoland,4663319,4,bf38f69fee000115871578b15786525e82952421,windows11-64-2009-shippable-qr,,True,,,102210fe594ee9b33d82058545b1ed14f4c8206e,,Base Content Explicit,True,Base Content Explicit opt fission,,77,bytes,,,1705800701,2023-06-05T08:05:57,10463232.000000015,61d4558543daf8b284b3194aba84289d6e31ad2f,1251588
autoland,4663319,4,bf38f69fee000115871578b15786525e82952421,windows11-64-2009-shippable-qr,,True,,,102210fe594ee9b33d82058545b1ed14f4c8206e,,Base Content Explicit,True,Base Content Explicit opt fission,,77,bytes,,,1705893229,2023-06-05T12:01:26,10477568.000000015,00af548d93acc8c2c3ab652a04c882e3a80476a9,1251712
autoland,4663319,4,bf38f69fee000115871578b15786525e82952421,windows11-64-2009-shippable-qr,,True,,,102210fe594ee9b33d82058545b1ed14f4c8206e,,Base Content Explicit,True,Base Content Explicit opt fission,,77,bytes,,,1706032062,2023-06-05T16:13:31,10455040.0,c8df8c0bde6047b8fe23c9716940cbc1c07c2a65,1251888
autoland,4663319,4,bf38f69fee000115871578b15786525e82952421,windows11-64-2009-shippable-qr,,True,,,102210fe594ee9b33d82058545b1ed14f4c8206e,,Base Content Explicit,True,Base Content Explicit opt fission,,77,bytes,,,1706053391,2023-06-05T16:43:43,10407936.00000001,03d635b2bdb2041550924e64dc0dd20abf4499f9,1251915
autoland,4663319,4,bf38f69fee000115871578b15786525e82952421,windows11-64-2009-shippable-qr,,True,,,102210fe594ee9b33d82058545b1ed14f4c8206e,,Base Content Explicit,True,Base Content Explicit opt fission,,77,bytes,,,1706172494,2023-06-05T20:14:05,10465280.000000002,d73c2643092115d9b5859c16e121e421656264bc,1252060
autoland,4663319,4,bf38f69fee000115871578b15786525e82952421,windows11-64-2009-shippable-qr,,True,,,102210fe594ee9b33d82058545b1ed14f4c8206e,,Base Content Explicit,True,Base Content Explicit opt fission,,77,bytes,,,1706249148,2023-06-05T22:25:10,10416127.999999998,3a79e9a1c11da81af50cfb6e535537b5e8e7ce9f,1252165
autoland,4663319,4,bf38f69fee000115871578b15786525e82952421,windows11-64-2009-shippable-qr,,True,,,102210fe594ee9b33d82058545b1ed14f4c8206e,,Base Content Explicit,True,Base Content Explicit opt fission,,77,bytes,,,1706424707,2023-06-06T07:45:19,10403839.999999985,7974ac7e053aa00b02c6b9405b4fe87e6729456d,1252336
autoland,4663319,4,bf38f69fee000115871578b15786525e82952421,windows11-64-2009-shippable-qr,,True,,,102210fe594ee9b33d82058545b1ed14f4c8206e,,Base Content Explicit,True,Base Content Explicit opt fission,,77,bytes,,,1706620255,2023-06-06T12:19:14,10430464.000000011,847d7aa42cbef71e48427dda557da27be7b8a938,1252475
autoland,4663319,4,bf38f69fee000115871578b15786525e82952421,windows11-64-2009-shippable-qr,,True,,,102210fe594ee9b33d82058545b1ed14f4c8206e,,Base Content Explicit,True,Base Content Explicit opt fission,,77,bytes,,,1706702377,2023-06-06T15:07:26,10450944.000000013,51ecbed77cf45640a921f61934b70efadfb58982,1252589
autoland,4663319,4,bf38f69fee000115871578b15786525e82952421,windows11-64-2009-shippable-qr,,True,,,102210fe594ee9b33d82058545b1ed14f4c8206e,,Base Content Explicit,True,Base Content Explicit opt fission,,77,bytes,,,1706861960,2023-06-06T19:22:50,10393600.000000002,3e7d709ab2a3a86ff58f4406faa05e738ca49ec9,1252721
autoland,4663319,4,bf38f69fee000115871578b15786525e82952421,windows11-64-2009-shippable-qr,,True,,,102210fe594ee9b33d82058545b1ed14f4c8206e,,Base Content Explicit,True,Base Content Explicit opt fission,,77,bytes,,,1706876247,2023-06-06T19:49:29,10457088.0,9a56830b39f8d6802cef3772f81535d5f7bd475c,1252741
autoland,4663319,4,bf38f69fee000115871578b15786525e82952421,windows11-64-2009-shippable-qr,,True,,,102210fe594ee9b33d82058545b1ed14f4c8206e,,Base Content Explicit,True,Base Content Explicit opt fission,,77,bytes,,,1706967053,2023-06-06T22:47:19,10510336.000000013,3a8e0dd854b5d9349d96a17de81427442d412db9,1252831
autoland,4663319,4,bf38f69fee000115871578b15786525e82952421,windows11-64-2009-shippable-qr,,True,,,102210fe594ee9b33d82058545b1ed14f4c8206e,,Base Content Explicit,True,Base Content Explicit opt fission,,77,bytes,,,1707056606,2023-06-07T02:52:45,10434560.000000013,714383968fdbbcb6ef5ff4fc599e11ae386d09ce,1252906
autoland,4663319,4,bf38f69fee000115871578b15786525e82952421,windows11-64-2009-shippable-qr,,True,,,102210fe594ee9b33d82058545b1ed14f4c8206e,,Base Content Explicit,True,Base Content Explicit opt fission,,77,bytes,,,1707195611,2023-06-07T06:55:53,10455040.0,29928f29c7a08d81bf5a480f4678c4c90b0abc68,1252967
autoland,4663319,4,bf38f69fee000115871578b15786525e82952421,windows11-64-2009-shippable-qr,,True,,,102210fe594ee9b33d82058545b1ed14f4c8206e,,Base Content Explicit,True,Base Content Explicit opt fission,,77,bytes,,,1707300509,2023-06-07T11:44:03,10457088.0,5c2039dcc9e34d981b3343ed3819d1f65ef07909,1253076
autoland,4663319,4,bf38f69fee000115871578b15786525e82952421,windows11-64-2009-shippable-qr,,True,,,102210fe594ee9b33d82058545b1ed14f4c8206e,,Base Content Explicit,True,Base Content Explicit opt fission,,77,bytes,,,1707345624,2023-06-07T13:36:12,10512384.000000004,ed7804ffc016687db27f68ab46e27c0ffefda3af,1253119
autoland,4663319,4,bf38f69fee000115871578b15786525e82952421,windows11-64-2009-shippable-qr,,True,,,102210fe594ee9b33d82058545b1ed14f4c8206e,,Base Content Explicit,True,Base Content Explicit opt fission,,77,bytes,,,1707441225,2023-06-07T16:40:09,10524671.999999993,1e9ddd307894fd2055ca49dcaa461478d0acea9e,1253256
autoland,4663319,4,bf38f69fee000115871578b15786525e82952421,windows11-64-2009-shippable-qr,,True,,,102210fe594ee9b33d82058545b1ed14f4c8206e,,Base Content Explicit,True,Base Content Explicit opt fission,,77,bytes,,,1707610921,2023-06-07T20:51:47,10541056.000000015,d777b008615418be897668f8099b9e68f6666a3c,1253401
autoland,4663319,4,bf38f69fee000115871578b15786525e82952421,windows11-64-2009-shippable-qr,,True,,,102210fe594ee9b33d82058545b1ed14f4c8206e,,Base Content Explicit,True,Base Content Explicit opt fission,,77,bytes,,,1707642817,2023-06-07T22:54:42,10465280.000000002,c18688c9011d0dc50b79d2f830dbf323c8c75604,1253472
autoland,4663319,4,bf38f69fee000115871578b15786525e82952421,windows11-64-2009-shippable-qr,,True,,,102210fe594ee9b33d82058545b1ed14f4c8206e,,Base Content Explicit,True,Base Content Explicit opt fission,,77,bytes,,,1707755245,2023-06-08T03:47:09,10500096.000000011,2b2fb0c1bd13f27bbd5094192791600a5e261c4b,1253596
autoland,4663319,4,bf38f69fee000115871578b15786525e82952421,windows11-64-2009-shippable-qr,,True,,,102210fe594ee9b33d82058545b1ed14f4c8206e,,Base Content Explicit,True,Base Content Explicit opt fission,,77,bytes,,,1707838488,2023-06-08T06:27:32,10500096.000000011,d588d40904f7880592d27c083cb64d31864340cb,1253626
autoland,4663319,4,bf38f69fee000115871578b15786525e82952421,windows11-64-2009-shippable-qr,,True,,,102210fe594ee9b33d82058545b1ed14f4c8206e,,Base Content Explicit,True,Base Content Explicit opt fission,,77,bytes,,,1707993262,2023-06-08T10:57:22,10465280.000000002,a86d5a3f177d480362c07a9ed34166ae41840ab6,1253788
autoland,4663319,4,bf38f69fee000115871578b15786525e82952421,windows11-64-2009-shippable-qr,,True,,,102210fe594ee9b33d82058545b1ed14f4c8206e,,Base Content Explicit,True,Base Content Explicit opt fission,,77,bytes,,,1708150897,2023-06-08T15:05:55,10471423.999999993,581d6b2a5146b01bfc5a4a599127e2e794918f78,1253951
autoland,4663319,4,bf38f69fee000115871578b15786525e82952421,windows11-64-2009-shippable-qr,,True,,,102210fe594ee9b33d82058545b1ed14f4c8206e,,Base Content Explicit,True,Base Content Explicit opt fission,,77,bytes,,,1708147283,2023-06-08T15:14:50,10500096.000000011,954d7d588e595404fbe8f79a002de1a32f4175fc,1253958
autoland,4663319,4,bf38f69fee000115871578b15786525e82952421,windows11-64-2009-shippable-qr,,True,,,102210fe594ee9b33d82058545b1ed14f4c8206e,,Base Content Explicit,True,Base Content Explicit opt fission,,77,bytes,,,1708319587,2023-06-08T21:44:04,10491904.000000015,c7b3905a77fb83c75344dddb5646c5c7f5d16714,1254265
autoland,4663319,4,bf38f69fee000115871578b15786525e82952421,windows11-64-2009-shippable-qr,,True,,,102210fe594ee9b33d82058545b1ed14f4c8206e,,Base Content Explicit,True,Base Content Explicit opt fission,,77,bytes,,,1708437081,2023-06-09T02:20:20,10332159.999999998,d18ffb52540958c2b12d76b4a392e12df3bc4280,1254350
autoland,4663319,4,bf38f69fee000115871578b15786525e82952421,windows11-64-2009-shippable-qr,,True,,,102210fe594ee9b33d82058545b1ed14f4c8206e,,Base Content Explicit,True,Base Content Explicit opt fission,,77,bytes,,,1708498721,2023-06-09T06:38:52,10405888.000000007,e76a7e9393add417bcf6a33d7e0c71909cc3c6d9,1254404
autoland,4663319,4,bf38f69fee000115871578b15786525e82952421,windows11-64-2009-shippable-qr,,True,,,102210fe594ee9b33d82058545b1ed14f4c8206e,,Base Content Explicit,True,Base Content Explicit opt fission,,77,bytes,,,1708525532,2023-06-09T08:40:41,10401792.000000015,6453bd709950f540a9b961069fe05277eec38c4e,1254469
autoland,4663319,4,bf38f69fee000115871578b15786525e82952421,windows11-64-2009-shippable-qr,,True,,,102210fe594ee9b33d82058545b1ed14f4c8206e,,Base Content Explicit,True,Base Content Explicit opt fission,,77,bytes,,,1708678962,2023-06-09T13:23:42,10493952.000000019,7467d3da5f29eddf7cf135a00cef8cf87b5c6911,1254611
autoland,4663319,4,bf38f69fee000115871578b15786525e82952421,windows11-64-2009-shippable-qr,,True,,,102210fe594ee9b33d82058545b1ed14f4c8206e,,Base Content Explicit,True,Base Content Explicit opt fission,,77,bytes,,,1708863668,2023-06-09T18:12:56,10452991.999999983,439e88bdf46b8545bcf3fbf4d1cac9bf084df91d,1254830
autoland,4663319,4,bf38f69fee000115871578b15786525e82952421,windows11-64-2009-shippable-qr,,True,,,102210fe594ee9b33d82058545b1ed14f4c8206e,,Base Content Explicit,True,Base Content Explicit opt fission,,77,bytes,,,1708889855,2023-06-09T19:52:31,10403839.999999985,14c10deaa83992232930103150b2cb2351a623a5,1254912
autoland,4663319,4,bf38f69fee000115871578b15786525e82952421,windows11-64-2009-shippable-qr,,True,,,102210fe594ee9b33d82058545b1ed14f4c8206e,,Base Content Explicit,True,Base Content Explicit opt fission,,77,bytes,,,1709013019,2023-06-10T01:55:58,10463232.000000015,463e881a627c52313496a136abc6c038a4b92af6,1255101
autoland,4663319,4,bf38f69fee000115871578b15786525e82952421,windows11-64-2009-shippable-qr,,True,,,102210fe594ee9b33d82058545b1ed14f4c8206e,,Base Content Explicit,True,Base Content Explicit opt fission,,77,bytes,,,1709159696,2023-06-10T13:36:02,10469375.999999993,9c9d29101b3d0533b84b4e75dc06e89fcad3d31a,1255207
autoland,4663319,4,bf38f69fee000115871578b15786525e82952421,windows11-64-2009-shippable-qr,,True,,,102210fe594ee9b33d82058545b1ed14f4c8206e,,Base Content Explicit,True,Base Content Explicit opt fission,,77,bytes,,,1709214867,2023-06-10T18:37:05,10530816.000000017,879c6932bb49782e5edfdbe48e93d997a2646d84,1255264
autoland,4663319,4,bf38f69fee000115871578b15786525e82952421,windows11-64-2009-shippable-qr,,True,,,102210fe594ee9b33d82058545b1ed14f4c8206e,,Base Content Explicit,True,Base Content Explicit opt fission,,77,bytes,,,1709254266,2023-06-10T20:39:30,10407936.00000001,711b87deb431206775bf67c5b0d04ace33eb3660,1255276
autoland,4663319,4,bf38f69fee000115871578b15786525e82952421,windows11-64-2009-shippable-qr,,True,,,102210fe594ee9b33d82058545b1ed14f4c8206e,,Base Content Explicit,True,Base Content Explicit opt fission,,77,bytes,,,1709458968,2023-06-11T14:35:35,10577919.999999993,3904ff924b73ed2df5a530453ab025bb1c2fdf90,1255360
autoland,4663319,4,bf38f69fee000115871578b15786525e82952421,windows11-64-2009-shippable-qr,,True,,,102210fe594ee9b33d82058545b1ed14f4c8206e,,Base Content Explicit,True,Base Content Explicit opt fission,,77,bytes,,,1709531751,2023-06-11T19:10:58,10440703.999999983,af0665af954105365927736b6a65c4d28533bc4d,1255387
autoland,4663319,4,bf38f69fee000115871578b15786525e82952421,windows11-64-2009-shippable-qr,,True,,,102210fe594ee9b33d82058545b1ed14f4c8206e,,Base Content Explicit,True,Base Content Explicit opt fission,,77,bytes,,,1709598036,2023-06-12T00:14:44,10450944.000000013,c73c9ac3fe19822fcf08c5bd0bc112056008b4da,1255422
autoland,4663319,4,bf38f69fee000115871578b15786525e82952421,windows11-64-2009-shippable-qr,,True,,,102210fe594ee9b33d82058545b1ed14f4c8206e,,Base Content Explicit,True,Base Content Explicit opt fission,,77,bytes,,,1709649028,2023-06-12T04:46:29,10471423.999999993,25564434f810ceea8a17b730bd5498b0ca9856c4,1255461
autoland,4663319,4,bf38f69fee000115871578b15786525e82952421,windows11-64-2009-shippable-qr,,True,,,102210fe594ee9b33d82058545b1ed14f4c8206e,,Base Content Explicit,True,Base Content Explicit opt fission,,77,bytes,,,1709735173,2023-06-12T09:00:15,10500096.000000011,6c51face7335165a532e8f6b035a975ced1be55c,1255535
autoland,4663319,4,bf38f69fee000115871578b15786525e82952421,windows11-64-2009-shippable-qr,,True,,,102210fe594ee9b33d82058545b1ed14f4c8206e,,Base Content Explicit,True,Base Content Explicit opt fission,,77,bytes,,,1709753783,2023-06-12T09:27:15,10426367.999999998,1dc3aecfed3a924c48ee323c36ee1e783f836dd7,1255558
autoland,4663319,4,bf38f69fee000115871578b15786525e82952421,windows11-64-2009-shippable-qr,,True,,,102210fe594ee9b33d82058545b1ed14f4c8206e,,Base Content Explicit,True,Base Content Explicit opt fission,,77,bytes,,,1709985950,2023-06-12T14:14:19,10395648.000000002,ee618a493ff9c25c0ecb9dc6087a6179874541da,1255741
autoland,4663319,4,bf38f69fee000115871578b15786525e82952421,windows11-64-2009-shippable-qr,,True,,,102210fe594ee9b33d82058545b1ed14f4c8206e,,Base Content Explicit,True,Base Content Explicit opt fission,,77,bytes,,,1710051606,2023-06-12T17:28:50,10416127.999999998,53b4b785ae2a7f70257069e77b138fe36b53698a,1255840
autoland,4663319,4,bf38f69fee000115871578b15786525e82952421,windows11-64-2009-shippable-qr,,True,,,102210fe594ee9b33d82058545b1ed14f4c8206e,,Base Content Explicit,True,Base Content Explicit opt fission,,77,bytes,,,1710152598,2023-06-12T21:22:21,10397696.000000015,eff1078e2398a9021cd61a20eff8062a582128e2,1256012
autoland,4663319,4,bf38f69fee000115871578b15786525e82952421,windows11-64-2009-shippable-qr,,True,,,102210fe594ee9b33d82058545b1ed14f4c8206e,,Base Content Explicit,True,Base Content Explicit opt fission,,77,bytes,,,1710265150,2023-06-13T02:32:41,10440703.999999983,2bdaa9d6ac390362734ba199115ca10186243e87,1256169
autoland,4663319,4,bf38f69fee000115871578b15786525e82952421,windows11-64-2009-shippable-qr,,True,,,102210fe594ee9b33d82058545b1ed14f4c8206e,,Base Content Explicit,True,Base Content Explicit opt fission,,77,bytes,,,1710346141,2023-06-13T05:20:45,10420224.000000015,1a37acad51201ba77a18b0951d3a93bc8c9eebf7,1256212
autoland,4663319,4,bf38f69fee000115871578b15786525e82952421,windows11-64-2009-shippable-qr,,True,,,102210fe594ee9b33d82058545b1ed14f4c8206e,,Base Content Explicit,True,Base Content Explicit opt fission,,77,bytes,,,1710402315,2023-06-13T09:27:30,10377216.0,c7b5ae0c3e2d58a11af3dbe818dd67837d0ff44a,1256328
autoland,4663319,4,bf38f69fee000115871578b15786525e82952421,windows11-64-2009-shippable-qr,,True,,,102210fe594ee9b33d82058545b1ed14f4c8206e,,Base Content Explicit,True,Base Content Explicit opt fission,,77,bytes,,,1710425980,2023-06-13T10:02:00,10475520.000000007,2b9574ef0cc196618dae379b79b53958470216b3,1256346
autoland,4663319,4,bf38f69fee000115871578b15786525e82952421,windows11-64-2009-shippable-qr,,True,,,102210fe594ee9b33d82058545b1ed14f4c8206e,,Base Content Explicit,True,Base Content Explicit opt fission,,77,bytes,,,1710535021,2023-06-13T13:01:33,10452991.999999983,8cd7aee6cae85ce9804794d4a45bc2f34aa04b66,1256450
autoland,4663319,4,bf38f69fee000115871578b15786525e82952421,windows11-64-2009-shippable-qr,,True,,,102210fe594ee9b33d82058545b1ed14f4c8206e,,Base Content Explicit,True,Base Content Explicit opt fission,,77,bytes,,,1710633322,2023-06-13T16:01:20,10452991.999999983,93520e8ffd9617b46d026ea530fde0169def3a80,1256570
autoland,4663319,4,bf38f69fee000115871578b15786525e82952421,windows11-64-2009-shippable-qr,,True,,,102210fe594ee9b33d82058545b1ed14f4c8206e,,Base Content Explicit,True,Base Content Explicit opt fission,,77,bytes,,,1710731210,2023-06-13T18:36:15,10459136.000000015,2d8fa86b279358b19ca794787248a9600c86ef5a,1256676
autoland,4663319,4,bf38f69fee000115871578b15786525e82952421,windows11-64-2009-shippable-qr,,True,,,102210fe594ee9b33d82058545b1ed14f4c8206e,,Base Content Explicit,True,Base Content Explicit opt fission,,77,bytes,,,1710838048,2023-06-13T22:49:33,10491904.000000015,0e2078b102ffd940ea83c3a5a8b1a176bdd3a8fb,1256827
autoland,4663319,4,bf38f69fee000115871578b15786525e82952421,windows11-64-2009-shippable-qr,,True,,,102210fe594ee9b33d82058545b1ed14f4c8206e,,Base Content Explicit,True,Base Content Explicit opt fission,,77,bytes,,,1710877535,2023-06-14T00:25:00,10452991.999999983,4c6c30b03e25cbd9d4dfc96f082e8cf241f51109,1256858
autoland,4663319,4,bf38f69fee000115871578b15786525e82952421,windows11-64-2009-shippable-qr,,True,,,102210fe594ee9b33d82058545b1ed14f4c8206e,,Base Content Explicit,True,Base Content Explicit opt fission,,77,bytes,,,1710968392,2023-06-14T05:14:15,10403839.999999985,b9e3497b939c3bdfee632c7297184b79cfeec9cc,1256948
autoland,4663319,4,bf38f69fee000115871578b15786525e82952421,windows11-64-2009-shippable-qr,,True,,,102210fe594ee9b33d82058545b1ed14f4c8206e,,Base Content Explicit,True,Base Content Explicit opt fission,,77,bytes,,,1711065153,2023-06-14T11:48:24,10442752.000000006,c6fa16c28b26a19d81b8853153057f32cec6f2fd,1257091
autoland,4663319,4,bf38f69fee000115871578b15786525e82952421,windows11-64-2009-shippable-qr,,True,,,102210fe594ee9b33d82058545b1ed14f4c8206e,,Base Content Explicit,True,Base Content Explicit opt fission,,77,bytes,,,1711156031,2023-06-14T13:20:02,10479615.999999998,928a5d849e038bf4277f06519f8f7ab3c94cc7ff,1257127
autoland,4663319,4,bf38f69fee000115871578b15786525e82952421,windows11-64-2009-shippable-qr,,True,,,102210fe594ee9b33d82058545b1ed14f4c8206e,,Base Content Explicit,True,Base Content Explicit opt fission,,77,bytes,,,1711334767,2023-06-14T17:41:50,10436608.000000011,933dd3c3e1c8beb677df8e4d51b1e99b41599f65,1257281
autoland,4663319,4,bf38f69fee000115871578b15786525e82952421,windows11-64-2009-shippable-qr,,True,,,102210fe594ee9b33d82058545b1ed14f4c8206e,,Base Content Explicit,True,Base Content Explicit opt fission,,77,bytes,,,1711350810,2023-06-14T18:25:51,10450944.000000013,d730841eed9459e5541190a9525313fb1ff98e75,1257330
autoland,4663319,4,bf38f69fee000115871578b15786525e82952421,windows11-64-2009-shippable-qr,,True,,,102210fe594ee9b33d82058545b1ed14f4c8206e,,Base Content Explicit,True,Base Content Explicit opt fission,,77,bytes,,,1711453508,2023-06-14T20:09:05,10424319.999999981,ff79aa6f7ba8605e7ea59acddd521284f75136e4,1257422
autoland,4663319,4,bf38f69fee000115871578b15786525e82952421,windows11-64-2009-shippable-qr,,True,,,102210fe594ee9b33d82058545b1ed14f4c8206e,,Base Content Explicit,True,Base Content Explicit opt fission,,77,bytes,,,1711486737,2023-06-14T21:46:45,10471423.999999993,4b1c6fc1fc0f3e664d546c4bf5c24f0c157bc2c5,1257512
autoland,4663319,4,bf38f69fee000115871578b15786525e82952421,windows11-64-2009-shippable-qr,,True,,,102210fe594ee9b33d82058545b1ed14f4c8206e,,Base Content Explicit,True,Base Content Explicit opt fission,,77,bytes,,,1711633102,2023-06-15T01:50:09,10526720.000000017,53e8e97bbe4e0c8fc4deff56e5b8d03391c0c023,1257663
autoland,4663319,4,bf38f69fee000115871578b15786525e82952421,windows11-64-2009-shippable-qr,,True,,,102210fe594ee9b33d82058545b1ed14f4c8206e,,Base Content Explicit,True,Base Content Explicit opt fission,,77,bytes,,,1711669024,2023-06-15T02:43:47,10461183.999999985,abf8f424d2d09f957d7ecd02af086a9b7adde3f8,1257688
autoland,4663319,4,bf38f69fee000115871578b15786525e82952421,windows11-64-2009-shippable-qr,,True,,,102210fe594ee9b33d82058545b1ed14f4c8206e,,Base Content Explicit,True,Base Content Explicit opt fission,,77,bytes,,,1711742835,2023-06-15T06:54:30,10471423.999999993,900ba46a6df5d5b6dde0d5de391246157de49c8a,1257783
autoland,4663319,4,bf38f69fee000115871578b15786525e82952421,windows11-64-2009-shippable-qr,,True,,,102210fe594ee9b33d82058545b1ed14f4c8206e,,Base Content Explicit,True,Base Content Explicit opt fission,,77,bytes,,,1711825109,2023-06-15T10:33:37,10395648.000000002,86864bda9b5f7077819eb76b661bcefb89fd19fa,1257909
autoland,4663319,4,bf38f69fee000115871578b15786525e82952421,windows11-64-2009-shippable-qr,,True,,,102210fe594ee9b33d82058545b1ed14f4c8206e,,Base Content Explicit,True,Base Content Explicit opt fission,,77,bytes,,,1711956222,2023-06-15T14:40:40,10481663.999999998,02d601db620c1b64867202e025ce19938938a04f,1258053
autoland,4663319,4,bf38f69fee000115871578b15786525e82952421,windows11-64-2009-shippable-qr,,True,,,102210fe594ee9b33d82058545b1ed14f4c8206e,,Base Content Explicit,True,Base Content Explicit opt fission,,77,bytes,,,1711976448,2023-06-15T14:52:05,10463232.000000015,c71789b596556b921a7d6ce12b4102f252631c4b,1258066
autoland,4663319,4,bf38f69fee000115871578b15786525e82952421,windows11-64-2009-shippable-qr,,True,,,102210fe594ee9b33d82058545b1ed14f4c8206e,,Base Content Explicit,True,Base Content Explicit opt fission,,77,bytes,,,1712081884,2023-06-15T17:49:05,10430464.000000011,91738dd5bb441001f7837d0cae71c0be46925602,1258216
autoland,4663319,4,bf38f69fee000115871578b15786525e82952421,windows11-64-2009-shippable-qr,,True,,,102210fe594ee9b33d82058545b1ed14f4c8206e,,Base Content Explicit,True,Base Content Explicit opt fission,,77,bytes,,,1712196107,2023-06-15T20:51:19,10985472.00000001,ba00fe639072b671be556332e4628092d64d31df,1258374
autoland,4663319,4,bf38f69fee000115871578b15786525e82952421,windows11-64-2009-shippable-qr,,True,,,102210fe594ee9b33d82058545b1ed14f4c8206e,,Base Content Explicit,True,Base Content Explicit opt fission,,77,bytes,,,1712292144,2023-06-16T01:17:42,10442752.000000006,6bc2d3f9b1aaecde92c9388f00f3d564d136d00a,1258594
autoland,4663319,4,bf38f69fee000115871578b15786525e82952421,windows11-64-2009-shippable-qr,,True,,,102210fe594ee9b33d82058545b1ed14f4c8206e,,Base Content Explicit,True,Base Content Explicit opt fission,,77,bytes,,,1712395405,2023-06-16T06:01:05,10502144.000000002,6a640a4dd3245b82ce97d863bf842b0cd4089ce5,1258674
autoland,4663319,4,bf38f69fee000115871578b15786525e82952421,windows11-64-2009-shippable-qr,,True,,,102210fe594ee9b33d82058545b1ed14f4c8206e,,Base Content Explicit,True,Base Content Explicit opt fission,,77,bytes,,,1712450933,2023-06-16T08:20:05,10461183.999999985,34ee66e105968b161583947185cad1fcebdc6641,1258718
autoland,4663319,4,bf38f69fee000115871578b15786525e82952421,windows11-64-2009-shippable-qr,,True,,,102210fe594ee9b33d82058545b1ed14f4c8206e,,Base Content Explicit,True,Base Content Explicit opt fission,,77,bytes,,,1712642879,2023-06-16T12:30:26,10436608.000000011,439d02859a2ebe8406cb74f8d6c7b148011d1658,1258826
autoland,4663319,4,bf38f69fee000115871578b15786525e82952421,windows11-64-2009-shippable-qr,,True,,,102210fe594ee9b33d82058545b1ed14f4c8206e,,Base Content Explicit,True,Base Content Explicit opt fission,,77,bytes,,,1712666370,2023-06-16T14:03:27,10477568.000000015,1d8c3788eb6fa2e81d627829a32004244d0271df,1258891
autoland,4663319,4,bf38f69fee000115871578b15786525e82952421,windows11-64-2009-shippable-qr,,True,,,102210fe594ee9b33d82058545b1ed14f4c8206e,,Base Content Explicit,True,Base Content Explicit opt fission,,77,bytes,,,1712805350,2023-06-16T16:55:49,10467328.000000017,e59de52b8ebea2db606a46a888a941400375fe0f,1259018
autoland,4663319,4,bf38f69fee000115871578b15786525e82952421,windows11-64-2009-shippable-qr,,True,,,102210fe594ee9b33d82058545b1ed14f4c8206e,,Base Content Explicit,True,Base Content Explicit opt fission,,77,bytes,,,1712935262,2023-06-16T19:50:08,10436608.000000011,789349491e2fe15a39f350fe470db7d696989434,1259157
autoland,4663319,4,bf38f69fee000115871578b15786525e82952421,windows11-64-2009-shippable-qr,,True,,,102210fe594ee9b33d82058545b1ed14f4c8206e,,Base Content Explicit,True,Base Content Explicit opt fission,,77,bytes,,,1713035785,2023-06-17T00:30:00,10461183.999999985,901b7ccc8be5e49a1b9736555af9653d46de349e,1259314
autoland,4663319,4,bf38f69fee000115871578b15786525e82952421,windows11-64-2009-shippable-qr,,True,,,102210fe594ee9b33d82058545b1ed14f4c8206e,,Base Content Explicit,True,Base Content Explicit opt fission,,77,bytes,,,1713207042,2023-06-17T15:38:59,10381311.999999996,e0262ee6a9a7a642c11266a1e9cfa4bc3fbd4b3b,1259384
autoland,4663319,4,bf38f69fee000115871578b15786525e82952421,windows11-64-2009-shippable-qr,,True,,,102210fe594ee9b33d82058545b1ed14f4c8206e,,Base Content Explicit,True,Base Content Explicit opt fission,,77,bytes,,,1713328111,2023-06-17T23:38:11,10385407.999999985,72d2cda2651d8fe01c8649f60e0620bc794a87fe,1259423
autoland,4663319,4,bf38f69fee000115871578b15786525e82952421,windows11-64-2009-shippable-qr,,True,,,102210fe594ee9b33d82058545b1ed14f4c8206e,,Base Content Explicit,True,Base Content Explicit opt fission,,77,bytes,,,1713468691,2023-06-18T11:39:33,10584064.000000004,1634cff61cb0e270b9660ebdc234cfcf3fed2c68,1259465
autoland,4663319,4,bf38f69fee000115871578b15786525e82952421,windows11-64-2009-shippable-qr,,True,,,102210fe594ee9b33d82058545b1ed14f4c8206e,,Base Content Explicit,True,Base Content Explicit opt fission,,77,bytes,,,1713706836,2023-06-19T00:32:35,10446848.000000017,1c059369d43547f90439b0a44cc76b54a0a3af97,1259516
autoland,4663319,4,bf38f69fee000115871578b15786525e82952421,windows11-64-2009-shippable-qr,,True,,,102210fe594ee9b33d82058545b1ed14f4c8206e,,Base Content Explicit,True,Base Content Explicit opt fission,,77,bytes,,,1713755913,2023-06-19T05:49:35,10387455.999999993,a9e342522ebdb9602671208a06e988a285d3af18,1259544
autoland,4663319,4,bf38f69fee000115871578b15786525e82952421,windows11-64-2009-shippable-qr,,True,,,102210fe594ee9b33d82058545b1ed14f4c8206e,,Base Content Explicit,True,Base Content Explicit opt fission,,77,bytes,,,1713824761,2023-06-19T09:32:15,10455040.0,0274a8c06c67e5ee1dccdb4e151ccf0ec70af43f,1259616
autoland,4663319,4,bf38f69fee000115871578b15786525e82952421,windows11-64-2009-shippable-qr,,True,,,102210fe594ee9b33d82058545b1ed14f4c8206e,,Base Content Explicit,True,Base Content Explicit opt fission,,77,bytes,,,1713955617,2023-06-19T13:01:53,10471423.999999993,89c8bf4e9209c0c4b1eb87efab68e96d6dbf8145,1259739
autoland,4663319,4,bf38f69fee000115871578b15786525e82952421,windows11-64-2009-shippable-qr,,True,,,102210fe594ee9b33d82058545b1ed14f4c8206e,,Base Content Explicit,True,Base Content Explicit opt fission,,77,bytes,,,1714056296,2023-06-19T16:21:16,10430464.000000011,9ecde3181716f5d8ad265d976575224cc04b2887,1259851
autoland,4663319,4,bf38f69fee000115871578b15786525e82952421,windows11-64-2009-shippable-qr,,True,,,102210fe594ee9b33d82058545b1ed14f4c8206e,,Base Content Explicit,True,Base Content Explicit opt fission,,77,bytes,,,1714128599,2023-06-19T19:03:14,10438656.00000001,e06365982ef6b00590cb160ebe9f4978558d1052,1259928
autoland,4663319,4,bf38f69fee000115871578b15786525e82952421,windows11-64-2009-shippable-qr,,True,,,102210fe594ee9b33d82058545b1ed14f4c8206e,,Base Content Explicit,True,Base Content Explicit opt fission,,77,bytes,,,1714215249,2023-06-19T23:03:46,10471423.999999993,edef1940a6bd4d95b235e43b1cada493f561f78a,1260042
autoland,4663319,4,bf38f69fee000115871578b15786525e82952421,windows11-64-2009-shippable-qr,,True,,,102210fe594ee9b33d82058545b1ed14f4c8206e,,Base Content Explicit,True,Base Content Explicit opt fission,,77,bytes,,,1714301720,2023-06-20T04:00:20,10512384.000000004,a4b679a79f2fa00877013dfcc1a886078d728328,1260102
autoland,4663319,4,bf38f69fee000115871578b15786525e82952421,windows11-64-2009-shippable-qr,,True,,,102210fe594ee9b33d82058545b1ed14f4c8206e,,Base Content Explicit,True,Base Content Explicit opt fission,,77,bytes,,,1714427172,2023-06-20T05:17:25,10528768.000000017,ce5a84713c8b968709940f18f143d251da4fcb83,1260124
autoland,4663319,4,bf38f69fee000115871578b15786525e82952421,windows11-64-2009-shippable-qr,,True,,,102210fe594ee9b33d82058545b1ed14f4c8206e,,Base Content Explicit,True,Base Content Explicit opt fission,,77,bytes,,,1714483550,2023-06-20T09:18:46,10412031.999999994,caf02cdd31992e89c9bd81c5ec4d391070651f3a,1260213
autoland,4663319,4,bf38f69fee000115871578b15786525e82952421,windows11-64-2009-shippable-qr,,True,,,102210fe594ee9b33d82058545b1ed14f4c8206e,,Base Content Explicit,True,Base Content Explicit opt fission,,77,bytes,,,1714697602,2023-06-20T12:29:52,10498047.999999998,5ade2b37847325019878bde832493c342759d7eb,1260284
autoland,4663319,4,bf38f69fee000115871578b15786525e82952421,windows11-64-2009-shippable-qr,,True,,,102210fe594ee9b33d82058545b1ed14f4c8206e,,Base Content Explicit,True,Base Content Explicit opt fission,,77,bytes,,,1714871146,2023-06-20T16:34:00,10559488.000000019,1877c1e6db6f8a23c52ab9238c7f62d0b696f0ce,1260512
autoland,4663319,4,bf38f69fee000115871578b15786525e82952421,windows11-64-2009-shippable-qr,,True,,,102210fe594ee9b33d82058545b1ed14f4c8206e,,Base Content Explicit,True,Base Content Explicit opt fission,,77,bytes,,,1714875986,2023-06-20T16:35:53,10557439.999999996,2ad5c2418b372960126440af5aa568104de3bfb8,1260515
autoland,4663319,4,bf38f69fee000115871578b15786525e82952421,windows11-64-2009-shippable-qr,,True,,,102210fe594ee9b33d82058545b1ed14f4c8206e,,Base Content Explicit,True,Base Content Explicit opt fission,,77,bytes,,,1715251079,2023-06-21T00:51:29,10528768.000000017,143aa1574b8d50e4d2ddd1a2826b25a8418f13c1,1260862
autoland,4663319,4,bf38f69fee000115871578b15786525e82952421,windows11-64-2009-shippable-qr,,True,,,102210fe594ee9b33d82058545b1ed14f4c8206e,,Base Content Explicit,True,Base Content Explicit opt fission,,77,bytes,,,1715323621,2023-06-21T02:28:11,10520575.999999994,7bdf45ed2f6b565e69fdbc44285af78de3271a4e,1260905
autoland,4663319,4,bf38f69fee000115871578b15786525e82952421,windows11-64-2009-shippable-qr,,True,,,102210fe594ee9b33d82058545b1ed14f4c8206e,,Base Content Explicit,True,Base Content Explicit opt fission,,77,bytes,,,1715413867,2023-06-21T06:55:17,10530816.000000017,8a382f0bd3211346516d54c647d157320335a806,1260969
autoland,4663319,4,bf38f69fee000115871578b15786525e82952421,windows11-64-2009-shippable-qr,,True,,,102210fe594ee9b33d82058545b1ed14f4c8206e,,Base Content Explicit,True,Base Content Explicit opt fission,,77,bytes,,,1715430858,2023-06-21T07:34:24,10530816.000000017,4c90403735bebf09d72af91e99745cfcbbae2a35,1260998
autoland,4663319,4,bf38f69fee000115871578b15786525e82952421,windows11-64-2009-shippable-qr,,True,,,102210fe594ee9b33d82058545b1ed14f4c8206e,,Base Content Explicit,True,Base Content Explicit opt fission,,77,bytes,,,1715612726,2023-06-21T12:20:35,10502144.000000002,14edc9bcbe5615f748cdb086881c6b983aedf04d,1261182
autoland,4663319,4,bf38f69fee000115871578b15786525e82952421,windows11-64-2009-shippable-qr,,True,,,102210fe594ee9b33d82058545b1ed14f4c8206e,,Base Content Explicit,True,Base Content Explicit opt fission,,77,bytes,,,1715746643,2023-06-21T12:59:17,10504192.000000011,b94f3d418f54f964368486a65cd5d15e828867db,1261207
autoland,4663319,4,bf38f69fee000115871578b15786525e82952421,windows11-64-2009-shippable-qr,,True,,,102210fe594ee9b33d82058545b1ed14f4c8206e,,Base Content Explicit,True,Base Content Explicit opt fission,,77,bytes,,,1715776132,2023-06-21T16:33:07,10510336.000000013,702dc0aa87a8c3e4929277c1dc8220a7dd72418f,1261278
autoland,4663319,4,bf38f69fee000115871578b15786525e82952421,windows11-64-2009-shippable-qr,,True,,,102210fe594ee9b33d82058545b1ed14f4c8206e,,Base Content Explicit,True,Base Content Explicit opt fission,,77,bytes,,,1715946138,2023-06-21T20:43:57,10512384.000000004,78880280c2765ec0520ece3184fc8fdbac5b5356,1261541
autoland,4663319,4,bf38f69fee000115871578b15786525e82952421,windows11-64-2009-shippable-qr,,True,,,102210fe594ee9b33d82058545b1ed14f4c8206e,,Base Content Explicit,True,Base Content Explicit opt fission,,77,bytes,,,1716009120,2023-06-22T00:43:42,10549247.999999989,109834499ca10a69681c6868a23ec828dcf160cf,1261782
autoland,4663319,4,bf38f69fee000115871578b15786525e82952421,windows11-64-2009-shippable-qr,,True,,,102210fe594ee9b33d82058545b1ed14f4c8206e,,Base Content Explicit,True,Base Content Explicit opt fission,,77,bytes,,,1716080173,2023-06-22T05:48:27,10557439.999999996,57884604206ce9bb39718006eac660e6e32e5044,1261863
autoland,4663319,4,bf38f69fee000115871578b15786525e82952421,windows11-64-2009-shippable-qr,,True,,,102210fe594ee9b33d82058545b1ed14f4c8206e,,Base Content Explicit,True,Base Content Explicit opt fission,,77,bytes,,,1716108186,2023-06-22T07:29:35,10559488.000000019,45769d7ff3c64d7abfcfedd8f05bb7dcb442270c,1261886
autoland,4663319,4,bf38f69fee000115871578b15786525e82952421,windows11-64-2009-shippable-qr,,True,,,102210fe594ee9b33d82058545b1ed14f4c8206e,,Base Content Explicit,True,Base Content Explicit opt fission,,77,bytes,,,1716205135,2023-06-22T11:39:08,10536959.999999981,3d85ee9f4f736ebc38b26fed33c8681bb512aa92,1262053
autoland,4663319,4,bf38f69fee000115871578b15786525e82952421,windows11-64-2009-shippable-qr,,True,,,102210fe594ee9b33d82058545b1ed14f4c8206e,,Base Content Explicit,True,Base Content Explicit opt fission,,77,bytes,,,1716414160,2023-06-22T14:41:02,10450944.000000013,b9e51e69d0451a93822b61cc15d72666124f02dd,1262179
autoland,4663319,4,bf38f69fee000115871578b15786525e82952421,windows11-64-2009-shippable-qr,,True,,,102210fe594ee9b33d82058545b1ed14f4c8206e,,Base Content Explicit,True,Base Content Explicit opt fission,,77,bytes,,,1716449128,2023-06-22T18:48:21,10602495.999999994,9a98c67180c5914db4ca78d4fc36d6d0721d24a9,1262325
autoland,4663319,4,bf38f69fee000115871578b15786525e82952421,windows11-64-2009-shippable-qr,,True,,,102210fe594ee9b33d82058545b1ed14f4c8206e,,Base Content Explicit,True,Base Content Explicit opt fission,,77,bytes,,,1716450465,2023-06-22T19:02:55,10575872.000000002,4b261191412d4972eaab59ddb358f2eef865280d,1262337
autoland,4663319,4,bf38f69fee000115871578b15786525e82952421,windows11-64-2009-shippable-qr,,True,,,102210fe594ee9b33d82058545b1ed14f4c8206e,,Base Content Explicit,True,Base Content Explicit opt fission,,77,bytes,,,1716573635,2023-06-22T22:58:49,10596351.999999987,ec702239c313d37f8ee8d6b4d9b78aba8d4b6580,1262495
autoland,4663319,4,bf38f69fee000115871578b15786525e82952421,windows11-64-2009-shippable-qr,,True,,,102210fe594ee9b33d82058545b1ed14f4c8206e,,Base Content Explicit,True,Base Content Explicit opt fission,,77,bytes,,,1716704986,2023-06-23T03:22:10,10510336.000000013,a9c0bee966a1e0b10528a9b41b3dcea34ee95b83,1262648
autoland,4663319,4,bf38f69fee000115871578b15786525e82952421,windows11-64-2009-shippable-qr,,True,,,102210fe594ee9b33d82058545b1ed14f4c8206e,,Base Content Explicit,True,Base Content Explicit opt fission,,77,bytes,,,1716793371,2023-06-23T06:38:21,10498047.999999998,e6ebe768e49bf43fc6465b297a817d1e4994af82,1262712
autoland,4663319,4,bf38f69fee000115871578b15786525e82952421,windows11-64-2009-shippable-qr,,True,,,102210fe594ee9b33d82058545b1ed14f4c8206e,,Base Content Explicit,True,Base Content Explicit opt fission,,77,bytes,,,1716912192,2023-06-23T10:04:46,10610687.999999983,bd328e6b49f984c8a1b8e2e0e0b2194267d023ac,1262825
autoland,4663319,4,bf38f69fee000115871578b15786525e82952421,windows11-64-2009-shippable-qr,,True,,,102210fe594ee9b33d82058545b1ed14f4c8206e,,Base Content Explicit,True,Base Content Explicit opt fission,,77,bytes,,,1717084836,2023-06-23T14:10:04,10500096.000000011,21d4902198ae482d7fd52735881f90fb09ffaa07,1262960
autoland,4663319,4,bf38f69fee000115871578b15786525e82952421,windows11-64-2009-shippable-qr,,True,,,102210fe594ee9b33d82058545b1ed14f4c8206e,,Base Content Explicit,True,Base Content Explicit opt fission,,77,bytes,,,1717091932,2023-06-23T14:24:51,10539007.999999987,801ba619d741b520231e6a0791457e7b44bef641,1262973
autoland,4663319,4,bf38f69fee000115871578b15786525e82952421,windows11-64-2009-shippable-qr,,True,,,102210fe594ee9b33d82058545b1ed14f4c8206e,,Base Content Explicit,True,Base Content Explicit opt fission,,77,bytes,,,1717187982,2023-06-23T18:49:22,10536959.999999981,efb1631077da0ef473b1fe37d64cd6f652c34f37,1263094
autoland,4663319,4,bf38f69fee000115871578b15786525e82952421,windows11-64-2009-shippable-qr,,True,,,102210fe594ee9b33d82058545b1ed14f4c8206e,,Base Content Explicit,True,Base Content Explicit opt fission,,77,bytes,,,1717195964,2023-06-23T19:29:51,10586111.999999985,3cfaf216653a2de7529a3bc74907ea4fecc21912,1263108
autoland,4663319,4,bf38f69fee000115871578b15786525e82952421,windows11-64-2009-shippable-qr,,True,,,102210fe594ee9b33d82058545b1ed14f4c8206e,,Base Content Explicit,True,Base Content Explicit opt fission,,77,bytes,,,1717257343,2023-06-23T23:33:35,10641407.999999985,45c221c4d7560f0ab2b6f7c4d113e2f96d73e994,1263150
autoland,4663319,4,bf38f69fee000115871578b15786525e82952421,windows11-64-2009-shippable-qr,,True,,,102210fe594ee9b33d82058545b1ed14f4c8206e,,Base Content Explicit,True,Base Content Explicit opt fission,,77,bytes,,,1717374213,2023-06-24T17:55:21,10559488.000000019,31d5ffaf0b16a722c89e3bc6043d1a6dd2df4f59,1263267
autoland,4663319,4,bf38f69fee000115871578b15786525e82952421,windows11-64-2009-shippable-qr,,True,,,102210fe594ee9b33d82058545b1ed14f4c8206e,,Base Content Explicit,True,Base Content Explicit opt fission,,77,bytes,,,1717495806,2023-06-25T11:25:42,10561536.000000011,a529a3830f684519fc2c2ffb6fbe1b1e77930e71,1263317
autoland,4663319,4,bf38f69fee000115871578b15786525e82952421,windows11-64-2009-shippable-qr,,True,,,102210fe594ee9b33d82058545b1ed14f4c8206e,,Base Content Explicit,True,Base Content Explicit opt fission,,77,bytes,,,1717623589,2023-06-26T01:53:17,10582015.999999985,391b29854d65124c758af8d7a7765b53ec46b9bf,1263401
autoland,4663319,4,bf38f69fee000115871578b15786525e82952421,windows11-64-2009-shippable-qr,,True,,,102210fe594ee9b33d82058545b1ed14f4c8206e,,Base Content Explicit,True,Base Content Explicit opt fission,,77,bytes,,,1717719329,2023-06-26T08:39:50,10567680.000000013,b8784b3350a10d9ba119e133ba1afe2fa2862b64,1263470
autoland,4663319,4,bf38f69fee000115871578b15786525e82952421,windows11-64-2009-shippable-qr,,True,,,102210fe594ee9b33d82058545b1ed14f4c8206e,,Base Content Explicit,True,Base Content Explicit opt fission,,77,bytes,,,1717813905,2023-06-26T12:15:47,10606592.000000007,147bbf0910da38bd103a6cac5b77bca042225107,1263599
autoland,4663319,4,bf38f69fee000115871578b15786525e82952421,windows11-64-2009-shippable-qr,,True,,,102210fe594ee9b33d82058545b1ed14f4c8206e,,Base Content Explicit,True,Base Content Explicit opt fission,,77,bytes,,,1717917148,2023-06-26T15:17:27,10584064.000000004,a9a1430953c45602083b397b0d0bb8e55a69fa46,1263769
autoland,4663319,4,bf38f69fee000115871578b15786525e82952421,windows11-64-2009-shippable-qr,,True,,,102210fe594ee9b33d82058545b1ed14f4c8206e,,Base Content Explicit,True,Base Content Explicit opt fission,,77,bytes,,,1718070397,2023-06-26T19:17:54,10584064.000000004,43533d1489bc82330991d4cbac2d5b8e704b7558,1263990
autoland,4663319,4,bf38f69fee000115871578b15786525e82952421,windows11-64-2009-shippable-qr,,True,,,102210fe594ee9b33d82058545b1ed14f4c8206e,,Base Content Explicit,True,Base Content Explicit opt fission,,77,bytes,,,1718250298,2023-06-26T23:32:18,10612736.000000011,4bdb9438b18b4b7ad15d5f4f62fd67cad4308d62,1264157
autoland,4663319,4,bf38f69fee000115871578b15786525e82952421,windows11-64-2009-shippable-qr,,True,,,102210fe594ee9b33d82058545b1ed14f4c8206e,,Base Content Explicit,True,Base Content Explicit opt fission,,77,bytes,,,1718246302,2023-06-26T23:58:56,10514432.000000011,b34d04613ffa3abda9bcdd07fc5185a34cdc407b,1264185
autoland,4663319,4,bf38f69fee000115871578b15786525e82952421,windows11-64-2009-shippable-qr,,True,,,102210fe594ee9b33d82058545b1ed14f4c8206e,,Base Content Explicit,True,Base Content Explicit opt fission,,77,bytes,,,1718335523,2023-06-27T04:20:21,10524671.999999993,e0d8554167a0aad02af68198462e91dd05958593,1264240
autoland,4663319,4,bf38f69fee000115871578b15786525e82952421,windows11-64-2009-shippable-qr,,True,,,102210fe594ee9b33d82058545b1ed14f4c8206e,,Base Content Explicit,True,Base Content Explicit opt fission,,77,bytes,,,1718421146,2023-06-27T07:09:08,10498047.999999998,e963fffcb3a0375f0c08e6c62d4300cbf79fba0b,1264287
autoland,4663319,4,bf38f69fee000115871578b15786525e82952421,windows11-64-2009-shippable-qr,,True,,,102210fe594ee9b33d82058545b1ed14f4c8206e,,Base Content Explicit,True,Base Content Explicit opt fission,,77,bytes,,,1718536633,2023-06-27T11:13:52,10551295.999999998,96efb14c1b2e225253f22aae7b217fdd48b4cb9f,1264423
autoland,4663319,4,bf38f69fee000115871578b15786525e82952421,windows11-64-2009-shippable-qr,,True,,,102210fe594ee9b33d82058545b1ed14f4c8206e,,Base Content Explicit,True,Base Content Explicit opt fission,,77,bytes,,,1718629698,2023-06-27T15:57:28,10557439.999999996,c041b113d5acbf06ba2e6161d9a1ef4fa5b3636b,1264575
autoland,4663319,4,bf38f69fee000115871578b15786525e82952421,windows11-64-2009-shippable-qr,,True,,,102210fe594ee9b33d82058545b1ed14f4c8206e,,Base Content Explicit,True,Base Content Explicit opt fission,,77,bytes,,,1718631007,2023-06-27T16:17:01,10534912.00000001,da38525a017e6dd411f2c2ccd84d286d86bdad8d,1264584
autoland,4663319,4,bf38f69fee000115871578b15786525e82952421,windows11-64-2009-shippable-qr,,True,,,102210fe594ee9b33d82058545b1ed14f4c8206e,,Base Content Explicit,True,Base Content Explicit opt fission,,77,bytes,,,1718762870,2023-06-27T20:57:27,10541056.000000015,80adb872a3d1e32f459e5cf3bc77e47008da925f,1264834
autoland,4663319,4,bf38f69fee000115871578b15786525e82952421,windows11-64-2009-shippable-qr,,True,,,102210fe594ee9b33d82058545b1ed14f4c8206e,,Base Content Explicit,True,Base Content Explicit opt fission,,77,bytes,,,1718862102,2023-06-28T00:04:05,10592255.999999993,591e3233df273509a8c0d0ccd1cc32795ae584dc,1264952
autoland,4663319,4,bf38f69fee000115871578b15786525e82952421,windows11-64-2009-shippable-qr,,True,,,102210fe594ee9b33d82058545b1ed14f4c8206e,,Base Content Explicit,True,Base Content Explicit opt fission,,77,bytes,,,1718941453,2023-06-28T03:09:49,10561536.000000011,ecb2997338f1c9a2059192ce04d01243537176b9,1265035
autoland,4663319,4,bf38f69fee000115871578b15786525e82952421,windows11-64-2009-shippable-qr,,True,,,102210fe594ee9b33d82058545b1ed14f4c8206e,,Base Content Explicit,True,Base Content Explicit opt fission,,77,bytes,,,1719017335,2023-06-28T07:19:30,10594303.999999989,51b6f36ff37d4b6906ec5cab830b1e283c6f7395,1265110
autoland,4663319,4,bf38f69fee000115871578b15786525e82952421,windows11-64-2009-shippable-qr,,True,,,102210fe594ee9b33d82058545b1ed14f4c8206e,,Base Content Explicit,True,Base Content Explicit opt fission,,77,bytes,,,1719113242,2023-06-28T11:29:09,10514432.000000011,3b7b3970a88459c11033effb61df89644e963bda,1265214
autoland,4663319,4,bf38f69fee000115871578b15786525e82952421,windows11-64-2009-shippable-qr,,True,,,102210fe594ee9b33d82058545b1ed14f4c8206e,,Base Content Explicit,True,Base Content Explicit opt fission,,77,bytes,,,1719189927,2023-06-28T14:16:43,10516479.999999989,c20ba5651ee046629ef49efd2e49f6214c3ae520,1265309
autoland,4663319,4,bf38f69fee000115871578b15786525e82952421,windows11-64-2009-shippable-qr,,True,,,102210fe594ee9b33d82058545b1ed14f4c8206e,,Base Content Explicit,True,Base Content Explicit opt fission,,77,bytes,,,1719338366,2023-06-28T17:34:48,10559488.000000019,0df511b69760b69959818e34e07aa74a0ad7061a,1265473
autoland,4663319,4,bf38f69fee000115871578b15786525e82952421,windows11-64-2009-shippable-qr,,True,,,102210fe594ee9b33d82058545b1ed14f4c8206e,,Base Content Explicit,True,Base Content Explicit opt fission,,77,bytes,,,1719414878,2023-06-28T21:47:35,10612736.000000011,d18ee9401610559d6724af1cf6a4ba7ca620f195,1265682
autoland,4663319,4,bf38f69fee000115871578b15786525e82952421,windows11-64-2009-shippable-qr,,True,,,102210fe594ee9b33d82058545b1ed14f4c8206e,,Base Content Explicit,True,Base Content Explicit opt fission,,77,bytes,,,1719519793,2023-06-29T02:28:53,10625023.999999985,bab00f4f94d567cf8ccf12e64f4e5cccc2ab6783,1265821
autoland,4663319,4,bf38f69fee000115871578b15786525e82952421,windows11-64-2009-shippable-qr,,True,,,102210fe594ee9b33d82058545b1ed14f4c8206e,,Base Content Explicit,True,Base Content Explicit opt fission,,77,bytes,,,1719661946,2023-06-29T08:54:52,10598400.0,046c4b8aaa8932f15825dc4decd3911bb048e7f5,1265934
autoland,4663319,4,bf38f69fee000115871578b15786525e82952421,windows11-64-2009-shippable-qr,,True,,,102210fe594ee9b33d82058545b1ed14f4c8206e,,Base Content Explicit,True,Base Content Explicit opt fission,,77,bytes,,,1719837222,2023-06-29T12:57:39,10555391.99999999,e784085dfb507c237319c40245ef0b32ddcf82b0,1266033
autoland,4663319,4,bf38f69fee000115871578b15786525e82952421,windows11-64-2009-shippable-qr,,True,,,102210fe594ee9b33d82058545b1ed14f4c8206e,,Base Content Explicit,True,Base Content Explicit opt fission,,77,bytes,,,1719874609,2023-06-29T15:22:27,10586111.999999985,573b87117fd3efdb12ffb05692f97323c07a9900,1266105
autoland,4663319,4,bf38f69fee000115871578b15786525e82952421,windows11-64-2009-shippable-qr,,True,,,102210fe594ee9b33d82058545b1ed14f4c8206e,,Base Content Explicit,True,Base Content Explicit opt fission,,77,bytes,,,1719990579,2023-06-29T19:36:56,10534912.00000001,c5ac7e957828eeda97a3af6fc706f41aa567e48e,1266292
autoland,4663319,4,bf38f69fee000115871578b15786525e82952421,windows11-64-2009-shippable-qr,,True,,,102210fe594ee9b33d82058545b1ed14f4c8206e,,Base Content Explicit,True,Base Content Explicit opt fission,,77,bytes,,,1720000133,2023-06-29T20:41:17,10530816.000000017,e37ddb3aa508e953837fbd08afec4a2aa6f7f5ed,1266342
autoland,4663319,4,bf38f69fee000115871578b15786525e82952421,windows11-64-2009-shippable-qr,,True,,,102210fe594ee9b33d82058545b1ed14f4c8206e,,Base Content Explicit,True,Base Content Explicit opt fission,,77,bytes,,,1720050061,2023-06-30T01:00:02,10575872.000000002,e547d8e238568d790c74653068edac30240a95c5,1266447
autoland,4663319,4,bf38f69fee000115871578b15786525e82952421,windows11-64-2009-shippable-qr,,True,,,102210fe594ee9b33d82058545b1ed14f4c8206e,,Base Content Explicit,True,Base Content Explicit opt fission,,77,bytes,,,1720158724,2023-06-30T08:19:33,10567680.000000013,9bc27d87fa29fd921612525cc37e24f0ec3ba76b,1266526
autoland,4663319,4,bf38f69fee000115871578b15786525e82952421,windows11-64-2009-shippable-qr,,True,,,102210fe594ee9b33d82058545b1ed14f4c8206e,,Base Content Explicit,True,Base Content Explicit opt fission,,77,bytes,,,1720240857,2023-06-30T13:51:38,10553343.99999999,0abcd848f8218f0e2d339bbd497ac60f4a3b752c,1266633
autoland,4663319,4,bf38f69fee000115871578b15786525e82952421,windows11-64-2009-shippable-qr,,True,,,102210fe594ee9b33d82058545b1ed14f4c8206e,,Base Content Explicit,True,Base Content Explicit opt fission,,77,bytes,,,1720356958,2023-07-01T00:00:49,10539007.999999987,8ee32af33954493677c04d2dad76681d20d37c02,1266825
autoland,4663319,4,bf38f69fee000115871578b15786525e82952421,windows11-64-2009-shippable-qr,,True,,,102210fe594ee9b33d82058545b1ed14f4c8206e,,Base Content Explicit,True,Base Content Explicit opt fission,,77,bytes,,,1720381553,2023-07-01T02:26:01,10577919.999999993,81b43c5e095f0b0407b6d1a8d4a7f92bf7115e5e,1266845
autoland,4663319,4,bf38f69fee000115871578b15786525e82952421,windows11-64-2009-shippable-qr,,True,,,102210fe594ee9b33d82058545b1ed14f4c8206e,,Base Content Explicit,True,Base Content Explicit opt fission,,77,bytes,,,1720479014,2023-07-02T04:09:27,10602495.999999994,e8ccd4d6629a5cde6dd4011e79c55630beb87376,1266929
autoland,4663319,4,bf38f69fee000115871578b15786525e82952421,windows11-64-2009-shippable-qr,,True,,,102210fe594ee9b33d82058545b1ed14f4c8206e,,Base Content Explicit,True,Base Content Explicit opt fission,,77,bytes,,,1720549241,2023-07-02T10:13:29,10549247.999999989,93c2b16409e05c7d2b654d2b5356a2b7742b0d18,1266947
autoland,4663319,4,bf38f69fee000115871578b15786525e82952421,windows11-64-2009-shippable-qr,,True,,,102210fe594ee9b33d82058545b1ed14f4c8206e,,Base Content Explicit,True,Base Content Explicit opt fission,,77,bytes,,,1720573588,2023-07-02T16:18:34,10563584.000000017,8a50b880c83f70597cd2951c74b7e9420d4b55c7,1266959
autoland,4663319,4,bf38f69fee000115871578b15786525e82952421,windows11-64-2009-shippable-qr,,True,,,102210fe594ee9b33d82058545b1ed14f4c8206e,,Base Content Explicit,True,Base Content Explicit opt fission,,77,bytes,,,1720631772,2023-07-03T04:14:26,10567680.000000013,03b04345a888d738f358fc74595aabb1dfb2685c,1267009
autoland,4663319,4,bf38f69fee000115871578b15786525e82952421,windows11-64-2009-shippable-qr,,True,,,102210fe594ee9b33d82058545b1ed14f4c8206e,,Base Content Explicit,True,Base Content Explicit opt fission,,77,bytes,,,1720687758,2023-07-03T08:58:45,10567680.000000013,3463727761e55956f8308f38f71b1654b79497ca,1267059
autoland,4663319,4,bf38f69fee000115871578b15786525e82952421,windows11-64-2009-shippable-qr,,True,,,102210fe594ee9b33d82058545b1ed14f4c8206e,,Base Content Explicit,True,Base Content Explicit opt fission,,77,bytes,,,1720688365,2023-07-03T08:59:44,10528768.000000017,90c1c72030a4d515720d44706816256c0a1e30a8,1267060
autoland,4663319,4,bf38f69fee000115871578b15786525e82952421,windows11-64-2009-shippable-qr,,True,,,102210fe594ee9b33d82058545b1ed14f4c8206e,,Base Content Explicit,True,Base Content Explicit opt fission,,77,bytes,,,1720760060,2023-07-03T14:20:46,10547199.999999996,9d50665254899d8431813bdc04178e6006ce6d59,1267108
autoland,4663319,4,bf38f69fee000115871578b15786525e82952421,windows11-64-2009-shippable-qr,,True,,,102210fe594ee9b33d82058545b1ed14f4c8206e,,Base Content Explicit,True,Base Content Explicit opt fission,,77,bytes,,,1720835853,2023-07-04T00:08:48,10610687.999999983,a820608802f2194dfc19272bf19b7124a7349b79,1267203
autoland,4663319,4,bf38f69fee000115871578b15786525e82952421,windows11-64-2009-shippable-qr,,True,,,102210fe594ee9b33d82058545b1ed14f4c8206e,,Base Content Explicit,True,Base Content Explicit opt fission,,77,bytes,,,1720877325,2023-07-04T04:57:05,10616832.000000011,b2af19e5ff82fa8850262a0693f4941570a30474,1267245
autoland,4663319,4,bf38f69fee000115871578b15786525e82952421,windows11-64-2009-shippable-qr,,True,,,102210fe594ee9b33d82058545b1ed14f4c8206e,,Base Content Explicit,True,Base Content Explicit opt fission,,77,bytes,,,1720919417,2023-07-04T07:10:31,10524671.999999993,54bec48c8d6e571fdfbc0694895c371fd3fd08f9,1267272
autoland,4663319,4,bf38f69fee000115871578b15786525e82952421,windows11-64-2009-shippable-qr,,True,,,102210fe594ee9b33d82058545b1ed14f4c8206e,,Base Content Explicit,True,Base Content Explicit opt fission,,77,bytes,,,1721064414,2023-07-04T11:21:51,10592255.999999993,da13368ff947a55756c871582b1b13ffb6fa001d,1267342
autoland,4663319,4,bf38f69fee000115871578b15786525e82952421,windows11-64-2009-shippable-qr,,True,,,102210fe594ee9b33d82058545b1ed14f4c8206e,,Base Content Explicit,True,Base Content Explicit opt fission,,77,bytes,,,1721066873,2023-07-04T11:29:32,10631167.999999996,3aa1825bf09a37959e97ac4b5eaa3cc4b236b283,1267347
autoland,4663319,4,bf38f69fee000115871578b15786525e82952421,windows11-64-2009-shippable-qr,,True,,,102210fe594ee9b33d82058545b1ed14f4c8206e,,Base Content Explicit,True,Base Content Explicit opt fission,,77,bytes,,,1721155095,2023-07-04T15:22:25,10545151.99999999,cf717d6692eb6ff08bb1d0342645c7c6c1dcf8f7,1267503
autoland,4663319,4,bf38f69fee000115871578b15786525e82952421,windows11-64-2009-shippable-qr,,True,,,102210fe594ee9b33d82058545b1ed14f4c8206e,,Base Content Explicit,True,Base Content Explicit opt fission,,77,bytes,,,1721244375,2023-07-04T19:21:41,10584064.000000004,a8c47414f934fc13d47ba329f04089ab17eb2407,1267627
autoland,4663319,4,bf38f69fee000115871578b15786525e82952421,windows11-64-2009-shippable-qr,,True,,,102210fe594ee9b33d82058545b1ed14f4c8206e,,Base Content Explicit,True,Base Content Explicit opt fission,,77,bytes,,,1721376075,2023-07-04T23:33:38,10584064.000000004,3639b6891b332ea6c4ffea87bb2d1139c38b781d,1267723
autoland,4663319,4,bf38f69fee000115871578b15786525e82952421,windows11-64-2009-shippable-qr,,True,,,102210fe594ee9b33d82058545b1ed14f4c8206e,,Base Content Explicit,True,Base Content Explicit opt fission,,77,bytes,,,1721446966,2023-07-05T03:49:13,10606592.000000007,243ab04b37e31315f3db16a95bf6535124d9edda,1267756
autoland,4663319,4,bf38f69fee000115871578b15786525e82952421,windows11-64-2009-shippable-qr,,True,,,102210fe594ee9b33d82058545b1ed14f4c8206e,,Base Content Explicit,True,Base Content Explicit opt fission,,77,bytes,,,1721544299,2023-07-05T07:58:23,10518528.000000013,9ab7ea679b12d7e209ada3534abf7baf704fe9d4,1267796
autoland,4663319,4,bf38f69fee000115871578b15786525e82952421,windows11-64-2009-shippable-qr,,True,,,102210fe594ee9b33d82058545b1ed14f4c8206e,,Base Content Explicit,True,Base Content Explicit opt fission,,77,bytes,,,1721586202,2023-07-05T09:46:48,10547199.999999996,e3f62ea4e59393fe53784906952e9a1417688db1,1267838
autoland,4663319,4,bf38f69fee000115871578b15786525e82952421,windows11-64-2009-shippable-qr,,True,,,102210fe594ee9b33d82058545b1ed14f4c8206e,,Base Content Explicit,True,Base Content Explicit opt fission,,77,bytes,,,1724465349,2023-07-05T10:53:55,10559488.000000019,5c41fbcf7b66e2d288fad13ace0f00ed433b5c3a,1267859
autoland,4663319,4,bf38f69fee000115871578b15786525e82952421,windows11-64-2009-shippable-qr,,True,,,102210fe594ee9b33d82058545b1ed14f4c8206e,,Base Content Explicit,True,Base Content Explicit opt fission,,77,bytes,,,1724465416,2023-07-05T11:55:10,10553343.99999999,e1b5dd2da037a4e05c12adef050ee8860fb3ddb6,1267876
autoland,4663319,4,bf38f69fee000115871578b15786525e82952421,windows11-64-2009-shippable-qr,,True,,,102210fe594ee9b33d82058545b1ed14f4c8206e,,Base Content Explicit,True,Base Content Explicit opt fission,,77,bytes,,,1724465803,2023-07-05T11:56:10,10602495.999999994,3c8034b8e9a3e527c611ffb080e6fb73a6f1697c,1267877
autoland,4663319,4,bf38f69fee000115871578b15786525e82952421,windows11-64-2009-shippable-qr,,True,,,102210fe594ee9b33d82058545b1ed14f4c8206e,,Base Content Explicit,True,Base Content Explicit opt fission,,77,bytes,,,1724465360,2023-07-05T12:10:09,10618880.000000004,da5bd5a07d3e1c5aa0e7d94b874efd7423934192,1267886
autoland,4663319,4,bf38f69fee000115871578b15786525e82952421,windows11-64-2009-shippable-qr,,True,,,102210fe594ee9b33d82058545b1ed14f4c8206e,,Base Content Explicit,True,Base Content Explicit opt fission,,77,bytes,,,1724465598,2023-07-05T12:22:26,10618880.000000004,b18f00d7416e1bffc01a9b84a59ee6818d72670c,1267894
autoland,4663319,4,bf38f69fee000115871578b15786525e82952421,windows11-64-2009-shippable-qr,,True,,,102210fe594ee9b33d82058545b1ed14f4c8206e,,Base Content Explicit,True,Base Content Explicit opt fission,,77,bytes,,,1724465545,2023-07-05T12:28:06,10600447.999999989,2eadb68b62f945f50c1a4b28b6e7ca13b9afc1da,1267900
autoland,4663319,4,bf38f69fee000115871578b15786525e82952421,windows11-64-2009-shippable-qr,,True,,,102210fe594ee9b33d82058545b1ed14f4c8206e,,Base Content Explicit,True,Base Content Explicit opt fission,,77,bytes,,,1724465667,2023-07-05T13:36:09,10450944.000000013,e41ee303fa03d631d4c51a59a0a816ce3036932d,1267937
autoland,4663319,4,bf38f69fee000115871578b15786525e82952421,windows11-64-2009-shippable-qr,,True,,,102210fe594ee9b33d82058545b1ed14f4c8206e,,Base Content Explicit,True,Base Content Explicit opt fission,,77,bytes,,,1721725376,2023-07-05T14:18:53,10627072.0,cee4ab20ddeef57e9b72447e753e72ed2eb244cf,1267963
autoland,4663319,4,bf38f69fee000115871578b15786525e82952421,windows11-64-2009-shippable-qr,,True,,,102210fe594ee9b33d82058545b1ed14f4c8206e,,Base Content Explicit,True,Base Content Explicit opt fission,,77,bytes,,,1724465554,2023-07-05T14:18:53,10598400.0,cee4ab20ddeef57e9b72447e753e72ed2eb244cf,1267963
autoland,4663319,4,bf38f69fee000115871578b15786525e82952421,windows11-64-2009-shippable-qr,,True,,,102210fe594ee9b33d82058545b1ed14f4c8206e,,Base Content Explicit,True,Base Content Explicit opt fission,,77,bytes,,,1724465654,2023-07-05T14:19:56,10598400.0,5409ce5bbc96f5e669988fecfeda482b825c372a,1267964
autoland,4663319,4,bf38f69fee000115871578b15786525e82952421,windows11-64-2009-shippable-qr,,True,,,102210fe594ee9b33d82058545b1ed14f4c8206e,,Base Content Explicit,True,Base Content Explicit opt fission,,77,bytes,,,1724465178,2023-07-05T14:20:48,10600447.999999989,f7ee3b7391818ebc151d1aea94279ae4163d5b41,1267965
autoland,4663319,4,bf38f69fee000115871578b15786525e82952421,windows11-64-2009-shippable-qr,,True,,,102210fe594ee9b33d82058545b1ed14f4c8206e,,Base Content Explicit,True,Base Content Explicit opt fission,,77,bytes,,,1724465617,2023-07-05T14:20:48,10496000.000000015,f7ee3b7391818ebc151d1aea94279ae4163d5b41,1267965
autoland,4663319,4,bf38f69fee000115871578b15786525e82952421,windows11-64-2009-shippable-qr,,True,,,102210fe594ee9b33d82058545b1ed14f4c8206e,,Base Content Explicit,True,Base Content Explicit opt fission,,77,bytes,,,1724465188,2023-07-05T14:21:38,10559488.000000019,38b06f0c751021f94bebb032242b2326666ec476,1267967
autoland,4663319,4,bf38f69fee000115871578b15786525e82952421,windows11-64-2009-shippable-qr,,True,,,102210fe594ee9b33d82058545b1ed14f4c8206e,,Base Content Explicit,True,Base Content Explicit opt fission,,77,bytes,,,1724465570,2023-07-05T14:21:38,10539007.999999987,38b06f0c751021f94bebb032242b2326666ec476,1267967
autoland,4663319,4,bf38f69fee000115871578b15786525e82952421,windows11-64-2009-shippable-qr,,True,,,102210fe594ee9b33d82058545b1ed14f4c8206e,,Base Content Explicit,True,Base Content Explicit opt fission,,77,bytes,,,1724465369,2023-07-05T14:22:39,10571775.999999996,27dfafd3d2a2efe57272d05468e809a8ab27dc57,1267968
autoland,4663319,4,bf38f69fee000115871578b15786525e82952421,windows11-64-2009-shippable-qr,,True,,,102210fe594ee9b33d82058545b1ed14f4c8206e,,Base Content Explicit,True,Base Content Explicit opt fission,,77,bytes,,,1724465579,2023-07-05T14:22:39,10569728.00000001,27dfafd3d2a2efe57272d05468e809a8ab27dc57,1267968
autoland,4663319,4,bf38f69fee000115871578b15786525e82952421,windows11-64-2009-shippable-qr,,True,,,102210fe594ee9b33d82058545b1ed14f4c8206e,,Base Content Explicit,True,Base Content Explicit opt fission,,77,bytes,,,1724465792,2023-07-05T14:23:55,10573824.000000013,8f7835cd7d0ccebe73f1ae422adea68ae4120403,1267969
autoland,4663319,4,bf38f69fee000115871578b15786525e82952421,windows11-64-2009-shippable-qr,,True,,,102210fe594ee9b33d82058545b1ed14f4c8206e,,Base Content Explicit,True,Base Content Explicit opt fission,,77,bytes,,,1724465827,2023-07-05T14:23:55,10579967.999999993,8f7835cd7d0ccebe73f1ae422adea68ae4120403,1267969
autoland,4663319,4,bf38f69fee000115871578b15786525e82952421,windows11-64-2009-shippable-qr,,True,,,102210fe594ee9b33d82058545b1ed14f4c8206e,,Base Content Explicit,True,Base Content Explicit opt fission,,77,bytes,,,1724465436,2023-07-05T14:24:45,10534912.00000001,e4feb54cd43cf5f994e64363f5d192f5545f9fcf,1267970
autoland,4663319,4,bf38f69fee000115871578b15786525e82952421,windows11-64-2009-shippable-qr,,True,,,102210fe594ee9b33d82058545b1ed14f4c8206e,,Base Content Explicit,True,Base Content Explicit opt fission,,77,bytes,,,1724466059,2023-07-05T14:24:45,10510336.000000013,e4feb54cd43cf5f994e64363f5d192f5545f9fcf,1267970
autoland,4663319,4,bf38f69fee000115871578b15786525e82952421,windows11-64-2009-shippable-qr,,True,,,102210fe594ee9b33d82058545b1ed14f4c8206e,,Base Content Explicit,True,Base Content Explicit opt fission,,77,bytes,,,1724465319,2023-07-05T14:28:11,10571775.999999996,63c2183104b181c3082ebebd3afff8b039080652,1267972
autoland,4663319,4,bf38f69fee000115871578b15786525e82952421,windows11-64-2009-shippable-qr,,True,,,102210fe594ee9b33d82058545b1ed14f4c8206e,,Base Content Explicit,True,Base Content Explicit opt fission,,77,bytes,,,1724465607,2023-07-05T14:28:11,10608640.000000019,63c2183104b181c3082ebebd3afff8b039080652,1267972
autoland,4663319,4,bf38f69fee000115871578b15786525e82952421,windows11-64-2009-shippable-qr,,True,,,102210fe594ee9b33d82058545b1ed14f4c8206e,,Base Content Explicit,True,Base Content Explicit opt fission,,77,bytes,,,1724465404,2023-07-05T14:31:34,10541056.000000015,e0d642bf72e6c9fc5149ee2d9bc95ee0e790c002,1267974
autoland,4663319,4,bf38f69fee000115871578b15786525e82952421,windows11-64-2009-shippable-qr,,True,,,102210fe594ee9b33d82058545b1ed14f4c8206e,,Base Content Explicit,True,Base Content Explicit opt fission,,77,bytes,,,1724466878,2023-07-05T14:31:34,10561536.000000011,e0d642bf72e6c9fc5149ee2d9bc95ee0e790c002,1267974
autoland,4663319,4,bf38f69fee000115871578b15786525e82952421,windows11-64-2009-shippable-qr,,True,,,102210fe594ee9b33d82058545b1ed14f4c8206e,,Base Content Explicit,True,Base Content Explicit opt fission,,77,bytes,,,1724465448,2023-07-05T14:33:40,10541056.000000015,6f0fb39ed2208b9a890b7a96df7fe97053d3c37c,1267975
autoland,4663319,4,bf38f69fee000115871578b15786525e82952421,windows11-64-2009-shippable-qr,,True,,,102210fe594ee9b33d82058545b1ed14f4c8206e,,Base Content Explicit,True,Base Content Explicit opt fission,,77,bytes,,,1724466103,2023-07-05T14:33:40,10635263.99999999,6f0fb39ed2208b9a890b7a96df7fe97053d3c37c,1267975
autoland,4663319,4,bf38f69fee000115871578b15786525e82952421,windows11-64-2009-shippable-qr,,True,,,102210fe594ee9b33d82058545b1ed14f4c8206e,,Base Content Explicit,True,Base Content Explicit opt fission,,77,bytes,,,1721728298,2023-07-05T14:38:06,10571775.999999996,4613dfbe6bc2e60b1159da46db2edee3018423e1,1267976
autoland,4663319,4,bf38f69fee000115871578b15786525e82952421,windows11-64-2009-shippable-qr,,True,,,102210fe594ee9b33d82058545b1ed14f4c8206e,,Base Content Explicit,True,Base Content Explicit opt fission,,77,bytes,,,1724465338,2023-07-05T14:38:06,10577919.999999993,4613dfbe6bc2e60b1159da46db2edee3018423e1,1267976
autoland,4663319,4,bf38f69fee000115871578b15786525e82952421,windows11-64-2009-shippable-qr,,True,,,102210fe594ee9b33d82058545b1ed14f4c8206e,,Base Content Explicit,True,Base Content Explicit opt fission,,77,bytes,,,1724466130,2023-07-05T14:38:06,10514432.000000011,4613dfbe6bc2e60b1159da46db2edee3018423e1,1267976
autoland,4663319,4,bf38f69fee000115871578b15786525e82952421,windows11-64-2009-shippable-qr,,True,,,102210fe594ee9b33d82058545b1ed14f4c8206e,,Base Content Explicit,True,Base Content Explicit opt fission,,77,bytes,,,1723858431,2023-07-05T14:39:01,10557439.999999996,d619ad58f951905f48571e1804cf9132885ce885,1267978
autoland,4663319,4,bf38f69fee000115871578b15786525e82952421,windows11-64-2009-shippable-qr,,True,,,102210fe594ee9b33d82058545b1ed14f4c8206e,,Base Content Explicit,True,Base Content Explicit opt fission,,77,bytes,,,1724465247,2023-07-05T14:39:01,10596351.999999987,d619ad58f951905f48571e1804cf9132885ce885,1267978
autoland,4663319,4,bf38f69fee000115871578b15786525e82952421,windows11-64-2009-shippable-qr,,True,,,102210fe594ee9b33d82058545b1ed14f4c8206e,,Base Content Explicit,True,Base Content Explicit opt fission,,77,bytes,,,1724466091,2023-07-05T14:39:01,10635263.99999999,d619ad58f951905f48571e1804cf9132885ce885,1267978
autoland,4663319,4,bf38f69fee000115871578b15786525e82952421,windows11-64-2009-shippable-qr,,True,,,102210fe594ee9b33d82058545b1ed14f4c8206e,,Base Content Explicit,True,Base Content Explicit opt fission,,77,bytes,,,1723858347,2023-07-05T15:39:55,10766336.000000019,502f57bb0ebbce52ba15616a4aa213f2478f8e1f,1268005
autoland,4663319,4,bf38f69fee000115871578b15786525e82952421,windows11-64-2009-shippable-qr,,True,,,102210fe594ee9b33d82058545b1ed14f4c8206e,,Base Content Explicit,True,Base Content Explicit opt fission,,77,bytes,,,1723858473,2023-07-05T15:40:57,10770431.999999985,95c936b7d536ff5c0b761109cf772d3ab6112d32,1268006
autoland,4663319,4,bf38f69fee000115871578b15786525e82952421,windows11-64-2009-shippable-qr,,True,,,102210fe594ee9b33d82058545b1ed14f4c8206e,,Base Content Explicit,True,Base Content Explicit opt fission,,77,bytes,,,1723858422,2023-07-05T15:42:18,10803199.999999987,9fa248115d04c4c176d45c9843ac4f4e4c91c35f,1268009
autoland,4663319,4,bf38f69fee000115871578b15786525e82952421,windows11-64-2009-shippable-qr,,True,,,102210fe594ee9b33d82058545b1ed14f4c8206e,,Base Content Explicit,True,Base Content Explicit opt fission,,77,bytes,,,1723858357,2023-07-05T15:43:36,10770431.999999985,ad7e8a2b535b206b4c64d764a65a3bfcd1048a3b,1268011
autoland,4663319,4,bf38f69fee000115871578b15786525e82952421,windows11-64-2009-shippable-qr,,True,,,102210fe594ee9b33d82058545b1ed14f4c8206e,,Base Content Explicit,True,Base Content Explicit opt fission,,77,bytes,,,1723858394,2023-07-05T15:46:19,10741759.999999993,5f3bdce0e3a185c78db0aeda1ae577216309e7eb,1268013
autoland,4663319,4,bf38f69fee000115871578b15786525e82952421,windows11-64-2009-shippable-qr,,True,,,102210fe594ee9b33d82058545b1ed14f4c8206e,,Base Content Explicit,True,Base Content Explicit opt fission,,77,bytes,,,1723858413,2023-07-05T15:50:52,10706944.00000001,b87c580577d02fb9d1b6f888cacb9db69a443e5a,1268018
autoland,4663319,4,bf38f69fee000115871578b15786525e82952421,windows11-64-2009-shippable-qr,,True,,,102210fe594ee9b33d82058545b1ed14f4c8206e,,Base Content Explicit,True,Base Content Explicit opt fission,,77,bytes,,,1723858464,2023-07-05T15:58:48,10766336.000000019,b2154b397ef787592eb1b88ebade9957d33df816,1268023
autoland,4663319,4,bf38f69fee000115871578b15786525e82952421,windows11-64-2009-shippable-qr,,True,,,102210fe594ee9b33d82058545b1ed14f4c8206e,,Base Content Explicit,True,Base Content Explicit opt fission,,77,bytes,,,1723858595,2023-07-05T15:59:53,10688512.000000017,0b8ba75ffb6e1afa9aaaa35106e7abfe43bb1799,1268026
autoland,4663319,4,bf38f69fee000115871578b15786525e82952421,windows11-64-2009-shippable-qr,,True,,,102210fe594ee9b33d82058545b1ed14f4c8206e,,Base Content Explicit,True,Base Content Explicit opt fission,,77,bytes,,,1723858404,2023-07-05T16:51:22,10729472.000000011,0f08c46deb0e9d27840717141cc877b4a0d54e23,1268046
autoland,4663319,4,bf38f69fee000115871578b15786525e82952421,windows11-64-2009-shippable-qr,,True,,,102210fe594ee9b33d82058545b1ed14f4c8206e,,Base Content Explicit,True,Base Content Explicit opt fission,,77,bytes,,,1723858627,2023-07-05T18:20:19,10749952.000000011,0e8e81c68d5f2b8d0058d18c9692c610f37b52bc,1268114
autoland,4663319,4,bf38f69fee000115871578b15786525e82952421,windows11-64-2009-shippable-qr,,True,,,102210fe594ee9b33d82058545b1ed14f4c8206e,,Base Content Explicit,True,Base Content Explicit opt fission,,77,bytes,,,1723858483,2023-07-05T18:21:18,10780671.999999985,09daa709ca35269c0786a2a9f717b1b55a1a4387,1268116
autoland,4663319,4,bf38f69fee000115871578b15786525e82952421,windows11-64-2009-shippable-qr,,True,,,102210fe594ee9b33d82058545b1ed14f4c8206e,,Base Content Explicit,True,Base Content Explicit opt fission,,77,bytes,,,1723858586,2023-07-05T18:22:09,10739711.999999985,b94ebbc25e0365a900ce1cffc0085f040062a832,1268119
autoland,4663319,4,bf38f69fee000115871578b15786525e82952421,windows11-64-2009-shippable-qr,,True,,,102210fe594ee9b33d82058545b1ed14f4c8206e,,Base Content Explicit,True,Base Content Explicit opt fission,,77,bytes,,,1723858686,2023-07-05T18:23:02,10772480.000000015,93ab703992f90d1e0ae2314686183e1bb08febd9,1268120
autoland,4663319,4,bf38f69fee000115871578b15786525e82952421,windows11-64-2009-shippable-qr,,True,,,102210fe594ee9b33d82058545b1ed14f4c8206e,,Base Content Explicit,True,Base Content Explicit opt fission,,77,bytes,,,1723858577,2023-07-05T18:23:58,10788864.000000007,6e7721ce39246523853331c2ac40e5783554f51c,1268121
autoland,4663319,4,bf38f69fee000115871578b15786525e82952421,windows11-64-2009-shippable-qr,,True,,,102210fe594ee9b33d82058545b1ed14f4c8206e,,Base Content Explicit,True,Base Content Explicit opt fission,,77,bytes,,,1723858665,2023-07-05T18:24:55,10774527.999999983,c7fe6d85db557608216cb2e870d26127bf42dfbe,1268124
autoland,4663319,4,bf38f69fee000115871578b15786525e82952421,windows11-64-2009-shippable-qr,,True,,,102210fe594ee9b33d82058545b1ed14f4c8206e,,Base Content Explicit,True,Base Content Explicit opt fission,,77,bytes,,,1723858642,2023-07-05T18:25:49,10739711.999999985,8efc65a77701390b2bd18840ac0b5e19d292abf5,1268125
autoland,4663319,4,bf38f69fee000115871578b15786525e82952421,windows11-64-2009-shippable-qr,,True,,,102210fe594ee9b33d82058545b1ed14f4c8206e,,Base Content Explicit,True,Base Content Explicit opt fission,,77,bytes,,,1723858676,2023-07-05T18:26:40,10700800.000000013,79bdd5a85918f7de7c26f8c592b1cc9858404734,1268127
autoland,4663319,4,bf38f69fee000115871578b15786525e82952421,windows11-64-2009-shippable-qr,,True,,,102210fe594ee9b33d82058545b1ed14f4c8206e,,Base Content Explicit,True,Base Content Explicit opt fission,,77,bytes,,,1723858653,2023-07-05T18:28:34,10751999.999999981,c744a2111c3b894f66af628b182eb0ae80b9a70f,1268129
autoland,4663319,4,bf38f69fee000115871578b15786525e82952421,windows11-64-2009-shippable-qr,,True,,,102210fe594ee9b33d82058545b1ed14f4c8206e,,Base Content Explicit,True,Base Content Explicit opt fission,,77,bytes,,,1721846241,2023-07-05T18:29:49,10727424.000000011,674dc1b6026b9fc62707f0df292dfaf1ba6557f1,1268132
autoland,4663319,4,bf38f69fee000115871578b15786525e82952421,windows11-64-2009-shippable-qr,,True,,,102210fe594ee9b33d82058545b1ed14f4c8206e,,Base Content Explicit,True,Base Content Explicit opt fission,,77,bytes,,,1721924955,2023-07-05T21:03:11,10694655.999999989,712427656ebd8d82b78a42d8e45b973aa7c220d7,1268236
autoland,4663319,4,bf38f69fee000115871578b15786525e82952421,windows11-64-2009-shippable-qr,,True,,,102210fe594ee9b33d82058545b1ed14f4c8206e,,Base Content Explicit,True,Base Content Explicit opt fission,,77,bytes,,,1722019275,2023-07-06T01:07:34,10668032.000000017,a0647e42fb1f509d753d2baacd7858b3ee9a8821,1268349
autoland,4663319,4,bf38f69fee000115871578b15786525e82952421,windows11-64-2009-shippable-qr,,True,,,102210fe594ee9b33d82058545b1ed14f4c8206e,,Base Content Explicit,True,Base Content Explicit opt fission,,77,bytes,,,1722099488,2023-07-06T06:12:07,10684415.999999987,1ba8085e68676425907973397d26e7417c1c4a74,1268405
autoland,4663319,4,bf38f69fee000115871578b15786525e82952421,windows11-64-2009-shippable-qr,,True,,,102210fe594ee9b33d82058545b1ed14f4c8206e,,Base Content Explicit,True,Base Content Explicit opt fission,,77,bytes,,,1722211920,2023-07-06T11:48:20,10786816.000000004,becc2fa2c186914b1a887e40e6f0e9a6643273eb,1268565
autoland,4663319,4,bf38f69fee000115871578b15786525e82952421,windows11-64-2009-shippable-qr,,True,,,102210fe594ee9b33d82058545b1ed14f4c8206e,,Base Content Explicit,True,Base Content Explicit opt fission,,77,bytes,,,1722221597,2023-07-06T12:38:53,10745855.999999987,5b919b11b30bcc659d499c9290a54c3f91d96bd2,1268598
autoland,4663319,4,bf38f69fee000115871578b15786525e82952421,windows11-64-2009-shippable-qr,,True,,,102210fe594ee9b33d82058545b1ed14f4c8206e,,Base Content Explicit,True,Base Content Explicit opt fission,,77,bytes,,,1722369232,2023-07-06T16:43:39,10708991.999999985,433f58fbe4180052220b584f15de1d1d6fda065a,1268777
autoland,4663319,4,bf38f69fee000115871578b15786525e82952421,windows11-64-2009-shippable-qr,,True,,,102210fe594ee9b33d82058545b1ed14f4c8206e,,Base Content Explicit,True,Base Content Explicit opt fission,,77,bytes,,,1722451182,2023-07-06T18:39:07,10727424.000000011,08f072ae172f3d48b0361ca0d34ead8a0b254e60,1268845
autoland,4663319,4,bf38f69fee000115871578b15786525e82952421,windows11-64-2009-shippable-qr,,True,,,102210fe594ee9b33d82058545b1ed14f4c8206e,,Base Content Explicit,True,Base Content Explicit opt fission,,77,bytes,,,1722515089,2023-07-06T20:44:41,10770431.999999985,2c6190b6ecb6ab8933a296c08e753c060a3c2e9b,1268939
autoland,4663319,4,bf38f69fee000115871578b15786525e82952421,windows11-64-2009-shippable-qr,,True,,,102210fe594ee9b33d82058545b1ed14f4c8206e,,Base Content Explicit,True,Base Content Explicit opt fission,,77,bytes,,,1722643132,2023-07-07T00:51:02,10725375.999999987,acd3d81337398ace5cd75f251f18da388ed281fa,1269038
autoland,4663319,4,bf38f69fee000115871578b15786525e82952421,windows11-64-2009-shippable-qr,,True,,,102210fe594ee9b33d82058545b1ed14f4c8206e,,Base Content Explicit,True,Base Content Explicit opt fission,,77,bytes,,,1722670664,2023-07-07T01:49:15,10778624.000000019,013763c5f493c6232cfa8502e7bcec4b151d9161,1269055
autoland,4663319,4,bf38f69fee000115871578b15786525e82952421,windows11-64-2009-shippable-qr,,True,,,102210fe594ee9b33d82058545b1ed14f4c8206e,,Base Content Explicit,True,Base Content Explicit opt fission,,77,bytes,,,1722711301,2023-07-07T06:17:26,10702848.000000006,e4d87ff75575880ea0c0fa09b316e360e4d9492f,1269097
autoland,4663319,4,bf38f69fee000115871578b15786525e82952421,windows11-64-2009-shippable-qr,,True,,,102210fe594ee9b33d82058545b1ed14f4c8206e,,Base Content Explicit,True,Base Content Explicit opt fission,,77,bytes,,,1722776304,2023-07-07T10:08:37,10672128.000000011,3a88b97290a0fe46c6fbfcf6dacd91c6b6900aeb,1269195
autoland,4663319,4,bf38f69fee000115871578b15786525e82952421,windows11-64-2009-shippable-qr,,True,,,102210fe594ee9b33d82058545b1ed14f4c8206e,,Base Content Explicit,True,Base Content Explicit opt fission,,77,bytes,,,1723888493,2023-07-07T10:09:39,10717184.000000006,c44eb014d30abdc2ee0cb5693becaecbf3f0feb3,1269196
autoland,4663319,4,bf38f69fee000115871578b15786525e82952421,windows11-64-2009-shippable-qr,,True,,,102210fe594ee9b33d82058545b1ed14f4c8206e,,Base Content Explicit,True,Base Content Explicit opt fission,,77,bytes,,,1723888448,2023-07-07T10:11:37,10735615.999999994,dd9364dcde1c580f7fa280d197da21954a620446,1269197
autoland,4663319,4,bf38f69fee000115871578b15786525e82952421,windows11-64-2009-shippable-qr,,True,,,102210fe594ee9b33d82058545b1ed14f4c8206e,,Base Content Explicit,True,Base Content Explicit opt fission,,77,bytes,,,1723888474,2023-07-07T10:15:37,10764288.000000019,c26206463772ec23662ec39df2cf414a1dddf5f8,1269199
autoland,4663319,4,bf38f69fee000115871578b15786525e82952421,windows11-64-2009-shippable-qr,,True,,,102210fe594ee9b33d82058545b1ed14f4c8206e,,Base Content Explicit,True,Base Content Explicit opt fission,,77,bytes,,,1723888483,2023-07-07T10:45:27,10733568.00000001,c92a7ee14127b70bd38235fb6605678661d3083b,1269210
autoland,4663319,4,bf38f69fee000115871578b15786525e82952421,windows11-64-2009-shippable-qr,,True,,,102210fe594ee9b33d82058545b1ed14f4c8206e,,Base Content Explicit,True,Base Content Explicit opt fission,,77,bytes,,,1723893764,2023-07-07T10:46:16,10747903.99999999,45ddcbde0d03f9d1f1da4981222b0afbfdb55b2e,1269211
autoland,4663319,4,bf38f69fee000115871578b15786525e82952421,windows11-64-2009-shippable-qr,,True,,,102210fe594ee9b33d82058545b1ed14f4c8206e,,Base Content Explicit,True,Base Content Explicit opt fission,,77,bytes,,,1723888237,2023-07-07T10:53:19,10739711.999999985,c29fc6627305de9a8af90ccd9442c7eabc8ac347,1269212
autoland,4663319,4,bf38f69fee000115871578b15786525e82952421,windows11-64-2009-shippable-qr,,True,,,102210fe594ee9b33d82058545b1ed14f4c8206e,,Base Content Explicit,True,Base Content Explicit opt fission,,77,bytes,,,1723888461,2023-07-07T11:00:26,10749952.000000011,790939d4314e8c4842bc44eb1f554b1dcc242b11,1269215
autoland,4663319,4,bf38f69fee000115871578b15786525e82952421,windows11-64-2009-shippable-qr,,True,,,102210fe594ee9b33d82058545b1ed14f4c8206e,,Base Content Explicit,True,Base Content Explicit opt fission,,77,bytes,,,1723888438,2023-07-07T11:05:33,10719232.0,7c42ae8a8e6c11e8e198e39ca0e8ef891f5ce26e,1269219
autoland,4663319,4,bf38f69fee000115871578b15786525e82952421,windows11-64-2009-shippable-qr,,True,,,102210fe594ee9b33d82058545b1ed14f4c8206e,,Base Content Explicit,True,Base Content Explicit opt fission,,77,bytes,,,1723888283,2023-07-07T11:06:20,10741759.999999993,844e8170798942d66b39ac5fc1d33cf2eddea468,1269220
autoland,4663319,4,bf38f69fee000115871578b15786525e82952421,windows11-64-2009-shippable-qr,,True,,,102210fe594ee9b33d82058545b1ed14f4c8206e,,Base Content Explicit,True,Base Content Explicit opt fission,,77,bytes,,,1723874384,2023-07-07T11:33:19,10751999.999999981,dd6b4605ab6081806f305ce27007b9707000d07d,1269232
autoland,4663319,4,bf38f69fee000115871578b15786525e82952421,windows11-64-2009-shippable-qr,,True,,,102210fe594ee9b33d82058545b1ed14f4c8206e,,Base Content Explicit,True,Base Content Explicit opt fission,,77,bytes,,,1723888503,2023-07-07T12:03:02,10790912.00000001,9d7771114693772e8ab22a98b22b8332da4ea88d,1269239
autoland,4663319,4,bf38f69fee000115871578b15786525e82952421,windows11-64-2009-shippable-qr,,True,,,102210fe594ee9b33d82058545b1ed14f4c8206e,,Base Content Explicit,True,Base Content Explicit opt fission,,77,bytes,,,1723888427,2023-07-07T12:10:14,10715135.999999987,423c48eae15e1ca6e75241825b4195c88853843e,1269240
autoland,4663319,4,bf38f69fee000115871578b15786525e82952421,windows11-64-2009-shippable-qr,,True,,,102210fe594ee9b33d82058545b1ed14f4c8206e,,Base Content Explicit,True,Base Content Explicit opt fission,,77,bytes,,,1723888522,2023-07-07T12:11:27,10764288.000000019,f4849b16468ca6d05967113a98e5bec680d29559,1269241
autoland,4663319,4,bf38f69fee000115871578b15786525e82952421,windows11-64-2009-shippable-qr,,True,,,102210fe594ee9b33d82058545b1ed14f4c8206e,,Base Content Explicit,True,Base Content Explicit opt fission,,77,bytes,,,1723888512,2023-07-07T12:18:25,10809343.999999994,e72d614ce773904905b4db9dd335146b30a15cf2,1269244
autoland,4663319,4,bf38f69fee000115871578b15786525e82952421,windows11-64-2009-shippable-qr,,True,,,102210fe594ee9b33d82058545b1ed14f4c8206e,,Base Content Explicit,True,Base Content Explicit opt fission,,77,bytes,,,1723888542,2023-07-07T12:45:21,10782719.999999993,02c839b588b3e38a684e47ff209928396a0bd70d,1269256
autoland,4663319,4,bf38f69fee000115871578b15786525e82952421,windows11-64-2009-shippable-qr,,True,,,102210fe594ee9b33d82058545b1ed14f4c8206e,,Base Content Explicit,True,Base Content Explicit opt fission,,77,bytes,,,1723888648,2023-07-07T13:44:27,10735615.999999994,2c9ff676895b0ed34177f796f93711d70e1fc2ac,1269275
autoland,4663319,4,bf38f69fee000115871578b15786525e82952421,windows11-64-2009-shippable-qr,,True,,,102210fe594ee9b33d82058545b1ed14f4c8206e,,Base Content Explicit,True,Base Content Explicit opt fission,,77,bytes,,,1723888552,2023-07-07T13:52:12,10741759.999999993,2ef473aa8aa49ccfd1aa15ba9be006a973a238c3,1269281
autoland,4663319,4,bf38f69fee000115871578b15786525e82952421,windows11-64-2009-shippable-qr,,True,,,102210fe594ee9b33d82058545b1ed14f4c8206e,,Base Content Explicit,True,Base Content Explicit opt fission,,77,bytes,,,1723888361,2023-07-07T13:54:02,10768384.000000017,de90da46b95ce9370a6fb0bbde7c3e33385c82ae,1269283
autoland,4663319,4,bf38f69fee000115871578b15786525e82952421,windows11-64-2009-shippable-qr,,True,,,102210fe594ee9b33d82058545b1ed14f4c8206e,,Base Content Explicit,True,Base Content Explicit opt fission,,77,bytes,,,1723888292,2023-07-07T13:55:44,10741759.999999993,5bb807209c50b4448cd6f999fa4e5f1db96eeb7a,1269285
autoland,4663319,4,bf38f69fee000115871578b15786525e82952421,windows11-64-2009-shippable-qr,,True,,,102210fe594ee9b33d82058545b1ed14f4c8206e,,Base Content Explicit,True,Base Content Explicit opt fission,,77,bytes,,,1722905117,2023-07-07T14:06:48,10737664.0,fb62b8660fcaa40ecb0be50aa61ba8005dcbba27,1269286
autoland,4663319,4,bf38f69fee000115871578b15786525e82952421,windows11-64-2009-shippable-qr,,True,,,102210fe594ee9b33d82058545b1ed14f4c8206e,,Base Content Explicit,True,Base Content Explicit opt fission,,77,bytes,,,1722950680,2023-07-07T16:51:44,10739711.999999985,43977d30a10af8e193044a9aa578f2bc8b33edf7,1269420
autoland,4663319,4,bf38f69fee000115871578b15786525e82952421,windows11-64-2009-shippable-qr,,True,,,102210fe594ee9b33d82058545b1ed14f4c8206e,,Base Content Explicit,True,Base Content Explicit opt fission,,77,bytes,,,1723209762,2023-07-08T02:51:52,10723327.999999987,d2be18e8ce8cd63eaddb8f012d582a2863075164,1269678
autoland,4663319,4,bf38f69fee000115871578b15786525e82952421,windows11-64-2009-shippable-qr,,True,,,102210fe594ee9b33d82058545b1ed14f4c8206e,,Base Content Explicit,True,Base Content Explicit opt fission,,77,bytes,,,1723254479,2023-07-08T06:55:09,10780671.999999985,ef7d9ea0c3f751e7c525a136923c9c404c297b1f,1269687
autoland,4663319,4,bf38f69fee000115871578b15786525e82952421,windows11-64-2009-shippable-qr,,True,,,102210fe594ee9b33d82058545b1ed14f4c8206e,,Base Content Explicit,True,Base Content Explicit opt fission,,77,bytes,,,1723357414,2023-07-08T13:13:32,10725375.999999987,ee68eebc7bfd59157569f7de331974b06e765482,1269721
autoland,4663319,4,bf38f69fee000115871578b15786525e82952421,windows11-64-2009-shippable-qr,,True,,,102210fe594ee9b33d82058545b1ed14f4c8206e,,Base Content Explicit,True,Base Content Explicit opt fission,,77,bytes,,,1723352746,2023-07-08T13:22:34,10764288.000000019,3809d32977a2db97fd06c8fd3214256dc18af9a0,1269723
autoland,4663319,4,bf38f69fee000115871578b15786525e82952421,windows11-64-2009-shippable-qr,,True,,,102210fe594ee9b33d82058545b1ed14f4c8206e,,Base Content Explicit,True,Base Content Explicit opt fission,,77,bytes,,,1723434581,2023-07-08T18:13:28,10690560.000000017,3b3b41fc7f1dad97415448fb4652eb636903a02a,1269751
autoland,4663319,4,bf38f69fee000115871578b15786525e82952421,windows11-64-2009-shippable-qr,,True,,,102210fe594ee9b33d82058545b1ed14f4c8206e,,Base Content Explicit,True,Base Content Explicit opt fission,,77,bytes,,,1723474703,2023-07-08T22:36:06,10715135.999999987,47c72d2828f6f406fbe77758e1ae8cd7837af977,1269766
autoland,4663319,4,bf38f69fee000115871578b15786525e82952421,windows11-64-2009-shippable-qr,,True,,,102210fe594ee9b33d82058545b1ed14f4c8206e,,Base Content Explicit,True,Base Content Explicit opt fission,,77,bytes,,,1723511116,2023-07-09T03:04:33,10725375.999999987,2ac0f03815253b96c145a52b1762ed04c50f079d,1269805
autoland,4663319,4,bf38f69fee000115871578b15786525e82952421,windows11-64-2009-shippable-qr,,True,,,102210fe594ee9b33d82058545b1ed14f4c8206e,,Base Content Explicit,True,Base Content Explicit opt fission,,77,bytes,,,1723582787,2023-07-09T11:37:17,10751999.999999981,60d4eb46c8b40ab0cd000c9ef298c63c45539be7,1269836
autoland,4663319,4,bf38f69fee000115871578b15786525e82952421,windows11-64-2009-shippable-qr,,True,,,102210fe594ee9b33d82058545b1ed14f4c8206e,,Base Content Explicit,True,Base Content Explicit opt fission,,77,bytes,,,1723634594,2023-07-09T16:14:27,10737664.0,38657e8c266f862cee349b298d0679f6617a8a63,1269855
autoland,4663319,4,bf38f69fee000115871578b15786525e82952421,windows11-64-2009-shippable-qr,,True,,,102210fe594ee9b33d82058545b1ed14f4c8206e,,Base Content Explicit,True,Base Content Explicit opt fission,,77,bytes,,,1723656727,2023-07-09T17:38:49,10747903.99999999,91d2d276f13316b73f0fed743d543009fcfade03,1269870
autoland,4663319,4,bf38f69fee000115871578b15786525e82952421,windows11-64-2009-shippable-qr,,True,,,102210fe594ee9b33d82058545b1ed14f4c8206e,,Base Content Explicit,True,Base Content Explicit opt fission,,77,bytes,,,1723708451,2023-07-09T22:03:27,10727424.000000011,5497748101b60ab9149d6616e70cabc4c11c6cb5,1269918
autoland,4663319,4,bf38f69fee000115871578b15786525e82952421,windows11-64-2009-shippable-qr,,True,,,102210fe594ee9b33d82058545b1ed14f4c8206e,,Base Content Explicit,True,Base Content Explicit opt fission,,77,bytes,,,1723846012,2023-07-10T02:33:11,10762240.000000015,aaa3698312c56a08a7b405178ee462fe3c2a30e7,1269963
autoland,4663319,4,bf38f69fee000115871578b15786525e82952421,windows11-64-2009-shippable-qr,,True,,,102210fe594ee9b33d82058545b1ed14f4c8206e,,Base Content Explicit,True,Base Content Explicit opt fission,,77,bytes,,,1723913867,2023-07-10T08:51:48,10713087.999999998,7313b6429e48b58bd38ab3be47999be475f2ba6b,1270053
autoland,4663319,4,bf38f69fee000115871578b15786525e82952421,windows11-64-2009-shippable-qr,,True,,,102210fe594ee9b33d82058545b1ed14f4c8206e,,Base Content Explicit,True,Base Content Explicit opt fission,,77,bytes,,,1724004099,2023-07-10T13:07:04,10702848.000000006,70fb59178ff21c468afeb592869c28371401db6a,1270176
autoland,4663319,4,bf38f69fee000115871578b15786525e82952421,windows11-64-2009-shippable-qr,,True,,,102210fe594ee9b33d82058545b1ed14f4c8206e,,Base Content Explicit,True,Base Content Explicit opt fission,,77,bytes,,,1724106183,2023-07-10T14:01:57,10756095.999999981,e31033710cfe590d9e7deda75757f71ddef34207,1270199
autoland,4663319,4,bf38f69fee000115871578b15786525e82952421,windows11-64-2009-shippable-qr,,True,,,102210fe594ee9b33d82058545b1ed14f4c8206e,,Base Content Explicit,True,Base Content Explicit opt fission,,77,bytes,,,1724210961,2023-07-10T18:14:55,10713087.999999998,1c909f267af625b4c370b6735113e1cafc94bbad,1270330
autoland,4663319,4,bf38f69fee000115871578b15786525e82952421,windows11-64-2009-shippable-qr,,True,,,102210fe594ee9b33d82058545b1ed14f4c8206e,,Base Content Explicit,True,Base Content Explicit opt fission,,77,bytes,,,1724279131,2023-07-10T19:48:56,10729472.000000011,923b28f88778b9de2f2a694c75dcb313148c0fc5,1270385
autoland,4663319,4,bf38f69fee000115871578b15786525e82952421,windows11-64-2009-shippable-qr,,True,,,102210fe594ee9b33d82058545b1ed14f4c8206e,,Base Content Explicit,True,Base Content Explicit opt fission,,77,bytes,,,1724342501,2023-07-11T01:42:54,10737664.0,b6a3e16c65e1298418f1aaf966dd3071d644075b,1270560
autoland,4663319,4,bf38f69fee000115871578b15786525e82952421,windows11-64-2009-shippable-qr,,True,,,102210fe594ee9b33d82058545b1ed14f4c8206e,,Base Content Explicit,True,Base Content Explicit opt fission,,77,bytes,,,1724464182,2023-07-11T06:35:00,10751999.999999981,bd6b3707b0b4eb7dd36fd65f81325cd71a20ab43,1270619
autoland,4663319,4,bf38f69fee000115871578b15786525e82952421,windows11-64-2009-shippable-qr,,True,,,102210fe594ee9b33d82058545b1ed14f4c8206e,,Base Content Explicit,True,Base Content Explicit opt fission,,77,bytes,,,1724513339,2023-07-11T08:55:46,10786816.000000004,6f3d3f416c953a7c5f64b907c4afb5906a1868a3,1270644
autoland,4663319,4,bf38f69fee000115871578b15786525e82952421,windows11-64-2009-shippable-qr,,True,,,102210fe594ee9b33d82058545b1ed14f4c8206e,,Base Content Explicit,True,Base Content Explicit opt fission,,77,bytes,,,1724595397,2023-07-11T13:33:02,10797056.000000013,0c47c1159e0a060ee709f9f8f854bfad27f86c85,1270792
autoland,4663319,4,bf38f69fee000115871578b15786525e82952421,windows11-64-2009-shippable-qr,,True,,,102210fe594ee9b33d82058545b1ed14f4c8206e,,Base Content Explicit,True,Base Content Explicit opt fission,,77,bytes,,,1724639415,2023-07-11T14:06:52,10741759.999999993,3100a08eeee126bc592700ba015d42a4eeabd552,1270802
autoland,4663319,4,bf38f69fee000115871578b15786525e82952421,windows11-64-2009-shippable-qr,,True,,,102210fe594ee9b33d82058545b1ed14f4c8206e,,Base Content Explicit,True,Base Content Explicit opt fission,,77,bytes,,,1724785503,2023-07-11T18:36:01,10756095.999999981,87db7bb709335405232188624e8b3fa9990fd678,1270977
autoland,4663319,4,bf38f69fee000115871578b15786525e82952421,windows11-64-2009-shippable-qr,,True,,,102210fe594ee9b33d82058545b1ed14f4c8206e,,Base Content Explicit,True,Base Content Explicit opt fission,,77,bytes,,,1724879248,2023-07-11T22:00:07,10704895.999999981,799309422d5f66cd280bc2aa8f49a203faaf670f,1271127
autoland,4663319,4,bf38f69fee000115871578b15786525e82952421,windows11-64-2009-shippable-qr,,True,,,102210fe594ee9b33d82058545b1ed14f4c8206e,,Base Content Explicit,True,Base Content Explicit opt fission,,77,bytes,,,1724951513,2023-07-12T03:43:13,10678272.000000017,409794f954d9150f8da58e49d75898a655aca25d,1271221
autoland,4663319,4,bf38f69fee000115871578b15786525e82952421,windows11-64-2009-shippable-qr,,True,,,102210fe594ee9b33d82058545b1ed14f4c8206e,,Base Content Explicit,True,Base Content Explicit opt fission,,77,bytes,,,1725022804,2023-07-12T07:41:52,10797056.000000013,3df39b644daab1c941ea8f68e6f1e1018058b95e,1271289
autoland,4663319,4,bf38f69fee000115871578b15786525e82952421,windows11-64-2009-shippable-qr,,True,,,102210fe594ee9b33d82058545b1ed14f4c8206e,,Base Content Explicit,True,Base Content Explicit opt fission,,77,bytes,,,1725119313,2023-07-12T11:57:10,10708991.999999985,323cd57deb4d5a322c892f49b9141687d7561c0b,1271397
autoland,4663319,4,bf38f69fee000115871578b15786525e82952421,windows11-64-2009-shippable-qr,,True,,,102210fe594ee9b33d82058545b1ed14f4c8206e,,Base Content Explicit,True,Base Content Explicit opt fission,,77,bytes,,,1725190655,2023-07-12T14:40:04,10780671.999999985,09a138b12b3b18e85b4234788a6f92fa756908af,1271467
autoland,4663319,4,bf38f69fee000115871578b15786525e82952421,windows11-64-2009-shippable-qr,,True,,,102210fe594ee9b33d82058545b1ed14f4c8206e,,Base Content Explicit,True,Base Content Explicit opt fission,,77,bytes,,,1725264274,2023-07-12T19:44:39,10719232.0,5af60a4168846b5be7576faecbb5050fa6d965cf,1271665
autoland,4663319,4,bf38f69fee000115871578b15786525e82952421,windows11-64-2009-shippable-qr,,True,,,102210fe594ee9b33d82058545b1ed14f4c8206e,,Base Content Explicit,True,Base Content Explicit opt fission,,77,bytes,,,1725342770,2023-07-12T23:52:09,10776575.999999994,48bcd4c43c3e833bc33696496138c36bdddef23d,1271821
autoland,4663319,4,bf38f69fee000115871578b15786525e82952421,windows11-64-2009-shippable-qr,,True,,,102210fe594ee9b33d82058545b1ed14f4c8206e,,Base Content Explicit,True,Base Content Explicit opt fission,,77,bytes,,,1725384929,2023-07-13T04:00:14,10751999.999999981,0724fde82b2fe250010f13a500b6c525eaf3abb5,1271916
autoland,4663319,4,bf38f69fee000115871578b15786525e82952421,windows11-64-2009-shippable-qr,,True,,,102210fe594ee9b33d82058545b1ed14f4c8206e,,Base Content Explicit,True,Base Content Explicit opt fission,,77,bytes,,,1725458239,2023-07-13T08:20:37,10682367.999999987,3170f4f57d01091d2a74fe40ee6f4ab8efa7351a,1271978
autoland,4663319,4,bf38f69fee000115871578b15786525e82952421,windows11-64-2009-shippable-qr,,True,,,102210fe594ee9b33d82058545b1ed14f4c8206e,,Base Content Explicit,True,Base Content Explicit opt fission,,77,bytes,,,1725549287,2023-07-13T11:47:10,10782719.999999993,1bfb25414a090700f286cd06319e91cb9ac6e336,1272070
autoland,4663319,4,bf38f69fee000115871578b15786525e82952421,windows11-64-2009-shippable-qr,,True,,,102210fe594ee9b33d82058545b1ed14f4c8206e,,Base Content Explicit,True,Base Content Explicit opt fission,,77,bytes,,,1725680787,2023-07-13T14:50:19,10770431.999999985,411654dc3bffdf2358079fc20c662dc3c58a2363,1272192
autoland,4663319,4,bf38f69fee000115871578b15786525e82952421,windows11-64-2009-shippable-qr,,True,,,102210fe594ee9b33d82058545b1ed14f4c8206e,,Base Content Explicit,True,Base Content Explicit opt fission,,77,bytes,,,1725821451,2023-07-13T19:23:25,10776575.999999994,93efae7712c8170b189d6e2d626af9bc74ee9f33,1272383
autoland,4663319,4,bf38f69fee000115871578b15786525e82952421,windows11-64-2009-shippable-qr,,True,,,102210fe594ee9b33d82058545b1ed14f4c8206e,,Base Content Explicit,True,Base Content Explicit opt fission,,77,bytes,,,1725951340,2023-07-13T23:46:26,10684415.999999987,d7363bddf2b82c4f02c60bf1f3236c1853a1d788,1272530
autoland,4663319,4,bf38f69fee000115871578b15786525e82952421,windows11-64-2009-shippable-qr,,True,,,102210fe594ee9b33d82058545b1ed14f4c8206e,,Base Content Explicit,True,Base Content Explicit opt fission,,77,bytes,,,1725945182,2023-07-14T00:33:08,10754048.000000002,ce811b4b8e62538cba1620fbe1f66b6963a00103,1272546
autoland,4663319,4,bf38f69fee000115871578b15786525e82952421,windows11-64-2009-shippable-qr,,True,,,102210fe594ee9b33d82058545b1ed14f4c8206e,,Base Content Explicit,True,Base Content Explicit opt fission,,77,bytes,,,1725995438,2023-07-14T05:34:55,10749952.000000011,196cda3a105202c8969a926a0637db0e0014c07d,1272621
autoland,4663319,4,bf38f69fee000115871578b15786525e82952421,windows11-64-2009-shippable-qr,,True,,,102210fe594ee9b33d82058545b1ed14f4c8206e,,Base Content Explicit,True,Base Content Explicit opt fission,,77,bytes,,,1726153170,2023-07-14T08:41:57,10715135.999999987,2c2b2040f7a3a963eaf19ecd574a96682fb4e6c3,1272676
autoland,4663319,4,bf38f69fee000115871578b15786525e82952421,windows11-64-2009-shippable-qr,,True,,,102210fe594ee9b33d82058545b1ed14f4c8206e,,Base Content Explicit,True,Base Content Explicit opt fission,,77,bytes,,,1726284753,2023-07-14T12:49:37,10713087.999999998,f04d14e8c457c340e7bb0c8955b7a42e3ed32c84,1272721
autoland,4663319,4,bf38f69fee000115871578b15786525e82952421,windows11-64-2009-shippable-qr,,True,,,102210fe594ee9b33d82058545b1ed14f4c8206e,,Base Content Explicit,True,Base Content Explicit opt fission,,77,bytes,,,1726354812,2023-07-14T16:10:08,10723327.999999987,379fa15b7cfddd1f92027d8c39b32706dc0f59a8,1272833
autoland,4663319,4,bf38f69fee000115871578b15786525e82952421,windows11-64-2009-shippable-qr,,True,,,102210fe594ee9b33d82058545b1ed14f4c8206e,,Base Content Explicit,True,Base Content Explicit opt fission,,77,bytes,,,1726470039,2023-07-14T21:22:48,10663935.999999983,f65db437bbbe4d54d073843c79519c0a373ada5c,1272987
autoland,4663319,4,bf38f69fee000115871578b15786525e82952421,windows11-64-2009-shippable-qr,,True,,,102210fe594ee9b33d82058545b1ed14f4c8206e,,Base Content Explicit,True,Base Content Explicit opt fission,,77,bytes,,,1726503927,2023-07-14T22:30:09,10684415.999999987,2fa0f2941257f51a55bcabee0f1913fe395266b0,1273018
autoland,4663319,4,bf38f69fee000115871578b15786525e82952421,windows11-64-2009-shippable-qr,,True,,,102210fe594ee9b33d82058545b1ed14f4c8206e,,Base Content Explicit,True,Base Content Explicit opt fission,,77,bytes,,,1726523077,2023-07-15T02:41:28,10739711.999999985,1e09c6aabfcd1088a923373e95d74f457e863755,1273070
autoland,4663319,4,bf38f69fee000115871578b15786525e82952421,windows11-64-2009-shippable-qr,,True,,,102210fe594ee9b33d82058545b1ed14f4c8206e,,Base Content Explicit,True,Base Content Explicit opt fission,,77,bytes,,,1726580638,2023-07-15T12:36:57,10743807.999999998,3a71e5ba50017ceb558d246e6ea58f8d5a57a3af,1273110
autoland,4663319,4,bf38f69fee000115871578b15786525e82952421,windows11-64-2009-shippable-qr,,True,,,102210fe594ee9b33d82058545b1ed14f4c8206e,,Base Content Explicit,True,Base Content Explicit opt fission,,77,bytes,,,1726628438,2023-07-15T18:59:02,10792959.999999985,23e9067195200f00248b6c027bfae113965bf3ea,1273125
autoland,4663319,4,bf38f69fee000115871578b15786525e82952421,windows11-64-2009-shippable-qr,,True,,,102210fe594ee9b33d82058545b1ed14f4c8206e,,Base Content Explicit,True,Base Content Explicit opt fission,,77,bytes,,,1726670990,2023-07-16T02:22:04,10721279.999999994,29be5ceedcdd2e835a383389153d9264d9b81217,1273151
autoland,4663319,4,bf38f69fee000115871578b15786525e82952421,windows11-64-2009-shippable-qr,,True,,,102210fe594ee9b33d82058545b1ed14f4c8206e,,Base Content Explicit,True,Base Content Explicit opt fission,,77,bytes,,,1726764947,2023-07-16T17:40:24,10733568.00000001,2d64faa1590722f6ec14781ee5e175a2c875171c,1273186
autoland,4663319,4,bf38f69fee000115871578b15786525e82952421,windows11-64-2009-shippable-qr,,True,,,102210fe594ee9b33d82058545b1ed14f4c8206e,,Base Content Explicit,True,Base Content Explicit opt fission,,77,bytes,,,1726893680,2023-07-17T10:08:58,10749952.000000011,ef60c7cdcb76172f1caf579529cf9fb756de4dbd,1273362
autoland,4663319,4,bf38f69fee000115871578b15786525e82952421,windows11-64-2009-shippable-qr,,True,,,102210fe594ee9b33d82058545b1ed14f4c8206e,,Base Content Explicit,True,Base Content Explicit opt fission,,77,bytes,,,1727012296,2023-07-17T14:30:30,10782719.999999993,e90e64d1c5a944feafdb48fe3527c9aeeac00ec9,1273474
autoland,4663319,4,bf38f69fee000115871578b15786525e82952421,windows11-64-2009-shippable-qr,,True,,,102210fe594ee9b33d82058545b1ed14f4c8206e,,Base Content Explicit,True,Base Content Explicit opt fission,,77,bytes,,,1726999571,2023-07-17T16:07:24,10766336.000000019,01dc0385e5b93df37aef43d60cd1105523eae328,1273529
autoland,4663319,4,bf38f69fee000115871578b15786525e82952421,windows11-64-2009-shippable-qr,,True,,,102210fe594ee9b33d82058545b1ed14f4c8206e,,Base Content Explicit,True,Base Content Explicit opt fission,,77,bytes,,,1727157659,2023-07-17T20:04:09,10694655.999999989,f2c1249026167b30c81eff3368093a442a915826,1273673
autoland,4663319,4,bf38f69fee000115871578b15786525e82952421,windows11-64-2009-shippable-qr,,True,,,102210fe594ee9b33d82058545b1ed14f4c8206e,,Base Content Explicit,True,Base Content Explicit opt fission,,77,bytes,,,1727204090,2023-07-17T23:40:15,10708991.999999985,bbea40f618ed9435d7c989dcb18dc1ba34d55d4c,1273797
autoland,4663319,4,bf38f69fee000115871578b15786525e82952421,windows11-64-2009-shippable-qr,,True,,,102210fe594ee9b33d82058545b1ed14f4c8206e,,Base Content Explicit,True,Base Content Explicit opt fission,,77,bytes,,,1727262868,2023-07-18T04:33:35,10815488.000000017,35e42e5979dac0b99828194869d5dc00365b37fb,1273869
autoland,4663319,4,bf38f69fee000115871578b15786525e82952421,windows11-64-2009-shippable-qr,,True,,,102210fe594ee9b33d82058545b1ed14f4c8206e,,Base Content Explicit,True,Base Content Explicit opt fission,,77,bytes,,,1727373638,2023-07-18T08:33:44,10764288.000000019,ff623ceacdca87e37ceaa8e2d7f2072d5a7ae7fb,1273935
autoland,4663319,4,bf38f69fee000115871578b15786525e82952421,windows11-64-2009-shippable-qr,,True,,,102210fe594ee9b33d82058545b1ed14f4c8206e,,Base Content Explicit,True,Base Content Explicit opt fission,,77,bytes,,,1727419978,2023-07-18T08:34:31,10731519.999999981,ed8bcaa0195e582a53b92eeac99b65a9c1f06da2,1273936
autoland,4663319,4,bf38f69fee000115871578b15786525e82952421,windows11-64-2009-shippable-qr,,True,,,102210fe594ee9b33d82058545b1ed14f4c8206e,,Base Content Explicit,True,Base Content Explicit opt fission,,77,bytes,,,1727526494,2023-07-18T13:03:29,10778624.000000019,bcffaa369c722f4ebfa7cb8af6a3fc605e2efa10,1274068
autoland,4663319,4,bf38f69fee000115871578b15786525e82952421,windows11-64-2009-shippable-qr,,True,,,102210fe594ee9b33d82058545b1ed14f4c8206e,,Base Content Explicit,True,Base Content Explicit opt fission,,77,bytes,,,1727545617,2023-07-18T13:45:23,10708991.999999985,0de8fdd9abfcc9f9019857d255157b5eb799f98b,1274096
autoland,4663319,4,bf38f69fee000115871578b15786525e82952421,windows11-64-2009-shippable-qr,,True,,,102210fe594ee9b33d82058545b1ed14f4c8206e,,Base Content Explicit,True,Base Content Explicit opt fission,,77,bytes,,,1727646321,2023-07-18T17:24:29,10727424.000000011,9330f8cb5765b67a89ac1427300f344a63d42cdc,1274230
autoland,4663319,4,bf38f69fee000115871578b15786525e82952421,windows11-64-2009-shippable-qr,,True,,,102210fe594ee9b33d82058545b1ed14f4c8206e,,Base Content Explicit,True,Base Content Explicit opt fission,,77,bytes,,,1727852525,2023-07-18T22:22:09,10719232.0,b39dcefbe15f24fbf00da64782588b71ef8277a6,1274408
autoland,4663319,4,bf38f69fee000115871578b15786525e82952421,windows11-64-2009-shippable-qr,,True,,,102210fe594ee9b33d82058545b1ed14f4c8206e,,Base Content Explicit,True,Base Content Explicit opt fission,,77,bytes,,,1727830189,2023-07-18T23:34:55,10629119.99999999,a8acb9b8880c2f1c2cf5891e5a20997a21d9d909,1274454
autoland,4663319,4,bf38f69fee000115871578b15786525e82952421,windows11-64-2009-shippable-qr,,True,,,102210fe594ee9b33d82058545b1ed14f4c8206e,,Base Content Explicit,True,Base Content Explicit opt fission,,77,bytes,,,1727947190,2023-07-19T05:12:28,10776575.999999994,49a85b3b07e07c1158f9cb0c1f58b67fc2d659f7,1274587
autoland,4663319,4,bf38f69fee000115871578b15786525e82952421,windows11-64-2009-shippable-qr,,True,,,102210fe594ee9b33d82058545b1ed14f4c8206e,,Base Content Explicit,True,Base Content Explicit opt fission,,77,bytes,,,1728110969,2023-07-19T08:12:16,10790912.00000001,140d21dede36ec0333dbfd36cf0d1320eee6cba4,1274646
autoland,4663319,4,bf38f69fee000115871578b15786525e82952421,windows11-64-2009-shippable-qr,,True,,,102210fe594ee9b33d82058545b1ed14f4c8206e,,Base Content Explicit,True,Base Content Explicit opt fission,,77,bytes,,,1728246127,2023-07-19T12:13:12,10706944.00000001,b8d9ace4647851e162743362d884084c81a969ab,1274744
autoland,4663319,4,bf38f69fee000115871578b15786525e82952421,windows11-64-2009-shippable-qr,,True,,,102210fe594ee9b33d82058545b1ed14f4c8206e,,Base Content Explicit,True,Base Content Explicit opt fission,,77,bytes,,,1728419471,2023-07-19T14:37:00,10737664.0,c1d9936545b5ba143392d27280eb1d56af5ac580,1274851
autoland,4663319,4,bf38f69fee000115871578b15786525e82952421,windows11-64-2009-shippable-qr,,True,,,102210fe594ee9b33d82058545b1ed14f4c8206e,,Base Content Explicit,True,Base Content Explicit opt fission,,77,bytes,,,1728574805,2023-07-19T18:46:51,10774527.999999983,a4cb1e2b9e3d0583fb35c77b1b5a61823240d23a,1275034
autoland,4663319,4,bf38f69fee000115871578b15786525e82952421,windows11-64-2009-shippable-qr,,True,,,102210fe594ee9b33d82058545b1ed14f4c8206e,,Base Content Explicit,True,Base Content Explicit opt fission,,77,bytes,,,1728673933,2023-07-19T22:17:04,10668032.000000017,7d1e4a896dd81d294b7bccc7c20345d7c0432b47,1275176
autoland,4663319,4,bf38f69fee000115871578b15786525e82952421,windows11-64-2009-shippable-qr,,True,,,102210fe594ee9b33d82058545b1ed14f4c8206e,,Base Content Explicit,True,Base Content Explicit opt fission,,77,bytes,,,1728731460,2023-07-20T03:34:20,10825728.00000001,e73cc92e62dbaf2e2cdb70a1d9890da611a2b772,1275291
autoland,4663319,4,bf38f69fee000115871578b15786525e82952421,windows11-64-2009-shippable-qr,,True,,,102210fe594ee9b33d82058545b1ed14f4c8206e,,Base Content Explicit,True,Base Content Explicit opt fission,,77,bytes,,,1728934180,2023-07-20T07:42:09,10731519.999999981,9a6d93f12d75deb2d5f6662ca35347a774d7cd6f,1275344
autoland,4663319,4,bf38f69fee000115871578b15786525e82952421,windows11-64-2009-shippable-qr,,True,,,102210fe594ee9b33d82058545b1ed14f4c8206e,,Base Content Explicit,True,Base Content Explicit opt fission,,77,bytes,,,1729021009,2023-07-20T12:22:04,10721279.999999994,0278b86272728b17ade153f25ef5ec4442158066,1275437
autoland,4663319,4,bf38f69fee000115871578b15786525e82952421,windows11-64-2009-shippable-qr,,True,,,102210fe594ee9b33d82058545b1ed14f4c8206e,,Base Content Explicit,True,Base Content Explicit opt fission,,77,bytes,,,1729131062,2023-07-20T15:24:57,10764288.000000019,0bc898fe076442e9a552e9918f1b50ece1c87859,1275543
autoland,4663319,4,bf38f69fee000115871578b15786525e82952421,windows11-64-2009-shippable-qr,,True,,,102210fe594ee9b33d82058545b1ed14f4c8206e,,Base Content Explicit,True,Base Content Explicit opt fission,,77,bytes,,,1729302230,2023-07-20T19:57:27,10698752.000000013,1474bffb9d2bc609c90f59cdbd875d90f152f78b,1275751
autoland,4663319,4,bf38f69fee000115871578b15786525e82952421,windows11-64-2009-shippable-qr,,True,,,102210fe594ee9b33d82058545b1ed14f4c8206e,,Base Content Explicit,True,Base Content Explicit opt fission,,77,bytes,,,1729395521,2023-07-20T23:58:39,10823680.000000013,a81b4cfa355314c5644c5a1924408dd57a6451ba,1275867
autoland,4663319,4,bf38f69fee000115871578b15786525e82952421,windows11-64-2009-shippable-qr,,True,,,102210fe594ee9b33d82058545b1ed14f4c8206e,,Base Content Explicit,True,Base Content Explicit opt fission,,77,bytes,,,1730607599,2023-07-21T00:53:00,10739711.999999985,750b3385f0aabe516c2fb75d4c7f9ecb007e0086,1275891
autoland,4663319,4,bf38f69fee000115871578b15786525e82952421,windows11-64-2009-shippable-qr,,True,,,102210fe594ee9b33d82058545b1ed14f4c8206e,,Base Content Explicit,True,Base Content Explicit opt fission,,77,bytes,,,1730626566,2023-07-21T00:55:20,10731519.999999981,0c46013a72604d89ebad7f3d2949a2414884a846,1275894
autoland,4663319,4,bf38f69fee000115871578b15786525e82952421,windows11-64-2009-shippable-qr,,True,,,102210fe594ee9b33d82058545b1ed14f4c8206e,,Base Content Explicit,True,Base Content Explicit opt fission,,77,bytes,,,1730625285,2023-07-21T01:09:11,10764288.000000019,fc0e320d091f56b2dc0d52f73f9f2f2756cfda01,1275897
autoland,4663319,4,bf38f69fee000115871578b15786525e82952421,windows11-64-2009-shippable-qr,,True,,,102210fe594ee9b33d82058545b1ed14f4c8206e,,Base Content Explicit,True,Base Content Explicit opt fission,,77,bytes,,,1730607487,2023-07-21T01:34:00,10764288.000000019,b2761163dfe00e77274c0dc918d4db877d152344,1275904
autoland,4663319,4,bf38f69fee000115871578b15786525e82952421,windows11-64-2009-shippable-qr,,True,,,102210fe594ee9b33d82058545b1ed14f4c8206e,,Base Content Explicit,True,Base Content Explicit opt fission,,77,bytes,,,1730609824,2023-07-21T01:34:59,10805247.999999983,91c9a25555a8f24769746f894fbe4f582bd49a2b,1275906
autoland,4663319,4,bf38f69fee000115871578b15786525e82952421,windows11-64-2009-shippable-qr,,True,,,102210fe594ee9b33d82058545b1ed14f4c8206e,,Base Content Explicit,True,Base Content Explicit opt fission,,77,bytes,,,1729439144,2023-07-21T02:12:29,10743807.999999998,561b7f418a4da2b68cf411804f9a6dcc542bf5d4,1275913
autoland,4663319,4,bf38f69fee000115871578b15786525e82952421,windows11-64-2009-shippable-qr,,True,,,102210fe594ee9b33d82058545b1ed14f4c8206e,,Base Content Explicit,True,Base Content Explicit opt fission,,77,bytes,,,1730530274,2023-07-21T02:12:29,10751999.999999981,561b7f418a4da2b68cf411804f9a6dcc542bf5d4,1275913
autoland,4663319,4,bf38f69fee000115871578b15786525e82952421,windows11-64-2009-shippable-qr,,True,,,102210fe594ee9b33d82058545b1ed14f4c8206e,,Base Content Explicit,True,Base Content Explicit opt fission,,77,bytes,,,1730616859,2023-07-21T02:20:21,10696703.999999994,87f9d33736c628142bf63fe97d8495220d3bda71,1275914
autoland,4663319,4,bf38f69fee000115871578b15786525e82952421,windows11-64-2009-shippable-qr,,True,,,102210fe594ee9b33d82058545b1ed14f4c8206e,,Base Content Explicit,True,Base Content Explicit opt fission,,77,bytes,,,1730607550,2023-07-21T02:27:27,10745855.999999987,560ffbba31d49972bfefbfca62c6ed183cc93d34,1275916
autoland,4663319,4,bf38f69fee000115871578b15786525e82952421,windows11-64-2009-shippable-qr,,True,,,102210fe594ee9b33d82058545b1ed14f4c8206e,,Base Content Explicit,True,Base Content Explicit opt fission,,77,bytes,,,1730619340,2023-07-21T02:44:08,10795008.000000002,9e7d1a045e6c9abe1ff880b00053c44fa802a888,1275918
autoland,4663319,4,bf38f69fee000115871578b15786525e82952421,windows11-64-2009-shippable-qr,,True,,,102210fe594ee9b33d82058545b1ed14f4c8206e,,Base Content Explicit,True,Base Content Explicit opt fission,,77,bytes,,,1730631154,2023-07-21T03:12:34,10770431.999999985,1ba3f32a547d54489f98bf83ff71302aaff7c4bc,1275930
autoland,4663319,4,bf38f69fee000115871578b15786525e82952421,windows11-64-2009-shippable-qr,,True,,,102210fe594ee9b33d82058545b1ed14f4c8206e,,Base Content Explicit,True,Base Content Explicit opt fission,,77,bytes,,,1730617656,2023-07-21T04:10:33,10774527.999999983,5418f35a9d736e8ce3b8a65b52b10a004b1a8091,1275934
autoland,4663319,4,bf38f69fee000115871578b15786525e82952421,windows11-64-2009-shippable-qr,,True,,,102210fe594ee9b33d82058545b1ed14f4c8206e,,Base Content Explicit,True,Base Content Explicit opt fission,,77,bytes,,,1730625668,2023-07-21T07:00:41,10741759.999999993,194a814b0967d7ae918dfec844bdb8261cc4612e,1275947
autoland,4663319,4,bf38f69fee000115871578b15786525e82952421,windows11-64-2009-shippable-qr,,True,,,102210fe594ee9b33d82058545b1ed14f4c8206e,,Base Content Explicit,True,Base Content Explicit opt fission,,77,bytes,,,1730532934,2023-07-21T07:01:50,10829824.0,9f38858dd080f485d1de5341d170514664c135bf,1275948
autoland,4663319,4,bf38f69fee000115871578b15786525e82952421,windows11-64-2009-shippable-qr,,True,,,102210fe594ee9b33d82058545b1ed14f4c8206e,,Base Content Explicit,True,Base Content Explicit opt fission,,77,bytes,,,1730626288,2023-07-21T07:03:42,10766336.000000019,17c2fff2f643c70fb24a4052db471b81b3cbd32d,1275949
autoland,4663319,4,bf38f69fee000115871578b15786525e82952421,windows11-64-2009-shippable-qr,,True,,,102210fe594ee9b33d82058545b1ed14f4c8206e,,Base Content Explicit,True,Base Content Explicit opt fission,,77,bytes,,,1730607710,2023-07-21T07:37:58,10762240.000000015,69fd2da9ef564e9fb96c12de11043f5217c145cd,1275959
autoland,4663319,4,bf38f69fee000115871578b15786525e82952421,windows11-64-2009-shippable-qr,,True,,,102210fe594ee9b33d82058545b1ed14f4c8206e,,Base Content Explicit,True,Base Content Explicit opt fission,,77,bytes,,,1731066282,2023-07-21T07:37:58,10751999.999999981,69fd2da9ef564e9fb96c12de11043f5217c145cd,1275959
autoland,4663319,4,bf38f69fee000115871578b15786525e82952421,windows11-64-2009-shippable-qr,,True,,,102210fe594ee9b33d82058545b1ed14f4c8206e,,Base Content Explicit,True,Base Content Explicit opt fission,,77,bytes,,,1731066292,2023-07-21T07:37:58,10735615.999999994,69fd2da9ef564e9fb96c12de11043f5217c145cd,1275959
autoland,4663319,4,bf38f69fee000115871578b15786525e82952421,windows11-64-2009-shippable-qr,,True,,,102210fe594ee9b33d82058545b1ed14f4c8206e,,Base Content Explicit,True,Base Content Explicit opt fission,,77,bytes,,,1731066301,2023-07-21T07:37:58,10643456.000000015,69fd2da9ef564e9fb96c12de11043f5217c145cd,1275959
autoland,4663319,4,bf38f69fee000115871578b15786525e82952421,windows11-64-2009-shippable-qr,,True,,,102210fe594ee9b33d82058545b1ed14f4c8206e,,Base Content Explicit,True,Base Content Explicit opt fission,,77,bytes,,,1730604110,2023-07-21T07:40:40,10723327.999999987,590a3ceaf7cf93efb6505dc2df88bf736e2e3cc8,1275960
autoland,4663319,4,bf38f69fee000115871578b15786525e82952421,windows11-64-2009-shippable-qr,,True,,,102210fe594ee9b33d82058545b1ed14f4c8206e,,Base Content Explicit,True,Base Content Explicit opt fission,,77,bytes,,,1730612645,2023-07-21T08:14:52,10768384.000000017,53fdf8e9584e3e6e3fc9efc6a2b9f0dbcbbe1840,1275968
autoland,4663319,4,bf38f69fee000115871578b15786525e82952421,windows11-64-2009-shippable-qr,,True,,,102210fe594ee9b33d82058545b1ed14f4c8206e,,Base Content Explicit,True,Base Content Explicit opt fission,,77,bytes,,,1730607771,2023-07-21T08:18:26,10751999.999999981,c769b866fd4d6dd255bb4a8f6a7bfb811c5fb5c6,1275970
autoland,4663319,4,bf38f69fee000115871578b15786525e82952421,windows11-64-2009-shippable-qr,,True,,,102210fe594ee9b33d82058545b1ed14f4c8206e,,Base Content Explicit,True,Base Content Explicit opt fission,,77,bytes,,,1730607766,2023-07-21T08:19:20,10807296.000000011,087853f0aeda29981c71db5b19bc7703bd4f4be2,1275971
autoland,4663319,4,bf38f69fee000115871578b15786525e82952421,windows11-64-2009-shippable-qr,,True,,,102210fe594ee9b33d82058545b1ed14f4c8206e,,Base Content Explicit,True,Base Content Explicit opt fission,,77,bytes,,,1730625230,2023-07-21T08:26:23,10782719.999999993,854eb826a167cfa33baffdc8ec9c4cbb51c8a11d,1275973
autoland,4663319,4,bf38f69fee000115871578b15786525e82952421,windows11-64-2009-shippable-qr,,True,,,102210fe594ee9b33d82058545b1ed14f4c8206e,,Base Content Explicit,True,Base Content Explicit opt fission,,77,bytes,,,1730619879,2023-07-21T08:31:20,10719232.0,c8f792302d8abbf41322170e329197d8913a68e1,1275974
autoland,4663319,4,bf38f69fee000115871578b15786525e82952421,windows11-64-2009-shippable-qr,,True,,,102210fe594ee9b33d82058545b1ed14f4c8206e,,Base Content Explicit,True,Base Content Explicit opt fission,,77,bytes,,,1730607856,2023-07-21T08:59:17,10749952.000000011,e92949e4c114c0e2bb88341c12c6400424f7005f,1275995
autoland,4663319,4,bf38f69fee000115871578b15786525e82952421,windows11-64-2009-shippable-qr,,True,,,102210fe594ee9b33d82058545b1ed14f4c8206e,,Base Content Explicit,True,Base Content Explicit opt fission,,77,bytes,,,1730612053,2023-07-21T09:00:06,10721279.999999994,01da2a1d941775866ec21ee34fa3c8b31c99ffbc,1275996
autoland,4663319,4,bf38f69fee000115871578b15786525e82952421,windows11-64-2009-shippable-qr,,True,,,102210fe594ee9b33d82058545b1ed14f4c8206e,,Base Content Explicit,True,Base Content Explicit opt fission,,77,bytes,,,1730610616,2023-07-21T09:35:19,10733568.00000001,d84db4eccac439f4feb0f8e7f3de8a800804261b,1276005
autoland,4663319,4,bf38f69fee000115871578b15786525e82952421,windows11-64-2009-shippable-qr,,True,,,102210fe594ee9b33d82058545b1ed14f4c8206e,,Base Content Explicit,True,Base Content Explicit opt fission,,77,bytes,,,1729578640,2023-07-21T09:50:03,10780671.999999985,a2fe9197bad582dee22ed11cd3cec32073abcbb1,1276015
autoland,4663319,4,bf38f69fee000115871578b15786525e82952421,windows11-64-2009-shippable-qr,,True,,,102210fe594ee9b33d82058545b1ed14f4c8206e,,Base Content Explicit,True,Base Content Explicit opt fission,,77,bytes,,,1729676211,2023-07-21T13:55:08,10702848.000000006,9df47ce85e0472ca3ad7784cdf4c5640950ed7d9,1276152
autoland,4663319,4,bf38f69fee000115871578b15786525e82952421,windows11-64-2009-shippable-qr,,True,,,102210fe594ee9b33d82058545b1ed14f4c8206e,,Base Content Explicit,True,Base Content Explicit opt fission,,77,bytes,,,1729808789,2023-07-21T17:11:12,10735615.999999994,e289c1fd943bfc8c2973687da74a008f86d9e60f,1276290
autoland,4663319,4,bf38f69fee000115871578b15786525e82952421,windows11-64-2009-shippable-qr,,True,,,102210fe594ee9b33d82058545b1ed14f4c8206e,,Base Content Explicit,True,Base Content Explicit opt fission,,77,bytes,,,1729869983,2023-07-21T21:17:12,10745855.999999987,f13e959d38c7e8d9590bbc8d44f95149bbe180d1,1276495
autoland,4663319,4,bf38f69fee000115871578b15786525e82952421,windows11-64-2009-shippable-qr,,True,,,102210fe594ee9b33d82058545b1ed14f4c8206e,,Base Content Explicit,True,Base Content Explicit opt fission,,77,bytes,,,1729903329,2023-07-21T22:20:56,10723327.999999987,50344759578b6b2e1851c6a6133121c4d89b4f0d,1276531
autoland,4663319,4,bf38f69fee000115871578b15786525e82952421,windows11-64-2009-shippable-qr,,True,,,102210fe594ee9b33d82058545b1ed14f4c8206e,,Base Content Explicit,True,Base Content Explicit opt fission,,77,bytes,,,1729946804,2023-07-22T03:42:46,10778624.000000019,e4939251f81ca8c6a2fb9db3bbd4416e04dff97d,1276588
autoland,4663319,4,bf38f69fee000115871578b15786525e82952421,windows11-64-2009-shippable-qr,,True,,,102210fe594ee9b33d82058545b1ed14f4c8206e,,Base Content Explicit,True,Base Content Explicit opt fission,,77,bytes,,,1730039702,2023-07-22T08:58:42,10715135.999999987,c95ec2e13d66e06547002bd008e87bea4f94c022,1276620
autoland,4663319,4,bf38f69fee000115871578b15786525e82952421,windows11-64-2009-shippable-qr,,True,,,102210fe594ee9b33d82058545b1ed14f4c8206e,,Base Content Explicit,True,Base Content Explicit opt fission,,77,bytes,,,1730102457,2023-07-22T14:13:52,10733568.00000001,b16351df250c572a14efa126f7702fe104ac9fd7,1276645
autoland,4663319,4,bf38f69fee000115871578b15786525e82952421,windows11-64-2009-shippable-qr,,True,,,102210fe594ee9b33d82058545b1ed14f4c8206e,,Base Content Explicit,True,Base Content Explicit opt fission,,77,bytes,,,1730212497,2023-07-23T02:59:53,10733568.00000001,829bb0f62051beedfe5ba05f679d3b6c8e0d1a3b,1276677
autoland,4663319,4,bf38f69fee000115871578b15786525e82952421,windows11-64-2009-shippable-qr,,True,,,102210fe594ee9b33d82058545b1ed14f4c8206e,,Base Content Explicit,True,Base Content Explicit opt fission,,77,bytes,,,1730286986,2023-07-23T12:16:45,10766336.000000019,bd6c5007212e7ee9ecc312d4ef096252a9702033,1276689
autoland,4663319,4,bf38f69fee000115871578b15786525e82952421,windows11-64-2009-shippable-qr,,True,,,102210fe594ee9b33d82058545b1ed14f4c8206e,,Base Content Explicit,True,Base Content Explicit opt fission,,77,bytes,,,1730324269,2023-07-23T17:37:04,10805247.999999983,2fd3284df4616a8723f5b749c4652a682c7b5372,1276726
autoland,4663319,4,bf38f69fee000115871578b15786525e82952421,windows11-64-2009-shippable-qr,,True,,,102210fe594ee9b33d82058545b1ed14f4c8206e,,Base Content Explicit,True,Base Content Explicit opt fission,,77,bytes,,,1730399150,2023-07-24T00:19:00,10747903.99999999,7e5acc812edd3bcb93cfaf76eaab2c3fd6c4d274,1276767
autoland,4663319,4,bf38f69fee000115871578b15786525e82952421,windows11-64-2009-shippable-qr,,True,,,102210fe594ee9b33d82058545b1ed14f4c8206e,,Base Content Explicit,True,Base Content Explicit opt fission,,77,bytes,,,1730436886,2023-07-24T03:08:06,10790912.00000001,7b6332c9bce4487c1db3384523b5991fef31e28c,1276802
autoland,4663319,4,bf38f69fee000115871578b15786525e82952421,windows11-64-2009-shippable-qr,,True,,,102210fe594ee9b33d82058545b1ed14f4c8206e,,Base Content Explicit,True,Base Content Explicit opt fission,,77,bytes,,,1730481082,2023-07-24T07:35:58,10737664.0,91b590f6e608c6c3787304fa0010ce58519bde50,1276834
autoland,4663319,4,bf38f69fee000115871578b15786525e82952421,windows11-64-2009-shippable-qr,,True,,,102210fe594ee9b33d82058545b1ed14f4c8206e,,Base Content Explicit,True,Base Content Explicit opt fission,,77,bytes,,,1730648921,2023-07-24T11:14:54,10797056.000000013,b1a1263e67ce531d13e0a5e2e77c737b114e38b0,1276910
autoland,4663319,4,bf38f69fee000115871578b15786525e82952421,windows11-64-2009-shippable-qr,,True,,,102210fe594ee9b33d82058545b1ed14f4c8206e,,Base Content Explicit,True,Base Content Explicit opt fission,,77,bytes,,,1730782909,2023-07-24T16:02:50,10729472.000000011,2483fdffbe5e3c051a32bcf141fb33e9803c0afc,1277068
autoland,4663319,4,bf38f69fee000115871578b15786525e82952421,windows11-64-2009-shippable-qr,,True,,,102210fe594ee9b33d82058545b1ed14f4c8206e,,Base Content Explicit,True,Base Content Explicit opt fission,,77,bytes,,,1730869654,2023-07-24T19:16:11,10797056.000000013,f9c12557d7a4e074be3fc45027ae8ffbb8f27aaf,1277230
autoland,4663319,4,bf38f69fee000115871578b15786525e82952421,windows11-64-2009-shippable-qr,,True,,,102210fe594ee9b33d82058545b1ed14f4c8206e,,Base Content Explicit,True,Base Content Explicit opt fission,,77,bytes,,,1730980395,2023-07-24T23:43:54,10797056.000000013,bd745245ac70d82630be9e971b5a9077b5f514e8,1277393
autoland,4663319,4,bf38f69fee000115871578b15786525e82952421,windows11-64-2009-shippable-qr,,True,,,102210fe594ee9b33d82058545b1ed14f4c8206e,,Base Content Explicit,True,Base Content Explicit opt fission,,77,bytes,,,1730981027,2023-07-25T00:28:34,10727424.000000011,1084bcb2a2550fee8fad1f0be69e603b6c8d67bd,1277414
autoland,4663319,4,bf38f69fee000115871578b15786525e82952421,windows11-64-2009-shippable-qr,,True,,,102210fe594ee9b33d82058545b1ed14f4c8206e,,Base Content Explicit,True,Base Content Explicit opt fission,,77,bytes,,,1731059123,2023-07-25T04:47:38,10797056.000000013,862d1cf3d7a17e3dde9bda49c5561ec902bb8136,1277485
autoland,4663319,4,bf38f69fee000115871578b15786525e82952421,windows11-64-2009-shippable-qr,,True,,,102210fe594ee9b33d82058545b1ed14f4c8206e,,Base Content Explicit,True,Base Content Explicit opt fission,,77,bytes,,,1731128812,2023-07-25T10:06:07,10762240.000000015,8ea7aa580b526bc8c4a486b95f73da88462f716d,1277567
autoland,4663319,4,bf38f69fee000115871578b15786525e82952421,windows11-64-2009-shippable-qr,,True,,,102210fe594ee9b33d82058545b1ed14f4c8206e,,Base Content Explicit,True,Base Content Explicit opt fission,,77,bytes,,,1731177575,2023-07-25T10:29:47,10803199.999999987,45a52966f9649f4dc9b8bbb6a8e68cdcc63ee287,1277576
autoland,4663319,4,bf38f69fee000115871578b15786525e82952421,windows11-64-2009-shippable-qr,,True,,,102210fe594ee9b33d82058545b1ed14f4c8206e,,Base Content Explicit,True,Base Content Explicit opt fission,,77,bytes,,,1731329822,2023-07-25T14:49:04,10846207.999999994,1ae7562fa2353aa63871f769d4e0a1cdd9becf78,1277682
autoland,4663319,4,bf38f69fee000115871578b15786525e82952421,windows11-64-2009-shippable-qr,,True,,,102210fe594ee9b33d82058545b1ed14f4c8206e,,Base Content Explicit,True,Base Content Explicit opt fission,,77,bytes,,,1731294794,2023-07-25T15:17:56,10799103.999999981,c30662ce80ba57a0977cdeb03e776a28af4fa2fb,1277708
autoland,4663319,4,bf38f69fee000115871578b15786525e82952421,windows11-64-2009-shippable-qr,,True,,,102210fe594ee9b33d82058545b1ed14f4c8206e,,Base Content Explicit,True,Base Content Explicit opt fission,,77,bytes,,,1733353216,2023-07-25T19:24:10,10786816.000000004,c72e63fc6cc10a60c5e8ca2f0611f6fb2db2e6d5,1277873
autoland,4663319,4,bf38f69fee000115871578b15786525e82952421,windows11-64-2009-shippable-qr,,True,,,102210fe594ee9b33d82058545b1ed14f4c8206e,,Base Content Explicit,True,Base Content Explicit opt fission,,77,bytes,,,1733353459,2023-07-25T20:08:08,10813440.000000002,0b57f8c60115837b51fec8c14e76e73d6246aaa9,1277887
autoland,4663319,4,bf38f69fee000115871578b15786525e82952421,windows11-64-2009-shippable-qr,,True,,,102210fe594ee9b33d82058545b1ed14f4c8206e,,Base Content Explicit,True,Base Content Explicit opt fission,,77,bytes,,,1733353072,2023-07-25T20:18:24,10813440.000000002,057497f52bb2035ba4da666b7398ffa1e6c65bb5,1277896
autoland,4663319,4,bf38f69fee000115871578b15786525e82952421,windows11-64-2009-shippable-qr,,True,,,102210fe594ee9b33d82058545b1ed14f4c8206e,,Base Content Explicit,True,Base Content Explicit opt fission,,77,bytes,,,1733353186,2023-07-25T20:45:03,10788864.000000007,a6ca8c0a7fba3856ffad0d5c0c64baaa8819d5bb,1277910
autoland,4663319,4,bf38f69fee000115871578b15786525e82952421,windows11-64-2009-shippable-qr,,True,,,102210fe594ee9b33d82058545b1ed14f4c8206e,,Base Content Explicit,True,Base Content Explicit opt fission,,77,bytes,,,1733353399,2023-07-25T20:52:29,10840063.999999987,ca12d2a93c0cf33c19d053a5dd0838600f53e49a,1277922
autoland,4663319,4,bf38f69fee000115871578b15786525e82952421,windows11-64-2009-shippable-qr,,True,,,102210fe594ee9b33d82058545b1ed14f4c8206e,,Base Content Explicit,True,Base Content Explicit opt fission,,77,bytes,,,1733353432,2023-07-25T20:55:09,10838015.999999996,d5d1d5d6429085ee7a7dac10f50bba5a9f759b6a,1277925
autoland,4663319,4,bf38f69fee000115871578b15786525e82952421,windows11-64-2009-shippable-qr,,True,,,102210fe594ee9b33d82058545b1ed14f4c8206e,,Base Content Explicit,True,Base Content Explicit opt fission,,77,bytes,,,1733353665,2023-07-25T21:19:11,10792959.999999985,f3394bd0f55464102249e5a298c67475414d10fa,1277946
autoland,4663319,4,bf38f69fee000115871578b15786525e82952421,windows11-64-2009-shippable-qr,,True,,,102210fe594ee9b33d82058545b1ed14f4c8206e,,Base Content Explicit,True,Base Content Explicit opt fission,,77,bytes,,,1733353441,2023-07-25T21:48:19,10829824.0,17f9ed6698aaa87c31dced8cd2d939cae19f367a,1277961
autoland,4663319,4,bf38f69fee000115871578b15786525e82952421,windows11-64-2009-shippable-qr,,True,,,102210fe594ee9b33d82058545b1ed14f4c8206e,,Base Content Explicit,True,Base Content Explicit opt fission,,77,bytes,,,1733353177,2023-07-25T22:12:28,10821632.000000002,1316e023af4411c289e2fe2c7d2d73d9b1ac3fb0,1277974
autoland,4663319,4,bf38f69fee000115871578b15786525e82952421,windows11-64-2009-shippable-qr,,True,,,102210fe594ee9b33d82058545b1ed14f4c8206e,,Base Content Explicit,True,Base Content Explicit opt fission,,77,bytes,,,1733541062,2023-07-25T22:12:28,10729472.000000011,1316e023af4411c289e2fe2c7d2d73d9b1ac3fb0,1277974
autoland,4663319,4,bf38f69fee000115871578b15786525e82952421,windows11-64-2009-shippable-qr,,True,,,102210fe594ee9b33d82058545b1ed14f4c8206e,,Base Content Explicit,True,Base Content Explicit opt fission,,77,bytes,,,1733353164,2023-07-25T22:23:11,10780671.999999985,2157132d0eb549ea402a565dc385cf4b7d45e801,1277980
autoland,4663319,4,bf38f69fee000115871578b15786525e82952421,windows11-64-2009-shippable-qr,,True,,,102210fe594ee9b33d82058545b1ed14f4c8206e,,Base Content Explicit,True,Base Content Explicit opt fission,,77,bytes,,,1733540552,2023-07-25T22:23:11,10825728.00000001,2157132d0eb549ea402a565dc385cf4b7d45e801,1277980
autoland,4663319,4,bf38f69fee000115871578b15786525e82952421,windows11-64-2009-shippable-qr,,True,,,102210fe594ee9b33d82058545b1ed14f4c8206e,,Base Content Explicit,True,Base Content Explicit opt fission,,77,bytes,,,1731449511,2023-07-25T23:05:26,10745855.999999987,9a2f59dbe5917068801919377341eb7c1ea2030d,1278011
autoland,4663319,4,bf38f69fee000115871578b15786525e82952421,windows11-64-2009-shippable-qr,,True,,,102210fe594ee9b33d82058545b1ed14f4c8206e,,Base Content Explicit,True,Base Content Explicit opt fission,,77,bytes,,,1733353206,2023-07-25T23:05:26,10792959.999999985,9a2f59dbe5917068801919377341eb7c1ea2030d,1278011
autoland,4663319,4,bf38f69fee000115871578b15786525e82952421,windows11-64-2009-shippable-qr,,True,,,102210fe594ee9b33d82058545b1ed14f4c8206e,,Base Content Explicit,True,Base Content Explicit opt fission,,77,bytes,,,1733540353,2023-07-25T23:05:26,10856447.999999987,9a2f59dbe5917068801919377341eb7c1ea2030d,1278011
autoland,4663319,4,bf38f69fee000115871578b15786525e82952421,windows11-64-2009-shippable-qr,,True,,,102210fe594ee9b33d82058545b1ed14f4c8206e,,Base Content Explicit,True,Base Content Explicit opt fission,,77,bytes,,,1733353346,2023-07-25T23:13:28,10776575.999999994,3a4381f63e1e45f07f93fa6c783c22d11c83dbce,1278016
autoland,4663319,4,bf38f69fee000115871578b15786525e82952421,windows11-64-2009-shippable-qr,,True,,,102210fe594ee9b33d82058545b1ed14f4c8206e,,Base Content Explicit,True,Base Content Explicit opt fission,,77,bytes,,,1733540367,2023-07-25T23:13:28,10805247.999999983,3a4381f63e1e45f07f93fa6c783c22d11c83dbce,1278016
autoland,4663319,4,bf38f69fee000115871578b15786525e82952421,windows11-64-2009-shippable-qr,,True,,,102210fe594ee9b33d82058545b1ed14f4c8206e,,Base Content Explicit,True,Base Content Explicit opt fission,,77,bytes,,,1733353357,2023-07-25T23:30:36,10688512.000000017,c140d19fe155639178de2175a90af12e66449a31,1278023
autoland,4663319,4,bf38f69fee000115871578b15786525e82952421,windows11-64-2009-shippable-qr,,True,,,102210fe594ee9b33d82058545b1ed14f4c8206e,,Base Content Explicit,True,Base Content Explicit opt fission,,77,bytes,,,1733353398,2023-07-26T01:04:05,10811392.000000013,3344f1cf6de8b03ade3a0b50df1263a5bd9f457e,1278053
autoland,4663319,4,bf38f69fee000115871578b15786525e82952421,windows11-64-2009-shippable-qr,,True,,,102210fe594ee9b33d82058545b1ed14f4c8206e,,Base Content Explicit,True,Base Content Explicit opt fission,,77,bytes,,,1733353415,2023-07-26T02:22:46,10745855.999999987,7b936114a1fa502c293f2305d90cd2093639f58e,1278081
autoland,4663319,4,bf38f69fee000115871578b15786525e82952421,windows11-64-2009-shippable-qr,,True,,,102210fe594ee9b33d82058545b1ed14f4c8206e,,Base Content Explicit,True,Base Content Explicit opt fission,,77,bytes,,,1733353405,2023-07-26T02:23:39,10737664.0,14b4f6cfc1e92fefc60103b4e95a0b1edd9b4222,1278083
autoland,4663319,4,bf38f69fee000115871578b15786525e82952421,windows11-64-2009-shippable-qr,,True,,,102210fe594ee9b33d82058545b1ed14f4c8206e,,Base Content Explicit,True,Base Content Explicit opt fission,,77,bytes,,,1733353367,2023-07-26T02:24:34,10778624.000000019,5a5505a8a6f4a89154c4b06113db559e6c415128,1278085
autoland,4663319,4,bf38f69fee000115871578b15786525e82952421,windows11-64-2009-shippable-qr,,True,,,102210fe594ee9b33d82058545b1ed14f4c8206e,,Base Content Explicit,True,Base Content Explicit opt fission,,77,bytes,,,1733353377,2023-07-26T02:25:27,10797056.000000013,3f7884c6265a9ea179ee350a72d19344a34f082b,1278086
autoland,4663319,4,bf38f69fee000115871578b15786525e82952421,windows11-64-2009-shippable-qr,,True,,,102210fe594ee9b33d82058545b1ed14f4c8206e,,Base Content Explicit,True,Base Content Explicit opt fission,,77,bytes,,,1731498449,2023-07-26T02:26:30,10821632.000000002,6a9aca2a1b89781175cdec2df700998fa9209282,1278087
autoland,4663319,4,bf38f69fee000115871578b15786525e82952421,windows11-64-2009-shippable-qr,,True,,,102210fe594ee9b33d82058545b1ed14f4c8206e,,Base Content Explicit,True,Base Content Explicit opt fission,,77,bytes,,,1731535828,2023-07-26T06:49:07,10799103.999999981,8470bc21f160f3c1fecb034308c203412e1fcb3c,1278154
autoland,4663319,4,bf38f69fee000115871578b15786525e82952421,windows11-64-2009-shippable-qr,,True,,,102210fe594ee9b33d82058545b1ed14f4c8206e,,Base Content Explicit,True,Base Content Explicit opt fission,,77,bytes,,,1731593857,2023-07-26T09:35:06,10833920.000000004,87846ae3f12d74bcc97619bea65453ce0aca0e54,1278218
autoland,4663319,4,bf38f69fee000115871578b15786525e82952421,windows11-64-2009-shippable-qr,,True,,,102210fe594ee9b33d82058545b1ed14f4c8206e,,Base Content Explicit,True,Base Content Explicit opt fission,,77,bytes,,,1731774780,2023-07-26T15:38:17,10756095.999999981,b65b154c05c37b796b5c0ef7cc01fd37ecfdea1c,1278401
autoland,4663319,4,bf38f69fee000115871578b15786525e82952421,windows11-64-2009-shippable-qr,,True,,,102210fe594ee9b33d82058545b1ed14f4c8206e,,Base Content Explicit,True,Base Content Explicit opt fission,,77,bytes,,,1731877382,2023-07-26T23:24:58,10786816.000000004,84a5d1af6f7ff3689a022412a1fbc2c6632a5f96,1278695
autoland,4663319,4,bf38f69fee000115871578b15786525e82952421,windows11-64-2009-shippable-qr,,True,,,102210fe594ee9b33d82058545b1ed14f4c8206e,,Base Content Explicit,True,Base Content Explicit opt fission,,77,bytes,,,1731983343,2023-07-27T01:40:00,10772480.000000015,3e5ffa17cbfe0cff1585c411714ca008dc6ae15e,1278764
autoland,4663319,4,bf38f69fee000115871578b15786525e82952421,windows11-64-2009-shippable-qr,,True,,,102210fe594ee9b33d82058545b1ed14f4c8206e,,Base Content Explicit,True,Base Content Explicit opt fission,,77,bytes,,,1732136788,2023-07-27T11:30:20,10805247.999999983,84800a0d7e6ed9c82449cedd7ba57c2061572292,1278928
autoland,4663319,4,bf38f69fee000115871578b15786525e82952421,windows11-64-2009-shippable-qr,,True,,,102210fe594ee9b33d82058545b1ed14f4c8206e,,Base Content Explicit,True,Base Content Explicit opt fission,,77,bytes,,,1732424576,2023-07-27T19:34:25,10715135.999999987,f50f1984cd54c49748c94ebf3f3709aa4c582ead,1279276
autoland,4663319,4,bf38f69fee000115871578b15786525e82952421,windows11-64-2009-shippable-qr,,True,,,102210fe594ee9b33d82058545b1ed14f4c8206e,,Base Content Explicit,True,Base Content Explicit opt fission,,77,bytes,,,1732521408,2023-07-27T23:35:22,10692608.000000004,0b367e70ac913aeec6308d2b941cff4dc929cd22,1279407
autoland,4663319,4,bf38f69fee000115871578b15786525e82952421,windows11-64-2009-shippable-qr,,True,,,102210fe594ee9b33d82058545b1ed14f4c8206e,,Base Content Explicit,True,Base Content Explicit opt fission,,77,bytes,,,1732536502,2023-07-28T01:05:08,10835967.999999981,36ce680ea81ccb2f123f0f6831596185e6ea4e83,1279448
autoland,4663319,4,bf38f69fee000115871578b15786525e82952421,windows11-64-2009-shippable-qr,,True,,,102210fe594ee9b33d82058545b1ed14f4c8206e,,Base Content Explicit,True,Base Content Explicit opt fission,,77,bytes,,,1732624928,2023-07-28T05:46:55,10778624.000000019,10692fd51184d10f78fb0eb56090f3c55827b561,1279508
autoland,4663319,4,bf38f69fee000115871578b15786525e82952421,windows11-64-2009-shippable-qr,,True,,,102210fe594ee9b33d82058545b1ed14f4c8206e,,Base Content Explicit,True,Base Content Explicit opt fission,,77,bytes,,,1732731184,2023-07-28T11:09:37,10797056.000000013,af33198f4756b96446ab9cb00f77cc6e2b27f314,1279609
autoland,4663319,4,bf38f69fee000115871578b15786525e82952421,windows11-64-2009-shippable-qr,,True,,,102210fe594ee9b33d82058545b1ed14f4c8206e,,Base Content Explicit,True,Base Content Explicit opt fission,,77,bytes,,,1732852134,2023-07-28T14:46:21,10772480.000000015,08098e30932d89da82f6e452fff88fee938088d7,1279720
autoland,4663319,4,bf38f69fee000115871578b15786525e82952421,windows11-64-2009-shippable-qr,,True,,,102210fe594ee9b33d82058545b1ed14f4c8206e,,Base Content Explicit,True,Base Content Explicit opt fission,,77,bytes,,,1732956519,2023-07-28T18:48:27,10731519.999999981,2f51f44f5da6afbdb8a587b03f47fcdc7b672475,1279862
autoland,4663319,4,bf38f69fee000115871578b15786525e82952421,windows11-64-2009-shippable-qr,,True,,,102210fe594ee9b33d82058545b1ed14f4c8206e,,Base Content Explicit,True,Base Content Explicit opt fission,,77,bytes,,,1733008895,2023-07-28T22:56:39,10749952.000000011,95255b6bb2d51d6c10d6a3471da82aeaf7512c0f,1279985
autoland,4663319,4,bf38f69fee000115871578b15786525e82952421,windows11-64-2009-shippable-qr,,True,,,102210fe594ee9b33d82058545b1ed14f4c8206e,,Base Content Explicit,True,Base Content Explicit opt fission,,77,bytes,,,1733043150,2023-07-29T03:44:49,10762240.000000015,1c410aed156878dc739ffdb4343c315fb0bb0a00,1280031
autoland,4663319,4,bf38f69fee000115871578b15786525e82952421,windows11-64-2009-shippable-qr,,True,,,102210fe594ee9b33d82058545b1ed14f4c8206e,,Base Content Explicit,True,Base Content Explicit opt fission,,77,bytes,,,1733098582,2023-07-29T09:43:33,10782719.999999993,5f1e1cd609f68ff20fbea6b02e5a3444f7dd303d,1280059
autoland,4663319,4,bf38f69fee000115871578b15786525e82952421,windows11-64-2009-shippable-qr,,True,,,102210fe594ee9b33d82058545b1ed14f4c8206e,,Base Content Explicit,True,Base Content Explicit opt fission,,77,bytes,,,1733225548,2023-07-30T01:23:54,10672128.000000011,9a9597eb50561ea739c8a26da45dcbad6557a326,1280105
autoland,4663319,4,bf38f69fee000115871578b15786525e82952421,windows11-64-2009-shippable-qr,,True,,,102210fe594ee9b33d82058545b1ed14f4c8206e,,Base Content Explicit,True,Base Content Explicit opt fission,,77,bytes,,,1733267683,2023-07-30T13:52:06,10801151.999999993,ce5b2b0d4bc01294b78eeb50a7738e0b5755b3a4,1280125
autoland,4663319,4,bf38f69fee000115871578b15786525e82952421,windows11-64-2009-shippable-qr,,True,,,102210fe594ee9b33d82058545b1ed14f4c8206e,,Base Content Explicit,True,Base Content Explicit opt fission,,77,bytes,,,1733336813,2023-07-31T04:52:45,10838015.999999996,91dd0dbb8e738b29e6f14bdbaaf28f2b1f531b2b,1280185
autoland,4663319,4,bf38f69fee000115871578b15786525e82952421,windows11-64-2009-shippable-qr,,True,,,102210fe594ee9b33d82058545b1ed14f4c8206e,,Base Content Explicit,True,Base Content Explicit opt fission,,77,bytes,,,1733400226,2023-07-31T09:26:34,10706944.00000001,2b4f8ad0cecd1e9ce287bf572fd28b8b94d91717,1280244
autoland,4663319,4,bf38f69fee000115871578b15786525e82952421,windows11-64-2009-shippable-qr,,True,,,102210fe594ee9b33d82058545b1ed14f4c8206e,,Base Content Explicit,True,Base Content Explicit opt fission,,77,bytes,,,1733436392,2023-07-31T10:39:42,10778624.000000019,805b1cd5321098059e548eed4aa9db6f43cd833e,1280276
autoland,4663319,4,bf38f69fee000115871578b15786525e82952421,windows11-64-2009-shippable-qr,,True,,,102210fe594ee9b33d82058545b1ed14f4c8206e,,Base Content Explicit,True,Base Content Explicit opt fission,,77,bytes,,,1733573713,2023-07-31T14:45:15,10792959.999999985,7cad7000bc1c51f14ca241ac2aa08ac299612b8c,1280380
autoland,4663319,4,bf38f69fee000115871578b15786525e82952421,windows11-64-2009-shippable-qr,,True,,,102210fe594ee9b33d82058545b1ed14f4c8206e,,Base Content Explicit,True,Base Content Explicit opt fission,,77,bytes,,,1733590751,2023-07-31T16:08:26,10790912.00000001,0a238650aa096b0da883226d02d11fc5178541f3,1280438
autoland,4663319,4,bf38f69fee000115871578b15786525e82952421,windows11-64-2009-shippable-qr,,True,,,102210fe594ee9b33d82058545b1ed14f4c8206e,,Base Content Explicit,True,Base Content Explicit opt fission,,77,bytes,,,1733721396,2023-07-31T21:31:29,10805247.999999983,2d698aca1dece26df297dd085dbde9216e3b2e66,1280612
autoland,4663319,4,bf38f69fee000115871578b15786525e82952421,windows11-64-2009-shippable-qr,,True,,,102210fe594ee9b33d82058545b1ed14f4c8206e,,Base Content Explicit,True,Base Content Explicit opt fission,,77,bytes,,,1733720305,2023-07-31T21:34:42,10749952.000000011,28250de453513da3369c412cbce0f35b97146bec,1280618
autoland,4663319,4,bf38f69fee000115871578b15786525e82952421,windows11-64-2009-shippable-qr,,True,,,102210fe594ee9b33d82058545b1ed14f4c8206e,,Base Content Explicit,True,Base Content Explicit opt fission,,77,bytes,,,1733818002,2023-07-31T23:41:21,10790912.00000001,195161a06a7a71dbce0ee5e8ddb8c84f3cb03df7,1280694
autoland,4663319,4,bf38f69fee000115871578b15786525e82952421,windows11-64-2009-shippable-qr,,True,,,102210fe594ee9b33d82058545b1ed14f4c8206e,,Base Content Explicit,True,Base Content Explicit opt fission,,77,bytes,,,1733860526,2023-08-01T03:53:20,10764288.000000019,ca66ac527c958bd3f26f8c86f291fa85de21ec56,1280753
autoland,4663319,4,bf38f69fee000115871578b15786525e82952421,windows11-64-2009-shippable-qr,,True,,,102210fe594ee9b33d82058545b1ed14f4c8206e,,Base Content Explicit,True,Base Content Explicit opt fission,,77,bytes,,,1733869718,2023-08-01T04:02:13,10778624.000000019,d5ecff066adaf3a4029a970db93a9f23f1ed2587,1280758
autoland,4663319,4,bf38f69fee000115871578b15786525e82952421,windows11-64-2009-shippable-qr,,True,,,102210fe594ee9b33d82058545b1ed14f4c8206e,,Base Content Explicit,True,Base Content Explicit opt fission,,77,bytes,,,1734011165,2023-08-01T08:15:56,10758143.999999996,5201d6f4a7e8740bd42f08295800c15e0e18cd7e,1280812
autoland,4663319,4,bf38f69fee000115871578b15786525e82952421,windows11-64-2009-shippable-qr,,True,,,102210fe594ee9b33d82058545b1ed14f4c8206e,,Base Content Explicit,True,Base Content Explicit opt fission,,77,bytes,,,1734013030,2023-08-01T08:24:47,10862592.000000013,b83cfea645752706c643567095d49b349cb9e610,1280822
autoland,4663319,4,bf38f69fee000115871578b15786525e82952421,windows11-64-2009-shippable-qr,,True,,,102210fe594ee9b33d82058545b1ed14f4c8206e,,Base Content Explicit,True,Base Content Explicit opt fission,,77,bytes,,,1734080797,2023-08-01T12:32:45,10751999.999999981,90b19e0d07e5d2cd137f135b860f0357df90e338,1280938
autoland,4663319,4,bf38f69fee000115871578b15786525e82952421,windows11-64-2009-shippable-qr,,True,,,102210fe594ee9b33d82058545b1ed14f4c8206e,,Base Content Explicit,True,Base Content Explicit opt fission,,77,bytes,,,1734086240,2023-08-01T12:49:44,10778624.000000019,61356e1447e3bb09709883f8b5806a201d39c5a4,1280953
autoland,4663319,4,bf38f69fee000115871578b15786525e82952421,windows11-64-2009-shippable-qr,,True,,,102210fe594ee9b33d82058545b1ed14f4c8206e,,Base Content Explicit,True,Base Content Explicit opt fission,,77,bytes,,,1734149000,2023-08-01T15:48:38,10780671.999999985,ea7df1f8976b5cdf0d7ddbc918c38d7fffcee983,1281058
autoland,4663319,4,bf38f69fee000115871578b15786525e82952421,windows11-64-2009-shippable-qr,,True,,,102210fe594ee9b33d82058545b1ed14f4c8206e,,Base Content Explicit,True,Base Content Explicit opt fission,,77,bytes,,,1734344551,2023-08-01T20:02:17,10809343.999999994,fd6f3d21ce3f450906d293c067fdadc62ea991a6,1281212
autoland,4663319,4,bf38f69fee000115871578b15786525e82952421,windows11-64-2009-shippable-qr,,True,,,102210fe594ee9b33d82058545b1ed14f4c8206e,,Base Content Explicit,True,Base Content Explicit opt fission,,77,bytes,,,1734393392,2023-08-02T00:13:38,10668032.000000017,323a980eddb18489b9d7de1ffeff427026574b4c,1281337
autoland,4663319,4,bf38f69fee000115871578b15786525e82952421,windows11-64-2009-shippable-qr,,True,,,102210fe594ee9b33d82058545b1ed14f4c8206e,,Base Content Explicit,True,Base Content Explicit opt fission,,77,bytes,,,1734482169,2023-08-02T06:07:22,10758143.999999996,7ee1dad073d03db2f730fd5c2baf77f37e458feb,1281414
autoland,4663319,4,bf38f69fee000115871578b15786525e82952421,windows11-64-2009-shippable-qr,,True,,,102210fe594ee9b33d82058545b1ed14f4c8206e,,Base Content Explicit,True,Base Content Explicit opt fission,,77,bytes,,,1734478375,2023-08-02T06:35:09,10790912.00000001,a8968f9e8cf0bba14f132004f11b34a8abb93165,1281421
autoland,4663319,4,bf38f69fee000115871578b15786525e82952421,windows11-64-2009-shippable-qr,,True,,,102210fe594ee9b33d82058545b1ed14f4c8206e,,Base Content Explicit,True,Base Content Explicit opt fission,,77,bytes,,,1734577185,2023-08-02T10:39:12,10805247.999999983,338c2c8d91af0f92fa1a7a3b5fb1830adb54b373,1281520
autoland,4663319,4,bf38f69fee000115871578b15786525e82952421,windows11-64-2009-shippable-qr,,True,,,102210fe594ee9b33d82058545b1ed14f4c8206e,,Base Content Explicit,True,Base Content Explicit opt fission,,77,bytes,,,1734635469,2023-08-02T12:59:29,10805247.999999983,b21c8906db6d0a7e0fbae7e609d90da9cf977fbb,1281568
autoland,4663319,4,bf38f69fee000115871578b15786525e82952421,windows11-64-2009-shippable-qr,,True,,,102210fe594ee9b33d82058545b1ed14f4c8206e,,Base Content Explicit,True,Base Content Explicit opt fission,,77,bytes,,,1734715785,2023-08-02T16:29:38,10733568.00000001,90ca26ab8ee142d08164d3ed9761aa023bc4e2aa,1281697
autoland,4663319,4,bf38f69fee000115871578b15786525e82952421,windows11-64-2009-shippable-qr,,True,,,102210fe594ee9b33d82058545b1ed14f4c8206e,,Base Content Explicit,True,Base Content Explicit opt fission,,77,bytes,,,1735020114,2023-08-03T00:54:50,10780671.999999985,9836af94c959ecca4666d7f0c19125b41969ff65,1282044
autoland,4663319,4,bf38f69fee000115871578b15786525e82952421,windows11-64-2009-shippable-qr,,True,,,102210fe594ee9b33d82058545b1ed14f4c8206e,,Base Content Explicit,True,Base Content Explicit opt fission,,77,bytes,,,1735006296,2023-08-03T00:55:51,10717184.000000006,c37e853eb755f0f4110f01509516da8c93baf284,1282045
autoland,4663319,4,bf38f69fee000115871578b15786525e82952421,windows11-64-2009-shippable-qr,,True,,,102210fe594ee9b33d82058545b1ed14f4c8206e,,Base Content Explicit,True,Base Content Explicit opt fission,,77,bytes,,,1735136824,2023-08-03T05:32:27,10817536.000000006,1eb2f6905e74aa982d6b71bec524ccfde726bb7b,1282117
autoland,4663319,4,bf38f69fee000115871578b15786525e82952421,windows11-64-2009-shippable-qr,,True,,,102210fe594ee9b33d82058545b1ed14f4c8206e,,Base Content Explicit,True,Base Content Explicit opt fission,,77,bytes,,,1735205231,2023-08-03T09:35:33,10786816.000000004,6f55c55c40c70eff3b82d3129f516257598ea115,1282197
autoland,4663319,4,bf38f69fee000115871578b15786525e82952421,windows11-64-2009-shippable-qr,,True,,,102210fe594ee9b33d82058545b1ed14f4c8206e,,Base Content Explicit,True,Base Content Explicit opt fission,,77,bytes,,,1735273018,2023-08-03T11:38:24,10774527.999999983,9a8ae552959ec73c3546151f30d131552d64bce0,1282235
autoland,4663319,4,bf38f69fee000115871578b15786525e82952421,windows11-64-2009-shippable-qr,,True,,,102210fe594ee9b33d82058545b1ed14f4c8206e,,Base Content Explicit,True,Base Content Explicit opt fission,,77,bytes,,,1735420323,2023-08-03T15:46:38,10809343.999999994,b801323d1ecc3535a192916c7cb0575710458777,1282361
autoland,4663319,4,bf38f69fee000115871578b15786525e82952421,windows11-64-2009-shippable-qr,,True,,,102210fe594ee9b33d82058545b1ed14f4c8206e,,Base Content Explicit,True,Base Content Explicit opt fission,,77,bytes,,,1735419225,2023-08-03T16:00:50,10758143.999999996,58d067f89f59472dc1a89d573ccebb4850863efa,1282374
autoland,4663319,4,bf38f69fee000115871578b15786525e82952421,windows11-64-2009-shippable-qr,,True,,,102210fe594ee9b33d82058545b1ed14f4c8206e,,Base Content Explicit,True,Base Content Explicit opt fission,,77,bytes,,,1735540757,2023-08-03T19:10:36,10934271.999999985,8527a2500a35867e4319772e3be1f2756dfcfced,1282500
autoland,4663319,4,bf38f69fee000115871578b15786525e82952421,windows11-64-2009-shippable-qr,,True,,,102210fe594ee9b33d82058545b1ed14f4c8206e,,Base Content Explicit,True,Base Content Explicit opt fission,,77,bytes,,,1735681332,2023-08-03T22:02:40,10743807.999999998,3922ccc760667154aea7a174114abfacb17fe35e,1282606
autoland,4663319,4,bf38f69fee000115871578b15786525e82952421,windows11-64-2009-shippable-qr,,True,,,102210fe594ee9b33d82058545b1ed14f4c8206e,,Base Content Explicit,True,Base Content Explicit opt fission,,77,bytes,,,1735713796,2023-08-04T02:28:33,10799103.999999981,2b60f9868271a131fa342332b78f3968159fa46e,1282715
autoland,4663319,4,bf38f69fee000115871578b15786525e82952421,windows11-64-2009-shippable-qr,,True,,,102210fe594ee9b33d82058545b1ed14f4c8206e,,Base Content Explicit,True,Base Content Explicit opt fission,,77,bytes,,,1735845741,2023-08-04T06:28:57,10760192.000000015,94da8bb07baea6212776a4b3ddcebff2c08eab98,1282781
autoland,4663319,4,bf38f69fee000115871578b15786525e82952421,windows11-64-2009-shippable-qr,,True,,,102210fe594ee9b33d82058545b1ed14f4c8206e,,Base Content Explicit,True,Base Content Explicit opt fission,,77,bytes,,,1735863868,2023-08-04T09:04:37,10774527.999999983,386212864d07a46141ce5bca1ef4988cefa4bad7,1282830
autoland,4663319,4,bf38f69fee000115871578b15786525e82952421,windows11-64-2009-shippable-qr,,True,,,102210fe594ee9b33d82058545b1ed14f4c8206e,,Base Content Explicit,True,Base Content Explicit opt fission,,77,bytes,,,1735995538,2023-08-04T13:05:51,10762240.000000015,3a8e173a97d02ae7b0aa11e9ca6f35b1fe8fa926,1282936
autoland,4663319,4,bf38f69fee000115871578b15786525e82952421,windows11-64-2009-shippable-qr,,True,,,102210fe594ee9b33d82058545b1ed14f4c8206e,,Base Content Explicit,True,Base Content Explicit opt fission,,77,bytes,,,1736001193,2023-08-04T14:26:38,10792959.999999985,8b506ab414513f3320eb7747254e94b37808bb75,1282995
autoland,4663319,4,bf38f69fee000115871578b15786525e82952421,windows11-64-2009-shippable-qr,,True,,,102210fe594ee9b33d82058545b1ed14f4c8206e,,Base Content Explicit,True,Base Content Explicit opt fission,,77,bytes,,,1736105768,2023-08-04T17:20:09,10741759.999999993,e8c6dc4a318cb8af6210801b4271ea32ee9f324a,1283108
autoland,4663319,4,bf38f69fee000115871578b15786525e82952421,windows11-64-2009-shippable-qr,,True,,,102210fe594ee9b33d82058545b1ed14f4c8206e,,Base Content Explicit,True,Base Content Explicit opt fission,,77,bytes,,,1736282779,2023-08-04T21:22:40,10803199.999999987,de6dcf5a4c0eec5ef6847cde00ec5da4fcee2e8c,1283226
autoland,4663319,4,bf38f69fee000115871578b15786525e82952421,windows11-64-2009-shippable-qr,,True,,,102210fe594ee9b33d82058545b1ed14f4c8206e,,Base Content Explicit,True,Base Content Explicit opt fission,,77,bytes,,,1736324320,2023-08-04T23:16:08,10778624.000000019,421628bd5a5c1cf8c64cb86994b1e6dc738abb49,1283269
autoland,4663319,4,bf38f69fee000115871578b15786525e82952421,windows11-64-2009-shippable-qr,,True,,,102210fe594ee9b33d82058545b1ed14f4c8206e,,Base Content Explicit,True,Base Content Explicit opt fission,,77,bytes,,,1736438114,2023-08-05T11:44:34,10766336.000000019,9e73058ab4aadee7e12b26a9be296b2bbc04cf74,1283328
autoland,4663319,4,bf38f69fee000115871578b15786525e82952421,windows11-64-2009-shippable-qr,,True,,,102210fe594ee9b33d82058545b1ed14f4c8206e,,Base Content Explicit,True,Base Content Explicit opt fission,,77,bytes,,,1736459124,2023-08-05T16:15:02,10797056.000000013,b0538d39e8c853c9e07b359df9c740d5175e7077,1283346
autoland,4663319,4,bf38f69fee000115871578b15786525e82952421,windows11-64-2009-shippable-qr,,True,,,102210fe594ee9b33d82058545b1ed14f4c8206e,,Base Content Explicit,True,Base Content Explicit opt fission,,77,bytes,,,1736609058,2023-08-06T23:55:51,10786816.000000004,a777f43c4d9cabe80f2fc3aea6bf95c7e3e9c4c1,1283445
autoland,4663319,4,bf38f69fee000115871578b15786525e82952421,windows11-64-2009-shippable-qr,,True,,,102210fe594ee9b33d82058545b1ed14f4c8206e,,Base Content Explicit,True,Base Content Explicit opt fission,,77,bytes,,,1736657088,2023-08-07T02:09:17,10751999.999999981,a86a27857ef685b0547d023a29fb8c8bb3f8fc1d,1283462
autoland,4663319,4,bf38f69fee000115871578b15786525e82952421,windows11-64-2009-shippable-qr,,True,,,102210fe594ee9b33d82058545b1ed14f4c8206e,,Base Content Explicit,True,Base Content Explicit opt fission,,77,bytes,,,1736707744,2023-08-07T06:19:47,10747903.99999999,6d877fdb9a1e892fe6528a26aab81b53cfae55c5,1283519
autoland,4663319,4,bf38f69fee000115871578b15786525e82952421,windows11-64-2009-shippable-qr,,True,,,102210fe594ee9b33d82058545b1ed14f4c8206e,,Base Content Explicit,True,Base Content Explicit opt fission,,77,bytes,,,1736758704,2023-08-07T09:17:55,10782719.999999993,2f07664dbc304adeae1029ead0f4ab014aaa02a8,1283581
autoland,4663319,4,bf38f69fee000115871578b15786525e82952421,windows11-64-2009-shippable-qr,,True,,,102210fe594ee9b33d82058545b1ed14f4c8206e,,Base Content Explicit,True,Base Content Explicit opt fission,,77,bytes,,,1736888490,2023-08-07T13:44:02,10780671.999999985,d59d0a5038b29cdbcbb2d4b003d642a2617e297f,1283713
autoland,4663319,4,bf38f69fee000115871578b15786525e82952421,windows11-64-2009-shippable-qr,,True,,,102210fe594ee9b33d82058545b1ed14f4c8206e,,Base Content Explicit,True,Base Content Explicit opt fission,,77,bytes,,,1736949554,2023-08-07T16:46:35,10743807.999999998,969534e114528550edbcaf30931bc5e255ac2475,1283815
autoland,4663319,4,bf38f69fee000115871578b15786525e82952421,windows11-64-2009-shippable-qr,,True,,,102210fe594ee9b33d82058545b1ed14f4c8206e,,Base Content Explicit,True,Base Content Explicit opt fission,,77,bytes,,,1737068992,2023-08-07T20:52:42,10760192.000000015,588b596bcb73c4c9cf235c8df1dc04fc9475c321,1283921
autoland,4663319,4,bf38f69fee000115871578b15786525e82952421,windows11-64-2009-shippable-qr,,True,,,102210fe594ee9b33d82058545b1ed14f4c8206e,,Base Content Explicit,True,Base Content Explicit opt fission,,77,bytes,,,1737071812,2023-08-07T21:31:10,10737664.0,0d1a783351f683e500d6e8f83d3dc430b2afdcbf,1283941
autoland,4663319,4,bf38f69fee000115871578b15786525e82952421,windows11-64-2009-shippable-qr,,True,,,102210fe594ee9b33d82058545b1ed14f4c8206e,,Base Content Explicit,True,Base Content Explicit opt fission,,77,bytes,,,1737226125,2023-08-08T01:47:48,10743807.999999998,7053ad5afbc40a1a98d9e4e447c98e2fd6d70f04,1284029
autoland,4663319,4,bf38f69fee000115871578b15786525e82952421,windows11-64-2009-shippable-qr,,True,,,102210fe594ee9b33d82058545b1ed14f4c8206e,,Base Content Explicit,True,Base Content Explicit opt fission,,77,bytes,,,1737301386,2023-08-08T08:03:57,10784767.999999987,201950bdeb03d34c7ad70702b52d28c3e0f6a448,1284128
autoland,4663319,4,bf38f69fee000115871578b15786525e82952421,windows11-64-2009-shippable-qr,,True,,,102210fe594ee9b33d82058545b1ed14f4c8206e,,Base Content Explicit,True,Base Content Explicit opt fission,,77,bytes,,,1737377541,2023-08-08T12:10:40,10786816.000000004,d1fbe6c1f87656fb4f55677904f55f6df433ea9a,1284255
autoland,4663319,4,bf38f69fee000115871578b15786525e82952421,windows11-64-2009-shippable-qr,,True,,,102210fe594ee9b33d82058545b1ed14f4c8206e,,Base Content Explicit,True,Base Content Explicit opt fission,,77,bytes,,,1737382274,2023-08-08T12:20:31,10805247.999999983,062a5e5729067f579bd6d1ab2f1a3021d7fd291a,1284261
autoland,4663319,4,bf38f69fee000115871578b15786525e82952421,windows11-64-2009-shippable-qr,,True,,,102210fe594ee9b33d82058545b1ed14f4c8206e,,Base Content Explicit,True,Base Content Explicit opt fission,,77,bytes,,,1737516792,2023-08-08T16:23:23,10813440.000000002,855c69dcdcc457c3e5a54150cdd89a71a2527e2b,1284396
autoland,4663319,4,bf38f69fee000115871578b15786525e82952421,windows11-64-2009-shippable-qr,,True,,,102210fe594ee9b33d82058545b1ed14f4c8206e,,Base Content Explicit,True,Base Content Explicit opt fission,,77,bytes,,,1737570951,2023-08-08T18:03:32,10803199.999999987,b19ed5a6579d312e71c03201698107835378c612,1284479
autoland,4663319,4,bf38f69fee000115871578b15786525e82952421,windows11-64-2009-shippable-qr,,True,,,102210fe594ee9b33d82058545b1ed14f4c8206e,,Base Content Explicit,True,Base Content Explicit opt fission,,77,bytes,,,1737658131,2023-08-08T21:27:09,10790912.00000001,4abb9ce2fb8e4174171b3478d6f28b78bf3f214a,1284603
autoland,4663319,4,bf38f69fee000115871578b15786525e82952421,windows11-64-2009-shippable-qr,,True,,,102210fe594ee9b33d82058545b1ed14f4c8206e,,Base Content Explicit,True,Base Content Explicit opt fission,,77,bytes,,,1737866845,2023-08-09T02:34:29,10801151.999999993,25a29224e55d9a839d6fddde206208a453535ec8,1284750
autoland,4663319,4,bf38f69fee000115871578b15786525e82952421,windows11-64-2009-shippable-qr,,True,,,102210fe594ee9b33d82058545b1ed14f4c8206e,,Base Content Explicit,True,Base Content Explicit opt fission,,77,bytes,,,1738019907,2023-08-09T13:49:06,10844159.999999994,46b5603cd2b8de629b659ec8d44fc7b086782c46,1285020
autoland,4663319,4,bf38f69fee000115871578b15786525e82952421,windows11-64-2009-shippable-qr,,True,,,102210fe594ee9b33d82058545b1ed14f4c8206e,,Base Content Explicit,True,Base Content Explicit opt fission,,77,bytes,,,1738198725,2023-08-09T17:29:37,10799103.999999981,299828b58af2fd55f393babed8ea8db6425040df,1285186
autoland,4663319,4,bf38f69fee000115871578b15786525e82952421,windows11-64-2009-shippable-qr,,True,,,102210fe594ee9b33d82058545b1ed14f4c8206e,,Base Content Explicit,True,Base Content Explicit opt fission,,77,bytes,,,1738315977,2023-08-09T20:56:32,10801151.999999993,9766f63db97d1b85b2f2f47d2b3cb3ee3782ae85,1285337
autoland,4663319,4,bf38f69fee000115871578b15786525e82952421,windows11-64-2009-shippable-qr,,True,,,102210fe594ee9b33d82058545b1ed14f4c8206e,,Base Content Explicit,True,Base Content Explicit opt fission,,77,bytes,,,1738393736,2023-08-10T01:02:34,10772480.000000015,b2b54f91567d2de224314e03fc81ba6e815e2fa7,1285442
autoland,4663319,4,bf38f69fee000115871578b15786525e82952421,windows11-64-2009-shippable-qr,,True,,,102210fe594ee9b33d82058545b1ed14f4c8206e,,Base Content Explicit,True,Base Content Explicit opt fission,,77,bytes,,,1738450188,2023-08-10T02:22:08,10727424.000000011,7704c89f0e6bc2ca33282a228b42fb5cd7aa072c,1285454
autoland,4663319,4,bf38f69fee000115871578b15786525e82952421,windows11-64-2009-shippable-qr,,True,,,102210fe594ee9b33d82058545b1ed14f4c8206e,,Base Content Explicit,True,Base Content Explicit opt fission,,77,bytes,,,1738529349,2023-08-10T06:54:21,10747903.99999999,24eb42c9b3d9f910ba5afe124232608f70532552,1285524
autoland,4663319,4,bf38f69fee000115871578b15786525e82952421,windows11-64-2009-shippable-qr,,True,,,102210fe594ee9b33d82058545b1ed14f4c8206e,,Base Content Explicit,True,Base Content Explicit opt fission,,77,bytes,,,1738543960,2023-08-10T07:38:16,10809343.999999994,f688cd32ea991c3f0e62e19b43efc48cb4cc183a,1285542
autoland,4663319,4,bf38f69fee000115871578b15786525e82952421,windows11-64-2009-shippable-qr,,True,,,102210fe594ee9b33d82058545b1ed14f4c8206e,,Base Content Explicit,True,Base Content Explicit opt fission,,77,bytes,,,1738672382,2023-08-10T11:47:02,10811392.000000013,b544a2a999190b3345911b807fac8392e1360811,1285658
autoland,4663319,4,bf38f69fee000115871578b15786525e82952421,windows11-64-2009-shippable-qr,,True,,,102210fe594ee9b33d82058545b1ed14f4c8206e,,Base Content Explicit,True,Base Content Explicit opt fission,,77,bytes,,,1738684895,2023-08-10T13:06:38,10799103.999999981,11f47f2a1cf08c1e0b5bb6374f2a7dd1f49c8cac,1285701
autoland,4663319,4,bf38f69fee000115871578b15786525e82952421,windows11-64-2009-shippable-qr,,True,,,102210fe594ee9b33d82058545b1ed14f4c8206e,,Base Content Explicit,True,Base Content Explicit opt fission,,77,bytes,,,1738790609,2023-08-10T16:07:39,10835967.999999981,42a4b2af29229dbfd0675767afaf6965d292e4a7,1285800
autoland,4663319,4,bf38f69fee000115871578b15786525e82952421,windows11-64-2009-shippable-qr,,True,,,102210fe594ee9b33d82058545b1ed14f4c8206e,,Base Content Explicit,True,Base Content Explicit opt fission,,77,bytes,,,1738900144,2023-08-10T18:32:11,10792959.999999985,fae9c8496544fb4597f4094d95b81fdefec01628,1285918
autoland,4663319,4,bf38f69fee000115871578b15786525e82952421,windows11-64-2009-shippable-qr,,True,,,102210fe594ee9b33d82058545b1ed14f4c8206e,,Base Content Explicit,True,Base Content Explicit opt fission,,77,bytes,,,1738982677,2023-08-10T21:59:13,10813440.000000002,389f1009f2db207be63aacd4c9c54990f9d1104b,1286074
autoland,4663319,4,bf38f69fee000115871578b15786525e82952421,windows11-64-2009-shippable-qr,,True,,,102210fe594ee9b33d82058545b1ed14f4c8206e,,Base Content Explicit,True,Base Content Explicit opt fission,,77,bytes,,,1739042307,2023-08-11T03:08:44,10735615.999999994,05da0ca6db46baad5f6e45489d80d5097053bb42,1286160
autoland,4663319,4,bf38f69fee000115871578b15786525e82952421,windows11-64-2009-shippable-qr,,True,,,102210fe594ee9b33d82058545b1ed14f4c8206e,,Base Content Explicit,True,Base Content Explicit opt fission,,77,bytes,,,1739113759,2023-08-11T07:27:06,10735615.999999994,efb44db563b1abcb74959e12c6ce8e577cd213f2,1286189
autoland,4663319,4,bf38f69fee000115871578b15786525e82952421,windows11-64-2009-shippable-qr,,True,,,102210fe594ee9b33d82058545b1ed14f4c8206e,,Base Content Explicit,True,Base Content Explicit opt fission,,77,bytes,,,1739114429,2023-08-11T08:27:25,10786816.000000004,cda91469ef2a9b195d09f702816a5f7aec451d02,1286199
autoland,4663319,4,bf38f69fee000115871578b15786525e82952421,windows11-64-2009-shippable-qr,,True,,,102210fe594ee9b33d82058545b1ed14f4c8206e,,Base Content Explicit,True,Base Content Explicit opt fission,,77,bytes,,,1739295986,2023-08-11T14:16:15,10786816.000000004,21aaca8e9cca74e93bf7c9c3a6c05b78a0d46a06,1286315
autoland,4663319,4,bf38f69fee000115871578b15786525e82952421,windows11-64-2009-shippable-qr,,True,,,102210fe594ee9b33d82058545b1ed14f4c8206e,,Base Content Explicit,True,Base Content Explicit opt fission,,77,bytes,,,1739320874,2023-08-11T16:12:07,10864640.0,16838b515ded4549918a4ebf3e3fa8a0b427e1f4,1286403
autoland,4663319,4,bf38f69fee000115871578b15786525e82952421,windows11-64-2009-shippable-qr,,True,,,102210fe594ee9b33d82058545b1ed14f4c8206e,,Base Content Explicit,True,Base Content Explicit opt fission,,77,bytes,,,1739410745,2023-08-11T20:27:04,10846207.999999994,700d98d93bde10f22824d5d41b863f4a108f832b,1286565
autoland,4663319,4,bf38f69fee000115871578b15786525e82952421,windows11-64-2009-shippable-qr,,True,,,102210fe594ee9b33d82058545b1ed14f4c8206e,,Base Content Explicit,True,Base Content Explicit opt fission,,77,bytes,,,1739550922,2023-08-12T05:14:02,10790912.00000001,8dd752fc2bce87d04b7ae3bab02bb57d59c64e8a,1286635
autoland,4663319,4,bf38f69fee000115871578b15786525e82952421,windows11-64-2009-shippable-qr,,True,,,102210fe594ee9b33d82058545b1ed14f4c8206e,,Base Content Explicit,True,Base Content Explicit opt fission,,77,bytes,,,1739560200,2023-08-12T05:14:50,10727424.000000011,f20040ae7b2f3e1499ea3b90639fd96566103125,1286636
autoland,4663319,4,bf38f69fee000115871578b15786525e82952421,windows11-64-2009-shippable-qr,,True,,,102210fe594ee9b33d82058545b1ed14f4c8206e,,Base Content Explicit,True,Base Content Explicit opt fission,,77,bytes,,,1739634242,2023-08-12T12:22:39,10870784.000000019,6386291adbedd6140dfbf10b071e5cc82f5433a1,1286663
autoland,4663319,4,bf38f69fee000115871578b15786525e82952421,windows11-64-2009-shippable-qr,,True,,,102210fe594ee9b33d82058545b1ed14f4c8206e,,Base Content Explicit,True,Base Content Explicit opt fission,,77,bytes,,,1739678922,2023-08-12T17:53:09,10811392.000000013,9a15449ff274a89d15ae4d345601385b371c2dff,1286688
autoland,4663319,4,bf38f69fee000115871578b15786525e82952421,windows11-64-2009-shippable-qr,,True,,,102210fe594ee9b33d82058545b1ed14f4c8206e,,Base Content Explicit,True,Base Content Explicit opt fission,,77,bytes,,,1739756429,2023-08-13T04:26:09,10823680.000000013,dcf2ddfaffbf9900de8ba4a674708bf996d147b6,1286737
autoland,4663319,4,bf38f69fee000115871578b15786525e82952421,windows11-64-2009-shippable-qr,,True,,,102210fe594ee9b33d82058545b1ed14f4c8206e,,Base Content Explicit,True,Base Content Explicit opt fission,,77,bytes,,,1739827559,2023-08-13T16:54:11,10768384.000000017,cbfbab86b8f2ad4e39c90caa2d8e55102609b72d,1286762
autoland,4663319,4,bf38f69fee000115871578b15786525e82952421,windows11-64-2009-shippable-qr,,True,,,102210fe594ee9b33d82058545b1ed14f4c8206e,,Base Content Explicit,True,Base Content Explicit opt fission,,77,bytes,,,1739923793,2023-08-14T00:32:30,10733568.00000001,bdeed1276a3515d597485fc241f9757ff607a9d1,1286792
autoland,4663319,4,bf38f69fee000115871578b15786525e82952421,windows11-64-2009-shippable-qr,,True,,,102210fe594ee9b33d82058545b1ed14f4c8206e,,Base Content Explicit,True,Base Content Explicit opt fission,,77,bytes,,,1739954658,2023-08-14T06:39:21,10760192.000000015,a5bcd3edffd78b69932e1ea7c5dda0894107edaa,1286822
autoland,4663319,4,bf38f69fee000115871578b15786525e82952421,windows11-64-2009-shippable-qr,,True,,,102210fe594ee9b33d82058545b1ed14f4c8206e,,Base Content Explicit,True,Base Content Explicit opt fission,,77,bytes,,,1740007520,2023-08-14T10:48:55,10815488.000000017,64a1445ac4138d208b6412914b12fd0a2e9ff945,1286891
autoland,4663319,4,bf38f69fee000115871578b15786525e82952421,windows11-64-2009-shippable-qr,,True,,,102210fe594ee9b33d82058545b1ed14f4c8206e,,Base Content Explicit,True,Base Content Explicit opt fission,,77,bytes,,,1740163600,2023-08-14T16:54:04,10797056.000000013,5b1987d52ae19ebe1b311fec0f664563b5bf198d,1287092
autoland,4663319,4,bf38f69fee000115871578b15786525e82952421,windows11-64-2009-shippable-qr,,True,,,102210fe594ee9b33d82058545b1ed14f4c8206e,,Base Content Explicit,True,Base Content Explicit opt fission,,77,bytes,,,1740333610,2023-08-14T21:20:15,10774527.999999983,7081c01a8f314a82bc3c055c11f0880dc2b706fb,1287268
autoland,4663319,4,bf38f69fee000115871578b15786525e82952421,windows11-64-2009-shippable-qr,,True,,,102210fe594ee9b33d82058545b1ed14f4c8206e,,Base Content Explicit,True,Base Content Explicit opt fission,,77,bytes,,,1740357556,2023-08-14T23:25:21,10786816.000000004,88ec6682eab1c5c36cb839c8db0156446559a1cb,1287331
autoland,4663319,4,bf38f69fee000115871578b15786525e82952421,windows11-64-2009-shippable-qr,,True,,,102210fe594ee9b33d82058545b1ed14f4c8206e,,Base Content Explicit,True,Base Content Explicit opt fission,,77,bytes,,,1740498171,2023-08-15T03:40:03,10831872.00000001,ef2753ba331b17b408096bfd42e83a91039b995d,1287395
autoland,4663319,4,bf38f69fee000115871578b15786525e82952421,windows11-64-2009-shippable-qr,,True,,,102210fe594ee9b33d82058545b1ed14f4c8206e,,Base Content Explicit,True,Base Content Explicit opt fission,,77,bytes,,,1740624223,2023-08-15T12:15:00,10799103.999999981,0038346134ec0c0912660c19edced48ff4c9996b,1287534
autoland,4663319,4,bf38f69fee000115871578b15786525e82952421,windows11-64-2009-shippable-qr,,True,,,102210fe594ee9b33d82058545b1ed14f4c8206e,,Base Content Explicit,True,Base Content Explicit opt fission,,77,bytes,,,1740650274,2023-08-15T12:16:05,10770431.999999985,34ea39f6bd8afd706e571c5a5c5557f8f02274c7,1287535
autoland,4663319,4,bf38f69fee000115871578b15786525e82952421,windows11-64-2009-shippable-qr,,True,,,102210fe594ee9b33d82058545b1ed14f4c8206e,,Base Content Explicit,True,Base Content Explicit opt fission,,77,bytes,,,1740833373,2023-08-15T17:48:00,10721279.999999994,c01a1256082294777509d59591b44cc1a9a54101,1287732
autoland,4663319,4,bf38f69fee000115871578b15786525e82952421,windows11-64-2009-shippable-qr,,True,,,102210fe594ee9b33d82058545b1ed14f4c8206e,,Base Content Explicit,True,Base Content Explicit opt fission,,77,bytes,,,1740996001,2023-08-15T20:18:28,10764288.000000019,b6d00af33f9f1879900a9ff148f77a03de4ca507,1287829
autoland,4663319,4,bf38f69fee000115871578b15786525e82952421,windows11-64-2009-shippable-qr,,True,,,102210fe594ee9b33d82058545b1ed14f4c8206e,,Base Content Explicit,True,Base Content Explicit opt fission,,77,bytes,,,1741056718,2023-08-16T01:44:13,10801151.999999993,af1979bb2dd22b96889d47af7852253d7f161693,1287987
autoland,4663319,4,bf38f69fee000115871578b15786525e82952421,windows11-64-2009-shippable-qr,,True,,,102210fe594ee9b33d82058545b1ed14f4c8206e,,Base Content Explicit,True,Base Content Explicit opt fission,,77,bytes,,,1741147815,2023-08-16T06:09:24,10758143.999999996,4d7123b9c5729f33db3288141ea7502fae3cbadc,1288100
autoland,4663319,4,bf38f69fee000115871578b15786525e82952421,windows11-64-2009-shippable-qr,,True,,,102210fe594ee9b33d82058545b1ed14f4c8206e,,Base Content Explicit,True,Base Content Explicit opt fission,,77,bytes,,,1741232511,2023-08-16T07:28:11,10811392.000000013,3ba3d3cb9bb7860efcbb623d34fc5d721fc7cfcb,1288129
autoland,4663319,4,bf38f69fee000115871578b15786525e82952421,windows11-64-2009-shippable-qr,,True,,,102210fe594ee9b33d82058545b1ed14f4c8206e,,Base Content Explicit,True,Base Content Explicit opt fission,,77,bytes,,,1741313062,2023-08-16T10:40:28,10764288.000000019,3cbe8cb45dab35d18ef4ffb5481be55dfabf47c7,1288233
autoland,4663319,4,bf38f69fee000115871578b15786525e82952421,windows11-64-2009-shippable-qr,,True,,,102210fe594ee9b33d82058545b1ed14f4c8206e,,Base Content Explicit,True,Base Content Explicit opt fission,,77,bytes,,,1741481516,2023-08-16T14:37:22,10805247.999999983,1cafd355bbcf32aae501b9419edec5e7c8a59968,1288343
autoland,4663319,4,bf38f69fee000115871578b15786525e82952421,windows11-64-2009-shippable-qr,,True,,,102210fe594ee9b33d82058545b1ed14f4c8206e,,Base Content Explicit,True,Base Content Explicit opt fission,,77,bytes,,,1741607418,2023-08-16T18:57:22,10778624.000000019,1c8dec8815d59d488dc44109a4361dcec573ec0a,1288496
autoland,4663319,4,bf38f69fee000115871578b15786525e82952421,windows11-64-2009-shippable-qr,,True,,,102210fe594ee9b33d82058545b1ed14f4c8206e,,Base Content Explicit,True,Base Content Explicit opt fission,,77,bytes,,,1741688887,2023-08-16T23:04:52,10784767.999999987,4e21d241af64f5d1f3b4796d48ab8d58a961f081,1288666
autoland,4663319,4,bf38f69fee000115871578b15786525e82952421,windows11-64-2009-shippable-qr,,True,,,102210fe594ee9b33d82058545b1ed14f4c8206e,,Base Content Explicit,True,Base Content Explicit opt fission,,77,bytes,,,1741735553,2023-08-16T23:22:50,10745855.999999987,200aa08042f1b584401fd4aca219d4b68edf7973,1288675
autoland,4663319,4,bf38f69fee000115871578b15786525e82952421,windows11-64-2009-shippable-qr,,True,,,102210fe594ee9b33d82058545b1ed14f4c8206e,,Base Content Explicit,True,Base Content Explicit opt fission,,77,bytes,,,1741811030,2023-08-17T04:16:28,10786816.000000004,18db2934736dc8d16e5b5840ec0b170aef5c0c3b,1288753
autoland,4663319,4,bf38f69fee000115871578b15786525e82952421,windows11-64-2009-shippable-qr,,True,,,102210fe594ee9b33d82058545b1ed14f4c8206e,,Base Content Explicit,True,Base Content Explicit opt fission,,77,bytes,,,1741995116,2023-08-17T08:24:55,10803199.999999987,bee27401511bf375891968a9ca78d7ef74d19962,1288813
autoland,4663319,4,bf38f69fee000115871578b15786525e82952421,windows11-64-2009-shippable-qr,,True,,,102210fe594ee9b33d82058545b1ed14f4c8206e,,Base Content Explicit,True,Base Content Explicit opt fission,,77,bytes,,,1741992083,2023-08-17T10:09:55,10803199.999999987,78e7cb2837e7dec0ef55a2f5f383625335ad2520,1288847
autoland,4663319,4,bf38f69fee000115871578b15786525e82952421,windows11-64-2009-shippable-qr,,True,,,102210fe594ee9b33d82058545b1ed14f4c8206e,,Base Content Explicit,True,Base Content Explicit opt fission,,77,bytes,,,1742168605,2023-08-17T14:34:38,10807296.000000011,776fbad509150f69418e1f44fa2580c651211253,1288953
autoland,4663319,4,bf38f69fee000115871578b15786525e82952421,windows11-64-2009-shippable-qr,,True,,,102210fe594ee9b33d82058545b1ed14f4c8206e,,Base Content Explicit,True,Base Content Explicit opt fission,,77,bytes,,,1742230001,2023-08-17T16:13:13,10733568.00000001,aac1f1d71d5251ffb80e7a22087e1c473e53069d,1289025
autoland,4663319,4,bf38f69fee000115871578b15786525e82952421,windows11-64-2009-shippable-qr,,True,,,102210fe594ee9b33d82058545b1ed14f4c8206e,,Base Content Explicit,True,Base Content Explicit opt fission,,77,bytes,,,1742418462,2023-08-17T19:44:04,10733568.00000001,e3a24ea4f8b0be504990cbc266d7af273804678e,1289144
autoland,4663319,4,bf38f69fee000115871578b15786525e82952421,windows11-64-2009-shippable-qr,,True,,,102210fe594ee9b33d82058545b1ed14f4c8206e,,Base Content Explicit,True,Base Content Explicit opt fission,,77,bytes,,,1742472050,2023-08-18T00:01:41,10786816.000000004,990790cb4b9bfd20fd7683f2815d50585f5dcba2,1289285
autoland,4663319,4,bf38f69fee000115871578b15786525e82952421,windows11-64-2009-shippable-qr,,True,,,102210fe594ee9b33d82058545b1ed14f4c8206e,,Base Content Explicit,True,Base Content Explicit opt fission,,77,bytes,,,1742600204,2023-08-18T04:25:36,10731519.999999981,deca2c956e89b8e65d2a1b0fcb79db8b991a7046,1289346
autoland,4663319,4,bf38f69fee000115871578b15786525e82952421,windows11-64-2009-shippable-qr,,True,,,102210fe594ee9b33d82058545b1ed14f4c8206e,,Base Content Explicit,True,Base Content Explicit opt fission,,77,bytes,,,1742656816,2023-08-18T05:21:52,10764288.000000019,87da0265a044885f5ed64cc9ce2b961721d2142e,1289351
autoland,4663319,4,bf38f69fee000115871578b15786525e82952421,windows11-64-2009-shippable-qr,,True,,,102210fe594ee9b33d82058545b1ed14f4c8206e,,Base Content Explicit,True,Base Content Explicit opt fission,,77,bytes,,,1742841082,2023-08-18T14:09:35,10795008.000000002,e2305368eaae41c8b47dd15f03addc2ec4fe0504,1289469
autoland,4663319,4,bf38f69fee000115871578b15786525e82952421,windows11-64-2009-shippable-qr,,True,,,102210fe594ee9b33d82058545b1ed14f4c8206e,,Base Content Explicit,True,Base Content Explicit opt fission,,77,bytes,,,1742929867,2023-08-18T19:46:30,10819584.000000002,62feb2305afdcba50bd84b58cd2ab152d53c61e7,1289627
autoland,4663319,4,bf38f69fee000115871578b15786525e82952421,windows11-64-2009-shippable-qr,,True,,,102210fe594ee9b33d82058545b1ed14f4c8206e,,Base Content Explicit,True,Base Content Explicit opt fission,,77,bytes,,,1743057201,2023-08-19T05:41:08,10713087.999999998,9814020284505cbc4a6075b3b7aba216be0632f8,1289731
autoland,4663319,4,bf38f69fee000115871578b15786525e82952421,windows11-64-2009-shippable-qr,,True,,,102210fe594ee9b33d82058545b1ed14f4c8206e,,Base Content Explicit,True,Base Content Explicit opt fission,,77,bytes,,,1743127865,2023-08-19T11:55:58,10829824.0,8fefefd6da577f8b3d842ea07120af9e964c09b5,1289750
autoland,4663319,4,bf38f69fee000115871578b15786525e82952421,windows11-64-2009-shippable-qr,,True,,,102210fe594ee9b33d82058545b1ed14f4c8206e,,Base Content Explicit,True,Base Content Explicit opt fission,,77,bytes,,,1743148576,2023-08-19T16:49:23,10760192.000000015,00ae001484c9ff1069878dc66b64e3cd07b706f4,1289762
autoland,4663319,4,bf38f69fee000115871578b15786525e82952421,windows11-64-2009-shippable-qr,,True,,,102210fe594ee9b33d82058545b1ed14f4c8206e,,Base Content Explicit,True,Base Content Explicit opt fission,,77,bytes,,,1743446044,2023-08-21T01:56:25,10803199.999999987,80d255ac1919800d21a7e2a610fbcd6fda43ed99,1289869
autoland,4663319,4,bf38f69fee000115871578b15786525e82952421,windows11-64-2009-shippable-qr,,True,,,102210fe594ee9b33d82058545b1ed14f4c8206e,,Base Content Explicit,True,Base Content Explicit opt fission,,77,bytes,,,1743507424,2023-08-21T07:01:47,10792959.999999985,a4b3b09ad08da2e5b588b641b24f767ff91e5912,1289886
autoland,4663319,4,bf38f69fee000115871578b15786525e82952421,windows11-64-2009-shippable-qr,,True,,,102210fe594ee9b33d82058545b1ed14f4c8206e,,Base Content Explicit,True,Base Content Explicit opt fission,,77,bytes,,,1743712638,2023-08-21T15:24:43,10768384.000000017,bc597f54f9cf91b3284e6f593c33ca79ec723077,1290025
autoland,4663319,4,bf38f69fee000115871578b15786525e82952421,windows11-64-2009-shippable-qr,,True,,,102210fe594ee9b33d82058545b1ed14f4c8206e,,Base Content Explicit,True,Base Content Explicit opt fission,,77,bytes,,,1743763964,2023-08-21T19:46:12,10801151.999999993,82b916987920b0a9e2071c575073cbcff078021a,1290082
autoland,4663319,4,bf38f69fee000115871578b15786525e82952421,windows11-64-2009-shippable-qr,,True,,,102210fe594ee9b33d82058545b1ed14f4c8206e,,Base Content Explicit,True,Base Content Explicit opt fission,,77,bytes,,,1743833195,2023-08-22T01:01:20,10737664.0,1bbf9fc4d2dc2a1ff3ccf67fb65cedc71fcc0291,1290123
autoland,4663319,4,bf38f69fee000115871578b15786525e82952421,windows11-64-2009-shippable-qr,,True,,,102210fe594ee9b33d82058545b1ed14f4c8206e,,Base Content Explicit,True,Base Content Explicit opt fission,,77,bytes,,,1744025081,2023-08-22T11:50:17,10629119.99999999,81c3a95411ab3d706659872a9aedef21494cac9c,1290203
autoland,4663319,4,bf38f69fee000115871578b15786525e82952421,windows11-64-2009-shippable-qr,,True,,,102210fe594ee9b33d82058545b1ed14f4c8206e,,Base Content Explicit,True,Base Content Explicit opt fission,,77,bytes,,,1744204905,2023-08-22T15:58:55,10786816.000000004,eccdb961d59ca1e4315f6b2d255d638be86d8f63,1290279
autoland,4663319,4,bf38f69fee000115871578b15786525e82952421,windows11-64-2009-shippable-qr,,True,,,102210fe594ee9b33d82058545b1ed14f4c8206e,,Base Content Explicit,True,Base Content Explicit opt fission,,77,bytes,,,1744237450,2023-08-22T16:02:39,10735615.999999994,ece9fb8fbedfa6acc08840151034f2468832c851,1290281
autoland,4663319,4,bf38f69fee000115871578b15786525e82952421,windows11-64-2009-shippable-qr,,True,,,102210fe594ee9b33d82058545b1ed14f4c8206e,,Base Content Explicit,True,Base Content Explicit opt fission,,77,bytes,,,1744304573,2023-08-22T20:17:58,10723327.999999987,a1487474ef2708086b96f2b3625f244382eb9f4a,1290386
autoland,4663319,4,bf38f69fee000115871578b15786525e82952421,windows11-64-2009-shippable-qr,,True,,,102210fe594ee9b33d82058545b1ed14f4c8206e,,Base Content Explicit,True,Base Content Explicit opt fission,,77,bytes,,,1744370577,2023-08-22T22:10:32,10852351.999999989,959c2f0abc19c494aba15ae7513fff9f59631cc1,1290435
autoland,4663319,4,bf38f69fee000115871578b15786525e82952421,windows11-64-2009-shippable-qr,,True,,,102210fe594ee9b33d82058545b1ed14f4c8206e,,Base Content Explicit,True,Base Content Explicit opt fission,,77,bytes,,,1744422350,2023-08-23T02:11:44,10682367.999999987,df1f27dc099011a97267a844e60b1350575fc73c,1290482
autoland,4663319,4,bf38f69fee000115871578b15786525e82952421,windows11-64-2009-shippable-qr,,True,,,102210fe594ee9b33d82058545b1ed14f4c8206e,,Base Content Explicit,True,Base Content Explicit opt fission,,77,bytes,,,1744589930,2023-08-23T06:45:25,10852351.999999989,991ab6dbc55b4783dc5a6f561a9cc22cb4408e38,1290546
autoland,4663319,4,bf38f69fee000115871578b15786525e82952421,windows11-64-2009-shippable-qr,,True,,,102210fe594ee9b33d82058545b1ed14f4c8206e,,Base Content Explicit,True,Base Content Explicit opt fission,,77,bytes,,,1744591053,2023-08-23T07:14:41,10682367.999999987,4a4d5e64aec5efa71e7c743f4c968544faee5332,1290556
autoland,4663319,4,bf38f69fee000115871578b15786525e82952421,windows11-64-2009-shippable-qr,,True,,,102210fe594ee9b33d82058545b1ed14f4c8206e,,Base Content Explicit,True,Base Content Explicit opt fission,,77,bytes,,,1744677934,2023-08-23T11:20:43,10676223.999999989,c3bfc7b73e9fc06ec28663e6501728233eb0d574,1290592
autoland,4663319,4,bf38f69fee000115871578b15786525e82952421,windows11-64-2009-shippable-qr,,True,,,102210fe594ee9b33d82058545b1ed14f4c8206e,,Base Content Explicit,True,Base Content Explicit opt fission,,77,bytes,,,1744774246,2023-08-23T15:20:56,10743807.999999998,a7db5ff392b1f3d18507813fbd65458438b3cbc4,1290685
autoland,4663319,4,bf38f69fee000115871578b15786525e82952421,windows11-64-2009-shippable-qr,,True,,,102210fe594ee9b33d82058545b1ed14f4c8206e,,Base Content Explicit,True,Base Content Explicit opt fission,,77,bytes,,,1744831403,2023-08-23T16:55:50,10637312.000000002,40a8041d06707a315c5f6e4b541dbe805bf34ec7,1290727
autoland,4663319,4,bf38f69fee000115871578b15786525e82952421,windows11-64-2009-shippable-qr,,True,,,102210fe594ee9b33d82058545b1ed14f4c8206e,,Base Content Explicit,True,Base Content Explicit opt fission,,77,bytes,,,1744892971,2023-08-23T20:58:03,10670079.999999994,b5371614cd5a3e19ca3e500a87546023aea8eb5d,1290847
autoland,4663319,4,bf38f69fee000115871578b15786525e82952421,windows11-64-2009-shippable-qr,,True,,,102210fe594ee9b33d82058545b1ed14f4c8206e,,Base Content Explicit,True,Base Content Explicit opt fission,,77,bytes,,,1745038794,2023-08-23T22:59:05,10815488.000000017,25936c5809e05c5b5d28810efdfb0af9bb2f1792,1290874
autoland,4663319,4,bf38f69fee000115871578b15786525e82952421,windows11-64-2009-shippable-qr,,True,,,102210fe594ee9b33d82058545b1ed14f4c8206e,,Base Content Explicit,True,Base Content Explicit opt fission,,77,bytes,,,1745112925,2023-08-24T03:53:22,10778624.000000019,332b088b314103bc02b008e08f1567f092cd6ca1,1290918
autoland,4663319,4,bf38f69fee000115871578b15786525e82952421,windows11-64-2009-shippable-qr,,True,,,102210fe594ee9b33d82058545b1ed14f4c8206e,,Base Content Explicit,True,Base Content Explicit opt fission,,77,bytes,,,1745196833,2023-08-24T11:04:38,10700800.000000013,fbbf71ea5127f6cc74aab13a3817349afe93580c,1291003
autoland,4663319,4,bf38f69fee000115871578b15786525e82952421,windows11-64-2009-shippable-qr,,True,,,102210fe594ee9b33d82058545b1ed14f4c8206e,,Base Content Explicit,True,Base Content Explicit opt fission,,77,bytes,,,1745346589,2023-08-24T13:41:33,10635263.99999999,9d2df5cf36fbb1712a62be68c4a309e2451e2d35,1291057
autoland,4663319,4,bf38f69fee000115871578b15786525e82952421,windows11-64-2009-shippable-qr,,True,,,102210fe594ee9b33d82058545b1ed14f4c8206e,,Base Content Explicit,True,Base Content Explicit opt fission,,77,bytes,,,1745495846,2023-08-24T18:48:40,10809343.999999994,6089e7f0fa57a29c6d080f135f65e146c34457d8,1291216
autoland,4663319,4,bf38f69fee000115871578b15786525e82952421,windows11-64-2009-shippable-qr,,True,,,102210fe594ee9b33d82058545b1ed14f4c8206e,,Base Content Explicit,True,Base Content Explicit opt fission,,77,bytes,,,1745664973,2023-08-25T00:48:43,10694655.999999989,0129f728663fcc0bcc1f816e006f1eb2635780e4,1291339
autoland,4663319,4,bf38f69fee000115871578b15786525e82952421,windows11-64-2009-shippable-qr,,True,,,102210fe594ee9b33d82058545b1ed14f4c8206e,,Base Content Explicit,True,Base Content Explicit opt fission,,77,bytes,,,1745815782,2023-08-25T11:24:50,10790912.00000001,e5ba3b52ebac2d2582cecd6122443fc024cd24c9,1291437
autoland,4663319,4,bf38f69fee000115871578b15786525e82952421,windows11-64-2009-shippable-qr,,True,,,102210fe594ee9b33d82058545b1ed14f4c8206e,,Base Content Explicit,True,Base Content Explicit opt fission,,77,bytes,,,1745949434,2023-08-25T15:32:54,10641407.999999985,059b77df2394c7caf1061e1b817e004878738efa,1291507
autoland,4663319,4,bf38f69fee000115871578b15786525e82952421,windows11-64-2009-shippable-qr,,True,,,102210fe594ee9b33d82058545b1ed14f4c8206e,,Base Content Explicit,True,Base Content Explicit opt fission,,77,bytes,,,1746114233,2023-08-25T19:36:02,10713087.999999998,47efe79717796bf6f3a70e5733e99a98b0d9fad4,1291599
autoland,4663319,4,bf38f69fee000115871578b15786525e82952421,windows11-64-2009-shippable-qr,,True,,,102210fe594ee9b33d82058545b1ed14f4c8206e,,Base Content Explicit,True,Base Content Explicit opt fission,,77,bytes,,,1746229801,2023-08-26T03:22:14,10809343.999999994,ddc3d1e9268d9abde51f1082490491f544286b16,1291695
autoland,4663319,4,bf38f69fee000115871578b15786525e82952421,windows11-64-2009-shippable-qr,,True,,,102210fe594ee9b33d82058545b1ed14f4c8206e,,Base Content Explicit,True,Base Content Explicit opt fission,,77,bytes,,,1746455009,2023-08-26T13:17:30,10708991.999999985,cc8d561a9b401f3ebfda56de56c018b287d8b340,1291872
autoland,4663319,4,bf38f69fee000115871578b15786525e82952421,windows11-64-2009-shippable-qr,,True,,,102210fe594ee9b33d82058545b1ed14f4c8206e,,Base Content Explicit,True,Base Content Explicit opt fission,,77,bytes,,,1746598952,2023-08-26T23:47:49,10747903.99999999,140288e1dd6073b83aa67b725aa9a96945374a82,1292019
autoland,4663319,4,bf38f69fee000115871578b15786525e82952421,windows11-64-2009-shippable-qr,,True,,,102210fe594ee9b33d82058545b1ed14f4c8206e,,Base Content Explicit,True,Base Content Explicit opt fission,,77,bytes,,,1746740140,2023-08-27T23:31:15,10625023.999999985,6aaf2cf582814f5a76c09fa2ac7cc760a5886134,1292080
autoland,4663319,4,bf38f69fee000115871578b15786525e82952421,windows11-64-2009-shippable-qr,,True,,,102210fe594ee9b33d82058545b1ed14f4c8206e,,Base Content Explicit,True,Base Content Explicit opt fission,,77,bytes,,,1746827362,2023-08-28T10:38:35,10829824.0,2303dc7d775759ce8737630e7762c69d2beac062,1292181
autoland,4663319,4,bf38f69fee000115871578b15786525e82952421,windows11-64-2009-shippable-qr,,True,,,102210fe594ee9b33d82058545b1ed14f4c8206e,,Base Content Explicit,True,Base Content Explicit opt fission,,77,bytes,,,1746981736,2023-08-28T14:50:25,10723327.999999987,f8e518c6ab37a0144872f6158300e1de85034002,1292276
autoland,4663319,4,bf38f69fee000115871578b15786525e82952421,windows11-64-2009-shippable-qr,,True,,,102210fe594ee9b33d82058545b1ed14f4c8206e,,Base Content Explicit,True,Base Content Explicit opt fission,,77,bytes,,,1747088595,2023-08-28T18:02:15,10659839.999999987,7ef66afbcd94bc7787448a9d797ec662b02fe58a,1292360
autoland,4663319,4,bf38f69fee000115871578b15786525e82952421,windows11-64-2009-shippable-qr,,True,,,102210fe594ee9b33d82058545b1ed14f4c8206e,,Base Content Explicit,True,Base Content Explicit opt fission,,77,bytes,,,1747204776,2023-08-28T20:37:08,10612736.000000011,9451de3148827dbd587f22175b6c0453c7a605db,1292463
autoland,4663319,4,bf38f69fee000115871578b15786525e82952421,windows11-64-2009-shippable-qr,,True,,,102210fe594ee9b33d82058545b1ed14f4c8206e,,Base Content Explicit,True,Base Content Explicit opt fission,,77,bytes,,,1747260657,2023-08-29T02:20:20,10582015.999999985,4cca72b5cd903bbb8bdc66098aaeb1eb12d8dddd,1292618
autoland,4663319,4,bf38f69fee000115871578b15786525e82952421,windows11-64-2009-shippable-qr,,True,,,102210fe594ee9b33d82058545b1ed14f4c8206e,,Base Content Explicit,True,Base Content Explicit opt fission,,77,bytes,,,1747273045,2023-08-29T03:02:37,10536959.999999981,f79fe732a6b523e66f30e056118cdd2cff02a5ca,1292639
autoland,4663319,4,bf38f69fee000115871578b15786525e82952421,windows11-64-2009-shippable-qr,,True,,,102210fe594ee9b33d82058545b1ed14f4c8206e,,Base Content Explicit,True,Base Content Explicit opt fission,,77,bytes,,,1747390901,2023-08-29T07:11:54,10594303.999999989,801325776b1492f30ec6ac7c770000fa8c894d2a,1292691
autoland,4663319,4,bf38f69fee000115871578b15786525e82952421,windows11-64-2009-shippable-qr,,True,,,102210fe594ee9b33d82058545b1ed14f4c8206e,,Base Content Explicit,True,Base Content Explicit opt fission,,77,bytes,,,1747491009,2023-08-29T11:18:23,10706944.00000001,843a6e4db35622bdd606d6cdd7c0f1a05828a89e,1292770
autoland,4663319,4,bf38f69fee000115871578b15786525e82952421,windows11-64-2009-shippable-qr,,True,,,102210fe594ee9b33d82058545b1ed14f4c8206e,,Base Content Explicit,True,Base Content Explicit opt fission,,77,bytes,,,1747628905,2023-08-29T11:21:44,10582015.999999985,abe9789555b5960e5b395aba02b4891c388e4839,1292771
autoland,4663319,4,bf38f69fee000115871578b15786525e82952421,windows11-64-2009-shippable-qr,,True,,,102210fe594ee9b33d82058545b1ed14f4c8206e,,Base Content Explicit,True,Base Content Explicit opt fission,,77,bytes,,,1747761931,2023-08-29T16:25:43,10665984.0,0bb8944a5c2a783f353dc7595b2171844923a934,1292913
autoland,4663319,4,bf38f69fee000115871578b15786525e82952421,windows11-64-2009-shippable-qr,,True,,,102210fe594ee9b33d82058545b1ed14f4c8206e,,Base Content Explicit,True,Base Content Explicit opt fission,,77,bytes,,,1747837250,2023-08-29T20:54:58,10520575.999999994,16c71fac642647b97c85d086e54342a5addaaf13,1293039
autoland,4663319,4,bf38f69fee000115871578b15786525e82952421,windows11-64-2009-shippable-qr,,True,,,102210fe594ee9b33d82058545b1ed14f4c8206e,,Base Content Explicit,True,Base Content Explicit opt fission,,77,bytes,,,1747855464,2023-08-30T01:49:26,10620927.999999993,34dcd8f28e9a642600425b3383df225859ea91cd,1293133
autoland,4663319,4,bf38f69fee000115871578b15786525e82952421,windows11-64-2009-shippable-qr,,True,,,102210fe594ee9b33d82058545b1ed14f4c8206e,,Base Content Explicit,True,Base Content Explicit opt fission,,77,bytes,,,1748097854,2023-08-30T13:43:19,10590207.99999999,379bb5e39311a7878ea31b7eb0dd39fdef1ab15a,1293343
autoland,4663319,4,bf38f69fee000115871578b15786525e82952421,windows11-64-2009-shippable-qr,,True,,,102210fe594ee9b33d82058545b1ed14f4c8206e,,Base Content Explicit,True,Base Content Explicit opt fission,,77,bytes,,,1748092568,2023-08-30T16:15:47,10618880.000000004,f648d27187b6f45ac21ab6bf0ca9673dcfc55cf4,1293412
autoland,4663319,4,bf38f69fee000115871578b15786525e82952421,windows11-64-2009-shippable-qr,,True,,,102210fe594ee9b33d82058545b1ed14f4c8206e,,Base Content Explicit,True,Base Content Explicit opt fission,,77,bytes,,,1748141187,2023-08-30T20:58:03,10573824.000000013,7643e2c34ec4fce31fb741b2e7003adc7e547e36,1293585
autoland,4663319,4,bf38f69fee000115871578b15786525e82952421,windows11-64-2009-shippable-qr,,True,,,102210fe594ee9b33d82058545b1ed14f4c8206e,,Base Content Explicit,True,Base Content Explicit opt fission,,77,bytes,,,1748223561,2023-08-30T23:31:09,10610687.999999983,8db6a3b432759fd37b677c455c7d9ecedafd7e77,1293654
autoland,4663319,4,bf38f69fee000115871578b15786525e82952421,windows11-64-2009-shippable-qr,,True,,,102210fe594ee9b33d82058545b1ed14f4c8206e,,Base Content Explicit,True,Base Content Explicit opt fission,,77,bytes,,,1748241806,2023-08-31T03:36:38,10680319.999999994,bcc1470439818e29a38c29432af9fd130b8ec931,1293720
autoland,4663319,4,bf38f69fee000115871578b15786525e82952421,windows11-64-2009-shippable-qr,,True,,,102210fe594ee9b33d82058545b1ed14f4c8206e,,Base Content Explicit,True,Base Content Explicit opt fission,,77,bytes,,,1748338407,2023-08-31T09:19:24,10727424.000000011,e2d1d56b4cb882f210d71f021a2f804a56d718e6,1293811
autoland,4663319,4,bf38f69fee000115871578b15786525e82952421,windows11-64-2009-shippable-qr,,True,,,102210fe594ee9b33d82058545b1ed14f4c8206e,,Base Content Explicit,True,Base Content Explicit opt fission,,77,bytes,,,1748459059,2023-08-31T14:04:37,10684415.999999987,79fd00522da11013e2076ceccfd842c54d2f0822,1293937
autoland,4663319,4,bf38f69fee000115871578b15786525e82952421,windows11-64-2009-shippable-qr,,True,,,102210fe594ee9b33d82058545b1ed14f4c8206e,,Base Content Explicit,True,Base Content Explicit opt fission,,77,bytes,,,1748598465,2023-08-31T18:09:30,10713087.999999998,bd48139a6966dfb067c7b31bdf2021bd85a1f6a9,1294069
autoland,4663319,4,bf38f69fee000115871578b15786525e82952421,windows11-64-2009-shippable-qr,,True,,,102210fe594ee9b33d82058545b1ed14f4c8206e,,Base Content Explicit,True,Base Content Explicit opt fission,,77,bytes,,,1748648280,2023-08-31T19:33:29,10661887.999999983,a0d77e120c268cc1e877891df07436c1128dde4f,1294123
autoland,4663319,4,bf38f69fee000115871578b15786525e82952421,windows11-64-2009-shippable-qr,,True,,,102210fe594ee9b33d82058545b1ed14f4c8206e,,Base Content Explicit,True,Base Content Explicit opt fission,,77,bytes,,,1748769379,2023-09-01T00:39:38,10582015.999999985,27ce38e0ae179241f6afc83c246df3113fc76eb5,1294315
autoland,4663319,4,bf38f69fee000115871578b15786525e82952421,windows11-64-2009-shippable-qr,,True,,,102210fe594ee9b33d82058545b1ed14f4c8206e,,Base Content Explicit,True,Base Content Explicit opt fission,,77,bytes,,,1748774327,2023-09-01T01:00:26,10545151.99999999,9034f1db1295f77ef75c8afa9ac280788649b1c4,1294322
autoland,4663319,4,bf38f69fee000115871578b15786525e82952421,windows11-64-2009-shippable-qr,,True,,,102210fe594ee9b33d82058545b1ed14f4c8206e,,Base Content Explicit,True,Base Content Explicit opt fission,,77,bytes,,,1748925800,2023-09-01T06:26:09,10735615.999999994,ae769caa17a3a27e7fed2cfd78ea439adf051dc8,1294426
autoland,4663319,4,bf38f69fee000115871578b15786525e82952421,windows11-64-2009-shippable-qr,,True,,,102210fe594ee9b33d82058545b1ed14f4c8206e,,Base Content Explicit,True,Base Content Explicit opt fission,,77,bytes,,,1749120169,2023-09-01T10:42:21,10600447.999999989,2e446d8859cc4a60faa49f68ed5445c534e47850,1294509
autoland,4663319,4,bf38f69fee000115871578b15786525e82952421,windows11-64-2009-shippable-qr,,True,,,102210fe594ee9b33d82058545b1ed14f4c8206e,,Base Content Explicit,True,Base Content Explicit opt fission,,77,bytes,,,1749085869,2023-09-01T11:44:59,10600447.999999989,bf57203fdaf0f91ccecca73cc02286e5c20686be,1294532
autoland,4663319,4,bf38f69fee000115871578b15786525e82952421,windows11-64-2009-shippable-qr,,True,,,102210fe594ee9b33d82058545b1ed14f4c8206e,,Base Content Explicit,True,Base Content Explicit opt fission,,77,bytes,,,1749224528,2023-09-01T15:47:54,10674176.000000013,ad7684944accdb72fb27cae1118a774a95ed9c55,1294651
autoland,4663319,4,bf38f69fee000115871578b15786525e82952421,windows11-64-2009-shippable-qr,,True,,,102210fe594ee9b33d82058545b1ed14f4c8206e,,Base Content Explicit,True,Base Content Explicit opt fission,,77,bytes,,,1749533263,2023-09-02T01:00:47,10622975.999999998,99eed791079c7b72126fee110226a0f9c519a053,1294900
autoland,4663319,4,bf38f69fee000115871578b15786525e82952421,windows11-64-2009-shippable-qr,,True,,,102210fe594ee9b33d82058545b1ed14f4c8206e,,Base Content Explicit,True,Base Content Explicit opt fission,,77,bytes,,,1749566177,2023-09-02T06:50:37,10719232.0,0d100cd406fac31edd725aaa2ca36c72593b7207,1294943
autoland,4663319,4,bf38f69fee000115871578b15786525e82952421,windows11-64-2009-shippable-qr,,True,,,102210fe594ee9b33d82058545b1ed14f4c8206e,,Base Content Explicit,True,Base Content Explicit opt fission,,77,bytes,,,1749623533,2023-09-02T11:43:51,10696703.999999994,66f85436a9395093f71f506f8cdc16623cbbb38e,1294960
autoland,4663319,4,bf38f69fee000115871578b15786525e82952421,windows11-64-2009-shippable-qr,,True,,,102210fe594ee9b33d82058545b1ed14f4c8206e,,Base Content Explicit,True,Base Content Explicit opt fission,,77,bytes,,,1749650236,2023-09-02T16:16:12,10520575.999999994,ee62282ee19c0c3cceebbdb2cd283127260a46d6,1294982
autoland,4663319,4,bf38f69fee000115871578b15786525e82952421,windows11-64-2009-shippable-qr,,True,,,102210fe594ee9b33d82058545b1ed14f4c8206e,,Base Content Explicit,True,Base Content Explicit opt fission,,77,bytes,,,1749835239,2023-09-03T15:28:00,10647552.000000002,e2d4c17692b7650a5aefa27823ab8cb72dc06fe6,1295071
autoland,4663319,4,bf38f69fee000115871578b15786525e82952421,windows11-64-2009-shippable-qr,,True,,,102210fe594ee9b33d82058545b1ed14f4c8206e,,Base Content Explicit,True,Base Content Explicit opt fission,,77,bytes,,,1749876996,2023-09-03T17:48:29,10668032.000000017,39747a728e31525f254d25d9fa323a491dda5b09,1295079
autoland,4663319,4,bf38f69fee000115871578b15786525e82952421,windows11-64-2009-shippable-qr,,True,,,102210fe594ee9b33d82058545b1ed14f4c8206e,,Base Content Explicit,True,Base Content Explicit opt fission,,77,bytes,,,1749977343,2023-09-04T00:54:15,10686464.000000004,9398dc74275ecd37eab02b496051302e67ce059f,1295103
autoland,4663319,4,bf38f69fee000115871578b15786525e82952421,windows11-64-2009-shippable-qr,,True,,,102210fe594ee9b33d82058545b1ed14f4c8206e,,Base Content Explicit,True,Base Content Explicit opt fission,,77,bytes,,,1750039504,2023-09-04T05:09:42,10577919.999999993,738c0a460acb30ab2ab419f4c0dc93fa9af200d6,1295121
autoland,4663319,4,bf38f69fee000115871578b15786525e82952421,windows11-64-2009-shippable-qr,,True,,,102210fe594ee9b33d82058545b1ed14f4c8206e,,Base Content Explicit,True,Base Content Explicit opt fission,,77,bytes,,,1750082511,2023-09-04T08:06:31,10569728.00000001,5378e223b13ecd8d32d6afddc956d8bdca322ef0,1295171
autoland,4663319,4,bf38f69fee000115871578b15786525e82952421,windows11-64-2009-shippable-qr,,True,,,102210fe594ee9b33d82058545b1ed14f4c8206e,,Base Content Explicit,True,Base Content Explicit opt fission,,77,bytes,,,1750189652,2023-09-04T12:17:38,10659839.999999987,16cc1aa2701e0b2cf32665cee19dc11308a4760a,1295286
autoland,4663319,4,bf38f69fee000115871578b15786525e82952421,windows11-64-2009-shippable-qr,,True,,,102210fe594ee9b33d82058545b1ed14f4c8206e,,Base Content Explicit,True,Base Content Explicit opt fission,,77,bytes,,,1750333016,2023-09-04T20:09:20,10676223.999999989,2c0ab3a7f1f3e1e095a0175f8a6096d10a311a5a,1295407
autoland,4663319,4,bf38f69fee000115871578b15786525e82952421,windows11-64-2009-shippable-qr,,True,,,102210fe594ee9b33d82058545b1ed14f4c8206e,,Base Content Explicit,True,Base Content Explicit opt fission,,77,bytes,,,1750436819,2023-09-05T01:26:26,10584064.000000004,530fe27f752d2f1fa88cd1013b419d7c1ca1a2e0,1295456
autoland,4663319,4,bf38f69fee000115871578b15786525e82952421,windows11-64-2009-shippable-qr,,True,,,102210fe594ee9b33d82058545b1ed14f4c8206e,,Base Content Explicit,True,Base Content Explicit opt fission,,77,bytes,,,1750480687,2023-09-05T06:45:05,10616832.000000011,55f5393d14f682f76c2d9f9c857c9f0890ee2a7f,1295504
autoland,4663319,4,bf38f69fee000115871578b15786525e82952421,windows11-64-2009-shippable-qr,,True,,,102210fe594ee9b33d82058545b1ed14f4c8206e,,Base Content Explicit,True,Base Content Explicit opt fission,,77,bytes,,,1750590817,2023-09-05T11:29:45,10661887.999999983,27708fc6f6648945c105baa6a5c63f9d62f265b5,1295622
autoland,4663319,4,bf38f69fee000115871578b15786525e82952421,windows11-64-2009-shippable-qr,,True,,,102210fe594ee9b33d82058545b1ed14f4c8206e,,Base Content Explicit,True,Base Content Explicit opt fission,,77,bytes,,,1750604269,2023-09-05T11:45:39,10610687.999999983,42d664dd03163fb19554f6e18c4163b8622b4401,1295627
autoland,4663319,4,bf38f69fee000115871578b15786525e82952421,windows11-64-2009-shippable-qr,,True,,,102210fe594ee9b33d82058545b1ed14f4c8206e,,Base Content Explicit,True,Base Content Explicit opt fission,,77,bytes,,,1750735304,2023-09-05T15:46:18,10614784.0,40053facf08c6ea9bc6a6f5ae223a6faa89ebc08,1295770
autoland,4663319,4,bf38f69fee000115871578b15786525e82952421,windows11-64-2009-shippable-qr,,True,,,102210fe594ee9b33d82058545b1ed14f4c8206e,,Base Content Explicit,True,Base Content Explicit opt fission,,77,bytes,,,1750735552,2023-09-05T16:15:45,10672128.000000011,08da3ca498f61eb9acb594038c5e764cfb37d735,1295791
autoland,4663319,4,bf38f69fee000115871578b15786525e82952421,windows11-64-2009-shippable-qr,,True,,,102210fe594ee9b33d82058545b1ed14f4c8206e,,Base Content Explicit,True,Base Content Explicit opt fission,,77,bytes,,,1750850165,2023-09-05T19:25:11,10678272.000000017,e6278ccb302b74ca329c17e5d00508b795c54eec,1295926
autoland,4663319,4,bf38f69fee000115871578b15786525e82952421,windows11-64-2009-shippable-qr,,True,,,102210fe594ee9b33d82058545b1ed14f4c8206e,,Base Content Explicit,True,Base Content Explicit opt fission,,77,bytes,,,1750983925,2023-09-05T23:38:09,10573824.000000013,b34280e9a0872e3b3f0893cd3bd78bf94b421612,1296071
autoland,4663319,4,bf38f69fee000115871578b15786525e82952421,windows11-64-2009-shippable-qr,,True,,,102210fe594ee9b33d82058545b1ed14f4c8206e,,Base Content Explicit,True,Base Content Explicit opt fission,,77,bytes,,,1750992609,2023-09-06T00:54:53,10637312.000000002,ff7e2e9adbc1753b1f3e01a3f2eb8a91bb911418,1296116
autoland,4663319,4,bf38f69fee000115871578b15786525e82952421,windows11-64-2009-shippable-qr,,True,,,102210fe594ee9b33d82058545b1ed14f4c8206e,,Base Content Explicit,True,Base Content Explicit opt fission,,77,bytes,,,1751093181,2023-09-06T05:00:41,10653695.999999981,5c56b92baa65aa27df61f84718594767ef8f26f4,1296186
autoland,4663319,4,bf38f69fee000115871578b15786525e82952421,windows11-64-2009-shippable-qr,,True,,,102210fe594ee9b33d82058545b1ed14f4c8206e,,Base Content Explicit,True,Base Content Explicit opt fission,,77,bytes,,,1751279745,2023-09-06T10:31:58,10532863.999999983,6631a30338d3de03925f76afd071a29511729440,1296288
autoland,4663319,4,bf38f69fee000115871578b15786525e82952421,windows11-64-2009-shippable-qr,,True,,,102210fe594ee9b33d82058545b1ed14f4c8206e,,Base Content Explicit,True,Base Content Explicit opt fission,,77,bytes,,,1751237023,2023-09-06T11:18:29,10608640.000000019,e43370e4259f61e0c264dbcef8b45e2862b3c5e8,1296309
autoland,4663319,4,bf38f69fee000115871578b15786525e82952421,windows11-64-2009-shippable-qr,,True,,,102210fe594ee9b33d82058545b1ed14f4c8206e,,Base Content Explicit,True,Base Content Explicit opt fission,,77,bytes,,,1751345647,2023-09-06T14:28:21,10616832.000000011,0315c2d875ca2a95bbb65ef4a1f7b75f72ed7263,1296418
autoland,4663319,4,bf38f69fee000115871578b15786525e82952421,windows11-64-2009-shippable-qr,,True,,,102210fe594ee9b33d82058545b1ed14f4c8206e,,Base Content Explicit,True,Base Content Explicit opt fission,,77,bytes,,,1751394448,2023-09-06T18:00:42,10530816.000000017,340378041fcfd986f6c0edb18a81efbc36f930c1,1296561
autoland,4663319,4,bf38f69fee000115871578b15786525e82952421,windows11-64-2009-shippable-qr,,True,,,102210fe594ee9b33d82058545b1ed14f4c8206e,,Base Content Explicit,True,Base Content Explicit opt fission,,77,bytes,,,1751472058,2023-09-06T21:18:27,10659839.999999987,6e5768f3fc480965c2b67e5006ad8351d30a27b2,1296699
autoland,4663319,4,bf38f69fee000115871578b15786525e82952421,windows11-64-2009-shippable-qr,,True,,,102210fe594ee9b33d82058545b1ed14f4c8206e,,Base Content Explicit,True,Base Content Explicit opt fission,,77,bytes,,,1751604066,2023-09-07T02:02:33,10641407.999999985,172ac46f5fd5a20a001b2cbed27df0ffb44ef6a6,1296842
autoland,4663319,4,bf38f69fee000115871578b15786525e82952421,windows11-64-2009-shippable-qr,,True,,,102210fe594ee9b33d82058545b1ed14f4c8206e,,Base Content Explicit,True,Base Content Explicit opt fission,,77,bytes,,,1751656257,2023-09-07T05:47:53,10686464.000000004,c8b40099127c273a58ba6defbe045c55752f0f64,1296880
autoland,4663319,4,bf38f69fee000115871578b15786525e82952421,windows11-64-2009-shippable-qr,,True,,,102210fe594ee9b33d82058545b1ed14f4c8206e,,Base Content Explicit,True,Base Content Explicit opt fission,,77,bytes,,,1751764452,2023-09-07T10:02:59,10631167.999999996,72c09a220d986d7af3fa78b07b9b87cd943f9ab5,1296967
autoland,4663319,4,bf38f69fee000115871578b15786525e82952421,windows11-64-2009-shippable-qr,,True,,,102210fe594ee9b33d82058545b1ed14f4c8206e,,Base Content Explicit,True,Base Content Explicit opt fission,,77,bytes,,,1751891517,2023-09-07T12:32:17,10532863.999999983,31aee1c71573016a4a40410e1c41adad2304c430,1297037
autoland,4663319,4,bf38f69fee000115871578b15786525e82952421,windows11-64-2009-shippable-qr,,True,,,102210fe594ee9b33d82058545b1ed14f4c8206e,,Base Content Explicit,True,Base Content Explicit opt fission,,77,bytes,,,1751909328,2023-09-07T16:05:38,10643456.000000015,be838735b3cf99411aaa287377f080810144f92d,1297179
autoland,4663319,4,bf38f69fee000115871578b15786525e82952421,windows11-64-2009-shippable-qr,,True,,,102210fe594ee9b33d82058545b1ed14f4c8206e,,Base Content Explicit,True,Base Content Explicit opt fission,,77,bytes,,,1752053397,2023-09-07T18:57:03,10551295.999999998,25b4a7559a80b3970d88de68b2ac92420ca025c8,1297304
autoland,4663319,4,bf38f69fee000115871578b15786525e82952421,windows11-64-2009-shippable-qr,,True,,,102210fe594ee9b33d82058545b1ed14f4c8206e,,Base Content Explicit,True,Base Content Explicit opt fission,,77,bytes,,,1752205719,2023-09-07T23:16:45,10569728.00000001,6fb5507c20420498c1ebe5f2b6df35394d980f1c,1297446
autoland,4663319,4,bf38f69fee000115871578b15786525e82952421,windows11-64-2009-shippable-qr,,True,,,102210fe594ee9b33d82058545b1ed14f4c8206e,,Base Content Explicit,True,Base Content Explicit opt fission,,77,bytes,,,1752193098,2023-09-07T23:39:19,10680319.999999994,3096b15a785accc50f5e96ad64eed31ebd5ae045,1297453
autoland,4663319,4,bf38f69fee000115871578b15786525e82952421,windows11-64-2009-shippable-qr,,True,,,102210fe594ee9b33d82058545b1ed14f4c8206e,,Base Content Explicit,True,Base Content Explicit opt fission,,77,bytes,,,1752342286,2023-09-08T04:28:36,10647552.000000002,9cf29328d69c6278a4d9e184fcf79d33542cb600,1297535
autoland,4663319,4,bf38f69fee000115871578b15786525e82952421,windows11-64-2009-shippable-qr,,True,,,102210fe594ee9b33d82058545b1ed14f4c8206e,,Base Content Explicit,True,Base Content Explicit opt fission,,77,bytes,,,1752375068,2023-09-08T08:33:18,10563584.000000017,850826d930dbbaab76c864c8e0c815e741d335ec,1297602
autoland,4663319,4,bf38f69fee000115871578b15786525e82952421,windows11-64-2009-shippable-qr,,True,,,102210fe594ee9b33d82058545b1ed14f4c8206e,,Base Content Explicit,True,Base Content Explicit opt fission,,77,bytes,,,1752446813,2023-09-08T09:52:44,10649600.000000011,274b1d437629e97813d0b7fe7e8b4912cf84cf32,1297644
autoland,4663319,4,bf38f69fee000115871578b15786525e82952421,windows11-64-2009-shippable-qr,,True,,,102210fe594ee9b33d82058545b1ed14f4c8206e,,Base Content Explicit,True,Base Content Explicit opt fission,,77,bytes,,,1752583825,2023-09-08T14:59:47,10672128.000000011,bde2db6f12ce1100b2bbb4b10916f7be1cf90f3a,1297817
autoland,4663319,4,bf38f69fee000115871578b15786525e82952421,windows11-64-2009-shippable-qr,,True,,,102210fe594ee9b33d82058545b1ed14f4c8206e,,Base Content Explicit,True,Base Content Explicit opt fission,,77,bytes,,,1752687022,2023-09-08T18:04:40,10659839.999999987,27b2bca6565fd4a7d724617dc2a06ad4433d5e7d,1297929
autoland,4663319,4,bf38f69fee000115871578b15786525e82952421,windows11-64-2009-shippable-qr,,True,,,102210fe594ee9b33d82058545b1ed14f4c8206e,,Base Content Explicit,True,Base Content Explicit opt fission,,77,bytes,,,1752893265,2023-09-08T22:44:42,10655743.999999989,caabab6fd2b88b34f1344af40c555fed0a039949,1298112
autoland,4663319,4,bf38f69fee000115871578b15786525e82952421,windows11-64-2009-shippable-qr,,True,,,102210fe594ee9b33d82058545b1ed14f4c8206e,,Base Content Explicit,True,Base Content Explicit opt fission,,77,bytes,,,1752916596,2023-09-09T01:11:00,10532863.999999983,266305ba8989b3072ea042b1a3130ddfb89960e1,1298167
autoland,4663319,4,bf38f69fee000115871578b15786525e82952421,windows11-64-2009-shippable-qr,,True,,,102210fe594ee9b33d82058545b1ed14f4c8206e,,Base Content Explicit,True,Base Content Explicit opt fission,,77,bytes,,,1752971456,2023-09-09T05:59:08,10604544.000000004,02f7c436b43f486a8aec92c449f2df1fedf9226a,1298196
autoland,4663319,4,bf38f69fee000115871578b15786525e82952421,windows11-64-2009-shippable-qr,,True,,,102210fe594ee9b33d82058545b1ed14f4c8206e,,Base Content Explicit,True,Base Content Explicit opt fission,,77,bytes,,,1753069120,2023-09-09T12:58:29,10600447.999999989,52b4a28cd9d7623a471a02cb994a2aebbd5d7403,1298223
autoland,4663319,4,bf38f69fee000115871578b15786525e82952421,windows11-64-2009-shippable-qr,,True,,,102210fe594ee9b33d82058545b1ed14f4c8206e,,Base Content Explicit,True,Base Content Explicit opt fission,,77,bytes,,,1753197203,2023-09-09T23:18:35,10622975.999999998,df18c9cb1487f09a89e27eabbd0819691c70701b,1298263
autoland,4663319,4,bf38f69fee000115871578b15786525e82952421,windows11-64-2009-shippable-qr,,True,,,102210fe594ee9b33d82058545b1ed14f4c8206e,,Base Content Explicit,True,Base Content Explicit opt fission,,77,bytes,,,1753348636,2023-09-10T03:51:10,10694655.999999989,7faa89970aed2f2e16f538aba1a7465bb6a5ea20,1298271
autoland,4663319,4,bf38f69fee000115871578b15786525e82952421,windows11-64-2009-shippable-qr,,True,,,102210fe594ee9b33d82058545b1ed14f4c8206e,,Base Content Explicit,True,Base Content Explicit opt fission,,77,bytes,,,1753448632,2023-09-10T10:15:01,10663935.999999983,2e1c2dd8ef65a6914ebc4e0bc0a0a274c31e29bc,1298293
autoland,4663319,4,bf38f69fee000115871578b15786525e82952421,windows11-64-2009-shippable-qr,,True,,,102210fe594ee9b33d82058545b1ed14f4c8206e,,Base Content Explicit,True,Base Content Explicit opt fission,,77,bytes,,,1753520953,2023-09-10T12:24:34,10610687.999999983,640ad6a53cf88f878095f49f98b720a99c2762bd,1298303
autoland,4663319,4,bf38f69fee000115871578b15786525e82952421,windows11-64-2009-shippable-qr,,True,,,102210fe594ee9b33d82058545b1ed14f4c8206e,,Base Content Explicit,True,Base Content Explicit opt fission,,77,bytes,,,1753634091,2023-09-10T16:24:53,10663935.999999983,e91d172728590586e38bc431f3dc779479e365d5,1298313
autoland,4663319,4,bf38f69fee000115871578b15786525e82952421,windows11-64-2009-shippable-qr,,True,,,102210fe594ee9b33d82058545b1ed14f4c8206e,,Base Content Explicit,True,Base Content Explicit opt fission,,77,bytes,,,1753771702,2023-09-10T22:24:39,10608640.000000019,fff502a8f26bdfc51eada3cf32107848bff64a76,1298356
autoland,4663319,4,bf38f69fee000115871578b15786525e82952421,windows11-64-2009-shippable-qr,,True,,,102210fe594ee9b33d82058545b1ed14f4c8206e,,Base Content Explicit,True,Base Content Explicit opt fission,,77,bytes,,,1753840916,2023-09-11T04:00:08,10700800.000000013,5f5a3f190fdfa0947a671467171ab2b3cee62c38,1298396
autoland,4663319,4,bf38f69fee000115871578b15786525e82952421,windows11-64-2009-shippable-qr,,True,,,102210fe594ee9b33d82058545b1ed14f4c8206e,,Base Content Explicit,True,Base Content Explicit opt fission,,77,bytes,,,1753898765,2023-09-11T08:01:16,10604544.000000004,35ae39561912dad340dac47c7c1dc3af6ead952b,1298437
autoland,4663319,4,bf38f69fee000115871578b15786525e82952421,windows11-64-2009-shippable-qr,,True,,,102210fe594ee9b33d82058545b1ed14f4c8206e,,Base Content Explicit,True,Base Content Explicit opt fission,,77,bytes,,,1753957086,2023-09-11T10:09:23,10549247.999999989,16a377bb7b5f9713ac6a5fae21ce043c7de7cd67,1298486
autoland,4663319,4,bf38f69fee000115871578b15786525e82952421,windows11-64-2009-shippable-qr,,True,,,102210fe594ee9b33d82058545b1ed14f4c8206e,,Base Content Explicit,True,Base Content Explicit opt fission,,77,bytes,,,1754100502,2023-09-11T13:54:23,10608640.000000019,2ea4fd5d517a2b5edf081c9e2ccd8c014f6dc171,1298638
autoland,4663319,4,bf38f69fee000115871578b15786525e82952421,windows11-64-2009-shippable-qr,,True,,,102210fe594ee9b33d82058545b1ed14f4c8206e,,Base Content Explicit,True,Base Content Explicit opt fission,,77,bytes,,,1754436406,2023-09-11T17:41:44,10579967.999999993,f28ec98bf27ffbc0952af3f4ff0ffec4218a6554,1298761
autoland,4663319,4,bf38f69fee000115871578b15786525e82952421,windows11-64-2009-shippable-qr,,True,,,102210fe594ee9b33d82058545b1ed14f4c8206e,,Base Content Explicit,True,Base Content Explicit opt fission,,77,bytes,,,1754408310,2023-09-11T21:44:17,10663935.999999983,4a10a12f6006582e936c81baefda439d8f078729,1298874
autoland,4663319,4,bf38f69fee000115871578b15786525e82952421,windows11-64-2009-shippable-qr,,True,,,102210fe594ee9b33d82058545b1ed14f4c8206e,,Base Content Explicit,True,Base Content Explicit opt fission,,77,bytes,,,1754397394,2023-09-11T22:07:56,10694655.999999989,12882fe96164b756c60fff4549300977b85af06f,1298881
autoland,4663319,4,bf38f69fee000115871578b15786525e82952421,windows11-64-2009-shippable-qr,,True,,,102210fe594ee9b33d82058545b1ed14f4c8206e,,Base Content Explicit,True,Base Content Explicit opt fission,,77,bytes,,,1754544407,2023-09-12T02:35:45,10657791.999999998,cdcc536589320caec69ec36416058cd46b8d4178,1298976
autoland,4663319,4,bf38f69fee000115871578b15786525e82952421,windows11-64-2009-shippable-qr,,True,,,102210fe594ee9b33d82058545b1ed14f4c8206e,,Base Content Explicit,True,Base Content Explicit opt fission,,77,bytes,,,1754662166,2023-09-12T07:31:58,10559488.000000019,2e2360c55e7b421532f4d12b7a36a0e0f943a1e9,1299027
autoland,4663319,4,bf38f69fee000115871578b15786525e82952421,windows11-64-2009-shippable-qr,,True,,,102210fe594ee9b33d82058545b1ed14f4c8206e,,Base Content Explicit,True,Base Content Explicit opt fission,,77,bytes,,,1754780659,2023-09-12T11:48:24,10696703.999999994,4cca882e069d67c3a9a9064ac603b0dca23a5b39,1299122
autoland,4663319,4,bf38f69fee000115871578b15786525e82952421,windows11-64-2009-shippable-qr,,True,,,102210fe594ee9b33d82058545b1ed14f4c8206e,,Base Content Explicit,True,Base Content Explicit opt fission,,77,bytes,,,1754785727,2023-09-12T12:34:27,10594303.999999989,f302f4a5371614cb2d42fbbe4ddfdd068aae146d,1299141
autoland,4663319,4,bf38f69fee000115871578b15786525e82952421,windows11-64-2009-shippable-qr,,True,,,102210fe594ee9b33d82058545b1ed14f4c8206e,,Base Content Explicit,True,Base Content Explicit opt fission,,77,bytes,,,1754972877,2023-09-12T16:35:29,10702848.000000006,1b3be6b61583c53c2cb899ffc91c921c022e8162,1299257
autoland,4663319,4,bf38f69fee000115871578b15786525e82952421,windows11-64-2009-shippable-qr,,True,,,102210fe594ee9b33d82058545b1ed14f4c8206e,,Base Content Explicit,True,Base Content Explicit opt fission,,77,bytes,,,1755117884,2023-09-12T17:51:01,10633215.999999989,c77f534dc9b99192eca371e3917ffc5b504bd055,1299297
autoland,4663319,4,bf38f69fee000115871578b15786525e82952421,windows11-64-2009-shippable-qr,,True,,,102210fe594ee9b33d82058545b1ed14f4c8206e,,Base Content Explicit,True,Base Content Explicit opt fission,,77,bytes,,,1755209154,2023-09-12T22:44:58,10586111.999999985,0339e9d43c22845d7589528bc8a08eee6b2d5c7a,1299446
autoland,4663319,4,bf38f69fee000115871578b15786525e82952421,windows11-64-2009-shippable-qr,,True,,,102210fe594ee9b33d82058545b1ed14f4c8206e,,Base Content Explicit,True,Base Content Explicit opt fission,,77,bytes,,,1755208102,2023-09-12T23:09:22,10606592.000000007,d238756ba039d0430074dea8fa1db0c2b75b8184,1299456
autoland,4663319,4,bf38f69fee000115871578b15786525e82952421,windows11-64-2009-shippable-qr,,True,,,102210fe594ee9b33d82058545b1ed14f4c8206e,,Base Content Explicit,True,Base Content Explicit opt fission,,77,bytes,,,1755228788,2023-09-13T03:21:32,10530816.000000017,daceab96e9588ecb729cc3648c7980f1d9928ef1,1299496
autoland,4663319,4,bf38f69fee000115871578b15786525e82952421,windows11-64-2009-shippable-qr,,True,,,102210fe594ee9b33d82058545b1ed14f4c8206e,,Base Content Explicit,True,Base Content Explicit opt fission,,77,bytes,,,1755309684,2023-09-13T08:07:28,10584064.000000004,00a66a4ea7d34e12302bd63f68a950cbff5a9ffa,1299529
autoland,4663319,4,bf38f69fee000115871578b15786525e82952421,windows11-64-2009-shippable-qr,,True,,,102210fe594ee9b33d82058545b1ed14f4c8206e,,Base Content Explicit,True,Base Content Explicit opt fission,,77,bytes,,,1755445788,2023-09-13T11:26:03,10715135.999999987,1a4b8c41b3c3efb7f5870fb99730fc6b08a44cc1,1299625
autoland,4663319,4,bf38f69fee000115871578b15786525e82952421,windows11-64-2009-shippable-qr,,True,,,102210fe594ee9b33d82058545b1ed14f4c8206e,,Base Content Explicit,True,Base Content Explicit opt fission,,77,bytes,,,1755593348,2023-09-13T15:38:40,10756095.999999981,49a7e292daad5c6727d745e6910b8bde5c3f59a6,1299802
autoland,4663319,4,bf38f69fee000115871578b15786525e82952421,windows11-64-2009-shippable-qr,,True,,,102210fe594ee9b33d82058545b1ed14f4c8206e,,Base Content Explicit,True,Base Content Explicit opt fission,,77,bytes,,,1755602094,2023-09-13T16:07:42,10573824.000000013,ce9c917d3e22a86f9e2a6fb5d5b68cd6d56fb687,1299823
autoland,4663319,4,bf38f69fee000115871578b15786525e82952421,windows11-64-2009-shippable-qr,,True,,,102210fe594ee9b33d82058545b1ed14f4c8206e,,Base Content Explicit,True,Base Content Explicit opt fission,,77,bytes,,,1755902843,2023-09-13T20:42:18,10541056.000000015,ab101a976da356370e4d513e38e73a1fa55b1597,1300022
autoland,4663319,4,bf38f69fee000115871578b15786525e82952421,windows11-64-2009-shippable-qr,,True,,,102210fe594ee9b33d82058545b1ed14f4c8206e,,Base Content Explicit,True,Base Content Explicit opt fission,,77,bytes,,,1755921141,2023-09-13T23:14:42,10700800.000000013,8f5a11c1eb0b7598d1415f6efa9c360191a423f8,1300119
autoland,4663319,4,bf38f69fee000115871578b15786525e82952421,windows11-64-2009-shippable-qr,,True,,,102210fe594ee9b33d82058545b1ed14f4c8206e,,Base Content Explicit,True,Base Content Explicit opt fission,,77,bytes,,,1756087453,2023-09-14T04:10:41,10637312.000000002,c57de172952ed6dfa84943bd2175574e4c87e92b,1300187
autoland,4663319,4,bf38f69fee000115871578b15786525e82952421,windows11-64-2009-shippable-qr,,True,,,102210fe594ee9b33d82058545b1ed14f4c8206e,,Base Content Explicit,True,Base Content Explicit opt fission,,77,bytes,,,1756251417,2023-09-14T09:30:23,10616832.000000011,69c7e9b937f817f1bee50511a690a35aa3b49793,1300302
autoland,4663319,4,bf38f69fee000115871578b15786525e82952421,windows11-64-2009-shippable-qr,,True,,,102210fe594ee9b33d82058545b1ed14f4c8206e,,Base Content Explicit,True,Base Content Explicit opt fission,,77,bytes,,,1756543697,2023-09-14T15:44:34,10735615.999999994,3b93c8502571e31ff0926a4911fae422c3c2118c,1300523
autoland,4663319,4,bf38f69fee000115871578b15786525e82952421,windows11-64-2009-shippable-qr,,True,,,102210fe594ee9b33d82058545b1ed14f4c8206e,,Base Content Explicit,True,Base Content Explicit opt fission,,77,bytes,,,1756545114,2023-09-14T16:38:11,10645504.000000013,98de7bc404c3786a5459a205dea174bdf39d3dbf,1300546
autoland,4663319,4,bf38f69fee000115871578b15786525e82952421,windows11-64-2009-shippable-qr,,True,,,102210fe594ee9b33d82058545b1ed14f4c8206e,,Base Content Explicit,True,Base Content Explicit opt fission,,77,bytes,,,1756701055,2023-09-14T20:51:49,10604544.000000004,ecc245e6c1644825a53e0e4085347043a793a40f,1300732
autoland,4663319,4,bf38f69fee000115871578b15786525e82952421,windows11-64-2009-shippable-qr,,True,,,102210fe594ee9b33d82058545b1ed14f4c8206e,,Base Content Explicit,True,Base Content Explicit opt fission,,77,bytes,,,1756815633,2023-09-15T00:53:43,10768384.000000017,cfbd0bd9bc623276a862481e44bd71e1d57e2eac,1300850
autoland,4663319,4,bf38f69fee000115871578b15786525e82952421,windows11-64-2009-shippable-qr,,True,,,102210fe594ee9b33d82058545b1ed14f4c8206e,,Base Content Explicit,True,Base Content Explicit opt fission,,77,bytes,,,1756917664,2023-09-15T06:04:49,10647552.000000002,8f99acff4cbc8f25f158dc6ff079042f02768f05,1300927
autoland,4663319,4,bf38f69fee000115871578b15786525e82952421,windows11-64-2009-shippable-qr,,True,,,102210fe594ee9b33d82058545b1ed14f4c8206e,,Base Content Explicit,True,Base Content Explicit opt fission,,77,bytes,,,1757025619,2023-09-15T06:59:31,10723327.999999987,0a032c6f1d5da0740059f67c499e0e9f7ab88650,1300939
autoland,4663319,4,bf38f69fee000115871578b15786525e82952421,windows11-64-2009-shippable-qr,,True,,,102210fe594ee9b33d82058545b1ed14f4c8206e,,Base Content Explicit,True,Base Content Explicit opt fission,,77,bytes,,,1757099193,2023-09-15T11:50:44,10651648.000000011,29c4aff31f1dc95ad970b23a77b763265f1632c0,1301039
autoland,4663319,4,bf38f69fee000115871578b15786525e82952421,windows11-64-2009-shippable-qr,,True,,,102210fe594ee9b33d82058545b1ed14f4c8206e,,Base Content Explicit,True,Base Content Explicit opt fission,,77,bytes,,,1757131587,2023-09-15T12:28:36,10659839.999999987,953f367a5ef64eeb7654e6c62f3ac7fb2b4424a3,1301070
autoland,4663319,4,bf38f69fee000115871578b15786525e82952421,windows11-64-2009-shippable-qr,,True,,,102210fe594ee9b33d82058545b1ed14f4c8206e,,Base Content Explicit,True,Base Content Explicit opt fission,,77,bytes,,,1757195462,2023-09-15T14:51:55,10786816.000000004,079079610ac2a41dba72a91cbe2867519e2bc5bd,1301175
autoland,4663319,4,bf38f69fee000115871578b15786525e82952421,windows11-64-2009-shippable-qr,,True,,,102210fe594ee9b33d82058545b1ed14f4c8206e,,Base Content Explicit,True,Base Content Explicit opt fission,,77,bytes,,,1757326156,2023-09-15T17:51:06,10600447.999999989,fec6b3b46bc6439ac98e03aa73938deaf6323f5c,1301318
autoland,4663319,4,bf38f69fee000115871578b15786525e82952421,windows11-64-2009-shippable-qr,,True,,,102210fe594ee9b33d82058545b1ed14f4c8206e,,Base Content Explicit,True,Base Content Explicit opt fission,,77,bytes,,,1757346719,2023-09-15T20:04:54,10600447.999999989,99357ab2bb639918d2ea0e8f391494df18c24cb9,1301421
autoland,4663319,4,bf38f69fee000115871578b15786525e82952421,windows11-64-2009-shippable-qr,,True,,,102210fe594ee9b33d82058545b1ed14f4c8206e,,Base Content Explicit,True,Base Content Explicit opt fission,,77,bytes,,,1757480629,2023-09-16T00:25:52,10684415.999999987,aa4e3903740dfa0ed175c6ff18e57b8fbe82afd7,1301531
autoland,4663319,4,bf38f69fee000115871578b15786525e82952421,windows11-64-2009-shippable-qr,,True,,,102210fe594ee9b33d82058545b1ed14f4c8206e,,Base Content Explicit,True,Base Content Explicit opt fission,,77,bytes,,,1757474581,2023-09-16T00:35:43,10635263.99999999,69d0f600b52641dd114b02da128a162f86f09395,1301538
autoland,4663319,4,bf38f69fee000115871578b15786525e82952421,windows11-64-2009-shippable-qr,,True,,,102210fe594ee9b33d82058545b1ed14f4c8206e,,Base Content Explicit,True,Base Content Explicit opt fission,,77,bytes,,,1757577239,2023-09-16T05:54:34,10647552.000000002,7fcd45f7f407a0c756c8b8292b1df8d8162cdce6,1301559
autoland,4663319,4,bf38f69fee000115871578b15786525e82952421,windows11-64-2009-shippable-qr,,True,,,102210fe594ee9b33d82058545b1ed14f4c8206e,,Base Content Explicit,True,Base Content Explicit opt fission,,77,bytes,,,1757656672,2023-09-16T12:53:39,10704895.999999981,745d8130d1ac2d3e0ae51f2f22896853f0d34479,1301583
autoland,4663319,4,bf38f69fee000115871578b15786525e82952421,windows11-64-2009-shippable-qr,,True,,,102210fe594ee9b33d82058545b1ed14f4c8206e,,Base Content Explicit,True,Base Content Explicit opt fission,,77,bytes,,,1757692773,2023-09-16T18:13:35,10606592.000000007,a7bddb715bd51687e4f52876beeb747f6a19cb0d,1301606
autoland,4663319,4,bf38f69fee000115871578b15786525e82952421,windows11-64-2009-shippable-qr,,True,,,102210fe594ee9b33d82058545b1ed14f4c8206e,,Base Content Explicit,True,Base Content Explicit opt fission,,77,bytes,,,1757797426,2023-09-17T06:44:56,10680319.999999994,d1558269e35b364c189cb76982dfc3fdd465224b,1301647
autoland,4663319,4,bf38f69fee000115871578b15786525e82952421,windows11-64-2009-shippable-qr,,True,,,102210fe594ee9b33d82058545b1ed14f4c8206e,,Base Content Explicit,True,Base Content Explicit opt fission,,77,bytes,,,1757835096,2023-09-17T09:36:28,10768384.000000017,16afd66ac7be7ee4ffc61599d0241c28d47c74c7,1301654
autoland,4663319,4,bf38f69fee000115871578b15786525e82952421,windows11-64-2009-shippable-qr,,True,,,102210fe594ee9b33d82058545b1ed14f4c8206e,,Base Content Explicit,True,Base Content Explicit opt fission,,77,bytes,,,1757916221,2023-09-17T14:36:55,10602495.999999994,17a576f280a8e27d78d7247f1f451ca46a64d0f4,1301663
autoland,4663319,4,bf38f69fee000115871578b15786525e82952421,windows11-64-2009-shippable-qr,,True,,,102210fe594ee9b33d82058545b1ed14f4c8206e,,Base Content Explicit,True,Base Content Explicit opt fission,,77,bytes,,,1758037851,2023-09-17T22:46:46,10684415.999999987,4333e71e3754938bc5beee5baabbfd6657869bc6,1301700
autoland,4663319,4,bf38f69fee000115871578b15786525e82952421,windows11-64-2009-shippable-qr,,True,,,102210fe594ee9b33d82058545b1ed14f4c8206e,,Base Content Explicit,True,Base Content Explicit opt fission,,77,bytes,,,1758079803,2023-09-18T03:57:39,10596351.999999987,d395f485b3a2b96c9d6f47f5167308b763c1891b,1301730
autoland,4663319,4,bf38f69fee000115871578b15786525e82952421,windows11-64-2009-shippable-qr,,True,,,102210fe594ee9b33d82058545b1ed14f4c8206e,,Base Content Explicit,True,Base Content Explicit opt fission,,77,bytes,,,1758267613,2023-09-18T09:50:33,10672128.000000011,11fb2a6e434951fbef0791563a159cbbdd42f4c8,1301818
autoland,4663319,4,bf38f69fee000115871578b15786525e82952421,windows11-64-2009-shippable-qr,,True,,,102210fe594ee9b33d82058545b1ed14f4c8206e,,Base Content Explicit,True,Base Content Explicit opt fission,,77,bytes,,,1758371833,2023-09-18T14:45:06,10725375.999999987,7a51e2aa7d09aac78f5c93c25c65e83cb1272b7d,1301994
autoland,4663319,4,bf38f69fee000115871578b15786525e82952421,windows11-64-2009-shippable-qr,,True,,,102210fe594ee9b33d82058545b1ed14f4c8206e,,Base Content Explicit,True,Base Content Explicit opt fission,,77,bytes,,,1758597774,2023-09-18T21:05:31,10682367.999999987,44aa0c56427a5e659c7bec91e3b608472cb6f763,1302247
autoland,4663319,4,bf38f69fee000115871578b15786525e82952421,windows11-64-2009-shippable-qr,,True,,,102210fe594ee9b33d82058545b1ed14f4c8206e,,Base Content Explicit,True,Base Content Explicit opt fission,,77,bytes,,,1758617265,2023-09-18T22:22:31,10731519.999999981,3a523925f8ff99d5984169d7fbae7e4d1fc1cd18,1302316
autoland,4663319,4,bf38f69fee000115871578b15786525e82952421,windows11-64-2009-shippable-qr,,True,,,102210fe594ee9b33d82058545b1ed14f4c8206e,,Base Content Explicit,True,Base Content Explicit opt fission,,77,bytes,,,1758677507,2023-09-19T00:36:20,10760192.000000015,b0769fdf63e5e9d7ac3ef647f895b15971a8dc99,1302387
autoland,4663319,4,bf38f69fee000115871578b15786525e82952421,windows11-64-2009-shippable-qr,,True,,,102210fe594ee9b33d82058545b1ed14f4c8206e,,Base Content Explicit,True,Base Content Explicit opt fission,,77,bytes,,,1758732581,2023-09-19T04:53:23,10690560.000000017,6589c0d4d3d3aaed578f6d60cc1831f6cdf79b7c,1302461
autoland,4663319,4,bf38f69fee000115871578b15786525e82952421,windows11-64-2009-shippable-qr,,True,,,102210fe594ee9b33d82058545b1ed14f4c8206e,,Base Content Explicit,True,Base Content Explicit opt fission,,77,bytes,,,1758846912,2023-09-19T06:42:05,10645504.000000013,0a60f8be5517ddc928471d4a378b46228773fbc5,1302480
autoland,4663319,4,bf38f69fee000115871578b15786525e82952421,windows11-64-2009-shippable-qr,,True,,,102210fe594ee9b33d82058545b1ed14f4c8206e,,Base Content Explicit,True,Base Content Explicit opt fission,,77,bytes,,,1758905542,2023-09-19T10:00:51,10747903.99999999,f257c2f8440fe82c3833f2d719a2bf3420df9120,1302573
autoland,4663319,4,bf38f69fee000115871578b15786525e82952421,windows11-64-2009-shippable-qr,,True,,,102210fe594ee9b33d82058545b1ed14f4c8206e,,Base Content Explicit,True,Base Content Explicit opt fission,,77,bytes,,,1759054847,2023-09-19T13:32:40,10747903.99999999,dd890d993c3039c40d9a50218bd3284a9810cc85,1302692
autoland,4663319,4,bf38f69fee000115871578b15786525e82952421,windows11-64-2009-shippable-qr,,True,,,102210fe594ee9b33d82058545b1ed14f4c8206e,,Base Content Explicit,True,Base Content Explicit opt fission,,77,bytes,,,1759155055,2023-09-19T16:21:41,10620927.999999993,e9e7852ce74f241f2a4f0ffac475410d0ea9a8a4,1302819
autoland,4663319,4,bf38f69fee000115871578b15786525e82952421,windows11-64-2009-shippable-qr,,True,,,102210fe594ee9b33d82058545b1ed14f4c8206e,,Base Content Explicit,True,Base Content Explicit opt fission,,77,bytes,,,1759293433,2023-09-19T20:31:47,10661887.999999983,f97675e331c2e3f8e3a7649cb722085b3360163c,1303015
autoland,4663319,4,bf38f69fee000115871578b15786525e82952421,windows11-64-2009-shippable-qr,,True,,,102210fe594ee9b33d82058545b1ed14f4c8206e,,Base Content Explicit,True,Base Content Explicit opt fission,,77,bytes,,,1759300022,2023-09-19T20:45:08,10719232.0,abf74735208c16d3b467c2acb344f3030fc5aacb,1303026
autoland,4663319,4,bf38f69fee000115871578b15786525e82952421,windows11-64-2009-shippable-qr,,True,,,102210fe594ee9b33d82058545b1ed14f4c8206e,,Base Content Explicit,True,Base Content Explicit opt fission,,77,bytes,,,1759476953,2023-09-20T00:59:14,10756095.999999981,71a9b5a8ec8503f993e8d7e8f1b2b98ff57ed283,1303207
autoland,4663319,4,bf38f69fee000115871578b15786525e82952421,windows11-64-2009-shippable-qr,,True,,,102210fe594ee9b33d82058545b1ed14f4c8206e,,Base Content Explicit,True,Base Content Explicit opt fission,,77,bytes,,,1759520708,2023-09-20T05:02:26,10751999.999999981,71c800e8074fa9f5e246acbf09097a0f15d4eb09,1303254
autoland,4663319,4,bf38f69fee000115871578b15786525e82952421,windows11-64-2009-shippable-qr,,True,,,102210fe594ee9b33d82058545b1ed14f4c8206e,,Base Content Explicit,True,Base Content Explicit opt fission,,77,bytes,,,1759665549,2023-09-20T09:03:21,10665984.0,2664490a1b4aeb2b2bd98c81ac43b68b1a24ea2f,1303343
autoland,4663319,4,bf38f69fee000115871578b15786525e82952421,windows11-64-2009-shippable-qr,,True,,,102210fe594ee9b33d82058545b1ed14f4c8206e,,Base Content Explicit,True,Base Content Explicit opt fission,,77,bytes,,,1759790853,2023-09-20T10:40:44,10625023.999999985,e11a98968ec15b84dc772d997bc0789a0a078549,1303401
autoland,4663319,4,bf38f69fee000115871578b15786525e82952421,windows11-64-2009-shippable-qr,,True,,,102210fe594ee9b33d82058545b1ed14f4c8206e,,Base Content Explicit,True,Base Content Explicit opt fission,,77,bytes,,,1759895414,2023-09-20T14:03:46,10649600.000000011,5baf76c5d8f19d35c8e7710816a726d92cfff8bb,1303541
autoland,4663319,4,bf38f69fee000115871578b15786525e82952421,windows11-64-2009-shippable-qr,,True,,,102210fe594ee9b33d82058545b1ed14f4c8206e,,Base Content Explicit,True,Base Content Explicit opt fission,,77,bytes,,,1759985383,2023-09-20T17:47:40,10563584.000000017,07c4a658632d6c11d371f974b56a6365212bef62,1303718
autoland,4663319,4,bf38f69fee000115871578b15786525e82952421,windows11-64-2009-shippable-qr,,True,,,102210fe594ee9b33d82058545b1ed14f4c8206e,,Base Content Explicit,True,Base Content Explicit opt fission,,77,bytes,,,1760084496,2023-09-20T21:06:43,10729472.000000011,137b5966e6ec0a63006a36cac0a3f1c4e3f5cefe,1303845
autoland,4663319,4,bf38f69fee000115871578b15786525e82952421,windows11-64-2009-shippable-qr,,True,,,102210fe594ee9b33d82058545b1ed14f4c8206e,,Base Content Explicit,True,Base Content Explicit opt fission,,77,bytes,,,1760125000,2023-09-20T23:02:53,10727424.000000011,a94c799a5be0d573f8c654b43966b4b772ded228,1303924
autoland,4663319,4,bf38f69fee000115871578b15786525e82952421,windows11-64-2009-shippable-qr,,True,,,102210fe594ee9b33d82058545b1ed14f4c8206e,,Base Content Explicit,True,Base Content Explicit opt fission,,77,bytes,,,1760240110,2023-09-21T04:47:54,10741759.999999993,7c6496f92bb0572d56513d645f3d6201f77a5653,1304025
autoland,4663319,4,bf38f69fee000115871578b15786525e82952421,windows11-64-2009-shippable-qr,,True,,,102210fe594ee9b33d82058545b1ed14f4c8206e,,Base Content Explicit,True,Base Content Explicit opt fission,,77,bytes,,,1760392116,2023-09-21T08:45:10,10690560.000000017,e98350675c5a294fe5c7a4138a5b16c4f6992907,1304121
autoland,4663319,4,bf38f69fee000115871578b15786525e82952421,windows11-64-2009-shippable-qr,,True,,,102210fe594ee9b33d82058545b1ed14f4c8206e,,Base Content Explicit,True,Base Content Explicit opt fission,,77,bytes,,,1760563718,2023-09-21T12:54:54,10670079.999999994,bd8d8c1ecad7cda50d42ce2dfde7fabc50a48948,1304268
autoland,4663319,4,bf38f69fee000115871578b15786525e82952421,windows11-64-2009-shippable-qr,,True,,,102210fe594ee9b33d82058545b1ed14f4c8206e,,Base Content Explicit,True,Base Content Explicit opt fission,,77,bytes,,,1760547684,2023-09-21T14:02:07,10575872.000000002,6e82382700fc8345a06dc3efd346a25826fa1bf2,1304316
autoland,4663319,4,bf38f69fee000115871578b15786525e82952421,windows11-64-2009-shippable-qr,,True,,,102210fe594ee9b33d82058545b1ed14f4c8206e,,Base Content Explicit,True,Base Content Explicit opt fission,,77,bytes,,,1760680709,2023-09-21T18:54:27,10766336.000000019,114bde678f299872db02fe1116ecfd3a7ada9381,1304515
autoland,4663319,4,bf38f69fee000115871578b15786525e82952421,windows11-64-2009-shippable-qr,,True,,,102210fe594ee9b33d82058545b1ed14f4c8206e,,Base Content Explicit,True,Base Content Explicit opt fission,,77,bytes,,,1760696073,2023-09-21T19:19:33,10690560.000000017,86fd71ad69b346f713966a8f18ec97a5b99a0aee,1304533
autoland,4663319,4,bf38f69fee000115871578b15786525e82952421,windows11-64-2009-shippable-qr,,True,,,102210fe594ee9b33d82058545b1ed14f4c8206e,,Base Content Explicit,True,Base Content Explicit opt fission,,77,bytes,,,1760796073,2023-09-21T23:47:59,10629119.99999999,efa8aa7a4f5484f349595a2c97ba6a2c6f214c66,1304690
autoland,4663319,4,bf38f69fee000115871578b15786525e82952421,windows11-64-2009-shippable-qr,,True,,,102210fe594ee9b33d82058545b1ed14f4c8206e,,Base Content Explicit,True,Base Content Explicit opt fission,,77,bytes,,,1760887755,2023-09-22T04:42:00,10612736.000000011,2de4a198348cc150a0c3ce328c42beade9646190,1304767
autoland,4663319,4,bf38f69fee000115871578b15786525e82952421,windows11-64-2009-shippable-qr,,True,,,102210fe594ee9b33d82058545b1ed14f4c8206e,,Base Content Explicit,True,Base Content Explicit opt fission,,77,bytes,,,1761041680,2023-09-22T11:33:15,10731519.999999981,6da1ce80e10cc6744801930434a44df21da87140,1304916
autoland,4663319,4,bf38f69fee000115871578b15786525e82952421,windows11-64-2009-shippable-qr,,True,,,102210fe594ee9b33d82058545b1ed14f4c8206e,,Base Content Explicit,True,Base Content Explicit opt fission,,77,bytes,,,1761124476,2023-09-22T15:35:17,10676223.999999989,d244d17a8e9ac94aa05c3bf0c2659104c7b15f76,1305037
autoland,4663319,4,bf38f69fee000115871578b15786525e82952421,windows11-64-2009-shippable-qr,,True,,,102210fe594ee9b33d82058545b1ed14f4c8206e,,Base Content Explicit,True,Base Content Explicit opt fission,,77,bytes,,,1761132480,2023-09-22T16:10:00,10643456.000000015,aee77156969b7d1f696e8952bc590e1449a16f85,1305065
autoland,4663319,4,bf38f69fee000115871578b15786525e82952421,windows11-64-2009-shippable-qr,,True,,,102210fe594ee9b33d82058545b1ed14f4c8206e,,Base Content Explicit,True,Base Content Explicit opt fission,,77,bytes,,,1761236815,2023-09-22T20:28:01,10680319.999999994,80cfc74bb77e6c4abfd0d70c51b274e4b036a05b,1305231
autoland,4663319,4,bf38f69fee000115871578b15786525e82952421,windows11-64-2009-shippable-qr,,True,,,102210fe594ee9b33d82058545b1ed14f4c8206e,,Base Content Explicit,True,Base Content Explicit opt fission,,77,bytes,,,1761309220,2023-09-23T00:28:09,10665984.0,5ce53217bf3e4d42db88aab74741654bfc634cc8,1305322
autoland,4663319,4,bf38f69fee000115871578b15786525e82952421,windows11-64-2009-shippable-qr,,True,,,102210fe594ee9b33d82058545b1ed14f4c8206e,,Base Content Explicit,True,Base Content Explicit opt fission,,77,bytes,,,1761320905,2023-09-23T00:41:33,10715135.999999987,1d9627a1274de78256ecdee1e8058e6b32392404,1305328
autoland,4663319,4,bf38f69fee000115871578b15786525e82952421,windows11-64-2009-shippable-qr,,True,,,102210fe594ee9b33d82058545b1ed14f4c8206e,,Base Content Explicit,True,Base Content Explicit opt fission,,77,bytes,,,1761436894,2023-09-23T16:39:34,10571775.999999996,e85748b0b9880ee586b2c155a4d84c1cdf3f31b4,1305402
autoland,4663319,4,bf38f69fee000115871578b15786525e82952421,windows11-64-2009-shippable-qr,,True,,,102210fe594ee9b33d82058545b1ed14f4c8206e,,Base Content Explicit,True,Base Content Explicit opt fission,,77,bytes,,,1761473661,2023-09-23T21:16:13,10684415.999999987,f4a2f296a2ea585882f2a2a627c036538eb875b0,1305420
autoland,4663319,4,bf38f69fee000115871578b15786525e82952421,windows11-64-2009-shippable-qr,,True,,,102210fe594ee9b33d82058545b1ed14f4c8206e,,Base Content Explicit,True,Base Content Explicit opt fission,,77,bytes,,,1761678844,2023-09-25T06:00:52,10622975.999999998,68035862c82691cc5ad039c1067c1fd24d048350,1305598
autoland,4663319,4,bf38f69fee000115871578b15786525e82952421,windows11-64-2009-shippable-qr,,True,,,102210fe594ee9b33d82058545b1ed14f4c8206e,,Base Content Explicit,True,Base Content Explicit opt fission,,77,bytes,,,1761712422,2023-09-25T08:45:06,10651648.000000011,27778dad58d148bf24097e327e55eb3b8631b902,1305656
autoland,4663319,4,bf38f69fee000115871578b15786525e82952421,windows11-64-2009-shippable-qr,,True,,,102210fe594ee9b33d82058545b1ed14f4c8206e,,Base Content Explicit,True,Base Content Explicit opt fission,,77,bytes,,,1761878389,2023-09-25T12:33:35,10717184.000000006,9a8976307af6049000ae1a1623fd71bd62850a10,1305791
autoland,4663319,4,bf38f69fee000115871578b15786525e82952421,windows11-64-2009-shippable-qr,,True,,,102210fe594ee9b33d82058545b1ed14f4c8206e,,Base Content Explicit,True,Base Content Explicit opt fission,,77,bytes,,,1762065528,2023-09-25T20:45:54,10745855.999999987,6a7f708c3d0458c9b30efa2bdfde6e7812554d1e,1306210
autoland,4663319,4,bf38f69fee000115871578b15786525e82952421,windows11-64-2009-shippable-qr,,True,,,102210fe594ee9b33d82058545b1ed14f4c8206e,,Base Content Explicit,True,Base Content Explicit opt fission,,77,bytes,,,1762140415,2023-09-26T00:20:03,10567680.000000013,844608487349450c789be0794a915bb90d90b133,1306338
autoland,4663319,4,bf38f69fee000115871578b15786525e82952421,windows11-64-2009-shippable-qr,,True,,,102210fe594ee9b33d82058545b1ed14f4c8206e,,Base Content Explicit,True,Base Content Explicit opt fission,,77,bytes,,,1762201267,2023-09-26T05:18:37,10637312.000000002,5c61430973af5452b01293947d0f76b758b97c28,1306392
autoland,4663319,4,bf38f69fee000115871578b15786525e82952421,windows11-64-2009-shippable-qr,,True,,,102210fe594ee9b33d82058545b1ed14f4c8206e,,Base Content Explicit,True,Base Content Explicit opt fission,,77,bytes,,,1762304375,2023-09-26T07:48:07,10739711.999999985,920e4f82b3485f132edc7f551ecd9334fa702021,1306435
autoland,4663319,4,bf38f69fee000115871578b15786525e82952421,windows11-64-2009-shippable-qr,,True,,,102210fe594ee9b33d82058545b1ed14f4c8206e,,Base Content Explicit,True,Base Content Explicit opt fission,,77,bytes,,,1762407545,2023-09-26T12:02:33,10637312.000000002,e60c3407f3620f94624c0ac7484a7d1b257be989,1306598
autoland,4663319,4,bf38f69fee000115871578b15786525e82952421,windows11-64-2009-shippable-qr,,True,,,102210fe594ee9b33d82058545b1ed14f4c8206e,,Base Content Explicit,True,Base Content Explicit opt fission,,77,bytes,,,1762494776,2023-09-26T15:03:48,10622975.999999998,f6c351ade4f28a1ce3843d0af7e5ec35b37a3576,1306757
autoland,4663319,4,bf38f69fee000115871578b15786525e82952421,windows11-64-2009-shippable-qr,,True,,,102210fe594ee9b33d82058545b1ed14f4c8206e,,Base Content Explicit,True,Base Content Explicit opt fission,,77,bytes,,,1762647234,2023-09-26T21:35:50,10631167.999999996,7a98d860920f5f74014454ce20ec6739e8a16878,1307018
autoland,4663319,4,bf38f69fee000115871578b15786525e82952421,windows11-64-2009-shippable-qr,,True,,,102210fe594ee9b33d82058545b1ed14f4c8206e,,Base Content Explicit,True,Base Content Explicit opt fission,,77,bytes,,,1762759998,2023-09-27T02:35:37,10641407.999999985,583cfd323dab818e35dc1f15fa3e92a503e56e11,1307110
autoland,4663319,4,bf38f69fee000115871578b15786525e82952421,windows11-64-2009-shippable-qr,,True,,,102210fe594ee9b33d82058545b1ed14f4c8206e,,Base Content Explicit,True,Base Content Explicit opt fission,,77,bytes,,,1762890946,2023-09-27T06:23:31,10668032.000000017,82ae09837aed66d319e3280febbf971a401bd8a6,1307163
autoland,4663319,4,bf38f69fee000115871578b15786525e82952421,windows11-64-2009-shippable-qr,,True,,,102210fe594ee9b33d82058545b1ed14f4c8206e,,Base Content Explicit,True,Base Content Explicit opt fission,,77,bytes,,,1762995898,2023-09-27T10:25:54,10604544.000000004,a1a8c2eeff55a4651fa01530fa3ec3ab3bec9b31,1307283
autoland,4663319,4,bf38f69fee000115871578b15786525e82952421,windows11-64-2009-shippable-qr,,True,,,102210fe594ee9b33d82058545b1ed14f4c8206e,,Base Content Explicit,True,Base Content Explicit opt fission,,77,bytes,,,1763012786,2023-09-27T10:32:06,10663935.999999983,af764baf74a1dd0e0b863a8cf26c25266bdcbc14,1307289
autoland,4663319,4,bf38f69fee000115871578b15786525e82952421,windows11-64-2009-shippable-qr,,True,,,102210fe594ee9b33d82058545b1ed14f4c8206e,,Base Content Explicit,True,Base Content Explicit opt fission,,77,bytes,,,1763224764,2023-09-27T14:48:02,10696703.999999994,42b4fa32b69deff886ea9bc4f4f7fb94391b751a,1307439
autoland,4663319,4,bf38f69fee000115871578b15786525e82952421,windows11-64-2009-shippable-qr,,True,,,102210fe594ee9b33d82058545b1ed14f4c8206e,,Base Content Explicit,True,Base Content Explicit opt fission,,77,bytes,,,1763294208,2023-09-27T17:53:51,10708991.999999985,7768cf51f090145a9009fb37298f3c1da7d60a2f,1307581
autoland,4663319,4,bf38f69fee000115871578b15786525e82952421,windows11-64-2009-shippable-qr,,True,,,102210fe594ee9b33d82058545b1ed14f4c8206e,,Base Content Explicit,True,Base Content Explicit opt fission,,77,bytes,,,1763509522,2023-09-27T23:11:22,10735615.999999994,d60788c1a5064d4f45dd33001554cde650df86be,1307771
autoland,4663319,4,bf38f69fee000115871578b15786525e82952421,windows11-64-2009-shippable-qr,,True,,,102210fe594ee9b33d82058545b1ed14f4c8206e,,Base Content Explicit,True,Base Content Explicit opt fission,,77,bytes,,,1763709981,2023-09-28T04:14:46,10694655.999999989,d1fc71cc3817fe3529b10939ed53c1d395a346fa,1307836
autoland,4663319,4,bf38f69fee000115871578b15786525e82952421,windows11-64-2009-shippable-qr,,True,,,102210fe594ee9b33d82058545b1ed14f4c8206e,,Base Content Explicit,True,Base Content Explicit opt fission,,77,bytes,,,1763782063,2023-09-28T08:00:04,10600447.999999989,d330b8e9f58e1065d1ca63ac5f284f7d1865e83c,1307885
autoland,4663319,4,bf38f69fee000115871578b15786525e82952421,windows11-64-2009-shippable-qr,,True,,,102210fe594ee9b33d82058545b1ed14f4c8206e,,Base Content Explicit,True,Base Content Explicit opt fission,,77,bytes,,,1763883962,2023-09-28T11:44:43,10645504.000000013,a5fd40a8bf47afafdda240c7b8f1b1b911d2d937,1308037
autoland,4663319,4,bf38f69fee000115871578b15786525e82952421,windows11-64-2009-shippable-qr,,True,,,102210fe594ee9b33d82058545b1ed14f4c8206e,,Base Content Explicit,True,Base Content Explicit opt fission,,77,bytes,,,1764048297,2023-09-28T15:45:35,10635263.99999999,0df79cc60ea0ef86258f3b33d533c75e91805d8b,1308186
autoland,4663319,4,bf38f69fee000115871578b15786525e82952421,windows11-64-2009-shippable-qr,,True,,,102210fe594ee9b33d82058545b1ed14f4c8206e,,Base Content Explicit,True,Base Content Explicit opt fission,,77,bytes,,,1764058305,2023-09-28T16:38:20,10696703.999999994,a216736126b15f69ebee5d940a5c3394f95759cb,1308227
autoland,4663319,4,bf38f69fee000115871578b15786525e82952421,windows11-64-2009-shippable-qr,,True,,,102210fe594ee9b33d82058545b1ed14f4c8206e,,Base Content Explicit,True,Base Content Explicit opt fission,,77,bytes,,,1764169503,2023-09-28T19:24:36,10610687.999999983,cd324cfaf45936b4670a6c0d15cbfe22d0e2f609,1308380
autoland,4663319,4,bf38f69fee000115871578b15786525e82952421,windows11-64-2009-shippable-qr,,True,,,102210fe594ee9b33d82058545b1ed14f4c8206e,,Base Content Explicit,True,Base Content Explicit opt fission,,77,bytes,,,1764283634,2023-09-28T22:48:25,10665984.0,72bb9164219d9f54440ccfa7f55dc02f195190f9,1308491
autoland,4663319,4,bf38f69fee000115871578b15786525e82952421,windows11-64-2009-shippable-qr,,True,,,102210fe594ee9b33d82058545b1ed14f4c8206e,,Base Content Explicit,True,Base Content Explicit opt fission,,77,bytes,,,1764502775,2023-09-29T05:26:28,10579967.999999993,4fd1c7c2dcf2973c3285d981e74b08dee641a0fc,1308580
autoland,4663319,4,bf38f69fee000115871578b15786525e82952421,windows11-64-2009-shippable-qr,,True,,,102210fe594ee9b33d82058545b1ed14f4c8206e,,Base Content Explicit,True,Base Content Explicit opt fission,,77,bytes,,,1764584990,2023-09-29T09:03:41,10702848.000000006,6453cd78e4f187bc198e83900dd9937c3cc6d0fc,1308650
autoland,4663319,4,bf38f69fee000115871578b15786525e82952421,windows11-64-2009-shippable-qr,,True,,,102210fe594ee9b33d82058545b1ed14f4c8206e,,Base Content Explicit,True,Base Content Explicit opt fission,,77,bytes,,,1764792661,2023-09-29T13:06:51,10565631.999999981,dfea5c2f2737b0334921941ecd0f5f235432942e,1308761
autoland,4663319,4,bf38f69fee000115871578b15786525e82952421,windows11-64-2009-shippable-qr,,True,,,102210fe594ee9b33d82058545b1ed14f4c8206e,,Base Content Explicit,True,Base Content Explicit opt fission,,77,bytes,,,1764870634,2023-09-29T14:43:48,10602495.999999994,e2d3169fc579506294a164827b60ea38b9295bb1,1308803
autoland,4663319,4,bf38f69fee000115871578b15786525e82952421,windows11-64-2009-shippable-qr,,True,,,102210fe594ee9b33d82058545b1ed14f4c8206e,,Base Content Explicit,True,Base Content Explicit opt fission,,77,bytes,,,1765213303,2023-09-30T06:24:14,10604544.000000004,c0cfc8c5836260ab8706d5b737a4f4f654da4610,1309077
autoland,4663319,4,bf38f69fee000115871578b15786525e82952421,windows11-64-2009-shippable-qr,,True,,,102210fe594ee9b33d82058545b1ed14f4c8206e,,Base Content Explicit,True,Base Content Explicit opt fission,,77,bytes,,,1765333749,2023-09-30T15:09:24,10672128.000000011,0d5209658cf41a9d6d9f6c74890ecf69602525c4,1309133
autoland,4663319,4,bf38f69fee000115871578b15786525e82952421,windows11-64-2009-shippable-qr,,True,,,102210fe594ee9b33d82058545b1ed14f4c8206e,,Base Content Explicit,True,Base Content Explicit opt fission,,77,bytes,,,1765345259,2023-09-30T15:56:32,10649600.000000011,8c9ba927121cd7f1cb5b31ffb86addc4c34b59a8,1309136
autoland,4663319,4,bf38f69fee000115871578b15786525e82952421,windows11-64-2009-shippable-qr,,True,,,102210fe594ee9b33d82058545b1ed14f4c8206e,,Base Content Explicit,True,Base Content Explicit opt fission,,77,bytes,,,1765385153,2023-09-30T20:01:07,10520575.999999994,bacf4fcba00b9d708012b5c8144292e5362ed452,1309152
autoland,4663319,4,bf38f69fee000115871578b15786525e82952421,windows11-64-2009-shippable-qr,,True,,,102210fe594ee9b33d82058545b1ed14f4c8206e,,Base Content Explicit,True,Base Content Explicit opt fission,,77,bytes,,,1765435512,2023-10-01T02:27:22,10743807.999999998,b781e655236dff9086d1be5c4b59b0263a9cee56,1309171
autoland,4663319,4,bf38f69fee000115871578b15786525e82952421,windows11-64-2009-shippable-qr,,True,,,102210fe594ee9b33d82058545b1ed14f4c8206e,,Base Content Explicit,True,Base Content Explicit opt fission,,77,bytes,,,1765548906,2023-10-01T15:08:35,10711039.999999996,1abb269d873e8bda2c0fa1b4f26f481c89584ca6,1309237
autoland,4663319,4,bf38f69fee000115871578b15786525e82952421,windows11-64-2009-shippable-qr,,True,,,102210fe594ee9b33d82058545b1ed14f4c8206e,,Base Content Explicit,True,Base Content Explicit opt fission,,77,bytes,,,1765581857,2023-10-01T19:57:41,10762240.000000015,72adc901a818435f7ba23e492963c7e1bf526be1,1309256
autoland,4663319,4,bf38f69fee000115871578b15786525e82952421,windows11-64-2009-shippable-qr,,True,,,102210fe594ee9b33d82058545b1ed14f4c8206e,,Base Content Explicit,True,Base Content Explicit opt fission,,77,bytes,,,1765585878,2023-10-01T20:03:17,10727424.000000011,1c52958ae6ea59e32694986c0d6332b8171aca86,1309258
autoland,4663319,4,bf38f69fee000115871578b15786525e82952421,windows11-64-2009-shippable-qr,,True,,,102210fe594ee9b33d82058545b1ed14f4c8206e,,Base Content Explicit,True,Base Content Explicit opt fission,,77,bytes,,,1765706063,2023-10-02T00:31:45,10549247.999999989,55fc90da3cff35171d66e3dcf280575bef8c17a6,1309288
autoland,4663319,4,bf38f69fee000115871578b15786525e82952421,windows11-64-2009-shippable-qr,,True,,,102210fe594ee9b33d82058545b1ed14f4c8206e,,Base Content Explicit,True,Base Content Explicit opt fission,,77,bytes,,,1765853331,2023-10-02T11:08:53,10627072.0,318059aaa167779fcc844cbf085cb7ffacc47523,1309454
autoland,4663319,4,bf38f69fee000115871578b15786525e82952421,windows11-64-2009-shippable-qr,,True,,,102210fe594ee9b33d82058545b1ed14f4c8206e,,Base Content Explicit,True,Base Content Explicit opt fission,,77,bytes,,,1766061365,2023-10-02T16:59:31,10676223.999999989,db33a2d0d6c36f0c15318f1c5ffaa7498a1ee4f3,1309721
autoland,4663319,4,bf38f69fee000115871578b15786525e82952421,windows11-64-2009-shippable-qr,,True,,,102210fe594ee9b33d82058545b1ed14f4c8206e,,Base Content Explicit,True,Base Content Explicit opt fission,,77,bytes,,,1766148138,2023-10-02T20:46:43,10604544.000000004,0435b7e1340f2ced37216f0dd2fbf09a0a8f2cad,1309872
autoland,4663319,4,bf38f69fee000115871578b15786525e82952421,windows11-64-2009-shippable-qr,,True,,,102210fe594ee9b33d82058545b1ed14f4c8206e,,Base Content Explicit,True,Base Content Explicit opt fission,,77,bytes,,,1766404026,2023-10-03T05:01:50,10600447.999999989,53af11a26cb69e0616d9f481f988276e0a6da93e,1310080
autoland,4663319,4,bf38f69fee000115871578b15786525e82952421,windows11-64-2009-shippable-qr,,True,,,102210fe594ee9b33d82058545b1ed14f4c8206e,,Base Content Explicit,True,Base Content Explicit opt fission,,77,bytes,,,1766718921,2023-10-03T11:04:59,10510336.000000013,f003c74ca9f9399bc6db342491d997d682efc357,1310236
autoland,4663319,4,bf38f69fee000115871578b15786525e82952421,windows11-64-2009-shippable-qr,,True,,,102210fe594ee9b33d82058545b1ed14f4c8206e,,Base Content Explicit,True,Base Content Explicit opt fission,,77,bytes,,,1766734435,2023-10-03T12:29:11,10651648.000000011,e17d7235b6833e36a524263990347804df15c7fb,1310274
autoland,4663319,4,bf38f69fee000115871578b15786525e82952421,windows11-64-2009-shippable-qr,,True,,,102210fe594ee9b33d82058545b1ed14f4c8206e,,Base Content Explicit,True,Base Content Explicit opt fission,,77,bytes,,,1769084901,2023-10-03T15:17:19,10608640.000000019,b3b1aa7e76bca656376581afa36895bcaf2c2bca,1310382
autoland,4663319,4,bf38f69fee000115871578b15786525e82952421,windows11-64-2009-shippable-qr,,True,,,102210fe594ee9b33d82058545b1ed14f4c8206e,,Base Content Explicit,True,Base Content Explicit opt fission,,77,bytes,,,1769084991,2023-10-03T15:19:21,10627072.0,226b3a89b9be28eabc8c9c4dfebb5eac585c4a66,1310384
autoland,4663319,4,bf38f69fee000115871578b15786525e82952421,windows11-64-2009-shippable-qr,,True,,,102210fe594ee9b33d82058545b1ed14f4c8206e,,Base Content Explicit,True,Base Content Explicit opt fission,,77,bytes,,,1770399137,2023-10-03T15:19:21,10688512.000000017,226b3a89b9be28eabc8c9c4dfebb5eac585c4a66,1310384
autoland,4663319,4,bf38f69fee000115871578b15786525e82952421,windows11-64-2009-shippable-qr,,True,,,102210fe594ee9b33d82058545b1ed14f4c8206e,,Base Content Explicit,True,Base Content Explicit opt fission,,77,bytes,,,1770399442,2023-10-03T15:19:21,10692608.000000004,226b3a89b9be28eabc8c9c4dfebb5eac585c4a66,1310384
autoland,4663319,4,bf38f69fee000115871578b15786525e82952421,windows11-64-2009-shippable-qr,,True,,,102210fe594ee9b33d82058545b1ed14f4c8206e,,Base Content Explicit,True,Base Content Explicit opt fission,,77,bytes,,,1770399463,2023-10-03T15:19:21,10543103.999999996,226b3a89b9be28eabc8c9c4dfebb5eac585c4a66,1310384
autoland,4663319,4,bf38f69fee000115871578b15786525e82952421,windows11-64-2009-shippable-qr,,True,,,102210fe594ee9b33d82058545b1ed14f4c8206e,,Base Content Explicit,True,Base Content Explicit opt fission,,77,bytes,,,1770399470,2023-10-03T15:19:21,10686464.000000004,226b3a89b9be28eabc8c9c4dfebb5eac585c4a66,1310384
autoland,4663319,4,bf38f69fee000115871578b15786525e82952421,windows11-64-2009-shippable-qr,,True,,,102210fe594ee9b33d82058545b1ed14f4c8206e,,Base Content Explicit,True,Base Content Explicit opt fission,,77,bytes,,,1769084886,2023-10-03T15:26:59,10592255.999999993,2351d7a1a27d4b280c1d59a628e915a95e8cb2e6,1310389
autoland,4663319,4,bf38f69fee000115871578b15786525e82952421,windows11-64-2009-shippable-qr,,True,,,102210fe594ee9b33d82058545b1ed14f4c8206e,,Base Content Explicit,True,Base Content Explicit opt fission,,77,bytes,,,1770399387,2023-10-03T15:26:59,10549247.999999989,2351d7a1a27d4b280c1d59a628e915a95e8cb2e6,1310389
autoland,4663319,4,bf38f69fee000115871578b15786525e82952421,windows11-64-2009-shippable-qr,,True,,,102210fe594ee9b33d82058545b1ed14f4c8206e,,Base Content Explicit,True,Base Content Explicit opt fission,,77,bytes,,,1770399630,2023-10-03T15:26:59,10643456.000000015,2351d7a1a27d4b280c1d59a628e915a95e8cb2e6,1310389
autoland,4663319,4,bf38f69fee000115871578b15786525e82952421,windows11-64-2009-shippable-qr,,True,,,102210fe594ee9b33d82058545b1ed14f4c8206e,,Base Content Explicit,True,Base Content Explicit opt fission,,77,bytes,,,1770399451,2023-10-03T15:26:59,10700800.000000013,2351d7a1a27d4b280c1d59a628e915a95e8cb2e6,1310389
autoland,4663319,4,bf38f69fee000115871578b15786525e82952421,windows11-64-2009-shippable-qr,,True,,,102210fe594ee9b33d82058545b1ed14f4c8206e,,Base Content Explicit,True,Base Content Explicit opt fission,,77,bytes,,,1770401857,2023-10-03T15:26:59,10524671.999999993,2351d7a1a27d4b280c1d59a628e915a95e8cb2e6,1310389
autoland,4663319,4,bf38f69fee000115871578b15786525e82952421,windows11-64-2009-shippable-qr,,True,,,102210fe594ee9b33d82058545b1ed14f4c8206e,,Base Content Explicit,True,Base Content Explicit opt fission,,77,bytes,,,1769085283,2023-10-03T15:27:54,10602495.999999994,c8c454aa97ec05d3c50fec44a57fc65b3be7d205,1310390
autoland,4663319,4,bf38f69fee000115871578b15786525e82952421,windows11-64-2009-shippable-qr,,True,,,102210fe594ee9b33d82058545b1ed14f4c8206e,,Base Content Explicit,True,Base Content Explicit opt fission,,77,bytes,,,1769086841,2023-10-03T15:38:29,10555391.99999999,a0acd486fa1eb88c07161ae220ea4d16d17cc629,1310395
autoland,4663319,4,bf38f69fee000115871578b15786525e82952421,windows11-64-2009-shippable-qr,,True,,,102210fe594ee9b33d82058545b1ed14f4c8206e,,Base Content Explicit,True,Base Content Explicit opt fission,,77,bytes,,,1769087961,2023-10-03T16:07:01,10688512.000000017,489e7952cd67fe4e1816d3452675332e76676a3e,1310412
autoland,4663319,4,bf38f69fee000115871578b15786525e82952421,windows11-64-2009-shippable-qr,,True,,,102210fe594ee9b33d82058545b1ed14f4c8206e,,Base Content Explicit,True,Base Content Explicit opt fission,,77,bytes,,,1769084971,2023-10-03T16:08:24,10571775.999999996,21db15048e15cf9e6583d468f53dcac567c47157,1310413
autoland,4663319,4,bf38f69fee000115871578b15786525e82952421,windows11-64-2009-shippable-qr,,True,,,102210fe594ee9b33d82058545b1ed14f4c8206e,,Base Content Explicit,True,Base Content Explicit opt fission,,77,bytes,,,1769084961,2023-10-03T16:11:45,10584064.000000004,0eedd9bb1aaae4d83188aa933c0cfa13a775f2aa,1310414
autoland,4663319,4,bf38f69fee000115871578b15786525e82952421,windows11-64-2009-shippable-qr,,True,,,102210fe594ee9b33d82058545b1ed14f4c8206e,,Base Content Explicit,True,Base Content Explicit opt fission,,77,bytes,,,1766977641,2023-10-03T16:51:48,10641407.999999985,b93578d846b3af884d0a623f8ce43e0183c8307f,1310439
autoland,4663319,4,bf38f69fee000115871578b15786525e82952421,windows11-64-2009-shippable-qr,,True,,,102210fe594ee9b33d82058545b1ed14f4c8206e,,Base Content Explicit,True,Base Content Explicit opt fission,,77,bytes,,,1769084821,2023-10-03T20:56:54,10518528.000000013,abf89912cf0e4ca47ac33c90a38593ca6b8eef83,1310587
autoland,4663319,4,bf38f69fee000115871578b15786525e82952421,windows11-64-2009-shippable-qr,,True,,,102210fe594ee9b33d82058545b1ed14f4c8206e,,Base Content Explicit,True,Base Content Explicit opt fission,,77,bytes,,,1769083328,2023-10-03T20:57:51,10639359.999999993,88ca1e591313f45ef34a62acadd6b059f8b85106,1310588
autoland,4663319,4,bf38f69fee000115871578b15786525e82952421,windows11-64-2009-shippable-qr,,True,,,102210fe594ee9b33d82058545b1ed14f4c8206e,,Base Content Explicit,True,Base Content Explicit opt fission,,77,bytes,,,1769084677,2023-10-03T21:16:01,10688512.000000017,01abf930014033b2a323982947a0027d248b0a4f,1310589
autoland,4663319,4,bf38f69fee000115871578b15786525e82952421,windows11-64-2009-shippable-qr,,True,,,102210fe594ee9b33d82058545b1ed14f4c8206e,,Base Content Explicit,True,Base Content Explicit opt fission,,77,bytes,,,1769084748,2023-10-03T21:18:10,10602495.999999994,1c7289369f603f40746d9d9be3765e9d16be2480,1310590
autoland,4663319,4,bf38f69fee000115871578b15786525e82952421,windows11-64-2009-shippable-qr,,True,,,102210fe594ee9b33d82058545b1ed14f4c8206e,,Base Content Explicit,True,Base Content Explicit opt fission,,77,bytes,,,1769084065,2023-10-03T22:50:47,10545151.99999999,b31a7fa4370e0e22a05d16e68b4edfa9f0e11ce5,1310595
autoland,4663319,4,bf38f69fee000115871578b15786525e82952421,windows11-64-2009-shippable-qr,,True,,,102210fe594ee9b33d82058545b1ed14f4c8206e,,Base Content Explicit,True,Base Content Explicit opt fission,,77,bytes,,,1769083366,2023-10-03T22:51:52,10536959.999999981,4d0bd7e7cf7da2dbd99bbfef433f8ad13cff9542,1310596
autoland,4663319,4,bf38f69fee000115871578b15786525e82952421,windows11-64-2009-shippable-qr,,True,,,102210fe594ee9b33d82058545b1ed14f4c8206e,,Base Content Explicit,True,Base Content Explicit opt fission,,77,bytes,,,1769083381,2023-10-03T22:52:43,10635263.99999999,c4bfe39c76f01a676eda8ff972a8bbfdce99f5cd,1310597
autoland,4663319,4,bf38f69fee000115871578b15786525e82952421,windows11-64-2009-shippable-qr,,True,,,102210fe594ee9b33d82058545b1ed14f4c8206e,,Base Content Explicit,True,Base Content Explicit opt fission,,77,bytes,,,1769085519,2023-10-03T22:54:51,10561536.000000011,c9c8d8e2def4a1ae939e7dc3e2c1585b72b736ca,1310620
autoland,4663319,4,bf38f69fee000115871578b15786525e82952421,windows11-64-2009-shippable-qr,,True,,,102210fe594ee9b33d82058545b1ed14f4c8206e,,Base Content Explicit,True,Base Content Explicit opt fission,,77,bytes,,,1769083878,2023-10-03T22:55:45,10653695.999999981,4a0bbb6d1f6a24fa45c636ebf9183322d10cbb32,1310666
autoland,4663319,4,bf38f69fee000115871578b15786525e82952421,windows11-64-2009-shippable-qr,,True,,,102210fe594ee9b33d82058545b1ed14f4c8206e,,Base Content Explicit,True,Base Content Explicit opt fission,,77,bytes,,,1769083696,2023-10-03T22:57:02,10573824.000000013,72e7e4417cc912bd4c3fecefa3a2b3b5821c1469,1310668
autoland,4663319,4,bf38f69fee000115871578b15786525e82952421,windows11-64-2009-shippable-qr,,True,,,102210fe594ee9b33d82058545b1ed14f4c8206e,,Base Content Explicit,True,Base Content Explicit opt fission,,77,bytes,,,1769083409,2023-10-03T22:57:52,10674176.000000013,c0dc2122de8ea5655b1f16e11316efcfa8cf7855,1310669
autoland,4663319,4,bf38f69fee000115871578b15786525e82952421,windows11-64-2009-shippable-qr,,True,,,102210fe594ee9b33d82058545b1ed14f4c8206e,,Base Content Explicit,True,Base Content Explicit opt fission,,77,bytes,,,1769083770,2023-10-03T22:58:48,10598400.0,9447747637202157f8b7e5cddbcf492ff76ffd55,1310670
autoland,4663319,4,bf38f69fee000115871578b15786525e82952421,windows11-64-2009-shippable-qr,,True,,,102210fe594ee9b33d82058545b1ed14f4c8206e,,Base Content Explicit,True,Base Content Explicit opt fission,,77,bytes,,,1769084205,2023-10-03T23:41:28,10627072.0,a7b43c5005ce200bf3f92e037bb4d51e64b1138c,1310686
autoland,4663319,4,bf38f69fee000115871578b15786525e82952421,windows11-64-2009-shippable-qr,,True,,,102210fe594ee9b33d82058545b1ed14f4c8206e,,Base Content Explicit,True,Base Content Explicit opt fission,,77,bytes,,,1769084114,2023-10-03T23:43:44,10586111.999999985,f531e2c7fd23d67704884d90ff632857cc4368cf,1310687
autoland,4663319,4,bf38f69fee000115871578b15786525e82952421,windows11-64-2009-shippable-qr,,True,,,102210fe594ee9b33d82058545b1ed14f4c8206e,,Base Content Explicit,True,Base Content Explicit opt fission,,77,bytes,,,1769084150,2023-10-03T23:50:03,10561536.000000011,65da50253a19b9adc6a900d4b221bda30156b885,1310693
autoland,4663319,4,bf38f69fee000115871578b15786525e82952421,windows11-64-2009-shippable-qr,,True,,,102210fe594ee9b33d82058545b1ed14f4c8206e,,Base Content Explicit,True,Base Content Explicit opt fission,,77,bytes,,,1769084079,2023-10-03T23:51:33,10688512.000000017,d8a68b5a66872ef580ebe24332f59378cb0f825c,1310694
autoland,4663319,4,bf38f69fee000115871578b15786525e82952421,windows11-64-2009-shippable-qr,,True,,,102210fe594ee9b33d82058545b1ed14f4c8206e,,Base Content Explicit,True,Base Content Explicit opt fission,,77,bytes,,,1769084139,2023-10-03T23:52:38,10598400.0,524d597c74b1e243b9d0abba587c7f45d9aeadba,1310695
autoland,4663319,4,bf38f69fee000115871578b15786525e82952421,windows11-64-2009-shippable-qr,,True,,,102210fe594ee9b33d82058545b1ed14f4c8206e,,Base Content Explicit,True,Base Content Explicit opt fission,,77,bytes,,,1767130229,2023-10-04T00:09:44,10582015.999999985,3fb508020251d2cb191f2d62714da25ec3f35118,1310704
autoland,4663319,4,bf38f69fee000115871578b15786525e82952421,windows11-64-2009-shippable-qr,,True,,,102210fe594ee9b33d82058545b1ed14f4c8206e,,Base Content Explicit,True,Base Content Explicit opt fission,,77,bytes,,,1767274539,2023-10-04T04:52:48,10592255.999999993,413c83e8ccdad48a5ea3e58243d8ec9bb8c317fd,1310758
autoland,4663319,4,bf38f69fee000115871578b15786525e82952421,windows11-64-2009-shippable-qr,,True,,,102210fe594ee9b33d82058545b1ed14f4c8206e,,Base Content Explicit,True,Base Content Explicit opt fission,,77,bytes,,,1767418223,2023-10-04T07:37:17,10594303.999999989,ee60a98b1285e84f8466d929dd7197b4cb9e3beb,1310806
autoland,4663319,4,bf38f69fee000115871578b15786525e82952421,windows11-64-2009-shippable-qr,,True,,,102210fe594ee9b33d82058545b1ed14f4c8206e,,Base Content Explicit,True,Base Content Explicit opt fission,,77,bytes,,,1767571019,2023-10-04T11:43:59,10577919.999999993,c559095402a2380ba171d9c60662e36c8d5e948d,1310929
autoland,4663319,4,bf38f69fee000115871578b15786525e82952421,windows11-64-2009-shippable-qr,,True,,,102210fe594ee9b33d82058545b1ed14f4c8206e,,Base Content Explicit,True,Base Content Explicit opt fission,,77,bytes,,,1767660254,2023-10-04T13:35:26,10577919.999999993,764533656770292f05824c8125c45832ba08baa6,1311025
autoland,4663319,4,bf38f69fee000115871578b15786525e82952421,windows11-64-2009-shippable-qr,,True,,,102210fe594ee9b33d82058545b1ed14f4c8206e,,Base Content Explicit,True,Base Content Explicit opt fission,,77,bytes,,,1767762275,2023-10-04T16:58:39,10555391.99999999,ce4c0f200f3bbd6681a6313aebf0d64f7ea8afe5,1311191
autoland,4663319,4,bf38f69fee000115871578b15786525e82952421,windows11-64-2009-shippable-qr,,True,,,102210fe594ee9b33d82058545b1ed14f4c8206e,,Base Content Explicit,True,Base Content Explicit opt fission,,77,bytes,,,1767899860,2023-10-04T20:54:48,10631167.999999996,e557eb7d97ce665fd81c680ed136877f12572c13,1311395
autoland,4663319,4,bf38f69fee000115871578b15786525e82952421,windows11-64-2009-shippable-qr,,True,,,102210fe594ee9b33d82058545b1ed14f4c8206e,,Base Content Explicit,True,Base Content Explicit opt fission,,77,bytes,,,1768022461,2023-10-05T00:01:56,10684415.999999987,59f4df7189285072039d3a68afd88090443edb71,1311536
autoland,4663319,4,bf38f69fee000115871578b15786525e82952421,windows11-64-2009-shippable-qr,,True,,,102210fe594ee9b33d82058545b1ed14f4c8206e,,Base Content Explicit,True,Base Content Explicit opt fission,,77,bytes,,,1768082649,2023-10-05T04:15:14,10616832.000000011,c406ccc1889d7f77e187d219bc9800009e26c02e,1311596
autoland,4663319,4,bf38f69fee000115871578b15786525e82952421,windows11-64-2009-shippable-qr,,True,,,102210fe594ee9b33d82058545b1ed14f4c8206e,,Base Content Explicit,True,Base Content Explicit opt fission,,77,bytes,,,1768173063,2023-10-05T08:15:44,10737664.0,526604ee2cd434fcf94020c1c8b6b96d253a6e83,1311663
autoland,4663319,4,bf38f69fee000115871578b15786525e82952421,windows11-64-2009-shippable-qr,,True,,,102210fe594ee9b33d82058545b1ed14f4c8206e,,Base Content Explicit,True,Base Content Explicit opt fission,,77,bytes,,,1768228115,2023-10-05T08:43:24,10725375.999999987,352fa7471fb72db127fc25a7723d201abec7bd50,1311677
autoland,4663319,4,bf38f69fee000115871578b15786525e82952421,windows11-64-2009-shippable-qr,,True,,,102210fe594ee9b33d82058545b1ed14f4c8206e,,Base Content Explicit,True,Base Content Explicit opt fission,,77,bytes,,,1768434340,2023-10-05T13:03:19,10512384.000000004,071a248f1589b12a9d492997caf012ac6a813d61,1311840
autoland,4663319,4,bf38f69fee000115871578b15786525e82952421,windows11-64-2009-shippable-qr,,True,,,102210fe594ee9b33d82058545b1ed14f4c8206e,,Base Content Explicit,True,Base Content Explicit opt fission,,77,bytes,,,1768412751,2023-10-05T14:07:33,10592255.999999993,38a59b940c35dfab50ff2deda3fe6f27bfa99213,1311899
autoland,4663319,4,bf38f69fee000115871578b15786525e82952421,windows11-64-2009-shippable-qr,,True,,,102210fe594ee9b33d82058545b1ed14f4c8206e,,Base Content Explicit,True,Base Content Explicit opt fission,,77,bytes,,,1768728711,2023-10-05T17:18:24,10672128.000000011,def7651a06fb17bb344eaf48cc6daa6047be722e,1312069
autoland,4663319,4,bf38f69fee000115871578b15786525e82952421,windows11-64-2009-shippable-qr,,True,,,102210fe594ee9b33d82058545b1ed14f4c8206e,,Base Content Explicit,True,Base Content Explicit opt fission,,77,bytes,,,1768774492,2023-10-05T19:49:01,10530816.000000017,5cb270a4e6b6f0aa6cd6865b7f8daf75ad10263c,1312160
autoland,4663319,4,bf38f69fee000115871578b15786525e82952421,windows11-64-2009-shippable-qr,,True,,,102210fe594ee9b33d82058545b1ed14f4c8206e,,Base Content Explicit,True,Base Content Explicit opt fission,,77,bytes,,,1768924077,2023-10-06T01:08:36,10651648.000000011,461a9c98a535b9896e9d394bdfee72ce90cf7afd,1312319
autoland,4663319,4,bf38f69fee000115871578b15786525e82952421,windows11-64-2009-shippable-qr,,True,,,102210fe594ee9b33d82058545b1ed14f4c8206e,,Base Content Explicit,True,Base Content Explicit opt fission,,77,bytes,,,1769066702,2023-10-06T04:02:35,10586111.999999985,055e1badb79853e71fe9123f8e0c60a4381a1239,1312369
autoland,4663319,4,bf38f69fee000115871578b15786525e82952421,windows11-64-2009-shippable-qr,,True,,,102210fe594ee9b33d82058545b1ed14f4c8206e,,Base Content Explicit,True,Base Content Explicit opt fission,,77,bytes,,,1769156620,2023-10-06T08:43:18,10577919.999999993,00b027478170756439b780282f9cfdf15edea985,1312452
autoland,4663319,4,bf38f69fee000115871578b15786525e82952421,windows11-64-2009-shippable-qr,,True,,,102210fe594ee9b33d82058545b1ed14f4c8206e,,Base Content Explicit,True,Base Content Explicit opt fission,,77,bytes,,,1769193789,2023-10-06T12:06:22,10543120.000000019,9b362770f30bc360df921ba24ace5de8c387e631,1312537
autoland,4663319,4,bf38f69fee000115871578b15786525e82952421,windows11-64-2009-shippable-qr,,True,,,102210fe594ee9b33d82058545b1ed14f4c8206e,,Base Content Explicit,True,Base Content Explicit opt fission,,77,bytes,,,1769421386,2023-10-06T19:00:40,10612751.999999998,c561ffa6099b97fd965811d77fd98de66c44d32b,1312844
autoland,4663319,4,bf38f69fee000115871578b15786525e82952421,windows11-64-2009-shippable-qr,,True,,,102210fe594ee9b33d82058545b1ed14f4c8206e,,Base Content Explicit,True,Base Content Explicit opt fission,,77,bytes,,,1769538018,2023-10-06T23:09:23,10592271.999999983,1d25ed23e85a3a9d0d9117997337757d0ff718a2,1312997
autoland,4663319,4,bf38f69fee000115871578b15786525e82952421,windows11-64-2009-shippable-qr,,True,,,102210fe594ee9b33d82058545b1ed14f4c8206e,,Base Content Explicit,True,Base Content Explicit opt fission,,77,bytes,,,1769609358,2023-10-07T03:35:30,10602511.999999993,4db29be9ee2947a3d67a996fefc3ff1cb94a6fcc,1313062
autoland,4663319,4,bf38f69fee000115871578b15786525e82952421,windows11-64-2009-shippable-qr,,True,,,102210fe594ee9b33d82058545b1ed14f4c8206e,,Base Content Explicit,True,Base Content Explicit opt fission,,77,bytes,,,1769640296,2023-10-07T06:02:53,10649616.000000015,c4c56469518a5ccc9349ed7d29a0d56eba776df6,1313071
autoland,4663319,4,bf38f69fee000115871578b15786525e82952421,windows11-64-2009-shippable-qr,,True,,,102210fe594ee9b33d82058545b1ed14f4c8206e,,Base Content Explicit,True,Base Content Explicit opt fission,,77,bytes,,,1769753365,2023-10-07T13:52:35,10579983.999999996,ef73c2e8cd831f2a46ff5704623db63232fd912d,1313122
autoland,4663319,4,bf38f69fee000115871578b15786525e82952421,windows11-64-2009-shippable-qr,,True,,,102210fe594ee9b33d82058545b1ed14f4c8206e,,Base Content Explicit,True,Base Content Explicit opt fission,,77,bytes,,,1769813634,2023-10-07T18:43:49,10612751.999999998,8db232d0f8c742a85eb803c996ef87edac9d5c81,1313149
autoland,4663319,4,bf38f69fee000115871578b15786525e82952421,windows11-64-2009-shippable-qr,,True,,,102210fe594ee9b33d82058545b1ed14f4c8206e,,Base Content Explicit,True,Base Content Explicit opt fission,,77,bytes,,,1769884982,2023-10-07T23:15:17,10539023.999999996,fba49989dde6aa32244c622fd43abe19a32128ae,1313184
autoland,4663319,4,bf38f69fee000115871578b15786525e82952421,windows11-64-2009-shippable-qr,,True,,,102210fe594ee9b33d82058545b1ed14f4c8206e,,Base Content Explicit,True,Base Content Explicit opt fission,,77,bytes,,,1769964361,2023-10-08T08:55:12,10604560.000000004,68e866f36130edd1c8de093ac6d8a0fb78006527,1313211
autoland,4663319,4,bf38f69fee000115871578b15786525e82952421,windows11-64-2009-shippable-qr,,True,,,102210fe594ee9b33d82058545b1ed14f4c8206e,,Base Content Explicit,True,Base Content Explicit opt fission,,77,bytes,,,1770203989,2023-10-08T23:28:16,10516496.000000015,38314c6dc43eed509bfa7c922dbbc4147ac2ce34,1313289
autoland,4663319,4,bf38f69fee000115871578b15786525e82952421,windows11-64-2009-shippable-qr,,True,,,102210fe594ee9b33d82058545b1ed14f4c8206e,,Base Content Explicit,True,Base Content Explicit opt fission,,77,bytes,,,1770280610,2023-10-09T04:48:12,10698768.000000015,d5fd5e481ff21f14c9771aa58f8fb378a8430cdf,1313332
autoland,4663319,4,bf38f69fee000115871578b15786525e82952421,windows11-64-2009-shippable-qr,,True,,,102210fe594ee9b33d82058545b1ed14f4c8206e,,Base Content Explicit,True,Base Content Explicit opt fission,,77,bytes,,,1770329663,2023-10-09T08:48:33,10655760.000000007,77c18c08c9ff87c6ff0e5b546ac609296d5e04db,1313413
autoland,4663319,4,bf38f69fee000115871578b15786525e82952421,windows11-64-2009-shippable-qr,,True,,,102210fe594ee9b33d82058545b1ed14f4c8206e,,Base Content Explicit,True,Base Content Explicit opt fission,,77,bytes,,,1770438206,2023-10-09T11:45:29,10575887.999999998,70c980c054e9a0693d3bee343b1235d47894163d,1313495
autoland,4663319,4,bf38f69fee000115871578b15786525e82952421,windows11-64-2009-shippable-qr,,True,,,102210fe594ee9b33d82058545b1ed14f4c8206e,,Base Content Explicit,True,Base Content Explicit opt fission,,77,bytes,,,1770617173,2023-10-09T16:17:23,10553360.000000015,86e82f01df51429edbb4cfa27823d4d71e7844ab,1313678
autoland,4663319,4,bf38f69fee000115871578b15786525e82952421,windows11-64-2009-shippable-qr,,True,,,102210fe594ee9b33d82058545b1ed14f4c8206e,,Base Content Explicit,True,Base Content Explicit opt fission,,77,bytes,,,1770623276,2023-10-09T16:47:54,10629135.999999994,9591bcc532c4599dba688d3555c6a0135139c39a,1313694
autoland,4663319,4,bf38f69fee000115871578b15786525e82952421,windows11-64-2009-shippable-qr,,True,,,102210fe594ee9b33d82058545b1ed14f4c8206e,,Base Content Explicit,True,Base Content Explicit opt fission,,77,bytes,,,1770711220,2023-10-09T21:45:38,10711056.000000015,3d1ac3fb7670dd794589cae42735270de4266f4c,1313856
autoland,4663319,4,bf38f69fee000115871578b15786525e82952421,windows11-64-2009-shippable-qr,,True,,,102210fe594ee9b33d82058545b1ed14f4c8206e,,Base Content Explicit,True,Base Content Explicit opt fission,,77,bytes,,,1770816732,2023-10-10T02:31:01,10627087.999999998,935a0ba75b642adf295d7792f8ad8129f87e4c03,1313960
autoland,4663319,4,bf38f69fee000115871578b15786525e82952421,windows11-64-2009-shippable-qr,,True,,,102210fe594ee9b33d82058545b1ed14f4c8206e,,Base Content Explicit,True,Base Content Explicit opt fission,,77,bytes,,,1770842438,2023-10-10T06:35:36,10545168.000000006,de9287a68ed836a8fd2eb2ba90de0770a18c877a,1314004
autoland,4663319,4,bf38f69fee000115871578b15786525e82952421,windows11-64-2009-shippable-qr,,True,,,102210fe594ee9b33d82058545b1ed14f4c8206e,,Base Content Explicit,True,Base Content Explicit opt fission,,77,bytes,,,1770892611,2023-10-10T08:23:57,10534928.000000002,bec78f6e89cdb3b51ac879af75533217f38970cf,1314048
autoland,4663319,4,bf38f69fee000115871578b15786525e82952421,windows11-64-2009-shippable-qr,,True,,,102210fe594ee9b33d82058545b1ed14f4c8206e,,Base Content Explicit,True,Base Content Explicit opt fission,,77,bytes,,,1771113642,2023-10-10T12:59:15,10670096.0,7a4c861a2d10a6757c8844de9bd8f71c94cb6150,1314216
autoland,4663319,4,bf38f69fee000115871578b15786525e82952421,windows11-64-2009-shippable-qr,,True,,,102210fe594ee9b33d82058545b1ed14f4c8206e,,Base Content Explicit,True,Base Content Explicit opt fission,,77,bytes,,,1771118458,2023-10-10T15:20:47,10659855.999999987,686073214e498a3ed6018f15d9cd093812f5ab6f,1314341
autoland,4663319,4,bf38f69fee000115871578b15786525e82952421,windows11-64-2009-shippable-qr,,True,,,102210fe594ee9b33d82058545b1ed14f4c8206e,,Base Content Explicit,True,Base Content Explicit opt fission,,77,bytes,,,1771315721,2023-10-10T18:56:17,10569743.999999989,e746122083e758920b17ca0fd4726093187f3715,1314490
autoland,4663319,4,bf38f69fee000115871578b15786525e82952421,windows11-64-2009-shippable-qr,,True,,,102210fe594ee9b33d82058545b1ed14f4c8206e,,Base Content Explicit,True,Base Content Explicit opt fission,,77,bytes,,,1771409304,2023-10-10T21:46:34,10559504.000000017,32a23612bb297f386b6239e7bff0be58b62b2f73,1314585
autoland,4663319,4,bf38f69fee000115871578b15786525e82952421,windows11-64-2009-shippable-qr,,True,,,102210fe594ee9b33d82058545b1ed14f4c8206e,,Base Content Explicit,True,Base Content Explicit opt fission,,77,bytes,,,1771477099,2023-10-11T04:35:52,10512399.999999987,fb1c93363030ee78f4a3ea0da9854fb688a630b8,1314760
autoland,4663319,4,bf38f69fee000115871578b15786525e82952421,windows11-64-2009-shippable-qr,,True,,,102210fe594ee9b33d82058545b1ed14f4c8206e,,Base Content Explicit,True,Base Content Explicit opt fission,,77,bytes,,,1771522668,2023-10-11T05:18:39,10594320.00000001,d677f2833f2cf056757a6a3cf8c2e8b4273fb788,1314767
autoland,4663319,4,bf38f69fee000115871578b15786525e82952421,windows11-64-2009-shippable-qr,,True,,,102210fe594ee9b33d82058545b1ed14f4c8206e,,Base Content Explicit,True,Base Content Explicit opt fission,,77,bytes,,,1771578385,2023-10-11T09:29:42,10719248.000000011,2124c3eebcb12eb72e8ced7bfb3c8521a028af8d,1314864
autoland,4663319,4,bf38f69fee000115871578b15786525e82952421,windows11-64-2009-shippable-qr,,True,,,102210fe594ee9b33d82058545b1ed14f4c8206e,,Base Content Explicit,True,Base Content Explicit opt fission,,77,bytes,,,1771618002,2023-10-11T10:39:45,10643471.999999981,e4751df31e7494090d14b0ab8ff52bab6c1391d7,1314918
autoland,4663319,4,bf38f69fee000115871578b15786525e82952421,windows11-64-2009-shippable-qr,,True,,,102210fe594ee9b33d82058545b1ed14f4c8206e,,Base Content Explicit,True,Base Content Explicit opt fission,,77,bytes,,,1771796983,2023-10-11T14:42:40,10678288.00000001,2f6d9a971e1895c3186c6f2cdc2286c9f6e9694e,1315015
autoland,4663319,4,bf38f69fee000115871578b15786525e82952421,windows11-64-2009-shippable-qr,,True,,,102210fe594ee9b33d82058545b1ed14f4c8206e,,Base Content Explicit,True,Base Content Explicit opt fission,,77,bytes,,,1771806241,2023-10-11T15:07:05,10590224.0,a710f6c3ab82ca81444f0478a4882217c3628bf0,1315029
autoland,4663319,4,bf38f69fee000115871578b15786525e82952421,windows11-64-2009-shippable-qr,,True,,,102210fe594ee9b33d82058545b1ed14f4c8206e,,Base Content Explicit,True,Base Content Explicit opt fission,,77,bytes,,,1771845973,2023-10-11T17:21:18,10653712.000000017,be8d8e6ec4b7216d8dcb9b4ff8c8a413fc83da74,1315168
autoland,4663319,4,bf38f69fee000115871578b15786525e82952421,windows11-64-2009-shippable-qr,,True,,,102210fe594ee9b33d82058545b1ed14f4c8206e,,Base Content Explicit,True,Base Content Explicit opt fission,,77,bytes,,,1771969432,2023-10-11T21:29:22,10567696.000000013,dfe9eba9757679d9dda934ba7dd5798a0c3360fe,1315364
autoland,4663319,4,bf38f69fee000115871578b15786525e82952421,windows11-64-2009-shippable-qr,,True,,,102210fe594ee9b33d82058545b1ed14f4c8206e,,Base Content Explicit,True,Base Content Explicit opt fission,,77,bytes,,,1771952165,2023-10-11T21:41:54,10561551.999999994,2cbc64e7dbb0cd771d39710e5c3f2ed9a7e02b50,1315372
autoland,4663319,4,bf38f69fee000115871578b15786525e82952421,windows11-64-2009-shippable-qr,,True,,,102210fe594ee9b33d82058545b1ed14f4c8206e,,Base Content Explicit,True,Base Content Explicit opt fission,,77,bytes,,,1772156076,2023-10-12T04:10:05,10520591.999999993,c77a5d731bccf47b2b9f0714e44d5943f903d95e,1315494
autoland,4663319,4,bf38f69fee000115871578b15786525e82952421,windows11-64-2009-shippable-qr,,True,,,102210fe594ee9b33d82058545b1ed14f4c8206e,,Base Content Explicit,True,Base Content Explicit opt fission,,77,bytes,,,1772235096,2023-10-12T08:16:23,10549264.000000002,d64dc6406137711ffbc7f0bc42f6794a1c4ad236,1315559
autoland,4663319,4,bf38f69fee000115871578b15786525e82952421,windows11-64-2009-shippable-qr,,True,,,102210fe594ee9b33d82058545b1ed14f4c8206e,,Base Content Explicit,True,Base Content Explicit opt fission,,77,bytes,,,1772292686,2023-10-12T09:32:06,10588175.99999999,6eb785f75431f10faa331dabd429029e6dd1224e,1315613
autoland,4663319,4,bf38f69fee000115871578b15786525e82952421,windows11-64-2009-shippable-qr,,True,,,102210fe594ee9b33d82058545b1ed14f4c8206e,,Base Content Explicit,True,Base Content Explicit opt fission,,77,bytes,,,1772409364,2023-10-12T12:42:22,10649616.000000015,d3c6163a42b6002297fdb7cbb78395ee4495a357,1315709
autoland,4663319,4,bf38f69fee000115871578b15786525e82952421,windows11-64-2009-shippable-qr,,True,,,102210fe594ee9b33d82058545b1ed14f4c8206e,,Base Content Explicit,True,Base Content Explicit opt fission,,77,bytes,,,1772494609,2023-10-12T17:01:35,10715152.000000017,c09a0d19d99b488a292e3583cd0bb488afc74173,1315902
autoland,4663319,4,bf38f69fee000115871578b15786525e82952421,windows11-64-2009-shippable-qr,,True,,,102210fe594ee9b33d82058545b1ed14f4c8206e,,Base Content Explicit,True,Base Content Explicit opt fission,,77,bytes,,,1772508814,2023-10-12T17:02:35,10676240.000000017,a5369079cd89dd91a42689da9aad1fc607ef9146,1315903
autoland,4663319,4,bf38f69fee000115871578b15786525e82952421,windows11-64-2009-shippable-qr,,True,,,102210fe594ee9b33d82058545b1ed14f4c8206e,,Base Content Explicit,True,Base Content Explicit opt fission,,77,bytes,,,1772602027,2023-10-12T19:48:41,10547215.999999994,b9478e8898d6397ccb0ca6d2f90b882083ef91d2,1316052
autoland,4663319,4,bf38f69fee000115871578b15786525e82952421,windows11-64-2009-shippable-qr,,True,,,102210fe594ee9b33d82058545b1ed14f4c8206e,,Base Content Explicit,True,Base Content Explicit opt fission,,77,bytes,,,1772716603,2023-10-12T23:58:41,10766352.00000001,6769216667ff487b1442f654ee41dc5f12c23983,1316211
autoland,4663319,4,bf38f69fee000115871578b15786525e82952421,windows11-64-2009-shippable-qr,,True,,,102210fe594ee9b33d82058545b1ed14f4c8206e,,Base Content Explicit,True,Base Content Explicit opt fission,,77,bytes,,,1772824919,2023-10-13T06:04:39,10592271.999999983,810153993fc0b06ce0eabae2602fc7f74ed9be18,1316292
autoland,4663319,4,bf38f69fee000115871578b15786525e82952421,windows11-64-2009-shippable-qr,,True,,,102210fe594ee9b33d82058545b1ed14f4c8206e,,Base Content Explicit,True,Base Content Explicit opt fission,,77,bytes,,,1772870751,2023-10-13T06:28:51,10510352.000000002,930888998f68ddfb0f36d898e98305e459d7cbb2,1316299
autoland,4663319,4,bf38f69fee000115871578b15786525e82952421,windows11-64-2009-shippable-qr,,True,,,102210fe594ee9b33d82058545b1ed14f4c8206e,,Base Content Explicit,True,Base Content Explicit opt fission,,77,bytes,,,1772979360,2023-10-13T10:45:16,10690575.999999993,0db2502d9e9503580a800e13235be8c02043bbc0,1316413
autoland,4663319,4,bf38f69fee000115871578b15786525e82952421,windows11-64-2009-shippable-qr,,True,,,102210fe594ee9b33d82058545b1ed14f4c8206e,,Base Content Explicit,True,Base Content Explicit opt fission,,77,bytes,,,1772990384,2023-10-13T11:42:22,10661904.000000017,8246d773a07ce105d3a9f92b96007867c7df3cc4,1316442
autoland,4663319,4,bf38f69fee000115871578b15786525e82952421,windows11-64-2009-shippable-qr,,True,,,102210fe594ee9b33d82058545b1ed14f4c8206e,,Base Content Explicit,True,Base Content Explicit opt fission,,77,bytes,,,1773100135,2023-10-13T15:49:30,10545168.000000006,8adc92d3a6a8eeeefd63f98296c29907c3838316,1316607
autoland,4663319,4,bf38f69fee000115871578b15786525e82952421,windows11-64-2009-shippable-qr,,True,,,102210fe594ee9b33d82058545b1ed14f4c8206e,,Base Content Explicit,True,Base Content Explicit opt fission,,77,bytes,,,1773125911,2023-10-13T16:11:23,10520591.999999993,9ba44fb4eeafba4229fe28a6f3b42c79d8d05692,1316611
autoland,4663319,4,bf38f69fee000115871578b15786525e82952421,windows11-64-2009-shippable-qr,,True,,,102210fe594ee9b33d82058545b1ed14f4c8206e,,Base Content Explicit,True,Base Content Explicit opt fission,,77,bytes,,,1773309623,2023-10-13T20:17:54,10639376.0,35e20e70da91e5ef4caee7c732541350343fe927,1316790
autoland,4663319,4,bf38f69fee000115871578b15786525e82952421,windows11-64-2009-shippable-qr,,True,,,102210fe594ee9b33d82058545b1ed14f4c8206e,,Base Content Explicit,True,Base Content Explicit opt fission,,77,bytes,,,1773336016,2023-10-14T00:40:19,10606607.999999985,bcd044cb6c313be98b766d19688066871ddaa6b3,1316857
autoland,4663319,4,bf38f69fee000115871578b15786525e82952421,windows11-64-2009-shippable-qr,,True,,,102210fe594ee9b33d82058545b1ed14f4c8206e,,Base Content Explicit,True,Base Content Explicit opt fission,,77,bytes,,,1773383196,2023-10-14T05:14:50,10647567.99999999,19db6b0f6713fdb1f311426a7899070e3ca19d6b,1316873
autoland,4663319,4,bf38f69fee000115871578b15786525e82952421,windows11-64-2009-shippable-qr,,True,,,102210fe594ee9b33d82058545b1ed14f4c8206e,,Base Content Explicit,True,Base Content Explicit opt fission,,77,bytes,,,1773408757,2023-10-14T09:25:57,10561551.999999994,1e870b95242b07bc4961bf7558d0703dd03814b3,1316895
autoland,4663319,4,bf38f69fee000115871578b15786525e82952421,windows11-64-2009-shippable-qr,,True,,,102210fe594ee9b33d82058545b1ed14f4c8206e,,Base Content Explicit,True,Base Content Explicit opt fission,,77,bytes,,,1773559560,2023-10-14T16:14:11,10512399.999999987,3f99c563251ec523301e9d46e6904989fc827306,1316942
autoland,4663319,4,bf38f69fee000115871578b15786525e82952421,windows11-64-2009-shippable-qr,,True,,,102210fe594ee9b33d82058545b1ed14f4c8206e,,Base Content Explicit,True,Base Content Explicit opt fission,,77,bytes,,,1773703182,2023-10-15T06:24:19,10645520.000000017,468469f54da6070a84314dc3c4ddcdfaca74b714,1316977
autoland,4663319,4,bf38f69fee000115871578b15786525e82952421,windows11-64-2009-shippable-qr,,True,,,102210fe594ee9b33d82058545b1ed14f4c8206e,,Base Content Explicit,True,Base Content Explicit opt fission,,77,bytes,,,1773767838,2023-10-15T10:45:53,10608655.999999985,91657cb1296c904004ace38877b9ca91f502be3f,1317007
autoland,4663319,4,bf38f69fee000115871578b15786525e82952421,windows11-64-2009-shippable-qr,,True,,,102210fe594ee9b33d82058545b1ed14f4c8206e,,Base Content Explicit,True,Base Content Explicit opt fission,,77,bytes,,,1773794685,2023-10-15T15:32:44,10606607.999999985,aba20bc488e22880b8ef5a89916ecabb51cee798,1317021
autoland,4663319,4,bf38f69fee000115871578b15786525e82952421,windows11-64-2009-shippable-qr,,True,,,102210fe594ee9b33d82058545b1ed14f4c8206e,,Base Content Explicit,True,Base Content Explicit opt fission,,77,bytes,,,1773942376,2023-10-16T01:55:37,10645520.000000017,f3de6f924333ec7c359d81d9fb16a9fca07ee42e,1317071
autoland,4663319,4,bf38f69fee000115871578b15786525e82952421,windows11-64-2009-shippable-qr,,True,,,102210fe594ee9b33d82058545b1ed14f4c8206e,,Base Content Explicit,True,Base Content Explicit opt fission,,77,bytes,,,1773997873,2023-10-16T05:57:00,10588175.99999999,e891ad8158b3106dceb2199ed2c74c0c2f05fa88,1317093
autoland,4663319,4,bf38f69fee000115871578b15786525e82952421,windows11-64-2009-shippable-qr,,True,,,102210fe594ee9b33d82058545b1ed14f4c8206e,,Base Content Explicit,True,Base Content Explicit opt fission,,77,bytes,,,1774056175,2023-10-16T10:06:37,10522639.999999985,e009aa26b6f79e7e5af18000b983f6decaa90eed,1317197
autoland,4663319,4,bf38f69fee000115871578b15786525e82952421,windows11-64-2009-shippable-qr,,True,,,102210fe594ee9b33d82058545b1ed14f4c8206e,,Base Content Explicit,True,Base Content Explicit opt fission,,77,bytes,,,1774156173,2023-10-16T11:25:28,10592271.999999983,8cb2f63a1e705ad6bf77a8f6dcb151aa3b67d2e6,1317241
autoland,4663319,4,bf38f69fee000115871578b15786525e82952421,windows11-64-2009-shippable-qr,,True,,,102210fe594ee9b33d82058545b1ed14f4c8206e,,Base Content Explicit,True,Base Content Explicit opt fission,,77,bytes,,,1774289290,2023-10-16T15:34:18,10618895.999999985,e0dd0b10e8fd0ea751f11fb0a6548ad9b6780e16,1317419
autoland,4663319,4,bf38f69fee000115871578b15786525e82952421,windows11-64-2009-shippable-qr,,True,,,102210fe594ee9b33d82058545b1ed14f4c8206e,,Base Content Explicit,True,Base Content Explicit opt fission,,77,bytes,,,1774513172,2023-10-16T19:06:00,10575887.999999998,36e5163d2528daaa5669d0f9284470b070c8882e,1317546
autoland,4663319,4,bf38f69fee000115871578b15786525e82952421,windows11-64-2009-shippable-qr,,True,,,102210fe594ee9b33d82058545b1ed14f4c8206e,,Base Content Explicit,True,Base Content Explicit opt fission,,77,bytes,,,1774565627,2023-10-17T00:17:31,10643471.999999981,e4bf7b3e037323072304a1b1327df57c4a54b560,1317700
autoland,4663319,4,bf38f69fee000115871578b15786525e82952421,windows11-64-2009-shippable-qr,,True,,,102210fe594ee9b33d82058545b1ed14f4c8206e,,Base Content Explicit,True,Base Content Explicit opt fission,,77,bytes,,,1774687439,2023-10-17T05:18:57,10666000.000000011,896b283a3e7185d805f59d4dcb3d6bb89e9e62d8,1317768
autoland,4663319,4,bf38f69fee000115871578b15786525e82952421,windows11-64-2009-shippable-qr,,True,,,102210fe594ee9b33d82058545b1ed14f4c8206e,,Base Content Explicit,True,Base Content Explicit opt fission,,77,bytes,,,1774721598,2023-10-17T06:01:55,10704912.000000013,ca60a5861d4a8bd5de1c8e5a9f76c9e35767c38c,1317782
autoland,4663319,4,bf38f69fee000115871578b15786525e82952421,windows11-64-2009-shippable-qr,,True,,,102210fe594ee9b33d82058545b1ed14f4c8206e,,Base Content Explicit,True,Base Content Explicit opt fission,,77,bytes,,,1774854836,2023-10-17T10:34:28,10528783.999999989,d59eb47c0fe47f9dd6886090330bcd49c47262ce,1317920
autoland,4663319,4,bf38f69fee000115871578b15786525e82952421,windows11-64-2009-shippable-qr,,True,,,102210fe594ee9b33d82058545b1ed14f4c8206e,,Base Content Explicit,True,Base Content Explicit opt fission,,77,bytes,,,1775192196,2023-10-17T13:02:41,10606607.999999985,9b7c81791d7f619271724e082934a933604e20da,1318010
autoland,4663319,4,bf38f69fee000115871578b15786525e82952421,windows11-64-2009-shippable-qr,,True,,,102210fe594ee9b33d82058545b1ed14f4c8206e,,Base Content Explicit,True,Base Content Explicit opt fission,,77,bytes,,,1775234145,2023-10-17T16:53:16,10616848.000000002,684641630402200d14bf5126668b97a4f280fe59,1318176
autoland,4663319,4,bf38f69fee000115871578b15786525e82952421,windows11-64-2009-shippable-qr,,True,,,102210fe594ee9b33d82058545b1ed14f4c8206e,,Base Content Explicit,True,Base Content Explicit opt fission,,77,bytes,,,1775428088,2023-10-17T21:03:18,10604560.000000004,421ffc7aa24ace087dc2a09680943f412adc38ff,1318349
autoland,4663319,4,bf38f69fee000115871578b15786525e82952421,windows11-64-2009-shippable-qr,,True,,,102210fe594ee9b33d82058545b1ed14f4c8206e,,Base Content Explicit,True,Base Content Explicit opt fission,,77,bytes,,,1775391345,2023-10-17T21:04:13,10551311.999999981,4091bed4a0aae7772537e08e6cb49bf0bc7434c9,1318350
autoland,4663319,4,bf38f69fee000115871578b15786525e82952421,windows11-64-2009-shippable-qr,,True,,,102210fe594ee9b33d82058545b1ed14f4c8206e,,Base Content Explicit,True,Base Content Explicit opt fission,,77,bytes,,,1775570864,2023-10-18T01:40:11,10510352.000000002,ba691c21c968a48e1bd212426fcc20fa5f4c276d,1318466
autoland,4663319,4,bf38f69fee000115871578b15786525e82952421,windows11-64-2009-shippable-qr,,True,,,102210fe594ee9b33d82058545b1ed14f4c8206e,,Base Content Explicit,True,Base Content Explicit opt fission,,77,bytes,,,1775676080,2023-10-18T07:31:34,10592271.999999983,47d77a0e86e138652fedb38962b9709f9c0fb98d,1318540
autoland,4663319,4,bf38f69fee000115871578b15786525e82952421,windows11-64-2009-shippable-qr,,True,,,102210fe594ee9b33d82058545b1ed14f4c8206e,,Base Content Explicit,True,Base Content Explicit opt fission,,77,bytes,,,1775867623,2023-10-18T11:51:04,10551311.999999981,639c0da2250e38bb3102b66c6105aaf808e2a817,1318689
autoland,4663319,4,bf38f69fee000115871578b15786525e82952421,windows11-64-2009-shippable-qr,,True,,,102210fe594ee9b33d82058545b1ed14f4c8206e,,Base Content Explicit,True,Base Content Explicit opt fission,,77,bytes,,,1776059587,2023-10-18T16:05:19,10711056.000000015,023ae54874d34eb300cdfa9630da4455cb406ad3,1318932
autoland,4663319,4,bf38f69fee000115871578b15786525e82952421,windows11-64-2009-shippable-qr,,True,,,102210fe594ee9b33d82058545b1ed14f4c8206e,,Base Content Explicit,True,Base Content Explicit opt fission,,77,bytes,,,1776064976,2023-10-18T16:32:33,10653712.000000017,361e571454e94ba0cfa1a86d2a7f63a24455581c,1318947
autoland,4663319,4,bf38f69fee000115871578b15786525e82952421,windows11-64-2009-shippable-qr,,True,,,102210fe594ee9b33d82058545b1ed14f4c8206e,,Base Content Explicit,True,Base Content Explicit opt fission,,77,bytes,,,1776368850,2023-10-18T20:42:45,10627087.999999998,77f05957a4fc15dc053469145b93089adfec3484,1319167
autoland,4663319,4,bf38f69fee000115871578b15786525e82952421,windows11-64-2009-shippable-qr,,True,,,102210fe594ee9b33d82058545b1ed14f4c8206e,,Base Content Explicit,True,Base Content Explicit opt fission,,77,bytes,,,1776306394,2023-10-18T20:46:18,10590224.0,e059b0995a2a62238ca266c3ed9955434ac43517,1319169
autoland,4663319,4,bf38f69fee000115871578b15786525e82952421,windows11-64-2009-shippable-qr,,True,,,102210fe594ee9b33d82058545b1ed14f4c8206e,,Base Content Explicit,True,Base Content Explicit opt fission,,77,bytes,,,1776414581,2023-10-18T23:25:14,10620944.000000017,beb80bb8c90921077e9c1130ad5a8e925dc060b7,1319276
autoland,4663319,4,bf38f69fee000115871578b15786525e82952421,windows11-64-2009-shippable-qr,,True,,,102210fe594ee9b33d82058545b1ed14f4c8206e,,Base Content Explicit,True,Base Content Explicit opt fission,,77,bytes,,,1776584033,2023-10-19T04:23:12,10719248.000000011,53cee944c60ac3c237a9aa2dacd19aa6bde80c2a,1319373
autoland,4663319,4,bf38f69fee000115871578b15786525e82952421,windows11-64-2009-shippable-qr,,True,,,102210fe594ee9b33d82058545b1ed14f4c8206e,,Base Content Explicit,True,Base Content Explicit opt fission,,77,bytes,,,1776732686,2023-10-19T08:39:29,10502159.999999993,a9a0ca5dc9605973d81ded607dfccd4d0a08dc68,1319455
autoland,4663319,4,bf38f69fee000115871578b15786525e82952421,windows11-64-2009-shippable-qr,,True,,,102210fe594ee9b33d82058545b1ed14f4c8206e,,Base Content Explicit,True,Base Content Explicit opt fission,,77,bytes,,,1776914948,2023-10-19T12:43:18,10563599.999999983,2981b7bbee06c518301e1542545e92b6d80a8d0b,1319613
autoland,4663319,4,bf38f69fee000115871578b15786525e82952421,windows11-64-2009-shippable-qr,,True,,,102210fe594ee9b33d82058545b1ed14f4c8206e,,Base Content Explicit,True,Base Content Explicit opt fission,,77,bytes,,,1776928862,2023-10-19T12:48:25,10573839.99999999,8be39770f68cb52d1a2b14bdf31a34f5e54212e8,1319617
autoland,4663319,4,bf38f69fee000115871578b15786525e82952421,windows11-64-2009-shippable-qr,,True,,,102210fe594ee9b33d82058545b1ed14f4c8206e,,Base Content Explicit,True,Base Content Explicit opt fission,,77,bytes,,,1776942546,2023-10-19T17:06:19,10604560.000000004,fafeb43eefd13b4df24d6526d729b15fb42b7d27,1319833
autoland,4663319,4,bf38f69fee000115871578b15786525e82952421,windows11-64-2009-shippable-qr,,True,,,102210fe594ee9b33d82058545b1ed14f4c8206e,,Base Content Explicit,True,Base Content Explicit opt fission,,77,bytes,,,1777073258,2023-10-19T22:45:17,10573839.99999999,b557109f1b5dd0a5c7be013c630945f886e17708,1320076
autoland,4663319,4,bf38f69fee000115871578b15786525e82952421,windows11-64-2009-shippable-qr,,True,,,102210fe594ee9b33d82058545b1ed14f4c8206e,,Base Content Explicit,True,Base Content Explicit opt fission,,77,bytes,,,1777086898,2023-10-19T22:59:16,10446863.999999993,0546c85daa8d8b6f7a8c5a842fdf1a990215e249,1320081
autoland,4663319,4,bf38f69fee000115871578b15786525e82952421,windows11-64-2009-shippable-qr,,True,,,102210fe594ee9b33d82058545b1ed14f4c8206e,,Base Content Explicit,True,Base Content Explicit opt fission,,77,bytes,,,1777185261,2023-10-20T03:32:37,10491919.999999998,dc0d913ecc2486cafc7a005d2fe6705f2c7da222,1320137
autoland,4663319,4,bf38f69fee000115871578b15786525e82952421,windows11-64-2009-shippable-qr,,True,,,102210fe594ee9b33d82058545b1ed14f4c8206e,,Base Content Explicit,True,Base Content Explicit opt fission,,77,bytes,,,1777330972,2023-10-20T09:14:56,10430480.000000017,5ebf0b67d0519897b95e84598900434fe92b7abb,1320186
autoland,4663319,4,bf38f69fee000115871578b15786525e82952421,windows11-64-2009-shippable-qr,,True,,,102210fe594ee9b33d82058545b1ed14f4c8206e,,Base Content Explicit,True,Base Content Explicit opt fission,,77,bytes,,,1777467890,2023-10-20T14:06:35,10618895.999999985,dfa7f17930eb1b48ff7435494924a0711114e40a,1320283
autoland,4663319,4,bf38f69fee000115871578b15786525e82952421,windows11-64-2009-shippable-qr,,True,,,102210fe594ee9b33d82058545b1ed14f4c8206e,,Base Content Explicit,True,Base Content Explicit opt fission,,77,bytes,,,1777486265,2023-10-20T15:24:34,10446863.999999993,8f4fc4b6cc05c16482986671d19d546faf6cb212,1320314
autoland,4663319,4,bf38f69fee000115871578b15786525e82952421,windows11-64-2009-shippable-qr,,True,,,102210fe594ee9b33d82058545b1ed14f4c8206e,,Base Content Explicit,True,Base Content Explicit opt fission,,77,bytes,,,1777555161,2023-10-20T21:24:05,10463248.00000001,f4da998c2ad5be8d29b4e2523b56d9d5e2a58984,1320380
autoland,4663319,4,bf38f69fee000115871578b15786525e82952421,windows11-64-2009-shippable-qr,,True,,,102210fe594ee9b33d82058545b1ed14f4c8206e,,Base Content Explicit,True,Base Content Explicit opt fission,,77,bytes,,,1777679627,2023-10-21T14:30:38,10637328.00000001,4124eee4f58ca46e13cb937c757a2fe1875120f0,1320453
autoland,4663319,4,bf38f69fee000115871578b15786525e82952421,windows11-64-2009-shippable-qr,,True,,,102210fe594ee9b33d82058545b1ed14f4c8206e,,Base Content Explicit,True,Base Content Explicit opt fission,,77,bytes,,,1777793991,2023-10-22T19:07:04,10586128.000000013,529ec79bcdfd6a273fe6607c2a34bcc93c009ec5,1320522
autoland,4663319,4,bf38f69fee000115871578b15786525e82952421,windows11-64-2009-shippable-qr,,True,,,102210fe594ee9b33d82058545b1ed14f4c8206e,,Base Content Explicit,True,Base Content Explicit opt fission,,77,bytes,,,1777913262,2023-10-22T21:46:31,10584079.999999993,52f2e6e80f6f7d8ab6eaaa36c4aa47c5be27a7a1,1320539
autoland,4663319,4,bf38f69fee000115871578b15786525e82952421,windows11-64-2009-shippable-qr,,True,,,102210fe594ee9b33d82058545b1ed14f4c8206e,,Base Content Explicit,True,Base Content Explicit opt fission,,77,bytes,,,1778047821,2023-10-23T11:07:29,10559504.000000017,acba8a75249bc2b26b143d4d2830575cf0d7bcc2,1320744
autoland,4663319,4,bf38f69fee000115871578b15786525e82952421,windows11-64-2009-shippable-qr,,True,,,102210fe594ee9b33d82058545b1ed14f4c8206e,,Base Content Explicit,True,Base Content Explicit opt fission,,77,bytes,,,1778114044,2023-10-23T12:26:53,10637328.00000001,818b5938920e6868a3f3b5a16b0c972bd8ec5cfc,1320781
autoland,4663319,4,bf38f69fee000115871578b15786525e82952421,windows11-64-2009-shippable-qr,,True,,,102210fe594ee9b33d82058545b1ed14f4c8206e,,Base Content Explicit,True,Base Content Explicit opt fission,,77,bytes,,,1778271039,2023-10-23T15:48:05,10483727.999999985,f222bdcd6517e233cb62a3164afd50fd17a55e62,1320978
autoland,4663319,4,bf38f69fee000115871578b15786525e82952421,windows11-64-2009-shippable-qr,,True,,,102210fe594ee9b33d82058545b1ed14f4c8206e,,Base Content Explicit,True,Base Content Explicit opt fission,,77,bytes,,,1778530979,2023-10-23T17:53:04,10444816.00000001,00c1813123fd4ca7ec1446ebdabe2848814e550e,1321095
autoland,4663319,4,bf38f69fee000115871578b15786525e82952421,windows11-64-2009-shippable-qr,,True,,,102210fe594ee9b33d82058545b1ed14f4c8206e,,Base Content Explicit,True,Base Content Explicit opt fission,,77,bytes,,,1778555936,2023-10-23T20:36:06,10557456.000000007,0fdbf0a455f26afa0a7a0390d6a380e318fce9d4,1321210
autoland,4663319,4,bf38f69fee000115871578b15786525e82952421,windows11-64-2009-shippable-qr,,True,,,102210fe594ee9b33d82058545b1ed14f4c8206e,,Base Content Explicit,True,Base Content Explicit opt fission,,77,bytes,,,1778726937,2023-10-24T00:49:55,10522639.999999985,ed9d130c38a8858740845db8ec5c8bb7e68cce65,1321359
autoland,4663319,4,bf38f69fee000115871578b15786525e82952421,windows11-64-2009-shippable-qr,,True,,,102210fe594ee9b33d82058545b1ed14f4c8206e,,Base Content Explicit,True,Base Content Explicit opt fission,,77,bytes,,,1778862075,2023-10-24T05:06:29,10647567.99999999,bcdbc81d4adffb0c3b1e04e1854e43cf49314d92,1321416
autoland,4663319,4,bf38f69fee000115871578b15786525e82952421,windows11-64-2009-shippable-qr,,True,,,102210fe594ee9b33d82058545b1ed14f4c8206e,,Base Content Explicit,True,Base Content Explicit opt fission,,77,bytes,,,1778947032,2023-10-24T08:18:26,10440719.999999987,36a87a6432703a1f3a1f2a92756c90146a19e5f2,1321456
autoland,4663319,4,bf38f69fee000115871578b15786525e82952421,windows11-64-2009-shippable-qr,,True,,,102210fe594ee9b33d82058545b1ed14f4c8206e,,Base Content Explicit,True,Base Content Explicit opt fission,,77,bytes,,,1779059672,2023-10-24T12:23:09,10610703.99999999,ea758c7008d76a67d75d4874bb1a1a00838f4128,1321565
autoland,4663319,4,bf38f69fee000115871578b15786525e82952421,windows11-64-2009-shippable-qr,,True,,,102210fe594ee9b33d82058545b1ed14f4c8206e,,Base Content Explicit,True,Base Content Explicit opt fission,,77,bytes,,,1779158471,2023-10-24T13:48:19,10534928.000000002,eccda51a6f68b20cfe9af1e94b9336b9856b103e,1321616
autoland,4663319,4,bf38f69fee000115871578b15786525e82952421,windows11-64-2009-shippable-qr,,True,,,102210fe594ee9b33d82058545b1ed14f4c8206e,,Base Content Explicit,True,Base Content Explicit opt fission,,77,bytes,,,1779601809,2023-10-24T17:52:45,10569743.999999989,b2dec8a51f6e781be65a730cfde18a11c9569f94,1321799
autoland,4663319,4,bf38f69fee000115871578b15786525e82952421,windows11-64-2009-shippable-qr,,True,,,102210fe594ee9b33d82058545b1ed14f4c8206e,,Base Content Explicit,True,Base Content Explicit opt fission,,77,bytes,,,1779603170,2023-10-24T21:54:59,10522639.999999985,27ee97bc90986bde66dfb122cc4c8a6a3730e4a3,1321984
autoland,4663319,4,bf38f69fee000115871578b15786525e82952421,windows11-64-2009-shippable-qr,,True,,,102210fe594ee9b33d82058545b1ed14f4c8206e,,Base Content Explicit,True,Base Content Explicit opt fission,,77,bytes,,,1779669436,2023-10-25T01:35:01,10485775.999999996,edfb4ab939a51c9dc131c959da539ef71f17cf5f,1322066
autoland,4663319,4,bf38f69fee000115871578b15786525e82952421,windows11-64-2009-shippable-qr,,True,,,102210fe594ee9b33d82058545b1ed14f4c8206e,,Base Content Explicit,True,Base Content Explicit opt fission,,77,bytes,,,1779722282,2023-10-25T05:46:17,10631183.999999987,c00936a538d944ced81780de7e2670806145f0ec,1322115
autoland,4663319,4,bf38f69fee000115871578b15786525e82952421,windows11-64-2009-shippable-qr,,True,,,102210fe594ee9b33d82058545b1ed14f4c8206e,,Base Content Explicit,True,Base Content Explicit opt fission,,77,bytes,,,1779875286,2023-10-25T09:46:40,10516496.000000015,03d61eb955a9ac6e3374ca4c5504edc41cd1aa4a,1322203
autoland,4663319,4,bf38f69fee000115871578b15786525e82952421,windows11-64-2009-shippable-qr,,True,,,102210fe594ee9b33d82058545b1ed14f4c8206e,,Base Content Explicit,True,Base Content Explicit opt fission,,77,bytes,,,1779986140,2023-10-25T12:40:12,10582032.000000017,44697a7ca8612ae5a4807f530347c3df1d2c191a,1322280
autoland,4663319,4,bf38f69fee000115871578b15786525e82952421,windows11-64-2009-shippable-qr,,True,,,102210fe594ee9b33d82058545b1ed14f4c8206e,,Base Content Explicit,True,Base Content Explicit opt fission,,77,bytes,,,1780182047,2023-10-25T16:42:09,10561551.999999994,b8c2a1837c16c66a12ef79eaf5545e92ae448768,1322418
autoland,4663319,4,bf38f69fee000115871578b15786525e82952421,windows11-64-2009-shippable-qr,,True,,,102210fe594ee9b33d82058545b1ed14f4c8206e,,Base Content Explicit,True,Base Content Explicit opt fission,,77,bytes,,,1780293851,2023-10-25T18:17:29,10563599.999999983,691148c77012c40658cd4a6e4ee3ca178d1c1ca8,1322468
autoland,4663319,4,bf38f69fee000115871578b15786525e82952421,windows11-64-2009-shippable-qr,,True,,,102210fe594ee9b33d82058545b1ed14f4c8206e,,Base Content Explicit,True,Base Content Explicit opt fission,,77,bytes,,,1780385275,2023-10-25T21:16:28,10612751.999999998,e6a52d2c9941178fa5113e3c7af81f561078c5f5,1322573
autoland,4663319,4,bf38f69fee000115871578b15786525e82952421,windows11-64-2009-shippable-qr,,True,,,102210fe594ee9b33d82058545b1ed14f4c8206e,,Base Content Explicit,True,Base Content Explicit opt fission,,77,bytes,,,1783494482,2023-10-26T00:03:16,10551311.999999981,a9985aa34d44dd3353e81696d5f4ea5905728a9a,1322675
autoland,4663319,4,bf38f69fee000115871578b15786525e82952421,windows11-64-2009-shippable-qr,,True,,,102210fe594ee9b33d82058545b1ed14f4c8206e,,Base Content Explicit,True,Base Content Explicit opt fission,,77,bytes,,,1783489323,2023-10-26T00:04:07,10508304.000000004,38841aca565f3229da8ec510290c8f1e8cf93f07,1322678
autoland,4663319,4,bf38f69fee000115871578b15786525e82952421,windows11-64-2009-shippable-qr,,True,,,102210fe594ee9b33d82058545b1ed14f4c8206e,,Base Content Explicit,True,Base Content Explicit opt fission,,77,bytes,,,1783479867,2023-10-26T00:05:03,10426384.0,45ef2bb1fd500e3fee61691d29a770975c3fc76b,1322680
autoland,4663319,4,bf38f69fee000115871578b15786525e82952421,windows11-64-2009-shippable-qr,,True,,,102210fe594ee9b33d82058545b1ed14f4c8206e,,Base Content Explicit,True,Base Content Explicit opt fission,,77,bytes,,,1783487170,2023-10-26T00:05:58,10518544.000000017,963bb6a4d32db3fcc46e09e427af70fc49755bc8,1322681
autoland,4663319,4,bf38f69fee000115871578b15786525e82952421,windows11-64-2009-shippable-qr,,True,,,102210fe594ee9b33d82058545b1ed14f4c8206e,,Base Content Explicit,True,Base Content Explicit opt fission,,77,bytes,,,1783479886,2023-10-26T00:06:50,10522639.999999985,edd461686b4537b7a0d57a17e4c4c1a1fb7d9d0c,1322682
autoland,4663319,4,bf38f69fee000115871578b15786525e82952421,windows11-64-2009-shippable-qr,,True,,,102210fe594ee9b33d82058545b1ed14f4c8206e,,Base Content Explicit,True,Base Content Explicit opt fission,,77,bytes,,,1783479962,2023-10-26T00:07:55,10620944.000000017,f19db7c059b37a823f0572160c8c979e3e66a0f0,1322683
autoland,4663319,4,bf38f69fee000115871578b15786525e82952421,windows11-64-2009-shippable-qr,,True,,,102210fe594ee9b33d82058545b1ed14f4c8206e,,Base Content Explicit,True,Base Content Explicit opt fission,,77,bytes,,,1783493417,2023-10-26T00:24:53,10428431.999999989,ff91f2868c6411efd051842cf0c5906b62a457b9,1322684
autoland,4663319,4,bf38f69fee000115871578b15786525e82952421,windows11-64-2009-shippable-qr,,True,,,102210fe594ee9b33d82058545b1ed14f4c8206e,,Base Content Explicit,True,Base Content Explicit opt fission,,77,bytes,,,1783493368,2023-10-26T00:25:48,10518544.000000017,679c298f9290e7b82ff05676725db610b89ff327,1322686
autoland,4663319,4,bf38f69fee000115871578b15786525e82952421,windows11-64-2009-shippable-qr,,True,,,102210fe594ee9b33d82058545b1ed14f4c8206e,,Base Content Explicit,True,Base Content Explicit opt fission,,77,bytes,,,1783487124,2023-10-26T00:48:23,10485775.999999996,9a0d32a9ca63f4aa1c5df996734fc8550f9d1e76,1322689
autoland,4663319,4,bf38f69fee000115871578b15786525e82952421,windows11-64-2009-shippable-qr,,True,,,102210fe594ee9b33d82058545b1ed14f4c8206e,,Base Content Explicit,True,Base Content Explicit opt fission,,77,bytes,,,1780577083,2023-10-26T00:52:13,10512399.999999987,68373a168c7ca93b1aa9bb3016a1ffa9ad6b7aac,1322694
autoland,4663319,4,bf38f69fee000115871578b15786525e82952421,windows11-64-2009-shippable-qr,,True,,,102210fe594ee9b33d82058545b1ed14f4c8206e,,Base Content Explicit,True,Base Content Explicit opt fission,,77,bytes,,,1783369466,2023-10-26T00:52:13,10590224.0,68373a168c7ca93b1aa9bb3016a1ffa9ad6b7aac,1322694
autoland,4663319,4,bf38f69fee000115871578b15786525e82952421,windows11-64-2009-shippable-qr,,True,,,102210fe594ee9b33d82058545b1ed14f4c8206e,,Base Content Explicit,True,Base Content Explicit opt fission,,77,bytes,,,1783479897,2023-10-26T01:19:56,10461200.000000015,1172f89f84afb2cb17c1ff3f1ff1c32a534582ec,1322712
autoland,4663319,4,bf38f69fee000115871578b15786525e82952421,windows11-64-2009-shippable-qr,,True,,,102210fe594ee9b33d82058545b1ed14f4c8206e,,Base Content Explicit,True,Base Content Explicit opt fission,,77,bytes,,,1784209318,2023-10-26T01:19:56,10553360.000000015,1172f89f84afb2cb17c1ff3f1ff1c32a534582ec,1322712
autoland,4663319,4,bf38f69fee000115871578b15786525e82952421,windows11-64-2009-shippable-qr,,True,,,102210fe594ee9b33d82058545b1ed14f4c8206e,,Base Content Explicit,True,Base Content Explicit opt fission,,77,bytes,,,1784209360,2023-10-26T01:19:56,10448912.00000001,1172f89f84afb2cb17c1ff3f1ff1c32a534582ec,1322712
autoland,4663319,4,bf38f69fee000115871578b15786525e82952421,windows11-64-2009-shippable-qr,,True,,,102210fe594ee9b33d82058545b1ed14f4c8206e,,Base Content Explicit,True,Base Content Explicit opt fission,,77,bytes,,,1784209493,2023-10-26T01:19:56,10420240.000000011,1172f89f84afb2cb17c1ff3f1ff1c32a534582ec,1322712
autoland,4663319,4,bf38f69fee000115871578b15786525e82952421,windows11-64-2009-shippable-qr,,True,,,102210fe594ee9b33d82058545b1ed14f4c8206e,,Base Content Explicit,True,Base Content Explicit opt fission,,77,bytes,,,1784209509,2023-10-26T01:19:56,10584079.999999993,1172f89f84afb2cb17c1ff3f1ff1c32a534582ec,1322712
autoland,4663319,4,bf38f69fee000115871578b15786525e82952421,windows11-64-2009-shippable-qr,,True,,,102210fe594ee9b33d82058545b1ed14f4c8206e,,Base Content Explicit,True,Base Content Explicit opt fission,,77,bytes,,,1783489406,2023-10-26T01:55:51,10539023.999999996,004a6cdc8e99a19f2fcbe663579053a237f027d4,1322725
autoland,4663319,4,bf38f69fee000115871578b15786525e82952421,windows11-64-2009-shippable-qr,,True,,,102210fe594ee9b33d82058545b1ed14f4c8206e,,Base Content Explicit,True,Base Content Explicit opt fission,,77,bytes,,,1784209329,2023-10-26T01:55:51,10582032.000000017,004a6cdc8e99a19f2fcbe663579053a237f027d4,1322725
autoland,4663319,4,bf38f69fee000115871578b15786525e82952421,windows11-64-2009-shippable-qr,,True,,,102210fe594ee9b33d82058545b1ed14f4c8206e,,Base Content Explicit,True,Base Content Explicit opt fission,,77,bytes,,,1784209338,2023-10-26T01:55:51,10608655.999999985,004a6cdc8e99a19f2fcbe663579053a237f027d4,1322725
autoland,4663319,4,bf38f69fee000115871578b15786525e82952421,windows11-64-2009-shippable-qr,,True,,,102210fe594ee9b33d82058545b1ed14f4c8206e,,Base Content Explicit,True,Base Content Explicit opt fission,,77,bytes,,,1784209309,2023-10-26T01:55:51,10637328.00000001,004a6cdc8e99a19f2fcbe663579053a237f027d4,1322725
autoland,4663319,4,bf38f69fee000115871578b15786525e82952421,windows11-64-2009-shippable-qr,,True,,,102210fe594ee9b33d82058545b1ed14f4c8206e,,Base Content Explicit,True,Base Content Explicit opt fission,,77,bytes,,,1783493619,2023-10-26T01:57:22,10518544.000000017,1364270a4c1f56c0685f9dfe73573583045e60e0,1322726
autoland,4663319,4,bf38f69fee000115871578b15786525e82952421,windows11-64-2009-shippable-qr,,True,,,102210fe594ee9b33d82058545b1ed14f4c8206e,,Base Content Explicit,True,Base Content Explicit opt fission,,77,bytes,,,1783496186,2023-10-26T03:44:48,10594320.00000001,a1d1cccb0f7fddf117ebdd1221d329be9bd03c56,1322739
autoland,4663319,4,bf38f69fee000115871578b15786525e82952421,windows11-64-2009-shippable-qr,,True,,,102210fe594ee9b33d82058545b1ed14f4c8206e,,Base Content Explicit,True,Base Content Explicit opt fission,,77,bytes,,,1783493600,2023-10-26T03:48:24,10590224.0,6951f8fc882144b68d686305636f116fb63735b3,1322740
autoland,4663319,4,bf38f69fee000115871578b15786525e82952421,windows11-64-2009-shippable-qr,,True,,,102210fe594ee9b33d82058545b1ed14f4c8206e,,Base Content Explicit,True,Base Content Explicit opt fission,,77,bytes,,,1783487995,2023-10-26T04:19:07,10655760.000000007,c6aefa9b8c68d0ece875a4266ca625f175be8f4a,1322752
autoland,4663319,4,bf38f69fee000115871578b15786525e82952421,windows11-64-2009-shippable-qr,,True,,,102210fe594ee9b33d82058545b1ed14f4c8206e,,Base Content Explicit,True,Base Content Explicit opt fission,,77,bytes,,,1783495600,2023-10-26T04:21:31,10541071.999999996,6b43ef1f553dd05228713076335ec254e3914ad6,1322755
autoland,4663319,4,bf38f69fee000115871578b15786525e82952421,windows11-64-2009-shippable-qr,,True,,,102210fe594ee9b33d82058545b1ed14f4c8206e,,Base Content Explicit,True,Base Content Explicit opt fission,,77,bytes,,,1780705689,2023-10-26T04:52:14,10647567.99999999,62489b97d11d4bb88f1184670849ed8c9dc61708,1322765
autoland,4663319,4,bf38f69fee000115871578b15786525e82952421,windows11-64-2009-shippable-qr,,True,,,102210fe594ee9b33d82058545b1ed14f4c8206e,,Base Content Explicit,True,Base Content Explicit opt fission,,77,bytes,,,1780816737,2023-10-26T09:06:19,10543120.000000019,8923dca93b808a23856287229fc8f1c0c1d1e20e,1322848
autoland,4663319,4,bf38f69fee000115871578b15786525e82952421,windows11-64-2009-shippable-qr,,True,,,102210fe594ee9b33d82058545b1ed14f4c8206e,,Base Content Explicit,True,Base Content Explicit opt fission,,77,bytes,,,1780801623,2023-10-26T09:07:41,10575887.999999998,4d2c1911361bbc41f63b4e807070a3d83596b70c,1322851
autoland,4663319,4,bf38f69fee000115871578b15786525e82952421,windows11-64-2009-shippable-qr,,True,,,102210fe594ee9b33d82058545b1ed14f4c8206e,,Base Content Explicit,True,Base Content Explicit opt fission,,77,bytes,,,1780994956,2023-10-26T13:14:16,10600463.999999994,db6b75385ffe5e764d60c5842add31b3a90c0587,1322985
autoland,4663319,4,bf38f69fee000115871578b15786525e82952421,windows11-64-2009-shippable-qr,,True,,,102210fe594ee9b33d82058545b1ed14f4c8206e,,Base Content Explicit,True,Base Content Explicit opt fission,,77,bytes,,,1781137257,2023-10-26T13:50:58,10518544.000000017,630864299a197bf416ac18d405063b7ec40c3644,1323009
autoland,4663319,4,bf38f69fee000115871578b15786525e82952421,windows11-64-2009-shippable-qr,,True,,,102210fe594ee9b33d82058545b1ed14f4c8206e,,Base Content Explicit,True,Base Content Explicit opt fission,,77,bytes,,,1781217388,2023-10-26T17:52:00,10530831.999999983,945d53ccf09fe8c263a6a24db6604162a4707ff9,1323156
autoland,4663319,4,bf38f69fee000115871578b15786525e82952421,windows11-64-2009-shippable-qr,,True,,,102210fe594ee9b33d82058545b1ed14f4c8206e,,Base Content Explicit,True,Base Content Explicit opt fission,,77,bytes,,,1781315110,2023-10-26T19:25:04,10612751.999999998,a1dbe7d2099563e23614b7c0d0b0f6923ab447f7,1323220
autoland,4663319,4,bf38f69fee000115871578b15786525e82952421,windows11-64-2009-shippable-qr,,True,,,102210fe594ee9b33d82058545b1ed14f4c8206e,,Base Content Explicit,True,Base Content Explicit opt fission,,77,bytes,,,1781445659,2023-10-26T23:27:25,10536976.000000007,a880804c93083962e65cea658b69a28c06528e8e,1323339
autoland,4663319,4,bf38f69fee000115871578b15786525e82952421,windows11-64-2009-shippable-qr,,True,,,102210fe594ee9b33d82058545b1ed14f4c8206e,,Base Content Explicit,True,Base Content Explicit opt fission,,77,bytes,,,1781551188,2023-10-27T00:10:25,10633231.999999989,6d47bee6d52ee11125f54db9df7336cbe69593c0,1323363
autoland,4663319,4,bf38f69fee000115871578b15786525e82952421,windows11-64-2009-shippable-qr,,True,,,102210fe594ee9b33d82058545b1ed14f4c8206e,,Base Content Explicit,True,Base Content Explicit opt fission,,77,bytes,,,1781611640,2023-10-27T05:17:25,10618895.999999985,4024630f5ffa1704a32f70c816f1003b0af9f105,1323421
autoland,4663319,4,bf38f69fee000115871578b15786525e82952421,windows11-64-2009-shippable-qr,,True,,,102210fe594ee9b33d82058545b1ed14f4c8206e,,Base Content Explicit,True,Base Content Explicit opt fission,,77,bytes,,,1781694907,2023-10-27T08:56:16,10510352.000000002,6e09ac4a4c291480d5951adca6d1659a46f571b2,1323505
autoland,4663319,4,bf38f69fee000115871578b15786525e82952421,windows11-64-2009-shippable-qr,,True,,,102210fe594ee9b33d82058545b1ed14f4c8206e,,Base Content Explicit,True,Base Content Explicit opt fission,,77,bytes,,,1781953772,2023-10-27T13:05:02,10672143.999999989,6013b7df2b9133416d4244ef4d45c492f215c3d0,1323649
autoland,4663319,4,bf38f69fee000115871578b15786525e82952421,windows11-64-2009-shippable-qr,,True,,,102210fe594ee9b33d82058545b1ed14f4c8206e,,Base Content Explicit,True,Base Content Explicit opt fission,,77,bytes,,,1781917580,2023-10-27T13:54:58,10543120.000000019,cda838e04db16590f96ddeaa7d7d54cc80e12a03,1323685
autoland,4663319,4,bf38f69fee000115871578b15786525e82952421,windows11-64-2009-shippable-qr,,True,,,102210fe594ee9b33d82058545b1ed14f4c8206e,,Base Content Explicit,True,Base Content Explicit opt fission,,77,bytes,,,1782131573,2023-10-27T17:16:47,10584079.999999993,b6d6a9c84257af5a3d659491a2ab963896e70d0d,1323813
autoland,4663319,4,bf38f69fee000115871578b15786525e82952421,windows11-64-2009-shippable-qr,,True,,,102210fe594ee9b33d82058545b1ed14f4c8206e,,Base Content Explicit,True,Base Content Explicit opt fission,,77,bytes,,,1782307859,2023-10-27T22:11:30,10475535.999999981,2744df17e06b25289ca5dd01128e6c4f237d7a7c,1323968
autoland,4663319,4,bf38f69fee000115871578b15786525e82952421,windows11-64-2009-shippable-qr,,True,,,102210fe594ee9b33d82058545b1ed14f4c8206e,,Base Content Explicit,True,Base Content Explicit opt fission,,77,bytes,,,1782344378,2023-10-27T23:12:32,10579983.999999996,5c87acee8b894f06e4b248cb602b36ccfcef1615,1323985
autoland,4663319,4,bf38f69fee000115871578b15786525e82952421,windows11-64-2009-shippable-qr,,True,,,102210fe594ee9b33d82058545b1ed14f4c8206e,,Base Content Explicit,True,Base Content Explicit opt fission,,77,bytes,,,1782497249,2023-10-28T03:14:30,10504208.000000006,0be08aa0812f81d5eb9f2235165d8478ebaf825b,1324017
autoland,4663319,4,bf38f69fee000115871578b15786525e82952421,windows11-64-2009-shippable-qr,,True,,,102210fe594ee9b33d82058545b1ed14f4c8206e,,Base Content Explicit,True,Base Content Explicit opt fission,,77,bytes,,,1783036569,2023-10-29T17:34:24,10500112.000000013,da935aab57913c853df3002f297cc6eb76175828,1324194
autoland,4663319,4,bf38f69fee000115871578b15786525e82952421,windows11-64-2009-shippable-qr,,True,,,102210fe594ee9b33d82058545b1ed14f4c8206e,,Base Content Explicit,True,Base Content Explicit opt fission,,77,bytes,,,1783135983,2023-10-29T22:37:58,10541071.999999996,61e57e6ba3b7e09a71062e7cdc44f395af832716,1324214
autoland,4663319,4,bf38f69fee000115871578b15786525e82952421,windows11-64-2009-shippable-qr,,True,,,102210fe594ee9b33d82058545b1ed14f4c8206e,,Base Content Explicit,True,Base Content Explicit opt fission,,77,bytes,,,1783297068,2023-10-30T03:06:34,10598415.999999989,cfc1bbb8edcc79491d2e1267e84338d155b2ee3c,1324224
autoland,4663319,4,bf38f69fee000115871578b15786525e82952421,windows11-64-2009-shippable-qr,,True,,,102210fe594ee9b33d82058545b1ed14f4c8206e,,Base Content Explicit,True,Base Content Explicit opt fission,,77,bytes,,,1783366636,2023-10-30T07:08:15,10528783.999999989,07ff1e2e4f656661631e6746f339e6232b59ebfd,1324243
autoland,4663319,4,bf38f69fee000115871578b15786525e82952421,windows11-64-2009-shippable-qr,,True,,,102210fe594ee9b33d82058545b1ed14f4c8206e,,Base Content Explicit,True,Base Content Explicit opt fission,,77,bytes,,,1783496277,2023-10-30T12:36:41,10563599.999999983,9c6272da5dc92ff944d294d9a026bd42a408c784,1324389
autoland,4663319,4,bf38f69fee000115871578b15786525e82952421,windows11-64-2009-shippable-qr,,True,,,102210fe594ee9b33d82058545b1ed14f4c8206e,,Base Content Explicit,True,Base Content Explicit opt fission,,77,bytes,,,1783551797,2023-10-30T13:43:34,10491919.999999998,d2a035a8329b5914bcd659ea1ea427c251c4d138,1324429
autoland,4663319,4,bf38f69fee000115871578b15786525e82952421,windows11-64-2009-shippable-qr,,True,,,102210fe594ee9b33d82058545b1ed14f4c8206e,,Base Content Explicit,True,Base Content Explicit opt fission,,77,bytes,,,1783748824,2023-10-30T17:20:21,10610703.99999999,277907757ae0f5c9f9a9b4b15473ec6f3eab7674,1324599
autoland,4663319,4,bf38f69fee000115871578b15786525e82952421,windows11-64-2009-shippable-qr,,True,,,102210fe594ee9b33d82058545b1ed14f4c8206e,,Base Content Explicit,True,Base Content Explicit opt fission,,77,bytes,,,1783934859,2023-10-30T21:26:51,10539023.999999996,250d50a3e9aedba6c41312d2ce03b03eabac5c84,1324725
autoland,4663319,4,bf38f69fee000115871578b15786525e82952421,windows11-64-2009-shippable-qr,,True,,,102210fe594ee9b33d82058545b1ed14f4c8206e,,Base Content Explicit,True,Base Content Explicit opt fission,,77,bytes,,,1783943951,2023-10-30T22:47:24,10610703.99999999,9d87d8875f3012f1cb5e065b5861f41a29d1173c,1324763
autoland,4663319,4,bf38f69fee000115871578b15786525e82952421,windows11-64-2009-shippable-qr,,True,,,102210fe594ee9b33d82058545b1ed14f4c8206e,,Base Content Explicit,True,Base Content Explicit opt fission,,77,bytes,,,1784173205,2023-10-31T03:27:18,10551311.999999981,88295a805fb918c5a40c57d9827608c50c65da1a,1324833
autoland,4663319,4,bf38f69fee000115871578b15786525e82952421,windows11-64-2009-shippable-qr,,True,,,102210fe594ee9b33d82058545b1ed14f4c8206e,,Base Content Explicit,True,Base Content Explicit opt fission,,77,bytes,,,1784275127,2023-10-31T08:52:16,10536976.000000007,26a58e0274b4491ce07587bf329d30954bfa36a5,1324883
autoland,4663319,4,bf38f69fee000115871578b15786525e82952421,windows11-64-2009-shippable-qr,,True,,,102210fe594ee9b33d82058545b1ed14f4c8206e,,Base Content Explicit,True,Base Content Explicit opt fission,,77,bytes,,,1784326489,2023-10-31T10:24:24,10504208.000000006,173608723df3997c0b39049e55f7e4f529974bd1,1324925
autoland,4663319,4,bf38f69fee000115871578b15786525e82952421,windows11-64-2009-shippable-qr,,True,,,102210fe594ee9b33d82058545b1ed14f4c8206e,,Base Content Explicit,True,Base Content Explicit opt fission,,77,bytes,,,1784496597,2023-10-31T14:28:55,10627087.999999998,d93c1e224fa334cb0e1a4faf860be329181c1d60,1325039
autoland,4663319,4,bf38f69fee000115871578b15786525e82952421,windows11-64-2009-shippable-qr,,True,,,102210fe594ee9b33d82058545b1ed14f4c8206e,,Base Content Explicit,True,Base Content Explicit opt fission,,77,bytes,,,1784580403,2023-10-31T15:46:12,10553360.000000015,4712d595873a538c628ea09a2826c33e3f2e383d,1325101
autoland,4663319,4,bf38f69fee000115871578b15786525e82952421,windows11-64-2009-shippable-qr,,True,,,102210fe594ee9b33d82058545b1ed14f4c8206e,,Base Content Explicit,True,Base Content Explicit opt fission,,77,bytes,,,1784802146,2023-10-31T20:04:41,10565648.000000004,5624631ba42eb404a5c5b4e50e9c4fbc826eef31,1325256
autoland,4663319,4,bf38f69fee000115871578b15786525e82952421,windows11-64-2009-shippable-qr,,True,,,102210fe594ee9b33d82058545b1ed14f4c8206e,,Base Content Explicit,True,Base Content Explicit opt fission,,77,bytes,,,1784861244,2023-10-31T22:59:03,10571791.999999993,251055c46bfcc027766c9bdaccaaa919c3e6c8f6,1325343
autoland,4663319,4,bf38f69fee000115871578b15786525e82952421,windows11-64-2009-shippable-qr,,True,,,102210fe594ee9b33d82058545b1ed14f4c8206e,,Base Content Explicit,True,Base Content Explicit opt fission,,77,bytes,,,1785104892,2023-11-01T04:08:21,10582032.000000017,b73ef4c8979fb0702de9f4bf2fdf986b1d0fd487,1325446
autoland,4663319,4,bf38f69fee000115871578b15786525e82952421,windows11-64-2009-shippable-qr,,True,,,102210fe594ee9b33d82058545b1ed14f4c8206e,,Base Content Explicit,True,Base Content Explicit opt fission,,77,bytes,,,1785179125,2023-11-01T08:27:37,10577936.00000001,5db6f03a7c103189ba38ef4c4687a046566f4e5b,1325492
autoland,4663319,4,bf38f69fee000115871578b15786525e82952421,windows11-64-2009-shippable-qr,,True,,,102210fe594ee9b33d82058545b1ed14f4c8206e,,Base Content Explicit,True,Base Content Explicit opt fission,,77,bytes,,,1785378594,2023-11-01T15:00:09,10541071.999999996,dee5e3c280a214c32ea4f7a2b6446bbe456ecb54,1325661
autoland,4663319,4,bf38f69fee000115871578b15786525e82952421,windows11-64-2009-shippable-qr,,True,,,102210fe594ee9b33d82058545b1ed14f4c8206e,,Base Content Explicit,True,Base Content Explicit opt fission,,77,bytes,,,1785579601,2023-11-01T21:17:16,10567696.000000013,3eea9367b17b3c112968a3f0e008b1005452bbdd,1325895
autoland,4663319,4,bf38f69fee000115871578b15786525e82952421,windows11-64-2009-shippable-qr,,True,,,102210fe594ee9b33d82058545b1ed14f4c8206e,,Base Content Explicit,True,Base Content Explicit opt fission,,77,bytes,,,1785715134,2023-11-02T01:36:12,10457103.999999987,0ea21c7c9ab7dcf411a8094c876b12784bc6343c,1325979
autoland,4663319,4,bf38f69fee000115871578b15786525e82952421,windows11-64-2009-shippable-qr,,True,,,102210fe594ee9b33d82058545b1ed14f4c8206e,,Base Content Explicit,True,Base Content Explicit opt fission,,77,bytes,,,1785827411,2023-11-02T06:18:28,10573839.99999999,1fcf041bc427507f767a28519182263ab9925550,1326017
autoland,4663319,4,bf38f69fee000115871578b15786525e82952421,windows11-64-2009-shippable-qr,,True,,,102210fe594ee9b33d82058545b1ed14f4c8206e,,Base Content Explicit,True,Base Content Explicit opt fission,,77,bytes,,,1785951913,2023-11-02T10:56:45,10481679.999999983,86b37d608b6dff619ef21dd6df25970d2f35504f,1326103
autoland,4663319,4,bf38f69fee000115871578b15786525e82952421,windows11-64-2009-shippable-qr,,True,,,102210fe594ee9b33d82058545b1ed14f4c8206e,,Base Content Explicit,True,Base Content Explicit opt fission,,77,bytes,,,1785978191,2023-11-02T12:13:53,10500112.000000013,59754ae1b71386535d42979e577deaaad4aa522f,1326138
autoland,4663319,4,bf38f69fee000115871578b15786525e82952421,windows11-64-2009-shippable-qr,,True,,,102210fe594ee9b33d82058545b1ed14f4c8206e,,Base Content Explicit,True,Base Content Explicit opt fission,,77,bytes,,,1786104378,2023-11-02T15:35:11,10473487.999999983,b32fede7af3947e835399bab4d1d7f096517521f,1326301
autoland,4663319,4,bf38f69fee000115871578b15786525e82952421,windows11-64-2009-shippable-qr,,True,,,102210fe594ee9b33d82058545b1ed14f4c8206e,,Base Content Explicit,True,Base Content Explicit opt fission,,77,bytes,,,1786315380,2023-11-02T19:35:23,10487823.999999994,94e5f553d8ee5632338645c8928e3cc1454d7b5b,1326465
autoland,4663319,4,bf38f69fee000115871578b15786525e82952421,windows11-64-2009-shippable-qr,,True,,,102210fe594ee9b33d82058545b1ed14f4c8206e,,Base Content Explicit,True,Base Content Explicit opt fission,,77,bytes,,,1786386137,2023-11-02T22:16:50,10565648.000000004,e76a1dc1e2e5cfa536e6893665fb8d42d2669341,1326592
autoland,4663319,4,bf38f69fee000115871578b15786525e82952421,windows11-64-2009-shippable-qr,,True,,,102210fe594ee9b33d82058545b1ed14f4c8206e,,Base Content Explicit,True,Base Content Explicit opt fission,,77,bytes,,,1786471430,2023-11-03T02:17:21,10569743.999999989,7398cacb1ad3e7be98ad07eff3a56fd050025c48,1326661
autoland,4663319,4,bf38f69fee000115871578b15786525e82952421,windows11-64-2009-shippable-qr,,True,,,102210fe594ee9b33d82058545b1ed14f4c8206e,,Base Content Explicit,True,Base Content Explicit opt fission,,77,bytes,,,1786557539,2023-11-03T06:29:48,10592271.999999983,63221dffde4f2b6c134c16fb540dea75d856626d,1326720
autoland,4663319,4,bf38f69fee000115871578b15786525e82952421,windows11-64-2009-shippable-qr,,True,,,102210fe594ee9b33d82058545b1ed14f4c8206e,,Base Content Explicit,True,Base Content Explicit opt fission,,77,bytes,,,1786632780,2023-11-03T09:45:55,10573839.99999999,fef2ab0f10caa08593c20e7febc4cec185670a4a,1326769
autoland,4663319,4,bf38f69fee000115871578b15786525e82952421,windows11-64-2009-shippable-qr,,True,,,102210fe594ee9b33d82058545b1ed14f4c8206e,,Base Content Explicit,True,Base Content Explicit opt fission,,77,bytes,,,1786797932,2023-11-03T14:08:17,10520591.999999993,db8c28afe588aab0cd434e280a4614c075350cde,1326874
autoland,4663319,4,bf38f69fee000115871578b15786525e82952421,windows11-64-2009-shippable-qr,,True,,,102210fe594ee9b33d82058545b1ed14f4c8206e,,Base Content Explicit,True,Base Content Explicit opt fission,,77,bytes,,,1786894903,2023-11-03T15:30:02,10582032.000000017,c1bbed9e33815cc111047e95375c6446ad566b5b,1326932
autoland,4663319,4,bf38f69fee000115871578b15786525e82952421,windows11-64-2009-shippable-qr,,True,,,102210fe594ee9b33d82058545b1ed14f4c8206e,,Base Content Explicit,True,Base Content Explicit opt fission,,77,bytes,,,1786985651,2023-11-03T19:29:08,10471440.000000011,3483c8458f12814829ccacc001ce04923ce9c601,1327119
autoland,4663319,4,bf38f69fee000115871578b15786525e82952421,windows11-64-2009-shippable-qr,,True,,,102210fe594ee9b33d82058545b1ed14f4c8206e,,Base Content Explicit,True,Base Content Explicit opt fission,,77,bytes,,,1787118817,2023-11-04T00:04:01,10582032.000000017,71b8373e6622cf42c02a4244f2c2629c6afed2db,1327246
autoland,4663319,4,bf38f69fee000115871578b15786525e82952421,windows11-64-2009-shippable-qr,,True,,,102210fe594ee9b33d82058545b1ed14f4c8206e,,Base Content Explicit,True,Base Content Explicit opt fission,,77,bytes,,,1787155070,2023-11-04T01:35:30,10524688.000000007,fa8ebe703963d027ce9185c21a4e7bdc98f8cd68,1327271
autoland,4663319,4,bf38f69fee000115871578b15786525e82952421,windows11-64-2009-shippable-qr,,True,,,102210fe594ee9b33d82058545b1ed14f4c8206e,,Base Content Explicit,True,Base Content Explicit opt fission,,77,bytes,,,1787223268,2023-11-04T08:24:01,10430480.000000017,f65c77517e3e8d32a23f3607a039a558abd2b12c,1327306
autoland,4663319,4,bf38f69fee000115871578b15786525e82952421,windows11-64-2009-shippable-qr,,True,,,102210fe594ee9b33d82058545b1ed14f4c8206e,,Base Content Explicit,True,Base Content Explicit opt fission,,77,bytes,,,1787363284,2023-11-04T14:15:16,10463248.00000001,90f5a1a99e4af4267d041ebe447fe2c0d6028eec,1327379
autoland,4663319,4,bf38f69fee000115871578b15786525e82952421,windows11-64-2009-shippable-qr,,True,,,102210fe594ee9b33d82058545b1ed14f4c8206e,,Base Content Explicit,True,Base Content Explicit opt fission,,77,bytes,,,1787449006,2023-11-04T18:45:40,10592271.999999983,55a02a6f1e91945e24618f64bd61b9f3a0beeea0,1327418
autoland,4663319,4,bf38f69fee000115871578b15786525e82952421,windows11-64-2009-shippable-qr,,True,,,102210fe594ee9b33d82058545b1ed14f4c8206e,,Base Content Explicit,True,Base Content Explicit opt fission,,77,bytes,,,1787507519,2023-11-04T23:01:16,10627087.999999998,c6d6218c85ae690d272c8b978051ec7c2718b1b2,1327454
autoland,4663319,4,bf38f69fee000115871578b15786525e82952421,windows11-64-2009-shippable-qr,,True,,,102210fe594ee9b33d82058545b1ed14f4c8206e,,Base Content Explicit,True,Base Content Explicit opt fission,,77,bytes,,,1787740918,2023-11-05T12:31:02,10627087.999999998,6e473b5825d2acd52739d9cc4cdec6ea5e26c9d1,1327508
autoland,4663319,4,bf38f69fee000115871578b15786525e82952421,windows11-64-2009-shippable-qr,,True,,,102210fe594ee9b33d82058545b1ed14f4c8206e,,Base Content Explicit,True,Base Content Explicit opt fission,,77,bytes,,,1787871022,2023-11-05T17:15:11,10477584.000000011,e4d362eebc148baf8432d0b013b6233995a2f16e,1327546
autoland,4663319,4,bf38f69fee000115871578b15786525e82952421,windows11-64-2009-shippable-qr,,True,,,102210fe594ee9b33d82058545b1ed14f4c8206e,,Base Content Explicit,True,Base Content Explicit opt fission,,77,bytes,,,1787981795,2023-11-05T22:35:05,10446863.999999993,1995198e0bee1b9f7d4ac3a5286fb89a8305fa28,1327567
autoland,4663319,4,bf38f69fee000115871578b15786525e82952421,windows11-64-2009-shippable-qr,,True,,,102210fe594ee9b33d82058545b1ed14f4c8206e,,Base Content Explicit,True,Base Content Explicit opt fission,,77,bytes,,,1788234269,2023-11-06T03:28:15,10543120.000000019,925231a8fb5eccf055afb3e9921596d8f990128b,1327590
autoland,4663319,4,bf38f69fee000115871578b15786525e82952421,windows11-64-2009-shippable-qr,,True,,,102210fe594ee9b33d82058545b1ed14f4c8206e,,Base Content Explicit,True,Base Content Explicit opt fission,,77,bytes,,,1788291305,2023-11-06T06:27:10,10498063.999999987,58f61f19462af6371405866cd0506983856d5433,1327613
autoland,4663319,4,bf38f69fee000115871578b15786525e82952421,windows11-64-2009-shippable-qr,,True,,,102210fe594ee9b33d82058545b1ed14f4c8206e,,Base Content Explicit,True,Base Content Explicit opt fission,,77,bytes,,,1788418864,2023-11-06T10:22:32,10598415.999999989,47130f8e8a79f36f7bea8cf4a4a19a3ef155e539,1327714
autoland,4663319,4,bf38f69fee000115871578b15786525e82952421,windows11-64-2009-shippable-qr,,True,,,102210fe594ee9b33d82058545b1ed14f4c8206e,,Base Content Explicit,True,Base Content Explicit opt fission,,77,bytes,,,1788574585,2023-11-06T14:23:08,10491919.999999998,e85ef9b0c6ee61f9f14bf8b49cd5f6e0a5fac3d7,1327890
autoland,4663319,4,bf38f69fee000115871578b15786525e82952421,windows11-64-2009-shippable-qr,,True,,,102210fe594ee9b33d82058545b1ed14f4c8206e,,Base Content Explicit,True,Base Content Explicit opt fission,,77,bytes,,,1788758562,2023-11-06T17:39:09,10469392.000000002,6d5e2f6a296345f3afbeecf2e34bf0f7da7c7991,1328028
autoland,4663319,4,bf38f69fee000115871578b15786525e82952421,windows11-64-2009-shippable-qr,,True,,,102210fe594ee9b33d82058545b1ed14f4c8206e,,Base Content Explicit,True,Base Content Explicit opt fission,,77,bytes,,,1788868557,2023-11-06T20:45:17,10524688.000000007,cfad60e16bc9ffd1123a5eb881ba42aaa60b9b18,1328100
autoland,4663319,4,bf38f69fee000115871578b15786525e82952421,windows11-64-2009-shippable-qr,,True,,,102210fe594ee9b33d82058545b1ed14f4c8206e,,Base Content Explicit,True,Base Content Explicit opt fission,,77,bytes,,,1789067842,2023-11-07T01:37:21,10606607.999999985,05f23c29b41cfcb7bfe0b081854260fa6d04388f,1328269
autoland,4663319,4,bf38f69fee000115871578b15786525e82952421,windows11-64-2009-shippable-qr,,True,,,102210fe594ee9b33d82058545b1ed14f4c8206e,,Base Content Explicit,True,Base Content Explicit opt fission,,77,bytes,,,1789354880,2023-11-07T05:57:42,10450960.000000019,5f6163941f402e507f0d384b9904f2a425a28d57,1328312
autoland,4663319,4,bf38f69fee000115871578b15786525e82952421,windows11-64-2009-shippable-qr,,True,,,102210fe594ee9b33d82058545b1ed14f4c8206e,,Base Content Explicit,True,Base Content Explicit opt fission,,77,bytes,,,1789358760,2023-11-07T07:13:43,10577936.00000001,7a3978f0626b31f7d311cbc700a8ad6eef3c38a7,1328322
autoland,4663319,4,bf38f69fee000115871578b15786525e82952421,windows11-64-2009-shippable-qr,,True,,,102210fe594ee9b33d82058545b1ed14f4c8206e,,Base Content Explicit,True,Base Content Explicit opt fission,,77,bytes,,,1790870041,2023-11-07T07:50:23,10502159.999999993,201fc291a2c0f9c8fd86c7bf5647cf7d179ca563,1328331
autoland,4663319,4,bf38f69fee000115871578b15786525e82952421,windows11-64-2009-shippable-qr,,True,,,102210fe594ee9b33d82058545b1ed14f4c8206e,,Base Content Explicit,True,Base Content Explicit opt fission,,77,bytes,,,1790870447,2023-11-07T07:52:42,10594320.00000001,a25e8fe0ee2f6c9aaab5497cd0d9c135bbe80621,1328333
autoland,4663319,4,bf38f69fee000115871578b15786525e82952421,windows11-64-2009-shippable-qr,,True,,,102210fe594ee9b33d82058545b1ed14f4c8206e,,Base Content Explicit,True,Base Content Explicit opt fission,,77,bytes,,,1790870274,2023-11-07T07:59:36,10610703.99999999,b1a74412ecc781f0a6809865a8ebfd3d336c6070,1328338
autoland,4663319,4,bf38f69fee000115871578b15786525e82952421,windows11-64-2009-shippable-qr,,True,,,102210fe594ee9b33d82058545b1ed14f4c8206e,,Base Content Explicit,True,Base Content Explicit opt fission,,77,bytes,,,1790870635,2023-11-07T08:20:59,10483727.999999985,2b6cc98f762f304bdff80a83d87711e247a2ea2b,1328353
autoland,4663319,4,bf38f69fee000115871578b15786525e82952421,windows11-64-2009-shippable-qr,,True,,,102210fe594ee9b33d82058545b1ed14f4c8206e,,Base Content Explicit,True,Base Content Explicit opt fission,,77,bytes,,,1790871222,2023-11-07T08:35:11,10649616.000000015,149e69327bbb1bc316787380a6a3e54f3e9195e0,1328360
autoland,4663319,4,bf38f69fee000115871578b15786525e82952421,windows11-64-2009-shippable-qr,,True,,,102210fe594ee9b33d82058545b1ed14f4c8206e,,Base Content Explicit,True,Base Content Explicit opt fission,,77,bytes,,,1791710178,2023-11-07T08:35:11,10614799.999999981,149e69327bbb1bc316787380a6a3e54f3e9195e0,1328360
autoland,4663319,4,bf38f69fee000115871578b15786525e82952421,windows11-64-2009-shippable-qr,,True,,,102210fe594ee9b33d82058545b1ed14f4c8206e,,Base Content Explicit,True,Base Content Explicit opt fission,,77,bytes,,,1791710599,2023-11-07T08:35:11,10579983.999999996,149e69327bbb1bc316787380a6a3e54f3e9195e0,1328360
autoland,4663319,4,bf38f69fee000115871578b15786525e82952421,windows11-64-2009-shippable-qr,,True,,,102210fe594ee9b33d82058545b1ed14f4c8206e,,Base Content Explicit,True,Base Content Explicit opt fission,,77,bytes,,,1791710611,2023-11-07T08:35:11,10584079.999999993,149e69327bbb1bc316787380a6a3e54f3e9195e0,1328360
autoland,4663319,4,bf38f69fee000115871578b15786525e82952421,windows11-64-2009-shippable-qr,,True,,,102210fe594ee9b33d82058545b1ed14f4c8206e,,Base Content Explicit,True,Base Content Explicit opt fission,,77,bytes,,,1790869984,2023-11-07T08:39:18,10514448.000000007,baae04dece1887e98f62c5b76329b792c2aa2d09,1328363
autoland,4663319,4,bf38f69fee000115871578b15786525e82952421,windows11-64-2009-shippable-qr,,True,,,102210fe594ee9b33d82058545b1ed14f4c8206e,,Base Content Explicit,True,Base Content Explicit opt fission,,77,bytes,,,1791705874,2023-11-07T08:39:18,10463248.00000001,baae04dece1887e98f62c5b76329b792c2aa2d09,1328363
autoland,4663319,4,bf38f69fee000115871578b15786525e82952421,windows11-64-2009-shippable-qr,,True,,,102210fe594ee9b33d82058545b1ed14f4c8206e,,Base Content Explicit,True,Base Content Explicit opt fission,,77,bytes,,,1791711139,2023-11-07T08:39:18,10571791.999999993,baae04dece1887e98f62c5b76329b792c2aa2d09,1328363
autoland,4663319,4,bf38f69fee000115871578b15786525e82952421,windows11-64-2009-shippable-qr,,True,,,102210fe594ee9b33d82058545b1ed14f4c8206e,,Base Content Explicit,True,Base Content Explicit opt fission,,77,bytes,,,1791710589,2023-11-07T08:39:18,10579983.999999996,baae04dece1887e98f62c5b76329b792c2aa2d09,1328363
autoland,4663319,4,bf38f69fee000115871578b15786525e82952421,windows11-64-2009-shippable-qr,,True,,,102210fe594ee9b33d82058545b1ed14f4c8206e,,Base Content Explicit,True,Base Content Explicit opt fission,,77,bytes,,,1791710809,2023-11-07T08:39:18,10606607.999999985,baae04dece1887e98f62c5b76329b792c2aa2d09,1328363
autoland,4663319,4,bf38f69fee000115871578b15786525e82952421,windows11-64-2009-shippable-qr,,True,,,102210fe594ee9b33d82058545b1ed14f4c8206e,,Base Content Explicit,True,Base Content Explicit opt fission,,77,bytes,,,1791712425,2023-11-07T08:39:18,10584079.999999993,baae04dece1887e98f62c5b76329b792c2aa2d09,1328363
autoland,4663319,4,bf38f69fee000115871578b15786525e82952421,windows11-64-2009-shippable-qr,,True,,,102210fe594ee9b33d82058545b1ed14f4c8206e,,Base Content Explicit,True,Base Content Explicit opt fission,,77,bytes,,,1790870442,2023-11-07T08:51:57,10930191.999999993,35ff07f4726ad465baa0d222c0c55d48a1082600,1328372
autoland,4663319,4,bf38f69fee000115871578b15786525e82952421,windows11-64-2009-shippable-qr,,True,,,102210fe594ee9b33d82058545b1ed14f4c8206e,,Base Content Explicit,True,Base Content Explicit opt fission,,77,bytes,,,1791710576,2023-11-07T08:51:57,10977295.999999983,35ff07f4726ad465baa0d222c0c55d48a1082600,1328372
autoland,4663319,4,bf38f69fee000115871578b15786525e82952421,windows11-64-2009-shippable-qr,,True,,,102210fe594ee9b33d82058545b1ed14f4c8206e,,Base Content Explicit,True,Base Content Explicit opt fission,,77,bytes,,,1791711901,2023-11-07T08:51:57,10934288.00000001,35ff07f4726ad465baa0d222c0c55d48a1082600,1328372
autoland,4663319,4,bf38f69fee000115871578b15786525e82952421,windows11-64-2009-shippable-qr,,True,,,102210fe594ee9b33d82058545b1ed14f4c8206e,,Base Content Explicit,True,Base Content Explicit opt fission,,77,bytes,,,1791712479,2023-11-07T08:51:57,11024400.000000007,35ff07f4726ad465baa0d222c0c55d48a1082600,1328372
autoland,4663319,4,bf38f69fee000115871578b15786525e82952421,windows11-64-2009-shippable-qr,,True,,,102210fe594ee9b33d82058545b1ed14f4c8206e,,Base Content Explicit,True,Base Content Explicit opt fission,,77,bytes,,,1791710670,2023-11-07T08:51:57,11075600.000000006,35ff07f4726ad465baa0d222c0c55d48a1082600,1328372
autoland,4663319,4,bf38f69fee000115871578b15786525e82952421,windows11-64-2009-shippable-qr,,True,,,102210fe594ee9b33d82058545b1ed14f4c8206e,,Base Content Explicit,True,Base Content Explicit opt fission,,77,bytes,,,1791712099,2023-11-07T08:51:57,11005967.999999981,35ff07f4726ad465baa0d222c0c55d48a1082600,1328372
autoland,4663319,4,bf38f69fee000115871578b15786525e82952421,windows11-64-2009-shippable-qr,,True,,,102210fe594ee9b33d82058545b1ed14f4c8206e,,Base Content Explicit,True,Base Content Explicit opt fission,,77,bytes,,,1790870705,2023-11-07T08:59:05,10938383.999999987,4712c7e340c1bdb63cc78d5b1b31b5652debb201,1328376
autoland,4663319,4,bf38f69fee000115871578b15786525e82952421,windows11-64-2009-shippable-qr,,True,,,102210fe594ee9b33d82058545b1ed14f4c8206e,,Base Content Explicit,True,Base Content Explicit opt fission,,77,bytes,,,1790870527,2023-11-07T09:20:32,10887183.999999985,a53a2b4b87d3cffa7582c252478f44077faa7775,1328382
autoland,4663319,4,bf38f69fee000115871578b15786525e82952421,windows11-64-2009-shippable-qr,,True,,,102210fe594ee9b33d82058545b1ed14f4c8206e,,Base Content Explicit,True,Base Content Explicit opt fission,,77,bytes,,,1790870511,2023-11-07T10:15:46,10983439.999999983,5d6699b34edce04ffd8886be86de9d604d88a89a,1328402
autoland,4663319,4,bf38f69fee000115871578b15786525e82952421,windows11-64-2009-shippable-qr,,True,,,102210fe594ee9b33d82058545b1ed14f4c8206e,,Base Content Explicit,True,Base Content Explicit opt fission,,77,bytes,,,1789434102,2023-11-07T15:22:28,10913807.999999994,3a6678776d36c32f58fe521d73f09bbc1478cbbb,1328534
autoland,4663319,4,bf38f69fee000115871578b15786525e82952421,windows11-64-2009-shippable-qr,,True,,,102210fe594ee9b33d82058545b1ed14f4c8206e,,Base Content Explicit,True,Base Content Explicit opt fission,,77,bytes,,,1789524522,2023-11-07T20:38:50,11042832.000000013,2f5322fade4338f844537e7e14979d023e4b7d48,1328596
autoland,4663319,4,bf38f69fee000115871578b15786525e82952421,windows11-64-2009-shippable-qr,,True,,,102210fe594ee9b33d82058545b1ed14f4c8206e,,Base Content Explicit,True,Base Content Explicit opt fission,,77,bytes,,,1789672946,2023-11-07T23:09:36,10940431.999999994,146ef5c46755802d7609ece035e0115301c936bd,1328770
autoland,4663319,4,bf38f69fee000115871578b15786525e82952421,windows11-64-2009-shippable-qr,,True,,,102210fe594ee9b33d82058545b1ed14f4c8206e,,Base Content Explicit,True,Base Content Explicit opt fission,,77,bytes,,,1789679435,2023-11-08T00:15:37,11012112.000000019,54f6a0fa6c5ffe3ce0a5f981a4cdedc058256898,1328812
autoland,4663319,4,bf38f69fee000115871578b15786525e82952421,windows11-64-2009-shippable-qr,,True,,,102210fe594ee9b33d82058545b1ed14f4c8206e,,Base Content Explicit,True,Base Content Explicit opt fission,,77,bytes,,,1789827194,2023-11-08T05:24:12,10938383.999999987,68721f0d6aec0facf9c8f271ea2bb2719348014a,1328912
autoland,4663319,4,bf38f69fee000115871578b15786525e82952421,windows11-64-2009-shippable-qr,,True,,,102210fe594ee9b33d82058545b1ed14f4c8206e,,Base Content Explicit,True,Base Content Explicit opt fission,,77,bytes,,,1789962756,2023-11-08T09:44:01,10901520.0,578787894d0e996af4d743caf71b5501330fb2ab,1328973
autoland,4663319,4,bf38f69fee000115871578b15786525e82952421,windows11-64-2009-shippable-qr,,True,,,102210fe594ee9b33d82058545b1ed14f4c8206e,,Base Content Explicit,True,Base Content Explicit opt fission,,77,bytes,,,1789974344,2023-11-08T09:46:58,11073552.000000017,e65fca949600e3163fd1befd6423958e0bc70029,1328975
autoland,4663319,4,bf38f69fee000115871578b15786525e82952421,windows11-64-2009-shippable-qr,,True,,,102210fe594ee9b33d82058545b1ed14f4c8206e,,Base Content Explicit,True,Base Content Explicit opt fission,,77,bytes,,,1790108087,2023-11-08T13:41:28,10981391.999999983,ae536a17c1ffbb830141240a38f81e032b6645ea,1329115
autoland,4663319,4,bf38f69fee000115871578b15786525e82952421,windows11-64-2009-shippable-qr,,True,,,102210fe594ee9b33d82058545b1ed14f4c8206e,,Base Content Explicit,True,Base Content Explicit opt fission,,77,bytes,,,1790196693,2023-11-08T17:45:21,10983439.999999983,f1fb5f0afb5896b5c30e6a9b1439a9c4de4a3db2,1329261
autoland,4663319,4,bf38f69fee000115871578b15786525e82952421,windows11-64-2009-shippable-qr,,True,,,102210fe594ee9b33d82058545b1ed14f4c8206e,,Base Content Explicit,True,Base Content Explicit opt fission,,77,bytes,,,1790448171,2023-11-08T23:10:55,11055119.999999993,9b044e3ed5981e128922152098934a6691bfcd97,1329500
autoland,4663319,4,bf38f69fee000115871578b15786525e82952421,windows11-64-2009-shippable-qr,,True,,,102210fe594ee9b33d82058545b1ed14f4c8206e,,Base Content Explicit,True,Base Content Explicit opt fission,,77,bytes,,,1790416992,2023-11-09T00:04:05,10928144.000000007,fd3f50f4dce00592f4da8f972037ced4a0c9f5be,1329532
autoland,4663319,4,bf38f69fee000115871578b15786525e82952421,windows11-64-2009-shippable-qr,,True,,,102210fe594ee9b33d82058545b1ed14f4c8206e,,Base Content Explicit,True,Base Content Explicit opt fission,,77,bytes,,,1790615079,2023-11-09T04:14:58,10979343.999999987,975206b939dc6e4f823a1a29c703dd586e4157b9,1329628
autoland,4663319,4,bf38f69fee000115871578b15786525e82952421,windows11-64-2009-shippable-qr,,True,,,102210fe594ee9b33d82058545b1ed14f4c8206e,,Base Content Explicit,True,Base Content Explicit opt fission,,77,bytes,,,1790736613,2023-11-09T08:18:01,10985488.000000002,d0c4fdebcd36de1f0361cb29103afbf36e498521,1329688
autoland,4663319,4,bf38f69fee000115871578b15786525e82952421,windows11-64-2009-shippable-qr,,True,,,102210fe594ee9b33d82058545b1ed14f4c8206e,,Base Content Explicit,True,Base Content Explicit opt fission,,77,bytes,,,1790739248,2023-11-09T08:32:31,10985488.000000002,5392006086fa6f66b9c2f5919b8c65d04cf44936,1329693
autoland,4663319,4,bf38f69fee000115871578b15786525e82952421,windows11-64-2009-shippable-qr,,True,,,102210fe594ee9b33d82058545b1ed14f4c8206e,,Base Content Explicit,True,Base Content Explicit opt fission,,77,bytes,,,1790907517,2023-11-09T12:39:55,11030544.0,0d25aa82c9421a1a0e1d9bf224094a9feaa083c0,1329818
autoland,4663319,4,bf38f69fee000115871578b15786525e82952421,windows11-64-2009-shippable-qr,,True,,,102210fe594ee9b33d82058545b1ed14f4c8206e,,Base Content Explicit,True,Base Content Explicit opt fission,,77,bytes,,,1790989509,2023-11-09T13:52:13,10870799.999999983,af9d30c92582a30a1e7987079e780e59aa69ab7b,1329843
autoland,4663319,4,bf38f69fee000115871578b15786525e82952421,windows11-64-2009-shippable-qr,,True,,,102210fe594ee9b33d82058545b1ed14f4c8206e,,Base Content Explicit,True,Base Content Explicit opt fission,,77,bytes,,,1791148555,2023-11-09T18:06:54,10985488.000000002,1eda7f37f458e81d7c275eb0a3e1959cdfdb5053,1329987
autoland,4663319,4,bf38f69fee000115871578b15786525e82952421,windows11-64-2009-shippable-qr,,True,,,102210fe594ee9b33d82058545b1ed14f4c8206e,,Base Content Explicit,True,Base Content Explicit opt fission,,77,bytes,,,1791156533,2023-11-09T18:57:17,11010063.999999987,938e6fc607623834483a5ab95019520814f10ee8,1330029
autoland,4663319,4,bf38f69fee000115871578b15786525e82952421,windows11-64-2009-shippable-qr,,True,,,102210fe594ee9b33d82058545b1ed14f4c8206e,,Base Content Explicit,True,Base Content Explicit opt fission,,77,bytes,,,1791369445,2023-11-09T23:53:27,10913807.999999994,d3aff5d6c69730c6f26eb54b7e24fdd203480069,1330185
autoland,4663319,4,bf38f69fee000115871578b15786525e82952421,windows11-64-2009-shippable-qr,,True,,,102210fe594ee9b33d82058545b1ed14f4c8206e,,Base Content Explicit,True,Base Content Explicit opt fission,,77,bytes,,,1791376825,2023-11-10T00:18:00,10985488.000000002,543c915fc8c6775cd665ad6ebe58df0f46e9198c,1330200
autoland,4663319,4,bf38f69fee000115871578b15786525e82952421,windows11-64-2009-shippable-qr,,True,,,102210fe594ee9b33d82058545b1ed14f4c8206e,,Base Content Explicit,True,Base Content Explicit opt fission,,77,bytes,,,1791613723,2023-11-10T06:00:15,10991631.999999998,5fcc529533b87c657e0dd95ea8cdd37f7cbac5c0,1330263
autoland,4663319,4,bf38f69fee000115871578b15786525e82952421,windows11-64-2009-shippable-qr,,True,,,102210fe594ee9b33d82058545b1ed14f4c8206e,,Base Content Explicit,True,Base Content Explicit opt fission,,77,bytes,,,1791693573,2023-11-10T10:16:47,10952719.999999983,2033848fe740a46b19d19b2689365e6d5122d399,1330353
autoland,4663319,4,bf38f69fee000115871578b15786525e82952421,windows11-64-2009-shippable-qr,,True,,,102210fe594ee9b33d82058545b1ed14f4c8206e,,Base Content Explicit,True,Base Content Explicit opt fission,,77,bytes,,,1791809101,2023-11-10T14:18:06,10881040.0,e2c6fa08aa82b40d8316fc19e08ea45be70e9292,1330451
autoland,4663319,4,bf38f69fee000115871578b15786525e82952421,windows11-64-2009-shippable-qr,,True,,,102210fe594ee9b33d82058545b1ed14f4c8206e,,Base Content Explicit,True,Base Content Explicit opt fission,,77,bytes,,,1791832381,2023-11-10T14:48:51,11048976.000000011,f90b853d9b0b112db86ff41fcce843afb13939ce,1330467
autoland,4663319,4,bf38f69fee000115871578b15786525e82952421,windows11-64-2009-shippable-qr,,True,,,102210fe594ee9b33d82058545b1ed14f4c8206e,,Base Content Explicit,True,Base Content Explicit opt fission,,77,bytes,,,1792115004,2023-11-10T23:46:31,11034639.99999999,740891aba7f0d05a95960669bd6efe7b25177226,1330635
autoland,4663319,4,bf38f69fee000115871578b15786525e82952421,windows11-64-2009-shippable-qr,,True,,,102210fe594ee9b33d82058545b1ed14f4c8206e,,Base Content Explicit,True,Base Content Explicit opt fission,,77,bytes,,,1792314041,2023-11-11T06:55:04,10979343.999999987,94bbd4bd056a20549029ecbc07c9a4b5da968789,1330673
autoland,4663319,4,bf38f69fee000115871578b15786525e82952421,windows11-64-2009-shippable-qr,,True,,,102210fe594ee9b33d82058545b1ed14f4c8206e,,Base Content Explicit,True,Base Content Explicit opt fission,,77,bytes,,,1792329352,2023-11-11T08:27:10,10991631.999999998,29fb30143955ee92cd789fd467326c47f82f7968,1330680
autoland,4663319,4,bf38f69fee000115871578b15786525e82952421,windows11-64-2009-shippable-qr,,True,,,102210fe594ee9b33d82058545b1ed14f4c8206e,,Base Content Explicit,True,Base Content Explicit opt fission,,77,bytes,,,1792472992,2023-11-11T12:34:55,11053071.999999994,81243364a707b159122b0c5ee8e682567162117c,1330712
autoland,4663319,4,bf38f69fee000115871578b15786525e82952421,windows11-64-2009-shippable-qr,,True,,,102210fe594ee9b33d82058545b1ed14f4c8206e,,Base Content Explicit,True,Base Content Explicit opt fission,,77,bytes,,,1792718504,2023-11-11T23:06:06,10907663.999999993,3c8320ef59532128e1a7589968f497f0efcabbaf,1330750
autoland,4663319,4,bf38f69fee000115871578b15786525e82952421,windows11-64-2009-shippable-qr,,True,,,102210fe594ee9b33d82058545b1ed14f4c8206e,,Base Content Explicit,True,Base Content Explicit opt fission,,77,bytes,,,1792787599,2023-11-12T05:45:19,11008015.999999985,43bee97ffb8cfcea7412fb86386ea2cb2a1b9b49,1330766
autoland,4663319,4,bf38f69fee000115871578b15786525e82952421,windows11-64-2009-shippable-qr,,True,,,102210fe594ee9b33d82058545b1ed14f4c8206e,,Base Content Explicit,True,Base Content Explicit opt fission,,77,bytes,,,1793076280,2023-11-13T00:59:12,10997775.999999998,211dc86c8f534a950af69434fa996976b566a6a0,1330865
autoland,4663319,4,bf38f69fee000115871578b15786525e82952421,windows11-64-2009-shippable-qr,,True,,,102210fe594ee9b33d82058545b1ed14f4c8206e,,Base Content Explicit,True,Base Content Explicit opt fission,,77,bytes,,,1793174575,2023-11-13T10:08:58,11048976.000000011,25308a5c7e551cda7c3cfd77836eff8610462eae,1330949
autoland,4663319,4,bf38f69fee000115871578b15786525e82952421,windows11-64-2009-shippable-qr,,True,,,102210fe594ee9b33d82058545b1ed14f4c8206e,,Base Content Explicit,True,Base Content Explicit opt fission,,77,bytes,,,1793372184,2023-11-13T14:09:58,10975247.999999996,54d191b31d03235c75592d07a8c538749933a18f,1331049
autoland,4663319,4,bf38f69fee000115871578b15786525e82952421,windows11-64-2009-shippable-qr,,True,,,102210fe594ee9b33d82058545b1ed14f4c8206e,,Base Content Explicit,True,Base Content Explicit opt fission,,77,bytes,,,1793359753,2023-11-13T15:01:04,10960912.000000017,70f361f21a24a6e9fc53cb014e28172d360fa851,1331086
autoland,4663319,4,bf38f69fee000115871578b15786525e82952421,windows11-64-2009-shippable-qr,,True,,,102210fe594ee9b33d82058545b1ed14f4c8206e,,Base Content Explicit,True,Base Content Explicit opt fission,,77,bytes,,,1793530553,2023-11-13T18:41:52,11055119.999999993,9850dc0fc0707517b3a304d673f219842e499cac,1331218
autoland,4663319,4,bf38f69fee000115871578b15786525e82952421,windows11-64-2009-shippable-qr,,True,,,102210fe594ee9b33d82058545b1ed14f4c8206e,,Base Content Explicit,True,Base Content Explicit opt fission,,77,bytes,,,1793662720,2023-11-13T22:35:59,10956815.999999996,9d523f46c7d8642d6601894c5166ddcd17b6388a,1331378
autoland,4663319,4,bf38f69fee000115871578b15786525e82952421,windows11-64-2009-shippable-qr,,True,,,102210fe594ee9b33d82058545b1ed14f4c8206e,,Base Content Explicit,True,Base Content Explicit opt fission,,77,bytes,,,1793758281,2023-11-14T03:20:13,11016207.999999981,2628fd55e661366941f56769829687c53da4669b,1331480
autoland,4663319,4,bf38f69fee000115871578b15786525e82952421,windows11-64-2009-shippable-qr,,True,,,102210fe594ee9b33d82058545b1ed14f4c8206e,,Base Content Explicit,True,Base Content Explicit opt fission,,77,bytes,,,1793865507,2023-11-14T06:06:45,10971152.0,acdcddac0b907d2e59d6d0fa1f96fff98453093a,1331509
autoland,4663319,4,bf38f69fee000115871578b15786525e82952421,windows11-64-2009-shippable-qr,,True,,,102210fe594ee9b33d82058545b1ed14f4c8206e,,Base Content Explicit,True,Base Content Explicit opt fission,,77,bytes,,,1796920307,2023-11-14T08:31:24,10938383.999999987,1a89f1897f63b225b954c47bc3f75da1f600f6dd,1331553
autoland,4663319,4,bf38f69fee000115871578b15786525e82952421,windows11-64-2009-shippable-qr,,True,,,102210fe594ee9b33d82058545b1ed14f4c8206e,,Base Content Explicit,True,Base Content Explicit opt fission,,77,bytes,,,1796925871,2023-11-14T08:31:24,11014159.999999993,1a89f1897f63b225b954c47bc3f75da1f600f6dd,1331553
autoland,4663319,4,bf38f69fee000115871578b15786525e82952421,windows11-64-2009-shippable-qr,,True,,,102210fe594ee9b33d82058545b1ed14f4c8206e,,Base Content Explicit,True,Base Content Explicit opt fission,,77,bytes,,,1796921759,2023-11-14T09:11:33,10899472.00000001,4267cbd5b7f51082667154391eb655f84fa1acc6,1331574
autoland,4663319,4,bf38f69fee000115871578b15786525e82952421,windows11-64-2009-shippable-qr,,True,,,102210fe594ee9b33d82058545b1ed14f4c8206e,,Base Content Explicit,True,Base Content Explicit opt fission,,77,bytes,,,1796926041,2023-11-14T09:11:33,11001871.999999996,4267cbd5b7f51082667154391eb655f84fa1acc6,1331574
autoland,4663319,4,bf38f69fee000115871578b15786525e82952421,windows11-64-2009-shippable-qr,,True,,,102210fe594ee9b33d82058545b1ed14f4c8206e,,Base Content Explicit,True,Base Content Explicit opt fission,,77,bytes,,,1796927306,2023-11-14T09:26:32,10960912.000000017,4ff808cdba05527fc407dce4cdc420605116bdb6,1331588
autoland,4663319,4,bf38f69fee000115871578b15786525e82952421,windows11-64-2009-shippable-qr,,True,,,102210fe594ee9b33d82058545b1ed14f4c8206e,,Base Content Explicit,True,Base Content Explicit opt fission,,77,bytes,,,1796922396,2023-11-14T09:35:36,10999823.999999998,b7e3e75ad2942ec73d5a7f3e9f93027ca2d5c239,1331600
autoland,4663319,4,bf38f69fee000115871578b15786525e82952421,windows11-64-2009-shippable-qr,,True,,,102210fe594ee9b33d82058545b1ed14f4c8206e,,Base Content Explicit,True,Base Content Explicit opt fission,,77,bytes,,,1796927012,2023-11-14T09:35:36,10854415.999999987,b7e3e75ad2942ec73d5a7f3e9f93027ca2d5c239,1331600
autoland,4663319,4,bf38f69fee000115871578b15786525e82952421,windows11-64-2009-shippable-qr,,True,,,102210fe594ee9b33d82058545b1ed14f4c8206e,,Base Content Explicit,True,Base Content Explicit opt fission,,77,bytes,,,1796925114,2023-11-14T09:46:55,10864655.999999987,4566fbeec9d3a3afd3856693d0c9c49c2a9cee89,1331608
autoland,4663319,4,bf38f69fee000115871578b15786525e82952421,windows11-64-2009-shippable-qr,,True,,,102210fe594ee9b33d82058545b1ed14f4c8206e,,Base Content Explicit,True,Base Content Explicit opt fission,,77,bytes,,,1796926813,2023-11-14T09:46:55,10807311.99999999,4566fbeec9d3a3afd3856693d0c9c49c2a9cee89,1331608
autoland,4663319,4,bf38f69fee000115871578b15786525e82952421,windows11-64-2009-shippable-qr,,True,,,102210fe594ee9b33d82058545b1ed14f4c8206e,,Base Content Explicit,True,Base Content Explicit opt fission,,77,bytes,,,1796927139,2023-11-14T09:57:36,10975247.999999996,fb194e8aa4c36c00957e08aa54579833995b8b8d,1331621
autoland,4663319,4,bf38f69fee000115871578b15786525e82952421,windows11-64-2009-shippable-qr,,True,,,102210fe594ee9b33d82058545b1ed14f4c8206e,,Base Content Explicit,True,Base Content Explicit opt fission,,77,bytes,,,1796923111,2023-11-14T09:59:29,10876943.999999994,20b290775bbffb8181554b856182fad4551901c4,1331625
autoland,4663319,4,bf38f69fee000115871578b15786525e82952421,windows11-64-2009-shippable-qr,,True,,,102210fe594ee9b33d82058545b1ed14f4c8206e,,Base Content Explicit,True,Base Content Explicit opt fission,,77,bytes,,,1796926613,2023-11-14T09:59:29,11057168.000000004,20b290775bbffb8181554b856182fad4551901c4,1331625
autoland,4663319,4,bf38f69fee000115871578b15786525e82952421,windows11-64-2009-shippable-qr,,True,,,102210fe594ee9b33d82058545b1ed14f4c8206e,,Base Content Explicit,True,Base Content Explicit opt fission,,77,bytes,,,1796927110,2023-11-14T10:03:32,10829840.000000006,0502f393ac6088c77f7fa1ea09bbf46199569782,1331627
autoland,4663319,4,bf38f69fee000115871578b15786525e82952421,windows11-64-2009-shippable-qr,,True,,,102210fe594ee9b33d82058545b1ed14f4c8206e,,Base Content Explicit,True,Base Content Explicit opt fission,,77,bytes,,,1793970883,2023-11-14T10:20:51,10909711.99999999,30015f974939708bc9899a81bd335c0e85b51783,1331636
autoland,4663319,4,bf38f69fee000115871578b15786525e82952421,windows11-64-2009-shippable-qr,,True,,,102210fe594ee9b33d82058545b1ed14f4c8206e,,Base Content Explicit,True,Base Content Explicit opt fission,,77,bytes,,,1796925859,2023-11-14T10:20:51,10864655.999999987,30015f974939708bc9899a81bd335c0e85b51783,1331636
autoland,4663319,4,bf38f69fee000115871578b15786525e82952421,windows11-64-2009-shippable-qr,,True,,,102210fe594ee9b33d82058545b1ed14f4c8206e,,Base Content Explicit,True,Base Content Explicit opt fission,,77,bytes,,,1796927209,2023-11-14T10:20:51,10979343.999999987,30015f974939708bc9899a81bd335c0e85b51783,1331636
autoland,4663319,4,bf38f69fee000115871578b15786525e82952421,windows11-64-2009-shippable-qr,,True,,,102210fe594ee9b33d82058545b1ed14f4c8206e,,Base Content Explicit,True,Base Content Explicit opt fission,,77,bytes,,,1794084863,2023-11-14T15:09:42,10567696.000000013,cb79861638fa94cb8c4df5b5e303dc4bd22f762c,1331752
autoland,4663319,4,bf38f69fee000115871578b15786525e82952421,windows11-64-2009-shippable-qr,,True,,,102210fe594ee9b33d82058545b1ed14f4c8206e,,Base Content Explicit,True,Base Content Explicit opt fission,,77,bytes,,,1794080483,2023-11-14T15:18:46,10422287.999999998,1d700517893b09ca1438b9111ea148a71e7398ae,1331762
autoland,4663319,4,bf38f69fee000115871578b15786525e82952421,windows11-64-2009-shippable-qr,,True,,,102210fe594ee9b33d82058545b1ed14f4c8206e,,Base Content Explicit,True,Base Content Explicit opt fission,,77,bytes,,,1794218549,2023-11-14T18:32:45,10479631.999999987,cee24679e2a2e085bdefdbd66106fa1a805db56d,1331906
autoland,4663319,4,bf38f69fee000115871578b15786525e82952421,windows11-64-2009-shippable-qr,,True,,,102210fe594ee9b33d82058545b1ed14f4c8206e,,Base Content Explicit,True,Base Content Explicit opt fission,,77,bytes,,,1794219407,2023-11-14T18:32:45,10418192.000000013,cee24679e2a2e085bdefdbd66106fa1a805db56d,1331906
autoland,4663319,4,bf38f69fee000115871578b15786525e82952421,windows11-64-2009-shippable-qr,,True,,,102210fe594ee9b33d82058545b1ed14f4c8206e,,Base Content Explicit,True,Base Content Explicit opt fission,,77,bytes,,,1794342375,2023-11-14T20:17:49,10366992.00000001,45f7ef4749636f24bbab519e5d4e3851950ccacc,1331971
autoland,4663319,4,bf38f69fee000115871578b15786525e82952421,windows11-64-2009-shippable-qr,,True,,,102210fe594ee9b33d82058545b1ed14f4c8206e,,Base Content Explicit,True,Base Content Explicit opt fission,,77,bytes,,,1794493789,2023-11-15T01:57:11,10571791.999999993,0083ca2f4709e599083520545d538d1ee1b8356d,1332132
autoland,4663319,4,bf38f69fee000115871578b15786525e82952421,windows11-64-2009-shippable-qr,,True,,,102210fe594ee9b33d82058545b1ed14f4c8206e,,Base Content Explicit,True,Base Content Explicit opt fission,,77,bytes,,,1794524124,2023-11-15T03:02:01,10596368.000000004,d9f2158d4d442a658bb2029948eeebd438457667,1332148
autoland,4663319,4,bf38f69fee000115871578b15786525e82952421,windows11-64-2009-shippable-qr,,True,,,102210fe594ee9b33d82058545b1ed14f4c8206e,,Base Content Explicit,True,Base Content Explicit opt fission,,77,bytes,,,1794524478,2023-11-15T03:02:01,10530831.999999983,d9f2158d4d442a658bb2029948eeebd438457667,1332148
autoland,4663319,4,bf38f69fee000115871578b15786525e82952421,windows11-64-2009-shippable-qr,,True,,,102210fe594ee9b33d82058545b1ed14f4c8206e,,Base Content Explicit,True,Base Content Explicit opt fission,,77,bytes,,,1794608203,2023-11-15T07:02:46,10526736.000000017,d12a09b7c773efc37f5d0e37cc52339e25f07b6c,1332195
autoland,4663319,4,bf38f69fee000115871578b15786525e82952421,windows11-64-2009-shippable-qr,,True,,,102210fe594ee9b33d82058545b1ed14f4c8206e,,Base Content Explicit,True,Base Content Explicit opt fission,,77,bytes,,,1794768000,2023-11-15T12:47:49,10596368.000000004,571c293cedd28db6ac86fd553e2810f40e382e80,1332324
autoland,4663319,4,bf38f69fee000115871578b15786525e82952421,windows11-64-2009-shippable-qr,,True,,,102210fe594ee9b33d82058545b1ed14f4c8206e,,Base Content Explicit,True,Base Content Explicit opt fission,,77,bytes,,,1794825885,2023-11-15T15:33:52,10426384.0,58fc056d56521455bb36e7bd4fcce81222093c75,1332438
autoland,4663319,4,bf38f69fee000115871578b15786525e82952421,windows11-64-2009-shippable-qr,,True,,,102210fe594ee9b33d82058545b1ed14f4c8206e,,Base Content Explicit,True,Base Content Explicit opt fission,,77,bytes,,,1794842091,2023-11-15T16:43:35,10481679.999999983,a70ee84d8943b9a1eaaf0fb3a0df60a1595f5782,1332515
autoland,4663319,4,bf38f69fee000115871578b15786525e82952421,windows11-64-2009-shippable-qr,,True,,,102210fe594ee9b33d82058545b1ed14f4c8206e,,Base Content Explicit,True,Base Content Explicit opt fission,,77,bytes,,,1795113230,2023-11-15T23:08:22,10549264.000000002,eb78feb610e5d895bd63b81693cde56dd08d82df,1332792
autoland,4663319,4,bf38f69fee000115871578b15786525e82952421,windows11-64-2009-shippable-qr,,True,,,102210fe594ee9b33d82058545b1ed14f4c8206e,,Base Content Explicit,True,Base Content Explicit opt fission,,77,bytes,,,1795239996,2023-11-16T09:33:00,10360847.999999996,ffd7ebdedeacec6717a3e8904121052ebbe61fe6,1332997
autoland,4663319,4,bf38f69fee000115871578b15786525e82952421,windows11-64-2009-shippable-qr,,True,,,102210fe594ee9b33d82058545b1ed14f4c8206e,,Base Content Explicit,True,Base Content Explicit opt fission,,77,bytes,,,1795360745,2023-11-16T13:34:03,10438672.000000007,71ef91d3bf98c6475cfe762c0152d5b31588182c,1333089
autoland,4663319,4,bf38f69fee000115871578b15786525e82952421,windows11-64-2009-shippable-qr,,True,,,102210fe594ee9b33d82058545b1ed14f4c8206e,,Base Content Explicit,True,Base Content Explicit opt fission,,77,bytes,,,1795449326,2023-11-16T15:30:11,10508304.000000004,5dba86b1842a5256c2845d69a7cebd605267d535,1333183
autoland,4663319,4,bf38f69fee000115871578b15786525e82952421,windows11-64-2009-shippable-qr,,True,,,102210fe594ee9b33d82058545b1ed14f4c8206e,,Base Content Explicit,True,Base Content Explicit opt fission,,77,bytes,,,1795538595,2023-11-16T20:27:49,10469392.000000002,53b2405c0e70ae3283dbbba0d568665110f0db23,1333335
autoland,4663319,4,bf38f69fee000115871578b15786525e82952421,windows11-64-2009-shippable-qr,,True,,,102210fe594ee9b33d82058545b1ed14f4c8206e,,Base Content Explicit,True,Base Content Explicit opt fission,,77,bytes,,,1795615258,2023-11-16T23:04:46,10590224.0,3b45d04f6865b297c8b2548a2c24424c5e9467e9,1333418
autoland,4663319,4,bf38f69fee000115871578b15786525e82952421,windows11-64-2009-shippable-qr,,True,,,102210fe594ee9b33d82058545b1ed14f4c8206e,,Base Content Explicit,True,Base Content Explicit opt fission,,77,bytes,,,1795780972,2023-11-17T06:40:14,10502159.999999993,8a71397fb808df79e78f3023bf95b46f7cc2d2a4,1333538
autoland,4663319,4,bf38f69fee000115871578b15786525e82952421,windows11-64-2009-shippable-qr,,True,,,102210fe594ee9b33d82058545b1ed14f4c8206e,,Base Content Explicit,True,Base Content Explicit opt fission,,77,bytes,,,1795912201,2023-11-17T10:54:07,10461200.000000015,ff5810792fa57d1b0a1076b4c90b3a83ac0242ca,1333644
autoland,4663319,4,bf38f69fee000115871578b15786525e82952421,windows11-64-2009-shippable-qr,,True,,,102210fe594ee9b33d82058545b1ed14f4c8206e,,Base Content Explicit,True,Base Content Explicit opt fission,,77,bytes,,,1796077898,2023-11-17T15:35:00,10504208.000000006,f3b46286b5bad609725e65f541d6609a1bafcbce,1333770
autoland,4663319,4,bf38f69fee000115871578b15786525e82952421,windows11-64-2009-shippable-qr,,True,,,102210fe594ee9b33d82058545b1ed14f4c8206e,,Base Content Explicit,True,Base Content Explicit opt fission,,77,bytes,,,1796213820,2023-11-17T21:05:40,10426384.0,b3bec7a68bb8ccbb4c637b64bec4dc0c806fecb3,1334007
autoland,4663319,4,bf38f69fee000115871578b15786525e82952421,windows11-64-2009-shippable-qr,,True,,,102210fe594ee9b33d82058545b1ed14f4c8206e,,Base Content Explicit,True,Base Content Explicit opt fission,,77,bytes,,,1796274796,2023-11-18T01:23:43,10571791.999999993,391181d97b6bb5b53fe8a1186c8a1a85971812de,1334085
autoland,4663319,4,bf38f69fee000115871578b15786525e82952421,windows11-64-2009-shippable-qr,,True,,,102210fe594ee9b33d82058545b1ed14f4c8206e,,Base Content Explicit,True,Base Content Explicit opt fission,,77,bytes,,,1796439397,2023-11-18T14:15:26,10491919.999999998,2cf1b902ea75e1237bbd69eaf02c889bc2924d10,1334153
autoland,4663319,4,bf38f69fee000115871578b15786525e82952421,windows11-64-2009-shippable-qr,,True,,,102210fe594ee9b33d82058545b1ed14f4c8206e,,Base Content Explicit,True,Base Content Explicit opt fission,,77,bytes,,,1796559086,2023-11-19T06:03:16,10489872.000000015,98917be406eeca58f61d8aeaf62aa4cae5be2137,1334239
autoland,4663319,4,bf38f69fee000115871578b15786525e82952421,windows11-64-2009-shippable-qr,,True,,,102210fe594ee9b33d82058545b1ed14f4c8206e,,Base Content Explicit,True,Base Content Explicit opt fission,,77,bytes,,,1796634255,2023-11-19T11:10:53,10395663.999999998,b403bb5b1c833d29961882402a090cf08f44c190,1334278
autoland,4663319,4,bf38f69fee000115871578b15786525e82952421,windows11-64-2009-shippable-qr,,True,,,102210fe594ee9b33d82058545b1ed14f4c8206e,,Base Content Explicit,True,Base Content Explicit opt fission,,77,bytes,,,1796688856,2023-11-19T15:28:11,10377231.999999989,1044018d08bd15166ae94a05bf5299b0701f4109,1334290
autoland,4663319,4,bf38f69fee000115871578b15786525e82952421,windows11-64-2009-shippable-qr,,True,,,102210fe594ee9b33d82058545b1ed14f4c8206e,,Base Content Explicit,True,Base Content Explicit opt fission,,77,bytes,,,1797001125,2023-11-20T09:30:46,10528783.999999989,86da25fdbc81a93ed888df6b8a9f7cc128fb9b5b,1334455
autoland,4663319,4,bf38f69fee000115871578b15786525e82952421,windows11-64-2009-shippable-qr,,True,,,102210fe594ee9b33d82058545b1ed14f4c8206e,,Base Content Explicit,True,Base Content Explicit opt fission,,77,bytes,,,1797105013,2023-11-20T12:44:46,10422287.999999998,de35cb5de97565935b503eade2990b5c385c7293,1334619
autoland,4663319,4,bf38f69fee000115871578b15786525e82952421,windows11-64-2009-shippable-qr,,True,,,102210fe594ee9b33d82058545b1ed14f4c8206e,,Base Content Explicit,True,Base Content Explicit opt fission,,77,bytes,,,1797238719,2023-11-20T16:13:55,10469392.000000002,f78453d754386d0000dae39e031b91b0d0c4b07f,1334757
autoland,4663319,4,bf38f69fee000115871578b15786525e82952421,windows11-64-2009-shippable-qr,,True,,,102210fe594ee9b33d82058545b1ed14f4c8206e,,Base Content Explicit,True,Base Content Explicit opt fission,,77,bytes,,,1797310808,2023-11-20T18:08:54,10582032.000000017,a2089603188c4136890163ddd71b1d4e60e1c396,1334868
autoland,4663319,4,bf38f69fee000115871578b15786525e82952421,windows11-64-2009-shippable-qr,,True,,,102210fe594ee9b33d82058545b1ed14f4c8206e,,Base Content Explicit,True,Base Content Explicit opt fission,,77,bytes,,,1797598993,2023-11-20T23:09:27,10391567.999999981,7b567ceeead73f84de62ab77b4b6c87450b347fa,1335119
autoland,4663319,4,bf38f69fee000115871578b15786525e82952421,windows11-64-2009-shippable-qr,,True,,,102210fe594ee9b33d82058545b1ed14f4c8206e,,Base Content Explicit,True,Base Content Explicit opt fission,,77,bytes,,,1797652623,2023-11-21T01:49:39,10493968.000000017,b9fe9a49496aa38ca77c335f20236610ef01a582,1335206
autoland,4663319,4,bf38f69fee000115871578b15786525e82952421,windows11-64-2009-shippable-qr,,True,,,102210fe594ee9b33d82058545b1ed14f4c8206e,,Base Content Explicit,True,Base Content Explicit opt fission,,77,bytes,,,1797789537,2023-11-21T08:38:33,10530831.999999983,fddad0a59b2d028b2147493bf9ba8cc953d9e3eb,1335289
autoland,4663319,4,bf38f69fee000115871578b15786525e82952421,windows11-64-2009-shippable-qr,,True,,,102210fe594ee9b33d82058545b1ed14f4c8206e,,Base Content Explicit,True,Base Content Explicit opt fission,,77,bytes,,,1797922842,2023-11-21T12:15:20,10453007.999999998,1ff1d467cb8d49467127613245f448026cd7df9e,1335466
autoland,4663319,4,bf38f69fee000115871578b15786525e82952421,windows11-64-2009-shippable-qr,,True,,,102210fe594ee9b33d82058545b1ed14f4c8206e,,Base Content Explicit,True,Base Content Explicit opt fission,,77,bytes,,,1798098841,2023-11-21T17:01:46,10369040.000000007,cbc5eb28277f8e6d60fede93a822ede9eb7f01a5,1335682
autoland,4663319,4,bf38f69fee000115871578b15786525e82952421,windows11-64-2009-shippable-qr,,True,,,102210fe594ee9b33d82058545b1ed14f4c8206e,,Base Content Explicit,True,Base Content Explicit opt fission,,77,bytes,,,1800285894,2023-11-21T17:01:46,10450960.000000019,cbc5eb28277f8e6d60fede93a822ede9eb7f01a5,1335682
autoland,4663319,4,bf38f69fee000115871578b15786525e82952421,windows11-64-2009-shippable-qr,,True,,,102210fe594ee9b33d82058545b1ed14f4c8206e,,Base Content Explicit,True,Base Content Explicit opt fission,,77,bytes,,,1800285321,2023-11-21T17:03:38,10567696.000000013,78dd7453daf0537c6ba3087a580d8187a2d2b444,1335684
autoland,4663319,4,bf38f69fee000115871578b15786525e82952421,windows11-64-2009-shippable-qr,,True,,,102210fe594ee9b33d82058545b1ed14f4c8206e,,Base Content Explicit,True,Base Content Explicit opt fission,,77,bytes,,,1800285907,2023-11-21T17:15:11,10545168.000000006,238d07f2df955a10d01dd4e6197356c768bf6ba0,1335696
autoland,4663319,4,bf38f69fee000115871578b15786525e82952421,windows11-64-2009-shippable-qr,,True,,,102210fe594ee9b33d82058545b1ed14f4c8206e,,Base Content Explicit,True,Base Content Explicit opt fission,,77,bytes,,,1800285312,2023-11-21T17:32:05,10444816.00000001,9069ce37de4f47b565e96964e96ae2e23d60addc,1335713
autoland,4663319,4,bf38f69fee000115871578b15786525e82952421,windows11-64-2009-shippable-qr,,True,,,102210fe594ee9b33d82058545b1ed14f4c8206e,,Base Content Explicit,True,Base Content Explicit opt fission,,77,bytes,,,1800285382,2023-11-21T17:38:58,10479631.999999987,d27ef75e0ce79e95de2b5537aaa029105abed598,1335716
autoland,4663319,4,bf38f69fee000115871578b15786525e82952421,windows11-64-2009-shippable-qr,,True,,,102210fe594ee9b33d82058545b1ed14f4c8206e,,Base Content Explicit,True,Base Content Explicit opt fission,,77,bytes,,,1800285354,2023-11-21T17:46:59,10592271.999999983,33c8d7952470319b178f638b262860195ad55937,1335722
autoland,4663319,4,bf38f69fee000115871578b15786525e82952421,windows11-64-2009-shippable-qr,,True,,,102210fe594ee9b33d82058545b1ed14f4c8206e,,Base Content Explicit,True,Base Content Explicit opt fission,,77,bytes,,,1800285365,2023-11-21T17:52:20,10461200.000000015,f551e765557471ef14dbc27b4b31954cebfe40a1,1335727
autoland,4663319,4,bf38f69fee000115871578b15786525e82952421,windows11-64-2009-shippable-qr,,True,,,102210fe594ee9b33d82058545b1ed14f4c8206e,,Base Content Explicit,True,Base Content Explicit opt fission,,77,bytes,,,1800286244,2023-11-21T17:53:17,10549264.000000002,80bbf6ac99e6403e4c8910d5adf8d1554a71e446,1335728
autoland,4663319,4,bf38f69fee000115871578b15786525e82952421,windows11-64-2009-shippable-qr,,True,,,102210fe594ee9b33d82058545b1ed14f4c8206e,,Base Content Explicit,True,Base Content Explicit opt fission,,77,bytes,,,1800286280,2023-11-21T17:58:36,10446863.999999993,d4424163a8bf6ad9a8756e524a3574ae7a7feb42,1335732
autoland,4663319,4,bf38f69fee000115871578b15786525e82952421,windows11-64-2009-shippable-qr,,True,,,102210fe594ee9b33d82058545b1ed14f4c8206e,,Base Content Explicit,True,Base Content Explicit opt fission,,77,bytes,,,1800286214,2023-11-21T18:03:56,10651664.000000017,a3c698fda337a0affa5d46cbe1ff018550b62c4c,1335737
autoland,4663319,4,bf38f69fee000115871578b15786525e82952421,windows11-64-2009-shippable-qr,,True,,,102210fe594ee9b33d82058545b1ed14f4c8206e,,Base Content Explicit,True,Base Content Explicit opt fission,,77,bytes,,,1800285993,2023-11-21T18:19:25,10547215.999999994,13f07117425fbac3a2c76964a7553f2434073b27,1335754
autoland,4663319,4,bf38f69fee000115871578b15786525e82952421,windows11-64-2009-shippable-qr,,True,,,102210fe594ee9b33d82058545b1ed14f4c8206e,,Base Content Explicit,True,Base Content Explicit opt fission,,77,bytes,,,1800286012,2023-11-21T18:20:27,10543120.000000019,3df03c7436cf6c25488eab7244c740b35f72f40e,1335756
autoland,4663319,4,bf38f69fee000115871578b15786525e82952421,windows11-64-2009-shippable-qr,,True,,,102210fe594ee9b33d82058545b1ed14f4c8206e,,Base Content Explicit,True,Base Content Explicit opt fission,,77,bytes,,,1800286195,2023-11-21T18:43:41,10430480.000000017,677a1b08631cda387b7e1d2769027308e90448d0,1335774
autoland,4663319,4,bf38f69fee000115871578b15786525e82952421,windows11-64-2009-shippable-qr,,True,,,102210fe594ee9b33d82058545b1ed14f4c8206e,,Base Content Explicit,True,Base Content Explicit opt fission,,77,bytes,,,1800286086,2023-11-21T18:45:50,10563599.999999983,6d2982d16908a46a3dc282f46469d894752ef3d9,1335778
autoland,4663319,4,bf38f69fee000115871578b15786525e82952421,windows11-64-2009-shippable-qr,,True,,,102210fe594ee9b33d82058545b1ed14f4c8206e,,Base Content Explicit,True,Base Content Explicit opt fission,,77,bytes,,,1800286096,2023-11-21T19:06:16,10430480.000000017,bd5abec7eabc10c326addf7a64d4c69f5b5f831c,1335794
autoland,4663319,4,bf38f69fee000115871578b15786525e82952421,windows11-64-2009-shippable-qr,,True,,,102210fe594ee9b33d82058545b1ed14f4c8206e,,Base Content Explicit,True,Base Content Explicit opt fission,,77,bytes,,,1800286317,2023-11-21T19:10:08,10582032.000000017,4fbc2295716fd526b2fcc8de2789d7bfc0389b72,1335800
autoland,4663319,4,bf38f69fee000115871578b15786525e82952421,windows11-64-2009-shippable-qr,,True,,,102210fe594ee9b33d82058545b1ed14f4c8206e,,Base Content Explicit,True,Base Content Explicit opt fission,,77,bytes,,,1800285840,2023-11-21T19:29:38,10430480.000000017,6e046b6edfea4d8378dd77d32d0958d622e0b577,1335821
autoland,4663319,4,bf38f69fee000115871578b15786525e82952421,windows11-64-2009-shippable-qr,,True,,,102210fe594ee9b33d82058545b1ed14f4c8206e,,Base Content Explicit,True,Base Content Explicit opt fission,,77,bytes,,,1800286002,2023-11-21T19:50:05,10457103.999999987,564abe4d105da171a949cb7329c49c8822174544,1335841
autoland,4663319,4,bf38f69fee000115871578b15786525e82952421,windows11-64-2009-shippable-qr,,True,,,102210fe594ee9b33d82058545b1ed14f4c8206e,,Base Content Explicit,True,Base Content Explicit opt fission,,77,bytes,,,1800285528,2023-11-21T19:51:07,10489872.000000015,8b92137bf5c7efb21bf7461a2a161146f2e2a38c,1335842
autoland,4663319,4,bf38f69fee000115871578b15786525e82952421,windows11-64-2009-shippable-qr,,True,,,102210fe594ee9b33d82058545b1ed14f4c8206e,,Base Content Explicit,True,Base Content Explicit opt fission,,77,bytes,,,1798284224,2023-11-21T21:47:24,10541071.999999996,62f686461927825493253d0f82a43804b3eddf71,1335911
autoland,4663319,4,bf38f69fee000115871578b15786525e82952421,windows11-64-2009-shippable-qr,,True,,,102210fe594ee9b33d82058545b1ed14f4c8206e,,Base Content Explicit,True,Base Content Explicit opt fission,,77,bytes,,,1798319827,2023-11-21T21:50:11,10596368.000000004,ef0b50d89a7f6107932087c2c1adc2f6fd9ab06a,1335914
autoland,4663319,4,bf38f69fee000115871578b15786525e82952421,windows11-64-2009-shippable-qr,,True,,,102210fe594ee9b33d82058545b1ed14f4c8206e,,Base Content Explicit,True,Base Content Explicit opt fission,,77,bytes,,,1798362075,2023-11-22T01:56:32,10539023.999999996,7dc6122ebd68b46a9d4320c40c86f20c2b78984a,1336017
autoland,4663319,4,bf38f69fee000115871578b15786525e82952421,windows11-64-2009-shippable-qr,,True,,,102210fe594ee9b33d82058545b1ed14f4c8206e,,Base Content Explicit,True,Base Content Explicit opt fission,,77,bytes,,,1798436126,2023-11-22T05:59:37,10434576.000000015,ed20a8b98a8f2d8593dbbbd9b5df993e3e91433f,1336060
autoland,4663319,4,bf38f69fee000115871578b15786525e82952421,windows11-64-2009-shippable-qr,,True,,,102210fe594ee9b33d82058545b1ed14f4c8206e,,Base Content Explicit,True,Base Content Explicit opt fission,,77,bytes,,,1798473994,2023-11-22T07:16:13,10520591.999999993,0222787eb3244ffb2e62210f697d039bdef46036,1336076
autoland,4663319,4,bf38f69fee000115871578b15786525e82952421,windows11-64-2009-shippable-qr,,True,,,102210fe594ee9b33d82058545b1ed14f4c8206e,,Base Content Explicit,True,Base Content Explicit opt fission,,77,bytes,,,1798783473,2023-11-22T13:00:34,10520591.999999993,b90083f581e182455cf23aaacb125b728b3ccb32,1336296
autoland,4663319,4,bf38f69fee000115871578b15786525e82952421,windows11-64-2009-shippable-qr,,True,,,102210fe594ee9b33d82058545b1ed14f4c8206e,,Base Content Explicit,True,Base Content Explicit opt fission,,77,bytes,,,1799015708,2023-11-22T19:14:54,10631183.999999987,bcdbc1e5d9a7c0fea2fcdc91ab0eebe908b34ece,1336555
autoland,4663319,4,bf38f69fee000115871578b15786525e82952421,windows11-64-2009-shippable-qr,,True,,,102210fe594ee9b33d82058545b1ed14f4c8206e,,Base Content Explicit,True,Base Content Explicit opt fission,,77,bytes,,,1799143099,2023-11-22T23:02:09,10461200.000000015,3122924cd341ff55738fd6a06d4bd708010c15e4,1336681
autoland,4663319,4,bf38f69fee000115871578b15786525e82952421,windows11-64-2009-shippable-qr,,True,,,102210fe594ee9b33d82058545b1ed14f4c8206e,,Base Content Explicit,True,Base Content Explicit opt fission,,77,bytes,,,1799369274,2023-11-23T04:10:29,10561551.999999994,8366d9b1b0ca63aa3b706dd53ce23f052221c11b,1336756
autoland,4663319,4,bf38f69fee000115871578b15786525e82952421,windows11-64-2009-shippable-qr,,True,,,102210fe594ee9b33d82058545b1ed14f4c8206e,,Base Content Explicit,True,Base Content Explicit opt fission,,77,bytes,,,1799501335,2023-11-23T08:19:48,10430480.000000017,023a5c518562ad97c805915ae5addfcad59d1223,1336795
autoland,4663319,4,bf38f69fee000115871578b15786525e82952421,windows11-64-2009-shippable-qr,,True,,,102210fe594ee9b33d82058545b1ed14f4c8206e,,Base Content Explicit,True,Base Content Explicit opt fission,,77,bytes,,,1799557647,2023-11-23T10:10:14,10530831.999999983,7392664630b156e348b2a77aef6fdd70004c9b47,1336839
autoland,4663319,4,bf38f69fee000115871578b15786525e82952421,windows11-64-2009-shippable-qr,,True,,,102210fe594ee9b33d82058545b1ed14f4c8206e,,Base Content Explicit,True,Base Content Explicit opt fission,,77,bytes,,,1799802001,2023-11-23T15:57:23,10651664.000000017,872aa271adfdb73a79c09de279f0001bf419850c,1337066
autoland,4663319,4,bf38f69fee000115871578b15786525e82952421,windows11-64-2009-shippable-qr,,True,,,102210fe594ee9b33d82058545b1ed14f4c8206e,,Base Content Explicit,True,Base Content Explicit opt fission,,77,bytes,,,1799957606,2023-11-23T19:58:47,10545168.000000006,180501fca2278e97c30e09ab097da1cb514f5ca1,1337231
autoland,4663319,4,bf38f69fee000115871578b15786525e82952421,windows11-64-2009-shippable-qr,,True,,,102210fe594ee9b33d82058545b1ed14f4c8206e,,Base Content Explicit,True,Base Content Explicit opt fission,,77,bytes,,,1800027499,2023-11-23T23:50:52,10469392.000000002,29d489a7e05adef3300e076dd1c46d14928ddf24,1337321
autoland,4663319,4,bf38f69fee000115871578b15786525e82952421,windows11-64-2009-shippable-qr,,True,,,102210fe594ee9b33d82058545b1ed14f4c8206e,,Base Content Explicit,True,Base Content Explicit opt fission,,77,bytes,,,1800208199,2023-11-24T05:36:58,10459152.000000006,dbd1a6aef0a74dc60875a4904d9eddb5ca9afbb7,1337356
autoland,4663319,4,bf38f69fee000115871578b15786525e82952421,windows11-64-2009-shippable-qr,,True,,,102210fe594ee9b33d82058545b1ed14f4c8206e,,Base Content Explicit,True,Base Content Explicit opt fission,,77,bytes,,,1800308771,2023-11-24T09:28:03,10516496.000000015,8bec1f302a76929843c944e27b75ddcbf1f21954,1337436
autoland,4663319,4,bf38f69fee000115871578b15786525e82952421,windows11-64-2009-shippable-qr,,True,,,102210fe594ee9b33d82058545b1ed14f4c8206e,,Base Content Explicit,True,Base Content Explicit opt fission,,77,bytes,,,1800482154,2023-11-24T13:31:32,10407951.999999993,1e01aa4b558aff87267a6384c318e6963b66a0d8,1337559
autoland,4663319,4,bf38f69fee000115871578b15786525e82952421,windows11-64-2009-shippable-qr,,True,,,102210fe594ee9b33d82058545b1ed14f4c8206e,,Base Content Explicit,True,Base Content Explicit opt fission,,77,bytes,,,1800479243,2023-11-24T14:07:25,10625039.999999998,6354cfb105a6c9a46216d5c8ea95ee463892366e,1337582
autoland,4663319,4,bf38f69fee000115871578b15786525e82952421,windows11-64-2009-shippable-qr,,True,,,102210fe594ee9b33d82058545b1ed14f4c8206e,,Base Content Explicit,True,Base Content Explicit opt fission,,77,bytes,,,1800647632,2023-11-24T21:54:25,10545168.000000006,8875acba4f482b90d60501b953fb4530b361bd8f,1337760
autoland,4663319,4,bf38f69fee000115871578b15786525e82952421,windows11-64-2009-shippable-qr,,True,,,102210fe594ee9b33d82058545b1ed14f4c8206e,,Base Content Explicit,True,Base Content Explicit opt fission,,77,bytes,,,1800805414,2023-11-25T09:26:54,10557456.000000007,860c52f225fa7410ed4a4bf3bd0eb0846483e08d,1337840
autoland,4663319,4,bf38f69fee000115871578b15786525e82952421,windows11-64-2009-shippable-qr,,True,,,102210fe594ee9b33d82058545b1ed14f4c8206e,,Base Content Explicit,True,Base Content Explicit opt fission,,77,bytes,,,1800885632,2023-11-25T14:41:03,10530831.999999983,2ff68fa9f49916065f4ebb7a74c0940bf425f396,1337869
autoland,4663319,4,bf38f69fee000115871578b15786525e82952421,windows11-64-2009-shippable-qr,,True,,,102210fe594ee9b33d82058545b1ed14f4c8206e,,Base Content Explicit,True,Base Content Explicit opt fission,,77,bytes,,,1801008503,2023-11-26T15:57:31,10528783.999999989,0cd5e7d76f8ac3e26423c36c9d06f91a310dab45,1337946
autoland,4663319,4,bf38f69fee000115871578b15786525e82952421,windows11-64-2009-shippable-qr,,True,,,102210fe594ee9b33d82058545b1ed14f4c8206e,,Base Content Explicit,True,Base Content Explicit opt fission,,77,bytes,,,1801028961,2023-11-26T18:39:37,10559504.000000017,ffaaa99c517223770b014031e25b54d585f95ef2,1337950
autoland,4663319,4,bf38f69fee000115871578b15786525e82952421,windows11-64-2009-shippable-qr,,True,,,102210fe594ee9b33d82058545b1ed14f4c8206e,,Base Content Explicit,True,Base Content Explicit opt fission,,77,bytes,,,1801184838,2023-11-27T01:49:37,10436623.999999998,edf9292c0bc9c671afa4de12648c16622e9d418c,1337984
autoland,4663319,4,bf38f69fee000115871578b15786525e82952421,windows11-64-2009-shippable-qr,,True,,,102210fe594ee9b33d82058545b1ed14f4c8206e,,Base Content Explicit,True,Base Content Explicit opt fission,,77,bytes,,,1801330514,2023-11-27T10:22:36,10491919.999999998,c1a92ff5b44e8a296b847ed428ebeec04f7f8f72,1338085
autoland,4663319,4,bf38f69fee000115871578b15786525e82952421,windows11-64-2009-shippable-qr,,True,,,102210fe594ee9b33d82058545b1ed14f4c8206e,,Base Content Explicit,True,Base Content Explicit opt fission,,77,bytes,,,1801330893,2023-11-27T10:22:36,10606607.999999985,c1a92ff5b44e8a296b847ed428ebeec04f7f8f72,1338085
autoland,4663319,4,bf38f69fee000115871578b15786525e82952421,windows11-64-2009-shippable-qr,,True,,,102210fe594ee9b33d82058545b1ed14f4c8206e,,Base Content Explicit,True,Base Content Explicit opt fission,,77,bytes,,,1801420186,2023-11-27T14:05:43,10424335.999999983,9ca2bcf6799b1a5f71d2d58db26f6b6c16a90427,1338215
autoland,4663319,4,bf38f69fee000115871578b15786525e82952421,windows11-64-2009-shippable-qr,,True,,,102210fe594ee9b33d82058545b1ed14f4c8206e,,Base Content Explicit,True,Base Content Explicit opt fission,,77,bytes,,,1801556979,2023-11-27T17:34:20,10594320.00000001,6aa54d6d7cbf1a46e62c6765c489a940322b6bca,1338399
autoland,4663319,4,bf38f69fee000115871578b15786525e82952421,windows11-64-2009-shippable-qr,,True,,,102210fe594ee9b33d82058545b1ed14f4c8206e,,Base Content Explicit,True,Base Content Explicit opt fission,,77,bytes,,,1801636940,2023-11-27T20:49:55,10557456.000000007,5be201dbf09fac369541142298547108c80b52dd,1338533
autoland,4663319,4,bf38f69fee000115871578b15786525e82952421,windows11-64-2009-shippable-qr,,True,,,102210fe594ee9b33d82058545b1ed14f4c8206e,,Base Content Explicit,True,Base Content Explicit opt fission,,77,bytes,,,1801986576,2023-11-28T08:42:21,10520591.999999993,785b3d438fe5a8cba4caf5f4a2ed7250d324096c,1338855
autoland,4663319,4,bf38f69fee000115871578b15786525e82952421,windows11-64-2009-shippable-qr,,True,,,102210fe594ee9b33d82058545b1ed14f4c8206e,,Base Content Explicit,True,Base Content Explicit opt fission,,77,bytes,,,1802121582,2023-11-28T13:17:34,10438672.000000007,1957c4453ab1dfba8b7820dbf2fe772220e6eedc,1339007
autoland,4663319,4,bf38f69fee000115871578b15786525e82952421,windows11-64-2009-shippable-qr,,True,,,102210fe594ee9b33d82058545b1ed14f4c8206e,,Base Content Explicit,True,Base Content Explicit opt fission,,77,bytes,,,1802149758,2023-11-28T14:12:32,10520591.999999993,0745c3e29ba3856c91cbae74bd41d2135137bfd0,1339043
autoland,4663319,4,bf38f69fee000115871578b15786525e82952421,windows11-64-2009-shippable-qr,,True,,,102210fe594ee9b33d82058545b1ed14f4c8206e,,Base Content Explicit,True,Base Content Explicit opt fission,,77,bytes,,,1802298023,2023-11-28T17:36:07,10547215.999999994,691b7e1a899214d8685841da762bd2b2415fa569,1339183
autoland,4663319,4,bf38f69fee000115871578b15786525e82952421,windows11-64-2009-shippable-qr,,True,,,102210fe594ee9b33d82058545b1ed14f4c8206e,,Base Content Explicit,True,Base Content Explicit opt fission,,77,bytes,,,1802452579,2023-11-28T21:29:24,10522639.999999985,000fea3a9ed37b16c009c76e8af859a50c9234dc,1339366
autoland,4663319,4,bf38f69fee000115871578b15786525e82952421,windows11-64-2009-shippable-qr,,True,,,102210fe594ee9b33d82058545b1ed14f4c8206e,,Base Content Explicit,True,Base Content Explicit opt fission,,77,bytes,,,1802558319,2023-11-29T01:28:26,10604560.000000004,a162f6ee0eef32a68c73ddb77aa04efda3afeb7c,1339520
autoland,4663319,4,bf38f69fee000115871578b15786525e82952421,windows11-64-2009-shippable-qr,,True,,,102210fe594ee9b33d82058545b1ed14f4c8206e,,Base Content Explicit,True,Base Content Explicit opt fission,,77,bytes,,,1802714977,2023-11-29T06:56:45,10678288.00000001,b675f0a9e569a63bedb249150a2be6b3e15197f9,1339623
autoland,4663319,4,bf38f69fee000115871578b15786525e82952421,windows11-64-2009-shippable-qr,,True,,,102210fe594ee9b33d82058545b1ed14f4c8206e,,Base Content Explicit,True,Base Content Explicit opt fission,,77,bytes,,,1804485975,2023-11-29T08:43:37,10602511.999999993,666ea29342c48c8fb50fa09bd5241bcce98ee3db,1339655
autoland,4663319,4,bf38f69fee000115871578b15786525e82952421,windows11-64-2009-shippable-qr,,True,,,102210fe594ee9b33d82058545b1ed14f4c8206e,,Base Content Explicit,True,Base Content Explicit opt fission,,77,bytes,,,1804486011,2023-11-29T08:50:49,10549264.000000002,2503d38a81452cec7d0ab94555fd6d0361ddc17c,1339657
autoland,4663319,4,bf38f69fee000115871578b15786525e82952421,windows11-64-2009-shippable-qr,,True,,,102210fe594ee9b33d82058545b1ed14f4c8206e,,Base Content Explicit,True,Base Content Explicit opt fission,,77,bytes,,,1802782967,2023-11-29T09:02:39,10493968.000000017,66c2fb78dfe25ce9af21d0e1dd82f62dbb5da53f,1339662
autoland,4663319,4,bf38f69fee000115871578b15786525e82952421,windows11-64-2009-shippable-qr,,True,,,102210fe594ee9b33d82058545b1ed14f4c8206e,,Base Content Explicit,True,Base Content Explicit opt fission,,77,bytes,,,1804485936,2023-11-29T09:02:39,10614799.999999981,66c2fb78dfe25ce9af21d0e1dd82f62dbb5da53f,1339662
autoland,4663319,4,bf38f69fee000115871578b15786525e82952421,windows11-64-2009-shippable-qr,,True,,,102210fe594ee9b33d82058545b1ed14f4c8206e,,Base Content Explicit,True,Base Content Explicit opt fission,,77,bytes,,,1804582778,2023-11-29T09:05:09,10514448.000000007,e5d22339af4400147dc36cc9bd677ff75040c05c,1339666
autoland,4663319,4,bf38f69fee000115871578b15786525e82952421,windows11-64-2009-shippable-qr,,True,,,102210fe594ee9b33d82058545b1ed14f4c8206e,,Base Content Explicit,True,Base Content Explicit opt fission,,77,bytes,,,1804541793,2023-11-29T09:09:33,10573839.99999999,822c2fb2576982cc59adc379e784674e3588f5c4,1339668
autoland,4663319,4,bf38f69fee000115871578b15786525e82952421,windows11-64-2009-shippable-qr,,True,,,102210fe594ee9b33d82058545b1ed14f4c8206e,,Base Content Explicit,True,Base Content Explicit opt fission,,77,bytes,,,1804552155,2023-11-29T09:12:03,10469392.000000002,5b6f71a5f4667a191baeca993668ccf9f37400e8,1339670
autoland,4663319,4,bf38f69fee000115871578b15786525e82952421,windows11-64-2009-shippable-qr,,True,,,102210fe594ee9b33d82058545b1ed14f4c8206e,,Base Content Explicit,True,Base Content Explicit opt fission,,77,bytes,,,1804551522,2023-11-29T09:31:18,10526736.000000017,267971ce0551e0c25b62d7fea7a87dee6da60e71,1339677
autoland,4663319,4,bf38f69fee000115871578b15786525e82952421,windows11-64-2009-shippable-qr,,True,,,102210fe594ee9b33d82058545b1ed14f4c8206e,,Base Content Explicit,True,Base Content Explicit opt fission,,77,bytes,,,1804549477,2023-11-29T09:54:53,10440719.999999987,f7027684c14d1538831a03f672c962a9658136c4,1339681
autoland,4663319,4,bf38f69fee000115871578b15786525e82952421,windows11-64-2009-shippable-qr,,True,,,102210fe594ee9b33d82058545b1ed14f4c8206e,,Base Content Explicit,True,Base Content Explicit opt fission,,77,bytes,,,1804550756,2023-11-29T10:03:19,10399759.99999999,31cf2cbea5939b2dc1639d5e011baee375fbf5f0,1339687
autoland,4663319,4,bf38f69fee000115871578b15786525e82952421,windows11-64-2009-shippable-qr,,True,,,102210fe594ee9b33d82058545b1ed14f4c8206e,,Base Content Explicit,True,Base Content Explicit opt fission,,77,bytes,,,1804544593,2023-11-29T10:07:35,10506255.999999998,8d9b81d05e2869476e1b7589484d03e6e5be4d1f,1339692
autoland,4663319,4,bf38f69fee000115871578b15786525e82952421,windows11-64-2009-shippable-qr,,True,,,102210fe594ee9b33d82058545b1ed14f4c8206e,,Base Content Explicit,True,Base Content Explicit opt fission,,77,bytes,,,1804551658,2023-11-29T10:13:30,10549264.000000002,8fcd7cbf3c2c96c6b2b6bbedac3456e2ee76a312,1339698
autoland,4663319,4,bf38f69fee000115871578b15786525e82952421,windows11-64-2009-shippable-qr,,True,,,102210fe594ee9b33d82058545b1ed14f4c8206e,,Base Content Explicit,True,Base Content Explicit opt fission,,77,bytes,,,1804549391,2023-11-29T10:28:29,10536976.000000007,3137eeaa916e79a07a4ec2b262cd8e1bb08a7e66,1339701
autoland,4663319,4,bf38f69fee000115871578b15786525e82952421,windows11-64-2009-shippable-qr,,True,,,102210fe594ee9b33d82058545b1ed14f4c8206e,,Base Content Explicit,True,Base Content Explicit opt fission,,77,bytes,,,1804527762,2023-11-29T11:52:30,10543120.000000019,7cab7eb61b23e5915c2907759cb7c408bca4741d,1339734
autoland,4663319,4,bf38f69fee000115871578b15786525e82952421,windows11-64-2009-shippable-qr,,True,,,102210fe594ee9b33d82058545b1ed14f4c8206e,,Base Content Explicit,True,Base Content Explicit opt fission,,77,bytes,,,1804550606,2023-11-29T12:09:05,10381328.0,abf55b97dbba64fe6b487cc34e93948a9d5c4c97,1339739
autoland,4663319,4,bf38f69fee000115871578b15786525e82952421,windows11-64-2009-shippable-qr,,True,,,102210fe594ee9b33d82058545b1ed14f4c8206e,,Base Content Explicit,True,Base Content Explicit opt fission,,77,bytes,,,1804550643,2023-11-29T12:11:05,10526736.000000017,1035a42c6a86393419461fd90d38c7fa183b92f3,1339742
autoland,4663319,4,bf38f69fee000115871578b15786525e82952421,windows11-64-2009-shippable-qr,,True,,,102210fe594ee9b33d82058545b1ed14f4c8206e,,Base Content Explicit,True,Base Content Explicit opt fission,,77,bytes,,,1804543068,2023-11-29T12:13:59,10473487.999999983,8db785f4c328ea8f7f387584a7113061eabcc4fd,1339746
autoland,4663319,4,bf38f69fee000115871578b15786525e82952421,windows11-64-2009-shippable-qr,,True,,,102210fe594ee9b33d82058545b1ed14f4c8206e,,Base Content Explicit,True,Base Content Explicit opt fission,,77,bytes,,,1804595116,2023-11-29T12:15:00,10590224.0,1dcc9b5526c21fb2c7cc5ff2e5aaebdaf3a0648c,1339748
autoland,4663319,4,bf38f69fee000115871578b15786525e82952421,windows11-64-2009-shippable-qr,,True,,,102210fe594ee9b33d82058545b1ed14f4c8206e,,Base Content Explicit,True,Base Content Explicit opt fission,,77,bytes,,,1804485947,2023-11-29T12:42:05,10493968.000000017,7da4e153ac9d47374444a802166e85d9d071e1f6,1339761
autoland,4663319,4,bf38f69fee000115871578b15786525e82952421,windows11-64-2009-shippable-qr,,True,,,102210fe594ee9b33d82058545b1ed14f4c8206e,,Base Content Explicit,True,Base Content Explicit opt fission,,77,bytes,,,1804552673,2023-11-29T12:58:51,10594320.00000001,7c0d9c4b9c04dcf4edc47959cb351e0698433bf1,1339772
autoland,4663319,4,bf38f69fee000115871578b15786525e82952421,windows11-64-2009-shippable-qr,,True,,,102210fe594ee9b33d82058545b1ed14f4c8206e,,Base Content Explicit,True,Base Content Explicit opt fission,,77,bytes,,,1802940270,2023-11-29T13:11:23,10489872.000000015,be2b109ddbb7f38c98c25b3c79c036f6f06f81fb,1339776
autoland,4663319,4,bf38f69fee000115871578b15786525e82952421,windows11-64-2009-shippable-qr,,True,,,102210fe594ee9b33d82058545b1ed14f4c8206e,,Base Content Explicit,True,Base Content Explicit opt fission,,77,bytes,,,1803073799,2023-11-29T17:15:33,10530831.999999983,0008fcc93b9b4a6aa22e3abf1888be08024320e9,1339929
autoland,4663319,4,bf38f69fee000115871578b15786525e82952421,windows11-64-2009-shippable-qr,,True,,,102210fe594ee9b33d82058545b1ed14f4c8206e,,Base Content Explicit,True,Base Content Explicit opt fission,,77,bytes,,,1803251338,2023-11-29T22:52:27,10559504.000000017,65a0553b296ae1432e5d18c3d2d607cacbb0a35e,1340166
autoland,4663319,4,bf38f69fee000115871578b15786525e82952421,windows11-64-2009-shippable-qr,,True,,,102210fe594ee9b33d82058545b1ed14f4c8206e,,Base Content Explicit,True,Base Content Explicit opt fission,,77,bytes,,,1803271546,2023-11-29T22:59:56,10395663.999999998,4bbe309179a5869e893e8f9ed2b110ef00ccec95,1340178
autoland,4663319,4,bf38f69fee000115871578b15786525e82952421,windows11-64-2009-shippable-qr,,True,,,102210fe594ee9b33d82058545b1ed14f4c8206e,,Base Content Explicit,True,Base Content Explicit opt fission,,77,bytes,,,1803393553,2023-11-30T04:33:01,10457103.999999987,556c8b22cbbbcc165c42b2c52ebdfd01be3cee6b,1340302
autoland,4663319,4,bf38f69fee000115871578b15786525e82952421,windows11-64-2009-shippable-qr,,True,,,102210fe594ee9b33d82058545b1ed14f4c8206e,,Base Content Explicit,True,Base Content Explicit opt fission,,77,bytes,,,1803538360,2023-11-30T08:51:25,10553360.000000015,43fc350794aaccc50748bce9b965590d842ef9ac,1340399
autoland,4663319,4,bf38f69fee000115871578b15786525e82952421,windows11-64-2009-shippable-qr,,True,,,102210fe594ee9b33d82058545b1ed14f4c8206e,,Base Content Explicit,True,Base Content Explicit opt fission,,77,bytes,,,1803521584,2023-11-30T08:52:22,10491919.999999998,b33dd40c7ea956e89c10d4e8a54f9e869a431b64,1340400
autoland,4663319,4,bf38f69fee000115871578b15786525e82952421,windows11-64-2009-shippable-qr,,True,,,102210fe594ee9b33d82058545b1ed14f4c8206e,,Base Content Explicit,True,Base Content Explicit opt fission,,77,bytes,,,1803655182,2023-11-30T13:07:37,10598415.999999989,120432262a8cb73f69c8d683b4ddec3a037cbd91,1340520
autoland,4663319,4,bf38f69fee000115871578b15786525e82952421,windows11-64-2009-shippable-qr,,True,,,102210fe594ee9b33d82058545b1ed14f4c8206e,,Base Content Explicit,True,Base Content Explicit opt fission,,77,bytes,,,1803695532,2023-11-30T13:51:04,10450960.000000019,1d1fb9d5a4974d94e8c317f226c962fd351eae27,1340541
autoland,4663319,4,bf38f69fee000115871578b15786525e82952421,windows11-64-2009-shippable-qr,,True,,,102210fe594ee9b33d82058545b1ed14f4c8206e,,Base Content Explicit,True,Base Content Explicit opt fission,,77,bytes,,,1803802776,2023-11-30T17:04:12,10670096.0,3ec1ddf45e5a6562bd1d81fe4144541880bf3a24,1340716
autoland,4663319,4,bf38f69fee000115871578b15786525e82952421,windows11-64-2009-shippable-qr,,True,,,102210fe594ee9b33d82058545b1ed14f4c8206e,,Base Content Explicit,True,Base Content Explicit opt fission,,77,bytes,,,1803923815,2023-11-30T20:20:14,10426384.0,620e49ab6438e8c933133e9b4eb7a11188514a70,1340881
autoland,4663319,4,bf38f69fee000115871578b15786525e82952421,windows11-64-2009-shippable-qr,,True,,,102210fe594ee9b33d82058545b1ed14f4c8206e,,Base Content Explicit,True,Base Content Explicit opt fission,,77,bytes,,,1804013448,2023-11-30T22:54:04,10510352.000000002,68378d2409bc693ef00f3f157ecaea7067df7edc,1340995
autoland,4663319,4,bf38f69fee000115871578b15786525e82952421,windows11-64-2009-shippable-qr,,True,,,102210fe594ee9b33d82058545b1ed14f4c8206e,,Base Content Explicit,True,Base Content Explicit opt fission,,77,bytes,,,1804224291,2023-12-01T07:13:54,10467343.999999983,81869d55a8d7b3d1d573810ab4e99f63cbe11a8a,1341156
autoland,4663319,4,bf38f69fee000115871578b15786525e82952421,windows11-64-2009-shippable-qr,,True,,,102210fe594ee9b33d82058545b1ed14f4c8206e,,Base Content Explicit,True,Base Content Explicit opt fission,,77,bytes,,,1804347182,2023-12-01T11:47:02,10539023.999999996,7440634a33a31738fc145eeac0bb47bc73fc64a0,1341285
autoland,4663319,4,bf38f69fee000115871578b15786525e82952421,windows11-64-2009-shippable-qr,,True,,,102210fe594ee9b33d82058545b1ed14f4c8206e,,Base Content Explicit,True,Base Content Explicit opt fission,,77,bytes,,,1804415609,2023-12-01T14:17:01,10387472.00000001,22b9561cfef1c56a9940f5117d7ff6a754861629,1341402
autoland,4663319,4,bf38f69fee000115871578b15786525e82952421,windows11-64-2009-shippable-qr,,True,,,102210fe594ee9b33d82058545b1ed14f4c8206e,,Base Content Explicit,True,Base Content Explicit opt fission,,77,bytes,,,1804501054,2023-12-01T17:28:20,10598415.999999989,efe09552a4d3540f0639e50d023f74997921fa37,1341534
autoland,4663319,4,bf38f69fee000115871578b15786525e82952421,windows11-64-2009-shippable-qr,,True,,,102210fe594ee9b33d82058545b1ed14f4c8206e,,Base Content Explicit,True,Base Content Explicit opt fission,,77,bytes,,,1804631059,2023-12-01T20:34:55,10479631.999999987,a5a9381a759e44485d639727614ceb2b77851c90,1341661
autoland,4663319,4,bf38f69fee000115871578b15786525e82952421,windows11-64-2009-shippable-qr,,True,,,102210fe594ee9b33d82058545b1ed14f4c8206e,,Base Content Explicit,True,Base Content Explicit opt fission,,77,bytes,,,1804724080,2023-12-02T01:52:53,10584079.999999993,bf4c1083cec10076ccbf07f2cfc3e18b04d0bf72,1341816
autoland,4663319,4,bf38f69fee000115871578b15786525e82952421,windows11-64-2009-shippable-qr,,True,,,102210fe594ee9b33d82058545b1ed14f4c8206e,,Base Content Explicit,True,Base Content Explicit opt fission,,77,bytes,,,1804863034,2023-12-02T08:10:23,10563599.999999983,965cddb8421900af69da86a586e617bf7dec3b56,1341832
autoland,4663319,4,bf38f69fee000115871578b15786525e82952421,windows11-64-2009-shippable-qr,,True,,,102210fe594ee9b33d82058545b1ed14f4c8206e,,Base Content Explicit,True,Base Content Explicit opt fission,,77,bytes,,,1804945311,2023-12-02T14:39:28,10526736.000000017,2d582fee4916ee442de05970cc77f7be702c22a2,1341863
autoland,4663319,4,bf38f69fee000115871578b15786525e82952421,windows11-64-2009-shippable-qr,,True,,,102210fe594ee9b33d82058545b1ed14f4c8206e,,Base Content Explicit,True,Base Content Explicit opt fission,,77,bytes,,,1805021320,2023-12-02T18:55:31,10555408.000000011,d5a2cb7b9272b5c9cdfe4a0397c570ce5f9260bf,1341891
autoland,4663319,4,bf38f69fee000115871578b15786525e82952421,windows11-64-2009-shippable-qr,,True,,,102210fe594ee9b33d82058545b1ed14f4c8206e,,Base Content Explicit,True,Base Content Explicit opt fission,,77,bytes,,,1805110908,2023-12-03T05:05:07,10631119.999999998,8e959a7ded5f111e711c06a6728f76d3bd660699,1341942
autoland,4663319,4,bf38f69fee000115871578b15786525e82952421,windows11-64-2009-shippable-qr,,True,,,102210fe594ee9b33d82058545b1ed14f4c8206e,,Base Content Explicit,True,Base Content Explicit opt fission,,77,bytes,,,1805224562,2023-12-03T10:45:57,10502159.999999993,5d84c395021682cc2af1bf5da98c205cfbc32f76,1341997
autoland,4663319,4,bf38f69fee000115871578b15786525e82952421,windows11-64-2009-shippable-qr,,True,,,102210fe594ee9b33d82058545b1ed14f4c8206e,,Base Content Explicit,True,Base Content Explicit opt fission,,77,bytes,,,1805242153,2023-12-03T12:21:22,10416144.000000007,3445cc3f842050a3cdfc4da74ce254df933f7e7b,1342011
autoland,4663319,4,bf38f69fee000115871578b15786525e82952421,windows11-64-2009-shippable-qr,,True,,,102210fe594ee9b33d82058545b1ed14f4c8206e,,Base Content Explicit,True,Base Content Explicit opt fission,,77,bytes,,,1805294138,2023-12-03T18:05:44,10532880.000000006,8038f0b90bbd46dcb74eaaddf1fd1c6871dc4426,1342033
autoland,4663319,4,bf38f69fee000115871578b15786525e82952421,windows11-64-2009-shippable-qr,,True,,,102210fe594ee9b33d82058545b1ed14f4c8206e,,Base Content Explicit,True,Base Content Explicit opt fission,,77,bytes,,,1805660594,2023-12-04T11:05:28,10481679.999999983,223106736a61f5cc112b0cc9d38ab1f63e034f89,1342238
autoland,4663319,4,bf38f69fee000115871578b15786525e82952421,windows11-64-2009-shippable-qr,,True,,,102210fe594ee9b33d82058545b1ed14f4c8206e,,Base Content Explicit,True,Base Content Explicit opt fission,,77,bytes,,,1805659679,2023-12-04T11:06:23,10496016.000000002,20b709d0fa5633c408dd900f830b09af96c0465d,1342240
autoland,4663319,4,bf38f69fee000115871578b15786525e82952421,windows11-64-2009-shippable-qr,,True,,,102210fe594ee9b33d82058545b1ed14f4c8206e,,Base Content Explicit,True,Base Content Explicit opt fission,,77,bytes,,,1805928469,2023-12-04T19:05:48,10473487.999999983,72ca57fdc9feb1e9765ce2cc4f26b6b60135122f,1342587
autoland,4663319,4,bf38f69fee000115871578b15786525e82952421,windows11-64-2009-shippable-qr,,True,,,102210fe594ee9b33d82058545b1ed14f4c8206e,,Base Content Explicit,True,Base Content Explicit opt fission,,77,bytes,,,1806025703,2023-12-04T22:13:56,10416144.000000007,3d0a5f6fd8b4a0537cb85ae502a4be6cafec1c23,1342750
autoland,4663319,4,bf38f69fee000115871578b15786525e82952421,windows11-64-2009-shippable-qr,,True,,,102210fe594ee9b33d82058545b1ed14f4c8206e,,Base Content Explicit,True,Base Content Explicit opt fission,,77,bytes,,,1806148176,2023-12-05T02:36:15,10389519.999999994,39486bb8305a2e3128c6ecd97d33378744922507,1342897
autoland,4663319,4,bf38f69fee000115871578b15786525e82952421,windows11-64-2009-shippable-qr,,True,,,102210fe594ee9b33d82058545b1ed14f4c8206e,,Base Content Explicit,True,Base Content Explicit opt fission,,77,bytes,,,1806169473,2023-12-05T03:50:36,10518544.000000017,775ade8b04da775ad41d5d135baae415863a874c,1342908
autoland,4663319,4,bf38f69fee000115871578b15786525e82952421,windows11-64-2009-shippable-qr,,True,,,102210fe594ee9b33d82058545b1ed14f4c8206e,,Base Content Explicit,True,Base Content Explicit opt fission,,77,bytes,,,1806290787,2023-12-05T08:48:01,10532880.000000006,429e8cc8473b4c76828d06e2f07abbeb9dbebd81,1342965
autoland,4663319,4,bf38f69fee000115871578b15786525e82952421,windows11-64-2009-shippable-qr,,True,,,102210fe594ee9b33d82058545b1ed14f4c8206e,,Base Content Explicit,True,Base Content Explicit opt fission,,77,bytes,,,1806373516,2023-12-05T11:07:31,10614799.999999981,10602eb918edd2ccf85a22fb60b3dc62c845c42a,1343031
autoland,4663319,4,bf38f69fee000115871578b15786525e82952421,windows11-64-2009-shippable-qr,,True,,,102210fe594ee9b33d82058545b1ed14f4c8206e,,Base Content Explicit,True,Base Content Explicit opt fission,,77,bytes,,,1806473653,2023-12-05T15:11:37,10631183.999999987,e603b8b016d76de025bea02bfdc1e0590166c2c0,1343145
autoland,4663319,4,bf38f69fee000115871578b15786525e82952421,windows11-64-2009-shippable-qr,,True,,,102210fe594ee9b33d82058545b1ed14f4c8206e,,Base Content Explicit,True,Base Content Explicit opt fission,,77,bytes,,,1806525415,2023-12-05T16:28:46,10448912.00000001,91bda8b5915b84ed6533a6620f955f271dc5aac3,1343203
autoland,4663319,4,bf38f69fee000115871578b15786525e82952421,windows11-64-2009-shippable-qr,,True,,,102210fe594ee9b33d82058545b1ed14f4c8206e,,Base Content Explicit,True,Base Content Explicit opt fission,,77,bytes,,,1806711771,2023-12-05T20:37:35,10592271.999999983,f778448a1da5f0622c4361d37810461a035f4627,1343409
autoland,4663319,4,bf38f69fee000115871578b15786525e82952421,windows11-64-2009-shippable-qr,,True,,,102210fe594ee9b33d82058545b1ed14f4c8206e,,Base Content Explicit,True,Base Content Explicit opt fission,,77,bytes,,,1806761911,2023-12-05T21:38:52,10606607.999999985,177375e24d1352ab203de0ac3aa53003c5d0ffd2,1343440
autoland,4663319,4,bf38f69fee000115871578b15786525e82952421,windows11-64-2009-shippable-qr,,True,,,102210fe594ee9b33d82058545b1ed14f4c8206e,,Base Content Explicit,True,Base Content Explicit opt fission,,77,bytes,,,1806895464,2023-12-06T02:13:38,10577936.00000001,30004166d9f2cc3399da68e8762c35b1b886c0dc,1343563
autoland,4663319,4,bf38f69fee000115871578b15786525e82952421,windows11-64-2009-shippable-qr,,True,,,102210fe594ee9b33d82058545b1ed14f4c8206e,,Base Content Explicit,True,Base Content Explicit opt fission,,77,bytes,,,1807020955,2023-12-06T09:09:58,10412047.999999989,63afa0f8febdc8b199d998d50bb76fc8f7945c3e,1343650
autoland,4663319,4,bf38f69fee000115871578b15786525e82952421,windows11-64-2009-shippable-qr,,True,,,102210fe594ee9b33d82058545b1ed14f4c8206e,,Base Content Explicit,True,Base Content Explicit opt fission,,77,bytes,,,1807118649,2023-12-06T13:42:54,10547215.999999994,52f516546de7ac66228e074000877d32ebf093af,1343745
autoland,4663319,4,bf38f69fee000115871578b15786525e82952421,windows11-64-2009-shippable-qr,,True,,,102210fe594ee9b33d82058545b1ed14f4c8206e,,Base Content Explicit,True,Base Content Explicit opt fission,,77,bytes,,,1807129898,2023-12-06T14:11:26,10575887.999999998,a035ddfc75fc597cd1df3c347d2cbbc50568f884,1343771
autoland,4663319,4,bf38f69fee000115871578b15786525e82952421,windows11-64-2009-shippable-qr,,True,,,102210fe594ee9b33d82058545b1ed14f4c8206e,,Base Content Explicit,True,Base Content Explicit opt fission,,77,bytes,,,1807292117,2023-12-06T18:17:17,10565648.000000004,ab110e2fcc6ab3c8e078fe970b109f482069386e,1343990
autoland,4663319,4,bf38f69fee000115871578b15786525e82952421,windows11-64-2009-shippable-qr,,True,,,102210fe594ee9b33d82058545b1ed14f4c8206e,,Base Content Explicit,True,Base Content Explicit opt fission,,77,bytes,,,1807410179,2023-12-06T22:50:02,10582032.000000017,f3fc0213f527ba806a10092bbadec34e00dbe4f6,1344189
autoland,4663319,4,bf38f69fee000115871578b15786525e82952421,windows11-64-2009-shippable-qr,,True,,,102210fe594ee9b33d82058545b1ed14f4c8206e,,Base Content Explicit,True,Base Content Explicit opt fission,,77,bytes,,,1807521947,2023-12-07T04:18:34,10461200.000000015,93a04e8835aaaf359b24f47f54d622f7d36fd813,1344290
autoland,4663319,4,bf38f69fee000115871578b15786525e82952421,windows11-64-2009-shippable-qr,,True,,,102210fe594ee9b33d82058545b1ed14f4c8206e,,Base Content Explicit,True,Base Content Explicit opt fission,,77,bytes,,,1807623162,2023-12-07T09:07:30,10459152.000000006,f5d904bee3fe6c9e79061b56c8499b6154f7d3ff,1344349
autoland,4663319,4,bf38f69fee000115871578b15786525e82952421,windows11-64-2009-shippable-qr,,True,,,102210fe594ee9b33d82058545b1ed14f4c8206e,,Base Content Explicit,True,Base Content Explicit opt fission,,77,bytes,,,1807767282,2023-12-07T12:51:56,10514448.000000007,bea12a00706c3b2951d467008996bf7e89d17e5b,1344456
autoland,4663319,4,bf38f69fee000115871578b15786525e82952421,windows11-64-2009-shippable-qr,,True,,,102210fe594ee9b33d82058545b1ed14f4c8206e,,Base Content Explicit,True,Base Content Explicit opt fission,,77,bytes,,,1808063100,2023-12-07T21:41:48,10414095.999999983,797281d7e3b5fdd5f6a033248fec7bd885227546,1344786
autoland,4663319,4,bf38f69fee000115871578b15786525e82952421,windows11-64-2009-shippable-qr,,True,,,102210fe594ee9b33d82058545b1ed14f4c8206e,,Base Content Explicit,True,Base Content Explicit opt fission,,77,bytes,,,1808135415,2023-12-07T22:56:27,10489872.000000015,c34126c5e2a85c81e511c7c4017e7f2694ddce13,1344823
autoland,4663319,4,bf38f69fee000115871578b15786525e82952421,windows11-64-2009-shippable-qr,,True,,,102210fe594ee9b33d82058545b1ed14f4c8206e,,Base Content Explicit,True,Base Content Explicit opt fission,,77,bytes,,,1808339365,2023-12-08T04:49:01,10612751.999999998,3152110c63b5c99048b0651867ecf7723aa5ddf8,1344948
autoland,4663319,4,bf38f69fee000115871578b15786525e82952421,windows11-64-2009-shippable-qr,,True,,,102210fe594ee9b33d82058545b1ed14f4c8206e,,Base Content Explicit,True,Base Content Explicit opt fission,,77,bytes,,,1808504616,2023-12-08T09:01:47,10450960.000000019,ff785fa504232b935c33c7d8c38a1cdc2f8d2d35,1345044
autoland,4663319,4,bf38f69fee000115871578b15786525e82952421,windows11-64-2009-shippable-qr,,True,,,102210fe594ee9b33d82058545b1ed14f4c8206e,,Base Content Explicit,True,Base Content Explicit opt fission,,77,bytes,,,1808732620,2023-12-08T14:53:30,10606607.999999985,84f194823b719420c22157f7e540e660397a17f2,1345173
autoland,4663319,4,bf38f69fee000115871578b15786525e82952421,windows11-64-2009-shippable-qr,,True,,,102210fe594ee9b33d82058545b1ed14f4c8206e,,Base Content Explicit,True,Base Content Explicit opt fission,,77,bytes,,,1808882438,2023-12-08T20:09:00,10426384.0,6f5601bcf5ef9fa22b46e44e1d5e34893a04fc9e,1345337
autoland,4663319,4,bf38f69fee000115871578b15786525e82952421,windows11-64-2009-shippable-qr,,True,,,102210fe594ee9b33d82058545b1ed14f4c8206e,,Base Content Explicit,True,Base Content Explicit opt fission,,77,bytes,,,1809010352,2023-12-09T00:35:37,10485775.999999996,5e7ca7b9c60d764540bfc20b243ffaa67dfbfaa9,1345495
autoland,4663319,4,bf38f69fee000115871578b15786525e82952421,windows11-64-2009-shippable-qr,,True,,,102210fe594ee9b33d82058545b1ed14f4c8206e,,Base Content Explicit,True,Base Content Explicit opt fission,,77,bytes,,,1809016210,2023-12-09T00:36:34,10582032.000000017,9536c8afccb6fe6adb81c34e04ad22608a1cc454,1345496
autoland,4663319,4,bf38f69fee000115871578b15786525e82952421,windows11-64-2009-shippable-qr,,True,,,102210fe594ee9b33d82058545b1ed14f4c8206e,,Base Content Explicit,True,Base Content Explicit opt fission,,77,bytes,,,1809222497,2023-12-09T11:58:04,10547215.999999994,ce53d4215ca91122e12f63ca196acefc22a8d98c,1345582
autoland,4663319,4,bf38f69fee000115871578b15786525e82952421,windows11-64-2009-shippable-qr,,True,,,102210fe594ee9b33d82058545b1ed14f4c8206e,,Base Content Explicit,True,Base Content Explicit opt fission,,77,bytes,,,1809275256,2023-12-09T16:44:21,10379280.000000019,199c3dc51f2dd8c55a3346ac587238e6376b7236,1345611
autoland,4663319,4,bf38f69fee000115871578b15786525e82952421,windows11-64-2009-shippable-qr,,True,,,102210fe594ee9b33d82058545b1ed14f4c8206e,,Base Content Explicit,True,Base Content Explicit opt fission,,77,bytes,,,1809365932,2023-12-10T03:19:38,10518544.000000017,815bf21f166b5019bdab6ec104bc2f4475a7b553,1345657
autoland,4663319,4,bf38f69fee000115871578b15786525e82952421,windows11-64-2009-shippable-qr,,True,,,102210fe594ee9b33d82058545b1ed14f4c8206e,,Base Content Explicit,True,Base Content Explicit opt fission,,77,bytes,,,1809487812,2023-12-11T00:42:11,10401807.999999989,d4ee61633ce965862e2ee27be32e8a58344a7b03,1345765
autoland,4663319,4,bf38f69fee000115871578b15786525e82952421,windows11-64-2009-shippable-qr,,True,,,102210fe594ee9b33d82058545b1ed14f4c8206e,,Base Content Explicit,True,Base Content Explicit opt fission,,77,bytes,,,1809538301,2023-12-11T06:57:03,10516496.000000015,e84648aa607a32b9e4bbd2378f5a7caf9e31264a,1345835
autoland,4663319,4,bf38f69fee000115871578b15786525e82952421,windows11-64-2009-shippable-qr,,True,,,102210fe594ee9b33d82058545b1ed14f4c8206e,,Base Content Explicit,True,Base Content Explicit opt fission,,77,bytes,,,1809575229,2023-12-11T09:13:41,10493968.000000017,25a3d6c779f3ef9a9220e2d972c18f2e5a039cb2,1345868
autoland,4663319,4,bf38f69fee000115871578b15786525e82952421,windows11-64-2009-shippable-qr,,True,,,102210fe594ee9b33d82058545b1ed14f4c8206e,,Base Content Explicit,True,Base Content Explicit opt fission,,77,bytes,,,1809727611,2023-12-11T13:39:55,10420240.000000011,46d1ac4f2e9c8c9c173c430225737701542931bb,1346049
autoland,4663319,4,bf38f69fee000115871578b15786525e82952421,windows11-64-2009-shippable-qr,,True,,,102210fe594ee9b33d82058545b1ed14f4c8206e,,Base Content Explicit,True,Base Content Explicit opt fission,,77,bytes,,,1809797749,2023-12-11T15:49:45,10496016.000000002,fbda7db8e39b50ebf5ed7092f81706bd1d8c91ab,1346158
autoland,4663319,4,bf38f69fee000115871578b15786525e82952421,windows11-64-2009-shippable-qr,,True,,,102210fe594ee9b33d82058545b1ed14f4c8206e,,Base Content Explicit,True,Base Content Explicit opt fission,,77,bytes,,,1809878296,2023-12-11T18:22:43,10524688.000000007,8043d7693dbaf145c601652e0b8947d55f399fd8,1346298
autoland,4663319,4,bf38f69fee000115871578b15786525e82952421,windows11-64-2009-shippable-qr,,True,,,102210fe594ee9b33d82058545b1ed14f4c8206e,,Base Content Explicit,True,Base Content Explicit opt fission,,77,bytes,,,1809944531,2023-12-11T21:32:13,10475535.999999981,c2126b815d283d4d848e431071fa77e023b06eb2,1346462
autoland,4663319,4,bf38f69fee000115871578b15786525e82952421,windows11-64-2009-shippable-qr,,True,,,102210fe594ee9b33d82058545b1ed14f4c8206e,,Base Content Explicit,True,Base Content Explicit opt fission,,77,bytes,,,1810032448,2023-12-12T01:33:17,10541071.999999996,6e08bc24f0ba8814dfda465963c22d139bf6e80b,1346620
autoland,4663319,4,bf38f69fee000115871578b15786525e82952421,windows11-64-2009-shippable-qr,,True,,,102210fe594ee9b33d82058545b1ed14f4c8206e,,Base Content Explicit,True,Base Content Explicit opt fission,,77,bytes,,,1810096676,2023-12-12T04:01:22,10567696.000000013,55cd203304b8d5343dd941d772085dc25fd278c4,1346691
autoland,4663319,4,bf38f69fee000115871578b15786525e82952421,windows11-64-2009-shippable-qr,,True,,,102210fe594ee9b33d82058545b1ed14f4c8206e,,Base Content Explicit,True,Base Content Explicit opt fission,,77,bytes,,,1810238292,2023-12-12T08:08:04,10438672.000000007,64c2a5cd2e5c12acc49f695acaca7fc074be00ef,1346735
autoland,4663319,4,bf38f69fee000115871578b15786525e82952421,windows11-64-2009-shippable-qr,,True,,,102210fe594ee9b33d82058545b1ed14f4c8206e,,Base Content Explicit,True,Base Content Explicit opt fission,,77,bytes,,,1810405091,2023-12-12T13:15:06,10424335.999999983,378226435d1f217637869bc238a2bff9ae584e04,1346892
autoland,4663319,4,bf38f69fee000115871578b15786525e82952421,windows11-64-2009-shippable-qr,,True,,,102210fe594ee9b33d82058545b1ed14f4c8206e,,Base Content Explicit,True,Base Content Explicit opt fission,,77,bytes,,,1810409590,2023-12-12T13:20:17,10541071.999999996,661e5ee3675f09044e67f461631530ae9bc19953,1346894
autoland,4663319,4,bf38f69fee000115871578b15786525e82952421,windows11-64-2009-shippable-qr,,True,,,102210fe594ee9b33d82058545b1ed14f4c8206e,,Base Content Explicit,True,Base Content Explicit opt fission,,77,bytes,,,1810522174,2023-12-12T17:56:51,10500112.000000013,89856dfbbbb09660fd0b56d3d9ba6f60c823c81f,1347131
autoland,4663319,4,bf38f69fee000115871578b15786525e82952421,windows11-64-2009-shippable-qr,,True,,,102210fe594ee9b33d82058545b1ed14f4c8206e,,Base Content Explicit,True,Base Content Explicit opt fission,,77,bytes,,,1810569813,2023-12-12T18:39:48,10502159.999999993,b7336e3f433e4055ba8a7fcb5c2f756e0e9b59ef,1347165
autoland,4663319,4,bf38f69fee000115871578b15786525e82952421,windows11-64-2009-shippable-qr,,True,,,102210fe594ee9b33d82058545b1ed14f4c8206e,,Base Content Explicit,True,Base Content Explicit opt fission,,77,bytes,,,1810628940,2023-12-12T20:06:07,10438672.000000007,7272d706196d83e16ea8366481dce5127407ba4d,1347223
autoland,4663319,4,bf38f69fee000115871578b15786525e82952421,windows11-64-2009-shippable-qr,,True,,,102210fe594ee9b33d82058545b1ed14f4c8206e,,Base Content Explicit,True,Base Content Explicit opt fission,,77,bytes,,,1810743732,2023-12-13T00:40:28,10541071.999999996,f823ab1d9a00b627089b75899e588823b584a9c4,1347426
autoland,4663319,4,bf38f69fee000115871578b15786525e82952421,windows11-64-2009-shippable-qr,,True,,,102210fe594ee9b33d82058545b1ed14f4c8206e,,Base Content Explicit,True,Base Content Explicit opt fission,,77,bytes,,,1810816745,2023-12-13T01:59:28,10473487.999999983,c7169e7d15af250d7b1ffb91c072a4b2309457c1,1347482
autoland,4663319,4,bf38f69fee000115871578b15786525e82952421,windows11-64-2009-shippable-qr,,True,,,102210fe594ee9b33d82058545b1ed14f4c8206e,,Base Content Explicit,True,Base Content Explicit opt fission,,77,bytes,,,1810834839,2023-12-13T03:53:55,10512399.999999987,de73ddb24c16e91d220095612fc21b6636e51f81,1347525
autoland,4663319,4,bf38f69fee000115871578b15786525e82952421,windows11-64-2009-shippable-qr,,True,,,102210fe594ee9b33d82058545b1ed14f4c8206e,,Base Content Explicit,True,Base Content Explicit opt fission,,77,bytes,,,1810901412,2023-12-13T08:08:28,10559504.000000017,de61802013d3eabd67e8f7c4382ab95c650835ba,1347584
autoland,4663319,4,bf38f69fee000115871578b15786525e82952421,windows11-64-2009-shippable-qr,,True,,,102210fe594ee9b33d82058545b1ed14f4c8206e,,Base Content Explicit,True,Base Content Explicit opt fission,,77,bytes,,,1810947807,2023-12-13T10:08:23,10407951.999999993,12f45306a093afef1d1ed86121d9fcd9e8c69e15,1347641
autoland,4663319,4,bf38f69fee000115871578b15786525e82952421,windows11-64-2009-shippable-qr,,True,,,102210fe594ee9b33d82058545b1ed14f4c8206e,,Base Content Explicit,True,Base Content Explicit opt fission,,77,bytes,,,1812520752,2023-12-13T10:33:07,10563599.999999983,17b535ebc5c8b2db544e879fa961955bec559bc5,1347657
autoland,4663319,4,bf38f69fee000115871578b15786525e82952421,windows11-64-2009-shippable-qr,,True,,,102210fe594ee9b33d82058545b1ed14f4c8206e,,Base Content Explicit,True,Base Content Explicit opt fission,,77,bytes,,,1812520698,2023-12-13T10:40:21,10412047.999999989,fa5f08ef566e72f886920db42ce1806a42717fac,1347662
autoland,4663319,4,bf38f69fee000115871578b15786525e82952421,windows11-64-2009-shippable-qr,,True,,,102210fe594ee9b33d82058545b1ed14f4c8206e,,Base Content Explicit,True,Base Content Explicit opt fission,,77,bytes,,,1812521130,2023-12-13T10:41:12,10592271.999999983,39a48b87210514ba2242f735bf57fe65f547de45,1347663
autoland,4663319,4,bf38f69fee000115871578b15786525e82952421,windows11-64-2009-shippable-qr,,True,,,102210fe594ee9b33d82058545b1ed14f4c8206e,,Base Content Explicit,True,Base Content Explicit opt fission,,77,bytes,,,1812519751,2023-12-13T11:06:11,10477584.000000011,c05c1cfa7a78ee41d5a953676d379fa4da64830d,1347683
autoland,4663319,4,bf38f69fee000115871578b15786525e82952421,windows11-64-2009-shippable-qr,,True,,,102210fe594ee9b33d82058545b1ed14f4c8206e,,Base Content Explicit,True,Base Content Explicit opt fission,,77,bytes,,,1812524280,2023-12-13T11:09:43,10469392.000000002,5bfc7845071cc3d5ddff6138aa4eb3e2dddf4a00,1347685
autoland,4663319,4,bf38f69fee000115871578b15786525e82952421,windows11-64-2009-shippable-qr,,True,,,102210fe594ee9b33d82058545b1ed14f4c8206e,,Base Content Explicit,True,Base Content Explicit opt fission,,77,bytes,,,1812520029,2023-12-13T11:24:48,10565648.000000004,4559b50b825533da892a6e5b089a1a9f6dc14b96,1347694
autoland,4663319,4,bf38f69fee000115871578b15786525e82952421,windows11-64-2009-shippable-qr,,True,,,102210fe594ee9b33d82058545b1ed14f4c8206e,,Base Content Explicit,True,Base Content Explicit opt fission,,77,bytes,,,1812520732,2023-12-13T11:29:54,10440719.999999987,d8f7c5cde0c613e63d6ffd6bf563421ba971cd02,1347698
autoland,4663319,4,bf38f69fee000115871578b15786525e82952421,windows11-64-2009-shippable-qr,,True,,,102210fe594ee9b33d82058545b1ed14f4c8206e,,Base Content Explicit,True,Base Content Explicit opt fission,,77,bytes,,,1812520051,2023-12-13T11:37:12,10506255.999999998,8511168942e701bccbd73bc345d0b85448c9deb3,1347699
autoland,4663319,4,bf38f69fee000115871578b15786525e82952421,windows11-64-2009-shippable-qr,,True,,,102210fe594ee9b33d82058545b1ed14f4c8206e,,Base Content Explicit,True,Base Content Explicit opt fission,,77,bytes,,,1812520412,2023-12-13T11:38:40,10483727.999999985,fc00b8e2aaf938ba06bb6de5643f1fb32926c7c4,1347700
autoland,4663319,4,bf38f69fee000115871578b15786525e82952421,windows11-64-2009-shippable-qr,,True,,,102210fe594ee9b33d82058545b1ed14f4c8206e,,Base Content Explicit,True,Base Content Explicit opt fission,,77,bytes,,,1812520138,2023-12-13T11:39:56,10448912.00000001,7af51753aacaeaa3f995d39f959de16afd0d8f1c,1347703
autoland,4663319,4,bf38f69fee000115871578b15786525e82952421,windows11-64-2009-shippable-qr,,True,,,102210fe594ee9b33d82058545b1ed14f4c8206e,,Base Content Explicit,True,Base Content Explicit opt fission,,77,bytes,,,1812520182,2023-12-13T11:56:46,10508304.000000004,86021bfb36c3767a431a670a48505835ae7413cf,1347715
autoland,4663319,4,bf38f69fee000115871578b15786525e82952421,windows11-64-2009-shippable-qr,,True,,,102210fe594ee9b33d82058545b1ed14f4c8206e,,Base Content Explicit,True,Base Content Explicit opt fission,,77,bytes,,,1812520194,2023-12-13T11:58:25,10590224.0,fd1dd6b4ce421a61e2258a1d2712f3193f997c0a,1347716
autoland,4663319,4,bf38f69fee000115871578b15786525e82952421,windows11-64-2009-shippable-qr,,True,,,102210fe594ee9b33d82058545b1ed14f4c8206e,,Base Content Explicit,True,Base Content Explicit opt fission,,77,bytes,,,1812520847,2023-12-13T12:44:18,10489872.000000015,8d118be4c03d317a648ab8742d06231477740bd2,1347728
autoland,4663319,4,bf38f69fee000115871578b15786525e82952421,windows11-64-2009-shippable-qr,,True,,,102210fe594ee9b33d82058545b1ed14f4c8206e,,Base Content Explicit,True,Base Content Explicit opt fission,,77,bytes,,,1812520401,2023-12-13T12:51:32,10555408.000000011,d1d5df6fa9d443c5d974c06a1a1c030cc7e0a0a2,1347734
autoland,4663319,4,bf38f69fee000115871578b15786525e82952421,windows11-64-2009-shippable-qr,,True,,,102210fe594ee9b33d82058545b1ed14f4c8206e,,Base Content Explicit,True,Base Content Explicit opt fission,,77,bytes,,,1812520339,2023-12-13T12:54:01,10516496.000000015,34533b3add99fe26cbd60a7fd8d0c60966e5fd32,1347737
autoland,4663319,4,bf38f69fee000115871578b15786525e82952421,windows11-64-2009-shippable-qr,,True,,,102210fe594ee9b33d82058545b1ed14f4c8206e,,Base Content Explicit,True,Base Content Explicit opt fission,,77,bytes,,,1812520482,2023-12-13T12:56:41,10360847.999999996,89da90df398f5aee595e14748b0241ede2a9fd4d,1347741
autoland,4663319,4,bf38f69fee000115871578b15786525e82952421,windows11-64-2009-shippable-qr,,True,,,102210fe594ee9b33d82058545b1ed14f4c8206e,,Base Content Explicit,True,Base Content Explicit opt fission,,77,bytes,,,1812520493,2023-12-13T13:11:46,10500112.000000013,26b2162d6f087999bab6120de8d0fd317a90ec0a,1347753
autoland,4663319,4,bf38f69fee000115871578b15786525e82952421,windows11-64-2009-shippable-qr,,True,,,102210fe594ee9b33d82058545b1ed14f4c8206e,,Base Content Explicit,True,Base Content Explicit opt fission,,77,bytes,,,1812520962,2023-12-13T13:17:55,10545168.000000006,0dac9f18451fd43a61e6dac132bf59c33bdefb3f,1347756
autoland,4663319,4,bf38f69fee000115871578b15786525e82952421,windows11-64-2009-shippable-qr,,True,,,102210fe594ee9b33d82058545b1ed14f4c8206e,,Base Content Explicit,True,Base Content Explicit opt fission,,77,bytes,,,1812520519,2023-12-13T13:41:07,10412047.999999989,ff819ff7d0bf970a7750e492470c0407656c3bcc,1347762
autoland,4663319,4,bf38f69fee000115871578b15786525e82952421,windows11-64-2009-shippable-qr,,True,,,102210fe594ee9b33d82058545b1ed14f4c8206e,,Base Content Explicit,True,Base Content Explicit opt fission,,77,bytes,,,1811047004,2023-12-13T13:51:07,10438672.000000007,a54a846dda9a20948451fa14e9ebbd3bb19c826c,1347765
autoland,4663319,4,bf38f69fee000115871578b15786525e82952421,windows11-64-2009-shippable-qr,,True,,,102210fe594ee9b33d82058545b1ed14f4c8206e,,Base Content Explicit,True,Base Content Explicit opt fission,,77,bytes,,,1811121803,2023-12-13T17:42:49,10461200.000000015,951b244454e1790b94e5fa8474efc7fb8c990e28,1347961
autoland,4663319,4,bf38f69fee000115871578b15786525e82952421,windows11-64-2009-shippable-qr,,True,,,102210fe594ee9b33d82058545b1ed14f4c8206e,,Base Content Explicit,True,Base Content Explicit opt fission,,77,bytes,,,1811250495,2023-12-13T20:42:40,10377231.999999989,b89dc85aa7e47069b80251ce43d7d66c034a5b88,1348117
autoland,4663319,4,bf38f69fee000115871578b15786525e82952421,windows11-64-2009-shippable-qr,,True,,,102210fe594ee9b33d82058545b1ed14f4c8206e,,Base Content Explicit,True,Base Content Explicit opt fission,,77,bytes,,,1811373852,2023-12-14T01:23:55,10510352.000000002,12888ec6533c4e6ec49c2d7081e67ac660129ab6,1348332
autoland,4663319,4,bf38f69fee000115871578b15786525e82952421,windows11-64-2009-shippable-qr,,True,,,102210fe594ee9b33d82058545b1ed14f4c8206e,,Base Content Explicit,True,Base Content Explicit opt fission,,77,bytes,,,1811475273,2023-12-14T06:57:49,10463248.00000001,3af75f3310fc53f70cba7e6c5a7e7bec2d3381dc,1348404
autoland,4663319,4,bf38f69fee000115871578b15786525e82952421,windows11-64-2009-shippable-qr,,True,,,102210fe594ee9b33d82058545b1ed14f4c8206e,,Base Content Explicit,True,Base Content Explicit opt fission,,77,bytes,,,1811558989,2023-12-14T09:15:58,10459152.000000006,1c0fd259312d4631a0d1a7e0ea0560cff577beba,1348457
autoland,4663319,4,bf38f69fee000115871578b15786525e82952421,windows11-64-2009-shippable-qr,,True,,,102210fe594ee9b33d82058545b1ed14f4c8206e,,Base Content Explicit,True,Base Content Explicit opt fission,,77,bytes,,,1811730490,2023-12-14T13:22:59,10555408.000000011,31a1108bee2768e6f329db2b083b5066b2c83def,1348529
autoland,4663319,4,bf38f69fee000115871578b15786525e82952421,windows11-64-2009-shippable-qr,,True,,,102210fe594ee9b33d82058545b1ed14f4c8206e,,Base Content Explicit,True,Base Content Explicit opt fission,,77,bytes,,,1811820274,2023-12-14T15:25:58,10506255.999999998,44c4e62a38e1a18cd9c3cdc37be672c5b2eccb06,1348605
autoland,4663319,4,bf38f69fee000115871578b15786525e82952421,windows11-64-2009-shippable-qr,,True,,,102210fe594ee9b33d82058545b1ed14f4c8206e,,Base Content Explicit,True,Base Content Explicit opt fission,,77,bytes,,,1812049756,2023-12-14T19:45:40,10506255.999999998,5b5faa47b870a45949438e5959b9ef04204a9bac,1348855
autoland,4663319,4,bf38f69fee000115871578b15786525e82952421,windows11-64-2009-shippable-qr,,True,,,102210fe594ee9b33d82058545b1ed14f4c8206e,,Base Content Explicit,True,Base Content Explicit opt fission,,77,bytes,,,1812127817,2023-12-14T21:45:13,10547215.999999994,04ae3a53d7df39b7ef7380e872889038951a9e63,1348957
autoland,4663319,4,bf38f69fee000115871578b15786525e82952421,windows11-64-2009-shippable-qr,,True,,,102210fe594ee9b33d82058545b1ed14f4c8206e,,Base Content Explicit,True,Base Content Explicit opt fission,,77,bytes,,,1812300336,2023-12-15T01:58:19,10467343.999999983,efffe49c7c1c0f6b54d9f752224880e07e588f36,1349130
autoland,4663319,4,bf38f69fee000115871578b15786525e82952421,windows11-64-2009-shippable-qr,,True,,,102210fe594ee9b33d82058545b1ed14f4c8206e,,Base Content Explicit,True,Base Content Explicit opt fission,,77,bytes,,,1812472037,2023-12-15T11:00:39,10475535.999999981,d3a29d02b3dd8d8cfbfff6fcad00d94226e102e8,1349239
autoland,4663319,4,bf38f69fee000115871578b15786525e82952421,windows11-64-2009-shippable-qr,,True,,,102210fe594ee9b33d82058545b1ed14f4c8206e,,Base Content Explicit,True,Base Content Explicit opt fission,,77,bytes,,,1812599958,2023-12-15T15:09:59,10520591.999999993,8fd04cb03fbd84435d9834d1de340c2f64e013bb,1349331
autoland,4663319,4,bf38f69fee000115871578b15786525e82952421,windows11-64-2009-shippable-qr,,True,,,102210fe594ee9b33d82058545b1ed14f4c8206e,,Base Content Explicit,True,Base Content Explicit opt fission,,77,bytes,,,1812841412,2023-12-15T20:18:56,11026448.000000011,8f1a041ed5a88918a5fe585c89ffabd9450bc0ef,1349528
autoland,4663319,4,bf38f69fee000115871578b15786525e82952421,windows11-64-2009-shippable-qr,,True,,,102210fe594ee9b33d82058545b1ed14f4c8206e,,Base Content Explicit,True,Base Content Explicit opt fission,,77,bytes,,,1813000702,2023-12-16T02:28:17,10389519.999999994,33b0a0fecfd912ef3f540060b5e13f54db31d5cd,1349675
autoland,4663319,4,bf38f69fee000115871578b15786525e82952421,windows11-64-2009-shippable-qr,,True,,,102210fe594ee9b33d82058545b1ed14f4c8206e,,Base Content Explicit,True,Base Content Explicit opt fission,,77,bytes,,,1813159546,2023-12-16T14:03:11,10534928.000000002,6d6d4867b0f48dce26d871d94c5f74f5a8ac6aaf,1349726
autoland,4663319,4,bf38f69fee000115871578b15786525e82952421,windows11-64-2009-shippable-qr,,True,,,102210fe594ee9b33d82058545b1ed14f4c8206e,,Base Content Explicit,True,Base Content Explicit opt fission,,77,bytes,,,1813335151,2023-12-17T06:27:55,10487823.999999994,2d19e1f44e562ba1bb3be1f4b8f95b9884d9b07d,1349827
autoland,4663319,4,bf38f69fee000115871578b15786525e82952421,windows11-64-2009-shippable-qr,,True,,,102210fe594ee9b33d82058545b1ed14f4c8206e,,Base Content Explicit,True,Base Content Explicit opt fission,,77,bytes,,,1813437565,2023-12-17T14:26:46,10375183.999999985,ab5e2f241728caa5dc020e829b1045df55247758,1349862
autoland,4663319,4,bf38f69fee000115871578b15786525e82952421,windows11-64-2009-shippable-qr,,True,,,102210fe594ee9b33d82058545b1ed14f4c8206e,,Base Content Explicit,True,Base Content Explicit opt fission,,77,bytes,,,1813534848,2023-12-18T01:43:16,10485775.999999996,b46057158b0694677a8174089de1cb8929d3116b,1349993
autoland,4663319,4,bf38f69fee000115871578b15786525e82952421,windows11-64-2009-shippable-qr,,True,,,102210fe594ee9b33d82058545b1ed14f4c8206e,,Base Content Explicit,True,Base Content Explicit opt fission,,77,bytes,,,1813589860,2023-12-18T05:48:57,10516496.000000015,1d2ed0b2947385e77bd609220eb0e453b44d4cb3,1350028
autoland,4663319,4,bf38f69fee000115871578b15786525e82952421,windows11-64-2009-shippable-qr,,True,,,102210fe594ee9b33d82058545b1ed14f4c8206e,,Base Content Explicit,True,Base Content Explicit opt fission,,77,bytes,,,1813667116,2023-12-18T10:08:52,10387472.00000001,1f7904968650806af8d68bbc64a717bac22df318,1350088
autoland,4663319,4,bf38f69fee000115871578b15786525e82952421,windows11-64-2009-shippable-qr,,True,,,102210fe594ee9b33d82058545b1ed14f4c8206e,,Base Content Explicit,True,Base Content Explicit opt fission,,77,bytes,,,1813670961,2023-12-18T10:23:12,10485775.999999996,ba2e5b5e061b5024cc487a16c7e553de9e5e8a2d,1350096
autoland,4663319,4,bf38f69fee000115871578b15786525e82952421,windows11-64-2009-shippable-qr,,True,,,102210fe594ee9b33d82058545b1ed14f4c8206e,,Base Content Explicit,True,Base Content Explicit opt fission,,77,bytes,,,1813787967,2023-12-18T14:56:17,10536976.000000007,8942476b2dcd0a89abfb3183ea577d611785e77e,1350212
autoland,4663319,4,bf38f69fee000115871578b15786525e82952421,windows11-64-2009-shippable-qr,,True,,,102210fe594ee9b33d82058545b1ed14f4c8206e,,Base Content Explicit,True,Base Content Explicit opt fission,,77,bytes,,,1813812826,2023-12-18T15:53:23,10506255.999999998,e409a860d27d9dbd962eb6568c1700e2aa2716aa,1350255
autoland,4663319,4,bf38f69fee000115871578b15786525e82952421,windows11-64-2009-shippable-qr,,True,,,102210fe594ee9b33d82058545b1ed14f4c8206e,,Base Content Explicit,True,Base Content Explicit opt fission,,77,bytes,,,1813907106,2023-12-18T18:13:05,10514448.000000007,c909d207f316bf0512f63f8262872083353a6ef5,1350369
autoland,4663319,4,bf38f69fee000115871578b15786525e82952421,windows11-64-2009-shippable-qr,,True,,,102210fe594ee9b33d82058545b1ed14f4c8206e,,Base Content Explicit,True,Base Content Explicit opt fission,,77,bytes,,,1813994383,2023-12-18T20:47:25,10516496.000000015,593e78a41c38b062baab03b6280366f86d0d233c,1350523
autoland,4663319,4,bf38f69fee000115871578b15786525e82952421,windows11-64-2009-shippable-qr,,True,,,102210fe594ee9b33d82058545b1ed14f4c8206e,,Base Content Explicit,True,Base Content Explicit opt fission,,77,bytes,,,1814110829,2023-12-19T00:56:17,10485775.999999996,4bc62630a431fca569dfb1add5eee214dcdd091c,1350695
autoland,4663319,4,bf38f69fee000115871578b15786525e82952421,windows11-64-2009-shippable-qr,,True,,,102210fe594ee9b33d82058545b1ed14f4c8206e,,Base Content Explicit,True,Base Content Explicit opt fission,,77,bytes,,,1814117899,2023-12-19T02:00:57,10469392.000000002,7e32f178b02fef938f803492c4bfd6d897ffcb21,1350710
autoland,4663319,4,bf38f69fee000115871578b15786525e82952421,windows11-64-2009-shippable-qr,,True,,,102210fe594ee9b33d82058545b1ed14f4c8206e,,Base Content Explicit,True,Base Content Explicit opt fission,,77,bytes,,,1814203476,2023-12-19T06:19:40,10479631.999999987,05b607c3bbe6ca02e9133ecb969e033fd3d7959e,1350758
autoland,4663319,4,bf38f69fee000115871578b15786525e82952421,windows11-64-2009-shippable-qr,,True,,,102210fe594ee9b33d82058545b1ed14f4c8206e,,Base Content Explicit,True,Base Content Explicit opt fission,,77,bytes,,,1814283287,2023-12-19T10:31:52,10465296.000000002,8efb8cc3558006677c6d18fcf41c3445498e257c,1350823
autoland,4663319,4,bf38f69fee000115871578b15786525e82952421,windows11-64-2009-shippable-qr,,True,,,102210fe594ee9b33d82058545b1ed14f4c8206e,,Base Content Explicit,True,Base Content Explicit opt fission,,77,bytes,,,1814299987,2023-12-19T10:59:27,10579983.999999996,e382d15d709c00d2fc941c2d6e9344b826246c27,1350835
autoland,4663319,4,bf38f69fee000115871578b15786525e82952421,windows11-64-2009-shippable-qr,,True,,,102210fe594ee9b33d82058545b1ed14f4c8206e,,Base Content Explicit,True,Base Content Explicit opt fission,,77,bytes,,,1814521058,2023-12-19T15:05:00,10465296.000000002,58a9c7e82a58e7e951a669f0634901963c5ed696,1350969
autoland,4663319,4,bf38f69fee000115871578b15786525e82952421,windows11-64-2009-shippable-qr,,True,,,102210fe594ee9b33d82058545b1ed14f4c8206e,,Base Content Explicit,True,Base Content Explicit opt fission,,77,bytes,,,1814519476,2023-12-19T15:55:04,10592271.999999983,ffd610f5a3bc262042d0839f354a1cf0cc9d5dff,1351025
autoland,4663319,4,bf38f69fee000115871578b15786525e82952421,windows11-64-2009-shippable-qr,,True,,,102210fe594ee9b33d82058545b1ed14f4c8206e,,Base Content Explicit,True,Base Content Explicit opt fission,,77,bytes,,,1814643063,2023-12-19T20:21:31,10412047.999999989,b50326daf412a23a363c8ca18b03b1dcede121ff,1351238
autoland,4663319,4,bf38f69fee000115871578b15786525e82952421,windows11-64-2009-shippable-qr,,True,,,102210fe594ee9b33d82058545b1ed14f4c8206e,,Base Content Explicit,True,Base Content Explicit opt fission,,77,bytes,,,1814674582,2023-12-19T21:18:40,10469392.000000002,31eaa2b1cf1b61e0b8868c53cf6bdbfc14805942,1351276
autoland,4663319,4,bf38f69fee000115871578b15786525e82952421,windows11-64-2009-shippable-qr,,True,,,102210fe594ee9b33d82058545b1ed14f4c8206e,,Base Content Explicit,True,Base Content Explicit opt fission,,77,bytes,,,1814859377,2023-12-20T02:06:01,10459152.000000006,9ac6d461916454c17cd8c7dfc7f73401ef3da12a,1351432
autoland,4663319,4,bf38f69fee000115871578b15786525e82952421,windows11-64-2009-shippable-qr,,True,,,102210fe594ee9b33d82058545b1ed14f4c8206e,,Base Content Explicit,True,Base Content Explicit opt fission,,77,bytes,,,1814914044,2023-12-20T04:26:18,10504208.000000006,e3bf6261f6fc31e78c716c97399a60f6f575ebcd,1351473
autoland,4663319,4,bf38f69fee000115871578b15786525e82952421,windows11-64-2009-shippable-qr,,True,,,102210fe594ee9b33d82058545b1ed14f4c8206e,,Base Content Explicit,True,Base Content Explicit opt fission,,77,bytes,,,1815078540,2023-12-20T09:15:46,10475535.999999981,4d6eabdc6228d414c7043c4fabdddfd95a3afb0e,1351517
autoland,4663319,4,bf38f69fee000115871578b15786525e82952421,windows11-64-2009-shippable-qr,,True,,,102210fe594ee9b33d82058545b1ed14f4c8206e,,Base Content Explicit,True,Base Content Explicit opt fission,,77,bytes,,,1815172708,2023-12-20T13:10:00,10405903.999999994,97f2e0f6b821072bc498a3bc7921831eb6d10d38,1351639
autoland,4663319,4,bf38f69fee000115871578b15786525e82952421,windows11-64-2009-shippable-qr,,True,,,102210fe594ee9b33d82058545b1ed14f4c8206e,,Base Content Explicit,True,Base Content Explicit opt fission,,77,bytes,,,1815347359,2023-12-20T17:43:19,10498063.999999987,c12f6936509f05b3caad77d4cb4b783a38761897,1351821
autoland,4663319,4,bf38f69fee000115871578b15786525e82952421,windows11-64-2009-shippable-qr,,True,,,102210fe594ee9b33d82058545b1ed14f4c8206e,,Base Content Explicit,True,Base Content Explicit opt fission,,77,bytes,,,1815459293,2023-12-20T21:55:32,10389519.999999994,aa4d4fecaf969d49a7ecf2568e3dda25cd2a7f1d,1352017
autoland,4663319,4,bf38f69fee000115871578b15786525e82952421,windows11-64-2009-shippable-qr,,True,,,102210fe594ee9b33d82058545b1ed14f4c8206e,,Base Content Explicit,True,Base Content Explicit opt fission,,77,bytes,,,1815496763,2023-12-20T21:58:53,10469392.000000002,dfc7e32798343d88b72708bf68fc966d1e088330,1352020
autoland,4663319,4,bf38f69fee000115871578b15786525e82952421,windows11-64-2009-shippable-qr,,True,,,102210fe594ee9b33d82058545b1ed14f4c8206e,,Base Content Explicit,True,Base Content Explicit opt fission,,77,bytes,,,1815609639,2023-12-21T03:06:09,10526736.000000017,37657c7691664026e54babf7d1cf608fe58a92fb,1352135
autoland,4663319,4,bf38f69fee000115871578b15786525e82952421,windows11-64-2009-shippable-qr,,True,,,102210fe594ee9b33d82058545b1ed14f4c8206e,,Base Content Explicit,True,Base Content Explicit opt fission,,77,bytes,,,1815678980,2023-12-21T06:56:11,10428431.999999989,2339ef37f5863c45acf6280581ec0994b40f11d5,1352164
autoland,4663319,4,bf38f69fee000115871578b15786525e82952421,windows11-64-2009-shippable-qr,,True,,,102210fe594ee9b33d82058545b1ed14f4c8206e,,Base Content Explicit,True,Base Content Explicit opt fission,,77,bytes,,,1815781349,2023-12-21T11:39:11,10465296.000000002,5e551f2bacc3d6a8294dcb0273e8299cf7a17e2d,1352265
autoland,4663319,4,bf38f69fee000115871578b15786525e82952421,windows11-64-2009-shippable-qr,,True,,,102210fe594ee9b33d82058545b1ed14f4c8206e,,Base Content Explicit,True,Base Content Explicit opt fission,,77,bytes,,,1815806133,2023-12-21T13:05:54,10422287.999999998,8b474eeffbe09d0e5e30675fa595293863b0db34,1352315
autoland,4663319,4,bf38f69fee000115871578b15786525e82952421,windows11-64-2009-shippable-qr,,True,,,102210fe594ee9b33d82058545b1ed14f4c8206e,,Base Content Explicit,True,Base Content Explicit opt fission,,77,bytes,,,1816052293,2023-12-21T18:00:27,10420240.000000011,e685307ecb90f0e91ef9f3781b3614b7308384b9,1352454
autoland,4663319,4,bf38f69fee000115871578b15786525e82952421,windows11-64-2009-shippable-qr,,True,,,102210fe594ee9b33d82058545b1ed14f4c8206e,,Base Content Explicit,True,Base Content Explicit opt fission,,77,bytes,,,1816038789,2023-12-21T18:17:05,10584079.999999993,14c89fd054c7ac54bac01a4fcb619d5dff3cc6ef,1352468
autoland,4663319,4,bf38f69fee000115871578b15786525e82952421,windows11-64-2009-shippable-qr,,True,,,102210fe594ee9b33d82058545b1ed14f4c8206e,,Base Content Explicit,True,Base Content Explicit opt fission,,77,bytes,,,1816163425,2023-12-21T22:08:07,10389519.999999994,e20257bfa3ef6e394b6669c19aa1a165ee73fefa,1352650
autoland,4663319,4,bf38f69fee000115871578b15786525e82952421,windows11-64-2009-shippable-qr,,True,,,102210fe594ee9b33d82058545b1ed14f4c8206e,,Base Content Explicit,True,Base Content Explicit opt fission,,77,bytes,,,1816232976,2023-12-22T08:16:59,10487823.999999994,6814c9419790a8ee7c93cac282a82a11d93d16ba,1352807
autoland,4663319,4,bf38f69fee000115871578b15786525e82952421,windows11-64-2009-shippable-qr,,True,,,102210fe594ee9b33d82058545b1ed14f4c8206e,,Base Content Explicit,True,Base Content Explicit opt fission,,77,bytes,,,1816347905,2023-12-22T13:33:45,10502159.999999993,3189af86c93aef59c4fc9363b40f92eb4ef0358f,1352859
autoland,4663319,4,bf38f69fee000115871578b15786525e82952421,windows11-64-2009-shippable-qr,,True,,,102210fe594ee9b33d82058545b1ed14f4c8206e,,Base Content Explicit,True,Base Content Explicit opt fission,,77,bytes,,,1816350399,2023-12-22T13:41:08,10489872.000000015,8cd1fc9da2b45034679cc880c08d91e84d8e9516,1352862
autoland,4663319,4,bf38f69fee000115871578b15786525e82952421,windows11-64-2009-shippable-qr,,True,,,102210fe594ee9b33d82058545b1ed14f4c8206e,,Base Content Explicit,True,Base Content Explicit opt fission,,77,bytes,,,1816480163,2023-12-22T19:27:05,10471440.000000011,ac9f813bbc0f39b5e52be4229972795f2ca6309b,1353028
autoland,4663319,4,bf38f69fee000115871578b15786525e82952421,windows11-64-2009-shippable-qr,,True,,,102210fe594ee9b33d82058545b1ed14f4c8206e,,Base Content Explicit,True,Base Content Explicit opt fission,,77,bytes,,,1816582772,2023-12-23T00:08:27,10518544.000000017,58581f618255e51b846d0792b6abc3e5c2c67d51,1353154
autoland,4663319,4,bf38f69fee000115871578b15786525e82952421,windows11-64-2009-shippable-qr,,True,,,102210fe594ee9b33d82058545b1ed14f4c8206e,,Base Content Explicit,True,Base Content Explicit opt fission,,77,bytes,,,1816634965,2023-12-23T05:47:03,10426384.0,8b92fb4e3f41d856629818bd2ecfc25bed23a643,1353193
autoland,4663319,4,bf38f69fee000115871578b15786525e82952421,windows11-64-2009-shippable-qr,,True,,,102210fe594ee9b33d82058545b1ed14f4c8206e,,Base Content Explicit,True,Base Content Explicit opt fission,,77,bytes,,,1816680128,2023-12-23T08:44:57,10475535.999999981,6f7de1b98becd7269380a213d3eff367b81efe72,1353213
autoland,4663319,4,bf38f69fee000115871578b15786525e82952421,windows11-64-2009-shippable-qr,,True,,,102210fe594ee9b33d82058545b1ed14f4c8206e,,Base Content Explicit,True,Base Content Explicit opt fission,,77,bytes,,,1816768990,2023-12-23T15:53:06,10698768.000000015,e6f85355d2f352d6bc64a11372bc8efc1ced07b8,1353251
autoland,4663319,4,bf38f69fee000115871578b15786525e82952421,windows11-64-2009-shippable-qr,,True,,,102210fe594ee9b33d82058545b1ed14f4c8206e,,Base Content Explicit,True,Base Content Explicit opt fission,,77,bytes,,,1816844810,2023-12-24T06:04:04,10453007.999999998,0f896a4a54629904c55cc5e18aa1f6e387c9a697,1353282
autoland,4663319,4,bf38f69fee000115871578b15786525e82952421,windows11-64-2009-shippable-qr,,True,,,102210fe594ee9b33d82058545b1ed14f4c8206e,,Base Content Explicit,True,Base Content Explicit opt fission,,77,bytes,,,1816921399,2023-12-24T13:46:59,10383375.999999993,a15215077df33152e936203ec411ea07343a3f36,1353302
autoland,4663319,4,bf38f69fee000115871578b15786525e82952421,windows11-64-2009-shippable-qr,,True,,,102210fe594ee9b33d82058545b1ed14f4c8206e,,Base Content Explicit,True,Base Content Explicit opt fission,,77,bytes,,,1816982673,2023-12-24T18:13:48,10385424.0,65471d13c8aaa5b3c5aa872ca12360b7f26ad6e0,1353317
autoland,4663319,4,bf38f69fee000115871578b15786525e82952421,windows11-64-2009-shippable-qr,,True,,,102210fe594ee9b33d82058545b1ed14f4c8206e,,Base Content Explicit,True,Base Content Explicit opt fission,,77,bytes,,,1817040716,2023-12-25T01:21:58,10590224.0,29784c387017c900dc842f070d5cd88464dfc494,1353335
autoland,4663319,4,bf38f69fee000115871578b15786525e82952421,windows11-64-2009-shippable-qr,,True,,,102210fe594ee9b33d82058545b1ed14f4c8206e,,Base Content Explicit,True,Base Content Explicit opt fission,,77,bytes,,,1817081751,2023-12-25T05:53:22,10500112.000000013,f69f493b2f3cde5ef4b46b9675cfd4708287666e,1353343
autoland,4663319,4,bf38f69fee000115871578b15786525e82952421,windows11-64-2009-shippable-qr,,True,,,102210fe594ee9b33d82058545b1ed14f4c8206e,,Base Content Explicit,True,Base Content Explicit opt fission,,77,bytes,,,1817174447,2023-12-25T12:57:04,10547215.999999994,b9600c5aa59e300200656691d1f1997593caafbd,1353372
autoland,4663319,4,bf38f69fee000115871578b15786525e82952421,windows11-64-2009-shippable-qr,,True,,,102210fe594ee9b33d82058545b1ed14f4c8206e,,Base Content Explicit,True,Base Content Explicit opt fission,,77,bytes,,,1817194127,2023-12-25T17:10:06,10569743.999999989,fdd85a789550f85e20e7b7128f2b3316cbc76640,1353386
autoland,4663319,4,bf38f69fee000115871578b15786525e82952421,windows11-64-2009-shippable-qr,,True,,,102210fe594ee9b33d82058545b1ed14f4c8206e,,Base Content Explicit,True,Base Content Explicit opt fission,,77,bytes,,,1817227327,2023-12-25T21:32:12,10448912.00000001,ba6abbd36b496501cea141e17b61af674a18e279,1353402
autoland,4663319,4,bf38f69fee000115871578b15786525e82952421,windows11-64-2009-shippable-qr,,True,,,102210fe594ee9b33d82058545b1ed14f4c8206e,,Base Content Explicit,True,Base Content Explicit opt fission,,77,bytes,,441391236,1817282187,2023-12-26T03:31:03,10565648.000000004,280c0b4dd9140984e6177c89f5858ceac6ae0107,1353431
autoland,4663319,4,bf38f69fee000115871578b15786525e82952421,windows11-64-2009-shippable-qr,,True,,,102210fe594ee9b33d82058545b1ed14f4c8206e,,Base Content Explicit,True,Base Content Explicit opt fission,,77,bytes,,441401785,1817377985,2023-12-26T07:50:55,10590224.0,7503b1d6a430d23303b6ec356b3388951a1eca83,1353461
autoland,4663319,4,bf38f69fee000115871578b15786525e82952421,windows11-64-2009-shippable-qr,,True,,,102210fe594ee9b33d82058545b1ed14f4c8206e,,Base Content Explicit,True,Base Content Explicit opt fission,,77,bytes,,441423522,1817450209,2023-12-26T11:52:29,10602511.999999993,807f04c86e5d02f04afa662ade3d505a80a4f660,1353488
autoland,4663319,4,bf38f69fee000115871578b15786525e82952421,windows11-64-2009-shippable-qr,,True,,,102210fe594ee9b33d82058545b1ed14f4c8206e,,Base Content Explicit,True,Base Content Explicit opt fission,,77,bytes,,441451942,1817554294,2023-12-27T02:56:18,10493968.000000017,6d9a0abd0a3c26f4337aff723c15795fe91fe884,1353555
autoland,4663319,4,bf38f69fee000115871578b15786525e82952421,windows11-64-2009-shippable-qr,,True,,,102210fe594ee9b33d82058545b1ed14f4c8206e,,Base Content Explicit,True,Base Content Explicit opt fission,,77,bytes,,441493305,1817730638,2023-12-27T14:58:54,10426384.0,856e86584c4c811f064f93e2b734dd374c787eaf,1353654
autoland,4663319,4,bf38f69fee000115871578b15786525e82952421,windows11-64-2009-shippable-qr,,True,,,102210fe594ee9b33d82058545b1ed14f4c8206e,,Base Content Explicit,True,Base Content Explicit opt fission,,77,bytes,,441511255,1817826888,2023-12-27T20:22:55,10383375.999999993,97a27d8a860d5bd8ab2962d2f0e5e376287e527c,1353722
autoland,4663319,4,bf38f69fee000115871578b15786525e82952421,windows11-64-2009-shippable-qr,,True,,,102210fe594ee9b33d82058545b1ed14f4c8206e,,Base Content Explicit,True,Base Content Explicit opt fission,,77,bytes,,441528421,1817896206,2023-12-28T01:36:38,10627087.999999998,00fe06571a66e6773ca7801e6747493299cf4bda,1353793
autoland,4663319,4,bf38f69fee000115871578b15786525e82952421,windows11-64-2009-shippable-qr,,True,,,102210fe594ee9b33d82058545b1ed14f4c8206e,,Base Content Explicit,True,Base Content Explicit opt fission,,77,bytes,,441558912,1818065594,2023-12-28T13:32:35,10457103.999999987,10aa7423789835a7dbd24b0b44ad1ae2ad77b59b,1353834
autoland,4663319,4,bf38f69fee000115871578b15786525e82952421,windows11-64-2009-shippable-qr,,True,,,102210fe594ee9b33d82058545b1ed14f4c8206e,,Base Content Explicit,True,Base Content Explicit opt fission,,77,bytes,,441574766,1818164164,2023-12-28T17:48:27,10455055.999999983,659e4e8345823ce8331b67df6c3865b76063e2c2,1353939
autoland,4663319,4,bf38f69fee000115871578b15786525e82952421,windows11-64-2009-shippable-qr,,True,,,102210fe594ee9b33d82058545b1ed14f4c8206e,,Base Content Explicit,True,Base Content Explicit opt fission,,77,bytes,,441601306,1818265681,2023-12-28T23:04:44,10455055.999999983,0bd8678e10b6f0eb1d7e16cfe010ca8856e2bfcc,1354003
autoland,4663319,4,bf38f69fee000115871578b15786525e82952421,windows11-64-2009-shippable-qr,,True,,,102210fe594ee9b33d82058545b1ed14f4c8206e,,Base Content Explicit,True,Base Content Explicit opt fission,,77,bytes,,441618123,1818372373,2023-12-29T05:51:26,10543120.000000019,25b973ec90316da3daa35b031e4a4e089d70443a,1354078
autoland,4663319,4,bf38f69fee000115871578b15786525e82952421,windows11-64-2009-shippable-qr,,True,,,102210fe594ee9b33d82058545b1ed14f4c8206e,,Base Content Explicit,True,Base Content Explicit opt fission,,77,bytes,,441663365,1818490148,2023-12-29T14:24:04,10410000.000000013,4d00abb11b573ff386a9f02816ff81f2030e6dfe,1354164
autoland,4663319,4,bf38f69fee000115871578b15786525e82952421,windows11-64-2009-shippable-qr,,True,,,102210fe594ee9b33d82058545b1ed14f4c8206e,,Base Content Explicit,True,Base Content Explicit opt fission,,77,bytes,,441670439,1818522996,2023-12-29T16:09:29,10485775.999999996,52b5c5b51719976906d668db1cd59b2b49315565,1354179
autoland,4663319,4,bf38f69fee000115871578b15786525e82952421,windows11-64-2009-shippable-qr,,True,,,102210fe594ee9b33d82058545b1ed14f4c8206e,,Base Content Explicit,True,Base Content Explicit opt fission,,77,bytes,,441691530,1818599058,2023-12-29T20:10:09,10432527.99999999,8d822c618985176a1d4ebc4eedcd5a388e798418,1354279
autoland,4663319,4,bf38f69fee000115871578b15786525e82952421,windows11-64-2009-shippable-qr,,True,,,102210fe594ee9b33d82058545b1ed14f4c8206e,,Base Content Explicit,True,Base Content Explicit opt fission,,77,bytes,,441708118,1818666810,2023-12-30T03:46:41,10496016.000000002,15c3c77f07b45a04b27a42ab403aadaaed857fff,1354316
autoland,4663319,4,bf38f69fee000115871578b15786525e82952421,windows11-64-2009-shippable-qr,,True,,,102210fe594ee9b33d82058545b1ed14f4c8206e,,Base Content Explicit,True,Base Content Explicit opt fission,,77,bytes,,441717762,1818742034,2023-12-30T08:00:00,10510352.000000002,9660032084db64efbe9cbbf4c47a38d0a6c36c9f,1354351
autoland,4663319,4,bf38f69fee000115871578b15786525e82952421,windows11-64-2009-shippable-qr,,True,,,102210fe594ee9b33d82058545b1ed14f4c8206e,,Base Content Explicit,True,Base Content Explicit opt fission,,77,bytes,,441744769,1818823818,2023-12-30T12:53:05,10457103.999999987,94ab264a143c3086d948c401c047297f01b76527,1354380
autoland,4663319,4,bf38f69fee000115871578b15786525e82952421,windows11-64-2009-shippable-qr,,True,,,102210fe594ee9b33d82058545b1ed14f4c8206e,,Base Content Explicit,True,Base Content Explicit opt fission,,77,bytes,,441760146,1818897150,2023-12-30T17:18:37,10532880.000000006,3e9c9290e422e1f39255953e22e3d8bfe8234425,1354396
autoland,4663319,4,bf38f69fee000115871578b15786525e82952421,windows11-64-2009-shippable-qr,,True,,,102210fe594ee9b33d82058545b1ed14f4c8206e,,Base Content Explicit,True,Base Content Explicit opt fission,,77,bytes,,441778186,1818973604,2023-12-31T00:47:53,10582032.000000017,be0bfc7f906523649c68f45d4b25ca752bfc701c,1354421
autoland,4663319,4,bf38f69fee000115871578b15786525e82952421,windows11-64-2009-shippable-qr,,True,,,102210fe594ee9b33d82058545b1ed14f4c8206e,,Base Content Explicit,True,Base Content Explicit opt fission,,77,bytes,,441810378,1819134257,2023-12-31T16:29:03,10440719.999999987,30b0d1ecdc26a3e4753bef7807739106282ed827,1354470
autoland,4663319,4,bf38f69fee000115871578b15786525e82952421,windows11-64-2009-shippable-qr,,True,,,102210fe594ee9b33d82058545b1ed14f4c8206e,,Base Content Explicit,True,Base Content Explicit opt fission,,77,bytes,,441824038,1819173198,2023-12-31T21:56:05,10422287.999999998,430d1a5b377307a1050c23ae96cab333c5a33be8,1354489
autoland,4663319,4,bf38f69fee000115871578b15786525e82952421,windows11-64-2009-shippable-qr,,True,,,102210fe594ee9b33d82058545b1ed14f4c8206e,,Base Content Explicit,True,Base Content Explicit opt fission,,77,bytes,,441853972,1819304323,2024-01-01T15:22:20,10569743.999999989,da3b8f5f832d95192044762406363fda8d55ef19,1354571
autoland,4663319,4,bf38f69fee000115871578b15786525e82952421,windows11-64-2009-shippable-qr,,True,,,102210fe594ee9b33d82058545b1ed14f4c8206e,,Base Content Explicit,True,Base Content Explicit opt fission,,77,bytes,,441854769,1819310567,2024-01-01T20:27:36,10516496.000000015,42461c8e1289d1829e0902914b12524c1fffa0a1,1354574
autoland,4663319,4,bf38f69fee000115871578b15786525e82952421,windows11-64-2009-shippable-qr,,True,,,102210fe594ee9b33d82058545b1ed14f4c8206e,,Base Content Explicit,True,Base Content Explicit opt fission,,77,bytes,,441877400,1819442645,2024-01-02T07:16:40,10545168.000000006,60c369c930dc96abae06a2e0ad6833a3574b803f,1354603
autoland,4663319,4,bf38f69fee000115871578b15786525e82952421,windows11-64-2009-shippable-qr,,True,,,102210fe594ee9b33d82058545b1ed14f4c8206e,,Base Content Explicit,True,Base Content Explicit opt fission,,77,bytes,,441907433,1819553038,2024-01-02T11:19:41,10590224.0,399d9781e72b3a4a01e67c7f902f80c9df9da386,1354672
autoland,4663319,4,bf38f69fee000115871578b15786525e82952421,windows11-64-2009-shippable-qr,,True,,,102210fe594ee9b33d82058545b1ed14f4c8206e,,Base Content Explicit,True,Base Content Explicit opt fission,,77,bytes,,441938511,1819659606,2024-01-02T15:21:54,10491919.999999998,9f15f6c0236cc27aa82549841609068645c13445,1354784
autoland,4663319,4,bf38f69fee000115871578b15786525e82952421,windows11-64-2009-shippable-qr,,True,,,102210fe594ee9b33d82058545b1ed14f4c8206e,,Base Content Explicit,True,Base Content Explicit opt fission,,77,bytes,,441931889,1819623990,2024-01-02T15:38:43,10426384.0,c44f0d09630a8cf36dac42c4eb31bf2a9395bf90,1354794
autoland,4663319,4,bf38f69fee000115871578b15786525e82952421,windows11-64-2009-shippable-qr,,True,,,102210fe594ee9b33d82058545b1ed14f4c8206e,,Base Content Explicit,True,Base Content Explicit opt fission,,77,bytes,,441958519,1819768675,2024-01-02T20:40:29,10528783.999999989,cc67c788cded515a24f96c72c8a12b87a2cd1b3a,1354935
autoland,4663319,4,bf38f69fee000115871578b15786525e82952421,windows11-64-2009-shippable-qr,,True,,,102210fe594ee9b33d82058545b1ed14f4c8206e,,Base Content Explicit,True,Base Content Explicit opt fission,,77,bytes,,441995482,1819911310,2024-01-03T08:18:49,10502159.999999993,655286516798565db497786ca92d9a8f7f7744bf,1355061
autoland,4663319,4,bf38f69fee000115871578b15786525e82952421,windows11-64-2009-shippable-qr,,True,,,102210fe594ee9b33d82058545b1ed14f4c8206e,,Base Content Explicit,True,Base Content Explicit opt fission,,77,bytes,,442029925,1819992378,2024-01-03T12:27:12,10520591.999999993,9ea90dc23395fc3e2d9d2bd18598cc49434eeff1,1355126
autoland,4663319,4,bf38f69fee000115871578b15786525e82952421,windows11-64-2009-shippable-qr,,True,,,102210fe594ee9b33d82058545b1ed14f4c8206e,,Base Content Explicit,True,Base Content Explicit opt fission,,77,bytes,,442053641,1820093063,2024-01-03T16:19:36,10450960.000000019,6aab4af4cab879cc95debd549578bc909a21cff7,1355230
autoland,4663319,4,bf38f69fee000115871578b15786525e82952421,windows11-64-2009-shippable-qr,,True,,,102210fe594ee9b33d82058545b1ed14f4c8206e,,Base Content Explicit,True,Base Content Explicit opt fission,,77,bytes,,442075899,1820218897,2024-01-03T20:41:01,10448912.00000001,c5a68fbf81d038a69c4e9be728d50030fd0d6271,1355381
autoland,4663319,4,bf38f69fee000115871578b15786525e82952421,windows11-64-2009-shippable-qr,,True,,,102210fe594ee9b33d82058545b1ed14f4c8206e,,Base Content Explicit,True,Base Content Explicit opt fission,,77,bytes,,442076104,1820219173,2024-01-03T20:57:48,10557456.000000007,d071b2f4ff07e1815cfa6650ffafb87c9b7e9fb1,1355389
autoland,4663319,4,bf38f69fee000115871578b15786525e82952421,windows11-64-2009-shippable-qr,,True,,,102210fe594ee9b33d82058545b1ed14f4c8206e,,Base Content Explicit,True,Base Content Explicit opt fission,,77,bytes,,442097773,1820313476,2024-01-04T01:41:43,10514448.000000007,99d5c9d12fe8a000d9b092346826d2101720ee5f,1355473
autoland,4663319,4,bf38f69fee000115871578b15786525e82952421,windows11-64-2009-shippable-qr,,True,,,102210fe594ee9b33d82058545b1ed14f4c8206e,,Base Content Explicit,True,Base Content Explicit opt fission,,77,bytes,,442108982,1820402606,2024-01-04T05:54:21,10414095.999999983,c285a1e59436529ca8d4acd4acf55d45e4277b1b,1355496
autoland,4663319,4,bf38f69fee000115871578b15786525e82952421,windows11-64-2009-shippable-qr,,True,,,102210fe594ee9b33d82058545b1ed14f4c8206e,,Base Content Explicit,True,Base Content Explicit opt fission,,77,bytes,,442141212,1820497067,2024-01-04T11:10:14,10526736.000000017,740351987a4ee46ea2c571e5824e859680bda968,1355581
autoland,4663319,4,bf38f69fee000115871578b15786525e82952421,windows11-64-2009-shippable-qr,,True,,,102210fe594ee9b33d82058545b1ed14f4c8206e,,Base Content Explicit,True,Base Content Explicit opt fission,,77,bytes,,442179094,1820646701,2024-01-04T15:17:03,10467343.999999983,45533d2448ef281f6e604ca7626c0a6ecce3e188,1355683
autoland,4663319,4,bf38f69fee000115871578b15786525e82952421,windows11-64-2009-shippable-qr,,True,,,102210fe594ee9b33d82058545b1ed14f4c8206e,,Base Content Explicit,True,Base Content Explicit opt fission,,77,bytes,,442173793,1820584022,2024-01-04T15:42:51,10500112.000000013,0a133d5fd15504b371307e44739e8f97c80096b9,1355702
autoland,4663319,4,bf38f69fee000115871578b15786525e82952421,windows11-64-2009-shippable-qr,,True,,,102210fe594ee9b33d82058545b1ed14f4c8206e,,Base Content Explicit,True,Base Content Explicit opt fission,,77,bytes,,442200530,1820760153,2024-01-04T19:37:18,10473487.999999983,048b65210703dec3aec972f180b52548b2664f7d,1355859
autoland,4663319,4,bf38f69fee000115871578b15786525e82952421,windows11-64-2009-shippable-qr,,True,,,102210fe594ee9b33d82058545b1ed14f4c8206e,,Base Content Explicit,True,Base Content Explicit opt fission,,77,bytes,,442238407,1820891363,2024-01-05T00:18:01,10575887.999999998,84d53ee96a81d7e514d24d1fb3160e91d9cee533,1356034
autoland,4663319,4,bf38f69fee000115871578b15786525e82952421,windows11-64-2009-shippable-qr,,True,,,102210fe594ee9b33d82058545b1ed14f4c8206e,,Base Content Explicit,True,Base Content Explicit opt fission,,77,bytes,,442239127,1820898525,2024-01-05T00:22:57,10563599.999999983,fab155eb519c68377a585ffdc537174653ab847b,1356036
autoland,4663319,4,bf38f69fee000115871578b15786525e82952421,windows11-64-2009-shippable-qr,,True,,,102210fe594ee9b33d82058545b1ed14f4c8206e,,Base Content Explicit,True,Base Content Explicit opt fission,,77,bytes,,442253733,1821037810,2024-01-05T04:43:02,10393615.999999985,376266ac23d50822ae8c18d60d1577f0b89b7c03,1356081
autoland,4663319,4,bf38f69fee000115871578b15786525e82952421,windows11-64-2009-shippable-qr,,True,,,102210fe594ee9b33d82058545b1ed14f4c8206e,,Base Content Explicit,True,Base Content Explicit opt fission,,77,bytes,,442267299,1821083987,2024-01-05T08:43:49,10381328.0,fa9bfcd5f0dbd19a8aaafddc25f6f73e4bcfd484,1356147
autoland,4663319,4,bf38f69fee000115871578b15786525e82952421,windows11-64-2009-shippable-qr,,True,,,102210fe594ee9b33d82058545b1ed14f4c8206e,,Base Content Explicit,True,Base Content Explicit opt fission,,77,bytes,,442305944,1821192563,2024-01-05T12:49:29,10493968.000000017,30bc5759ffcd80a2febc0a054214a3c910d31aea,1356208
autoland,4663319,4,bf38f69fee000115871578b15786525e82952421,windows11-64-2009-shippable-qr,,True,,,102210fe594ee9b33d82058545b1ed14f4c8206e,,Base Content Explicit,True,Base Content Explicit opt fission,,77,bytes,,442336704,1821311869,2024-01-05T17:02:32,10430480.000000017,d2e417f0f208016a0a4e369e822a12e20ef4fc5f,1356351
autoland,4663319,4,bf38f69fee000115871578b15786525e82952421,windows11-64-2009-shippable-qr,,True,,,102210fe594ee9b33d82058545b1ed14f4c8206e,,Base Content Explicit,True,Base Content Explicit opt fission,,77,bytes,,442359706,1821444152,2024-01-05T19:52:18,10469392.000000002,567f5a81c44108f44c4e694af42be8f209da4c0a,1356444
autoland,4663319,4,bf38f69fee000115871578b15786525e82952421,windows11-64-2009-shippable-qr,,True,,,102210fe594ee9b33d82058545b1ed14f4c8206e,,Base Content Explicit,True,Base Content Explicit opt fission,,77,bytes,,442380523,1821491540,2024-01-06T00:04:36,10551311.999999981,2a86438878465bd10e251c52285e2455425bfeb9,1356549
autoland,4663319,4,bf38f69fee000115871578b15786525e82952421,windows11-64-2009-shippable-qr,,True,,,102210fe594ee9b33d82058545b1ed14f4c8206e,,Base Content Explicit,True,Base Content Explicit opt fission,,77,bytes,,442381707,1821495937,2024-01-06T00:21:54,10465296.000000002,ce6cf7dcf8b16c2a478f122f8bab575231c99881,1356554
autoland,4663319,4,bf38f69fee000115871578b15786525e82952421,windows11-64-2009-shippable-qr,,True,,,102210fe594ee9b33d82058545b1ed14f4c8206e,,Base Content Explicit,True,Base Content Explicit opt fission,,77,bytes,,442417969,1821693245,2024-01-06T12:48:14,10534928.000000002,b54f34f26a3a753076473795a42574f426a960ee,1356631
autoland,4663319,4,bf38f69fee000115871578b15786525e82952421,windows11-64-2009-shippable-qr,,True,,,102210fe594ee9b33d82058545b1ed14f4c8206e,,Base Content Explicit,True,Base Content Explicit opt fission,,77,bytes,,442426973,1821735953,2024-01-06T17:09:10,10539023.999999996,d6318b034527ed62918fa4fd893f093c084a6ccb,1356650
autoland,4663319,4,bf38f69fee000115871578b15786525e82952421,windows11-64-2009-shippable-qr,,True,,,102210fe594ee9b33d82058545b1ed14f4c8206e,,Base Content Explicit,True,Base Content Explicit opt fission,,77,bytes,,442442208,1821787540,2024-01-06T21:44:09,10489872.000000015,1d9422a3e1d878f2f2c54ef4e836faabebfdfc9a,1356666
autoland,4663319,4,bf38f69fee000115871578b15786525e82952421,windows11-64-2009-shippable-qr,,True,,,102210fe594ee9b33d82058545b1ed14f4c8206e,,Base Content Explicit,True,Base Content Explicit opt fission,,77,bytes,,442482265,1822025679,2024-01-07T23:26:49,10571791.999999993,47fc814524de5c30dfd7711cf3eda088303ad905,1356765
autoland,4663319,4,bf38f69fee000115871578b15786525e82952421,windows11-64-2009-shippable-qr,,True,,,102210fe594ee9b33d82058545b1ed14f4c8206e,,Base Content Explicit,True,Base Content Explicit opt fission,,77,bytes,,442486787,1822048717,2024-01-08T02:39:55,10399759.99999999,750c44842f26873f40a2d09bc4ee94ecc4c39997,1356771
autoland,4663319,4,bf38f69fee000115871578b15786525e82952421,windows11-64-2009-shippable-qr,,True,,,102210fe594ee9b33d82058545b1ed14f4c8206e,,Base Content Explicit,True,Base Content Explicit opt fission,,77,bytes,,442532146,1822196271,2024-01-08T11:59:03,10491919.999999998,f0a524f0a0085554a1bfdfe1320ee1e87caf7a94,1356886
autoland,4663319,4,bf38f69fee000115871578b15786525e82952421,windows11-64-2009-shippable-qr,,True,,,102210fe594ee9b33d82058545b1ed14f4c8206e,,Base Content Explicit,True,Base Content Explicit opt fission,,77,bytes,,442564781,1822398581,2024-01-08T15:57:02,10500112.000000013,fa142c3f71b8a5f5e5781fe41471dc1528cecd75,1357053
autoland,4663319,4,bf38f69fee000115871578b15786525e82952421,windows11-64-2009-shippable-qr,,True,,,102210fe594ee9b33d82058545b1ed14f4c8206e,,Base Content Explicit,True,Base Content Explicit opt fission,,77,bytes,,442597635,1822466333,2024-01-08T20:04:05,10432527.99999999,41ae953b02271ceda653046c5072bfe0329c7e96,1357175
autoland,4663319,4,bf38f69fee000115871578b15786525e82952421,windows11-64-2009-shippable-qr,,True,,,102210fe594ee9b33d82058545b1ed14f4c8206e,,Base Content Explicit,True,Base Content Explicit opt fission,,77,bytes,,442630812,1822612884,2024-01-09T02:28:42,10545168.000000006,ea866029ce2e23f03843038e1fd8ba7ca9ea30bb,1357330
autoland,4663319,4,bf38f69fee000115871578b15786525e82952421,windows11-64-2009-shippable-qr,,True,,,102210fe594ee9b33d82058545b1ed14f4c8206e,,Base Content Explicit,True,Base Content Explicit opt fission,,77,bytes,,442688220,1822964455,2024-01-09T11:20:33,10520591.999999993,b29d6ace45f4ca84cd58b15ab4430194755a7056,1357465
autoland,4663319,4,bf38f69fee000115871578b15786525e82952421,windows11-64-2009-shippable-qr,,True,,,102210fe594ee9b33d82058545b1ed14f4c8206e,,Base Content Explicit,True,Base Content Explicit opt fission,,77,bytes,,442689527,1822969392,2024-01-09T11:56:06,10477584.000000011,051ee8b6b5420d6e2ef877ed6ff3a70306257659,1357476
autoland,4663319,4,bf38f69fee000115871578b15786525e82952421,windows11-64-2009-shippable-qr,,True,,,102210fe594ee9b33d82058545b1ed14f4c8206e,,Base Content Explicit,True,Base Content Explicit opt fission,,77,bytes,,442727314,1823084473,2024-01-09T16:23:43,10590224.0,39da72deac75c8026ae23df612934a7fc7c3693a,1357611
autoland,4663319,4,bf38f69fee000115871578b15786525e82952421,windows11-64-2009-shippable-qr,,True,,,102210fe594ee9b33d82058545b1ed14f4c8206e,,Base Content Explicit,True,Base Content Explicit opt fission,,77,bytes,,442727649,1823088135,2024-01-09T17:04:21,10475535.999999981,65446098ef641575f65d67f1db14e51401e565de,1357636
autoland,4663319,4,bf38f69fee000115871578b15786525e82952421,windows11-64-2009-shippable-qr,,True,,,102210fe594ee9b33d82058545b1ed14f4c8206e,,Base Content Explicit,True,Base Content Explicit opt fission,,77,bytes,,442767488,1823326242,2024-01-09T23:58:45,10520591.999999993,33d47d05c368a7b03c3843f70deb11c351eab0e7,1357896
autoland,4663319,4,bf38f69fee000115871578b15786525e82952421,windows11-64-2009-shippable-qr,,True,,,102210fe594ee9b33d82058545b1ed14f4c8206e,,Base Content Explicit,True,Base Content Explicit opt fission,,77,bytes,,442794504,1823487171,2024-01-10T06:33:00,10469392.000000002,8d93c10892064c983f5603645b9f6db6494fac24,1357998
autoland,4663319,4,bf38f69fee000115871578b15786525e82952421,windows11-64-2009-shippable-qr,,True,,,102210fe594ee9b33d82058545b1ed14f4c8206e,,Base Content Explicit,True,Base Content Explicit opt fission,,77,bytes,,442818609,1823612941,2024-01-10T10:37:21,10424335.999999983,c892e00c62dbbeba07a14640ce9baf3a7c27383d,1358093
autoland,4663319,4,bf38f69fee000115871578b15786525e82952421,windows11-64-2009-shippable-qr,,True,,,102210fe594ee9b33d82058545b1ed14f4c8206e,,Base Content Explicit,True,Base Content Explicit opt fission,,77,bytes,,442840154,1823639522,2024-01-10T11:50:05,10463248.00000001,645f7ed438fb8172e3e4db34d3d7821251ae066c,1358132
autoland,4663319,4,bf38f69fee000115871578b15786525e82952421,windows11-64-2009-shippable-qr,,True,,,102210fe594ee9b33d82058545b1ed14f4c8206e,,Base Content Explicit,True,Base Content Explicit opt fission,,77,bytes,,442860498,1823717148,2024-01-10T15:53:53,10414095.999999983,abbd6756776d8ea1ff22b8a5ee76e1417583f893,1358258
autoland,4663319,4,bf38f69fee000115871578b15786525e82952421,windows11-64-2009-shippable-qr,,True,,,102210fe594ee9b33d82058545b1ed14f4c8206e,,Base Content Explicit,True,Base Content Explicit opt fission,,77,bytes,,442883911,1823840068,2024-01-10T20:02:55,10498063.999999987,13107fcd50cf2795a397cd8d72ce290a0b34a909,1358406
autoland,4663319,4,bf38f69fee000115871578b15786525e82952421,windows11-64-2009-shippable-qr,,True,,,102210fe594ee9b33d82058545b1ed14f4c8206e,,Base Content Explicit,True,Base Content Explicit opt fission,,77,bytes,,442907774,1823956031,2024-01-11T01:22:24,10440719.999999987,1a93f0a64a7f897212da58c5753433922e0953cb,1358548
autoland,4663319,4,bf38f69fee000115871578b15786525e82952421,windows11-64-2009-shippable-qr,,True,,,102210fe594ee9b33d82058545b1ed14f4c8206e,,Base Content Explicit,True,Base Content Explicit opt fission,,77,bytes,,442930675,1824069516,2024-01-11T07:34:58,10504208.000000006,53b379d2ca1da12d341d8c9f8e59575152c88b27,1358622
autoland,4663319,4,bf38f69fee000115871578b15786525e82952421,windows11-64-2009-shippable-qr,,True,,,102210fe594ee9b33d82058545b1ed14f4c8206e,,Base Content Explicit,True,Base Content Explicit opt fission,,77,bytes,,442935930,1824075950,2024-01-11T09:13:52,10407951.999999993,0bd36479d605b1a8748ee37096ff0d54383f0402,1358650
autoland,4663319,4,bf38f69fee000115871578b15786525e82952421,windows11-64-2009-shippable-qr,,True,,,102210fe594ee9b33d82058545b1ed14f4c8206e,,Base Content Explicit,True,Base Content Explicit opt fission,,77,bytes,,442973313,1824207509,2024-01-11T13:33:40,10618895.999999985,9e9da9a3335070604e4d44a2a97d897ca73a4c16,1358737
autoland,4663319,4,bf38f69fee000115871578b15786525e82952421,windows11-64-2009-shippable-qr,,True,,,102210fe594ee9b33d82058545b1ed14f4c8206e,,Base Content Explicit,True,Base Content Explicit opt fission,,77,bytes,,442987179,1824270626,2024-01-11T15:31:24,10493968.000000017,0fbc415c1704aee17dbd065e8d41e057993f1797,1358816
autoland,4663319,4,bf38f69fee000115871578b15786525e82952421,windows11-64-2009-shippable-qr,,True,,,102210fe594ee9b33d82058545b1ed14f4c8206e,,Base Content Explicit,True,Base Content Explicit opt fission,,77,bytes,,443028163,1824424786,2024-01-11T19:45:18,10414095.999999983,51d3d025e7fa3113193da45b9c1b1d792060a4c3,1358981
autoland,4663319,4,bf38f69fee000115871578b15786525e82952421,windows11-64-2009-shippable-qr,,True,,,102210fe594ee9b33d82058545b1ed14f4c8206e,,Base Content Explicit,True,Base Content Explicit opt fission,,77,bytes,,443022313,1824394450,2024-01-11T20:05:09,10547215.999999994,8f1e9e2c902a89cfb9f9ea20307fb3ee8a91a4af,1358995
autoland,4663319,4,bf38f69fee000115871578b15786525e82952421,windows11-64-2009-shippable-qr,,True,,,102210fe594ee9b33d82058545b1ed14f4c8206e,,Base Content Explicit,True,Base Content Explicit opt fission,,77,bytes,,443056659,1824573027,2024-01-12T01:35:24,10559504.000000017,1d2ccbe0bb6db4d9628b16914b33c5dc5e9406dc,1359176
autoland,4663319,4,bf38f69fee000115871578b15786525e82952421,windows11-64-2009-shippable-qr,,True,,,102210fe594ee9b33d82058545b1ed14f4c8206e,,Base Content Explicit,True,Base Content Explicit opt fission,,77,bytes,,443070851,1824662635,2024-01-12T05:09:20,10573839.99999999,1dc9f987063cf678f5c26e7534eadc8bfd186fa9,1359210
autoland,4663319,4,bf38f69fee000115871578b15786525e82952421,windows11-64-2009-shippable-qr,,True,,,102210fe594ee9b33d82058545b1ed14f4c8206e,,Base Content Explicit,True,Base Content Explicit opt fission,,77,bytes,,443100232,1824844130,2024-01-12T09:17:33,10442768.000000007,734e2e027196a9d64120ebf11a01a1b03e494d43,1359269
autoland,4663319,4,bf38f69fee000115871578b15786525e82952421,windows11-64-2009-shippable-qr,,True,,,102210fe594ee9b33d82058545b1ed14f4c8206e,,Base Content Explicit,True,Base Content Explicit opt fission,,77,bytes,,443099391,1824837420,2024-01-12T09:50:00,10563599.999999983,04e959fcffc3608cfdc8e3812cac822a94eb7f79,1359287
autoland,4663319,4,bf38f69fee000115871578b15786525e82952421,windows11-64-2009-shippable-qr,,True,,,102210fe594ee9b33d82058545b1ed14f4c8206e,,Base Content Explicit,True,Base Content Explicit opt fission,,77,bytes,,443134731,1825040864,2024-01-12T13:58:07,10450960.000000019,ce67ec7f0570e0dbbb4af59d868791341b3ae825,1359382
autoland,4663319,4,bf38f69fee000115871578b15786525e82952421,windows11-64-2009-shippable-qr,,True,,,102210fe594ee9b33d82058545b1ed14f4c8206e,,Base Content Explicit,True,Base Content Explicit opt fission,,77,bytes,,443140061,1825083237,2024-01-12T15:59:03,10575887.999999998,ca885660ea6d70595474b1663ce6806f7a86a6ea,1359473
autoland,4663319,4,bf38f69fee000115871578b15786525e82952421,windows11-64-2009-shippable-qr,,True,,,102210fe594ee9b33d82058545b1ed14f4c8206e,,Base Content Explicit,True,Base Content Explicit opt fission,,77,bytes,,443164104,1825201457,2024-01-12T19:38:29,10434576.000000015,00f949eecc1be917553e235f582aeb7e1e1146fd,1359666
autoland,4663319,4,bf38f69fee000115871578b15786525e82952421,windows11-64-2009-shippable-qr,,True,,,102210fe594ee9b33d82058545b1ed14f4c8206e,,Base Content Explicit,True,Base Content Explicit opt fission,,77,bytes,,443184945,1825285623,2024-01-12T23:40:01,10410000.000000013,53d4d65c33f1a556689dd9de738b173142e52749,1359778
autoland,4663319,4,bf38f69fee000115871578b15786525e82952421,windows11-64-2009-shippable-qr,,True,,,102210fe594ee9b33d82058545b1ed14f4c8206e,,Base Content Explicit,True,Base Content Explicit opt fission,,77,bytes,,443207894,1825452649,2024-01-13T08:47:40,10530831.999999983,1c1cef3dae75411dbe9bc03547274f506cade636,1359844
autoland,4663319,4,bf38f69fee000115871578b15786525e82952421,windows11-64-2009-shippable-qr,,True,,,102210fe594ee9b33d82058545b1ed14f4c8206e,,Base Content Explicit,True,Base Content Explicit opt fission,,77,bytes,,443229842,1825522567,2024-01-13T14:38:07,10520591.999999993,9e96d1447f6c77f15bcd1c7fa432cefae4418038,1359886
autoland,4663319,4,bf38f69fee000115871578b15786525e82952421,windows11-64-2009-shippable-qr,,True,,,102210fe594ee9b33d82058545b1ed14f4c8206e,,Base Content Explicit,True,Base Content Explicit opt fission,,77,bytes,,443249422,1825607582,2024-01-13T23:22:39,10520591.999999993,05b08c9f9a5822b969513dda16d5f55e322ade4f,1359908
autoland,4663319,4,bf38f69fee000115871578b15786525e82952421,windows11-64-2009-shippable-qr,,True,,,102210fe594ee9b33d82058545b1ed14f4c8206e,,Base Content Explicit,True,Base Content Explicit opt fission,,77,bytes,,443275568,1825762687,2024-01-14T13:25:52,10512399.999999987,b24d63d72f77a64fe5d8bce6420b88e7e0c4d9da,1359942
autoland,4663319,4,bf38f69fee000115871578b15786525e82952421,windows11-64-2009-shippable-qr,,True,,,102210fe594ee9b33d82058545b1ed14f4c8206e,,Base Content Explicit,True,Base Content Explicit opt fission,,77,bytes,,443301153,1825862968,2024-01-15T05:08:04,10598415.999999989,de4567bec5231630b24dbc8a0f117c108e274afc,1360013
autoland,4663319,4,bf38f69fee000115871578b15786525e82952421,windows11-64-2009-shippable-qr,,True,,,102210fe594ee9b33d82058545b1ed14f4c8206e,,Base Content Explicit,True,Base Content Explicit opt fission,,77,bytes,,443302957,1825875789,2024-01-15T06:43:10,10559504.000000017,fed0bf16c40eba956c10bb3214420acaf75ee212,1360023
autoland,4663319,4,bf38f69fee000115871578b15786525e82952421,windows11-64-2009-shippable-qr,,True,,,102210fe594ee9b33d82058545b1ed14f4c8206e,,Base Content Explicit,True,Base Content Explicit opt fission,,77,bytes,,443334656,1825986019,2024-01-15T11:02:38,10618895.999999985,43598f45eee98e83ea2f55ce9a36e000770cf985,1360080
autoland,4663319,4,bf38f69fee000115871578b15786525e82952421,windows11-64-2009-shippable-qr,,True,,,102210fe594ee9b33d82058545b1ed14f4c8206e,,Base Content Explicit,True,Base Content Explicit opt fission,,77,bytes,,443343635,1826035118,2024-01-15T13:01:22,10459152.000000006,253b1ef032b4e35683449c7af5d9effaa417e813,1360125
autoland,4663319,4,bf38f69fee000115871578b15786525e82952421,windows11-64-2009-shippable-qr,,True,,,102210fe594ee9b33d82058545b1ed14f4c8206e,,Base Content Explicit,True,Base Content Explicit opt fission,,77,bytes,,443369497,1826139420,2024-01-15T16:45:21,10479631.999999987,a9ede7f8216422a86a2b25e0696d884c8a069b78,1360291
autoland,4663319,4,bf38f69fee000115871578b15786525e82952421,windows11-64-2009-shippable-qr,,True,,,102210fe594ee9b33d82058545b1ed14f4c8206e,,Base Content Explicit,True,Base Content Explicit opt fission,,77,bytes,,443406792,1826290187,2024-01-15T21:04:35,10438672.000000007,8a68c5a8cac8300a140767d36eaed293e8f2664c,1360446
autoland,4663319,4,bf38f69fee000115871578b15786525e82952421,windows11-64-2009-shippable-qr,,True,,,102210fe594ee9b33d82058545b1ed14f4c8206e,,Base Content Explicit,True,Base Content Explicit opt fission,,77,bytes,,443424835,1826368843,2024-01-16T02:30:18,10534928.000000002,02d1a62ad90af487d859bc4971a43862dceeda6e,1360561
autoland,4663319,4,bf38f69fee000115871578b15786525e82952421,windows11-64-2009-shippable-qr,,True,,,102210fe594ee9b33d82058545b1ed14f4c8206e,,Base Content Explicit,True,Base Content Explicit opt fission,,77,bytes,,443428723,1826386903,2024-01-16T03:41:09,10461200.000000015,70cdba288eb3585a65e68748b4aecfe615cf92e8,1360576
autoland,4663319,4,bf38f69fee000115871578b15786525e82952421,windows11-64-2009-shippable-qr,,True,,,102210fe594ee9b33d82058545b1ed14f4c8206e,,Base Content Explicit,True,Base Content Explicit opt fission,,77,bytes,,443449502,1826525259,2024-01-16T08:02:14,10416144.000000007,f2c924263ffece6d0b30e6a52dfd32792c5bf5ab,1360634
autoland,4663319,4,bf38f69fee000115871578b15786525e82952421,windows11-64-2009-shippable-qr,,True,,,102210fe594ee9b33d82058545b1ed14f4c8206e,,Base Content Explicit,True,Base Content Explicit opt fission,,77,bytes,,443486591,1826644923,2024-01-16T12:14:54,10524688.000000007,b7a792b71de6beb8e167d10494fa1c387f55f9c2,1360755
autoland,4663319,4,bf38f69fee000115871578b15786525e82952421,windows11-64-2009-shippable-qr,,True,,,102210fe594ee9b33d82058545b1ed14f4c8206e,,Base Content Explicit,True,Base Content Explicit opt fission,,77,bytes,,443506415,1826746555,2024-01-16T16:10:42,10424335.999999983,c57d859580d036c47f9c0140e247b012211f6475,1360921
autoland,4663319,4,bf38f69fee000115871578b15786525e82952421,windows11-64-2009-shippable-qr,,True,,,102210fe594ee9b33d82058545b1ed14f4c8206e,,Base Content Explicit,True,Base Content Explicit opt fission,,77,bytes,,443521531,1826822010,2024-01-16T18:47:57,10440719.999999987,70d83d705e48aa6e7e7f765142176e775044db26,1361053
autoland,4663319,4,bf38f69fee000115871578b15786525e82952421,windows11-64-2009-shippable-qr,,True,,,102210fe594ee9b33d82058545b1ed14f4c8206e,,Base Content Explicit,True,Base Content Explicit opt fission,,77,bytes,,443540666,1826877691,2024-01-16T21:05:47,10582032.000000017,be11cd2890f611f1552236eed7ffe53fba913a46,1361171
autoland,4663319,4,bf38f69fee000115871578b15786525e82952421,windows11-64-2009-shippable-qr,,True,,,102210fe594ee9b33d82058545b1ed14f4c8206e,,Base Content Explicit,True,Base Content Explicit opt fission,,77,bytes,,443555992,1826961752,2024-01-17T00:27:37,10489872.000000015,2425c93f20f61b806df955141332d7cb553c6efb,1361277
autoland,4663319,4,bf38f69fee000115871578b15786525e82952421,windows11-64-2009-shippable-qr,,True,,,102210fe594ee9b33d82058545b1ed14f4c8206e,,Base Content Explicit,True,Base Content Explicit opt fission,,77,bytes,,443576448,1827064210,2024-01-17T05:04:36,10541071.999999996,71000174812fc0992b6793e53ac5f11f1b87bdc0,1361364
autoland,4663319,4,bf38f69fee000115871578b15786525e82952421,windows11-64-2009-shippable-qr,,True,,,102210fe594ee9b33d82058545b1ed14f4c8206e,,Base Content Explicit,True,Base Content Explicit opt fission,,77,bytes,,443617950,1827208865,2024-01-17T09:39:35,10510352.000000002,504ffc20d2ebb35be48357830d614ec96765c802,1361428
autoland,4663319,4,bf38f69fee000115871578b15786525e82952421,windows11-64-2009-shippable-qr,,True,,,102210fe594ee9b33d82058545b1ed14f4c8206e,,Base Content Explicit,True,Base Content Explicit opt fission,,77,bytes,,443628382,1827252728,2024-01-17T11:04:44,10477584.000000011,362d9aca9e101b9ee8f7efe2a7c456e245e6313c,1361499
autoland,4663319,4,bf38f69fee000115871578b15786525e82952421,windows11-64-2009-shippable-qr,,True,,,102210fe594ee9b33d82058545b1ed14f4c8206e,,Base Content Explicit,True,Base Content Explicit opt fission,,77,bytes,,443678014,1827452262,2024-01-17T15:07:48,10530831.999999983,848e3e2acdf34af9e6862b8a77a8d1ea39c48098,1361632
autoland,4663319,4,bf38f69fee000115871578b15786525e82952421,windows11-64-2009-shippable-qr,,True,,,102210fe594ee9b33d82058545b1ed14f4c8206e,,Base Content Explicit,True,Base Content Explicit opt fission,,77,bytes,,443672030,1827416748,2024-01-17T15:18:54,10436623.999999998,a11dab561c63102a4ed97f42068f448ec332c652,1361644
autoland,4663319,4,bf38f69fee000115871578b15786525e82952421,windows11-64-2009-shippable-qr,,True,,,102210fe594ee9b33d82058545b1ed14f4c8206e,,Base Content Explicit,True,Base Content Explicit opt fission,,77,bytes,,443715701,1827641270,2024-01-17T23:49:06,10592271.999999983,fe239ad8a8aea4198d356ae3ab92415c5237b530,1361957
autoland,4663319,4,bf38f69fee000115871578b15786525e82952421,windows11-64-2009-shippable-qr,,True,,,102210fe594ee9b33d82058545b1ed14f4c8206e,,Base Content Explicit,True,Base Content Explicit opt fission,,77,bytes,,443716159,1827647167,2024-01-17T23:52:50,10522639.999999985,79a6322a49b2f811fe674c1802ab75b99d9c95a3,1361961
autoland,4663319,4,bf38f69fee000115871578b15786525e82952421,windows11-64-2009-shippable-qr,,True,,,102210fe594ee9b33d82058545b1ed14f4c8206e,,Base Content Explicit,True,Base Content Explicit opt fission,,77,bytes,,443727690,1827749216,2024-01-18T01:49:32,10514448.000000007,c38d482445a0c034ac7b8fc0219092fccdbc58b2,1362034
autoland,4663319,4,bf38f69fee000115871578b15786525e82952421,windows11-64-2009-shippable-qr,,True,,,102210fe594ee9b33d82058545b1ed14f4c8206e,,Base Content Explicit,True,Base Content Explicit opt fission,,77,bytes,,443757443,1827894532,2024-01-18T06:50:06,10483727.999999985,a505d6315623943fb581b7f21beece40fc6faf17,1362092
autoland,4663319,4,bf38f69fee000115871578b15786525e82952421,windows11-64-2009-shippable-qr,,True,,,102210fe594ee9b33d82058545b1ed14f4c8206e,,Base Content Explicit,True,Base Content Explicit opt fission,,77,bytes,,443789632,1828111975,2024-01-18T10:52:50,10487823.999999994,0688ca401470034e41e10f2480620e88cac2700f,1362184
autoland,4663319,4,bf38f69fee000115871578b15786525e82952421,windows11-64-2009-shippable-qr,,True,,,102210fe594ee9b33d82058545b1ed14f4c8206e,,Base Content Explicit,True,Base Content Explicit opt fission,,77,bytes,,443801353,1828134167,2024-01-18T13:21:23,10455055.999999983,68ff26df33468fe750b39f175b43b8507718ece4,1362232
autoland,4663319,4,bf38f69fee000115871578b15786525e82952421,windows11-64-2009-shippable-qr,,True,,,102210fe594ee9b33d82058545b1ed14f4c8206e,,Base Content Explicit,True,Base Content Explicit opt fission,,77,bytes,,443829781,1828321561,2024-01-18T17:52:02,10401807.999999989,2b70f662a79773d519e78f0b8b64723a20b1e788,1362427
autoland,4663319,4,bf38f69fee000115871578b15786525e82952421,windows11-64-2009-shippable-qr,,True,,,102210fe594ee9b33d82058545b1ed14f4c8206e,,Base Content Explicit,True,Base Content Explicit opt fission,,77,bytes,,443872123,1828462143,2024-01-18T23:10:50,10567696.000000013,ef9ad6a28dae5d4efbe723dde5068cfdde493918,1362632
autoland,4663319,4,bf38f69fee000115871578b15786525e82952421,windows11-64-2009-shippable-qr,,True,,,102210fe594ee9b33d82058545b1ed14f4c8206e,,Base Content Explicit,True,Base Content Explicit opt fission,,77,bytes,,443876315,1828509264,2024-01-18T23:17:45,10405903.999999994,5624cd2e1525fd15b148c44ce2106fce74d6f297,1362637
autoland,4663319,4,bf38f69fee000115871578b15786525e82952421,windows11-64-2009-shippable-qr,,True,,,102210fe594ee9b33d82058545b1ed14f4c8206e,,Base Content Explicit,True,Base Content Explicit opt fission,,77,bytes,,443896597,1828642555,2024-01-19T04:17:47,10496016.000000002,b6393478fdf670fcce10fd4334c2601561eaea5d,1362724
autoland,4663319,4,bf38f69fee000115871578b15786525e82952421,windows11-64-2009-shippable-qr,,True,,,102210fe594ee9b33d82058545b1ed14f4c8206e,,Base Content Explicit,True,Base Content Explicit opt fission,,77,bytes,,443935204,1828746688,2024-01-19T10:07:40,10565648.000000004,99bf71eaca444aa371e7c84536a1b8aa434ef205,1362807
autoland,4663319,4,bf38f69fee000115871578b15786525e82952421,windows11-64-2009-shippable-qr,,True,,,102210fe594ee9b33d82058545b1ed14f4c8206e,,Base Content Explicit,True,Base Content Explicit opt fission,,77,bytes,,443936257,1828750865,2024-01-19T10:28:03,10545168.000000006,7459e9088955262e4430e24661d856acc7ca8929,1362814
autoland,4663319,4,bf38f69fee000115871578b15786525e82952421,windows11-64-2009-shippable-qr,,True,,,102210fe594ee9b33d82058545b1ed14f4c8206e,,Base Content Explicit,True,Base Content Explicit opt fission,,77,bytes,,443955530,1828867580,2024-01-19T14:55:23,10483727.999999985,3aabb457a4630b878d121ef2eb9d2f0448847a6b,1362913
autoland,4663319,4,bf38f69fee000115871578b15786525e82952421,windows11-64-2009-shippable-qr,,True,,,102210fe594ee9b33d82058545b1ed14f4c8206e,,Base Content Explicit,True,Base Content Explicit opt fission,,77,bytes,,443979284,1828985892,2024-01-19T19:17:59,10606607.999999985,1ccd394332683308e570afe9039275d8e79be900,1363113
autoland,4663319,4,bf38f69fee000115871578b15786525e82952421,windows11-64-2009-shippable-qr,,True,,,102210fe594ee9b33d82058545b1ed14f4c8206e,,Base Content Explicit,True,Base Content Explicit opt fission,,77,bytes,,444005444,1829210036,2024-01-20T00:04:44,10450960.000000019,6d2ef7f226a0360135c1955b8805bd41d9af41e4,1363285
autoland,4663319,4,bf38f69fee000115871578b15786525e82952421,windows11-64-2009-shippable-qr,,True,,,102210fe594ee9b33d82058545b1ed14f4c8206e,,Base Content Explicit,True,Base Content Explicit opt fission,,77,bytes,,444012816,1829292813,2024-01-20T04:18:19,10553360.000000015,5471899cc9d0a7dfda174e9d7cfc986c2820eff8,1363367
autoland,4663319,4,bf38f69fee000115871578b15786525e82952421,windows11-64-2009-shippable-qr,,True,,,102210fe594ee9b33d82058545b1ed14f4c8206e,,Base Content Explicit,True,Base Content Explicit opt fission,,77,bytes,,444041130,1829484821,2024-01-21T00:59:25,10512399.999999987,4f4fa003a90f9d818ecfa36474300a11af18be25,1363463
autoland,4663319,4,bf38f69fee000115871578b15786525e82952421,windows11-64-2009-shippable-qr,,True,,,102210fe594ee9b33d82058545b1ed14f4c8206e,,Base Content Explicit,True,Base Content Explicit opt fission,,77,bytes,,444068775,1829588029,2024-01-21T14:36:57,10506255.999999998,0361c1f29babcfb2f10e1646dffe72cd452a3df4,1363517
autoland,4663319,4,bf38f69fee000115871578b15786525e82952421,windows11-64-2009-shippable-qr,,True,,,102210fe594ee9b33d82058545b1ed14f4c8206e,,Base Content Explicit,True,Base Content Explicit opt fission,,77,bytes,,444097926,1829696558,2024-01-22T07:43:27,10426384.0,6b4a069fe37d2413229dda3b61ccaf7b8f3a5f5d,1363663
autoland,4663319,4,bf38f69fee000115871578b15786525e82952421,windows11-64-2009-shippable-qr,,True,,,102210fe594ee9b33d82058545b1ed14f4c8206e,,Base Content Explicit,True,Base Content Explicit opt fission,,77,bytes,,444125970,1829770399,2024-01-22T10:58:56,10504208.000000006,095c9da9e10fc012c2e6a7d929fdcc7c03d09373,1363731
autoland,4663319,4,bf38f69fee000115871578b15786525e82952421,windows11-64-2009-shippable-qr,,True,,,102210fe594ee9b33d82058545b1ed14f4c8206e,,Base Content Explicit,True,Base Content Explicit opt fission,,77,bytes,,444162757,1829962889,2024-01-22T15:24:53,10514448.000000007,58cedc1e4ff28881f9ebd1749feaa24edbded9ce,1363894
autoland,4663319,4,bf38f69fee000115871578b15786525e82952421,windows11-64-2009-shippable-qr,,True,,,102210fe594ee9b33d82058545b1ed14f4c8206e,,Base Content Explicit,True,Base Content Explicit opt fission,,77,bytes,,444170207,1829965714,2024-01-22T15:55:20,10569743.999999989,82dfbdd770bc54674f82bae256dae683772884af,1363920
autoland,4663319,4,bf38f69fee000115871578b15786525e82952421,windows11-64-2009-shippable-qr,,True,,,102210fe594ee9b33d82058545b1ed14f4c8206e,,Base Content Explicit,True,Base Content Explicit opt fission,,77,bytes,,444198808,1830087539,2024-01-22T18:55:34,10498063.999999987,ef71d190cd57de7a178f312b29fc104e6e3e98d4,1364078
autoland,4663319,4,bf38f69fee000115871578b15786525e82952421,windows11-64-2009-shippable-qr,,True,,,102210fe594ee9b33d82058545b1ed14f4c8206e,,Base Content Explicit,True,Base Content Explicit opt fission,,77,bytes,,444233986,1830234003,2024-01-22T22:04:08,10481679.999999983,06bafd5cf7f34e757edddf2def6a98003c6b1643,1364244
autoland,4663319,4,bf38f69fee000115871578b15786525e82952421,windows11-64-2009-shippable-qr,,True,,,102210fe594ee9b33d82058545b1ed14f4c8206e,,Base Content Explicit,True,Base Content Explicit opt fission,,77,bytes,,444241467,1830280469,2024-01-23T00:22:14,10545168.000000006,43fa5aa71c8c00288a4fe686f0e4bf72e2f5f28d,1364332
autoland,4663319,4,bf38f69fee000115871578b15786525e82952421,windows11-64-2009-shippable-qr,,True,,,102210fe594ee9b33d82058545b1ed14f4c8206e,,Base Content Explicit,True,Base Content Explicit opt fission,,77,bytes,,444261214,1830395713,2024-01-23T05:54:31,10545168.000000006,fcdb6404eb0234c50bf85922bacad525da6851d5,1364408
autoland,4663319,4,bf38f69fee000115871578b15786525e82952421,windows11-64-2009-shippable-qr,,True,,,102210fe594ee9b33d82058545b1ed14f4c8206e,,Base Content Explicit,True,Base Content Explicit opt fission,,77,bytes,,444308681,1830591329,2024-01-23T14:14:29,10463248.00000001,296f1b67a4750aa2166832b5b9d8ba0eee6fe635,1364570
autoland,4663319,4,bf38f69fee000115871578b15786525e82952421,windows11-64-2009-shippable-qr,,True,,,102210fe594ee9b33d82058545b1ed14f4c8206e,,Base Content Explicit,True,Base Content Explicit opt fission,,77,bytes,,444318668,1830645514,2024-01-23T14:50:16,10516496.000000015,f3efca74da0f43269bd8ac07e2a5d27e89c4d7c3,1364607
autoland,4663319,4,bf38f69fee000115871578b15786525e82952421,windows11-64-2009-shippable-qr,,True,,,102210fe594ee9b33d82058545b1ed14f4c8206e,,Base Content Explicit,True,Base Content Explicit opt fission,,77,bytes,,444325718,1830689722,2024-01-23T16:09:55,10491919.999999998,936300bf2ee78e086143fb3718e2c0af755385b0,1364702
autoland,4663319,4,bf38f69fee000115871578b15786525e82952421,windows11-64-2009-shippable-qr,,True,,,102210fe594ee9b33d82058545b1ed14f4c8206e,,Base Content Explicit,True,Base Content Explicit opt fission,,77,bytes,,444345492,1830854609,2024-01-23T19:03:54,10434576.000000015,ec71bc6778c4bdb9b4a93283fc0a3d3f302eb89e,1364834
autoland,4663319,4,bf38f69fee000115871578b15786525e82952421,windows11-64-2009-shippable-qr,,True,,,102210fe594ee9b33d82058545b1ed14f4c8206e,,Base Content Explicit,True,Base Content Explicit opt fission,,77,bytes,,444372766,1830961561,2024-01-23T22:21:15,10602511.999999993,25e5c4ea04b149ffa31cda5c4d75559df5369612,1365024
autoland,4663319,4,bf38f69fee000115871578b15786525e82952421,windows11-64-2009-shippable-qr,,True,,,102210fe594ee9b33d82058545b1ed14f4c8206e,,Base Content Explicit,True,Base Content Explicit opt fission,,77,bytes,,444390393,1831057128,2024-01-24T02:38:58,10491919.999999998,a0389da68b91e5a92b02ccd9e65991bffb5d5771,1365197
autoland,4663319,4,bf38f69fee000115871578b15786525e82952421,windows11-64-2009-shippable-qr,,True,,,102210fe594ee9b33d82058545b1ed14f4c8206e,,Base Content Explicit,True,Base Content Explicit opt fission,,77,bytes,,444406507,1831145528,2024-01-24T06:43:12,10627087.999999998,eed6f8e8fe3af01f49be74cc1be72d51e5a0933f,1365260
autoland,4663319,4,bf38f69fee000115871578b15786525e82952421,windows11-64-2009-shippable-qr,,True,,,102210fe594ee9b33d82058545b1ed14f4c8206e,,Base Content Explicit,True,Base Content Explicit opt fission,,77,bytes,,444406838,1831148767,2024-01-24T06:57:11,10545168.000000006,7079db6b8da9081aee6b0ce96b68f368efec3277,1365262
autoland,4663319,4,bf38f69fee000115871578b15786525e82952421,windows11-64-2009-shippable-qr,,True,,,102210fe594ee9b33d82058545b1ed14f4c8206e,,Base Content Explicit,True,Base Content Explicit opt fission,,77,bytes,,444458506,1831341811,2024-01-24T11:40:35,10471440.000000011,ce20634f32a1b78384fbbc028b4f86266056e7fb,1365369
autoland,4663319,4,bf38f69fee000115871578b15786525e82952421,windows11-64-2009-shippable-qr,,True,,,102210fe594ee9b33d82058545b1ed14f4c8206e,,Base Content Explicit,True,Base Content Explicit opt fission,,77,bytes,,444487652,1831504221,2024-01-24T16:03:05,10600463.999999994,150dd33322ea6d34c4829f8e67efe7e37be8c48e,1365533
autoland,4663319,4,bf38f69fee000115871578b15786525e82952421,windows11-64-2009-shippable-qr,,True,,,102210fe594ee9b33d82058545b1ed14f4c8206e,,Base Content Explicit,True,Base Content Explicit opt fission,,77,bytes,,444505565,1831587797,2024-01-24T18:01:21,10420240.000000011,e22428605dbb49942204564b03db80f474ea35ba,1365677
autoland,4663319,4,bf38f69fee000115871578b15786525e82952421,windows11-64-2009-shippable-qr,,True,,,102210fe594ee9b33d82058545b1ed14f4c8206e,,Base Content Explicit,True,Base Content Explicit opt fission,,77,bytes,,444530364,1831712913,2024-01-24T22:08:16,10477584.000000011,b8b82bd9546fe4e63cd5e9d29248d87665c548b8,1365907
autoland,4663319,4,bf38f69fee000115871578b15786525e82952421,windows11-64-2009-shippable-qr,,True,,,102210fe594ee9b33d82058545b1ed14f4c8206e,,Base Content Explicit,True,Base Content Explicit opt fission,,77,bytes,,444547607,1831814848,2024-01-25T05:05:51,10524688.000000007,ce5606473bf95f0899f69034525766ca9d0ed749,1366048
autoland,4663319,4,bf38f69fee000115871578b15786525e82952421,windows11-64-2009-shippable-qr,,True,,,102210fe594ee9b33d82058545b1ed14f4c8206e,,Base Content Explicit,True,Base Content Explicit opt fission,,77,bytes,,444564133,1831900675,2024-01-25T07:56:38,10606607.999999985,c0289f78466cf0bf8a6871ef3417c180aab77e07,1366087
autoland,4663319,4,bf38f69fee000115871578b15786525e82952421,windows11-64-2009-shippable-qr,,True,,,102210fe594ee9b33d82058545b1ed14f4c8206e,,Base Content Explicit,True,Base Content Explicit opt fission,,77,bytes,,444598203,1832015006,2024-01-25T12:05:33,10502159.999999993,c746000752516a4b8ede1f6a5c7b2f4be12a33d7,1366202
autoland,4663319,4,bf38f69fee000115871578b15786525e82952421,windows11-64-2009-shippable-qr,,True,,,102210fe594ee9b33d82058545b1ed14f4c8206e,,Base Content Explicit,True,Base Content Explicit opt fission,,77,bytes,,444619268,1832140194,2024-01-25T15:26:29,10563599.999999983,34f197ce93a24d93523617eba67ecee2e990c37c,1366326
autoland,4663319,4,bf38f69fee000115871578b15786525e82952421,windows11-64-2009-shippable-qr,,True,,,102210fe594ee9b33d82058545b1ed14f4c8206e,,Base Content Explicit,True,Base Content Explicit opt fission,,77,bytes,,444651516,1832322787,2024-01-25T20:50:47,10479631.999999987,dd2a416c0c76b4cc9f6161d6be89aa7356e4eae5,1366563
autoland,4663319,4,bf38f69fee000115871578b15786525e82952421,windows11-64-2009-shippable-qr,,True,,,102210fe594ee9b33d82058545b1ed14f4c8206e,,Base Content Explicit,True,Base Content Explicit opt fission,,77,bytes,,444651271,1832321265,2024-01-25T20:51:29,10510352.000000002,5da1e842ef70c74d8ed72128e460f75b633fae95,1366564
autoland,4663319,4,bf38f69fee000115871578b15786525e82952421,windows11-64-2009-shippable-qr,,True,,,102210fe594ee9b33d82058545b1ed14f4c8206e,,Base Content Explicit,True,Base Content Explicit opt fission,,77,bytes,,444688659,1832508624,2024-01-26T03:41:27,10647567.99999999,a412d893c38f632f34b44a9c5b3fd8cc30bb87be,1366751
autoland,4663319,4,bf38f69fee000115871578b15786525e82952421,windows11-64-2009-shippable-qr,,True,,,102210fe594ee9b33d82058545b1ed14f4c8206e,,Base Content Explicit,True,Base Content Explicit opt fission,,77,bytes,,444743809,1832710588,2024-01-26T11:04:34,10606607.999999985,18f5823716e4c35d7c899d2ce4be7fcd66cab9d0,1366921
autoland,4663319,4,bf38f69fee000115871578b15786525e82952421,windows11-64-2009-shippable-qr,,True,,,102210fe594ee9b33d82058545b1ed14f4c8206e,,Base Content Explicit,True,Base Content Explicit opt fission,,77,bytes,,444784414,1832917132,2024-01-26T15:49:43,10571791.999999993,19005661ad786853d186a7d3434e6c290bccaa95,1367044
autoland,4663319,4,bf38f69fee000115871578b15786525e82952421,windows11-64-2009-shippable-qr,,True,,,102210fe594ee9b33d82058545b1ed14f4c8206e,,Base Content Explicit,True,Base Content Explicit opt fission,,77,bytes,,444785744,1832928873,2024-01-26T15:52:38,10528783.999999989,4641c3dcf0c3cfbdc8976f2fcc6898107149e19e,1367050
autoland,4663319,4,bf38f69fee000115871578b15786525e82952421,windows11-64-2009-shippable-qr,,True,,,102210fe594ee9b33d82058545b1ed14f4c8206e,,Base Content Explicit,True,Base Content Explicit opt fission,,77,bytes,,444817083,1833125779,2024-01-26T20:02:47,10559504.000000017,38fb47dac16804e3d5c8211277f084198e43de88,1367207
autoland,4663319,4,bf38f69fee000115871578b15786525e82952421,windows11-64-2009-shippable-qr,,True,,,102210fe594ee9b33d82058545b1ed14f4c8206e,,Base Content Explicit,True,Base Content Explicit opt fission,,77,bytes,,444810472,1833099294,2024-01-26T20:05:08,10496016.000000002,ac4906fa040ce76ad5ea8f73caf83045f291b613,1367213
autoland,4663319,4,bf38f69fee000115871578b15786525e82952421,windows11-64-2009-shippable-qr,,True,,,102210fe594ee9b33d82058545b1ed14f4c8206e,,Base Content Explicit,True,Base Content Explicit opt fission,,77,bytes,,444836177,1833233897,2024-01-27T00:32:58,10473487.999999983,99babcb9f349f4d91fe26290269d9d25fc1bbd04,1367362
autoland,4663319,4,bf38f69fee000115871578b15786525e82952421,windows11-64-2009-shippable-qr,,True,,,102210fe594ee9b33d82058545b1ed14f4c8206e,,Base Content Explicit,True,Base Content Explicit opt fission,,77,bytes,,444853791,1833446679,2024-01-27T06:05:38,10493968.000000017,1e79d9e65ec0577bb7d698c86edc6f35b4f92ce8,1367422
autoland,4663319,4,bf38f69fee000115871578b15786525e82952421,windows11-64-2009-shippable-qr,,True,,,102210fe594ee9b33d82058545b1ed14f4c8206e,,Base Content Explicit,True,Base Content Explicit opt fission,,77,bytes,,444882295,1833606616,2024-01-27T14:01:44,10403855.999999994,09a1abcfcfb73aa1ae9781d2816102729c0f82a6,1367473
autoland,4663319,4,bf38f69fee000115871578b15786525e82952421,windows11-64-2009-shippable-qr,,True,,,102210fe594ee9b33d82058545b1ed14f4c8206e,,Base Content Explicit,True,Base Content Explicit opt fission,,77,bytes,,444900475,1833732527,2024-01-28T01:17:56,10545168.000000006,2e376c0d1662606cf6811ab3ff138b784d465291,1367530
autoland,4663319,4,bf38f69fee000115871578b15786525e82952421,windows11-64-2009-shippable-qr,,True,,,102210fe594ee9b33d82058545b1ed14f4c8206e,,Base Content Explicit,True,Base Content Explicit opt fission,,77,bytes,,444905075,1833760301,2024-01-28T06:00:30,10514448.000000007,0f372a16b1e1e959f46701e4210f6a6eaf4e40ec,1367545
autoland,4663319,4,bf38f69fee000115871578b15786525e82952421,windows11-64-2009-shippable-qr,,True,,,102210fe594ee9b33d82058545b1ed14f4c8206e,,Base Content Explicit,True,Base Content Explicit opt fission,,77,bytes,,444937667,1833871389,2024-01-28T10:01:02,10592271.999999983,9b32d8116833ab08f4e3f0b18c12587ac1f9360b,1367556
autoland,4663319,4,bf38f69fee000115871578b15786525e82952421,windows11-64-2009-shippable-qr,,True,,,102210fe594ee9b33d82058545b1ed14f4c8206e,,Base Content Explicit,True,Base Content Explicit opt fission,,77,bytes,,444947205,1833978054,2024-01-28T14:31:15,10524688.000000007,13780f5cb2f5d698f35a23f2fafa1593ef7affe9,1367584
autoland,4663319,4,bf38f69fee000115871578b15786525e82952421,windows11-64-2009-shippable-qr,,True,,,102210fe594ee9b33d82058545b1ed14f4c8206e,,Base Content Explicit,True,Base Content Explicit opt fission,,77,bytes,,444969827,1834090642,2024-01-29T01:40:26,10551311.999999981,852acff05fb8be21502af8fc12cceeb2baa70dd7,1367631
autoland,4663319,4,bf38f69fee000115871578b15786525e82952421,windows11-64-2009-shippable-qr,,True,,,102210fe594ee9b33d82058545b1ed14f4c8206e,,Base Content Explicit,True,Base Content Explicit opt fission,,77,bytes,,445012345,1834304019,2024-01-29T10:50:01,10416144.000000007,fce9e73861891da48d1a0b85240491fa3e042f8b,1367743
autoland,4663319,4,bf38f69fee000115871578b15786525e82952421,windows11-64-2009-shippable-qr,,True,,,102210fe594ee9b33d82058545b1ed14f4c8206e,,Base Content Explicit,True,Base Content Explicit opt fission,,77,bytes,,445045933,1834511808,2024-01-29T14:53:09,10506255.999999998,97de3c8a7931e01c1a1c1cf6ac90a580607b77c9,1367876
autoland,4663319,4,bf38f69fee000115871578b15786525e82952421,windows11-64-2009-shippable-qr,,True,,,102210fe594ee9b33d82058545b1ed14f4c8206e,,Base Content Explicit,True,Base Content Explicit opt fission,,77,bytes,,445060629,1834532080,2024-01-29T14:59:33,10520591.999999993,8e91f5176c0f6e1689a893ed34d5046dbbd1122e,1367883
autoland,4663319,4,bf38f69fee000115871578b15786525e82952421,windows11-64-2009-shippable-qr,,True,,,102210fe594ee9b33d82058545b1ed14f4c8206e,,Base Content Explicit,True,Base Content Explicit opt fission,,77,bytes,,445074563,1834537183,2024-01-29T17:46:45,10534928.000000002,8913eab3409d19e1cf1a2c19f256256c293b3154,1368035
autoland,4663319,4,bf38f69fee000115871578b15786525e82952421,windows11-64-2009-shippable-qr,,True,,,102210fe594ee9b33d82058545b1ed14f4c8206e,,Base Content Explicit,True,Base Content Explicit opt fission,,77,bytes,,445097095,1834650268,2024-01-29T21:21:15,10610703.99999999,57a27d8b6d2a7f1f5c1ec710e4a09422fb9c05e1,1368229
autoland,4663319,4,bf38f69fee000115871578b15786525e82952421,windows11-64-2009-shippable-qr,,True,,,102210fe594ee9b33d82058545b1ed14f4c8206e,,Base Content Explicit,True,Base Content Explicit opt fission,,77,bytes,,445116278,1834733803,2024-01-30T01:21:53,10453007.999999998,265910d5bfe79cc856e1c18d9e403fed38ee5a79,1368286
autoland,4663319,4,bf38f69fee000115871578b15786525e82952421,windows11-64-2009-shippable-qr,,True,,,102210fe594ee9b33d82058545b1ed14f4c8206e,,Base Content Explicit,True,Base Content Explicit opt fission,,77,bytes,,445190629,1835248662,2024-01-30T13:09:07,10577936.00000001,a9528d76a91bc50db12b4a18830536bb25a6e378,1368599
autoland,4663319,4,bf38f69fee000115871578b15786525e82952421,windows11-64-2009-shippable-qr,,True,,,102210fe594ee9b33d82058545b1ed14f4c8206e,,Base Content Explicit,True,Base Content Explicit opt fission,,77,bytes,,445186870,1835247638,2024-01-30T13:14:31,10461200.000000015,91338712d82fcf42896cfc451e6341a5b95963b8,1368603
autoland,4663319,4,bf38f69fee000115871578b15786525e82952421,windows11-64-2009-shippable-qr,,True,,,102210fe594ee9b33d82058545b1ed14f4c8206e,,Base Content Explicit,True,Base Content Explicit opt fission,,77,bytes,,445196182,1835250713,2024-01-30T14:29:15,10625039.999999998,1ac69623ae79a621c0035377f0841b1ba83070c1,1368655
autoland,4663319,4,bf38f69fee000115871578b15786525e82952421,windows11-64-2009-shippable-qr,,True,,,102210fe594ee9b33d82058545b1ed14f4c8206e,,Base Content Explicit,True,Base Content Explicit opt fission,,77,bytes,,445238184,1835435177,2024-01-30T18:56:21,10522639.999999985,a3dd43748dcdec6a27a5c140bfd611d463cd9acf,1368858
autoland,4663319,4,bf38f69fee000115871578b15786525e82952421,windows11-64-2009-shippable-qr,,True,,,102210fe594ee9b33d82058545b1ed14f4c8206e,,Base Content Explicit,True,Base Content Explicit opt fission,,77,bytes,,445249425,1835518425,2024-01-30T20:08:25,10418192.000000013,06b0ce1a9748e18deb48466efed01c1f5a8ff984,1368918
autoland,4663319,4,bf38f69fee000115871578b15786525e82952421,windows11-64-2009-shippable-qr,,True,,,102210fe594ee9b33d82058545b1ed14f4c8206e,,Base Content Explicit,True,Base Content Explicit opt fission,,77,bytes,,445276181,1835648739,2024-01-31T00:31:01,10625039.999999998,e35109546c3cb0f5957a604c27f5f1dd2b7f81c0,1369086
autoland,4663319,4,bf38f69fee000115871578b15786525e82952421,windows11-64-2009-shippable-qr,,True,,,102210fe594ee9b33d82058545b1ed14f4c8206e,,Base Content Explicit,True,Base Content Explicit opt fission,,77,bytes,,445278388,1835670144,2024-01-31T00:32:30,10584079.999999993,2cac2f68bfdcfc9012c537044bc475f076bda7b0,1369088
autoland,4663319,4,bf38f69fee000115871578b15786525e82952421,windows11-64-2009-shippable-qr,,True,,,102210fe594ee9b33d82058545b1ed14f4c8206e,,Base Content Explicit,True,Base Content Explicit opt fission,,77,bytes,,445294766,1835787696,2024-01-31T05:59:52,10563599.999999983,5f6f60ae2125dc46d98b4b9276bce2d562d1f1bf,1369182
autoland,4663319,4,bf38f69fee000115871578b15786525e82952421,windows11-64-2009-shippable-qr,,True,,,102210fe594ee9b33d82058545b1ed14f4c8206e,,Base Content Explicit,True,Base Content Explicit opt fission,,77,bytes,,445323995,1835920337,2024-01-31T10:01:40,10577936.00000001,201f8fe705d53181047778d1c0722017bab79e95,1369265
autoland,4663319,4,bf38f69fee000115871578b15786525e82952421,windows11-64-2009-shippable-qr,,True,,,102210fe594ee9b33d82058545b1ed14f4c8206e,,Base Content Explicit,True,Base Content Explicit opt fission,,77,bytes,,445348353,1836030395,2024-01-31T13:01:30,10541071.999999996,5e52e144df4112277cfdda903747f83f1f147385,1369309
autoland,4663319,4,bf38f69fee000115871578b15786525e82952421,windows11-64-2009-shippable-qr,,True,,,102210fe594ee9b33d82058545b1ed14f4c8206e,,Base Content Explicit,True,Base Content Explicit opt fission,,77,bytes,,445392541,1836171822,2024-01-31T17:27:18,10604560.000000004,a0bd6c4162065e8caa2b60ce8082f77d53221fb7,1369495
autoland,4663319,4,bf38f69fee000115871578b15786525e82952421,windows11-64-2009-shippable-qr,,True,,,102210fe594ee9b33d82058545b1ed14f4c8206e,,Base Content Explicit,True,Base Content Explicit opt fission,,77,bytes,,445398496,1836205626,2024-01-31T18:39:44,10518544.000000017,6bfab7427c326136417b187f0df7a7c63528daa3,1369546
autoland,4663319,4,bf38f69fee000115871578b15786525e82952421,windows11-64-2009-shippable-qr,,True,,,102210fe594ee9b33d82058545b1ed14f4c8206e,,Base Content Explicit,True,Base Content Explicit opt fission,,77,bytes,,445430903,1836347074,2024-01-31T21:40:54,10577936.00000001,2ee5ce9b3c67b7e972b0dff7348ea32cb570880e,1369676
autoland,4663319,4,bf38f69fee000115871578b15786525e82952421,windows11-64-2009-shippable-qr,,True,,,102210fe594ee9b33d82058545b1ed14f4c8206e,,Base Content Explicit,True,Base Content Explicit opt fission,,77,bytes,,445445262,1836434560,2024-02-01T02:14:37,10487823.999999994,6db2a1e04f4120175d3aad9831795823a4269aab,1369822
autoland,4663319,4,bf38f69fee000115871578b15786525e82952421,windows11-64-2009-shippable-qr,,True,,,102210fe594ee9b33d82058545b1ed14f4c8206e,,Base Content Explicit,True,Base Content Explicit opt fission,,77,bytes,,445463012,1836550692,2024-02-01T06:47:17,10512399.999999987,959c3318d5c3f3881746455c2c584be49bb179b6,1369862
autoland,4663319,4,bf38f69fee000115871578b15786525e82952421,windows11-64-2009-shippable-qr,,True,,,102210fe594ee9b33d82058545b1ed14f4c8206e,,Base Content Explicit,True,Base Content Explicit opt fission,,77,bytes,,445502569,1836711671,2024-02-01T11:14:36,10598415.999999989,a6957fa936149dccf133bd99e165c5879c2cb4d5,1370007
autoland,4663319,4,bf38f69fee000115871578b15786525e82952421,windows11-64-2009-shippable-qr,,True,,,102210fe594ee9b33d82058545b1ed14f4c8206e,,Base Content Explicit,True,Base Content Explicit opt fission,,77,bytes,,445526489,1836770397,2024-02-01T13:09:51,10569743.999999989,93a67689b8581caaa6d429ea7105abf0dc55e98f,1370065
autoland,4663319,4,bf38f69fee000115871578b15786525e82952421,windows11-64-2009-shippable-qr,,True,,,102210fe594ee9b33d82058545b1ed14f4c8206e,,Base Content Explicit,True,Base Content Explicit opt fission,,77,bytes,,445570151,1836927661,2024-02-01T17:13:14,10579983.999999996,f84c76f9460d8a2a4048954be483e24638c0f39c,1370273
autoland,4663319,4,bf38f69fee000115871578b15786525e82952421,windows11-64-2009-shippable-qr,,True,,,102210fe594ee9b33d82058545b1ed14f4c8206e,,Base Content Explicit,True,Base Content Explicit opt fission,,77,bytes,,445577384,1836967357,2024-02-01T18:09:58,10573839.99999999,854c462a083b4271435625134f95ce342e243ccb,1370333
autoland,4663319,4,bf38f69fee000115871578b15786525e82952421,windows11-64-2009-shippable-qr,,True,,,102210fe594ee9b33d82058545b1ed14f4c8206e,,Base Content Explicit,True,Base Content Explicit opt fission,,77,bytes,,445612930,1837148728,2024-02-01T22:12:05,10536976.000000007,144c524a091e2ed65d62b4911026d3400cea02fa,1370552
autoland,4663319,4,bf38f69fee000115871578b15786525e82952421,windows11-64-2009-shippable-qr,,True,,,102210fe594ee9b33d82058545b1ed14f4c8206e,,Base Content Explicit,True,Base Content Explicit opt fission,,77,bytes,,445616140,1837173024,2024-02-01T22:19:46,10426384.0,085a323ab16cb288d40fca29f6bb35d5d7e85753,1370561
autoland,4663319,4,bf38f69fee000115871578b15786525e82952421,windows11-64-2009-shippable-qr,,True,,,102210fe594ee9b33d82058545b1ed14f4c8206e,,Base Content Explicit,True,Base Content Explicit opt fission,,77,bytes,,445629443,1837250681,2024-02-02T02:49:20,10405903.999999994,dd4c0135beb5076b1a073f8d52507b724781d423,1370659
autoland,4663319,4,bf38f69fee000115871578b15786525e82952421,windows11-64-2009-shippable-qr,,True,,,102210fe594ee9b33d82058545b1ed14f4c8206e,,Base Content Explicit,True,Base Content Explicit opt fission,,77,bytes,,445703889,1837531443,2024-02-02T13:54:17,10498063.999999987,90d84a362f057a96158ef63f7aa96d639916e390,1370837
autoland,4663319,4,bf38f69fee000115871578b15786525e82952421,windows11-64-2009-shippable-qr,,True,,,102210fe594ee9b33d82058545b1ed14f4c8206e,,Base Content Explicit,True,Base Content Explicit opt fission,,77,bytes,,445720664,1837617273,2024-02-02T14:44:09,10508304.000000004,2d3365b1475ea6b0234b76a4ccfefc8c11e491a0,1370872
autoland,4663319,4,bf38f69fee000115871578b15786525e82952421,windows11-64-2009-shippable-qr,,True,,,102210fe594ee9b33d82058545b1ed14f4c8206e,,Base Content Explicit,True,Base Content Explicit opt fission,,77,bytes,,445765751,1837865612,2024-02-02T19:53:24,10508304.000000004,67f13af428e383eb2f3472448564da31a6cd3eae,1371106
autoland,4663319,4,bf38f69fee000115871578b15786525e82952421,windows11-64-2009-shippable-qr,,True,,,102210fe594ee9b33d82058545b1ed14f4c8206e,,Base Content Explicit,True,Base Content Explicit opt fission,,77,bytes,,445774233,1837890564,2024-02-02T21:53:09,10592271.999999983,0a89948ba0c00bf10f2fb02375bb347cffbdc1e1,1371183
autoland,4663319,4,bf38f69fee000115871578b15786525e82952421,windows11-64-2009-shippable-qr,,True,,,102210fe594ee9b33d82058545b1ed14f4c8206e,,Base Content Explicit,True,Base Content Explicit opt fission,,77,bytes,,445787058,1837963099,2024-02-03T02:32:07,10579983.999999996,b9172a6f32d47b58f805d7cdc242ba32e55cb4a6,1371314
autoland,4663319,4,bf38f69fee000115871578b15786525e82952421,windows11-64-2009-shippable-qr,,True,,,102210fe594ee9b33d82058545b1ed14f4c8206e,,Base Content Explicit,True,Base Content Explicit opt fission,,77,bytes,,445797799,1838002309,2024-02-03T06:48:17,10504208.000000006,f8d442e9495d595bd8d4c6cbd272480f9d0dbfb5,1371333
autoland,4663319,4,bf38f69fee000115871578b15786525e82952421,windows11-64-2009-shippable-qr,,True,,,102210fe594ee9b33d82058545b1ed14f4c8206e,,Base Content Explicit,True,Base Content Explicit opt fission,,77,bytes,,445809669,1838044271,2024-02-03T09:08:28,10450960.000000019,6c316fd08b2f2ac6443dd8193a52f819df23ce2e,1371368
autoland,4663319,4,bf38f69fee000115871578b15786525e82952421,windows11-64-2009-shippable-qr,,True,,,102210fe594ee9b33d82058545b1ed14f4c8206e,,Base Content Explicit,True,Base Content Explicit opt fission,,77,bytes,,445832047,1838146583,2024-02-03T16:51:05,10551311.999999981,234a8e0fb95fc4c3f978bc6c198667481d3115da,1371417
autoland,4663319,4,bf38f69fee000115871578b15786525e82952421,windows11-64-2009-shippable-qr,,True,,,102210fe594ee9b33d82058545b1ed14f4c8206e,,Base Content Explicit,True,Base Content Explicit opt fission,,77,bytes,,445850425,1838245941,2024-02-04T01:32:05,10543120.000000019,7a5ad9c8b72b8e9fbc0f63d91a955bff54216958,1371481
autoland,4663319,4,bf38f69fee000115871578b15786525e82952421,windows11-64-2009-shippable-qr,,True,,,102210fe594ee9b33d82058545b1ed14f4c8206e,,Base Content Explicit,True,Base Content Explicit opt fission,,77,bytes,,445878815,1838415058,2024-02-04T11:04:08,10577936.00000001,eb281b3fd4660b5e7e7d1e77f7ebe3182c28569d,1371513
autoland,4663319,4,bf38f69fee000115871578b15786525e82952421,windows11-64-2009-shippable-qr,,True,,,102210fe594ee9b33d82058545b1ed14f4c8206e,,Base Content Explicit,True,Base Content Explicit opt fission,,77,bytes,,445890097,1838577329,2024-02-04T18:26:12,10496016.000000002,6cb794603d85d30882e94931d5c7cba2c609e8dd,1371541
autoland,4663319,4,bf38f69fee000115871578b15786525e82952421,windows11-64-2009-shippable-qr,,True,,,102210fe594ee9b33d82058545b1ed14f4c8206e,,Base Content Explicit,True,Base Content Explicit opt fission,,77,bytes,,445908047,1838653912,2024-02-05T01:14:58,10592271.999999983,778e884de4e5ecb46e2d212a6f5f4a13e465a3a4,1371575
autoland,4663319,4,bf38f69fee000115871578b15786525e82952421,windows11-64-2009-shippable-qr,,True,,,102210fe594ee9b33d82058545b1ed14f4c8206e,,Base Content Explicit,True,Base Content Explicit opt fission,,77,bytes,,445915000,1838699935,2024-02-05T06:38:18,10545168.000000006,9ca12d444230411e2168420a584a7f95e90c1f97,1371605
autoland,4663319,4,bf38f69fee000115871578b15786525e82952421,windows11-64-2009-shippable-qr,,True,,,102210fe594ee9b33d82058545b1ed14f4c8206e,,Base Content Explicit,True,Base Content Explicit opt fission,,77,bytes,,445953752,1838823623,2024-02-05T11:13:48,10596368.000000004,e026ce62cd3a8700c3c5fb7495521391420d3ef6,1371747
autoland,4663319,4,bf38f69fee000115871578b15786525e82952421,windows11-64-2009-shippable-qr,,True,,,102210fe594ee9b33d82058545b1ed14f4c8206e,,Base Content Explicit,True,Base Content Explicit opt fission,,77,bytes,,445996404,1838952206,2024-02-05T15:06:21,10608655.999999985,d67e058935bae8bfad9fb5868b225926a25cb64a,1371897
autoland,4663319,4,bf38f69fee000115871578b15786525e82952421,windows11-64-2009-shippable-qr,,True,,,102210fe594ee9b33d82058545b1ed14f4c8206e,,Base Content Explicit,True,Base Content Explicit opt fission,,77,bytes,,446024913,1839047706,2024-02-05T18:46:19,10481679.999999983,9559ddacce7e802c8bda80f0f58d6cfd6cdd2948,1372136
autoland,4663319,4,bf38f69fee000115871578b15786525e82952421,windows11-64-2009-shippable-qr,,True,,,102210fe594ee9b33d82058545b1ed14f4c8206e,,Base Content Explicit,True,Base Content Explicit opt fission,,77,bytes,,446061562,1839203157,2024-02-05T23:26:30,10393615.999999985,9f16b642b137c1390a012556c58e9f957a816ef6,1372325
autoland,4663319,4,bf38f69fee000115871578b15786525e82952421,windows11-64-2009-shippable-qr,,True,,,102210fe594ee9b33d82058545b1ed14f4c8206e,,Base Content Explicit,True,Base Content Explicit opt fission,,77,bytes,,446073933,1839261410,2024-02-06T03:53:00,10534928.000000002,1995789cfffa08b612d3571d2e8596837f772a49,1372390
autoland,4663319,4,bf38f69fee000115871578b15786525e82952421,windows11-64-2009-shippable-qr,,True,,,102210fe594ee9b33d82058545b1ed14f4c8206e,,Base Content Explicit,True,Base Content Explicit opt fission,,77,bytes,,446095022,1839466633,2024-02-06T07:31:17,10551311.999999981,df0b9539f5604a9aefc6916ce6ecf2e52670b78b,1372455
autoland,4663319,4,bf38f69fee000115871578b15786525e82952421,windows11-64-2009-shippable-qr,,True,,,102210fe594ee9b33d82058545b1ed14f4c8206e,,Base Content Explicit,True,Base Content Explicit opt fission,,77,bytes,,446146692,1839635082,2024-02-06T11:44:40,10532880.000000006,c48ca61bc9255db0107d377c103a752265b60eb8,1372588
autoland,4663319,4,bf38f69fee000115871578b15786525e82952421,windows11-64-2009-shippable-qr,,True,,,102210fe594ee9b33d82058545b1ed14f4c8206e,,Base Content Explicit,True,Base Content Explicit opt fission,,77,bytes,,446208059,1839862614,2024-02-06T17:15:13,10612751.999999998,79b38383448166074627506218757a9881ca5679,1372809
autoland,4663319,4,bf38f69fee000115871578b15786525e82952421,windows11-64-2009-shippable-qr,,True,,,102210fe594ee9b33d82058545b1ed14f4c8206e,,Base Content Explicit,True,Base Content Explicit opt fission,,77,bytes,,446218349,1839907180,2024-02-06T17:24:04,10610703.99999999,1f93ea2744765ca11b90874574cc12168d3828a5,1372818
autoland,4663319,4,bf38f69fee000115871578b15786525e82952421,windows11-64-2009-shippable-qr,,True,,,102210fe594ee9b33d82058545b1ed14f4c8206e,,Base Content Explicit,True,Base Content Explicit opt fission,,77,bytes,,446278261,1840249104,2024-02-07T04:17:01,10582032.000000017,1d87eb92ed10d04dccab53b631b14010ca09beb6,1373159
autoland,4663319,4,bf38f69fee000115871578b15786525e82952421,windows11-64-2009-shippable-qr,,True,,,102210fe594ee9b33d82058545b1ed14f4c8206e,,Base Content Explicit,True,Base Content Explicit opt fission,,77,bytes,,446280840,1840267668,2024-02-07T04:22:59,10539023.999999996,fce00cd55ffb9127f24e7e1d2186178f72429fce,1373168
autoland,4663319,4,bf38f69fee000115871578b15786525e82952421,windows11-64-2009-shippable-qr,,True,,,102210fe594ee9b33d82058545b1ed14f4c8206e,,Base Content Explicit,True,Base Content Explicit opt fission,,77,bytes,,446305802,1840384677,2024-02-07T08:54:39,10620944.000000017,df59ba0b3152fb8f6812b413bd2a6869bff469c1,1373246
autoland,4663319,4,bf38f69fee000115871578b15786525e82952421,windows11-64-2009-shippable-qr,,True,,,102210fe594ee9b33d82058545b1ed14f4c8206e,,Base Content Explicit,True,Base Content Explicit opt fission,,77,bytes,,446305390,1840382992,2024-02-07T09:01:16,10573839.99999999,ab5b008e36a4742d737a89c8cbfc1a69e2b76456,1373249
autoland,4663319,4,bf38f69fee000115871578b15786525e82952421,windows11-64-2009-shippable-qr,,True,,,102210fe594ee9b33d82058545b1ed14f4c8206e,,Base Content Explicit,True,Base Content Explicit opt fission,,77,bytes,,446357762,1840530573,2024-02-07T13:03:40,10444816.00000001,ec34bf3905e43d945effa45ba094092c7355d4b2,1373380
autoland,4663319,4,bf38f69fee000115871578b15786525e82952421,windows11-64-2009-shippable-qr,,True,,,102210fe594ee9b33d82058545b1ed14f4c8206e,,Base Content Explicit,True,Base Content Explicit opt fission,,77,bytes,,446374671,1840602268,2024-02-07T14:05:10,10514448.000000007,fdda8b6b095615f06fbef5c21ff9ad0a90927c83,1373437
autoland,4663319,4,bf38f69fee000115871578b15786525e82952421,windows11-64-2009-shippable-qr,,True,,,102210fe594ee9b33d82058545b1ed14f4c8206e,,Base Content Explicit,True,Base Content Explicit opt fission,,77,bytes,,446404486,1840713016,2024-02-07T17:25:01,10403855.999999994,fcafc196f2cef3d5c607edaa0f66c96cdf1708d6,1373622
autoland,4663319,4,bf38f69fee000115871578b15786525e82952421,windows11-64-2009-shippable-qr,,True,,,102210fe594ee9b33d82058545b1ed14f4c8206e,,Base Content Explicit,True,Base Content Explicit opt fission,,77,bytes,,446431677,1840841844,2024-02-07T21:31:39,10598415.999999989,0eee0e78f83c43165f612c4e7f3f7ff52d665b9c,1373826
autoland,4663319,4,bf38f69fee000115871578b15786525e82952421,windows11-64-2009-shippable-qr,,True,,,102210fe594ee9b33d82058545b1ed14f4c8206e,,Base Content Explicit,True,Base Content Explicit opt fission,,77,bytes,,446434895,1840888352,2024-02-07T21:36:53,10514448.000000007,1cb745ef034e9cd65d98c15632e13f5862e7390b,1373829
autoland,4663319,4,bf38f69fee000115871578b15786525e82952421,windows11-64-2009-shippable-qr,,True,,,102210fe594ee9b33d82058545b1ed14f4c8206e,,Base Content Explicit,True,Base Content Explicit opt fission,,77,bytes,,446456323,1840954690,2024-02-08T01:47:30,10637328.00000001,0cb1cb869761baae745081466c878e32a7d83888,1373927
autoland,4663319,4,bf38f69fee000115871578b15786525e82952421,windows11-64-2009-shippable-qr,,True,,,102210fe594ee9b33d82058545b1ed14f4c8206e,,Base Content Explicit,True,Base Content Explicit opt fission,,77,bytes,,446457866,1840975290,2024-02-08T02:38:53,10547215.999999994,bbcb9c75a4919aa67c2fc1ec689eb69d653990dd,1373953
autoland,4663319,4,bf38f69fee000115871578b15786525e82952421,windows11-64-2009-shippable-qr,,True,,,102210fe594ee9b33d82058545b1ed14f4c8206e,,Base Content Explicit,True,Base Content Explicit opt fission,,77,bytes,,446471756,1841060946,2024-02-08T07:03:19,10436623.999999998,344524bd7c755d7d7fcfca1d69503577b07db2b7,1374007
autoland,4663319,4,bf38f69fee000115871578b15786525e82952421,windows11-64-2009-shippable-qr,,True,,,102210fe594ee9b33d82058545b1ed14f4c8206e,,Base Content Explicit,True,Base Content Explicit opt fission,,77,bytes,,446530871,1841280446,2024-02-08T14:56:42,10436623.999999998,286029e09b16d8910d7110864541cdb9d4b84681,1374192
autoland,4663319,4,bf38f69fee000115871578b15786525e82952421,windows11-64-2009-shippable-qr,,True,,,102210fe594ee9b33d82058545b1ed14f4c8206e,,Base Content Explicit,True,Base Content Explicit opt fission,,77,bytes,,446535328,1841310043,2024-02-08T16:03:43,10436623.999999998,590071462358f92ff5d36dc8f99a472a45101fdb,1374244
autoland,4663319,4,bf38f69fee000115871578b15786525e82952421,windows11-64-2009-shippable-qr,,True,,,102210fe594ee9b33d82058545b1ed14f4c8206e,,Base Content Explicit,True,Base Content Explicit opt fission,,77,bytes,,446591378,1841553723,2024-02-08T22:41:03,10592271.999999983,8b424277a5065ea04bc1818e9ba12a8b24c12008,1374550
autoland,4663319,4,bf38f69fee000115871578b15786525e82952421,windows11-64-2009-shippable-qr,,True,,,102210fe594ee9b33d82058545b1ed14f4c8206e,,Base Content Explicit,True,Base Content Explicit opt fission,,77,bytes,,446591685,1841554144,2024-02-08T23:27:55,10549264.000000002,ba6c8f006d21287c25440f5141e3eead45bd9f96,1374577
autoland,4663319,4,bf38f69fee000115871578b15786525e82952421,windows11-64-2009-shippable-qr,,True,,,102210fe594ee9b33d82058545b1ed14f4c8206e,,Base Content Explicit,True,Base Content Explicit opt fission,,77,bytes,,446616574,1841629889,2024-02-09T04:08:21,10418192.000000013,b17a56f7d0a828b62b52f572c8237345bf64786f,1374660
autoland,4663319,4,bf38f69fee000115871578b15786525e82952421,windows11-64-2009-shippable-qr,,True,,,102210fe594ee9b33d82058545b1ed14f4c8206e,,Base Content Explicit,True,Base Content Explicit opt fission,,77,bytes,,446640188,1841730498,2024-02-09T08:27:03,10536976.000000007,7b81e807e547afd0cca0453e9697e58369ae5e92,1374718
autoland,4663319,4,bf38f69fee000115871578b15786525e82952421,windows11-64-2009-shippable-qr,,True,,,102210fe594ee9b33d82058545b1ed14f4c8206e,,Base Content Explicit,True,Base Content Explicit opt fission,,77,bytes,,446684901,1841888903,2024-02-09T11:56:29,10491919.999999998,045e453bba33077fb8d5641ca3706f3785ce14f5,1374806
autoland,4663319,4,bf38f69fee000115871578b15786525e82952421,windows11-64-2009-shippable-qr,,True,,,102210fe594ee9b33d82058545b1ed14f4c8206e,,Base Content Explicit,True,Base Content Explicit opt fission,,77,bytes,,446728592,1842027723,2024-02-09T16:09:01,10530831.999999983,193e6982f5a17f0fa7cced978df3079f87e4ad99,1374959
autoland,4663319,4,bf38f69fee000115871578b15786525e82952421,windows11-64-2009-shippable-qr,,True,,,102210fe594ee9b33d82058545b1ed14f4c8206e,,Base Content Explicit,True,Base Content Explicit opt fission,,77,bytes,,446741477,1842108016,2024-02-09T17:06:42,10717199.999999983,39d76f98160905dab2a294ece0e03ee8ba5ba4cc,1375009
autoland,4663319,4,bf38f69fee000115871578b15786525e82952421,windows11-64-2009-shippable-qr,,True,,,102210fe594ee9b33d82058545b1ed14f4c8206e,,Base Content Explicit,True,Base Content Explicit opt fission,,77,bytes,,446762788,1842185238,2024-02-09T21:47:15,10498063.999999987,0fb5f3212fd93e901bed6bb19bd8b63339869991,1375247
autoland,4663319,4,bf38f69fee000115871578b15786525e82952421,windows11-64-2009-shippable-qr,,True,,,102210fe594ee9b33d82058545b1ed14f4c8206e,,Base Content Explicit,True,Base Content Explicit opt fission,,77,bytes,,446787116,1842281486,2024-02-10T07:03:30,10614799.999999981,20876ae07c4b760464125773aa45200a98f34159,1375365
autoland,4663319,4,bf38f69fee000115871578b15786525e82952421,windows11-64-2009-shippable-qr,,True,,,102210fe594ee9b33d82058545b1ed14f4c8206e,,Base Content Explicit,True,Base Content Explicit opt fission,,77,bytes,,446811671,1842364552,2024-02-10T13:47:16,10534928.000000002,b09350ff8440d3ef5d3ac2b811bfe9a5d243196a,1375389
autoland,4663319,4,bf38f69fee000115871578b15786525e82952421,windows11-64-2009-shippable-qr,,True,,,102210fe594ee9b33d82058545b1ed14f4c8206e,,Base Content Explicit,True,Base Content Explicit opt fission,,77,bytes,,446821710,1842405713,2024-02-10T17:58:32,10547215.999999994,f6690a5e6ceef6b384dc31d4485e790a4935508a,1375417
autoland,4663319,4,bf38f69fee000115871578b15786525e82952421,windows11-64-2009-shippable-qr,,True,,,102210fe594ee9b33d82058545b1ed14f4c8206e,,Base Content Explicit,True,Base Content Explicit opt fission,,77,bytes,,446840304,1842465260,2024-02-11T02:31:23,10498063.999999987,f92c77fccb76549171ecc809818a26b1eb883b43,1375439
autoland,4663319,4,bf38f69fee000115871578b15786525e82952421,windows11-64-2009-shippable-qr,,True,,,102210fe594ee9b33d82058545b1ed14f4c8206e,,Base Content Explicit,True,Base Content Explicit opt fission,,77,bytes,,446873649,1842617908,2024-02-11T15:25:51,10450960.000000019,13676fc9b0cd8461cb9863d3a2d1b9a696a9c0f5,1375518
autoland,4663319,4,bf38f69fee000115871578b15786525e82952421,windows11-64-2009-shippable-qr,,True,,,102210fe594ee9b33d82058545b1ed14f4c8206e,,Base Content Explicit,True,Base Content Explicit opt fission,,77,bytes,,446934898,1842874034,2024-02-12T14:26:47,10397712.0,d1700411923cc3f12ce388da3db2f024d7cc438d,1375793
autoland,4663319,4,bf38f69fee000115871578b15786525e82952421,windows11-64-2009-shippable-qr,,True,,,102210fe594ee9b33d82058545b1ed14f4c8206e,,Base Content Explicit,True,Base Content Explicit opt fission,,77,bytes,,446944806,1842908898,2024-02-12T15:53:07,10405903.999999994,cab51450b6bd71ade4db0f49831f7e402b375b45,1375888
autoland,4663319,4,bf38f69fee000115871578b15786525e82952421,windows11-64-2009-shippable-qr,,True,,,102210fe594ee9b33d82058545b1ed14f4c8206e,,Base Content Explicit,True,Base Content Explicit opt fission,,77,bytes,,446978500,1842994113,2024-02-12T20:04:04,10582032.000000017,37ec3180a6cbce3bb2544f9a16b4ded4657c6eb6,1376093
autoland,4663319,4,bf38f69fee000115871578b15786525e82952421,windows11-64-2009-shippable-qr,,True,,,102210fe594ee9b33d82058545b1ed14f4c8206e,,Base Content Explicit,True,Base Content Explicit opt fission,,77,bytes,,446982596,1843007077,2024-02-12T20:15:07,10559504.000000017,995a3050d70cb954214be8710caa54a1794745ec,1376103
autoland,4663319,4,bf38f69fee000115871578b15786525e82952421,windows11-64-2009-shippable-qr,,True,,,102210fe594ee9b33d82058545b1ed14f4c8206e,,Base Content Explicit,True,Base Content Explicit opt fission,,77,bytes,,447022108,1843111745,2024-02-13T00:22:17,10622992.00000001,b316bafe790ef37c5585cadd21f6a2c8ebd749b9,1376256
autoland,4663319,4,bf38f69fee000115871578b15786525e82952421,windows11-64-2009-shippable-qr,,True,,,102210fe594ee9b33d82058545b1ed14f4c8206e,,Base Content Explicit,True,Base Content Explicit opt fission,,77,bytes,,447032537,1843149677,2024-02-13T02:51:29,10612751.999999998,52fc8e3041c5f42dfa50438336b110a9a5e77f2b,1376298
autoland,4663319,4,bf38f69fee000115871578b15786525e82952421,windows11-64-2009-shippable-qr,,True,,,102210fe594ee9b33d82058545b1ed14f4c8206e,,Base Content Explicit,True,Base Content Explicit opt fission,,77,bytes,,447059285,1843282057,2024-02-13T06:57:28,10489872.000000015,5f6ad5b21119b4bbef2bc6c9153e0f7329c20ebe,1376370
autoland,4663319,4,bf38f69fee000115871578b15786525e82952421,windows11-64-2009-shippable-qr,,True,,,102210fe594ee9b33d82058545b1ed14f4c8206e,,Base Content Explicit,True,Base Content Explicit opt fission,,77,bytes,,447091750,1843372907,2024-02-13T09:49:45,10475535.999999981,c5320acccd4a760b0ae41149fcdd8fe44b658ee7,1376447
autoland,4663319,4,bf38f69fee000115871578b15786525e82952421,windows11-64-2009-shippable-qr,,True,,,102210fe594ee9b33d82058545b1ed14f4c8206e,,Base Content Explicit,True,Base Content Explicit opt fission,,77,bytes,,447111616,1843463829,2024-02-13T13:45:34,10575887.999999998,0d474eb34652f4c47a16b6d83012c0f2e026dc00,1376559
autoland,4663319,4,bf38f69fee000115871578b15786525e82952421,windows11-64-2009-shippable-qr,,True,,,102210fe594ee9b33d82058545b1ed14f4c8206e,,Base Content Explicit,True,Base Content Explicit opt fission,,77,bytes,,447131541,1843541835,2024-02-13T16:46:39,10444816.00000001,17329a53b9f9a20247103958883a0ce7c42af78d,1376703
autoland,4663319,4,bf38f69fee000115871578b15786525e82952421,windows11-64-2009-shippable-qr,,True,,,102210fe594ee9b33d82058545b1ed14f4c8206e,,Base Content Explicit,True,Base Content Explicit opt fission,,77,bytes,,447196392,1843735285,2024-02-14T00:47:09,10596368.000000004,4a18caac75720f24abc9063ce8df5fa6b7948aa4,1376921
autoland,4663319,4,bf38f69fee000115871578b15786525e82952421,windows11-64-2009-shippable-qr,,True,,,102210fe594ee9b33d82058545b1ed14f4c8206e,,Base Content Explicit,True,Base Content Explicit opt fission,,77,bytes,,447199560,1843759181,2024-02-14T01:35:59,10532880.000000006,aaaa3f2b8fed9e159a8b08e4263034e9a051be71,1376937
autoland,4663319,4,bf38f69fee000115871578b15786525e82952421,windows11-64-2009-shippable-qr,,True,,,102210fe594ee9b33d82058545b1ed14f4c8206e,,Base Content Explicit,True,Base Content Explicit opt fission,,77,bytes,,447217261,1843820707,2024-02-14T05:55:05,10489872.000000015,1b24ea8c2e7e02f00bd61e8cd672da76b16c42a6,1376972
autoland,4663319,4,bf38f69fee000115871578b15786525e82952421,windows11-64-2009-shippable-qr,,True,,,102210fe594ee9b33d82058545b1ed14f4c8206e,,Base Content Explicit,True,Base Content Explicit opt fission,,77,bytes,,447274705,1843974433,2024-02-14T15:32:04,10534928.000000002,dca10aca1871edfdba5107bc7766982b186d7f2c,1377071
autoland,4663319,4,bf38f69fee000115871578b15786525e82952421,windows11-64-2009-shippable-qr,,True,,,102210fe594ee9b33d82058545b1ed14f4c8206e,,Base Content Explicit,True,Base Content Explicit opt fission,,77,bytes,,447280332,1843993854,2024-02-14T15:37:30,10391567.999999981,2ea0fda6ec6ed02a530a3a4bb67fabb0d14d403f,1377078
autoland,4663319,4,bf38f69fee000115871578b15786525e82952421,windows11-64-2009-shippable-qr,,True,,,102210fe594ee9b33d82058545b1ed14f4c8206e,,Base Content Explicit,True,Base Content Explicit opt fission,,77,bytes,,447314834,1844102837,2024-02-14T20:39:05,10498063.999999987,b0b34dab81d56b5e5ee526c9f44e926db4b27dce,1377195
autoland,4663319,4,bf38f69fee000115871578b15786525e82952421,windows11-64-2009-shippable-qr,,True,,,102210fe594ee9b33d82058545b1ed14f4c8206e,,Base Content Explicit,True,Base Content Explicit opt fission,,77,bytes,,447331753,1844148677,2024-02-15T00:51:05,10512399.999999987,981afc9a696a12b7e873eae165925138a2726efe,1377256
autoland,4663319,4,bf38f69fee000115871578b15786525e82952421,windows11-64-2009-shippable-qr,,True,,,102210fe594ee9b33d82058545b1ed14f4c8206e,,Base Content Explicit,True,Base Content Explicit opt fission,,77,bytes,,447349061,1844233261,2024-02-15T04:52:31,10450960.000000019,aa5fc411278d3beae081682cb31a2167257d3aed,1377304
autoland,4663319,4,bf38f69fee000115871578b15786525e82952421,windows11-64-2009-shippable-qr,,True,,,102210fe594ee9b33d82058545b1ed14f4c8206e,,Base Content Explicit,True,Base Content Explicit opt fission,,77,bytes,,447393691,1844395605,2024-02-15T12:49:34,10463248.00000001,2b4e9ee6225f1183da45d24404e72f48e3803f08,1377375
autoland,4663319,4,bf38f69fee000115871578b15786525e82952421,windows11-64-2009-shippable-qr,,True,,,102210fe594ee9b33d82058545b1ed14f4c8206e,,Base Content Explicit,True,Base Content Explicit opt fission,,77,bytes,,447409422,1844459261,2024-02-15T16:23:45,10532880.000000006,dbe553dd13b79a3c4821f203f3adca31fe71cc56,1377427
autoland,4663319,4,bf38f69fee000115871578b15786525e82952421,windows11-64-2009-shippable-qr,,True,,,102210fe594ee9b33d82058545b1ed14f4c8206e,,Base Content Explicit,True,Base Content Explicit opt fission,,77,bytes,,447432448,1844547999,2024-02-15T20:44:46,10399759.99999999,02d5bc9805676f9a22f3cef50c86ddc38e7534d9,1377493
autoland,4663319,4,bf38f69fee000115871578b15786525e82952421,windows11-64-2009-shippable-qr,,True,,,102210fe594ee9b33d82058545b1ed14f4c8206e,,Base Content Explicit,True,Base Content Explicit opt fission,,77,bytes,,447449061,1844612258,2024-02-15T22:19:13,10432527.99999999,798af36e79586239c3954fe06796d9a27a353b92,1377518
autoland,4663319,4,bf38f69fee000115871578b15786525e82952421,windows11-64-2009-shippable-qr,,True,,,102210fe594ee9b33d82058545b1ed14f4c8206e,,Base Content Explicit,True,Base Content Explicit opt fission,,77,bytes,,447482134,1844716131,2024-02-16T06:24:45,10530831.999999983,861d200fe3e761e23bbb6ce556446725fb01cd43,1378006
autoland,4663319,4,bf38f69fee000115871578b15786525e82952421,windows11-64-2009-shippable-qr,,True,,,102210fe594ee9b33d82058545b1ed14f4c8206e,,Base Content Explicit,True,Base Content Explicit opt fission,,77,bytes,,447522246,1844828420,2024-02-16T14:55:53,10579983.999999996,313b43f262a908e7e012c7d19f326345a0863bae,1378386
autoland,4663319,4,bf38f69fee000115871578b15786525e82952421,windows11-64-2009-shippable-qr,,True,,,102210fe594ee9b33d82058545b1ed14f4c8206e,,Base Content Explicit,True,Base Content Explicit opt fission,,77,bytes,,447565224,1845033152,2024-02-17T16:55:38,10430480.000000017,2af34b4c9adf8c8defd3251b569af9c38cc0a429,1378583
autoland,4663319,4,bf38f69fee000115871578b15786525e82952421,windows11-64-2009-shippable-qr,,True,,,102210fe594ee9b33d82058545b1ed14f4c8206e,,Base Content Explicit,True,Base Content Explicit opt fission,,77,bytes,,447596060,1845211449,2024-02-19T03:31:58,10502159.999999993,fcdb3e9046c67688b2a5b8aeb6451b081b3b52ea,1378717
autoland,4663319,4,bf38f69fee000115871578b15786525e82952421,windows11-64-2009-shippable-qr,,True,,,102210fe594ee9b33d82058545b1ed14f4c8206e,,Base Content Explicit,True,Base Content Explicit opt fission,,77,bytes,,447616932,1845279938,2024-02-19T10:14:02,10569743.999999989,1dcfa194ad7d005175d431adf6ee3b93c00fb453,1378796
autoland,4663319,4,bf38f69fee000115871578b15786525e82952421,windows11-64-2009-shippable-qr,,True,,,102210fe594ee9b33d82058545b1ed14f4c8206e,,Base Content Explicit,True,Base Content Explicit opt fission,,77,bytes,,447641673,1845378823,2024-02-19T12:40:02,10412047.999999989,ac4ab326e785a5ad42ce51b54749c2bcce394916,1378838
autoland,4663319,4,bf38f69fee000115871578b15786525e82952421,windows11-64-2009-shippable-qr,,True,,,102210fe594ee9b33d82058545b1ed14f4c8206e,,Base Content Explicit,True,Base Content Explicit opt fission,,77,bytes,,447667581,1845440553,2024-02-19T16:50:13,10606607.999999985,bef8b1b461b8524917fc01cd866e903290b1d7f6,1378949
autoland,4663319,4,bf38f69fee000115871578b15786525e82952421,windows11-64-2009-shippable-qr,,True,,,102210fe594ee9b33d82058545b1ed14f4c8206e,,Base Content Explicit,True,Base Content Explicit opt fission,,77,bytes,,447689095,1845502605,2024-02-19T20:56:27,10600463.999999994,2f43b0ae1352efb25f67ffe4f86884c0eb959adb,1379008
autoland,4663319,4,bf38f69fee000115871578b15786525e82952421,windows11-64-2009-shippable-qr,,True,,,102210fe594ee9b33d82058545b1ed14f4c8206e,,Base Content Explicit,True,Base Content Explicit opt fission,,77,bytes,,447699662,1845562165,2024-02-19T22:19:49,10485775.999999996,e9309553f817fa164bde4c229fe12ae51207bed9,1379038
autoland,4663319,4,bf38f69fee000115871578b15786525e82952421,windows11-64-2009-shippable-qr,,True,,,102210fe594ee9b33d82058545b1ed14f4c8206e,,Base Content Explicit,True,Base Content Explicit opt fission,,77,bytes,,447712394,1845609211,2024-02-20T03:01:00,10453007.999999998,ad2add2f3c608b924436c34684c1a775130e74ce,1379095
autoland,4663319,4,bf38f69fee000115871578b15786525e82952421,windows11-64-2009-shippable-qr,,True,,,102210fe594ee9b33d82058545b1ed14f4c8206e,,Base Content Explicit,True,Base Content Explicit opt fission,,77,bytes,,447732296,1845715490,2024-02-20T09:01:06,10651664.000000017,cc3c4937fb69e80b552b61a4f2dfd1405b518d89,1379152
autoland,4663319,4,bf38f69fee000115871578b15786525e82952421,windows11-64-2009-shippable-qr,,True,,,102210fe594ee9b33d82058545b1ed14f4c8206e,,Base Content Explicit,True,Base Content Explicit opt fission,,77,bytes,,447778581,1845894424,2024-02-20T16:46:59,10539023.999999996,0465723cfb4ca46ccf93d696eb564093a1d9f2e6,1379390
autoland,4663319,4,bf38f69fee000115871578b15786525e82952421,windows11-64-2009-shippable-qr,,True,,,102210fe594ee9b33d82058545b1ed14f4c8206e,,Base Content Explicit,True,Base Content Explicit opt fission,,77,bytes,,447801355,1845962644,2024-02-20T20:06:07,10516496.000000015,53f7baad39fc2408bc5c1ab6df97372a395730a4,1379528
autoland,4663319,4,bf38f69fee000115871578b15786525e82952421,windows11-64-2009-shippable-qr,,True,,,102210fe594ee9b33d82058545b1ed14f4c8206e,,Base Content Explicit,True,Base Content Explicit opt fission,,77,bytes,,447832059,1846061610,2024-02-21T00:08:41,10557456.000000007,05e1180d2aa04a8882ff66dfaeeb0705694f7a61,1379609
autoland,4663319,4,bf38f69fee000115871578b15786525e82952421,windows11-64-2009-shippable-qr,,True,,,102210fe594ee9b33d82058545b1ed14f4c8206e,,Base Content Explicit,True,Base Content Explicit opt fission,,77,bytes,,447832995,1846070573,2024-02-21T00:41:01,10469392.000000002,119078d182dd2557cd70eb6933abc1ecfb499edd,1379618
autoland,4663319,4,bf38f69fee000115871578b15786525e82952421,windows11-64-2009-shippable-qr,,True,,,102210fe594ee9b33d82058545b1ed14f4c8206e,,Base Content Explicit,True,Base Content Explicit opt fission,,77,bytes,,447846332,1846137433,2024-02-21T05:21:04,10502159.999999993,714d9f89093457451e3881a56b2477e958b70fe0,1379764
autoland,4663319,4,bf38f69fee000115871578b15786525e82952421,windows11-64-2009-shippable-qr,,True,,,102210fe594ee9b33d82058545b1ed14f4c8206e,,Base Content Explicit,True,Base Content Explicit opt fission,,77,bytes,,447877669,1846243578,2024-02-21T10:11:10,10485775.999999996,764b93d1a22891bddaaec4e5f73836957d938bac,1379832
autoland,4663319,4,bf38f69fee000115871578b15786525e82952421,windows11-64-2009-shippable-qr,,True,,,102210fe594ee9b33d82058545b1ed14f4c8206e,,Base Content Explicit,True,Base Content Explicit opt fission,,77,bytes,,447914905,1846385064,2024-02-21T14:24:58,10485775.999999996,799f79fdcedba2bbccee86179c8b547894a16162,1379926
autoland,4663319,4,bf38f69fee000115871578b15786525e82952421,windows11-64-2009-shippable-qr,,True,,,102210fe594ee9b33d82058545b1ed14f4c8206e,,Base Content Explicit,True,Base Content Explicit opt fission,,77,bytes,,447921280,1846418933,2024-02-21T15:14:56,10524688.000000007,f8dd4015fa59fee3a1a74c00cd2393a9578e49f0,1379958
autoland,4663319,4,bf38f69fee000115871578b15786525e82952421,windows11-64-2009-shippable-qr,,True,,,102210fe594ee9b33d82058545b1ed14f4c8206e,,Base Content Explicit,True,Base Content Explicit opt fission,,77,bytes,,447956569,1846665177,2024-02-21T20:37:48,10528783.999999989,bec4dc4bd9ce0a51dab009936bc838963e3f16b3,1380197
autoland,4663319,4,bf38f69fee000115871578b15786525e82952421,windows11-64-2009-shippable-qr,,True,,,102210fe594ee9b33d82058545b1ed14f4c8206e,,Base Content Explicit,True,Base Content Explicit opt fission,,77,bytes,,447961855,1846687646,2024-02-21T20:47:55,10563599.999999983,31b9ef95a482db91c24a809eb6a64f2c0d7f8f9d,1380210
autoland,4663319,4,bf38f69fee000115871578b15786525e82952421,windows11-64-2009-shippable-qr,,True,,,102210fe594ee9b33d82058545b1ed14f4c8206e,,Base Content Explicit,True,Base Content Explicit opt fission,,77,bytes,,447994004,1846801185,2024-02-22T00:49:41,10489872.000000015,445c60e096fe3cdc8b7169881875c476febfe082,1380338
autoland,4663319,4,bf38f69fee000115871578b15786525e82952421,windows11-64-2009-shippable-qr,,True,,,102210fe594ee9b33d82058545b1ed14f4c8206e,,Base Content Explicit,True,Base Content Explicit opt fission,,77,bytes,,447998739,1846832979,2024-02-22T02:03:24,10584079.999999993,093d37f32ef033aa168508e96b9ec2e753850ccc,1380373
autoland,4663319,4,bf38f69fee000115871578b15786525e82952421,windows11-64-2009-shippable-qr,,True,,,102210fe594ee9b33d82058545b1ed14f4c8206e,,Base Content Explicit,True,Base Content Explicit opt fission,,77,bytes,,448017668,1846937462,2024-02-22T06:55:22,10524688.000000007,e32e8effe8493ec71ad7a3b2b043f7742905b2be,1380445
autoland,4663319,4,bf38f69fee000115871578b15786525e82952421,windows11-64-2009-shippable-qr,,True,,,102210fe594ee9b33d82058545b1ed14f4c8206e,,Base Content Explicit,True,Base Content Explicit opt fission,,77,bytes,,448039873,1847019328,2024-02-22T08:58:43,10485775.999999996,836800665817ebbf328952caef8477f135630733,1380488
autoland,4663319,4,bf38f69fee000115871578b15786525e82952421,windows11-64-2009-shippable-qr,,True,,,102210fe594ee9b33d82058545b1ed14f4c8206e,,Base Content Explicit,True,Base Content Explicit opt fission,,77,bytes,,448073696,1847153230,2024-02-22T12:54:00,10459152.000000006,583b3985eb0c0410cf6ebaf8e2f5c576185726c5,1380594
autoland,4663319,4,bf38f69fee000115871578b15786525e82952421,windows11-64-2009-shippable-qr,,True,,,102210fe594ee9b33d82058545b1ed14f4c8206e,,Base Content Explicit,True,Base Content Explicit opt fission,,77,bytes,,448099771,1847249547,2024-02-22T16:54:14,10446863.999999993,51ea0932b27ba455533226277e6c6deeb38a8fd4,1380794
autoland,4663319,4,bf38f69fee000115871578b15786525e82952421,windows11-64-2009-shippable-qr,,True,,,102210fe594ee9b33d82058545b1ed14f4c8206e,,Base Content Explicit,True,Base Content Explicit opt fission,,77,bytes,,448101157,1847253689,2024-02-22T17:17:40,10545168.000000006,aac0a57bd987ca0633e2f48ca37f8564344749b9,1380806
autoland,4663319,4,bf38f69fee000115871578b15786525e82952421,windows11-64-2009-shippable-qr,,True,,,102210fe594ee9b33d82058545b1ed14f4c8206e,,Base Content Explicit,True,Base Content Explicit opt fission,,77,bytes,,448142917,1847394011,2024-02-22T21:59:43,10647567.99999999,1b60bca1b546c120891a0263bcdf7757d75178bc,1380998
autoland,4663319,4,bf38f69fee000115871578b15786525e82952421,windows11-64-2009-shippable-qr,,True,,,102210fe594ee9b33d82058545b1ed14f4c8206e,,Base Content Explicit,True,Base Content Explicit opt fission,,77,bytes,,448141476,1847390299,2024-02-22T22:05:44,10405903.999999994,3157eece201c15988ff693f9746bc767ad633fa8,1381007
autoland,4663319,4,bf38f69fee000115871578b15786525e82952421,windows11-64-2009-shippable-qr,,True,,,102210fe594ee9b33d82058545b1ed14f4c8206e,,Base Content Explicit,True,Base Content Explicit opt fission,,77,bytes,,448164724,1847516686,2024-02-23T03:42:44,10528783.999999989,90d2dd7d6b48918404ecc4906e62fa106b4238a9,1381156
autoland,4663319,4,bf38f69fee000115871578b15786525e82952421,windows11-64-2009-shippable-qr,,True,,,102210fe594ee9b33d82058545b1ed14f4c8206e,,Base Content Explicit,True,Base Content Explicit opt fission,,77,bytes,,448175725,1847612921,2024-02-23T07:23:44,10610703.99999999,21d2a36f8f072b9b57adbeb73eca449f62093ca3,1381206
autoland,4663319,4,bf38f69fee000115871578b15786525e82952421,windows11-64-2009-shippable-qr,,True,,,102210fe594ee9b33d82058545b1ed14f4c8206e,,Base Content Explicit,True,Base Content Explicit opt fission,,77,bytes,,448223207,1847763529,2024-02-23T12:03:57,10487823.999999994,75e12d12d89c2d79200c0057830f9e0c37f973f5,1381319
autoland,4663319,4,bf38f69fee000115871578b15786525e82952421,windows11-64-2009-shippable-qr,,True,,,102210fe594ee9b33d82058545b1ed14f4c8206e,,Base Content Explicit,True,Base Content Explicit opt fission,,77,bytes,,448245927,1847873803,2024-02-23T15:17:21,10463248.00000001,e2c67ce1b79f08538c8f70b2089d860802aa289e,1381416
autoland,4663319,4,bf38f69fee000115871578b15786525e82952421,windows11-64-2009-shippable-qr,,True,,,102210fe594ee9b33d82058545b1ed14f4c8206e,,Base Content Explicit,True,Base Content Explicit opt fission,,77,bytes,,448992600,1850816598,2024-02-23T15:23:21,10547215.999999994,1103ba5a43939b2019c7d3341f949a559fd853d1,1381421
autoland,4663319,4,bf38f69fee000115871578b15786525e82952421,windows11-64-2009-shippable-qr,,True,,,102210fe594ee9b33d82058545b1ed14f4c8206e,,Base Content Explicit,True,Base Content Explicit opt fission,,77,bytes,,448969641,1850724084,2024-02-23T16:28:19,10426384.0,29502e93e5a1dafb93c2d85c64676fe8b5ce1cb8,1381475
autoland,4663319,4,bf38f69fee000115871578b15786525e82952421,windows11-64-2009-shippable-qr,,True,,,102210fe594ee9b33d82058545b1ed14f4c8206e,,Base Content Explicit,True,Base Content Explicit opt fission,,77,bytes,,448964625,1850693058,2024-02-23T16:30:03,10465296.000000002,4c97b568c14aee24064f8c4f8a8ebcb258e926ff,1381478
autoland,4663319,4,bf38f69fee000115871578b15786525e82952421,windows11-64-2009-shippable-qr,,True,,,102210fe594ee9b33d82058545b1ed14f4c8206e,,Base Content Explicit,True,Base Content Explicit opt fission,,77,bytes,,449003430,1850881583,2024-02-23T16:30:48,10477584.000000011,ef1a3f875abfc815974b151fdba9efd7b702691a,1381479
autoland,4663319,4,bf38f69fee000115871578b15786525e82952421,windows11-64-2009-shippable-qr,,True,,,102210fe594ee9b33d82058545b1ed14f4c8206e,,Base Content Explicit,True,Base Content Explicit opt fission,,77,bytes,,448969409,1850723500,2024-02-23T16:31:32,10518544.000000017,3ed04ce6dcf24d4886aa829ead33cde26cda3eaf,1381481
autoland,4663319,4,bf38f69fee000115871578b15786525e82952421,windows11-64-2009-shippable-qr,,True,,,102210fe594ee9b33d82058545b1ed14f4c8206e,,Base Content Explicit,True,Base Content Explicit opt fission,,77,bytes,,448972350,1850755621,2024-02-23T16:32:19,10496016.000000002,aba316f240ca134ea9b82380fe68a4127a6b3040,1381482
autoland,4663319,4,bf38f69fee000115871578b15786525e82952421,windows11-64-2009-shippable-qr,,True,,,102210fe594ee9b33d82058545b1ed14f4c8206e,,Base Content Explicit,True,Base Content Explicit opt fission,,77,bytes,,448999791,1850860284,2024-02-23T16:33:03,10559504.000000017,294b453a50fe728bc56fec07d36b4c27267183e6,1381484
autoland,4663319,4,bf38f69fee000115871578b15786525e82952421,windows11-64-2009-shippable-qr,,True,,,102210fe594ee9b33d82058545b1ed14f4c8206e,,Base Content Explicit,True,Base Content Explicit opt fission,,77,bytes,,448972352,1850755655,2024-02-23T16:33:46,10602511.999999993,58160b095481e57ac0dfac0fea086f6a81291c3e,1381485
autoland,4663319,4,bf38f69fee000115871578b15786525e82952421,windows11-64-2009-shippable-qr,,True,,,102210fe594ee9b33d82058545b1ed14f4c8206e,,Base Content Explicit,True,Base Content Explicit opt fission,,77,bytes,,448969652,1850724631,2024-02-23T16:46:18,10504208.000000006,34be74cf5b20be1291061291a0c59e5c9aa9a95e,1381498
autoland,4663319,4,bf38f69fee000115871578b15786525e82952421,windows11-64-2009-shippable-qr,,True,,,102210fe594ee9b33d82058545b1ed14f4c8206e,,Base Content Explicit,True,Base Content Explicit opt fission,,77,bytes,,448964511,1850691949,2024-02-23T16:55:14,10496016.000000002,48ac42d415d3e0a736f64fe38783e455f072917b,1381510
autoland,4663319,4,bf38f69fee000115871578b15786525e82952421,windows11-64-2009-shippable-qr,,True,,,102210fe594ee9b33d82058545b1ed14f4c8206e,,Base Content Explicit,True,Base Content Explicit opt fission,,77,bytes,,448955897,1850663470,2024-02-23T17:01:37,10592271.999999983,d58d91582a8430a0f3de3c483acb1aa14ca4fe11,1381516
autoland,4663319,4,bf38f69fee000115871578b15786525e82952421,windows11-64-2009-shippable-qr,,True,,,102210fe594ee9b33d82058545b1ed14f4c8206e,,Base Content Explicit,True,Base Content Explicit opt fission,,77,bytes,,448955898,1850663701,2024-02-23T17:13:43,10612751.999999998,e7d40b9170e0c5bfdb21e63fa930ac1d6fac83b3,1381534
autoland,4663319,4,bf38f69fee000115871578b15786525e82952421,windows11-64-2009-shippable-qr,,True,,,102210fe594ee9b33d82058545b1ed14f4c8206e,,Base Content Explicit,True,Base Content Explicit opt fission,,77,bytes,,448955905,1850663729,2024-02-23T17:18:51,10514448.000000007,e9209f2fb0d6ca35aa1ee422f2c0b88e0cdcb2c7,1381538
autoland,4663319,4,bf38f69fee000115871578b15786525e82952421,windows11-64-2009-shippable-qr,,True,,,102210fe594ee9b33d82058545b1ed14f4c8206e,,Base Content Explicit,True,Base Content Explicit opt fission,,77,bytes,,448955901,1850663551,2024-02-23T17:29:14,10612751.999999998,d6878a375f543d455675601d7e52f9a5ea8ac389,1381548
autoland,4663319,4,bf38f69fee000115871578b15786525e82952421,windows11-64-2009-shippable-qr,,True,,,102210fe594ee9b33d82058545b1ed14f4c8206e,,Base Content Explicit,True,Base Content Explicit opt fission,,77,bytes,,448955896,1850663368,2024-02-23T18:11:28,10471440.000000011,0530d617f08428fa9291a004cf9d51cc9d4fed75,1381596
autoland,4663319,4,bf38f69fee000115871578b15786525e82952421,windows11-64-2009-shippable-qr,,True,,,102210fe594ee9b33d82058545b1ed14f4c8206e,,Base Content Explicit,True,Base Content Explicit opt fission,,77,bytes,,448265263,1847961873,2024-02-23T18:14:32,10520591.999999993,dccf526bcc0afbf9f7abd33abff453ced5a76335,1381598
autoland,4663319,4,bf38f69fee000115871578b15786525e82952421,windows11-64-2009-shippable-qr,,True,,,102210fe594ee9b33d82058545b1ed14f4c8206e,,Base Content Explicit,True,Base Content Explicit opt fission,,77,bytes,,448298090,1848058134,2024-02-23T22:24:23,10422287.999999998,8c239bb8c3fa84633497932b3d3a1d566f9e7581,1381790
autoland,4663319,4,bf38f69fee000115871578b15786525e82952421,windows11-64-2009-shippable-qr,,True,,,102210fe594ee9b33d82058545b1ed14f4c8206e,,Base Content Explicit,True,Base Content Explicit opt fission,,77,bytes,,448304095,1848081476,2024-02-23T22:37:13,10448912.00000001,fc1f91bbfd85565b6b9a06155b3d750dc17812f0,1381800
autoland,4663319,4,bf38f69fee000115871578b15786525e82952421,windows11-64-2009-shippable-qr,,True,,,102210fe594ee9b33d82058545b1ed14f4c8206e,,Base Content Explicit,True,Base Content Explicit opt fission,,77,bytes,,448315676,1848142685,2024-02-24T03:17:09,10438672.000000007,504cbf2189790d36f74d4fc454949d0c55a40c37,1381876
autoland,4663319,4,bf38f69fee000115871578b15786525e82952421,windows11-64-2009-shippable-qr,,True,,,102210fe594ee9b33d82058545b1ed14f4c8206e,,Base Content Explicit,True,Base Content Explicit opt fission,,77,bytes,,448327012,1848222129,2024-02-24T08:59:15,10416144.000000007,f571738470f98e8161bf79b269e333053dca32c4,1381906
autoland,4663319,4,bf38f69fee000115871578b15786525e82952421,windows11-64-2009-shippable-qr,,True,,,102210fe594ee9b33d82058545b1ed14f4c8206e,,Base Content Explicit,True,Base Content Explicit opt fission,,77,bytes,,448354161,1848313014,2024-02-24T18:15:08,10618895.999999985,fb873ef9e164e2ac423d266870ce82445945de97,1381948
autoland,4663319,4,bf38f69fee000115871578b15786525e82952421,windows11-64-2009-shippable-qr,,True,,,102210fe594ee9b33d82058545b1ed14f4c8206e,,Base Content Explicit,True,Base Content Explicit opt fission,,77,bytes,,448374810,1848372294,2024-02-25T01:06:55,10459152.000000006,fedd91b7af1e6b3c4a7d6f58b8bce94d55eb9d74,1381999
autoland,4663319,4,bf38f69fee000115871578b15786525e82952421,windows11-64-2009-shippable-qr,,True,,,102210fe594ee9b33d82058545b1ed14f4c8206e,,Base Content Explicit,True,Base Content Explicit opt fission,,77,bytes,,448413351,1848502661,2024-02-26T01:39:06,10577936.00000001,689cf8cf7e6b9b9ee5e599a77325de05487a5eed,1382090
autoland,4663319,4,bf38f69fee000115871578b15786525e82952421,windows11-64-2009-shippable-qr,,True,,,102210fe594ee9b33d82058545b1ed14f4c8206e,,Base Content Explicit,True,Base Content Explicit opt fission,,77,bytes,,448446720,1848631341,2024-02-26T10:31:50,10502159.999999993,8268ce246a04145ed6598e99b5d061a4e1ee3ca6,1382207
autoland,4663319,4,bf38f69fee000115871578b15786525e82952421,windows11-64-2009-shippable-qr,,True,,,102210fe594ee9b33d82058545b1ed14f4c8206e,,Base Content Explicit,True,Base Content Explicit opt fission,,77,bytes,,448495288,1848776674,2024-02-26T14:40:18,10551311.999999981,a5c1fbe78e431fe4a1db712f75edb33f6fd668e4,1382307
autoland,4663319,4,bf38f69fee000115871578b15786525e82952421,windows11-64-2009-shippable-qr,,True,,,102210fe594ee9b33d82058545b1ed14f4c8206e,,Base Content Explicit,True,Base Content Explicit opt fission,,77,bytes,,448489325,1848749774,2024-02-26T15:06:28,10539023.999999996,621c8480cd3562f3f61966b4219a0335ce72f698,1382323
autoland,4663319,4,bf38f69fee000115871578b15786525e82952421,windows11-64-2009-shippable-qr,,True,,,102210fe594ee9b33d82058545b1ed14f4c8206e,,Base Content Explicit,True,Base Content Explicit opt fission,,77,bytes,,448513755,1848879141,2024-02-26T18:24:43,10506255.999999998,b26d4c8d5e44cc544e259f32a62382902af6f7ff,1382496
autoland,4663319,4,bf38f69fee000115871578b15786525e82952421,windows11-64-2009-shippable-qr,,True,,,102210fe594ee9b33d82058545b1ed14f4c8206e,,Base Content Explicit,True,Base Content Explicit opt fission,,77,bytes,,448545870,1848963866,2024-02-26T22:27:48,10536976.000000007,2bd01d77bc4d2a1ad705bb1ecb8e793864a737ee,1382641
autoland,4663319,4,bf38f69fee000115871578b15786525e82952421,windows11-64-2009-shippable-qr,,True,,,102210fe594ee9b33d82058545b1ed14f4c8206e,,Base Content Explicit,True,Base Content Explicit opt fission,,77,bytes,,448547018,1848973349,2024-02-26T22:53:03,10610703.99999999,9fbcc8f23c0b7543b9146f0d90dd58ce36d32898,1382666
autoland,4663319,4,bf38f69fee000115871578b15786525e82952421,windows11-64-2009-shippable-qr,,True,,,102210fe594ee9b33d82058545b1ed14f4c8206e,,Base Content Explicit,True,Base Content Explicit opt fission,,77,bytes,,448571457,1849082540,2024-02-27T03:06:58,10545168.000000006,74094dc4022c8437eb87a7e25bf6433fb07a7fbb,1382765
autoland,4663319,4,bf38f69fee000115871578b15786525e82952421,windows11-64-2009-shippable-qr,,True,,,102210fe594ee9b33d82058545b1ed14f4c8206e,,Base Content Explicit,True,Base Content Explicit opt fission,,77,bytes,,448610761,1849290696,2024-02-27T10:31:28,10440719.999999987,f0fd4d27a58991220e91d1c086442a03b0a52117,1382887
autoland,4663319,4,bf38f69fee000115871578b15786525e82952421,windows11-64-2009-shippable-qr,,True,,,102210fe594ee9b33d82058545b1ed14f4c8206e,,Base Content Explicit,True,Base Content Explicit opt fission,,77,bytes,,448647771,1849418384,2024-02-27T13:59:53,10569743.999999989,32acc4e2db50b53733cfcf554a308ccc986925b5,1383025
autoland,4663319,4,bf38f69fee000115871578b15786525e82952421,windows11-64-2009-shippable-qr,,True,,,102210fe594ee9b33d82058545b1ed14f4c8206e,,Base Content Explicit,True,Base Content Explicit opt fission,,77,bytes,,448675910,1849532657,2024-02-27T19:00:03,10627087.999999998,149f61eecb69d6cf570be79260785c5b4a42e516,1383277
autoland,4663319,4,bf38f69fee000115871578b15786525e82952421,windows11-64-2009-shippable-qr,,True,,,102210fe594ee9b33d82058545b1ed14f4c8206e,,Base Content Explicit,True,Base Content Explicit opt fission,,77,bytes,,448703832,1849631153,2024-02-27T23:02:29,10643471.999999981,06645f775e47ea71f6dfa2daff5411ab31c5a629,1383416
autoland,4663319,4,bf38f69fee000115871578b15786525e82952421,windows11-64-2009-shippable-qr,,True,,,102210fe594ee9b33d82058545b1ed14f4c8206e,,Base Content Explicit,True,Base Content Explicit opt fission,,77,bytes,,448705686,1849646694,2024-02-27T23:18:10,10410000.000000013,c2895c7db175458e315a65fd8d5e9385e60a76d3,1383436
autoland,4663319,4,bf38f69fee000115871578b15786525e82952421,windows11-64-2009-shippable-qr,,True,,,102210fe594ee9b33d82058545b1ed14f4c8206e,,Base Content Explicit,True,Base Content Explicit opt fission,,77,bytes,,448721294,1849715435,2024-02-28T03:31:31,10565648.000000004,41ceb034dc709c821d837a321d2c5fb944bd4231,1383545
autoland,4663319,4,bf38f69fee000115871578b15786525e82952421,windows11-64-2009-shippable-qr,,True,,,102210fe594ee9b33d82058545b1ed14f4c8206e,,Base Content Explicit,True,Base Content Explicit opt fission,,77,bytes,,448744672,1849816148,2024-02-28T07:34:11,10579983.999999996,710f48d1638d076913089bfa3978b6a1efc1d842,1383600
autoland,4663319,4,bf38f69fee000115871578b15786525e82952421,windows11-64-2009-shippable-qr,,True,,,102210fe594ee9b33d82058545b1ed14f4c8206e,,Base Content Explicit,True,Base Content Explicit opt fission,,77,bytes,,448745432,1849818434,2024-02-28T08:18:18,10569743.999999989,85f3a9a2a4155f207064d78c57f79611f7332287,1383612
autoland,4663319,4,bf38f69fee000115871578b15786525e82952421,windows11-64-2009-shippable-qr,,True,,,102210fe594ee9b33d82058545b1ed14f4c8206e,,Base Content Explicit,True,Base Content Explicit opt fission,,77,bytes,,448811069,1850051928,2024-02-28T12:53:19,10457103.999999987,2356949f5c6d9a4f229d012051bac51b3eb83aec,1383715
autoland,4663319,4,bf38f69fee000115871578b15786525e82952421,windows11-64-2009-shippable-qr,,True,,,102210fe594ee9b33d82058545b1ed14f4c8206e,,Base Content Explicit,True,Base Content Explicit opt fission,,77,bytes,,448800700,1850003910,2024-02-28T14:06:22,10524688.000000007,6583cb878dec05576053eaa9368a4eb5bbbbbedc,1383751
autoland,4663319,4,bf38f69fee000115871578b15786525e82952421,windows11-64-2009-shippable-qr,,True,,,102210fe594ee9b33d82058545b1ed14f4c8206e,,Base Content Explicit,True,Base Content Explicit opt fission,,77,bytes,,448824260,1850105394,2024-02-28T17:56:27,10571791.999999993,32ca524f7abf0664a2f0d882868c3e913297f446,1383890
autoland,4663319,4,bf38f69fee000115871578b15786525e82952421,windows11-64-2009-shippable-qr,,True,,,102210fe594ee9b33d82058545b1ed14f4c8206e,,Base Content Explicit,True,Base Content Explicit opt fission,,77,bytes,,448897710,1850334929,2024-02-29T00:51:41,10518544.000000017,cbef4527f79aadfe5c4dd940effe9b01df8734b1,1384174
autoland,4663319,4,bf38f69fee000115871578b15786525e82952421,windows11-64-2009-shippable-qr,,True,,,102210fe594ee9b33d82058545b1ed14f4c8206e,,Base Content Explicit,True,Base Content Explicit opt fission,,77,bytes,,448898219,1850340988,2024-02-29T01:20:40,10475535.999999981,f21a5f54b6ecffa5b49d4944c32c752ea622e3c6,1384182
autoland,4663319,4,bf38f69fee000115871578b15786525e82952421,windows11-64-2009-shippable-qr,,True,,,102210fe594ee9b33d82058545b1ed14f4c8206e,,Base Content Explicit,True,Base Content Explicit opt fission,,77,bytes,,448922079,1850476863,2024-02-29T06:49:17,10467343.999999983,bb7b045d24f7773df5e27742496f2c0bb95d780f,1384273
autoland,4663319,4,bf38f69fee000115871578b15786525e82952421,windows11-64-2009-shippable-qr,,True,,,102210fe594ee9b33d82058545b1ed14f4c8206e,,Base Content Explicit,True,Base Content Explicit opt fission,,77,bytes,,448952323,1850641007,2024-02-29T10:50:05,10582032.000000017,fbb087d5e5b8af76523b084cba81dc1be84c7fb4,1384399
autoland,4663319,4,bf38f69fee000115871578b15786525e82952421,windows11-64-2009-shippable-qr,,True,,,102210fe594ee9b33d82058545b1ed14f4c8206e,,Base Content Explicit,True,Base Content Explicit opt fission,,77,bytes,,448959506,1850677551,2024-02-29T13:22:41,10504208.000000006,42781edfbf79030ca8e6f7c1584ebfc2bd31935c,1384414
autoland,4663319,4,bf38f69fee000115871578b15786525e82952421,windows11-64-2009-shippable-qr,,True,,,102210fe594ee9b33d82058545b1ed14f4c8206e,,Base Content Explicit,True,Base Content Explicit opt fission,,77,bytes,,448992739,1850816627,2024-02-29T17:24:54,10401807.999999989,4b82553ad6abc0079d2d7a0642c099ca93d1d156,1384673
autoland,4663319,4,bf38f69fee000115871578b15786525e82952421,windows11-64-2009-shippable-qr,,True,,,102210fe594ee9b33d82058545b1ed14f4c8206e,,Base Content Explicit,True,Base Content Explicit opt fission,,77,bytes,,448998472,1850843449,2024-02-29T17:36:34,10506255.999999998,636cf8095a0f42555363480bc387b9a5aad03efe,1384681
autoland,4663319,4,bf38f69fee000115871578b15786525e82952421,windows11-64-2009-shippable-qr,,True,,,102210fe594ee9b33d82058545b1ed14f4c8206e,,Base Content Explicit,True,Base Content Explicit opt fission,,77,bytes,,449026931,1850952469,2024-02-29T21:50:05,10493968.000000017,1a461feeeb4e7725855a242023e45625b9bddae4,1384804
autoland,4663319,4,bf38f69fee000115871578b15786525e82952421,windows11-64-2009-shippable-qr,,True,,,102210fe594ee9b33d82058545b1ed14f4c8206e,,Base Content Explicit,True,Base Content Explicit opt fission,,77,bytes,,449030154,1850964619,2024-02-29T21:57:41,10565648.000000004,415f94176c1508d1acb91186346a42009b378ca7,1384812
autoland,4663319,4,bf38f69fee000115871578b15786525e82952421,windows11-64-2009-shippable-qr,,True,,,102210fe594ee9b33d82058545b1ed14f4c8206e,,Base Content Explicit,True,Base Content Explicit opt fission,,77,bytes,,449054701,1851089613,2024-03-01T02:06:20,10571791.999999993,3ed1cc3830b2bb116e2875dedadc6ea20235768a,1385033
autoland,4663319,4,bf38f69fee000115871578b15786525e82952421,windows11-64-2009-shippable-qr,,True,,,102210fe594ee9b33d82058545b1ed14f4c8206e,,Base Content Explicit,True,Base Content Explicit opt fission,,77,bytes,,449054850,1851091353,2024-03-01T02:09:48,10598415.999999989,c726403b9a5aaed84563fd210952c3858369c756,1385038
autoland,4663319,4,bf38f69fee000115871578b15786525e82952421,windows11-64-2009-shippable-qr,,True,,,102210fe594ee9b33d82058545b1ed14f4c8206e,,Base Content Explicit,True,Base Content Explicit opt fission,,77,bytes,,449097013,1851273415,2024-03-01T11:09:10,10434576.000000015,b921bb1aee11c101ece321f78bcc56942889bac9,1385336
autoland,4663319,4,bf38f69fee000115871578b15786525e82952421,windows11-64-2009-shippable-qr,,True,,,102210fe594ee9b33d82058545b1ed14f4c8206e,,Base Content Explicit,True,Base Content Explicit opt fission,,77,bytes,,449140995,1851406773,2024-03-01T15:15:21,10444816.00000001,ab2f491c1f6a1907e3cd7de371a27940c1b7ae66,1385464
autoland,4663319,4,bf38f69fee000115871578b15786525e82952421,windows11-64-2009-shippable-qr,,True,,,102210fe594ee9b33d82058545b1ed14f4c8206e,,Base Content Explicit,True,Base Content Explicit opt fission,,77,bytes,,449140126,1851403748,2024-03-01T15:18:33,10520591.999999993,179ceb82c9e5e6619e0a43e7c9a8682bff1f55ac,1385469
autoland,4663319,4,bf38f69fee000115871578b15786525e82952421,windows11-64-2009-shippable-qr,,True,,,102210fe594ee9b33d82058545b1ed14f4c8206e,,Base Content Explicit,True,Base Content Explicit opt fission,,77,bytes,,449160597,1851496553,2024-03-01T19:33:22,10565648.000000004,c12ee5058abff427e2fd65f86c453b2c0ef5c315,1385653
autoland,4663319,4,bf38f69fee000115871578b15786525e82952421,windows11-64-2009-shippable-qr,,True,,,102210fe594ee9b33d82058545b1ed14f4c8206e,,Base Content Explicit,True,Base Content Explicit opt fission,,77,bytes,,449200861,1851666721,2024-03-02T08:44:09,10528783.999999989,ac7b674e512d88788161e657fbc3371b8d955c65,1385889
autoland,4663319,4,bf38f69fee000115871578b15786525e82952421,windows11-64-2009-shippable-qr,,True,,,102210fe594ee9b33d82058545b1ed14f4c8206e,,Base Content Explicit,True,Base Content Explicit opt fission,,77,bytes,,449219891,1851749148,2024-03-02T12:50:07,10416144.000000007,6263d391d703f61cfd3ddbb3791adc628a603520,1385922
autoland,4663319,4,bf38f69fee000115871578b15786525e82952421,windows11-64-2009-shippable-qr,,True,,,102210fe594ee9b33d82058545b1ed14f4c8206e,,Base Content Explicit,True,Base Content Explicit opt fission,,77,bytes,,449251696,1851904800,2024-03-02T19:45:31,10596368.000000004,8042d9f9b7b6eb6e6a6fbefba554c035ef6bbda1,1385954
autoland,4663319,4,bf38f69fee000115871578b15786525e82952421,windows11-64-2009-shippable-qr,,True,,,102210fe594ee9b33d82058545b1ed14f4c8206e,,Base Content Explicit,True,Base Content Explicit opt fission,,77,bytes,,449280149,1852000933,2024-03-03T01:04:11,10545168.000000006,c5ddc3b211e53221a5b12ce6c8a5a523bba3641f,1385990
autoland,4663319,4,bf38f69fee000115871578b15786525e82952421,windows11-64-2009-shippable-qr,,True,,,102210fe594ee9b33d82058545b1ed14f4c8206e,,Base Content Explicit,True,Base Content Explicit opt fission,,77,bytes,,449315629,1852132394,2024-03-03T12:29:51,10461200.000000015,62056fe89aac9d2f369746854f0e3a55ad7153d0,1386069
autoland,4663319,4,bf38f69fee000115871578b15786525e82952421,windows11-64-2009-shippable-qr,,True,,,102210fe594ee9b33d82058545b1ed14f4c8206e,,Base Content Explicit,True,Base Content Explicit opt fission,,77,bytes,,449344066,1852238893,2024-03-04T01:21:19,10530831.999999983,499cae53f42dfc8f376fd97d0a83c1f8e85e274c,1386148
autoland,4663319,4,bf38f69fee000115871578b15786525e82952421,windows11-64-2009-shippable-qr,,True,,,102210fe594ee9b33d82058545b1ed14f4c8206e,,Base Content Explicit,True,Base Content Explicit opt fission,,77,bytes,,449354985,1852279283,2024-03-04T06:32:50,10418192.000000013,79823348e9cf740dbe5ae11eb654b1a85ea0ecbc,1386182
autoland,4663319,4,bf38f69fee000115871578b15786525e82952421,windows11-64-2009-shippable-qr,,True,,,102210fe594ee9b33d82058545b1ed14f4c8206e,,Base Content Explicit,True,Base Content Explicit opt fission,,77,bytes,,449372628,1852357504,2024-03-04T08:48:22,10465296.000000002,54c13c0498731427f23aff4c7e87900a715761b0,1386226
autoland,4663319,4,bf38f69fee000115871578b15786525e82952421,windows11-64-2009-shippable-qr,,True,,,102210fe594ee9b33d82058545b1ed14f4c8206e,,Base Content Explicit,True,Base Content Explicit opt fission,,77,bytes,,449426822,1852497134,2024-03-04T12:51:58,10526736.000000017,938c019ec0d1f3f1c0932e575d8f9e9f4c387320,1386363
autoland,4663319,4,bf38f69fee000115871578b15786525e82952421,windows11-64-2009-shippable-qr,,True,,,102210fe594ee9b33d82058545b1ed14f4c8206e,,Base Content Explicit,True,Base Content Explicit opt fission,,77,bytes,,449439752,1852574794,2024-03-04T14:27:11,10590224.0,c90923a84670e17105b275c5be4a3c2842cb248e,1386418
autoland,4663319,4,bf38f69fee000115871578b15786525e82952421,windows11-64-2009-shippable-qr,,True,,,102210fe594ee9b33d82058545b1ed14f4c8206e,,Base Content Explicit,True,Base Content Explicit opt fission,,77,bytes,,449455163,1852608292,2024-03-04T16:31:41,10614799.999999981,6c8dfd2a5bcafec953d7303c1fc35ec76d05f6ac,1386528
autoland,4663319,4,bf38f69fee000115871578b15786525e82952421,windows11-64-2009-shippable-qr,,True,,,102210fe594ee9b33d82058545b1ed14f4c8206e,,Base Content Explicit,True,Base Content Explicit opt fission,,77,bytes,,449953543,1854544212,2024-03-04T19:15:00,10598415.999999989,448248e26dbfa090f403e00d747d72e8a8fe44d3,1386635
autoland,4663319,4,bf38f69fee000115871578b15786525e82952421,windows11-64-2009-shippable-qr,,True,,,102210fe594ee9b33d82058545b1ed14f4c8206e,,Base Content Explicit,True,Base Content Explicit opt fission,,77,bytes,,449953544,1854544318,2024-03-04T19:15:00,10436623.999999998,448248e26dbfa090f403e00d747d72e8a8fe44d3,1386635
autoland,4663319,4,bf38f69fee000115871578b15786525e82952421,windows11-64-2009-shippable-qr,,True,,,102210fe594ee9b33d82058545b1ed14f4c8206e,,Base Content Explicit,True,Base Content Explicit opt fission,,77,bytes,,449953545,1854544529,2024-03-04T19:15:00,10590224.0,448248e26dbfa090f403e00d747d72e8a8fe44d3,1386635
autoland,4663319,4,bf38f69fee000115871578b15786525e82952421,windows11-64-2009-shippable-qr,,True,,,102210fe594ee9b33d82058545b1ed14f4c8206e,,Base Content Explicit,True,Base Content Explicit opt fission,,77,bytes,,449953546,1854544263,2024-03-04T19:15:00,10498063.999999987,448248e26dbfa090f403e00d747d72e8a8fe44d3,1386635
autoland,4663319,4,bf38f69fee000115871578b15786525e82952421,windows11-64-2009-shippable-qr,,True,,,102210fe594ee9b33d82058545b1ed14f4c8206e,,Base Content Explicit,True,Base Content Explicit opt fission,,77,bytes,,449953547,1854544963,2024-03-04T19:15:00,10571791.999999993,448248e26dbfa090f403e00d747d72e8a8fe44d3,1386635
autoland,4663319,4,bf38f69fee000115871578b15786525e82952421,windows11-64-2009-shippable-qr,,True,,,102210fe594ee9b33d82058545b1ed14f4c8206e,,Base Content Explicit,True,Base Content Explicit opt fission,,77,bytes,,449946404,1854521389,2024-03-04T19:15:49,10471440.000000011,84b5a306ab52e7ef2aed062414d9bef7d6e4163e,1386637
autoland,4663319,4,bf38f69fee000115871578b15786525e82952421,windows11-64-2009-shippable-qr,,True,,,102210fe594ee9b33d82058545b1ed14f4c8206e,,Base Content Explicit,True,Base Content Explicit opt fission,,77,bytes,,449946406,1854522324,2024-03-04T19:15:49,10627087.999999998,84b5a306ab52e7ef2aed062414d9bef7d6e4163e,1386637
autoland,4663319,4,bf38f69fee000115871578b15786525e82952421,windows11-64-2009-shippable-qr,,True,,,102210fe594ee9b33d82058545b1ed14f4c8206e,,Base Content Explicit,True,Base Content Explicit opt fission,,77,bytes,,449946408,1854521821,2024-03-04T19:15:49,10534928.000000002,84b5a306ab52e7ef2aed062414d9bef7d6e4163e,1386637
autoland,4663319,4,bf38f69fee000115871578b15786525e82952421,windows11-64-2009-shippable-qr,,True,,,102210fe594ee9b33d82058545b1ed14f4c8206e,,Base Content Explicit,True,Base Content Explicit opt fission,,77,bytes,,449946410,1854522062,2024-03-04T19:15:49,10430480.000000017,84b5a306ab52e7ef2aed062414d9bef7d6e4163e,1386637
autoland,4663319,4,bf38f69fee000115871578b15786525e82952421,windows11-64-2009-shippable-qr,,True,,,102210fe594ee9b33d82058545b1ed14f4c8206e,,Base Content Explicit,True,Base Content Explicit opt fission,,77,bytes,,449946412,1854522052,2024-03-04T19:15:49,10520591.999999993,84b5a306ab52e7ef2aed062414d9bef7d6e4163e,1386637
autoland,4663319,4,bf38f69fee000115871578b15786525e82952421,windows11-64-2009-shippable-qr,,True,,,102210fe594ee9b33d82058545b1ed14f4c8206e,,Base Content Explicit,True,Base Content Explicit opt fission,,77,bytes,,449946424,1854523628,2024-03-04T19:34:56,10600463.999999994,5e638504e96a27696475e8f0917825bdfb436b25,1386657
autoland,4663319,4,bf38f69fee000115871578b15786525e82952421,windows11-64-2009-shippable-qr,,True,,,102210fe594ee9b33d82058545b1ed14f4c8206e,,Base Content Explicit,True,Base Content Explicit opt fission,,77,bytes,,449946426,1854522944,2024-03-04T19:34:56,10463248.00000001,5e638504e96a27696475e8f0917825bdfb436b25,1386657
autoland,4663319,4,bf38f69fee000115871578b15786525e82952421,windows11-64-2009-shippable-qr,,True,,,102210fe594ee9b33d82058545b1ed14f4c8206e,,Base Content Explicit,True,Base Content Explicit opt fission,,77,bytes,,449946428,1854523073,2024-03-04T19:34:56,10500112.000000013,5e638504e96a27696475e8f0917825bdfb436b25,1386657
autoland,4663319,4,bf38f69fee000115871578b15786525e82952421,windows11-64-2009-shippable-qr,,True,,,102210fe594ee9b33d82058545b1ed14f4c8206e,,Base Content Explicit,True,Base Content Explicit opt fission,,77,bytes,,449946429,1854522964,2024-03-04T19:34:56,10526736.000000017,5e638504e96a27696475e8f0917825bdfb436b25,1386657
autoland,4663319,4,bf38f69fee000115871578b15786525e82952421,windows11-64-2009-shippable-qr,,True,,,102210fe594ee9b33d82058545b1ed14f4c8206e,,Base Content Explicit,True,Base Content Explicit opt fission,,77,bytes,,449946431,1854523897,2024-03-04T19:34:56,10612751.999999998,5e638504e96a27696475e8f0917825bdfb436b25,1386657
autoland,4663319,4,bf38f69fee000115871578b15786525e82952421,windows11-64-2009-shippable-qr,,True,,,102210fe594ee9b33d82058545b1ed14f4c8206e,,Base Content Explicit,True,Base Content Explicit opt fission,,77,bytes,,449946415,1854522479,2024-03-04T19:49:32,10588175.99999999,42cdec2277bfd73ae18fcfd75ceb95cec3a5d52d,1386673
autoland,4663319,4,bf38f69fee000115871578b15786525e82952421,windows11-64-2009-shippable-qr,,True,,,102210fe594ee9b33d82058545b1ed14f4c8206e,,Base Content Explicit,True,Base Content Explicit opt fission,,77,bytes,,449946416,1854522442,2024-03-04T19:49:32,10508304.000000004,42cdec2277bfd73ae18fcfd75ceb95cec3a5d52d,1386673
autoland,4663319,4,bf38f69fee000115871578b15786525e82952421,windows11-64-2009-shippable-qr,,True,,,102210fe594ee9b33d82058545b1ed14f4c8206e,,Base Content Explicit,True,Base Content Explicit opt fission,,77,bytes,,449946417,1854522824,2024-03-04T19:49:32,10606607.999999985,42cdec2277bfd73ae18fcfd75ceb95cec3a5d52d,1386673
autoland,4663319,4,bf38f69fee000115871578b15786525e82952421,windows11-64-2009-shippable-qr,,True,,,102210fe594ee9b33d82058545b1ed14f4c8206e,,Base Content Explicit,True,Base Content Explicit opt fission,,77,bytes,,449946419,1854522747,2024-03-04T19:49:32,10547215.999999994,42cdec2277bfd73ae18fcfd75ceb95cec3a5d52d,1386673
autoland,4663319,4,bf38f69fee000115871578b15786525e82952421,windows11-64-2009-shippable-qr,,True,,,102210fe594ee9b33d82058545b1ed14f4c8206e,,Base Content Explicit,True,Base Content Explicit opt fission,,77,bytes,,449946420,1854522427,2024-03-04T19:49:32,10545168.000000006,42cdec2277bfd73ae18fcfd75ceb95cec3a5d52d,1386673
autoland,4663319,4,bf38f69fee000115871578b15786525e82952421,windows11-64-2009-shippable-qr,,True,,,102210fe594ee9b33d82058545b1ed14f4c8206e,,Base Content Explicit,True,Base Content Explicit opt fission,,77,bytes,,449946414,1854522252,2024-03-04T19:51:40,10522639.999999985,107190566dab2d13472c7f0393f50748a845c15a,1386674
autoland,4663319,4,bf38f69fee000115871578b15786525e82952421,windows11-64-2009-shippable-qr,,True,,,102210fe594ee9b33d82058545b1ed14f4c8206e,,Base Content Explicit,True,Base Content Explicit opt fission,,77,bytes,,449946418,1854522768,2024-03-04T19:51:40,10416144.000000007,107190566dab2d13472c7f0393f50748a845c15a,1386674
autoland,4663319,4,bf38f69fee000115871578b15786525e82952421,windows11-64-2009-shippable-qr,,True,,,102210fe594ee9b33d82058545b1ed14f4c8206e,,Base Content Explicit,True,Base Content Explicit opt fission,,77,bytes,,449946421,1854522758,2024-03-04T19:51:40,10557456.000000007,107190566dab2d13472c7f0393f50748a845c15a,1386674
autoland,4663319,4,bf38f69fee000115871578b15786525e82952421,windows11-64-2009-shippable-qr,,True,,,102210fe594ee9b33d82058545b1ed14f4c8206e,,Base Content Explicit,True,Base Content Explicit opt fission,,77,bytes,,449946422,1854522926,2024-03-04T19:51:40,10465296.000000002,107190566dab2d13472c7f0393f50748a845c15a,1386674
autoland,4663319,4,bf38f69fee000115871578b15786525e82952421,windows11-64-2009-shippable-qr,,True,,,102210fe594ee9b33d82058545b1ed14f4c8206e,,Base Content Explicit,True,Base Content Explicit opt fission,,77,bytes,,449946423,1854522850,2024-03-04T19:51:40,10555408.000000011,107190566dab2d13472c7f0393f50748a845c15a,1386674
autoland,4663319,4,bf38f69fee000115871578b15786525e82952421,windows11-64-2009-shippable-qr,,True,,,102210fe594ee9b33d82058545b1ed14f4c8206e,,Base Content Explicit,True,Base Content Explicit opt fission,,77,bytes,,449496819,1852778592,2024-03-04T20:31:42,10510352.000000002,430bda8b01b3b00b083a0034de19b12b032caf6b,1386698
autoland,4663319,4,bf38f69fee000115871578b15786525e82952421,windows11-64-2009-shippable-qr,,True,,,102210fe594ee9b33d82058545b1ed14f4c8206e,,Base Content Explicit,True,Base Content Explicit opt fission,,77,bytes,,449946437,1854523028,2024-03-04T20:31:42,10612751.999999998,430bda8b01b3b00b083a0034de19b12b032caf6b,1386698
autoland,4663319,4,bf38f69fee000115871578b15786525e82952421,windows11-64-2009-shippable-qr,,True,,,102210fe594ee9b33d82058545b1ed14f4c8206e,,Base Content Explicit,True,Base Content Explicit opt fission,,77,bytes,,449946438,1854523253,2024-03-04T20:31:42,10555408.000000011,430bda8b01b3b00b083a0034de19b12b032caf6b,1386698
autoland,4663319,4,bf38f69fee000115871578b15786525e82952421,windows11-64-2009-shippable-qr,,True,,,102210fe594ee9b33d82058545b1ed14f4c8206e,,Base Content Explicit,True,Base Content Explicit opt fission,,77,bytes,,449946442,1854523564,2024-03-04T20:31:42,10526736.000000017,430bda8b01b3b00b083a0034de19b12b032caf6b,1386698
autoland,4663319,4,bf38f69fee000115871578b15786525e82952421,windows11-64-2009-shippable-qr,,True,,,102210fe594ee9b33d82058545b1ed14f4c8206e,,Base Content Explicit,True,Base Content Explicit opt fission,,77,bytes,,449946443,1854523315,2024-03-04T20:31:42,10475535.999999981,430bda8b01b3b00b083a0034de19b12b032caf6b,1386698
autoland,4663319,4,bf38f69fee000115871578b15786525e82952421,windows11-64-2009-shippable-qr,,True,,,102210fe594ee9b33d82058545b1ed14f4c8206e,,Base Content Explicit,True,Base Content Explicit opt fission,,77,bytes,,449946444,1854523758,2024-03-04T20:31:42,10512399.999999987,430bda8b01b3b00b083a0034de19b12b032caf6b,1386698
autoland,4663319,4,bf38f69fee000115871578b15786525e82952421,windows11-64-2009-shippable-qr,,True,,,102210fe594ee9b33d82058545b1ed14f4c8206e,,Base Content Explicit,True,Base Content Explicit opt fission,,77,bytes,,449946446,1854523367,2024-03-04T20:35:53,10412047.999999989,5c84d062c789d34e0bf2b3279f3435d7e1dcebdd,1386700
autoland,4663319,4,bf38f69fee000115871578b15786525e82952421,windows11-64-2009-shippable-qr,,True,,,102210fe594ee9b33d82058545b1ed14f4c8206e,,Base Content Explicit,True,Base Content Explicit opt fission,,77,bytes,,449946447,1854523745,2024-03-04T20:35:53,10598415.999999989,5c84d062c789d34e0bf2b3279f3435d7e1dcebdd,1386700
autoland,4663319,4,bf38f69fee000115871578b15786525e82952421,windows11-64-2009-shippable-qr,,True,,,102210fe594ee9b33d82058545b1ed14f4c8206e,,Base Content Explicit,True,Base Content Explicit opt fission,,77,bytes,,449946448,1854523842,2024-03-04T20:35:53,10465296.000000002,5c84d062c789d34e0bf2b3279f3435d7e1dcebdd,1386700
autoland,4663319,4,bf38f69fee000115871578b15786525e82952421,windows11-64-2009-shippable-qr,,True,,,102210fe594ee9b33d82058545b1ed14f4c8206e,,Base Content Explicit,True,Base Content Explicit opt fission,,77,bytes,,449946449,1854524157,2024-03-04T20:35:53,10584079.999999993,5c84d062c789d34e0bf2b3279f3435d7e1dcebdd,1386700
autoland,4663319,4,bf38f69fee000115871578b15786525e82952421,windows11-64-2009-shippable-qr,,True,,,102210fe594ee9b33d82058545b1ed14f4c8206e,,Base Content Explicit,True,Base Content Explicit opt fission,,77,bytes,,449946450,1854524306,2024-03-04T20:35:53,10514448.000000007,5c84d062c789d34e0bf2b3279f3435d7e1dcebdd,1386700
autoland,4663319,4,bf38f69fee000115871578b15786525e82952421,windows11-64-2009-shippable-qr,,True,,,102210fe594ee9b33d82058545b1ed14f4c8206e,,Base Content Explicit,True,Base Content Explicit opt fission,,77,bytes,,449946425,1854522936,2024-03-04T20:48:45,10524688.000000007,ec44194caefb41931247d18ad886326cf6d89a93,1386704
autoland,4663319,4,bf38f69fee000115871578b15786525e82952421,windows11-64-2009-shippable-qr,,True,,,102210fe594ee9b33d82058545b1ed14f4c8206e,,Base Content Explicit,True,Base Content Explicit opt fission,,77,bytes,,449946427,1854523103,2024-03-04T20:48:45,10450960.000000019,ec44194caefb41931247d18ad886326cf6d89a93,1386704
autoland,4663319,4,bf38f69fee000115871578b15786525e82952421,windows11-64-2009-shippable-qr,,True,,,102210fe594ee9b33d82058545b1ed14f4c8206e,,Base Content Explicit,True,Base Content Explicit opt fission,,77,bytes,,449946430,1854523019,2024-03-04T20:48:45,10446863.999999993,ec44194caefb41931247d18ad886326cf6d89a93,1386704
autoland,4663319,4,bf38f69fee000115871578b15786525e82952421,windows11-64-2009-shippable-qr,,True,,,102210fe594ee9b33d82058545b1ed14f4c8206e,,Base Content Explicit,True,Base Content Explicit opt fission,,77,bytes,,449946432,1854523241,2024-03-04T20:48:45,10592271.999999983,ec44194caefb41931247d18ad886326cf6d89a93,1386704
autoland,4663319,4,bf38f69fee000115871578b15786525e82952421,windows11-64-2009-shippable-qr,,True,,,102210fe594ee9b33d82058545b1ed14f4c8206e,,Base Content Explicit,True,Base Content Explicit opt fission,,77,bytes,,449946433,1854523047,2024-03-04T20:48:45,10571791.999999993,ec44194caefb41931247d18ad886326cf6d89a93,1386704
autoland,4663319,4,bf38f69fee000115871578b15786525e82952421,windows11-64-2009-shippable-qr,,True,,,102210fe594ee9b33d82058545b1ed14f4c8206e,,Base Content Explicit,True,Base Content Explicit opt fission,,77,bytes,,449946405,1854521370,2024-03-04T21:06:31,10602511.999999993,2104e9ef47fe2c890fa63ee265a2bc5dda11dabe,1386711
autoland,4663319,4,bf38f69fee000115871578b15786525e82952421,windows11-64-2009-shippable-qr,,True,,,102210fe594ee9b33d82058545b1ed14f4c8206e,,Base Content Explicit,True,Base Content Explicit opt fission,,77,bytes,,449946407,1854521997,2024-03-04T21:06:31,10477584.000000011,2104e9ef47fe2c890fa63ee265a2bc5dda11dabe,1386711
autoland,4663319,4,bf38f69fee000115871578b15786525e82952421,windows11-64-2009-shippable-qr,,True,,,102210fe594ee9b33d82058545b1ed14f4c8206e,,Base Content Explicit,True,Base Content Explicit opt fission,,77,bytes,,449946409,1854522291,2024-03-04T21:06:31,10446863.999999993,2104e9ef47fe2c890fa63ee265a2bc5dda11dabe,1386711
autoland,4663319,4,bf38f69fee000115871578b15786525e82952421,windows11-64-2009-shippable-qr,,True,,,102210fe594ee9b33d82058545b1ed14f4c8206e,,Base Content Explicit,True,Base Content Explicit opt fission,,77,bytes,,449946411,1854522281,2024-03-04T21:06:31,10594320.00000001,2104e9ef47fe2c890fa63ee265a2bc5dda11dabe,1386711
autoland,4663319,4,bf38f69fee000115871578b15786525e82952421,windows11-64-2009-shippable-qr,,True,,,102210fe594ee9b33d82058545b1ed14f4c8206e,,Base Content Explicit,True,Base Content Explicit opt fission,,77,bytes,,449946413,1854522269,2024-03-04T21:06:31,10532880.000000006,2104e9ef47fe2c890fa63ee265a2bc5dda11dabe,1386711
autoland,4663319,4,bf38f69fee000115871578b15786525e82952421,windows11-64-2009-shippable-qr,,True,,,102210fe594ee9b33d82058545b1ed14f4c8206e,,Base Content Explicit,True,Base Content Explicit opt fission,,77,bytes,,449946465,1854524257,2024-03-04T21:14:51,10596368.000000004,2aa589c9e655b54dc77209268450e5e4d16a9fc9,1386716
autoland,4663319,4,bf38f69fee000115871578b15786525e82952421,windows11-64-2009-shippable-qr,,True,,,102210fe594ee9b33d82058545b1ed14f4c8206e,,Base Content Explicit,True,Base Content Explicit opt fission,,77,bytes,,449946466,1854524248,2024-03-04T21:14:51,10514448.000000007,2aa589c9e655b54dc77209268450e5e4d16a9fc9,1386716
autoland,4663319,4,bf38f69fee000115871578b15786525e82952421,windows11-64-2009-shippable-qr,,True,,,102210fe594ee9b33d82058545b1ed14f4c8206e,,Base Content Explicit,True,Base Content Explicit opt fission,,77,bytes,,449946467,1854524370,2024-03-04T21:14:51,10530831.999999983,2aa589c9e655b54dc77209268450e5e4d16a9fc9,1386716
autoland,4663319,4,bf38f69fee000115871578b15786525e82952421,windows11-64-2009-shippable-qr,,True,,,102210fe594ee9b33d82058545b1ed14f4c8206e,,Base Content Explicit,True,Base Content Explicit opt fission,,77,bytes,,449946468,1854524327,2024-03-04T21:14:51,10526736.000000017,2aa589c9e655b54dc77209268450e5e4d16a9fc9,1386716
autoland,4663319,4,bf38f69fee000115871578b15786525e82952421,windows11-64-2009-shippable-qr,,True,,,102210fe594ee9b33d82058545b1ed14f4c8206e,,Base Content Explicit,True,Base Content Explicit opt fission,,77,bytes,,449946469,1854524181,2024-03-04T21:14:51,10590224.0,2aa589c9e655b54dc77209268450e5e4d16a9fc9,1386716
autoland,4663319,4,bf38f69fee000115871578b15786525e82952421,windows11-64-2009-shippable-qr,,True,,,102210fe594ee9b33d82058545b1ed14f4c8206e,,Base Content Explicit,True,Base Content Explicit opt fission,,77,bytes,,449496011,1852776554,2024-03-04T21:16:05,10477584.000000011,5b706eb2187070200b3eecb6d99a95e750c3266e,1386717
autoland,4663319,4,bf38f69fee000115871578b15786525e82952421,windows11-64-2009-shippable-qr,,True,,,102210fe594ee9b33d82058545b1ed14f4c8206e,,Base Content Explicit,True,Base Content Explicit opt fission,,77,bytes,,449946436,1854523038,2024-03-04T21:16:05,10543120.000000019,5b706eb2187070200b3eecb6d99a95e750c3266e,1386717
autoland,4663319,4,bf38f69fee000115871578b15786525e82952421,windows11-64-2009-shippable-qr,,True,,,102210fe594ee9b33d82058545b1ed14f4c8206e,,Base Content Explicit,True,Base Content Explicit opt fission,,77,bytes,,449946439,1854523093,2024-03-04T21:16:05,10528783.999999989,5b706eb2187070200b3eecb6d99a95e750c3266e,1386717
autoland,4663319,4,bf38f69fee000115871578b15786525e82952421,windows11-64-2009-shippable-qr,,True,,,102210fe594ee9b33d82058545b1ed14f4c8206e,,Base Content Explicit,True,Base Content Explicit opt fission,,77,bytes,,449946440,1854523172,2024-03-04T21:16:05,10469392.000000002,5b706eb2187070200b3eecb6d99a95e750c3266e,1386717
autoland,4663319,4,bf38f69fee000115871578b15786525e82952421,windows11-64-2009-shippable-qr,,True,,,102210fe594ee9b33d82058545b1ed14f4c8206e,,Base Content Explicit,True,Base Content Explicit opt fission,,77,bytes,,449946441,1854523377,2024-03-04T21:16:05,10496016.000000002,5b706eb2187070200b3eecb6d99a95e750c3266e,1386717
autoland,4663319,4,bf38f69fee000115871578b15786525e82952421,windows11-64-2009-shippable-qr,,True,,,102210fe594ee9b33d82058545b1ed14f4c8206e,,Base Content Explicit,True,Base Content Explicit opt fission,,77,bytes,,449946445,1854523767,2024-03-04T21:16:05,10557456.000000007,5b706eb2187070200b3eecb6d99a95e750c3266e,1386717
autoland,4663319,4,bf38f69fee000115871578b15786525e82952421,windows11-64-2009-shippable-qr,,True,,,102210fe594ee9b33d82058545b1ed14f4c8206e,,Base Content Explicit,True,Base Content Explicit opt fission,,77,bytes,,449537622,1852892679,2024-03-05T01:28:34,10579983.999999996,2b54764bcf2909b800951938d1f6fd47752c91b6,1386871
autoland,4663319,4,bf38f69fee000115871578b15786525e82952421,windows11-64-2009-shippable-qr,,True,,,102210fe594ee9b33d82058545b1ed14f4c8206e,,Base Content Explicit,True,Base Content Explicit opt fission,,77,bytes,,449549383,1852990751,2024-03-05T05:25:14,10471440.000000011,61bb37d1ba16985ef9e5cd99cd02912849f743a3,1386945
autoland,4663319,4,bf38f69fee000115871578b15786525e82952421,windows11-64-2009-shippable-qr,,True,,,102210fe594ee9b33d82058545b1ed14f4c8206e,,Base Content Explicit,True,Base Content Explicit opt fission,,77,bytes,,449576666,1853082082,2024-03-05T09:36:09,10496016.000000002,20859a1f25eb48ec31fdd24c0552b9fa83c5dcf2,1387072
autoland,4663319,4,bf38f69fee000115871578b15786525e82952421,windows11-64-2009-shippable-qr,,True,,,102210fe594ee9b33d82058545b1ed14f4c8206e,,Base Content Explicit,True,Base Content Explicit opt fission,,77,bytes,,449603262,1853164085,2024-03-05T11:43:18,10477584.000000011,300643546ea85a42a1f88a11595ebbb0b7157128,1387157
autoland,4663319,4,bf38f69fee000115871578b15786525e82952421,windows11-64-2009-shippable-qr,,True,,,102210fe594ee9b33d82058545b1ed14f4c8206e,,Base Content Explicit,True,Base Content Explicit opt fission,,77,bytes,,449629224,1853242027,2024-03-05T15:52:09,10498063.999999987,adf17fc47c84c0fa237aecff550ba42344a5c629,1387348
autoland,4663319,4,bf38f69fee000115871578b15786525e82952421,windows11-64-2009-shippable-qr,,True,,,102210fe594ee9b33d82058545b1ed14f4c8206e,,Base Content Explicit,True,Base Content Explicit opt fission,,77,bytes,,449669892,1853374712,2024-03-05T19:23:59,10530831.999999983,c13ff57ddd8d6b9f971a631b45c6da97b3c14fb9,1387560
autoland,4663319,4,bf38f69fee000115871578b15786525e82952421,windows11-64-2009-shippable-qr,,True,,,102210fe594ee9b33d82058545b1ed14f4c8206e,,Base Content Explicit,True,Base Content Explicit opt fission,,77,bytes,,449688487,1853427339,2024-03-05T22:16:54,10590224.0,099f52f30c39008328dfbc02ff824310e082a8da,1387647
autoland,4663319,4,bf38f69fee000115871578b15786525e82952421,windows11-64-2009-shippable-qr,,True,,,102210fe594ee9b33d82058545b1ed14f4c8206e,,Base Content Explicit,True,Base Content Explicit opt fission,,77,bytes,,449713387,1853535934,2024-03-06T02:53:23,10465296.000000002,488c772c72746cdfbf99e927acee696c4d6a5aef,1387831
autoland,4663319,4,bf38f69fee000115871578b15786525e82952421,windows11-64-2009-shippable-qr,,True,,,102210fe594ee9b33d82058545b1ed14f4c8206e,,Base Content Explicit,True,Base Content Explicit opt fission,,77,bytes,,449803908,1853863874,2024-03-06T14:00:28,10424335.999999983,143c3925806ed35200c2a71e650e7e74f58520a7,1388157
autoland,4663319,4,bf38f69fee000115871578b15786525e82952421,windows11-64-2009-shippable-qr,,True,,,102210fe594ee9b33d82058545b1ed14f4c8206e,,Base Content Explicit,True,Base Content Explicit opt fission,,77,bytes,,449831892,1853962698,2024-03-06T18:03:03,10577936.00000001,03e6d6ff8bde56b645cfbc34dee452ff375ff3ca,1388329
autoland,4663319,4,bf38f69fee000115871578b15786525e82952421,windows11-64-2009-shippable-qr,,True,,,102210fe594ee9b33d82058545b1ed14f4c8206e,,Base Content Explicit,True,Base Content Explicit opt fission,,77,bytes,,449831376,1853957690,2024-03-06T18:05:41,10596368.000000004,f408182c4687f0490084c35cc766e637d0bdfd0f,1388333
autoland,4663319,4,bf38f69fee000115871578b15786525e82952421,windows11-64-2009-shippable-qr,,True,,,102210fe594ee9b33d82058545b1ed14f4c8206e,,Base Content Explicit,True,Base Content Explicit opt fission,,77,bytes,,449857520,1854106054,2024-03-06T20:32:27,10555408.000000011,cbcc69d30489c534df28a444097bd87fcf8d8352,1388530
autoland,4663319,4,bf38f69fee000115871578b15786525e82952421,windows11-64-2009-shippable-qr,,True,,,102210fe594ee9b33d82058545b1ed14f4c8206e,,Base Content Explicit,True,Base Content Explicit opt fission,,77,bytes,,449875890,1854141532,2024-03-06T22:58:04,10598415.999999989,98eadcb9210580189dd1cb9eb2cad1362b0c2835,1388664
autoland,4663319,4,bf38f69fee000115871578b15786525e82952421,windows11-64-2009-shippable-qr,,True,,,102210fe594ee9b33d82058545b1ed14f4c8206e,,Base Content Explicit,True,Base Content Explicit opt fission,,77,bytes,,449896557,1854281917,2024-03-07T03:21:51,10579983.999999996,62ed755b7c5e2b357e66b4f19a5419c685e87a47,1388820
autoland,4663319,4,bf38f69fee000115871578b15786525e82952421,windows11-64-2009-shippable-qr,,True,,,102210fe594ee9b33d82058545b1ed14f4c8206e,,Base Content Explicit,True,Base Content Explicit opt fission,,77,bytes,,449924131,1854434669,2024-03-07T10:49:51,10489872.000000015,cfe658475285f9b5c867bcbd191d2e1332df885e,1388876
autoland,4663319,4,bf38f69fee000115871578b15786525e82952421,windows11-64-2009-shippable-qr,,True,,,102210fe594ee9b33d82058545b1ed14f4c8206e,,Base Content Explicit,True,Base Content Explicit opt fission,,77,bytes,,449937485,1854481776,2024-03-07T13:27:03,10532880.000000006,0027da61966ddaf727a4c543b4541d0e175cb354,1388885
autoland,4663319,4,bf38f69fee000115871578b15786525e82952421,windows11-64-2009-shippable-qr,,True,,,102210fe594ee9b33d82058545b1ed14f4c8206e,,Base Content Explicit,True,Base Content Explicit opt fission,,77,bytes,,451321609,1860252491,2024-03-07T16:33:05,10453007.999999998,4814d25e4bcba50f9dc63c30b2ae0e71c6302352,1388968
autoland,4663319,4,bf38f69fee000115871578b15786525e82952421,windows11-64-2009-shippable-qr,,True,,,102210fe594ee9b33d82058545b1ed14f4c8206e,,Base Content Explicit,True,Base Content Explicit opt fission,,77,bytes,,451321603,1860252422,2024-03-07T16:52:56,10547215.999999994,18a81dc9dbb25ede2eb3976860f8f6ecfe9ecf2e,1388970
autoland,4663319,4,bf38f69fee000115871578b15786525e82952421,windows11-64-2009-shippable-qr,,True,,,102210fe594ee9b33d82058545b1ed14f4c8206e,,Base Content Explicit,True,Base Content Explicit opt fission,,77,bytes,,451321606,1860252747,2024-03-07T16:53:46,10508304.000000004,7aeebef4941d96083d763e51a0852c646ff07c86,1388971
autoland,4663319,4,bf38f69fee000115871578b15786525e82952421,windows11-64-2009-shippable-qr,,True,,,102210fe594ee9b33d82058545b1ed14f4c8206e,,Base Content Explicit,True,Base Content Explicit opt fission,,77,bytes,,451321610,1860253184,2024-03-07T16:59:56,10635279.999999983,e7281576567562c045eba058013864843a68d5f0,1388976
autoland,4663319,4,bf38f69fee000115871578b15786525e82952421,windows11-64-2009-shippable-qr,,True,,,102210fe594ee9b33d82058545b1ed14f4c8206e,,Base Content Explicit,True,Base Content Explicit opt fission,,77,bytes,,451321604,1860252948,2024-03-07T17:08:29,10430480.000000017,79c505b1fb01180d2160bbf105be8fab8e34904d,1388985
autoland,4663319,4,bf38f69fee000115871578b15786525e82952421,windows11-64-2009-shippable-qr,,True,,,102210fe594ee9b33d82058545b1ed14f4c8206e,,Base Content Explicit,True,Base Content Explicit opt fission,,77,bytes,,451321623,1860253294,2024-03-07T17:10:12,10528783.999999989,c2d7d253c14a80d48a8c082d13063f9fe02a3507,1388988
autoland,4663319,4,bf38f69fee000115871578b15786525e82952421,windows11-64-2009-shippable-qr,,True,,,102210fe594ee9b33d82058545b1ed14f4c8206e,,Base Content Explicit,True,Base Content Explicit opt fission,,77,bytes,,451321622,1860252567,2024-03-07T17:21:18,10465296.000000002,db166f0115c4eb3a6a37cc2e1218293acc7f074b,1389000
autoland,4663319,4,bf38f69fee000115871578b15786525e82952421,windows11-64-2009-shippable-qr,,True,,,102210fe594ee9b33d82058545b1ed14f4c8206e,,Base Content Explicit,True,Base Content Explicit opt fission,,77,bytes,,451321621,1860253278,2024-03-07T17:52:49,10586095.999999994,a6417e10e864f144a71bcf347b5823ded609f862,1389030
autoland,4663319,4,bf38f69fee000115871578b15786525e82952421,windows11-64-2009-shippable-qr,,True,,,102210fe594ee9b33d82058545b1ed14f4c8206e,,Base Content Explicit,True,Base Content Explicit opt fission,,77,bytes,,451321600,1860253015,2024-03-07T17:56:44,10461200.000000015,b2a5371a431d24bd1fe855b9337252dd92d32c9a,1389035
autoland,4663319,4,bf38f69fee000115871578b15786525e82952421,windows11-64-2009-shippable-qr,,True,,,102210fe594ee9b33d82058545b1ed14f4c8206e,,Base Content Explicit,True,Base Content Explicit opt fission,,77,bytes,,451321608,1860252581,2024-03-07T18:22:55,10416144.000000007,5b09a3195ae2f800996dcf908fcf35ee62ab5ee8,1389059
autoland,4663319,4,bf38f69fee000115871578b15786525e82952421,windows11-64-2009-shippable-qr,,True,,,102210fe594ee9b33d82058545b1ed14f4c8206e,,Base Content Explicit,True,Base Content Explicit opt fission,,77,bytes,,451321617,1860252681,2024-03-07T18:35:12,10604560.000000004,bb9ba7b5fcaa0aabf3eef97148e3d0e223464458,1389066
autoland,4663319,4,bf38f69fee000115871578b15786525e82952421,windows11-64-2009-shippable-qr,,True,,,102210fe594ee9b33d82058545b1ed14f4c8206e,,Base Content Explicit,True,Base Content Explicit opt fission,,77,bytes,,451321620,1860252513,2024-03-07T19:02:15,10530831.999999983,8d3d77af1a21a4f929d53579bc71ee4f2da0fe44,1389086
autoland,4663319,4,bf38f69fee000115871578b15786525e82952421,windows11-64-2009-shippable-qr,,True,,,102210fe594ee9b33d82058545b1ed14f4c8206e,,Base Content Explicit,True,Base Content Explicit opt fission,,77,bytes,,451322494,1860254495,2024-03-07T19:03:54,10586128.000000013,09e4ca5c18b60dfca2c8f42392f7c5a29ee2862c,1389088
autoland,4663319,4,bf38f69fee000115871578b15786525e82952421,windows11-64-2009-shippable-qr,,True,,,102210fe594ee9b33d82058545b1ed14f4c8206e,,Base Content Explicit,True,Base Content Explicit opt fission,,77,bytes,,451321619,1860253308,2024-03-07T19:06:18,10551311.999999981,5997871462575c733876e041b59be2b5097806fe,1389090
autoland,4663319,4,bf38f69fee000115871578b15786525e82952421,windows11-64-2009-shippable-qr,,True,,,102210fe594ee9b33d82058545b1ed14f4c8206e,,Base Content Explicit,True,Base Content Explicit opt fission,,77,bytes,,451321612,1860252395,2024-03-07T19:50:42,10405903.999999994,3f7b865cce5618cc33c13bd14b5b0ef1de3ef56f,1389127
autoland,4663319,4,bf38f69fee000115871578b15786525e82952421,windows11-64-2009-shippable-qr,,True,,,102210fe594ee9b33d82058545b1ed14f4c8206e,,Base Content Explicit,True,Base Content Explicit opt fission,,77,bytes,,451321624,1860252601,2024-03-07T20:01:05,10586128.000000013,cf755d27fb6937544256d0c4bb2663f1ce9824b1,1389136
autoland,4663319,4,bf38f69fee000115871578b15786525e82952421,windows11-64-2009-shippable-qr,,True,,,102210fe594ee9b33d82058545b1ed14f4c8206e,,Base Content Explicit,True,Base Content Explicit opt fission,,77,bytes,,451321626,1860252692,2024-03-07T20:10:08,10555408.000000011,4ba7067b7ca0a8c7e42fcf72178370b813da066f,1389145
autoland,4663319,4,bf38f69fee000115871578b15786525e82952421,windows11-64-2009-shippable-qr,,True,,,102210fe594ee9b33d82058545b1ed14f4c8206e,,Base Content Explicit,True,Base Content Explicit opt fission,,77,bytes,,449979169,1854672376,2024-03-07T20:11:01,10518544.000000017,c9b3f598aa024ffbe096094ee8845222b7483c50,1389147
autoland,4663319,4,bf38f69fee000115871578b15786525e82952421,windows11-64-2009-shippable-qr,,True,,,102210fe594ee9b33d82058545b1ed14f4c8206e,,Base Content Explicit,True,Base Content Explicit opt fission,,77,bytes,,450020753,1854843838,2024-03-08T00:14:27,10575887.999999998,f9c5e71ad2de0632a1d833b02eb16cd13e4eabc1,1389377
autoland,4663319,4,bf38f69fee000115871578b15786525e82952421,windows11-64-2009-shippable-qr,,True,,,102210fe594ee9b33d82058545b1ed14f4c8206e,,Base Content Explicit,True,Base Content Explicit opt fission,,77,bytes,,450020760,1854841431,2024-03-08T00:14:27,10469392.000000002,f9c5e71ad2de0632a1d833b02eb16cd13e4eabc1,1389377
autoland,4663319,4,bf38f69fee000115871578b15786525e82952421,windows11-64-2009-shippable-qr,,True,,,102210fe594ee9b33d82058545b1ed14f4c8206e,,Base Content Explicit,True,Base Content Explicit opt fission,,77,bytes,,450018367,1854831570,2024-03-08T01:03:56,10573839.99999999,ac5529a784bdd0522e58c4bcdb3293674601ac52,1389404
autoland,4663319,4,bf38f69fee000115871578b15786525e82952421,windows11-64-2009-shippable-qr,,True,,,102210fe594ee9b33d82058545b1ed14f4c8206e,,Base Content Explicit,True,Base Content Explicit opt fission,,77,bytes,,450054875,1855041993,2024-03-08T09:44:20,10465296.000000002,fe38c21e5d5ba7ab071d13411995b46f31d7862c,1389593
autoland,4663319,4,bf38f69fee000115871578b15786525e82952421,windows11-64-2009-shippable-qr,,True,,,102210fe594ee9b33d82058545b1ed14f4c8206e,,Base Content Explicit,True,Base Content Explicit opt fission,,77,bytes,,450077978,1855115410,2024-03-08T13:47:55,10465296.000000002,e38d79679348570701c9c0b244b0d905b241b83b,1389613
autoland,4663319,4,bf38f69fee000115871578b15786525e82952421,windows11-64-2009-shippable-qr,,True,,,102210fe594ee9b33d82058545b1ed14f4c8206e,,Base Content Explicit,True,Base Content Explicit opt fission,,77,bytes,,450100110,1855189025,2024-03-08T15:54:44,10598415.999999989,c306d54c8963e4dda4426d48bf41774947f5138d,1389685
autoland,4663319,4,bf38f69fee000115871578b15786525e82952421,windows11-64-2009-shippable-qr,,True,,,102210fe594ee9b33d82058545b1ed14f4c8206e,,Base Content Explicit,True,Base Content Explicit opt fission,,77,bytes,,450100111,1855188846,2024-03-08T15:54:44,10592271.999999983,c306d54c8963e4dda4426d48bf41774947f5138d,1389685
autoland,4663319,4,bf38f69fee000115871578b15786525e82952421,windows11-64-2009-shippable-qr,,True,,,102210fe594ee9b33d82058545b1ed14f4c8206e,,Base Content Explicit,True,Base Content Explicit opt fission,,77,bytes,,450146127,1855412073,2024-03-09T00:01:41,10426384.0,e40628b4cd80f3469e6fb5836c1e513e3e058225,1390115
autoland,4663319,4,bf38f69fee000115871578b15786525e82952421,windows11-64-2009-shippable-qr,,True,,,102210fe594ee9b33d82058545b1ed14f4c8206e,,Base Content Explicit,True,Base Content Explicit opt fission,,77,bytes,,450147702,1855418298,2024-03-09T00:02:45,10577936.00000001,4d67ec80ce46b924295e599b81d0db0071664eca,1390116
autoland,4663319,4,bf38f69fee000115871578b15786525e82952421,windows11-64-2009-shippable-qr,,True,,,102210fe594ee9b33d82058545b1ed14f4c8206e,,Base Content Explicit,True,Base Content Explicit opt fission,,77,bytes,,450147800,1855418970,2024-03-09T00:03:40,10561551.999999994,fb2eeb44f22026d0a1c7b18f8cb0786169300c1b,1390117
autoland,4663319,4,bf38f69fee000115871578b15786525e82952421,windows11-64-2009-shippable-qr,,True,,,102210fe594ee9b33d82058545b1ed14f4c8206e,,Base Content Explicit,True,Base Content Explicit opt fission,,77,bytes,,450165802,1855512967,2024-03-09T05:38:15,10422287.999999998,efb6c465b7de5cb34b029bb51e5b445952bdd9b2,1390162
autoland,4663319,4,bf38f69fee000115871578b15786525e82952421,windows11-64-2009-shippable-qr,,True,,,102210fe594ee9b33d82058545b1ed14f4c8206e,,Base Content Explicit,True,Base Content Explicit opt fission,,77,bytes,,450193842,1855600318,2024-03-09T10:41:02,10514448.000000007,1d530888568c2a44fc30d9b6567ab6195f238cb2,1390188
autoland,4663319,4,bf38f69fee000115871578b15786525e82952421,windows11-64-2009-shippable-qr,,True,,,102210fe594ee9b33d82058545b1ed14f4c8206e,,Base Content Explicit,True,Base Content Explicit opt fission,,77,bytes,,450205986,1855633198,2024-03-09T15:33:05,10516496.000000015,10af6b2ff03bd7512d53f3ed02f7e83dba7c57ba,1390221
autoland,4663319,4,bf38f69fee000115871578b15786525e82952421,windows11-64-2009-shippable-qr,,True,,,102210fe594ee9b33d82058545b1ed14f4c8206e,,Base Content Explicit,True,Base Content Explicit opt fission,,77,bytes,,450220938,1855685253,2024-03-09T20:59:44,10485775.999999996,9768cd53e66eef4a715150196cfa1138f7edf7ba,1390244
autoland,4663319,4,bf38f69fee000115871578b15786525e82952421,windows11-64-2009-shippable-qr,,True,,,102210fe594ee9b33d82058545b1ed14f4c8206e,,Base Content Explicit,True,Base Content Explicit opt fission,,77,bytes,,450254600,1855798150,2024-03-10T13:59:13,10553360.000000015,f8edec6de8b50f0f6809208600e5c8ab87dd12d4,1390283
autoland,4663319,4,bf38f69fee000115871578b15786525e82952421,windows11-64-2009-shippable-qr,,True,,,102210fe594ee9b33d82058545b1ed14f4c8206e,,Base Content Explicit,True,Base Content Explicit opt fission,,77,bytes,,450259789,1855827307,2024-03-10T18:05:45,10647567.99999999,059c20bed3da7a717ee144e4c2339499009d7c44,1390298
autoland,4663319,4,bf38f69fee000115871578b15786525e82952421,windows11-64-2009-shippable-qr,,True,,,102210fe594ee9b33d82058545b1ed14f4c8206e,,Base Content Explicit,True,Base Content Explicit opt fission,,77,bytes,,450282269,1855933406,2024-03-11T02:48:56,10526736.000000017,0f63ab5624960b1aa464bb2e3bd76c6cd196f186,1390365
autoland,4663319,4,bf38f69fee000115871578b15786525e82952421,windows11-64-2009-shippable-qr,,True,,,102210fe594ee9b33d82058545b1ed14f4c8206e,,Base Content Explicit,True,Base Content Explicit opt fission,,77,bytes,,450298279,1855998127,2024-03-11T09:18:44,10457103.999999987,343e945a502ea35f40687ffca3eab7543522fe79,1390442
autoland,4663319,4,bf38f69fee000115871578b15786525e82952421,windows11-64-2009-shippable-qr,,True,,,102210fe594ee9b33d82058545b1ed14f4c8206e,,Base Content Explicit,True,Base Content Explicit opt fission,,77,bytes,,450334529,1856121642,2024-03-11T13:24:20,10420240.000000011,23b4081496822ae44a0f120f8429c0c57a864325,1390505
autoland,4663319,4,bf38f69fee000115871578b15786525e82952421,windows11-64-2009-shippable-qr,,True,,,102210fe594ee9b33d82058545b1ed14f4c8206e,,Base Content Explicit,True,Base Content Explicit opt fission,,77,bytes,,450342024,1856152206,2024-03-11T14:23:46,10549264.000000002,ec25d27f83b73ab4fbd93c737d29b732042c2139,1390552
autoland,4663319,4,bf38f69fee000115871578b15786525e82952421,windows11-64-2009-shippable-qr,,True,,,102210fe594ee9b33d82058545b1ed14f4c8206e,,Base Content Explicit,True,Base Content Explicit opt fission,,77,bytes,,450375688,1856282008,2024-03-11T18:03:14,10530831.999999983,b5f646ecf7f3ca586020974d36c3f4c4fca4a3a3,1390747
autoland,4663319,4,bf38f69fee000115871578b15786525e82952421,windows11-64-2009-shippable-qr,,True,,,102210fe594ee9b33d82058545b1ed14f4c8206e,,Base Content Explicit,True,Base Content Explicit opt fission,,77,bytes,,450392659,1856315965,2024-03-11T19:41:42,10508304.000000004,4984afdb79c55a76ef741d1667378c296f74240f,1390851
autoland,4663319,4,bf38f69fee000115871578b15786525e82952421,windows11-64-2009-shippable-qr,,True,,,102210fe594ee9b33d82058545b1ed14f4c8206e,,Base Content Explicit,True,Base Content Explicit opt fission,,77,bytes,,450424850,1856434535,2024-03-12T03:06:47,10573839.99999999,5dbe89396d7f52d57c4a21457fcf95d4e1ae24c3,1391174
autoland,4663319,4,bf38f69fee000115871578b15786525e82952421,windows11-64-2009-shippable-qr,,True,,,102210fe594ee9b33d82058545b1ed14f4c8206e,,Base Content Explicit,True,Base Content Explicit opt fission,,77,bytes,,450434030,1856524719,2024-03-12T07:06:36,10670096.0,45bdb06ed9f6ae6b675b169c0b4dbd488363098d,1391218
autoland,4663319,4,bf38f69fee000115871578b15786525e82952421,windows11-64-2009-shippable-qr,,True,,,102210fe594ee9b33d82058545b1ed14f4c8206e,,Base Content Explicit,True,Base Content Explicit opt fission,,77,bytes,,450465453,1856616466,2024-03-12T11:26:19,10430480.000000017,8c1e5f6bca5a8f2ab2297cff5c736e61d3a3bd27,1391230
autoland,4663319,4,bf38f69fee000115871578b15786525e82952421,windows11-64-2009-shippable-qr,,True,,,102210fe594ee9b33d82058545b1ed14f4c8206e,,Base Content Explicit,True,Base Content Explicit opt fission,,77,bytes,,450499696,1856725615,2024-03-12T14:58:20,10579983.999999996,c93ce7649d8d7d874130caed9005d92be916b10e,1391396
autoland,4663319,4,bf38f69fee000115871578b15786525e82952421,windows11-64-2009-shippable-qr,,True,,,102210fe594ee9b33d82058545b1ed14f4c8206e,,Base Content Explicit,True,Base Content Explicit opt fission,,77,bytes,,450516104,1856791167,2024-03-12T19:37:06,10590224.0,d91b0606279d7c22a0119cdc8061cdeffe233787,1391673
autoland,4663319,4,bf38f69fee000115871578b15786525e82952421,windows11-64-2009-shippable-qr,,True,,,102210fe594ee9b33d82058545b1ed14f4c8206e,,Base Content Explicit,True,Base Content Explicit opt fission,,77,bytes,,450557755,1856942296,2024-03-12T23:13:34,10487823.999999994,bb96cef2989d78eaa9d2485bb379b29449a815b2,1391824
autoland,4663319,4,bf38f69fee000115871578b15786525e82952421,windows11-64-2009-shippable-qr,,True,,,102210fe594ee9b33d82058545b1ed14f4c8206e,,Base Content Explicit,True,Base Content Explicit opt fission,,77,bytes,,450587628,1857118694,2024-03-13T07:01:16,10416144.000000007,2dfb9f01e06f190da79fb195ea51dac2be58dde7,1392060
autoland,4663319,4,bf38f69fee000115871578b15786525e82952421,windows11-64-2009-shippable-qr,,True,,,102210fe594ee9b33d82058545b1ed14f4c8206e,,Base Content Explicit,True,Base Content Explicit opt fission,,77,bytes,,450619309,1857247170,2024-03-13T11:15:45,10577936.00000001,ae0da9180abdc1990832791041b323e05082f6f8,1392165
autoland,4663319,4,bf38f69fee000115871578b15786525e82952421,windows11-64-2009-shippable-qr,,True,,,102210fe594ee9b33d82058545b1ed14f4c8206e,,Base Content Explicit,True,Base Content Explicit opt fission,,77,bytes,,451164585,1859681404,2024-03-13T15:14:06,10545168.000000006,7843f9bb373a1c11d10335d886e88497dcfb8707,1392296
autoland,4663319,4,bf38f69fee000115871578b15786525e82952421,windows11-64-2009-shippable-qr,,True,,,102210fe594ee9b33d82058545b1ed14f4c8206e,,Base Content Explicit,True,Base Content Explicit opt fission,,77,bytes,,451164587,1859681310,2024-03-13T15:14:06,10582032.000000017,7843f9bb373a1c11d10335d886e88497dcfb8707,1392296
autoland,4663319,4,bf38f69fee000115871578b15786525e82952421,windows11-64-2009-shippable-qr,,True,,,102210fe594ee9b33d82058545b1ed14f4c8206e,,Base Content Explicit,True,Base Content Explicit opt fission,,77,bytes,,451164589,1859681338,2024-03-13T15:14:06,10541071.999999996,7843f9bb373a1c11d10335d886e88497dcfb8707,1392296
autoland,4663319,4,bf38f69fee000115871578b15786525e82952421,windows11-64-2009-shippable-qr,,True,,,102210fe594ee9b33d82058545b1ed14f4c8206e,,Base Content Explicit,True,Base Content Explicit opt fission,,77,bytes,,450643633,1857338162,2024-03-13T15:23:46,10547215.999999994,49e9b26b528b94a9db43d4b65112add1268f64fc,1392302
autoland,4663319,4,bf38f69fee000115871578b15786525e82952421,windows11-64-2009-shippable-qr,,True,,,102210fe594ee9b33d82058545b1ed14f4c8206e,,Base Content Explicit,True,Base Content Explicit opt fission,,77,bytes,,451121514,1859524357,2024-03-13T15:23:46,10534928.000000002,49e9b26b528b94a9db43d4b65112add1268f64fc,1392302
autoland,4663319,4,bf38f69fee000115871578b15786525e82952421,windows11-64-2009-shippable-qr,,True,,,102210fe594ee9b33d82058545b1ed14f4c8206e,,Base Content Explicit,True,Base Content Explicit opt fission,,77,bytes,,451121521,1859524229,2024-03-13T15:23:46,10534928.000000002,49e9b26b528b94a9db43d4b65112add1268f64fc,1392302
autoland,4663319,4,bf38f69fee000115871578b15786525e82952421,windows11-64-2009-shippable-qr,,True,,,102210fe594ee9b33d82058545b1ed14f4c8206e,,Base Content Explicit,True,Base Content Explicit opt fission,,77,bytes,,450643903,1857338812,2024-03-13T15:33:19,10448912.00000001,35c5c892ca1e96f731d20bc6edd310a5d4e13bad,1392307
autoland,4663319,4,bf38f69fee000115871578b15786525e82952421,windows11-64-2009-shippable-qr,,True,,,102210fe594ee9b33d82058545b1ed14f4c8206e,,Base Content Explicit,True,Base Content Explicit opt fission,,77,bytes,,451121565,1859524481,2024-03-13T15:33:19,10424335.999999983,35c5c892ca1e96f731d20bc6edd310a5d4e13bad,1392307
autoland,4663319,4,bf38f69fee000115871578b15786525e82952421,windows11-64-2009-shippable-qr,,True,,,102210fe594ee9b33d82058545b1ed14f4c8206e,,Base Content Explicit,True,Base Content Explicit opt fission,,77,bytes,,451121566,1859524458,2024-03-13T15:33:19,10414095.999999983,35c5c892ca1e96f731d20bc6edd310a5d4e13bad,1392307
autoland,4663319,4,bf38f69fee000115871578b15786525e82952421,windows11-64-2009-shippable-qr,,True,,,102210fe594ee9b33d82058545b1ed14f4c8206e,,Base Content Explicit,True,Base Content Explicit opt fission,,77,bytes,,451121568,1859526469,2024-03-13T15:33:19,10584079.999999993,35c5c892ca1e96f731d20bc6edd310a5d4e13bad,1392307
autoland,4663319,4,bf38f69fee000115871578b15786525e82952421,windows11-64-2009-shippable-qr,,True,,,102210fe594ee9b33d82058545b1ed14f4c8206e,,Base Content Explicit,True,Base Content Explicit opt fission,,77,bytes,,451158479,1859641631,2024-03-13T16:04:54,10487823.999999994,c4f4e70ebe00262e4bc249e3aafb4e308881a514,1392341
autoland,4663319,4,bf38f69fee000115871578b15786525e82952421,windows11-64-2009-shippable-qr,,True,,,102210fe594ee9b33d82058545b1ed14f4c8206e,,Base Content Explicit,True,Base Content Explicit opt fission,,77,bytes,,451158480,1859641460,2024-03-13T16:04:54,10500112.000000013,c4f4e70ebe00262e4bc249e3aafb4e308881a514,1392341
autoland,4663319,4,bf38f69fee000115871578b15786525e82952421,windows11-64-2009-shippable-qr,,True,,,102210fe594ee9b33d82058545b1ed14f4c8206e,,Base Content Explicit,True,Base Content Explicit opt fission,,77,bytes,,451158481,1859641517,2024-03-13T16:04:54,10457103.999999987,c4f4e70ebe00262e4bc249e3aafb4e308881a514,1392341
autoland,4663319,4,bf38f69fee000115871578b15786525e82952421,windows11-64-2009-shippable-qr,,True,,,102210fe594ee9b33d82058545b1ed14f4c8206e,,Base Content Explicit,True,Base Content Explicit opt fission,,77,bytes,,451164292,1859680604,2024-03-13T16:05:57,10475535.999999981,91c44d2b359058db6a8c760ecf4df2199d99aa54,1392345
autoland,4663319,4,bf38f69fee000115871578b15786525e82952421,windows11-64-2009-shippable-qr,,True,,,102210fe594ee9b33d82058545b1ed14f4c8206e,,Base Content Explicit,True,Base Content Explicit opt fission,,77,bytes,,451164293,1859680562,2024-03-13T16:05:57,10618895.999999985,91c44d2b359058db6a8c760ecf4df2199d99aa54,1392345
autoland,4663319,4,bf38f69fee000115871578b15786525e82952421,windows11-64-2009-shippable-qr,,True,,,102210fe594ee9b33d82058545b1ed14f4c8206e,,Base Content Explicit,True,Base Content Explicit opt fission,,77,bytes,,451164294,1859680614,2024-03-13T16:05:57,10633231.999999989,91c44d2b359058db6a8c760ecf4df2199d99aa54,1392345
autoland,4663319,4,bf38f69fee000115871578b15786525e82952421,windows11-64-2009-shippable-qr,,True,,,102210fe594ee9b33d82058545b1ed14f4c8206e,,Base Content Explicit,True,Base Content Explicit opt fission,,77,bytes,,451171635,1859800874,2024-03-13T17:05:51,10502159.999999993,2c79c29df6b07c7894980ead50cd59986cfb3ac8,1392384
autoland,4663319,4,bf38f69fee000115871578b15786525e82952421,windows11-64-2009-shippable-qr,,True,,,102210fe594ee9b33d82058545b1ed14f4c8206e,,Base Content Explicit,True,Base Content Explicit opt fission,,77,bytes,,451171636,1859800498,2024-03-13T17:05:51,10444816.00000001,2c79c29df6b07c7894980ead50cd59986cfb3ac8,1392384
autoland,4663319,4,bf38f69fee000115871578b15786525e82952421,windows11-64-2009-shippable-qr,,True,,,102210fe594ee9b33d82058545b1ed14f4c8206e,,Base Content Explicit,True,Base Content Explicit opt fission,,77,bytes,,451171637,1859800600,2024-03-13T17:05:51,10547215.999999994,2c79c29df6b07c7894980ead50cd59986cfb3ac8,1392384
autoland,4663319,4,bf38f69fee000115871578b15786525e82952421,windows11-64-2009-shippable-qr,,True,,,102210fe594ee9b33d82058545b1ed14f4c8206e,,Base Content Explicit,True,Base Content Explicit opt fission,,77,bytes,,451161026,1859656424,2024-03-13T17:06:44,10520591.999999993,267218cabfca53cee4eb16b3ee3489326bd6e33c,1392385
autoland,4663319,4,bf38f69fee000115871578b15786525e82952421,windows11-64-2009-shippable-qr,,True,,,102210fe594ee9b33d82058545b1ed14f4c8206e,,Base Content Explicit,True,Base Content Explicit opt fission,,77,bytes,,451161027,1859656178,2024-03-13T17:06:44,10467343.999999983,267218cabfca53cee4eb16b3ee3489326bd6e33c,1392385
autoland,4663319,4,bf38f69fee000115871578b15786525e82952421,windows11-64-2009-shippable-qr,,True,,,102210fe594ee9b33d82058545b1ed14f4c8206e,,Base Content Explicit,True,Base Content Explicit opt fission,,77,bytes,,451161028,1859656489,2024-03-13T17:06:44,10414095.999999983,267218cabfca53cee4eb16b3ee3489326bd6e33c,1392385
autoland,4663319,4,bf38f69fee000115871578b15786525e82952421,windows11-64-2009-shippable-qr,,True,,,102210fe594ee9b33d82058545b1ed14f4c8206e,,Base Content Explicit,True,Base Content Explicit opt fission,,77,bytes,,451159795,1859647325,2024-03-13T17:07:43,10416144.000000007,f8bc9cc2b552bcf3d2d1def8544f2ad3271d5cb4,1392387
autoland,4663319,4,bf38f69fee000115871578b15786525e82952421,windows11-64-2009-shippable-qr,,True,,,102210fe594ee9b33d82058545b1ed14f4c8206e,,Base Content Explicit,True,Base Content Explicit opt fission,,77,bytes,,451159796,1859648090,2024-03-13T17:07:43,10543120.000000019,f8bc9cc2b552bcf3d2d1def8544f2ad3271d5cb4,1392387
autoland,4663319,4,bf38f69fee000115871578b15786525e82952421,windows11-64-2009-shippable-qr,,True,,,102210fe594ee9b33d82058545b1ed14f4c8206e,,Base Content Explicit,True,Base Content Explicit opt fission,,77,bytes,,451159797,1859648505,2024-03-13T17:07:43,10553360.000000015,f8bc9cc2b552bcf3d2d1def8544f2ad3271d5cb4,1392387
autoland,4663319,4,bf38f69fee000115871578b15786525e82952421,windows11-64-2009-shippable-qr,,True,,,102210fe594ee9b33d82058545b1ed14f4c8206e,,Base Content Explicit,True,Base Content Explicit opt fission,,77,bytes,,451164082,1859678932,2024-03-13T17:08:45,10432527.99999999,08cb16bededc43ca0bd174784741f69b5eb628f2,1392390
autoland,4663319,4,bf38f69fee000115871578b15786525e82952421,windows11-64-2009-shippable-qr,,True,,,102210fe594ee9b33d82058545b1ed14f4c8206e,,Base Content Explicit,True,Base Content Explicit opt fission,,77,bytes,,451164083,1859679076,2024-03-13T17:08:45,10479631.999999987,08cb16bededc43ca0bd174784741f69b5eb628f2,1392390
autoland,4663319,4,bf38f69fee000115871578b15786525e82952421,windows11-64-2009-shippable-qr,,True,,,102210fe594ee9b33d82058545b1ed14f4c8206e,,Base Content Explicit,True,Base Content Explicit opt fission,,77,bytes,,451164084,1859679065,2024-03-13T17:08:45,10612751.999999998,08cb16bededc43ca0bd174784741f69b5eb628f2,1392390
autoland,4663319,4,bf38f69fee000115871578b15786525e82952421,windows11-64-2009-shippable-qr,,True,,,102210fe594ee9b33d82058545b1ed14f4c8206e,,Base Content Explicit,True,Base Content Explicit opt fission,,77,bytes,,451169070,1859800563,2024-03-13T17:09:39,10397712.0,7af568614e1e91ec8b0bda8a62880e8e525a9adc,1392392
autoland,4663319,4,bf38f69fee000115871578b15786525e82952421,windows11-64-2009-shippable-qr,,True,,,102210fe594ee9b33d82058545b1ed14f4c8206e,,Base Content Explicit,True,Base Content Explicit opt fission,,77,bytes,,451169071,1859800552,2024-03-13T17:09:39,10563599.999999983,7af568614e1e91ec8b0bda8a62880e8e525a9adc,1392392
autoland,4663319,4,bf38f69fee000115871578b15786525e82952421,windows11-64-2009-shippable-qr,,True,,,102210fe594ee9b33d82058545b1ed14f4c8206e,,Base Content Explicit,True,Base Content Explicit opt fission,,77,bytes,,451169072,1859800849,2024-03-13T17:09:39,10438672.000000007,7af568614e1e91ec8b0bda8a62880e8e525a9adc,1392392
autoland,4663319,4,bf38f69fee000115871578b15786525e82952421,windows11-64-2009-shippable-qr,,True,,,102210fe594ee9b33d82058545b1ed14f4c8206e,,Base Content Explicit,True,Base Content Explicit opt fission,,77,bytes,,451164018,1859677757,2024-03-13T17:10:40,10432527.99999999,d167ac25adceeda2732d2b218f4fd1c80c5b50e0,1392394
autoland,4663319,4,bf38f69fee000115871578b15786525e82952421,windows11-64-2009-shippable-qr,,True,,,102210fe594ee9b33d82058545b1ed14f4c8206e,,Base Content Explicit,True,Base Content Explicit opt fission,,77,bytes,,451164019,1859677816,2024-03-13T17:10:40,10491919.999999998,d167ac25adceeda2732d2b218f4fd1c80c5b50e0,1392394
autoland,4663319,4,bf38f69fee000115871578b15786525e82952421,windows11-64-2009-shippable-qr,,True,,,102210fe594ee9b33d82058545b1ed14f4c8206e,,Base Content Explicit,True,Base Content Explicit opt fission,,77,bytes,,451164020,1859677829,2024-03-13T17:10:40,10563599.999999983,d167ac25adceeda2732d2b218f4fd1c80c5b50e0,1392394
autoland,4663319,4,bf38f69fee000115871578b15786525e82952421,windows11-64-2009-shippable-qr,,True,,,102210fe594ee9b33d82058545b1ed14f4c8206e,,Base Content Explicit,True,Base Content Explicit opt fission,,77,bytes,,451145259,1859581693,2024-03-13T17:12:21,10539023.999999996,296c08d645c9ae6431a240a7ca3ff037343f21ea,1392398
autoland,4663319,4,bf38f69fee000115871578b15786525e82952421,windows11-64-2009-shippable-qr,,True,,,102210fe594ee9b33d82058545b1ed14f4c8206e,,Base Content Explicit,True,Base Content Explicit opt fission,,77,bytes,,451145260,1859581882,2024-03-13T17:12:21,10530831.999999983,296c08d645c9ae6431a240a7ca3ff037343f21ea,1392398
autoland,4663319,4,bf38f69fee000115871578b15786525e82952421,windows11-64-2009-shippable-qr,,True,,,102210fe594ee9b33d82058545b1ed14f4c8206e,,Base Content Explicit,True,Base Content Explicit opt fission,,77,bytes,,451145261,1859581712,2024-03-13T17:12:21,10618895.999999985,296c08d645c9ae6431a240a7ca3ff037343f21ea,1392398
autoland,4663319,4,bf38f69fee000115871578b15786525e82952421,windows11-64-2009-shippable-qr,,True,,,102210fe594ee9b33d82058545b1ed14f4c8206e,,Base Content Explicit,True,Base Content Explicit opt fission,,77,bytes,,451163814,1859676375,2024-03-13T17:13:13,10416144.000000007,8f17584e0cfbb565554ca10aa1951897cf136223,1392399
autoland,4663319,4,bf38f69fee000115871578b15786525e82952421,windows11-64-2009-shippable-qr,,True,,,102210fe594ee9b33d82058545b1ed14f4c8206e,,Base Content Explicit,True,Base Content Explicit opt fission,,77,bytes,,451163815,1859676560,2024-03-13T17:13:13,10625039.999999998,8f17584e0cfbb565554ca10aa1951897cf136223,1392399
autoland,4663319,4,bf38f69fee000115871578b15786525e82952421,windows11-64-2009-shippable-qr,,True,,,102210fe594ee9b33d82058545b1ed14f4c8206e,,Base Content Explicit,True,Base Content Explicit opt fission,,77,bytes,,451163816,1859676548,2024-03-13T17:13:13,10559504.000000017,8f17584e0cfbb565554ca10aa1951897cf136223,1392399
autoland,4663319,4,bf38f69fee000115871578b15786525e82952421,windows11-64-2009-shippable-qr,,True,,,102210fe594ee9b33d82058545b1ed14f4c8206e,,Base Content Explicit,True,Base Content Explicit opt fission,,77,bytes,,451165133,1859689748,2024-03-13T17:44:06,10512399.999999987,ce57d2ae4153c682d60de11490e7feaeb2b35177,1392430
autoland,4663319,4,bf38f69fee000115871578b15786525e82952421,windows11-64-2009-shippable-qr,,True,,,102210fe594ee9b33d82058545b1ed14f4c8206e,,Base Content Explicit,True,Base Content Explicit opt fission,,77,bytes,,451165134,1859694106,2024-03-13T17:44:06,10575887.999999998,ce57d2ae4153c682d60de11490e7feaeb2b35177,1392430
autoland,4663319,4,bf38f69fee000115871578b15786525e82952421,windows11-64-2009-shippable-qr,,True,,,102210fe594ee9b33d82058545b1ed14f4c8206e,,Base Content Explicit,True,Base Content Explicit opt fission,,77,bytes,,451165135,1859689639,2024-03-13T17:44:06,10571791.999999993,ce57d2ae4153c682d60de11490e7feaeb2b35177,1392430
autoland,4663319,4,bf38f69fee000115871578b15786525e82952421,windows11-64-2009-shippable-qr,,True,,,102210fe594ee9b33d82058545b1ed14f4c8206e,,Base Content Explicit,True,Base Content Explicit opt fission,,77,bytes,,451171844,1859801174,2024-03-13T17:52:30,10530831.999999983,1a72f64aefb59c3ac134ec95a208a91c810ed709,1392447
autoland,4663319,4,bf38f69fee000115871578b15786525e82952421,windows11-64-2009-shippable-qr,,True,,,102210fe594ee9b33d82058545b1ed14f4c8206e,,Base Content Explicit,True,Base Content Explicit opt fission,,77,bytes,,451171845,1859801059,2024-03-13T17:52:30,10493968.000000017,1a72f64aefb59c3ac134ec95a208a91c810ed709,1392447
autoland,4663319,4,bf38f69fee000115871578b15786525e82952421,windows11-64-2009-shippable-qr,,True,,,102210fe594ee9b33d82058545b1ed14f4c8206e,,Base Content Explicit,True,Base Content Explicit opt fission,,77,bytes,,451171846,1859801165,2024-03-13T17:52:30,10563599.999999983,1a72f64aefb59c3ac134ec95a208a91c810ed709,1392447
autoland,4663319,4,bf38f69fee000115871578b15786525e82952421,windows11-64-2009-shippable-qr,,True,,,102210fe594ee9b33d82058545b1ed14f4c8206e,,Base Content Explicit,True,Base Content Explicit opt fission,,77,bytes,,451175659,1859801093,2024-03-13T17:54:26,10467343.999999983,d1d9d57a98952e87c1c6bb15f17edc476be040de,1392449
autoland,4663319,4,bf38f69fee000115871578b15786525e82952421,windows11-64-2009-shippable-qr,,True,,,102210fe594ee9b33d82058545b1ed14f4c8206e,,Base Content Explicit,True,Base Content Explicit opt fission,,77,bytes,,451175661,1859801185,2024-03-13T17:54:26,10489872.000000015,d1d9d57a98952e87c1c6bb15f17edc476be040de,1392449
autoland,4663319,4,bf38f69fee000115871578b15786525e82952421,windows11-64-2009-shippable-qr,,True,,,102210fe594ee9b33d82058545b1ed14f4c8206e,,Base Content Explicit,True,Base Content Explicit opt fission,,77,bytes,,451161450,1859661408,2024-03-13T17:55:22,10567696.000000013,15d1ccc9b3ccbfd409230fea78d54faf72997f2f,1392450
autoland,4663319,4,bf38f69fee000115871578b15786525e82952421,windows11-64-2009-shippable-qr,,True,,,102210fe594ee9b33d82058545b1ed14f4c8206e,,Base Content Explicit,True,Base Content Explicit opt fission,,77,bytes,,451161451,1859661380,2024-03-13T17:55:22,10512399.999999987,15d1ccc9b3ccbfd409230fea78d54faf72997f2f,1392450
autoland,4663319,4,bf38f69fee000115871578b15786525e82952421,windows11-64-2009-shippable-qr,,True,,,102210fe594ee9b33d82058545b1ed14f4c8206e,,Base Content Explicit,True,Base Content Explicit opt fission,,77,bytes,,451161452,1859661392,2024-03-13T17:55:22,10604560.000000004,15d1ccc9b3ccbfd409230fea78d54faf72997f2f,1392450
autoland,4663319,4,bf38f69fee000115871578b15786525e82952421,windows11-64-2009-shippable-qr,,True,,,102210fe594ee9b33d82058545b1ed14f4c8206e,,Base Content Explicit,True,Base Content Explicit opt fission,,77,bytes,,451164523,1859680924,2024-03-13T17:56:21,10438672.000000007,6cb1b4d1134a3ec4c7367a1dc4fd43276300dae8,1392453
autoland,4663319,4,bf38f69fee000115871578b15786525e82952421,windows11-64-2009-shippable-qr,,True,,,102210fe594ee9b33d82058545b1ed14f4c8206e,,Base Content Explicit,True,Base Content Explicit opt fission,,77,bytes,,451164524,1859680892,2024-03-13T17:56:21,10414095.999999983,6cb1b4d1134a3ec4c7367a1dc4fd43276300dae8,1392453
autoland,4663319,4,bf38f69fee000115871578b15786525e82952421,windows11-64-2009-shippable-qr,,True,,,102210fe594ee9b33d82058545b1ed14f4c8206e,,Base Content Explicit,True,Base Content Explicit opt fission,,77,bytes,,451164525,1859680988,2024-03-13T17:56:21,10471440.000000011,6cb1b4d1134a3ec4c7367a1dc4fd43276300dae8,1392453
autoland,4663319,4,bf38f69fee000115871578b15786525e82952421,windows11-64-2009-shippable-qr,,True,,,102210fe594ee9b33d82058545b1ed14f4c8206e,,Base Content Explicit,True,Base Content Explicit opt fission,,77,bytes,,451158909,1859641870,2024-03-13T17:57:38,10539023.999999996,3328434b36f96352ffd79d8e2b791ba99adb3af3,1392455
autoland,4663319,4,bf38f69fee000115871578b15786525e82952421,windows11-64-2009-shippable-qr,,True,,,102210fe594ee9b33d82058545b1ed14f4c8206e,,Base Content Explicit,True,Base Content Explicit opt fission,,77,bytes,,451158911,1859641993,2024-03-13T17:57:38,10539023.999999996,3328434b36f96352ffd79d8e2b791ba99adb3af3,1392455
autoland,4663319,4,bf38f69fee000115871578b15786525e82952421,windows11-64-2009-shippable-qr,,True,,,102210fe594ee9b33d82058545b1ed14f4c8206e,,Base Content Explicit,True,Base Content Explicit opt fission,,77,bytes,,451158913,1859642797,2024-03-13T18:01:10,10489872.000000015,c79195eb229179b0aa1f3ab570acf4407660d71c,1392457
autoland,4663319,4,bf38f69fee000115871578b15786525e82952421,windows11-64-2009-shippable-qr,,True,,,102210fe594ee9b33d82058545b1ed14f4c8206e,,Base Content Explicit,True,Base Content Explicit opt fission,,77,bytes,,451158914,1859642969,2024-03-13T18:01:10,10502159.999999993,c79195eb229179b0aa1f3ab570acf4407660d71c,1392457
autoland,4663319,4,bf38f69fee000115871578b15786525e82952421,windows11-64-2009-shippable-qr,,True,,,102210fe594ee9b33d82058545b1ed14f4c8206e,,Base Content Explicit,True,Base Content Explicit opt fission,,77,bytes,,451165255,1859693101,2024-03-13T18:40:07,10637328.00000001,987bedc9fecb1bf58fbc35d7adef92b4b8ae96f1,1392485
autoland,4663319,4,bf38f69fee000115871578b15786525e82952421,windows11-64-2009-shippable-qr,,True,,,102210fe594ee9b33d82058545b1ed14f4c8206e,,Base Content Explicit,True,Base Content Explicit opt fission,,77,bytes,,451165256,1859693017,2024-03-13T18:40:07,10461200.000000015,987bedc9fecb1bf58fbc35d7adef92b4b8ae96f1,1392485
autoland,4663319,4,bf38f69fee000115871578b15786525e82952421,windows11-64-2009-shippable-qr,,True,,,102210fe594ee9b33d82058545b1ed14f4c8206e,,Base Content Explicit,True,Base Content Explicit opt fission,,77,bytes,,451165257,1859693091,2024-03-13T18:40:07,10575887.999999998,987bedc9fecb1bf58fbc35d7adef92b4b8ae96f1,1392485
autoland,4663319,4,bf38f69fee000115871578b15786525e82952421,windows11-64-2009-shippable-qr,,True,,,102210fe594ee9b33d82058545b1ed14f4c8206e,,Base Content Explicit,True,Base Content Explicit opt fission,,77,bytes,,450660179,1857439643,2024-03-13T18:41:03,10629135.999999994,ebcab57cf7cd8a64a561c831dc4d1bf6694f82b8,1392487
autoland,4663319,4,bf38f69fee000115871578b15786525e82952421,windows11-64-2009-shippable-qr,,True,,,102210fe594ee9b33d82058545b1ed14f4c8206e,,Base Content Explicit,True,Base Content Explicit opt fission,,77,bytes,,451121866,1859526606,2024-03-13T18:41:03,10598415.999999989,ebcab57cf7cd8a64a561c831dc4d1bf6694f82b8,1392487
autoland,4663319,4,bf38f69fee000115871578b15786525e82952421,windows11-64-2009-shippable-qr,,True,,,102210fe594ee9b33d82058545b1ed14f4c8206e,,Base Content Explicit,True,Base Content Explicit opt fission,,77,bytes,,451121869,1859526838,2024-03-13T18:41:03,10510352.000000002,ebcab57cf7cd8a64a561c831dc4d1bf6694f82b8,1392487
autoland,4663319,4,bf38f69fee000115871578b15786525e82952421,windows11-64-2009-shippable-qr,,True,,,102210fe594ee9b33d82058545b1ed14f4c8206e,,Base Content Explicit,True,Base Content Explicit opt fission,,77,bytes,,451121870,1859527084,2024-03-13T18:41:03,10622992.00000001,ebcab57cf7cd8a64a561c831dc4d1bf6694f82b8,1392487
autoland,4663319,4,bf38f69fee000115871578b15786525e82952421,windows11-64-2009-shippable-qr,,True,,,102210fe594ee9b33d82058545b1ed14f4c8206e,,Base Content Explicit,True,Base Content Explicit opt fission,,77,bytes,,450679977,1857540558,2024-03-13T21:49:05,10395663.999999998,1f3b4df016ac965dd3a2c97cb547c495364fdeef,1392594
autoland,4663319,4,bf38f69fee000115871578b15786525e82952421,windows11-64-2009-shippable-qr,,True,,,102210fe594ee9b33d82058545b1ed14f4c8206e,,Base Content Explicit,True,Base Content Explicit opt fission,,77,bytes,,450712490,1857660302,2024-03-14T04:20:25,10407951.999999993,2333872b0f5028fa1f0e9236440fe58df07a0235,1392734
autoland,4663319,4,bf38f69fee000115871578b15786525e82952421,windows11-64-2009-shippable-qr,,True,,,102210fe594ee9b33d82058545b1ed14f4c8206e,,Base Content Explicit,True,Base Content Explicit opt fission,,77,bytes,,450725692,1857717348,2024-03-14T06:52:21,10432527.99999999,0c82ff77321a85c36f1c5b27c99d25bad8603028,1392758
autoland,4663319,4,bf38f69fee000115871578b15786525e82952421,windows11-64-2009-shippable-qr,,True,,,102210fe594ee9b33d82058545b1ed14f4c8206e,,Base Content Explicit,True,Base Content Explicit opt fission,,77,bytes,,450758146,1857822158,2024-03-14T10:59:46,10473487.999999983,1f30bd08be619a6ea06444a2a6e36123f7baad65,1392883
autoland,4663319,4,bf38f69fee000115871578b15786525e82952421,windows11-64-2009-shippable-qr,,True,,,102210fe594ee9b33d82058545b1ed14f4c8206e,,Base Content Explicit,True,Base Content Explicit opt fission,,77,bytes,,450782411,1857921815,2024-03-14T14:04:30,10551311.999999981,00d7f0e95970baefacab200daf3486ddd862cb0f,1392964
autoland,4663319,4,bf38f69fee000115871578b15786525e82952421,windows11-64-2009-shippable-qr,,True,,,102210fe594ee9b33d82058545b1ed14f4c8206e,,Base Content Explicit,True,Base Content Explicit opt fission,,77,bytes,,450804869,1857996855,2024-03-14T17:45:33,10459152.000000006,e0d1a1dbfd5c36a2527b566ff831a989ca5ae5f5,1393195
autoland,4663319,4,bf38f69fee000115871578b15786525e82952421,windows11-64-2009-shippable-qr,,True,,,102210fe594ee9b33d82058545b1ed14f4c8206e,,Base Content Explicit,True,Base Content Explicit opt fission,,77,bytes,,450827240,1858081377,2024-03-14T21:51:03,10418192.000000013,278273f1c1fdca23ad419f0bd277a616aa240d1e,1393332
autoland,4663319,4,bf38f69fee000115871578b15786525e82952421,windows11-64-2009-shippable-qr,,True,,,102210fe594ee9b33d82058545b1ed14f4c8206e,,Base Content Explicit,True,Base Content Explicit opt fission,,77,bytes,,450846961,1858149854,2024-03-15T00:00:33,10463248.00000001,e18af9ec05f36a6f63a2e3889d5bc27f11be4267,1393414
autoland,4663319,4,bf38f69fee000115871578b15786525e82952421,windows11-64-2009-shippable-qr,,True,,,102210fe594ee9b33d82058545b1ed14f4c8206e,,Base Content Explicit,True,Base Content Explicit opt fission,,77,bytes,,450865078,1858359655,2024-03-15T06:02:39,10444816.00000001,0eb2b661743e4b5d2ed6cf61116bc5ade9da405b,1393511
autoland,4663319,4,bf38f69fee000115871578b15786525e82952421,windows11-64-2009-shippable-qr,,True,,,102210fe594ee9b33d82058545b1ed14f4c8206e,,Base Content Explicit,True,Base Content Explicit opt fission,,77,bytes,,450894655,1858486459,2024-03-15T09:39:32,10543120.000000019,02d8b0bd788352c236ca20d0163498e5ee3faa07,1393552
autoland,4663319,4,bf38f69fee000115871578b15786525e82952421,windows11-64-2009-shippable-qr,,True,,,102210fe594ee9b33d82058545b1ed14f4c8206e,,Base Content Explicit,True,Base Content Explicit opt fission,,77,bytes,,450916722,1858580073,2024-03-15T14:14:34,10403855.999999994,4b69d32113781e4489234ce2c9cf8f5b5dcbce5a,1393636
autoland,4663319,4,bf38f69fee000115871578b15786525e82952421,windows11-64-2009-shippable-qr,,True,,,102210fe594ee9b33d82058545b1ed14f4c8206e,,Base Content Explicit,True,Base Content Explicit opt fission,,77,bytes,,450927433,1858606152,2024-03-15T16:14:11,10514448.000000007,eff5ebeb21a902d6ed24f356b4a4b41e89ff1172,1393715
autoland,4663319,4,bf38f69fee000115871578b15786525e82952421,windows11-64-2009-shippable-qr,,True,,,102210fe594ee9b33d82058545b1ed14f4c8206e,,Base Content Explicit,True,Base Content Explicit opt fission,,77,bytes,,450956452,1858733004,2024-03-15T20:55:49,10606607.999999985,f4367b1826eb51a4bbcde0cd6ae1a5b1644115d0,1393941
autoland,4663319,4,bf38f69fee000115871578b15786525e82952421,windows11-64-2009-shippable-qr,,True,,,102210fe594ee9b33d82058545b1ed14f4c8206e,,Base Content Explicit,True,Base Content Explicit opt fission,,77,bytes,,450975637,1858823518,2024-03-16T01:29:19,10401807.999999989,bbe046e25d1447071e399f377b669bbe9cbf3bf3,1394036
autoland,4663319,4,bf38f69fee000115871578b15786525e82952421,windows11-64-2009-shippable-qr,,True,,,102210fe594ee9b33d82058545b1ed14f4c8206e,,Base Content Explicit,True,Base Content Explicit opt fission,,77,bytes,,450982290,1858886576,2024-03-16T06:01:10,10444816.00000001,a7134d792577d5d0529bf81b769c32138f7bb0c0,1394058
autoland,4663319,4,bf38f69fee000115871578b15786525e82952421,windows11-64-2009-shippable-qr,,True,,,102210fe594ee9b33d82058545b1ed14f4c8206e,,Base Content Explicit,True,Base Content Explicit opt fission,,77,bytes,,451016878,1859007476,2024-03-16T15:16:53,10530831.999999983,a65344e02551e44aca46a84016a3a07cce9d23e6,1394103
autoland,4663319,4,bf38f69fee000115871578b15786525e82952421,windows11-64-2009-shippable-qr,,True,,,102210fe594ee9b33d82058545b1ed14f4c8206e,,Base Content Explicit,True,Base Content Explicit opt fission,,77,bytes,,451021752,1859045320,2024-03-16T21:40:10,10584079.999999993,bc06944d050ccff5aed2248b83d51d946814e90d,1394130
autoland,4663319,4,bf38f69fee000115871578b15786525e82952421,windows11-64-2009-shippable-qr,,True,,,102210fe594ee9b33d82058545b1ed14f4c8206e,,Base Content Explicit,True,Base Content Explicit opt fission,,77,bytes,,451042011,1859134917,2024-03-17T07:03:06,10532880.000000006,7ef716435af3dee46482a893f4a3b29a4d3faafe,1394146
autoland,4663319,4,bf38f69fee000115871578b15786525e82952421,windows11-64-2009-shippable-qr,,True,,,102210fe594ee9b33d82058545b1ed14f4c8206e,,Base Content Explicit,True,Base Content Explicit opt fission,,77,bytes,,451051204,1859157151,2024-03-17T13:56:17,10532880.000000006,47d63b18299914bf2eecdeb64fe8df0a52605aec,1394162
autoland,4663319,4,bf38f69fee000115871578b15786525e82952421,windows11-64-2009-shippable-qr,,True,,,102210fe594ee9b33d82058545b1ed14f4c8206e,,Base Content Explicit,True,Base Content Explicit opt fission,,77,bytes,,451056465,1859187834,2024-03-17T19:02:19,10475535.999999981,164fcac77feead59372521b0072049f25a4c9692,1394171
autoland,4663319,4,bf38f69fee000115871578b15786525e82952421,windows11-64-2009-shippable-qr,,True,,,102210fe594ee9b33d82058545b1ed14f4c8206e,,Base Content Explicit,True,Base Content Explicit opt fission,,77,bytes,,451076831,1859313185,2024-03-18T01:14:25,10461200.000000015,469d4a744966c133ae480dc66643d47b77aa3209,1394186
autoland,4663319,4,bf38f69fee000115871578b15786525e82952421,windows11-64-2009-shippable-qr,,True,,,102210fe594ee9b33d82058545b1ed14f4c8206e,,Base Content Explicit,True,Base Content Explicit opt fission,,77,bytes,,451088228,1859392085,2024-03-18T07:02:14,10440719.999999987,9ae71156ef3c731f44e2af8d1d9c34b7eb7c6c9b,1394207
autoland,4663319,4,bf38f69fee000115871578b15786525e82952421,windows11-64-2009-shippable-qr,,True,,,102210fe594ee9b33d82058545b1ed14f4c8206e,,Base Content Explicit,True,Base Content Explicit opt fission,,77,bytes,,451101247,1859459337,2024-03-18T09:15:45,10455055.999999983,d3946837037d31a7b6f83b1977e57c4ea384c904,1394248
autoland,4663319,4,bf38f69fee000115871578b15786525e82952421,windows11-64-2009-shippable-qr,,True,,,102210fe594ee9b33d82058545b1ed14f4c8206e,,Base Content Explicit,True,Base Content Explicit opt fission,,77,bytes,,451163273,1859669672,2024-03-18T16:13:31,10483727.999999985,9a84c7a992c26cd844507c8b4a7215e1aa1dd56e,1394426
autoland,4663319,4,bf38f69fee000115871578b15786525e82952421,windows11-64-2009-shippable-qr,,True,,,102210fe594ee9b33d82058545b1ed14f4c8206e,,Base Content Explicit,True,Base Content Explicit opt fission,,77,bytes,,451196918,1859819796,2024-03-18T17:45:54,10375183.999999985,ab4a4d632bcfcdcb0f37c6791a75467e73c47795,1394460
autoland,4663319,4,bf38f69fee000115871578b15786525e82952421,windows11-64-2009-shippable-qr,,True,,,102210fe594ee9b33d82058545b1ed14f4c8206e,,Base Content Explicit,True,Base Content Explicit opt fission,,77,bytes,,451199506,1859824069,2024-03-18T20:20:59,10479631.999999987,3d0c771e9c28d7bad460e8683406e4a832de5d93,1394525
autoland,4663319,4,bf38f69fee000115871578b15786525e82952421,windows11-64-2009-shippable-qr,,True,,,102210fe594ee9b33d82058545b1ed14f4c8206e,,Base Content Explicit,True,Base Content Explicit opt fission,,77,bytes,,451222208,1859943679,2024-03-19T01:00:45,10526736.000000017,0febedb51783638cc944e4b495547ccfedb4c43f,1394573
autoland,4663319,4,bf38f69fee000115871578b15786525e82952421,windows11-64-2009-shippable-qr,,True,,,102210fe594ee9b33d82058545b1ed14f4c8206e,,Base Content Explicit,True,Base Content Explicit opt fission,,77,bytes,,451224744,1859967189,2024-03-19T02:26:21,10438672.000000007,16ddc2d8ba870a73f3a200338e1400a51d2299c1,1394599
autoland,4663319,4,bf38f69fee000115871578b15786525e82952421,windows11-64-2009-shippable-qr,,True,,,102210fe594ee9b33d82058545b1ed14f4c8206e,,Base Content Explicit,True,Base Content Explicit opt fission,,77,bytes,,451244320,1860039781,2024-03-19T06:03:35,10407951.999999993,0fbe242e1d975dcdea4df1bc8187bd9ecfe80291,1394632
autoland,4663319,4,bf38f69fee000115871578b15786525e82952421,windows11-64-2009-shippable-qr,,True,,,102210fe594ee9b33d82058545b1ed14f4c8206e,,Base Content Explicit,True,Base Content Explicit opt fission,,77,bytes,,451283343,1860146842,2024-03-19T08:17:39,10526736.000000017,bd45b4ccb1292ec35d0fb6c623cb70b62fecd87b,1394665
autoland,4663319,4,bf38f69fee000115871578b15786525e82952421,windows11-64-2009-shippable-qr,,True,,,102210fe594ee9b33d82058545b1ed14f4c8206e,,Base Content Explicit,True,Base Content Explicit opt fission,,77,bytes,,451293910,1860204097,2024-03-19T11:15:16,10539023.999999996,a4280d9d04d7841f3a7286d7cb6d9667ed276e03,1394711
autoland,4663319,4,bf38f69fee000115871578b15786525e82952421,windows11-64-2009-shippable-qr,,True,,,102210fe594ee9b33d82058545b1ed14f4c8206e,,Base Content Explicit,True,Base Content Explicit opt fission,,77,bytes,,451321283,1860251359,2024-03-19T13:28:22,10508304.000000004,43d89580ba9c295f67bc3df94ba1aac23b435b63,1394763
autoland,4663319,4,bf38f69fee000115871578b15786525e82952421,windows11-64-2009-shippable-qr,,True,,,102210fe594ee9b33d82058545b1ed14f4c8206e,,Base Content Explicit,True,Base Content Explicit opt fission,,77,bytes,,451362467,1860424231,2024-03-19T17:03:22,10389519.999999994,3d4f500d317cd4c54e93299c01efed1c4354deb7,1394873
autoland,4663319,4,bf38f69fee000115871578b15786525e82952421,windows11-64-2009-shippable-qr,,True,,,102210fe594ee9b33d82058545b1ed14f4c8206e,,Base Content Explicit,True,Base Content Explicit opt fission,,77,bytes,,451410406,1860646308,2024-03-20T00:04:56,10498063.999999987,25a7b6dcdd27704494317e01334be69707ff521f,1395012
autoland,4663319,4,bf38f69fee000115871578b15786525e82952421,windows11-64-2009-shippable-qr,,True,,,102210fe594ee9b33d82058545b1ed14f4c8206e,,Base Content Explicit,True,Base Content Explicit opt fission,,77,bytes,,451433227,1860782419,2024-03-20T06:31:28,10465296.000000002,dbb1856b4f3345f0353d4ea33ed0f83a90420827,1395067
autoland,4663319,4,bf38f69fee000115871578b15786525e82952421,windows11-64-2009-shippable-qr,,True,,,102210fe594ee9b33d82058545b1ed14f4c8206e,,Base Content Explicit,True,Base Content Explicit opt fission,,77,bytes,,451458850,1860881000,2024-03-20T10:14:04,10436623.999999998,89f62e190e69ddb95685488010b5807b31491168,1395103
autoland,4663319,4,bf38f69fee000115871578b15786525e82952421,windows11-64-2009-shippable-qr,,True,,,102210fe594ee9b33d82058545b1ed14f4c8206e,,Base Content Explicit,True,Base Content Explicit opt fission,,77,bytes,,451530619,1861092869,2024-03-20T14:37:05,10528783.999999989,533a3c2e587f7ea99fde847c499dbb77d1d7c623,1395197
autoland,4663319,4,bf38f69fee000115871578b15786525e82952421,windows11-64-2009-shippable-qr,,True,,,102210fe594ee9b33d82058545b1ed14f4c8206e,,Base Content Explicit,True,Base Content Explicit opt fission,,77,bytes,,451593964,1861404776,2024-03-20T21:30:57,10489872.000000015,7e65c2e3fa5893e80c6f6f8ef4deef5861f82edc,1395367
autoland,4663319,4,bf38f69fee000115871578b15786525e82952421,windows11-64-2009-shippable-qr,,True,,,102210fe594ee9b33d82058545b1ed14f4c8206e,,Base Content Explicit,True,Base Content Explicit opt fission,,77,bytes,,451610238,1861460372,2024-03-21T02:02:41,10524688.000000007,cd39ad6d1934b2a8d659607d5fc0c1f88df011ba,1395495
autoland,4663319,4,bf38f69fee000115871578b15786525e82952421,windows11-64-2009-shippable-qr,,True,,,102210fe594ee9b33d82058545b1ed14f4c8206e,,Base Content Explicit,True,Base Content Explicit opt fission,,77,bytes,,451643148,1861603517,2024-03-21T06:23:30,10418192.000000013,ed7ada93d4ad18f5c9f613bf5ce8d5f89bdaa140,1395640
autoland,4663319,4,bf38f69fee000115871578b15786525e82952421,windows11-64-2009-shippable-qr,,True,,,102210fe594ee9b33d82058545b1ed14f4c8206e,,Base Content Explicit,True,Base Content Explicit opt fission,,77,bytes,,451643389,1861603925,2024-03-21T08:38:48,10401807.999999989,335ba8ea2f56243d2cb6a5bc7aa4d0d0f3c415c7,1395685
autoland,4663319,4,bf38f69fee000115871578b15786525e82952421,windows11-64-2009-shippable-qr,,True,,,102210fe594ee9b33d82058545b1ed14f4c8206e,,Base Content Explicit,True,Base Content Explicit opt fission,,77,bytes,,451696759,1861793026,2024-03-21T12:46:07,10569743.999999989,d90b4451e543266ae9d98982a92dafa311c75db6,1395897
autoland,4663319,4,bf38f69fee000115871578b15786525e82952421,windows11-64-2009-shippable-qr,,True,,,102210fe594ee9b33d82058545b1ed14f4c8206e,,Base Content Explicit,True,Base Content Explicit opt fission,,77,bytes,,451699339,1861805579,2024-03-21T13:53:06,10522639.999999985,dbfd6042b4d2b3a3b509b22f41276fdfdd6a17b0,1395978
autoland,4663319,4,bf38f69fee000115871578b15786525e82952421,windows11-64-2009-shippable-qr,,True,,,102210fe594ee9b33d82058545b1ed14f4c8206e,,Base Content Explicit,True,Base Content Explicit opt fission,,77,bytes,,451741249,1861921386,2024-03-21T17:29:27,10366992.00000001,6a09c380e669a377e8254dd93ff3485ae0ec96c4,1396220
autoland,4663319,4,bf38f69fee000115871578b15786525e82952421,windows11-64-2009-shippable-qr,,True,,,102210fe594ee9b33d82058545b1ed14f4c8206e,,Base Content Explicit,True,Base Content Explicit opt fission,,77,bytes,,451746778,1861967591,2024-03-21T18:47:13,10508304.000000004,c83258a2f5a9fd7b7107508c07827d9aa1a83035,1396360
autoland,4663319,4,bf38f69fee000115871578b15786525e82952421,windows11-64-2009-shippable-qr,,True,,,102210fe594ee9b33d82058545b1ed14f4c8206e,,Base Content Explicit,True,Base Content Explicit opt fission,,77,bytes,,451775943,1862131445,2024-03-21T21:19:12,10500112.000000013,3e3e5631944ec7d9d81a7c8ca0c3b5998ad044b3,1396573
autoland,4663319,4,bf38f69fee000115871578b15786525e82952421,windows11-64-2009-shippable-qr,,True,,,102210fe594ee9b33d82058545b1ed14f4c8206e,,Base Content Explicit,True,Base Content Explicit opt fission,,77,bytes,,451832391,1862238010,2024-03-22T02:33:11,10606607.999999985,a64d6cbeaa4f78ec1f700f6123469eb1b3a31608,1396939
autoland,4663319,4,bf38f69fee000115871578b15786525e82952421,windows11-64-2009-shippable-qr,,True,,,102210fe594ee9b33d82058545b1ed14f4c8206e,,Base Content Explicit,True,Base Content Explicit opt fission,,77,bytes,,451878345,1862441242,2024-03-22T10:08:21,10590224.0,48b19f0a3ca9e2d02e502182cb41095a870c3c30,1397249
autoland,4663319,4,bf38f69fee000115871578b15786525e82952421,windows11-64-2009-shippable-qr,,True,,,102210fe594ee9b33d82058545b1ed14f4c8206e,,Base Content Explicit,True,Base Content Explicit opt fission,,77,bytes,,451912545,1862582999,2024-03-22T13:22:55,10412047.999999989,640f274ba8d721083e3a62631c1c96e652d0965c,1397337
autoland,4663319,4,bf38f69fee000115871578b15786525e82952421,windows11-64-2009-shippable-qr,,True,,,102210fe594ee9b33d82058545b1ed14f4c8206e,,Base Content Explicit,True,Base Content Explicit opt fission,,77,bytes,,451951438,1862726125,2024-03-22T17:28:16,10432527.99999999,d12a19660d53686074475ffbbed160cc788ebe05,1397524
autoland,4663319,4,bf38f69fee000115871578b15786525e82952421,windows11-64-2009-shippable-qr,,True,,,102210fe594ee9b33d82058545b1ed14f4c8206e,,Base Content Explicit,True,Base Content Explicit opt fission,,77,bytes,,451972905,1862825558,2024-03-22T22:43:04,10514448.000000007,a008405a9171acdb92d2997564e16713185f054f,1397682
autoland,4663319,4,bf38f69fee000115871578b15786525e82952421,windows11-64-2009-shippable-qr,,True,,,102210fe594ee9b33d82058545b1ed14f4c8206e,,Base Content Explicit,True,Base Content Explicit opt fission,,77,bytes,,451985298,1862920462,2024-03-23T04:11:22,10407951.999999993,341c752f9f931ed8ca1220eb7006bdfcd026038e,1397768
autoland,4663319,4,bf38f69fee000115871578b15786525e82952421,windows11-64-2009-shippable-qr,,True,,,102210fe594ee9b33d82058545b1ed14f4c8206e,,Base Content Explicit,True,Base Content Explicit opt fission,,77,bytes,,452000203,1862995812,2024-03-23T08:45:37,10610703.99999999,7575296d6781e483bc76a289f68623eb548baac4,1397819
autoland,4663319,4,bf38f69fee000115871578b15786525e82952421,windows11-64-2009-shippable-qr,,True,,,102210fe594ee9b33d82058545b1ed14f4c8206e,,Base Content Explicit,True,Base Content Explicit opt fission,,77,bytes,,452018971,1863046094,2024-03-23T13:51:59,10399759.99999999,47e43ed2bb6cad873900cd00ccf834a51f3dfe83,1397843
autoland,4663319,4,bf38f69fee000115871578b15786525e82952421,windows11-64-2009-shippable-qr,,True,,,102210fe594ee9b33d82058545b1ed14f4c8206e,,Base Content Explicit,True,Base Content Explicit opt fission,,77,bytes,,452029301,1863085645,2024-03-23T18:44:13,10424335.999999983,69c342123c6fdb9190169823dd12a42a77559b9f,1397871
autoland,4663319,4,bf38f69fee000115871578b15786525e82952421,windows11-64-2009-shippable-qr,,True,,,102210fe594ee9b33d82058545b1ed14f4c8206e,,Base Content Explicit,True,Base Content Explicit opt fission,,77,bytes,,452047217,1863152946,2024-03-24T00:54:50,10508304.000000004,c43bc8bba8a808b2f5005002f96936afa3697b34,1397899
autoland,4663319,4,bf38f69fee000115871578b15786525e82952421,windows11-64-2009-shippable-qr,,True,,,102210fe594ee9b33d82058545b1ed14f4c8206e,,Base Content Explicit,True,Base Content Explicit opt fission,,77,bytes,,452077776,1863304918,2024-03-24T11:13:54,10485775.999999996,f0597fea22797603c0e45ec1c43433afa5ed6dcd,1397937
autoland,4663319,4,bf38f69fee000115871578b15786525e82952421,windows11-64-2009-shippable-qr,,True,,,102210fe594ee9b33d82058545b1ed14f4c8206e,,Base Content Explicit,True,Base Content Explicit opt fission,,77,bytes,,452092818,1863355332,2024-03-24T18:59:17,10504208.000000006,6ec4249c788c48dc30dfb8737228af711e49fde2,1397954
autoland,4663319,4,bf38f69fee000115871578b15786525e82952421,windows11-64-2009-shippable-qr,,True,,,102210fe594ee9b33d82058545b1ed14f4c8206e,,Base Content Explicit,True,Base Content Explicit opt fission,,77,bytes,,452107165,1863410982,2024-03-24T23:02:44,10567696.000000013,f16b84d2aab6142f8b4fd6de574e96c2f551ebc7,1397973
autoland,4663319,4,bf38f69fee000115871578b15786525e82952421,windows11-64-2009-shippable-qr,,True,,,102210fe594ee9b33d82058545b1ed14f4c8206e,,Base Content Explicit,True,Base Content Explicit opt fission,,77,bytes,,452116115,1863457990,2024-03-25T03:31:22,10412047.999999989,19d905446a32ebc5b281e61c8ee49718ee784a25,1397989
autoland,4663319,4,bf38f69fee000115871578b15786525e82952421,windows11-64-2009-shippable-qr,,True,,,102210fe594ee9b33d82058545b1ed14f4c8206e,,Base Content Explicit,True,Base Content Explicit opt fission,,77,bytes,,452136961,1863541786,2024-03-25T08:43:58,10422287.999999998,db7773c959d542b2327b7158f769c657e46e2992,1398035
autoland,4663319,4,bf38f69fee000115871578b15786525e82952421,windows11-64-2009-shippable-qr,,True,,,102210fe594ee9b33d82058545b1ed14f4c8206e,,Base Content Explicit,True,Base Content Explicit opt fission,,77,bytes,,452152024,1863607235,2024-03-25T09:25:18,10461200.000000015,71c813e27dff32e4664eb9116e60097837485bfb,1398057
autoland,4663319,4,bf38f69fee000115871578b15786525e82952421,windows11-64-2009-shippable-qr,,True,,,102210fe594ee9b33d82058545b1ed14f4c8206e,,Base Content Explicit,True,Base Content Explicit opt fission,,77,bytes,,452152036,1863607656,2024-03-25T09:25:18,10471440.000000011,71c813e27dff32e4664eb9116e60097837485bfb,1398057
autoland,4663319,4,bf38f69fee000115871578b15786525e82952421,windows11-64-2009-shippable-qr,,True,,,102210fe594ee9b33d82058545b1ed14f4c8206e,,Base Content Explicit,True,Base Content Explicit opt fission,,77,bytes,,452152049,1863607679,2024-03-25T09:25:18,10459152.000000006,71c813e27dff32e4664eb9116e60097837485bfb,1398057
autoland,4663319,4,bf38f69fee000115871578b15786525e82952421,windows11-64-2009-shippable-qr,,True,,,102210fe594ee9b33d82058545b1ed14f4c8206e,,Base Content Explicit,True,Base Content Explicit opt fission,,77,bytes,,452193162,1863742337,2024-03-25T13:40:37,10547215.999999994,5969005dae85cc8ac486b2f0bdbb7454b660f252,1398214
autoland,4663319,4,bf38f69fee000115871578b15786525e82952421,windows11-64-2009-shippable-qr,,True,,,102210fe594ee9b33d82058545b1ed14f4c8206e,,Base Content Explicit,True,Base Content Explicit opt fission,,77,bytes,,452193900,1863742635,2024-03-25T14:05:55,10438672.000000007,19dcff1ee3fcbb431110e0639c80a3ba51ee0a34,1398235
autoland,4663319,4,bf38f69fee000115871578b15786525e82952421,windows11-64-2009-shippable-qr,,True,,,102210fe594ee9b33d82058545b1ed14f4c8206e,,Base Content Explicit,True,Base Content Explicit opt fission,,77,bytes,,452220208,1863895047,2024-03-25T17:00:38,10553360.000000015,9b5934ed0d6138133e3cab84d859a8e38bd43683,1398374
autoland,4663319,4,bf38f69fee000115871578b15786525e82952421,windows11-64-2009-shippable-qr,,True,,,102210fe594ee9b33d82058545b1ed14f4c8206e,,Base Content Explicit,True,Base Content Explicit opt fission,,77,bytes,,452241637,1863996036,2024-03-25T20:16:40,10569743.999999989,05ef22f3485b9acca72235e56c8e11abea982310,1398545
autoland,4663319,4,bf38f69fee000115871578b15786525e82952421,windows11-64-2009-shippable-qr,,True,,,102210fe594ee9b33d82058545b1ed14f4c8206e,,Base Content Explicit,True,Base Content Explicit opt fission,,77,bytes,,452273990,1864089918,2024-03-26T00:18:31,10534928.000000002,af6fe1ffacb6272ced1d27e874f376c671a19461,1398725
autoland,4663319,4,bf38f69fee000115871578b15786525e82952421,windows11-64-2009-shippable-qr,,True,,,102210fe594ee9b33d82058545b1ed14f4c8206e,,Base Content Explicit,True,Base Content Explicit opt fission,,77,bytes,,452284449,1864114891,2024-03-26T01:24:19,10543120.000000019,f0c093accca57074b185d7b3a5a76937ae8c57ed,1398741
autoland,4663319,4,bf38f69fee000115871578b15786525e82952421,windows11-64-2009-shippable-qr,,True,,,102210fe594ee9b33d82058545b1ed14f4c8206e,,Base Content Explicit,True,Base Content Explicit opt fission,,77,bytes,,452806621,1866303995,2024-03-26T04:41:36,10561551.999999994,1ae61dcda070d554cd7c9925dce2611bc43f0c02,1398794
autoland,4663319,4,bf38f69fee000115871578b15786525e82952421,windows11-64-2009-shippable-qr,,True,,,102210fe594ee9b33d82058545b1ed14f4c8206e,,Base Content Explicit,True,Base Content Explicit opt fission,,77,bytes,,452806624,1866303697,2024-03-26T04:41:36,10545168.000000006,1ae61dcda070d554cd7c9925dce2611bc43f0c02,1398794
autoland,4663319,4,bf38f69fee000115871578b15786525e82952421,windows11-64-2009-shippable-qr,,True,,,102210fe594ee9b33d82058545b1ed14f4c8206e,,Base Content Explicit,True,Base Content Explicit opt fission,,77,bytes,,452806628,1866304067,2024-03-26T04:41:36,10547215.999999994,1ae61dcda070d554cd7c9925dce2611bc43f0c02,1398794
autoland,4663319,4,bf38f69fee000115871578b15786525e82952421,windows11-64-2009-shippable-qr,,True,,,102210fe594ee9b33d82058545b1ed14f4c8206e,,Base Content Explicit,True,Base Content Explicit opt fission,,77,bytes,,452806630,1866304086,2024-03-26T04:41:36,10524688.000000007,1ae61dcda070d554cd7c9925dce2611bc43f0c02,1398794
autoland,4663319,4,bf38f69fee000115871578b15786525e82952421,windows11-64-2009-shippable-qr,,True,,,102210fe594ee9b33d82058545b1ed14f4c8206e,,Base Content Explicit,True,Base Content Explicit opt fission,,77,bytes,,452806609,1866303241,2024-03-26T04:44:39,10465296.000000002,c1b5b1e89360513f3c4b81679bb7a25e0482a533,1398796
autoland,4663319,4,bf38f69fee000115871578b15786525e82952421,windows11-64-2009-shippable-qr,,True,,,102210fe594ee9b33d82058545b1ed14f4c8206e,,Base Content Explicit,True,Base Content Explicit opt fission,,77,bytes,,452806614,1866303221,2024-03-26T04:44:39,10442768.000000007,c1b5b1e89360513f3c4b81679bb7a25e0482a533,1398796
autoland,4663319,4,bf38f69fee000115871578b15786525e82952421,windows11-64-2009-shippable-qr,,True,,,102210fe594ee9b33d82058545b1ed14f4c8206e,,Base Content Explicit,True,Base Content Explicit opt fission,,77,bytes,,452806618,1866305017,2024-03-26T04:44:39,10385424.0,c1b5b1e89360513f3c4b81679bb7a25e0482a533,1398796
autoland,4663319,4,bf38f69fee000115871578b15786525e82952421,windows11-64-2009-shippable-qr,,True,,,102210fe594ee9b33d82058545b1ed14f4c8206e,,Base Content Explicit,True,Base Content Explicit opt fission,,77,bytes,,452305549,1864246191,2024-03-26T06:19:49,7520623.999999994,f76227b1c05f51b70e7d261e993b5cfa5fd8ee70,1398803
autoland,4663319,4,bf38f69fee000115871578b15786525e82952421,windows11-64-2009-shippable-qr,,True,,,102210fe594ee9b33d82058545b1ed14f4c8206e,,Base Content Explicit,True,Base Content Explicit opt fission,,77,bytes,,452806717,1866304755,2024-03-26T06:19:49,7531736.000000005,f76227b1c05f51b70e7d261e993b5cfa5fd8ee70,1398803
autoland,4663319,4,bf38f69fee000115871578b15786525e82952421,windows11-64-2009-shippable-qr,,True,,,102210fe594ee9b33d82058545b1ed14f4c8206e,,Base Content Explicit,True,Base Content Explicit opt fission,,77,bytes,,452806718,1866304780,2024-03-26T06:19:49,7532704.0,f76227b1c05f51b70e7d261e993b5cfa5fd8ee70,1398803
autoland,4663319,4,bf38f69fee000115871578b15786525e82952421,windows11-64-2009-shippable-qr,,True,,,102210fe594ee9b33d82058545b1ed14f4c8206e,,Base Content Explicit,True,Base Content Explicit opt fission,,77,bytes,,452806719,1866304976,2024-03-26T06:19:49,7524872.0000000065,f76227b1c05f51b70e7d261e993b5cfa5fd8ee70,1398803
autoland,4663319,4,bf38f69fee000115871578b15786525e82952421,windows11-64-2009-shippable-qr,,True,,,102210fe594ee9b33d82058545b1ed14f4c8206e,,Base Content Explicit,True,Base Content Explicit opt fission,,77,bytes,,452321014,1864306918,2024-03-26T09:05:54,7523527.999999996,e02aed8fb19856047df1d2cb7de887404e2b6956,1398850
autoland,4663319,4,bf38f69fee000115871578b15786525e82952421,windows11-64-2009-shippable-qr,,True,,,102210fe594ee9b33d82058545b1ed14f4c8206e,,Base Content Explicit,True,Base Content Explicit opt fission,,77,bytes,,452350631,1864414166,2024-03-26T12:57:56,7521599.999999995,8bfc3595e66f8c45af3a35d0489015d7522799d3,1398965
autoland,4663319,4,bf38f69fee000115871578b15786525e82952421,windows11-64-2009-shippable-qr,,True,,,102210fe594ee9b33d82058545b1ed14f4c8206e,,Base Content Explicit,True,Base Content Explicit opt fission,,77,bytes,,452384814,1864518312,2024-03-26T16:59:38,7513743.999999994,a95909edf99f57b3e1ff98f748fd9e2ff57447da,1399161
autoland,4663319,4,bf38f69fee000115871578b15786525e82952421,windows11-64-2009-shippable-qr,,True,,,102210fe594ee9b33d82058545b1ed14f4c8206e,,Base Content Explicit,True,Base Content Explicit opt fission,,77,bytes,,452396896,1864571394,2024-03-26T17:44:32,7528167.999999995,a93eeb987e4a1e533ac94ec0d1703c6f9b52b9ef,1399196
autoland,4663319,4,bf38f69fee000115871578b15786525e82952421,windows11-64-2009-shippable-qr,,True,,,102210fe594ee9b33d82058545b1ed14f4c8206e,,Base Content Explicit,True,Base Content Explicit opt fission,,77,bytes,,452406341,1864618474,2024-03-26T19:19:03,7534599.999999995,dfd96ba0e09153e6f98c22d8adcaf944059434ac,1399261
autoland,4663319,4,bf38f69fee000115871578b15786525e82952421,windows11-64-2009-shippable-qr,,True,,,102210fe594ee9b33d82058545b1ed14f4c8206e,,Base Content Explicit,True,Base Content Explicit opt fission,,77,bytes,,452438476,1864757039,2024-03-26T22:59:31,7522751.999999994,babb5943701ffb0ddb6991106d28f73ad2061bb6,1399480
autoland,4663319,4,bf38f69fee000115871578b15786525e82952421,windows11-64-2009-shippable-qr,,True,,,102210fe594ee9b33d82058545b1ed14f4c8206e,,Base Content Explicit,True,Base Content Explicit opt fission,,77,bytes,,452464258,1864881807,2024-03-27T06:25:00,7532215.999999999,1e79b6199559c2d8acfccdb5e9d5bc62033e6c15,1399622
autoland,4663319,4,bf38f69fee000115871578b15786525e82952421,windows11-64-2009-shippable-qr,,True,,,102210fe594ee9b33d82058545b1ed14f4c8206e,,Base Content Explicit,True,Base Content Explicit opt fission,,77,bytes,,452497635,1865049770,2024-03-27T09:31:11,7542599.999999995,7f2993771f48536c575137e4b51984ab6d3de136,1399694
autoland,4663319,4,bf38f69fee000115871578b15786525e82952421,windows11-64-2009-shippable-qr,,True,,,102210fe594ee9b33d82058545b1ed14f4c8206e,,Base Content Explicit,True,Base Content Explicit opt fission,,77,bytes,,452537089,1865246501,2024-03-27T13:38:48,7538983.999999998,bc7ca80e302a788b0c3cc63cb148c628351b4946,1399827
autoland,4663319,4,bf38f69fee000115871578b15786525e82952421,windows11-64-2009-shippable-qr,,True,,,102210fe594ee9b33d82058545b1ed14f4c8206e,,Base Content Explicit,True,Base Content Explicit opt fission,,77,bytes,,452554278,1865298547,2024-03-27T15:45:41,7532487.999999998,f8ac03b3c764017d5704deed413c8d35c99978fd,1399897
autoland,4663319,4,bf38f69fee000115871578b15786525e82952421,windows11-64-2009-shippable-qr,,True,,,102210fe594ee9b33d82058545b1ed14f4c8206e,,Base Content Explicit,True,Base Content Explicit opt fission,,77,bytes,,452565638,1865378470,2024-03-27T17:44:07,7521631.999999998,5937312af5ae37b411939c2dcddbf6072d8d9cfc,1400012
autoland,4663319,4,bf38f69fee000115871578b15786525e82952421,windows11-64-2009-shippable-qr,,True,,,102210fe594ee9b33d82058545b1ed14f4c8206e,,Base Content Explicit,True,Base Content Explicit opt fission,,77,bytes,,452621406,1865530524,2024-03-28T01:10:01,7529055.999999999,b1cc62489fae8d475f67dec2d9abdf69e2d47614,1400291
autoland,4663319,4,bf38f69fee000115871578b15786525e82952421,windows11-64-2009-shippable-qr,,True,,,102210fe594ee9b33d82058545b1ed14f4c8206e,,Base Content Explicit,True,Base Content Explicit opt fission,,77,bytes,,452661777,1865664253,2024-03-28T09:47:39,7529863.999999994,1e7411c6b6399b5f5595f99e8d08576e473af625,1400442
autoland,4663319,4,bf38f69fee000115871578b15786525e82952421,windows11-64-2009-shippable-qr,,True,,,102210fe594ee9b33d82058545b1ed14f4c8206e,,Base Content Explicit,True,Base Content Explicit opt fission,,77,bytes,,452665577,1865691853,2024-03-28T10:32:02,7529208.000000001,55aaac6352fb1fbc44f600408b2bd5a63b4ae440,1400466
autoland,4663319,4,bf38f69fee000115871578b15786525e82952421,windows11-64-2009-shippable-qr,,True,,,102210fe594ee9b33d82058545b1ed14f4c8206e,,Base Content Explicit,True,Base Content Explicit opt fission,,77,bytes,,452705902,1865871952,2024-03-28T14:53:03,7538896.000000006,1c98db62bb1a20d26f812d28d86672158450e71c,1400606
autoland,4663319,4,bf38f69fee000115871578b15786525e82952421,windows11-64-2009-shippable-qr,,True,,,102210fe594ee9b33d82058545b1ed14f4c8206e,,Base Content Explicit,True,Base Content Explicit opt fission,,77,bytes,,452700266,1865818562,2024-03-28T15:08:02,7537199.999999996,2b1a58a2fa54e47a357b20bda28512cebd79f732,1400620
autoland,4663319,4,bf38f69fee000115871578b15786525e82952421,windows11-64-2009-shippable-qr,,True,,,102210fe594ee9b33d82058545b1ed14f4c8206e,,Base Content Explicit,True,Base Content Explicit opt fission,,77,bytes,,452736445,1865967854,2024-03-28T19:06:21,7528448.000000001,b9f38a3edd45f19c8f1f0e6f96e11dea269f3399,1400789
autoland,4663319,4,bf38f69fee000115871578b15786525e82952421,windows11-64-2009-shippable-qr,,True,,,102210fe594ee9b33d82058545b1ed14f4c8206e,,Base Content Explicit,True,Base Content Explicit opt fission,,77,bytes,,452759348,1866053519,2024-03-28T23:11:00,7539200.0,8b46ddebfb7e99c2dd8d13182e11398381eda976,1400928
autoland,4663319,4,bf38f69fee000115871578b15786525e82952421,windows11-64-2009-shippable-qr,,True,,,102210fe594ee9b33d82058545b1ed14f4c8206e,,Base Content Explicit,True,Base Content Explicit opt fission,,77,bytes,,452762532,1866078093,2024-03-29T00:03:22,7533503.999999994,28b4eaeb70285be21ee6612c4e891e41c7949b68,1400956
autoland,4663319,4,bf38f69fee000115871578b15786525e82952421,windows11-64-2009-shippable-qr,,True,,,102210fe594ee9b33d82058545b1ed14f4c8206e,,Base Content Explicit,True,Base Content Explicit opt fission,,77,bytes,,452777343,1866153736,2024-03-29T04:27:46,7533935.999999996,4120fb3d12f57159ca2e6809f555312e00adda5d,1401028
autoland,4663319,4,bf38f69fee000115871578b15786525e82952421,windows11-64-2009-shippable-qr,,True,,,102210fe594ee9b33d82058545b1ed14f4c8206e,,Base Content Explicit,True,Base Content Explicit opt fission,,77,bytes,,452828226,1866356023,2024-03-29T12:22:16,7520583.999999999,39124d8575b2fb025ca7fd37b91e052f28e88e67,1401116
autoland,4663319,4,bf38f69fee000115871578b15786525e82952421,windows11-64-2009-shippable-qr,,True,,,102210fe594ee9b33d82058545b1ed14f4c8206e,,Base Content Explicit,True,Base Content Explicit opt fission,,77,bytes,,452852702,1866417879,2024-03-29T16:11:04,7535856.000000002,33becba24b3c497daf0c1180e5c659ed3cc9028c,1401211
autoland,4663319,4,bf38f69fee000115871578b15786525e82952421,windows11-64-2009-shippable-qr,,True,,,102210fe594ee9b33d82058545b1ed14f4c8206e,,Base Content Explicit,True,Base Content Explicit opt fission,,77,bytes,,452880139,1866550911,2024-03-29T20:24:43,7529511.999999999,dd4f0b5931701d3aa7f7ed94fd3ba8c45816316c,1401326
autoland,4663319,4,bf38f69fee000115871578b15786525e82952421,windows11-64-2009-shippable-qr,,True,,,102210fe594ee9b33d82058545b1ed14f4c8206e,,Base Content Explicit,True,Base Content Explicit opt fission,,77,bytes,,452901326,1866682613,2024-03-30T04:38:25,7526712.000000001,2fe1ab05c8fa00d73df88b20df9bc87301a46d46,1401437
autoland,4663319,4,bf38f69fee000115871578b15786525e82952421,windows11-64-2009-shippable-qr,,True,,,102210fe594ee9b33d82058545b1ed14f4c8206e,,Base Content Explicit,True,Base Content Explicit opt fission,,77,bytes,,452909690,1866716461,2024-03-30T08:43:08,7528023.9999999935,3e1a0031f44e72f557f0ec79cf8423168b952d80,1401445
autoland,4663319,4,bf38f69fee000115871578b15786525e82952421,windows11-64-2009-shippable-qr,,True,,,102210fe594ee9b33d82058545b1ed14f4c8206e,,Base Content Explicit,True,Base Content Explicit opt fission,,77,bytes,,452934940,1866817364,2024-03-30T16:23:17,7518752.000000001,dea770591ed30035f88966bbf45cbbcc6557cdcc,1401476
autoland,4663319,4,bf38f69fee000115871578b15786525e82952421,windows11-64-2009-shippable-qr,,True,,,102210fe594ee9b33d82058545b1ed14f4c8206e,,Base Content Explicit,True,Base Content Explicit opt fission,,77,bytes,,452939540,1866835863,2024-03-30T17:37:54,7527808.000000002,d7916bbe3cb4118dd9464ef3af064b13b3b0d0c4,1401479
autoland,4663319,4,bf38f69fee000115871578b15786525e82952421,windows11-64-2009-shippable-qr,,True,,,102210fe594ee9b33d82058545b1ed14f4c8206e,,Base Content Explicit,True,Base Content Explicit opt fission,,77,bytes,,452966804,1866932334,2024-03-31T07:04:36,7534455.999999999,579426b2f39c365731042d79d87533ac3f616461,1401509
autoland,4663319,4,bf38f69fee000115871578b15786525e82952421,windows11-64-2009-shippable-qr,,True,,,102210fe594ee9b33d82058545b1ed14f4c8206e,,Base Content Explicit,True,Base Content Explicit opt fission,,77,bytes,,452990007,1867018804,2024-03-31T14:47:20,7535975.999999999,dfc3fd176c4fcd62b5a28dcfedea3c509f24ebf5,1401533
autoland,4663319,4,bf38f69fee000115871578b15786525e82952421,windows11-64-2009-shippable-qr,,True,,,102210fe594ee9b33d82058545b1ed14f4c8206e,,Base Content Explicit,True,Base Content Explicit opt fission,,77,bytes,,452994764,1867047690,2024-03-31T19:03:22,7521152.000000002,334eacacff83840ceed0bb2077c0a2a527e491a5,1401545
autoland,4663319,4,bf38f69fee000115871578b15786525e82952421,windows11-64-2009-shippable-qr,,True,,,102210fe594ee9b33d82058545b1ed14f4c8206e,,Base Content Explicit,True,Base Content Explicit opt fission,,77,bytes,,453014922,1867120332,2024-04-01T07:03:36,7529976.000000001,5d97e037b69610f99c35f4bbd65d27bafc5605fc,1401600
autoland,4663319,4,bf38f69fee000115871578b15786525e82952421,windows11-64-2009-shippable-qr,,True,,,102210fe594ee9b33d82058545b1ed14f4c8206e,,Base Content Explicit,True,Base Content Explicit opt fission,,77,bytes,,453043148,1867208672,2024-04-01T11:30:18,7523144.000000002,9546c05d8f57091e5d3e12129a49f11b8b027da7,1401661
autoland,4663319,4,bf38f69fee000115871578b15786525e82952421,windows11-64-2009-shippable-qr,,True,,,102210fe594ee9b33d82058545b1ed14f4c8206e,,Base Content Explicit,True,Base Content Explicit opt fission,,77,bytes,,453069675,1867268035,2024-04-01T13:16:41,7525543.999999998,26157b52a8c30d72d8e065cc4a8286633ee85b63,1401687
autoland,4663319,4,bf38f69fee000115871578b15786525e82952421,windows11-64-2009-shippable-qr,,True,,,102210fe594ee9b33d82058545b1ed14f4c8206e,,Base Content Explicit,True,Base Content Explicit opt fission,,77,bytes,,453089733,1867337266,2024-04-01T17:19:53,7539288.000000002,cdd16ab5df10333f1a1eb637ecf2692e15271d17,1401785
autoland,4663319,4,bf38f69fee000115871578b15786525e82952421,windows11-64-2009-shippable-qr,,True,,,102210fe594ee9b33d82058545b1ed14f4c8206e,,Base Content Explicit,True,Base Content Explicit opt fission,,77,bytes,,453094326,1867353863,2024-04-01T18:19:29,7536288.000000001,57354c5689ef8a5f598978d912570706445e1034,1401826
autoland,4663319,4,bf38f69fee000115871578b15786525e82952421,windows11-64-2009-shippable-qr,,True,,,102210fe594ee9b33d82058545b1ed14f4c8206e,,Base Content Explicit,True,Base Content Explicit opt fission,,77,bytes,,453137174,1867506263,2024-04-01T22:35:55,7520959.9999999935,13111643fbf4557d26174a12b2cde1954182b0ab,1402004
autoland,4663319,4,bf38f69fee000115871578b15786525e82952421,windows11-64-2009-shippable-qr,,True,,,102210fe594ee9b33d82058545b1ed14f4c8206e,,Base Content Explicit,True,Base Content Explicit opt fission,,77,bytes,,453136985,1867498984,2024-04-01T22:39:43,7526288.0000000065,e7ec5d35ae0d80f4a77b6705e1a393c637da672e,1402007
autoland,4663319,4,bf38f69fee000115871578b15786525e82952421,windows11-64-2009-shippable-qr,,True,,,102210fe594ee9b33d82058545b1ed14f4c8206e,,Base Content Explicit,True,Base Content Explicit opt fission,,77,bytes,,453149671,1867596457,2024-04-02T04:32:43,7532296.0,de086751acb845c252c37aab95a7e6b265df39a6,1402085
autoland,4663319,4,bf38f69fee000115871578b15786525e82952421,windows11-64-2009-shippable-qr,,True,,,102210fe594ee9b33d82058545b1ed14f4c8206e,,Base Content Explicit,True,Base Content Explicit opt fission,,77,bytes,,453173010,1867667859,2024-04-02T08:47:33,7524168.000000003,4df6842cb470c27ca949eaaa6d3a9b6b37d9c8fe,1402179
autoland,4663319,4,bf38f69fee000115871578b15786525e82952421,windows11-64-2009-shippable-qr,,True,,,102210fe594ee9b33d82058545b1ed14f4c8206e,,Base Content Explicit,True,Base Content Explicit opt fission,,77,bytes,,453174234,1867677584,2024-04-02T08:57:49,7535687.999999996,52bb75377d06cfb305446ca966c7526c9c9729c7,1402180
autoland,4663319,4,bf38f69fee000115871578b15786525e82952421,windows11-64-2009-shippable-qr,,True,,,102210fe594ee9b33d82058545b1ed14f4c8206e,,Base Content Explicit,True,Base Content Explicit opt fission,,77,bytes,,453216706,1867845909,2024-04-02T13:00:14,7597384.000000003,1eb7fb5dab3b7003052fa7fa8e85566bd5fa2a73,1402287
autoland,4663319,4,bf38f69fee000115871578b15786525e82952421,windows11-64-2009-shippable-qr,,True,,,102210fe594ee9b33d82058545b1ed14f4c8206e,,Base Content Explicit,True,Base Content Explicit opt fission,,77,bytes,,453217178,1867849707,2024-04-02T13:21:01,7535440.000000004,083657141f799bed9b0e401403d144e76c1f3c63,1402293
autoland,4663319,4,bf38f69fee000115871578b15786525e82952421,windows11-64-2009-shippable-qr,,True,,,102210fe594ee9b33d82058545b1ed14f4c8206e,,Base Content Explicit,True,Base Content Explicit opt fission,,77,bytes,,453240890,1867963869,2024-04-02T16:51:17,7522808.0000000065,b1212fb9438edc5930a3e8228dd52ff3c068031c,1402473
autoland,4663319,4,bf38f69fee000115871578b15786525e82952421,windows11-64-2009-shippable-qr,,True,,,102210fe594ee9b33d82058545b1ed14f4c8206e,,Base Content Explicit,True,Base Content Explicit opt fission,,77,bytes,,453263564,1868049231,2024-04-02T20:58:38,7529855.9999999935,96cda2b1a568a48c3d201417fa49e8fc852ef641,1402671
autoland,4663319,4,bf38f69fee000115871578b15786525e82952421,windows11-64-2009-shippable-qr,,True,,,102210fe594ee9b33d82058545b1ed14f4c8206e,,Base Content Explicit,True,Base Content Explicit opt fission,,77,bytes,,453282469,1868126725,2024-04-02T23:14:01,7522288.000000004,bfdc9733f80bab4558cf720975c00e2658b9b8c0,1402759
autoland,4663319,4,bf38f69fee000115871578b15786525e82952421,windows11-64-2009-shippable-qr,,True,,,102210fe594ee9b33d82058545b1ed14f4c8206e,,Base Content Explicit,True,Base Content Explicit opt fission,,77,bytes,,453282470,1868126881,2024-04-02T23:14:01,7533607.999999998,bfdc9733f80bab4558cf720975c00e2658b9b8c0,1402759
autoland,4663319,4,bf38f69fee000115871578b15786525e82952421,windows11-64-2009-shippable-qr,,True,,,102210fe594ee9b33d82058545b1ed14f4c8206e,,Base Content Explicit,True,Base Content Explicit opt fission,,77,bytes,,453285609,1868142667,2024-04-03T02:01:46,7531952.0,e9a6b1d9b2360abbda7261a5e023f1fdfaf1fbc4,1402833
autoland,4663319,4,bf38f69fee000115871578b15786525e82952421,windows11-64-2009-shippable-qr,,True,,,102210fe594ee9b33d82058545b1ed14f4c8206e,,Base Content Explicit,True,Base Content Explicit opt fission,,77,bytes,,453301474,1868219782,2024-04-03T06:21:18,7524263.999999999,c720e2e99bf375c24b09c0a1415f15ba911c56ce,1402898
autoland,4663319,4,bf38f69fee000115871578b15786525e82952421,windows11-64-2009-shippable-qr,,True,,,102210fe594ee9b33d82058545b1ed14f4c8206e,,Base Content Explicit,True,Base Content Explicit opt fission,,77,bytes,,453310241,1868248677,2024-04-03T08:00:33,7517367.999999997,8c92b17c7b2805a83d5a80fa103b82ae132d8320,1402944
autoland,4663319,4,bf38f69fee000115871578b15786525e82952421,windows11-64-2009-shippable-qr,,True,,,102210fe594ee9b33d82058545b1ed14f4c8206e,,Base Content Explicit,True,Base Content Explicit opt fission,,77,bytes,,453862769,1870487923,2024-04-03T08:00:33,7532296.0,8c92b17c7b2805a83d5a80fa103b82ae132d8320,1402944
autoland,4663319,4,bf38f69fee000115871578b15786525e82952421,windows11-64-2009-shippable-qr,,True,,,102210fe594ee9b33d82058545b1ed14f4c8206e,,Base Content Explicit,True,Base Content Explicit opt fission,,77,bytes,,453862770,1870487936,2024-04-03T08:00:33,7526840.000000002,8c92b17c7b2805a83d5a80fa103b82ae132d8320,1402944
autoland,4663319,4,bf38f69fee000115871578b15786525e82952421,windows11-64-2009-shippable-qr,,True,,,102210fe594ee9b33d82058545b1ed14f4c8206e,,Base Content Explicit,True,Base Content Explicit opt fission,,77,bytes,,453347734,1868349457,2024-04-03T12:19:12,7534408.0,81ea9950a766d85ced5d1db992689422649c3b26,1403087
autoland,4663319,4,bf38f69fee000115871578b15786525e82952421,windows11-64-2009-shippable-qr,,True,,,102210fe594ee9b33d82058545b1ed14f4c8206e,,Base Content Explicit,True,Base Content Explicit opt fission,,77,bytes,,453401496,1868546680,2024-04-03T19:17:19,7515991.999999994,26f475fb8d5ae5cb0b3bd5fb9d77aa7fc2df2665,1403406
autoland,4663319,4,bf38f69fee000115871578b15786525e82952421,windows11-64-2009-shippable-qr,,True,,,102210fe594ee9b33d82058545b1ed14f4c8206e,,Base Content Explicit,True,Base Content Explicit opt fission,,77,bytes,,453428086,1868635296,2024-04-03T23:35:22,7528112.000000001,aedb2756de7fa4089d89d53f49a007290003d58d,1403575
autoland,4663319,4,bf38f69fee000115871578b15786525e82952421,windows11-64-2009-shippable-qr,,True,,,102210fe594ee9b33d82058545b1ed14f4c8206e,,Base Content Explicit,True,Base Content Explicit opt fission,,77,bytes,,453451925,1868712121,2024-04-04T04:04:35,7587383.999999999,f2360b4c9b8a110f0b1c40841a767a47da5b85be,1403674
autoland,4663319,4,bf38f69fee000115871578b15786525e82952421,windows11-64-2009-shippable-qr,,True,,,102210fe594ee9b33d82058545b1ed14f4c8206e,,Base Content Explicit,True,Base Content Explicit opt fission,,77,bytes,,453512076,1868998822,2024-04-04T12:29:27,7528336.000000006,a260c2683052c9aa36748f1ded4e99c0d2bcf63e,1403877
autoland,4663319,4,bf38f69fee000115871578b15786525e82952421,windows11-64-2009-shippable-qr,,True,,,102210fe594ee9b33d82058545b1ed14f4c8206e,,Base Content Explicit,True,Base Content Explicit opt fission,,77,bytes,,453535372,1869091829,2024-04-04T15:41:47,7531647.999999995,e633b6ff34e81c89b87f1d4e3b18fcae399b3d37,1404042
autoland,4663319,4,bf38f69fee000115871578b15786525e82952421,windows11-64-2009-shippable-qr,,True,,,102210fe594ee9b33d82058545b1ed14f4c8206e,,Base Content Explicit,True,Base Content Explicit opt fission,,77,bytes,,453863212,1870492390,2024-04-04T17:54:50,7520871.999999997,85b0eb5a028fe4ef2457cb6ed37225f763d564cc,1404130
autoland,4663319,4,bf38f69fee000115871578b15786525e82952421,windows11-64-2009-shippable-qr,,True,,,102210fe594ee9b33d82058545b1ed14f4c8206e,,Base Content Explicit,True,Base Content Explicit opt fission,,77,bytes,,453863214,1870492330,2024-04-04T17:54:50,7526584.000000003,85b0eb5a028fe4ef2457cb6ed37225f763d564cc,1404130
autoland,4663319,4,bf38f69fee000115871578b15786525e82952421,windows11-64-2009-shippable-qr,,True,,,102210fe594ee9b33d82058545b1ed14f4c8206e,,Base Content Explicit,True,Base Content Explicit opt fission,,77,bytes,,453863215,1870492340,2024-04-04T17:54:50,7589631.999999996,85b0eb5a028fe4ef2457cb6ed37225f763d564cc,1404130
autoland,4663319,4,bf38f69fee000115871578b15786525e82952421,windows11-64-2009-shippable-qr,,True,,,102210fe594ee9b33d82058545b1ed14f4c8206e,,Base Content Explicit,True,Base Content Explicit opt fission,,77,bytes,,453547732,1869153010,2024-04-04T17:55:39,7524399.999999994,2b8e4c563c2fa403003707729e7fd66dd5909763,1404131
autoland,4663319,4,bf38f69fee000115871578b15786525e82952421,windows11-64-2009-shippable-qr,,True,,,102210fe594ee9b33d82058545b1ed14f4c8206e,,Base Content Explicit,True,Base Content Explicit opt fission,,77,bytes,,453863208,1870492312,2024-04-04T17:55:39,7540471.999999997,2b8e4c563c2fa403003707729e7fd66dd5909763,1404131
autoland,4663319,4,bf38f69fee000115871578b15786525e82952421,windows11-64-2009-shippable-qr,,True,,,102210fe594ee9b33d82058545b1ed14f4c8206e,,Base Content Explicit,True,Base Content Explicit opt fission,,77,bytes,,453863209,1870492358,2024-04-04T17:55:39,7538840.000000005,2b8e4c563c2fa403003707729e7fd66dd5909763,1404131
autoland,4663319,4,bf38f69fee000115871578b15786525e82952421,windows11-64-2009-shippable-qr,,True,,,102210fe594ee9b33d82058545b1ed14f4c8206e,,Base Content Explicit,True,Base Content Explicit opt fission,,77,bytes,,453863210,1870492321,2024-04-04T17:55:39,7533271.999999996,2b8e4c563c2fa403003707729e7fd66dd5909763,1404131
autoland,4663319,4,bf38f69fee000115871578b15786525e82952421,windows11-64-2009-shippable-qr,,True,,,102210fe594ee9b33d82058545b1ed14f4c8206e,,Base Content Explicit,True,Base Content Explicit opt fission,,77,bytes,,453874809,1870531420,2024-04-04T17:56:29,7523144.000000002,4eba64480f8685b8e017bc073b899e09ac169516,1404133
autoland,4663319,4,bf38f69fee000115871578b15786525e82952421,windows11-64-2009-shippable-qr,,True,,,102210fe594ee9b33d82058545b1ed14f4c8206e,,Base Content Explicit,True,Base Content Explicit opt fission,,77,bytes,,453874810,1870531350,2024-04-04T17:56:29,7547352.000000002,4eba64480f8685b8e017bc073b899e09ac169516,1404133
autoland,4663319,4,bf38f69fee000115871578b15786525e82952421,windows11-64-2009-shippable-qr,,True,,,102210fe594ee9b33d82058545b1ed14f4c8206e,,Base Content Explicit,True,Base Content Explicit opt fission,,77,bytes,,453874811,1870531318,2024-04-04T17:56:29,7534816.000000004,4eba64480f8685b8e017bc073b899e09ac169516,1404133
autoland,4663319,4,bf38f69fee000115871578b15786525e82952421,windows11-64-2009-shippable-qr,,True,,,102210fe594ee9b33d82058545b1ed14f4c8206e,,Base Content Explicit,True,Base Content Explicit opt fission,,77,bytes,,453874592,1870528634,2024-04-04T18:48:45,7522111.9999999935,90dd8b47c7c155d236c0bfbbb2e0c38365b35203,1404189
autoland,4663319,4,bf38f69fee000115871578b15786525e82952421,windows11-64-2009-shippable-qr,,True,,,102210fe594ee9b33d82058545b1ed14f4c8206e,,Base Content Explicit,True,Base Content Explicit opt fission,,77,bytes,,453874593,1870528551,2024-04-04T18:48:45,7534119.999999999,90dd8b47c7c155d236c0bfbbb2e0c38365b35203,1404189
autoland,4663319,4,bf38f69fee000115871578b15786525e82952421,windows11-64-2009-shippable-qr,,True,,,102210fe594ee9b33d82058545b1ed14f4c8206e,,Base Content Explicit,True,Base Content Explicit opt fission,,77,bytes,,453874594,1870528661,2024-04-04T18:48:45,7534639.999999996,90dd8b47c7c155d236c0bfbbb2e0c38365b35203,1404189
autoland,4663319,4,bf38f69fee000115871578b15786525e82952421,windows11-64-2009-shippable-qr,,True,,,102210fe594ee9b33d82058545b1ed14f4c8206e,,Base Content Explicit,True,Base Content Explicit opt fission,,77,bytes,,453874538,1870528279,2024-04-04T19:05:44,7530040.000000001,bd8c4f5538ac287dce196798aa30f0f03f3db27c,1404203
autoland,4663319,4,bf38f69fee000115871578b15786525e82952421,windows11-64-2009-shippable-qr,,True,,,102210fe594ee9b33d82058545b1ed14f4c8206e,,Base Content Explicit,True,Base Content Explicit opt fission,,77,bytes,,453874540,1870528299,2024-04-04T19:05:44,7531767.999999997,bd8c4f5538ac287dce196798aa30f0f03f3db27c,1404203
autoland,4663319,4,bf38f69fee000115871578b15786525e82952421,windows11-64-2009-shippable-qr,,True,,,102210fe594ee9b33d82058545b1ed14f4c8206e,,Base Content Explicit,True,Base Content Explicit opt fission,,77,bytes,,453874541,1870528246,2024-04-04T19:05:44,7557727.999999996,bd8c4f5538ac287dce196798aa30f0f03f3db27c,1404203
autoland,4663319,4,bf38f69fee000115871578b15786525e82952421,windows11-64-2009-shippable-qr,,True,,,102210fe594ee9b33d82058545b1ed14f4c8206e,,Base Content Explicit,True,Base Content Explicit opt fission,,77,bytes,,453874734,1870530879,2024-04-04T19:22:12,7523840.000000001,29c3d633c6093d0008c8c2b3e79b176fd00db3c7,1404213
autoland,4663319,4,bf38f69fee000115871578b15786525e82952421,windows11-64-2009-shippable-qr,,True,,,102210fe594ee9b33d82058545b1ed14f4c8206e,,Base Content Explicit,True,Base Content Explicit opt fission,,77,bytes,,453874735,1870530856,2024-04-04T19:22:12,7534448.000000006,29c3d633c6093d0008c8c2b3e79b176fd00db3c7,1404213
autoland,4663319,4,bf38f69fee000115871578b15786525e82952421,windows11-64-2009-shippable-qr,,True,,,102210fe594ee9b33d82058545b1ed14f4c8206e,,Base Content Explicit,True,Base Content Explicit opt fission,,77,bytes,,453874736,1870530865,2024-04-04T19:22:12,7533599.999999996,29c3d633c6093d0008c8c2b3e79b176fd00db3c7,1404213
autoland,4663319,4,bf38f69fee000115871578b15786525e82952421,windows11-64-2009-shippable-qr,,True,,,102210fe594ee9b33d82058545b1ed14f4c8206e,,Base Content Explicit,True,Base Content Explicit opt fission,,77,bytes,,453874709,1870530202,2024-04-04T19:35:11,7534287.999999994,14a73587ee14d9537dbaf701f68da15a80caa0bc,1404219
autoland,4663319,4,bf38f69fee000115871578b15786525e82952421,windows11-64-2009-shippable-qr,,True,,,102210fe594ee9b33d82058545b1ed14f4c8206e,,Base Content Explicit,True,Base Content Explicit opt fission,,77,bytes,,453874710,1870530211,2024-04-04T19:35:11,7527328.0,14a73587ee14d9537dbaf701f68da15a80caa0bc,1404219
autoland,4663319,4,bf38f69fee000115871578b15786525e82952421,windows11-64-2009-shippable-qr,,True,,,102210fe594ee9b33d82058545b1ed14f4c8206e,,Base Content Explicit,True,Base Content Explicit opt fission,,77,bytes,,453875043,1870532282,2024-04-04T19:35:58,7531031.999999997,323e403edaf0fc09ef7810febcf71cba815cd15b,1404221
autoland,4663319,4,bf38f69fee000115871578b15786525e82952421,windows11-64-2009-shippable-qr,,True,,,102210fe594ee9b33d82058545b1ed14f4c8206e,,Base Content Explicit,True,Base Content Explicit opt fission,,77,bytes,,453875045,1870532293,2024-04-04T19:35:58,7535871.999999999,323e403edaf0fc09ef7810febcf71cba815cd15b,1404221
autoland,4663319,4,bf38f69fee000115871578b15786525e82952421,windows11-64-2009-shippable-qr,,True,,,102210fe594ee9b33d82058545b1ed14f4c8206e,,Base Content Explicit,True,Base Content Explicit opt fission,,77,bytes,,453875047,1870532271,2024-04-04T19:35:58,7524488.0,323e403edaf0fc09ef7810febcf71cba815cd15b,1404221
autoland,4663319,4,bf38f69fee000115871578b15786525e82952421,windows11-64-2009-shippable-qr,,True,,,102210fe594ee9b33d82058545b1ed14f4c8206e,,Base Content Explicit,True,Base Content Explicit opt fission,,77,bytes,,453874757,1870531336,2024-04-04T19:36:44,7527896.000000002,ab5495db1e4e0adacad888df43789de90015dd69,1404222
autoland,4663319,4,bf38f69fee000115871578b15786525e82952421,windows11-64-2009-shippable-qr,,True,,,102210fe594ee9b33d82058545b1ed14f4c8206e,,Base Content Explicit,True,Base Content Explicit opt fission,,77,bytes,,453874760,1870531305,2024-04-04T19:36:44,7530392.000000006,ab5495db1e4e0adacad888df43789de90015dd69,1404222
autoland,4663319,4,bf38f69fee000115871578b15786525e82952421,windows11-64-2009-shippable-qr,,True,,,102210fe594ee9b33d82058545b1ed14f4c8206e,,Base Content Explicit,True,Base Content Explicit opt fission,,77,bytes,,453874762,1870531327,2024-04-04T19:36:44,7525752.000000006,ab5495db1e4e0adacad888df43789de90015dd69,1404222
autoland,4663319,4,bf38f69fee000115871578b15786525e82952421,windows11-64-2009-shippable-qr,,True,,,102210fe594ee9b33d82058545b1ed14f4c8206e,,Base Content Explicit,True,Base Content Explicit opt fission,,77,bytes,,453875252,1870532988,2024-04-04T19:37:44,7524696.000000002,062ed3798614df86babf22ce08ad24a582c3497c,1404224
autoland,4663319,4,bf38f69fee000115871578b15786525e82952421,windows11-64-2009-shippable-qr,,True,,,102210fe594ee9b33d82058545b1ed14f4c8206e,,Base Content Explicit,True,Base Content Explicit opt fission,,77,bytes,,453875254,1870533128,2024-04-04T19:37:44,7527264.0,062ed3798614df86babf22ce08ad24a582c3497c,1404224
autoland,4663319,4,bf38f69fee000115871578b15786525e82952421,windows11-64-2009-shippable-qr,,True,,,102210fe594ee9b33d82058545b1ed14f4c8206e,,Base Content Explicit,True,Base Content Explicit opt fission,,77,bytes,,453875256,1870533117,2024-04-04T19:37:44,7542423.9999999935,062ed3798614df86babf22ce08ad24a582c3497c,1404224
autoland,4663319,4,bf38f69fee000115871578b15786525e82952421,windows11-64-2009-shippable-qr,,True,,,102210fe594ee9b33d82058545b1ed14f4c8206e,,Base Content Explicit,True,Base Content Explicit opt fission,,77,bytes,,453875541,1870534930,2024-04-04T19:38:36,7518936.0000000065,e46f0595d1cf32b9995a940f5e60d3119823dec7,1404226
autoland,4663319,4,bf38f69fee000115871578b15786525e82952421,windows11-64-2009-shippable-qr,,True,,,102210fe594ee9b33d82058545b1ed14f4c8206e,,Base Content Explicit,True,Base Content Explicit opt fission,,77,bytes,,453875542,1870534808,2024-04-04T19:38:36,7534072.000000004,e46f0595d1cf32b9995a940f5e60d3119823dec7,1404226
autoland,4663319,4,bf38f69fee000115871578b15786525e82952421,windows11-64-2009-shippable-qr,,True,,,102210fe594ee9b33d82058545b1ed14f4c8206e,,Base Content Explicit,True,Base Content Explicit opt fission,,77,bytes,,453875543,1870534948,2024-04-04T19:38:36,7530512.000000004,e46f0595d1cf32b9995a940f5e60d3119823dec7,1404226
autoland,4663319,4,bf38f69fee000115871578b15786525e82952421,windows11-64-2009-shippable-qr,,True,,,102210fe594ee9b33d82058545b1ed14f4c8206e,,Base Content Explicit,True,Base Content Explicit opt fission,,77,bytes,,453863231,1870492524,2024-04-04T19:39:37,7522975.999999997,79b1f4edcd487bbecf7c7edaea7de83fa40dee28,1404227
autoland,4663319,4,bf38f69fee000115871578b15786525e82952421,windows11-64-2009-shippable-qr,,True,,,102210fe594ee9b33d82058545b1ed14f4c8206e,,Base Content Explicit,True,Base Content Explicit opt fission,,77,bytes,,453863235,1870492592,2024-04-04T19:39:37,7519351.999999997,79b1f4edcd487bbecf7c7edaea7de83fa40dee28,1404227
autoland,4663319,4,bf38f69fee000115871578b15786525e82952421,windows11-64-2009-shippable-qr,,True,,,102210fe594ee9b33d82058545b1ed14f4c8206e,,Base Content Explicit,True,Base Content Explicit opt fission,,77,bytes,,453863237,1870492542,2024-04-04T19:39:37,7526815.999999995,79b1f4edcd487bbecf7c7edaea7de83fa40dee28,1404227
autoland,4663319,4,bf38f69fee000115871578b15786525e82952421,windows11-64-2009-shippable-qr,,True,,,102210fe594ee9b33d82058545b1ed14f4c8206e,,Base Content Explicit,True,Base Content Explicit opt fission,,77,bytes,,453863265,1870492937,2024-04-04T19:40:37,7546864.000000004,fd0f3c47b927c7c897935dd1ad7af89eec3cce29,1404229
autoland,4663319,4,bf38f69fee000115871578b15786525e82952421,windows11-64-2009-shippable-qr,,True,,,102210fe594ee9b33d82058545b1ed14f4c8206e,,Base Content Explicit,True,Base Content Explicit opt fission,,77,bytes,,453863266,1870492876,2024-04-04T19:40:37,7537056.000000006,fd0f3c47b927c7c897935dd1ad7af89eec3cce29,1404229
autoland,4663319,4,bf38f69fee000115871578b15786525e82952421,windows11-64-2009-shippable-qr,,True,,,102210fe594ee9b33d82058545b1ed14f4c8206e,,Base Content Explicit,True,Base Content Explicit opt fission,,77,bytes,,453863267,1870492918,2024-04-04T19:40:37,7539999.999999994,fd0f3c47b927c7c897935dd1ad7af89eec3cce29,1404229
autoland,4663319,4,bf38f69fee000115871578b15786525e82952421,windows11-64-2009-shippable-qr,,True,,,102210fe594ee9b33d82058545b1ed14f4c8206e,,Base Content Explicit,True,Base Content Explicit opt fission,,77,bytes,,453863223,1870492511,2024-04-04T21:01:35,7526664.0000000065,ec06569c22cf2a4f7bb35d825d2a3ca3f284a815,1404292
autoland,4663319,4,bf38f69fee000115871578b15786525e82952421,windows11-64-2009-shippable-qr,,True,,,102210fe594ee9b33d82058545b1ed14f4c8206e,,Base Content Explicit,True,Base Content Explicit opt fission,,77,bytes,,453863226,1870492488,2024-04-04T21:01:35,7521815.999999995,ec06569c22cf2a4f7bb35d825d2a3ca3f284a815,1404292
autoland,4663319,4,bf38f69fee000115871578b15786525e82952421,windows11-64-2009-shippable-qr,,True,,,102210fe594ee9b33d82058545b1ed14f4c8206e,,Base Content Explicit,True,Base Content Explicit opt fission,,77,bytes,,453863227,1870492529,2024-04-04T21:01:35,7530559.999999997,ec06569c22cf2a4f7bb35d825d2a3ca3f284a815,1404292
autoland,4663319,4,bf38f69fee000115871578b15786525e82952421,windows11-64-2009-shippable-qr,,True,,,102210fe594ee9b33d82058545b1ed14f4c8206e,,Base Content Explicit,True,Base Content Explicit opt fission,,77,bytes,,453863238,1870492579,2024-04-04T21:02:23,7532136.000000004,03cfb27bc3a2638470e6b903bd346b6c09259979,1404293
autoland,4663319,4,bf38f69fee000115871578b15786525e82952421,windows11-64-2009-shippable-qr,,True,,,102210fe594ee9b33d82058545b1ed14f4c8206e,,Base Content Explicit,True,Base Content Explicit opt fission,,77,bytes,,453863239,1870492570,2024-04-04T21:02:23,7536952.000000002,03cfb27bc3a2638470e6b903bd346b6c09259979,1404293
autoland,4663319,4,bf38f69fee000115871578b15786525e82952421,windows11-64-2009-shippable-qr,,True,,,102210fe594ee9b33d82058545b1ed14f4c8206e,,Base Content Explicit,True,Base Content Explicit opt fission,,77,bytes,,453863240,1870492603,2024-04-04T21:02:23,7535680.000000006,03cfb27bc3a2638470e6b903bd346b6c09259979,1404293
autoland,4663319,4,bf38f69fee000115871578b15786525e82952421,windows11-64-2009-shippable-qr,,True,,,102210fe594ee9b33d82058545b1ed14f4c8206e,,Base Content Explicit,True,Base Content Explicit opt fission,,77,bytes,,453863241,1870492620,2024-04-04T21:03:17,7529976.000000001,b6b08acac28dcb6648a5da6cd36b3a98656bf73d,1404294
autoland,4663319,4,bf38f69fee000115871578b15786525e82952421,windows11-64-2009-shippable-qr,,True,,,102210fe594ee9b33d82058545b1ed14f4c8206e,,Base Content Explicit,True,Base Content Explicit opt fission,,77,bytes,,453863242,1870492678,2024-04-04T21:03:17,7536128.000000005,b6b08acac28dcb6648a5da6cd36b3a98656bf73d,1404294
autoland,4663319,4,bf38f69fee000115871578b15786525e82952421,windows11-64-2009-shippable-qr,,True,,,102210fe594ee9b33d82058545b1ed14f4c8206e,,Base Content Explicit,True,Base Content Explicit opt fission,,77,bytes,,453863244,1870492692,2024-04-04T21:03:17,7521095.999999997,b6b08acac28dcb6648a5da6cd36b3a98656bf73d,1404294
autoland,4663319,4,bf38f69fee000115871578b15786525e82952421,windows11-64-2009-shippable-qr,,True,,,102210fe594ee9b33d82058545b1ed14f4c8206e,,Base Content Explicit,True,Base Content Explicit opt fission,,77,bytes,,453863220,1870492459,2024-04-04T21:04:05,7524439.999999998,665c1645364137aa63f4d4240bfd1ce313f200fc,1404295
autoland,4663319,4,bf38f69fee000115871578b15786525e82952421,windows11-64-2009-shippable-qr,,True,,,102210fe594ee9b33d82058545b1ed14f4c8206e,,Base Content Explicit,True,Base Content Explicit opt fission,,77,bytes,,453863221,1870492423,2024-04-04T21:04:05,7522368.000000006,665c1645364137aa63f4d4240bfd1ce313f200fc,1404295
autoland,4663319,4,bf38f69fee000115871578b15786525e82952421,windows11-64-2009-shippable-qr,,True,,,102210fe594ee9b33d82058545b1ed14f4c8206e,,Base Content Explicit,True,Base Content Explicit opt fission,,77,bytes,,453863222,1870492469,2024-04-04T21:04:05,7526367.999999995,665c1645364137aa63f4d4240bfd1ce313f200fc,1404295
autoland,4663319,4,bf38f69fee000115871578b15786525e82952421,windows11-64-2009-shippable-qr,,True,,,102210fe594ee9b33d82058545b1ed14f4c8206e,,Base Content Explicit,True,Base Content Explicit opt fission,,77,bytes,,453863216,1870492349,2024-04-04T21:04:53,7523719.999999998,70dd1bcd4d1aca986592c2e02d33868fa0c079a2,1404297
autoland,4663319,4,bf38f69fee000115871578b15786525e82952421,windows11-64-2009-shippable-qr,,True,,,102210fe594ee9b33d82058545b1ed14f4c8206e,,Base Content Explicit,True,Base Content Explicit opt fission,,77,bytes,,453863217,1870492410,2024-04-04T21:04:53,7534632.000000004,70dd1bcd4d1aca986592c2e02d33868fa0c079a2,1404297
autoland,4663319,4,bf38f69fee000115871578b15786525e82952421,windows11-64-2009-shippable-qr,,True,,,102210fe594ee9b33d82058545b1ed14f4c8206e,,Base Content Explicit,True,Base Content Explicit opt fission,,77,bytes,,453863219,1870492399,2024-04-04T21:04:53,7540199.999999997,70dd1bcd4d1aca986592c2e02d33868fa0c079a2,1404297
autoland,4663319,4,bf38f69fee000115871578b15786525e82952421,windows11-64-2009-shippable-qr,,True,,,102210fe594ee9b33d82058545b1ed14f4c8206e,,Base Content Explicit,True,Base Content Explicit opt fission,,77,bytes,,453863230,1870492507,2024-04-04T21:05:40,7539888.000000003,746aba949c72e9128b8556a4bb05e260fa5aacc1,1404299
autoland,4663319,4,bf38f69fee000115871578b15786525e82952421,windows11-64-2009-shippable-qr,,True,,,102210fe594ee9b33d82058545b1ed14f4c8206e,,Base Content Explicit,True,Base Content Explicit opt fission,,77,bytes,,453863234,1870492560,2024-04-04T21:05:40,7536496.0,746aba949c72e9128b8556a4bb05e260fa5aacc1,1404299
autoland,4663319,4,bf38f69fee000115871578b15786525e82952421,windows11-64-2009-shippable-qr,,True,,,102210fe594ee9b33d82058545b1ed14f4c8206e,,Base Content Explicit,True,Base Content Explicit opt fission,,77,bytes,,453863236,1870492551,2024-04-04T21:05:40,7527208.000000003,746aba949c72e9128b8556a4bb05e260fa5aacc1,1404299
autoland,4663319,4,bf38f69fee000115871578b15786525e82952421,windows11-64-2009-shippable-qr,,True,,,102210fe594ee9b33d82058545b1ed14f4c8206e,,Base Content Explicit,True,Base Content Explicit opt fission,,77,bytes,,453863268,1870493173,2024-04-04T21:43:15,7522279.999999999,ee69d51355f1953aca934556b7a0bb0bfa31f436,1404314
autoland,4663319,4,bf38f69fee000115871578b15786525e82952421,windows11-64-2009-shippable-qr,,True,,,102210fe594ee9b33d82058545b1ed14f4c8206e,,Base Content Explicit,True,Base Content Explicit opt fission,,77,bytes,,453863269,1870493201,2024-04-04T21:43:15,7531712.000000002,ee69d51355f1953aca934556b7a0bb0bfa31f436,1404314
autoland,4663319,4,bf38f69fee000115871578b15786525e82952421,windows11-64-2009-shippable-qr,,True,,,102210fe594ee9b33d82058545b1ed14f4c8206e,,Base Content Explicit,True,Base Content Explicit opt fission,,77,bytes,,453863270,1870493145,2024-04-04T21:43:15,7531584.000000002,ee69d51355f1953aca934556b7a0bb0bfa31f436,1404314
autoland,4663319,4,bf38f69fee000115871578b15786525e82952421,windows11-64-2009-shippable-qr,,True,,,102210fe594ee9b33d82058545b1ed14f4c8206e,,Base Content Explicit,True,Base Content Explicit opt fission,,77,bytes,,453577123,1869257738,2024-04-04T22:08:58,7547927.999999998,7689f9c266fcdf019b8bea308bf5569885d72ed3,1404331
autoland,4663319,4,bf38f69fee000115871578b15786525e82952421,windows11-64-2009-shippable-qr,,True,,,102210fe594ee9b33d82058545b1ed14f4c8206e,,Base Content Explicit,True,Base Content Explicit opt fission,,77,bytes,,453863262,1870492812,2024-04-04T22:08:58,7545671.999999997,7689f9c266fcdf019b8bea308bf5569885d72ed3,1404331
autoland,4663319,4,bf38f69fee000115871578b15786525e82952421,windows11-64-2009-shippable-qr,,True,,,102210fe594ee9b33d82058545b1ed14f4c8206e,,Base Content Explicit,True,Base Content Explicit opt fission,,77,bytes,,453863263,1870492784,2024-04-04T22:08:58,7526824.000000002,7689f9c266fcdf019b8bea308bf5569885d72ed3,1404331
autoland,4663319,4,bf38f69fee000115871578b15786525e82952421,windows11-64-2009-shippable-qr,,True,,,102210fe594ee9b33d82058545b1ed14f4c8206e,,Base Content Explicit,True,Base Content Explicit opt fission,,77,bytes,,453863264,1870492897,2024-04-04T22:08:58,7529135.999999996,7689f9c266fcdf019b8bea308bf5569885d72ed3,1404331
autoland,4663319,4,bf38f69fee000115871578b15786525e82952421,windows11-64-2009-shippable-qr,,True,,,102210fe594ee9b33d82058545b1ed14f4c8206e,,Base Content Explicit,True,Base Content Explicit opt fission,,77,bytes,,453584533,1869298223,2024-04-05T00:24:01,7531887.999999999,8600529acb2a250f255ea4d80486fecb2b7dc31b,1404399
autoland,4663319,4,bf38f69fee000115871578b15786525e82952421,windows11-64-2009-shippable-qr,,True,,,102210fe594ee9b33d82058545b1ed14f4c8206e,,Base Content Explicit,True,Base Content Explicit opt fission,,77,bytes,,453599108,1869358069,2024-04-05T04:36:57,7543712.000000006,ea8ea972270ddb95f071f900f9199fb7ff95bb10,1404445
autoland,4663319,4,bf38f69fee000115871578b15786525e82952421,windows11-64-2009-shippable-qr,,True,,,102210fe594ee9b33d82058545b1ed14f4c8206e,,Base Content Explicit,True,Base Content Explicit opt fission,,77,bytes,,453621730,1869442558,2024-04-05T09:55:10,7522543.999999995,bb1591f8008a0b1f33fe132528ee339ab149082f,1404555
autoland,4663319,4,bf38f69fee000115871578b15786525e82952421,windows11-64-2009-shippable-qr,,True,,,102210fe594ee9b33d82058545b1ed14f4c8206e,,Base Content Explicit,True,Base Content Explicit opt fission,,77,bytes,,453655476,1869573720,2024-04-05T13:56:08,7534232.000000001,e25a9624d6d92e1a88da8b414e3ea781e4e25a07,1404693
autoland,4663319,4,bf38f69fee000115871578b15786525e82952421,windows11-64-2009-shippable-qr,,True,,,102210fe594ee9b33d82058545b1ed14f4c8206e,,Base Content Explicit,True,Base Content Explicit opt fission,,77,bytes,,453681258,1869679543,2024-04-05T18:34:00,7535231.999999997,c230ec8f9514326a6e5081ee8e2d677ccf10ab67,1404901
autoland,4663319,4,bf38f69fee000115871578b15786525e82952421,windows11-64-2009-shippable-qr,,True,,,102210fe594ee9b33d82058545b1ed14f4c8206e,,Base Content Explicit,True,Base Content Explicit opt fission,,77,bytes,,453700627,1869752548,2024-04-05T19:40:01,7534127.999999999,2168f88afb52aa0c93febc62156a315d08963dda,1404957
autoland,4663319,4,bf38f69fee000115871578b15786525e82952421,windows11-64-2009-shippable-qr,,True,,,102210fe594ee9b33d82058545b1ed14f4c8206e,,Base Content Explicit,True,Base Content Explicit opt fission,,77,bytes,,453711313,1869791833,2024-04-05T21:23:25,7538239.999999999,bcbab342eed82aec3d4dd40516bf07e1ee96e716,1405041
autoland,4663319,4,bf38f69fee000115871578b15786525e82952421,windows11-64-2009-shippable-qr,,True,,,102210fe594ee9b33d82058545b1ed14f4c8206e,,Base Content Explicit,True,Base Content Explicit opt fission,,77,bytes,,453729922,1869924643,2024-04-06T02:12:01,7526528.000000004,5695ee1969a8c3cddf47affcdc2358c67fa09729,1405161
autoland,4663319,4,bf38f69fee000115871578b15786525e82952421,windows11-64-2009-shippable-qr,,True,,,102210fe594ee9b33d82058545b1ed14f4c8206e,,Base Content Explicit,True,Base Content Explicit opt fission,,77,bytes,,453744654,1869992143,2024-04-06T08:07:05,7670343.999999996,9fc8fef3e3ad12973fa215fac0d8ce85b8476e0a,1405200
autoland,4663319,4,bf38f69fee000115871578b15786525e82952421,windows11-64-2009-shippable-qr,,True,,,102210fe594ee9b33d82058545b1ed14f4c8206e,,Base Content Explicit,True,Base Content Explicit opt fission,,77,bytes,,453769356,1870088186,2024-04-06T12:49:36,7530495.999999996,0f5a5f081afbca1abac9185c32c792b9c3550264,1405245
autoland,4663319,4,bf38f69fee000115871578b15786525e82952421,windows11-64-2009-shippable-qr,,True,,,102210fe594ee9b33d82058545b1ed14f4c8206e,,Base Content Explicit,True,Base Content Explicit opt fission,,77,bytes,,453780430,1870139818,2024-04-06T19:13:32,7541456.000000003,3719e5d315bba4fd2d01a2bb964ff7d7c6521282,1405288
autoland,4663319,4,bf38f69fee000115871578b15786525e82952421,windows11-64-2009-shippable-qr,,True,,,102210fe594ee9b33d82058545b1ed14f4c8206e,,Base Content Explicit,True,Base Content Explicit opt fission,,77,bytes,,453796011,1870201584,2024-04-07T00:18:02,7532736.000000005,7362d727c60c8a1b15c8e7357969595c93c659c6,1405303
autoland,4663319,4,bf38f69fee000115871578b15786525e82952421,windows11-64-2009-shippable-qr,,True,,,102210fe594ee9b33d82058545b1ed14f4c8206e,,Base Content Explicit,True,Base Content Explicit opt fission,,77,bytes,,453827650,1870332324,2024-04-07T12:29:26,7524895.999999995,56daf0a3e72bc04ceb0b6d6a5e8b51b32333fe11,1405334
autoland,4663319,4,bf38f69fee000115871578b15786525e82952421,windows11-64-2009-shippable-qr,,True,,,102210fe594ee9b33d82058545b1ed14f4c8206e,,Base Content Explicit,True,Base Content Explicit opt fission,,77,bytes,,453837845,1870363976,2024-04-07T17:34:38,7522335.999999994,c59be65c8118a8e4c60719162c4426e511ee042c,1405352
autoland,4663319,4,bf38f69fee000115871578b15786525e82952421,windows11-64-2009-shippable-qr,,True,,,102210fe594ee9b33d82058545b1ed14f4c8206e,,Base Content Explicit,True,Base Content Explicit opt fission,,77,bytes,,453851319,1870418976,2024-04-07T22:40:32,7527576.000000005,a5f6bf0601900e20973b195443e8431788bf1494,1405368
autoland,4663319,4,bf38f69fee000115871578b15786525e82952421,windows11-64-2009-shippable-qr,,True,,,102210fe594ee9b33d82058545b1ed14f4c8206e,,Base Content Explicit,True,Base Content Explicit opt fission,,77,bytes,,453860178,1870465923,2024-04-08T04:43:41,7522264.000000006,93d08e6b3d615ead541eee15f876af2c74e90d53,1405385
autoland,4663319,4,bf38f69fee000115871578b15786525e82952421,windows11-64-2009-shippable-qr,,True,,,102210fe594ee9b33d82058545b1ed14f4c8206e,,Base Content Explicit,True,Base Content Explicit opt fission,,77,bytes,,453877015,1870538967,2024-04-08T09:12:14,7533279.9999999935,7fdec039f49159c7769bb304ab5f0a97f9dde43f,1405465
autoland,4663319,4,bf38f69fee000115871578b15786525e82952421,windows11-64-2009-shippable-qr,,True,,,102210fe594ee9b33d82058545b1ed14f4c8206e,,Base Content Explicit,True,Base Content Explicit opt fission,,77,bytes,,453912202,1870674116,2024-04-08T13:49:41,7531440.000000006,1b56c653a5ee3a14ec0955b092498999e9333bfa,1405618
autoland,4663319,4,bf38f69fee000115871578b15786525e82952421,windows11-64-2009-shippable-qr,,True,,,102210fe594ee9b33d82058545b1ed14f4c8206e,,Base Content Explicit,True,Base Content Explicit opt fission,,77,bytes,,453960311,1870828312,2024-04-08T19:08:45,7545087.999999998,79551503d77c8353439905d86ec3033546f0c874,1405880
autoland,4663319,4,bf38f69fee000115871578b15786525e82952421,windows11-64-2009-shippable-qr,,True,,,102210fe594ee9b33d82058545b1ed14f4c8206e,,Base Content Explicit,True,Base Content Explicit opt fission,,77,bytes,,453997864,1870972559,2024-04-08T23:24:57,7532120.000000001,c19d16f89e851b3d8052fb11a8e8f0ae3f4cb9b7,1406026
autoland,4663319,4,bf38f69fee000115871578b15786525e82952421,windows11-64-2009-shippable-qr,,True,,,102210fe594ee9b33d82058545b1ed14f4c8206e,,Base Content Explicit,True,Base Content Explicit opt fission,,77,bytes,,454020230,1871129563,2024-04-09T06:15:12,7522872.0,643848d855ebb8ab8d9d7009ca7ce9d21d267b34,1406147
autoland,4663319,4,bf38f69fee000115871578b15786525e82952421,windows11-64-2009-shippable-qr,,True,,,102210fe594ee9b33d82058545b1ed14f4c8206e,,Base Content Explicit,True,Base Content Explicit opt fission,,77,bytes,,454046515,1871219504,2024-04-09T10:19:15,7531800.000000001,7cd4aaac69823ebb7b440d4e14d05275ba50a073,1406264
autoland,4663319,4,bf38f69fee000115871578b15786525e82952421,windows11-64-2009-shippable-qr,,True,,,102210fe594ee9b33d82058545b1ed14f4c8206e,,Base Content Explicit,True,Base Content Explicit opt fission,,77,bytes,,454084783,1871414985,2024-04-09T14:26:21,7544072.000000002,34fef7e7706b912024aa3ba8826647e5ddc0a0ab,1406452
autoland,4663319,4,bf38f69fee000115871578b15786525e82952421,windows11-64-2009-shippable-qr,,True,,,102210fe594ee9b33d82058545b1ed14f4c8206e,,Base Content Explicit,True,Base Content Explicit opt fission,,77,bytes,,454089114,1871457548,2024-04-09T17:03:26,8006232.000000003,e3c9c90141d0f6b39792470ce489a5af6123cc15,1406581
autoland,4663319,4,bf38f69fee000115871578b15786525e82952421,windows11-64-2009-shippable-qr,,True,,,102210fe594ee9b33d82058545b1ed14f4c8206e,,Base Content Explicit,True,Base Content Explicit opt fission,,77,bytes,,454113113,1871538263,2024-04-09T20:18:20,7524999.999999997,42fe954d2d47356658d58a292876a6f15d6cbc51,1406718
autoland,4663319,4,bf38f69fee000115871578b15786525e82952421,windows11-64-2009-shippable-qr,,True,,,102210fe594ee9b33d82058545b1ed14f4c8206e,,Base Content Explicit,True,Base Content Explicit opt fission,,77,bytes,,454135006,1871655849,2024-04-10T00:18:40,7560568.0000000065,c6228adca1a9c453ab8514c86ee26ee9a7903d27,1406841
autoland,4663319,4,bf38f69fee000115871578b15786525e82952421,windows11-64-2009-shippable-qr,,True,,,102210fe594ee9b33d82058545b1ed14f4c8206e,,Base Content Explicit,True,Base Content Explicit opt fission,,77,bytes,,454142003,1871699666,2024-04-10T05:00:45,7536223.999999994,a3f0d7e2d176a84f97e08088b78e1abe8da0a5f7,1406899
autoland,4663319,4,bf38f69fee000115871578b15786525e82952421,windows11-64-2009-shippable-qr,,True,,,102210fe594ee9b33d82058545b1ed14f4c8206e,,Base Content Explicit,True,Base Content Explicit opt fission,,77,bytes,,454158669,1871792638,2024-04-10T09:31:15,7533199.999999999,cb449d228d38790ba76f64d551817f6a804c044e,1406973
autoland,4663319,4,bf38f69fee000115871578b15786525e82952421,windows11-64-2009-shippable-qr,,True,,,102210fe594ee9b33d82058545b1ed14f4c8206e,,Base Content Explicit,True,Base Content Explicit opt fission,,77,bytes,,454189355,1871909766,2024-04-10T13:31:55,7527824.000000003,53228f89fadff09aff9d51b46652c77d94059014,1407087
autoland,4663319,4,bf38f69fee000115871578b15786525e82952421,windows11-64-2009-shippable-qr,,True,,,102210fe594ee9b33d82058545b1ed14f4c8206e,,Base Content Explicit,True,Base Content Explicit opt fission,,77,bytes,,454209571,1872018779,2024-04-10T17:21:37,7538823.999999999,a30d53cfa601940935af0c765cccbdde2178bb67,1407259
autoland,4663319,4,bf38f69fee000115871578b15786525e82952421,windows11-64-2009-shippable-qr,,True,,,102210fe594ee9b33d82058545b1ed14f4c8206e,,Base Content Explicit,True,Base Content Explicit opt fission,,77,bytes,,454235930,1872149323,2024-04-10T20:55:18,7533432.000000002,bc425d90bbe9987cc754323772553d4be3e6de83,1407422
autoland,4663319,4,bf38f69fee000115871578b15786525e82952421,windows11-64-2009-shippable-qr,,True,,,102210fe594ee9b33d82058545b1ed14f4c8206e,,Base Content Explicit,True,Base Content Explicit opt fission,,77,bytes,,454256406,1872286299,2024-04-11T01:15:30,7525072.0000000065,1ae79ee05e2fe6a64e1916d65c78979921af1e5e,1407545
autoland,4663319,4,bf38f69fee000115871578b15786525e82952421,windows11-64-2009-shippable-qr,,True,,,102210fe594ee9b33d82058545b1ed14f4c8206e,,Base Content Explicit,True,Base Content Explicit opt fission,,77,bytes,,454513742,1873862567,2024-04-11T01:15:30,7529336.0000000065,1ae79ee05e2fe6a64e1916d65c78979921af1e5e,1407545
autoland,4663319,4,bf38f69fee000115871578b15786525e82952421,windows11-64-2009-shippable-qr,,True,,,102210fe594ee9b33d82058545b1ed14f4c8206e,,Base Content Explicit,True,Base Content Explicit opt fission,,77,bytes,,454513744,1873862692,2024-04-11T01:15:30,7541560.000000003,1ae79ee05e2fe6a64e1916d65c78979921af1e5e,1407545
autoland,4663319,4,bf38f69fee000115871578b15786525e82952421,windows11-64-2009-shippable-qr,,True,,,102210fe594ee9b33d82058545b1ed14f4c8206e,,Base Content Explicit,True,Base Content Explicit opt fission,,77,bytes,,454513745,1873862877,2024-04-11T01:15:30,7527775.9999999935,1ae79ee05e2fe6a64e1916d65c78979921af1e5e,1407545
autoland,4663319,4,bf38f69fee000115871578b15786525e82952421,windows11-64-2009-shippable-qr,,True,,,102210fe594ee9b33d82058545b1ed14f4c8206e,,Base Content Explicit,True,Base Content Explicit opt fission,,77,bytes,,454529079,1873903684,2024-04-11T02:18:25,7534104.000000002,bd8757fdd446e0a18e554916d0b23447eac66a9b,1407562
autoland,4663319,4,bf38f69fee000115871578b15786525e82952421,windows11-64-2009-shippable-qr,,True,,,102210fe594ee9b33d82058545b1ed14f4c8206e,,Base Content Explicit,True,Base Content Explicit opt fission,,77,bytes,,454529080,1873903609,2024-04-11T02:18:25,7519383.999999994,bd8757fdd446e0a18e554916d0b23447eac66a9b,1407562
autoland,4663319,4,bf38f69fee000115871578b15786525e82952421,windows11-64-2009-shippable-qr,,True,,,102210fe594ee9b33d82058545b1ed14f4c8206e,,Base Content Explicit,True,Base Content Explicit opt fission,,77,bytes,,454529081,1873903550,2024-04-11T02:18:25,7528800.000000005,bd8757fdd446e0a18e554916d0b23447eac66a9b,1407562
autoland,4663319,4,bf38f69fee000115871578b15786525e82952421,windows11-64-2009-shippable-qr,,True,,,102210fe594ee9b33d82058545b1ed14f4c8206e,,Base Content Explicit,True,Base Content Explicit opt fission,,77,bytes,,454525944,1873903021,2024-04-11T02:30:54,7534160.000000002,4ad2cddade30eeb0867b582b3d756c3efa4d758f,1407563
autoland,4663319,4,bf38f69fee000115871578b15786525e82952421,windows11-64-2009-shippable-qr,,True,,,102210fe594ee9b33d82058545b1ed14f4c8206e,,Base Content Explicit,True,Base Content Explicit opt fission,,77,bytes,,454525945,1873903293,2024-04-11T02:30:54,7533792.0,4ad2cddade30eeb0867b582b3d756c3efa4d758f,1407563
autoland,4663319,4,bf38f69fee000115871578b15786525e82952421,windows11-64-2009-shippable-qr,,True,,,102210fe594ee9b33d82058545b1ed14f4c8206e,,Base Content Explicit,True,Base Content Explicit opt fission,,77,bytes,,454525946,1873903283,2024-04-11T02:30:54,7522855.999999994,4ad2cddade30eeb0867b582b3d756c3efa4d758f,1407563
autoland,4663319,4,bf38f69fee000115871578b15786525e82952421,windows11-64-2009-shippable-qr,,True,,,102210fe594ee9b33d82058545b1ed14f4c8206e,,Base Content Explicit,True,Base Content Explicit opt fission,,77,bytes,,454525920,1873903268,2024-04-11T03:03:57,7535519.999999999,10c2302e10c8ddea78bf47529ae22679808097d0,1407568
autoland,4663319,4,bf38f69fee000115871578b15786525e82952421,windows11-64-2009-shippable-qr,,True,,,102210fe594ee9b33d82058545b1ed14f4c8206e,,Base Content Explicit,True,Base Content Explicit opt fission,,77,bytes,,454525922,1873903012,2024-04-11T03:03:57,7535728.000000005,10c2302e10c8ddea78bf47529ae22679808097d0,1407568
autoland,4663319,4,bf38f69fee000115871578b15786525e82952421,windows11-64-2009-shippable-qr,,True,,,102210fe594ee9b33d82058545b1ed14f4c8206e,,Base Content Explicit,True,Base Content Explicit opt fission,,77,bytes,,454525923,1873903304,2024-04-11T03:03:57,7518455.9999999935,10c2302e10c8ddea78bf47529ae22679808097d0,1407568
autoland,4663319,4,bf38f69fee000115871578b15786525e82952421,windows11-64-2009-shippable-qr,,True,,,102210fe594ee9b33d82058545b1ed14f4c8206e,,Base Content Explicit,True,Base Content Explicit opt fission,,77,bytes,,454275091,1872418815,2024-04-11T06:36:24,7529583.999999999,7a8a0223fffe0f06dd2e7aad79bf1920cf1430c0,1407612
autoland,4663319,4,bf38f69fee000115871578b15786525e82952421,windows11-64-2009-shippable-qr,,True,,,102210fe594ee9b33d82058545b1ed14f4c8206e,,Base Content Explicit,True,Base Content Explicit opt fission,,77,bytes,,454513747,1873862663,2024-04-11T06:36:24,7525455.999999994,7a8a0223fffe0f06dd2e7aad79bf1920cf1430c0,1407612
autoland,4663319,4,bf38f69fee000115871578b15786525e82952421,windows11-64-2009-shippable-qr,,True,,,102210fe594ee9b33d82058545b1ed14f4c8206e,,Base Content Explicit,True,Base Content Explicit opt fission,,77,bytes,,454513749,1873862921,2024-04-11T06:36:24,7541896.000000005,7a8a0223fffe0f06dd2e7aad79bf1920cf1430c0,1407612
autoland,4663319,4,bf38f69fee000115871578b15786525e82952421,windows11-64-2009-shippable-qr,,True,,,102210fe594ee9b33d82058545b1ed14f4c8206e,,Base Content Explicit,True,Base Content Explicit opt fission,,77,bytes,,454513750,1873862579,2024-04-11T06:36:24,7521455.999999994,7a8a0223fffe0f06dd2e7aad79bf1920cf1430c0,1407612
autoland,4663319,4,bf38f69fee000115871578b15786525e82952421,windows11-64-2009-shippable-qr,,True,,,102210fe594ee9b33d82058545b1ed14f4c8206e,,Base Content Explicit,True,Base Content Explicit opt fission,,77,bytes,,454524062,1873892065,2024-04-11T06:38:56,7528384.0,81013aec2ec4604a522c4bf11218ee736ba66e94,1407614
autoland,4663319,4,bf38f69fee000115871578b15786525e82952421,windows11-64-2009-shippable-qr,,True,,,102210fe594ee9b33d82058545b1ed14f4c8206e,,Base Content Explicit,True,Base Content Explicit opt fission,,77,bytes,,454524066,1873892239,2024-04-11T06:38:56,7526664.0000000065,81013aec2ec4604a522c4bf11218ee736ba66e94,1407614
autoland,4663319,4,bf38f69fee000115871578b15786525e82952421,windows11-64-2009-shippable-qr,,True,,,102210fe594ee9b33d82058545b1ed14f4c8206e,,Base Content Explicit,True,Base Content Explicit opt fission,,77,bytes,,454524069,1873892051,2024-04-11T06:38:56,7525767.999999994,81013aec2ec4604a522c4bf11218ee736ba66e94,1407614
autoland,4663319,4,bf38f69fee000115871578b15786525e82952421,windows11-64-2009-shippable-qr,,True,,,102210fe594ee9b33d82058545b1ed14f4c8206e,,Base Content Explicit,True,Base Content Explicit opt fission,,77,bytes,,454526048,1873903116,2024-04-11T06:54:37,7529176.000000005,550d2c6ba9b5085520c6b7780095838ec2189d9a,1407616
autoland,4663319,4,bf38f69fee000115871578b15786525e82952421,windows11-64-2009-shippable-qr,,True,,,102210fe594ee9b33d82058545b1ed14f4c8206e,,Base Content Explicit,True,Base Content Explicit opt fission,,77,bytes,,454526051,1873903135,2024-04-11T06:54:37,7517544.0,550d2c6ba9b5085520c6b7780095838ec2189d9a,1407616
autoland,4663319,4,bf38f69fee000115871578b15786525e82952421,windows11-64-2009-shippable-qr,,True,,,102210fe594ee9b33d82058545b1ed14f4c8206e,,Base Content Explicit,True,Base Content Explicit opt fission,,77,bytes,,454526053,1873903164,2024-04-11T06:54:37,7521295.999999996,550d2c6ba9b5085520c6b7780095838ec2189d9a,1407616
autoland,4663319,4,bf38f69fee000115871578b15786525e82952421,windows11-64-2009-shippable-qr,,True,,,102210fe594ee9b33d82058545b1ed14f4c8206e,,Base Content Explicit,True,Base Content Explicit opt fission,,77,bytes,,454526021,1873903324,2024-04-11T07:01:43,7533207.999999998,415a4c16402768092dcdcb81d7680fdfefbb7b7c,1407621
autoland,4663319,4,bf38f69fee000115871578b15786525e82952421,windows11-64-2009-shippable-qr,,True,,,102210fe594ee9b33d82058545b1ed14f4c8206e,,Base Content Explicit,True,Base Content Explicit opt fission,,77,bytes,,454526022,1873903160,2024-04-11T07:01:43,7532552.000000004,415a4c16402768092dcdcb81d7680fdfefbb7b7c,1407621
autoland,4663319,4,bf38f69fee000115871578b15786525e82952421,windows11-64-2009-shippable-qr,,True,,,102210fe594ee9b33d82058545b1ed14f4c8206e,,Base Content Explicit,True,Base Content Explicit opt fission,,77,bytes,,454526023,1873903392,2024-04-11T07:01:43,7532975.999999994,415a4c16402768092dcdcb81d7680fdfefbb7b7c,1407621
autoland,4663319,4,bf38f69fee000115871578b15786525e82952421,windows11-64-2009-shippable-qr,,True,,,102210fe594ee9b33d82058545b1ed14f4c8206e,,Base Content Explicit,True,Base Content Explicit opt fission,,77,bytes,,454522418,1873889586,2024-04-11T07:02:33,7538488.000000002,cd031c3cc321c2fd24fe88b15535443a5a69e596,1407622
autoland,4663319,4,bf38f69fee000115871578b15786525e82952421,windows11-64-2009-shippable-qr,,True,,,102210fe594ee9b33d82058545b1ed14f4c8206e,,Base Content Explicit,True,Base Content Explicit opt fission,,77,bytes,,454522420,1873889291,2024-04-11T07:02:33,7527680.000000003,cd031c3cc321c2fd24fe88b15535443a5a69e596,1407622
autoland,4663319,4,bf38f69fee000115871578b15786525e82952421,windows11-64-2009-shippable-qr,,True,,,102210fe594ee9b33d82058545b1ed14f4c8206e,,Base Content Explicit,True,Base Content Explicit opt fission,,77,bytes,,454522421,1873889361,2024-04-11T07:02:33,7526207.999999997,cd031c3cc321c2fd24fe88b15535443a5a69e596,1407622
autoland,4663319,4,bf38f69fee000115871578b15786525e82952421,windows11-64-2009-shippable-qr,,True,,,102210fe594ee9b33d82058545b1ed14f4c8206e,,Base Content Explicit,True,Base Content Explicit opt fission,,77,bytes,,454525469,1873902995,2024-04-11T07:37:29,7519599.999999997,852f5cb71ab31051416a2ccc9f4189b20783c679,1407635
autoland,4663319,4,bf38f69fee000115871578b15786525e82952421,windows11-64-2009-shippable-qr,,True,,,102210fe594ee9b33d82058545b1ed14f4c8206e,,Base Content Explicit,True,Base Content Explicit opt fission,,77,bytes,,454525470,1873903314,2024-04-11T07:37:29,7519383.999999994,852f5cb71ab31051416a2ccc9f4189b20783c679,1407635
autoland,4663319,4,bf38f69fee000115871578b15786525e82952421,windows11-64-2009-shippable-qr,,True,,,102210fe594ee9b33d82058545b1ed14f4c8206e,,Base Content Explicit,True,Base Content Explicit opt fission,,77,bytes,,454525471,1873903196,2024-04-11T07:37:29,7526687.999999998,852f5cb71ab31051416a2ccc9f4189b20783c679,1407635
autoland,4663319,4,bf38f69fee000115871578b15786525e82952421,windows11-64-2009-shippable-qr,,True,,,102210fe594ee9b33d82058545b1ed14f4c8206e,,Base Content Explicit,True,Base Content Explicit opt fission,,77,bytes,,454526124,1873903185,2024-04-11T07:53:46,7534351.999999999,f5151a3b4c52e793fc0b1c6e7257c094af2b4370,1407638
autoland,4663319,4,bf38f69fee000115871578b15786525e82952421,windows11-64-2009-shippable-qr,,True,,,102210fe594ee9b33d82058545b1ed14f4c8206e,,Base Content Explicit,True,Base Content Explicit opt fission,,77,bytes,,454526125,1873903763,2024-04-11T07:53:46,7528960.000000004,f5151a3b4c52e793fc0b1c6e7257c094af2b4370,1407638
autoland,4663319,4,bf38f69fee000115871578b15786525e82952421,windows11-64-2009-shippable-qr,,True,,,102210fe594ee9b33d82058545b1ed14f4c8206e,,Base Content Explicit,True,Base Content Explicit opt fission,,77,bytes,,454526126,1873903660,2024-04-11T07:53:46,7542319.9999999935,f5151a3b4c52e793fc0b1c6e7257c094af2b4370,1407638
autoland,4663319,4,bf38f69fee000115871578b15786525e82952421,windows11-64-2009-shippable-qr,,True,,,102210fe594ee9b33d82058545b1ed14f4c8206e,,Base Content Explicit,True,Base Content Explicit opt fission,,77,bytes,,454525986,1873903347,2024-04-11T08:13:17,7525295.999999998,2fa86d1e18cd8b55231333bdd04b33b68a2f2aa8,1407648
autoland,4663319,4,bf38f69fee000115871578b15786525e82952421,windows11-64-2009-shippable-qr,,True,,,102210fe594ee9b33d82058545b1ed14f4c8206e,,Base Content Explicit,True,Base Content Explicit opt fission,,77,bytes,,454525988,1873903361,2024-04-11T08:13:17,7524343.999999994,2fa86d1e18cd8b55231333bdd04b33b68a2f2aa8,1407648
autoland,4663319,4,bf38f69fee000115871578b15786525e82952421,windows11-64-2009-shippable-qr,,True,,,102210fe594ee9b33d82058545b1ed14f4c8206e,,Base Content Explicit,True,Base Content Explicit opt fission,,77,bytes,,454525989,1873903536,2024-04-11T08:13:17,7524343.999999994,2fa86d1e18cd8b55231333bdd04b33b68a2f2aa8,1407648
autoland,4663319,4,bf38f69fee000115871578b15786525e82952421,windows11-64-2009-shippable-qr,,True,,,102210fe594ee9b33d82058545b1ed14f4c8206e,,Base Content Explicit,True,Base Content Explicit opt fission,,77,bytes,,454526093,1873903152,2024-04-11T08:17:15,7536143.999999997,620be7c98ea0c1971c2052c2ce32d529637eb5a8,1407654
autoland,4663319,4,bf38f69fee000115871578b15786525e82952421,windows11-64-2009-shippable-qr,,True,,,102210fe594ee9b33d82058545b1ed14f4c8206e,,Base Content Explicit,True,Base Content Explicit opt fission,,77,bytes,,454526095,1873903126,2024-04-11T08:17:15,7535527.999999998,620be7c98ea0c1971c2052c2ce32d529637eb5a8,1407654
autoland,4663319,4,bf38f69fee000115871578b15786525e82952421,windows11-64-2009-shippable-qr,,True,,,102210fe594ee9b33d82058545b1ed14f4c8206e,,Base Content Explicit,True,Base Content Explicit opt fission,,77,bytes,,454526096,1873903107,2024-04-11T08:17:15,7542680.000000003,620be7c98ea0c1971c2052c2ce32d529637eb5a8,1407654
autoland,4663319,4,bf38f69fee000115871578b15786525e82952421,windows11-64-2009-shippable-qr,,True,,,102210fe594ee9b33d82058545b1ed14f4c8206e,,Base Content Explicit,True,Base Content Explicit opt fission,,77,bytes,,454529156,1873903583,2024-04-11T08:40:57,7529751.999999994,6a7c866d716d4150c8061e2db4715d4c9aa8b7bd,1407662
autoland,4663319,4,bf38f69fee000115871578b15786525e82952421,windows11-64-2009-shippable-qr,,True,,,102210fe594ee9b33d82058545b1ed14f4c8206e,,Base Content Explicit,True,Base Content Explicit opt fission,,77,bytes,,454529158,1873903567,2024-04-11T08:40:57,7532055.9999999935,6a7c866d716d4150c8061e2db4715d4c9aa8b7bd,1407662
autoland,4663319,4,bf38f69fee000115871578b15786525e82952421,windows11-64-2009-shippable-qr,,True,,,102210fe594ee9b33d82058545b1ed14f4c8206e,,Base Content Explicit,True,Base Content Explicit opt fission,,77,bytes,,454529159,1873903490,2024-04-11T08:40:57,7536983.999999994,6a7c866d716d4150c8061e2db4715d4c9aa8b7bd,1407662
autoland,4663319,4,bf38f69fee000115871578b15786525e82952421,windows11-64-2009-shippable-qr,,True,,,102210fe594ee9b33d82058545b1ed14f4c8206e,,Base Content Explicit,True,Base Content Explicit opt fission,,77,bytes,,454529596,1873904655,2024-04-11T08:46:18,7528864.000000001,ee82a2666efedf1e3fcb19c5a699f9bc57be44b0,1407663
autoland,4663319,4,bf38f69fee000115871578b15786525e82952421,windows11-64-2009-shippable-qr,,True,,,102210fe594ee9b33d82058545b1ed14f4c8206e,,Base Content Explicit,True,Base Content Explicit opt fission,,77,bytes,,454529597,1873904627,2024-04-11T08:46:18,7522488.0000000065,ee82a2666efedf1e3fcb19c5a699f9bc57be44b0,1407663
autoland,4663319,4,bf38f69fee000115871578b15786525e82952421,windows11-64-2009-shippable-qr,,True,,,102210fe594ee9b33d82058545b1ed14f4c8206e,,Base Content Explicit,True,Base Content Explicit opt fission,,77,bytes,,454529598,1873904637,2024-04-11T08:46:18,7557096.0,ee82a2666efedf1e3fcb19c5a699f9bc57be44b0,1407663
autoland,4663319,4,bf38f69fee000115871578b15786525e82952421,windows11-64-2009-shippable-qr,,True,,,102210fe594ee9b33d82058545b1ed14f4c8206e,,Base Content Explicit,True,Base Content Explicit opt fission,,77,bytes,,454529375,1873904529,2024-04-11T08:47:51,7529576.000000003,94afb0a819376bd1115f3d00d775fa9beb02eb25,1407664
autoland,4663319,4,bf38f69fee000115871578b15786525e82952421,windows11-64-2009-shippable-qr,,True,,,102210fe594ee9b33d82058545b1ed14f4c8206e,,Base Content Explicit,True,Base Content Explicit opt fission,,77,bytes,,454529376,1873904577,2024-04-11T08:47:51,7542151.999999994,94afb0a819376bd1115f3d00d775fa9beb02eb25,1407664
autoland,4663319,4,bf38f69fee000115871578b15786525e82952421,windows11-64-2009-shippable-qr,,True,,,102210fe594ee9b33d82058545b1ed14f4c8206e,,Base Content Explicit,True,Base Content Explicit opt fission,,77,bytes,,454529377,1873904511,2024-04-11T08:47:51,7531736.000000005,94afb0a819376bd1115f3d00d775fa9beb02eb25,1407664
autoland,4663319,4,bf38f69fee000115871578b15786525e82952421,windows11-64-2009-shippable-qr,,True,,,102210fe594ee9b33d82058545b1ed14f4c8206e,,Base Content Explicit,True,Base Content Explicit opt fission,,77,bytes,,454529442,1873904584,2024-04-11T08:54:23,7528904.000000006,9d1a0dcb7da6db6424b17ada3828dee863bc2535,1407668
autoland,4663319,4,bf38f69fee000115871578b15786525e82952421,windows11-64-2009-shippable-qr,,True,,,102210fe594ee9b33d82058545b1ed14f4c8206e,,Base Content Explicit,True,Base Content Explicit opt fission,,77,bytes,,454529444,1873904738,2024-04-11T08:54:23,7530768.0,9d1a0dcb7da6db6424b17ada3828dee863bc2535,1407668
autoland,4663319,4,bf38f69fee000115871578b15786525e82952421,windows11-64-2009-shippable-qr,,True,,,102210fe594ee9b33d82058545b1ed14f4c8206e,,Base Content Explicit,True,Base Content Explicit opt fission,,77,bytes,,454529445,1873904593,2024-04-11T08:54:23,7537872.000000002,9d1a0dcb7da6db6424b17ada3828dee863bc2535,1407668
autoland,4663319,4,bf38f69fee000115871578b15786525e82952421,windows11-64-2009-shippable-qr,,True,,,102210fe594ee9b33d82058545b1ed14f4c8206e,,Base Content Explicit,True,Base Content Explicit opt fission,,77,bytes,,454529242,1873904436,2024-04-11T09:38:02,7527152.000000001,e7baaaa8ede3377cfc35993fb41875c1aeece484,1407694
autoland,4663319,4,bf38f69fee000115871578b15786525e82952421,windows11-64-2009-shippable-qr,,True,,,102210fe594ee9b33d82058545b1ed14f4c8206e,,Base Content Explicit,True,Base Content Explicit opt fission,,77,bytes,,454529243,1873904324,2024-04-11T09:38:02,7540543.999999997,e7baaaa8ede3377cfc35993fb41875c1aeece484,1407694
autoland,4663319,4,bf38f69fee000115871578b15786525e82952421,windows11-64-2009-shippable-qr,,True,,,102210fe594ee9b33d82058545b1ed14f4c8206e,,Base Content Explicit,True,Base Content Explicit opt fission,,77,bytes,,454529244,1873903935,2024-04-11T09:38:02,7533680.000000006,e7baaaa8ede3377cfc35993fb41875c1aeece484,1407694
autoland,4663319,4,bf38f69fee000115871578b15786525e82952421,windows11-64-2009-shippable-qr,,True,,,102210fe594ee9b33d82058545b1ed14f4c8206e,,Base Content Explicit,True,Base Content Explicit opt fission,,77,bytes,,454530978,1873915104,2024-04-11T09:41:46,7526176.000000004,cc4b3483c5c11d0e39498a2a349af2c684ec87e8,1407695
autoland,4663319,4,bf38f69fee000115871578b15786525e82952421,windows11-64-2009-shippable-qr,,True,,,102210fe594ee9b33d82058545b1ed14f4c8206e,,Base Content Explicit,True,Base Content Explicit opt fission,,77,bytes,,454530979,1873915122,2024-04-11T09:41:46,7521279.999999999,cc4b3483c5c11d0e39498a2a349af2c684ec87e8,1407695
autoland,4663319,4,bf38f69fee000115871578b15786525e82952421,windows11-64-2009-shippable-qr,,True,,,102210fe594ee9b33d82058545b1ed14f4c8206e,,Base Content Explicit,True,Base Content Explicit opt fission,,77,bytes,,454530980,1873915066,2024-04-11T09:41:46,7526439.999999999,cc4b3483c5c11d0e39498a2a349af2c684ec87e8,1407695
autoland,4663319,4,bf38f69fee000115871578b15786525e82952421,windows11-64-2009-shippable-qr,,True,,,102210fe594ee9b33d82058545b1ed14f4c8206e,,Base Content Explicit,True,Base Content Explicit opt fission,,77,bytes,,454526121,1873903175,2024-04-11T10:02:03,7530120.0,3531a1b13af357c4ab8ab15a364be1acf47aa2ce,1407706
autoland,4663319,4,bf38f69fee000115871578b15786525e82952421,windows11-64-2009-shippable-qr,,True,,,102210fe594ee9b33d82058545b1ed14f4c8206e,,Base Content Explicit,True,Base Content Explicit opt fission,,77,bytes,,454526122,1873903674,2024-04-11T10:02:03,7535080.000000006,3531a1b13af357c4ab8ab15a364be1acf47aa2ce,1407706
autoland,4663319,4,bf38f69fee000115871578b15786525e82952421,windows11-64-2009-shippable-qr,,True,,,102210fe594ee9b33d82058545b1ed14f4c8206e,,Base Content Explicit,True,Base Content Explicit opt fission,,77,bytes,,454526123,1873903222,2024-04-11T10:02:03,7524071.999999995,3531a1b13af357c4ab8ab15a364be1acf47aa2ce,1407706
autoland,4663319,4,bf38f69fee000115871578b15786525e82952421,windows11-64-2009-shippable-qr,,True,,,102210fe594ee9b33d82058545b1ed14f4c8206e,,Base Content Explicit,True,Base Content Explicit opt fission,,77,bytes,,454308521,1872639280,2024-04-11T11:27:44,7525759.999999999,747c6705d00627b032063055173575d6e6043880,1407747
autoland,4663319,4,bf38f69fee000115871578b15786525e82952421,windows11-64-2009-shippable-qr,,True,,,102210fe594ee9b33d82058545b1ed14f4c8206e,,Base Content Explicit,True,Base Content Explicit opt fission,,77,bytes,,454514333,1873862886,2024-04-11T11:27:44,7521160.000000002,747c6705d00627b032063055173575d6e6043880,1407747
autoland,4663319,4,bf38f69fee000115871578b15786525e82952421,windows11-64-2009-shippable-qr,,True,,,102210fe594ee9b33d82058545b1ed14f4c8206e,,Base Content Explicit,True,Base Content Explicit opt fission,,77,bytes,,454514334,1873862712,2024-04-11T11:27:44,7531855.999999997,747c6705d00627b032063055173575d6e6043880,1407747
autoland,4663319,4,bf38f69fee000115871578b15786525e82952421,windows11-64-2009-shippable-qr,,True,,,102210fe594ee9b33d82058545b1ed14f4c8206e,,Base Content Explicit,True,Base Content Explicit opt fission,,77,bytes,,454514335,1873862679,2024-04-11T11:27:44,7530127.999999999,747c6705d00627b032063055173575d6e6043880,1407747
autoland,4663319,4,bf38f69fee000115871578b15786525e82952421,windows11-64-2009-shippable-qr,,True,,,102210fe594ee9b33d82058545b1ed14f4c8206e,,Base Content Explicit,True,Base Content Explicit opt fission,,77,bytes,,454325190,1872755250,2024-04-11T15:41:30,7526728.000000001,bbca818d6385ef61c987f967ebccfe9df63fc36b,1407834
autoland,4663319,4,bf38f69fee000115871578b15786525e82952421,windows11-64-2009-shippable-qr,,True,,,102210fe594ee9b33d82058545b1ed14f4c8206e,,Base Content Explicit,True,Base Content Explicit opt fission,,77,bytes,,454339371,1872843009,2024-04-11T18:08:24,7522872.0,036ac9a41b52b5af1836d103d3a7aefad37e2b87,1407970
autoland,4663319,4,bf38f69fee000115871578b15786525e82952421,windows11-64-2009-shippable-qr,,True,,,102210fe594ee9b33d82058545b1ed14f4c8206e,,Base Content Explicit,True,Base Content Explicit opt fission,,77,bytes,,454371931,1872986998,2024-04-11T23:15:25,7534696.0,90ef908ff18573cca9f4f0e5d676df56875c68b5,1408175
autoland,4663319,4,bf38f69fee000115871578b15786525e82952421,windows11-64-2009-shippable-qr,,True,,,102210fe594ee9b33d82058545b1ed14f4c8206e,,Base Content Explicit,True,Base Content Explicit opt fission,,77,bytes,,454404794,1873188557,2024-04-12T14:13:45,7529920.000000004,be4463b26a49bdb9c791eaf7d0b41ff9eb0294d3,1408318
autoland,4663319,4,bf38f69fee000115871578b15786525e82952421,windows11-64-2009-shippable-qr,,True,,,102210fe594ee9b33d82058545b1ed14f4c8206e,,Base Content Explicit,True,Base Content Explicit opt fission,,77,bytes,,454423371,1873292365,2024-04-12T20:21:58,7531432.0000000065,5e5bc998487f4e6ee9fe6fe52ca5eb66cd37de03,1408379
autoland,4663319,4,bf38f69fee000115871578b15786525e82952421,windows11-64-2009-shippable-qr,,True,,,102210fe594ee9b33d82058545b1ed14f4c8206e,,Base Content Explicit,True,Base Content Explicit opt fission,,77,bytes,,454440824,1873410227,2024-04-13T06:05:05,7529792.000000002,39657b697a7ffcda0f07cae917b68f1e84f57d54,1408439
autoland,4663319,4,bf38f69fee000115871578b15786525e82952421,windows11-64-2009-shippable-qr,,True,,,102210fe594ee9b33d82058545b1ed14f4c8206e,,Base Content Explicit,True,Base Content Explicit opt fission,,77,bytes,,454464326,1873514768,2024-04-13T20:36:37,7518432.000000005,1dc823d4e96db6fe0450fcb588466eff7038b4cc,1408512
autoland,4663319,4,bf38f69fee000115871578b15786525e82952421,windows11-64-2009-shippable-qr,,True,,,102210fe594ee9b33d82058545b1ed14f4c8206e,,Base Content Explicit,True,Base Content Explicit opt fission,,77,bytes,,454484828,1873662302,2024-04-14T12:41:18,7525496.000000004,25a22c2f939167a119d912b3fe61312db879d576,1408562
autoland,4663319,4,bf38f69fee000115871578b15786525e82952421,windows11-64-2009-shippable-qr,,True,,,102210fe594ee9b33d82058545b1ed14f4c8206e,,Base Content Explicit,True,Base Content Explicit opt fission,,77,bytes,,454505996,1873807434,2024-04-15T00:20:26,7527728.000000006,8c457b0d7626241855c3c025a2531eb5f00b8cfc,1408605
autoland,4663319,4,bf38f69fee000115871578b15786525e82952421,windows11-64-2009-shippable-qr,,True,,,102210fe594ee9b33d82058545b1ed14f4c8206e,,Base Content Explicit,True,Base Content Explicit opt fission,,77,bytes,,454512140,1873847050,2024-04-15T05:51:41,7541703.999999996,4b17d2a2a7ae64b3c8d364d200a6b97cc636dffd,1408627
autoland,4663319,4,bf38f69fee000115871578b15786525e82952421,windows11-64-2009-shippable-qr,,True,,,102210fe594ee9b33d82058545b1ed14f4c8206e,,Base Content Explicit,True,Base Content Explicit opt fission,,77,bytes,,454540176,1873972948,2024-04-15T10:25:42,7533968.000000003,177f569e862519d4372977ba20b630f95e24ef1c,1408738
autoland,4663319,4,bf38f69fee000115871578b15786525e82952421,windows11-64-2009-shippable-qr,,True,,,102210fe594ee9b33d82058545b1ed14f4c8206e,,Base Content Explicit,True,Base Content Explicit opt fission,,77,bytes,,454575107,1874079498,2024-04-15T14:58:12,7527695.999999996,4897460458d13272e6016fd9e4c184c3c41cbd74,1408898
autoland,4663319,4,bf38f69fee000115871578b15786525e82952421,windows11-64-2009-shippable-qr,,True,,,102210fe594ee9b33d82058545b1ed14f4c8206e,,Base Content Explicit,True,Base Content Explicit opt fission,,77,bytes,,454611707,1874280461,2024-04-15T18:18:39,7536288.000000001,d49ecc17e4ae83fbccee8ffbe50a119039d1e408,1409057
autoland,4663319,4,bf38f69fee000115871578b15786525e82952421,windows11-64-2009-shippable-qr,,True,,,102210fe594ee9b33d82058545b1ed14f4c8206e,,Base Content Explicit,True,Base Content Explicit opt fission,,77,bytes,,454619696,1874327319,2024-04-15T20:13:44,7536240.0,8d488b7ac977a67ba128a580f6959fe058df2fe5,1409141
autoland,4663319,4,bf38f69fee000115871578b15786525e82952421,windows11-64-2009-shippable-qr,,True,,,102210fe594ee9b33d82058545b1ed14f4c8206e,,Base Content Explicit,True,Base Content Explicit opt fission,,77,bytes,,454632135,1874405701,2024-04-15T21:50:25,7537616.000000003,547363a98ae60f0645c5cc21aeecffb7e0ddb047,1409212
autoland,4663319,4,bf38f69fee000115871578b15786525e82952421,windows11-64-2009-shippable-qr,,True,,,102210fe594ee9b33d82058545b1ed14f4c8206e,,Base Content Explicit,True,Base Content Explicit opt fission,,77,bytes,,454646343,1874449255,2024-04-16T00:41:18,7527208.000000003,5a31505f08c64efa6eb7a8ed02d5e9c0db448e37,1409277
autoland,4663319,4,bf38f69fee000115871578b15786525e82952421,windows11-64-2009-shippable-qr,,True,,,102210fe594ee9b33d82058545b1ed14f4c8206e,,Base Content Explicit,True,Base Content Explicit opt fission,,77,bytes,,454675948,1874577062,2024-04-16T05:04:40,7536743.999999995,69a1a1d802b357216fef131d6ad99816defddc1f,1409360
autoland,4663319,4,bf38f69fee000115871578b15786525e82952421,windows11-64-2009-shippable-qr,,True,,,102210fe594ee9b33d82058545b1ed14f4c8206e,,Base Content Explicit,True,Base Content Explicit opt fission,,77,bytes,,454698439,1874646101,2024-04-16T09:18:49,7531047.999999999,2949cb403e680d76f7bcb101117ceefeb480b064,1409480
autoland,4663319,4,bf38f69fee000115871578b15786525e82952421,windows11-64-2009-shippable-qr,,True,,,102210fe594ee9b33d82058545b1ed14f4c8206e,,Base Content Explicit,True,Base Content Explicit opt fission,,77,bytes,,454713941,1874714405,2024-04-16T13:28:04,7550503.999999997,11d1c89ad8b2dad0cee1caf733cd833e448945eb,1409649
autoland,4663319,4,bf38f69fee000115871578b15786525e82952421,windows11-64-2009-shippable-qr,,True,,,102210fe594ee9b33d82058545b1ed14f4c8206e,,Base Content Explicit,True,Base Content Explicit opt fission,,77,bytes,,454741382,1874894685,2024-04-16T17:33:30,7524568.0,12c7f0b00cd7ce4e2edde6ff37daf12e807388b1,1409875
autoland,4663319,4,bf38f69fee000115871578b15786525e82952421,windows11-64-2009-shippable-qr,,True,,,102210fe594ee9b33d82058545b1ed14f4c8206e,,Base Content Explicit,True,Base Content Explicit opt fission,,77,bytes,,454760285,1874971896,2024-04-16T20:13:25,7526919.999999997,852d3945e38d8d16c4cf17918e862882d7ef363c,1409984
autoland,4663319,4,bf38f69fee000115871578b15786525e82952421,windows11-64-2009-shippable-qr,,True,,,102210fe594ee9b33d82058545b1ed14f4c8206e,,Base Content Explicit,True,Base Content Explicit opt fission,,77,bytes,,454778155,1875063325,2024-04-17T00:00:12,7531744.000000001,3f5bf473ca3cf95233298d16ad833028500755e6,1410132
autoland,4663319,4,bf38f69fee000115871578b15786525e82952421,windows11-64-2009-shippable-qr,,True,,,102210fe594ee9b33d82058545b1ed14f4c8206e,,Base Content Explicit,True,Base Content Explicit opt fission,,77,bytes,,454795109,1875178408,2024-04-17T04:14:52,7529855.9999999935,7900ea0538965c6aba695fd896a6e2833d781007,1410204
autoland,4663319,4,bf38f69fee000115871578b15786525e82952421,windows11-64-2009-shippable-qr,,True,,,102210fe594ee9b33d82058545b1ed14f4c8206e,,Base Content Explicit,True,Base Content Explicit opt fission,,77,bytes,,454825551,1875292727,2024-04-17T08:24:06,7520744.0000000065,acabdf625d68e5d96c49e0eebb5c71f4286e5ffd,1410333
autoland,4663319,4,bf38f69fee000115871578b15786525e82952421,windows11-64-2009-shippable-qr,,True,,,102210fe594ee9b33d82058545b1ed14f4c8206e,,Base Content Explicit,True,Base Content Explicit opt fission,,77,bytes,,454874194,1875475810,2024-04-17T13:57:03,7533896.0,57f6925a520cf97f4af35e42db00435e817475dc,1410569
autoland,4663319,4,bf38f69fee000115871578b15786525e82952421,windows11-64-2009-shippable-qr,,True,,,102210fe594ee9b33d82058545b1ed14f4c8206e,,Base Content Explicit,True,Base Content Explicit opt fission,,77,bytes,,454897062,1875575955,2024-04-17T18:33:15,7539160.0000000065,25500210a453fec07cc9d95612bbe778bae07f71,1410800
autoland,4663319,4,bf38f69fee000115871578b15786525e82952421,windows11-64-2009-shippable-qr,,True,,,102210fe594ee9b33d82058545b1ed14f4c8206e,,Base Content Explicit,True,Base Content Explicit opt fission,,77,bytes,,454938589,1875737418,2024-04-18T00:20:10,7533375.999999999,1bf7d54b4913d7994ed2ce4b07f0426fc70b4b7e,1411120
autoland,4663319,4,bf38f69fee000115871578b15786525e82952421,windows11-64-2009-shippable-qr,,True,,,102210fe594ee9b33d82058545b1ed14f4c8206e,,Base Content Explicit,True,Base Content Explicit opt fission,,77,bytes,,454954556,1875804249,2024-04-18T03:49:51,7539607.999999998,12adf93b9ad4085d4f0b493c368533bb040dce46,1411204
autoland,4663319,4,bf38f69fee000115871578b15786525e82952421,windows11-64-2009-shippable-qr,,True,,,102210fe594ee9b33d82058545b1ed14f4c8206e,,Base Content Explicit,True,Base Content Explicit opt fission,,77,bytes,,454970446,1875915528,2024-04-18T07:53:55,7543663.999999995,d4cde5148929d0d9587580bca2d37027d7424348,1411277
autoland,4663319,4,bf38f69fee000115871578b15786525e82952421,windows11-64-2009-shippable-qr,,True,,,102210fe594ee9b33d82058545b1ed14f4c8206e,,Base Content Explicit,True,Base Content Explicit opt fission,,77,bytes,,455011325,1876076477,2024-04-18T12:14:33,7532184.0000000065,123e0c272c21270c6f9a5e2fca3bfbc72c7b5ef9,1411435
autoland,4663319,4,bf38f69fee000115871578b15786525e82952421,windows11-64-2009-shippable-qr,,True,,,102210fe594ee9b33d82058545b1ed14f4c8206e,,Base Content Explicit,True,Base Content Explicit opt fission,,77,bytes,,455047059,1876228715,2024-04-18T15:42:46,7528303.999999995,257d3013546c7ec40031343c459162a0b69fa6f2,1411573
autoland,4663319,4,bf38f69fee000115871578b15786525e82952421,windows11-64-2009-shippable-qr,,True,,,102210fe594ee9b33d82058545b1ed14f4c8206e,,Base Content Explicit,True,Base Content Explicit opt fission,,77,bytes,,455065680,1876306341,2024-04-18T18:28:28,7523743.999999997,0f5d446707971afc1fab01c0a28b208101241b8a,1411727
autoland,4663319,4,bf38f69fee000115871578b15786525e82952421,windows11-64-2009-shippable-qr,,True,,,102210fe594ee9b33d82058545b1ed14f4c8206e,,Base Content Explicit,True,Base Content Explicit opt fission,,77,bytes,,455087820,1876442545,2024-04-18T21:15:15,7537975.9999999935,eed297665148d999a1c59d7d6e66f6973e0dd84c,1411845
autoland,4663319,4,bf38f69fee000115871578b15786525e82952421,windows11-64-2009-shippable-qr,,True,,,102210fe594ee9b33d82058545b1ed14f4c8206e,,Base Content Explicit,True,Base Content Explicit opt fission,,77,bytes,,455109587,1876633581,2024-04-19T01:55:54,7539320.000000002,3e097fca93b9af809ad16ed1d5f0bdd874f8f8e2,1411981
autoland,4663319,4,bf38f69fee000115871578b15786525e82952421,windows11-64-2009-shippable-qr,,True,,,102210fe594ee9b33d82058545b1ed14f4c8206e,,Base Content Explicit,True,Base Content Explicit opt fission,,77,bytes,,455119991,1876787754,2024-04-19T06:08:52,7528096.000000002,99364906cd1d11016d0fc2dc03a8b7fd11705aa4,1412057
autoland,4663319,4,bf38f69fee000115871578b15786525e82952421,windows11-64-2009-shippable-qr,,True,,,102210fe594ee9b33d82058545b1ed14f4c8206e,,Base Content Explicit,True,Base Content Explicit opt fission,,77,bytes,,455148218,1876942833,2024-04-19T10:27:22,7546399.9999999935,465ebfc7da3d3a6de812574016249ab37ab8605c,1412150
autoland,4663319,4,bf38f69fee000115871578b15786525e82952421,windows11-64-2009-shippable-qr,,True,,,102210fe594ee9b33d82058545b1ed14f4c8206e,,Base Content Explicit,True,Base Content Explicit opt fission,,77,bytes,,455185415,1877090552,2024-04-19T14:48:08,7530207.999999994,4b196ac64ccbf1061ee2c2835e31fe8b071b9099,1412270
autoland,4663319,4,bf38f69fee000115871578b15786525e82952421,windows11-64-2009-shippable-qr,,True,,,102210fe594ee9b33d82058545b1ed14f4c8206e,,Base Content Explicit,True,Base Content Explicit opt fission,,77,bytes,,455215091,1877249695,2024-04-19T18:48:31,7545479.999999994,cf54488baa94dff90075eb1c2e96afc7353a4eee,1412477
autoland,4663319,4,bf38f69fee000115871578b15786525e82952421,windows11-64-2009-shippable-qr,,True,,,102210fe594ee9b33d82058545b1ed14f4c8206e,,Base Content Explicit,True,Base Content Explicit opt fission,,77,bytes,,455243098,1877425086,2024-04-19T22:58:06,7552528.000000004,fd56e5907d69d8a14032cc7ec308f013a266ee16,1412613
autoland,4663319,4,bf38f69fee000115871578b15786525e82952421,windows11-64-2009-shippable-qr,,True,,,102210fe594ee9b33d82058545b1ed14f4c8206e,,Base Content Explicit,True,Base Content Explicit opt fission,,77,bytes,,455253690,1877512602,2024-04-20T05:31:24,7543528.000000004,4797f0a19ccc6dca6f6aa6710f76967e23ba6276,1412701
autoland,4663319,4,bf38f69fee000115871578b15786525e82952421,windows11-64-2009-shippable-qr,,True,,,102210fe594ee9b33d82058545b1ed14f4c8206e,,Base Content Explicit,True,Base Content Explicit opt fission,,77,bytes,,455283695,1877629900,2024-04-20T15:42:35,7528943.999999999,f5d9ea237d971478f314e77299398079989b786c,1412749
autoland,4663319,4,bf38f69fee000115871578b15786525e82952421,windows11-64-2009-shippable-qr,,True,,,102210fe594ee9b33d82058545b1ed14f4c8206e,,Base Content Explicit,True,Base Content Explicit opt fission,,77,bytes,,455289364,1877670975,2024-04-21T00:18:25,7519480.000000002,65ceed609eb489d653eefc7e22fa34f869027a26,1412781
autoland,4663319,4,bf38f69fee000115871578b15786525e82952421,windows11-64-2009-shippable-qr,,True,,,102210fe594ee9b33d82058545b1ed14f4c8206e,,Base Content Explicit,True,Base Content Explicit opt fission,,77,bytes,,455325926,1877858516,2024-04-21T21:40:30,7535760.000000006,400d4e6908a3aef8f83ae4db204d62e3e028f704,1412843
autoland,4663319,4,bf38f69fee000115871578b15786525e82952421,windows11-64-2009-shippable-qr,,True,,,102210fe594ee9b33d82058545b1ed14f4c8206e,,Base Content Explicit,True,Base Content Explicit opt fission,,77,bytes,,455334938,1877954160,2024-04-22T04:00:04,7532903.999999995,d4a6129fdbbe32300d5069df6ce47dd92f665c96,1412913
autoland,4663319,4,bf38f69fee000115871578b15786525e82952421,windows11-64-2009-shippable-qr,,True,,,102210fe594ee9b33d82058545b1ed14f4c8206e,,Base Content Explicit,True,Base Content Explicit opt fission,,77,bytes,,455348757,1878025370,2024-04-22T08:07:09,7529487.9999999935,5a83d047329402d960e6c402c6deb27927a436c9,1412944
autoland,4663319,4,bf38f69fee000115871578b15786525e82952421,windows11-64-2009-shippable-qr,,True,,,102210fe594ee9b33d82058545b1ed14f4c8206e,,Base Content Explicit,True,Base Content Explicit opt fission,,77,bytes,,455389343,1878178490,2024-04-22T12:07:57,7534536.000000005,1c34b0b26d5a556ee695c70bd744ca9f129f456e,1413048
autoland,4663319,4,bf38f69fee000115871578b15786525e82952421,windows11-64-2009-shippable-qr,,True,,,102210fe594ee9b33d82058545b1ed14f4c8206e,,Base Content Explicit,True,Base Content Explicit opt fission,,77,bytes,,455437984,1878353748,2024-04-22T19:20:17,7537071.999999997,ed724b89a2c25252a6eab99f0fa48f85f2523b66,1413379
autoland,4663319,4,bf38f69fee000115871578b15786525e82952421,windows11-64-2009-shippable-qr,,True,,,102210fe594ee9b33d82058545b1ed14f4c8206e,,Base Content Explicit,True,Base Content Explicit opt fission,,77,bytes,,455469958,1878514568,2024-04-22T23:20:55,7536432.0000000065,294255d7250372c7cd6256cb6d1da23325d1f728,1413581
autoland,4663319,4,bf38f69fee000115871578b15786525e82952421,windows11-64-2009-shippable-qr,,True,,,102210fe594ee9b33d82058545b1ed14f4c8206e,,Base Content Explicit,True,Base Content Explicit opt fission,,77,bytes,,455487940,1878641566,2024-04-23T03:59:43,7527503.999999998,074d29b6e81d7fbf5ac7dea664ffea6a59b41b80,1413693
autoland,4663319,4,bf38f69fee000115871578b15786525e82952421,windows11-64-2009-shippable-qr,,True,,,102210fe594ee9b33d82058545b1ed14f4c8206e,,Base Content Explicit,True,Base Content Explicit opt fission,,77,bytes,,455500671,1878734195,2024-04-23T08:01:00,7536304.000000004,5519716422b3e14060894caded45bac7a3aeb773,1413770
autoland,4663319,4,bf38f69fee000115871578b15786525e82952421,windows11-64-2009-shippable-qr,,True,,,102210fe594ee9b33d82058545b1ed14f4c8206e,,Base Content Explicit,True,Base Content Explicit opt fission,,77,bytes,,455540567,1878872812,2024-04-23T11:54:58,7524583.999999995,d0b5d121d8fc8ffddbec3e026a455ecfe0071347,1413921
autoland,4663319,4,bf38f69fee000115871578b15786525e82952421,windows11-64-2009-shippable-qr,,True,,,102210fe594ee9b33d82058545b1ed14f4c8206e,,Base Content Explicit,True,Base Content Explicit opt fission,,77,bytes,,455563298,1879037320,2024-04-23T15:44:45,7540992.000000004,058dc2e8394c7361874508e49f2bbbfc3173f1a9,1414120
autoland,4663319,4,bf38f69fee000115871578b15786525e82952421,windows11-64-2009-shippable-qr,,True,,,102210fe594ee9b33d82058545b1ed14f4c8206e,,Base Content Explicit,True,Base Content Explicit opt fission,,77,bytes,,455587478,1879220546,2024-04-23T18:21:27,7527368.000000004,1c40eb01d534a1c361c5c6fe0b3fdc64aed2c883,1414216
autoland,4663319,4,bf38f69fee000115871578b15786525e82952421,windows11-64-2009-shippable-qr,,True,,,102210fe594ee9b33d82058545b1ed14f4c8206e,,Base Content Explicit,True,Base Content Explicit opt fission,,77,bytes,,455614393,1879344466,2024-04-23T22:59:53,7542304.000000001,b516592332299274cdbcfd113f1d8a97cc0ee8af,1414419
autoland,4663319,4,bf38f69fee000115871578b15786525e82952421,windows11-64-2009-shippable-qr,,True,,,102210fe594ee9b33d82058545b1ed14f4c8206e,,Base Content Explicit,True,Base Content Explicit opt fission,,77,bytes,,455629278,1879419268,2024-04-24T03:55:37,7535039.999999995,3de3f9428f138bf269718fceb36c5112a195ca37,1414529
autoland,4663319,4,bf38f69fee000115871578b15786525e82952421,windows11-64-2009-shippable-qr,,True,,,102210fe594ee9b33d82058545b1ed14f4c8206e,,Base Content Explicit,True,Base Content Explicit opt fission,,77,bytes,,455653700,1879589461,2024-04-24T07:56:15,7535568.0000000065,fd7d96cffddb9a76a1ecc148c3b284e8003fe6b9,1414632
autoland,4663319,4,bf38f69fee000115871578b15786525e82952421,windows11-64-2009-shippable-qr,,True,,,102210fe594ee9b33d82058545b1ed14f4c8206e,,Base Content Explicit,True,Base Content Explicit opt fission,,77,bytes,,455699007,1879775224,2024-04-24T12:15:38,7527408.000000003,87963547052db96296ae50e55c8266cbfc3bd922,1414844
autoland,4663319,4,bf38f69fee000115871578b15786525e82952421,windows11-64-2009-shippable-qr,,True,,,102210fe594ee9b33d82058545b1ed14f4c8206e,,Base Content Explicit,True,Base Content Explicit opt fission,,77,bytes,,455758053,145910,2024-04-25T00:20:54,7537448.000000006,ec5140ea1b1384a44d1ce6e0271fc97472399e96,1415370
autoland,4663319,4,bf38f69fee000115871578b15786525e82952421,windows11-64-2009-shippable-qr,,True,,,102210fe594ee9b33d82058545b1ed14f4c8206e,,Base Content Explicit,True,Base Content Explicit opt fission,,77,bytes,,455774719,213078,2024-04-25T02:34:18,7533144.000000001,cffa531d3b2e833bda2b3f035d37edb92f838428,1415633
autoland,4663319,4,bf38f69fee000115871578b15786525e82952421,windows11-64-2009-shippable-qr,,True,,,102210fe594ee9b33d82058545b1ed14f4c8206e,,Base Content Explicit,True,Base Content Explicit opt fission,,77,bytes,,455789626,297997,2024-04-25T05:01:58,7539567.999999996,792c9892791495e8f13e77e5a78bfda83ab7a455,1415718
autoland,4663319,4,bf38f69fee000115871578b15786525e82952421,windows11-64-2009-shippable-qr,,True,,,102210fe594ee9b33d82058545b1ed14f4c8206e,,Base Content Explicit,True,Base Content Explicit opt fission,,77,bytes,,455809330,470391,2024-04-25T09:09:49,7548960.000000005,5b0d6bb6f3780aaf074d79548381fd6e7a565b85,1415822
autoland,4663319,4,bf38f69fee000115871578b15786525e82952421,windows11-64-2009-shippable-qr,,True,,,102210fe594ee9b33d82058545b1ed14f4c8206e,,Base Content Explicit,True,Base Content Explicit opt fission,,77,bytes,,455865132,678217,2024-04-25T13:10:04,7538335.999999994,88f7b12683ce863c6ca742ac14e176ee045383bd,1416008
autoland,4663319,4,bf38f69fee000115871578b15786525e82952421,windows11-64-2009-shippable-qr,,True,,,102210fe594ee9b33d82058545b1ed14f4c8206e,,Base Content Explicit,True,Base Content Explicit opt fission,,77,bytes,,455879453,756262,2024-04-25T16:29:00,7533968.000000003,6611338ffbdafbbc5b82211b1c255353bdb30763,1416183
autoland,4663319,4,bf38f69fee000115871578b15786525e82952421,windows11-64-2009-shippable-qr,,True,,,102210fe594ee9b33d82058545b1ed14f4c8206e,,Base Content Explicit,True,Base Content Explicit opt fission,,77,bytes,,455929364,937486,2024-04-25T21:12:20,7632312.000000002,6a497992821d53c3704819a4f43c6a7d3234c5a2,1416361
autoland,4663319,4,bf38f69fee000115871578b15786525e82952421,windows11-64-2009-shippable-qr,,True,,,102210fe594ee9b33d82058545b1ed14f4c8206e,,Base Content Explicit,True,Base Content Explicit opt fission,,77,bytes,,455944086,1022044,2024-04-26T01:33:24,7546328.000000004,b89431ee0f24bcb481d894ad21288e4f09e1960d,1416487
autoland,4663319,4,bf38f69fee000115871578b15786525e82952421,windows11-64-2009-shippable-qr,,True,,,102210fe594ee9b33d82058545b1ed14f4c8206e,,Base Content Explicit,True,Base Content Explicit opt fission,,77,bytes,,455960859,1136765,2024-04-26T05:34:38,7536695.999999996,ed2448d27fe2e034cd5804dc7310c3f72ac2eaa5,1416537
autoland,4663319,4,bf38f69fee000115871578b15786525e82952421,windows11-64-2009-shippable-qr,,True,,,102210fe594ee9b33d82058545b1ed14f4c8206e,,Base Content Explicit,True,Base Content Explicit opt fission,,77,bytes,,455998529,1301435,2024-04-26T09:39:43,7531304.000000005,c8be3827903b85cfb4313957b4f308f696d3b0fe,1416671
autoland,4663319,4,bf38f69fee000115871578b15786525e82952421,windows11-64-2009-shippable-qr,,True,,,102210fe594ee9b33d82058545b1ed14f4c8206e,,Base Content Explicit,True,Base Content Explicit opt fission,,77,bytes,,456031110,1420334,2024-04-26T13:51:38,7534464.000000001,462f013c08cacd7abfae1f2d1bf26354372a829f,1416831
autoland,4663319,4,bf38f69fee000115871578b15786525e82952421,windows11-64-2009-shippable-qr,,True,,,102210fe594ee9b33d82058545b1ed14f4c8206e,,Base Content Explicit,True,Base Content Explicit opt fission,,77,bytes,,456055952,1537106,2024-04-26T17:53:01,7522623.999999996,ed101e266315213d1ad0a423c49bade6ff5df172,1417003
autoland,4663319,4,bf38f69fee000115871578b15786525e82952421,windows11-64-2009-shippable-qr,,True,,,102210fe594ee9b33d82058545b1ed14f4c8206e,,Base Content Explicit,True,Base Content Explicit opt fission,,77,bytes,,456082620,1664032,2024-04-26T22:54:36,7531167.999999994,7b85c82d731ddab976c6abe7e54685cacaebba41,1417188
autoland,4663319,4,bf38f69fee000115871578b15786525e82952421,windows11-64-2009-shippable-qr,,True,,,102210fe594ee9b33d82058545b1ed14f4c8206e,,Base Content Explicit,True,Base Content Explicit opt fission,,77,bytes,,456094440,1756699,2024-04-27T03:46:15,7536255.999999998,45defed78aafc90410c68310027bf771bcfc5968,1417229
autoland,4663319,4,bf38f69fee000115871578b15786525e82952421,windows11-64-2009-shippable-qr,,True,,,102210fe594ee9b33d82058545b1ed14f4c8206e,,Base Content Explicit,True,Base Content Explicit opt fission,,77,bytes,,456116532,1847429,2024-04-27T10:47:32,7525816.000000003,b694b588a2936a5c99a0ecf2d9d8fb6382a2bff4,1417256
autoland,4663319,4,bf38f69fee000115871578b15786525e82952421,windows11-64-2009-shippable-qr,,True,,,102210fe594ee9b33d82058545b1ed14f4c8206e,,Base Content Explicit,True,Base Content Explicit opt fission,,77,bytes,,456136528,1950170,2024-04-27T18:43:51,7526128.0,69bb72420e433fa8d66fff354e5ce90402289ac1,1417294
autoland,4663319,4,bf38f69fee000115871578b15786525e82952421,windows11-64-2009-shippable-qr,,True,,,102210fe594ee9b33d82058545b1ed14f4c8206e,,Base Content Explicit,True,Base Content Explicit opt fission,,77,bytes,,456151294,2014110,2024-04-27T22:45:22,7535016.000000006,8256dde0533523666a60914881f81717e1705f8a,1417317
autoland,4663319,4,bf38f69fee000115871578b15786525e82952421,windows11-64-2009-shippable-qr,,True,,,102210fe594ee9b33d82058545b1ed14f4c8206e,,Base Content Explicit,True,Base Content Explicit opt fission,,77,bytes,,456157096,2049768,2024-04-28T03:23:06,7541231.999999995,d1651fe33156a2aab5884ab1eaaaa8c5dd64631d,1417329
autoland,4663319,4,bf38f69fee000115871578b15786525e82952421,windows11-64-2009-shippable-qr,,True,,,102210fe594ee9b33d82058545b1ed14f4c8206e,,Base Content Explicit,True,Base Content Explicit opt fission,,77,bytes,,456181154,2146109,2024-04-28T10:04:44,7539064.000000004,e479324bc8bb9135d7a48ad8ebc677725f27de37,1417378
autoland,4663319,4,bf38f69fee000115871578b15786525e82952421,windows11-64-2009-shippable-qr,,True,,,102210fe594ee9b33d82058545b1ed14f4c8206e,,Base Content Explicit,True,Base Content Explicit opt fission,,77,bytes,,456187980,2183233,2024-04-28T14:13:44,7534616.000000002,f157e5d64220507743654737cdd9b5e74f4f3ed5,1417383
autoland,4663319,4,bf38f69fee000115871578b15786525e82952421,windows11-64-2009-shippable-qr,,True,,,102210fe594ee9b33d82058545b1ed14f4c8206e,,Base Content Explicit,True,Base Content Explicit opt fission,,77,bytes,,456192138,2218695,2024-04-28T19:02:33,7536855.999999996,717a883474bedbbf5f420ffd52c76d3f6d4b910d,1417402
autoland,4663319,4,bf38f69fee000115871578b15786525e82952421,windows11-64-2009-shippable-qr,,True,,,102210fe594ee9b33d82058545b1ed14f4c8206e,,Base Content Explicit,True,Base Content Explicit opt fission,,77,bytes,,456208282,2280396,2024-04-29T00:22:43,7532304.000000001,0481d43263e16ab0b359e3c85888197704857817,1417434
autoland,4663319,4,bf38f69fee000115871578b15786525e82952421,windows11-64-2009-shippable-qr,,True,,,102210fe594ee9b33d82058545b1ed14f4c8206e,,Base Content Explicit,True,Base Content Explicit opt fission,,77,bytes,,456217021,2353965,2024-04-29T06:17:09,7550288.000000002,6b17c605c084e2db078b234e703a176d3b427fe1,1417456
autoland,4663319,4,bf38f69fee000115871578b15786525e82952421,windows11-64-2009-shippable-qr,,True,,,102210fe594ee9b33d82058545b1ed14f4c8206e,,Base Content Explicit,True,Base Content Explicit opt fission,,77,bytes,,456250528,2527324,2024-04-29T10:38:34,7534647.999999998,04a668ef9c909b54153526f6b4e28b4287e80664,1417565
autoland,4663319,4,bf38f69fee000115871578b15786525e82952421,windows11-64-2009-shippable-qr,,True,,,102210fe594ee9b33d82058545b1ed14f4c8206e,,Base Content Explicit,True,Base Content Explicit opt fission,,77,bytes,,456295073,2681910,2024-04-29T14:46:23,7526728.000000001,650dda9187436a12c66c2e81441e68e1d481e164,1417768
autoland,4663319,4,bf38f69fee000115871578b15786525e82952421,windows11-64-2009-shippable-qr,,True,,,102210fe594ee9b33d82058545b1ed14f4c8206e,,Base Content Explicit,True,Base Content Explicit opt fission,,77,bytes,,456339293,2956716,2024-04-29T19:52:22,7546992.000000002,e9cdeeb2f957d210479897325c1d72ded8f512a4,1418020
autoland,4663319,4,bf38f69fee000115871578b15786525e82952421,windows11-64-2009-shippable-qr,,True,,,102210fe594ee9b33d82058545b1ed14f4c8206e,,Base Content Explicit,True,Base Content Explicit opt fission,,77,bytes,,456368058,3064736,2024-04-30T00:02:50,7543823.999999994,660a39c9cdc7fc3c728c5da5ccaa8856854fa346,1418169
autoland,4663319,4,bf38f69fee000115871578b15786525e82952421,windows11-64-2009-shippable-qr,,True,,,102210fe594ee9b33d82058545b1ed14f4c8206e,,Base Content Explicit,True,Base Content Explicit opt fission,,77,bytes,,456379424,3131365,2024-04-30T05:00:53,7532672.0,0c6cd807867dbaf592b3c7db4eef81220fe03acf,1418256
autoland,4663319,4,bf38f69fee000115871578b15786525e82952421,windows11-64-2009-shippable-qr,,True,,,102210fe594ee9b33d82058545b1ed14f4c8206e,,Base Content Explicit,True,Base Content Explicit opt fission,,77,bytes,,456398224,3230268,2024-04-30T09:02:30,7518191.999999995,5502377f2629549b2b7c5368c980d0487ed281d4,1418348
autoland,4663319,4,bf38f69fee000115871578b15786525e82952421,windows11-64-2009-shippable-qr,,True,,,102210fe594ee9b33d82058545b1ed14f4c8206e,,Base Content Explicit,True,Base Content Explicit opt fission,,77,bytes,,456450152,3421192,2024-04-30T13:09:55,7529456.000000006,df31c6244c03bc65932fec706fefedf091587459,1418487
autoland,4663319,4,bf38f69fee000115871578b15786525e82952421,windows11-64-2009-shippable-qr,,True,,,102210fe594ee9b33d82058545b1ed14f4c8206e,,Base Content Explicit,True,Base Content Explicit opt fission,,77,bytes,,456464012,3531653,2024-04-30T16:26:23,7538928.000000003,8f7500d7e530d9db7e5101922db97ea633705f4e,1418685
autoland,4663319,4,bf38f69fee000115871578b15786525e82952421,windows11-64-2009-shippable-qr,,True,,,102210fe594ee9b33d82058545b1ed14f4c8206e,,Base Content Explicit,True,Base Content Explicit opt fission,,77,bytes,,456483261,3608096,2024-04-30T19:24:53,7536624.0000000065,ec8f015d7e7237118cd2c9633310bf3b43bc902b,1418797
autoland,4663319,4,bf38f69fee000115871578b15786525e82952421,windows11-64-2009-shippable-qr,,True,,,102210fe594ee9b33d82058545b1ed14f4c8206e,,Base Content Explicit,True,Base Content Explicit opt fission,,77,bytes,,456514401,3740794,2024-04-30T23:32:26,7538624.000000006,cd22a3f9463d7df724c7e17c83b6f9d8fe0dd54e,1418926
autoland,4663319,4,bf38f69fee000115871578b15786525e82952421,windows11-64-2009-shippable-qr,,True,,,102210fe594ee9b33d82058545b1ed14f4c8206e,,Base Content Explicit,True,Base Content Explicit opt fission,,77,bytes,,456524151,3822596,2024-05-01T03:47:22,7525496.000000004,5801de1f3daa092cf721149dc96e7b073c172a92,1419018
autoland,4663319,4,bf38f69fee000115871578b15786525e82952421,windows11-64-2009-shippable-qr,,True,,,102210fe594ee9b33d82058545b1ed14f4c8206e,,Base Content Explicit,True,Base Content Explicit opt fission,,77,bytes,,456540201,3901469,2024-05-01T07:50:28,7536832.0,287f670c824ebf9c8dbde990f795f92c94af4882,1419058
autoland,4663319,4,bf38f69fee000115871578b15786525e82952421,windows11-64-2009-shippable-qr,,True,,,102210fe594ee9b33d82058545b1ed14f4c8206e,,Base Content Explicit,True,Base Content Explicit opt fission,,77,bytes,,456581140,4084738,2024-05-01T18:27:07,7528671.999999996,0c09216614e40f92d253d63a3699eb680be6773a,1419281
autoland,4663319,4,bf38f69fee000115871578b15786525e82952421,windows11-64-2009-shippable-qr,,True,,,102210fe594ee9b33d82058545b1ed14f4c8206e,,Base Content Explicit,True,Base Content Explicit opt fission,,77,bytes,,456605189,4213910,2024-05-01T20:27:27,7526439.999999999,b8f4a7d4d873dccbf25b9bc2f3510753c2b3fde7,1419379
autoland,4663319,4,bf38f69fee000115871578b15786525e82952421,windows11-64-2009-shippable-qr,,True,,,102210fe594ee9b33d82058545b1ed14f4c8206e,,Base Content Explicit,True,Base Content Explicit opt fission,,77,bytes,,456615935,4281335,2024-05-01T23:13:57,7528391.999999998,533fbd9c5056d0b2611e332cddafd7337193d64f,1419453
autoland,4663319,4,bf38f69fee000115871578b15786525e82952421,windows11-64-2009-shippable-qr,,True,,,102210fe594ee9b33d82058545b1ed14f4c8206e,,Base Content Explicit,True,Base Content Explicit opt fission,,77,bytes,,456638885,4398653,2024-05-02T04:22:12,7591024.0,dda5d5286866494223d6cc52382d52032d961218,1419529
autoland,4663319,4,bf38f69fee000115871578b15786525e82952421,windows11-64-2009-shippable-qr,,True,,,102210fe594ee9b33d82058545b1ed14f4c8206e,,Base Content Explicit,True,Base Content Explicit opt fission,,77,bytes,,456663605,4572212,2024-05-02T08:48:43,7641904.000000006,8f1e622a3413df009913d856f603c77b8e637efc,1419618
autoland,4663319,4,bf38f69fee000115871578b15786525e82952421,windows11-64-2009-shippable-qr,,True,,,102210fe594ee9b33d82058545b1ed14f4c8206e,,Base Content Explicit,True,Base Content Explicit opt fission,,77,bytes,,456699845,4779890,2024-05-02T12:53:32,7543039.999999995,ea25d02dac47e6880ab5b936adc308c24cbeab32,1419765
autoland,4663319,4,bf38f69fee000115871578b15786525e82952421,windows11-64-2009-shippable-qr,,True,,,102210fe594ee9b33d82058545b1ed14f4c8206e,,Base Content Explicit,True,Base Content Explicit opt fission,,77,bytes,,456721374,4872346,2024-05-02T15:44:03,7526351.999999999,91cfcfc5935b5ac51c36c1a08a064c33a2d96fd5,1419950
autoland,4663319,4,bf38f69fee000115871578b15786525e82952421,windows11-64-2009-shippable-qr,,True,,,102210fe594ee9b33d82058545b1ed14f4c8206e,,Base Content Explicit,True,Base Content Explicit opt fission,,77,bytes,,456738985,4971292,2024-05-02T17:57:36,7531680.000000005,3a0b95c0a8b3e334c5811a26420f39aaba7e5be3,1420053
autoland,4663319,4,bf38f69fee000115871578b15786525e82952421,windows11-64-2009-shippable-qr,,True,,,102210fe594ee9b33d82058545b1ed14f4c8206e,,Base Content Explicit,True,Base Content Explicit opt fission,,77,bytes,,456777402,5128481,2024-05-02T23:51:01,7531927.999999998,f5cfc0ea73926b119ca193381efffbfa5859d867,1420328
autoland,4663319,4,bf38f69fee000115871578b15786525e82952421,windows11-64-2009-shippable-qr,,True,,,102210fe594ee9b33d82058545b1ed14f4c8206e,,Base Content Explicit,True,Base Content Explicit opt fission,,77,bytes,,456791701,5248944,2024-05-03T04:04:06,7540695.999999995,c5c13444d9afc38f2ee8d567a1a17f26a9b6659b,1420386
autoland,4663319,4,bf38f69fee000115871578b15786525e82952421,windows11-64-2009-shippable-qr,,True,,,102210fe594ee9b33d82058545b1ed14f4c8206e,,Base Content Explicit,True,Base Content Explicit opt fission,,77,bytes,,456817332,5366216,2024-05-03T08:10:40,7525552.000000006,fd534101970b397f34b099196fabc43b927c7fcf,1420452
autoland,4663319,4,bf38f69fee000115871578b15786525e82952421,windows11-64-2009-shippable-qr,,True,,,102210fe594ee9b33d82058545b1ed14f4c8206e,,Base Content Explicit,True,Base Content Explicit opt fission,,77,bytes,,456870253,5610428,2024-05-03T12:18:12,7533744.000000002,e91d8e436dcc57f87d15822b1dc5b12644cb980e,1420590
autoland,4663319,4,bf38f69fee000115871578b15786525e82952421,windows11-64-2009-shippable-qr,,True,,,102210fe594ee9b33d82058545b1ed14f4c8206e,,Base Content Explicit,True,Base Content Explicit opt fission,,77,bytes,,456889741,5766344,2024-05-03T16:29:14,7532808.000000003,0a8a8f84140a331e815f8520a76a3c928e4486ea,1420823
autoland,4663319,4,bf38f69fee000115871578b15786525e82952421,windows11-64-2009-shippable-qr,,True,,,102210fe594ee9b33d82058545b1ed14f4c8206e,,Base Content Explicit,True,Base Content Explicit opt fission,,77,bytes,,456908969,5916228,2024-05-03T19:41:01,7531959.9999999935,1e88e24f01e40c6d9b7e3f222f4fbb0d55c9639d,1420975
autoland,4663319,4,bf38f69fee000115871578b15786525e82952421,windows11-64-2009-shippable-qr,,True,,,102210fe594ee9b33d82058545b1ed14f4c8206e,,Base Content Explicit,True,Base Content Explicit opt fission,,77,bytes,,456935259,6088644,2024-05-04T00:06:35,7529735.999999994,b5ebcaf20c9cca5a0f4b965c398f0f26296df1b5,1421120
autoland,4663319,4,bf38f69fee000115871578b15786525e82952421,windows11-64-2009-shippable-qr,,True,,,102210fe594ee9b33d82058545b1ed14f4c8206e,,Base Content Explicit,True,Base Content Explicit opt fission,,77,bytes,,456959867,6229588,2024-05-04T09:19:48,7537840.0000000065,a546ec29a8018c8e98e738460e9bdfd5d4003690,1421174
autoland,4663319,4,bf38f69fee000115871578b15786525e82952421,windows11-64-2009-shippable-qr,,True,,,102210fe594ee9b33d82058545b1ed14f4c8206e,,Base Content Explicit,True,Base Content Explicit opt fission,,77,bytes,,456980040,6356982,2024-05-04T19:44:42,7536047.999999995,422a6a673019bc0e2dfd459eceee9594246a0a9d,1421318
autoland,4663319,4,bf38f69fee000115871578b15786525e82952421,windows11-64-2009-shippable-qr,,True,,,102210fe594ee9b33d82058545b1ed14f4c8206e,,Base Content Explicit,True,Base Content Explicit opt fission,,77,bytes,,456996493,6413468,2024-05-05T00:17:27,7527927.999999995,1343ec609dea28acb4b297bebd481211e1742b11,1421344
autoland,4663319,4,bf38f69fee000115871578b15786525e82952421,windows11-64-2009-shippable-qr,,True,,,102210fe594ee9b33d82058545b1ed14f4c8206e,,Base Content Explicit,True,Base Content Explicit opt fission,,77,bytes,,457010602,6513355,2024-05-05T08:06:08,7539496.000000001,5c3e0ef9b916432dfc42f800c3c7997f58ae5a63,1421422
autoland,4663319,4,bf38f69fee000115871578b15786525e82952421,windows11-64-2009-shippable-qr,,True,,,102210fe594ee9b33d82058545b1ed14f4c8206e,,Base Content Explicit,True,Base Content Explicit opt fission,,77,bytes,,457031875,6631444,2024-05-05T13:09:56,7540783.999999994,286a373804e5360a54d51ec691ba7bfd02def155,1421444
autoland,4663319,4,bf38f69fee000115871578b15786525e82952421,windows11-64-2009-shippable-qr,,True,,,102210fe594ee9b33d82058545b1ed14f4c8206e,,Base Content Explicit,True,Base Content Explicit opt fission,,77,bytes,,457036693,6680174,2024-05-05T17:38:00,7539407.999999995,a6cb5ac7a79af000e99bf48f04ecb2943fcd3c68,1421459
autoland,4663319,4,bf38f69fee000115871578b15786525e82952421,windows11-64-2009-shippable-qr,,True,,,102210fe594ee9b33d82058545b1ed14f4c8206e,,Base Content Explicit,True,Base Content Explicit opt fission,,77,bytes,,457055577,6781701,2024-05-05T22:09:52,7534135.999999995,ea67e3b59c22cea8a2c797ce9a6608d3ddeaeca9,1421479
autoland,4663319,4,bf38f69fee000115871578b15786525e82952421,windows11-64-2009-shippable-qr,,True,,,102210fe594ee9b33d82058545b1ed14f4c8206e,,Base Content Explicit,True,Base Content Explicit opt fission,,77,bytes,,457060932,6836243,2024-05-06T03:19:39,7530120.0,ab041350c7569b831b00994a96625b9354dcf6b6,1421502
autoland,4663319,4,bf38f69fee000115871578b15786525e82952421,windows11-64-2009-shippable-qr,,True,,,102210fe594ee9b33d82058545b1ed14f4c8206e,,Base Content Explicit,True,Base Content Explicit opt fission,,77,bytes,,457071472,6902749,2024-05-06T07:31:35,7527368.000000004,65e120a9c1dcb9c8f1c8930e808b03aa149eaf40,1421524
autoland,4663319,4,bf38f69fee000115871578b15786525e82952421,windows11-64-2009-shippable-qr,,True,,,102210fe594ee9b33d82058545b1ed14f4c8206e,,Base Content Explicit,True,Base Content Explicit opt fission,,77,bytes,,457106896,7062062,2024-05-06T11:33:14,7533295.999999995,13b26e8e0e39998b30b388bb6f5d84c0e8067c03,1421623
autoland,4663319,4,bf38f69fee000115871578b15786525e82952421,windows11-64-2009-shippable-qr,,True,,,102210fe594ee9b33d82058545b1ed14f4c8206e,,Base Content Explicit,True,Base Content Explicit opt fission,,77,bytes,,457134129,7165978,2024-05-06T15:35:21,7535207.999999995,26e8012d5da938871783505e3753b681ab8cb186,1421812
autoland,4663319,4,bf38f69fee000115871578b15786525e82952421,windows11-64-2009-shippable-qr,,True,,,102210fe594ee9b33d82058545b1ed14f4c8206e,,Base Content Explicit,True,Base Content Explicit opt fission,,77,bytes,,457153366,7256408,2024-05-06T17:44:25,7531344.000000001,eb10b86b18adfc70952409e13993f834d33fa099,1421908
autoland,4663319,4,bf38f69fee000115871578b15786525e82952421,windows11-64-2009-shippable-qr,,True,,,102210fe594ee9b33d82058545b1ed14f4c8206e,,Base Content Explicit,True,Base Content Explicit opt fission,,77,bytes,,457179757,7342750,2024-05-06T20:39:16,7563735.999999996,4c7b1942b455d9c365693e5584f7ea86c5b33615,1422073
autoland,4663319,4,bf38f69fee000115871578b15786525e82952421,windows11-64-2009-shippable-qr,,True,,,102210fe594ee9b33d82058545b1ed14f4c8206e,,Base Content Explicit,True,Base Content Explicit opt fission,,77,bytes,,457211765,7507823,2024-05-07T01:41:54,7535352.000000005,945bbd356b57424bcdb359e6d88c48cd03ff2c10,1422278
autoland,4663319,4,bf38f69fee000115871578b15786525e82952421,windows11-64-2009-shippable-qr,,True,,,102210fe594ee9b33d82058545b1ed14f4c8206e,,Base Content Explicit,True,Base Content Explicit opt fission,,77,bytes,,457232017,7588106,2024-05-07T06:04:59,7533503.999999994,80150ac16109a11457c3103e68bf1c7ac29270c0,1422341
autoland,4663319,4,bf38f69fee000115871578b15786525e82952421,windows11-64-2009-shippable-qr,,True,,,102210fe594ee9b33d82058545b1ed14f4c8206e,,Base Content Explicit,True,Base Content Explicit opt fission,,77,bytes,,457279862,7773539,2024-05-07T10:41:19,7550359.999999995,641e15621e7bd2e0e8a2fab82d2b9838e386c3c4,1422484
autoland,4663319,4,bf38f69fee000115871578b15786525e82952421,windows11-64-2009-shippable-qr,,True,,,102210fe594ee9b33d82058545b1ed14f4c8206e,,Base Content Explicit,True,Base Content Explicit opt fission,,77,bytes,,457312151,7901285,2024-05-07T14:42:49,7530432.000000001,0041f761ddff5c598852d2b5cc41772a3a11cd0b,1422671
autoland,4663319,4,bf38f69fee000115871578b15786525e82952421,windows11-64-2009-shippable-qr,,True,,,102210fe594ee9b33d82058545b1ed14f4c8206e,,Base Content Explicit,True,Base Content Explicit opt fission,,77,bytes,,457353730,8140069,2024-05-07T18:25:44,7527031.9999999935,425b44586178edae02872c1fbc0220a0b4ff4c1d,1422943
autoland,4663319,4,bf38f69fee000115871578b15786525e82952421,windows11-64-2009-shippable-qr,,True,,,102210fe594ee9b33d82058545b1ed14f4c8206e,,Base Content Explicit,True,Base Content Explicit opt fission,,77,bytes,,457375708,8278431,2024-05-07T22:14:58,7533447.999999994,149e752fdb3fa75a3a02f55e7c7c91f7f704cf8a,1423124
autoland,4663319,4,bf38f69fee000115871578b15786525e82952421,windows11-64-2009-shippable-qr,,True,,,102210fe594ee9b33d82058545b1ed14f4c8206e,,Base Content Explicit,True,Base Content Explicit opt fission,,77,bytes,,457410024,8462516,2024-05-08T04:41:52,7529199.999999997,a0b3e2669a2dc49c467521cb9b7966ca05e3dbc3,1423269
autoland,4663319,4,bf38f69fee000115871578b15786525e82952421,windows11-64-2009-shippable-qr,,True,,,102210fe594ee9b33d82058545b1ed14f4c8206e,,Base Content Explicit,True,Base Content Explicit opt fission,,77,bytes,,457423212,8539175,2024-05-08T08:48:11,7532711.999999998,bec816ef2f2c29ed86b08bb592d6283618418e16,1423316
autoland,4663319,4,bf38f69fee000115871578b15786525e82952421,windows11-64-2009-shippable-qr,,True,,,102210fe594ee9b33d82058545b1ed14f4c8206e,,Base Content Explicit,True,Base Content Explicit opt fission,,77,bytes,,457470906,8727316,2024-05-08T13:09:13,7522359.999999998,ed7b6f65910afcd687ef5aaa25605666805796bb,1423417
autoland,4663319,4,bf38f69fee000115871578b15786525e82952421,windows11-64-2009-shippable-qr,,True,,,102210fe594ee9b33d82058545b1ed14f4c8206e,,Base Content Explicit,True,Base Content Explicit opt fission,,77,bytes,,457478643,8745309,2024-05-08T15:06:56,7531983.999999995,1ebb69c4b2f06a5c589775b3bb2855e58164a487,1423517
autoland,4663319,4,bf38f69fee000115871578b15786525e82952421,windows11-64-2009-shippable-qr,,True,,,102210fe594ee9b33d82058545b1ed14f4c8206e,,Base Content Explicit,True,Base Content Explicit opt fission,,77,bytes,,457512593,8938934,2024-05-08T18:58:38,7564271.999999995,c07ec5ce9aa1d890134ffb93e07d7d0335f27378,1423722
autoland,4663319,4,bf38f69fee000115871578b15786525e82952421,windows11-64-2009-shippable-qr,,True,,,102210fe594ee9b33d82058545b1ed14f4c8206e,,Base Content Explicit,True,Base Content Explicit opt fission,,77,bytes,,457545293,9111009,2024-05-08T23:49:41,7521983.9999999935,01861e5e1b98806940ababc254bb686f52623b40,1423919
autoland,4663319,4,bf38f69fee000115871578b15786525e82952421,windows11-64-2009-shippable-qr,,True,,,102210fe594ee9b33d82058545b1ed14f4c8206e,,Base Content Explicit,True,Base Content Explicit opt fission,,77,bytes,,457557303,9185631,2024-05-09T04:11:38,7542720.000000004,c0f58fd74e56b24f67fccae08097d151e21a0f80,1423993
autoland,4663319,4,bf38f69fee000115871578b15786525e82952421,windows11-64-2009-shippable-qr,,True,,,102210fe594ee9b33d82058545b1ed14f4c8206e,,Base Content Explicit,True,Base Content Explicit opt fission,,77,bytes,,457572013,9277938,2024-05-09T08:49:31,7537352.0000000065,92274e732410e980f3458a3c592415924a307260,1424041
autoland,4663319,4,bf38f69fee000115871578b15786525e82952421,windows11-64-2009-shippable-qr,,True,,,102210fe594ee9b33d82058545b1ed14f4c8206e,,Base Content Explicit,True,Base Content Explicit opt fission,,77,bytes,,457602026,9384405,2024-05-09T13:14:57,7531304.000000005,63503ccafb0395402807ed1da634fa38b3e626ce,1424113
autoland,4663319,4,bf38f69fee000115871578b15786525e82952421,windows11-64-2009-shippable-qr,,True,,,102210fe594ee9b33d82058545b1ed14f4c8206e,,Base Content Explicit,True,Base Content Explicit opt fission,,77,bytes,,457628179,9516329,2024-05-09T16:49:06,7541712.0,8f49349eeb0ec5df0e1dd3ddd98423138921a029,1424236
autoland,4663319,4,bf38f69fee000115871578b15786525e82952421,windows11-64-2009-shippable-qr,,True,,,102210fe594ee9b33d82058545b1ed14f4c8206e,,Base Content Explicit,True,Base Content Explicit opt fission,,77,bytes,,457674219,9711537,2024-05-10T01:48:09,7531223.999999999,63c1eada944ca4fb581301f40dcf9f8c71a72faf,1424449
autoland,4663319,4,bf38f69fee000115871578b15786525e82952421,windows11-64-2009-shippable-qr,,True,,,102210fe594ee9b33d82058545b1ed14f4c8206e,,Base Content Explicit,True,Base Content Explicit opt fission,,77,bytes,,457693950,9868177,2024-05-10T06:24:19,7510615.999999994,4df4e109202ff67836eaa61c66a7c65a2f712e11,1424496
autoland,4663319,4,bf38f69fee000115871578b15786525e82952421,windows11-64-2009-shippable-qr,,True,,,102210fe594ee9b33d82058545b1ed14f4c8206e,,Base Content Explicit,True,Base Content Explicit opt fission,,77,bytes,,457704983,9886614,2024-05-10T10:32:58,7544440.000000001,16c706919fcf22df1fae8499d4c05d7c88de5109,1424596
autoland,4663319,4,bf38f69fee000115871578b15786525e82952421,windows11-64-2009-shippable-qr,,True,,,102210fe594ee9b33d82058545b1ed14f4c8206e,,Base Content Explicit,True,Base Content Explicit opt fission,,77,bytes,,457728253,10058004,2024-05-10T14:42:49,7507872.000000005,77947807186b6fdeb6a22175f148b4de75f0c13f,1424715
autoland,4663319,4,bf38f69fee000115871578b15786525e82952421,windows11-64-2009-shippable-qr,,True,,,102210fe594ee9b33d82058545b1ed14f4c8206e,,Base Content Explicit,True,Base Content Explicit opt fission,,77,bytes,,457753740,10144564,2024-05-10T19:04:52,7525727.999999996,b09dd768d80e3ba321a5db4a0d534ea0c5385465,1424880
autoland,4663319,4,bf38f69fee000115871578b15786525e82952421,windows11-64-2009-shippable-qr,,True,,,102210fe594ee9b33d82058545b1ed14f4c8206e,,Base Content Explicit,True,Base Content Explicit opt fission,,77,bytes,,457774627,10279674,2024-05-11T00:21:09,7510279.999999996,b97e78c73256d2eb8509d13957dcc69a01a42524,1425017
autoland,4663319,4,bf38f69fee000115871578b15786525e82952421,windows11-64-2009-shippable-qr,,True,,,102210fe594ee9b33d82058545b1ed14f4c8206e,,Base Content Explicit,True,Base Content Explicit opt fission,,77,bytes,,457799182,10383642,2024-05-11T14:45:49,7510840.000000002,bb523bc0c70b92a37aa40712e0a1943e32ed6292,1425080
autoland,4663319,4,bf38f69fee000115871578b15786525e82952421,windows11-64-2009-shippable-qr,,True,,,102210fe594ee9b33d82058545b1ed14f4c8206e,,Base Content Explicit,True,Base Content Explicit opt fission,,77,bytes,,457813939,10443222,2024-05-12T00:21:54,7507720.000000006,6d2805dd61cb37ade292b230f9ffe14f956f1708,1425090
autoland,4663319,4,bf38f69fee000115871578b15786525e82952421,windows11-64-2009-shippable-qr,,True,,,102210fe594ee9b33d82058545b1ed14f4c8206e,,Base Content Explicit,True,Base Content Explicit opt fission,,77,bytes,,457838421,10540293,2024-05-12T16:46:56,7501839.999999998,45d7400ced7eab36c5e094eabc83333b77bd5212,1425114
autoland,4663319,4,bf38f69fee000115871578b15786525e82952421,windows11-64-2009-shippable-qr,,True,,,102210fe594ee9b33d82058545b1ed14f4c8206e,,Base Content Explicit,True,Base Content Explicit opt fission,,77,bytes,,457857651,10616344,2024-05-13T00:18:21,7535071.999999999,7d78cd997aff7a651b50b19b4a95117acc7fbd5e,1425138
autoland,4663319,4,bf38f69fee000115871578b15786525e82952421,windows11-64-2009-shippable-qr,,True,,,102210fe594ee9b33d82058545b1ed14f4c8206e,,Base Content Explicit,True,Base Content Explicit opt fission,,77,bytes,,457869875,10709314,2024-05-13T05:40:34,7533168.0,028d6e7dae26137f7e83b675a467248c1b7e7459,1425171
autoland,4663319,4,bf38f69fee000115871578b15786525e82952421,windows11-64-2009-shippable-qr,,True,,,102210fe594ee9b33d82058545b1ed14f4c8206e,,Base Content Explicit,True,Base Content Explicit opt fission,,77,bytes,,457892783,10792388,2024-05-13T09:49:27,7507048.000000005,1aba283a0c10087922e138bf0eb8169fe0fb0453,1425313
autoland,4663319,4,bf38f69fee000115871578b15786525e82952421,windows11-64-2009-shippable-qr,,True,,,102210fe594ee9b33d82058545b1ed14f4c8206e,,Base Content Explicit,True,Base Content Explicit opt fission,,77,bytes,,457917433,10905037,2024-05-13T13:39:35,7532559.999999995,b6d210063e2361ddf8016764d5686fb759cdc959,1425441
autoland,4663319,4,bf38f69fee000115871578b15786525e82952421,windows11-64-2009-shippable-qr,,True,,,102210fe594ee9b33d82058545b1ed14f4c8206e,,Base Content Explicit,True,Base Content Explicit opt fission,,77,bytes,,457954037,11058335,2024-05-13T16:41:34,7514463.999999994,08e4ca828755427c47e151c8afc2cec380e31a9e,1425593
autoland,4663319,4,bf38f69fee000115871578b15786525e82952421,windows11-64-2009-shippable-qr,,True,,,102210fe594ee9b33d82058545b1ed14f4c8206e,,Base Content Explicit,True,Base Content Explicit opt fission,,77,bytes,,457991253,11274630,2024-05-13T20:35:48,7530751.9999999935,080acbd234b3d95bed203c9e575f7841db819f01,1425765
autoland,4663319,4,bf38f69fee000115871578b15786525e82952421,windows11-64-2009-shippable-qr,,True,,,102210fe594ee9b33d82058545b1ed14f4c8206e,,Base Content Explicit,True,Base Content Explicit opt fission,,77,bytes,,458016047,11423571,2024-05-13T23:27:47,7537712.000000003,7dcf45990771541f86bb277f9bb02a5eed4fea03,1425894
autoland,4663319,4,bf38f69fee000115871578b15786525e82952421,windows11-64-2009-shippable-qr,,True,,,102210fe594ee9b33d82058545b1ed14f4c8206e,,Base Content Explicit,True,Base Content Explicit opt fission,,77,bytes,,458030254,11500862,2024-05-14T03:39:07,7503423.999999997,d16ac4c1714c9c7e11450a9e92c001aed043d0d4,1425986
autoland,4663319,4,bf38f69fee000115871578b15786525e82952421,windows11-64-2009-shippable-qr,,True,,,102210fe594ee9b33d82058545b1ed14f4c8206e,,Base Content Explicit,True,Base Content Explicit opt fission,,77,bytes,,458063641,11723642,2024-05-14T07:54:52,7612424.0,f0390136ebbeef553f7b365c19300ce28d4179c4,1426102
autoland,4663319,4,bf38f69fee000115871578b15786525e82952421,windows11-64-2009-shippable-qr,,True,,,102210fe594ee9b33d82058545b1ed14f4c8206e,,Base Content Explicit,True,Base Content Explicit opt fission,,77,bytes,,458101283,11859022,2024-05-14T11:57:58,7505200.000000005,8d7fe48731d96d8dd803d469596ddaca6cb5a0ec,1426247
autoland,4663319,4,bf38f69fee000115871578b15786525e82952421,windows11-64-2009-shippable-qr,,True,,,102210fe594ee9b33d82058545b1ed14f4c8206e,,Base Content Explicit,True,Base Content Explicit opt fission,,77,bytes,,458127621,11988128,2024-05-14T15:33:27,7526992.000000001,caca40032c919be5b69aade7259c79cecd91b1a2,1426417
autoland,4663319,4,bf38f69fee000115871578b15786525e82952421,windows11-64-2009-shippable-qr,,True,,,102210fe594ee9b33d82058545b1ed14f4c8206e,,Base Content Explicit,True,Base Content Explicit opt fission,,77,bytes,,458167954,12131590,2024-05-14T19:46:37,7584512.000000003,b2c1906d3f6e950d783cb681442333a5cea96d8f,1426621
autoland,4663319,4,bf38f69fee000115871578b15786525e82952421,windows11-64-2009-shippable-qr,,True,,,102210fe594ee9b33d82058545b1ed14f4c8206e,,Base Content Explicit,True,Base Content Explicit opt fission,,77,bytes,,458186387,12211376,2024-05-14T21:03:17,7520863.999999994,9db188aa6dacbe8e499de5f808c00c672de477a3,1426701
autoland,4663319,4,bf38f69fee000115871578b15786525e82952421,windows11-64-2009-shippable-qr,,True,,,102210fe594ee9b33d82058545b1ed14f4c8206e,,Base Content Explicit,True,Base Content Explicit opt fission,,77,bytes,,458192789,12236421,2024-05-14T21:35:52,7520192.000000006,8f2cbb280731a94a6c9281f99425c40858de6a3f,1426752
autoland,4663319,4,bf38f69fee000115871578b15786525e82952421,windows11-64-2009-shippable-qr,,True,,,102210fe594ee9b33d82058545b1ed14f4c8206e,,Base Content Explicit,True,Base Content Explicit opt fission,,77,bytes,,458223257,12408525,2024-05-15T03:28:49,7510912.0,d1e48e814ff55a857965d9acb56baf1f3c5c1b9a,1426897
autoland,4663319,4,bf38f69fee000115871578b15786525e82952421,windows11-64-2009-shippable-qr,,True,,,102210fe594ee9b33d82058545b1ed14f4c8206e,,Base Content Explicit,True,Base Content Explicit opt fission,,77,bytes,,458236840,12513450,2024-05-15T05:56:14,7544992.000000001,7a03e71dc0a13a5213cac25a053dd7ef56ea33ad,1426953
autoland,4663319,4,bf38f69fee000115871578b15786525e82952421,windows11-64-2009-shippable-qr,,True,,,102210fe594ee9b33d82058545b1ed14f4c8206e,,Base Content Explicit,True,Base Content Explicit opt fission,,77,bytes,,458273769,12690810,2024-05-15T10:31:04,7535231.999999997,32e2d80f1703e05cced1b86c6a3fce6034763816,1427130
autoland,4663319,4,bf38f69fee000115871578b15786525e82952421,windows11-64-2009-shippable-qr,,True,,,102210fe594ee9b33d82058545b1ed14f4c8206e,,Base Content Explicit,True,Base Content Explicit opt fission,,77,bytes,,458328950,12837438,2024-05-15T12:49:26,7546871.999999994,d0e5aee15a6aed29eb8bc65a0af90b963d967526,1427226
autoland,4663319,4,bf38f69fee000115871578b15786525e82952421,windows11-64-2009-shippable-qr,,True,,,102210fe594ee9b33d82058545b1ed14f4c8206e,,Base Content Explicit,True,Base Content Explicit opt fission,,77,bytes,,458346315,12920124,2024-05-15T16:49:59,7513087.999999998,5859e06f261afa608d8033428609bdbd4bfab5fe,1427464
autoland,4663319,4,bf38f69fee000115871578b15786525e82952421,windows11-64-2009-shippable-qr,,True,,,102210fe594ee9b33d82058545b1ed14f4c8206e,,Base Content Explicit,True,Base Content Explicit opt fission,,77,bytes,,458356092,12989378,2024-05-15T19:23:39,7521887.999999998,6459cc1b5bbf309f81d99ed4f39bb0017c58c872,1427624
autoland,4663319,4,bf38f69fee000115871578b15786525e82952421,windows11-64-2009-shippable-qr,,True,,,102210fe594ee9b33d82058545b1ed14f4c8206e,,Base Content Explicit,True,Base Content Explicit opt fission,,77,bytes,,458376148,13043275,2024-05-15T21:33:46,7505552.000000005,4cf620b67822db457052e7baef70556c509161dc,1427719
autoland,4663319,4,bf38f69fee000115871578b15786525e82952421,windows11-64-2009-shippable-qr,,True,,,102210fe594ee9b33d82058545b1ed14f4c8206e,,Base Content Explicit,True,Base Content Explicit opt fission,,77,bytes,,458390086,13130889,2024-05-15T23:55:24,7524816.000000006,886703fab6d0a65511ef1eb95df0b1dc134bfe90,1427802
autoland,4663319,4,bf38f69fee000115871578b15786525e82952421,windows11-64-2009-shippable-qr,,True,,,102210fe594ee9b33d82058545b1ed14f4c8206e,,Base Content Explicit,True,Base Content Explicit opt fission,,77,bytes,,458399038,13212537,2024-05-16T04:18:06,7547080.0000000065,1a3eb3733a05c61fee90fbd2325013c0b6672817,1427876
autoland,4663319,4,bf38f69fee000115871578b15786525e82952421,windows11-64-2009-shippable-qr,,True,,,102210fe594ee9b33d82058545b1ed14f4c8206e,,Base Content Explicit,True,Base Content Explicit opt fission,,77,bytes,,458432244,13414219,2024-05-16T08:25:07,7518559.999999995,b2831e0fe4b6f9dfa55a63f1b3a010089037a20e,1427953
autoland,4663319,4,bf38f69fee000115871578b15786525e82952421,windows11-64-2009-shippable-qr,,True,,,102210fe594ee9b33d82058545b1ed14f4c8206e,,Base Content Explicit,True,Base Content Explicit opt fission,,77,bytes,,458490817,13557530,2024-05-16T12:27:23,7512760.0,f956d7e03a822a09fbb84e9b474db8e0167095f1,1428125
autoland,4663319,4,bf38f69fee000115871578b15786525e82952421,windows11-64-2009-shippable-qr,,True,,,102210fe594ee9b33d82058545b1ed14f4c8206e,,Base Content Explicit,True,Base Content Explicit opt fission,,77,bytes,,458504519,13619121,2024-05-16T15:34:48,7517856.000000002,0bf6bf2b89215ce4dfa2eec4b0f33414c25fb677,1428335
autoland,4663319,4,bf38f69fee000115871578b15786525e82952421,windows11-64-2009-shippable-qr,,True,,,102210fe594ee9b33d82058545b1ed14f4c8206e,,Base Content Explicit,True,Base Content Explicit opt fission,,77,bytes,,458525846,13727808,2024-05-16T19:22:25,7524352.000000005,3c10888bfd6a7774b3c7e7a7b0fef9861728b3d1,1428534
autoland,4663319,4,bf38f69fee000115871578b15786525e82952421,windows11-64-2009-shippable-qr,,True,,,102210fe594ee9b33d82058545b1ed14f4c8206e,,Base Content Explicit,True,Base Content Explicit opt fission,,77,bytes,,458580642,14092354,2024-05-17T06:23:39,7517576.000000006,87127891d2401aaf9f6aa65bff25f9f6952131a2,1428776
autoland,4663319,4,bf38f69fee000115871578b15786525e82952421,windows11-64-2009-shippable-qr,,True,,,102210fe594ee9b33d82058545b1ed14f4c8206e,,Base Content Explicit,True,Base Content Explicit opt fission,,77,bytes,,458651059,14343971,2024-05-17T13:29:16,7532184.0000000065,76f8ca9a4f69b4a5c6c95975f31db9f94c534bb7,1429038
autoland,4663319,4,bf38f69fee000115871578b15786525e82952421,windows11-64-2009-shippable-qr,,True,,,102210fe594ee9b33d82058545b1ed14f4c8206e,,Base Content Explicit,True,Base Content Explicit opt fission,,77,bytes,,458669484,14419375,2024-05-17T16:28:32,7544832.000000002,f35859c2fd56665ad31bcc859c08cca0d52ee800,1429195
autoland,4663319,4,bf38f69fee000115871578b15786525e82952421,windows11-64-2009-shippable-qr,,True,,,102210fe594ee9b33d82058545b1ed14f4c8206e,,Base Content Explicit,True,Base Content Explicit opt fission,,77,bytes,,458688962,14550301,2024-05-17T20:54:26,7508560.000000001,c3684190adbc44f6a677655b9094e9873c858dad,1429356
autoland,4663319,4,bf38f69fee000115871578b15786525e82952421,windows11-64-2009-shippable-qr,,True,,,102210fe594ee9b33d82058545b1ed14f4c8206e,,Base Content Explicit,True,Base Content Explicit opt fission,,77,bytes,,458710339,14640664,2024-05-18T01:00:41,7580951.9999999935,c27d5c9ab44203673cf253307414a515b32e1e6d,1429422
autoland,4663319,4,bf38f69fee000115871578b15786525e82952421,windows11-64-2009-shippable-qr,,True,,,102210fe594ee9b33d82058545b1ed14f4c8206e,,Base Content Explicit,True,Base Content Explicit opt fission,,77,bytes,,458717979,14734764,2024-05-18T06:51:49,7511416.000000006,9740ed99a9e5a25524915ab324b8110b2b998873,1429461
autoland,4663319,4,bf38f69fee000115871578b15786525e82952421,windows11-64-2009-shippable-qr,,True,,,102210fe594ee9b33d82058545b1ed14f4c8206e,,Base Content Explicit,True,Base Content Explicit opt fission,,77,bytes,,458747613,14854024,2024-05-18T12:19:37,7511559.999999995,8b79b70511d76ab73ec7a45851ca71cf9a4eabc0,1429485
autoland,4663319,4,bf38f69fee000115871578b15786525e82952421,windows11-64-2009-shippable-qr,,True,,,102210fe594ee9b33d82058545b1ed14f4c8206e,,Base Content Explicit,True,Base Content Explicit opt fission,,77,bytes,,458753929,14899163,2024-05-18T16:50:22,7512608.000000001,45fdca469c57e83b966c98bdb9cd62d7b38c841e,1429522
autoland,4663319,4,bf38f69fee000115871578b15786525e82952421,windows11-64-2009-shippable-qr,,True,,,102210fe594ee9b33d82058545b1ed14f4c8206e,,Base Content Explicit,True,Base Content Explicit opt fission,,77,bytes,,458773453,14981855,2024-05-19T00:22:14,7522184.000000006,185fc83e1e895146858126be053b4208ffd3bbcf,1429576
autoland,4663319,4,bf38f69fee000115871578b15786525e82952421,windows11-64-2009-shippable-qr,,True,,,102210fe594ee9b33d82058545b1ed14f4c8206e,,Base Content Explicit,True,Base Content Explicit opt fission,,77,bytes,,458803863,15132181,2024-05-19T18:53:48,7517544.0,b4ee96f483f29890ab46ebd291e34040c716dcff,1429650
autoland,4663319,4,bf38f69fee000115871578b15786525e82952421,windows11-64-2009-shippable-qr,,True,,,102210fe594ee9b33d82058545b1ed14f4c8206e,,Base Content Explicit,True,Base Content Explicit opt fission,,77,bytes,,458826459,15244189,2024-05-19T23:03:30,7521904.000000004,bf7ada75a309d1bf064046c029cd884846540599,1429677
autoland,4663319,4,bf38f69fee000115871578b15786525e82952421,windows11-64-2009-shippable-qr,,True,,,102210fe594ee9b33d82058545b1ed14f4c8206e,,Base Content Explicit,True,Base Content Explicit opt fission,,77,bytes,,458831034,15281794,2024-05-20T03:13:12,7527319.999999999,9142f728c689228ac4b5a2f55b2d50a3c5440d1b,1429694
autoland,4663319,4,bf38f69fee000115871578b15786525e82952421,windows11-64-2009-shippable-qr,,True,,,102210fe594ee9b33d82058545b1ed14f4c8206e,,Base Content Explicit,True,Base Content Explicit opt fission,,77,bytes,,458847189,15402040,2024-05-20T08:40:09,7511712.000000006,c732a1a31a39e28193867c3a6de83cab644345f7,1429741
autoland,4663319,4,bf38f69fee000115871578b15786525e82952421,windows11-64-2009-shippable-qr,,True,,,102210fe594ee9b33d82058545b1ed14f4c8206e,,Base Content Explicit,True,Base Content Explicit opt fission,,77,bytes,,458889529,15547518,2024-05-20T12:49:29,7532727.999999994,daa6ef79820feaf04f4d2f8319c42e613170a955,1429816
autoland,4663319,4,bf38f69fee000115871578b15786525e82952421,windows11-64-2009-shippable-qr,,True,,,102210fe594ee9b33d82058545b1ed14f4c8206e,,Base Content Explicit,True,Base Content Explicit opt fission,,77,bytes,,458912317,15649632,2024-05-20T17:09:38,7575112.000000003,f8896c7e1f0e021d1afc9e6075779e6a19816eee,1430008
autoland,4663319,4,bf38f69fee000115871578b15786525e82952421,windows11-64-2009-shippable-qr,,True,,,102210fe594ee9b33d82058545b1ed14f4c8206e,,Base Content Explicit,True,Base Content Explicit opt fission,,77,bytes,,458925576,15749563,2024-05-20T19:25:17,7514767.999999998,bcf84db0ae30bc4d2f32dc5978791710401b7f74,1430088
autoland,4663319,4,bf38f69fee000115871578b15786525e82952421,windows11-64-2009-shippable-qr,,True,,,102210fe594ee9b33d82058545b1ed14f4c8206e,,Base Content Explicit,True,Base Content Explicit opt fission,,77,bytes,,458953866,15942981,2024-05-21T00:44:36,7514072.000000002,6919ad3b088665854fe77e203c556b51c8043a19,1430230
autoland,4663319,4,bf38f69fee000115871578b15786525e82952421,windows11-64-2009-shippable-qr,,True,,,102210fe594ee9b33d82058545b1ed14f4c8206e,,Base Content Explicit,True,Base Content Explicit opt fission,,77,bytes,,458967437,16057545,2024-05-21T05:46:38,7539535.999999997,09318e94742ecb1dfa27855d03d6acea7465a237,1430275
autoland,4663319,4,bf38f69fee000115871578b15786525e82952421,windows11-64-2009-shippable-qr,,True,,,102210fe594ee9b33d82058545b1ed14f4c8206e,,Base Content Explicit,True,Base Content Explicit opt fission,,77,bytes,,459015979,16315061,2024-05-21T09:51:03,7554848.000000002,2c85e75f63a911c3aafc7099c431d16d690afd69,1430376
autoland,4663319,4,bf38f69fee000115871578b15786525e82952421,windows11-64-2009-shippable-qr,,True,,,102210fe594ee9b33d82058545b1ed14f4c8206e,,Base Content Explicit,True,Base Content Explicit opt fission,,77,bytes,,459053756,16602602,2024-05-21T14:27:45,7554439.999999995,10c1e15b136a2ddea929ddb6bac978a2197f0990,1430566
autoland,4663319,4,bf38f69fee000115871578b15786525e82952421,windows11-64-2009-shippable-qr,,True,,,102210fe594ee9b33d82058545b1ed14f4c8206e,,Base Content Explicit,True,Base Content Explicit opt fission,,77,bytes,,459075473,16685447,2024-05-21T18:17:13,7503440.0,d5973c82a614aacd1c24df2ec76d8539bd40238d,1430753
autoland,4663319,4,bf38f69fee000115871578b15786525e82952421,windows11-64-2009-shippable-qr,,True,,,102210fe594ee9b33d82058545b1ed14f4c8206e,,Base Content Explicit,True,Base Content Explicit opt fission,,77,bytes,,459092743,16805179,2024-05-21T21:02:30,7536151.999999994,c1b0539b81b478faa5861fe40dddb61f7c27e539,1430863
autoland,4663319,4,bf38f69fee000115871578b15786525e82952421,windows11-64-2009-shippable-qr,,True,,,102210fe594ee9b33d82058545b1ed14f4c8206e,,Base Content Explicit,True,Base Content Explicit opt fission,,77,bytes,,459117058,16921836,2024-05-22T01:04:42,7516503.999999998,80ae2c7908e4cc558336a6f6a78097d9c2c9317d,1430997
autoland,4663319,4,bf38f69fee000115871578b15786525e82952421,windows11-64-2009-shippable-qr,,True,,,102210fe594ee9b33d82058545b1ed14f4c8206e,,Base Content Explicit,True,Base Content Explicit opt fission,,77,bytes,,459137769,17123659,2024-05-22T06:04:16,7517183.9999999935,3eacabfd2f53de306d070d5407b9123cdb54403f,1431071
autoland,4663319,4,bf38f69fee000115871578b15786525e82952421,windows11-64-2009-shippable-qr,,True,,,102210fe594ee9b33d82058545b1ed14f4c8206e,,Base Content Explicit,True,Base Content Explicit opt fission,,77,bytes,,459185324,17239675,2024-05-22T10:45:41,7515991.999999994,23e74f68a670b162cd96bafbf45ea1bc1c62e754,1431245
autoland,4663319,4,bf38f69fee000115871578b15786525e82952421,windows11-64-2009-shippable-qr,,True,,,102210fe594ee9b33d82058545b1ed14f4c8206e,,Base Content Explicit,True,Base Content Explicit opt fission,,77,bytes,,459231287,17439774,2024-05-22T15:11:59,7543687.9999999935,d51657b0bbcc7a297d7e69af51844e07f5bc7ccc,1431449
autoland,4663319,4,bf38f69fee000115871578b15786525e82952421,windows11-64-2009-shippable-qr,,True,,,102210fe594ee9b33d82058545b1ed14f4c8206e,,Base Content Explicit,True,Base Content Explicit opt fission,,77,bytes,,459275101,17705124,2024-05-22T19:42:05,7551640.000000004,e8f156027b8630baf5944740a80ef83d3694f0ab,1431719
autoland,4663319,4,bf38f69fee000115871578b15786525e82952421,windows11-64-2009-shippable-qr,,True,,,102210fe594ee9b33d82058545b1ed14f4c8206e,,Base Content Explicit,True,Base Content Explicit opt fission,,77,bytes,,459290347,17773448,2024-05-22T23:17:46,7527543.999999997,25b8ec912ef6cca7c6dbd1ddf6927aaa7494aaf1,1431837
autoland,4663319,4,bf38f69fee000115871578b15786525e82952421,windows11-64-2009-shippable-qr,,True,,,102210fe594ee9b33d82058545b1ed14f4c8206e,,Base Content Explicit,True,Base Content Explicit opt fission,,77,bytes,,459303250,17886828,2024-05-23T03:34:39,7513480.000000004,9b1a6927a89c8cf7997737b09f85c69d260daf7e,1431902
autoland,4663319,4,bf38f69fee000115871578b15786525e82952421,windows11-64-2009-shippable-qr,,True,,,102210fe594ee9b33d82058545b1ed14f4c8206e,,Base Content Explicit,True,Base Content Explicit opt fission,,77,bytes,,459321189,18088074,2024-05-23T07:36:30,7525024.000000001,3202a06939c4312c17408f78f9cb0fa5caca1350,1431962
autoland,4663319,4,bf38f69fee000115871578b15786525e82952421,windows11-64-2009-shippable-qr,,True,,,102210fe594ee9b33d82058545b1ed14f4c8206e,,Base Content Explicit,True,Base Content Explicit opt fission,,77,bytes,,459365053,18276190,2024-05-23T11:55:12,7517287.999999995,42f8b13731a592d1a25e662692cbd82cee5012e0,1432088
autoland,4663319,4,bf38f69fee000115871578b15786525e82952421,windows11-64-2009-shippable-qr,,True,,,102210fe594ee9b33d82058545b1ed14f4c8206e,,Base Content Explicit,True,Base Content Explicit opt fission,,77,bytes,,459401252,18440280,2024-05-23T16:05:29,7529807.999999994,f6745f7b07d46db22b923031edac8ab24b1b6825,1432216
autoland,4663319,4,bf38f69fee000115871578b15786525e82952421,windows11-64-2009-shippable-qr,,True,,,102210fe594ee9b33d82058545b1ed14f4c8206e,,Base Content Explicit,True,Base Content Explicit opt fission,,77,bytes,,459404722,18478724,2024-05-23T17:53:40,7540295.999999994,001fbc2ff43017578828adce0c9b3ad4b7e3076d,1432303
