repository_name,signature_id,framework_id,signature_hash,machine_platform,should_alert,has_subtests,extra_options,tags,option_collection_hash,test,suite,lower_is_better,name,parent_signature,repository_id,measurement_unit,application,job_id,entry_id,push_timestamp,value,revision,push_id,alert_id,alert_push_id,alert_prev_push_id,alert_creation_timestamp,alert_first_triaged,alert_triage_due_date,alert_repository,alert_framework,test_id,test_status,test_series_signature_framework_id,test_series_signature_signature_hash,test_series_signature_machine_platform,test_series_signature_test,test_series_signature_suite,test_series_signature_lower_is_better,test_series_signature_has_subtests,test_series_signature_option_collection_hash,test_series_signature_tags,test_series_signature_extra_options,test_series_signature_measurement_unit,test_series_signature_suite_public_name,test_series_signature_test_public_name,test_prev_taskcluster_metadata_task_id,test_prev_taskcluster_metadata_retry_id,test_taskcluster_metadata_task_id,test_taskcluster_metadata_retry_id,test_profile_url,test_prev_profile_url,test_is_regression,test_prev_value,test_new_value,test_t_value,test_amount_abs,test_amount_pct,test_summary_id,test_related_summary_id,test_manually_created,test_classifier,test_starred,test_classifier_email,test_backfill_record_context,test_backfill_record_status,test_backfill_record_total_actions_triggered,test_backfill_record_total_backfills_failed,test_backfill_record_total_backfills_successful,test_backfill_record_total_backfills_in_progress,test_noise_profile,alert_related_alerts,alert_status,alert_bug_number,alert_bug_due_date,alert_bug_updated,alert_issue_tracker,alert_notes,alert_push_timestamp,alert_prev_push_revision,alert_assignee_username,alert_assignee_email,alert_performance_tags
mozilla-beta,4788073,1,2c0793d5bd36dd25ac51b0c394cc0b8b6e5c8ebb,linux1804-64-shippable-qr,True,False,,,102210fe594ee9b33d82058545b1ed14f4c8206e,startup_about_home_paint,startup_about_home_paint,True,startup_about_home_paint opt e10s fission stylo webrender-sw,,6,,firefox,,1705947741,2023-06-05 14:23:29,965.0,eb0e5efeb4144e02db4898c481ab299e4ffbe5a5,1251794,,,,,,,,,,,,,,,,,,,,,,,,,,,,,,,,,,,,,,,,,,,,,,,,,,TN,,,,,,,,,,
mozilla-beta,4788073,1,2c0793d5bd36dd25ac51b0c394cc0b8b6e5c8ebb,linux1804-64-shippable-qr,True,False,,,102210fe594ee9b33d82058545b1ed14f4c8206e,startup_about_home_paint,startup_about_home_paint,True,startup_about_home_paint opt e10s fission stylo webrender-sw,,6,,firefox,,1706025963,2023-06-05 15:57:01,979.0,8b6f8763d212b11acd7421760ab63612ce65bda4,1251874,,,,,,,,,,,,,,,,,,,,,,,,,,,,,,,,,,,,,,,,,,,,,,,,,,TN,,,,,,,,,,
mozilla-beta,4788073,1,2c0793d5bd36dd25ac51b0c394cc0b8b6e5c8ebb,linux1804-64-shippable-qr,True,False,,,102210fe594ee9b33d82058545b1ed14f4c8206e,startup_about_home_paint,startup_about_home_paint,True,startup_about_home_paint opt e10s fission stylo webrender-sw,,6,,firefox,,1706094765,2023-06-05 17:59:24,985.0,3a0243249f1d09b3f0c43845ba322404a24b2d6b,1251964,,,,,,,,,,,,,,,,,,,,,,,,,,,,,,,,,,,,,,,,,,,,,,,,,,TN,,,,,,,,,,
mozilla-beta,4788073,1,2c0793d5bd36dd25ac51b0c394cc0b8b6e5c8ebb,linux1804-64-shippable-qr,True,False,,,102210fe594ee9b33d82058545b1ed14f4c8206e,startup_about_home_paint,startup_about_home_paint,True,startup_about_home_paint opt e10s fission stylo webrender-sw,,6,,firefox,,1706185375,2023-06-05 21:08:31,983.0,6c846bc8f52c1e5b929c199b58a33a4dc24df8f5,1252114,,,,,,,,,,,,,,,,,,,,,,,,,,,,,,,,,,,,,,,,,,,,,,,,,,TN,,,,,,,,,,
mozilla-beta,4788073,1,2c0793d5bd36dd25ac51b0c394cc0b8b6e5c8ebb,linux1804-64-shippable-qr,True,False,,,102210fe594ee9b33d82058545b1ed14f4c8206e,startup_about_home_paint,startup_about_home_paint,True,startup_about_home_paint opt e10s fission stylo webrender-sw,,6,,firefox,,1706478380,2023-06-06 09:09:48,980.0,5f036ce2680a08b950cbfadd770beba129cbb195,1252381,,,,,,,,,,,,,,,,,,,,,,,,,,,,,,,,,,,,,,,,,,,,,,,,,,TN,,,,,,,,,,
mozilla-beta,4788073,1,2c0793d5bd36dd25ac51b0c394cc0b8b6e5c8ebb,linux1804-64-shippable-qr,True,False,,,102210fe594ee9b33d82058545b1ed14f4c8206e,startup_about_home_paint,startup_about_home_paint,True,startup_about_home_paint opt e10s fission stylo webrender-sw,,6,,firefox,,1706739939,2023-06-06 16:19:01,975.0,5d89dee91e755667a691f2b544a063709213138b,1252629,,,,,,,,,,,,,,,,,,,,,,,,,,,,,,,,,,,,,,,,,,,,,,,,,,TN,,,,,,,,,,
mozilla-beta,4788073,1,2c0793d5bd36dd25ac51b0c394cc0b8b6e5c8ebb,linux1804-64-shippable-qr,True,False,,,102210fe594ee9b33d82058545b1ed14f4c8206e,startup_about_home_paint,startup_about_home_paint,True,startup_about_home_paint opt e10s fission stylo webrender-sw,,6,,firefox,,1706809977,2023-06-06 18:01:12,988.0,10ed1bfdc481f14670072cdbf87a69d9212c0d6c,1252674,,,,,,,,,,,,,,,,,,,,,,,,,,,,,,,,,,,,,,,,,,,,,,,,,,TN,,,,,,,,,,
mozilla-beta,4788073,1,2c0793d5bd36dd25ac51b0c394cc0b8b6e5c8ebb,linux1804-64-shippable-qr,True,False,,,102210fe594ee9b33d82058545b1ed14f4c8206e,startup_about_home_paint,startup_about_home_paint,True,startup_about_home_paint opt e10s fission stylo webrender-sw,,6,,firefox,,1707475941,2023-06-07 16:41:52,972.0,bd9ba4216df4d4c08f1a70ecb66009f13ee08aaa,1253259,,,,,,,,,,,,,,,,,,,,,,,,,,,,,,,,,,,,,,,,,,,,,,,,,,TN,,,,,,,,,,
mozilla-beta,4788073,1,2c0793d5bd36dd25ac51b0c394cc0b8b6e5c8ebb,linux1804-64-shippable-qr,True,False,,,102210fe594ee9b33d82058545b1ed14f4c8206e,startup_about_home_paint,startup_about_home_paint,True,startup_about_home_paint opt e10s fission stylo webrender-sw,,6,,firefox,,1707492368,2023-06-07 17:56:51,976.0,eb1d2dce0bdff337836b19b97828f2dcf437f25e,1253314,,,,,,,,,,,,,,,,,,,,,,,,,,,,,,,,,,,,,,,,,,,,,,,,,,TN,,,,,,,,,,
mozilla-beta,4788073,1,2c0793d5bd36dd25ac51b0c394cc0b8b6e5c8ebb,linux1804-64-shippable-qr,True,False,,,102210fe594ee9b33d82058545b1ed14f4c8206e,startup_about_home_paint,startup_about_home_paint,True,startup_about_home_paint opt e10s fission stylo webrender-sw,,6,,firefox,,1708050610,2023-06-08 13:18:16,985.0,b0bc9752e921bdc9e4c9de470cbf5fcf72061330,1253873,,,,,,,,,,,,,,,,,,,,,,,,,,,,,,,,,,,,,,,,,,,,,,,,,,TN,,,,,,,,,,
mozilla-beta,4788073,1,2c0793d5bd36dd25ac51b0c394cc0b8b6e5c8ebb,linux1804-64-shippable-qr,True,False,,,102210fe594ee9b33d82058545b1ed14f4c8206e,startup_about_home_paint,startup_about_home_paint,True,startup_about_home_paint opt e10s fission stylo webrender-sw,,6,,firefox,,1708222664,2023-06-08 17:59:52,974.0,7123a4cb9219dc73123928c80505ef5544239e3c,1254099,,,,,,,,,,,,,,,,,,,,,,,,,,,,,,,,,,,,,,,,,,,,,,,,,,TN,,,,,,,,,,
mozilla-beta,4788073,1,2c0793d5bd36dd25ac51b0c394cc0b8b6e5c8ebb,linux1804-64-shippable-qr,True,False,,,102210fe594ee9b33d82058545b1ed14f4c8206e,startup_about_home_paint,startup_about_home_paint,True,startup_about_home_paint opt e10s fission stylo webrender-sw,,6,,firefox,,1708252107,2023-06-08 19:30:46,963.0,dce60276b7bd366745f6ec33916ab169be826373,1254159,,,,,,,,,,,,,,,,,,,,,,,,,,,,,,,,,,,,,,,,,,,,,,,,,,TN,,,,,,,,,,
mozilla-beta,4788073,1,2c0793d5bd36dd25ac51b0c394cc0b8b6e5c8ebb,linux1804-64-shippable-qr,True,False,,,102210fe594ee9b33d82058545b1ed14f4c8206e,startup_about_home_paint,startup_about_home_paint,True,startup_about_home_paint opt e10s fission stylo webrender-sw,,6,,firefox,,1708307848,2023-06-08 21:41:16,981.0,8ef0eed85dd1724df18acbc52ede7bda8d19d4ca,1254264,,,,,,,,,,,,,,,,,,,,,,,,,,,,,,,,,,,,,,,,,,,,,,,,,,TN,,,,,,,,,,
mozilla-beta,4788073,1,2c0793d5bd36dd25ac51b0c394cc0b8b6e5c8ebb,linux1804-64-shippable-qr,True,False,,,102210fe594ee9b33d82058545b1ed14f4c8206e,startup_about_home_paint,startup_about_home_paint,True,startup_about_home_paint opt e10s fission stylo webrender-sw,,6,,firefox,,1708689216,2023-06-09 13:50:39,989.0,7b1a019c17f8faeb278c5ff106b55a8737c63e4d,1254632,,,,,,,,,,,,,,,,,,,,,,,,,,,,,,,,,,,,,,,,,,,,,,,,,,TN,,,,,,,,,,
mozilla-beta,4788073,1,2c0793d5bd36dd25ac51b0c394cc0b8b6e5c8ebb,linux1804-64-shippable-qr,True,False,,,102210fe594ee9b33d82058545b1ed14f4c8206e,startup_about_home_paint,startup_about_home_paint,True,startup_about_home_paint opt e10s fission stylo webrender-sw,,6,,firefox,,1708837533,2023-06-09 18:01:58,964.0,c2d0daebef20fa875f5260a684fe17c55e129a35,1254819,,,,,,,,,,,,,,,,,,,,,,,,,,,,,,,,,,,,,,,,,,,,,,,,,,TN,,,,,,,,,,
mozilla-beta,4788073,1,2c0793d5bd36dd25ac51b0c394cc0b8b6e5c8ebb,linux1804-64-shippable-qr,True,False,,,102210fe594ee9b33d82058545b1ed14f4c8206e,startup_about_home_paint,startup_about_home_paint,True,startup_about_home_paint opt e10s fission stylo webrender-sw,,6,,firefox,,1709199503,2023-06-10 18:00:11,983.0,5fdbfc5f981230abe820c6b234bcf7262e366be0,1255248,,,,,,,,,,,,,,,,,,,,,,,,,,,,,,,,,,,,,,,,,,,,,,,,,,TN,,,,,,,,,,
mozilla-beta,4788073,1,2c0793d5bd36dd25ac51b0c394cc0b8b6e5c8ebb,linux1804-64-shippable-qr,True,False,,,102210fe594ee9b33d82058545b1ed14f4c8206e,startup_about_home_paint,startup_about_home_paint,True,startup_about_home_paint opt e10s fission stylo webrender-sw,,6,,firefox,,1709469396,2023-06-11 14:48:42,991.0,b00e6f811a19a3b7ed808efda6906dde57f88e71,1255364,,,,,,,,,,,,,,,,,,,,,,,,,,,,,,,,,,,,,,,,,,,,,,,,,,TN,,,,,,,,,,
mozilla-beta,4788073,1,2c0793d5bd36dd25ac51b0c394cc0b8b6e5c8ebb,linux1804-64-shippable-qr,True,False,,,102210fe594ee9b33d82058545b1ed14f4c8206e,startup_about_home_paint,startup_about_home_paint,True,startup_about_home_paint opt e10s fission stylo webrender-sw,,6,,firefox,,1709499665,2023-06-11 18:03:00,958.0,fb3ad1dbd6bbf62e33596cc17abc8bff6a4f425f,1255381,,,,,,,,,,,,,,,,,,,,,,,,,,,,,,,,,,,,,,,,,,,,,,,,,,TN,,,,,,,,,,
mozilla-beta,4788073,1,2c0793d5bd36dd25ac51b0c394cc0b8b6e5c8ebb,linux1804-64-shippable-qr,True,False,,,102210fe594ee9b33d82058545b1ed14f4c8206e,startup_about_home_paint,startup_about_home_paint,True,startup_about_home_paint opt e10s fission stylo webrender-sw,,6,,firefox,,1709919269,2023-06-12 13:25:59,985.0,5951b4f28e66d24853b3a42841374e1beec510f9,1255703,,,,,,,,,,,,,,,,,,,,,,,,,,,,,,,,,,,,,,,,,,,,,,,,,,TN,,,,,,,,,,
mozilla-beta,4788073,1,2c0793d5bd36dd25ac51b0c394cc0b8b6e5c8ebb,linux1804-64-shippable-qr,True,False,,,102210fe594ee9b33d82058545b1ed14f4c8206e,startup_about_home_paint,startup_about_home_paint,True,startup_about_home_paint opt e10s fission stylo webrender-sw,,6,,firefox,,1710070908,2023-06-12 17:59:34,987.0,795df8f2c2a47a7beef0be639b8c4796877a5c14,1255857,,,,,,,,,,,,,,,,,,,,,,,,,,,,,,,,,,,,,,,,,,,,,,,,,,TN,,,,,,,,,,
mozilla-beta,4788073,1,2c0793d5bd36dd25ac51b0c394cc0b8b6e5c8ebb,linux1804-64-shippable-qr,True,False,,,102210fe594ee9b33d82058545b1ed14f4c8206e,startup_about_home_paint,startup_about_home_paint,True,startup_about_home_paint opt e10s fission stylo webrender-sw,,6,,firefox,,1710153272,2023-06-12 21:24:58,978.0,1617cf9288b5d9d85d3cde49ead5c3a8452963e4,1256015,,,,,,,,,,,,,,,,,,,,,,,,,,,,,,,,,,,,,,,,,,,,,,,,,,TN,,,,,,,,,,
mozilla-beta,4788073,1,2c0793d5bd36dd25ac51b0c394cc0b8b6e5c8ebb,linux1804-64-shippable-qr,True,False,,,102210fe594ee9b33d82058545b1ed14f4c8206e,startup_about_home_paint,startup_about_home_paint,True,startup_about_home_paint opt e10s fission stylo webrender-sw,,6,,firefox,,1710550293,2023-06-13 13:44:08,979.0,43f24f969b5b2820fa906b6f56770b9bf8e41982,1256472,,,,,,,,,,,,,,,,,,,,,,,,,,,,,,,,,,,,,,,,,,,,,,,,,,TN,,,,,,,,,,
mozilla-beta,4788073,1,2c0793d5bd36dd25ac51b0c394cc0b8b6e5c8ebb,linux1804-64-shippable-qr,True,False,,,102210fe594ee9b33d82058545b1ed14f4c8206e,startup_about_home_paint,startup_about_home_paint,True,startup_about_home_paint opt e10s fission stylo webrender-sw,,6,,firefox,,1710687928,2023-06-13 17:45:06,977.0,5cacd05ad73e50693f7c5cfd239e806f0e58ec8f,1256646,,,,,,,,,,,,,,,,,,,,,,,,,,,,,,,,,,,,,,,,,,,,,,,,,,TN,,,,,,,,,,
mozilla-beta,4788073,1,2c0793d5bd36dd25ac51b0c394cc0b8b6e5c8ebb,linux1804-64-shippable-qr,True,False,,,102210fe594ee9b33d82058545b1ed14f4c8206e,startup_about_home_paint,startup_about_home_paint,True,startup_about_home_paint opt e10s fission stylo webrender-sw,,6,,firefox,,1710705547,2023-06-13 18:00:33,969.0,c5a9aa9f93cf2309ec4a0cdabdf71b31c3bd3ab6,1256653,,,,,,,,,,,,,,,,,,,,,,,,,,,,,,,,,,,,,,,,,,,,,,,,,,TN,,,,,,,,,,
mozilla-beta,4788073,1,2c0793d5bd36dd25ac51b0c394cc0b8b6e5c8ebb,linux1804-64-shippable-qr,True,False,,,102210fe594ee9b33d82058545b1ed14f4c8206e,startup_about_home_paint,startup_about_home_paint,True,startup_about_home_paint opt e10s fission stylo webrender-sw,,6,,firefox,,1710766497,2023-06-13 19:54:13,972.0,66b9443a2c92f97fbf62417687051ad4e85b1800,1256729,,,,,,,,,,,,,,,,,,,,,,,,,,,,,,,,,,,,,,,,,,,,,,,,,,TN,,,,,,,,,,
mozilla-beta,4788073,1,2c0793d5bd36dd25ac51b0c394cc0b8b6e5c8ebb,linux1804-64-shippable-qr,True,False,,,102210fe594ee9b33d82058545b1ed14f4c8206e,startup_about_home_paint,startup_about_home_paint,True,startup_about_home_paint opt e10s fission stylo webrender-sw,,6,,firefox,,1711095823,2023-06-14 12:30:00,968.0,f6e68416dea42dbf642d2efe416f7727ac761f11,1257097,,,,,,,,,,,,,,,,,,,,,,,,,,,,,,,,,,,,,,,,,,,,,,,,,,TN,,,,,,,,,,
mozilla-beta,4788073,1,2c0793d5bd36dd25ac51b0c394cc0b8b6e5c8ebb,linux1804-64-shippable-qr,True,False,,,102210fe594ee9b33d82058545b1ed14f4c8206e,startup_about_home_paint,startup_about_home_paint,True,startup_about_home_paint opt e10s fission stylo webrender-sw,,6,,firefox,,1711252510,2023-06-14 16:03:12,987.0,62d1fc48dcd7fd3d026f5cad77c3092d3b93a961,1257228,,,,,,,,,,,,,,,,,,,,,,,,,,,,,,,,,,,,,,,,,,,,,,,,,,TN,,,,,,,,,,
mozilla-beta,4788073,1,2c0793d5bd36dd25ac51b0c394cc0b8b6e5c8ebb,linux1804-64-shippable-qr,True,False,,,102210fe594ee9b33d82058545b1ed14f4c8206e,startup_about_home_paint,startup_about_home_paint,True,startup_about_home_paint opt e10s fission stylo webrender-sw,,6,,firefox,,1711253226,2023-06-14 16:07:57,996.0,d01da3405b1219c2d0cc7b559ee0627ad5d8aa5a,1257231,,,,,,,,,,,,,,,,,,,,,,,,,,,,,,,,,,,,,,,,,,,,,,,,,,TN,,,,,,,,,,
mozilla-beta,4788073,1,2c0793d5bd36dd25ac51b0c394cc0b8b6e5c8ebb,linux1804-64-shippable-qr,True,False,,,102210fe594ee9b33d82058545b1ed14f4c8206e,startup_about_home_paint,startup_about_home_paint,True,startup_about_home_paint opt e10s fission stylo webrender-sw,,6,,firefox,,1711340346,2023-06-14 18:02:29,963.0,c7ff17c6e0144679b7b925a25177776fcec58f8b,1257301,,,,,,,,,,,,,,,,,,,,,,,,,,,,,,,,,,,,,,,,,,,,,,,,,,TN,,,,,,,,,,
mozilla-beta,4788073,1,2c0793d5bd36dd25ac51b0c394cc0b8b6e5c8ebb,linux1804-64-shippable-qr,True,False,,,102210fe594ee9b33d82058545b1ed14f4c8206e,startup_about_home_paint,startup_about_home_paint,True,startup_about_home_paint opt e10s fission stylo webrender-sw,,6,,firefox,,1711368881,2023-06-14 18:51:27,974.0,64f4243f24b70557c280aa6ddafcc846f384dba8,1257357,,,,,,,,,,,,,,,,,,,,,,,,,,,,,,,,,,,,,,,,,,,,,,,,,,TN,,,,,,,,,,
mozilla-beta,4788073,1,2c0793d5bd36dd25ac51b0c394cc0b8b6e5c8ebb,linux1804-64-shippable-qr,True,False,,,102210fe594ee9b33d82058545b1ed14f4c8206e,startup_about_home_paint,startup_about_home_paint,True,startup_about_home_paint opt e10s fission stylo webrender-sw,,6,,firefox,,1711395609,2023-06-14 19:16:52,980.0,a81117b03f450c9706e21d0d94dec160cc74d836,1257378,,,,,,,,,,,,,,,,,,,,,,,,,,,,,,,,,,,,,,,,,,,,,,,,,,TN,,,,,,,,,,
mozilla-beta,4788073,1,2c0793d5bd36dd25ac51b0c394cc0b8b6e5c8ebb,linux1804-64-shippable-qr,True,False,,,102210fe594ee9b33d82058545b1ed14f4c8206e,startup_about_home_paint,startup_about_home_paint,True,startup_about_home_paint opt e10s fission stylo webrender-sw,,6,,firefox,,1714658496,2023-06-14 21:35:27,973.0,2f3cce1e72fe61e4643225e21ac84ccebe84ed30,1257504,,,,,,,,,,,,,,,,,,,,,,,,,,,,,,,,,,,,,,,,,,,,,,,,,,TN,,,,,,,,,,
mozilla-beta,4788073,1,2c0793d5bd36dd25ac51b0c394cc0b8b6e5c8ebb,linux1804-64-shippable-qr,True,False,,,102210fe594ee9b33d82058545b1ed14f4c8206e,startup_about_home_paint,startup_about_home_paint,True,startup_about_home_paint opt e10s fission stylo webrender-sw,,6,,firefox,,1714657719,2023-06-14 21:35:27,970.0,2f3cce1e72fe61e4643225e21ac84ccebe84ed30,1257504,,,,,,,,,,,,,,,,,,,,,,,,,,,,,,,,,,,,,,,,,,,,,,,,,,TN,,,,,,,,,,
mozilla-beta,4788073,1,2c0793d5bd36dd25ac51b0c394cc0b8b6e5c8ebb,linux1804-64-shippable-qr,True,False,,,102210fe594ee9b33d82058545b1ed14f4c8206e,startup_about_home_paint,startup_about_home_paint,True,startup_about_home_paint opt e10s fission stylo webrender-sw,,6,,firefox,,1711875655,2023-06-15 12:50:03,968.0,694f250817cbf4e56d9f88ab3982978b5b1ddfeb,1257977,,,,,,,,,,,,,,,,,,,,,,,,,,,,,,,,,,,,,,,,,,,,,,,,,,TN,,,,,,,,,,
mozilla-beta,4788073,1,2c0793d5bd36dd25ac51b0c394cc0b8b6e5c8ebb,linux1804-64-shippable-qr,True,False,,,102210fe594ee9b33d82058545b1ed14f4c8206e,startup_about_home_paint,startup_about_home_paint,True,startup_about_home_paint opt e10s fission stylo webrender-sw,,6,,firefox,,1714657633,2023-06-15 12:50:03,969.0,694f250817cbf4e56d9f88ab3982978b5b1ddfeb,1257977,,,,,,,,,,,,,,,,,,,,,,,,,,,,,,,,,,,,,,,,,,,,,,,,,,TN,,,,,,,,,,
mozilla-beta,4788073,1,2c0793d5bd36dd25ac51b0c394cc0b8b6e5c8ebb,linux1804-64-shippable-qr,True,False,,,102210fe594ee9b33d82058545b1ed14f4c8206e,startup_about_home_paint,startup_about_home_paint,True,startup_about_home_paint opt e10s fission stylo webrender-sw,,6,,firefox,,1714658722,2023-06-15 12:50:03,982.0,694f250817cbf4e56d9f88ab3982978b5b1ddfeb,1257977,,,,,,,,,,,,,,,,,,,,,,,,,,,,,,,,,,,,,,,,,,,,,,,,,,TN,,,,,,,,,,
mozilla-beta,4788073,1,2c0793d5bd36dd25ac51b0c394cc0b8b6e5c8ebb,linux1804-64-shippable-qr,True,False,,,102210fe594ee9b33d82058545b1ed14f4c8206e,startup_about_home_paint,startup_about_home_paint,True,startup_about_home_paint opt e10s fission stylo webrender-sw,,6,,firefox,,1711895932,2023-06-15 13:23:28,985.0,eb3baa1099b7d11565cc634be3a14b4946fa26c7,1257996,,,,,,,,,,,,,,,,,,,,,,,,,,,,,,,,,,,,,,,,,,,,,,,,,,TN,,,,,,,,,,
mozilla-beta,4788073,1,2c0793d5bd36dd25ac51b0c394cc0b8b6e5c8ebb,linux1804-64-shippable-qr,True,False,,,102210fe594ee9b33d82058545b1ed14f4c8206e,startup_about_home_paint,startup_about_home_paint,True,startup_about_home_paint opt e10s fission stylo webrender-sw,,6,,firefox,,1714657607,2023-06-15 13:23:28,970.0,eb3baa1099b7d11565cc634be3a14b4946fa26c7,1257996,,,,,,,,,,,,,,,,,,,,,,,,,,,,,,,,,,,,,,,,,,,,,,,,,,TN,,,,,,,,,,
mozilla-beta,4788073,1,2c0793d5bd36dd25ac51b0c394cc0b8b6e5c8ebb,linux1804-64-shippable-qr,True,False,,,102210fe594ee9b33d82058545b1ed14f4c8206e,startup_about_home_paint,startup_about_home_paint,True,startup_about_home_paint opt e10s fission stylo webrender-sw,,6,,firefox,,1714658853,2023-06-15 13:23:28,965.0,eb3baa1099b7d11565cc634be3a14b4946fa26c7,1257996,,,,,,,,,,,,,,,,,,,,,,,,,,,,,,,,,,,,,,,,,,,,,,,,,,TN,,,,,,,,,,
mozilla-beta,4788073,1,2c0793d5bd36dd25ac51b0c394cc0b8b6e5c8ebb,linux1804-64-shippable-qr,True,False,,,102210fe594ee9b33d82058545b1ed14f4c8206e,startup_about_home_paint,startup_about_home_paint,True,startup_about_home_paint opt e10s fission stylo webrender-sw,,6,,firefox,,1712039098,2023-06-15 16:46:36,966.0,342783aaf1e5ad6a8b40b22a1618c81a719c436b,1258166,,,,,,,,,,,,,,,,,,,,,,,,,,,,,,,,,,,,,,,,,,,,,,,,,,TN,,,,,,,,,,
mozilla-beta,4788073,1,2c0793d5bd36dd25ac51b0c394cc0b8b6e5c8ebb,linux1804-64-shippable-qr,True,False,,,102210fe594ee9b33d82058545b1ed14f4c8206e,startup_about_home_paint,startup_about_home_paint,True,startup_about_home_paint opt e10s fission stylo webrender-sw,,6,,firefox,,1714657649,2023-06-15 16:46:36,973.0,342783aaf1e5ad6a8b40b22a1618c81a719c436b,1258166,,,,,,,,,,,,,,,,,,,,,,,,,,,,,,,,,,,,,,,,,,,,,,,,,,TN,,,,,,,,,,
mozilla-beta,4788073,1,2c0793d5bd36dd25ac51b0c394cc0b8b6e5c8ebb,linux1804-64-shippable-qr,True,False,,,102210fe594ee9b33d82058545b1ed14f4c8206e,startup_about_home_paint,startup_about_home_paint,True,startup_about_home_paint opt e10s fission stylo webrender-sw,,6,,firefox,,1714658872,2023-06-15 16:46:36,965.0,342783aaf1e5ad6a8b40b22a1618c81a719c436b,1258166,,,,,,,,,,,,,,,,,,,,,,,,,,,,,,,,,,,,,,,,,,,,,,,,,,TN,,,,,,,,,,
mozilla-beta,4788073,1,2c0793d5bd36dd25ac51b0c394cc0b8b6e5c8ebb,linux1804-64-shippable-qr,True,False,,,102210fe594ee9b33d82058545b1ed14f4c8206e,startup_about_home_paint,startup_about_home_paint,True,startup_about_home_paint opt e10s fission stylo webrender-sw,,6,,firefox,,1712096675,2023-06-15 17:58:02,973.0,9eef95942305594426974a54ca94dd63489c7df0,1258224,,,,,,,,,,,,,,,,,,,,,,,,,,,,,,,,,,,,,,,,,,,,,,,,,,TN,,,,,,,,,,
mozilla-beta,4788073,1,2c0793d5bd36dd25ac51b0c394cc0b8b6e5c8ebb,linux1804-64-shippable-qr,True,False,,,102210fe594ee9b33d82058545b1ed14f4c8206e,startup_about_home_paint,startup_about_home_paint,True,startup_about_home_paint opt e10s fission stylo webrender-sw,,6,,firefox,,1714657746,2023-06-15 17:58:02,977.0,9eef95942305594426974a54ca94dd63489c7df0,1258224,,,,,,,,,,,,,,,,,,,,,,,,,,,,,,,,,,,,,,,,,,,,,,,,,,TN,,,,,,,,,,
mozilla-beta,4788073,1,2c0793d5bd36dd25ac51b0c394cc0b8b6e5c8ebb,linux1804-64-shippable-qr,True,False,,,102210fe594ee9b33d82058545b1ed14f4c8206e,startup_about_home_paint,startup_about_home_paint,True,startup_about_home_paint opt e10s fission stylo webrender-sw,,6,,firefox,,1714659047,2023-06-15 17:58:02,974.0,9eef95942305594426974a54ca94dd63489c7df0,1258224,,,,,,,,,,,,,,,,,,,,,,,,,,,,,,,,,,,,,,,,,,,,,,,,,,TN,,,,,,,,,,
mozilla-beta,4788073,1,2c0793d5bd36dd25ac51b0c394cc0b8b6e5c8ebb,linux1804-64-shippable-qr,True,False,,,102210fe594ee9b33d82058545b1ed14f4c8206e,startup_about_home_paint,startup_about_home_paint,True,startup_about_home_paint opt e10s fission stylo webrender-sw,,6,,firefox,,1714657784,2023-06-15 21:25:04,1016.0,91a3accabc940ce912c2daa4a823a15bb40fb960,1258399,,,,,,,,,,,,,,,,,,,,,,,,,,,,,,,,,,,,,,,,,,,,,,,,,,TN,,,,,,,,,,
mozilla-beta,4788073,1,2c0793d5bd36dd25ac51b0c394cc0b8b6e5c8ebb,linux1804-64-shippable-qr,True,False,,,102210fe594ee9b33d82058545b1ed14f4c8206e,startup_about_home_paint,startup_about_home_paint,True,startup_about_home_paint opt e10s fission stylo webrender-sw,,6,,firefox,,1714659107,2023-06-15 21:25:04,988.0,91a3accabc940ce912c2daa4a823a15bb40fb960,1258399,,,,,,,,,,,,,,,,,,,,,,,,,,,,,,,,,,,,,,,,,,,,,,,,,,TN,,,,,,,,,,
mozilla-beta,4788073,1,2c0793d5bd36dd25ac51b0c394cc0b8b6e5c8ebb,linux1804-64-shippable-qr,True,False,,,102210fe594ee9b33d82058545b1ed14f4c8206e,startup_about_home_paint,startup_about_home_paint,True,startup_about_home_paint opt e10s fission stylo webrender-sw,,6,,firefox,,1714657961,2023-06-15 21:31:47,980.0,cd3b70bf580f270ccec5406f2b46da599b8c77c0,1258405,,,,,,,,,,,,,,,,,,,,,,,,,,,,,,,,,,,,,,,,,,,,,,,,,,TN,,,,,,,,,,
mozilla-beta,4788073,1,2c0793d5bd36dd25ac51b0c394cc0b8b6e5c8ebb,linux1804-64-shippable-qr,True,False,,,102210fe594ee9b33d82058545b1ed14f4c8206e,startup_about_home_paint,startup_about_home_paint,True,startup_about_home_paint opt e10s fission stylo webrender-sw,,6,,firefox,,1714658164,2023-06-15 21:31:47,706.0,cd3b70bf580f270ccec5406f2b46da599b8c77c0,1258405,,,,,,,,,,,,,,,,,,,,,,,,,,,,,,,,,,,,,,,,,,,,,,,,,,TN,,,,,,,,,,
mozilla-beta,4788073,1,2c0793d5bd36dd25ac51b0c394cc0b8b6e5c8ebb,linux1804-64-shippable-qr,True,False,,,102210fe594ee9b33d82058545b1ed14f4c8206e,startup_about_home_paint,startup_about_home_paint,True,startup_about_home_paint opt e10s fission stylo webrender-sw,,6,,firefox,,1714658067,2023-06-16 00:18:37,997.0,fe266469b791826e71b2b2e86c479eace620eceb,1258546,,,,,,,,,,,,,,,,,,,,,,,,,,,,,,,,,,,,,,,,,,,,,,,,,,TN,,,,,,,,,,
mozilla-beta,4788073,1,2c0793d5bd36dd25ac51b0c394cc0b8b6e5c8ebb,linux1804-64-shippable-qr,True,False,,,102210fe594ee9b33d82058545b1ed14f4c8206e,startup_about_home_paint,startup_about_home_paint,True,startup_about_home_paint opt e10s fission stylo webrender-sw,,6,,firefox,,1714659296,2023-06-16 00:18:37,978.0,fe266469b791826e71b2b2e86c479eace620eceb,1258546,,,,,,,,,,,,,,,,,,,,,,,,,,,,,,,,,,,,,,,,,,,,,,,,,,TN,,,,,,,,,,
mozilla-beta,4788073,1,2c0793d5bd36dd25ac51b0c394cc0b8b6e5c8ebb,linux1804-64-shippable-qr,True,False,,,102210fe594ee9b33d82058545b1ed14f4c8206e,startup_about_home_paint,startup_about_home_paint,True,startup_about_home_paint opt e10s fission stylo webrender-sw,,6,,firefox,,1714657917,2023-06-16 00:29:37,987.0,a9ab4abda591bc764341ef54ccf38ca74ff378c1,1258556,,,,,,,,,,,,,,,,,,,,,,,,,,,,,,,,,,,,,,,,,,,,,,,,,,TN,,,,,,,,,,
mozilla-beta,4788073,1,2c0793d5bd36dd25ac51b0c394cc0b8b6e5c8ebb,linux1804-64-shippable-qr,True,False,,,102210fe594ee9b33d82058545b1ed14f4c8206e,startup_about_home_paint,startup_about_home_paint,True,startup_about_home_paint opt e10s fission stylo webrender-sw,,6,,firefox,,1714662643,2023-06-16 00:29:37,966.0,a9ab4abda591bc764341ef54ccf38ca74ff378c1,1258556,,,,,,,,,,,,,,,,,,,,,,,,,,,,,,,,,,,,,,,,,,,,,,,,,,TN,,,,,,,,,,
mozilla-beta,4788073,1,2c0793d5bd36dd25ac51b0c394cc0b8b6e5c8ebb,linux1804-64-shippable-qr,True,False,,,102210fe594ee9b33d82058545b1ed14f4c8206e,startup_about_home_paint,startup_about_home_paint,True,startup_about_home_paint opt e10s fission stylo webrender-sw,,6,,firefox,,1712583570,2023-06-16 12:17:47,943.0,e25852ed404ec6289f7c9f1023510a8444d4483a,1258818,,,,,,,,,,,,,,,,,,,,,,,,,,,,,,,,,,,,,,,,,,,,,,,,,,TN,,,,,,,,,,
mozilla-beta,4788073,1,2c0793d5bd36dd25ac51b0c394cc0b8b6e5c8ebb,linux1804-64-shippable-qr,True,False,,,102210fe594ee9b33d82058545b1ed14f4c8206e,startup_about_home_paint,startup_about_home_paint,True,startup_about_home_paint opt e10s fission stylo webrender-sw,,6,,firefox,,1714658326,2023-06-16 12:17:47,941.0,e25852ed404ec6289f7c9f1023510a8444d4483a,1258818,,,,,,,,,,,,,,,,,,,,,,,,,,,,,,,,,,,,,,,,,,,,,,,,,,TN,,,,,,,,,,
mozilla-beta,4788073,1,2c0793d5bd36dd25ac51b0c394cc0b8b6e5c8ebb,linux1804-64-shippable-qr,True,False,,,102210fe594ee9b33d82058545b1ed14f4c8206e,startup_about_home_paint,startup_about_home_paint,True,startup_about_home_paint opt e10s fission stylo webrender-sw,,6,,firefox,,1712703150,2023-06-16 14:00:16,932.0,9c261dccd96ad7615ed5dfa6bb2130b2d3199fee,1258885,,,,,,,,,,,,,,,,,,,,,,,,,,,,,,,,,,,,,,,,,,,,,,,,,,TN,,,,,,,,,,
mozilla-beta,4788073,1,2c0793d5bd36dd25ac51b0c394cc0b8b6e5c8ebb,linux1804-64-shippable-qr,True,False,,,102210fe594ee9b33d82058545b1ed14f4c8206e,startup_about_home_paint,startup_about_home_paint,True,startup_about_home_paint opt e10s fission stylo webrender-sw,,6,,firefox,,1712789367,2023-06-16 16:25:38,957.0,2d70dba8bc4fac04fc507a6843648c65e655a9fc,1259000,,,,,,,,,,,,,,,,,,,,,,,,,,,,,,,,,,,,,,,,,,,,,,,,,,TN,,,,,,,,,,
mozilla-beta,4788073,1,2c0793d5bd36dd25ac51b0c394cc0b8b6e5c8ebb,linux1804-64-shippable-qr,True,False,,,102210fe594ee9b33d82058545b1ed14f4c8206e,startup_about_home_paint,startup_about_home_paint,True,startup_about_home_paint opt e10s fission stylo webrender-sw,,6,,firefox,,1712842427,2023-06-16 17:26:28,946.0,0d1afa980fd5e9592d083e71a8f7b15c55d8da7a,1259042,,,,,,,,,,,,,,,,,,,,,,,,,,,,,,,,,,,,,,,,,,,,,,,,,,TN,,,,,,,,,,
mozilla-beta,4788073,1,2c0793d5bd36dd25ac51b0c394cc0b8b6e5c8ebb,linux1804-64-shippable-qr,True,False,,,102210fe594ee9b33d82058545b1ed14f4c8206e,startup_about_home_paint,startup_about_home_paint,True,startup_about_home_paint opt e10s fission stylo webrender-sw,,6,,firefox,,1712861339,2023-06-16 18:00:51,937.0,674af946dedcc6cb70fb6618f3260776f1b576a3,1259071,,,,,,,,,,,,,,,,,,,,,,,,,,,,,,,,,,,,,,,,,,,,,,,,,,TN,,,,,,,,,,
mozilla-beta,4788073,1,2c0793d5bd36dd25ac51b0c394cc0b8b6e5c8ebb,linux1804-64-shippable-qr,True,False,,,102210fe594ee9b33d82058545b1ed14f4c8206e,startup_about_home_paint,startup_about_home_paint,True,startup_about_home_paint opt e10s fission stylo webrender-sw,,6,,firefox,,1712878451,2023-06-16 18:38:48,953.0,52a96b277058ecfdb1675b8b331a6600d9ed0a72,1259110,,,,,,,,,,,,,,,,,,,,,,,,,,,,,,,,,,,,,,,,,,,,,,,,,,TN,,,,,,,,,,
mozilla-beta,4788073,1,2c0793d5bd36dd25ac51b0c394cc0b8b6e5c8ebb,linux1804-64-shippable-qr,True,False,,,102210fe594ee9b33d82058545b1ed14f4c8206e,startup_about_home_paint,startup_about_home_paint,True,startup_about_home_paint opt e10s fission stylo webrender-sw,,6,,firefox,,1713183389,2023-06-17 14:26:16,934.0,a0f771ea7ef5471029c3c2df766b55bb375dec59,1259379,,,,,,,,,,,,,,,,,,,,,,,,,,,,,,,,,,,,,,,,,,,,,,,,,,TN,,,,,,,,,,
mozilla-beta,4788073,1,2c0793d5bd36dd25ac51b0c394cc0b8b6e5c8ebb,linux1804-64-shippable-qr,True,False,,,102210fe594ee9b33d82058545b1ed14f4c8206e,startup_about_home_paint,startup_about_home_paint,True,startup_about_home_paint opt e10s fission stylo webrender-sw,,6,,firefox,,1713229079,2023-06-17 17:58:30,946.0,9bea68f5a93823e72353cd0a13950265001dea22,1259394,,,,,,,,,,,,,,,,,,,,,,,,,,,,,,,,,,,,,,,,,,,,,,,,,,TN,,,,,,,,,,
mozilla-beta,4788073,1,2c0793d5bd36dd25ac51b0c394cc0b8b6e5c8ebb,linux1804-64-shippable-qr,True,False,,,102210fe594ee9b33d82058545b1ed14f4c8206e,startup_about_home_paint,startup_about_home_paint,True,startup_about_home_paint opt e10s fission stylo webrender-sw,,6,,firefox,,1713499547,2023-06-18 18:02:18,936.0,b27c9dccd8728a3110d43ec3316d685a30479f7e,1259476,,,,,,,,,,,,,,,,,,,,,,,,,,,,,,,,,,,,,,,,,,,,,,,,,,TN,,,,,,,,,,
mozilla-beta,4788073,1,2c0793d5bd36dd25ac51b0c394cc0b8b6e5c8ebb,linux1804-64-shippable-qr,True,False,,,102210fe594ee9b33d82058545b1ed14f4c8206e,startup_about_home_paint,startup_about_home_paint,True,startup_about_home_paint opt e10s fission stylo webrender-sw,,6,,firefox,,1713989043,2023-06-19 13:34:03,948.0,adf8be9db85188012cda047766ed806a2017ec5d,1259766,,,,,,,,,,,,,,,,,,,,,,,,,,,,,,,,,,,,,,,,,,,,,,,,,,TN,,,,,,,,,,
mozilla-beta,4788073,1,2c0793d5bd36dd25ac51b0c394cc0b8b6e5c8ebb,linux1804-64-shippable-qr,True,False,,,102210fe594ee9b33d82058545b1ed14f4c8206e,startup_about_home_paint,startup_about_home_paint,True,startup_about_home_paint opt e10s fission stylo webrender-sw,,6,,firefox,,1714088051,2023-06-19 18:00:07,940.0,f5a4c8a56c4084fb474ef9a83dc8099331777010,1259894,,,,,,,,,,,,,,,,,,,,,,,,,,,,,,,,,,,,,,,,,,,,,,,,,,TN,,,,,,,,,,
mozilla-beta,4788073,1,2c0793d5bd36dd25ac51b0c394cc0b8b6e5c8ebb,linux1804-64-shippable-qr,True,False,,,102210fe594ee9b33d82058545b1ed14f4c8206e,startup_about_home_paint,startup_about_home_paint,True,startup_about_home_paint opt e10s fission stylo webrender-sw,,6,,firefox,,1714726699,2023-06-20 13:15:48,933.0,1fd1675876cf4ace179d70ab72cf9cc67ef382fd,1260317,,,,,,,,,,,,,,,,,,,,,,,,,,,,,,,,,,,,,,,,,,,,,,,,,,TN,,,,,,,,,,
mozilla-beta,4788073,1,2c0793d5bd36dd25ac51b0c394cc0b8b6e5c8ebb,linux1804-64-shippable-qr,True,False,,,102210fe594ee9b33d82058545b1ed14f4c8206e,startup_about_home_paint,startup_about_home_paint,True,startup_about_home_paint opt e10s fission stylo webrender-sw,,6,,firefox,,1714781954,2023-06-20 14:20:56,950.0,0e3e70a7494b91f847545f541f60c2afdffdc973,1260368,,,,,,,,,,,,,,,,,,,,,,,,,,,,,,,,,,,,,,,,,,,,,,,,,,TN,,,,,,,,,,
mozilla-beta,4788073,1,2c0793d5bd36dd25ac51b0c394cc0b8b6e5c8ebb,linux1804-64-shippable-qr,True,False,,,102210fe594ee9b33d82058545b1ed14f4c8206e,startup_about_home_paint,startup_about_home_paint,True,startup_about_home_paint opt e10s fission stylo webrender-sw,,6,,firefox,,1714903709,2023-06-20 16:59:19,959.0,d80d61687ffcaa2e80424701a477210e3c29e1e4,1260535,,,,,,,,,,,,,,,,,,,,,,,,,,,,,,,,,,,,,,,,,,,,,,,,,,TN,,,,,,,,,,
mozilla-beta,4788073,1,2c0793d5bd36dd25ac51b0c394cc0b8b6e5c8ebb,linux1804-64-shippable-qr,True,False,,,102210fe594ee9b33d82058545b1ed14f4c8206e,startup_about_home_paint,startup_about_home_paint,True,startup_about_home_paint opt e10s fission stylo webrender-sw,,6,,firefox,,1714921040,2023-06-20 17:24:22,944.0,fdd1d4854968d51f3c174deecd5ead8c74793315,1260558,,,,,,,,,,,,,,,,,,,,,,,,,,,,,,,,,,,,,,,,,,,,,,,,,,TN,,,,,,,,,,
mozilla-beta,4788073,1,2c0793d5bd36dd25ac51b0c394cc0b8b6e5c8ebb,linux1804-64-shippable-qr,True,False,,,102210fe594ee9b33d82058545b1ed14f4c8206e,startup_about_home_paint,startup_about_home_paint,True,startup_about_home_paint opt e10s fission stylo webrender-sw,,6,,firefox,,1714953322,2023-06-20 18:00:51,960.0,d30b3cd164afe66b9db586154a0af4b5d4791308,1260587,,,,,,,,,,,,,,,,,,,,,,,,,,,,,,,,,,,,,,,,,,,,,,,,,,TN,,,,,,,,,,
mozilla-beta,4788073,1,2c0793d5bd36dd25ac51b0c394cc0b8b6e5c8ebb,linux1804-64-shippable-qr,True,False,,,102210fe594ee9b33d82058545b1ed14f4c8206e,startup_about_home_paint,startup_about_home_paint,True,startup_about_home_paint opt e10s fission stylo webrender-sw,,6,,firefox,,1715662569,2023-06-21 13:26:34,950.0,cf1d9c398e1664622904b2d01e0eb2a9b42e5d54,1261229,,,,,,,,,,,,,,,,,,,,,,,,,,,,,,,,,,,,,,,,,,,,,,,,,,TN,,,,,,,,,,
mozilla-beta,4788073,1,2c0793d5bd36dd25ac51b0c394cc0b8b6e5c8ebb,linux1804-64-shippable-qr,True,False,,,102210fe594ee9b33d82058545b1ed14f4c8206e,startup_about_home_paint,startup_about_home_paint,True,startup_about_home_paint opt e10s fission stylo webrender-sw,,6,,firefox,,1715831211,2023-06-21 18:11:33,935.0,3a2f506cc4b8d7f3a8d99388d68485b5603f22ca,1261396,,,,,,,,,,,,,,,,,,,,,,,,,,,,,,,,,,,,,,,,,,,,,,,,,,TN,,,,,,,,,,
mozilla-beta,4788073,1,2c0793d5bd36dd25ac51b0c394cc0b8b6e5c8ebb,linux1804-64-shippable-qr,True,False,,,102210fe594ee9b33d82058545b1ed14f4c8206e,startup_about_home_paint,startup_about_home_paint,True,startup_about_home_paint opt e10s fission stylo webrender-sw,,6,,firefox,,1715912930,2023-06-21 20:07:35,941.0,f3ff17245015ec7abbec1cc6ee2cfce3b96bd3d5,1261505,,,,,,,,,,,,,,,,,,,,,,,,,,,,,,,,,,,,,,,,,,,,,,,,,,TN,,,,,,,,,,
mozilla-beta,4788073,1,2c0793d5bd36dd25ac51b0c394cc0b8b6e5c8ebb,linux1804-64-shippable-qr,True,False,,,102210fe594ee9b33d82058545b1ed14f4c8206e,startup_about_home_paint,startup_about_home_paint,True,startup_about_home_paint opt e10s fission stylo webrender-sw,,6,,firefox,,1716238953,2023-06-22 12:38:03,957.0,7da579f6a813f30bd4f009a2a1f7911def52e572,1262084,,,,,,,,,,,,,,,,,,,,,,,,,,,,,,,,,,,,,,,,,,,,,,,,,,TN,,,,,,,,,,
mozilla-beta,4788073,1,2c0793d5bd36dd25ac51b0c394cc0b8b6e5c8ebb,linux1804-64-shippable-qr,True,False,,,102210fe594ee9b33d82058545b1ed14f4c8206e,startup_about_home_paint,startup_about_home_paint,True,startup_about_home_paint opt e10s fission stylo webrender-sw,,6,,firefox,,1716252328,2023-06-22 13:03:32,938.0,6722dee8d3773705cd9d4eddb3baf3333015aed2,1262107,,,,,,,,,,,,,,,,,,,,,,,,,,,,,,,,,,,,,,,,,,,,,,,,,,TN,,,,,,,,,,
mozilla-beta,4788073,1,2c0793d5bd36dd25ac51b0c394cc0b8b6e5c8ebb,linux1804-64-shippable-qr,True,False,,,102210fe594ee9b33d82058545b1ed14f4c8206e,startup_about_home_paint,startup_about_home_paint,True,startup_about_home_paint opt e10s fission stylo webrender-sw,,6,,firefox,,1716267622,2023-06-22 13:08:25,950.0,3673ad484e13ce731e7fc368a7e6b114d5eeee44,1262111,,,,,,,,,,,,,,,,,,,,,,,,,,,,,,,,,,,,,,,,,,,,,,,,,,TN,,,,,,,,,,
mozilla-beta,4788073,1,2c0793d5bd36dd25ac51b0c394cc0b8b6e5c8ebb,linux1804-64-shippable-qr,True,False,,,102210fe594ee9b33d82058545b1ed14f4c8206e,startup_about_home_paint,startup_about_home_paint,True,startup_about_home_paint opt e10s fission stylo webrender-sw,,6,,firefox,,1716295459,2023-06-22 13:37:22,952.0,027186aaa28cc91b5f9484c62413e2a3936e84ca,1262125,,,,,,,,,,,,,,,,,,,,,,,,,,,,,,,,,,,,,,,,,,,,,,,,,,TN,,,,,,,,,,
mozilla-beta,4788073,1,2c0793d5bd36dd25ac51b0c394cc0b8b6e5c8ebb,linux1804-64-shippable-qr,True,False,,,102210fe594ee9b33d82058545b1ed14f4c8206e,startup_about_home_paint,startup_about_home_paint,True,startup_about_home_paint opt e10s fission stylo webrender-sw,,6,,firefox,,1716378674,2023-06-22 16:12:21,940.0,6cdb4c2436de23c3699b154aa73e6710a95c98b0,1262276,,,,,,,,,,,,,,,,,,,,,,,,,,,,,,,,,,,,,,,,,,,,,,,,,,TN,,,,,,,,,,
mozilla-beta,4788073,1,2c0793d5bd36dd25ac51b0c394cc0b8b6e5c8ebb,linux1804-64-shippable-qr,True,False,,,102210fe594ee9b33d82058545b1ed14f4c8206e,startup_about_home_paint,startup_about_home_paint,True,startup_about_home_paint opt e10s fission stylo webrender-sw,,6,,firefox,,1717015417,2023-06-23 13:38:03,932.0,6c222240ff315735f42bc230693f4ddfa0b6ac7f,1262945,,,,,,,,,,,,,,,,,,,,,,,,,,,,,,,,,,,,,,,,,,,,,,,,,,TN,,,,,,,,,,
mozilla-beta,4788073,1,2c0793d5bd36dd25ac51b0c394cc0b8b6e5c8ebb,linux1804-64-shippable-qr,True,False,,,102210fe594ee9b33d82058545b1ed14f4c8206e,startup_about_home_paint,startup_about_home_paint,True,startup_about_home_paint opt e10s fission stylo webrender-sw,,6,,firefox,,1717148038,2023-06-23 18:03:44,935.0,1ba3d3c99916f850738f21670775ef715521a5df,1263072,,,,,,,,,,,,,,,,,,,,,,,,,,,,,,,,,,,,,,,,,,,,,,,,,,TN,,,,,,,,,,
mozilla-beta,4788073,1,2c0793d5bd36dd25ac51b0c394cc0b8b6e5c8ebb,linux1804-64-shippable-qr,True,False,,,102210fe594ee9b33d82058545b1ed14f4c8206e,startup_about_home_paint,startup_about_home_paint,True,startup_about_home_paint opt e10s fission stylo webrender-sw,,6,,firefox,,1717183771,2023-06-23 18:52:54,954.0,6e906785da867056a855a34df3f92db65b8a7c49,1263096,,,,,,,,,,,,,,,,,,,,,,,,,,,,,,,,,,,,,,,,,,,,,,,,,,TN,,,,,,,,,,
mozilla-beta,4788073,1,2c0793d5bd36dd25ac51b0c394cc0b8b6e5c8ebb,linux1804-64-shippable-qr,True,False,,,102210fe594ee9b33d82058545b1ed14f4c8206e,startup_about_home_paint,startup_about_home_paint,True,startup_about_home_paint opt e10s fission stylo webrender-sw,,6,,firefox,,1717313775,2023-06-24 13:12:41,960.0,3b9f2c4be4f6e4271c11c1d4407eae55196c950d,1263171,,,,,,,,,,,,,,,,,,,,,,,,,,,,,,,,,,,,,,,,,,,,,,,,,,TN,,,,,,,,,,
mozilla-beta,4788073,1,2c0793d5bd36dd25ac51b0c394cc0b8b6e5c8ebb,linux1804-64-shippable-qr,True,False,,,102210fe594ee9b33d82058545b1ed14f4c8206e,startup_about_home_paint,startup_about_home_paint,True,startup_about_home_paint opt e10s fission stylo webrender-sw,,6,,firefox,,1717359296,2023-06-24 18:00:33,936.0,4576212ef8edf2209dd7f1b3605a741be564cf74,1263268,,,,,,,,,,,,,,,,,,,,,,,,,,,,,,,,,,,,,,,,,,,,,,,,,,TN,,,,,,,,,,
mozilla-beta,4788073,1,2c0793d5bd36dd25ac51b0c394cc0b8b6e5c8ebb,linux1804-64-shippable-qr,True,False,,,102210fe594ee9b33d82058545b1ed14f4c8206e,startup_about_home_paint,startup_about_home_paint,True,startup_about_home_paint opt e10s fission stylo webrender-sw,,6,,firefox,,1717449083,2023-06-24 22:36:22,948.0,fa15ea81806e25491783ce0553573fb780959801,1263284,,,,,,,,,,,,,,,,,,,,,,,,,,,,,,,,,,,,,,,,,,,,,,,,,,TN,,,,,,,,,,
mozilla-beta,4788073,1,2c0793d5bd36dd25ac51b0c394cc0b8b6e5c8ebb,linux1804-64-shippable-qr,True,False,,,102210fe594ee9b33d82058545b1ed14f4c8206e,startup_about_home_paint,startup_about_home_paint,True,startup_about_home_paint opt e10s fission stylo webrender-sw,,6,,firefox,,1717522029,2023-06-25 17:59:55,946.0,35de7f48bd8fa9ca1ba185a0021f2d1cafa7f49e,1263345,,,,,,,,,,,,,,,,,,,,,,,,,,,,,,,,,,,,,,,,,,,,,,,,,,TN,,,,,,,,,,
mozilla-beta,4788073,1,2c0793d5bd36dd25ac51b0c394cc0b8b6e5c8ebb,linux1804-64-shippable-qr,True,False,,,102210fe594ee9b33d82058545b1ed14f4c8206e,startup_about_home_paint,startup_about_home_paint,True,startup_about_home_paint opt e10s fission stylo webrender-sw,,6,,firefox,,1717835164,2023-06-26 13:12:41,940.0,f539365f51c8542b1e354b68e50907668f16878d,1263655,,,,,,,,,,,,,,,,,,,,,,,,,,,,,,,,,,,,,,,,,,,,,,,,,,TN,,,,,,,,,,
mozilla-beta,4788073,1,2c0793d5bd36dd25ac51b0c394cc0b8b6e5c8ebb,linux1804-64-shippable-qr,True,False,,,102210fe594ee9b33d82058545b1ed14f4c8206e,startup_about_home_paint,startup_about_home_paint,True,startup_about_home_paint opt e10s fission stylo webrender-sw,,6,,firefox,,1717865270,2023-06-26 14:05:49,954.0,035b72e275569245ab5c8844f4ddca8f5ce7da42,1263698,,,,,,,,,,,,,,,,,,,,,,,,,,,,,,,,,,,,,,,,,,,,,,,,,,TN,,,,,,,,,,
mozilla-beta,4788073,1,2c0793d5bd36dd25ac51b0c394cc0b8b6e5c8ebb,linux1804-64-shippable-qr,True,False,,,102210fe594ee9b33d82058545b1ed14f4c8206e,startup_about_home_paint,startup_about_home_paint,True,startup_about_home_paint opt e10s fission stylo webrender-sw,,6,,firefox,,1720956165,2023-07-04 08:05:00,961.0,d3cecb35f77946efdfc851b00241e7cfb248d4f5,1267289,,,,,,,,,,,,,,,,,,,,,,,,,,,,,,,,,,,,,,,,,,,,,,,,,,TN,,,,,,,,,,
mozilla-beta,4788073,1,2c0793d5bd36dd25ac51b0c394cc0b8b6e5c8ebb,linux1804-64-shippable-qr,True,False,,,102210fe594ee9b33d82058545b1ed14f4c8206e,startup_about_home_paint,startup_about_home_paint,True,startup_about_home_paint opt e10s fission stylo webrender-sw,,6,,firefox,,1720944415,2023-07-04 08:13:20,988.0,8ac42d8638fae465733db49debf49675c6b20697,1267293,,,,,,,,,,,,,,,,,,,,,,,,,,,,,,,,,,,,,,,,,,,,,,,,,,TN,,,,,,,,,,
mozilla-beta,4788073,1,2c0793d5bd36dd25ac51b0c394cc0b8b6e5c8ebb,linux1804-64-shippable-qr,True,False,,,102210fe594ee9b33d82058545b1ed14f4c8206e,startup_about_home_paint,startup_about_home_paint,True,startup_about_home_paint opt e10s fission stylo webrender-sw,,6,,firefox,,1721199066,2023-07-04 17:59:10,951.0,d7e3fb8cd375eaf56ea5d3a43285557eaee0a5e0,1267597,,,,,,,,,,,,,,,,,,,,,,,,,,,,,,,,,,,,,,,,,,,,,,,,,,TN,,,,,,,,,,
mozilla-beta,4788073,1,2c0793d5bd36dd25ac51b0c394cc0b8b6e5c8ebb,linux1804-64-shippable-qr,True,False,,,102210fe594ee9b33d82058545b1ed14f4c8206e,startup_about_home_paint,startup_about_home_paint,True,startup_about_home_paint opt e10s fission stylo webrender-sw,,6,,firefox,,1721293111,2023-07-04 20:50:41,960.0,2251a5bd1148826e0c1e6b3d0c5c6985f6284372,1267656,,,,,,,,,,,,,,,,,,,,,,,,,,,,,,,,,,,,,,,,,,,,,,,,,,TN,,,,,,,,,,
mozilla-beta,4788073,1,2c0793d5bd36dd25ac51b0c394cc0b8b6e5c8ebb,linux1804-64-shippable-qr,True,False,,,102210fe594ee9b33d82058545b1ed14f4c8206e,startup_about_home_paint,startup_about_home_paint,True,startup_about_home_paint opt e10s fission stylo webrender-sw,,6,,firefox,,1721832864,2023-07-05 18:01:37,951.0,c0cb0ed5b9e39efd1be1f0d0dee1d03db2f8c4af,1268100,,,,,,,,,,,,,,,,,,,,,,,,,,,,,,,,,,,,,,,,,,,,,,,,,,TN,,,,,,,,,,
mozilla-beta,4788073,1,2c0793d5bd36dd25ac51b0c394cc0b8b6e5c8ebb,linux1804-64-shippable-qr,True,False,,,102210fe594ee9b33d82058545b1ed14f4c8206e,startup_about_home_paint,startup_about_home_paint,True,startup_about_home_paint opt e10s fission stylo webrender-sw,,6,,firefox,,1721944320,2023-07-05 22:18:29,976.0,5b26c16edbef4a3fef8c57d63a680eb3417f22fd,1268276,,,,,,,,,,,,,,,,,,,,,,,,,,,,,,,,,,,,,,,,,,,,,,,,,,TN,,,,,,,,,,
mozilla-beta,4788073,1,2c0793d5bd36dd25ac51b0c394cc0b8b6e5c8ebb,linux1804-64-shippable-qr,True,False,,,102210fe594ee9b33d82058545b1ed14f4c8206e,startup_about_home_paint,startup_about_home_paint,True,startup_about_home_paint opt e10s fission stylo webrender-sw,,6,,firefox,,1722251574,2023-07-06 14:26:52,977.0,3935d29947b87bf51e6b103f3722fcf0649a883e,1268671,,,,,,,,,,,,,,,,,,,,,,,,,,,,,,,,,,,,,,,,,,,,,,,,,,TN,,,,,,,,,,
mozilla-beta,4788073,1,2c0793d5bd36dd25ac51b0c394cc0b8b6e5c8ebb,linux1804-64-shippable-qr,True,False,,,102210fe594ee9b33d82058545b1ed14f4c8206e,startup_about_home_paint,startup_about_home_paint,True,startup_about_home_paint opt e10s fission stylo webrender-sw,,6,,firefox,,1722312125,2023-07-06 15:48:00,973.0,b2838888a0e8eb0d0c60ef66175758b37c95f0c5,1268740,,,,,,,,,,,,,,,,,,,,,,,,,,,,,,,,,,,,,,,,,,,,,,,,,,TN,,,,,,,,,,
mozilla-beta,4788073,1,2c0793d5bd36dd25ac51b0c394cc0b8b6e5c8ebb,linux1804-64-shippable-qr,True,False,,,102210fe594ee9b33d82058545b1ed14f4c8206e,startup_about_home_paint,startup_about_home_paint,True,startup_about_home_paint opt e10s fission stylo webrender-sw,,6,,firefox,,1722380796,2023-07-06 18:02:11,959.0,c8d180ec428a1ceddf5cfb7d1afe16d9e09dcc78,1268824,,,,,,,,,,,,,,,,,,,,,,,,,,,,,,,,,,,,,,,,,,,,,,,,,,TN,,,,,,,,,,
mozilla-beta,4788073,1,2c0793d5bd36dd25ac51b0c394cc0b8b6e5c8ebb,linux1804-64-shippable-qr,True,False,,,102210fe594ee9b33d82058545b1ed14f4c8206e,startup_about_home_paint,startup_about_home_paint,True,startup_about_home_paint opt e10s fission stylo webrender-sw,,6,,firefox,,1722461757,2023-07-06 19:39:12,960.0,1b6b2288a0f47b37ab70eeb64f69bebf7442b138,1268893,,,,,,,,,,,,,,,,,,,,,,,,,,,,,,,,,,,,,,,,,,,,,,,,,,TN,,,,,,,,,,
mozilla-beta,4788073,1,2c0793d5bd36dd25ac51b0c394cc0b8b6e5c8ebb,linux1804-64-shippable-qr,True,False,,,102210fe594ee9b33d82058545b1ed14f4c8206e,startup_about_home_paint,startup_about_home_paint,True,startup_about_home_paint opt e10s fission stylo webrender-sw,,6,,firefox,,1722972377,2023-07-07 17:59:16,968.0,97a7b5a61f68e2ac160fe29147306071599bcab2,1269470,,,,,,,,,,,,,,,,,,,,,,,,,,,,,,,,,,,,,,,,,,,,,,,,,,TN,,,,,,,,,,
mozilla-beta,4788073,1,2c0793d5bd36dd25ac51b0c394cc0b8b6e5c8ebb,linux1804-64-shippable-qr,True,False,,,102210fe594ee9b33d82058545b1ed14f4c8206e,startup_about_home_paint,startup_about_home_paint,True,startup_about_home_paint opt e10s fission stylo webrender-sw,,6,,firefox,,1723016649,2023-07-07 18:52:45,957.0,8c0f8e058e2d2074662db140fe4f5ee081fc8202,1269502,,,,,,,,,,,,,,,,,,,,,,,,,,,,,,,,,,,,,,,,,,,,,,,,,,TN,,,,,,,,,,
mozilla-beta,4788073,1,2c0793d5bd36dd25ac51b0c394cc0b8b6e5c8ebb,linux1804-64-shippable-qr,True,False,,,102210fe594ee9b33d82058545b1ed14f4c8206e,startup_about_home_paint,startup_about_home_paint,True,startup_about_home_paint opt e10s fission stylo webrender-sw,,6,,firefox,,1723370890,2023-07-08 14:56:49,964.0,80e901c4ae8730b0252c8ec0a16be620158010a7,1269733,,,,,,,,,,,,,,,,,,,,,,,,,,,,,,,,,,,,,,,,,,,,,,,,,,TN,,,,,,,,,,
mozilla-beta,4788073,1,2c0793d5bd36dd25ac51b0c394cc0b8b6e5c8ebb,linux1804-64-shippable-qr,True,False,,,102210fe594ee9b33d82058545b1ed14f4c8206e,startup_about_home_paint,startup_about_home_paint,True,startup_about_home_paint opt e10s fission stylo webrender-sw,,6,,firefox,,1723404265,2023-07-08 17:59:20,957.0,412cbf20869a7438910dbeb0737a67532237ab7f,1269749,,,,,,,,,,,,,,,,,,,,,,,,,,,,,,,,,,,,,,,,,,,,,,,,,,TN,,,,,,,,,,
mozilla-beta,4788073,1,2c0793d5bd36dd25ac51b0c394cc0b8b6e5c8ebb,linux1804-64-shippable-qr,True,False,,,102210fe594ee9b33d82058545b1ed14f4c8206e,startup_about_home_paint,startup_about_home_paint,True,startup_about_home_paint opt e10s fission stylo webrender-sw,,6,,firefox,,1723593962,2023-07-09 15:07:05,962.0,bd50e163e8d84f51ef341846fb9f41f281917384,1269852,,,,,,,,,,,,,,,,,,,,,,,,,,,,,,,,,,,,,,,,,,,,,,,,,,TN,,,,,,,,,,
mozilla-beta,4788073,1,2c0793d5bd36dd25ac51b0c394cc0b8b6e5c8ebb,linux1804-64-shippable-qr,True,False,,,102210fe594ee9b33d82058545b1ed14f4c8206e,startup_about_home_paint,startup_about_home_paint,True,startup_about_home_paint opt e10s fission stylo webrender-sw,,6,,firefox,,1723644590,2023-07-09 17:59:49,956.0,d98ec7555bb1b00ef809e279882492340c88e7a5,1269878,,,,,,,,,,,,,,,,,,,,,,,,,,,,,,,,,,,,,,,,,,,,,,,,,,TN,,,,,,,,,,
mozilla-beta,4788073,1,2c0793d5bd36dd25ac51b0c394cc0b8b6e5c8ebb,linux1804-64-shippable-qr,True,False,,,102210fe594ee9b33d82058545b1ed14f4c8206e,startup_about_home_paint,startup_about_home_paint,True,startup_about_home_paint opt e10s fission stylo webrender-sw,,6,,firefox,,1724023823,2023-07-10 13:57:38,957.0,28f60d3dfc47352e5f5b187c3e4b4a912ed6fed7,1270196,,,,,,,,,,,,,,,,,,,,,,,,,,,,,,,,,,,,,,,,,,,,,,,,,,TN,,,,,,,,,,
mozilla-beta,4788073,1,2c0793d5bd36dd25ac51b0c394cc0b8b6e5c8ebb,linux1804-64-shippable-qr,True,False,,,102210fe594ee9b33d82058545b1ed14f4c8206e,startup_about_home_paint,startup_about_home_paint,True,startup_about_home_paint opt e10s fission stylo webrender-sw,,6,,firefox,,1724195560,2023-07-10 18:02:54,957.0,c80f0af649a4cd12fe9bcdaa48183f8417827feb,1270318,,,,,,,,,,,,,,,,,,,,,,,,,,,,,,,,,,,,,,,,,,,,,,,,,,TN,,,,,,,,,,
mozilla-beta,4788073,1,2c0793d5bd36dd25ac51b0c394cc0b8b6e5c8ebb,linux1804-64-shippable-qr,True,False,,,102210fe594ee9b33d82058545b1ed14f4c8206e,startup_about_home_paint,startup_about_home_paint,True,startup_about_home_paint opt e10s fission stylo webrender-sw,,6,,firefox,,1724287650,2023-07-11 00:09:58,965.0,1dcdc0d37b33c854558ec0ef2561545b2254d192,1270529,,,,,,,,,,,,,,,,,,,,,,,,,,,,,,,,,,,,,,,,,,,,,,,,,,TN,,,,,,,,,,
mozilla-beta,4788073,1,2c0793d5bd36dd25ac51b0c394cc0b8b6e5c8ebb,linux1804-64-shippable-qr,True,False,,,102210fe594ee9b33d82058545b1ed14f4c8206e,startup_about_home_paint,startup_about_home_paint,True,startup_about_home_paint opt e10s fission stylo webrender-sw,,6,,firefox,,1724550972,2023-07-11 12:10:33,970.0,a155fa3223a58c6670aaa0c7f7a621b0a8dfd812,1270743,,,,,,,,,,,,,,,,,,,,,,,,,,,,,,,,,,,,,,,,,,,,,,,,,,TN,,,,,,,,,,
mozilla-beta,4788073,1,2c0793d5bd36dd25ac51b0c394cc0b8b6e5c8ebb,linux1804-64-shippable-qr,True,False,,,102210fe594ee9b33d82058545b1ed14f4c8206e,startup_about_home_paint,startup_about_home_paint,True,startup_about_home_paint opt e10s fission stylo webrender-sw,,6,,firefox,,1724590132,2023-07-11 13:49:09,954.0,d59e19237835de1d09c0980460e8c18f149c2cb1,1270799,,,,,,,,,,,,,,,,,,,,,,,,,,,,,,,,,,,,,,,,,,,,,,,,,,TN,,,,,,,,,,
mozilla-beta,4788073,1,2c0793d5bd36dd25ac51b0c394cc0b8b6e5c8ebb,linux1804-64-shippable-qr,True,False,,,102210fe594ee9b33d82058545b1ed14f4c8206e,startup_about_home_paint,startup_about_home_paint,True,startup_about_home_paint opt e10s fission stylo webrender-sw,,6,,firefox,,1724733750,2023-07-11 17:59:23,956.0,dec4b42fd0a8e659f317a53a70de7fe0a6375b4d,1270960,,,,,,,,,,,,,,,,,,,,,,,,,,,,,,,,,,,,,,,,,,,,,,,,,,TN,,,,,,,,,,
mozilla-beta,4788073,1,2c0793d5bd36dd25ac51b0c394cc0b8b6e5c8ebb,linux1804-64-shippable-qr,True,False,,,102210fe594ee9b33d82058545b1ed14f4c8206e,startup_about_home_paint,startup_about_home_paint,True,startup_about_home_paint opt e10s fission stylo webrender-sw,,6,,firefox,,1724750772,2023-07-11 18:30:52,967.0,d115233f6cf619edaf715843896dd904ffc421cb,1270975,,,,,,,,,,,,,,,,,,,,,,,,,,,,,,,,,,,,,,,,,,,,,,,,,,TN,,,,,,,,,,
mozilla-beta,4788073,1,2c0793d5bd36dd25ac51b0c394cc0b8b6e5c8ebb,linux1804-64-shippable-qr,True,False,,,102210fe594ee9b33d82058545b1ed14f4c8206e,startup_about_home_paint,startup_about_home_paint,True,startup_about_home_paint opt e10s fission stylo webrender-sw,,6,,firefox,,1725233749,2023-07-12 18:58:21,953.0,52c1585352356cd4c42ae2b1385961b2f88be67b,1271633,,,,,,,,,,,,,,,,,,,,,,,,,,,,,,,,,,,,,,,,,,,,,,,,,,TN,,,,,,,,,,
mozilla-beta,4788073,1,2c0793d5bd36dd25ac51b0c394cc0b8b6e5c8ebb,linux1804-64-shippable-qr,True,False,,,102210fe594ee9b33d82058545b1ed14f4c8206e,startup_about_home_paint,startup_about_home_paint,True,startup_about_home_paint opt e10s fission stylo webrender-sw,,6,,firefox,,1725646390,2023-07-13 14:00:45,954.0,3eb5925071ba3fd23d2808498d6db974e022a597,1272156,,,,,,,,,,,,,,,,,,,,,,,,,,,,,,,,,,,,,,,,,,,,,,,,,,TN,,,,,,,,,,
mozilla-beta,4788073,1,2c0793d5bd36dd25ac51b0c394cc0b8b6e5c8ebb,linux1804-64-shippable-qr,True,False,,,102210fe594ee9b33d82058545b1ed14f4c8206e,startup_about_home_paint,startup_about_home_paint,True,startup_about_home_paint opt e10s fission stylo webrender-sw,,6,,firefox,,1725649114,2023-07-13 14:21:58,954.0,4444bd2d76ad1f0ef6f4aff7e59e8e9db81f2305,1272177,,,,,,,,,,,,,,,,,,,,,,,,,,,,,,,,,,,,,,,,,,,,,,,,,,TN,,,,,,,,,,
mozilla-beta,4788073,1,2c0793d5bd36dd25ac51b0c394cc0b8b6e5c8ebb,linux1804-64-shippable-qr,True,False,,,102210fe594ee9b33d82058545b1ed14f4c8206e,startup_about_home_paint,startup_about_home_paint,True,startup_about_home_paint opt e10s fission stylo webrender-sw,,6,,firefox,,1725746898,2023-07-13 16:48:18,969.0,7a01db8a8e8ad141961b2f5fdf44a2e771de0d46,1272282,,,,,,,,,,,,,,,,,,,,,,,,,,,,,,,,,,,,,,,,,,,,,,,,,,TN,,,,,,,,,,
mozilla-beta,4788073,1,2c0793d5bd36dd25ac51b0c394cc0b8b6e5c8ebb,linux1804-64-shippable-qr,True,False,,,102210fe594ee9b33d82058545b1ed14f4c8206e,startup_about_home_paint,startup_about_home_paint,True,startup_about_home_paint opt e10s fission stylo webrender-sw,,6,,firefox,,1725773149,2023-07-13 17:59:05,962.0,1871adf64271aebcccf19ede8eee47585bfadb3c,1272345,,,,,,,,,,,,,,,,,,,,,,,,,,,,,,,,,,,,,,,,,,,,,,,,,,TN,,,,,,,,,,
mozilla-beta,4788073,1,2c0793d5bd36dd25ac51b0c394cc0b8b6e5c8ebb,linux1804-64-shippable-qr,True,False,,,102210fe594ee9b33d82058545b1ed14f4c8206e,startup_about_home_paint,startup_about_home_paint,True,startup_about_home_paint opt e10s fission stylo webrender-sw,,6,,firefox,,1728694078,2023-07-13 21:23:54,955.0,1ec521f2d1b011bd7cc03eb3dbf4585e23586048,1272448,,,,,,,,,,,,,,,,,,,,,,,,,,,,,,,,,,,,,,,,,,,,,,,,,,TN,,,,,,,,,,
mozilla-beta,4788073,1,2c0793d5bd36dd25ac51b0c394cc0b8b6e5c8ebb,linux1804-64-shippable-qr,True,False,,,102210fe594ee9b33d82058545b1ed14f4c8206e,startup_about_home_paint,startup_about_home_paint,True,startup_about_home_paint opt e10s fission stylo webrender-sw,,6,,firefox,,1728694164,2023-07-13 21:32:11,976.0,bee70c06756951f8c2f484e904e70d88f142449e,1272451,,,,,,,,,,,,,,,,,,,,,,,,,,,,,,,,,,,,,,,,,,,,,,,,,,TN,,,,,,,,,,
mozilla-beta,4788073,1,2c0793d5bd36dd25ac51b0c394cc0b8b6e5c8ebb,linux1804-64-shippable-qr,True,False,,,102210fe594ee9b33d82058545b1ed14f4c8206e,startup_about_home_paint,startup_about_home_paint,True,startup_about_home_paint opt e10s fission stylo webrender-sw,,6,,firefox,,1728694299,2023-07-14 00:24:41,959.0,2aa13636edc68330e942dfe9041e9222e9e5917d,1272542,,,,,,,,,,,,,,,,,,,,,,,,,,,,,,,,,,,,,,,,,,,,,,,,,,TN,,,,,,,,,,
mozilla-beta,4788073,1,2c0793d5bd36dd25ac51b0c394cc0b8b6e5c8ebb,linux1804-64-shippable-qr,True,False,,,102210fe594ee9b33d82058545b1ed14f4c8206e,startup_about_home_paint,startup_about_home_paint,True,startup_about_home_paint opt e10s fission stylo webrender-sw,,6,,firefox,,1728694359,2023-07-14 00:43:09,966.0,1e6102f601b267706656b41078f06de1af53d380,1272551,,,,,,,,,,,,,,,,,,,,,,,,,,,,,,,,,,,,,,,,,,,,,,,,,,TN,,,,,,,,,,
mozilla-beta,4788073,1,2c0793d5bd36dd25ac51b0c394cc0b8b6e5c8ebb,linux1804-64-shippable-qr,True,False,,,102210fe594ee9b33d82058545b1ed14f4c8206e,startup_about_home_paint,startup_about_home_paint,True,startup_about_home_paint opt e10s fission stylo webrender-sw,,6,,firefox,,1726186250,2023-07-14 13:29:22,955.0,e1d02b6887bb1dcb547f064f74c499da04158df9,1272741,,,,,,,,,,,,,,,,,,,,,,,,,,,,,,,,,,,,,,,,,,,,,,,,,,TN,,,,,,,,,,
mozilla-beta,4788073,1,2c0793d5bd36dd25ac51b0c394cc0b8b6e5c8ebb,linux1804-64-shippable-qr,True,False,,,102210fe594ee9b33d82058545b1ed14f4c8206e,startup_about_home_paint,startup_about_home_paint,True,startup_about_home_paint opt e10s fission stylo webrender-sw,,6,,firefox,,1726240143,2023-07-14 14:18:32,944.0,c83566264750894d2aa083bfec3b4dddcbaf26c7,1272769,,,,,,,,,,,,,,,,,,,,,,,,,,,,,,,,,,,,,,,,,,,,,,,,,,TN,,,,,,,,,,
mozilla-beta,4788073,1,2c0793d5bd36dd25ac51b0c394cc0b8b6e5c8ebb,linux1804-64-shippable-qr,True,False,,,102210fe594ee9b33d82058545b1ed14f4c8206e,startup_about_home_paint,startup_about_home_paint,True,startup_about_home_paint opt e10s fission stylo webrender-sw,,6,,firefox,,1726365472,2023-07-14 17:59:09,949.0,f7629ac11e34075dac560bf31065851d441abc3c,1272899,,,,,,,,,,,,,,,,,,,,,,,,,,,,,,,,,,,,,,,,,,,,,,,,,,TN,,,,,,,,,,
mozilla-beta,4788073,1,2c0793d5bd36dd25ac51b0c394cc0b8b6e5c8ebb,linux1804-64-shippable-qr,True,False,,,102210fe594ee9b33d82058545b1ed14f4c8206e,startup_about_home_paint,startup_about_home_paint,True,startup_about_home_paint opt e10s fission stylo webrender-sw,,6,,firefox,,1726606648,2023-07-15 18:04:22,960.0,dec6f8c6dcc74ba79246da43fd6e20d0eb7f7c0e,1273123,,,,,,,,,,,,,,,,,,,,,,,,,,,,,,,,,,,,,,,,,,,,,,,,,,TN,,,,,,,,,,
mozilla-beta,4788073,1,2c0793d5bd36dd25ac51b0c394cc0b8b6e5c8ebb,linux1804-64-shippable-qr,True,False,,,102210fe594ee9b33d82058545b1ed14f4c8206e,startup_about_home_paint,startup_about_home_paint,True,startup_about_home_paint opt e10s fission stylo webrender-sw,,6,,firefox,,1726730609,2023-07-16 13:41:25,952.0,9c3147a3e07e168fcaabf4b3783fd84c69a9d24e,1273177,39085.0,1273177.0,1273123.0,2023-07-19T21:38:40.399578,2023-07-21T18:11:28.751263,2023-07-24T21:38:40.399578,mozilla-beta,1.0,178826.0,2.0,1.0,2c0793d5bd36dd25ac51b0c394cc0b8b6e5c8ebb,linux1804-64-shippable-qr,startup_about_home_paint,startup_about_home_paint,True,False,102210fe594ee9b33d82058545b1ed14f4c8206e,,"e10s, fission, stylo, webrender-sw",,,,,,,,,,False,958.7,937.25,7.28,-21.45,2.24,39085.0,39109.0,False,mozilla-ldap/aglavic@mozilla.com,False,aglavic@mozilla.com,,,,,,,OK,,SP,,2023-07-26T21:38:40.399578,,1.0,,1689514885.0,dec6f8c6dcc74ba79246da43fd6e20d0eb7f7c0e,,,
mozilla-beta,4788073,1,2c0793d5bd36dd25ac51b0c394cc0b8b6e5c8ebb,linux1804-64-shippable-qr,True,False,,,102210fe594ee9b33d82058545b1ed14f4c8206e,startup_about_home_paint,startup_about_home_paint,True,startup_about_home_paint opt e10s fission stylo webrender-sw,,6,,firefox,,1726759994,2023-07-16 18:03:34,938.0,cd8c75069cbacdf88ad33dd00ecb9ab12c7ec1e4,1273187,,,,,,,,,,,,,,,,,,,,,,,,,,,,,,,,,,,,,,,,,,,,,,,,,,TN,,,,,,,,,,
mozilla-beta,4788073,1,2c0793d5bd36dd25ac51b0c394cc0b8b6e5c8ebb,linux1804-64-shippable-qr,True,False,,,102210fe594ee9b33d82058545b1ed14f4c8206e,startup_about_home_paint,startup_about_home_paint,True,startup_about_home_paint opt e10s fission stylo webrender-sw,,6,,firefox,,1726973639,2023-07-17 15:06:07,935.0,6aa12630de4d96f69b09566023e74acb81e116c4,1273493,,,,,,,,,,,,,,,,,,,,,,,,,,,,,,,,,,,,,,,,,,,,,,,,,,TN,,,,,,,,,,
mozilla-beta,4788073,1,2c0793d5bd36dd25ac51b0c394cc0b8b6e5c8ebb,linux1804-64-shippable-qr,True,False,,,102210fe594ee9b33d82058545b1ed14f4c8206e,startup_about_home_paint,startup_about_home_paint,True,startup_about_home_paint opt e10s fission stylo webrender-sw,,6,,firefox,,1727056826,2023-07-17 17:57:13,933.0,2ddfa7d38c38cf2a3242ea76a3326a0586a2efdc,1273601,,,,,,,,,,,,,,,,,,,,,,,,,,,,,,,,,,,,,,,,,,,,,,,,,,TN,,,,,,,,,,
mozilla-beta,4788073,1,2c0793d5bd36dd25ac51b0c394cc0b8b6e5c8ebb,linux1804-64-shippable-qr,True,False,,,102210fe594ee9b33d82058545b1ed14f4c8206e,startup_about_home_paint,startup_about_home_paint,True,startup_about_home_paint opt e10s fission stylo webrender-sw,,6,,firefox,,1727077696,2023-07-17 18:13:26,929.0,0423f240445837264164498d5f822c75d5427177,1273620,,,,,,,,,,,,,,,,,,,,,,,,,,,,,,,,,,,,,,,,,,,,,,,,,,TN,,,,,,,,,,
mozilla-beta,4788073,1,2c0793d5bd36dd25ac51b0c394cc0b8b6e5c8ebb,linux1804-64-shippable-qr,True,False,,,102210fe594ee9b33d82058545b1ed14f4c8206e,startup_about_home_paint,startup_about_home_paint,True,startup_about_home_paint opt e10s fission stylo webrender-sw,,6,,firefox,,1727499069,2023-07-18 12:20:04,936.0,ba11c78ce3b0121f57637dd734e829791d2dfcc4,1274042,,,,,,,,,,,,,,,,,,,,,,,,,,,,,,,,,,,,,,,,,,,,,,,,,,TN,,,,,,,,,,
mozilla-beta,4788073,1,2c0793d5bd36dd25ac51b0c394cc0b8b6e5c8ebb,linux1804-64-shippable-qr,True,False,,,102210fe594ee9b33d82058545b1ed14f4c8206e,startup_about_home_paint,startup_about_home_paint,True,startup_about_home_paint opt e10s fission stylo webrender-sw,,6,,firefox,,1727635697,2023-07-18 17:47:25,926.0,fd830f72726b11de269b925cbd66ea0645dd9491,1274232,,,,,,,,,,,,,,,,,,,,,,,,,,,,,,,,,,,,,,,,,,,,,,,,,,TN,,,,,,,,,,
mozilla-beta,4788073,1,2c0793d5bd36dd25ac51b0c394cc0b8b6e5c8ebb,linux1804-64-shippable-qr,True,False,,,102210fe594ee9b33d82058545b1ed14f4c8206e,startup_about_home_paint,startup_about_home_paint,True,startup_about_home_paint opt e10s fission stylo webrender-sw,,6,,firefox,,1727675470,2023-07-18 18:01:35,944.0,34301d4d9d7ede8d86907dd4cc41f9fc7d5d7d94,1274236,,,,,,,,,,,,,,,,,,,,,,,,,,,,,,,,,,,,,,,,,,,,,,,,,,TN,,,,,,,,,,
mozilla-beta,4788073,1,2c0793d5bd36dd25ac51b0c394cc0b8b6e5c8ebb,linux1804-64-shippable-qr,True,False,,,102210fe594ee9b33d82058545b1ed14f4c8206e,startup_about_home_paint,startup_about_home_paint,True,startup_about_home_paint opt e10s fission stylo webrender-sw,,6,,firefox,,1727683586,2023-07-18 18:53:23,943.0,23424f65527c2d906a02bfe4779aff416f03826d,1274269,,,,,,,,,,,,,,,,,,,,,,,,,,,,,,,,,,,,,,,,,,,,,,,,,,TN,,,,,,,,,,
mozilla-beta,4788073,1,2c0793d5bd36dd25ac51b0c394cc0b8b6e5c8ebb,linux1804-64-shippable-qr,True,False,,,102210fe594ee9b33d82058545b1ed14f4c8206e,startup_about_home_paint,startup_about_home_paint,True,startup_about_home_paint opt e10s fission stylo webrender-sw,,6,,firefox,,1728237385,2023-07-19 12:20:45,929.0,6f204c3c5e075defb94fcfdadf1d930df5d3f825,1274751,,,,,,,,,,,,,,,,,,,,,,,,,,,,,,,,,,,,,,,,,,,,,,,,,,TN,,,,,,,,,,
mozilla-beta,4788073,1,2c0793d5bd36dd25ac51b0c394cc0b8b6e5c8ebb,linux1804-64-shippable-qr,True,False,,,102210fe594ee9b33d82058545b1ed14f4c8206e,startup_about_home_paint,startup_about_home_paint,True,startup_about_home_paint opt e10s fission stylo webrender-sw,,6,,firefox,,1728511346,2023-07-19 18:07:09,933.0,4430f8a728a733f89b6ac8b245537ab570eb2292,1275008,,,,,,,,,,,,,,,,,,,,,,,,,,,,,,,,,,,,,,,,,,,,,,,,,,TN,,,,,,,,,,
mozilla-beta,4788073,1,2c0793d5bd36dd25ac51b0c394cc0b8b6e5c8ebb,linux1804-64-shippable-qr,True,False,,,102210fe594ee9b33d82058545b1ed14f4c8206e,startup_about_home_paint,startup_about_home_paint,True,startup_about_home_paint opt e10s fission stylo webrender-sw,,6,,firefox,,1728581565,2023-07-19 19:46:06,949.0,1904bb52d22fea887c5b39ecfd3e3104422033f9,1275079,,,,,,,,,,,,,,,,,,,,,,,,,,,,,,,,,,,,,,,,,,,,,,,,,,TN,,,,,,,,,,
mozilla-beta,4788073,1,2c0793d5bd36dd25ac51b0c394cc0b8b6e5c8ebb,linux1804-64-shippable-qr,True,False,,,102210fe594ee9b33d82058545b1ed14f4c8206e,startup_about_home_paint,startup_about_home_paint,True,startup_about_home_paint opt e10s fission stylo webrender-sw,,6,,firefox,,1729115620,2023-07-20 15:57:45,929.0,00c1f4a8d5f8d4a18552a30a6994608f4418116d,1275567,,,,,,,,,,,,,,,,,,,,,,,,,,,,,,,,,,,,,,,,,,,,,,,,,,TN,,,,,,,,,,
mozilla-beta,4788073,1,2c0793d5bd36dd25ac51b0c394cc0b8b6e5c8ebb,linux1804-64-shippable-qr,True,False,,,102210fe594ee9b33d82058545b1ed14f4c8206e,startup_about_home_paint,startup_about_home_paint,True,startup_about_home_paint opt e10s fission stylo webrender-sw,,6,,firefox,,1729187799,2023-07-20 17:59:27,937.0,a241d89b662e14a0ac4aabf56849c2b161b6d70d,1275658,,,,,,,,,,,,,,,,,,,,,,,,,,,,,,,,,,,,,,,,,,,,,,,,,,TN,,,,,,,,,,
mozilla-beta,4788073,1,2c0793d5bd36dd25ac51b0c394cc0b8b6e5c8ebb,linux1804-64-shippable-qr,True,False,,,102210fe594ee9b33d82058545b1ed14f4c8206e,startup_about_home_paint,startup_about_home_paint,True,startup_about_home_paint opt e10s fission stylo webrender-sw,,6,,firefox,,1729263826,2023-07-20 20:00:12,931.0,5400bd70e968c76d1d67abea7e072f5db3e06c80,1275753,,,,,,,,,,,,,,,,,,,,,,,,,,,,,,,,,,,,,,,,,,,,,,,,,,TN,,,,,,,,,,
mozilla-beta,4788073,1,2c0793d5bd36dd25ac51b0c394cc0b8b6e5c8ebb,linux1804-64-shippable-qr,True,False,,,102210fe594ee9b33d82058545b1ed14f4c8206e,startup_about_home_paint,startup_about_home_paint,True,startup_about_home_paint opt e10s fission stylo webrender-sw,,6,,firefox,,1729706637,2023-07-21 16:06:45,933.0,d9bbcab92460808ed9148655ab4c6e3dcf9239ef,1276242,,,,,,,,,,,,,,,,,,,,,,,,,,,,,,,,,,,,,,,,,,,,,,,,,,TN,,,,,,,,,,
mozilla-beta,4788073,1,2c0793d5bd36dd25ac51b0c394cc0b8b6e5c8ebb,linux1804-64-shippable-qr,True,False,,,102210fe594ee9b33d82058545b1ed14f4c8206e,startup_about_home_paint,startup_about_home_paint,True,startup_about_home_paint opt e10s fission stylo webrender-sw,,6,,firefox,,1729767392,2023-07-21 18:01:34,937.0,763d601a05a7b017806cf139e475a959e5c7912a,1276334,,,,,,,,,,,,,,,,,,,,,,,,,,,,,,,,,,,,,,,,,,,,,,,,,,TN,,,,,,,,,,
mozilla-beta,4788073,1,2c0793d5bd36dd25ac51b0c394cc0b8b6e5c8ebb,linux1804-64-shippable-qr,True,False,,,102210fe594ee9b33d82058545b1ed14f4c8206e,startup_about_home_paint,startup_about_home_paint,True,startup_about_home_paint opt e10s fission stylo webrender-sw,,6,,firefox,,1730145985,2023-07-22 18:01:26,939.0,5ebae42b46a0a71153c76180dd9808c42692be79,1276660,,,,,,,,,,,,,,,,,,,,,,,,,,,,,,,,,,,,,,,,,,,,,,,,,,TN,,,,,,,,,,
mozilla-beta,4788073,1,2c0793d5bd36dd25ac51b0c394cc0b8b6e5c8ebb,linux1804-64-shippable-qr,True,False,,,102210fe594ee9b33d82058545b1ed14f4c8206e,startup_about_home_paint,startup_about_home_paint,True,startup_about_home_paint opt e10s fission stylo webrender-sw,,6,,firefox,,1730291376,2023-07-23 15:25:49,937.0,7c3347ba3478b9ce3fde17fa0acb3ea3b06dfa38,1276709,,,,,,,,,,,,,,,,,,,,,,,,,,,,,,,,,,,,,,,,,,,,,,,,,,TN,,,,,,,,,,
mozilla-beta,4788073,1,2c0793d5bd36dd25ac51b0c394cc0b8b6e5c8ebb,linux1804-64-shippable-qr,True,False,,,102210fe594ee9b33d82058545b1ed14f4c8206e,startup_about_home_paint,startup_about_home_paint,True,startup_about_home_paint opt e10s fission stylo webrender-sw,,6,,firefox,,1730318493,2023-07-23 17:59:43,925.0,c26da009d2a4c447ccda98478b30b0fd5c842a79,1276731,,,,,,,,,,,,,,,,,,,,,,,,,,,,,,,,,,,,,,,,,,,,,,,,,,TN,,,,,,,,,,
mozilla-beta,4788073,1,2c0793d5bd36dd25ac51b0c394cc0b8b6e5c8ebb,linux1804-64-shippable-qr,True,False,,,102210fe594ee9b33d82058545b1ed14f4c8206e,startup_about_home_paint,startup_about_home_paint,True,startup_about_home_paint opt e10s fission stylo webrender-sw,,6,,firefox,,1730391326,2023-07-24 00:28:48,936.0,23b1fabe6e02b63b59821e274cdbc8766b97e74a,1276770,,,,,,,,,,,,,,,,,,,,,,,,,,,,,,,,,,,,,,,,,,,,,,,,,,TN,,,,,,,,,,
mozilla-beta,4788073,1,2c0793d5bd36dd25ac51b0c394cc0b8b6e5c8ebb,linux1804-64-shippable-qr,True,False,,,102210fe594ee9b33d82058545b1ed14f4c8206e,startup_about_home_paint,startup_about_home_paint,True,startup_about_home_paint opt e10s fission stylo webrender-sw,,6,,firefox,,1730684324,2023-07-24 12:18:38,941.0,316000c523d79e787604ca918d12752f1d5c1433,1276942,,,,,,,,,,,,,,,,,,,,,,,,,,,,,,,,,,,,,,,,,,,,,,,,,,TN,,,,,,,,,,
mozilla-beta,4788073,1,2c0793d5bd36dd25ac51b0c394cc0b8b6e5c8ebb,linux1804-64-shippable-qr,True,False,,,102210fe594ee9b33d82058545b1ed14f4c8206e,startup_about_home_paint,startup_about_home_paint,True,startup_about_home_paint opt e10s fission stylo webrender-sw,,6,,firefox,,1733550863,2023-07-31 15:02:16,969.0,f4da117c89d1c6b7d53312065fbf3b32ac05c195,1280395,,,,,,,,,,,,,,,,,,,,,,,,,,,,,,,,,,,,,,,,,,,,,,,,,,TN,,,,,,,,,,
mozilla-beta,4788073,1,2c0793d5bd36dd25ac51b0c394cc0b8b6e5c8ebb,linux1804-64-shippable-qr,True,False,,,102210fe594ee9b33d82058545b1ed14f4c8206e,startup_about_home_paint,startup_about_home_paint,True,startup_about_home_paint opt e10s fission stylo webrender-sw,,6,,firefox,,1734293480,2023-08-01 17:41:49,956.0,0d4550c5bbe5e5c9d652f6f76ed2b84801006a72,1281125,,,,,,,,,,,,,,,,,,,,,,,,,,,,,,,,,,,,,,,,,,,,,,,,,,TN,,,,,,,,,,
mozilla-beta,4788073,1,2c0793d5bd36dd25ac51b0c394cc0b8b6e5c8ebb,linux1804-64-shippable-qr,True,False,,,102210fe594ee9b33d82058545b1ed14f4c8206e,startup_about_home_paint,startup_about_home_paint,True,startup_about_home_paint opt e10s fission stylo webrender-sw,,6,,firefox,,1734280404,2023-08-01 18:01:59,971.0,d2d0e657cc37b8045725d3ec3b95537958a2a906,1281146,,,,,,,,,,,,,,,,,,,,,,,,,,,,,,,,,,,,,,,,,,,,,,,,,,TN,,,,,,,,,,
mozilla-beta,4788073,1,2c0793d5bd36dd25ac51b0c394cc0b8b6e5c8ebb,linux1804-64-shippable-qr,True,False,,,102210fe594ee9b33d82058545b1ed14f4c8206e,startup_about_home_paint,startup_about_home_paint,True,startup_about_home_paint opt e10s fission stylo webrender-sw,,6,,firefox,,1734734673,2023-08-02 15:58:45,974.0,0fb6863005d9a9c13e9baacd3f1b161fff28e9be,1281670,,,,,,,,,,,,,,,,,,,,,,,,,,,,,,,,,,,,,,,,,,,,,,,,,,TN,,,,,,,,,,
mozilla-beta,4788073,1,2c0793d5bd36dd25ac51b0c394cc0b8b6e5c8ebb,linux1804-64-shippable-qr,True,False,,,102210fe594ee9b33d82058545b1ed14f4c8206e,startup_about_home_paint,startup_about_home_paint,True,startup_about_home_paint opt e10s fission stylo webrender-sw,,6,,firefox,,1734811169,2023-08-02 18:03:06,971.0,17026ac3512076aea21a114891abaeb7d86eefd1,1281761,,,,,,,,,,,,,,,,,,,,,,,,,,,,,,,,,,,,,,,,,,,,,,,,,,TN,,,,,,,,,,
mozilla-beta,4788073,1,2c0793d5bd36dd25ac51b0c394cc0b8b6e5c8ebb,linux1804-64-shippable-qr,True,False,,,102210fe594ee9b33d82058545b1ed14f4c8206e,startup_about_home_paint,startup_about_home_paint,True,startup_about_home_paint opt e10s fission stylo webrender-sw,,6,,firefox,,1735029141,2023-08-03 00:35:45,954.0,65512c991660c1242db1c099b252edf75f9155df,1282034,,,,,,,,,,,,,,,,,,,,,,,,,,,,,,,,,,,,,,,,,,,,,,,,,,TN,,,,,,,,,,
mozilla-beta,4788073,1,2c0793d5bd36dd25ac51b0c394cc0b8b6e5c8ebb,linux1804-64-shippable-qr,True,False,,,102210fe594ee9b33d82058545b1ed14f4c8206e,startup_about_home_paint,startup_about_home_paint,True,startup_about_home_paint opt e10s fission stylo webrender-sw,,6,,firefox,,1735064069,2023-08-03 02:40:36,955.0,de78a2160c98777d7df3d1abcfa1fa1ba2fc1ebf,1282073,,,,,,,,,,,,,,,,,,,,,,,,,,,,,,,,,,,,,,,,,,,,,,,,,,TN,,,,,,,,,,
mozilla-beta,4788073,1,2c0793d5bd36dd25ac51b0c394cc0b8b6e5c8ebb,linux1804-64-shippable-qr,True,False,,,102210fe594ee9b33d82058545b1ed14f4c8206e,startup_about_home_paint,startup_about_home_paint,True,startup_about_home_paint opt e10s fission stylo webrender-sw,,6,,firefox,,1735371080,2023-08-03 15:42:06,973.0,38b5901830d175ff8ead19ae53ded689c990a2c2,1282357,,,,,,,,,,,,,,,,,,,,,,,,,,,,,,,,,,,,,,,,,,,,,,,,,,TN,,,,,,,,,,
mozilla-beta,4788073,1,2c0793d5bd36dd25ac51b0c394cc0b8b6e5c8ebb,linux1804-64-shippable-qr,True,False,,,102210fe594ee9b33d82058545b1ed14f4c8206e,startup_about_home_paint,startup_about_home_paint,True,startup_about_home_paint opt e10s fission stylo webrender-sw,,6,,firefox,,1735440506,2023-08-03 16:45:02,975.0,8aec3eecd3933c24b1ffc49b81133e628bdbd9b7,1282417,,,,,,,,,,,,,,,,,,,,,,,,,,,,,,,,,,,,,,,,,,,,,,,,,,TN,,,,,,,,,,
mozilla-beta,4788073,1,2c0793d5bd36dd25ac51b0c394cc0b8b6e5c8ebb,linux1804-64-shippable-qr,True,False,,,102210fe594ee9b33d82058545b1ed14f4c8206e,startup_about_home_paint,startup_about_home_paint,True,startup_about_home_paint opt e10s fission stylo webrender-sw,,6,,firefox,,1735487792,2023-08-03 18:02:21,951.0,7a8dadfc175109672e932eff3fa2b2e788227e0c,1282452,,,,,,,,,,,,,,,,,,,,,,,,,,,,,,,,,,,,,,,,,,,,,,,,,,TN,,,,,,,,,,
mozilla-beta,4788073,1,2c0793d5bd36dd25ac51b0c394cc0b8b6e5c8ebb,linux1804-64-shippable-qr,True,False,,,102210fe594ee9b33d82058545b1ed14f4c8206e,startup_about_home_paint,startup_about_home_paint,True,startup_about_home_paint opt e10s fission stylo webrender-sw,,6,,firefox,,1735677844,2023-08-04 01:00:05,977.0,edbfa38873a723ceaf42ead3644bfd365d31f689,1282688,,,,,,,,,,,,,,,,,,,,,,,,,,,,,,,,,,,,,,,,,,,,,,,,,,TN,,,,,,,,,,
mozilla-beta,4788073,1,2c0793d5bd36dd25ac51b0c394cc0b8b6e5c8ebb,linux1804-64-shippable-qr,True,False,,,102210fe594ee9b33d82058545b1ed14f4c8206e,startup_about_home_paint,startup_about_home_paint,True,startup_about_home_paint opt e10s fission stylo webrender-sw,,6,,firefox,,1735698261,2023-08-04 01:46:46,951.0,926c0c79b59e3a541f918893ea054164454095f6,1282708,,,,,,,,,,,,,,,,,,,,,,,,,,,,,,,,,,,,,,,,,,,,,,,,,,TN,,,,,,,,,,
mozilla-beta,4788073,1,2c0793d5bd36dd25ac51b0c394cc0b8b6e5c8ebb,linux1804-64-shippable-qr,True,False,,,102210fe594ee9b33d82058545b1ed14f4c8206e,startup_about_home_paint,startup_about_home_paint,True,startup_about_home_paint opt e10s fission stylo webrender-sw,,6,,firefox,,1736004161,2023-08-04 14:18:49,958.0,f564a62af1d5a66c0cbc395f85508fd0aba080a7,1282986,,,,,,,,,,,,,,,,,,,,,,,,,,,,,,,,,,,,,,,,,,,,,,,,,,TN,,,,,,,,,,
mozilla-beta,4788073,1,2c0793d5bd36dd25ac51b0c394cc0b8b6e5c8ebb,linux1804-64-shippable-qr,True,False,,,102210fe594ee9b33d82058545b1ed14f4c8206e,startup_about_home_paint,startup_about_home_paint,True,startup_about_home_paint opt e10s fission stylo webrender-sw,,6,,firefox,,1736184162,2023-08-04 18:01:22,970.0,67612b68bc23712e04e49bd79bf8c027bb9a438d,1283137,,,,,,,,,,,,,,,,,,,,,,,,,,,,,,,,,,,,,,,,,,,,,,,,,,TN,,,,,,,,,,
mozilla-beta,4788073,1,2c0793d5bd36dd25ac51b0c394cc0b8b6e5c8ebb,linux1804-64-shippable-qr,True,False,,,102210fe594ee9b33d82058545b1ed14f4c8206e,startup_about_home_paint,startup_about_home_paint,True,startup_about_home_paint opt e10s fission stylo webrender-sw,,6,,firefox,,1736336153,2023-08-05 00:48:58,960.0,cd87be9c7e34460013b2770c9ee2e03c35627cc7,1283292,,,,,,,,,,,,,,,,,,,,,,,,,,,,,,,,,,,,,,,,,,,,,,,,,,TN,,,,,,,,,,
mozilla-beta,4788073,1,2c0793d5bd36dd25ac51b0c394cc0b8b6e5c8ebb,linux1804-64-shippable-qr,True,False,,,102210fe594ee9b33d82058545b1ed14f4c8206e,startup_about_home_paint,startup_about_home_paint,True,startup_about_home_paint opt e10s fission stylo webrender-sw,,6,,firefox,,1736497948,2023-08-05 18:00:42,954.0,afd2356274aeb8ff8b60713edb74477cf7d6b3ee,1283353,,,,,,,,,,,,,,,,,,,,,,,,,,,,,,,,,,,,,,,,,,,,,,,,,,TN,,,,,,,,,,
mozilla-beta,4788073,1,2c0793d5bd36dd25ac51b0c394cc0b8b6e5c8ebb,linux1804-64-shippable-qr,True,False,,,102210fe594ee9b33d82058545b1ed14f4c8206e,startup_about_home_paint,startup_about_home_paint,True,startup_about_home_paint opt e10s fission stylo webrender-sw,,6,,firefox,,1736573111,2023-08-06 16:43:56,948.0,600425a20e1e547262a69eb78c1d0000a545aa8c,1283426,,,,,,,,,,,,,,,,,,,,,,,,,,,,,,,,,,,,,,,,,,,,,,,,,,TN,,,,,,,,,,
mozilla-beta,4788073,1,2c0793d5bd36dd25ac51b0c394cc0b8b6e5c8ebb,linux1804-64-shippable-qr,True,False,,,102210fe594ee9b33d82058545b1ed14f4c8206e,startup_about_home_paint,startup_about_home_paint,True,startup_about_home_paint opt e10s fission stylo webrender-sw,,6,,firefox,,1736583731,2023-08-06 18:01:10,964.0,fd6a630299cc7a67e2af0ea85515fa7f31773d43,1283429,,,,,,,,,,,,,,,,,,,,,,,,,,,,,,,,,,,,,,,,,,,,,,,,,,TN,,,,,,,,,,
mozilla-beta,4788073,1,2c0793d5bd36dd25ac51b0c394cc0b8b6e5c8ebb,linux1804-64-shippable-qr,True,False,,,102210fe594ee9b33d82058545b1ed14f4c8206e,startup_about_home_paint,startup_about_home_paint,True,startup_about_home_paint opt e10s fission stylo webrender-sw,,6,,firefox,,1736896994,2023-08-07 14:27:22,959.0,c1be2c53674ac35df4fa9981b969e0c7338db634,1283738,,,,,,,,,,,,,,,,,,,,,,,,,,,,,,,,,,,,,,,,,,,,,,,,,,TN,,,,,,,,,,
mozilla-beta,4788073,1,2c0793d5bd36dd25ac51b0c394cc0b8b6e5c8ebb,linux1804-64-shippable-qr,True,False,,,102210fe594ee9b33d82058545b1ed14f4c8206e,startup_about_home_paint,startup_about_home_paint,True,startup_about_home_paint opt e10s fission stylo webrender-sw,,6,,firefox,,1736982690,2023-08-07 18:00:13,958.0,0719ff67d72e82af324ff0d60454cb7b64475ea8,1283851,,,,,,,,,,,,,,,,,,,,,,,,,,,,,,,,,,,,,,,,,,,,,,,,,,TN,,,,,,,,,,
mozilla-beta,4788073,1,2c0793d5bd36dd25ac51b0c394cc0b8b6e5c8ebb,linux1804-64-shippable-qr,True,False,,,102210fe594ee9b33d82058545b1ed14f4c8206e,startup_about_home_paint,startup_about_home_paint,True,startup_about_home_paint opt e10s fission stylo webrender-sw,,6,,firefox,,1737509499,2023-08-08 17:20:55,964.0,2139e838f412d9530de885d86795cb20acd799ec,1284441,,,,,,,,,,,,,,,,,,,,,,,,,,,,,,,,,,,,,,,,,,,,,,,,,,TN,,,,,,,,,,
mozilla-beta,4788073,1,2c0793d5bd36dd25ac51b0c394cc0b8b6e5c8ebb,linux1804-64-shippable-qr,True,False,,,102210fe594ee9b33d82058545b1ed14f4c8206e,startup_about_home_paint,startup_about_home_paint,True,startup_about_home_paint opt e10s fission stylo webrender-sw,,6,,firefox,,1737527413,2023-08-08 18:01:14,972.0,28729171cb22279cc197e994df3a3af4cb93dd03,1284477,,,,,,,,,,,,,,,,,,,,,,,,,,,,,,,,,,,,,,,,,,,,,,,,,,TN,,,,,,,,,,
mozilla-beta,4788073,1,2c0793d5bd36dd25ac51b0c394cc0b8b6e5c8ebb,linux1804-64-shippable-qr,True,False,,,102210fe594ee9b33d82058545b1ed14f4c8206e,startup_about_home_paint,startup_about_home_paint,True,startup_about_home_paint opt e10s fission stylo webrender-sw,,6,,firefox,,1737554642,2023-08-08 18:43:39,974.0,2658ff909fe46ea384283ab987ff064826d3847f,1284502,,,,,,,,,,,,,,,,,,,,,,,,,,,,,,,,,,,,,,,,,,,,,,,,,,TN,,,,,,,,,,
mozilla-beta,4788073,1,2c0793d5bd36dd25ac51b0c394cc0b8b6e5c8ebb,linux1804-64-shippable-qr,True,False,,,102210fe594ee9b33d82058545b1ed14f4c8206e,startup_about_home_paint,startup_about_home_paint,True,startup_about_home_paint opt e10s fission stylo webrender-sw,,6,,firefox,,1737671403,2023-08-08 21:55:02,958.0,cfdaf87ed056aaae59e32176b35e15dd0ccd4b1a,1284626,,,,,,,,,,,,,,,,,,,,,,,,,,,,,,,,,,,,,,,,,,,,,,,,,,TN,,,,,,,,,,
mozilla-beta,4788073,1,2c0793d5bd36dd25ac51b0c394cc0b8b6e5c8ebb,linux1804-64-shippable-qr,True,False,,,102210fe594ee9b33d82058545b1ed14f4c8206e,startup_about_home_paint,startup_about_home_paint,True,startup_about_home_paint opt e10s fission stylo webrender-sw,,6,,firefox,,1738174620,2023-08-09 18:01:13,961.0,6bd589246bd42f4ee499b2c5a66490fed5d80f39,1285212,,,,,,,,,,,,,,,,,,,,,,,,,,,,,,,,,,,,,,,,,,,,,,,,,,TN,,,,,,,,,,
mozilla-beta,4788073,1,2c0793d5bd36dd25ac51b0c394cc0b8b6e5c8ebb,linux1804-64-shippable-qr,True,False,,,102210fe594ee9b33d82058545b1ed14f4c8206e,startup_about_home_paint,startup_about_home_paint,True,startup_about_home_paint opt e10s fission stylo webrender-sw,,6,,firefox,,1738227215,2023-08-09 19:20:20,955.0,433d3b5055bdc140654b579bc823a855330ee44e,1285276,,,,,,,,,,,,,,,,,,,,,,,,,,,,,,,,,,,,,,,,,,,,,,,,,,TN,,,,,,,,,,
mozilla-beta,4788073,1,2c0793d5bd36dd25ac51b0c394cc0b8b6e5c8ebb,linux1804-64-shippable-qr,True,False,,,102210fe594ee9b33d82058545b1ed14f4c8206e,startup_about_home_paint,startup_about_home_paint,True,startup_about_home_paint opt e10s fission stylo webrender-sw,,6,,firefox,,1738728518,2023-08-10 15:15:03,963.0,fa00393d9b3fe6becf61c250b9576e461b7c5570,1285771,,,,,,,,,,,,,,,,,,,,,,,,,,,,,,,,,,,,,,,,,,,,,,,,,,TN,,,,,,,,,,
mozilla-beta,4788073,1,2c0793d5bd36dd25ac51b0c394cc0b8b6e5c8ebb,linux1804-64-shippable-qr,True,False,,,102210fe594ee9b33d82058545b1ed14f4c8206e,startup_about_home_paint,startup_about_home_paint,True,startup_about_home_paint opt e10s fission stylo webrender-sw,,6,,firefox,,1738813215,2023-08-10 17:30:49,960.0,3db6a1040c55acf5f5e7ae366545276b178866f9,1285856,,,,,,,,,,,,,,,,,,,,,,,,,,,,,,,,,,,,,,,,,,,,,,,,,,TN,,,,,,,,,,
mozilla-beta,4788073,1,2c0793d5bd36dd25ac51b0c394cc0b8b6e5c8ebb,linux1804-64-shippable-qr,True,False,,,102210fe594ee9b33d82058545b1ed14f4c8206e,startup_about_home_paint,startup_about_home_paint,True,startup_about_home_paint opt e10s fission stylo webrender-sw,,6,,firefox,,1738822030,2023-08-10 17:48:51,963.0,21c1a6306679d8bc0dad3f2c85fb5d4de03d33a5,1285874,,,,,,,,,,,,,,,,,,,,,,,,,,,,,,,,,,,,,,,,,,,,,,,,,,TN,,,,,,,,,,
mozilla-beta,4788073,1,2c0793d5bd36dd25ac51b0c394cc0b8b6e5c8ebb,linux1804-64-shippable-qr,True,False,,,102210fe594ee9b33d82058545b1ed14f4c8206e,startup_about_home_paint,startup_about_home_paint,True,startup_about_home_paint opt e10s fission stylo webrender-sw,,6,,firefox,,1738841267,2023-08-10 18:00:04,966.0,1c49b7aae46f2efa55d93f31c950239b146067c3,1285882,,,,,,,,,,,,,,,,,,,,,,,,,,,,,,,,,,,,,,,,,,,,,,,,,,TN,,,,,,,,,,
mozilla-beta,4788073,1,2c0793d5bd36dd25ac51b0c394cc0b8b6e5c8ebb,linux1804-64-shippable-qr,True,False,,,102210fe594ee9b33d82058545b1ed14f4c8206e,startup_about_home_paint,startup_about_home_paint,True,startup_about_home_paint opt e10s fission stylo webrender-sw,,6,,firefox,,1738888385,2023-08-10 18:18:19,951.0,d6ffe323ddf142af3dd664b098a59dc4973bd423,1285902,,,,,,,,,,,,,,,,,,,,,,,,,,,,,,,,,,,,,,,,,,,,,,,,,,TN,,,,,,,,,,
mozilla-beta,4788073,1,2c0793d5bd36dd25ac51b0c394cc0b8b6e5c8ebb,linux1804-64-shippable-qr,True,False,,,102210fe594ee9b33d82058545b1ed14f4c8206e,startup_about_home_paint,startup_about_home_paint,True,startup_about_home_paint opt e10s fission stylo webrender-sw,,6,,firefox,,1739278131,2023-08-11 15:21:13,942.0,19a2c76dc9990f44dbeac102736d2e99be839317,1286357,,,,,,,,,,,,,,,,,,,,,,,,,,,,,,,,,,,,,,,,,,,,,,,,,,TN,,,,,,,,,,
mozilla-beta,4788073,1,2c0793d5bd36dd25ac51b0c394cc0b8b6e5c8ebb,linux1804-64-shippable-qr,True,False,,,102210fe594ee9b33d82058545b1ed14f4c8206e,startup_about_home_paint,startup_about_home_paint,True,startup_about_home_paint opt e10s fission stylo webrender-sw,,6,,firefox,,1739311874,2023-08-11 16:51:16,955.0,fe2aaa3aafcf697f35b8250eca545ed76a62162f,1286431,,,,,,,,,,,,,,,,,,,,,,,,,,,,,,,,,,,,,,,,,,,,,,,,,,TN,,,,,,,,,,
mozilla-beta,4788073,1,2c0793d5bd36dd25ac51b0c394cc0b8b6e5c8ebb,linux1804-64-shippable-qr,True,False,,,102210fe594ee9b33d82058545b1ed14f4c8206e,startup_about_home_paint,startup_about_home_paint,True,startup_about_home_paint opt e10s fission stylo webrender-sw,,6,,firefox,,1739359003,2023-08-11 17:58:53,961.0,bc09740beb8c1ae802df1ad952223a369daac18f,1286483,,,,,,,,,,,,,,,,,,,,,,,,,,,,,,,,,,,,,,,,,,,,,,,,,,TN,,,,,,,,,,
mozilla-beta,4788073,1,2c0793d5bd36dd25ac51b0c394cc0b8b6e5c8ebb,linux1804-64-shippable-qr,True,False,,,102210fe594ee9b33d82058545b1ed14f4c8206e,startup_about_home_paint,startup_about_home_paint,True,startup_about_home_paint opt e10s fission stylo webrender-sw,,6,,firefox,,1739389920,2023-08-11 19:35:29,935.0,e62bf69c57f2d75551e80a25236b19d1892709b3,1286549,,,,,,,,,,,,,,,,,,,,,,,,,,,,,,,,,,,,,,,,,,,,,,,,,,TN,,,,,,,,,,
mozilla-beta,4788073,1,2c0793d5bd36dd25ac51b0c394cc0b8b6e5c8ebb,linux1804-64-shippable-qr,True,False,,,102210fe594ee9b33d82058545b1ed14f4c8206e,startup_about_home_paint,startup_about_home_paint,True,startup_about_home_paint opt e10s fission stylo webrender-sw,,6,,firefox,,1739649771,2023-08-12 16:03:48,942.0,19a38682aee82796d601e53801a5d4eb10664812,1286674,,,,,,,,,,,,,,,,,,,,,,,,,,,,,,,,,,,,,,,,,,,,,,,,,,TN,,,,,,,,,,
mozilla-beta,4788073,1,2c0793d5bd36dd25ac51b0c394cc0b8b6e5c8ebb,linux1804-64-shippable-qr,True,False,,,102210fe594ee9b33d82058545b1ed14f4c8206e,startup_about_home_paint,startup_about_home_paint,True,startup_about_home_paint opt e10s fission stylo webrender-sw,,6,,firefox,,1739684709,2023-08-12 18:00:10,937.0,77b053e8ee09973807d49b1888c31ea21118362f,1286689,,,,,,,,,,,,,,,,,,,,,,,,,,,,,,,,,,,,,,,,,,,,,,,,,,TN,,,,,,,,,,
mozilla-beta,4788073,1,2c0793d5bd36dd25ac51b0c394cc0b8b6e5c8ebb,linux1804-64-shippable-qr,True,False,,,102210fe594ee9b33d82058545b1ed14f4c8206e,startup_about_home_paint,startup_about_home_paint,True,startup_about_home_paint opt e10s fission stylo webrender-sw,,6,,firefox,,1739824368,2023-08-13 16:52:58,936.0,4cf69f7029b8d6f7a38adb83cd6852ac008d6be2,1286761,,,,,,,,,,,,,,,,,,,,,,,,,,,,,,,,,,,,,,,,,,,,,,,,,,TN,,,,,,,,,,
mozilla-beta,4788073,1,2c0793d5bd36dd25ac51b0c394cc0b8b6e5c8ebb,linux1804-64-shippable-qr,True,False,,,102210fe594ee9b33d82058545b1ed14f4c8206e,startup_about_home_paint,startup_about_home_paint,True,startup_about_home_paint opt e10s fission stylo webrender-sw,,6,,firefox,,1739842698,2023-08-13 17:23:23,935.0,2300f9ca9d4fa74443ed2c5542bb1b22167a28df,1286763,,,,,,,,,,,,,,,,,,,,,,,,,,,,,,,,,,,,,,,,,,,,,,,,,,TN,,,,,,,,,,
mozilla-beta,4788073,1,2c0793d5bd36dd25ac51b0c394cc0b8b6e5c8ebb,linux1804-64-shippable-qr,True,False,,,102210fe594ee9b33d82058545b1ed14f4c8206e,startup_about_home_paint,startup_about_home_paint,True,startup_about_home_paint opt e10s fission stylo webrender-sw,,6,,firefox,,1739848026,2023-08-13 18:01:42,926.0,b6ac990feb967837e10ccf2232c15c9acc4542db,1286766,,,,,,,,,,,,,,,,,,,,,,,,,,,,,,,,,,,,,,,,,,,,,,,,,,TN,,,,,,,,,,
mozilla-beta,4788073,1,2c0793d5bd36dd25ac51b0c394cc0b8b6e5c8ebb,linux1804-64-shippable-qr,True,False,,,102210fe594ee9b33d82058545b1ed14f4c8206e,startup_about_home_paint,startup_about_home_paint,True,startup_about_home_paint opt e10s fission stylo webrender-sw,,6,,firefox,,1740132301,2023-08-14 15:56:31,959.0,a6729d7e2ba0e1ba1fbf93be5076ecdb4a1b1e40,1287055,,,,,,,,,,,,,,,,,,,,,,,,,,,,,,,,,,,,,,,,,,,,,,,,,,TN,,,,,,,,,,
mozilla-beta,4788073,1,2c0793d5bd36dd25ac51b0c394cc0b8b6e5c8ebb,linux1804-64-shippable-qr,True,False,,,102210fe594ee9b33d82058545b1ed14f4c8206e,startup_about_home_paint,startup_about_home_paint,True,startup_about_home_paint opt e10s fission stylo webrender-sw,,6,,firefox,,1740197422,2023-08-14 17:35:08,941.0,1d543e7b65ff57f2da7465d003f3e3e38e672120,1287114,,,,,,,,,,,,,,,,,,,,,,,,,,,,,,,,,,,,,,,,,,,,,,,,,,TN,,,,,,,,,,
mozilla-beta,4788073,1,2c0793d5bd36dd25ac51b0c394cc0b8b6e5c8ebb,linux1804-64-shippable-qr,True,False,,,102210fe594ee9b33d82058545b1ed14f4c8206e,startup_about_home_paint,startup_about_home_paint,True,startup_about_home_paint opt e10s fission stylo webrender-sw,,6,,firefox,,1740216470,2023-08-14 18:01:52,964.0,2272865813a3da4e06a9a59daac6a0d46d3c5c35,1287134,,,,,,,,,,,,,,,,,,,,,,,,,,,,,,,,,,,,,,,,,,,,,,,,,,TN,,,,,,,,,,
mozilla-beta,4788073,1,2c0793d5bd36dd25ac51b0c394cc0b8b6e5c8ebb,linux1804-64-shippable-qr,True,False,,,102210fe594ee9b33d82058545b1ed14f4c8206e,startup_about_home_paint,startup_about_home_paint,True,startup_about_home_paint opt e10s fission stylo webrender-sw,,6,,firefox,,1740407404,2023-08-15 02:26:03,939.0,dbd6cb77df7c84d664880a496756071e3619f0fd,1287386,,,,,,,,,,,,,,,,,,,,,,,,,,,,,,,,,,,,,,,,,,,,,,,,,,TN,,,,,,,,,,
mozilla-beta,4788073,1,2c0793d5bd36dd25ac51b0c394cc0b8b6e5c8ebb,linux1804-64-shippable-qr,True,False,,,102210fe594ee9b33d82058545b1ed14f4c8206e,startup_about_home_paint,startup_about_home_paint,True,startup_about_home_paint opt e10s fission stylo webrender-sw,,6,,firefox,,1740689817,2023-08-15 14:12:37,945.0,ea32c3ece390271be2988a369cc7fbddd4f87187,1287594,,,,,,,,,,,,,,,,,,,,,,,,,,,,,,,,,,,,,,,,,,,,,,,,,,TN,,,,,,,,,,
mozilla-beta,4788073,1,2c0793d5bd36dd25ac51b0c394cc0b8b6e5c8ebb,linux1804-64-shippable-qr,True,False,,,102210fe594ee9b33d82058545b1ed14f4c8206e,startup_about_home_paint,startup_about_home_paint,True,startup_about_home_paint opt e10s fission stylo webrender-sw,,6,,firefox,,1740710152,2023-08-15 14:31:22,959.0,bd110f9606301510f9ddac04db25e26fc7b979f4,1287600,,,,,,,,,,,,,,,,,,,,,,,,,,,,,,,,,,,,,,,,,,,,,,,,,,TN,,,,,,,,,,
mozilla-beta,4788073,1,2c0793d5bd36dd25ac51b0c394cc0b8b6e5c8ebb,linux1804-64-shippable-qr,True,False,,,102210fe594ee9b33d82058545b1ed14f4c8206e,startup_about_home_paint,startup_about_home_paint,True,startup_about_home_paint opt e10s fission stylo webrender-sw,,6,,firefox,,1740836184,2023-08-15 17:55:25,948.0,39b27e45212aba8ae789db40047edcb957e5c978,1287743,,,,,,,,,,,,,,,,,,,,,,,,,,,,,,,,,,,,,,,,,,,,,,,,,,TN,,,,,,,,,,
mozilla-beta,4788073,1,2c0793d5bd36dd25ac51b0c394cc0b8b6e5c8ebb,linux1804-64-shippable-qr,True,False,,,102210fe594ee9b33d82058545b1ed14f4c8206e,startup_about_home_paint,startup_about_home_paint,True,startup_about_home_paint opt e10s fission stylo webrender-sw,,6,,firefox,,1740822588,2023-08-15 18:00:41,957.0,3ee3379590a3b47418b7e1dac28217fa1720c9c5,1287745,,,,,,,,,,,,,,,,,,,,,,,,,,,,,,,,,,,,,,,,,,,,,,,,,,TN,,,,,,,,,,
mozilla-beta,4788073,1,2c0793d5bd36dd25ac51b0c394cc0b8b6e5c8ebb,linux1804-64-shippable-qr,True,False,,,102210fe594ee9b33d82058545b1ed14f4c8206e,startup_about_home_paint,startup_about_home_paint,True,startup_about_home_paint opt e10s fission stylo webrender-sw,,6,,firefox,,1741537808,2023-08-16 17:40:45,945.0,08b127aa5a361e2e83fbf254bcfa7d7defcc91bb,1288455,,,,,,,,,,,,,,,,,,,,,,,,,,,,,,,,,,,,,,,,,,,,,,,,,,TN,,,,,,,,,,
mozilla-beta,4788073,1,2c0793d5bd36dd25ac51b0c394cc0b8b6e5c8ebb,linux1804-64-shippable-qr,True,False,,,102210fe594ee9b33d82058545b1ed14f4c8206e,startup_about_home_paint,startup_about_home_paint,True,startup_about_home_paint opt e10s fission stylo webrender-sw,,6,,firefox,,1741557217,2023-08-16 18:00:54,956.0,d3061045db8732cf87a223291094873d2d50888a,1288466,,,,,,,,,,,,,,,,,,,,,,,,,,,,,,,,,,,,,,,,,,,,,,,,,,TN,,,,,,,,,,
mozilla-beta,4788073,1,2c0793d5bd36dd25ac51b0c394cc0b8b6e5c8ebb,linux1804-64-shippable-qr,True,False,,,102210fe594ee9b33d82058545b1ed14f4c8206e,startup_about_home_paint,startup_about_home_paint,True,startup_about_home_paint opt e10s fission stylo webrender-sw,,6,,firefox,,1741579596,2023-08-16 18:52:19,955.0,33901ea7ca81a824a5b24396def8e991fe7731e0,1288493,,,,,,,,,,,,,,,,,,,,,,,,,,,,,,,,,,,,,,,,,,,,,,,,,,TN,,,,,,,,,,
mozilla-beta,4788073,1,2c0793d5bd36dd25ac51b0c394cc0b8b6e5c8ebb,linux1804-64-shippable-qr,True,False,,,102210fe594ee9b33d82058545b1ed14f4c8206e,startup_about_home_paint,startup_about_home_paint,True,startup_about_home_paint opt e10s fission stylo webrender-sw,,6,,firefox,,1742102256,2023-08-17 14:25:18,957.0,f5d3fbc0d6e61648e703814eea4baf5806524b36,1288946,,,,,,,,,,,,,,,,,,,,,,,,,,,,,,,,,,,,,,,,,,,,,,,,,,TN,,,,,,,,,,
mozilla-beta,4788073,1,2c0793d5bd36dd25ac51b0c394cc0b8b6e5c8ebb,linux1804-64-shippable-qr,True,False,,,102210fe594ee9b33d82058545b1ed14f4c8206e,startup_about_home_paint,startup_about_home_paint,True,startup_about_home_paint opt e10s fission stylo webrender-sw,,6,,firefox,,1742185692,2023-08-17 17:00:22,927.0,43bf41ee652223649ecd95d0a656eeacae86ad05,1289046,,,,,,,,,,,,,,,,,,,,,,,,,,,,,,,,,,,,,,,,,,,,,,,,,,TN,,,,,,,,,,
mozilla-beta,4788073,1,2c0793d5bd36dd25ac51b0c394cc0b8b6e5c8ebb,linux1804-64-shippable-qr,True,False,,,102210fe594ee9b33d82058545b1ed14f4c8206e,startup_about_home_paint,startup_about_home_paint,True,startup_about_home_paint opt e10s fission stylo webrender-sw,,6,,firefox,,1742231013,2023-08-17 17:58:56,948.0,79150caa42c9af433d7077a75e3bb6024fedd445,1289083,,,,,,,,,,,,,,,,,,,,,,,,,,,,,,,,,,,,,,,,,,,,,,,,,,TN,,,,,,,,,,
mozilla-beta,4788073,1,2c0793d5bd36dd25ac51b0c394cc0b8b6e5c8ebb,linux1804-64-shippable-qr,True,False,,,102210fe594ee9b33d82058545b1ed14f4c8206e,startup_about_home_paint,startup_about_home_paint,True,startup_about_home_paint opt e10s fission stylo webrender-sw,,6,,firefox,,1742880153,2023-08-18 17:58:43,960.0,dd6c96bd27406158b503fdc93699a7a55299727d,1289558,,,,,,,,,,,,,,,,,,,,,,,,,,,,,,,,,,,,,,,,,,,,,,,,,,TN,,,,,,,,,,
mozilla-beta,4788073,1,2c0793d5bd36dd25ac51b0c394cc0b8b6e5c8ebb,linux1804-64-shippable-qr,True,False,,,102210fe594ee9b33d82058545b1ed14f4c8206e,startup_about_home_paint,startup_about_home_paint,True,startup_about_home_paint opt e10s fission stylo webrender-sw,,6,,firefox,,1742896745,2023-08-18 18:03:36,944.0,cb4964f4a7d3a89de607bbb3e0f382ecbb876138,1289562,,,,,,,,,,,,,,,,,,,,,,,,,,,,,,,,,,,,,,,,,,,,,,,,,,TN,,,,,,,,,,
mozilla-beta,4788073,1,2c0793d5bd36dd25ac51b0c394cc0b8b6e5c8ebb,linux1804-64-shippable-qr,True,False,,,102210fe594ee9b33d82058545b1ed14f4c8206e,startup_about_home_paint,startup_about_home_paint,True,startup_about_home_paint opt e10s fission stylo webrender-sw,,6,,firefox,,1743159794,2023-08-19 18:03:16,927.0,280c96d8d9eaa71cccbf305dcd506fcb5916a426,1289766,,,,,,,,,,,,,,,,,,,,,,,,,,,,,,,,,,,,,,,,,,,,,,,,,,TN,,,,,,,,,,
mozilla-beta,4788073,1,2c0793d5bd36dd25ac51b0c394cc0b8b6e5c8ebb,linux1804-64-shippable-qr,True,False,,,102210fe594ee9b33d82058545b1ed14f4c8206e,startup_about_home_paint,startup_about_home_paint,True,startup_about_home_paint opt e10s fission stylo webrender-sw,,6,,firefox,,1743312326,2023-08-20 18:00:02,938.0,9763c2c83af5baabe670cc6a262f1c838c3eca85,1289838,,,,,,,,,,,,,,,,,,,,,,,,,,,,,,,,,,,,,,,,,,,,,,,,,,TN,,,,,,,,,,
mozilla-beta,4788073,1,2c0793d5bd36dd25ac51b0c394cc0b8b6e5c8ebb,linux1804-64-shippable-qr,True,False,,,102210fe594ee9b33d82058545b1ed14f4c8206e,startup_about_home_paint,startup_about_home_paint,True,startup_about_home_paint opt e10s fission stylo webrender-sw,,6,,firefox,,1743616485,2023-08-21 11:07:09,948.0,95093682c2bb0242a3f1016d06ee0e2d33385e4b,1289941,,,,,,,,,,,,,,,,,,,,,,,,,,,,,,,,,,,,,,,,,,,,,,,,,,TN,,,,,,,,,,
mozilla-beta,4788073,1,2c0793d5bd36dd25ac51b0c394cc0b8b6e5c8ebb,linux1804-64-shippable-qr,True,False,,,102210fe594ee9b33d82058545b1ed14f4c8206e,startup_about_home_paint,startup_about_home_paint,True,startup_about_home_paint opt e10s fission stylo webrender-sw,,6,,firefox,,1746925021,2023-08-28 13:34:39,965.0,a51142166ff907b88f1f41ce22c1ad1df4daac76,1292230,,,,,,,,,,,,,,,,,,,,,,,,,,,,,,,,,,,,,,,,,,,,,,,,,,TN,,,,,,,,,,
mozilla-beta,4788073,1,2c0793d5bd36dd25ac51b0c394cc0b8b6e5c8ebb,linux1804-64-shippable-qr,True,False,,,102210fe594ee9b33d82058545b1ed14f4c8206e,startup_about_home_paint,startup_about_home_paint,True,startup_about_home_paint opt e10s fission stylo webrender-sw,,6,,firefox,,1747072133,2023-08-28 18:00:55,979.0,dad69789a2511ed216636075c1304c3df77ef2ae,1292358,,,,,,,,,,,,,,,,,,,,,,,,,,,,,,,,,,,,,,,,,,,,,,,,,,TN,,,,,,,,,,
mozilla-beta,4788073,1,2c0793d5bd36dd25ac51b0c394cc0b8b6e5c8ebb,linux1804-64-shippable-qr,True,False,,,102210fe594ee9b33d82058545b1ed14f4c8206e,startup_about_home_paint,startup_about_home_paint,True,startup_about_home_paint opt e10s fission stylo webrender-sw,,6,,firefox,,1747690962,2023-08-29 16:17:46,968.0,fc9d232fe3a08afc7811940be13f3ab05148baac,1292905,,,,,,,,,,,,,,,,,,,,,,,,,,,,,,,,,,,,,,,,,,,,,,,,,,TN,,,,,,,,,,
mozilla-beta,4788073,1,2c0793d5bd36dd25ac51b0c394cc0b8b6e5c8ebb,linux1804-64-shippable-qr,True,False,,,102210fe594ee9b33d82058545b1ed14f4c8206e,startup_about_home_paint,startup_about_home_paint,True,startup_about_home_paint opt e10s fission stylo webrender-sw,,6,,firefox,,1747756373,2023-08-29 18:01:58,951.0,22902fb186bab153df337de03d5e5ceafb8bb289,1292972,,,,,,,,,,,,,,,,,,,,,,,,,,,,,,,,,,,,,,,,,,,,,,,,,,TN,,,,,,,,,,
mozilla-beta,4788073,1,2c0793d5bd36dd25ac51b0c394cc0b8b6e5c8ebb,linux1804-64-shippable-qr,True,False,,,102210fe594ee9b33d82058545b1ed14f4c8206e,startup_about_home_paint,startup_about_home_paint,True,startup_about_home_paint opt e10s fission stylo webrender-sw,,6,,firefox,,1748074424,2023-08-30 16:02:19,973.0,a7de6ba0f96a2232c89b1b0c4a851cfa706c9dff,1293406,,,,,,,,,,,,,,,,,,,,,,,,,,,,,,,,,,,,,,,,,,,,,,,,,,TN,,,,,,,,,,
mozilla-beta,4788073,1,2c0793d5bd36dd25ac51b0c394cc0b8b6e5c8ebb,linux1804-64-shippable-qr,True,False,,,102210fe594ee9b33d82058545b1ed14f4c8206e,startup_about_home_paint,startup_about_home_paint,True,startup_about_home_paint opt e10s fission stylo webrender-sw,,6,,firefox,,1748104178,2023-08-30 18:00:05,969.0,c9fd750d1062cdca7d7307305afab359895f4bab,1293491,,,,,,,,,,,,,,,,,,,,,,,,,,,,,,,,,,,,,,,,,,,,,,,,,,TN,,,,,,,,,,
mozilla-beta,4788073,1,2c0793d5bd36dd25ac51b0c394cc0b8b6e5c8ebb,linux1804-64-shippable-qr,True,False,,,102210fe594ee9b33d82058545b1ed14f4c8206e,startup_about_home_paint,startup_about_home_paint,True,startup_about_home_paint opt e10s fission stylo webrender-sw,,6,,firefox,,1748527736,2023-08-31 13:48:52,977.0,bd56eca7c31c77f3fbdd6daa6d57c94c9eb8d5c8,1293926,,,,,,,,,,,,,,,,,,,,,,,,,,,,,,,,,,,,,,,,,,,,,,,,,,TN,,,,,,,,,,
mozilla-beta,4788073,1,2c0793d5bd36dd25ac51b0c394cc0b8b6e5c8ebb,linux1804-64-shippable-qr,True,False,,,102210fe594ee9b33d82058545b1ed14f4c8206e,startup_about_home_paint,startup_about_home_paint,True,startup_about_home_paint opt e10s fission stylo webrender-sw,,6,,firefox,,1748538154,2023-08-31 16:20:56,973.0,87b953f9d23637a6fa6ff27c3e67832db704f61b,1294000,,,,,,,,,,,,,,,,,,,,,,,,,,,,,,,,,,,,,,,,,,,,,,,,,,TN,,,,,,,,,,
mozilla-beta,4788073,1,2c0793d5bd36dd25ac51b0c394cc0b8b6e5c8ebb,linux1804-64-shippable-qr,True,False,,,102210fe594ee9b33d82058545b1ed14f4c8206e,startup_about_home_paint,startup_about_home_paint,True,startup_about_home_paint opt e10s fission stylo webrender-sw,,6,,firefox,,1748597219,2023-08-31 18:00:26,955.0,1af9e2938f106620e66bafc85d215e817bbbdeb8,1294060,,,,,,,,,,,,,,,,,,,,,,,,,,,,,,,,,,,,,,,,,,,,,,,,,,TN,,,,,,,,,,
mozilla-beta,4788073,1,2c0793d5bd36dd25ac51b0c394cc0b8b6e5c8ebb,linux1804-64-shippable-qr,True,False,,,102210fe594ee9b33d82058545b1ed14f4c8206e,startup_about_home_paint,startup_about_home_paint,True,startup_about_home_paint opt e10s fission stylo webrender-sw,,6,,firefox,,1749158868,2023-09-01 14:41:46,970.0,709d8af0c7f302527387c80c1d76d741a7aa46aa,1294606,,,,,,,,,,,,,,,,,,,,,,,,,,,,,,,,,,,,,,,,,,,,,,,,,,TN,,,,,,,,,,
mozilla-beta,4788073,1,2c0793d5bd36dd25ac51b0c394cc0b8b6e5c8ebb,linux1804-64-shippable-qr,True,False,,,102210fe594ee9b33d82058545b1ed14f4c8206e,startup_about_home_paint,startup_about_home_paint,True,startup_about_home_paint opt e10s fission stylo webrender-sw,,6,,firefox,,1749258258,2023-09-01 17:59:08,959.0,26851a608617df78ba59a15b1b069d398838e42a,1294720,,,,,,,,,,,,,,,,,,,,,,,,,,,,,,,,,,,,,,,,,,,,,,,,,,TN,,,,,,,,,,
mozilla-beta,4788073,1,2c0793d5bd36dd25ac51b0c394cc0b8b6e5c8ebb,linux1804-64-shippable-qr,True,False,,,102210fe594ee9b33d82058545b1ed14f4c8206e,startup_about_home_paint,startup_about_home_paint,True,startup_about_home_paint opt e10s fission stylo webrender-sw,,6,,firefox,,1749659938,2023-09-02 18:02:24,986.0,171ca118d902636a29bb5fb3a82f7a55f2089cd7,1294989,,,,,,,,,,,,,,,,,,,,,,,,,,,,,,,,,,,,,,,,,,,,,,,,,,TN,,,,,,,,,,
mozilla-beta,4788073,1,2c0793d5bd36dd25ac51b0c394cc0b8b6e5c8ebb,linux1804-64-shippable-qr,True,False,,,102210fe594ee9b33d82058545b1ed14f4c8206e,startup_about_home_paint,startup_about_home_paint,True,startup_about_home_paint opt e10s fission stylo webrender-sw,,6,,firefox,,1749821045,2023-09-03 14:47:55,978.0,073227d3c47f97124282de93cc52c465393d9cd5,1295067,,,,,,,,,,,,,,,,,,,,,,,,,,,,,,,,,,,,,,,,,,,,,,,,,,TN,,,,,,,,,,
mozilla-beta,4788073,1,2c0793d5bd36dd25ac51b0c394cc0b8b6e5c8ebb,linux1804-64-shippable-qr,True,False,,,102210fe594ee9b33d82058545b1ed14f4c8206e,startup_about_home_paint,startup_about_home_paint,True,startup_about_home_paint opt e10s fission stylo webrender-sw,,6,,firefox,,1749880226,2023-09-03 18:02:19,967.0,cb4458e15206391eeeed111562f9a786e4253c5c,1295080,,,,,,,,,,,,,,,,,,,,,,,,,,,,,,,,,,,,,,,,,,,,,,,,,,TN,,,,,,,,,,
mozilla-beta,4788073,1,2c0793d5bd36dd25ac51b0c394cc0b8b6e5c8ebb,linux1804-64-shippable-qr,True,False,,,102210fe594ee9b33d82058545b1ed14f4c8206e,startup_about_home_paint,startup_about_home_paint,True,startup_about_home_paint opt e10s fission stylo webrender-sw,,6,,firefox,,1750154664,2023-09-04 10:55:38,977.0,9cf13283af3f62be7d96fb8820adb77b34e50f7d,1295255,,,,,,,,,,,,,,,,,,,,,,,,,,,,,,,,,,,,,,,,,,,,,,,,,,TN,,,,,,,,,,
mozilla-beta,4788073,1,2c0793d5bd36dd25ac51b0c394cc0b8b6e5c8ebb,linux1804-64-shippable-qr,True,False,,,102210fe594ee9b33d82058545b1ed14f4c8206e,startup_about_home_paint,startup_about_home_paint,True,startup_about_home_paint opt e10s fission stylo webrender-sw,,6,,firefox,,1750213122,2023-09-04 12:18:03,955.0,bc7cc180eaecceec758abbbce4a999eb99f759a9,1295288,,,,,,,,,,,,,,,,,,,,,,,,,,,,,,,,,,,,,,,,,,,,,,,,,,TN,,,,,,,,,,
mozilla-beta,4788073,1,2c0793d5bd36dd25ac51b0c394cc0b8b6e5c8ebb,linux1804-64-shippable-qr,True,False,,,102210fe594ee9b33d82058545b1ed14f4c8206e,startup_about_home_paint,startup_about_home_paint,True,startup_about_home_paint opt e10s fission stylo webrender-sw,,6,,firefox,,1750298009,2023-09-04 18:05:52,962.0,807ac900b376514e4ba55d5a926de27f55bd8153,1295382,,,,,,,,,,,,,,,,,,,,,,,,,,,,,,,,,,,,,,,,,,,,,,,,,,TN,,,,,,,,,,
mozilla-beta,4788073,1,2c0793d5bd36dd25ac51b0c394cc0b8b6e5c8ebb,linux1804-64-shippable-qr,True,False,,,102210fe594ee9b33d82058545b1ed14f4c8206e,startup_about_home_paint,startup_about_home_paint,True,startup_about_home_paint opt e10s fission stylo webrender-sw,,6,,firefox,,1750527401,2023-09-05 08:42:26,964.0,900e63a91516e26eb08c29cf32f0212c923e8fe0,1295556,,,,,,,,,,,,,,,,,,,,,,,,,,,,,,,,,,,,,,,,,,,,,,,,,,TN,,,,,,,,,,
mozilla-beta,4788073,1,2c0793d5bd36dd25ac51b0c394cc0b8b6e5c8ebb,linux1804-64-shippable-qr,True,False,,,102210fe594ee9b33d82058545b1ed14f4c8206e,startup_about_home_paint,startup_about_home_paint,True,startup_about_home_paint opt e10s fission stylo webrender-sw,,6,,firefox,,1750749397,2023-09-05 17:59:53,965.0,d67b22c7454dffe256c8e85d18b7909575fae829,1295860,,,,,,,,,,,,,,,,,,,,,,,,,,,,,,,,,,,,,,,,,,,,,,,,,,TN,,,,,,,,,,
mozilla-beta,4788073,1,2c0793d5bd36dd25ac51b0c394cc0b8b6e5c8ebb,linux1804-64-shippable-qr,True,False,,,102210fe594ee9b33d82058545b1ed14f4c8206e,startup_about_home_paint,startup_about_home_paint,True,startup_about_home_paint opt e10s fission stylo webrender-sw,,6,,firefox,,1751295146,2023-09-06 14:00:22,978.0,d367a07b88cc72838ae620ff5f160f8152e327e7,1296398,,,,,,,,,,,,,,,,,,,,,,,,,,,,,,,,,,,,,,,,,,,,,,,,,,TN,,,,,,,,,,
mozilla-beta,4788073,1,2c0793d5bd36dd25ac51b0c394cc0b8b6e5c8ebb,linux1804-64-shippable-qr,True,False,,,102210fe594ee9b33d82058545b1ed14f4c8206e,startup_about_home_paint,startup_about_home_paint,True,startup_about_home_paint opt e10s fission stylo webrender-sw,,6,,firefox,,1751302068,2023-09-06 14:02:17,965.0,744de8d56d344a2d66a3292442e397102341a435,1296400,,,,,,,,,,,,,,,,,,,,,,,,,,,,,,,,,,,,,,,,,,,,,,,,,,TN,,,,,,,,,,
mozilla-beta,4788073,1,2c0793d5bd36dd25ac51b0c394cc0b8b6e5c8ebb,linux1804-64-shippable-qr,True,False,,,102210fe594ee9b33d82058545b1ed14f4c8206e,startup_about_home_paint,startup_about_home_paint,True,startup_about_home_paint opt e10s fission stylo webrender-sw,,6,,firefox,,1751389775,2023-09-06 18:01:29,968.0,c2849c7826f58c7fca76587765d1d24fb1015787,1296562,,,,,,,,,,,,,,,,,,,,,,,,,,,,,,,,,,,,,,,,,,,,,,,,,,TN,,,,,,,,,,
mozilla-beta,4788073,1,2c0793d5bd36dd25ac51b0c394cc0b8b6e5c8ebb,linux1804-64-shippable-qr,True,False,,,102210fe594ee9b33d82058545b1ed14f4c8206e,startup_about_home_paint,startup_about_home_paint,True,startup_about_home_paint opt e10s fission stylo webrender-sw,,6,,firefox,,1751755112,2023-09-07 08:55:31,970.0,bf9fd7610de325961d2bad9677d3e0baed448827,1296941,,,,,,,,,,,,,,,,,,,,,,,,,,,,,,,,,,,,,,,,,,,,,,,,,,TN,,,,,,,,,,
mozilla-beta,4788073,1,2c0793d5bd36dd25ac51b0c394cc0b8b6e5c8ebb,linux1804-64-shippable-qr,True,False,,,102210fe594ee9b33d82058545b1ed14f4c8206e,startup_about_home_paint,startup_about_home_paint,True,startup_about_home_paint opt e10s fission stylo webrender-sw,,6,,firefox,,1751818536,2023-09-07 12:18:53,971.0,09f20f258694586b663476774d62849ff0954bf7,1297036,,,,,,,,,,,,,,,,,,,,,,,,,,,,,,,,,,,,,,,,,,,,,,,,,,TN,,,,,,,,,,
mozilla-beta,4788073,1,2c0793d5bd36dd25ac51b0c394cc0b8b6e5c8ebb,linux1804-64-shippable-qr,True,False,,,102210fe594ee9b33d82058545b1ed14f4c8206e,startup_about_home_paint,startup_about_home_paint,True,startup_about_home_paint opt e10s fission stylo webrender-sw,,6,,firefox,,1751999844,2023-09-07 18:02:12,956.0,ea026adc3646e302d6a990b24e6252da4c10e9e1,1297255,,,,,,,,,,,,,,,,,,,,,,,,,,,,,,,,,,,,,,,,,,,,,,,,,,TN,,,,,,,,,,
mozilla-beta,4788073,1,2c0793d5bd36dd25ac51b0c394cc0b8b6e5c8ebb,linux1804-64-shippable-qr,True,False,,,102210fe594ee9b33d82058545b1ed14f4c8206e,startup_about_home_paint,startup_about_home_paint,True,startup_about_home_paint opt e10s fission stylo webrender-sw,,6,,firefox,,1752381454,2023-09-08 08:23:52,943.0,0417d5350c674d59e5118d6e34bf203ff0f07416,1297598,,,,,,,,,,,,,,,,,,,,,,,,,,,,,,,,,,,,,,,,,,,,,,,,,,TN,,,,,,,,,,
mozilla-beta,4788073,1,2c0793d5bd36dd25ac51b0c394cc0b8b6e5c8ebb,linux1804-64-shippable-qr,True,False,,,102210fe594ee9b33d82058545b1ed14f4c8206e,startup_about_home_paint,startup_about_home_paint,True,startup_about_home_paint opt e10s fission stylo webrender-sw,,6,,firefox,,1752401224,2023-09-08 09:27:27,940.0,68a05148e915734df7061df9340f975931bb1e71,1297629,,,,,,,,,,,,,,,,,,,,,,,,,,,,,,,,,,,,,,,,,,,,,,,,,,TN,,,,,,,,,,
mozilla-beta,4788073,1,2c0793d5bd36dd25ac51b0c394cc0b8b6e5c8ebb,linux1804-64-shippable-qr,True,False,,,102210fe594ee9b33d82058545b1ed14f4c8206e,startup_about_home_paint,startup_about_home_paint,True,startup_about_home_paint opt e10s fission stylo webrender-sw,,6,,firefox,,1752575578,2023-09-08 14:37:17,956.0,8f5759470cb595ea30d26735e3de45c3cb9deba2,1297802,,,,,,,,,,,,,,,,,,,,,,,,,,,,,,,,,,,,,,,,,,,,,,,,,,TN,,,,,,,,,,
mozilla-beta,4788073,1,2c0793d5bd36dd25ac51b0c394cc0b8b6e5c8ebb,linux1804-64-shippable-qr,True,False,,,102210fe594ee9b33d82058545b1ed14f4c8206e,startup_about_home_paint,startup_about_home_paint,True,startup_about_home_paint opt e10s fission stylo webrender-sw,,6,,firefox,,1752685359,2023-09-08 18:02:35,953.0,4a076ff52b5ab081ecc76c988f2cab0c999acddd,1297927,,,,,,,,,,,,,,,,,,,,,,,,,,,,,,,,,,,,,,,,,,,,,,,,,,TN,,,,,,,,,,
mozilla-beta,4788073,1,2c0793d5bd36dd25ac51b0c394cc0b8b6e5c8ebb,linux1804-64-shippable-qr,True,False,,,102210fe594ee9b33d82058545b1ed14f4c8206e,startup_about_home_paint,startup_about_home_paint,True,startup_about_home_paint opt e10s fission stylo webrender-sw,,6,,firefox,,1753078050,2023-09-09 14:33:38,960.0,b1f3a08744ebf265beb7a3b65a23c713ba6ea987,1298228,,,,,,,,,,,,,,,,,,,,,,,,,,,,,,,,,,,,,,,,,,,,,,,,,,TN,,,,,,,,,,
mozilla-beta,4788073,1,2c0793d5bd36dd25ac51b0c394cc0b8b6e5c8ebb,linux1804-64-shippable-qr,True,False,,,102210fe594ee9b33d82058545b1ed14f4c8206e,startup_about_home_paint,startup_about_home_paint,True,startup_about_home_paint opt e10s fission stylo webrender-sw,,6,,firefox,,1753111252,2023-09-09 18:01:37,939.0,1d174c6b1040e055846c107322548119beb23065,1298238,,,,,,,,,,,,,,,,,,,,,,,,,,,,,,,,,,,,,,,,,,,,,,,,,,TN,,,,,,,,,,
mozilla-beta,4788073,1,2c0793d5bd36dd25ac51b0c394cc0b8b6e5c8ebb,linux1804-64-shippable-qr,True,False,,,102210fe594ee9b33d82058545b1ed14f4c8206e,startup_about_home_paint,startup_about_home_paint,True,startup_about_home_paint opt e10s fission stylo webrender-sw,,6,,firefox,,1753638927,2023-09-10 17:59:34,951.0,a75f9619ee113907713f385f75c08ac8340ea7a1,1298321,,,,,,,,,,,,,,,,,,,,,,,,,,,,,,,,,,,,,,,,,,,,,,,,,,TN,,,,,,,,,,
mozilla-beta,4788073,1,2c0793d5bd36dd25ac51b0c394cc0b8b6e5c8ebb,linux1804-64-shippable-qr,True,False,,,102210fe594ee9b33d82058545b1ed14f4c8206e,startup_about_home_paint,startup_about_home_paint,True,startup_about_home_paint opt e10s fission stylo webrender-sw,,6,,firefox,,1754322352,2023-09-11 18:00:35,954.0,85df1da62717a2f0ea9e2d3fbd6379060d39dd7a,1298770,,,,,,,,,,,,,,,,,,,,,,,,,,,,,,,,,,,,,,,,,,,,,,,,,,TN,,,,,,,,,,
mozilla-beta,4788073,1,2c0793d5bd36dd25ac51b0c394cc0b8b6e5c8ebb,linux1804-64-shippable-qr,True,False,,,102210fe594ee9b33d82058545b1ed14f4c8206e,startup_about_home_paint,startup_about_home_paint,True,startup_about_home_paint opt e10s fission stylo webrender-sw,,6,,firefox,,1754498502,2023-09-12 01:33:58,951.0,012efaa3025f28b8ee14042807c680e361f955d9,1298957,,,,,,,,,,,,,,,,,,,,,,,,,,,,,,,,,,,,,,,,,,,,,,,,,,TN,,,,,,,,,,
mozilla-beta,4788073,1,2c0793d5bd36dd25ac51b0c394cc0b8b6e5c8ebb,linux1804-64-shippable-qr,True,False,,,102210fe594ee9b33d82058545b1ed14f4c8206e,startup_about_home_paint,startup_about_home_paint,True,startup_about_home_paint opt e10s fission stylo webrender-sw,,6,,firefox,,1754671747,2023-09-12 09:08:04,942.0,339422d06ac0b44eef14a6d0e510b2c8beac74e6,1299055,,,,,,,,,,,,,,,,,,,,,,,,,,,,,,,,,,,,,,,,,,,,,,,,,,TN,,,,,,,,,,
mozilla-beta,4788073,1,2c0793d5bd36dd25ac51b0c394cc0b8b6e5c8ebb,linux1804-64-shippable-qr,True,False,,,102210fe594ee9b33d82058545b1ed14f4c8206e,startup_about_home_paint,startup_about_home_paint,True,startup_about_home_paint opt e10s fission stylo webrender-sw,,6,,firefox,,1754818571,2023-09-12 13:16:28,943.0,c48cbb09678ed2c9a0a51fc61520602070cd42cd,1299153,,,,,,,,,,,,,,,,,,,,,,,,,,,,,,,,,,,,,,,,,,,,,,,,,,TN,,,,,,,,,,
mozilla-beta,4788073,1,2c0793d5bd36dd25ac51b0c394cc0b8b6e5c8ebb,linux1804-64-shippable-qr,True,False,,,102210fe594ee9b33d82058545b1ed14f4c8206e,startup_about_home_paint,startup_about_home_paint,True,startup_about_home_paint opt e10s fission stylo webrender-sw,,6,,firefox,,1754985644,2023-09-12 17:59:28,963.0,60f49456a1d32be44cc3fa2fdb65b8276c2e10da,1299300,,,,,,,,,,,,,,,,,,,,,,,,,,,,,,,,,,,,,,,,,,,,,,,,,,TN,,,,,,,,,,
mozilla-beta,4788073,1,2c0793d5bd36dd25ac51b0c394cc0b8b6e5c8ebb,linux1804-64-shippable-qr,True,False,,,102210fe594ee9b33d82058545b1ed14f4c8206e,startup_about_home_paint,startup_about_home_paint,True,startup_about_home_paint opt e10s fission stylo webrender-sw,,6,,firefox,,1755623607,2023-09-13 16:12:36,963.0,afc0d34aed5f66ac43143c5868a0c280f5d5e523,1299827,,,,,,,,,,,,,,,,,,,,,,,,,,,,,,,,,,,,,,,,,,,,,,,,,,TN,,,,,,,,,,
mozilla-beta,4788073,1,2c0793d5bd36dd25ac51b0c394cc0b8b6e5c8ebb,linux1804-64-shippable-qr,True,False,,,102210fe594ee9b33d82058545b1ed14f4c8206e,startup_about_home_paint,startup_about_home_paint,True,startup_about_home_paint opt e10s fission stylo webrender-sw,,6,,firefox,,1755778079,2023-09-13 18:01:47,962.0,da7c1c4fbd52add0445ce7e06b7ed513fdf9b518,1299914,,,,,,,,,,,,,,,,,,,,,,,,,,,,,,,,,,,,,,,,,,,,,,,,,,TN,,,,,,,,,,
mozilla-beta,4788073,1,2c0793d5bd36dd25ac51b0c394cc0b8b6e5c8ebb,linux1804-64-shippable-qr,True,False,,,102210fe594ee9b33d82058545b1ed14f4c8206e,startup_about_home_paint,startup_about_home_paint,True,startup_about_home_paint opt e10s fission stylo webrender-sw,,6,,firefox,,1756266715,2023-09-14 09:48:47,954.0,cb5563d143c9a6e5f347ae0e8dbd6d64da27e6d2,1300320,,,,,,,,,,,,,,,,,,,,,,,,,,,,,,,,,,,,,,,,,,,,,,,,,,TN,,,,,,,,,,
mozilla-beta,4788073,1,2c0793d5bd36dd25ac51b0c394cc0b8b6e5c8ebb,linux1804-64-shippable-qr,True,False,,,102210fe594ee9b33d82058545b1ed14f4c8206e,startup_about_home_paint,startup_about_home_paint,True,startup_about_home_paint opt e10s fission stylo webrender-sw,,6,,firefox,,1756385730,2023-09-14 12:23:01,960.0,fcddac3e2624e7598033e29e46487dc70d43b78d,1300406,,,,,,,,,,,,,,,,,,,,,,,,,,,,,,,,,,,,,,,,,,,,,,,,,,TN,,,,,,,,,,
mozilla-beta,4788073,1,2c0793d5bd36dd25ac51b0c394cc0b8b6e5c8ebb,linux1804-64-shippable-qr,True,False,,,102210fe594ee9b33d82058545b1ed14f4c8206e,startup_about_home_paint,startup_about_home_paint,True,startup_about_home_paint opt e10s fission stylo webrender-sw,,6,,firefox,,1756490320,2023-09-14 15:23:47,949.0,167be896a8f296a5e540208b4a21b4268fcfe04a,1300510,,,,,,,,,,,,,,,,,,,,,,,,,,,,,,,,,,,,,,,,,,,,,,,,,,TN,,,,,,,,,,
mozilla-beta,4788073,1,2c0793d5bd36dd25ac51b0c394cc0b8b6e5c8ebb,linux1804-64-shippable-qr,True,False,,,102210fe594ee9b33d82058545b1ed14f4c8206e,startup_about_home_paint,startup_about_home_paint,True,startup_about_home_paint opt e10s fission stylo webrender-sw,,6,,firefox,,1756504198,2023-09-14 16:08:26,952.0,107fd46b25d1b286078ee8ff22b7b53e0d67c6f6,1300536,,,,,,,,,,,,,,,,,,,,,,,,,,,,,,,,,,,,,,,,,,,,,,,,,,TN,,,,,,,,,,
mozilla-beta,4788073,1,2c0793d5bd36dd25ac51b0c394cc0b8b6e5c8ebb,linux1804-64-shippable-qr,True,False,,,102210fe594ee9b33d82058545b1ed14f4c8206e,startup_about_home_paint,startup_about_home_paint,True,startup_about_home_paint opt e10s fission stylo webrender-sw,,6,,firefox,,1756574727,2023-09-14 18:00:32,959.0,da576bd73ddbbbcd645403b2c20538f00225e55d,1300604,,,,,,,,,,,,,,,,,,,,,,,,,,,,,,,,,,,,,,,,,,,,,,,,,,TN,,,,,,,,,,
mozilla-beta,4788073,1,2c0793d5bd36dd25ac51b0c394cc0b8b6e5c8ebb,linux1804-64-shippable-qr,True,False,,,102210fe594ee9b33d82058545b1ed14f4c8206e,startup_about_home_paint,startup_about_home_paint,True,startup_about_home_paint opt e10s fission stylo webrender-sw,,6,,firefox,,1757113340,2023-09-15 12:36:32,951.0,f67d03cc1c6635e4823cedbf06bc676f3fdc8b97,1301078,,,,,,,,,,,,,,,,,,,,,,,,,,,,,,,,,,,,,,,,,,,,,,,,,,TN,,,,,,,,,,
mozilla-beta,4788073,1,2c0793d5bd36dd25ac51b0c394cc0b8b6e5c8ebb,linux1804-64-shippable-qr,True,False,,,102210fe594ee9b33d82058545b1ed14f4c8206e,startup_about_home_paint,startup_about_home_paint,True,startup_about_home_paint opt e10s fission stylo webrender-sw,,6,,firefox,,1757274789,2023-09-15 17:59:24,942.0,6684af595d9e752a7dd448a76e51615254fc443e,1301325,,,,,,,,,,,,,,,,,,,,,,,,,,,,,,,,,,,,,,,,,,,,,,,,,,TN,,,,,,,,,,
mozilla-beta,4788073,1,2c0793d5bd36dd25ac51b0c394cc0b8b6e5c8ebb,linux1804-64-shippable-qr,True,False,,,102210fe594ee9b33d82058545b1ed14f4c8206e,startup_about_home_paint,startup_about_home_paint,True,startup_about_home_paint opt e10s fission stylo webrender-sw,,6,,firefox,,1757691922,2023-09-16 17:59:47,968.0,b37b425144f176cd814a9ae72a0296c56939cf3f,1301605,,,,,,,,,,,,,,,,,,,,,,,,,,,,,,,,,,,,,,,,,,,,,,,,,,TN,,,,,,,,,,
mozilla-beta,4788073,1,2c0793d5bd36dd25ac51b0c394cc0b8b6e5c8ebb,linux1804-64-shippable-qr,True,False,,,102210fe594ee9b33d82058545b1ed14f4c8206e,startup_about_home_paint,startup_about_home_paint,True,startup_about_home_paint opt e10s fission stylo webrender-sw,,6,,firefox,,1757826260,2023-09-17 08:58:12,954.0,3b6b652d2e6a615905dab898689a937a81499980,1301652,,,,,,,,,,,,,,,,,,,,,,,,,,,,,,,,,,,,,,,,,,,,,,,,,,TN,,,,,,,,,,
mozilla-beta,4788073,1,2c0793d5bd36dd25ac51b0c394cc0b8b6e5c8ebb,linux1804-64-shippable-qr,True,False,,,102210fe594ee9b33d82058545b1ed14f4c8206e,startup_about_home_paint,startup_about_home_paint,True,startup_about_home_paint opt e10s fission stylo webrender-sw,,6,,firefox,,1757888083,2023-09-17 11:54:43,950.0,0ecbbcbc23335bfea2af64383cdd8efdb6cab735,1301659,,,,,,,,,,,,,,,,,,,,,,,,,,,,,,,,,,,,,,,,,,,,,,,,,,TN,,,,,,,,,,
mozilla-beta,4788073,1,2c0793d5bd36dd25ac51b0c394cc0b8b6e5c8ebb,linux1804-64-shippable-qr,True,False,,,102210fe594ee9b33d82058545b1ed14f4c8206e,startup_about_home_paint,startup_about_home_paint,True,startup_about_home_paint opt e10s fission stylo webrender-sw,,6,,firefox,,1757936786,2023-09-17 18:02:18,960.0,82a37e47cfa778e2c05294ece1ae4d81e0aa5aaf,1301672,,,,,,,,,,,,,,,,,,,,,,,,,,,,,,,,,,,,,,,,,,,,,,,,,,TN,,,,,,,,,,
mozilla-beta,4788073,1,2c0793d5bd36dd25ac51b0c394cc0b8b6e5c8ebb,linux1804-64-shippable-qr,True,False,,,102210fe594ee9b33d82058545b1ed14f4c8206e,startup_about_home_paint,startup_about_home_paint,True,startup_about_home_paint opt e10s fission stylo webrender-sw,,6,,firefox,,1758103179,2023-09-18 07:34:42,962.0,0b69611582d97f84f43d1ee9de0aa36defae0633,1301756,,,,,,,,,,,,,,,,,,,,,,,,,,,,,,,,,,,,,,,,,,,,,,,,,,TN,,,,,,,,,,
mozilla-beta,4788073,1,2c0793d5bd36dd25ac51b0c394cc0b8b6e5c8ebb,linux1804-64-shippable-qr,True,False,,,102210fe594ee9b33d82058545b1ed14f4c8206e,startup_about_home_paint,startup_about_home_paint,True,startup_about_home_paint opt e10s fission stylo webrender-sw,,6,,firefox,,1758121376,2023-09-18 07:59:31,941.0,899c187a45b8e9eee5cddc89c76d3c888b023621,1301765,,,,,,,,,,,,,,,,,,,,,,,,,,,,,,,,,,,,,,,,,,,,,,,,,,TN,,,,,,,,,,
mozilla-beta,4788073,1,2c0793d5bd36dd25ac51b0c394cc0b8b6e5c8ebb,linux1804-64-shippable-qr,True,False,,,102210fe594ee9b33d82058545b1ed14f4c8206e,startup_about_home_paint,startup_about_home_paint,True,startup_about_home_paint opt e10s fission stylo webrender-sw,,6,,firefox,,1758243446,2023-09-18 11:42:33,964.0,45c770ff73e393c4ca15eb188d0b68d3ee091ad8,1301885,,,,,,,,,,,,,,,,,,,,,,,,,,,,,,,,,,,,,,,,,,,,,,,,,,TN,,,,,,,,,,
mozilla-beta,4788073,1,2c0793d5bd36dd25ac51b0c394cc0b8b6e5c8ebb,linux1804-64-shippable-qr,True,False,,,102210fe594ee9b33d82058545b1ed14f4c8206e,startup_about_home_paint,startup_about_home_paint,True,startup_about_home_paint opt e10s fission stylo webrender-sw,,6,,firefox,,1761861725,2023-09-25 13:24:00,950.0,704d786ef571a57be79a4e8bbf4b3d348da4a6af,1305837,,,,,,,,,,,,,,,,,,,,,,,,,,,,,,,,,,,,,,,,,,,,,,,,,,TN,,,,,,,,,,
mozilla-beta,4788073,1,2c0793d5bd36dd25ac51b0c394cc0b8b6e5c8ebb,linux1804-64-shippable-qr,True,False,,,102210fe594ee9b33d82058545b1ed14f4c8206e,startup_about_home_paint,startup_about_home_paint,True,startup_about_home_paint opt e10s fission stylo webrender-sw,,6,,firefox,,1762306804,2023-09-26 09:15:49,957.0,fe05057336fb6f145784f7b6f7f989244c228925,1306480,,,,,,,,,,,,,,,,,,,,,,,,,,,,,,,,,,,,,,,,,,,,,,,,,,TN,,,,,,,,,,
mozilla-beta,4788073,1,2c0793d5bd36dd25ac51b0c394cc0b8b6e5c8ebb,linux1804-64-shippable-qr,True,False,,,102210fe594ee9b33d82058545b1ed14f4c8206e,startup_about_home_paint,startup_about_home_paint,True,startup_about_home_paint opt e10s fission stylo webrender-sw,,6,,firefox,,1762716637,2023-09-26 22:39:03,957.0,09d6dd43de7eee4f04ef855c161b062d76953ffb,1307042,,,,,,,,,,,,,,,,,,,,,,,,,,,,,,,,,,,,,,,,,,,,,,,,,,TN,,,,,,,,,,
mozilla-beta,4788073,1,2c0793d5bd36dd25ac51b0c394cc0b8b6e5c8ebb,linux1804-64-shippable-qr,True,False,,,102210fe594ee9b33d82058545b1ed14f4c8206e,startup_about_home_paint,startup_about_home_paint,True,startup_about_home_paint opt e10s fission stylo webrender-sw,,6,,firefox,,1762754171,2023-09-27 02:39:08,950.0,32c9429bb1b909628b4702be4abf30d1c8ef9213,1307113,,,,,,,,,,,,,,,,,,,,,,,,,,,,,,,,,,,,,,,,,,,,,,,,,,TN,,,,,,,,,,
mozilla-beta,4788073,1,2c0793d5bd36dd25ac51b0c394cc0b8b6e5c8ebb,linux1804-64-shippable-qr,True,False,,,102210fe594ee9b33d82058545b1ed14f4c8206e,startup_about_home_paint,startup_about_home_paint,True,startup_about_home_paint opt e10s fission stylo webrender-sw,,6,,firefox,,1762930988,2023-09-27 09:15:17,950.0,6b3b2f0defd0129f296da601815862ec420c2a8d,1307246,,,,,,,,,,,,,,,,,,,,,,,,,,,,,,,,,,,,,,,,,,,,,,,,,,TN,,,,,,,,,,
mozilla-beta,4788073,1,2c0793d5bd36dd25ac51b0c394cc0b8b6e5c8ebb,linux1804-64-shippable-qr,True,False,,,102210fe594ee9b33d82058545b1ed14f4c8206e,startup_about_home_paint,startup_about_home_paint,True,startup_about_home_paint opt e10s fission stylo webrender-sw,,6,,firefox,,1763332730,2023-09-27 18:36:07,973.0,3d23401ea6ed6463f47303edd5a9e6a98f919ac6,1307615,,,,,,,,,,,,,,,,,,,,,,,,,,,,,,,,,,,,,,,,,,,,,,,,,,TN,,,,,,,,,,
mozilla-beta,4788073,1,2c0793d5bd36dd25ac51b0c394cc0b8b6e5c8ebb,linux1804-64-shippable-qr,True,False,,,102210fe594ee9b33d82058545b1ed14f4c8206e,startup_about_home_paint,startup_about_home_paint,True,startup_about_home_paint opt e10s fission stylo webrender-sw,,6,,firefox,,1763356633,2023-09-27 18:57:18,969.0,f77957643f474632b5a0c5f5b603c22b648cf284,1307635,,,,,,,,,,,,,,,,,,,,,,,,,,,,,,,,,,,,,,,,,,,,,,,,,,TN,,,,,,,,,,
mozilla-beta,4788073,1,2c0793d5bd36dd25ac51b0c394cc0b8b6e5c8ebb,linux1804-64-shippable-qr,True,False,,,102210fe594ee9b33d82058545b1ed14f4c8206e,startup_about_home_paint,startup_about_home_paint,True,startup_about_home_paint opt e10s fission stylo webrender-sw,,6,,firefox,,1763493065,2023-09-27 23:22:04,960.0,0862c284dac061ce42712be1910f7b2fbe48c764,1307774,,,,,,,,,,,,,,,,,,,,,,,,,,,,,,,,,,,,,,,,,,,,,,,,,,TN,,,,,,,,,,
mozilla-beta,4788073,1,2c0793d5bd36dd25ac51b0c394cc0b8b6e5c8ebb,linux1804-64-shippable-qr,True,False,,,102210fe594ee9b33d82058545b1ed14f4c8206e,startup_about_home_paint,startup_about_home_paint,True,startup_about_home_paint opt e10s fission stylo webrender-sw,,6,,firefox,,1763837195,2023-09-28 09:16:00,965.0,dbfa6f744d1fcb031f3482c02ca9b6a93d17c6f6,1307948,,,,,,,,,,,,,,,,,,,,,,,,,,,,,,,,,,,,,,,,,,,,,,,,,,TN,,,,,,,,,,
mozilla-beta,4788073,1,2c0793d5bd36dd25ac51b0c394cc0b8b6e5c8ebb,linux1804-64-shippable-qr,True,False,,,102210fe594ee9b33d82058545b1ed14f4c8206e,startup_about_home_paint,startup_about_home_paint,True,startup_about_home_paint opt e10s fission stylo webrender-sw,,6,,firefox,,1764033916,2023-09-28 15:47:16,961.0,c225843f670a40bb285d0934cdd28748011db546,1308188,,,,,,,,,,,,,,,,,,,,,,,,,,,,,,,,,,,,,,,,,,,,,,,,,,TN,,,,,,,,,,
mozilla-beta,4788073,1,2c0793d5bd36dd25ac51b0c394cc0b8b6e5c8ebb,linux1804-64-shippable-qr,True,False,,,102210fe594ee9b33d82058545b1ed14f4c8206e,startup_about_home_paint,startup_about_home_paint,True,startup_about_home_paint opt e10s fission stylo webrender-sw,,6,,firefox,,1764086473,2023-09-28 16:33:19,951.0,714ad1ecc496dbc1e0316ef32f004e3594afae4c,1308221,,,,,,,,,,,,,,,,,,,,,,,,,,,,,,,,,,,,,,,,,,,,,,,,,,TN,,,,,,,,,,
mozilla-beta,4788073,1,2c0793d5bd36dd25ac51b0c394cc0b8b6e5c8ebb,linux1804-64-shippable-qr,True,False,,,102210fe594ee9b33d82058545b1ed14f4c8206e,startup_about_home_paint,startup_about_home_paint,True,startup_about_home_paint opt e10s fission stylo webrender-sw,,6,,firefox,,1764155992,2023-09-28 19:13:44,960.0,1a41a118193dc3ad19c04b3da34ba9f08b5f4b2e,1308369,,,,,,,,,,,,,,,,,,,,,,,,,,,,,,,,,,,,,,,,,,,,,,,,,,TN,,,,,,,,,,
mozilla-beta,4788073,1,2c0793d5bd36dd25ac51b0c394cc0b8b6e5c8ebb,linux1804-64-shippable-qr,True,False,,,102210fe594ee9b33d82058545b1ed14f4c8206e,startup_about_home_paint,startup_about_home_paint,True,startup_about_home_paint opt e10s fission stylo webrender-sw,,6,,firefox,,1764597033,2023-09-29 09:14:27,985.0,fe5fec8379780f7d83aea22168af4bb524933291,1308654,,,,,,,,,,,,,,,,,,,,,,,,,,,,,,,,,,,,,,,,,,,,,,,,,,TN,,,,,,,,,,
mozilla-beta,4788073,1,2c0793d5bd36dd25ac51b0c394cc0b8b6e5c8ebb,linux1804-64-shippable-qr,True,False,,,102210fe594ee9b33d82058545b1ed14f4c8206e,startup_about_home_paint,startup_about_home_paint,True,startup_about_home_paint opt e10s fission stylo webrender-sw,,6,,firefox,,1764944655,2023-09-29 17:03:59,945.0,5f7680e645eebc437f78cdeed1261c0cfb2579cf,1308871,,,,,,,,,,,,,,,,,,,,,,,,,,,,,,,,,,,,,,,,,,,,,,,,,,TN,,,,,,,,,,
mozilla-beta,4788073,1,2c0793d5bd36dd25ac51b0c394cc0b8b6e5c8ebb,linux1804-64-shippable-qr,True,False,,,102210fe594ee9b33d82058545b1ed14f4c8206e,startup_about_home_paint,startup_about_home_paint,True,startup_about_home_paint opt e10s fission stylo webrender-sw,,6,,firefox,,1764985088,2023-09-29 18:35:51,946.0,f112373c55ecd1ae5179e07fab55605a7bfe0d0b,1308924,,,,,,,,,,,,,,,,,,,,,,,,,,,,,,,,,,,,,,,,,,,,,,,,,,TN,,,,,,,,,,
mozilla-beta,4788073,1,2c0793d5bd36dd25ac51b0c394cc0b8b6e5c8ebb,linux1804-64-shippable-qr,True,False,,,102210fe594ee9b33d82058545b1ed14f4c8206e,startup_about_home_paint,startup_about_home_paint,True,startup_about_home_paint opt e10s fission stylo webrender-sw,,6,,firefox,,1765245587,2023-09-30 09:18:18,954.0,c29dafbae797813b78752227e769dffacec3830d,1309097,,,,,,,,,,,,,,,,,,,,,,,,,,,,,,,,,,,,,,,,,,,,,,,,,,TN,,,,,,,,,,
mozilla-beta,4788073,1,2c0793d5bd36dd25ac51b0c394cc0b8b6e5c8ebb,linux1804-64-shippable-qr,True,False,,,102210fe594ee9b33d82058545b1ed14f4c8206e,startup_about_home_paint,startup_about_home_paint,True,startup_about_home_paint opt e10s fission stylo webrender-sw,,6,,firefox,,1765471333,2023-10-01 09:15:55,944.0,75b5edb9dd8c6ea1ed868362b8ed8afff4377b7f,1309193,,,,,,,,,,,,,,,,,,,,,,,,,,,,,,,,,,,,,,,,,,,,,,,,,,TN,,,,,,,,,,
mozilla-beta,4788073,1,2c0793d5bd36dd25ac51b0c394cc0b8b6e5c8ebb,linux1804-64-shippable-qr,True,False,,,102210fe594ee9b33d82058545b1ed14f4c8206e,startup_about_home_paint,startup_about_home_paint,True,startup_about_home_paint opt e10s fission stylo webrender-sw,,6,,firefox,,1765525053,2023-10-01 13:43:42,957.0,79a4e78796384c8776f2b76178b4017d09e31fd4,1309232,,,,,,,,,,,,,,,,,,,,,,,,,,,,,,,,,,,,,,,,,,,,,,,,,,TN,,,,,,,,,,
mozilla-beta,4788073,1,2c0793d5bd36dd25ac51b0c394cc0b8b6e5c8ebb,linux1804-64-shippable-qr,True,False,,,102210fe594ee9b33d82058545b1ed14f4c8206e,startup_about_home_paint,startup_about_home_paint,True,startup_about_home_paint opt e10s fission stylo webrender-sw,,6,,firefox,,1765794259,2023-10-02 09:17:55,967.0,dd5c4288e5758af7fc35f71c3129bd1eda767278,1309401,,,,,,,,,,,,,,,,,,,,,,,,,,,,,,,,,,,,,,,,,,,,,,,,,,TN,,,,,,,,,,
mozilla-beta,4788073,1,2c0793d5bd36dd25ac51b0c394cc0b8b6e5c8ebb,linux1804-64-shippable-qr,True,False,,,102210fe594ee9b33d82058545b1ed14f4c8206e,startup_about_home_paint,startup_about_home_paint,True,startup_about_home_paint opt e10s fission stylo webrender-sw,,6,,firefox,,1765941431,2023-10-02 13:51:16,954.0,c8e8ea275a5a3f33358dcf77b50088ddf09f7e9b,1309578,,,,,,,,,,,,,,,,,,,,,,,,,,,,,,,,,,,,,,,,,,,,,,,,,,TN,,,,,,,,,,
mozilla-beta,4788073,1,2c0793d5bd36dd25ac51b0c394cc0b8b6e5c8ebb,linux1804-64-shippable-qr,True,False,,,102210fe594ee9b33d82058545b1ed14f4c8206e,startup_about_home_paint,startup_about_home_paint,True,startup_about_home_paint opt e10s fission stylo webrender-sw,,6,,firefox,,1766210584,2023-10-02 20:49:05,946.0,e5bffcfa00f5c8cd1e394ac1131fb1e3ca2a3b56,1309873,,,,,,,,,,,,,,,,,,,,,,,,,,,,,,,,,,,,,,,,,,,,,,,,,,TN,,,,,,,,,,
mozilla-beta,4788073,1,2c0793d5bd36dd25ac51b0c394cc0b8b6e5c8ebb,linux1804-64-shippable-qr,True,False,,,102210fe594ee9b33d82058545b1ed14f4c8206e,startup_about_home_paint,startup_about_home_paint,True,startup_about_home_paint opt e10s fission stylo webrender-sw,,6,,firefox,,1766594148,2023-10-03 09:17:20,950.0,205eb2c4bf7e71d495ab61be1d40f9ea2671340b,1310189,,,,,,,,,,,,,,,,,,,,,,,,,,,,,,,,,,,,,,,,,,,,,,,,,,TN,,,,,,,,,,
mozilla-beta,4788073,1,2c0793d5bd36dd25ac51b0c394cc0b8b6e5c8ebb,linux1804-64-shippable-qr,True,False,,,102210fe594ee9b33d82058545b1ed14f4c8206e,startup_about_home_paint,startup_about_home_paint,True,startup_about_home_paint opt e10s fission stylo webrender-sw,,6,,firefox,,1766763863,2023-10-03 12:49:30,961.0,118184ccfcd830d8977a794dd26064b3accc58a2,1310283,,,,,,,,,,,,,,,,,,,,,,,,,,,,,,,,,,,,,,,,,,,,,,,,,,TN,,,,,,,,,,
mozilla-beta,4788073,1,2c0793d5bd36dd25ac51b0c394cc0b8b6e5c8ebb,linux1804-64-shippable-qr,True,False,,,102210fe594ee9b33d82058545b1ed14f4c8206e,startup_about_home_paint,startup_about_home_paint,True,startup_about_home_paint opt e10s fission stylo webrender-sw,,6,,firefox,,1767156482,2023-10-04 00:57:47,947.0,aae1c545bad65ea0147bb9c3d884c5d0d1ebcfa2,1310719,,,,,,,,,,,,,,,,,,,,,,,,,,,,,,,,,,,,,,,,,,,,,,,,,,TN,,,,,,,,,,
mozilla-beta,4788073,1,2c0793d5bd36dd25ac51b0c394cc0b8b6e5c8ebb,linux1804-64-shippable-qr,True,False,,,102210fe594ee9b33d82058545b1ed14f4c8206e,startup_about_home_paint,startup_about_home_paint,True,startup_about_home_paint opt e10s fission stylo webrender-sw,,6,,firefox,,1767170712,2023-10-04 01:13:33,945.0,20072380b395934aebb21065fe4a360ae9ca1e5a,1310722,,,,,,,,,,,,,,,,,,,,,,,,,,,,,,,,,,,,,,,,,,,,,,,,,,TN,,,,,,,,,,
mozilla-beta,4788073,1,2c0793d5bd36dd25ac51b0c394cc0b8b6e5c8ebb,linux1804-64-shippable-qr,True,False,,,102210fe594ee9b33d82058545b1ed14f4c8206e,startup_about_home_paint,startup_about_home_paint,True,startup_about_home_paint opt e10s fission stylo webrender-sw,,6,,firefox,,1767212168,2023-10-04 02:01:13,973.0,9bb86c200658a7dc1d44f05d5275db9c605599f3,1310732,,,,,,,,,,,,,,,,,,,,,,,,,,,,,,,,,,,,,,,,,,,,,,,,,,TN,,,,,,,,,,
mozilla-beta,4788073,1,2c0793d5bd36dd25ac51b0c394cc0b8b6e5c8ebb,linux1804-64-shippable-qr,True,False,,,102210fe594ee9b33d82058545b1ed14f4c8206e,startup_about_home_paint,startup_about_home_paint,True,startup_about_home_paint opt e10s fission stylo webrender-sw,,6,,firefox,,1767251619,2023-10-04 04:09:15,956.0,4794794a6bd29a17dd7a438eaecc95be72381860,1310752,,,,,,,,,,,,,,,,,,,,,,,,,,,,,,,,,,,,,,,,,,,,,,,,,,TN,,,,,,,,,,
mozilla-beta,4788073,1,2c0793d5bd36dd25ac51b0c394cc0b8b6e5c8ebb,linux1804-64-shippable-qr,True,False,,,102210fe594ee9b33d82058545b1ed14f4c8206e,startup_about_home_paint,startup_about_home_paint,True,startup_about_home_paint opt e10s fission stylo webrender-sw,,6,,firefox,,1767453060,2023-10-04 09:16:11,950.0,ee94bbad8af86968bf85c48449dd7d1bece16e6a,1310854,,,,,,,,,,,,,,,,,,,,,,,,,,,,,,,,,,,,,,,,,,,,,,,,,,TN,,,,,,,,,,
mozilla-beta,4788073,1,2c0793d5bd36dd25ac51b0c394cc0b8b6e5c8ebb,linux1804-64-shippable-qr,True,False,,,102210fe594ee9b33d82058545b1ed14f4c8206e,startup_about_home_paint,startup_about_home_paint,True,startup_about_home_paint opt e10s fission stylo webrender-sw,,6,,firefox,,1767818424,2023-10-04 19:05:37,966.0,6066df449ff2e6a96d4dd6d81f524353c904a7e4,1311304,,,,,,,,,,,,,,,,,,,,,,,,,,,,,,,,,,,,,,,,,,,,,,,,,,TN,,,,,,,,,,
mozilla-beta,4788073,1,2c0793d5bd36dd25ac51b0c394cc0b8b6e5c8ebb,linux1804-64-shippable-qr,True,False,,,102210fe594ee9b33d82058545b1ed14f4c8206e,startup_about_home_paint,startup_about_home_paint,True,startup_about_home_paint opt e10s fission stylo webrender-sw,,6,,firefox,,1768199771,2023-10-05 09:16:59,978.0,580ae177f2ee1ec5f96ba0a876c77edad7dc1810,1311697,,,,,,,,,,,,,,,,,,,,,,,,,,,,,,,,,,,,,,,,,,,,,,,,,,TN,,,,,,,,,,
mozilla-beta,4788073,1,2c0793d5bd36dd25ac51b0c394cc0b8b6e5c8ebb,linux1804-64-shippable-qr,True,False,,,102210fe594ee9b33d82058545b1ed14f4c8206e,startup_about_home_paint,startup_about_home_paint,True,startup_about_home_paint opt e10s fission stylo webrender-sw,,6,,firefox,,1768283172,2023-10-05 12:14:20,948.0,82dc5b47405aa3b80232917dce1198d8f5fe0205,1311786,,,,,,,,,,,,,,,,,,,,,,,,,,,,,,,,,,,,,,,,,,,,,,,,,,TN,,,,,,,,,,
mozilla-beta,4788073,1,2c0793d5bd36dd25ac51b0c394cc0b8b6e5c8ebb,linux1804-64-shippable-qr,True,False,,,102210fe594ee9b33d82058545b1ed14f4c8206e,startup_about_home_paint,startup_about_home_paint,True,startup_about_home_paint opt e10s fission stylo webrender-sw,,6,,firefox,,1768372242,2023-10-05 13:10:58,945.0,a9b4c32cbce4e483371a4d4f0af1cb5b99ba1beb,1311851,,,,,,,,,,,,,,,,,,,,,,,,,,,,,,,,,,,,,,,,,,,,,,,,,,TN,,,,,,,,,,
mozilla-beta,4788073,1,2c0793d5bd36dd25ac51b0c394cc0b8b6e5c8ebb,linux1804-64-shippable-qr,True,False,,,102210fe594ee9b33d82058545b1ed14f4c8206e,startup_about_home_paint,startup_about_home_paint,True,startup_about_home_paint opt e10s fission stylo webrender-sw,,6,,firefox,,1768698690,2023-10-05 18:10:23,972.0,acc9965e45abe1aeac40ca2f04c26812adc75cda,1312101,,,,,,,,,,,,,,,,,,,,,,,,,,,,,,,,,,,,,,,,,,,,,,,,,,TN,,,,,,,,,,
mozilla-beta,4788073,1,2c0793d5bd36dd25ac51b0c394cc0b8b6e5c8ebb,linux1804-64-shippable-qr,True,False,,,102210fe594ee9b33d82058545b1ed14f4c8206e,startup_about_home_paint,startup_about_home_paint,True,startup_about_home_paint opt e10s fission stylo webrender-sw,,6,,firefox,,1769071828,2023-10-06 09:15:09,976.0,75404df0a34bb37b93351a424687782569f397f9,1312465,,,,,,,,,,,,,,,,,,,,,,,,,,,,,,,,,,,,,,,,,,,,,,,,,,TN,,,,,,,,,,
mozilla-beta,4788073,1,2c0793d5bd36dd25ac51b0c394cc0b8b6e5c8ebb,linux1804-64-shippable-qr,True,False,,,102210fe594ee9b33d82058545b1ed14f4c8206e,startup_about_home_paint,startup_about_home_paint,True,startup_about_home_paint opt e10s fission stylo webrender-sw,,6,,firefox,,1769376446,2023-10-06 17:47:24,954.0,f62bbe0bb99b812d0d79d2e5517f7584baa278fc,1312771,,,,,,,,,,,,,,,,,,,,,,,,,,,,,,,,,,,,,,,,,,,,,,,,,,TN,,,,,,,,,,
mozilla-beta,4788073,1,2c0793d5bd36dd25ac51b0c394cc0b8b6e5c8ebb,linux1804-64-shippable-qr,True,False,,,102210fe594ee9b33d82058545b1ed14f4c8206e,startup_about_home_paint,startup_about_home_paint,True,startup_about_home_paint opt e10s fission stylo webrender-sw,,6,,firefox,,1769488920,2023-10-06 18:35:27,960.0,f56a6c67a33ab1a140c63cace57b27168b822eec,1312821,,,,,,,,,,,,,,,,,,,,,,,,,,,,,,,,,,,,,,,,,,,,,,,,,,TN,,,,,,,,,,
mozilla-beta,4788073,1,2c0793d5bd36dd25ac51b0c394cc0b8b6e5c8ebb,linux1804-64-shippable-qr,True,False,,,102210fe594ee9b33d82058545b1ed14f4c8206e,startup_about_home_paint,startup_about_home_paint,True,startup_about_home_paint opt e10s fission stylo webrender-sw,,6,,firefox,,1769665502,2023-10-07 09:16:25,942.0,13a5ee763497f5cfd08fefcb509684311e9aee25,1313095,,,,,,,,,,,,,,,,,,,,,,,,,,,,,,,,,,,,,,,,,,,,,,,,,,TN,,,,,,,,,,
mozilla-beta,4788073,1,2c0793d5bd36dd25ac51b0c394cc0b8b6e5c8ebb,linux1804-64-shippable-qr,True,False,,,102210fe594ee9b33d82058545b1ed14f4c8206e,startup_about_home_paint,startup_about_home_paint,True,startup_about_home_paint opt e10s fission stylo webrender-sw,,6,,firefox,,1769970114,2023-10-08 09:15:29,935.0,9a2aad16b50476b91e85115698a5372c0e178481,1313212,,,,,,,,,,,,,,,,,,,,,,,,,,,,,,,,,,,,,,,,,,,,,,,,,,TN,,,,,,,,,,
mozilla-beta,4788073,1,2c0793d5bd36dd25ac51b0c394cc0b8b6e5c8ebb,linux1804-64-shippable-qr,True,False,,,102210fe594ee9b33d82058545b1ed14f4c8206e,startup_about_home_paint,startup_about_home_paint,True,startup_about_home_paint opt e10s fission stylo webrender-sw,,6,,firefox,,1770074142,2023-10-08 14:12:09,943.0,52bc619257d3e66e5326c753c4a1035195d1929a,1313230,,,,,,,,,,,,,,,,,,,,,,,,,,,,,,,,,,,,,,,,,,,,,,,,,,TN,,,,,,,,,,
mozilla-beta,4788073,1,2c0793d5bd36dd25ac51b0c394cc0b8b6e5c8ebb,linux1804-64-shippable-qr,True,False,,,102210fe594ee9b33d82058545b1ed14f4c8206e,startup_about_home_paint,startup_about_home_paint,True,startup_about_home_paint opt e10s fission stylo webrender-sw,,6,,firefox,,1770063084,2023-10-08 14:18:48,949.0,4816a8c9639e20516df1685953f8ca97052aea2b,1313231,,,,,,,,,,,,,,,,,,,,,,,,,,,,,,,,,,,,,,,,,,,,,,,,,,TN,,,,,,,,,,
mozilla-beta,4788073,1,2c0793d5bd36dd25ac51b0c394cc0b8b6e5c8ebb,linux1804-64-shippable-qr,True,False,,,102210fe594ee9b33d82058545b1ed14f4c8206e,startup_about_home_paint,startup_about_home_paint,True,startup_about_home_paint opt e10s fission stylo webrender-sw,,6,,firefox,,1770372378,2023-10-09 09:21:20,952.0,d4527a30756259366526e6c471ce07f48f4515ac,1313437,,,,,,,,,,,,,,,,,,,,,,,,,,,,,,,,,,,,,,,,,,,,,,,,,,TN,,,,,,,,,,
mozilla-beta,4788073,1,2c0793d5bd36dd25ac51b0c394cc0b8b6e5c8ebb,linux1804-64-shippable-qr,True,False,,,102210fe594ee9b33d82058545b1ed14f4c8206e,startup_about_home_paint,startup_about_home_paint,True,startup_about_home_paint opt e10s fission stylo webrender-sw,,6,,firefox,,1770418961,2023-10-09 11:16:45,944.0,2c502d3a5967e4ffe419c5d01465f41dceb956f6,1313488,,,,,,,,,,,,,,,,,,,,,,,,,,,,,,,,,,,,,,,,,,,,,,,,,,TN,,,,,,,,,,
mozilla-beta,4788073,1,2c0793d5bd36dd25ac51b0c394cc0b8b6e5c8ebb,linux1804-64-shippable-qr,True,False,,,102210fe594ee9b33d82058545b1ed14f4c8206e,startup_about_home_paint,startup_about_home_paint,True,startup_about_home_paint opt e10s fission stylo webrender-sw,,6,,firefox,,1770686741,2023-10-09 20:58:43,942.0,f95037ec26ecbd37fce78a2acc917f42d07c5fb4,1313834,,,,,,,,,,,,,,,,,,,,,,,,,,,,,,,,,,,,,,,,,,,,,,,,,,TN,,,,,,,,,,
mozilla-beta,4788073,1,2c0793d5bd36dd25ac51b0c394cc0b8b6e5c8ebb,linux1804-64-shippable-qr,True,False,,,102210fe594ee9b33d82058545b1ed14f4c8206e,startup_about_home_paint,startup_about_home_paint,True,startup_about_home_paint opt e10s fission stylo webrender-sw,,6,,firefox,,1770925448,2023-10-10 09:17:32,953.0,6ca6ea6b139da8aa4264829b50988ed951574abf,1314076,,,,,,,,,,,,,,,,,,,,,,,,,,,,,,,,,,,,,,,,,,,,,,,,,,TN,,,,,,,,,,
mozilla-beta,4788073,1,2c0793d5bd36dd25ac51b0c394cc0b8b6e5c8ebb,linux1804-64-shippable-qr,True,False,,,102210fe594ee9b33d82058545b1ed14f4c8206e,startup_about_home_paint,startup_about_home_paint,True,startup_about_home_paint opt e10s fission stylo webrender-sw,,6,,firefox,,1771029159,2023-10-10 12:36:38,949.0,c811c2581ef0ad534e3f4051ad22d392a27379a9,1314201,,,,,,,,,,,,,,,,,,,,,,,,,,,,,,,,,,,,,,,,,,,,,,,,,,TN,,,,,,,,,,
mozilla-beta,4788073,1,2c0793d5bd36dd25ac51b0c394cc0b8b6e5c8ebb,linux1804-64-shippable-qr,True,False,,,102210fe594ee9b33d82058545b1ed14f4c8206e,startup_about_home_paint,startup_about_home_paint,True,startup_about_home_paint opt e10s fission stylo webrender-sw,,6,,firefox,,1771075989,2023-10-10 14:42:07,942.0,fd6c29d7603acc344157c8a5f14b7fc49b7ad07c,1314306,,,,,,,,,,,,,,,,,,,,,,,,,,,,,,,,,,,,,,,,,,,,,,,,,,TN,,,,,,,,,,
mozilla-beta,4788073,1,2c0793d5bd36dd25ac51b0c394cc0b8b6e5c8ebb,linux1804-64-shippable-qr,True,False,,,102210fe594ee9b33d82058545b1ed14f4c8206e,startup_about_home_paint,startup_about_home_paint,True,startup_about_home_paint opt e10s fission stylo webrender-sw,,6,,firefox,,1771386503,2023-10-10 21:51:45,938.0,577dcfba9576ee660a671915f1ea3756e9d84652,1314592,,,,,,,,,,,,,,,,,,,,,,,,,,,,,,,,,,,,,,,,,,,,,,,,,,TN,,,,,,,,,,
mozilla-beta,4788073,1,2c0793d5bd36dd25ac51b0c394cc0b8b6e5c8ebb,linux1804-64-shippable-qr,True,False,,,102210fe594ee9b33d82058545b1ed14f4c8206e,startup_about_home_paint,startup_about_home_paint,True,startup_about_home_paint opt e10s fission stylo webrender-sw,,6,,firefox,,1771592795,2023-10-11 09:15:28,938.0,54e1383bd50714d6e9f0149e83a414e4a48cac7f,1314859,,,,,,,,,,,,,,,,,,,,,,,,,,,,,,,,,,,,,,,,,,,,,,,,,,TN,,,,,,,,,,
mozilla-beta,4788073,1,2c0793d5bd36dd25ac51b0c394cc0b8b6e5c8ebb,linux1804-64-shippable-qr,True,False,,,102210fe594ee9b33d82058545b1ed14f4c8206e,startup_about_home_paint,startup_about_home_paint,True,startup_about_home_paint opt e10s fission stylo webrender-sw,,6,,firefox,,1771895251,2023-10-11 19:41:14,955.0,1b37a41b6de4ddb9a207889b49d817aa2e82d43a,1315281,,,,,,,,,,,,,,,,,,,,,,,,,,,,,,,,,,,,,,,,,,,,,,,,,,TN,,,,,,,,,,
mozilla-beta,4788073,1,2c0793d5bd36dd25ac51b0c394cc0b8b6e5c8ebb,linux1804-64-shippable-qr,True,False,,,102210fe594ee9b33d82058545b1ed14f4c8206e,startup_about_home_paint,startup_about_home_paint,True,startup_about_home_paint opt e10s fission stylo webrender-sw,,6,,firefox,,1772004690,2023-10-11 22:55:04,948.0,5aa198b1f23a350634177ce2fdeb210d41468ad4,1315411,,,,,,,,,,,,,,,,,,,,,,,,,,,,,,,,,,,,,,,,,,,,,,,,,,TN,,,,,,,,,,
mozilla-beta,4788073,1,2c0793d5bd36dd25ac51b0c394cc0b8b6e5c8ebb,linux1804-64-shippable-qr,True,False,,,102210fe594ee9b33d82058545b1ed14f4c8206e,startup_about_home_paint,startup_about_home_paint,True,startup_about_home_paint opt e10s fission stylo webrender-sw,,6,,firefox,,1772107985,2023-10-12 02:52:01,948.0,bba75dc3df803f8ed22a9cb4e7d6bc274909572c,1315485,,,,,,,,,,,,,,,,,,,,,,,,,,,,,,,,,,,,,,,,,,,,,,,,,,TN,,,,,,,,,,
mozilla-beta,4788073,1,2c0793d5bd36dd25ac51b0c394cc0b8b6e5c8ebb,linux1804-64-shippable-qr,True,False,,,102210fe594ee9b33d82058545b1ed14f4c8206e,startup_about_home_paint,startup_about_home_paint,True,startup_about_home_paint opt e10s fission stylo webrender-sw,,6,,firefox,,1772256584,2023-10-12 09:16:52,936.0,9c6b259fc70659f4aed73bc575ef934836412c9f,1315594,,,,,,,,,,,,,,,,,,,,,,,,,,,,,,,,,,,,,,,,,,,,,,,,,,TN,,,,,,,,,,
mozilla-beta,4788073,1,2c0793d5bd36dd25ac51b0c394cc0b8b6e5c8ebb,linux1804-64-shippable-qr,True,False,,,102210fe594ee9b33d82058545b1ed14f4c8206e,startup_about_home_paint,startup_about_home_paint,True,startup_about_home_paint opt e10s fission stylo webrender-sw,,6,,firefox,,1772410003,2023-10-12 13:44:47,955.0,f931988827a90cf966b1ad7fc5e9e4ac2baf74c8,1315758,,,,,,,,,,,,,,,,,,,,,,,,,,,,,,,,,,,,,,,,,,,,,,,,,,TN,,,,,,,,,,
mozilla-beta,4788073,1,2c0793d5bd36dd25ac51b0c394cc0b8b6e5c8ebb,linux1804-64-shippable-qr,True,False,,,102210fe594ee9b33d82058545b1ed14f4c8206e,startup_about_home_paint,startup_about_home_paint,True,startup_about_home_paint opt e10s fission stylo webrender-sw,,6,,firefox,,1772526304,2023-10-12 17:47:43,946.0,0d28d797a85a4ed9635545fe3467b17e8ebb4d5d,1315941,,,,,,,,,,,,,,,,,,,,,,,,,,,,,,,,,,,,,,,,,,,,,,,,,,TN,,,,,,,,,,
mozilla-beta,4788073,1,2c0793d5bd36dd25ac51b0c394cc0b8b6e5c8ebb,linux1804-64-shippable-qr,True,False,,,102210fe594ee9b33d82058545b1ed14f4c8206e,startup_about_home_paint,startup_about_home_paint,True,startup_about_home_paint opt e10s fission stylo webrender-sw,,6,,firefox,,1772797945,2023-10-13 04:28:09,962.0,689906410d5f8337d185caeadf063e3c3e6f9f81,1316284,,,,,,,,,,,,,,,,,,,,,,,,,,,,,,,,,,,,,,,,,,,,,,,,,,TN,,,,,,,,,,
mozilla-beta,4788073,1,2c0793d5bd36dd25ac51b0c394cc0b8b6e5c8ebb,linux1804-64-shippable-qr,True,False,,,102210fe594ee9b33d82058545b1ed14f4c8206e,startup_about_home_paint,startup_about_home_paint,True,startup_about_home_paint opt e10s fission stylo webrender-sw,,6,,firefox,,1772886867,2023-10-13 09:14:12,946.0,03f145d4d7d679e973ec6621b498d6ba24c3bf45,1316340,,,,,,,,,,,,,,,,,,,,,,,,,,,,,,,,,,,,,,,,,,,,,,,,,,TN,,,,,,,,,,
mozilla-beta,4788073,1,2c0793d5bd36dd25ac51b0c394cc0b8b6e5c8ebb,linux1804-64-shippable-qr,True,False,,,102210fe594ee9b33d82058545b1ed14f4c8206e,startup_about_home_paint,startup_about_home_paint,True,startup_about_home_paint opt e10s fission stylo webrender-sw,,6,,firefox,,1773239923,2023-10-13 21:13:24,966.0,8eac8d7bb81d2778dd919d5b8062f8cfb0ff9d84,1316819,,,,,,,,,,,,,,,,,,,,,,,,,,,,,,,,,,,,,,,,,,,,,,,,,,TN,,,,,,,,,,
mozilla-beta,4788073,1,2c0793d5bd36dd25ac51b0c394cc0b8b6e5c8ebb,linux1804-64-shippable-qr,True,False,,,102210fe594ee9b33d82058545b1ed14f4c8206e,startup_about_home_paint,startup_about_home_paint,True,startup_about_home_paint opt e10s fission stylo webrender-sw,,6,,firefox,,1773392279,2023-10-14 09:18:12,931.0,d07f9c6281b5fc29e57d0e41beeb2dba1056da49,1316894,,,,,,,,,,,,,,,,,,,,,,,,,,,,,,,,,,,,,,,,,,,,,,,,,,TN,,,,,,,,,,
mozilla-beta,4788073,1,2c0793d5bd36dd25ac51b0c394cc0b8b6e5c8ebb,linux1804-64-shippable-qr,True,False,,,102210fe594ee9b33d82058545b1ed14f4c8206e,startup_about_home_paint,startup_about_home_paint,True,startup_about_home_paint opt e10s fission stylo webrender-sw,,6,,firefox,,1773711050,2023-10-15 09:18:27,952.0,383757494ccc7f8f4c932b8ec8e6ff5c146590c5,1316988,,,,,,,,,,,,,,,,,,,,,,,,,,,,,,,,,,,,,,,,,,,,,,,,,,TN,,,,,,,,,,
mozilla-beta,4788073,1,2c0793d5bd36dd25ac51b0c394cc0b8b6e5c8ebb,linux1804-64-shippable-qr,True,False,,,102210fe594ee9b33d82058545b1ed14f4c8206e,startup_about_home_paint,startup_about_home_paint,True,startup_about_home_paint opt e10s fission stylo webrender-sw,,6,,firefox,,1773775949,2023-10-15 14:26:14,956.0,11d1909ae147645f934856a3d3236ee83fd99444,1317018,,,,,,,,,,,,,,,,,,,,,,,,,,,,,,,,,,,,,,,,,,,,,,,,,,TN,,,,,,,,,,
mozilla-beta,4788073,1,2c0793d5bd36dd25ac51b0c394cc0b8b6e5c8ebb,linux1804-64-shippable-qr,True,False,,,102210fe594ee9b33d82058545b1ed14f4c8206e,startup_about_home_paint,startup_about_home_paint,True,startup_about_home_paint opt e10s fission stylo webrender-sw,,6,,firefox,,1774015134,2023-10-16 09:17:28,933.0,061cd59972a07bd5d25892827951e2356d4993a7,1317168,,,,,,,,,,,,,,,,,,,,,,,,,,,,,,,,,,,,,,,,,,,,,,,,,,TN,,,,,,,,,,
mozilla-beta,4788073,1,2c0793d5bd36dd25ac51b0c394cc0b8b6e5c8ebb,linux1804-64-shippable-qr,True,False,,,102210fe594ee9b33d82058545b1ed14f4c8206e,startup_about_home_paint,startup_about_home_paint,True,startup_about_home_paint opt e10s fission stylo webrender-sw,,6,,firefox,,1774137136,2023-10-16 12:10:58,947.0,f2a69b23cb0aaf2b36bac4f9f197bf4282f542c4,1317268,,,,,,,,,,,,,,,,,,,,,,,,,,,,,,,,,,,,,,,,,,,,,,,,,,TN,,,,,,,,,,
mozilla-beta,4788073,1,2c0793d5bd36dd25ac51b0c394cc0b8b6e5c8ebb,linux1804-64-shippable-qr,True,False,,,102210fe594ee9b33d82058545b1ed14f4c8206e,startup_about_home_paint,startup_about_home_paint,True,startup_about_home_paint opt e10s fission stylo webrender-sw,,6,,firefox,,1774320394,2023-10-16 15:50:14,962.0,97e8b9bbb11e77faf6188c7a1dde9ca93c5ed34c,1317440,,,,,,,,,,,,,,,,,,,,,,,,,,,,,,,,,,,,,,,,,,,,,,,,,,TN,,,,,,,,,,
mozilla-beta,4788073,1,2c0793d5bd36dd25ac51b0c394cc0b8b6e5c8ebb,linux1804-64-shippable-qr,True,False,,,102210fe594ee9b33d82058545b1ed14f4c8206e,startup_about_home_paint,startup_about_home_paint,True,startup_about_home_paint opt e10s fission stylo webrender-sw,,6,,firefox,,1774432098,2023-10-16 20:09:52,938.0,15be2499adae693a40ddfc1cb5096c90e7270986,1317580,,,,,,,,,,,,,,,,,,,,,,,,,,,,,,,,,,,,,,,,,,,,,,,,,,TN,,,,,,,,,,
mozilla-beta,4788073,1,2c0793d5bd36dd25ac51b0c394cc0b8b6e5c8ebb,linux1804-64-shippable-qr,True,False,,,102210fe594ee9b33d82058545b1ed14f4c8206e,startup_about_home_paint,startup_about_home_paint,True,startup_about_home_paint opt e10s fission stylo webrender-sw,,6,,firefox,,1778131586,2023-10-23 13:54:43,944.0,5474a9ed5dbd2e49f2a97baf12209cd00e38bdd9,1320858,,,,,,,,,,,,,,,,,,,,,,,,,,,,,,,,,,,,,,,,,,,,,,,,,,TN,,,,,,,,,,
mozilla-beta,4788073,1,2c0793d5bd36dd25ac51b0c394cc0b8b6e5c8ebb,linux1804-64-shippable-qr,True,False,,,102210fe594ee9b33d82058545b1ed14f4c8206e,startup_about_home_paint,startup_about_home_paint,True,startup_about_home_paint opt e10s fission stylo webrender-sw,,6,,firefox,,1778535054,2023-10-23 20:46:52,938.0,b03a01da2a2d576a6c92ce245e4803bcb257f2aa,1321218,,,,,,,,,,,,,,,,,,,,,,,,,,,,,,,,,,,,,,,,,,,,,,,,,,TN,,,,,,,,,,
mozilla-beta,4788073,1,2c0793d5bd36dd25ac51b0c394cc0b8b6e5c8ebb,linux1804-64-shippable-qr,True,False,,,102210fe594ee9b33d82058545b1ed14f4c8206e,startup_about_home_paint,startup_about_home_paint,True,startup_about_home_paint opt e10s fission stylo webrender-sw,,6,,firefox,,1778994344,2023-10-24 09:16:29,959.0,687c546af188e22f70afcf55e14005978520b7cb,1321483,,,,,,,,,,,,,,,,,,,,,,,,,,,,,,,,,,,,,,,,,,,,,,,,,,TN,,,,,,,,,,
mozilla-beta,4788073,1,2c0793d5bd36dd25ac51b0c394cc0b8b6e5c8ebb,linux1804-64-shippable-qr,True,False,,,102210fe594ee9b33d82058545b1ed14f4c8206e,startup_about_home_paint,startup_about_home_paint,True,startup_about_home_paint opt e10s fission stylo webrender-sw,,6,,firefox,,1779404462,2023-10-24 18:16:48,943.0,a17c6aa73b0faf44667bd491440d373e3268aa40,1321817,,,,,,,,,,,,,,,,,,,,,,,,,,,,,,,,,,,,,,,,,,,,,,,,,,TN,,,,,,,,,,
mozilla-beta,4788073,1,2c0793d5bd36dd25ac51b0c394cc0b8b6e5c8ebb,linux1804-64-shippable-qr,True,False,,,102210fe594ee9b33d82058545b1ed14f4c8206e,startup_about_home_paint,startup_about_home_paint,True,startup_about_home_paint opt e10s fission stylo webrender-sw,,6,,firefox,,1779524753,2023-10-24 18:50:37,938.0,0e1ba587a1e6e6f571fd31b1aca0d4679e193e1d,1321847,,,,,,,,,,,,,,,,,,,,,,,,,,,,,,,,,,,,,,,,,,,,,,,,,,TN,,,,,,,,,,
mozilla-beta,4788073,1,2c0793d5bd36dd25ac51b0c394cc0b8b6e5c8ebb,linux1804-64-shippable-qr,True,False,,,102210fe594ee9b33d82058545b1ed14f4c8206e,startup_about_home_paint,startup_about_home_paint,True,startup_about_home_paint opt e10s fission stylo webrender-sw,,6,,firefox,,1779427468,2023-10-24 19:08:21,954.0,3b2f433ad9ff8c7fc4b9947b65b4ed12b102cd2a,1321860,,,,,,,,,,,,,,,,,,,,,,,,,,,,,,,,,,,,,,,,,,,,,,,,,,TN,,,,,,,,,,
mozilla-beta,4788073,1,2c0793d5bd36dd25ac51b0c394cc0b8b6e5c8ebb,linux1804-64-shippable-qr,True,False,,,102210fe594ee9b33d82058545b1ed14f4c8206e,startup_about_home_paint,startup_about_home_paint,True,startup_about_home_paint opt e10s fission stylo webrender-sw,,6,,firefox,,1779504728,2023-10-24 19:19:30,955.0,b178e6a89dd972a2b875d083da187c5e1233158d,1321871,,,,,,,,,,,,,,,,,,,,,,,,,,,,,,,,,,,,,,,,,,,,,,,,,,TN,,,,,,,,,,
mozilla-beta,4788073,1,2c0793d5bd36dd25ac51b0c394cc0b8b6e5c8ebb,linux1804-64-shippable-qr,True,False,,,102210fe594ee9b33d82058545b1ed14f4c8206e,startup_about_home_paint,startup_about_home_paint,True,startup_about_home_paint opt e10s fission stylo webrender-sw,,6,,firefox,,1779848766,2023-10-25 09:17:56,941.0,c3d8b4bc894010747ac1638f14d701801685ad2e,1322190,,,,,,,,,,,,,,,,,,,,,,,,,,,,,,,,,,,,,,,,,,,,,,,,,,TN,,,,,,,,,,
mozilla-beta,4788073,1,2c0793d5bd36dd25ac51b0c394cc0b8b6e5c8ebb,linux1804-64-shippable-qr,True,False,,,102210fe594ee9b33d82058545b1ed14f4c8206e,startup_about_home_paint,startup_about_home_paint,True,startup_about_home_paint opt e10s fission stylo webrender-sw,,6,,firefox,,1780351070,2023-10-25 20:12:08,701.0,70b3d048171ce75923409d3d9d0b2d7752cacbb9,1322523,,,,,,,,,,,,,,,,,,,,,,,,,,,,,,,,,,,,,,,,,,,,,,,,,,TN,,,,,,,,,,
mozilla-beta,4788073,1,2c0793d5bd36dd25ac51b0c394cc0b8b6e5c8ebb,linux1804-64-shippable-qr,True,False,,,102210fe594ee9b33d82058545b1ed14f4c8206e,startup_about_home_paint,startup_about_home_paint,True,startup_about_home_paint opt e10s fission stylo webrender-sw,,6,,firefox,,1780593637,2023-10-26 01:42:12,944.0,31e780c0f9412435072db1cdb1a74a46766ddcff,1322720,,,,,,,,,,,,,,,,,,,,,,,,,,,,,,,,,,,,,,,,,,,,,,,,,,TN,,,,,,,,,,
mozilla-beta,4788073,1,2c0793d5bd36dd25ac51b0c394cc0b8b6e5c8ebb,linux1804-64-shippable-qr,True,False,,,102210fe594ee9b33d82058545b1ed14f4c8206e,startup_about_home_paint,startup_about_home_paint,True,startup_about_home_paint opt e10s fission stylo webrender-sw,,6,,firefox,,1780568531,2023-10-26 01:59:39,950.0,d0592eb71b49011c614d86db88b6673c5f23485f,1322727,,,,,,,,,,,,,,,,,,,,,,,,,,,,,,,,,,,,,,,,,,,,,,,,,,TN,,,,,,,,,,
mozilla-beta,4788073,1,2c0793d5bd36dd25ac51b0c394cc0b8b6e5c8ebb,linux1804-64-shippable-qr,True,False,,,102210fe594ee9b33d82058545b1ed14f4c8206e,startup_about_home_paint,startup_about_home_paint,True,startup_about_home_paint opt e10s fission stylo webrender-sw,,6,,firefox,,1780823677,2023-10-26 09:18:57,952.0,09df940b02395fb242a2aff8bae0a1fc78f1a0ec,1322855,,,,,,,,,,,,,,,,,,,,,,,,,,,,,,,,,,,,,,,,,,,,,,,,,,TN,,,,,,,,,,
mozilla-beta,4788073,1,2c0793d5bd36dd25ac51b0c394cc0b8b6e5c8ebb,linux1804-64-shippable-qr,True,False,,,102210fe594ee9b33d82058545b1ed14f4c8206e,startup_about_home_paint,startup_about_home_paint,True,startup_about_home_paint opt e10s fission stylo webrender-sw,,6,,firefox,,1781088333,2023-10-26 14:06:49,944.0,0970ac067962ef702919bed3c130ff4577c5a618,1323016,,,,,,,,,,,,,,,,,,,,,,,,,,,,,,,,,,,,,,,,,,,,,,,,,,TN,,,,,,,,,,
mozilla-beta,4788073,1,2c0793d5bd36dd25ac51b0c394cc0b8b6e5c8ebb,linux1804-64-shippable-qr,True,False,,,102210fe594ee9b33d82058545b1ed14f4c8206e,startup_about_home_paint,startup_about_home_paint,True,startup_about_home_paint opt e10s fission stylo webrender-sw,,6,,firefox,,1781194804,2023-10-26 18:12:41,947.0,a4b470ebb6b18254694693aa28a4019d425e5157,1323171,,,,,,,,,,,,,,,,,,,,,,,,,,,,,,,,,,,,,,,,,,,,,,,,,,TN,,,,,,,,,,
mozilla-beta,4788073,1,2c0793d5bd36dd25ac51b0c394cc0b8b6e5c8ebb,linux1804-64-shippable-qr,True,False,,,102210fe594ee9b33d82058545b1ed14f4c8206e,startup_about_home_paint,startup_about_home_paint,True,startup_about_home_paint opt e10s fission stylo webrender-sw,,6,,firefox,,1781324150,2023-10-26 21:02:35,945.0,34202f0fbcf07f89f3bdcefc5b6f0ba8728daf54,1323277,,,,,,,,,,,,,,,,,,,,,,,,,,,,,,,,,,,,,,,,,,,,,,,,,,TN,,,,,,,,,,
mozilla-beta,4788073,1,2c0793d5bd36dd25ac51b0c394cc0b8b6e5c8ebb,linux1804-64-shippable-qr,True,False,,,102210fe594ee9b33d82058545b1ed14f4c8206e,startup_about_home_paint,startup_about_home_paint,True,startup_about_home_paint opt e10s fission stylo webrender-sw,,6,,firefox,,1781341606,2023-10-26 21:13:50,960.0,c9e3fb5ed0f44a04ac88882c5481a60a2a30e222,1323289,,,,,,,,,,,,,,,,,,,,,,,,,,,,,,,,,,,,,,,,,,,,,,,,,,TN,,,,,,,,,,
mozilla-beta,4788073,1,2c0793d5bd36dd25ac51b0c394cc0b8b6e5c8ebb,linux1804-64-shippable-qr,True,False,,,102210fe594ee9b33d82058545b1ed14f4c8206e,startup_about_home_paint,startup_about_home_paint,True,startup_about_home_paint opt e10s fission stylo webrender-sw,,6,,firefox,,1781539642,2023-10-27 02:28:31,947.0,bf57d88eb2a3a61a5fa08f1a445dd7351f6e2b1d,1323398,,,,,,,,,,,,,,,,,,,,,,,,,,,,,,,,,,,,,,,,,,,,,,,,,,TN,,,,,,,,,,
mozilla-beta,4788073,1,2c0793d5bd36dd25ac51b0c394cc0b8b6e5c8ebb,linux1804-64-shippable-qr,True,False,,,102210fe594ee9b33d82058545b1ed14f4c8206e,startup_about_home_paint,startup_about_home_paint,True,startup_about_home_paint opt e10s fission stylo webrender-sw,,6,,firefox,,1781759640,2023-10-27 09:19:01,961.0,b1cb7e7b034cc16c98f513f848eb36ea5df27c09,1323519,,,,,,,,,,,,,,,,,,,,,,,,,,,,,,,,,,,,,,,,,,,,,,,,,,TN,,,,,,,,,,
mozilla-beta,4788073,1,2c0793d5bd36dd25ac51b0c394cc0b8b6e5c8ebb,linux1804-64-shippable-qr,True,False,,,102210fe594ee9b33d82058545b1ed14f4c8206e,startup_about_home_paint,startup_about_home_paint,True,startup_about_home_paint opt e10s fission stylo webrender-sw,,6,,firefox,,1782138099,2023-10-27 18:38:39,967.0,b97dbe58458774c79ef350e7575e44682ad7b628,1323849,,,,,,,,,,,,,,,,,,,,,,,,,,,,,,,,,,,,,,,,,,,,,,,,,,TN,,,,,,,,,,
mozilla-beta,4788073,1,2c0793d5bd36dd25ac51b0c394cc0b8b6e5c8ebb,linux1804-64-shippable-qr,True,False,,,102210fe594ee9b33d82058545b1ed14f4c8206e,startup_about_home_paint,startup_about_home_paint,True,startup_about_home_paint opt e10s fission stylo webrender-sw,,6,,firefox,,1782119733,2023-10-27 18:54:25,938.0,f7a6096fda1c5fd404b15a0cee8ca7f0b82aee00,1323862,,,,,,,,,,,,,,,,,,,,,,,,,,,,,,,,,,,,,,,,,,,,,,,,,,TN,,,,,,,,,,
mozilla-beta,4788073,1,2c0793d5bd36dd25ac51b0c394cc0b8b6e5c8ebb,linux1804-64-shippable-qr,True,False,,,102210fe594ee9b33d82058545b1ed14f4c8206e,startup_about_home_paint,startup_about_home_paint,True,startup_about_home_paint opt e10s fission stylo webrender-sw,,6,,firefox,,1782594348,2023-10-28 09:15:28,955.0,1f7ead04a319c6d28f7a8a0c148f15ababc492fa,1324045,,,,,,,,,,,,,,,,,,,,,,,,,,,,,,,,,,,,,,,,,,,,,,,,,,TN,,,,,,,,,,
mozilla-beta,4788073,1,2c0793d5bd36dd25ac51b0c394cc0b8b6e5c8ebb,linux1804-64-shippable-qr,True,False,,,102210fe594ee9b33d82058545b1ed14f4c8206e,startup_about_home_paint,startup_about_home_paint,True,startup_about_home_paint opt e10s fission stylo webrender-sw,,6,,firefox,,1782827195,2023-10-28 20:17:56,942.0,f8c125601213252ce34486ff451fa058381f558f,1324113,,,,,,,,,,,,,,,,,,,,,,,,,,,,,,,,,,,,,,,,,,,,,,,,,,TN,,,,,,,,,,
mozilla-beta,4788073,1,2c0793d5bd36dd25ac51b0c394cc0b8b6e5c8ebb,linux1804-64-shippable-qr,True,False,,,102210fe594ee9b33d82058545b1ed14f4c8206e,startup_about_home_paint,startup_about_home_paint,True,startup_about_home_paint opt e10s fission stylo webrender-sw,,6,,firefox,,1782889934,2023-10-29 09:16:21,965.0,14679f0ea712627e51e43163bc286ffad56bdf54,1324149,,,,,,,,,,,,,,,,,,,,,,,,,,,,,,,,,,,,,,,,,,,,,,,,,,TN,,,,,,,,,,
mozilla-beta,4788073,1,2c0793d5bd36dd25ac51b0c394cc0b8b6e5c8ebb,linux1804-64-shippable-qr,True,False,,,102210fe594ee9b33d82058545b1ed14f4c8206e,startup_about_home_paint,startup_about_home_paint,True,startup_about_home_paint opt e10s fission stylo webrender-sw,,6,,firefox,,1783225143,2023-10-30 02:36:04,952.0,48ba3b0afb19a5edcf6c904fa938052a576bcb89,1324220,,,,,,,,,,,,,,,,,,,,,,,,,,,,,,,,,,,,,,,,,,,,,,,,,,TN,,,,,,,,,,
mozilla-beta,4788073,1,2c0793d5bd36dd25ac51b0c394cc0b8b6e5c8ebb,linux1804-64-shippable-qr,True,False,,,102210fe594ee9b33d82058545b1ed14f4c8206e,startup_about_home_paint,startup_about_home_paint,True,startup_about_home_paint opt e10s fission stylo webrender-sw,,6,,firefox,,1783388785,2023-10-30 09:16:20,950.0,9de68f7e6fd4a13d6568549cfafbbf4de9830a32,1324285,,,,,,,,,,,,,,,,,,,,,,,,,,,,,,,,,,,,,,,,,,,,,,,,,,TN,,,,,,,,,,
mozilla-beta,4788073,1,2c0793d5bd36dd25ac51b0c394cc0b8b6e5c8ebb,linux1804-64-shippable-qr,True,False,,,102210fe594ee9b33d82058545b1ed14f4c8206e,startup_about_home_paint,startup_about_home_paint,True,startup_about_home_paint opt e10s fission stylo webrender-sw,,6,,firefox,,1783697181,2023-10-30 17:02:01,945.0,cc2e02baaa144a8b7924802226b7a0dae78019f9,1324586,,,,,,,,,,,,,,,,,,,,,,,,,,,,,,,,,,,,,,,,,,,,,,,,,,TN,,,,,,,,,,
mozilla-beta,4788073,1,2c0793d5bd36dd25ac51b0c394cc0b8b6e5c8ebb,linux1804-64-shippable-qr,True,False,,,102210fe594ee9b33d82058545b1ed14f4c8206e,startup_about_home_paint,startup_about_home_paint,True,startup_about_home_paint opt e10s fission stylo webrender-sw,,6,,firefox,,1783750896,2023-10-30 17:47:02,944.0,a68944a138e48b14870084ba2981e9c963ad930e,1324618,,,,,,,,,,,,,,,,,,,,,,,,,,,,,,,,,,,,,,,,,,,,,,,,,,TN,,,,,,,,,,
mozilla-beta,4788073,1,2c0793d5bd36dd25ac51b0c394cc0b8b6e5c8ebb,linux1804-64-shippable-qr,True,False,,,102210fe594ee9b33d82058545b1ed14f4c8206e,startup_about_home_paint,startup_about_home_paint,True,startup_about_home_paint opt e10s fission stylo webrender-sw,,6,,firefox,,1783738589,2023-10-30 18:00:17,959.0,7be1294f3227031fcd210f520339ce75fcf7004f,1324626,,,,,,,,,,,,,,,,,,,,,,,,,,,,,,,,,,,,,,,,,,,,,,,,,,TN,,,,,,,,,,
mozilla-beta,4788073,1,2c0793d5bd36dd25ac51b0c394cc0b8b6e5c8ebb,linux1804-64-shippable-qr,True,False,,,102210fe594ee9b33d82058545b1ed14f4c8206e,startup_about_home_paint,startup_about_home_paint,True,startup_about_home_paint opt e10s fission stylo webrender-sw,,6,,firefox,,1783774412,2023-10-30 18:48:30,933.0,8f86cd37a37d99d960be58a89966ec2789adeecc,1324652,,,,,,,,,,,,,,,,,,,,,,,,,,,,,,,,,,,,,,,,,,,,,,,,,,TN,,,,,,,,,,
mozilla-beta,4788073,1,2c0793d5bd36dd25ac51b0c394cc0b8b6e5c8ebb,linux1804-64-shippable-qr,True,False,,,102210fe594ee9b33d82058545b1ed14f4c8206e,startup_about_home_paint,startup_about_home_paint,True,startup_about_home_paint opt e10s fission stylo webrender-sw,,6,,firefox,,1783818202,2023-10-30 19:00:54,983.0,d0dabe2c816558f29baf19470ce5b3e8b0df1e5b,1324656,,,,,,,,,,,,,,,,,,,,,,,,,,,,,,,,,,,,,,,,,,,,,,,,,,TN,,,,,,,,,,
mozilla-beta,4788073,1,2c0793d5bd36dd25ac51b0c394cc0b8b6e5c8ebb,linux1804-64-shippable-qr,True,False,,,102210fe594ee9b33d82058545b1ed14f4c8206e,startup_about_home_paint,startup_about_home_paint,True,startup_about_home_paint opt e10s fission stylo webrender-sw,,6,,firefox,,1784280290,2023-10-31 09:17:48,957.0,d8fb8c523804dc02924cb77b49e007a0abc2acc1,1324895,,,,,,,,,,,,,,,,,,,,,,,,,,,,,,,,,,,,,,,,,,,,,,,,,,TN,,,,,,,,,,
mozilla-beta,4788073,1,2c0793d5bd36dd25ac51b0c394cc0b8b6e5c8ebb,linux1804-64-shippable-qr,True,False,,,102210fe594ee9b33d82058545b1ed14f4c8206e,startup_about_home_paint,startup_about_home_paint,True,startup_about_home_paint opt e10s fission stylo webrender-sw,,6,,firefox,,1784494472,2023-10-31 13:58:47,939.0,a6dedbe86cd78c75a1070b8308ebda10dff87c51,1325015,,,,,,,,,,,,,,,,,,,,,,,,,,,,,,,,,,,,,,,,,,,,,,,,,,TN,,,,,,,,,,
mozilla-beta,4788073,1,2c0793d5bd36dd25ac51b0c394cc0b8b6e5c8ebb,linux1804-64-shippable-qr,True,False,,,102210fe594ee9b33d82058545b1ed14f4c8206e,startup_about_home_paint,startup_about_home_paint,True,startup_about_home_paint opt e10s fission stylo webrender-sw,,6,,firefox,,1784547157,2023-10-31 14:24:53,942.0,21c4c089d27455f7b69af83165892a878069f400,1325035,,,,,,,,,,,,,,,,,,,,,,,,,,,,,,,,,,,,,,,,,,,,,,,,,,TN,,,,,,,,,,
mozilla-beta,4788073,1,2c0793d5bd36dd25ac51b0c394cc0b8b6e5c8ebb,linux1804-64-shippable-qr,True,False,,,102210fe594ee9b33d82058545b1ed14f4c8206e,startup_about_home_paint,startup_about_home_paint,True,startup_about_home_paint opt e10s fission stylo webrender-sw,,6,,firefox,,1784567701,2023-10-31 16:19:48,957.0,497ea409d0b2c8c7f41830cefc198ceb700d2d63,1325135,,,,,,,,,,,,,,,,,,,,,,,,,,,,,,,,,,,,,,,,,,,,,,,,,,TN,,,,,,,,,,
mozilla-beta,4788073,1,2c0793d5bd36dd25ac51b0c394cc0b8b6e5c8ebb,linux1804-64-shippable-qr,True,False,,,102210fe594ee9b33d82058545b1ed14f4c8206e,startup_about_home_paint,startup_about_home_paint,True,startup_about_home_paint opt e10s fission stylo webrender-sw,,6,,firefox,,1784644369,2023-10-31 17:25:12,965.0,54672e6e13984a5fc53d478951425d3435da65dc,1325175,,,,,,,,,,,,,,,,,,,,,,,,,,,,,,,,,,,,,,,,,,,,,,,,,,TN,,,,,,,,,,
mozilla-beta,4788073,1,2c0793d5bd36dd25ac51b0c394cc0b8b6e5c8ebb,linux1804-64-shippable-qr,True,False,,,102210fe594ee9b33d82058545b1ed14f4c8206e,startup_about_home_paint,startup_about_home_paint,True,startup_about_home_paint opt e10s fission stylo webrender-sw,,6,,firefox,,1784772083,2023-10-31 19:29:15,939.0,6df364abb4816f789a765083584689223976afe6,1325236,,,,,,,,,,,,,,,,,,,,,,,,,,,,,,,,,,,,,,,,,,,,,,,,,,TN,,,,,,,,,,
mozilla-beta,4788073,1,2c0793d5bd36dd25ac51b0c394cc0b8b6e5c8ebb,linux1804-64-shippable-qr,True,False,,,102210fe594ee9b33d82058545b1ed14f4c8206e,startup_about_home_paint,startup_about_home_paint,True,startup_about_home_paint opt e10s fission stylo webrender-sw,,6,,firefox,,1785045866,2023-11-01 03:02:04,947.0,739f3449852d8e3d03019cd002ca378fb79676e7,1325441,,,,,,,,,,,,,,,,,,,,,,,,,,,,,,,,,,,,,,,,,,,,,,,,,,TN,,,,,,,,,,
mozilla-beta,4788073,1,2c0793d5bd36dd25ac51b0c394cc0b8b6e5c8ebb,linux1804-64-shippable-qr,True,False,,,102210fe594ee9b33d82058545b1ed14f4c8206e,startup_about_home_paint,startup_about_home_paint,True,startup_about_home_paint opt e10s fission stylo webrender-sw,,6,,firefox,,1785212947,2023-11-01 09:28:03,936.0,c32c921bf0c099387541a2bd4306618b2a338aac,1325520,,,,,,,,,,,,,,,,,,,,,,,,,,,,,,,,,,,,,,,,,,,,,,,,,,TN,,,,,,,,,,
mozilla-beta,4788073,1,2c0793d5bd36dd25ac51b0c394cc0b8b6e5c8ebb,linux1804-64-shippable-qr,True,False,,,102210fe594ee9b33d82058545b1ed14f4c8206e,startup_about_home_paint,startup_about_home_paint,True,startup_about_home_paint opt e10s fission stylo webrender-sw,,6,,firefox,,1785511781,2023-11-01 20:19:53,950.0,661ffaa432e4cc863263a07b7bdd27795a5df836,1325865,,,,,,,,,,,,,,,,,,,,,,,,,,,,,,,,,,,,,,,,,,,,,,,,,,TN,,,,,,,,,,
mozilla-beta,4788073,1,2c0793d5bd36dd25ac51b0c394cc0b8b6e5c8ebb,linux1804-64-shippable-qr,True,False,,,102210fe594ee9b33d82058545b1ed14f4c8206e,startup_about_home_paint,startup_about_home_paint,True,startup_about_home_paint opt e10s fission stylo webrender-sw,,6,,firefox,,1785878446,2023-11-02 09:16:17,955.0,52966fe3ab43a9acb012195122cc949e887f3f7a,1326068,,,,,,,,,,,,,,,,,,,,,,,,,,,,,,,,,,,,,,,,,,,,,,,,,,TN,,,,,,,,,,
mozilla-beta,4788073,1,2c0793d5bd36dd25ac51b0c394cc0b8b6e5c8ebb,linux1804-64-shippable-qr,True,False,,,102210fe594ee9b33d82058545b1ed14f4c8206e,startup_about_home_paint,startup_about_home_paint,True,startup_about_home_paint opt e10s fission stylo webrender-sw,,6,,firefox,,1786072605,2023-11-02 13:26:23,957.0,b93c979940b7fb53619a49044f7f0c9dcd99927b,1326186,,,,,,,,,,,,,,,,,,,,,,,,,,,,,,,,,,,,,,,,,,,,,,,,,,TN,,,,,,,,,,
mozilla-beta,4788073,1,2c0793d5bd36dd25ac51b0c394cc0b8b6e5c8ebb,linux1804-64-shippable-qr,True,False,,,102210fe594ee9b33d82058545b1ed14f4c8206e,startup_about_home_paint,startup_about_home_paint,True,startup_about_home_paint opt e10s fission stylo webrender-sw,,6,,firefox,,1786122336,2023-11-02 15:52:03,957.0,3de35294e81fd90cf63d3f7107110c0bcf4a461e,1326321,,,,,,,,,,,,,,,,,,,,,,,,,,,,,,,,,,,,,,,,,,,,,,,,,,TN,,,,,,,,,,
mozilla-beta,4788073,1,2c0793d5bd36dd25ac51b0c394cc0b8b6e5c8ebb,linux1804-64-shippable-qr,True,False,,,102210fe594ee9b33d82058545b1ed14f4c8206e,startup_about_home_paint,startup_about_home_paint,True,startup_about_home_paint opt e10s fission stylo webrender-sw,,6,,firefox,,1786152658,2023-11-02 16:31:23,965.0,fc180f625ac2b295ab3e05bde3ec29c2998dc76b,1326367,,,,,,,,,,,,,,,,,,,,,,,,,,,,,,,,,,,,,,,,,,,,,,,,,,TN,,,,,,,,,,
mozilla-beta,4788073,1,2c0793d5bd36dd25ac51b0c394cc0b8b6e5c8ebb,linux1804-64-shippable-qr,True,False,,,102210fe594ee9b33d82058545b1ed14f4c8206e,startup_about_home_paint,startup_about_home_paint,True,startup_about_home_paint opt e10s fission stylo webrender-sw,,6,,firefox,,1786299578,2023-11-02 19:37:31,949.0,b1fe4b76180c0291b47971e0e442d50b2b46e243,1326468,,,,,,,,,,,,,,,,,,,,,,,,,,,,,,,,,,,,,,,,,,,,,,,,,,TN,,,,,,,,,,
mozilla-beta,4788073,1,2c0793d5bd36dd25ac51b0c394cc0b8b6e5c8ebb,linux1804-64-shippable-qr,True,False,,,102210fe594ee9b33d82058545b1ed14f4c8206e,startup_about_home_paint,startup_about_home_paint,True,startup_about_home_paint opt e10s fission stylo webrender-sw,,6,,firefox,,1786344378,2023-11-02 20:40:12,956.0,c5cefa7cf7968cb679cd9e608c644853e8bf3c5c,1326529,,,,,,,,,,,,,,,,,,,,,,,,,,,,,,,,,,,,,,,,,,,,,,,,,,TN,,,,,,,,,,
mozilla-beta,4788073,1,2c0793d5bd36dd25ac51b0c394cc0b8b6e5c8ebb,linux1804-64-shippable-qr,True,False,,,102210fe594ee9b33d82058545b1ed14f4c8206e,startup_about_home_paint,startup_about_home_paint,True,startup_about_home_paint opt e10s fission stylo webrender-sw,,6,,firefox,,1786464662,2023-11-03 02:09:01,951.0,10ccb989d5ffe828811dc99be6687afc0661fee6,1326660,,,,,,,,,,,,,,,,,,,,,,,,,,,,,,,,,,,,,,,,,,,,,,,,,,TN,,,,,,,,,,
mozilla-beta,4788073,1,2c0793d5bd36dd25ac51b0c394cc0b8b6e5c8ebb,linux1804-64-shippable-qr,True,False,,,102210fe594ee9b33d82058545b1ed14f4c8206e,startup_about_home_paint,startup_about_home_paint,True,startup_about_home_paint opt e10s fission stylo webrender-sw,,6,,firefox,,1786626692,2023-11-03 09:17:43,956.0,2dce64a161d6de039d89197b2248a11466fc7fb1,1326756,,,,,,,,,,,,,,,,,,,,,,,,,,,,,,,,,,,,,,,,,,,,,,,,,,TN,,,,,,,,,,
mozilla-beta,4788073,1,2c0793d5bd36dd25ac51b0c394cc0b8b6e5c8ebb,linux1804-64-shippable-qr,True,False,,,102210fe594ee9b33d82058545b1ed14f4c8206e,startup_about_home_paint,startup_about_home_paint,True,startup_about_home_paint opt e10s fission stylo webrender-sw,,6,,firefox,,1787003683,2023-11-03 20:10:06,937.0,de7d0eba21d6dc9fa43711cb99724cf8bee14b09,1327141,,,,,,,,,,,,,,,,,,,,,,,,,,,,,,,,,,,,,,,,,,,,,,,,,,TN,,,,,,,,,,
mozilla-beta,4788073,1,2c0793d5bd36dd25ac51b0c394cc0b8b6e5c8ebb,linux1804-64-shippable-qr,True,False,,,102210fe594ee9b33d82058545b1ed14f4c8206e,startup_about_home_paint,startup_about_home_paint,True,startup_about_home_paint opt e10s fission stylo webrender-sw,,6,,firefox,,1787039668,2023-11-03 20:37:38,939.0,e236a9d8b7c953944c3ec583d1c67f4ee99b61c7,1327174,,,,,,,,,,,,,,,,,,,,,,,,,,,,,,,,,,,,,,,,,,,,,,,,,,TN,,,,,,,,,,
mozilla-beta,4788073,1,2c0793d5bd36dd25ac51b0c394cc0b8b6e5c8ebb,linux1804-64-shippable-qr,True,False,,,102210fe594ee9b33d82058545b1ed14f4c8206e,startup_about_home_paint,startup_about_home_paint,True,startup_about_home_paint opt e10s fission stylo webrender-sw,,6,,firefox,,1787233558,2023-11-04 09:15:24,931.0,aaed062f99d7c0ecc1574d16fc93d7aad82bfe08,1327315,,,,,,,,,,,,,,,,,,,,,,,,,,,,,,,,,,,,,,,,,,,,,,,,,,TN,,,,,,,,,,
mozilla-beta,4788073,1,2c0793d5bd36dd25ac51b0c394cc0b8b6e5c8ebb,linux1804-64-shippable-qr,True,False,,,102210fe594ee9b33d82058545b1ed14f4c8206e,startup_about_home_paint,startup_about_home_paint,True,startup_about_home_paint opt e10s fission stylo webrender-sw,,6,,firefox,,1787676286,2023-11-05 09:16:57,939.0,ac9cccecb9fd15c83e5a504a0a4777033d8012fc,1327481,,,,,,,,,,,,,,,,,,,,,,,,,,,,,,,,,,,,,,,,,,,,,,,,,,TN,,,,,,,,,,
mozilla-beta,4788073,1,2c0793d5bd36dd25ac51b0c394cc0b8b6e5c8ebb,linux1804-64-shippable-qr,True,False,,,102210fe594ee9b33d82058545b1ed14f4c8206e,startup_about_home_paint,startup_about_home_paint,True,startup_about_home_paint opt e10s fission stylo webrender-sw,,6,,firefox,,1787814929,2023-11-05 16:06:30,949.0,a8eb7938131dec30c0043b6eeed4ca9727b3dcda,1327540,,,,,,,,,,,,,,,,,,,,,,,,,,,,,,,,,,,,,,,,,,,,,,,,,,TN,,,,,,,,,,
mozilla-beta,4788073,1,2c0793d5bd36dd25ac51b0c394cc0b8b6e5c8ebb,linux1804-64-shippable-qr,True,False,,,102210fe594ee9b33d82058545b1ed14f4c8206e,startup_about_home_paint,startup_about_home_paint,True,startup_about_home_paint opt e10s fission stylo webrender-sw,,6,,firefox,,1788015753,2023-11-06 00:47:38,949.0,fba3b198dcedf2312097e9dc1c6a57b9a25730d6,1327573,,,,,,,,,,,,,,,,,,,,,,,,,,,,,,,,,,,,,,,,,,,,,,,,,,TN,,,,,,,,,,
mozilla-beta,4788073,1,2c0793d5bd36dd25ac51b0c394cc0b8b6e5c8ebb,linux1804-64-shippable-qr,True,False,,,102210fe594ee9b33d82058545b1ed14f4c8206e,startup_about_home_paint,startup_about_home_paint,True,startup_about_home_paint opt e10s fission stylo webrender-sw,,6,,firefox,,1788367885,2023-11-06 09:16:14,940.0,84adf50c3d323e26c6a519a062b2417bb322ff0b,1327663,,,,,,,,,,,,,,,,,,,,,,,,,,,,,,,,,,,,,,,,,,,,,,,,,,TN,,,,,,,,,,
mozilla-beta,4788073,1,2c0793d5bd36dd25ac51b0c394cc0b8b6e5c8ebb,linux1804-64-shippable-qr,True,False,,,102210fe594ee9b33d82058545b1ed14f4c8206e,startup_about_home_paint,startup_about_home_paint,True,startup_about_home_paint opt e10s fission stylo webrender-sw,,6,,firefox,,1788747348,2023-11-06 17:07:28,921.0,515a8603c619c309e86df4e9288a2840561043fe,1328000,,,,,,,,,,,,,,,,,,,,,,,,,,,,,,,,,,,,,,,,,,,,,,,,,,TN,,,,,,,,,,
mozilla-beta,4788073,1,2c0793d5bd36dd25ac51b0c394cc0b8b6e5c8ebb,linux1804-64-shippable-qr,True,False,,,102210fe594ee9b33d82058545b1ed14f4c8206e,startup_about_home_paint,startup_about_home_paint,True,startup_about_home_paint opt e10s fission stylo webrender-sw,,6,,firefox,,1789231378,2023-11-07 09:17:03,940.0,46b44caed301798da4c8f6f69976582d1a514c7a,1328381,,,,,,,,,,,,,,,,,,,,,,,,,,,,,,,,,,,,,,,,,,,,,,,,,,TN,,,,,,,,,,
mozilla-beta,4788073,1,2c0793d5bd36dd25ac51b0c394cc0b8b6e5c8ebb,linux1804-64-shippable-qr,True,False,,,102210fe594ee9b33d82058545b1ed14f4c8206e,startup_about_home_paint,startup_about_home_paint,True,startup_about_home_paint opt e10s fission stylo webrender-sw,,6,,firefox,,1789333855,2023-11-07 13:33:14,941.0,34ed90e9b164d86b138e679b7d142e0974fd7816,1328471,,,,,,,,,,,,,,,,,,,,,,,,,,,,,,,,,,,,,,,,,,,,,,,,,,TN,,,,,,,,,,
mozilla-beta,4788073,1,2c0793d5bd36dd25ac51b0c394cc0b8b6e5c8ebb,linux1804-64-shippable-qr,True,False,,,102210fe594ee9b33d82058545b1ed14f4c8206e,startup_about_home_paint,startup_about_home_paint,True,startup_about_home_paint opt e10s fission stylo webrender-sw,,6,,firefox,,1789354604,2023-11-07 14:02:57,928.0,38f5ce2d997a124467b8065b92a79d2efa0f3827,1328489,,,,,,,,,,,,,,,,,,,,,,,,,,,,,,,,,,,,,,,,,,,,,,,,,,TN,,,,,,,,,,
mozilla-beta,4788073,1,2c0793d5bd36dd25ac51b0c394cc0b8b6e5c8ebb,linux1804-64-shippable-qr,True,False,,,102210fe594ee9b33d82058545b1ed14f4c8206e,startup_about_home_paint,startup_about_home_paint,True,startup_about_home_paint opt e10s fission stylo webrender-sw,,6,,firefox,,1789411644,2023-11-07 17:18:39,929.0,997eb70f590ce32a22add6eed63c87f3fdc21b14,1328543,,,,,,,,,,,,,,,,,,,,,,,,,,,,,,,,,,,,,,,,,,,,,,,,,,TN,,,,,,,,,,
mozilla-beta,4788073,1,2c0793d5bd36dd25ac51b0c394cc0b8b6e5c8ebb,linux1804-64-shippable-qr,True,False,,,102210fe594ee9b33d82058545b1ed14f4c8206e,startup_about_home_paint,startup_about_home_paint,True,startup_about_home_paint opt e10s fission stylo webrender-sw,,6,,firefox,,1789480043,2023-11-07 19:16:33,939.0,36f6c182a44f717167c7dcde294710b0ff59b6e0,1328549,,,,,,,,,,,,,,,,,,,,,,,,,,,,,,,,,,,,,,,,,,,,,,,,,,TN,,,,,,,,,,
mozilla-beta,4788073,1,2c0793d5bd36dd25ac51b0c394cc0b8b6e5c8ebb,linux1804-64-shippable-qr,True,False,,,102210fe594ee9b33d82058545b1ed14f4c8206e,startup_about_home_paint,startup_about_home_paint,True,startup_about_home_paint opt e10s fission stylo webrender-sw,,6,,firefox,,1789740064,2023-11-08 01:34:51,927.0,9405e5ab3a4a597ffdfc3fc14887fdb4554c6f8d,1328839,,,,,,,,,,,,,,,,,,,,,,,,,,,,,,,,,,,,,,,,,,,,,,,,,,TN,,,,,,,,,,
mozilla-beta,4788073,1,2c0793d5bd36dd25ac51b0c394cc0b8b6e5c8ebb,linux1804-64-shippable-qr,True,False,,,102210fe594ee9b33d82058545b1ed14f4c8206e,startup_about_home_paint,startup_about_home_paint,True,startup_about_home_paint opt e10s fission stylo webrender-sw,,6,,firefox,,1789785476,2023-11-08 03:37:05,929.0,e96d59e6f3e4e226bfce9975094486d29040f986,1328883,,,,,,,,,,,,,,,,,,,,,,,,,,,,,,,,,,,,,,,,,,,,,,,,,,TN,,,,,,,,,,
mozilla-beta,4788073,1,2c0793d5bd36dd25ac51b0c394cc0b8b6e5c8ebb,linux1804-64-shippable-qr,True,False,,,102210fe594ee9b33d82058545b1ed14f4c8206e,startup_about_home_paint,startup_about_home_paint,True,startup_about_home_paint opt e10s fission stylo webrender-sw,,6,,firefox,,1789808343,2023-11-08 03:58:18,918.0,f51aba0f79ce6370a97337d938e26b7ca57a2628,1328887,,,,,,,,,,,,,,,,,,,,,,,,,,,,,,,,,,,,,,,,,,,,,,,,,,TN,,,,,,,,,,
mozilla-beta,4788073,1,2c0793d5bd36dd25ac51b0c394cc0b8b6e5c8ebb,linux1804-64-shippable-qr,True,False,,,102210fe594ee9b33d82058545b1ed14f4c8206e,startup_about_home_paint,startup_about_home_paint,True,startup_about_home_paint opt e10s fission stylo webrender-sw,,6,,firefox,,1789943293,2023-11-08 09:19:43,936.0,ff455344125244fea8ba3d4d3f1c125f1d4128ef,1328960,,,,,,,,,,,,,,,,,,,,,,,,,,,,,,,,,,,,,,,,,,,,,,,,,,TN,,,,,,,,,,
mozilla-beta,4788073,1,2c0793d5bd36dd25ac51b0c394cc0b8b6e5c8ebb,linux1804-64-shippable-qr,True,False,,,102210fe594ee9b33d82058545b1ed14f4c8206e,startup_about_home_paint,startup_about_home_paint,True,startup_about_home_paint opt e10s fission stylo webrender-sw,,6,,firefox,,1790242718,2023-11-08 19:02:24,932.0,8b41a52794e1bbd3fba47da74ae0f35ed8e7881e,1329301,,,,,,,,,,,,,,,,,,,,,,,,,,,,,,,,,,,,,,,,,,,,,,,,,,TN,,,,,,,,,,
mozilla-beta,4788073,1,2c0793d5bd36dd25ac51b0c394cc0b8b6e5c8ebb,linux1804-64-shippable-qr,True,False,,,102210fe594ee9b33d82058545b1ed14f4c8206e,startup_about_home_paint,startup_about_home_paint,True,startup_about_home_paint opt e10s fission stylo webrender-sw,,6,,firefox,,1790242943,2023-11-08 19:22:35,934.0,f33d3ade665d9a85492c827858001798f824cf82,1329310,,,,,,,,,,,,,,,,,,,,,,,,,,,,,,,,,,,,,,,,,,,,,,,,,,TN,,,,,,,,,,
mozilla-beta,4788073,1,2c0793d5bd36dd25ac51b0c394cc0b8b6e5c8ebb,linux1804-64-shippable-qr,True,False,,,102210fe594ee9b33d82058545b1ed14f4c8206e,startup_about_home_paint,startup_about_home_paint,True,startup_about_home_paint opt e10s fission stylo webrender-sw,,6,,firefox,,1790770008,2023-11-09 09:18:08,945.0,c3cf1434c26f7cccbac13d707dcebb6f320ce8fd,1329714,,,,,,,,,,,,,,,,,,,,,,,,,,,,,,,,,,,,,,,,,,,,,,,,,,TN,,,,,,,,,,
mozilla-beta,4788073,1,2c0793d5bd36dd25ac51b0c394cc0b8b6e5c8ebb,linux1804-64-shippable-qr,True,False,,,102210fe594ee9b33d82058545b1ed14f4c8206e,startup_about_home_paint,startup_about_home_paint,True,startup_about_home_paint opt e10s fission stylo webrender-sw,,6,,firefox,,1790944537,2023-11-09 13:29:14,941.0,1dfb79685f27e9f11e469e5ab3e8a58fb9e58b73,1329834,,,,,,,,,,,,,,,,,,,,,,,,,,,,,,,,,,,,,,,,,,,,,,,,,,TN,,,,,,,,,,
mozilla-beta,4788073,1,2c0793d5bd36dd25ac51b0c394cc0b8b6e5c8ebb,linux1804-64-shippable-qr,True,False,,,102210fe594ee9b33d82058545b1ed14f4c8206e,startup_about_home_paint,startup_about_home_paint,True,startup_about_home_paint opt e10s fission stylo webrender-sw,,6,,firefox,,1791029162,2023-11-09 13:41:54,948.0,78b796c9f7f53a888614ed5392a7db7229ee834f,1329838,,,,,,,,,,,,,,,,,,,,,,,,,,,,,,,,,,,,,,,,,,,,,,,,,,TN,,,,,,,,,,
mozilla-beta,4788073,1,2c0793d5bd36dd25ac51b0c394cc0b8b6e5c8ebb,linux1804-64-shippable-qr,True,False,,,102210fe594ee9b33d82058545b1ed14f4c8206e,startup_about_home_paint,startup_about_home_paint,True,startup_about_home_paint opt e10s fission stylo webrender-sw,,6,,firefox,,1791008760,2023-11-09 15:05:03,944.0,03a9bf50f31d7228b355e7f9d70e29dd18babfdc,1329887,,,,,,,,,,,,,,,,,,,,,,,,,,,,,,,,,,,,,,,,,,,,,,,,,,TN,,,,,,,,,,
mozilla-beta,4788073,1,2c0793d5bd36dd25ac51b0c394cc0b8b6e5c8ebb,linux1804-64-shippable-qr,True,False,,,102210fe594ee9b33d82058545b1ed14f4c8206e,startup_about_home_paint,startup_about_home_paint,True,startup_about_home_paint opt e10s fission stylo webrender-sw,,6,,firefox,,1791058095,2023-11-09 16:40:47,673.0,5e9554d172fc9851c0d74bdd6990c7434c7f6cf3,1329939,,,,,,,,,,,,,,,,,,,,,,,,,,,,,,,,,,,,,,,,,,,,,,,,,,TN,,,,,,,,,,
mozilla-beta,4788073,1,2c0793d5bd36dd25ac51b0c394cc0b8b6e5c8ebb,linux1804-64-shippable-qr,True,False,,,102210fe594ee9b33d82058545b1ed14f4c8206e,startup_about_home_paint,startup_about_home_paint,True,startup_about_home_paint opt e10s fission stylo webrender-sw,,6,,firefox,,1791130719,2023-11-09 17:22:31,952.0,38f3cd5c2a42373d39c8ec864053d206168e22dd,1329961,,,,,,,,,,,,,,,,,,,,,,,,,,,,,,,,,,,,,,,,,,,,,,,,,,TN,,,,,,,,,,
mozilla-beta,4788073,1,2c0793d5bd36dd25ac51b0c394cc0b8b6e5c8ebb,linux1804-64-shippable-qr,True,False,,,102210fe594ee9b33d82058545b1ed14f4c8206e,startup_about_home_paint,startup_about_home_paint,True,startup_about_home_paint opt e10s fission stylo webrender-sw,,6,,firefox,,1791149655,2023-11-09 18:22:53,938.0,b0f04f13b25453822484a6a53bc6b2b39bba4ae7,1329997,,,,,,,,,,,,,,,,,,,,,,,,,,,,,,,,,,,,,,,,,,,,,,,,,,TN,,,,,,,,,,
mozilla-beta,4788073,1,2c0793d5bd36dd25ac51b0c394cc0b8b6e5c8ebb,linux1804-64-shippable-qr,True,False,,,102210fe594ee9b33d82058545b1ed14f4c8206e,startup_about_home_paint,startup_about_home_paint,True,startup_about_home_paint opt e10s fission stylo webrender-sw,,6,,firefox,,1791249364,2023-11-09 20:58:42,927.0,73db5f7ddc5b694785856785df3e3d6d8c5054f5,1330116,,,,,,,,,,,,,,,,,,,,,,,,,,,,,,,,,,,,,,,,,,,,,,,,,,TN,,,,,,,,,,
mozilla-beta,4788073,1,2c0793d5bd36dd25ac51b0c394cc0b8b6e5c8ebb,linux1804-64-shippable-qr,True,False,,,102210fe594ee9b33d82058545b1ed14f4c8206e,startup_about_home_paint,startup_about_home_paint,True,startup_about_home_paint opt e10s fission stylo webrender-sw,,6,,firefox,,1791224137,2023-11-09 21:16:58,938.0,4033da50913992a740487deb43a255f0ad27ca9d,1330119,,,,,,,,,,,,,,,,,,,,,,,,,,,,,,,,,,,,,,,,,,,,,,,,,,TN,,,,,,,,,,
mozilla-beta,4788073,1,2c0793d5bd36dd25ac51b0c394cc0b8b6e5c8ebb,linux1804-64-shippable-qr,True,False,,,102210fe594ee9b33d82058545b1ed14f4c8206e,startup_about_home_paint,startup_about_home_paint,True,startup_about_home_paint opt e10s fission stylo webrender-sw,,6,,firefox,,1791343606,2023-11-09 23:34:01,933.0,05cb865cacd6b9585e3049124f490cf19705d380,1330175,,,,,,,,,,,,,,,,,,,,,,,,,,,,,,,,,,,,,,,,,,,,,,,,,,TN,,,,,,,,,,
mozilla-beta,4788073,1,2c0793d5bd36dd25ac51b0c394cc0b8b6e5c8ebb,linux1804-64-shippable-qr,True,False,,,102210fe594ee9b33d82058545b1ed14f4c8206e,startup_about_home_paint,startup_about_home_paint,True,startup_about_home_paint opt e10s fission stylo webrender-sw,,6,,firefox,,1791497218,2023-11-10 03:58:58,940.0,c235e860ed91d38314fe1dbcf2ecdd2db91b9bb9,1330254,,,,,,,,,,,,,,,,,,,,,,,,,,,,,,,,,,,,,,,,,,,,,,,,,,TN,,,,,,,,,,
mozilla-beta,4788073,1,2c0793d5bd36dd25ac51b0c394cc0b8b6e5c8ebb,linux1804-64-shippable-qr,True,False,,,102210fe594ee9b33d82058545b1ed14f4c8206e,startup_about_home_paint,startup_about_home_paint,True,startup_about_home_paint opt e10s fission stylo webrender-sw,,6,,firefox,,1791645163,2023-11-10 08:26:24,933.0,c9cafe13464891df5979172a1cea00ceb1c89615,1330300,,,,,,,,,,,,,,,,,,,,,,,,,,,,,,,,,,,,,,,,,,,,,,,,,,TN,,,,,,,,,,
mozilla-beta,4788073,1,2c0793d5bd36dd25ac51b0c394cc0b8b6e5c8ebb,linux1804-64-shippable-qr,True,False,,,102210fe594ee9b33d82058545b1ed14f4c8206e,startup_about_home_paint,startup_about_home_paint,True,startup_about_home_paint opt e10s fission stylo webrender-sw,,6,,firefox,,1791663945,2023-11-10 09:17:50,920.0,79c92eeab276a93d9b1d5cc754e2bb395e76ebf3,1330325,,,,,,,,,,,,,,,,,,,,,,,,,,,,,,,,,,,,,,,,,,,,,,,,,,TN,,,,,,,,,,
mozilla-beta,4788073,1,2c0793d5bd36dd25ac51b0c394cc0b8b6e5c8ebb,linux1804-64-shippable-qr,True,False,,,102210fe594ee9b33d82058545b1ed14f4c8206e,startup_about_home_paint,startup_about_home_paint,True,startup_about_home_paint opt e10s fission stylo webrender-sw,,6,,firefox,,1792368314,2023-11-11 09:17:06,938.0,833ba8fe101b84f0d4e7dbe07363af1f91c20b18,1330685,,,,,,,,,,,,,,,,,,,,,,,,,,,,,,,,,,,,,,,,,,,,,,,,,,TN,,,,,,,,,,
mozilla-beta,4788073,1,2c0793d5bd36dd25ac51b0c394cc0b8b6e5c8ebb,linux1804-64-shippable-qr,True,False,,,102210fe594ee9b33d82058545b1ed14f4c8206e,startup_about_home_paint,startup_about_home_paint,True,startup_about_home_paint opt e10s fission stylo webrender-sw,,6,,firefox,,1792828412,2023-11-12 09:16:19,943.0,a1334e8e601add3495509f96d677cff89b4693b1,1330777,,,,,,,,,,,,,,,,,,,,,,,,,,,,,,,,,,,,,,,,,,,,,,,,,,TN,,,,,,,,,,
mozilla-beta,4788073,1,2c0793d5bd36dd25ac51b0c394cc0b8b6e5c8ebb,linux1804-64-shippable-qr,True,False,,,102210fe594ee9b33d82058545b1ed14f4c8206e,startup_about_home_paint,startup_about_home_paint,True,startup_about_home_paint opt e10s fission stylo webrender-sw,,6,,firefox,,1793153205,2023-11-13 09:20:35,938.0,39694175bf62c4c07f2001ab520f7e410eec192b,1330927,,,,,,,,,,,,,,,,,,,,,,,,,,,,,,,,,,,,,,,,,,,,,,,,,,TN,,,,,,,,,,
mozilla-beta,4788073,1,2c0793d5bd36dd25ac51b0c394cc0b8b6e5c8ebb,linux1804-64-shippable-qr,True,False,,,102210fe594ee9b33d82058545b1ed14f4c8206e,startup_about_home_paint,startup_about_home_paint,True,startup_about_home_paint opt e10s fission stylo webrender-sw,,6,,firefox,,1793382898,2023-11-13 14:12:00,935.0,e2b2510f97612093f381ee1f4220e71ff949d845,1331051,,,,,,,,,,,,,,,,,,,,,,,,,,,,,,,,,,,,,,,,,,,,,,,,,,TN,,,,,,,,,,
mozilla-beta,4788073,1,2c0793d5bd36dd25ac51b0c394cc0b8b6e5c8ebb,linux1804-64-shippable-qr,True,False,,,102210fe594ee9b33d82058545b1ed14f4c8206e,startup_about_home_paint,startup_about_home_paint,True,startup_about_home_paint opt e10s fission stylo webrender-sw,,6,,firefox,,1797226952,2023-11-20 15:49:37,959.0,d6c8c84a26388612d432fd27aadcc8cdc1bc4e07,1334745,,,,,,,,,,,,,,,,,,,,,,,,,,,,,,,,,,,,,,,,,,,,,,,,,,TN,,,,,,,,,,
mozilla-beta,4788073,1,2c0793d5bd36dd25ac51b0c394cc0b8b6e5c8ebb,linux1804-64-shippable-qr,True,False,,,102210fe594ee9b33d82058545b1ed14f4c8206e,startup_about_home_paint,startup_about_home_paint,True,startup_about_home_paint opt e10s fission stylo webrender-sw,,6,,firefox,,1797823609,2023-11-21 09:16:19,972.0,7c525212b0a40c1f9ca40c7a7dd04825767c444c,1335327,,,,,,,,,,,,,,,,,,,,,,,,,,,,,,,,,,,,,,,,,,,,,,,,,,TN,,,,,,,,,,
mozilla-beta,4788073,1,2c0793d5bd36dd25ac51b0c394cc0b8b6e5c8ebb,linux1804-64-shippable-qr,True,False,,,102210fe594ee9b33d82058545b1ed14f4c8206e,startup_about_home_paint,startup_about_home_paint,True,startup_about_home_paint opt e10s fission stylo webrender-sw,,6,,firefox,,1798042937,2023-11-21 15:08:03,968.0,f2fa5dbe8e76996e929aebba1ccfe170e0a231ed,1335577,,,,,,,,,,,,,,,,,,,,,,,,,,,,,,,,,,,,,,,,,,,,,,,,,,TN,,,,,,,,,,
mozilla-beta,4788073,1,2c0793d5bd36dd25ac51b0c394cc0b8b6e5c8ebb,linux1804-64-shippable-qr,True,False,,,102210fe594ee9b33d82058545b1ed14f4c8206e,startup_about_home_paint,startup_about_home_paint,True,startup_about_home_paint opt e10s fission stylo webrender-sw,,6,,firefox,,1798064705,2023-11-21 15:10:55,958.0,e86366dbad4958dc3a70d6f76351ede9d78dbca4,1335580,,,,,,,,,,,,,,,,,,,,,,,,,,,,,,,,,,,,,,,,,,,,,,,,,,TN,,,,,,,,,,
mozilla-beta,4788073,1,2c0793d5bd36dd25ac51b0c394cc0b8b6e5c8ebb,linux1804-64-shippable-qr,True,False,,,102210fe594ee9b33d82058545b1ed14f4c8206e,startup_about_home_paint,startup_about_home_paint,True,startup_about_home_paint opt e10s fission stylo webrender-sw,,6,,firefox,,1798011757,2023-11-21 15:26:40,988.0,ae7ec6bbf12f4bf101eb93a4eec56237e2c94711,1335594,,,,,,,,,,,,,,,,,,,,,,,,,,,,,,,,,,,,,,,,,,,,,,,,,,TN,,,,,,,,,,
mozilla-beta,4788073,1,2c0793d5bd36dd25ac51b0c394cc0b8b6e5c8ebb,linux1804-64-shippable-qr,True,False,,,102210fe594ee9b33d82058545b1ed14f4c8206e,startup_about_home_paint,startup_about_home_paint,True,startup_about_home_paint opt e10s fission stylo webrender-sw,,6,,firefox,,1798596105,2023-11-22 09:19:04,980.0,850029a700cfcd62c70e1153778fcac0c0accbd5,1336139,,,,,,,,,,,,,,,,,,,,,,,,,,,,,,,,,,,,,,,,,,,,,,,,,,TN,,,,,,,,,,
mozilla-beta,4788073,1,2c0793d5bd36dd25ac51b0c394cc0b8b6e5c8ebb,linux1804-64-shippable-qr,True,False,,,102210fe594ee9b33d82058545b1ed14f4c8206e,startup_about_home_paint,startup_about_home_paint,True,startup_about_home_paint opt e10s fission stylo webrender-sw,,6,,firefox,,1798994714,2023-11-22 19:21:33,967.0,14a07890399d7fede9ff72d30f69469e83896f21,1336564,,,,,,,,,,,,,,,,,,,,,,,,,,,,,,,,,,,,,,,,,,,,,,,,,,TN,,,,,,,,,,
mozilla-beta,4788073,1,2c0793d5bd36dd25ac51b0c394cc0b8b6e5c8ebb,linux1804-64-shippable-qr,True,False,,,102210fe594ee9b33d82058545b1ed14f4c8206e,startup_about_home_paint,startup_about_home_paint,True,startup_about_home_paint opt e10s fission stylo webrender-sw,,6,,firefox,,1799105456,2023-11-22 20:38:02,954.0,40509a3a99ddbed1f837b0a394d68ba95dc592ae,1336613,,,,,,,,,,,,,,,,,,,,,,,,,,,,,,,,,,,,,,,,,,,,,,,,,,TN,,,,,,,,,,
mozilla-beta,4788073,1,2c0793d5bd36dd25ac51b0c394cc0b8b6e5c8ebb,linux1804-64-shippable-qr,True,False,,,102210fe594ee9b33d82058545b1ed14f4c8206e,startup_about_home_paint,startup_about_home_paint,True,startup_about_home_paint opt e10s fission stylo webrender-sw,,6,,firefox,,1799522594,2023-11-23 09:18:18,956.0,2e013f4ee88a4fb15ea4f5f8a438541d18bf8c4f,1336824,,,,,,,,,,,,,,,,,,,,,,,,,,,,,,,,,,,,,,,,,,,,,,,,,,TN,,,,,,,,,,
mozilla-beta,4788073,1,2c0793d5bd36dd25ac51b0c394cc0b8b6e5c8ebb,linux1804-64-shippable-qr,True,False,,,102210fe594ee9b33d82058545b1ed14f4c8206e,startup_about_home_paint,startup_about_home_paint,True,startup_about_home_paint opt e10s fission stylo webrender-sw,,6,,firefox,,1799798411,2023-11-23 15:17:32,958.0,e2d0a18759309d8d69b72e5fc1f26d7570df19e9,1337048,,,,,,,,,,,,,,,,,,,,,,,,,,,,,,,,,,,,,,,,,,,,,,,,,,TN,,,,,,,,,,
mozilla-beta,4788073,1,2c0793d5bd36dd25ac51b0c394cc0b8b6e5c8ebb,linux1804-64-shippable-qr,True,False,,,102210fe594ee9b33d82058545b1ed14f4c8206e,startup_about_home_paint,startup_about_home_paint,True,startup_about_home_paint opt e10s fission stylo webrender-sw,,6,,firefox,,1799848886,2023-11-23 16:48:11,958.0,f5ed817bca36dcf683dcbf037a3122509c21e33c,1337100,,,,,,,,,,,,,,,,,,,,,,,,,,,,,,,,,,,,,,,,,,,,,,,,,,TN,,,,,,,,,,
mozilla-beta,4788073,1,2c0793d5bd36dd25ac51b0c394cc0b8b6e5c8ebb,linux1804-64-shippable-qr,True,False,,,102210fe594ee9b33d82058545b1ed14f4c8206e,startup_about_home_paint,startup_about_home_paint,True,startup_about_home_paint opt e10s fission stylo webrender-sw,,6,,firefox,,1799900515,2023-11-23 18:38:27,960.0,0ebfc2cc8b6ff18c0e37d80523ea5eb997c7d5e1,1337195,,,,,,,,,,,,,,,,,,,,,,,,,,,,,,,,,,,,,,,,,,,,,,,,,,TN,,,,,,,,,,
mozilla-beta,4788073,1,2c0793d5bd36dd25ac51b0c394cc0b8b6e5c8ebb,linux1804-64-shippable-qr,True,False,,,102210fe594ee9b33d82058545b1ed14f4c8206e,startup_about_home_paint,startup_about_home_paint,True,startup_about_home_paint opt e10s fission stylo webrender-sw,,6,,firefox,,1799915039,2023-11-23 19:14:24,961.0,f5b525d6b641f9bf120912b729d84800fed945e4,1337218,,,,,,,,,,,,,,,,,,,,,,,,,,,,,,,,,,,,,,,,,,,,,,,,,,TN,,,,,,,,,,
mozilla-beta,4788073,1,2c0793d5bd36dd25ac51b0c394cc0b8b6e5c8ebb,linux1804-64-shippable-qr,True,False,,,102210fe594ee9b33d82058545b1ed14f4c8206e,startup_about_home_paint,startup_about_home_paint,True,startup_about_home_paint opt e10s fission stylo webrender-sw,,6,,firefox,,1799934899,2023-11-23 19:59:59,975.0,63e4626951c04bbd1987f0e48b03e96cb2af7457,1337233,,,,,,,,,,,,,,,,,,,,,,,,,,,,,,,,,,,,,,,,,,,,,,,,,,TN,,,,,,,,,,
mozilla-beta,4788073,1,2c0793d5bd36dd25ac51b0c394cc0b8b6e5c8ebb,linux1804-64-shippable-qr,True,False,,,102210fe594ee9b33d82058545b1ed14f4c8206e,startup_about_home_paint,startup_about_home_paint,True,startup_about_home_paint opt e10s fission stylo webrender-sw,,6,,firefox,,1800293897,2023-11-24 09:15:12,940.0,97f726c68ad098e3376af09d49d8e89361b016a6,1337432,,,,,,,,,,,,,,,,,,,,,,,,,,,,,,,,,,,,,,,,,,,,,,,,,,TN,,,,,,,,,,
mozilla-beta,4788073,1,2c0793d5bd36dd25ac51b0c394cc0b8b6e5c8ebb,linux1804-64-shippable-qr,True,False,,,102210fe594ee9b33d82058545b1ed14f4c8206e,startup_about_home_paint,startup_about_home_paint,True,startup_about_home_paint opt e10s fission stylo webrender-sw,,6,,firefox,,1800533696,2023-11-24 16:49:36,946.0,1a3e4add92e41944bafb12b17fa66335af9af3a8,1337659,,,,,,,,,,,,,,,,,,,,,,,,,,,,,,,,,,,,,,,,,,,,,,,,,,TN,,,,,,,,,,
mozilla-beta,4788073,1,2c0793d5bd36dd25ac51b0c394cc0b8b6e5c8ebb,linux1804-64-shippable-qr,True,False,,,102210fe594ee9b33d82058545b1ed14f4c8206e,startup_about_home_paint,startup_about_home_paint,True,startup_about_home_paint opt e10s fission stylo webrender-sw,,6,,firefox,,1800594679,2023-11-24 19:26:24,976.0,6d0a62974b9b656be959cbc5c28072dba236c9a1,1337720,,,,,,,,,,,,,,,,,,,,,,,,,,,,,,,,,,,,,,,,,,,,,,,,,,TN,,,,,,,,,,
mozilla-beta,4788073,1,2c0793d5bd36dd25ac51b0c394cc0b8b6e5c8ebb,linux1804-64-shippable-qr,True,False,,,102210fe594ee9b33d82058545b1ed14f4c8206e,startup_about_home_paint,startup_about_home_paint,True,startup_about_home_paint opt e10s fission stylo webrender-sw,,6,,firefox,,1800795448,2023-11-25 09:17:02,954.0,7bb0d2c11841a1ee47bcd3d93a7930c8e870cf38,1337839,,,,,,,,,,,,,,,,,,,,,,,,,,,,,,,,,,,,,,,,,,,,,,,,,,TN,,,,,,,,,,
mozilla-beta,4788073,1,2c0793d5bd36dd25ac51b0c394cc0b8b6e5c8ebb,linux1804-64-shippable-qr,True,False,,,102210fe594ee9b33d82058545b1ed14f4c8206e,startup_about_home_paint,startup_about_home_paint,True,startup_about_home_paint opt e10s fission stylo webrender-sw,,6,,firefox,,1800871545,2023-11-25 14:39:21,962.0,2dab338879f00d7e06ba1d26794b0c47fe241084,1337868,,,,,,,,,,,,,,,,,,,,,,,,,,,,,,,,,,,,,,,,,,,,,,,,,,TN,,,,,,,,,,
mozilla-beta,4788073,1,2c0793d5bd36dd25ac51b0c394cc0b8b6e5c8ebb,linux1804-64-shippable-qr,True,False,,,102210fe594ee9b33d82058545b1ed14f4c8206e,startup_about_home_paint,startup_about_home_paint,True,startup_about_home_paint opt e10s fission stylo webrender-sw,,6,,firefox,,1800975582,2023-11-26 09:14:56,954.0,27f764d7fcefdc9fd2f61cdca2aa5fc58a71f4c3,1337923,,,,,,,,,,,,,,,,,,,,,,,,,,,,,,,,,,,,,,,,,,,,,,,,,,TN,,,,,,,,,,
mozilla-beta,4788073,1,2c0793d5bd36dd25ac51b0c394cc0b8b6e5c8ebb,linux1804-64-shippable-qr,True,False,,,102210fe594ee9b33d82058545b1ed14f4c8206e,startup_about_home_paint,startup_about_home_paint,True,startup_about_home_paint opt e10s fission stylo webrender-sw,,6,,firefox,,1801046583,2023-11-26 19:05:04,966.0,6731f3f1d5fbe50d8ef2db31b54734d886c575d9,1337952,,,,,,,,,,,,,,,,,,,,,,,,,,,,,,,,,,,,,,,,,,,,,,,,,,TN,,,,,,,,,,
mozilla-beta,4788073,1,2c0793d5bd36dd25ac51b0c394cc0b8b6e5c8ebb,linux1804-64-shippable-qr,True,False,,,102210fe594ee9b33d82058545b1ed14f4c8206e,startup_about_home_paint,startup_about_home_paint,True,startup_about_home_paint opt e10s fission stylo webrender-sw,,6,,firefox,,1801074356,2023-11-26 19:58:34,986.0,30ce6d1c901acbf2c75595616796c67a117d0e89,1337957,,,,,,,,,,,,,,,,,,,,,,,,,,,,,,,,,,,,,,,,,,,,,,,,,,TN,,,,,,,,,,
mozilla-beta,4788073,1,2c0793d5bd36dd25ac51b0c394cc0b8b6e5c8ebb,linux1804-64-shippable-qr,True,False,,,102210fe594ee9b33d82058545b1ed14f4c8206e,startup_about_home_paint,startup_about_home_paint,True,startup_about_home_paint opt e10s fission stylo webrender-sw,,6,,firefox,,1801271766,2023-11-27 09:17:58,948.0,6d4d6a99b1a66f36129039e40dd79f37e4f86f8f,1338056,,,,,,,,,,,,,,,,,,,,,,,,,,,,,,,,,,,,,,,,,,,,,,,,,,TN,,,,,,,,,,
mozilla-beta,4788073,1,2c0793d5bd36dd25ac51b0c394cc0b8b6e5c8ebb,linux1804-64-shippable-qr,True,False,,,102210fe594ee9b33d82058545b1ed14f4c8206e,startup_about_home_paint,startup_about_home_paint,True,startup_about_home_paint opt e10s fission stylo webrender-sw,,6,,firefox,,1801534254,2023-11-27 17:32:57,951.0,22785f6abc940d353708807dbadc7ca1899f9be4,1338393,,,,,,,,,,,,,,,,,,,,,,,,,,,,,,,,,,,,,,,,,,,,,,,,,,TN,,,,,,,,,,
mozilla-beta,4788073,1,2c0793d5bd36dd25ac51b0c394cc0b8b6e5c8ebb,linux1804-64-shippable-qr,True,False,,,102210fe594ee9b33d82058545b1ed14f4c8206e,startup_about_home_paint,startup_about_home_paint,True,startup_about_home_paint opt e10s fission stylo webrender-sw,,6,,firefox,,1801713800,2023-11-27 22:16:43,955.0,155655e47125a4651f979dd526be3225c2d0b362,1338584,,,,,,,,,,,,,,,,,,,,,,,,,,,,,,,,,,,,,,,,,,,,,,,,,,TN,,,,,,,,,,
mozilla-beta,4788073,1,2c0793d5bd36dd25ac51b0c394cc0b8b6e5c8ebb,linux1804-64-shippable-qr,True,False,,,102210fe594ee9b33d82058545b1ed14f4c8206e,startup_about_home_paint,startup_about_home_paint,True,startup_about_home_paint opt e10s fission stylo webrender-sw,,6,,firefox,,1801730800,2023-11-27 22:27:53,967.0,d33d3f4a57d58a0f7e5e713c6743fea942f723c5,1338597,,,,,,,,,,,,,,,,,,,,,,,,,,,,,,,,,,,,,,,,,,,,,,,,,,TN,,,,,,,,,,
mozilla-beta,4788073,1,2c0793d5bd36dd25ac51b0c394cc0b8b6e5c8ebb,linux1804-64-shippable-qr,True,False,,,102210fe594ee9b33d82058545b1ed14f4c8206e,startup_about_home_paint,startup_about_home_paint,True,startup_about_home_paint opt e10s fission stylo webrender-sw,,6,,firefox,,1802004152,2023-11-28 09:16:16,948.0,17705099714d6adc36e2222e53c5627edbc9d656,1338880,,,,,,,,,,,,,,,,,,,,,,,,,,,,,,,,,,,,,,,,,,,,,,,,,,TN,,,,,,,,,,
mozilla-beta,4788073,1,2c0793d5bd36dd25ac51b0c394cc0b8b6e5c8ebb,linux1804-64-shippable-qr,True,False,,,102210fe594ee9b33d82058545b1ed14f4c8206e,startup_about_home_paint,startup_about_home_paint,True,startup_about_home_paint opt e10s fission stylo webrender-sw,,6,,firefox,,1802161913,2023-11-28 14:06:18,973.0,267e2c2143d0e7732e12ee912c982da08ed3cfb3,1339040,,,,,,,,,,,,,,,,,,,,,,,,,,,,,,,,,,,,,,,,,,,,,,,,,,TN,,,,,,,,,,
mozilla-beta,4788073,1,2c0793d5bd36dd25ac51b0c394cc0b8b6e5c8ebb,linux1804-64-shippable-qr,True,False,,,102210fe594ee9b33d82058545b1ed14f4c8206e,startup_about_home_paint,startup_about_home_paint,True,startup_about_home_paint opt e10s fission stylo webrender-sw,,6,,firefox,,1802311999,2023-11-28 18:01:37,960.0,5ece1826f540e2d1024b784ca24bd0a9ab803d88,1339207,,,,,,,,,,,,,,,,,,,,,,,,,,,,,,,,,,,,,,,,,,,,,,,,,,TN,,,,,,,,,,
mozilla-beta,4788073,1,2c0793d5bd36dd25ac51b0c394cc0b8b6e5c8ebb,linux1804-64-shippable-qr,True,False,,,102210fe594ee9b33d82058545b1ed14f4c8206e,startup_about_home_paint,startup_about_home_paint,True,startup_about_home_paint opt e10s fission stylo webrender-sw,,6,,firefox,,1802342076,2023-11-28 18:56:38,972.0,5b886155d8f15f2a6b77a369aa6bd34f271b5179,1339250,,,,,,,,,,,,,,,,,,,,,,,,,,,,,,,,,,,,,,,,,,,,,,,,,,TN,,,,,,,,,,
mozilla-beta,4788073,1,2c0793d5bd36dd25ac51b0c394cc0b8b6e5c8ebb,linux1804-64-shippable-qr,True,False,,,102210fe594ee9b33d82058545b1ed14f4c8206e,startup_about_home_paint,startup_about_home_paint,True,startup_about_home_paint opt e10s fission stylo webrender-sw,,6,,firefox,,1802540492,2023-11-29 01:18:21,956.0,54bded7d814a16ec819b55ed9dabee819a5ab3d7,1339512,,,,,,,,,,,,,,,,,,,,,,,,,,,,,,,,,,,,,,,,,,,,,,,,,,TN,,,,,,,,,,
mozilla-beta,4788073,1,2c0793d5bd36dd25ac51b0c394cc0b8b6e5c8ebb,linux1804-64-shippable-qr,True,False,,,102210fe594ee9b33d82058545b1ed14f4c8206e,startup_about_home_paint,startup_about_home_paint,True,startup_about_home_paint opt e10s fission stylo webrender-sw,,6,,firefox,,1802714222,2023-11-29 06:49:04,946.0,deb04a41bcf2831f1f022865506bed3889189890,1339621,,,,,,,,,,,,,,,,,,,,,,,,,,,,,,,,,,,,,,,,,,,,,,,,,,TN,,,,,,,,,,
mozilla-beta,4788073,1,2c0793d5bd36dd25ac51b0c394cc0b8b6e5c8ebb,linux1804-64-shippable-qr,True,False,,,102210fe594ee9b33d82058545b1ed14f4c8206e,startup_about_home_paint,startup_about_home_paint,True,startup_about_home_paint opt e10s fission stylo webrender-sw,,6,,firefox,,1802791890,2023-11-29 09:18:15,942.0,dea294d4ae5a1a40f6bfd6e29b7d07fe56b7f472,1339673,,,,,,,,,,,,,,,,,,,,,,,,,,,,,,,,,,,,,,,,,,,,,,,,,,TN,,,,,,,,,,
mozilla-beta,4788073,1,2c0793d5bd36dd25ac51b0c394cc0b8b6e5c8ebb,linux1804-64-shippable-qr,True,False,,,102210fe594ee9b33d82058545b1ed14f4c8206e,startup_about_home_paint,startup_about_home_paint,True,startup_about_home_paint opt e10s fission stylo webrender-sw,,6,,firefox,,1803118130,2023-11-29 18:19:02,971.0,e98d3fec31d0b40a3913c13b0ee47cefb4d1e59e,1339978,,,,,,,,,,,,,,,,,,,,,,,,,,,,,,,,,,,,,,,,,,,,,,,,,,TN,,,,,,,,,,
mozilla-beta,4788073,1,2c0793d5bd36dd25ac51b0c394cc0b8b6e5c8ebb,linux1804-64-shippable-qr,True,False,,,102210fe594ee9b33d82058545b1ed14f4c8206e,startup_about_home_paint,startup_about_home_paint,True,startup_about_home_paint opt e10s fission stylo webrender-sw,,6,,firefox,,1803131185,2023-11-29 19:19:47,968.0,7f11f5cf2f8ef7fb54eea8d499ae7df1097763cc,1340032,,,,,,,,,,,,,,,,,,,,,,,,,,,,,,,,,,,,,,,,,,,,,,,,,,TN,,,,,,,,,,
mozilla-beta,4788073,1,2c0793d5bd36dd25ac51b0c394cc0b8b6e5c8ebb,linux1804-64-shippable-qr,True,False,,,102210fe594ee9b33d82058545b1ed14f4c8206e,startup_about_home_paint,startup_about_home_paint,True,startup_about_home_paint opt e10s fission stylo webrender-sw,,6,,firefox,,1803240584,2023-11-29 22:50:54,945.0,ca8ce1830705b459fc5202429667589f2934b17c,1340165,,,,,,,,,,,,,,,,,,,,,,,,,,,,,,,,,,,,,,,,,,,,,,,,,,TN,,,,,,,,,,
mozilla-beta,4788073,1,2c0793d5bd36dd25ac51b0c394cc0b8b6e5c8ebb,linux1804-64-shippable-qr,True,False,,,102210fe594ee9b33d82058545b1ed14f4c8206e,startup_about_home_paint,startup_about_home_paint,True,startup_about_home_paint opt e10s fission stylo webrender-sw,,6,,firefox,,1803543926,2023-11-30 09:17:04,980.0,5974796cd9cd088eb58006e6594138d3bc8e7d39,1340410,,,,,,,,,,,,,,,,,,,,,,,,,,,,,,,,,,,,,,,,,,,,,,,,,,TN,,,,,,,,,,
mozilla-beta,4788073,1,2c0793d5bd36dd25ac51b0c394cc0b8b6e5c8ebb,linux1804-64-shippable-qr,True,False,,,102210fe594ee9b33d82058545b1ed14f4c8206e,startup_about_home_paint,startup_about_home_paint,True,startup_about_home_paint opt e10s fission stylo webrender-sw,,6,,firefox,,1803782667,2023-11-30 16:11:24,970.0,20d769c8e7c11b7510e1eaed3d456b930cf6ea46,1340661,,,,,,,,,,,,,,,,,,,,,,,,,,,,,,,,,,,,,,,,,,,,,,,,,,TN,,,,,,,,,,
mozilla-beta,4788073,1,2c0793d5bd36dd25ac51b0c394cc0b8b6e5c8ebb,linux1804-64-shippable-qr,True,False,,,102210fe594ee9b33d82058545b1ed14f4c8206e,startup_about_home_paint,startup_about_home_paint,True,startup_about_home_paint opt e10s fission stylo webrender-sw,,6,,firefox,,1803792977,2023-11-30 16:34:04,980.0,c1852b5f0fd3cae3ab6e22effca4d9f2689aeeeb,1340692,,,,,,,,,,,,,,,,,,,,,,,,,,,,,,,,,,,,,,,,,,,,,,,,,,TN,,,,,,,,,,
mozilla-beta,4788073,1,2c0793d5bd36dd25ac51b0c394cc0b8b6e5c8ebb,linux1804-64-shippable-qr,True,False,,,102210fe594ee9b33d82058545b1ed14f4c8206e,startup_about_home_paint,startup_about_home_paint,True,startup_about_home_paint opt e10s fission stylo webrender-sw,,6,,firefox,,1803812666,2023-11-30 16:43:33,963.0,bc9f83635d02d18d06ea0e35565f7bb49b2c7608,1340700,,,,,,,,,,,,,,,,,,,,,,,,,,,,,,,,,,,,,,,,,,,,,,,,,,TN,,,,,,,,,,
mozilla-beta,4788073,1,2c0793d5bd36dd25ac51b0c394cc0b8b6e5c8ebb,linux1804-64-shippable-qr,True,False,,,102210fe594ee9b33d82058545b1ed14f4c8206e,startup_about_home_paint,startup_about_home_paint,True,startup_about_home_paint opt e10s fission stylo webrender-sw,,6,,firefox,,1803870744,2023-11-30 18:34:41,960.0,5df38003afc947e7f0932dd9984f2e4d57e9a685,1340791,,,,,,,,,,,,,,,,,,,,,,,,,,,,,,,,,,,,,,,,,,,,,,,,,,TN,,,,,,,,,,
mozilla-beta,4788073,1,2c0793d5bd36dd25ac51b0c394cc0b8b6e5c8ebb,linux1804-64-shippable-qr,True,False,,,102210fe594ee9b33d82058545b1ed14f4c8206e,startup_about_home_paint,startup_about_home_paint,True,startup_about_home_paint opt e10s fission stylo webrender-sw,,6,,firefox,,1803941831,2023-11-30 21:01:12,967.0,8e00ed90450f29ee0286348a831fc0980397f8e7,1340913,,,,,,,,,,,,,,,,,,,,,,,,,,,,,,,,,,,,,,,,,,,,,,,,,,TN,,,,,,,,,,
mozilla-beta,4788073,1,2c0793d5bd36dd25ac51b0c394cc0b8b6e5c8ebb,linux1804-64-shippable-qr,True,False,,,102210fe594ee9b33d82058545b1ed14f4c8206e,startup_about_home_paint,startup_about_home_paint,True,startup_about_home_paint opt e10s fission stylo webrender-sw,,6,,firefox,,1804025502,2023-12-01 00:27:30,962.0,b69108b34355f592bd1781a9a072e6816b3eb0b1,1341043,,,,,,,,,,,,,,,,,,,,,,,,,,,,,,,,,,,,,,,,,,,,,,,,,,TN,,,,,,,,,,
mozilla-beta,4788073,1,2c0793d5bd36dd25ac51b0c394cc0b8b6e5c8ebb,linux1804-64-shippable-qr,True,False,,,102210fe594ee9b33d82058545b1ed14f4c8206e,startup_about_home_paint,startup_about_home_paint,True,startup_about_home_paint opt e10s fission stylo webrender-sw,,6,,firefox,,1804030359,2023-12-01 00:39:11,957.0,186477afbdb47280ec0ea49732727996821b2082,1341051,,,,,,,,,,,,,,,,,,,,,,,,,,,,,,,,,,,,,,,,,,,,,,,,,,TN,,,,,,,,,,
mozilla-beta,4788073,1,2c0793d5bd36dd25ac51b0c394cc0b8b6e5c8ebb,linux1804-64-shippable-qr,True,False,,,102210fe594ee9b33d82058545b1ed14f4c8206e,startup_about_home_paint,startup_about_home_paint,True,startup_about_home_paint opt e10s fission stylo webrender-sw,,6,,firefox,,1804046683,2023-12-01 00:47:04,965.0,f0af2050e7b01c1d1b2b95693754359cc62706a8,1341055,,,,,,,,,,,,,,,,,,,,,,,,,,,,,,,,,,,,,,,,,,,,,,,,,,TN,,,,,,,,,,
mozilla-beta,4788073,1,2c0793d5bd36dd25ac51b0c394cc0b8b6e5c8ebb,linux1804-64-shippable-qr,True,False,,,102210fe594ee9b33d82058545b1ed14f4c8206e,startup_about_home_paint,startup_about_home_paint,True,startup_about_home_paint opt e10s fission stylo webrender-sw,,6,,firefox,,1804263352,2023-12-01 09:17:38,967.0,dcc730175085df9656d49fc3ee0e7db73111c6e8,1341197,,,,,,,,,,,,,,,,,,,,,,,,,,,,,,,,,,,,,,,,,,,,,,,,,,TN,,,,,,,,,,
mozilla-beta,4788073,1,2c0793d5bd36dd25ac51b0c394cc0b8b6e5c8ebb,linux1804-64-shippable-qr,True,False,,,102210fe594ee9b33d82058545b1ed14f4c8206e,startup_about_home_paint,startup_about_home_paint,True,startup_about_home_paint opt e10s fission stylo webrender-sw,,6,,firefox,,1804495047,2023-12-01 17:19:46,946.0,383a7dba37fdf47229b38b1bd3e13d91524826dd,1341530,,,,,,,,,,,,,,,,,,,,,,,,,,,,,,,,,,,,,,,,,,,,,,,,,,TN,,,,,,,,,,
mozilla-beta,4788073,1,2c0793d5bd36dd25ac51b0c394cc0b8b6e5c8ebb,linux1804-64-shippable-qr,True,False,,,102210fe594ee9b33d82058545b1ed14f4c8206e,startup_about_home_paint,startup_about_home_paint,True,startup_about_home_paint opt e10s fission stylo webrender-sw,,6,,firefox,,1804531051,2023-12-01 17:50:39,957.0,838d79d0dcef3ff65de416651b2599f57334a424,1341548,,,,,,,,,,,,,,,,,,,,,,,,,,,,,,,,,,,,,,,,,,,,,,,,,,TN,,,,,,,,,,
mozilla-beta,4788073,1,2c0793d5bd36dd25ac51b0c394cc0b8b6e5c8ebb,linux1804-64-shippable-qr,True,False,,,102210fe594ee9b33d82058545b1ed14f4c8206e,startup_about_home_paint,startup_about_home_paint,True,startup_about_home_paint opt e10s fission stylo webrender-sw,,6,,firefox,,1804641469,2023-12-01 21:01:48,934.0,a4b9591b34ba710765e9f09d3d4e58d21f188792,1341681,,,,,,,,,,,,,,,,,,,,,,,,,,,,,,,,,,,,,,,,,,,,,,,,,,TN,,,,,,,,,,
mozilla-beta,4788073,1,2c0793d5bd36dd25ac51b0c394cc0b8b6e5c8ebb,linux1804-64-shippable-qr,True,False,,,102210fe594ee9b33d82058545b1ed14f4c8206e,startup_about_home_paint,startup_about_home_paint,True,startup_about_home_paint opt e10s fission stylo webrender-sw,,6,,firefox,,1804868147,2023-12-02 09:21:37,977.0,138cd0d7d6566dfa59c44eff260c1bd4d7d3c240,1341841,,,,,,,,,,,,,,,,,,,,,,,,,,,,,,,,,,,,,,,,,,,,,,,,,,TN,,,,,,,,,,
mozilla-beta,4788073,1,2c0793d5bd36dd25ac51b0c394cc0b8b6e5c8ebb,linux1804-64-shippable-qr,True,False,,,102210fe594ee9b33d82058545b1ed14f4c8206e,startup_about_home_paint,startup_about_home_paint,True,startup_about_home_paint opt e10s fission stylo webrender-sw,,6,,firefox,,1804960430,2023-12-02 15:29:47,955.0,804fcc8f051c181e41f5eee888e30a5ca7752f0d,1341864,,,,,,,,,,,,,,,,,,,,,,,,,,,,,,,,,,,,,,,,,,,,,,,,,,TN,,,,,,,,,,
mozilla-beta,4788073,1,2c0793d5bd36dd25ac51b0c394cc0b8b6e5c8ebb,linux1804-64-shippable-qr,True,False,,,102210fe594ee9b33d82058545b1ed14f4c8206e,startup_about_home_paint,startup_about_home_paint,True,startup_about_home_paint opt e10s fission stylo webrender-sw,,6,,firefox,,1804969352,2023-12-02 15:34:35,942.0,f0c0cb9e9377b5529e313d5919557d03a6feb7a5,1341866,,,,,,,,,,,,,,,,,,,,,,,,,,,,,,,,,,,,,,,,,,,,,,,,,,TN,,,,,,,,,,
mozilla-beta,4788073,1,2c0793d5bd36dd25ac51b0c394cc0b8b6e5c8ebb,linux1804-64-shippable-qr,True,False,,,102210fe594ee9b33d82058545b1ed14f4c8206e,startup_about_home_paint,startup_about_home_paint,True,startup_about_home_paint opt e10s fission stylo webrender-sw,,6,,firefox,,1805163341,2023-12-03 09:17:20,939.0,4d5fc29c0701152d1ac86db779f2f737b8bef95c,1341957,,,,,,,,,,,,,,,,,,,,,,,,,,,,,,,,,,,,,,,,,,,,,,,,,,TN,,,,,,,,,,
mozilla-beta,4788073,1,2c0793d5bd36dd25ac51b0c394cc0b8b6e5c8ebb,linux1804-64-shippable-qr,True,False,,,102210fe594ee9b33d82058545b1ed14f4c8206e,startup_about_home_paint,startup_about_home_paint,True,startup_about_home_paint opt e10s fission stylo webrender-sw,,6,,firefox,,1805303589,2023-12-03 18:26:48,956.0,8833c90233aa15657607f5823c7f2f0a9e9acba5,1342035,,,,,,,,,,,,,,,,,,,,,,,,,,,,,,,,,,,,,,,,,,,,,,,,,,TN,,,,,,,,,,
mozilla-beta,4788073,1,2c0793d5bd36dd25ac51b0c394cc0b8b6e5c8ebb,linux1804-64-shippable-qr,True,False,,,102210fe594ee9b33d82058545b1ed14f4c8206e,startup_about_home_paint,startup_about_home_paint,True,startup_about_home_paint opt e10s fission stylo webrender-sw,,6,,firefox,,1805321260,2023-12-03 18:27:35,946.0,aea0bf951d563e36e9e968d12062d8a38a88d3d9,1342036,,,,,,,,,,,,,,,,,,,,,,,,,,,,,,,,,,,,,,,,,,,,,,,,,,TN,,,,,,,,,,
mozilla-beta,4788073,1,2c0793d5bd36dd25ac51b0c394cc0b8b6e5c8ebb,linux1804-64-shippable-qr,True,False,,,102210fe594ee9b33d82058545b1ed14f4c8206e,startup_about_home_paint,startup_about_home_paint,True,startup_about_home_paint opt e10s fission stylo webrender-sw,,6,,firefox,,1805332553,2023-12-03 18:40:01,932.0,c8d8e41a083bbad80659ee42b25afe1f9a01fa80,1342038,,,,,,,,,,,,,,,,,,,,,,,,,,,,,,,,,,,,,,,,,,,,,,,,,,TN,,,,,,,,,,
mozilla-beta,4788073,1,2c0793d5bd36dd25ac51b0c394cc0b8b6e5c8ebb,linux1804-64-shippable-qr,True,False,,,102210fe594ee9b33d82058545b1ed14f4c8206e,startup_about_home_paint,startup_about_home_paint,True,startup_about_home_paint opt e10s fission stylo webrender-sw,,6,,firefox,,1805354959,2023-12-03 18:57:23,945.0,f9258827fbd87e7abbafd5aaee4f4beb2ca122f7,1342040,,,,,,,,,,,,,,,,,,,,,,,,,,,,,,,,,,,,,,,,,,,,,,,,,,TN,,,,,,,,,,
mozilla-beta,4788073,1,2c0793d5bd36dd25ac51b0c394cc0b8b6e5c8ebb,linux1804-64-shippable-qr,True,False,,,102210fe594ee9b33d82058545b1ed14f4c8206e,startup_about_home_paint,startup_about_home_paint,True,startup_about_home_paint opt e10s fission stylo webrender-sw,,6,,firefox,,1805604682,2023-12-04 09:21:59,955.0,c8602eedb54af9596786fffadd7e6362d241c4ee,1342185,,,,,,,,,,,,,,,,,,,,,,,,,,,,,,,,,,,,,,,,,,,,,,,,,,TN,,,,,,,,,,
mozilla-beta,4788073,1,2c0793d5bd36dd25ac51b0c394cc0b8b6e5c8ebb,linux1804-64-shippable-qr,True,False,,,102210fe594ee9b33d82058545b1ed14f4c8206e,startup_about_home_paint,startup_about_home_paint,True,startup_about_home_paint opt e10s fission stylo webrender-sw,,6,,firefox,,1805958287,2023-12-04 20:17:46,945.0,843493d0e456170ac7bc6844fb9ef91b4d02e5e9,1342642,,,,,,,,,,,,,,,,,,,,,,,,,,,,,,,,,,,,,,,,,,,,,,,,,,TN,,,,,,,,,,
mozilla-beta,4788073,1,2c0793d5bd36dd25ac51b0c394cc0b8b6e5c8ebb,linux1804-64-shippable-qr,True,False,,,102210fe594ee9b33d82058545b1ed14f4c8206e,startup_about_home_paint,startup_about_home_paint,True,startup_about_home_paint opt e10s fission stylo webrender-sw,,6,,firefox,,1805996897,2023-12-04 20:26:14,931.0,0fdd8c90220fed2b73becbf0d813ffa9eb3c7f23,1342655,,,,,,,,,,,,,,,,,,,,,,,,,,,,,,,,,,,,,,,,,,,,,,,,,,TN,,,,,,,,,,
mozilla-beta,4788073,1,2c0793d5bd36dd25ac51b0c394cc0b8b6e5c8ebb,linux1804-64-shippable-qr,True,False,,,102210fe594ee9b33d82058545b1ed14f4c8206e,startup_about_home_paint,startup_about_home_paint,True,startup_about_home_paint opt e10s fission stylo webrender-sw,,6,,firefox,,1805949946,2023-12-04 20:40:00,942.0,7db3ae9df06c21bc1dc107b2d9e0b5ce5f18eb27,1342665,,,,,,,,,,,,,,,,,,,,,,,,,,,,,,,,,,,,,,,,,,,,,,,,,,TN,,,,,,,,,,
mozilla-beta,4788073,1,2c0793d5bd36dd25ac51b0c394cc0b8b6e5c8ebb,linux1804-64-shippable-qr,True,False,,,102210fe594ee9b33d82058545b1ed14f4c8206e,startup_about_home_paint,startup_about_home_paint,True,startup_about_home_paint opt e10s fission stylo webrender-sw,,6,,firefox,,1806061261,2023-12-04 20:44:16,940.0,79cedc5de788e8665170f4145cd8e2ac74552c2d,1342666,,,,,,,,,,,,,,,,,,,,,,,,,,,,,,,,,,,,,,,,,,,,,,,,,,TN,,,,,,,,,,
mozilla-beta,4788073,1,2c0793d5bd36dd25ac51b0c394cc0b8b6e5c8ebb,linux1804-64-shippable-qr,True,False,,,102210fe594ee9b33d82058545b1ed14f4c8206e,startup_about_home_paint,startup_about_home_paint,True,startup_about_home_paint opt e10s fission stylo webrender-sw,,6,,firefox,,1806080062,2023-12-04 22:24:42,936.0,32290dab6b678439d5a9346514c6c0efd6b866cb,1342759,,,,,,,,,,,,,,,,,,,,,,,,,,,,,,,,,,,,,,,,,,,,,,,,,,TN,,,,,,,,,,
mozilla-beta,4788073,1,2c0793d5bd36dd25ac51b0c394cc0b8b6e5c8ebb,linux1804-64-shippable-qr,True,False,,,102210fe594ee9b33d82058545b1ed14f4c8206e,startup_about_home_paint,startup_about_home_paint,True,startup_about_home_paint opt e10s fission stylo webrender-sw,,6,,firefox,,1806327578,2023-12-05 09:19:15,948.0,7ffa218447b7cea3e8dc9de65ef8ac8fdb9760ec,1342979,,,,,,,,,,,,,,,,,,,,,,,,,,,,,,,,,,,,,,,,,,,,,,,,,,TN,,,,,,,,,,
mozilla-beta,4788073,1,2c0793d5bd36dd25ac51b0c394cc0b8b6e5c8ebb,linux1804-64-shippable-qr,True,False,,,102210fe594ee9b33d82058545b1ed14f4c8206e,startup_about_home_paint,startup_about_home_paint,True,startup_about_home_paint opt e10s fission stylo webrender-sw,,6,,firefox,,1806529476,2023-12-05 17:04:28,961.0,8efc47a15d03b85e09c24116074a3bfa31478ee7,1343225,,,,,,,,,,,,,,,,,,,,,,,,,,,,,,,,,,,,,,,,,,,,,,,,,,TN,,,,,,,,,,
mozilla-beta,4788073,1,2c0793d5bd36dd25ac51b0c394cc0b8b6e5c8ebb,linux1804-64-shippable-qr,True,False,,,102210fe594ee9b33d82058545b1ed14f4c8206e,startup_about_home_paint,startup_about_home_paint,True,startup_about_home_paint opt e10s fission stylo webrender-sw,,6,,firefox,,1806537695,2023-12-05 17:06:05,954.0,65a56f16214376ccf707703cb731546d83e80909,1343227,,,,,,,,,,,,,,,,,,,,,,,,,,,,,,,,,,,,,,,,,,,,,,,,,,TN,,,,,,,,,,
mozilla-beta,4788073,1,2c0793d5bd36dd25ac51b0c394cc0b8b6e5c8ebb,linux1804-64-shippable-qr,True,False,,,102210fe594ee9b33d82058545b1ed14f4c8206e,startup_about_home_paint,startup_about_home_paint,True,startup_about_home_paint opt e10s fission stylo webrender-sw,,6,,firefox,,1806588827,2023-12-05 17:26:05,946.0,8202a7fccea2848a528130713fb7554afe47451c,1343245,,,,,,,,,,,,,,,,,,,,,,,,,,,,,,,,,,,,,,,,,,,,,,,,,,TN,,,,,,,,,,
mozilla-beta,4788073,1,2c0793d5bd36dd25ac51b0c394cc0b8b6e5c8ebb,linux1804-64-shippable-qr,True,False,,,102210fe594ee9b33d82058545b1ed14f4c8206e,startup_about_home_paint,startup_about_home_paint,True,startup_about_home_paint opt e10s fission stylo webrender-sw,,6,,firefox,,1806629752,2023-12-05 18:50:17,939.0,ca3cddabbfe345abca9f97a2b17965a32ff7ae0c,1343323,,,,,,,,,,,,,,,,,,,,,,,,,,,,,,,,,,,,,,,,,,,,,,,,,,TN,,,,,,,,,,
mozilla-beta,4788073,1,2c0793d5bd36dd25ac51b0c394cc0b8b6e5c8ebb,linux1804-64-shippable-qr,True,False,,,102210fe594ee9b33d82058545b1ed14f4c8206e,startup_about_home_paint,startup_about_home_paint,True,startup_about_home_paint opt e10s fission stylo webrender-sw,,6,,firefox,,1806723280,2023-12-05 21:13:36,959.0,3388eeb5680071dadb101541f663a6400ef7226c,1343425,,,,,,,,,,,,,,,,,,,,,,,,,,,,,,,,,,,,,,,,,,,,,,,,,,TN,,,,,,,,,,
mozilla-beta,4788073,1,2c0793d5bd36dd25ac51b0c394cc0b8b6e5c8ebb,linux1804-64-shippable-qr,True,False,,,102210fe594ee9b33d82058545b1ed14f4c8206e,startup_about_home_paint,startup_about_home_paint,True,startup_about_home_paint opt e10s fission stylo webrender-sw,,6,,firefox,,1806843134,2023-12-05 22:10:23,948.0,522d7c9bba9aa012d7f9a119fdb716b9aed38d13,1343461,,,,,,,,,,,,,,,,,,,,,,,,,,,,,,,,,,,,,,,,,,,,,,,,,,TN,,,,,,,,,,
mozilla-beta,4788073,1,2c0793d5bd36dd25ac51b0c394cc0b8b6e5c8ebb,linux1804-64-shippable-qr,True,False,,,102210fe594ee9b33d82058545b1ed14f4c8206e,startup_about_home_paint,startup_about_home_paint,True,startup_about_home_paint opt e10s fission stylo webrender-sw,,6,,firefox,,1807010967,2023-12-06 09:17:31,950.0,3343ddaf516b0a250a42f9247d2ffc693d2dddd3,1343658,,,,,,,,,,,,,,,,,,,,,,,,,,,,,,,,,,,,,,,,,,,,,,,,,,TN,,,,,,,,,,
mozilla-beta,4788073,1,2c0793d5bd36dd25ac51b0c394cc0b8b6e5c8ebb,linux1804-64-shippable-qr,True,False,,,102210fe594ee9b33d82058545b1ed14f4c8206e,startup_about_home_paint,startup_about_home_paint,True,startup_about_home_paint opt e10s fission stylo webrender-sw,,6,,firefox,,1807256209,2023-12-06 18:02:06,939.0,c50cc8f9601c19cdd6660c7129586943e15efd3f,1343974,,,,,,,,,,,,,,,,,,,,,,,,,,,,,,,,,,,,,,,,,,,,,,,,,,TN,,,,,,,,,,
mozilla-beta,4788073,1,2c0793d5bd36dd25ac51b0c394cc0b8b6e5c8ebb,linux1804-64-shippable-qr,True,False,,,102210fe594ee9b33d82058545b1ed14f4c8206e,startup_about_home_paint,startup_about_home_paint,True,startup_about_home_paint opt e10s fission stylo webrender-sw,,6,,firefox,,1807290169,2023-12-06 18:11:10,936.0,8071f36fd32538652a1d6970fd9c73eda69f9de9,1343984,,,,,,,,,,,,,,,,,,,,,,,,,,,,,,,,,,,,,,,,,,,,,,,,,,TN,,,,,,,,,,
mozilla-beta,4788073,1,2c0793d5bd36dd25ac51b0c394cc0b8b6e5c8ebb,linux1804-64-shippable-qr,True,False,,,102210fe594ee9b33d82058545b1ed14f4c8206e,startup_about_home_paint,startup_about_home_paint,True,startup_about_home_paint opt e10s fission stylo webrender-sw,,6,,firefox,,1807411015,2023-12-06 22:31:31,940.0,d71b34b14199c3c83d7b9ccde852c75f230fd5fa,1344171,,,,,,,,,,,,,,,,,,,,,,,,,,,,,,,,,,,,,,,,,,,,,,,,,,TN,,,,,,,,,,
mozilla-beta,4788073,1,2c0793d5bd36dd25ac51b0c394cc0b8b6e5c8ebb,linux1804-64-shippable-qr,True,False,,,102210fe594ee9b33d82058545b1ed14f4c8206e,startup_about_home_paint,startup_about_home_paint,True,startup_about_home_paint opt e10s fission stylo webrender-sw,,6,,firefox,,1807475047,2023-12-07 01:23:09,946.0,4b4492de7d4c01197e22f5398ea02198276131c4,1344248,,,,,,,,,,,,,,,,,,,,,,,,,,,,,,,,,,,,,,,,,,,,,,,,,,TN,,,,,,,,,,
mozilla-beta,4788073,1,2c0793d5bd36dd25ac51b0c394cc0b8b6e5c8ebb,linux1804-64-shippable-qr,True,False,,,102210fe594ee9b33d82058545b1ed14f4c8206e,startup_about_home_paint,startup_about_home_paint,True,startup_about_home_paint opt e10s fission stylo webrender-sw,,6,,firefox,,1807639210,2023-12-07 09:16:02,945.0,9a9c77f076c860d86d4d9a9a9a8e225a62120892,1344351,,,,,,,,,,,,,,,,,,,,,,,,,,,,,,,,,,,,,,,,,,,,,,,,,,TN,,,,,,,,,,
mozilla-beta,4788073,1,2c0793d5bd36dd25ac51b0c394cc0b8b6e5c8ebb,linux1804-64-shippable-qr,True,False,,,102210fe594ee9b33d82058545b1ed14f4c8206e,startup_about_home_paint,startup_about_home_paint,True,startup_about_home_paint opt e10s fission stylo webrender-sw,,6,,firefox,,1807822130,2023-12-07 16:19:45,938.0,493e6a075f075a9715627441c1b47aab7d11dce0,1344598,,,,,,,,,,,,,,,,,,,,,,,,,,,,,,,,,,,,,,,,,,,,,,,,,,TN,,,,,,,,,,
mozilla-beta,4788073,1,2c0793d5bd36dd25ac51b0c394cc0b8b6e5c8ebb,linux1804-64-shippable-qr,True,False,,,102210fe594ee9b33d82058545b1ed14f4c8206e,startup_about_home_paint,startup_about_home_paint,True,startup_about_home_paint opt e10s fission stylo webrender-sw,,6,,firefox,,1807910420,2023-12-07 17:47:37,933.0,fb0fcda9a042c99c06319d8fe93d73d721eda5f5,1344666,,,,,,,,,,,,,,,,,,,,,,,,,,,,,,,,,,,,,,,,,,,,,,,,,,TN,,,,,,,,,,
mozilla-beta,4788073,1,2c0793d5bd36dd25ac51b0c394cc0b8b6e5c8ebb,linux1804-64-shippable-qr,True,False,,,102210fe594ee9b33d82058545b1ed14f4c8206e,startup_about_home_paint,startup_about_home_paint,True,startup_about_home_paint opt e10s fission stylo webrender-sw,,6,,firefox,,1807930352,2023-12-07 17:53:52,952.0,51a56df86ac2d6bb944e334c6343b2345073e15e,1344668,,,,,,,,,,,,,,,,,,,,,,,,,,,,,,,,,,,,,,,,,,,,,,,,,,TN,,,,,,,,,,
mozilla-beta,4788073,1,2c0793d5bd36dd25ac51b0c394cc0b8b6e5c8ebb,linux1804-64-shippable-qr,True,False,,,102210fe594ee9b33d82058545b1ed14f4c8206e,startup_about_home_paint,startup_about_home_paint,True,startup_about_home_paint opt e10s fission stylo webrender-sw,,6,,firefox,,1808013065,2023-12-07 19:14:40,927.0,889c2b945041a3cdfba4f89a49812c637bb8cbe9,1344721,,,,,,,,,,,,,,,,,,,,,,,,,,,,,,,,,,,,,,,,,,,,,,,,,,TN,,,,,,,,,,
mozilla-beta,4788073,1,2c0793d5bd36dd25ac51b0c394cc0b8b6e5c8ebb,linux1804-64-shippable-qr,True,False,,,102210fe594ee9b33d82058545b1ed14f4c8206e,startup_about_home_paint,startup_about_home_paint,True,startup_about_home_paint opt e10s fission stylo webrender-sw,,6,,firefox,,1808151180,2023-12-08 00:59:51,934.0,c6f495f8acbd581a02831e19545cf10e64f9b203,1344893,,,,,,,,,,,,,,,,,,,,,,,,,,,,,,,,,,,,,,,,,,,,,,,,,,TN,,,,,,,,,,
mozilla-beta,4788073,1,2c0793d5bd36dd25ac51b0c394cc0b8b6e5c8ebb,linux1804-64-shippable-qr,True,False,,,102210fe594ee9b33d82058545b1ed14f4c8206e,startup_about_home_paint,startup_about_home_paint,True,startup_about_home_paint opt e10s fission stylo webrender-sw,,6,,firefox,,1808243317,2023-12-08 02:53:28,951.0,fdb26a484d45cd102b37dbfcdbb7ebac7e84e9bb,1344920,,,,,,,,,,,,,,,,,,,,,,,,,,,,,,,,,,,,,,,,,,,,,,,,,,TN,,,,,,,,,,
mozilla-beta,4788073,1,2c0793d5bd36dd25ac51b0c394cc0b8b6e5c8ebb,linux1804-64-shippable-qr,True,False,,,102210fe594ee9b33d82058545b1ed14f4c8206e,startup_about_home_paint,startup_about_home_paint,True,startup_about_home_paint opt e10s fission stylo webrender-sw,,6,,firefox,,1808272038,2023-12-08 02:54:11,966.0,f86cb690ce3d2d4b7cdda07cc40be83b3ca1cb21,1344921,,,,,,,,,,,,,,,,,,,,,,,,,,,,,,,,,,,,,,,,,,,,,,,,,,TN,,,,,,,,,,
mozilla-beta,4788073,1,2c0793d5bd36dd25ac51b0c394cc0b8b6e5c8ebb,linux1804-64-shippable-qr,True,False,,,102210fe594ee9b33d82058545b1ed14f4c8206e,startup_about_home_paint,startup_about_home_paint,True,startup_about_home_paint opt e10s fission stylo webrender-sw,,6,,firefox,,1808293804,2023-12-08 03:24:16,936.0,53dff28f7a8dacddf8920b47dc2e164827ee389f,1344933,,,,,,,,,,,,,,,,,,,,,,,,,,,,,,,,,,,,,,,,,,,,,,,,,,TN,,,,,,,,,,
mozilla-beta,4788073,1,2c0793d5bd36dd25ac51b0c394cc0b8b6e5c8ebb,linux1804-64-shippable-qr,True,False,,,102210fe594ee9b33d82058545b1ed14f4c8206e,startup_about_home_paint,startup_about_home_paint,True,startup_about_home_paint opt e10s fission stylo webrender-sw,,6,,firefox,,1808363049,2023-12-08 05:24:13,948.0,8fb6d84ab2c8e1fc73fb741955546550fed32953,1344960,,,,,,,,,,,,,,,,,,,,,,,,,,,,,,,,,,,,,,,,,,,,,,,,,,TN,,,,,,,,,,
mozilla-beta,4788073,1,2c0793d5bd36dd25ac51b0c394cc0b8b6e5c8ebb,linux1804-64-shippable-qr,True,False,,,102210fe594ee9b33d82058545b1ed14f4c8206e,startup_about_home_paint,startup_about_home_paint,True,startup_about_home_paint opt e10s fission stylo webrender-sw,,6,,firefox,,1808519076,2023-12-08 09:18:59,955.0,33d20ee6d74a51f9a1eca8570f5f2d94af9609a0,1345062,,,,,,,,,,,,,,,,,,,,,,,,,,,,,,,,,,,,,,,,,,,,,,,,,,TN,,,,,,,,,,
mozilla-beta,4788073,1,2c0793d5bd36dd25ac51b0c394cc0b8b6e5c8ebb,linux1804-64-shippable-qr,True,False,,,102210fe594ee9b33d82058545b1ed14f4c8206e,startup_about_home_paint,startup_about_home_paint,True,startup_about_home_paint opt e10s fission stylo webrender-sw,,6,,firefox,,1808902674,2023-12-08 21:11:28,944.0,44539b631fb141b44e44e05dfabd57eb0e0409e7,1345379,,,,,,,,,,,,,,,,,,,,,,,,,,,,,,,,,,,,,,,,,,,,,,,,,,TN,,,,,,,,,,
mozilla-beta,4788073,1,2c0793d5bd36dd25ac51b0c394cc0b8b6e5c8ebb,linux1804-64-shippable-qr,True,False,,,102210fe594ee9b33d82058545b1ed14f4c8206e,startup_about_home_paint,startup_about_home_paint,True,startup_about_home_paint opt e10s fission stylo webrender-sw,,6,,firefox,,1809130999,2023-12-09 09:16:34,933.0,0d0badd455a091e8a612c6d928c5bd21d9f1eb37,1345556,,,,,,,,,,,,,,,,,,,,,,,,,,,,,,,,,,,,,,,,,,,,,,,,,,TN,,,,,,,,,,
mozilla-beta,4788073,1,2c0793d5bd36dd25ac51b0c394cc0b8b6e5c8ebb,linux1804-64-shippable-qr,True,False,,,102210fe594ee9b33d82058545b1ed14f4c8206e,startup_about_home_paint,startup_about_home_paint,True,startup_about_home_paint opt e10s fission stylo webrender-sw,,6,,firefox,,1809314486,2023-12-09 20:09:11,938.0,6a9e312a931647090c6a0b9ec475aff210820f37,1345633,,,,,,,,,,,,,,,,,,,,,,,,,,,,,,,,,,,,,,,,,,,,,,,,,,TN,,,,,,,,,,
mozilla-beta,4788073,1,2c0793d5bd36dd25ac51b0c394cc0b8b6e5c8ebb,linux1804-64-shippable-qr,True,False,,,102210fe594ee9b33d82058545b1ed14f4c8206e,startup_about_home_paint,startup_about_home_paint,True,startup_about_home_paint opt e10s fission stylo webrender-sw,,6,,firefox,,1809397262,2023-12-10 09:18:35,954.0,3ddf53b5057afd7be06db2f104f6fafe714a95be,1345666,,,,,,,,,,,,,,,,,,,,,,,,,,,,,,,,,,,,,,,,,,,,,,,,,,TN,,,,,,,,,,
mozilla-beta,4788073,1,2c0793d5bd36dd25ac51b0c394cc0b8b6e5c8ebb,linux1804-64-shippable-qr,True,False,,,102210fe594ee9b33d82058545b1ed14f4c8206e,startup_about_home_paint,startup_about_home_paint,True,startup_about_home_paint opt e10s fission stylo webrender-sw,,6,,firefox,,1809597868,2023-12-11 09:17:58,966.0,bd5ca949886cdde37c181fccd3ec8070be726249,1345869,,,,,,,,,,,,,,,,,,,,,,,,,,,,,,,,,,,,,,,,,,,,,,,,,,TN,,,,,,,,,,
mozilla-beta,4788073,1,2c0793d5bd36dd25ac51b0c394cc0b8b6e5c8ebb,linux1804-64-shippable-qr,True,False,,,102210fe594ee9b33d82058545b1ed14f4c8206e,startup_about_home_paint,startup_about_home_paint,True,startup_about_home_paint opt e10s fission stylo webrender-sw,,6,,firefox,,1809730925,2023-12-11 13:31:00,952.0,ab6d9d1dae754aeedf99fe61fe143ffc088b5801,1346038,,,,,,,,,,,,,,,,,,,,,,,,,,,,,,,,,,,,,,,,,,,,,,,,,,TN,,,,,,,,,,
mozilla-beta,4788073,1,2c0793d5bd36dd25ac51b0c394cc0b8b6e5c8ebb,linux1804-64-shippable-qr,True,False,,,102210fe594ee9b33d82058545b1ed14f4c8206e,startup_about_home_paint,startup_about_home_paint,True,startup_about_home_paint opt e10s fission stylo webrender-sw,,6,,firefox,,1816157522,2023-12-11 17:02:26,935.0,692d0130ec5291f1d24d4a279e96d1daa4980bb9,1346225,,,,,,,,,,,,,,,,,,,,,,,,,,,,,,,,,,,,,,,,,,,,,,,,,,TN,,,,,,,,,,
mozilla-beta,4788073,1,2c0793d5bd36dd25ac51b0c394cc0b8b6e5c8ebb,linux1804-64-shippable-qr,True,False,,,102210fe594ee9b33d82058545b1ed14f4c8206e,startup_about_home_paint,startup_about_home_paint,True,startup_about_home_paint opt e10s fission stylo webrender-sw,,6,,firefox,,1816157548,2023-12-11 17:02:26,958.0,692d0130ec5291f1d24d4a279e96d1daa4980bb9,1346225,,,,,,,,,,,,,,,,,,,,,,,,,,,,,,,,,,,,,,,,,,,,,,,,,,TN,,,,,,,,,,
mozilla-beta,4788073,1,2c0793d5bd36dd25ac51b0c394cc0b8b6e5c8ebb,linux1804-64-shippable-qr,True,False,,,102210fe594ee9b33d82058545b1ed14f4c8206e,startup_about_home_paint,startup_about_home_paint,True,startup_about_home_paint opt e10s fission stylo webrender-sw,,6,,firefox,441497224.0,1817770506,2023-12-18 15:32:01,932.0,1f258ddd281c5658ba33f08cd8d4d738a82ba133,1350241,,,,,,,,,,,,,,,,,,,,,,,,,,,,,,,,,,,,,,,,,,,,,,,,,,TN,,,,,,,,,,
mozilla-beta,4788073,1,2c0793d5bd36dd25ac51b0c394cc0b8b6e5c8ebb,linux1804-64-shippable-qr,True,False,,,102210fe594ee9b33d82058545b1ed14f4c8206e,startup_about_home_paint,startup_about_home_paint,True,startup_about_home_paint opt e10s fission stylo webrender-sw,,6,,firefox,441497225.0,1817770849,2023-12-18 15:32:01,931.0,1f258ddd281c5658ba33f08cd8d4d738a82ba133,1350241,,,,,,,,,,,,,,,,,,,,,,,,,,,,,,,,,,,,,,,,,,,,,,,,,,TN,,,,,,,,,,
mozilla-beta,4788073,1,2c0793d5bd36dd25ac51b0c394cc0b8b6e5c8ebb,linux1804-64-shippable-qr,True,False,,,102210fe594ee9b33d82058545b1ed14f4c8206e,startup_about_home_paint,startup_about_home_paint,True,startup_about_home_paint opt e10s fission stylo webrender-sw,,6,,firefox,,1813796003,2023-12-18 15:32:01,943.0,1f258ddd281c5658ba33f08cd8d4d738a82ba133,1350241,,,,,,,,,,,,,,,,,,,,,,,,,,,,,,,,,,,,,,,,,,,,,,,,,,TN,,,,,,,,,,
mozilla-beta,4788073,1,2c0793d5bd36dd25ac51b0c394cc0b8b6e5c8ebb,linux1804-64-shippable-qr,True,False,,,102210fe594ee9b33d82058545b1ed14f4c8206e,startup_about_home_paint,startup_about_home_paint,True,startup_about_home_paint opt e10s fission stylo webrender-sw,,6,,firefox,,1816157893,2023-12-18 20:14:14,931.0,3483f72050b86fbe37d46845909b6a8913d18f88,1350499,,,,,,,,,,,,,,,,,,,,,,,,,,,,,,,,,,,,,,,,,,,,,,,,,,TN,,,,,,,,,,
mozilla-beta,4788073,1,2c0793d5bd36dd25ac51b0c394cc0b8b6e5c8ebb,linux1804-64-shippable-qr,True,False,,,102210fe594ee9b33d82058545b1ed14f4c8206e,startup_about_home_paint,startup_about_home_paint,True,startup_about_home_paint opt e10s fission stylo webrender-sw,,6,,firefox,,1816157872,2023-12-18 20:14:14,935.0,3483f72050b86fbe37d46845909b6a8913d18f88,1350499,,,,,,,,,,,,,,,,,,,,,,,,,,,,,,,,,,,,,,,,,,,,,,,,,,TN,,,,,,,,,,
mozilla-beta,4788073,1,2c0793d5bd36dd25ac51b0c394cc0b8b6e5c8ebb,linux1804-64-shippable-qr,True,False,,,102210fe594ee9b33d82058545b1ed14f4c8206e,startup_about_home_paint,startup_about_home_paint,True,startup_about_home_paint opt e10s fission stylo webrender-sw,,6,,firefox,,1816150539,2023-12-18 20:21:59,939.0,91e1cf94a3091fa398b4ca4136b7108bf1bff04f,1350502,,,,,,,,,,,,,,,,,,,,,,,,,,,,,,,,,,,,,,,,,,,,,,,,,,TN,,,,,,,,,,
mozilla-beta,4788073,1,2c0793d5bd36dd25ac51b0c394cc0b8b6e5c8ebb,linux1804-64-shippable-qr,True,False,,,102210fe594ee9b33d82058545b1ed14f4c8206e,startup_about_home_paint,startup_about_home_paint,True,startup_about_home_paint opt e10s fission stylo webrender-sw,,6,,firefox,,1816150519,2023-12-18 20:21:59,932.0,91e1cf94a3091fa398b4ca4136b7108bf1bff04f,1350502,,,,,,,,,,,,,,,,,,,,,,,,,,,,,,,,,,,,,,,,,,,,,,,,,,TN,,,,,,,,,,
mozilla-beta,4788073,1,2c0793d5bd36dd25ac51b0c394cc0b8b6e5c8ebb,linux1804-64-shippable-qr,True,False,,,102210fe594ee9b33d82058545b1ed14f4c8206e,startup_about_home_paint,startup_about_home_paint,True,startup_about_home_paint opt e10s fission stylo webrender-sw,,6,,firefox,,1814235142,2023-12-19 09:15:36,950.0,0152bfc35103b64cec60d0bd86912c290c913997,1350796,,,,,,,,,,,,,,,,,,,,,,,,,,,,,,,,,,,,,,,,,,,,,,,,,,TN,,,,,,,,,,
mozilla-beta,4788073,1,2c0793d5bd36dd25ac51b0c394cc0b8b6e5c8ebb,linux1804-64-shippable-qr,True,False,,,102210fe594ee9b33d82058545b1ed14f4c8206e,startup_about_home_paint,startup_about_home_paint,True,startup_about_home_paint opt e10s fission stylo webrender-sw,,6,,firefox,,1816168163,2023-12-19 13:18:31,963.0,e264fd8934b28f5b9021b9ed32e1ad09db45cc66,1350902,,,,,,,,,,,,,,,,,,,,,,,,,,,,,,,,,,,,,,,,,,,,,,,,,,TN,,,,,,,,,,
mozilla-beta,4788073,1,2c0793d5bd36dd25ac51b0c394cc0b8b6e5c8ebb,linux1804-64-shippable-qr,True,False,,,102210fe594ee9b33d82058545b1ed14f4c8206e,startup_about_home_paint,startup_about_home_paint,True,startup_about_home_paint opt e10s fission stylo webrender-sw,,6,,firefox,,1816168182,2023-12-19 13:18:31,929.0,e264fd8934b28f5b9021b9ed32e1ad09db45cc66,1350902,,,,,,,,,,,,,,,,,,,,,,,,,,,,,,,,,,,,,,,,,,,,,,,,,,TN,,,,,,,,,,
mozilla-beta,4788073,1,2c0793d5bd36dd25ac51b0c394cc0b8b6e5c8ebb,linux1804-64-shippable-qr,True,False,,,102210fe594ee9b33d82058545b1ed14f4c8206e,startup_about_home_paint,startup_about_home_paint,True,startup_about_home_paint opt e10s fission stylo webrender-sw,,6,,firefox,,1816148969,2023-12-19 13:25:46,934.0,78726618fc6ff6642f39edcecf6e92b0cc4a46c1,1350910,,,,,,,,,,,,,,,,,,,,,,,,,,,,,,,,,,,,,,,,,,,,,,,,,,TN,,,,,,,,,,
mozilla-beta,4788073,1,2c0793d5bd36dd25ac51b0c394cc0b8b6e5c8ebb,linux1804-64-shippable-qr,True,False,,,102210fe594ee9b33d82058545b1ed14f4c8206e,startup_about_home_paint,startup_about_home_paint,True,startup_about_home_paint opt e10s fission stylo webrender-sw,,6,,firefox,,1816149095,2023-12-19 13:25:46,970.0,78726618fc6ff6642f39edcecf6e92b0cc4a46c1,1350910,,,,,,,,,,,,,,,,,,,,,,,,,,,,,,,,,,,,,,,,,,,,,,,,,,TN,,,,,,,,,,
mozilla-beta,4788073,1,2c0793d5bd36dd25ac51b0c394cc0b8b6e5c8ebb,linux1804-64-shippable-qr,True,False,,,102210fe594ee9b33d82058545b1ed14f4c8206e,startup_about_home_paint,startup_about_home_paint,True,startup_about_home_paint opt e10s fission stylo webrender-sw,,6,,firefox,,1814438207,2023-12-19 14:05:23,956.0,f3221cd6b4cb549c114cd0f89b5b931761fd2d2f,1350931,,,,,,,,,,,,,,,,,,,,,,,,,,,,,,,,,,,,,,,,,,,,,,,,,,TN,,,,,,,,,,
mozilla-beta,4788073,1,2c0793d5bd36dd25ac51b0c394cc0b8b6e5c8ebb,linux1804-64-shippable-qr,True,False,,,102210fe594ee9b33d82058545b1ed14f4c8206e,startup_about_home_paint,startup_about_home_paint,True,startup_about_home_paint opt e10s fission stylo webrender-sw,,6,,firefox,,1814582205,2023-12-19 17:44:05,954.0,48d2052b377a35b0f40e52b8efad5e0ea10e0ebe,1351107,,,,,,,,,,,,,,,,,,,,,,,,,,,,,,,,,,,,,,,,,,,,,,,,,,TN,,,,,,,,,,
mozilla-beta,4788073,1,2c0793d5bd36dd25ac51b0c394cc0b8b6e5c8ebb,linux1804-64-shippable-qr,True,False,,,102210fe594ee9b33d82058545b1ed14f4c8206e,startup_about_home_paint,startup_about_home_paint,True,startup_about_home_paint opt e10s fission stylo webrender-sw,,6,,firefox,,1814635793,2023-12-19 20:10:25,951.0,2804a1edd2e2b165a9d83b4c7956d9257fcd9173,1351235,,,,,,,,,,,,,,,,,,,,,,,,,,,,,,,,,,,,,,,,,,,,,,,,,,TN,,,,,,,,,,
mozilla-beta,4788073,1,2c0793d5bd36dd25ac51b0c394cc0b8b6e5c8ebb,linux1804-64-shippable-qr,True,False,,,102210fe594ee9b33d82058545b1ed14f4c8206e,startup_about_home_paint,startup_about_home_paint,True,startup_about_home_paint opt e10s fission stylo webrender-sw,,6,,firefox,,1814701264,2023-12-19 22:08:30,943.0,b7ece1e33b35ebd16a925d6ecc739c3ad77dd1f4,1351304,,,,,,,,,,,,,,,,,,,,,,,,,,,,,,,,,,,,,,,,,,,,,,,,,,TN,,,,,,,,,,
mozilla-beta,4788073,1,2c0793d5bd36dd25ac51b0c394cc0b8b6e5c8ebb,linux1804-64-shippable-qr,True,False,,,102210fe594ee9b33d82058545b1ed14f4c8206e,startup_about_home_paint,startup_about_home_paint,True,startup_about_home_paint opt e10s fission stylo webrender-sw,,6,,firefox,,1814744785,2023-12-19 23:29:52,930.0,38d6648efdab35f24c45e4cace5abbbced639cac,1351361,,,,,,,,,,,,,,,,,,,,,,,,,,,,,,,,,,,,,,,,,,,,,,,,,,TN,,,,,,,,,,
mozilla-beta,4788073,1,2c0793d5bd36dd25ac51b0c394cc0b8b6e5c8ebb,linux1804-64-shippable-qr,True,False,,,102210fe594ee9b33d82058545b1ed14f4c8206e,startup_about_home_paint,startup_about_home_paint,True,startup_about_home_paint opt e10s fission stylo webrender-sw,,6,,firefox,,1814792831,2023-12-20 00:43:23,950.0,801d50e1262aeaa95f7cefd05aa6f1b1f38a2839,1351404,,,,,,,,,,,,,,,,,,,,,,,,,,,,,,,,,,,,,,,,,,,,,,,,,,TN,,,,,,,,,,
mozilla-beta,4788073,1,2c0793d5bd36dd25ac51b0c394cc0b8b6e5c8ebb,linux1804-64-shippable-qr,True,False,,,102210fe594ee9b33d82058545b1ed14f4c8206e,startup_about_home_paint,startup_about_home_paint,True,startup_about_home_paint opt e10s fission stylo webrender-sw,,6,,firefox,,1815044969,2023-12-20 09:15:47,941.0,b59f4253f067b27b8146f50070dab45b1ae1143d,1351516,,,,,,,,,,,,,,,,,,,,,,,,,,,,,,,,,,,,,,,,,,,,,,,,,,TN,,,,,,,,,,
mozilla-beta,4788073,1,2c0793d5bd36dd25ac51b0c394cc0b8b6e5c8ebb,linux1804-64-shippable-qr,True,False,,,102210fe594ee9b33d82058545b1ed14f4c8206e,startup_about_home_paint,startup_about_home_paint,True,startup_about_home_paint opt e10s fission stylo webrender-sw,,6,,firefox,,1815347486,2023-12-20 18:29:59,944.0,d232be861a328e78800a0cf688cb1e0fc4b6d7b1,1351847,,,,,,,,,,,,,,,,,,,,,,,,,,,,,,,,,,,,,,,,,,,,,,,,,,TN,,,,,,,,,,
mozilla-beta,4788073,1,2c0793d5bd36dd25ac51b0c394cc0b8b6e5c8ebb,linux1804-64-shippable-qr,True,False,,,102210fe594ee9b33d82058545b1ed14f4c8206e,startup_about_home_paint,startup_about_home_paint,True,startup_about_home_paint opt e10s fission stylo webrender-sw,,6,,firefox,,1815697781,2023-12-21 09:13:55,935.0,e22171c631916516af9850a4517e112b47e1ee4d,1352196,,,,,,,,,,,,,,,,,,,,,,,,,,,,,,,,,,,,,,,,,,,,,,,,,,TN,,,,,,,,,,
mozilla-beta,4788073,1,2c0793d5bd36dd25ac51b0c394cc0b8b6e5c8ebb,linux1804-64-shippable-qr,True,False,,,102210fe594ee9b33d82058545b1ed14f4c8206e,startup_about_home_paint,startup_about_home_paint,True,startup_about_home_paint opt e10s fission stylo webrender-sw,,6,,firefox,,1815889755,2023-12-21 14:05:30,939.0,166a76402d36808fc0d3213ae9b04c79a022ecb2,1352334,,,,,,,,,,,,,,,,,,,,,,,,,,,,,,,,,,,,,,,,,,,,,,,,,,TN,,,,,,,,,,
mozilla-beta,4788073,1,2c0793d5bd36dd25ac51b0c394cc0b8b6e5c8ebb,linux1804-64-shippable-qr,True,False,,,102210fe594ee9b33d82058545b1ed14f4c8206e,startup_about_home_paint,startup_about_home_paint,True,startup_about_home_paint opt e10s fission stylo webrender-sw,,6,,firefox,,1815925143,2023-12-21 15:57:13,946.0,92e67500ede8a4679cee7310bd6f47e6a8864f7f,1352385,,,,,,,,,,,,,,,,,,,,,,,,,,,,,,,,,,,,,,,,,,,,,,,,,,TN,,,,,,,,,,
mozilla-beta,4788073,1,2c0793d5bd36dd25ac51b0c394cc0b8b6e5c8ebb,linux1804-64-shippable-qr,True,False,,,102210fe594ee9b33d82058545b1ed14f4c8206e,startup_about_home_paint,startup_about_home_paint,True,startup_about_home_paint opt e10s fission stylo webrender-sw,,6,,firefox,,1816256501,2023-12-22 09:19:04,963.0,1c60f9444193c2214d05b990ca8de5f21602c02d,1352815,,,,,,,,,,,,,,,,,,,,,,,,,,,,,,,,,,,,,,,,,,,,,,,,,,TN,,,,,,,,,,
mozilla-beta,4788073,1,2c0793d5bd36dd25ac51b0c394cc0b8b6e5c8ebb,linux1804-64-shippable-qr,True,False,,,102210fe594ee9b33d82058545b1ed14f4c8206e,startup_about_home_paint,startup_about_home_paint,True,startup_about_home_paint opt e10s fission stylo webrender-sw,,6,,firefox,,1816681294,2023-12-23 09:18:03,950.0,ebe8cd77bd6265537942ecc0fd5929b39a183349,1353219,,,,,,,,,,,,,,,,,,,,,,,,,,,,,,,,,,,,,,,,,,,,,,,,,,TN,,,,,,,,,,
mozilla-beta,4788073,1,2c0793d5bd36dd25ac51b0c394cc0b8b6e5c8ebb,linux1804-64-shippable-qr,True,False,,,102210fe594ee9b33d82058545b1ed14f4c8206e,startup_about_home_paint,startup_about_home_paint,True,startup_about_home_paint opt e10s fission stylo webrender-sw,,6,,firefox,,1816737695,2023-12-23 13:08:04,945.0,bf3d8bf27ed2607d79aeb394073c1f5f724d486f,1353232,,,,,,,,,,,,,,,,,,,,,,,,,,,,,,,,,,,,,,,,,,,,,,,,,,TN,,,,,,,,,,
mozilla-beta,4788073,1,2c0793d5bd36dd25ac51b0c394cc0b8b6e5c8ebb,linux1804-64-shippable-qr,True,False,,,102210fe594ee9b33d82058545b1ed14f4c8206e,startup_about_home_paint,startup_about_home_paint,True,startup_about_home_paint opt e10s fission stylo webrender-sw,,6,,firefox,,1816873230,2023-12-24 09:20:14,949.0,3950331ebe49694e7238b420c47f6a01427be159,1353292,,,,,,,,,,,,,,,,,,,,,,,,,,,,,,,,,,,,,,,,,,,,,,,,,,TN,,,,,,,,,,
mozilla-beta,4788073,1,2c0793d5bd36dd25ac51b0c394cc0b8b6e5c8ebb,linux1804-64-shippable-qr,True,False,,,102210fe594ee9b33d82058545b1ed14f4c8206e,startup_about_home_paint,startup_about_home_paint,True,startup_about_home_paint opt e10s fission stylo webrender-sw,,6,,firefox,,1816933923,2023-12-24 14:21:21,957.0,32cf5092b68da66884e036eed5ee6916662a069d,1353309,,,,,,,,,,,,,,,,,,,,,,,,,,,,,,,,,,,,,,,,,,,,,,,,,,TN,,,,,,,,,,
mozilla-beta,4788073,1,2c0793d5bd36dd25ac51b0c394cc0b8b6e5c8ebb,linux1804-64-shippable-qr,True,False,,,102210fe594ee9b33d82058545b1ed14f4c8206e,startup_about_home_paint,startup_about_home_paint,True,startup_about_home_paint opt e10s fission stylo webrender-sw,,6,,firefox,,1816975366,2023-12-24 18:08:55,945.0,b746eaca3b44cb1c2649d868cc61b8d32dbcea85,1353316,,,,,,,,,,,,,,,,,,,,,,,,,,,,,,,,,,,,,,,,,,,,,,,,,,TN,,,,,,,,,,
mozilla-beta,4788073,1,2c0793d5bd36dd25ac51b0c394cc0b8b6e5c8ebb,linux1804-64-shippable-qr,True,False,,,102210fe594ee9b33d82058545b1ed14f4c8206e,startup_about_home_paint,startup_about_home_paint,True,startup_about_home_paint opt e10s fission stylo webrender-sw,,6,,firefox,,1817109512,2023-12-25 09:20:40,941.0,c2d411c2cd6807243bf48a2e91da535433fe96d9,1353352,,,,,,,,,,,,,,,,,,,,,,,,,,,,,,,,,,,,,,,,,,,,,,,,,,TN,,,,,,,,,,
mozilla-beta,4788073,1,2c0793d5bd36dd25ac51b0c394cc0b8b6e5c8ebb,linux1804-64-shippable-qr,True,False,,,102210fe594ee9b33d82058545b1ed14f4c8206e,startup_about_home_paint,startup_about_home_paint,True,startup_about_home_paint opt e10s fission stylo webrender-sw,,6,,firefox,441405470.0,1817393168,2023-12-26 09:17:04,948.0,774defdd83b1cc70bc4bfd2d8e8ac399356ba060,1353474,,,,,,,,,,,,,,,,,,,,,,,,,,,,,,,,,,,,,,,,,,,,,,,,,,TN,,,,,,,,,,
mozilla-beta,4788073,1,2c0793d5bd36dd25ac51b0c394cc0b8b6e5c8ebb,linux1804-64-shippable-qr,True,False,,,102210fe594ee9b33d82058545b1ed14f4c8206e,startup_about_home_paint,startup_about_home_paint,True,startup_about_home_paint opt e10s fission stylo webrender-sw,,6,,firefox,441463346.0,1817609825,2023-12-27 09:15:52,944.0,6a0b69643235fb22627489e7db8f064a3d6eb07a,1353610,,,,,,,,,,,,,,,,,,,,,,,,,,,,,,,,,,,,,,,,,,,,,,,,,,TN,,,,,,,,,,
mozilla-beta,4788073,1,2c0793d5bd36dd25ac51b0c394cc0b8b6e5c8ebb,linux1804-64-shippable-qr,True,False,,,102210fe594ee9b33d82058545b1ed14f4c8206e,startup_about_home_paint,startup_about_home_paint,True,startup_about_home_paint opt e10s fission stylo webrender-sw,,6,,firefox,441493727.0,1817744543,2023-12-27 15:04:24,953.0,27ca88feead4203bdc5c0f36f4f34268d3605b28,1353655,,,,,,,,,,,,,,,,,,,,,,,,,,,,,,,,,,,,,,,,,,,,,,,,,,TN,,,,,,,,,,
mozilla-beta,4788073,1,2c0793d5bd36dd25ac51b0c394cc0b8b6e5c8ebb,linux1804-64-shippable-qr,True,False,,,102210fe594ee9b33d82058545b1ed14f4c8206e,startup_about_home_paint,startup_about_home_paint,True,startup_about_home_paint opt e10s fission stylo webrender-sw,,6,,firefox,441542790.0,1817961560,2023-12-28 09:18:43,966.0,6e491630343186350032a55e62c782032d28449e,1353829,,,,,,,,,,,,,,,,,,,,,,,,,,,,,,,,,,,,,,,,,,,,,,,,,,TN,,,,,,,,,,
mozilla-beta,4788073,1,2c0793d5bd36dd25ac51b0c394cc0b8b6e5c8ebb,linux1804-64-shippable-qr,True,False,,,102210fe594ee9b33d82058545b1ed14f4c8206e,startup_about_home_paint,startup_about_home_paint,True,startup_about_home_paint opt e10s fission stylo webrender-sw,,6,,firefox,441554193.0,1818027781,2023-12-28 13:58:06,933.0,abd0b579c448559e2125c126d9b455b2b4766535,1353836,,,,,,,,,,,,,,,,,,,,,,,,,,,,,,,,,,,,,,,,,,,,,,,,,,TN,,,,,,,,,,
mozilla-beta,4788073,1,2c0793d5bd36dd25ac51b0c394cc0b8b6e5c8ebb,linux1804-64-shippable-qr,True,False,,,102210fe594ee9b33d82058545b1ed14f4c8206e,startup_about_home_paint,startup_about_home_paint,True,startup_about_home_paint opt e10s fission stylo webrender-sw,,6,,firefox,441568587.0,1818130320,2023-12-28 16:36:48,947.0,771a2196d9a139556d6528d78e62711fb8f9127c,1353845,,,,,,,,,,,,,,,,,,,,,,,,,,,,,,,,,,,,,,,,,,,,,,,,,,TN,,,,,,,,,,
mozilla-beta,4788073,1,2c0793d5bd36dd25ac51b0c394cc0b8b6e5c8ebb,linux1804-64-shippable-qr,True,False,,,102210fe594ee9b33d82058545b1ed14f4c8206e,startup_about_home_paint,startup_about_home_paint,True,startup_about_home_paint opt e10s fission stylo webrender-sw,,6,,firefox,441625916.0,1818393826,2023-12-29 09:15:51,941.0,3ac9c7492298abed5fbb594e32f30336517bf0f7,1354119,,,,,,,,,,,,,,,,,,,,,,,,,,,,,,,,,,,,,,,,,,,,,,,,,,TN,,,,,,,,,,
mozilla-beta,4788073,1,2c0793d5bd36dd25ac51b0c394cc0b8b6e5c8ebb,linux1804-64-shippable-qr,True,False,,,102210fe594ee9b33d82058545b1ed14f4c8206e,startup_about_home_paint,startup_about_home_paint,True,startup_about_home_paint opt e10s fission stylo webrender-sw,,6,,firefox,441674073.0,1818540024,2023-12-29 16:44:10,938.0,4031612cf0c85769716c58ec8fe3ac662dcd7e09,1354191,,,,,,,,,,,,,,,,,,,,,,,,,,,,,,,,,,,,,,,,,,,,,,,,,,TN,,,,,,,,,,
mozilla-beta,4788073,1,2c0793d5bd36dd25ac51b0c394cc0b8b6e5c8ebb,linux1804-64-shippable-qr,True,False,,,102210fe594ee9b33d82058545b1ed14f4c8206e,startup_about_home_paint,startup_about_home_paint,True,startup_about_home_paint opt e10s fission stylo webrender-sw,,6,,firefox,441726171.0,1818756357,2023-12-30 09:19:21,942.0,cdce8efb5ae9f353e88bc7867b70cae181f78353,1354361,,,,,,,,,,,,,,,,,,,,,,,,,,,,,,,,,,,,,,,,,,,,,,,,,,TN,,,,,,,,,,
mozilla-beta,4788073,1,2c0793d5bd36dd25ac51b0c394cc0b8b6e5c8ebb,linux1804-64-shippable-qr,True,False,,,102210fe594ee9b33d82058545b1ed14f4c8206e,startup_about_home_paint,startup_about_home_paint,True,startup_about_home_paint opt e10s fission stylo webrender-sw,,6,,firefox,441756856.0,1818855370,2023-12-30 16:43:07,978.0,1d19517b592a0b31570d9442a4a8a5d8cc667f66,1354390,,,,,,,,,,,,,,,,,,,,,,,,,,,,,,,,,,,,,,,,,,,,,,,,,,TN,,,,,,,,,,
mozilla-beta,4788073,1,2c0793d5bd36dd25ac51b0c394cc0b8b6e5c8ebb,linux1804-64-shippable-qr,True,False,,,102210fe594ee9b33d82058545b1ed14f4c8206e,startup_about_home_paint,startup_about_home_paint,True,startup_about_home_paint opt e10s fission stylo webrender-sw,,6,,firefox,441793424.0,1819061524,2023-12-31 09:19:49,957.0,70a4581491ae3cc33cfb0408af55077a2f3aaaf9,1354445,,,,,,,,,,,,,,,,,,,,,,,,,,,,,,,,,,,,,,,,,,,,,,,,,,TN,,,,,,,,,,
mozilla-beta,4788073,1,2c0793d5bd36dd25ac51b0c394cc0b8b6e5c8ebb,linux1804-64-shippable-qr,True,False,,,102210fe594ee9b33d82058545b1ed14f4c8206e,startup_about_home_paint,startup_about_home_paint,True,startup_about_home_paint opt e10s fission stylo webrender-sw,,6,,firefox,441809442.0,1819118156,2023-12-31 16:07:45,931.0,3b8c3b52e3cc57b9e1c6d2346428768905531486,1354468,,,,,,,,,,,,,,,,,,,,,,,,,,,,,,,,,,,,,,,,,,,,,,,,,,TN,,,,,,,,,,
mozilla-beta,4788073,1,2c0793d5bd36dd25ac51b0c394cc0b8b6e5c8ebb,linux1804-64-shippable-qr,True,False,,,102210fe594ee9b33d82058545b1ed14f4c8206e,startup_about_home_paint,startup_about_home_paint,True,startup_about_home_paint opt e10s fission stylo webrender-sw,,6,,firefox,441851494.0,1819302367,2024-01-01 09:16:50,931.0,d574fe402f781ac71cbaa148e64720d7afce55ad,1354535,,,,,,,,,,,,,,,,,,,,,,,,,,,,,,,,,,,,,,,,,,,,,,,,,,TN,,,,,,,,,,
mozilla-beta,4788073,1,2c0793d5bd36dd25ac51b0c394cc0b8b6e5c8ebb,linux1804-64-shippable-qr,True,False,,,102210fe594ee9b33d82058545b1ed14f4c8206e,startup_about_home_paint,startup_about_home_paint,True,startup_about_home_paint opt e10s fission stylo webrender-sw,,6,,firefox,441884584.0,1819475012,2024-01-02 09:17:57,949.0,c734b9367c9411770b4b8a55868a17b22d493b31,1354631,,,,,,,,,,,,,,,,,,,,,,,,,,,,,,,,,,,,,,,,,,,,,,,,,,TN,,,,,,,,,,
mozilla-beta,4788073,1,2c0793d5bd36dd25ac51b0c394cc0b8b6e5c8ebb,linux1804-64-shippable-qr,True,False,,,102210fe594ee9b33d82058545b1ed14f4c8206e,startup_about_home_paint,startup_about_home_paint,True,startup_about_home_paint opt e10s fission stylo webrender-sw,,6,,firefox,441926246.0,1819593241,2024-01-02 14:35:27,948.0,a513ab11b0aaecdeff1b63357ba724e0c5f25486,1354755,,,,,,,,,,,,,,,,,,,,,,,,,,,,,,,,,,,,,,,,,,,,,,,,,,TN,,,,,,,,,,
mozilla-beta,4788073,1,2c0793d5bd36dd25ac51b0c394cc0b8b6e5c8ebb,linux1804-64-shippable-qr,True,False,,,102210fe594ee9b33d82058545b1ed14f4c8206e,startup_about_home_paint,startup_about_home_paint,True,startup_about_home_paint opt e10s fission stylo webrender-sw,,6,,firefox,441940800.0,1819676021,2024-01-02 17:25:43,933.0,f39f01284ccdd75760c8b9f303074ec62e1e4b76,1354852,,,,,,,,,,,,,,,,,,,,,,,,,,,,,,,,,,,,,,,,,,,,,,,,,,TN,,,,,,,,,,
mozilla-beta,4788073,1,2c0793d5bd36dd25ac51b0c394cc0b8b6e5c8ebb,linux1804-64-shippable-qr,True,False,,,102210fe594ee9b33d82058545b1ed14f4c8206e,startup_about_home_paint,startup_about_home_paint,True,startup_about_home_paint opt e10s fission stylo webrender-sw,,6,,firefox,441947670.0,1819718940,2024-01-02 18:54:52,938.0,cabd1794168d6cacdf7c9608c179db5754c4577a,1354898,,,,,,,,,,,,,,,,,,,,,,,,,,,,,,,,,,,,,,,,,,,,,,,,,,TN,,,,,,,,,,
mozilla-beta,4788073,1,2c0793d5bd36dd25ac51b0c394cc0b8b6e5c8ebb,linux1804-64-shippable-qr,True,False,,,102210fe594ee9b33d82058545b1ed14f4c8206e,startup_about_home_paint,startup_about_home_paint,True,startup_about_home_paint opt e10s fission stylo webrender-sw,,6,,firefox,441998774.0,1819928496,2024-01-03 09:14:24,965.0,61e3c5bd45677be9e6d96ecf27802bfdca8d27c9,1355076,,,,,,,,,,,,,,,,,,,,,,,,,,,,,,,,,,,,,,,,,,,,,,,,,,TN,,,,,,,,,,
mozilla-beta,4788073,1,2c0793d5bd36dd25ac51b0c394cc0b8b6e5c8ebb,linux1804-64-shippable-qr,True,False,,,102210fe594ee9b33d82058545b1ed14f4c8206e,startup_about_home_paint,startup_about_home_paint,True,startup_about_home_paint opt e10s fission stylo webrender-sw,,6,,firefox,442124239.0,1820438578,2024-01-04 09:15:57,954.0,ce04c347f4fd2a7d1eecd4f07bf6021a57c81bf5,1355534,,,,,,,,,,,,,,,,,,,,,,,,,,,,,,,,,,,,,,,,,,,,,,,,,,TN,,,,,,,,,,
mozilla-beta,4788073,1,2c0793d5bd36dd25ac51b0c394cc0b8b6e5c8ebb,linux1804-64-shippable-qr,True,False,,,102210fe594ee9b33d82058545b1ed14f4c8206e,startup_about_home_paint,startup_about_home_paint,True,startup_about_home_paint opt e10s fission stylo webrender-sw,,6,,firefox,442168027.0,1820570734,2024-01-04 14:58:07,925.0,906e2d5a9cd68ea63b45a4fa631ac9c9b8e36d2d,1355672,,,,,,,,,,,,,,,,,,,,,,,,,,,,,,,,,,,,,,,,,,,,,,,,,,TN,,,,,,,,,,
mozilla-beta,4788073,1,2c0793d5bd36dd25ac51b0c394cc0b8b6e5c8ebb,linux1804-64-shippable-qr,True,False,,,102210fe594ee9b33d82058545b1ed14f4c8206e,startup_about_home_paint,startup_about_home_paint,True,startup_about_home_paint opt e10s fission stylo webrender-sw,,6,,firefox,442182047.0,1820643012,2024-01-04 16:53:04,935.0,32b176eac997edeb8ab017935a010c47614cfc76,1355759,,,,,,,,,,,,,,,,,,,,,,,,,,,,,,,,,,,,,,,,,,,,,,,,,,TN,,,,,,,,,,
mozilla-beta,4788073,1,2c0793d5bd36dd25ac51b0c394cc0b8b6e5c8ebb,linux1804-64-shippable-qr,True,False,,,102210fe594ee9b33d82058545b1ed14f4c8206e,startup_about_home_paint,startup_about_home_paint,True,startup_about_home_paint opt e10s fission stylo webrender-sw,,6,,firefox,442203368.0,1820740927,2024-01-04 20:03:49,954.0,3f5e8c91e6991a90fd63431eef19bf49d39d4f47,1355880,,,,,,,,,,,,,,,,,,,,,,,,,,,,,,,,,,,,,,,,,,,,,,,,,,TN,,,,,,,,,,
mozilla-beta,4788073,1,2c0793d5bd36dd25ac51b0c394cc0b8b6e5c8ebb,linux1804-64-shippable-qr,True,False,,,102210fe594ee9b33d82058545b1ed14f4c8206e,startup_about_home_paint,startup_about_home_paint,True,startup_about_home_paint opt e10s fission stylo webrender-sw,,6,,firefox,442240820.0,1820927218,2024-01-05 01:09:39,967.0,50a511fceab95e6b9ab40bea401c53de8de48345,1356047,,,,,,,,,,,,,,,,,,,,,,,,,,,,,,,,,,,,,,,,,,,,,,,,,,TN,,,,,,,,,,
mozilla-beta,4788073,1,2c0793d5bd36dd25ac51b0c394cc0b8b6e5c8ebb,linux1804-64-shippable-qr,True,False,,,102210fe594ee9b33d82058545b1ed14f4c8206e,startup_about_home_paint,startup_about_home_paint,True,startup_about_home_paint opt e10s fission stylo webrender-sw,,6,,firefox,442270766.0,1821109220,2024-01-05 09:16:09,945.0,4dd67d833673e72bfe942beefb346a5533803217,1356158,,,,,,,,,,,,,,,,,,,,,,,,,,,,,,,,,,,,,,,,,,,,,,,,,,TN,,,,,,,,,,
mozilla-beta,4788073,1,2c0793d5bd36dd25ac51b0c394cc0b8b6e5c8ebb,linux1804-64-shippable-qr,True,False,,,102210fe594ee9b33d82058545b1ed14f4c8206e,startup_about_home_paint,startup_about_home_paint,True,startup_about_home_paint opt e10s fission stylo webrender-sw,,6,,firefox,442343741.0,1821341090,2024-01-05 18:22:11,933.0,ac8ebcaf2a5b7ea753e5da4e1a2f97176783acde,1356402,,,,,,,,,,,,,,,,,,,,,,,,,,,,,,,,,,,,,,,,,,,,,,,,,,TN,,,,,,,,,,
mozilla-beta,4788073,1,2c0793d5bd36dd25ac51b0c394cc0b8b6e5c8ebb,linux1804-64-shippable-qr,True,False,,,102210fe594ee9b33d82058545b1ed14f4c8206e,startup_about_home_paint,startup_about_home_paint,True,startup_about_home_paint opt e10s fission stylo webrender-sw,,6,,firefox,442356616.0,1821407566,2024-01-05 20:49:22,935.0,58135a2e05a61896dedbfdb92828f8447dd08839,1356458,,,,,,,,,,,,,,,,,,,,,,,,,,,,,,,,,,,,,,,,,,,,,,,,,,TN,,,,,,,,,,
mozilla-beta,4788073,1,2c0793d5bd36dd25ac51b0c394cc0b8b6e5c8ebb,linux1804-64-shippable-qr,True,False,,,102210fe594ee9b33d82058545b1ed14f4c8206e,startup_about_home_paint,startup_about_home_paint,True,startup_about_home_paint opt e10s fission stylo webrender-sw,,6,,firefox,442383218.0,1821514551,2024-01-06 01:09:09,924.0,485470488b1abea00facf0175c325c8d063e4977,1356562,,,,,,,,,,,,,,,,,,,,,,,,,,,,,,,,,,,,,,,,,,,,,,,,,,TN,,,,,,,,,,
mozilla-beta,4788073,1,2c0793d5bd36dd25ac51b0c394cc0b8b6e5c8ebb,linux1804-64-shippable-qr,True,False,,,102210fe594ee9b33d82058545b1ed14f4c8206e,startup_about_home_paint,startup_about_home_paint,True,startup_about_home_paint opt e10s fission stylo webrender-sw,,6,,firefox,442399323.0,1821626225,2024-01-06 09:15:28,941.0,9c528f6a2d3f298f85c0fbfb5dbf90c07c731bde,1356605,,,,,,,,,,,,,,,,,,,,,,,,,,,,,,,,,,,,,,,,,,,,,,,,,,TN,,,,,,,,,,
mozilla-beta,4788073,1,2c0793d5bd36dd25ac51b0c394cc0b8b6e5c8ebb,linux1804-64-shippable-qr,True,False,,,102210fe594ee9b33d82058545b1ed14f4c8206e,startup_about_home_paint,startup_about_home_paint,True,startup_about_home_paint opt e10s fission stylo webrender-sw,,6,,firefox,442421620.0,1821714636,2024-01-06 15:19:54,915.0,2e9b153efbb6f856c8ed87b95cf1ac9dd20a45b7,1356645,,,,,,,,,,,,,,,,,,,,,,,,,,,,,,,,,,,,,,,,,,,,,,,,,,TN,,,,,,,,,,
mozilla-beta,4788073,1,2c0793d5bd36dd25ac51b0c394cc0b8b6e5c8ebb,linux1804-64-shippable-qr,True,False,,,102210fe594ee9b33d82058545b1ed14f4c8206e,startup_about_home_paint,startup_about_home_paint,True,startup_about_home_paint opt e10s fission stylo webrender-sw,,6,,firefox,442457731.0,1821868610,2024-01-07 09:17:56,916.0,5e75cc52b6ad48285de6f9fed2b0fb5794abfbd2,1356692,,,,,,,,,,,,,,,,,,,,,,,,,,,,,,,,,,,,,,,,,,,,,,,,,,TN,,,,,,,,,,
mozilla-beta,4788073,1,2c0793d5bd36dd25ac51b0c394cc0b8b6e5c8ebb,linux1804-64-shippable-qr,True,False,,,102210fe594ee9b33d82058545b1ed14f4c8206e,startup_about_home_paint,startup_about_home_paint,True,startup_about_home_paint opt e10s fission stylo webrender-sw,,6,,firefox,442473658.0,1821943142,2024-01-07 18:28:43,951.0,885ea847d3331c863d19212766658950b11e5407,1356730,,,,,,,,,,,,,,,,,,,,,,,,,,,,,,,,,,,,,,,,,,,,,,,,,,TN,,,,,,,,,,
mozilla-beta,4788073,1,2c0793d5bd36dd25ac51b0c394cc0b8b6e5c8ebb,linux1804-64-shippable-qr,True,False,,,102210fe594ee9b33d82058545b1ed14f4c8206e,startup_about_home_paint,startup_about_home_paint,True,startup_about_home_paint opt e10s fission stylo webrender-sw,,6,,firefox,442505002.0,1822130188,2024-01-08 09:17:55,935.0,ed03304f78a28b0a0ecf2c2c791a58bb2c37e2e1,1356809,,,,,,,,,,,,,,,,,,,,,,,,,,,,,,,,,,,,,,,,,,,,,,,,,,TN,,,,,,,,,,
mozilla-beta,4788073,1,2c0793d5bd36dd25ac51b0c394cc0b8b6e5c8ebb,linux1804-64-shippable-qr,True,False,,,102210fe594ee9b33d82058545b1ed14f4c8206e,startup_about_home_paint,startup_about_home_paint,True,startup_about_home_paint opt e10s fission stylo webrender-sw,,6,,firefox,442611323.0,1822528284,2024-01-08 22:54:52,911.0,cb26dd9df7797b99f7ec437a612c4ff4cd0ce0cb,1357275,,,,,,,,,,,,,,,,,,,,,,,,,,,,,,,,,,,,,,,,,,,,,,,,,,TN,,,,,,,,,,
mozilla-beta,4788073,1,2c0793d5bd36dd25ac51b0c394cc0b8b6e5c8ebb,linux1804-64-shippable-qr,True,False,,,102210fe594ee9b33d82058545b1ed14f4c8206e,startup_about_home_paint,startup_about_home_paint,True,startup_about_home_paint opt e10s fission stylo webrender-sw,,6,,firefox,442620424.0,1822555628,2024-01-08 23:52:49,935.0,c0d623436ac17c8638fcbb38b63ceb7fd275a48e,1357287,,,,,,,,,,,,,,,,,,,,,,,,,,,,,,,,,,,,,,,,,,,,,,,,,,TN,,,,,,,,,,
mozilla-beta,4788073,1,2c0793d5bd36dd25ac51b0c394cc0b8b6e5c8ebb,linux1804-64-shippable-qr,True,False,,,102210fe594ee9b33d82058545b1ed14f4c8206e,startup_about_home_paint,startup_about_home_paint,True,startup_about_home_paint opt e10s fission stylo webrender-sw,,6,,firefox,442658446.0,1822825663,2024-01-09 09:17:15,942.0,c9cd85e698c4e4cb8bbefc33ea5a425cbad37065,1357420,,,,,,,,,,,,,,,,,,,,,,,,,,,,,,,,,,,,,,,,,,,,,,,,,,TN,,,,,,,,,,
mozilla-beta,4788073,1,2c0793d5bd36dd25ac51b0c394cc0b8b6e5c8ebb,linux1804-64-shippable-qr,True,False,,,102210fe594ee9b33d82058545b1ed14f4c8206e,startup_about_home_paint,startup_about_home_paint,True,startup_about_home_paint opt e10s fission stylo webrender-sw,,6,,firefox,442696541.0,1822981012,2024-01-09 13:49:14,925.0,a767de77c36f2217078b0bfe677f2fd5156d2981,1357515,,,,,,,,,,,,,,,,,,,,,,,,,,,,,,,,,,,,,,,,,,,,,,,,,,TN,,,,,,,,,,
mozilla-beta,4788073,1,2c0793d5bd36dd25ac51b0c394cc0b8b6e5c8ebb,linux1804-64-shippable-qr,True,False,,,102210fe594ee9b33d82058545b1ed14f4c8206e,startup_about_home_paint,startup_about_home_paint,True,startup_about_home_paint opt e10s fission stylo webrender-sw,,6,,firefox,442716094.0,1823030063,2024-01-09 15:29:01,948.0,ae62b3513025e2c8ca8e1d2832fa67c1ff5f1d37,1357572,,,,,,,,,,,,,,,,,,,,,,,,,,,,,,,,,,,,,,,,,,,,,,,,,,TN,,,,,,,,,,
mozilla-beta,4788073,1,2c0793d5bd36dd25ac51b0c394cc0b8b6e5c8ebb,linux1804-64-shippable-qr,True,False,,,102210fe594ee9b33d82058545b1ed14f4c8206e,startup_about_home_paint,startup_about_home_paint,True,startup_about_home_paint opt e10s fission stylo webrender-sw,,6,,firefox,442729320.0,1823117602,2024-01-09 17:28:56,925.0,1c73ddceaf7f1ded154a275d7652f31cf7dbdcee,1357647,,,,,,,,,,,,,,,,,,,,,,,,,,,,,,,,,,,,,,,,,,,,,,,,,,TN,,,,,,,,,,
mozilla-beta,4788073,1,2c0793d5bd36dd25ac51b0c394cc0b8b6e5c8ebb,linux1804-64-shippable-qr,True,False,,,102210fe594ee9b33d82058545b1ed14f4c8206e,startup_about_home_paint,startup_about_home_paint,True,startup_about_home_paint opt e10s fission stylo webrender-sw,,6,,firefox,442757082.0,1823255215,2024-01-09 21:35:52,918.0,3415efad3e4089c6866cd14dd6e6020c0e00d28d,1357808,,,,,,,,,,,,,,,,,,,,,,,,,,,,,,,,,,,,,,,,,,,,,,,,,,TN,,,,,,,,,,
mozilla-beta,4788073,1,2c0793d5bd36dd25ac51b0c394cc0b8b6e5c8ebb,linux1804-64-shippable-qr,True,False,,,102210fe594ee9b33d82058545b1ed14f4c8206e,startup_about_home_paint,startup_about_home_paint,True,startup_about_home_paint opt e10s fission stylo webrender-sw,,6,,firefox,442806471.0,1823549228,2024-01-10 09:14:43,943.0,b8b36a4962ceb8a64e2b1379cfebb98d97f30db1,1358061,,,,,,,,,,,,,,,,,,,,,,,,,,,,,,,,,,,,,,,,,,,,,,,,,,TN,,,,,,,,,,
mozilla-beta,4788073,1,2c0793d5bd36dd25ac51b0c394cc0b8b6e5c8ebb,linux1804-64-shippable-qr,True,False,,,102210fe594ee9b33d82058545b1ed14f4c8206e,startup_about_home_paint,startup_about_home_paint,True,startup_about_home_paint opt e10s fission stylo webrender-sw,,6,,firefox,442871193.0,1823788446,2024-01-10 17:59:27,947.0,1c947b443a61a5c9c43752744026ea5a72952407,1358338,,,,,,,,,,,,,,,,,,,,,,,,,,,,,,,,,,,,,,,,,,,,,,,,,,TN,,,,,,,,,,
mozilla-beta,4788073,1,2c0793d5bd36dd25ac51b0c394cc0b8b6e5c8ebb,linux1804-64-shippable-qr,True,False,,,102210fe594ee9b33d82058545b1ed14f4c8206e,startup_about_home_paint,startup_about_home_paint,True,startup_about_home_paint opt e10s fission stylo webrender-sw,,6,,firefox,442885013.0,1823864485,2024-01-10 20:48:24,915.0,058f5ecca74f78917ffc085b9d15fde3c2d1b19e,1358423,,,,,,,,,,,,,,,,,,,,,,,,,,,,,,,,,,,,,,,,,,,,,,,,,,TN,,,,,,,,,,
mozilla-beta,4788073,1,2c0793d5bd36dd25ac51b0c394cc0b8b6e5c8ebb,linux1804-64-shippable-qr,True,False,,,102210fe594ee9b33d82058545b1ed14f4c8206e,startup_about_home_paint,startup_about_home_paint,True,startup_about_home_paint opt e10s fission stylo webrender-sw,,6,,firefox,442937402.0,1824092723,2024-01-11 09:17:43,957.0,992288afe8d0ffa9e60b761be9093c8e6eb3fbb7,1358656,,,,,,,,,,,,,,,,,,,,,,,,,,,,,,,,,,,,,,,,,,,,,,,,,,TN,,,,,,,,,,
mozilla-beta,4788073,1,2c0793d5bd36dd25ac51b0c394cc0b8b6e5c8ebb,linux1804-64-shippable-qr,True,False,,,102210fe594ee9b33d82058545b1ed14f4c8206e,startup_about_home_paint,startup_about_home_paint,True,startup_about_home_paint opt e10s fission stylo webrender-sw,,6,,firefox,442967091.0,1824183819,2024-01-11 13:18:39,925.0,9a06019252c118922797ed16d4e13e1ad117443f,1358732,,,,,,,,,,,,,,,,,,,,,,,,,,,,,,,,,,,,,,,,,,,,,,,,,,TN,,,,,,,,,,
mozilla-beta,4788073,1,2c0793d5bd36dd25ac51b0c394cc0b8b6e5c8ebb,linux1804-64-shippable-qr,True,False,,,102210fe594ee9b33d82058545b1ed14f4c8206e,startup_about_home_paint,startup_about_home_paint,True,startup_about_home_paint opt e10s fission stylo webrender-sw,,6,,firefox,442977053.0,1824224030,2024-01-11 14:26:20,933.0,16c6d6fd0b7b91c42098ca497227afc85200e274,1358780,,,,,,,,,,,,,,,,,,,,,,,,,,,,,,,,,,,,,,,,,,,,,,,,,,TN,,,,,,,,,,
mozilla-beta,4788073,1,2c0793d5bd36dd25ac51b0c394cc0b8b6e5c8ebb,linux1804-64-shippable-qr,True,False,,,102210fe594ee9b33d82058545b1ed14f4c8206e,startup_about_home_paint,startup_about_home_paint,True,startup_about_home_paint opt e10s fission stylo webrender-sw,,6,,firefox,442991431.0,1824303017,2024-01-11 16:43:59,922.0,d260003b40f752bb45d999ed00928e630c7c66a7,1358856,,,,,,,,,,,,,,,,,,,,,,,,,,,,,,,,,,,,,,,,,,,,,,,,,,TN,,,,,,,,,,
mozilla-beta,4788073,1,2c0793d5bd36dd25ac51b0c394cc0b8b6e5c8ebb,linux1804-64-shippable-qr,True,False,,,102210fe594ee9b33d82058545b1ed14f4c8206e,startup_about_home_paint,startup_about_home_paint,True,startup_about_home_paint opt e10s fission stylo webrender-sw,,6,,firefox,443012087.0,1824361115,2024-01-11 19:01:33,952.0,9715d8623d12cc7ebaf509c0ad27fcf5199aff43,1358950,,,,,,,,,,,,,,,,,,,,,,,,,,,,,,,,,,,,,,,,,,,,,,,,,,TN,,,,,,,,,,
mozilla-beta,4788073,1,2c0793d5bd36dd25ac51b0c394cc0b8b6e5c8ebb,linux1804-64-shippable-qr,True,False,,,102210fe594ee9b33d82058545b1ed14f4c8206e,startup_about_home_paint,startup_about_home_paint,True,startup_about_home_paint opt e10s fission stylo webrender-sw,,6,,firefox,443030638.0,1824440401,2024-01-11 21:09:26,943.0,f1680a61c0147d32a705da518f11c7c5ba058c0b,1359049,,,,,,,,,,,,,,,,,,,,,,,,,,,,,,,,,,,,,,,,,,,,,,,,,,TN,,,,,,,,,,
mozilla-beta,4788073,1,2c0793d5bd36dd25ac51b0c394cc0b8b6e5c8ebb,linux1804-64-shippable-qr,True,False,,,102210fe594ee9b33d82058545b1ed14f4c8206e,startup_about_home_paint,startup_about_home_paint,True,startup_about_home_paint opt e10s fission stylo webrender-sw,,6,,firefox,443096772.0,1824834843,2024-01-12 09:19:33,936.0,430bc538df76d847c89d2f0c061edc59172f2afa,1359270,,,,,,,,,,,,,,,,,,,,,,,,,,,,,,,,,,,,,,,,,,,,,,,,,,TN,,,,,,,,,,
mozilla-beta,4788073,1,2c0793d5bd36dd25ac51b0c394cc0b8b6e5c8ebb,linux1804-64-shippable-qr,True,False,,,102210fe594ee9b33d82058545b1ed14f4c8206e,startup_about_home_paint,startup_about_home_paint,True,startup_about_home_paint opt e10s fission stylo webrender-sw,,6,,firefox,443208977.0,1825443223,2024-01-13 09:16:07,934.0,959d0f8f4396d1d80484b553645b1803f3dd9be7,1359847,,,,,,,,,,,,,,,,,,,,,,,,,,,,,,,,,,,,,,,,,,,,,,,,,,TN,,,,,,,,,,
mozilla-beta,4788073,1,2c0793d5bd36dd25ac51b0c394cc0b8b6e5c8ebb,linux1804-64-shippable-qr,True,False,,,102210fe594ee9b33d82058545b1ed14f4c8206e,startup_about_home_paint,startup_about_home_paint,True,startup_about_home_paint opt e10s fission stylo webrender-sw,,6,,firefox,443230507.0,1825531740,2024-01-13 16:02:48,917.0,44093ca559de6f3beaeb00abec708d5c4ab40e4d,1359890,,,,,,,,,,,,,,,,,,,,,,,,,,,,,,,,,,,,,,,,,,,,,,,,,,TN,,,,,,,,,,
mozilla-beta,4788073,1,2c0793d5bd36dd25ac51b0c394cc0b8b6e5c8ebb,linux1804-64-shippable-qr,True,False,,,102210fe594ee9b33d82058545b1ed14f4c8206e,startup_about_home_paint,startup_about_home_paint,True,startup_about_home_paint opt e10s fission stylo webrender-sw,,6,,firefox,443243041.0,1825586610,2024-01-13 22:16:30,934.0,e218ab8c6c4ad6f20e76fe6d04737516fa8cc066,1359907,,,,,,,,,,,,,,,,,,,,,,,,,,,,,,,,,,,,,,,,,,,,,,,,,,TN,,,,,,,,,,
mozilla-beta,4788073,1,2c0793d5bd36dd25ac51b0c394cc0b8b6e5c8ebb,linux1804-64-shippable-qr,True,False,,,102210fe594ee9b33d82058545b1ed14f4c8206e,startup_about_home_paint,startup_about_home_paint,True,startup_about_home_paint opt e10s fission stylo webrender-sw,,6,,firefox,443265697.0,1825672968,2024-01-14 09:15:54,933.0,ab41b123c54d2dd534bf90a30be6cd952ce32701,1359931,,,,,,,,,,,,,,,,,,,,,,,,,,,,,,,,,,,,,,,,,,,,,,,,,,TN,,,,,,,,,,
mozilla-beta,4788073,1,2c0793d5bd36dd25ac51b0c394cc0b8b6e5c8ebb,linux1804-64-shippable-qr,True,False,,,102210fe594ee9b33d82058545b1ed14f4c8206e,startup_about_home_paint,startup_about_home_paint,True,startup_about_home_paint opt e10s fission stylo webrender-sw,,6,,firefox,443278778.0,1825777367,2024-01-14 15:27:17,923.0,a6cacb7e4e89168e25318dc76342bdc0f68a1f6a,1359950,,,,,,,,,,,,,,,,,,,,,,,,,,,,,,,,,,,,,,,,,,,,,,,,,,TN,,,,,,,,,,
mozilla-beta,4788073,1,2c0793d5bd36dd25ac51b0c394cc0b8b6e5c8ebb,linux1804-64-shippable-qr,True,False,,,102210fe594ee9b33d82058545b1ed14f4c8206e,startup_about_home_paint,startup_about_home_paint,True,startup_about_home_paint opt e10s fission stylo webrender-sw,,6,,firefox,443316251.0,1825929197,2024-01-15 09:20:30,918.0,eca25a6c75b2b48b5d51e33799cfa5619ec4b41b,1360049,,,,,,,,,,,,,,,,,,,,,,,,,,,,,,,,,,,,,,,,,,,,,,,,,,TN,,,,,,,,,,
mozilla-beta,4788073,1,2c0793d5bd36dd25ac51b0c394cc0b8b6e5c8ebb,linux1804-64-shippable-qr,True,False,,,102210fe594ee9b33d82058545b1ed14f4c8206e,startup_about_home_paint,startup_about_home_paint,True,startup_about_home_paint opt e10s fission stylo webrender-sw,,6,,firefox,443345910.0,1826054979,2024-01-15 13:24:03,925.0,c846bf199dfcaa66ba615dda08ed63002a9a4f5b,1360131,,,,,,,,,,,,,,,,,,,,,,,,,,,,,,,,,,,,,,,,,,,,,,,,,,TN,,,,,,,,,,
mozilla-beta,4788073,1,2c0793d5bd36dd25ac51b0c394cc0b8b6e5c8ebb,linux1804-64-shippable-qr,True,False,,,102210fe594ee9b33d82058545b1ed14f4c8206e,startup_about_home_paint,startup_about_home_paint,True,startup_about_home_paint opt e10s fission stylo webrender-sw,,6,,firefox,444127548.0,1829798200,2024-01-22 11:29:22,937.0,c6160723962a82923b2eb3ed4ab471dedcd541b2,1363744,,,,,,,,,,,,,,,,,,,,,,,,,,,,,,,,,,,,,,,,,,,,,,,,,,TN,,,,,,,,,,
mozilla-beta,4788073,1,2c0793d5bd36dd25ac51b0c394cc0b8b6e5c8ebb,linux1804-64-shippable-qr,True,False,,,102210fe594ee9b33d82058545b1ed14f4c8206e,startup_about_home_paint,startup_about_home_paint,True,startup_about_home_paint opt e10s fission stylo webrender-sw,,6,,firefox,444166030.0,1829960980,2024-01-22 15:46:15,974.0,1849dfd4ad15cc21f294ed2bb5e95364a5ba7140,1363910,,,,,,,,,,,,,,,,,,,,,,,,,,,,,,,,,,,,,,,,,,,,,,,,,,TN,,,,,,,,,,
mozilla-beta,4788073,1,2c0793d5bd36dd25ac51b0c394cc0b8b6e5c8ebb,linux1804-64-shippable-qr,True,False,,,102210fe594ee9b33d82058545b1ed14f4c8206e,startup_about_home_paint,startup_about_home_paint,True,startup_about_home_paint opt e10s fission stylo webrender-sw,,6,,firefox,444193133.0,1830052754,2024-01-22 17:47:55,943.0,a1ee3c36f7e989b25781c96cb9a1c05d8019b6cf,1364018,,,,,,,,,,,,,,,,,,,,,,,,,,,,,,,,,,,,,,,,,,,,,,,,,,TN,,,,,,,,,,
mozilla-beta,4788073,1,2c0793d5bd36dd25ac51b0c394cc0b8b6e5c8ebb,linux1804-64-shippable-qr,True,False,,,102210fe594ee9b33d82058545b1ed14f4c8206e,startup_about_home_paint,startup_about_home_paint,True,startup_about_home_paint opt e10s fission stylo webrender-sw,,6,,firefox,444273531.0,1830455965,2024-01-23 09:18:19,931.0,907ecf82b6894587f638cc66a3b504fb613f799c,1364457,,,,,,,,,,,,,,,,,,,,,,,,,,,,,,,,,,,,,,,,,,,,,,,,,,TN,,,,,,,,,,
mozilla-beta,4788073,1,2c0793d5bd36dd25ac51b0c394cc0b8b6e5c8ebb,linux1804-64-shippable-qr,True,False,,,102210fe594ee9b33d82058545b1ed14f4c8206e,startup_about_home_paint,startup_about_home_paint,True,startup_about_home_paint opt e10s fission stylo webrender-sw,,6,,firefox,444326736.0,1830705606,2024-01-23 16:21:35,943.0,910cf83cb449ad5a555da886fec6b064e22043bd,1364713,,,,,,,,,,,,,,,,,,,,,,,,,,,,,,,,,,,,,,,,,,,,,,,,,,TN,,,,,,,,,,
mozilla-beta,4788073,1,2c0793d5bd36dd25ac51b0c394cc0b8b6e5c8ebb,linux1804-64-shippable-qr,True,False,,,102210fe594ee9b33d82058545b1ed14f4c8206e,startup_about_home_paint,startup_about_home_paint,True,startup_about_home_paint opt e10s fission stylo webrender-sw,,6,,firefox,444329913.0,1830733530,2024-01-23 16:37:03,942.0,547151893bb442136e4a9b2f8c4b541895aa3e1e,1364733,,,,,,,,,,,,,,,,,,,,,,,,,,,,,,,,,,,,,,,,,,,,,,,,,,TN,,,,,,,,,,
mozilla-beta,4788073,1,2c0793d5bd36dd25ac51b0c394cc0b8b6e5c8ebb,linux1804-64-shippable-qr,True,False,,,102210fe594ee9b33d82058545b1ed14f4c8206e,startup_about_home_paint,startup_about_home_paint,True,startup_about_home_paint opt e10s fission stylo webrender-sw,,6,,firefox,444336023.0,1830762845,2024-01-23 17:01:05,943.0,ade0334006fbd178e5fdd21f3be572da0801a978,1364758,,,,,,,,,,,,,,,,,,,,,,,,,,,,,,,,,,,,,,,,,,,,,,,,,,TN,,,,,,,,,,
mozilla-beta,4788073,1,2c0793d5bd36dd25ac51b0c394cc0b8b6e5c8ebb,linux1804-64-shippable-qr,True,False,,,102210fe594ee9b33d82058545b1ed14f4c8206e,startup_about_home_paint,startup_about_home_paint,True,startup_about_home_paint opt e10s fission stylo webrender-sw,,6,,firefox,444410339.0,1831179171,2024-01-24 07:46:30,956.0,e3af39ea2780b6c6e53d63e7d0bc9bca40e59bdd,1365279,,,,,,,,,,,,,,,,,,,,,,,,,,,,,,,,,,,,,,,,,,,,,,,,,,TN,,,,,,,,,,
mozilla-beta,4788073,1,2c0793d5bd36dd25ac51b0c394cc0b8b6e5c8ebb,linux1804-64-shippable-qr,True,False,,,102210fe594ee9b33d82058545b1ed14f4c8206e,startup_about_home_paint,startup_about_home_paint,True,startup_about_home_paint opt e10s fission stylo webrender-sw,,6,,firefox,444425122.0,1831233065,2024-01-24 09:17:45,699.0,a341c4cfe66c45bb2908deb2809c6927497b0690,1365303,,,,,,,,,,,,,,,,,,,,,,,,,,,,,,,,,,,,,,,,,,,,,,,,,,TN,,,,,,,,,,
mozilla-beta,4788073,1,2c0793d5bd36dd25ac51b0c394cc0b8b6e5c8ebb,linux1804-64-shippable-qr,True,False,,,102210fe594ee9b33d82058545b1ed14f4c8206e,startup_about_home_paint,startup_about_home_paint,True,startup_about_home_paint opt e10s fission stylo webrender-sw,,6,,firefox,444436199.0,1831278346,2024-01-24 10:10:04,957.0,826c3bfca9fb43d3d63c58f52dc0a11475591511,1365331,,,,,,,,,,,,,,,,,,,,,,,,,,,,,,,,,,,,,,,,,,,,,,,,,,TN,,,,,,,,,,
mozilla-beta,4788073,1,2c0793d5bd36dd25ac51b0c394cc0b8b6e5c8ebb,linux1804-64-shippable-qr,True,False,,,102210fe594ee9b33d82058545b1ed14f4c8206e,startup_about_home_paint,startup_about_home_paint,True,startup_about_home_paint opt e10s fission stylo webrender-sw,,6,,firefox,444445920.0,1831311403,2024-01-24 10:20:23,955.0,190710fe87f9f6d48f6d39ac3aed4ed8b89ce3e6,1365334,,,,,,,,,,,,,,,,,,,,,,,,,,,,,,,,,,,,,,,,,,,,,,,,,,TN,,,,,,,,,,
mozilla-beta,4788073,1,2c0793d5bd36dd25ac51b0c394cc0b8b6e5c8ebb,linux1804-64-shippable-qr,True,False,,,102210fe594ee9b33d82058545b1ed14f4c8206e,startup_about_home_paint,startup_about_home_paint,True,startup_about_home_paint opt e10s fission stylo webrender-sw,,6,,firefox,444564820.0,1831889537,2024-01-25 08:17:18,944.0,aca480ec983e358d61afa4f987f90abc8d01636a,1366099,,,,,,,,,,,,,,,,,,,,,,,,,,,,,,,,,,,,,,,,,,,,,,,,,,TN,,,,,,,,,,
mozilla-beta,4788073,1,2c0793d5bd36dd25ac51b0c394cc0b8b6e5c8ebb,linux1804-64-shippable-qr,True,False,,,102210fe594ee9b33d82058545b1ed14f4c8206e,startup_about_home_paint,startup_about_home_paint,True,startup_about_home_paint opt e10s fission stylo webrender-sw,,6,,firefox,444570971.0,1831924707,2024-01-25 09:16:24,944.0,01412b6a709468aeafa6f8f6dc28b7d0586a3ee9,1366119,,,,,,,,,,,,,,,,,,,,,,,,,,,,,,,,,,,,,,,,,,,,,,,,,,TN,,,,,,,,,,
mozilla-beta,4788073,1,2c0793d5bd36dd25ac51b0c394cc0b8b6e5c8ebb,linux1804-64-shippable-qr,True,False,,,102210fe594ee9b33d82058545b1ed14f4c8206e,startup_about_home_paint,startup_about_home_paint,True,startup_about_home_paint opt e10s fission stylo webrender-sw,,6,,firefox,444594979.0,1832006526,2024-01-25 11:40:50,938.0,c0a71cb5e7b2999e78e5db5ed9e7df1b04f536a9,1366197,,,,,,,,,,,,,,,,,,,,,,,,,,,,,,,,,,,,,,,,,,,,,,,,,,TN,,,,,,,,,,
mozilla-beta,4788073,1,2c0793d5bd36dd25ac51b0c394cc0b8b6e5c8ebb,linux1804-64-shippable-qr,True,False,,,102210fe594ee9b33d82058545b1ed14f4c8206e,startup_about_home_paint,startup_about_home_paint,True,startup_about_home_paint opt e10s fission stylo webrender-sw,,6,,firefox,444645384.0,1832296309,2024-01-25 19:55:43,953.0,390710073437ce59c6f7f62270eb9330d73e6fca,1366536,,,,,,,,,,,,,,,,,,,,,,,,,,,,,,,,,,,,,,,,,,,,,,,,,,TN,,,,,,,,,,
mozilla-beta,4788073,1,2c0793d5bd36dd25ac51b0c394cc0b8b6e5c8ebb,linux1804-64-shippable-qr,True,False,,,102210fe594ee9b33d82058545b1ed14f4c8206e,startup_about_home_paint,startup_about_home_paint,True,startup_about_home_paint opt e10s fission stylo webrender-sw,,6,,firefox,444713063.0,1832594836,2024-01-26 08:22:35,982.0,c05637a5653cb097918ec5b22dd71b5279169ddb,1366833,,,,,,,,,,,,,,,,,,,,,,,,,,,,,,,,,,,,,,,,,,,,,,,,,,TN,,,,,,,,,,
mozilla-beta,4788073,1,2c0793d5bd36dd25ac51b0c394cc0b8b6e5c8ebb,linux1804-64-shippable-qr,True,False,,,102210fe594ee9b33d82058545b1ed14f4c8206e,startup_about_home_paint,startup_about_home_paint,True,startup_about_home_paint opt e10s fission stylo webrender-sw,,6,,firefox,444716675.0,1832627273,2024-01-26 08:30:00,953.0,e552c30b3f85cc56279a47561e2d60959e2257d2,1366836,,,,,,,,,,,,,,,,,,,,,,,,,,,,,,,,,,,,,,,,,,,,,,,,,,TN,,,,,,,,,,
mozilla-beta,4788073,1,2c0793d5bd36dd25ac51b0c394cc0b8b6e5c8ebb,linux1804-64-shippable-qr,True,False,,,102210fe594ee9b33d82058545b1ed14f4c8206e,startup_about_home_paint,startup_about_home_paint,True,startup_about_home_paint opt e10s fission stylo webrender-sw,,6,,firefox,444717144.0,1832643216,2024-01-26 09:16:53,963.0,e22e283373bd323eeb3f3cc73810cf33dff95e72,1366862,,,,,,,,,,,,,,,,,,,,,,,,,,,,,,,,,,,,,,,,,,,,,,,,,,TN,,,,,,,,,,
mozilla-beta,4788073,1,2c0793d5bd36dd25ac51b0c394cc0b8b6e5c8ebb,linux1804-64-shippable-qr,True,False,,,102210fe594ee9b33d82058545b1ed14f4c8206e,startup_about_home_paint,startup_about_home_paint,True,startup_about_home_paint opt e10s fission stylo webrender-sw,,6,,firefox,444861916.0,1833479267,2024-01-27 09:16:18,952.0,aad4bcfe43cfbfc141d35fa756e9b9cc2683da95,1367460,,,,,,,,,,,,,,,,,,,,,,,,,,,,,,,,,,,,,,,,,,,,,,,,,,TN,,,,,,,,,,
mozilla-beta,4788073,1,2c0793d5bd36dd25ac51b0c394cc0b8b6e5c8ebb,linux1804-64-shippable-qr,True,False,,,102210fe594ee9b33d82058545b1ed14f4c8206e,startup_about_home_paint,startup_about_home_paint,True,startup_about_home_paint opt e10s fission stylo webrender-sw,,6,,firefox,444917280.0,1833801131,2024-01-28 09:14:37,931.0,377509ad7f1c94e37f8ee0560d01586a06a25c5a,1367551,,,,,,,,,,,,,,,,,,,,,,,,,,,,,,,,,,,,,,,,,,,,,,,,,,TN,,,,,,,,,,
mozilla-beta,4788073,1,2c0793d5bd36dd25ac51b0c394cc0b8b6e5c8ebb,linux1804-64-shippable-qr,True,False,,,102210fe594ee9b33d82058545b1ed14f4c8206e,startup_about_home_paint,startup_about_home_paint,True,startup_about_home_paint opt e10s fission stylo webrender-sw,,6,,firefox,444929905.0,1833838119,2024-01-28 10:21:01,953.0,8ac8d5e3f345fb5c9ffad36d03b770d93f82e5f9,1367559,,,,,,,,,,,,,,,,,,,,,,,,,,,,,,,,,,,,,,,,,,,,,,,,,,TN,,,,,,,,,,
mozilla-beta,4788073,1,2c0793d5bd36dd25ac51b0c394cc0b8b6e5c8ebb,linux1804-64-shippable-qr,True,False,,,102210fe594ee9b33d82058545b1ed14f4c8206e,startup_about_home_paint,startup_about_home_paint,True,startup_about_home_paint opt e10s fission stylo webrender-sw,,6,,firefox,444931590.0,1833860491,2024-01-28 10:22:49,953.0,700859e125b5bd40b76e7ae9e6a3746e1d17fcd6,1367561,,,,,,,,,,,,,,,,,,,,,,,,,,,,,,,,,,,,,,,,,,,,,,,,,,TN,,,,,,,,,,
mozilla-beta,4788073,1,2c0793d5bd36dd25ac51b0c394cc0b8b6e5c8ebb,linux1804-64-shippable-qr,True,False,,,102210fe594ee9b33d82058545b1ed14f4c8206e,startup_about_home_paint,startup_about_home_paint,True,startup_about_home_paint opt e10s fission stylo webrender-sw,,6,,firefox,444934749.0,1833871865,2024-01-28 10:36:00,937.0,62a7361b983c43fe12d448bb9b391d85725a0b5a,1367563,,,,,,,,,,,,,,,,,,,,,,,,,,,,,,,,,,,,,,,,,,,,,,,,,,TN,,,,,,,,,,
mozilla-beta,4788073,1,2c0793d5bd36dd25ac51b0c394cc0b8b6e5c8ebb,linux1804-64-shippable-qr,True,False,,,102210fe594ee9b33d82058545b1ed14f4c8206e,startup_about_home_paint,startup_about_home_paint,True,startup_about_home_paint opt e10s fission stylo webrender-sw,,6,,firefox,444939036.0,1833891252,2024-01-28 11:02:29,952.0,0caf7b959d3adda31471443eb0918c601108fc83,1367564,,,,,,,,,,,,,,,,,,,,,,,,,,,,,,,,,,,,,,,,,,,,,,,,,,TN,,,,,,,,,,
mozilla-beta,4788073,1,2c0793d5bd36dd25ac51b0c394cc0b8b6e5c8ebb,linux1804-64-shippable-qr,True,False,,,102210fe594ee9b33d82058545b1ed14f4c8206e,startup_about_home_paint,startup_about_home_paint,True,startup_about_home_paint opt e10s fission stylo webrender-sw,,6,,firefox,444945165.0,1833960739,2024-01-28 13:59:26,967.0,c4f60b3ed4c5502cebfae95869686d6cc67cef42,1367583,,,,,,,,,,,,,,,,,,,,,,,,,,,,,,,,,,,,,,,,,,,,,,,,,,TN,,,,,,,,,,
mozilla-beta,4788073,1,2c0793d5bd36dd25ac51b0c394cc0b8b6e5c8ebb,linux1804-64-shippable-qr,True,False,,,102210fe594ee9b33d82058545b1ed14f4c8206e,startup_about_home_paint,startup_about_home_paint,True,startup_about_home_paint opt e10s fission stylo webrender-sw,,6,,firefox,444951572.0,1834028844,2024-01-28 17:17:02,961.0,28597dc87a4c08a1de0828ffc3295ee3e28ca823,1367591,,,,,,,,,,,,,,,,,,,,,,,,,,,,,,,,,,,,,,,,,,,,,,,,,,TN,,,,,,,,,,
mozilla-beta,4788073,1,2c0793d5bd36dd25ac51b0c394cc0b8b6e5c8ebb,linux1804-64-shippable-qr,True,False,,,102210fe594ee9b33d82058545b1ed14f4c8206e,startup_about_home_paint,startup_about_home_paint,True,startup_about_home_paint opt e10s fission stylo webrender-sw,,6,,firefox,444976823.0,1834136492,2024-01-29 06:52:42,953.0,31e067248e3c5326ee178777c2939075b50f9cda,1367650,,,,,,,,,,,,,,,,,,,,,,,,,,,,,,,,,,,,,,,,,,,,,,,,,,TN,,,,,,,,,,
mozilla-beta,4788073,1,2c0793d5bd36dd25ac51b0c394cc0b8b6e5c8ebb,linux1804-64-shippable-qr,True,False,,,102210fe594ee9b33d82058545b1ed14f4c8206e,startup_about_home_paint,startup_about_home_paint,True,startup_about_home_paint opt e10s fission stylo webrender-sw,,6,,firefox,444990923.0,1834183912,2024-01-29 09:17:30,937.0,bb21c53d7097fdb571daf0972443e7b7b528fd6d,1367700,,,,,,,,,,,,,,,,,,,,,,,,,,,,,,,,,,,,,,,,,,,,,,,,,,TN,,,,,,,,,,
mozilla-beta,4788073,1,2c0793d5bd36dd25ac51b0c394cc0b8b6e5c8ebb,linux1804-64-shippable-qr,True,False,,,102210fe594ee9b33d82058545b1ed14f4c8206e,startup_about_home_paint,startup_about_home_paint,True,startup_about_home_paint opt e10s fission stylo webrender-sw,,6,,firefox,445144634.0,1835062228,2024-01-30 09:17:42,963.0,7c6883e22d12922c8434135aba2908d12c258ba5,1368488,,,,,,,,,,,,,,,,,,,,,,,,,,,,,,,,,,,,,,,,,,,,,,,,,,TN,,,,,,,,,,
mozilla-beta,4788073,1,2c0793d5bd36dd25ac51b0c394cc0b8b6e5c8ebb,linux1804-64-shippable-qr,True,False,,,102210fe594ee9b33d82058545b1ed14f4c8206e,startup_about_home_paint,startup_about_home_paint,True,startup_about_home_paint opt e10s fission stylo webrender-sw,,6,,firefox,445180934.0,1835224961,2024-01-30 12:12:36,942.0,610e2e71c0a96cbd0118a581ad50c27c3eae5214,1368564,,,,,,,,,,,,,,,,,,,,,,,,,,,,,,,,,,,,,,,,,,,,,,,,,,TN,,,,,,,,,,
mozilla-beta,4788073,1,2c0793d5bd36dd25ac51b0c394cc0b8b6e5c8ebb,linux1804-64-shippable-qr,True,False,,,102210fe594ee9b33d82058545b1ed14f4c8206e,startup_about_home_paint,startup_about_home_paint,True,startup_about_home_paint opt e10s fission stylo webrender-sw,,6,,firefox,445174889.0,1835171946,2024-01-30 12:18:29,962.0,8d79725961720ff9be553f8fde3ba11c379df5be,1368566,,,,,,,,,,,,,,,,,,,,,,,,,,,,,,,,,,,,,,,,,,,,,,,,,,TN,,,,,,,,,,
mozilla-beta,4788073,1,2c0793d5bd36dd25ac51b0c394cc0b8b6e5c8ebb,linux1804-64-shippable-qr,True,False,,,102210fe594ee9b33d82058545b1ed14f4c8206e,startup_about_home_paint,startup_about_home_paint,True,startup_about_home_paint opt e10s fission stylo webrender-sw,,6,,firefox,445178951.0,1835202221,2024-01-30 12:47:52,939.0,1bcabb7122306682ad71cb1934050ada5ccc09ce,1368585,,,,,,,,,,,,,,,,,,,,,,,,,,,,,,,,,,,,,,,,,,,,,,,,,,TN,,,,,,,,,,
mozilla-beta,4788073,1,2c0793d5bd36dd25ac51b0c394cc0b8b6e5c8ebb,linux1804-64-shippable-qr,True,False,,,102210fe594ee9b33d82058545b1ed14f4c8206e,startup_about_home_paint,startup_about_home_paint,True,startup_about_home_paint opt e10s fission stylo webrender-sw,,6,,firefox,445199599.0,1835277234,2024-01-30 14:42:31,975.0,bac162dca4dbd72e204fbbd2a4bf2f05930997c4,1368662,,,,,,,,,,,,,,,,,,,,,,,,,,,,,,,,,,,,,,,,,,,,,,,,,,TN,,,,,,,,,,
mozilla-beta,4788073,1,2c0793d5bd36dd25ac51b0c394cc0b8b6e5c8ebb,linux1804-64-shippable-qr,True,False,,,102210fe594ee9b33d82058545b1ed14f4c8206e,startup_about_home_paint,startup_about_home_paint,True,startup_about_home_paint opt e10s fission stylo webrender-sw,,6,,firefox,445200416.0,1835302193,2024-01-30 14:46:49,964.0,e8bfa642a6583259b6afb963c4ab24cec7fe364b,1368663,,,,,,,,,,,,,,,,,,,,,,,,,,,,,,,,,,,,,,,,,,,,,,,,,,TN,,,,,,,,,,
mozilla-beta,4788073,1,2c0793d5bd36dd25ac51b0c394cc0b8b6e5c8ebb,linux1804-64-shippable-qr,True,False,,,102210fe594ee9b33d82058545b1ed14f4c8206e,startup_about_home_paint,startup_about_home_paint,True,startup_about_home_paint opt e10s fission stylo webrender-sw,,6,,firefox,445210944.0,1835330286,2024-01-30 14:50:42,977.0,badb0c014722faab9e694a5d451a4dc5c524f08b,1368665,,,,,,,,,,,,,,,,,,,,,,,,,,,,,,,,,,,,,,,,,,,,,,,,,,TN,,,,,,,,,,
mozilla-beta,4788073,1,2c0793d5bd36dd25ac51b0c394cc0b8b6e5c8ebb,linux1804-64-shippable-qr,True,False,,,102210fe594ee9b33d82058545b1ed14f4c8206e,startup_about_home_paint,startup_about_home_paint,True,startup_about_home_paint opt e10s fission stylo webrender-sw,,6,,firefox,445211605.0,1835342296,2024-01-30 15:32:30,943.0,bb9a936c0644ab6ea6d8e6b8f62fa7787b809a5e,1368693,,,,,,,,,,,,,,,,,,,,,,,,,,,,,,,,,,,,,,,,,,,,,,,,,,TN,,,,,,,,,,
mozilla-beta,4788073,1,2c0793d5bd36dd25ac51b0c394cc0b8b6e5c8ebb,linux1804-64-shippable-qr,True,False,,,102210fe594ee9b33d82058545b1ed14f4c8206e,startup_about_home_paint,startup_about_home_paint,True,startup_about_home_paint opt e10s fission stylo webrender-sw,,6,,firefox,445217150.0,1835363028,2024-01-30 17:06:51,942.0,0d874603541fa5871c1e3677d49b108d5fcb1bed,1368762,,,,,,,,,,,,,,,,,,,,,,,,,,,,,,,,,,,,,,,,,,,,,,,,,,TN,,,,,,,,,,
mozilla-beta,4788073,1,2c0793d5bd36dd25ac51b0c394cc0b8b6e5c8ebb,linux1804-64-shippable-qr,True,False,,,102210fe594ee9b33d82058545b1ed14f4c8206e,startup_about_home_paint,startup_about_home_paint,True,startup_about_home_paint opt e10s fission stylo webrender-sw,,6,,firefox,445230502.0,1835419892,2024-01-30 17:22:21,954.0,814c511db3bf80ee923c7e26d7248df7690afbc7,1368764,,,,,,,,,,,,,,,,,,,,,,,,,,,,,,,,,,,,,,,,,,,,,,,,,,TN,,,,,,,,,,
mozilla-beta,4788073,1,2c0793d5bd36dd25ac51b0c394cc0b8b6e5c8ebb,linux1804-64-shippable-qr,True,False,,,102210fe594ee9b33d82058545b1ed14f4c8206e,startup_about_home_paint,startup_about_home_paint,True,startup_about_home_paint opt e10s fission stylo webrender-sw,,6,,firefox,445315329.0,1835895736,2024-01-31 09:16:40,958.0,59d56668c362e68738a8561c397961027b0a62d3,1369245,,,,,,,,,,,,,,,,,,,,,,,,,,,,,,,,,,,,,,,,,,,,,,,,,,TN,,,,,,,,,,
mozilla-beta,4788073,1,2c0793d5bd36dd25ac51b0c394cc0b8b6e5c8ebb,linux1804-64-shippable-qr,True,False,,,102210fe594ee9b33d82058545b1ed14f4c8206e,startup_about_home_paint,startup_about_home_paint,True,startup_about_home_paint opt e10s fission stylo webrender-sw,,6,,firefox,445411480.0,1836277556,2024-01-31 19:51:02,948.0,e98c8386087ddb2af9037734fa58033a1020756c,1369600,,,,,,,,,,,,,,,,,,,,,,,,,,,,,,,,,,,,,,,,,,,,,,,,,,TN,,,,,,,,,,
mozilla-beta,4788073,1,2c0793d5bd36dd25ac51b0c394cc0b8b6e5c8ebb,linux1804-64-shippable-qr,True,False,,,102210fe594ee9b33d82058545b1ed14f4c8206e,startup_about_home_paint,startup_about_home_paint,True,startup_about_home_paint opt e10s fission stylo webrender-sw,,6,,firefox,445409357.0,1836275440,2024-01-31 19:52:12,948.0,f1a16b3d1da6ccd5b17c214f7ff9ada27bf91c17,1369605,,,,,,,,,,,,,,,,,,,,,,,,,,,,,,,,,,,,,,,,,,,,,,,,,,TN,,,,,,,,,,
mozilla-beta,4788073,1,2c0793d5bd36dd25ac51b0c394cc0b8b6e5c8ebb,linux1804-64-shippable-qr,True,False,,,102210fe594ee9b33d82058545b1ed14f4c8206e,startup_about_home_paint,startup_about_home_paint,True,startup_about_home_paint opt e10s fission stylo webrender-sw,,6,,firefox,445473814.0,1836619662,2024-02-01 09:17:30,940.0,ad203e66852383f625e1c40a24f1486ce811f053,1369924,,,,,,,,,,,,,,,,,,,,,,,,,,,,,,,,,,,,,,,,,,,,,,,,,,TN,,,,,,,,,,
mozilla-beta,4788073,1,2c0793d5bd36dd25ac51b0c394cc0b8b6e5c8ebb,linux1804-64-shippable-qr,True,False,,,102210fe594ee9b33d82058545b1ed14f4c8206e,startup_about_home_paint,startup_about_home_paint,True,startup_about_home_paint opt e10s fission stylo webrender-sw,,6,,firefox,445481001.0,1836649836,2024-02-01 09:55:18,971.0,828272c423683913577d66e2e1246f33d50c4b8e,1369960,,,,,,,,,,,,,,,,,,,,,,,,,,,,,,,,,,,,,,,,,,,,,,,,,,TN,,,,,,,,,,
mozilla-beta,4788073,1,2c0793d5bd36dd25ac51b0c394cc0b8b6e5c8ebb,linux1804-64-shippable-qr,True,False,,,102210fe594ee9b33d82058545b1ed14f4c8206e,startup_about_home_paint,startup_about_home_paint,True,startup_about_home_paint opt e10s fission stylo webrender-sw,,6,,firefox,445501650.0,1836712772,2024-02-01 11:40:29,955.0,49d14b310e92729c505231844bd7849442cf26f9,1370025,,,,,,,,,,,,,,,,,,,,,,,,,,,,,,,,,,,,,,,,,,,,,,,,,,TN,,,,,,,,,,
mozilla-beta,4788073,1,2c0793d5bd36dd25ac51b0c394cc0b8b6e5c8ebb,linux1804-64-shippable-qr,True,False,,,102210fe594ee9b33d82058545b1ed14f4c8206e,startup_about_home_paint,startup_about_home_paint,True,startup_about_home_paint opt e10s fission stylo webrender-sw,,6,,firefox,445545418.0,1836948652,2024-02-01 14:02:56,948.0,7fdcb4812fde5b6100168d0f55a31f1b77644044,1370098,,,,,,,,,,,,,,,,,,,,,,,,,,,,,,,,,,,,,,,,,,,,,,,,,,TN,,,,,,,,,,
mozilla-beta,4788073,1,2c0793d5bd36dd25ac51b0c394cc0b8b6e5c8ebb,linux1804-64-shippable-qr,True,False,,,102210fe594ee9b33d82058545b1ed14f4c8206e,startup_about_home_paint,startup_about_home_paint,True,startup_about_home_paint opt e10s fission stylo webrender-sw,,6,,firefox,445532087.0,1836800837,2024-02-01 14:13:24,954.0,4433675287c19d1febab18a61d020c28e9fbe778,1370108,,,,,,,,,,,,,,,,,,,,,,,,,,,,,,,,,,,,,,,,,,,,,,,,,,TN,,,,,,,,,,
mozilla-beta,4788073,1,2c0793d5bd36dd25ac51b0c394cc0b8b6e5c8ebb,linux1804-64-shippable-qr,True,False,,,102210fe594ee9b33d82058545b1ed14f4c8206e,startup_about_home_paint,startup_about_home_paint,True,startup_about_home_paint opt e10s fission stylo webrender-sw,,6,,firefox,445546588.0,1836985824,2024-02-01 14:19:11,966.0,c51c59c74488225b3f0a6446e13296789a5fddee,1370117,,,,,,,,,,,,,,,,,,,,,,,,,,,,,,,,,,,,,,,,,,,,,,,,,,TN,,,,,,,,,,
mozilla-beta,4788073,1,2c0793d5bd36dd25ac51b0c394cc0b8b6e5c8ebb,linux1804-64-shippable-qr,True,False,,,102210fe594ee9b33d82058545b1ed14f4c8206e,startup_about_home_paint,startup_about_home_paint,True,startup_about_home_paint opt e10s fission stylo webrender-sw,,6,,firefox,445535910.0,1836830492,2024-02-01 14:35:28,934.0,edd7d6c869f5dd8a8f9525139a2cdd3286f0b104,1370134,,,,,,,,,,,,,,,,,,,,,,,,,,,,,,,,,,,,,,,,,,,,,,,,,,TN,,,,,,,,,,
mozilla-beta,4788073,1,2c0793d5bd36dd25ac51b0c394cc0b8b6e5c8ebb,linux1804-64-shippable-qr,True,False,,,102210fe594ee9b33d82058545b1ed14f4c8206e,startup_about_home_paint,startup_about_home_paint,True,startup_about_home_paint opt e10s fission stylo webrender-sw,,6,,firefox,445537859.0,1836861419,2024-02-01 14:45:34,948.0,39a24ad65fa1c188491f77f5989116325ece07c0,1370145,,,,,,,,,,,,,,,,,,,,,,,,,,,,,,,,,,,,,,,,,,,,,,,,,,TN,,,,,,,,,,
mozilla-beta,4788073,1,2c0793d5bd36dd25ac51b0c394cc0b8b6e5c8ebb,linux1804-64-shippable-qr,True,False,,,102210fe594ee9b33d82058545b1ed14f4c8206e,startup_about_home_paint,startup_about_home_paint,True,startup_about_home_paint opt e10s fission stylo webrender-sw,,6,,firefox,445540859.0,1836889774,2024-02-01 14:55:52,949.0,4981454a7cb64ddb865b16a2e340da23010c0234,1370155,,,,,,,,,,,,,,,,,,,,,,,,,,,,,,,,,,,,,,,,,,,,,,,,,,TN,,,,,,,,,,
mozilla-beta,4788073,1,2c0793d5bd36dd25ac51b0c394cc0b8b6e5c8ebb,linux1804-64-shippable-qr,True,False,,,102210fe594ee9b33d82058545b1ed14f4c8206e,startup_about_home_paint,startup_about_home_paint,True,startup_about_home_paint opt e10s fission stylo webrender-sw,,6,,firefox,445544298.0,1836921857,2024-02-01 15:13:15,953.0,4c0f3596adddb0c1c9fe6c27165bf86798d2f1f6,1370168,,,,,,,,,,,,,,,,,,,,,,,,,,,,,,,,,,,,,,,,,,,,,,,,,,TN,,,,,,,,,,
mozilla-beta,4788073,1,2c0793d5bd36dd25ac51b0c394cc0b8b6e5c8ebb,linux1804-64-shippable-qr,True,False,,,102210fe594ee9b33d82058545b1ed14f4c8206e,startup_about_home_paint,startup_about_home_paint,True,startup_about_home_paint opt e10s fission stylo webrender-sw,,6,,firefox,445551346.0,1837007524,2024-02-01 15:45:31,944.0,c9147db5b900da6c93e1ef516fcee4d9375322ac,1370182,,,,,,,,,,,,,,,,,,,,,,,,,,,,,,,,,,,,,,,,,,,,,,,,,,TN,,,,,,,,,,
mozilla-beta,4788073,1,2c0793d5bd36dd25ac51b0c394cc0b8b6e5c8ebb,linux1804-64-shippable-qr,True,False,,,102210fe594ee9b33d82058545b1ed14f4c8206e,startup_about_home_paint,startup_about_home_paint,True,startup_about_home_paint opt e10s fission stylo webrender-sw,,6,,firefox,445561388.0,1837053835,2024-02-01 16:34:05,942.0,9fde9b753918580c63434a4056f7a0cfc2bbefda,1370232,,,,,,,,,,,,,,,,,,,,,,,,,,,,,,,,,,,,,,,,,,,,,,,,,,TN,,,,,,,,,,
mozilla-beta,4788073,1,2c0793d5bd36dd25ac51b0c394cc0b8b6e5c8ebb,linux1804-64-shippable-qr,True,False,,,102210fe594ee9b33d82058545b1ed14f4c8206e,startup_about_home_paint,startup_about_home_paint,True,startup_about_home_paint opt e10s fission stylo webrender-sw,,6,,firefox,445652237.0,1837386136,2024-02-02 09:03:54,949.0,a8f990a1461e92ea29b178d183739ab4279d355b,1370723,,,,,,,,,,,,,,,,,,,,,,,,,,,,,,,,,,,,,,,,,,,,,,,,,,TN,,,,,,,,,,
mozilla-beta,4788073,1,2c0793d5bd36dd25ac51b0c394cc0b8b6e5c8ebb,linux1804-64-shippable-qr,True,False,,,102210fe594ee9b33d82058545b1ed14f4c8206e,startup_about_home_paint,startup_about_home_paint,True,startup_about_home_paint opt e10s fission stylo webrender-sw,,6,,firefox,445655714.0,1837400300,2024-02-02 09:16:30,935.0,ad9f945b0588b8e71d2bc8a24a4bae78ac518fe7,1370728,,,,,,,,,,,,,,,,,,,,,,,,,,,,,,,,,,,,,,,,,,,,,,,,,,TN,,,,,,,,,,
mozilla-beta,4788073,1,2c0793d5bd36dd25ac51b0c394cc0b8b6e5c8ebb,linux1804-64-shippable-qr,True,False,,,102210fe594ee9b33d82058545b1ed14f4c8206e,startup_about_home_paint,startup_about_home_paint,True,startup_about_home_paint opt e10s fission stylo webrender-sw,,6,,firefox,445741481.0,1837791247,2024-02-02 18:17:20,933.0,2a92c9f6ad73c6919eca1fda86f98e644f90bced,1371042,,,,,,,,,,,,,,,,,,,,,,,,,,,,,,,,,,,,,,,,,,,,,,,,,,TN,,,,,,,,,,
mozilla-beta,4788073,1,2c0793d5bd36dd25ac51b0c394cc0b8b6e5c8ebb,linux1804-64-shippable-qr,True,False,,,102210fe594ee9b33d82058545b1ed14f4c8206e,startup_about_home_paint,startup_about_home_paint,True,startup_about_home_paint opt e10s fission stylo webrender-sw,,6,,firefox,445813831.0,1838078274,2024-02-03 09:17:37,943.0,7514647daa8f9fce23b12cb76cda187c12c65ec9,1371371,,,,,,,,,,,,,,,,,,,,,,,,,,,,,,,,,,,,,,,,,,,,,,,,,,TN,,,,,,,,,,
mozilla-beta,4788073,1,2c0793d5bd36dd25ac51b0c394cc0b8b6e5c8ebb,linux1804-64-shippable-qr,True,False,,,102210fe594ee9b33d82058545b1ed14f4c8206e,startup_about_home_paint,startup_about_home_paint,True,startup_about_home_paint opt e10s fission stylo webrender-sw,,6,,firefox,445854078.0,1838275735,2024-02-04 07:01:15,929.0,b90706774a91a89aad7410bc904246d5f0cc89d6,1371494,,,,,,,,,,,,,,,,,,,,,,,,,,,,,,,,,,,,,,,,,,,,,,,,,,TN,,,,,,,,,,
mozilla-beta,4788073,1,2c0793d5bd36dd25ac51b0c394cc0b8b6e5c8ebb,linux1804-64-shippable-qr,True,False,,,102210fe594ee9b33d82058545b1ed14f4c8206e,startup_about_home_paint,startup_about_home_paint,True,startup_about_home_paint opt e10s fission stylo webrender-sw,,6,,firefox,445854488.0,1838288460,2024-02-04 07:10:52,938.0,97a9e1afca4b4f861b1f512ecb74d9beae03701f,1371498,,,,,,,,,,,,,,,,,,,,,,,,,,,,,,,,,,,,,,,,,,,,,,,,,,TN,,,,,,,,,,
mozilla-beta,4788073,1,2c0793d5bd36dd25ac51b0c394cc0b8b6e5c8ebb,linux1804-64-shippable-qr,True,False,,,102210fe594ee9b33d82058545b1ed14f4c8206e,startup_about_home_paint,startup_about_home_paint,True,startup_about_home_paint opt e10s fission stylo webrender-sw,,6,,firefox,445862465.0,1838313775,2024-02-04 09:20:23,939.0,2e2c077318b2178732ec140527e75b30638a12c7,1371504,,,,,,,,,,,,,,,,,,,,,,,,,,,,,,,,,,,,,,,,,,,,,,,,,,TN,,,,,,,,,,
mozilla-beta,4788073,1,2c0793d5bd36dd25ac51b0c394cc0b8b6e5c8ebb,linux1804-64-shippable-qr,True,False,,,102210fe594ee9b33d82058545b1ed14f4c8206e,startup_about_home_paint,startup_about_home_paint,True,startup_about_home_paint opt e10s fission stylo webrender-sw,,6,,firefox,445925050.0,1838734669,2024-02-05 08:56:25,944.0,b65739114a8d799c15f643b020b341e2822d28c3,1371648,,,,,,,,,,,,,,,,,,,,,,,,,,,,,,,,,,,,,,,,,,,,,,,,,,TN,,,,,,,,,,
mozilla-beta,4788073,1,2c0793d5bd36dd25ac51b0c394cc0b8b6e5c8ebb,linux1804-64-shippable-qr,True,False,,,102210fe594ee9b33d82058545b1ed14f4c8206e,startup_about_home_paint,startup_about_home_paint,True,startup_about_home_paint opt e10s fission stylo webrender-sw,,6,,firefox,445929098.0,1838746569,2024-02-05 09:17:25,920.0,5b697b0438ae5c3ccf005657eae8e3c59d97a05e,1371659,,,,,,,,,,,,,,,,,,,,,,,,,,,,,,,,,,,,,,,,,,,,,,,,,,TN,,,,,,,,,,
mozilla-beta,4788073,1,2c0793d5bd36dd25ac51b0c394cc0b8b6e5c8ebb,linux1804-64-shippable-qr,True,False,,,102210fe594ee9b33d82058545b1ed14f4c8206e,startup_about_home_paint,startup_about_home_paint,True,startup_about_home_paint opt e10s fission stylo webrender-sw,,6,,firefox,446101626.0,1839481457,2024-02-06 08:23:02,936.0,562b0ae0eca50b88282d822fb79af7f8bbf5f9cc,1372463,,,,,,,,,,,,,,,,,,,,,,,,,,,,,,,,,,,,,,,,,,,,,,,,,,TN,,,,,,,,,,
mozilla-beta,4788073,1,2c0793d5bd36dd25ac51b0c394cc0b8b6e5c8ebb,linux1804-64-shippable-qr,True,False,,,102210fe594ee9b33d82058545b1ed14f4c8206e,startup_about_home_paint,startup_about_home_paint,True,startup_about_home_paint opt e10s fission stylo webrender-sw,,6,,firefox,446117767.0,1839585090,2024-02-06 09:14:55,936.0,7e1760ca80cfe6f02a0679e3725187bc2b3ad7d1,1372486,,,,,,,,,,,,,,,,,,,,,,,,,,,,,,,,,,,,,,,,,,,,,,,,,,TN,,,,,,,,,,
mozilla-beta,4788073,1,2c0793d5bd36dd25ac51b0c394cc0b8b6e5c8ebb,linux1804-64-shippable-qr,True,False,,,102210fe594ee9b33d82058545b1ed14f4c8206e,startup_about_home_paint,startup_about_home_paint,True,startup_about_home_paint opt e10s fission stylo webrender-sw,,6,,firefox,446111160.0,1839517083,2024-02-06 09:19:06,917.0,88875300ae7440640f4c3c699b32b8dfac80f396,1372488,,,,,,,,,,,,,,,,,,,,,,,,,,,,,,,,,,,,,,,,,,,,,,,,,,TN,,,,,,,,,,
mozilla-beta,4788073,1,2c0793d5bd36dd25ac51b0c394cc0b8b6e5c8ebb,linux1804-64-shippable-qr,True,False,,,102210fe594ee9b33d82058545b1ed14f4c8206e,startup_about_home_paint,startup_about_home_paint,True,startup_about_home_paint opt e10s fission stylo webrender-sw,,6,,firefox,446116375.0,1839557081,2024-02-06 10:09:38,932.0,6839f8c0d14e712d154a0c8c37fc55087e65f252,1372523,,,,,,,,,,,,,,,,,,,,,,,,,,,,,,,,,,,,,,,,,,,,,,,,,,TN,,,,,,,,,,
mozilla-beta,4788073,1,2c0793d5bd36dd25ac51b0c394cc0b8b6e5c8ebb,linux1804-64-shippable-qr,True,False,,,102210fe594ee9b33d82058545b1ed14f4c8206e,startup_about_home_paint,startup_about_home_paint,True,startup_about_home_paint opt e10s fission stylo webrender-sw,,6,,firefox,446140794.0,1839615341,2024-02-06 11:38:33,947.0,a778bae14c05a2fbe1ba67854cec9accdad55bb3,1372580,,,,,,,,,,,,,,,,,,,,,,,,,,,,,,,,,,,,,,,,,,,,,,,,,,TN,,,,,,,,,,
mozilla-beta,4788073,1,2c0793d5bd36dd25ac51b0c394cc0b8b6e5c8ebb,linux1804-64-shippable-qr,True,False,,,102210fe594ee9b33d82058545b1ed14f4c8206e,startup_about_home_paint,startup_about_home_paint,True,startup_about_home_paint opt e10s fission stylo webrender-sw,,6,,firefox,446155027.0,1839671759,2024-02-06 12:51:40,926.0,65e6d3b19e698ac57830fd1c3d90d4c760ef5eb6,1372610,,,,,,,,,,,,,,,,,,,,,,,,,,,,,,,,,,,,,,,,,,,,,,,,,,TN,,,,,,,,,,
mozilla-beta,4788073,1,2c0793d5bd36dd25ac51b0c394cc0b8b6e5c8ebb,linux1804-64-shippable-qr,True,False,,,102210fe594ee9b33d82058545b1ed14f4c8206e,startup_about_home_paint,startup_about_home_paint,True,startup_about_home_paint opt e10s fission stylo webrender-sw,,6,,firefox,446156985.0,1839694353,2024-02-06 12:53:03,931.0,5dbb0a9f6cb8c0e0aad5b159d134d45f637cb4d1,1372613,,,,,,,,,,,,,,,,,,,,,,,,,,,,,,,,,,,,,,,,,,,,,,,,,,TN,,,,,,,,,,
mozilla-beta,4788073,1,2c0793d5bd36dd25ac51b0c394cc0b8b6e5c8ebb,linux1804-64-shippable-qr,True,False,,,102210fe594ee9b33d82058545b1ed14f4c8206e,startup_about_home_paint,startup_about_home_paint,True,startup_about_home_paint opt e10s fission stylo webrender-sw,,6,,firefox,446166461.0,1839720957,2024-02-06 12:54:32,922.0,d2c9c9c08cc1f40358a5d2292ddf2a06d364b36f,1372616,,,,,,,,,,,,,,,,,,,,,,,,,,,,,,,,,,,,,,,,,,,,,,,,,,TN,,,,,,,,,,
mozilla-beta,4788073,1,2c0793d5bd36dd25ac51b0c394cc0b8b6e5c8ebb,linux1804-64-shippable-qr,True,False,,,102210fe594ee9b33d82058545b1ed14f4c8206e,startup_about_home_paint,startup_about_home_paint,True,startup_about_home_paint opt e10s fission stylo webrender-sw,,6,,firefox,446164885.0,1839713417,2024-02-06 13:21:23,956.0,0f621f6f45f23281875371b9b4ed76fe855e10ce,1372641,,,,,,,,,,,,,,,,,,,,,,,,,,,,,,,,,,,,,,,,,,,,,,,,,,TN,,,,,,,,,,
mozilla-beta,4788073,1,2c0793d5bd36dd25ac51b0c394cc0b8b6e5c8ebb,linux1804-64-shippable-qr,True,False,,,102210fe594ee9b33d82058545b1ed14f4c8206e,startup_about_home_paint,startup_about_home_paint,True,startup_about_home_paint opt e10s fission stylo webrender-sw,,6,,firefox,446185714.0,1839784581,2024-02-06 14:10:46,916.0,fdc4382bbff93e443cb4f76c802464c452a1c722,1372680,,,,,,,,,,,,,,,,,,,,,,,,,,,,,,,,,,,,,,,,,,,,,,,,,,TN,,,,,,,,,,
mozilla-beta,4788073,1,2c0793d5bd36dd25ac51b0c394cc0b8b6e5c8ebb,linux1804-64-shippable-qr,True,False,,,102210fe594ee9b33d82058545b1ed14f4c8206e,startup_about_home_paint,startup_about_home_paint,True,startup_about_home_paint opt e10s fission stylo webrender-sw,,6,,firefox,446177838.0,1839756810,2024-02-06 14:28:58,925.0,a0dafd6bb65c8b87928ff36551826cf901a6ff09,1372692,,,,,,,,,,,,,,,,,,,,,,,,,,,,,,,,,,,,,,,,,,,,,,,,,,TN,,,,,,,,,,
mozilla-beta,4788073,1,2c0793d5bd36dd25ac51b0c394cc0b8b6e5c8ebb,linux1804-64-shippable-qr,True,False,,,102210fe594ee9b33d82058545b1ed14f4c8206e,startup_about_home_paint,startup_about_home_paint,True,startup_about_home_paint opt e10s fission stylo webrender-sw,,6,,firefox,446207111.0,1839863370,2024-02-06 17:18:58,941.0,c1ef3ef6dd3f38275d611b90c8ef24e0b15cc720,1372811,,,,,,,,,,,,,,,,,,,,,,,,,,,,,,,,,,,,,,,,,,,,,,,,,,TN,,,,,,,,,,
mozilla-beta,4788073,1,2c0793d5bd36dd25ac51b0c394cc0b8b6e5c8ebb,linux1804-64-shippable-qr,True,False,,,102210fe594ee9b33d82058545b1ed14f4c8206e,startup_about_home_paint,startup_about_home_paint,True,startup_about_home_paint opt e10s fission stylo webrender-sw,,6,,firefox,446208765.0,1839870878,2024-02-06 17:25:35,937.0,a55f4e64f3a796aac14d741f6a0e9f82e3f768e1,1372823,,,,,,,,,,,,,,,,,,,,,,,,,,,,,,,,,,,,,,,,,,,,,,,,,,TN,,,,,,,,,,
mozilla-beta,4788073,1,2c0793d5bd36dd25ac51b0c394cc0b8b6e5c8ebb,linux1804-64-shippable-qr,True,False,,,102210fe594ee9b33d82058545b1ed14f4c8206e,startup_about_home_paint,startup_about_home_paint,True,startup_about_home_paint opt e10s fission stylo webrender-sw,,6,,firefox,446232568.0,1839976580,2024-02-06 18:19:27,937.0,5cb029591fdb20d1b3fc101ab5f982f71ae93ea9,1372868,,,,,,,,,,,,,,,,,,,,,,,,,,,,,,,,,,,,,,,,,,,,,,,,,,TN,,,,,,,,,,
mozilla-beta,4788073,1,2c0793d5bd36dd25ac51b0c394cc0b8b6e5c8ebb,linux1804-64-shippable-qr,True,False,,,102210fe594ee9b33d82058545b1ed14f4c8206e,startup_about_home_paint,startup_about_home_paint,True,startup_about_home_paint opt e10s fission stylo webrender-sw,,6,,firefox,446235514.0,1839996729,2024-02-06 19:41:20,915.0,945276c7a9a1f818cd476baf76784dacf0786d2a,1372956,,,,,,,,,,,,,,,,,,,,,,,,,,,,,,,,,,,,,,,,,,,,,,,,,,TN,,,,,,,,,,
mozilla-beta,4788073,1,2c0793d5bd36dd25ac51b0c394cc0b8b6e5c8ebb,linux1804-64-shippable-qr,True,False,,,102210fe594ee9b33d82058545b1ed14f4c8206e,startup_about_home_paint,startup_about_home_paint,True,startup_about_home_paint opt e10s fission stylo webrender-sw,,6,,firefox,446243454.0,1840061840,2024-02-06 19:56:07,663.0,ba9cc6824f222a00819ee368fd177b9a9e1a1ca4,1372970,,,,,,,,,,,,,,,,,,,,,,,,,,,,,,,,,,,,,,,,,,,,,,,,,,TN,,,,,,,,,,
mozilla-beta,4788073,1,2c0793d5bd36dd25ac51b0c394cc0b8b6e5c8ebb,linux1804-64-shippable-qr,True,False,,,102210fe594ee9b33d82058545b1ed14f4c8206e,startup_about_home_paint,startup_about_home_paint,True,startup_about_home_paint opt e10s fission stylo webrender-sw,,6,,firefox,446237026.0,1840012491,2024-02-06 20:12:27,965.0,10eea88357d1ac2220fb23638cf6c39d0cbba003,1372975,,,,,,,,,,,,,,,,,,,,,,,,,,,,,,,,,,,,,,,,,,,,,,,,,,TN,,,,,,,,,,
mozilla-beta,4788073,1,2c0793d5bd36dd25ac51b0c394cc0b8b6e5c8ebb,linux1804-64-shippable-qr,True,False,,,102210fe594ee9b33d82058545b1ed14f4c8206e,startup_about_home_paint,startup_about_home_paint,True,startup_about_home_paint opt e10s fission stylo webrender-sw,,6,,firefox,446240740.0,1840029696,2024-02-06 20:35:55,931.0,7c72700cb8d9ccf71ec62fd8331a84674c18571f,1372986,,,,,,,,,,,,,,,,,,,,,,,,,,,,,,,,,,,,,,,,,,,,,,,,,,TN,,,,,,,,,,
mozilla-beta,4788073,1,2c0793d5bd36dd25ac51b0c394cc0b8b6e5c8ebb,linux1804-64-shippable-qr,True,False,,,102210fe594ee9b33d82058545b1ed14f4c8206e,startup_about_home_paint,startup_about_home_paint,True,startup_about_home_paint opt e10s fission stylo webrender-sw,,6,,firefox,446290402.0,1840331992,2024-02-07 07:29:13,936.0,77245ebf8e08ef46554065f805d1c0f0310c6c9a,1373224,,,,,,,,,,,,,,,,,,,,,,,,,,,,,,,,,,,,,,,,,,,,,,,,,,TN,,,,,,,,,,
mozilla-beta,4788073,1,2c0793d5bd36dd25ac51b0c394cc0b8b6e5c8ebb,linux1804-64-shippable-qr,True,False,,,102210fe594ee9b33d82058545b1ed14f4c8206e,startup_about_home_paint,startup_about_home_paint,True,startup_about_home_paint opt e10s fission stylo webrender-sw,,6,,firefox,446302328.0,1840365150,2024-02-07 08:18:56,931.0,1b4583d75b472438e6fed793d30383ca4755bb5a,1373235,,,,,,,,,,,,,,,,,,,,,,,,,,,,,,,,,,,,,,,,,,,,,,,,,,TN,,,,,,,,,,
mozilla-beta,4788073,1,2c0793d5bd36dd25ac51b0c394cc0b8b6e5c8ebb,linux1804-64-shippable-qr,True,False,,,102210fe594ee9b33d82058545b1ed14f4c8206e,startup_about_home_paint,startup_about_home_paint,True,startup_about_home_paint opt e10s fission stylo webrender-sw,,6,,firefox,446306064.0,1840405562,2024-02-07 09:19:58,937.0,e771748109c1517e64c4d3074c8945d0ef233fff,1373258,,,,,,,,,,,,,,,,,,,,,,,,,,,,,,,,,,,,,,,,,,,,,,,,,,TN,,,,,,,,,,
mozilla-beta,4788073,1,2c0793d5bd36dd25ac51b0c394cc0b8b6e5c8ebb,linux1804-64-shippable-qr,True,False,,,102210fe594ee9b33d82058545b1ed14f4c8206e,startup_about_home_paint,startup_about_home_paint,True,startup_about_home_paint opt e10s fission stylo webrender-sw,,6,,firefox,446400999.0,1840691153,2024-02-07 17:29:11,940.0,8f21e7fc0c1b4e1c6bdc2e14432a397e36e0389e,1373631,,,,,,,,,,,,,,,,,,,,,,,,,,,,,,,,,,,,,,,,,,,,,,,,,,TN,,,,,,,,,,
mozilla-beta,4788073,1,2c0793d5bd36dd25ac51b0c394cc0b8b6e5c8ebb,linux1804-64-shippable-qr,True,False,,,102210fe594ee9b33d82058545b1ed14f4c8206e,startup_about_home_paint,startup_about_home_paint,True,startup_about_home_paint opt e10s fission stylo webrender-sw,,6,,firefox,446420806.0,1840806409,2024-02-07 17:31:28,931.0,1b91d8eb60be8c797901bd71b5b44054d9714ed0,1373632,,,,,,,,,,,,,,,,,,,,,,,,,,,,,,,,,,,,,,,,,,,,,,,,,,TN,,,,,,,,,,
mozilla-beta,4788073,1,2c0793d5bd36dd25ac51b0c394cc0b8b6e5c8ebb,linux1804-64-shippable-qr,True,False,,,102210fe594ee9b33d82058545b1ed14f4c8206e,startup_about_home_paint,startup_about_home_paint,True,startup_about_home_paint opt e10s fission stylo webrender-sw,,6,,firefox,446404648.0,1840718765,2024-02-07 18:08:14,929.0,9808901a87ff413ae45b151156e099f99b0fcde2,1373669,,,,,,,,,,,,,,,,,,,,,,,,,,,,,,,,,,,,,,,,,,,,,,,,,,TN,,,,,,,,,,
mozilla-beta,4788073,1,2c0793d5bd36dd25ac51b0c394cc0b8b6e5c8ebb,linux1804-64-shippable-qr,True,False,,,102210fe594ee9b33d82058545b1ed14f4c8206e,startup_about_home_paint,startup_about_home_paint,True,startup_about_home_paint opt e10s fission stylo webrender-sw,,6,,firefox,446448060.0,1840917913,2024-02-07 23:59:27,956.0,453cb7680c52898d60ca64d2d736fe15600a9198,1373889,,,,,,,,,,,,,,,,,,,,,,,,,,,,,,,,,,,,,,,,,,,,,,,,,,TN,,,,,,,,,,
mozilla-beta,4788073,1,2c0793d5bd36dd25ac51b0c394cc0b8b6e5c8ebb,linux1804-64-shippable-qr,True,False,,,102210fe594ee9b33d82058545b1ed14f4c8206e,startup_about_home_paint,startup_about_home_paint,True,startup_about_home_paint opt e10s fission stylo webrender-sw,,6,,firefox,446478397.0,1841103919,2024-02-08 08:14:23,930.0,f51ca575b57686fd78dc5b0e7a89a1bda6aa1e3b,1374017,,,,,,,,,,,,,,,,,,,,,,,,,,,,,,,,,,,,,,,,,,,,,,,,,,TN,,,,,,,,,,
mozilla-beta,4788073,1,2c0793d5bd36dd25ac51b0c394cc0b8b6e5c8ebb,linux1804-64-shippable-qr,True,False,,,102210fe594ee9b33d82058545b1ed14f4c8206e,startup_about_home_paint,startup_about_home_paint,True,startup_about_home_paint opt e10s fission stylo webrender-sw,,6,,firefox,446494039.0,1841152678,2024-02-08 09:19:05,936.0,ddb2e51f3f167c097cecfda69ea5d9219bac8406,1374036,,,,,,,,,,,,,,,,,,,,,,,,,,,,,,,,,,,,,,,,,,,,,,,,,,TN,,,,,,,,,,
mozilla-beta,4788073,1,2c0793d5bd36dd25ac51b0c394cc0b8b6e5c8ebb,linux1804-64-shippable-qr,True,False,,,102210fe594ee9b33d82058545b1ed14f4c8206e,startup_about_home_paint,startup_about_home_paint,True,startup_about_home_paint opt e10s fission stylo webrender-sw,,6,,firefox,446497896.0,1841162494,2024-02-08 11:27:56,953.0,bba1c4f836c2d5b770bb3db1cfb39b611608dbe3,1374095,,,,,,,,,,,,,,,,,,,,,,,,,,,,,,,,,,,,,,,,,,,,,,,,,,TN,,,,,,,,,,
mozilla-beta,4788073,1,2c0793d5bd36dd25ac51b0c394cc0b8b6e5c8ebb,linux1804-64-shippable-qr,True,False,,,102210fe594ee9b33d82058545b1ed14f4c8206e,startup_about_home_paint,startup_about_home_paint,True,startup_about_home_paint opt e10s fission stylo webrender-sw,,6,,firefox,446501727.0,1841173833,2024-02-08 12:17:00,945.0,c0153173d3d82e7c4c4c035f47140d8c3d959074,1374105,,,,,,,,,,,,,,,,,,,,,,,,,,,,,,,,,,,,,,,,,,,,,,,,,,TN,,,,,,,,,,
mozilla-beta,4788073,1,2c0793d5bd36dd25ac51b0c394cc0b8b6e5c8ebb,linux1804-64-shippable-qr,True,False,,,102210fe594ee9b33d82058545b1ed14f4c8206e,startup_about_home_paint,startup_about_home_paint,True,startup_about_home_paint opt e10s fission stylo webrender-sw,,6,,firefox,446510411.0,1841216366,2024-02-08 13:22:33,943.0,adf50cae563ee49db51713af8c792eb00fc75e61,1374115,,,,,,,,,,,,,,,,,,,,,,,,,,,,,,,,,,,,,,,,,,,,,,,,,,TN,,,,,,,,,,
mozilla-beta,4788073,1,2c0793d5bd36dd25ac51b0c394cc0b8b6e5c8ebb,linux1804-64-shippable-qr,True,False,,,102210fe594ee9b33d82058545b1ed14f4c8206e,startup_about_home_paint,startup_about_home_paint,True,startup_about_home_paint opt e10s fission stylo webrender-sw,,6,,firefox,446542600.0,1841340681,2024-02-08 17:32:32,935.0,ee866bff81793c45aecb3f5d7d8f4bd0ea93555b,1374322,,,,,,,,,,,,,,,,,,,,,,,,,,,,,,,,,,,,,,,,,,,,,,,,,,TN,,,,,,,,,,
mozilla-beta,4788073,1,2c0793d5bd36dd25ac51b0c394cc0b8b6e5c8ebb,linux1804-64-shippable-qr,True,False,,,102210fe594ee9b33d82058545b1ed14f4c8206e,startup_about_home_paint,startup_about_home_paint,True,startup_about_home_paint opt e10s fission stylo webrender-sw,,6,,firefox,446561575.0,1841409844,2024-02-08 19:44:44,940.0,98cb75795f830804c6bbbbb8427c6911e6cac7d5,1374447,,,,,,,,,,,,,,,,,,,,,,,,,,,,,,,,,,,,,,,,,,,,,,,,,,TN,,,,,,,,,,
mozilla-beta,4788073,1,2c0793d5bd36dd25ac51b0c394cc0b8b6e5c8ebb,linux1804-64-shippable-qr,True,False,,,102210fe594ee9b33d82058545b1ed14f4c8206e,startup_about_home_paint,startup_about_home_paint,True,startup_about_home_paint opt e10s fission stylo webrender-sw,,6,,firefox,446572056.0,1841463341,2024-02-08 20:39:56,934.0,2994ba711bf024346bee4f7f674bf655fee51d94,1374478,,,,,,,,,,,,,,,,,,,,,,,,,,,,,,,,,,,,,,,,,,,,,,,,,,TN,,,,,,,,,,
mozilla-beta,4788073,1,2c0793d5bd36dd25ac51b0c394cc0b8b6e5c8ebb,linux1804-64-shippable-qr,True,False,,,102210fe594ee9b33d82058545b1ed14f4c8206e,startup_about_home_paint,startup_about_home_paint,True,startup_about_home_paint opt e10s fission stylo webrender-sw,,6,,firefox,446639148.0,1841737301,2024-02-09 08:31:04,940.0,97dd2042617d14565270931303e2df2f84f4a8a9,1374719,,,,,,,,,,,,,,,,,,,,,,,,,,,,,,,,,,,,,,,,,,,,,,,,,,TN,,,,,,,,,,
mozilla-beta,4788073,1,2c0793d5bd36dd25ac51b0c394cc0b8b6e5c8ebb,linux1804-64-shippable-qr,True,False,,,102210fe594ee9b33d82058545b1ed14f4c8206e,startup_about_home_paint,startup_about_home_paint,True,startup_about_home_paint opt e10s fission stylo webrender-sw,,6,,firefox,446643362.0,1841770790,2024-02-09 09:18:12,959.0,c5825068e5e0ce55bb2147e8de9e7f19615ca3d6,1374738,,,,,,,,,,,,,,,,,,,,,,,,,,,,,,,,,,,,,,,,,,,,,,,,,,TN,,,,,,,,,,
mozilla-beta,4788073,1,2c0793d5bd36dd25ac51b0c394cc0b8b6e5c8ebb,linux1804-64-shippable-qr,True,False,,,102210fe594ee9b33d82058545b1ed14f4c8206e,startup_about_home_paint,startup_about_home_paint,True,startup_about_home_paint opt e10s fission stylo webrender-sw,,6,,firefox,446656121.0,1841823415,2024-02-09 10:24:25,945.0,2f3df14b985728e0bcb6a2510d7773bce4749363,1374773,,,,,,,,,,,,,,,,,,,,,,,,,,,,,,,,,,,,,,,,,,,,,,,,,,TN,,,,,,,,,,
mozilla-beta,4788073,1,2c0793d5bd36dd25ac51b0c394cc0b8b6e5c8ebb,linux1804-64-shippable-qr,True,False,,,102210fe594ee9b33d82058545b1ed14f4c8206e,startup_about_home_paint,startup_about_home_paint,True,startup_about_home_paint opt e10s fission stylo webrender-sw,,6,,firefox,446709958.0,1841960517,2024-02-09 14:42:41,947.0,1bb55a790d7a3fdbb2b9723e962f28d26d99e7b6,1374899,,,,,,,,,,,,,,,,,,,,,,,,,,,,,,,,,,,,,,,,,,,,,,,,,,TN,,,,,,,,,,
mozilla-beta,4788073,1,2c0793d5bd36dd25ac51b0c394cc0b8b6e5c8ebb,linux1804-64-shippable-qr,True,False,,,102210fe594ee9b33d82058545b1ed14f4c8206e,startup_about_home_paint,startup_about_home_paint,True,startup_about_home_paint opt e10s fission stylo webrender-sw,,6,,firefox,446792083.0,1842304438,2024-02-10 09:17:14,942.0,1ecc0a4e5e12282711e6fa3f8d0226dd515d03f7,1375372,,,,,,,,,,,,,,,,,,,,,,,,,,,,,,,,,,,,,,,,,,,,,,,,,,TN,,,,,,,,,,
mozilla-beta,4788073,1,2c0793d5bd36dd25ac51b0c394cc0b8b6e5c8ebb,linux1804-64-shippable-qr,True,False,,,102210fe594ee9b33d82058545b1ed14f4c8206e,startup_about_home_paint,startup_about_home_paint,True,startup_about_home_paint opt e10s fission stylo webrender-sw,,6,,firefox,446850444.0,1842543465,2024-02-11 09:17:32,927.0,bfd9eaa704ca4a8e93ea0464631390ffa5a0c1fc,1375470,,,,,,,,,,,,,,,,,,,,,,,,,,,,,,,,,,,,,,,,,,,,,,,,,,TN,,,,,,,,,,
mozilla-beta,4788073,1,2c0793d5bd36dd25ac51b0c394cc0b8b6e5c8ebb,linux1804-64-shippable-qr,True,False,,,102210fe594ee9b33d82058545b1ed14f4c8206e,startup_about_home_paint,startup_about_home_paint,True,startup_about_home_paint opt e10s fission stylo webrender-sw,,6,,firefox,446865902.0,1842582875,2024-02-11 11:34:20,933.0,935359ea03adb54539530b07e6314e7d1c8eea56,1375479,,,,,,,,,,,,,,,,,,,,,,,,,,,,,,,,,,,,,,,,,,,,,,,,,,TN,,,,,,,,,,
mozilla-beta,4788073,1,2c0793d5bd36dd25ac51b0c394cc0b8b6e5c8ebb,linux1804-64-shippable-qr,True,False,,,102210fe594ee9b33d82058545b1ed14f4c8206e,startup_about_home_paint,startup_about_home_paint,True,startup_about_home_paint opt e10s fission stylo webrender-sw,,6,,firefox,446900722.0,1842774985,2024-02-12 09:17:44,924.0,229f1ec7ec2bbd7b577592168557c93e0cc13a01,1375646,,,,,,,,,,,,,,,,,,,,,,,,,,,,,,,,,,,,,,,,,,,,,,,,,,TN,,,,,,,,,,
mozilla-beta,4788073,1,2c0793d5bd36dd25ac51b0c394cc0b8b6e5c8ebb,linux1804-64-shippable-qr,True,False,,,102210fe594ee9b33d82058545b1ed14f4c8206e,startup_about_home_paint,startup_about_home_paint,True,startup_about_home_paint opt e10s fission stylo webrender-sw,,6,,firefox,447616340.0,1845295166,2024-02-19 09:25:31,937.0,efbd175193a69c684c78a68adc4e1862a82ad7b4,1378775,,,,,,,,,,,,,,,,,,,,,,,,,,,,,,,,,,,,,,,,,,,,,,,,,,TN,,,,,,,,,,
mozilla-beta,4788073,1,2c0793d5bd36dd25ac51b0c394cc0b8b6e5c8ebb,linux1804-64-shippable-qr,True,False,,,102210fe594ee9b33d82058545b1ed14f4c8206e,startup_about_home_paint,startup_about_home_paint,True,startup_about_home_paint opt e10s fission stylo webrender-sw,,6,,firefox,447738787.0,1845742534,2024-02-20 09:20:55,971.0,68158ab7c66395248f28b96d9f7f86e11d2e8d60,1379160,,,,,,,,,,,,,,,,,,,,,,,,,,,,,,,,,,,,,,,,,,,,,,,,,,TN,,,,,,,,,,
mozilla-beta,4788073,1,2c0793d5bd36dd25ac51b0c394cc0b8b6e5c8ebb,linux1804-64-shippable-qr,True,False,,,102210fe594ee9b33d82058545b1ed14f4c8206e,startup_about_home_paint,startup_about_home_paint,True,startup_about_home_paint opt e10s fission stylo webrender-sw,,6,,firefox,447876285.0,1846239869,2024-02-21 09:15:58,928.0,f52b92d785d0346848c447a502d5d50bebd2ea53,1379816,,,,,,,,,,,,,,,,,,,,,,,,,,,,,,,,,,,,,,,,,,,,,,,,,,TN,,,,,,,,,,
mozilla-beta,4788073,1,2c0793d5bd36dd25ac51b0c394cc0b8b6e5c8ebb,linux1804-64-shippable-qr,True,False,,,102210fe594ee9b33d82058545b1ed14f4c8206e,startup_about_home_paint,startup_about_home_paint,True,startup_about_home_paint opt e10s fission stylo webrender-sw,,6,,firefox,448049787.0,1847042868,2024-02-22 09:17:41,953.0,92ad84fbd2d3ab2c2d05d5080455a140a126cff5,1380500,,,,,,,,,,,,,,,,,,,,,,,,,,,,,,,,,,,,,,,,,,,,,,,,,,TN,,,,,,,,,,
mozilla-beta,4788073,1,2c0793d5bd36dd25ac51b0c394cc0b8b6e5c8ebb,linux1804-64-shippable-qr,True,False,,,102210fe594ee9b33d82058545b1ed14f4c8206e,startup_about_home_paint,startup_about_home_paint,True,startup_about_home_paint opt e10s fission stylo webrender-sw,,6,,firefox,448191942.0,1847683981,2024-02-23 09:17:06,945.0,1ec7aaea5f3d1777524a7330e076d096399ae4f5,1381265,,,,,,,,,,,,,,,,,,,,,,,,,,,,,,,,,,,,,,,,,,,,,,,,,,TN,,,,,,,,,,
mozilla-beta,4788073,1,2c0793d5bd36dd25ac51b0c394cc0b8b6e5c8ebb,linux1804-64-shippable-qr,True,False,,,102210fe594ee9b33d82058545b1ed14f4c8206e,startup_about_home_paint,startup_about_home_paint,True,startup_about_home_paint opt e10s fission stylo webrender-sw,,6,,firefox,448336323.0,1848256981,2024-02-24 09:17:22,947.0,957eaa7c057ac32303286a9f151e40393de97f35,1381908,,,,,,,,,,,,,,,,,,,,,,,,,,,,,,,,,,,,,,,,,,,,,,,,,,TN,,,,,,,,,,
mozilla-beta,4788073,1,2c0793d5bd36dd25ac51b0c394cc0b8b6e5c8ebb,linux1804-64-shippable-qr,True,False,,,102210fe594ee9b33d82058545b1ed14f4c8206e,startup_about_home_paint,startup_about_home_paint,True,startup_about_home_paint opt e10s fission stylo webrender-sw,,6,,firefox,448390764.0,1848441475,2024-02-25 09:17:37,930.0,934697c1247f8a7f0990d97d055540f17de9b474,1382031,,,,,,,,,,,,,,,,,,,,,,,,,,,,,,,,,,,,,,,,,,,,,,,,,,TN,,,,,,,,,,
mozilla-beta,4788073,1,2c0793d5bd36dd25ac51b0c394cc0b8b6e5c8ebb,linux1804-64-shippable-qr,True,False,,,102210fe594ee9b33d82058545b1ed14f4c8206e,startup_about_home_paint,startup_about_home_paint,True,startup_about_home_paint opt e10s fission stylo webrender-sw,,6,,firefox,448444748.0,1848619094,2024-02-26 09:19:39,958.0,ae07067467cc71fb031882787bfc03933b389664,1382178,,,,,,,,,,,,,,,,,,,,,,,,,,,,,,,,,,,,,,,,,,,,,,,,,,TN,,,,,,,,,,
mozilla-beta,4788073,1,2c0793d5bd36dd25ac51b0c394cc0b8b6e5c8ebb,linux1804-64-shippable-qr,True,False,,,102210fe594ee9b33d82058545b1ed14f4c8206e,startup_about_home_paint,startup_about_home_paint,True,startup_about_home_paint opt e10s fission stylo webrender-sw,,6,,firefox,448602011.0,1849270998,2024-02-27 09:15:26,941.0,0999ed6a09f562ac5680ce7111c3611857a93c49,1382853,,,,,,,,,,,,,,,,,,,,,,,,,,,,,,,,,,,,,,,,,,,,,,,,,,TN,,,,,,,,,,
mozilla-beta,4788073,1,2c0793d5bd36dd25ac51b0c394cc0b8b6e5c8ebb,linux1804-64-shippable-qr,True,False,,,102210fe594ee9b33d82058545b1ed14f4c8206e,startup_about_home_paint,startup_about_home_paint,True,startup_about_home_paint opt e10s fission stylo webrender-sw,,6,,firefox,448756836.0,1849874887,2024-02-28 09:17:14,940.0,401ddd57f906d5e7ca764f87db82b58a9532b1b7,1383641,,,,,,,,,,,,,,,,,,,,,,,,,,,,,,,,,,,,,,,,,,,,,,,,,,TN,,,,,,,,,,
mozilla-beta,4788073,1,2c0793d5bd36dd25ac51b0c394cc0b8b6e5c8ebb,linux1804-64-shippable-qr,True,False,,,102210fe594ee9b33d82058545b1ed14f4c8206e,startup_about_home_paint,startup_about_home_paint,True,startup_about_home_paint opt e10s fission stylo webrender-sw,,6,,firefox,448942643.0,1850592137,2024-02-29 09:18:56,948.0,47a022d40eee30f09c94e7ed9ab0c07c76658c43,1384386,,,,,,,,,,,,,,,,,,,,,,,,,,,,,,,,,,,,,,,,,,,,,,,,,,TN,,,,,,,,,,
mozilla-beta,4788073,1,2c0793d5bd36dd25ac51b0c394cc0b8b6e5c8ebb,linux1804-64-shippable-qr,True,False,,,102210fe594ee9b33d82058545b1ed14f4c8206e,startup_about_home_paint,startup_about_home_paint,True,startup_about_home_paint opt e10s fission stylo webrender-sw,,6,,firefox,449086830.0,1851242752,2024-03-01 09:18:52,940.0,4460e94868c1046b2812fc3a0940966d4a98a7c5,1385270,,,,,,,,,,,,,,,,,,,,,,,,,,,,,,,,,,,,,,,,,,,,,,,,,,TN,,,,,,,,,,
mozilla-beta,4788073,1,2c0793d5bd36dd25ac51b0c394cc0b8b6e5c8ebb,linux1804-64-shippable-qr,True,False,,,102210fe594ee9b33d82058545b1ed14f4c8206e,startup_about_home_paint,startup_about_home_paint,True,startup_about_home_paint opt e10s fission stylo webrender-sw,,6,,firefox,449201585.0,1851676116,2024-03-02 09:17:43,927.0,1cb56ccffcba9313d8620178c2972a667fcfb441,1385896,,,,,,,,,,,,,,,,,,,,,,,,,,,,,,,,,,,,,,,,,,,,,,,,,,TN,,,,,,,,,,
mozilla-beta,4788073,1,2c0793d5bd36dd25ac51b0c394cc0b8b6e5c8ebb,linux1804-64-shippable-qr,True,False,,,102210fe594ee9b33d82058545b1ed14f4c8206e,startup_about_home_paint,startup_about_home_paint,True,startup_about_home_paint opt e10s fission stylo webrender-sw,,6,,firefox,449306049.0,1852090677,2024-03-03 09:19:05,948.0,bfdc95d345acc33d49664c07e599896f13fcfe83,1386049,,,,,,,,,,,,,,,,,,,,,,,,,,,,,,,,,,,,,,,,,,,,,,,,,,TN,,,,,,,,,,
mozilla-beta,4788073,1,2c0793d5bd36dd25ac51b0c394cc0b8b6e5c8ebb,linux1804-64-shippable-qr,True,False,,,102210fe594ee9b33d82058545b1ed14f4c8206e,startup_about_home_paint,startup_about_home_paint,True,startup_about_home_paint opt e10s fission stylo webrender-sw,,6,,firefox,449382315.0,1852411756,2024-03-04 09:17:53,930.0,27d659cebabdf65399b834419b955970b7063987,1386240,,,,,,,,,,,,,,,,,,,,,,,,,,,,,,,,,,,,,,,,,,,,,,,,,,TN,,,,,,,,,,
mozilla-beta,4788073,1,2c0793d5bd36dd25ac51b0c394cc0b8b6e5c8ebb,linux1804-64-shippable-qr,True,False,,,102210fe594ee9b33d82058545b1ed14f4c8206e,startup_about_home_paint,startup_about_home_paint,True,startup_about_home_paint opt e10s fission stylo webrender-sw,,6,,firefox,449584660.0,1853108915,2024-03-05 09:18:16,931.0,ca3c73cda9454065f94c8042e1ab22f3b63d37e4,1387064,,,,,,,,,,,,,,,,,,,,,,,,,,,,,,,,,,,,,,,,,,,,,,,,,,TN,,,,,,,,,,
mozilla-beta,4788073,1,2c0793d5bd36dd25ac51b0c394cc0b8b6e5c8ebb,linux1804-64-shippable-qr,True,False,,,102210fe594ee9b33d82058545b1ed14f4c8206e,startup_about_home_paint,startup_about_home_paint,True,startup_about_home_paint opt e10s fission stylo webrender-sw,,6,,firefox,449755683.0,1853751768,2024-03-06 10:47:56,938.0,e3e0e69d83f0a2b2c37c8c08e660f9e1258c0cdb,1388026,,,,,,,,,,,,,,,,,,,,,,,,,,,,,,,,,,,,,,,,,,,,,,,,,,TN,,,,,,,,,,
mozilla-beta,4788073,1,2c0793d5bd36dd25ac51b0c394cc0b8b6e5c8ebb,linux1804-64-shippable-qr,True,False,,,102210fe594ee9b33d82058545b1ed14f4c8206e,startup_about_home_paint,startup_about_home_paint,True,startup_about_home_paint opt e10s fission stylo webrender-sw,,6,,firefox,449915213.0,1854398328,2024-03-07 09:17:51,921.0,f8d8807e88c8d0cef0e81df53f18d2599dba30c0,1388859,,,,,,,,,,,,,,,,,,,,,,,,,,,,,,,,,,,,,,,,,,,,,,,,,,TN,,,,,,,,,,
mozilla-beta,4788073,1,2c0793d5bd36dd25ac51b0c394cc0b8b6e5c8ebb,linux1804-64-shippable-qr,True,False,,,102210fe594ee9b33d82058545b1ed14f4c8206e,startup_about_home_paint,startup_about_home_paint,True,startup_about_home_paint opt e10s fission stylo webrender-sw,,6,,firefox,450053334.0,1855044339,2024-03-08 09:16:26,937.0,70ebd4ce1fd92e981156d6ee8b4c83924bbcf9bc,1389590,,,,,,,,,,,,,,,,,,,,,,,,,,,,,,,,,,,,,,,,,,,,,,,,,,TN,,,,,,,,,,
mozilla-beta,4788073,1,2c0793d5bd36dd25ac51b0c394cc0b8b6e5c8ebb,linux1804-64-shippable-qr,True,False,,,102210fe594ee9b33d82058545b1ed14f4c8206e,startup_about_home_paint,startup_about_home_paint,True,startup_about_home_paint opt e10s fission stylo webrender-sw,,6,,firefox,450187672.0,1855575429,2024-03-09 09:18:50,934.0,cf5738c4ba92559e15bf68b7425362ee9cf06c4f,1390177,,,,,,,,,,,,,,,,,,,,,,,,,,,,,,,,,,,,,,,,,,,,,,,,,,TN,,,,,,,,,,
mozilla-beta,4788073,1,2c0793d5bd36dd25ac51b0c394cc0b8b6e5c8ebb,linux1804-64-shippable-qr,True,False,,,102210fe594ee9b33d82058545b1ed14f4c8206e,startup_about_home_paint,startup_about_home_paint,True,startup_about_home_paint opt e10s fission stylo webrender-sw,,6,,firefox,450245459.0,1855773382,2024-03-10 09:17:47,938.0,540aff2c4e3fb06d8f2d7237c0f97e2607f66db2,1390270,,,,,,,,,,,,,,,,,,,,,,,,,,,,,,,,,,,,,,,,,,,,,,,,,,TN,,,,,,,,,,
mozilla-beta,4788073,1,2c0793d5bd36dd25ac51b0c394cc0b8b6e5c8ebb,linux1804-64-shippable-qr,True,False,,,102210fe594ee9b33d82058545b1ed14f4c8206e,startup_about_home_paint,startup_about_home_paint,True,startup_about_home_paint opt e10s fission stylo webrender-sw,,6,,firefox,450307255.0,1856030359,2024-03-11 09:18:41,909.0,0cf99846ae207384b7b0d487a0c2bdc891c41b98,1390441,,,,,,,,,,,,,,,,,,,,,,,,,,,,,,,,,,,,,,,,,,,,,,,,,,TN,,,,,,,,,,
mozilla-beta,4788073,1,2c0793d5bd36dd25ac51b0c394cc0b8b6e5c8ebb,linux1804-64-shippable-qr,True,False,,,102210fe594ee9b33d82058545b1ed14f4c8206e,startup_about_home_paint,startup_about_home_paint,True,startup_about_home_paint opt e10s fission stylo webrender-sw,,6,,firefox,450466565.0,1856628811,2024-03-11 14:13:13,927.0,0e1d5dc220c3bfb832d713de0ad1146da80622aa,1390540,,,,,,,,,,,,,,,,,,,,,,,,,,,,,,,,,,,,,,,,,,,,,,,,,,TN,,,,,,,,,,
mozilla-beta,4788073,1,2c0793d5bd36dd25ac51b0c394cc0b8b6e5c8ebb,linux1804-64-shippable-qr,True,False,,,102210fe594ee9b33d82058545b1ed14f4c8206e,startup_about_home_paint,startup_about_home_paint,True,startup_about_home_paint opt e10s fission stylo webrender-sw,,6,,firefox,451102535.0,1859467877,2024-03-18 08:55:08,940.0,566939372e5a2716a9508a1acde76dc7c4a2511d,1394231,,,,,,,,,,,,,,,,,,,,,,,,,,,,,,,,,,,,,,,,,,,,,,,,,,TN,,,,,,,,,,
mozilla-beta,4788073,1,2c0793d5bd36dd25ac51b0c394cc0b8b6e5c8ebb,linux1804-64-shippable-qr,True,False,,,102210fe594ee9b33d82058545b1ed14f4c8206e,startup_about_home_paint,startup_about_home_paint,True,startup_about_home_paint opt e10s fission stylo webrender-sw,,6,,firefox,451274356.0,1860128189,2024-03-19 09:38:35,945.0,0a6626ed41f59eb0256321549dcb596810cde22a,1394680,,,,,,,,,,,,,,,,,,,,,,,,,,,,,,,,,,,,,,,,,,,,,,,,,,TN,,,,,,,,,,
mozilla-beta,4788073,1,2c0793d5bd36dd25ac51b0c394cc0b8b6e5c8ebb,linux1804-64-shippable-qr,True,False,,,102210fe594ee9b33d82058545b1ed14f4c8206e,startup_about_home_paint,startup_about_home_paint,True,startup_about_home_paint opt e10s fission stylo webrender-sw,,6,,firefox,451456257.0,1860876959,2024-03-20 09:17:24,979.0,ffae974400aead10a82798846de082587d2f8981,1395090,,,,,,,,,,,,,,,,,,,,,,,,,,,,,,,,,,,,,,,,,,,,,,,,,,TN,,,,,,,,,,
mozilla-beta,4788073,1,2c0793d5bd36dd25ac51b0c394cc0b8b6e5c8ebb,linux1804-64-shippable-qr,True,False,,,102210fe594ee9b33d82058545b1ed14f4c8206e,startup_about_home_paint,startup_about_home_paint,True,startup_about_home_paint opt e10s fission stylo webrender-sw,,6,,firefox,451651063.0,1861636693,2024-03-21 09:16:03,971.0,5ef320087fe3720e882d8e1c7a12b1295c818ebd,1395733,,,,,,,,,,,,,,,,,,,,,,,,,,,,,,,,,,,,,,,,,,,,,,,,,,TN,,,,,,,,,,
mozilla-beta,4788073,1,2c0793d5bd36dd25ac51b0c394cc0b8b6e5c8ebb,linux1804-64-shippable-qr,True,False,,,102210fe594ee9b33d82058545b1ed14f4c8206e,startup_about_home_paint,startup_about_home_paint,True,startup_about_home_paint opt e10s fission stylo webrender-sw,,6,,firefox,451876299.0,1862438941,2024-03-22 09:16:22,958.0,ee89d28fdf0e54ffce41da17f83535e68cbb3c2d,1397233,,,,,,,,,,,,,,,,,,,,,,,,,,,,,,,,,,,,,,,,,,,,,,,,,,TN,,,,,,,,,,
mozilla-beta,4788073,1,2c0793d5bd36dd25ac51b0c394cc0b8b6e5c8ebb,linux1804-64-shippable-qr,True,False,,,102210fe594ee9b33d82058545b1ed14f4c8206e,startup_about_home_paint,startup_about_home_paint,True,startup_about_home_paint opt e10s fission stylo webrender-sw,,6,,firefox,452005098.0,1862997609,2024-03-23 09:19:32,966.0,77e3a282dfd4685e94c03ecd5b18624226e19b27,1397823,,,,,,,,,,,,,,,,,,,,,,,,,,,,,,,,,,,,,,,,,,,,,,,,,,TN,,,,,,,,,,
mozilla-beta,4788073,1,2c0793d5bd36dd25ac51b0c394cc0b8b6e5c8ebb,linux1804-64-shippable-qr,True,False,,,102210fe594ee9b33d82058545b1ed14f4c8206e,startup_about_home_paint,startup_about_home_paint,True,startup_about_home_paint opt e10s fission stylo webrender-sw,,6,,firefox,452071269.0,1863272088,2024-03-24 09:20:06,963.0,3d85a80706c8f8aa0641870ddd524cfea4891444,1397933,,,,,,,,,,,,,,,,,,,,,,,,,,,,,,,,,,,,,,,,,,,,,,,,,,TN,,,,,,,,,,
mozilla-beta,4788073,1,2c0793d5bd36dd25ac51b0c394cc0b8b6e5c8ebb,linux1804-64-shippable-qr,True,False,,,102210fe594ee9b33d82058545b1ed14f4c8206e,startup_about_home_paint,startup_about_home_paint,True,startup_about_home_paint opt e10s fission stylo webrender-sw,,6,,firefox,452147404.0,1863599869,2024-03-25 09:14:08,950.0,e44d7c643476811488fd811c8bba2509843641c1,1398053,,,,,,,,,,,,,,,,,,,,,,,,,,,,,,,,,,,,,,,,,,,,,,,,,,TN,,,,,,,,,,
mozilla-beta,4788073,1,2c0793d5bd36dd25ac51b0c394cc0b8b6e5c8ebb,linux1804-64-shippable-qr,True,False,,,102210fe594ee9b33d82058545b1ed14f4c8206e,startup_about_home_paint,startup_about_home_paint,True,startup_about_home_paint opt e10s fission stylo webrender-sw,,6,,firefox,452325999.0,1864341443,2024-03-26 09:15:47,945.0,d301ddf00248b484c7738710f6c8b8505b83f314,1398856,,,,,,,,,,,,,,,,,,,,,,,,,,,,,,,,,,,,,,,,,,,,,,,,,,TN,,,,,,,,,,
mozilla-beta,4788073,1,2c0793d5bd36dd25ac51b0c394cc0b8b6e5c8ebb,linux1804-64-shippable-qr,True,False,,,102210fe594ee9b33d82058545b1ed14f4c8206e,startup_about_home_paint,startup_about_home_paint,True,startup_about_home_paint opt e10s fission stylo webrender-sw,,6,,firefox,452491602.0,1865027436,2024-03-27 09:22:50,966.0,2961c0291c90821915e323eb718526343c9002f6,1399681,,,,,,,,,,,,,,,,,,,,,,,,,,,,,,,,,,,,,,,,,,,,,,,,,,TN,,,,,,,,,,
mozilla-beta,4788073,1,2c0793d5bd36dd25ac51b0c394cc0b8b6e5c8ebb,linux1804-64-shippable-qr,True,False,,,102210fe594ee9b33d82058545b1ed14f4c8206e,startup_about_home_paint,startup_about_home_paint,True,startup_about_home_paint opt e10s fission stylo webrender-sw,,6,,firefox,452664675.0,1865693723,2024-03-28 09:19:58,963.0,d8ff3d0abda00419cb16fc609e8bd1b548a22f20,1400430,,,,,,,,,,,,,,,,,,,,,,,,,,,,,,,,,,,,,,,,,,,,,,,,,,TN,,,,,,,,,,
mozilla-beta,4788073,1,2c0793d5bd36dd25ac51b0c394cc0b8b6e5c8ebb,linux1804-64-shippable-qr,True,False,,,102210fe594ee9b33d82058545b1ed14f4c8206e,startup_about_home_paint,startup_about_home_paint,True,startup_about_home_paint opt e10s fission stylo webrender-sw,,6,,firefox,452805523.0,1866302223,2024-03-29 09:19:18,946.0,9d8459103ff084e7123569e4154861e4814b1a5c,1401077,,,,,,,,,,,,,,,,,,,,,,,,,,,,,,,,,,,,,,,,,,,,,,,,,,TN,,,,,,,,,,
mozilla-beta,4788073,1,2c0793d5bd36dd25ac51b0c394cc0b8b6e5c8ebb,linux1804-64-shippable-qr,True,False,,,102210fe594ee9b33d82058545b1ed14f4c8206e,startup_about_home_paint,startup_about_home_paint,True,startup_about_home_paint opt e10s fission stylo webrender-sw,,6,,firefox,452920534.0,1866751927,2024-03-30 09:18:58,932.0,fba6666cd8c543502ed302f3b88b3f3a3ad1b0a5,1401447,,,,,,,,,,,,,,,,,,,,,,,,,,,,,,,,,,,,,,,,,,,,,,,,,,TN,,,,,,,,,,
mozilla-beta,4788073,1,2c0793d5bd36dd25ac51b0c394cc0b8b6e5c8ebb,linux1804-64-shippable-qr,True,False,,,102210fe594ee9b33d82058545b1ed14f4c8206e,startup_about_home_paint,startup_about_home_paint,True,startup_about_home_paint opt e10s fission stylo webrender-sw,,6,,firefox,452976709.0,1866975110,2024-03-31 09:17:23,937.0,6d71e191ef0c59ab08e1f033675d55f11f8d745f,1401517,,,,,,,,,,,,,,,,,,,,,,,,,,,,,,,,,,,,,,,,,,,,,,,,,,TN,,,,,,,,,,
mozilla-beta,4788073,1,2c0793d5bd36dd25ac51b0c394cc0b8b6e5c8ebb,linux1804-64-shippable-qr,True,False,,,102210fe594ee9b33d82058545b1ed14f4c8206e,startup_about_home_paint,startup_about_home_paint,True,startup_about_home_paint opt e10s fission stylo webrender-sw,,6,,firefox,453033809.0,1867171273,2024-04-01 09:16:00,933.0,705c01f25fd07ab305f171f08f4ec807d926b61a,1401632,,,,,,,,,,,,,,,,,,,,,,,,,,,,,,,,,,,,,,,,,,,,,,,,,,TN,,,,,,,,,,
