job_id,entry_id,push_timestamp,value,revision,push_id,repository_name,test,lower_is_better,name,parent_signature,repository_id,measurement_unit,application,has_subtests,tags,extra_options,signature_id,framework_id,signature_hash,option_collection_hash,machine_platform,suite,should_alert,alert_id,alert_push_id,alert_prev_push_id,alert_creation_timestamp,alert_first_triaged,alert_triage_due_date,alert_repository,alert_framework,test_id,test_status,test_series_signature_framework_id,test_series_signature_signature_hash,test_series_signature_machine_platform,test_series_signature_test,test_series_signature_suite,test_series_signature_lower_is_better,test_series_signature_has_subtests,test_series_signature_option_collection_hash,test_series_signature_tags,test_series_signature_extra_options,test_series_signature_measurement_unit,test_series_signature_suite_public_name,test_series_signature_test_public_name,test_prev_taskcluster_metadata_task_id,test_prev_taskcluster_metadata_retry_id,test_taskcluster_metadata_task_id,test_taskcluster_metadata_retry_id,test_profile_url,test_prev_profile_url,test_is_regression,test_prev_value,test_new_value,test_t_value,test_amount_abs,test_amount_pct,test_summary_id,test_related_summary_id,test_manually_created,test_classifier,test_starred,test_classifier_email,test_backfill_record_context,test_backfill_record_status,test_backfill_record_total_actions_triggered,test_backfill_record_total_backfills_failed,test_backfill_record_total_backfills_successful,test_backfill_record_total_backfills_in_progress,test_noise_profile,alert_related_alerts,alert_status,alert_bug_number,alert_bug_due_date,alert_bug_updated,alert_issue_tracker,alert_notes,alert_push_timestamp,alert_prev_push_revision,alert_assignee_username,alert_assignee_email,alert_performance_tags
,1698840593,2023-05-22 10:20:25,360.0,59efee44047ab7ec777916f9f2aa533eb33a25fe,1244253,mozilla-beta,LastVisualChange,True,google-search LastVisualChange opt cold fission webrender,,6,ms,firefox,False,|c|o|l|d| |f|i|s|s|i|o|n| |w|e|b|r|e|n|d|e|r|,,4168542,13,501ef63265451808903c2f1a4acc333b684a8a04,102210fe594ee9b33d82058545b1ed14f4c8206e,linux1804-64-shippable-qr,google-search,True,,,,,,,,,,,,,,,,,,,,,,,,,,,,,,,,,,,,,,,,,,,,,,,,,,TN,,,,,,,,,,
,1698899804,2023-05-22 12:50:35,360.0,f64639378b47382ab57adf6203e2b94c99e1f3cf,1244349,mozilla-beta,LastVisualChange,True,google-search LastVisualChange opt cold fission webrender,,6,ms,firefox,False,|c|o|l|d| |f|i|s|s|i|o|n| |w|e|b|r|e|n|d|e|r|,,4168542,13,501ef63265451808903c2f1a4acc333b684a8a04,102210fe594ee9b33d82058545b1ed14f4c8206e,linux1804-64-shippable-qr,google-search,True,,,,,,,,,,,,,,,,,,,,,,,,,,,,,,,,,,,,,,,,,,,,,,,,,,TN,,,,,,,,,,
,1699050929,2023-05-22 18:02:38,360.0,3a78a160d7584e6f7624cc20ea364b05d4a3671a,1244588,mozilla-beta,LastVisualChange,True,google-search LastVisualChange opt cold fission webrender,,6,ms,firefox,False,|c|o|l|d| |f|i|s|s|i|o|n| |w|e|b|r|e|n|d|e|r|,,4168542,13,501ef63265451808903c2f1a4acc333b684a8a04,102210fe594ee9b33d82058545b1ed14f4c8206e,linux1804-64-shippable-qr,google-search,True,,,,,,,,,,,,,,,,,,,,,,,,,,,,,,,,,,,,,,,,,,,,,,,,,,TN,,,,,,,,,,
,1699252772,2023-05-23 09:18:46,360.0,ed40737cb95a517f2a77404a8191d1cd46bbb10b,1244938,mozilla-beta,LastVisualChange,True,google-search LastVisualChange opt cold fission webrender,,6,ms,firefox,False,|c|o|l|d| |f|i|s|s|i|o|n| |w|e|b|r|e|n|d|e|r|,,4168542,13,501ef63265451808903c2f1a4acc333b684a8a04,102210fe594ee9b33d82058545b1ed14f4c8206e,linux1804-64-shippable-qr,google-search,True,,,,,,,,,,,,,,,,,,,,,,,,,,,,,,,,,,,,,,,,,,,,,,,,,,TN,,,,,,,,,,
,1699397679,2023-05-23 13:09:04,360.0,8eecf106862ea56b832570bd15d10d6e6cd34fe8,1245056,mozilla-beta,LastVisualChange,True,google-search LastVisualChange opt cold fission webrender,,6,ms,firefox,False,|c|o|l|d| |f|i|s|s|i|o|n| |w|e|b|r|e|n|d|e|r|,,4168542,13,501ef63265451808903c2f1a4acc333b684a8a04,102210fe594ee9b33d82058545b1ed14f4c8206e,linux1804-64-shippable-qr,google-search,True,,,,,,,,,,,,,,,,,,,,,,,,,,,,,,,,,,,,,,,,,,,,,,,,,,TN,,,,,,,,,,
,1699479708,2023-05-23 16:30:53,360.0,18f79b69b59438d998569d811b6f77b0764b3c23,1245237,mozilla-beta,LastVisualChange,True,google-search LastVisualChange opt cold fission webrender,,6,ms,firefox,False,|c|o|l|d| |f|i|s|s|i|o|n| |w|e|b|r|e|n|d|e|r|,,4168542,13,501ef63265451808903c2f1a4acc333b684a8a04,102210fe594ee9b33d82058545b1ed14f4c8206e,linux1804-64-shippable-qr,google-search,True,,,,,,,,,,,,,,,,,,,,,,,,,,,,,,,,,,,,,,,,,,,,,,,,,,TN,,,,,,,,,,
,1699498323,2023-05-23 16:49:14,360.0,53ee070b649541904b75cbdf9d2b418385b407f7,1245253,mozilla-beta,LastVisualChange,True,google-search LastVisualChange opt cold fission webrender,,6,ms,firefox,False,|c|o|l|d| |f|i|s|s|i|o|n| |w|e|b|r|e|n|d|e|r|,,4168542,13,501ef63265451808903c2f1a4acc333b684a8a04,102210fe594ee9b33d82058545b1ed14f4c8206e,linux1804-64-shippable-qr,google-search,True,,,,,,,,,,,,,,,,,,,,,,,,,,,,,,,,,,,,,,,,,,,,,,,,,,TN,,,,,,,,,,
,1699530843,2023-05-23 17:46:44,360.0,ac0c93ea38fc5dc013c2c0776560d70a84f234f0,1245316,mozilla-beta,LastVisualChange,True,google-search LastVisualChange opt cold fission webrender,,6,ms,firefox,False,|c|o|l|d| |f|i|s|s|i|o|n| |w|e|b|r|e|n|d|e|r|,,4168542,13,501ef63265451808903c2f1a4acc333b684a8a04,102210fe594ee9b33d82058545b1ed14f4c8206e,linux1804-64-shippable-qr,google-search,True,,,,,,,,,,,,,,,,,,,,,,,,,,,,,,,,,,,,,,,,,,,,,,,,,,TN,,,,,,,,,,
,1699550545,2023-05-23 18:02:01,320.0,82dc2107af48651dbb964da6c32de7b2c2bc2da3,1245332,mozilla-beta,LastVisualChange,True,google-search LastVisualChange opt cold fission webrender,,6,ms,firefox,False,|c|o|l|d| |f|i|s|s|i|o|n| |w|e|b|r|e|n|d|e|r|,,4168542,13,501ef63265451808903c2f1a4acc333b684a8a04,102210fe594ee9b33d82058545b1ed14f4c8206e,linux1804-64-shippable-qr,google-search,True,,,,,,,,,,,,,,,,,,,,,,,,,,,,,,,,,,,,,,,,,,,,,,,,,,TN,,,,,,,,,,
,1699569566,2023-05-23 18:36:58,320.0,5f16ffade66ea830c83471e923c1921281da22da,1245358,mozilla-beta,LastVisualChange,True,google-search LastVisualChange opt cold fission webrender,,6,ms,firefox,False,|c|o|l|d| |f|i|s|s|i|o|n| |w|e|b|r|e|n|d|e|r|,,4168542,13,501ef63265451808903c2f1a4acc333b684a8a04,102210fe594ee9b33d82058545b1ed14f4c8206e,linux1804-64-shippable-qr,google-search,True,,,,,,,,,,,,,,,,,,,,,,,,,,,,,,,,,,,,,,,,,,,,,,,,,,TN,,,,,,,,,,
,1699870340,2023-05-24 06:14:16,360.0,0d591a2b6b3d3c7d1b867a7570fb7a9ea35d950f,1245634,mozilla-beta,LastVisualChange,True,google-search LastVisualChange opt cold fission webrender,,6,ms,firefox,False,|c|o|l|d| |f|i|s|s|i|o|n| |w|e|b|r|e|n|d|e|r|,,4168542,13,501ef63265451808903c2f1a4acc333b684a8a04,102210fe594ee9b33d82058545b1ed14f4c8206e,linux1804-64-shippable-qr,google-search,True,,,,,,,,,,,,,,,,,,,,,,,,,,,,,,,,,,,,,,,,,,,,,,,,,,TN,,,,,,,,,,
,1700215762,2023-05-24 17:59:27,360.0,7e6afebb6539e964f4e791df7fa66f37f64f0cb1,1246073,mozilla-beta,LastVisualChange,True,google-search LastVisualChange opt cold fission webrender,,6,ms,firefox,False,|c|o|l|d| |f|i|s|s|i|o|n| |w|e|b|r|e|n|d|e|r|,,4168542,13,501ef63265451808903c2f1a4acc333b684a8a04,102210fe594ee9b33d82058545b1ed14f4c8206e,linux1804-64-shippable-qr,google-search,True,,,,,,,,,,,,,,,,,,,,,,,,,,,,,,,,,,,,,,,,,,,,,,,,,,TN,,,,,,,,,,
,1700499422,2023-05-25 08:53:12,360.0,549d05e67d9150f81a94be134aec3adbc3978974,1246512,mozilla-beta,LastVisualChange,True,google-search LastVisualChange opt cold fission webrender,,6,ms,firefox,False,|c|o|l|d| |f|i|s|s|i|o|n| |w|e|b|r|e|n|d|e|r|,,4168542,13,501ef63265451808903c2f1a4acc333b684a8a04,102210fe594ee9b33d82058545b1ed14f4c8206e,linux1804-64-shippable-qr,google-search,True,,,,,,,,,,,,,,,,,,,,,,,,,,,,,,,,,,,,,,,,,,,,,,,,,,TN,,,,,,,,,,
,1700589090,2023-05-25 12:01:03,360.0,74857120017a848c1e6eb33a8f5e3b67ec1af7e7,1246620,mozilla-beta,LastVisualChange,True,google-search LastVisualChange opt cold fission webrender,,6,ms,firefox,False,|c|o|l|d| |f|i|s|s|i|o|n| |w|e|b|r|e|n|d|e|r|,,4168542,13,501ef63265451808903c2f1a4acc333b684a8a04,102210fe594ee9b33d82058545b1ed14f4c8206e,linux1804-64-shippable-qr,google-search,True,,,,,,,,,,,,,,,,,,,,,,,,,,,,,,,,,,,,,,,,,,,,,,,,,,TN,,,,,,,,,,
,1700699454,2023-05-25 16:17:59,360.0,06950c28b7b2ea4afb667dfddd9c2c1b629b1e95,1246803,mozilla-beta,LastVisualChange,True,google-search LastVisualChange opt cold fission webrender,,6,ms,firefox,False,|c|o|l|d| |f|i|s|s|i|o|n| |w|e|b|r|e|n|d|e|r|,,4168542,13,501ef63265451808903c2f1a4acc333b684a8a04,102210fe594ee9b33d82058545b1ed14f4c8206e,linux1804-64-shippable-qr,google-search,True,,,,,,,,,,,,,,,,,,,,,,,,,,,,,,,,,,,,,,,,,,,,,,,,,,TN,,,,,,,,,,
,1700780764,2023-05-25 18:01:43,360.0,c7f69f20eeaa34260e1425c2783f389ee3a21904,1246893,mozilla-beta,LastVisualChange,True,google-search LastVisualChange opt cold fission webrender,,6,ms,firefox,False,|c|o|l|d| |f|i|s|s|i|o|n| |w|e|b|r|e|n|d|e|r|,,4168542,13,501ef63265451808903c2f1a4acc333b684a8a04,102210fe594ee9b33d82058545b1ed14f4c8206e,linux1804-64-shippable-qr,google-search,True,,,,,,,,,,,,,,,,,,,,,,,,,,,,,,,,,,,,,,,,,,,,,,,,,,TN,,,,,,,,,,
,1701519549,2023-05-26 18:00:45,320.0,7c4f19e995f5243c1f86e92af5962c3055e9431c,1247633,mozilla-beta,LastVisualChange,True,google-search LastVisualChange opt cold fission webrender,,6,ms,firefox,False,|c|o|l|d| |f|i|s|s|i|o|n| |w|e|b|r|e|n|d|e|r|,,4168542,13,501ef63265451808903c2f1a4acc333b684a8a04,102210fe594ee9b33d82058545b1ed14f4c8206e,linux1804-64-shippable-qr,google-search,True,,,,,,,,,,,,,,,,,,,,,,,,,,,,,,,,,,,,,,,,,,,,,,,,,,TN,,,,,,,,,,
,1701827993,2023-05-27 09:49:02,360.0,130936826227158557214316326ca1e98c7e7512,1247941,mozilla-beta,LastVisualChange,True,google-search LastVisualChange opt cold fission webrender,,6,ms,firefox,False,|c|o|l|d| |f|i|s|s|i|o|n| |w|e|b|r|e|n|d|e|r|,,4168542,13,501ef63265451808903c2f1a4acc333b684a8a04,102210fe594ee9b33d82058545b1ed14f4c8206e,linux1804-64-shippable-qr,google-search,True,,,,,,,,,,,,,,,,,,,,,,,,,,,,,,,,,,,,,,,,,,,,,,,,,,TN,,,,,,,,,,
,1701933191,2023-05-27 18:01:21,360.0,1e44db86acddef53ca97589679c211bb70dbfb46,1247970,mozilla-beta,LastVisualChange,True,google-search LastVisualChange opt cold fission webrender,,6,ms,firefox,False,|c|o|l|d| |f|i|s|s|i|o|n| |w|e|b|r|e|n|d|e|r|,,4168542,13,501ef63265451808903c2f1a4acc333b684a8a04,102210fe594ee9b33d82058545b1ed14f4c8206e,linux1804-64-shippable-qr,google-search,True,,,,,,,,,,,,,,,,,,,,,,,,,,,,,,,,,,,,,,,,,,,,,,,,,,TN,,,,,,,,,,
,1702016921,2023-05-28 17:59:00,360.0,9ab1d5eef731342cf698f2efc5002cf687480992,1248023,mozilla-beta,LastVisualChange,True,google-search LastVisualChange opt cold fission webrender,,6,ms,firefox,False,|c|o|l|d| |f|i|s|s|i|o|n| |w|e|b|r|e|n|d|e|r|,,4168542,13,501ef63265451808903c2f1a4acc333b684a8a04,102210fe594ee9b33d82058545b1ed14f4c8206e,linux1804-64-shippable-qr,google-search,True,,,,,,,,,,,,,,,,,,,,,,,,,,,,,,,,,,,,,,,,,,,,,,,,,,TN,,,,,,,,,,
,1705952896,2023-06-05 14:23:29,360.0,eb0e5efeb4144e02db4898c481ab299e4ffbe5a5,1251794,mozilla-beta,LastVisualChange,True,google-search LastVisualChange opt cold fission webrender,,6,ms,firefox,False,|c|o|l|d| |f|i|s|s|i|o|n| |w|e|b|r|e|n|d|e|r|,,4168542,13,501ef63265451808903c2f1a4acc333b684a8a04,102210fe594ee9b33d82058545b1ed14f4c8206e,linux1804-64-shippable-qr,google-search,True,,,,,,,,,,,,,,,,,,,,,,,,,,,,,,,,,,,,,,,,,,,,,,,,,,TN,,,,,,,,,,
,1706040866,2023-06-05 15:57:01,360.0,8b6f8763d212b11acd7421760ab63612ce65bda4,1251874,mozilla-beta,LastVisualChange,True,google-search LastVisualChange opt cold fission webrender,,6,ms,firefox,False,|c|o|l|d| |f|i|s|s|i|o|n| |w|e|b|r|e|n|d|e|r|,,4168542,13,501ef63265451808903c2f1a4acc333b684a8a04,102210fe594ee9b33d82058545b1ed14f4c8206e,linux1804-64-shippable-qr,google-search,True,,,,,,,,,,,,,,,,,,,,,,,,,,,,,,,,,,,,,,,,,,,,,,,,,,TN,,,,,,,,,,
,1706098821,2023-06-05 17:59:24,360.0,3a0243249f1d09b3f0c43845ba322404a24b2d6b,1251964,mozilla-beta,LastVisualChange,True,google-search LastVisualChange opt cold fission webrender,,6,ms,firefox,False,|c|o|l|d| |f|i|s|s|i|o|n| |w|e|b|r|e|n|d|e|r|,,4168542,13,501ef63265451808903c2f1a4acc333b684a8a04,102210fe594ee9b33d82058545b1ed14f4c8206e,linux1804-64-shippable-qr,google-search,True,,,,,,,,,,,,,,,,,,,,,,,,,,,,,,,,,,,,,,,,,,,,,,,,,,TN,,,,,,,,,,
,1706192078,2023-06-05 21:08:31,360.0,6c846bc8f52c1e5b929c199b58a33a4dc24df8f5,1252114,mozilla-beta,LastVisualChange,True,google-search LastVisualChange opt cold fission webrender,,6,ms,firefox,False,|c|o|l|d| |f|i|s|s|i|o|n| |w|e|b|r|e|n|d|e|r|,,4168542,13,501ef63265451808903c2f1a4acc333b684a8a04,102210fe594ee9b33d82058545b1ed14f4c8206e,linux1804-64-shippable-qr,google-search,True,,,,,,,,,,,,,,,,,,,,,,,,,,,,,,,,,,,,,,,,,,,,,,,,,,TN,,,,,,,,,,
,1706478598,2023-06-06 09:09:48,360.0,5f036ce2680a08b950cbfadd770beba129cbb195,1252381,mozilla-beta,LastVisualChange,True,google-search LastVisualChange opt cold fission webrender,,6,ms,firefox,False,|c|o|l|d| |f|i|s|s|i|o|n| |w|e|b|r|e|n|d|e|r|,,4168542,13,501ef63265451808903c2f1a4acc333b684a8a04,102210fe594ee9b33d82058545b1ed14f4c8206e,linux1804-64-shippable-qr,google-search,True,,,,,,,,,,,,,,,,,,,,,,,,,,,,,,,,,,,,,,,,,,,,,,,,,,TN,,,,,,,,,,
,1706741209,2023-06-06 16:19:01,360.0,5d89dee91e755667a691f2b544a063709213138b,1252629,mozilla-beta,LastVisualChange,True,google-search LastVisualChange opt cold fission webrender,,6,ms,firefox,False,|c|o|l|d| |f|i|s|s|i|o|n| |w|e|b|r|e|n|d|e|r|,,4168542,13,501ef63265451808903c2f1a4acc333b684a8a04,102210fe594ee9b33d82058545b1ed14f4c8206e,linux1804-64-shippable-qr,google-search,True,,,,,,,,,,,,,,,,,,,,,,,,,,,,,,,,,,,,,,,,,,,,,,,,,,TN,,,,,,,,,,
,1706813362,2023-06-06 18:01:12,360.0,10ed1bfdc481f14670072cdbf87a69d9212c0d6c,1252674,mozilla-beta,LastVisualChange,True,google-search LastVisualChange opt cold fission webrender,,6,ms,firefox,False,|c|o|l|d| |f|i|s|s|i|o|n| |w|e|b|r|e|n|d|e|r|,,4168542,13,501ef63265451808903c2f1a4acc333b684a8a04,102210fe594ee9b33d82058545b1ed14f4c8206e,linux1804-64-shippable-qr,google-search,True,,,,,,,,,,,,,,,,,,,,,,,,,,,,,,,,,,,,,,,,,,,,,,,,,,TN,,,,,,,,,,
,1707480050,2023-06-07 16:41:52,360.0,bd9ba4216df4d4c08f1a70ecb66009f13ee08aaa,1253259,mozilla-beta,LastVisualChange,True,google-search LastVisualChange opt cold fission webrender,,6,ms,firefox,False,|c|o|l|d| |f|i|s|s|i|o|n| |w|e|b|r|e|n|d|e|r|,,4168542,13,501ef63265451808903c2f1a4acc333b684a8a04,102210fe594ee9b33d82058545b1ed14f4c8206e,linux1804-64-shippable-qr,google-search,True,,,,,,,,,,,,,,,,,,,,,,,,,,,,,,,,,,,,,,,,,,,,,,,,,,TN,,,,,,,,,,
,1707500288,2023-06-07 17:56:51,360.0,eb1d2dce0bdff337836b19b97828f2dcf437f25e,1253314,mozilla-beta,LastVisualChange,True,google-search LastVisualChange opt cold fission webrender,,6,ms,firefox,False,|c|o|l|d| |f|i|s|s|i|o|n| |w|e|b|r|e|n|d|e|r|,,4168542,13,501ef63265451808903c2f1a4acc333b684a8a04,102210fe594ee9b33d82058545b1ed14f4c8206e,linux1804-64-shippable-qr,google-search,True,,,,,,,,,,,,,,,,,,,,,,,,,,,,,,,,,,,,,,,,,,,,,,,,,,TN,,,,,,,,,,
,1708052794,2023-06-08 13:18:16,360.0,b0bc9752e921bdc9e4c9de470cbf5fcf72061330,1253873,mozilla-beta,LastVisualChange,True,google-search LastVisualChange opt cold fission webrender,,6,ms,firefox,False,|c|o|l|d| |f|i|s|s|i|o|n| |w|e|b|r|e|n|d|e|r|,,4168542,13,501ef63265451808903c2f1a4acc333b684a8a04,102210fe594ee9b33d82058545b1ed14f4c8206e,linux1804-64-shippable-qr,google-search,True,,,,,,,,,,,,,,,,,,,,,,,,,,,,,,,,,,,,,,,,,,,,,,,,,,TN,,,,,,,,,,
,1708225605,2023-06-08 17:59:52,360.0,7123a4cb9219dc73123928c80505ef5544239e3c,1254099,mozilla-beta,LastVisualChange,True,google-search LastVisualChange opt cold fission webrender,,6,ms,firefox,False,|c|o|l|d| |f|i|s|s|i|o|n| |w|e|b|r|e|n|d|e|r|,,4168542,13,501ef63265451808903c2f1a4acc333b684a8a04,102210fe594ee9b33d82058545b1ed14f4c8206e,linux1804-64-shippable-qr,google-search,True,,,,,,,,,,,,,,,,,,,,,,,,,,,,,,,,,,,,,,,,,,,,,,,,,,TN,,,,,,,,,,
,1708312636,2023-06-08 21:41:16,360.0,8ef0eed85dd1724df18acbc52ede7bda8d19d4ca,1254264,mozilla-beta,LastVisualChange,True,google-search LastVisualChange opt cold fission webrender,,6,ms,firefox,False,|c|o|l|d| |f|i|s|s|i|o|n| |w|e|b|r|e|n|d|e|r|,,4168542,13,501ef63265451808903c2f1a4acc333b684a8a04,102210fe594ee9b33d82058545b1ed14f4c8206e,linux1804-64-shippable-qr,google-search,True,,,,,,,,,,,,,,,,,,,,,,,,,,,,,,,,,,,,,,,,,,,,,,,,,,TN,,,,,,,,,,
,1708691877,2023-06-09 13:50:39,360.0,7b1a019c17f8faeb278c5ff106b55a8737c63e4d,1254632,mozilla-beta,LastVisualChange,True,google-search LastVisualChange opt cold fission webrender,,6,ms,firefox,False,|c|o|l|d| |f|i|s|s|i|o|n| |w|e|b|r|e|n|d|e|r|,,4168542,13,501ef63265451808903c2f1a4acc333b684a8a04,102210fe594ee9b33d82058545b1ed14f4c8206e,linux1804-64-shippable-qr,google-search,True,,,,,,,,,,,,,,,,,,,,,,,,,,,,,,,,,,,,,,,,,,,,,,,,,,TN,,,,,,,,,,
,1708847839,2023-06-09 18:01:58,360.0,c2d0daebef20fa875f5260a684fe17c55e129a35,1254819,mozilla-beta,LastVisualChange,True,google-search LastVisualChange opt cold fission webrender,,6,ms,firefox,False,|c|o|l|d| |f|i|s|s|i|o|n| |w|e|b|r|e|n|d|e|r|,,4168542,13,501ef63265451808903c2f1a4acc333b684a8a04,102210fe594ee9b33d82058545b1ed14f4c8206e,linux1804-64-shippable-qr,google-search,True,,,,,,,,,,,,,,,,,,,,,,,,,,,,,,,,,,,,,,,,,,,,,,,,,,TN,,,,,,,,,,
,1709199548,2023-06-10 18:00:11,360.0,5fdbfc5f981230abe820c6b234bcf7262e366be0,1255248,mozilla-beta,LastVisualChange,True,google-search LastVisualChange opt cold fission webrender,,6,ms,firefox,False,|c|o|l|d| |f|i|s|s|i|o|n| |w|e|b|r|e|n|d|e|r|,,4168542,13,501ef63265451808903c2f1a4acc333b684a8a04,102210fe594ee9b33d82058545b1ed14f4c8206e,linux1804-64-shippable-qr,google-search,True,,,,,,,,,,,,,,,,,,,,,,,,,,,,,,,,,,,,,,,,,,,,,,,,,,TN,,,,,,,,,,
,1709474905,2023-06-11 14:48:42,360.0,b00e6f811a19a3b7ed808efda6906dde57f88e71,1255364,mozilla-beta,LastVisualChange,True,google-search LastVisualChange opt cold fission webrender,,6,ms,firefox,False,|c|o|l|d| |f|i|s|s|i|o|n| |w|e|b|r|e|n|d|e|r|,,4168542,13,501ef63265451808903c2f1a4acc333b684a8a04,102210fe594ee9b33d82058545b1ed14f4c8206e,linux1804-64-shippable-qr,google-search,True,,,,,,,,,,,,,,,,,,,,,,,,,,,,,,,,,,,,,,,,,,,,,,,,,,TN,,,,,,,,,,
,1709506178,2023-06-11 18:03:00,360.0,fb3ad1dbd6bbf62e33596cc17abc8bff6a4f425f,1255381,mozilla-beta,LastVisualChange,True,google-search LastVisualChange opt cold fission webrender,,6,ms,firefox,False,|c|o|l|d| |f|i|s|s|i|o|n| |w|e|b|r|e|n|d|e|r|,,4168542,13,501ef63265451808903c2f1a4acc333b684a8a04,102210fe594ee9b33d82058545b1ed14f4c8206e,linux1804-64-shippable-qr,google-search,True,,,,,,,,,,,,,,,,,,,,,,,,,,,,,,,,,,,,,,,,,,,,,,,,,,TN,,,,,,,,,,
,1709507018,2023-06-11 18:03:00,360.0,fb3ad1dbd6bbf62e33596cc17abc8bff6a4f425f,1255381,mozilla-beta,LastVisualChange,True,google-search LastVisualChange opt cold fission webrender,,6,ms,firefox,False,|c|o|l|d| |f|i|s|s|i|o|n| |w|e|b|r|e|n|d|e|r|,,4168542,13,501ef63265451808903c2f1a4acc333b684a8a04,102210fe594ee9b33d82058545b1ed14f4c8206e,linux1804-64-shippable-qr,google-search,True,,,,,,,,,,,,,,,,,,,,,,,,,,,,,,,,,,,,,,,,,,,,,,,,,,TN,,,,,,,,,,
,1709505891,2023-06-11 18:03:00,360.0,fb3ad1dbd6bbf62e33596cc17abc8bff6a4f425f,1255381,mozilla-beta,LastVisualChange,True,google-search LastVisualChange opt cold fission webrender,,6,ms,firefox,False,|c|o|l|d| |f|i|s|s|i|o|n| |w|e|b|r|e|n|d|e|r|,,4168542,13,501ef63265451808903c2f1a4acc333b684a8a04,102210fe594ee9b33d82058545b1ed14f4c8206e,linux1804-64-shippable-qr,google-search,True,,,,,,,,,,,,,,,,,,,,,,,,,,,,,,,,,,,,,,,,,,,,,,,,,,TN,,,,,,,,,,
,1709929737,2023-06-12 13:25:59,360.0,5951b4f28e66d24853b3a42841374e1beec510f9,1255703,mozilla-beta,LastVisualChange,True,google-search LastVisualChange opt cold fission webrender,,6,ms,firefox,False,|c|o|l|d| |f|i|s|s|i|o|n| |w|e|b|r|e|n|d|e|r|,,4168542,13,501ef63265451808903c2f1a4acc333b684a8a04,102210fe594ee9b33d82058545b1ed14f4c8206e,linux1804-64-shippable-qr,google-search,True,,,,,,,,,,,,,,,,,,,,,,,,,,,,,,,,,,,,,,,,,,,,,,,,,,TN,,,,,,,,,,
,1710074139,2023-06-12 17:59:34,360.0,795df8f2c2a47a7beef0be639b8c4796877a5c14,1255857,mozilla-beta,LastVisualChange,True,google-search LastVisualChange opt cold fission webrender,,6,ms,firefox,False,|c|o|l|d| |f|i|s|s|i|o|n| |w|e|b|r|e|n|d|e|r|,,4168542,13,501ef63265451808903c2f1a4acc333b684a8a04,102210fe594ee9b33d82058545b1ed14f4c8206e,linux1804-64-shippable-qr,google-search,True,,,,,,,,,,,,,,,,,,,,,,,,,,,,,,,,,,,,,,,,,,,,,,,,,,TN,,,,,,,,,,
,1710153353,2023-06-12 21:24:58,360.0,1617cf9288b5d9d85d3cde49ead5c3a8452963e4,1256015,mozilla-beta,LastVisualChange,True,google-search LastVisualChange opt cold fission webrender,,6,ms,firefox,False,|c|o|l|d| |f|i|s|s|i|o|n| |w|e|b|r|e|n|d|e|r|,,4168542,13,501ef63265451808903c2f1a4acc333b684a8a04,102210fe594ee9b33d82058545b1ed14f4c8206e,linux1804-64-shippable-qr,google-search,True,,,,,,,,,,,,,,,,,,,,,,,,,,,,,,,,,,,,,,,,,,,,,,,,,,TN,,,,,,,,,,
,1710555750,2023-06-13 13:44:08,360.0,43f24f969b5b2820fa906b6f56770b9bf8e41982,1256472,mozilla-beta,LastVisualChange,True,google-search LastVisualChange opt cold fission webrender,,6,ms,firefox,False,|c|o|l|d| |f|i|s|s|i|o|n| |w|e|b|r|e|n|d|e|r|,,4168542,13,501ef63265451808903c2f1a4acc333b684a8a04,102210fe594ee9b33d82058545b1ed14f4c8206e,linux1804-64-shippable-qr,google-search,True,,,,,,,,,,,,,,,,,,,,,,,,,,,,,,,,,,,,,,,,,,,,,,,,,,TN,,,,,,,,,,
,1710691062,2023-06-13 17:45:06,360.0,5cacd05ad73e50693f7c5cfd239e806f0e58ec8f,1256646,mozilla-beta,LastVisualChange,True,google-search LastVisualChange opt cold fission webrender,,6,ms,firefox,False,|c|o|l|d| |f|i|s|s|i|o|n| |w|e|b|r|e|n|d|e|r|,,4168542,13,501ef63265451808903c2f1a4acc333b684a8a04,102210fe594ee9b33d82058545b1ed14f4c8206e,linux1804-64-shippable-qr,google-search,True,,,,,,,,,,,,,,,,,,,,,,,,,,,,,,,,,,,,,,,,,,,,,,,,,,TN,,,,,,,,,,
,1710707803,2023-06-13 18:00:33,320.0,c5a9aa9f93cf2309ec4a0cdabdf71b31c3bd3ab6,1256653,mozilla-beta,LastVisualChange,True,google-search LastVisualChange opt cold fission webrender,,6,ms,firefox,False,|c|o|l|d| |f|i|s|s|i|o|n| |w|e|b|r|e|n|d|e|r|,,4168542,13,501ef63265451808903c2f1a4acc333b684a8a04,102210fe594ee9b33d82058545b1ed14f4c8206e,linux1804-64-shippable-qr,google-search,True,,,,,,,,,,,,,,,,,,,,,,,,,,,,,,,,,,,,,,,,,,,,,,,,,,TN,,,,,,,,,,
,1710769517,2023-06-13 19:54:13,320.0,66b9443a2c92f97fbf62417687051ad4e85b1800,1256729,mozilla-beta,LastVisualChange,True,google-search LastVisualChange opt cold fission webrender,,6,ms,firefox,False,|c|o|l|d| |f|i|s|s|i|o|n| |w|e|b|r|e|n|d|e|r|,,4168542,13,501ef63265451808903c2f1a4acc333b684a8a04,102210fe594ee9b33d82058545b1ed14f4c8206e,linux1804-64-shippable-qr,google-search,True,,,,,,,,,,,,,,,,,,,,,,,,,,,,,,,,,,,,,,,,,,,,,,,,,,TN,,,,,,,,,,
,1711100199,2023-06-14 12:30:00,360.0,f6e68416dea42dbf642d2efe416f7727ac761f11,1257097,mozilla-beta,LastVisualChange,True,google-search LastVisualChange opt cold fission webrender,,6,ms,firefox,False,|c|o|l|d| |f|i|s|s|i|o|n| |w|e|b|r|e|n|d|e|r|,,4168542,13,501ef63265451808903c2f1a4acc333b684a8a04,102210fe594ee9b33d82058545b1ed14f4c8206e,linux1804-64-shippable-qr,google-search,True,,,,,,,,,,,,,,,,,,,,,,,,,,,,,,,,,,,,,,,,,,,,,,,,,,TN,,,,,,,,,,
,1711256527,2023-06-14 16:03:12,360.0,62d1fc48dcd7fd3d026f5cad77c3092d3b93a961,1257228,mozilla-beta,LastVisualChange,True,google-search LastVisualChange opt cold fission webrender,,6,ms,firefox,False,|c|o|l|d| |f|i|s|s|i|o|n| |w|e|b|r|e|n|d|e|r|,,4168542,13,501ef63265451808903c2f1a4acc333b684a8a04,102210fe594ee9b33d82058545b1ed14f4c8206e,linux1804-64-shippable-qr,google-search,True,,,,,,,,,,,,,,,,,,,,,,,,,,,,,,,,,,,,,,,,,,,,,,,,,,TN,,,,,,,,,,
,1711262039,2023-06-14 16:07:57,360.0,d01da3405b1219c2d0cc7b559ee0627ad5d8aa5a,1257231,mozilla-beta,LastVisualChange,True,google-search LastVisualChange opt cold fission webrender,,6,ms,firefox,False,|c|o|l|d| |f|i|s|s|i|o|n| |w|e|b|r|e|n|d|e|r|,,4168542,13,501ef63265451808903c2f1a4acc333b684a8a04,102210fe594ee9b33d82058545b1ed14f4c8206e,linux1804-64-shippable-qr,google-search,True,,,,,,,,,,,,,,,,,,,,,,,,,,,,,,,,,,,,,,,,,,,,,,,,,,TN,,,,,,,,,,
,1711340774,2023-06-14 18:02:29,360.0,c7ff17c6e0144679b7b925a25177776fcec58f8b,1257301,mozilla-beta,LastVisualChange,True,google-search LastVisualChange opt cold fission webrender,,6,ms,firefox,False,|c|o|l|d| |f|i|s|s|i|o|n| |w|e|b|r|e|n|d|e|r|,,4168542,13,501ef63265451808903c2f1a4acc333b684a8a04,102210fe594ee9b33d82058545b1ed14f4c8206e,linux1804-64-shippable-qr,google-search,True,,,,,,,,,,,,,,,,,,,,,,,,,,,,,,,,,,,,,,,,,,,,,,,,,,TN,,,,,,,,,,
,1711388866,2023-06-14 18:51:27,360.0,64f4243f24b70557c280aa6ddafcc846f384dba8,1257357,mozilla-beta,LastVisualChange,True,google-search LastVisualChange opt cold fission webrender,,6,ms,firefox,False,|c|o|l|d| |f|i|s|s|i|o|n| |w|e|b|r|e|n|d|e|r|,,4168542,13,501ef63265451808903c2f1a4acc333b684a8a04,102210fe594ee9b33d82058545b1ed14f4c8206e,linux1804-64-shippable-qr,google-search,True,,,,,,,,,,,,,,,,,,,,,,,,,,,,,,,,,,,,,,,,,,,,,,,,,,TN,,,,,,,,,,
,1711393984,2023-06-14 19:16:52,360.0,a81117b03f450c9706e21d0d94dec160cc74d836,1257378,mozilla-beta,LastVisualChange,True,google-search LastVisualChange opt cold fission webrender,,6,ms,firefox,False,|c|o|l|d| |f|i|s|s|i|o|n| |w|e|b|r|e|n|d|e|r|,,4168542,13,501ef63265451808903c2f1a4acc333b684a8a04,102210fe594ee9b33d82058545b1ed14f4c8206e,linux1804-64-shippable-qr,google-search,True,,,,,,,,,,,,,,,,,,,,,,,,,,,,,,,,,,,,,,,,,,,,,,,,,,TN,,,,,,,,,,
,1711490674,2023-06-14 21:35:27,360.0,2f3cce1e72fe61e4643225e21ac84ccebe84ed30,1257504,mozilla-beta,LastVisualChange,True,google-search LastVisualChange opt cold fission webrender,,6,ms,firefox,False,|c|o|l|d| |f|i|s|s|i|o|n| |w|e|b|r|e|n|d|e|r|,,4168542,13,501ef63265451808903c2f1a4acc333b684a8a04,102210fe594ee9b33d82058545b1ed14f4c8206e,linux1804-64-shippable-qr,google-search,True,,,,,,,,,,,,,,,,,,,,,,,,,,,,,,,,,,,,,,,,,,,,,,,,,,TN,,,,,,,,,,
,1711878479,2023-06-15 12:50:03,360.0,694f250817cbf4e56d9f88ab3982978b5b1ddfeb,1257977,mozilla-beta,LastVisualChange,True,google-search LastVisualChange opt cold fission webrender,,6,ms,firefox,False,|c|o|l|d| |f|i|s|s|i|o|n| |w|e|b|r|e|n|d|e|r|,,4168542,13,501ef63265451808903c2f1a4acc333b684a8a04,102210fe594ee9b33d82058545b1ed14f4c8206e,linux1804-64-shippable-qr,google-search,True,,,,,,,,,,,,,,,,,,,,,,,,,,,,,,,,,,,,,,,,,,,,,,,,,,TN,,,,,,,,,,
,1711901807,2023-06-15 13:23:28,360.0,eb3baa1099b7d11565cc634be3a14b4946fa26c7,1257996,mozilla-beta,LastVisualChange,True,google-search LastVisualChange opt cold fission webrender,,6,ms,firefox,False,|c|o|l|d| |f|i|s|s|i|o|n| |w|e|b|r|e|n|d|e|r|,,4168542,13,501ef63265451808903c2f1a4acc333b684a8a04,102210fe594ee9b33d82058545b1ed14f4c8206e,linux1804-64-shippable-qr,google-search,True,,,,,,,,,,,,,,,,,,,,,,,,,,,,,,,,,,,,,,,,,,,,,,,,,,TN,,,,,,,,,,
,1712043935,2023-06-15 16:46:36,360.0,342783aaf1e5ad6a8b40b22a1618c81a719c436b,1258166,mozilla-beta,LastVisualChange,True,google-search LastVisualChange opt cold fission webrender,,6,ms,firefox,False,|c|o|l|d| |f|i|s|s|i|o|n| |w|e|b|r|e|n|d|e|r|,,4168542,13,501ef63265451808903c2f1a4acc333b684a8a04,102210fe594ee9b33d82058545b1ed14f4c8206e,linux1804-64-shippable-qr,google-search,True,,,,,,,,,,,,,,,,,,,,,,,,,,,,,,,,,,,,,,,,,,,,,,,,,,TN,,,,,,,,,,
,1712091970,2023-06-15 17:58:02,360.0,9eef95942305594426974a54ca94dd63489c7df0,1258224,mozilla-beta,LastVisualChange,True,google-search LastVisualChange opt cold fission webrender,,6,ms,firefox,False,|c|o|l|d| |f|i|s|s|i|o|n| |w|e|b|r|e|n|d|e|r|,,4168542,13,501ef63265451808903c2f1a4acc333b684a8a04,102210fe594ee9b33d82058545b1ed14f4c8206e,linux1804-64-shippable-qr,google-search,True,,,,,,,,,,,,,,,,,,,,,,,,,,,,,,,,,,,,,,,,,,,,,,,,,,TN,,,,,,,,,,
,1712590871,2023-06-16 12:17:47,360.0,e25852ed404ec6289f7c9f1023510a8444d4483a,1258818,mozilla-beta,LastVisualChange,True,google-search LastVisualChange opt cold fission webrender,,6,ms,firefox,False,|c|o|l|d| |f|i|s|s|i|o|n| |w|e|b|r|e|n|d|e|r|,,4168542,13,501ef63265451808903c2f1a4acc333b684a8a04,102210fe594ee9b33d82058545b1ed14f4c8206e,linux1804-64-shippable-qr,google-search,True,,,,,,,,,,,,,,,,,,,,,,,,,,,,,,,,,,,,,,,,,,,,,,,,,,TN,,,,,,,,,,
,1712712322,2023-06-16 14:00:16,360.0,9c261dccd96ad7615ed5dfa6bb2130b2d3199fee,1258885,mozilla-beta,LastVisualChange,True,google-search LastVisualChange opt cold fission webrender,,6,ms,firefox,False,|c|o|l|d| |f|i|s|s|i|o|n| |w|e|b|r|e|n|d|e|r|,,4168542,13,501ef63265451808903c2f1a4acc333b684a8a04,102210fe594ee9b33d82058545b1ed14f4c8206e,linux1804-64-shippable-qr,google-search,True,,,,,,,,,,,,,,,,,,,,,,,,,,,,,,,,,,,,,,,,,,,,,,,,,,TN,,,,,,,,,,
,1712792761,2023-06-16 16:25:38,320.0,2d70dba8bc4fac04fc507a6843648c65e655a9fc,1259000,mozilla-beta,LastVisualChange,True,google-search LastVisualChange opt cold fission webrender,,6,ms,firefox,False,|c|o|l|d| |f|i|s|s|i|o|n| |w|e|b|r|e|n|d|e|r|,,4168542,13,501ef63265451808903c2f1a4acc333b684a8a04,102210fe594ee9b33d82058545b1ed14f4c8206e,linux1804-64-shippable-qr,google-search,True,,,,,,,,,,,,,,,,,,,,,,,,,,,,,,,,,,,,,,,,,,,,,,,,,,TN,,,,,,,,,,
,1712846503,2023-06-16 17:26:28,360.0,0d1afa980fd5e9592d083e71a8f7b15c55d8da7a,1259042,mozilla-beta,LastVisualChange,True,google-search LastVisualChange opt cold fission webrender,,6,ms,firefox,False,|c|o|l|d| |f|i|s|s|i|o|n| |w|e|b|r|e|n|d|e|r|,,4168542,13,501ef63265451808903c2f1a4acc333b684a8a04,102210fe594ee9b33d82058545b1ed14f4c8206e,linux1804-64-shippable-qr,google-search,True,,,,,,,,,,,,,,,,,,,,,,,,,,,,,,,,,,,,,,,,,,,,,,,,,,TN,,,,,,,,,,
,1712867042,2023-06-16 18:00:51,320.0,674af946dedcc6cb70fb6618f3260776f1b576a3,1259071,mozilla-beta,LastVisualChange,True,google-search LastVisualChange opt cold fission webrender,,6,ms,firefox,False,|c|o|l|d| |f|i|s|s|i|o|n| |w|e|b|r|e|n|d|e|r|,,4168542,13,501ef63265451808903c2f1a4acc333b684a8a04,102210fe594ee9b33d82058545b1ed14f4c8206e,linux1804-64-shippable-qr,google-search,True,,,,,,,,,,,,,,,,,,,,,,,,,,,,,,,,,,,,,,,,,,,,,,,,,,TN,,,,,,,,,,
,1712882809,2023-06-16 18:38:48,360.0,52a96b277058ecfdb1675b8b331a6600d9ed0a72,1259110,mozilla-beta,LastVisualChange,True,google-search LastVisualChange opt cold fission webrender,,6,ms,firefox,False,|c|o|l|d| |f|i|s|s|i|o|n| |w|e|b|r|e|n|d|e|r|,,4168542,13,501ef63265451808903c2f1a4acc333b684a8a04,102210fe594ee9b33d82058545b1ed14f4c8206e,linux1804-64-shippable-qr,google-search,True,,,,,,,,,,,,,,,,,,,,,,,,,,,,,,,,,,,,,,,,,,,,,,,,,,TN,,,,,,,,,,
,1713185130,2023-06-17 14:26:16,360.0,a0f771ea7ef5471029c3c2df766b55bb375dec59,1259379,mozilla-beta,LastVisualChange,True,google-search LastVisualChange opt cold fission webrender,,6,ms,firefox,False,|c|o|l|d| |f|i|s|s|i|o|n| |w|e|b|r|e|n|d|e|r|,,4168542,13,501ef63265451808903c2f1a4acc333b684a8a04,102210fe594ee9b33d82058545b1ed14f4c8206e,linux1804-64-shippable-qr,google-search,True,,,,,,,,,,,,,,,,,,,,,,,,,,,,,,,,,,,,,,,,,,,,,,,,,,TN,,,,,,,,,,
,1713230890,2023-06-17 17:58:30,360.0,9bea68f5a93823e72353cd0a13950265001dea22,1259394,mozilla-beta,LastVisualChange,True,google-search LastVisualChange opt cold fission webrender,,6,ms,firefox,False,|c|o|l|d| |f|i|s|s|i|o|n| |w|e|b|r|e|n|d|e|r|,,4168542,13,501ef63265451808903c2f1a4acc333b684a8a04,102210fe594ee9b33d82058545b1ed14f4c8206e,linux1804-64-shippable-qr,google-search,True,,,,,,,,,,,,,,,,,,,,,,,,,,,,,,,,,,,,,,,,,,,,,,,,,,TN,,,,,,,,,,
,1713502983,2023-06-18 18:02:18,360.0,b27c9dccd8728a3110d43ec3316d685a30479f7e,1259476,mozilla-beta,LastVisualChange,True,google-search LastVisualChange opt cold fission webrender,,6,ms,firefox,False,|c|o|l|d| |f|i|s|s|i|o|n| |w|e|b|r|e|n|d|e|r|,,4168542,13,501ef63265451808903c2f1a4acc333b684a8a04,102210fe594ee9b33d82058545b1ed14f4c8206e,linux1804-64-shippable-qr,google-search,True,,,,,,,,,,,,,,,,,,,,,,,,,,,,,,,,,,,,,,,,,,,,,,,,,,TN,,,,,,,,,,
,1713999795,2023-06-19 13:34:03,320.0,adf8be9db85188012cda047766ed806a2017ec5d,1259766,mozilla-beta,LastVisualChange,True,google-search LastVisualChange opt cold fission webrender,,6,ms,firefox,False,|c|o|l|d| |f|i|s|s|i|o|n| |w|e|b|r|e|n|d|e|r|,,4168542,13,501ef63265451808903c2f1a4acc333b684a8a04,102210fe594ee9b33d82058545b1ed14f4c8206e,linux1804-64-shippable-qr,google-search,True,,,,,,,,,,,,,,,,,,,,,,,,,,,,,,,,,,,,,,,,,,,,,,,,,,TN,,,,,,,,,,
,1714091329,2023-06-19 18:00:07,360.0,f5a4c8a56c4084fb474ef9a83dc8099331777010,1259894,mozilla-beta,LastVisualChange,True,google-search LastVisualChange opt cold fission webrender,,6,ms,firefox,False,|c|o|l|d| |f|i|s|s|i|o|n| |w|e|b|r|e|n|d|e|r|,,4168542,13,501ef63265451808903c2f1a4acc333b684a8a04,102210fe594ee9b33d82058545b1ed14f4c8206e,linux1804-64-shippable-qr,google-search,True,,,,,,,,,,,,,,,,,,,,,,,,,,,,,,,,,,,,,,,,,,,,,,,,,,TN,,,,,,,,,,
,1714742752,2023-06-20 13:15:48,360.0,1fd1675876cf4ace179d70ab72cf9cc67ef382fd,1260317,mozilla-beta,LastVisualChange,True,google-search LastVisualChange opt cold fission webrender,,6,ms,firefox,False,|c|o|l|d| |f|i|s|s|i|o|n| |w|e|b|r|e|n|d|e|r|,,4168542,13,501ef63265451808903c2f1a4acc333b684a8a04,102210fe594ee9b33d82058545b1ed14f4c8206e,linux1804-64-shippable-qr,google-search,True,,,,,,,,,,,,,,,,,,,,,,,,,,,,,,,,,,,,,,,,,,,,,,,,,,TN,,,,,,,,,,
,1714784403,2023-06-20 14:20:56,360.0,0e3e70a7494b91f847545f541f60c2afdffdc973,1260368,mozilla-beta,LastVisualChange,True,google-search LastVisualChange opt cold fission webrender,,6,ms,firefox,False,|c|o|l|d| |f|i|s|s|i|o|n| |w|e|b|r|e|n|d|e|r|,,4168542,13,501ef63265451808903c2f1a4acc333b684a8a04,102210fe594ee9b33d82058545b1ed14f4c8206e,linux1804-64-shippable-qr,google-search,True,,,,,,,,,,,,,,,,,,,,,,,,,,,,,,,,,,,,,,,,,,,,,,,,,,TN,,,,,,,,,,
,1714904420,2023-06-20 16:59:19,320.0,d80d61687ffcaa2e80424701a477210e3c29e1e4,1260535,mozilla-beta,LastVisualChange,True,google-search LastVisualChange opt cold fission webrender,,6,ms,firefox,False,|c|o|l|d| |f|i|s|s|i|o|n| |w|e|b|r|e|n|d|e|r|,,4168542,13,501ef63265451808903c2f1a4acc333b684a8a04,102210fe594ee9b33d82058545b1ed14f4c8206e,linux1804-64-shippable-qr,google-search,True,,,,,,,,,,,,,,,,,,,,,,,,,,,,,,,,,,,,,,,,,,,,,,,,,,TN,,,,,,,,,,
,1714929803,2023-06-20 17:24:22,320.0,fdd1d4854968d51f3c174deecd5ead8c74793315,1260558,mozilla-beta,LastVisualChange,True,google-search LastVisualChange opt cold fission webrender,,6,ms,firefox,False,|c|o|l|d| |f|i|s|s|i|o|n| |w|e|b|r|e|n|d|e|r|,,4168542,13,501ef63265451808903c2f1a4acc333b684a8a04,102210fe594ee9b33d82058545b1ed14f4c8206e,linux1804-64-shippable-qr,google-search,True,,,,,,,,,,,,,,,,,,,,,,,,,,,,,,,,,,,,,,,,,,,,,,,,,,TN,,,,,,,,,,
,1714952500,2023-06-20 18:00:51,360.0,d30b3cd164afe66b9db586154a0af4b5d4791308,1260587,mozilla-beta,LastVisualChange,True,google-search LastVisualChange opt cold fission webrender,,6,ms,firefox,False,|c|o|l|d| |f|i|s|s|i|o|n| |w|e|b|r|e|n|d|e|r|,,4168542,13,501ef63265451808903c2f1a4acc333b684a8a04,102210fe594ee9b33d82058545b1ed14f4c8206e,linux1804-64-shippable-qr,google-search,True,,,,,,,,,,,,,,,,,,,,,,,,,,,,,,,,,,,,,,,,,,,,,,,,,,TN,,,,,,,,,,
,1715648852,2023-06-21 13:26:34,360.0,cf1d9c398e1664622904b2d01e0eb2a9b42e5d54,1261229,mozilla-beta,LastVisualChange,True,google-search LastVisualChange opt cold fission webrender,,6,ms,firefox,False,|c|o|l|d| |f|i|s|s|i|o|n| |w|e|b|r|e|n|d|e|r|,,4168542,13,501ef63265451808903c2f1a4acc333b684a8a04,102210fe594ee9b33d82058545b1ed14f4c8206e,linux1804-64-shippable-qr,google-search,True,,,,,,,,,,,,,,,,,,,,,,,,,,,,,,,,,,,,,,,,,,,,,,,,,,TN,,,,,,,,,,
,1715823237,2023-06-21 18:11:33,320.0,3a2f506cc4b8d7f3a8d99388d68485b5603f22ca,1261396,mozilla-beta,LastVisualChange,True,google-search LastVisualChange opt cold fission webrender,,6,ms,firefox,False,|c|o|l|d| |f|i|s|s|i|o|n| |w|e|b|r|e|n|d|e|r|,,4168542,13,501ef63265451808903c2f1a4acc333b684a8a04,102210fe594ee9b33d82058545b1ed14f4c8206e,linux1804-64-shippable-qr,google-search,True,,,,,,,,,,,,,,,,,,,,,,,,,,,,,,,,,,,,,,,,,,,,,,,,,,TN,,,,,,,,,,
,1715919090,2023-06-21 20:07:35,360.0,f3ff17245015ec7abbec1cc6ee2cfce3b96bd3d5,1261505,mozilla-beta,LastVisualChange,True,google-search LastVisualChange opt cold fission webrender,,6,ms,firefox,False,|c|o|l|d| |f|i|s|s|i|o|n| |w|e|b|r|e|n|d|e|r|,,4168542,13,501ef63265451808903c2f1a4acc333b684a8a04,102210fe594ee9b33d82058545b1ed14f4c8206e,linux1804-64-shippable-qr,google-search,True,,,,,,,,,,,,,,,,,,,,,,,,,,,,,,,,,,,,,,,,,,,,,,,,,,TN,,,,,,,,,,
,1716199158,2023-06-22 11:20:57,360.0,21fdd11b59cbcf17e476b707f5f59ebcb4fa474e,1262041,mozilla-beta,LastVisualChange,True,google-search LastVisualChange opt cold fission webrender,,6,ms,firefox,False,|c|o|l|d| |f|i|s|s|i|o|n| |w|e|b|r|e|n|d|e|r|,,4168542,13,501ef63265451808903c2f1a4acc333b684a8a04,102210fe594ee9b33d82058545b1ed14f4c8206e,linux1804-64-shippable-qr,google-search,True,,,,,,,,,,,,,,,,,,,,,,,,,,,,,,,,,,,,,,,,,,,,,,,,,,TN,,,,,,,,,,
,1716239604,2023-06-22 12:38:03,320.0,7da579f6a813f30bd4f009a2a1f7911def52e572,1262084,mozilla-beta,LastVisualChange,True,google-search LastVisualChange opt cold fission webrender,,6,ms,firefox,False,|c|o|l|d| |f|i|s|s|i|o|n| |w|e|b|r|e|n|d|e|r|,,4168542,13,501ef63265451808903c2f1a4acc333b684a8a04,102210fe594ee9b33d82058545b1ed14f4c8206e,linux1804-64-shippable-qr,google-search,True,,,,,,,,,,,,,,,,,,,,,,,,,,,,,,,,,,,,,,,,,,,,,,,,,,TN,,,,,,,,,,
,1716254120,2023-06-22 13:03:32,360.0,6722dee8d3773705cd9d4eddb3baf3333015aed2,1262107,mozilla-beta,LastVisualChange,True,google-search LastVisualChange opt cold fission webrender,,6,ms,firefox,False,|c|o|l|d| |f|i|s|s|i|o|n| |w|e|b|r|e|n|d|e|r|,,4168542,13,501ef63265451808903c2f1a4acc333b684a8a04,102210fe594ee9b33d82058545b1ed14f4c8206e,linux1804-64-shippable-qr,google-search,True,,,,,,,,,,,,,,,,,,,,,,,,,,,,,,,,,,,,,,,,,,,,,,,,,,TN,,,,,,,,,,
,1716288405,2023-06-22 13:08:25,360.0,3673ad484e13ce731e7fc368a7e6b114d5eeee44,1262111,mozilla-beta,LastVisualChange,True,google-search LastVisualChange opt cold fission webrender,,6,ms,firefox,False,|c|o|l|d| |f|i|s|s|i|o|n| |w|e|b|r|e|n|d|e|r|,,4168542,13,501ef63265451808903c2f1a4acc333b684a8a04,102210fe594ee9b33d82058545b1ed14f4c8206e,linux1804-64-shippable-qr,google-search,True,,,,,,,,,,,,,,,,,,,,,,,,,,,,,,,,,,,,,,,,,,,,,,,,,,TN,,,,,,,,,,
,1716320757,2023-06-22 13:37:22,360.0,027186aaa28cc91b5f9484c62413e2a3936e84ca,1262125,mozilla-beta,LastVisualChange,True,google-search LastVisualChange opt cold fission webrender,,6,ms,firefox,False,|c|o|l|d| |f|i|s|s|i|o|n| |w|e|b|r|e|n|d|e|r|,,4168542,13,501ef63265451808903c2f1a4acc333b684a8a04,102210fe594ee9b33d82058545b1ed14f4c8206e,linux1804-64-shippable-qr,google-search,True,,,,,,,,,,,,,,,,,,,,,,,,,,,,,,,,,,,,,,,,,,,,,,,,,,TN,,,,,,,,,,
,1716379591,2023-06-22 16:12:21,360.0,6cdb4c2436de23c3699b154aa73e6710a95c98b0,1262276,mozilla-beta,LastVisualChange,True,google-search LastVisualChange opt cold fission webrender,,6,ms,firefox,False,|c|o|l|d| |f|i|s|s|i|o|n| |w|e|b|r|e|n|d|e|r|,,4168542,13,501ef63265451808903c2f1a4acc333b684a8a04,102210fe594ee9b33d82058545b1ed14f4c8206e,linux1804-64-shippable-qr,google-search,True,,,,,,,,,,,,,,,,,,,,,,,,,,,,,,,,,,,,,,,,,,,,,,,,,,TN,,,,,,,,,,
,1717021314,2023-06-23 13:38:03,360.0,6c222240ff315735f42bc230693f4ddfa0b6ac7f,1262945,mozilla-beta,LastVisualChange,True,google-search LastVisualChange opt cold fission webrender,,6,ms,firefox,False,|c|o|l|d| |f|i|s|s|i|o|n| |w|e|b|r|e|n|d|e|r|,,4168542,13,501ef63265451808903c2f1a4acc333b684a8a04,102210fe594ee9b33d82058545b1ed14f4c8206e,linux1804-64-shippable-qr,google-search,True,,,,,,,,,,,,,,,,,,,,,,,,,,,,,,,,,,,,,,,,,,,,,,,,,,TN,,,,,,,,,,
,1717153653,2023-06-23 18:03:44,360.0,1ba3d3c99916f850738f21670775ef715521a5df,1263072,mozilla-beta,LastVisualChange,True,google-search LastVisualChange opt cold fission webrender,,6,ms,firefox,False,|c|o|l|d| |f|i|s|s|i|o|n| |w|e|b|r|e|n|d|e|r|,,4168542,13,501ef63265451808903c2f1a4acc333b684a8a04,102210fe594ee9b33d82058545b1ed14f4c8206e,linux1804-64-shippable-qr,google-search,True,,,,,,,,,,,,,,,,,,,,,,,,,,,,,,,,,,,,,,,,,,,,,,,,,,TN,,,,,,,,,,
,1717180447,2023-06-23 18:52:54,320.0,6e906785da867056a855a34df3f92db65b8a7c49,1263096,mozilla-beta,LastVisualChange,True,google-search LastVisualChange opt cold fission webrender,,6,ms,firefox,False,|c|o|l|d| |f|i|s|s|i|o|n| |w|e|b|r|e|n|d|e|r|,,4168542,13,501ef63265451808903c2f1a4acc333b684a8a04,102210fe594ee9b33d82058545b1ed14f4c8206e,linux1804-64-shippable-qr,google-search,True,,,,,,,,,,,,,,,,,,,,,,,,,,,,,,,,,,,,,,,,,,,,,,,,,,TN,,,,,,,,,,
,1717314766,2023-06-24 13:12:41,360.0,3b9f2c4be4f6e4271c11c1d4407eae55196c950d,1263171,mozilla-beta,LastVisualChange,True,google-search LastVisualChange opt cold fission webrender,,6,ms,firefox,False,|c|o|l|d| |f|i|s|s|i|o|n| |w|e|b|r|e|n|d|e|r|,,4168542,13,501ef63265451808903c2f1a4acc333b684a8a04,102210fe594ee9b33d82058545b1ed14f4c8206e,linux1804-64-shippable-qr,google-search,True,,,,,,,,,,,,,,,,,,,,,,,,,,,,,,,,,,,,,,,,,,,,,,,,,,TN,,,,,,,,,,
,1717367732,2023-06-24 18:00:33,280.0,4576212ef8edf2209dd7f1b3605a741be564cf74,1263268,mozilla-beta,LastVisualChange,True,google-search LastVisualChange opt cold fission webrender,,6,ms,firefox,False,|c|o|l|d| |f|i|s|s|i|o|n| |w|e|b|r|e|n|d|e|r|,,4168542,13,501ef63265451808903c2f1a4acc333b684a8a04,102210fe594ee9b33d82058545b1ed14f4c8206e,linux1804-64-shippable-qr,google-search,True,,,,,,,,,,,,,,,,,,,,,,,,,,,,,,,,,,,,,,,,,,,,,,,,,,TN,,,,,,,,,,
,1717450181,2023-06-24 22:36:22,360.0,fa15ea81806e25491783ce0553573fb780959801,1263284,mozilla-beta,LastVisualChange,True,google-search LastVisualChange opt cold fission webrender,,6,ms,firefox,False,|c|o|l|d| |f|i|s|s|i|o|n| |w|e|b|r|e|n|d|e|r|,,4168542,13,501ef63265451808903c2f1a4acc333b684a8a04,102210fe594ee9b33d82058545b1ed14f4c8206e,linux1804-64-shippable-qr,google-search,True,,,,,,,,,,,,,,,,,,,,,,,,,,,,,,,,,,,,,,,,,,,,,,,,,,TN,,,,,,,,,,
,1717523660,2023-06-25 17:59:55,360.0,35de7f48bd8fa9ca1ba185a0021f2d1cafa7f49e,1263345,mozilla-beta,LastVisualChange,True,google-search LastVisualChange opt cold fission webrender,,6,ms,firefox,False,|c|o|l|d| |f|i|s|s|i|o|n| |w|e|b|r|e|n|d|e|r|,,4168542,13,501ef63265451808903c2f1a4acc333b684a8a04,102210fe594ee9b33d82058545b1ed14f4c8206e,linux1804-64-shippable-qr,google-search,True,,,,,,,,,,,,,,,,,,,,,,,,,,,,,,,,,,,,,,,,,,,,,,,,,,TN,,,,,,,,,,
,1717838954,2023-06-26 13:12:41,360.0,f539365f51c8542b1e354b68e50907668f16878d,1263655,mozilla-beta,LastVisualChange,True,google-search LastVisualChange opt cold fission webrender,,6,ms,firefox,False,|c|o|l|d| |f|i|s|s|i|o|n| |w|e|b|r|e|n|d|e|r|,,4168542,13,501ef63265451808903c2f1a4acc333b684a8a04,102210fe594ee9b33d82058545b1ed14f4c8206e,linux1804-64-shippable-qr,google-search,True,,,,,,,,,,,,,,,,,,,,,,,,,,,,,,,,,,,,,,,,,,,,,,,,,,TN,,,,,,,,,,
,1717873033,2023-06-26 14:05:49,360.0,035b72e275569245ab5c8844f4ddca8f5ce7da42,1263698,mozilla-beta,LastVisualChange,True,google-search LastVisualChange opt cold fission webrender,,6,ms,firefox,False,|c|o|l|d| |f|i|s|s|i|o|n| |w|e|b|r|e|n|d|e|r|,,4168542,13,501ef63265451808903c2f1a4acc333b684a8a04,102210fe594ee9b33d82058545b1ed14f4c8206e,linux1804-64-shippable-qr,google-search,True,,,,,,,,,,,,,,,,,,,,,,,,,,,,,,,,,,,,,,,,,,,,,,,,,,TN,,,,,,,,,,
,1720962410,2023-07-04 08:05:00,358.6,d3cecb35f77946efdfc851b00241e7cfb248d4f5,1267289,mozilla-beta,LastVisualChange,True,google-search LastVisualChange opt cold fission webrender,,6,ms,firefox,False,|c|o|l|d| |f|i|s|s|i|o|n| |w|e|b|r|e|n|d|e|r|,,4168542,13,501ef63265451808903c2f1a4acc333b684a8a04,102210fe594ee9b33d82058545b1ed14f4c8206e,linux1804-64-shippable-qr,google-search,True,,,,,,,,,,,,,,,,,,,,,,,,,,,,,,,,,,,,,,,,,,,,,,,,,,TN,,,,,,,,,,
,1720949108,2023-07-04 08:13:20,360.0,8ac42d8638fae465733db49debf49675c6b20697,1267293,mozilla-beta,LastVisualChange,True,google-search LastVisualChange opt cold fission webrender,,6,ms,firefox,False,|c|o|l|d| |f|i|s|s|i|o|n| |w|e|b|r|e|n|d|e|r|,,4168542,13,501ef63265451808903c2f1a4acc333b684a8a04,102210fe594ee9b33d82058545b1ed14f4c8206e,linux1804-64-shippable-qr,google-search,True,,,,,,,,,,,,,,,,,,,,,,,,,,,,,,,,,,,,,,,,,,,,,,,,,,TN,,,,,,,,,,
,1721199246,2023-07-04 17:59:10,363.4,d7e3fb8cd375eaf56ea5d3a43285557eaee0a5e0,1267597,mozilla-beta,LastVisualChange,True,google-search LastVisualChange opt cold fission webrender,,6,ms,firefox,False,|c|o|l|d| |f|i|s|s|i|o|n| |w|e|b|r|e|n|d|e|r|,,4168542,13,501ef63265451808903c2f1a4acc333b684a8a04,102210fe594ee9b33d82058545b1ed14f4c8206e,linux1804-64-shippable-qr,google-search,True,,,,,,,,,,,,,,,,,,,,,,,,,,,,,,,,,,,,,,,,,,,,,,,,,,TN,,,,,,,,,,
,1721308206,2023-07-04 20:50:41,352.1,2251a5bd1148826e0c1e6b3d0c5c6985f6284372,1267656,mozilla-beta,LastVisualChange,True,google-search LastVisualChange opt cold fission webrender,,6,ms,firefox,False,|c|o|l|d| |f|i|s|s|i|o|n| |w|e|b|r|e|n|d|e|r|,,4168542,13,501ef63265451808903c2f1a4acc333b684a8a04,102210fe594ee9b33d82058545b1ed14f4c8206e,linux1804-64-shippable-qr,google-search,True,,,,,,,,,,,,,,,,,,,,,,,,,,,,,,,,,,,,,,,,,,,,,,,,,,TN,,,,,,,,,,
,1721834053,2023-07-05 18:01:37,349.1,c0cb0ed5b9e39efd1be1f0d0dee1d03db2f8c4af,1268100,mozilla-beta,LastVisualChange,True,google-search LastVisualChange opt cold fission webrender,,6,ms,firefox,False,|c|o|l|d| |f|i|s|s|i|o|n| |w|e|b|r|e|n|d|e|r|,,4168542,13,501ef63265451808903c2f1a4acc333b684a8a04,102210fe594ee9b33d82058545b1ed14f4c8206e,linux1804-64-shippable-qr,google-search,True,,,,,,,,,,,,,,,,,,,,,,,,,,,,,,,,,,,,,,,,,,,,,,,,,,TN,,,,,,,,,,
,1721953474,2023-07-05 22:18:29,355.2,5b26c16edbef4a3fef8c57d63a680eb3417f22fd,1268276,mozilla-beta,LastVisualChange,True,google-search LastVisualChange opt cold fission webrender,,6,ms,firefox,False,|c|o|l|d| |f|i|s|s|i|o|n| |w|e|b|r|e|n|d|e|r|,,4168542,13,501ef63265451808903c2f1a4acc333b684a8a04,102210fe594ee9b33d82058545b1ed14f4c8206e,linux1804-64-shippable-qr,google-search,True,,,,,,,,,,,,,,,,,,,,,,,,,,,,,,,,,,,,,,,,,,,,,,,,,,TN,,,,,,,,,,
,1722254939,2023-07-06 14:26:52,360.1,3935d29947b87bf51e6b103f3722fcf0649a883e,1268671,mozilla-beta,LastVisualChange,True,google-search LastVisualChange opt cold fission webrender,,6,ms,firefox,False,|c|o|l|d| |f|i|s|s|i|o|n| |w|e|b|r|e|n|d|e|r|,,4168542,13,501ef63265451808903c2f1a4acc333b684a8a04,102210fe594ee9b33d82058545b1ed14f4c8206e,linux1804-64-shippable-qr,google-search,True,,,,,,,,,,,,,,,,,,,,,,,,,,,,,,,,,,,,,,,,,,,,,,,,,,TN,,,,,,,,,,
,1722316639,2023-07-06 15:48:00,364.8,b2838888a0e8eb0d0c60ef66175758b37c95f0c5,1268740,mozilla-beta,LastVisualChange,True,google-search LastVisualChange opt cold fission webrender,,6,ms,firefox,False,|c|o|l|d| |f|i|s|s|i|o|n| |w|e|b|r|e|n|d|e|r|,,4168542,13,501ef63265451808903c2f1a4acc333b684a8a04,102210fe594ee9b33d82058545b1ed14f4c8206e,linux1804-64-shippable-qr,google-search,True,,,,,,,,,,,,,,,,,,,,,,,,,,,,,,,,,,,,,,,,,,,,,,,,,,TN,,,,,,,,,,
,1722401309,2023-07-06 18:02:11,360.9,c8d180ec428a1ceddf5cfb7d1afe16d9e09dcc78,1268824,mozilla-beta,LastVisualChange,True,google-search LastVisualChange opt cold fission webrender,,6,ms,firefox,False,|c|o|l|d| |f|i|s|s|i|o|n| |w|e|b|r|e|n|d|e|r|,,4168542,13,501ef63265451808903c2f1a4acc333b684a8a04,102210fe594ee9b33d82058545b1ed14f4c8206e,linux1804-64-shippable-qr,google-search,True,,,,,,,,,,,,,,,,,,,,,,,,,,,,,,,,,,,,,,,,,,,,,,,,,,TN,,,,,,,,,,
,1722465132,2023-07-06 19:39:12,358.2,1b6b2288a0f47b37ab70eeb64f69bebf7442b138,1268893,mozilla-beta,LastVisualChange,True,google-search LastVisualChange opt cold fission webrender,,6,ms,firefox,False,|c|o|l|d| |f|i|s|s|i|o|n| |w|e|b|r|e|n|d|e|r|,,4168542,13,501ef63265451808903c2f1a4acc333b684a8a04,102210fe594ee9b33d82058545b1ed14f4c8206e,linux1804-64-shippable-qr,google-search,True,,,,,,,,,,,,,,,,,,,,,,,,,,,,,,,,,,,,,,,,,,,,,,,,,,TN,,,,,,,,,,
,1722977535,2023-07-07 17:59:16,362.9,97a7b5a61f68e2ac160fe29147306071599bcab2,1269470,mozilla-beta,LastVisualChange,True,google-search LastVisualChange opt cold fission webrender,,6,ms,firefox,False,|c|o|l|d| |f|i|s|s|i|o|n| |w|e|b|r|e|n|d|e|r|,,4168542,13,501ef63265451808903c2f1a4acc333b684a8a04,102210fe594ee9b33d82058545b1ed14f4c8206e,linux1804-64-shippable-qr,google-search,True,,,,,,,,,,,,,,,,,,,,,,,,,,,,,,,,,,,,,,,,,,,,,,,,,,TN,,,,,,,,,,
,1723036013,2023-07-07 18:52:45,361.6,8c0f8e058e2d2074662db140fe4f5ee081fc8202,1269502,mozilla-beta,LastVisualChange,True,google-search LastVisualChange opt cold fission webrender,,6,ms,firefox,False,|c|o|l|d| |f|i|s|s|i|o|n| |w|e|b|r|e|n|d|e|r|,,4168542,13,501ef63265451808903c2f1a4acc333b684a8a04,102210fe594ee9b33d82058545b1ed14f4c8206e,linux1804-64-shippable-qr,google-search,True,,,,,,,,,,,,,,,,,,,,,,,,,,,,,,,,,,,,,,,,,,,,,,,,,,TN,,,,,,,,,,
,1723374137,2023-07-08 14:56:49,393.6,80e901c4ae8730b0252c8ec0a16be620158010a7,1269733,mozilla-beta,LastVisualChange,True,google-search LastVisualChange opt cold fission webrender,,6,ms,firefox,False,|c|o|l|d| |f|i|s|s|i|o|n| |w|e|b|r|e|n|d|e|r|,,4168542,13,501ef63265451808903c2f1a4acc333b684a8a04,102210fe594ee9b33d82058545b1ed14f4c8206e,linux1804-64-shippable-qr,google-search,True,,,,,,,,,,,,,,,,,,,,,,,,,,,,,,,,,,,,,,,,,,,,,,,,,,TN,,,,,,,,,,
,1723405931,2023-07-08 17:59:20,397.8,412cbf20869a7438910dbeb0737a67532237ab7f,1269749,mozilla-beta,LastVisualChange,True,google-search LastVisualChange opt cold fission webrender,,6,ms,firefox,False,|c|o|l|d| |f|i|s|s|i|o|n| |w|e|b|r|e|n|d|e|r|,,4168542,13,501ef63265451808903c2f1a4acc333b684a8a04,102210fe594ee9b33d82058545b1ed14f4c8206e,linux1804-64-shippable-qr,google-search,True,,,,,,,,,,,,,,,,,,,,,,,,,,,,,,,,,,,,,,,,,,,,,,,,,,TN,,,,,,,,,,
,1723596050,2023-07-09 15:07:05,351.9,bd50e163e8d84f51ef341846fb9f41f281917384,1269852,mozilla-beta,LastVisualChange,True,google-search LastVisualChange opt cold fission webrender,,6,ms,firefox,False,|c|o|l|d| |f|i|s|s|i|o|n| |w|e|b|r|e|n|d|e|r|,,4168542,13,501ef63265451808903c2f1a4acc333b684a8a04,102210fe594ee9b33d82058545b1ed14f4c8206e,linux1804-64-shippable-qr,google-search,True,,,,,,,,,,,,,,,,,,,,,,,,,,,,,,,,,,,,,,,,,,,,,,,,,,TN,,,,,,,,,,
,1723647270,2023-07-09 17:59:49,384.6,d98ec7555bb1b00ef809e279882492340c88e7a5,1269878,mozilla-beta,LastVisualChange,True,google-search LastVisualChange opt cold fission webrender,,6,ms,firefox,False,|c|o|l|d| |f|i|s|s|i|o|n| |w|e|b|r|e|n|d|e|r|,,4168542,13,501ef63265451808903c2f1a4acc333b684a8a04,102210fe594ee9b33d82058545b1ed14f4c8206e,linux1804-64-shippable-qr,google-search,True,,,,,,,,,,,,,,,,,,,,,,,,,,,,,,,,,,,,,,,,,,,,,,,,,,TN,,,,,,,,,,
,1724028646,2023-07-10 13:57:38,392.1,28f60d3dfc47352e5f5b187c3e4b4a912ed6fed7,1270196,mozilla-beta,LastVisualChange,True,google-search LastVisualChange opt cold fission webrender,,6,ms,firefox,False,|c|o|l|d| |f|i|s|s|i|o|n| |w|e|b|r|e|n|d|e|r|,,4168542,13,501ef63265451808903c2f1a4acc333b684a8a04,102210fe594ee9b33d82058545b1ed14f4c8206e,linux1804-64-shippable-qr,google-search,True,,,,,,,,,,,,,,,,,,,,,,,,,,,,,,,,,,,,,,,,,,,,,,,,,,TN,,,,,,,,,,
,1724202532,2023-07-10 18:02:54,403.7,c80f0af649a4cd12fe9bcdaa48183f8417827feb,1270318,mozilla-beta,LastVisualChange,True,google-search LastVisualChange opt cold fission webrender,,6,ms,firefox,False,|c|o|l|d| |f|i|s|s|i|o|n| |w|e|b|r|e|n|d|e|r|,,4168542,13,501ef63265451808903c2f1a4acc333b684a8a04,102210fe594ee9b33d82058545b1ed14f4c8206e,linux1804-64-shippable-qr,google-search,True,,,,,,,,,,,,,,,,,,,,,,,,,,,,,,,,,,,,,,,,,,,,,,,,,,TN,,,,,,,,,,
,1724292538,2023-07-11 00:09:58,396.8,1dcdc0d37b33c854558ec0ef2561545b2254d192,1270529,mozilla-beta,LastVisualChange,True,google-search LastVisualChange opt cold fission webrender,,6,ms,firefox,False,|c|o|l|d| |f|i|s|s|i|o|n| |w|e|b|r|e|n|d|e|r|,,4168542,13,501ef63265451808903c2f1a4acc333b684a8a04,102210fe594ee9b33d82058545b1ed14f4c8206e,linux1804-64-shippable-qr,google-search,True,,,,,,,,,,,,,,,,,,,,,,,,,,,,,,,,,,,,,,,,,,,,,,,,,,TN,,,,,,,,,,
,1724553654,2023-07-11 12:10:33,395.0,a155fa3223a58c6670aaa0c7f7a621b0a8dfd812,1270743,mozilla-beta,LastVisualChange,True,google-search LastVisualChange opt cold fission webrender,,6,ms,firefox,False,|c|o|l|d| |f|i|s|s|i|o|n| |w|e|b|r|e|n|d|e|r|,,4168542,13,501ef63265451808903c2f1a4acc333b684a8a04,102210fe594ee9b33d82058545b1ed14f4c8206e,linux1804-64-shippable-qr,google-search,True,,,,,,,,,,,,,,,,,,,,,,,,,,,,,,,,,,,,,,,,,,,,,,,,,,TN,,,,,,,,,,
,1724593746,2023-07-11 13:49:09,403.7,d59e19237835de1d09c0980460e8c18f149c2cb1,1270799,mozilla-beta,LastVisualChange,True,google-search LastVisualChange opt cold fission webrender,,6,ms,firefox,False,|c|o|l|d| |f|i|s|s|i|o|n| |w|e|b|r|e|n|d|e|r|,,4168542,13,501ef63265451808903c2f1a4acc333b684a8a04,102210fe594ee9b33d82058545b1ed14f4c8206e,linux1804-64-shippable-qr,google-search,True,,,,,,,,,,,,,,,,,,,,,,,,,,,,,,,,,,,,,,,,,,,,,,,,,,TN,,,,,,,,,,
,1724738964,2023-07-11 17:59:23,393.3,dec4b42fd0a8e659f317a53a70de7fe0a6375b4d,1270960,mozilla-beta,LastVisualChange,True,google-search LastVisualChange opt cold fission webrender,,6,ms,firefox,False,|c|o|l|d| |f|i|s|s|i|o|n| |w|e|b|r|e|n|d|e|r|,,4168542,13,501ef63265451808903c2f1a4acc333b684a8a04,102210fe594ee9b33d82058545b1ed14f4c8206e,linux1804-64-shippable-qr,google-search,True,,,,,,,,,,,,,,,,,,,,,,,,,,,,,,,,,,,,,,,,,,,,,,,,,,TN,,,,,,,,,,
,1724760811,2023-07-11 18:30:52,397.8,d115233f6cf619edaf715843896dd904ffc421cb,1270975,mozilla-beta,LastVisualChange,True,google-search LastVisualChange opt cold fission webrender,,6,ms,firefox,False,|c|o|l|d| |f|i|s|s|i|o|n| |w|e|b|r|e|n|d|e|r|,,4168542,13,501ef63265451808903c2f1a4acc333b684a8a04,102210fe594ee9b33d82058545b1ed14f4c8206e,linux1804-64-shippable-qr,google-search,True,,,,,,,,,,,,,,,,,,,,,,,,,,,,,,,,,,,,,,,,,,,,,,,,,,TN,,,,,,,,,,
,1729382484,2023-07-11 21:21:57,361.4,4921772a7bfd64624043cb49279778b0426e1ae1,1271101,mozilla-beta,LastVisualChange,True,google-search LastVisualChange opt cold fission webrender,,6,ms,firefox,False,|c|o|l|d| |f|i|s|s|i|o|n| |w|e|b|r|e|n|d|e|r|,,4168542,13,501ef63265451808903c2f1a4acc333b684a8a04,102210fe594ee9b33d82058545b1ed14f4c8206e,linux1804-64-shippable-qr,google-search,True,,,,,,,,,,,,,,,,,,,,,,,,,,,,,,,,,,,,,,,,,,,,,,,,,,TN,,,,,,,,,,
,1729384099,2023-07-11 21:28:58,347.7,e15c7e7aec73a0eff768fbda7ab3356b8eac1070,1271107,mozilla-beta,LastVisualChange,True,google-search LastVisualChange opt cold fission webrender,,6,ms,firefox,False,|c|o|l|d| |f|i|s|s|i|o|n| |w|e|b|r|e|n|d|e|r|,,4168542,13,501ef63265451808903c2f1a4acc333b684a8a04,102210fe594ee9b33d82058545b1ed14f4c8206e,linux1804-64-shippable-qr,google-search,True,,,,,,,,,,,,,,,,,,,,,,,,,,,,,,,,,,,,,,,,,,,,,,,,,,TN,,,,,,,,,,
,1729382538,2023-07-12 00:13:39,361.6,aff0ad5cdadb5cc1f3776c817ebaee130561b187,1271179,mozilla-beta,LastVisualChange,True,google-search LastVisualChange opt cold fission webrender,,6,ms,firefox,False,|c|o|l|d| |f|i|s|s|i|o|n| |w|e|b|r|e|n|d|e|r|,,4168542,13,501ef63265451808903c2f1a4acc333b684a8a04,102210fe594ee9b33d82058545b1ed14f4c8206e,linux1804-64-shippable-qr,google-search,True,,,,,,,,,,,,,,,,,,,,,,,,,,,,,,,,,,,,,,,,,,,,,,,,,,TN,,,,,,,,,,
,1729382559,2023-07-12 00:20:25,354.5,5e3818f9b90d68871a703f28d7b2874e8043a7e0,1271184,mozilla-beta,LastVisualChange,True,google-search LastVisualChange opt cold fission webrender,,6,ms,firefox,False,|c|o|l|d| |f|i|s|s|i|o|n| |w|e|b|r|e|n|d|e|r|,,4168542,13,501ef63265451808903c2f1a4acc333b684a8a04,102210fe594ee9b33d82058545b1ed14f4c8206e,linux1804-64-shippable-qr,google-search,True,,,,,,,,,,,,,,,,,,,,,,,,,,,,,,,,,,,,,,,,,,,,,,,,,,TN,,,,,,,,,,
,1725238666,2023-07-12 18:58:21,348.5,52c1585352356cd4c42ae2b1385961b2f88be67b,1271633,mozilla-beta,LastVisualChange,True,google-search LastVisualChange opt cold fission webrender,,6,ms,firefox,False,|c|o|l|d| |f|i|s|s|i|o|n| |w|e|b|r|e|n|d|e|r|,,4168542,13,501ef63265451808903c2f1a4acc333b684a8a04,102210fe594ee9b33d82058545b1ed14f4c8206e,linux1804-64-shippable-qr,google-search,True,39096.0,1271633.0,1270975.0,2023-07-20T17:45:08.551518,2023-07-21T08:18:52.361767,2023-07-25T17:45:08.551518,mozilla-beta,13.0,178861.0,4.0,13.0,501ef63265451808903c2f1a4acc333b684a8a04,linux1804-64-shippable-qr,LastVisualChange,google-search,True,False,102210fe594ee9b33d82058545b1ed14f4c8206e,"cold, fission, webrender","cold, fission, webrender",ms,,,,,,,,,False,385.21,353.98,7.14,-31.23,8.11,39096.0,,False,mozilla-ldap/aesanu@mozilla.com,False,aesanu@mozilla.com,"('[{""perf_datum_id"": 1725238666, ""value"": 348.5, ""job_id"": 422449896, ""push_id"": 1271633, ""push_timestamp"": ""2023-07-12T18:58:21"", ""push__revision"": ""52c1585352356cd4c42ae2b1385961b2f88be67b""}, {""perf_datum_id"": 1725652747, ""value"": 348.8, ""job_id"": 422545353, ""push_id"": 1272156, ""push_timestamp"": ""2023-07-13T14:00:45"", ""push__revision"": ""3eb5925071ba3fd23d2808498d6db974e022a597""}, {""perf_datum_id"": 1725656782, ""value"": 360.5, ""job_id"": 422547111, ""push_id"": 1272177, ""push_timestamp"": ""2023-07-13T14:21:58"", ""push__revision"": ""4444bd2d76ad1f0ef6f4aff7e59e8e9db81f2305""}]',)","(3,)","(2,)","(0,)","(3,)","(0,)",OK,,TP,,2023-07-27T17:45:08.551518,,1.0,,1689188301.0,d115233f6cf619edaf715843896dd904ffc421cb,mozilla-ldap/aesanu@mozilla.com,aesanu@mozilla.com,infra
,1725652747,2023-07-13 14:00:45,348.8,3eb5925071ba3fd23d2808498d6db974e022a597,1272156,mozilla-beta,LastVisualChange,True,google-search LastVisualChange opt cold fission webrender,,6,ms,firefox,False,|c|o|l|d| |f|i|s|s|i|o|n| |w|e|b|r|e|n|d|e|r|,,4168542,13,501ef63265451808903c2f1a4acc333b684a8a04,102210fe594ee9b33d82058545b1ed14f4c8206e,linux1804-64-shippable-qr,google-search,True,,,,,,,,,,,,,,,,,,,,,,,,,,,,,,,,,,,,,,,,,,,,,,,,,,TN,,,,,,,,,,
,1725656782,2023-07-13 14:21:58,360.5,4444bd2d76ad1f0ef6f4aff7e59e8e9db81f2305,1272177,mozilla-beta,LastVisualChange,True,google-search LastVisualChange opt cold fission webrender,,6,ms,firefox,False,|c|o|l|d| |f|i|s|s|i|o|n| |w|e|b|r|e|n|d|e|r|,,4168542,13,501ef63265451808903c2f1a4acc333b684a8a04,102210fe594ee9b33d82058545b1ed14f4c8206e,linux1804-64-shippable-qr,google-search,True,,,,,,,,,,,,,,,,,,,,,,,,,,,,,,,,,,,,,,,,,,,,,,,,,,TN,,,,,,,,,,
,1725751146,2023-07-13 16:48:18,353.6,7a01db8a8e8ad141961b2f5fdf44a2e771de0d46,1272282,mozilla-beta,LastVisualChange,True,google-search LastVisualChange opt cold fission webrender,,6,ms,firefox,False,|c|o|l|d| |f|i|s|s|i|o|n| |w|e|b|r|e|n|d|e|r|,,4168542,13,501ef63265451808903c2f1a4acc333b684a8a04,102210fe594ee9b33d82058545b1ed14f4c8206e,linux1804-64-shippable-qr,google-search,True,,,,,,,,,,,,,,,,,,,,,,,,,,,,,,,,,,,,,,,,,,,,,,,,,,TN,,,,,,,,,,
,1725776867,2023-07-13 17:59:05,354.8,1871adf64271aebcccf19ede8eee47585bfadb3c,1272345,mozilla-beta,LastVisualChange,True,google-search LastVisualChange opt cold fission webrender,,6,ms,firefox,False,|c|o|l|d| |f|i|s|s|i|o|n| |w|e|b|r|e|n|d|e|r|,,4168542,13,501ef63265451808903c2f1a4acc333b684a8a04,102210fe594ee9b33d82058545b1ed14f4c8206e,linux1804-64-shippable-qr,google-search,True,,,,,,,,,,,,,,,,,,,,,,,,,,,,,,,,,,,,,,,,,,,,,,,,,,TN,,,,,,,,,,
,1726198407,2023-07-14 13:29:22,349.1,e1d02b6887bb1dcb547f064f74c499da04158df9,1272741,mozilla-beta,LastVisualChange,True,google-search LastVisualChange opt cold fission webrender,,6,ms,firefox,False,|c|o|l|d| |f|i|s|s|i|o|n| |w|e|b|r|e|n|d|e|r|,,4168542,13,501ef63265451808903c2f1a4acc333b684a8a04,102210fe594ee9b33d82058545b1ed14f4c8206e,linux1804-64-shippable-qr,google-search,True,,,,,,,,,,,,,,,,,,,,,,,,,,,,,,,,,,,,,,,,,,,,,,,,,,TN,,,,,,,,,,
,1726245023,2023-07-14 14:18:32,359.2,c83566264750894d2aa083bfec3b4dddcbaf26c7,1272769,mozilla-beta,LastVisualChange,True,google-search LastVisualChange opt cold fission webrender,,6,ms,firefox,False,|c|o|l|d| |f|i|s|s|i|o|n| |w|e|b|r|e|n|d|e|r|,,4168542,13,501ef63265451808903c2f1a4acc333b684a8a04,102210fe594ee9b33d82058545b1ed14f4c8206e,linux1804-64-shippable-qr,google-search,True,,,,,,,,,,,,,,,,,,,,,,,,,,,,,,,,,,,,,,,,,,,,,,,,,,TN,,,,,,,,,,
,1726374374,2023-07-14 17:59:09,354.9,f7629ac11e34075dac560bf31065851d441abc3c,1272899,mozilla-beta,LastVisualChange,True,google-search LastVisualChange opt cold fission webrender,,6,ms,firefox,False,|c|o|l|d| |f|i|s|s|i|o|n| |w|e|b|r|e|n|d|e|r|,,4168542,13,501ef63265451808903c2f1a4acc333b684a8a04,102210fe594ee9b33d82058545b1ed14f4c8206e,linux1804-64-shippable-qr,google-search,True,,,,,,,,,,,,,,,,,,,,,,,,,,,,,,,,,,,,,,,,,,,,,,,,,,TN,,,,,,,,,,
,1726609137,2023-07-15 18:04:22,358.2,dec6f8c6dcc74ba79246da43fd6e20d0eb7f7c0e,1273123,mozilla-beta,LastVisualChange,True,google-search LastVisualChange opt cold fission webrender,,6,ms,firefox,False,|c|o|l|d| |f|i|s|s|i|o|n| |w|e|b|r|e|n|d|e|r|,,4168542,13,501ef63265451808903c2f1a4acc333b684a8a04,102210fe594ee9b33d82058545b1ed14f4c8206e,linux1804-64-shippable-qr,google-search,True,,,,,,,,,,,,,,,,,,,,,,,,,,,,,,,,,,,,,,,,,,,,,,,,,,TN,,,,,,,,,,
,1726731532,2023-07-16 13:41:25,347.5,9c3147a3e07e168fcaabf4b3783fd84c69a9d24e,1273177,mozilla-beta,LastVisualChange,True,google-search LastVisualChange opt cold fission webrender,,6,ms,firefox,False,|c|o|l|d| |f|i|s|s|i|o|n| |w|e|b|r|e|n|d|e|r|,,4168542,13,501ef63265451808903c2f1a4acc333b684a8a04,102210fe594ee9b33d82058545b1ed14f4c8206e,linux1804-64-shippable-qr,google-search,True,,,,,,,,,,,,,,,,,,,,,,,,,,,,,,,,,,,,,,,,,,,,,,,,,,TN,,,,,,,,,,
,1726764126,2023-07-16 18:03:34,360.1,cd8c75069cbacdf88ad33dd00ecb9ab12c7ec1e4,1273187,mozilla-beta,LastVisualChange,True,google-search LastVisualChange opt cold fission webrender,,6,ms,firefox,False,|c|o|l|d| |f|i|s|s|i|o|n| |w|e|b|r|e|n|d|e|r|,,4168542,13,501ef63265451808903c2f1a4acc333b684a8a04,102210fe594ee9b33d82058545b1ed14f4c8206e,linux1804-64-shippable-qr,google-search,True,,,,,,,,,,,,,,,,,,,,,,,,,,,,,,,,,,,,,,,,,,,,,,,,,,TN,,,,,,,,,,
,1726979720,2023-07-17 15:06:07,352.6,6aa12630de4d96f69b09566023e74acb81e116c4,1273493,mozilla-beta,LastVisualChange,True,google-search LastVisualChange opt cold fission webrender,,6,ms,firefox,False,|c|o|l|d| |f|i|s|s|i|o|n| |w|e|b|r|e|n|d|e|r|,,4168542,13,501ef63265451808903c2f1a4acc333b684a8a04,102210fe594ee9b33d82058545b1ed14f4c8206e,linux1804-64-shippable-qr,google-search,True,,,,,,,,,,,,,,,,,,,,,,,,,,,,,,,,,,,,,,,,,,,,,,,,,,TN,,,,,,,,,,
,1727064542,2023-07-17 17:57:13,345.3,2ddfa7d38c38cf2a3242ea76a3326a0586a2efdc,1273601,mozilla-beta,LastVisualChange,True,google-search LastVisualChange opt cold fission webrender,,6,ms,firefox,False,|c|o|l|d| |f|i|s|s|i|o|n| |w|e|b|r|e|n|d|e|r|,,4168542,13,501ef63265451808903c2f1a4acc333b684a8a04,102210fe594ee9b33d82058545b1ed14f4c8206e,linux1804-64-shippable-qr,google-search,True,,,,,,,,,,,,,,,,,,,,,,,,,,,,,,,,,,,,,,,,,,,,,,,,,,TN,,,,,,,,,,
,1727079388,2023-07-17 18:13:26,311.2,0423f240445837264164498d5f822c75d5427177,1273620,mozilla-beta,LastVisualChange,True,google-search LastVisualChange opt cold fission webrender,,6,ms,firefox,False,|c|o|l|d| |f|i|s|s|i|o|n| |w|e|b|r|e|n|d|e|r|,,4168542,13,501ef63265451808903c2f1a4acc333b684a8a04,102210fe594ee9b33d82058545b1ed14f4c8206e,linux1804-64-shippable-qr,google-search,True,,,,,,,,,,,,,,,,,,,,,,,,,,,,,,,,,,,,,,,,,,,,,,,,,,TN,,,,,,,,,,
,1727504452,2023-07-18 12:20:04,351.5,ba11c78ce3b0121f57637dd734e829791d2dfcc4,1274042,mozilla-beta,LastVisualChange,True,google-search LastVisualChange opt cold fission webrender,,6,ms,firefox,False,|c|o|l|d| |f|i|s|s|i|o|n| |w|e|b|r|e|n|d|e|r|,,4168542,13,501ef63265451808903c2f1a4acc333b684a8a04,102210fe594ee9b33d82058545b1ed14f4c8206e,linux1804-64-shippable-qr,google-search,True,,,,,,,,,,,,,,,,,,,,,,,,,,,,,,,,,,,,,,,,,,,,,,,,,,TN,,,,,,,,,,
,1727639404,2023-07-18 17:47:25,367.0,fd830f72726b11de269b925cbd66ea0645dd9491,1274232,mozilla-beta,LastVisualChange,True,google-search LastVisualChange opt cold fission webrender,,6,ms,firefox,False,|c|o|l|d| |f|i|s|s|i|o|n| |w|e|b|r|e|n|d|e|r|,,4168542,13,501ef63265451808903c2f1a4acc333b684a8a04,102210fe594ee9b33d82058545b1ed14f4c8206e,linux1804-64-shippable-qr,google-search,True,,,,,,,,,,,,,,,,,,,,,,,,,,,,,,,,,,,,,,,,,,,,,,,,,,TN,,,,,,,,,,
,1727670664,2023-07-18 18:01:35,358.3,34301d4d9d7ede8d86907dd4cc41f9fc7d5d7d94,1274236,mozilla-beta,LastVisualChange,True,google-search LastVisualChange opt cold fission webrender,,6,ms,firefox,False,|c|o|l|d| |f|i|s|s|i|o|n| |w|e|b|r|e|n|d|e|r|,,4168542,13,501ef63265451808903c2f1a4acc333b684a8a04,102210fe594ee9b33d82058545b1ed14f4c8206e,linux1804-64-shippable-qr,google-search,True,,,,,,,,,,,,,,,,,,,,,,,,,,,,,,,,,,,,,,,,,,,,,,,,,,TN,,,,,,,,,,
,1727688019,2023-07-18 18:53:23,365.0,23424f65527c2d906a02bfe4779aff416f03826d,1274269,mozilla-beta,LastVisualChange,True,google-search LastVisualChange opt cold fission webrender,,6,ms,firefox,False,|c|o|l|d| |f|i|s|s|i|o|n| |w|e|b|r|e|n|d|e|r|,,4168542,13,501ef63265451808903c2f1a4acc333b684a8a04,102210fe594ee9b33d82058545b1ed14f4c8206e,linux1804-64-shippable-qr,google-search,True,,,,,,,,,,,,,,,,,,,,,,,,,,,,,,,,,,,,,,,,,,,,,,,,,,TN,,,,,,,,,,
,1728239244,2023-07-19 12:20:45,355.2,6f204c3c5e075defb94fcfdadf1d930df5d3f825,1274751,mozilla-beta,LastVisualChange,True,google-search LastVisualChange opt cold fission webrender,,6,ms,firefox,False,|c|o|l|d| |f|i|s|s|i|o|n| |w|e|b|r|e|n|d|e|r|,,4168542,13,501ef63265451808903c2f1a4acc333b684a8a04,102210fe594ee9b33d82058545b1ed14f4c8206e,linux1804-64-shippable-qr,google-search,True,,,,,,,,,,,,,,,,,,,,,,,,,,,,,,,,,,,,,,,,,,,,,,,,,,TN,,,,,,,,,,
,1728516034,2023-07-19 18:07:09,349.0,4430f8a728a733f89b6ac8b245537ab570eb2292,1275008,mozilla-beta,LastVisualChange,True,google-search LastVisualChange opt cold fission webrender,,6,ms,firefox,False,|c|o|l|d| |f|i|s|s|i|o|n| |w|e|b|r|e|n|d|e|r|,,4168542,13,501ef63265451808903c2f1a4acc333b684a8a04,102210fe594ee9b33d82058545b1ed14f4c8206e,linux1804-64-shippable-qr,google-search,True,,,,,,,,,,,,,,,,,,,,,,,,,,,,,,,,,,,,,,,,,,,,,,,,,,TN,,,,,,,,,,
,1728595459,2023-07-19 19:46:06,347.0,1904bb52d22fea887c5b39ecfd3e3104422033f9,1275079,mozilla-beta,LastVisualChange,True,google-search LastVisualChange opt cold fission webrender,,6,ms,firefox,False,|c|o|l|d| |f|i|s|s|i|o|n| |w|e|b|r|e|n|d|e|r|,,4168542,13,501ef63265451808903c2f1a4acc333b684a8a04,102210fe594ee9b33d82058545b1ed14f4c8206e,linux1804-64-shippable-qr,google-search,True,,,,,,,,,,,,,,,,,,,,,,,,,,,,,,,,,,,,,,,,,,,,,,,,,,TN,,,,,,,,,,
,1729114490,2023-07-20 15:57:45,350.5,00c1f4a8d5f8d4a18552a30a6994608f4418116d,1275567,mozilla-beta,LastVisualChange,True,google-search LastVisualChange opt cold fission webrender,,6,ms,firefox,False,|c|o|l|d| |f|i|s|s|i|o|n| |w|e|b|r|e|n|d|e|r|,,4168542,13,501ef63265451808903c2f1a4acc333b684a8a04,102210fe594ee9b33d82058545b1ed14f4c8206e,linux1804-64-shippable-qr,google-search,True,,,,,,,,,,,,,,,,,,,,,,,,,,,,,,,,,,,,,,,,,,,,,,,,,,TN,,,,,,,,,,
,1729191305,2023-07-20 17:59:27,350.8,a241d89b662e14a0ac4aabf56849c2b161b6d70d,1275658,mozilla-beta,LastVisualChange,True,google-search LastVisualChange opt cold fission webrender,,6,ms,firefox,False,|c|o|l|d| |f|i|s|s|i|o|n| |w|e|b|r|e|n|d|e|r|,,4168542,13,501ef63265451808903c2f1a4acc333b684a8a04,102210fe594ee9b33d82058545b1ed14f4c8206e,linux1804-64-shippable-qr,google-search,True,,,,,,,,,,,,,,,,,,,,,,,,,,,,,,,,,,,,,,,,,,,,,,,,,,TN,,,,,,,,,,
,1729266854,2023-07-20 20:00:12,358.4,5400bd70e968c76d1d67abea7e072f5db3e06c80,1275753,mozilla-beta,LastVisualChange,True,google-search LastVisualChange opt cold fission webrender,,6,ms,firefox,False,|c|o|l|d| |f|i|s|s|i|o|n| |w|e|b|r|e|n|d|e|r|,,4168542,13,501ef63265451808903c2f1a4acc333b684a8a04,102210fe594ee9b33d82058545b1ed14f4c8206e,linux1804-64-shippable-qr,google-search,True,,,,,,,,,,,,,,,,,,,,,,,,,,,,,,,,,,,,,,,,,,,,,,,,,,TN,,,,,,,,,,
,1729707205,2023-07-21 16:06:45,347.6,d9bbcab92460808ed9148655ab4c6e3dcf9239ef,1276242,mozilla-beta,LastVisualChange,True,google-search LastVisualChange opt cold fission webrender,,6,ms,firefox,False,|c|o|l|d| |f|i|s|s|i|o|n| |w|e|b|r|e|n|d|e|r|,,4168542,13,501ef63265451808903c2f1a4acc333b684a8a04,102210fe594ee9b33d82058545b1ed14f4c8206e,linux1804-64-shippable-qr,google-search,True,,,,,,,,,,,,,,,,,,,,,,,,,,,,,,,,,,,,,,,,,,,,,,,,,,TN,,,,,,,,,,
,1729768148,2023-07-21 18:01:34,350.7,763d601a05a7b017806cf139e475a959e5c7912a,1276334,mozilla-beta,LastVisualChange,True,google-search LastVisualChange opt cold fission webrender,,6,ms,firefox,False,|c|o|l|d| |f|i|s|s|i|o|n| |w|e|b|r|e|n|d|e|r|,,4168542,13,501ef63265451808903c2f1a4acc333b684a8a04,102210fe594ee9b33d82058545b1ed14f4c8206e,linux1804-64-shippable-qr,google-search,True,,,,,,,,,,,,,,,,,,,,,,,,,,,,,,,,,,,,,,,,,,,,,,,,,,TN,,,,,,,,,,
,1730147575,2023-07-22 18:01:26,346.1,5ebae42b46a0a71153c76180dd9808c42692be79,1276660,mozilla-beta,LastVisualChange,True,google-search LastVisualChange opt cold fission webrender,,6,ms,firefox,False,|c|o|l|d| |f|i|s|s|i|o|n| |w|e|b|r|e|n|d|e|r|,,4168542,13,501ef63265451808903c2f1a4acc333b684a8a04,102210fe594ee9b33d82058545b1ed14f4c8206e,linux1804-64-shippable-qr,google-search,True,,,,,,,,,,,,,,,,,,,,,,,,,,,,,,,,,,,,,,,,,,,,,,,,,,TN,,,,,,,,,,
,1730294299,2023-07-23 15:25:49,347.1,7c3347ba3478b9ce3fde17fa0acb3ea3b06dfa38,1276709,mozilla-beta,LastVisualChange,True,google-search LastVisualChange opt cold fission webrender,,6,ms,firefox,False,|c|o|l|d| |f|i|s|s|i|o|n| |w|e|b|r|e|n|d|e|r|,,4168542,13,501ef63265451808903c2f1a4acc333b684a8a04,102210fe594ee9b33d82058545b1ed14f4c8206e,linux1804-64-shippable-qr,google-search,True,,,,,,,,,,,,,,,,,,,,,,,,,,,,,,,,,,,,,,,,,,,,,,,,,,TN,,,,,,,,,,
,1730320433,2023-07-23 17:59:43,357.1,c26da009d2a4c447ccda98478b30b0fd5c842a79,1276731,mozilla-beta,LastVisualChange,True,google-search LastVisualChange opt cold fission webrender,,6,ms,firefox,False,|c|o|l|d| |f|i|s|s|i|o|n| |w|e|b|r|e|n|d|e|r|,,4168542,13,501ef63265451808903c2f1a4acc333b684a8a04,102210fe594ee9b33d82058545b1ed14f4c8206e,linux1804-64-shippable-qr,google-search,True,,,,,,,,,,,,,,,,,,,,,,,,,,,,,,,,,,,,,,,,,,,,,,,,,,TN,,,,,,,,,,
,1730398050,2023-07-24 00:28:48,366.3,23b1fabe6e02b63b59821e274cdbc8766b97e74a,1276770,mozilla-beta,LastVisualChange,True,google-search LastVisualChange opt cold fission webrender,,6,ms,firefox,False,|c|o|l|d| |f|i|s|s|i|o|n| |w|e|b|r|e|n|d|e|r|,,4168542,13,501ef63265451808903c2f1a4acc333b684a8a04,102210fe594ee9b33d82058545b1ed14f4c8206e,linux1804-64-shippable-qr,google-search,True,,,,,,,,,,,,,,,,,,,,,,,,,,,,,,,,,,,,,,,,,,,,,,,,,,TN,,,,,,,,,,
,1730693454,2023-07-24 12:18:38,355.8,316000c523d79e787604ca918d12752f1d5c1433,1276942,mozilla-beta,LastVisualChange,True,google-search LastVisualChange opt cold fission webrender,,6,ms,firefox,False,|c|o|l|d| |f|i|s|s|i|o|n| |w|e|b|r|e|n|d|e|r|,,4168542,13,501ef63265451808903c2f1a4acc333b684a8a04,102210fe594ee9b33d82058545b1ed14f4c8206e,linux1804-64-shippable-qr,google-search,True,,,,,,,,,,,,,,,,,,,,,,,,,,,,,,,,,,,,,,,,,,,,,,,,,,TN,,,,,,,,,,
,1733554966,2023-07-31 15:02:16,346.0,f4da117c89d1c6b7d53312065fbf3b32ac05c195,1280395,mozilla-beta,LastVisualChange,True,google-search LastVisualChange opt cold fission webrender,,6,ms,firefox,False,|c|o|l|d| |f|i|s|s|i|o|n| |w|e|b|r|e|n|d|e|r|,,4168542,13,501ef63265451808903c2f1a4acc333b684a8a04,102210fe594ee9b33d82058545b1ed14f4c8206e,linux1804-64-shippable-qr,google-search,True,,,,,,,,,,,,,,,,,,,,,,,,,,,,,,,,,,,,,,,,,,,,,,,,,,TN,,,,,,,,,,
,1734293722,2023-08-01 17:41:49,362.4,0d4550c5bbe5e5c9d652f6f76ed2b84801006a72,1281125,mozilla-beta,LastVisualChange,True,google-search LastVisualChange opt cold fission webrender,,6,ms,firefox,False,|c|o|l|d| |f|i|s|s|i|o|n| |w|e|b|r|e|n|d|e|r|,,4168542,13,501ef63265451808903c2f1a4acc333b684a8a04,102210fe594ee9b33d82058545b1ed14f4c8206e,linux1804-64-shippable-qr,google-search,True,,,,,,,,,,,,,,,,,,,,,,,,,,,,,,,,,,,,,,,,,,,,,,,,,,TN,,,,,,,,,,
,1734284977,2023-08-01 18:01:59,363.9,d2d0e657cc37b8045725d3ec3b95537958a2a906,1281146,mozilla-beta,LastVisualChange,True,google-search LastVisualChange opt cold fission webrender,,6,ms,firefox,False,|c|o|l|d| |f|i|s|s|i|o|n| |w|e|b|r|e|n|d|e|r|,,4168542,13,501ef63265451808903c2f1a4acc333b684a8a04,102210fe594ee9b33d82058545b1ed14f4c8206e,linux1804-64-shippable-qr,google-search,True,,,,,,,,,,,,,,,,,,,,,,,,,,,,,,,,,,,,,,,,,,,,,,,,,,TN,,,,,,,,,,
,1734738504,2023-08-02 15:58:45,355.2,0fb6863005d9a9c13e9baacd3f1b161fff28e9be,1281670,mozilla-beta,LastVisualChange,True,google-search LastVisualChange opt cold fission webrender,,6,ms,firefox,False,|c|o|l|d| |f|i|s|s|i|o|n| |w|e|b|r|e|n|d|e|r|,,4168542,13,501ef63265451808903c2f1a4acc333b684a8a04,102210fe594ee9b33d82058545b1ed14f4c8206e,linux1804-64-shippable-qr,google-search,True,,,,,,,,,,,,,,,,,,,,,,,,,,,,,,,,,,,,,,,,,,,,,,,,,,TN,,,,,,,,,,
,1734814548,2023-08-02 18:03:06,356.8,17026ac3512076aea21a114891abaeb7d86eefd1,1281761,mozilla-beta,LastVisualChange,True,google-search LastVisualChange opt cold fission webrender,,6,ms,firefox,False,|c|o|l|d| |f|i|s|s|i|o|n| |w|e|b|r|e|n|d|e|r|,,4168542,13,501ef63265451808903c2f1a4acc333b684a8a04,102210fe594ee9b33d82058545b1ed14f4c8206e,linux1804-64-shippable-qr,google-search,True,,,,,,,,,,,,,,,,,,,,,,,,,,,,,,,,,,,,,,,,,,,,,,,,,,TN,,,,,,,,,,
,1735027870,2023-08-03 00:35:45,362.9,65512c991660c1242db1c099b252edf75f9155df,1282034,mozilla-beta,LastVisualChange,True,google-search LastVisualChange opt cold fission webrender,,6,ms,firefox,False,|c|o|l|d| |f|i|s|s|i|o|n| |w|e|b|r|e|n|d|e|r|,,4168542,13,501ef63265451808903c2f1a4acc333b684a8a04,102210fe594ee9b33d82058545b1ed14f4c8206e,linux1804-64-shippable-qr,google-search,True,,,,,,,,,,,,,,,,,,,,,,,,,,,,,,,,,,,,,,,,,,,,,,,,,,TN,,,,,,,,,,
,1735061718,2023-08-03 02:40:36,353.9,de78a2160c98777d7df3d1abcfa1fa1ba2fc1ebf,1282073,mozilla-beta,LastVisualChange,True,google-search LastVisualChange opt cold fission webrender,,6,ms,firefox,False,|c|o|l|d| |f|i|s|s|i|o|n| |w|e|b|r|e|n|d|e|r|,,4168542,13,501ef63265451808903c2f1a4acc333b684a8a04,102210fe594ee9b33d82058545b1ed14f4c8206e,linux1804-64-shippable-qr,google-search,True,,,,,,,,,,,,,,,,,,,,,,,,,,,,,,,,,,,,,,,,,,,,,,,,,,TN,,,,,,,,,,
,1735374134,2023-08-03 15:42:06,349.1,38b5901830d175ff8ead19ae53ded689c990a2c2,1282357,mozilla-beta,LastVisualChange,True,google-search LastVisualChange opt cold fission webrender,,6,ms,firefox,False,|c|o|l|d| |f|i|s|s|i|o|n| |w|e|b|r|e|n|d|e|r|,,4168542,13,501ef63265451808903c2f1a4acc333b684a8a04,102210fe594ee9b33d82058545b1ed14f4c8206e,linux1804-64-shippable-qr,google-search,True,,,,,,,,,,,,,,,,,,,,,,,,,,,,,,,,,,,,,,,,,,,,,,,,,,TN,,,,,,,,,,
,1735435503,2023-08-03 16:45:02,352.2,8aec3eecd3933c24b1ffc49b81133e628bdbd9b7,1282417,mozilla-beta,LastVisualChange,True,google-search LastVisualChange opt cold fission webrender,,6,ms,firefox,False,|c|o|l|d| |f|i|s|s|i|o|n| |w|e|b|r|e|n|d|e|r|,,4168542,13,501ef63265451808903c2f1a4acc333b684a8a04,102210fe594ee9b33d82058545b1ed14f4c8206e,linux1804-64-shippable-qr,google-search,True,,,,,,,,,,,,,,,,,,,,,,,,,,,,,,,,,,,,,,,,,,,,,,,,,,TN,,,,,,,,,,
,1735492344,2023-08-03 18:02:21,453.8,7a8dadfc175109672e932eff3fa2b2e788227e0c,1282452,mozilla-beta,LastVisualChange,True,google-search LastVisualChange opt cold fission webrender,,6,ms,firefox,False,|c|o|l|d| |f|i|s|s|i|o|n| |w|e|b|r|e|n|d|e|r|,,4168542,13,501ef63265451808903c2f1a4acc333b684a8a04,102210fe594ee9b33d82058545b1ed14f4c8206e,linux1804-64-shippable-qr,google-search,True,,,,,,,,,,,,,,,,,,,,,,,,,,,,,,,,,,,,,,,,,,,,,,,,,,TN,,,,,,,,,,
,1738449796,2023-08-03 21:26:33,461.3,1ff8f4775e3e050d3bd7ec4cafc9e2fe3c464d98,1282576,mozilla-beta,LastVisualChange,True,google-search LastVisualChange opt cold fission webrender,,6,ms,firefox,False,|c|o|l|d| |f|i|s|s|i|o|n| |w|e|b|r|e|n|d|e|r|,,4168542,13,501ef63265451808903c2f1a4acc333b684a8a04,102210fe594ee9b33d82058545b1ed14f4c8206e,linux1804-64-shippable-qr,google-search,True,,,,,,,,,,,,,,,,,,,,,,,,,,,,,,,,,,,,,,,,,,,,,,,,,,TN,,,,,,,,,,
,1738449678,2023-08-03 21:33:33,461.0,a793f40c3dba43b86751acc012ef6c5d34db1d81,1282579,mozilla-beta,LastVisualChange,True,google-search LastVisualChange opt cold fission webrender,,6,ms,firefox,False,|c|o|l|d| |f|i|s|s|i|o|n| |w|e|b|r|e|n|d|e|r|,,4168542,13,501ef63265451808903c2f1a4acc333b684a8a04,102210fe594ee9b33d82058545b1ed14f4c8206e,linux1804-64-shippable-qr,google-search,True,,,,,,,,,,,,,,,,,,,,,,,,,,,,,,,,,,,,,,,,,,,,,,,,,,TN,,,,,,,,,,
,1738445875,2023-08-04 00:37:51,471.3,44ed0267dd919481a9ac5ac6a336369fb3f98779,1282680,mozilla-beta,LastVisualChange,True,google-search LastVisualChange opt cold fission webrender,,6,ms,firefox,False,|c|o|l|d| |f|i|s|s|i|o|n| |w|e|b|r|e|n|d|e|r|,,4168542,13,501ef63265451808903c2f1a4acc333b684a8a04,102210fe594ee9b33d82058545b1ed14f4c8206e,linux1804-64-shippable-qr,google-search,True,,,,,,,,,,,,,,,,,,,,,,,,,,,,,,,,,,,,,,,,,,,,,,,,,,TN,,,,,,,,,,
,1738453404,2023-08-04 00:44:07,512.3,678dda47c64b8d46e1a219c482dbb34cc41738cd,1282683,mozilla-beta,LastVisualChange,True,google-search LastVisualChange opt cold fission webrender,,6,ms,firefox,False,|c|o|l|d| |f|i|s|s|i|o|n| |w|e|b|r|e|n|d|e|r|,,4168542,13,501ef63265451808903c2f1a4acc333b684a8a04,102210fe594ee9b33d82058545b1ed14f4c8206e,linux1804-64-shippable-qr,google-search,True,,,,,,,,,,,,,,,,,,,,,,,,,,,,,,,,,,,,,,,,,,,,,,,,,,TN,,,,,,,,,,
,1735682675,2023-08-04 01:00:05,360.9,edbfa38873a723ceaf42ead3644bfd365d31f689,1282688,mozilla-beta,LastVisualChange,True,google-search LastVisualChange opt cold fission webrender,,6,ms,firefox,False,|c|o|l|d| |f|i|s|s|i|o|n| |w|e|b|r|e|n|d|e|r|,,4168542,13,501ef63265451808903c2f1a4acc333b684a8a04,102210fe594ee9b33d82058545b1ed14f4c8206e,linux1804-64-shippable-qr,google-search,True,,,,,,,,,,,,,,,,,,,,,,,,,,,,,,,,,,,,,,,,,,,,,,,,,,TN,,,,,,,,,,
,1735705935,2023-08-04 01:46:46,368.1,926c0c79b59e3a541f918893ea054164454095f6,1282708,mozilla-beta,LastVisualChange,True,google-search LastVisualChange opt cold fission webrender,,6,ms,firefox,False,|c|o|l|d| |f|i|s|s|i|o|n| |w|e|b|r|e|n|d|e|r|,,4168542,13,501ef63265451808903c2f1a4acc333b684a8a04,102210fe594ee9b33d82058545b1ed14f4c8206e,linux1804-64-shippable-qr,google-search,True,,,,,,,,,,,,,,,,,,,,,,,,,,,,,,,,,,,,,,,,,,,,,,,,,,TN,,,,,,,,,,
,1736009667,2023-08-04 14:18:49,351.0,f564a62af1d5a66c0cbc395f85508fd0aba080a7,1282986,mozilla-beta,LastVisualChange,True,google-search LastVisualChange opt cold fission webrender,,6,ms,firefox,False,|c|o|l|d| |f|i|s|s|i|o|n| |w|e|b|r|e|n|d|e|r|,,4168542,13,501ef63265451808903c2f1a4acc333b684a8a04,102210fe594ee9b33d82058545b1ed14f4c8206e,linux1804-64-shippable-qr,google-search,True,,,,,,,,,,,,,,,,,,,,,,,,,,,,,,,,,,,,,,,,,,,,,,,,,,TN,,,,,,,,,,
,1736188571,2023-08-04 18:01:22,355.2,67612b68bc23712e04e49bd79bf8c027bb9a438d,1283137,mozilla-beta,LastVisualChange,True,google-search LastVisualChange opt cold fission webrender,,6,ms,firefox,False,|c|o|l|d| |f|i|s|s|i|o|n| |w|e|b|r|e|n|d|e|r|,,4168542,13,501ef63265451808903c2f1a4acc333b684a8a04,102210fe594ee9b33d82058545b1ed14f4c8206e,linux1804-64-shippable-qr,google-search,True,,,,,,,,,,,,,,,,,,,,,,,,,,,,,,,,,,,,,,,,,,,,,,,,,,TN,,,,,,,,,,
,1736338152,2023-08-05 00:48:58,359.3,cd87be9c7e34460013b2770c9ee2e03c35627cc7,1283292,mozilla-beta,LastVisualChange,True,google-search LastVisualChange opt cold fission webrender,,6,ms,firefox,False,|c|o|l|d| |f|i|s|s|i|o|n| |w|e|b|r|e|n|d|e|r|,,4168542,13,501ef63265451808903c2f1a4acc333b684a8a04,102210fe594ee9b33d82058545b1ed14f4c8206e,linux1804-64-shippable-qr,google-search,True,,,,,,,,,,,,,,,,,,,,,,,,,,,,,,,,,,,,,,,,,,,,,,,,,,TN,,,,,,,,,,
,1736499875,2023-08-05 18:00:42,461.6,afd2356274aeb8ff8b60713edb74477cf7d6b3ee,1283353,mozilla-beta,LastVisualChange,True,google-search LastVisualChange opt cold fission webrender,,6,ms,firefox,False,|c|o|l|d| |f|i|s|s|i|o|n| |w|e|b|r|e|n|d|e|r|,,4168542,13,501ef63265451808903c2f1a4acc333b684a8a04,102210fe594ee9b33d82058545b1ed14f4c8206e,linux1804-64-shippable-qr,google-search,True,39245.0,1283353.0,1283292.0,2023-08-09T21:27:14.620707,2023-08-10T22:20:42.859719,2023-08-14T21:27:14.620707,mozilla-beta,13.0,179423.0,4.0,13.0,501ef63265451808903c2f1a4acc333b684a8a04,linux1804-64-shippable-qr,LastVisualChange,google-search,True,False,102210fe594ee9b33d82058545b1ed14f4c8206e,"cold, fission, webrender","cold, fission, webrender",ms,,,,,,,,,True,364.62,461.58,10.24,96.96,26.59,39245.0,,False,mozilla-ldap/aionescu@mozilla.com,False,aionescu@mozilla.com,,,,,,,OK,,SP,1848338.0,2023-08-16T21:27:14.620707,2023-08-11T13:17:11.932831,1.0,,1691258442.0,cd87be9c7e34460013b2770c9ee2e03c35627cc7,mozilla-ldap/aionescu@mozilla.com,aionescu@mozilla.com,early-beta-or-earlier
,1736576195,2023-08-06 16:43:56,457.8,600425a20e1e547262a69eb78c1d0000a545aa8c,1283426,mozilla-beta,LastVisualChange,True,google-search LastVisualChange opt cold fission webrender,,6,ms,firefox,False,|c|o|l|d| |f|i|s|s|i|o|n| |w|e|b|r|e|n|d|e|r|,,4168542,13,501ef63265451808903c2f1a4acc333b684a8a04,102210fe594ee9b33d82058545b1ed14f4c8206e,linux1804-64-shippable-qr,google-search,True,,,,,,,,,,,,,,,,,,,,,,,,,,,,,,,,,,,,,,,,,,,,,,,,,,TN,,,,,,,,,,
,1736585900,2023-08-06 18:01:10,405.2,fd6a630299cc7a67e2af0ea85515fa7f31773d43,1283429,mozilla-beta,LastVisualChange,True,google-search LastVisualChange opt cold fission webrender,,6,ms,firefox,False,|c|o|l|d| |f|i|s|s|i|o|n| |w|e|b|r|e|n|d|e|r|,,4168542,13,501ef63265451808903c2f1a4acc333b684a8a04,102210fe594ee9b33d82058545b1ed14f4c8206e,linux1804-64-shippable-qr,google-search,True,,,,,,,,,,,,,,,,,,,,,,,,,,,,,,,,,,,,,,,,,,,,,,,,,,TN,,,,,,,,,,
,1736626895,2023-08-07 00:18:16,462.3,0cb4435f0aa75155759ccde4232632db9be2685d,1283451,mozilla-beta,LastVisualChange,True,google-search LastVisualChange opt cold fission webrender,,6,ms,firefox,False,|c|o|l|d| |f|i|s|s|i|o|n| |w|e|b|r|e|n|d|e|r|,,4168542,13,501ef63265451808903c2f1a4acc333b684a8a04,102210fe594ee9b33d82058545b1ed14f4c8206e,linux1804-64-shippable-qr,google-search,True,,,,,,,,,,,,,,,,,,,,,,,,,,,,,,,,,,,,,,,,,,,,,,,,,,TN,,,,,,,,,,
,1736901264,2023-08-07 14:27:22,464.1,c1be2c53674ac35df4fa9981b969e0c7338db634,1283738,mozilla-beta,LastVisualChange,True,google-search LastVisualChange opt cold fission webrender,,6,ms,firefox,False,|c|o|l|d| |f|i|s|s|i|o|n| |w|e|b|r|e|n|d|e|r|,,4168542,13,501ef63265451808903c2f1a4acc333b684a8a04,102210fe594ee9b33d82058545b1ed14f4c8206e,linux1804-64-shippable-qr,google-search,True,,,,,,,,,,,,,,,,,,,,,,,,,,,,,,,,,,,,,,,,,,,,,,,,,,TN,,,,,,,,,,
,1736986307,2023-08-07 18:00:13,489.7,0719ff67d72e82af324ff0d60454cb7b64475ea8,1283851,mozilla-beta,LastVisualChange,True,google-search LastVisualChange opt cold fission webrender,,6,ms,firefox,False,|c|o|l|d| |f|i|s|s|i|o|n| |w|e|b|r|e|n|d|e|r|,,4168542,13,501ef63265451808903c2f1a4acc333b684a8a04,102210fe594ee9b33d82058545b1ed14f4c8206e,linux1804-64-shippable-qr,google-search,True,,,,,,,,,,,,,,,,,,,,,,,,,,,,,,,,,,,,,,,,,,,,,,,,,,TN,,,,,,,,,,
,1737516600,2023-08-08 17:20:55,475.4,2139e838f412d9530de885d86795cb20acd799ec,1284441,mozilla-beta,LastVisualChange,True,google-search LastVisualChange opt cold fission webrender,,6,ms,firefox,False,|c|o|l|d| |f|i|s|s|i|o|n| |w|e|b|r|e|n|d|e|r|,,4168542,13,501ef63265451808903c2f1a4acc333b684a8a04,102210fe594ee9b33d82058545b1ed14f4c8206e,linux1804-64-shippable-qr,google-search,True,,,,,,,,,,,,,,,,,,,,,,,,,,,,,,,,,,,,,,,,,,,,,,,,,,TN,,,,,,,,,,
,1737531895,2023-08-08 18:01:14,468.8,28729171cb22279cc197e994df3a3af4cb93dd03,1284477,mozilla-beta,LastVisualChange,True,google-search LastVisualChange opt cold fission webrender,,6,ms,firefox,False,|c|o|l|d| |f|i|s|s|i|o|n| |w|e|b|r|e|n|d|e|r|,,4168542,13,501ef63265451808903c2f1a4acc333b684a8a04,102210fe594ee9b33d82058545b1ed14f4c8206e,linux1804-64-shippable-qr,google-search,True,,,,,,,,,,,,,,,,,,,,,,,,,,,,,,,,,,,,,,,,,,,,,,,,,,TN,,,,,,,,,,
,1737560866,2023-08-08 18:43:39,463.8,2658ff909fe46ea384283ab987ff064826d3847f,1284502,mozilla-beta,LastVisualChange,True,google-search LastVisualChange opt cold fission webrender,,6,ms,firefox,False,|c|o|l|d| |f|i|s|s|i|o|n| |w|e|b|r|e|n|d|e|r|,,4168542,13,501ef63265451808903c2f1a4acc333b684a8a04,102210fe594ee9b33d82058545b1ed14f4c8206e,linux1804-64-shippable-qr,google-search,True,,,,,,,,,,,,,,,,,,,,,,,,,,,,,,,,,,,,,,,,,,,,,,,,,,TN,,,,,,,,,,
,1737666076,2023-08-08 21:55:02,463.9,cfdaf87ed056aaae59e32176b35e15dd0ccd4b1a,1284626,mozilla-beta,LastVisualChange,True,google-search LastVisualChange opt cold fission webrender,,6,ms,firefox,False,|c|o|l|d| |f|i|s|s|i|o|n| |w|e|b|r|e|n|d|e|r|,,4168542,13,501ef63265451808903c2f1a4acc333b684a8a04,102210fe594ee9b33d82058545b1ed14f4c8206e,linux1804-64-shippable-qr,google-search,True,,,,,,,,,,,,,,,,,,,,,,,,,,,,,,,,,,,,,,,,,,,,,,,,,,TN,,,,,,,,,,
,1738180455,2023-08-09 18:01:13,462.5,6bd589246bd42f4ee499b2c5a66490fed5d80f39,1285212,mozilla-beta,LastVisualChange,True,google-search LastVisualChange opt cold fission webrender,,6,ms,firefox,False,|c|o|l|d| |f|i|s|s|i|o|n| |w|e|b|r|e|n|d|e|r|,,4168542,13,501ef63265451808903c2f1a4acc333b684a8a04,102210fe594ee9b33d82058545b1ed14f4c8206e,linux1804-64-shippable-qr,google-search,True,,,,,,,,,,,,,,,,,,,,,,,,,,,,,,,,,,,,,,,,,,,,,,,,,,TN,,,,,,,,,,
,1738230528,2023-08-09 19:20:20,463.9,433d3b5055bdc140654b579bc823a855330ee44e,1285276,mozilla-beta,LastVisualChange,True,google-search LastVisualChange opt cold fission webrender,,6,ms,firefox,False,|c|o|l|d| |f|i|s|s|i|o|n| |w|e|b|r|e|n|d|e|r|,,4168542,13,501ef63265451808903c2f1a4acc333b684a8a04,102210fe594ee9b33d82058545b1ed14f4c8206e,linux1804-64-shippable-qr,google-search,True,,,,,,,,,,,,,,,,,,,,,,,,,,,,,,,,,,,,,,,,,,,,,,,,,,TN,,,,,,,,,,
,1738731825,2023-08-10 15:15:03,469.6,fa00393d9b3fe6becf61c250b9576e461b7c5570,1285771,mozilla-beta,LastVisualChange,True,google-search LastVisualChange opt cold fission webrender,,6,ms,firefox,False,|c|o|l|d| |f|i|s|s|i|o|n| |w|e|b|r|e|n|d|e|r|,,4168542,13,501ef63265451808903c2f1a4acc333b684a8a04,102210fe594ee9b33d82058545b1ed14f4c8206e,linux1804-64-shippable-qr,google-search,True,,,,,,,,,,,,,,,,,,,,,,,,,,,,,,,,,,,,,,,,,,,,,,,,,,TN,,,,,,,,,,
,1738816846,2023-08-10 17:30:49,473.5,3db6a1040c55acf5f5e7ae366545276b178866f9,1285856,mozilla-beta,LastVisualChange,True,google-search LastVisualChange opt cold fission webrender,,6,ms,firefox,False,|c|o|l|d| |f|i|s|s|i|o|n| |w|e|b|r|e|n|d|e|r|,,4168542,13,501ef63265451808903c2f1a4acc333b684a8a04,102210fe594ee9b33d82058545b1ed14f4c8206e,linux1804-64-shippable-qr,google-search,True,,,,,,,,,,,,,,,,,,,,,,,,,,,,,,,,,,,,,,,,,,,,,,,,,,TN,,,,,,,,,,
,1738825282,2023-08-10 17:48:51,465.2,21c1a6306679d8bc0dad3f2c85fb5d4de03d33a5,1285874,mozilla-beta,LastVisualChange,True,google-search LastVisualChange opt cold fission webrender,,6,ms,firefox,False,|c|o|l|d| |f|i|s|s|i|o|n| |w|e|b|r|e|n|d|e|r|,,4168542,13,501ef63265451808903c2f1a4acc333b684a8a04,102210fe594ee9b33d82058545b1ed14f4c8206e,linux1804-64-shippable-qr,google-search,True,,,,,,,,,,,,,,,,,,,,,,,,,,,,,,,,,,,,,,,,,,,,,,,,,,TN,,,,,,,,,,
,1738842977,2023-08-10 18:00:04,481.3,1c49b7aae46f2efa55d93f31c950239b146067c3,1285882,mozilla-beta,LastVisualChange,True,google-search LastVisualChange opt cold fission webrender,,6,ms,firefox,False,|c|o|l|d| |f|i|s|s|i|o|n| |w|e|b|r|e|n|d|e|r|,,4168542,13,501ef63265451808903c2f1a4acc333b684a8a04,102210fe594ee9b33d82058545b1ed14f4c8206e,linux1804-64-shippable-qr,google-search,True,,,,,,,,,,,,,,,,,,,,,,,,,,,,,,,,,,,,,,,,,,,,,,,,,,TN,,,,,,,,,,
,1738896437,2023-08-10 18:18:19,460.7,d6ffe323ddf142af3dd664b098a59dc4973bd423,1285902,mozilla-beta,LastVisualChange,True,google-search LastVisualChange opt cold fission webrender,,6,ms,firefox,False,|c|o|l|d| |f|i|s|s|i|o|n| |w|e|b|r|e|n|d|e|r|,,4168542,13,501ef63265451808903c2f1a4acc333b684a8a04,102210fe594ee9b33d82058545b1ed14f4c8206e,linux1804-64-shippable-qr,google-search,True,,,,,,,,,,,,,,,,,,,,,,,,,,,,,,,,,,,,,,,,,,,,,,,,,,TN,,,,,,,,,,
,1739281365,2023-08-11 15:21:13,485.5,19a2c76dc9990f44dbeac102736d2e99be839317,1286357,mozilla-beta,LastVisualChange,True,google-search LastVisualChange opt cold fission webrender,,6,ms,firefox,False,|c|o|l|d| |f|i|s|s|i|o|n| |w|e|b|r|e|n|d|e|r|,,4168542,13,501ef63265451808903c2f1a4acc333b684a8a04,102210fe594ee9b33d82058545b1ed14f4c8206e,linux1804-64-shippable-qr,google-search,True,,,,,,,,,,,,,,,,,,,,,,,,,,,,,,,,,,,,,,,,,,,,,,,,,,TN,,,,,,,,,,
,1739317912,2023-08-11 16:51:16,357.2,fe2aaa3aafcf697f35b8250eca545ed76a62162f,1286431,mozilla-beta,LastVisualChange,True,google-search LastVisualChange opt cold fission webrender,,6,ms,firefox,False,|c|o|l|d| |f|i|s|s|i|o|n| |w|e|b|r|e|n|d|e|r|,,4168542,13,501ef63265451808903c2f1a4acc333b684a8a04,102210fe594ee9b33d82058545b1ed14f4c8206e,linux1804-64-shippable-qr,google-search,True,39314.0,1286431.0,1286357.0,2023-08-15T04:48:11.162286,2023-08-16T14:22:29.770469,2023-08-18T04:48:11.162286,mozilla-beta,13.0,179832.0,2.0,13.0,501ef63265451808903c2f1a4acc333b684a8a04,linux1804-64-shippable-qr,LastVisualChange,google-search,True,False,102210fe594ee9b33d82058545b1ed14f4c8206e,"cold, fission, webrender","cold, fission, webrender",ms,,,,,,,,,False,465.96,367.18,9.77,-98.78,21.2,39314.0,39307.0,False,mozilla-ldap/aionescu@mozilla.com,False,aionescu@mozilla.com,,,,,,,OK,,TP,,2023-08-22T04:48:11.162286,,1.0,,1691772676.0,19a2c76dc9990f44dbeac102736d2e99be839317,mozilla-ldap/aionescu@mozilla.com,aionescu@mozilla.com,
,1739359605,2023-08-11 17:58:53,353.0,bc09740beb8c1ae802df1ad952223a369daac18f,1286483,mozilla-beta,LastVisualChange,True,google-search LastVisualChange opt cold fission webrender,,6,ms,firefox,False,|c|o|l|d| |f|i|s|s|i|o|n| |w|e|b|r|e|n|d|e|r|,,4168542,13,501ef63265451808903c2f1a4acc333b684a8a04,102210fe594ee9b33d82058545b1ed14f4c8206e,linux1804-64-shippable-qr,google-search,True,,,,,,,,,,,,,,,,,,,,,,,,,,,,,,,,,,,,,,,,,,,,,,,,,,TN,,,,,,,,,,
,1739392671,2023-08-11 19:35:29,359.3,e62bf69c57f2d75551e80a25236b19d1892709b3,1286549,mozilla-beta,LastVisualChange,True,google-search LastVisualChange opt cold fission webrender,,6,ms,firefox,False,|c|o|l|d| |f|i|s|s|i|o|n| |w|e|b|r|e|n|d|e|r|,,4168542,13,501ef63265451808903c2f1a4acc333b684a8a04,102210fe594ee9b33d82058545b1ed14f4c8206e,linux1804-64-shippable-qr,google-search,True,,,,,,,,,,,,,,,,,,,,,,,,,,,,,,,,,,,,,,,,,,,,,,,,,,TN,,,,,,,,,,
,1739651974,2023-08-12 16:03:48,355.2,19a38682aee82796d601e53801a5d4eb10664812,1286674,mozilla-beta,LastVisualChange,True,google-search LastVisualChange opt cold fission webrender,,6,ms,firefox,False,|c|o|l|d| |f|i|s|s|i|o|n| |w|e|b|r|e|n|d|e|r|,,4168542,13,501ef63265451808903c2f1a4acc333b684a8a04,102210fe594ee9b33d82058545b1ed14f4c8206e,linux1804-64-shippable-qr,google-search,True,,,,,,,,,,,,,,,,,,,,,,,,,,,,,,,,,,,,,,,,,,,,,,,,,,TN,,,,,,,,,,
,1739686380,2023-08-12 18:00:10,356.9,77b053e8ee09973807d49b1888c31ea21118362f,1286689,mozilla-beta,LastVisualChange,True,google-search LastVisualChange opt cold fission webrender,,6,ms,firefox,False,|c|o|l|d| |f|i|s|s|i|o|n| |w|e|b|r|e|n|d|e|r|,,4168542,13,501ef63265451808903c2f1a4acc333b684a8a04,102210fe594ee9b33d82058545b1ed14f4c8206e,linux1804-64-shippable-qr,google-search,True,,,,,,,,,,,,,,,,,,,,,,,,,,,,,,,,,,,,,,,,,,,,,,,,,,TN,,,,,,,,,,
,1739833816,2023-08-13 16:52:58,351.8,4cf69f7029b8d6f7a38adb83cd6852ac008d6be2,1286761,mozilla-beta,LastVisualChange,True,google-search LastVisualChange opt cold fission webrender,,6,ms,firefox,False,|c|o|l|d| |f|i|s|s|i|o|n| |w|e|b|r|e|n|d|e|r|,,4168542,13,501ef63265451808903c2f1a4acc333b684a8a04,102210fe594ee9b33d82058545b1ed14f4c8206e,linux1804-64-shippable-qr,google-search,True,,,,,,,,,,,,,,,,,,,,,,,,,,,,,,,,,,,,,,,,,,,,,,,,,,TN,,,,,,,,,,
,1739847996,2023-08-13 17:23:23,399.7,2300f9ca9d4fa74443ed2c5542bb1b22167a28df,1286763,mozilla-beta,LastVisualChange,True,google-search LastVisualChange opt cold fission webrender,,6,ms,firefox,False,|c|o|l|d| |f|i|s|s|i|o|n| |w|e|b|r|e|n|d|e|r|,,4168542,13,501ef63265451808903c2f1a4acc333b684a8a04,102210fe594ee9b33d82058545b1ed14f4c8206e,linux1804-64-shippable-qr,google-search,True,,,,,,,,,,,,,,,,,,,,,,,,,,,,,,,,,,,,,,,,,,,,,,,,,,TN,,,,,,,,,,
,1739852711,2023-08-13 18:01:42,463.7,b6ac990feb967837e10ccf2232c15c9acc4542db,1286766,mozilla-beta,LastVisualChange,True,google-search LastVisualChange opt cold fission webrender,,6,ms,firefox,False,|c|o|l|d| |f|i|s|s|i|o|n| |w|e|b|r|e|n|d|e|r|,,4168542,13,501ef63265451808903c2f1a4acc333b684a8a04,102210fe594ee9b33d82058545b1ed14f4c8206e,linux1804-64-shippable-qr,google-search,True,,,,,,,,,,,,,,,,,,,,,,,,,,,,,,,,,,,,,,,,,,,,,,,,,,TN,,,,,,,,,,
,1740133132,2023-08-14 15:56:31,355.1,a6729d7e2ba0e1ba1fbf93be5076ecdb4a1b1e40,1287055,mozilla-beta,LastVisualChange,True,google-search LastVisualChange opt cold fission webrender,,6,ms,firefox,False,|c|o|l|d| |f|i|s|s|i|o|n| |w|e|b|r|e|n|d|e|r|,,4168542,13,501ef63265451808903c2f1a4acc333b684a8a04,102210fe594ee9b33d82058545b1ed14f4c8206e,linux1804-64-shippable-qr,google-search,True,,,,,,,,,,,,,,,,,,,,,,,,,,,,,,,,,,,,,,,,,,,,,,,,,,TN,,,,,,,,,,
,1740201918,2023-08-14 17:35:08,348.3,1d543e7b65ff57f2da7465d003f3e3e38e672120,1287114,mozilla-beta,LastVisualChange,True,google-search LastVisualChange opt cold fission webrender,,6,ms,firefox,False,|c|o|l|d| |f|i|s|s|i|o|n| |w|e|b|r|e|n|d|e|r|,,4168542,13,501ef63265451808903c2f1a4acc333b684a8a04,102210fe594ee9b33d82058545b1ed14f4c8206e,linux1804-64-shippable-qr,google-search,True,,,,,,,,,,,,,,,,,,,,,,,,,,,,,,,,,,,,,,,,,,,,,,,,,,TN,,,,,,,,,,
,1740223923,2023-08-14 18:01:52,353.3,2272865813a3da4e06a9a59daac6a0d46d3c5c35,1287134,mozilla-beta,LastVisualChange,True,google-search LastVisualChange opt cold fission webrender,,6,ms,firefox,False,|c|o|l|d| |f|i|s|s|i|o|n| |w|e|b|r|e|n|d|e|r|,,4168542,13,501ef63265451808903c2f1a4acc333b684a8a04,102210fe594ee9b33d82058545b1ed14f4c8206e,linux1804-64-shippable-qr,google-search,True,,,,,,,,,,,,,,,,,,,,,,,,,,,,,,,,,,,,,,,,,,,,,,,,,,TN,,,,,,,,,,
,1740411442,2023-08-15 02:26:03,352.7,dbd6cb77df7c84d664880a496756071e3619f0fd,1287386,mozilla-beta,LastVisualChange,True,google-search LastVisualChange opt cold fission webrender,,6,ms,firefox,False,|c|o|l|d| |f|i|s|s|i|o|n| |w|e|b|r|e|n|d|e|r|,,4168542,13,501ef63265451808903c2f1a4acc333b684a8a04,102210fe594ee9b33d82058545b1ed14f4c8206e,linux1804-64-shippable-qr,google-search,True,,,,,,,,,,,,,,,,,,,,,,,,,,,,,,,,,,,,,,,,,,,,,,,,,,TN,,,,,,,,,,
,1740702258,2023-08-15 14:12:37,367.3,ea32c3ece390271be2988a369cc7fbddd4f87187,1287594,mozilla-beta,LastVisualChange,True,google-search LastVisualChange opt cold fission webrender,,6,ms,firefox,False,|c|o|l|d| |f|i|s|s|i|o|n| |w|e|b|r|e|n|d|e|r|,,4168542,13,501ef63265451808903c2f1a4acc333b684a8a04,102210fe594ee9b33d82058545b1ed14f4c8206e,linux1804-64-shippable-qr,google-search,True,,,,,,,,,,,,,,,,,,,,,,,,,,,,,,,,,,,,,,,,,,,,,,,,,,TN,,,,,,,,,,
,1740719087,2023-08-15 14:31:22,345.4,bd110f9606301510f9ddac04db25e26fc7b979f4,1287600,mozilla-beta,LastVisualChange,True,google-search LastVisualChange opt cold fission webrender,,6,ms,firefox,False,|c|o|l|d| |f|i|s|s|i|o|n| |w|e|b|r|e|n|d|e|r|,,4168542,13,501ef63265451808903c2f1a4acc333b684a8a04,102210fe594ee9b33d82058545b1ed14f4c8206e,linux1804-64-shippable-qr,google-search,True,,,,,,,,,,,,,,,,,,,,,,,,,,,,,,,,,,,,,,,,,,,,,,,,,,TN,,,,,,,,,,
,1740857080,2023-08-15 17:55:25,348.8,39b27e45212aba8ae789db40047edcb957e5c978,1287743,mozilla-beta,LastVisualChange,True,google-search LastVisualChange opt cold fission webrender,,6,ms,firefox,False,|c|o|l|d| |f|i|s|s|i|o|n| |w|e|b|r|e|n|d|e|r|,,4168542,13,501ef63265451808903c2f1a4acc333b684a8a04,102210fe594ee9b33d82058545b1ed14f4c8206e,linux1804-64-shippable-qr,google-search,True,,,,,,,,,,,,,,,,,,,,,,,,,,,,,,,,,,,,,,,,,,,,,,,,,,TN,,,,,,,,,,
,1740824686,2023-08-15 18:00:41,349.3,3ee3379590a3b47418b7e1dac28217fa1720c9c5,1287745,mozilla-beta,LastVisualChange,True,google-search LastVisualChange opt cold fission webrender,,6,ms,firefox,False,|c|o|l|d| |f|i|s|s|i|o|n| |w|e|b|r|e|n|d|e|r|,,4168542,13,501ef63265451808903c2f1a4acc333b684a8a04,102210fe594ee9b33d82058545b1ed14f4c8206e,linux1804-64-shippable-qr,google-search,True,,,,,,,,,,,,,,,,,,,,,,,,,,,,,,,,,,,,,,,,,,,,,,,,,,TN,,,,,,,,,,
,1741541638,2023-08-16 17:40:45,360.2,08b127aa5a361e2e83fbf254bcfa7d7defcc91bb,1288455,mozilla-beta,LastVisualChange,True,google-search LastVisualChange opt cold fission webrender,,6,ms,firefox,False,|c|o|l|d| |f|i|s|s|i|o|n| |w|e|b|r|e|n|d|e|r|,,4168542,13,501ef63265451808903c2f1a4acc333b684a8a04,102210fe594ee9b33d82058545b1ed14f4c8206e,linux1804-64-shippable-qr,google-search,True,,,,,,,,,,,,,,,,,,,,,,,,,,,,,,,,,,,,,,,,,,,,,,,,,,TN,,,,,,,,,,
,1741561966,2023-08-16 18:00:54,353.5,d3061045db8732cf87a223291094873d2d50888a,1288466,mozilla-beta,LastVisualChange,True,google-search LastVisualChange opt cold fission webrender,,6,ms,firefox,False,|c|o|l|d| |f|i|s|s|i|o|n| |w|e|b|r|e|n|d|e|r|,,4168542,13,501ef63265451808903c2f1a4acc333b684a8a04,102210fe594ee9b33d82058545b1ed14f4c8206e,linux1804-64-shippable-qr,google-search,True,,,,,,,,,,,,,,,,,,,,,,,,,,,,,,,,,,,,,,,,,,,,,,,,,,TN,,,,,,,,,,
,1741581803,2023-08-16 18:52:19,353.8,33901ea7ca81a824a5b24396def8e991fe7731e0,1288493,mozilla-beta,LastVisualChange,True,google-search LastVisualChange opt cold fission webrender,,6,ms,firefox,False,|c|o|l|d| |f|i|s|s|i|o|n| |w|e|b|r|e|n|d|e|r|,,4168542,13,501ef63265451808903c2f1a4acc333b684a8a04,102210fe594ee9b33d82058545b1ed14f4c8206e,linux1804-64-shippable-qr,google-search,True,,,,,,,,,,,,,,,,,,,,,,,,,,,,,,,,,,,,,,,,,,,,,,,,,,TN,,,,,,,,,,
,1742102059,2023-08-17 14:25:18,350.8,f5d3fbc0d6e61648e703814eea4baf5806524b36,1288946,mozilla-beta,LastVisualChange,True,google-search LastVisualChange opt cold fission webrender,,6,ms,firefox,False,|c|o|l|d| |f|i|s|s|i|o|n| |w|e|b|r|e|n|d|e|r|,,4168542,13,501ef63265451808903c2f1a4acc333b684a8a04,102210fe594ee9b33d82058545b1ed14f4c8206e,linux1804-64-shippable-qr,google-search,True,,,,,,,,,,,,,,,,,,,,,,,,,,,,,,,,,,,,,,,,,,,,,,,,,,TN,,,,,,,,,,
,1742201006,2023-08-17 17:00:22,360.0,43bf41ee652223649ecd95d0a656eeacae86ad05,1289046,mozilla-beta,LastVisualChange,True,google-search LastVisualChange opt cold fission webrender,,6,ms,firefox,False,|c|o|l|d| |f|i|s|s|i|o|n| |w|e|b|r|e|n|d|e|r|,,4168542,13,501ef63265451808903c2f1a4acc333b684a8a04,102210fe594ee9b33d82058545b1ed14f4c8206e,linux1804-64-shippable-qr,google-search,True,,,,,,,,,,,,,,,,,,,,,,,,,,,,,,,,,,,,,,,,,,,,,,,,,,TN,,,,,,,,,,
,1742242057,2023-08-17 17:58:56,355.2,79150caa42c9af433d7077a75e3bb6024fedd445,1289083,mozilla-beta,LastVisualChange,True,google-search LastVisualChange opt cold fission webrender,,6,ms,firefox,False,|c|o|l|d| |f|i|s|s|i|o|n| |w|e|b|r|e|n|d|e|r|,,4168542,13,501ef63265451808903c2f1a4acc333b684a8a04,102210fe594ee9b33d82058545b1ed14f4c8206e,linux1804-64-shippable-qr,google-search,True,,,,,,,,,,,,,,,,,,,,,,,,,,,,,,,,,,,,,,,,,,,,,,,,,,TN,,,,,,,,,,
,1742883400,2023-08-18 17:58:43,355.2,dd6c96bd27406158b503fdc93699a7a55299727d,1289558,mozilla-beta,LastVisualChange,True,google-search LastVisualChange opt cold fission webrender,,6,ms,firefox,False,|c|o|l|d| |f|i|s|s|i|o|n| |w|e|b|r|e|n|d|e|r|,,4168542,13,501ef63265451808903c2f1a4acc333b684a8a04,102210fe594ee9b33d82058545b1ed14f4c8206e,linux1804-64-shippable-qr,google-search,True,,,,,,,,,,,,,,,,,,,,,,,,,,,,,,,,,,,,,,,,,,,,,,,,,,TN,,,,,,,,,,
,1742901128,2023-08-18 18:03:36,358.5,cb4964f4a7d3a89de607bbb3e0f382ecbb876138,1289562,mozilla-beta,LastVisualChange,True,google-search LastVisualChange opt cold fission webrender,,6,ms,firefox,False,|c|o|l|d| |f|i|s|s|i|o|n| |w|e|b|r|e|n|d|e|r|,,4168542,13,501ef63265451808903c2f1a4acc333b684a8a04,102210fe594ee9b33d82058545b1ed14f4c8206e,linux1804-64-shippable-qr,google-search,True,,,,,,,,,,,,,,,,,,,,,,,,,,,,,,,,,,,,,,,,,,,,,,,,,,TN,,,,,,,,,,
,1743162629,2023-08-19 18:03:16,356.3,280c96d8d9eaa71cccbf305dcd506fcb5916a426,1289766,mozilla-beta,LastVisualChange,True,google-search LastVisualChange opt cold fission webrender,,6,ms,firefox,False,|c|o|l|d| |f|i|s|s|i|o|n| |w|e|b|r|e|n|d|e|r|,,4168542,13,501ef63265451808903c2f1a4acc333b684a8a04,102210fe594ee9b33d82058545b1ed14f4c8206e,linux1804-64-shippable-qr,google-search,True,,,,,,,,,,,,,,,,,,,,,,,,,,,,,,,,,,,,,,,,,,,,,,,,,,TN,,,,,,,,,,
,1743310128,2023-08-20 18:00:02,387.3,9763c2c83af5baabe670cc6a262f1c838c3eca85,1289838,mozilla-beta,LastVisualChange,True,google-search LastVisualChange opt cold fission webrender,,6,ms,firefox,False,|c|o|l|d| |f|i|s|s|i|o|n| |w|e|b|r|e|n|d|e|r|,,4168542,13,501ef63265451808903c2f1a4acc333b684a8a04,102210fe594ee9b33d82058545b1ed14f4c8206e,linux1804-64-shippable-qr,google-search,True,,,,,,,,,,,,,,,,,,,,,,,,,,,,,,,,,,,,,,,,,,,,,,,,,,TN,,,,,,,,,,
,1743628584,2023-08-21 11:07:09,351.0,95093682c2bb0242a3f1016d06ee0e2d33385e4b,1289941,mozilla-beta,LastVisualChange,True,google-search LastVisualChange opt cold fission webrender,,6,ms,firefox,False,|c|o|l|d| |f|i|s|s|i|o|n| |w|e|b|r|e|n|d|e|r|,,4168542,13,501ef63265451808903c2f1a4acc333b684a8a04,102210fe594ee9b33d82058545b1ed14f4c8206e,linux1804-64-shippable-qr,google-search,True,,,,,,,,,,,,,,,,,,,,,,,,,,,,,,,,,,,,,,,,,,,,,,,,,,TN,,,,,,,,,,
,1746923950,2023-08-28 13:34:39,356.8,a51142166ff907b88f1f41ce22c1ad1df4daac76,1292230,mozilla-beta,LastVisualChange,True,google-search LastVisualChange opt cold fission webrender,,6,ms,firefox,False,|c|o|l|d| |f|i|s|s|i|o|n| |w|e|b|r|e|n|d|e|r|,,4168542,13,501ef63265451808903c2f1a4acc333b684a8a04,102210fe594ee9b33d82058545b1ed14f4c8206e,linux1804-64-shippable-qr,google-search,True,,,,,,,,,,,,,,,,,,,,,,,,,,,,,,,,,,,,,,,,,,,,,,,,,,TN,,,,,,,,,,
,1747075328,2023-08-28 18:00:55,349.3,dad69789a2511ed216636075c1304c3df77ef2ae,1292358,mozilla-beta,LastVisualChange,True,google-search LastVisualChange opt cold fission webrender,,6,ms,firefox,False,|c|o|l|d| |f|i|s|s|i|o|n| |w|e|b|r|e|n|d|e|r|,,4168542,13,501ef63265451808903c2f1a4acc333b684a8a04,102210fe594ee9b33d82058545b1ed14f4c8206e,linux1804-64-shippable-qr,google-search,True,,,,,,,,,,,,,,,,,,,,,,,,,,,,,,,,,,,,,,,,,,,,,,,,,,TN,,,,,,,,,,
,1747694976,2023-08-29 16:17:46,361.6,fc9d232fe3a08afc7811940be13f3ab05148baac,1292905,mozilla-beta,LastVisualChange,True,google-search LastVisualChange opt cold fission webrender,,6,ms,firefox,False,|c|o|l|d| |f|i|s|s|i|o|n| |w|e|b|r|e|n|d|e|r|,,4168542,13,501ef63265451808903c2f1a4acc333b684a8a04,102210fe594ee9b33d82058545b1ed14f4c8206e,linux1804-64-shippable-qr,google-search,True,,,,,,,,,,,,,,,,,,,,,,,,,,,,,,,,,,,,,,,,,,,,,,,,,,TN,,,,,,,,,,
,1747760319,2023-08-29 18:01:58,347.1,22902fb186bab153df337de03d5e5ceafb8bb289,1292972,mozilla-beta,LastVisualChange,True,google-search LastVisualChange opt cold fission webrender,,6,ms,firefox,False,|c|o|l|d| |f|i|s|s|i|o|n| |w|e|b|r|e|n|d|e|r|,,4168542,13,501ef63265451808903c2f1a4acc333b684a8a04,102210fe594ee9b33d82058545b1ed14f4c8206e,linux1804-64-shippable-qr,google-search,True,,,,,,,,,,,,,,,,,,,,,,,,,,,,,,,,,,,,,,,,,,,,,,,,,,TN,,,,,,,,,,
,1748071217,2023-08-30 16:02:19,356.7,a7de6ba0f96a2232c89b1b0c4a851cfa706c9dff,1293406,mozilla-beta,LastVisualChange,True,google-search LastVisualChange opt cold fission webrender,,6,ms,firefox,False,|c|o|l|d| |f|i|s|s|i|o|n| |w|e|b|r|e|n|d|e|r|,,4168542,13,501ef63265451808903c2f1a4acc333b684a8a04,102210fe594ee9b33d82058545b1ed14f4c8206e,linux1804-64-shippable-qr,google-search,True,,,,,,,,,,,,,,,,,,,,,,,,,,,,,,,,,,,,,,,,,,,,,,,,,,TN,,,,,,,,,,
,1748110037,2023-08-30 18:00:05,352.8,c9fd750d1062cdca7d7307305afab359895f4bab,1293491,mozilla-beta,LastVisualChange,True,google-search LastVisualChange opt cold fission webrender,,6,ms,firefox,False,|c|o|l|d| |f|i|s|s|i|o|n| |w|e|b|r|e|n|d|e|r|,,4168542,13,501ef63265451808903c2f1a4acc333b684a8a04,102210fe594ee9b33d82058545b1ed14f4c8206e,linux1804-64-shippable-qr,google-search,True,,,,,,,,,,,,,,,,,,,,,,,,,,,,,,,,,,,,,,,,,,,,,,,,,,TN,,,,,,,,,,
,1748526086,2023-08-31 13:48:52,438.1,bd56eca7c31c77f3fbdd6daa6d57c94c9eb8d5c8,1293926,mozilla-beta,LastVisualChange,True,google-search LastVisualChange opt cold fission webrender,,6,ms,firefox,False,|c|o|l|d| |f|i|s|s|i|o|n| |w|e|b|r|e|n|d|e|r|,,4168542,13,501ef63265451808903c2f1a4acc333b684a8a04,102210fe594ee9b33d82058545b1ed14f4c8206e,linux1804-64-shippable-qr,google-search,True,,,,,,,,,,,,,,,,,,,,,,,,,,,,,,,,,,,,,,,,,,,,,,,,,,TN,,,,,,,,,,
,1748546084,2023-08-31 16:20:56,343.3,87b953f9d23637a6fa6ff27c3e67832db704f61b,1294000,mozilla-beta,LastVisualChange,True,google-search LastVisualChange opt cold fission webrender,,6,ms,firefox,False,|c|o|l|d| |f|i|s|s|i|o|n| |w|e|b|r|e|n|d|e|r|,,4168542,13,501ef63265451808903c2f1a4acc333b684a8a04,102210fe594ee9b33d82058545b1ed14f4c8206e,linux1804-64-shippable-qr,google-search,True,,,,,,,,,,,,,,,,,,,,,,,,,,,,,,,,,,,,,,,,,,,,,,,,,,TN,,,,,,,,,,
,1748602867,2023-08-31 18:00:26,343.0,1af9e2938f106620e66bafc85d215e817bbbdeb8,1294060,mozilla-beta,LastVisualChange,True,google-search LastVisualChange opt cold fission webrender,,6,ms,firefox,False,|c|o|l|d| |f|i|s|s|i|o|n| |w|e|b|r|e|n|d|e|r|,,4168542,13,501ef63265451808903c2f1a4acc333b684a8a04,102210fe594ee9b33d82058545b1ed14f4c8206e,linux1804-64-shippable-qr,google-search,True,,,,,,,,,,,,,,,,,,,,,,,,,,,,,,,,,,,,,,,,,,,,,,,,,,TN,,,,,,,,,,
,1749161722,2023-09-01 14:41:46,354.5,709d8af0c7f302527387c80c1d76d741a7aa46aa,1294606,mozilla-beta,LastVisualChange,True,google-search LastVisualChange opt cold fission webrender,,6,ms,firefox,False,|c|o|l|d| |f|i|s|s|i|o|n| |w|e|b|r|e|n|d|e|r|,,4168542,13,501ef63265451808903c2f1a4acc333b684a8a04,102210fe594ee9b33d82058545b1ed14f4c8206e,linux1804-64-shippable-qr,google-search,True,,,,,,,,,,,,,,,,,,,,,,,,,,,,,,,,,,,,,,,,,,,,,,,,,,TN,,,,,,,,,,
,1749263762,2023-09-01 17:59:08,353.5,26851a608617df78ba59a15b1b069d398838e42a,1294720,mozilla-beta,LastVisualChange,True,google-search LastVisualChange opt cold fission webrender,,6,ms,firefox,False,|c|o|l|d| |f|i|s|s|i|o|n| |w|e|b|r|e|n|d|e|r|,,4168542,13,501ef63265451808903c2f1a4acc333b684a8a04,102210fe594ee9b33d82058545b1ed14f4c8206e,linux1804-64-shippable-qr,google-search,True,,,,,,,,,,,,,,,,,,,,,,,,,,,,,,,,,,,,,,,,,,,,,,,,,,TN,,,,,,,,,,
,1749662077,2023-09-02 18:02:24,353.7,171ca118d902636a29bb5fb3a82f7a55f2089cd7,1294989,mozilla-beta,LastVisualChange,True,google-search LastVisualChange opt cold fission webrender,,6,ms,firefox,False,|c|o|l|d| |f|i|s|s|i|o|n| |w|e|b|r|e|n|d|e|r|,,4168542,13,501ef63265451808903c2f1a4acc333b684a8a04,102210fe594ee9b33d82058545b1ed14f4c8206e,linux1804-64-shippable-qr,google-search,True,,,,,,,,,,,,,,,,,,,,,,,,,,,,,,,,,,,,,,,,,,,,,,,,,,TN,,,,,,,,,,
,1749823927,2023-09-03 14:47:55,354.8,073227d3c47f97124282de93cc52c465393d9cd5,1295067,mozilla-beta,LastVisualChange,True,google-search LastVisualChange opt cold fission webrender,,6,ms,firefox,False,|c|o|l|d| |f|i|s|s|i|o|n| |w|e|b|r|e|n|d|e|r|,,4168542,13,501ef63265451808903c2f1a4acc333b684a8a04,102210fe594ee9b33d82058545b1ed14f4c8206e,linux1804-64-shippable-qr,google-search,True,,,,,,,,,,,,,,,,,,,,,,,,,,,,,,,,,,,,,,,,,,,,,,,,,,TN,,,,,,,,,,
,1749882796,2023-09-03 18:02:19,364.3,cb4458e15206391eeeed111562f9a786e4253c5c,1295080,mozilla-beta,LastVisualChange,True,google-search LastVisualChange opt cold fission webrender,,6,ms,firefox,False,|c|o|l|d| |f|i|s|s|i|o|n| |w|e|b|r|e|n|d|e|r|,,4168542,13,501ef63265451808903c2f1a4acc333b684a8a04,102210fe594ee9b33d82058545b1ed14f4c8206e,linux1804-64-shippable-qr,google-search,True,,,,,,,,,,,,,,,,,,,,,,,,,,,,,,,,,,,,,,,,,,,,,,,,,,TN,,,,,,,,,,
,1750160707,2023-09-04 10:55:38,357.0,9cf13283af3f62be7d96fb8820adb77b34e50f7d,1295255,mozilla-beta,LastVisualChange,True,google-search LastVisualChange opt cold fission webrender,,6,ms,firefox,False,|c|o|l|d| |f|i|s|s|i|o|n| |w|e|b|r|e|n|d|e|r|,,4168542,13,501ef63265451808903c2f1a4acc333b684a8a04,102210fe594ee9b33d82058545b1ed14f4c8206e,linux1804-64-shippable-qr,google-search,True,,,,,,,,,,,,,,,,,,,,,,,,,,,,,,,,,,,,,,,,,,,,,,,,,,TN,,,,,,,,,,
,1750216378,2023-09-04 12:18:03,354.0,bc7cc180eaecceec758abbbce4a999eb99f759a9,1295288,mozilla-beta,LastVisualChange,True,google-search LastVisualChange opt cold fission webrender,,6,ms,firefox,False,|c|o|l|d| |f|i|s|s|i|o|n| |w|e|b|r|e|n|d|e|r|,,4168542,13,501ef63265451808903c2f1a4acc333b684a8a04,102210fe594ee9b33d82058545b1ed14f4c8206e,linux1804-64-shippable-qr,google-search,True,,,,,,,,,,,,,,,,,,,,,,,,,,,,,,,,,,,,,,,,,,,,,,,,,,TN,,,,,,,,,,
,1750303872,2023-09-04 18:05:52,352.2,807ac900b376514e4ba55d5a926de27f55bd8153,1295382,mozilla-beta,LastVisualChange,True,google-search LastVisualChange opt cold fission webrender,,6,ms,firefox,False,|c|o|l|d| |f|i|s|s|i|o|n| |w|e|b|r|e|n|d|e|r|,,4168542,13,501ef63265451808903c2f1a4acc333b684a8a04,102210fe594ee9b33d82058545b1ed14f4c8206e,linux1804-64-shippable-qr,google-search,True,,,,,,,,,,,,,,,,,,,,,,,,,,,,,,,,,,,,,,,,,,,,,,,,,,TN,,,,,,,,,,
,1750529586,2023-09-05 08:42:26,346.8,900e63a91516e26eb08c29cf32f0212c923e8fe0,1295556,mozilla-beta,LastVisualChange,True,google-search LastVisualChange opt cold fission webrender,,6,ms,firefox,False,|c|o|l|d| |f|i|s|s|i|o|n| |w|e|b|r|e|n|d|e|r|,,4168542,13,501ef63265451808903c2f1a4acc333b684a8a04,102210fe594ee9b33d82058545b1ed14f4c8206e,linux1804-64-shippable-qr,google-search,True,,,,,,,,,,,,,,,,,,,,,,,,,,,,,,,,,,,,,,,,,,,,,,,,,,TN,,,,,,,,,,
,1750753090,2023-09-05 17:59:53,351.3,d67b22c7454dffe256c8e85d18b7909575fae829,1295860,mozilla-beta,LastVisualChange,True,google-search LastVisualChange opt cold fission webrender,,6,ms,firefox,False,|c|o|l|d| |f|i|s|s|i|o|n| |w|e|b|r|e|n|d|e|r|,,4168542,13,501ef63265451808903c2f1a4acc333b684a8a04,102210fe594ee9b33d82058545b1ed14f4c8206e,linux1804-64-shippable-qr,google-search,True,,,,,,,,,,,,,,,,,,,,,,,,,,,,,,,,,,,,,,,,,,,,,,,,,,TN,,,,,,,,,,
,1751153142,2023-09-06 09:15:15,360.2,49565181b8c4ade31ef41ad72498fa2777f6d906,1296259,mozilla-beta,LastVisualChange,True,google-search LastVisualChange opt cold fission webrender,,6,ms,firefox,False,|c|o|l|d| |f|i|s|s|i|o|n| |w|e|b|r|e|n|d|e|r|,,4168542,13,501ef63265451808903c2f1a4acc333b684a8a04,102210fe594ee9b33d82058545b1ed14f4c8206e,linux1804-64-shippable-qr,google-search,True,,,,,,,,,,,,,,,,,,,,,,,,,,,,,,,,,,,,,,,,,,,,,,,,,,TN,,,,,,,,,,
,1751298230,2023-09-06 14:00:22,359.9,d367a07b88cc72838ae620ff5f160f8152e327e7,1296398,mozilla-beta,LastVisualChange,True,google-search LastVisualChange opt cold fission webrender,,6,ms,firefox,False,|c|o|l|d| |f|i|s|s|i|o|n| |w|e|b|r|e|n|d|e|r|,,4168542,13,501ef63265451808903c2f1a4acc333b684a8a04,102210fe594ee9b33d82058545b1ed14f4c8206e,linux1804-64-shippable-qr,google-search,True,,,,,,,,,,,,,,,,,,,,,,,,,,,,,,,,,,,,,,,,,,,,,,,,,,TN,,,,,,,,,,
,1751311231,2023-09-06 14:02:17,352.0,744de8d56d344a2d66a3292442e397102341a435,1296400,mozilla-beta,LastVisualChange,True,google-search LastVisualChange opt cold fission webrender,,6,ms,firefox,False,|c|o|l|d| |f|i|s|s|i|o|n| |w|e|b|r|e|n|d|e|r|,,4168542,13,501ef63265451808903c2f1a4acc333b684a8a04,102210fe594ee9b33d82058545b1ed14f4c8206e,linux1804-64-shippable-qr,google-search,True,,,,,,,,,,,,,,,,,,,,,,,,,,,,,,,,,,,,,,,,,,,,,,,,,,TN,,,,,,,,,,
,1751396520,2023-09-06 18:01:29,347.5,c2849c7826f58c7fca76587765d1d24fb1015787,1296562,mozilla-beta,LastVisualChange,True,google-search LastVisualChange opt cold fission webrender,,6,ms,firefox,False,|c|o|l|d| |f|i|s|s|i|o|n| |w|e|b|r|e|n|d|e|r|,,4168542,13,501ef63265451808903c2f1a4acc333b684a8a04,102210fe594ee9b33d82058545b1ed14f4c8206e,linux1804-64-shippable-qr,google-search,True,,,,,,,,,,,,,,,,,,,,,,,,,,,,,,,,,,,,,,,,,,,,,,,,,,TN,,,,,,,,,,
,1751760700,2023-09-07 08:55:31,353.3,bf9fd7610de325961d2bad9677d3e0baed448827,1296941,mozilla-beta,LastVisualChange,True,google-search LastVisualChange opt cold fission webrender,,6,ms,firefox,False,|c|o|l|d| |f|i|s|s|i|o|n| |w|e|b|r|e|n|d|e|r|,,4168542,13,501ef63265451808903c2f1a4acc333b684a8a04,102210fe594ee9b33d82058545b1ed14f4c8206e,linux1804-64-shippable-qr,google-search,True,,,,,,,,,,,,,,,,,,,,,,,,,,,,,,,,,,,,,,,,,,,,,,,,,,TN,,,,,,,,,,
,1751822166,2023-09-07 12:18:53,340.8,09f20f258694586b663476774d62849ff0954bf7,1297036,mozilla-beta,LastVisualChange,True,google-search LastVisualChange opt cold fission webrender,,6,ms,firefox,False,|c|o|l|d| |f|i|s|s|i|o|n| |w|e|b|r|e|n|d|e|r|,,4168542,13,501ef63265451808903c2f1a4acc333b684a8a04,102210fe594ee9b33d82058545b1ed14f4c8206e,linux1804-64-shippable-qr,google-search,True,,,,,,,,,,,,,,,,,,,,,,,,,,,,,,,,,,,,,,,,,,,,,,,,,,TN,,,,,,,,,,
,1752015638,2023-09-07 18:02:12,353.5,ea026adc3646e302d6a990b24e6252da4c10e9e1,1297255,mozilla-beta,LastVisualChange,True,google-search LastVisualChange opt cold fission webrender,,6,ms,firefox,False,|c|o|l|d| |f|i|s|s|i|o|n| |w|e|b|r|e|n|d|e|r|,,4168542,13,501ef63265451808903c2f1a4acc333b684a8a04,102210fe594ee9b33d82058545b1ed14f4c8206e,linux1804-64-shippable-qr,google-search,True,,,,,,,,,,,,,,,,,,,,,,,,,,,,,,,,,,,,,,,,,,,,,,,,,,TN,,,,,,,,,,
,1752386967,2023-09-08 08:23:52,358.3,0417d5350c674d59e5118d6e34bf203ff0f07416,1297598,mozilla-beta,LastVisualChange,True,google-search LastVisualChange opt cold fission webrender,,6,ms,firefox,False,|c|o|l|d| |f|i|s|s|i|o|n| |w|e|b|r|e|n|d|e|r|,,4168542,13,501ef63265451808903c2f1a4acc333b684a8a04,102210fe594ee9b33d82058545b1ed14f4c8206e,linux1804-64-shippable-qr,google-search,True,,,,,,,,,,,,,,,,,,,,,,,,,,,,,,,,,,,,,,,,,,,,,,,,,,TN,,,,,,,,,,
,1752402357,2023-09-08 09:27:27,346.2,68a05148e915734df7061df9340f975931bb1e71,1297629,mozilla-beta,LastVisualChange,True,google-search LastVisualChange opt cold fission webrender,,6,ms,firefox,False,|c|o|l|d| |f|i|s|s|i|o|n| |w|e|b|r|e|n|d|e|r|,,4168542,13,501ef63265451808903c2f1a4acc333b684a8a04,102210fe594ee9b33d82058545b1ed14f4c8206e,linux1804-64-shippable-qr,google-search,True,,,,,,,,,,,,,,,,,,,,,,,,,,,,,,,,,,,,,,,,,,,,,,,,,,TN,,,,,,,,,,
,1752582609,2023-09-08 14:37:17,382.0,8f5759470cb595ea30d26735e3de45c3cb9deba2,1297802,mozilla-beta,LastVisualChange,True,google-search LastVisualChange opt cold fission webrender,,6,ms,firefox,False,|c|o|l|d| |f|i|s|s|i|o|n| |w|e|b|r|e|n|d|e|r|,,4168542,13,501ef63265451808903c2f1a4acc333b684a8a04,102210fe594ee9b33d82058545b1ed14f4c8206e,linux1804-64-shippable-qr,google-search,True,,,,,,,,,,,,,,,,,,,,,,,,,,,,,,,,,,,,,,,,,,,,,,,,,,TN,,,,,,,,,,
,1752690466,2023-09-08 18:02:35,344.4,4a076ff52b5ab081ecc76c988f2cab0c999acddd,1297927,mozilla-beta,LastVisualChange,True,google-search LastVisualChange opt cold fission webrender,,6,ms,firefox,False,|c|o|l|d| |f|i|s|s|i|o|n| |w|e|b|r|e|n|d|e|r|,,4168542,13,501ef63265451808903c2f1a4acc333b684a8a04,102210fe594ee9b33d82058545b1ed14f4c8206e,linux1804-64-shippable-qr,google-search,True,,,,,,,,,,,,,,,,,,,,,,,,,,,,,,,,,,,,,,,,,,,,,,,,,,TN,,,,,,,,,,
,1753082817,2023-09-09 14:33:38,358.4,b1f3a08744ebf265beb7a3b65a23c713ba6ea987,1298228,mozilla-beta,LastVisualChange,True,google-search LastVisualChange opt cold fission webrender,,6,ms,firefox,False,|c|o|l|d| |f|i|s|s|i|o|n| |w|e|b|r|e|n|d|e|r|,,4168542,13,501ef63265451808903c2f1a4acc333b684a8a04,102210fe594ee9b33d82058545b1ed14f4c8206e,linux1804-64-shippable-qr,google-search,True,,,,,,,,,,,,,,,,,,,,,,,,,,,,,,,,,,,,,,,,,,,,,,,,,,TN,,,,,,,,,,
,1753112637,2023-09-09 18:01:37,363.6,1d174c6b1040e055846c107322548119beb23065,1298238,mozilla-beta,LastVisualChange,True,google-search LastVisualChange opt cold fission webrender,,6,ms,firefox,False,|c|o|l|d| |f|i|s|s|i|o|n| |w|e|b|r|e|n|d|e|r|,,4168542,13,501ef63265451808903c2f1a4acc333b684a8a04,102210fe594ee9b33d82058545b1ed14f4c8206e,linux1804-64-shippable-qr,google-search,True,,,,,,,,,,,,,,,,,,,,,,,,,,,,,,,,,,,,,,,,,,,,,,,,,,TN,,,,,,,,,,
,1753641885,2023-09-10 17:59:34,344.2,a75f9619ee113907713f385f75c08ac8340ea7a1,1298321,mozilla-beta,LastVisualChange,True,google-search LastVisualChange opt cold fission webrender,,6,ms,firefox,False,|c|o|l|d| |f|i|s|s|i|o|n| |w|e|b|r|e|n|d|e|r|,,4168542,13,501ef63265451808903c2f1a4acc333b684a8a04,102210fe594ee9b33d82058545b1ed14f4c8206e,linux1804-64-shippable-qr,google-search,True,,,,,,,,,,,,,,,,,,,,,,,,,,,,,,,,,,,,,,,,,,,,,,,,,,TN,,,,,,,,,,
,1754320616,2023-09-11 18:00:35,344.0,85df1da62717a2f0ea9e2d3fbd6379060d39dd7a,1298770,mozilla-beta,LastVisualChange,True,google-search LastVisualChange opt cold fission webrender,,6,ms,firefox,False,|c|o|l|d| |f|i|s|s|i|o|n| |w|e|b|r|e|n|d|e|r|,,4168542,13,501ef63265451808903c2f1a4acc333b684a8a04,102210fe594ee9b33d82058545b1ed14f4c8206e,linux1804-64-shippable-qr,google-search,True,,,,,,,,,,,,,,,,,,,,,,,,,,,,,,,,,,,,,,,,,,,,,,,,,,TN,,,,,,,,,,
,1754502993,2023-09-12 01:33:58,351.5,012efaa3025f28b8ee14042807c680e361f955d9,1298957,mozilla-beta,LastVisualChange,True,google-search LastVisualChange opt cold fission webrender,,6,ms,firefox,False,|c|o|l|d| |f|i|s|s|i|o|n| |w|e|b|r|e|n|d|e|r|,,4168542,13,501ef63265451808903c2f1a4acc333b684a8a04,102210fe594ee9b33d82058545b1ed14f4c8206e,linux1804-64-shippable-qr,google-search,True,,,,,,,,,,,,,,,,,,,,,,,,,,,,,,,,,,,,,,,,,,,,,,,,,,TN,,,,,,,,,,
,1754674862,2023-09-12 09:08:04,353.5,339422d06ac0b44eef14a6d0e510b2c8beac74e6,1299055,mozilla-beta,LastVisualChange,True,google-search LastVisualChange opt cold fission webrender,,6,ms,firefox,False,|c|o|l|d| |f|i|s|s|i|o|n| |w|e|b|r|e|n|d|e|r|,,4168542,13,501ef63265451808903c2f1a4acc333b684a8a04,102210fe594ee9b33d82058545b1ed14f4c8206e,linux1804-64-shippable-qr,google-search,True,,,,,,,,,,,,,,,,,,,,,,,,,,,,,,,,,,,,,,,,,,,,,,,,,,TN,,,,,,,,,,
,1754827948,2023-09-12 13:16:28,352.1,c48cbb09678ed2c9a0a51fc61520602070cd42cd,1299153,mozilla-beta,LastVisualChange,True,google-search LastVisualChange opt cold fission webrender,,6,ms,firefox,False,|c|o|l|d| |f|i|s|s|i|o|n| |w|e|b|r|e|n|d|e|r|,,4168542,13,501ef63265451808903c2f1a4acc333b684a8a04,102210fe594ee9b33d82058545b1ed14f4c8206e,linux1804-64-shippable-qr,google-search,True,,,,,,,,,,,,,,,,,,,,,,,,,,,,,,,,,,,,,,,,,,,,,,,,,,TN,,,,,,,,,,
,1754995158,2023-09-12 17:59:28,356.1,60f49456a1d32be44cc3fa2fdb65b8276c2e10da,1299300,mozilla-beta,LastVisualChange,True,google-search LastVisualChange opt cold fission webrender,,6,ms,firefox,False,|c|o|l|d| |f|i|s|s|i|o|n| |w|e|b|r|e|n|d|e|r|,,4168542,13,501ef63265451808903c2f1a4acc333b684a8a04,102210fe594ee9b33d82058545b1ed14f4c8206e,linux1804-64-shippable-qr,google-search,True,,,,,,,,,,,,,,,,,,,,,,,,,,,,,,,,,,,,,,,,,,,,,,,,,,TN,,,,,,,,,,
,1755623629,2023-09-13 16:12:36,351.0,afc0d34aed5f66ac43143c5868a0c280f5d5e523,1299827,mozilla-beta,LastVisualChange,True,google-search LastVisualChange opt cold fission webrender,,6,ms,firefox,False,|c|o|l|d| |f|i|s|s|i|o|n| |w|e|b|r|e|n|d|e|r|,,4168542,13,501ef63265451808903c2f1a4acc333b684a8a04,102210fe594ee9b33d82058545b1ed14f4c8206e,linux1804-64-shippable-qr,google-search,True,,,,,,,,,,,,,,,,,,,,,,,,,,,,,,,,,,,,,,,,,,,,,,,,,,TN,,,,,,,,,,
,1755783383,2023-09-13 18:01:47,354.6,da7c1c4fbd52add0445ce7e06b7ed513fdf9b518,1299914,mozilla-beta,LastVisualChange,True,google-search LastVisualChange opt cold fission webrender,,6,ms,firefox,False,|c|o|l|d| |f|i|s|s|i|o|n| |w|e|b|r|e|n|d|e|r|,,4168542,13,501ef63265451808903c2f1a4acc333b684a8a04,102210fe594ee9b33d82058545b1ed14f4c8206e,linux1804-64-shippable-qr,google-search,True,,,,,,,,,,,,,,,,,,,,,,,,,,,,,,,,,,,,,,,,,,,,,,,,,,TN,,,,,,,,,,
,1756277344,2023-09-14 09:48:47,352.2,cb5563d143c9a6e5f347ae0e8dbd6d64da27e6d2,1300320,mozilla-beta,LastVisualChange,True,google-search LastVisualChange opt cold fission webrender,,6,ms,firefox,False,|c|o|l|d| |f|i|s|s|i|o|n| |w|e|b|r|e|n|d|e|r|,,4168542,13,501ef63265451808903c2f1a4acc333b684a8a04,102210fe594ee9b33d82058545b1ed14f4c8206e,linux1804-64-shippable-qr,google-search,True,,,,,,,,,,,,,,,,,,,,,,,,,,,,,,,,,,,,,,,,,,,,,,,,,,TN,,,,,,,,,,
,1756388691,2023-09-14 12:23:01,353.7,fcddac3e2624e7598033e29e46487dc70d43b78d,1300406,mozilla-beta,LastVisualChange,True,google-search LastVisualChange opt cold fission webrender,,6,ms,firefox,False,|c|o|l|d| |f|i|s|s|i|o|n| |w|e|b|r|e|n|d|e|r|,,4168542,13,501ef63265451808903c2f1a4acc333b684a8a04,102210fe594ee9b33d82058545b1ed14f4c8206e,linux1804-64-shippable-qr,google-search,True,,,,,,,,,,,,,,,,,,,,,,,,,,,,,,,,,,,,,,,,,,,,,,,,,,TN,,,,,,,,,,
,1756484505,2023-09-14 15:23:47,356.7,167be896a8f296a5e540208b4a21b4268fcfe04a,1300510,mozilla-beta,LastVisualChange,True,google-search LastVisualChange opt cold fission webrender,,6,ms,firefox,False,|c|o|l|d| |f|i|s|s|i|o|n| |w|e|b|r|e|n|d|e|r|,,4168542,13,501ef63265451808903c2f1a4acc333b684a8a04,102210fe594ee9b33d82058545b1ed14f4c8206e,linux1804-64-shippable-qr,google-search,True,,,,,,,,,,,,,,,,,,,,,,,,,,,,,,,,,,,,,,,,,,,,,,,,,,TN,,,,,,,,,,
,1756504323,2023-09-14 16:08:26,356.8,107fd46b25d1b286078ee8ff22b7b53e0d67c6f6,1300536,mozilla-beta,LastVisualChange,True,google-search LastVisualChange opt cold fission webrender,,6,ms,firefox,False,|c|o|l|d| |f|i|s|s|i|o|n| |w|e|b|r|e|n|d|e|r|,,4168542,13,501ef63265451808903c2f1a4acc333b684a8a04,102210fe594ee9b33d82058545b1ed14f4c8206e,linux1804-64-shippable-qr,google-search,True,,,,,,,,,,,,,,,,,,,,,,,,,,,,,,,,,,,,,,,,,,,,,,,,,,TN,,,,,,,,,,
,1756570635,2023-09-14 18:00:32,355.8,da576bd73ddbbbcd645403b2c20538f00225e55d,1300604,mozilla-beta,LastVisualChange,True,google-search LastVisualChange opt cold fission webrender,,6,ms,firefox,False,|c|o|l|d| |f|i|s|s|i|o|n| |w|e|b|r|e|n|d|e|r|,,4168542,13,501ef63265451808903c2f1a4acc333b684a8a04,102210fe594ee9b33d82058545b1ed14f4c8206e,linux1804-64-shippable-qr,google-search,True,,,,,,,,,,,,,,,,,,,,,,,,,,,,,,,,,,,,,,,,,,,,,,,,,,TN,,,,,,,,,,
,1757123164,2023-09-15 12:36:32,362.8,f67d03cc1c6635e4823cedbf06bc676f3fdc8b97,1301078,mozilla-beta,LastVisualChange,True,google-search LastVisualChange opt cold fission webrender,,6,ms,firefox,False,|c|o|l|d| |f|i|s|s|i|o|n| |w|e|b|r|e|n|d|e|r|,,4168542,13,501ef63265451808903c2f1a4acc333b684a8a04,102210fe594ee9b33d82058545b1ed14f4c8206e,linux1804-64-shippable-qr,google-search,True,,,,,,,,,,,,,,,,,,,,,,,,,,,,,,,,,,,,,,,,,,,,,,,,,,TN,,,,,,,,,,
,1757286262,2023-09-15 17:59:24,347.5,6684af595d9e752a7dd448a76e51615254fc443e,1301325,mozilla-beta,LastVisualChange,True,google-search LastVisualChange opt cold fission webrender,,6,ms,firefox,False,|c|o|l|d| |f|i|s|s|i|o|n| |w|e|b|r|e|n|d|e|r|,,4168542,13,501ef63265451808903c2f1a4acc333b684a8a04,102210fe594ee9b33d82058545b1ed14f4c8206e,linux1804-64-shippable-qr,google-search,True,,,,,,,,,,,,,,,,,,,,,,,,,,,,,,,,,,,,,,,,,,,,,,,,,,TN,,,,,,,,,,
,1757693658,2023-09-16 17:59:47,348.5,b37b425144f176cd814a9ae72a0296c56939cf3f,1301605,mozilla-beta,LastVisualChange,True,google-search LastVisualChange opt cold fission webrender,,6,ms,firefox,False,|c|o|l|d| |f|i|s|s|i|o|n| |w|e|b|r|e|n|d|e|r|,,4168542,13,501ef63265451808903c2f1a4acc333b684a8a04,102210fe594ee9b33d82058545b1ed14f4c8206e,linux1804-64-shippable-qr,google-search,True,,,,,,,,,,,,,,,,,,,,,,,,,,,,,,,,,,,,,,,,,,,,,,,,,,TN,,,,,,,,,,
,1757828217,2023-09-17 08:58:12,342.4,3b6b652d2e6a615905dab898689a937a81499980,1301652,mozilla-beta,LastVisualChange,True,google-search LastVisualChange opt cold fission webrender,,6,ms,firefox,False,|c|o|l|d| |f|i|s|s|i|o|n| |w|e|b|r|e|n|d|e|r|,,4168542,13,501ef63265451808903c2f1a4acc333b684a8a04,102210fe594ee9b33d82058545b1ed14f4c8206e,linux1804-64-shippable-qr,google-search,True,,,,,,,,,,,,,,,,,,,,,,,,,,,,,,,,,,,,,,,,,,,,,,,,,,TN,,,,,,,,,,
,1757891857,2023-09-17 11:54:43,349.1,0ecbbcbc23335bfea2af64383cdd8efdb6cab735,1301659,mozilla-beta,LastVisualChange,True,google-search LastVisualChange opt cold fission webrender,,6,ms,firefox,False,|c|o|l|d| |f|i|s|s|i|o|n| |w|e|b|r|e|n|d|e|r|,,4168542,13,501ef63265451808903c2f1a4acc333b684a8a04,102210fe594ee9b33d82058545b1ed14f4c8206e,linux1804-64-shippable-qr,google-search,True,,,,,,,,,,,,,,,,,,,,,,,,,,,,,,,,,,,,,,,,,,,,,,,,,,TN,,,,,,,,,,
,1757938533,2023-09-17 18:02:18,361.4,82a37e47cfa778e2c05294ece1ae4d81e0aa5aaf,1301672,mozilla-beta,LastVisualChange,True,google-search LastVisualChange opt cold fission webrender,,6,ms,firefox,False,|c|o|l|d| |f|i|s|s|i|o|n| |w|e|b|r|e|n|d|e|r|,,4168542,13,501ef63265451808903c2f1a4acc333b684a8a04,102210fe594ee9b33d82058545b1ed14f4c8206e,linux1804-64-shippable-qr,google-search,True,,,,,,,,,,,,,,,,,,,,,,,,,,,,,,,,,,,,,,,,,,,,,,,,,,TN,,,,,,,,,,
,1758106740,2023-09-18 07:34:42,362.6,0b69611582d97f84f43d1ee9de0aa36defae0633,1301756,mozilla-beta,LastVisualChange,True,google-search LastVisualChange opt cold fission webrender,,6,ms,firefox,False,|c|o|l|d| |f|i|s|s|i|o|n| |w|e|b|r|e|n|d|e|r|,,4168542,13,501ef63265451808903c2f1a4acc333b684a8a04,102210fe594ee9b33d82058545b1ed14f4c8206e,linux1804-64-shippable-qr,google-search,True,,,,,,,,,,,,,,,,,,,,,,,,,,,,,,,,,,,,,,,,,,,,,,,,,,TN,,,,,,,,,,
,1758127339,2023-09-18 07:59:31,345.4,899c187a45b8e9eee5cddc89c76d3c888b023621,1301765,mozilla-beta,LastVisualChange,True,google-search LastVisualChange opt cold fission webrender,,6,ms,firefox,False,|c|o|l|d| |f|i|s|s|i|o|n| |w|e|b|r|e|n|d|e|r|,,4168542,13,501ef63265451808903c2f1a4acc333b684a8a04,102210fe594ee9b33d82058545b1ed14f4c8206e,linux1804-64-shippable-qr,google-search,True,,,,,,,,,,,,,,,,,,,,,,,,,,,,,,,,,,,,,,,,,,,,,,,,,,TN,,,,,,,,,,
,1758252077,2023-09-18 11:42:33,342.4,45c770ff73e393c4ca15eb188d0b68d3ee091ad8,1301885,mozilla-beta,LastVisualChange,True,google-search LastVisualChange opt cold fission webrender,,6,ms,firefox,False,|c|o|l|d| |f|i|s|s|i|o|n| |w|e|b|r|e|n|d|e|r|,,4168542,13,501ef63265451808903c2f1a4acc333b684a8a04,102210fe594ee9b33d82058545b1ed14f4c8206e,linux1804-64-shippable-qr,google-search,True,,,,,,,,,,,,,,,,,,,,,,,,,,,,,,,,,,,,,,,,,,,,,,,,,,TN,,,,,,,,,,
,1761865397,2023-09-25 13:24:00,349.1,704d786ef571a57be79a4e8bbf4b3d348da4a6af,1305837,mozilla-beta,LastVisualChange,True,google-search LastVisualChange opt cold fission webrender,,6,ms,firefox,False,|c|o|l|d| |f|i|s|s|i|o|n| |w|e|b|r|e|n|d|e|r|,,4168542,13,501ef63265451808903c2f1a4acc333b684a8a04,102210fe594ee9b33d82058545b1ed14f4c8206e,linux1804-64-shippable-qr,google-search,True,,,,,,,,,,,,,,,,,,,,,,,,,,,,,,,,,,,,,,,,,,,,,,,,,,TN,,,,,,,,,,
,1762311336,2023-09-26 09:15:49,339.6,fe05057336fb6f145784f7b6f7f989244c228925,1306480,mozilla-beta,LastVisualChange,True,google-search LastVisualChange opt cold fission webrender,,6,ms,firefox,False,|c|o|l|d| |f|i|s|s|i|o|n| |w|e|b|r|e|n|d|e|r|,,4168542,13,501ef63265451808903c2f1a4acc333b684a8a04,102210fe594ee9b33d82058545b1ed14f4c8206e,linux1804-64-shippable-qr,google-search,True,,,,,,,,,,,,,,,,,,,,,,,,,,,,,,,,,,,,,,,,,,,,,,,,,,TN,,,,,,,,,,
,1762718478,2023-09-26 22:39:03,350.6,09d6dd43de7eee4f04ef855c161b062d76953ffb,1307042,mozilla-beta,LastVisualChange,True,google-search LastVisualChange opt cold fission webrender,,6,ms,firefox,False,|c|o|l|d| |f|i|s|s|i|o|n| |w|e|b|r|e|n|d|e|r|,,4168542,13,501ef63265451808903c2f1a4acc333b684a8a04,102210fe594ee9b33d82058545b1ed14f4c8206e,linux1804-64-shippable-qr,google-search,True,,,,,,,,,,,,,,,,,,,,,,,,,,,,,,,,,,,,,,,,,,,,,,,,,,TN,,,,,,,,,,
,1762757372,2023-09-27 02:39:08,345.3,32c9429bb1b909628b4702be4abf30d1c8ef9213,1307113,mozilla-beta,LastVisualChange,True,google-search LastVisualChange opt cold fission webrender,,6,ms,firefox,False,|c|o|l|d| |f|i|s|s|i|o|n| |w|e|b|r|e|n|d|e|r|,,4168542,13,501ef63265451808903c2f1a4acc333b684a8a04,102210fe594ee9b33d82058545b1ed14f4c8206e,linux1804-64-shippable-qr,google-search,True,,,,,,,,,,,,,,,,,,,,,,,,,,,,,,,,,,,,,,,,,,,,,,,,,,TN,,,,,,,,,,
,1762921898,2023-09-27 09:15:17,363.4,6b3b2f0defd0129f296da601815862ec420c2a8d,1307246,mozilla-beta,LastVisualChange,True,google-search LastVisualChange opt cold fission webrender,,6,ms,firefox,False,|c|o|l|d| |f|i|s|s|i|o|n| |w|e|b|r|e|n|d|e|r|,,4168542,13,501ef63265451808903c2f1a4acc333b684a8a04,102210fe594ee9b33d82058545b1ed14f4c8206e,linux1804-64-shippable-qr,google-search,True,,,,,,,,,,,,,,,,,,,,,,,,,,,,,,,,,,,,,,,,,,,,,,,,,,TN,,,,,,,,,,
,1763340783,2023-09-27 18:36:07,349.0,3d23401ea6ed6463f47303edd5a9e6a98f919ac6,1307615,mozilla-beta,LastVisualChange,True,google-search LastVisualChange opt cold fission webrender,,6,ms,firefox,False,|c|o|l|d| |f|i|s|s|i|o|n| |w|e|b|r|e|n|d|e|r|,,4168542,13,501ef63265451808903c2f1a4acc333b684a8a04,102210fe594ee9b33d82058545b1ed14f4c8206e,linux1804-64-shippable-qr,google-search,True,,,,,,,,,,,,,,,,,,,,,,,,,,,,,,,,,,,,,,,,,,,,,,,,,,TN,,,,,,,,,,
,1763360411,2023-09-27 18:57:18,353.5,f77957643f474632b5a0c5f5b603c22b648cf284,1307635,mozilla-beta,LastVisualChange,True,google-search LastVisualChange opt cold fission webrender,,6,ms,firefox,False,|c|o|l|d| |f|i|s|s|i|o|n| |w|e|b|r|e|n|d|e|r|,,4168542,13,501ef63265451808903c2f1a4acc333b684a8a04,102210fe594ee9b33d82058545b1ed14f4c8206e,linux1804-64-shippable-qr,google-search,True,,,,,,,,,,,,,,,,,,,,,,,,,,,,,,,,,,,,,,,,,,,,,,,,,,TN,,,,,,,,,,
,1763494433,2023-09-27 23:22:04,355.3,0862c284dac061ce42712be1910f7b2fbe48c764,1307774,mozilla-beta,LastVisualChange,True,google-search LastVisualChange opt cold fission webrender,,6,ms,firefox,False,|c|o|l|d| |f|i|s|s|i|o|n| |w|e|b|r|e|n|d|e|r|,,4168542,13,501ef63265451808903c2f1a4acc333b684a8a04,102210fe594ee9b33d82058545b1ed14f4c8206e,linux1804-64-shippable-qr,google-search,True,,,,,,,,,,,,,,,,,,,,,,,,,,,,,,,,,,,,,,,,,,,,,,,,,,TN,,,,,,,,,,
,1763842354,2023-09-28 09:16:00,356.7,dbfa6f744d1fcb031f3482c02ca9b6a93d17c6f6,1307948,mozilla-beta,LastVisualChange,True,google-search LastVisualChange opt cold fission webrender,,6,ms,firefox,False,|c|o|l|d| |f|i|s|s|i|o|n| |w|e|b|r|e|n|d|e|r|,,4168542,13,501ef63265451808903c2f1a4acc333b684a8a04,102210fe594ee9b33d82058545b1ed14f4c8206e,linux1804-64-shippable-qr,google-search,True,,,,,,,,,,,,,,,,,,,,,,,,,,,,,,,,,,,,,,,,,,,,,,,,,,TN,,,,,,,,,,
,1764041240,2023-09-28 15:32:59,352.0,cf8ed8eb3f4fab77d2d8a7c4afda31b39e7422aa,1308174,mozilla-beta,LastVisualChange,True,google-search LastVisualChange opt cold fission webrender,,6,ms,firefox,False,|c|o|l|d| |f|i|s|s|i|o|n| |w|e|b|r|e|n|d|e|r|,,4168542,13,501ef63265451808903c2f1a4acc333b684a8a04,102210fe594ee9b33d82058545b1ed14f4c8206e,linux1804-64-shippable-qr,google-search,True,,,,,,,,,,,,,,,,,,,,,,,,,,,,,,,,,,,,,,,,,,,,,,,,,,TN,,,,,,,,,,
,1764037817,2023-09-28 15:47:16,351.7,c225843f670a40bb285d0934cdd28748011db546,1308188,mozilla-beta,LastVisualChange,True,google-search LastVisualChange opt cold fission webrender,,6,ms,firefox,False,|c|o|l|d| |f|i|s|s|i|o|n| |w|e|b|r|e|n|d|e|r|,,4168542,13,501ef63265451808903c2f1a4acc333b684a8a04,102210fe594ee9b33d82058545b1ed14f4c8206e,linux1804-64-shippable-qr,google-search,True,,,,,,,,,,,,,,,,,,,,,,,,,,,,,,,,,,,,,,,,,,,,,,,,,,TN,,,,,,,,,,
,1764094861,2023-09-28 16:33:19,350.4,714ad1ecc496dbc1e0316ef32f004e3594afae4c,1308221,mozilla-beta,LastVisualChange,True,google-search LastVisualChange opt cold fission webrender,,6,ms,firefox,False,|c|o|l|d| |f|i|s|s|i|o|n| |w|e|b|r|e|n|d|e|r|,,4168542,13,501ef63265451808903c2f1a4acc333b684a8a04,102210fe594ee9b33d82058545b1ed14f4c8206e,linux1804-64-shippable-qr,google-search,True,,,,,,,,,,,,,,,,,,,,,,,,,,,,,,,,,,,,,,,,,,,,,,,,,,TN,,,,,,,,,,
,1764160861,2023-09-28 19:13:44,351.8,1a41a118193dc3ad19c04b3da34ba9f08b5f4b2e,1308369,mozilla-beta,LastVisualChange,True,google-search LastVisualChange opt cold fission webrender,,6,ms,firefox,False,|c|o|l|d| |f|i|s|s|i|o|n| |w|e|b|r|e|n|d|e|r|,,4168542,13,501ef63265451808903c2f1a4acc333b684a8a04,102210fe594ee9b33d82058545b1ed14f4c8206e,linux1804-64-shippable-qr,google-search,True,,,,,,,,,,,,,,,,,,,,,,,,,,,,,,,,,,,,,,,,,,,,,,,,,,TN,,,,,,,,,,
,1764597474,2023-09-29 09:14:27,366.4,fe5fec8379780f7d83aea22168af4bb524933291,1308654,mozilla-beta,LastVisualChange,True,google-search LastVisualChange opt cold fission webrender,,6,ms,firefox,False,|c|o|l|d| |f|i|s|s|i|o|n| |w|e|b|r|e|n|d|e|r|,,4168542,13,501ef63265451808903c2f1a4acc333b684a8a04,102210fe594ee9b33d82058545b1ed14f4c8206e,linux1804-64-shippable-qr,google-search,True,,,,,,,,,,,,,,,,,,,,,,,,,,,,,,,,,,,,,,,,,,,,,,,,,,TN,,,,,,,,,,
,1764956218,2023-09-29 16:56:36,355.2,4fe46642b1666df19776b293ae514a8645de5d22,1308862,mozilla-beta,LastVisualChange,True,google-search LastVisualChange opt cold fission webrender,,6,ms,firefox,False,|c|o|l|d| |f|i|s|s|i|o|n| |w|e|b|r|e|n|d|e|r|,,4168542,13,501ef63265451808903c2f1a4acc333b684a8a04,102210fe594ee9b33d82058545b1ed14f4c8206e,linux1804-64-shippable-qr,google-search,True,,,,,,,,,,,,,,,,,,,,,,,,,,,,,,,,,,,,,,,,,,,,,,,,,,TN,,,,,,,,,,
,1764947580,2023-09-29 17:03:59,350.2,5f7680e645eebc437f78cdeed1261c0cfb2579cf,1308871,mozilla-beta,LastVisualChange,True,google-search LastVisualChange opt cold fission webrender,,6,ms,firefox,False,|c|o|l|d| |f|i|s|s|i|o|n| |w|e|b|r|e|n|d|e|r|,,4168542,13,501ef63265451808903c2f1a4acc333b684a8a04,102210fe594ee9b33d82058545b1ed14f4c8206e,linux1804-64-shippable-qr,google-search,True,,,,,,,,,,,,,,,,,,,,,,,,,,,,,,,,,,,,,,,,,,,,,,,,,,TN,,,,,,,,,,
,1764986546,2023-09-29 18:35:51,360.9,f112373c55ecd1ae5179e07fab55605a7bfe0d0b,1308924,mozilla-beta,LastVisualChange,True,google-search LastVisualChange opt cold fission webrender,,6,ms,firefox,False,|c|o|l|d| |f|i|s|s|i|o|n| |w|e|b|r|e|n|d|e|r|,,4168542,13,501ef63265451808903c2f1a4acc333b684a8a04,102210fe594ee9b33d82058545b1ed14f4c8206e,linux1804-64-shippable-qr,google-search,True,,,,,,,,,,,,,,,,,,,,,,,,,,,,,,,,,,,,,,,,,,,,,,,,,,TN,,,,,,,,,,
,1765248193,2023-09-30 09:18:18,359.7,c29dafbae797813b78752227e769dffacec3830d,1309097,mozilla-beta,LastVisualChange,True,google-search LastVisualChange opt cold fission webrender,,6,ms,firefox,False,|c|o|l|d| |f|i|s|s|i|o|n| |w|e|b|r|e|n|d|e|r|,,4168542,13,501ef63265451808903c2f1a4acc333b684a8a04,102210fe594ee9b33d82058545b1ed14f4c8206e,linux1804-64-shippable-qr,google-search,True,,,,,,,,,,,,,,,,,,,,,,,,,,,,,,,,,,,,,,,,,,,,,,,,,,TN,,,,,,,,,,
,1765476114,2023-10-01 09:15:55,353.8,75b5edb9dd8c6ea1ed868362b8ed8afff4377b7f,1309193,mozilla-beta,LastVisualChange,True,google-search LastVisualChange opt cold fission webrender,,6,ms,firefox,False,|c|o|l|d| |f|i|s|s|i|o|n| |w|e|b|r|e|n|d|e|r|,,4168542,13,501ef63265451808903c2f1a4acc333b684a8a04,102210fe594ee9b33d82058545b1ed14f4c8206e,linux1804-64-shippable-qr,google-search,True,,,,,,,,,,,,,,,,,,,,,,,,,,,,,,,,,,,,,,,,,,,,,,,,,,TN,,,,,,,,,,
,1765524945,2023-10-01 13:43:42,347.8,79a4e78796384c8776f2b76178b4017d09e31fd4,1309232,mozilla-beta,LastVisualChange,True,google-search LastVisualChange opt cold fission webrender,,6,ms,firefox,False,|c|o|l|d| |f|i|s|s|i|o|n| |w|e|b|r|e|n|d|e|r|,,4168542,13,501ef63265451808903c2f1a4acc333b684a8a04,102210fe594ee9b33d82058545b1ed14f4c8206e,linux1804-64-shippable-qr,google-search,True,,,,,,,,,,,,,,,,,,,,,,,,,,,,,,,,,,,,,,,,,,,,,,,,,,TN,,,,,,,,,,
,1765797762,2023-10-02 09:17:55,350.4,dd5c4288e5758af7fc35f71c3129bd1eda767278,1309401,mozilla-beta,LastVisualChange,True,google-search LastVisualChange opt cold fission webrender,,6,ms,firefox,False,|c|o|l|d| |f|i|s|s|i|o|n| |w|e|b|r|e|n|d|e|r|,,4168542,13,501ef63265451808903c2f1a4acc333b684a8a04,102210fe594ee9b33d82058545b1ed14f4c8206e,linux1804-64-shippable-qr,google-search,True,,,,,,,,,,,,,,,,,,,,,,,,,,,,,,,,,,,,,,,,,,,,,,,,,,TN,,,,,,,,,,
,1765954125,2023-10-02 13:51:16,348.9,c8e8ea275a5a3f33358dcf77b50088ddf09f7e9b,1309578,mozilla-beta,LastVisualChange,True,google-search LastVisualChange opt cold fission webrender,,6,ms,firefox,False,|c|o|l|d| |f|i|s|s|i|o|n| |w|e|b|r|e|n|d|e|r|,,4168542,13,501ef63265451808903c2f1a4acc333b684a8a04,102210fe594ee9b33d82058545b1ed14f4c8206e,linux1804-64-shippable-qr,google-search,True,,,,,,,,,,,,,,,,,,,,,,,,,,,,,,,,,,,,,,,,,,,,,,,,,,TN,,,,,,,,,,
,1766220471,2023-10-02 20:49:05,338.2,e5bffcfa00f5c8cd1e394ac1131fb1e3ca2a3b56,1309873,mozilla-beta,LastVisualChange,True,google-search LastVisualChange opt cold fission webrender,,6,ms,firefox,False,|c|o|l|d| |f|i|s|s|i|o|n| |w|e|b|r|e|n|d|e|r|,,4168542,13,501ef63265451808903c2f1a4acc333b684a8a04,102210fe594ee9b33d82058545b1ed14f4c8206e,linux1804-64-shippable-qr,google-search,True,,,,,,,,,,,,,,,,,,,,,,,,,,,,,,,,,,,,,,,,,,,,,,,,,,TN,,,,,,,,,,
,1766598475,2023-10-03 09:17:20,351.9,205eb2c4bf7e71d495ab61be1d40f9ea2671340b,1310189,mozilla-beta,LastVisualChange,True,google-search LastVisualChange opt cold fission webrender,,6,ms,firefox,False,|c|o|l|d| |f|i|s|s|i|o|n| |w|e|b|r|e|n|d|e|r|,,4168542,13,501ef63265451808903c2f1a4acc333b684a8a04,102210fe594ee9b33d82058545b1ed14f4c8206e,linux1804-64-shippable-qr,google-search,True,,,,,,,,,,,,,,,,,,,,,,,,,,,,,,,,,,,,,,,,,,,,,,,,,,TN,,,,,,,,,,
,1766772172,2023-10-03 12:49:30,354.1,118184ccfcd830d8977a794dd26064b3accc58a2,1310283,mozilla-beta,LastVisualChange,True,google-search LastVisualChange opt cold fission webrender,,6,ms,firefox,False,|c|o|l|d| |f|i|s|s|i|o|n| |w|e|b|r|e|n|d|e|r|,,4168542,13,501ef63265451808903c2f1a4acc333b684a8a04,102210fe594ee9b33d82058545b1ed14f4c8206e,linux1804-64-shippable-qr,google-search,True,,,,,,,,,,,,,,,,,,,,,,,,,,,,,,,,,,,,,,,,,,,,,,,,,,TN,,,,,,,,,,
,1767161506,2023-10-04 00:57:47,348.0,aae1c545bad65ea0147bb9c3d884c5d0d1ebcfa2,1310719,mozilla-beta,LastVisualChange,True,google-search LastVisualChange opt cold fission webrender,,6,ms,firefox,False,|c|o|l|d| |f|i|s|s|i|o|n| |w|e|b|r|e|n|d|e|r|,,4168542,13,501ef63265451808903c2f1a4acc333b684a8a04,102210fe594ee9b33d82058545b1ed14f4c8206e,linux1804-64-shippable-qr,google-search,True,,,,,,,,,,,,,,,,,,,,,,,,,,,,,,,,,,,,,,,,,,,,,,,,,,TN,,,,,,,,,,
,1767174878,2023-10-04 01:13:33,365.3,20072380b395934aebb21065fe4a360ae9ca1e5a,1310722,mozilla-beta,LastVisualChange,True,google-search LastVisualChange opt cold fission webrender,,6,ms,firefox,False,|c|o|l|d| |f|i|s|s|i|o|n| |w|e|b|r|e|n|d|e|r|,,4168542,13,501ef63265451808903c2f1a4acc333b684a8a04,102210fe594ee9b33d82058545b1ed14f4c8206e,linux1804-64-shippable-qr,google-search,True,,,,,,,,,,,,,,,,,,,,,,,,,,,,,,,,,,,,,,,,,,,,,,,,,,TN,,,,,,,,,,
,1767214496,2023-10-04 02:01:13,365.4,9bb86c200658a7dc1d44f05d5275db9c605599f3,1310732,mozilla-beta,LastVisualChange,True,google-search LastVisualChange opt cold fission webrender,,6,ms,firefox,False,|c|o|l|d| |f|i|s|s|i|o|n| |w|e|b|r|e|n|d|e|r|,,4168542,13,501ef63265451808903c2f1a4acc333b684a8a04,102210fe594ee9b33d82058545b1ed14f4c8206e,linux1804-64-shippable-qr,google-search,True,,,,,,,,,,,,,,,,,,,,,,,,,,,,,,,,,,,,,,,,,,,,,,,,,,TN,,,,,,,,,,
,1767259288,2023-10-04 04:09:15,351.8,4794794a6bd29a17dd7a438eaecc95be72381860,1310752,mozilla-beta,LastVisualChange,True,google-search LastVisualChange opt cold fission webrender,,6,ms,firefox,False,|c|o|l|d| |f|i|s|s|i|o|n| |w|e|b|r|e|n|d|e|r|,,4168542,13,501ef63265451808903c2f1a4acc333b684a8a04,102210fe594ee9b33d82058545b1ed14f4c8206e,linux1804-64-shippable-qr,google-search,True,,,,,,,,,,,,,,,,,,,,,,,,,,,,,,,,,,,,,,,,,,,,,,,,,,TN,,,,,,,,,,
,1767462674,2023-10-04 09:16:11,343.5,ee94bbad8af86968bf85c48449dd7d1bece16e6a,1310854,mozilla-beta,LastVisualChange,True,google-search LastVisualChange opt cold fission webrender,,6,ms,firefox,False,|c|o|l|d| |f|i|s|s|i|o|n| |w|e|b|r|e|n|d|e|r|,,4168542,13,501ef63265451808903c2f1a4acc333b684a8a04,102210fe594ee9b33d82058545b1ed14f4c8206e,linux1804-64-shippable-qr,google-search,True,,,,,,,,,,,,,,,,,,,,,,,,,,,,,,,,,,,,,,,,,,,,,,,,,,TN,,,,,,,,,,
,1767822718,2023-10-04 19:05:37,344.6,6066df449ff2e6a96d4dd6d81f524353c904a7e4,1311304,mozilla-beta,LastVisualChange,True,google-search LastVisualChange opt cold fission webrender,,6,ms,firefox,False,|c|o|l|d| |f|i|s|s|i|o|n| |w|e|b|r|e|n|d|e|r|,,4168542,13,501ef63265451808903c2f1a4acc333b684a8a04,102210fe594ee9b33d82058545b1ed14f4c8206e,linux1804-64-shippable-qr,google-search,True,,,,,,,,,,,,,,,,,,,,,,,,,,,,,,,,,,,,,,,,,,,,,,,,,,TN,,,,,,,,,,
,1768205094,2023-10-05 09:16:59,367.3,580ae177f2ee1ec5f96ba0a876c77edad7dc1810,1311697,mozilla-beta,LastVisualChange,True,google-search LastVisualChange opt cold fission webrender,,6,ms,firefox,False,|c|o|l|d| |f|i|s|s|i|o|n| |w|e|b|r|e|n|d|e|r|,,4168542,13,501ef63265451808903c2f1a4acc333b684a8a04,102210fe594ee9b33d82058545b1ed14f4c8206e,linux1804-64-shippable-qr,google-search,True,,,,,,,,,,,,,,,,,,,,,,,,,,,,,,,,,,,,,,,,,,,,,,,,,,TN,,,,,,,,,,
,1768287454,2023-10-05 12:14:20,357.2,82dc5b47405aa3b80232917dce1198d8f5fe0205,1311786,mozilla-beta,LastVisualChange,True,google-search LastVisualChange opt cold fission webrender,,6,ms,firefox,False,|c|o|l|d| |f|i|s|s|i|o|n| |w|e|b|r|e|n|d|e|r|,,4168542,13,501ef63265451808903c2f1a4acc333b684a8a04,102210fe594ee9b33d82058545b1ed14f4c8206e,linux1804-64-shippable-qr,google-search,True,,,,,,,,,,,,,,,,,,,,,,,,,,,,,,,,,,,,,,,,,,,,,,,,,,TN,,,,,,,,,,
,1768386822,2023-10-05 13:10:58,367.7,a9b4c32cbce4e483371a4d4f0af1cb5b99ba1beb,1311851,mozilla-beta,LastVisualChange,True,google-search LastVisualChange opt cold fission webrender,,6,ms,firefox,False,|c|o|l|d| |f|i|s|s|i|o|n| |w|e|b|r|e|n|d|e|r|,,4168542,13,501ef63265451808903c2f1a4acc333b684a8a04,102210fe594ee9b33d82058545b1ed14f4c8206e,linux1804-64-shippable-qr,google-search,True,,,,,,,,,,,,,,,,,,,,,,,,,,,,,,,,,,,,,,,,,,,,,,,,,,TN,,,,,,,,,,
,1768698868,2023-10-05 18:10:23,351.3,acc9965e45abe1aeac40ca2f04c26812adc75cda,1312101,mozilla-beta,LastVisualChange,True,google-search LastVisualChange opt cold fission webrender,,6,ms,firefox,False,|c|o|l|d| |f|i|s|s|i|o|n| |w|e|b|r|e|n|d|e|r|,,4168542,13,501ef63265451808903c2f1a4acc333b684a8a04,102210fe594ee9b33d82058545b1ed14f4c8206e,linux1804-64-shippable-qr,google-search,True,,,,,,,,,,,,,,,,,,,,,,,,,,,,,,,,,,,,,,,,,,,,,,,,,,TN,,,,,,,,,,
,1769072295,2023-10-06 09:15:09,367.3,75404df0a34bb37b93351a424687782569f397f9,1312465,mozilla-beta,LastVisualChange,True,google-search LastVisualChange opt cold fission webrender,,6,ms,firefox,False,|c|o|l|d| |f|i|s|s|i|o|n| |w|e|b|r|e|n|d|e|r|,,4168542,13,501ef63265451808903c2f1a4acc333b684a8a04,102210fe594ee9b33d82058545b1ed14f4c8206e,linux1804-64-shippable-qr,google-search,True,,,,,,,,,,,,,,,,,,,,,,,,,,,,,,,,,,,,,,,,,,,,,,,,,,TN,,,,,,,,,,
,1769380754,2023-10-06 17:47:24,360.0,f62bbe0bb99b812d0d79d2e5517f7584baa278fc,1312771,mozilla-beta,LastVisualChange,True,google-search LastVisualChange opt cold fission webrender,,6,ms,firefox,False,|c|o|l|d| |f|i|s|s|i|o|n| |w|e|b|r|e|n|d|e|r|,,4168542,13,501ef63265451808903c2f1a4acc333b684a8a04,102210fe594ee9b33d82058545b1ed14f4c8206e,linux1804-64-shippable-qr,google-search,True,,,,,,,,,,,,,,,,,,,,,,,,,,,,,,,,,,,,,,,,,,,,,,,,,,TN,,,,,,,,,,
,1769491479,2023-10-06 18:35:27,339.3,f56a6c67a33ab1a140c63cace57b27168b822eec,1312821,mozilla-beta,LastVisualChange,True,google-search LastVisualChange opt cold fission webrender,,6,ms,firefox,False,|c|o|l|d| |f|i|s|s|i|o|n| |w|e|b|r|e|n|d|e|r|,,4168542,13,501ef63265451808903c2f1a4acc333b684a8a04,102210fe594ee9b33d82058545b1ed14f4c8206e,linux1804-64-shippable-qr,google-search,True,,,,,,,,,,,,,,,,,,,,,,,,,,,,,,,,,,,,,,,,,,,,,,,,,,TN,,,,,,,,,,
,1769667598,2023-10-07 09:16:25,364.4,13a5ee763497f5cfd08fefcb509684311e9aee25,1313095,mozilla-beta,LastVisualChange,True,google-search LastVisualChange opt cold fission webrender,,6,ms,firefox,False,|c|o|l|d| |f|i|s|s|i|o|n| |w|e|b|r|e|n|d|e|r|,,4168542,13,501ef63265451808903c2f1a4acc333b684a8a04,102210fe594ee9b33d82058545b1ed14f4c8206e,linux1804-64-shippable-qr,google-search,True,,,,,,,,,,,,,,,,,,,,,,,,,,,,,,,,,,,,,,,,,,,,,,,,,,TN,,,,,,,,,,
,1769974511,2023-10-08 09:15:29,357.0,9a2aad16b50476b91e85115698a5372c0e178481,1313212,mozilla-beta,LastVisualChange,True,google-search LastVisualChange opt cold fission webrender,,6,ms,firefox,False,|c|o|l|d| |f|i|s|s|i|o|n| |w|e|b|r|e|n|d|e|r|,,4168542,13,501ef63265451808903c2f1a4acc333b684a8a04,102210fe594ee9b33d82058545b1ed14f4c8206e,linux1804-64-shippable-qr,google-search,True,,,,,,,,,,,,,,,,,,,,,,,,,,,,,,,,,,,,,,,,,,,,,,,,,,TN,,,,,,,,,,
,1770074723,2023-10-08 14:12:09,353.8,52bc619257d3e66e5326c753c4a1035195d1929a,1313230,mozilla-beta,LastVisualChange,True,google-search LastVisualChange opt cold fission webrender,,6,ms,firefox,False,|c|o|l|d| |f|i|s|s|i|o|n| |w|e|b|r|e|n|d|e|r|,,4168542,13,501ef63265451808903c2f1a4acc333b684a8a04,102210fe594ee9b33d82058545b1ed14f4c8206e,linux1804-64-shippable-qr,google-search,True,,,,,,,,,,,,,,,,,,,,,,,,,,,,,,,,,,,,,,,,,,,,,,,,,,TN,,,,,,,,,,
,1770066596,2023-10-08 14:18:48,349.4,4816a8c9639e20516df1685953f8ca97052aea2b,1313231,mozilla-beta,LastVisualChange,True,google-search LastVisualChange opt cold fission webrender,,6,ms,firefox,False,|c|o|l|d| |f|i|s|s|i|o|n| |w|e|b|r|e|n|d|e|r|,,4168542,13,501ef63265451808903c2f1a4acc333b684a8a04,102210fe594ee9b33d82058545b1ed14f4c8206e,linux1804-64-shippable-qr,google-search,True,,,,,,,,,,,,,,,,,,,,,,,,,,,,,,,,,,,,,,,,,,,,,,,,,,TN,,,,,,,,,,
,1770377834,2023-10-09 09:21:20,349.3,d4527a30756259366526e6c471ce07f48f4515ac,1313437,mozilla-beta,LastVisualChange,True,google-search LastVisualChange opt cold fission webrender,,6,ms,firefox,False,|c|o|l|d| |f|i|s|s|i|o|n| |w|e|b|r|e|n|d|e|r|,,4168542,13,501ef63265451808903c2f1a4acc333b684a8a04,102210fe594ee9b33d82058545b1ed14f4c8206e,linux1804-64-shippable-qr,google-search,True,,,,,,,,,,,,,,,,,,,,,,,,,,,,,,,,,,,,,,,,,,,,,,,,,,TN,,,,,,,,,,
,1770425011,2023-10-09 11:16:45,357.8,2c502d3a5967e4ffe419c5d01465f41dceb956f6,1313488,mozilla-beta,LastVisualChange,True,google-search LastVisualChange opt cold fission webrender,,6,ms,firefox,False,|c|o|l|d| |f|i|s|s|i|o|n| |w|e|b|r|e|n|d|e|r|,,4168542,13,501ef63265451808903c2f1a4acc333b684a8a04,102210fe594ee9b33d82058545b1ed14f4c8206e,linux1804-64-shippable-qr,google-search,True,,,,,,,,,,,,,,,,,,,,,,,,,,,,,,,,,,,,,,,,,,,,,,,,,,TN,,,,,,,,,,
,1770693863,2023-10-09 20:58:43,349.1,f95037ec26ecbd37fce78a2acc917f42d07c5fb4,1313834,mozilla-beta,LastVisualChange,True,google-search LastVisualChange opt cold fission webrender,,6,ms,firefox,False,|c|o|l|d| |f|i|s|s|i|o|n| |w|e|b|r|e|n|d|e|r|,,4168542,13,501ef63265451808903c2f1a4acc333b684a8a04,102210fe594ee9b33d82058545b1ed14f4c8206e,linux1804-64-shippable-qr,google-search,True,,,,,,,,,,,,,,,,,,,,,,,,,,,,,,,,,,,,,,,,,,,,,,,,,,TN,,,,,,,,,,
,1770931486,2023-10-10 09:17:32,361.2,6ca6ea6b139da8aa4264829b50988ed951574abf,1314076,mozilla-beta,LastVisualChange,True,google-search LastVisualChange opt cold fission webrender,,6,ms,firefox,False,|c|o|l|d| |f|i|s|s|i|o|n| |w|e|b|r|e|n|d|e|r|,,4168542,13,501ef63265451808903c2f1a4acc333b684a8a04,102210fe594ee9b33d82058545b1ed14f4c8206e,linux1804-64-shippable-qr,google-search,True,,,,,,,,,,,,,,,,,,,,,,,,,,,,,,,,,,,,,,,,,,,,,,,,,,TN,,,,,,,,,,
,1771023423,2023-10-10 12:36:38,358.7,c811c2581ef0ad534e3f4051ad22d392a27379a9,1314201,mozilla-beta,LastVisualChange,True,google-search LastVisualChange opt cold fission webrender,,6,ms,firefox,False,|c|o|l|d| |f|i|s|s|i|o|n| |w|e|b|r|e|n|d|e|r|,,4168542,13,501ef63265451808903c2f1a4acc333b684a8a04,102210fe594ee9b33d82058545b1ed14f4c8206e,linux1804-64-shippable-qr,google-search,True,,,,,,,,,,,,,,,,,,,,,,,,,,,,,,,,,,,,,,,,,,,,,,,,,,TN,,,,,,,,,,
,1771079865,2023-10-10 14:42:07,354.6,fd6c29d7603acc344157c8a5f14b7fc49b7ad07c,1314306,mozilla-beta,LastVisualChange,True,google-search LastVisualChange opt cold fission webrender,,6,ms,firefox,False,|c|o|l|d| |f|i|s|s|i|o|n| |w|e|b|r|e|n|d|e|r|,,4168542,13,501ef63265451808903c2f1a4acc333b684a8a04,102210fe594ee9b33d82058545b1ed14f4c8206e,linux1804-64-shippable-qr,google-search,True,,,,,,,,,,,,,,,,,,,,,,,,,,,,,,,,,,,,,,,,,,,,,,,,,,TN,,,,,,,,,,
,1771388147,2023-10-10 21:51:45,350.4,577dcfba9576ee660a671915f1ea3756e9d84652,1314592,mozilla-beta,LastVisualChange,True,google-search LastVisualChange opt cold fission webrender,,6,ms,firefox,False,|c|o|l|d| |f|i|s|s|i|o|n| |w|e|b|r|e|n|d|e|r|,,4168542,13,501ef63265451808903c2f1a4acc333b684a8a04,102210fe594ee9b33d82058545b1ed14f4c8206e,linux1804-64-shippable-qr,google-search,True,,,,,,,,,,,,,,,,,,,,,,,,,,,,,,,,,,,,,,,,,,,,,,,,,,TN,,,,,,,,,,
,1771601694,2023-10-11 09:15:28,355.3,54e1383bd50714d6e9f0149e83a414e4a48cac7f,1314859,mozilla-beta,LastVisualChange,True,google-search LastVisualChange opt cold fission webrender,,6,ms,firefox,False,|c|o|l|d| |f|i|s|s|i|o|n| |w|e|b|r|e|n|d|e|r|,,4168542,13,501ef63265451808903c2f1a4acc333b684a8a04,102210fe594ee9b33d82058545b1ed14f4c8206e,linux1804-64-shippable-qr,google-search,True,,,,,,,,,,,,,,,,,,,,,,,,,,,,,,,,,,,,,,,,,,,,,,,,,,TN,,,,,,,,,,
,1771900208,2023-10-11 19:41:14,344.0,1b37a41b6de4ddb9a207889b49d817aa2e82d43a,1315281,mozilla-beta,LastVisualChange,True,google-search LastVisualChange opt cold fission webrender,,6,ms,firefox,False,|c|o|l|d| |f|i|s|s|i|o|n| |w|e|b|r|e|n|d|e|r|,,4168542,13,501ef63265451808903c2f1a4acc333b684a8a04,102210fe594ee9b33d82058545b1ed14f4c8206e,linux1804-64-shippable-qr,google-search,True,,,,,,,,,,,,,,,,,,,,,,,,,,,,,,,,,,,,,,,,,,,,,,,,,,TN,,,,,,,,,,
,1772008634,2023-10-11 22:55:04,344.7,5aa198b1f23a350634177ce2fdeb210d41468ad4,1315411,mozilla-beta,LastVisualChange,True,google-search LastVisualChange opt cold fission webrender,,6,ms,firefox,False,|c|o|l|d| |f|i|s|s|i|o|n| |w|e|b|r|e|n|d|e|r|,,4168542,13,501ef63265451808903c2f1a4acc333b684a8a04,102210fe594ee9b33d82058545b1ed14f4c8206e,linux1804-64-shippable-qr,google-search,True,,,,,,,,,,,,,,,,,,,,,,,,,,,,,,,,,,,,,,,,,,,,,,,,,,TN,,,,,,,,,,
,1772117810,2023-10-12 02:52:01,358.2,bba75dc3df803f8ed22a9cb4e7d6bc274909572c,1315485,mozilla-beta,LastVisualChange,True,google-search LastVisualChange opt cold fission webrender,,6,ms,firefox,False,|c|o|l|d| |f|i|s|s|i|o|n| |w|e|b|r|e|n|d|e|r|,,4168542,13,501ef63265451808903c2f1a4acc333b684a8a04,102210fe594ee9b33d82058545b1ed14f4c8206e,linux1804-64-shippable-qr,google-search,True,,,,,,,,,,,,,,,,,,,,,,,,,,,,,,,,,,,,,,,,,,,,,,,,,,TN,,,,,,,,,,
,1772259224,2023-10-12 09:16:52,350.4,9c6b259fc70659f4aed73bc575ef934836412c9f,1315594,mozilla-beta,LastVisualChange,True,google-search LastVisualChange opt cold fission webrender,,6,ms,firefox,False,|c|o|l|d| |f|i|s|s|i|o|n| |w|e|b|r|e|n|d|e|r|,,4168542,13,501ef63265451808903c2f1a4acc333b684a8a04,102210fe594ee9b33d82058545b1ed14f4c8206e,linux1804-64-shippable-qr,google-search,True,,,,,,,,,,,,,,,,,,,,,,,,,,,,,,,,,,,,,,,,,,,,,,,,,,TN,,,,,,,,,,
,1772412537,2023-10-12 13:44:47,350.4,f931988827a90cf966b1ad7fc5e9e4ac2baf74c8,1315758,mozilla-beta,LastVisualChange,True,google-search LastVisualChange opt cold fission webrender,,6,ms,firefox,False,|c|o|l|d| |f|i|s|s|i|o|n| |w|e|b|r|e|n|d|e|r|,,4168542,13,501ef63265451808903c2f1a4acc333b684a8a04,102210fe594ee9b33d82058545b1ed14f4c8206e,linux1804-64-shippable-qr,google-search,True,,,,,,,,,,,,,,,,,,,,,,,,,,,,,,,,,,,,,,,,,,,,,,,,,,TN,,,,,,,,,,
,1772530354,2023-10-12 17:47:43,348.4,0d28d797a85a4ed9635545fe3467b17e8ebb4d5d,1315941,mozilla-beta,LastVisualChange,True,google-search LastVisualChange opt cold fission webrender,,6,ms,firefox,False,|c|o|l|d| |f|i|s|s|i|o|n| |w|e|b|r|e|n|d|e|r|,,4168542,13,501ef63265451808903c2f1a4acc333b684a8a04,102210fe594ee9b33d82058545b1ed14f4c8206e,linux1804-64-shippable-qr,google-search,True,,,,,,,,,,,,,,,,,,,,,,,,,,,,,,,,,,,,,,,,,,,,,,,,,,TN,,,,,,,,,,
,1772792185,2023-10-13 04:28:09,370.5,689906410d5f8337d185caeadf063e3c3e6f9f81,1316284,mozilla-beta,LastVisualChange,True,google-search LastVisualChange opt cold fission webrender,,6,ms,firefox,False,|c|o|l|d| |f|i|s|s|i|o|n| |w|e|b|r|e|n|d|e|r|,,4168542,13,501ef63265451808903c2f1a4acc333b684a8a04,102210fe594ee9b33d82058545b1ed14f4c8206e,linux1804-64-shippable-qr,google-search,True,,,,,,,,,,,,,,,,,,,,,,,,,,,,,,,,,,,,,,,,,,,,,,,,,,TN,,,,,,,,,,
,1772890494,2023-10-13 09:14:12,354.3,03f145d4d7d679e973ec6621b498d6ba24c3bf45,1316340,mozilla-beta,LastVisualChange,True,google-search LastVisualChange opt cold fission webrender,,6,ms,firefox,False,|c|o|l|d| |f|i|s|s|i|o|n| |w|e|b|r|e|n|d|e|r|,,4168542,13,501ef63265451808903c2f1a4acc333b684a8a04,102210fe594ee9b33d82058545b1ed14f4c8206e,linux1804-64-shippable-qr,google-search,True,,,,,,,,,,,,,,,,,,,,,,,,,,,,,,,,,,,,,,,,,,,,,,,,,,TN,,,,,,,,,,
,1773242900,2023-10-13 21:13:24,367.7,8eac8d7bb81d2778dd919d5b8062f8cfb0ff9d84,1316819,mozilla-beta,LastVisualChange,True,google-search LastVisualChange opt cold fission webrender,,6,ms,firefox,False,|c|o|l|d| |f|i|s|s|i|o|n| |w|e|b|r|e|n|d|e|r|,,4168542,13,501ef63265451808903c2f1a4acc333b684a8a04,102210fe594ee9b33d82058545b1ed14f4c8206e,linux1804-64-shippable-qr,google-search,True,,,,,,,,,,,,,,,,,,,,,,,,,,,,,,,,,,,,,,,,,,,,,,,,,,TN,,,,,,,,,,
,1773394285,2023-10-14 09:18:12,358.5,d07f9c6281b5fc29e57d0e41beeb2dba1056da49,1316894,mozilla-beta,LastVisualChange,True,google-search LastVisualChange opt cold fission webrender,,6,ms,firefox,False,|c|o|l|d| |f|i|s|s|i|o|n| |w|e|b|r|e|n|d|e|r|,,4168542,13,501ef63265451808903c2f1a4acc333b684a8a04,102210fe594ee9b33d82058545b1ed14f4c8206e,linux1804-64-shippable-qr,google-search,True,,,,,,,,,,,,,,,,,,,,,,,,,,,,,,,,,,,,,,,,,,,,,,,,,,TN,,,,,,,,,,
,1773713886,2023-10-15 09:18:27,350.0,383757494ccc7f8f4c932b8ec8e6ff5c146590c5,1316988,mozilla-beta,LastVisualChange,True,google-search LastVisualChange opt cold fission webrender,,6,ms,firefox,False,|c|o|l|d| |f|i|s|s|i|o|n| |w|e|b|r|e|n|d|e|r|,,4168542,13,501ef63265451808903c2f1a4acc333b684a8a04,102210fe594ee9b33d82058545b1ed14f4c8206e,linux1804-64-shippable-qr,google-search,True,,,,,,,,,,,,,,,,,,,,,,,,,,,,,,,,,,,,,,,,,,,,,,,,,,TN,,,,,,,,,,
,1773778013,2023-10-15 14:26:14,359.4,11d1909ae147645f934856a3d3236ee83fd99444,1317018,mozilla-beta,LastVisualChange,True,google-search LastVisualChange opt cold fission webrender,,6,ms,firefox,False,|c|o|l|d| |f|i|s|s|i|o|n| |w|e|b|r|e|n|d|e|r|,,4168542,13,501ef63265451808903c2f1a4acc333b684a8a04,102210fe594ee9b33d82058545b1ed14f4c8206e,linux1804-64-shippable-qr,google-search,True,,,,,,,,,,,,,,,,,,,,,,,,,,,,,,,,,,,,,,,,,,,,,,,,,,TN,,,,,,,,,,
,1774018797,2023-10-16 09:17:28,352.4,061cd59972a07bd5d25892827951e2356d4993a7,1317168,mozilla-beta,LastVisualChange,True,google-search LastVisualChange opt cold fission webrender,,6,ms,firefox,False,|c|o|l|d| |f|i|s|s|i|o|n| |w|e|b|r|e|n|d|e|r|,,4168542,13,501ef63265451808903c2f1a4acc333b684a8a04,102210fe594ee9b33d82058545b1ed14f4c8206e,linux1804-64-shippable-qr,google-search,True,,,,,,,,,,,,,,,,,,,,,,,,,,,,,,,,,,,,,,,,,,,,,,,,,,TN,,,,,,,,,,
,1774133442,2023-10-16 12:10:58,344.4,f2a69b23cb0aaf2b36bac4f9f197bf4282f542c4,1317268,mozilla-beta,LastVisualChange,True,google-search LastVisualChange opt cold fission webrender,,6,ms,firefox,False,|c|o|l|d| |f|i|s|s|i|o|n| |w|e|b|r|e|n|d|e|r|,,4168542,13,501ef63265451808903c2f1a4acc333b684a8a04,102210fe594ee9b33d82058545b1ed14f4c8206e,linux1804-64-shippable-qr,google-search,True,,,,,,,,,,,,,,,,,,,,,,,,,,,,,,,,,,,,,,,,,,,,,,,,,,TN,,,,,,,,,,
,1774327765,2023-10-16 15:50:14,343.0,97e8b9bbb11e77faf6188c7a1dde9ca93c5ed34c,1317440,mozilla-beta,LastVisualChange,True,google-search LastVisualChange opt cold fission webrender,,6,ms,firefox,False,|c|o|l|d| |f|i|s|s|i|o|n| |w|e|b|r|e|n|d|e|r|,,4168542,13,501ef63265451808903c2f1a4acc333b684a8a04,102210fe594ee9b33d82058545b1ed14f4c8206e,linux1804-64-shippable-qr,google-search,True,,,,,,,,,,,,,,,,,,,,,,,,,,,,,,,,,,,,,,,,,,,,,,,,,,TN,,,,,,,,,,
,1774438544,2023-10-16 20:09:52,349.1,15be2499adae693a40ddfc1cb5096c90e7270986,1317580,mozilla-beta,LastVisualChange,True,google-search LastVisualChange opt cold fission webrender,,6,ms,firefox,False,|c|o|l|d| |f|i|s|s|i|o|n| |w|e|b|r|e|n|d|e|r|,,4168542,13,501ef63265451808903c2f1a4acc333b684a8a04,102210fe594ee9b33d82058545b1ed14f4c8206e,linux1804-64-shippable-qr,google-search,True,,,,,,,,,,,,,,,,,,,,,,,,,,,,,,,,,,,,,,,,,,,,,,,,,,TN,,,,,,,,,,
,1778126725,2023-10-23 13:54:43,341.0,5474a9ed5dbd2e49f2a97baf12209cd00e38bdd9,1320858,mozilla-beta,LastVisualChange,True,google-search LastVisualChange opt cold fission webrender,,6,ms,firefox,False,|c|o|l|d| |f|i|s|s|i|o|n| |w|e|b|r|e|n|d|e|r|,,4168542,13,501ef63265451808903c2f1a4acc333b684a8a04,102210fe594ee9b33d82058545b1ed14f4c8206e,linux1804-64-shippable-qr,google-search,True,,,,,,,,,,,,,,,,,,,,,,,,,,,,,,,,,,,,,,,,,,,,,,,,,,TN,,,,,,,,,,
,1778534393,2023-10-23 20:46:52,358.3,b03a01da2a2d576a6c92ce245e4803bcb257f2aa,1321218,mozilla-beta,LastVisualChange,True,google-search LastVisualChange opt cold fission webrender,,6,ms,firefox,False,|c|o|l|d| |f|i|s|s|i|o|n| |w|e|b|r|e|n|d|e|r|,,4168542,13,501ef63265451808903c2f1a4acc333b684a8a04,102210fe594ee9b33d82058545b1ed14f4c8206e,linux1804-64-shippable-qr,google-search,True,,,,,,,,,,,,,,,,,,,,,,,,,,,,,,,,,,,,,,,,,,,,,,,,,,TN,,,,,,,,,,
,1778997860,2023-10-24 09:16:29,342.4,687c546af188e22f70afcf55e14005978520b7cb,1321483,mozilla-beta,LastVisualChange,True,google-search LastVisualChange opt cold fission webrender,,6,ms,firefox,False,|c|o|l|d| |f|i|s|s|i|o|n| |w|e|b|r|e|n|d|e|r|,,4168542,13,501ef63265451808903c2f1a4acc333b684a8a04,102210fe594ee9b33d82058545b1ed14f4c8206e,linux1804-64-shippable-qr,google-search,True,,,,,,,,,,,,,,,,,,,,,,,,,,,,,,,,,,,,,,,,,,,,,,,,,,TN,,,,,,,,,,
,1779409267,2023-10-24 18:16:48,336.0,a17c6aa73b0faf44667bd491440d373e3268aa40,1321817,mozilla-beta,LastVisualChange,True,google-search LastVisualChange opt cold fission webrender,,6,ms,firefox,False,|c|o|l|d| |f|i|s|s|i|o|n| |w|e|b|r|e|n|d|e|r|,,4168542,13,501ef63265451808903c2f1a4acc333b684a8a04,102210fe594ee9b33d82058545b1ed14f4c8206e,linux1804-64-shippable-qr,google-search,True,,,,,,,,,,,,,,,,,,,,,,,,,,,,,,,,,,,,,,,,,,,,,,,,,,TN,,,,,,,,,,
,1779536614,2023-10-24 18:50:37,353.8,0e1ba587a1e6e6f571fd31b1aca0d4679e193e1d,1321847,mozilla-beta,LastVisualChange,True,google-search LastVisualChange opt cold fission webrender,,6,ms,firefox,False,|c|o|l|d| |f|i|s|s|i|o|n| |w|e|b|r|e|n|d|e|r|,,4168542,13,501ef63265451808903c2f1a4acc333b684a8a04,102210fe594ee9b33d82058545b1ed14f4c8206e,linux1804-64-shippable-qr,google-search,True,,,,,,,,,,,,,,,,,,,,,,,,,,,,,,,,,,,,,,,,,,,,,,,,,,TN,,,,,,,,,,
,1779433285,2023-10-24 19:08:21,348.3,3b2f433ad9ff8c7fc4b9947b65b4ed12b102cd2a,1321860,mozilla-beta,LastVisualChange,True,google-search LastVisualChange opt cold fission webrender,,6,ms,firefox,False,|c|o|l|d| |f|i|s|s|i|o|n| |w|e|b|r|e|n|d|e|r|,,4168542,13,501ef63265451808903c2f1a4acc333b684a8a04,102210fe594ee9b33d82058545b1ed14f4c8206e,linux1804-64-shippable-qr,google-search,True,,,,,,,,,,,,,,,,,,,,,,,,,,,,,,,,,,,,,,,,,,,,,,,,,,TN,,,,,,,,,,
,1779510842,2023-10-24 19:19:30,353.7,b178e6a89dd972a2b875d083da187c5e1233158d,1321871,mozilla-beta,LastVisualChange,True,google-search LastVisualChange opt cold fission webrender,,6,ms,firefox,False,|c|o|l|d| |f|i|s|s|i|o|n| |w|e|b|r|e|n|d|e|r|,,4168542,13,501ef63265451808903c2f1a4acc333b684a8a04,102210fe594ee9b33d82058545b1ed14f4c8206e,linux1804-64-shippable-qr,google-search,True,,,,,,,,,,,,,,,,,,,,,,,,,,,,,,,,,,,,,,,,,,,,,,,,,,TN,,,,,,,,,,
,1779854814,2023-10-25 09:17:56,345.8,c3d8b4bc894010747ac1638f14d701801685ad2e,1322190,mozilla-beta,LastVisualChange,True,google-search LastVisualChange opt cold fission webrender,,6,ms,firefox,False,|c|o|l|d| |f|i|s|s|i|o|n| |w|e|b|r|e|n|d|e|r|,,4168542,13,501ef63265451808903c2f1a4acc333b684a8a04,102210fe594ee9b33d82058545b1ed14f4c8206e,linux1804-64-shippable-qr,google-search,True,,,,,,,,,,,,,,,,,,,,,,,,,,,,,,,,,,,,,,,,,,,,,,,,,,TN,,,,,,,,,,
,1780357852,2023-10-25 20:12:08,342.4,70b3d048171ce75923409d3d9d0b2d7752cacbb9,1322523,mozilla-beta,LastVisualChange,True,google-search LastVisualChange opt cold fission webrender,,6,ms,firefox,False,|c|o|l|d| |f|i|s|s|i|o|n| |w|e|b|r|e|n|d|e|r|,,4168542,13,501ef63265451808903c2f1a4acc333b684a8a04,102210fe594ee9b33d82058545b1ed14f4c8206e,linux1804-64-shippable-qr,google-search,True,,,,,,,,,,,,,,,,,,,,,,,,,,,,,,,,,,,,,,,,,,,,,,,,,,TN,,,,,,,,,,
,1780593736,2023-10-26 01:42:12,343.8,31e780c0f9412435072db1cdb1a74a46766ddcff,1322720,mozilla-beta,LastVisualChange,True,google-search LastVisualChange opt cold fission webrender,,6,ms,firefox,False,|c|o|l|d| |f|i|s|s|i|o|n| |w|e|b|r|e|n|d|e|r|,,4168542,13,501ef63265451808903c2f1a4acc333b684a8a04,102210fe594ee9b33d82058545b1ed14f4c8206e,linux1804-64-shippable-qr,google-search,True,,,,,,,,,,,,,,,,,,,,,,,,,,,,,,,,,,,,,,,,,,,,,,,,,,TN,,,,,,,,,,
,1780574654,2023-10-26 01:59:39,347.2,d0592eb71b49011c614d86db88b6673c5f23485f,1322727,mozilla-beta,LastVisualChange,True,google-search LastVisualChange opt cold fission webrender,,6,ms,firefox,False,|c|o|l|d| |f|i|s|s|i|o|n| |w|e|b|r|e|n|d|e|r|,,4168542,13,501ef63265451808903c2f1a4acc333b684a8a04,102210fe594ee9b33d82058545b1ed14f4c8206e,linux1804-64-shippable-qr,google-search,True,,,,,,,,,,,,,,,,,,,,,,,,,,,,,,,,,,,,,,,,,,,,,,,,,,TN,,,,,,,,,,
,1780835398,2023-10-26 09:18:57,340.6,09df940b02395fb242a2aff8bae0a1fc78f1a0ec,1322855,mozilla-beta,LastVisualChange,True,google-search LastVisualChange opt cold fission webrender,,6,ms,firefox,False,|c|o|l|d| |f|i|s|s|i|o|n| |w|e|b|r|e|n|d|e|r|,,4168542,13,501ef63265451808903c2f1a4acc333b684a8a04,102210fe594ee9b33d82058545b1ed14f4c8206e,linux1804-64-shippable-qr,google-search,True,,,,,,,,,,,,,,,,,,,,,,,,,,,,,,,,,,,,,,,,,,,,,,,,,,TN,,,,,,,,,,
,1781092192,2023-10-26 14:06:49,345.6,0970ac067962ef702919bed3c130ff4577c5a618,1323016,mozilla-beta,LastVisualChange,True,google-search LastVisualChange opt cold fission webrender,,6,ms,firefox,False,|c|o|l|d| |f|i|s|s|i|o|n| |w|e|b|r|e|n|d|e|r|,,4168542,13,501ef63265451808903c2f1a4acc333b684a8a04,102210fe594ee9b33d82058545b1ed14f4c8206e,linux1804-64-shippable-qr,google-search,True,,,,,,,,,,,,,,,,,,,,,,,,,,,,,,,,,,,,,,,,,,,,,,,,,,TN,,,,,,,,,,
,1781187744,2023-10-26 18:12:41,348.1,a4b470ebb6b18254694693aa28a4019d425e5157,1323171,mozilla-beta,LastVisualChange,True,google-search LastVisualChange opt cold fission webrender,,6,ms,firefox,False,|c|o|l|d| |f|i|s|s|i|o|n| |w|e|b|r|e|n|d|e|r|,,4168542,13,501ef63265451808903c2f1a4acc333b684a8a04,102210fe594ee9b33d82058545b1ed14f4c8206e,linux1804-64-shippable-qr,google-search,True,,,,,,,,,,,,,,,,,,,,,,,,,,,,,,,,,,,,,,,,,,,,,,,,,,TN,,,,,,,,,,
,1781328285,2023-10-26 21:02:35,352.1,34202f0fbcf07f89f3bdcefc5b6f0ba8728daf54,1323277,mozilla-beta,LastVisualChange,True,google-search LastVisualChange opt cold fission webrender,,6,ms,firefox,False,|c|o|l|d| |f|i|s|s|i|o|n| |w|e|b|r|e|n|d|e|r|,,4168542,13,501ef63265451808903c2f1a4acc333b684a8a04,102210fe594ee9b33d82058545b1ed14f4c8206e,linux1804-64-shippable-qr,google-search,True,,,,,,,,,,,,,,,,,,,,,,,,,,,,,,,,,,,,,,,,,,,,,,,,,,TN,,,,,,,,,,
,1781347624,2023-10-26 21:13:50,364.9,c9e3fb5ed0f44a04ac88882c5481a60a2a30e222,1323289,mozilla-beta,LastVisualChange,True,google-search LastVisualChange opt cold fission webrender,,6,ms,firefox,False,|c|o|l|d| |f|i|s|s|i|o|n| |w|e|b|r|e|n|d|e|r|,,4168542,13,501ef63265451808903c2f1a4acc333b684a8a04,102210fe594ee9b33d82058545b1ed14f4c8206e,linux1804-64-shippable-qr,google-search,True,,,,,,,,,,,,,,,,,,,,,,,,,,,,,,,,,,,,,,,,,,,,,,,,,,TN,,,,,,,,,,
,1781544405,2023-10-27 02:28:31,351.8,bf57d88eb2a3a61a5fa08f1a445dd7351f6e2b1d,1323398,mozilla-beta,LastVisualChange,True,google-search LastVisualChange opt cold fission webrender,,6,ms,firefox,False,|c|o|l|d| |f|i|s|s|i|o|n| |w|e|b|r|e|n|d|e|r|,,4168542,13,501ef63265451808903c2f1a4acc333b684a8a04,102210fe594ee9b33d82058545b1ed14f4c8206e,linux1804-64-shippable-qr,google-search,True,,,,,,,,,,,,,,,,,,,,,,,,,,,,,,,,,,,,,,,,,,,,,,,,,,TN,,,,,,,,,,
,1781768247,2023-10-27 09:19:01,340.9,b1cb7e7b034cc16c98f513f848eb36ea5df27c09,1323519,mozilla-beta,LastVisualChange,True,google-search LastVisualChange opt cold fission webrender,,6,ms,firefox,False,|c|o|l|d| |f|i|s|s|i|o|n| |w|e|b|r|e|n|d|e|r|,,4168542,13,501ef63265451808903c2f1a4acc333b684a8a04,102210fe594ee9b33d82058545b1ed14f4c8206e,linux1804-64-shippable-qr,google-search,True,,,,,,,,,,,,,,,,,,,,,,,,,,,,,,,,,,,,,,,,,,,,,,,,,,TN,,,,,,,,,,
,1782143596,2023-10-27 18:38:39,351.9,b97dbe58458774c79ef350e7575e44682ad7b628,1323849,mozilla-beta,LastVisualChange,True,google-search LastVisualChange opt cold fission webrender,,6,ms,firefox,False,|c|o|l|d| |f|i|s|s|i|o|n| |w|e|b|r|e|n|d|e|r|,,4168542,13,501ef63265451808903c2f1a4acc333b684a8a04,102210fe594ee9b33d82058545b1ed14f4c8206e,linux1804-64-shippable-qr,google-search,True,,,,,,,,,,,,,,,,,,,,,,,,,,,,,,,,,,,,,,,,,,,,,,,,,,TN,,,,,,,,,,
,1782124600,2023-10-27 18:54:25,337.3,f7a6096fda1c5fd404b15a0cee8ca7f0b82aee00,1323862,mozilla-beta,LastVisualChange,True,google-search LastVisualChange opt cold fission webrender,,6,ms,firefox,False,|c|o|l|d| |f|i|s|s|i|o|n| |w|e|b|r|e|n|d|e|r|,,4168542,13,501ef63265451808903c2f1a4acc333b684a8a04,102210fe594ee9b33d82058545b1ed14f4c8206e,linux1804-64-shippable-qr,google-search,True,,,,,,,,,,,,,,,,,,,,,,,,,,,,,,,,,,,,,,,,,,,,,,,,,,TN,,,,,,,,,,
,1782591822,2023-10-28 09:15:28,338.1,1f7ead04a319c6d28f7a8a0c148f15ababc492fa,1324045,mozilla-beta,LastVisualChange,True,google-search LastVisualChange opt cold fission webrender,,6,ms,firefox,False,|c|o|l|d| |f|i|s|s|i|o|n| |w|e|b|r|e|n|d|e|r|,,4168542,13,501ef63265451808903c2f1a4acc333b684a8a04,102210fe594ee9b33d82058545b1ed14f4c8206e,linux1804-64-shippable-qr,google-search,True,,,,,,,,,,,,,,,,,,,,,,,,,,,,,,,,,,,,,,,,,,,,,,,,,,TN,,,,,,,,,,
,1782830453,2023-10-28 20:17:56,340.7,f8c125601213252ce34486ff451fa058381f558f,1324113,mozilla-beta,LastVisualChange,True,google-search LastVisualChange opt cold fission webrender,,6,ms,firefox,False,|c|o|l|d| |f|i|s|s|i|o|n| |w|e|b|r|e|n|d|e|r|,,4168542,13,501ef63265451808903c2f1a4acc333b684a8a04,102210fe594ee9b33d82058545b1ed14f4c8206e,linux1804-64-shippable-qr,google-search,True,,,,,,,,,,,,,,,,,,,,,,,,,,,,,,,,,,,,,,,,,,,,,,,,,,TN,,,,,,,,,,
,1782892219,2023-10-29 09:16:21,337.5,14679f0ea712627e51e43163bc286ffad56bdf54,1324149,mozilla-beta,LastVisualChange,True,google-search LastVisualChange opt cold fission webrender,,6,ms,firefox,False,|c|o|l|d| |f|i|s|s|i|o|n| |w|e|b|r|e|n|d|e|r|,,4168542,13,501ef63265451808903c2f1a4acc333b684a8a04,102210fe594ee9b33d82058545b1ed14f4c8206e,linux1804-64-shippable-qr,google-search,True,,,,,,,,,,,,,,,,,,,,,,,,,,,,,,,,,,,,,,,,,,,,,,,,,,TN,,,,,,,,,,
,1783229309,2023-10-30 02:36:04,347.5,48ba3b0afb19a5edcf6c904fa938052a576bcb89,1324220,mozilla-beta,LastVisualChange,True,google-search LastVisualChange opt cold fission webrender,,6,ms,firefox,False,|c|o|l|d| |f|i|s|s|i|o|n| |w|e|b|r|e|n|d|e|r|,,4168542,13,501ef63265451808903c2f1a4acc333b684a8a04,102210fe594ee9b33d82058545b1ed14f4c8206e,linux1804-64-shippable-qr,google-search,True,,,,,,,,,,,,,,,,,,,,,,,,,,,,,,,,,,,,,,,,,,,,,,,,,,TN,,,,,,,,,,
,1783393999,2023-10-30 09:16:20,347.4,9de68f7e6fd4a13d6568549cfafbbf4de9830a32,1324285,mozilla-beta,LastVisualChange,True,google-search LastVisualChange opt cold fission webrender,,6,ms,firefox,False,|c|o|l|d| |f|i|s|s|i|o|n| |w|e|b|r|e|n|d|e|r|,,4168542,13,501ef63265451808903c2f1a4acc333b684a8a04,102210fe594ee9b33d82058545b1ed14f4c8206e,linux1804-64-shippable-qr,google-search,True,,,,,,,,,,,,,,,,,,,,,,,,,,,,,,,,,,,,,,,,,,,,,,,,,,TN,,,,,,,,,,
,1783705757,2023-10-30 17:02:01,343.8,cc2e02baaa144a8b7924802226b7a0dae78019f9,1324586,mozilla-beta,LastVisualChange,True,google-search LastVisualChange opt cold fission webrender,,6,ms,firefox,False,|c|o|l|d| |f|i|s|s|i|o|n| |w|e|b|r|e|n|d|e|r|,,4168542,13,501ef63265451808903c2f1a4acc333b684a8a04,102210fe594ee9b33d82058545b1ed14f4c8206e,linux1804-64-shippable-qr,google-search,True,,,,,,,,,,,,,,,,,,,,,,,,,,,,,,,,,,,,,,,,,,,,,,,,,,TN,,,,,,,,,,
,1783750948,2023-10-30 17:47:02,350.2,a68944a138e48b14870084ba2981e9c963ad930e,1324618,mozilla-beta,LastVisualChange,True,google-search LastVisualChange opt cold fission webrender,,6,ms,firefox,False,|c|o|l|d| |f|i|s|s|i|o|n| |w|e|b|r|e|n|d|e|r|,,4168542,13,501ef63265451808903c2f1a4acc333b684a8a04,102210fe594ee9b33d82058545b1ed14f4c8206e,linux1804-64-shippable-qr,google-search,True,,,,,,,,,,,,,,,,,,,,,,,,,,,,,,,,,,,,,,,,,,,,,,,,,,TN,,,,,,,,,,
,1783726890,2023-10-30 18:00:17,339.3,7be1294f3227031fcd210f520339ce75fcf7004f,1324626,mozilla-beta,LastVisualChange,True,google-search LastVisualChange opt cold fission webrender,,6,ms,firefox,False,|c|o|l|d| |f|i|s|s|i|o|n| |w|e|b|r|e|n|d|e|r|,,4168542,13,501ef63265451808903c2f1a4acc333b684a8a04,102210fe594ee9b33d82058545b1ed14f4c8206e,linux1804-64-shippable-qr,google-search,True,,,,,,,,,,,,,,,,,,,,,,,,,,,,,,,,,,,,,,,,,,,,,,,,,,TN,,,,,,,,,,
,1783783329,2023-10-30 18:48:30,344.0,8f86cd37a37d99d960be58a89966ec2789adeecc,1324652,mozilla-beta,LastVisualChange,True,google-search LastVisualChange opt cold fission webrender,,6,ms,firefox,False,|c|o|l|d| |f|i|s|s|i|o|n| |w|e|b|r|e|n|d|e|r|,,4168542,13,501ef63265451808903c2f1a4acc333b684a8a04,102210fe594ee9b33d82058545b1ed14f4c8206e,linux1804-64-shippable-qr,google-search,True,,,,,,,,,,,,,,,,,,,,,,,,,,,,,,,,,,,,,,,,,,,,,,,,,,TN,,,,,,,,,,
,1783816988,2023-10-30 19:00:54,338.1,d0dabe2c816558f29baf19470ce5b3e8b0df1e5b,1324656,mozilla-beta,LastVisualChange,True,google-search LastVisualChange opt cold fission webrender,,6,ms,firefox,False,|c|o|l|d| |f|i|s|s|i|o|n| |w|e|b|r|e|n|d|e|r|,,4168542,13,501ef63265451808903c2f1a4acc333b684a8a04,102210fe594ee9b33d82058545b1ed14f4c8206e,linux1804-64-shippable-qr,google-search,True,,,,,,,,,,,,,,,,,,,,,,,,,,,,,,,,,,,,,,,,,,,,,,,,,,TN,,,,,,,,,,
,1784283626,2023-10-31 09:17:48,343.5,d8fb8c523804dc02924cb77b49e007a0abc2acc1,1324895,mozilla-beta,LastVisualChange,True,google-search LastVisualChange opt cold fission webrender,,6,ms,firefox,False,|c|o|l|d| |f|i|s|s|i|o|n| |w|e|b|r|e|n|d|e|r|,,4168542,13,501ef63265451808903c2f1a4acc333b684a8a04,102210fe594ee9b33d82058545b1ed14f4c8206e,linux1804-64-shippable-qr,google-search,True,,,,,,,,,,,,,,,,,,,,,,,,,,,,,,,,,,,,,,,,,,,,,,,,,,TN,,,,,,,,,,
,1784504434,2023-10-31 13:58:47,355.7,a6dedbe86cd78c75a1070b8308ebda10dff87c51,1325015,mozilla-beta,LastVisualChange,True,google-search LastVisualChange opt cold fission webrender,,6,ms,firefox,False,|c|o|l|d| |f|i|s|s|i|o|n| |w|e|b|r|e|n|d|e|r|,,4168542,13,501ef63265451808903c2f1a4acc333b684a8a04,102210fe594ee9b33d82058545b1ed14f4c8206e,linux1804-64-shippable-qr,google-search,True,,,,,,,,,,,,,,,,,,,,,,,,,,,,,,,,,,,,,,,,,,,,,,,,,,TN,,,,,,,,,,
,1784557877,2023-10-31 14:24:53,346.8,21c4c089d27455f7b69af83165892a878069f400,1325035,mozilla-beta,LastVisualChange,True,google-search LastVisualChange opt cold fission webrender,,6,ms,firefox,False,|c|o|l|d| |f|i|s|s|i|o|n| |w|e|b|r|e|n|d|e|r|,,4168542,13,501ef63265451808903c2f1a4acc333b684a8a04,102210fe594ee9b33d82058545b1ed14f4c8206e,linux1804-64-shippable-qr,google-search,True,,,,,,,,,,,,,,,,,,,,,,,,,,,,,,,,,,,,,,,,,,,,,,,,,,TN,,,,,,,,,,
,1784574241,2023-10-31 16:19:48,340.3,497ea409d0b2c8c7f41830cefc198ceb700d2d63,1325135,mozilla-beta,LastVisualChange,True,google-search LastVisualChange opt cold fission webrender,,6,ms,firefox,False,|c|o|l|d| |f|i|s|s|i|o|n| |w|e|b|r|e|n|d|e|r|,,4168542,13,501ef63265451808903c2f1a4acc333b684a8a04,102210fe594ee9b33d82058545b1ed14f4c8206e,linux1804-64-shippable-qr,google-search,True,,,,,,,,,,,,,,,,,,,,,,,,,,,,,,,,,,,,,,,,,,,,,,,,,,TN,,,,,,,,,,
,1784657061,2023-10-31 17:25:12,341.0,54672e6e13984a5fc53d478951425d3435da65dc,1325175,mozilla-beta,LastVisualChange,True,google-search LastVisualChange opt cold fission webrender,,6,ms,firefox,False,|c|o|l|d| |f|i|s|s|i|o|n| |w|e|b|r|e|n|d|e|r|,,4168542,13,501ef63265451808903c2f1a4acc333b684a8a04,102210fe594ee9b33d82058545b1ed14f4c8206e,linux1804-64-shippable-qr,google-search,True,,,,,,,,,,,,,,,,,,,,,,,,,,,,,,,,,,,,,,,,,,,,,,,,,,TN,,,,,,,,,,
,1784773724,2023-10-31 19:29:15,346.0,6df364abb4816f789a765083584689223976afe6,1325236,mozilla-beta,LastVisualChange,True,google-search LastVisualChange opt cold fission webrender,,6,ms,firefox,False,|c|o|l|d| |f|i|s|s|i|o|n| |w|e|b|r|e|n|d|e|r|,,4168542,13,501ef63265451808903c2f1a4acc333b684a8a04,102210fe594ee9b33d82058545b1ed14f4c8206e,linux1804-64-shippable-qr,google-search,True,,,,,,,,,,,,,,,,,,,,,,,,,,,,,,,,,,,,,,,,,,,,,,,,,,TN,,,,,,,,,,
,1785048408,2023-11-01 03:02:04,355.5,739f3449852d8e3d03019cd002ca378fb79676e7,1325441,mozilla-beta,LastVisualChange,True,google-search LastVisualChange opt cold fission webrender,,6,ms,firefox,False,|c|o|l|d| |f|i|s|s|i|o|n| |w|e|b|r|e|n|d|e|r|,,4168542,13,501ef63265451808903c2f1a4acc333b684a8a04,102210fe594ee9b33d82058545b1ed14f4c8206e,linux1804-64-shippable-qr,google-search,True,,,,,,,,,,,,,,,,,,,,,,,,,,,,,,,,,,,,,,,,,,,,,,,,,,TN,,,,,,,,,,
,1785211385,2023-11-01 09:28:03,348.7,c32c921bf0c099387541a2bd4306618b2a338aac,1325520,mozilla-beta,LastVisualChange,True,google-search LastVisualChange opt cold fission webrender,,6,ms,firefox,False,|c|o|l|d| |f|i|s|s|i|o|n| |w|e|b|r|e|n|d|e|r|,,4168542,13,501ef63265451808903c2f1a4acc333b684a8a04,102210fe594ee9b33d82058545b1ed14f4c8206e,linux1804-64-shippable-qr,google-search,True,,,,,,,,,,,,,,,,,,,,,,,,,,,,,,,,,,,,,,,,,,,,,,,,,,TN,,,,,,,,,,
,1785514894,2023-11-01 20:19:53,349.8,661ffaa432e4cc863263a07b7bdd27795a5df836,1325865,mozilla-beta,LastVisualChange,True,google-search LastVisualChange opt cold fission webrender,,6,ms,firefox,False,|c|o|l|d| |f|i|s|s|i|o|n| |w|e|b|r|e|n|d|e|r|,,4168542,13,501ef63265451808903c2f1a4acc333b684a8a04,102210fe594ee9b33d82058545b1ed14f4c8206e,linux1804-64-shippable-qr,google-search,True,,,,,,,,,,,,,,,,,,,,,,,,,,,,,,,,,,,,,,,,,,,,,,,,,,TN,,,,,,,,,,
,1785885964,2023-11-02 09:16:17,355.9,52966fe3ab43a9acb012195122cc949e887f3f7a,1326068,mozilla-beta,LastVisualChange,True,google-search LastVisualChange opt cold fission webrender,,6,ms,firefox,False,|c|o|l|d| |f|i|s|s|i|o|n| |w|e|b|r|e|n|d|e|r|,,4168542,13,501ef63265451808903c2f1a4acc333b684a8a04,102210fe594ee9b33d82058545b1ed14f4c8206e,linux1804-64-shippable-qr,google-search,True,,,,,,,,,,,,,,,,,,,,,,,,,,,,,,,,,,,,,,,,,,,,,,,,,,TN,,,,,,,,,,
,1786081474,2023-11-02 13:26:23,345.8,b93c979940b7fb53619a49044f7f0c9dcd99927b,1326186,mozilla-beta,LastVisualChange,True,google-search LastVisualChange opt cold fission webrender,,6,ms,firefox,False,|c|o|l|d| |f|i|s|s|i|o|n| |w|e|b|r|e|n|d|e|r|,,4168542,13,501ef63265451808903c2f1a4acc333b684a8a04,102210fe594ee9b33d82058545b1ed14f4c8206e,linux1804-64-shippable-qr,google-search,True,,,,,,,,,,,,,,,,,,,,,,,,,,,,,,,,,,,,,,,,,,,,,,,,,,TN,,,,,,,,,,
,1786117888,2023-11-02 15:52:03,299.0,3de35294e81fd90cf63d3f7107110c0bcf4a461e,1326321,mozilla-beta,LastVisualChange,True,google-search LastVisualChange opt cold fission webrender,,6,ms,firefox,False,|c|o|l|d| |f|i|s|s|i|o|n| |w|e|b|r|e|n|d|e|r|,,4168542,13,501ef63265451808903c2f1a4acc333b684a8a04,102210fe594ee9b33d82058545b1ed14f4c8206e,linux1804-64-shippable-qr,google-search,True,,,,,,,,,,,,,,,,,,,,,,,,,,,,,,,,,,,,,,,,,,,,,,,,,,TN,,,,,,,,,,
,1786153935,2023-11-02 16:31:23,338.7,fc180f625ac2b295ab3e05bde3ec29c2998dc76b,1326367,mozilla-beta,LastVisualChange,True,google-search LastVisualChange opt cold fission webrender,,6,ms,firefox,False,|c|o|l|d| |f|i|s|s|i|o|n| |w|e|b|r|e|n|d|e|r|,,4168542,13,501ef63265451808903c2f1a4acc333b684a8a04,102210fe594ee9b33d82058545b1ed14f4c8206e,linux1804-64-shippable-qr,google-search,True,,,,,,,,,,,,,,,,,,,,,,,,,,,,,,,,,,,,,,,,,,,,,,,,,,TN,,,,,,,,,,
,1786314895,2023-11-02 19:37:31,355.7,b1fe4b76180c0291b47971e0e442d50b2b46e243,1326468,mozilla-beta,LastVisualChange,True,google-search LastVisualChange opt cold fission webrender,,6,ms,firefox,False,|c|o|l|d| |f|i|s|s|i|o|n| |w|e|b|r|e|n|d|e|r|,,4168542,13,501ef63265451808903c2f1a4acc333b684a8a04,102210fe594ee9b33d82058545b1ed14f4c8206e,linux1804-64-shippable-qr,google-search,True,,,,,,,,,,,,,,,,,,,,,,,,,,,,,,,,,,,,,,,,,,,,,,,,,,TN,,,,,,,,,,
,1786341516,2023-11-02 20:40:12,340.8,c5cefa7cf7968cb679cd9e608c644853e8bf3c5c,1326529,mozilla-beta,LastVisualChange,True,google-search LastVisualChange opt cold fission webrender,,6,ms,firefox,False,|c|o|l|d| |f|i|s|s|i|o|n| |w|e|b|r|e|n|d|e|r|,,4168542,13,501ef63265451808903c2f1a4acc333b684a8a04,102210fe594ee9b33d82058545b1ed14f4c8206e,linux1804-64-shippable-qr,google-search,True,,,,,,,,,,,,,,,,,,,,,,,,,,,,,,,,,,,,,,,,,,,,,,,,,,TN,,,,,,,,,,
,1786459381,2023-11-03 02:09:01,339.1,10ccb989d5ffe828811dc99be6687afc0661fee6,1326660,mozilla-beta,LastVisualChange,True,google-search LastVisualChange opt cold fission webrender,,6,ms,firefox,False,|c|o|l|d| |f|i|s|s|i|o|n| |w|e|b|r|e|n|d|e|r|,,4168542,13,501ef63265451808903c2f1a4acc333b684a8a04,102210fe594ee9b33d82058545b1ed14f4c8206e,linux1804-64-shippable-qr,google-search,True,,,,,,,,,,,,,,,,,,,,,,,,,,,,,,,,,,,,,,,,,,,,,,,,,,TN,,,,,,,,,,
,1786612236,2023-11-03 09:17:43,349.0,2dce64a161d6de039d89197b2248a11466fc7fb1,1326756,mozilla-beta,LastVisualChange,True,google-search LastVisualChange opt cold fission webrender,,6,ms,firefox,False,|c|o|l|d| |f|i|s|s|i|o|n| |w|e|b|r|e|n|d|e|r|,,4168542,13,501ef63265451808903c2f1a4acc333b684a8a04,102210fe594ee9b33d82058545b1ed14f4c8206e,linux1804-64-shippable-qr,google-search,True,,,,,,,,,,,,,,,,,,,,,,,,,,,,,,,,,,,,,,,,,,,,,,,,,,TN,,,,,,,,,,
,1787007843,2023-11-03 20:10:06,348.5,de7d0eba21d6dc9fa43711cb99724cf8bee14b09,1327141,mozilla-beta,LastVisualChange,True,google-search LastVisualChange opt cold fission webrender,,6,ms,firefox,False,|c|o|l|d| |f|i|s|s|i|o|n| |w|e|b|r|e|n|d|e|r|,,4168542,13,501ef63265451808903c2f1a4acc333b684a8a04,102210fe594ee9b33d82058545b1ed14f4c8206e,linux1804-64-shippable-qr,google-search,True,,,,,,,,,,,,,,,,,,,,,,,,,,,,,,,,,,,,,,,,,,,,,,,,,,TN,,,,,,,,,,
,1787056521,2023-11-03 20:37:38,339.4,e236a9d8b7c953944c3ec583d1c67f4ee99b61c7,1327174,mozilla-beta,LastVisualChange,True,google-search LastVisualChange opt cold fission webrender,,6,ms,firefox,False,|c|o|l|d| |f|i|s|s|i|o|n| |w|e|b|r|e|n|d|e|r|,,4168542,13,501ef63265451808903c2f1a4acc333b684a8a04,102210fe594ee9b33d82058545b1ed14f4c8206e,linux1804-64-shippable-qr,google-search,True,,,,,,,,,,,,,,,,,,,,,,,,,,,,,,,,,,,,,,,,,,,,,,,,,,TN,,,,,,,,,,
,1787104537,2023-11-03 22:57:26,324.6,0e4c1aabb1e89b399ec8af74160f4dded9290029,1327231,mozilla-beta,LastVisualChange,True,google-search LastVisualChange opt cold fission webrender,,6,ms,firefox,False,|c|o|l|d| |f|i|s|s|i|o|n| |w|e|b|r|e|n|d|e|r|,,4168542,13,501ef63265451808903c2f1a4acc333b684a8a04,102210fe594ee9b33d82058545b1ed14f4c8206e,linux1804-64-shippable-qr,google-search,True,,,,,,,,,,,,,,,,,,,,,,,,,,,,,,,,,,,,,,,,,,,,,,,,,,TN,,,,,,,,,,
,1787241274,2023-11-04 09:15:24,338.9,aaed062f99d7c0ecc1574d16fc93d7aad82bfe08,1327315,mozilla-beta,LastVisualChange,True,google-search LastVisualChange opt cold fission webrender,,6,ms,firefox,False,|c|o|l|d| |f|i|s|s|i|o|n| |w|e|b|r|e|n|d|e|r|,,4168542,13,501ef63265451808903c2f1a4acc333b684a8a04,102210fe594ee9b33d82058545b1ed14f4c8206e,linux1804-64-shippable-qr,google-search,True,,,,,,,,,,,,,,,,,,,,,,,,,,,,,,,,,,,,,,,,,,,,,,,,,,TN,,,,,,,,,,
,1787686873,2023-11-05 09:16:57,337.6,ac9cccecb9fd15c83e5a504a0a4777033d8012fc,1327481,mozilla-beta,LastVisualChange,True,google-search LastVisualChange opt cold fission webrender,,6,ms,firefox,False,|c|o|l|d| |f|i|s|s|i|o|n| |w|e|b|r|e|n|d|e|r|,,4168542,13,501ef63265451808903c2f1a4acc333b684a8a04,102210fe594ee9b33d82058545b1ed14f4c8206e,linux1804-64-shippable-qr,google-search,True,,,,,,,,,,,,,,,,,,,,,,,,,,,,,,,,,,,,,,,,,,,,,,,,,,TN,,,,,,,,,,
,1787819915,2023-11-05 16:06:30,343.2,a8eb7938131dec30c0043b6eeed4ca9727b3dcda,1327540,mozilla-beta,LastVisualChange,True,google-search LastVisualChange opt cold fission webrender,,6,ms,firefox,False,|c|o|l|d| |f|i|s|s|i|o|n| |w|e|b|r|e|n|d|e|r|,,4168542,13,501ef63265451808903c2f1a4acc333b684a8a04,102210fe594ee9b33d82058545b1ed14f4c8206e,linux1804-64-shippable-qr,google-search,True,,,,,,,,,,,,,,,,,,,,,,,,,,,,,,,,,,,,,,,,,,,,,,,,,,TN,,,,,,,,,,
,1788019401,2023-11-06 00:47:38,349.0,fba3b198dcedf2312097e9dc1c6a57b9a25730d6,1327573,mozilla-beta,LastVisualChange,True,google-search LastVisualChange opt cold fission webrender,,6,ms,firefox,False,|c|o|l|d| |f|i|s|s|i|o|n| |w|e|b|r|e|n|d|e|r|,,4168542,13,501ef63265451808903c2f1a4acc333b684a8a04,102210fe594ee9b33d82058545b1ed14f4c8206e,linux1804-64-shippable-qr,google-search,True,,,,,,,,,,,,,,,,,,,,,,,,,,,,,,,,,,,,,,,,,,,,,,,,,,TN,,,,,,,,,,
,1788390422,2023-11-06 09:16:14,353.9,84adf50c3d323e26c6a519a062b2417bb322ff0b,1327663,mozilla-beta,LastVisualChange,True,google-search LastVisualChange opt cold fission webrender,,6,ms,firefox,False,|c|o|l|d| |f|i|s|s|i|o|n| |w|e|b|r|e|n|d|e|r|,,4168542,13,501ef63265451808903c2f1a4acc333b684a8a04,102210fe594ee9b33d82058545b1ed14f4c8206e,linux1804-64-shippable-qr,google-search,True,,,,,,,,,,,,,,,,,,,,,,,,,,,,,,,,,,,,,,,,,,,,,,,,,,TN,,,,,,,,,,
,1788753616,2023-11-06 17:07:28,348.3,515a8603c619c309e86df4e9288a2840561043fe,1328000,mozilla-beta,LastVisualChange,True,google-search LastVisualChange opt cold fission webrender,,6,ms,firefox,False,|c|o|l|d| |f|i|s|s|i|o|n| |w|e|b|r|e|n|d|e|r|,,4168542,13,501ef63265451808903c2f1a4acc333b684a8a04,102210fe594ee9b33d82058545b1ed14f4c8206e,linux1804-64-shippable-qr,google-search,True,,,,,,,,,,,,,,,,,,,,,,,,,,,,,,,,,,,,,,,,,,,,,,,,,,TN,,,,,,,,,,
,1789237877,2023-11-07 09:17:03,333.8,46b44caed301798da4c8f6f69976582d1a514c7a,1328381,mozilla-beta,LastVisualChange,True,google-search LastVisualChange opt cold fission webrender,,6,ms,firefox,False,|c|o|l|d| |f|i|s|s|i|o|n| |w|e|b|r|e|n|d|e|r|,,4168542,13,501ef63265451808903c2f1a4acc333b684a8a04,102210fe594ee9b33d82058545b1ed14f4c8206e,linux1804-64-shippable-qr,google-search,True,,,,,,,,,,,,,,,,,,,,,,,,,,,,,,,,,,,,,,,,,,,,,,,,,,TN,,,,,,,,,,
,1789345216,2023-11-07 13:33:14,336.0,34ed90e9b164d86b138e679b7d142e0974fd7816,1328471,mozilla-beta,LastVisualChange,True,google-search LastVisualChange opt cold fission webrender,,6,ms,firefox,False,|c|o|l|d| |f|i|s|s|i|o|n| |w|e|b|r|e|n|d|e|r|,,4168542,13,501ef63265451808903c2f1a4acc333b684a8a04,102210fe594ee9b33d82058545b1ed14f4c8206e,linux1804-64-shippable-qr,google-search,True,,,,,,,,,,,,,,,,,,,,,,,,,,,,,,,,,,,,,,,,,,,,,,,,,,TN,,,,,,,,,,
,1789357182,2023-11-07 14:02:57,338.5,38f5ce2d997a124467b8065b92a79d2efa0f3827,1328489,mozilla-beta,LastVisualChange,True,google-search LastVisualChange opt cold fission webrender,,6,ms,firefox,False,|c|o|l|d| |f|i|s|s|i|o|n| |w|e|b|r|e|n|d|e|r|,,4168542,13,501ef63265451808903c2f1a4acc333b684a8a04,102210fe594ee9b33d82058545b1ed14f4c8206e,linux1804-64-shippable-qr,google-search,True,,,,,,,,,,,,,,,,,,,,,,,,,,,,,,,,,,,,,,,,,,,,,,,,,,TN,,,,,,,,,,
,1789413782,2023-11-07 17:18:39,345.5,997eb70f590ce32a22add6eed63c87f3fdc21b14,1328543,mozilla-beta,LastVisualChange,True,google-search LastVisualChange opt cold fission webrender,,6,ms,firefox,False,|c|o|l|d| |f|i|s|s|i|o|n| |w|e|b|r|e|n|d|e|r|,,4168542,13,501ef63265451808903c2f1a4acc333b684a8a04,102210fe594ee9b33d82058545b1ed14f4c8206e,linux1804-64-shippable-qr,google-search,True,,,,,,,,,,,,,,,,,,,,,,,,,,,,,,,,,,,,,,,,,,,,,,,,,,TN,,,,,,,,,,
,1789485319,2023-11-07 19:16:33,349.6,36f6c182a44f717167c7dcde294710b0ff59b6e0,1328549,mozilla-beta,LastVisualChange,True,google-search LastVisualChange opt cold fission webrender,,6,ms,firefox,False,|c|o|l|d| |f|i|s|s|i|o|n| |w|e|b|r|e|n|d|e|r|,,4168542,13,501ef63265451808903c2f1a4acc333b684a8a04,102210fe594ee9b33d82058545b1ed14f4c8206e,linux1804-64-shippable-qr,google-search,True,,,,,,,,,,,,,,,,,,,,,,,,,,,,,,,,,,,,,,,,,,,,,,,,,,TN,,,,,,,,,,
,1789750384,2023-11-08 01:34:51,349.0,9405e5ab3a4a597ffdfc3fc14887fdb4554c6f8d,1328839,mozilla-beta,LastVisualChange,True,google-search LastVisualChange opt cold fission webrender,,6,ms,firefox,False,|c|o|l|d| |f|i|s|s|i|o|n| |w|e|b|r|e|n|d|e|r|,,4168542,13,501ef63265451808903c2f1a4acc333b684a8a04,102210fe594ee9b33d82058545b1ed14f4c8206e,linux1804-64-shippable-qr,google-search,True,,,,,,,,,,,,,,,,,,,,,,,,,,,,,,,,,,,,,,,,,,,,,,,,,,TN,,,,,,,,,,
,1789791898,2023-11-08 03:37:05,344.2,e96d59e6f3e4e226bfce9975094486d29040f986,1328883,mozilla-beta,LastVisualChange,True,google-search LastVisualChange opt cold fission webrender,,6,ms,firefox,False,|c|o|l|d| |f|i|s|s|i|o|n| |w|e|b|r|e|n|d|e|r|,,4168542,13,501ef63265451808903c2f1a4acc333b684a8a04,102210fe594ee9b33d82058545b1ed14f4c8206e,linux1804-64-shippable-qr,google-search,True,,,,,,,,,,,,,,,,,,,,,,,,,,,,,,,,,,,,,,,,,,,,,,,,,,TN,,,,,,,,,,
,1789810871,2023-11-08 03:58:18,347.1,f51aba0f79ce6370a97337d938e26b7ca57a2628,1328887,mozilla-beta,LastVisualChange,True,google-search LastVisualChange opt cold fission webrender,,6,ms,firefox,False,|c|o|l|d| |f|i|s|s|i|o|n| |w|e|b|r|e|n|d|e|r|,,4168542,13,501ef63265451808903c2f1a4acc333b684a8a04,102210fe594ee9b33d82058545b1ed14f4c8206e,linux1804-64-shippable-qr,google-search,True,,,,,,,,,,,,,,,,,,,,,,,,,,,,,,,,,,,,,,,,,,,,,,,,,,TN,,,,,,,,,,
,1789945487,2023-11-08 09:19:43,351.7,ff455344125244fea8ba3d4d3f1c125f1d4128ef,1328960,mozilla-beta,LastVisualChange,True,google-search LastVisualChange opt cold fission webrender,,6,ms,firefox,False,|c|o|l|d| |f|i|s|s|i|o|n| |w|e|b|r|e|n|d|e|r|,,4168542,13,501ef63265451808903c2f1a4acc333b684a8a04,102210fe594ee9b33d82058545b1ed14f4c8206e,linux1804-64-shippable-qr,google-search,True,,,,,,,,,,,,,,,,,,,,,,,,,,,,,,,,,,,,,,,,,,,,,,,,,,TN,,,,,,,,,,
,1790241909,2023-11-08 19:02:24,343.6,8b41a52794e1bbd3fba47da74ae0f35ed8e7881e,1329301,mozilla-beta,LastVisualChange,True,google-search LastVisualChange opt cold fission webrender,,6,ms,firefox,False,|c|o|l|d| |f|i|s|s|i|o|n| |w|e|b|r|e|n|d|e|r|,,4168542,13,501ef63265451808903c2f1a4acc333b684a8a04,102210fe594ee9b33d82058545b1ed14f4c8206e,linux1804-64-shippable-qr,google-search,True,,,,,,,,,,,,,,,,,,,,,,,,,,,,,,,,,,,,,,,,,,,,,,,,,,TN,,,,,,,,,,
,1790258866,2023-11-08 19:22:35,346.9,f33d3ade665d9a85492c827858001798f824cf82,1329310,mozilla-beta,LastVisualChange,True,google-search LastVisualChange opt cold fission webrender,,6,ms,firefox,False,|c|o|l|d| |f|i|s|s|i|o|n| |w|e|b|r|e|n|d|e|r|,,4168542,13,501ef63265451808903c2f1a4acc333b684a8a04,102210fe594ee9b33d82058545b1ed14f4c8206e,linux1804-64-shippable-qr,google-search,True,,,,,,,,,,,,,,,,,,,,,,,,,,,,,,,,,,,,,,,,,,,,,,,,,,TN,,,,,,,,,,
,1790776873,2023-11-09 09:18:08,347.0,c3cf1434c26f7cccbac13d707dcebb6f320ce8fd,1329714,mozilla-beta,LastVisualChange,True,google-search LastVisualChange opt cold fission webrender,,6,ms,firefox,False,|c|o|l|d| |f|i|s|s|i|o|n| |w|e|b|r|e|n|d|e|r|,,4168542,13,501ef63265451808903c2f1a4acc333b684a8a04,102210fe594ee9b33d82058545b1ed14f4c8206e,linux1804-64-shippable-qr,google-search,True,,,,,,,,,,,,,,,,,,,,,,,,,,,,,,,,,,,,,,,,,,,,,,,,,,TN,,,,,,,,,,
,1790959634,2023-11-09 13:29:14,344.2,1dfb79685f27e9f11e469e5ab3e8a58fb9e58b73,1329834,mozilla-beta,LastVisualChange,True,google-search LastVisualChange opt cold fission webrender,,6,ms,firefox,False,|c|o|l|d| |f|i|s|s|i|o|n| |w|e|b|r|e|n|d|e|r|,,4168542,13,501ef63265451808903c2f1a4acc333b684a8a04,102210fe594ee9b33d82058545b1ed14f4c8206e,linux1804-64-shippable-qr,google-search,True,,,,,,,,,,,,,,,,,,,,,,,,,,,,,,,,,,,,,,,,,,,,,,,,,,TN,,,,,,,,,,
,1791037534,2023-11-09 13:41:54,349.7,78b796c9f7f53a888614ed5392a7db7229ee834f,1329838,mozilla-beta,LastVisualChange,True,google-search LastVisualChange opt cold fission webrender,,6,ms,firefox,False,|c|o|l|d| |f|i|s|s|i|o|n| |w|e|b|r|e|n|d|e|r|,,4168542,13,501ef63265451808903c2f1a4acc333b684a8a04,102210fe594ee9b33d82058545b1ed14f4c8206e,linux1804-64-shippable-qr,google-search,True,,,,,,,,,,,,,,,,,,,,,,,,,,,,,,,,,,,,,,,,,,,,,,,,,,TN,,,,,,,,,,
,1791026080,2023-11-09 15:05:03,347.2,03a9bf50f31d7228b355e7f9d70e29dd18babfdc,1329887,mozilla-beta,LastVisualChange,True,google-search LastVisualChange opt cold fission webrender,,6,ms,firefox,False,|c|o|l|d| |f|i|s|s|i|o|n| |w|e|b|r|e|n|d|e|r|,,4168542,13,501ef63265451808903c2f1a4acc333b684a8a04,102210fe594ee9b33d82058545b1ed14f4c8206e,linux1804-64-shippable-qr,google-search,True,,,,,,,,,,,,,,,,,,,,,,,,,,,,,,,,,,,,,,,,,,,,,,,,,,TN,,,,,,,,,,
,1791064142,2023-11-09 16:40:47,334.1,5e9554d172fc9851c0d74bdd6990c7434c7f6cf3,1329939,mozilla-beta,LastVisualChange,True,google-search LastVisualChange opt cold fission webrender,,6,ms,firefox,False,|c|o|l|d| |f|i|s|s|i|o|n| |w|e|b|r|e|n|d|e|r|,,4168542,13,501ef63265451808903c2f1a4acc333b684a8a04,102210fe594ee9b33d82058545b1ed14f4c8206e,linux1804-64-shippable-qr,google-search,True,,,,,,,,,,,,,,,,,,,,,,,,,,,,,,,,,,,,,,,,,,,,,,,,,,TN,,,,,,,,,,
,1791137887,2023-11-09 17:22:31,350.4,38f3cd5c2a42373d39c8ec864053d206168e22dd,1329961,mozilla-beta,LastVisualChange,True,google-search LastVisualChange opt cold fission webrender,,6,ms,firefox,False,|c|o|l|d| |f|i|s|s|i|o|n| |w|e|b|r|e|n|d|e|r|,,4168542,13,501ef63265451808903c2f1a4acc333b684a8a04,102210fe594ee9b33d82058545b1ed14f4c8206e,linux1804-64-shippable-qr,google-search,True,,,,,,,,,,,,,,,,,,,,,,,,,,,,,,,,,,,,,,,,,,,,,,,,,,TN,,,,,,,,,,
,1791159030,2023-11-09 18:22:53,350.4,b0f04f13b25453822484a6a53bc6b2b39bba4ae7,1329997,mozilla-beta,LastVisualChange,True,google-search LastVisualChange opt cold fission webrender,,6,ms,firefox,False,|c|o|l|d| |f|i|s|s|i|o|n| |w|e|b|r|e|n|d|e|r|,,4168542,13,501ef63265451808903c2f1a4acc333b684a8a04,102210fe594ee9b33d82058545b1ed14f4c8206e,linux1804-64-shippable-qr,google-search,True,,,,,,,,,,,,,,,,,,,,,,,,,,,,,,,,,,,,,,,,,,,,,,,,,,TN,,,,,,,,,,
,1791248022,2023-11-09 20:58:42,340.0,73db5f7ddc5b694785856785df3e3d6d8c5054f5,1330116,mozilla-beta,LastVisualChange,True,google-search LastVisualChange opt cold fission webrender,,6,ms,firefox,False,|c|o|l|d| |f|i|s|s|i|o|n| |w|e|b|r|e|n|d|e|r|,,4168542,13,501ef63265451808903c2f1a4acc333b684a8a04,102210fe594ee9b33d82058545b1ed14f4c8206e,linux1804-64-shippable-qr,google-search,True,,,,,,,,,,,,,,,,,,,,,,,,,,,,,,,,,,,,,,,,,,,,,,,,,,TN,,,,,,,,,,
,1791227779,2023-11-09 21:16:58,334.1,4033da50913992a740487deb43a255f0ad27ca9d,1330119,mozilla-beta,LastVisualChange,True,google-search LastVisualChange opt cold fission webrender,,6,ms,firefox,False,|c|o|l|d| |f|i|s|s|i|o|n| |w|e|b|r|e|n|d|e|r|,,4168542,13,501ef63265451808903c2f1a4acc333b684a8a04,102210fe594ee9b33d82058545b1ed14f4c8206e,linux1804-64-shippable-qr,google-search,True,,,,,,,,,,,,,,,,,,,,,,,,,,,,,,,,,,,,,,,,,,,,,,,,,,TN,,,,,,,,,,
,1791350964,2023-11-09 23:34:01,345.4,05cb865cacd6b9585e3049124f490cf19705d380,1330175,mozilla-beta,LastVisualChange,True,google-search LastVisualChange opt cold fission webrender,,6,ms,firefox,False,|c|o|l|d| |f|i|s|s|i|o|n| |w|e|b|r|e|n|d|e|r|,,4168542,13,501ef63265451808903c2f1a4acc333b684a8a04,102210fe594ee9b33d82058545b1ed14f4c8206e,linux1804-64-shippable-qr,google-search,True,,,,,,,,,,,,,,,,,,,,,,,,,,,,,,,,,,,,,,,,,,,,,,,,,,TN,,,,,,,,,,
,1791501078,2023-11-10 03:58:58,349.9,c235e860ed91d38314fe1dbcf2ecdd2db91b9bb9,1330254,mozilla-beta,LastVisualChange,True,google-search LastVisualChange opt cold fission webrender,,6,ms,firefox,False,|c|o|l|d| |f|i|s|s|i|o|n| |w|e|b|r|e|n|d|e|r|,,4168542,13,501ef63265451808903c2f1a4acc333b684a8a04,102210fe594ee9b33d82058545b1ed14f4c8206e,linux1804-64-shippable-qr,google-search,True,,,,,,,,,,,,,,,,,,,,,,,,,,,,,,,,,,,,,,,,,,,,,,,,,,TN,,,,,,,,,,
,1791652549,2023-11-10 08:26:24,331.7,c9cafe13464891df5979172a1cea00ceb1c89615,1330300,mozilla-beta,LastVisualChange,True,google-search LastVisualChange opt cold fission webrender,,6,ms,firefox,False,|c|o|l|d| |f|i|s|s|i|o|n| |w|e|b|r|e|n|d|e|r|,,4168542,13,501ef63265451808903c2f1a4acc333b684a8a04,102210fe594ee9b33d82058545b1ed14f4c8206e,linux1804-64-shippable-qr,google-search,True,,,,,,,,,,,,,,,,,,,,,,,,,,,,,,,,,,,,,,,,,,,,,,,,,,TN,,,,,,,,,,
,1791668840,2023-11-10 09:17:50,345.1,79c92eeab276a93d9b1d5cc754e2bb395e76ebf3,1330325,mozilla-beta,LastVisualChange,True,google-search LastVisualChange opt cold fission webrender,,6,ms,firefox,False,|c|o|l|d| |f|i|s|s|i|o|n| |w|e|b|r|e|n|d|e|r|,,4168542,13,501ef63265451808903c2f1a4acc333b684a8a04,102210fe594ee9b33d82058545b1ed14f4c8206e,linux1804-64-shippable-qr,google-search,True,,,,,,,,,,,,,,,,,,,,,,,,,,,,,,,,,,,,,,,,,,,,,,,,,,TN,,,,,,,,,,
,1792371493,2023-11-11 09:17:06,351.3,833ba8fe101b84f0d4e7dbe07363af1f91c20b18,1330685,mozilla-beta,LastVisualChange,True,google-search LastVisualChange opt cold fission webrender,,6,ms,firefox,False,|c|o|l|d| |f|i|s|s|i|o|n| |w|e|b|r|e|n|d|e|r|,,4168542,13,501ef63265451808903c2f1a4acc333b684a8a04,102210fe594ee9b33d82058545b1ed14f4c8206e,linux1804-64-shippable-qr,google-search,True,,,,,,,,,,,,,,,,,,,,,,,,,,,,,,,,,,,,,,,,,,,,,,,,,,TN,,,,,,,,,,
,1792830585,2023-11-12 09:16:19,353.7,a1334e8e601add3495509f96d677cff89b4693b1,1330777,mozilla-beta,LastVisualChange,True,google-search LastVisualChange opt cold fission webrender,,6,ms,firefox,False,|c|o|l|d| |f|i|s|s|i|o|n| |w|e|b|r|e|n|d|e|r|,,4168542,13,501ef63265451808903c2f1a4acc333b684a8a04,102210fe594ee9b33d82058545b1ed14f4c8206e,linux1804-64-shippable-qr,google-search,True,,,,,,,,,,,,,,,,,,,,,,,,,,,,,,,,,,,,,,,,,,,,,,,,,,TN,,,,,,,,,,
,1793156496,2023-11-13 09:20:35,352.0,39694175bf62c4c07f2001ab520f7e410eec192b,1330927,mozilla-beta,LastVisualChange,True,google-search LastVisualChange opt cold fission webrender,,6,ms,firefox,False,|c|o|l|d| |f|i|s|s|i|o|n| |w|e|b|r|e|n|d|e|r|,,4168542,13,501ef63265451808903c2f1a4acc333b684a8a04,102210fe594ee9b33d82058545b1ed14f4c8206e,linux1804-64-shippable-qr,google-search,True,,,,,,,,,,,,,,,,,,,,,,,,,,,,,,,,,,,,,,,,,,,,,,,,,,TN,,,,,,,,,,
,1793382573,2023-11-13 14:12:00,338.7,e2b2510f97612093f381ee1f4220e71ff949d845,1331051,mozilla-beta,LastVisualChange,True,google-search LastVisualChange opt cold fission webrender,,6,ms,firefox,False,|c|o|l|d| |f|i|s|s|i|o|n| |w|e|b|r|e|n|d|e|r|,,4168542,13,501ef63265451808903c2f1a4acc333b684a8a04,102210fe594ee9b33d82058545b1ed14f4c8206e,linux1804-64-shippable-qr,google-search,True,,,,,,,,,,,,,,,,,,,,,,,,,,,,,,,,,,,,,,,,,,,,,,,,,,TN,,,,,,,,,,
,1797232941,2023-11-20 15:49:37,344.7,d6c8c84a26388612d432fd27aadcc8cdc1bc4e07,1334745,mozilla-beta,LastVisualChange,True,google-search LastVisualChange opt cold fission webrender,,6,ms,firefox,False,|c|o|l|d| |f|i|s|s|i|o|n| |w|e|b|r|e|n|d|e|r|,,4168542,13,501ef63265451808903c2f1a4acc333b684a8a04,102210fe594ee9b33d82058545b1ed14f4c8206e,linux1804-64-shippable-qr,google-search,True,,,,,,,,,,,,,,,,,,,,,,,,,,,,,,,,,,,,,,,,,,,,,,,,,,TN,,,,,,,,,,
,1797820154,2023-11-21 09:16:19,346.3,7c525212b0a40c1f9ca40c7a7dd04825767c444c,1335327,mozilla-beta,LastVisualChange,True,google-search LastVisualChange opt cold fission webrender,,6,ms,firefox,False,|c|o|l|d| |f|i|s|s|i|o|n| |w|e|b|r|e|n|d|e|r|,,4168542,13,501ef63265451808903c2f1a4acc333b684a8a04,102210fe594ee9b33d82058545b1ed14f4c8206e,linux1804-64-shippable-qr,google-search,True,,,,,,,,,,,,,,,,,,,,,,,,,,,,,,,,,,,,,,,,,,,,,,,,,,TN,,,,,,,,,,
,1798042409,2023-11-21 15:08:03,347.5,f2fa5dbe8e76996e929aebba1ccfe170e0a231ed,1335577,mozilla-beta,LastVisualChange,True,google-search LastVisualChange opt cold fission webrender,,6,ms,firefox,False,|c|o|l|d| |f|i|s|s|i|o|n| |w|e|b|r|e|n|d|e|r|,,4168542,13,501ef63265451808903c2f1a4acc333b684a8a04,102210fe594ee9b33d82058545b1ed14f4c8206e,linux1804-64-shippable-qr,google-search,True,,,,,,,,,,,,,,,,,,,,,,,,,,,,,,,,,,,,,,,,,,,,,,,,,,TN,,,,,,,,,,
,1798069821,2023-11-21 15:10:55,355.2,e86366dbad4958dc3a70d6f76351ede9d78dbca4,1335580,mozilla-beta,LastVisualChange,True,google-search LastVisualChange opt cold fission webrender,,6,ms,firefox,False,|c|o|l|d| |f|i|s|s|i|o|n| |w|e|b|r|e|n|d|e|r|,,4168542,13,501ef63265451808903c2f1a4acc333b684a8a04,102210fe594ee9b33d82058545b1ed14f4c8206e,linux1804-64-shippable-qr,google-search,True,,,,,,,,,,,,,,,,,,,,,,,,,,,,,,,,,,,,,,,,,,,,,,,,,,TN,,,,,,,,,,
,1798617790,2023-11-22 09:19:04,334.8,850029a700cfcd62c70e1153778fcac0c0accbd5,1336139,mozilla-beta,LastVisualChange,True,google-search LastVisualChange opt cold fission webrender,,6,ms,firefox,False,|c|o|l|d| |f|i|s|s|i|o|n| |w|e|b|r|e|n|d|e|r|,,4168542,13,501ef63265451808903c2f1a4acc333b684a8a04,102210fe594ee9b33d82058545b1ed14f4c8206e,linux1804-64-shippable-qr,google-search,True,,,,,,,,,,,,,,,,,,,,,,,,,,,,,,,,,,,,,,,,,,,,,,,,,,TN,,,,,,,,,,
,1799005616,2023-11-22 19:21:33,355.2,14a07890399d7fede9ff72d30f69469e83896f21,1336564,mozilla-beta,LastVisualChange,True,google-search LastVisualChange opt cold fission webrender,,6,ms,firefox,False,|c|o|l|d| |f|i|s|s|i|o|n| |w|e|b|r|e|n|d|e|r|,,4168542,13,501ef63265451808903c2f1a4acc333b684a8a04,102210fe594ee9b33d82058545b1ed14f4c8206e,linux1804-64-shippable-qr,google-search,True,,,,,,,,,,,,,,,,,,,,,,,,,,,,,,,,,,,,,,,,,,,,,,,,,,TN,,,,,,,,,,
,1799106624,2023-11-22 20:38:02,347.1,40509a3a99ddbed1f837b0a394d68ba95dc592ae,1336613,mozilla-beta,LastVisualChange,True,google-search LastVisualChange opt cold fission webrender,,6,ms,firefox,False,|c|o|l|d| |f|i|s|s|i|o|n| |w|e|b|r|e|n|d|e|r|,,4168542,13,501ef63265451808903c2f1a4acc333b684a8a04,102210fe594ee9b33d82058545b1ed14f4c8206e,linux1804-64-shippable-qr,google-search,True,,,,,,,,,,,,,,,,,,,,,,,,,,,,,,,,,,,,,,,,,,,,,,,,,,TN,,,,,,,,,,
,1799535634,2023-11-23 09:18:18,347.8,2e013f4ee88a4fb15ea4f5f8a438541d18bf8c4f,1336824,mozilla-beta,LastVisualChange,True,google-search LastVisualChange opt cold fission webrender,,6,ms,firefox,False,|c|o|l|d| |f|i|s|s|i|o|n| |w|e|b|r|e|n|d|e|r|,,4168542,13,501ef63265451808903c2f1a4acc333b684a8a04,102210fe594ee9b33d82058545b1ed14f4c8206e,linux1804-64-shippable-qr,google-search,True,,,,,,,,,,,,,,,,,,,,,,,,,,,,,,,,,,,,,,,,,,,,,,,,,,TN,,,,,,,,,,
,1799784223,2023-11-23 15:17:32,350.2,e2d0a18759309d8d69b72e5fc1f26d7570df19e9,1337048,mozilla-beta,LastVisualChange,True,google-search LastVisualChange opt cold fission webrender,,6,ms,firefox,False,|c|o|l|d| |f|i|s|s|i|o|n| |w|e|b|r|e|n|d|e|r|,,4168542,13,501ef63265451808903c2f1a4acc333b684a8a04,102210fe594ee9b33d82058545b1ed14f4c8206e,linux1804-64-shippable-qr,google-search,True,,,,,,,,,,,,,,,,,,,,,,,,,,,,,,,,,,,,,,,,,,,,,,,,,,TN,,,,,,,,,,
,1799847096,2023-11-23 16:48:11,346.8,f5ed817bca36dcf683dcbf037a3122509c21e33c,1337100,mozilla-beta,LastVisualChange,True,google-search LastVisualChange opt cold fission webrender,,6,ms,firefox,False,|c|o|l|d| |f|i|s|s|i|o|n| |w|e|b|r|e|n|d|e|r|,,4168542,13,501ef63265451808903c2f1a4acc333b684a8a04,102210fe594ee9b33d82058545b1ed14f4c8206e,linux1804-64-shippable-qr,google-search,True,,,,,,,,,,,,,,,,,,,,,,,,,,,,,,,,,,,,,,,,,,,,,,,,,,TN,,,,,,,,,,
,1799897757,2023-11-23 18:38:27,346.0,0ebfc2cc8b6ff18c0e37d80523ea5eb997c7d5e1,1337195,mozilla-beta,LastVisualChange,True,google-search LastVisualChange opt cold fission webrender,,6,ms,firefox,False,|c|o|l|d| |f|i|s|s|i|o|n| |w|e|b|r|e|n|d|e|r|,,4168542,13,501ef63265451808903c2f1a4acc333b684a8a04,102210fe594ee9b33d82058545b1ed14f4c8206e,linux1804-64-shippable-qr,google-search,True,,,,,,,,,,,,,,,,,,,,,,,,,,,,,,,,,,,,,,,,,,,,,,,,,,TN,,,,,,,,,,
,1799918012,2023-11-23 19:14:24,354.0,f5b525d6b641f9bf120912b729d84800fed945e4,1337218,mozilla-beta,LastVisualChange,True,google-search LastVisualChange opt cold fission webrender,,6,ms,firefox,False,|c|o|l|d| |f|i|s|s|i|o|n| |w|e|b|r|e|n|d|e|r|,,4168542,13,501ef63265451808903c2f1a4acc333b684a8a04,102210fe594ee9b33d82058545b1ed14f4c8206e,linux1804-64-shippable-qr,google-search,True,,,,,,,,,,,,,,,,,,,,,,,,,,,,,,,,,,,,,,,,,,,,,,,,,,TN,,,,,,,,,,
,1799938765,2023-11-23 19:59:59,349.1,63e4626951c04bbd1987f0e48b03e96cb2af7457,1337233,mozilla-beta,LastVisualChange,True,google-search LastVisualChange opt cold fission webrender,,6,ms,firefox,False,|c|o|l|d| |f|i|s|s|i|o|n| |w|e|b|r|e|n|d|e|r|,,4168542,13,501ef63265451808903c2f1a4acc333b684a8a04,102210fe594ee9b33d82058545b1ed14f4c8206e,linux1804-64-shippable-qr,google-search,True,,,,,,,,,,,,,,,,,,,,,,,,,,,,,,,,,,,,,,,,,,,,,,,,,,TN,,,,,,,,,,
,1800297586,2023-11-24 09:15:12,350.3,97f726c68ad098e3376af09d49d8e89361b016a6,1337432,mozilla-beta,LastVisualChange,True,google-search LastVisualChange opt cold fission webrender,,6,ms,firefox,False,|c|o|l|d| |f|i|s|s|i|o|n| |w|e|b|r|e|n|d|e|r|,,4168542,13,501ef63265451808903c2f1a4acc333b684a8a04,102210fe594ee9b33d82058545b1ed14f4c8206e,linux1804-64-shippable-qr,google-search,True,,,,,,,,,,,,,,,,,,,,,,,,,,,,,,,,,,,,,,,,,,,,,,,,,,TN,,,,,,,,,,
,1800536627,2023-11-24 16:49:36,353.9,1a3e4add92e41944bafb12b17fa66335af9af3a8,1337659,mozilla-beta,LastVisualChange,True,google-search LastVisualChange opt cold fission webrender,,6,ms,firefox,False,|c|o|l|d| |f|i|s|s|i|o|n| |w|e|b|r|e|n|d|e|r|,,4168542,13,501ef63265451808903c2f1a4acc333b684a8a04,102210fe594ee9b33d82058545b1ed14f4c8206e,linux1804-64-shippable-qr,google-search,True,,,,,,,,,,,,,,,,,,,,,,,,,,,,,,,,,,,,,,,,,,,,,,,,,,TN,,,,,,,,,,
,1800598387,2023-11-24 19:26:24,346.9,6d0a62974b9b656be959cbc5c28072dba236c9a1,1337720,mozilla-beta,LastVisualChange,True,google-search LastVisualChange opt cold fission webrender,,6,ms,firefox,False,|c|o|l|d| |f|i|s|s|i|o|n| |w|e|b|r|e|n|d|e|r|,,4168542,13,501ef63265451808903c2f1a4acc333b684a8a04,102210fe594ee9b33d82058545b1ed14f4c8206e,linux1804-64-shippable-qr,google-search,True,,,,,,,,,,,,,,,,,,,,,,,,,,,,,,,,,,,,,,,,,,,,,,,,,,TN,,,,,,,,,,
,1800810639,2023-11-25 09:17:02,346.0,7bb0d2c11841a1ee47bcd3d93a7930c8e870cf38,1337839,mozilla-beta,LastVisualChange,True,google-search LastVisualChange opt cold fission webrender,,6,ms,firefox,False,|c|o|l|d| |f|i|s|s|i|o|n| |w|e|b|r|e|n|d|e|r|,,4168542,13,501ef63265451808903c2f1a4acc333b684a8a04,102210fe594ee9b33d82058545b1ed14f4c8206e,linux1804-64-shippable-qr,google-search,True,,,,,,,,,,,,,,,,,,,,,,,,,,,,,,,,,,,,,,,,,,,,,,,,,,TN,,,,,,,,,,
,1800877595,2023-11-25 14:39:21,345.6,2dab338879f00d7e06ba1d26794b0c47fe241084,1337868,mozilla-beta,LastVisualChange,True,google-search LastVisualChange opt cold fission webrender,,6,ms,firefox,False,|c|o|l|d| |f|i|s|s|i|o|n| |w|e|b|r|e|n|d|e|r|,,4168542,13,501ef63265451808903c2f1a4acc333b684a8a04,102210fe594ee9b33d82058545b1ed14f4c8206e,linux1804-64-shippable-qr,google-search,True,,,,,,,,,,,,,,,,,,,,,,,,,,,,,,,,,,,,,,,,,,,,,,,,,,TN,,,,,,,,,,
,1800973412,2023-11-26 09:14:56,333.0,27f764d7fcefdc9fd2f61cdca2aa5fc58a71f4c3,1337923,mozilla-beta,LastVisualChange,True,google-search LastVisualChange opt cold fission webrender,,6,ms,firefox,False,|c|o|l|d| |f|i|s|s|i|o|n| |w|e|b|r|e|n|d|e|r|,,4168542,13,501ef63265451808903c2f1a4acc333b684a8a04,102210fe594ee9b33d82058545b1ed14f4c8206e,linux1804-64-shippable-qr,google-search,True,,,,,,,,,,,,,,,,,,,,,,,,,,,,,,,,,,,,,,,,,,,,,,,,,,TN,,,,,,,,,,
,1801050070,2023-11-26 19:05:04,345.6,6731f3f1d5fbe50d8ef2db31b54734d886c575d9,1337952,mozilla-beta,LastVisualChange,True,google-search LastVisualChange opt cold fission webrender,,6,ms,firefox,False,|c|o|l|d| |f|i|s|s|i|o|n| |w|e|b|r|e|n|d|e|r|,,4168542,13,501ef63265451808903c2f1a4acc333b684a8a04,102210fe594ee9b33d82058545b1ed14f4c8206e,linux1804-64-shippable-qr,google-search,True,,,,,,,,,,,,,,,,,,,,,,,,,,,,,,,,,,,,,,,,,,,,,,,,,,TN,,,,,,,,,,
,1801077359,2023-11-26 19:58:34,353.8,30ce6d1c901acbf2c75595616796c67a117d0e89,1337957,mozilla-beta,LastVisualChange,True,google-search LastVisualChange opt cold fission webrender,,6,ms,firefox,False,|c|o|l|d| |f|i|s|s|i|o|n| |w|e|b|r|e|n|d|e|r|,,4168542,13,501ef63265451808903c2f1a4acc333b684a8a04,102210fe594ee9b33d82058545b1ed14f4c8206e,linux1804-64-shippable-qr,google-search,True,,,,,,,,,,,,,,,,,,,,,,,,,,,,,,,,,,,,,,,,,,,,,,,,,,TN,,,,,,,,,,
,1801276182,2023-11-27 09:17:58,353.3,6d4d6a99b1a66f36129039e40dd79f37e4f86f8f,1338056,mozilla-beta,LastVisualChange,True,google-search LastVisualChange opt cold fission webrender,,6,ms,firefox,False,|c|o|l|d| |f|i|s|s|i|o|n| |w|e|b|r|e|n|d|e|r|,,4168542,13,501ef63265451808903c2f1a4acc333b684a8a04,102210fe594ee9b33d82058545b1ed14f4c8206e,linux1804-64-shippable-qr,google-search,True,,,,,,,,,,,,,,,,,,,,,,,,,,,,,,,,,,,,,,,,,,,,,,,,,,TN,,,,,,,,,,
,1801534751,2023-11-27 17:32:57,353.4,22785f6abc940d353708807dbadc7ca1899f9be4,1338393,mozilla-beta,LastVisualChange,True,google-search LastVisualChange opt cold fission webrender,,6,ms,firefox,False,|c|o|l|d| |f|i|s|s|i|o|n| |w|e|b|r|e|n|d|e|r|,,4168542,13,501ef63265451808903c2f1a4acc333b684a8a04,102210fe594ee9b33d82058545b1ed14f4c8206e,linux1804-64-shippable-qr,google-search,True,,,,,,,,,,,,,,,,,,,,,,,,,,,,,,,,,,,,,,,,,,,,,,,,,,TN,,,,,,,,,,
,1801718349,2023-11-27 22:16:43,340.8,155655e47125a4651f979dd526be3225c2d0b362,1338584,mozilla-beta,LastVisualChange,True,google-search LastVisualChange opt cold fission webrender,,6,ms,firefox,False,|c|o|l|d| |f|i|s|s|i|o|n| |w|e|b|r|e|n|d|e|r|,,4168542,13,501ef63265451808903c2f1a4acc333b684a8a04,102210fe594ee9b33d82058545b1ed14f4c8206e,linux1804-64-shippable-qr,google-search,True,,,,,,,,,,,,,,,,,,,,,,,,,,,,,,,,,,,,,,,,,,,,,,,,,,TN,,,,,,,,,,
,1801740027,2023-11-27 22:27:53,343.0,d33d3f4a57d58a0f7e5e713c6743fea942f723c5,1338597,mozilla-beta,LastVisualChange,True,google-search LastVisualChange opt cold fission webrender,,6,ms,firefox,False,|c|o|l|d| |f|i|s|s|i|o|n| |w|e|b|r|e|n|d|e|r|,,4168542,13,501ef63265451808903c2f1a4acc333b684a8a04,102210fe594ee9b33d82058545b1ed14f4c8206e,linux1804-64-shippable-qr,google-search,True,,,,,,,,,,,,,,,,,,,,,,,,,,,,,,,,,,,,,,,,,,,,,,,,,,TN,,,,,,,,,,
,1802004020,2023-11-28 09:16:16,341.3,17705099714d6adc36e2222e53c5627edbc9d656,1338880,mozilla-beta,LastVisualChange,True,google-search LastVisualChange opt cold fission webrender,,6,ms,firefox,False,|c|o|l|d| |f|i|s|s|i|o|n| |w|e|b|r|e|n|d|e|r|,,4168542,13,501ef63265451808903c2f1a4acc333b684a8a04,102210fe594ee9b33d82058545b1ed14f4c8206e,linux1804-64-shippable-qr,google-search,True,,,,,,,,,,,,,,,,,,,,,,,,,,,,,,,,,,,,,,,,,,,,,,,,,,TN,,,,,,,,,,
,1802179657,2023-11-28 14:06:18,337.4,267e2c2143d0e7732e12ee912c982da08ed3cfb3,1339040,mozilla-beta,LastVisualChange,True,google-search LastVisualChange opt cold fission webrender,,6,ms,firefox,False,|c|o|l|d| |f|i|s|s|i|o|n| |w|e|b|r|e|n|d|e|r|,,4168542,13,501ef63265451808903c2f1a4acc333b684a8a04,102210fe594ee9b33d82058545b1ed14f4c8206e,linux1804-64-shippable-qr,google-search,True,,,,,,,,,,,,,,,,,,,,,,,,,,,,,,,,,,,,,,,,,,,,,,,,,,TN,,,,,,,,,,
,1802310242,2023-11-28 18:01:37,352.2,5ece1826f540e2d1024b784ca24bd0a9ab803d88,1339207,mozilla-beta,LastVisualChange,True,google-search LastVisualChange opt cold fission webrender,,6,ms,firefox,False,|c|o|l|d| |f|i|s|s|i|o|n| |w|e|b|r|e|n|d|e|r|,,4168542,13,501ef63265451808903c2f1a4acc333b684a8a04,102210fe594ee9b33d82058545b1ed14f4c8206e,linux1804-64-shippable-qr,google-search,True,,,,,,,,,,,,,,,,,,,,,,,,,,,,,,,,,,,,,,,,,,,,,,,,,,TN,,,,,,,,,,
,1802349682,2023-11-28 18:56:38,353.2,5b886155d8f15f2a6b77a369aa6bd34f271b5179,1339250,mozilla-beta,LastVisualChange,True,google-search LastVisualChange opt cold fission webrender,,6,ms,firefox,False,|c|o|l|d| |f|i|s|s|i|o|n| |w|e|b|r|e|n|d|e|r|,,4168542,13,501ef63265451808903c2f1a4acc333b684a8a04,102210fe594ee9b33d82058545b1ed14f4c8206e,linux1804-64-shippable-qr,google-search,True,,,,,,,,,,,,,,,,,,,,,,,,,,,,,,,,,,,,,,,,,,,,,,,,,,TN,,,,,,,,,,
,1802540515,2023-11-29 01:18:21,348.9,54bded7d814a16ec819b55ed9dabee819a5ab3d7,1339512,mozilla-beta,LastVisualChange,True,google-search LastVisualChange opt cold fission webrender,,6,ms,firefox,False,|c|o|l|d| |f|i|s|s|i|o|n| |w|e|b|r|e|n|d|e|r|,,4168542,13,501ef63265451808903c2f1a4acc333b684a8a04,102210fe594ee9b33d82058545b1ed14f4c8206e,linux1804-64-shippable-qr,google-search,True,,,,,,,,,,,,,,,,,,,,,,,,,,,,,,,,,,,,,,,,,,,,,,,,,,TN,,,,,,,,,,
,1802718613,2023-11-29 06:49:04,344.0,deb04a41bcf2831f1f022865506bed3889189890,1339621,mozilla-beta,LastVisualChange,True,google-search LastVisualChange opt cold fission webrender,,6,ms,firefox,False,|c|o|l|d| |f|i|s|s|i|o|n| |w|e|b|r|e|n|d|e|r|,,4168542,13,501ef63265451808903c2f1a4acc333b684a8a04,102210fe594ee9b33d82058545b1ed14f4c8206e,linux1804-64-shippable-qr,google-search,True,,,,,,,,,,,,,,,,,,,,,,,,,,,,,,,,,,,,,,,,,,,,,,,,,,TN,,,,,,,,,,
,1802797169,2023-11-29 09:18:15,350.1,dea294d4ae5a1a40f6bfd6e29b7d07fe56b7f472,1339673,mozilla-beta,LastVisualChange,True,google-search LastVisualChange opt cold fission webrender,,6,ms,firefox,False,|c|o|l|d| |f|i|s|s|i|o|n| |w|e|b|r|e|n|d|e|r|,,4168542,13,501ef63265451808903c2f1a4acc333b684a8a04,102210fe594ee9b33d82058545b1ed14f4c8206e,linux1804-64-shippable-qr,google-search,True,,,,,,,,,,,,,,,,,,,,,,,,,,,,,,,,,,,,,,,,,,,,,,,,,,TN,,,,,,,,,,
,1803120822,2023-11-29 18:19:02,351.3,e98d3fec31d0b40a3913c13b0ee47cefb4d1e59e,1339978,mozilla-beta,LastVisualChange,True,google-search LastVisualChange opt cold fission webrender,,6,ms,firefox,False,|c|o|l|d| |f|i|s|s|i|o|n| |w|e|b|r|e|n|d|e|r|,,4168542,13,501ef63265451808903c2f1a4acc333b684a8a04,102210fe594ee9b33d82058545b1ed14f4c8206e,linux1804-64-shippable-qr,google-search,True,,,,,,,,,,,,,,,,,,,,,,,,,,,,,,,,,,,,,,,,,,,,,,,,,,TN,,,,,,,,,,
,1803130963,2023-11-29 19:19:47,348.2,7f11f5cf2f8ef7fb54eea8d499ae7df1097763cc,1340032,mozilla-beta,LastVisualChange,True,google-search LastVisualChange opt cold fission webrender,,6,ms,firefox,False,|c|o|l|d| |f|i|s|s|i|o|n| |w|e|b|r|e|n|d|e|r|,,4168542,13,501ef63265451808903c2f1a4acc333b684a8a04,102210fe594ee9b33d82058545b1ed14f4c8206e,linux1804-64-shippable-qr,google-search,True,,,,,,,,,,,,,,,,,,,,,,,,,,,,,,,,,,,,,,,,,,,,,,,,,,TN,,,,,,,,,,
,1803248073,2023-11-29 22:50:54,355.2,ca8ce1830705b459fc5202429667589f2934b17c,1340165,mozilla-beta,LastVisualChange,True,google-search LastVisualChange opt cold fission webrender,,6,ms,firefox,False,|c|o|l|d| |f|i|s|s|i|o|n| |w|e|b|r|e|n|d|e|r|,,4168542,13,501ef63265451808903c2f1a4acc333b684a8a04,102210fe594ee9b33d82058545b1ed14f4c8206e,linux1804-64-shippable-qr,google-search,True,,,,,,,,,,,,,,,,,,,,,,,,,,,,,,,,,,,,,,,,,,,,,,,,,,TN,,,,,,,,,,
,1803540425,2023-11-30 09:17:04,343.6,5974796cd9cd088eb58006e6594138d3bc8e7d39,1340410,mozilla-beta,LastVisualChange,True,google-search LastVisualChange opt cold fission webrender,,6,ms,firefox,False,|c|o|l|d| |f|i|s|s|i|o|n| |w|e|b|r|e|n|d|e|r|,,4168542,13,501ef63265451808903c2f1a4acc333b684a8a04,102210fe594ee9b33d82058545b1ed14f4c8206e,linux1804-64-shippable-qr,google-search,True,,,,,,,,,,,,,,,,,,,,,,,,,,,,,,,,,,,,,,,,,,,,,,,,,,TN,,,,,,,,,,
,1803780469,2023-11-30 16:11:24,353.2,20d769c8e7c11b7510e1eaed3d456b930cf6ea46,1340661,mozilla-beta,LastVisualChange,True,google-search LastVisualChange opt cold fission webrender,,6,ms,firefox,False,|c|o|l|d| |f|i|s|s|i|o|n| |w|e|b|r|e|n|d|e|r|,,4168542,13,501ef63265451808903c2f1a4acc333b684a8a04,102210fe594ee9b33d82058545b1ed14f4c8206e,linux1804-64-shippable-qr,google-search,True,,,,,,,,,,,,,,,,,,,,,,,,,,,,,,,,,,,,,,,,,,,,,,,,,,TN,,,,,,,,,,
,1803798458,2023-11-30 16:34:04,351.0,c1852b5f0fd3cae3ab6e22effca4d9f2689aeeeb,1340692,mozilla-beta,LastVisualChange,True,google-search LastVisualChange opt cold fission webrender,,6,ms,firefox,False,|c|o|l|d| |f|i|s|s|i|o|n| |w|e|b|r|e|n|d|e|r|,,4168542,13,501ef63265451808903c2f1a4acc333b684a8a04,102210fe594ee9b33d82058545b1ed14f4c8206e,linux1804-64-shippable-qr,google-search,True,,,,,,,,,,,,,,,,,,,,,,,,,,,,,,,,,,,,,,,,,,,,,,,,,,TN,,,,,,,,,,
,1803812044,2023-11-30 16:43:33,285.2,bc9f83635d02d18d06ea0e35565f7bb49b2c7608,1340700,mozilla-beta,LastVisualChange,True,google-search LastVisualChange opt cold fission webrender,,6,ms,firefox,False,|c|o|l|d| |f|i|s|s|i|o|n| |w|e|b|r|e|n|d|e|r|,,4168542,13,501ef63265451808903c2f1a4acc333b684a8a04,102210fe594ee9b33d82058545b1ed14f4c8206e,linux1804-64-shippable-qr,google-search,True,,,,,,,,,,,,,,,,,,,,,,,,,,,,,,,,,,,,,,,,,,,,,,,,,,TN,,,,,,,,,,
,1803872374,2023-11-30 18:34:41,344.5,5df38003afc947e7f0932dd9984f2e4d57e9a685,1340791,mozilla-beta,LastVisualChange,True,google-search LastVisualChange opt cold fission webrender,,6,ms,firefox,False,|c|o|l|d| |f|i|s|s|i|o|n| |w|e|b|r|e|n|d|e|r|,,4168542,13,501ef63265451808903c2f1a4acc333b684a8a04,102210fe594ee9b33d82058545b1ed14f4c8206e,linux1804-64-shippable-qr,google-search,True,,,,,,,,,,,,,,,,,,,,,,,,,,,,,,,,,,,,,,,,,,,,,,,,,,TN,,,,,,,,,,
,1803946181,2023-11-30 21:01:12,350.0,8e00ed90450f29ee0286348a831fc0980397f8e7,1340913,mozilla-beta,LastVisualChange,True,google-search LastVisualChange opt cold fission webrender,,6,ms,firefox,False,|c|o|l|d| |f|i|s|s|i|o|n| |w|e|b|r|e|n|d|e|r|,,4168542,13,501ef63265451808903c2f1a4acc333b684a8a04,102210fe594ee9b33d82058545b1ed14f4c8206e,linux1804-64-shippable-qr,google-search,True,,,,,,,,,,,,,,,,,,,,,,,,,,,,,,,,,,,,,,,,,,,,,,,,,,TN,,,,,,,,,,
,1804031411,2023-12-01 00:27:30,358.1,b69108b34355f592bd1781a9a072e6816b3eb0b1,1341043,mozilla-beta,LastVisualChange,True,google-search LastVisualChange opt cold fission webrender,,6,ms,firefox,False,|c|o|l|d| |f|i|s|s|i|o|n| |w|e|b|r|e|n|d|e|r|,,4168542,13,501ef63265451808903c2f1a4acc333b684a8a04,102210fe594ee9b33d82058545b1ed14f4c8206e,linux1804-64-shippable-qr,google-search,True,,,,,,,,,,,,,,,,,,,,,,,,,,,,,,,,,,,,,,,,,,,,,,,,,,TN,,,,,,,,,,
,1804040702,2023-12-01 00:39:11,344.8,186477afbdb47280ec0ea49732727996821b2082,1341051,mozilla-beta,LastVisualChange,True,google-search LastVisualChange opt cold fission webrender,,6,ms,firefox,False,|c|o|l|d| |f|i|s|s|i|o|n| |w|e|b|r|e|n|d|e|r|,,4168542,13,501ef63265451808903c2f1a4acc333b684a8a04,102210fe594ee9b33d82058545b1ed14f4c8206e,linux1804-64-shippable-qr,google-search,True,,,,,,,,,,,,,,,,,,,,,,,,,,,,,,,,,,,,,,,,,,,,,,,,,,TN,,,,,,,,,,
,1804045295,2023-12-01 00:47:04,351.8,f0af2050e7b01c1d1b2b95693754359cc62706a8,1341055,mozilla-beta,LastVisualChange,True,google-search LastVisualChange opt cold fission webrender,,6,ms,firefox,False,|c|o|l|d| |f|i|s|s|i|o|n| |w|e|b|r|e|n|d|e|r|,,4168542,13,501ef63265451808903c2f1a4acc333b684a8a04,102210fe594ee9b33d82058545b1ed14f4c8206e,linux1804-64-shippable-qr,google-search,True,,,,,,,,,,,,,,,,,,,,,,,,,,,,,,,,,,,,,,,,,,,,,,,,,,TN,,,,,,,,,,
,1804266789,2023-12-01 09:17:38,350.2,dcc730175085df9656d49fc3ee0e7db73111c6e8,1341197,mozilla-beta,LastVisualChange,True,google-search LastVisualChange opt cold fission webrender,,6,ms,firefox,False,|c|o|l|d| |f|i|s|s|i|o|n| |w|e|b|r|e|n|d|e|r|,,4168542,13,501ef63265451808903c2f1a4acc333b684a8a04,102210fe594ee9b33d82058545b1ed14f4c8206e,linux1804-64-shippable-qr,google-search,True,,,,,,,,,,,,,,,,,,,,,,,,,,,,,,,,,,,,,,,,,,,,,,,,,,TN,,,,,,,,,,
,1804498654,2023-12-01 17:19:46,338.1,383a7dba37fdf47229b38b1bd3e13d91524826dd,1341530,mozilla-beta,LastVisualChange,True,google-search LastVisualChange opt cold fission webrender,,6,ms,firefox,False,|c|o|l|d| |f|i|s|s|i|o|n| |w|e|b|r|e|n|d|e|r|,,4168542,13,501ef63265451808903c2f1a4acc333b684a8a04,102210fe594ee9b33d82058545b1ed14f4c8206e,linux1804-64-shippable-qr,google-search,True,,,,,,,,,,,,,,,,,,,,,,,,,,,,,,,,,,,,,,,,,,,,,,,,,,TN,,,,,,,,,,
,1804538175,2023-12-01 17:50:39,354.5,838d79d0dcef3ff65de416651b2599f57334a424,1341548,mozilla-beta,LastVisualChange,True,google-search LastVisualChange opt cold fission webrender,,6,ms,firefox,False,|c|o|l|d| |f|i|s|s|i|o|n| |w|e|b|r|e|n|d|e|r|,,4168542,13,501ef63265451808903c2f1a4acc333b684a8a04,102210fe594ee9b33d82058545b1ed14f4c8206e,linux1804-64-shippable-qr,google-search,True,,,,,,,,,,,,,,,,,,,,,,,,,,,,,,,,,,,,,,,,,,,,,,,,,,TN,,,,,,,,,,
,1804639370,2023-12-01 21:01:48,339.6,a4b9591b34ba710765e9f09d3d4e58d21f188792,1341681,mozilla-beta,LastVisualChange,True,google-search LastVisualChange opt cold fission webrender,,6,ms,firefox,False,|c|o|l|d| |f|i|s|s|i|o|n| |w|e|b|r|e|n|d|e|r|,,4168542,13,501ef63265451808903c2f1a4acc333b684a8a04,102210fe594ee9b33d82058545b1ed14f4c8206e,linux1804-64-shippable-qr,google-search,True,,,,,,,,,,,,,,,,,,,,,,,,,,,,,,,,,,,,,,,,,,,,,,,,,,TN,,,,,,,,,,
,1804872081,2023-12-02 09:21:37,338.7,138cd0d7d6566dfa59c44eff260c1bd4d7d3c240,1341841,mozilla-beta,LastVisualChange,True,google-search LastVisualChange opt cold fission webrender,,6,ms,firefox,False,|c|o|l|d| |f|i|s|s|i|o|n| |w|e|b|r|e|n|d|e|r|,,4168542,13,501ef63265451808903c2f1a4acc333b684a8a04,102210fe594ee9b33d82058545b1ed14f4c8206e,linux1804-64-shippable-qr,google-search,True,,,,,,,,,,,,,,,,,,,,,,,,,,,,,,,,,,,,,,,,,,,,,,,,,,TN,,,,,,,,,,
,1804962382,2023-12-02 15:29:47,348.5,804fcc8f051c181e41f5eee888e30a5ca7752f0d,1341864,mozilla-beta,LastVisualChange,True,google-search LastVisualChange opt cold fission webrender,,6,ms,firefox,False,|c|o|l|d| |f|i|s|s|i|o|n| |w|e|b|r|e|n|d|e|r|,,4168542,13,501ef63265451808903c2f1a4acc333b684a8a04,102210fe594ee9b33d82058545b1ed14f4c8206e,linux1804-64-shippable-qr,google-search,True,,,,,,,,,,,,,,,,,,,,,,,,,,,,,,,,,,,,,,,,,,,,,,,,,,TN,,,,,,,,,,
,1804967097,2023-12-02 15:34:35,340.8,f0c0cb9e9377b5529e313d5919557d03a6feb7a5,1341866,mozilla-beta,LastVisualChange,True,google-search LastVisualChange opt cold fission webrender,,6,ms,firefox,False,|c|o|l|d| |f|i|s|s|i|o|n| |w|e|b|r|e|n|d|e|r|,,4168542,13,501ef63265451808903c2f1a4acc333b684a8a04,102210fe594ee9b33d82058545b1ed14f4c8206e,linux1804-64-shippable-qr,google-search,True,,,,,,,,,,,,,,,,,,,,,,,,,,,,,,,,,,,,,,,,,,,,,,,,,,TN,,,,,,,,,,
,1805166301,2023-12-03 09:17:20,345.2,4d5fc29c0701152d1ac86db779f2f737b8bef95c,1341957,mozilla-beta,LastVisualChange,True,google-search LastVisualChange opt cold fission webrender,,6,ms,firefox,False,|c|o|l|d| |f|i|s|s|i|o|n| |w|e|b|r|e|n|d|e|r|,,4168542,13,501ef63265451808903c2f1a4acc333b684a8a04,102210fe594ee9b33d82058545b1ed14f4c8206e,linux1804-64-shippable-qr,google-search,True,,,,,,,,,,,,,,,,,,,,,,,,,,,,,,,,,,,,,,,,,,,,,,,,,,TN,,,,,,,,,,
,1805309568,2023-12-03 18:26:48,343.6,8833c90233aa15657607f5823c7f2f0a9e9acba5,1342035,mozilla-beta,LastVisualChange,True,google-search LastVisualChange opt cold fission webrender,,6,ms,firefox,False,|c|o|l|d| |f|i|s|s|i|o|n| |w|e|b|r|e|n|d|e|r|,,4168542,13,501ef63265451808903c2f1a4acc333b684a8a04,102210fe594ee9b33d82058545b1ed14f4c8206e,linux1804-64-shippable-qr,google-search,True,,,,,,,,,,,,,,,,,,,,,,,,,,,,,,,,,,,,,,,,,,,,,,,,,,TN,,,,,,,,,,
,1805319907,2023-12-03 18:27:35,343.2,aea0bf951d563e36e9e968d12062d8a38a88d3d9,1342036,mozilla-beta,LastVisualChange,True,google-search LastVisualChange opt cold fission webrender,,6,ms,firefox,False,|c|o|l|d| |f|i|s|s|i|o|n| |w|e|b|r|e|n|d|e|r|,,4168542,13,501ef63265451808903c2f1a4acc333b684a8a04,102210fe594ee9b33d82058545b1ed14f4c8206e,linux1804-64-shippable-qr,google-search,True,,,,,,,,,,,,,,,,,,,,,,,,,,,,,,,,,,,,,,,,,,,,,,,,,,TN,,,,,,,,,,
,1805344330,2023-12-03 18:40:01,335.7,c8d8e41a083bbad80659ee42b25afe1f9a01fa80,1342038,mozilla-beta,LastVisualChange,True,google-search LastVisualChange opt cold fission webrender,,6,ms,firefox,False,|c|o|l|d| |f|i|s|s|i|o|n| |w|e|b|r|e|n|d|e|r|,,4168542,13,501ef63265451808903c2f1a4acc333b684a8a04,102210fe594ee9b33d82058545b1ed14f4c8206e,linux1804-64-shippable-qr,google-search,True,,,,,,,,,,,,,,,,,,,,,,,,,,,,,,,,,,,,,,,,,,,,,,,,,,TN,,,,,,,,,,
,1805350642,2023-12-03 18:57:23,344.0,f9258827fbd87e7abbafd5aaee4f4beb2ca122f7,1342040,mozilla-beta,LastVisualChange,True,google-search LastVisualChange opt cold fission webrender,,6,ms,firefox,False,|c|o|l|d| |f|i|s|s|i|o|n| |w|e|b|r|e|n|d|e|r|,,4168542,13,501ef63265451808903c2f1a4acc333b684a8a04,102210fe594ee9b33d82058545b1ed14f4c8206e,linux1804-64-shippable-qr,google-search,True,,,,,,,,,,,,,,,,,,,,,,,,,,,,,,,,,,,,,,,,,,,,,,,,,,TN,,,,,,,,,,
,1805612468,2023-12-04 09:21:59,348.2,c8602eedb54af9596786fffadd7e6362d241c4ee,1342185,mozilla-beta,LastVisualChange,True,google-search LastVisualChange opt cold fission webrender,,6,ms,firefox,False,|c|o|l|d| |f|i|s|s|i|o|n| |w|e|b|r|e|n|d|e|r|,,4168542,13,501ef63265451808903c2f1a4acc333b684a8a04,102210fe594ee9b33d82058545b1ed14f4c8206e,linux1804-64-shippable-qr,google-search,True,,,,,,,,,,,,,,,,,,,,,,,,,,,,,,,,,,,,,,,,,,,,,,,,,,TN,,,,,,,,,,
,1805963206,2023-12-04 20:17:46,340.8,843493d0e456170ac7bc6844fb9ef91b4d02e5e9,1342642,mozilla-beta,LastVisualChange,True,google-search LastVisualChange opt cold fission webrender,,6,ms,firefox,False,|c|o|l|d| |f|i|s|s|i|o|n| |w|e|b|r|e|n|d|e|r|,,4168542,13,501ef63265451808903c2f1a4acc333b684a8a04,102210fe594ee9b33d82058545b1ed14f4c8206e,linux1804-64-shippable-qr,google-search,True,,,,,,,,,,,,,,,,,,,,,,,,,,,,,,,,,,,,,,,,,,,,,,,,,,TN,,,,,,,,,,
,1806000978,2023-12-04 20:26:14,343.4,0fdd8c90220fed2b73becbf0d813ffa9eb3c7f23,1342655,mozilla-beta,LastVisualChange,True,google-search LastVisualChange opt cold fission webrender,,6,ms,firefox,False,|c|o|l|d| |f|i|s|s|i|o|n| |w|e|b|r|e|n|d|e|r|,,4168542,13,501ef63265451808903c2f1a4acc333b684a8a04,102210fe594ee9b33d82058545b1ed14f4c8206e,linux1804-64-shippable-qr,google-search,True,,,,,,,,,,,,,,,,,,,,,,,,,,,,,,,,,,,,,,,,,,,,,,,,,,TN,,,,,,,,,,
,1805956515,2023-12-04 20:40:00,338.1,7db3ae9df06c21bc1dc107b2d9e0b5ce5f18eb27,1342665,mozilla-beta,LastVisualChange,True,google-search LastVisualChange opt cold fission webrender,,6,ms,firefox,False,|c|o|l|d| |f|i|s|s|i|o|n| |w|e|b|r|e|n|d|e|r|,,4168542,13,501ef63265451808903c2f1a4acc333b684a8a04,102210fe594ee9b33d82058545b1ed14f4c8206e,linux1804-64-shippable-qr,google-search,True,,,,,,,,,,,,,,,,,,,,,,,,,,,,,,,,,,,,,,,,,,,,,,,,,,TN,,,,,,,,,,
,1806064993,2023-12-04 20:44:16,344.0,79cedc5de788e8665170f4145cd8e2ac74552c2d,1342666,mozilla-beta,LastVisualChange,True,google-search LastVisualChange opt cold fission webrender,,6,ms,firefox,False,|c|o|l|d| |f|i|s|s|i|o|n| |w|e|b|r|e|n|d|e|r|,,4168542,13,501ef63265451808903c2f1a4acc333b684a8a04,102210fe594ee9b33d82058545b1ed14f4c8206e,linux1804-64-shippable-qr,google-search,True,,,,,,,,,,,,,,,,,,,,,,,,,,,,,,,,,,,,,,,,,,,,,,,,,,TN,,,,,,,,,,
,1806087536,2023-12-04 22:24:42,352.1,32290dab6b678439d5a9346514c6c0efd6b866cb,1342759,mozilla-beta,LastVisualChange,True,google-search LastVisualChange opt cold fission webrender,,6,ms,firefox,False,|c|o|l|d| |f|i|s|s|i|o|n| |w|e|b|r|e|n|d|e|r|,,4168542,13,501ef63265451808903c2f1a4acc333b684a8a04,102210fe594ee9b33d82058545b1ed14f4c8206e,linux1804-64-shippable-qr,google-search,True,,,,,,,,,,,,,,,,,,,,,,,,,,,,,,,,,,,,,,,,,,,,,,,,,,TN,,,,,,,,,,
,1806334658,2023-12-05 09:19:15,343.6,7ffa218447b7cea3e8dc9de65ef8ac8fdb9760ec,1342979,mozilla-beta,LastVisualChange,True,google-search LastVisualChange opt cold fission webrender,,6,ms,firefox,False,|c|o|l|d| |f|i|s|s|i|o|n| |w|e|b|r|e|n|d|e|r|,,4168542,13,501ef63265451808903c2f1a4acc333b684a8a04,102210fe594ee9b33d82058545b1ed14f4c8206e,linux1804-64-shippable-qr,google-search,True,,,,,,,,,,,,,,,,,,,,,,,,,,,,,,,,,,,,,,,,,,,,,,,,,,TN,,,,,,,,,,
,1806529586,2023-12-05 17:04:28,344.8,8efc47a15d03b85e09c24116074a3bfa31478ee7,1343225,mozilla-beta,LastVisualChange,True,google-search LastVisualChange opt cold fission webrender,,6,ms,firefox,False,|c|o|l|d| |f|i|s|s|i|o|n| |w|e|b|r|e|n|d|e|r|,,4168542,13,501ef63265451808903c2f1a4acc333b684a8a04,102210fe594ee9b33d82058545b1ed14f4c8206e,linux1804-64-shippable-qr,google-search,True,,,,,,,,,,,,,,,,,,,,,,,,,,,,,,,,,,,,,,,,,,,,,,,,,,TN,,,,,,,,,,
,1806555856,2023-12-05 17:06:05,348.3,65a56f16214376ccf707703cb731546d83e80909,1343227,mozilla-beta,LastVisualChange,True,google-search LastVisualChange opt cold fission webrender,,6,ms,firefox,False,|c|o|l|d| |f|i|s|s|i|o|n| |w|e|b|r|e|n|d|e|r|,,4168542,13,501ef63265451808903c2f1a4acc333b684a8a04,102210fe594ee9b33d82058545b1ed14f4c8206e,linux1804-64-shippable-qr,google-search,True,,,,,,,,,,,,,,,,,,,,,,,,,,,,,,,,,,,,,,,,,,,,,,,,,,TN,,,,,,,,,,
,1806599049,2023-12-05 17:26:05,340.6,8202a7fccea2848a528130713fb7554afe47451c,1343245,mozilla-beta,LastVisualChange,True,google-search LastVisualChange opt cold fission webrender,,6,ms,firefox,False,|c|o|l|d| |f|i|s|s|i|o|n| |w|e|b|r|e|n|d|e|r|,,4168542,13,501ef63265451808903c2f1a4acc333b684a8a04,102210fe594ee9b33d82058545b1ed14f4c8206e,linux1804-64-shippable-qr,google-search,True,,,,,,,,,,,,,,,,,,,,,,,,,,,,,,,,,,,,,,,,,,,,,,,,,,TN,,,,,,,,,,
,1806634072,2023-12-05 18:50:17,340.2,ca3cddabbfe345abca9f97a2b17965a32ff7ae0c,1343323,mozilla-beta,LastVisualChange,True,google-search LastVisualChange opt cold fission webrender,,6,ms,firefox,False,|c|o|l|d| |f|i|s|s|i|o|n| |w|e|b|r|e|n|d|e|r|,,4168542,13,501ef63265451808903c2f1a4acc333b684a8a04,102210fe594ee9b33d82058545b1ed14f4c8206e,linux1804-64-shippable-qr,google-search,True,,,,,,,,,,,,,,,,,,,,,,,,,,,,,,,,,,,,,,,,,,,,,,,,,,TN,,,,,,,,,,
,1806727971,2023-12-05 21:13:36,338.4,3388eeb5680071dadb101541f663a6400ef7226c,1343425,mozilla-beta,LastVisualChange,True,google-search LastVisualChange opt cold fission webrender,,6,ms,firefox,False,|c|o|l|d| |f|i|s|s|i|o|n| |w|e|b|r|e|n|d|e|r|,,4168542,13,501ef63265451808903c2f1a4acc333b684a8a04,102210fe594ee9b33d82058545b1ed14f4c8206e,linux1804-64-shippable-qr,google-search,True,,,,,,,,,,,,,,,,,,,,,,,,,,,,,,,,,,,,,,,,,,,,,,,,,,TN,,,,,,,,,,
,1806845022,2023-12-05 22:10:23,345.3,522d7c9bba9aa012d7f9a119fdb716b9aed38d13,1343461,mozilla-beta,LastVisualChange,True,google-search LastVisualChange opt cold fission webrender,,6,ms,firefox,False,|c|o|l|d| |f|i|s|s|i|o|n| |w|e|b|r|e|n|d|e|r|,,4168542,13,501ef63265451808903c2f1a4acc333b684a8a04,102210fe594ee9b33d82058545b1ed14f4c8206e,linux1804-64-shippable-qr,google-search,True,,,,,,,,,,,,,,,,,,,,,,,,,,,,,,,,,,,,,,,,,,,,,,,,,,TN,,,,,,,,,,
,1807016277,2023-12-06 09:17:31,345.2,3343ddaf516b0a250a42f9247d2ffc693d2dddd3,1343658,mozilla-beta,LastVisualChange,True,google-search LastVisualChange opt cold fission webrender,,6,ms,firefox,False,|c|o|l|d| |f|i|s|s|i|o|n| |w|e|b|r|e|n|d|e|r|,,4168542,13,501ef63265451808903c2f1a4acc333b684a8a04,102210fe594ee9b33d82058545b1ed14f4c8206e,linux1804-64-shippable-qr,google-search,True,,,,,,,,,,,,,,,,,,,,,,,,,,,,,,,,,,,,,,,,,,,,,,,,,,TN,,,,,,,,,,
,1807260912,2023-12-06 18:02:06,347.1,c50cc8f9601c19cdd6660c7129586943e15efd3f,1343974,mozilla-beta,LastVisualChange,True,google-search LastVisualChange opt cold fission webrender,,6,ms,firefox,False,|c|o|l|d| |f|i|s|s|i|o|n| |w|e|b|r|e|n|d|e|r|,,4168542,13,501ef63265451808903c2f1a4acc333b684a8a04,102210fe594ee9b33d82058545b1ed14f4c8206e,linux1804-64-shippable-qr,google-search,True,,,,,,,,,,,,,,,,,,,,,,,,,,,,,,,,,,,,,,,,,,,,,,,,,,TN,,,,,,,,,,
,1807285631,2023-12-06 18:11:10,340.6,8071f36fd32538652a1d6970fd9c73eda69f9de9,1343984,mozilla-beta,LastVisualChange,True,google-search LastVisualChange opt cold fission webrender,,6,ms,firefox,False,|c|o|l|d| |f|i|s|s|i|o|n| |w|e|b|r|e|n|d|e|r|,,4168542,13,501ef63265451808903c2f1a4acc333b684a8a04,102210fe594ee9b33d82058545b1ed14f4c8206e,linux1804-64-shippable-qr,google-search,True,,,,,,,,,,,,,,,,,,,,,,,,,,,,,,,,,,,,,,,,,,,,,,,,,,TN,,,,,,,,,,
,1807416727,2023-12-06 22:31:31,338.9,d71b34b14199c3c83d7b9ccde852c75f230fd5fa,1344171,mozilla-beta,LastVisualChange,True,google-search LastVisualChange opt cold fission webrender,,6,ms,firefox,False,|c|o|l|d| |f|i|s|s|i|o|n| |w|e|b|r|e|n|d|e|r|,,4168542,13,501ef63265451808903c2f1a4acc333b684a8a04,102210fe594ee9b33d82058545b1ed14f4c8206e,linux1804-64-shippable-qr,google-search,True,,,,,,,,,,,,,,,,,,,,,,,,,,,,,,,,,,,,,,,,,,,,,,,,,,TN,,,,,,,,,,
,1807476760,2023-12-07 01:23:09,346.8,4b4492de7d4c01197e22f5398ea02198276131c4,1344248,mozilla-beta,LastVisualChange,True,google-search LastVisualChange opt cold fission webrender,,6,ms,firefox,False,|c|o|l|d| |f|i|s|s|i|o|n| |w|e|b|r|e|n|d|e|r|,,4168542,13,501ef63265451808903c2f1a4acc333b684a8a04,102210fe594ee9b33d82058545b1ed14f4c8206e,linux1804-64-shippable-qr,google-search,True,,,,,,,,,,,,,,,,,,,,,,,,,,,,,,,,,,,,,,,,,,,,,,,,,,TN,,,,,,,,,,
,1807644637,2023-12-07 09:16:02,336.8,9a9c77f076c860d86d4d9a9a9a8e225a62120892,1344351,mozilla-beta,LastVisualChange,True,google-search LastVisualChange opt cold fission webrender,,6,ms,firefox,False,|c|o|l|d| |f|i|s|s|i|o|n| |w|e|b|r|e|n|d|e|r|,,4168542,13,501ef63265451808903c2f1a4acc333b684a8a04,102210fe594ee9b33d82058545b1ed14f4c8206e,linux1804-64-shippable-qr,google-search,True,,,,,,,,,,,,,,,,,,,,,,,,,,,,,,,,,,,,,,,,,,,,,,,,,,TN,,,,,,,,,,
,1807825787,2023-12-07 16:19:45,349.6,493e6a075f075a9715627441c1b47aab7d11dce0,1344598,mozilla-beta,LastVisualChange,True,google-search LastVisualChange opt cold fission webrender,,6,ms,firefox,False,|c|o|l|d| |f|i|s|s|i|o|n| |w|e|b|r|e|n|d|e|r|,,4168542,13,501ef63265451808903c2f1a4acc333b684a8a04,102210fe594ee9b33d82058545b1ed14f4c8206e,linux1804-64-shippable-qr,google-search,True,,,,,,,,,,,,,,,,,,,,,,,,,,,,,,,,,,,,,,,,,,,,,,,,,,TN,,,,,,,,,,
,1807914007,2023-12-07 17:47:37,335.6,fb0fcda9a042c99c06319d8fe93d73d721eda5f5,1344666,mozilla-beta,LastVisualChange,True,google-search LastVisualChange opt cold fission webrender,,6,ms,firefox,False,|c|o|l|d| |f|i|s|s|i|o|n| |w|e|b|r|e|n|d|e|r|,,4168542,13,501ef63265451808903c2f1a4acc333b684a8a04,102210fe594ee9b33d82058545b1ed14f4c8206e,linux1804-64-shippable-qr,google-search,True,,,,,,,,,,,,,,,,,,,,,,,,,,,,,,,,,,,,,,,,,,,,,,,,,,TN,,,,,,,,,,
,1807925562,2023-12-07 17:53:52,345.3,51a56df86ac2d6bb944e334c6343b2345073e15e,1344668,mozilla-beta,LastVisualChange,True,google-search LastVisualChange opt cold fission webrender,,6,ms,firefox,False,|c|o|l|d| |f|i|s|s|i|o|n| |w|e|b|r|e|n|d|e|r|,,4168542,13,501ef63265451808903c2f1a4acc333b684a8a04,102210fe594ee9b33d82058545b1ed14f4c8206e,linux1804-64-shippable-qr,google-search,True,,,,,,,,,,,,,,,,,,,,,,,,,,,,,,,,,,,,,,,,,,,,,,,,,,TN,,,,,,,,,,
,1808018806,2023-12-07 19:14:40,344.7,889c2b945041a3cdfba4f89a49812c637bb8cbe9,1344721,mozilla-beta,LastVisualChange,True,google-search LastVisualChange opt cold fission webrender,,6,ms,firefox,False,|c|o|l|d| |f|i|s|s|i|o|n| |w|e|b|r|e|n|d|e|r|,,4168542,13,501ef63265451808903c2f1a4acc333b684a8a04,102210fe594ee9b33d82058545b1ed14f4c8206e,linux1804-64-shippable-qr,google-search,True,,,,,,,,,,,,,,,,,,,,,,,,,,,,,,,,,,,,,,,,,,,,,,,,,,TN,,,,,,,,,,
,1808159661,2023-12-08 00:59:51,342.6,c6f495f8acbd581a02831e19545cf10e64f9b203,1344893,mozilla-beta,LastVisualChange,True,google-search LastVisualChange opt cold fission webrender,,6,ms,firefox,False,|c|o|l|d| |f|i|s|s|i|o|n| |w|e|b|r|e|n|d|e|r|,,4168542,13,501ef63265451808903c2f1a4acc333b684a8a04,102210fe594ee9b33d82058545b1ed14f4c8206e,linux1804-64-shippable-qr,google-search,True,,,,,,,,,,,,,,,,,,,,,,,,,,,,,,,,,,,,,,,,,,,,,,,,,,TN,,,,,,,,,,
,1808259606,2023-12-08 02:53:28,347.5,fdb26a484d45cd102b37dbfcdbb7ebac7e84e9bb,1344920,mozilla-beta,LastVisualChange,True,google-search LastVisualChange opt cold fission webrender,,6,ms,firefox,False,|c|o|l|d| |f|i|s|s|i|o|n| |w|e|b|r|e|n|d|e|r|,,4168542,13,501ef63265451808903c2f1a4acc333b684a8a04,102210fe594ee9b33d82058545b1ed14f4c8206e,linux1804-64-shippable-qr,google-search,True,,,,,,,,,,,,,,,,,,,,,,,,,,,,,,,,,,,,,,,,,,,,,,,,,,TN,,,,,,,,,,
,1808286653,2023-12-08 02:54:11,353.1,f86cb690ce3d2d4b7cdda07cc40be83b3ca1cb21,1344921,mozilla-beta,LastVisualChange,True,google-search LastVisualChange opt cold fission webrender,,6,ms,firefox,False,|c|o|l|d| |f|i|s|s|i|o|n| |w|e|b|r|e|n|d|e|r|,,4168542,13,501ef63265451808903c2f1a4acc333b684a8a04,102210fe594ee9b33d82058545b1ed14f4c8206e,linux1804-64-shippable-qr,google-search,True,,,,,,,,,,,,,,,,,,,,,,,,,,,,,,,,,,,,,,,,,,,,,,,,,,TN,,,,,,,,,,
,1808306870,2023-12-08 03:24:16,348.6,53dff28f7a8dacddf8920b47dc2e164827ee389f,1344933,mozilla-beta,LastVisualChange,True,google-search LastVisualChange opt cold fission webrender,,6,ms,firefox,False,|c|o|l|d| |f|i|s|s|i|o|n| |w|e|b|r|e|n|d|e|r|,,4168542,13,501ef63265451808903c2f1a4acc333b684a8a04,102210fe594ee9b33d82058545b1ed14f4c8206e,linux1804-64-shippable-qr,google-search,True,,,,,,,,,,,,,,,,,,,,,,,,,,,,,,,,,,,,,,,,,,,,,,,,,,TN,,,,,,,,,,
,1808375091,2023-12-08 05:24:13,331.2,8fb6d84ab2c8e1fc73fb741955546550fed32953,1344960,mozilla-beta,LastVisualChange,True,google-search LastVisualChange opt cold fission webrender,,6,ms,firefox,False,|c|o|l|d| |f|i|s|s|i|o|n| |w|e|b|r|e|n|d|e|r|,,4168542,13,501ef63265451808903c2f1a4acc333b684a8a04,102210fe594ee9b33d82058545b1ed14f4c8206e,linux1804-64-shippable-qr,google-search,True,,,,,,,,,,,,,,,,,,,,,,,,,,,,,,,,,,,,,,,,,,,,,,,,,,TN,,,,,,,,,,
,1808534951,2023-12-08 09:18:59,341.3,33d20ee6d74a51f9a1eca8570f5f2d94af9609a0,1345062,mozilla-beta,LastVisualChange,True,google-search LastVisualChange opt cold fission webrender,,6,ms,firefox,False,|c|o|l|d| |f|i|s|s|i|o|n| |w|e|b|r|e|n|d|e|r|,,4168542,13,501ef63265451808903c2f1a4acc333b684a8a04,102210fe594ee9b33d82058545b1ed14f4c8206e,linux1804-64-shippable-qr,google-search,True,,,,,,,,,,,,,,,,,,,,,,,,,,,,,,,,,,,,,,,,,,,,,,,,,,TN,,,,,,,,,,
,1808911022,2023-12-08 21:11:28,350.1,44539b631fb141b44e44e05dfabd57eb0e0409e7,1345379,mozilla-beta,LastVisualChange,True,google-search LastVisualChange opt cold fission webrender,,6,ms,firefox,False,|c|o|l|d| |f|i|s|s|i|o|n| |w|e|b|r|e|n|d|e|r|,,4168542,13,501ef63265451808903c2f1a4acc333b684a8a04,102210fe594ee9b33d82058545b1ed14f4c8206e,linux1804-64-shippable-qr,google-search,True,,,,,,,,,,,,,,,,,,,,,,,,,,,,,,,,,,,,,,,,,,,,,,,,,,TN,,,,,,,,,,
,1809135204,2023-12-09 09:16:34,338.6,0d0badd455a091e8a612c6d928c5bd21d9f1eb37,1345556,mozilla-beta,LastVisualChange,True,google-search LastVisualChange opt cold fission webrender,,6,ms,firefox,False,|c|o|l|d| |f|i|s|s|i|o|n| |w|e|b|r|e|n|d|e|r|,,4168542,13,501ef63265451808903c2f1a4acc333b684a8a04,102210fe594ee9b33d82058545b1ed14f4c8206e,linux1804-64-shippable-qr,google-search,True,,,,,,,,,,,,,,,,,,,,,,,,,,,,,,,,,,,,,,,,,,,,,,,,,,TN,,,,,,,,,,
,1809317267,2023-12-09 20:09:11,335.9,6a9e312a931647090c6a0b9ec475aff210820f37,1345633,mozilla-beta,LastVisualChange,True,google-search LastVisualChange opt cold fission webrender,,6,ms,firefox,False,|c|o|l|d| |f|i|s|s|i|o|n| |w|e|b|r|e|n|d|e|r|,,4168542,13,501ef63265451808903c2f1a4acc333b684a8a04,102210fe594ee9b33d82058545b1ed14f4c8206e,linux1804-64-shippable-qr,google-search,True,,,,,,,,,,,,,,,,,,,,,,,,,,,,,,,,,,,,,,,,,,,,,,,,,,TN,,,,,,,,,,
,1809404205,2023-12-10 09:18:35,350.2,3ddf53b5057afd7be06db2f104f6fafe714a95be,1345666,mozilla-beta,LastVisualChange,True,google-search LastVisualChange opt cold fission webrender,,6,ms,firefox,False,|c|o|l|d| |f|i|s|s|i|o|n| |w|e|b|r|e|n|d|e|r|,,4168542,13,501ef63265451808903c2f1a4acc333b684a8a04,102210fe594ee9b33d82058545b1ed14f4c8206e,linux1804-64-shippable-qr,google-search,True,,,,,,,,,,,,,,,,,,,,,,,,,,,,,,,,,,,,,,,,,,,,,,,,,,TN,,,,,,,,,,
,1809605958,2023-12-11 09:17:58,340.1,bd5ca949886cdde37c181fccd3ec8070be726249,1345869,mozilla-beta,LastVisualChange,True,google-search LastVisualChange opt cold fission webrender,,6,ms,firefox,False,|c|o|l|d| |f|i|s|s|i|o|n| |w|e|b|r|e|n|d|e|r|,,4168542,13,501ef63265451808903c2f1a4acc333b684a8a04,102210fe594ee9b33d82058545b1ed14f4c8206e,linux1804-64-shippable-qr,google-search,True,,,,,,,,,,,,,,,,,,,,,,,,,,,,,,,,,,,,,,,,,,,,,,,,,,TN,,,,,,,,,,
,1809732340,2023-12-11 13:31:00,345.4,ab6d9d1dae754aeedf99fe61fe143ffc088b5801,1346038,mozilla-beta,LastVisualChange,True,google-search LastVisualChange opt cold fission webrender,,6,ms,firefox,False,|c|o|l|d| |f|i|s|s|i|o|n| |w|e|b|r|e|n|d|e|r|,,4168542,13,501ef63265451808903c2f1a4acc333b684a8a04,102210fe594ee9b33d82058545b1ed14f4c8206e,linux1804-64-shippable-qr,google-search,True,,,,,,,,,,,,,,,,,,,,,,,,,,,,,,,,,,,,,,,,,,,,,,,,,,TN,,,,,,,,,,
,1813802863,2023-12-18 15:32:01,357.7,1f258ddd281c5658ba33f08cd8d4d738a82ba133,1350241,mozilla-beta,LastVisualChange,True,google-search LastVisualChange opt cold fission webrender,,6,ms,firefox,False,|c|o|l|d| |f|i|s|s|i|o|n| |w|e|b|r|e|n|d|e|r|,,4168542,13,501ef63265451808903c2f1a4acc333b684a8a04,102210fe594ee9b33d82058545b1ed14f4c8206e,linux1804-64-shippable-qr,google-search,True,,,,,,,,,,,,,,,,,,,,,,,,,,,,,,,,,,,,,,,,,,,,,,,,,,TN,,,,,,,,,,
,1814239306,2023-12-19 09:15:36,385.5,0152bfc35103b64cec60d0bd86912c290c913997,1350796,mozilla-beta,LastVisualChange,True,google-search LastVisualChange opt cold fission webrender,,6,ms,firefox,False,|c|o|l|d| |f|i|s|s|i|o|n| |w|e|b|r|e|n|d|e|r|,,4168542,13,501ef63265451808903c2f1a4acc333b684a8a04,102210fe594ee9b33d82058545b1ed14f4c8206e,linux1804-64-shippable-qr,google-search,True,,,,,,,,,,,,,,,,,,,,,,,,,,,,,,,,,,,,,,,,,,,,,,,,,,TN,,,,,,,,,,
,1814438880,2023-12-19 14:05:23,380.5,f3221cd6b4cb549c114cd0f89b5b931761fd2d2f,1350931,mozilla-beta,LastVisualChange,True,google-search LastVisualChange opt cold fission webrender,,6,ms,firefox,False,|c|o|l|d| |f|i|s|s|i|o|n| |w|e|b|r|e|n|d|e|r|,,4168542,13,501ef63265451808903c2f1a4acc333b684a8a04,102210fe594ee9b33d82058545b1ed14f4c8206e,linux1804-64-shippable-qr,google-search,True,,,,,,,,,,,,,,,,,,,,,,,,,,,,,,,,,,,,,,,,,,,,,,,,,,TN,,,,,,,,,,
,1814581782,2023-12-19 17:44:05,353.5,48d2052b377a35b0f40e52b8efad5e0ea10e0ebe,1351107,mozilla-beta,LastVisualChange,True,google-search LastVisualChange opt cold fission webrender,,6,ms,firefox,False,|c|o|l|d| |f|i|s|s|i|o|n| |w|e|b|r|e|n|d|e|r|,,4168542,13,501ef63265451808903c2f1a4acc333b684a8a04,102210fe594ee9b33d82058545b1ed14f4c8206e,linux1804-64-shippable-qr,google-search,True,,,,,,,,,,,,,,,,,,,,,,,,,,,,,,,,,,,,,,,,,,,,,,,,,,TN,,,,,,,,,,
,1814647582,2023-12-19 20:10:25,383.4,2804a1edd2e2b165a9d83b4c7956d9257fcd9173,1351235,mozilla-beta,LastVisualChange,True,google-search LastVisualChange opt cold fission webrender,,6,ms,firefox,False,|c|o|l|d| |f|i|s|s|i|o|n| |w|e|b|r|e|n|d|e|r|,,4168542,13,501ef63265451808903c2f1a4acc333b684a8a04,102210fe594ee9b33d82058545b1ed14f4c8206e,linux1804-64-shippable-qr,google-search,True,,,,,,,,,,,,,,,,,,,,,,,,,,,,,,,,,,,,,,,,,,,,,,,,,,TN,,,,,,,,,,
,1814707857,2023-12-19 22:08:30,348.5,b7ece1e33b35ebd16a925d6ecc739c3ad77dd1f4,1351304,mozilla-beta,LastVisualChange,True,google-search LastVisualChange opt cold fission webrender,,6,ms,firefox,False,|c|o|l|d| |f|i|s|s|i|o|n| |w|e|b|r|e|n|d|e|r|,,4168542,13,501ef63265451808903c2f1a4acc333b684a8a04,102210fe594ee9b33d82058545b1ed14f4c8206e,linux1804-64-shippable-qr,google-search,True,,,,,,,,,,,,,,,,,,,,,,,,,,,,,,,,,,,,,,,,,,,,,,,,,,TN,,,,,,,,,,
,1814749736,2023-12-19 23:29:52,344.7,38d6648efdab35f24c45e4cace5abbbced639cac,1351361,mozilla-beta,LastVisualChange,True,google-search LastVisualChange opt cold fission webrender,,6,ms,firefox,False,|c|o|l|d| |f|i|s|s|i|o|n| |w|e|b|r|e|n|d|e|r|,,4168542,13,501ef63265451808903c2f1a4acc333b684a8a04,102210fe594ee9b33d82058545b1ed14f4c8206e,linux1804-64-shippable-qr,google-search,True,,,,,,,,,,,,,,,,,,,,,,,,,,,,,,,,,,,,,,,,,,,,,,,,,,TN,,,,,,,,,,
,1814814250,2023-12-20 00:43:23,361.9,801d50e1262aeaa95f7cefd05aa6f1b1f38a2839,1351404,mozilla-beta,LastVisualChange,True,google-search LastVisualChange opt cold fission webrender,,6,ms,firefox,False,|c|o|l|d| |f|i|s|s|i|o|n| |w|e|b|r|e|n|d|e|r|,,4168542,13,501ef63265451808903c2f1a4acc333b684a8a04,102210fe594ee9b33d82058545b1ed14f4c8206e,linux1804-64-shippable-qr,google-search,True,,,,,,,,,,,,,,,,,,,,,,,,,,,,,,,,,,,,,,,,,,,,,,,,,,TN,,,,,,,,,,
,1815050751,2023-12-20 09:15:47,341.7,b59f4253f067b27b8146f50070dab45b1ae1143d,1351516,mozilla-beta,LastVisualChange,True,google-search LastVisualChange opt cold fission webrender,,6,ms,firefox,False,|c|o|l|d| |f|i|s|s|i|o|n| |w|e|b|r|e|n|d|e|r|,,4168542,13,501ef63265451808903c2f1a4acc333b684a8a04,102210fe594ee9b33d82058545b1ed14f4c8206e,linux1804-64-shippable-qr,google-search,True,,,,,,,,,,,,,,,,,,,,,,,,,,,,,,,,,,,,,,,,,,,,,,,,,,TN,,,,,,,,,,
,1815347201,2023-12-20 18:29:59,333.3,d232be861a328e78800a0cf688cb1e0fc4b6d7b1,1351847,mozilla-beta,LastVisualChange,True,google-search LastVisualChange opt cold fission webrender,,6,ms,firefox,False,|c|o|l|d| |f|i|s|s|i|o|n| |w|e|b|r|e|n|d|e|r|,,4168542,13,501ef63265451808903c2f1a4acc333b684a8a04,102210fe594ee9b33d82058545b1ed14f4c8206e,linux1804-64-shippable-qr,google-search,True,,,,,,,,,,,,,,,,,,,,,,,,,,,,,,,,,,,,,,,,,,,,,,,,,,TN,,,,,,,,,,
,1815700938,2023-12-21 09:13:55,346.5,e22171c631916516af9850a4517e112b47e1ee4d,1352196,mozilla-beta,LastVisualChange,True,google-search LastVisualChange opt cold fission webrender,,6,ms,firefox,False,|c|o|l|d| |f|i|s|s|i|o|n| |w|e|b|r|e|n|d|e|r|,,4168542,13,501ef63265451808903c2f1a4acc333b684a8a04,102210fe594ee9b33d82058545b1ed14f4c8206e,linux1804-64-shippable-qr,google-search,True,,,,,,,,,,,,,,,,,,,,,,,,,,,,,,,,,,,,,,,,,,,,,,,,,,TN,,,,,,,,,,
,1815894265,2023-12-21 14:05:30,337.3,166a76402d36808fc0d3213ae9b04c79a022ecb2,1352334,mozilla-beta,LastVisualChange,True,google-search LastVisualChange opt cold fission webrender,,6,ms,firefox,False,|c|o|l|d| |f|i|s|s|i|o|n| |w|e|b|r|e|n|d|e|r|,,4168542,13,501ef63265451808903c2f1a4acc333b684a8a04,102210fe594ee9b33d82058545b1ed14f4c8206e,linux1804-64-shippable-qr,google-search,True,,,,,,,,,,,,,,,,,,,,,,,,,,,,,,,,,,,,,,,,,,,,,,,,,,TN,,,,,,,,,,
,1815929072,2023-12-21 15:57:13,376.1,92e67500ede8a4679cee7310bd6f47e6a8864f7f,1352385,mozilla-beta,LastVisualChange,True,google-search LastVisualChange opt cold fission webrender,,6,ms,firefox,False,|c|o|l|d| |f|i|s|s|i|o|n| |w|e|b|r|e|n|d|e|r|,,4168542,13,501ef63265451808903c2f1a4acc333b684a8a04,102210fe594ee9b33d82058545b1ed14f4c8206e,linux1804-64-shippable-qr,google-search,True,,,,,,,,,,,,,,,,,,,,,,,,,,,,,,,,,,,,,,,,,,,,,,,,,,TN,,,,,,,,,,
,1816180167,2023-12-22 02:23:11,340.2,ffa502100fe68672283e4e1fd4b78e07d4a004c4,1352722,mozilla-beta,LastVisualChange,True,google-search LastVisualChange opt cold fission webrender,,6,ms,firefox,False,|c|o|l|d| |f|i|s|s|i|o|n| |w|e|b|r|e|n|d|e|r|,,4168542,13,501ef63265451808903c2f1a4acc333b684a8a04,102210fe594ee9b33d82058545b1ed14f4c8206e,linux1804-64-shippable-qr,google-search,True,,,,,,,,,,,,,,,,,,,,,,,,,,,,,,,,,,,,,,,,,,,,,,,,,,TN,,,,,,,,,,
,1816258790,2023-12-22 09:19:04,340.9,1c60f9444193c2214d05b990ca8de5f21602c02d,1352815,mozilla-beta,LastVisualChange,True,google-search LastVisualChange opt cold fission webrender,,6,ms,firefox,False,|c|o|l|d| |f|i|s|s|i|o|n| |w|e|b|r|e|n|d|e|r|,,4168542,13,501ef63265451808903c2f1a4acc333b684a8a04,102210fe594ee9b33d82058545b1ed14f4c8206e,linux1804-64-shippable-qr,google-search,True,,,,,,,,,,,,,,,,,,,,,,,,,,,,,,,,,,,,,,,,,,,,,,,,,,TN,,,,,,,,,,
,1816684151,2023-12-23 09:18:03,361.7,ebe8cd77bd6265537942ecc0fd5929b39a183349,1353219,mozilla-beta,LastVisualChange,True,google-search LastVisualChange opt cold fission webrender,,6,ms,firefox,False,|c|o|l|d| |f|i|s|s|i|o|n| |w|e|b|r|e|n|d|e|r|,,4168542,13,501ef63265451808903c2f1a4acc333b684a8a04,102210fe594ee9b33d82058545b1ed14f4c8206e,linux1804-64-shippable-qr,google-search,True,,,,,,,,,,,,,,,,,,,,,,,,,,,,,,,,,,,,,,,,,,,,,,,,,,TN,,,,,,,,,,
,1816740736,2023-12-23 13:08:04,349.7,bf3d8bf27ed2607d79aeb394073c1f5f724d486f,1353232,mozilla-beta,LastVisualChange,True,google-search LastVisualChange opt cold fission webrender,,6,ms,firefox,False,|c|o|l|d| |f|i|s|s|i|o|n| |w|e|b|r|e|n|d|e|r|,,4168542,13,501ef63265451808903c2f1a4acc333b684a8a04,102210fe594ee9b33d82058545b1ed14f4c8206e,linux1804-64-shippable-qr,google-search,True,,,,,,,,,,,,,,,,,,,,,,,,,,,,,,,,,,,,,,,,,,,,,,,,,,TN,,,,,,,,,,
,1816881998,2023-12-24 09:20:14,372.9,3950331ebe49694e7238b420c47f6a01427be159,1353292,mozilla-beta,LastVisualChange,True,google-search LastVisualChange opt cold fission webrender,,6,ms,firefox,False,|c|o|l|d| |f|i|s|s|i|o|n| |w|e|b|r|e|n|d|e|r|,,4168542,13,501ef63265451808903c2f1a4acc333b684a8a04,102210fe594ee9b33d82058545b1ed14f4c8206e,linux1804-64-shippable-qr,google-search,True,,,,,,,,,,,,,,,,,,,,,,,,,,,,,,,,,,,,,,,,,,,,,,,,,,TN,,,,,,,,,,
,1816937144,2023-12-24 14:21:21,369.9,32cf5092b68da66884e036eed5ee6916662a069d,1353309,mozilla-beta,LastVisualChange,True,google-search LastVisualChange opt cold fission webrender,,6,ms,firefox,False,|c|o|l|d| |f|i|s|s|i|o|n| |w|e|b|r|e|n|d|e|r|,,4168542,13,501ef63265451808903c2f1a4acc333b684a8a04,102210fe594ee9b33d82058545b1ed14f4c8206e,linux1804-64-shippable-qr,google-search,True,,,,,,,,,,,,,,,,,,,,,,,,,,,,,,,,,,,,,,,,,,,,,,,,,,TN,,,,,,,,,,
,1816971517,2023-12-24 18:08:55,360.8,b746eaca3b44cb1c2649d868cc61b8d32dbcea85,1353316,mozilla-beta,LastVisualChange,True,google-search LastVisualChange opt cold fission webrender,,6,ms,firefox,False,|c|o|l|d| |f|i|s|s|i|o|n| |w|e|b|r|e|n|d|e|r|,,4168542,13,501ef63265451808903c2f1a4acc333b684a8a04,102210fe594ee9b33d82058545b1ed14f4c8206e,linux1804-64-shippable-qr,google-search,True,,,,,,,,,,,,,,,,,,,,,,,,,,,,,,,,,,,,,,,,,,,,,,,,,,TN,,,,,,,,,,
,1817114907,2023-12-25 09:20:40,348.3,c2d411c2cd6807243bf48a2e91da535433fe96d9,1353352,mozilla-beta,LastVisualChange,True,google-search LastVisualChange opt cold fission webrender,,6,ms,firefox,False,|c|o|l|d| |f|i|s|s|i|o|n| |w|e|b|r|e|n|d|e|r|,,4168542,13,501ef63265451808903c2f1a4acc333b684a8a04,102210fe594ee9b33d82058545b1ed14f4c8206e,linux1804-64-shippable-qr,google-search,True,,,,,,,,,,,,,,,,,,,,,,,,,,,,,,,,,,,,,,,,,,,,,,,,,,TN,,,,,,,,,,
441405428.0,1817397094,2023-12-26 09:17:04,375.9,774defdd83b1cc70bc4bfd2d8e8ac399356ba060,1353474,mozilla-beta,LastVisualChange,True,google-search LastVisualChange opt cold fission webrender,,6,ms,firefox,False,|c|o|l|d| |f|i|s|s|i|o|n| |w|e|b|r|e|n|d|e|r|,,4168542,13,501ef63265451808903c2f1a4acc333b684a8a04,102210fe594ee9b33d82058545b1ed14f4c8206e,linux1804-64-shippable-qr,google-search,True,,,,,,,,,,,,,,,,,,,,,,,,,,,,,,,,,,,,,,,,,,,,,,,,,,TN,,,,,,,,,,
441463271.0,1817615641,2023-12-27 09:15:52,367.5,6a0b69643235fb22627489e7db8f064a3d6eb07a,1353610,mozilla-beta,LastVisualChange,True,google-search LastVisualChange opt cold fission webrender,,6,ms,firefox,False,|c|o|l|d| |f|i|s|s|i|o|n| |w|e|b|r|e|n|d|e|r|,,4168542,13,501ef63265451808903c2f1a4acc333b684a8a04,102210fe594ee9b33d82058545b1ed14f4c8206e,linux1804-64-shippable-qr,google-search,True,,,,,,,,,,,,,,,,,,,,,,,,,,,,,,,,,,,,,,,,,,,,,,,,,,TN,,,,,,,,,,
441493804.0,1817756054,2023-12-27 15:04:24,362.7,27ca88feead4203bdc5c0f36f4f34268d3605b28,1353655,mozilla-beta,LastVisualChange,True,google-search LastVisualChange opt cold fission webrender,,6,ms,firefox,False,|c|o|l|d| |f|i|s|s|i|o|n| |w|e|b|r|e|n|d|e|r|,,4168542,13,501ef63265451808903c2f1a4acc333b684a8a04,102210fe594ee9b33d82058545b1ed14f4c8206e,linux1804-64-shippable-qr,google-search,True,,,,,,,,,,,,,,,,,,,,,,,,,,,,,,,,,,,,,,,,,,,,,,,,,,TN,,,,,,,,,,
441542830.0,1817964102,2023-12-28 09:18:43,369.3,6e491630343186350032a55e62c782032d28449e,1353829,mozilla-beta,LastVisualChange,True,google-search LastVisualChange opt cold fission webrender,,6,ms,firefox,False,|c|o|l|d| |f|i|s|s|i|o|n| |w|e|b|r|e|n|d|e|r|,,4168542,13,501ef63265451808903c2f1a4acc333b684a8a04,102210fe594ee9b33d82058545b1ed14f4c8206e,linux1804-64-shippable-qr,google-search,True,,,,,,,,,,,,,,,,,,,,,,,,,,,,,,,,,,,,,,,,,,,,,,,,,,TN,,,,,,,,,,
441554228.0,1818035976,2023-12-28 13:58:06,378.4,abd0b579c448559e2125c126d9b455b2b4766535,1353836,mozilla-beta,LastVisualChange,True,google-search LastVisualChange opt cold fission webrender,,6,ms,firefox,False,|c|o|l|d| |f|i|s|s|i|o|n| |w|e|b|r|e|n|d|e|r|,,4168542,13,501ef63265451808903c2f1a4acc333b684a8a04,102210fe594ee9b33d82058545b1ed14f4c8206e,linux1804-64-shippable-qr,google-search,True,,,,,,,,,,,,,,,,,,,,,,,,,,,,,,,,,,,,,,,,,,,,,,,,,,TN,,,,,,,,,,
441568540.0,1818133712,2023-12-28 16:36:48,377.3,771a2196d9a139556d6528d78e62711fb8f9127c,1353845,mozilla-beta,LastVisualChange,True,google-search LastVisualChange opt cold fission webrender,,6,ms,firefox,False,|c|o|l|d| |f|i|s|s|i|o|n| |w|e|b|r|e|n|d|e|r|,,4168542,13,501ef63265451808903c2f1a4acc333b684a8a04,102210fe594ee9b33d82058545b1ed14f4c8206e,linux1804-64-shippable-qr,google-search,True,,,,,,,,,,,,,,,,,,,,,,,,,,,,,,,,,,,,,,,,,,,,,,,,,,TN,,,,,,,,,,
441625902.0,1818396823,2023-12-29 09:15:51,370.1,3ac9c7492298abed5fbb594e32f30336517bf0f7,1354119,mozilla-beta,LastVisualChange,True,google-search LastVisualChange opt cold fission webrender,,6,ms,firefox,False,|c|o|l|d| |f|i|s|s|i|o|n| |w|e|b|r|e|n|d|e|r|,,4168542,13,501ef63265451808903c2f1a4acc333b684a8a04,102210fe594ee9b33d82058545b1ed14f4c8206e,linux1804-64-shippable-qr,google-search,True,,,,,,,,,,,,,,,,,,,,,,,,,,,,,,,,,,,,,,,,,,,,,,,,,,TN,,,,,,,,,,
441674176.0,1818547017,2023-12-29 16:44:10,372.2,4031612cf0c85769716c58ec8fe3ac662dcd7e09,1354191,mozilla-beta,LastVisualChange,True,google-search LastVisualChange opt cold fission webrender,,6,ms,firefox,False,|c|o|l|d| |f|i|s|s|i|o|n| |w|e|b|r|e|n|d|e|r|,,4168542,13,501ef63265451808903c2f1a4acc333b684a8a04,102210fe594ee9b33d82058545b1ed14f4c8206e,linux1804-64-shippable-qr,google-search,True,,,,,,,,,,,,,,,,,,,,,,,,,,,,,,,,,,,,,,,,,,,,,,,,,,TN,,,,,,,,,,
441726069.0,1818757192,2023-12-30 09:19:21,378.6,cdce8efb5ae9f353e88bc7867b70cae181f78353,1354361,mozilla-beta,LastVisualChange,True,google-search LastVisualChange opt cold fission webrender,,6,ms,firefox,False,|c|o|l|d| |f|i|s|s|i|o|n| |w|e|b|r|e|n|d|e|r|,,4168542,13,501ef63265451808903c2f1a4acc333b684a8a04,102210fe594ee9b33d82058545b1ed14f4c8206e,linux1804-64-shippable-qr,google-search,True,,,,,,,,,,,,,,,,,,,,,,,,,,,,,,,,,,,,,,,,,,,,,,,,,,TN,,,,,,,,,,
441756964.0,1818857966,2023-12-30 16:43:07,377.2,1d19517b592a0b31570d9442a4a8a5d8cc667f66,1354390,mozilla-beta,LastVisualChange,True,google-search LastVisualChange opt cold fission webrender,,6,ms,firefox,False,|c|o|l|d| |f|i|s|s|i|o|n| |w|e|b|r|e|n|d|e|r|,,4168542,13,501ef63265451808903c2f1a4acc333b684a8a04,102210fe594ee9b33d82058545b1ed14f4c8206e,linux1804-64-shippable-qr,google-search,True,,,,,,,,,,,,,,,,,,,,,,,,,,,,,,,,,,,,,,,,,,,,,,,,,,TN,,,,,,,,,,
441793425.0,1819065815,2023-12-31 09:19:49,373.5,70a4581491ae3cc33cfb0408af55077a2f3aaaf9,1354445,mozilla-beta,LastVisualChange,True,google-search LastVisualChange opt cold fission webrender,,6,ms,firefox,False,|c|o|l|d| |f|i|s|s|i|o|n| |w|e|b|r|e|n|d|e|r|,,4168542,13,501ef63265451808903c2f1a4acc333b684a8a04,102210fe594ee9b33d82058545b1ed14f4c8206e,linux1804-64-shippable-qr,google-search,True,,,,,,,,,,,,,,,,,,,,,,,,,,,,,,,,,,,,,,,,,,,,,,,,,,TN,,,,,,,,,,
441809296.0,1819117927,2023-12-31 16:07:45,371.8,3b8c3b52e3cc57b9e1c6d2346428768905531486,1354468,mozilla-beta,LastVisualChange,True,google-search LastVisualChange opt cold fission webrender,,6,ms,firefox,False,|c|o|l|d| |f|i|s|s|i|o|n| |w|e|b|r|e|n|d|e|r|,,4168542,13,501ef63265451808903c2f1a4acc333b684a8a04,102210fe594ee9b33d82058545b1ed14f4c8206e,linux1804-64-shippable-qr,google-search,True,,,,,,,,,,,,,,,,,,,,,,,,,,,,,,,,,,,,,,,,,,,,,,,,,,TN,,,,,,,,,,
441851658.0,1819316668,2024-01-01 09:16:50,345.6,d574fe402f781ac71cbaa148e64720d7afce55ad,1354535,mozilla-beta,LastVisualChange,True,google-search LastVisualChange opt cold fission webrender,,6,ms,firefox,False,|c|o|l|d| |f|i|s|s|i|o|n| |w|e|b|r|e|n|d|e|r|,,4168542,13,501ef63265451808903c2f1a4acc333b684a8a04,102210fe594ee9b33d82058545b1ed14f4c8206e,linux1804-64-shippable-qr,google-search,True,,,,,,,,,,,,,,,,,,,,,,,,,,,,,,,,,,,,,,,,,,,,,,,,,,TN,,,,,,,,,,
441884619.0,1819478010,2024-01-02 09:17:57,351.3,c734b9367c9411770b4b8a55868a17b22d493b31,1354631,mozilla-beta,LastVisualChange,True,google-search LastVisualChange opt cold fission webrender,,6,ms,firefox,False,|c|o|l|d| |f|i|s|s|i|o|n| |w|e|b|r|e|n|d|e|r|,,4168542,13,501ef63265451808903c2f1a4acc333b684a8a04,102210fe594ee9b33d82058545b1ed14f4c8206e,linux1804-64-shippable-qr,google-search,True,,,,,,,,,,,,,,,,,,,,,,,,,,,,,,,,,,,,,,,,,,,,,,,,,,TN,,,,,,,,,,
441926203.0,1819597761,2024-01-02 14:35:27,339.4,a513ab11b0aaecdeff1b63357ba724e0c5f25486,1354755,mozilla-beta,LastVisualChange,True,google-search LastVisualChange opt cold fission webrender,,6,ms,firefox,False,|c|o|l|d| |f|i|s|s|i|o|n| |w|e|b|r|e|n|d|e|r|,,4168542,13,501ef63265451808903c2f1a4acc333b684a8a04,102210fe594ee9b33d82058545b1ed14f4c8206e,linux1804-64-shippable-qr,google-search,True,,,,,,,,,,,,,,,,,,,,,,,,,,,,,,,,,,,,,,,,,,,,,,,,,,TN,,,,,,,,,,
441940916.0,1819685568,2024-01-02 17:25:43,350.9,f39f01284ccdd75760c8b9f303074ec62e1e4b76,1354852,mozilla-beta,LastVisualChange,True,google-search LastVisualChange opt cold fission webrender,,6,ms,firefox,False,|c|o|l|d| |f|i|s|s|i|o|n| |w|e|b|r|e|n|d|e|r|,,4168542,13,501ef63265451808903c2f1a4acc333b684a8a04,102210fe594ee9b33d82058545b1ed14f4c8206e,linux1804-64-shippable-qr,google-search,True,,,,,,,,,,,,,,,,,,,,,,,,,,,,,,,,,,,,,,,,,,,,,,,,,,TN,,,,,,,,,,
441947666.0,1819723058,2024-01-02 18:54:52,372.9,cabd1794168d6cacdf7c9608c179db5754c4577a,1354898,mozilla-beta,LastVisualChange,True,google-search LastVisualChange opt cold fission webrender,,6,ms,firefox,False,|c|o|l|d| |f|i|s|s|i|o|n| |w|e|b|r|e|n|d|e|r|,,4168542,13,501ef63265451808903c2f1a4acc333b684a8a04,102210fe594ee9b33d82058545b1ed14f4c8206e,linux1804-64-shippable-qr,google-search,True,,,,,,,,,,,,,,,,,,,,,,,,,,,,,,,,,,,,,,,,,,,,,,,,,,TN,,,,,,,,,,
441998764.0,1819931078,2024-01-03 09:14:24,354.2,61e3c5bd45677be9e6d96ecf27802bfdca8d27c9,1355076,mozilla-beta,LastVisualChange,True,google-search LastVisualChange opt cold fission webrender,,6,ms,firefox,False,|c|o|l|d| |f|i|s|s|i|o|n| |w|e|b|r|e|n|d|e|r|,,4168542,13,501ef63265451808903c2f1a4acc333b684a8a04,102210fe594ee9b33d82058545b1ed14f4c8206e,linux1804-64-shippable-qr,google-search,True,,,,,,,,,,,,,,,,,,,,,,,,,,,,,,,,,,,,,,,,,,,,,,,,,,TN,,,,,,,,,,
442124044.0,1820438662,2024-01-04 09:15:57,363.3,ce04c347f4fd2a7d1eecd4f07bf6021a57c81bf5,1355534,mozilla-beta,LastVisualChange,True,google-search LastVisualChange opt cold fission webrender,,6,ms,firefox,False,|c|o|l|d| |f|i|s|s|i|o|n| |w|e|b|r|e|n|d|e|r|,,4168542,13,501ef63265451808903c2f1a4acc333b684a8a04,102210fe594ee9b33d82058545b1ed14f4c8206e,linux1804-64-shippable-qr,google-search,True,,,,,,,,,,,,,,,,,,,,,,,,,,,,,,,,,,,,,,,,,,,,,,,,,,TN,,,,,,,,,,
442168080.0,1820574454,2024-01-04 14:58:07,371.2,906e2d5a9cd68ea63b45a4fa631ac9c9b8e36d2d,1355672,mozilla-beta,LastVisualChange,True,google-search LastVisualChange opt cold fission webrender,,6,ms,firefox,False,|c|o|l|d| |f|i|s|s|i|o|n| |w|e|b|r|e|n|d|e|r|,,4168542,13,501ef63265451808903c2f1a4acc333b684a8a04,102210fe594ee9b33d82058545b1ed14f4c8206e,linux1804-64-shippable-qr,google-search,True,,,,,,,,,,,,,,,,,,,,,,,,,,,,,,,,,,,,,,,,,,,,,,,,,,TN,,,,,,,,,,
442182280.0,1820652335,2024-01-04 16:53:04,351.2,32b176eac997edeb8ab017935a010c47614cfc76,1355759,mozilla-beta,LastVisualChange,True,google-search LastVisualChange opt cold fission webrender,,6,ms,firefox,False,|c|o|l|d| |f|i|s|s|i|o|n| |w|e|b|r|e|n|d|e|r|,,4168542,13,501ef63265451808903c2f1a4acc333b684a8a04,102210fe594ee9b33d82058545b1ed14f4c8206e,linux1804-64-shippable-qr,google-search,True,,,,,,,,,,,,,,,,,,,,,,,,,,,,,,,,,,,,,,,,,,,,,,,,,,TN,,,,,,,,,,
442203472.0,1820755006,2024-01-04 20:03:49,331.0,3f5e8c91e6991a90fd63431eef19bf49d39d4f47,1355880,mozilla-beta,LastVisualChange,True,google-search LastVisualChange opt cold fission webrender,,6,ms,firefox,False,|c|o|l|d| |f|i|s|s|i|o|n| |w|e|b|r|e|n|d|e|r|,,4168542,13,501ef63265451808903c2f1a4acc333b684a8a04,102210fe594ee9b33d82058545b1ed14f4c8206e,linux1804-64-shippable-qr,google-search,True,,,,,,,,,,,,,,,,,,,,,,,,,,,,,,,,,,,,,,,,,,,,,,,,,,TN,,,,,,,,,,
442240869.0,1820934539,2024-01-05 01:09:39,326.5,50a511fceab95e6b9ab40bea401c53de8de48345,1356047,mozilla-beta,LastVisualChange,True,google-search LastVisualChange opt cold fission webrender,,6,ms,firefox,False,|c|o|l|d| |f|i|s|s|i|o|n| |w|e|b|r|e|n|d|e|r|,,4168542,13,501ef63265451808903c2f1a4acc333b684a8a04,102210fe594ee9b33d82058545b1ed14f4c8206e,linux1804-64-shippable-qr,google-search,True,,,,,,,,,,,,,,,,,,,,,,,,,,,,,,,,,,,,,,,,,,,,,,,,,,TN,,,,,,,,,,
442270784.0,1821112801,2024-01-05 09:16:09,365.2,4dd67d833673e72bfe942beefb346a5533803217,1356158,mozilla-beta,LastVisualChange,True,google-search LastVisualChange opt cold fission webrender,,6,ms,firefox,False,|c|o|l|d| |f|i|s|s|i|o|n| |w|e|b|r|e|n|d|e|r|,,4168542,13,501ef63265451808903c2f1a4acc333b684a8a04,102210fe594ee9b33d82058545b1ed14f4c8206e,linux1804-64-shippable-qr,google-search,True,,,,,,,,,,,,,,,,,,,,,,,,,,,,,,,,,,,,,,,,,,,,,,,,,,TN,,,,,,,,,,
442343668.0,1821345655,2024-01-05 18:22:11,329.7,ac8ebcaf2a5b7ea753e5da4e1a2f97176783acde,1356402,mozilla-beta,LastVisualChange,True,google-search LastVisualChange opt cold fission webrender,,6,ms,firefox,False,|c|o|l|d| |f|i|s|s|i|o|n| |w|e|b|r|e|n|d|e|r|,,4168542,13,501ef63265451808903c2f1a4acc333b684a8a04,102210fe594ee9b33d82058545b1ed14f4c8206e,linux1804-64-shippable-qr,google-search,True,,,,,,,,,,,,,,,,,,,,,,,,,,,,,,,,,,,,,,,,,,,,,,,,,,TN,,,,,,,,,,
442356519.0,1821413152,2024-01-05 20:49:22,350.3,58135a2e05a61896dedbfdb92828f8447dd08839,1356458,mozilla-beta,LastVisualChange,True,google-search LastVisualChange opt cold fission webrender,,6,ms,firefox,False,|c|o|l|d| |f|i|s|s|i|o|n| |w|e|b|r|e|n|d|e|r|,,4168542,13,501ef63265451808903c2f1a4acc333b684a8a04,102210fe594ee9b33d82058545b1ed14f4c8206e,linux1804-64-shippable-qr,google-search,True,,,,,,,,,,,,,,,,,,,,,,,,,,,,,,,,,,,,,,,,,,,,,,,,,,TN,,,,,,,,,,
442383217.0,1821517286,2024-01-06 01:09:09,322.0,485470488b1abea00facf0175c325c8d063e4977,1356562,mozilla-beta,LastVisualChange,True,google-search LastVisualChange opt cold fission webrender,,6,ms,firefox,False,|c|o|l|d| |f|i|s|s|i|o|n| |w|e|b|r|e|n|d|e|r|,,4168542,13,501ef63265451808903c2f1a4acc333b684a8a04,102210fe594ee9b33d82058545b1ed14f4c8206e,linux1804-64-shippable-qr,google-search,True,,,,,,,,,,,,,,,,,,,,,,,,,,,,,,,,,,,,,,,,,,,,,,,,,,TN,,,,,,,,,,
442399365.0,1821630252,2024-01-06 09:15:28,322.9,9c528f6a2d3f298f85c0fbfb5dbf90c07c731bde,1356605,mozilla-beta,LastVisualChange,True,google-search LastVisualChange opt cold fission webrender,,6,ms,firefox,False,|c|o|l|d| |f|i|s|s|i|o|n| |w|e|b|r|e|n|d|e|r|,,4168542,13,501ef63265451808903c2f1a4acc333b684a8a04,102210fe594ee9b33d82058545b1ed14f4c8206e,linux1804-64-shippable-qr,google-search,True,,,,,,,,,,,,,,,,,,,,,,,,,,,,,,,,,,,,,,,,,,,,,,,,,,TN,,,,,,,,,,
442421629.0,1821717565,2024-01-06 15:19:54,324.8,2e9b153efbb6f856c8ed87b95cf1ac9dd20a45b7,1356645,mozilla-beta,LastVisualChange,True,google-search LastVisualChange opt cold fission webrender,,6,ms,firefox,False,|c|o|l|d| |f|i|s|s|i|o|n| |w|e|b|r|e|n|d|e|r|,,4168542,13,501ef63265451808903c2f1a4acc333b684a8a04,102210fe594ee9b33d82058545b1ed14f4c8206e,linux1804-64-shippable-qr,google-search,True,,,,,,,,,,,,,,,,,,,,,,,,,,,,,,,,,,,,,,,,,,,,,,,,,,TN,,,,,,,,,,
442457618.0,1821862444,2024-01-07 09:17:56,312.8,5e75cc52b6ad48285de6f9fed2b0fb5794abfbd2,1356692,mozilla-beta,LastVisualChange,True,google-search LastVisualChange opt cold fission webrender,,6,ms,firefox,False,|c|o|l|d| |f|i|s|s|i|o|n| |w|e|b|r|e|n|d|e|r|,,4168542,13,501ef63265451808903c2f1a4acc333b684a8a04,102210fe594ee9b33d82058545b1ed14f4c8206e,linux1804-64-shippable-qr,google-search,True,,,,,,,,,,,,,,,,,,,,,,,,,,,,,,,,,,,,,,,,,,,,,,,,,,TN,,,,,,,,,,
442473627.0,1821945413,2024-01-07 18:28:43,309.8,885ea847d3331c863d19212766658950b11e5407,1356730,mozilla-beta,LastVisualChange,True,google-search LastVisualChange opt cold fission webrender,,6,ms,firefox,False,|c|o|l|d| |f|i|s|s|i|o|n| |w|e|b|r|e|n|d|e|r|,,4168542,13,501ef63265451808903c2f1a4acc333b684a8a04,102210fe594ee9b33d82058545b1ed14f4c8206e,linux1804-64-shippable-qr,google-search,True,,,,,,,,,,,,,,,,,,,,,,,,,,,,,,,,,,,,,,,,,,,,,,,,,,TN,,,,,,,,,,
442504970.0,1822132392,2024-01-08 09:17:55,320.6,ed03304f78a28b0a0ecf2c2c791a58bb2c37e2e1,1356809,mozilla-beta,LastVisualChange,True,google-search LastVisualChange opt cold fission webrender,,6,ms,firefox,False,|c|o|l|d| |f|i|s|s|i|o|n| |w|e|b|r|e|n|d|e|r|,,4168542,13,501ef63265451808903c2f1a4acc333b684a8a04,102210fe594ee9b33d82058545b1ed14f4c8206e,linux1804-64-shippable-qr,google-search,True,,,,,,,,,,,,,,,,,,,,,,,,,,,,,,,,,,,,,,,,,,,,,,,,,,TN,,,,,,,,,,
442611327.0,1822532202,2024-01-08 22:54:52,319.6,cb26dd9df7797b99f7ec437a612c4ff4cd0ce0cb,1357275,mozilla-beta,LastVisualChange,True,google-search LastVisualChange opt cold fission webrender,,6,ms,firefox,False,|c|o|l|d| |f|i|s|s|i|o|n| |w|e|b|r|e|n|d|e|r|,,4168542,13,501ef63265451808903c2f1a4acc333b684a8a04,102210fe594ee9b33d82058545b1ed14f4c8206e,linux1804-64-shippable-qr,google-search,True,,,,,,,,,,,,,,,,,,,,,,,,,,,,,,,,,,,,,,,,,,,,,,,,,,TN,,,,,,,,,,
442620546.0,1822561963,2024-01-08 23:52:49,326.0,c0d623436ac17c8638fcbb38b63ceb7fd275a48e,1357287,mozilla-beta,LastVisualChange,True,google-search LastVisualChange opt cold fission webrender,,6,ms,firefox,False,|c|o|l|d| |f|i|s|s|i|o|n| |w|e|b|r|e|n|d|e|r|,,4168542,13,501ef63265451808903c2f1a4acc333b684a8a04,102210fe594ee9b33d82058545b1ed14f4c8206e,linux1804-64-shippable-qr,google-search,True,,,,,,,,,,,,,,,,,,,,,,,,,,,,,,,,,,,,,,,,,,,,,,,,,,TN,,,,,,,,,,
442658397.0,1822825748,2024-01-09 09:17:15,364.4,c9cd85e698c4e4cb8bbefc33ea5a425cbad37065,1357420,mozilla-beta,LastVisualChange,True,google-search LastVisualChange opt cold fission webrender,,6,ms,firefox,False,|c|o|l|d| |f|i|s|s|i|o|n| |w|e|b|r|e|n|d|e|r|,,4168542,13,501ef63265451808903c2f1a4acc333b684a8a04,102210fe594ee9b33d82058545b1ed14f4c8206e,linux1804-64-shippable-qr,google-search,True,,,,,,,,,,,,,,,,,,,,,,,,,,,,,,,,,,,,,,,,,,,,,,,,,,TN,,,,,,,,,,
442696465.0,1822984473,2024-01-09 13:49:14,369.6,a767de77c36f2217078b0bfe677f2fd5156d2981,1357515,mozilla-beta,LastVisualChange,True,google-search LastVisualChange opt cold fission webrender,,6,ms,firefox,False,|c|o|l|d| |f|i|s|s|i|o|n| |w|e|b|r|e|n|d|e|r|,,4168542,13,501ef63265451808903c2f1a4acc333b684a8a04,102210fe594ee9b33d82058545b1ed14f4c8206e,linux1804-64-shippable-qr,google-search,True,,,,,,,,,,,,,,,,,,,,,,,,,,,,,,,,,,,,,,,,,,,,,,,,,,TN,,,,,,,,,,
442716074.0,1823033520,2024-01-09 15:29:01,373.7,ae62b3513025e2c8ca8e1d2832fa67c1ff5f1d37,1357572,mozilla-beta,LastVisualChange,True,google-search LastVisualChange opt cold fission webrender,,6,ms,firefox,False,|c|o|l|d| |f|i|s|s|i|o|n| |w|e|b|r|e|n|d|e|r|,,4168542,13,501ef63265451808903c2f1a4acc333b684a8a04,102210fe594ee9b33d82058545b1ed14f4c8206e,linux1804-64-shippable-qr,google-search,True,,,,,,,,,,,,,,,,,,,,,,,,,,,,,,,,,,,,,,,,,,,,,,,,,,TN,,,,,,,,,,
442729291.0,1823120474,2024-01-09 17:28:56,357.4,1c73ddceaf7f1ded154a275d7652f31cf7dbdcee,1357647,mozilla-beta,LastVisualChange,True,google-search LastVisualChange opt cold fission webrender,,6,ms,firefox,False,|c|o|l|d| |f|i|s|s|i|o|n| |w|e|b|r|e|n|d|e|r|,,4168542,13,501ef63265451808903c2f1a4acc333b684a8a04,102210fe594ee9b33d82058545b1ed14f4c8206e,linux1804-64-shippable-qr,google-search,True,,,,,,,,,,,,,,,,,,,,,,,,,,,,,,,,,,,,,,,,,,,,,,,,,,TN,,,,,,,,,,
442757105.0,1823261896,2024-01-09 21:35:52,361.3,3415efad3e4089c6866cd14dd6e6020c0e00d28d,1357808,mozilla-beta,LastVisualChange,True,google-search LastVisualChange opt cold fission webrender,,6,ms,firefox,False,|c|o|l|d| |f|i|s|s|i|o|n| |w|e|b|r|e|n|d|e|r|,,4168542,13,501ef63265451808903c2f1a4acc333b684a8a04,102210fe594ee9b33d82058545b1ed14f4c8206e,linux1804-64-shippable-qr,google-search,True,,,,,,,,,,,,,,,,,,,,,,,,,,,,,,,,,,,,,,,,,,,,,,,,,,TN,,,,,,,,,,
442871144.0,1823792541,2024-01-10 17:59:27,355.2,1c947b443a61a5c9c43752744026ea5a72952407,1358338,mozilla-beta,LastVisualChange,True,google-search LastVisualChange opt cold fission webrender,,6,ms,firefox,False,|c|o|l|d| |f|i|s|s|i|o|n| |w|e|b|r|e|n|d|e|r|,,4168542,13,501ef63265451808903c2f1a4acc333b684a8a04,102210fe594ee9b33d82058545b1ed14f4c8206e,linux1804-64-shippable-qr,google-search,True,,,,,,,,,,,,,,,,,,,,,,,,,,,,,,,,,,,,,,,,,,,,,,,,,,TN,,,,,,,,,,
442884975.0,1823866045,2024-01-10 20:48:24,358.5,058f5ecca74f78917ffc085b9d15fde3c2d1b19e,1358423,mozilla-beta,LastVisualChange,True,google-search LastVisualChange opt cold fission webrender,,6,ms,firefox,False,|c|o|l|d| |f|i|s|s|i|o|n| |w|e|b|r|e|n|d|e|r|,,4168542,13,501ef63265451808903c2f1a4acc333b684a8a04,102210fe594ee9b33d82058545b1ed14f4c8206e,linux1804-64-shippable-qr,google-search,True,,,,,,,,,,,,,,,,,,,,,,,,,,,,,,,,,,,,,,,,,,,,,,,,,,TN,,,,,,,,,,
442937446.0,1824097353,2024-01-11 09:17:43,327.8,992288afe8d0ffa9e60b761be9093c8e6eb3fbb7,1358656,mozilla-beta,LastVisualChange,True,google-search LastVisualChange opt cold fission webrender,,6,ms,firefox,False,|c|o|l|d| |f|i|s|s|i|o|n| |w|e|b|r|e|n|d|e|r|,,4168542,13,501ef63265451808903c2f1a4acc333b684a8a04,102210fe594ee9b33d82058545b1ed14f4c8206e,linux1804-64-shippable-qr,google-search,True,,,,,,,,,,,,,,,,,,,,,,,,,,,,,,,,,,,,,,,,,,,,,,,,,,TN,,,,,,,,,,
442967039.0,1824184277,2024-01-11 13:18:39,356.6,9a06019252c118922797ed16d4e13e1ad117443f,1358732,mozilla-beta,LastVisualChange,True,google-search LastVisualChange opt cold fission webrender,,6,ms,firefox,False,|c|o|l|d| |f|i|s|s|i|o|n| |w|e|b|r|e|n|d|e|r|,,4168542,13,501ef63265451808903c2f1a4acc333b684a8a04,102210fe594ee9b33d82058545b1ed14f4c8206e,linux1804-64-shippable-qr,google-search,True,,,,,,,,,,,,,,,,,,,,,,,,,,,,,,,,,,,,,,,,,,,,,,,,,,TN,,,,,,,,,,
443000547.0,1824333202,2024-01-11 17:41:16,364.8,748ce48e1c34429d4d111ac1fde02a5557c4a9f8,1358889,mozilla-beta,LastVisualChange,True,google-search LastVisualChange opt cold fission webrender,,6,ms,firefox,False,|c|o|l|d| |f|i|s|s|i|o|n| |w|e|b|r|e|n|d|e|r|,,4168542,13,501ef63265451808903c2f1a4acc333b684a8a04,102210fe594ee9b33d82058545b1ed14f4c8206e,linux1804-64-shippable-qr,google-search,True,,,,,,,,,,,,,,,,,,,,,,,,,,,,,,,,,,,,,,,,,,,,,,,,,,TN,,,,,,,,,,
443012144.0,1824363615,2024-01-11 19:01:33,357.2,9715d8623d12cc7ebaf509c0ad27fcf5199aff43,1358950,mozilla-beta,LastVisualChange,True,google-search LastVisualChange opt cold fission webrender,,6,ms,firefox,False,|c|o|l|d| |f|i|s|s|i|o|n| |w|e|b|r|e|n|d|e|r|,,4168542,13,501ef63265451808903c2f1a4acc333b684a8a04,102210fe594ee9b33d82058545b1ed14f4c8206e,linux1804-64-shippable-qr,google-search,True,,,,,,,,,,,,,,,,,,,,,,,,,,,,,,,,,,,,,,,,,,,,,,,,,,TN,,,,,,,,,,
443030792.0,1824445707,2024-01-11 21:09:26,353.3,f1680a61c0147d32a705da518f11c7c5ba058c0b,1359049,mozilla-beta,LastVisualChange,True,google-search LastVisualChange opt cold fission webrender,,6,ms,firefox,False,|c|o|l|d| |f|i|s|s|i|o|n| |w|e|b|r|e|n|d|e|r|,,4168542,13,501ef63265451808903c2f1a4acc333b684a8a04,102210fe594ee9b33d82058545b1ed14f4c8206e,linux1804-64-shippable-qr,google-search,True,,,,,,,,,,,,,,,,,,,,,,,,,,,,,,,,,,,,,,,,,,,,,,,,,,TN,,,,,,,,,,
443096713.0,1824833856,2024-01-12 09:19:33,330.6,430bc538df76d847c89d2f0c061edc59172f2afa,1359270,mozilla-beta,LastVisualChange,True,google-search LastVisualChange opt cold fission webrender,,6,ms,firefox,False,|c|o|l|d| |f|i|s|s|i|o|n| |w|e|b|r|e|n|d|e|r|,,4168542,13,501ef63265451808903c2f1a4acc333b684a8a04,102210fe594ee9b33d82058545b1ed14f4c8206e,linux1804-64-shippable-qr,google-search,True,,,,,,,,,,,,,,,,,,,,,,,,,,,,,,,,,,,,,,,,,,,,,,,,,,TN,,,,,,,,,,
443208883.0,1825441800,2024-01-13 09:16:07,314.8,959d0f8f4396d1d80484b553645b1803f3dd9be7,1359847,mozilla-beta,LastVisualChange,True,google-search LastVisualChange opt cold fission webrender,,6,ms,firefox,False,|c|o|l|d| |f|i|s|s|i|o|n| |w|e|b|r|e|n|d|e|r|,,4168542,13,501ef63265451808903c2f1a4acc333b684a8a04,102210fe594ee9b33d82058545b1ed14f4c8206e,linux1804-64-shippable-qr,google-search,True,,,,,,,,,,,,,,,,,,,,,,,,,,,,,,,,,,,,,,,,,,,,,,,,,,TN,,,,,,,,,,
443230527.0,1825534476,2024-01-13 16:02:48,329.3,44093ca559de6f3beaeb00abec708d5c4ab40e4d,1359890,mozilla-beta,LastVisualChange,True,google-search LastVisualChange opt cold fission webrender,,6,ms,firefox,False,|c|o|l|d| |f|i|s|s|i|o|n| |w|e|b|r|e|n|d|e|r|,,4168542,13,501ef63265451808903c2f1a4acc333b684a8a04,102210fe594ee9b33d82058545b1ed14f4c8206e,linux1804-64-shippable-qr,google-search,True,,,,,,,,,,,,,,,,,,,,,,,,,,,,,,,,,,,,,,,,,,,,,,,,,,TN,,,,,,,,,,
443242937.0,1825581947,2024-01-13 22:16:30,329.2,e218ab8c6c4ad6f20e76fe6d04737516fa8cc066,1359907,mozilla-beta,LastVisualChange,True,google-search LastVisualChange opt cold fission webrender,,6,ms,firefox,False,|c|o|l|d| |f|i|s|s|i|o|n| |w|e|b|r|e|n|d|e|r|,,4168542,13,501ef63265451808903c2f1a4acc333b684a8a04,102210fe594ee9b33d82058545b1ed14f4c8206e,linux1804-64-shippable-qr,google-search,True,,,,,,,,,,,,,,,,,,,,,,,,,,,,,,,,,,,,,,,,,,,,,,,,,,TN,,,,,,,,,,
443265826.0,1825679876,2024-01-14 09:15:54,325.6,ab41b123c54d2dd534bf90a30be6cd952ce32701,1359931,mozilla-beta,LastVisualChange,True,google-search LastVisualChange opt cold fission webrender,,6,ms,firefox,False,|c|o|l|d| |f|i|s|s|i|o|n| |w|e|b|r|e|n|d|e|r|,,4168542,13,501ef63265451808903c2f1a4acc333b684a8a04,102210fe594ee9b33d82058545b1ed14f4c8206e,linux1804-64-shippable-qr,google-search,True,,,,,,,,,,,,,,,,,,,,,,,,,,,,,,,,,,,,,,,,,,,,,,,,,,TN,,,,,,,,,,
443278955.0,1825782804,2024-01-14 15:27:17,357.1,a6cacb7e4e89168e25318dc76342bdc0f68a1f6a,1359950,mozilla-beta,LastVisualChange,True,google-search LastVisualChange opt cold fission webrender,,6,ms,firefox,False,|c|o|l|d| |f|i|s|s|i|o|n| |w|e|b|r|e|n|d|e|r|,,4168542,13,501ef63265451808903c2f1a4acc333b684a8a04,102210fe594ee9b33d82058545b1ed14f4c8206e,linux1804-64-shippable-qr,google-search,True,,,,,,,,,,,,,,,,,,,,,,,,,,,,,,,,,,,,,,,,,,,,,,,,,,TN,,,,,,,,,,
443316321.0,1825935879,2024-01-15 09:20:30,360.9,eca25a6c75b2b48b5d51e33799cfa5619ec4b41b,1360049,mozilla-beta,LastVisualChange,True,google-search LastVisualChange opt cold fission webrender,,6,ms,firefox,False,|c|o|l|d| |f|i|s|s|i|o|n| |w|e|b|r|e|n|d|e|r|,,4168542,13,501ef63265451808903c2f1a4acc333b684a8a04,102210fe594ee9b33d82058545b1ed14f4c8206e,linux1804-64-shippable-qr,google-search,True,,,,,,,,,,,,,,,,,,,,,,,,,,,,,,,,,,,,,,,,,,,,,,,,,,TN,,,,,,,,,,
443345937.0,1826057730,2024-01-15 13:24:03,353.6,c846bf199dfcaa66ba615dda08ed63002a9a4f5b,1360131,mozilla-beta,LastVisualChange,True,google-search LastVisualChange opt cold fission webrender,,6,ms,firefox,False,|c|o|l|d| |f|i|s|s|i|o|n| |w|e|b|r|e|n|d|e|r|,,4168542,13,501ef63265451808903c2f1a4acc333b684a8a04,102210fe594ee9b33d82058545b1ed14f4c8206e,linux1804-64-shippable-qr,google-search,True,,,,,,,,,,,,,,,,,,,,,,,,,,,,,,,,,,,,,,,,,,,,,,,,,,TN,,,,,,,,,,
444127521.0,1829798383,2024-01-22 11:29:22,327.7,c6160723962a82923b2eb3ed4ab471dedcd541b2,1363744,mozilla-beta,LastVisualChange,True,google-search LastVisualChange opt cold fission webrender,,6,ms,firefox,False,|c|o|l|d| |f|i|s|s|i|o|n| |w|e|b|r|e|n|d|e|r|,,4168542,13,501ef63265451808903c2f1a4acc333b684a8a04,102210fe594ee9b33d82058545b1ed14f4c8206e,linux1804-64-shippable-qr,google-search,True,,,,,,,,,,,,,,,,,,,,,,,,,,,,,,,,,,,,,,,,,,,,,,,,,,TN,,,,,,,,,,
444166043.0,1829969677,2024-01-22 15:46:15,316.1,1849dfd4ad15cc21f294ed2bb5e95364a5ba7140,1363910,mozilla-beta,LastVisualChange,True,google-search LastVisualChange opt cold fission webrender,,6,ms,firefox,False,|c|o|l|d| |f|i|s|s|i|o|n| |w|e|b|r|e|n|d|e|r|,,4168542,13,501ef63265451808903c2f1a4acc333b684a8a04,102210fe594ee9b33d82058545b1ed14f4c8206e,linux1804-64-shippable-qr,google-search,True,,,,,,,,,,,,,,,,,,,,,,,,,,,,,,,,,,,,,,,,,,,,,,,,,,TN,,,,,,,,,,
444193019.0,1830055425,2024-01-22 17:47:55,320.8,a1ee3c36f7e989b25781c96cb9a1c05d8019b6cf,1364018,mozilla-beta,LastVisualChange,True,google-search LastVisualChange opt cold fission webrender,,6,ms,firefox,False,|c|o|l|d| |f|i|s|s|i|o|n| |w|e|b|r|e|n|d|e|r|,,4168542,13,501ef63265451808903c2f1a4acc333b684a8a04,102210fe594ee9b33d82058545b1ed14f4c8206e,linux1804-64-shippable-qr,google-search,True,,,,,,,,,,,,,,,,,,,,,,,,,,,,,,,,,,,,,,,,,,,,,,,,,,TN,,,,,,,,,,
444273538.0,1830460713,2024-01-23 09:18:19,335.0,907ecf82b6894587f638cc66a3b504fb613f799c,1364457,mozilla-beta,LastVisualChange,True,google-search LastVisualChange opt cold fission webrender,,6,ms,firefox,False,|c|o|l|d| |f|i|s|s|i|o|n| |w|e|b|r|e|n|d|e|r|,,4168542,13,501ef63265451808903c2f1a4acc333b684a8a04,102210fe594ee9b33d82058545b1ed14f4c8206e,linux1804-64-shippable-qr,google-search,True,,,,,,,,,,,,,,,,,,,,,,,,,,,,,,,,,,,,,,,,,,,,,,,,,,TN,,,,,,,,,,
444326793.0,1830717433,2024-01-23 16:21:35,333.9,910cf83cb449ad5a555da886fec6b064e22043bd,1364713,mozilla-beta,LastVisualChange,True,google-search LastVisualChange opt cold fission webrender,,6,ms,firefox,False,|c|o|l|d| |f|i|s|s|i|o|n| |w|e|b|r|e|n|d|e|r|,,4168542,13,501ef63265451808903c2f1a4acc333b684a8a04,102210fe594ee9b33d82058545b1ed14f4c8206e,linux1804-64-shippable-qr,google-search,True,,,,,,,,,,,,,,,,,,,,,,,,,,,,,,,,,,,,,,,,,,,,,,,,,,TN,,,,,,,,,,
444329943.0,1830740983,2024-01-23 16:37:03,327.5,547151893bb442136e4a9b2f8c4b541895aa3e1e,1364733,mozilla-beta,LastVisualChange,True,google-search LastVisualChange opt cold fission webrender,,6,ms,firefox,False,|c|o|l|d| |f|i|s|s|i|o|n| |w|e|b|r|e|n|d|e|r|,,4168542,13,501ef63265451808903c2f1a4acc333b684a8a04,102210fe594ee9b33d82058545b1ed14f4c8206e,linux1804-64-shippable-qr,google-search,True,,,,,,,,,,,,,,,,,,,,,,,,,,,,,,,,,,,,,,,,,,,,,,,,,,TN,,,,,,,,,,
444410435.0,1831188447,2024-01-24 07:46:30,369.7,e3af39ea2780b6c6e53d63e7d0bc9bca40e59bdd,1365279,mozilla-beta,LastVisualChange,True,google-search LastVisualChange opt cold fission webrender,,6,ms,firefox,False,|c|o|l|d| |f|i|s|s|i|o|n| |w|e|b|r|e|n|d|e|r|,,4168542,13,501ef63265451808903c2f1a4acc333b684a8a04,102210fe594ee9b33d82058545b1ed14f4c8206e,linux1804-64-shippable-qr,google-search,True,,,,,,,,,,,,,,,,,,,,,,,,,,,,,,,,,,,,,,,,,,,,,,,,,,TN,,,,,,,,,,
444425039.0,1831239090,2024-01-24 09:17:45,356.1,a341c4cfe66c45bb2908deb2809c6927497b0690,1365303,mozilla-beta,LastVisualChange,True,google-search LastVisualChange opt cold fission webrender,,6,ms,firefox,False,|c|o|l|d| |f|i|s|s|i|o|n| |w|e|b|r|e|n|d|e|r|,,4168542,13,501ef63265451808903c2f1a4acc333b684a8a04,102210fe594ee9b33d82058545b1ed14f4c8206e,linux1804-64-shippable-qr,google-search,True,,,,,,,,,,,,,,,,,,,,,,,,,,,,,,,,,,,,,,,,,,,,,,,,,,TN,,,,,,,,,,
444436103.0,1831276398,2024-01-24 10:10:04,353.8,826c3bfca9fb43d3d63c58f52dc0a11475591511,1365331,mozilla-beta,LastVisualChange,True,google-search LastVisualChange opt cold fission webrender,,6,ms,firefox,False,|c|o|l|d| |f|i|s|s|i|o|n| |w|e|b|r|e|n|d|e|r|,,4168542,13,501ef63265451808903c2f1a4acc333b684a8a04,102210fe594ee9b33d82058545b1ed14f4c8206e,linux1804-64-shippable-qr,google-search,True,,,,,,,,,,,,,,,,,,,,,,,,,,,,,,,,,,,,,,,,,,,,,,,,,,TN,,,,,,,,,,
444564739.0,1831890264,2024-01-25 08:17:18,320.1,aca480ec983e358d61afa4f987f90abc8d01636a,1366099,mozilla-beta,LastVisualChange,True,google-search LastVisualChange opt cold fission webrender,,6,ms,firefox,False,|c|o|l|d| |f|i|s|s|i|o|n| |w|e|b|r|e|n|d|e|r|,,4168542,13,501ef63265451808903c2f1a4acc333b684a8a04,102210fe594ee9b33d82058545b1ed14f4c8206e,linux1804-64-shippable-qr,google-search,True,,,,,,,,,,,,,,,,,,,,,,,,,,,,,,,,,,,,,,,,,,,,,,,,,,TN,,,,,,,,,,
444713094.0,1832598260,2024-01-26 08:22:35,324.1,c05637a5653cb097918ec5b22dd71b5279169ddb,1366833,mozilla-beta,LastVisualChange,True,google-search LastVisualChange opt cold fission webrender,,6,ms,firefox,False,|c|o|l|d| |f|i|s|s|i|o|n| |w|e|b|r|e|n|d|e|r|,,4168542,13,501ef63265451808903c2f1a4acc333b684a8a04,102210fe594ee9b33d82058545b1ed14f4c8206e,linux1804-64-shippable-qr,google-search,True,,,,,,,,,,,,,,,,,,,,,,,,,,,,,,,,,,,,,,,,,,,,,,,,,,TN,,,,,,,,,,
444934777.0,1833879323,2024-01-28 10:36:00,323.4,62a7361b983c43fe12d448bb9b391d85725a0b5a,1367563,mozilla-beta,LastVisualChange,True,google-search LastVisualChange opt cold fission webrender,,6,ms,firefox,False,|c|o|l|d| |f|i|s|s|i|o|n| |w|e|b|r|e|n|d|e|r|,,4168542,13,501ef63265451808903c2f1a4acc333b684a8a04,102210fe594ee9b33d82058545b1ed14f4c8206e,linux1804-64-shippable-qr,google-search,True,,,,,,,,,,,,,,,,,,,,,,,,,,,,,,,,,,,,,,,,,,,,,,,,,,TN,,,,,,,,,,
444938956.0,1833891574,2024-01-28 11:02:29,327.0,0caf7b959d3adda31471443eb0918c601108fc83,1367564,mozilla-beta,LastVisualChange,True,google-search LastVisualChange opt cold fission webrender,,6,ms,firefox,False,|c|o|l|d| |f|i|s|s|i|o|n| |w|e|b|r|e|n|d|e|r|,,4168542,13,501ef63265451808903c2f1a4acc333b684a8a04,102210fe594ee9b33d82058545b1ed14f4c8206e,linux1804-64-shippable-qr,google-search,True,,,,,,,,,,,,,,,,,,,,,,,,,,,,,,,,,,,,,,,,,,,,,,,,,,TN,,,,,,,,,,
444945150.0,1833962749,2024-01-28 13:59:26,316.1,c4f60b3ed4c5502cebfae95869686d6cc67cef42,1367583,mozilla-beta,LastVisualChange,True,google-search LastVisualChange opt cold fission webrender,,6,ms,firefox,False,|c|o|l|d| |f|i|s|s|i|o|n| |w|e|b|r|e|n|d|e|r|,,4168542,13,501ef63265451808903c2f1a4acc333b684a8a04,102210fe594ee9b33d82058545b1ed14f4c8206e,linux1804-64-shippable-qr,google-search,True,,,,,,,,,,,,,,,,,,,,,,,,,,,,,,,,,,,,,,,,,,,,,,,,,,TN,,,,,,,,,,
444976934.0,1834140086,2024-01-29 06:52:42,333.7,31e067248e3c5326ee178777c2939075b50f9cda,1367650,mozilla-beta,LastVisualChange,True,google-search LastVisualChange opt cold fission webrender,,6,ms,firefox,False,|c|o|l|d| |f|i|s|s|i|o|n| |w|e|b|r|e|n|d|e|r|,,4168542,13,501ef63265451808903c2f1a4acc333b684a8a04,102210fe594ee9b33d82058545b1ed14f4c8206e,linux1804-64-shippable-qr,google-search,True,,,,,,,,,,,,,,,,,,,,,,,,,,,,,,,,,,,,,,,,,,,,,,,,,,TN,,,,,,,,,,
445144593.0,1835058960,2024-01-30 09:17:42,331.9,7c6883e22d12922c8434135aba2908d12c258ba5,1368488,mozilla-beta,LastVisualChange,True,google-search LastVisualChange opt cold fission webrender,,6,ms,firefox,False,|c|o|l|d| |f|i|s|s|i|o|n| |w|e|b|r|e|n|d|e|r|,,4168542,13,501ef63265451808903c2f1a4acc333b684a8a04,102210fe594ee9b33d82058545b1ed14f4c8206e,linux1804-64-shippable-qr,google-search,True,,,,,,,,,,,,,,,,,,,,,,,,,,,,,,,,,,,,,,,,,,,,,,,,,,TN,,,,,,,,,,
445180830.0,1835222773,2024-01-30 12:12:36,322.6,610e2e71c0a96cbd0118a581ad50c27c3eae5214,1368564,mozilla-beta,LastVisualChange,True,google-search LastVisualChange opt cold fission webrender,,6,ms,firefox,False,|c|o|l|d| |f|i|s|s|i|o|n| |w|e|b|r|e|n|d|e|r|,,4168542,13,501ef63265451808903c2f1a4acc333b684a8a04,102210fe594ee9b33d82058545b1ed14f4c8206e,linux1804-64-shippable-qr,google-search,True,,,,,,,,,,,,,,,,,,,,,,,,,,,,,,,,,,,,,,,,,,,,,,,,,,TN,,,,,,,,,,
445174910.0,1835179909,2024-01-30 12:18:29,322.5,8d79725961720ff9be553f8fde3ba11c379df5be,1368566,mozilla-beta,LastVisualChange,True,google-search LastVisualChange opt cold fission webrender,,6,ms,firefox,False,|c|o|l|d| |f|i|s|s|i|o|n| |w|e|b|r|e|n|d|e|r|,,4168542,13,501ef63265451808903c2f1a4acc333b684a8a04,102210fe594ee9b33d82058545b1ed14f4c8206e,linux1804-64-shippable-qr,google-search,True,,,,,,,,,,,,,,,,,,,,,,,,,,,,,,,,,,,,,,,,,,,,,,,,,,TN,,,,,,,,,,
445178860.0,1835196094,2024-01-30 12:47:52,335.4,1bcabb7122306682ad71cb1934050ada5ccc09ce,1368585,mozilla-beta,LastVisualChange,True,google-search LastVisualChange opt cold fission webrender,,6,ms,firefox,False,|c|o|l|d| |f|i|s|s|i|o|n| |w|e|b|r|e|n|d|e|r|,,4168542,13,501ef63265451808903c2f1a4acc333b684a8a04,102210fe594ee9b33d82058545b1ed14f4c8206e,linux1804-64-shippable-qr,google-search,True,,,,,,,,,,,,,,,,,,,,,,,,,,,,,,,,,,,,,,,,,,,,,,,,,,TN,,,,,,,,,,
445199572.0,1835281327,2024-01-30 14:42:31,326.3,bac162dca4dbd72e204fbbd2a4bf2f05930997c4,1368662,mozilla-beta,LastVisualChange,True,google-search LastVisualChange opt cold fission webrender,,6,ms,firefox,False,|c|o|l|d| |f|i|s|s|i|o|n| |w|e|b|r|e|n|d|e|r|,,4168542,13,501ef63265451808903c2f1a4acc333b684a8a04,102210fe594ee9b33d82058545b1ed14f4c8206e,linux1804-64-shippable-qr,google-search,True,,,,,,,,,,,,,,,,,,,,,,,,,,,,,,,,,,,,,,,,,,,,,,,,,,TN,,,,,,,,,,
445200276.0,1835289272,2024-01-30 14:46:49,315.8,e8bfa642a6583259b6afb963c4ab24cec7fe364b,1368663,mozilla-beta,LastVisualChange,True,google-search LastVisualChange opt cold fission webrender,,6,ms,firefox,False,|c|o|l|d| |f|i|s|s|i|o|n| |w|e|b|r|e|n|d|e|r|,,4168542,13,501ef63265451808903c2f1a4acc333b684a8a04,102210fe594ee9b33d82058545b1ed14f4c8206e,linux1804-64-shippable-qr,google-search,True,,,,,,,,,,,,,,,,,,,,,,,,,,,,,,,,,,,,,,,,,,,,,,,,,,TN,,,,,,,,,,
445210829.0,1835320332,2024-01-30 14:50:42,327.5,badb0c014722faab9e694a5d451a4dc5c524f08b,1368665,mozilla-beta,LastVisualChange,True,google-search LastVisualChange opt cold fission webrender,,6,ms,firefox,False,|c|o|l|d| |f|i|s|s|i|o|n| |w|e|b|r|e|n|d|e|r|,,4168542,13,501ef63265451808903c2f1a4acc333b684a8a04,102210fe594ee9b33d82058545b1ed14f4c8206e,linux1804-64-shippable-qr,google-search,True,,,,,,,,,,,,,,,,,,,,,,,,,,,,,,,,,,,,,,,,,,,,,,,,,,TN,,,,,,,,,,
445211564.0,1835344202,2024-01-30 15:32:30,322.9,bb9a936c0644ab6ea6d8e6b8f62fa7787b809a5e,1368693,mozilla-beta,LastVisualChange,True,google-search LastVisualChange opt cold fission webrender,,6,ms,firefox,False,|c|o|l|d| |f|i|s|s|i|o|n| |w|e|b|r|e|n|d|e|r|,,4168542,13,501ef63265451808903c2f1a4acc333b684a8a04,102210fe594ee9b33d82058545b1ed14f4c8206e,linux1804-64-shippable-qr,google-search,True,,,,,,,,,,,,,,,,,,,,,,,,,,,,,,,,,,,,,,,,,,,,,,,,,,TN,,,,,,,,,,
445217142.0,1835368603,2024-01-30 17:06:51,328.5,0d874603541fa5871c1e3677d49b108d5fcb1bed,1368762,mozilla-beta,LastVisualChange,True,google-search LastVisualChange opt cold fission webrender,,6,ms,firefox,False,|c|o|l|d| |f|i|s|s|i|o|n| |w|e|b|r|e|n|d|e|r|,,4168542,13,501ef63265451808903c2f1a4acc333b684a8a04,102210fe594ee9b33d82058545b1ed14f4c8206e,linux1804-64-shippable-qr,google-search,True,,,,,,,,,,,,,,,,,,,,,,,,,,,,,,,,,,,,,,,,,,,,,,,,,,TN,,,,,,,,,,
445230532.0,1835431475,2024-01-30 17:22:21,313.2,814c511db3bf80ee923c7e26d7248df7690afbc7,1368764,mozilla-beta,LastVisualChange,True,google-search LastVisualChange opt cold fission webrender,,6,ms,firefox,False,|c|o|l|d| |f|i|s|s|i|o|n| |w|e|b|r|e|n|d|e|r|,,4168542,13,501ef63265451808903c2f1a4acc333b684a8a04,102210fe594ee9b33d82058545b1ed14f4c8206e,linux1804-64-shippable-qr,google-search,True,,,,,,,,,,,,,,,,,,,,,,,,,,,,,,,,,,,,,,,,,,,,,,,,,,TN,,,,,,,,,,
445315304.0,1835899328,2024-01-31 09:16:40,345.5,59d56668c362e68738a8561c397961027b0a62d3,1369245,mozilla-beta,LastVisualChange,True,google-search LastVisualChange opt cold fission webrender,,6,ms,firefox,False,|c|o|l|d| |f|i|s|s|i|o|n| |w|e|b|r|e|n|d|e|r|,,4168542,13,501ef63265451808903c2f1a4acc333b684a8a04,102210fe594ee9b33d82058545b1ed14f4c8206e,linux1804-64-shippable-qr,google-search,True,,,,,,,,,,,,,,,,,,,,,,,,,,,,,,,,,,,,,,,,,,,,,,,,,,TN,,,,,,,,,,
445411630.0,1836308642,2024-01-31 19:51:02,330.6,e98c8386087ddb2af9037734fa58033a1020756c,1369600,mozilla-beta,LastVisualChange,True,google-search LastVisualChange opt cold fission webrender,,6,ms,firefox,False,|c|o|l|d| |f|i|s|s|i|o|n| |w|e|b|r|e|n|d|e|r|,,4168542,13,501ef63265451808903c2f1a4acc333b684a8a04,102210fe594ee9b33d82058545b1ed14f4c8206e,linux1804-64-shippable-qr,google-search,True,,,,,,,,,,,,,,,,,,,,,,,,,,,,,,,,,,,,,,,,,,,,,,,,,,TN,,,,,,,,,,
445409266.0,1836266388,2024-01-31 19:52:12,327.6,f1a16b3d1da6ccd5b17c214f7ff9ada27bf91c17,1369605,mozilla-beta,LastVisualChange,True,google-search LastVisualChange opt cold fission webrender,,6,ms,firefox,False,|c|o|l|d| |f|i|s|s|i|o|n| |w|e|b|r|e|n|d|e|r|,,4168542,13,501ef63265451808903c2f1a4acc333b684a8a04,102210fe594ee9b33d82058545b1ed14f4c8206e,linux1804-64-shippable-qr,google-search,True,,,,,,,,,,,,,,,,,,,,,,,,,,,,,,,,,,,,,,,,,,,,,,,,,,TN,,,,,,,,,,
445473884.0,1836635984,2024-02-01 09:17:30,335.4,ad203e66852383f625e1c40a24f1486ce811f053,1369924,mozilla-beta,LastVisualChange,True,google-search LastVisualChange opt cold fission webrender,,6,ms,firefox,False,|c|o|l|d| |f|i|s|s|i|o|n| |w|e|b|r|e|n|d|e|r|,,4168542,13,501ef63265451808903c2f1a4acc333b684a8a04,102210fe594ee9b33d82058545b1ed14f4c8206e,linux1804-64-shippable-qr,google-search,True,,,,,,,,,,,,,,,,,,,,,,,,,,,,,,,,,,,,,,,,,,,,,,,,,,TN,,,,,,,,,,
445481060.0,1836659535,2024-02-01 09:55:18,315.3,828272c423683913577d66e2e1246f33d50c4b8e,1369960,mozilla-beta,LastVisualChange,True,google-search LastVisualChange opt cold fission webrender,,6,ms,firefox,False,|c|o|l|d| |f|i|s|s|i|o|n| |w|e|b|r|e|n|d|e|r|,,4168542,13,501ef63265451808903c2f1a4acc333b684a8a04,102210fe594ee9b33d82058545b1ed14f4c8206e,linux1804-64-shippable-qr,google-search,True,,,,,,,,,,,,,,,,,,,,,,,,,,,,,,,,,,,,,,,,,,,,,,,,,,TN,,,,,,,,,,
445501535.0,1836712250,2024-02-01 11:40:29,342.8,49d14b310e92729c505231844bd7849442cf26f9,1370025,mozilla-beta,LastVisualChange,True,google-search LastVisualChange opt cold fission webrender,,6,ms,firefox,False,|c|o|l|d| |f|i|s|s|i|o|n| |w|e|b|r|e|n|d|e|r|,,4168542,13,501ef63265451808903c2f1a4acc333b684a8a04,102210fe594ee9b33d82058545b1ed14f4c8206e,linux1804-64-shippable-qr,google-search,True,,,,,,,,,,,,,,,,,,,,,,,,,,,,,,,,,,,,,,,,,,,,,,,,,,TN,,,,,,,,,,
445545415.0,1836952297,2024-02-01 14:02:56,327.2,7fdcb4812fde5b6100168d0f55a31f1b77644044,1370098,mozilla-beta,LastVisualChange,True,google-search LastVisualChange opt cold fission webrender,,6,ms,firefox,False,|c|o|l|d| |f|i|s|s|i|o|n| |w|e|b|r|e|n|d|e|r|,,4168542,13,501ef63265451808903c2f1a4acc333b684a8a04,102210fe594ee9b33d82058545b1ed14f4c8206e,linux1804-64-shippable-qr,google-search,True,,,,,,,,,,,,,,,,,,,,,,,,,,,,,,,,,,,,,,,,,,,,,,,,,,TN,,,,,,,,,,
445532098.0,1836808402,2024-02-01 14:13:24,331.9,4433675287c19d1febab18a61d020c28e9fbe778,1370108,mozilla-beta,LastVisualChange,True,google-search LastVisualChange opt cold fission webrender,,6,ms,firefox,False,|c|o|l|d| |f|i|s|s|i|o|n| |w|e|b|r|e|n|d|e|r|,,4168542,13,501ef63265451808903c2f1a4acc333b684a8a04,102210fe594ee9b33d82058545b1ed14f4c8206e,linux1804-64-shippable-qr,google-search,True,,,,,,,,,,,,,,,,,,,,,,,,,,,,,,,,,,,,,,,,,,,,,,,,,,TN,,,,,,,,,,
445546475.0,1836983611,2024-02-01 14:19:11,321.5,c51c59c74488225b3f0a6446e13296789a5fddee,1370117,mozilla-beta,LastVisualChange,True,google-search LastVisualChange opt cold fission webrender,,6,ms,firefox,False,|c|o|l|d| |f|i|s|s|i|o|n| |w|e|b|r|e|n|d|e|r|,,4168542,13,501ef63265451808903c2f1a4acc333b684a8a04,102210fe594ee9b33d82058545b1ed14f4c8206e,linux1804-64-shippable-qr,google-search,True,,,,,,,,,,,,,,,,,,,,,,,,,,,,,,,,,,,,,,,,,,,,,,,,,,TN,,,,,,,,,,
445536098.0,1836854214,2024-02-01 14:35:28,322.2,edd7d6c869f5dd8a8f9525139a2cdd3286f0b104,1370134,mozilla-beta,LastVisualChange,True,google-search LastVisualChange opt cold fission webrender,,6,ms,firefox,False,|c|o|l|d| |f|i|s|s|i|o|n| |w|e|b|r|e|n|d|e|r|,,4168542,13,501ef63265451808903c2f1a4acc333b684a8a04,102210fe594ee9b33d82058545b1ed14f4c8206e,linux1804-64-shippable-qr,google-search,True,,,,,,,,,,,,,,,,,,,,,,,,,,,,,,,,,,,,,,,,,,,,,,,,,,TN,,,,,,,,,,
445537842.0,1836861506,2024-02-01 14:45:34,326.2,39a24ad65fa1c188491f77f5989116325ece07c0,1370145,mozilla-beta,LastVisualChange,True,google-search LastVisualChange opt cold fission webrender,,6,ms,firefox,False,|c|o|l|d| |f|i|s|s|i|o|n| |w|e|b|r|e|n|d|e|r|,,4168542,13,501ef63265451808903c2f1a4acc333b684a8a04,102210fe594ee9b33d82058545b1ed14f4c8206e,linux1804-64-shippable-qr,google-search,True,,,,,,,,,,,,,,,,,,,,,,,,,,,,,,,,,,,,,,,,,,,,,,,,,,TN,,,,,,,,,,
445540953.0,1836911095,2024-02-01 14:55:52,319.4,4981454a7cb64ddb865b16a2e340da23010c0234,1370155,mozilla-beta,LastVisualChange,True,google-search LastVisualChange opt cold fission webrender,,6,ms,firefox,False,|c|o|l|d| |f|i|s|s|i|o|n| |w|e|b|r|e|n|d|e|r|,,4168542,13,501ef63265451808903c2f1a4acc333b684a8a04,102210fe594ee9b33d82058545b1ed14f4c8206e,linux1804-64-shippable-qr,google-search,True,,,,,,,,,,,,,,,,,,,,,,,,,,,,,,,,,,,,,,,,,,,,,,,,,,TN,,,,,,,,,,
445544449.0,1836938775,2024-02-01 15:13:15,336.7,4c0f3596adddb0c1c9fe6c27165bf86798d2f1f6,1370168,mozilla-beta,LastVisualChange,True,google-search LastVisualChange opt cold fission webrender,,6,ms,firefox,False,|c|o|l|d| |f|i|s|s|i|o|n| |w|e|b|r|e|n|d|e|r|,,4168542,13,501ef63265451808903c2f1a4acc333b684a8a04,102210fe594ee9b33d82058545b1ed14f4c8206e,linux1804-64-shippable-qr,google-search,True,,,,,,,,,,,,,,,,,,,,,,,,,,,,,,,,,,,,,,,,,,,,,,,,,,TN,,,,,,,,,,
445551266.0,1837002165,2024-02-01 15:45:31,315.7,c9147db5b900da6c93e1ef516fcee4d9375322ac,1370182,mozilla-beta,LastVisualChange,True,google-search LastVisualChange opt cold fission webrender,,6,ms,firefox,False,|c|o|l|d| |f|i|s|s|i|o|n| |w|e|b|r|e|n|d|e|r|,,4168542,13,501ef63265451808903c2f1a4acc333b684a8a04,102210fe594ee9b33d82058545b1ed14f4c8206e,linux1804-64-shippable-qr,google-search,True,,,,,,,,,,,,,,,,,,,,,,,,,,,,,,,,,,,,,,,,,,,,,,,,,,TN,,,,,,,,,,
445561356.0,1837054941,2024-02-01 16:34:05,321.5,9fde9b753918580c63434a4056f7a0cfc2bbefda,1370232,mozilla-beta,LastVisualChange,True,google-search LastVisualChange opt cold fission webrender,,6,ms,firefox,False,|c|o|l|d| |f|i|s|s|i|o|n| |w|e|b|r|e|n|d|e|r|,,4168542,13,501ef63265451808903c2f1a4acc333b684a8a04,102210fe594ee9b33d82058545b1ed14f4c8206e,linux1804-64-shippable-qr,google-search,True,,,,,,,,,,,,,,,,,,,,,,,,,,,,,,,,,,,,,,,,,,,,,,,,,,TN,,,,,,,,,,
445652406.0,1837394186,2024-02-02 09:03:54,330.4,a8f990a1461e92ea29b178d183739ab4279d355b,1370723,mozilla-beta,LastVisualChange,True,google-search LastVisualChange opt cold fission webrender,,6,ms,firefox,False,|c|o|l|d| |f|i|s|s|i|o|n| |w|e|b|r|e|n|d|e|r|,,4168542,13,501ef63265451808903c2f1a4acc333b684a8a04,102210fe594ee9b33d82058545b1ed14f4c8206e,linux1804-64-shippable-qr,google-search,True,,,,,,,,,,,,,,,,,,,,,,,,,,,,,,,,,,,,,,,,,,,,,,,,,,TN,,,,,,,,,,
445655837.0,1837418181,2024-02-02 09:16:30,337.1,ad9f945b0588b8e71d2bc8a24a4bae78ac518fe7,1370728,mozilla-beta,LastVisualChange,True,google-search LastVisualChange opt cold fission webrender,,6,ms,firefox,False,|c|o|l|d| |f|i|s|s|i|o|n| |w|e|b|r|e|n|d|e|r|,,4168542,13,501ef63265451808903c2f1a4acc333b684a8a04,102210fe594ee9b33d82058545b1ed14f4c8206e,linux1804-64-shippable-qr,google-search,True,,,,,,,,,,,,,,,,,,,,,,,,,,,,,,,,,,,,,,,,,,,,,,,,,,TN,,,,,,,,,,
445741510.0,1837797893,2024-02-02 18:17:20,326.1,2a92c9f6ad73c6919eca1fda86f98e644f90bced,1371042,mozilla-beta,LastVisualChange,True,google-search LastVisualChange opt cold fission webrender,,6,ms,firefox,False,|c|o|l|d| |f|i|s|s|i|o|n| |w|e|b|r|e|n|d|e|r|,,4168542,13,501ef63265451808903c2f1a4acc333b684a8a04,102210fe594ee9b33d82058545b1ed14f4c8206e,linux1804-64-shippable-qr,google-search,True,,,,,,,,,,,,,,,,,,,,,,,,,,,,,,,,,,,,,,,,,,,,,,,,,,TN,,,,,,,,,,
445813687.0,1838074017,2024-02-03 09:17:37,356.4,7514647daa8f9fce23b12cb76cda187c12c65ec9,1371371,mozilla-beta,LastVisualChange,True,google-search LastVisualChange opt cold fission webrender,,6,ms,firefox,False,|c|o|l|d| |f|i|s|s|i|o|n| |w|e|b|r|e|n|d|e|r|,,4168542,13,501ef63265451808903c2f1a4acc333b684a8a04,102210fe594ee9b33d82058545b1ed14f4c8206e,linux1804-64-shippable-qr,google-search,True,,,,,,,,,,,,,,,,,,,,,,,,,,,,,,,,,,,,,,,,,,,,,,,,,,TN,,,,,,,,,,
445854210.0,1838278211,2024-02-04 07:01:15,376.5,b90706774a91a89aad7410bc904246d5f0cc89d6,1371494,mozilla-beta,LastVisualChange,True,google-search LastVisualChange opt cold fission webrender,,6,ms,firefox,False,|c|o|l|d| |f|i|s|s|i|o|n| |w|e|b|r|e|n|d|e|r|,,4168542,13,501ef63265451808903c2f1a4acc333b684a8a04,102210fe594ee9b33d82058545b1ed14f4c8206e,linux1804-64-shippable-qr,google-search,True,,,,,,,,,,,,,,,,,,,,,,,,,,,,,,,,,,,,,,,,,,,,,,,,,,TN,,,,,,,,,,
445854475.0,1838291472,2024-02-04 07:10:52,354.0,97a9e1afca4b4f861b1f512ecb74d9beae03701f,1371498,mozilla-beta,LastVisualChange,True,google-search LastVisualChange opt cold fission webrender,,6,ms,firefox,False,|c|o|l|d| |f|i|s|s|i|o|n| |w|e|b|r|e|n|d|e|r|,,4168542,13,501ef63265451808903c2f1a4acc333b684a8a04,102210fe594ee9b33d82058545b1ed14f4c8206e,linux1804-64-shippable-qr,google-search,True,,,,,,,,,,,,,,,,,,,,,,,,,,,,,,,,,,,,,,,,,,,,,,,,,,TN,,,,,,,,,,
445862539.0,1838318536,2024-02-04 09:20:23,337.7,2e2c077318b2178732ec140527e75b30638a12c7,1371504,mozilla-beta,LastVisualChange,True,google-search LastVisualChange opt cold fission webrender,,6,ms,firefox,False,|c|o|l|d| |f|i|s|s|i|o|n| |w|e|b|r|e|n|d|e|r|,,4168542,13,501ef63265451808903c2f1a4acc333b684a8a04,102210fe594ee9b33d82058545b1ed14f4c8206e,linux1804-64-shippable-qr,google-search,True,,,,,,,,,,,,,,,,,,,,,,,,,,,,,,,,,,,,,,,,,,,,,,,,,,TN,,,,,,,,,,
445924913.0,1838733996,2024-02-05 08:56:25,362.9,b65739114a8d799c15f643b020b341e2822d28c3,1371648,mozilla-beta,LastVisualChange,True,google-search LastVisualChange opt cold fission webrender,,6,ms,firefox,False,|c|o|l|d| |f|i|s|s|i|o|n| |w|e|b|r|e|n|d|e|r|,,4168542,13,501ef63265451808903c2f1a4acc333b684a8a04,102210fe594ee9b33d82058545b1ed14f4c8206e,linux1804-64-shippable-qr,google-search,True,,,,,,,,,,,,,,,,,,,,,,,,,,,,,,,,,,,,,,,,,,,,,,,,,,TN,,,,,,,,,,
445929081.0,1838751729,2024-02-05 09:17:25,366.0,5b697b0438ae5c3ccf005657eae8e3c59d97a05e,1371659,mozilla-beta,LastVisualChange,True,google-search LastVisualChange opt cold fission webrender,,6,ms,firefox,False,|c|o|l|d| |f|i|s|s|i|o|n| |w|e|b|r|e|n|d|e|r|,,4168542,13,501ef63265451808903c2f1a4acc333b684a8a04,102210fe594ee9b33d82058545b1ed14f4c8206e,linux1804-64-shippable-qr,google-search,True,,,,,,,,,,,,,,,,,,,,,,,,,,,,,,,,,,,,,,,,,,,,,,,,,,TN,,,,,,,,,,
446101494.0,1839485704,2024-02-06 08:23:02,318.1,562b0ae0eca50b88282d822fb79af7f8bbf5f9cc,1372463,mozilla-beta,LastVisualChange,True,google-search LastVisualChange opt cold fission webrender,,6,ms,firefox,False,|c|o|l|d| |f|i|s|s|i|o|n| |w|e|b|r|e|n|d|e|r|,,4168542,13,501ef63265451808903c2f1a4acc333b684a8a04,102210fe594ee9b33d82058545b1ed14f4c8206e,linux1804-64-shippable-qr,google-search,True,,,,,,,,,,,,,,,,,,,,,,,,,,,,,,,,,,,,,,,,,,,,,,,,,,TN,,,,,,,,,,
446117728.0,1839588963,2024-02-06 09:14:55,328.1,7e1760ca80cfe6f02a0679e3725187bc2b3ad7d1,1372486,mozilla-beta,LastVisualChange,True,google-search LastVisualChange opt cold fission webrender,,6,ms,firefox,False,|c|o|l|d| |f|i|s|s|i|o|n| |w|e|b|r|e|n|d|e|r|,,4168542,13,501ef63265451808903c2f1a4acc333b684a8a04,102210fe594ee9b33d82058545b1ed14f4c8206e,linux1804-64-shippable-qr,google-search,True,,,,,,,,,,,,,,,,,,,,,,,,,,,,,,,,,,,,,,,,,,,,,,,,,,TN,,,,,,,,,,
446111157.0,1839522015,2024-02-06 09:19:06,310.5,88875300ae7440640f4c3c699b32b8dfac80f396,1372488,mozilla-beta,LastVisualChange,True,google-search LastVisualChange opt cold fission webrender,,6,ms,firefox,False,|c|o|l|d| |f|i|s|s|i|o|n| |w|e|b|r|e|n|d|e|r|,,4168542,13,501ef63265451808903c2f1a4acc333b684a8a04,102210fe594ee9b33d82058545b1ed14f4c8206e,linux1804-64-shippable-qr,google-search,True,,,,,,,,,,,,,,,,,,,,,,,,,,,,,,,,,,,,,,,,,,,,,,,,,,TN,,,,,,,,,,
446116465.0,1839574703,2024-02-06 10:09:38,348.0,6839f8c0d14e712d154a0c8c37fc55087e65f252,1372523,mozilla-beta,LastVisualChange,True,google-search LastVisualChange opt cold fission webrender,,6,ms,firefox,False,|c|o|l|d| |f|i|s|s|i|o|n| |w|e|b|r|e|n|d|e|r|,,4168542,13,501ef63265451808903c2f1a4acc333b684a8a04,102210fe594ee9b33d82058545b1ed14f4c8206e,linux1804-64-shippable-qr,google-search,True,,,,,,,,,,,,,,,,,,,,,,,,,,,,,,,,,,,,,,,,,,,,,,,,,,TN,,,,,,,,,,
446140812.0,1839620465,2024-02-06 11:38:33,357.1,a778bae14c05a2fbe1ba67854cec9accdad55bb3,1372580,mozilla-beta,LastVisualChange,True,google-search LastVisualChange opt cold fission webrender,,6,ms,firefox,False,|c|o|l|d| |f|i|s|s|i|o|n| |w|e|b|r|e|n|d|e|r|,,4168542,13,501ef63265451808903c2f1a4acc333b684a8a04,102210fe594ee9b33d82058545b1ed14f4c8206e,linux1804-64-shippable-qr,google-search,True,,,,,,,,,,,,,,,,,,,,,,,,,,,,,,,,,,,,,,,,,,,,,,,,,,TN,,,,,,,,,,
446155012.0,1839677624,2024-02-06 12:51:40,318.2,65e6d3b19e698ac57830fd1c3d90d4c760ef5eb6,1372610,mozilla-beta,LastVisualChange,True,google-search LastVisualChange opt cold fission webrender,,6,ms,firefox,False,|c|o|l|d| |f|i|s|s|i|o|n| |w|e|b|r|e|n|d|e|r|,,4168542,13,501ef63265451808903c2f1a4acc333b684a8a04,102210fe594ee9b33d82058545b1ed14f4c8206e,linux1804-64-shippable-qr,google-search,True,,,,,,,,,,,,,,,,,,,,,,,,,,,,,,,,,,,,,,,,,,,,,,,,,,TN,,,,,,,,,,
446156854.0,1839692856,2024-02-06 12:53:03,326.1,5dbb0a9f6cb8c0e0aad5b159d134d45f637cb4d1,1372613,mozilla-beta,LastVisualChange,True,google-search LastVisualChange opt cold fission webrender,,6,ms,firefox,False,|c|o|l|d| |f|i|s|s|i|o|n| |w|e|b|r|e|n|d|e|r|,,4168542,13,501ef63265451808903c2f1a4acc333b684a8a04,102210fe594ee9b33d82058545b1ed14f4c8206e,linux1804-64-shippable-qr,google-search,True,,,,,,,,,,,,,,,,,,,,,,,,,,,,,,,,,,,,,,,,,,,,,,,,,,TN,,,,,,,,,,
446166505.0,1839729899,2024-02-06 12:54:32,318.6,d2c9c9c08cc1f40358a5d2292ddf2a06d364b36f,1372616,mozilla-beta,LastVisualChange,True,google-search LastVisualChange opt cold fission webrender,,6,ms,firefox,False,|c|o|l|d| |f|i|s|s|i|o|n| |w|e|b|r|e|n|d|e|r|,,4168542,13,501ef63265451808903c2f1a4acc333b684a8a04,102210fe594ee9b33d82058545b1ed14f4c8206e,linux1804-64-shippable-qr,google-search,True,,,,,,,,,,,,,,,,,,,,,,,,,,,,,,,,,,,,,,,,,,,,,,,,,,TN,,,,,,,,,,
446164890.0,1839719626,2024-02-06 13:21:23,317.4,0f621f6f45f23281875371b9b4ed76fe855e10ce,1372641,mozilla-beta,LastVisualChange,True,google-search LastVisualChange opt cold fission webrender,,6,ms,firefox,False,|c|o|l|d| |f|i|s|s|i|o|n| |w|e|b|r|e|n|d|e|r|,,4168542,13,501ef63265451808903c2f1a4acc333b684a8a04,102210fe594ee9b33d82058545b1ed14f4c8206e,linux1804-64-shippable-qr,google-search,True,,,,,,,,,,,,,,,,,,,,,,,,,,,,,,,,,,,,,,,,,,,,,,,,,,TN,,,,,,,,,,
446185747.0,1839790363,2024-02-06 14:10:46,321.1,fdc4382bbff93e443cb4f76c802464c452a1c722,1372680,mozilla-beta,LastVisualChange,True,google-search LastVisualChange opt cold fission webrender,,6,ms,firefox,False,|c|o|l|d| |f|i|s|s|i|o|n| |w|e|b|r|e|n|d|e|r|,,4168542,13,501ef63265451808903c2f1a4acc333b684a8a04,102210fe594ee9b33d82058545b1ed14f4c8206e,linux1804-64-shippable-qr,google-search,True,,,,,,,,,,,,,,,,,,,,,,,,,,,,,,,,,,,,,,,,,,,,,,,,,,TN,,,,,,,,,,
446177799.0,1839761411,2024-02-06 14:28:58,315.3,a0dafd6bb65c8b87928ff36551826cf901a6ff09,1372692,mozilla-beta,LastVisualChange,True,google-search LastVisualChange opt cold fission webrender,,6,ms,firefox,False,|c|o|l|d| |f|i|s|s|i|o|n| |w|e|b|r|e|n|d|e|r|,,4168542,13,501ef63265451808903c2f1a4acc333b684a8a04,102210fe594ee9b33d82058545b1ed14f4c8206e,linux1804-64-shippable-qr,google-search,True,,,,,,,,,,,,,,,,,,,,,,,,,,,,,,,,,,,,,,,,,,,,,,,,,,TN,,,,,,,,,,
446207105.0,1839870111,2024-02-06 17:18:58,325.4,c1ef3ef6dd3f38275d611b90c8ef24e0b15cc720,1372811,mozilla-beta,LastVisualChange,True,google-search LastVisualChange opt cold fission webrender,,6,ms,firefox,False,|c|o|l|d| |f|i|s|s|i|o|n| |w|e|b|r|e|n|d|e|r|,,4168542,13,501ef63265451808903c2f1a4acc333b684a8a04,102210fe594ee9b33d82058545b1ed14f4c8206e,linux1804-64-shippable-qr,google-search,True,,,,,,,,,,,,,,,,,,,,,,,,,,,,,,,,,,,,,,,,,,,,,,,,,,TN,,,,,,,,,,
446208825.0,1839887821,2024-02-06 17:25:35,314.4,a55f4e64f3a796aac14d741f6a0e9f82e3f768e1,1372823,mozilla-beta,LastVisualChange,True,google-search LastVisualChange opt cold fission webrender,,6,ms,firefox,False,|c|o|l|d| |f|i|s|s|i|o|n| |w|e|b|r|e|n|d|e|r|,,4168542,13,501ef63265451808903c2f1a4acc333b684a8a04,102210fe594ee9b33d82058545b1ed14f4c8206e,linux1804-64-shippable-qr,google-search,True,,,,,,,,,,,,,,,,,,,,,,,,,,,,,,,,,,,,,,,,,,,,,,,,,,TN,,,,,,,,,,
446232558.0,1839981279,2024-02-06 18:19:27,325.6,5cb029591fdb20d1b3fc101ab5f982f71ae93ea9,1372868,mozilla-beta,LastVisualChange,True,google-search LastVisualChange opt cold fission webrender,,6,ms,firefox,False,|c|o|l|d| |f|i|s|s|i|o|n| |w|e|b|r|e|n|d|e|r|,,4168542,13,501ef63265451808903c2f1a4acc333b684a8a04,102210fe594ee9b33d82058545b1ed14f4c8206e,linux1804-64-shippable-qr,google-search,True,,,,,,,,,,,,,,,,,,,,,,,,,,,,,,,,,,,,,,,,,,,,,,,,,,TN,,,,,,,,,,
446235398.0,1839993933,2024-02-06 19:41:20,317.6,945276c7a9a1f818cd476baf76784dacf0786d2a,1372956,mozilla-beta,LastVisualChange,True,google-search LastVisualChange opt cold fission webrender,,6,ms,firefox,False,|c|o|l|d| |f|i|s|s|i|o|n| |w|e|b|r|e|n|d|e|r|,,4168542,13,501ef63265451808903c2f1a4acc333b684a8a04,102210fe594ee9b33d82058545b1ed14f4c8206e,linux1804-64-shippable-qr,google-search,True,,,,,,,,,,,,,,,,,,,,,,,,,,,,,,,,,,,,,,,,,,,,,,,,,,TN,,,,,,,,,,
446243366.0,1840061695,2024-02-06 19:56:07,307.4,ba9cc6824f222a00819ee368fd177b9a9e1a1ca4,1372970,mozilla-beta,LastVisualChange,True,google-search LastVisualChange opt cold fission webrender,,6,ms,firefox,False,|c|o|l|d| |f|i|s|s|i|o|n| |w|e|b|r|e|n|d|e|r|,,4168542,13,501ef63265451808903c2f1a4acc333b684a8a04,102210fe594ee9b33d82058545b1ed14f4c8206e,linux1804-64-shippable-qr,google-search,True,,,,,,,,,,,,,,,,,,,,,,,,,,,,,,,,,,,,,,,,,,,,,,,,,,TN,,,,,,,,,,
446236986.0,1840016023,2024-02-06 20:12:27,306.4,10eea88357d1ac2220fb23638cf6c39d0cbba003,1372975,mozilla-beta,LastVisualChange,True,google-search LastVisualChange opt cold fission webrender,,6,ms,firefox,False,|c|o|l|d| |f|i|s|s|i|o|n| |w|e|b|r|e|n|d|e|r|,,4168542,13,501ef63265451808903c2f1a4acc333b684a8a04,102210fe594ee9b33d82058545b1ed14f4c8206e,linux1804-64-shippable-qr,google-search,True,,,,,,,,,,,,,,,,,,,,,,,,,,,,,,,,,,,,,,,,,,,,,,,,,,TN,,,,,,,,,,
446240834.0,1840047501,2024-02-06 20:35:55,323.8,7c72700cb8d9ccf71ec62fd8331a84674c18571f,1372986,mozilla-beta,LastVisualChange,True,google-search LastVisualChange opt cold fission webrender,,6,ms,firefox,False,|c|o|l|d| |f|i|s|s|i|o|n| |w|e|b|r|e|n|d|e|r|,,4168542,13,501ef63265451808903c2f1a4acc333b684a8a04,102210fe594ee9b33d82058545b1ed14f4c8206e,linux1804-64-shippable-qr,google-search,True,,,,,,,,,,,,,,,,,,,,,,,,,,,,,,,,,,,,,,,,,,,,,,,,,,TN,,,,,,,,,,
446290566.0,1840335932,2024-02-07 07:29:13,362.5,77245ebf8e08ef46554065f805d1c0f0310c6c9a,1373224,mozilla-beta,LastVisualChange,True,google-search LastVisualChange opt cold fission webrender,,6,ms,firefox,False,|c|o|l|d| |f|i|s|s|i|o|n| |w|e|b|r|e|n|d|e|r|,,4168542,13,501ef63265451808903c2f1a4acc333b684a8a04,102210fe594ee9b33d82058545b1ed14f4c8206e,linux1804-64-shippable-qr,google-search,True,,,,,,,,,,,,,,,,,,,,,,,,,,,,,,,,,,,,,,,,,,,,,,,,,,TN,,,,,,,,,,
446302331.0,1840369041,2024-02-07 08:18:56,314.5,1b4583d75b472438e6fed793d30383ca4755bb5a,1373235,mozilla-beta,LastVisualChange,True,google-search LastVisualChange opt cold fission webrender,,6,ms,firefox,False,|c|o|l|d| |f|i|s|s|i|o|n| |w|e|b|r|e|n|d|e|r|,,4168542,13,501ef63265451808903c2f1a4acc333b684a8a04,102210fe594ee9b33d82058545b1ed14f4c8206e,linux1804-64-shippable-qr,google-search,True,,,,,,,,,,,,,,,,,,,,,,,,,,,,,,,,,,,,,,,,,,,,,,,,,,TN,,,,,,,,,,
446305973.0,1840402789,2024-02-07 09:19:58,328.9,e771748109c1517e64c4d3074c8945d0ef233fff,1373258,mozilla-beta,LastVisualChange,True,google-search LastVisualChange opt cold fission webrender,,6,ms,firefox,False,|c|o|l|d| |f|i|s|s|i|o|n| |w|e|b|r|e|n|d|e|r|,,4168542,13,501ef63265451808903c2f1a4acc333b684a8a04,102210fe594ee9b33d82058545b1ed14f4c8206e,linux1804-64-shippable-qr,google-search,True,,,,,,,,,,,,,,,,,,,,,,,,,,,,,,,,,,,,,,,,,,,,,,,,,,TN,,,,,,,,,,
446400881.0,1840707203,2024-02-07 17:29:11,327.1,8f21e7fc0c1b4e1c6bdc2e14432a397e36e0389e,1373631,mozilla-beta,LastVisualChange,True,google-search LastVisualChange opt cold fission webrender,,6,ms,firefox,False,|c|o|l|d| |f|i|s|s|i|o|n| |w|e|b|r|e|n|d|e|r|,,4168542,13,501ef63265451808903c2f1a4acc333b684a8a04,102210fe594ee9b33d82058545b1ed14f4c8206e,linux1804-64-shippable-qr,google-search,True,,,,,,,,,,,,,,,,,,,,,,,,,,,,,,,,,,,,,,,,,,,,,,,,,,TN,,,,,,,,,,
446420950.0,1840816837,2024-02-07 17:31:28,319.1,1b91d8eb60be8c797901bd71b5b44054d9714ed0,1373632,mozilla-beta,LastVisualChange,True,google-search LastVisualChange opt cold fission webrender,,6,ms,firefox,False,|c|o|l|d| |f|i|s|s|i|o|n| |w|e|b|r|e|n|d|e|r|,,4168542,13,501ef63265451808903c2f1a4acc333b684a8a04,102210fe594ee9b33d82058545b1ed14f4c8206e,linux1804-64-shippable-qr,google-search,True,,,,,,,,,,,,,,,,,,,,,,,,,,,,,,,,,,,,,,,,,,,,,,,,,,TN,,,,,,,,,,
446404418.0,1840721206,2024-02-07 18:08:14,325.5,9808901a87ff413ae45b151156e099f99b0fcde2,1373669,mozilla-beta,LastVisualChange,True,google-search LastVisualChange opt cold fission webrender,,6,ms,firefox,False,|c|o|l|d| |f|i|s|s|i|o|n| |w|e|b|r|e|n|d|e|r|,,4168542,13,501ef63265451808903c2f1a4acc333b684a8a04,102210fe594ee9b33d82058545b1ed14f4c8206e,linux1804-64-shippable-qr,google-search,True,,,,,,,,,,,,,,,,,,,,,,,,,,,,,,,,,,,,,,,,,,,,,,,,,,TN,,,,,,,,,,
446448031.0,1840922937,2024-02-07 23:59:27,314.6,453cb7680c52898d60ca64d2d736fe15600a9198,1373889,mozilla-beta,LastVisualChange,True,google-search LastVisualChange opt cold fission webrender,,6,ms,firefox,False,|c|o|l|d| |f|i|s|s|i|o|n| |w|e|b|r|e|n|d|e|r|,,4168542,13,501ef63265451808903c2f1a4acc333b684a8a04,102210fe594ee9b33d82058545b1ed14f4c8206e,linux1804-64-shippable-qr,google-search,True,,,,,,,,,,,,,,,,,,,,,,,,,,,,,,,,,,,,,,,,,,,,,,,,,,TN,,,,,,,,,,
446478403.0,1841107696,2024-02-08 08:14:23,344.7,f51ca575b57686fd78dc5b0e7a89a1bda6aa1e3b,1374017,mozilla-beta,LastVisualChange,True,google-search LastVisualChange opt cold fission webrender,,6,ms,firefox,False,|c|o|l|d| |f|i|s|s|i|o|n| |w|e|b|r|e|n|d|e|r|,,4168542,13,501ef63265451808903c2f1a4acc333b684a8a04,102210fe594ee9b33d82058545b1ed14f4c8206e,linux1804-64-shippable-qr,google-search,True,,,,,,,,,,,,,,,,,,,,,,,,,,,,,,,,,,,,,,,,,,,,,,,,,,TN,,,,,,,,,,
446494005.0,1841155076,2024-02-08 09:19:05,364.4,ddb2e51f3f167c097cecfda69ea5d9219bac8406,1374036,mozilla-beta,LastVisualChange,True,google-search LastVisualChange opt cold fission webrender,,6,ms,firefox,False,|c|o|l|d| |f|i|s|s|i|o|n| |w|e|b|r|e|n|d|e|r|,,4168542,13,501ef63265451808903c2f1a4acc333b684a8a04,102210fe594ee9b33d82058545b1ed14f4c8206e,linux1804-64-shippable-qr,google-search,True,,,,,,,,,,,,,,,,,,,,,,,,,,,,,,,,,,,,,,,,,,,,,,,,,,TN,,,,,,,,,,
446497785.0,1841162924,2024-02-08 11:27:56,351.2,bba1c4f836c2d5b770bb3db1cfb39b611608dbe3,1374095,mozilla-beta,LastVisualChange,True,google-search LastVisualChange opt cold fission webrender,,6,ms,firefox,False,|c|o|l|d| |f|i|s|s|i|o|n| |w|e|b|r|e|n|d|e|r|,,4168542,13,501ef63265451808903c2f1a4acc333b684a8a04,102210fe594ee9b33d82058545b1ed14f4c8206e,linux1804-64-shippable-qr,google-search,True,,,,,,,,,,,,,,,,,,,,,,,,,,,,,,,,,,,,,,,,,,,,,,,,,,TN,,,,,,,,,,
446501683.0,1841178143,2024-02-08 12:17:00,315.9,c0153173d3d82e7c4c4c035f47140d8c3d959074,1374105,mozilla-beta,LastVisualChange,True,google-search LastVisualChange opt cold fission webrender,,6,ms,firefox,False,|c|o|l|d| |f|i|s|s|i|o|n| |w|e|b|r|e|n|d|e|r|,,4168542,13,501ef63265451808903c2f1a4acc333b684a8a04,102210fe594ee9b33d82058545b1ed14f4c8206e,linux1804-64-shippable-qr,google-search,True,,,,,,,,,,,,,,,,,,,,,,,,,,,,,,,,,,,,,,,,,,,,,,,,,,TN,,,,,,,,,,
446510309.0,1841216634,2024-02-08 13:22:33,319.9,adf50cae563ee49db51713af8c792eb00fc75e61,1374115,mozilla-beta,LastVisualChange,True,google-search LastVisualChange opt cold fission webrender,,6,ms,firefox,False,|c|o|l|d| |f|i|s|s|i|o|n| |w|e|b|r|e|n|d|e|r|,,4168542,13,501ef63265451808903c2f1a4acc333b684a8a04,102210fe594ee9b33d82058545b1ed14f4c8206e,linux1804-64-shippable-qr,google-search,True,,,,,,,,,,,,,,,,,,,,,,,,,,,,,,,,,,,,,,,,,,,,,,,,,,TN,,,,,,,,,,
446542643.0,1841346563,2024-02-08 17:32:32,327.4,ee866bff81793c45aecb3f5d7d8f4bd0ea93555b,1374322,mozilla-beta,LastVisualChange,True,google-search LastVisualChange opt cold fission webrender,,6,ms,firefox,False,|c|o|l|d| |f|i|s|s|i|o|n| |w|e|b|r|e|n|d|e|r|,,4168542,13,501ef63265451808903c2f1a4acc333b684a8a04,102210fe594ee9b33d82058545b1ed14f4c8206e,linux1804-64-shippable-qr,google-search,True,,,,,,,,,,,,,,,,,,,,,,,,,,,,,,,,,,,,,,,,,,,,,,,,,,TN,,,,,,,,,,
446561498.0,1841413044,2024-02-08 19:44:44,312.9,98cb75795f830804c6bbbbb8427c6911e6cac7d5,1374447,mozilla-beta,LastVisualChange,True,google-search LastVisualChange opt cold fission webrender,,6,ms,firefox,False,|c|o|l|d| |f|i|s|s|i|o|n| |w|e|b|r|e|n|d|e|r|,,4168542,13,501ef63265451808903c2f1a4acc333b684a8a04,102210fe594ee9b33d82058545b1ed14f4c8206e,linux1804-64-shippable-qr,google-search,True,,,,,,,,,,,,,,,,,,,,,,,,,,,,,,,,,,,,,,,,,,,,,,,,,,TN,,,,,,,,,,
446572044.0,1841469744,2024-02-08 20:39:56,331.0,2994ba711bf024346bee4f7f674bf655fee51d94,1374478,mozilla-beta,LastVisualChange,True,google-search LastVisualChange opt cold fission webrender,,6,ms,firefox,False,|c|o|l|d| |f|i|s|s|i|o|n| |w|e|b|r|e|n|d|e|r|,,4168542,13,501ef63265451808903c2f1a4acc333b684a8a04,102210fe594ee9b33d82058545b1ed14f4c8206e,linux1804-64-shippable-qr,google-search,True,,,,,,,,,,,,,,,,,,,,,,,,,,,,,,,,,,,,,,,,,,,,,,,,,,TN,,,,,,,,,,
446639217.0,1841747312,2024-02-09 08:31:04,326.0,97dd2042617d14565270931303e2df2f84f4a8a9,1374719,mozilla-beta,LastVisualChange,True,google-search LastVisualChange opt cold fission webrender,,6,ms,firefox,False,|c|o|l|d| |f|i|s|s|i|o|n| |w|e|b|r|e|n|d|e|r|,,4168542,13,501ef63265451808903c2f1a4acc333b684a8a04,102210fe594ee9b33d82058545b1ed14f4c8206e,linux1804-64-shippable-qr,google-search,True,,,,,,,,,,,,,,,,,,,,,,,,,,,,,,,,,,,,,,,,,,,,,,,,,,TN,,,,,,,,,,
446643433.0,1841780438,2024-02-09 09:18:12,321.9,c5825068e5e0ce55bb2147e8de9e7f19615ca3d6,1374738,mozilla-beta,LastVisualChange,True,google-search LastVisualChange opt cold fission webrender,,6,ms,firefox,False,|c|o|l|d| |f|i|s|s|i|o|n| |w|e|b|r|e|n|d|e|r|,,4168542,13,501ef63265451808903c2f1a4acc333b684a8a04,102210fe594ee9b33d82058545b1ed14f4c8206e,linux1804-64-shippable-qr,google-search,True,,,,,,,,,,,,,,,,,,,,,,,,,,,,,,,,,,,,,,,,,,,,,,,,,,TN,,,,,,,,,,
446656042.0,1841825893,2024-02-09 10:24:25,362.5,2f3df14b985728e0bcb6a2510d7773bce4749363,1374773,mozilla-beta,LastVisualChange,True,google-search LastVisualChange opt cold fission webrender,,6,ms,firefox,False,|c|o|l|d| |f|i|s|s|i|o|n| |w|e|b|r|e|n|d|e|r|,,4168542,13,501ef63265451808903c2f1a4acc333b684a8a04,102210fe594ee9b33d82058545b1ed14f4c8206e,linux1804-64-shippable-qr,google-search,True,,,,,,,,,,,,,,,,,,,,,,,,,,,,,,,,,,,,,,,,,,,,,,,,,,TN,,,,,,,,,,
446709782.0,1841966622,2024-02-09 14:42:41,313.7,1bb55a790d7a3fdbb2b9723e962f28d26d99e7b6,1374899,mozilla-beta,LastVisualChange,True,google-search LastVisualChange opt cold fission webrender,,6,ms,firefox,False,|c|o|l|d| |f|i|s|s|i|o|n| |w|e|b|r|e|n|d|e|r|,,4168542,13,501ef63265451808903c2f1a4acc333b684a8a04,102210fe594ee9b33d82058545b1ed14f4c8206e,linux1804-64-shippable-qr,google-search,True,,,,,,,,,,,,,,,,,,,,,,,,,,,,,,,,,,,,,,,,,,,,,,,,,,TN,,,,,,,,,,
446792029.0,1842305575,2024-02-10 09:17:14,333.2,1ecc0a4e5e12282711e6fa3f8d0226dd515d03f7,1375372,mozilla-beta,LastVisualChange,True,google-search LastVisualChange opt cold fission webrender,,6,ms,firefox,False,|c|o|l|d| |f|i|s|s|i|o|n| |w|e|b|r|e|n|d|e|r|,,4168542,13,501ef63265451808903c2f1a4acc333b684a8a04,102210fe594ee9b33d82058545b1ed14f4c8206e,linux1804-64-shippable-qr,google-search,True,,,,,,,,,,,,,,,,,,,,,,,,,,,,,,,,,,,,,,,,,,,,,,,,,,TN,,,,,,,,,,
446850590.0,1842558740,2024-02-11 09:17:32,359.4,bfd9eaa704ca4a8e93ea0464631390ffa5a0c1fc,1375470,mozilla-beta,LastVisualChange,True,google-search LastVisualChange opt cold fission webrender,,6,ms,firefox,False,|c|o|l|d| |f|i|s|s|i|o|n| |w|e|b|r|e|n|d|e|r|,,4168542,13,501ef63265451808903c2f1a4acc333b684a8a04,102210fe594ee9b33d82058545b1ed14f4c8206e,linux1804-64-shippable-qr,google-search,True,,,,,,,,,,,,,,,,,,,,,,,,,,,,,,,,,,,,,,,,,,,,,,,,,,TN,,,,,,,,,,
446865978.0,1842585878,2024-02-11 11:34:20,317.6,935359ea03adb54539530b07e6314e7d1c8eea56,1375479,mozilla-beta,LastVisualChange,True,google-search LastVisualChange opt cold fission webrender,,6,ms,firefox,False,|c|o|l|d| |f|i|s|s|i|o|n| |w|e|b|r|e|n|d|e|r|,,4168542,13,501ef63265451808903c2f1a4acc333b684a8a04,102210fe594ee9b33d82058545b1ed14f4c8206e,linux1804-64-shippable-qr,google-search,True,,,,,,,,,,,,,,,,,,,,,,,,,,,,,,,,,,,,,,,,,,,,,,,,,,TN,,,,,,,,,,
446900811.0,1842781802,2024-02-12 09:17:44,319.1,229f1ec7ec2bbd7b577592168557c93e0cc13a01,1375646,mozilla-beta,LastVisualChange,True,google-search LastVisualChange opt cold fission webrender,,6,ms,firefox,False,|c|o|l|d| |f|i|s|s|i|o|n| |w|e|b|r|e|n|d|e|r|,,4168542,13,501ef63265451808903c2f1a4acc333b684a8a04,102210fe594ee9b33d82058545b1ed14f4c8206e,linux1804-64-shippable-qr,google-search,True,,,,,,,,,,,,,,,,,,,,,,,,,,,,,,,,,,,,,,,,,,,,,,,,,,TN,,,,,,,,,,
447616280.0,1845296209,2024-02-19 09:25:31,346.5,efbd175193a69c684c78a68adc4e1862a82ad7b4,1378775,mozilla-beta,LastVisualChange,True,google-search LastVisualChange opt cold fission webrender,,6,ms,firefox,False,|c|o|l|d| |f|i|s|s|i|o|n| |w|e|b|r|e|n|d|e|r|,,4168542,13,501ef63265451808903c2f1a4acc333b684a8a04,102210fe594ee9b33d82058545b1ed14f4c8206e,linux1804-64-shippable-qr,google-search,True,,,,,,,,,,,,,,,,,,,,,,,,,,,,,,,,,,,,,,,,,,,,,,,,,,TN,,,,,,,,,,
447738840.0,1845748843,2024-02-20 09:20:55,359.3,68158ab7c66395248f28b96d9f7f86e11d2e8d60,1379160,mozilla-beta,LastVisualChange,True,google-search LastVisualChange opt cold fission webrender,,6,ms,firefox,False,|c|o|l|d| |f|i|s|s|i|o|n| |w|e|b|r|e|n|d|e|r|,,4168542,13,501ef63265451808903c2f1a4acc333b684a8a04,102210fe594ee9b33d82058545b1ed14f4c8206e,linux1804-64-shippable-qr,google-search,True,,,,,,,,,,,,,,,,,,,,,,,,,,,,,,,,,,,,,,,,,,,,,,,,,,TN,,,,,,,,,,
447876326.0,1846245483,2024-02-21 09:15:58,354.1,f52b92d785d0346848c447a502d5d50bebd2ea53,1379816,mozilla-beta,LastVisualChange,True,google-search LastVisualChange opt cold fission webrender,,6,ms,firefox,False,|c|o|l|d| |f|i|s|s|i|o|n| |w|e|b|r|e|n|d|e|r|,,4168542,13,501ef63265451808903c2f1a4acc333b684a8a04,102210fe594ee9b33d82058545b1ed14f4c8206e,linux1804-64-shippable-qr,google-search,True,,,,,,,,,,,,,,,,,,,,,,,,,,,,,,,,,,,,,,,,,,,,,,,,,,TN,,,,,,,,,,
448049890.0,1847059728,2024-02-22 09:17:41,357.4,92ad84fbd2d3ab2c2d05d5080455a140a126cff5,1380500,mozilla-beta,LastVisualChange,True,google-search LastVisualChange opt cold fission webrender,,6,ms,firefox,False,|c|o|l|d| |f|i|s|s|i|o|n| |w|e|b|r|e|n|d|e|r|,,4168542,13,501ef63265451808903c2f1a4acc333b684a8a04,102210fe594ee9b33d82058545b1ed14f4c8206e,linux1804-64-shippable-qr,google-search,True,,,,,,,,,,,,,,,,,,,,,,,,,,,,,,,,,,,,,,,,,,,,,,,,,,TN,,,,,,,,,,
448192004.0,1847701908,2024-02-23 09:17:06,354.8,1ec7aaea5f3d1777524a7330e076d096399ae4f5,1381265,mozilla-beta,LastVisualChange,True,google-search LastVisualChange opt cold fission webrender,,6,ms,firefox,False,|c|o|l|d| |f|i|s|s|i|o|n| |w|e|b|r|e|n|d|e|r|,,4168542,13,501ef63265451808903c2f1a4acc333b684a8a04,102210fe594ee9b33d82058545b1ed14f4c8206e,linux1804-64-shippable-qr,google-search,True,,,,,,,,,,,,,,,,,,,,,,,,,,,,,,,,,,,,,,,,,,,,,,,,,,TN,,,,,,,,,,
448336385.0,1848260897,2024-02-24 09:17:22,359.7,957eaa7c057ac32303286a9f151e40393de97f35,1381908,mozilla-beta,LastVisualChange,True,google-search LastVisualChange opt cold fission webrender,,6,ms,firefox,False,|c|o|l|d| |f|i|s|s|i|o|n| |w|e|b|r|e|n|d|e|r|,,4168542,13,501ef63265451808903c2f1a4acc333b684a8a04,102210fe594ee9b33d82058545b1ed14f4c8206e,linux1804-64-shippable-qr,google-search,True,,,,,,,,,,,,,,,,,,,,,,,,,,,,,,,,,,,,,,,,,,,,,,,,,,TN,,,,,,,,,,
448390898.0,1848451080,2024-02-25 09:17:37,346.7,934697c1247f8a7f0990d97d055540f17de9b474,1382031,mozilla-beta,LastVisualChange,True,google-search LastVisualChange opt cold fission webrender,,6,ms,firefox,False,|c|o|l|d| |f|i|s|s|i|o|n| |w|e|b|r|e|n|d|e|r|,,4168542,13,501ef63265451808903c2f1a4acc333b684a8a04,102210fe594ee9b33d82058545b1ed14f4c8206e,linux1804-64-shippable-qr,google-search,True,,,,,,,,,,,,,,,,,,,,,,,,,,,,,,,,,,,,,,,,,,,,,,,,,,TN,,,,,,,,,,
448444846.0,1848628331,2024-02-26 09:19:39,362.6,ae07067467cc71fb031882787bfc03933b389664,1382178,mozilla-beta,LastVisualChange,True,google-search LastVisualChange opt cold fission webrender,,6,ms,firefox,False,|c|o|l|d| |f|i|s|s|i|o|n| |w|e|b|r|e|n|d|e|r|,,4168542,13,501ef63265451808903c2f1a4acc333b684a8a04,102210fe594ee9b33d82058545b1ed14f4c8206e,linux1804-64-shippable-qr,google-search,True,,,,,,,,,,,,,,,,,,,,,,,,,,,,,,,,,,,,,,,,,,,,,,,,,,TN,,,,,,,,,,
448602095.0,1849286839,2024-02-27 09:15:26,332.8,0999ed6a09f562ac5680ce7111c3611857a93c49,1382853,mozilla-beta,LastVisualChange,True,google-search LastVisualChange opt cold fission webrender,,6,ms,firefox,False,|c|o|l|d| |f|i|s|s|i|o|n| |w|e|b|r|e|n|d|e|r|,,4168542,13,501ef63265451808903c2f1a4acc333b684a8a04,102210fe594ee9b33d82058545b1ed14f4c8206e,linux1804-64-shippable-qr,google-search,True,,,,,,,,,,,,,,,,,,,,,,,,,,,,,,,,,,,,,,,,,,,,,,,,,,TN,,,,,,,,,,
448756787.0,1849878281,2024-02-28 09:17:14,309.1,401ddd57f906d5e7ca764f87db82b58a9532b1b7,1383641,mozilla-beta,LastVisualChange,True,google-search LastVisualChange opt cold fission webrender,,6,ms,firefox,False,|c|o|l|d| |f|i|s|s|i|o|n| |w|e|b|r|e|n|d|e|r|,,4168542,13,501ef63265451808903c2f1a4acc333b684a8a04,102210fe594ee9b33d82058545b1ed14f4c8206e,linux1804-64-shippable-qr,google-search,True,,,,,,,,,,,,,,,,,,,,,,,,,,,,,,,,,,,,,,,,,,,,,,,,,,TN,,,,,,,,,,
448942510.0,1850588122,2024-02-29 09:18:56,328.5,47a022d40eee30f09c94e7ed9ab0c07c76658c43,1384386,mozilla-beta,LastVisualChange,True,google-search LastVisualChange opt cold fission webrender,,6,ms,firefox,False,|c|o|l|d| |f|i|s|s|i|o|n| |w|e|b|r|e|n|d|e|r|,,4168542,13,501ef63265451808903c2f1a4acc333b684a8a04,102210fe594ee9b33d82058545b1ed14f4c8206e,linux1804-64-shippable-qr,google-search,True,,,,,,,,,,,,,,,,,,,,,,,,,,,,,,,,,,,,,,,,,,,,,,,,,,TN,,,,,,,,,,
449086709.0,1851241067,2024-03-01 09:18:52,358.7,4460e94868c1046b2812fc3a0940966d4a98a7c5,1385270,mozilla-beta,LastVisualChange,True,google-search LastVisualChange opt cold fission webrender,,6,ms,firefox,False,|c|o|l|d| |f|i|s|s|i|o|n| |w|e|b|r|e|n|d|e|r|,,4168542,13,501ef63265451808903c2f1a4acc333b684a8a04,102210fe594ee9b33d82058545b1ed14f4c8206e,linux1804-64-shippable-qr,google-search,True,,,,,,,,,,,,,,,,,,,,,,,,,,,,,,,,,,,,,,,,,,,,,,,,,,TN,,,,,,,,,,
449201734.0,1851680229,2024-03-02 09:17:43,372.4,1cb56ccffcba9313d8620178c2972a667fcfb441,1385896,mozilla-beta,LastVisualChange,True,google-search LastVisualChange opt cold fission webrender,,6,ms,firefox,False,|c|o|l|d| |f|i|s|s|i|o|n| |w|e|b|r|e|n|d|e|r|,,4168542,13,501ef63265451808903c2f1a4acc333b684a8a04,102210fe594ee9b33d82058545b1ed14f4c8206e,linux1804-64-shippable-qr,google-search,True,,,,,,,,,,,,,,,,,,,,,,,,,,,,,,,,,,,,,,,,,,,,,,,,,,TN,,,,,,,,,,
449306048.0,1852092522,2024-03-03 09:19:05,327.7,bfdc95d345acc33d49664c07e599896f13fcfe83,1386049,mozilla-beta,LastVisualChange,True,google-search LastVisualChange opt cold fission webrender,,6,ms,firefox,False,|c|o|l|d| |f|i|s|s|i|o|n| |w|e|b|r|e|n|d|e|r|,,4168542,13,501ef63265451808903c2f1a4acc333b684a8a04,102210fe594ee9b33d82058545b1ed14f4c8206e,linux1804-64-shippable-qr,google-search,True,,,,,,,,,,,,,,,,,,,,,,,,,,,,,,,,,,,,,,,,,,,,,,,,,,TN,,,,,,,,,,
449382375.0,1852420289,2024-03-04 09:17:53,356.3,27d659cebabdf65399b834419b955970b7063987,1386240,mozilla-beta,LastVisualChange,True,google-search LastVisualChange opt cold fission webrender,,6,ms,firefox,False,|c|o|l|d| |f|i|s|s|i|o|n| |w|e|b|r|e|n|d|e|r|,,4168542,13,501ef63265451808903c2f1a4acc333b684a8a04,102210fe594ee9b33d82058545b1ed14f4c8206e,linux1804-64-shippable-qr,google-search,True,,,,,,,,,,,,,,,,,,,,,,,,,,,,,,,,,,,,,,,,,,,,,,,,,,TN,,,,,,,,,,
449584686.0,1853117461,2024-03-05 09:18:16,319.5,ca3c73cda9454065f94c8042e1ab22f3b63d37e4,1387064,mozilla-beta,LastVisualChange,True,google-search LastVisualChange opt cold fission webrender,,6,ms,firefox,False,|c|o|l|d| |f|i|s|s|i|o|n| |w|e|b|r|e|n|d|e|r|,,4168542,13,501ef63265451808903c2f1a4acc333b684a8a04,102210fe594ee9b33d82058545b1ed14f4c8206e,linux1804-64-shippable-qr,google-search,True,,,,,,,,,,,,,,,,,,,,,,,,,,,,,,,,,,,,,,,,,,,,,,,,,,TN,,,,,,,,,,
449755545.0,1853753347,2024-03-06 10:47:56,313.1,e3e0e69d83f0a2b2c37c8c08e660f9e1258c0cdb,1388026,mozilla-beta,LastVisualChange,True,google-search LastVisualChange opt cold fission webrender,,6,ms,firefox,False,|c|o|l|d| |f|i|s|s|i|o|n| |w|e|b|r|e|n|d|e|r|,,4168542,13,501ef63265451808903c2f1a4acc333b684a8a04,102210fe594ee9b33d82058545b1ed14f4c8206e,linux1804-64-shippable-qr,google-search,True,,,,,,,,,,,,,,,,,,,,,,,,,,,,,,,,,,,,,,,,,,,,,,,,,,TN,,,,,,,,,,
449915343.0,1854403804,2024-03-07 09:17:51,311.2,f8d8807e88c8d0cef0e81df53f18d2599dba30c0,1388859,mozilla-beta,LastVisualChange,True,google-search LastVisualChange opt cold fission webrender,,6,ms,firefox,False,|c|o|l|d| |f|i|s|s|i|o|n| |w|e|b|r|e|n|d|e|r|,,4168542,13,501ef63265451808903c2f1a4acc333b684a8a04,102210fe594ee9b33d82058545b1ed14f4c8206e,linux1804-64-shippable-qr,google-search,True,,,,,,,,,,,,,,,,,,,,,,,,,,,,,,,,,,,,,,,,,,,,,,,,,,TN,,,,,,,,,,
450053336.0,1855048124,2024-03-08 09:16:26,348.9,70ebd4ce1fd92e981156d6ee8b4c83924bbcf9bc,1389590,mozilla-beta,LastVisualChange,True,google-search LastVisualChange opt cold fission webrender,,6,ms,firefox,False,|c|o|l|d| |f|i|s|s|i|o|n| |w|e|b|r|e|n|d|e|r|,,4168542,13,501ef63265451808903c2f1a4acc333b684a8a04,102210fe594ee9b33d82058545b1ed14f4c8206e,linux1804-64-shippable-qr,google-search,True,,,,,,,,,,,,,,,,,,,,,,,,,,,,,,,,,,,,,,,,,,,,,,,,,,TN,,,,,,,,,,
450187457.0,1855579312,2024-03-09 09:18:50,318.2,cf5738c4ba92559e15bf68b7425362ee9cf06c4f,1390177,mozilla-beta,LastVisualChange,True,google-search LastVisualChange opt cold fission webrender,,6,ms,firefox,False,|c|o|l|d| |f|i|s|s|i|o|n| |w|e|b|r|e|n|d|e|r|,,4168542,13,501ef63265451808903c2f1a4acc333b684a8a04,102210fe594ee9b33d82058545b1ed14f4c8206e,linux1804-64-shippable-qr,google-search,True,,,,,,,,,,,,,,,,,,,,,,,,,,,,,,,,,,,,,,,,,,,,,,,,,,TN,,,,,,,,,,
450245482.0,1855776247,2024-03-10 09:17:47,324.2,540aff2c4e3fb06d8f2d7237c0f97e2607f66db2,1390270,mozilla-beta,LastVisualChange,True,google-search LastVisualChange opt cold fission webrender,,6,ms,firefox,False,|c|o|l|d| |f|i|s|s|i|o|n| |w|e|b|r|e|n|d|e|r|,,4168542,13,501ef63265451808903c2f1a4acc333b684a8a04,102210fe594ee9b33d82058545b1ed14f4c8206e,linux1804-64-shippable-qr,google-search,True,,,,,,,,,,,,,,,,,,,,,,,,,,,,,,,,,,,,,,,,,,,,,,,,,,TN,,,,,,,,,,
450307382.0,1856044646,2024-03-11 09:18:41,314.5,0cf99846ae207384b7b0d487a0c2bdc891c41b98,1390441,mozilla-beta,LastVisualChange,True,google-search LastVisualChange opt cold fission webrender,,6,ms,firefox,False,|c|o|l|d| |f|i|s|s|i|o|n| |w|e|b|r|e|n|d|e|r|,,4168542,13,501ef63265451808903c2f1a4acc333b684a8a04,102210fe594ee9b33d82058545b1ed14f4c8206e,linux1804-64-shippable-qr,google-search,True,,,,,,,,,,,,,,,,,,,,,,,,,,,,,,,,,,,,,,,,,,,,,,,,,,TN,,,,,,,,,,
450466585.0,1856633824,2024-03-11 14:13:13,318.0,0e1d5dc220c3bfb832d713de0ad1146da80622aa,1390540,mozilla-beta,LastVisualChange,True,google-search LastVisualChange opt cold fission webrender,,6,ms,firefox,False,|c|o|l|d| |f|i|s|s|i|o|n| |w|e|b|r|e|n|d|e|r|,,4168542,13,501ef63265451808903c2f1a4acc333b684a8a04,102210fe594ee9b33d82058545b1ed14f4c8206e,linux1804-64-shippable-qr,google-search,True,,,,,,,,,,,,,,,,,,,,,,,,,,,,,,,,,,,,,,,,,,,,,,,,,,TN,,,,,,,,,,
451102544.0,1859469719,2024-03-18 08:55:08,317.8,566939372e5a2716a9508a1acde76dc7c4a2511d,1394231,mozilla-beta,LastVisualChange,True,google-search LastVisualChange opt cold fission webrender,,6,ms,firefox,False,|c|o|l|d| |f|i|s|s|i|o|n| |w|e|b|r|e|n|d|e|r|,,4168542,13,501ef63265451808903c2f1a4acc333b684a8a04,102210fe594ee9b33d82058545b1ed14f4c8206e,linux1804-64-shippable-qr,google-search,True,,,,,,,,,,,,,,,,,,,,,,,,,,,,,,,,,,,,,,,,,,,,,,,,,,TN,,,,,,,,,,
451274261.0,1860129960,2024-03-19 09:38:35,332.6,0a6626ed41f59eb0256321549dcb596810cde22a,1394680,mozilla-beta,LastVisualChange,True,google-search LastVisualChange opt cold fission webrender,,6,ms,firefox,False,|c|o|l|d| |f|i|s|s|i|o|n| |w|e|b|r|e|n|d|e|r|,,4168542,13,501ef63265451808903c2f1a4acc333b684a8a04,102210fe594ee9b33d82058545b1ed14f4c8206e,linux1804-64-shippable-qr,google-search,True,,,,,,,,,,,,,,,,,,,,,,,,,,,,,,,,,,,,,,,,,,,,,,,,,,TN,,,,,,,,,,
451456262.0,1860881984,2024-03-20 09:17:24,338.1,ffae974400aead10a82798846de082587d2f8981,1395090,mozilla-beta,LastVisualChange,True,google-search LastVisualChange opt cold fission webrender,,6,ms,firefox,False,|c|o|l|d| |f|i|s|s|i|o|n| |w|e|b|r|e|n|d|e|r|,,4168542,13,501ef63265451808903c2f1a4acc333b684a8a04,102210fe594ee9b33d82058545b1ed14f4c8206e,linux1804-64-shippable-qr,google-search,True,,,,,,,,,,,,,,,,,,,,,,,,,,,,,,,,,,,,,,,,,,,,,,,,,,TN,,,,,,,,,,
451651116.0,1861649768,2024-03-21 09:16:03,313.1,5ef320087fe3720e882d8e1c7a12b1295c818ebd,1395733,mozilla-beta,LastVisualChange,True,google-search LastVisualChange opt cold fission webrender,,6,ms,firefox,False,|c|o|l|d| |f|i|s|s|i|o|n| |w|e|b|r|e|n|d|e|r|,,4168542,13,501ef63265451808903c2f1a4acc333b684a8a04,102210fe594ee9b33d82058545b1ed14f4c8206e,linux1804-64-shippable-qr,google-search,True,,,,,,,,,,,,,,,,,,,,,,,,,,,,,,,,,,,,,,,,,,,,,,,,,,TN,,,,,,,,,,
451876497.0,1862456681,2024-03-22 09:16:22,327.7,ee89d28fdf0e54ffce41da17f83535e68cbb3c2d,1397233,mozilla-beta,LastVisualChange,True,google-search LastVisualChange opt cold fission webrender,,6,ms,firefox,False,|c|o|l|d| |f|i|s|s|i|o|n| |w|e|b|r|e|n|d|e|r|,,4168542,13,501ef63265451808903c2f1a4acc333b684a8a04,102210fe594ee9b33d82058545b1ed14f4c8206e,linux1804-64-shippable-qr,google-search,True,,,,,,,,,,,,,,,,,,,,,,,,,,,,,,,,,,,,,,,,,,,,,,,,,,TN,,,,,,,,,,
452005125.0,1863002145,2024-03-23 09:19:32,326.0,77e3a282dfd4685e94c03ecd5b18624226e19b27,1397823,mozilla-beta,LastVisualChange,True,google-search LastVisualChange opt cold fission webrender,,6,ms,firefox,False,|c|o|l|d| |f|i|s|s|i|o|n| |w|e|b|r|e|n|d|e|r|,,4168542,13,501ef63265451808903c2f1a4acc333b684a8a04,102210fe594ee9b33d82058545b1ed14f4c8206e,linux1804-64-shippable-qr,google-search,True,,,,,,,,,,,,,,,,,,,,,,,,,,,,,,,,,,,,,,,,,,,,,,,,,,TN,,,,,,,,,,
452071377.0,1863275385,2024-03-24 09:20:06,323.4,3d85a80706c8f8aa0641870ddd524cfea4891444,1397933,mozilla-beta,LastVisualChange,True,google-search LastVisualChange opt cold fission webrender,,6,ms,firefox,False,|c|o|l|d| |f|i|s|s|i|o|n| |w|e|b|r|e|n|d|e|r|,,4168542,13,501ef63265451808903c2f1a4acc333b684a8a04,102210fe594ee9b33d82058545b1ed14f4c8206e,linux1804-64-shippable-qr,google-search,True,,,,,,,,,,,,,,,,,,,,,,,,,,,,,,,,,,,,,,,,,,,,,,,,,,TN,,,,,,,,,,
452147233.0,1863598697,2024-03-25 09:14:08,333.2,e44d7c643476811488fd811c8bba2509843641c1,1398053,mozilla-beta,LastVisualChange,True,google-search LastVisualChange opt cold fission webrender,,6,ms,firefox,False,|c|o|l|d| |f|i|s|s|i|o|n| |w|e|b|r|e|n|d|e|r|,,4168542,13,501ef63265451808903c2f1a4acc333b684a8a04,102210fe594ee9b33d82058545b1ed14f4c8206e,linux1804-64-shippable-qr,google-search,True,,,,,,,,,,,,,,,,,,,,,,,,,,,,,,,,,,,,,,,,,,,,,,,,,,TN,,,,,,,,,,
452325934.0,1864343185,2024-03-26 09:15:47,368.6,d301ddf00248b484c7738710f6c8b8505b83f314,1398856,mozilla-beta,LastVisualChange,True,google-search LastVisualChange opt cold fission webrender,,6,ms,firefox,False,|c|o|l|d| |f|i|s|s|i|o|n| |w|e|b|r|e|n|d|e|r|,,4168542,13,501ef63265451808903c2f1a4acc333b684a8a04,102210fe594ee9b33d82058545b1ed14f4c8206e,linux1804-64-shippable-qr,google-search,True,,,,,,,,,,,,,,,,,,,,,,,,,,,,,,,,,,,,,,,,,,,,,,,,,,TN,,,,,,,,,,
452491846.0,1865053172,2024-03-27 09:22:50,326.0,2961c0291c90821915e323eb718526343c9002f6,1399681,mozilla-beta,LastVisualChange,True,google-search LastVisualChange opt cold fission webrender,,6,ms,firefox,False,|c|o|l|d| |f|i|s|s|i|o|n| |w|e|b|r|e|n|d|e|r|,,4168542,13,501ef63265451808903c2f1a4acc333b684a8a04,102210fe594ee9b33d82058545b1ed14f4c8206e,linux1804-64-shippable-qr,google-search,True,,,,,,,,,,,,,,,,,,,,,,,,,,,,,,,,,,,,,,,,,,,,,,,,,,TN,,,,,,,,,,
452664668.0,1865696724,2024-03-28 09:19:58,362.8,d8ff3d0abda00419cb16fc609e8bd1b548a22f20,1400430,mozilla-beta,LastVisualChange,True,google-search LastVisualChange opt cold fission webrender,,6,ms,firefox,False,|c|o|l|d| |f|i|s|s|i|o|n| |w|e|b|r|e|n|d|e|r|,,4168542,13,501ef63265451808903c2f1a4acc333b684a8a04,102210fe594ee9b33d82058545b1ed14f4c8206e,linux1804-64-shippable-qr,google-search,True,,,,,,,,,,,,,,,,,,,,,,,,,,,,,,,,,,,,,,,,,,,,,,,,,,TN,,,,,,,,,,
452805294.0,1866308996,2024-03-29 09:19:18,331.3,9d8459103ff084e7123569e4154861e4814b1a5c,1401077,mozilla-beta,LastVisualChange,True,google-search LastVisualChange opt cold fission webrender,,6,ms,firefox,False,|c|o|l|d| |f|i|s|s|i|o|n| |w|e|b|r|e|n|d|e|r|,,4168542,13,501ef63265451808903c2f1a4acc333b684a8a04,102210fe594ee9b33d82058545b1ed14f4c8206e,linux1804-64-shippable-qr,google-search,True,,,,,,,,,,,,,,,,,,,,,,,,,,,,,,,,,,,,,,,,,,,,,,,,,,TN,,,,,,,,,,
452920337.0,1866758358,2024-03-30 09:18:58,322.3,fba6666cd8c543502ed302f3b88b3f3a3ad1b0a5,1401447,mozilla-beta,LastVisualChange,True,google-search LastVisualChange opt cold fission webrender,,6,ms,firefox,False,|c|o|l|d| |f|i|s|s|i|o|n| |w|e|b|r|e|n|d|e|r|,,4168542,13,501ef63265451808903c2f1a4acc333b684a8a04,102210fe594ee9b33d82058545b1ed14f4c8206e,linux1804-64-shippable-qr,google-search,True,,,,,,,,,,,,,,,,,,,,,,,,,,,,,,,,,,,,,,,,,,,,,,,,,,TN,,,,,,,,,,
452976761.0,1866984741,2024-03-31 09:17:23,321.1,6d71e191ef0c59ab08e1f033675d55f11f8d745f,1401517,mozilla-beta,LastVisualChange,True,google-search LastVisualChange opt cold fission webrender,,6,ms,firefox,False,|c|o|l|d| |f|i|s|s|i|o|n| |w|e|b|r|e|n|d|e|r|,,4168542,13,501ef63265451808903c2f1a4acc333b684a8a04,102210fe594ee9b33d82058545b1ed14f4c8206e,linux1804-64-shippable-qr,google-search,True,,,,,,,,,,,,,,,,,,,,,,,,,,,,,,,,,,,,,,,,,,,,,,,,,,TN,,,,,,,,,,
453033908.0,1867174529,2024-04-01 09:16:00,322.5,705c01f25fd07ab305f171f08f4ec807d926b61a,1401632,mozilla-beta,LastVisualChange,True,google-search LastVisualChange opt cold fission webrender,,6,ms,firefox,False,|c|o|l|d| |f|i|s|s|i|o|n| |w|e|b|r|e|n|d|e|r|,,4168542,13,501ef63265451808903c2f1a4acc333b684a8a04,102210fe594ee9b33d82058545b1ed14f4c8206e,linux1804-64-shippable-qr,google-search,True,,,,,,,,,,,,,,,,,,,,,,,,,,,,,,,,,,,,,,,,,,,,,,,,,,TN,,,,,,,,,,
