repository_name,signature_id,framework_id,signature_hash,machine_platform,should_alert,has_subtests,extra_options,tags,option_collection_hash,test,suite,lower_is_better,name,parent_signature,repository_id,measurement_unit,application,job_id,entry_id,push_timestamp,value,revision,push_id
mozilla-beta,4169841,13,08a4b1c8b40e780c5e1ecb6c2516eea4d9acafb2,macosx1015-64-shippable-qr,True,False,,|f|i|s|s|i|o|n| |w|a|r|m| |w|e|b|r|e|n|d|e|r|,102210fe594ee9b33d82058545b1ed14f4c8206e,LastVisualChange,imdb,True,imdb LastVisualChange opt fission warm webrender,,6,ms,firefox,,1698821589,2023-05-22T10:20:25,920.0,59efee44047ab7ec777916f9f2aa533eb33a25fe,1244253
mozilla-beta,4169841,13,08a4b1c8b40e780c5e1ecb6c2516eea4d9acafb2,macosx1015-64-shippable-qr,True,False,,|f|i|s|s|i|o|n| |w|a|r|m| |w|e|b|r|e|n|d|e|r|,102210fe594ee9b33d82058545b1ed14f4c8206e,LastVisualChange,imdb,True,imdb LastVisualChange opt fission warm webrender,,6,ms,firefox,,1698909388,2023-05-22T12:50:35,920.0,f64639378b47382ab57adf6203e2b94c99e1f3cf,1244349
mozilla-beta,4169841,13,08a4b1c8b40e780c5e1ecb6c2516eea4d9acafb2,macosx1015-64-shippable-qr,True,False,,|f|i|s|s|i|o|n| |w|a|r|m| |w|e|b|r|e|n|d|e|r|,102210fe594ee9b33d82058545b1ed14f4c8206e,LastVisualChange,imdb,True,imdb LastVisualChange opt fission warm webrender,,6,ms,firefox,,1699065295,2023-05-22T18:02:38,880.0,3a78a160d7584e6f7624cc20ea364b05d4a3671a,1244588
mozilla-beta,4169841,13,08a4b1c8b40e780c5e1ecb6c2516eea4d9acafb2,macosx1015-64-shippable-qr,True,False,,|f|i|s|s|i|o|n| |w|a|r|m| |w|e|b|r|e|n|d|e|r|,102210fe594ee9b33d82058545b1ed14f4c8206e,LastVisualChange,imdb,True,imdb LastVisualChange opt fission warm webrender,,6,ms,firefox,,1699261100,2023-05-23T09:18:46,880.0,ed40737cb95a517f2a77404a8191d1cd46bbb10b,1244938
mozilla-beta,4169841,13,08a4b1c8b40e780c5e1ecb6c2516eea4d9acafb2,macosx1015-64-shippable-qr,True,False,,|f|i|s|s|i|o|n| |w|a|r|m| |w|e|b|r|e|n|d|e|r|,102210fe594ee9b33d82058545b1ed14f4c8206e,LastVisualChange,imdb,True,imdb LastVisualChange opt fission warm webrender,,6,ms,firefox,,1699409642,2023-05-23T13:09:04,880.0,8eecf106862ea56b832570bd15d10d6e6cd34fe8,1245056
mozilla-beta,4169841,13,08a4b1c8b40e780c5e1ecb6c2516eea4d9acafb2,macosx1015-64-shippable-qr,True,False,,|f|i|s|s|i|o|n| |w|a|r|m| |w|e|b|r|e|n|d|e|r|,102210fe594ee9b33d82058545b1ed14f4c8206e,LastVisualChange,imdb,True,imdb LastVisualChange opt fission warm webrender,,6,ms,firefox,,1699547935,2023-05-23T16:30:53,880.0,18f79b69b59438d998569d811b6f77b0764b3c23,1245237
mozilla-beta,4169841,13,08a4b1c8b40e780c5e1ecb6c2516eea4d9acafb2,macosx1015-64-shippable-qr,True,False,,|f|i|s|s|i|o|n| |w|a|r|m| |w|e|b|r|e|n|d|e|r|,102210fe594ee9b33d82058545b1ed14f4c8206e,LastVisualChange,imdb,True,imdb LastVisualChange opt fission warm webrender,,6,ms,firefox,,1699602506,2023-05-23T16:49:14,880.0,53ee070b649541904b75cbdf9d2b418385b407f7,1245253
mozilla-beta,4169841,13,08a4b1c8b40e780c5e1ecb6c2516eea4d9acafb2,macosx1015-64-shippable-qr,True,False,,|f|i|s|s|i|o|n| |w|a|r|m| |w|e|b|r|e|n|d|e|r|,102210fe594ee9b33d82058545b1ed14f4c8206e,LastVisualChange,imdb,True,imdb LastVisualChange opt fission warm webrender,,6,ms,firefox,,1699566427,2023-05-23T17:46:44,920.0,ac0c93ea38fc5dc013c2c0776560d70a84f234f0,1245316
mozilla-beta,4169841,13,08a4b1c8b40e780c5e1ecb6c2516eea4d9acafb2,macosx1015-64-shippable-qr,True,False,,|f|i|s|s|i|o|n| |w|a|r|m| |w|e|b|r|e|n|d|e|r|,102210fe594ee9b33d82058545b1ed14f4c8206e,LastVisualChange,imdb,True,imdb LastVisualChange opt fission warm webrender,,6,ms,firefox,,1699577866,2023-05-23T18:02:01,920.0,82dc2107af48651dbb964da6c32de7b2c2bc2da3,1245332
mozilla-beta,4169841,13,08a4b1c8b40e780c5e1ecb6c2516eea4d9acafb2,macosx1015-64-shippable-qr,True,False,,|f|i|s|s|i|o|n| |w|a|r|m| |w|e|b|r|e|n|d|e|r|,102210fe594ee9b33d82058545b1ed14f4c8206e,LastVisualChange,imdb,True,imdb LastVisualChange opt fission warm webrender,,6,ms,firefox,,1699619780,2023-05-23T18:36:58,920.0,5f16ffade66ea830c83471e923c1921281da22da,1245358
mozilla-beta,4169841,13,08a4b1c8b40e780c5e1ecb6c2516eea4d9acafb2,macosx1015-64-shippable-qr,True,False,,|f|i|s|s|i|o|n| |w|a|r|m| |w|e|b|r|e|n|d|e|r|,102210fe594ee9b33d82058545b1ed14f4c8206e,LastVisualChange,imdb,True,imdb LastVisualChange opt fission warm webrender,,6,ms,firefox,,1699881469,2023-05-24T06:14:16,960.0,0d591a2b6b3d3c7d1b867a7570fb7a9ea35d950f,1245634
mozilla-beta,4169841,13,08a4b1c8b40e780c5e1ecb6c2516eea4d9acafb2,macosx1015-64-shippable-qr,True,False,,|f|i|s|s|i|o|n| |w|a|r|m| |w|e|b|r|e|n|d|e|r|,102210fe594ee9b33d82058545b1ed14f4c8206e,LastVisualChange,imdb,True,imdb LastVisualChange opt fission warm webrender,,6,ms,firefox,,1700226625,2023-05-24T17:59:27,880.0,7e6afebb6539e964f4e791df7fa66f37f64f0cb1,1246073
mozilla-beta,4169841,13,08a4b1c8b40e780c5e1ecb6c2516eea4d9acafb2,macosx1015-64-shippable-qr,True,False,,|f|i|s|s|i|o|n| |w|a|r|m| |w|e|b|r|e|n|d|e|r|,102210fe594ee9b33d82058545b1ed14f4c8206e,LastVisualChange,imdb,True,imdb LastVisualChange opt fission warm webrender,,6,ms,firefox,,1700519716,2023-05-25T08:53:12,880.0,549d05e67d9150f81a94be134aec3adbc3978974,1246512
mozilla-beta,4169841,13,08a4b1c8b40e780c5e1ecb6c2516eea4d9acafb2,macosx1015-64-shippable-qr,True,False,,|f|i|s|s|i|o|n| |w|a|r|m| |w|e|b|r|e|n|d|e|r|,102210fe594ee9b33d82058545b1ed14f4c8206e,LastVisualChange,imdb,True,imdb LastVisualChange opt fission warm webrender,,6,ms,firefox,,1700609874,2023-05-25T12:01:03,880.0,74857120017a848c1e6eb33a8f5e3b67ec1af7e7,1246620
mozilla-beta,4169841,13,08a4b1c8b40e780c5e1ecb6c2516eea4d9acafb2,macosx1015-64-shippable-qr,True,False,,|f|i|s|s|i|o|n| |w|a|r|m| |w|e|b|r|e|n|d|e|r|,102210fe594ee9b33d82058545b1ed14f4c8206e,LastVisualChange,imdb,True,imdb LastVisualChange opt fission warm webrender,,6,ms,firefox,,1700731553,2023-05-25T16:17:59,920.0,06950c28b7b2ea4afb667dfddd9c2c1b629b1e95,1246803
mozilla-beta,4169841,13,08a4b1c8b40e780c5e1ecb6c2516eea4d9acafb2,macosx1015-64-shippable-qr,True,False,,|f|i|s|s|i|o|n| |w|a|r|m| |w|e|b|r|e|n|d|e|r|,102210fe594ee9b33d82058545b1ed14f4c8206e,LastVisualChange,imdb,True,imdb LastVisualChange opt fission warm webrender,,6,ms,firefox,,1700837849,2023-05-25T18:01:43,880.0,c7f69f20eeaa34260e1425c2783f389ee3a21904,1246893
mozilla-beta,4169841,13,08a4b1c8b40e780c5e1ecb6c2516eea4d9acafb2,macosx1015-64-shippable-qr,True,False,,|f|i|s|s|i|o|n| |w|a|r|m| |w|e|b|r|e|n|d|e|r|,102210fe594ee9b33d82058545b1ed14f4c8206e,LastVisualChange,imdb,True,imdb LastVisualChange opt fission warm webrender,,6,ms,firefox,,1701734855,2023-05-26T18:00:45,880.0,7c4f19e995f5243c1f86e92af5962c3055e9431c,1247633
mozilla-beta,4169841,13,08a4b1c8b40e780c5e1ecb6c2516eea4d9acafb2,macosx1015-64-shippable-qr,True,False,,|f|i|s|s|i|o|n| |w|a|r|m| |w|e|b|r|e|n|d|e|r|,102210fe594ee9b33d82058545b1ed14f4c8206e,LastVisualChange,imdb,True,imdb LastVisualChange opt fission warm webrender,,6,ms,firefox,,1701860114,2023-05-27T09:49:02,840.0,130936826227158557214316326ca1e98c7e7512,1247941
mozilla-beta,4169841,13,08a4b1c8b40e780c5e1ecb6c2516eea4d9acafb2,macosx1015-64-shippable-qr,True,False,,|f|i|s|s|i|o|n| |w|a|r|m| |w|e|b|r|e|n|d|e|r|,102210fe594ee9b33d82058545b1ed14f4c8206e,LastVisualChange,imdb,True,imdb LastVisualChange opt fission warm webrender,,6,ms,firefox,,1701946857,2023-05-27T18:01:21,880.0,1e44db86acddef53ca97589679c211bb70dbfb46,1247970
mozilla-beta,4169841,13,08a4b1c8b40e780c5e1ecb6c2516eea4d9acafb2,macosx1015-64-shippable-qr,True,False,,|f|i|s|s|i|o|n| |w|a|r|m| |w|e|b|r|e|n|d|e|r|,102210fe594ee9b33d82058545b1ed14f4c8206e,LastVisualChange,imdb,True,imdb LastVisualChange opt fission warm webrender,,6,ms,firefox,,1702023845,2023-05-28T17:59:00,880.0,9ab1d5eef731342cf698f2efc5002cf687480992,1248023
mozilla-beta,4169841,13,08a4b1c8b40e780c5e1ecb6c2516eea4d9acafb2,macosx1015-64-shippable-qr,True,False,,|f|i|s|s|i|o|n| |w|a|r|m| |w|e|b|r|e|n|d|e|r|,102210fe594ee9b33d82058545b1ed14f4c8206e,LastVisualChange,imdb,True,imdb LastVisualChange opt fission warm webrender,,6,ms,firefox,,1705973830,2023-06-05T14:23:29,920.0,eb0e5efeb4144e02db4898c481ab299e4ffbe5a5,1251794
mozilla-beta,4169841,13,08a4b1c8b40e780c5e1ecb6c2516eea4d9acafb2,macosx1015-64-shippable-qr,True,False,,|f|i|s|s|i|o|n| |w|a|r|m| |w|e|b|r|e|n|d|e|r|,102210fe594ee9b33d82058545b1ed14f4c8206e,LastVisualChange,imdb,True,imdb LastVisualChange opt fission warm webrender,,6,ms,firefox,,1706054177,2023-06-05T15:57:01,880.0,8b6f8763d212b11acd7421760ab63612ce65bda4,1251874
mozilla-beta,4169841,13,08a4b1c8b40e780c5e1ecb6c2516eea4d9acafb2,macosx1015-64-shippable-qr,True,False,,|f|i|s|s|i|o|n| |w|a|r|m| |w|e|b|r|e|n|d|e|r|,102210fe594ee9b33d82058545b1ed14f4c8206e,LastVisualChange,imdb,True,imdb LastVisualChange opt fission warm webrender,,6,ms,firefox,,1706148759,2023-06-05T17:59:24,880.0,3a0243249f1d09b3f0c43845ba322404a24b2d6b,1251964
mozilla-beta,4169841,13,08a4b1c8b40e780c5e1ecb6c2516eea4d9acafb2,macosx1015-64-shippable-qr,True,False,,|f|i|s|s|i|o|n| |w|a|r|m| |w|e|b|r|e|n|d|e|r|,102210fe594ee9b33d82058545b1ed14f4c8206e,LastVisualChange,imdb,True,imdb LastVisualChange opt fission warm webrender,,6,ms,firefox,,1706231284,2023-06-05T21:08:31,920.0,6c846bc8f52c1e5b929c199b58a33a4dc24df8f5,1252114
mozilla-beta,4169841,13,08a4b1c8b40e780c5e1ecb6c2516eea4d9acafb2,macosx1015-64-shippable-qr,True,False,,|f|i|s|s|i|o|n| |w|a|r|m| |w|e|b|r|e|n|d|e|r|,102210fe594ee9b33d82058545b1ed14f4c8206e,LastVisualChange,imdb,True,imdb LastVisualChange opt fission warm webrender,,6,ms,firefox,,1706489426,2023-06-06T09:09:48,880.0,5f036ce2680a08b950cbfadd770beba129cbb195,1252381
mozilla-beta,4169841,13,08a4b1c8b40e780c5e1ecb6c2516eea4d9acafb2,macosx1015-64-shippable-qr,True,False,,|f|i|s|s|i|o|n| |w|a|r|m| |w|e|b|r|e|n|d|e|r|,102210fe594ee9b33d82058545b1ed14f4c8206e,LastVisualChange,imdb,True,imdb LastVisualChange opt fission warm webrender,,6,ms,firefox,,1706797343,2023-06-06T16:19:01,920.0,5d89dee91e755667a691f2b544a063709213138b,1252629
mozilla-beta,4169841,13,08a4b1c8b40e780c5e1ecb6c2516eea4d9acafb2,macosx1015-64-shippable-qr,True,False,,|f|i|s|s|i|o|n| |w|a|r|m| |w|e|b|r|e|n|d|e|r|,102210fe594ee9b33d82058545b1ed14f4c8206e,LastVisualChange,imdb,True,imdb LastVisualChange opt fission warm webrender,,6,ms,firefox,,1706829930,2023-06-06T18:01:12,920.0,10ed1bfdc481f14670072cdbf87a69d9212c0d6c,1252674
mozilla-beta,4169841,13,08a4b1c8b40e780c5e1ecb6c2516eea4d9acafb2,macosx1015-64-shippable-qr,True,False,,|f|i|s|s|i|o|n| |w|a|r|m| |w|e|b|r|e|n|d|e|r|,102210fe594ee9b33d82058545b1ed14f4c8206e,LastVisualChange,imdb,True,imdb LastVisualChange opt fission warm webrender,,6,ms,firefox,,1707475234,2023-06-07T16:41:52,920.0,bd9ba4216df4d4c08f1a70ecb66009f13ee08aaa,1253259
mozilla-beta,4169841,13,08a4b1c8b40e780c5e1ecb6c2516eea4d9acafb2,macosx1015-64-shippable-qr,True,False,,|f|i|s|s|i|o|n| |w|a|r|m| |w|e|b|r|e|n|d|e|r|,102210fe594ee9b33d82058545b1ed14f4c8206e,LastVisualChange,imdb,True,imdb LastVisualChange opt fission warm webrender,,6,ms,firefox,,1707508399,2023-06-07T17:56:51,920.0,eb1d2dce0bdff337836b19b97828f2dcf437f25e,1253314
mozilla-beta,4169841,13,08a4b1c8b40e780c5e1ecb6c2516eea4d9acafb2,macosx1015-64-shippable-qr,True,False,,|f|i|s|s|i|o|n| |w|a|r|m| |w|e|b|r|e|n|d|e|r|,102210fe594ee9b33d82058545b1ed14f4c8206e,LastVisualChange,imdb,True,imdb LastVisualChange opt fission warm webrender,,6,ms,firefox,,1708076710,2023-06-08T13:18:16,920.0,b0bc9752e921bdc9e4c9de470cbf5fcf72061330,1253873
mozilla-beta,4169841,13,08a4b1c8b40e780c5e1ecb6c2516eea4d9acafb2,macosx1015-64-shippable-qr,True,False,,|f|i|s|s|i|o|n| |w|a|r|m| |w|e|b|r|e|n|d|e|r|,102210fe594ee9b33d82058545b1ed14f4c8206e,LastVisualChange,imdb,True,imdb LastVisualChange opt fission warm webrender,,6,ms,firefox,,1708242489,2023-06-08T17:59:52,920.0,7123a4cb9219dc73123928c80505ef5544239e3c,1254099
mozilla-beta,4169841,13,08a4b1c8b40e780c5e1ecb6c2516eea4d9acafb2,macosx1015-64-shippable-qr,True,False,,|f|i|s|s|i|o|n| |w|a|r|m| |w|e|b|r|e|n|d|e|r|,102210fe594ee9b33d82058545b1ed14f4c8206e,LastVisualChange,imdb,True,imdb LastVisualChange opt fission warm webrender,,6,ms,firefox,,1708363968,2023-06-08T21:41:16,920.0,8ef0eed85dd1724df18acbc52ede7bda8d19d4ca,1254264
mozilla-beta,4169841,13,08a4b1c8b40e780c5e1ecb6c2516eea4d9acafb2,macosx1015-64-shippable-qr,True,False,,|f|i|s|s|i|o|n| |w|a|r|m| |w|e|b|r|e|n|d|e|r|,102210fe594ee9b33d82058545b1ed14f4c8206e,LastVisualChange,imdb,True,imdb LastVisualChange opt fission warm webrender,,6,ms,firefox,,1708710849,2023-06-09T13:50:39,920.0,7b1a019c17f8faeb278c5ff106b55a8737c63e4d,1254632
mozilla-beta,4169841,13,08a4b1c8b40e780c5e1ecb6c2516eea4d9acafb2,macosx1015-64-shippable-qr,True,False,,|f|i|s|s|i|o|n| |w|a|r|m| |w|e|b|r|e|n|d|e|r|,102210fe594ee9b33d82058545b1ed14f4c8206e,LastVisualChange,imdb,True,imdb LastVisualChange opt fission warm webrender,,6,ms,firefox,,1708843917,2023-06-09T18:01:58,880.0,c2d0daebef20fa875f5260a684fe17c55e129a35,1254819
mozilla-beta,4169841,13,08a4b1c8b40e780c5e1ecb6c2516eea4d9acafb2,macosx1015-64-shippable-qr,True,False,,|f|i|s|s|i|o|n| |w|a|r|m| |w|e|b|r|e|n|d|e|r|,102210fe594ee9b33d82058545b1ed14f4c8206e,LastVisualChange,imdb,True,imdb LastVisualChange opt fission warm webrender,,6,ms,firefox,,1709215727,2023-06-10T18:00:11,920.0,5fdbfc5f981230abe820c6b234bcf7262e366be0,1255248
mozilla-beta,4169841,13,08a4b1c8b40e780c5e1ecb6c2516eea4d9acafb2,macosx1015-64-shippable-qr,True,False,,|f|i|s|s|i|o|n| |w|a|r|m| |w|e|b|r|e|n|d|e|r|,102210fe594ee9b33d82058545b1ed14f4c8206e,LastVisualChange,imdb,True,imdb LastVisualChange opt fission warm webrender,,6,ms,firefox,,1709482556,2023-06-11T14:48:42,920.0,b00e6f811a19a3b7ed808efda6906dde57f88e71,1255364
mozilla-beta,4169841,13,08a4b1c8b40e780c5e1ecb6c2516eea4d9acafb2,macosx1015-64-shippable-qr,True,False,,|f|i|s|s|i|o|n| |w|a|r|m| |w|e|b|r|e|n|d|e|r|,102210fe594ee9b33d82058545b1ed14f4c8206e,LastVisualChange,imdb,True,imdb LastVisualChange opt fission warm webrender,,6,ms,firefox,,1709517029,2023-06-11T18:03:00,920.0,fb3ad1dbd6bbf62e33596cc17abc8bff6a4f425f,1255381
mozilla-beta,4169841,13,08a4b1c8b40e780c5e1ecb6c2516eea4d9acafb2,macosx1015-64-shippable-qr,True,False,,|f|i|s|s|i|o|n| |w|a|r|m| |w|e|b|r|e|n|d|e|r|,102210fe594ee9b33d82058545b1ed14f4c8206e,LastVisualChange,imdb,True,imdb LastVisualChange opt fission warm webrender,,6,ms,firefox,,1709949016,2023-06-12T13:25:59,880.0,5951b4f28e66d24853b3a42841374e1beec510f9,1255703
mozilla-beta,4169841,13,08a4b1c8b40e780c5e1ecb6c2516eea4d9acafb2,macosx1015-64-shippable-qr,True,False,,|f|i|s|s|i|o|n| |w|a|r|m| |w|e|b|r|e|n|d|e|r|,102210fe594ee9b33d82058545b1ed14f4c8206e,LastVisualChange,imdb,True,imdb LastVisualChange opt fission warm webrender,,6,ms,firefox,,1710093947,2023-06-12T17:59:34,920.0,795df8f2c2a47a7beef0be639b8c4796877a5c14,1255857
mozilla-beta,4169841,13,08a4b1c8b40e780c5e1ecb6c2516eea4d9acafb2,macosx1015-64-shippable-qr,True,False,,|f|i|s|s|i|o|n| |w|a|r|m| |w|e|b|r|e|n|d|e|r|,102210fe594ee9b33d82058545b1ed14f4c8206e,LastVisualChange,imdb,True,imdb LastVisualChange opt fission warm webrender,,6,ms,firefox,,1710192317,2023-06-12T21:24:58,920.0,1617cf9288b5d9d85d3cde49ead5c3a8452963e4,1256015
mozilla-beta,4169841,13,08a4b1c8b40e780c5e1ecb6c2516eea4d9acafb2,macosx1015-64-shippable-qr,True,False,,|f|i|s|s|i|o|n| |w|a|r|m| |w|e|b|r|e|n|d|e|r|,102210fe594ee9b33d82058545b1ed14f4c8206e,LastVisualChange,imdb,True,imdb LastVisualChange opt fission warm webrender,,6,ms,firefox,,1710583547,2023-06-13T13:44:08,920.0,43f24f969b5b2820fa906b6f56770b9bf8e41982,1256472
mozilla-beta,4169841,13,08a4b1c8b40e780c5e1ecb6c2516eea4d9acafb2,macosx1015-64-shippable-qr,True,False,,|f|i|s|s|i|o|n| |w|a|r|m| |w|e|b|r|e|n|d|e|r|,102210fe594ee9b33d82058545b1ed14f4c8206e,LastVisualChange,imdb,True,imdb LastVisualChange opt fission warm webrender,,6,ms,firefox,,1710721870,2023-06-13T17:45:06,880.0,5cacd05ad73e50693f7c5cfd239e806f0e58ec8f,1256646
mozilla-beta,4169841,13,08a4b1c8b40e780c5e1ecb6c2516eea4d9acafb2,macosx1015-64-shippable-qr,True,False,,|f|i|s|s|i|o|n| |w|a|r|m| |w|e|b|r|e|n|d|e|r|,102210fe594ee9b33d82058545b1ed14f4c8206e,LastVisualChange,imdb,True,imdb LastVisualChange opt fission warm webrender,,6,ms,firefox,,1710740539,2023-06-13T18:00:33,920.0,c5a9aa9f93cf2309ec4a0cdabdf71b31c3bd3ab6,1256653
mozilla-beta,4169841,13,08a4b1c8b40e780c5e1ecb6c2516eea4d9acafb2,macosx1015-64-shippable-qr,True,False,,|f|i|s|s|i|o|n| |w|a|r|m| |w|e|b|r|e|n|d|e|r|,102210fe594ee9b33d82058545b1ed14f4c8206e,LastVisualChange,imdb,True,imdb LastVisualChange opt fission warm webrender,,6,ms,firefox,,1710785555,2023-06-13T19:54:13,920.0,66b9443a2c92f97fbf62417687051ad4e85b1800,1256729
mozilla-beta,4169841,13,08a4b1c8b40e780c5e1ecb6c2516eea4d9acafb2,macosx1015-64-shippable-qr,True,False,,|f|i|s|s|i|o|n| |w|a|r|m| |w|e|b|r|e|n|d|e|r|,102210fe594ee9b33d82058545b1ed14f4c8206e,LastVisualChange,imdb,True,imdb LastVisualChange opt fission warm webrender,,6,ms,firefox,,1711117051,2023-06-14T12:30:00,920.0,f6e68416dea42dbf642d2efe416f7727ac761f11,1257097
mozilla-beta,4169841,13,08a4b1c8b40e780c5e1ecb6c2516eea4d9acafb2,macosx1015-64-shippable-qr,True,False,,|f|i|s|s|i|o|n| |w|a|r|m| |w|e|b|r|e|n|d|e|r|,102210fe594ee9b33d82058545b1ed14f4c8206e,LastVisualChange,imdb,True,imdb LastVisualChange opt fission warm webrender,,6,ms,firefox,,1711328374,2023-06-14T16:03:12,920.0,62d1fc48dcd7fd3d026f5cad77c3092d3b93a961,1257228
mozilla-beta,4169841,13,08a4b1c8b40e780c5e1ecb6c2516eea4d9acafb2,macosx1015-64-shippable-qr,True,False,,|f|i|s|s|i|o|n| |w|a|r|m| |w|e|b|r|e|n|d|e|r|,102210fe594ee9b33d82058545b1ed14f4c8206e,LastVisualChange,imdb,True,imdb LastVisualChange opt fission warm webrender,,6,ms,firefox,,1711296832,2023-06-14T16:07:57,880.0,d01da3405b1219c2d0cc7b559ee0627ad5d8aa5a,1257231
mozilla-beta,4169841,13,08a4b1c8b40e780c5e1ecb6c2516eea4d9acafb2,macosx1015-64-shippable-qr,True,False,,|f|i|s|s|i|o|n| |w|a|r|m| |w|e|b|r|e|n|d|e|r|,102210fe594ee9b33d82058545b1ed14f4c8206e,LastVisualChange,imdb,True,imdb LastVisualChange opt fission warm webrender,,6,ms,firefox,,1711378374,2023-06-14T18:02:29,920.0,c7ff17c6e0144679b7b925a25177776fcec58f8b,1257301
mozilla-beta,4169841,13,08a4b1c8b40e780c5e1ecb6c2516eea4d9acafb2,macosx1015-64-shippable-qr,True,False,,|f|i|s|s|i|o|n| |w|a|r|m| |w|e|b|r|e|n|d|e|r|,102210fe594ee9b33d82058545b1ed14f4c8206e,LastVisualChange,imdb,True,imdb LastVisualChange opt fission warm webrender,,6,ms,firefox,,1711396522,2023-06-14T18:51:27,920.0,64f4243f24b70557c280aa6ddafcc846f384dba8,1257357
mozilla-beta,4169841,13,08a4b1c8b40e780c5e1ecb6c2516eea4d9acafb2,macosx1015-64-shippable-qr,True,False,,|f|i|s|s|i|o|n| |w|a|r|m| |w|e|b|r|e|n|d|e|r|,102210fe594ee9b33d82058545b1ed14f4c8206e,LastVisualChange,imdb,True,imdb LastVisualChange opt fission warm webrender,,6,ms,firefox,,1711462428,2023-06-14T19:16:52,880.0,a81117b03f450c9706e21d0d94dec160cc74d836,1257378
mozilla-beta,4169841,13,08a4b1c8b40e780c5e1ecb6c2516eea4d9acafb2,macosx1015-64-shippable-qr,True,False,,|f|i|s|s|i|o|n| |w|a|r|m| |w|e|b|r|e|n|d|e|r|,102210fe594ee9b33d82058545b1ed14f4c8206e,LastVisualChange,imdb,True,imdb LastVisualChange opt fission warm webrender,,6,ms,firefox,,1711520516,2023-06-14T21:35:27,880.0,2f3cce1e72fe61e4643225e21ac84ccebe84ed30,1257504
mozilla-beta,4169841,13,08a4b1c8b40e780c5e1ecb6c2516eea4d9acafb2,macosx1015-64-shippable-qr,True,False,,|f|i|s|s|i|o|n| |w|a|r|m| |w|e|b|r|e|n|d|e|r|,102210fe594ee9b33d82058545b1ed14f4c8206e,LastVisualChange,imdb,True,imdb LastVisualChange opt fission warm webrender,,6,ms,firefox,,1711899877,2023-06-15T12:50:03,920.0,694f250817cbf4e56d9f88ab3982978b5b1ddfeb,1257977
mozilla-beta,4169841,13,08a4b1c8b40e780c5e1ecb6c2516eea4d9acafb2,macosx1015-64-shippable-qr,True,False,,|f|i|s|s|i|o|n| |w|a|r|m| |w|e|b|r|e|n|d|e|r|,102210fe594ee9b33d82058545b1ed14f4c8206e,LastVisualChange,imdb,True,imdb LastVisualChange opt fission warm webrender,,6,ms,firefox,,1711948745,2023-06-15T13:23:28,920.0,eb3baa1099b7d11565cc634be3a14b4946fa26c7,1257996
mozilla-beta,4169841,13,08a4b1c8b40e780c5e1ecb6c2516eea4d9acafb2,macosx1015-64-shippable-qr,True,False,,|f|i|s|s|i|o|n| |w|a|r|m| |w|e|b|r|e|n|d|e|r|,102210fe594ee9b33d82058545b1ed14f4c8206e,LastVisualChange,imdb,True,imdb LastVisualChange opt fission warm webrender,,6,ms,firefox,,1712072001,2023-06-15T16:46:36,920.0,342783aaf1e5ad6a8b40b22a1618c81a719c436b,1258166
mozilla-beta,4169841,13,08a4b1c8b40e780c5e1ecb6c2516eea4d9acafb2,macosx1015-64-shippable-qr,True,False,,|f|i|s|s|i|o|n| |w|a|r|m| |w|e|b|r|e|n|d|e|r|,102210fe594ee9b33d82058545b1ed14f4c8206e,LastVisualChange,imdb,True,imdb LastVisualChange opt fission warm webrender,,6,ms,firefox,,1712137816,2023-06-15T17:58:02,920.0,9eef95942305594426974a54ca94dd63489c7df0,1258224
mozilla-beta,4169841,13,08a4b1c8b40e780c5e1ecb6c2516eea4d9acafb2,macosx1015-64-shippable-qr,True,False,,|f|i|s|s|i|o|n| |w|a|r|m| |w|e|b|r|e|n|d|e|r|,102210fe594ee9b33d82058545b1ed14f4c8206e,LastVisualChange,imdb,True,imdb LastVisualChange opt fission warm webrender,,6,ms,firefox,,1712623605,2023-06-16T12:17:47,920.0,e25852ed404ec6289f7c9f1023510a8444d4483a,1258818
mozilla-beta,4169841,13,08a4b1c8b40e780c5e1ecb6c2516eea4d9acafb2,macosx1015-64-shippable-qr,True,False,,|f|i|s|s|i|o|n| |w|a|r|m| |w|e|b|r|e|n|d|e|r|,102210fe594ee9b33d82058545b1ed14f4c8206e,LastVisualChange,imdb,True,imdb LastVisualChange opt fission warm webrender,,6,ms,firefox,,1712681870,2023-06-16T14:00:16,880.0,9c261dccd96ad7615ed5dfa6bb2130b2d3199fee,1258885
mozilla-beta,4169841,13,08a4b1c8b40e780c5e1ecb6c2516eea4d9acafb2,macosx1015-64-shippable-qr,True,False,,|f|i|s|s|i|o|n| |w|a|r|m| |w|e|b|r|e|n|d|e|r|,102210fe594ee9b33d82058545b1ed14f4c8206e,LastVisualChange,imdb,True,imdb LastVisualChange opt fission warm webrender,,6,ms,firefox,,1712834838,2023-06-16T16:25:38,880.0,2d70dba8bc4fac04fc507a6843648c65e655a9fc,1259000
mozilla-beta,4169841,13,08a4b1c8b40e780c5e1ecb6c2516eea4d9acafb2,macosx1015-64-shippable-qr,True,False,,|f|i|s|s|i|o|n| |w|a|r|m| |w|e|b|r|e|n|d|e|r|,102210fe594ee9b33d82058545b1ed14f4c8206e,LastVisualChange,imdb,True,imdb LastVisualChange opt fission warm webrender,,6,ms,firefox,,1712858199,2023-06-16T17:26:28,880.0,0d1afa980fd5e9592d083e71a8f7b15c55d8da7a,1259042
mozilla-beta,4169841,13,08a4b1c8b40e780c5e1ecb6c2516eea4d9acafb2,macosx1015-64-shippable-qr,True,False,,|f|i|s|s|i|o|n| |w|a|r|m| |w|e|b|r|e|n|d|e|r|,102210fe594ee9b33d82058545b1ed14f4c8206e,LastVisualChange,imdb,True,imdb LastVisualChange opt fission warm webrender,,6,ms,firefox,,1712892032,2023-06-16T18:00:51,880.0,674af946dedcc6cb70fb6618f3260776f1b576a3,1259071
mozilla-beta,4169841,13,08a4b1c8b40e780c5e1ecb6c2516eea4d9acafb2,macosx1015-64-shippable-qr,True,False,,|f|i|s|s|i|o|n| |w|a|r|m| |w|e|b|r|e|n|d|e|r|,102210fe594ee9b33d82058545b1ed14f4c8206e,LastVisualChange,imdb,True,imdb LastVisualChange opt fission warm webrender,,6,ms,firefox,,1712905965,2023-06-16T18:38:48,920.0,52a96b277058ecfdb1675b8b331a6600d9ed0a72,1259110
mozilla-beta,4169841,13,08a4b1c8b40e780c5e1ecb6c2516eea4d9acafb2,macosx1015-64-shippable-qr,True,False,,|f|i|s|s|i|o|n| |w|a|r|m| |w|e|b|r|e|n|d|e|r|,102210fe594ee9b33d82058545b1ed14f4c8206e,LastVisualChange,imdb,True,imdb LastVisualChange opt fission warm webrender,,6,ms,firefox,,1713194036,2023-06-17T14:26:16,880.0,a0f771ea7ef5471029c3c2df766b55bb375dec59,1259379
mozilla-beta,4169841,13,08a4b1c8b40e780c5e1ecb6c2516eea4d9acafb2,macosx1015-64-shippable-qr,True,False,,|f|i|s|s|i|o|n| |w|a|r|m| |w|e|b|r|e|n|d|e|r|,102210fe594ee9b33d82058545b1ed14f4c8206e,LastVisualChange,imdb,True,imdb LastVisualChange opt fission warm webrender,,6,ms,firefox,,1713245366,2023-06-17T17:58:30,880.0,9bea68f5a93823e72353cd0a13950265001dea22,1259394
mozilla-beta,4169841,13,08a4b1c8b40e780c5e1ecb6c2516eea4d9acafb2,macosx1015-64-shippable-qr,True,False,,|f|i|s|s|i|o|n| |w|a|r|m| |w|e|b|r|e|n|d|e|r|,102210fe594ee9b33d82058545b1ed14f4c8206e,LastVisualChange,imdb,True,imdb LastVisualChange opt fission warm webrender,,6,ms,firefox,,1713516512,2023-06-18T18:02:18,880.0,b27c9dccd8728a3110d43ec3316d685a30479f7e,1259476
mozilla-beta,4169841,13,08a4b1c8b40e780c5e1ecb6c2516eea4d9acafb2,macosx1015-64-shippable-qr,True,False,,|f|i|s|s|i|o|n| |w|a|r|m| |w|e|b|r|e|n|d|e|r|,102210fe594ee9b33d82058545b1ed14f4c8206e,LastVisualChange,imdb,True,imdb LastVisualChange opt fission warm webrender,,6,ms,firefox,,1716739536,2023-06-18T21:21:10,920.0,d82596838f77e24060489e3ad23ca13dde9baffb,1259490
mozilla-beta,4169841,13,08a4b1c8b40e780c5e1ecb6c2516eea4d9acafb2,macosx1015-64-shippable-qr,True,False,,|f|i|s|s|i|o|n| |w|a|r|m| |w|e|b|r|e|n|d|e|r|,102210fe594ee9b33d82058545b1ed14f4c8206e,LastVisualChange,imdb,True,imdb LastVisualChange opt fission warm webrender,,6,ms,firefox,,1716739733,2023-06-18T21:28:03,880.0,a5340dc5d6ba4fdf86935c4b482a32b818da326d,1259492
mozilla-beta,4169841,13,08a4b1c8b40e780c5e1ecb6c2516eea4d9acafb2,macosx1015-64-shippable-qr,True,False,,|f|i|s|s|i|o|n| |w|a|r|m| |w|e|b|r|e|n|d|e|r|,102210fe594ee9b33d82058545b1ed14f4c8206e,LastVisualChange,imdb,True,imdb LastVisualChange opt fission warm webrender,,6,ms,firefox,,1716743206,2023-06-18T21:28:03,880.0,a5340dc5d6ba4fdf86935c4b482a32b818da326d,1259492
mozilla-beta,4169841,13,08a4b1c8b40e780c5e1ecb6c2516eea4d9acafb2,macosx1015-64-shippable-qr,True,False,,|f|i|s|s|i|o|n| |w|a|r|m| |w|e|b|r|e|n|d|e|r|,102210fe594ee9b33d82058545b1ed14f4c8206e,LastVisualChange,imdb,True,imdb LastVisualChange opt fission warm webrender,,6,ms,firefox,,1716735689,2023-06-19T00:01:20,880.0,103a27f06bf0c9ffb600d92a49c37f9334051632,1259507
mozilla-beta,4169841,13,08a4b1c8b40e780c5e1ecb6c2516eea4d9acafb2,macosx1015-64-shippable-qr,True,False,,|f|i|s|s|i|o|n| |w|a|r|m| |w|e|b|r|e|n|d|e|r|,102210fe594ee9b33d82058545b1ed14f4c8206e,LastVisualChange,imdb,True,imdb LastVisualChange opt fission warm webrender,,6,ms,firefox,,1716742678,2023-06-19T00:01:20,880.0,103a27f06bf0c9ffb600d92a49c37f9334051632,1259507
mozilla-beta,4169841,13,08a4b1c8b40e780c5e1ecb6c2516eea4d9acafb2,macosx1015-64-shippable-qr,True,False,,|f|i|s|s|i|o|n| |w|a|r|m| |w|e|b|r|e|n|d|e|r|,102210fe594ee9b33d82058545b1ed14f4c8206e,LastVisualChange,imdb,True,imdb LastVisualChange opt fission warm webrender,,6,ms,firefox,,1716732434,2023-06-19T00:10:17,880.0,fda4d5a594e305538da7446129486e0c94174f48,1259508
mozilla-beta,4169841,13,08a4b1c8b40e780c5e1ecb6c2516eea4d9acafb2,macosx1015-64-shippable-qr,True,False,,|f|i|s|s|i|o|n| |w|a|r|m| |w|e|b|r|e|n|d|e|r|,102210fe594ee9b33d82058545b1ed14f4c8206e,LastVisualChange,imdb,True,imdb LastVisualChange opt fission warm webrender,,6,ms,firefox,,1716734410,2023-06-19T00:10:17,920.0,fda4d5a594e305538da7446129486e0c94174f48,1259508
mozilla-beta,4169841,13,08a4b1c8b40e780c5e1ecb6c2516eea4d9acafb2,macosx1015-64-shippable-qr,True,False,,|f|i|s|s|i|o|n| |w|a|r|m| |w|e|b|r|e|n|d|e|r|,102210fe594ee9b33d82058545b1ed14f4c8206e,LastVisualChange,imdb,True,imdb LastVisualChange opt fission warm webrender,,6,ms,firefox,,1714011361,2023-06-19T13:34:03,920.0,adf8be9db85188012cda047766ed806a2017ec5d,1259766
mozilla-beta,4169841,13,08a4b1c8b40e780c5e1ecb6c2516eea4d9acafb2,macosx1015-64-shippable-qr,True,False,,|f|i|s|s|i|o|n| |w|a|r|m| |w|e|b|r|e|n|d|e|r|,102210fe594ee9b33d82058545b1ed14f4c8206e,LastVisualChange,imdb,True,imdb LastVisualChange opt fission warm webrender,,6,ms,firefox,,1714105760,2023-06-19T18:00:07,920.0,f5a4c8a56c4084fb474ef9a83dc8099331777010,1259894
mozilla-beta,4169841,13,08a4b1c8b40e780c5e1ecb6c2516eea4d9acafb2,macosx1015-64-shippable-qr,True,False,,|f|i|s|s|i|o|n| |w|a|r|m| |w|e|b|r|e|n|d|e|r|,102210fe594ee9b33d82058545b1ed14f4c8206e,LastVisualChange,imdb,True,imdb LastVisualChange opt fission warm webrender,,6,ms,firefox,,1714752109,2023-06-20T13:15:48,880.0,1fd1675876cf4ace179d70ab72cf9cc67ef382fd,1260317
mozilla-beta,4169841,13,08a4b1c8b40e780c5e1ecb6c2516eea4d9acafb2,macosx1015-64-shippable-qr,True,False,,|f|i|s|s|i|o|n| |w|a|r|m| |w|e|b|r|e|n|d|e|r|,102210fe594ee9b33d82058545b1ed14f4c8206e,LastVisualChange,imdb,True,imdb LastVisualChange opt fission warm webrender,,6,ms,firefox,,1714820041,2023-06-20T14:20:56,880.0,0e3e70a7494b91f847545f541f60c2afdffdc973,1260368
mozilla-beta,4169841,13,08a4b1c8b40e780c5e1ecb6c2516eea4d9acafb2,macosx1015-64-shippable-qr,True,False,,|f|i|s|s|i|o|n| |w|a|r|m| |w|e|b|r|e|n|d|e|r|,102210fe594ee9b33d82058545b1ed14f4c8206e,LastVisualChange,imdb,True,imdb LastVisualChange opt fission warm webrender,,6,ms,firefox,,1714926587,2023-06-20T16:59:19,880.0,d80d61687ffcaa2e80424701a477210e3c29e1e4,1260535
mozilla-beta,4169841,13,08a4b1c8b40e780c5e1ecb6c2516eea4d9acafb2,macosx1015-64-shippable-qr,True,False,,|f|i|s|s|i|o|n| |w|a|r|m| |w|e|b|r|e|n|d|e|r|,102210fe594ee9b33d82058545b1ed14f4c8206e,LastVisualChange,imdb,True,imdb LastVisualChange opt fission warm webrender,,6,ms,firefox,,1714944198,2023-06-20T17:24:22,880.0,fdd1d4854968d51f3c174deecd5ead8c74793315,1260558
mozilla-beta,4169841,13,08a4b1c8b40e780c5e1ecb6c2516eea4d9acafb2,macosx1015-64-shippable-qr,True,False,,|f|i|s|s|i|o|n| |w|a|r|m| |w|e|b|r|e|n|d|e|r|,102210fe594ee9b33d82058545b1ed14f4c8206e,LastVisualChange,imdb,True,imdb LastVisualChange opt fission warm webrender,,6,ms,firefox,,1714963550,2023-06-20T18:00:51,920.0,d30b3cd164afe66b9db586154a0af4b5d4791308,1260587
mozilla-beta,4169841,13,08a4b1c8b40e780c5e1ecb6c2516eea4d9acafb2,macosx1015-64-shippable-qr,True,False,,|f|i|s|s|i|o|n| |w|a|r|m| |w|e|b|r|e|n|d|e|r|,102210fe594ee9b33d82058545b1ed14f4c8206e,LastVisualChange,imdb,True,imdb LastVisualChange opt fission warm webrender,,6,ms,firefox,,1715669075,2023-06-21T13:26:34,880.0,cf1d9c398e1664622904b2d01e0eb2a9b42e5d54,1261229
mozilla-beta,4169841,13,08a4b1c8b40e780c5e1ecb6c2516eea4d9acafb2,macosx1015-64-shippable-qr,True,False,,|f|i|s|s|i|o|n| |w|a|r|m| |w|e|b|r|e|n|d|e|r|,102210fe594ee9b33d82058545b1ed14f4c8206e,LastVisualChange,imdb,True,imdb LastVisualChange opt fission warm webrender,,6,ms,firefox,,1715869592,2023-06-21T18:11:33,880.0,3a2f506cc4b8d7f3a8d99388d68485b5603f22ca,1261396
mozilla-beta,4169841,13,08a4b1c8b40e780c5e1ecb6c2516eea4d9acafb2,macosx1015-64-shippable-qr,True,False,,|f|i|s|s|i|o|n| |w|a|r|m| |w|e|b|r|e|n|d|e|r|,102210fe594ee9b33d82058545b1ed14f4c8206e,LastVisualChange,imdb,True,imdb LastVisualChange opt fission warm webrender,,6,ms,firefox,,1715921823,2023-06-21T20:07:35,880.0,f3ff17245015ec7abbec1cc6ee2cfce3b96bd3d5,1261505
mozilla-beta,4169841,13,08a4b1c8b40e780c5e1ecb6c2516eea4d9acafb2,macosx1015-64-shippable-qr,True,False,,|f|i|s|s|i|o|n| |w|a|r|m| |w|e|b|r|e|n|d|e|r|,102210fe594ee9b33d82058545b1ed14f4c8206e,LastVisualChange,imdb,True,imdb LastVisualChange opt fission warm webrender,,6,ms,firefox,,1716222065,2023-06-22T11:20:57,880.0,21fdd11b59cbcf17e476b707f5f59ebcb4fa474e,1262041
mozilla-beta,4169841,13,08a4b1c8b40e780c5e1ecb6c2516eea4d9acafb2,macosx1015-64-shippable-qr,True,False,,|f|i|s|s|i|o|n| |w|a|r|m| |w|e|b|r|e|n|d|e|r|,102210fe594ee9b33d82058545b1ed14f4c8206e,LastVisualChange,imdb,True,imdb LastVisualChange opt fission warm webrender,,6,ms,firefox,,1716277569,2023-06-22T12:38:03,880.0,7da579f6a813f30bd4f009a2a1f7911def52e572,1262084
mozilla-beta,4169841,13,08a4b1c8b40e780c5e1ecb6c2516eea4d9acafb2,macosx1015-64-shippable-qr,True,False,,|f|i|s|s|i|o|n| |w|a|r|m| |w|e|b|r|e|n|d|e|r|,102210fe594ee9b33d82058545b1ed14f4c8206e,LastVisualChange,imdb,True,imdb LastVisualChange opt fission warm webrender,,6,ms,firefox,,1716310894,2023-06-22T13:03:32,920.0,6722dee8d3773705cd9d4eddb3baf3333015aed2,1262107
mozilla-beta,4169841,13,08a4b1c8b40e780c5e1ecb6c2516eea4d9acafb2,macosx1015-64-shippable-qr,True,False,,|f|i|s|s|i|o|n| |w|a|r|m| |w|e|b|r|e|n|d|e|r|,102210fe594ee9b33d82058545b1ed14f4c8206e,LastVisualChange,imdb,True,imdb LastVisualChange opt fission warm webrender,,6,ms,firefox,,1716322533,2023-06-22T13:08:25,920.0,3673ad484e13ce731e7fc368a7e6b114d5eeee44,1262111
mozilla-beta,4169841,13,08a4b1c8b40e780c5e1ecb6c2516eea4d9acafb2,macosx1015-64-shippable-qr,True,False,,|f|i|s|s|i|o|n| |w|a|r|m| |w|e|b|r|e|n|d|e|r|,102210fe594ee9b33d82058545b1ed14f4c8206e,LastVisualChange,imdb,True,imdb LastVisualChange opt fission warm webrender,,6,ms,firefox,,1716340203,2023-06-22T13:37:22,880.0,027186aaa28cc91b5f9484c62413e2a3936e84ca,1262125
mozilla-beta,4169841,13,08a4b1c8b40e780c5e1ecb6c2516eea4d9acafb2,macosx1015-64-shippable-qr,True,False,,|f|i|s|s|i|o|n| |w|a|r|m| |w|e|b|r|e|n|d|e|r|,102210fe594ee9b33d82058545b1ed14f4c8206e,LastVisualChange,imdb,True,imdb LastVisualChange opt fission warm webrender,,6,ms,firefox,,1716392311,2023-06-22T16:12:21,880.0,6cdb4c2436de23c3699b154aa73e6710a95c98b0,1262276
mozilla-beta,4169841,13,08a4b1c8b40e780c5e1ecb6c2516eea4d9acafb2,macosx1015-64-shippable-qr,True,False,,|f|i|s|s|i|o|n| |w|a|r|m| |w|e|b|r|e|n|d|e|r|,102210fe594ee9b33d82058545b1ed14f4c8206e,LastVisualChange,imdb,True,imdb LastVisualChange opt fission warm webrender,,6,ms,firefox,,1717059712,2023-06-23T13:38:03,880.0,6c222240ff315735f42bc230693f4ddfa0b6ac7f,1262945
mozilla-beta,4169841,13,08a4b1c8b40e780c5e1ecb6c2516eea4d9acafb2,macosx1015-64-shippable-qr,True,False,,|f|i|s|s|i|o|n| |w|a|r|m| |w|e|b|r|e|n|d|e|r|,102210fe594ee9b33d82058545b1ed14f4c8206e,LastVisualChange,imdb,True,imdb LastVisualChange opt fission warm webrender,,6,ms,firefox,,1717175607,2023-06-23T18:03:44,920.0,1ba3d3c99916f850738f21670775ef715521a5df,1263072
mozilla-beta,4169841,13,08a4b1c8b40e780c5e1ecb6c2516eea4d9acafb2,macosx1015-64-shippable-qr,True,False,,|f|i|s|s|i|o|n| |w|a|r|m| |w|e|b|r|e|n|d|e|r|,102210fe594ee9b33d82058545b1ed14f4c8206e,LastVisualChange,imdb,True,imdb LastVisualChange opt fission warm webrender,,6,ms,firefox,,1717226117,2023-06-23T18:52:54,920.0,6e906785da867056a855a34df3f92db65b8a7c49,1263096
mozilla-beta,4169841,13,08a4b1c8b40e780c5e1ecb6c2516eea4d9acafb2,macosx1015-64-shippable-qr,True,False,,|f|i|s|s|i|o|n| |w|a|r|m| |w|e|b|r|e|n|d|e|r|,102210fe594ee9b33d82058545b1ed14f4c8206e,LastVisualChange,imdb,True,imdb LastVisualChange opt fission warm webrender,,6,ms,firefox,,1717320453,2023-06-24T13:12:41,880.0,3b9f2c4be4f6e4271c11c1d4407eae55196c950d,1263171
mozilla-beta,4169841,13,08a4b1c8b40e780c5e1ecb6c2516eea4d9acafb2,macosx1015-64-shippable-qr,True,False,,|f|i|s|s|i|o|n| |w|a|r|m| |w|e|b|r|e|n|d|e|r|,102210fe594ee9b33d82058545b1ed14f4c8206e,LastVisualChange,imdb,True,imdb LastVisualChange opt fission warm webrender,,6,ms,firefox,,1717406676,2023-06-24T18:00:33,880.0,4576212ef8edf2209dd7f1b3605a741be564cf74,1263268
mozilla-beta,4169841,13,08a4b1c8b40e780c5e1ecb6c2516eea4d9acafb2,macosx1015-64-shippable-qr,True,False,,|f|i|s|s|i|o|n| |w|a|r|m| |w|e|b|r|e|n|d|e|r|,102210fe594ee9b33d82058545b1ed14f4c8206e,LastVisualChange,imdb,True,imdb LastVisualChange opt fission warm webrender,,6,ms,firefox,,1717535628,2023-06-25T17:59:55,880.0,35de7f48bd8fa9ca1ba185a0021f2d1cafa7f49e,1263345
mozilla-beta,4169841,13,08a4b1c8b40e780c5e1ecb6c2516eea4d9acafb2,macosx1015-64-shippable-qr,True,False,,|f|i|s|s|i|o|n| |w|a|r|m| |w|e|b|r|e|n|d|e|r|,102210fe594ee9b33d82058545b1ed14f4c8206e,LastVisualChange,imdb,True,imdb LastVisualChange opt fission warm webrender,,6,ms,firefox,,1717858072,2023-06-26T13:12:41,880.0,f539365f51c8542b1e354b68e50907668f16878d,1263655
mozilla-beta,4169841,13,08a4b1c8b40e780c5e1ecb6c2516eea4d9acafb2,macosx1015-64-shippable-qr,True,False,,|f|i|s|s|i|o|n| |w|a|r|m| |w|e|b|r|e|n|d|e|r|,102210fe594ee9b33d82058545b1ed14f4c8206e,LastVisualChange,imdb,True,imdb LastVisualChange opt fission warm webrender,,6,ms,firefox,,1717933382,2023-06-26T14:05:49,920.0,035b72e275569245ab5c8844f4ddca8f5ce7da42,1263698
mozilla-beta,4169841,13,08a4b1c8b40e780c5e1ecb6c2516eea4d9acafb2,macosx1015-64-shippable-qr,True,False,,|f|i|s|s|i|o|n| |w|a|r|m| |w|e|b|r|e|n|d|e|r|,102210fe594ee9b33d82058545b1ed14f4c8206e,LastVisualChange,imdb,True,imdb LastVisualChange opt fission warm webrender,,6,ms,firefox,,1720991353,2023-07-04T08:05:00,969.9,d3cecb35f77946efdfc851b00241e7cfb248d4f5,1267289
mozilla-beta,4169841,13,08a4b1c8b40e780c5e1ecb6c2516eea4d9acafb2,macosx1015-64-shippable-qr,True,False,,|f|i|s|s|i|o|n| |w|a|r|m| |w|e|b|r|e|n|d|e|r|,102210fe594ee9b33d82058545b1ed14f4c8206e,LastVisualChange,imdb,True,imdb LastVisualChange opt fission warm webrender,,6,ms,firefox,,1721006072,2023-07-04T08:13:20,934.9,8ac42d8638fae465733db49debf49675c6b20697,1267293
mozilla-beta,4169841,13,08a4b1c8b40e780c5e1ecb6c2516eea4d9acafb2,macosx1015-64-shippable-qr,True,False,,|f|i|s|s|i|o|n| |w|a|r|m| |w|e|b|r|e|n|d|e|r|,102210fe594ee9b33d82058545b1ed14f4c8206e,LastVisualChange,imdb,True,imdb LastVisualChange opt fission warm webrender,,6,ms,firefox,,1721232637,2023-07-04T17:59:10,939.5,d7e3fb8cd375eaf56ea5d3a43285557eaee0a5e0,1267597
mozilla-beta,4169841,13,08a4b1c8b40e780c5e1ecb6c2516eea4d9acafb2,macosx1015-64-shippable-qr,True,False,,|f|i|s|s|i|o|n| |w|a|r|m| |w|e|b|r|e|n|d|e|r|,102210fe594ee9b33d82058545b1ed14f4c8206e,LastVisualChange,imdb,True,imdb LastVisualChange opt fission warm webrender,,6,ms,firefox,,1721349240,2023-07-04T20:50:41,969.7,2251a5bd1148826e0c1e6b3d0c5c6985f6284372,1267656
mozilla-beta,4169841,13,08a4b1c8b40e780c5e1ecb6c2516eea4d9acafb2,macosx1015-64-shippable-qr,True,False,,|f|i|s|s|i|o|n| |w|a|r|m| |w|e|b|r|e|n|d|e|r|,102210fe594ee9b33d82058545b1ed14f4c8206e,LastVisualChange,imdb,True,imdb LastVisualChange opt fission warm webrender,,6,ms,firefox,,1721846957,2023-07-05T18:01:37,948.7,c0cb0ed5b9e39efd1be1f0d0dee1d03db2f8c4af,1268100
mozilla-beta,4169841,13,08a4b1c8b40e780c5e1ecb6c2516eea4d9acafb2,macosx1015-64-shippable-qr,True,False,,|f|i|s|s|i|o|n| |w|a|r|m| |w|e|b|r|e|n|d|e|r|,102210fe594ee9b33d82058545b1ed14f4c8206e,LastVisualChange,imdb,True,imdb LastVisualChange opt fission warm webrender,,6,ms,firefox,,1721984979,2023-07-05T22:18:29,941.9,5b26c16edbef4a3fef8c57d63a680eb3417f22fd,1268276
mozilla-beta,4169841,13,08a4b1c8b40e780c5e1ecb6c2516eea4d9acafb2,macosx1015-64-shippable-qr,True,False,,|f|i|s|s|i|o|n| |w|a|r|m| |w|e|b|r|e|n|d|e|r|,102210fe594ee9b33d82058545b1ed14f4c8206e,LastVisualChange,imdb,True,imdb LastVisualChange opt fission warm webrender,,6,ms,firefox,,1722314683,2023-07-06T14:26:52,1000.2,3935d29947b87bf51e6b103f3722fcf0649a883e,1268671
mozilla-beta,4169841,13,08a4b1c8b40e780c5e1ecb6c2516eea4d9acafb2,macosx1015-64-shippable-qr,True,False,,|f|i|s|s|i|o|n| |w|a|r|m| |w|e|b|r|e|n|d|e|r|,102210fe594ee9b33d82058545b1ed14f4c8206e,LastVisualChange,imdb,True,imdb LastVisualChange opt fission warm webrender,,6,ms,firefox,,1722328773,2023-07-06T15:48:00,948.9,b2838888a0e8eb0d0c60ef66175758b37c95f0c5,1268740
mozilla-beta,4169841,13,08a4b1c8b40e780c5e1ecb6c2516eea4d9acafb2,macosx1015-64-shippable-qr,True,False,,|f|i|s|s|i|o|n| |w|a|r|m| |w|e|b|r|e|n|d|e|r|,102210fe594ee9b33d82058545b1ed14f4c8206e,LastVisualChange,imdb,True,imdb LastVisualChange opt fission warm webrender,,6,ms,firefox,,1722451098,2023-07-06T18:02:11,947.6,c8d180ec428a1ceddf5cfb7d1afe16d9e09dcc78,1268824
mozilla-beta,4169841,13,08a4b1c8b40e780c5e1ecb6c2516eea4d9acafb2,macosx1015-64-shippable-qr,True,False,,|f|i|s|s|i|o|n| |w|a|r|m| |w|e|b|r|e|n|d|e|r|,102210fe594ee9b33d82058545b1ed14f4c8206e,LastVisualChange,imdb,True,imdb LastVisualChange opt fission warm webrender,,6,ms,firefox,,1722527036,2023-07-06T19:39:12,934.5,1b6b2288a0f47b37ab70eeb64f69bebf7442b138,1268893
mozilla-beta,4169841,13,08a4b1c8b40e780c5e1ecb6c2516eea4d9acafb2,macosx1015-64-shippable-qr,True,False,,|f|i|s|s|i|o|n| |w|a|r|m| |w|e|b|r|e|n|d|e|r|,102210fe594ee9b33d82058545b1ed14f4c8206e,LastVisualChange,imdb,True,imdb LastVisualChange opt fission warm webrender,,6,ms,firefox,,1723042515,2023-07-07T17:59:16,912.3,97a7b5a61f68e2ac160fe29147306071599bcab2,1269470
mozilla-beta,4169841,13,08a4b1c8b40e780c5e1ecb6c2516eea4d9acafb2,macosx1015-64-shippable-qr,True,False,,|f|i|s|s|i|o|n| |w|a|r|m| |w|e|b|r|e|n|d|e|r|,102210fe594ee9b33d82058545b1ed14f4c8206e,LastVisualChange,imdb,True,imdb LastVisualChange opt fission warm webrender,,6,ms,firefox,,1723071544,2023-07-07T18:52:45,902.0,8c0f8e058e2d2074662db140fe4f5ee081fc8202,1269502
mozilla-beta,4169841,13,08a4b1c8b40e780c5e1ecb6c2516eea4d9acafb2,macosx1015-64-shippable-qr,True,False,,|f|i|s|s|i|o|n| |w|a|r|m| |w|e|b|r|e|n|d|e|r|,102210fe594ee9b33d82058545b1ed14f4c8206e,LastVisualChange,imdb,True,imdb LastVisualChange opt fission warm webrender,,6,ms,firefox,,1723387977,2023-07-08T14:56:49,941.2,80e901c4ae8730b0252c8ec0a16be620158010a7,1269733
mozilla-beta,4169841,13,08a4b1c8b40e780c5e1ecb6c2516eea4d9acafb2,macosx1015-64-shippable-qr,True,False,,|f|i|s|s|i|o|n| |w|a|r|m| |w|e|b|r|e|n|d|e|r|,102210fe594ee9b33d82058545b1ed14f4c8206e,LastVisualChange,imdb,True,imdb LastVisualChange opt fission warm webrender,,6,ms,firefox,,1723418270,2023-07-08T17:59:20,973.0,412cbf20869a7438910dbeb0737a67532237ab7f,1269749
mozilla-beta,4169841,13,08a4b1c8b40e780c5e1ecb6c2516eea4d9acafb2,macosx1015-64-shippable-qr,True,False,,|f|i|s|s|i|o|n| |w|a|r|m| |w|e|b|r|e|n|d|e|r|,102210fe594ee9b33d82058545b1ed14f4c8206e,LastVisualChange,imdb,True,imdb LastVisualChange opt fission warm webrender,,6,ms,firefox,,1723610691,2023-07-09T15:07:05,936.0,bd50e163e8d84f51ef341846fb9f41f281917384,1269852
mozilla-beta,4169841,13,08a4b1c8b40e780c5e1ecb6c2516eea4d9acafb2,macosx1015-64-shippable-qr,True,False,,|f|i|s|s|i|o|n| |w|a|r|m| |w|e|b|r|e|n|d|e|r|,102210fe594ee9b33d82058545b1ed14f4c8206e,LastVisualChange,imdb,True,imdb LastVisualChange opt fission warm webrender,,6,ms,firefox,,1723661853,2023-07-09T17:59:49,936.9,d98ec7555bb1b00ef809e279882492340c88e7a5,1269878
mozilla-beta,4169841,13,08a4b1c8b40e780c5e1ecb6c2516eea4d9acafb2,macosx1015-64-shippable-qr,True,False,,|f|i|s|s|i|o|n| |w|a|r|m| |w|e|b|r|e|n|d|e|r|,102210fe594ee9b33d82058545b1ed14f4c8206e,LastVisualChange,imdb,True,imdb LastVisualChange opt fission warm webrender,,6,ms,firefox,,1724070235,2023-07-10T13:57:38,866.4,28f60d3dfc47352e5f5b187c3e4b4a912ed6fed7,1270196
mozilla-beta,4169841,13,08a4b1c8b40e780c5e1ecb6c2516eea4d9acafb2,macosx1015-64-shippable-qr,True,False,,|f|i|s|s|i|o|n| |w|a|r|m| |w|e|b|r|e|n|d|e|r|,102210fe594ee9b33d82058545b1ed14f4c8206e,LastVisualChange,imdb,True,imdb LastVisualChange opt fission warm webrender,,6,ms,firefox,,1724225834,2023-07-10T18:02:54,956.8,c80f0af649a4cd12fe9bcdaa48183f8417827feb,1270318
mozilla-beta,4169841,13,08a4b1c8b40e780c5e1ecb6c2516eea4d9acafb2,macosx1015-64-shippable-qr,True,False,,|f|i|s|s|i|o|n| |w|a|r|m| |w|e|b|r|e|n|d|e|r|,102210fe594ee9b33d82058545b1ed14f4c8206e,LastVisualChange,imdb,True,imdb LastVisualChange opt fission warm webrender,,6,ms,firefox,,1724324650,2023-07-11T00:09:58,937.6,1dcdc0d37b33c854558ec0ef2561545b2254d192,1270529
mozilla-beta,4169841,13,08a4b1c8b40e780c5e1ecb6c2516eea4d9acafb2,macosx1015-64-shippable-qr,True,False,,|f|i|s|s|i|o|n| |w|a|r|m| |w|e|b|r|e|n|d|e|r|,102210fe594ee9b33d82058545b1ed14f4c8206e,LastVisualChange,imdb,True,imdb LastVisualChange opt fission warm webrender,,6,ms,firefox,,1724575172,2023-07-11T12:10:33,877.0,a155fa3223a58c6670aaa0c7f7a621b0a8dfd812,1270743
mozilla-beta,4169841,13,08a4b1c8b40e780c5e1ecb6c2516eea4d9acafb2,macosx1015-64-shippable-qr,True,False,,|f|i|s|s|i|o|n| |w|a|r|m| |w|e|b|r|e|n|d|e|r|,102210fe594ee9b33d82058545b1ed14f4c8206e,LastVisualChange,imdb,True,imdb LastVisualChange opt fission warm webrender,,6,ms,firefox,,1724627264,2023-07-11T13:49:09,975.3,d59e19237835de1d09c0980460e8c18f149c2cb1,1270799
mozilla-beta,4169841,13,08a4b1c8b40e780c5e1ecb6c2516eea4d9acafb2,macosx1015-64-shippable-qr,True,False,,|f|i|s|s|i|o|n| |w|a|r|m| |w|e|b|r|e|n|d|e|r|,102210fe594ee9b33d82058545b1ed14f4c8206e,LastVisualChange,imdb,True,imdb LastVisualChange opt fission warm webrender,,6,ms,firefox,,1724772987,2023-07-11T17:59:23,923.4,dec4b42fd0a8e659f317a53a70de7fe0a6375b4d,1270960
mozilla-beta,4169841,13,08a4b1c8b40e780c5e1ecb6c2516eea4d9acafb2,macosx1015-64-shippable-qr,True,False,,|f|i|s|s|i|o|n| |w|a|r|m| |w|e|b|r|e|n|d|e|r|,102210fe594ee9b33d82058545b1ed14f4c8206e,LastVisualChange,imdb,True,imdb LastVisualChange opt fission warm webrender,,6,ms,firefox,,1724814061,2023-07-11T18:30:52,915.4,d115233f6cf619edaf715843896dd904ffc421cb,1270975
mozilla-beta,4169841,13,08a4b1c8b40e780c5e1ecb6c2516eea4d9acafb2,macosx1015-64-shippable-qr,True,False,,|f|i|s|s|i|o|n| |w|a|r|m| |w|e|b|r|e|n|d|e|r|,102210fe594ee9b33d82058545b1ed14f4c8206e,LastVisualChange,imdb,True,imdb LastVisualChange opt fission warm webrender,,6,ms,firefox,,1725265042,2023-07-12T18:58:21,943.2,52c1585352356cd4c42ae2b1385961b2f88be67b,1271633
mozilla-beta,4169841,13,08a4b1c8b40e780c5e1ecb6c2516eea4d9acafb2,macosx1015-64-shippable-qr,True,False,,|f|i|s|s|i|o|n| |w|a|r|m| |w|e|b|r|e|n|d|e|r|,102210fe594ee9b33d82058545b1ed14f4c8206e,LastVisualChange,imdb,True,imdb LastVisualChange opt fission warm webrender,,6,ms,firefox,,1725682685,2023-07-13T14:00:45,912.1,3eb5925071ba3fd23d2808498d6db974e022a597,1272156
mozilla-beta,4169841,13,08a4b1c8b40e780c5e1ecb6c2516eea4d9acafb2,macosx1015-64-shippable-qr,True,False,,|f|i|s|s|i|o|n| |w|a|r|m| |w|e|b|r|e|n|d|e|r|,102210fe594ee9b33d82058545b1ed14f4c8206e,LastVisualChange,imdb,True,imdb LastVisualChange opt fission warm webrender,,6,ms,firefox,,1725689920,2023-07-13T14:21:58,949.7,4444bd2d76ad1f0ef6f4aff7e59e8e9db81f2305,1272177
mozilla-beta,4169841,13,08a4b1c8b40e780c5e1ecb6c2516eea4d9acafb2,macosx1015-64-shippable-qr,True,False,,|f|i|s|s|i|o|n| |w|a|r|m| |w|e|b|r|e|n|d|e|r|,102210fe594ee9b33d82058545b1ed14f4c8206e,LastVisualChange,imdb,True,imdb LastVisualChange opt fission warm webrender,,6,ms,firefox,,1725779954,2023-07-13T16:48:18,941.4,7a01db8a8e8ad141961b2f5fdf44a2e771de0d46,1272282
mozilla-beta,4169841,13,08a4b1c8b40e780c5e1ecb6c2516eea4d9acafb2,macosx1015-64-shippable-qr,True,False,,|f|i|s|s|i|o|n| |w|a|r|m| |w|e|b|r|e|n|d|e|r|,102210fe594ee9b33d82058545b1ed14f4c8206e,LastVisualChange,imdb,True,imdb LastVisualChange opt fission warm webrender,,6,ms,firefox,,1725799846,2023-07-13T17:59:05,923.1,1871adf64271aebcccf19ede8eee47585bfadb3c,1272345
mozilla-beta,4169841,13,08a4b1c8b40e780c5e1ecb6c2516eea4d9acafb2,macosx1015-64-shippable-qr,True,False,,|f|i|s|s|i|o|n| |w|a|r|m| |w|e|b|r|e|n|d|e|r|,102210fe594ee9b33d82058545b1ed14f4c8206e,LastVisualChange,imdb,True,imdb LastVisualChange opt fission warm webrender,,6,ms,firefox,,1726237374,2023-07-14T13:29:22,941.0,e1d02b6887bb1dcb547f064f74c499da04158df9,1272741
mozilla-beta,4169841,13,08a4b1c8b40e780c5e1ecb6c2516eea4d9acafb2,macosx1015-64-shippable-qr,True,False,,|f|i|s|s|i|o|n| |w|a|r|m| |w|e|b|r|e|n|d|e|r|,102210fe594ee9b33d82058545b1ed14f4c8206e,LastVisualChange,imdb,True,imdb LastVisualChange opt fission warm webrender,,6,ms,firefox,,1726312884,2023-07-14T14:18:32,965.3,c83566264750894d2aa083bfec3b4dddcbaf26c7,1272769
mozilla-beta,4169841,13,08a4b1c8b40e780c5e1ecb6c2516eea4d9acafb2,macosx1015-64-shippable-qr,True,False,,|f|i|s|s|i|o|n| |w|a|r|m| |w|e|b|r|e|n|d|e|r|,102210fe594ee9b33d82058545b1ed14f4c8206e,LastVisualChange,imdb,True,imdb LastVisualChange opt fission warm webrender,,6,ms,firefox,,1726414572,2023-07-14T17:59:09,934.6,f7629ac11e34075dac560bf31065851d441abc3c,1272899
mozilla-beta,4169841,13,08a4b1c8b40e780c5e1ecb6c2516eea4d9acafb2,macosx1015-64-shippable-qr,True,False,,|f|i|s|s|i|o|n| |w|a|r|m| |w|e|b|r|e|n|d|e|r|,102210fe594ee9b33d82058545b1ed14f4c8206e,LastVisualChange,imdb,True,imdb LastVisualChange opt fission warm webrender,,6,ms,firefox,,1726619408,2023-07-15T18:04:22,920.7,dec6f8c6dcc74ba79246da43fd6e20d0eb7f7c0e,1273123
mozilla-beta,4169841,13,08a4b1c8b40e780c5e1ecb6c2516eea4d9acafb2,macosx1015-64-shippable-qr,True,False,,|f|i|s|s|i|o|n| |w|a|r|m| |w|e|b|r|e|n|d|e|r|,102210fe594ee9b33d82058545b1ed14f4c8206e,LastVisualChange,imdb,True,imdb LastVisualChange opt fission warm webrender,,6,ms,firefox,,1726741022,2023-07-16T13:41:25,925.8,9c3147a3e07e168fcaabf4b3783fd84c69a9d24e,1273177
mozilla-beta,4169841,13,08a4b1c8b40e780c5e1ecb6c2516eea4d9acafb2,macosx1015-64-shippable-qr,True,False,,|f|i|s|s|i|o|n| |w|a|r|m| |w|e|b|r|e|n|d|e|r|,102210fe594ee9b33d82058545b1ed14f4c8206e,LastVisualChange,imdb,True,imdb LastVisualChange opt fission warm webrender,,6,ms,firefox,,1726785178,2023-07-16T18:03:34,881.4,cd8c75069cbacdf88ad33dd00ecb9ab12c7ec1e4,1273187
mozilla-beta,4169841,13,08a4b1c8b40e780c5e1ecb6c2516eea4d9acafb2,macosx1015-64-shippable-qr,True,False,,|f|i|s|s|i|o|n| |w|a|r|m| |w|e|b|r|e|n|d|e|r|,102210fe594ee9b33d82058545b1ed14f4c8206e,LastVisualChange,imdb,True,imdb LastVisualChange opt fission warm webrender,,6,ms,firefox,,1726993172,2023-07-17T15:06:07,940.2,6aa12630de4d96f69b09566023e74acb81e116c4,1273493
mozilla-beta,4169841,13,08a4b1c8b40e780c5e1ecb6c2516eea4d9acafb2,macosx1015-64-shippable-qr,True,False,,|f|i|s|s|i|o|n| |w|a|r|m| |w|e|b|r|e|n|d|e|r|,102210fe594ee9b33d82058545b1ed14f4c8206e,LastVisualChange,imdb,True,imdb LastVisualChange opt fission warm webrender,,6,ms,firefox,,1727093440,2023-07-17T17:57:13,918.8,2ddfa7d38c38cf2a3242ea76a3326a0586a2efdc,1273601
mozilla-beta,4169841,13,08a4b1c8b40e780c5e1ecb6c2516eea4d9acafb2,macosx1015-64-shippable-qr,True,False,,|f|i|s|s|i|o|n| |w|a|r|m| |w|e|b|r|e|n|d|e|r|,102210fe594ee9b33d82058545b1ed14f4c8206e,LastVisualChange,imdb,True,imdb LastVisualChange opt fission warm webrender,,6,ms,firefox,,1727111854,2023-07-17T18:13:26,924.1,0423f240445837264164498d5f822c75d5427177,1273620
mozilla-beta,4169841,13,08a4b1c8b40e780c5e1ecb6c2516eea4d9acafb2,macosx1015-64-shippable-qr,True,False,,|f|i|s|s|i|o|n| |w|a|r|m| |w|e|b|r|e|n|d|e|r|,102210fe594ee9b33d82058545b1ed14f4c8206e,LastVisualChange,imdb,True,imdb LastVisualChange opt fission warm webrender,,6,ms,firefox,,1727527172,2023-07-18T12:20:04,936.2,ba11c78ce3b0121f57637dd734e829791d2dfcc4,1274042
mozilla-beta,4169841,13,08a4b1c8b40e780c5e1ecb6c2516eea4d9acafb2,macosx1015-64-shippable-qr,True,False,,|f|i|s|s|i|o|n| |w|a|r|m| |w|e|b|r|e|n|d|e|r|,102210fe594ee9b33d82058545b1ed14f4c8206e,LastVisualChange,imdb,True,imdb LastVisualChange opt fission warm webrender,,6,ms,firefox,,1727689909,2023-07-18T17:47:25,903.1,fd830f72726b11de269b925cbd66ea0645dd9491,1274232
mozilla-beta,4169841,13,08a4b1c8b40e780c5e1ecb6c2516eea4d9acafb2,macosx1015-64-shippable-qr,True,False,,|f|i|s|s|i|o|n| |w|a|r|m| |w|e|b|r|e|n|d|e|r|,102210fe594ee9b33d82058545b1ed14f4c8206e,LastVisualChange,imdb,True,imdb LastVisualChange opt fission warm webrender,,6,ms,firefox,,1727706765,2023-07-18T18:01:35,958.5,34301d4d9d7ede8d86907dd4cc41f9fc7d5d7d94,1274236
mozilla-beta,4169841,13,08a4b1c8b40e780c5e1ecb6c2516eea4d9acafb2,macosx1015-64-shippable-qr,True,False,,|f|i|s|s|i|o|n| |w|a|r|m| |w|e|b|r|e|n|d|e|r|,102210fe594ee9b33d82058545b1ed14f4c8206e,LastVisualChange,imdb,True,imdb LastVisualChange opt fission warm webrender,,6,ms,firefox,,1727711101,2023-07-18T18:53:23,924.0,23424f65527c2d906a02bfe4779aff416f03826d,1274269
mozilla-beta,4169841,13,08a4b1c8b40e780c5e1ecb6c2516eea4d9acafb2,macosx1015-64-shippable-qr,True,False,,|f|i|s|s|i|o|n| |w|a|r|m| |w|e|b|r|e|n|d|e|r|,102210fe594ee9b33d82058545b1ed14f4c8206e,LastVisualChange,imdb,True,imdb LastVisualChange opt fission warm webrender,,6,ms,firefox,,1728273686,2023-07-19T12:20:45,936.7,6f204c3c5e075defb94fcfdadf1d930df5d3f825,1274751
mozilla-beta,4169841,13,08a4b1c8b40e780c5e1ecb6c2516eea4d9acafb2,macosx1015-64-shippable-qr,True,False,,|f|i|s|s|i|o|n| |w|a|r|m| |w|e|b|r|e|n|d|e|r|,102210fe594ee9b33d82058545b1ed14f4c8206e,LastVisualChange,imdb,True,imdb LastVisualChange opt fission warm webrender,,6,ms,firefox,,1728555123,2023-07-19T18:07:09,934.7,4430f8a728a733f89b6ac8b245537ab570eb2292,1275008
mozilla-beta,4169841,13,08a4b1c8b40e780c5e1ecb6c2516eea4d9acafb2,macosx1015-64-shippable-qr,True,False,,|f|i|s|s|i|o|n| |w|a|r|m| |w|e|b|r|e|n|d|e|r|,102210fe594ee9b33d82058545b1ed14f4c8206e,LastVisualChange,imdb,True,imdb LastVisualChange opt fission warm webrender,,6,ms,firefox,,1728633215,2023-07-19T19:46:06,886.3,1904bb52d22fea887c5b39ecfd3e3104422033f9,1275079
mozilla-beta,4169841,13,08a4b1c8b40e780c5e1ecb6c2516eea4d9acafb2,macosx1015-64-shippable-qr,True,False,,|f|i|s|s|i|o|n| |w|a|r|m| |w|e|b|r|e|n|d|e|r|,102210fe594ee9b33d82058545b1ed14f4c8206e,LastVisualChange,imdb,True,imdb LastVisualChange opt fission warm webrender,,6,ms,firefox,,1729165870,2023-07-20T15:57:45,914.5,00c1f4a8d5f8d4a18552a30a6994608f4418116d,1275567
mozilla-beta,4169841,13,08a4b1c8b40e780c5e1ecb6c2516eea4d9acafb2,macosx1015-64-shippable-qr,True,False,,|f|i|s|s|i|o|n| |w|a|r|m| |w|e|b|r|e|n|d|e|r|,102210fe594ee9b33d82058545b1ed14f4c8206e,LastVisualChange,imdb,True,imdb LastVisualChange opt fission warm webrender,,6,ms,firefox,,1729250156,2023-07-20T17:59:27,932.2,a241d89b662e14a0ac4aabf56849c2b161b6d70d,1275658
mozilla-beta,4169841,13,08a4b1c8b40e780c5e1ecb6c2516eea4d9acafb2,macosx1015-64-shippable-qr,True,False,,|f|i|s|s|i|o|n| |w|a|r|m| |w|e|b|r|e|n|d|e|r|,102210fe594ee9b33d82058545b1ed14f4c8206e,LastVisualChange,imdb,True,imdb LastVisualChange opt fission warm webrender,,6,ms,firefox,,1729296192,2023-07-20T20:00:12,941.3,5400bd70e968c76d1d67abea7e072f5db3e06c80,1275753
mozilla-beta,4169841,13,08a4b1c8b40e780c5e1ecb6c2516eea4d9acafb2,macosx1015-64-shippable-qr,True,False,,|f|i|s|s|i|o|n| |w|a|r|m| |w|e|b|r|e|n|d|e|r|,102210fe594ee9b33d82058545b1ed14f4c8206e,LastVisualChange,imdb,True,imdb LastVisualChange opt fission warm webrender,,6,ms,firefox,,1729742293,2023-07-21T16:06:45,909.2,d9bbcab92460808ed9148655ab4c6e3dcf9239ef,1276242
mozilla-beta,4169841,13,08a4b1c8b40e780c5e1ecb6c2516eea4d9acafb2,macosx1015-64-shippable-qr,True,False,,|f|i|s|s|i|o|n| |w|a|r|m| |w|e|b|r|e|n|d|e|r|,102210fe594ee9b33d82058545b1ed14f4c8206e,LastVisualChange,imdb,True,imdb LastVisualChange opt fission warm webrender,,6,ms,firefox,,1729805818,2023-07-21T18:01:34,918.9,763d601a05a7b017806cf139e475a959e5c7912a,1276334
mozilla-beta,4169841,13,08a4b1c8b40e780c5e1ecb6c2516eea4d9acafb2,macosx1015-64-shippable-qr,True,False,,|f|i|s|s|i|o|n| |w|a|r|m| |w|e|b|r|e|n|d|e|r|,102210fe594ee9b33d82058545b1ed14f4c8206e,LastVisualChange,imdb,True,imdb LastVisualChange opt fission warm webrender,,6,ms,firefox,,1730160768,2023-07-22T18:01:26,908.6,5ebae42b46a0a71153c76180dd9808c42692be79,1276660
mozilla-beta,4169841,13,08a4b1c8b40e780c5e1ecb6c2516eea4d9acafb2,macosx1015-64-shippable-qr,True,False,,|f|i|s|s|i|o|n| |w|a|r|m| |w|e|b|r|e|n|d|e|r|,102210fe594ee9b33d82058545b1ed14f4c8206e,LastVisualChange,imdb,True,imdb LastVisualChange opt fission warm webrender,,6,ms,firefox,,1730304608,2023-07-23T15:25:49,950.8,7c3347ba3478b9ce3fde17fa0acb3ea3b06dfa38,1276709
mozilla-beta,4169841,13,08a4b1c8b40e780c5e1ecb6c2516eea4d9acafb2,macosx1015-64-shippable-qr,True,False,,|f|i|s|s|i|o|n| |w|a|r|m| |w|e|b|r|e|n|d|e|r|,102210fe594ee9b33d82058545b1ed14f4c8206e,LastVisualChange,imdb,True,imdb LastVisualChange opt fission warm webrender,,6,ms,firefox,,1730337914,2023-07-23T17:59:43,906.3,c26da009d2a4c447ccda98478b30b0fd5c842a79,1276731
mozilla-beta,4169841,13,08a4b1c8b40e780c5e1ecb6c2516eea4d9acafb2,macosx1015-64-shippable-qr,True,False,,|f|i|s|s|i|o|n| |w|a|r|m| |w|e|b|r|e|n|d|e|r|,102210fe594ee9b33d82058545b1ed14f4c8206e,LastVisualChange,imdb,True,imdb LastVisualChange opt fission warm webrender,,6,ms,firefox,,1730412320,2023-07-24T00:28:48,922.0,23b1fabe6e02b63b59821e274cdbc8766b97e74a,1276770
mozilla-beta,4169841,13,08a4b1c8b40e780c5e1ecb6c2516eea4d9acafb2,macosx1015-64-shippable-qr,True,False,,|f|i|s|s|i|o|n| |w|a|r|m| |w|e|b|r|e|n|d|e|r|,102210fe594ee9b33d82058545b1ed14f4c8206e,LastVisualChange,imdb,True,imdb LastVisualChange opt fission warm webrender,,6,ms,firefox,,1730690458,2023-07-24T12:18:38,889.9,316000c523d79e787604ca918d12752f1d5c1433,1276942
mozilla-beta,4169841,13,08a4b1c8b40e780c5e1ecb6c2516eea4d9acafb2,macosx1015-64-shippable-qr,True,False,,|f|i|s|s|i|o|n| |w|a|r|m| |w|e|b|r|e|n|d|e|r|,102210fe594ee9b33d82058545b1ed14f4c8206e,LastVisualChange,imdb,True,imdb LastVisualChange opt fission warm webrender,,6,ms,firefox,,1733591999,2023-07-31T15:02:16,956.8,f4da117c89d1c6b7d53312065fbf3b32ac05c195,1280395
mozilla-beta,4169841,13,08a4b1c8b40e780c5e1ecb6c2516eea4d9acafb2,macosx1015-64-shippable-qr,True,False,,|f|i|s|s|i|o|n| |w|a|r|m| |w|e|b|r|e|n|d|e|r|,102210fe594ee9b33d82058545b1ed14f4c8206e,LastVisualChange,imdb,True,imdb LastVisualChange opt fission warm webrender,,6,ms,firefox,,1734260311,2023-08-01T17:41:49,930.7,0d4550c5bbe5e5c9d652f6f76ed2b84801006a72,1281125
mozilla-beta,4169841,13,08a4b1c8b40e780c5e1ecb6c2516eea4d9acafb2,macosx1015-64-shippable-qr,True,False,,|f|i|s|s|i|o|n| |w|a|r|m| |w|e|b|r|e|n|d|e|r|,102210fe594ee9b33d82058545b1ed14f4c8206e,LastVisualChange,imdb,True,imdb LastVisualChange opt fission warm webrender,,6,ms,firefox,,1734267611,2023-08-01T18:01:59,881.9,d2d0e657cc37b8045725d3ec3b95537958a2a906,1281146
mozilla-beta,4169841,13,08a4b1c8b40e780c5e1ecb6c2516eea4d9acafb2,macosx1015-64-shippable-qr,True,False,,|f|i|s|s|i|o|n| |w|a|r|m| |w|e|b|r|e|n|d|e|r|,102210fe594ee9b33d82058545b1ed14f4c8206e,LastVisualChange,imdb,True,imdb LastVisualChange opt fission warm webrender,,6,ms,firefox,,1734771494,2023-08-02T15:58:45,952.9,0fb6863005d9a9c13e9baacd3f1b161fff28e9be,1281670
mozilla-beta,4169841,13,08a4b1c8b40e780c5e1ecb6c2516eea4d9acafb2,macosx1015-64-shippable-qr,True,False,,|f|i|s|s|i|o|n| |w|a|r|m| |w|e|b|r|e|n|d|e|r|,102210fe594ee9b33d82058545b1ed14f4c8206e,LastVisualChange,imdb,True,imdb LastVisualChange opt fission warm webrender,,6,ms,firefox,,1734817309,2023-08-02T18:03:06,950.4,17026ac3512076aea21a114891abaeb7d86eefd1,1281761
mozilla-beta,4169841,13,08a4b1c8b40e780c5e1ecb6c2516eea4d9acafb2,macosx1015-64-shippable-qr,True,False,,|f|i|s|s|i|o|n| |w|a|r|m| |w|e|b|r|e|n|d|e|r|,102210fe594ee9b33d82058545b1ed14f4c8206e,LastVisualChange,imdb,True,imdb LastVisualChange opt fission warm webrender,,6,ms,firefox,,1735030681,2023-08-03T00:35:45,910.2,65512c991660c1242db1c099b252edf75f9155df,1282034
mozilla-beta,4169841,13,08a4b1c8b40e780c5e1ecb6c2516eea4d9acafb2,macosx1015-64-shippable-qr,True,False,,|f|i|s|s|i|o|n| |w|a|r|m| |w|e|b|r|e|n|d|e|r|,102210fe594ee9b33d82058545b1ed14f4c8206e,LastVisualChange,imdb,True,imdb LastVisualChange opt fission warm webrender,,6,ms,firefox,,1735075996,2023-08-03T02:40:36,971.9,de78a2160c98777d7df3d1abcfa1fa1ba2fc1ebf,1282073
mozilla-beta,4169841,13,08a4b1c8b40e780c5e1ecb6c2516eea4d9acafb2,macosx1015-64-shippable-qr,True,False,,|f|i|s|s|i|o|n| |w|a|r|m| |w|e|b|r|e|n|d|e|r|,102210fe594ee9b33d82058545b1ed14f4c8206e,LastVisualChange,imdb,True,imdb LastVisualChange opt fission warm webrender,,6,ms,firefox,,1735478096,2023-08-03T15:42:06,921.6,38b5901830d175ff8ead19ae53ded689c990a2c2,1282357
mozilla-beta,4169841,13,08a4b1c8b40e780c5e1ecb6c2516eea4d9acafb2,macosx1015-64-shippable-qr,True,False,,|f|i|s|s|i|o|n| |w|a|r|m| |w|e|b|r|e|n|d|e|r|,102210fe594ee9b33d82058545b1ed14f4c8206e,LastVisualChange,imdb,True,imdb LastVisualChange opt fission warm webrender,,6,ms,firefox,,1735512528,2023-08-03T16:45:02,947.0,8aec3eecd3933c24b1ffc49b81133e628bdbd9b7,1282417
mozilla-beta,4169841,13,08a4b1c8b40e780c5e1ecb6c2516eea4d9acafb2,macosx1015-64-shippable-qr,True,False,,|f|i|s|s|i|o|n| |w|a|r|m| |w|e|b|r|e|n|d|e|r|,102210fe594ee9b33d82058545b1ed14f4c8206e,LastVisualChange,imdb,True,imdb LastVisualChange opt fission warm webrender,,6,ms,firefox,,1735518572,2023-08-03T18:02:21,959.8,7a8dadfc175109672e932eff3fa2b2e788227e0c,1282452
mozilla-beta,4169841,13,08a4b1c8b40e780c5e1ecb6c2516eea4d9acafb2,macosx1015-64-shippable-qr,True,False,,|f|i|s|s|i|o|n| |w|a|r|m| |w|e|b|r|e|n|d|e|r|,102210fe594ee9b33d82058545b1ed14f4c8206e,LastVisualChange,imdb,True,imdb LastVisualChange opt fission warm webrender,,6,ms,firefox,,1735677697,2023-08-04T01:00:05,922.6,edbfa38873a723ceaf42ead3644bfd365d31f689,1282688
mozilla-beta,4169841,13,08a4b1c8b40e780c5e1ecb6c2516eea4d9acafb2,macosx1015-64-shippable-qr,True,False,,|f|i|s|s|i|o|n| |w|a|r|m| |w|e|b|r|e|n|d|e|r|,102210fe594ee9b33d82058545b1ed14f4c8206e,LastVisualChange,imdb,True,imdb LastVisualChange opt fission warm webrender,,6,ms,firefox,,1735708651,2023-08-04T01:46:46,944.2,926c0c79b59e3a541f918893ea054164454095f6,1282708
mozilla-beta,4169841,13,08a4b1c8b40e780c5e1ecb6c2516eea4d9acafb2,macosx1015-64-shippable-qr,True,False,,|f|i|s|s|i|o|n| |w|a|r|m| |w|e|b|r|e|n|d|e|r|,102210fe594ee9b33d82058545b1ed14f4c8206e,LastVisualChange,imdb,True,imdb LastVisualChange opt fission warm webrender,,6,ms,firefox,,1736040991,2023-08-04T14:18:49,979.8,f564a62af1d5a66c0cbc395f85508fd0aba080a7,1282986
mozilla-beta,4169841,13,08a4b1c8b40e780c5e1ecb6c2516eea4d9acafb2,macosx1015-64-shippable-qr,True,False,,|f|i|s|s|i|o|n| |w|a|r|m| |w|e|b|r|e|n|d|e|r|,102210fe594ee9b33d82058545b1ed14f4c8206e,LastVisualChange,imdb,True,imdb LastVisualChange opt fission warm webrender,,6,ms,firefox,,1736203091,2023-08-04T18:01:22,924.3,67612b68bc23712e04e49bd79bf8c027bb9a438d,1283137
mozilla-beta,4169841,13,08a4b1c8b40e780c5e1ecb6c2516eea4d9acafb2,macosx1015-64-shippable-qr,True,False,,|f|i|s|s|i|o|n| |w|a|r|m| |w|e|b|r|e|n|d|e|r|,102210fe594ee9b33d82058545b1ed14f4c8206e,LastVisualChange,imdb,True,imdb LastVisualChange opt fission warm webrender,,6,ms,firefox,,1736342710,2023-08-05T00:48:58,929.4,cd87be9c7e34460013b2770c9ee2e03c35627cc7,1283292
mozilla-beta,4169841,13,08a4b1c8b40e780c5e1ecb6c2516eea4d9acafb2,macosx1015-64-shippable-qr,True,False,,|f|i|s|s|i|o|n| |w|a|r|m| |w|e|b|r|e|n|d|e|r|,102210fe594ee9b33d82058545b1ed14f4c8206e,LastVisualChange,imdb,True,imdb LastVisualChange opt fission warm webrender,,6,ms,firefox,,1736488125,2023-08-05T18:00:42,902.7,afd2356274aeb8ff8b60713edb74477cf7d6b3ee,1283353
mozilla-beta,4169841,13,08a4b1c8b40e780c5e1ecb6c2516eea4d9acafb2,macosx1015-64-shippable-qr,True,False,,|f|i|s|s|i|o|n| |w|a|r|m| |w|e|b|r|e|n|d|e|r|,102210fe594ee9b33d82058545b1ed14f4c8206e,LastVisualChange,imdb,True,imdb LastVisualChange opt fission warm webrender,,6,ms,firefox,,1736576137,2023-08-06T16:43:56,951.2,600425a20e1e547262a69eb78c1d0000a545aa8c,1283426
mozilla-beta,4169841,13,08a4b1c8b40e780c5e1ecb6c2516eea4d9acafb2,macosx1015-64-shippable-qr,True,False,,|f|i|s|s|i|o|n| |w|a|r|m| |w|e|b|r|e|n|d|e|r|,102210fe594ee9b33d82058545b1ed14f4c8206e,LastVisualChange,imdb,True,imdb LastVisualChange opt fission warm webrender,,6,ms,firefox,,1736583400,2023-08-06T18:01:10,942.9,fd6a630299cc7a67e2af0ea85515fa7f31773d43,1283429
mozilla-beta,4169841,13,08a4b1c8b40e780c5e1ecb6c2516eea4d9acafb2,macosx1015-64-shippable-qr,True,False,,|f|i|s|s|i|o|n| |w|a|r|m| |w|e|b|r|e|n|d|e|r|,102210fe594ee9b33d82058545b1ed14f4c8206e,LastVisualChange,imdb,True,imdb LastVisualChange opt fission warm webrender,,6,ms,firefox,,1736634022,2023-08-07T00:18:16,921.0,0cb4435f0aa75155759ccde4232632db9be2685d,1283451
mozilla-beta,4169841,13,08a4b1c8b40e780c5e1ecb6c2516eea4d9acafb2,macosx1015-64-shippable-qr,True,False,,|f|i|s|s|i|o|n| |w|a|r|m| |w|e|b|r|e|n|d|e|r|,102210fe594ee9b33d82058545b1ed14f4c8206e,LastVisualChange,imdb,True,imdb LastVisualChange opt fission warm webrender,,6,ms,firefox,,1736914451,2023-08-07T14:27:22,951.1,c1be2c53674ac35df4fa9981b969e0c7338db634,1283738
mozilla-beta,4169841,13,08a4b1c8b40e780c5e1ecb6c2516eea4d9acafb2,macosx1015-64-shippable-qr,True,False,,|f|i|s|s|i|o|n| |w|a|r|m| |w|e|b|r|e|n|d|e|r|,102210fe594ee9b33d82058545b1ed14f4c8206e,LastVisualChange,imdb,True,imdb LastVisualChange opt fission warm webrender,,6,ms,firefox,,1736993044,2023-08-07T18:00:13,946.1,0719ff67d72e82af324ff0d60454cb7b64475ea8,1283851
mozilla-beta,4169841,13,08a4b1c8b40e780c5e1ecb6c2516eea4d9acafb2,macosx1015-64-shippable-qr,True,False,,|f|i|s|s|i|o|n| |w|a|r|m| |w|e|b|r|e|n|d|e|r|,102210fe594ee9b33d82058545b1ed14f4c8206e,LastVisualChange,imdb,True,imdb LastVisualChange opt fission warm webrender,,6,ms,firefox,,1737528339,2023-08-08T17:20:55,983.5,2139e838f412d9530de885d86795cb20acd799ec,1284441
mozilla-beta,4169841,13,08a4b1c8b40e780c5e1ecb6c2516eea4d9acafb2,macosx1015-64-shippable-qr,True,False,,|f|i|s|s|i|o|n| |w|a|r|m| |w|e|b|r|e|n|d|e|r|,102210fe594ee9b33d82058545b1ed14f4c8206e,LastVisualChange,imdb,True,imdb LastVisualChange opt fission warm webrender,,6,ms,firefox,,1737551767,2023-08-08T18:01:14,919.3,28729171cb22279cc197e994df3a3af4cb93dd03,1284477
mozilla-beta,4169841,13,08a4b1c8b40e780c5e1ecb6c2516eea4d9acafb2,macosx1015-64-shippable-qr,True,False,,|f|i|s|s|i|o|n| |w|a|r|m| |w|e|b|r|e|n|d|e|r|,102210fe594ee9b33d82058545b1ed14f4c8206e,LastVisualChange,imdb,True,imdb LastVisualChange opt fission warm webrender,,6,ms,firefox,,1737584832,2023-08-08T18:43:39,946.5,2658ff909fe46ea384283ab987ff064826d3847f,1284502
mozilla-beta,4169841,13,08a4b1c8b40e780c5e1ecb6c2516eea4d9acafb2,macosx1015-64-shippable-qr,True,False,,|f|i|s|s|i|o|n| |w|a|r|m| |w|e|b|r|e|n|d|e|r|,102210fe594ee9b33d82058545b1ed14f4c8206e,LastVisualChange,imdb,True,imdb LastVisualChange opt fission warm webrender,,6,ms,firefox,,1737682289,2023-08-08T21:55:02,926.5,cfdaf87ed056aaae59e32176b35e15dd0ccd4b1a,1284626
mozilla-beta,4169841,13,08a4b1c8b40e780c5e1ecb6c2516eea4d9acafb2,macosx1015-64-shippable-qr,True,False,,|f|i|s|s|i|o|n| |w|a|r|m| |w|e|b|r|e|n|d|e|r|,102210fe594ee9b33d82058545b1ed14f4c8206e,LastVisualChange,imdb,True,imdb LastVisualChange opt fission warm webrender,,6,ms,firefox,,1738210308,2023-08-09T18:01:13,903.6,6bd589246bd42f4ee499b2c5a66490fed5d80f39,1285212
mozilla-beta,4169841,13,08a4b1c8b40e780c5e1ecb6c2516eea4d9acafb2,macosx1015-64-shippable-qr,True,False,,|f|i|s|s|i|o|n| |w|a|r|m| |w|e|b|r|e|n|d|e|r|,102210fe594ee9b33d82058545b1ed14f4c8206e,LastVisualChange,imdb,True,imdb LastVisualChange opt fission warm webrender,,6,ms,firefox,,1738255979,2023-08-09T19:20:20,929.5,433d3b5055bdc140654b579bc823a855330ee44e,1285276
mozilla-beta,4169841,13,08a4b1c8b40e780c5e1ecb6c2516eea4d9acafb2,macosx1015-64-shippable-qr,True,False,,|f|i|s|s|i|o|n| |w|a|r|m| |w|e|b|r|e|n|d|e|r|,102210fe594ee9b33d82058545b1ed14f4c8206e,LastVisualChange,imdb,True,imdb LastVisualChange opt fission warm webrender,,6,ms,firefox,,1738765290,2023-08-10T15:15:03,956.8,fa00393d9b3fe6becf61c250b9576e461b7c5570,1285771
mozilla-beta,4169841,13,08a4b1c8b40e780c5e1ecb6c2516eea4d9acafb2,macosx1015-64-shippable-qr,True,False,,|f|i|s|s|i|o|n| |w|a|r|m| |w|e|b|r|e|n|d|e|r|,102210fe594ee9b33d82058545b1ed14f4c8206e,LastVisualChange,imdb,True,imdb LastVisualChange opt fission warm webrender,,6,ms,firefox,,1738833117,2023-08-10T17:30:49,918.8,3db6a1040c55acf5f5e7ae366545276b178866f9,1285856
mozilla-beta,4169841,13,08a4b1c8b40e780c5e1ecb6c2516eea4d9acafb2,macosx1015-64-shippable-qr,True,False,,|f|i|s|s|i|o|n| |w|a|r|m| |w|e|b|r|e|n|d|e|r|,102210fe594ee9b33d82058545b1ed14f4c8206e,LastVisualChange,imdb,True,imdb LastVisualChange opt fission warm webrender,,6,ms,firefox,,1738845452,2023-08-10T17:48:51,934.9,21c1a6306679d8bc0dad3f2c85fb5d4de03d33a5,1285874
mozilla-beta,4169841,13,08a4b1c8b40e780c5e1ecb6c2516eea4d9acafb2,macosx1015-64-shippable-qr,True,False,,|f|i|s|s|i|o|n| |w|a|r|m| |w|e|b|r|e|n|d|e|r|,102210fe594ee9b33d82058545b1ed14f4c8206e,LastVisualChange,imdb,True,imdb LastVisualChange opt fission warm webrender,,6,ms,firefox,,1738850537,2023-08-10T18:00:04,871.2,1c49b7aae46f2efa55d93f31c950239b146067c3,1285882
mozilla-beta,4169841,13,08a4b1c8b40e780c5e1ecb6c2516eea4d9acafb2,macosx1015-64-shippable-qr,True,False,,|f|i|s|s|i|o|n| |w|a|r|m| |w|e|b|r|e|n|d|e|r|,102210fe594ee9b33d82058545b1ed14f4c8206e,LastVisualChange,imdb,True,imdb LastVisualChange opt fission warm webrender,,6,ms,firefox,,1738861322,2023-08-10T18:18:19,953.9,d6ffe323ddf142af3dd664b098a59dc4973bd423,1285902
mozilla-beta,4169841,13,08a4b1c8b40e780c5e1ecb6c2516eea4d9acafb2,macosx1015-64-shippable-qr,True,False,,|f|i|s|s|i|o|n| |w|a|r|m| |w|e|b|r|e|n|d|e|r|,102210fe594ee9b33d82058545b1ed14f4c8206e,LastVisualChange,imdb,True,imdb LastVisualChange opt fission warm webrender,,6,ms,firefox,,1739322533,2023-08-11T15:21:13,930.4,19a2c76dc9990f44dbeac102736d2e99be839317,1286357
mozilla-beta,4169841,13,08a4b1c8b40e780c5e1ecb6c2516eea4d9acafb2,macosx1015-64-shippable-qr,True,False,,|f|i|s|s|i|o|n| |w|a|r|m| |w|e|b|r|e|n|d|e|r|,102210fe594ee9b33d82058545b1ed14f4c8206e,LastVisualChange,imdb,True,imdb LastVisualChange opt fission warm webrender,,6,ms,firefox,,1739334721,2023-08-11T16:51:16,933.0,fe2aaa3aafcf697f35b8250eca545ed76a62162f,1286431
mozilla-beta,4169841,13,08a4b1c8b40e780c5e1ecb6c2516eea4d9acafb2,macosx1015-64-shippable-qr,True,False,,|f|i|s|s|i|o|n| |w|a|r|m| |w|e|b|r|e|n|d|e|r|,102210fe594ee9b33d82058545b1ed14f4c8206e,LastVisualChange,imdb,True,imdb LastVisualChange opt fission warm webrender,,6,ms,firefox,,1739367078,2023-08-11T17:58:53,924.9,bc09740beb8c1ae802df1ad952223a369daac18f,1286483
mozilla-beta,4169841,13,08a4b1c8b40e780c5e1ecb6c2516eea4d9acafb2,macosx1015-64-shippable-qr,True,False,,|f|i|s|s|i|o|n| |w|a|r|m| |w|e|b|r|e|n|d|e|r|,102210fe594ee9b33d82058545b1ed14f4c8206e,LastVisualChange,imdb,True,imdb LastVisualChange opt fission warm webrender,,6,ms,firefox,,1739404923,2023-08-11T19:35:29,915.5,e62bf69c57f2d75551e80a25236b19d1892709b3,1286549
mozilla-beta,4169841,13,08a4b1c8b40e780c5e1ecb6c2516eea4d9acafb2,macosx1015-64-shippable-qr,True,False,,|f|i|s|s|i|o|n| |w|a|r|m| |w|e|b|r|e|n|d|e|r|,102210fe594ee9b33d82058545b1ed14f4c8206e,LastVisualChange,imdb,True,imdb LastVisualChange opt fission warm webrender,,6,ms,firefox,,1739658450,2023-08-12T16:03:48,913.1,19a38682aee82796d601e53801a5d4eb10664812,1286674
mozilla-beta,4169841,13,08a4b1c8b40e780c5e1ecb6c2516eea4d9acafb2,macosx1015-64-shippable-qr,True,False,,|f|i|s|s|i|o|n| |w|a|r|m| |w|e|b|r|e|n|d|e|r|,102210fe594ee9b33d82058545b1ed14f4c8206e,LastVisualChange,imdb,True,imdb LastVisualChange opt fission warm webrender,,6,ms,firefox,,1739691149,2023-08-12T18:00:10,955.0,77b053e8ee09973807d49b1888c31ea21118362f,1286689
mozilla-beta,4169841,13,08a4b1c8b40e780c5e1ecb6c2516eea4d9acafb2,macosx1015-64-shippable-qr,True,False,,|f|i|s|s|i|o|n| |w|a|r|m| |w|e|b|r|e|n|d|e|r|,102210fe594ee9b33d82058545b1ed14f4c8206e,LastVisualChange,imdb,True,imdb LastVisualChange opt fission warm webrender,,6,ms,firefox,,1739834856,2023-08-13T16:52:58,907.4,4cf69f7029b8d6f7a38adb83cd6852ac008d6be2,1286761
mozilla-beta,4169841,13,08a4b1c8b40e780c5e1ecb6c2516eea4d9acafb2,macosx1015-64-shippable-qr,True,False,,|f|i|s|s|i|o|n| |w|a|r|m| |w|e|b|r|e|n|d|e|r|,102210fe594ee9b33d82058545b1ed14f4c8206e,LastVisualChange,imdb,True,imdb LastVisualChange opt fission warm webrender,,6,ms,firefox,,1739847801,2023-08-13T17:23:23,931.8,2300f9ca9d4fa74443ed2c5542bb1b22167a28df,1286763
mozilla-beta,4169841,13,08a4b1c8b40e780c5e1ecb6c2516eea4d9acafb2,macosx1015-64-shippable-qr,True,False,,|f|i|s|s|i|o|n| |w|a|r|m| |w|e|b|r|e|n|d|e|r|,102210fe594ee9b33d82058545b1ed14f4c8206e,LastVisualChange,imdb,True,imdb LastVisualChange opt fission warm webrender,,6,ms,firefox,,1739861676,2023-08-13T18:01:42,922.4,b6ac990feb967837e10ccf2232c15c9acc4542db,1286766
mozilla-beta,4169841,13,08a4b1c8b40e780c5e1ecb6c2516eea4d9acafb2,macosx1015-64-shippable-qr,True,False,,|f|i|s|s|i|o|n| |w|a|r|m| |w|e|b|r|e|n|d|e|r|,102210fe594ee9b33d82058545b1ed14f4c8206e,LastVisualChange,imdb,True,imdb LastVisualChange opt fission warm webrender,,6,ms,firefox,,1740178057,2023-08-14T15:56:31,887.5,a6729d7e2ba0e1ba1fbf93be5076ecdb4a1b1e40,1287055
mozilla-beta,4169841,13,08a4b1c8b40e780c5e1ecb6c2516eea4d9acafb2,macosx1015-64-shippable-qr,True,False,,|f|i|s|s|i|o|n| |w|a|r|m| |w|e|b|r|e|n|d|e|r|,102210fe594ee9b33d82058545b1ed14f4c8206e,LastVisualChange,imdb,True,imdb LastVisualChange opt fission warm webrender,,6,ms,firefox,,1740212740,2023-08-14T17:35:08,907.7,1d543e7b65ff57f2da7465d003f3e3e38e672120,1287114
mozilla-beta,4169841,13,08a4b1c8b40e780c5e1ecb6c2516eea4d9acafb2,macosx1015-64-shippable-qr,True,False,,|f|i|s|s|i|o|n| |w|a|r|m| |w|e|b|r|e|n|d|e|r|,102210fe594ee9b33d82058545b1ed14f4c8206e,LastVisualChange,imdb,True,imdb LastVisualChange opt fission warm webrender,,6,ms,firefox,,1740230705,2023-08-14T18:01:52,923.0,2272865813a3da4e06a9a59daac6a0d46d3c5c35,1287134
mozilla-beta,4169841,13,08a4b1c8b40e780c5e1ecb6c2516eea4d9acafb2,macosx1015-64-shippable-qr,True,False,,|f|i|s|s|i|o|n| |w|a|r|m| |w|e|b|r|e|n|d|e|r|,102210fe594ee9b33d82058545b1ed14f4c8206e,LastVisualChange,imdb,True,imdb LastVisualChange opt fission warm webrender,,6,ms,firefox,,1740418954,2023-08-15T02:26:03,939.9,dbd6cb77df7c84d664880a496756071e3619f0fd,1287386
mozilla-beta,4169841,13,08a4b1c8b40e780c5e1ecb6c2516eea4d9acafb2,macosx1015-64-shippable-qr,True,False,,|f|i|s|s|i|o|n| |w|a|r|m| |w|e|b|r|e|n|d|e|r|,102210fe594ee9b33d82058545b1ed14f4c8206e,LastVisualChange,imdb,True,imdb LastVisualChange opt fission warm webrender,,6,ms,firefox,,1740710039,2023-08-15T14:12:37,920.5,ea32c3ece390271be2988a369cc7fbddd4f87187,1287594
mozilla-beta,4169841,13,08a4b1c8b40e780c5e1ecb6c2516eea4d9acafb2,macosx1015-64-shippable-qr,True,False,,|f|i|s|s|i|o|n| |w|a|r|m| |w|e|b|r|e|n|d|e|r|,102210fe594ee9b33d82058545b1ed14f4c8206e,LastVisualChange,imdb,True,imdb LastVisualChange opt fission warm webrender,,6,ms,firefox,,1740734045,2023-08-15T14:31:22,900.6,bd110f9606301510f9ddac04db25e26fc7b979f4,1287600
mozilla-beta,4169841,13,08a4b1c8b40e780c5e1ecb6c2516eea4d9acafb2,macosx1015-64-shippable-qr,True,False,,|f|i|s|s|i|o|n| |w|a|r|m| |w|e|b|r|e|n|d|e|r|,102210fe594ee9b33d82058545b1ed14f4c8206e,LastVisualChange,imdb,True,imdb LastVisualChange opt fission warm webrender,,6,ms,firefox,,1740859204,2023-08-15T17:55:25,918.0,39b27e45212aba8ae789db40047edcb957e5c978,1287743
mozilla-beta,4169841,13,08a4b1c8b40e780c5e1ecb6c2516eea4d9acafb2,macosx1015-64-shippable-qr,True,False,,|f|i|s|s|i|o|n| |w|a|r|m| |w|e|b|r|e|n|d|e|r|,102210fe594ee9b33d82058545b1ed14f4c8206e,LastVisualChange,imdb,True,imdb LastVisualChange opt fission warm webrender,,6,ms,firefox,,1740843651,2023-08-15T18:00:41,909.6,3ee3379590a3b47418b7e1dac28217fa1720c9c5,1287745
mozilla-beta,4169841,13,08a4b1c8b40e780c5e1ecb6c2516eea4d9acafb2,macosx1015-64-shippable-qr,True,False,,|f|i|s|s|i|o|n| |w|a|r|m| |w|e|b|r|e|n|d|e|r|,102210fe594ee9b33d82058545b1ed14f4c8206e,LastVisualChange,imdb,True,imdb LastVisualChange opt fission warm webrender,,6,ms,firefox,,1741561090,2023-08-16T17:40:45,930.1,08b127aa5a361e2e83fbf254bcfa7d7defcc91bb,1288455
mozilla-beta,4169841,13,08a4b1c8b40e780c5e1ecb6c2516eea4d9acafb2,macosx1015-64-shippable-qr,True,False,,|f|i|s|s|i|o|n| |w|a|r|m| |w|e|b|r|e|n|d|e|r|,102210fe594ee9b33d82058545b1ed14f4c8206e,LastVisualChange,imdb,True,imdb LastVisualChange opt fission warm webrender,,6,ms,firefox,,1741570988,2023-08-16T18:00:54,920.9,d3061045db8732cf87a223291094873d2d50888a,1288466
mozilla-beta,4169841,13,08a4b1c8b40e780c5e1ecb6c2516eea4d9acafb2,macosx1015-64-shippable-qr,True,False,,|f|i|s|s|i|o|n| |w|a|r|m| |w|e|b|r|e|n|d|e|r|,102210fe594ee9b33d82058545b1ed14f4c8206e,LastVisualChange,imdb,True,imdb LastVisualChange opt fission warm webrender,,6,ms,firefox,,1741600765,2023-08-16T18:52:19,883.5,33901ea7ca81a824a5b24396def8e991fe7731e0,1288493
mozilla-beta,4169841,13,08a4b1c8b40e780c5e1ecb6c2516eea4d9acafb2,macosx1015-64-shippable-qr,True,False,,|f|i|s|s|i|o|n| |w|a|r|m| |w|e|b|r|e|n|d|e|r|,102210fe594ee9b33d82058545b1ed14f4c8206e,LastVisualChange,imdb,True,imdb LastVisualChange opt fission warm webrender,,6,ms,firefox,,1742169258,2023-08-17T14:25:18,955.4,f5d3fbc0d6e61648e703814eea4baf5806524b36,1288946
mozilla-beta,4169841,13,08a4b1c8b40e780c5e1ecb6c2516eea4d9acafb2,macosx1015-64-shippable-qr,True,False,,|f|i|s|s|i|o|n| |w|a|r|m| |w|e|b|r|e|n|d|e|r|,102210fe594ee9b33d82058545b1ed14f4c8206e,LastVisualChange,imdb,True,imdb LastVisualChange opt fission warm webrender,,6,ms,firefox,,1742231676,2023-08-17T17:00:22,928.9,43bf41ee652223649ecd95d0a656eeacae86ad05,1289046
mozilla-beta,4169841,13,08a4b1c8b40e780c5e1ecb6c2516eea4d9acafb2,macosx1015-64-shippable-qr,True,False,,|f|i|s|s|i|o|n| |w|a|r|m| |w|e|b|r|e|n|d|e|r|,102210fe594ee9b33d82058545b1ed14f4c8206e,LastVisualChange,imdb,True,imdb LastVisualChange opt fission warm webrender,,6,ms,firefox,,1742237852,2023-08-17T17:58:56,926.1,79150caa42c9af433d7077a75e3bb6024fedd445,1289083
mozilla-beta,4169841,13,08a4b1c8b40e780c5e1ecb6c2516eea4d9acafb2,macosx1015-64-shippable-qr,True,False,,|f|i|s|s|i|o|n| |w|a|r|m| |w|e|b|r|e|n|d|e|r|,102210fe594ee9b33d82058545b1ed14f4c8206e,LastVisualChange,imdb,True,imdb LastVisualChange opt fission warm webrender,,6,ms,firefox,,1742889767,2023-08-18T17:58:43,940.5,dd6c96bd27406158b503fdc93699a7a55299727d,1289558
mozilla-beta,4169841,13,08a4b1c8b40e780c5e1ecb6c2516eea4d9acafb2,macosx1015-64-shippable-qr,True,False,,|f|i|s|s|i|o|n| |w|a|r|m| |w|e|b|r|e|n|d|e|r|,102210fe594ee9b33d82058545b1ed14f4c8206e,LastVisualChange,imdb,True,imdb LastVisualChange opt fission warm webrender,,6,ms,firefox,,1742905484,2023-08-18T18:03:36,949.4,cb4964f4a7d3a89de607bbb3e0f382ecbb876138,1289562
mozilla-beta,4169841,13,08a4b1c8b40e780c5e1ecb6c2516eea4d9acafb2,macosx1015-64-shippable-qr,True,False,,|f|i|s|s|i|o|n| |w|a|r|m| |w|e|b|r|e|n|d|e|r|,102210fe594ee9b33d82058545b1ed14f4c8206e,LastVisualChange,imdb,True,imdb LastVisualChange opt fission warm webrender,,6,ms,firefox,,1743166204,2023-08-19T18:03:16,922.5,280c96d8d9eaa71cccbf305dcd506fcb5916a426,1289766
mozilla-beta,4169841,13,08a4b1c8b40e780c5e1ecb6c2516eea4d9acafb2,macosx1015-64-shippable-qr,True,False,,|f|i|s|s|i|o|n| |w|a|r|m| |w|e|b|r|e|n|d|e|r|,102210fe594ee9b33d82058545b1ed14f4c8206e,LastVisualChange,imdb,True,imdb LastVisualChange opt fission warm webrender,,6,ms,firefox,,1743313680,2023-08-20T18:00:02,898.3,9763c2c83af5baabe670cc6a262f1c838c3eca85,1289838
mozilla-beta,4169841,13,08a4b1c8b40e780c5e1ecb6c2516eea4d9acafb2,macosx1015-64-shippable-qr,True,False,,|f|i|s|s|i|o|n| |w|a|r|m| |w|e|b|r|e|n|d|e|r|,102210fe594ee9b33d82058545b1ed14f4c8206e,LastVisualChange,imdb,True,imdb LastVisualChange opt fission warm webrender,,6,ms,firefox,,1743635801,2023-08-21T11:07:09,845.8,95093682c2bb0242a3f1016d06ee0e2d33385e4b,1289941
mozilla-beta,4169841,13,08a4b1c8b40e780c5e1ecb6c2516eea4d9acafb2,macosx1015-64-shippable-qr,True,False,,|f|i|s|s|i|o|n| |w|a|r|m| |w|e|b|r|e|n|d|e|r|,102210fe594ee9b33d82058545b1ed14f4c8206e,LastVisualChange,imdb,True,imdb LastVisualChange opt fission warm webrender,,6,ms,firefox,,1746968835,2023-08-28T13:34:39,926.8,a51142166ff907b88f1f41ce22c1ad1df4daac76,1292230
mozilla-beta,4169841,13,08a4b1c8b40e780c5e1ecb6c2516eea4d9acafb2,macosx1015-64-shippable-qr,True,False,,|f|i|s|s|i|o|n| |w|a|r|m| |w|e|b|r|e|n|d|e|r|,102210fe594ee9b33d82058545b1ed14f4c8206e,LastVisualChange,imdb,True,imdb LastVisualChange opt fission warm webrender,,6,ms,firefox,,1747082737,2023-08-28T18:00:55,972.3,dad69789a2511ed216636075c1304c3df77ef2ae,1292358
mozilla-beta,4169841,13,08a4b1c8b40e780c5e1ecb6c2516eea4d9acafb2,macosx1015-64-shippable-qr,True,False,,|f|i|s|s|i|o|n| |w|a|r|m| |w|e|b|r|e|n|d|e|r|,102210fe594ee9b33d82058545b1ed14f4c8206e,LastVisualChange,imdb,True,imdb LastVisualChange opt fission warm webrender,,6,ms,firefox,,1747749218,2023-08-29T16:17:46,911.3,fc9d232fe3a08afc7811940be13f3ab05148baac,1292905
mozilla-beta,4169841,13,08a4b1c8b40e780c5e1ecb6c2516eea4d9acafb2,macosx1015-64-shippable-qr,True,False,,|f|i|s|s|i|o|n| |w|a|r|m| |w|e|b|r|e|n|d|e|r|,102210fe594ee9b33d82058545b1ed14f4c8206e,LastVisualChange,imdb,True,imdb LastVisualChange opt fission warm webrender,,6,ms,firefox,,1747760522,2023-08-29T18:01:58,908.5,22902fb186bab153df337de03d5e5ceafb8bb289,1292972
mozilla-beta,4169841,13,08a4b1c8b40e780c5e1ecb6c2516eea4d9acafb2,macosx1015-64-shippable-qr,True,False,,|f|i|s|s|i|o|n| |w|a|r|m| |w|e|b|r|e|n|d|e|r|,102210fe594ee9b33d82058545b1ed14f4c8206e,LastVisualChange,imdb,True,imdb LastVisualChange opt fission warm webrender,,6,ms,firefox,,1748071995,2023-08-30T16:02:19,957.7,a7de6ba0f96a2232c89b1b0c4a851cfa706c9dff,1293406
mozilla-beta,4169841,13,08a4b1c8b40e780c5e1ecb6c2516eea4d9acafb2,macosx1015-64-shippable-qr,True,False,,|f|i|s|s|i|o|n| |w|a|r|m| |w|e|b|r|e|n|d|e|r|,102210fe594ee9b33d82058545b1ed14f4c8206e,LastVisualChange,imdb,True,imdb LastVisualChange opt fission warm webrender,,6,ms,firefox,,1748111581,2023-08-30T18:00:05,951.3,c9fd750d1062cdca7d7307305afab359895f4bab,1293491
mozilla-beta,4169841,13,08a4b1c8b40e780c5e1ecb6c2516eea4d9acafb2,macosx1015-64-shippable-qr,True,False,,|f|i|s|s|i|o|n| |w|a|r|m| |w|e|b|r|e|n|d|e|r|,102210fe594ee9b33d82058545b1ed14f4c8206e,LastVisualChange,imdb,True,imdb LastVisualChange opt fission warm webrender,,6,ms,firefox,,1748456891,2023-08-31T13:48:52,891.5,bd56eca7c31c77f3fbdd6daa6d57c94c9eb8d5c8,1293926
mozilla-beta,4169841,13,08a4b1c8b40e780c5e1ecb6c2516eea4d9acafb2,macosx1015-64-shippable-qr,True,False,,|f|i|s|s|i|o|n| |w|a|r|m| |w|e|b|r|e|n|d|e|r|,102210fe594ee9b33d82058545b1ed14f4c8206e,LastVisualChange,imdb,True,imdb LastVisualChange opt fission warm webrender,,6,ms,firefox,,1748581356,2023-08-31T16:20:56,944.6,87b953f9d23637a6fa6ff27c3e67832db704f61b,1294000
mozilla-beta,4169841,13,08a4b1c8b40e780c5e1ecb6c2516eea4d9acafb2,macosx1015-64-shippable-qr,True,False,,|f|i|s|s|i|o|n| |w|a|r|m| |w|e|b|r|e|n|d|e|r|,102210fe594ee9b33d82058545b1ed14f4c8206e,LastVisualChange,imdb,True,imdb LastVisualChange opt fission warm webrender,,6,ms,firefox,,1748613405,2023-08-31T18:00:26,985.6,1af9e2938f106620e66bafc85d215e817bbbdeb8,1294060
mozilla-beta,4169841,13,08a4b1c8b40e780c5e1ecb6c2516eea4d9acafb2,macosx1015-64-shippable-qr,True,False,,|f|i|s|s|i|o|n| |w|a|r|m| |w|e|b|r|e|n|d|e|r|,102210fe594ee9b33d82058545b1ed14f4c8206e,LastVisualChange,imdb,True,imdb LastVisualChange opt fission warm webrender,,6,ms,firefox,,1749165029,2023-09-01T14:41:46,947.2,709d8af0c7f302527387c80c1d76d741a7aa46aa,1294606
mozilla-beta,4169841,13,08a4b1c8b40e780c5e1ecb6c2516eea4d9acafb2,macosx1015-64-shippable-qr,True,False,,|f|i|s|s|i|o|n| |w|a|r|m| |w|e|b|r|e|n|d|e|r|,102210fe594ee9b33d82058545b1ed14f4c8206e,LastVisualChange,imdb,True,imdb LastVisualChange opt fission warm webrender,,6,ms,firefox,,1749274009,2023-09-01T17:59:08,961.6,26851a608617df78ba59a15b1b069d398838e42a,1294720
mozilla-beta,4169841,13,08a4b1c8b40e780c5e1ecb6c2516eea4d9acafb2,macosx1015-64-shippable-qr,True,False,,|f|i|s|s|i|o|n| |w|a|r|m| |w|e|b|r|e|n|d|e|r|,102210fe594ee9b33d82058545b1ed14f4c8206e,LastVisualChange,imdb,True,imdb LastVisualChange opt fission warm webrender,,6,ms,firefox,,1749665760,2023-09-02T18:02:24,954.9,171ca118d902636a29bb5fb3a82f7a55f2089cd7,1294989
mozilla-beta,4169841,13,08a4b1c8b40e780c5e1ecb6c2516eea4d9acafb2,macosx1015-64-shippable-qr,True,False,,|f|i|s|s|i|o|n| |w|a|r|m| |w|e|b|r|e|n|d|e|r|,102210fe594ee9b33d82058545b1ed14f4c8206e,LastVisualChange,imdb,True,imdb LastVisualChange opt fission warm webrender,,6,ms,firefox,,1749827193,2023-09-03T14:47:55,929.1,073227d3c47f97124282de93cc52c465393d9cd5,1295067
mozilla-beta,4169841,13,08a4b1c8b40e780c5e1ecb6c2516eea4d9acafb2,macosx1015-64-shippable-qr,True,False,,|f|i|s|s|i|o|n| |w|a|r|m| |w|e|b|r|e|n|d|e|r|,102210fe594ee9b33d82058545b1ed14f4c8206e,LastVisualChange,imdb,True,imdb LastVisualChange opt fission warm webrender,,6,ms,firefox,,1749880548,2023-09-03T18:02:19,920.8,cb4458e15206391eeeed111562f9a786e4253c5c,1295080
mozilla-beta,4169841,13,08a4b1c8b40e780c5e1ecb6c2516eea4d9acafb2,macosx1015-64-shippable-qr,True,False,,|f|i|s|s|i|o|n| |w|a|r|m| |w|e|b|r|e|n|d|e|r|,102210fe594ee9b33d82058545b1ed14f4c8206e,LastVisualChange,imdb,True,imdb LastVisualChange opt fission warm webrender,,6,ms,firefox,,1750166658,2023-09-04T10:55:38,915.3,9cf13283af3f62be7d96fb8820adb77b34e50f7d,1295255
mozilla-beta,4169841,13,08a4b1c8b40e780c5e1ecb6c2516eea4d9acafb2,macosx1015-64-shippable-qr,True,False,,|f|i|s|s|i|o|n| |w|a|r|m| |w|e|b|r|e|n|d|e|r|,102210fe594ee9b33d82058545b1ed14f4c8206e,LastVisualChange,imdb,True,imdb LastVisualChange opt fission warm webrender,,6,ms,firefox,,1750218508,2023-09-04T12:18:03,956.5,bc7cc180eaecceec758abbbce4a999eb99f759a9,1295288
mozilla-beta,4169841,13,08a4b1c8b40e780c5e1ecb6c2516eea4d9acafb2,macosx1015-64-shippable-qr,True,False,,|f|i|s|s|i|o|n| |w|a|r|m| |w|e|b|r|e|n|d|e|r|,102210fe594ee9b33d82058545b1ed14f4c8206e,LastVisualChange,imdb,True,imdb LastVisualChange opt fission warm webrender,,6,ms,firefox,,1750309461,2023-09-04T18:05:52,914.4,807ac900b376514e4ba55d5a926de27f55bd8153,1295382
mozilla-beta,4169841,13,08a4b1c8b40e780c5e1ecb6c2516eea4d9acafb2,macosx1015-64-shippable-qr,True,False,,|f|i|s|s|i|o|n| |w|a|r|m| |w|e|b|r|e|n|d|e|r|,102210fe594ee9b33d82058545b1ed14f4c8206e,LastVisualChange,imdb,True,imdb LastVisualChange opt fission warm webrender,,6,ms,firefox,,1750530317,2023-09-05T08:42:26,948.7,900e63a91516e26eb08c29cf32f0212c923e8fe0,1295556
mozilla-beta,4169841,13,08a4b1c8b40e780c5e1ecb6c2516eea4d9acafb2,macosx1015-64-shippable-qr,True,False,,|f|i|s|s|i|o|n| |w|a|r|m| |w|e|b|r|e|n|d|e|r|,102210fe594ee9b33d82058545b1ed14f4c8206e,LastVisualChange,imdb,True,imdb LastVisualChange opt fission warm webrender,,6,ms,firefox,,1750772945,2023-09-05T17:59:53,923.1,d67b22c7454dffe256c8e85d18b7909575fae829,1295860
mozilla-beta,4169841,13,08a4b1c8b40e780c5e1ecb6c2516eea4d9acafb2,macosx1015-64-shippable-qr,True,False,,|f|i|s|s|i|o|n| |w|a|r|m| |w|e|b|r|e|n|d|e|r|,102210fe594ee9b33d82058545b1ed14f4c8206e,LastVisualChange,imdb,True,imdb LastVisualChange opt fission warm webrender,,6,ms,firefox,,1751169161,2023-09-06T09:15:15,930.1,49565181b8c4ade31ef41ad72498fa2777f6d906,1296259
mozilla-beta,4169841,13,08a4b1c8b40e780c5e1ecb6c2516eea4d9acafb2,macosx1015-64-shippable-qr,True,False,,|f|i|s|s|i|o|n| |w|a|r|m| |w|e|b|r|e|n|d|e|r|,102210fe594ee9b33d82058545b1ed14f4c8206e,LastVisualChange,imdb,True,imdb LastVisualChange opt fission warm webrender,,6,ms,firefox,,1751335835,2023-09-06T14:00:22,896.9,d367a07b88cc72838ae620ff5f160f8152e327e7,1296398
mozilla-beta,4169841,13,08a4b1c8b40e780c5e1ecb6c2516eea4d9acafb2,macosx1015-64-shippable-qr,True,False,,|f|i|s|s|i|o|n| |w|a|r|m| |w|e|b|r|e|n|d|e|r|,102210fe594ee9b33d82058545b1ed14f4c8206e,LastVisualChange,imdb,True,imdb LastVisualChange opt fission warm webrender,,6,ms,firefox,,1751313336,2023-09-06T14:02:17,934.6,744de8d56d344a2d66a3292442e397102341a435,1296400
mozilla-beta,4169841,13,08a4b1c8b40e780c5e1ecb6c2516eea4d9acafb2,macosx1015-64-shippable-qr,True,False,,|f|i|s|s|i|o|n| |w|a|r|m| |w|e|b|r|e|n|d|e|r|,102210fe594ee9b33d82058545b1ed14f4c8206e,LastVisualChange,imdb,True,imdb LastVisualChange opt fission warm webrender,,6,ms,firefox,,1751390839,2023-09-06T18:01:29,978.7,c2849c7826f58c7fca76587765d1d24fb1015787,1296562
mozilla-beta,4169841,13,08a4b1c8b40e780c5e1ecb6c2516eea4d9acafb2,macosx1015-64-shippable-qr,True,False,,|f|i|s|s|i|o|n| |w|a|r|m| |w|e|b|r|e|n|d|e|r|,102210fe594ee9b33d82058545b1ed14f4c8206e,LastVisualChange,imdb,True,imdb LastVisualChange opt fission warm webrender,,6,ms,firefox,,1751755501,2023-09-07T08:55:31,941.5,bf9fd7610de325961d2bad9677d3e0baed448827,1296941
mozilla-beta,4169841,13,08a4b1c8b40e780c5e1ecb6c2516eea4d9acafb2,macosx1015-64-shippable-qr,True,False,,|f|i|s|s|i|o|n| |w|a|r|m| |w|e|b|r|e|n|d|e|r|,102210fe594ee9b33d82058545b1ed14f4c8206e,LastVisualChange,imdb,True,imdb LastVisualChange opt fission warm webrender,,6,ms,firefox,,1751835997,2023-09-07T12:18:53,922.2,09f20f258694586b663476774d62849ff0954bf7,1297036
mozilla-beta,4169841,13,08a4b1c8b40e780c5e1ecb6c2516eea4d9acafb2,macosx1015-64-shippable-qr,True,False,,|f|i|s|s|i|o|n| |w|a|r|m| |w|e|b|r|e|n|d|e|r|,102210fe594ee9b33d82058545b1ed14f4c8206e,LastVisualChange,imdb,True,imdb LastVisualChange opt fission warm webrender,,6,ms,firefox,,1752049776,2023-09-07T18:02:12,921.7,ea026adc3646e302d6a990b24e6252da4c10e9e1,1297255
mozilla-beta,4169841,13,08a4b1c8b40e780c5e1ecb6c2516eea4d9acafb2,macosx1015-64-shippable-qr,True,False,,|f|i|s|s|i|o|n| |w|a|r|m| |w|e|b|r|e|n|d|e|r|,102210fe594ee9b33d82058545b1ed14f4c8206e,LastVisualChange,imdb,True,imdb LastVisualChange opt fission warm webrender,,6,ms,firefox,,1752414373,2023-09-08T08:23:52,842.9,0417d5350c674d59e5118d6e34bf203ff0f07416,1297598
mozilla-beta,4169841,13,08a4b1c8b40e780c5e1ecb6c2516eea4d9acafb2,macosx1015-64-shippable-qr,True,False,,|f|i|s|s|i|o|n| |w|a|r|m| |w|e|b|r|e|n|d|e|r|,102210fe594ee9b33d82058545b1ed14f4c8206e,LastVisualChange,imdb,True,imdb LastVisualChange opt fission warm webrender,,6,ms,firefox,,1752446251,2023-09-08T09:27:27,946.5,68a05148e915734df7061df9340f975931bb1e71,1297629
mozilla-beta,4169841,13,08a4b1c8b40e780c5e1ecb6c2516eea4d9acafb2,macosx1015-64-shippable-qr,True,False,,|f|i|s|s|i|o|n| |w|a|r|m| |w|e|b|r|e|n|d|e|r|,102210fe594ee9b33d82058545b1ed14f4c8206e,LastVisualChange,imdb,True,imdb LastVisualChange opt fission warm webrender,,6,ms,firefox,,1752648334,2023-09-08T14:37:17,917.5,8f5759470cb595ea30d26735e3de45c3cb9deba2,1297802
mozilla-beta,4169841,13,08a4b1c8b40e780c5e1ecb6c2516eea4d9acafb2,macosx1015-64-shippable-qr,True,False,,|f|i|s|s|i|o|n| |w|a|r|m| |w|e|b|r|e|n|d|e|r|,102210fe594ee9b33d82058545b1ed14f4c8206e,LastVisualChange,imdb,True,imdb LastVisualChange opt fission warm webrender,,6,ms,firefox,,1752705043,2023-09-08T18:02:35,923.8,4a076ff52b5ab081ecc76c988f2cab0c999acddd,1297927
mozilla-beta,4169841,13,08a4b1c8b40e780c5e1ecb6c2516eea4d9acafb2,macosx1015-64-shippable-qr,True,False,,|f|i|s|s|i|o|n| |w|a|r|m| |w|e|b|r|e|n|d|e|r|,102210fe594ee9b33d82058545b1ed14f4c8206e,LastVisualChange,imdb,True,imdb LastVisualChange opt fission warm webrender,,6,ms,firefox,,1753087843,2023-09-09T14:33:38,905.5,b1f3a08744ebf265beb7a3b65a23c713ba6ea987,1298228
mozilla-beta,4169841,13,08a4b1c8b40e780c5e1ecb6c2516eea4d9acafb2,macosx1015-64-shippable-qr,True,False,,|f|i|s|s|i|o|n| |w|a|r|m| |w|e|b|r|e|n|d|e|r|,102210fe594ee9b33d82058545b1ed14f4c8206e,LastVisualChange,imdb,True,imdb LastVisualChange opt fission warm webrender,,6,ms,firefox,,1753124285,2023-09-09T18:01:37,921.3,1d174c6b1040e055846c107322548119beb23065,1298238
mozilla-beta,4169841,13,08a4b1c8b40e780c5e1ecb6c2516eea4d9acafb2,macosx1015-64-shippable-qr,True,False,,|f|i|s|s|i|o|n| |w|a|r|m| |w|e|b|r|e|n|d|e|r|,102210fe594ee9b33d82058545b1ed14f4c8206e,LastVisualChange,imdb,True,imdb LastVisualChange opt fission warm webrender,,6,ms,firefox,,1753664925,2023-09-10T17:59:34,843.0,a75f9619ee113907713f385f75c08ac8340ea7a1,1298321
mozilla-beta,4169841,13,08a4b1c8b40e780c5e1ecb6c2516eea4d9acafb2,macosx1015-64-shippable-qr,True,False,,|f|i|s|s|i|o|n| |w|a|r|m| |w|e|b|r|e|n|d|e|r|,102210fe594ee9b33d82058545b1ed14f4c8206e,LastVisualChange,imdb,True,imdb LastVisualChange opt fission warm webrender,,6,ms,firefox,,1754246564,2023-09-11T18:00:35,904.6,85df1da62717a2f0ea9e2d3fbd6379060d39dd7a,1298770
mozilla-beta,4169841,13,08a4b1c8b40e780c5e1ecb6c2516eea4d9acafb2,macosx1015-64-shippable-qr,True,False,,|f|i|s|s|i|o|n| |w|a|r|m| |w|e|b|r|e|n|d|e|r|,102210fe594ee9b33d82058545b1ed14f4c8206e,LastVisualChange,imdb,True,imdb LastVisualChange opt fission warm webrender,,6,ms,firefox,,1754521930,2023-09-12T01:33:58,887.1,012efaa3025f28b8ee14042807c680e361f955d9,1298957
mozilla-beta,4169841,13,08a4b1c8b40e780c5e1ecb6c2516eea4d9acafb2,macosx1015-64-shippable-qr,True,False,,|f|i|s|s|i|o|n| |w|a|r|m| |w|e|b|r|e|n|d|e|r|,102210fe594ee9b33d82058545b1ed14f4c8206e,LastVisualChange,imdb,True,imdb LastVisualChange opt fission warm webrender,,6,ms,firefox,,1754679184,2023-09-12T09:08:04,899.6,339422d06ac0b44eef14a6d0e510b2c8beac74e6,1299055
mozilla-beta,4169841,13,08a4b1c8b40e780c5e1ecb6c2516eea4d9acafb2,macosx1015-64-shippable-qr,True,False,,|f|i|s|s|i|o|n| |w|a|r|m| |w|e|b|r|e|n|d|e|r|,102210fe594ee9b33d82058545b1ed14f4c8206e,LastVisualChange,imdb,True,imdb LastVisualChange opt fission warm webrender,,6,ms,firefox,,1754844251,2023-09-12T13:16:28,880.2,c48cbb09678ed2c9a0a51fc61520602070cd42cd,1299153
mozilla-beta,4169841,13,08a4b1c8b40e780c5e1ecb6c2516eea4d9acafb2,macosx1015-64-shippable-qr,True,False,,|f|i|s|s|i|o|n| |w|a|r|m| |w|e|b|r|e|n|d|e|r|,102210fe594ee9b33d82058545b1ed14f4c8206e,LastVisualChange,imdb,True,imdb LastVisualChange opt fission warm webrender,,6,ms,firefox,,1755021859,2023-09-12T17:59:28,905.3,60f49456a1d32be44cc3fa2fdb65b8276c2e10da,1299300
mozilla-beta,4169841,13,08a4b1c8b40e780c5e1ecb6c2516eea4d9acafb2,macosx1015-64-shippable-qr,True,False,,|f|i|s|s|i|o|n| |w|a|r|m| |w|e|b|r|e|n|d|e|r|,102210fe594ee9b33d82058545b1ed14f4c8206e,LastVisualChange,imdb,True,imdb LastVisualChange opt fission warm webrender,,6,ms,firefox,,1755637581,2023-09-13T16:12:36,899.4,afc0d34aed5f66ac43143c5868a0c280f5d5e523,1299827
mozilla-beta,4169841,13,08a4b1c8b40e780c5e1ecb6c2516eea4d9acafb2,macosx1015-64-shippable-qr,True,False,,|f|i|s|s|i|o|n| |w|a|r|m| |w|e|b|r|e|n|d|e|r|,102210fe594ee9b33d82058545b1ed14f4c8206e,LastVisualChange,imdb,True,imdb LastVisualChange opt fission warm webrender,,6,ms,firefox,,1755762672,2023-09-13T18:01:47,906.5,da7c1c4fbd52add0445ce7e06b7ed513fdf9b518,1299914
mozilla-beta,4169841,13,08a4b1c8b40e780c5e1ecb6c2516eea4d9acafb2,macosx1015-64-shippable-qr,True,False,,|f|i|s|s|i|o|n| |w|a|r|m| |w|e|b|r|e|n|d|e|r|,102210fe594ee9b33d82058545b1ed14f4c8206e,LastVisualChange,imdb,True,imdb LastVisualChange opt fission warm webrender,,6,ms,firefox,,1756299013,2023-09-14T09:48:47,903.7,cb5563d143c9a6e5f347ae0e8dbd6d64da27e6d2,1300320
mozilla-beta,4169841,13,08a4b1c8b40e780c5e1ecb6c2516eea4d9acafb2,macosx1015-64-shippable-qr,True,False,,|f|i|s|s|i|o|n| |w|a|r|m| |w|e|b|r|e|n|d|e|r|,102210fe594ee9b33d82058545b1ed14f4c8206e,LastVisualChange,imdb,True,imdb LastVisualChange opt fission warm webrender,,6,ms,firefox,,1756394370,2023-09-14T12:23:01,902.5,fcddac3e2624e7598033e29e46487dc70d43b78d,1300406
mozilla-beta,4169841,13,08a4b1c8b40e780c5e1ecb6c2516eea4d9acafb2,macosx1015-64-shippable-qr,True,False,,|f|i|s|s|i|o|n| |w|a|r|m| |w|e|b|r|e|n|d|e|r|,102210fe594ee9b33d82058545b1ed14f4c8206e,LastVisualChange,imdb,True,imdb LastVisualChange opt fission warm webrender,,6,ms,firefox,,1756492156,2023-09-14T15:23:47,917.8,167be896a8f296a5e540208b4a21b4268fcfe04a,1300510
mozilla-beta,4169841,13,08a4b1c8b40e780c5e1ecb6c2516eea4d9acafb2,macosx1015-64-shippable-qr,True,False,,|f|i|s|s|i|o|n| |w|a|r|m| |w|e|b|r|e|n|d|e|r|,102210fe594ee9b33d82058545b1ed14f4c8206e,LastVisualChange,imdb,True,imdb LastVisualChange opt fission warm webrender,,6,ms,firefox,,1756518325,2023-09-14T16:08:26,956.1,107fd46b25d1b286078ee8ff22b7b53e0d67c6f6,1300536
mozilla-beta,4169841,13,08a4b1c8b40e780c5e1ecb6c2516eea4d9acafb2,macosx1015-64-shippable-qr,True,False,,|f|i|s|s|i|o|n| |w|a|r|m| |w|e|b|r|e|n|d|e|r|,102210fe594ee9b33d82058545b1ed14f4c8206e,LastVisualChange,imdb,True,imdb LastVisualChange opt fission warm webrender,,6,ms,firefox,,1756581271,2023-09-14T18:00:32,898.7,da576bd73ddbbbcd645403b2c20538f00225e55d,1300604
mozilla-beta,4169841,13,08a4b1c8b40e780c5e1ecb6c2516eea4d9acafb2,macosx1015-64-shippable-qr,True,False,,|f|i|s|s|i|o|n| |w|a|r|m| |w|e|b|r|e|n|d|e|r|,102210fe594ee9b33d82058545b1ed14f4c8206e,LastVisualChange,imdb,True,imdb LastVisualChange opt fission warm webrender,,6,ms,firefox,,1757165131,2023-09-15T12:36:32,937.3,f67d03cc1c6635e4823cedbf06bc676f3fdc8b97,1301078
mozilla-beta,4169841,13,08a4b1c8b40e780c5e1ecb6c2516eea4d9acafb2,macosx1015-64-shippable-qr,True,False,,|f|i|s|s|i|o|n| |w|a|r|m| |w|e|b|r|e|n|d|e|r|,102210fe594ee9b33d82058545b1ed14f4c8206e,LastVisualChange,imdb,True,imdb LastVisualChange opt fission warm webrender,,6,ms,firefox,,1757294455,2023-09-15T17:59:24,936.4,6684af595d9e752a7dd448a76e51615254fc443e,1301325
mozilla-beta,4169841,13,08a4b1c8b40e780c5e1ecb6c2516eea4d9acafb2,macosx1015-64-shippable-qr,True,False,,|f|i|s|s|i|o|n| |w|a|r|m| |w|e|b|r|e|n|d|e|r|,102210fe594ee9b33d82058545b1ed14f4c8206e,LastVisualChange,imdb,True,imdb LastVisualChange opt fission warm webrender,,6,ms,firefox,,1757678504,2023-09-16T17:59:47,920.3,b37b425144f176cd814a9ae72a0296c56939cf3f,1301605
mozilla-beta,4169841,13,08a4b1c8b40e780c5e1ecb6c2516eea4d9acafb2,macosx1015-64-shippable-qr,True,False,,|f|i|s|s|i|o|n| |w|a|r|m| |w|e|b|r|e|n|d|e|r|,102210fe594ee9b33d82058545b1ed14f4c8206e,LastVisualChange,imdb,True,imdb LastVisualChange opt fission warm webrender,,6,ms,firefox,,1757847426,2023-09-17T08:58:12,912.1,3b6b652d2e6a615905dab898689a937a81499980,1301652
mozilla-beta,4169841,13,08a4b1c8b40e780c5e1ecb6c2516eea4d9acafb2,macosx1015-64-shippable-qr,True,False,,|f|i|s|s|i|o|n| |w|a|r|m| |w|e|b|r|e|n|d|e|r|,102210fe594ee9b33d82058545b1ed14f4c8206e,LastVisualChange,imdb,True,imdb LastVisualChange opt fission warm webrender,,6,ms,firefox,,1757895003,2023-09-17T11:54:43,906.7,0ecbbcbc23335bfea2af64383cdd8efdb6cab735,1301659
mozilla-beta,4169841,13,08a4b1c8b40e780c5e1ecb6c2516eea4d9acafb2,macosx1015-64-shippable-qr,True,False,,|f|i|s|s|i|o|n| |w|a|r|m| |w|e|b|r|e|n|d|e|r|,102210fe594ee9b33d82058545b1ed14f4c8206e,LastVisualChange,imdb,True,imdb LastVisualChange opt fission warm webrender,,6,ms,firefox,,1757948487,2023-09-17T18:02:18,915.2,82a37e47cfa778e2c05294ece1ae4d81e0aa5aaf,1301672
mozilla-beta,4169841,13,08a4b1c8b40e780c5e1ecb6c2516eea4d9acafb2,macosx1015-64-shippable-qr,True,False,,|f|i|s|s|i|o|n| |w|a|r|m| |w|e|b|r|e|n|d|e|r|,102210fe594ee9b33d82058545b1ed14f4c8206e,LastVisualChange,imdb,True,imdb LastVisualChange opt fission warm webrender,,6,ms,firefox,,1758128223,2023-09-18T07:34:42,941.7,0b69611582d97f84f43d1ee9de0aa36defae0633,1301756
mozilla-beta,4169841,13,08a4b1c8b40e780c5e1ecb6c2516eea4d9acafb2,macosx1015-64-shippable-qr,True,False,,|f|i|s|s|i|o|n| |w|a|r|m| |w|e|b|r|e|n|d|e|r|,102210fe594ee9b33d82058545b1ed14f4c8206e,LastVisualChange,imdb,True,imdb LastVisualChange opt fission warm webrender,,6,ms,firefox,,1758141663,2023-09-18T07:59:31,1021.7,899c187a45b8e9eee5cddc89c76d3c888b023621,1301765
mozilla-beta,4169841,13,08a4b1c8b40e780c5e1ecb6c2516eea4d9acafb2,macosx1015-64-shippable-qr,True,False,,|f|i|s|s|i|o|n| |w|a|r|m| |w|e|b|r|e|n|d|e|r|,102210fe594ee9b33d82058545b1ed14f4c8206e,LastVisualChange,imdb,True,imdb LastVisualChange opt fission warm webrender,,6,ms,firefox,,1758259576,2023-09-18T11:42:33,914.2,45c770ff73e393c4ca15eb188d0b68d3ee091ad8,1301885
mozilla-beta,4169841,13,08a4b1c8b40e780c5e1ecb6c2516eea4d9acafb2,macosx1015-64-shippable-qr,True,False,,|f|i|s|s|i|o|n| |w|a|r|m| |w|e|b|r|e|n|d|e|r|,102210fe594ee9b33d82058545b1ed14f4c8206e,LastVisualChange,imdb,True,imdb LastVisualChange opt fission warm webrender,,6,ms,firefox,,1761882111,2023-09-25T13:24:00,836.7,704d786ef571a57be79a4e8bbf4b3d348da4a6af,1305837
mozilla-beta,4169841,13,08a4b1c8b40e780c5e1ecb6c2516eea4d9acafb2,macosx1015-64-shippable-qr,True,False,,|f|i|s|s|i|o|n| |w|a|r|m| |w|e|b|r|e|n|d|e|r|,102210fe594ee9b33d82058545b1ed14f4c8206e,LastVisualChange,imdb,True,imdb LastVisualChange opt fission warm webrender,,6,ms,firefox,,1762336402,2023-09-26T09:15:49,852.8,fe05057336fb6f145784f7b6f7f989244c228925,1306480
mozilla-beta,4169841,13,08a4b1c8b40e780c5e1ecb6c2516eea4d9acafb2,macosx1015-64-shippable-qr,True,False,,|f|i|s|s|i|o|n| |w|a|r|m| |w|e|b|r|e|n|d|e|r|,102210fe594ee9b33d82058545b1ed14f4c8206e,LastVisualChange,imdb,True,imdb LastVisualChange opt fission warm webrender,,6,ms,firefox,,1762717441,2023-09-26T22:39:03,831.8,09d6dd43de7eee4f04ef855c161b062d76953ffb,1307042
mozilla-beta,4169841,13,08a4b1c8b40e780c5e1ecb6c2516eea4d9acafb2,macosx1015-64-shippable-qr,True,False,,|f|i|s|s|i|o|n| |w|a|r|m| |w|e|b|r|e|n|d|e|r|,102210fe594ee9b33d82058545b1ed14f4c8206e,LastVisualChange,imdb,True,imdb LastVisualChange opt fission warm webrender,,6,ms,firefox,,1762763851,2023-09-27T02:39:08,836.4,32c9429bb1b909628b4702be4abf30d1c8ef9213,1307113
mozilla-beta,4169841,13,08a4b1c8b40e780c5e1ecb6c2516eea4d9acafb2,macosx1015-64-shippable-qr,True,False,,|f|i|s|s|i|o|n| |w|a|r|m| |w|e|b|r|e|n|d|e|r|,102210fe594ee9b33d82058545b1ed14f4c8206e,LastVisualChange,imdb,True,imdb LastVisualChange opt fission warm webrender,,6,ms,firefox,,1762952605,2023-09-27T09:15:17,850.0,6b3b2f0defd0129f296da601815862ec420c2a8d,1307246
mozilla-beta,4169841,13,08a4b1c8b40e780c5e1ecb6c2516eea4d9acafb2,macosx1015-64-shippable-qr,True,False,,|f|i|s|s|i|o|n| |w|a|r|m| |w|e|b|r|e|n|d|e|r|,102210fe594ee9b33d82058545b1ed14f4c8206e,LastVisualChange,imdb,True,imdb LastVisualChange opt fission warm webrender,,6,ms,firefox,,1763354582,2023-09-27T18:36:07,846.7,3d23401ea6ed6463f47303edd5a9e6a98f919ac6,1307615
mozilla-beta,4169841,13,08a4b1c8b40e780c5e1ecb6c2516eea4d9acafb2,macosx1015-64-shippable-qr,True,False,,|f|i|s|s|i|o|n| |w|a|r|m| |w|e|b|r|e|n|d|e|r|,102210fe594ee9b33d82058545b1ed14f4c8206e,LastVisualChange,imdb,True,imdb LastVisualChange opt fission warm webrender,,6,ms,firefox,,1763368404,2023-09-27T18:57:18,849.4,f77957643f474632b5a0c5f5b603c22b648cf284,1307635
mozilla-beta,4169841,13,08a4b1c8b40e780c5e1ecb6c2516eea4d9acafb2,macosx1015-64-shippable-qr,True,False,,|f|i|s|s|i|o|n| |w|a|r|m| |w|e|b|r|e|n|d|e|r|,102210fe594ee9b33d82058545b1ed14f4c8206e,LastVisualChange,imdb,True,imdb LastVisualChange opt fission warm webrender,,6,ms,firefox,,1763528371,2023-09-27T23:22:04,839.7,0862c284dac061ce42712be1910f7b2fbe48c764,1307774
mozilla-beta,4169841,13,08a4b1c8b40e780c5e1ecb6c2516eea4d9acafb2,macosx1015-64-shippable-qr,True,False,,|f|i|s|s|i|o|n| |w|a|r|m| |w|e|b|r|e|n|d|e|r|,102210fe594ee9b33d82058545b1ed14f4c8206e,LastVisualChange,imdb,True,imdb LastVisualChange opt fission warm webrender,,6,ms,firefox,,1763843695,2023-09-28T09:16:00,838.4,dbfa6f744d1fcb031f3482c02ca9b6a93d17c6f6,1307948
mozilla-beta,4169841,13,08a4b1c8b40e780c5e1ecb6c2516eea4d9acafb2,macosx1015-64-shippable-qr,True,False,,|f|i|s|s|i|o|n| |w|a|r|m| |w|e|b|r|e|n|d|e|r|,102210fe594ee9b33d82058545b1ed14f4c8206e,LastVisualChange,imdb,True,imdb LastVisualChange opt fission warm webrender,,6,ms,firefox,,1764052268,2023-09-28T15:32:59,829.9,cf8ed8eb3f4fab77d2d8a7c4afda31b39e7422aa,1308174
mozilla-beta,4169841,13,08a4b1c8b40e780c5e1ecb6c2516eea4d9acafb2,macosx1015-64-shippable-qr,True,False,,|f|i|s|s|i|o|n| |w|a|r|m| |w|e|b|r|e|n|d|e|r|,102210fe594ee9b33d82058545b1ed14f4c8206e,LastVisualChange,imdb,True,imdb LastVisualChange opt fission warm webrender,,6,ms,firefox,,1764081530,2023-09-28T15:47:16,852.0,c225843f670a40bb285d0934cdd28748011db546,1308188
mozilla-beta,4169841,13,08a4b1c8b40e780c5e1ecb6c2516eea4d9acafb2,macosx1015-64-shippable-qr,True,False,,|f|i|s|s|i|o|n| |w|a|r|m| |w|e|b|r|e|n|d|e|r|,102210fe594ee9b33d82058545b1ed14f4c8206e,LastVisualChange,imdb,True,imdb LastVisualChange opt fission warm webrender,,6,ms,firefox,,1764097904,2023-09-28T16:33:19,841.6,714ad1ecc496dbc1e0316ef32f004e3594afae4c,1308221
mozilla-beta,4169841,13,08a4b1c8b40e780c5e1ecb6c2516eea4d9acafb2,macosx1015-64-shippable-qr,True,False,,|f|i|s|s|i|o|n| |w|a|r|m| |w|e|b|r|e|n|d|e|r|,102210fe594ee9b33d82058545b1ed14f4c8206e,LastVisualChange,imdb,True,imdb LastVisualChange opt fission warm webrender,,6,ms,firefox,,1764172312,2023-09-28T19:13:44,839.6,1a41a118193dc3ad19c04b3da34ba9f08b5f4b2e,1308369
mozilla-beta,4169841,13,08a4b1c8b40e780c5e1ecb6c2516eea4d9acafb2,macosx1015-64-shippable-qr,True,False,,|f|i|s|s|i|o|n| |w|a|r|m| |w|e|b|r|e|n|d|e|r|,102210fe594ee9b33d82058545b1ed14f4c8206e,LastVisualChange,imdb,True,imdb LastVisualChange opt fission warm webrender,,6,ms,firefox,,1764605264,2023-09-29T09:14:27,850.5,fe5fec8379780f7d83aea22168af4bb524933291,1308654
mozilla-beta,4169841,13,08a4b1c8b40e780c5e1ecb6c2516eea4d9acafb2,macosx1015-64-shippable-qr,True,False,,|f|i|s|s|i|o|n| |w|a|r|m| |w|e|b|r|e|n|d|e|r|,102210fe594ee9b33d82058545b1ed14f4c8206e,LastVisualChange,imdb,True,imdb LastVisualChange opt fission warm webrender,,6,ms,firefox,,1764949435,2023-09-29T16:56:36,831.9,4fe46642b1666df19776b293ae514a8645de5d22,1308862
mozilla-beta,4169841,13,08a4b1c8b40e780c5e1ecb6c2516eea4d9acafb2,macosx1015-64-shippable-qr,True,False,,|f|i|s|s|i|o|n| |w|a|r|m| |w|e|b|r|e|n|d|e|r|,102210fe594ee9b33d82058545b1ed14f4c8206e,LastVisualChange,imdb,True,imdb LastVisualChange opt fission warm webrender,,6,ms,firefox,,1764967031,2023-09-29T17:03:59,859.8,5f7680e645eebc437f78cdeed1261c0cfb2579cf,1308871
mozilla-beta,4169841,13,08a4b1c8b40e780c5e1ecb6c2516eea4d9acafb2,macosx1015-64-shippable-qr,True,False,,|f|i|s|s|i|o|n| |w|a|r|m| |w|e|b|r|e|n|d|e|r|,102210fe594ee9b33d82058545b1ed14f4c8206e,LastVisualChange,imdb,True,imdb LastVisualChange opt fission warm webrender,,6,ms,firefox,,1764986397,2023-09-29T18:35:51,840.3,f112373c55ecd1ae5179e07fab55605a7bfe0d0b,1308924
mozilla-beta,4169841,13,08a4b1c8b40e780c5e1ecb6c2516eea4d9acafb2,macosx1015-64-shippable-qr,True,False,,|f|i|s|s|i|o|n| |w|a|r|m| |w|e|b|r|e|n|d|e|r|,102210fe594ee9b33d82058545b1ed14f4c8206e,LastVisualChange,imdb,True,imdb LastVisualChange opt fission warm webrender,,6,ms,firefox,,1765266948,2023-09-30T09:18:18,850.5,c29dafbae797813b78752227e769dffacec3830d,1309097
mozilla-beta,4169841,13,08a4b1c8b40e780c5e1ecb6c2516eea4d9acafb2,macosx1015-64-shippable-qr,True,False,,|f|i|s|s|i|o|n| |w|a|r|m| |w|e|b|r|e|n|d|e|r|,102210fe594ee9b33d82058545b1ed14f4c8206e,LastVisualChange,imdb,True,imdb LastVisualChange opt fission warm webrender,,6,ms,firefox,,1765492270,2023-10-01T09:15:55,837.8,75b5edb9dd8c6ea1ed868362b8ed8afff4377b7f,1309193
mozilla-beta,4169841,13,08a4b1c8b40e780c5e1ecb6c2516eea4d9acafb2,macosx1015-64-shippable-qr,True,False,,|f|i|s|s|i|o|n| |w|a|r|m| |w|e|b|r|e|n|d|e|r|,102210fe594ee9b33d82058545b1ed14f4c8206e,LastVisualChange,imdb,True,imdb LastVisualChange opt fission warm webrender,,6,ms,firefox,,1765542593,2023-10-01T13:43:42,848.7,79a4e78796384c8776f2b76178b4017d09e31fd4,1309232
mozilla-beta,4169841,13,08a4b1c8b40e780c5e1ecb6c2516eea4d9acafb2,macosx1015-64-shippable-qr,True,False,,|f|i|s|s|i|o|n| |w|a|r|m| |w|e|b|r|e|n|d|e|r|,102210fe594ee9b33d82058545b1ed14f4c8206e,LastVisualChange,imdb,True,imdb LastVisualChange opt fission warm webrender,,6,ms,firefox,,1765824335,2023-10-02T09:17:55,847.2,dd5c4288e5758af7fc35f71c3129bd1eda767278,1309401
mozilla-beta,4169841,13,08a4b1c8b40e780c5e1ecb6c2516eea4d9acafb2,macosx1015-64-shippable-qr,True,False,,|f|i|s|s|i|o|n| |w|a|r|m| |w|e|b|r|e|n|d|e|r|,102210fe594ee9b33d82058545b1ed14f4c8206e,LastVisualChange,imdb,True,imdb LastVisualChange opt fission warm webrender,,6,ms,firefox,,1765961516,2023-10-02T13:51:16,845.5,c8e8ea275a5a3f33358dcf77b50088ddf09f7e9b,1309578
mozilla-beta,4169841,13,08a4b1c8b40e780c5e1ecb6c2516eea4d9acafb2,macosx1015-64-shippable-qr,True,False,,|f|i|s|s|i|o|n| |w|a|r|m| |w|e|b|r|e|n|d|e|r|,102210fe594ee9b33d82058545b1ed14f4c8206e,LastVisualChange,imdb,True,imdb LastVisualChange opt fission warm webrender,,6,ms,firefox,,1766234549,2023-10-02T20:49:05,843.5,e5bffcfa00f5c8cd1e394ac1131fb1e3ca2a3b56,1309873
mozilla-beta,4169841,13,08a4b1c8b40e780c5e1ecb6c2516eea4d9acafb2,macosx1015-64-shippable-qr,True,False,,|f|i|s|s|i|o|n| |w|a|r|m| |w|e|b|r|e|n|d|e|r|,102210fe594ee9b33d82058545b1ed14f4c8206e,LastVisualChange,imdb,True,imdb LastVisualChange opt fission warm webrender,,6,ms,firefox,,1766715774,2023-10-03T09:17:20,837.7,205eb2c4bf7e71d495ab61be1d40f9ea2671340b,1310189
mozilla-beta,4169841,13,08a4b1c8b40e780c5e1ecb6c2516eea4d9acafb2,macosx1015-64-shippable-qr,True,False,,|f|i|s|s|i|o|n| |w|a|r|m| |w|e|b|r|e|n|d|e|r|,102210fe594ee9b33d82058545b1ed14f4c8206e,LastVisualChange,imdb,True,imdb LastVisualChange opt fission warm webrender,,6,ms,firefox,,1766795609,2023-10-03T12:49:30,836.3,118184ccfcd830d8977a794dd26064b3accc58a2,1310283
mozilla-beta,4169841,13,08a4b1c8b40e780c5e1ecb6c2516eea4d9acafb2,macosx1015-64-shippable-qr,True,False,,|f|i|s|s|i|o|n| |w|a|r|m| |w|e|b|r|e|n|d|e|r|,102210fe594ee9b33d82058545b1ed14f4c8206e,LastVisualChange,imdb,True,imdb LastVisualChange opt fission warm webrender,,6,ms,firefox,,1767170972,2023-10-04T00:57:47,834.9,aae1c545bad65ea0147bb9c3d884c5d0d1ebcfa2,1310719
mozilla-beta,4169841,13,08a4b1c8b40e780c5e1ecb6c2516eea4d9acafb2,macosx1015-64-shippable-qr,True,False,,|f|i|s|s|i|o|n| |w|a|r|m| |w|e|b|r|e|n|d|e|r|,102210fe594ee9b33d82058545b1ed14f4c8206e,LastVisualChange,imdb,True,imdb LastVisualChange opt fission warm webrender,,6,ms,firefox,,1767184708,2023-10-04T01:13:33,864.3,20072380b395934aebb21065fe4a360ae9ca1e5a,1310722
mozilla-beta,4169841,13,08a4b1c8b40e780c5e1ecb6c2516eea4d9acafb2,macosx1015-64-shippable-qr,True,False,,|f|i|s|s|i|o|n| |w|a|r|m| |w|e|b|r|e|n|d|e|r|,102210fe594ee9b33d82058545b1ed14f4c8206e,LastVisualChange,imdb,True,imdb LastVisualChange opt fission warm webrender,,6,ms,firefox,,1767211486,2023-10-04T02:01:13,839.5,9bb86c200658a7dc1d44f05d5275db9c605599f3,1310732
mozilla-beta,4169841,13,08a4b1c8b40e780c5e1ecb6c2516eea4d9acafb2,macosx1015-64-shippable-qr,True,False,,|f|i|s|s|i|o|n| |w|a|r|m| |w|e|b|r|e|n|d|e|r|,102210fe594ee9b33d82058545b1ed14f4c8206e,LastVisualChange,imdb,True,imdb LastVisualChange opt fission warm webrender,,6,ms,firefox,,1767283572,2023-10-04T04:09:15,847.9,4794794a6bd29a17dd7a438eaecc95be72381860,1310752
mozilla-beta,4169841,13,08a4b1c8b40e780c5e1ecb6c2516eea4d9acafb2,macosx1015-64-shippable-qr,True,False,,|f|i|s|s|i|o|n| |w|a|r|m| |w|e|b|r|e|n|d|e|r|,102210fe594ee9b33d82058545b1ed14f4c8206e,LastVisualChange,imdb,True,imdb LastVisualChange opt fission warm webrender,,6,ms,firefox,,1767490355,2023-10-04T09:16:11,861.4,ee94bbad8af86968bf85c48449dd7d1bece16e6a,1310854
mozilla-beta,4169841,13,08a4b1c8b40e780c5e1ecb6c2516eea4d9acafb2,macosx1015-64-shippable-qr,True,False,,|f|i|s|s|i|o|n| |w|a|r|m| |w|e|b|r|e|n|d|e|r|,102210fe594ee9b33d82058545b1ed14f4c8206e,LastVisualChange,imdb,True,imdb LastVisualChange opt fission warm webrender,,6,ms,firefox,,1767830373,2023-10-04T19:05:37,842.1,6066df449ff2e6a96d4dd6d81f524353c904a7e4,1311304
mozilla-beta,4169841,13,08a4b1c8b40e780c5e1ecb6c2516eea4d9acafb2,macosx1015-64-shippable-qr,True,False,,|f|i|s|s|i|o|n| |w|a|r|m| |w|e|b|r|e|n|d|e|r|,102210fe594ee9b33d82058545b1ed14f4c8206e,LastVisualChange,imdb,True,imdb LastVisualChange opt fission warm webrender,,6,ms,firefox,,1768212243,2023-10-05T09:16:59,854.3,580ae177f2ee1ec5f96ba0a876c77edad7dc1810,1311697
mozilla-beta,4169841,13,08a4b1c8b40e780c5e1ecb6c2516eea4d9acafb2,macosx1015-64-shippable-qr,True,False,,|f|i|s|s|i|o|n| |w|a|r|m| |w|e|b|r|e|n|d|e|r|,102210fe594ee9b33d82058545b1ed14f4c8206e,LastVisualChange,imdb,True,imdb LastVisualChange opt fission warm webrender,,6,ms,firefox,,1768305714,2023-10-05T12:14:20,835.4,82dc5b47405aa3b80232917dce1198d8f5fe0205,1311786
mozilla-beta,4169841,13,08a4b1c8b40e780c5e1ecb6c2516eea4d9acafb2,macosx1015-64-shippable-qr,True,False,,|f|i|s|s|i|o|n| |w|a|r|m| |w|e|b|r|e|n|d|e|r|,102210fe594ee9b33d82058545b1ed14f4c8206e,LastVisualChange,imdb,True,imdb LastVisualChange opt fission warm webrender,,6,ms,firefox,,1768327868,2023-10-05T13:10:58,852.0,a9b4c32cbce4e483371a4d4f0af1cb5b99ba1beb,1311851
mozilla-beta,4169841,13,08a4b1c8b40e780c5e1ecb6c2516eea4d9acafb2,macosx1015-64-shippable-qr,True,False,,|f|i|s|s|i|o|n| |w|a|r|m| |w|e|b|r|e|n|d|e|r|,102210fe594ee9b33d82058545b1ed14f4c8206e,LastVisualChange,imdb,True,imdb LastVisualChange opt fission warm webrender,,6,ms,firefox,,1768696716,2023-10-05T18:10:23,814.3,acc9965e45abe1aeac40ca2f04c26812adc75cda,1312101
mozilla-beta,4169841,13,08a4b1c8b40e780c5e1ecb6c2516eea4d9acafb2,macosx1015-64-shippable-qr,True,False,,|f|i|s|s|i|o|n| |w|a|r|m| |w|e|b|r|e|n|d|e|r|,102210fe594ee9b33d82058545b1ed14f4c8206e,LastVisualChange,imdb,True,imdb LastVisualChange opt fission warm webrender,,6,ms,firefox,,1769112738,2023-10-06T09:15:09,850.7,75404df0a34bb37b93351a424687782569f397f9,1312465
mozilla-beta,4169841,13,08a4b1c8b40e780c5e1ecb6c2516eea4d9acafb2,macosx1015-64-shippable-qr,True,False,,|f|i|s|s|i|o|n| |w|a|r|m| |w|e|b|r|e|n|d|e|r|,102210fe594ee9b33d82058545b1ed14f4c8206e,LastVisualChange,imdb,True,imdb LastVisualChange opt fission warm webrender,,6,ms,firefox,,1769366553,2023-10-06T17:47:24,823.6,f62bbe0bb99b812d0d79d2e5517f7584baa278fc,1312771
mozilla-beta,4169841,13,08a4b1c8b40e780c5e1ecb6c2516eea4d9acafb2,macosx1015-64-shippable-qr,True,False,,|f|i|s|s|i|o|n| |w|a|r|m| |w|e|b|r|e|n|d|e|r|,102210fe594ee9b33d82058545b1ed14f4c8206e,LastVisualChange,imdb,True,imdb LastVisualChange opt fission warm webrender,,6,ms,firefox,,1769413293,2023-10-06T18:35:27,829.4,f56a6c67a33ab1a140c63cace57b27168b822eec,1312821
mozilla-beta,4169841,13,08a4b1c8b40e780c5e1ecb6c2516eea4d9acafb2,macosx1015-64-shippable-qr,True,False,,|f|i|s|s|i|o|n| |w|a|r|m| |w|e|b|r|e|n|d|e|r|,102210fe594ee9b33d82058545b1ed14f4c8206e,LastVisualChange,imdb,True,imdb LastVisualChange opt fission warm webrender,,6,ms,firefox,,1769676966,2023-10-07T09:16:25,837.9,13a5ee763497f5cfd08fefcb509684311e9aee25,1313095
mozilla-beta,4169841,13,08a4b1c8b40e780c5e1ecb6c2516eea4d9acafb2,macosx1015-64-shippable-qr,True,False,,|f|i|s|s|i|o|n| |w|a|r|m| |w|e|b|r|e|n|d|e|r|,102210fe594ee9b33d82058545b1ed14f4c8206e,LastVisualChange,imdb,True,imdb LastVisualChange opt fission warm webrender,,6,ms,firefox,,1769994964,2023-10-08T09:15:29,835.4,9a2aad16b50476b91e85115698a5372c0e178481,1313212
mozilla-beta,4169841,13,08a4b1c8b40e780c5e1ecb6c2516eea4d9acafb2,macosx1015-64-shippable-qr,True,False,,|f|i|s|s|i|o|n| |w|a|r|m| |w|e|b|r|e|n|d|e|r|,102210fe594ee9b33d82058545b1ed14f4c8206e,LastVisualChange,imdb,True,imdb LastVisualChange opt fission warm webrender,,6,ms,firefox,,1770066900,2023-10-08T14:12:09,822.9,52bc619257d3e66e5326c753c4a1035195d1929a,1313230
mozilla-beta,4169841,13,08a4b1c8b40e780c5e1ecb6c2516eea4d9acafb2,macosx1015-64-shippable-qr,True,False,,|f|i|s|s|i|o|n| |w|a|r|m| |w|e|b|r|e|n|d|e|r|,102210fe594ee9b33d82058545b1ed14f4c8206e,LastVisualChange,imdb,True,imdb LastVisualChange opt fission warm webrender,,6,ms,firefox,,1770073469,2023-10-08T14:18:48,820.6,4816a8c9639e20516df1685953f8ca97052aea2b,1313231
mozilla-beta,4169841,13,08a4b1c8b40e780c5e1ecb6c2516eea4d9acafb2,macosx1015-64-shippable-qr,True,False,,|f|i|s|s|i|o|n| |w|a|r|m| |w|e|b|r|e|n|d|e|r|,102210fe594ee9b33d82058545b1ed14f4c8206e,LastVisualChange,imdb,True,imdb LastVisualChange opt fission warm webrender,,6,ms,firefox,,1770358996,2023-10-09T09:21:20,832.3,d4527a30756259366526e6c471ce07f48f4515ac,1313437
mozilla-beta,4169841,13,08a4b1c8b40e780c5e1ecb6c2516eea4d9acafb2,macosx1015-64-shippable-qr,True,False,,|f|i|s|s|i|o|n| |w|a|r|m| |w|e|b|r|e|n|d|e|r|,102210fe594ee9b33d82058545b1ed14f4c8206e,LastVisualChange,imdb,True,imdb LastVisualChange opt fission warm webrender,,6,ms,firefox,,1770481328,2023-10-09T11:16:45,832.4,2c502d3a5967e4ffe419c5d01465f41dceb956f6,1313488
mozilla-beta,4169841,13,08a4b1c8b40e780c5e1ecb6c2516eea4d9acafb2,macosx1015-64-shippable-qr,True,False,,|f|i|s|s|i|o|n| |w|a|r|m| |w|e|b|r|e|n|d|e|r|,102210fe594ee9b33d82058545b1ed14f4c8206e,LastVisualChange,imdb,True,imdb LastVisualChange opt fission warm webrender,,6,ms,firefox,,1770717489,2023-10-09T20:58:43,851.7,f95037ec26ecbd37fce78a2acc917f42d07c5fb4,1313834
mozilla-beta,4169841,13,08a4b1c8b40e780c5e1ecb6c2516eea4d9acafb2,macosx1015-64-shippable-qr,True,False,,|f|i|s|s|i|o|n| |w|a|r|m| |w|e|b|r|e|n|d|e|r|,102210fe594ee9b33d82058545b1ed14f4c8206e,LastVisualChange,imdb,True,imdb LastVisualChange opt fission warm webrender,,6,ms,firefox,,1770930579,2023-10-10T09:17:32,822.0,6ca6ea6b139da8aa4264829b50988ed951574abf,1314076
mozilla-beta,4169841,13,08a4b1c8b40e780c5e1ecb6c2516eea4d9acafb2,macosx1015-64-shippable-qr,True,False,,|f|i|s|s|i|o|n| |w|a|r|m| |w|e|b|r|e|n|d|e|r|,102210fe594ee9b33d82058545b1ed14f4c8206e,LastVisualChange,imdb,True,imdb LastVisualChange opt fission warm webrender,,6,ms,firefox,,1771023595,2023-10-10T12:36:38,849.1,c811c2581ef0ad534e3f4051ad22d392a27379a9,1314201
mozilla-beta,4169841,13,08a4b1c8b40e780c5e1ecb6c2516eea4d9acafb2,macosx1015-64-shippable-qr,True,False,,|f|i|s|s|i|o|n| |w|a|r|m| |w|e|b|r|e|n|d|e|r|,102210fe594ee9b33d82058545b1ed14f4c8206e,LastVisualChange,imdb,True,imdb LastVisualChange opt fission warm webrender,,6,ms,firefox,,1771092211,2023-10-10T14:42:07,833.7,fd6c29d7603acc344157c8a5f14b7fc49b7ad07c,1314306
mozilla-beta,4169841,13,08a4b1c8b40e780c5e1ecb6c2516eea4d9acafb2,macosx1015-64-shippable-qr,True,False,,|f|i|s|s|i|o|n| |w|a|r|m| |w|e|b|r|e|n|d|e|r|,102210fe594ee9b33d82058545b1ed14f4c8206e,LastVisualChange,imdb,True,imdb LastVisualChange opt fission warm webrender,,6,ms,firefox,,1771400277,2023-10-10T21:51:45,852.0,577dcfba9576ee660a671915f1ea3756e9d84652,1314592
mozilla-beta,4169841,13,08a4b1c8b40e780c5e1ecb6c2516eea4d9acafb2,macosx1015-64-shippable-qr,True,False,,|f|i|s|s|i|o|n| |w|a|r|m| |w|e|b|r|e|n|d|e|r|,102210fe594ee9b33d82058545b1ed14f4c8206e,LastVisualChange,imdb,True,imdb LastVisualChange opt fission warm webrender,,6,ms,firefox,,1771572379,2023-10-11T09:15:28,846.1,54e1383bd50714d6e9f0149e83a414e4a48cac7f,1314859
mozilla-beta,4169841,13,08a4b1c8b40e780c5e1ecb6c2516eea4d9acafb2,macosx1015-64-shippable-qr,True,False,,|f|i|s|s|i|o|n| |w|a|r|m| |w|e|b|r|e|n|d|e|r|,102210fe594ee9b33d82058545b1ed14f4c8206e,LastVisualChange,imdb,True,imdb LastVisualChange opt fission warm webrender,,6,ms,firefox,,1771908741,2023-10-11T19:41:14,864.7,1b37a41b6de4ddb9a207889b49d817aa2e82d43a,1315281
mozilla-beta,4169841,13,08a4b1c8b40e780c5e1ecb6c2516eea4d9acafb2,macosx1015-64-shippable-qr,True,False,,|f|i|s|s|i|o|n| |w|a|r|m| |w|e|b|r|e|n|d|e|r|,102210fe594ee9b33d82058545b1ed14f4c8206e,LastVisualChange,imdb,True,imdb LastVisualChange opt fission warm webrender,,6,ms,firefox,,1772011529,2023-10-11T22:55:04,835.1,5aa198b1f23a350634177ce2fdeb210d41468ad4,1315411
mozilla-beta,4169841,13,08a4b1c8b40e780c5e1ecb6c2516eea4d9acafb2,macosx1015-64-shippable-qr,True,False,,|f|i|s|s|i|o|n| |w|a|r|m| |w|e|b|r|e|n|d|e|r|,102210fe594ee9b33d82058545b1ed14f4c8206e,LastVisualChange,imdb,True,imdb LastVisualChange opt fission warm webrender,,6,ms,firefox,,1772114324,2023-10-12T02:52:01,830.0,bba75dc3df803f8ed22a9cb4e7d6bc274909572c,1315485
mozilla-beta,4169841,13,08a4b1c8b40e780c5e1ecb6c2516eea4d9acafb2,macosx1015-64-shippable-qr,True,False,,|f|i|s|s|i|o|n| |w|a|r|m| |w|e|b|r|e|n|d|e|r|,102210fe594ee9b33d82058545b1ed14f4c8206e,LastVisualChange,imdb,True,imdb LastVisualChange opt fission warm webrender,,6,ms,firefox,,1772271753,2023-10-12T09:16:52,828.8,9c6b259fc70659f4aed73bc575ef934836412c9f,1315594
mozilla-beta,4169841,13,08a4b1c8b40e780c5e1ecb6c2516eea4d9acafb2,macosx1015-64-shippable-qr,True,False,,|f|i|s|s|i|o|n| |w|a|r|m| |w|e|b|r|e|n|d|e|r|,102210fe594ee9b33d82058545b1ed14f4c8206e,LastVisualChange,imdb,True,imdb LastVisualChange opt fission warm webrender,,6,ms,firefox,,1772423004,2023-10-12T13:44:47,837.0,f931988827a90cf966b1ad7fc5e9e4ac2baf74c8,1315758
mozilla-beta,4169841,13,08a4b1c8b40e780c5e1ecb6c2516eea4d9acafb2,macosx1015-64-shippable-qr,True,False,,|f|i|s|s|i|o|n| |w|a|r|m| |w|e|b|r|e|n|d|e|r|,102210fe594ee9b33d82058545b1ed14f4c8206e,LastVisualChange,imdb,True,imdb LastVisualChange opt fission warm webrender,,6,ms,firefox,,1772547743,2023-10-12T17:47:43,857.3,0d28d797a85a4ed9635545fe3467b17e8ebb4d5d,1315941
mozilla-beta,4169841,13,08a4b1c8b40e780c5e1ecb6c2516eea4d9acafb2,macosx1015-64-shippable-qr,True,False,,|f|i|s|s|i|o|n| |w|a|r|m| |w|e|b|r|e|n|d|e|r|,102210fe594ee9b33d82058545b1ed14f4c8206e,LastVisualChange,imdb,True,imdb LastVisualChange opt fission warm webrender,,6,ms,firefox,,1772856472,2023-10-13T04:28:09,838.2,689906410d5f8337d185caeadf063e3c3e6f9f81,1316284
mozilla-beta,4169841,13,08a4b1c8b40e780c5e1ecb6c2516eea4d9acafb2,macosx1015-64-shippable-qr,True,False,,|f|i|s|s|i|o|n| |w|a|r|m| |w|e|b|r|e|n|d|e|r|,102210fe594ee9b33d82058545b1ed14f4c8206e,LastVisualChange,imdb,True,imdb LastVisualChange opt fission warm webrender,,6,ms,firefox,,1772919561,2023-10-13T09:14:12,841.7,03f145d4d7d679e973ec6621b498d6ba24c3bf45,1316340
mozilla-beta,4169841,13,08a4b1c8b40e780c5e1ecb6c2516eea4d9acafb2,macosx1015-64-shippable-qr,True,False,,|f|i|s|s|i|o|n| |w|a|r|m| |w|e|b|r|e|n|d|e|r|,102210fe594ee9b33d82058545b1ed14f4c8206e,LastVisualChange,imdb,True,imdb LastVisualChange opt fission warm webrender,,6,ms,firefox,,1773240703,2023-10-13T21:13:24,838.3,8eac8d7bb81d2778dd919d5b8062f8cfb0ff9d84,1316819
mozilla-beta,4169841,13,08a4b1c8b40e780c5e1ecb6c2516eea4d9acafb2,macosx1015-64-shippable-qr,True,False,,|f|i|s|s|i|o|n| |w|a|r|m| |w|e|b|r|e|n|d|e|r|,102210fe594ee9b33d82058545b1ed14f4c8206e,LastVisualChange,imdb,True,imdb LastVisualChange opt fission warm webrender,,6,ms,firefox,,1773419464,2023-10-14T09:18:12,828.4,d07f9c6281b5fc29e57d0e41beeb2dba1056da49,1316894
mozilla-beta,4169841,13,08a4b1c8b40e780c5e1ecb6c2516eea4d9acafb2,macosx1015-64-shippable-qr,True,False,,|f|i|s|s|i|o|n| |w|a|r|m| |w|e|b|r|e|n|d|e|r|,102210fe594ee9b33d82058545b1ed14f4c8206e,LastVisualChange,imdb,True,imdb LastVisualChange opt fission warm webrender,,6,ms,firefox,,1773723373,2023-10-15T09:18:27,850.6,383757494ccc7f8f4c932b8ec8e6ff5c146590c5,1316988
mozilla-beta,4169841,13,08a4b1c8b40e780c5e1ecb6c2516eea4d9acafb2,macosx1015-64-shippable-qr,True,False,,|f|i|s|s|i|o|n| |w|a|r|m| |w|e|b|r|e|n|d|e|r|,102210fe594ee9b33d82058545b1ed14f4c8206e,LastVisualChange,imdb,True,imdb LastVisualChange opt fission warm webrender,,6,ms,firefox,,1773786357,2023-10-15T14:26:14,831.5,11d1909ae147645f934856a3d3236ee83fd99444,1317018
mozilla-beta,4169841,13,08a4b1c8b40e780c5e1ecb6c2516eea4d9acafb2,macosx1015-64-shippable-qr,True,False,,|f|i|s|s|i|o|n| |w|a|r|m| |w|e|b|r|e|n|d|e|r|,102210fe594ee9b33d82058545b1ed14f4c8206e,LastVisualChange,imdb,True,imdb LastVisualChange opt fission warm webrender,,6,ms,firefox,,1774047825,2023-10-16T09:17:28,826.8,061cd59972a07bd5d25892827951e2356d4993a7,1317168
mozilla-beta,4169841,13,08a4b1c8b40e780c5e1ecb6c2516eea4d9acafb2,macosx1015-64-shippable-qr,True,False,,|f|i|s|s|i|o|n| |w|a|r|m| |w|e|b|r|e|n|d|e|r|,102210fe594ee9b33d82058545b1ed14f4c8206e,LastVisualChange,imdb,True,imdb LastVisualChange opt fission warm webrender,,6,ms,firefox,,1774137216,2023-10-16T12:10:58,854.9,f2a69b23cb0aaf2b36bac4f9f197bf4282f542c4,1317268
mozilla-beta,4169841,13,08a4b1c8b40e780c5e1ecb6c2516eea4d9acafb2,macosx1015-64-shippable-qr,True,False,,|f|i|s|s|i|o|n| |w|a|r|m| |w|e|b|r|e|n|d|e|r|,102210fe594ee9b33d82058545b1ed14f4c8206e,LastVisualChange,imdb,True,imdb LastVisualChange opt fission warm webrender,,6,ms,firefox,,1774380410,2023-10-16T15:50:14,801.2,97e8b9bbb11e77faf6188c7a1dde9ca93c5ed34c,1317440
mozilla-beta,4169841,13,08a4b1c8b40e780c5e1ecb6c2516eea4d9acafb2,macosx1015-64-shippable-qr,True,False,,|f|i|s|s|i|o|n| |w|a|r|m| |w|e|b|r|e|n|d|e|r|,102210fe594ee9b33d82058545b1ed14f4c8206e,LastVisualChange,imdb,True,imdb LastVisualChange opt fission warm webrender,,6,ms,firefox,,1774441273,2023-10-16T20:09:52,836.0,15be2499adae693a40ddfc1cb5096c90e7270986,1317580
mozilla-beta,4169841,13,08a4b1c8b40e780c5e1ecb6c2516eea4d9acafb2,macosx1015-64-shippable-qr,True,False,,|f|i|s|s|i|o|n| |w|a|r|m| |w|e|b|r|e|n|d|e|r|,102210fe594ee9b33d82058545b1ed14f4c8206e,LastVisualChange,imdb,True,imdb LastVisualChange opt fission warm webrender,,6,ms,firefox,,1778194046,2023-10-23T13:54:43,800.2,5474a9ed5dbd2e49f2a97baf12209cd00e38bdd9,1320858
mozilla-beta,4169841,13,08a4b1c8b40e780c5e1ecb6c2516eea4d9acafb2,macosx1015-64-shippable-qr,True,False,,|f|i|s|s|i|o|n| |w|a|r|m| |w|e|b|r|e|n|d|e|r|,102210fe594ee9b33d82058545b1ed14f4c8206e,LastVisualChange,imdb,True,imdb LastVisualChange opt fission warm webrender,,6,ms,firefox,,1778569962,2023-10-23T20:46:52,772.7,b03a01da2a2d576a6c92ce245e4803bcb257f2aa,1321218
mozilla-beta,4169841,13,08a4b1c8b40e780c5e1ecb6c2516eea4d9acafb2,macosx1015-64-shippable-qr,True,False,,|f|i|s|s|i|o|n| |w|a|r|m| |w|e|b|r|e|n|d|e|r|,102210fe594ee9b33d82058545b1ed14f4c8206e,LastVisualChange,imdb,True,imdb LastVisualChange opt fission warm webrender,,6,ms,firefox,,1778996411,2023-10-24T09:16:29,786.9,687c546af188e22f70afcf55e14005978520b7cb,1321483
mozilla-beta,4169841,13,08a4b1c8b40e780c5e1ecb6c2516eea4d9acafb2,macosx1015-64-shippable-qr,True,False,,|f|i|s|s|i|o|n| |w|a|r|m| |w|e|b|r|e|n|d|e|r|,102210fe594ee9b33d82058545b1ed14f4c8206e,LastVisualChange,imdb,True,imdb LastVisualChange opt fission warm webrender,,6,ms,firefox,,1779456381,2023-10-24T18:16:48,796.7,a17c6aa73b0faf44667bd491440d373e3268aa40,1321817
mozilla-beta,4169841,13,08a4b1c8b40e780c5e1ecb6c2516eea4d9acafb2,macosx1015-64-shippable-qr,True,False,,|f|i|s|s|i|o|n| |w|a|r|m| |w|e|b|r|e|n|d|e|r|,102210fe594ee9b33d82058545b1ed14f4c8206e,LastVisualChange,imdb,True,imdb LastVisualChange opt fission warm webrender,,6,ms,firefox,,1779404956,2023-10-24T18:50:37,787.4,0e1ba587a1e6e6f571fd31b1aca0d4679e193e1d,1321847
mozilla-beta,4169841,13,08a4b1c8b40e780c5e1ecb6c2516eea4d9acafb2,macosx1015-64-shippable-qr,True,False,,|f|i|s|s|i|o|n| |w|a|r|m| |w|e|b|r|e|n|d|e|r|,102210fe594ee9b33d82058545b1ed14f4c8206e,LastVisualChange,imdb,True,imdb LastVisualChange opt fission warm webrender,,6,ms,firefox,,1779427214,2023-10-24T19:08:21,784.3,3b2f433ad9ff8c7fc4b9947b65b4ed12b102cd2a,1321860
mozilla-beta,4169841,13,08a4b1c8b40e780c5e1ecb6c2516eea4d9acafb2,macosx1015-64-shippable-qr,True,False,,|f|i|s|s|i|o|n| |w|a|r|m| |w|e|b|r|e|n|d|e|r|,102210fe594ee9b33d82058545b1ed14f4c8206e,LastVisualChange,imdb,True,imdb LastVisualChange opt fission warm webrender,,6,ms,firefox,,1779489203,2023-10-24T19:19:30,770.2,b178e6a89dd972a2b875d083da187c5e1233158d,1321871
mozilla-beta,4169841,13,08a4b1c8b40e780c5e1ecb6c2516eea4d9acafb2,macosx1015-64-shippable-qr,True,False,,|f|i|s|s|i|o|n| |w|a|r|m| |w|e|b|r|e|n|d|e|r|,102210fe594ee9b33d82058545b1ed14f4c8206e,LastVisualChange,imdb,True,imdb LastVisualChange opt fission warm webrender,,6,ms,firefox,,1779873809,2023-10-25T09:17:56,759.7,c3d8b4bc894010747ac1638f14d701801685ad2e,1322190
mozilla-beta,4169841,13,08a4b1c8b40e780c5e1ecb6c2516eea4d9acafb2,macosx1015-64-shippable-qr,True,False,,|f|i|s|s|i|o|n| |w|a|r|m| |w|e|b|r|e|n|d|e|r|,102210fe594ee9b33d82058545b1ed14f4c8206e,LastVisualChange,imdb,True,imdb LastVisualChange opt fission warm webrender,,6,ms,firefox,,1780355827,2023-10-25T20:12:08,786.8,70b3d048171ce75923409d3d9d0b2d7752cacbb9,1322523
mozilla-beta,4169841,13,08a4b1c8b40e780c5e1ecb6c2516eea4d9acafb2,macosx1015-64-shippable-qr,True,False,,|f|i|s|s|i|o|n| |w|a|r|m| |w|e|b|r|e|n|d|e|r|,102210fe594ee9b33d82058545b1ed14f4c8206e,LastVisualChange,imdb,True,imdb LastVisualChange opt fission warm webrender,,6,ms,firefox,,1780563567,2023-10-26T01:42:12,784.7,31e780c0f9412435072db1cdb1a74a46766ddcff,1322720
mozilla-beta,4169841,13,08a4b1c8b40e780c5e1ecb6c2516eea4d9acafb2,macosx1015-64-shippable-qr,True,False,,|f|i|s|s|i|o|n| |w|a|r|m| |w|e|b|r|e|n|d|e|r|,102210fe594ee9b33d82058545b1ed14f4c8206e,LastVisualChange,imdb,True,imdb LastVisualChange opt fission warm webrender,,6,ms,firefox,,1780584905,2023-10-26T01:59:39,785.0,d0592eb71b49011c614d86db88b6673c5f23485f,1322727
mozilla-beta,4169841,13,08a4b1c8b40e780c5e1ecb6c2516eea4d9acafb2,macosx1015-64-shippable-qr,True,False,,|f|i|s|s|i|o|n| |w|a|r|m| |w|e|b|r|e|n|d|e|r|,102210fe594ee9b33d82058545b1ed14f4c8206e,LastVisualChange,imdb,True,imdb LastVisualChange opt fission warm webrender,,6,ms,firefox,,1780826226,2023-10-26T09:18:57,802.7,09df940b02395fb242a2aff8bae0a1fc78f1a0ec,1322855
mozilla-beta,4169841,13,08a4b1c8b40e780c5e1ecb6c2516eea4d9acafb2,macosx1015-64-shippable-qr,True,False,,|f|i|s|s|i|o|n| |w|a|r|m| |w|e|b|r|e|n|d|e|r|,102210fe594ee9b33d82058545b1ed14f4c8206e,LastVisualChange,imdb,True,imdb LastVisualChange opt fission warm webrender,,6,ms,firefox,,1781075300,2023-10-26T14:06:49,788.5,0970ac067962ef702919bed3c130ff4577c5a618,1323016
mozilla-beta,4169841,13,08a4b1c8b40e780c5e1ecb6c2516eea4d9acafb2,macosx1015-64-shippable-qr,True,False,,|f|i|s|s|i|o|n| |w|a|r|m| |w|e|b|r|e|n|d|e|r|,102210fe594ee9b33d82058545b1ed14f4c8206e,LastVisualChange,imdb,True,imdb LastVisualChange opt fission warm webrender,,6,ms,firefox,,1781213741,2023-10-26T18:12:41,755.5,a4b470ebb6b18254694693aa28a4019d425e5157,1323171
mozilla-beta,4169841,13,08a4b1c8b40e780c5e1ecb6c2516eea4d9acafb2,macosx1015-64-shippable-qr,True,False,,|f|i|s|s|i|o|n| |w|a|r|m| |w|e|b|r|e|n|d|e|r|,102210fe594ee9b33d82058545b1ed14f4c8206e,LastVisualChange,imdb,True,imdb LastVisualChange opt fission warm webrender,,6,ms,firefox,,1781345922,2023-10-26T21:02:35,792.1,34202f0fbcf07f89f3bdcefc5b6f0ba8728daf54,1323277
mozilla-beta,4169841,13,08a4b1c8b40e780c5e1ecb6c2516eea4d9acafb2,macosx1015-64-shippable-qr,True,False,,|f|i|s|s|i|o|n| |w|a|r|m| |w|e|b|r|e|n|d|e|r|,102210fe594ee9b33d82058545b1ed14f4c8206e,LastVisualChange,imdb,True,imdb LastVisualChange opt fission warm webrender,,6,ms,firefox,,1781357912,2023-10-26T21:13:50,815.8,c9e3fb5ed0f44a04ac88882c5481a60a2a30e222,1323289
mozilla-beta,4169841,13,08a4b1c8b40e780c5e1ecb6c2516eea4d9acafb2,macosx1015-64-shippable-qr,True,False,,|f|i|s|s|i|o|n| |w|a|r|m| |w|e|b|r|e|n|d|e|r|,102210fe594ee9b33d82058545b1ed14f4c8206e,LastVisualChange,imdb,True,imdb LastVisualChange opt fission warm webrender,,6,ms,firefox,,1781551902,2023-10-27T02:28:31,788.3,bf57d88eb2a3a61a5fa08f1a445dd7351f6e2b1d,1323398
mozilla-beta,4169841,13,08a4b1c8b40e780c5e1ecb6c2516eea4d9acafb2,macosx1015-64-shippable-qr,True,False,,|f|i|s|s|i|o|n| |w|a|r|m| |w|e|b|r|e|n|d|e|r|,102210fe594ee9b33d82058545b1ed14f4c8206e,LastVisualChange,imdb,True,imdb LastVisualChange opt fission warm webrender,,6,ms,firefox,,1781735397,2023-10-27T09:19:01,761.6,b1cb7e7b034cc16c98f513f848eb36ea5df27c09,1323519
mozilla-beta,4169841,13,08a4b1c8b40e780c5e1ecb6c2516eea4d9acafb2,macosx1015-64-shippable-qr,True,False,,|f|i|s|s|i|o|n| |w|a|r|m| |w|e|b|r|e|n|d|e|r|,102210fe594ee9b33d82058545b1ed14f4c8206e,LastVisualChange,imdb,True,imdb LastVisualChange opt fission warm webrender,,6,ms,firefox,,1782179748,2023-10-27T18:38:39,791.9,b97dbe58458774c79ef350e7575e44682ad7b628,1323849
mozilla-beta,4169841,13,08a4b1c8b40e780c5e1ecb6c2516eea4d9acafb2,macosx1015-64-shippable-qr,True,False,,|f|i|s|s|i|o|n| |w|a|r|m| |w|e|b|r|e|n|d|e|r|,102210fe594ee9b33d82058545b1ed14f4c8206e,LastVisualChange,imdb,True,imdb LastVisualChange opt fission warm webrender,,6,ms,firefox,,1782237163,2023-10-27T18:54:25,796.6,f7a6096fda1c5fd404b15a0cee8ca7f0b82aee00,1323862
mozilla-beta,4169841,13,08a4b1c8b40e780c5e1ecb6c2516eea4d9acafb2,macosx1015-64-shippable-qr,True,False,,|f|i|s|s|i|o|n| |w|a|r|m| |w|e|b|r|e|n|d|e|r|,102210fe594ee9b33d82058545b1ed14f4c8206e,LastVisualChange,imdb,True,imdb LastVisualChange opt fission warm webrender,,6,ms,firefox,,1782589054,2023-10-28T09:15:28,791.1,1f7ead04a319c6d28f7a8a0c148f15ababc492fa,1324045
mozilla-beta,4169841,13,08a4b1c8b40e780c5e1ecb6c2516eea4d9acafb2,macosx1015-64-shippable-qr,True,False,,|f|i|s|s|i|o|n| |w|a|r|m| |w|e|b|r|e|n|d|e|r|,102210fe594ee9b33d82058545b1ed14f4c8206e,LastVisualChange,imdb,True,imdb LastVisualChange opt fission warm webrender,,6,ms,firefox,,1782830817,2023-10-28T20:17:56,778.8,f8c125601213252ce34486ff451fa058381f558f,1324113
mozilla-beta,4169841,13,08a4b1c8b40e780c5e1ecb6c2516eea4d9acafb2,macosx1015-64-shippable-qr,True,False,,|f|i|s|s|i|o|n| |w|a|r|m| |w|e|b|r|e|n|d|e|r|,102210fe594ee9b33d82058545b1ed14f4c8206e,LastVisualChange,imdb,True,imdb LastVisualChange opt fission warm webrender,,6,ms,firefox,,1782892450,2023-10-29T09:16:21,783.6,14679f0ea712627e51e43163bc286ffad56bdf54,1324149
mozilla-beta,4169841,13,08a4b1c8b40e780c5e1ecb6c2516eea4d9acafb2,macosx1015-64-shippable-qr,True,False,,|f|i|s|s|i|o|n| |w|a|r|m| |w|e|b|r|e|n|d|e|r|,102210fe594ee9b33d82058545b1ed14f4c8206e,LastVisualChange,imdb,True,imdb LastVisualChange opt fission warm webrender,,6,ms,firefox,,1783229908,2023-10-30T02:36:04,779.2,48ba3b0afb19a5edcf6c904fa938052a576bcb89,1324220
mozilla-beta,4169841,13,08a4b1c8b40e780c5e1ecb6c2516eea4d9acafb2,macosx1015-64-shippable-qr,True,False,,|f|i|s|s|i|o|n| |w|a|r|m| |w|e|b|r|e|n|d|e|r|,102210fe594ee9b33d82058545b1ed14f4c8206e,LastVisualChange,imdb,True,imdb LastVisualChange opt fission warm webrender,,6,ms,firefox,,1783387548,2023-10-30T09:16:20,789.1,9de68f7e6fd4a13d6568549cfafbbf4de9830a32,1324285
mozilla-beta,4169841,13,08a4b1c8b40e780c5e1ecb6c2516eea4d9acafb2,macosx1015-64-shippable-qr,True,False,,|f|i|s|s|i|o|n| |w|a|r|m| |w|e|b|r|e|n|d|e|r|,102210fe594ee9b33d82058545b1ed14f4c8206e,LastVisualChange,imdb,True,imdb LastVisualChange opt fission warm webrender,,6,ms,firefox,,1783714347,2023-10-30T17:02:01,775.3,cc2e02baaa144a8b7924802226b7a0dae78019f9,1324586
mozilla-beta,4169841,13,08a4b1c8b40e780c5e1ecb6c2516eea4d9acafb2,macosx1015-64-shippable-qr,True,False,,|f|i|s|s|i|o|n| |w|a|r|m| |w|e|b|r|e|n|d|e|r|,102210fe594ee9b33d82058545b1ed14f4c8206e,LastVisualChange,imdb,True,imdb LastVisualChange opt fission warm webrender,,6,ms,firefox,,1783750486,2023-10-30T17:47:02,798.3,a68944a138e48b14870084ba2981e9c963ad930e,1324618
mozilla-beta,4169841,13,08a4b1c8b40e780c5e1ecb6c2516eea4d9acafb2,macosx1015-64-shippable-qr,True,False,,|f|i|s|s|i|o|n| |w|a|r|m| |w|e|b|r|e|n|d|e|r|,102210fe594ee9b33d82058545b1ed14f4c8206e,LastVisualChange,imdb,True,imdb LastVisualChange opt fission warm webrender,,6,ms,firefox,,1783777047,2023-10-30T18:00:17,718.3,7be1294f3227031fcd210f520339ce75fcf7004f,1324626
mozilla-beta,4169841,13,08a4b1c8b40e780c5e1ecb6c2516eea4d9acafb2,macosx1015-64-shippable-qr,True,False,,|f|i|s|s|i|o|n| |w|a|r|m| |w|e|b|r|e|n|d|e|r|,102210fe594ee9b33d82058545b1ed14f4c8206e,LastVisualChange,imdb,True,imdb LastVisualChange opt fission warm webrender,,6,ms,firefox,,1783800813,2023-10-30T18:48:30,792.4,8f86cd37a37d99d960be58a89966ec2789adeecc,1324652
mozilla-beta,4169841,13,08a4b1c8b40e780c5e1ecb6c2516eea4d9acafb2,macosx1015-64-shippable-qr,True,False,,|f|i|s|s|i|o|n| |w|a|r|m| |w|e|b|r|e|n|d|e|r|,102210fe594ee9b33d82058545b1ed14f4c8206e,LastVisualChange,imdb,True,imdb LastVisualChange opt fission warm webrender,,6,ms,firefox,,1783834149,2023-10-30T19:00:54,793.7,d0dabe2c816558f29baf19470ce5b3e8b0df1e5b,1324656
mozilla-beta,4169841,13,08a4b1c8b40e780c5e1ecb6c2516eea4d9acafb2,macosx1015-64-shippable-qr,True,False,,|f|i|s|s|i|o|n| |w|a|r|m| |w|e|b|r|e|n|d|e|r|,102210fe594ee9b33d82058545b1ed14f4c8206e,LastVisualChange,imdb,True,imdb LastVisualChange opt fission warm webrender,,6,ms,firefox,,1784313529,2023-10-31T09:17:48,784.2,d8fb8c523804dc02924cb77b49e007a0abc2acc1,1324895
mozilla-beta,4169841,13,08a4b1c8b40e780c5e1ecb6c2516eea4d9acafb2,macosx1015-64-shippable-qr,True,False,,|f|i|s|s|i|o|n| |w|a|r|m| |w|e|b|r|e|n|d|e|r|,102210fe594ee9b33d82058545b1ed14f4c8206e,LastVisualChange,imdb,True,imdb LastVisualChange opt fission warm webrender,,6,ms,firefox,,1784464002,2023-10-31T13:58:47,792.9,a6dedbe86cd78c75a1070b8308ebda10dff87c51,1325015
mozilla-beta,4169841,13,08a4b1c8b40e780c5e1ecb6c2516eea4d9acafb2,macosx1015-64-shippable-qr,True,False,,|f|i|s|s|i|o|n| |w|a|r|m| |w|e|b|r|e|n|d|e|r|,102210fe594ee9b33d82058545b1ed14f4c8206e,LastVisualChange,imdb,True,imdb LastVisualChange opt fission warm webrender,,6,ms,firefox,,1784549094,2023-10-31T14:24:53,783.8,21c4c089d27455f7b69af83165892a878069f400,1325035
mozilla-beta,4169841,13,08a4b1c8b40e780c5e1ecb6c2516eea4d9acafb2,macosx1015-64-shippable-qr,True,False,,|f|i|s|s|i|o|n| |w|a|r|m| |w|e|b|r|e|n|d|e|r|,102210fe594ee9b33d82058545b1ed14f4c8206e,LastVisualChange,imdb,True,imdb LastVisualChange opt fission warm webrender,,6,ms,firefox,,1784584546,2023-10-31T16:19:48,796.9,497ea409d0b2c8c7f41830cefc198ceb700d2d63,1325135
mozilla-beta,4169841,13,08a4b1c8b40e780c5e1ecb6c2516eea4d9acafb2,macosx1015-64-shippable-qr,True,False,,|f|i|s|s|i|o|n| |w|a|r|m| |w|e|b|r|e|n|d|e|r|,102210fe594ee9b33d82058545b1ed14f4c8206e,LastVisualChange,imdb,True,imdb LastVisualChange opt fission warm webrender,,6,ms,firefox,,1784686123,2023-10-31T17:25:12,779.4,54672e6e13984a5fc53d478951425d3435da65dc,1325175
mozilla-beta,4169841,13,08a4b1c8b40e780c5e1ecb6c2516eea4d9acafb2,macosx1015-64-shippable-qr,True,False,,|f|i|s|s|i|o|n| |w|a|r|m| |w|e|b|r|e|n|d|e|r|,102210fe594ee9b33d82058545b1ed14f4c8206e,LastVisualChange,imdb,True,imdb LastVisualChange opt fission warm webrender,,6,ms,firefox,,1784785474,2023-10-31T19:29:15,784.0,6df364abb4816f789a765083584689223976afe6,1325236
mozilla-beta,4169841,13,08a4b1c8b40e780c5e1ecb6c2516eea4d9acafb2,macosx1015-64-shippable-qr,True,False,,|f|i|s|s|i|o|n| |w|a|r|m| |w|e|b|r|e|n|d|e|r|,102210fe594ee9b33d82058545b1ed14f4c8206e,LastVisualChange,imdb,True,imdb LastVisualChange opt fission warm webrender,,6,ms,firefox,,1785069031,2023-11-01T03:02:04,785.2,739f3449852d8e3d03019cd002ca378fb79676e7,1325441
mozilla-beta,4169841,13,08a4b1c8b40e780c5e1ecb6c2516eea4d9acafb2,macosx1015-64-shippable-qr,True,False,,|f|i|s|s|i|o|n| |w|a|r|m| |w|e|b|r|e|n|d|e|r|,102210fe594ee9b33d82058545b1ed14f4c8206e,LastVisualChange,imdb,True,imdb LastVisualChange opt fission warm webrender,,6,ms,firefox,,1785213251,2023-11-01T09:28:03,789.0,c32c921bf0c099387541a2bd4306618b2a338aac,1325520
mozilla-beta,4169841,13,08a4b1c8b40e780c5e1ecb6c2516eea4d9acafb2,macosx1015-64-shippable-qr,True,False,,|f|i|s|s|i|o|n| |w|a|r|m| |w|e|b|r|e|n|d|e|r|,102210fe594ee9b33d82058545b1ed14f4c8206e,LastVisualChange,imdb,True,imdb LastVisualChange opt fission warm webrender,,6,ms,firefox,,1785580527,2023-11-01T20:19:53,773.7,661ffaa432e4cc863263a07b7bdd27795a5df836,1325865
mozilla-beta,4169841,13,08a4b1c8b40e780c5e1ecb6c2516eea4d9acafb2,macosx1015-64-shippable-qr,True,False,,|f|i|s|s|i|o|n| |w|a|r|m| |w|e|b|r|e|n|d|e|r|,102210fe594ee9b33d82058545b1ed14f4c8206e,LastVisualChange,imdb,True,imdb LastVisualChange opt fission warm webrender,,6,ms,firefox,,1785909061,2023-11-02T09:16:17,777.0,52966fe3ab43a9acb012195122cc949e887f3f7a,1326068
mozilla-beta,4169841,13,08a4b1c8b40e780c5e1ecb6c2516eea4d9acafb2,macosx1015-64-shippable-qr,True,False,,|f|i|s|s|i|o|n| |w|a|r|m| |w|e|b|r|e|n|d|e|r|,102210fe594ee9b33d82058545b1ed14f4c8206e,LastVisualChange,imdb,True,imdb LastVisualChange opt fission warm webrender,,6,ms,firefox,,1786093023,2023-11-02T13:26:23,768.6,b93c979940b7fb53619a49044f7f0c9dcd99927b,1326186
mozilla-beta,4169841,13,08a4b1c8b40e780c5e1ecb6c2516eea4d9acafb2,macosx1015-64-shippable-qr,True,False,,|f|i|s|s|i|o|n| |w|a|r|m| |w|e|b|r|e|n|d|e|r|,102210fe594ee9b33d82058545b1ed14f4c8206e,LastVisualChange,imdb,True,imdb LastVisualChange opt fission warm webrender,,6,ms,firefox,,1786126482,2023-11-02T15:52:03,749.8,3de35294e81fd90cf63d3f7107110c0bcf4a461e,1326321
mozilla-beta,4169841,13,08a4b1c8b40e780c5e1ecb6c2516eea4d9acafb2,macosx1015-64-shippable-qr,True,False,,|f|i|s|s|i|o|n| |w|a|r|m| |w|e|b|r|e|n|d|e|r|,102210fe594ee9b33d82058545b1ed14f4c8206e,LastVisualChange,imdb,True,imdb LastVisualChange opt fission warm webrender,,6,ms,firefox,,1786176133,2023-11-02T16:31:23,770.3,fc180f625ac2b295ab3e05bde3ec29c2998dc76b,1326367
mozilla-beta,4169841,13,08a4b1c8b40e780c5e1ecb6c2516eea4d9acafb2,macosx1015-64-shippable-qr,True,False,,|f|i|s|s|i|o|n| |w|a|r|m| |w|e|b|r|e|n|d|e|r|,102210fe594ee9b33d82058545b1ed14f4c8206e,LastVisualChange,imdb,True,imdb LastVisualChange opt fission warm webrender,,6,ms,firefox,,1786291700,2023-11-02T19:37:31,796.8,b1fe4b76180c0291b47971e0e442d50b2b46e243,1326468
mozilla-beta,4169841,13,08a4b1c8b40e780c5e1ecb6c2516eea4d9acafb2,macosx1015-64-shippable-qr,True,False,,|f|i|s|s|i|o|n| |w|a|r|m| |w|e|b|r|e|n|d|e|r|,102210fe594ee9b33d82058545b1ed14f4c8206e,LastVisualChange,imdb,True,imdb LastVisualChange opt fission warm webrender,,6,ms,firefox,,1786356077,2023-11-02T20:40:12,788.4,c5cefa7cf7968cb679cd9e608c644853e8bf3c5c,1326529
mozilla-beta,4169841,13,08a4b1c8b40e780c5e1ecb6c2516eea4d9acafb2,macosx1015-64-shippable-qr,True,False,,|f|i|s|s|i|o|n| |w|a|r|m| |w|e|b|r|e|n|d|e|r|,102210fe594ee9b33d82058545b1ed14f4c8206e,LastVisualChange,imdb,True,imdb LastVisualChange opt fission warm webrender,,6,ms,firefox,,1786478003,2023-11-03T02:09:01,795.4,10ccb989d5ffe828811dc99be6687afc0661fee6,1326660
mozilla-beta,4169841,13,08a4b1c8b40e780c5e1ecb6c2516eea4d9acafb2,macosx1015-64-shippable-qr,True,False,,|f|i|s|s|i|o|n| |w|a|r|m| |w|e|b|r|e|n|d|e|r|,102210fe594ee9b33d82058545b1ed14f4c8206e,LastVisualChange,imdb,True,imdb LastVisualChange opt fission warm webrender,,6,ms,firefox,,1786655334,2023-11-03T09:17:43,786.7,2dce64a161d6de039d89197b2248a11466fc7fb1,1326756
mozilla-beta,4169841,13,08a4b1c8b40e780c5e1ecb6c2516eea4d9acafb2,macosx1015-64-shippable-qr,True,False,,|f|i|s|s|i|o|n| |w|a|r|m| |w|e|b|r|e|n|d|e|r|,102210fe594ee9b33d82058545b1ed14f4c8206e,LastVisualChange,imdb,True,imdb LastVisualChange opt fission warm webrender,,6,ms,firefox,,1787040070,2023-11-03T20:10:06,788.6,de7d0eba21d6dc9fa43711cb99724cf8bee14b09,1327141
mozilla-beta,4169841,13,08a4b1c8b40e780c5e1ecb6c2516eea4d9acafb2,macosx1015-64-shippable-qr,True,False,,|f|i|s|s|i|o|n| |w|a|r|m| |w|e|b|r|e|n|d|e|r|,102210fe594ee9b33d82058545b1ed14f4c8206e,LastVisualChange,imdb,True,imdb LastVisualChange opt fission warm webrender,,6,ms,firefox,,1787064645,2023-11-03T20:37:38,769.0,e236a9d8b7c953944c3ec583d1c67f4ee99b61c7,1327174
mozilla-beta,4169841,13,08a4b1c8b40e780c5e1ecb6c2516eea4d9acafb2,macosx1015-64-shippable-qr,True,False,,|f|i|s|s|i|o|n| |w|a|r|m| |w|e|b|r|e|n|d|e|r|,102210fe594ee9b33d82058545b1ed14f4c8206e,LastVisualChange,imdb,True,imdb LastVisualChange opt fission warm webrender,,6,ms,firefox,,1787102847,2023-11-03T22:57:26,768.2,0e4c1aabb1e89b399ec8af74160f4dded9290029,1327231
mozilla-beta,4169841,13,08a4b1c8b40e780c5e1ecb6c2516eea4d9acafb2,macosx1015-64-shippable-qr,True,False,,|f|i|s|s|i|o|n| |w|a|r|m| |w|e|b|r|e|n|d|e|r|,102210fe594ee9b33d82058545b1ed14f4c8206e,LastVisualChange,imdb,True,imdb LastVisualChange opt fission warm webrender,,6,ms,firefox,,1787267188,2023-11-04T09:15:24,784.1,aaed062f99d7c0ecc1574d16fc93d7aad82bfe08,1327315
mozilla-beta,4169841,13,08a4b1c8b40e780c5e1ecb6c2516eea4d9acafb2,macosx1015-64-shippable-qr,True,False,,|f|i|s|s|i|o|n| |w|a|r|m| |w|e|b|r|e|n|d|e|r|,102210fe594ee9b33d82058545b1ed14f4c8206e,LastVisualChange,imdb,True,imdb LastVisualChange opt fission warm webrender,,6,ms,firefox,,1787693192,2023-11-05T09:16:57,801.6,ac9cccecb9fd15c83e5a504a0a4777033d8012fc,1327481
mozilla-beta,4169841,13,08a4b1c8b40e780c5e1ecb6c2516eea4d9acafb2,macosx1015-64-shippable-qr,True,False,,|f|i|s|s|i|o|n| |w|a|r|m| |w|e|b|r|e|n|d|e|r|,102210fe594ee9b33d82058545b1ed14f4c8206e,LastVisualChange,imdb,True,imdb LastVisualChange opt fission warm webrender,,6,ms,firefox,,1787812006,2023-11-05T16:06:30,779.3,a8eb7938131dec30c0043b6eeed4ca9727b3dcda,1327540
mozilla-beta,4169841,13,08a4b1c8b40e780c5e1ecb6c2516eea4d9acafb2,macosx1015-64-shippable-qr,True,False,,|f|i|s|s|i|o|n| |w|a|r|m| |w|e|b|r|e|n|d|e|r|,102210fe594ee9b33d82058545b1ed14f4c8206e,LastVisualChange,imdb,True,imdb LastVisualChange opt fission warm webrender,,6,ms,firefox,,1788021496,2023-11-06T00:47:38,784.6,fba3b198dcedf2312097e9dc1c6a57b9a25730d6,1327573
mozilla-beta,4169841,13,08a4b1c8b40e780c5e1ecb6c2516eea4d9acafb2,macosx1015-64-shippable-qr,True,False,,|f|i|s|s|i|o|n| |w|a|r|m| |w|e|b|r|e|n|d|e|r|,102210fe594ee9b33d82058545b1ed14f4c8206e,LastVisualChange,imdb,True,imdb LastVisualChange opt fission warm webrender,,6,ms,firefox,,1788391881,2023-11-06T09:16:14,792.4,84adf50c3d323e26c6a519a062b2417bb322ff0b,1327663
mozilla-beta,4169841,13,08a4b1c8b40e780c5e1ecb6c2516eea4d9acafb2,macosx1015-64-shippable-qr,True,False,,|f|i|s|s|i|o|n| |w|a|r|m| |w|e|b|r|e|n|d|e|r|,102210fe594ee9b33d82058545b1ed14f4c8206e,LastVisualChange,imdb,True,imdb LastVisualChange opt fission warm webrender,,6,ms,firefox,,1788715731,2023-11-06T17:07:28,784.5,515a8603c619c309e86df4e9288a2840561043fe,1328000
mozilla-beta,4169841,13,08a4b1c8b40e780c5e1ecb6c2516eea4d9acafb2,macosx1015-64-shippable-qr,True,False,,|f|i|s|s|i|o|n| |w|a|r|m| |w|e|b|r|e|n|d|e|r|,102210fe594ee9b33d82058545b1ed14f4c8206e,LastVisualChange,imdb,True,imdb LastVisualChange opt fission warm webrender,,6,ms,firefox,,1789239806,2023-11-07T09:17:03,781.3,46b44caed301798da4c8f6f69976582d1a514c7a,1328381
mozilla-beta,4169841,13,08a4b1c8b40e780c5e1ecb6c2516eea4d9acafb2,macosx1015-64-shippable-qr,True,False,,|f|i|s|s|i|o|n| |w|a|r|m| |w|e|b|r|e|n|d|e|r|,102210fe594ee9b33d82058545b1ed14f4c8206e,LastVisualChange,imdb,True,imdb LastVisualChange opt fission warm webrender,,6,ms,firefox,,1789318000,2023-11-07T13:33:14,783.7,34ed90e9b164d86b138e679b7d142e0974fd7816,1328471
mozilla-beta,4169841,13,08a4b1c8b40e780c5e1ecb6c2516eea4d9acafb2,macosx1015-64-shippable-qr,True,False,,|f|i|s|s|i|o|n| |w|a|r|m| |w|e|b|r|e|n|d|e|r|,102210fe594ee9b33d82058545b1ed14f4c8206e,LastVisualChange,imdb,True,imdb LastVisualChange opt fission warm webrender,,6,ms,firefox,,1789344701,2023-11-07T14:02:57,783.3,38f5ce2d997a124467b8065b92a79d2efa0f3827,1328489
mozilla-beta,4169841,13,08a4b1c8b40e780c5e1ecb6c2516eea4d9acafb2,macosx1015-64-shippable-qr,True,False,,|f|i|s|s|i|o|n| |w|a|r|m| |w|e|b|r|e|n|d|e|r|,102210fe594ee9b33d82058545b1ed14f4c8206e,LastVisualChange,imdb,True,imdb LastVisualChange opt fission warm webrender,,6,ms,firefox,,1789423257,2023-11-07T17:18:39,755.4,997eb70f590ce32a22add6eed63c87f3fdc21b14,1328543
mozilla-beta,4169841,13,08a4b1c8b40e780c5e1ecb6c2516eea4d9acafb2,macosx1015-64-shippable-qr,True,False,,|f|i|s|s|i|o|n| |w|a|r|m| |w|e|b|r|e|n|d|e|r|,102210fe594ee9b33d82058545b1ed14f4c8206e,LastVisualChange,imdb,True,imdb LastVisualChange opt fission warm webrender,,6,ms,firefox,,1789485353,2023-11-07T19:16:33,806.0,36f6c182a44f717167c7dcde294710b0ff59b6e0,1328549
mozilla-beta,4169841,13,08a4b1c8b40e780c5e1ecb6c2516eea4d9acafb2,macosx1015-64-shippable-qr,True,False,,|f|i|s|s|i|o|n| |w|a|r|m| |w|e|b|r|e|n|d|e|r|,102210fe594ee9b33d82058545b1ed14f4c8206e,LastVisualChange,imdb,True,imdb LastVisualChange opt fission warm webrender,,6,ms,firefox,,1789750818,2023-11-08T01:34:51,772.2,9405e5ab3a4a597ffdfc3fc14887fdb4554c6f8d,1328839
mozilla-beta,4169841,13,08a4b1c8b40e780c5e1ecb6c2516eea4d9acafb2,macosx1015-64-shippable-qr,True,False,,|f|i|s|s|i|o|n| |w|a|r|m| |w|e|b|r|e|n|d|e|r|,102210fe594ee9b33d82058545b1ed14f4c8206e,LastVisualChange,imdb,True,imdb LastVisualChange opt fission warm webrender,,6,ms,firefox,,1789785835,2023-11-08T03:37:05,780.0,e96d59e6f3e4e226bfce9975094486d29040f986,1328883
mozilla-beta,4169841,13,08a4b1c8b40e780c5e1ecb6c2516eea4d9acafb2,macosx1015-64-shippable-qr,True,False,,|f|i|s|s|i|o|n| |w|a|r|m| |w|e|b|r|e|n|d|e|r|,102210fe594ee9b33d82058545b1ed14f4c8206e,LastVisualChange,imdb,True,imdb LastVisualChange opt fission warm webrender,,6,ms,firefox,,1789805365,2023-11-08T03:58:18,767.8,f51aba0f79ce6370a97337d938e26b7ca57a2628,1328887
mozilla-beta,4169841,13,08a4b1c8b40e780c5e1ecb6c2516eea4d9acafb2,macosx1015-64-shippable-qr,True,False,,|f|i|s|s|i|o|n| |w|a|r|m| |w|e|b|r|e|n|d|e|r|,102210fe594ee9b33d82058545b1ed14f4c8206e,LastVisualChange,imdb,True,imdb LastVisualChange opt fission warm webrender,,6,ms,firefox,,1789939407,2023-11-08T09:19:43,784.7,ff455344125244fea8ba3d4d3f1c125f1d4128ef,1328960
mozilla-beta,4169841,13,08a4b1c8b40e780c5e1ecb6c2516eea4d9acafb2,macosx1015-64-shippable-qr,True,False,,|f|i|s|s|i|o|n| |w|a|r|m| |w|e|b|r|e|n|d|e|r|,102210fe594ee9b33d82058545b1ed14f4c8206e,LastVisualChange,imdb,True,imdb LastVisualChange opt fission warm webrender,,6,ms,firefox,,1790299957,2023-11-08T19:02:24,777.1,8b41a52794e1bbd3fba47da74ae0f35ed8e7881e,1329301
mozilla-beta,4169841,13,08a4b1c8b40e780c5e1ecb6c2516eea4d9acafb2,macosx1015-64-shippable-qr,True,False,,|f|i|s|s|i|o|n| |w|a|r|m| |w|e|b|r|e|n|d|e|r|,102210fe594ee9b33d82058545b1ed14f4c8206e,LastVisualChange,imdb,True,imdb LastVisualChange opt fission warm webrender,,6,ms,firefox,,1790250845,2023-11-08T19:22:35,781.5,f33d3ade665d9a85492c827858001798f824cf82,1329310
mozilla-beta,4169841,13,08a4b1c8b40e780c5e1ecb6c2516eea4d9acafb2,macosx1015-64-shippable-qr,True,False,,|f|i|s|s|i|o|n| |w|a|r|m| |w|e|b|r|e|n|d|e|r|,102210fe594ee9b33d82058545b1ed14f4c8206e,LastVisualChange,imdb,True,imdb LastVisualChange opt fission warm webrender,,6,ms,firefox,,1790799573,2023-11-09T09:18:08,764.3,c3cf1434c26f7cccbac13d707dcebb6f320ce8fd,1329714
mozilla-beta,4169841,13,08a4b1c8b40e780c5e1ecb6c2516eea4d9acafb2,macosx1015-64-shippable-qr,True,False,,|f|i|s|s|i|o|n| |w|a|r|m| |w|e|b|r|e|n|d|e|r|,102210fe594ee9b33d82058545b1ed14f4c8206e,LastVisualChange,imdb,True,imdb LastVisualChange opt fission warm webrender,,6,ms,firefox,,1790959516,2023-11-09T13:29:14,781.8,1dfb79685f27e9f11e469e5ab3e8a58fb9e58b73,1329834
mozilla-beta,4169841,13,08a4b1c8b40e780c5e1ecb6c2516eea4d9acafb2,macosx1015-64-shippable-qr,True,False,,|f|i|s|s|i|o|n| |w|a|r|m| |w|e|b|r|e|n|d|e|r|,102210fe594ee9b33d82058545b1ed14f4c8206e,LastVisualChange,imdb,True,imdb LastVisualChange opt fission warm webrender,,6,ms,firefox,,1790979958,2023-11-09T13:41:54,776.4,78b796c9f7f53a888614ed5392a7db7229ee834f,1329838
mozilla-beta,4169841,13,08a4b1c8b40e780c5e1ecb6c2516eea4d9acafb2,macosx1015-64-shippable-qr,True,False,,|f|i|s|s|i|o|n| |w|a|r|m| |w|e|b|r|e|n|d|e|r|,102210fe594ee9b33d82058545b1ed14f4c8206e,LastVisualChange,imdb,True,imdb LastVisualChange opt fission warm webrender,,6,ms,firefox,,1791020752,2023-11-09T15:05:03,762.3,03a9bf50f31d7228b355e7f9d70e29dd18babfdc,1329887
mozilla-beta,4169841,13,08a4b1c8b40e780c5e1ecb6c2516eea4d9acafb2,macosx1015-64-shippable-qr,True,False,,|f|i|s|s|i|o|n| |w|a|r|m| |w|e|b|r|e|n|d|e|r|,102210fe594ee9b33d82058545b1ed14f4c8206e,LastVisualChange,imdb,True,imdb LastVisualChange opt fission warm webrender,,6,ms,firefox,,1791084707,2023-11-09T16:40:47,775.9,5e9554d172fc9851c0d74bdd6990c7434c7f6cf3,1329939
mozilla-beta,4169841,13,08a4b1c8b40e780c5e1ecb6c2516eea4d9acafb2,macosx1015-64-shippable-qr,True,False,,|f|i|s|s|i|o|n| |w|a|r|m| |w|e|b|r|e|n|d|e|r|,102210fe594ee9b33d82058545b1ed14f4c8206e,LastVisualChange,imdb,True,imdb LastVisualChange opt fission warm webrender,,6,ms,firefox,,1791137927,2023-11-09T17:22:31,771.5,38f3cd5c2a42373d39c8ec864053d206168e22dd,1329961
mozilla-beta,4169841,13,08a4b1c8b40e780c5e1ecb6c2516eea4d9acafb2,macosx1015-64-shippable-qr,True,False,,|f|i|s|s|i|o|n| |w|a|r|m| |w|e|b|r|e|n|d|e|r|,102210fe594ee9b33d82058545b1ed14f4c8206e,LastVisualChange,imdb,True,imdb LastVisualChange opt fission warm webrender,,6,ms,firefox,,1791175899,2023-11-09T18:22:53,776.1,b0f04f13b25453822484a6a53bc6b2b39bba4ae7,1329997
mozilla-beta,4169841,13,08a4b1c8b40e780c5e1ecb6c2516eea4d9acafb2,macosx1015-64-shippable-qr,True,False,,|f|i|s|s|i|o|n| |w|a|r|m| |w|e|b|r|e|n|d|e|r|,102210fe594ee9b33d82058545b1ed14f4c8206e,LastVisualChange,imdb,True,imdb LastVisualChange opt fission warm webrender,,6,ms,firefox,,1791222286,2023-11-09T20:58:42,757.2,73db5f7ddc5b694785856785df3e3d6d8c5054f5,1330116
mozilla-beta,4169841,13,08a4b1c8b40e780c5e1ecb6c2516eea4d9acafb2,macosx1015-64-shippable-qr,True,False,,|f|i|s|s|i|o|n| |w|a|r|m| |w|e|b|r|e|n|d|e|r|,102210fe594ee9b33d82058545b1ed14f4c8206e,LastVisualChange,imdb,True,imdb LastVisualChange opt fission warm webrender,,6,ms,firefox,,1791245076,2023-11-09T21:16:58,767.4,4033da50913992a740487deb43a255f0ad27ca9d,1330119
mozilla-beta,4169841,13,08a4b1c8b40e780c5e1ecb6c2516eea4d9acafb2,macosx1015-64-shippable-qr,True,False,,|f|i|s|s|i|o|n| |w|a|r|m| |w|e|b|r|e|n|d|e|r|,102210fe594ee9b33d82058545b1ed14f4c8206e,LastVisualChange,imdb,True,imdb LastVisualChange opt fission warm webrender,,6,ms,firefox,,1791338433,2023-11-09T23:34:01,784.5,05cb865cacd6b9585e3049124f490cf19705d380,1330175
mozilla-beta,4169841,13,08a4b1c8b40e780c5e1ecb6c2516eea4d9acafb2,macosx1015-64-shippable-qr,True,False,,|f|i|s|s|i|o|n| |w|a|r|m| |w|e|b|r|e|n|d|e|r|,102210fe594ee9b33d82058545b1ed14f4c8206e,LastVisualChange,imdb,True,imdb LastVisualChange opt fission warm webrender,,6,ms,firefox,,1791514123,2023-11-10T03:58:58,772.2,c235e860ed91d38314fe1dbcf2ecdd2db91b9bb9,1330254
mozilla-beta,4169841,13,08a4b1c8b40e780c5e1ecb6c2516eea4d9acafb2,macosx1015-64-shippable-qr,True,False,,|f|i|s|s|i|o|n| |w|a|r|m| |w|e|b|r|e|n|d|e|r|,102210fe594ee9b33d82058545b1ed14f4c8206e,LastVisualChange,imdb,True,imdb LastVisualChange opt fission warm webrender,,6,ms,firefox,,1791643395,2023-11-10T08:26:24,755.2,c9cafe13464891df5979172a1cea00ceb1c89615,1330300
mozilla-beta,4169841,13,08a4b1c8b40e780c5e1ecb6c2516eea4d9acafb2,macosx1015-64-shippable-qr,True,False,,|f|i|s|s|i|o|n| |w|a|r|m| |w|e|b|r|e|n|d|e|r|,102210fe594ee9b33d82058545b1ed14f4c8206e,LastVisualChange,imdb,True,imdb LastVisualChange opt fission warm webrender,,6,ms,firefox,,1791676767,2023-11-10T09:17:50,790.9,79c92eeab276a93d9b1d5cc754e2bb395e76ebf3,1330325
mozilla-beta,4169841,13,08a4b1c8b40e780c5e1ecb6c2516eea4d9acafb2,macosx1015-64-shippable-qr,True,False,,|f|i|s|s|i|o|n| |w|a|r|m| |w|e|b|r|e|n|d|e|r|,102210fe594ee9b33d82058545b1ed14f4c8206e,LastVisualChange,imdb,True,imdb LastVisualChange opt fission warm webrender,,6,ms,firefox,,1792370317,2023-11-11T09:17:06,745.9,833ba8fe101b84f0d4e7dbe07363af1f91c20b18,1330685
mozilla-beta,4169841,13,08a4b1c8b40e780c5e1ecb6c2516eea4d9acafb2,macosx1015-64-shippable-qr,True,False,,|f|i|s|s|i|o|n| |w|a|r|m| |w|e|b|r|e|n|d|e|r|,102210fe594ee9b33d82058545b1ed14f4c8206e,LastVisualChange,imdb,True,imdb LastVisualChange opt fission warm webrender,,6,ms,firefox,,1792811061,2023-11-12T09:16:19,775.5,a1334e8e601add3495509f96d677cff89b4693b1,1330777
mozilla-beta,4169841,13,08a4b1c8b40e780c5e1ecb6c2516eea4d9acafb2,macosx1015-64-shippable-qr,True,False,,|f|i|s|s|i|o|n| |w|a|r|m| |w|e|b|r|e|n|d|e|r|,102210fe594ee9b33d82058545b1ed14f4c8206e,LastVisualChange,imdb,True,imdb LastVisualChange opt fission warm webrender,,6,ms,firefox,,1793158424,2023-11-13T09:20:35,781.1,39694175bf62c4c07f2001ab520f7e410eec192b,1330927
mozilla-beta,4169841,13,08a4b1c8b40e780c5e1ecb6c2516eea4d9acafb2,macosx1015-64-shippable-qr,True,False,,|f|i|s|s|i|o|n| |w|a|r|m| |w|e|b|r|e|n|d|e|r|,102210fe594ee9b33d82058545b1ed14f4c8206e,LastVisualChange,imdb,True,imdb LastVisualChange opt fission warm webrender,,6,ms,firefox,,1793356828,2023-11-13T14:12:00,790.0,e2b2510f97612093f381ee1f4220e71ff949d845,1331051
mozilla-beta,4169841,13,08a4b1c8b40e780c5e1ecb6c2516eea4d9acafb2,macosx1015-64-shippable-qr,True,False,,|f|i|s|s|i|o|n| |w|a|r|m| |w|e|b|r|e|n|d|e|r|,102210fe594ee9b33d82058545b1ed14f4c8206e,LastVisualChange,imdb,True,imdb LastVisualChange opt fission warm webrender,,6,ms,firefox,,1797261138,2023-11-20T15:49:37,783.6,d6c8c84a26388612d432fd27aadcc8cdc1bc4e07,1334745
mozilla-beta,4169841,13,08a4b1c8b40e780c5e1ecb6c2516eea4d9acafb2,macosx1015-64-shippable-qr,True,False,,|f|i|s|s|i|o|n| |w|a|r|m| |w|e|b|r|e|n|d|e|r|,102210fe594ee9b33d82058545b1ed14f4c8206e,LastVisualChange,imdb,True,imdb LastVisualChange opt fission warm webrender,,6,ms,firefox,,1797816690,2023-11-21T09:16:19,774.0,7c525212b0a40c1f9ca40c7a7dd04825767c444c,1335327
mozilla-beta,4169841,13,08a4b1c8b40e780c5e1ecb6c2516eea4d9acafb2,macosx1015-64-shippable-qr,True,False,,|f|i|s|s|i|o|n| |w|a|r|m| |w|e|b|r|e|n|d|e|r|,102210fe594ee9b33d82058545b1ed14f4c8206e,LastVisualChange,imdb,True,imdb LastVisualChange opt fission warm webrender,,6,ms,firefox,,1798026214,2023-11-21T15:08:03,783.6,f2fa5dbe8e76996e929aebba1ccfe170e0a231ed,1335577
mozilla-beta,4169841,13,08a4b1c8b40e780c5e1ecb6c2516eea4d9acafb2,macosx1015-64-shippable-qr,True,False,,|f|i|s|s|i|o|n| |w|a|r|m| |w|e|b|r|e|n|d|e|r|,102210fe594ee9b33d82058545b1ed14f4c8206e,LastVisualChange,imdb,True,imdb LastVisualChange opt fission warm webrender,,6,ms,firefox,,1798050291,2023-11-21T15:10:55,726.0,e86366dbad4958dc3a70d6f76351ede9d78dbca4,1335580
mozilla-beta,4169841,13,08a4b1c8b40e780c5e1ecb6c2516eea4d9acafb2,macosx1015-64-shippable-qr,True,False,,|f|i|s|s|i|o|n| |w|a|r|m| |w|e|b|r|e|n|d|e|r|,102210fe594ee9b33d82058545b1ed14f4c8206e,LastVisualChange,imdb,True,imdb LastVisualChange opt fission warm webrender,,6,ms,firefox,,1798084385,2023-11-21T15:26:40,777.9,ae7ec6bbf12f4bf101eb93a4eec56237e2c94711,1335594
mozilla-beta,4169841,13,08a4b1c8b40e780c5e1ecb6c2516eea4d9acafb2,macosx1015-64-shippable-qr,True,False,,|f|i|s|s|i|o|n| |w|a|r|m| |w|e|b|r|e|n|d|e|r|,102210fe594ee9b33d82058545b1ed14f4c8206e,LastVisualChange,imdb,True,imdb LastVisualChange opt fission warm webrender,,6,ms,firefox,,1798613181,2023-11-22T09:19:04,757.7,850029a700cfcd62c70e1153778fcac0c0accbd5,1336139
mozilla-beta,4169841,13,08a4b1c8b40e780c5e1ecb6c2516eea4d9acafb2,macosx1015-64-shippable-qr,True,False,,|f|i|s|s|i|o|n| |w|a|r|m| |w|e|b|r|e|n|d|e|r|,102210fe594ee9b33d82058545b1ed14f4c8206e,LastVisualChange,imdb,True,imdb LastVisualChange opt fission warm webrender,,6,ms,firefox,,1799021265,2023-11-22T19:21:33,783.7,14a07890399d7fede9ff72d30f69469e83896f21,1336564
mozilla-beta,4169841,13,08a4b1c8b40e780c5e1ecb6c2516eea4d9acafb2,macosx1015-64-shippable-qr,True,False,,|f|i|s|s|i|o|n| |w|a|r|m| |w|e|b|r|e|n|d|e|r|,102210fe594ee9b33d82058545b1ed14f4c8206e,LastVisualChange,imdb,True,imdb LastVisualChange opt fission warm webrender,,6,ms,firefox,,1799084477,2023-11-22T20:38:02,785.0,40509a3a99ddbed1f837b0a394d68ba95dc592ae,1336613
mozilla-beta,4169841,13,08a4b1c8b40e780c5e1ecb6c2516eea4d9acafb2,macosx1015-64-shippable-qr,True,False,,|f|i|s|s|i|o|n| |w|a|r|m| |w|e|b|r|e|n|d|e|r|,102210fe594ee9b33d82058545b1ed14f4c8206e,LastVisualChange,imdb,True,imdb LastVisualChange opt fission warm webrender,,6,ms,firefox,,1799537094,2023-11-23T09:18:18,796.4,2e013f4ee88a4fb15ea4f5f8a438541d18bf8c4f,1336824
mozilla-beta,4169841,13,08a4b1c8b40e780c5e1ecb6c2516eea4d9acafb2,macosx1015-64-shippable-qr,True,False,,|f|i|s|s|i|o|n| |w|a|r|m| |w|e|b|r|e|n|d|e|r|,102210fe594ee9b33d82058545b1ed14f4c8206e,LastVisualChange,imdb,True,imdb LastVisualChange opt fission warm webrender,,6,ms,firefox,,1799786573,2023-11-23T15:17:32,784.1,e2d0a18759309d8d69b72e5fc1f26d7570df19e9,1337048
mozilla-beta,4169841,13,08a4b1c8b40e780c5e1ecb6c2516eea4d9acafb2,macosx1015-64-shippable-qr,True,False,,|f|i|s|s|i|o|n| |w|a|r|m| |w|e|b|r|e|n|d|e|r|,102210fe594ee9b33d82058545b1ed14f4c8206e,LastVisualChange,imdb,True,imdb LastVisualChange opt fission warm webrender,,6,ms,firefox,,1799848584,2023-11-23T16:48:11,767.7,f5ed817bca36dcf683dcbf037a3122509c21e33c,1337100
mozilla-beta,4169841,13,08a4b1c8b40e780c5e1ecb6c2516eea4d9acafb2,macosx1015-64-shippable-qr,True,False,,|f|i|s|s|i|o|n| |w|a|r|m| |w|e|b|r|e|n|d|e|r|,102210fe594ee9b33d82058545b1ed14f4c8206e,LastVisualChange,imdb,True,imdb LastVisualChange opt fission warm webrender,,6,ms,firefox,,1799921256,2023-11-23T18:38:27,779.1,0ebfc2cc8b6ff18c0e37d80523ea5eb997c7d5e1,1337195
mozilla-beta,4169841,13,08a4b1c8b40e780c5e1ecb6c2516eea4d9acafb2,macosx1015-64-shippable-qr,True,False,,|f|i|s|s|i|o|n| |w|a|r|m| |w|e|b|r|e|n|d|e|r|,102210fe594ee9b33d82058545b1ed14f4c8206e,LastVisualChange,imdb,True,imdb LastVisualChange opt fission warm webrender,,6,ms,firefox,,1799928350,2023-11-23T19:14:24,795.1,f5b525d6b641f9bf120912b729d84800fed945e4,1337218
mozilla-beta,4169841,13,08a4b1c8b40e780c5e1ecb6c2516eea4d9acafb2,macosx1015-64-shippable-qr,True,False,,|f|i|s|s|i|o|n| |w|a|r|m| |w|e|b|r|e|n|d|e|r|,102210fe594ee9b33d82058545b1ed14f4c8206e,LastVisualChange,imdb,True,imdb LastVisualChange opt fission warm webrender,,6,ms,firefox,,1799954171,2023-11-23T19:59:59,774.5,63e4626951c04bbd1987f0e48b03e96cb2af7457,1337233
mozilla-beta,4169841,13,08a4b1c8b40e780c5e1ecb6c2516eea4d9acafb2,macosx1015-64-shippable-qr,True,False,,|f|i|s|s|i|o|n| |w|a|r|m| |w|e|b|r|e|n|d|e|r|,102210fe594ee9b33d82058545b1ed14f4c8206e,LastVisualChange,imdb,True,imdb LastVisualChange opt fission warm webrender,,6,ms,firefox,,1800326651,2023-11-24T09:15:12,781.6,97f726c68ad098e3376af09d49d8e89361b016a6,1337432
mozilla-beta,4169841,13,08a4b1c8b40e780c5e1ecb6c2516eea4d9acafb2,macosx1015-64-shippable-qr,True,False,,|f|i|s|s|i|o|n| |w|a|r|m| |w|e|b|r|e|n|d|e|r|,102210fe594ee9b33d82058545b1ed14f4c8206e,LastVisualChange,imdb,True,imdb LastVisualChange opt fission warm webrender,,6,ms,firefox,,1800543396,2023-11-24T16:49:36,767.5,1a3e4add92e41944bafb12b17fa66335af9af3a8,1337659
mozilla-beta,4169841,13,08a4b1c8b40e780c5e1ecb6c2516eea4d9acafb2,macosx1015-64-shippable-qr,True,False,,|f|i|s|s|i|o|n| |w|a|r|m| |w|e|b|r|e|n|d|e|r|,102210fe594ee9b33d82058545b1ed14f4c8206e,LastVisualChange,imdb,True,imdb LastVisualChange opt fission warm webrender,,6,ms,firefox,,1800601365,2023-11-24T19:26:24,785.4,6d0a62974b9b656be959cbc5c28072dba236c9a1,1337720
mozilla-beta,4169841,13,08a4b1c8b40e780c5e1ecb6c2516eea4d9acafb2,macosx1015-64-shippable-qr,True,False,,|f|i|s|s|i|o|n| |w|a|r|m| |w|e|b|r|e|n|d|e|r|,102210fe594ee9b33d82058545b1ed14f4c8206e,LastVisualChange,imdb,True,imdb LastVisualChange opt fission warm webrender,,6,ms,firefox,,1800811147,2023-11-25T09:17:02,782.0,7bb0d2c11841a1ee47bcd3d93a7930c8e870cf38,1337839
mozilla-beta,4169841,13,08a4b1c8b40e780c5e1ecb6c2516eea4d9acafb2,macosx1015-64-shippable-qr,True,False,,|f|i|s|s|i|o|n| |w|a|r|m| |w|e|b|r|e|n|d|e|r|,102210fe594ee9b33d82058545b1ed14f4c8206e,LastVisualChange,imdb,True,imdb LastVisualChange opt fission warm webrender,,6,ms,firefox,,1800881488,2023-11-25T14:39:21,787.2,2dab338879f00d7e06ba1d26794b0c47fe241084,1337868
mozilla-beta,4169841,13,08a4b1c8b40e780c5e1ecb6c2516eea4d9acafb2,macosx1015-64-shippable-qr,True,False,,|f|i|s|s|i|o|n| |w|a|r|m| |w|e|b|r|e|n|d|e|r|,102210fe594ee9b33d82058545b1ed14f4c8206e,LastVisualChange,imdb,True,imdb LastVisualChange opt fission warm webrender,,6,ms,firefox,,1800974400,2023-11-26T09:14:56,767.5,27f764d7fcefdc9fd2f61cdca2aa5fc58a71f4c3,1337923
mozilla-beta,4169841,13,08a4b1c8b40e780c5e1ecb6c2516eea4d9acafb2,macosx1015-64-shippable-qr,True,False,,|f|i|s|s|i|o|n| |w|a|r|m| |w|e|b|r|e|n|d|e|r|,102210fe594ee9b33d82058545b1ed14f4c8206e,LastVisualChange,imdb,True,imdb LastVisualChange opt fission warm webrender,,6,ms,firefox,,1801055884,2023-11-26T19:05:04,775.4,6731f3f1d5fbe50d8ef2db31b54734d886c575d9,1337952
mozilla-beta,4169841,13,08a4b1c8b40e780c5e1ecb6c2516eea4d9acafb2,macosx1015-64-shippable-qr,True,False,,|f|i|s|s|i|o|n| |w|a|r|m| |w|e|b|r|e|n|d|e|r|,102210fe594ee9b33d82058545b1ed14f4c8206e,LastVisualChange,imdb,True,imdb LastVisualChange opt fission warm webrender,,6,ms,firefox,,1801080818,2023-11-26T19:58:34,773.5,30ce6d1c901acbf2c75595616796c67a117d0e89,1337957
mozilla-beta,4169841,13,08a4b1c8b40e780c5e1ecb6c2516eea4d9acafb2,macosx1015-64-shippable-qr,True,False,,|f|i|s|s|i|o|n| |w|a|r|m| |w|e|b|r|e|n|d|e|r|,102210fe594ee9b33d82058545b1ed14f4c8206e,LastVisualChange,imdb,True,imdb LastVisualChange opt fission warm webrender,,6,ms,firefox,,1801279589,2023-11-27T09:17:58,772.2,6d4d6a99b1a66f36129039e40dd79f37e4f86f8f,1338056
mozilla-beta,4169841,13,08a4b1c8b40e780c5e1ecb6c2516eea4d9acafb2,macosx1015-64-shippable-qr,True,False,,|f|i|s|s|i|o|n| |w|a|r|m| |w|e|b|r|e|n|d|e|r|,102210fe594ee9b33d82058545b1ed14f4c8206e,LastVisualChange,imdb,True,imdb LastVisualChange opt fission warm webrender,,6,ms,firefox,,1801541513,2023-11-27T17:32:57,785.4,22785f6abc940d353708807dbadc7ca1899f9be4,1338393
mozilla-beta,4169841,13,08a4b1c8b40e780c5e1ecb6c2516eea4d9acafb2,macosx1015-64-shippable-qr,True,False,,|f|i|s|s|i|o|n| |w|a|r|m| |w|e|b|r|e|n|d|e|r|,102210fe594ee9b33d82058545b1ed14f4c8206e,LastVisualChange,imdb,True,imdb LastVisualChange opt fission warm webrender,,6,ms,firefox,,1801755953,2023-11-27T22:16:43,774.3,155655e47125a4651f979dd526be3225c2d0b362,1338584
mozilla-beta,4169841,13,08a4b1c8b40e780c5e1ecb6c2516eea4d9acafb2,macosx1015-64-shippable-qr,True,False,,|f|i|s|s|i|o|n| |w|a|r|m| |w|e|b|r|e|n|d|e|r|,102210fe594ee9b33d82058545b1ed14f4c8206e,LastVisualChange,imdb,True,imdb LastVisualChange opt fission warm webrender,,6,ms,firefox,,1801727415,2023-11-27T22:27:53,775.5,d33d3f4a57d58a0f7e5e713c6743fea942f723c5,1338597
mozilla-beta,4169841,13,08a4b1c8b40e780c5e1ecb6c2516eea4d9acafb2,macosx1015-64-shippable-qr,True,False,,|f|i|s|s|i|o|n| |w|a|r|m| |w|e|b|r|e|n|d|e|r|,102210fe594ee9b33d82058545b1ed14f4c8206e,LastVisualChange,imdb,True,imdb LastVisualChange opt fission warm webrender,,6,ms,firefox,,1802019968,2023-11-28T09:16:16,785.1,17705099714d6adc36e2222e53c5627edbc9d656,1338880
mozilla-beta,4169841,13,08a4b1c8b40e780c5e1ecb6c2516eea4d9acafb2,macosx1015-64-shippable-qr,True,False,,|f|i|s|s|i|o|n| |w|a|r|m| |w|e|b|r|e|n|d|e|r|,102210fe594ee9b33d82058545b1ed14f4c8206e,LastVisualChange,imdb,True,imdb LastVisualChange opt fission warm webrender,,6,ms,firefox,,1802161568,2023-11-28T14:06:18,762.4,267e2c2143d0e7732e12ee912c982da08ed3cfb3,1339040
mozilla-beta,4169841,13,08a4b1c8b40e780c5e1ecb6c2516eea4d9acafb2,macosx1015-64-shippable-qr,True,False,,|f|i|s|s|i|o|n| |w|a|r|m| |w|e|b|r|e|n|d|e|r|,102210fe594ee9b33d82058545b1ed14f4c8206e,LastVisualChange,imdb,True,imdb LastVisualChange opt fission warm webrender,,6,ms,firefox,,1802318037,2023-11-28T18:01:37,775.8,5ece1826f540e2d1024b784ca24bd0a9ab803d88,1339207
mozilla-beta,4169841,13,08a4b1c8b40e780c5e1ecb6c2516eea4d9acafb2,macosx1015-64-shippable-qr,True,False,,|f|i|s|s|i|o|n| |w|a|r|m| |w|e|b|r|e|n|d|e|r|,102210fe594ee9b33d82058545b1ed14f4c8206e,LastVisualChange,imdb,True,imdb LastVisualChange opt fission warm webrender,,6,ms,firefox,,1802395705,2023-11-28T18:56:38,791.7,5b886155d8f15f2a6b77a369aa6bd34f271b5179,1339250
mozilla-beta,4169841,13,08a4b1c8b40e780c5e1ecb6c2516eea4d9acafb2,macosx1015-64-shippable-qr,True,False,,|f|i|s|s|i|o|n| |w|a|r|m| |w|e|b|r|e|n|d|e|r|,102210fe594ee9b33d82058545b1ed14f4c8206e,LastVisualChange,imdb,True,imdb LastVisualChange opt fission warm webrender,,6,ms,firefox,,1802543661,2023-11-29T01:18:21,783.5,54bded7d814a16ec819b55ed9dabee819a5ab3d7,1339512
mozilla-beta,4169841,13,08a4b1c8b40e780c5e1ecb6c2516eea4d9acafb2,macosx1015-64-shippable-qr,True,False,,|f|i|s|s|i|o|n| |w|a|r|m| |w|e|b|r|e|n|d|e|r|,102210fe594ee9b33d82058545b1ed14f4c8206e,LastVisualChange,imdb,True,imdb LastVisualChange opt fission warm webrender,,6,ms,firefox,,1802723321,2023-11-29T06:49:04,787.7,deb04a41bcf2831f1f022865506bed3889189890,1339621
mozilla-beta,4169841,13,08a4b1c8b40e780c5e1ecb6c2516eea4d9acafb2,macosx1015-64-shippable-qr,True,False,,|f|i|s|s|i|o|n| |w|a|r|m| |w|e|b|r|e|n|d|e|r|,102210fe594ee9b33d82058545b1ed14f4c8206e,LastVisualChange,imdb,True,imdb LastVisualChange opt fission warm webrender,,6,ms,firefox,,1802796441,2023-11-29T09:18:15,768.8,dea294d4ae5a1a40f6bfd6e29b7d07fe56b7f472,1339673
mozilla-beta,4169841,13,08a4b1c8b40e780c5e1ecb6c2516eea4d9acafb2,macosx1015-64-shippable-qr,True,False,,|f|i|s|s|i|o|n| |w|a|r|m| |w|e|b|r|e|n|d|e|r|,102210fe594ee9b33d82058545b1ed14f4c8206e,LastVisualChange,imdb,True,imdb LastVisualChange opt fission warm webrender,,6,ms,firefox,,1803114277,2023-11-29T18:19:02,793.2,e98d3fec31d0b40a3913c13b0ee47cefb4d1e59e,1339978
mozilla-beta,4169841,13,08a4b1c8b40e780c5e1ecb6c2516eea4d9acafb2,macosx1015-64-shippable-qr,True,False,,|f|i|s|s|i|o|n| |w|a|r|m| |w|e|b|r|e|n|d|e|r|,102210fe594ee9b33d82058545b1ed14f4c8206e,LastVisualChange,imdb,True,imdb LastVisualChange opt fission warm webrender,,6,ms,firefox,,1803138145,2023-11-29T19:19:47,778.7,7f11f5cf2f8ef7fb54eea8d499ae7df1097763cc,1340032
mozilla-beta,4169841,13,08a4b1c8b40e780c5e1ecb6c2516eea4d9acafb2,macosx1015-64-shippable-qr,True,False,,|f|i|s|s|i|o|n| |w|a|r|m| |w|e|b|r|e|n|d|e|r|,102210fe594ee9b33d82058545b1ed14f4c8206e,LastVisualChange,imdb,True,imdb LastVisualChange opt fission warm webrender,,6,ms,firefox,,1803259591,2023-11-29T22:50:54,770.1,ca8ce1830705b459fc5202429667589f2934b17c,1340165
mozilla-beta,4169841,13,08a4b1c8b40e780c5e1ecb6c2516eea4d9acafb2,macosx1015-64-shippable-qr,True,False,,|f|i|s|s|i|o|n| |w|a|r|m| |w|e|b|r|e|n|d|e|r|,102210fe594ee9b33d82058545b1ed14f4c8206e,LastVisualChange,imdb,True,imdb LastVisualChange opt fission warm webrender,,6,ms,firefox,,1803583525,2023-11-30T09:17:04,775.5,5974796cd9cd088eb58006e6594138d3bc8e7d39,1340410
mozilla-beta,4169841,13,08a4b1c8b40e780c5e1ecb6c2516eea4d9acafb2,macosx1015-64-shippable-qr,True,False,,|f|i|s|s|i|o|n| |w|a|r|m| |w|e|b|r|e|n|d|e|r|,102210fe594ee9b33d82058545b1ed14f4c8206e,LastVisualChange,imdb,True,imdb LastVisualChange opt fission warm webrender,,6,ms,firefox,,1803808576,2023-11-30T16:11:24,787.4,20d769c8e7c11b7510e1eaed3d456b930cf6ea46,1340661
mozilla-beta,4169841,13,08a4b1c8b40e780c5e1ecb6c2516eea4d9acafb2,macosx1015-64-shippable-qr,True,False,,|f|i|s|s|i|o|n| |w|a|r|m| |w|e|b|r|e|n|d|e|r|,102210fe594ee9b33d82058545b1ed14f4c8206e,LastVisualChange,imdb,True,imdb LastVisualChange opt fission warm webrender,,6,ms,firefox,,1803825586,2023-11-30T16:34:04,777.3,c1852b5f0fd3cae3ab6e22effca4d9f2689aeeeb,1340692
mozilla-beta,4169841,13,08a4b1c8b40e780c5e1ecb6c2516eea4d9acafb2,macosx1015-64-shippable-qr,True,False,,|f|i|s|s|i|o|n| |w|a|r|m| |w|e|b|r|e|n|d|e|r|,102210fe594ee9b33d82058545b1ed14f4c8206e,LastVisualChange,imdb,True,imdb LastVisualChange opt fission warm webrender,,6,ms,firefox,,1803845042,2023-11-30T16:43:33,777.7,bc9f83635d02d18d06ea0e35565f7bb49b2c7608,1340700
mozilla-beta,4169841,13,08a4b1c8b40e780c5e1ecb6c2516eea4d9acafb2,macosx1015-64-shippable-qr,True,False,,|f|i|s|s|i|o|n| |w|a|r|m| |w|e|b|r|e|n|d|e|r|,102210fe594ee9b33d82058545b1ed14f4c8206e,LastVisualChange,imdb,True,imdb LastVisualChange opt fission warm webrender,,6,ms,firefox,,1803892274,2023-11-30T18:34:41,788.1,5df38003afc947e7f0932dd9984f2e4d57e9a685,1340791
mozilla-beta,4169841,13,08a4b1c8b40e780c5e1ecb6c2516eea4d9acafb2,macosx1015-64-shippable-qr,True,False,,|f|i|s|s|i|o|n| |w|a|r|m| |w|e|b|r|e|n|d|e|r|,102210fe594ee9b33d82058545b1ed14f4c8206e,LastVisualChange,imdb,True,imdb LastVisualChange opt fission warm webrender,,6,ms,firefox,,1803963011,2023-11-30T21:01:12,773.9,8e00ed90450f29ee0286348a831fc0980397f8e7,1340913
mozilla-beta,4169841,13,08a4b1c8b40e780c5e1ecb6c2516eea4d9acafb2,macosx1015-64-shippable-qr,True,False,,|f|i|s|s|i|o|n| |w|a|r|m| |w|e|b|r|e|n|d|e|r|,102210fe594ee9b33d82058545b1ed14f4c8206e,LastVisualChange,imdb,True,imdb LastVisualChange opt fission warm webrender,,6,ms,firefox,,1804039214,2023-12-01T00:27:30,792.3,b69108b34355f592bd1781a9a072e6816b3eb0b1,1341043
mozilla-beta,4169841,13,08a4b1c8b40e780c5e1ecb6c2516eea4d9acafb2,macosx1015-64-shippable-qr,True,False,,|f|i|s|s|i|o|n| |w|a|r|m| |w|e|b|r|e|n|d|e|r|,102210fe594ee9b33d82058545b1ed14f4c8206e,LastVisualChange,imdb,True,imdb LastVisualChange opt fission warm webrender,,6,ms,firefox,,1804046059,2023-12-01T00:39:11,802.3,186477afbdb47280ec0ea49732727996821b2082,1341051
mozilla-beta,4169841,13,08a4b1c8b40e780c5e1ecb6c2516eea4d9acafb2,macosx1015-64-shippable-qr,True,False,,|f|i|s|s|i|o|n| |w|a|r|m| |w|e|b|r|e|n|d|e|r|,102210fe594ee9b33d82058545b1ed14f4c8206e,LastVisualChange,imdb,True,imdb LastVisualChange opt fission warm webrender,,6,ms,firefox,,1804059018,2023-12-01T00:47:04,785.6,f0af2050e7b01c1d1b2b95693754359cc62706a8,1341055
mozilla-beta,4169841,13,08a4b1c8b40e780c5e1ecb6c2516eea4d9acafb2,macosx1015-64-shippable-qr,True,False,,|f|i|s|s|i|o|n| |w|a|r|m| |w|e|b|r|e|n|d|e|r|,102210fe594ee9b33d82058545b1ed14f4c8206e,LastVisualChange,imdb,True,imdb LastVisualChange opt fission warm webrender,,6,ms,firefox,,1804271239,2023-12-01T09:17:38,789.7,dcc730175085df9656d49fc3ee0e7db73111c6e8,1341197
mozilla-beta,4169841,13,08a4b1c8b40e780c5e1ecb6c2516eea4d9acafb2,macosx1015-64-shippable-qr,True,False,,|f|i|s|s|i|o|n| |w|a|r|m| |w|e|b|r|e|n|d|e|r|,102210fe594ee9b33d82058545b1ed14f4c8206e,LastVisualChange,imdb,True,imdb LastVisualChange opt fission warm webrender,,6,ms,firefox,,1804558190,2023-12-01T17:19:46,769.8,383a7dba37fdf47229b38b1bd3e13d91524826dd,1341530
mozilla-beta,4169841,13,08a4b1c8b40e780c5e1ecb6c2516eea4d9acafb2,macosx1015-64-shippable-qr,True,False,,|f|i|s|s|i|o|n| |w|a|r|m| |w|e|b|r|e|n|d|e|r|,102210fe594ee9b33d82058545b1ed14f4c8206e,LastVisualChange,imdb,True,imdb LastVisualChange opt fission warm webrender,,6,ms,firefox,,1804536107,2023-12-01T17:50:39,768.6,838d79d0dcef3ff65de416651b2599f57334a424,1341548
mozilla-beta,4169841,13,08a4b1c8b40e780c5e1ecb6c2516eea4d9acafb2,macosx1015-64-shippable-qr,True,False,,|f|i|s|s|i|o|n| |w|a|r|m| |w|e|b|r|e|n|d|e|r|,102210fe594ee9b33d82058545b1ed14f4c8206e,LastVisualChange,imdb,True,imdb LastVisualChange opt fission warm webrender,,6,ms,firefox,,1804675255,2023-12-01T21:01:48,754.3,a4b9591b34ba710765e9f09d3d4e58d21f188792,1341681
mozilla-beta,4169841,13,08a4b1c8b40e780c5e1ecb6c2516eea4d9acafb2,macosx1015-64-shippable-qr,True,False,,|f|i|s|s|i|o|n| |w|a|r|m| |w|e|b|r|e|n|d|e|r|,102210fe594ee9b33d82058545b1ed14f4c8206e,LastVisualChange,imdb,True,imdb LastVisualChange opt fission warm webrender,,6,ms,firefox,,1804876970,2023-12-02T09:21:37,774.8,138cd0d7d6566dfa59c44eff260c1bd4d7d3c240,1341841
mozilla-beta,4169841,13,08a4b1c8b40e780c5e1ecb6c2516eea4d9acafb2,macosx1015-64-shippable-qr,True,False,,|f|i|s|s|i|o|n| |w|a|r|m| |w|e|b|r|e|n|d|e|r|,102210fe594ee9b33d82058545b1ed14f4c8206e,LastVisualChange,imdb,True,imdb LastVisualChange opt fission warm webrender,,6,ms,firefox,,1804968748,2023-12-02T15:29:47,771.6,804fcc8f051c181e41f5eee888e30a5ca7752f0d,1341864
mozilla-beta,4169841,13,08a4b1c8b40e780c5e1ecb6c2516eea4d9acafb2,macosx1015-64-shippable-qr,True,False,,|f|i|s|s|i|o|n| |w|a|r|m| |w|e|b|r|e|n|d|e|r|,102210fe594ee9b33d82058545b1ed14f4c8206e,LastVisualChange,imdb,True,imdb LastVisualChange opt fission warm webrender,,6,ms,firefox,,1804981509,2023-12-02T15:34:35,779.3,f0c0cb9e9377b5529e313d5919557d03a6feb7a5,1341866
mozilla-beta,4169841,13,08a4b1c8b40e780c5e1ecb6c2516eea4d9acafb2,macosx1015-64-shippable-qr,True,False,,|f|i|s|s|i|o|n| |w|a|r|m| |w|e|b|r|e|n|d|e|r|,102210fe594ee9b33d82058545b1ed14f4c8206e,LastVisualChange,imdb,True,imdb LastVisualChange opt fission warm webrender,,6,ms,firefox,,1805182151,2023-12-03T09:17:20,787.7,4d5fc29c0701152d1ac86db779f2f737b8bef95c,1341957
mozilla-beta,4169841,13,08a4b1c8b40e780c5e1ecb6c2516eea4d9acafb2,macosx1015-64-shippable-qr,True,False,,|f|i|s|s|i|o|n| |w|a|r|m| |w|e|b|r|e|n|d|e|r|,102210fe594ee9b33d82058545b1ed14f4c8206e,LastVisualChange,imdb,True,imdb LastVisualChange opt fission warm webrender,,6,ms,firefox,,1805324260,2023-12-03T18:26:48,786.0,8833c90233aa15657607f5823c7f2f0a9e9acba5,1342035
mozilla-beta,4169841,13,08a4b1c8b40e780c5e1ecb6c2516eea4d9acafb2,macosx1015-64-shippable-qr,True,False,,|f|i|s|s|i|o|n| |w|a|r|m| |w|e|b|r|e|n|d|e|r|,102210fe594ee9b33d82058545b1ed14f4c8206e,LastVisualChange,imdb,True,imdb LastVisualChange opt fission warm webrender,,6,ms,firefox,,1805339317,2023-12-03T18:27:35,764.6,aea0bf951d563e36e9e968d12062d8a38a88d3d9,1342036
mozilla-beta,4169841,13,08a4b1c8b40e780c5e1ecb6c2516eea4d9acafb2,macosx1015-64-shippable-qr,True,False,,|f|i|s|s|i|o|n| |w|a|r|m| |w|e|b|r|e|n|d|e|r|,102210fe594ee9b33d82058545b1ed14f4c8206e,LastVisualChange,imdb,True,imdb LastVisualChange opt fission warm webrender,,6,ms,firefox,,1805356757,2023-12-03T18:40:01,777.3,c8d8e41a083bbad80659ee42b25afe1f9a01fa80,1342038
mozilla-beta,4169841,13,08a4b1c8b40e780c5e1ecb6c2516eea4d9acafb2,macosx1015-64-shippable-qr,True,False,,|f|i|s|s|i|o|n| |w|a|r|m| |w|e|b|r|e|n|d|e|r|,102210fe594ee9b33d82058545b1ed14f4c8206e,LastVisualChange,imdb,True,imdb LastVisualChange opt fission warm webrender,,6,ms,firefox,,1805359600,2023-12-03T18:57:23,778.1,f9258827fbd87e7abbafd5aaee4f4beb2ca122f7,1342040
mozilla-beta,4169841,13,08a4b1c8b40e780c5e1ecb6c2516eea4d9acafb2,macosx1015-64-shippable-qr,True,False,,|f|i|s|s|i|o|n| |w|a|r|m| |w|e|b|r|e|n|d|e|r|,102210fe594ee9b33d82058545b1ed14f4c8206e,LastVisualChange,imdb,True,imdb LastVisualChange opt fission warm webrender,,6,ms,firefox,,1805607105,2023-12-04T09:21:59,754.7,c8602eedb54af9596786fffadd7e6362d241c4ee,1342185
mozilla-beta,4169841,13,08a4b1c8b40e780c5e1ecb6c2516eea4d9acafb2,macosx1015-64-shippable-qr,True,False,,|f|i|s|s|i|o|n| |w|a|r|m| |w|e|b|r|e|n|d|e|r|,102210fe594ee9b33d82058545b1ed14f4c8206e,LastVisualChange,imdb,True,imdb LastVisualChange opt fission warm webrender,,6,ms,firefox,,1805946542,2023-12-04T20:17:46,774.0,843493d0e456170ac7bc6844fb9ef91b4d02e5e9,1342642
mozilla-beta,4169841,13,08a4b1c8b40e780c5e1ecb6c2516eea4d9acafb2,macosx1015-64-shippable-qr,True,False,,|f|i|s|s|i|o|n| |w|a|r|m| |w|e|b|r|e|n|d|e|r|,102210fe594ee9b33d82058545b1ed14f4c8206e,LastVisualChange,imdb,True,imdb LastVisualChange opt fission warm webrender,,6,ms,firefox,,1806030070,2023-12-04T20:26:14,779.8,0fdd8c90220fed2b73becbf0d813ffa9eb3c7f23,1342655
mozilla-beta,4169841,13,08a4b1c8b40e780c5e1ecb6c2516eea4d9acafb2,macosx1015-64-shippable-qr,True,False,,|f|i|s|s|i|o|n| |w|a|r|m| |w|e|b|r|e|n|d|e|r|,102210fe594ee9b33d82058545b1ed14f4c8206e,LastVisualChange,imdb,True,imdb LastVisualChange opt fission warm webrender,,6,ms,firefox,,1806058817,2023-12-04T20:40:00,771.6,7db3ae9df06c21bc1dc107b2d9e0b5ce5f18eb27,1342665
mozilla-beta,4169841,13,08a4b1c8b40e780c5e1ecb6c2516eea4d9acafb2,macosx1015-64-shippable-qr,True,False,,|f|i|s|s|i|o|n| |w|a|r|m| |w|e|b|r|e|n|d|e|r|,102210fe594ee9b33d82058545b1ed14f4c8206e,LastVisualChange,imdb,True,imdb LastVisualChange opt fission warm webrender,,6,ms,firefox,,1805994181,2023-12-04T20:44:16,765.4,79cedc5de788e8665170f4145cd8e2ac74552c2d,1342666
mozilla-beta,4169841,13,08a4b1c8b40e780c5e1ecb6c2516eea4d9acafb2,macosx1015-64-shippable-qr,True,False,,|f|i|s|s|i|o|n| |w|a|r|m| |w|e|b|r|e|n|d|e|r|,102210fe594ee9b33d82058545b1ed14f4c8206e,LastVisualChange,imdb,True,imdb LastVisualChange opt fission warm webrender,,6,ms,firefox,,1806078535,2023-12-04T22:24:42,766.0,32290dab6b678439d5a9346514c6c0efd6b866cb,1342759
mozilla-beta,4169841,13,08a4b1c8b40e780c5e1ecb6c2516eea4d9acafb2,macosx1015-64-shippable-qr,True,False,,|f|i|s|s|i|o|n| |w|a|r|m| |w|e|b|r|e|n|d|e|r|,102210fe594ee9b33d82058545b1ed14f4c8206e,LastVisualChange,imdb,True,imdb LastVisualChange opt fission warm webrender,,6,ms,firefox,,1806312974,2023-12-05T09:19:15,771.1,7ffa218447b7cea3e8dc9de65ef8ac8fdb9760ec,1342979
mozilla-beta,4169841,13,08a4b1c8b40e780c5e1ecb6c2516eea4d9acafb2,macosx1015-64-shippable-qr,True,False,,|f|i|s|s|i|o|n| |w|a|r|m| |w|e|b|r|e|n|d|e|r|,102210fe594ee9b33d82058545b1ed14f4c8206e,LastVisualChange,imdb,True,imdb LastVisualChange opt fission warm webrender,,6,ms,firefox,,1806565137,2023-12-05T17:04:28,757.8,8efc47a15d03b85e09c24116074a3bfa31478ee7,1343225
mozilla-beta,4169841,13,08a4b1c8b40e780c5e1ecb6c2516eea4d9acafb2,macosx1015-64-shippable-qr,True,False,,|f|i|s|s|i|o|n| |w|a|r|m| |w|e|b|r|e|n|d|e|r|,102210fe594ee9b33d82058545b1ed14f4c8206e,LastVisualChange,imdb,True,imdb LastVisualChange opt fission warm webrender,,6,ms,firefox,,1806535826,2023-12-05T17:06:05,714.3,65a56f16214376ccf707703cb731546d83e80909,1343227
mozilla-beta,4169841,13,08a4b1c8b40e780c5e1ecb6c2516eea4d9acafb2,macosx1015-64-shippable-qr,True,False,,|f|i|s|s|i|o|n| |w|a|r|m| |w|e|b|r|e|n|d|e|r|,102210fe594ee9b33d82058545b1ed14f4c8206e,LastVisualChange,imdb,True,imdb LastVisualChange opt fission warm webrender,,6,ms,firefox,,1806622021,2023-12-05T17:26:05,752.2,8202a7fccea2848a528130713fb7554afe47451c,1343245
mozilla-beta,4169841,13,08a4b1c8b40e780c5e1ecb6c2516eea4d9acafb2,macosx1015-64-shippable-qr,True,False,,|f|i|s|s|i|o|n| |w|a|r|m| |w|e|b|r|e|n|d|e|r|,102210fe594ee9b33d82058545b1ed14f4c8206e,LastVisualChange,imdb,True,imdb LastVisualChange opt fission warm webrender,,6,ms,firefox,,1806695027,2023-12-05T18:50:17,772.8,ca3cddabbfe345abca9f97a2b17965a32ff7ae0c,1343323
mozilla-beta,4169841,13,08a4b1c8b40e780c5e1ecb6c2516eea4d9acafb2,macosx1015-64-shippable-qr,True,False,,|f|i|s|s|i|o|n| |w|a|r|m| |w|e|b|r|e|n|d|e|r|,102210fe594ee9b33d82058545b1ed14f4c8206e,LastVisualChange,imdb,True,imdb LastVisualChange opt fission warm webrender,,6,ms,firefox,,1806786555,2023-12-05T21:13:36,780.6,3388eeb5680071dadb101541f663a6400ef7226c,1343425
mozilla-beta,4169841,13,08a4b1c8b40e780c5e1ecb6c2516eea4d9acafb2,macosx1015-64-shippable-qr,True,False,,|f|i|s|s|i|o|n| |w|a|r|m| |w|e|b|r|e|n|d|e|r|,102210fe594ee9b33d82058545b1ed14f4c8206e,LastVisualChange,imdb,True,imdb LastVisualChange opt fission warm webrender,,6,ms,firefox,,1806852015,2023-12-05T22:10:23,733.7,522d7c9bba9aa012d7f9a119fdb716b9aed38d13,1343461
mozilla-beta,4169841,13,08a4b1c8b40e780c5e1ecb6c2516eea4d9acafb2,macosx1015-64-shippable-qr,True,False,,|f|i|s|s|i|o|n| |w|a|r|m| |w|e|b|r|e|n|d|e|r|,102210fe594ee9b33d82058545b1ed14f4c8206e,LastVisualChange,imdb,True,imdb LastVisualChange opt fission warm webrender,,6,ms,firefox,,1807021286,2023-12-06T09:17:31,792.1,3343ddaf516b0a250a42f9247d2ffc693d2dddd3,1343658
mozilla-beta,4169841,13,08a4b1c8b40e780c5e1ecb6c2516eea4d9acafb2,macosx1015-64-shippable-qr,True,False,,|f|i|s|s|i|o|n| |w|a|r|m| |w|e|b|r|e|n|d|e|r|,102210fe594ee9b33d82058545b1ed14f4c8206e,LastVisualChange,imdb,True,imdb LastVisualChange opt fission warm webrender,,6,ms,firefox,,1807253700,2023-12-06T18:02:06,778.9,c50cc8f9601c19cdd6660c7129586943e15efd3f,1343974
mozilla-beta,4169841,13,08a4b1c8b40e780c5e1ecb6c2516eea4d9acafb2,macosx1015-64-shippable-qr,True,False,,|f|i|s|s|i|o|n| |w|a|r|m| |w|e|b|r|e|n|d|e|r|,102210fe594ee9b33d82058545b1ed14f4c8206e,LastVisualChange,imdb,True,imdb LastVisualChange opt fission warm webrender,,6,ms,firefox,,1807307713,2023-12-06T18:11:10,757.2,8071f36fd32538652a1d6970fd9c73eda69f9de9,1343984
mozilla-beta,4169841,13,08a4b1c8b40e780c5e1ecb6c2516eea4d9acafb2,macosx1015-64-shippable-qr,True,False,,|f|i|s|s|i|o|n| |w|a|r|m| |w|e|b|r|e|n|d|e|r|,102210fe594ee9b33d82058545b1ed14f4c8206e,LastVisualChange,imdb,True,imdb LastVisualChange opt fission warm webrender,,6,ms,firefox,,1807429453,2023-12-06T22:31:31,756.6,d71b34b14199c3c83d7b9ccde852c75f230fd5fa,1344171
mozilla-beta,4169841,13,08a4b1c8b40e780c5e1ecb6c2516eea4d9acafb2,macosx1015-64-shippable-qr,True,False,,|f|i|s|s|i|o|n| |w|a|r|m| |w|e|b|r|e|n|d|e|r|,102210fe594ee9b33d82058545b1ed14f4c8206e,LastVisualChange,imdb,True,imdb LastVisualChange opt fission warm webrender,,6,ms,firefox,,1807487103,2023-12-07T01:23:09,781.0,4b4492de7d4c01197e22f5398ea02198276131c4,1344248
mozilla-beta,4169841,13,08a4b1c8b40e780c5e1ecb6c2516eea4d9acafb2,macosx1015-64-shippable-qr,True,False,,|f|i|s|s|i|o|n| |w|a|r|m| |w|e|b|r|e|n|d|e|r|,102210fe594ee9b33d82058545b1ed14f4c8206e,LastVisualChange,imdb,True,imdb LastVisualChange opt fission warm webrender,,6,ms,firefox,,1807629979,2023-12-07T09:16:02,797.7,9a9c77f076c860d86d4d9a9a9a8e225a62120892,1344351
mozilla-beta,4169841,13,08a4b1c8b40e780c5e1ecb6c2516eea4d9acafb2,macosx1015-64-shippable-qr,True,False,,|f|i|s|s|i|o|n| |w|a|r|m| |w|e|b|r|e|n|d|e|r|,102210fe594ee9b33d82058545b1ed14f4c8206e,LastVisualChange,imdb,True,imdb LastVisualChange opt fission warm webrender,,6,ms,firefox,,1807900059,2023-12-07T16:19:45,792.2,493e6a075f075a9715627441c1b47aab7d11dce0,1344598
mozilla-beta,4169841,13,08a4b1c8b40e780c5e1ecb6c2516eea4d9acafb2,macosx1015-64-shippable-qr,True,False,,|f|i|s|s|i|o|n| |w|a|r|m| |w|e|b|r|e|n|d|e|r|,102210fe594ee9b33d82058545b1ed14f4c8206e,LastVisualChange,imdb,True,imdb LastVisualChange opt fission warm webrender,,6,ms,firefox,,1807937049,2023-12-07T17:47:37,748.0,fb0fcda9a042c99c06319d8fe93d73d721eda5f5,1344666
mozilla-beta,4169841,13,08a4b1c8b40e780c5e1ecb6c2516eea4d9acafb2,macosx1015-64-shippable-qr,True,False,,|f|i|s|s|i|o|n| |w|a|r|m| |w|e|b|r|e|n|d|e|r|,102210fe594ee9b33d82058545b1ed14f4c8206e,LastVisualChange,imdb,True,imdb LastVisualChange opt fission warm webrender,,6,ms,firefox,,1807952664,2023-12-07T17:53:52,773.9,51a56df86ac2d6bb944e334c6343b2345073e15e,1344668
mozilla-beta,4169841,13,08a4b1c8b40e780c5e1ecb6c2516eea4d9acafb2,macosx1015-64-shippable-qr,True,False,,|f|i|s|s|i|o|n| |w|a|r|m| |w|e|b|r|e|n|d|e|r|,102210fe594ee9b33d82058545b1ed14f4c8206e,LastVisualChange,imdb,True,imdb LastVisualChange opt fission warm webrender,,6,ms,firefox,,1807960072,2023-12-07T19:14:40,780.0,889c2b945041a3cdfba4f89a49812c637bb8cbe9,1344721
mozilla-beta,4169841,13,08a4b1c8b40e780c5e1ecb6c2516eea4d9acafb2,macosx1015-64-shippable-qr,True,False,,|f|i|s|s|i|o|n| |w|a|r|m| |w|e|b|r|e|n|d|e|r|,102210fe594ee9b33d82058545b1ed14f4c8206e,LastVisualChange,imdb,True,imdb LastVisualChange opt fission warm webrender,,6,ms,firefox,,1808193279,2023-12-08T00:59:51,756.3,c6f495f8acbd581a02831e19545cf10e64f9b203,1344893
mozilla-beta,4169841,13,08a4b1c8b40e780c5e1ecb6c2516eea4d9acafb2,macosx1015-64-shippable-qr,True,False,,|f|i|s|s|i|o|n| |w|a|r|m| |w|e|b|r|e|n|d|e|r|,102210fe594ee9b33d82058545b1ed14f4c8206e,LastVisualChange,imdb,True,imdb LastVisualChange opt fission warm webrender,,6,ms,firefox,,1808286333,2023-12-08T02:53:28,776.0,fdb26a484d45cd102b37dbfcdbb7ebac7e84e9bb,1344920
mozilla-beta,4169841,13,08a4b1c8b40e780c5e1ecb6c2516eea4d9acafb2,macosx1015-64-shippable-qr,True,False,,|f|i|s|s|i|o|n| |w|a|r|m| |w|e|b|r|e|n|d|e|r|,102210fe594ee9b33d82058545b1ed14f4c8206e,LastVisualChange,imdb,True,imdb LastVisualChange opt fission warm webrender,,6,ms,firefox,,1808335553,2023-12-08T02:54:11,760.8,f86cb690ce3d2d4b7cdda07cc40be83b3ca1cb21,1344921
mozilla-beta,4169841,13,08a4b1c8b40e780c5e1ecb6c2516eea4d9acafb2,macosx1015-64-shippable-qr,True,False,,|f|i|s|s|i|o|n| |w|a|r|m| |w|e|b|r|e|n|d|e|r|,102210fe594ee9b33d82058545b1ed14f4c8206e,LastVisualChange,imdb,True,imdb LastVisualChange opt fission warm webrender,,6,ms,firefox,,1808304496,2023-12-08T03:24:16,757.8,53dff28f7a8dacddf8920b47dc2e164827ee389f,1344933
mozilla-beta,4169841,13,08a4b1c8b40e780c5e1ecb6c2516eea4d9acafb2,macosx1015-64-shippable-qr,True,False,,|f|i|s|s|i|o|n| |w|a|r|m| |w|e|b|r|e|n|d|e|r|,102210fe594ee9b33d82058545b1ed14f4c8206e,LastVisualChange,imdb,True,imdb LastVisualChange opt fission warm webrender,,6,ms,firefox,,1808370686,2023-12-08T05:24:13,780.2,8fb6d84ab2c8e1fc73fb741955546550fed32953,1344960
mozilla-beta,4169841,13,08a4b1c8b40e780c5e1ecb6c2516eea4d9acafb2,macosx1015-64-shippable-qr,True,False,,|f|i|s|s|i|o|n| |w|a|r|m| |w|e|b|r|e|n|d|e|r|,102210fe594ee9b33d82058545b1ed14f4c8206e,LastVisualChange,imdb,True,imdb LastVisualChange opt fission warm webrender,,6,ms,firefox,,1808547515,2023-12-08T09:18:59,757.6,33d20ee6d74a51f9a1eca8570f5f2d94af9609a0,1345062
mozilla-beta,4169841,13,08a4b1c8b40e780c5e1ecb6c2516eea4d9acafb2,macosx1015-64-shippable-qr,True,False,,|f|i|s|s|i|o|n| |w|a|r|m| |w|e|b|r|e|n|d|e|r|,102210fe594ee9b33d82058545b1ed14f4c8206e,LastVisualChange,imdb,True,imdb LastVisualChange opt fission warm webrender,,6,ms,firefox,,1808889030,2023-12-08T21:11:28,754.9,44539b631fb141b44e44e05dfabd57eb0e0409e7,1345379
mozilla-beta,4169841,13,08a4b1c8b40e780c5e1ecb6c2516eea4d9acafb2,macosx1015-64-shippable-qr,True,False,,|f|i|s|s|i|o|n| |w|a|r|m| |w|e|b|r|e|n|d|e|r|,102210fe594ee9b33d82058545b1ed14f4c8206e,LastVisualChange,imdb,True,imdb LastVisualChange opt fission warm webrender,,6,ms,firefox,,1809144086,2023-12-09T09:16:34,761.1,0d0badd455a091e8a612c6d928c5bd21d9f1eb37,1345556
mozilla-beta,4169841,13,08a4b1c8b40e780c5e1ecb6c2516eea4d9acafb2,macosx1015-64-shippable-qr,True,False,,|f|i|s|s|i|o|n| |w|a|r|m| |w|e|b|r|e|n|d|e|r|,102210fe594ee9b33d82058545b1ed14f4c8206e,LastVisualChange,imdb,True,imdb LastVisualChange opt fission warm webrender,,6,ms,firefox,,1809317530,2023-12-09T20:09:11,792.0,6a9e312a931647090c6a0b9ec475aff210820f37,1345633
mozilla-beta,4169841,13,08a4b1c8b40e780c5e1ecb6c2516eea4d9acafb2,macosx1015-64-shippable-qr,True,False,,|f|i|s|s|i|o|n| |w|a|r|m| |w|e|b|r|e|n|d|e|r|,102210fe594ee9b33d82058545b1ed14f4c8206e,LastVisualChange,imdb,True,imdb LastVisualChange opt fission warm webrender,,6,ms,firefox,,1809401582,2023-12-10T09:18:35,757.0,3ddf53b5057afd7be06db2f104f6fafe714a95be,1345666
mozilla-beta,4169841,13,08a4b1c8b40e780c5e1ecb6c2516eea4d9acafb2,macosx1015-64-shippable-qr,True,False,,|f|i|s|s|i|o|n| |w|a|r|m| |w|e|b|r|e|n|d|e|r|,102210fe594ee9b33d82058545b1ed14f4c8206e,LastVisualChange,imdb,True,imdb LastVisualChange opt fission warm webrender,,6,ms,firefox,,1809587112,2023-12-11T09:17:58,771.1,bd5ca949886cdde37c181fccd3ec8070be726249,1345869
mozilla-beta,4169841,13,08a4b1c8b40e780c5e1ecb6c2516eea4d9acafb2,macosx1015-64-shippable-qr,True,False,,|f|i|s|s|i|o|n| |w|a|r|m| |w|e|b|r|e|n|d|e|r|,102210fe594ee9b33d82058545b1ed14f4c8206e,LastVisualChange,imdb,True,imdb LastVisualChange opt fission warm webrender,,6,ms,firefox,,1809738721,2023-12-11T13:31:00,762.4,ab6d9d1dae754aeedf99fe61fe143ffc088b5801,1346038
mozilla-beta,4169841,13,08a4b1c8b40e780c5e1ecb6c2516eea4d9acafb2,macosx1015-64-shippable-qr,True,False,,|f|i|s|s|i|o|n| |w|a|r|m| |w|e|b|r|e|n|d|e|r|,102210fe594ee9b33d82058545b1ed14f4c8206e,LastVisualChange,imdb,True,imdb LastVisualChange opt fission warm webrender,,6,ms,firefox,,1813914961,2023-12-18T15:32:01,785.2,1f258ddd281c5658ba33f08cd8d4d738a82ba133,1350241
mozilla-beta,4169841,13,08a4b1c8b40e780c5e1ecb6c2516eea4d9acafb2,macosx1015-64-shippable-qr,True,False,,|f|i|s|s|i|o|n| |w|a|r|m| |w|e|b|r|e|n|d|e|r|,102210fe594ee9b33d82058545b1ed14f4c8206e,LastVisualChange,imdb,True,imdb LastVisualChange opt fission warm webrender,,6,ms,firefox,,1814247879,2023-12-19T09:15:36,827.8,0152bfc35103b64cec60d0bd86912c290c913997,1350796
mozilla-beta,4169841,13,08a4b1c8b40e780c5e1ecb6c2516eea4d9acafb2,macosx1015-64-shippable-qr,True,False,,|f|i|s|s|i|o|n| |w|a|r|m| |w|e|b|r|e|n|d|e|r|,102210fe594ee9b33d82058545b1ed14f4c8206e,LastVisualChange,imdb,True,imdb LastVisualChange opt fission warm webrender,,6,ms,firefox,,1814435718,2023-12-19T14:05:23,785.6,f3221cd6b4cb549c114cd0f89b5b931761fd2d2f,1350931
mozilla-beta,4169841,13,08a4b1c8b40e780c5e1ecb6c2516eea4d9acafb2,macosx1015-64-shippable-qr,True,False,,|f|i|s|s|i|o|n| |w|a|r|m| |w|e|b|r|e|n|d|e|r|,102210fe594ee9b33d82058545b1ed14f4c8206e,LastVisualChange,imdb,True,imdb LastVisualChange opt fission warm webrender,,6,ms,firefox,,1814575330,2023-12-19T17:44:05,827.1,48d2052b377a35b0f40e52b8efad5e0ea10e0ebe,1351107
mozilla-beta,4169841,13,08a4b1c8b40e780c5e1ecb6c2516eea4d9acafb2,macosx1015-64-shippable-qr,True,False,,|f|i|s|s|i|o|n| |w|a|r|m| |w|e|b|r|e|n|d|e|r|,102210fe594ee9b33d82058545b1ed14f4c8206e,LastVisualChange,imdb,True,imdb LastVisualChange opt fission warm webrender,,6,ms,firefox,,1814658402,2023-12-19T20:10:25,798.0,2804a1edd2e2b165a9d83b4c7956d9257fcd9173,1351235
mozilla-beta,4169841,13,08a4b1c8b40e780c5e1ecb6c2516eea4d9acafb2,macosx1015-64-shippable-qr,True,False,,|f|i|s|s|i|o|n| |w|a|r|m| |w|e|b|r|e|n|d|e|r|,102210fe594ee9b33d82058545b1ed14f4c8206e,LastVisualChange,imdb,True,imdb LastVisualChange opt fission warm webrender,,6,ms,firefox,,1814717358,2023-12-19T22:08:30,835.7,b7ece1e33b35ebd16a925d6ecc739c3ad77dd1f4,1351304
mozilla-beta,4169841,13,08a4b1c8b40e780c5e1ecb6c2516eea4d9acafb2,macosx1015-64-shippable-qr,True,False,,|f|i|s|s|i|o|n| |w|a|r|m| |w|e|b|r|e|n|d|e|r|,102210fe594ee9b33d82058545b1ed14f4c8206e,LastVisualChange,imdb,True,imdb LastVisualChange opt fission warm webrender,,6,ms,firefox,,1814753421,2023-12-19T23:29:52,822.1,38d6648efdab35f24c45e4cace5abbbced639cac,1351361
mozilla-beta,4169841,13,08a4b1c8b40e780c5e1ecb6c2516eea4d9acafb2,macosx1015-64-shippable-qr,True,False,,|f|i|s|s|i|o|n| |w|a|r|m| |w|e|b|r|e|n|d|e|r|,102210fe594ee9b33d82058545b1ed14f4c8206e,LastVisualChange,imdb,True,imdb LastVisualChange opt fission warm webrender,,6,ms,firefox,,1814812203,2023-12-20T00:43:23,794.3,801d50e1262aeaa95f7cefd05aa6f1b1f38a2839,1351404
mozilla-beta,4169841,13,08a4b1c8b40e780c5e1ecb6c2516eea4d9acafb2,macosx1015-64-shippable-qr,True,False,,|f|i|s|s|i|o|n| |w|a|r|m| |w|e|b|r|e|n|d|e|r|,102210fe594ee9b33d82058545b1ed14f4c8206e,LastVisualChange,imdb,True,imdb LastVisualChange opt fission warm webrender,,6,ms,firefox,,1815061152,2023-12-20T09:15:47,793.1,b59f4253f067b27b8146f50070dab45b1ae1143d,1351516
mozilla-beta,4169841,13,08a4b1c8b40e780c5e1ecb6c2516eea4d9acafb2,macosx1015-64-shippable-qr,True,False,,|f|i|s|s|i|o|n| |w|a|r|m| |w|e|b|r|e|n|d|e|r|,102210fe594ee9b33d82058545b1ed14f4c8206e,LastVisualChange,imdb,True,imdb LastVisualChange opt fission warm webrender,,6,ms,firefox,,1815355613,2023-12-20T18:29:59,792.2,d232be861a328e78800a0cf688cb1e0fc4b6d7b1,1351847
mozilla-beta,4169841,13,08a4b1c8b40e780c5e1ecb6c2516eea4d9acafb2,macosx1015-64-shippable-qr,True,False,,|f|i|s|s|i|o|n| |w|a|r|m| |w|e|b|r|e|n|d|e|r|,102210fe594ee9b33d82058545b1ed14f4c8206e,LastVisualChange,imdb,True,imdb LastVisualChange opt fission warm webrender,,6,ms,firefox,,1815700326,2023-12-21T09:13:55,821.8,e22171c631916516af9850a4517e112b47e1ee4d,1352196
mozilla-beta,4169841,13,08a4b1c8b40e780c5e1ecb6c2516eea4d9acafb2,macosx1015-64-shippable-qr,True,False,,|f|i|s|s|i|o|n| |w|a|r|m| |w|e|b|r|e|n|d|e|r|,102210fe594ee9b33d82058545b1ed14f4c8206e,LastVisualChange,imdb,True,imdb LastVisualChange opt fission warm webrender,,6,ms,firefox,,1815866967,2023-12-21T14:05:30,877.3,166a76402d36808fc0d3213ae9b04c79a022ecb2,1352334
mozilla-beta,4169841,13,08a4b1c8b40e780c5e1ecb6c2516eea4d9acafb2,macosx1015-64-shippable-qr,True,False,,|f|i|s|s|i|o|n| |w|a|r|m| |w|e|b|r|e|n|d|e|r|,102210fe594ee9b33d82058545b1ed14f4c8206e,LastVisualChange,imdb,True,imdb LastVisualChange opt fission warm webrender,,6,ms,firefox,,1815932229,2023-12-21T15:57:13,813.1,92e67500ede8a4679cee7310bd6f47e6a8864f7f,1352385
mozilla-beta,4169841,13,08a4b1c8b40e780c5e1ecb6c2516eea4d9acafb2,macosx1015-64-shippable-qr,True,False,,|f|i|s|s|i|o|n| |w|a|r|m| |w|e|b|r|e|n|d|e|r|,102210fe594ee9b33d82058545b1ed14f4c8206e,LastVisualChange,imdb,True,imdb LastVisualChange opt fission warm webrender,,6,ms,firefox,,1816180449,2023-12-22T02:23:11,814.0,ffa502100fe68672283e4e1fd4b78e07d4a004c4,1352722
mozilla-beta,4169841,13,08a4b1c8b40e780c5e1ecb6c2516eea4d9acafb2,macosx1015-64-shippable-qr,True,False,,|f|i|s|s|i|o|n| |w|a|r|m| |w|e|b|r|e|n|d|e|r|,102210fe594ee9b33d82058545b1ed14f4c8206e,LastVisualChange,imdb,True,imdb LastVisualChange opt fission warm webrender,,6,ms,firefox,,1816260744,2023-12-22T09:19:04,806.2,1c60f9444193c2214d05b990ca8de5f21602c02d,1352815
mozilla-beta,4169841,13,08a4b1c8b40e780c5e1ecb6c2516eea4d9acafb2,macosx1015-64-shippable-qr,True,False,,|f|i|s|s|i|o|n| |w|a|r|m| |w|e|b|r|e|n|d|e|r|,102210fe594ee9b33d82058545b1ed14f4c8206e,LastVisualChange,imdb,True,imdb LastVisualChange opt fission warm webrender,,6,ms,firefox,,1816695983,2023-12-23T09:18:03,781.3,ebe8cd77bd6265537942ecc0fd5929b39a183349,1353219
mozilla-beta,4169841,13,08a4b1c8b40e780c5e1ecb6c2516eea4d9acafb2,macosx1015-64-shippable-qr,True,False,,|f|i|s|s|i|o|n| |w|a|r|m| |w|e|b|r|e|n|d|e|r|,102210fe594ee9b33d82058545b1ed14f4c8206e,LastVisualChange,imdb,True,imdb LastVisualChange opt fission warm webrender,,6,ms,firefox,,1816743730,2023-12-23T13:08:04,763.5,bf3d8bf27ed2607d79aeb394073c1f5f724d486f,1353232
mozilla-beta,4169841,13,08a4b1c8b40e780c5e1ecb6c2516eea4d9acafb2,macosx1015-64-shippable-qr,True,False,,|f|i|s|s|i|o|n| |w|a|r|m| |w|e|b|r|e|n|d|e|r|,102210fe594ee9b33d82058545b1ed14f4c8206e,LastVisualChange,imdb,True,imdb LastVisualChange opt fission warm webrender,,6,ms,firefox,,1816879443,2023-12-24T09:20:14,763.8,3950331ebe49694e7238b420c47f6a01427be159,1353292
mozilla-beta,4169841,13,08a4b1c8b40e780c5e1ecb6c2516eea4d9acafb2,macosx1015-64-shippable-qr,True,False,,|f|i|s|s|i|o|n| |w|a|r|m| |w|e|b|r|e|n|d|e|r|,102210fe594ee9b33d82058545b1ed14f4c8206e,LastVisualChange,imdb,True,imdb LastVisualChange opt fission warm webrender,,6,ms,firefox,,1816943881,2023-12-24T14:21:21,802.5,32cf5092b68da66884e036eed5ee6916662a069d,1353309
mozilla-beta,4169841,13,08a4b1c8b40e780c5e1ecb6c2516eea4d9acafb2,macosx1015-64-shippable-qr,True,False,,|f|i|s|s|i|o|n| |w|a|r|m| |w|e|b|r|e|n|d|e|r|,102210fe594ee9b33d82058545b1ed14f4c8206e,LastVisualChange,imdb,True,imdb LastVisualChange opt fission warm webrender,,6,ms,firefox,,1816970953,2023-12-24T18:08:55,806.2,b746eaca3b44cb1c2649d868cc61b8d32dbcea85,1353316
mozilla-beta,4169841,13,08a4b1c8b40e780c5e1ecb6c2516eea4d9acafb2,macosx1015-64-shippable-qr,True,False,,|f|i|s|s|i|o|n| |w|a|r|m| |w|e|b|r|e|n|d|e|r|,102210fe594ee9b33d82058545b1ed14f4c8206e,LastVisualChange,imdb,True,imdb LastVisualChange opt fission warm webrender,,6,ms,firefox,,1817135057,2023-12-25T09:20:40,826.5,c2d411c2cd6807243bf48a2e91da535433fe96d9,1353352
mozilla-beta,4169841,13,08a4b1c8b40e780c5e1ecb6c2516eea4d9acafb2,macosx1015-64-shippable-qr,True,False,,|f|i|s|s|i|o|n| |w|a|r|m| |w|e|b|r|e|n|d|e|r|,102210fe594ee9b33d82058545b1ed14f4c8206e,LastVisualChange,imdb,True,imdb LastVisualChange opt fission warm webrender,,6,ms,firefox,441403834,1817395651,2023-12-26T09:17:04,844.2,774defdd83b1cc70bc4bfd2d8e8ac399356ba060,1353474
mozilla-beta,4169841,13,08a4b1c8b40e780c5e1ecb6c2516eea4d9acafb2,macosx1015-64-shippable-qr,True,False,,|f|i|s|s|i|o|n| |w|a|r|m| |w|e|b|r|e|n|d|e|r|,102210fe594ee9b33d82058545b1ed14f4c8206e,LastVisualChange,imdb,True,imdb LastVisualChange opt fission warm webrender,,6,ms,firefox,441467588,1817638425,2023-12-27T09:15:52,824.7,6a0b69643235fb22627489e7db8f064a3d6eb07a,1353610
mozilla-beta,4169841,13,08a4b1c8b40e780c5e1ecb6c2516eea4d9acafb2,macosx1015-64-shippable-qr,True,False,,|f|i|s|s|i|o|n| |w|a|r|m| |w|e|b|r|e|n|d|e|r|,102210fe594ee9b33d82058545b1ed14f4c8206e,LastVisualChange,imdb,True,imdb LastVisualChange opt fission warm webrender,,6,ms,firefox,441494698,1817745224,2023-12-27T15:04:24,832.4,27ca88feead4203bdc5c0f36f4f34268d3605b28,1353655
mozilla-beta,4169841,13,08a4b1c8b40e780c5e1ecb6c2516eea4d9acafb2,macosx1015-64-shippable-qr,True,False,,|f|i|s|s|i|o|n| |w|a|r|m| |w|e|b|r|e|n|d|e|r|,102210fe594ee9b33d82058545b1ed14f4c8206e,LastVisualChange,imdb,True,imdb LastVisualChange opt fission warm webrender,,6,ms,firefox,441543168,1817969022,2023-12-28T09:18:43,836.2,6e491630343186350032a55e62c782032d28449e,1353829
mozilla-beta,4169841,13,08a4b1c8b40e780c5e1ecb6c2516eea4d9acafb2,macosx1015-64-shippable-qr,True,False,,|f|i|s|s|i|o|n| |w|a|r|m| |w|e|b|r|e|n|d|e|r|,102210fe594ee9b33d82058545b1ed14f4c8206e,LastVisualChange,imdb,True,imdb LastVisualChange opt fission warm webrender,,6,ms,firefox,441554574,1818035075,2023-12-28T13:58:06,791.0,abd0b579c448559e2125c126d9b455b2b4766535,1353836
mozilla-beta,4169841,13,08a4b1c8b40e780c5e1ecb6c2516eea4d9acafb2,macosx1015-64-shippable-qr,True,False,,|f|i|s|s|i|o|n| |w|a|r|m| |w|e|b|r|e|n|d|e|r|,102210fe594ee9b33d82058545b1ed14f4c8206e,LastVisualChange,imdb,True,imdb LastVisualChange opt fission warm webrender,,6,ms,firefox,441572240,1818171643,2023-12-28T16:36:48,808.8,771a2196d9a139556d6528d78e62711fb8f9127c,1353845
mozilla-beta,4169841,13,08a4b1c8b40e780c5e1ecb6c2516eea4d9acafb2,macosx1015-64-shippable-qr,True,False,,|f|i|s|s|i|o|n| |w|a|r|m| |w|e|b|r|e|n|d|e|r|,102210fe594ee9b33d82058545b1ed14f4c8206e,LastVisualChange,imdb,True,imdb LastVisualChange opt fission warm webrender,,6,ms,firefox,441631703,1818427808,2023-12-29T09:15:51,810.1,3ac9c7492298abed5fbb594e32f30336517bf0f7,1354119
mozilla-beta,4169841,13,08a4b1c8b40e780c5e1ecb6c2516eea4d9acafb2,macosx1015-64-shippable-qr,True,False,,|f|i|s|s|i|o|n| |w|a|r|m| |w|e|b|r|e|n|d|e|r|,102210fe594ee9b33d82058545b1ed14f4c8206e,LastVisualChange,imdb,True,imdb LastVisualChange opt fission warm webrender,,6,ms,firefox,441674589,1818546908,2023-12-29T16:44:10,808.0,4031612cf0c85769716c58ec8fe3ac662dcd7e09,1354191
mozilla-beta,4169841,13,08a4b1c8b40e780c5e1ecb6c2516eea4d9acafb2,macosx1015-64-shippable-qr,True,False,,|f|i|s|s|i|o|n| |w|a|r|m| |w|e|b|r|e|n|d|e|r|,102210fe594ee9b33d82058545b1ed14f4c8206e,LastVisualChange,imdb,True,imdb LastVisualChange opt fission warm webrender,,6,ms,firefox,441732637,1818783782,2023-12-30T09:19:21,812.4,cdce8efb5ae9f353e88bc7867b70cae181f78353,1354361
mozilla-beta,4169841,13,08a4b1c8b40e780c5e1ecb6c2516eea4d9acafb2,macosx1015-64-shippable-qr,True,False,,|f|i|s|s|i|o|n| |w|a|r|m| |w|e|b|r|e|n|d|e|r|,102210fe594ee9b33d82058545b1ed14f4c8206e,LastVisualChange,imdb,True,imdb LastVisualChange opt fission warm webrender,,6,ms,firefox,441761672,1818918827,2023-12-30T16:43:07,826.4,1d19517b592a0b31570d9442a4a8a5d8cc667f66,1354390
mozilla-beta,4169841,13,08a4b1c8b40e780c5e1ecb6c2516eea4d9acafb2,macosx1015-64-shippable-qr,True,False,,|f|i|s|s|i|o|n| |w|a|r|m| |w|e|b|r|e|n|d|e|r|,102210fe594ee9b33d82058545b1ed14f4c8206e,LastVisualChange,imdb,True,imdb LastVisualChange opt fission warm webrender,,6,ms,firefox,441796326,1819072713,2023-12-31T09:19:49,825.1,70a4581491ae3cc33cfb0408af55077a2f3aaaf9,1354445
mozilla-beta,4169841,13,08a4b1c8b40e780c5e1ecb6c2516eea4d9acafb2,macosx1015-64-shippable-qr,True,False,,|f|i|s|s|i|o|n| |w|a|r|m| |w|e|b|r|e|n|d|e|r|,102210fe594ee9b33d82058545b1ed14f4c8206e,LastVisualChange,imdb,True,imdb LastVisualChange opt fission warm webrender,,6,ms,firefox,441811190,1819138368,2023-12-31T16:07:45,812.3,3b8c3b52e3cc57b9e1c6d2346428768905531486,1354468
mozilla-beta,4169841,13,08a4b1c8b40e780c5e1ecb6c2516eea4d9acafb2,macosx1015-64-shippable-qr,True,False,,|f|i|s|s|i|o|n| |w|a|r|m| |w|e|b|r|e|n|d|e|r|,102210fe594ee9b33d82058545b1ed14f4c8206e,LastVisualChange,imdb,True,imdb LastVisualChange opt fission warm webrender,,6,ms,firefox,441853753,1819320287,2024-01-01T09:16:50,833.0,d574fe402f781ac71cbaa148e64720d7afce55ad,1354535
mozilla-beta,4169841,13,08a4b1c8b40e780c5e1ecb6c2516eea4d9acafb2,macosx1015-64-shippable-qr,True,False,,|f|i|s|s|i|o|n| |w|a|r|m| |w|e|b|r|e|n|d|e|r|,102210fe594ee9b33d82058545b1ed14f4c8206e,LastVisualChange,imdb,True,imdb LastVisualChange opt fission warm webrender,,6,ms,firefox,441885598,1819483287,2024-01-02T09:17:57,805.0,c734b9367c9411770b4b8a55868a17b22d493b31,1354631
mozilla-beta,4169841,13,08a4b1c8b40e780c5e1ecb6c2516eea4d9acafb2,macosx1015-64-shippable-qr,True,False,,|f|i|s|s|i|o|n| |w|a|r|m| |w|e|b|r|e|n|d|e|r|,102210fe594ee9b33d82058545b1ed14f4c8206e,LastVisualChange,imdb,True,imdb LastVisualChange opt fission warm webrender,,6,ms,firefox,441926846,1819618238,2024-01-02T14:35:27,787.6,a513ab11b0aaecdeff1b63357ba724e0c5f25486,1354755
mozilla-beta,4169841,13,08a4b1c8b40e780c5e1ecb6c2516eea4d9acafb2,macosx1015-64-shippable-qr,True,False,,|f|i|s|s|i|o|n| |w|a|r|m| |w|e|b|r|e|n|d|e|r|,102210fe594ee9b33d82058545b1ed14f4c8206e,LastVisualChange,imdb,True,imdb LastVisualChange opt fission warm webrender,,6,ms,firefox,441943485,1819703108,2024-01-02T17:25:43,835.0,f39f01284ccdd75760c8b9f303074ec62e1e4b76,1354852
mozilla-beta,4169841,13,08a4b1c8b40e780c5e1ecb6c2516eea4d9acafb2,macosx1015-64-shippable-qr,True,False,,|f|i|s|s|i|o|n| |w|a|r|m| |w|e|b|r|e|n|d|e|r|,102210fe594ee9b33d82058545b1ed14f4c8206e,LastVisualChange,imdb,True,imdb LastVisualChange opt fission warm webrender,,6,ms,firefox,441946505,1819727213,2024-01-02T18:54:52,799.7,cabd1794168d6cacdf7c9608c179db5754c4577a,1354898
mozilla-beta,4169841,13,08a4b1c8b40e780c5e1ecb6c2516eea4d9acafb2,macosx1015-64-shippable-qr,True,False,,|f|i|s|s|i|o|n| |w|a|r|m| |w|e|b|r|e|n|d|e|r|,102210fe594ee9b33d82058545b1ed14f4c8206e,LastVisualChange,imdb,True,imdb LastVisualChange opt fission warm webrender,,6,ms,firefox,442000464,1819941536,2024-01-03T09:14:24,754.8,61e3c5bd45677be9e6d96ecf27802bfdca8d27c9,1355076
mozilla-beta,4169841,13,08a4b1c8b40e780c5e1ecb6c2516eea4d9acafb2,macosx1015-64-shippable-qr,True,False,,|f|i|s|s|i|o|n| |w|a|r|m| |w|e|b|r|e|n|d|e|r|,102210fe594ee9b33d82058545b1ed14f4c8206e,LastVisualChange,imdb,True,imdb LastVisualChange opt fission warm webrender,,6,ms,firefox,442129844,1820460710,2024-01-04T09:15:57,820.3,ce04c347f4fd2a7d1eecd4f07bf6021a57c81bf5,1355534
mozilla-beta,4169841,13,08a4b1c8b40e780c5e1ecb6c2516eea4d9acafb2,macosx1015-64-shippable-qr,True,False,,|f|i|s|s|i|o|n| |w|a|r|m| |w|e|b|r|e|n|d|e|r|,102210fe594ee9b33d82058545b1ed14f4c8206e,LastVisualChange,imdb,True,imdb LastVisualChange opt fission warm webrender,,6,ms,firefox,442176243,1820612438,2024-01-04T14:58:07,802.0,906e2d5a9cd68ea63b45a4fa631ac9c9b8e36d2d,1355672
mozilla-beta,4169841,13,08a4b1c8b40e780c5e1ecb6c2516eea4d9acafb2,macosx1015-64-shippable-qr,True,False,,|f|i|s|s|i|o|n| |w|a|r|m| |w|e|b|r|e|n|d|e|r|,102210fe594ee9b33d82058545b1ed14f4c8206e,LastVisualChange,imdb,True,imdb LastVisualChange opt fission warm webrender,,6,ms,firefox,442183581,1820659948,2024-01-04T16:53:04,778.9,32b176eac997edeb8ab017935a010c47614cfc76,1355759
mozilla-beta,4169841,13,08a4b1c8b40e780c5e1ecb6c2516eea4d9acafb2,macosx1015-64-shippable-qr,True,False,,|f|i|s|s|i|o|n| |w|a|r|m| |w|e|b|r|e|n|d|e|r|,102210fe594ee9b33d82058545b1ed14f4c8206e,LastVisualChange,imdb,True,imdb LastVisualChange opt fission warm webrender,,6,ms,firefox,442205362,1820766749,2024-01-04T20:03:49,839.3,3f5e8c91e6991a90fd63431eef19bf49d39d4f47,1355880
mozilla-beta,4169841,13,08a4b1c8b40e780c5e1ecb6c2516eea4d9acafb2,macosx1015-64-shippable-qr,True,False,,|f|i|s|s|i|o|n| |w|a|r|m| |w|e|b|r|e|n|d|e|r|,102210fe594ee9b33d82058545b1ed14f4c8206e,LastVisualChange,imdb,True,imdb LastVisualChange opt fission warm webrender,,6,ms,firefox,442241975,1820954613,2024-01-05T01:09:39,813.7,50a511fceab95e6b9ab40bea401c53de8de48345,1356047
mozilla-beta,4169841,13,08a4b1c8b40e780c5e1ecb6c2516eea4d9acafb2,macosx1015-64-shippable-qr,True,False,,|f|i|s|s|i|o|n| |w|a|r|m| |w|e|b|r|e|n|d|e|r|,102210fe594ee9b33d82058545b1ed14f4c8206e,LastVisualChange,imdb,True,imdb LastVisualChange opt fission warm webrender,,6,ms,firefox,442278385,1821144132,2024-01-05T09:16:09,797.1,4dd67d833673e72bfe942beefb346a5533803217,1356158
mozilla-beta,4169841,13,08a4b1c8b40e780c5e1ecb6c2516eea4d9acafb2,macosx1015-64-shippable-qr,True,False,,|f|i|s|s|i|o|n| |w|a|r|m| |w|e|b|r|e|n|d|e|r|,102210fe594ee9b33d82058545b1ed14f4c8206e,LastVisualChange,imdb,True,imdb LastVisualChange opt fission warm webrender,,6,ms,firefox,442344900,1821364397,2024-01-05T18:22:11,752.7,ac8ebcaf2a5b7ea753e5da4e1a2f97176783acde,1356402
mozilla-beta,4169841,13,08a4b1c8b40e780c5e1ecb6c2516eea4d9acafb2,macosx1015-64-shippable-qr,True,False,,|f|i|s|s|i|o|n| |w|a|r|m| |w|e|b|r|e|n|d|e|r|,102210fe594ee9b33d82058545b1ed14f4c8206e,LastVisualChange,imdb,True,imdb LastVisualChange opt fission warm webrender,,6,ms,firefox,442378130,1821479533,2024-01-05T20:49:22,829.4,58135a2e05a61896dedbfdb92828f8447dd08839,1356458
mozilla-beta,4169841,13,08a4b1c8b40e780c5e1ecb6c2516eea4d9acafb2,macosx1015-64-shippable-qr,True,False,,|f|i|s|s|i|o|n| |w|a|r|m| |w|e|b|r|e|n|d|e|r|,102210fe594ee9b33d82058545b1ed14f4c8206e,LastVisualChange,imdb,True,imdb LastVisualChange opt fission warm webrender,,6,ms,firefox,442383610,1821527359,2024-01-06T01:09:09,795.5,485470488b1abea00facf0175c325c8d063e4977,1356562
mozilla-beta,4169841,13,08a4b1c8b40e780c5e1ecb6c2516eea4d9acafb2,macosx1015-64-shippable-qr,True,False,,|f|i|s|s|i|o|n| |w|a|r|m| |w|e|b|r|e|n|d|e|r|,102210fe594ee9b33d82058545b1ed14f4c8206e,LastVisualChange,imdb,True,imdb LastVisualChange opt fission warm webrender,,6,ms,firefox,442399930,1821643156,2024-01-06T09:15:28,788.6,9c528f6a2d3f298f85c0fbfb5dbf90c07c731bde,1356605
mozilla-beta,4169841,13,08a4b1c8b40e780c5e1ecb6c2516eea4d9acafb2,macosx1015-64-shippable-qr,True,False,,|f|i|s|s|i|o|n| |w|a|r|m| |w|e|b|r|e|n|d|e|r|,102210fe594ee9b33d82058545b1ed14f4c8206e,LastVisualChange,imdb,True,imdb LastVisualChange opt fission warm webrender,,6,ms,firefox,442420674,1821716232,2024-01-06T15:19:54,781.9,2e9b153efbb6f856c8ed87b95cf1ac9dd20a45b7,1356645
mozilla-beta,4169841,13,08a4b1c8b40e780c5e1ecb6c2516eea4d9acafb2,macosx1015-64-shippable-qr,True,False,,|f|i|s|s|i|o|n| |w|a|r|m| |w|e|b|r|e|n|d|e|r|,102210fe594ee9b33d82058545b1ed14f4c8206e,LastVisualChange,imdb,True,imdb LastVisualChange opt fission warm webrender,,6,ms,firefox,442461001,1821871938,2024-01-07T09:17:56,739.6,5e75cc52b6ad48285de6f9fed2b0fb5794abfbd2,1356692
mozilla-beta,4169841,13,08a4b1c8b40e780c5e1ecb6c2516eea4d9acafb2,macosx1015-64-shippable-qr,True,False,,|f|i|s|s|i|o|n| |w|a|r|m| |w|e|b|r|e|n|d|e|r|,102210fe594ee9b33d82058545b1ed14f4c8206e,LastVisualChange,imdb,True,imdb LastVisualChange opt fission warm webrender,,6,ms,firefox,442474119,1821950275,2024-01-07T18:28:43,782.9,885ea847d3331c863d19212766658950b11e5407,1356730
mozilla-beta,4169841,13,08a4b1c8b40e780c5e1ecb6c2516eea4d9acafb2,macosx1015-64-shippable-qr,True,False,,|f|i|s|s|i|o|n| |w|a|r|m| |w|e|b|r|e|n|d|e|r|,102210fe594ee9b33d82058545b1ed14f4c8206e,LastVisualChange,imdb,True,imdb LastVisualChange opt fission warm webrender,,6,ms,firefox,442504317,1822134754,2024-01-08T09:17:55,797.6,ed03304f78a28b0a0ecf2c2c791a58bb2c37e2e1,1356809
mozilla-beta,4169841,13,08a4b1c8b40e780c5e1ecb6c2516eea4d9acafb2,macosx1015-64-shippable-qr,True,False,,|f|i|s|s|i|o|n| |w|a|r|m| |w|e|b|r|e|n|d|e|r|,102210fe594ee9b33d82058545b1ed14f4c8206e,LastVisualChange,imdb,True,imdb LastVisualChange opt fission warm webrender,,6,ms,firefox,442626409,1822582970,2024-01-08T22:54:52,829.0,cb26dd9df7797b99f7ec437a612c4ff4cd0ce0cb,1357275
mozilla-beta,4169841,13,08a4b1c8b40e780c5e1ecb6c2516eea4d9acafb2,macosx1015-64-shippable-qr,True,False,,|f|i|s|s|i|o|n| |w|a|r|m| |w|e|b|r|e|n|d|e|r|,102210fe594ee9b33d82058545b1ed14f4c8206e,LastVisualChange,imdb,True,imdb LastVisualChange opt fission warm webrender,,6,ms,firefox,442628047,1822608183,2024-01-08T23:52:49,810.1,c0d623436ac17c8638fcbb38b63ceb7fd275a48e,1357287
mozilla-beta,4169841,13,08a4b1c8b40e780c5e1ecb6c2516eea4d9acafb2,macosx1015-64-shippable-qr,True,False,,|f|i|s|s|i|o|n| |w|a|r|m| |w|e|b|r|e|n|d|e|r|,102210fe594ee9b33d82058545b1ed14f4c8206e,LastVisualChange,imdb,True,imdb LastVisualChange opt fission warm webrender,,6,ms,firefox,442667894,1822866938,2024-01-09T09:17:15,839.0,c9cd85e698c4e4cb8bbefc33ea5a425cbad37065,1357420
mozilla-beta,4169841,13,08a4b1c8b40e780c5e1ecb6c2516eea4d9acafb2,macosx1015-64-shippable-qr,True,False,,|f|i|s|s|i|o|n| |w|a|r|m| |w|e|b|r|e|n|d|e|r|,102210fe594ee9b33d82058545b1ed14f4c8206e,LastVisualChange,imdb,True,imdb LastVisualChange opt fission warm webrender,,6,ms,firefox,442696241,1822996179,2024-01-09T13:49:14,814.8,a767de77c36f2217078b0bfe677f2fd5156d2981,1357515
mozilla-beta,4169841,13,08a4b1c8b40e780c5e1ecb6c2516eea4d9acafb2,macosx1015-64-shippable-qr,True,False,,|f|i|s|s|i|o|n| |w|a|r|m| |w|e|b|r|e|n|d|e|r|,102210fe594ee9b33d82058545b1ed14f4c8206e,LastVisualChange,imdb,True,imdb LastVisualChange opt fission warm webrender,,6,ms,firefox,442719284,1823055466,2024-01-09T15:29:01,802.4,ae62b3513025e2c8ca8e1d2832fa67c1ff5f1d37,1357572
mozilla-beta,4169841,13,08a4b1c8b40e780c5e1ecb6c2516eea4d9acafb2,macosx1015-64-shippable-qr,True,False,,|f|i|s|s|i|o|n| |w|a|r|m| |w|e|b|r|e|n|d|e|r|,102210fe594ee9b33d82058545b1ed14f4c8206e,LastVisualChange,imdb,True,imdb LastVisualChange opt fission warm webrender,,6,ms,firefox,442731442,1823135588,2024-01-09T17:28:56,816.4,1c73ddceaf7f1ded154a275d7652f31cf7dbdcee,1357647
mozilla-beta,4169841,13,08a4b1c8b40e780c5e1ecb6c2516eea4d9acafb2,macosx1015-64-shippable-qr,True,False,,|f|i|s|s|i|o|n| |w|a|r|m| |w|e|b|r|e|n|d|e|r|,102210fe594ee9b33d82058545b1ed14f4c8206e,LastVisualChange,imdb,True,imdb LastVisualChange opt fission warm webrender,,6,ms,firefox,442756605,1823266823,2024-01-09T21:35:52,858.0,3415efad3e4089c6866cd14dd6e6020c0e00d28d,1357808
mozilla-beta,4169841,13,08a4b1c8b40e780c5e1ecb6c2516eea4d9acafb2,macosx1015-64-shippable-qr,True,False,,|f|i|s|s|i|o|n| |w|a|r|m| |w|e|b|r|e|n|d|e|r|,102210fe594ee9b33d82058545b1ed14f4c8206e,LastVisualChange,imdb,True,imdb LastVisualChange opt fission warm webrender,,6,ms,firefox,442808393,1823578482,2024-01-10T09:14:43,779.3,b8b36a4962ceb8a64e2b1379cfebb98d97f30db1,1358061
mozilla-beta,4169841,13,08a4b1c8b40e780c5e1ecb6c2516eea4d9acafb2,macosx1015-64-shippable-qr,True,False,,|f|i|s|s|i|o|n| |w|a|r|m| |w|e|b|r|e|n|d|e|r|,102210fe594ee9b33d82058545b1ed14f4c8206e,LastVisualChange,imdb,True,imdb LastVisualChange opt fission warm webrender,,6,ms,firefox,442870565,1823794814,2024-01-10T17:59:27,759.3,1c947b443a61a5c9c43752744026ea5a72952407,1358338
mozilla-beta,4169841,13,08a4b1c8b40e780c5e1ecb6c2516eea4d9acafb2,macosx1015-64-shippable-qr,True,False,,|f|i|s|s|i|o|n| |w|a|r|m| |w|e|b|r|e|n|d|e|r|,102210fe594ee9b33d82058545b1ed14f4c8206e,LastVisualChange,imdb,True,imdb LastVisualChange opt fission warm webrender,,6,ms,firefox,442885795,1823875149,2024-01-10T20:48:24,770.4,058f5ecca74f78917ffc085b9d15fde3c2d1b19e,1358423
mozilla-beta,4169841,13,08a4b1c8b40e780c5e1ecb6c2516eea4d9acafb2,macosx1015-64-shippable-qr,True,False,,|f|i|s|s|i|o|n| |w|a|r|m| |w|e|b|r|e|n|d|e|r|,102210fe594ee9b33d82058545b1ed14f4c8206e,LastVisualChange,imdb,True,imdb LastVisualChange opt fission warm webrender,,6,ms,firefox,442937166,1824095487,2024-01-11T09:17:43,754.2,992288afe8d0ffa9e60b761be9093c8e6eb3fbb7,1358656
mozilla-beta,4169841,13,08a4b1c8b40e780c5e1ecb6c2516eea4d9acafb2,macosx1015-64-shippable-qr,True,False,,|f|i|s|s|i|o|n| |w|a|r|m| |w|e|b|r|e|n|d|e|r|,102210fe594ee9b33d82058545b1ed14f4c8206e,LastVisualChange,imdb,True,imdb LastVisualChange opt fission warm webrender,,6,ms,firefox,442967267,1824201636,2024-01-11T13:18:39,780.8,9a06019252c118922797ed16d4e13e1ad117443f,1358732
mozilla-beta,4169841,13,08a4b1c8b40e780c5e1ecb6c2516eea4d9acafb2,macosx1015-64-shippable-qr,True,False,,|f|i|s|s|i|o|n| |w|a|r|m| |w|e|b|r|e|n|d|e|r|,102210fe594ee9b33d82058545b1ed14f4c8206e,LastVisualChange,imdb,True,imdb LastVisualChange opt fission warm webrender,,6,ms,firefox,442977524,1824242606,2024-01-11T14:26:20,808.3,16c6d6fd0b7b91c42098ca497227afc85200e274,1358780
mozilla-beta,4169841,13,08a4b1c8b40e780c5e1ecb6c2516eea4d9acafb2,macosx1015-64-shippable-qr,True,False,,|f|i|s|s|i|o|n| |w|a|r|m| |w|e|b|r|e|n|d|e|r|,102210fe594ee9b33d82058545b1ed14f4c8206e,LastVisualChange,imdb,True,imdb LastVisualChange opt fission warm webrender,,6,ms,firefox,443000424,1824342058,2024-01-11T16:43:59,767.2,d260003b40f752bb45d999ed00928e630c7c66a7,1358856
mozilla-beta,4169841,13,08a4b1c8b40e780c5e1ecb6c2516eea4d9acafb2,macosx1015-64-shippable-qr,True,False,,|f|i|s|s|i|o|n| |w|a|r|m| |w|e|b|r|e|n|d|e|r|,102210fe594ee9b33d82058545b1ed14f4c8206e,LastVisualChange,imdb,True,imdb LastVisualChange opt fission warm webrender,,6,ms,firefox,443000626,1824344521,2024-01-11T17:41:16,811.8,748ce48e1c34429d4d111ac1fde02a5557c4a9f8,1358889
mozilla-beta,4169841,13,08a4b1c8b40e780c5e1ecb6c2516eea4d9acafb2,macosx1015-64-shippable-qr,True,False,,|f|i|s|s|i|o|n| |w|a|r|m| |w|e|b|r|e|n|d|e|r|,102210fe594ee9b33d82058545b1ed14f4c8206e,LastVisualChange,imdb,True,imdb LastVisualChange opt fission warm webrender,,6,ms,firefox,443020404,1824411094,2024-01-11T19:01:33,801.8,9715d8623d12cc7ebaf509c0ad27fcf5199aff43,1358950
mozilla-beta,4169841,13,08a4b1c8b40e780c5e1ecb6c2516eea4d9acafb2,macosx1015-64-shippable-qr,True,False,,|f|i|s|s|i|o|n| |w|a|r|m| |w|e|b|r|e|n|d|e|r|,102210fe594ee9b33d82058545b1ed14f4c8206e,LastVisualChange,imdb,True,imdb LastVisualChange opt fission warm webrender,,6,ms,firefox,443034218,1824478196,2024-01-11T21:09:26,797.3,f1680a61c0147d32a705da518f11c7c5ba058c0b,1359049
mozilla-beta,4169841,13,08a4b1c8b40e780c5e1ecb6c2516eea4d9acafb2,macosx1015-64-shippable-qr,True,False,,|f|i|s|s|i|o|n| |w|a|r|m| |w|e|b|r|e|n|d|e|r|,102210fe594ee9b33d82058545b1ed14f4c8206e,LastVisualChange,imdb,True,imdb LastVisualChange opt fission warm webrender,,6,ms,firefox,443096149,1824835742,2024-01-12T09:19:33,790.1,430bc538df76d847c89d2f0c061edc59172f2afa,1359270
mozilla-beta,4169841,13,08a4b1c8b40e780c5e1ecb6c2516eea4d9acafb2,macosx1015-64-shippable-qr,True,False,,|f|i|s|s|i|o|n| |w|a|r|m| |w|e|b|r|e|n|d|e|r|,102210fe594ee9b33d82058545b1ed14f4c8206e,LastVisualChange,imdb,True,imdb LastVisualChange opt fission warm webrender,,6,ms,firefox,443213389,1825466685,2024-01-13T09:16:07,781.1,959d0f8f4396d1d80484b553645b1803f3dd9be7,1359847
mozilla-beta,4169841,13,08a4b1c8b40e780c5e1ecb6c2516eea4d9acafb2,macosx1015-64-shippable-qr,True,False,,|f|i|s|s|i|o|n| |w|a|r|m| |w|e|b|r|e|n|d|e|r|,102210fe594ee9b33d82058545b1ed14f4c8206e,LastVisualChange,imdb,True,imdb LastVisualChange opt fission warm webrender,,6,ms,firefox,443230310,1825534863,2024-01-13T16:02:48,745.0,44093ca559de6f3beaeb00abec708d5c4ab40e4d,1359890
mozilla-beta,4169841,13,08a4b1c8b40e780c5e1ecb6c2516eea4d9acafb2,macosx1015-64-shippable-qr,True,False,,|f|i|s|s|i|o|n| |w|a|r|m| |w|e|b|r|e|n|d|e|r|,102210fe594ee9b33d82058545b1ed14f4c8206e,LastVisualChange,imdb,True,imdb LastVisualChange opt fission warm webrender,,6,ms,firefox,443242827,1825586899,2024-01-13T22:16:30,797.7,e218ab8c6c4ad6f20e76fe6d04737516fa8cc066,1359907
mozilla-beta,4169841,13,08a4b1c8b40e780c5e1ecb6c2516eea4d9acafb2,macosx1015-64-shippable-qr,True,False,,|f|i|s|s|i|o|n| |w|a|r|m| |w|e|b|r|e|n|d|e|r|,102210fe594ee9b33d82058545b1ed14f4c8206e,LastVisualChange,imdb,True,imdb LastVisualChange opt fission warm webrender,,6,ms,firefox,443262919,1825666769,2024-01-14T09:15:54,770.3,ab41b123c54d2dd534bf90a30be6cd952ce32701,1359931
mozilla-beta,4169841,13,08a4b1c8b40e780c5e1ecb6c2516eea4d9acafb2,macosx1015-64-shippable-qr,True,False,,|f|i|s|s|i|o|n| |w|a|r|m| |w|e|b|r|e|n|d|e|r|,102210fe594ee9b33d82058545b1ed14f4c8206e,LastVisualChange,imdb,True,imdb LastVisualChange opt fission warm webrender,,6,ms,firefox,443278630,1825780330,2024-01-14T15:27:17,787.7,a6cacb7e4e89168e25318dc76342bdc0f68a1f6a,1359950
mozilla-beta,4169841,13,08a4b1c8b40e780c5e1ecb6c2516eea4d9acafb2,macosx1015-64-shippable-qr,True,False,,|f|i|s|s|i|o|n| |w|a|r|m| |w|e|b|r|e|n|d|e|r|,102210fe594ee9b33d82058545b1ed14f4c8206e,LastVisualChange,imdb,True,imdb LastVisualChange opt fission warm webrender,,6,ms,firefox,443311234,1825926776,2024-01-15T09:20:30,785.2,eca25a6c75b2b48b5d51e33799cfa5619ec4b41b,1360049
mozilla-beta,4169841,13,08a4b1c8b40e780c5e1ecb6c2516eea4d9acafb2,macosx1015-64-shippable-qr,True,False,,|f|i|s|s|i|o|n| |w|a|r|m| |w|e|b|r|e|n|d|e|r|,102210fe594ee9b33d82058545b1ed14f4c8206e,LastVisualChange,imdb,True,imdb LastVisualChange opt fission warm webrender,,6,ms,firefox,443345449,1826072135,2024-01-15T13:24:03,800.6,c846bf199dfcaa66ba615dda08ed63002a9a4f5b,1360131
mozilla-beta,4169841,13,08a4b1c8b40e780c5e1ecb6c2516eea4d9acafb2,macosx1015-64-shippable-qr,True,False,,|f|i|s|s|i|o|n| |w|a|r|m| |w|e|b|r|e|n|d|e|r|,102210fe594ee9b33d82058545b1ed14f4c8206e,LastVisualChange,imdb,True,imdb LastVisualChange opt fission warm webrender,,6,ms,firefox,444128830,1829805140,2024-01-22T11:29:22,840.4,c6160723962a82923b2eb3ed4ab471dedcd541b2,1363744
mozilla-beta,4169841,13,08a4b1c8b40e780c5e1ecb6c2516eea4d9acafb2,macosx1015-64-shippable-qr,True,False,,|f|i|s|s|i|o|n| |w|a|r|m| |w|e|b|r|e|n|d|e|r|,102210fe594ee9b33d82058545b1ed14f4c8206e,LastVisualChange,imdb,True,imdb LastVisualChange opt fission warm webrender,,6,ms,firefox,444169367,1829971379,2024-01-22T15:46:15,786.4,1849dfd4ad15cc21f294ed2bb5e95364a5ba7140,1363910
mozilla-beta,4169841,13,08a4b1c8b40e780c5e1ecb6c2516eea4d9acafb2,macosx1015-64-shippable-qr,True,False,,|f|i|s|s|i|o|n| |w|a|r|m| |w|e|b|r|e|n|d|e|r|,102210fe594ee9b33d82058545b1ed14f4c8206e,LastVisualChange,imdb,True,imdb LastVisualChange opt fission warm webrender,,6,ms,firefox,444194634,1830069904,2024-01-22T17:47:55,809.7,a1ee3c36f7e989b25781c96cb9a1c05d8019b6cf,1364018
mozilla-beta,4169841,13,08a4b1c8b40e780c5e1ecb6c2516eea4d9acafb2,macosx1015-64-shippable-qr,True,False,,|f|i|s|s|i|o|n| |w|a|r|m| |w|e|b|r|e|n|d|e|r|,102210fe594ee9b33d82058545b1ed14f4c8206e,LastVisualChange,imdb,True,imdb LastVisualChange opt fission warm webrender,,6,ms,firefox,444274223,1830469480,2024-01-23T09:18:19,832.5,907ecf82b6894587f638cc66a3b504fb613f799c,1364457
mozilla-beta,4169841,13,08a4b1c8b40e780c5e1ecb6c2516eea4d9acafb2,macosx1015-64-shippable-qr,True,False,,|f|i|s|s|i|o|n| |w|a|r|m| |w|e|b|r|e|n|d|e|r|,102210fe594ee9b33d82058545b1ed14f4c8206e,LastVisualChange,imdb,True,imdb LastVisualChange opt fission warm webrender,,6,ms,firefox,444333155,1830761339,2024-01-23T16:21:35,844.8,910cf83cb449ad5a555da886fec6b064e22043bd,1364713
mozilla-beta,4169841,13,08a4b1c8b40e780c5e1ecb6c2516eea4d9acafb2,macosx1015-64-shippable-qr,True,False,,|f|i|s|s|i|o|n| |w|a|r|m| |w|e|b|r|e|n|d|e|r|,102210fe594ee9b33d82058545b1ed14f4c8206e,LastVisualChange,imdb,True,imdb LastVisualChange opt fission warm webrender,,6,ms,firefox,444333819,1830774301,2024-01-23T16:37:03,804.8,547151893bb442136e4a9b2f8c4b541895aa3e1e,1364733
mozilla-beta,4169841,13,08a4b1c8b40e780c5e1ecb6c2516eea4d9acafb2,macosx1015-64-shippable-qr,True,False,,|f|i|s|s|i|o|n| |w|a|r|m| |w|e|b|r|e|n|d|e|r|,102210fe594ee9b33d82058545b1ed14f4c8206e,LastVisualChange,imdb,True,imdb LastVisualChange opt fission warm webrender,,6,ms,firefox,444335876,1830801546,2024-01-23T17:01:05,807.8,ade0334006fbd178e5fdd21f3be572da0801a978,1364758
mozilla-beta,4169841,13,08a4b1c8b40e780c5e1ecb6c2516eea4d9acafb2,macosx1015-64-shippable-qr,True,False,,|f|i|s|s|i|o|n| |w|a|r|m| |w|e|b|r|e|n|d|e|r|,102210fe594ee9b33d82058545b1ed14f4c8206e,LastVisualChange,imdb,True,imdb LastVisualChange opt fission warm webrender,,6,ms,firefox,444416005,1831210635,2024-01-24T07:46:30,802.0,e3af39ea2780b6c6e53d63e7d0bc9bca40e59bdd,1365279
mozilla-beta,4169841,13,08a4b1c8b40e780c5e1ecb6c2516eea4d9acafb2,macosx1015-64-shippable-qr,True,False,,|f|i|s|s|i|o|n| |w|a|r|m| |w|e|b|r|e|n|d|e|r|,102210fe594ee9b33d82058545b1ed14f4c8206e,LastVisualChange,imdb,True,imdb LastVisualChange opt fission warm webrender,,6,ms,firefox,444423689,1831246717,2024-01-24T09:17:45,817.3,a341c4cfe66c45bb2908deb2809c6927497b0690,1365303
mozilla-beta,4169841,13,08a4b1c8b40e780c5e1ecb6c2516eea4d9acafb2,macosx1015-64-shippable-qr,True,False,,|f|i|s|s|i|o|n| |w|a|r|m| |w|e|b|r|e|n|d|e|r|,102210fe594ee9b33d82058545b1ed14f4c8206e,LastVisualChange,imdb,True,imdb LastVisualChange opt fission warm webrender,,6,ms,firefox,444442297,1831303680,2024-01-24T10:10:04,846.4,826c3bfca9fb43d3d63c58f52dc0a11475591511,1365331
mozilla-beta,4169841,13,08a4b1c8b40e780c5e1ecb6c2516eea4d9acafb2,macosx1015-64-shippable-qr,True,False,,|f|i|s|s|i|o|n| |w|a|r|m| |w|e|b|r|e|n|d|e|r|,102210fe594ee9b33d82058545b1ed14f4c8206e,LastVisualChange,imdb,True,imdb LastVisualChange opt fission warm webrender,,6,ms,firefox,444445336,1831319822,2024-01-24T10:20:23,819.7,190710fe87f9f6d48f6d39ac3aed4ed8b89ce3e6,1365334
mozilla-beta,4169841,13,08a4b1c8b40e780c5e1ecb6c2516eea4d9acafb2,macosx1015-64-shippable-qr,True,False,,|f|i|s|s|i|o|n| |w|a|r|m| |w|e|b|r|e|n|d|e|r|,102210fe594ee9b33d82058545b1ed14f4c8206e,LastVisualChange,imdb,True,imdb LastVisualChange opt fission warm webrender,,6,ms,firefox,444564330,1831901954,2024-01-25T08:17:18,800.0,aca480ec983e358d61afa4f987f90abc8d01636a,1366099
mozilla-beta,4169841,13,08a4b1c8b40e780c5e1ecb6c2516eea4d9acafb2,macosx1015-64-shippable-qr,True,False,,|f|i|s|s|i|o|n| |w|a|r|m| |w|e|b|r|e|n|d|e|r|,102210fe594ee9b33d82058545b1ed14f4c8206e,LastVisualChange,imdb,True,imdb LastVisualChange opt fission warm webrender,,6,ms,firefox,444571324,1831934689,2024-01-25T09:16:24,792.1,01412b6a709468aeafa6f8f6dc28b7d0586a3ee9,1366119
mozilla-beta,4169841,13,08a4b1c8b40e780c5e1ecb6c2516eea4d9acafb2,macosx1015-64-shippable-qr,True,False,,|f|i|s|s|i|o|n| |w|a|r|m| |w|e|b|r|e|n|d|e|r|,102210fe594ee9b33d82058545b1ed14f4c8206e,LastVisualChange,imdb,True,imdb LastVisualChange opt fission warm webrender,,6,ms,firefox,444594332,1832014133,2024-01-25T11:40:50,809.9,c0a71cb5e7b2999e78e5db5ed9e7df1b04f536a9,1366197
mozilla-beta,4169841,13,08a4b1c8b40e780c5e1ecb6c2516eea4d9acafb2,macosx1015-64-shippable-qr,True,False,,|f|i|s|s|i|o|n| |w|a|r|m| |w|e|b|r|e|n|d|e|r|,102210fe594ee9b33d82058545b1ed14f4c8206e,LastVisualChange,imdb,True,imdb LastVisualChange opt fission warm webrender,,6,ms,firefox,444651025,1832338620,2024-01-25T19:55:43,825.3,390710073437ce59c6f7f62270eb9330d73e6fca,1366536
mozilla-beta,4169841,13,08a4b1c8b40e780c5e1ecb6c2516eea4d9acafb2,macosx1015-64-shippable-qr,True,False,,|f|i|s|s|i|o|n| |w|a|r|m| |w|e|b|r|e|n|d|e|r|,102210fe594ee9b33d82058545b1ed14f4c8206e,LastVisualChange,imdb,True,imdb LastVisualChange opt fission warm webrender,,6,ms,firefox,444712789,1832605498,2024-01-26T08:22:35,825.6,c05637a5653cb097918ec5b22dd71b5279169ddb,1366833
mozilla-beta,4169841,13,08a4b1c8b40e780c5e1ecb6c2516eea4d9acafb2,macosx1015-64-shippable-qr,True,False,,|f|i|s|s|i|o|n| |w|a|r|m| |w|e|b|r|e|n|d|e|r|,102210fe594ee9b33d82058545b1ed14f4c8206e,LastVisualChange,imdb,True,imdb LastVisualChange opt fission warm webrender,,6,ms,firefox,444713524,1832631299,2024-01-26T08:30:00,804.2,e552c30b3f85cc56279a47561e2d60959e2257d2,1366836
mozilla-beta,4169841,13,08a4b1c8b40e780c5e1ecb6c2516eea4d9acafb2,macosx1015-64-shippable-qr,True,False,,|f|i|s|s|i|o|n| |w|a|r|m| |w|e|b|r|e|n|d|e|r|,102210fe594ee9b33d82058545b1ed14f4c8206e,LastVisualChange,imdb,True,imdb LastVisualChange opt fission warm webrender,,6,ms,firefox,444722666,1832652027,2024-01-26T09:16:53,814.4,e22e283373bd323eeb3f3cc73810cf33dff95e72,1366862
mozilla-beta,4169841,13,08a4b1c8b40e780c5e1ecb6c2516eea4d9acafb2,macosx1015-64-shippable-qr,True,False,,|f|i|s|s|i|o|n| |w|a|r|m| |w|e|b|r|e|n|d|e|r|,102210fe594ee9b33d82058545b1ed14f4c8206e,LastVisualChange,imdb,True,imdb LastVisualChange opt fission warm webrender,,6,ms,firefox,444861600,1833495516,2024-01-27T09:16:18,813.6,aad4bcfe43cfbfc141d35fa756e9b9cc2683da95,1367460
mozilla-beta,4169841,13,08a4b1c8b40e780c5e1ecb6c2516eea4d9acafb2,macosx1015-64-shippable-qr,True,False,,|f|i|s|s|i|o|n| |w|a|r|m| |w|e|b|r|e|n|d|e|r|,102210fe594ee9b33d82058545b1ed14f4c8206e,LastVisualChange,imdb,True,imdb LastVisualChange opt fission warm webrender,,6,ms,firefox,446505667,1841198089,2024-01-27T09:16:18,833.3,aad4bcfe43cfbfc141d35fa756e9b9cc2683da95,1367460
mozilla-beta,4169841,13,08a4b1c8b40e780c5e1ecb6c2516eea4d9acafb2,macosx1015-64-shippable-qr,True,False,,|f|i|s|s|i|o|n| |w|a|r|m| |w|e|b|r|e|n|d|e|r|,102210fe594ee9b33d82058545b1ed14f4c8206e,LastVisualChange,imdb,True,imdb LastVisualChange opt fission warm webrender,,6,ms,firefox,446505669,1841198120,2024-01-27T09:16:18,826.9,aad4bcfe43cfbfc141d35fa756e9b9cc2683da95,1367460
mozilla-beta,4169841,13,08a4b1c8b40e780c5e1ecb6c2516eea4d9acafb2,macosx1015-64-shippable-qr,True,False,,|f|i|s|s|i|o|n| |w|a|r|m| |w|e|b|r|e|n|d|e|r|,102210fe594ee9b33d82058545b1ed14f4c8206e,LastVisualChange,imdb,True,imdb LastVisualChange opt fission warm webrender,,6,ms,firefox,446506042,1841198468,2024-01-27T09:16:18,796.9,aad4bcfe43cfbfc141d35fa756e9b9cc2683da95,1367460
mozilla-beta,4169841,13,08a4b1c8b40e780c5e1ecb6c2516eea4d9acafb2,macosx1015-64-shippable-qr,True,False,,|f|i|s|s|i|o|n| |w|a|r|m| |w|e|b|r|e|n|d|e|r|,102210fe594ee9b33d82058545b1ed14f4c8206e,LastVisualChange,imdb,True,imdb LastVisualChange opt fission warm webrender,,6,ms,firefox,446506044,1841198416,2024-01-27T09:16:18,837.6,aad4bcfe43cfbfc141d35fa756e9b9cc2683da95,1367460
mozilla-beta,4169841,13,08a4b1c8b40e780c5e1ecb6c2516eea4d9acafb2,macosx1015-64-shippable-qr,True,False,,|f|i|s|s|i|o|n| |w|a|r|m| |w|e|b|r|e|n|d|e|r|,102210fe594ee9b33d82058545b1ed14f4c8206e,LastVisualChange,imdb,True,imdb LastVisualChange opt fission warm webrender,,6,ms,firefox,444919232,1833822019,2024-01-28T09:14:37,817.3,377509ad7f1c94e37f8ee0560d01586a06a25c5a,1367551
mozilla-beta,4169841,13,08a4b1c8b40e780c5e1ecb6c2516eea4d9acafb2,macosx1015-64-shippable-qr,True,False,,|f|i|s|s|i|o|n| |w|a|r|m| |w|e|b|r|e|n|d|e|r|,102210fe594ee9b33d82058545b1ed14f4c8206e,LastVisualChange,imdb,True,imdb LastVisualChange opt fission warm webrender,,6,ms,firefox,444931951,1833861003,2024-01-28T10:21:01,811.4,8ac8d5e3f345fb5c9ffad36d03b770d93f82e5f9,1367559
mozilla-beta,4169841,13,08a4b1c8b40e780c5e1ecb6c2516eea4d9acafb2,macosx1015-64-shippable-qr,True,False,,|f|i|s|s|i|o|n| |w|a|r|m| |w|e|b|r|e|n|d|e|r|,102210fe594ee9b33d82058545b1ed14f4c8206e,LastVisualChange,imdb,True,imdb LastVisualChange opt fission warm webrender,,6,ms,firefox,444932359,1833870710,2024-01-28T10:22:49,791.6,700859e125b5bd40b76e7ae9e6a3746e1d17fcd6,1367561
mozilla-beta,4169841,13,08a4b1c8b40e780c5e1ecb6c2516eea4d9acafb2,macosx1015-64-shippable-qr,True,False,,|f|i|s|s|i|o|n| |w|a|r|m| |w|e|b|r|e|n|d|e|r|,102210fe594ee9b33d82058545b1ed14f4c8206e,LastVisualChange,imdb,True,imdb LastVisualChange opt fission warm webrender,,6,ms,firefox,444933814,1833881421,2024-01-28T10:36:00,802.2,62a7361b983c43fe12d448bb9b391d85725a0b5a,1367563
mozilla-beta,4169841,13,08a4b1c8b40e780c5e1ecb6c2516eea4d9acafb2,macosx1015-64-shippable-qr,True,False,,|f|i|s|s|i|o|n| |w|a|r|m| |w|e|b|r|e|n|d|e|r|,102210fe594ee9b33d82058545b1ed14f4c8206e,LastVisualChange,imdb,True,imdb LastVisualChange opt fission warm webrender,,6,ms,firefox,444936503,1833892955,2024-01-28T11:02:29,794.9,0caf7b959d3adda31471443eb0918c601108fc83,1367564
mozilla-beta,4169841,13,08a4b1c8b40e780c5e1ecb6c2516eea4d9acafb2,macosx1015-64-shippable-qr,True,False,,|f|i|s|s|i|o|n| |w|a|r|m| |w|e|b|r|e|n|d|e|r|,102210fe594ee9b33d82058545b1ed14f4c8206e,LastVisualChange,imdb,True,imdb LastVisualChange opt fission warm webrender,,6,ms,firefox,444947327,1833990011,2024-01-28T13:59:26,791.6,c4f60b3ed4c5502cebfae95869686d6cc67cef42,1367583
mozilla-beta,4169841,13,08a4b1c8b40e780c5e1ecb6c2516eea4d9acafb2,macosx1015-64-shippable-qr,True,False,,|f|i|s|s|i|o|n| |w|a|r|m| |w|e|b|r|e|n|d|e|r|,102210fe594ee9b33d82058545b1ed14f4c8206e,LastVisualChange,imdb,True,imdb LastVisualChange opt fission warm webrender,,6,ms,firefox,444951286,1834029611,2024-01-28T17:17:02,820.8,28597dc87a4c08a1de0828ffc3295ee3e28ca823,1367591
mozilla-beta,4169841,13,08a4b1c8b40e780c5e1ecb6c2516eea4d9acafb2,macosx1015-64-shippable-qr,True,False,,|f|i|s|s|i|o|n| |w|a|r|m| |w|e|b|r|e|n|d|e|r|,102210fe594ee9b33d82058545b1ed14f4c8206e,LastVisualChange,imdb,True,imdb LastVisualChange opt fission warm webrender,,6,ms,firefox,444976180,1834137296,2024-01-29T06:52:42,809.7,31e067248e3c5326ee178777c2939075b50f9cda,1367650
mozilla-beta,4169841,13,08a4b1c8b40e780c5e1ecb6c2516eea4d9acafb2,macosx1015-64-shippable-qr,True,False,,|f|i|s|s|i|o|n| |w|a|r|m| |w|e|b|r|e|n|d|e|r|,102210fe594ee9b33d82058545b1ed14f4c8206e,LastVisualChange,imdb,True,imdb LastVisualChange opt fission warm webrender,,6,ms,firefox,444992161,1834204955,2024-01-29T09:17:30,813.8,bb21c53d7097fdb571daf0972443e7b7b528fd6d,1367700
mozilla-beta,4169841,13,08a4b1c8b40e780c5e1ecb6c2516eea4d9acafb2,macosx1015-64-shippable-qr,True,False,,|f|i|s|s|i|o|n| |w|a|r|m| |w|e|b|r|e|n|d|e|r|,102210fe594ee9b33d82058545b1ed14f4c8206e,LastVisualChange,imdb,True,imdb LastVisualChange opt fission warm webrender,,6,ms,firefox,445144842,1835064996,2024-01-30T09:17:42,795.3,7c6883e22d12922c8434135aba2908d12c258ba5,1368488
mozilla-beta,4169841,13,08a4b1c8b40e780c5e1ecb6c2516eea4d9acafb2,macosx1015-64-shippable-qr,True,False,,|f|i|s|s|i|o|n| |w|a|r|m| |w|e|b|r|e|n|d|e|r|,102210fe594ee9b33d82058545b1ed14f4c8206e,LastVisualChange,imdb,True,imdb LastVisualChange opt fission warm webrender,,6,ms,firefox,445173108,1835169860,2024-01-30T12:12:36,788.5,610e2e71c0a96cbd0118a581ad50c27c3eae5214,1368564
mozilla-beta,4169841,13,08a4b1c8b40e780c5e1ecb6c2516eea4d9acafb2,macosx1015-64-shippable-qr,True,False,,|f|i|s|s|i|o|n| |w|a|r|m| |w|e|b|r|e|n|d|e|r|,102210fe594ee9b33d82058545b1ed14f4c8206e,LastVisualChange,imdb,True,imdb LastVisualChange opt fission warm webrender,,6,ms,firefox,445174624,1835194960,2024-01-30T12:18:29,784.8,8d79725961720ff9be553f8fde3ba11c379df5be,1368566
mozilla-beta,4169841,13,08a4b1c8b40e780c5e1ecb6c2516eea4d9acafb2,macosx1015-64-shippable-qr,True,False,,|f|i|s|s|i|o|n| |w|a|r|m| |w|e|b|r|e|n|d|e|r|,102210fe594ee9b33d82058545b1ed14f4c8206e,LastVisualChange,imdb,True,imdb LastVisualChange opt fission warm webrender,,6,ms,firefox,445178819,1835215678,2024-01-30T12:47:52,804.2,1bcabb7122306682ad71cb1934050ada5ccc09ce,1368585
mozilla-beta,4169841,13,08a4b1c8b40e780c5e1ecb6c2516eea4d9acafb2,macosx1015-64-shippable-qr,True,False,,|f|i|s|s|i|o|n| |w|a|r|m| |w|e|b|r|e|n|d|e|r|,102210fe594ee9b33d82058545b1ed14f4c8206e,LastVisualChange,imdb,True,imdb LastVisualChange opt fission warm webrender,,6,ms,firefox,445198842,1835280632,2024-01-30T14:42:31,856.0,bac162dca4dbd72e204fbbd2a4bf2f05930997c4,1368662
mozilla-beta,4169841,13,08a4b1c8b40e780c5e1ecb6c2516eea4d9acafb2,macosx1015-64-shippable-qr,True,False,,|f|i|s|s|i|o|n| |w|a|r|m| |w|e|b|r|e|n|d|e|r|,102210fe594ee9b33d82058545b1ed14f4c8206e,LastVisualChange,imdb,True,imdb LastVisualChange opt fission warm webrender,,6,ms,firefox,445200716,1835295963,2024-01-30T14:46:49,826.9,e8bfa642a6583259b6afb963c4ab24cec7fe364b,1368663
mozilla-beta,4169841,13,08a4b1c8b40e780c5e1ecb6c2516eea4d9acafb2,macosx1015-64-shippable-qr,True,False,,|f|i|s|s|i|o|n| |w|a|r|m| |w|e|b|r|e|n|d|e|r|,102210fe594ee9b33d82058545b1ed14f4c8206e,LastVisualChange,imdb,True,imdb LastVisualChange opt fission warm webrender,,6,ms,firefox,445203258,1835310988,2024-01-30T14:50:42,805.4,badb0c014722faab9e694a5d451a4dc5c524f08b,1368665
mozilla-beta,4169841,13,08a4b1c8b40e780c5e1ecb6c2516eea4d9acafb2,macosx1015-64-shippable-qr,True,False,,|f|i|s|s|i|o|n| |w|a|r|m| |w|e|b|r|e|n|d|e|r|,102210fe594ee9b33d82058545b1ed14f4c8206e,LastVisualChange,imdb,True,imdb LastVisualChange opt fission warm webrender,,6,ms,firefox,445208861,1835344080,2024-01-30T15:32:30,818.5,bb9a936c0644ab6ea6d8e6b8f62fa7787b809a5e,1368693
mozilla-beta,4169841,13,08a4b1c8b40e780c5e1ecb6c2516eea4d9acafb2,macosx1015-64-shippable-qr,True,False,,|f|i|s|s|i|o|n| |w|a|r|m| |w|e|b|r|e|n|d|e|r|,102210fe594ee9b33d82058545b1ed14f4c8206e,LastVisualChange,imdb,True,imdb LastVisualChange opt fission warm webrender,,6,ms,firefox,445218349,1835378829,2024-01-30T17:06:51,804.0,0d874603541fa5871c1e3677d49b108d5fcb1bed,1368762
mozilla-beta,4169841,13,08a4b1c8b40e780c5e1ecb6c2516eea4d9acafb2,macosx1015-64-shippable-qr,True,False,,|f|i|s|s|i|o|n| |w|a|r|m| |w|e|b|r|e|n|d|e|r|,102210fe594ee9b33d82058545b1ed14f4c8206e,LastVisualChange,imdb,True,imdb LastVisualChange opt fission warm webrender,,6,ms,firefox,445228259,1835401573,2024-01-30T17:22:21,846.6,814c511db3bf80ee923c7e26d7248df7690afbc7,1368764
mozilla-beta,4169841,13,08a4b1c8b40e780c5e1ecb6c2516eea4d9acafb2,macosx1015-64-shippable-qr,True,False,,|f|i|s|s|i|o|n| |w|a|r|m| |w|e|b|r|e|n|d|e|r|,102210fe594ee9b33d82058545b1ed14f4c8206e,LastVisualChange,imdb,True,imdb LastVisualChange opt fission warm webrender,,6,ms,firefox,445319072,1835926594,2024-01-31T09:16:40,840.3,59d56668c362e68738a8561c397961027b0a62d3,1369245
mozilla-beta,4169841,13,08a4b1c8b40e780c5e1ecb6c2516eea4d9acafb2,macosx1015-64-shippable-qr,True,False,,|f|i|s|s|i|o|n| |w|a|r|m| |w|e|b|r|e|n|d|e|r|,102210fe594ee9b33d82058545b1ed14f4c8206e,LastVisualChange,imdb,True,imdb LastVisualChange opt fission warm webrender,,6,ms,firefox,445412200,1836309410,2024-01-31T19:51:02,837.1,e98c8386087ddb2af9037734fa58033a1020756c,1369600
mozilla-beta,4169841,13,08a4b1c8b40e780c5e1ecb6c2516eea4d9acafb2,macosx1015-64-shippable-qr,True,False,,|f|i|s|s|i|o|n| |w|a|r|m| |w|e|b|r|e|n|d|e|r|,102210fe594ee9b33d82058545b1ed14f4c8206e,LastVisualChange,imdb,True,imdb LastVisualChange opt fission warm webrender,,6,ms,firefox,445411344,1836288743,2024-01-31T19:52:12,772.0,f1a16b3d1da6ccd5b17c214f7ff9ada27bf91c17,1369605
mozilla-beta,4169841,13,08a4b1c8b40e780c5e1ecb6c2516eea4d9acafb2,macosx1015-64-shippable-qr,True,False,,|f|i|s|s|i|o|n| |w|a|r|m| |w|e|b|r|e|n|d|e|r|,102210fe594ee9b33d82058545b1ed14f4c8206e,LastVisualChange,imdb,True,imdb LastVisualChange opt fission warm webrender,,6,ms,firefox,445474441,1836620623,2024-02-01T09:17:30,809.4,ad203e66852383f625e1c40a24f1486ce811f053,1369924
mozilla-beta,4169841,13,08a4b1c8b40e780c5e1ecb6c2516eea4d9acafb2,macosx1015-64-shippable-qr,True,False,,|f|i|s|s|i|o|n| |w|a|r|m| |w|e|b|r|e|n|d|e|r|,102210fe594ee9b33d82058545b1ed14f4c8206e,LastVisualChange,imdb,True,imdb LastVisualChange opt fission warm webrender,,6,ms,firefox,445483523,1836657834,2024-02-01T09:55:18,811.3,828272c423683913577d66e2e1246f33d50c4b8e,1369960
mozilla-beta,4169841,13,08a4b1c8b40e780c5e1ecb6c2516eea4d9acafb2,macosx1015-64-shippable-qr,True,False,,|f|i|s|s|i|o|n| |w|a|r|m| |w|e|b|r|e|n|d|e|r|,102210fe594ee9b33d82058545b1ed14f4c8206e,LastVisualChange,imdb,True,imdb LastVisualChange opt fission warm webrender,,6,ms,firefox,445501946,1836715901,2024-02-01T11:40:29,813.0,49d14b310e92729c505231844bd7849442cf26f9,1370025
mozilla-beta,4169841,13,08a4b1c8b40e780c5e1ecb6c2516eea4d9acafb2,macosx1015-64-shippable-qr,True,False,,|f|i|s|s|i|o|n| |w|a|r|m| |w|e|b|r|e|n|d|e|r|,102210fe594ee9b33d82058545b1ed14f4c8206e,LastVisualChange,imdb,True,imdb LastVisualChange opt fission warm webrender,,6,ms,firefox,445529913,1836804639,2024-02-01T14:02:56,809.8,7fdcb4812fde5b6100168d0f55a31f1b77644044,1370098
mozilla-beta,4169841,13,08a4b1c8b40e780c5e1ecb6c2516eea4d9acafb2,macosx1015-64-shippable-qr,True,False,,|f|i|s|s|i|o|n| |w|a|r|m| |w|e|b|r|e|n|d|e|r|,102210fe594ee9b33d82058545b1ed14f4c8206e,LastVisualChange,imdb,True,imdb LastVisualChange opt fission warm webrender,,6,ms,firefox,445544687,1836901623,2024-02-01T14:13:24,795.2,4433675287c19d1febab18a61d020c28e9fbe778,1370108
mozilla-beta,4169841,13,08a4b1c8b40e780c5e1ecb6c2516eea4d9acafb2,macosx1015-64-shippable-qr,True,False,,|f|i|s|s|i|o|n| |w|a|r|m| |w|e|b|r|e|n|d|e|r|,102210fe594ee9b33d82058545b1ed14f4c8206e,LastVisualChange,imdb,True,imdb LastVisualChange opt fission warm webrender,,6,ms,firefox,445537776,1836839270,2024-02-01T14:19:11,823.0,c51c59c74488225b3f0a6446e13296789a5fddee,1370117
mozilla-beta,4169841,13,08a4b1c8b40e780c5e1ecb6c2516eea4d9acafb2,macosx1015-64-shippable-qr,True,False,,|f|i|s|s|i|o|n| |w|a|r|m| |w|e|b|r|e|n|d|e|r|,102210fe594ee9b33d82058545b1ed14f4c8206e,LastVisualChange,imdb,True,imdb LastVisualChange opt fission warm webrender,,6,ms,firefox,445540048,1836860814,2024-02-01T14:35:28,850.3,edd7d6c869f5dd8a8f9525139a2cdd3286f0b104,1370134
mozilla-beta,4169841,13,08a4b1c8b40e780c5e1ecb6c2516eea4d9acafb2,macosx1015-64-shippable-qr,True,False,,|f|i|s|s|i|o|n| |w|a|r|m| |w|e|b|r|e|n|d|e|r|,102210fe594ee9b33d82058545b1ed14f4c8206e,LastVisualChange,imdb,True,imdb LastVisualChange opt fission warm webrender,,6,ms,firefox,445545352,1836913975,2024-02-01T14:45:34,799.5,39a24ad65fa1c188491f77f5989116325ece07c0,1370145
mozilla-beta,4169841,13,08a4b1c8b40e780c5e1ecb6c2516eea4d9acafb2,macosx1015-64-shippable-qr,True,False,,|f|i|s|s|i|o|n| |w|a|r|m| |w|e|b|r|e|n|d|e|r|,102210fe594ee9b33d82058545b1ed14f4c8206e,LastVisualChange,imdb,True,imdb LastVisualChange opt fission warm webrender,,6,ms,firefox,445550688,1836925911,2024-02-01T14:55:52,877.1,4981454a7cb64ddb865b16a2e340da23010c0234,1370155
mozilla-beta,4169841,13,08a4b1c8b40e780c5e1ecb6c2516eea4d9acafb2,macosx1015-64-shippable-qr,True,False,,|f|i|s|s|i|o|n| |w|a|r|m| |w|e|b|r|e|n|d|e|r|,102210fe594ee9b33d82058545b1ed14f4c8206e,LastVisualChange,imdb,True,imdb LastVisualChange opt fission warm webrender,,6,ms,firefox,445543299,1836886130,2024-02-01T15:13:15,778.0,4c0f3596adddb0c1c9fe6c27165bf86798d2f1f6,1370168
mozilla-beta,4169841,13,08a4b1c8b40e780c5e1ecb6c2516eea4d9acafb2,macosx1015-64-shippable-qr,True,False,,|f|i|s|s|i|o|n| |w|a|r|m| |w|e|b|r|e|n|d|e|r|,102210fe594ee9b33d82058545b1ed14f4c8206e,LastVisualChange,imdb,True,imdb LastVisualChange opt fission warm webrender,,6,ms,firefox,445552433,1836939408,2024-02-01T15:45:31,826.9,c9147db5b900da6c93e1ef516fcee4d9375322ac,1370182
mozilla-beta,4169841,13,08a4b1c8b40e780c5e1ecb6c2516eea4d9acafb2,macosx1015-64-shippable-qr,True,False,,|f|i|s|s|i|o|n| |w|a|r|m| |w|e|b|r|e|n|d|e|r|,102210fe594ee9b33d82058545b1ed14f4c8206e,LastVisualChange,imdb,True,imdb LastVisualChange opt fission warm webrender,,6,ms,firefox,445570632,1836976069,2024-02-01T16:34:05,811.9,9fde9b753918580c63434a4056f7a0cfc2bbefda,1370232
mozilla-beta,4169841,13,08a4b1c8b40e780c5e1ecb6c2516eea4d9acafb2,macosx1015-64-shippable-qr,True,False,,|f|i|s|s|i|o|n| |w|a|r|m| |w|e|b|r|e|n|d|e|r|,102210fe594ee9b33d82058545b1ed14f4c8206e,LastVisualChange,imdb,True,imdb LastVisualChange opt fission warm webrender,,6,ms,firefox,445652826,1837405314,2024-02-02T09:03:54,800.2,a8f990a1461e92ea29b178d183739ab4279d355b,1370723
mozilla-beta,4169841,13,08a4b1c8b40e780c5e1ecb6c2516eea4d9acafb2,macosx1015-64-shippable-qr,True,False,,|f|i|s|s|i|o|n| |w|a|r|m| |w|e|b|r|e|n|d|e|r|,102210fe594ee9b33d82058545b1ed14f4c8206e,LastVisualChange,imdb,True,imdb LastVisualChange opt fission warm webrender,,6,ms,firefox,445656272,1837412679,2024-02-02T09:16:30,800.1,ad9f945b0588b8e71d2bc8a24a4bae78ac518fe7,1370728
mozilla-beta,4169841,13,08a4b1c8b40e780c5e1ecb6c2516eea4d9acafb2,macosx1015-64-shippable-qr,True,False,,|f|i|s|s|i|o|n| |w|a|r|m| |w|e|b|r|e|n|d|e|r|,102210fe594ee9b33d82058545b1ed14f4c8206e,LastVisualChange,imdb,True,imdb LastVisualChange opt fission warm webrender,,6,ms,firefox,446427783,1840828810,2024-02-02T13:23:07,809.6,65e97ce57cfd31a3e82dc14bf1a4e12b893467a5,1370823
mozilla-beta,4169841,13,08a4b1c8b40e780c5e1ecb6c2516eea4d9acafb2,macosx1015-64-shippable-qr,True,False,,|f|i|s|s|i|o|n| |w|a|r|m| |w|e|b|r|e|n|d|e|r|,102210fe594ee9b33d82058545b1ed14f4c8206e,LastVisualChange,imdb,True,imdb LastVisualChange opt fission warm webrender,,6,ms,firefox,446427794,1840828772,2024-02-02T13:23:07,780.5,65e97ce57cfd31a3e82dc14bf1a4e12b893467a5,1370823
mozilla-beta,4169841,13,08a4b1c8b40e780c5e1ecb6c2516eea4d9acafb2,macosx1015-64-shippable-qr,True,False,,|f|i|s|s|i|o|n| |w|a|r|m| |w|e|b|r|e|n|d|e|r|,102210fe594ee9b33d82058545b1ed14f4c8206e,LastVisualChange,imdb,True,imdb LastVisualChange opt fission warm webrender,,6,ms,firefox,446475811,1841095512,2024-02-02T13:23:07,823.7,65e97ce57cfd31a3e82dc14bf1a4e12b893467a5,1370823
mozilla-beta,4169841,13,08a4b1c8b40e780c5e1ecb6c2516eea4d9acafb2,macosx1015-64-shippable-qr,True,False,,|f|i|s|s|i|o|n| |w|a|r|m| |w|e|b|r|e|n|d|e|r|,102210fe594ee9b33d82058545b1ed14f4c8206e,LastVisualChange,imdb,True,imdb LastVisualChange opt fission warm webrender,,6,ms,firefox,446427769,1840828923,2024-02-02T13:30:35,822.6,6b188bc6018b6ae663c50ce4264249f2208dca31,1370825
mozilla-beta,4169841,13,08a4b1c8b40e780c5e1ecb6c2516eea4d9acafb2,macosx1015-64-shippable-qr,True,False,,|f|i|s|s|i|o|n| |w|a|r|m| |w|e|b|r|e|n|d|e|r|,102210fe594ee9b33d82058545b1ed14f4c8206e,LastVisualChange,imdb,True,imdb LastVisualChange opt fission warm webrender,,6,ms,firefox,446475812,1841095720,2024-02-02T13:30:35,828.7,6b188bc6018b6ae663c50ce4264249f2208dca31,1370825
mozilla-beta,4169841,13,08a4b1c8b40e780c5e1ecb6c2516eea4d9acafb2,macosx1015-64-shippable-qr,True,False,,|f|i|s|s|i|o|n| |w|a|r|m| |w|e|b|r|e|n|d|e|r|,102210fe594ee9b33d82058545b1ed14f4c8206e,LastVisualChange,imdb,True,imdb LastVisualChange opt fission warm webrender,,6,ms,firefox,446427776,1840828724,2024-02-02T16:19:47,811.5,5400c818413bd09a59d573c671ec0dfd3d4ff648,1370941
mozilla-beta,4169841,13,08a4b1c8b40e780c5e1ecb6c2516eea4d9acafb2,macosx1015-64-shippable-qr,True,False,,|f|i|s|s|i|o|n| |w|a|r|m| |w|e|b|r|e|n|d|e|r|,102210fe594ee9b33d82058545b1ed14f4c8206e,LastVisualChange,imdb,True,imdb LastVisualChange opt fission warm webrender,,6,ms,firefox,446475819,1841095773,2024-02-02T16:19:47,823.6,5400c818413bd09a59d573c671ec0dfd3d4ff648,1370941
mozilla-beta,4169841,13,08a4b1c8b40e780c5e1ecb6c2516eea4d9acafb2,macosx1015-64-shippable-qr,True,False,,|f|i|s|s|i|o|n| |w|a|r|m| |w|e|b|r|e|n|d|e|r|,102210fe594ee9b33d82058545b1ed14f4c8206e,LastVisualChange,imdb,True,imdb LastVisualChange opt fission warm webrender,,6,ms,firefox,446427767,1840828856,2024-02-02T16:37:24,803.2,64e11ca34d9d65cc1f5af05b06fec053f922300a,1370960
mozilla-beta,4169841,13,08a4b1c8b40e780c5e1ecb6c2516eea4d9acafb2,macosx1015-64-shippable-qr,True,False,,|f|i|s|s|i|o|n| |w|a|r|m| |w|e|b|r|e|n|d|e|r|,102210fe594ee9b33d82058545b1ed14f4c8206e,LastVisualChange,imdb,True,imdb LastVisualChange opt fission warm webrender,,6,ms,firefox,446475818,1841095696,2024-02-02T16:37:24,827.2,64e11ca34d9d65cc1f5af05b06fec053f922300a,1370960
mozilla-beta,4169841,13,08a4b1c8b40e780c5e1ecb6c2516eea4d9acafb2,macosx1015-64-shippable-qr,True,False,,|f|i|s|s|i|o|n| |w|a|r|m| |w|e|b|r|e|n|d|e|r|,102210fe594ee9b33d82058545b1ed14f4c8206e,LastVisualChange,imdb,True,imdb LastVisualChange opt fission warm webrender,,6,ms,firefox,445740886,1837782204,2024-02-02T18:17:20,786.5,2a92c9f6ad73c6919eca1fda86f98e644f90bced,1371042
mozilla-beta,4169841,13,08a4b1c8b40e780c5e1ecb6c2516eea4d9acafb2,macosx1015-64-shippable-qr,True,False,,|f|i|s|s|i|o|n| |w|a|r|m| |w|e|b|r|e|n|d|e|r|,102210fe594ee9b33d82058545b1ed14f4c8206e,LastVisualChange,imdb,True,imdb LastVisualChange opt fission warm webrender,,6,ms,firefox,446356499,1840538573,2024-02-02T18:17:20,803.2,2a92c9f6ad73c6919eca1fda86f98e644f90bced,1371042
mozilla-beta,4169841,13,08a4b1c8b40e780c5e1ecb6c2516eea4d9acafb2,macosx1015-64-shippable-qr,True,False,,|f|i|s|s|i|o|n| |w|a|r|m| |w|e|b|r|e|n|d|e|r|,102210fe594ee9b33d82058545b1ed14f4c8206e,LastVisualChange,imdb,True,imdb LastVisualChange opt fission warm webrender,,6,ms,firefox,446356500,1840537736,2024-02-02T18:17:20,767.8,2a92c9f6ad73c6919eca1fda86f98e644f90bced,1371042
mozilla-beta,4169841,13,08a4b1c8b40e780c5e1ecb6c2516eea4d9acafb2,macosx1015-64-shippable-qr,True,False,,|f|i|s|s|i|o|n| |w|a|r|m| |w|e|b|r|e|n|d|e|r|,102210fe594ee9b33d82058545b1ed14f4c8206e,LastVisualChange,imdb,True,imdb LastVisualChange opt fission warm webrender,,6,ms,firefox,446356501,1840537598,2024-02-02T18:17:20,813.3,2a92c9f6ad73c6919eca1fda86f98e644f90bced,1371042
mozilla-beta,4169841,13,08a4b1c8b40e780c5e1ecb6c2516eea4d9acafb2,macosx1015-64-shippable-qr,True,False,,|f|i|s|s|i|o|n| |w|a|r|m| |w|e|b|r|e|n|d|e|r|,102210fe594ee9b33d82058545b1ed14f4c8206e,LastVisualChange,imdb,True,imdb LastVisualChange opt fission warm webrender,,6,ms,firefox,446356502,1840538495,2024-02-02T18:17:20,787.7,2a92c9f6ad73c6919eca1fda86f98e644f90bced,1371042
mozilla-beta,4169841,13,08a4b1c8b40e780c5e1ecb6c2516eea4d9acafb2,macosx1015-64-shippable-qr,True,False,,|f|i|s|s|i|o|n| |w|a|r|m| |w|e|b|r|e|n|d|e|r|,102210fe594ee9b33d82058545b1ed14f4c8206e,LastVisualChange,imdb,True,imdb LastVisualChange opt fission warm webrender,,6,ms,firefox,446475816,1841095570,2024-02-02T18:17:20,754.6,2a92c9f6ad73c6919eca1fda86f98e644f90bced,1371042
mozilla-beta,4169841,13,08a4b1c8b40e780c5e1ecb6c2516eea4d9acafb2,macosx1015-64-shippable-qr,True,False,,|f|i|s|s|i|o|n| |w|a|r|m| |w|e|b|r|e|n|d|e|r|,102210fe594ee9b33d82058545b1ed14f4c8206e,LastVisualChange,imdb,True,imdb LastVisualChange opt fission warm webrender,,6,ms,firefox,445821311,1838097139,2024-02-03T09:17:37,795.2,7514647daa8f9fce23b12cb76cda187c12c65ec9,1371371
mozilla-beta,4169841,13,08a4b1c8b40e780c5e1ecb6c2516eea4d9acafb2,macosx1015-64-shippable-qr,True,False,,|f|i|s|s|i|o|n| |w|a|r|m| |w|e|b|r|e|n|d|e|r|,102210fe594ee9b33d82058545b1ed14f4c8206e,LastVisualChange,imdb,True,imdb LastVisualChange opt fission warm webrender,,6,ms,firefox,446475817,1841095748,2024-02-03T09:17:37,791.4,7514647daa8f9fce23b12cb76cda187c12c65ec9,1371371
mozilla-beta,4169841,13,08a4b1c8b40e780c5e1ecb6c2516eea4d9acafb2,macosx1015-64-shippable-qr,True,False,,|f|i|s|s|i|o|n| |w|a|r|m| |w|e|b|r|e|n|d|e|r|,102210fe594ee9b33d82058545b1ed14f4c8206e,LastVisualChange,imdb,True,imdb LastVisualChange opt fission warm webrender,,6,ms,firefox,445854664,1838282976,2024-02-04T07:01:15,801.4,b90706774a91a89aad7410bc904246d5f0cc89d6,1371494
mozilla-beta,4169841,13,08a4b1c8b40e780c5e1ecb6c2516eea4d9acafb2,macosx1015-64-shippable-qr,True,False,,|f|i|s|s|i|o|n| |w|a|r|m| |w|e|b|r|e|n|d|e|r|,102210fe594ee9b33d82058545b1ed14f4c8206e,LastVisualChange,imdb,True,imdb LastVisualChange opt fission warm webrender,,6,ms,firefox,446475821,1841095639,2024-02-04T07:01:15,774.1,b90706774a91a89aad7410bc904246d5f0cc89d6,1371494
mozilla-beta,4169841,13,08a4b1c8b40e780c5e1ecb6c2516eea4d9acafb2,macosx1015-64-shippable-qr,True,False,,|f|i|s|s|i|o|n| |w|a|r|m| |w|e|b|r|e|n|d|e|r|,102210fe594ee9b33d82058545b1ed14f4c8206e,LastVisualChange,imdb,True,imdb LastVisualChange opt fission warm webrender,,6,ms,firefox,445855030,1838295864,2024-02-04T07:10:52,769.6,97a9e1afca4b4f861b1f512ecb74d9beae03701f,1371498
mozilla-beta,4169841,13,08a4b1c8b40e780c5e1ecb6c2516eea4d9acafb2,macosx1015-64-shippable-qr,True,False,,|f|i|s|s|i|o|n| |w|a|r|m| |w|e|b|r|e|n|d|e|r|,102210fe594ee9b33d82058545b1ed14f4c8206e,LastVisualChange,imdb,True,imdb LastVisualChange opt fission warm webrender,,6,ms,firefox,446362737,1840564054,2024-02-04T07:10:52,836.0,97a9e1afca4b4f861b1f512ecb74d9beae03701f,1371498
mozilla-beta,4169841,13,08a4b1c8b40e780c5e1ecb6c2516eea4d9acafb2,macosx1015-64-shippable-qr,True,False,,|f|i|s|s|i|o|n| |w|a|r|m| |w|e|b|r|e|n|d|e|r|,102210fe594ee9b33d82058545b1ed14f4c8206e,LastVisualChange,imdb,True,imdb LastVisualChange opt fission warm webrender,,6,ms,firefox,446362738,1840563843,2024-02-04T07:10:52,816.0,97a9e1afca4b4f861b1f512ecb74d9beae03701f,1371498
mozilla-beta,4169841,13,08a4b1c8b40e780c5e1ecb6c2516eea4d9acafb2,macosx1015-64-shippable-qr,True,False,,|f|i|s|s|i|o|n| |w|a|r|m| |w|e|b|r|e|n|d|e|r|,102210fe594ee9b33d82058545b1ed14f4c8206e,LastVisualChange,imdb,True,imdb LastVisualChange opt fission warm webrender,,6,ms,firefox,446362921,1840565117,2024-02-04T07:10:52,760.5,97a9e1afca4b4f861b1f512ecb74d9beae03701f,1371498
mozilla-beta,4169841,13,08a4b1c8b40e780c5e1ecb6c2516eea4d9acafb2,macosx1015-64-shippable-qr,True,False,,|f|i|s|s|i|o|n| |w|a|r|m| |w|e|b|r|e|n|d|e|r|,102210fe594ee9b33d82058545b1ed14f4c8206e,LastVisualChange,imdb,True,imdb LastVisualChange opt fission warm webrender,,6,ms,firefox,446362922,1840564808,2024-02-04T07:10:52,777.4,97a9e1afca4b4f861b1f512ecb74d9beae03701f,1371498
mozilla-beta,4169841,13,08a4b1c8b40e780c5e1ecb6c2516eea4d9acafb2,macosx1015-64-shippable-qr,True,False,,|f|i|s|s|i|o|n| |w|a|r|m| |w|e|b|r|e|n|d|e|r|,102210fe594ee9b33d82058545b1ed14f4c8206e,LastVisualChange,imdb,True,imdb LastVisualChange opt fission warm webrender,,6,ms,firefox,446475827,1841095614,2024-02-04T07:10:52,770.7,97a9e1afca4b4f861b1f512ecb74d9beae03701f,1371498
mozilla-beta,4169841,13,08a4b1c8b40e780c5e1ecb6c2516eea4d9acafb2,macosx1015-64-shippable-qr,True,False,,|f|i|s|s|i|o|n| |w|a|r|m| |w|e|b|r|e|n|d|e|r|,102210fe594ee9b33d82058545b1ed14f4c8206e,LastVisualChange,imdb,True,imdb LastVisualChange opt fission warm webrender,,6,ms,firefox,445863110,1838329820,2024-02-04T09:20:23,791.6,2e2c077318b2178732ec140527e75b30638a12c7,1371504
mozilla-beta,4169841,13,08a4b1c8b40e780c5e1ecb6c2516eea4d9acafb2,macosx1015-64-shippable-qr,True,False,,|f|i|s|s|i|o|n| |w|a|r|m| |w|e|b|r|e|n|d|e|r|,102210fe594ee9b33d82058545b1ed14f4c8206e,LastVisualChange,imdb,True,imdb LastVisualChange opt fission warm webrender,,6,ms,firefox,446475822,1841095849,2024-02-04T09:20:23,773.5,2e2c077318b2178732ec140527e75b30638a12c7,1371504
mozilla-beta,4169841,13,08a4b1c8b40e780c5e1ecb6c2516eea4d9acafb2,macosx1015-64-shippable-qr,True,False,,|f|i|s|s|i|o|n| |w|a|r|m| |w|e|b|r|e|n|d|e|r|,102210fe594ee9b33d82058545b1ed14f4c8206e,LastVisualChange,imdb,True,imdb LastVisualChange opt fission warm webrender,,6,ms,firefox,445925296,1838742432,2024-02-05T08:56:25,751.3,b65739114a8d799c15f643b020b341e2822d28c3,1371648
mozilla-beta,4169841,13,08a4b1c8b40e780c5e1ecb6c2516eea4d9acafb2,macosx1015-64-shippable-qr,True,False,,|f|i|s|s|i|o|n| |w|a|r|m| |w|e|b|r|e|n|d|e|r|,102210fe594ee9b33d82058545b1ed14f4c8206e,LastVisualChange,imdb,True,imdb LastVisualChange opt fission warm webrender,,6,ms,firefox,446476851,1841096231,2024-02-05T08:56:25,777.6,b65739114a8d799c15f643b020b341e2822d28c3,1371648
mozilla-beta,4169841,13,08a4b1c8b40e780c5e1ecb6c2516eea4d9acafb2,macosx1015-64-shippable-qr,True,False,,|f|i|s|s|i|o|n| |w|a|r|m| |w|e|b|r|e|n|d|e|r|,102210fe594ee9b33d82058545b1ed14f4c8206e,LastVisualChange,imdb,True,imdb LastVisualChange opt fission warm webrender,,6,ms,firefox,445928498,1838764452,2024-02-05T09:17:25,768.2,5b697b0438ae5c3ccf005657eae8e3c59d97a05e,1371659
mozilla-beta,4169841,13,08a4b1c8b40e780c5e1ecb6c2516eea4d9acafb2,macosx1015-64-shippable-qr,True,False,,|f|i|s|s|i|o|n| |w|a|r|m| |w|e|b|r|e|n|d|e|r|,102210fe594ee9b33d82058545b1ed14f4c8206e,LastVisualChange,imdb,True,imdb LastVisualChange opt fission warm webrender,,6,ms,firefox,446442253,1840898394,2024-02-05T13:29:23,798.3,0654c956f522ea81b9e060775a51309739551f70,1371825
mozilla-beta,4169841,13,08a4b1c8b40e780c5e1ecb6c2516eea4d9acafb2,macosx1015-64-shippable-qr,True,False,,|f|i|s|s|i|o|n| |w|a|r|m| |w|e|b|r|e|n|d|e|r|,102210fe594ee9b33d82058545b1ed14f4c8206e,LastVisualChange,imdb,True,imdb LastVisualChange opt fission warm webrender,,6,ms,firefox,446439757,1840894926,2024-02-05T17:53:04,794.1,51af549036a077f7b6d34df2057041dcf5262c95,1372079
mozilla-beta,4169841,13,08a4b1c8b40e780c5e1ecb6c2516eea4d9acafb2,macosx1015-64-shippable-qr,True,False,,|f|i|s|s|i|o|n| |w|a|r|m| |w|e|b|r|e|n|d|e|r|,102210fe594ee9b33d82058545b1ed14f4c8206e,LastVisualChange,imdb,True,imdb LastVisualChange opt fission warm webrender,,6,ms,firefox,446102535,1839506625,2024-02-06T08:23:02,790.4,562b0ae0eca50b88282d822fb79af7f8bbf5f9cc,1372463
mozilla-beta,4169841,13,08a4b1c8b40e780c5e1ecb6c2516eea4d9acafb2,macosx1015-64-shippable-qr,True,False,,|f|i|s|s|i|o|n| |w|a|r|m| |w|e|b|r|e|n|d|e|r|,102210fe594ee9b33d82058545b1ed14f4c8206e,LastVisualChange,imdb,True,imdb LastVisualChange opt fission warm webrender,,6,ms,firefox,446111749,1839550312,2024-02-06T09:14:55,793.0,7e1760ca80cfe6f02a0679e3725187bc2b3ad7d1,1372486
mozilla-beta,4169841,13,08a4b1c8b40e780c5e1ecb6c2516eea4d9acafb2,macosx1015-64-shippable-qr,True,False,,|f|i|s|s|i|o|n| |w|a|r|m| |w|e|b|r|e|n|d|e|r|,102210fe594ee9b33d82058545b1ed14f4c8206e,LastVisualChange,imdb,True,imdb LastVisualChange opt fission warm webrender,,6,ms,firefox,446110717,1839538950,2024-02-06T09:19:06,794.9,88875300ae7440640f4c3c699b32b8dfac80f396,1372488
mozilla-beta,4169841,13,08a4b1c8b40e780c5e1ecb6c2516eea4d9acafb2,macosx1015-64-shippable-qr,True,False,,|f|i|s|s|i|o|n| |w|a|r|m| |w|e|b|r|e|n|d|e|r|,102210fe594ee9b33d82058545b1ed14f4c8206e,LastVisualChange,imdb,True,imdb LastVisualChange opt fission warm webrender,,6,ms,firefox,446116824,1839599117,2024-02-06T10:09:38,770.8,6839f8c0d14e712d154a0c8c37fc55087e65f252,1372523
mozilla-beta,4169841,13,08a4b1c8b40e780c5e1ecb6c2516eea4d9acafb2,macosx1015-64-shippable-qr,True,False,,|f|i|s|s|i|o|n| |w|a|r|m| |w|e|b|r|e|n|d|e|r|,102210fe594ee9b33d82058545b1ed14f4c8206e,LastVisualChange,imdb,True,imdb LastVisualChange opt fission warm webrender,,6,ms,firefox,446141718,1839666039,2024-02-06T11:38:33,777.7,a778bae14c05a2fbe1ba67854cec9accdad55bb3,1372580
mozilla-beta,4169841,13,08a4b1c8b40e780c5e1ecb6c2516eea4d9acafb2,macosx1015-64-shippable-qr,True,False,,|f|i|s|s|i|o|n| |w|a|r|m| |w|e|b|r|e|n|d|e|r|,102210fe594ee9b33d82058545b1ed14f4c8206e,LastVisualChange,imdb,True,imdb LastVisualChange opt fission warm webrender,,6,ms,firefox,446167397,1839808373,2024-02-06T12:51:40,768.7,65e6d3b19e698ac57830fd1c3d90d4c760ef5eb6,1372610
mozilla-beta,4169841,13,08a4b1c8b40e780c5e1ecb6c2516eea4d9acafb2,macosx1015-64-shippable-qr,True,False,,|f|i|s|s|i|o|n| |w|a|r|m| |w|e|b|r|e|n|d|e|r|,102210fe594ee9b33d82058545b1ed14f4c8206e,LastVisualChange,imdb,True,imdb LastVisualChange opt fission warm webrender,,6,ms,firefox,446160865,1839745351,2024-02-06T12:53:03,780.3,5dbb0a9f6cb8c0e0aad5b159d134d45f637cb4d1,1372613
mozilla-beta,4169841,13,08a4b1c8b40e780c5e1ecb6c2516eea4d9acafb2,macosx1015-64-shippable-qr,True,False,,|f|i|s|s|i|o|n| |w|a|r|m| |w|e|b|r|e|n|d|e|r|,102210fe594ee9b33d82058545b1ed14f4c8206e,LastVisualChange,imdb,True,imdb LastVisualChange opt fission warm webrender,,6,ms,firefox,446161496,1839766033,2024-02-06T12:54:32,779.4,d2c9c9c08cc1f40358a5d2292ddf2a06d364b36f,1372616
mozilla-beta,4169841,13,08a4b1c8b40e780c5e1ecb6c2516eea4d9acafb2,macosx1015-64-shippable-qr,True,False,,|f|i|s|s|i|o|n| |w|a|r|m| |w|e|b|r|e|n|d|e|r|,102210fe594ee9b33d82058545b1ed14f4c8206e,LastVisualChange,imdb,True,imdb LastVisualChange opt fission warm webrender,,6,ms,firefox,446166062,1839784710,2024-02-06T13:21:23,788.6,0f621f6f45f23281875371b9b4ed76fe855e10ce,1372641
mozilla-beta,4169841,13,08a4b1c8b40e780c5e1ecb6c2516eea4d9acafb2,macosx1015-64-shippable-qr,True,False,,|f|i|s|s|i|o|n| |w|a|r|m| |w|e|b|r|e|n|d|e|r|,102210fe594ee9b33d82058545b1ed14f4c8206e,LastVisualChange,imdb,True,imdb LastVisualChange opt fission warm webrender,,6,ms,firefox,446661561,1841852820,2024-02-06T13:21:23,781.2,0f621f6f45f23281875371b9b4ed76fe855e10ce,1372641
mozilla-beta,4169841,13,08a4b1c8b40e780c5e1ecb6c2516eea4d9acafb2,macosx1015-64-shippable-qr,True,False,,|f|i|s|s|i|o|n| |w|a|r|m| |w|e|b|r|e|n|d|e|r|,102210fe594ee9b33d82058545b1ed14f4c8206e,LastVisualChange,imdb,True,imdb LastVisualChange opt fission warm webrender,,6,ms,firefox,446661562,1841852633,2024-02-06T13:21:23,818.7,0f621f6f45f23281875371b9b4ed76fe855e10ce,1372641
mozilla-beta,4169841,13,08a4b1c8b40e780c5e1ecb6c2516eea4d9acafb2,macosx1015-64-shippable-qr,True,False,,|f|i|s|s|i|o|n| |w|a|r|m| |w|e|b|r|e|n|d|e|r|,102210fe594ee9b33d82058545b1ed14f4c8206e,LastVisualChange,imdb,True,imdb LastVisualChange opt fission warm webrender,,6,ms,firefox,446661563,1841852595,2024-02-06T13:21:23,820.0,0f621f6f45f23281875371b9b4ed76fe855e10ce,1372641
mozilla-beta,4169841,13,08a4b1c8b40e780c5e1ecb6c2516eea4d9acafb2,macosx1015-64-shippable-qr,True,False,,|f|i|s|s|i|o|n| |w|a|r|m| |w|e|b|r|e|n|d|e|r|,102210fe594ee9b33d82058545b1ed14f4c8206e,LastVisualChange,imdb,True,imdb LastVisualChange opt fission warm webrender,,6,ms,firefox,446661565,1841852255,2024-02-06T13:21:23,781.8,0f621f6f45f23281875371b9b4ed76fe855e10ce,1372641
mozilla-beta,4169841,13,08a4b1c8b40e780c5e1ecb6c2516eea4d9acafb2,macosx1015-64-shippable-qr,True,False,,|f|i|s|s|i|o|n| |w|a|r|m| |w|e|b|r|e|n|d|e|r|,102210fe594ee9b33d82058545b1ed14f4c8206e,LastVisualChange,imdb,True,imdb LastVisualChange opt fission warm webrender,,6,ms,firefox,446173955,1839843340,2024-02-06T14:10:46,794.9,fdc4382bbff93e443cb4f76c802464c452a1c722,1372680
mozilla-beta,4169841,13,08a4b1c8b40e780c5e1ecb6c2516eea4d9acafb2,macosx1015-64-shippable-qr,True,False,,|f|i|s|s|i|o|n| |w|a|r|m| |w|e|b|r|e|n|d|e|r|,102210fe594ee9b33d82058545b1ed14f4c8206e,LastVisualChange,imdb,True,imdb LastVisualChange opt fission warm webrender,,6,ms,firefox,446179344,1839859677,2024-02-06T14:28:58,792.0,a0dafd6bb65c8b87928ff36551826cf901a6ff09,1372692
mozilla-beta,4169841,13,08a4b1c8b40e780c5e1ecb6c2516eea4d9acafb2,macosx1015-64-shippable-qr,True,False,,|f|i|s|s|i|o|n| |w|a|r|m| |w|e|b|r|e|n|d|e|r|,102210fe594ee9b33d82058545b1ed14f4c8206e,LastVisualChange,imdb,True,imdb LastVisualChange opt fission warm webrender,,6,ms,firefox,446210909,1839966780,2024-02-06T17:18:58,799.8,c1ef3ef6dd3f38275d611b90c8ef24e0b15cc720,1372811
mozilla-beta,4169841,13,08a4b1c8b40e780c5e1ecb6c2516eea4d9acafb2,macosx1015-64-shippable-qr,True,False,,|f|i|s|s|i|o|n| |w|a|r|m| |w|e|b|r|e|n|d|e|r|,102210fe594ee9b33d82058545b1ed14f4c8206e,LastVisualChange,imdb,True,imdb LastVisualChange opt fission warm webrender,,6,ms,firefox,446231603,1840054846,2024-02-06T17:25:35,765.7,a55f4e64f3a796aac14d741f6a0e9f82e3f768e1,1372823
mozilla-beta,4169841,13,08a4b1c8b40e780c5e1ecb6c2516eea4d9acafb2,macosx1015-64-shippable-qr,True,False,,|f|i|s|s|i|o|n| |w|a|r|m| |w|e|b|r|e|n|d|e|r|,102210fe594ee9b33d82058545b1ed14f4c8206e,LastVisualChange,imdb,True,imdb LastVisualChange opt fission warm webrender,,6,ms,firefox,446228258,1840033279,2024-02-06T18:19:27,767.7,5cb029591fdb20d1b3fc101ab5f982f71ae93ea9,1372868
mozilla-beta,4169841,13,08a4b1c8b40e780c5e1ecb6c2516eea4d9acafb2,macosx1015-64-shippable-qr,True,False,,|f|i|s|s|i|o|n| |w|a|r|m| |w|e|b|r|e|n|d|e|r|,102210fe594ee9b33d82058545b1ed14f4c8206e,LastVisualChange,imdb,True,imdb LastVisualChange opt fission warm webrender,,6,ms,firefox,446237123,1840071595,2024-02-06T19:41:20,791.1,945276c7a9a1f818cd476baf76784dacf0786d2a,1372956
mozilla-beta,4169841,13,08a4b1c8b40e780c5e1ecb6c2516eea4d9acafb2,macosx1015-64-shippable-qr,True,False,,|f|i|s|s|i|o|n| |w|a|r|m| |w|e|b|r|e|n|d|e|r|,102210fe594ee9b33d82058545b1ed14f4c8206e,LastVisualChange,imdb,True,imdb LastVisualChange opt fission warm webrender,,6,ms,firefox,446242444,1840108568,2024-02-06T19:56:07,807.8,ba9cc6824f222a00819ee368fd177b9a9e1a1ca4,1372970
mozilla-beta,4169841,13,08a4b1c8b40e780c5e1ecb6c2516eea4d9acafb2,macosx1015-64-shippable-qr,True,False,,|f|i|s|s|i|o|n| |w|a|r|m| |w|e|b|r|e|n|d|e|r|,102210fe594ee9b33d82058545b1ed14f4c8206e,LastVisualChange,imdb,True,imdb LastVisualChange opt fission warm webrender,,6,ms,firefox,446242569,1840112007,2024-02-06T20:12:27,824.6,10eea88357d1ac2220fb23638cf6c39d0cbba003,1372975
mozilla-beta,4169841,13,08a4b1c8b40e780c5e1ecb6c2516eea4d9acafb2,macosx1015-64-shippable-qr,True,False,,|f|i|s|s|i|o|n| |w|a|r|m| |w|e|b|r|e|n|d|e|r|,102210fe594ee9b33d82058545b1ed14f4c8206e,LastVisualChange,imdb,True,imdb LastVisualChange opt fission warm webrender,,6,ms,firefox,446241116,1840097931,2024-02-06T20:35:55,795.6,7c72700cb8d9ccf71ec62fd8331a84674c18571f,1372986
mozilla-beta,4169841,13,08a4b1c8b40e780c5e1ecb6c2516eea4d9acafb2,macosx1015-64-shippable-qr,True,False,,|f|i|s|s|i|o|n| |w|a|r|m| |w|e|b|r|e|n|d|e|r|,102210fe594ee9b33d82058545b1ed14f4c8206e,LastVisualChange,imdb,True,imdb LastVisualChange opt fission warm webrender,,6,ms,firefox,446293565,1840359480,2024-02-07T07:29:13,762.3,77245ebf8e08ef46554065f805d1c0f0310c6c9a,1373224
mozilla-beta,4169841,13,08a4b1c8b40e780c5e1ecb6c2516eea4d9acafb2,macosx1015-64-shippable-qr,True,False,,|f|i|s|s|i|o|n| |w|a|r|m| |w|e|b|r|e|n|d|e|r|,102210fe594ee9b33d82058545b1ed14f4c8206e,LastVisualChange,imdb,True,imdb LastVisualChange opt fission warm webrender,,6,ms,firefox,446301274,1840370560,2024-02-07T08:18:56,810.8,1b4583d75b472438e6fed793d30383ca4755bb5a,1373235
mozilla-beta,4169841,13,08a4b1c8b40e780c5e1ecb6c2516eea4d9acafb2,macosx1015-64-shippable-qr,True,False,,|f|i|s|s|i|o|n| |w|a|r|m| |w|e|b|r|e|n|d|e|r|,102210fe594ee9b33d82058545b1ed14f4c8206e,LastVisualChange,imdb,True,imdb LastVisualChange opt fission warm webrender,,6,ms,firefox,446308750,1840432042,2024-02-07T09:19:58,777.7,e771748109c1517e64c4d3074c8945d0ef233fff,1373258
mozilla-beta,4169841,13,08a4b1c8b40e780c5e1ecb6c2516eea4d9acafb2,macosx1015-64-shippable-qr,True,False,,|f|i|s|s|i|o|n| |w|a|r|m| |w|e|b|r|e|n|d|e|r|,102210fe594ee9b33d82058545b1ed14f4c8206e,LastVisualChange,imdb,True,imdb LastVisualChange opt fission warm webrender,,6,ms,firefox,446408225,1840756290,2024-02-07T17:29:11,783.1,8f21e7fc0c1b4e1c6bdc2e14432a397e36e0389e,1373631
mozilla-beta,4169841,13,08a4b1c8b40e780c5e1ecb6c2516eea4d9acafb2,macosx1015-64-shippable-qr,True,False,,|f|i|s|s|i|o|n| |w|a|r|m| |w|e|b|r|e|n|d|e|r|,102210fe594ee9b33d82058545b1ed14f4c8206e,LastVisualChange,imdb,True,imdb LastVisualChange opt fission warm webrender,,6,ms,firefox,446405858,1840739678,2024-02-07T17:31:28,753.0,1b91d8eb60be8c797901bd71b5b44054d9714ed0,1373632
mozilla-beta,4169841,13,08a4b1c8b40e780c5e1ecb6c2516eea4d9acafb2,macosx1015-64-shippable-qr,True,False,,|f|i|s|s|i|o|n| |w|a|r|m| |w|e|b|r|e|n|d|e|r|,102210fe594ee9b33d82058545b1ed14f4c8206e,LastVisualChange,imdb,True,imdb LastVisualChange opt fission warm webrender,,6,ms,firefox,446409973,1840772390,2024-02-07T18:08:14,782.6,9808901a87ff413ae45b151156e099f99b0fcde2,1373669
mozilla-beta,4169841,13,08a4b1c8b40e780c5e1ecb6c2516eea4d9acafb2,macosx1015-64-shippable-qr,True,False,,|f|i|s|s|i|o|n| |w|a|r|m| |w|e|b|r|e|n|d|e|r|,102210fe594ee9b33d82058545b1ed14f4c8206e,LastVisualChange,imdb,True,imdb LastVisualChange opt fission warm webrender,,6,ms,firefox,446449656,1840934553,2024-02-07T23:59:27,816.8,453cb7680c52898d60ca64d2d736fe15600a9198,1373889
mozilla-beta,4169841,13,08a4b1c8b40e780c5e1ecb6c2516eea4d9acafb2,macosx1015-64-shippable-qr,True,False,,|f|i|s|s|i|o|n| |w|a|r|m| |w|e|b|r|e|n|d|e|r|,102210fe594ee9b33d82058545b1ed14f4c8206e,LastVisualChange,imdb,True,imdb LastVisualChange opt fission warm webrender,,6,ms,firefox,446475609,1841094183,2024-02-08T08:14:23,816.1,f51ca575b57686fd78dc5b0e7a89a1bda6aa1e3b,1374017
mozilla-beta,4169841,13,08a4b1c8b40e780c5e1ecb6c2516eea4d9acafb2,macosx1015-64-shippable-qr,True,False,,|f|i|s|s|i|o|n| |w|a|r|m| |w|e|b|r|e|n|d|e|r|,102210fe594ee9b33d82058545b1ed14f4c8206e,LastVisualChange,imdb,True,imdb LastVisualChange opt fission warm webrender,,6,ms,firefox,446481710,1841125122,2024-02-08T09:19:05,786.1,ddb2e51f3f167c097cecfda69ea5d9219bac8406,1374036
mozilla-beta,4169841,13,08a4b1c8b40e780c5e1ecb6c2516eea4d9acafb2,macosx1015-64-shippable-qr,True,False,,|f|i|s|s|i|o|n| |w|a|r|m| |w|e|b|r|e|n|d|e|r|,102210fe594ee9b33d82058545b1ed14f4c8206e,LastVisualChange,imdb,True,imdb LastVisualChange opt fission warm webrender,,6,ms,firefox,446498366,1841175785,2024-02-08T11:27:56,814.3,bba1c4f836c2d5b770bb3db1cfb39b611608dbe3,1374095
mozilla-beta,4169841,13,08a4b1c8b40e780c5e1ecb6c2516eea4d9acafb2,macosx1015-64-shippable-qr,True,False,,|f|i|s|s|i|o|n| |w|a|r|m| |w|e|b|r|e|n|d|e|r|,102210fe594ee9b33d82058545b1ed14f4c8206e,LastVisualChange,imdb,True,imdb LastVisualChange opt fission warm webrender,,6,ms,firefox,446502448,1841190466,2024-02-08T12:17:00,802.7,c0153173d3d82e7c4c4c035f47140d8c3d959074,1374105
mozilla-beta,4169841,13,08a4b1c8b40e780c5e1ecb6c2516eea4d9acafb2,macosx1015-64-shippable-qr,True,False,,|f|i|s|s|i|o|n| |w|a|r|m| |w|e|b|r|e|n|d|e|r|,102210fe594ee9b33d82058545b1ed14f4c8206e,LastVisualChange,imdb,True,imdb LastVisualChange opt fission warm webrender,,6,ms,firefox,446512963,1841237252,2024-02-08T13:22:33,774.6,adf50cae563ee49db51713af8c792eb00fc75e61,1374115
mozilla-beta,4169841,13,08a4b1c8b40e780c5e1ecb6c2516eea4d9acafb2,macosx1015-64-shippable-qr,True,False,,|f|i|s|s|i|o|n| |w|a|r|m| |w|e|b|r|e|n|d|e|r|,102210fe594ee9b33d82058545b1ed14f4c8206e,LastVisualChange,imdb,True,imdb LastVisualChange opt fission warm webrender,,6,ms,firefox,446544803,1841372927,2024-02-08T17:32:32,762.5,ee866bff81793c45aecb3f5d7d8f4bd0ea93555b,1374322
mozilla-beta,4169841,13,08a4b1c8b40e780c5e1ecb6c2516eea4d9acafb2,macosx1015-64-shippable-qr,True,False,,|f|i|s|s|i|o|n| |w|a|r|m| |w|e|b|r|e|n|d|e|r|,102210fe594ee9b33d82058545b1ed14f4c8206e,LastVisualChange,imdb,True,imdb LastVisualChange opt fission warm webrender,,6,ms,firefox,446561261,1841415696,2024-02-08T19:44:44,783.3,98cb75795f830804c6bbbbb8427c6911e6cac7d5,1374447
mozilla-beta,4169841,13,08a4b1c8b40e780c5e1ecb6c2516eea4d9acafb2,macosx1015-64-shippable-qr,True,False,,|f|i|s|s|i|o|n| |w|a|r|m| |w|e|b|r|e|n|d|e|r|,102210fe594ee9b33d82058545b1ed14f4c8206e,LastVisualChange,imdb,True,imdb LastVisualChange opt fission warm webrender,,6,ms,firefox,446565090,1841457475,2024-02-08T20:39:56,798.3,2994ba711bf024346bee4f7f674bf655fee51d94,1374478
mozilla-beta,4169841,13,08a4b1c8b40e780c5e1ecb6c2516eea4d9acafb2,macosx1015-64-shippable-qr,True,False,,|f|i|s|s|i|o|n| |w|a|r|m| |w|e|b|r|e|n|d|e|r|,102210fe594ee9b33d82058545b1ed14f4c8206e,LastVisualChange,imdb,True,imdb LastVisualChange opt fission warm webrender,,6,ms,firefox,446639967,1841756079,2024-02-09T08:31:04,781.4,97dd2042617d14565270931303e2df2f84f4a8a9,1374719
mozilla-beta,4169841,13,08a4b1c8b40e780c5e1ecb6c2516eea4d9acafb2,macosx1015-64-shippable-qr,True,False,,|f|i|s|s|i|o|n| |w|a|r|m| |w|e|b|r|e|n|d|e|r|,102210fe594ee9b33d82058545b1ed14f4c8206e,LastVisualChange,imdb,True,imdb LastVisualChange opt fission warm webrender,,6,ms,firefox,446643648,1841783419,2024-02-09T09:18:12,804.2,c5825068e5e0ce55bb2147e8de9e7f19615ca3d6,1374738
mozilla-beta,4169841,13,08a4b1c8b40e780c5e1ecb6c2516eea4d9acafb2,macosx1015-64-shippable-qr,True,False,,|f|i|s|s|i|o|n| |w|a|r|m| |w|e|b|r|e|n|d|e|r|,102210fe594ee9b33d82058545b1ed14f4c8206e,LastVisualChange,imdb,True,imdb LastVisualChange opt fission warm webrender,,6,ms,firefox,446660774,1841850665,2024-02-09T10:24:25,826.7,2f3df14b985728e0bcb6a2510d7773bce4749363,1374773
mozilla-beta,4169841,13,08a4b1c8b40e780c5e1ecb6c2516eea4d9acafb2,macosx1015-64-shippable-qr,True,False,,|f|i|s|s|i|o|n| |w|a|r|m| |w|e|b|r|e|n|d|e|r|,102210fe594ee9b33d82058545b1ed14f4c8206e,LastVisualChange,imdb,True,imdb LastVisualChange opt fission warm webrender,,6,ms,firefox,446708350,1841968620,2024-02-09T14:42:41,788.8,1bb55a790d7a3fdbb2b9723e962f28d26d99e7b6,1374899
mozilla-beta,4169841,13,08a4b1c8b40e780c5e1ecb6c2516eea4d9acafb2,macosx1015-64-shippable-qr,True,False,,|f|i|s|s|i|o|n| |w|a|r|m| |w|e|b|r|e|n|d|e|r|,102210fe594ee9b33d82058545b1ed14f4c8206e,LastVisualChange,imdb,True,imdb LastVisualChange opt fission warm webrender,,6,ms,firefox,446793501,1842320380,2024-02-10T09:17:14,801.3,1ecc0a4e5e12282711e6fa3f8d0226dd515d03f7,1375372
mozilla-beta,4169841,13,08a4b1c8b40e780c5e1ecb6c2516eea4d9acafb2,macosx1015-64-shippable-qr,True,False,,|f|i|s|s|i|o|n| |w|a|r|m| |w|e|b|r|e|n|d|e|r|,102210fe594ee9b33d82058545b1ed14f4c8206e,LastVisualChange,imdb,True,imdb LastVisualChange opt fission warm webrender,,6,ms,firefox,446851721,1842555507,2024-02-11T09:17:32,758.5,bfd9eaa704ca4a8e93ea0464631390ffa5a0c1fc,1375470
mozilla-beta,4169841,13,08a4b1c8b40e780c5e1ecb6c2516eea4d9acafb2,macosx1015-64-shippable-qr,True,False,,|f|i|s|s|i|o|n| |w|a|r|m| |w|e|b|r|e|n|d|e|r|,102210fe594ee9b33d82058545b1ed14f4c8206e,LastVisualChange,imdb,True,imdb LastVisualChange opt fission warm webrender,,6,ms,firefox,446865623,1842587377,2024-02-11T11:34:20,765.3,935359ea03adb54539530b07e6314e7d1c8eea56,1375479
mozilla-beta,4169841,13,08a4b1c8b40e780c5e1ecb6c2516eea4d9acafb2,macosx1015-64-shippable-qr,True,False,,|f|i|s|s|i|o|n| |w|a|r|m| |w|e|b|r|e|n|d|e|r|,102210fe594ee9b33d82058545b1ed14f4c8206e,LastVisualChange,imdb,True,imdb LastVisualChange opt fission warm webrender,,6,ms,firefox,446901826,1842784862,2024-02-12T09:17:44,812.9,229f1ec7ec2bbd7b577592168557c93e0cc13a01,1375646
mozilla-beta,4169841,13,08a4b1c8b40e780c5e1ecb6c2516eea4d9acafb2,macosx1015-64-shippable-qr,True,False,,|f|i|s|s|i|o|n| |w|a|r|m| |w|e|b|r|e|n|d|e|r|,102210fe594ee9b33d82058545b1ed14f4c8206e,LastVisualChange,imdb,True,imdb LastVisualChange opt fission warm webrender,,6,ms,firefox,447620170,1845321700,2024-02-19T09:25:31,837.5,efbd175193a69c684c78a68adc4e1862a82ad7b4,1378775
mozilla-beta,4169841,13,08a4b1c8b40e780c5e1ecb6c2516eea4d9acafb2,macosx1015-64-shippable-qr,True,False,,|f|i|s|s|i|o|n| |w|a|r|m| |w|e|b|r|e|n|d|e|r|,102210fe594ee9b33d82058545b1ed14f4c8206e,LastVisualChange,imdb,True,imdb LastVisualChange opt fission warm webrender,,6,ms,firefox,447738820,1845749811,2024-02-20T09:20:55,822.1,68158ab7c66395248f28b96d9f7f86e11d2e8d60,1379160
mozilla-beta,4169841,13,08a4b1c8b40e780c5e1ecb6c2516eea4d9acafb2,macosx1015-64-shippable-qr,True,False,,|f|i|s|s|i|o|n| |w|a|r|m| |w|e|b|r|e|n|d|e|r|,102210fe594ee9b33d82058545b1ed14f4c8206e,LastVisualChange,imdb,True,imdb LastVisualChange opt fission warm webrender,,6,ms,firefox,447876242,1846254738,2024-02-21T09:15:58,790.4,f52b92d785d0346848c447a502d5d50bebd2ea53,1379816
mozilla-beta,4169841,13,08a4b1c8b40e780c5e1ecb6c2516eea4d9acafb2,macosx1015-64-shippable-qr,True,False,,|f|i|s|s|i|o|n| |w|a|r|m| |w|e|b|r|e|n|d|e|r|,102210fe594ee9b33d82058545b1ed14f4c8206e,LastVisualChange,imdb,True,imdb LastVisualChange opt fission warm webrender,,6,ms,firefox,448049799,1847046611,2024-02-22T09:17:41,808.5,92ad84fbd2d3ab2c2d05d5080455a140a126cff5,1380500
mozilla-beta,4169841,13,08a4b1c8b40e780c5e1ecb6c2516eea4d9acafb2,macosx1015-64-shippable-qr,True,False,,|f|i|s|s|i|o|n| |w|a|r|m| |w|e|b|r|e|n|d|e|r|,102210fe594ee9b33d82058545b1ed14f4c8206e,LastVisualChange,imdb,True,imdb LastVisualChange opt fission warm webrender,,6,ms,firefox,448192049,1847699685,2024-02-23T09:17:06,808.9,1ec7aaea5f3d1777524a7330e076d096399ae4f5,1381265
mozilla-beta,4169841,13,08a4b1c8b40e780c5e1ecb6c2516eea4d9acafb2,macosx1015-64-shippable-qr,True,False,,|f|i|s|s|i|o|n| |w|a|r|m| |w|e|b|r|e|n|d|e|r|,102210fe594ee9b33d82058545b1ed14f4c8206e,LastVisualChange,imdb,True,imdb LastVisualChange opt fission warm webrender,,6,ms,firefox,448336516,1848266758,2024-02-24T09:17:22,814.2,957eaa7c057ac32303286a9f151e40393de97f35,1381908
mozilla-beta,4169841,13,08a4b1c8b40e780c5e1ecb6c2516eea4d9acafb2,macosx1015-64-shippable-qr,True,False,,|f|i|s|s|i|o|n| |w|a|r|m| |w|e|b|r|e|n|d|e|r|,102210fe594ee9b33d82058545b1ed14f4c8206e,LastVisualChange,imdb,True,imdb LastVisualChange opt fission warm webrender,,6,ms,firefox,448390907,1848444512,2024-02-25T09:17:37,801.1,934697c1247f8a7f0990d97d055540f17de9b474,1382031
mozilla-beta,4169841,13,08a4b1c8b40e780c5e1ecb6c2516eea4d9acafb2,macosx1015-64-shippable-qr,True,False,,|f|i|s|s|i|o|n| |w|a|r|m| |w|e|b|r|e|n|d|e|r|,102210fe594ee9b33d82058545b1ed14f4c8206e,LastVisualChange,imdb,True,imdb LastVisualChange opt fission warm webrender,,6,ms,firefox,448444964,1848634035,2024-02-26T09:19:39,815.0,ae07067467cc71fb031882787bfc03933b389664,1382178
mozilla-beta,4169841,13,08a4b1c8b40e780c5e1ecb6c2516eea4d9acafb2,macosx1015-64-shippable-qr,True,False,,|f|i|s|s|i|o|n| |w|a|r|m| |w|e|b|r|e|n|d|e|r|,102210fe594ee9b33d82058545b1ed14f4c8206e,LastVisualChange,imdb,True,imdb LastVisualChange opt fission warm webrender,,6,ms,firefox,448601793,1849278086,2024-02-27T09:15:26,817.6,0999ed6a09f562ac5680ce7111c3611857a93c49,1382853
mozilla-beta,4169841,13,08a4b1c8b40e780c5e1ecb6c2516eea4d9acafb2,macosx1015-64-shippable-qr,True,False,,|f|i|s|s|i|o|n| |w|a|r|m| |w|e|b|r|e|n|d|e|r|,102210fe594ee9b33d82058545b1ed14f4c8206e,LastVisualChange,imdb,True,imdb LastVisualChange opt fission warm webrender,,6,ms,firefox,448756883,1849886592,2024-02-28T09:17:14,747.1,401ddd57f906d5e7ca764f87db82b58a9532b1b7,1383641
mozilla-beta,4169841,13,08a4b1c8b40e780c5e1ecb6c2516eea4d9acafb2,macosx1015-64-shippable-qr,True,False,,|f|i|s|s|i|o|n| |w|a|r|m| |w|e|b|r|e|n|d|e|r|,102210fe594ee9b33d82058545b1ed14f4c8206e,LastVisualChange,imdb,True,imdb LastVisualChange opt fission warm webrender,,6,ms,firefox,448945510,1850615104,2024-02-29T09:18:56,809.0,47a022d40eee30f09c94e7ed9ab0c07c76658c43,1384386
mozilla-beta,4169841,13,08a4b1c8b40e780c5e1ecb6c2516eea4d9acafb2,macosx1015-64-shippable-qr,True,False,,|f|i|s|s|i|o|n| |w|a|r|m| |w|e|b|r|e|n|d|e|r|,102210fe594ee9b33d82058545b1ed14f4c8206e,LastVisualChange,imdb,True,imdb LastVisualChange opt fission warm webrender,,6,ms,firefox,448947212,1850623252,2024-02-29T09:18:56,747.0,47a022d40eee30f09c94e7ed9ab0c07c76658c43,1384386
mozilla-beta,4169841,13,08a4b1c8b40e780c5e1ecb6c2516eea4d9acafb2,macosx1015-64-shippable-qr,True,False,,|f|i|s|s|i|o|n| |w|a|r|m| |w|e|b|r|e|n|d|e|r|,102210fe594ee9b33d82058545b1ed14f4c8206e,LastVisualChange,imdb,True,imdb LastVisualChange opt fission warm webrender,,6,ms,firefox,449086708,1851254695,2024-03-01T09:18:52,802.0,4460e94868c1046b2812fc3a0940966d4a98a7c5,1385270
mozilla-beta,4169841,13,08a4b1c8b40e780c5e1ecb6c2516eea4d9acafb2,macosx1015-64-shippable-qr,True,False,,|f|i|s|s|i|o|n| |w|a|r|m| |w|e|b|r|e|n|d|e|r|,102210fe594ee9b33d82058545b1ed14f4c8206e,LastVisualChange,imdb,True,imdb LastVisualChange opt fission warm webrender,,6,ms,firefox,449201692,1851684534,2024-03-02T09:17:43,827.5,1cb56ccffcba9313d8620178c2972a667fcfb441,1385896
mozilla-beta,4169841,13,08a4b1c8b40e780c5e1ecb6c2516eea4d9acafb2,macosx1015-64-shippable-qr,True,False,,|f|i|s|s|i|o|n| |w|a|r|m| |w|e|b|r|e|n|d|e|r|,102210fe594ee9b33d82058545b1ed14f4c8206e,LastVisualChange,imdb,True,imdb LastVisualChange opt fission warm webrender,,6,ms,firefox,449305916,1852088281,2024-03-03T09:19:05,779.0,bfdc95d345acc33d49664c07e599896f13fcfe83,1386049
mozilla-beta,4169841,13,08a4b1c8b40e780c5e1ecb6c2516eea4d9acafb2,macosx1015-64-shippable-qr,True,False,,|f|i|s|s|i|o|n| |w|a|r|m| |w|e|b|r|e|n|d|e|r|,102210fe594ee9b33d82058545b1ed14f4c8206e,LastVisualChange,imdb,True,imdb LastVisualChange opt fission warm webrender,,6,ms,firefox,449382344,1852412180,2024-03-04T09:17:53,802.2,27d659cebabdf65399b834419b955970b7063987,1386240
mozilla-beta,4169841,13,08a4b1c8b40e780c5e1ecb6c2516eea4d9acafb2,macosx1015-64-shippable-qr,True,False,,|f|i|s|s|i|o|n| |w|a|r|m| |w|e|b|r|e|n|d|e|r|,102210fe594ee9b33d82058545b1ed14f4c8206e,LastVisualChange,imdb,True,imdb LastVisualChange opt fission warm webrender,,6,ms,firefox,449584826,1853126034,2024-03-05T09:18:16,794.8,ca3c73cda9454065f94c8042e1ab22f3b63d37e4,1387064
mozilla-beta,4169841,13,08a4b1c8b40e780c5e1ecb6c2516eea4d9acafb2,macosx1015-64-shippable-qr,True,False,,|f|i|s|s|i|o|n| |w|a|r|m| |w|e|b|r|e|n|d|e|r|,102210fe594ee9b33d82058545b1ed14f4c8206e,LastVisualChange,imdb,True,imdb LastVisualChange opt fission warm webrender,,6,ms,firefox,449757336,1853774800,2024-03-06T10:47:56,801.2,e3e0e69d83f0a2b2c37c8c08e660f9e1258c0cdb,1388026
mozilla-beta,4169841,13,08a4b1c8b40e780c5e1ecb6c2516eea4d9acafb2,macosx1015-64-shippable-qr,True,False,,|f|i|s|s|i|o|n| |w|a|r|m| |w|e|b|r|e|n|d|e|r|,102210fe594ee9b33d82058545b1ed14f4c8206e,LastVisualChange,imdb,True,imdb LastVisualChange opt fission warm webrender,,6,ms,firefox,449915165,1854408612,2024-03-07T09:17:51,776.8,f8d8807e88c8d0cef0e81df53f18d2599dba30c0,1388859
mozilla-beta,4169841,13,08a4b1c8b40e780c5e1ecb6c2516eea4d9acafb2,macosx1015-64-shippable-qr,True,False,,|f|i|s|s|i|o|n| |w|a|r|m| |w|e|b|r|e|n|d|e|r|,102210fe594ee9b33d82058545b1ed14f4c8206e,LastVisualChange,imdb,True,imdb LastVisualChange opt fission warm webrender,,6,ms,firefox,450053242,1855037653,2024-03-08T09:16:26,748.4,70ebd4ce1fd92e981156d6ee8b4c83924bbcf9bc,1389590
mozilla-beta,4169841,13,08a4b1c8b40e780c5e1ecb6c2516eea4d9acafb2,macosx1015-64-shippable-qr,True,False,,|f|i|s|s|i|o|n| |w|a|r|m| |w|e|b|r|e|n|d|e|r|,102210fe594ee9b33d82058545b1ed14f4c8206e,LastVisualChange,imdb,True,imdb LastVisualChange opt fission warm webrender,,6,ms,firefox,450187441,1855583666,2024-03-09T09:18:50,777.5,cf5738c4ba92559e15bf68b7425362ee9cf06c4f,1390177
mozilla-beta,4169841,13,08a4b1c8b40e780c5e1ecb6c2516eea4d9acafb2,macosx1015-64-shippable-qr,True,False,,|f|i|s|s|i|o|n| |w|a|r|m| |w|e|b|r|e|n|d|e|r|,102210fe594ee9b33d82058545b1ed14f4c8206e,LastVisualChange,imdb,True,imdb LastVisualChange opt fission warm webrender,,6,ms,firefox,450245428,1855779367,2024-03-10T09:17:47,774.3,540aff2c4e3fb06d8f2d7237c0f97e2607f66db2,1390270
mozilla-beta,4169841,13,08a4b1c8b40e780c5e1ecb6c2516eea4d9acafb2,macosx1015-64-shippable-qr,True,False,,|f|i|s|s|i|o|n| |w|a|r|m| |w|e|b|r|e|n|d|e|r|,102210fe594ee9b33d82058545b1ed14f4c8206e,LastVisualChange,imdb,True,imdb LastVisualChange opt fission warm webrender,,6,ms,firefox,450307347,1856042380,2024-03-11T09:18:41,783.0,0cf99846ae207384b7b0d487a0c2bdc891c41b98,1390441
mozilla-beta,4169841,13,08a4b1c8b40e780c5e1ecb6c2516eea4d9acafb2,macosx1015-64-shippable-qr,True,False,,|f|i|s|s|i|o|n| |w|a|r|m| |w|e|b|r|e|n|d|e|r|,102210fe594ee9b33d82058545b1ed14f4c8206e,LastVisualChange,imdb,True,imdb LastVisualChange opt fission warm webrender,,6,ms,firefox,450466664,1856641981,2024-03-11T14:13:13,801.6,0e1d5dc220c3bfb832d713de0ad1146da80622aa,1390540
mozilla-beta,4169841,13,08a4b1c8b40e780c5e1ecb6c2516eea4d9acafb2,macosx1015-64-shippable-qr,True,False,,|f|i|s|s|i|o|n| |w|a|r|m| |w|e|b|r|e|n|d|e|r|,102210fe594ee9b33d82058545b1ed14f4c8206e,LastVisualChange,imdb,True,imdb LastVisualChange opt fission warm webrender,,6,ms,firefox,451102513,1859473281,2024-03-18T08:55:08,825.8,566939372e5a2716a9508a1acde76dc7c4a2511d,1394231
mozilla-beta,4169841,13,08a4b1c8b40e780c5e1ecb6c2516eea4d9acafb2,macosx1015-64-shippable-qr,True,False,,|f|i|s|s|i|o|n| |w|a|r|m| |w|e|b|r|e|n|d|e|r|,102210fe594ee9b33d82058545b1ed14f4c8206e,LastVisualChange,imdb,True,imdb LastVisualChange opt fission warm webrender,,6,ms,firefox,451274386,1860159501,2024-03-19T09:38:35,812.1,0a6626ed41f59eb0256321549dcb596810cde22a,1394680
mozilla-beta,4169841,13,08a4b1c8b40e780c5e1ecb6c2516eea4d9acafb2,macosx1015-64-shippable-qr,True,False,,|f|i|s|s|i|o|n| |w|a|r|m| |w|e|b|r|e|n|d|e|r|,102210fe594ee9b33d82058545b1ed14f4c8206e,LastVisualChange,imdb,True,imdb LastVisualChange opt fission warm webrender,,6,ms,firefox,451456320,1860889973,2024-03-20T09:17:24,818.0,ffae974400aead10a82798846de082587d2f8981,1395090
mozilla-beta,4169841,13,08a4b1c8b40e780c5e1ecb6c2516eea4d9acafb2,macosx1015-64-shippable-qr,True,False,,|f|i|s|s|i|o|n| |w|a|r|m| |w|e|b|r|e|n|d|e|r|,102210fe594ee9b33d82058545b1ed14f4c8206e,LastVisualChange,imdb,True,imdb LastVisualChange opt fission warm webrender,,6,ms,firefox,451656152,1861676714,2024-03-21T09:16:03,829.9,5ef320087fe3720e882d8e1c7a12b1295c818ebd,1395733
mozilla-beta,4169841,13,08a4b1c8b40e780c5e1ecb6c2516eea4d9acafb2,macosx1015-64-shippable-qr,True,False,,|f|i|s|s|i|o|n| |w|a|r|m| |w|e|b|r|e|n|d|e|r|,102210fe594ee9b33d82058545b1ed14f4c8206e,LastVisualChange,imdb,True,imdb LastVisualChange opt fission warm webrender,,6,ms,firefox,451876480,1862453033,2024-03-22T09:16:22,808.6,ee89d28fdf0e54ffce41da17f83535e68cbb3c2d,1397233
mozilla-beta,4169841,13,08a4b1c8b40e780c5e1ecb6c2516eea4d9acafb2,macosx1015-64-shippable-qr,True,False,,|f|i|s|s|i|o|n| |w|a|r|m| |w|e|b|r|e|n|d|e|r|,102210fe594ee9b33d82058545b1ed14f4c8206e,LastVisualChange,imdb,True,imdb LastVisualChange opt fission warm webrender,,6,ms,firefox,452005078,1863006227,2024-03-23T09:19:32,815.4,77e3a282dfd4685e94c03ecd5b18624226e19b27,1397823
mozilla-beta,4169841,13,08a4b1c8b40e780c5e1ecb6c2516eea4d9acafb2,macosx1015-64-shippable-qr,True,False,,|f|i|s|s|i|o|n| |w|a|r|m| |w|e|b|r|e|n|d|e|r|,102210fe594ee9b33d82058545b1ed14f4c8206e,LastVisualChange,imdb,True,imdb LastVisualChange opt fission warm webrender,,6,ms,firefox,452071219,1863279626,2024-03-24T09:20:06,820.8,3d85a80706c8f8aa0641870ddd524cfea4891444,1397933
mozilla-beta,4169841,13,08a4b1c8b40e780c5e1ecb6c2516eea4d9acafb2,macosx1015-64-shippable-qr,True,False,,|f|i|s|s|i|o|n| |w|a|r|m| |w|e|b|r|e|n|d|e|r|,102210fe594ee9b33d82058545b1ed14f4c8206e,LastVisualChange,imdb,True,imdb LastVisualChange opt fission warm webrender,,6,ms,firefox,452147414,1863611061,2024-03-25T09:14:08,823.6,e44d7c643476811488fd811c8bba2509843641c1,1398053
mozilla-beta,4169841,13,08a4b1c8b40e780c5e1ecb6c2516eea4d9acafb2,macosx1015-64-shippable-qr,True,False,,|f|i|s|s|i|o|n| |w|a|r|m| |w|e|b|r|e|n|d|e|r|,102210fe594ee9b33d82058545b1ed14f4c8206e,LastVisualChange,imdb,True,imdb LastVisualChange opt fission warm webrender,,6,ms,firefox,452325907,1864339931,2024-03-26T09:15:47,815.7,d301ddf00248b484c7738710f6c8b8505b83f314,1398856
mozilla-beta,4169841,13,08a4b1c8b40e780c5e1ecb6c2516eea4d9acafb2,macosx1015-64-shippable-qr,True,False,,|f|i|s|s|i|o|n| |w|a|r|m| |w|e|b|r|e|n|d|e|r|,102210fe594ee9b33d82058545b1ed14f4c8206e,LastVisualChange,imdb,True,imdb LastVisualChange opt fission warm webrender,,6,ms,firefox,452491593,1865039156,2024-03-27T09:22:50,815.3,2961c0291c90821915e323eb718526343c9002f6,1399681
mozilla-beta,4169841,13,08a4b1c8b40e780c5e1ecb6c2516eea4d9acafb2,macosx1015-64-shippable-qr,True,False,,|f|i|s|s|i|o|n| |w|a|r|m| |w|e|b|r|e|n|d|e|r|,102210fe594ee9b33d82058545b1ed14f4c8206e,LastVisualChange,imdb,True,imdb LastVisualChange opt fission warm webrender,,6,ms,firefox,452661257,1865681104,2024-03-28T09:19:58,820.3,d8ff3d0abda00419cb16fc609e8bd1b548a22f20,1400430
mozilla-beta,4169841,13,08a4b1c8b40e780c5e1ecb6c2516eea4d9acafb2,macosx1015-64-shippable-qr,True,False,,|f|i|s|s|i|o|n| |w|a|r|m| |w|e|b|r|e|n|d|e|r|,102210fe594ee9b33d82058545b1ed14f4c8206e,LastVisualChange,imdb,True,imdb LastVisualChange opt fission warm webrender,,6,ms,firefox,452805320,1866315827,2024-03-29T09:19:18,792.3,9d8459103ff084e7123569e4154861e4814b1a5c,1401077
mozilla-beta,4169841,13,08a4b1c8b40e780c5e1ecb6c2516eea4d9acafb2,macosx1015-64-shippable-qr,True,False,,|f|i|s|s|i|o|n| |w|a|r|m| |w|e|b|r|e|n|d|e|r|,102210fe594ee9b33d82058545b1ed14f4c8206e,LastVisualChange,imdb,True,imdb LastVisualChange opt fission warm webrender,,6,ms,firefox,452920330,1866763573,2024-03-30T09:18:58,764.9,fba6666cd8c543502ed302f3b88b3f3a3ad1b0a5,1401447
mozilla-beta,4169841,13,08a4b1c8b40e780c5e1ecb6c2516eea4d9acafb2,macosx1015-64-shippable-qr,True,False,,|f|i|s|s|i|o|n| |w|a|r|m| |w|e|b|r|e|n|d|e|r|,102210fe594ee9b33d82058545b1ed14f4c8206e,LastVisualChange,imdb,True,imdb LastVisualChange opt fission warm webrender,,6,ms,firefox,452976727,1866976081,2024-03-31T09:17:23,795.2,6d71e191ef0c59ab08e1f033675d55f11f8d745f,1401517
mozilla-beta,4169841,13,08a4b1c8b40e780c5e1ecb6c2516eea4d9acafb2,macosx1015-64-shippable-qr,True,False,,|f|i|s|s|i|o|n| |w|a|r|m| |w|e|b|r|e|n|d|e|r|,102210fe594ee9b33d82058545b1ed14f4c8206e,LastVisualChange,imdb,True,imdb LastVisualChange opt fission warm webrender,,6,ms,firefox,453033728,1867178579,2024-04-01T09:16:00,803.6,705c01f25fd07ab305f171f08f4ec807d926b61a,1401632
mozilla-beta,4169841,13,08a4b1c8b40e780c5e1ecb6c2516eea4d9acafb2,macosx1015-64-shippable-qr,True,False,,|f|i|s|s|i|o|n| |w|a|r|m| |w|e|b|r|e|n|d|e|r|,102210fe594ee9b33d82058545b1ed14f4c8206e,LastVisualChange,imdb,True,imdb LastVisualChange opt fission warm webrender,,6,ms,firefox,453182221,1867729717,2024-04-02T09:18:04,829.9,e16ab0e5c2ea33875bc9659e41e54fb7247aac99,1402189
mozilla-beta,4169841,13,08a4b1c8b40e780c5e1ecb6c2516eea4d9acafb2,macosx1015-64-shippable-qr,True,False,,|f|i|s|s|i|o|n| |w|a|r|m| |w|e|b|r|e|n|d|e|r|,102210fe594ee9b33d82058545b1ed14f4c8206e,LastVisualChange,imdb,True,imdb LastVisualChange opt fission warm webrender,,6,ms,firefox,453388191,1868515907,2024-04-03T09:16:02,794.7,112b84c83c8e3dfdce67608701b29c4a5174cfc0,1402980
mozilla-beta,4169841,13,08a4b1c8b40e780c5e1ecb6c2516eea4d9acafb2,macosx1015-64-shippable-qr,True,False,,|f|i|s|s|i|o|n| |w|a|r|m| |w|e|b|r|e|n|d|e|r|,102210fe594ee9b33d82058545b1ed14f4c8206e,LastVisualChange,imdb,True,imdb LastVisualChange opt fission warm webrender,,6,ms,firefox,453487580,1868894057,2024-04-04T09:18:18,798.9,848a5dd2f03333916deef2de0bd480f76ee8e2ec,1403785
mozilla-beta,4169841,13,08a4b1c8b40e780c5e1ecb6c2516eea4d9acafb2,macosx1015-64-shippable-qr,True,False,,|f|i|s|s|i|o|n| |w|a|r|m| |w|e|b|r|e|n|d|e|r|,102210fe594ee9b33d82058545b1ed14f4c8206e,LastVisualChange,imdb,True,imdb LastVisualChange opt fission warm webrender,,6,ms,firefox,453620043,1869443756,2024-04-05T09:18:28,765.6,86f05a3e07907e08cf22b59ea204a889fdd3a50f,1404535
mozilla-beta,4169841,13,08a4b1c8b40e780c5e1ecb6c2516eea4d9acafb2,macosx1015-64-shippable-qr,True,False,,|f|i|s|s|i|o|n| |w|a|r|m| |w|e|b|r|e|n|d|e|r|,102210fe594ee9b33d82058545b1ed14f4c8206e,LastVisualChange,imdb,True,imdb LastVisualChange opt fission warm webrender,,6,ms,firefox,453756007,1870042045,2024-04-06T09:20:39,832.9,da83bf954eeaf0d60535435699e22d1bdab9b0c9,1405215
mozilla-beta,4169841,13,08a4b1c8b40e780c5e1ecb6c2516eea4d9acafb2,macosx1015-64-shippable-qr,True,False,,|f|i|s|s|i|o|n| |w|a|r|m| |w|e|b|r|e|n|d|e|r|,102210fe594ee9b33d82058545b1ed14f4c8206e,LastVisualChange,imdb,True,imdb LastVisualChange opt fission warm webrender,,6,ms,firefox,453820300,1870297431,2024-04-07T09:17:44,803.4,dad2699f2155c61aebd7d696cc82932726b75e3c,1405323
mozilla-beta,4169841,13,08a4b1c8b40e780c5e1ecb6c2516eea4d9acafb2,macosx1015-64-shippable-qr,True,False,,|f|i|s|s|i|o|n| |w|a|r|m| |w|e|b|r|e|n|d|e|r|,102210fe594ee9b33d82058545b1ed14f4c8206e,LastVisualChange,imdb,True,imdb LastVisualChange opt fission warm webrender,,6,ms,firefox,453884252,1870588888,2024-04-08T09:22:27,793.7,8d35730992fa27721373e9a72c891e9dc91b1e24,1405479
mozilla-beta,4169841,13,08a4b1c8b40e780c5e1ecb6c2516eea4d9acafb2,macosx1015-64-shippable-qr,True,False,,|f|i|s|s|i|o|n| |w|a|r|m| |w|e|b|r|e|n|d|e|r|,102210fe594ee9b33d82058545b1ed14f4c8206e,LastVisualChange,imdb,True,imdb LastVisualChange opt fission warm webrender,,6,ms,firefox,454061455,1871306056,2024-04-08T15:33:15,765.8,4e51542f4ccd3c2e5ba3ad9f16cfb13c2b967ba9,1405725
mozilla-beta,4169841,13,08a4b1c8b40e780c5e1ecb6c2516eea4d9acafb2,macosx1015-64-shippable-qr,True,False,,|f|i|s|s|i|o|n| |w|a|r|m| |w|e|b|r|e|n|d|e|r|,102210fe594ee9b33d82058545b1ed14f4c8206e,LastVisualChange,imdb,True,imdb LastVisualChange opt fission warm webrender,,6,ms,firefox,454534916,1873951102,2024-04-15T10:01:36,811.6,661ff1b9ed7bf303e9169dceb043702b7d51ef20,1408728
mozilla-beta,4169841,13,08a4b1c8b40e780c5e1ecb6c2516eea4d9acafb2,macosx1015-64-shippable-qr,True,False,,|f|i|s|s|i|o|n| |w|a|r|m| |w|e|b|r|e|n|d|e|r|,102210fe594ee9b33d82058545b1ed14f4c8206e,LastVisualChange,imdb,True,imdb LastVisualChange opt fission warm webrender,,6,ms,firefox,454708891,1874697511,2024-04-16T09:39:32,828.6,636d77d668ab9281936ff63e48accb5b1ff475da,1409497
mozilla-beta,4169841,13,08a4b1c8b40e780c5e1ecb6c2516eea4d9acafb2,macosx1015-64-shippable-qr,True,False,,|f|i|s|s|i|o|n| |w|a|r|m| |w|e|b|r|e|n|d|e|r|,102210fe594ee9b33d82058545b1ed14f4c8206e,LastVisualChange,imdb,True,imdb LastVisualChange opt fission warm webrender,,6,ms,firefox,454840498,1875382628,2024-04-17T09:19:40,813.4,de50e72d13d30fea9aa987c75dbc16e138261f33,1410379
mozilla-beta,4169841,13,08a4b1c8b40e780c5e1ecb6c2516eea4d9acafb2,macosx1015-64-shippable-qr,True,False,,|f|i|s|s|i|o|n| |w|a|r|m| |w|e|b|r|e|n|d|e|r|,102210fe594ee9b33d82058545b1ed14f4c8206e,LastVisualChange,imdb,True,imdb LastVisualChange opt fission warm webrender,,6,ms,firefox,454988004,1876006104,2024-04-18T09:20:53,811.4,a863a33698239851dc5fd23f3c949f866d1f0f34,1411325
mozilla-beta,4169841,13,08a4b1c8b40e780c5e1ecb6c2516eea4d9acafb2,macosx1015-64-shippable-qr,True,False,,|f|i|s|s|i|o|n| |w|a|r|m| |w|e|b|r|e|n|d|e|r|,102210fe594ee9b33d82058545b1ed14f4c8206e,LastVisualChange,imdb,True,imdb LastVisualChange opt fission warm webrender,,6,ms,firefox,455144121,1876958864,2024-04-19T09:26:09,774.7,c0fa9fa5581346bd24fb8df1e56520a1ab09c320,1412122
mozilla-beta,4169841,13,08a4b1c8b40e780c5e1ecb6c2516eea4d9acafb2,macosx1015-64-shippable-qr,True,False,,|f|i|s|s|i|o|n| |w|a|r|m| |w|e|b|r|e|n|d|e|r|,102210fe594ee9b33d82058545b1ed14f4c8206e,LastVisualChange,imdb,True,imdb LastVisualChange opt fission warm webrender,,6,ms,firefox,455266079,1877576054,2024-04-20T09:20:43,833.5,08c5ccbc227d2a7a3b9c2e25c028672c95324e46,1412720
mozilla-beta,4169841,13,08a4b1c8b40e780c5e1ecb6c2516eea4d9acafb2,macosx1015-64-shippable-qr,True,False,,|f|i|s|s|i|o|n| |w|a|r|m| |w|e|b|r|e|n|d|e|r|,102210fe594ee9b33d82058545b1ed14f4c8206e,LastVisualChange,imdb,True,imdb LastVisualChange opt fission warm webrender,,6,ms,firefox,455306936,1877752600,2024-04-21T09:21:28,813.1,5fcb3101ac687798d63cc828dd860f176e504485,1412801
mozilla-beta,4169841,13,08a4b1c8b40e780c5e1ecb6c2516eea4d9acafb2,macosx1015-64-shippable-qr,True,False,,|f|i|s|s|i|o|n| |w|a|r|m| |w|e|b|r|e|n|d|e|r|,102210fe594ee9b33d82058545b1ed14f4c8206e,LastVisualChange,imdb,True,imdb LastVisualChange opt fission warm webrender,,6,ms,firefox,455362068,1878107806,2024-04-22T09:19:40,782.2,9d4b914d92b130add8f178e9b5ca738ff713d826,1412983
mozilla-beta,4169841,13,08a4b1c8b40e780c5e1ecb6c2516eea4d9acafb2,macosx1015-64-shippable-qr,True,False,,|f|i|s|s|i|o|n| |w|a|r|m| |w|e|b|r|e|n|d|e|r|,102210fe594ee9b33d82058545b1ed14f4c8206e,LastVisualChange,imdb,True,imdb LastVisualChange opt fission warm webrender,,6,ms,firefox,455542422,1878911939,2024-04-23T11:56:00,775.4,5cdb2f8e60b06efb312a22abddb6cf9062a03bde,1413922
mozilla-beta,4169841,13,08a4b1c8b40e780c5e1ecb6c2516eea4d9acafb2,macosx1015-64-shippable-qr,True,False,,|f|i|s|s|i|o|n| |w|a|r|m| |w|e|b|r|e|n|d|e|r|,102210fe594ee9b33d82058545b1ed14f4c8206e,LastVisualChange,imdb,True,imdb LastVisualChange opt fission warm webrender,,6,ms,firefox,455670420,1879701590,2024-04-24T09:17:56,802.8,5238516b327c5721e0ca31a9cdc2b52972aab980,1414697
mozilla-beta,4169841,13,08a4b1c8b40e780c5e1ecb6c2516eea4d9acafb2,macosx1015-64-shippable-qr,True,False,,|f|i|s|s|i|o|n| |w|a|r|m| |w|e|b|r|e|n|d|e|r|,102210fe594ee9b33d82058545b1ed14f4c8206e,LastVisualChange,imdb,True,imdb LastVisualChange opt fission warm webrender,,6,ms,firefox,455821237,548588,2024-04-25T09:21:28,789.9,bc66aa65643eb49777eb4b9aa39688abf685bb04,1415835
mozilla-beta,4169841,13,08a4b1c8b40e780c5e1ecb6c2516eea4d9acafb2,macosx1015-64-shippable-qr,True,False,,|f|i|s|s|i|o|n| |w|a|r|m| |w|e|b|r|e|n|d|e|r|,102210fe594ee9b33d82058545b1ed14f4c8206e,LastVisualChange,imdb,True,imdb LastVisualChange opt fission warm webrender,,6,ms,firefox,455982279,1251389,2024-04-26T09:17:20,807.1,33536b8cf71a5cdaa174a5f02fc8fde525c0fa91,1416660
mozilla-beta,4169841,13,08a4b1c8b40e780c5e1ecb6c2516eea4d9acafb2,macosx1015-64-shippable-qr,True,False,,|f|i|s|s|i|o|n| |w|a|r|m| |w|e|b|r|e|n|d|e|r|,102210fe594ee9b33d82058545b1ed14f4c8206e,LastVisualChange,imdb,True,imdb LastVisualChange opt fission warm webrender,,6,ms,firefox,456110530,1823206,2024-04-27T09:17:32,762.3,6095688cc01d96bc2f3e2f065304c0e411a65cfa,1417247
mozilla-beta,4169841,13,08a4b1c8b40e780c5e1ecb6c2516eea4d9acafb2,macosx1015-64-shippable-qr,True,False,,|f|i|s|s|i|o|n| |w|a|r|m| |w|e|b|r|e|n|d|e|r|,102210fe594ee9b33d82058545b1ed14f4c8206e,LastVisualChange,imdb,True,imdb LastVisualChange opt fission warm webrender,,6,ms,firefox,456178411,2142794,2024-04-28T09:20:44,792.5,b7da94d4ea323cf6227112f6b413d76b135a62b4,1417375
mozilla-beta,4169841,13,08a4b1c8b40e780c5e1ecb6c2516eea4d9acafb2,macosx1015-64-shippable-qr,True,False,,|f|i|s|s|i|o|n| |w|a|r|m| |w|e|b|r|e|n|d|e|r|,102210fe594ee9b33d82058545b1ed14f4c8206e,LastVisualChange,imdb,True,imdb LastVisualChange opt fission warm webrender,,6,ms,firefox,456240991,2496278,2024-04-29T09:17:43,822.3,eabc48135fde74a52c97a390c112adfe37d93772,1417533
mozilla-beta,4169841,13,08a4b1c8b40e780c5e1ecb6c2516eea4d9acafb2,macosx1015-64-shippable-qr,True,False,,|f|i|s|s|i|o|n| |w|a|r|m| |w|e|b|r|e|n|d|e|r|,102210fe594ee9b33d82058545b1ed14f4c8206e,LastVisualChange,imdb,True,imdb LastVisualChange opt fission warm webrender,,6,ms,firefox,456407751,3274916,2024-04-30T09:14:45,778.2,6d159a881cdd423e3c82ccde5d9bfd0afb27dee8,1418361
mozilla-beta,4169841,13,08a4b1c8b40e780c5e1ecb6c2516eea4d9acafb2,macosx1015-64-shippable-qr,True,False,,|f|i|s|s|i|o|n| |w|a|r|m| |w|e|b|r|e|n|d|e|r|,102210fe594ee9b33d82058545b1ed14f4c8206e,LastVisualChange,imdb,True,imdb LastVisualChange opt fission warm webrender,,6,ms,firefox,456546478,3919458,2024-05-01T02:27:18,776.5,0da0366a9c0c4329976fed310df3a4ede1dbbd5e,1419003
mozilla-beta,4169841,13,08a4b1c8b40e780c5e1ecb6c2516eea4d9acafb2,macosx1015-64-shippable-qr,True,False,,|f|i|s|s|i|o|n| |w|a|r|m| |w|e|b|r|e|n|d|e|r|,102210fe594ee9b33d82058545b1ed14f4c8206e,LastVisualChange,imdb,True,imdb LastVisualChange opt fission warm webrender,,6,ms,firefox,456673934,4654645,2024-05-02T09:18:48,806.5,2c1b332c32fbb367785158b4dd9888dcad9e3b43,1419643
mozilla-beta,4169841,13,08a4b1c8b40e780c5e1ecb6c2516eea4d9acafb2,macosx1015-64-shippable-qr,True,False,,|f|i|s|s|i|o|n| |w|a|r|m| |w|e|b|r|e|n|d|e|r|,102210fe594ee9b33d82058545b1ed14f4c8206e,LastVisualChange,imdb,True,imdb LastVisualChange opt fission warm webrender,,6,ms,firefox,456962650,6267687,2024-05-04T09:19:04,711.2,1f075135dc3c0a87ad33c7686f35064010169efe,1421173
mozilla-beta,4169841,13,08a4b1c8b40e780c5e1ecb6c2516eea4d9acafb2,macosx1015-64-shippable-qr,True,False,,|f|i|s|s|i|o|n| |w|a|r|m| |w|e|b|r|e|n|d|e|r|,102210fe594ee9b33d82058545b1ed14f4c8206e,LastVisualChange,imdb,True,imdb LastVisualChange opt fission warm webrender,,6,ms,firefox,457019541,6571846,2024-05-05T09:16:13,778.8,247ffa71e901a9d3a97fcb408c22633e145033f4,1421425
mozilla-beta,4169841,13,08a4b1c8b40e780c5e1ecb6c2516eea4d9acafb2,macosx1015-64-shippable-qr,True,False,,|f|i|s|s|i|o|n| |w|a|r|m| |w|e|b|r|e|n|d|e|r|,102210fe594ee9b33d82058545b1ed14f4c8206e,LastVisualChange,imdb,True,imdb LastVisualChange opt fission warm webrender,,6,ms,firefox,457087700,6982690,2024-05-06T09:19:25,756.8,1d9f6a8927e833a3af5199d5abc8cfbd59d5d1c3,1421578
mozilla-beta,4169841,13,08a4b1c8b40e780c5e1ecb6c2516eea4d9acafb2,macosx1015-64-shippable-qr,True,False,,|f|i|s|s|i|o|n| |w|a|r|m| |w|e|b|r|e|n|d|e|r|,102210fe594ee9b33d82058545b1ed14f4c8206e,LastVisualChange,imdb,True,imdb LastVisualChange opt fission warm webrender,,6,ms,firefox,457279278,7782465,2024-05-07T02:26:25,849.3,bb27fed51c182d491237d4b6c5d9d288b829632a,1422305
mozilla-beta,4169841,13,08a4b1c8b40e780c5e1ecb6c2516eea4d9acafb2,macosx1015-64-shippable-qr,True,False,,|f|i|s|s|i|o|n| |w|a|r|m| |w|e|b|r|e|n|d|e|r|,102210fe594ee9b33d82058545b1ed14f4c8206e,LastVisualChange,imdb,True,imdb LastVisualChange opt fission warm webrender,,6,ms,firefox,457440102,8617641,2024-05-08T02:26:13,776.3,1323983c417a4980905fd060983095c1d656af5a,1423228
mozilla-beta,4169841,13,08a4b1c8b40e780c5e1ecb6c2516eea4d9acafb2,macosx1015-64-shippable-qr,True,False,,|f|i|s|s|i|o|n| |w|a|r|m| |w|e|b|r|e|n|d|e|r|,102210fe594ee9b33d82058545b1ed14f4c8206e,LastVisualChange,imdb,True,imdb LastVisualChange opt fission warm webrender,,6,ms,firefox,457590101,9351438,2024-05-09T02:26:17,696.1,9c9e3c937e0045b5b55d24a196b586572335be99,1423966
mozilla-beta,4169841,13,08a4b1c8b40e780c5e1ecb6c2516eea4d9acafb2,macosx1015-64-shippable-qr,True,False,,|f|i|s|s|i|o|n| |w|a|r|m| |w|e|b|r|e|n|d|e|r|,102210fe594ee9b33d82058545b1ed14f4c8206e,LastVisualChange,imdb,True,imdb LastVisualChange opt fission warm webrender,,6,ms,firefox,457709251,9942529,2024-05-10T02:27:26,789.2,a469508e2a1923a39aa0fc12776200f49afb81b2,1424457
mozilla-beta,4169841,13,08a4b1c8b40e780c5e1ecb6c2516eea4d9acafb2,macosx1015-64-shippable-qr,True,False,,|f|i|s|s|i|o|n| |w|a|r|m| |w|e|b|r|e|n|d|e|r|,102210fe594ee9b33d82058545b1ed14f4c8206e,LastVisualChange,imdb,True,imdb LastVisualChange opt fission warm webrender,,6,ms,firefox,457795579,10360566,2024-05-11T02:29:04,761.5,dced07666ca18348a6f14fbe592de748c04ff00d,1425055
mozilla-beta,4169841,13,08a4b1c8b40e780c5e1ecb6c2516eea4d9acafb2,macosx1015-64-shippable-qr,True,False,,|f|i|s|s|i|o|n| |w|a|r|m| |w|e|b|r|e|n|d|e|r|,102210fe594ee9b33d82058545b1ed14f4c8206e,LastVisualChange,imdb,True,imdb LastVisualChange opt fission warm webrender,,6,ms,firefox,457831911,10522269,2024-05-12T02:26:48,777.1,4dc471de40663ed09ab0d0714d244e20f4978747,1425091
mozilla-beta,4169841,13,08a4b1c8b40e780c5e1ecb6c2516eea4d9acafb2,macosx1015-64-shippable-qr,True,False,,|f|i|s|s|i|o|n| |w|a|r|m| |w|e|b|r|e|n|d|e|r|,102210fe594ee9b33d82058545b1ed14f4c8206e,LastVisualChange,imdb,True,imdb LastVisualChange opt fission warm webrender,,6,ms,firefox,457899604,10843777,2024-05-13T02:30:29,786.1,0ec860346abeb203e68bd7f5c00b3b19dae388ce,1425154
mozilla-beta,4169841,13,08a4b1c8b40e780c5e1ecb6c2516eea4d9acafb2,macosx1015-64-shippable-qr,True,False,,|f|i|s|s|i|o|n| |w|a|r|m| |w|e|b|r|e|n|d|e|r|,102210fe594ee9b33d82058545b1ed14f4c8206e,LastVisualChange,imdb,True,imdb LastVisualChange opt fission warm webrender,,6,ms,firefox,458076012,11783874,2024-05-14T09:19:33,806.0,ba4d4587c99d2c0f534da9b858e0db30882c8ec2,1426157
mozilla-beta,4169841,13,08a4b1c8b40e780c5e1ecb6c2516eea4d9acafb2,macosx1015-64-shippable-qr,True,False,,|f|i|s|s|i|o|n| |w|a|r|m| |w|e|b|r|e|n|d|e|r|,102210fe594ee9b33d82058545b1ed14f4c8206e,LastVisualChange,imdb,True,imdb LastVisualChange opt fission warm webrender,,6,ms,firefox,458271941,12677902,2024-05-15T09:17:46,836.6,fd2f7e5e44d3988a5179b8d4a5304bb13d7af87d,1427067
mozilla-beta,4169841,13,08a4b1c8b40e780c5e1ecb6c2516eea4d9acafb2,macosx1015-64-shippable-qr,True,False,,|f|i|s|s|i|o|n| |w|a|r|m| |w|e|b|r|e|n|d|e|r|,102210fe594ee9b33d82058545b1ed14f4c8206e,LastVisualChange,imdb,True,imdb LastVisualChange opt fission warm webrender,,6,ms,firefox,458460406,13465216,2024-05-16T11:22:37,828.7,b1b962c2164ae46b24f59e02cf2d3ad1c7b12dee,1428078
mozilla-beta,4169841,13,08a4b1c8b40e780c5e1ecb6c2516eea4d9acafb2,macosx1015-64-shippable-qr,True,False,,|f|i|s|s|i|o|n| |w|a|r|m| |w|e|b|r|e|n|d|e|r|,102210fe594ee9b33d82058545b1ed14f4c8206e,LastVisualChange,imdb,True,imdb LastVisualChange opt fission warm webrender,,6,ms,firefox,458607492,14208253,2024-05-17T09:19:15,801.6,197cdbb72e163b4b4138d15446a98d3e4d6b88e5,1428871
mozilla-beta,4169841,13,08a4b1c8b40e780c5e1ecb6c2516eea4d9acafb2,macosx1015-64-shippable-qr,True,False,,|f|i|s|s|i|o|n| |w|a|r|m| |w|e|b|r|e|n|d|e|r|,102210fe594ee9b33d82058545b1ed14f4c8206e,LastVisualChange,imdb,True,imdb LastVisualChange opt fission warm webrender,,6,ms,firefox,458738410,14817096,2024-05-18T09:43:13,787.2,fd7a2c44c789b89501150269976f8b7cf6e64f0c,1429475
mozilla-beta,4169841,13,08a4b1c8b40e780c5e1ecb6c2516eea4d9acafb2,macosx1015-64-shippable-qr,True,False,,|f|i|s|s|i|o|n| |w|a|r|m| |w|e|b|r|e|n|d|e|r|,102210fe594ee9b33d82058545b1ed14f4c8206e,LastVisualChange,imdb,True,imdb LastVisualChange opt fission warm webrender,,6,ms,firefox,458793195,15085217,2024-05-19T09:16:09,830.1,f6f78b7bc091646b8c4d007b08141c3f0a75430f,1429614
mozilla-beta,4169841,13,08a4b1c8b40e780c5e1ecb6c2516eea4d9acafb2,macosx1015-64-shippable-qr,True,False,,|f|i|s|s|i|o|n| |w|a|r|m| |w|e|b|r|e|n|d|e|r|,102210fe594ee9b33d82058545b1ed14f4c8206e,LastVisualChange,imdb,True,imdb LastVisualChange opt fission warm webrender,,6,ms,firefox,458854450,15451497,2024-05-20T09:19:01,828.9,caf02221595269c20d6a916b8db35296db5b9475,1429752
mozilla-beta,4169841,13,08a4b1c8b40e780c5e1ecb6c2516eea4d9acafb2,macosx1015-64-shippable-qr,True,False,,|f|i|s|s|i|o|n| |w|a|r|m| |w|e|b|r|e|n|d|e|r|,102210fe594ee9b33d82058545b1ed14f4c8206e,LastVisualChange,imdb,True,imdb LastVisualChange opt fission warm webrender,,6,ms,firefox,459004889,16265705,2024-05-21T09:18:49,828.2,c4d2e2b722f4365e0e28a3e55a99a1b1fd26dda8,1430360
