repository_name,signature_id,framework_id,signature_hash,machine_platform,should_alert,has_subtests,extra_options,tags,option_collection_hash,test,suite,lower_is_better,name,parent_signature,repository_id,measurement_unit,application,job_id,entry_id,push_timestamp,value,revision,push_id
mozilla-beta,4789510,1,26056a2d4b0eca731464962d02dc06614ee4468e,windows10-64-shippable-qr,,False,,,102210fe594ee9b33d82058545b1ed14f4c8206e,responsiveness,tp5o_webext,True,tp5o_webext responsiveness opt e10s fission stylo webrender,,6,,firefox,,1705958379,2023-06-05T14:23:29,1.7015960421802114,eb0e5efeb4144e02db4898c481ab299e4ffbe5a5,1251794
mozilla-beta,4789510,1,26056a2d4b0eca731464962d02dc06614ee4468e,windows10-64-shippable-qr,,False,,,102210fe594ee9b33d82058545b1ed14f4c8206e,responsiveness,tp5o_webext,True,tp5o_webext responsiveness opt e10s fission stylo webrender,,6,,firefox,,1706039657,2023-06-05T15:57:01,2.2900832835709584,8b6f8763d212b11acd7421760ab63612ce65bda4,1251874
mozilla-beta,4789510,1,26056a2d4b0eca731464962d02dc06614ee4468e,windows10-64-shippable-qr,,False,,,102210fe594ee9b33d82058545b1ed14f4c8206e,responsiveness,tp5o_webext,True,tp5o_webext responsiveness opt e10s fission stylo webrender,,6,,firefox,,1706123257,2023-06-05T17:59:24,1.7721787543189265,3a0243249f1d09b3f0c43845ba322404a24b2d6b,1251964
mozilla-beta,4789510,1,26056a2d4b0eca731464962d02dc06614ee4468e,windows10-64-shippable-qr,,False,,,102210fe594ee9b33d82058545b1ed14f4c8206e,responsiveness,tp5o_webext,True,tp5o_webext responsiveness opt e10s fission stylo webrender,,6,,firefox,,1706226563,2023-06-05T21:08:31,1.7397978707402697,6c846bc8f52c1e5b929c199b58a33a4dc24df8f5,1252114
mozilla-beta,4789510,1,26056a2d4b0eca731464962d02dc06614ee4468e,windows10-64-shippable-qr,,False,,,102210fe594ee9b33d82058545b1ed14f4c8206e,responsiveness,tp5o_webext,True,tp5o_webext responsiveness opt e10s fission stylo webrender,,6,,firefox,,1706485903,2023-06-06T09:09:48,1.7800412121358509,5f036ce2680a08b950cbfadd770beba129cbb195,1252381
mozilla-beta,4789510,1,26056a2d4b0eca731464962d02dc06614ee4468e,windows10-64-shippable-qr,,False,,,102210fe594ee9b33d82058545b1ed14f4c8206e,responsiveness,tp5o_webext,True,tp5o_webext responsiveness opt e10s fission stylo webrender,,6,,firefox,,1706770536,2023-06-06T16:19:01,1.7012770113128302,5d89dee91e755667a691f2b544a063709213138b,1252629
mozilla-beta,4789510,1,26056a2d4b0eca731464962d02dc06614ee4468e,windows10-64-shippable-qr,,False,,,102210fe594ee9b33d82058545b1ed14f4c8206e,responsiveness,tp5o_webext,True,tp5o_webext responsiveness opt e10s fission stylo webrender,,6,,firefox,,1706815898,2023-06-06T18:01:12,1.9139338055714519,10ed1bfdc481f14670072cdbf87a69d9212c0d6c,1252674
mozilla-beta,4789510,1,26056a2d4b0eca731464962d02dc06614ee4468e,windows10-64-shippable-qr,,False,,,102210fe594ee9b33d82058545b1ed14f4c8206e,responsiveness,tp5o_webext,True,tp5o_webext responsiveness opt e10s fission stylo webrender,,6,,firefox,,1707452460,2023-06-07T16:41:52,1.7735240894399085,bd9ba4216df4d4c08f1a70ecb66009f13ee08aaa,1253259
mozilla-beta,4789510,1,26056a2d4b0eca731464962d02dc06614ee4468e,windows10-64-shippable-qr,,False,,,102210fe594ee9b33d82058545b1ed14f4c8206e,responsiveness,tp5o_webext,True,tp5o_webext responsiveness opt e10s fission stylo webrender,,6,,firefox,,1707494136,2023-06-07T17:56:51,1.777831506413124,eb1d2dce0bdff337836b19b97828f2dcf437f25e,1253314
mozilla-beta,4789510,1,26056a2d4b0eca731464962d02dc06614ee4468e,windows10-64-shippable-qr,,False,,,102210fe594ee9b33d82058545b1ed14f4c8206e,responsiveness,tp5o_webext,True,tp5o_webext responsiveness opt e10s fission stylo webrender,,6,,firefox,,1708080979,2023-06-08T13:18:16,1.774815150979272,b0bc9752e921bdc9e4c9de470cbf5fcf72061330,1253873
mozilla-beta,4789510,1,26056a2d4b0eca731464962d02dc06614ee4468e,windows10-64-shippable-qr,,False,,,102210fe594ee9b33d82058545b1ed14f4c8206e,responsiveness,tp5o_webext,True,tp5o_webext responsiveness opt e10s fission stylo webrender,,6,,firefox,,1708235860,2023-06-08T17:59:52,1.736686821746579,7123a4cb9219dc73123928c80505ef5544239e3c,1254099
mozilla-beta,4789510,1,26056a2d4b0eca731464962d02dc06614ee4468e,windows10-64-shippable-qr,,False,,,102210fe594ee9b33d82058545b1ed14f4c8206e,responsiveness,tp5o_webext,True,tp5o_webext responsiveness opt e10s fission stylo webrender,,6,,firefox,,1708317432,2023-06-08T21:41:16,1.4989787056540775,8ef0eed85dd1724df18acbc52ede7bda8d19d4ca,1254264
mozilla-beta,4789510,1,26056a2d4b0eca731464962d02dc06614ee4468e,windows10-64-shippable-qr,,False,,,102210fe594ee9b33d82058545b1ed14f4c8206e,responsiveness,tp5o_webext,True,tp5o_webext responsiveness opt e10s fission stylo webrender,,6,,firefox,,1708705635,2023-06-09T13:50:39,1.790609310517035,7b1a019c17f8faeb278c5ff106b55a8737c63e4d,1254632
mozilla-beta,4789510,1,26056a2d4b0eca731464962d02dc06614ee4468e,windows10-64-shippable-qr,,False,,,102210fe594ee9b33d82058545b1ed14f4c8206e,responsiveness,tp5o_webext,True,tp5o_webext responsiveness opt e10s fission stylo webrender,,6,,firefox,,1708862517,2023-06-09T18:01:58,1.8296811261507488,c2d0daebef20fa875f5260a684fe17c55e129a35,1254819
mozilla-beta,4789510,1,26056a2d4b0eca731464962d02dc06614ee4468e,windows10-64-shippable-qr,,False,,,102210fe594ee9b33d82058545b1ed14f4c8206e,responsiveness,tp5o_webext,True,tp5o_webext responsiveness opt e10s fission stylo webrender,,6,,firefox,,1709213806,2023-06-10T18:00:11,1.776922611476507,5fdbfc5f981230abe820c6b234bcf7262e366be0,1255248
mozilla-beta,4789510,1,26056a2d4b0eca731464962d02dc06614ee4468e,windows10-64-shippable-qr,,False,,,102210fe594ee9b33d82058545b1ed14f4c8206e,responsiveness,tp5o_webext,True,tp5o_webext responsiveness opt e10s fission stylo webrender,,6,,firefox,,1709480052,2023-06-11T14:48:42,1.9798017010509728,b00e6f811a19a3b7ed808efda6906dde57f88e71,1255364
mozilla-beta,4789510,1,26056a2d4b0eca731464962d02dc06614ee4468e,windows10-64-shippable-qr,,False,,,102210fe594ee9b33d82058545b1ed14f4c8206e,responsiveness,tp5o_webext,True,tp5o_webext responsiveness opt e10s fission stylo webrender,,6,,firefox,,1709502982,2023-06-11T18:03:00,1.7428183060674005,fb3ad1dbd6bbf62e33596cc17abc8bff6a4f425f,1255381
mozilla-beta,4789510,1,26056a2d4b0eca731464962d02dc06614ee4468e,windows10-64-shippable-qr,,False,,,102210fe594ee9b33d82058545b1ed14f4c8206e,responsiveness,tp5o_webext,True,tp5o_webext responsiveness opt e10s fission stylo webrender,,6,,firefox,,1709954005,2023-06-12T13:25:59,1.7485426743214472,5951b4f28e66d24853b3a42841374e1beec510f9,1255703
mozilla-beta,4789510,1,26056a2d4b0eca731464962d02dc06614ee4468e,windows10-64-shippable-qr,,False,,,102210fe594ee9b33d82058545b1ed14f4c8206e,responsiveness,tp5o_webext,True,tp5o_webext responsiveness opt e10s fission stylo webrender,,6,,firefox,,1710087621,2023-06-12T17:59:34,1.814995336311433,795df8f2c2a47a7beef0be639b8c4796877a5c14,1255857
mozilla-beta,4789510,1,26056a2d4b0eca731464962d02dc06614ee4468e,windows10-64-shippable-qr,,False,,,102210fe594ee9b33d82058545b1ed14f4c8206e,responsiveness,tp5o_webext,True,tp5o_webext responsiveness opt e10s fission stylo webrender,,6,,firefox,,1710178932,2023-06-12T21:24:58,1.813439629673262,1617cf9288b5d9d85d3cde49ead5c3a8452963e4,1256015
mozilla-beta,4789510,1,26056a2d4b0eca731464962d02dc06614ee4468e,windows10-64-shippable-qr,,False,,,102210fe594ee9b33d82058545b1ed14f4c8206e,responsiveness,tp5o_webext,True,tp5o_webext responsiveness opt e10s fission stylo webrender,,6,,firefox,,1710575472,2023-06-13T13:44:08,1.833652513642341,43f24f969b5b2820fa906b6f56770b9bf8e41982,1256472
mozilla-beta,4789510,1,26056a2d4b0eca731464962d02dc06614ee4468e,windows10-64-shippable-qr,,False,,,102210fe594ee9b33d82058545b1ed14f4c8206e,responsiveness,tp5o_webext,True,tp5o_webext responsiveness opt e10s fission stylo webrender,,6,,firefox,,1710708474,2023-06-13T17:45:06,1.8091645648829096,5cacd05ad73e50693f7c5cfd239e806f0e58ec8f,1256646
mozilla-beta,4789510,1,26056a2d4b0eca731464962d02dc06614ee4468e,windows10-64-shippable-qr,,False,,,102210fe594ee9b33d82058545b1ed14f4c8206e,responsiveness,tp5o_webext,True,tp5o_webext responsiveness opt e10s fission stylo webrender,,6,,firefox,,1710716521,2023-06-13T18:00:33,1.855570566207635,c5a9aa9f93cf2309ec4a0cdabdf71b31c3bd3ab6,1256653
mozilla-beta,4789510,1,26056a2d4b0eca731464962d02dc06614ee4468e,windows10-64-shippable-qr,,False,,,102210fe594ee9b33d82058545b1ed14f4c8206e,responsiveness,tp5o_webext,True,tp5o_webext responsiveness opt e10s fission stylo webrender,,6,,firefox,,1710771992,2023-06-13T19:54:13,1.7248834088509841,66b9443a2c92f97fbf62417687051ad4e85b1800,1256729
mozilla-beta,4789510,1,26056a2d4b0eca731464962d02dc06614ee4468e,windows10-64-shippable-qr,,False,,,102210fe594ee9b33d82058545b1ed14f4c8206e,responsiveness,tp5o_webext,True,tp5o_webext responsiveness opt e10s fission stylo webrender,,6,,firefox,,1711101378,2023-06-14T12:30:00,1.7083237372207252,f6e68416dea42dbf642d2efe416f7727ac761f11,1257097
mozilla-beta,4789510,1,26056a2d4b0eca731464962d02dc06614ee4468e,windows10-64-shippable-qr,,False,,,102210fe594ee9b33d82058545b1ed14f4c8206e,responsiveness,tp5o_webext,True,tp5o_webext responsiveness opt e10s fission stylo webrender,,6,,firefox,,1711303158,2023-06-14T16:03:12,1.7597248530800047,62d1fc48dcd7fd3d026f5cad77c3092d3b93a961,1257228
mozilla-beta,4789510,1,26056a2d4b0eca731464962d02dc06614ee4468e,windows10-64-shippable-qr,,False,,,102210fe594ee9b33d82058545b1ed14f4c8206e,responsiveness,tp5o_webext,True,tp5o_webext responsiveness opt e10s fission stylo webrender,,6,,firefox,,1711270377,2023-06-14T16:07:57,1.7470112903585344,d01da3405b1219c2d0cc7b559ee0627ad5d8aa5a,1257231
mozilla-beta,4789510,1,26056a2d4b0eca731464962d02dc06614ee4468e,windows10-64-shippable-qr,,False,,,102210fe594ee9b33d82058545b1ed14f4c8206e,responsiveness,tp5o_webext,True,tp5o_webext responsiveness opt e10s fission stylo webrender,,6,,firefox,,1711355225,2023-06-14T18:02:29,1.8782803821023757,c7ff17c6e0144679b7b925a25177776fcec58f8b,1257301
mozilla-beta,4789510,1,26056a2d4b0eca731464962d02dc06614ee4468e,windows10-64-shippable-qr,,False,,,102210fe594ee9b33d82058545b1ed14f4c8206e,responsiveness,tp5o_webext,True,tp5o_webext responsiveness opt e10s fission stylo webrender,,6,,firefox,,1711400761,2023-06-14T18:51:27,1.5382776894967054,64f4243f24b70557c280aa6ddafcc846f384dba8,1257357
mozilla-beta,4789510,1,26056a2d4b0eca731464962d02dc06614ee4468e,windows10-64-shippable-qr,,False,,,102210fe594ee9b33d82058545b1ed14f4c8206e,responsiveness,tp5o_webext,True,tp5o_webext responsiveness opt e10s fission stylo webrender,,6,,firefox,,1711418160,2023-06-14T19:16:52,1.9960441651708485,a81117b03f450c9706e21d0d94dec160cc74d836,1257378
mozilla-beta,4789510,1,26056a2d4b0eca731464962d02dc06614ee4468e,windows10-64-shippable-qr,,False,,,102210fe594ee9b33d82058545b1ed14f4c8206e,responsiveness,tp5o_webext,True,tp5o_webext responsiveness opt e10s fission stylo webrender,,6,,firefox,,1715661629,2023-06-14T21:35:27,1.6840204428244856,2f3cce1e72fe61e4643225e21ac84ccebe84ed30,1257504
mozilla-beta,4789510,1,26056a2d4b0eca731464962d02dc06614ee4468e,windows10-64-shippable-qr,,False,,,102210fe594ee9b33d82058545b1ed14f4c8206e,responsiveness,tp5o_webext,True,tp5o_webext responsiveness opt e10s fission stylo webrender,,6,,firefox,,1715663519,2023-06-14T21:35:27,1.7496392642483733,2f3cce1e72fe61e4643225e21ac84ccebe84ed30,1257504
mozilla-beta,4789510,1,26056a2d4b0eca731464962d02dc06614ee4468e,windows10-64-shippable-qr,,False,,,102210fe594ee9b33d82058545b1ed14f4c8206e,responsiveness,tp5o_webext,True,tp5o_webext responsiveness opt e10s fission stylo webrender,,6,,firefox,,1715664569,2023-06-14T21:35:27,1.729093725115744,2f3cce1e72fe61e4643225e21ac84ccebe84ed30,1257504
mozilla-beta,4789510,1,26056a2d4b0eca731464962d02dc06614ee4468e,windows10-64-shippable-qr,,False,,,102210fe594ee9b33d82058545b1ed14f4c8206e,responsiveness,tp5o_webext,True,tp5o_webext responsiveness opt e10s fission stylo webrender,,6,,firefox,,1711889968,2023-06-15T12:50:03,1.877741987969718,694f250817cbf4e56d9f88ab3982978b5b1ddfeb,1257977
mozilla-beta,4789510,1,26056a2d4b0eca731464962d02dc06614ee4468e,windows10-64-shippable-qr,,False,,,102210fe594ee9b33d82058545b1ed14f4c8206e,responsiveness,tp5o_webext,True,tp5o_webext responsiveness opt e10s fission stylo webrender,,6,,firefox,,1715661538,2023-06-15T12:50:03,1.7576403423100553,694f250817cbf4e56d9f88ab3982978b5b1ddfeb,1257977
mozilla-beta,4789510,1,26056a2d4b0eca731464962d02dc06614ee4468e,windows10-64-shippable-qr,,False,,,102210fe594ee9b33d82058545b1ed14f4c8206e,responsiveness,tp5o_webext,True,tp5o_webext responsiveness opt e10s fission stylo webrender,,6,,firefox,,1715663516,2023-06-15T12:50:03,1.5028269816120687,694f250817cbf4e56d9f88ab3982978b5b1ddfeb,1257977
mozilla-beta,4789510,1,26056a2d4b0eca731464962d02dc06614ee4468e,windows10-64-shippable-qr,,False,,,102210fe594ee9b33d82058545b1ed14f4c8206e,responsiveness,tp5o_webext,True,tp5o_webext responsiveness opt e10s fission stylo webrender,,6,,firefox,,1715664679,2023-06-15T12:50:03,1.675257304541271,694f250817cbf4e56d9f88ab3982978b5b1ddfeb,1257977
mozilla-beta,4789510,1,26056a2d4b0eca731464962d02dc06614ee4468e,windows10-64-shippable-qr,,False,,,102210fe594ee9b33d82058545b1ed14f4c8206e,responsiveness,tp5o_webext,True,tp5o_webext responsiveness opt e10s fission stylo webrender,,6,,firefox,,1711919305,2023-06-15T13:23:28,1.8602941466871334,eb3baa1099b7d11565cc634be3a14b4946fa26c7,1257996
mozilla-beta,4789510,1,26056a2d4b0eca731464962d02dc06614ee4468e,windows10-64-shippable-qr,,False,,,102210fe594ee9b33d82058545b1ed14f4c8206e,responsiveness,tp5o_webext,True,tp5o_webext responsiveness opt e10s fission stylo webrender,,6,,firefox,,1715661936,2023-06-15T13:23:28,1.679529134936538,eb3baa1099b7d11565cc634be3a14b4946fa26c7,1257996
mozilla-beta,4789510,1,26056a2d4b0eca731464962d02dc06614ee4468e,windows10-64-shippable-qr,,False,,,102210fe594ee9b33d82058545b1ed14f4c8206e,responsiveness,tp5o_webext,True,tp5o_webext responsiveness opt e10s fission stylo webrender,,6,,firefox,,1715663757,2023-06-15T13:23:28,1.757182268532504,eb3baa1099b7d11565cc634be3a14b4946fa26c7,1257996
mozilla-beta,4789510,1,26056a2d4b0eca731464962d02dc06614ee4468e,windows10-64-shippable-qr,,False,,,102210fe594ee9b33d82058545b1ed14f4c8206e,responsiveness,tp5o_webext,True,tp5o_webext responsiveness opt e10s fission stylo webrender,,6,,firefox,,1715664782,2023-06-15T13:23:28,1.7538028406266963,eb3baa1099b7d11565cc634be3a14b4946fa26c7,1257996
mozilla-beta,4789510,1,26056a2d4b0eca731464962d02dc06614ee4468e,windows10-64-shippable-qr,,False,,,102210fe594ee9b33d82058545b1ed14f4c8206e,responsiveness,tp5o_webext,True,tp5o_webext responsiveness opt e10s fission stylo webrender,,6,,firefox,,1712058026,2023-06-15T16:46:36,1.755974768426473,342783aaf1e5ad6a8b40b22a1618c81a719c436b,1258166
mozilla-beta,4789510,1,26056a2d4b0eca731464962d02dc06614ee4468e,windows10-64-shippable-qr,,False,,,102210fe594ee9b33d82058545b1ed14f4c8206e,responsiveness,tp5o_webext,True,tp5o_webext responsiveness opt e10s fission stylo webrender,,6,,firefox,,1715662008,2023-06-15T16:46:36,1.8247636533383014,342783aaf1e5ad6a8b40b22a1618c81a719c436b,1258166
mozilla-beta,4789510,1,26056a2d4b0eca731464962d02dc06614ee4468e,windows10-64-shippable-qr,,False,,,102210fe594ee9b33d82058545b1ed14f4c8206e,responsiveness,tp5o_webext,True,tp5o_webext responsiveness opt e10s fission stylo webrender,,6,,firefox,,1715663298,2023-06-15T16:46:36,1.6881403352694475,342783aaf1e5ad6a8b40b22a1618c81a719c436b,1258166
mozilla-beta,4789510,1,26056a2d4b0eca731464962d02dc06614ee4468e,windows10-64-shippable-qr,,False,,,102210fe594ee9b33d82058545b1ed14f4c8206e,responsiveness,tp5o_webext,True,tp5o_webext responsiveness opt e10s fission stylo webrender,,6,,firefox,,1715665116,2023-06-15T16:46:36,1.7619522937664898,342783aaf1e5ad6a8b40b22a1618c81a719c436b,1258166
mozilla-beta,4789510,1,26056a2d4b0eca731464962d02dc06614ee4468e,windows10-64-shippable-qr,,False,,,102210fe594ee9b33d82058545b1ed14f4c8206e,responsiveness,tp5o_webext,True,tp5o_webext responsiveness opt e10s fission stylo webrender,,6,,firefox,,1712109933,2023-06-15T17:58:02,1.8353575123814934,9eef95942305594426974a54ca94dd63489c7df0,1258224
mozilla-beta,4789510,1,26056a2d4b0eca731464962d02dc06614ee4468e,windows10-64-shippable-qr,,False,,,102210fe594ee9b33d82058545b1ed14f4c8206e,responsiveness,tp5o_webext,True,tp5o_webext responsiveness opt e10s fission stylo webrender,,6,,firefox,,1715661777,2023-06-15T17:58:02,1.7887189922613216,9eef95942305594426974a54ca94dd63489c7df0,1258224
mozilla-beta,4789510,1,26056a2d4b0eca731464962d02dc06614ee4468e,windows10-64-shippable-qr,,False,,,102210fe594ee9b33d82058545b1ed14f4c8206e,responsiveness,tp5o_webext,True,tp5o_webext responsiveness opt e10s fission stylo webrender,,6,,firefox,,1715663850,2023-06-15T17:58:02,1.7782652755269273,9eef95942305594426974a54ca94dd63489c7df0,1258224
mozilla-beta,4789510,1,26056a2d4b0eca731464962d02dc06614ee4468e,windows10-64-shippable-qr,,False,,,102210fe594ee9b33d82058545b1ed14f4c8206e,responsiveness,tp5o_webext,True,tp5o_webext responsiveness opt e10s fission stylo webrender,,6,,firefox,,1715664982,2023-06-15T17:58:02,1.7085390097403457,9eef95942305594426974a54ca94dd63489c7df0,1258224
mozilla-beta,4789510,1,26056a2d4b0eca731464962d02dc06614ee4468e,windows10-64-shippable-qr,,False,,,102210fe594ee9b33d82058545b1ed14f4c8206e,responsiveness,tp5o_webext,True,tp5o_webext responsiveness opt e10s fission stylo webrender,,6,,firefox,,1715661715,2023-06-15T21:25:04,1.7133733863281104,91a3accabc940ce912c2daa4a823a15bb40fb960,1258399
mozilla-beta,4789510,1,26056a2d4b0eca731464962d02dc06614ee4468e,windows10-64-shippable-qr,,False,,,102210fe594ee9b33d82058545b1ed14f4c8206e,responsiveness,tp5o_webext,True,tp5o_webext responsiveness opt e10s fission stylo webrender,,6,,firefox,,1715663828,2023-06-15T21:25:04,1.7855031365174356,91a3accabc940ce912c2daa4a823a15bb40fb960,1258399
mozilla-beta,4789510,1,26056a2d4b0eca731464962d02dc06614ee4468e,windows10-64-shippable-qr,,False,,,102210fe594ee9b33d82058545b1ed14f4c8206e,responsiveness,tp5o_webext,True,tp5o_webext responsiveness opt e10s fission stylo webrender,,6,,firefox,,1715665892,2023-06-15T21:25:04,1.8666275900326683,91a3accabc940ce912c2daa4a823a15bb40fb960,1258399
mozilla-beta,4789510,1,26056a2d4b0eca731464962d02dc06614ee4468e,windows10-64-shippable-qr,,False,,,102210fe594ee9b33d82058545b1ed14f4c8206e,responsiveness,tp5o_webext,True,tp5o_webext responsiveness opt e10s fission stylo webrender,,6,,firefox,,1715662175,2023-06-15T21:31:47,1.8496455467120858,cd3b70bf580f270ccec5406f2b46da599b8c77c0,1258405
mozilla-beta,4789510,1,26056a2d4b0eca731464962d02dc06614ee4468e,windows10-64-shippable-qr,,False,,,102210fe594ee9b33d82058545b1ed14f4c8206e,responsiveness,tp5o_webext,True,tp5o_webext responsiveness opt e10s fission stylo webrender,,6,,firefox,,1715663434,2023-06-15T21:31:47,1.625161400730533,cd3b70bf580f270ccec5406f2b46da599b8c77c0,1258405
mozilla-beta,4789510,1,26056a2d4b0eca731464962d02dc06614ee4468e,windows10-64-shippable-qr,,False,,,102210fe594ee9b33d82058545b1ed14f4c8206e,responsiveness,tp5o_webext,True,tp5o_webext responsiveness opt e10s fission stylo webrender,,6,,firefox,,1715664905,2023-06-15T21:31:47,1.723563269496971,cd3b70bf580f270ccec5406f2b46da599b8c77c0,1258405
mozilla-beta,4789510,1,26056a2d4b0eca731464962d02dc06614ee4468e,windows10-64-shippable-qr,,False,,,102210fe594ee9b33d82058545b1ed14f4c8206e,responsiveness,tp5o_webext,True,tp5o_webext responsiveness opt e10s fission stylo webrender,,6,,firefox,,1715662107,2023-06-16T00:18:37,1.8329544992125966,fe266469b791826e71b2b2e86c479eace620eceb,1258546
mozilla-beta,4789510,1,26056a2d4b0eca731464962d02dc06614ee4468e,windows10-64-shippable-qr,,False,,,102210fe594ee9b33d82058545b1ed14f4c8206e,responsiveness,tp5o_webext,True,tp5o_webext responsiveness opt e10s fission stylo webrender,,6,,firefox,,1715663870,2023-06-16T00:18:37,1.7671651031385736,fe266469b791826e71b2b2e86c479eace620eceb,1258546
mozilla-beta,4789510,1,26056a2d4b0eca731464962d02dc06614ee4468e,windows10-64-shippable-qr,,False,,,102210fe594ee9b33d82058545b1ed14f4c8206e,responsiveness,tp5o_webext,True,tp5o_webext responsiveness opt e10s fission stylo webrender,,6,,firefox,,1715665010,2023-06-16T00:18:37,1.6632503181741776,fe266469b791826e71b2b2e86c479eace620eceb,1258546
mozilla-beta,4789510,1,26056a2d4b0eca731464962d02dc06614ee4468e,windows10-64-shippable-qr,,False,,,102210fe594ee9b33d82058545b1ed14f4c8206e,responsiveness,tp5o_webext,True,tp5o_webext responsiveness opt e10s fission stylo webrender,,6,,firefox,,1715663518,2023-06-16T00:29:37,1.7540880297493737,a9ab4abda591bc764341ef54ccf38ca74ff378c1,1258556
mozilla-beta,4789510,1,26056a2d4b0eca731464962d02dc06614ee4468e,windows10-64-shippable-qr,,False,,,102210fe594ee9b33d82058545b1ed14f4c8206e,responsiveness,tp5o_webext,True,tp5o_webext responsiveness opt e10s fission stylo webrender,,6,,firefox,,1715661952,2023-06-16T00:29:37,1.7787832694403818,a9ab4abda591bc764341ef54ccf38ca74ff378c1,1258556
mozilla-beta,4789510,1,26056a2d4b0eca731464962d02dc06614ee4468e,windows10-64-shippable-qr,,False,,,102210fe594ee9b33d82058545b1ed14f4c8206e,responsiveness,tp5o_webext,True,tp5o_webext responsiveness opt e10s fission stylo webrender,,6,,firefox,,1715664840,2023-06-16T00:29:37,1.6869583374706523,a9ab4abda591bc764341ef54ccf38ca74ff378c1,1258556
mozilla-beta,4789510,1,26056a2d4b0eca731464962d02dc06614ee4468e,windows10-64-shippable-qr,,False,,,102210fe594ee9b33d82058545b1ed14f4c8206e,responsiveness,tp5o_webext,True,tp5o_webext responsiveness opt e10s fission stylo webrender,,6,,firefox,,1712607359,2023-06-16T12:17:47,1.4600911665944323,e25852ed404ec6289f7c9f1023510a8444d4483a,1258818
mozilla-beta,4789510,1,26056a2d4b0eca731464962d02dc06614ee4468e,windows10-64-shippable-qr,,False,,,102210fe594ee9b33d82058545b1ed14f4c8206e,responsiveness,tp5o_webext,True,tp5o_webext responsiveness opt e10s fission stylo webrender,,6,,firefox,,1712690450,2023-06-16T14:00:16,1.2879815858694201,9c261dccd96ad7615ed5dfa6bb2130b2d3199fee,1258885
mozilla-beta,4789510,1,26056a2d4b0eca731464962d02dc06614ee4468e,windows10-64-shippable-qr,,False,,,102210fe594ee9b33d82058545b1ed14f4c8206e,responsiveness,tp5o_webext,True,tp5o_webext responsiveness opt e10s fission stylo webrender,,6,,firefox,,1712798890,2023-06-16T16:25:38,1.4443109853352627,2d70dba8bc4fac04fc507a6843648c65e655a9fc,1259000
mozilla-beta,4789510,1,26056a2d4b0eca731464962d02dc06614ee4468e,windows10-64-shippable-qr,,False,,,102210fe594ee9b33d82058545b1ed14f4c8206e,responsiveness,tp5o_webext,True,tp5o_webext responsiveness opt e10s fission stylo webrender,,6,,firefox,,1712856455,2023-06-16T17:26:28,1.4506304228512075,0d1afa980fd5e9592d083e71a8f7b15c55d8da7a,1259042
mozilla-beta,4789510,1,26056a2d4b0eca731464962d02dc06614ee4468e,windows10-64-shippable-qr,,False,,,102210fe594ee9b33d82058545b1ed14f4c8206e,responsiveness,tp5o_webext,True,tp5o_webext responsiveness opt e10s fission stylo webrender,,6,,firefox,,1712871841,2023-06-16T18:00:51,1.4927301204274968,674af946dedcc6cb70fb6618f3260776f1b576a3,1259071
mozilla-beta,4789510,1,26056a2d4b0eca731464962d02dc06614ee4468e,windows10-64-shippable-qr,,False,,,102210fe594ee9b33d82058545b1ed14f4c8206e,responsiveness,tp5o_webext,True,tp5o_webext responsiveness opt e10s fission stylo webrender,,6,,firefox,,1712886650,2023-06-16T18:38:48,1.4937808026173134,52a96b277058ecfdb1675b8b331a6600d9ed0a72,1259110
mozilla-beta,4789510,1,26056a2d4b0eca731464962d02dc06614ee4468e,windows10-64-shippable-qr,,False,,,102210fe594ee9b33d82058545b1ed14f4c8206e,responsiveness,tp5o_webext,True,tp5o_webext responsiveness opt e10s fission stylo webrender,,6,,firefox,,1713199855,2023-06-17T14:26:16,1.4400006139388877,a0f771ea7ef5471029c3c2df766b55bb375dec59,1259379
mozilla-beta,4789510,1,26056a2d4b0eca731464962d02dc06614ee4468e,windows10-64-shippable-qr,,False,,,102210fe594ee9b33d82058545b1ed14f4c8206e,responsiveness,tp5o_webext,True,tp5o_webext responsiveness opt e10s fission stylo webrender,,6,,firefox,,1713242806,2023-06-17T17:58:30,1.4394564995587757,9bea68f5a93823e72353cd0a13950265001dea22,1259394
mozilla-beta,4789510,1,26056a2d4b0eca731464962d02dc06614ee4468e,windows10-64-shippable-qr,,False,,,102210fe594ee9b33d82058545b1ed14f4c8206e,responsiveness,tp5o_webext,True,tp5o_webext responsiveness opt e10s fission stylo webrender,,6,,firefox,,1713511185,2023-06-18T18:02:18,1.5230589752291623,b27c9dccd8728a3110d43ec3316d685a30479f7e,1259476
mozilla-beta,4789510,1,26056a2d4b0eca731464962d02dc06614ee4468e,windows10-64-shippable-qr,,False,,,102210fe594ee9b33d82058545b1ed14f4c8206e,responsiveness,tp5o_webext,True,tp5o_webext responsiveness opt e10s fission stylo webrender,,6,,firefox,,1714008458,2023-06-19T13:34:03,1.4390720990000456,adf8be9db85188012cda047766ed806a2017ec5d,1259766
mozilla-beta,4789510,1,26056a2d4b0eca731464962d02dc06614ee4468e,windows10-64-shippable-qr,,False,,,102210fe594ee9b33d82058545b1ed14f4c8206e,responsiveness,tp5o_webext,True,tp5o_webext responsiveness opt e10s fission stylo webrender,,6,,firefox,,1714098060,2023-06-19T18:00:07,1.3567835433309798,f5a4c8a56c4084fb474ef9a83dc8099331777010,1259894
mozilla-beta,4789510,1,26056a2d4b0eca731464962d02dc06614ee4468e,windows10-64-shippable-qr,,False,,,102210fe594ee9b33d82058545b1ed14f4c8206e,responsiveness,tp5o_webext,True,tp5o_webext responsiveness opt e10s fission stylo webrender,,6,,firefox,,1714771574,2023-06-20T13:15:48,1.5233041336561037,1fd1675876cf4ace179d70ab72cf9cc67ef382fd,1260317
mozilla-beta,4789510,1,26056a2d4b0eca731464962d02dc06614ee4468e,windows10-64-shippable-qr,,False,,,102210fe594ee9b33d82058545b1ed14f4c8206e,responsiveness,tp5o_webext,True,tp5o_webext responsiveness opt e10s fission stylo webrender,,6,,firefox,,1714788791,2023-06-20T14:20:56,1.396614215354042,0e3e70a7494b91f847545f541f60c2afdffdc973,1260368
mozilla-beta,4789510,1,26056a2d4b0eca731464962d02dc06614ee4468e,windows10-64-shippable-qr,,False,,,102210fe594ee9b33d82058545b1ed14f4c8206e,responsiveness,tp5o_webext,True,tp5o_webext responsiveness opt e10s fission stylo webrender,,6,,firefox,,1714928522,2023-06-20T16:59:19,1.433053215915378,d80d61687ffcaa2e80424701a477210e3c29e1e4,1260535
mozilla-beta,4789510,1,26056a2d4b0eca731464962d02dc06614ee4468e,windows10-64-shippable-qr,,False,,,102210fe594ee9b33d82058545b1ed14f4c8206e,responsiveness,tp5o_webext,True,tp5o_webext responsiveness opt e10s fission stylo webrender,,6,,firefox,,1714941920,2023-06-20T17:24:22,1.439979946851985,fdd1d4854968d51f3c174deecd5ead8c74793315,1260558
mozilla-beta,4789510,1,26056a2d4b0eca731464962d02dc06614ee4468e,windows10-64-shippable-qr,,False,,,102210fe594ee9b33d82058545b1ed14f4c8206e,responsiveness,tp5o_webext,True,tp5o_webext responsiveness opt e10s fission stylo webrender,,6,,firefox,,1714962625,2023-06-20T18:00:51,1.4611378694298365,d30b3cd164afe66b9db586154a0af4b5d4791308,1260587
mozilla-beta,4789510,1,26056a2d4b0eca731464962d02dc06614ee4468e,windows10-64-shippable-qr,,False,,,102210fe594ee9b33d82058545b1ed14f4c8206e,responsiveness,tp5o_webext,True,tp5o_webext responsiveness opt e10s fission stylo webrender,,6,,firefox,,1715674151,2023-06-21T13:26:34,1.4797902663799318,cf1d9c398e1664622904b2d01e0eb2a9b42e5d54,1261229
mozilla-beta,4789510,1,26056a2d4b0eca731464962d02dc06614ee4468e,windows10-64-shippable-qr,,False,,,102210fe594ee9b33d82058545b1ed14f4c8206e,responsiveness,tp5o_webext,True,tp5o_webext responsiveness opt e10s fission stylo webrender,,6,,firefox,,1715855459,2023-06-21T18:11:33,1.5114643560849381,3a2f506cc4b8d7f3a8d99388d68485b5603f22ca,1261396
mozilla-beta,4789510,1,26056a2d4b0eca731464962d02dc06614ee4468e,windows10-64-shippable-qr,,False,,,102210fe594ee9b33d82058545b1ed14f4c8206e,responsiveness,tp5o_webext,True,tp5o_webext responsiveness opt e10s fission stylo webrender,,6,,firefox,,1715935771,2023-06-21T20:07:35,1.4335019093796824,f3ff17245015ec7abbec1cc6ee2cfce3b96bd3d5,1261505
mozilla-beta,4789510,1,26056a2d4b0eca731464962d02dc06614ee4468e,windows10-64-shippable-qr,,False,,,102210fe594ee9b33d82058545b1ed14f4c8206e,responsiveness,tp5o_webext,True,tp5o_webext responsiveness opt e10s fission stylo webrender,,6,,firefox,,1716255056,2023-06-22T12:38:03,1.5095489246740517,7da579f6a813f30bd4f009a2a1f7911def52e572,1262084
mozilla-beta,4789510,1,26056a2d4b0eca731464962d02dc06614ee4468e,windows10-64-shippable-qr,,False,,,102210fe594ee9b33d82058545b1ed14f4c8206e,responsiveness,tp5o_webext,True,tp5o_webext responsiveness opt e10s fission stylo webrender,,6,,firefox,,1716270446,2023-06-22T13:03:32,1.3915197918089004,6722dee8d3773705cd9d4eddb3baf3333015aed2,1262107
mozilla-beta,4789510,1,26056a2d4b0eca731464962d02dc06614ee4468e,windows10-64-shippable-qr,,False,,,102210fe594ee9b33d82058545b1ed14f4c8206e,responsiveness,tp5o_webext,True,tp5o_webext responsiveness opt e10s fission stylo webrender,,6,,firefox,,1716295656,2023-06-22T13:08:25,1.446466710535687,3673ad484e13ce731e7fc368a7e6b114d5eeee44,1262111
mozilla-beta,4789510,1,26056a2d4b0eca731464962d02dc06614ee4468e,windows10-64-shippable-qr,,False,,,102210fe594ee9b33d82058545b1ed14f4c8206e,responsiveness,tp5o_webext,True,tp5o_webext responsiveness opt e10s fission stylo webrender,,6,,firefox,,1716331599,2023-06-22T13:37:22,1.4260050854450792,027186aaa28cc91b5f9484c62413e2a3936e84ca,1262125
mozilla-beta,4789510,1,26056a2d4b0eca731464962d02dc06614ee4468e,windows10-64-shippable-qr,,False,,,102210fe594ee9b33d82058545b1ed14f4c8206e,responsiveness,tp5o_webext,True,tp5o_webext responsiveness opt e10s fission stylo webrender,,6,,firefox,,1716401645,2023-06-22T16:12:21,1.6160935189943546,6cdb4c2436de23c3699b154aa73e6710a95c98b0,1262276
mozilla-beta,4789510,1,26056a2d4b0eca731464962d02dc06614ee4468e,windows10-64-shippable-qr,,False,,,102210fe594ee9b33d82058545b1ed14f4c8206e,responsiveness,tp5o_webext,True,tp5o_webext responsiveness opt e10s fission stylo webrender,,6,,firefox,,1717044033,2023-06-23T13:38:03,1.464591433160277,6c222240ff315735f42bc230693f4ddfa0b6ac7f,1262945
mozilla-beta,4789510,1,26056a2d4b0eca731464962d02dc06614ee4468e,windows10-64-shippable-qr,,False,,,102210fe594ee9b33d82058545b1ed14f4c8206e,responsiveness,tp5o_webext,True,tp5o_webext responsiveness opt e10s fission stylo webrender,,6,,firefox,,1717198681,2023-06-23T18:03:44,1.5034395067679325,1ba3d3c99916f850738f21670775ef715521a5df,1263072
mozilla-beta,4789510,1,26056a2d4b0eca731464962d02dc06614ee4468e,windows10-64-shippable-qr,,False,,,102210fe594ee9b33d82058545b1ed14f4c8206e,responsiveness,tp5o_webext,True,tp5o_webext responsiveness opt e10s fission stylo webrender,,6,,firefox,,1717186062,2023-06-23T18:52:54,1.437734748908638,6e906785da867056a855a34df3f92db65b8a7c49,1263096
mozilla-beta,4789510,1,26056a2d4b0eca731464962d02dc06614ee4468e,windows10-64-shippable-qr,,False,,,102210fe594ee9b33d82058545b1ed14f4c8206e,responsiveness,tp5o_webext,True,tp5o_webext responsiveness opt e10s fission stylo webrender,,6,,firefox,,1717323171,2023-06-24T13:12:41,1.4390559255183235,3b9f2c4be4f6e4271c11c1d4407eae55196c950d,1263171
mozilla-beta,4789510,1,26056a2d4b0eca731464962d02dc06614ee4468e,windows10-64-shippable-qr,,False,,,102210fe594ee9b33d82058545b1ed14f4c8206e,responsiveness,tp5o_webext,True,tp5o_webext responsiveness opt e10s fission stylo webrender,,6,,firefox,,1717390680,2023-06-24T18:00:33,1.509076718728243,4576212ef8edf2209dd7f1b3605a741be564cf74,1263268
mozilla-beta,4789510,1,26056a2d4b0eca731464962d02dc06614ee4468e,windows10-64-shippable-qr,,False,,,102210fe594ee9b33d82058545b1ed14f4c8206e,responsiveness,tp5o_webext,True,tp5o_webext responsiveness opt e10s fission stylo webrender,,6,,firefox,,1717454151,2023-06-24T22:36:22,1.3230348203172209,fa15ea81806e25491783ce0553573fb780959801,1263284
mozilla-beta,4789510,1,26056a2d4b0eca731464962d02dc06614ee4468e,windows10-64-shippable-qr,,False,,,102210fe594ee9b33d82058545b1ed14f4c8206e,responsiveness,tp5o_webext,True,tp5o_webext responsiveness opt e10s fission stylo webrender,,6,,firefox,,1717532925,2023-06-25T17:59:55,1.4207490764794,35de7f48bd8fa9ca1ba185a0021f2d1cafa7f49e,1263345
mozilla-beta,4789510,1,26056a2d4b0eca731464962d02dc06614ee4468e,windows10-64-shippable-qr,,False,,,102210fe594ee9b33d82058545b1ed14f4c8206e,responsiveness,tp5o_webext,True,tp5o_webext responsiveness opt e10s fission stylo webrender,,6,,firefox,,1717872638,2023-06-26T13:12:41,1.485663111163272,f539365f51c8542b1e354b68e50907668f16878d,1263655
mozilla-beta,4789510,1,26056a2d4b0eca731464962d02dc06614ee4468e,windows10-64-shippable-qr,,False,,,102210fe594ee9b33d82058545b1ed14f4c8206e,responsiveness,tp5o_webext,True,tp5o_webext responsiveness opt e10s fission stylo webrender,,6,,firefox,,1717887089,2023-06-26T14:05:49,1.4614213155363578,035b72e275569245ab5c8844f4ddca8f5ce7da42,1263698
mozilla-beta,4789510,1,26056a2d4b0eca731464962d02dc06614ee4468e,windows10-64-shippable-qr,,False,,,102210fe594ee9b33d82058545b1ed14f4c8206e,responsiveness,tp5o_webext,True,tp5o_webext responsiveness opt e10s fission stylo webrender,,6,,firefox,,1720946127,2023-07-04T08:05:00,1.6336187124886508,d3cecb35f77946efdfc851b00241e7cfb248d4f5,1267289
mozilla-beta,4789510,1,26056a2d4b0eca731464962d02dc06614ee4468e,windows10-64-shippable-qr,,False,,,102210fe594ee9b33d82058545b1ed14f4c8206e,responsiveness,tp5o_webext,True,tp5o_webext responsiveness opt e10s fission stylo webrender,,6,,firefox,,1720958073,2023-07-04T08:13:20,1.4781206808402634,8ac42d8638fae465733db49debf49675c6b20697,1267293
mozilla-beta,4789510,1,26056a2d4b0eca731464962d02dc06614ee4468e,windows10-64-shippable-qr,,False,,,102210fe594ee9b33d82058545b1ed14f4c8206e,responsiveness,tp5o_webext,True,tp5o_webext responsiveness opt e10s fission stylo webrender,,6,,firefox,,1721226285,2023-07-04T17:59:10,1.426325681951147,d7e3fb8cd375eaf56ea5d3a43285557eaee0a5e0,1267597
mozilla-beta,4789510,1,26056a2d4b0eca731464962d02dc06614ee4468e,windows10-64-shippable-qr,,False,,,102210fe594ee9b33d82058545b1ed14f4c8206e,responsiveness,tp5o_webext,True,tp5o_webext responsiveness opt e10s fission stylo webrender,,6,,firefox,,1721310045,2023-07-04T20:50:41,1.513211120926513,2251a5bd1148826e0c1e6b3d0c5c6985f6284372,1267656
mozilla-beta,4789510,1,26056a2d4b0eca731464962d02dc06614ee4468e,windows10-64-shippable-qr,,False,,,102210fe594ee9b33d82058545b1ed14f4c8206e,responsiveness,tp5o_webext,True,tp5o_webext responsiveness opt e10s fission stylo webrender,,6,,firefox,,1721823439,2023-07-05T18:01:37,1.64546914182468,c0cb0ed5b9e39efd1be1f0d0dee1d03db2f8c4af,1268100
mozilla-beta,4789510,1,26056a2d4b0eca731464962d02dc06614ee4468e,windows10-64-shippable-qr,,False,,,102210fe594ee9b33d82058545b1ed14f4c8206e,responsiveness,tp5o_webext,True,tp5o_webext responsiveness opt e10s fission stylo webrender,,6,,firefox,,1721967095,2023-07-05T22:18:29,1.4047895972917341,5b26c16edbef4a3fef8c57d63a680eb3417f22fd,1268276
mozilla-beta,4789510,1,26056a2d4b0eca731464962d02dc06614ee4468e,windows10-64-shippable-qr,,False,,,102210fe594ee9b33d82058545b1ed14f4c8206e,responsiveness,tp5o_webext,True,tp5o_webext responsiveness opt e10s fission stylo webrender,,6,,firefox,,1722277231,2023-07-06T14:26:52,1.362439446692712,3935d29947b87bf51e6b103f3722fcf0649a883e,1268671
mozilla-beta,4789510,1,26056a2d4b0eca731464962d02dc06614ee4468e,windows10-64-shippable-qr,,False,,,102210fe594ee9b33d82058545b1ed14f4c8206e,responsiveness,tp5o_webext,True,tp5o_webext responsiveness opt e10s fission stylo webrender,,6,,firefox,,1722303657,2023-07-06T15:48:00,1.3578047294040005,b2838888a0e8eb0d0c60ef66175758b37c95f0c5,1268740
mozilla-beta,4789510,1,26056a2d4b0eca731464962d02dc06614ee4468e,windows10-64-shippable-qr,,False,,,102210fe594ee9b33d82058545b1ed14f4c8206e,responsiveness,tp5o_webext,True,tp5o_webext responsiveness opt e10s fission stylo webrender,,6,,firefox,,1722404778,2023-07-06T18:02:11,1.479094949021554,c8d180ec428a1ceddf5cfb7d1afe16d9e09dcc78,1268824
mozilla-beta,4789510,1,26056a2d4b0eca731464962d02dc06614ee4468e,windows10-64-shippable-qr,,False,,,102210fe594ee9b33d82058545b1ed14f4c8206e,responsiveness,tp5o_webext,True,tp5o_webext responsiveness opt e10s fission stylo webrender,,6,,firefox,,1722486173,2023-07-06T19:39:12,1.541085453046856,1b6b2288a0f47b37ab70eeb64f69bebf7442b138,1268893
mozilla-beta,4789510,1,26056a2d4b0eca731464962d02dc06614ee4468e,windows10-64-shippable-qr,,False,,,102210fe594ee9b33d82058545b1ed14f4c8206e,responsiveness,tp5o_webext,True,tp5o_webext responsiveness opt e10s fission stylo webrender,,6,,firefox,,1722993784,2023-07-07T17:59:16,1.4234372430080549,97a7b5a61f68e2ac160fe29147306071599bcab2,1269470
mozilla-beta,4789510,1,26056a2d4b0eca731464962d02dc06614ee4468e,windows10-64-shippable-qr,,False,,,102210fe594ee9b33d82058545b1ed14f4c8206e,responsiveness,tp5o_webext,True,tp5o_webext responsiveness opt e10s fission stylo webrender,,6,,firefox,,1723067015,2023-07-07T18:52:45,1.3568244317283145,8c0f8e058e2d2074662db140fe4f5ee081fc8202,1269502
mozilla-beta,4789510,1,26056a2d4b0eca731464962d02dc06614ee4468e,windows10-64-shippable-qr,,False,,,102210fe594ee9b33d82058545b1ed14f4c8206e,responsiveness,tp5o_webext,True,tp5o_webext responsiveness opt e10s fission stylo webrender,,6,,firefox,,1723384948,2023-07-08T14:56:49,1.4099951987054,80e901c4ae8730b0252c8ec0a16be620158010a7,1269733
mozilla-beta,4789510,1,26056a2d4b0eca731464962d02dc06614ee4468e,windows10-64-shippable-qr,,False,,,102210fe594ee9b33d82058545b1ed14f4c8206e,responsiveness,tp5o_webext,True,tp5o_webext responsiveness opt e10s fission stylo webrender,,6,,firefox,,1723415546,2023-07-08T17:59:20,1.3564953421498827,412cbf20869a7438910dbeb0737a67532237ab7f,1269749
mozilla-beta,4789510,1,26056a2d4b0eca731464962d02dc06614ee4468e,windows10-64-shippable-qr,,False,,,102210fe594ee9b33d82058545b1ed14f4c8206e,responsiveness,tp5o_webext,True,tp5o_webext responsiveness opt e10s fission stylo webrender,,6,,firefox,,1723605756,2023-07-09T15:07:05,1.456303086948113,bd50e163e8d84f51ef341846fb9f41f281917384,1269852
mozilla-beta,4789510,1,26056a2d4b0eca731464962d02dc06614ee4468e,windows10-64-shippable-qr,,False,,,102210fe594ee9b33d82058545b1ed14f4c8206e,responsiveness,tp5o_webext,True,tp5o_webext responsiveness opt e10s fission stylo webrender,,6,,firefox,,1723650731,2023-07-09T17:59:49,1.3458610010829501,d98ec7555bb1b00ef809e279882492340c88e7a5,1269878
mozilla-beta,4789510,1,26056a2d4b0eca731464962d02dc06614ee4468e,windows10-64-shippable-qr,,False,,,102210fe594ee9b33d82058545b1ed14f4c8206e,responsiveness,tp5o_webext,True,tp5o_webext responsiveness opt e10s fission stylo webrender,,6,,firefox,,1724060700,2023-07-10T13:57:38,1.479205469689937,28f60d3dfc47352e5f5b187c3e4b4a912ed6fed7,1270196
mozilla-beta,4789510,1,26056a2d4b0eca731464962d02dc06614ee4468e,windows10-64-shippable-qr,,False,,,102210fe594ee9b33d82058545b1ed14f4c8206e,responsiveness,tp5o_webext,True,tp5o_webext responsiveness opt e10s fission stylo webrender,,6,,firefox,,1724202924,2023-07-10T18:02:54,1.6535325901408102,c80f0af649a4cd12fe9bcdaa48183f8417827feb,1270318
mozilla-beta,4789510,1,26056a2d4b0eca731464962d02dc06614ee4468e,windows10-64-shippable-qr,,False,,,102210fe594ee9b33d82058545b1ed14f4c8206e,responsiveness,tp5o_webext,True,tp5o_webext responsiveness opt e10s fission stylo webrender,,6,,firefox,,1724316371,2023-07-11T00:09:58,1.4756031673626264,1dcdc0d37b33c854558ec0ef2561545b2254d192,1270529
mozilla-beta,4789510,1,26056a2d4b0eca731464962d02dc06614ee4468e,windows10-64-shippable-qr,,False,,,102210fe594ee9b33d82058545b1ed14f4c8206e,responsiveness,tp5o_webext,True,tp5o_webext responsiveness opt e10s fission stylo webrender,,6,,firefox,,1724563659,2023-07-11T12:10:33,1.3846485024291202,a155fa3223a58c6670aaa0c7f7a621b0a8dfd812,1270743
mozilla-beta,4789510,1,26056a2d4b0eca731464962d02dc06614ee4468e,windows10-64-shippable-qr,,False,,,102210fe594ee9b33d82058545b1ed14f4c8206e,responsiveness,tp5o_webext,True,tp5o_webext responsiveness opt e10s fission stylo webrender,,6,,firefox,,1724607369,2023-07-11T13:49:09,1.3403757100354576,d59e19237835de1d09c0980460e8c18f149c2cb1,1270799
mozilla-beta,4789510,1,26056a2d4b0eca731464962d02dc06614ee4468e,windows10-64-shippable-qr,,False,,,102210fe594ee9b33d82058545b1ed14f4c8206e,responsiveness,tp5o_webext,True,tp5o_webext responsiveness opt e10s fission stylo webrender,,6,,firefox,,1724773324,2023-07-11T17:59:23,1.4489282544075641,dec4b42fd0a8e659f317a53a70de7fe0a6375b4d,1270960
mozilla-beta,4789510,1,26056a2d4b0eca731464962d02dc06614ee4468e,windows10-64-shippable-qr,,False,,,102210fe594ee9b33d82058545b1ed14f4c8206e,responsiveness,tp5o_webext,True,tp5o_webext responsiveness opt e10s fission stylo webrender,,6,,firefox,,1724783729,2023-07-11T18:30:52,1.4411064975951593,d115233f6cf619edaf715843896dd904ffc421cb,1270975
mozilla-beta,4789510,1,26056a2d4b0eca731464962d02dc06614ee4468e,windows10-64-shippable-qr,,False,,,102210fe594ee9b33d82058545b1ed14f4c8206e,responsiveness,tp5o_webext,True,tp5o_webext responsiveness opt e10s fission stylo webrender,,6,,firefox,,1725243351,2023-07-12T18:58:21,1.4583940082700122,52c1585352356cd4c42ae2b1385961b2f88be67b,1271633
mozilla-beta,4789510,1,26056a2d4b0eca731464962d02dc06614ee4468e,windows10-64-shippable-qr,,False,,,102210fe594ee9b33d82058545b1ed14f4c8206e,responsiveness,tp5o_webext,True,tp5o_webext responsiveness opt e10s fission stylo webrender,,6,,firefox,,1725639838,2023-07-13T14:00:45,1.3617716638947028,3eb5925071ba3fd23d2808498d6db974e022a597,1272156
mozilla-beta,4789510,1,26056a2d4b0eca731464962d02dc06614ee4468e,windows10-64-shippable-qr,,False,,,102210fe594ee9b33d82058545b1ed14f4c8206e,responsiveness,tp5o_webext,True,tp5o_webext responsiveness opt e10s fission stylo webrender,,6,,firefox,,1725659690,2023-07-13T14:21:58,1.4352670441995532,4444bd2d76ad1f0ef6f4aff7e59e8e9db81f2305,1272177
mozilla-beta,4789510,1,26056a2d4b0eca731464962d02dc06614ee4468e,windows10-64-shippable-qr,,False,,,102210fe594ee9b33d82058545b1ed14f4c8206e,responsiveness,tp5o_webext,True,tp5o_webext responsiveness opt e10s fission stylo webrender,,6,,firefox,,1725750123,2023-07-13T16:48:18,1.6162274581238272,7a01db8a8e8ad141961b2f5fdf44a2e771de0d46,1272282
mozilla-beta,4789510,1,26056a2d4b0eca731464962d02dc06614ee4468e,windows10-64-shippable-qr,,False,,,102210fe594ee9b33d82058545b1ed14f4c8206e,responsiveness,tp5o_webext,True,tp5o_webext responsiveness opt e10s fission stylo webrender,,6,,firefox,,1725783415,2023-07-13T17:59:05,1.3110850562123246,1871adf64271aebcccf19ede8eee47585bfadb3c,1272345
mozilla-beta,4789510,1,26056a2d4b0eca731464962d02dc06614ee4468e,windows10-64-shippable-qr,,False,,,102210fe594ee9b33d82058545b1ed14f4c8206e,responsiveness,tp5o_webext,True,tp5o_webext responsiveness opt e10s fission stylo webrender,,6,,firefox,,1726198802,2023-07-14T13:29:22,1.2611160457494892,e1d02b6887bb1dcb547f064f74c499da04158df9,1272741
mozilla-beta,4789510,1,26056a2d4b0eca731464962d02dc06614ee4468e,windows10-64-shippable-qr,,False,,,102210fe594ee9b33d82058545b1ed14f4c8206e,responsiveness,tp5o_webext,True,tp5o_webext responsiveness opt e10s fission stylo webrender,,6,,firefox,,1726266179,2023-07-14T14:18:32,1.4511993768570601,c83566264750894d2aa083bfec3b4dddcbaf26c7,1272769
mozilla-beta,4789510,1,26056a2d4b0eca731464962d02dc06614ee4468e,windows10-64-shippable-qr,,False,,,102210fe594ee9b33d82058545b1ed14f4c8206e,responsiveness,tp5o_webext,True,tp5o_webext responsiveness opt e10s fission stylo webrender,,6,,firefox,,1726383803,2023-07-14T17:59:09,1.3368062353606434,f7629ac11e34075dac560bf31065851d441abc3c,1272899
mozilla-beta,4789510,1,26056a2d4b0eca731464962d02dc06614ee4468e,windows10-64-shippable-qr,,False,,,102210fe594ee9b33d82058545b1ed14f4c8206e,responsiveness,tp5o_webext,True,tp5o_webext responsiveness opt e10s fission stylo webrender,,6,,firefox,,1726612589,2023-07-15T18:04:22,1.4491245338640784,dec6f8c6dcc74ba79246da43fd6e20d0eb7f7c0e,1273123
mozilla-beta,4789510,1,26056a2d4b0eca731464962d02dc06614ee4468e,windows10-64-shippable-qr,,False,,,102210fe594ee9b33d82058545b1ed14f4c8206e,responsiveness,tp5o_webext,True,tp5o_webext responsiveness opt e10s fission stylo webrender,,6,,firefox,,1726736796,2023-07-16T13:41:25,1.3972315091546788,9c3147a3e07e168fcaabf4b3783fd84c69a9d24e,1273177
mozilla-beta,4789510,1,26056a2d4b0eca731464962d02dc06614ee4468e,windows10-64-shippable-qr,,False,,,102210fe594ee9b33d82058545b1ed14f4c8206e,responsiveness,tp5o_webext,True,tp5o_webext responsiveness opt e10s fission stylo webrender,,6,,firefox,,1726780699,2023-07-16T18:03:34,1.4071521014551913,cd8c75069cbacdf88ad33dd00ecb9ab12c7ec1e4,1273187
mozilla-beta,4789510,1,26056a2d4b0eca731464962d02dc06614ee4468e,windows10-64-shippable-qr,,False,,,102210fe594ee9b33d82058545b1ed14f4c8206e,responsiveness,tp5o_webext,True,tp5o_webext responsiveness opt e10s fission stylo webrender,,6,,firefox,,1726974695,2023-07-17T15:06:07,1.3620331330917128,6aa12630de4d96f69b09566023e74acb81e116c4,1273493
mozilla-beta,4789510,1,26056a2d4b0eca731464962d02dc06614ee4468e,windows10-64-shippable-qr,,False,,,102210fe594ee9b33d82058545b1ed14f4c8206e,responsiveness,tp5o_webext,True,tp5o_webext responsiveness opt e10s fission stylo webrender,,6,,firefox,,1727068914,2023-07-17T17:57:13,1.3742107470396334,2ddfa7d38c38cf2a3242ea76a3326a0586a2efdc,1273601
mozilla-beta,4789510,1,26056a2d4b0eca731464962d02dc06614ee4468e,windows10-64-shippable-qr,,False,,,102210fe594ee9b33d82058545b1ed14f4c8206e,responsiveness,tp5o_webext,True,tp5o_webext responsiveness opt e10s fission stylo webrender,,6,,firefox,,1727096638,2023-07-17T18:13:26,1.2881433907226383,0423f240445837264164498d5f822c75d5427177,1273620
mozilla-beta,4789510,1,26056a2d4b0eca731464962d02dc06614ee4468e,windows10-64-shippable-qr,,False,,,102210fe594ee9b33d82058545b1ed14f4c8206e,responsiveness,tp5o_webext,True,tp5o_webext responsiveness opt e10s fission stylo webrender,,6,,firefox,,1727520245,2023-07-18T12:20:04,1.3985351644798425,ba11c78ce3b0121f57637dd734e829791d2dfcc4,1274042
mozilla-beta,4789510,1,26056a2d4b0eca731464962d02dc06614ee4468e,windows10-64-shippable-qr,,False,,,102210fe594ee9b33d82058545b1ed14f4c8206e,responsiveness,tp5o_webext,True,tp5o_webext responsiveness opt e10s fission stylo webrender,,6,,firefox,,1727678203,2023-07-18T17:47:25,1.265103264694274,fd830f72726b11de269b925cbd66ea0645dd9491,1274232
mozilla-beta,4789510,1,26056a2d4b0eca731464962d02dc06614ee4468e,windows10-64-shippable-qr,,False,,,102210fe594ee9b33d82058545b1ed14f4c8206e,responsiveness,tp5o_webext,True,tp5o_webext responsiveness opt e10s fission stylo webrender,,6,,firefox,,1727710577,2023-07-18T18:01:35,1.6703649134695993,34301d4d9d7ede8d86907dd4cc41f9fc7d5d7d94,1274236
mozilla-beta,4789510,1,26056a2d4b0eca731464962d02dc06614ee4468e,windows10-64-shippable-qr,,False,,,102210fe594ee9b33d82058545b1ed14f4c8206e,responsiveness,tp5o_webext,True,tp5o_webext responsiveness opt e10s fission stylo webrender,,6,,firefox,,1727701366,2023-07-18T18:53:23,1.3713705888626544,23424f65527c2d906a02bfe4779aff416f03826d,1274269
mozilla-beta,4789510,1,26056a2d4b0eca731464962d02dc06614ee4468e,windows10-64-shippable-qr,,False,,,102210fe594ee9b33d82058545b1ed14f4c8206e,responsiveness,tp5o_webext,True,tp5o_webext responsiveness opt e10s fission stylo webrender,,6,,firefox,,1728248756,2023-07-19T12:20:45,1.3219862648435294,6f204c3c5e075defb94fcfdadf1d930df5d3f825,1274751
mozilla-beta,4789510,1,26056a2d4b0eca731464962d02dc06614ee4468e,windows10-64-shippable-qr,,False,,,102210fe594ee9b33d82058545b1ed14f4c8206e,responsiveness,tp5o_webext,True,tp5o_webext responsiveness opt e10s fission stylo webrender,,6,,firefox,,1728529842,2023-07-19T18:07:09,1.4776754793325393,4430f8a728a733f89b6ac8b245537ab570eb2292,1275008
mozilla-beta,4789510,1,26056a2d4b0eca731464962d02dc06614ee4468e,windows10-64-shippable-qr,,False,,,102210fe594ee9b33d82058545b1ed14f4c8206e,responsiveness,tp5o_webext,True,tp5o_webext responsiveness opt e10s fission stylo webrender,,6,,firefox,,1728606888,2023-07-19T19:46:06,1.5161517780634426,1904bb52d22fea887c5b39ecfd3e3104422033f9,1275079
mozilla-beta,4789510,1,26056a2d4b0eca731464962d02dc06614ee4468e,windows10-64-shippable-qr,,False,,,102210fe594ee9b33d82058545b1ed14f4c8206e,responsiveness,tp5o_webext,True,tp5o_webext responsiveness opt e10s fission stylo webrender,,6,,firefox,,1729139913,2023-07-20T15:57:45,1.1969502626902355,00c1f4a8d5f8d4a18552a30a6994608f4418116d,1275567
mozilla-beta,4789510,1,26056a2d4b0eca731464962d02dc06614ee4468e,windows10-64-shippable-qr,,False,,,102210fe594ee9b33d82058545b1ed14f4c8206e,responsiveness,tp5o_webext,True,tp5o_webext responsiveness opt e10s fission stylo webrender,,6,,firefox,,1729247433,2023-07-20T17:59:27,1.4471771158025029,a241d89b662e14a0ac4aabf56849c2b161b6d70d,1275658
mozilla-beta,4789510,1,26056a2d4b0eca731464962d02dc06614ee4468e,windows10-64-shippable-qr,,False,,,102210fe594ee9b33d82058545b1ed14f4c8206e,responsiveness,tp5o_webext,True,tp5o_webext responsiveness opt e10s fission stylo webrender,,6,,firefox,,1729275121,2023-07-20T20:00:12,1.3217986315515697,5400bd70e968c76d1d67abea7e072f5db3e06c80,1275753
mozilla-beta,4789510,1,26056a2d4b0eca731464962d02dc06614ee4468e,windows10-64-shippable-qr,,False,,,102210fe594ee9b33d82058545b1ed14f4c8206e,responsiveness,tp5o_webext,True,tp5o_webext responsiveness opt e10s fission stylo webrender,,6,,firefox,,1729741098,2023-07-21T16:06:45,1.330653095459906,d9bbcab92460808ed9148655ab4c6e3dcf9239ef,1276242
mozilla-beta,4789510,1,26056a2d4b0eca731464962d02dc06614ee4468e,windows10-64-shippable-qr,,False,,,102210fe594ee9b33d82058545b1ed14f4c8206e,responsiveness,tp5o_webext,True,tp5o_webext responsiveness opt e10s fission stylo webrender,,6,,firefox,,1729766902,2023-07-21T18:01:34,1.3940403309123703,763d601a05a7b017806cf139e475a959e5c7912a,1276334
mozilla-beta,4789510,1,26056a2d4b0eca731464962d02dc06614ee4468e,windows10-64-shippable-qr,,False,,,102210fe594ee9b33d82058545b1ed14f4c8206e,responsiveness,tp5o_webext,True,tp5o_webext responsiveness opt e10s fission stylo webrender,,6,,firefox,,1730150639,2023-07-22T18:01:26,1.3559704037609561,5ebae42b46a0a71153c76180dd9808c42692be79,1276660
mozilla-beta,4789510,1,26056a2d4b0eca731464962d02dc06614ee4468e,windows10-64-shippable-qr,,False,,,102210fe594ee9b33d82058545b1ed14f4c8206e,responsiveness,tp5o_webext,True,tp5o_webext responsiveness opt e10s fission stylo webrender,,6,,firefox,,1730293207,2023-07-23T15:25:49,1.3388109275585036,7c3347ba3478b9ce3fde17fa0acb3ea3b06dfa38,1276709
mozilla-beta,4789510,1,26056a2d4b0eca731464962d02dc06614ee4468e,windows10-64-shippable-qr,,False,,,102210fe594ee9b33d82058545b1ed14f4c8206e,responsiveness,tp5o_webext,True,tp5o_webext responsiveness opt e10s fission stylo webrender,,6,,firefox,,1730340283,2023-07-23T17:59:43,1.5121183220483008,c26da009d2a4c447ccda98478b30b0fd5c842a79,1276731
mozilla-beta,4789510,1,26056a2d4b0eca731464962d02dc06614ee4468e,windows10-64-shippable-qr,,False,,,102210fe594ee9b33d82058545b1ed14f4c8206e,responsiveness,tp5o_webext,True,tp5o_webext responsiveness opt e10s fission stylo webrender,,6,,firefox,,1730401749,2023-07-24T00:28:48,1.3779544574094245,23b1fabe6e02b63b59821e274cdbc8766b97e74a,1276770
mozilla-beta,4789510,1,26056a2d4b0eca731464962d02dc06614ee4468e,windows10-64-shippable-qr,,False,,,102210fe594ee9b33d82058545b1ed14f4c8206e,responsiveness,tp5o_webext,True,tp5o_webext responsiveness opt e10s fission stylo webrender,,6,,firefox,,1730683162,2023-07-24T12:18:38,1.4347547601962245,316000c523d79e787604ca918d12752f1d5c1433,1276942
mozilla-beta,4789510,1,26056a2d4b0eca731464962d02dc06614ee4468e,windows10-64-shippable-qr,,False,,,102210fe594ee9b33d82058545b1ed14f4c8206e,responsiveness,tp5o_webext,True,tp5o_webext responsiveness opt e10s fission stylo webrender,,6,,firefox,,1733566447,2023-07-31T15:02:16,1.4084392194879916,f4da117c89d1c6b7d53312065fbf3b32ac05c195,1280395
mozilla-beta,4789510,1,26056a2d4b0eca731464962d02dc06614ee4468e,windows10-64-shippable-qr,,False,,,102210fe594ee9b33d82058545b1ed14f4c8206e,responsiveness,tp5o_webext,True,tp5o_webext responsiveness opt e10s fission stylo webrender,,6,,firefox,,1734313615,2023-08-01T17:41:49,1.3711464318547886,0d4550c5bbe5e5c9d652f6f76ed2b84801006a72,1281125
mozilla-beta,4789510,1,26056a2d4b0eca731464962d02dc06614ee4468e,windows10-64-shippable-qr,,False,,,102210fe594ee9b33d82058545b1ed14f4c8206e,responsiveness,tp5o_webext,True,tp5o_webext responsiveness opt e10s fission stylo webrender,,6,,firefox,,1734287549,2023-08-01T18:01:59,1.4676692021305089,d2d0e657cc37b8045725d3ec3b95537958a2a906,1281146
mozilla-beta,4789510,1,26056a2d4b0eca731464962d02dc06614ee4468e,windows10-64-shippable-qr,,False,,,102210fe594ee9b33d82058545b1ed14f4c8206e,responsiveness,tp5o_webext,True,tp5o_webext responsiveness opt e10s fission stylo webrender,,6,,firefox,,1734789873,2023-08-02T15:58:45,1.486365719901287,0fb6863005d9a9c13e9baacd3f1b161fff28e9be,1281670
mozilla-beta,4789510,1,26056a2d4b0eca731464962d02dc06614ee4468e,windows10-64-shippable-qr,,False,,,102210fe594ee9b33d82058545b1ed14f4c8206e,responsiveness,tp5o_webext,True,tp5o_webext responsiveness opt e10s fission stylo webrender,,6,,firefox,,1734813795,2023-08-02T18:03:06,1.4935255572998027,17026ac3512076aea21a114891abaeb7d86eefd1,1281761
mozilla-beta,4789510,1,26056a2d4b0eca731464962d02dc06614ee4468e,windows10-64-shippable-qr,,False,,,102210fe594ee9b33d82058545b1ed14f4c8206e,responsiveness,tp5o_webext,True,tp5o_webext responsiveness opt e10s fission stylo webrender,,6,,firefox,,1735013709,2023-08-03T00:35:45,1.466998709636506,65512c991660c1242db1c099b252edf75f9155df,1282034
mozilla-beta,4789510,1,26056a2d4b0eca731464962d02dc06614ee4468e,windows10-64-shippable-qr,,False,,,102210fe594ee9b33d82058545b1ed14f4c8206e,responsiveness,tp5o_webext,True,tp5o_webext responsiveness opt e10s fission stylo webrender,,6,,firefox,,1735071018,2023-08-03T02:40:36,1.4475573544793392,de78a2160c98777d7df3d1abcfa1fa1ba2fc1ebf,1282073
mozilla-beta,4789510,1,26056a2d4b0eca731464962d02dc06614ee4468e,windows10-64-shippable-qr,,False,,,102210fe594ee9b33d82058545b1ed14f4c8206e,responsiveness,tp5o_webext,True,tp5o_webext responsiveness opt e10s fission stylo webrender,,6,,firefox,,1735399608,2023-08-03T15:42:06,1.4763006362784878,38b5901830d175ff8ead19ae53ded689c990a2c2,1282357
mozilla-beta,4789510,1,26056a2d4b0eca731464962d02dc06614ee4468e,windows10-64-shippable-qr,,False,,,102210fe594ee9b33d82058545b1ed14f4c8206e,responsiveness,tp5o_webext,True,tp5o_webext responsiveness opt e10s fission stylo webrender,,6,,firefox,,1735448084,2023-08-03T16:45:02,1.4814737914698195,8aec3eecd3933c24b1ffc49b81133e628bdbd9b7,1282417
mozilla-beta,4789510,1,26056a2d4b0eca731464962d02dc06614ee4468e,windows10-64-shippable-qr,,False,,,102210fe594ee9b33d82058545b1ed14f4c8206e,responsiveness,tp5o_webext,True,tp5o_webext responsiveness opt e10s fission stylo webrender,,6,,firefox,,1735508245,2023-08-03T18:02:21,1.4432428613871158,7a8dadfc175109672e932eff3fa2b2e788227e0c,1282452
mozilla-beta,4789510,1,26056a2d4b0eca731464962d02dc06614ee4468e,windows10-64-shippable-qr,,False,,,102210fe594ee9b33d82058545b1ed14f4c8206e,responsiveness,tp5o_webext,True,tp5o_webext responsiveness opt e10s fission stylo webrender,,6,,firefox,,1735672955,2023-08-04T01:00:05,1.3448567341490316,edbfa38873a723ceaf42ead3644bfd365d31f689,1282688
mozilla-beta,4789510,1,26056a2d4b0eca731464962d02dc06614ee4468e,windows10-64-shippable-qr,,False,,,102210fe594ee9b33d82058545b1ed14f4c8206e,responsiveness,tp5o_webext,True,tp5o_webext responsiveness opt e10s fission stylo webrender,,6,,firefox,,1735742412,2023-08-04T01:46:46,1.473418330433352,926c0c79b59e3a541f918893ea054164454095f6,1282708
mozilla-beta,4789510,1,26056a2d4b0eca731464962d02dc06614ee4468e,windows10-64-shippable-qr,,False,,,102210fe594ee9b33d82058545b1ed14f4c8206e,responsiveness,tp5o_webext,True,tp5o_webext responsiveness opt e10s fission stylo webrender,,6,,firefox,,1736023036,2023-08-04T14:18:49,1.466488503573613,f564a62af1d5a66c0cbc395f85508fd0aba080a7,1282986
mozilla-beta,4789510,1,26056a2d4b0eca731464962d02dc06614ee4468e,windows10-64-shippable-qr,,False,,,102210fe594ee9b33d82058545b1ed14f4c8206e,responsiveness,tp5o_webext,True,tp5o_webext responsiveness opt e10s fission stylo webrender,,6,,firefox,,1736205620,2023-08-04T18:01:22,1.6503127865294656,67612b68bc23712e04e49bd79bf8c027bb9a438d,1283137
mozilla-beta,4789510,1,26056a2d4b0eca731464962d02dc06614ee4468e,windows10-64-shippable-qr,,False,,,102210fe594ee9b33d82058545b1ed14f4c8206e,responsiveness,tp5o_webext,True,tp5o_webext responsiveness opt e10s fission stylo webrender,,6,,firefox,,1736380145,2023-08-05T00:48:58,1.4591276721992825,cd87be9c7e34460013b2770c9ee2e03c35627cc7,1283292
mozilla-beta,4789510,1,26056a2d4b0eca731464962d02dc06614ee4468e,windows10-64-shippable-qr,,False,,,102210fe594ee9b33d82058545b1ed14f4c8206e,responsiveness,tp5o_webext,True,tp5o_webext responsiveness opt e10s fission stylo webrender,,6,,firefox,,1736488612,2023-08-05T18:00:42,1.230150101617805,afd2356274aeb8ff8b60713edb74477cf7d6b3ee,1283353
mozilla-beta,4789510,1,26056a2d4b0eca731464962d02dc06614ee4468e,windows10-64-shippable-qr,,False,,,102210fe594ee9b33d82058545b1ed14f4c8206e,responsiveness,tp5o_webext,True,tp5o_webext responsiveness opt e10s fission stylo webrender,,6,,firefox,,1736590204,2023-08-06T18:01:10,1.3633173946522874,fd6a630299cc7a67e2af0ea85515fa7f31773d43,1283429
mozilla-beta,4789510,1,26056a2d4b0eca731464962d02dc06614ee4468e,windows10-64-shippable-qr,,False,,,102210fe594ee9b33d82058545b1ed14f4c8206e,responsiveness,tp5o_webext,True,tp5o_webext responsiveness opt e10s fission stylo webrender,,6,,firefox,,1736988187,2023-08-07T18:00:13,1.1339666256453307,0719ff67d72e82af324ff0d60454cb7b64475ea8,1283851
mozilla-beta,4789510,1,26056a2d4b0eca731464962d02dc06614ee4468e,windows10-64-shippable-qr,,False,,,102210fe594ee9b33d82058545b1ed14f4c8206e,responsiveness,tp5o_webext,True,tp5o_webext responsiveness opt e10s fission stylo webrender,,6,,firefox,,1737588998,2023-08-08T17:20:55,1.439684979322324,2139e838f412d9530de885d86795cb20acd799ec,1284441
mozilla-beta,4789510,1,26056a2d4b0eca731464962d02dc06614ee4468e,windows10-64-shippable-qr,,False,,,102210fe594ee9b33d82058545b1ed14f4c8206e,responsiveness,tp5o_webext,True,tp5o_webext responsiveness opt e10s fission stylo webrender,,6,,firefox,,1737542405,2023-08-08T18:01:14,1.4700344745835976,28729171cb22279cc197e994df3a3af4cb93dd03,1284477
mozilla-beta,4789510,1,26056a2d4b0eca731464962d02dc06614ee4468e,windows10-64-shippable-qr,,False,,,102210fe594ee9b33d82058545b1ed14f4c8206e,responsiveness,tp5o_webext,True,tp5o_webext responsiveness opt e10s fission stylo webrender,,6,,firefox,,1737570134,2023-08-08T18:43:39,1.40828288984312,2658ff909fe46ea384283ab987ff064826d3847f,1284502
mozilla-beta,4789510,1,26056a2d4b0eca731464962d02dc06614ee4468e,windows10-64-shippable-qr,,False,,,102210fe594ee9b33d82058545b1ed14f4c8206e,responsiveness,tp5o_webext,True,tp5o_webext responsiveness opt e10s fission stylo webrender,,6,,firefox,,1737744428,2023-08-08T21:55:02,1.446631752255513,cfdaf87ed056aaae59e32176b35e15dd0ccd4b1a,1284626
mozilla-beta,4789510,1,26056a2d4b0eca731464962d02dc06614ee4468e,windows10-64-shippable-qr,,False,,,102210fe594ee9b33d82058545b1ed14f4c8206e,responsiveness,tp5o_webext,True,tp5o_webext responsiveness opt e10s fission stylo webrender,,6,,firefox,,1740375219,2023-08-08T22:35:16,1.3616363514022616,d061e30320b1d2802b6fe16c6541c043952c5017,1284651
mozilla-beta,4789510,1,26056a2d4b0eca731464962d02dc06614ee4468e,windows10-64-shippable-qr,,False,,,102210fe594ee9b33d82058545b1ed14f4c8206e,responsiveness,tp5o_webext,True,tp5o_webext responsiveness opt e10s fission stylo webrender,,6,,firefox,,1740374835,2023-08-08T23:48:06,1.3894134282768293,532ad084c177d7c0f0a3468f79928b630f55e14b,1284679
mozilla-beta,4789510,1,26056a2d4b0eca731464962d02dc06614ee4468e,windows10-64-shippable-qr,,False,,,102210fe594ee9b33d82058545b1ed14f4c8206e,responsiveness,tp5o_webext,True,tp5o_webext responsiveness opt e10s fission stylo webrender,,6,,firefox,,1740375488,2023-08-08T23:48:06,1.4315897427851638,532ad084c177d7c0f0a3468f79928b630f55e14b,1284679
mozilla-beta,4789510,1,26056a2d4b0eca731464962d02dc06614ee4468e,windows10-64-shippable-qr,,False,,,102210fe594ee9b33d82058545b1ed14f4c8206e,responsiveness,tp5o_webext,True,tp5o_webext responsiveness opt e10s fission stylo webrender,,6,,firefox,,1740375170,2023-08-09T04:06:03,1.4160837075600614,55178d97d5f0a14b3e04415094d1d48f20f81737,1284761
mozilla-beta,4789510,1,26056a2d4b0eca731464962d02dc06614ee4468e,windows10-64-shippable-qr,,False,,,102210fe594ee9b33d82058545b1ed14f4c8206e,responsiveness,tp5o_webext,True,tp5o_webext responsiveness opt e10s fission stylo webrender,,6,,firefox,,1738190197,2023-08-09T18:01:13,1.4539776345779558,6bd589246bd42f4ee499b2c5a66490fed5d80f39,1285212
mozilla-beta,4789510,1,26056a2d4b0eca731464962d02dc06614ee4468e,windows10-64-shippable-qr,,False,,,102210fe594ee9b33d82058545b1ed14f4c8206e,responsiveness,tp5o_webext,True,tp5o_webext responsiveness opt e10s fission stylo webrender,,6,,firefox,,1738284096,2023-08-09T19:20:20,1.4377648990653864,433d3b5055bdc140654b579bc823a855330ee44e,1285276
mozilla-beta,4789510,1,26056a2d4b0eca731464962d02dc06614ee4468e,windows10-64-shippable-qr,,False,,,102210fe594ee9b33d82058545b1ed14f4c8206e,responsiveness,tp5o_webext,True,tp5o_webext responsiveness opt e10s fission stylo webrender,,6,,firefox,,1738732640,2023-08-10T15:15:03,1.3722692335624513,fa00393d9b3fe6becf61c250b9576e461b7c5570,1285771
mozilla-beta,4789510,1,26056a2d4b0eca731464962d02dc06614ee4468e,windows10-64-shippable-qr,,False,,,102210fe594ee9b33d82058545b1ed14f4c8206e,responsiveness,tp5o_webext,True,tp5o_webext responsiveness opt e10s fission stylo webrender,,6,,firefox,,1738874110,2023-08-10T17:30:49,1.4208753552183944,3db6a1040c55acf5f5e7ae366545276b178866f9,1285856
mozilla-beta,4789510,1,26056a2d4b0eca731464962d02dc06614ee4468e,windows10-64-shippable-qr,,False,,,102210fe594ee9b33d82058545b1ed14f4c8206e,responsiveness,tp5o_webext,True,tp5o_webext responsiveness opt e10s fission stylo webrender,,6,,firefox,,1738875819,2023-08-10T17:48:51,1.4522263757331548,21c1a6306679d8bc0dad3f2c85fb5d4de03d33a5,1285874
mozilla-beta,4789510,1,26056a2d4b0eca731464962d02dc06614ee4468e,windows10-64-shippable-qr,,False,,,102210fe594ee9b33d82058545b1ed14f4c8206e,responsiveness,tp5o_webext,True,tp5o_webext responsiveness opt e10s fission stylo webrender,,6,,firefox,,1738888682,2023-08-10T18:00:04,1.3879114085847037,1c49b7aae46f2efa55d93f31c950239b146067c3,1285882
mozilla-beta,4789510,1,26056a2d4b0eca731464962d02dc06614ee4468e,windows10-64-shippable-qr,,False,,,102210fe594ee9b33d82058545b1ed14f4c8206e,responsiveness,tp5o_webext,True,tp5o_webext responsiveness opt e10s fission stylo webrender,,6,,firefox,,1738858869,2023-08-10T18:18:19,1.3299252488776252,d6ffe323ddf142af3dd664b098a59dc4973bd423,1285902
mozilla-beta,4789510,1,26056a2d4b0eca731464962d02dc06614ee4468e,windows10-64-shippable-qr,,False,,,102210fe594ee9b33d82058545b1ed14f4c8206e,responsiveness,tp5o_webext,True,tp5o_webext responsiveness opt e10s fission stylo webrender,,6,,firefox,,1740422666,2023-08-10T21:27:10,1.3513552242902434,4912574e9716b0b0a9018bec241edc2245f6538e,1286051
mozilla-beta,4789510,1,26056a2d4b0eca731464962d02dc06614ee4468e,windows10-64-shippable-qr,,False,,,102210fe594ee9b33d82058545b1ed14f4c8206e,responsiveness,tp5o_webext,True,tp5o_webext responsiveness opt e10s fission stylo webrender,,6,,firefox,,1740399102,2023-08-10T21:34:07,1.3592188032234667,db6e7e1e9114bed46fcdd54efafc747797feae13,1286058
mozilla-beta,4789510,1,26056a2d4b0eca731464962d02dc06614ee4468e,windows10-64-shippable-qr,,False,,,102210fe594ee9b33d82058545b1ed14f4c8206e,responsiveness,tp5o_webext,True,tp5o_webext responsiveness opt e10s fission stylo webrender,,6,,firefox,,1740394910,2023-08-11T00:44:05,1.4411926281698957,5cd6b98b0cc06e05cc1e3812a2ddd1708243a015,1286142
mozilla-beta,4789510,1,26056a2d4b0eca731464962d02dc06614ee4468e,windows10-64-shippable-qr,,False,,,102210fe594ee9b33d82058545b1ed14f4c8206e,responsiveness,tp5o_webext,True,tp5o_webext responsiveness opt e10s fission stylo webrender,,6,,firefox,,1740393448,2023-08-11T01:08:38,1.3592560014151165,d1ee2822f39b1c33793a20a7ca72e85dab5e22b3,1286146
mozilla-beta,4789510,1,26056a2d4b0eca731464962d02dc06614ee4468e,windows10-64-shippable-qr,,False,,,102210fe594ee9b33d82058545b1ed14f4c8206e,responsiveness,tp5o_webext,True,tp5o_webext responsiveness opt e10s fission stylo webrender,,6,,firefox,,1739288304,2023-08-11T15:21:13,1.3576796089255145,19a2c76dc9990f44dbeac102736d2e99be839317,1286357
mozilla-beta,4789510,1,26056a2d4b0eca731464962d02dc06614ee4468e,windows10-64-shippable-qr,,False,,,102210fe594ee9b33d82058545b1ed14f4c8206e,responsiveness,tp5o_webext,True,tp5o_webext responsiveness opt e10s fission stylo webrender,,6,,firefox,,1739352583,2023-08-11T16:51:16,1.3932409551563931,fe2aaa3aafcf697f35b8250eca545ed76a62162f,1286431
mozilla-beta,4789510,1,26056a2d4b0eca731464962d02dc06614ee4468e,windows10-64-shippable-qr,,False,,,102210fe594ee9b33d82058545b1ed14f4c8206e,responsiveness,tp5o_webext,True,tp5o_webext responsiveness opt e10s fission stylo webrender,,6,,firefox,,1739347860,2023-08-11T17:58:53,1.4056554336206155,bc09740beb8c1ae802df1ad952223a369daac18f,1286483
mozilla-beta,4789510,1,26056a2d4b0eca731464962d02dc06614ee4468e,windows10-64-shippable-qr,,False,,,102210fe594ee9b33d82058545b1ed14f4c8206e,responsiveness,tp5o_webext,True,tp5o_webext responsiveness opt e10s fission stylo webrender,,6,,firefox,,1739427264,2023-08-11T19:35:29,1.3888085564305328,e62bf69c57f2d75551e80a25236b19d1892709b3,1286549
mozilla-beta,4789510,1,26056a2d4b0eca731464962d02dc06614ee4468e,windows10-64-shippable-qr,,False,,,102210fe594ee9b33d82058545b1ed14f4c8206e,responsiveness,tp5o_webext,True,tp5o_webext responsiveness opt e10s fission stylo webrender,,6,,firefox,,1739660201,2023-08-12T16:03:48,1.4830429452265543,19a38682aee82796d601e53801a5d4eb10664812,1286674
mozilla-beta,4789510,1,26056a2d4b0eca731464962d02dc06614ee4468e,windows10-64-shippable-qr,,False,,,102210fe594ee9b33d82058545b1ed14f4c8206e,responsiveness,tp5o_webext,True,tp5o_webext responsiveness opt e10s fission stylo webrender,,6,,firefox,,1739695584,2023-08-12T18:00:10,1.333395238203542,77b053e8ee09973807d49b1888c31ea21118362f,1286689
mozilla-beta,4789510,1,26056a2d4b0eca731464962d02dc06614ee4468e,windows10-64-shippable-qr,,False,,,102210fe594ee9b33d82058545b1ed14f4c8206e,responsiveness,tp5o_webext,True,tp5o_webext responsiveness opt e10s fission stylo webrender,,6,,firefox,,1739835458,2023-08-13T16:52:58,1.4588818189024382,4cf69f7029b8d6f7a38adb83cd6852ac008d6be2,1286761
mozilla-beta,4789510,1,26056a2d4b0eca731464962d02dc06614ee4468e,windows10-64-shippable-qr,,False,,,102210fe594ee9b33d82058545b1ed14f4c8206e,responsiveness,tp5o_webext,True,tp5o_webext responsiveness opt e10s fission stylo webrender,,6,,firefox,,1739850143,2023-08-13T17:23:23,1.4910277653823385,2300f9ca9d4fa74443ed2c5542bb1b22167a28df,1286763
mozilla-beta,4789510,1,26056a2d4b0eca731464962d02dc06614ee4468e,windows10-64-shippable-qr,,False,,,102210fe594ee9b33d82058545b1ed14f4c8206e,responsiveness,tp5o_webext,True,tp5o_webext responsiveness opt e10s fission stylo webrender,,6,,firefox,,1739861210,2023-08-13T18:01:42,1.4154584734115114,b6ac990feb967837e10ccf2232c15c9acc4542db,1286766
mozilla-beta,4789510,1,26056a2d4b0eca731464962d02dc06614ee4468e,windows10-64-shippable-qr,,False,,,102210fe594ee9b33d82058545b1ed14f4c8206e,responsiveness,tp5o_webext,True,tp5o_webext responsiveness opt e10s fission stylo webrender,,6,,firefox,,1740125996,2023-08-14T15:56:31,1.2369907992410176,a6729d7e2ba0e1ba1fbf93be5076ecdb4a1b1e40,1287055
mozilla-beta,4789510,1,26056a2d4b0eca731464962d02dc06614ee4468e,windows10-64-shippable-qr,,False,,,102210fe594ee9b33d82058545b1ed14f4c8206e,responsiveness,tp5o_webext,True,tp5o_webext responsiveness opt e10s fission stylo webrender,,6,,firefox,,1740199428,2023-08-14T17:35:08,1.3605748744846962,1d543e7b65ff57f2da7465d003f3e3e38e672120,1287114
mozilla-beta,4789510,1,26056a2d4b0eca731464962d02dc06614ee4468e,windows10-64-shippable-qr,,False,,,102210fe594ee9b33d82058545b1ed14f4c8206e,responsiveness,tp5o_webext,True,tp5o_webext responsiveness opt e10s fission stylo webrender,,6,,firefox,,1740219549,2023-08-14T18:01:52,1.2987907043285083,2272865813a3da4e06a9a59daac6a0d46d3c5c35,1287134
mozilla-beta,4789510,1,26056a2d4b0eca731464962d02dc06614ee4468e,windows10-64-shippable-qr,,False,,,102210fe594ee9b33d82058545b1ed14f4c8206e,responsiveness,tp5o_webext,True,tp5o_webext responsiveness opt e10s fission stylo webrender,,6,,firefox,,1740416834,2023-08-15T02:26:03,1.3624560931401322,dbd6cb77df7c84d664880a496756071e3619f0fd,1287386
mozilla-beta,4789510,1,26056a2d4b0eca731464962d02dc06614ee4468e,windows10-64-shippable-qr,,False,,,102210fe594ee9b33d82058545b1ed14f4c8206e,responsiveness,tp5o_webext,True,tp5o_webext responsiveness opt e10s fission stylo webrender,,6,,firefox,,1740724781,2023-08-15T14:12:37,1.492368238850394,ea32c3ece390271be2988a369cc7fbddd4f87187,1287594
mozilla-beta,4789510,1,26056a2d4b0eca731464962d02dc06614ee4468e,windows10-64-shippable-qr,,False,,,102210fe594ee9b33d82058545b1ed14f4c8206e,responsiveness,tp5o_webext,True,tp5o_webext responsiveness opt e10s fission stylo webrender,,6,,firefox,,1740708959,2023-08-15T14:31:22,1.332029024769946,bd110f9606301510f9ddac04db25e26fc7b979f4,1287600
mozilla-beta,4789510,1,26056a2d4b0eca731464962d02dc06614ee4468e,windows10-64-shippable-qr,,False,,,102210fe594ee9b33d82058545b1ed14f4c8206e,responsiveness,tp5o_webext,True,tp5o_webext responsiveness opt e10s fission stylo webrender,,6,,firefox,,1740862951,2023-08-15T17:55:25,1.4180483613112957,39b27e45212aba8ae789db40047edcb957e5c978,1287743
mozilla-beta,4789510,1,26056a2d4b0eca731464962d02dc06614ee4468e,windows10-64-shippable-qr,,False,,,102210fe594ee9b33d82058545b1ed14f4c8206e,responsiveness,tp5o_webext,True,tp5o_webext responsiveness opt e10s fission stylo webrender,,6,,firefox,,1740909088,2023-08-15T18:00:41,1.4574235499240813,3ee3379590a3b47418b7e1dac28217fa1720c9c5,1287745
mozilla-beta,4789510,1,26056a2d4b0eca731464962d02dc06614ee4468e,windows10-64-shippable-qr,,False,,,102210fe594ee9b33d82058545b1ed14f4c8206e,responsiveness,tp5o_webext,True,tp5o_webext responsiveness opt e10s fission stylo webrender,,6,,firefox,,1741547376,2023-08-16T17:40:45,1.3980375582660045,08b127aa5a361e2e83fbf254bcfa7d7defcc91bb,1288455
mozilla-beta,4789510,1,26056a2d4b0eca731464962d02dc06614ee4468e,windows10-64-shippable-qr,,False,,,102210fe594ee9b33d82058545b1ed14f4c8206e,responsiveness,tp5o_webext,True,tp5o_webext responsiveness opt e10s fission stylo webrender,,6,,firefox,,1741556228,2023-08-16T18:00:54,1.4687349773508673,d3061045db8732cf87a223291094873d2d50888a,1288466
mozilla-beta,4789510,1,26056a2d4b0eca731464962d02dc06614ee4468e,windows10-64-shippable-qr,,False,,,102210fe594ee9b33d82058545b1ed14f4c8206e,responsiveness,tp5o_webext,True,tp5o_webext responsiveness opt e10s fission stylo webrender,,6,,firefox,,1741583756,2023-08-16T18:52:19,1.354086408926885,33901ea7ca81a824a5b24396def8e991fe7731e0,1288493
mozilla-beta,4789510,1,26056a2d4b0eca731464962d02dc06614ee4468e,windows10-64-shippable-qr,,False,,,102210fe594ee9b33d82058545b1ed14f4c8206e,responsiveness,tp5o_webext,True,tp5o_webext responsiveness opt e10s fission stylo webrender,,6,,firefox,,1742157603,2023-08-17T14:25:18,1.4145264041286596,f5d3fbc0d6e61648e703814eea4baf5806524b36,1288946
mozilla-beta,4789510,1,26056a2d4b0eca731464962d02dc06614ee4468e,windows10-64-shippable-qr,,False,,,102210fe594ee9b33d82058545b1ed14f4c8206e,responsiveness,tp5o_webext,True,tp5o_webext responsiveness opt e10s fission stylo webrender,,6,,firefox,,1742208246,2023-08-17T17:00:22,1.3300238998324567,43bf41ee652223649ecd95d0a656eeacae86ad05,1289046
mozilla-beta,4789510,1,26056a2d4b0eca731464962d02dc06614ee4468e,windows10-64-shippable-qr,,False,,,102210fe594ee9b33d82058545b1ed14f4c8206e,responsiveness,tp5o_webext,True,tp5o_webext responsiveness opt e10s fission stylo webrender,,6,,firefox,,1742250746,2023-08-17T17:58:56,1.3920796872815575,79150caa42c9af433d7077a75e3bb6024fedd445,1289083
mozilla-beta,4789510,1,26056a2d4b0eca731464962d02dc06614ee4468e,windows10-64-shippable-qr,,False,,,102210fe594ee9b33d82058545b1ed14f4c8206e,responsiveness,tp5o_webext,True,tp5o_webext responsiveness opt e10s fission stylo webrender,,6,,firefox,,1742895671,2023-08-18T17:58:43,1.3006884156164131,dd6c96bd27406158b503fdc93699a7a55299727d,1289558
mozilla-beta,4789510,1,26056a2d4b0eca731464962d02dc06614ee4468e,windows10-64-shippable-qr,,False,,,102210fe594ee9b33d82058545b1ed14f4c8206e,responsiveness,tp5o_webext,True,tp5o_webext responsiveness opt e10s fission stylo webrender,,6,,firefox,,1742945554,2023-08-18T18:03:36,1.342419518607889,cb4964f4a7d3a89de607bbb3e0f382ecbb876138,1289562
mozilla-beta,4789510,1,26056a2d4b0eca731464962d02dc06614ee4468e,windows10-64-shippable-qr,,False,,,102210fe594ee9b33d82058545b1ed14f4c8206e,responsiveness,tp5o_webext,True,tp5o_webext responsiveness opt e10s fission stylo webrender,,6,,firefox,,1743163863,2023-08-19T18:03:16,1.390337032639319,280c96d8d9eaa71cccbf305dcd506fcb5916a426,1289766
mozilla-beta,4789510,1,26056a2d4b0eca731464962d02dc06614ee4468e,windows10-64-shippable-qr,,False,,,102210fe594ee9b33d82058545b1ed14f4c8206e,responsiveness,tp5o_webext,True,tp5o_webext responsiveness opt e10s fission stylo webrender,,6,,firefox,,1743316069,2023-08-20T18:00:02,1.3687389600751259,9763c2c83af5baabe670cc6a262f1c838c3eca85,1289838
mozilla-beta,4789510,1,26056a2d4b0eca731464962d02dc06614ee4468e,windows10-64-shippable-qr,,False,,,102210fe594ee9b33d82058545b1ed14f4c8206e,responsiveness,tp5o_webext,True,tp5o_webext responsiveness opt e10s fission stylo webrender,,6,,firefox,,1743645265,2023-08-21T11:07:09,1.3875608413587217,95093682c2bb0242a3f1016d06ee0e2d33385e4b,1289941
mozilla-beta,4789510,1,26056a2d4b0eca731464962d02dc06614ee4468e,windows10-64-shippable-qr,,False,,,102210fe594ee9b33d82058545b1ed14f4c8206e,responsiveness,tp5o_webext,True,tp5o_webext responsiveness opt e10s fission stylo webrender,,6,,firefox,,1746940011,2023-08-28T13:34:39,1.396675986901648,a51142166ff907b88f1f41ce22c1ad1df4daac76,1292230
mozilla-beta,4789510,1,26056a2d4b0eca731464962d02dc06614ee4468e,windows10-64-shippable-qr,,False,,,102210fe594ee9b33d82058545b1ed14f4c8206e,responsiveness,tp5o_webext,True,tp5o_webext responsiveness opt e10s fission stylo webrender,,6,,firefox,,1747083895,2023-08-28T18:00:55,1.4149094616068734,dad69789a2511ed216636075c1304c3df77ef2ae,1292358
mozilla-beta,4789510,1,26056a2d4b0eca731464962d02dc06614ee4468e,windows10-64-shippable-qr,,False,,,102210fe594ee9b33d82058545b1ed14f4c8206e,responsiveness,tp5o_webext,True,tp5o_webext responsiveness opt e10s fission stylo webrender,,6,,firefox,,1747704275,2023-08-29T16:17:46,1.4184591487062275,fc9d232fe3a08afc7811940be13f3ab05148baac,1292905
mozilla-beta,4789510,1,26056a2d4b0eca731464962d02dc06614ee4468e,windows10-64-shippable-qr,,False,,,102210fe594ee9b33d82058545b1ed14f4c8206e,responsiveness,tp5o_webext,True,tp5o_webext responsiveness opt e10s fission stylo webrender,,6,,firefox,,1747755999,2023-08-29T18:01:58,1.3924323043766031,22902fb186bab153df337de03d5e5ceafb8bb289,1292972
mozilla-beta,4789510,1,26056a2d4b0eca731464962d02dc06614ee4468e,windows10-64-shippable-qr,,False,,,102210fe594ee9b33d82058545b1ed14f4c8206e,responsiveness,tp5o_webext,True,tp5o_webext responsiveness opt e10s fission stylo webrender,,6,,firefox,,1748073758,2023-08-30T16:02:19,1.4381843860603853,a7de6ba0f96a2232c89b1b0c4a851cfa706c9dff,1293406
mozilla-beta,4789510,1,26056a2d4b0eca731464962d02dc06614ee4468e,windows10-64-shippable-qr,,False,,,102210fe594ee9b33d82058545b1ed14f4c8206e,responsiveness,tp5o_webext,True,tp5o_webext responsiveness opt e10s fission stylo webrender,,6,,firefox,,1748133542,2023-08-30T18:00:05,1.423598676316525,c9fd750d1062cdca7d7307305afab359895f4bab,1293491
mozilla-beta,4789510,1,26056a2d4b0eca731464962d02dc06614ee4468e,windows10-64-shippable-qr,,False,,,102210fe594ee9b33d82058545b1ed14f4c8206e,responsiveness,tp5o_webext,True,tp5o_webext responsiveness opt e10s fission stylo webrender,,6,,firefox,,1748478040,2023-08-31T13:48:52,1.4689211745219637,bd56eca7c31c77f3fbdd6daa6d57c94c9eb8d5c8,1293926
mozilla-beta,4789510,1,26056a2d4b0eca731464962d02dc06614ee4468e,windows10-64-shippable-qr,,False,,,102210fe594ee9b33d82058545b1ed14f4c8206e,responsiveness,tp5o_webext,True,tp5o_webext responsiveness opt e10s fission stylo webrender,,6,,firefox,,1748542266,2023-08-31T16:20:56,1.407028927928803,87b953f9d23637a6fa6ff27c3e67832db704f61b,1294000
mozilla-beta,4789510,1,26056a2d4b0eca731464962d02dc06614ee4468e,windows10-64-shippable-qr,,False,,,102210fe594ee9b33d82058545b1ed14f4c8206e,responsiveness,tp5o_webext,True,tp5o_webext responsiveness opt e10s fission stylo webrender,,6,,firefox,,1748620639,2023-08-31T18:00:26,1.4349808774589339,1af9e2938f106620e66bafc85d215e817bbbdeb8,1294060
mozilla-beta,4789510,1,26056a2d4b0eca731464962d02dc06614ee4468e,windows10-64-shippable-qr,,False,,,102210fe594ee9b33d82058545b1ed14f4c8206e,responsiveness,tp5o_webext,True,tp5o_webext responsiveness opt e10s fission stylo webrender,,6,,firefox,,1749170807,2023-09-01T14:41:46,1.495691859624016,709d8af0c7f302527387c80c1d76d741a7aa46aa,1294606
mozilla-beta,4789510,1,26056a2d4b0eca731464962d02dc06614ee4468e,windows10-64-shippable-qr,,False,,,102210fe594ee9b33d82058545b1ed14f4c8206e,responsiveness,tp5o_webext,True,tp5o_webext responsiveness opt e10s fission stylo webrender,,6,,firefox,,1749259717,2023-09-01T17:59:08,1.4303317545387804,26851a608617df78ba59a15b1b069d398838e42a,1294720
mozilla-beta,4789510,1,26056a2d4b0eca731464962d02dc06614ee4468e,windows10-64-shippable-qr,,False,,,102210fe594ee9b33d82058545b1ed14f4c8206e,responsiveness,tp5o_webext,True,tp5o_webext responsiveness opt e10s fission stylo webrender,,6,,firefox,,1749668418,2023-09-02T18:02:24,1.3731684190888553,171ca118d902636a29bb5fb3a82f7a55f2089cd7,1294989
mozilla-beta,4789510,1,26056a2d4b0eca731464962d02dc06614ee4468e,windows10-64-shippable-qr,,False,,,102210fe594ee9b33d82058545b1ed14f4c8206e,responsiveness,tp5o_webext,True,tp5o_webext responsiveness opt e10s fission stylo webrender,,6,,firefox,,1749827340,2023-09-03T14:47:55,1.419963465432015,073227d3c47f97124282de93cc52c465393d9cd5,1295067
mozilla-beta,4789510,1,26056a2d4b0eca731464962d02dc06614ee4468e,windows10-64-shippable-qr,,False,,,102210fe594ee9b33d82058545b1ed14f4c8206e,responsiveness,tp5o_webext,True,tp5o_webext responsiveness opt e10s fission stylo webrender,,6,,firefox,,1749884450,2023-09-03T18:02:19,1.379686808430983,cb4458e15206391eeeed111562f9a786e4253c5c,1295080
mozilla-beta,4789510,1,26056a2d4b0eca731464962d02dc06614ee4468e,windows10-64-shippable-qr,,False,,,102210fe594ee9b33d82058545b1ed14f4c8206e,responsiveness,tp5o_webext,True,tp5o_webext responsiveness opt e10s fission stylo webrender,,6,,firefox,,1750165619,2023-09-04T10:55:38,1.469318652500331,9cf13283af3f62be7d96fb8820adb77b34e50f7d,1295255
mozilla-beta,4789510,1,26056a2d4b0eca731464962d02dc06614ee4468e,windows10-64-shippable-qr,,False,,,102210fe594ee9b33d82058545b1ed14f4c8206e,responsiveness,tp5o_webext,True,tp5o_webext responsiveness opt e10s fission stylo webrender,,6,,firefox,,1750210952,2023-09-04T12:18:03,1.445988988244169,bc7cc180eaecceec758abbbce4a999eb99f759a9,1295288
mozilla-beta,4789510,1,26056a2d4b0eca731464962d02dc06614ee4468e,windows10-64-shippable-qr,,False,,,102210fe594ee9b33d82058545b1ed14f4c8206e,responsiveness,tp5o_webext,True,tp5o_webext responsiveness opt e10s fission stylo webrender,,6,,firefox,,1750299259,2023-09-04T18:05:52,1.3290087579612062,807ac900b376514e4ba55d5a926de27f55bd8153,1295382
mozilla-beta,4789510,1,26056a2d4b0eca731464962d02dc06614ee4468e,windows10-64-shippable-qr,,False,,,102210fe594ee9b33d82058545b1ed14f4c8206e,responsiveness,tp5o_webext,True,tp5o_webext responsiveness opt e10s fission stylo webrender,,6,,firefox,,1750526903,2023-09-05T08:42:26,1.4270790618689402,900e63a91516e26eb08c29cf32f0212c923e8fe0,1295556
mozilla-beta,4789510,1,26056a2d4b0eca731464962d02dc06614ee4468e,windows10-64-shippable-qr,,False,,,102210fe594ee9b33d82058545b1ed14f4c8206e,responsiveness,tp5o_webext,True,tp5o_webext responsiveness opt e10s fission stylo webrender,,6,,firefox,,1750760779,2023-09-05T17:59:53,1.4364946874554692,d67b22c7454dffe256c8e85d18b7909575fae829,1295860
mozilla-beta,4789510,1,26056a2d4b0eca731464962d02dc06614ee4468e,windows10-64-shippable-qr,,False,,,102210fe594ee9b33d82058545b1ed14f4c8206e,responsiveness,tp5o_webext,True,tp5o_webext responsiveness opt e10s fission stylo webrender,,6,,firefox,,1751163387,2023-09-06T09:15:15,1.4337743571007606,49565181b8c4ade31ef41ad72498fa2777f6d906,1296259
mozilla-beta,4789510,1,26056a2d4b0eca731464962d02dc06614ee4468e,windows10-64-shippable-qr,,False,,,102210fe594ee9b33d82058545b1ed14f4c8206e,responsiveness,tp5o_webext,True,tp5o_webext responsiveness opt e10s fission stylo webrender,,6,,firefox,,1751340036,2023-09-06T14:00:22,1.4464350279002824,d367a07b88cc72838ae620ff5f160f8152e327e7,1296398
mozilla-beta,4789510,1,26056a2d4b0eca731464962d02dc06614ee4468e,windows10-64-shippable-qr,,False,,,102210fe594ee9b33d82058545b1ed14f4c8206e,responsiveness,tp5o_webext,True,tp5o_webext responsiveness opt e10s fission stylo webrender,,6,,firefox,,1751318139,2023-09-06T14:02:17,1.4492352280140557,744de8d56d344a2d66a3292442e397102341a435,1296400
mozilla-beta,4789510,1,26056a2d4b0eca731464962d02dc06614ee4468e,windows10-64-shippable-qr,,False,,,102210fe594ee9b33d82058545b1ed14f4c8206e,responsiveness,tp5o_webext,True,tp5o_webext responsiveness opt e10s fission stylo webrender,,6,,firefox,,1751411710,2023-09-06T18:01:29,1.4583607452129987,c2849c7826f58c7fca76587765d1d24fb1015787,1296562
mozilla-beta,4789510,1,26056a2d4b0eca731464962d02dc06614ee4468e,windows10-64-shippable-qr,,False,,,102210fe594ee9b33d82058545b1ed14f4c8206e,responsiveness,tp5o_webext,True,tp5o_webext responsiveness opt e10s fission stylo webrender,,6,,firefox,,1751719567,2023-09-07T08:55:31,1.3972229116461137,bf9fd7610de325961d2bad9677d3e0baed448827,1296941
mozilla-beta,4789510,1,26056a2d4b0eca731464962d02dc06614ee4468e,windows10-64-shippable-qr,,False,,,102210fe594ee9b33d82058545b1ed14f4c8206e,responsiveness,tp5o_webext,True,tp5o_webext responsiveness opt e10s fission stylo webrender,,6,,firefox,,1751856721,2023-09-07T12:18:53,1.3913539243103634,09f20f258694586b663476774d62849ff0954bf7,1297036
mozilla-beta,4789510,1,26056a2d4b0eca731464962d02dc06614ee4468e,windows10-64-shippable-qr,,False,,,102210fe594ee9b33d82058545b1ed14f4c8206e,responsiveness,tp5o_webext,True,tp5o_webext responsiveness opt e10s fission stylo webrender,,6,,firefox,,1752048344,2023-09-07T18:02:12,1.5360235752017095,ea026adc3646e302d6a990b24e6252da4c10e9e1,1297255
mozilla-beta,4789510,1,26056a2d4b0eca731464962d02dc06614ee4468e,windows10-64-shippable-qr,,False,,,102210fe594ee9b33d82058545b1ed14f4c8206e,responsiveness,tp5o_webext,True,tp5o_webext responsiveness opt e10s fission stylo webrender,,6,,firefox,,1757099064,2023-09-07T21:35:37,1.487187550005107,9544fb548c45dc273aa1e94668334a35a6a72031,1297399
mozilla-beta,4789510,1,26056a2d4b0eca731464962d02dc06614ee4468e,windows10-64-shippable-qr,,False,,,102210fe594ee9b33d82058545b1ed14f4c8206e,responsiveness,tp5o_webext,True,tp5o_webext responsiveness opt e10s fission stylo webrender,,6,,firefox,,1757099005,2023-09-07T23:54:25,1.417643885192018,a25a076c06f32d7b8a4574af5ec820f789aa38e0,1297458
mozilla-beta,4789510,1,26056a2d4b0eca731464962d02dc06614ee4468e,windows10-64-shippable-qr,,False,,,102210fe594ee9b33d82058545b1ed14f4c8206e,responsiveness,tp5o_webext,True,tp5o_webext responsiveness opt e10s fission stylo webrender,,6,,firefox,,1757098824,2023-09-08T00:01:27,1.4663361746048929,df0c6fd8f76bca53a5561ee19dcc36f7dc1726ad,1297461
mozilla-beta,4789510,1,26056a2d4b0eca731464962d02dc06614ee4468e,windows10-64-shippable-qr,,False,,,102210fe594ee9b33d82058545b1ed14f4c8206e,responsiveness,tp5o_webext,True,tp5o_webext responsiveness opt e10s fission stylo webrender,,6,,firefox,,1752387827,2023-09-08T08:23:52,1.469801084677114,0417d5350c674d59e5118d6e34bf203ff0f07416,1297598
mozilla-beta,4789510,1,26056a2d4b0eca731464962d02dc06614ee4468e,windows10-64-shippable-qr,,False,,,102210fe594ee9b33d82058545b1ed14f4c8206e,responsiveness,tp5o_webext,True,tp5o_webext responsiveness opt e10s fission stylo webrender,,6,,firefox,,1757098939,2023-09-08T08:23:52,1.1780663625920593,0417d5350c674d59e5118d6e34bf203ff0f07416,1297598
mozilla-beta,4789510,1,26056a2d4b0eca731464962d02dc06614ee4468e,windows10-64-shippable-qr,,False,,,102210fe594ee9b33d82058545b1ed14f4c8206e,responsiveness,tp5o_webext,True,tp5o_webext responsiveness opt e10s fission stylo webrender,,6,,firefox,,1752412154,2023-09-08T09:27:27,1.3583116372343054,68a05148e915734df7061df9340f975931bb1e71,1297629
mozilla-beta,4789510,1,26056a2d4b0eca731464962d02dc06614ee4468e,windows10-64-shippable-qr,,False,,,102210fe594ee9b33d82058545b1ed14f4c8206e,responsiveness,tp5o_webext,True,tp5o_webext responsiveness opt e10s fission stylo webrender,,6,,firefox,,1757098883,2023-09-08T09:27:27,1.278685486820753,68a05148e915734df7061df9340f975931bb1e71,1297629
mozilla-beta,4789510,1,26056a2d4b0eca731464962d02dc06614ee4468e,windows10-64-shippable-qr,,False,,,102210fe594ee9b33d82058545b1ed14f4c8206e,responsiveness,tp5o_webext,True,tp5o_webext responsiveness opt e10s fission stylo webrender,,6,,firefox,,1752581711,2023-09-08T14:37:17,1.2083262623610256,8f5759470cb595ea30d26735e3de45c3cb9deba2,1297802
mozilla-beta,4789510,1,26056a2d4b0eca731464962d02dc06614ee4468e,windows10-64-shippable-qr,,False,,,102210fe594ee9b33d82058545b1ed14f4c8206e,responsiveness,tp5o_webext,True,tp5o_webext responsiveness opt e10s fission stylo webrender,,6,,firefox,,1752710741,2023-09-08T18:02:35,1.3265024028742303,4a076ff52b5ab081ecc76c988f2cab0c999acddd,1297927
mozilla-beta,4789510,1,26056a2d4b0eca731464962d02dc06614ee4468e,windows10-64-shippable-qr,,False,,,102210fe594ee9b33d82058545b1ed14f4c8206e,responsiveness,tp5o_webext,True,tp5o_webext responsiveness opt e10s fission stylo webrender,,6,,firefox,,1753084616,2023-09-09T14:33:38,1.4280451601295592,b1f3a08744ebf265beb7a3b65a23c713ba6ea987,1298228
mozilla-beta,4789510,1,26056a2d4b0eca731464962d02dc06614ee4468e,windows10-64-shippable-qr,,False,,,102210fe594ee9b33d82058545b1ed14f4c8206e,responsiveness,tp5o_webext,True,tp5o_webext responsiveness opt e10s fission stylo webrender,,6,,firefox,,1753116603,2023-09-09T18:01:37,1.3440357880095481,1d174c6b1040e055846c107322548119beb23065,1298238
mozilla-beta,4789510,1,26056a2d4b0eca731464962d02dc06614ee4468e,windows10-64-shippable-qr,,False,,,102210fe594ee9b33d82058545b1ed14f4c8206e,responsiveness,tp5o_webext,True,tp5o_webext responsiveness opt e10s fission stylo webrender,,6,,firefox,,1753645522,2023-09-10T17:59:34,1.3754066985652957,a75f9619ee113907713f385f75c08ac8340ea7a1,1298321
mozilla-beta,4789510,1,26056a2d4b0eca731464962d02dc06614ee4468e,windows10-64-shippable-qr,,False,,,102210fe594ee9b33d82058545b1ed14f4c8206e,responsiveness,tp5o_webext,True,tp5o_webext responsiveness opt e10s fission stylo webrender,,6,,firefox,,1754253294,2023-09-11T18:00:35,1.3812195633794688,85df1da62717a2f0ea9e2d3fbd6379060d39dd7a,1298770
mozilla-beta,4789510,1,26056a2d4b0eca731464962d02dc06614ee4468e,windows10-64-shippable-qr,,False,,,102210fe594ee9b33d82058545b1ed14f4c8206e,responsiveness,tp5o_webext,True,tp5o_webext responsiveness opt e10s fission stylo webrender,,6,,firefox,,1754475253,2023-09-12T01:33:58,1.458297207796084,012efaa3025f28b8ee14042807c680e361f955d9,1298957
mozilla-beta,4789510,1,26056a2d4b0eca731464962d02dc06614ee4468e,windows10-64-shippable-qr,,False,,,102210fe594ee9b33d82058545b1ed14f4c8206e,responsiveness,tp5o_webext,True,tp5o_webext responsiveness opt e10s fission stylo webrender,,6,,firefox,,1754709456,2023-09-12T09:08:04,1.451638114855187,339422d06ac0b44eef14a6d0e510b2c8beac74e6,1299055
mozilla-beta,4789510,1,26056a2d4b0eca731464962d02dc06614ee4468e,windows10-64-shippable-qr,,False,,,102210fe594ee9b33d82058545b1ed14f4c8206e,responsiveness,tp5o_webext,True,tp5o_webext responsiveness opt e10s fission stylo webrender,,6,,firefox,,1754844392,2023-09-12T13:16:28,1.482537125455338,c48cbb09678ed2c9a0a51fc61520602070cd42cd,1299153
mozilla-beta,4789510,1,26056a2d4b0eca731464962d02dc06614ee4468e,windows10-64-shippable-qr,,False,,,102210fe594ee9b33d82058545b1ed14f4c8206e,responsiveness,tp5o_webext,True,tp5o_webext responsiveness opt e10s fission stylo webrender,,6,,firefox,,1755006764,2023-09-12T17:59:28,1.3755263503557829,60f49456a1d32be44cc3fa2fdb65b8276c2e10da,1299300
mozilla-beta,4789510,1,26056a2d4b0eca731464962d02dc06614ee4468e,windows10-64-shippable-qr,,False,,,102210fe594ee9b33d82058545b1ed14f4c8206e,responsiveness,tp5o_webext,True,tp5o_webext responsiveness opt e10s fission stylo webrender,,6,,firefox,,1755621670,2023-09-13T16:12:36,1.3857885661746399,afc0d34aed5f66ac43143c5868a0c280f5d5e523,1299827
mozilla-beta,4789510,1,26056a2d4b0eca731464962d02dc06614ee4468e,windows10-64-shippable-qr,,False,,,102210fe594ee9b33d82058545b1ed14f4c8206e,responsiveness,tp5o_webext,True,tp5o_webext responsiveness opt e10s fission stylo webrender,,6,,firefox,,1755751637,2023-09-13T18:01:47,1.4334177494837452,da7c1c4fbd52add0445ce7e06b7ed513fdf9b518,1299914
mozilla-beta,4789510,1,26056a2d4b0eca731464962d02dc06614ee4468e,windows10-64-shippable-qr,,False,,,102210fe594ee9b33d82058545b1ed14f4c8206e,responsiveness,tp5o_webext,True,tp5o_webext responsiveness opt e10s fission stylo webrender,,6,,firefox,,1756277709,2023-09-14T09:48:47,1.3583185164111105,cb5563d143c9a6e5f347ae0e8dbd6d64da27e6d2,1300320
mozilla-beta,4789510,1,26056a2d4b0eca731464962d02dc06614ee4468e,windows10-64-shippable-qr,,False,,,102210fe594ee9b33d82058545b1ed14f4c8206e,responsiveness,tp5o_webext,True,tp5o_webext responsiveness opt e10s fission stylo webrender,,6,,firefox,,1756400221,2023-09-14T12:23:01,1.3828382752771382,fcddac3e2624e7598033e29e46487dc70d43b78d,1300406
mozilla-beta,4789510,1,26056a2d4b0eca731464962d02dc06614ee4468e,windows10-64-shippable-qr,,False,,,102210fe594ee9b33d82058545b1ed14f4c8206e,responsiveness,tp5o_webext,True,tp5o_webext responsiveness opt e10s fission stylo webrender,,6,,firefox,,1756547356,2023-09-14T15:23:47,1.4338596421309275,167be896a8f296a5e540208b4a21b4268fcfe04a,1300510
mozilla-beta,4789510,1,26056a2d4b0eca731464962d02dc06614ee4468e,windows10-64-shippable-qr,,False,,,102210fe594ee9b33d82058545b1ed14f4c8206e,responsiveness,tp5o_webext,True,tp5o_webext responsiveness opt e10s fission stylo webrender,,6,,firefox,,1756519466,2023-09-14T16:08:26,1.43141338637002,107fd46b25d1b286078ee8ff22b7b53e0d67c6f6,1300536
mozilla-beta,4789510,1,26056a2d4b0eca731464962d02dc06614ee4468e,windows10-64-shippable-qr,,False,,,102210fe594ee9b33d82058545b1ed14f4c8206e,responsiveness,tp5o_webext,True,tp5o_webext responsiveness opt e10s fission stylo webrender,,6,,firefox,,1756591539,2023-09-14T18:00:32,1.439363653628949,da576bd73ddbbbcd645403b2c20538f00225e55d,1300604
mozilla-beta,4789510,1,26056a2d4b0eca731464962d02dc06614ee4468e,windows10-64-shippable-qr,,False,,,102210fe594ee9b33d82058545b1ed14f4c8206e,responsiveness,tp5o_webext,True,tp5o_webext responsiveness opt e10s fission stylo webrender,,6,,firefox,,1757132996,2023-09-15T12:36:32,1.4338172721871985,f67d03cc1c6635e4823cedbf06bc676f3fdc8b97,1301078
mozilla-beta,4789510,1,26056a2d4b0eca731464962d02dc06614ee4468e,windows10-64-shippable-qr,,False,,,102210fe594ee9b33d82058545b1ed14f4c8206e,responsiveness,tp5o_webext,True,tp5o_webext responsiveness opt e10s fission stylo webrender,,6,,firefox,,1757281896,2023-09-15T17:59:24,1.4580262356108549,6684af595d9e752a7dd448a76e51615254fc443e,1301325
mozilla-beta,4789510,1,26056a2d4b0eca731464962d02dc06614ee4468e,windows10-64-shippable-qr,,False,,,102210fe594ee9b33d82058545b1ed14f4c8206e,responsiveness,tp5o_webext,True,tp5o_webext responsiveness opt e10s fission stylo webrender,,6,,firefox,,1757680624,2023-09-16T17:59:47,1.3503723663731422,b37b425144f176cd814a9ae72a0296c56939cf3f,1301605
mozilla-beta,4789510,1,26056a2d4b0eca731464962d02dc06614ee4468e,windows10-64-shippable-qr,,False,,,102210fe594ee9b33d82058545b1ed14f4c8206e,responsiveness,tp5o_webext,True,tp5o_webext responsiveness opt e10s fission stylo webrender,,6,,firefox,,1757837722,2023-09-17T08:58:12,1.3773576488549908,3b6b652d2e6a615905dab898689a937a81499980,1301652
mozilla-beta,4789510,1,26056a2d4b0eca731464962d02dc06614ee4468e,windows10-64-shippable-qr,,False,,,102210fe594ee9b33d82058545b1ed14f4c8206e,responsiveness,tp5o_webext,True,tp5o_webext responsiveness opt e10s fission stylo webrender,,6,,firefox,,1757896031,2023-09-17T11:54:43,1.4389654812634483,0ecbbcbc23335bfea2af64383cdd8efdb6cab735,1301659
mozilla-beta,4789510,1,26056a2d4b0eca731464962d02dc06614ee4468e,windows10-64-shippable-qr,,False,,,102210fe594ee9b33d82058545b1ed14f4c8206e,responsiveness,tp5o_webext,True,tp5o_webext responsiveness opt e10s fission stylo webrender,,6,,firefox,,1757942481,2023-09-17T18:02:18,1.3624495713732325,82a37e47cfa778e2c05294ece1ae4d81e0aa5aaf,1301672
mozilla-beta,4789510,1,26056a2d4b0eca731464962d02dc06614ee4468e,windows10-64-shippable-qr,,False,,,102210fe594ee9b33d82058545b1ed14f4c8206e,responsiveness,tp5o_webext,True,tp5o_webext responsiveness opt e10s fission stylo webrender,,6,,firefox,,1758116198,2023-09-18T07:34:42,1.2771448552284137,0b69611582d97f84f43d1ee9de0aa36defae0633,1301756
mozilla-beta,4789510,1,26056a2d4b0eca731464962d02dc06614ee4468e,windows10-64-shippable-qr,,False,,,102210fe594ee9b33d82058545b1ed14f4c8206e,responsiveness,tp5o_webext,True,tp5o_webext responsiveness opt e10s fission stylo webrender,,6,,firefox,,1758164162,2023-09-18T07:59:31,1.4647282251116671,899c187a45b8e9eee5cddc89c76d3c888b023621,1301765
mozilla-beta,4789510,1,26056a2d4b0eca731464962d02dc06614ee4468e,windows10-64-shippable-qr,,False,,,102210fe594ee9b33d82058545b1ed14f4c8206e,responsiveness,tp5o_webext,True,tp5o_webext responsiveness opt e10s fission stylo webrender,,6,,firefox,,1758256312,2023-09-18T11:42:33,1.4565466540624485,45c770ff73e393c4ca15eb188d0b68d3ee091ad8,1301885
mozilla-beta,4789510,1,26056a2d4b0eca731464962d02dc06614ee4468e,windows10-64-shippable-qr,,False,,,102210fe594ee9b33d82058545b1ed14f4c8206e,responsiveness,tp5o_webext,True,tp5o_webext responsiveness opt e10s fission stylo webrender,,6,,firefox,,1761935404,2023-09-25T13:24:00,0.0,704d786ef571a57be79a4e8bbf4b3d348da4a6af,1305837
mozilla-beta,4789510,1,26056a2d4b0eca731464962d02dc06614ee4468e,windows10-64-shippable-qr,,False,,,102210fe594ee9b33d82058545b1ed14f4c8206e,responsiveness,tp5o_webext,True,tp5o_webext responsiveness opt e10s fission stylo webrender,,6,,firefox,,1762309775,2023-09-26T09:15:49,0.0,fe05057336fb6f145784f7b6f7f989244c228925,1306480
mozilla-beta,4789510,1,26056a2d4b0eca731464962d02dc06614ee4468e,windows10-64-shippable-qr,,False,,,102210fe594ee9b33d82058545b1ed14f4c8206e,responsiveness,tp5o_webext,True,tp5o_webext responsiveness opt e10s fission stylo webrender,,6,,firefox,,1762730724,2023-09-26T22:39:03,0.0,09d6dd43de7eee4f04ef855c161b062d76953ffb,1307042
mozilla-beta,4789510,1,26056a2d4b0eca731464962d02dc06614ee4468e,windows10-64-shippable-qr,,False,,,102210fe594ee9b33d82058545b1ed14f4c8206e,responsiveness,tp5o_webext,True,tp5o_webext responsiveness opt e10s fission stylo webrender,,6,,firefox,,1762768083,2023-09-27T02:39:08,0.0,32c9429bb1b909628b4702be4abf30d1c8ef9213,1307113
mozilla-beta,4789510,1,26056a2d4b0eca731464962d02dc06614ee4468e,windows10-64-shippable-qr,,False,,,102210fe594ee9b33d82058545b1ed14f4c8206e,responsiveness,tp5o_webext,True,tp5o_webext responsiveness opt e10s fission stylo webrender,,6,,firefox,,1762933045,2023-09-27T09:15:17,0.0,6b3b2f0defd0129f296da601815862ec420c2a8d,1307246
mozilla-beta,4789510,1,26056a2d4b0eca731464962d02dc06614ee4468e,windows10-64-shippable-qr,,False,,,102210fe594ee9b33d82058545b1ed14f4c8206e,responsiveness,tp5o_webext,True,tp5o_webext responsiveness opt e10s fission stylo webrender,,6,,firefox,,1763345594,2023-09-27T18:36:07,0.0,3d23401ea6ed6463f47303edd5a9e6a98f919ac6,1307615
mozilla-beta,4789510,1,26056a2d4b0eca731464962d02dc06614ee4468e,windows10-64-shippable-qr,,False,,,102210fe594ee9b33d82058545b1ed14f4c8206e,responsiveness,tp5o_webext,True,tp5o_webext responsiveness opt e10s fission stylo webrender,,6,,firefox,,1763370150,2023-09-27T18:57:18,0.0,f77957643f474632b5a0c5f5b603c22b648cf284,1307635
mozilla-beta,4789510,1,26056a2d4b0eca731464962d02dc06614ee4468e,windows10-64-shippable-qr,,False,,,102210fe594ee9b33d82058545b1ed14f4c8206e,responsiveness,tp5o_webext,True,tp5o_webext responsiveness opt e10s fission stylo webrender,,6,,firefox,,1763529869,2023-09-27T23:22:04,0.0,0862c284dac061ce42712be1910f7b2fbe48c764,1307774
mozilla-beta,4789510,1,26056a2d4b0eca731464962d02dc06614ee4468e,windows10-64-shippable-qr,,False,,,102210fe594ee9b33d82058545b1ed14f4c8206e,responsiveness,tp5o_webext,True,tp5o_webext responsiveness opt e10s fission stylo webrender,,6,,firefox,,1763849210,2023-09-28T09:16:00,0.0,dbfa6f744d1fcb031f3482c02ca9b6a93d17c6f6,1307948
mozilla-beta,4789510,1,26056a2d4b0eca731464962d02dc06614ee4468e,windows10-64-shippable-qr,,False,,,102210fe594ee9b33d82058545b1ed14f4c8206e,responsiveness,tp5o_webext,True,tp5o_webext responsiveness opt e10s fission stylo webrender,,6,,firefox,,1764040200,2023-09-28T15:32:59,0.0,cf8ed8eb3f4fab77d2d8a7c4afda31b39e7422aa,1308174
mozilla-beta,4789510,1,26056a2d4b0eca731464962d02dc06614ee4468e,windows10-64-shippable-qr,,False,,,102210fe594ee9b33d82058545b1ed14f4c8206e,responsiveness,tp5o_webext,True,tp5o_webext responsiveness opt e10s fission stylo webrender,,6,,firefox,,1764058445,2023-09-28T15:47:16,0.0,c225843f670a40bb285d0934cdd28748011db546,1308188
mozilla-beta,4789510,1,26056a2d4b0eca731464962d02dc06614ee4468e,windows10-64-shippable-qr,,False,,,102210fe594ee9b33d82058545b1ed14f4c8206e,responsiveness,tp5o_webext,True,tp5o_webext responsiveness opt e10s fission stylo webrender,,6,,firefox,,1764086354,2023-09-28T16:33:19,0.0,714ad1ecc496dbc1e0316ef32f004e3594afae4c,1308221
mozilla-beta,4789510,1,26056a2d4b0eca731464962d02dc06614ee4468e,windows10-64-shippable-qr,,False,,,102210fe594ee9b33d82058545b1ed14f4c8206e,responsiveness,tp5o_webext,True,tp5o_webext responsiveness opt e10s fission stylo webrender,,6,,firefox,,1764224795,2023-09-28T19:13:44,0.0,1a41a118193dc3ad19c04b3da34ba9f08b5f4b2e,1308369
mozilla-beta,4789510,1,26056a2d4b0eca731464962d02dc06614ee4468e,windows10-64-shippable-qr,,False,,,102210fe594ee9b33d82058545b1ed14f4c8206e,responsiveness,tp5o_webext,True,tp5o_webext responsiveness opt e10s fission stylo webrender,,6,,firefox,,1764581001,2023-09-29T09:14:27,0.0,fe5fec8379780f7d83aea22168af4bb524933291,1308654
mozilla-beta,4789510,1,26056a2d4b0eca731464962d02dc06614ee4468e,windows10-64-shippable-qr,,False,,,102210fe594ee9b33d82058545b1ed14f4c8206e,responsiveness,tp5o_webext,True,tp5o_webext responsiveness opt e10s fission stylo webrender,,6,,firefox,,1764958882,2023-09-29T17:03:59,0.0,5f7680e645eebc437f78cdeed1261c0cfb2579cf,1308871
mozilla-beta,4789510,1,26056a2d4b0eca731464962d02dc06614ee4468e,windows10-64-shippable-qr,,False,,,102210fe594ee9b33d82058545b1ed14f4c8206e,responsiveness,tp5o_webext,True,tp5o_webext responsiveness opt e10s fission stylo webrender,,6,,firefox,,1764992952,2023-09-29T18:35:51,0.0,f112373c55ecd1ae5179e07fab55605a7bfe0d0b,1308924
mozilla-beta,4789510,1,26056a2d4b0eca731464962d02dc06614ee4468e,windows10-64-shippable-qr,,False,,,102210fe594ee9b33d82058545b1ed14f4c8206e,responsiveness,tp5o_webext,True,tp5o_webext responsiveness opt e10s fission stylo webrender,,6,,firefox,,1765251822,2023-09-30T09:18:18,0.0,c29dafbae797813b78752227e769dffacec3830d,1309097
mozilla-beta,4789510,1,26056a2d4b0eca731464962d02dc06614ee4468e,windows10-64-shippable-qr,,False,,,102210fe594ee9b33d82058545b1ed14f4c8206e,responsiveness,tp5o_webext,True,tp5o_webext responsiveness opt e10s fission stylo webrender,,6,,firefox,,1765470367,2023-10-01T09:15:55,0.0,75b5edb9dd8c6ea1ed868362b8ed8afff4377b7f,1309193
mozilla-beta,4789510,1,26056a2d4b0eca731464962d02dc06614ee4468e,windows10-64-shippable-qr,,False,,,102210fe594ee9b33d82058545b1ed14f4c8206e,responsiveness,tp5o_webext,True,tp5o_webext responsiveness opt e10s fission stylo webrender,,6,,firefox,,1765533751,2023-10-01T13:43:42,0.0,79a4e78796384c8776f2b76178b4017d09e31fd4,1309232
mozilla-beta,4789510,1,26056a2d4b0eca731464962d02dc06614ee4468e,windows10-64-shippable-qr,,False,,,102210fe594ee9b33d82058545b1ed14f4c8206e,responsiveness,tp5o_webext,True,tp5o_webext responsiveness opt e10s fission stylo webrender,,6,,firefox,,1765799966,2023-10-02T09:17:55,0.0,dd5c4288e5758af7fc35f71c3129bd1eda767278,1309401
mozilla-beta,4789510,1,26056a2d4b0eca731464962d02dc06614ee4468e,windows10-64-shippable-qr,,False,,,102210fe594ee9b33d82058545b1ed14f4c8206e,responsiveness,tp5o_webext,True,tp5o_webext responsiveness opt e10s fission stylo webrender,,6,,firefox,,1765956530,2023-10-02T13:51:16,0.0,c8e8ea275a5a3f33358dcf77b50088ddf09f7e9b,1309578
mozilla-beta,4789510,1,26056a2d4b0eca731464962d02dc06614ee4468e,windows10-64-shippable-qr,,False,,,102210fe594ee9b33d82058545b1ed14f4c8206e,responsiveness,tp5o_webext,True,tp5o_webext responsiveness opt e10s fission stylo webrender,,6,,firefox,,1766169601,2023-10-02T20:49:05,0.0,e5bffcfa00f5c8cd1e394ac1131fb1e3ca2a3b56,1309873
mozilla-beta,4789510,1,26056a2d4b0eca731464962d02dc06614ee4468e,windows10-64-shippable-qr,,False,,,102210fe594ee9b33d82058545b1ed14f4c8206e,responsiveness,tp5o_webext,True,tp5o_webext responsiveness opt e10s fission stylo webrender,,6,,firefox,,1766627487,2023-10-03T09:17:20,0.0,205eb2c4bf7e71d495ab61be1d40f9ea2671340b,1310189
mozilla-beta,4789510,1,26056a2d4b0eca731464962d02dc06614ee4468e,windows10-64-shippable-qr,,False,,,102210fe594ee9b33d82058545b1ed14f4c8206e,responsiveness,tp5o_webext,True,tp5o_webext responsiveness opt e10s fission stylo webrender,,6,,firefox,,1766790153,2023-10-03T12:49:30,0.0,118184ccfcd830d8977a794dd26064b3accc58a2,1310283
mozilla-beta,4789510,1,26056a2d4b0eca731464962d02dc06614ee4468e,windows10-64-shippable-qr,,False,,,102210fe594ee9b33d82058545b1ed14f4c8206e,responsiveness,tp5o_webext,True,tp5o_webext responsiveness opt e10s fission stylo webrender,,6,,firefox,,1767162227,2023-10-04T00:57:47,0.0,aae1c545bad65ea0147bb9c3d884c5d0d1ebcfa2,1310719
mozilla-beta,4789510,1,26056a2d4b0eca731464962d02dc06614ee4468e,windows10-64-shippable-qr,,False,,,102210fe594ee9b33d82058545b1ed14f4c8206e,responsiveness,tp5o_webext,True,tp5o_webext responsiveness opt e10s fission stylo webrender,,6,,firefox,,1767207706,2023-10-04T01:13:33,0.0,20072380b395934aebb21065fe4a360ae9ca1e5a,1310722
mozilla-beta,4789510,1,26056a2d4b0eca731464962d02dc06614ee4468e,windows10-64-shippable-qr,,False,,,102210fe594ee9b33d82058545b1ed14f4c8206e,responsiveness,tp5o_webext,True,tp5o_webext responsiveness opt e10s fission stylo webrender,,6,,firefox,,1767194436,2023-10-04T02:01:13,0.0,9bb86c200658a7dc1d44f05d5275db9c605599f3,1310732
mozilla-beta,4789510,1,26056a2d4b0eca731464962d02dc06614ee4468e,windows10-64-shippable-qr,,False,,,102210fe594ee9b33d82058545b1ed14f4c8206e,responsiveness,tp5o_webext,True,tp5o_webext responsiveness opt e10s fission stylo webrender,,6,,firefox,,1767273646,2023-10-04T04:09:15,0.0,4794794a6bd29a17dd7a438eaecc95be72381860,1310752
mozilla-beta,4789510,1,26056a2d4b0eca731464962d02dc06614ee4468e,windows10-64-shippable-qr,,False,,,102210fe594ee9b33d82058545b1ed14f4c8206e,responsiveness,tp5o_webext,True,tp5o_webext responsiveness opt e10s fission stylo webrender,,6,,firefox,,1767454552,2023-10-04T09:16:11,0.0,ee94bbad8af86968bf85c48449dd7d1bece16e6a,1310854
mozilla-beta,4789510,1,26056a2d4b0eca731464962d02dc06614ee4468e,windows10-64-shippable-qr,,False,,,102210fe594ee9b33d82058545b1ed14f4c8206e,responsiveness,tp5o_webext,True,tp5o_webext responsiveness opt e10s fission stylo webrender,,6,,firefox,,1767827903,2023-10-04T19:05:37,0.0,6066df449ff2e6a96d4dd6d81f524353c904a7e4,1311304
mozilla-beta,4789510,1,26056a2d4b0eca731464962d02dc06614ee4468e,windows10-64-shippable-qr,,False,,,102210fe594ee9b33d82058545b1ed14f4c8206e,responsiveness,tp5o_webext,True,tp5o_webext responsiveness opt e10s fission stylo webrender,,6,,firefox,,1768203682,2023-10-05T09:16:59,0.0,580ae177f2ee1ec5f96ba0a876c77edad7dc1810,1311697
mozilla-beta,4789510,1,26056a2d4b0eca731464962d02dc06614ee4468e,windows10-64-shippable-qr,,False,,,102210fe594ee9b33d82058545b1ed14f4c8206e,responsiveness,tp5o_webext,True,tp5o_webext responsiveness opt e10s fission stylo webrender,,6,,firefox,,1768291286,2023-10-05T12:14:20,0.0,82dc5b47405aa3b80232917dce1198d8f5fe0205,1311786
mozilla-beta,4789510,1,26056a2d4b0eca731464962d02dc06614ee4468e,windows10-64-shippable-qr,,False,,,102210fe594ee9b33d82058545b1ed14f4c8206e,responsiveness,tp5o_webext,True,tp5o_webext responsiveness opt e10s fission stylo webrender,,6,,firefox,,1768446734,2023-10-05T13:10:58,0.0,a9b4c32cbce4e483371a4d4f0af1cb5b99ba1beb,1311851
mozilla-beta,4789510,1,26056a2d4b0eca731464962d02dc06614ee4468e,windows10-64-shippable-qr,,False,,,102210fe594ee9b33d82058545b1ed14f4c8206e,responsiveness,tp5o_webext,True,tp5o_webext responsiveness opt e10s fission stylo webrender,,6,,firefox,,1768709446,2023-10-05T18:10:23,0.0,acc9965e45abe1aeac40ca2f04c26812adc75cda,1312101
mozilla-beta,4789510,1,26056a2d4b0eca731464962d02dc06614ee4468e,windows10-64-shippable-qr,,False,,,102210fe594ee9b33d82058545b1ed14f4c8206e,responsiveness,tp5o_webext,True,tp5o_webext responsiveness opt e10s fission stylo webrender,,6,,firefox,,1769120762,2023-10-06T09:15:09,0.0,75404df0a34bb37b93351a424687782569f397f9,1312465
mozilla-beta,4789510,1,26056a2d4b0eca731464962d02dc06614ee4468e,windows10-64-shippable-qr,,False,,,102210fe594ee9b33d82058545b1ed14f4c8206e,responsiveness,tp5o_webext,True,tp5o_webext responsiveness opt e10s fission stylo webrender,,6,,firefox,,1769496316,2023-10-06T17:47:24,0.0,f62bbe0bb99b812d0d79d2e5517f7584baa278fc,1312771
mozilla-beta,4789510,1,26056a2d4b0eca731464962d02dc06614ee4468e,windows10-64-shippable-qr,,False,,,102210fe594ee9b33d82058545b1ed14f4c8206e,responsiveness,tp5o_webext,True,tp5o_webext responsiveness opt e10s fission stylo webrender,,6,,firefox,,1769413058,2023-10-06T18:35:27,0.0,f56a6c67a33ab1a140c63cace57b27168b822eec,1312821
mozilla-beta,4789510,1,26056a2d4b0eca731464962d02dc06614ee4468e,windows10-64-shippable-qr,,False,,,102210fe594ee9b33d82058545b1ed14f4c8206e,responsiveness,tp5o_webext,True,tp5o_webext responsiveness opt e10s fission stylo webrender,,6,,firefox,,1769675638,2023-10-07T09:16:25,0.0,13a5ee763497f5cfd08fefcb509684311e9aee25,1313095
mozilla-beta,4789510,1,26056a2d4b0eca731464962d02dc06614ee4468e,windows10-64-shippable-qr,,False,,,102210fe594ee9b33d82058545b1ed14f4c8206e,responsiveness,tp5o_webext,True,tp5o_webext responsiveness opt e10s fission stylo webrender,,6,,firefox,,1769978299,2023-10-08T09:15:29,0.0,9a2aad16b50476b91e85115698a5372c0e178481,1313212
mozilla-beta,4789510,1,26056a2d4b0eca731464962d02dc06614ee4468e,windows10-64-shippable-qr,,False,,,102210fe594ee9b33d82058545b1ed14f4c8206e,responsiveness,tp5o_webext,True,tp5o_webext responsiveness opt e10s fission stylo webrender,,6,,firefox,,1770078587,2023-10-08T14:12:09,0.0,52bc619257d3e66e5326c753c4a1035195d1929a,1313230
mozilla-beta,4789510,1,26056a2d4b0eca731464962d02dc06614ee4468e,windows10-64-shippable-qr,,False,,,102210fe594ee9b33d82058545b1ed14f4c8206e,responsiveness,tp5o_webext,True,tp5o_webext responsiveness opt e10s fission stylo webrender,,6,,firefox,,1770071350,2023-10-08T14:18:48,0.0,4816a8c9639e20516df1685953f8ca97052aea2b,1313231
mozilla-beta,4789510,1,26056a2d4b0eca731464962d02dc06614ee4468e,windows10-64-shippable-qr,,False,,,102210fe594ee9b33d82058545b1ed14f4c8206e,responsiveness,tp5o_webext,True,tp5o_webext responsiveness opt e10s fission stylo webrender,,6,,firefox,,1770357461,2023-10-09T09:21:20,0.0,d4527a30756259366526e6c471ce07f48f4515ac,1313437
mozilla-beta,4789510,1,26056a2d4b0eca731464962d02dc06614ee4468e,windows10-64-shippable-qr,,False,,,102210fe594ee9b33d82058545b1ed14f4c8206e,responsiveness,tp5o_webext,True,tp5o_webext responsiveness opt e10s fission stylo webrender,,6,,firefox,,1770454354,2023-10-09T11:16:45,0.0,2c502d3a5967e4ffe419c5d01465f41dceb956f6,1313488
mozilla-beta,4789510,1,26056a2d4b0eca731464962d02dc06614ee4468e,windows10-64-shippable-qr,,False,,,102210fe594ee9b33d82058545b1ed14f4c8206e,responsiveness,tp5o_webext,True,tp5o_webext responsiveness opt e10s fission stylo webrender,,6,,firefox,,1770692930,2023-10-09T20:58:43,0.0,f95037ec26ecbd37fce78a2acc917f42d07c5fb4,1313834
mozilla-beta,4789510,1,26056a2d4b0eca731464962d02dc06614ee4468e,windows10-64-shippable-qr,,False,,,102210fe594ee9b33d82058545b1ed14f4c8206e,responsiveness,tp5o_webext,True,tp5o_webext responsiveness opt e10s fission stylo webrender,,6,,firefox,,1770957777,2023-10-10T09:17:32,0.0,6ca6ea6b139da8aa4264829b50988ed951574abf,1314076
mozilla-beta,4789510,1,26056a2d4b0eca731464962d02dc06614ee4468e,windows10-64-shippable-qr,,False,,,102210fe594ee9b33d82058545b1ed14f4c8206e,responsiveness,tp5o_webext,True,tp5o_webext responsiveness opt e10s fission stylo webrender,,6,,firefox,,1771020513,2023-10-10T12:36:38,0.0,c811c2581ef0ad534e3f4051ad22d392a27379a9,1314201
mozilla-beta,4789510,1,26056a2d4b0eca731464962d02dc06614ee4468e,windows10-64-shippable-qr,,False,,,102210fe594ee9b33d82058545b1ed14f4c8206e,responsiveness,tp5o_webext,True,tp5o_webext responsiveness opt e10s fission stylo webrender,,6,,firefox,,1771198014,2023-10-10T14:42:07,0.0,fd6c29d7603acc344157c8a5f14b7fc49b7ad07c,1314306
mozilla-beta,4789510,1,26056a2d4b0eca731464962d02dc06614ee4468e,windows10-64-shippable-qr,,False,,,102210fe594ee9b33d82058545b1ed14f4c8206e,responsiveness,tp5o_webext,True,tp5o_webext responsiveness opt e10s fission stylo webrender,,6,,firefox,,1771363677,2023-10-10T21:51:45,0.0,577dcfba9576ee660a671915f1ea3756e9d84652,1314592
mozilla-beta,4789510,1,26056a2d4b0eca731464962d02dc06614ee4468e,windows10-64-shippable-qr,,False,,,102210fe594ee9b33d82058545b1ed14f4c8206e,responsiveness,tp5o_webext,True,tp5o_webext responsiveness opt e10s fission stylo webrender,,6,,firefox,,1771607635,2023-10-11T09:15:28,0.0,54e1383bd50714d6e9f0149e83a414e4a48cac7f,1314859
mozilla-beta,4789510,1,26056a2d4b0eca731464962d02dc06614ee4468e,windows10-64-shippable-qr,,False,,,102210fe594ee9b33d82058545b1ed14f4c8206e,responsiveness,tp5o_webext,True,tp5o_webext responsiveness opt e10s fission stylo webrender,,6,,firefox,,1771916508,2023-10-11T19:41:14,0.0,1b37a41b6de4ddb9a207889b49d817aa2e82d43a,1315281
mozilla-beta,4789510,1,26056a2d4b0eca731464962d02dc06614ee4468e,windows10-64-shippable-qr,,False,,,102210fe594ee9b33d82058545b1ed14f4c8206e,responsiveness,tp5o_webext,True,tp5o_webext responsiveness opt e10s fission stylo webrender,,6,,firefox,,1772011937,2023-10-11T22:55:04,0.0,5aa198b1f23a350634177ce2fdeb210d41468ad4,1315411
mozilla-beta,4789510,1,26056a2d4b0eca731464962d02dc06614ee4468e,windows10-64-shippable-qr,,False,,,102210fe594ee9b33d82058545b1ed14f4c8206e,responsiveness,tp5o_webext,True,tp5o_webext responsiveness opt e10s fission stylo webrender,,6,,firefox,,1772115962,2023-10-12T02:52:01,0.0,bba75dc3df803f8ed22a9cb4e7d6bc274909572c,1315485
mozilla-beta,4789510,1,26056a2d4b0eca731464962d02dc06614ee4468e,windows10-64-shippable-qr,,False,,,102210fe594ee9b33d82058545b1ed14f4c8206e,responsiveness,tp5o_webext,True,tp5o_webext responsiveness opt e10s fission stylo webrender,,6,,firefox,,1772270741,2023-10-12T09:16:52,0.0,9c6b259fc70659f4aed73bc575ef934836412c9f,1315594
mozilla-beta,4789510,1,26056a2d4b0eca731464962d02dc06614ee4468e,windows10-64-shippable-qr,,False,,,102210fe594ee9b33d82058545b1ed14f4c8206e,responsiveness,tp5o_webext,True,tp5o_webext responsiveness opt e10s fission stylo webrender,,6,,firefox,,1772518047,2023-10-12T13:44:47,0.0,f931988827a90cf966b1ad7fc5e9e4ac2baf74c8,1315758
mozilla-beta,4789510,1,26056a2d4b0eca731464962d02dc06614ee4468e,windows10-64-shippable-qr,,False,,,102210fe594ee9b33d82058545b1ed14f4c8206e,responsiveness,tp5o_webext,True,tp5o_webext responsiveness opt e10s fission stylo webrender,,6,,firefox,,1772551155,2023-10-12T17:47:43,0.0,0d28d797a85a4ed9635545fe3467b17e8ebb4d5d,1315941
mozilla-beta,4789510,1,26056a2d4b0eca731464962d02dc06614ee4468e,windows10-64-shippable-qr,,False,,,102210fe594ee9b33d82058545b1ed14f4c8206e,responsiveness,tp5o_webext,True,tp5o_webext responsiveness opt e10s fission stylo webrender,,6,,firefox,,1772810891,2023-10-13T04:28:09,0.0,689906410d5f8337d185caeadf063e3c3e6f9f81,1316284
mozilla-beta,4789510,1,26056a2d4b0eca731464962d02dc06614ee4468e,windows10-64-shippable-qr,,False,,,102210fe594ee9b33d82058545b1ed14f4c8206e,responsiveness,tp5o_webext,True,tp5o_webext responsiveness opt e10s fission stylo webrender,,6,,firefox,,1772905764,2023-10-13T09:14:12,0.0,03f145d4d7d679e973ec6621b498d6ba24c3bf45,1316340
mozilla-beta,4789510,1,26056a2d4b0eca731464962d02dc06614ee4468e,windows10-64-shippable-qr,,False,,,102210fe594ee9b33d82058545b1ed14f4c8206e,responsiveness,tp5o_webext,True,tp5o_webext responsiveness opt e10s fission stylo webrender,,6,,firefox,,1773242621,2023-10-13T21:13:24,0.0,8eac8d7bb81d2778dd919d5b8062f8cfb0ff9d84,1316819
mozilla-beta,4789510,1,26056a2d4b0eca731464962d02dc06614ee4468e,windows10-64-shippable-qr,,False,,,102210fe594ee9b33d82058545b1ed14f4c8206e,responsiveness,tp5o_webext,True,tp5o_webext responsiveness opt e10s fission stylo webrender,,6,,firefox,,1773406993,2023-10-14T09:18:12,0.0,d07f9c6281b5fc29e57d0e41beeb2dba1056da49,1316894
mozilla-beta,4789510,1,26056a2d4b0eca731464962d02dc06614ee4468e,windows10-64-shippable-qr,,False,,,102210fe594ee9b33d82058545b1ed14f4c8206e,responsiveness,tp5o_webext,True,tp5o_webext responsiveness opt e10s fission stylo webrender,,6,,firefox,,1773722491,2023-10-15T09:18:27,0.0,383757494ccc7f8f4c932b8ec8e6ff5c146590c5,1316988
mozilla-beta,4789510,1,26056a2d4b0eca731464962d02dc06614ee4468e,windows10-64-shippable-qr,,False,,,102210fe594ee9b33d82058545b1ed14f4c8206e,responsiveness,tp5o_webext,True,tp5o_webext responsiveness opt e10s fission stylo webrender,,6,,firefox,,1773789194,2023-10-15T14:26:14,0.0,11d1909ae147645f934856a3d3236ee83fd99444,1317018
mozilla-beta,4789510,1,26056a2d4b0eca731464962d02dc06614ee4468e,windows10-64-shippable-qr,,False,,,102210fe594ee9b33d82058545b1ed14f4c8206e,responsiveness,tp5o_webext,True,tp5o_webext responsiveness opt e10s fission stylo webrender,,6,,firefox,,1774023568,2023-10-16T09:17:28,0.0,061cd59972a07bd5d25892827951e2356d4993a7,1317168
mozilla-beta,4789510,1,26056a2d4b0eca731464962d02dc06614ee4468e,windows10-64-shippable-qr,,False,,,102210fe594ee9b33d82058545b1ed14f4c8206e,responsiveness,tp5o_webext,True,tp5o_webext responsiveness opt e10s fission stylo webrender,,6,,firefox,,1774146927,2023-10-16T12:10:58,0.0,f2a69b23cb0aaf2b36bac4f9f197bf4282f542c4,1317268
mozilla-beta,4789510,1,26056a2d4b0eca731464962d02dc06614ee4468e,windows10-64-shippable-qr,,False,,,102210fe594ee9b33d82058545b1ed14f4c8206e,responsiveness,tp5o_webext,True,tp5o_webext responsiveness opt e10s fission stylo webrender,,6,,firefox,,1774441744,2023-10-16T20:09:52,0.0,15be2499adae693a40ddfc1cb5096c90e7270986,1317580
mozilla-beta,4789510,1,26056a2d4b0eca731464962d02dc06614ee4468e,windows10-64-shippable-qr,,False,,,102210fe594ee9b33d82058545b1ed14f4c8206e,responsiveness,tp5o_webext,True,tp5o_webext responsiveness opt e10s fission stylo webrender,,6,,firefox,,1778185303,2023-10-23T13:54:43,1.651654125872019,5474a9ed5dbd2e49f2a97baf12209cd00e38bdd9,1320858
mozilla-beta,4789510,1,26056a2d4b0eca731464962d02dc06614ee4468e,windows10-64-shippable-qr,,False,,,102210fe594ee9b33d82058545b1ed14f4c8206e,responsiveness,tp5o_webext,True,tp5o_webext responsiveness opt e10s fission stylo webrender,,6,,firefox,,1778621825,2023-10-23T20:46:52,1.4321376243278845,b03a01da2a2d576a6c92ce245e4803bcb257f2aa,1321218
mozilla-beta,4789510,1,26056a2d4b0eca731464962d02dc06614ee4468e,windows10-64-shippable-qr,,False,,,102210fe594ee9b33d82058545b1ed14f4c8206e,responsiveness,tp5o_webext,True,tp5o_webext responsiveness opt e10s fission stylo webrender,,6,,firefox,,1778991110,2023-10-24T09:16:29,1.522520317526463,687c546af188e22f70afcf55e14005978520b7cb,1321483
mozilla-beta,4789510,1,26056a2d4b0eca731464962d02dc06614ee4468e,windows10-64-shippable-qr,,False,,,102210fe594ee9b33d82058545b1ed14f4c8206e,responsiveness,tp5o_webext,True,tp5o_webext responsiveness opt e10s fission stylo webrender,,6,,firefox,,1779558057,2023-10-24T18:16:48,1.514000483255669,a17c6aa73b0faf44667bd491440d373e3268aa40,1321817
mozilla-beta,4789510,1,26056a2d4b0eca731464962d02dc06614ee4468e,windows10-64-shippable-qr,,False,,,102210fe594ee9b33d82058545b1ed14f4c8206e,responsiveness,tp5o_webext,True,tp5o_webext responsiveness opt e10s fission stylo webrender,,6,,firefox,,1779499580,2023-10-24T18:50:37,1.4840881868318225,0e1ba587a1e6e6f571fd31b1aca0d4679e193e1d,1321847
mozilla-beta,4789510,1,26056a2d4b0eca731464962d02dc06614ee4468e,windows10-64-shippable-qr,,False,,,102210fe594ee9b33d82058545b1ed14f4c8206e,responsiveness,tp5o_webext,True,tp5o_webext responsiveness opt e10s fission stylo webrender,,6,,firefox,,1779521806,2023-10-24T19:08:21,1.500063991576958,3b2f433ad9ff8c7fc4b9947b65b4ed12b102cd2a,1321860
mozilla-beta,4789510,1,26056a2d4b0eca731464962d02dc06614ee4468e,windows10-64-shippable-qr,,False,,,102210fe594ee9b33d82058545b1ed14f4c8206e,responsiveness,tp5o_webext,True,tp5o_webext responsiveness opt e10s fission stylo webrender,,6,,firefox,,1779561230,2023-10-24T19:19:30,1.4558735254692017,b178e6a89dd972a2b875d083da187c5e1233158d,1321871
mozilla-beta,4789510,1,26056a2d4b0eca731464962d02dc06614ee4468e,windows10-64-shippable-qr,,False,,,102210fe594ee9b33d82058545b1ed14f4c8206e,responsiveness,tp5o_webext,True,tp5o_webext responsiveness opt e10s fission stylo webrender,,6,,firefox,,1779913191,2023-10-25T09:17:56,1.626826200060114,c3d8b4bc894010747ac1638f14d701801685ad2e,1322190
mozilla-beta,4789510,1,26056a2d4b0eca731464962d02dc06614ee4468e,windows10-64-shippable-qr,,False,,,102210fe594ee9b33d82058545b1ed14f4c8206e,responsiveness,tp5o_webext,True,tp5o_webext responsiveness opt e10s fission stylo webrender,,6,,firefox,,1780402637,2023-10-25T20:12:08,1.5139819356235287,70b3d048171ce75923409d3d9d0b2d7752cacbb9,1322523
mozilla-beta,4789510,1,26056a2d4b0eca731464962d02dc06614ee4468e,windows10-64-shippable-qr,,False,,,102210fe594ee9b33d82058545b1ed14f4c8206e,responsiveness,tp5o_webext,True,tp5o_webext responsiveness opt e10s fission stylo webrender,,6,,firefox,,1780575185,2023-10-26T01:42:12,1.6070196801768541,31e780c0f9412435072db1cdb1a74a46766ddcff,1322720
mozilla-beta,4789510,1,26056a2d4b0eca731464962d02dc06614ee4468e,windows10-64-shippable-qr,,False,,,102210fe594ee9b33d82058545b1ed14f4c8206e,responsiveness,tp5o_webext,True,tp5o_webext responsiveness opt e10s fission stylo webrender,,6,,firefox,,1780640424,2023-10-26T01:59:39,1.4681194589111348,d0592eb71b49011c614d86db88b6673c5f23485f,1322727
mozilla-beta,4789510,1,26056a2d4b0eca731464962d02dc06614ee4468e,windows10-64-shippable-qr,,False,,,102210fe594ee9b33d82058545b1ed14f4c8206e,responsiveness,tp5o_webext,True,tp5o_webext responsiveness opt e10s fission stylo webrender,,6,,firefox,,1780852688,2023-10-26T09:18:57,1.4972319057597616,09df940b02395fb242a2aff8bae0a1fc78f1a0ec,1322855
mozilla-beta,4789510,1,26056a2d4b0eca731464962d02dc06614ee4468e,windows10-64-shippable-qr,,False,,,102210fe594ee9b33d82058545b1ed14f4c8206e,responsiveness,tp5o_webext,True,tp5o_webext responsiveness opt e10s fission stylo webrender,,6,,firefox,,1781077039,2023-10-26T14:06:49,1.5454343703116675,0970ac067962ef702919bed3c130ff4577c5a618,1323016
mozilla-beta,4789510,1,26056a2d4b0eca731464962d02dc06614ee4468e,windows10-64-shippable-qr,,False,,,102210fe594ee9b33d82058545b1ed14f4c8206e,responsiveness,tp5o_webext,True,tp5o_webext responsiveness opt e10s fission stylo webrender,,6,,firefox,,1781301142,2023-10-26T18:12:41,1.3904461357661082,a4b470ebb6b18254694693aa28a4019d425e5157,1323171
mozilla-beta,4789510,1,26056a2d4b0eca731464962d02dc06614ee4468e,windows10-64-shippable-qr,,False,,,102210fe594ee9b33d82058545b1ed14f4c8206e,responsiveness,tp5o_webext,True,tp5o_webext responsiveness opt e10s fission stylo webrender,,6,,firefox,,1781464347,2023-10-26T21:02:35,1.4875857514362414,34202f0fbcf07f89f3bdcefc5b6f0ba8728daf54,1323277
mozilla-beta,4789510,1,26056a2d4b0eca731464962d02dc06614ee4468e,windows10-64-shippable-qr,,False,,,102210fe594ee9b33d82058545b1ed14f4c8206e,responsiveness,tp5o_webext,True,tp5o_webext responsiveness opt e10s fission stylo webrender,,6,,firefox,,1781393931,2023-10-26T21:13:50,1.569674789500213,c9e3fb5ed0f44a04ac88882c5481a60a2a30e222,1323289
mozilla-beta,4789510,1,26056a2d4b0eca731464962d02dc06614ee4468e,windows10-64-shippable-qr,,False,,,102210fe594ee9b33d82058545b1ed14f4c8206e,responsiveness,tp5o_webext,True,tp5o_webext responsiveness opt e10s fission stylo webrender,,6,,firefox,,1781555598,2023-10-27T02:28:31,1.542141457325995,bf57d88eb2a3a61a5fa08f1a445dd7351f6e2b1d,1323398
mozilla-beta,4789510,1,26056a2d4b0eca731464962d02dc06614ee4468e,windows10-64-shippable-qr,,False,,,102210fe594ee9b33d82058545b1ed14f4c8206e,responsiveness,tp5o_webext,True,tp5o_webext responsiveness opt e10s fission stylo webrender,,6,,firefox,,1781738663,2023-10-27T09:19:01,1.6989846222981342,b1cb7e7b034cc16c98f513f848eb36ea5df27c09,1323519
mozilla-beta,4789510,1,26056a2d4b0eca731464962d02dc06614ee4468e,windows10-64-shippable-qr,,False,,,102210fe594ee9b33d82058545b1ed14f4c8206e,responsiveness,tp5o_webext,True,tp5o_webext responsiveness opt e10s fission stylo webrender,,6,,firefox,,1782102078,2023-10-27T18:38:39,1.480855823786435,b97dbe58458774c79ef350e7575e44682ad7b628,1323849
mozilla-beta,4789510,1,26056a2d4b0eca731464962d02dc06614ee4468e,windows10-64-shippable-qr,,False,,,102210fe594ee9b33d82058545b1ed14f4c8206e,responsiveness,tp5o_webext,True,tp5o_webext responsiveness opt e10s fission stylo webrender,,6,,firefox,,1782144768,2023-10-27T18:54:25,1.3749603669718535,f7a6096fda1c5fd404b15a0cee8ca7f0b82aee00,1323862
mozilla-beta,4789510,1,26056a2d4b0eca731464962d02dc06614ee4468e,windows10-64-shippable-qr,,False,,,102210fe594ee9b33d82058545b1ed14f4c8206e,responsiveness,tp5o_webext,True,tp5o_webext responsiveness opt e10s fission stylo webrender,,6,,firefox,,1782582878,2023-10-28T09:15:28,1.486078645232656,1f7ead04a319c6d28f7a8a0c148f15ababc492fa,1324045
mozilla-beta,4789510,1,26056a2d4b0eca731464962d02dc06614ee4468e,windows10-64-shippable-qr,,False,,,102210fe594ee9b33d82058545b1ed14f4c8206e,responsiveness,tp5o_webext,True,tp5o_webext responsiveness opt e10s fission stylo webrender,,6,,firefox,,1782838051,2023-10-28T20:17:56,1.4135231274642033,f8c125601213252ce34486ff451fa058381f558f,1324113
mozilla-beta,4789510,1,26056a2d4b0eca731464962d02dc06614ee4468e,windows10-64-shippable-qr,,False,,,102210fe594ee9b33d82058545b1ed14f4c8206e,responsiveness,tp5o_webext,True,tp5o_webext responsiveness opt e10s fission stylo webrender,,6,,firefox,,1782896895,2023-10-29T09:16:21,1.5052995348477638,14679f0ea712627e51e43163bc286ffad56bdf54,1324149
mozilla-beta,4789510,1,26056a2d4b0eca731464962d02dc06614ee4468e,windows10-64-shippable-qr,,False,,,102210fe594ee9b33d82058545b1ed14f4c8206e,responsiveness,tp5o_webext,True,tp5o_webext responsiveness opt e10s fission stylo webrender,,6,,firefox,,1783251484,2023-10-30T02:36:04,1.5722327021865896,48ba3b0afb19a5edcf6c904fa938052a576bcb89,1324220
mozilla-beta,4789510,1,26056a2d4b0eca731464962d02dc06614ee4468e,windows10-64-shippable-qr,,False,,,102210fe594ee9b33d82058545b1ed14f4c8206e,responsiveness,tp5o_webext,True,tp5o_webext responsiveness opt e10s fission stylo webrender,,6,,firefox,,1783388329,2023-10-30T09:16:20,1.3086377429932752,9de68f7e6fd4a13d6568549cfafbbf4de9830a32,1324285
mozilla-beta,4789510,1,26056a2d4b0eca731464962d02dc06614ee4468e,windows10-64-shippable-qr,,False,,,102210fe594ee9b33d82058545b1ed14f4c8206e,responsiveness,tp5o_webext,True,tp5o_webext responsiveness opt e10s fission stylo webrender,,6,,firefox,,1783686500,2023-10-30T17:02:01,1.6450824908598045,cc2e02baaa144a8b7924802226b7a0dae78019f9,1324586
mozilla-beta,4789510,1,26056a2d4b0eca731464962d02dc06614ee4468e,windows10-64-shippable-qr,,False,,,102210fe594ee9b33d82058545b1ed14f4c8206e,responsiveness,tp5o_webext,True,tp5o_webext responsiveness opt e10s fission stylo webrender,,6,,firefox,,1783747767,2023-10-30T18:00:17,1.4639634160299502,7be1294f3227031fcd210f520339ce75fcf7004f,1324626
mozilla-beta,4789510,1,26056a2d4b0eca731464962d02dc06614ee4468e,windows10-64-shippable-qr,,False,,,102210fe594ee9b33d82058545b1ed14f4c8206e,responsiveness,tp5o_webext,True,tp5o_webext responsiveness opt e10s fission stylo webrender,,6,,firefox,,1783816333,2023-10-30T18:48:30,1.5106778851594418,8f86cd37a37d99d960be58a89966ec2789adeecc,1324652
mozilla-beta,4789510,1,26056a2d4b0eca731464962d02dc06614ee4468e,windows10-64-shippable-qr,,False,,,102210fe594ee9b33d82058545b1ed14f4c8206e,responsiveness,tp5o_webext,True,tp5o_webext responsiveness opt e10s fission stylo webrender,,6,,firefox,,1783855236,2023-10-30T19:00:54,1.4739675661262732,d0dabe2c816558f29baf19470ce5b3e8b0df1e5b,1324656
mozilla-beta,4789510,1,26056a2d4b0eca731464962d02dc06614ee4468e,windows10-64-shippable-qr,,False,,,102210fe594ee9b33d82058545b1ed14f4c8206e,responsiveness,tp5o_webext,True,tp5o_webext responsiveness opt e10s fission stylo webrender,,6,,firefox,,1784306359,2023-10-31T09:17:48,1.4790184017704346,d8fb8c523804dc02924cb77b49e007a0abc2acc1,1324895
mozilla-beta,4789510,1,26056a2d4b0eca731464962d02dc06614ee4468e,windows10-64-shippable-qr,,False,,,102210fe594ee9b33d82058545b1ed14f4c8206e,responsiveness,tp5o_webext,True,tp5o_webext responsiveness opt e10s fission stylo webrender,,6,,firefox,,1784629874,2023-10-31T13:58:47,1.4488080703495358,a6dedbe86cd78c75a1070b8308ebda10dff87c51,1325015
mozilla-beta,4789510,1,26056a2d4b0eca731464962d02dc06614ee4468e,windows10-64-shippable-qr,,False,,,102210fe594ee9b33d82058545b1ed14f4c8206e,responsiveness,tp5o_webext,True,tp5o_webext responsiveness opt e10s fission stylo webrender,,6,,firefox,,1784521163,2023-10-31T14:24:53,1.5319919494925651,21c4c089d27455f7b69af83165892a878069f400,1325035
mozilla-beta,4789510,1,26056a2d4b0eca731464962d02dc06614ee4468e,windows10-64-shippable-qr,,False,,,102210fe594ee9b33d82058545b1ed14f4c8206e,responsiveness,tp5o_webext,True,tp5o_webext responsiveness opt e10s fission stylo webrender,,6,,firefox,,1784582028,2023-10-31T16:19:48,1.470168310102737,497ea409d0b2c8c7f41830cefc198ceb700d2d63,1325135
mozilla-beta,4789510,1,26056a2d4b0eca731464962d02dc06614ee4468e,windows10-64-shippable-qr,,False,,,102210fe594ee9b33d82058545b1ed14f4c8206e,responsiveness,tp5o_webext,True,tp5o_webext responsiveness opt e10s fission stylo webrender,,6,,firefox,,1784669415,2023-10-31T17:25:12,1.4686010632875024,54672e6e13984a5fc53d478951425d3435da65dc,1325175
mozilla-beta,4789510,1,26056a2d4b0eca731464962d02dc06614ee4468e,windows10-64-shippable-qr,,False,,,102210fe594ee9b33d82058545b1ed14f4c8206e,responsiveness,tp5o_webext,True,tp5o_webext responsiveness opt e10s fission stylo webrender,,6,,firefox,,1785072223,2023-11-01T03:02:04,1.4184321479164033,739f3449852d8e3d03019cd002ca378fb79676e7,1325441
mozilla-beta,4789510,1,26056a2d4b0eca731464962d02dc06614ee4468e,windows10-64-shippable-qr,,False,,,102210fe594ee9b33d82058545b1ed14f4c8206e,responsiveness,tp5o_webext,True,tp5o_webext responsiveness opt e10s fission stylo webrender,,6,,firefox,,1785196539,2023-11-01T09:28:03,1.9694186776837608,c32c921bf0c099387541a2bd4306618b2a338aac,1325520
mozilla-beta,4789510,1,26056a2d4b0eca731464962d02dc06614ee4468e,windows10-64-shippable-qr,,False,,,102210fe594ee9b33d82058545b1ed14f4c8206e,responsiveness,tp5o_webext,True,tp5o_webext responsiveness opt e10s fission stylo webrender,,6,,firefox,,1785554224,2023-11-01T20:19:53,1.3643290905949785,661ffaa432e4cc863263a07b7bdd27795a5df836,1325865
mozilla-beta,4789510,1,26056a2d4b0eca731464962d02dc06614ee4468e,windows10-64-shippable-qr,,False,,,102210fe594ee9b33d82058545b1ed14f4c8206e,responsiveness,tp5o_webext,True,tp5o_webext responsiveness opt e10s fission stylo webrender,,6,,firefox,,1785887794,2023-11-02T09:16:17,1.4783958995273454,52966fe3ab43a9acb012195122cc949e887f3f7a,1326068
mozilla-beta,4789510,1,26056a2d4b0eca731464962d02dc06614ee4468e,windows10-64-shippable-qr,,False,,,102210fe594ee9b33d82058545b1ed14f4c8206e,responsiveness,tp5o_webext,True,tp5o_webext responsiveness opt e10s fission stylo webrender,,6,,firefox,,1786089425,2023-11-02T13:26:23,1.616548889237185,b93c979940b7fb53619a49044f7f0c9dcd99927b,1326186
mozilla-beta,4789510,1,26056a2d4b0eca731464962d02dc06614ee4468e,windows10-64-shippable-qr,,False,,,102210fe594ee9b33d82058545b1ed14f4c8206e,responsiveness,tp5o_webext,True,tp5o_webext responsiveness opt e10s fission stylo webrender,,6,,firefox,,1786131916,2023-11-02T15:52:03,1.5346019376296514,3de35294e81fd90cf63d3f7107110c0bcf4a461e,1326321
mozilla-beta,4789510,1,26056a2d4b0eca731464962d02dc06614ee4468e,windows10-64-shippable-qr,,False,,,102210fe594ee9b33d82058545b1ed14f4c8206e,responsiveness,tp5o_webext,True,tp5o_webext responsiveness opt e10s fission stylo webrender,,6,,firefox,,1786292323,2023-11-02T19:37:31,1.4839560743973974,b1fe4b76180c0291b47971e0e442d50b2b46e243,1326468
mozilla-beta,4789510,1,26056a2d4b0eca731464962d02dc06614ee4468e,windows10-64-shippable-qr,,False,,,102210fe594ee9b33d82058545b1ed14f4c8206e,responsiveness,tp5o_webext,True,tp5o_webext responsiveness opt e10s fission stylo webrender,,6,,firefox,,1786367302,2023-11-02T20:40:12,1.3679017547448584,c5cefa7cf7968cb679cd9e608c644853e8bf3c5c,1326529
mozilla-beta,4789510,1,26056a2d4b0eca731464962d02dc06614ee4468e,windows10-64-shippable-qr,,False,,,102210fe594ee9b33d82058545b1ed14f4c8206e,responsiveness,tp5o_webext,True,tp5o_webext responsiveness opt e10s fission stylo webrender,,6,,firefox,,1786473885,2023-11-03T02:09:01,1.5802270231068183,10ccb989d5ffe828811dc99be6687afc0661fee6,1326660
mozilla-beta,4789510,1,26056a2d4b0eca731464962d02dc06614ee4468e,windows10-64-shippable-qr,,False,,,102210fe594ee9b33d82058545b1ed14f4c8206e,responsiveness,tp5o_webext,True,tp5o_webext responsiveness opt e10s fission stylo webrender,,6,,firefox,,1786621983,2023-11-03T09:17:43,1.3912234439653621,2dce64a161d6de039d89197b2248a11466fc7fb1,1326756
mozilla-beta,4789510,1,26056a2d4b0eca731464962d02dc06614ee4468e,windows10-64-shippable-qr,,False,,,102210fe594ee9b33d82058545b1ed14f4c8206e,responsiveness,tp5o_webext,True,tp5o_webext responsiveness opt e10s fission stylo webrender,,6,,firefox,,1787056360,2023-11-03T20:10:06,1.3542127958725332,de7d0eba21d6dc9fa43711cb99724cf8bee14b09,1327141
mozilla-beta,4789510,1,26056a2d4b0eca731464962d02dc06614ee4468e,windows10-64-shippable-qr,,False,,,102210fe594ee9b33d82058545b1ed14f4c8206e,responsiveness,tp5o_webext,True,tp5o_webext responsiveness opt e10s fission stylo webrender,,6,,firefox,,1787083581,2023-11-03T20:37:38,1.4618694644470611,e236a9d8b7c953944c3ec583d1c67f4ee99b61c7,1327174
mozilla-beta,4789510,1,26056a2d4b0eca731464962d02dc06614ee4468e,windows10-64-shippable-qr,,False,,,102210fe594ee9b33d82058545b1ed14f4c8206e,responsiveness,tp5o_webext,True,tp5o_webext responsiveness opt e10s fission stylo webrender,,6,,firefox,,1787250660,2023-11-04T09:15:24,1.4796679599121263,aaed062f99d7c0ecc1574d16fc93d7aad82bfe08,1327315
mozilla-beta,4789510,1,26056a2d4b0eca731464962d02dc06614ee4468e,windows10-64-shippable-qr,,False,,,102210fe594ee9b33d82058545b1ed14f4c8206e,responsiveness,tp5o_webext,True,tp5o_webext responsiveness opt e10s fission stylo webrender,,6,,firefox,,1787692421,2023-11-05T09:16:57,1.3902180291591375,ac9cccecb9fd15c83e5a504a0a4777033d8012fc,1327481
mozilla-beta,4789510,1,26056a2d4b0eca731464962d02dc06614ee4468e,windows10-64-shippable-qr,,False,,,102210fe594ee9b33d82058545b1ed14f4c8206e,responsiveness,tp5o_webext,True,tp5o_webext responsiveness opt e10s fission stylo webrender,,6,,firefox,,1787809309,2023-11-05T16:06:30,1.7446788024069577,a8eb7938131dec30c0043b6eeed4ca9727b3dcda,1327540
mozilla-beta,4789510,1,26056a2d4b0eca731464962d02dc06614ee4468e,windows10-64-shippable-qr,,False,,,102210fe594ee9b33d82058545b1ed14f4c8206e,responsiveness,tp5o_webext,True,tp5o_webext responsiveness opt e10s fission stylo webrender,,6,,firefox,,1788023028,2023-11-06T00:47:38,1.4506696749230272,fba3b198dcedf2312097e9dc1c6a57b9a25730d6,1327573
mozilla-beta,4789510,1,26056a2d4b0eca731464962d02dc06614ee4468e,windows10-64-shippable-qr,,False,,,102210fe594ee9b33d82058545b1ed14f4c8206e,responsiveness,tp5o_webext,True,tp5o_webext responsiveness opt e10s fission stylo webrender,,6,,firefox,,1788384498,2023-11-06T09:16:14,1.364489800421067,84adf50c3d323e26c6a519a062b2417bb322ff0b,1327663
mozilla-beta,4789510,1,26056a2d4b0eca731464962d02dc06614ee4468e,windows10-64-shippable-qr,,False,,,102210fe594ee9b33d82058545b1ed14f4c8206e,responsiveness,tp5o_webext,True,tp5o_webext responsiveness opt e10s fission stylo webrender,,6,,firefox,,1789239393,2023-11-07T09:17:03,1.4256182895591951,46b44caed301798da4c8f6f69976582d1a514c7a,1328381
mozilla-beta,4789510,1,26056a2d4b0eca731464962d02dc06614ee4468e,windows10-64-shippable-qr,,False,,,102210fe594ee9b33d82058545b1ed14f4c8206e,responsiveness,tp5o_webext,True,tp5o_webext responsiveness opt e10s fission stylo webrender,,6,,firefox,,1789372901,2023-11-07T13:33:14,1.5953802544872584,34ed90e9b164d86b138e679b7d142e0974fd7816,1328471
mozilla-beta,4789510,1,26056a2d4b0eca731464962d02dc06614ee4468e,windows10-64-shippable-qr,,False,,,102210fe594ee9b33d82058545b1ed14f4c8206e,responsiveness,tp5o_webext,True,tp5o_webext responsiveness opt e10s fission stylo webrender,,6,,firefox,,1789345411,2023-11-07T14:02:57,1.4764743816084909,38f5ce2d997a124467b8065b92a79d2efa0f3827,1328489
mozilla-beta,4789510,1,26056a2d4b0eca731464962d02dc06614ee4468e,windows10-64-shippable-qr,,False,,,102210fe594ee9b33d82058545b1ed14f4c8206e,responsiveness,tp5o_webext,True,tp5o_webext responsiveness opt e10s fission stylo webrender,,6,,firefox,,1789417801,2023-11-07T17:18:39,1.6524664794161807,997eb70f590ce32a22add6eed63c87f3fdc21b14,1328543
mozilla-beta,4789510,1,26056a2d4b0eca731464962d02dc06614ee4468e,windows10-64-shippable-qr,,False,,,102210fe594ee9b33d82058545b1ed14f4c8206e,responsiveness,tp5o_webext,True,tp5o_webext responsiveness opt e10s fission stylo webrender,,6,,firefox,,1789484028,2023-11-07T19:16:33,1.4014963628953574,36f6c182a44f717167c7dcde294710b0ff59b6e0,1328549
mozilla-beta,4789510,1,26056a2d4b0eca731464962d02dc06614ee4468e,windows10-64-shippable-qr,,False,,,102210fe594ee9b33d82058545b1ed14f4c8206e,responsiveness,tp5o_webext,True,tp5o_webext responsiveness opt e10s fission stylo webrender,,6,,firefox,,1789756751,2023-11-08T01:34:51,1.6004626697915796,9405e5ab3a4a597ffdfc3fc14887fdb4554c6f8d,1328839
mozilla-beta,4789510,1,26056a2d4b0eca731464962d02dc06614ee4468e,windows10-64-shippable-qr,,False,,,102210fe594ee9b33d82058545b1ed14f4c8206e,responsiveness,tp5o_webext,True,tp5o_webext responsiveness opt e10s fission stylo webrender,,6,,firefox,,1789815273,2023-11-08T03:58:18,1.4687141950158777,f51aba0f79ce6370a97337d938e26b7ca57a2628,1328887
mozilla-beta,4789510,1,26056a2d4b0eca731464962d02dc06614ee4468e,windows10-64-shippable-qr,,False,,,102210fe594ee9b33d82058545b1ed14f4c8206e,responsiveness,tp5o_webext,True,tp5o_webext responsiveness opt e10s fission stylo webrender,,6,,firefox,,1789962840,2023-11-08T09:19:43,1.4414719150346382,ff455344125244fea8ba3d4d3f1c125f1d4128ef,1328960
mozilla-beta,4789510,1,26056a2d4b0eca731464962d02dc06614ee4468e,windows10-64-shippable-qr,,False,,,102210fe594ee9b33d82058545b1ed14f4c8206e,responsiveness,tp5o_webext,True,tp5o_webext responsiveness opt e10s fission stylo webrender,,6,,firefox,,1790289302,2023-11-08T19:22:35,1.4413693857501133,f33d3ade665d9a85492c827858001798f824cf82,1329310
mozilla-beta,4789510,1,26056a2d4b0eca731464962d02dc06614ee4468e,windows10-64-shippable-qr,,False,,,102210fe594ee9b33d82058545b1ed14f4c8206e,responsiveness,tp5o_webext,True,tp5o_webext responsiveness opt e10s fission stylo webrender,,6,,firefox,,1790987969,2023-11-09T13:41:54,1.4604492193434615,78b796c9f7f53a888614ed5392a7db7229ee834f,1329838
mozilla-beta,4789510,1,26056a2d4b0eca731464962d02dc06614ee4468e,windows10-64-shippable-qr,,False,,,102210fe594ee9b33d82058545b1ed14f4c8206e,responsiveness,tp5o_webext,True,tp5o_webext responsiveness opt e10s fission stylo webrender,,6,,firefox,,1791042275,2023-11-09T15:05:03,1.838836820748421,03a9bf50f31d7228b355e7f9d70e29dd18babfdc,1329887
mozilla-beta,4789510,1,26056a2d4b0eca731464962d02dc06614ee4468e,windows10-64-shippable-qr,,False,,,102210fe594ee9b33d82058545b1ed14f4c8206e,responsiveness,tp5o_webext,True,tp5o_webext responsiveness opt e10s fission stylo webrender,,6,,firefox,,1791093896,2023-11-09T16:40:47,1.4317871943072398,5e9554d172fc9851c0d74bdd6990c7434c7f6cf3,1329939
mozilla-beta,4789510,1,26056a2d4b0eca731464962d02dc06614ee4468e,windows10-64-shippable-qr,,False,,,102210fe594ee9b33d82058545b1ed14f4c8206e,responsiveness,tp5o_webext,True,tp5o_webext responsiveness opt e10s fission stylo webrender,,6,,firefox,,1791118178,2023-11-09T17:22:31,1.54758566435544,38f3cd5c2a42373d39c8ec864053d206168e22dd,1329961
mozilla-beta,4789510,1,26056a2d4b0eca731464962d02dc06614ee4468e,windows10-64-shippable-qr,,False,,,102210fe594ee9b33d82058545b1ed14f4c8206e,responsiveness,tp5o_webext,True,tp5o_webext responsiveness opt e10s fission stylo webrender,,6,,firefox,,1791148606,2023-11-09T18:22:53,1.4552291276571743,b0f04f13b25453822484a6a53bc6b2b39bba4ae7,1329997
mozilla-beta,4789510,1,26056a2d4b0eca731464962d02dc06614ee4468e,windows10-64-shippable-qr,,False,,,102210fe594ee9b33d82058545b1ed14f4c8206e,responsiveness,tp5o_webext,True,tp5o_webext responsiveness opt e10s fission stylo webrender,,6,,firefox,,1791239148,2023-11-09T20:58:42,1.4568712246609186,73db5f7ddc5b694785856785df3e3d6d8c5054f5,1330116
mozilla-beta,4789510,1,26056a2d4b0eca731464962d02dc06614ee4468e,windows10-64-shippable-qr,,False,,,102210fe594ee9b33d82058545b1ed14f4c8206e,responsiveness,tp5o_webext,True,tp5o_webext responsiveness opt e10s fission stylo webrender,,6,,firefox,,1791298182,2023-11-09T21:16:58,1.6616810803383177,4033da50913992a740487deb43a255f0ad27ca9d,1330119
mozilla-beta,4789510,1,26056a2d4b0eca731464962d02dc06614ee4468e,windows10-64-shippable-qr,,False,,,102210fe594ee9b33d82058545b1ed14f4c8206e,responsiveness,tp5o_webext,True,tp5o_webext responsiveness opt e10s fission stylo webrender,,6,,firefox,,1791506501,2023-11-09T23:34:01,1.3911906658105164,05cb865cacd6b9585e3049124f490cf19705d380,1330175
mozilla-beta,4789510,1,26056a2d4b0eca731464962d02dc06614ee4468e,windows10-64-shippable-qr,,False,,,102210fe594ee9b33d82058545b1ed14f4c8206e,responsiveness,tp5o_webext,True,tp5o_webext responsiveness opt e10s fission stylo webrender,,6,,firefox,,1791553373,2023-11-10T03:58:58,1.6275893041023175,c235e860ed91d38314fe1dbcf2ecdd2db91b9bb9,1330254
mozilla-beta,4789510,1,26056a2d4b0eca731464962d02dc06614ee4468e,windows10-64-shippable-qr,,False,,,102210fe594ee9b33d82058545b1ed14f4c8206e,responsiveness,tp5o_webext,True,tp5o_webext responsiveness opt e10s fission stylo webrender,,6,,firefox,,1791757811,2023-11-10T08:26:24,1.5412283512914442,c9cafe13464891df5979172a1cea00ceb1c89615,1330300
mozilla-beta,4789510,1,26056a2d4b0eca731464962d02dc06614ee4468e,windows10-64-shippable-qr,,False,,,102210fe594ee9b33d82058545b1ed14f4c8206e,responsiveness,tp5o_webext,True,tp5o_webext responsiveness opt e10s fission stylo webrender,,6,,firefox,,1791729235,2023-11-10T09:17:50,1.4219312932958725,79c92eeab276a93d9b1d5cc754e2bb395e76ebf3,1330325
mozilla-beta,4789510,1,26056a2d4b0eca731464962d02dc06614ee4468e,windows10-64-shippable-qr,,False,,,102210fe594ee9b33d82058545b1ed14f4c8206e,responsiveness,tp5o_webext,True,tp5o_webext responsiveness opt e10s fission stylo webrender,,6,,firefox,,1792362128,2023-11-11T09:17:06,1.5779358814689421,833ba8fe101b84f0d4e7dbe07363af1f91c20b18,1330685
mozilla-beta,4789510,1,26056a2d4b0eca731464962d02dc06614ee4468e,windows10-64-shippable-qr,,False,,,102210fe594ee9b33d82058545b1ed14f4c8206e,responsiveness,tp5o_webext,True,tp5o_webext responsiveness opt e10s fission stylo webrender,,6,,firefox,,1792810532,2023-11-12T09:16:19,1.2904388095228128,a1334e8e601add3495509f96d677cff89b4693b1,1330777
mozilla-beta,4789510,1,26056a2d4b0eca731464962d02dc06614ee4468e,windows10-64-shippable-qr,,False,,,102210fe594ee9b33d82058545b1ed14f4c8206e,responsiveness,tp5o_webext,True,tp5o_webext responsiveness opt e10s fission stylo webrender,,6,,firefox,,1793165573,2023-11-13T09:20:35,1.6004853304725106,39694175bf62c4c07f2001ab520f7e410eec192b,1330927
mozilla-beta,4789510,1,26056a2d4b0eca731464962d02dc06614ee4468e,windows10-64-shippable-qr,,False,,,102210fe594ee9b33d82058545b1ed14f4c8206e,responsiveness,tp5o_webext,True,tp5o_webext responsiveness opt e10s fission stylo webrender,,6,,firefox,,1793367646,2023-11-13T14:12:00,1.464872773381355,e2b2510f97612093f381ee1f4220e71ff949d845,1331051
mozilla-beta,4789510,1,26056a2d4b0eca731464962d02dc06614ee4468e,windows10-64-shippable-qr,,False,,,102210fe594ee9b33d82058545b1ed14f4c8206e,responsiveness,tp5o_webext,True,tp5o_webext responsiveness opt e10s fission stylo webrender,,6,,firefox,,1797829700,2023-11-21T09:16:19,1.619595758822433,7c525212b0a40c1f9ca40c7a7dd04825767c444c,1335327
mozilla-beta,4789510,1,26056a2d4b0eca731464962d02dc06614ee4468e,windows10-64-shippable-qr,,False,,,102210fe594ee9b33d82058545b1ed14f4c8206e,responsiveness,tp5o_webext,True,tp5o_webext responsiveness opt e10s fission stylo webrender,,6,,firefox,,1798056739,2023-11-21T15:08:03,1.5653464243749404,f2fa5dbe8e76996e929aebba1ccfe170e0a231ed,1335577
mozilla-beta,4789510,1,26056a2d4b0eca731464962d02dc06614ee4468e,windows10-64-shippable-qr,,False,,,102210fe594ee9b33d82058545b1ed14f4c8206e,responsiveness,tp5o_webext,True,tp5o_webext responsiveness opt e10s fission stylo webrender,,6,,firefox,,1798044242,2023-11-21T15:10:55,1.469478443073541,e86366dbad4958dc3a70d6f76351ede9d78dbca4,1335580
mozilla-beta,4789510,1,26056a2d4b0eca731464962d02dc06614ee4468e,windows10-64-shippable-qr,,False,,,102210fe594ee9b33d82058545b1ed14f4c8206e,responsiveness,tp5o_webext,True,tp5o_webext responsiveness opt e10s fission stylo webrender,,6,,firefox,,1798100049,2023-11-21T15:26:40,1.5538807660555434,ae7ec6bbf12f4bf101eb93a4eec56237e2c94711,1335594
mozilla-beta,4789510,1,26056a2d4b0eca731464962d02dc06614ee4468e,windows10-64-shippable-qr,,False,,,102210fe594ee9b33d82058545b1ed14f4c8206e,responsiveness,tp5o_webext,True,tp5o_webext responsiveness opt e10s fission stylo webrender,,6,,firefox,,1798629726,2023-11-22T09:19:04,1.6234157329524515,850029a700cfcd62c70e1153778fcac0c0accbd5,1336139
mozilla-beta,4789510,1,26056a2d4b0eca731464962d02dc06614ee4468e,windows10-64-shippable-qr,,False,,,102210fe594ee9b33d82058545b1ed14f4c8206e,responsiveness,tp5o_webext,True,tp5o_webext responsiveness opt e10s fission stylo webrender,,6,,firefox,,1799027837,2023-11-22T19:21:33,1.5249847823778035,14a07890399d7fede9ff72d30f69469e83896f21,1336564
mozilla-beta,4789510,1,26056a2d4b0eca731464962d02dc06614ee4468e,windows10-64-shippable-qr,,False,,,102210fe594ee9b33d82058545b1ed14f4c8206e,responsiveness,tp5o_webext,True,tp5o_webext responsiveness opt e10s fission stylo webrender,,6,,firefox,,1799099062,2023-11-22T20:38:02,1.4179596421984604,40509a3a99ddbed1f837b0a394d68ba95dc592ae,1336613
mozilla-beta,4789510,1,26056a2d4b0eca731464962d02dc06614ee4468e,windows10-64-shippable-qr,,False,,,102210fe594ee9b33d82058545b1ed14f4c8206e,responsiveness,tp5o_webext,True,tp5o_webext responsiveness opt e10s fission stylo webrender,,6,,firefox,,1799840144,2023-11-23T15:17:32,1.5348218488732375,e2d0a18759309d8d69b72e5fc1f26d7570df19e9,1337048
mozilla-beta,4789510,1,26056a2d4b0eca731464962d02dc06614ee4468e,windows10-64-shippable-qr,,False,,,102210fe594ee9b33d82058545b1ed14f4c8206e,responsiveness,tp5o_webext,True,tp5o_webext responsiveness opt e10s fission stylo webrender,,6,,firefox,,1799868806,2023-11-23T16:48:11,1.3609939930978756,f5ed817bca36dcf683dcbf037a3122509c21e33c,1337100
mozilla-beta,4789510,1,26056a2d4b0eca731464962d02dc06614ee4468e,windows10-64-shippable-qr,,False,,,102210fe594ee9b33d82058545b1ed14f4c8206e,responsiveness,tp5o_webext,True,tp5o_webext responsiveness opt e10s fission stylo webrender,,6,,firefox,,1799951844,2023-11-23T18:38:27,1.5678770953866124,0ebfc2cc8b6ff18c0e37d80523ea5eb997c7d5e1,1337195
mozilla-beta,4789510,1,26056a2d4b0eca731464962d02dc06614ee4468e,windows10-64-shippable-qr,,False,,,102210fe594ee9b33d82058545b1ed14f4c8206e,responsiveness,tp5o_webext,True,tp5o_webext responsiveness opt e10s fission stylo webrender,,6,,firefox,,1799939990,2023-11-23T19:14:24,1.4396976760091358,f5b525d6b641f9bf120912b729d84800fed945e4,1337218
mozilla-beta,4789510,1,26056a2d4b0eca731464962d02dc06614ee4468e,windows10-64-shippable-qr,,False,,,102210fe594ee9b33d82058545b1ed14f4c8206e,responsiveness,tp5o_webext,True,tp5o_webext responsiveness opt e10s fission stylo webrender,,6,,firefox,,1799965972,2023-11-23T19:59:59,1.519792515576648,63e4626951c04bbd1987f0e48b03e96cb2af7457,1337233
mozilla-beta,4789510,1,26056a2d4b0eca731464962d02dc06614ee4468e,windows10-64-shippable-qr,,False,,,102210fe594ee9b33d82058545b1ed14f4c8206e,responsiveness,tp5o_webext,True,tp5o_webext responsiveness opt e10s fission stylo webrender,,6,,firefox,,1800328508,2023-11-24T09:15:12,1.5169981062384765,97f726c68ad098e3376af09d49d8e89361b016a6,1337432
mozilla-beta,4789510,1,26056a2d4b0eca731464962d02dc06614ee4468e,windows10-64-shippable-qr,,False,,,102210fe594ee9b33d82058545b1ed14f4c8206e,responsiveness,tp5o_webext,True,tp5o_webext responsiveness opt e10s fission stylo webrender,,6,,firefox,,1800604478,2023-11-24T19:26:24,1.613691976506266,6d0a62974b9b656be959cbc5c28072dba236c9a1,1337720
mozilla-beta,4789510,1,26056a2d4b0eca731464962d02dc06614ee4468e,windows10-64-shippable-qr,,False,,,102210fe594ee9b33d82058545b1ed14f4c8206e,responsiveness,tp5o_webext,True,tp5o_webext responsiveness opt e10s fission stylo webrender,,6,,firefox,,1800801076,2023-11-25T09:17:02,1.4467664887271947,7bb0d2c11841a1ee47bcd3d93a7930c8e870cf38,1337839
mozilla-beta,4789510,1,26056a2d4b0eca731464962d02dc06614ee4468e,windows10-64-shippable-qr,,False,,,102210fe594ee9b33d82058545b1ed14f4c8206e,responsiveness,tp5o_webext,True,tp5o_webext responsiveness opt e10s fission stylo webrender,,6,,firefox,,1800974513,2023-11-26T09:14:56,1.7086280079213862,27f764d7fcefdc9fd2f61cdca2aa5fc58a71f4c3,1337923
mozilla-beta,4789510,1,26056a2d4b0eca731464962d02dc06614ee4468e,windows10-64-shippable-qr,,False,,,102210fe594ee9b33d82058545b1ed14f4c8206e,responsiveness,tp5o_webext,True,tp5o_webext responsiveness opt e10s fission stylo webrender,,6,,firefox,,1801065712,2023-11-26T19:05:04,1.5459805273196083,6731f3f1d5fbe50d8ef2db31b54734d886c575d9,1337952
mozilla-beta,4789510,1,26056a2d4b0eca731464962d02dc06614ee4468e,windows10-64-shippable-qr,,False,,,102210fe594ee9b33d82058545b1ed14f4c8206e,responsiveness,tp5o_webext,True,tp5o_webext responsiveness opt e10s fission stylo webrender,,6,,firefox,,1801088060,2023-11-26T19:58:34,1.3091018209320056,30ce6d1c901acbf2c75595616796c67a117d0e89,1337957
mozilla-beta,4789510,1,26056a2d4b0eca731464962d02dc06614ee4468e,windows10-64-shippable-qr,,False,,,102210fe594ee9b33d82058545b1ed14f4c8206e,responsiveness,tp5o_webext,True,tp5o_webext responsiveness opt e10s fission stylo webrender,,6,,firefox,,1801301810,2023-11-27T09:17:58,1.4820618427728043,6d4d6a99b1a66f36129039e40dd79f37e4f86f8f,1338056
mozilla-beta,4789510,1,26056a2d4b0eca731464962d02dc06614ee4468e,windows10-64-shippable-qr,,False,,,102210fe594ee9b33d82058545b1ed14f4c8206e,responsiveness,tp5o_webext,True,tp5o_webext responsiveness opt e10s fission stylo webrender,,6,,firefox,,1801542104,2023-11-27T17:32:57,1.4425628545335902,22785f6abc940d353708807dbadc7ca1899f9be4,1338393
mozilla-beta,4789510,1,26056a2d4b0eca731464962d02dc06614ee4468e,windows10-64-shippable-qr,,False,,,102210fe594ee9b33d82058545b1ed14f4c8206e,responsiveness,tp5o_webext,True,tp5o_webext responsiveness opt e10s fission stylo webrender,,6,,firefox,,1801778362,2023-11-27T22:16:43,1.3305796422930365,155655e47125a4651f979dd526be3225c2d0b362,1338584
mozilla-beta,4789510,1,26056a2d4b0eca731464962d02dc06614ee4468e,windows10-64-shippable-qr,,False,,,102210fe594ee9b33d82058545b1ed14f4c8206e,responsiveness,tp5o_webext,True,tp5o_webext responsiveness opt e10s fission stylo webrender,,6,,firefox,,1801745666,2023-11-27T22:27:53,1.4841556700183964,d33d3f4a57d58a0f7e5e713c6743fea942f723c5,1338597
mozilla-beta,4789510,1,26056a2d4b0eca731464962d02dc06614ee4468e,windows10-64-shippable-qr,,False,,,102210fe594ee9b33d82058545b1ed14f4c8206e,responsiveness,tp5o_webext,True,tp5o_webext responsiveness opt e10s fission stylo webrender,,6,,firefox,,1802043205,2023-11-28T09:16:16,1.5062935935478283,17705099714d6adc36e2222e53c5627edbc9d656,1338880
mozilla-beta,4789510,1,26056a2d4b0eca731464962d02dc06614ee4468e,windows10-64-shippable-qr,,False,,,102210fe594ee9b33d82058545b1ed14f4c8206e,responsiveness,tp5o_webext,True,tp5o_webext responsiveness opt e10s fission stylo webrender,,6,,firefox,,1802325648,2023-11-28T18:01:37,1.497637417659607,5ece1826f540e2d1024b784ca24bd0a9ab803d88,1339207
mozilla-beta,4789510,1,26056a2d4b0eca731464962d02dc06614ee4468e,windows10-64-shippable-qr,,False,,,102210fe594ee9b33d82058545b1ed14f4c8206e,responsiveness,tp5o_webext,True,tp5o_webext responsiveness opt e10s fission stylo webrender,,6,,firefox,,1802429281,2023-11-28T18:56:38,1.4587752570746513,5b886155d8f15f2a6b77a369aa6bd34f271b5179,1339250
mozilla-beta,4789510,1,26056a2d4b0eca731464962d02dc06614ee4468e,windows10-64-shippable-qr,,False,,,102210fe594ee9b33d82058545b1ed14f4c8206e,responsiveness,tp5o_webext,True,tp5o_webext responsiveness opt e10s fission stylo webrender,,6,,firefox,,1802552767,2023-11-29T01:18:21,1.4990758606734156,54bded7d814a16ec819b55ed9dabee819a5ab3d7,1339512
mozilla-beta,4789510,1,26056a2d4b0eca731464962d02dc06614ee4468e,windows10-64-shippable-qr,,False,,,102210fe594ee9b33d82058545b1ed14f4c8206e,responsiveness,tp5o_webext,True,tp5o_webext responsiveness opt e10s fission stylo webrender,,6,,firefox,,1802724779,2023-11-29T06:49:04,1.5427486326080524,deb04a41bcf2831f1f022865506bed3889189890,1339621
mozilla-beta,4789510,1,26056a2d4b0eca731464962d02dc06614ee4468e,windows10-64-shippable-qr,,False,,,102210fe594ee9b33d82058545b1ed14f4c8206e,responsiveness,tp5o_webext,True,tp5o_webext responsiveness opt e10s fission stylo webrender,,6,,firefox,,1802808810,2023-11-29T09:18:15,1.5724898680896997,dea294d4ae5a1a40f6bfd6e29b7d07fe56b7f472,1339673
mozilla-beta,4789510,1,26056a2d4b0eca731464962d02dc06614ee4468e,windows10-64-shippable-qr,,False,,,102210fe594ee9b33d82058545b1ed14f4c8206e,responsiveness,tp5o_webext,True,tp5o_webext responsiveness opt e10s fission stylo webrender,,6,,firefox,,1803271891,2023-11-29T22:50:54,1.50131478577211,ca8ce1830705b459fc5202429667589f2934b17c,1340165
mozilla-beta,4789510,1,26056a2d4b0eca731464962d02dc06614ee4468e,windows10-64-shippable-qr,,False,,,102210fe594ee9b33d82058545b1ed14f4c8206e,responsiveness,tp5o_webext,True,tp5o_webext responsiveness opt e10s fission stylo webrender,,6,,firefox,,1803586244,2023-11-30T09:17:04,1.4310104547385627,5974796cd9cd088eb58006e6594138d3bc8e7d39,1340410
mozilla-beta,4789510,1,26056a2d4b0eca731464962d02dc06614ee4468e,windows10-64-shippable-qr,,False,,,102210fe594ee9b33d82058545b1ed14f4c8206e,responsiveness,tp5o_webext,True,tp5o_webext responsiveness opt e10s fission stylo webrender,,6,,firefox,,1803788637,2023-11-30T16:11:24,1.496313978099857,20d769c8e7c11b7510e1eaed3d456b930cf6ea46,1340661
mozilla-beta,4789510,1,26056a2d4b0eca731464962d02dc06614ee4468e,windows10-64-shippable-qr,,False,,,102210fe594ee9b33d82058545b1ed14f4c8206e,responsiveness,tp5o_webext,True,tp5o_webext responsiveness opt e10s fission stylo webrender,,6,,firefox,,1803839455,2023-11-30T16:34:04,1.4641967526753235,c1852b5f0fd3cae3ab6e22effca4d9f2689aeeeb,1340692
mozilla-beta,4789510,1,26056a2d4b0eca731464962d02dc06614ee4468e,windows10-64-shippable-qr,,False,,,102210fe594ee9b33d82058545b1ed14f4c8206e,responsiveness,tp5o_webext,True,tp5o_webext responsiveness opt e10s fission stylo webrender,,6,,firefox,,1803857865,2023-11-30T16:43:33,1.4704231676639559,bc9f83635d02d18d06ea0e35565f7bb49b2c7608,1340700
mozilla-beta,4789510,1,26056a2d4b0eca731464962d02dc06614ee4468e,windows10-64-shippable-qr,,False,,,102210fe594ee9b33d82058545b1ed14f4c8206e,responsiveness,tp5o_webext,True,tp5o_webext responsiveness opt e10s fission stylo webrender,,6,,firefox,,1803902812,2023-11-30T18:34:41,1.4959313548338236,5df38003afc947e7f0932dd9984f2e4d57e9a685,1340791
mozilla-beta,4789510,1,26056a2d4b0eca731464962d02dc06614ee4468e,windows10-64-shippable-qr,,False,,,102210fe594ee9b33d82058545b1ed14f4c8206e,responsiveness,tp5o_webext,True,tp5o_webext responsiveness opt e10s fission stylo webrender,,6,,firefox,,1803978491,2023-11-30T21:01:12,1.5067135652600399,8e00ed90450f29ee0286348a831fc0980397f8e7,1340913
mozilla-beta,4789510,1,26056a2d4b0eca731464962d02dc06614ee4468e,windows10-64-shippable-qr,,False,,,102210fe594ee9b33d82058545b1ed14f4c8206e,responsiveness,tp5o_webext,True,tp5o_webext responsiveness opt e10s fission stylo webrender,,6,,firefox,,1804076030,2023-12-01T00:27:30,1.5122001430180259,b69108b34355f592bd1781a9a072e6816b3eb0b1,1341043
mozilla-beta,4789510,1,26056a2d4b0eca731464962d02dc06614ee4468e,windows10-64-shippable-qr,,False,,,102210fe594ee9b33d82058545b1ed14f4c8206e,responsiveness,tp5o_webext,True,tp5o_webext responsiveness opt e10s fission stylo webrender,,6,,firefox,,1804056856,2023-12-01T00:39:11,1.449597884936471,186477afbdb47280ec0ea49732727996821b2082,1341051
mozilla-beta,4789510,1,26056a2d4b0eca731464962d02dc06614ee4468e,windows10-64-shippable-qr,,False,,,102210fe594ee9b33d82058545b1ed14f4c8206e,responsiveness,tp5o_webext,True,tp5o_webext responsiveness opt e10s fission stylo webrender,,6,,firefox,,1804095764,2023-12-01T00:47:04,1.4554284784932203,f0af2050e7b01c1d1b2b95693754359cc62706a8,1341055
mozilla-beta,4789510,1,26056a2d4b0eca731464962d02dc06614ee4468e,windows10-64-shippable-qr,,False,,,102210fe594ee9b33d82058545b1ed14f4c8206e,responsiveness,tp5o_webext,True,tp5o_webext responsiveness opt e10s fission stylo webrender,,6,,firefox,,1804267784,2023-12-01T09:17:38,1.4408530633581471,dcc730175085df9656d49fc3ee0e7db73111c6e8,1341197
mozilla-beta,4789510,1,26056a2d4b0eca731464962d02dc06614ee4468e,windows10-64-shippable-qr,,False,,,102210fe594ee9b33d82058545b1ed14f4c8206e,responsiveness,tp5o_webext,True,tp5o_webext responsiveness opt e10s fission stylo webrender,,6,,firefox,,1806161229,2023-12-01T13:25:05,1.4434663816380535,2bc4ae7ae908b8961b6b35ff1ba16dee8defca94,1341359
mozilla-beta,4789510,1,26056a2d4b0eca731464962d02dc06614ee4468e,windows10-64-shippable-qr,,False,,,102210fe594ee9b33d82058545b1ed14f4c8206e,responsiveness,tp5o_webext,True,tp5o_webext responsiveness opt e10s fission stylo webrender,,6,,firefox,,1806162257,2023-12-01T16:45:27,1.4313754540006587,dfccead8e270a89f943469537ad75500b44f1999,1341510
mozilla-beta,4789510,1,26056a2d4b0eca731464962d02dc06614ee4468e,windows10-64-shippable-qr,,False,,,102210fe594ee9b33d82058545b1ed14f4c8206e,responsiveness,tp5o_webext,True,tp5o_webext responsiveness opt e10s fission stylo webrender,,6,,firefox,,1804516271,2023-12-01T17:19:46,1.7093603119678293,383a7dba37fdf47229b38b1bd3e13d91524826dd,1341530
mozilla-beta,4789510,1,26056a2d4b0eca731464962d02dc06614ee4468e,windows10-64-shippable-qr,,False,,,102210fe594ee9b33d82058545b1ed14f4c8206e,responsiveness,tp5o_webext,True,tp5o_webext responsiveness opt e10s fission stylo webrender,,6,,firefox,,1804529996,2023-12-01T17:50:39,1.4191653016914825,838d79d0dcef3ff65de416651b2599f57334a424,1341548
mozilla-beta,4789510,1,26056a2d4b0eca731464962d02dc06614ee4468e,windows10-64-shippable-qr,,False,,,102210fe594ee9b33d82058545b1ed14f4c8206e,responsiveness,tp5o_webext,True,tp5o_webext responsiveness opt e10s fission stylo webrender,,6,,firefox,,1804668010,2023-12-01T21:01:48,1.369283982693616,a4b9591b34ba710765e9f09d3d4e58d21f188792,1341681
mozilla-beta,4789510,1,26056a2d4b0eca731464962d02dc06614ee4468e,windows10-64-shippable-qr,,False,,,102210fe594ee9b33d82058545b1ed14f4c8206e,responsiveness,tp5o_webext,True,tp5o_webext responsiveness opt e10s fission stylo webrender,,6,,firefox,,1804878614,2023-12-02T09:21:37,1.372857443356087,138cd0d7d6566dfa59c44eff260c1bd4d7d3c240,1341841
mozilla-beta,4789510,1,26056a2d4b0eca731464962d02dc06614ee4468e,windows10-64-shippable-qr,,False,,,102210fe594ee9b33d82058545b1ed14f4c8206e,responsiveness,tp5o_webext,True,tp5o_webext responsiveness opt e10s fission stylo webrender,,6,,firefox,,1804974850,2023-12-02T15:29:47,1.494412084196472,804fcc8f051c181e41f5eee888e30a5ca7752f0d,1341864
mozilla-beta,4789510,1,26056a2d4b0eca731464962d02dc06614ee4468e,windows10-64-shippable-qr,,False,,,102210fe594ee9b33d82058545b1ed14f4c8206e,responsiveness,tp5o_webext,True,tp5o_webext responsiveness opt e10s fission stylo webrender,,6,,firefox,,1804974409,2023-12-02T15:34:35,1.3500728308451873,f0c0cb9e9377b5529e313d5919557d03a6feb7a5,1341866
mozilla-beta,4789510,1,26056a2d4b0eca731464962d02dc06614ee4468e,windows10-64-shippable-qr,,False,,,102210fe594ee9b33d82058545b1ed14f4c8206e,responsiveness,tp5o_webext,True,tp5o_webext responsiveness opt e10s fission stylo webrender,,6,,firefox,,1805318101,2023-12-03T18:26:48,1.3185241956486697,8833c90233aa15657607f5823c7f2f0a9e9acba5,1342035
mozilla-beta,4789510,1,26056a2d4b0eca731464962d02dc06614ee4468e,windows10-64-shippable-qr,,False,,,102210fe594ee9b33d82058545b1ed14f4c8206e,responsiveness,tp5o_webext,True,tp5o_webext responsiveness opt e10s fission stylo webrender,,6,,firefox,,1805340315,2023-12-03T18:27:35,1.474343804801313,aea0bf951d563e36e9e968d12062d8a38a88d3d9,1342036
mozilla-beta,4789510,1,26056a2d4b0eca731464962d02dc06614ee4468e,windows10-64-shippable-qr,,False,,,102210fe594ee9b33d82058545b1ed14f4c8206e,responsiveness,tp5o_webext,True,tp5o_webext responsiveness opt e10s fission stylo webrender,,6,,firefox,,1805323038,2023-12-03T18:40:01,1.4693351089691107,c8d8e41a083bbad80659ee42b25afe1f9a01fa80,1342038
mozilla-beta,4789510,1,26056a2d4b0eca731464962d02dc06614ee4468e,windows10-64-shippable-qr,,False,,,102210fe594ee9b33d82058545b1ed14f4c8206e,responsiveness,tp5o_webext,True,tp5o_webext responsiveness opt e10s fission stylo webrender,,6,,firefox,,1805349867,2023-12-03T18:57:23,1.5132460842697786,f9258827fbd87e7abbafd5aaee4f4beb2ca122f7,1342040
mozilla-beta,4789510,1,26056a2d4b0eca731464962d02dc06614ee4468e,windows10-64-shippable-qr,,False,,,102210fe594ee9b33d82058545b1ed14f4c8206e,responsiveness,tp5o_webext,True,tp5o_webext responsiveness opt e10s fission stylo webrender,,6,,firefox,,1805940170,2023-12-04T20:17:46,1.2467529924417227,843493d0e456170ac7bc6844fb9ef91b4d02e5e9,1342642
mozilla-beta,4789510,1,26056a2d4b0eca731464962d02dc06614ee4468e,windows10-64-shippable-qr,,False,,,102210fe594ee9b33d82058545b1ed14f4c8206e,responsiveness,tp5o_webext,True,tp5o_webext responsiveness opt e10s fission stylo webrender,,6,,firefox,,1805951272,2023-12-04T20:26:14,1.4166982895879554,0fdd8c90220fed2b73becbf0d813ffa9eb3c7f23,1342655
mozilla-beta,4789510,1,26056a2d4b0eca731464962d02dc06614ee4468e,windows10-64-shippable-qr,,False,,,102210fe594ee9b33d82058545b1ed14f4c8206e,responsiveness,tp5o_webext,True,tp5o_webext responsiveness opt e10s fission stylo webrender,,6,,firefox,,1806000073,2023-12-04T20:40:00,1.4275695187173172,7db3ae9df06c21bc1dc107b2d9e0b5ce5f18eb27,1342665
mozilla-beta,4789510,1,26056a2d4b0eca731464962d02dc06614ee4468e,windows10-64-shippable-qr,,False,,,102210fe594ee9b33d82058545b1ed14f4c8206e,responsiveness,tp5o_webext,True,tp5o_webext responsiveness opt e10s fission stylo webrender,,6,,firefox,,1805980803,2023-12-04T20:44:16,1.5403078915579727,79cedc5de788e8665170f4145cd8e2ac74552c2d,1342666
mozilla-beta,4789510,1,26056a2d4b0eca731464962d02dc06614ee4468e,windows10-64-shippable-qr,,False,,,102210fe594ee9b33d82058545b1ed14f4c8206e,responsiveness,tp5o_webext,True,tp5o_webext responsiveness opt e10s fission stylo webrender,,6,,firefox,,1806037945,2023-12-04T22:24:42,1.370472641383352,32290dab6b678439d5a9346514c6c0efd6b866cb,1342759
mozilla-beta,4789510,1,26056a2d4b0eca731464962d02dc06614ee4468e,windows10-64-shippable-qr,,False,,,102210fe594ee9b33d82058545b1ed14f4c8206e,responsiveness,tp5o_webext,True,tp5o_webext responsiveness opt e10s fission stylo webrender,,6,,firefox,,1806353075,2023-12-05T09:19:15,1.4669528658338957,7ffa218447b7cea3e8dc9de65ef8ac8fdb9760ec,1342979
mozilla-beta,4789510,1,26056a2d4b0eca731464962d02dc06614ee4468e,windows10-64-shippable-qr,,False,,,102210fe594ee9b33d82058545b1ed14f4c8206e,responsiveness,tp5o_webext,True,tp5o_webext responsiveness opt e10s fission stylo webrender,,6,,firefox,,1806564279,2023-12-05T17:04:28,1.680049971646035,8efc47a15d03b85e09c24116074a3bfa31478ee7,1343225
mozilla-beta,4789510,1,26056a2d4b0eca731464962d02dc06614ee4468e,windows10-64-shippable-qr,,False,,,102210fe594ee9b33d82058545b1ed14f4c8206e,responsiveness,tp5o_webext,True,tp5o_webext responsiveness opt e10s fission stylo webrender,,6,,firefox,,1806548974,2023-12-05T17:06:05,1.4334468819298305,65a56f16214376ccf707703cb731546d83e80909,1343227
mozilla-beta,4789510,1,26056a2d4b0eca731464962d02dc06614ee4468e,windows10-64-shippable-qr,,False,,,102210fe594ee9b33d82058545b1ed14f4c8206e,responsiveness,tp5o_webext,True,tp5o_webext responsiveness opt e10s fission stylo webrender,,6,,firefox,,1806594154,2023-12-05T17:26:05,1.4307109327910115,8202a7fccea2848a528130713fb7554afe47451c,1343245
mozilla-beta,4789510,1,26056a2d4b0eca731464962d02dc06614ee4468e,windows10-64-shippable-qr,,False,,,102210fe594ee9b33d82058545b1ed14f4c8206e,responsiveness,tp5o_webext,True,tp5o_webext responsiveness opt e10s fission stylo webrender,,6,,firefox,,1806644627,2023-12-05T18:50:17,1.3646733912465443,ca3cddabbfe345abca9f97a2b17965a32ff7ae0c,1343323
mozilla-beta,4789510,1,26056a2d4b0eca731464962d02dc06614ee4468e,windows10-64-shippable-qr,,False,,,102210fe594ee9b33d82058545b1ed14f4c8206e,responsiveness,tp5o_webext,True,tp5o_webext responsiveness opt e10s fission stylo webrender,,6,,firefox,,1806737796,2023-12-05T21:13:36,1.8911229684814583,3388eeb5680071dadb101541f663a6400ef7226c,1343425
mozilla-beta,4789510,1,26056a2d4b0eca731464962d02dc06614ee4468e,windows10-64-shippable-qr,,False,,,102210fe594ee9b33d82058545b1ed14f4c8206e,responsiveness,tp5o_webext,True,tp5o_webext responsiveness opt e10s fission stylo webrender,,6,,firefox,,1806789276,2023-12-05T22:10:23,1.3684045649549526,522d7c9bba9aa012d7f9a119fdb716b9aed38d13,1343461
mozilla-beta,4789510,1,26056a2d4b0eca731464962d02dc06614ee4468e,windows10-64-shippable-qr,,False,,,102210fe594ee9b33d82058545b1ed14f4c8206e,responsiveness,tp5o_webext,True,tp5o_webext responsiveness opt e10s fission stylo webrender,,6,,firefox,,1807019456,2023-12-06T09:17:31,1.3695918116735126,3343ddaf516b0a250a42f9247d2ffc693d2dddd3,1343658
mozilla-beta,4789510,1,26056a2d4b0eca731464962d02dc06614ee4468e,windows10-64-shippable-qr,,False,,,102210fe594ee9b33d82058545b1ed14f4c8206e,responsiveness,tp5o_webext,True,tp5o_webext responsiveness opt e10s fission stylo webrender,,6,,firefox,,1807257753,2023-12-06T18:02:06,1.304997419529134,c50cc8f9601c19cdd6660c7129586943e15efd3f,1343974
mozilla-beta,4789510,1,26056a2d4b0eca731464962d02dc06614ee4468e,windows10-64-shippable-qr,,False,,,102210fe594ee9b33d82058545b1ed14f4c8206e,responsiveness,tp5o_webext,True,tp5o_webext responsiveness opt e10s fission stylo webrender,,6,,firefox,,1807273222,2023-12-06T18:11:10,1.402048461927032,8071f36fd32538652a1d6970fd9c73eda69f9de9,1343984
mozilla-beta,4789510,1,26056a2d4b0eca731464962d02dc06614ee4468e,windows10-64-shippable-qr,,False,,,102210fe594ee9b33d82058545b1ed14f4c8206e,responsiveness,tp5o_webext,True,tp5o_webext responsiveness opt e10s fission stylo webrender,,6,,firefox,,1807433639,2023-12-06T22:31:31,1.4283224763501796,d71b34b14199c3c83d7b9ccde852c75f230fd5fa,1344171
mozilla-beta,4789510,1,26056a2d4b0eca731464962d02dc06614ee4468e,windows10-64-shippable-qr,,False,,,102210fe594ee9b33d82058545b1ed14f4c8206e,responsiveness,tp5o_webext,True,tp5o_webext responsiveness opt e10s fission stylo webrender,,6,,firefox,,1807499875,2023-12-07T01:23:09,1.2767915480462495,4b4492de7d4c01197e22f5398ea02198276131c4,1344248
mozilla-beta,4789510,1,26056a2d4b0eca731464962d02dc06614ee4468e,windows10-64-shippable-qr,,False,,,102210fe594ee9b33d82058545b1ed14f4c8206e,responsiveness,tp5o_webext,True,tp5o_webext responsiveness opt e10s fission stylo webrender,,6,,firefox,,1807826629,2023-12-07T16:19:45,1.287883544081418,493e6a075f075a9715627441c1b47aab7d11dce0,1344598
mozilla-beta,4789510,1,26056a2d4b0eca731464962d02dc06614ee4468e,windows10-64-shippable-qr,,False,,,102210fe594ee9b33d82058545b1ed14f4c8206e,responsiveness,tp5o_webext,True,tp5o_webext responsiveness opt e10s fission stylo webrender,,6,,firefox,,1807955767,2023-12-07T17:53:52,1.4471959339077582,51a56df86ac2d6bb944e334c6343b2345073e15e,1344668
mozilla-beta,4789510,1,26056a2d4b0eca731464962d02dc06614ee4468e,windows10-64-shippable-qr,,False,,,102210fe594ee9b33d82058545b1ed14f4c8206e,responsiveness,tp5o_webext,True,tp5o_webext responsiveness opt e10s fission stylo webrender,,6,,firefox,,1807982333,2023-12-07T19:14:40,1.4689213143255508,889c2b945041a3cdfba4f89a49812c637bb8cbe9,1344721
mozilla-beta,4789510,1,26056a2d4b0eca731464962d02dc06614ee4468e,windows10-64-shippable-qr,,False,,,102210fe594ee9b33d82058545b1ed14f4c8206e,responsiveness,tp5o_webext,True,tp5o_webext responsiveness opt e10s fission stylo webrender,,6,,firefox,,1808275652,2023-12-08T02:53:28,1.366842865055701,fdb26a484d45cd102b37dbfcdbb7ebac7e84e9bb,1344920
mozilla-beta,4789510,1,26056a2d4b0eca731464962d02dc06614ee4468e,windows10-64-shippable-qr,,False,,,102210fe594ee9b33d82058545b1ed14f4c8206e,responsiveness,tp5o_webext,True,tp5o_webext responsiveness opt e10s fission stylo webrender,,6,,firefox,,1808289317,2023-12-08T02:54:11,1.4203766634085444,f86cb690ce3d2d4b7cdda07cc40be83b3ca1cb21,1344921
mozilla-beta,4789510,1,26056a2d4b0eca731464962d02dc06614ee4468e,windows10-64-shippable-qr,,False,,,102210fe594ee9b33d82058545b1ed14f4c8206e,responsiveness,tp5o_webext,True,tp5o_webext responsiveness opt e10s fission stylo webrender,,6,,firefox,,1808315286,2023-12-08T03:24:16,1.424472905136448,53dff28f7a8dacddf8920b47dc2e164827ee389f,1344933
mozilla-beta,4789510,1,26056a2d4b0eca731464962d02dc06614ee4468e,windows10-64-shippable-qr,,False,,,102210fe594ee9b33d82058545b1ed14f4c8206e,responsiveness,tp5o_webext,True,tp5o_webext responsiveness opt e10s fission stylo webrender,,6,,firefox,,1808366657,2023-12-08T05:24:13,1.3821316603925788,8fb6d84ab2c8e1fc73fb741955546550fed32953,1344960
mozilla-beta,4789510,1,26056a2d4b0eca731464962d02dc06614ee4468e,windows10-64-shippable-qr,,False,,,102210fe594ee9b33d82058545b1ed14f4c8206e,responsiveness,tp5o_webext,True,tp5o_webext responsiveness opt e10s fission stylo webrender,,6,,firefox,,1808535510,2023-12-08T09:18:59,1.4410858998007234,33d20ee6d74a51f9a1eca8570f5f2d94af9609a0,1345062
mozilla-beta,4789510,1,26056a2d4b0eca731464962d02dc06614ee4468e,windows10-64-shippable-qr,,False,,,102210fe594ee9b33d82058545b1ed14f4c8206e,responsiveness,tp5o_webext,True,tp5o_webext responsiveness opt e10s fission stylo webrender,,6,,firefox,,1808888988,2023-12-08T21:11:28,1.4640267819603454,44539b631fb141b44e44e05dfabd57eb0e0409e7,1345379
mozilla-beta,4789510,1,26056a2d4b0eca731464962d02dc06614ee4468e,windows10-64-shippable-qr,,False,,,102210fe594ee9b33d82058545b1ed14f4c8206e,responsiveness,tp5o_webext,True,tp5o_webext responsiveness opt e10s fission stylo webrender,,6,,firefox,,1809140121,2023-12-09T09:16:34,1.2950568747524847,0d0badd455a091e8a612c6d928c5bd21d9f1eb37,1345556
mozilla-beta,4789510,1,26056a2d4b0eca731464962d02dc06614ee4468e,windows10-64-shippable-qr,,False,,,102210fe594ee9b33d82058545b1ed14f4c8206e,responsiveness,tp5o_webext,True,tp5o_webext responsiveness opt e10s fission stylo webrender,,6,,firefox,,1809315974,2023-12-09T20:09:11,1.4052231587841677,6a9e312a931647090c6a0b9ec475aff210820f37,1345633
mozilla-beta,4789510,1,26056a2d4b0eca731464962d02dc06614ee4468e,windows10-64-shippable-qr,,False,,,102210fe594ee9b33d82058545b1ed14f4c8206e,responsiveness,tp5o_webext,True,tp5o_webext responsiveness opt e10s fission stylo webrender,,6,,firefox,,1809401312,2023-12-10T09:18:35,1.5359874360449401,3ddf53b5057afd7be06db2f104f6fafe714a95be,1345666
mozilla-beta,4789510,1,26056a2d4b0eca731464962d02dc06614ee4468e,windows10-64-shippable-qr,,False,,,102210fe594ee9b33d82058545b1ed14f4c8206e,responsiveness,tp5o_webext,True,tp5o_webext responsiveness opt e10s fission stylo webrender,,6,,firefox,,1809743438,2023-12-11T13:31:00,1.3932340684896982,ab6d9d1dae754aeedf99fe61fe143ffc088b5801,1346038
mozilla-beta,4789510,1,26056a2d4b0eca731464962d02dc06614ee4468e,windows10-64-shippable-qr,,False,,,102210fe594ee9b33d82058545b1ed14f4c8206e,responsiveness,tp5o_webext,True,tp5o_webext responsiveness opt e10s fission stylo webrender,,6,,firefox,,1813812916,2023-12-18T15:32:01,1.6258030295863373,1f258ddd281c5658ba33f08cd8d4d738a82ba133,1350241
mozilla-beta,4789510,1,26056a2d4b0eca731464962d02dc06614ee4468e,windows10-64-shippable-qr,,False,,,102210fe594ee9b33d82058545b1ed14f4c8206e,responsiveness,tp5o_webext,True,tp5o_webext responsiveness opt e10s fission stylo webrender,,6,,firefox,,1814260600,2023-12-19T09:15:36,1.380131970602454,0152bfc35103b64cec60d0bd86912c290c913997,1350796
mozilla-beta,4789510,1,26056a2d4b0eca731464962d02dc06614ee4468e,windows10-64-shippable-qr,,False,,,102210fe594ee9b33d82058545b1ed14f4c8206e,responsiveness,tp5o_webext,True,tp5o_webext responsiveness opt e10s fission stylo webrender,,6,,firefox,,1814431336,2023-12-19T14:05:23,1.4183725390877193,f3221cd6b4cb549c114cd0f89b5b931761fd2d2f,1350931
mozilla-beta,4789510,1,26056a2d4b0eca731464962d02dc06614ee4468e,windows10-64-shippable-qr,,False,,,102210fe594ee9b33d82058545b1ed14f4c8206e,responsiveness,tp5o_webext,True,tp5o_webext responsiveness opt e10s fission stylo webrender,,6,,firefox,,1814559036,2023-12-19T17:44:05,1.2418927969400073,48d2052b377a35b0f40e52b8efad5e0ea10e0ebe,1351107
mozilla-beta,4789510,1,26056a2d4b0eca731464962d02dc06614ee4468e,windows10-64-shippable-qr,,False,,,102210fe594ee9b33d82058545b1ed14f4c8206e,responsiveness,tp5o_webext,True,tp5o_webext responsiveness opt e10s fission stylo webrender,,6,,firefox,,1814648430,2023-12-19T20:10:25,1.3768009682750655,2804a1edd2e2b165a9d83b4c7956d9257fcd9173,1351235
mozilla-beta,4789510,1,26056a2d4b0eca731464962d02dc06614ee4468e,windows10-64-shippable-qr,,False,,,102210fe594ee9b33d82058545b1ed14f4c8206e,responsiveness,tp5o_webext,True,tp5o_webext responsiveness opt e10s fission stylo webrender,,6,,firefox,,1814750064,2023-12-19T23:29:52,1.397836176618226,38d6648efdab35f24c45e4cace5abbbced639cac,1351361
mozilla-beta,4789510,1,26056a2d4b0eca731464962d02dc06614ee4468e,windows10-64-shippable-qr,,False,,,102210fe594ee9b33d82058545b1ed14f4c8206e,responsiveness,tp5o_webext,True,tp5o_webext responsiveness opt e10s fission stylo webrender,,6,,firefox,,1814824155,2023-12-20T00:43:23,1.4307260442468095,801d50e1262aeaa95f7cefd05aa6f1b1f38a2839,1351404
mozilla-beta,4789510,1,26056a2d4b0eca731464962d02dc06614ee4468e,windows10-64-shippable-qr,,False,,,102210fe594ee9b33d82058545b1ed14f4c8206e,responsiveness,tp5o_webext,True,tp5o_webext responsiveness opt e10s fission stylo webrender,,6,,firefox,,1815053550,2023-12-20T09:15:47,1.3905618202999284,b59f4253f067b27b8146f50070dab45b1ae1143d,1351516
mozilla-beta,4789510,1,26056a2d4b0eca731464962d02dc06614ee4468e,windows10-64-shippable-qr,,False,,,102210fe594ee9b33d82058545b1ed14f4c8206e,responsiveness,tp5o_webext,True,tp5o_webext responsiveness opt e10s fission stylo webrender,,6,,firefox,,1815367218,2023-12-20T18:29:59,1.3604112991791477,d232be861a328e78800a0cf688cb1e0fc4b6d7b1,1351847
mozilla-beta,4789510,1,26056a2d4b0eca731464962d02dc06614ee4468e,windows10-64-shippable-qr,,False,,,102210fe594ee9b33d82058545b1ed14f4c8206e,responsiveness,tp5o_webext,True,tp5o_webext responsiveness opt e10s fission stylo webrender,,6,,firefox,,1815714853,2023-12-21T09:13:55,1.3521365641634995,e22171c631916516af9850a4517e112b47e1ee4d,1352196
mozilla-beta,4789510,1,26056a2d4b0eca731464962d02dc06614ee4468e,windows10-64-shippable-qr,,False,,,102210fe594ee9b33d82058545b1ed14f4c8206e,responsiveness,tp5o_webext,True,tp5o_webext responsiveness opt e10s fission stylo webrender,,6,,firefox,,1816690118,2023-12-23T09:18:03,1.4384779751040404,ebe8cd77bd6265537942ecc0fd5929b39a183349,1353219
mozilla-beta,4789510,1,26056a2d4b0eca731464962d02dc06614ee4468e,windows10-64-shippable-qr,,False,,,102210fe594ee9b33d82058545b1ed14f4c8206e,responsiveness,tp5o_webext,True,tp5o_webext responsiveness opt e10s fission stylo webrender,,6,,firefox,,1816742691,2023-12-23T13:08:04,1.3394994185365485,bf3d8bf27ed2607d79aeb394073c1f5f724d486f,1353232
mozilla-beta,4789510,1,26056a2d4b0eca731464962d02dc06614ee4468e,windows10-64-shippable-qr,,False,,,102210fe594ee9b33d82058545b1ed14f4c8206e,responsiveness,tp5o_webext,True,tp5o_webext responsiveness opt e10s fission stylo webrender,,6,,firefox,,1816879735,2023-12-24T09:20:14,1.4805557424127787,3950331ebe49694e7238b420c47f6a01427be159,1353292
mozilla-beta,4789510,1,26056a2d4b0eca731464962d02dc06614ee4468e,windows10-64-shippable-qr,,False,,,102210fe594ee9b33d82058545b1ed14f4c8206e,responsiveness,tp5o_webext,True,tp5o_webext responsiveness opt e10s fission stylo webrender,,6,,firefox,,1816937924,2023-12-24T14:21:21,1.4774583954989098,32cf5092b68da66884e036eed5ee6916662a069d,1353309
mozilla-beta,4789510,1,26056a2d4b0eca731464962d02dc06614ee4468e,windows10-64-shippable-qr,,False,,,102210fe594ee9b33d82058545b1ed14f4c8206e,responsiveness,tp5o_webext,True,tp5o_webext responsiveness opt e10s fission stylo webrender,,6,,firefox,,1816974507,2023-12-24T18:08:55,1.4772533456276213,b746eaca3b44cb1c2649d868cc61b8d32dbcea85,1353316
mozilla-beta,4789510,1,26056a2d4b0eca731464962d02dc06614ee4468e,windows10-64-shippable-qr,,False,,,102210fe594ee9b33d82058545b1ed14f4c8206e,responsiveness,tp5o_webext,True,tp5o_webext responsiveness opt e10s fission stylo webrender,,6,,firefox,,1817116649,2023-12-25T09:20:40,1.4150000842752732,c2d411c2cd6807243bf48a2e91da535433fe96d9,1353352
mozilla-beta,4789510,1,26056a2d4b0eca731464962d02dc06614ee4468e,windows10-64-shippable-qr,,False,,,102210fe594ee9b33d82058545b1ed14f4c8206e,responsiveness,tp5o_webext,True,tp5o_webext responsiveness opt e10s fission stylo webrender,,6,,firefox,441464784,1817618214,2023-12-27T09:15:52,1.4306026371336338,6a0b69643235fb22627489e7db8f064a3d6eb07a,1353610
mozilla-beta,4789510,1,26056a2d4b0eca731464962d02dc06614ee4468e,windows10-64-shippable-qr,,False,,,102210fe594ee9b33d82058545b1ed14f4c8206e,responsiveness,tp5o_webext,True,tp5o_webext responsiveness opt e10s fission stylo webrender,,6,,firefox,441495835,1817759911,2023-12-27T15:04:24,1.4112169417005336,27ca88feead4203bdc5c0f36f4f34268d3605b28,1353655
mozilla-beta,4789510,1,26056a2d4b0eca731464962d02dc06614ee4468e,windows10-64-shippable-qr,,False,,,102210fe594ee9b33d82058545b1ed14f4c8206e,responsiveness,tp5o_webext,True,tp5o_webext responsiveness opt e10s fission stylo webrender,,6,,firefox,441543836,1817969709,2023-12-28T09:18:43,1.6128346132557245,6e491630343186350032a55e62c782032d28449e,1353829
mozilla-beta,4789510,1,26056a2d4b0eca731464962d02dc06614ee4468e,windows10-64-shippable-qr,,False,,,102210fe594ee9b33d82058545b1ed14f4c8206e,responsiveness,tp5o_webext,True,tp5o_webext responsiveness opt e10s fission stylo webrender,,6,,firefox,441555198,1818047366,2023-12-28T13:58:06,1.426374806032634,abd0b579c448559e2125c126d9b455b2b4766535,1353836
mozilla-beta,4789510,1,26056a2d4b0eca731464962d02dc06614ee4468e,windows10-64-shippable-qr,,False,,,102210fe594ee9b33d82058545b1ed14f4c8206e,responsiveness,tp5o_webext,True,tp5o_webext responsiveness opt e10s fission stylo webrender,,6,,firefox,441569728,1818139680,2023-12-28T16:36:48,1.4283280152741373,771a2196d9a139556d6528d78e62711fb8f9127c,1353845
mozilla-beta,4789510,1,26056a2d4b0eca731464962d02dc06614ee4468e,windows10-64-shippable-qr,,False,,,102210fe594ee9b33d82058545b1ed14f4c8206e,responsiveness,tp5o_webext,True,tp5o_webext responsiveness opt e10s fission stylo webrender,,6,,firefox,441676262,1818551885,2023-12-29T16:44:10,1.450410563699517,4031612cf0c85769716c58ec8fe3ac662dcd7e09,1354191
mozilla-beta,4789510,1,26056a2d4b0eca731464962d02dc06614ee4468e,windows10-64-shippable-qr,,False,,,102210fe594ee9b33d82058545b1ed14f4c8206e,responsiveness,tp5o_webext,True,tp5o_webext responsiveness opt e10s fission stylo webrender,,6,,firefox,441729447,1818759878,2023-12-30T09:19:21,1.4009255543934076,cdce8efb5ae9f353e88bc7867b70cae181f78353,1354361
mozilla-beta,4789510,1,26056a2d4b0eca731464962d02dc06614ee4468e,windows10-64-shippable-qr,,False,,,102210fe594ee9b33d82058545b1ed14f4c8206e,responsiveness,tp5o_webext,True,tp5o_webext responsiveness opt e10s fission stylo webrender,,6,,firefox,441759542,1818886019,2023-12-30T16:43:07,1.420100784463332,1d19517b592a0b31570d9442a4a8a5d8cc667f66,1354390
mozilla-beta,4789510,1,26056a2d4b0eca731464962d02dc06614ee4468e,windows10-64-shippable-qr,,False,,,102210fe594ee9b33d82058545b1ed14f4c8206e,responsiveness,tp5o_webext,True,tp5o_webext responsiveness opt e10s fission stylo webrender,,6,,firefox,441809831,1819117667,2023-12-31T16:07:45,1.397859958404085,3b8c3b52e3cc57b9e1c6d2346428768905531486,1354468
mozilla-beta,4789510,1,26056a2d4b0eca731464962d02dc06614ee4468e,windows10-64-shippable-qr,,False,,,102210fe594ee9b33d82058545b1ed14f4c8206e,responsiveness,tp5o_webext,True,tp5o_webext responsiveness opt e10s fission stylo webrender,,6,,firefox,441852499,1819301659,2024-01-01T09:16:50,1.3177775306372306,d574fe402f781ac71cbaa148e64720d7afce55ad,1354535
mozilla-beta,4789510,1,26056a2d4b0eca731464962d02dc06614ee4468e,windows10-64-shippable-qr,,False,,,102210fe594ee9b33d82058545b1ed14f4c8206e,responsiveness,tp5o_webext,True,tp5o_webext responsiveness opt e10s fission stylo webrender,,6,,firefox,441886617,1819481566,2024-01-02T09:17:57,1.6306754425298042,c734b9367c9411770b4b8a55868a17b22d493b31,1354631
mozilla-beta,4789510,1,26056a2d4b0eca731464962d02dc06614ee4468e,windows10-64-shippable-qr,,False,,,102210fe594ee9b33d82058545b1ed14f4c8206e,responsiveness,tp5o_webext,True,tp5o_webext responsiveness opt e10s fission stylo webrender,,6,,firefox,441943837,1819701349,2024-01-02T17:25:43,1.086045315776826,f39f01284ccdd75760c8b9f303074ec62e1e4b76,1354852
mozilla-beta,4789510,1,26056a2d4b0eca731464962d02dc06614ee4468e,windows10-64-shippable-qr,,False,,,102210fe594ee9b33d82058545b1ed14f4c8206e,responsiveness,tp5o_webext,True,tp5o_webext responsiveness opt e10s fission stylo webrender,,6,,firefox,441948977,1819723604,2024-01-02T18:54:52,1.4275255379285368,cabd1794168d6cacdf7c9608c179db5754c4577a,1354898
mozilla-beta,4789510,1,26056a2d4b0eca731464962d02dc06614ee4468e,windows10-64-shippable-qr,,False,,,102210fe594ee9b33d82058545b1ed14f4c8206e,responsiveness,tp5o_webext,True,tp5o_webext responsiveness opt e10s fission stylo webrender,,6,,firefox,442122261,1820433864,2024-01-04T09:15:57,1.4371041175263035,ce04c347f4fd2a7d1eecd4f07bf6021a57c81bf5,1355534
mozilla-beta,4789510,1,26056a2d4b0eca731464962d02dc06614ee4468e,windows10-64-shippable-qr,,False,,,102210fe594ee9b33d82058545b1ed14f4c8206e,responsiveness,tp5o_webext,True,tp5o_webext responsiveness opt e10s fission stylo webrender,,6,,firefox,442180670,1820647530,2024-01-04T16:53:04,1.4573451162137687,32b176eac997edeb8ab017935a010c47614cfc76,1355759
mozilla-beta,4789510,1,26056a2d4b0eca731464962d02dc06614ee4468e,windows10-64-shippable-qr,,False,,,102210fe594ee9b33d82058545b1ed14f4c8206e,responsiveness,tp5o_webext,True,tp5o_webext responsiveness opt e10s fission stylo webrender,,6,,firefox,442207941,1820765812,2024-01-04T20:03:49,1.4165793808909175,3f5e8c91e6991a90fd63431eef19bf49d39d4f47,1355880
mozilla-beta,4789510,1,26056a2d4b0eca731464962d02dc06614ee4468e,windows10-64-shippable-qr,,False,,,102210fe594ee9b33d82058545b1ed14f4c8206e,responsiveness,tp5o_webext,True,tp5o_webext responsiveness opt e10s fission stylo webrender,,6,,firefox,442273209,1821123335,2024-01-05T09:16:09,1.4486322909602862,4dd67d833673e72bfe942beefb346a5533803217,1356158
mozilla-beta,4789510,1,26056a2d4b0eca731464962d02dc06614ee4468e,windows10-64-shippable-qr,,False,,,102210fe594ee9b33d82058545b1ed14f4c8206e,responsiveness,tp5o_webext,True,tp5o_webext responsiveness opt e10s fission stylo webrender,,6,,firefox,443368364,1826140414,2024-01-05T18:22:11,1.3726832431516058,ac8ebcaf2a5b7ea753e5da4e1a2f97176783acde,1356402
mozilla-beta,4789510,1,26056a2d4b0eca731464962d02dc06614ee4468e,windows10-64-shippable-qr,,False,,,102210fe594ee9b33d82058545b1ed14f4c8206e,responsiveness,tp5o_webext,True,tp5o_webext responsiveness opt e10s fission stylo webrender,,6,,firefox,443368504,1826142813,2024-01-05T18:22:11,1.3529393274513906,ac8ebcaf2a5b7ea753e5da4e1a2f97176783acde,1356402
mozilla-beta,4789510,1,26056a2d4b0eca731464962d02dc06614ee4468e,windows10-64-shippable-qr,,False,,,102210fe594ee9b33d82058545b1ed14f4c8206e,responsiveness,tp5o_webext,True,tp5o_webext responsiveness opt e10s fission stylo webrender,,6,,firefox,443368505,1826142749,2024-01-05T18:22:11,1.3869144374675455,ac8ebcaf2a5b7ea753e5da4e1a2f97176783acde,1356402
mozilla-beta,4789510,1,26056a2d4b0eca731464962d02dc06614ee4468e,windows10-64-shippable-qr,,False,,,102210fe594ee9b33d82058545b1ed14f4c8206e,responsiveness,tp5o_webext,True,tp5o_webext responsiveness opt e10s fission stylo webrender,,6,,firefox,442360086,1821433156,2024-01-05T20:49:22,1.3683376250018096,58135a2e05a61896dedbfdb92828f8447dd08839,1356458
mozilla-beta,4789510,1,26056a2d4b0eca731464962d02dc06614ee4468e,windows10-64-shippable-qr,,False,,,102210fe594ee9b33d82058545b1ed14f4c8206e,responsiveness,tp5o_webext,True,tp5o_webext responsiveness opt e10s fission stylo webrender,,6,,firefox,443347999,1826067569,2024-01-05T20:49:22,1.3489974367239732,58135a2e05a61896dedbfdb92828f8447dd08839,1356458
mozilla-beta,4789510,1,26056a2d4b0eca731464962d02dc06614ee4468e,windows10-64-shippable-qr,,False,,,102210fe594ee9b33d82058545b1ed14f4c8206e,responsiveness,tp5o_webext,True,tp5o_webext responsiveness opt e10s fission stylo webrender,,6,,firefox,443348023,1826066535,2024-01-05T20:49:22,1.0767055046374117,58135a2e05a61896dedbfdb92828f8447dd08839,1356458
mozilla-beta,4789510,1,26056a2d4b0eca731464962d02dc06614ee4468e,windows10-64-shippable-qr,,False,,,102210fe594ee9b33d82058545b1ed14f4c8206e,responsiveness,tp5o_webext,True,tp5o_webext responsiveness opt e10s fission stylo webrender,,6,,firefox,443368374,1826140586,2024-01-05T20:49:22,1.2879232513255015,58135a2e05a61896dedbfdb92828f8447dd08839,1356458
mozilla-beta,4789510,1,26056a2d4b0eca731464962d02dc06614ee4468e,windows10-64-shippable-qr,,False,,,102210fe594ee9b33d82058545b1ed14f4c8206e,responsiveness,tp5o_webext,True,tp5o_webext responsiveness opt e10s fission stylo webrender,,6,,firefox,443368377,1826140649,2024-01-05T20:49:22,1.2053364258559673,58135a2e05a61896dedbfdb92828f8447dd08839,1356458
mozilla-beta,4789510,1,26056a2d4b0eca731464962d02dc06614ee4468e,windows10-64-shippable-qr,,False,,,102210fe594ee9b33d82058545b1ed14f4c8206e,responsiveness,tp5o_webext,True,tp5o_webext responsiveness opt e10s fission stylo webrender,,6,,firefox,442384800,1821538178,2024-01-06T01:09:09,1.4145610625932052,485470488b1abea00facf0175c325c8d063e4977,1356562
mozilla-beta,4789510,1,26056a2d4b0eca731464962d02dc06614ee4468e,windows10-64-shippable-qr,,False,,,102210fe594ee9b33d82058545b1ed14f4c8206e,responsiveness,tp5o_webext,True,tp5o_webext responsiveness opt e10s fission stylo webrender,,6,,firefox,443347982,1826065204,2024-01-06T01:09:09,1.3369197430379136,485470488b1abea00facf0175c325c8d063e4977,1356562
mozilla-beta,4789510,1,26056a2d4b0eca731464962d02dc06614ee4468e,windows10-64-shippable-qr,,False,,,102210fe594ee9b33d82058545b1ed14f4c8206e,responsiveness,tp5o_webext,True,tp5o_webext responsiveness opt e10s fission stylo webrender,,6,,firefox,443347996,1826065780,2024-01-06T01:09:09,1.2879534629677343,485470488b1abea00facf0175c325c8d063e4977,1356562
mozilla-beta,4789510,1,26056a2d4b0eca731464962d02dc06614ee4468e,windows10-64-shippable-qr,,False,,,102210fe594ee9b33d82058545b1ed14f4c8206e,responsiveness,tp5o_webext,True,tp5o_webext responsiveness opt e10s fission stylo webrender,,6,,firefox,443368378,1826140894,2024-01-06T01:09:09,1.3601002534043671,485470488b1abea00facf0175c325c8d063e4977,1356562
mozilla-beta,4789510,1,26056a2d4b0eca731464962d02dc06614ee4468e,windows10-64-shippable-qr,,False,,,102210fe594ee9b33d82058545b1ed14f4c8206e,responsiveness,tp5o_webext,True,tp5o_webext responsiveness opt e10s fission stylo webrender,,6,,firefox,443368379,1826141090,2024-01-06T01:09:09,1.1585852798710743,485470488b1abea00facf0175c325c8d063e4977,1356562
mozilla-beta,4789510,1,26056a2d4b0eca731464962d02dc06614ee4468e,windows10-64-shippable-qr,,False,,,102210fe594ee9b33d82058545b1ed14f4c8206e,responsiveness,tp5o_webext,True,tp5o_webext responsiveness opt e10s fission stylo webrender,,6,,firefox,442400508,1821632413,2024-01-06T09:15:28,1.1866939292718734,9c528f6a2d3f298f85c0fbfb5dbf90c07c731bde,1356605
mozilla-beta,4789510,1,26056a2d4b0eca731464962d02dc06614ee4468e,windows10-64-shippable-qr,,False,,,102210fe594ee9b33d82058545b1ed14f4c8206e,responsiveness,tp5o_webext,True,tp5o_webext responsiveness opt e10s fission stylo webrender,,6,,firefox,443347972,1826065059,2024-01-06T09:15:28,1.5096211505846968,9c528f6a2d3f298f85c0fbfb5dbf90c07c731bde,1356605
mozilla-beta,4789510,1,26056a2d4b0eca731464962d02dc06614ee4468e,windows10-64-shippable-qr,,False,,,102210fe594ee9b33d82058545b1ed14f4c8206e,responsiveness,tp5o_webext,True,tp5o_webext responsiveness opt e10s fission stylo webrender,,6,,firefox,443347987,1826065879,2024-01-06T09:15:28,1.3721946082666456,9c528f6a2d3f298f85c0fbfb5dbf90c07c731bde,1356605
mozilla-beta,4789510,1,26056a2d4b0eca731464962d02dc06614ee4468e,windows10-64-shippable-qr,,False,,,102210fe594ee9b33d82058545b1ed14f4c8206e,responsiveness,tp5o_webext,True,tp5o_webext responsiveness opt e10s fission stylo webrender,,6,,firefox,442422460,1821718056,2024-01-06T15:19:54,1.310990293564004,2e9b153efbb6f856c8ed87b95cf1ac9dd20a45b7,1356645
mozilla-beta,4789510,1,26056a2d4b0eca731464962d02dc06614ee4468e,windows10-64-shippable-qr,,False,,,102210fe594ee9b33d82058545b1ed14f4c8206e,responsiveness,tp5o_webext,True,tp5o_webext responsiveness opt e10s fission stylo webrender,,6,,firefox,443347971,1826064827,2024-01-06T15:19:54,0.9063044613858332,2e9b153efbb6f856c8ed87b95cf1ac9dd20a45b7,1356645
mozilla-beta,4789510,1,26056a2d4b0eca731464962d02dc06614ee4468e,windows10-64-shippable-qr,,False,,,102210fe594ee9b33d82058545b1ed14f4c8206e,responsiveness,tp5o_webext,True,tp5o_webext responsiveness opt e10s fission stylo webrender,,6,,firefox,443348021,1826067696,2024-01-06T15:19:54,1.4263187841620442,2e9b153efbb6f856c8ed87b95cf1ac9dd20a45b7,1356645
mozilla-beta,4789510,1,26056a2d4b0eca731464962d02dc06614ee4468e,windows10-64-shippable-qr,,False,,,102210fe594ee9b33d82058545b1ed14f4c8206e,responsiveness,tp5o_webext,True,tp5o_webext responsiveness opt e10s fission stylo webrender,,6,,firefox,442460066,1821876098,2024-01-07T09:17:56,1.3811276740398448,5e75cc52b6ad48285de6f9fed2b0fb5794abfbd2,1356692
mozilla-beta,4789510,1,26056a2d4b0eca731464962d02dc06614ee4468e,windows10-64-shippable-qr,,False,,,102210fe594ee9b33d82058545b1ed14f4c8206e,responsiveness,tp5o_webext,True,tp5o_webext responsiveness opt e10s fission stylo webrender,,6,,firefox,442508471,1822151420,2024-01-08T09:17:55,1.410264166805271,ed03304f78a28b0a0ecf2c2c791a58bb2c37e2e1,1356809
mozilla-beta,4789510,1,26056a2d4b0eca731464962d02dc06614ee4468e,windows10-64-shippable-qr,,False,,,102210fe594ee9b33d82058545b1ed14f4c8206e,responsiveness,tp5o_webext,True,tp5o_webext responsiveness opt e10s fission stylo webrender,,6,,firefox,442613457,1822536897,2024-01-08T22:54:52,1.3933935284934729,cb26dd9df7797b99f7ec437a612c4ff4cd0ce0cb,1357275
mozilla-beta,4789510,1,26056a2d4b0eca731464962d02dc06614ee4468e,windows10-64-shippable-qr,,False,,,102210fe594ee9b33d82058545b1ed14f4c8206e,responsiveness,tp5o_webext,True,tp5o_webext responsiveness opt e10s fission stylo webrender,,6,,firefox,442621465,1822563181,2024-01-08T23:52:49,1.3580783465117174,c0d623436ac17c8638fcbb38b63ceb7fd275a48e,1357287
mozilla-beta,4789510,1,26056a2d4b0eca731464962d02dc06614ee4468e,windows10-64-shippable-qr,,False,,,102210fe594ee9b33d82058545b1ed14f4c8206e,responsiveness,tp5o_webext,True,tp5o_webext responsiveness opt e10s fission stylo webrender,,6,,firefox,442658976,1822823114,2024-01-09T09:17:15,1.291344909045537,c9cd85e698c4e4cb8bbefc33ea5a425cbad37065,1357420
mozilla-beta,4789510,1,26056a2d4b0eca731464962d02dc06614ee4468e,windows10-64-shippable-qr,,False,,,102210fe594ee9b33d82058545b1ed14f4c8206e,responsiveness,tp5o_webext,True,tp5o_webext responsiveness opt e10s fission stylo webrender,,6,,firefox,442715870,1823031373,2024-01-09T13:49:14,1.350778169180399,a767de77c36f2217078b0bfe677f2fd5156d2981,1357515
mozilla-beta,4789510,1,26056a2d4b0eca731464962d02dc06614ee4468e,windows10-64-shippable-qr,,False,,,102210fe594ee9b33d82058545b1ed14f4c8206e,responsiveness,tp5o_webext,True,tp5o_webext responsiveness opt e10s fission stylo webrender,,6,,firefox,442729850,1823121692,2024-01-09T17:28:56,1.4816604622609266,1c73ddceaf7f1ded154a275d7652f31cf7dbdcee,1357647
mozilla-beta,4789510,1,26056a2d4b0eca731464962d02dc06614ee4468e,windows10-64-shippable-qr,,False,,,102210fe594ee9b33d82058545b1ed14f4c8206e,responsiveness,tp5o_webext,True,tp5o_webext responsiveness opt e10s fission stylo webrender,,6,,firefox,442756047,1823249608,2024-01-09T21:35:52,1.3287617394724323,3415efad3e4089c6866cd14dd6e6020c0e00d28d,1357808
mozilla-beta,4789510,1,26056a2d4b0eca731464962d02dc06614ee4468e,windows10-64-shippable-qr,,False,,,102210fe594ee9b33d82058545b1ed14f4c8206e,responsiveness,tp5o_webext,True,tp5o_webext responsiveness opt e10s fission stylo webrender,,6,,firefox,442808689,1823558034,2024-01-10T09:14:43,1.413632205763259,b8b36a4962ceb8a64e2b1379cfebb98d97f30db1,1358061
mozilla-beta,4789510,1,26056a2d4b0eca731464962d02dc06614ee4468e,windows10-64-shippable-qr,,False,,,102210fe594ee9b33d82058545b1ed14f4c8206e,responsiveness,tp5o_webext,True,tp5o_webext responsiveness opt e10s fission stylo webrender,,6,,firefox,442871515,1823786294,2024-01-10T17:59:27,1.2875177362462253,1c947b443a61a5c9c43752744026ea5a72952407,1358338
mozilla-beta,4789510,1,26056a2d4b0eca731464962d02dc06614ee4468e,windows10-64-shippable-qr,,False,,,102210fe594ee9b33d82058545b1ed14f4c8206e,responsiveness,tp5o_webext,True,tp5o_webext responsiveness opt e10s fission stylo webrender,,6,,firefox,442885964,1823861340,2024-01-10T20:48:24,1.377113270061389,058f5ecca74f78917ffc085b9d15fde3c2d1b19e,1358423
mozilla-beta,4789510,1,26056a2d4b0eca731464962d02dc06614ee4468e,windows10-64-shippable-qr,,False,,,102210fe594ee9b33d82058545b1ed14f4c8206e,responsiveness,tp5o_webext,True,tp5o_webext responsiveness opt e10s fission stylo webrender,,6,,firefox,442938586,1824104457,2024-01-11T09:17:43,1.3757536714660688,992288afe8d0ffa9e60b761be9093c8e6eb3fbb7,1358656
mozilla-beta,4789510,1,26056a2d4b0eca731464962d02dc06614ee4468e,windows10-64-shippable-qr,,False,,,102210fe594ee9b33d82058545b1ed14f4c8206e,responsiveness,tp5o_webext,True,tp5o_webext responsiveness opt e10s fission stylo webrender,,6,,firefox,442971217,1824193828,2024-01-11T13:18:39,1.4577796670248218,9a06019252c118922797ed16d4e13e1ad117443f,1358732
mozilla-beta,4789510,1,26056a2d4b0eca731464962d02dc06614ee4468e,windows10-64-shippable-qr,,False,,,102210fe594ee9b33d82058545b1ed14f4c8206e,responsiveness,tp5o_webext,True,tp5o_webext responsiveness opt e10s fission stylo webrender,,6,,firefox,442979986,1824257420,2024-01-11T14:26:20,1.2804039572398747,16c6d6fd0b7b91c42098ca497227afc85200e274,1358780
mozilla-beta,4789510,1,26056a2d4b0eca731464962d02dc06614ee4468e,windows10-64-shippable-qr,,False,,,102210fe594ee9b33d82058545b1ed14f4c8206e,responsiveness,tp5o_webext,True,tp5o_webext responsiveness opt e10s fission stylo webrender,,6,,firefox,442994392,1824302236,2024-01-11T16:43:59,1.3308291226033717,d260003b40f752bb45d999ed00928e630c7c66a7,1358856
mozilla-beta,4789510,1,26056a2d4b0eca731464962d02dc06614ee4468e,windows10-64-shippable-qr,,False,,,102210fe594ee9b33d82058545b1ed14f4c8206e,responsiveness,tp5o_webext,True,tp5o_webext responsiveness opt e10s fission stylo webrender,,6,,firefox,443015001,1824374433,2024-01-11T19:01:33,1.490510315320251,9715d8623d12cc7ebaf509c0ad27fcf5199aff43,1358950
mozilla-beta,4789510,1,26056a2d4b0eca731464962d02dc06614ee4468e,windows10-64-shippable-qr,,False,,,102210fe594ee9b33d82058545b1ed14f4c8206e,responsiveness,tp5o_webext,True,tp5o_webext responsiveness opt e10s fission stylo webrender,,6,,firefox,443034367,1824455288,2024-01-11T21:09:26,1.4658653573931515,f1680a61c0147d32a705da518f11c7c5ba058c0b,1359049
mozilla-beta,4789510,1,26056a2d4b0eca731464962d02dc06614ee4468e,windows10-64-shippable-qr,,False,,,102210fe594ee9b33d82058545b1ed14f4c8206e,responsiveness,tp5o_webext,True,tp5o_webext responsiveness opt e10s fission stylo webrender,,6,,firefox,443210640,1825456315,2024-01-13T09:16:07,1.3738760245058594,959d0f8f4396d1d80484b553645b1803f3dd9be7,1359847
mozilla-beta,4789510,1,26056a2d4b0eca731464962d02dc06614ee4468e,windows10-64-shippable-qr,,False,,,102210fe594ee9b33d82058545b1ed14f4c8206e,responsiveness,tp5o_webext,True,tp5o_webext responsiveness opt e10s fission stylo webrender,,6,,firefox,443231406,1825541045,2024-01-13T16:02:48,1.3294726240522947,44093ca559de6f3beaeb00abec708d5c4ab40e4d,1359890
mozilla-beta,4789510,1,26056a2d4b0eca731464962d02dc06614ee4468e,windows10-64-shippable-qr,,False,,,102210fe594ee9b33d82058545b1ed14f4c8206e,responsiveness,tp5o_webext,True,tp5o_webext responsiveness opt e10s fission stylo webrender,,6,,firefox,443246495,1825589045,2024-01-13T22:16:30,1.33732836535356,e218ab8c6c4ad6f20e76fe6d04737516fa8cc066,1359907
mozilla-beta,4789510,1,26056a2d4b0eca731464962d02dc06614ee4468e,windows10-64-shippable-qr,,False,,,102210fe594ee9b33d82058545b1ed14f4c8206e,responsiveness,tp5o_webext,True,tp5o_webext responsiveness opt e10s fission stylo webrender,,6,,firefox,443346432,1826057349,2024-01-15T13:24:03,1.34130054904332,c846bf199dfcaa66ba615dda08ed63002a9a4f5b,1360131
mozilla-beta,4789510,1,26056a2d4b0eca731464962d02dc06614ee4468e,windows10-64-shippable-qr,,False,,,102210fe594ee9b33d82058545b1ed14f4c8206e,responsiveness,tp5o_webext,True,tp5o_webext responsiveness opt e10s fission stylo webrender,,6,,firefox,444130707,1829806699,2024-01-22T11:29:22,1.4895436650237128,c6160723962a82923b2eb3ed4ab471dedcd541b2,1363744
mozilla-beta,4789510,1,26056a2d4b0eca731464962d02dc06614ee4468e,windows10-64-shippable-qr,,False,,,102210fe594ee9b33d82058545b1ed14f4c8206e,responsiveness,tp5o_webext,True,tp5o_webext responsiveness opt e10s fission stylo webrender,,6,,firefox,444168582,1829970305,2024-01-22T15:46:15,1.4738096016065458,1849dfd4ad15cc21f294ed2bb5e95364a5ba7140,1363910
mozilla-beta,4789510,1,26056a2d4b0eca731464962d02dc06614ee4468e,windows10-64-shippable-qr,,False,,,102210fe594ee9b33d82058545b1ed14f4c8206e,responsiveness,tp5o_webext,True,tp5o_webext responsiveness opt e10s fission stylo webrender,,6,,firefox,444197205,1830087158,2024-01-22T17:47:55,1.4963246290545593,a1ee3c36f7e989b25781c96cb9a1c05d8019b6cf,1364018
mozilla-beta,4789510,1,26056a2d4b0eca731464962d02dc06614ee4468e,windows10-64-shippable-qr,,False,,,102210fe594ee9b33d82058545b1ed14f4c8206e,responsiveness,tp5o_webext,True,tp5o_webext responsiveness opt e10s fission stylo webrender,,6,,firefox,444281297,1830485359,2024-01-23T09:18:19,1.4947658324703488,907ecf82b6894587f638cc66a3b504fb613f799c,1364457
mozilla-beta,4789510,1,26056a2d4b0eca731464962d02dc06614ee4468e,windows10-64-shippable-qr,,False,,,102210fe594ee9b33d82058545b1ed14f4c8206e,responsiveness,tp5o_webext,True,tp5o_webext responsiveness opt e10s fission stylo webrender,,6,,firefox,444327841,1830718439,2024-01-23T16:21:35,1.6349179256542197,910cf83cb449ad5a555da886fec6b064e22043bd,1364713
mozilla-beta,4789510,1,26056a2d4b0eca731464962d02dc06614ee4468e,windows10-64-shippable-qr,,False,,,102210fe594ee9b33d82058545b1ed14f4c8206e,responsiveness,tp5o_webext,True,tp5o_webext responsiveness opt e10s fission stylo webrender,,6,,firefox,444331063,1830741332,2024-01-23T16:37:03,1.3769358494396555,547151893bb442136e4a9b2f8c4b541895aa3e1e,1364733
mozilla-beta,4789510,1,26056a2d4b0eca731464962d02dc06614ee4468e,windows10-64-shippable-qr,,False,,,102210fe594ee9b33d82058545b1ed14f4c8206e,responsiveness,tp5o_webext,True,tp5o_webext responsiveness opt e10s fission stylo webrender,,6,,firefox,444331918,1830776601,2024-01-23T17:01:05,1.4572387690510058,ade0334006fbd178e5fdd21f3be572da0801a978,1364758
mozilla-beta,4789510,1,26056a2d4b0eca731464962d02dc06614ee4468e,windows10-64-shippable-qr,,False,,,102210fe594ee9b33d82058545b1ed14f4c8206e,responsiveness,tp5o_webext,True,tp5o_webext responsiveness opt e10s fission stylo webrender,,6,,firefox,444411819,1831189653,2024-01-24T07:46:30,1.5101443568725372,e3af39ea2780b6c6e53d63e7d0bc9bca40e59bdd,1365279
mozilla-beta,4789510,1,26056a2d4b0eca731464962d02dc06614ee4468e,windows10-64-shippable-qr,,False,,,102210fe594ee9b33d82058545b1ed14f4c8206e,responsiveness,tp5o_webext,True,tp5o_webext responsiveness opt e10s fission stylo webrender,,6,,firefox,444423377,1831234097,2024-01-24T09:17:45,1.4853537897398963,a341c4cfe66c45bb2908deb2809c6927497b0690,1365303
mozilla-beta,4789510,1,26056a2d4b0eca731464962d02dc06614ee4468e,windows10-64-shippable-qr,,False,,,102210fe594ee9b33d82058545b1ed14f4c8206e,responsiveness,tp5o_webext,True,tp5o_webext responsiveness opt e10s fission stylo webrender,,6,,firefox,444441827,1831315271,2024-01-24T10:10:04,1.4921389725968068,826c3bfca9fb43d3d63c58f52dc0a11475591511,1365331
mozilla-beta,4789510,1,26056a2d4b0eca731464962d02dc06614ee4468e,windows10-64-shippable-qr,,False,,,102210fe594ee9b33d82058545b1ed14f4c8206e,responsiveness,tp5o_webext,True,tp5o_webext responsiveness opt e10s fission stylo webrender,,6,,firefox,444441648,1831301022,2024-01-24T10:20:23,1.460969660607111,190710fe87f9f6d48f6d39ac3aed4ed8b89ce3e6,1365334
mozilla-beta,4789510,1,26056a2d4b0eca731464962d02dc06614ee4468e,windows10-64-shippable-qr,,False,,,102210fe594ee9b33d82058545b1ed14f4c8206e,responsiveness,tp5o_webext,True,tp5o_webext responsiveness opt e10s fission stylo webrender,,6,,firefox,444563427,1831884249,2024-01-25T08:17:18,1.471326207706586,aca480ec983e358d61afa4f987f90abc8d01636a,1366099
mozilla-beta,4789510,1,26056a2d4b0eca731464962d02dc06614ee4468e,windows10-64-shippable-qr,,False,,,102210fe594ee9b33d82058545b1ed14f4c8206e,responsiveness,tp5o_webext,True,tp5o_webext responsiveness opt e10s fission stylo webrender,,6,,firefox,444570629,1831919064,2024-01-25T09:16:24,1.5016023299442545,01412b6a709468aeafa6f8f6dc28b7d0586a3ee9,1366119
mozilla-beta,4789510,1,26056a2d4b0eca731464962d02dc06614ee4468e,windows10-64-shippable-qr,,False,,,102210fe594ee9b33d82058545b1ed14f4c8206e,responsiveness,tp5o_webext,True,tp5o_webext responsiveness opt e10s fission stylo webrender,,6,,firefox,444597071,1832019257,2024-01-25T11:40:50,1.5161682838088983,c0a71cb5e7b2999e78e5db5ed9e7df1b04f536a9,1366197
mozilla-beta,4789510,1,26056a2d4b0eca731464962d02dc06614ee4468e,windows10-64-shippable-qr,,False,,,102210fe594ee9b33d82058545b1ed14f4c8206e,responsiveness,tp5o_webext,True,tp5o_webext responsiveness opt e10s fission stylo webrender,,6,,firefox,444649481,1832317897,2024-01-25T19:55:43,1.451289888934748,390710073437ce59c6f7f62270eb9330d73e6fca,1366536
mozilla-beta,4789510,1,26056a2d4b0eca731464962d02dc06614ee4468e,windows10-64-shippable-qr,,False,,,102210fe594ee9b33d82058545b1ed14f4c8206e,responsiveness,tp5o_webext,True,tp5o_webext responsiveness opt e10s fission stylo webrender,,6,,firefox,444714540,1832612706,2024-01-26T08:22:35,1.4000605398474728,c05637a5653cb097918ec5b22dd71b5279169ddb,1366833
mozilla-beta,4789510,1,26056a2d4b0eca731464962d02dc06614ee4468e,windows10-64-shippable-qr,,False,,,102210fe594ee9b33d82058545b1ed14f4c8206e,responsiveness,tp5o_webext,True,tp5o_webext responsiveness opt e10s fission stylo webrender,,6,,firefox,444714212,1832600791,2024-01-26T08:30:00,1.4680316651481196,e552c30b3f85cc56279a47561e2d60959e2257d2,1366836
mozilla-beta,4789510,1,26056a2d4b0eca731464962d02dc06614ee4468e,windows10-64-shippable-qr,,False,,,102210fe594ee9b33d82058545b1ed14f4c8206e,responsiveness,tp5o_webext,True,tp5o_webext responsiveness opt e10s fission stylo webrender,,6,,firefox,444722039,1832646310,2024-01-26T09:16:53,1.4411766547096858,e22e283373bd323eeb3f3cc73810cf33dff95e72,1366862
mozilla-beta,4789510,1,26056a2d4b0eca731464962d02dc06614ee4468e,windows10-64-shippable-qr,,False,,,102210fe594ee9b33d82058545b1ed14f4c8206e,responsiveness,tp5o_webext,True,tp5o_webext responsiveness opt e10s fission stylo webrender,,6,,firefox,444864655,1833493603,2024-01-27T09:16:18,1.36448215284162,aad4bcfe43cfbfc141d35fa756e9b9cc2683da95,1367460
mozilla-beta,4789510,1,26056a2d4b0eca731464962d02dc06614ee4468e,windows10-64-shippable-qr,,False,,,102210fe594ee9b33d82058545b1ed14f4c8206e,responsiveness,tp5o_webext,True,tp5o_webext responsiveness opt e10s fission stylo webrender,,6,,firefox,444924268,1833825584,2024-01-28T09:14:37,1.4628761071662577,377509ad7f1c94e37f8ee0560d01586a06a25c5a,1367551
mozilla-beta,4789510,1,26056a2d4b0eca731464962d02dc06614ee4468e,windows10-64-shippable-qr,,False,,,102210fe594ee9b33d82058545b1ed14f4c8206e,responsiveness,tp5o_webext,True,tp5o_webext responsiveness opt e10s fission stylo webrender,,6,,firefox,444931191,1833842602,2024-01-28T10:21:01,1.4314862384283782,8ac8d5e3f345fb5c9ffad36d03b770d93f82e5f9,1367559
mozilla-beta,4789510,1,26056a2d4b0eca731464962d02dc06614ee4468e,windows10-64-shippable-qr,,False,,,102210fe594ee9b33d82058545b1ed14f4c8206e,responsiveness,tp5o_webext,True,tp5o_webext responsiveness opt e10s fission stylo webrender,,6,,firefox,444932214,1833863200,2024-01-28T10:22:49,1.4792436532811966,700859e125b5bd40b76e7ae9e6a3746e1d17fcd6,1367561
mozilla-beta,4789510,1,26056a2d4b0eca731464962d02dc06614ee4468e,windows10-64-shippable-qr,,False,,,102210fe594ee9b33d82058545b1ed14f4c8206e,responsiveness,tp5o_webext,True,tp5o_webext responsiveness opt e10s fission stylo webrender,,6,,firefox,444935920,1833878437,2024-01-28T10:36:00,1.4769635937366086,62a7361b983c43fe12d448bb9b391d85725a0b5a,1367563
mozilla-beta,4789510,1,26056a2d4b0eca731464962d02dc06614ee4468e,windows10-64-shippable-qr,,False,,,102210fe594ee9b33d82058545b1ed14f4c8206e,responsiveness,tp5o_webext,True,tp5o_webext responsiveness opt e10s fission stylo webrender,,6,,firefox,444937339,1833889953,2024-01-28T11:02:29,1.4867359775490432,0caf7b959d3adda31471443eb0918c601108fc83,1367564
mozilla-beta,4789510,1,26056a2d4b0eca731464962d02dc06614ee4468e,windows10-64-shippable-qr,,False,,,102210fe594ee9b33d82058545b1ed14f4c8206e,responsiveness,tp5o_webext,True,tp5o_webext responsiveness opt e10s fission stylo webrender,,6,,firefox,444946608,1833972414,2024-01-28T13:59:26,1.3954695764644438,c4f60b3ed4c5502cebfae95869686d6cc67cef42,1367583
mozilla-beta,4789510,1,26056a2d4b0eca731464962d02dc06614ee4468e,windows10-64-shippable-qr,,False,,,102210fe594ee9b33d82058545b1ed14f4c8206e,responsiveness,tp5o_webext,True,tp5o_webext responsiveness opt e10s fission stylo webrender,,6,,firefox,444952092,1834034773,2024-01-28T17:17:02,1.4153152504370305,28597dc87a4c08a1de0828ffc3295ee3e28ca823,1367591
mozilla-beta,4789510,1,26056a2d4b0eca731464962d02dc06614ee4468e,windows10-64-shippable-qr,,False,,,102210fe594ee9b33d82058545b1ed14f4c8206e,responsiveness,tp5o_webext,True,tp5o_webext responsiveness opt e10s fission stylo webrender,,6,,firefox,444978075,1834143822,2024-01-29T06:52:42,1.422742220406766,31e067248e3c5326ee178777c2939075b50f9cda,1367650
mozilla-beta,4789510,1,26056a2d4b0eca731464962d02dc06614ee4468e,windows10-64-shippable-qr,,False,,,102210fe594ee9b33d82058545b1ed14f4c8206e,responsiveness,tp5o_webext,True,tp5o_webext responsiveness opt e10s fission stylo webrender,,6,,firefox,444994096,1834209933,2024-01-29T09:17:30,1.4725141863880673,bb21c53d7097fdb571daf0972443e7b7b528fd6d,1367700
mozilla-beta,4789510,1,26056a2d4b0eca731464962d02dc06614ee4468e,windows10-64-shippable-qr,,False,,,102210fe594ee9b33d82058545b1ed14f4c8206e,responsiveness,tp5o_webext,True,tp5o_webext responsiveness opt e10s fission stylo webrender,,6,,firefox,445147468,1835068843,2024-01-30T09:17:42,1.4699859445548227,7c6883e22d12922c8434135aba2908d12c258ba5,1368488
mozilla-beta,4789510,1,26056a2d4b0eca731464962d02dc06614ee4468e,windows10-64-shippable-qr,,False,,,102210fe594ee9b33d82058545b1ed14f4c8206e,responsiveness,tp5o_webext,True,tp5o_webext responsiveness opt e10s fission stylo webrender,,6,,firefox,445183275,1835213655,2024-01-30T12:12:36,1.5429983925798867,610e2e71c0a96cbd0118a581ad50c27c3eae5214,1368564
mozilla-beta,4789510,1,26056a2d4b0eca731464962d02dc06614ee4468e,windows10-64-shippable-qr,,False,,,102210fe594ee9b33d82058545b1ed14f4c8206e,responsiveness,tp5o_webext,True,tp5o_webext responsiveness opt e10s fission stylo webrender,,6,,firefox,445182665,1835187031,2024-01-30T12:18:29,1.468184427331792,8d79725961720ff9be553f8fde3ba11c379df5be,1368566
mozilla-beta,4789510,1,26056a2d4b0eca731464962d02dc06614ee4468e,windows10-64-shippable-qr,,False,,,102210fe594ee9b33d82058545b1ed14f4c8206e,responsiveness,tp5o_webext,True,tp5o_webext responsiveness opt e10s fission stylo webrender,,6,,firefox,445185197,1835223906,2024-01-30T12:47:52,1.505429609557648,1bcabb7122306682ad71cb1934050ada5ccc09ce,1368585
mozilla-beta,4789510,1,26056a2d4b0eca731464962d02dc06614ee4468e,windows10-64-shippable-qr,,False,,,102210fe594ee9b33d82058545b1ed14f4c8206e,responsiveness,tp5o_webext,True,tp5o_webext responsiveness opt e10s fission stylo webrender,,6,,firefox,445199904,1835271109,2024-01-30T14:42:31,1.5032251555943672,bac162dca4dbd72e204fbbd2a4bf2f05930997c4,1368662
mozilla-beta,4789510,1,26056a2d4b0eca731464962d02dc06614ee4468e,windows10-64-shippable-qr,,False,,,102210fe594ee9b33d82058545b1ed14f4c8206e,responsiveness,tp5o_webext,True,tp5o_webext responsiveness opt e10s fission stylo webrender,,6,,firefox,445211292,1835330135,2024-01-30T14:46:49,1.515715788538338,e8bfa642a6583259b6afb963c4ab24cec7fe364b,1368663
mozilla-beta,4789510,1,26056a2d4b0eca731464962d02dc06614ee4468e,windows10-64-shippable-qr,,False,,,102210fe594ee9b33d82058545b1ed14f4c8206e,responsiveness,tp5o_webext,True,tp5o_webext responsiveness opt e10s fission stylo webrender,,6,,firefox,445204313,1835301329,2024-01-30T14:50:42,1.4639903218565289,badb0c014722faab9e694a5d451a4dc5c524f08b,1368665
mozilla-beta,4789510,1,26056a2d4b0eca731464962d02dc06614ee4468e,windows10-64-shippable-qr,,False,,,102210fe594ee9b33d82058545b1ed14f4c8206e,responsiveness,tp5o_webext,True,tp5o_webext responsiveness opt e10s fission stylo webrender,,6,,firefox,445212637,1835341544,2024-01-30T15:32:30,1.449410812064829,bb9a936c0644ab6ea6d8e6b8f62fa7787b809a5e,1368693
mozilla-beta,4789510,1,26056a2d4b0eca731464962d02dc06614ee4468e,windows10-64-shippable-qr,,False,,,102210fe594ee9b33d82058545b1ed14f4c8206e,responsiveness,tp5o_webext,True,tp5o_webext responsiveness opt e10s fission stylo webrender,,6,,firefox,445226382,1835395371,2024-01-30T17:06:51,1.5107437739909308,0d874603541fa5871c1e3677d49b108d5fcb1bed,1368762
mozilla-beta,4789510,1,26056a2d4b0eca731464962d02dc06614ee4468e,windows10-64-shippable-qr,,False,,,102210fe594ee9b33d82058545b1ed14f4c8206e,responsiveness,tp5o_webext,True,tp5o_webext responsiveness opt e10s fission stylo webrender,,6,,firefox,445226876,1835419038,2024-01-30T17:22:21,1.541459742784346,814c511db3bf80ee923c7e26d7248df7690afbc7,1368764
mozilla-beta,4789510,1,26056a2d4b0eca731464962d02dc06614ee4468e,windows10-64-shippable-qr,,False,,,102210fe594ee9b33d82058545b1ed14f4c8206e,responsiveness,tp5o_webext,True,tp5o_webext responsiveness opt e10s fission stylo webrender,,6,,firefox,445315636,1835903673,2024-01-31T09:16:40,1.3912180379897563,59d56668c362e68738a8561c397961027b0a62d3,1369245
mozilla-beta,4789510,1,26056a2d4b0eca731464962d02dc06614ee4468e,windows10-64-shippable-qr,,False,,,102210fe594ee9b33d82058545b1ed14f4c8206e,responsiveness,tp5o_webext,True,tp5o_webext responsiveness opt e10s fission stylo webrender,,6,,firefox,445410227,1836277988,2024-01-31T19:51:02,1.5270908331979791,e98c8386087ddb2af9037734fa58033a1020756c,1369600
mozilla-beta,4789510,1,26056a2d4b0eca731464962d02dc06614ee4468e,windows10-64-shippable-qr,,False,,,102210fe594ee9b33d82058545b1ed14f4c8206e,responsiveness,tp5o_webext,True,tp5o_webext responsiveness opt e10s fission stylo webrender,,6,,firefox,445420308,1836315872,2024-01-31T19:52:12,1.4975015798986784,f1a16b3d1da6ccd5b17c214f7ff9ada27bf91c17,1369605
mozilla-beta,4789510,1,26056a2d4b0eca731464962d02dc06614ee4468e,windows10-64-shippable-qr,,False,,,102210fe594ee9b33d82058545b1ed14f4c8206e,responsiveness,tp5o_webext,True,tp5o_webext responsiveness opt e10s fission stylo webrender,,6,,firefox,445479309,1836637222,2024-02-01T09:17:30,1.607282520936306,ad203e66852383f625e1c40a24f1486ce811f053,1369924
mozilla-beta,4789510,1,26056a2d4b0eca731464962d02dc06614ee4468e,windows10-64-shippable-qr,,False,,,102210fe594ee9b33d82058545b1ed14f4c8206e,responsiveness,tp5o_webext,True,tp5o_webext responsiveness opt e10s fission stylo webrender,,6,,firefox,445484250,1836651928,2024-02-01T09:55:18,1.4830292611809706,828272c423683913577d66e2e1246f33d50c4b8e,1369960
mozilla-beta,4789510,1,26056a2d4b0eca731464962d02dc06614ee4468e,windows10-64-shippable-qr,,False,,,102210fe594ee9b33d82058545b1ed14f4c8206e,responsiveness,tp5o_webext,True,tp5o_webext responsiveness opt e10s fission stylo webrender,,6,,firefox,445512146,1836733588,2024-02-01T11:40:29,1.418663452082362,49d14b310e92729c505231844bd7849442cf26f9,1370025
mozilla-beta,4789510,1,26056a2d4b0eca731464962d02dc06614ee4468e,windows10-64-shippable-qr,,False,,,102210fe594ee9b33d82058545b1ed14f4c8206e,responsiveness,tp5o_webext,True,tp5o_webext responsiveness opt e10s fission stylo webrender,,6,,firefox,445548141,1836908423,2024-02-01T14:02:56,1.471005781591302,7fdcb4812fde5b6100168d0f55a31f1b77644044,1370098
mozilla-beta,4789510,1,26056a2d4b0eca731464962d02dc06614ee4468e,windows10-64-shippable-qr,,False,,,102210fe594ee9b33d82058545b1ed14f4c8206e,responsiveness,tp5o_webext,True,tp5o_webext responsiveness opt e10s fission stylo webrender,,6,,firefox,445534063,1836801802,2024-02-01T14:13:24,1.5965708977610251,4433675287c19d1febab18a61d020c28e9fbe778,1370108
mozilla-beta,4789510,1,26056a2d4b0eca731464962d02dc06614ee4468e,windows10-64-shippable-qr,,False,,,102210fe594ee9b33d82058545b1ed14f4c8206e,responsiveness,tp5o_webext,True,tp5o_webext responsiveness opt e10s fission stylo webrender,,6,,firefox,445536986,1836817090,2024-02-01T14:19:11,1.6562356506171474,c51c59c74488225b3f0a6446e13296789a5fddee,1370117
mozilla-beta,4789510,1,26056a2d4b0eca731464962d02dc06614ee4468e,windows10-64-shippable-qr,,False,,,102210fe594ee9b33d82058545b1ed14f4c8206e,responsiveness,tp5o_webext,True,tp5o_webext responsiveness opt e10s fission stylo webrender,,6,,firefox,445542848,1836881869,2024-02-01T14:35:28,1.4484216514140151,edd7d6c869f5dd8a8f9525139a2cdd3286f0b104,1370134
mozilla-beta,4789510,1,26056a2d4b0eca731464962d02dc06614ee4468e,windows10-64-shippable-qr,,False,,,102210fe594ee9b33d82058545b1ed14f4c8206e,responsiveness,tp5o_webext,True,tp5o_webext responsiveness opt e10s fission stylo webrender,,6,,firefox,445542215,1836854444,2024-02-01T14:45:34,1.4978959995578849,39a24ad65fa1c188491f77f5989116325ece07c0,1370145
mozilla-beta,4789510,1,26056a2d4b0eca731464962d02dc06614ee4468e,windows10-64-shippable-qr,,False,,,102210fe594ee9b33d82058545b1ed14f4c8206e,responsiveness,tp5o_webext,True,tp5o_webext responsiveness opt e10s fission stylo webrender,,6,,firefox,445541790,1836845685,2024-02-01T14:55:52,1.4622097964959901,4981454a7cb64ddb865b16a2e340da23010c0234,1370155
mozilla-beta,4789510,1,26056a2d4b0eca731464962d02dc06614ee4468e,windows10-64-shippable-qr,,False,,,102210fe594ee9b33d82058545b1ed14f4c8206e,responsiveness,tp5o_webext,True,tp5o_webext responsiveness opt e10s fission stylo webrender,,6,,firefox,445559725,1836938495,2024-02-01T15:13:15,1.3281317522879712,4c0f3596adddb0c1c9fe6c27165bf86798d2f1f6,1370168
mozilla-beta,4789510,1,26056a2d4b0eca731464962d02dc06614ee4468e,windows10-64-shippable-qr,,False,,,102210fe594ee9b33d82058545b1ed14f4c8206e,responsiveness,tp5o_webext,True,tp5o_webext responsiveness opt e10s fission stylo webrender,,6,,firefox,445565152,1836960947,2024-02-01T15:45:31,13.027629431055933,c9147db5b900da6c93e1ef516fcee4d9375322ac,1370182
mozilla-beta,4789510,1,26056a2d4b0eca731464962d02dc06614ee4468e,windows10-64-shippable-qr,,False,,,102210fe594ee9b33d82058545b1ed14f4c8206e,responsiveness,tp5o_webext,True,tp5o_webext responsiveness opt e10s fission stylo webrender,,6,,firefox,445567625,1836980888,2024-02-01T16:34:05,1.405636788962236,9fde9b753918580c63434a4056f7a0cfc2bbefda,1370232
mozilla-beta,4789510,1,26056a2d4b0eca731464962d02dc06614ee4468e,windows10-64-shippable-qr,,False,,,102210fe594ee9b33d82058545b1ed14f4c8206e,responsiveness,tp5o_webext,True,tp5o_webext responsiveness opt e10s fission stylo webrender,,6,,firefox,445656192,1837397336,2024-02-02T09:03:54,1.3385411733075805,a8f990a1461e92ea29b178d183739ab4279d355b,1370723
mozilla-beta,4789510,1,26056a2d4b0eca731464962d02dc06614ee4468e,windows10-64-shippable-qr,,False,,,102210fe594ee9b33d82058545b1ed14f4c8206e,responsiveness,tp5o_webext,True,tp5o_webext responsiveness opt e10s fission stylo webrender,,6,,firefox,445658225,1837409620,2024-02-02T09:16:30,1.3895754936950127,ad9f945b0588b8e71d2bc8a24a4bae78ac518fe7,1370728
mozilla-beta,4789510,1,26056a2d4b0eca731464962d02dc06614ee4468e,windows10-64-shippable-qr,,False,,,102210fe594ee9b33d82058545b1ed14f4c8206e,responsiveness,tp5o_webext,True,tp5o_webext responsiveness opt e10s fission stylo webrender,,6,,firefox,445741905,1837768394,2024-02-02T18:17:20,1.4808093080874518,2a92c9f6ad73c6919eca1fda86f98e644f90bced,1371042
mozilla-beta,4789510,1,26056a2d4b0eca731464962d02dc06614ee4468e,windows10-64-shippable-qr,,False,,,102210fe594ee9b33d82058545b1ed14f4c8206e,responsiveness,tp5o_webext,True,tp5o_webext responsiveness opt e10s fission stylo webrender,,6,,firefox,445817350,1838082208,2024-02-03T09:17:37,1.3409543503297043,7514647daa8f9fce23b12cb76cda187c12c65ec9,1371371
mozilla-beta,4789510,1,26056a2d4b0eca731464962d02dc06614ee4468e,windows10-64-shippable-qr,,False,,,102210fe594ee9b33d82058545b1ed14f4c8206e,responsiveness,tp5o_webext,True,tp5o_webext responsiveness opt e10s fission stylo webrender,,6,,firefox,445855479,1838283310,2024-02-04T07:01:15,1.285396975299812,b90706774a91a89aad7410bc904246d5f0cc89d6,1371494
mozilla-beta,4789510,1,26056a2d4b0eca731464962d02dc06614ee4468e,windows10-64-shippable-qr,,False,,,102210fe594ee9b33d82058545b1ed14f4c8206e,responsiveness,tp5o_webext,True,tp5o_webext responsiveness opt e10s fission stylo webrender,,6,,firefox,445856355,1838293722,2024-02-04T07:10:52,1.2984074099455636,97a9e1afca4b4f861b1f512ecb74d9beae03701f,1371498
mozilla-beta,4789510,1,26056a2d4b0eca731464962d02dc06614ee4468e,windows10-64-shippable-qr,,False,,,102210fe594ee9b33d82058545b1ed14f4c8206e,responsiveness,tp5o_webext,True,tp5o_webext responsiveness opt e10s fission stylo webrender,,6,,firefox,445863718,1838325643,2024-02-04T09:20:23,1.356319407678132,2e2c077318b2178732ec140527e75b30638a12c7,1371504
mozilla-beta,4789510,1,26056a2d4b0eca731464962d02dc06614ee4468e,windows10-64-shippable-qr,,False,,,102210fe594ee9b33d82058545b1ed14f4c8206e,responsiveness,tp5o_webext,True,tp5o_webext responsiveness opt e10s fission stylo webrender,,6,,firefox,445929439,1838750206,2024-02-05T08:56:25,1.4040029210201308,b65739114a8d799c15f643b020b341e2822d28c3,1371648
mozilla-beta,4789510,1,26056a2d4b0eca731464962d02dc06614ee4468e,windows10-64-shippable-qr,,False,,,102210fe594ee9b33d82058545b1ed14f4c8206e,responsiveness,tp5o_webext,True,tp5o_webext responsiveness opt e10s fission stylo webrender,,6,,firefox,445931831,1838761756,2024-02-05T09:17:25,1.352226596382788,5b697b0438ae5c3ccf005657eae8e3c59d97a05e,1371659
mozilla-beta,4789510,1,26056a2d4b0eca731464962d02dc06614ee4468e,windows10-64-shippable-qr,,False,,,102210fe594ee9b33d82058545b1ed14f4c8206e,responsiveness,tp5o_webext,True,tp5o_webext responsiveness opt e10s fission stylo webrender,,6,,firefox,446105050,1839496895,2024-02-06T08:23:02,1.5145531036445052,562b0ae0eca50b88282d822fb79af7f8bbf5f9cc,1372463
mozilla-beta,4789510,1,26056a2d4b0eca731464962d02dc06614ee4468e,windows10-64-shippable-qr,,False,,,102210fe594ee9b33d82058545b1ed14f4c8206e,responsiveness,tp5o_webext,True,tp5o_webext responsiveness opt e10s fission stylo webrender,,6,,firefox,446110284,1839516781,2024-02-06T09:14:55,1.308546116877896,7e1760ca80cfe6f02a0679e3725187bc2b3ad7d1,1372486
mozilla-beta,4789510,1,26056a2d4b0eca731464962d02dc06614ee4468e,windows10-64-shippable-qr,,False,,,102210fe594ee9b33d82058545b1ed14f4c8206e,responsiveness,tp5o_webext,True,tp5o_webext responsiveness opt e10s fission stylo webrender,,6,,firefox,446112370,1839529429,2024-02-06T09:19:06,1.2907673237771744,88875300ae7440640f4c3c699b32b8dfac80f396,1372488
mozilla-beta,4789510,1,26056a2d4b0eca731464962d02dc06614ee4468e,windows10-64-shippable-qr,,False,,,102210fe594ee9b33d82058545b1ed14f4c8206e,responsiveness,tp5o_webext,True,tp5o_webext responsiveness opt e10s fission stylo webrender,,6,,firefox,446120692,1839566648,2024-02-06T10:09:38,1.363498388842439,6839f8c0d14e712d154a0c8c37fc55087e65f252,1372523
mozilla-beta,4789510,1,26056a2d4b0eca731464962d02dc06614ee4468e,windows10-64-shippable-qr,,False,,,102210fe594ee9b33d82058545b1ed14f4c8206e,responsiveness,tp5o_webext,True,tp5o_webext responsiveness opt e10s fission stylo webrender,,6,,firefox,446142575,1839625511,2024-02-06T11:38:33,1.3094759776172848,a778bae14c05a2fbe1ba67854cec9accdad55bb3,1372580
mozilla-beta,4789510,1,26056a2d4b0eca731464962d02dc06614ee4468e,windows10-64-shippable-qr,,False,,,102210fe594ee9b33d82058545b1ed14f4c8206e,responsiveness,tp5o_webext,True,tp5o_webext responsiveness opt e10s fission stylo webrender,,6,,firefox,446165464,1839704250,2024-02-06T12:51:40,1.3892311021022072,65e6d3b19e698ac57830fd1c3d90d4c760ef5eb6,1372610
mozilla-beta,4789510,1,26056a2d4b0eca731464962d02dc06614ee4468e,windows10-64-shippable-qr,,False,,,102210fe594ee9b33d82058545b1ed14f4c8206e,responsiveness,tp5o_webext,True,tp5o_webext responsiveness opt e10s fission stylo webrender,,6,,firefox,446176075,1839745376,2024-02-06T12:53:03,1.4285295756119232,5dbb0a9f6cb8c0e0aad5b159d134d45f637cb4d1,1372613
mozilla-beta,4789510,1,26056a2d4b0eca731464962d02dc06614ee4468e,windows10-64-shippable-qr,,False,,,102210fe594ee9b33d82058545b1ed14f4c8206e,responsiveness,tp5o_webext,True,tp5o_webext responsiveness opt e10s fission stylo webrender,,6,,firefox,446159779,1839688370,2024-02-06T12:54:32,1.3470298801924239,d2c9c9c08cc1f40358a5d2292ddf2a06d364b36f,1372616
mozilla-beta,4789510,1,26056a2d4b0eca731464962d02dc06614ee4468e,windows10-64-shippable-qr,,False,,,102210fe594ee9b33d82058545b1ed14f4c8206e,responsiveness,tp5o_webext,True,tp5o_webext responsiveness opt e10s fission stylo webrender,,6,,firefox,446168196,1839713652,2024-02-06T13:21:23,1.3310994630753943,0f621f6f45f23281875371b9b4ed76fe855e10ce,1372641
mozilla-beta,4789510,1,26056a2d4b0eca731464962d02dc06614ee4468e,windows10-64-shippable-qr,,False,,,102210fe594ee9b33d82058545b1ed14f4c8206e,responsiveness,tp5o_webext,True,tp5o_webext responsiveness opt e10s fission stylo webrender,,6,,firefox,446179784,1839757928,2024-02-06T14:10:46,1.3798121548680204,fdc4382bbff93e443cb4f76c802464c452a1c722,1372680
mozilla-beta,4789510,1,26056a2d4b0eca731464962d02dc06614ee4468e,windows10-64-shippable-qr,,False,,,102210fe594ee9b33d82058545b1ed14f4c8206e,responsiveness,tp5o_webext,True,tp5o_webext responsiveness opt e10s fission stylo webrender,,6,,firefox,446186988,1839795754,2024-02-06T14:28:58,1.2916055470486372,a0dafd6bb65c8b87928ff36551826cf901a6ff09,1372692
mozilla-beta,4789510,1,26056a2d4b0eca731464962d02dc06614ee4468e,windows10-64-shippable-qr,,False,,,102210fe594ee9b33d82058545b1ed14f4c8206e,responsiveness,tp5o_webext,True,tp5o_webext responsiveness opt e10s fission stylo webrender,,6,,firefox,446213164,1839886702,2024-02-06T17:18:58,1.4310623452356055,c1ef3ef6dd3f38275d611b90c8ef24e0b15cc720,1372811
mozilla-beta,4789510,1,26056a2d4b0eca731464962d02dc06614ee4468e,windows10-64-shippable-qr,,False,,,102210fe594ee9b33d82058545b1ed14f4c8206e,responsiveness,tp5o_webext,True,tp5o_webext responsiveness opt e10s fission stylo webrender,,6,,firefox,446212045,1839881745,2024-02-06T17:25:35,1.2349043982297723,a55f4e64f3a796aac14d741f6a0e9f82e3f768e1,1372823
mozilla-beta,4789510,1,26056a2d4b0eca731464962d02dc06614ee4468e,windows10-64-shippable-qr,,False,,,102210fe594ee9b33d82058545b1ed14f4c8206e,responsiveness,tp5o_webext,True,tp5o_webext responsiveness opt e10s fission stylo webrender,,6,,firefox,446221260,1839928154,2024-02-06T18:19:27,1.510046688326239,5cb029591fdb20d1b3fc101ab5f982f71ae93ea9,1372868
mozilla-beta,4789510,1,26056a2d4b0eca731464962d02dc06614ee4468e,windows10-64-shippable-qr,,False,,,102210fe594ee9b33d82058545b1ed14f4c8206e,responsiveness,tp5o_webext,True,tp5o_webext responsiveness opt e10s fission stylo webrender,,6,,firefox,446235182,1839992143,2024-02-06T19:41:20,1.4725049341283527,945276c7a9a1f818cd476baf76784dacf0786d2a,1372956
mozilla-beta,4789510,1,26056a2d4b0eca731464962d02dc06614ee4468e,windows10-64-shippable-qr,,False,,,102210fe594ee9b33d82058545b1ed14f4c8206e,responsiveness,tp5o_webext,True,tp5o_webext responsiveness opt e10s fission stylo webrender,,6,,firefox,446237523,1840013012,2024-02-06T19:56:07,1.3882328669298196,ba9cc6824f222a00819ee368fd177b9a9e1a1ca4,1372970
mozilla-beta,4789510,1,26056a2d4b0eca731464962d02dc06614ee4468e,windows10-64-shippable-qr,,False,,,102210fe594ee9b33d82058545b1ed14f4c8206e,responsiveness,tp5o_webext,True,tp5o_webext responsiveness opt e10s fission stylo webrender,,6,,firefox,446238377,1840021707,2024-02-06T20:12:27,1.48738087245139,10eea88357d1ac2220fb23638cf6c39d0cbba003,1372975
mozilla-beta,4789510,1,26056a2d4b0eca731464962d02dc06614ee4468e,windows10-64-shippable-qr,,False,,,102210fe594ee9b33d82058545b1ed14f4c8206e,responsiveness,tp5o_webext,True,tp5o_webext responsiveness opt e10s fission stylo webrender,,6,,firefox,446239186,1840023791,2024-02-06T20:35:55,1.397533729339779,7c72700cb8d9ccf71ec62fd8331a84674c18571f,1372986
mozilla-beta,4789510,1,26056a2d4b0eca731464962d02dc06614ee4468e,windows10-64-shippable-qr,,False,,,102210fe594ee9b33d82058545b1ed14f4c8206e,responsiveness,tp5o_webext,True,tp5o_webext responsiveness opt e10s fission stylo webrender,,6,,firefox,446295713,1840345526,2024-02-07T07:29:13,1.2747956382008878,77245ebf8e08ef46554065f805d1c0f0310c6c9a,1373224
mozilla-beta,4789510,1,26056a2d4b0eca731464962d02dc06614ee4468e,windows10-64-shippable-qr,,False,,,102210fe594ee9b33d82058545b1ed14f4c8206e,responsiveness,tp5o_webext,True,tp5o_webext responsiveness opt e10s fission stylo webrender,,6,,firefox,446303107,1840373763,2024-02-07T08:18:56,1.3741673720184522,1b4583d75b472438e6fed793d30383ca4755bb5a,1373235
mozilla-beta,4789510,1,26056a2d4b0eca731464962d02dc06614ee4468e,windows10-64-shippable-qr,,False,,,102210fe594ee9b33d82058545b1ed14f4c8206e,responsiveness,tp5o_webext,True,tp5o_webext responsiveness opt e10s fission stylo webrender,,6,,firefox,446309027,1840407239,2024-02-07T09:19:58,1.453414748219151,e771748109c1517e64c4d3074c8945d0ef233fff,1373258
mozilla-beta,4789510,1,26056a2d4b0eca731464962d02dc06614ee4468e,windows10-64-shippable-qr,,False,,,102210fe594ee9b33d82058545b1ed14f4c8206e,responsiveness,tp5o_webext,True,tp5o_webext responsiveness opt e10s fission stylo webrender,,6,,firefox,446408577,1840739998,2024-02-07T17:29:11,1.3982584493325112,8f21e7fc0c1b4e1c6bdc2e14432a397e36e0389e,1373631
mozilla-beta,4789510,1,26056a2d4b0eca731464962d02dc06614ee4468e,windows10-64-shippable-qr,,False,,,102210fe594ee9b33d82058545b1ed14f4c8206e,responsiveness,tp5o_webext,True,tp5o_webext responsiveness opt e10s fission stylo webrender,,6,,firefox,446412292,1840764671,2024-02-07T17:31:28,1.4472061864129684,1b91d8eb60be8c797901bd71b5b44054d9714ed0,1373632
mozilla-beta,4789510,1,26056a2d4b0eca731464962d02dc06614ee4468e,windows10-64-shippable-qr,,False,,,102210fe594ee9b33d82058545b1ed14f4c8206e,responsiveness,tp5o_webext,True,tp5o_webext responsiveness opt e10s fission stylo webrender,,6,,firefox,446410337,1840748735,2024-02-07T18:08:14,1.3697373118752652,9808901a87ff413ae45b151156e099f99b0fcde2,1373669
mozilla-beta,4789510,1,26056a2d4b0eca731464962d02dc06614ee4468e,windows10-64-shippable-qr,,False,,,102210fe594ee9b33d82058545b1ed14f4c8206e,responsiveness,tp5o_webext,True,tp5o_webext responsiveness opt e10s fission stylo webrender,,6,,firefox,446446010,1840915368,2024-02-07T23:59:27,1.4547493279368935,453cb7680c52898d60ca64d2d736fe15600a9198,1373889
mozilla-beta,4789510,1,26056a2d4b0eca731464962d02dc06614ee4468e,windows10-64-shippable-qr,,False,,,102210fe594ee9b33d82058545b1ed14f4c8206e,responsiveness,tp5o_webext,True,tp5o_webext responsiveness opt e10s fission stylo webrender,,6,,firefox,446481112,1841108115,2024-02-08T08:14:23,1.4003468949984053,f51ca575b57686fd78dc5b0e7a89a1bda6aa1e3b,1374017
mozilla-beta,4789510,1,26056a2d4b0eca731464962d02dc06614ee4468e,windows10-64-shippable-qr,,False,,,102210fe594ee9b33d82058545b1ed14f4c8206e,responsiveness,tp5o_webext,True,tp5o_webext responsiveness opt e10s fission stylo webrender,,6,,firefox,446481433,1841109259,2024-02-08T09:19:05,1.3024673068974766,ddb2e51f3f167c097cecfda69ea5d9219bac8406,1374036
mozilla-beta,4789510,1,26056a2d4b0eca731464962d02dc06614ee4468e,windows10-64-shippable-qr,,False,,,102210fe594ee9b33d82058545b1ed14f4c8206e,responsiveness,tp5o_webext,True,tp5o_webext responsiveness opt e10s fission stylo webrender,,6,,firefox,446507396,1841196817,2024-02-08T11:27:56,1.3596128909796088,bba1c4f836c2d5b770bb3db1cfb39b611608dbe3,1374095
mozilla-beta,4789510,1,26056a2d4b0eca731464962d02dc06614ee4468e,windows10-64-shippable-qr,,False,,,102210fe594ee9b33d82058545b1ed14f4c8206e,responsiveness,tp5o_webext,True,tp5o_webext responsiveness opt e10s fission stylo webrender,,6,,firefox,446503078,1841182244,2024-02-08T12:17:00,1.3014461496604615,c0153173d3d82e7c4c4c035f47140d8c3d959074,1374105
mozilla-beta,4789510,1,26056a2d4b0eca731464962d02dc06614ee4468e,windows10-64-shippable-qr,,False,,,102210fe594ee9b33d82058545b1ed14f4c8206e,responsiveness,tp5o_webext,True,tp5o_webext responsiveness opt e10s fission stylo webrender,,6,,firefox,446518132,1841237583,2024-02-08T13:22:33,1.6203574776263971,adf50cae563ee49db51713af8c792eb00fc75e61,1374115
mozilla-beta,4789510,1,26056a2d4b0eca731464962d02dc06614ee4468e,windows10-64-shippable-qr,,False,,,102210fe594ee9b33d82058545b1ed14f4c8206e,responsiveness,tp5o_webext,True,tp5o_webext responsiveness opt e10s fission stylo webrender,,6,,firefox,446543908,1841351782,2024-02-08T17:32:32,1.5732306845757205,ee866bff81793c45aecb3f5d7d8f4bd0ea93555b,1374322
mozilla-beta,4789510,1,26056a2d4b0eca731464962d02dc06614ee4468e,windows10-64-shippable-qr,,False,,,102210fe594ee9b33d82058545b1ed14f4c8206e,responsiveness,tp5o_webext,True,tp5o_webext responsiveness opt e10s fission stylo webrender,,6,,firefox,446558938,1841402398,2024-02-08T19:44:44,1.2250994314776882,98cb75795f830804c6bbbbb8427c6911e6cac7d5,1374447
mozilla-beta,4789510,1,26056a2d4b0eca731464962d02dc06614ee4468e,windows10-64-shippable-qr,,False,,,102210fe594ee9b33d82058545b1ed14f4c8206e,responsiveness,tp5o_webext,True,tp5o_webext responsiveness opt e10s fission stylo webrender,,6,,firefox,446563161,1841421107,2024-02-08T20:39:56,1.3140882483485052,2994ba711bf024346bee4f7f674bf655fee51d94,1374478
mozilla-beta,4789510,1,26056a2d4b0eca731464962d02dc06614ee4468e,windows10-64-shippable-qr,,False,,,102210fe594ee9b33d82058545b1ed14f4c8206e,responsiveness,tp5o_webext,True,tp5o_webext responsiveness opt e10s fission stylo webrender,,6,,firefox,446640271,1841738375,2024-02-09T08:31:04,1.443369755412099,97dd2042617d14565270931303e2df2f84f4a8a9,1374719
mozilla-beta,4789510,1,26056a2d4b0eca731464962d02dc06614ee4468e,windows10-64-shippable-qr,,False,,,102210fe594ee9b33d82058545b1ed14f4c8206e,responsiveness,tp5o_webext,True,tp5o_webext responsiveness opt e10s fission stylo webrender,,6,,firefox,446657082,1841817262,2024-02-09T09:18:12,1.3306699087264449,c5825068e5e0ce55bb2147e8de9e7f19615ca3d6,1374738
mozilla-beta,4789510,1,26056a2d4b0eca731464962d02dc06614ee4468e,windows10-64-shippable-qr,,False,,,102210fe594ee9b33d82058545b1ed14f4c8206e,responsiveness,tp5o_webext,True,tp5o_webext responsiveness opt e10s fission stylo webrender,,6,,firefox,446664370,1841847898,2024-02-09T10:24:25,1.3879763919734773,2f3df14b985728e0bcb6a2510d7773bce4749363,1374773
mozilla-beta,4789510,1,26056a2d4b0eca731464962d02dc06614ee4468e,windows10-64-shippable-qr,,False,,,102210fe594ee9b33d82058545b1ed14f4c8206e,responsiveness,tp5o_webext,True,tp5o_webext responsiveness opt e10s fission stylo webrender,,6,,firefox,446712730,1841971717,2024-02-09T14:42:41,1.4550310351059066,1bb55a790d7a3fdbb2b9723e962f28d26d99e7b6,1374899
mozilla-beta,4789510,1,26056a2d4b0eca731464962d02dc06614ee4468e,windows10-64-shippable-qr,,False,,,102210fe594ee9b33d82058545b1ed14f4c8206e,responsiveness,tp5o_webext,True,tp5o_webext responsiveness opt e10s fission stylo webrender,,6,,firefox,446793862,1842313087,2024-02-10T09:17:14,1.4034233681950778,1ecc0a4e5e12282711e6fa3f8d0226dd515d03f7,1375372
mozilla-beta,4789510,1,26056a2d4b0eca731464962d02dc06614ee4468e,windows10-64-shippable-qr,,False,,,102210fe594ee9b33d82058545b1ed14f4c8206e,responsiveness,tp5o_webext,True,tp5o_webext responsiveness opt e10s fission stylo webrender,,6,,firefox,446853458,1842552252,2024-02-11T09:17:32,1.4193329067595093,bfd9eaa704ca4a8e93ea0464631390ffa5a0c1fc,1375470
mozilla-beta,4789510,1,26056a2d4b0eca731464962d02dc06614ee4468e,windows10-64-shippable-qr,,False,,,102210fe594ee9b33d82058545b1ed14f4c8206e,responsiveness,tp5o_webext,True,tp5o_webext responsiveness opt e10s fission stylo webrender,,6,,firefox,446866317,1842586737,2024-02-11T11:34:20,1.2805282873585881,935359ea03adb54539530b07e6314e7d1c8eea56,1375479
mozilla-beta,4789510,1,26056a2d4b0eca731464962d02dc06614ee4468e,windows10-64-shippable-qr,,False,,,102210fe594ee9b33d82058545b1ed14f4c8206e,responsiveness,tp5o_webext,True,tp5o_webext responsiveness opt e10s fission stylo webrender,,6,,firefox,446904297,1842787551,2024-02-12T09:17:44,1.3412655294799387,229f1ec7ec2bbd7b577592168557c93e0cc13a01,1375646
mozilla-beta,4789510,1,26056a2d4b0eca731464962d02dc06614ee4468e,windows10-64-shippable-qr,,False,,,102210fe594ee9b33d82058545b1ed14f4c8206e,responsiveness,tp5o_webext,True,tp5o_webext responsiveness opt e10s fission stylo webrender,,6,,firefox,447616192,1845284147,2024-02-19T09:25:31,0.8704036026424142,efbd175193a69c684c78a68adc4e1862a82ad7b4,1378775
mozilla-beta,4789510,1,26056a2d4b0eca731464962d02dc06614ee4468e,windows10-64-shippable-qr,,False,,,102210fe594ee9b33d82058545b1ed14f4c8206e,responsiveness,tp5o_webext,True,tp5o_webext responsiveness opt e10s fission stylo webrender,,6,,firefox,447738889,1845745184,2024-02-20T09:20:55,0.8329848834428503,68158ab7c66395248f28b96d9f7f86e11d2e8d60,1379160
mozilla-beta,4789510,1,26056a2d4b0eca731464962d02dc06614ee4468e,windows10-64-shippable-qr,,False,,,102210fe594ee9b33d82058545b1ed14f4c8206e,responsiveness,tp5o_webext,True,tp5o_webext responsiveness opt e10s fission stylo webrender,,6,,firefox,447876330,1846242894,2024-02-21T09:15:58,0.906623594761389,f52b92d785d0346848c447a502d5d50bebd2ea53,1379816
mozilla-beta,4789510,1,26056a2d4b0eca731464962d02dc06614ee4468e,windows10-64-shippable-qr,,False,,,102210fe594ee9b33d82058545b1ed14f4c8206e,responsiveness,tp5o_webext,True,tp5o_webext responsiveness opt e10s fission stylo webrender,,6,,firefox,448049863,1847037760,2024-02-22T09:17:41,1.0073655734957587,92ad84fbd2d3ab2c2d05d5080455a140a126cff5,1380500
mozilla-beta,4789510,1,26056a2d4b0eca731464962d02dc06614ee4468e,windows10-64-shippable-qr,,False,,,102210fe594ee9b33d82058545b1ed14f4c8206e,responsiveness,tp5o_webext,True,tp5o_webext responsiveness opt e10s fission stylo webrender,,6,,firefox,448192077,1847682734,2024-02-23T09:17:06,0.8778171230719962,1ec7aaea5f3d1777524a7330e076d096399ae4f5,1381265
mozilla-beta,4789510,1,26056a2d4b0eca731464962d02dc06614ee4468e,windows10-64-shippable-qr,,False,,,102210fe594ee9b33d82058545b1ed14f4c8206e,responsiveness,tp5o_webext,True,tp5o_webext responsiveness opt e10s fission stylo webrender,,6,,firefox,448336395,1848258669,2024-02-24T09:17:22,0.9145005600221985,957eaa7c057ac32303286a9f151e40393de97f35,1381908
mozilla-beta,4789510,1,26056a2d4b0eca731464962d02dc06614ee4468e,windows10-64-shippable-qr,,False,,,102210fe594ee9b33d82058545b1ed14f4c8206e,responsiveness,tp5o_webext,True,tp5o_webext responsiveness opt e10s fission stylo webrender,,6,,firefox,448390759,1848438947,2024-02-25T09:17:37,0.9830556647732507,934697c1247f8a7f0990d97d055540f17de9b474,1382031
mozilla-beta,4789510,1,26056a2d4b0eca731464962d02dc06614ee4468e,windows10-64-shippable-qr,,False,,,102210fe594ee9b33d82058545b1ed14f4c8206e,responsiveness,tp5o_webext,True,tp5o_webext responsiveness opt e10s fission stylo webrender,,6,,firefox,448444970,1848621084,2024-02-26T09:19:39,0.9678053933954207,ae07067467cc71fb031882787bfc03933b389664,1382178
mozilla-beta,4789510,1,26056a2d4b0eca731464962d02dc06614ee4468e,windows10-64-shippable-qr,,False,,,102210fe594ee9b33d82058545b1ed14f4c8206e,responsiveness,tp5o_webext,True,tp5o_webext responsiveness opt e10s fission stylo webrender,,6,,firefox,448602166,1849267757,2024-02-27T09:15:26,1.000402617990664,0999ed6a09f562ac5680ce7111c3611857a93c49,1382853
mozilla-beta,4789510,1,26056a2d4b0eca731464962d02dc06614ee4468e,windows10-64-shippable-qr,,False,,,102210fe594ee9b33d82058545b1ed14f4c8206e,responsiveness,tp5o_webext,True,tp5o_webext responsiveness opt e10s fission stylo webrender,,6,,firefox,448756963,1849876627,2024-02-28T09:17:14,0.9133139133620851,401ddd57f906d5e7ca764f87db82b58a9532b1b7,1383641
mozilla-beta,4789510,1,26056a2d4b0eca731464962d02dc06614ee4468e,windows10-64-shippable-qr,,False,,,102210fe594ee9b33d82058545b1ed14f4c8206e,responsiveness,tp5o_webext,True,tp5o_webext responsiveness opt e10s fission stylo webrender,,6,,firefox,448942640,1850582424,2024-02-29T09:18:56,0.9149648343098665,47a022d40eee30f09c94e7ed9ab0c07c76658c43,1384386
mozilla-beta,4789510,1,26056a2d4b0eca731464962d02dc06614ee4468e,windows10-64-shippable-qr,,False,,,102210fe594ee9b33d82058545b1ed14f4c8206e,responsiveness,tp5o_webext,True,tp5o_webext responsiveness opt e10s fission stylo webrender,,6,,firefox,449086635,1851238586,2024-03-01T09:18:52,0.9546873245186213,4460e94868c1046b2812fc3a0940966d4a98a7c5,1385270
mozilla-beta,4789510,1,26056a2d4b0eca731464962d02dc06614ee4468e,windows10-64-shippable-qr,,False,,,102210fe594ee9b33d82058545b1ed14f4c8206e,responsiveness,tp5o_webext,True,tp5o_webext responsiveness opt e10s fission stylo webrender,,6,,firefox,449201626,1851678262,2024-03-02T09:17:43,0.7430802888351036,1cb56ccffcba9313d8620178c2972a667fcfb441,1385896
mozilla-beta,4789510,1,26056a2d4b0eca731464962d02dc06614ee4468e,windows10-64-shippable-qr,,False,,,102210fe594ee9b33d82058545b1ed14f4c8206e,responsiveness,tp5o_webext,True,tp5o_webext responsiveness opt e10s fission stylo webrender,,6,,firefox,449306093,1852082279,2024-03-03T09:19:05,0.7896960398211781,bfdc95d345acc33d49664c07e599896f13fcfe83,1386049
mozilla-beta,4789510,1,26056a2d4b0eca731464962d02dc06614ee4468e,windows10-64-shippable-qr,,False,,,102210fe594ee9b33d82058545b1ed14f4c8206e,responsiveness,tp5o_webext,True,tp5o_webext responsiveness opt e10s fission stylo webrender,,6,,firefox,449382348,1852409498,2024-03-04T09:17:53,0.8467348861256784,27d659cebabdf65399b834419b955970b7063987,1386240
mozilla-beta,4789510,1,26056a2d4b0eca731464962d02dc06614ee4468e,windows10-64-shippable-qr,,False,,,102210fe594ee9b33d82058545b1ed14f4c8206e,responsiveness,tp5o_webext,True,tp5o_webext responsiveness opt e10s fission stylo webrender,,6,,firefox,449584789,1853119745,2024-03-05T09:18:16,0.8919106852846973,ca3c73cda9454065f94c8042e1ab22f3b63d37e4,1387064
mozilla-beta,4789510,1,26056a2d4b0eca731464962d02dc06614ee4468e,windows10-64-shippable-qr,,False,,,102210fe594ee9b33d82058545b1ed14f4c8206e,responsiveness,tp5o_webext,True,tp5o_webext responsiveness opt e10s fission stylo webrender,,6,,firefox,449754684,1853748982,2024-03-06T10:47:56,0.8229358980499994,e3e0e69d83f0a2b2c37c8c08e660f9e1258c0cdb,1388026
mozilla-beta,4789510,1,26056a2d4b0eca731464962d02dc06614ee4468e,windows10-64-shippable-qr,,False,,,102210fe594ee9b33d82058545b1ed14f4c8206e,responsiveness,tp5o_webext,True,tp5o_webext responsiveness opt e10s fission stylo webrender,,6,,firefox,449915366,1854401016,2024-03-07T09:17:51,0.8107642213045209,f8d8807e88c8d0cef0e81df53f18d2599dba30c0,1388859
mozilla-beta,4789510,1,26056a2d4b0eca731464962d02dc06614ee4468e,windows10-64-shippable-qr,,False,,,102210fe594ee9b33d82058545b1ed14f4c8206e,responsiveness,tp5o_webext,True,tp5o_webext responsiveness opt e10s fission stylo webrender,,6,,firefox,450053152,1855027744,2024-03-08T09:16:26,0.9209242722515977,70ebd4ce1fd92e981156d6ee8b4c83924bbcf9bc,1389590
mozilla-beta,4789510,1,26056a2d4b0eca731464962d02dc06614ee4468e,windows10-64-shippable-qr,,False,,,102210fe594ee9b33d82058545b1ed14f4c8206e,responsiveness,tp5o_webext,True,tp5o_webext responsiveness opt e10s fission stylo webrender,,6,,firefox,450187534,1855577658,2024-03-09T09:18:50,0.8153237728514975,cf5738c4ba92559e15bf68b7425362ee9cf06c4f,1390177
mozilla-beta,4789510,1,26056a2d4b0eca731464962d02dc06614ee4468e,windows10-64-shippable-qr,,False,,,102210fe594ee9b33d82058545b1ed14f4c8206e,responsiveness,tp5o_webext,True,tp5o_webext responsiveness opt e10s fission stylo webrender,,6,,firefox,450245397,1855774733,2024-03-10T09:17:47,0.7703613028127028,540aff2c4e3fb06d8f2d7237c0f97e2607f66db2,1390270
mozilla-beta,4789510,1,26056a2d4b0eca731464962d02dc06614ee4468e,windows10-64-shippable-qr,,False,,,102210fe594ee9b33d82058545b1ed14f4c8206e,responsiveness,tp5o_webext,True,tp5o_webext responsiveness opt e10s fission stylo webrender,,6,,firefox,450307404,1856040258,2024-03-11T09:18:41,0.9791040756166686,0cf99846ae207384b7b0d487a0c2bdc891c41b98,1390441
mozilla-beta,4789510,1,26056a2d4b0eca731464962d02dc06614ee4468e,windows10-64-shippable-qr,,False,,,102210fe594ee9b33d82058545b1ed14f4c8206e,responsiveness,tp5o_webext,True,tp5o_webext responsiveness opt e10s fission stylo webrender,,6,,firefox,450466237,1856628038,2024-03-11T14:13:13,0.9665731832849194,0e1d5dc220c3bfb832d713de0ad1146da80622aa,1390540
mozilla-beta,4789510,1,26056a2d4b0eca731464962d02dc06614ee4468e,windows10-64-shippable-qr,,False,,,102210fe594ee9b33d82058545b1ed14f4c8206e,responsiveness,tp5o_webext,True,tp5o_webext responsiveness opt e10s fission stylo webrender,,6,,firefox,451102526,1859469034,2024-03-18T08:55:08,0.9299702873269815,566939372e5a2716a9508a1acde76dc7c4a2511d,1394231
mozilla-beta,4789510,1,26056a2d4b0eca731464962d02dc06614ee4468e,windows10-64-shippable-qr,,False,,,102210fe594ee9b33d82058545b1ed14f4c8206e,responsiveness,tp5o_webext,True,tp5o_webext responsiveness opt e10s fission stylo webrender,,6,,firefox,451274450,1860127461,2024-03-19T09:38:35,0.9140784902801394,0a6626ed41f59eb0256321549dcb596810cde22a,1394680
mozilla-beta,4789510,1,26056a2d4b0eca731464962d02dc06614ee4468e,windows10-64-shippable-qr,,False,,,102210fe594ee9b33d82058545b1ed14f4c8206e,responsiveness,tp5o_webext,True,tp5o_webext responsiveness opt e10s fission stylo webrender,,6,,firefox,451456247,1860879376,2024-03-20T09:17:24,0.8843672816208129,ffae974400aead10a82798846de082587d2f8981,1395090
mozilla-beta,4789510,1,26056a2d4b0eca731464962d02dc06614ee4468e,windows10-64-shippable-qr,,False,,,102210fe594ee9b33d82058545b1ed14f4c8206e,responsiveness,tp5o_webext,True,tp5o_webext responsiveness opt e10s fission stylo webrender,,6,,firefox,451876486,1862453587,2024-03-22T09:16:22,0.9302600885383799,ee89d28fdf0e54ffce41da17f83535e68cbb3c2d,1397233
mozilla-beta,4789510,1,26056a2d4b0eca731464962d02dc06614ee4468e,windows10-64-shippable-qr,,False,,,102210fe594ee9b33d82058545b1ed14f4c8206e,responsiveness,tp5o_webext,True,tp5o_webext responsiveness opt e10s fission stylo webrender,,6,,firefox,452005293,1863005077,2024-03-23T09:19:32,0.9419088262625148,77e3a282dfd4685e94c03ecd5b18624226e19b27,1397823
mozilla-beta,4789510,1,26056a2d4b0eca731464962d02dc06614ee4468e,windows10-64-shippable-qr,,False,,,102210fe594ee9b33d82058545b1ed14f4c8206e,responsiveness,tp5o_webext,True,tp5o_webext responsiveness opt e10s fission stylo webrender,,6,,firefox,452071256,1863274376,2024-03-24T09:20:06,0.8430200161862473,3d85a80706c8f8aa0641870ddd524cfea4891444,1397933
mozilla-beta,4789510,1,26056a2d4b0eca731464962d02dc06614ee4468e,windows10-64-shippable-qr,,False,,,102210fe594ee9b33d82058545b1ed14f4c8206e,responsiveness,tp5o_webext,True,tp5o_webext responsiveness opt e10s fission stylo webrender,,6,,firefox,452147462,1863605608,2024-03-25T09:14:08,0.9216987270526487,e44d7c643476811488fd811c8bba2509843641c1,1398053
mozilla-beta,4789510,1,26056a2d4b0eca731464962d02dc06614ee4468e,windows10-64-shippable-qr,,False,,,102210fe594ee9b33d82058545b1ed14f4c8206e,responsiveness,tp5o_webext,True,tp5o_webext responsiveness opt e10s fission stylo webrender,,6,,firefox,452325868,1864340442,2024-03-26T09:15:47,0.9732151809203883,d301ddf00248b484c7738710f6c8b8505b83f314,1398856
mozilla-beta,4789510,1,26056a2d4b0eca731464962d02dc06614ee4468e,windows10-64-shippable-qr,,False,,,102210fe594ee9b33d82058545b1ed14f4c8206e,responsiveness,tp5o_webext,True,tp5o_webext responsiveness opt e10s fission stylo webrender,,6,,firefox,452491621,1865032789,2024-03-27T09:22:50,0.9605230053755779,2961c0291c90821915e323eb718526343c9002f6,1399681
mozilla-beta,4789510,1,26056a2d4b0eca731464962d02dc06614ee4468e,windows10-64-shippable-qr,,False,,,102210fe594ee9b33d82058545b1ed14f4c8206e,responsiveness,tp5o_webext,True,tp5o_webext responsiveness opt e10s fission stylo webrender,,6,,firefox,452661271,1865673620,2024-03-28T09:19:58,1.0263518068883595,d8ff3d0abda00419cb16fc609e8bd1b548a22f20,1400430
mozilla-beta,4789510,1,26056a2d4b0eca731464962d02dc06614ee4468e,windows10-64-shippable-qr,,False,,,102210fe594ee9b33d82058545b1ed14f4c8206e,responsiveness,tp5o_webext,True,tp5o_webext responsiveness opt e10s fission stylo webrender,,6,,firefox,452805471,1866318651,2024-03-29T09:19:18,0.9173118716080378,9d8459103ff084e7123569e4154861e4814b1a5c,1401077
mozilla-beta,4789510,1,26056a2d4b0eca731464962d02dc06614ee4468e,windows10-64-shippable-qr,,False,,,102210fe594ee9b33d82058545b1ed14f4c8206e,responsiveness,tp5o_webext,True,tp5o_webext responsiveness opt e10s fission stylo webrender,,6,,firefox,452920342,1866761697,2024-03-30T09:18:58,1.0026668259015248,fba6666cd8c543502ed302f3b88b3f3a3ad1b0a5,1401447
mozilla-beta,4789510,1,26056a2d4b0eca731464962d02dc06614ee4468e,windows10-64-shippable-qr,,False,,,102210fe594ee9b33d82058545b1ed14f4c8206e,responsiveness,tp5o_webext,True,tp5o_webext responsiveness opt e10s fission stylo webrender,,6,,firefox,452976656,1866968198,2024-03-31T09:17:23,0.7607399909011195,6d71e191ef0c59ab08e1f033675d55f11f8d745f,1401517
mozilla-beta,4789510,1,26056a2d4b0eca731464962d02dc06614ee4468e,windows10-64-shippable-qr,,False,,,102210fe594ee9b33d82058545b1ed14f4c8206e,responsiveness,tp5o_webext,True,tp5o_webext responsiveness opt e10s fission stylo webrender,,6,,firefox,453033924,1867172707,2024-04-01T09:16:00,0.8196669727092951,705c01f25fd07ab305f171f08f4ec807d926b61a,1401632
mozilla-beta,4789510,1,26056a2d4b0eca731464962d02dc06614ee4468e,windows10-64-shippable-qr,,False,,,102210fe594ee9b33d82058545b1ed14f4c8206e,responsiveness,tp5o_webext,True,tp5o_webext responsiveness opt e10s fission stylo webrender,,6,,firefox,453182179,1867722489,2024-04-02T09:18:04,0.8128986882553391,e16ab0e5c2ea33875bc9659e41e54fb7247aac99,1402189
mozilla-beta,4789510,1,26056a2d4b0eca731464962d02dc06614ee4468e,windows10-64-shippable-qr,,False,,,102210fe594ee9b33d82058545b1ed14f4c8206e,responsiveness,tp5o_webext,True,tp5o_webext responsiveness opt e10s fission stylo webrender,,6,,firefox,453324800,1868307504,2024-04-03T09:16:02,0.8229994725371949,112b84c83c8e3dfdce67608701b29c4a5174cfc0,1402980
mozilla-beta,4789510,1,26056a2d4b0eca731464962d02dc06614ee4468e,windows10-64-shippable-qr,,False,,,102210fe594ee9b33d82058545b1ed14f4c8206e,responsiveness,tp5o_webext,True,tp5o_webext responsiveness opt e10s fission stylo webrender,,6,,firefox,453487642,1868893459,2024-04-04T09:18:18,0.8810226381362238,848a5dd2f03333916deef2de0bd480f76ee8e2ec,1403785
mozilla-beta,4789510,1,26056a2d4b0eca731464962d02dc06614ee4468e,windows10-64-shippable-qr,,False,,,102210fe594ee9b33d82058545b1ed14f4c8206e,responsiveness,tp5o_webext,True,tp5o_webext responsiveness opt e10s fission stylo webrender,,6,,firefox,453620209,1869432601,2024-04-05T09:18:28,0.7620624967815983,86f05a3e07907e08cf22b59ea204a889fdd3a50f,1404535
mozilla-beta,4789510,1,26056a2d4b0eca731464962d02dc06614ee4468e,windows10-64-shippable-qr,,False,,,102210fe594ee9b33d82058545b1ed14f4c8206e,responsiveness,tp5o_webext,True,tp5o_webext responsiveness opt e10s fission stylo webrender,,6,,firefox,453756012,1870035279,2024-04-06T09:20:39,0.8116391997332228,da83bf954eeaf0d60535435699e22d1bdab9b0c9,1405215
mozilla-beta,4789510,1,26056a2d4b0eca731464962d02dc06614ee4468e,windows10-64-shippable-qr,,False,,,102210fe594ee9b33d82058545b1ed14f4c8206e,responsiveness,tp5o_webext,True,tp5o_webext responsiveness opt e10s fission stylo webrender,,6,,firefox,453820333,1870290180,2024-04-07T09:17:44,0.8661170988202418,dad2699f2155c61aebd7d696cc82932726b75e3c,1405323
mozilla-beta,4789510,1,26056a2d4b0eca731464962d02dc06614ee4468e,windows10-64-shippable-qr,,False,,,102210fe594ee9b33d82058545b1ed14f4c8206e,responsiveness,tp5o_webext,True,tp5o_webext responsiveness opt e10s fission stylo webrender,,6,,firefox,453884319,1870580542,2024-04-08T09:22:27,0.8469876722715108,8d35730992fa27721373e9a72c891e9dc91b1e24,1405479
mozilla-beta,4789510,1,26056a2d4b0eca731464962d02dc06614ee4468e,windows10-64-shippable-qr,,False,,,102210fe594ee9b33d82058545b1ed14f4c8206e,responsiveness,tp5o_webext,True,tp5o_webext responsiveness opt e10s fission stylo webrender,,6,,firefox,454061764,1871304974,2024-04-08T15:33:15,0.8218245292841347,4e51542f4ccd3c2e5ba3ad9f16cfb13c2b967ba9,1405725
mozilla-beta,4789510,1,26056a2d4b0eca731464962d02dc06614ee4468e,windows10-64-shippable-qr,,False,,,102210fe594ee9b33d82058545b1ed14f4c8206e,responsiveness,tp5o_webext,True,tp5o_webext responsiveness opt e10s fission stylo webrender,,6,,firefox,454537498,1873964043,2024-04-15T10:01:36,0.9405996320038656,661ff1b9ed7bf303e9169dceb043702b7d51ef20,1408728
mozilla-beta,4789510,1,26056a2d4b0eca731464962d02dc06614ee4468e,windows10-64-shippable-qr,,False,,,102210fe594ee9b33d82058545b1ed14f4c8206e,responsiveness,tp5o_webext,True,tp5o_webext responsiveness opt e10s fission stylo webrender,,6,,firefox,454713252,1874712236,2024-04-16T09:39:32,0.970200378826258,636d77d668ab9281936ff63e48accb5b1ff475da,1409497
mozilla-beta,4789510,1,26056a2d4b0eca731464962d02dc06614ee4468e,windows10-64-shippable-qr,,False,,,102210fe594ee9b33d82058545b1ed14f4c8206e,responsiveness,tp5o_webext,True,tp5o_webext responsiveness opt e10s fission stylo webrender,,6,,firefox,454840207,1875368027,2024-04-17T09:19:40,0.9863905172053671,de50e72d13d30fea9aa987c75dbc16e138261f33,1410379
mozilla-beta,4789510,1,26056a2d4b0eca731464962d02dc06614ee4468e,windows10-64-shippable-qr,,False,,,102210fe594ee9b33d82058545b1ed14f4c8206e,responsiveness,tp5o_webext,True,tp5o_webext responsiveness opt e10s fission stylo webrender,,6,,firefox,454988180,1876000584,2024-04-18T09:20:53,0.9502670884871168,a863a33698239851dc5fd23f3c949f866d1f0f34,1411325
mozilla-beta,4789510,1,26056a2d4b0eca731464962d02dc06614ee4468e,windows10-64-shippable-qr,,False,,,102210fe594ee9b33d82058545b1ed14f4c8206e,responsiveness,tp5o_webext,True,tp5o_webext responsiveness opt e10s fission stylo webrender,,6,,firefox,455141046,1876939933,2024-04-19T09:26:09,0.9508771689234794,c0fa9fa5581346bd24fb8df1e56520a1ab09c320,1412122
mozilla-beta,4789510,1,26056a2d4b0eca731464962d02dc06614ee4468e,windows10-64-shippable-qr,,False,,,102210fe594ee9b33d82058545b1ed14f4c8206e,responsiveness,tp5o_webext,True,tp5o_webext responsiveness opt e10s fission stylo webrender,,6,,firefox,455266024,1877567823,2024-04-20T09:20:43,0.9068305713897342,08c5ccbc227d2a7a3b9c2e25c028672c95324e46,1412720
mozilla-beta,4789510,1,26056a2d4b0eca731464962d02dc06614ee4468e,windows10-64-shippable-qr,,False,,,102210fe594ee9b33d82058545b1ed14f4c8206e,responsiveness,tp5o_webext,True,tp5o_webext responsiveness opt e10s fission stylo webrender,,6,,firefox,455306873,1877745815,2024-04-21T09:21:28,0.9194088572313877,5fcb3101ac687798d63cc828dd860f176e504485,1412801
mozilla-beta,4789510,1,26056a2d4b0eca731464962d02dc06614ee4468e,windows10-64-shippable-qr,,False,,,102210fe594ee9b33d82058545b1ed14f4c8206e,responsiveness,tp5o_webext,True,tp5o_webext responsiveness opt e10s fission stylo webrender,,6,,firefox,455361939,1878101901,2024-04-22T09:19:40,1.0025340553238555,9d4b914d92b130add8f178e9b5ca738ff713d826,1412983
mozilla-beta,4789510,1,26056a2d4b0eca731464962d02dc06614ee4468e,windows10-64-shippable-qr,,False,,,102210fe594ee9b33d82058545b1ed14f4c8206e,responsiveness,tp5o_webext,True,tp5o_webext responsiveness opt e10s fission stylo webrender,,6,,firefox,455538201,1878868294,2024-04-23T11:56:00,0.8893302085355886,5cdb2f8e60b06efb312a22abddb6cf9062a03bde,1413922
mozilla-beta,4789510,1,26056a2d4b0eca731464962d02dc06614ee4468e,windows10-64-shippable-qr,,False,,,102210fe594ee9b33d82058545b1ed14f4c8206e,responsiveness,tp5o_webext,True,tp5o_webext responsiveness opt e10s fission stylo webrender,,6,,firefox,455670404,1879692728,2024-04-24T09:17:56,0.9121000259375309,5238516b327c5721e0ca31a9cdc2b52972aab980,1414697
mozilla-beta,4789510,1,26056a2d4b0eca731464962d02dc06614ee4468e,windows10-64-shippable-qr,,False,,,102210fe594ee9b33d82058545b1ed14f4c8206e,responsiveness,tp5o_webext,True,tp5o_webext responsiveness opt e10s fission stylo webrender,,6,,firefox,455818274,532318,2024-04-25T09:21:28,0.918048462640419,bc66aa65643eb49777eb4b9aa39688abf685bb04,1415835
mozilla-beta,4789510,1,26056a2d4b0eca731464962d02dc06614ee4468e,windows10-64-shippable-qr,,False,,,102210fe594ee9b33d82058545b1ed14f4c8206e,responsiveness,tp5o_webext,True,tp5o_webext responsiveness opt e10s fission stylo webrender,,6,,firefox,455982391,1239346,2024-04-26T09:17:20,0.9336577442781815,33536b8cf71a5cdaa174a5f02fc8fde525c0fa91,1416660
mozilla-beta,4789510,1,26056a2d4b0eca731464962d02dc06614ee4468e,windows10-64-shippable-qr,,False,,,102210fe594ee9b33d82058545b1ed14f4c8206e,responsiveness,tp5o_webext,True,tp5o_webext responsiveness opt e10s fission stylo webrender,,6,,firefox,456110538,1811994,2024-04-27T09:17:32,0.806730410311773,6095688cc01d96bc2f3e2f065304c0e411a65cfa,1417247
mozilla-beta,4789510,1,26056a2d4b0eca731464962d02dc06614ee4468e,windows10-64-shippable-qr,,False,,,102210fe594ee9b33d82058545b1ed14f4c8206e,responsiveness,tp5o_webext,True,tp5o_webext responsiveness opt e10s fission stylo webrender,,6,,firefox,456178195,2135940,2024-04-28T09:20:44,0.742980511418372,b7da94d4ea323cf6227112f6b413d76b135a62b4,1417375
mozilla-beta,4789510,1,26056a2d4b0eca731464962d02dc06614ee4468e,windows10-64-shippable-qr,,False,,,102210fe594ee9b33d82058545b1ed14f4c8206e,responsiveness,tp5o_webext,True,tp5o_webext responsiveness opt e10s fission stylo webrender,,6,,firefox,456241187,2497564,2024-04-29T09:17:43,0.9425912870112018,eabc48135fde74a52c97a390c112adfe37d93772,1417533
mozilla-beta,4789510,1,26056a2d4b0eca731464962d02dc06614ee4468e,windows10-64-shippable-qr,,False,,,102210fe594ee9b33d82058545b1ed14f4c8206e,responsiveness,tp5o_webext,True,tp5o_webext responsiveness opt e10s fission stylo webrender,,6,,firefox,456407550,3261252,2024-04-30T09:14:45,0.861584542267863,6d159a881cdd423e3c82ccde5d9bfd0afb27dee8,1418361
mozilla-beta,4789510,1,26056a2d4b0eca731464962d02dc06614ee4468e,windows10-64-shippable-qr,,False,,,102210fe594ee9b33d82058545b1ed14f4c8206e,responsiveness,tp5o_webext,True,tp5o_webext responsiveness opt e10s fission stylo webrender,,6,,firefox,456673834,4649958,2024-05-02T09:18:48,0.8086677328942635,2c1b332c32fbb367785158b4dd9888dcad9e3b43,1419643
mozilla-beta,4789510,1,26056a2d4b0eca731464962d02dc06614ee4468e,windows10-64-shippable-qr,,False,,,102210fe594ee9b33d82058545b1ed14f4c8206e,responsiveness,tp5o_webext,True,tp5o_webext responsiveness opt e10s fission stylo webrender,,6,,firefox,456826209,5434383,2024-05-03T09:17:35,0.8379344751044298,7245a1e9161d303fa04d28e3b29ff4176c10f9fe,1420493
mozilla-beta,4789510,1,26056a2d4b0eca731464962d02dc06614ee4468e,windows10-64-shippable-qr,,False,,,102210fe594ee9b33d82058545b1ed14f4c8206e,responsiveness,tp5o_webext,True,tp5o_webext responsiveness opt e10s fission stylo webrender,,6,,firefox,456962394,6254471,2024-05-04T09:19:04,0.9867472788693153,1f075135dc3c0a87ad33c7686f35064010169efe,1421173
mozilla-beta,4789510,1,26056a2d4b0eca731464962d02dc06614ee4468e,windows10-64-shippable-qr,,False,,,102210fe594ee9b33d82058545b1ed14f4c8206e,responsiveness,tp5o_webext,True,tp5o_webext responsiveness opt e10s fission stylo webrender,,6,,firefox,457019495,6570458,2024-05-05T09:16:13,0.8545065032869048,247ffa71e901a9d3a97fcb408c22633e145033f4,1421425
mozilla-beta,4789510,1,26056a2d4b0eca731464962d02dc06614ee4468e,windows10-64-shippable-qr,,False,,,102210fe594ee9b33d82058545b1ed14f4c8206e,responsiveness,tp5o_webext,True,tp5o_webext responsiveness opt e10s fission stylo webrender,,6,,firefox,457087675,6963682,2024-05-06T09:19:25,0.7860099997931158,1d9f6a8927e833a3af5199d5abc8cfbd59d5d1c3,1421578
mozilla-beta,4789510,1,26056a2d4b0eca731464962d02dc06614ee4468e,windows10-64-shippable-qr,,False,,,102210fe594ee9b33d82058545b1ed14f4c8206e,responsiveness,tp5o_webext,True,tp5o_webext responsiveness opt e10s fission stylo webrender,,6,,firefox,458076234,11795433,2024-05-14T09:19:33,0.9672690590269808,ba4d4587c99d2c0f534da9b858e0db30882c8ec2,1426157
mozilla-beta,4789510,1,26056a2d4b0eca731464962d02dc06614ee4468e,windows10-64-shippable-qr,,False,,,102210fe594ee9b33d82058545b1ed14f4c8206e,responsiveness,tp5o_webext,True,tp5o_webext responsiveness opt e10s fission stylo webrender,,6,,firefox,458272797,12681790,2024-05-15T09:17:46,0.8832893545949986,fd2f7e5e44d3988a5179b8d4a5304bb13d7af87d,1427067
mozilla-beta,4789510,1,26056a2d4b0eca731464962d02dc06614ee4468e,windows10-64-shippable-qr,,False,,,102210fe594ee9b33d82058545b1ed14f4c8206e,responsiveness,tp5o_webext,True,tp5o_webext responsiveness opt e10s fission stylo webrender,,6,,firefox,458459584,13437872,2024-05-16T11:22:37,0.9380780197966435,b1b962c2164ae46b24f59e02cf2d3ad1c7b12dee,1428078
mozilla-beta,4789510,1,26056a2d4b0eca731464962d02dc06614ee4468e,windows10-64-shippable-qr,,False,,,102210fe594ee9b33d82058545b1ed14f4c8206e,responsiveness,tp5o_webext,True,tp5o_webext responsiveness opt e10s fission stylo webrender,,6,,firefox,458607312,14201260,2024-05-17T09:19:15,0.8866729665178288,197cdbb72e163b4b4138d15446a98d3e4d6b88e5,1428871
mozilla-beta,4789510,1,26056a2d4b0eca731464962d02dc06614ee4468e,windows10-64-shippable-qr,,False,,,102210fe594ee9b33d82058545b1ed14f4c8206e,responsiveness,tp5o_webext,True,tp5o_webext responsiveness opt e10s fission stylo webrender,,6,,firefox,458738375,14814927,2024-05-18T09:43:13,0.9588669494735522,fd7a2c44c789b89501150269976f8b7cf6e64f0c,1429475
mozilla-beta,4789510,1,26056a2d4b0eca731464962d02dc06614ee4468e,windows10-64-shippable-qr,,False,,,102210fe594ee9b33d82058545b1ed14f4c8206e,responsiveness,tp5o_webext,True,tp5o_webext responsiveness opt e10s fission stylo webrender,,6,,firefox,458793276,15086696,2024-05-19T09:16:09,0.915069576294522,f6f78b7bc091646b8c4d007b08141c3f0a75430f,1429614
mozilla-beta,4789510,1,26056a2d4b0eca731464962d02dc06614ee4468e,windows10-64-shippable-qr,,False,,,102210fe594ee9b33d82058545b1ed14f4c8206e,responsiveness,tp5o_webext,True,tp5o_webext responsiveness opt e10s fission stylo webrender,,6,,firefox,458854585,15456185,2024-05-20T09:19:01,0.938671331435153,caf02221595269c20d6a916b8db35296db5b9475,1429752
mozilla-beta,4789510,1,26056a2d4b0eca731464962d02dc06614ee4468e,windows10-64-shippable-qr,,False,,,102210fe594ee9b33d82058545b1ed14f4c8206e,responsiveness,tp5o_webext,True,tp5o_webext responsiveness opt e10s fission stylo webrender,,6,,firefox,459004861,16248314,2024-05-21T09:18:49,0.9926766135099641,c4d2e2b722f4365e0e28a3e55a99a1b1fd26dda8,1430360
