repository_name,signature_id,framework_id,signature_hash,machine_platform,should_alert,has_subtests,extra_options,tags,option_collection_hash,test,suite,lower_is_better,name,parent_signature,repository_id,measurement_unit,application,job_id,entry_id,push_timestamp,value,revision,push_id
autoland,3870186,13,f36c3750a6bc0db1e2bc910e5f3a3acace5985a7,windows10-64-shippable-qr,True,False,,|f|i|s|s|i|o|n| |w|a|r|m| |w|e|b|r|e|n|d|e|r|,102210fe594ee9b33d82058545b1ed14f4c8206e,ContentfulSpeedIndex,amazon,True,amazon ContentfulSpeedIndex opt fission warm webrender,,77,ms,firefox,,1700026241,2023-05-24T10:49:25,222.0,1db51625512e546534a6a7352ff4ff3b9c48d713,1245770
autoland,3870186,13,f36c3750a6bc0db1e2bc910e5f3a3acace5985a7,windows10-64-shippable-qr,True,False,,|f|i|s|s|i|o|n| |w|a|r|m| |w|e|b|r|e|n|d|e|r|,102210fe594ee9b33d82058545b1ed14f4c8206e,ContentfulSpeedIndex,amazon,True,amazon ContentfulSpeedIndex opt fission warm webrender,,77,ms,firefox,,1700091267,2023-05-24T13:34:40,247.0,6a96bb1f430f92b83cc31f74db4e4c1f71e155e5,1245871
autoland,3870186,13,f36c3750a6bc0db1e2bc910e5f3a3acace5985a7,windows10-64-shippable-qr,True,False,,|f|i|s|s|i|o|n| |w|a|r|m| |w|e|b|r|e|n|d|e|r|,102210fe594ee9b33d82058545b1ed14f4c8206e,ContentfulSpeedIndex,amazon,True,amazon ContentfulSpeedIndex opt fission warm webrender,,77,ms,firefox,,1700210226,2023-05-24T17:26:23,215.0,b9da43bde2c92655235855f4bb966f7a2537eafa,1246058
autoland,3870186,13,f36c3750a6bc0db1e2bc910e5f3a3acace5985a7,windows10-64-shippable-qr,True,False,,|f|i|s|s|i|o|n| |w|a|r|m| |w|e|b|r|e|n|d|e|r|,102210fe594ee9b33d82058545b1ed14f4c8206e,ContentfulSpeedIndex,amazon,True,amazon ContentfulSpeedIndex opt fission warm webrender,,77,ms,firefox,,1700211470,2023-05-24T17:26:23,230.0,b9da43bde2c92655235855f4bb966f7a2537eafa,1246058
autoland,3870186,13,f36c3750a6bc0db1e2bc910e5f3a3acace5985a7,windows10-64-shippable-qr,True,False,,|f|i|s|s|i|o|n| |w|a|r|m| |w|e|b|r|e|n|d|e|r|,102210fe594ee9b33d82058545b1ed14f4c8206e,ContentfulSpeedIndex,amazon,True,amazon ContentfulSpeedIndex opt fission warm webrender,,77,ms,firefox,,1700210081,2023-05-24T17:26:23,222.0,b9da43bde2c92655235855f4bb966f7a2537eafa,1246058
autoland,3870186,13,f36c3750a6bc0db1e2bc910e5f3a3acace5985a7,windows10-64-shippable-qr,True,False,,|f|i|s|s|i|o|n| |w|a|r|m| |w|e|b|r|e|n|d|e|r|,102210fe594ee9b33d82058545b1ed14f4c8206e,ContentfulSpeedIndex,amazon,True,amazon ContentfulSpeedIndex opt fission warm webrender,,77,ms,firefox,,1700209794,2023-05-24T17:26:23,216.0,b9da43bde2c92655235855f4bb966f7a2537eafa,1246058
autoland,3870186,13,f36c3750a6bc0db1e2bc910e5f3a3acace5985a7,windows10-64-shippable-qr,True,False,,|f|i|s|s|i|o|n| |w|a|r|m| |w|e|b|r|e|n|d|e|r|,102210fe594ee9b33d82058545b1ed14f4c8206e,ContentfulSpeedIndex,amazon,True,amazon ContentfulSpeedIndex opt fission warm webrender,,77,ms,firefox,,1700303933,2023-05-24T21:30:03,247.0,468123d0735b96f7486f1e1a4de373e3dd7520bd,1246204
autoland,3870186,13,f36c3750a6bc0db1e2bc910e5f3a3acace5985a7,windows10-64-shippable-qr,True,False,,|f|i|s|s|i|o|n| |w|a|r|m| |w|e|b|r|e|n|d|e|r|,102210fe594ee9b33d82058545b1ed14f4c8206e,ContentfulSpeedIndex,amazon,True,amazon ContentfulSpeedIndex opt fission warm webrender,,77,ms,firefox,,1700421668,2023-05-25T01:52:13,214.0,c1577427eba79d954813d300bfe6d4f09e0249f0,1246339
autoland,3870186,13,f36c3750a6bc0db1e2bc910e5f3a3acace5985a7,windows10-64-shippable-qr,True,False,,|f|i|s|s|i|o|n| |w|a|r|m| |w|e|b|r|e|n|d|e|r|,102210fe594ee9b33d82058545b1ed14f4c8206e,ContentfulSpeedIndex,amazon,True,amazon ContentfulSpeedIndex opt fission warm webrender,,77,ms,firefox,,1700470303,2023-05-25T06:53:28,216.0,ee3230b1fe26e5521d07465dcab71e75d586e422,1246434
autoland,3870186,13,f36c3750a6bc0db1e2bc910e5f3a3acace5985a7,windows10-64-shippable-qr,True,False,,|f|i|s|s|i|o|n| |w|a|r|m| |w|e|b|r|e|n|d|e|r|,102210fe594ee9b33d82058545b1ed14f4c8206e,ContentfulSpeedIndex,amazon,True,amazon ContentfulSpeedIndex opt fission warm webrender,,77,ms,firefox,,1700534264,2023-05-25T09:03:58,220.0,0cd7e9f3c07773af459b1d5676b4f14a1a4c2844,1246517
autoland,3870186,13,f36c3750a6bc0db1e2bc910e5f3a3acace5985a7,windows10-64-shippable-qr,True,False,,|f|i|s|s|i|o|n| |w|a|r|m| |w|e|b|r|e|n|d|e|r|,102210fe594ee9b33d82058545b1ed14f4c8206e,ContentfulSpeedIndex,amazon,True,amazon ContentfulSpeedIndex opt fission warm webrender,,77,ms,firefox,,1700635980,2023-05-25T13:17:19,232.0,09f3ed0c8776aaa707aab014022efa3a16e01a6e,1246661
autoland,3870186,13,f36c3750a6bc0db1e2bc910e5f3a3acace5985a7,windows10-64-shippable-qr,True,False,,|f|i|s|s|i|o|n| |w|a|r|m| |w|e|b|r|e|n|d|e|r|,102210fe594ee9b33d82058545b1ed14f4c8206e,ContentfulSpeedIndex,amazon,True,amazon ContentfulSpeedIndex opt fission warm webrender,,77,ms,firefox,,1700657389,2023-05-25T13:25:13,224.0,6e07dad252683bcc1ed82d6a973adda9b490af1f,1246670
autoland,3870186,13,f36c3750a6bc0db1e2bc910e5f3a3acace5985a7,windows10-64-shippable-qr,True,False,,|f|i|s|s|i|o|n| |w|a|r|m| |w|e|b|r|e|n|d|e|r|,102210fe594ee9b33d82058545b1ed14f4c8206e,ContentfulSpeedIndex,amazon,True,amazon ContentfulSpeedIndex opt fission warm webrender,,77,ms,firefox,,1700750633,2023-05-25T17:00:24,222.0,4971297a8917c4ce5f9136ebb0c82cde74eb50c4,1246837
autoland,3870186,13,f36c3750a6bc0db1e2bc910e5f3a3acace5985a7,windows10-64-shippable-qr,True,False,,|f|i|s|s|i|o|n| |w|a|r|m| |w|e|b|r|e|n|d|e|r|,102210fe594ee9b33d82058545b1ed14f4c8206e,ContentfulSpeedIndex,amazon,True,amazon ContentfulSpeedIndex opt fission warm webrender,,77,ms,firefox,,1700913272,2023-05-25T20:49:35,214.0,6d91b4ed2bb8fbe97d7f5fcf7cad0e6f2bb6ad2f,1247021
autoland,3870186,13,f36c3750a6bc0db1e2bc910e5f3a3acace5985a7,windows10-64-shippable-qr,True,False,,|f|i|s|s|i|o|n| |w|a|r|m| |w|e|b|r|e|n|d|e|r|,102210fe594ee9b33d82058545b1ed14f4c8206e,ContentfulSpeedIndex,amazon,True,amazon ContentfulSpeedIndex opt fission warm webrender,,77,ms,firefox,,1701064073,2023-05-26T00:58:32,216.0,d49f009b89ad3ae1616d96cb1d2d9234ef3f6cda,1247180
autoland,3870186,13,f36c3750a6bc0db1e2bc910e5f3a3acace5985a7,windows10-64-shippable-qr,True,False,,|f|i|s|s|i|o|n| |w|a|r|m| |w|e|b|r|e|n|d|e|r|,102210fe594ee9b33d82058545b1ed14f4c8206e,ContentfulSpeedIndex,amazon,True,amazon ContentfulSpeedIndex opt fission warm webrender,,77,ms,firefox,,1701140409,2023-05-26T04:58:44,214.0,ffc18acbe9c027a3d6c960322b40a9d0576af311,1247241
autoland,3870186,13,f36c3750a6bc0db1e2bc910e5f3a3acace5985a7,windows10-64-shippable-qr,True,False,,|f|i|s|s|i|o|n| |w|a|r|m| |w|e|b|r|e|n|d|e|r|,102210fe594ee9b33d82058545b1ed14f4c8206e,ContentfulSpeedIndex,amazon,True,amazon ContentfulSpeedIndex opt fission warm webrender,,77,ms,firefox,,1701214464,2023-05-26T08:30:04,214.0,35f77e2aafb53fdda81c118a9ea61aefdacd61b4,1247293
autoland,3870186,13,f36c3750a6bc0db1e2bc910e5f3a3acace5985a7,windows10-64-shippable-qr,True,False,,|f|i|s|s|i|o|n| |w|a|r|m| |w|e|b|r|e|n|d|e|r|,102210fe594ee9b33d82058545b1ed14f4c8206e,ContentfulSpeedIndex,amazon,True,amazon ContentfulSpeedIndex opt fission warm webrender,,77,ms,firefox,,1701359464,2023-05-26T12:58:50,214.0,3999253a6a3dc448416b9a73377e8599ca6bd022,1247437
autoland,3870186,13,f36c3750a6bc0db1e2bc910e5f3a3acace5985a7,windows10-64-shippable-qr,True,False,,|f|i|s|s|i|o|n| |w|a|r|m| |w|e|b|r|e|n|d|e|r|,102210fe594ee9b33d82058545b1ed14f4c8206e,ContentfulSpeedIndex,amazon,True,amazon ContentfulSpeedIndex opt fission warm webrender,,77,ms,firefox,,1701382819,2023-05-26T13:11:40,221.0,bb19012006135abc7ddd72be3cd269be7ef114b5,1247444
autoland,3870186,13,f36c3750a6bc0db1e2bc910e5f3a3acace5985a7,windows10-64-shippable-qr,True,False,,|f|i|s|s|i|o|n| |w|a|r|m| |w|e|b|r|e|n|d|e|r|,102210fe594ee9b33d82058545b1ed14f4c8206e,ContentfulSpeedIndex,amazon,True,amazon ContentfulSpeedIndex opt fission warm webrender,,77,ms,firefox,,1701521614,2023-05-26T17:23:29,223.0,8ca2ea7fe36515caaf70ddf90bfd2ee269f059cf,1247619
autoland,3870186,13,f36c3750a6bc0db1e2bc910e5f3a3acace5985a7,windows10-64-shippable-qr,True,False,,|f|i|s|s|i|o|n| |w|a|r|m| |w|e|b|r|e|n|d|e|r|,102210fe594ee9b33d82058545b1ed14f4c8206e,ContentfulSpeedIndex,amazon,True,amazon ContentfulSpeedIndex opt fission warm webrender,,77,ms,firefox,,1701803447,2023-05-26T18:57:45,221.0,f6b4fa0c88fefe367393867cc9b0a0a61ae30a86,1247663
autoland,3870186,13,f36c3750a6bc0db1e2bc910e5f3a3acace5985a7,windows10-64-shippable-qr,True,False,,|f|i|s|s|i|o|n| |w|a|r|m| |w|e|b|r|e|n|d|e|r|,102210fe594ee9b33d82058545b1ed14f4c8206e,ContentfulSpeedIndex,amazon,True,amazon ContentfulSpeedIndex opt fission warm webrender,,77,ms,firefox,,1701802793,2023-05-26T19:09:08,215.0,224c6165eeed35754ed2edb7bcf25308c5bb56bb,1247672
autoland,3870186,13,f36c3750a6bc0db1e2bc910e5f3a3acace5985a7,windows10-64-shippable-qr,True,False,,|f|i|s|s|i|o|n| |w|a|r|m| |w|e|b|r|e|n|d|e|r|,102210fe594ee9b33d82058545b1ed14f4c8206e,ContentfulSpeedIndex,amazon,True,amazon ContentfulSpeedIndex opt fission warm webrender,,77,ms,firefox,,1701637437,2023-05-26T19:44:57,223.0,fc6056442a0fa16146259cb730d4e34a16656952,1247712
autoland,3870186,13,f36c3750a6bc0db1e2bc910e5f3a3acace5985a7,windows10-64-shippable-qr,True,False,,|f|i|s|s|i|o|n| |w|a|r|m| |w|e|b|r|e|n|d|e|r|,102210fe594ee9b33d82058545b1ed14f4c8206e,ContentfulSpeedIndex,amazon,True,amazon ContentfulSpeedIndex opt fission warm webrender,,77,ms,firefox,,1701734991,2023-05-27T00:56:39,222.0,b45b68be3f9bae0da4d649a44e60c6cd175f2212,1247879
autoland,3870186,13,f36c3750a6bc0db1e2bc910e5f3a3acace5985a7,windows10-64-shippable-qr,True,False,,|f|i|s|s|i|o|n| |w|a|r|m| |w|e|b|r|e|n|d|e|r|,102210fe594ee9b33d82058545b1ed14f4c8206e,ContentfulSpeedIndex,amazon,True,amazon ContentfulSpeedIndex opt fission warm webrender,,77,ms,firefox,,1701886897,2023-05-27T11:39:36,215.0,6a941c8c6ff3290e530942915ee97161b670f15d,1247945
autoland,3870186,13,f36c3750a6bc0db1e2bc910e5f3a3acace5985a7,windows10-64-shippable-qr,True,False,,|f|i|s|s|i|o|n| |w|a|r|m| |w|e|b|r|e|n|d|e|r|,102210fe594ee9b33d82058545b1ed14f4c8206e,ContentfulSpeedIndex,amazon,True,amazon ContentfulSpeedIndex opt fission warm webrender,,77,ms,firefox,,1701923587,2023-05-27T15:52:21,215.0,531a15ae09d49e29c270830e9b873aa625a5a8c2,1247961
autoland,3870186,13,f36c3750a6bc0db1e2bc910e5f3a3acace5985a7,windows10-64-shippable-qr,True,False,,|f|i|s|s|i|o|n| |w|a|r|m| |w|e|b|r|e|n|d|e|r|,102210fe594ee9b33d82058545b1ed14f4c8206e,ContentfulSpeedIndex,amazon,True,amazon ContentfulSpeedIndex opt fission warm webrender,,77,ms,firefox,,1702046950,2023-05-28T20:46:15,215.0,47f0f49b40361f9c5bde3a5691dc5d65ec1e0061,1248031
autoland,3870186,13,f36c3750a6bc0db1e2bc910e5f3a3acace5985a7,windows10-64-shippable-qr,True,False,,|f|i|s|s|i|o|n| |w|a|r|m| |w|e|b|r|e|n|d|e|r|,102210fe594ee9b33d82058545b1ed14f4c8206e,ContentfulSpeedIndex,amazon,True,amazon ContentfulSpeedIndex opt fission warm webrender,,77,ms,firefox,,1702077721,2023-05-29T02:12:22,220.0,1f8f2142966233c5d8d437f93d361aa0cc2b36c6,1248080
autoland,3870186,13,f36c3750a6bc0db1e2bc910e5f3a3acace5985a7,windows10-64-shippable-qr,True,False,,|f|i|s|s|i|o|n| |w|a|r|m| |w|e|b|r|e|n|d|e|r|,102210fe594ee9b33d82058545b1ed14f4c8206e,ContentfulSpeedIndex,amazon,True,amazon ContentfulSpeedIndex opt fission warm webrender,,77,ms,firefox,,1702134769,2023-05-29T06:50:24,222.0,1565861edeebf64845658a3f48cb89fa4515bb68,1248115
autoland,3870186,13,f36c3750a6bc0db1e2bc910e5f3a3acace5985a7,windows10-64-shippable-qr,True,False,,|f|i|s|s|i|o|n| |w|a|r|m| |w|e|b|r|e|n|d|e|r|,102210fe594ee9b33d82058545b1ed14f4c8206e,ContentfulSpeedIndex,amazon,True,amazon ContentfulSpeedIndex opt fission warm webrender,,77,ms,firefox,,1702155848,2023-05-29T07:27:55,221.0,31915ad324761c4fe80dac65ca36f070ab2102a2,1248125
autoland,3870186,13,f36c3750a6bc0db1e2bc910e5f3a3acace5985a7,windows10-64-shippable-qr,True,False,,|f|i|s|s|i|o|n| |w|a|r|m| |w|e|b|r|e|n|d|e|r|,102210fe594ee9b33d82058545b1ed14f4c8206e,ContentfulSpeedIndex,amazon,True,amazon ContentfulSpeedIndex opt fission warm webrender,,77,ms,firefox,,1702549618,2023-05-29T13:34:49,221.0,fc5fe4c288f6b66527c3e44199ca2d8a6b8a11d8,1248241
autoland,3870186,13,f36c3750a6bc0db1e2bc910e5f3a3acace5985a7,windows10-64-shippable-qr,True,False,,|f|i|s|s|i|o|n| |w|a|r|m| |w|e|b|r|e|n|d|e|r|,102210fe594ee9b33d82058545b1ed14f4c8206e,ContentfulSpeedIndex,amazon,True,amazon ContentfulSpeedIndex opt fission warm webrender,,77,ms,firefox,,1702324728,2023-05-29T15:52:56,215.0,e1a08bab18008646938a96dfab802d2471fcadc1,1248305
autoland,3870186,13,f36c3750a6bc0db1e2bc910e5f3a3acace5985a7,windows10-64-shippable-qr,True,False,,|f|i|s|s|i|o|n| |w|a|r|m| |w|e|b|r|e|n|d|e|r|,102210fe594ee9b33d82058545b1ed14f4c8206e,ContentfulSpeedIndex,amazon,True,amazon ContentfulSpeedIndex opt fission warm webrender,,77,ms,firefox,,1702427700,2023-05-29T20:27:32,215.0,496eefc6bee2519ce93df561b640b582e869b964,1248440
autoland,3870186,13,f36c3750a6bc0db1e2bc910e5f3a3acace5985a7,windows10-64-shippable-qr,True,False,,|f|i|s|s|i|o|n| |w|a|r|m| |w|e|b|r|e|n|d|e|r|,102210fe594ee9b33d82058545b1ed14f4c8206e,ContentfulSpeedIndex,amazon,True,amazon ContentfulSpeedIndex opt fission warm webrender,,77,ms,firefox,,1702418770,2023-05-29T20:34:18,216.0,f7d3e204b0fb015cf0fb51a08403e22986a2ae52,1248445
autoland,3870186,13,f36c3750a6bc0db1e2bc910e5f3a3acace5985a7,windows10-64-shippable-qr,True,False,,|f|i|s|s|i|o|n| |w|a|r|m| |w|e|b|r|e|n|d|e|r|,102210fe594ee9b33d82058545b1ed14f4c8206e,ContentfulSpeedIndex,amazon,True,amazon ContentfulSpeedIndex opt fission warm webrender,,77,ms,firefox,,1702487183,2023-05-30T01:15:28,215.0,82442b2d56d94c600cca707dd62ab7a19d68bbd2,1248536
autoland,3870186,13,f36c3750a6bc0db1e2bc910e5f3a3acace5985a7,windows10-64-shippable-qr,True,False,,|f|i|s|s|i|o|n| |w|a|r|m| |w|e|b|r|e|n|d|e|r|,102210fe594ee9b33d82058545b1ed14f4c8206e,ContentfulSpeedIndex,amazon,True,amazon ContentfulSpeedIndex opt fission warm webrender,,77,ms,firefox,,1702586823,2023-05-30T06:58:06,221.0,23a3b1b5a2b78d86456189221e567423206bc00a,1248601
autoland,3870186,13,f36c3750a6bc0db1e2bc910e5f3a3acace5985a7,windows10-64-shippable-qr,True,False,,|f|i|s|s|i|o|n| |w|a|r|m| |w|e|b|r|e|n|d|e|r|,102210fe594ee9b33d82058545b1ed14f4c8206e,ContentfulSpeedIndex,amazon,True,amazon ContentfulSpeedIndex opt fission warm webrender,,77,ms,firefox,,1702605754,2023-05-30T07:49:46,215.0,64b2487b96b949b3c6a787dfd17210f9998fb42e,1248618
autoland,3870186,13,f36c3750a6bc0db1e2bc910e5f3a3acace5985a7,windows10-64-shippable-qr,True,False,,|f|i|s|s|i|o|n| |w|a|r|m| |w|e|b|r|e|n|d|e|r|,102210fe594ee9b33d82058545b1ed14f4c8206e,ContentfulSpeedIndex,amazon,True,amazon ContentfulSpeedIndex opt fission warm webrender,,77,ms,firefox,,1702749101,2023-05-30T12:05:20,215.0,121d4440186ece5c7acf444a8879a3818d54fef5,1248752
autoland,3870186,13,f36c3750a6bc0db1e2bc910e5f3a3acace5985a7,windows10-64-shippable-qr,True,False,,|f|i|s|s|i|o|n| |w|a|r|m| |w|e|b|r|e|n|d|e|r|,102210fe594ee9b33d82058545b1ed14f4c8206e,ContentfulSpeedIndex,amazon,True,amazon ContentfulSpeedIndex opt fission warm webrender,,77,ms,firefox,,1703254747,2023-05-30T14:11:57,222.0,1c86169a6ab3a53190c7fca3fe2cefe2251e4cad,1248832
autoland,3870186,13,f36c3750a6bc0db1e2bc910e5f3a3acace5985a7,windows10-64-shippable-qr,True,False,,|f|i|s|s|i|o|n| |w|a|r|m| |w|e|b|r|e|n|d|e|r|,102210fe594ee9b33d82058545b1ed14f4c8206e,ContentfulSpeedIndex,amazon,True,amazon ContentfulSpeedIndex opt fission warm webrender,,77,ms,firefox,,1703267227,2023-05-30T14:17:42,223.0,2139914fff1c2bb8398578403a5d19f8ba7eab08,1248836
autoland,3870186,13,f36c3750a6bc0db1e2bc910e5f3a3acace5985a7,windows10-64-shippable-qr,True,False,,|f|i|s|s|i|o|n| |w|a|r|m| |w|e|b|r|e|n|d|e|r|,102210fe594ee9b33d82058545b1ed14f4c8206e,ContentfulSpeedIndex,amazon,True,amazon ContentfulSpeedIndex opt fission warm webrender,,77,ms,firefox,,1703264518,2023-05-30T14:18:36,215.0,25819f54f4eb2233a294e431c4f84f146fc2fa5f,1248839
autoland,3870186,13,f36c3750a6bc0db1e2bc910e5f3a3acace5985a7,windows10-64-shippable-qr,True,False,,|f|i|s|s|i|o|n| |w|a|r|m| |w|e|b|r|e|n|d|e|r|,102210fe594ee9b33d82058545b1ed14f4c8206e,ContentfulSpeedIndex,amazon,True,amazon ContentfulSpeedIndex opt fission warm webrender,,77,ms,firefox,,1703282260,2023-05-30T14:20:30,214.0,fe968fa39d7b2a02923dc930f6045d0c925149cc,1248840
autoland,3870186,13,f36c3750a6bc0db1e2bc910e5f3a3acace5985a7,windows10-64-shippable-qr,True,False,,|f|i|s|s|i|o|n| |w|a|r|m| |w|e|b|r|e|n|d|e|r|,102210fe594ee9b33d82058545b1ed14f4c8206e,ContentfulSpeedIndex,amazon,True,amazon ContentfulSpeedIndex opt fission warm webrender,,77,ms,firefox,,1702821357,2023-05-30T15:20:14,244.0,8ddf44b47ed68e786f1ca69913136fe2ddd7f1d2,1248888
autoland,3870186,13,f36c3750a6bc0db1e2bc910e5f3a3acace5985a7,windows10-64-shippable-qr,True,False,,|f|i|s|s|i|o|n| |w|a|r|m| |w|e|b|r|e|n|d|e|r|,102210fe594ee9b33d82058545b1ed14f4c8206e,ContentfulSpeedIndex,amazon,True,amazon ContentfulSpeedIndex opt fission warm webrender,,77,ms,firefox,,1703291225,2023-05-30T17:40:00,219.0,f283a65c051a837eb3b3eb004e258408b9aa8e53,1248971
autoland,3870186,13,f36c3750a6bc0db1e2bc910e5f3a3acace5985a7,windows10-64-shippable-qr,True,False,,|f|i|s|s|i|o|n| |w|a|r|m| |w|e|b|r|e|n|d|e|r|,102210fe594ee9b33d82058545b1ed14f4c8206e,ContentfulSpeedIndex,amazon,True,amazon ContentfulSpeedIndex opt fission warm webrender,,77,ms,firefox,,1703235272,2023-05-30T18:28:22,224.0,3be173a1e2614e622c6c3361b457b0c2b24ff6da,1249008
autoland,3870186,13,f36c3750a6bc0db1e2bc910e5f3a3acace5985a7,windows10-64-shippable-qr,True,False,,|f|i|s|s|i|o|n| |w|a|r|m| |w|e|b|r|e|n|d|e|r|,102210fe594ee9b33d82058545b1ed14f4c8206e,ContentfulSpeedIndex,amazon,True,amazon ContentfulSpeedIndex opt fission warm webrender,,77,ms,firefox,,1702909905,2023-05-30T19:20:55,215.0,361a866d206fd695b15823113863d449afb7c87d,1249050
autoland,3870186,13,f36c3750a6bc0db1e2bc910e5f3a3acace5985a7,windows10-64-shippable-qr,True,False,,|f|i|s|s|i|o|n| |w|a|r|m| |w|e|b|r|e|n|d|e|r|,102210fe594ee9b33d82058545b1ed14f4c8206e,ContentfulSpeedIndex,amazon,True,amazon ContentfulSpeedIndex opt fission warm webrender,,77,ms,firefox,,1702940512,2023-05-30T19:21:44,214.0,f9dad80c02c9517d8cb38311989dab88f1236015,1249051
autoland,3870186,13,f36c3750a6bc0db1e2bc910e5f3a3acace5985a7,windows10-64-shippable-qr,True,False,,|f|i|s|s|i|o|n| |w|a|r|m| |w|e|b|r|e|n|d|e|r|,102210fe594ee9b33d82058545b1ed14f4c8206e,ContentfulSpeedIndex,amazon,True,amazon ContentfulSpeedIndex opt fission warm webrender,,77,ms,firefox,,1703056937,2023-05-30T22:16:30,222.0,0ea1f0bff41ab8b0e92e4f35f3d6eaf801ad3fc0,1249172
autoland,3870186,13,f36c3750a6bc0db1e2bc910e5f3a3acace5985a7,windows10-64-shippable-qr,True,False,,|f|i|s|s|i|o|n| |w|a|r|m| |w|e|b|r|e|n|d|e|r|,102210fe594ee9b33d82058545b1ed14f4c8206e,ContentfulSpeedIndex,amazon,True,amazon ContentfulSpeedIndex opt fission warm webrender,,77,ms,firefox,,1703153143,2023-05-31T02:21:54,214.0,40997d8c121ee054ffe5df2c1a10d3a392f78c3c,1249255
autoland,3870186,13,f36c3750a6bc0db1e2bc910e5f3a3acace5985a7,windows10-64-shippable-qr,True,False,,|f|i|s|s|i|o|n| |w|a|r|m| |w|e|b|r|e|n|d|e|r|,102210fe594ee9b33d82058545b1ed14f4c8206e,ContentfulSpeedIndex,amazon,True,amazon ContentfulSpeedIndex opt fission warm webrender,,77,ms,firefox,,1703389092,2023-05-31T09:56:26,222.0,2317c21d7aeb68528ec7946980e7ca68d74c451a,1249439
autoland,3870186,13,f36c3750a6bc0db1e2bc910e5f3a3acace5985a7,windows10-64-shippable-qr,True,False,,|f|i|s|s|i|o|n| |w|a|r|m| |w|e|b|r|e|n|d|e|r|,102210fe594ee9b33d82058545b1ed14f4c8206e,ContentfulSpeedIndex,amazon,True,amazon ContentfulSpeedIndex opt fission warm webrender,,77,ms,firefox,,1704279187,2023-05-31T12:33:14,214.0,266547f5163fca069f3fb0846cfd9318a1beda07,1249509
autoland,3870186,13,f36c3750a6bc0db1e2bc910e5f3a3acace5985a7,windows10-64-shippable-qr,True,False,,|f|i|s|s|i|o|n| |w|a|r|m| |w|e|b|r|e|n|d|e|r|,102210fe594ee9b33d82058545b1ed14f4c8206e,ContentfulSpeedIndex,amazon,True,amazon ContentfulSpeedIndex opt fission warm webrender,,77,ms,firefox,,1704271917,2023-05-31T12:40:08,223.0,be003bc24d249ccbd427d8ba21ea81c4637f1cda,1249513
autoland,3870186,13,f36c3750a6bc0db1e2bc910e5f3a3acace5985a7,windows10-64-shippable-qr,True,False,,|f|i|s|s|i|o|n| |w|a|r|m| |w|e|b|r|e|n|d|e|r|,102210fe594ee9b33d82058545b1ed14f4c8206e,ContentfulSpeedIndex,amazon,True,amazon ContentfulSpeedIndex opt fission warm webrender,,77,ms,firefox,,1703666505,2023-05-31T14:02:33,221.0,7d2ea0789fc8c8538febac2643670ed4a46de087,1249550
autoland,3870186,13,f36c3750a6bc0db1e2bc910e5f3a3acace5985a7,windows10-64-shippable-qr,True,False,,|f|i|s|s|i|o|n| |w|a|r|m| |w|e|b|r|e|n|d|e|r|,102210fe594ee9b33d82058545b1ed14f4c8206e,ContentfulSpeedIndex,amazon,True,amazon ContentfulSpeedIndex opt fission warm webrender,,77,ms,firefox,,1703755108,2023-05-31T15:08:35,215.0,513ac812d28fbd668a0b4216f4f52aef38b29501,1249582
autoland,3870186,13,f36c3750a6bc0db1e2bc910e5f3a3acace5985a7,windows10-64-shippable-qr,True,False,,|f|i|s|s|i|o|n| |w|a|r|m| |w|e|b|r|e|n|d|e|r|,102210fe594ee9b33d82058545b1ed14f4c8206e,ContentfulSpeedIndex,amazon,True,amazon ContentfulSpeedIndex opt fission warm webrender,,77,ms,firefox,,1703849720,2023-05-31T17:22:12,219.0,b1a1fe06a88b8bdb3f1c5564d12f6798261f34f8,1249712
autoland,3870186,13,f36c3750a6bc0db1e2bc910e5f3a3acace5985a7,windows10-64-shippable-qr,True,False,,|f|i|s|s|i|o|n| |w|a|r|m| |w|e|b|r|e|n|d|e|r|,102210fe594ee9b33d82058545b1ed14f4c8206e,ContentfulSpeedIndex,amazon,True,amazon ContentfulSpeedIndex opt fission warm webrender,,77,ms,firefox,,1703996156,2023-05-31T20:28:19,222.0,acd631722a01cb363c4967477af9f240d35cd218,1249881
autoland,3870186,13,f36c3750a6bc0db1e2bc910e5f3a3acace5985a7,windows10-64-shippable-qr,True,False,,|f|i|s|s|i|o|n| |w|a|r|m| |w|e|b|r|e|n|d|e|r|,102210fe594ee9b33d82058545b1ed14f4c8206e,ContentfulSpeedIndex,amazon,True,amazon ContentfulSpeedIndex opt fission warm webrender,,77,ms,firefox,,1704296769,2023-05-31T21:52:05,222.0,3e57422d355fbd79bda3cc9af613485b3bdce01e,1249959
autoland,3870186,13,f36c3750a6bc0db1e2bc910e5f3a3acace5985a7,windows10-64-shippable-qr,True,False,,|f|i|s|s|i|o|n| |w|a|r|m| |w|e|b|r|e|n|d|e|r|,102210fe594ee9b33d82058545b1ed14f4c8206e,ContentfulSpeedIndex,amazon,True,amazon ContentfulSpeedIndex opt fission warm webrender,,77,ms,firefox,,1704304075,2023-05-31T21:52:58,215.0,1ee8fd36b1276fa713a4407e53085c5991e8ad2d,1249961
autoland,3870186,13,f36c3750a6bc0db1e2bc910e5f3a3acace5985a7,windows10-64-shippable-qr,True,False,,|f|i|s|s|i|o|n| |w|a|r|m| |w|e|b|r|e|n|d|e|r|,102210fe594ee9b33d82058545b1ed14f4c8206e,ContentfulSpeedIndex,amazon,True,amazon ContentfulSpeedIndex opt fission warm webrender,,77,ms,firefox,,1704161695,2023-05-31T23:35:37,221.0,69cd9d943489100b8424cf1b19b0646cbc9c317c,1250055
autoland,3870186,13,f36c3750a6bc0db1e2bc910e5f3a3acace5985a7,windows10-64-shippable-qr,True,False,,|f|i|s|s|i|o|n| |w|a|r|m| |w|e|b|r|e|n|d|e|r|,102210fe594ee9b33d82058545b1ed14f4c8206e,ContentfulSpeedIndex,amazon,True,amazon ContentfulSpeedIndex opt fission warm webrender,,77,ms,firefox,,1704236842,2023-06-01T03:44:27,214.0,5d6127a9b7ed37774d6403efd4ee1ec813503592,1250134
autoland,3870186,13,f36c3750a6bc0db1e2bc910e5f3a3acace5985a7,windows10-64-shippable-qr,True,False,,|f|i|s|s|i|o|n| |w|a|r|m| |w|e|b|r|e|n|d|e|r|,102210fe594ee9b33d82058545b1ed14f4c8206e,ContentfulSpeedIndex,amazon,True,amazon ContentfulSpeedIndex opt fission warm webrender,,77,ms,firefox,,1704349865,2023-06-01T08:18:01,224.0,310a02cb1216c0fafadcbc049aac0875871eab96,1250206
autoland,3870186,13,f36c3750a6bc0db1e2bc910e5f3a3acace5985a7,windows10-64-shippable-qr,True,False,,|f|i|s|s|i|o|n| |w|a|r|m| |w|e|b|r|e|n|d|e|r|,102210fe594ee9b33d82058545b1ed14f4c8206e,ContentfulSpeedIndex,amazon,True,amazon ContentfulSpeedIndex opt fission warm webrender,,77,ms,firefox,,1704397921,2023-06-01T09:51:53,215.0,3ee1184f75ef01c3b8b3acb826d84a189cac75ce,1250243
autoland,3870186,13,f36c3750a6bc0db1e2bc910e5f3a3acace5985a7,windows10-64-shippable-qr,True,False,,|f|i|s|s|i|o|n| |w|a|r|m| |w|e|b|r|e|n|d|e|r|,102210fe594ee9b33d82058545b1ed14f4c8206e,ContentfulSpeedIndex,amazon,True,amazon ContentfulSpeedIndex opt fission warm webrender,,77,ms,firefox,,1704619705,2023-06-01T13:54:39,215.0,01e7e891e3d0793f8a185fe99b6f8cc9c6ffa74e,1250379
autoland,3870186,13,f36c3750a6bc0db1e2bc910e5f3a3acace5985a7,windows10-64-shippable-qr,True,False,,|f|i|s|s|i|o|n| |w|a|r|m| |w|e|b|r|e|n|d|e|r|,102210fe594ee9b33d82058545b1ed14f4c8206e,ContentfulSpeedIndex,amazon,True,amazon ContentfulSpeedIndex opt fission warm webrender,,77,ms,firefox,,1704807914,2023-06-01T19:53:44,214.0,ae0f513f1d25aef3f79ad009b5f2dd7407536827,1250634
autoland,3870186,13,f36c3750a6bc0db1e2bc910e5f3a3acace5985a7,windows10-64-shippable-qr,True,False,,|f|i|s|s|i|o|n| |w|a|r|m| |w|e|b|r|e|n|d|e|r|,102210fe594ee9b33d82058545b1ed14f4c8206e,ContentfulSpeedIndex,amazon,True,amazon ContentfulSpeedIndex opt fission warm webrender,,77,ms,firefox,,1704846193,2023-06-01T21:35:55,213.0,9718fca142ae7765c8ca6c3616fab6e303225556,1250675
autoland,3870186,13,f36c3750a6bc0db1e2bc910e5f3a3acace5985a7,windows10-64-shippable-qr,True,False,,|f|i|s|s|i|o|n| |w|a|r|m| |w|e|b|r|e|n|d|e|r|,102210fe594ee9b33d82058545b1ed14f4c8206e,ContentfulSpeedIndex,amazon,True,amazon ContentfulSpeedIndex opt fission warm webrender,,77,ms,firefox,,1704930176,2023-06-02T02:04:00,214.0,c365694efc9c7ac4c2c010f9dc97afb7c80107ee,1250783
autoland,3870186,13,f36c3750a6bc0db1e2bc910e5f3a3acace5985a7,windows10-64-shippable-qr,True,False,,|f|i|s|s|i|o|n| |w|a|r|m| |w|e|b|r|e|n|d|e|r|,102210fe594ee9b33d82058545b1ed14f4c8206e,ContentfulSpeedIndex,amazon,True,amazon ContentfulSpeedIndex opt fission warm webrender,,77,ms,firefox,,1705152107,2023-06-02T12:19:13,216.0,5d642eb9394b5f5e9e9f0a4b6be492055e341e31,1250979
autoland,3870186,13,f36c3750a6bc0db1e2bc910e5f3a3acace5985a7,windows10-64-shippable-qr,True,False,,|f|i|s|s|i|o|n| |w|a|r|m| |w|e|b|r|e|n|d|e|r|,102210fe594ee9b33d82058545b1ed14f4c8206e,ContentfulSpeedIndex,amazon,True,amazon ContentfulSpeedIndex opt fission warm webrender,,77,ms,firefox,,1705191516,2023-06-02T13:27:34,215.0,e2c71d0ed1e8bb2b9752f78b13c31171d5dde3a9,1251019
autoland,3870186,13,f36c3750a6bc0db1e2bc910e5f3a3acace5985a7,windows10-64-shippable-qr,True,False,,|f|i|s|s|i|o|n| |w|a|r|m| |w|e|b|r|e|n|d|e|r|,102210fe594ee9b33d82058545b1ed14f4c8206e,ContentfulSpeedIndex,amazon,True,amazon ContentfulSpeedIndex opt fission warm webrender,,77,ms,firefox,,1705322515,2023-06-02T17:59:13,215.0,ad7e9e56836f2bd7e0668d322719f548e825a685,1251185
autoland,3870186,13,f36c3750a6bc0db1e2bc910e5f3a3acace5985a7,windows10-64-shippable-qr,True,False,,|f|i|s|s|i|o|n| |w|a|r|m| |w|e|b|r|e|n|d|e|r|,102210fe594ee9b33d82058545b1ed14f4c8206e,ContentfulSpeedIndex,amazon,True,amazon ContentfulSpeedIndex opt fission warm webrender,,77,ms,firefox,,1705298524,2023-06-02T18:03:52,220.0,8c3b1c60fde747fcb4e3421062a37b829d6acb9f,1251187
autoland,3870186,13,f36c3750a6bc0db1e2bc910e5f3a3acace5985a7,windows10-64-shippable-qr,True,False,,|f|i|s|s|i|o|n| |w|a|r|m| |w|e|b|r|e|n|d|e|r|,102210fe594ee9b33d82058545b1ed14f4c8206e,ContentfulSpeedIndex,amazon,True,amazon ContentfulSpeedIndex opt fission warm webrender,,77,ms,firefox,,1705388845,2023-06-02T22:18:32,215.0,b9f63a24bc677e4c6a1f9bc801c2e3bf44dbd6e8,1251308
autoland,3870186,13,f36c3750a6bc0db1e2bc910e5f3a3acace5985a7,windows10-64-shippable-qr,True,False,,|f|i|s|s|i|o|n| |w|a|r|m| |w|e|b|r|e|n|d|e|r|,102210fe594ee9b33d82058545b1ed14f4c8206e,ContentfulSpeedIndex,amazon,True,amazon ContentfulSpeedIndex opt fission warm webrender,,77,ms,firefox,,1705441917,2023-06-03T05:40:17,215.0,64bce9d136ae9b4bd5482515721d6daf2da53dc3,1251358
autoland,3870186,13,f36c3750a6bc0db1e2bc910e5f3a3acace5985a7,windows10-64-shippable-qr,True,False,,|f|i|s|s|i|o|n| |w|a|r|m| |w|e|b|r|e|n|d|e|r|,102210fe594ee9b33d82058545b1ed14f4c8206e,ContentfulSpeedIndex,amazon,True,amazon ContentfulSpeedIndex opt fission warm webrender,,77,ms,firefox,,1705525560,2023-06-03T14:24:38,221.0,7bc8c25b2935765c57adc63333c221bbe5067831,1251409
autoland,3870186,13,f36c3750a6bc0db1e2bc910e5f3a3acace5985a7,windows10-64-shippable-qr,True,False,,|f|i|s|s|i|o|n| |w|a|r|m| |w|e|b|r|e|n|d|e|r|,102210fe594ee9b33d82058545b1ed14f4c8206e,ContentfulSpeedIndex,amazon,True,amazon ContentfulSpeedIndex opt fission warm webrender,,77,ms,firefox,,1705589678,2023-06-03T23:39:13,222.0,b8f06acca6bf62e32647496ed613012fa4c27e9e,1251453
autoland,3870186,13,f36c3750a6bc0db1e2bc910e5f3a3acace5985a7,windows10-64-shippable-qr,True,False,,|f|i|s|s|i|o|n| |w|a|r|m| |w|e|b|r|e|n|d|e|r|,102210fe594ee9b33d82058545b1ed14f4c8206e,ContentfulSpeedIndex,amazon,True,amazon ContentfulSpeedIndex opt fission warm webrender,,77,ms,firefox,,1705672983,2023-06-04T11:53:44,214.0,00802389f336283602445d4f08e53b8bd09b43eb,1251481
autoland,3870186,13,f36c3750a6bc0db1e2bc910e5f3a3acace5985a7,windows10-64-shippable-qr,True,False,,|f|i|s|s|i|o|n| |w|a|r|m| |w|e|b|r|e|n|d|e|r|,102210fe594ee9b33d82058545b1ed14f4c8206e,ContentfulSpeedIndex,amazon,True,amazon ContentfulSpeedIndex opt fission warm webrender,,77,ms,firefox,,1705708871,2023-06-04T20:28:08,215.0,eeba3a3c20a4dc53210a44734b25d2c0870b6523,1251514
autoland,3870186,13,f36c3750a6bc0db1e2bc910e5f3a3acace5985a7,windows10-64-shippable-qr,True,False,,|f|i|s|s|i|o|n| |w|a|r|m| |w|e|b|r|e|n|d|e|r|,102210fe594ee9b33d82058545b1ed14f4c8206e,ContentfulSpeedIndex,amazon,True,amazon ContentfulSpeedIndex opt fission warm webrender,,77,ms,firefox,,1705753150,2023-06-05T03:24:10,216.0,f8fa7749f7bdc93fa3491918a4e8b0fb4db659eb,1251552
autoland,3870186,13,f36c3750a6bc0db1e2bc910e5f3a3acace5985a7,windows10-64-shippable-qr,True,False,,|f|i|s|s|i|o|n| |w|a|r|m| |w|e|b|r|e|n|d|e|r|,102210fe594ee9b33d82058545b1ed14f4c8206e,ContentfulSpeedIndex,amazon,True,amazon ContentfulSpeedIndex opt fission warm webrender,,77,ms,firefox,,1705808031,2023-06-05T08:05:57,222.0,61d4558543daf8b284b3194aba84289d6e31ad2f,1251588
autoland,3870186,13,f36c3750a6bc0db1e2bc910e5f3a3acace5985a7,windows10-64-shippable-qr,True,False,,|f|i|s|s|i|o|n| |w|a|r|m| |w|e|b|r|e|n|d|e|r|,102210fe594ee9b33d82058545b1ed14f4c8206e,ContentfulSpeedIndex,amazon,True,amazon ContentfulSpeedIndex opt fission warm webrender,,77,ms,firefox,,1706385513,2023-06-05T08:13:54,221.0,b4f58b5b89c23f507f450070978c31ce37ae0bfa,1251592
autoland,3870186,13,f36c3750a6bc0db1e2bc910e5f3a3acace5985a7,windows10-64-shippable-qr,True,False,,|f|i|s|s|i|o|n| |w|a|r|m| |w|e|b|r|e|n|d|e|r|,102210fe594ee9b33d82058545b1ed14f4c8206e,ContentfulSpeedIndex,amazon,True,amazon ContentfulSpeedIndex opt fission warm webrender,,77,ms,firefox,,1706351149,2023-06-05T09:41:40,215.0,1affd61c6142771ac7be203e33a442977866164b,1251624
autoland,3870186,13,f36c3750a6bc0db1e2bc910e5f3a3acace5985a7,windows10-64-shippable-qr,True,False,,|f|i|s|s|i|o|n| |w|a|r|m| |w|e|b|r|e|n|d|e|r|,102210fe594ee9b33d82058545b1ed14f4c8206e,ContentfulSpeedIndex,amazon,True,amazon ContentfulSpeedIndex opt fission warm webrender,,77,ms,firefox,,1706377096,2023-06-05T09:45:03,222.0,201365a3648ecab85ffce4e3930f9e9285ec3fbe,1251629
autoland,3870186,13,f36c3750a6bc0db1e2bc910e5f3a3acace5985a7,windows10-64-shippable-qr,True,False,,|f|i|s|s|i|o|n| |w|a|r|m| |w|e|b|r|e|n|d|e|r|,102210fe594ee9b33d82058545b1ed14f4c8206e,ContentfulSpeedIndex,amazon,True,amazon ContentfulSpeedIndex opt fission warm webrender,,77,ms,firefox,,1706346952,2023-06-05T10:13:11,223.0,95ed74f9ad6da76c6cf56a1db4cfe6afd6213af2,1251649
autoland,3870186,13,f36c3750a6bc0db1e2bc910e5f3a3acace5985a7,windows10-64-shippable-qr,True,False,,|f|i|s|s|i|o|n| |w|a|r|m| |w|e|b|r|e|n|d|e|r|,102210fe594ee9b33d82058545b1ed14f4c8206e,ContentfulSpeedIndex,amazon,True,amazon ContentfulSpeedIndex opt fission warm webrender,,77,ms,firefox,,1706365891,2023-06-05T11:51:57,220.0,6ad4019db2d5ac7bea3f12238282b70312e33b89,1251708
autoland,3870186,13,f36c3750a6bc0db1e2bc910e5f3a3acace5985a7,windows10-64-shippable-qr,True,False,,|f|i|s|s|i|o|n| |w|a|r|m| |w|e|b|r|e|n|d|e|r|,102210fe594ee9b33d82058545b1ed14f4c8206e,ContentfulSpeedIndex,amazon,True,amazon ContentfulSpeedIndex opt fission warm webrender,,77,ms,firefox,,1705904272,2023-06-05T12:01:26,215.0,00af548d93acc8c2c3ab652a04c882e3a80476a9,1251712
autoland,3870186,13,f36c3750a6bc0db1e2bc910e5f3a3acace5985a7,windows10-64-shippable-qr,True,False,,|f|i|s|s|i|o|n| |w|a|r|m| |w|e|b|r|e|n|d|e|r|,102210fe594ee9b33d82058545b1ed14f4c8206e,ContentfulSpeedIndex,amazon,True,amazon ContentfulSpeedIndex opt fission warm webrender,,77,ms,firefox,,1706046729,2023-06-05T16:13:31,221.0,c8df8c0bde6047b8fe23c9716940cbc1c07c2a65,1251888
autoland,3870186,13,f36c3750a6bc0db1e2bc910e5f3a3acace5985a7,windows10-64-shippable-qr,True,False,,|f|i|s|s|i|o|n| |w|a|r|m| |w|e|b|r|e|n|d|e|r|,102210fe594ee9b33d82058545b1ed14f4c8206e,ContentfulSpeedIndex,amazon,True,amazon ContentfulSpeedIndex opt fission warm webrender,,77,ms,firefox,,1706077874,2023-06-05T16:43:43,220.0,03d635b2bdb2041550924e64dc0dd20abf4499f9,1251915
autoland,3870186,13,f36c3750a6bc0db1e2bc910e5f3a3acace5985a7,windows10-64-shippable-qr,True,False,,|f|i|s|s|i|o|n| |w|a|r|m| |w|e|b|r|e|n|d|e|r|,102210fe594ee9b33d82058545b1ed14f4c8206e,ContentfulSpeedIndex,amazon,True,amazon ContentfulSpeedIndex opt fission warm webrender,,77,ms,firefox,,1706182848,2023-06-05T20:14:05,222.0,d73c2643092115d9b5859c16e121e421656264bc,1252060
autoland,3870186,13,f36c3750a6bc0db1e2bc910e5f3a3acace5985a7,windows10-64-shippable-qr,True,False,,|f|i|s|s|i|o|n| |w|a|r|m| |w|e|b|r|e|n|d|e|r|,102210fe594ee9b33d82058545b1ed14f4c8206e,ContentfulSpeedIndex,amazon,True,amazon ContentfulSpeedIndex opt fission warm webrender,,77,ms,firefox,,1706258607,2023-06-05T22:25:10,216.0,3a79e9a1c11da81af50cfb6e535537b5e8e7ce9f,1252165
autoland,3870186,13,f36c3750a6bc0db1e2bc910e5f3a3acace5985a7,windows10-64-shippable-qr,True,False,,|f|i|s|s|i|o|n| |w|a|r|m| |w|e|b|r|e|n|d|e|r|,102210fe594ee9b33d82058545b1ed14f4c8206e,ContentfulSpeedIndex,amazon,True,amazon ContentfulSpeedIndex opt fission warm webrender,,77,ms,firefox,,1707135431,2023-06-06T07:23:00,221.0,5e6e896228e55430e8e28f173cc439d598992d1d,1252318
autoland,3870186,13,f36c3750a6bc0db1e2bc910e5f3a3acace5985a7,windows10-64-shippable-qr,True,False,,|f|i|s|s|i|o|n| |w|a|r|m| |w|e|b|r|e|n|d|e|r|,102210fe594ee9b33d82058545b1ed14f4c8206e,ContentfulSpeedIndex,amazon,True,amazon ContentfulSpeedIndex opt fission warm webrender,,77,ms,firefox,,1706452147,2023-06-06T07:45:19,219.3,7974ac7e053aa00b02c6b9405b4fe87e6729456d,1252336
autoland,3870186,13,f36c3750a6bc0db1e2bc910e5f3a3acace5985a7,windows10-64-shippable-qr,True,False,,|f|i|s|s|i|o|n| |w|a|r|m| |w|e|b|r|e|n|d|e|r|,102210fe594ee9b33d82058545b1ed14f4c8206e,ContentfulSpeedIndex,amazon,True,amazon ContentfulSpeedIndex opt fission warm webrender,,77,ms,firefox,,1706629208,2023-06-06T12:19:14,208.7,847d7aa42cbef71e48427dda557da27be7b8a938,1252475
autoland,3870186,13,f36c3750a6bc0db1e2bc910e5f3a3acace5985a7,windows10-64-shippable-qr,True,False,,|f|i|s|s|i|o|n| |w|a|r|m| |w|e|b|r|e|n|d|e|r|,102210fe594ee9b33d82058545b1ed14f4c8206e,ContentfulSpeedIndex,amazon,True,amazon ContentfulSpeedIndex opt fission warm webrender,,77,ms,firefox,,1707144284,2023-06-06T12:33:25,214.9,b97c8d97b6469becb2138e0a621833d27aee5863,1252485
autoland,3870186,13,f36c3750a6bc0db1e2bc910e5f3a3acace5985a7,windows10-64-shippable-qr,True,False,,|f|i|s|s|i|o|n| |w|a|r|m| |w|e|b|r|e|n|d|e|r|,102210fe594ee9b33d82058545b1ed14f4c8206e,ContentfulSpeedIndex,amazon,True,amazon ContentfulSpeedIndex opt fission warm webrender,,77,ms,firefox,,1707154403,2023-06-06T12:36:53,210.6,d132c75f9ca2cdd84287910ccd9100989085f9e8,1252489
autoland,3870186,13,f36c3750a6bc0db1e2bc910e5f3a3acace5985a7,windows10-64-shippable-qr,True,False,,|f|i|s|s|i|o|n| |w|a|r|m| |w|e|b|r|e|n|d|e|r|,102210fe594ee9b33d82058545b1ed14f4c8206e,ContentfulSpeedIndex,amazon,True,amazon ContentfulSpeedIndex opt fission warm webrender,,77,ms,firefox,,1706711857,2023-06-06T15:07:26,204.7,51ecbed77cf45640a921f61934b70efadfb58982,1252589
autoland,3870186,13,f36c3750a6bc0db1e2bc910e5f3a3acace5985a7,windows10-64-shippable-qr,True,False,,|f|i|s|s|i|o|n| |w|a|r|m| |w|e|b|r|e|n|d|e|r|,102210fe594ee9b33d82058545b1ed14f4c8206e,ContentfulSpeedIndex,amazon,True,amazon ContentfulSpeedIndex opt fission warm webrender,,77,ms,firefox,,1706873174,2023-06-06T19:22:50,215.8,3e7d709ab2a3a86ff58f4406faa05e738ca49ec9,1252721
autoland,3870186,13,f36c3750a6bc0db1e2bc910e5f3a3acace5985a7,windows10-64-shippable-qr,True,False,,|f|i|s|s|i|o|n| |w|a|r|m| |w|e|b|r|e|n|d|e|r|,102210fe594ee9b33d82058545b1ed14f4c8206e,ContentfulSpeedIndex,amazon,True,amazon ContentfulSpeedIndex opt fission warm webrender,,77,ms,firefox,,1706893476,2023-06-06T19:49:29,219.5,9a56830b39f8d6802cef3772f81535d5f7bd475c,1252741
autoland,3870186,13,f36c3750a6bc0db1e2bc910e5f3a3acace5985a7,windows10-64-shippable-qr,True,False,,|f|i|s|s|i|o|n| |w|a|r|m| |w|e|b|r|e|n|d|e|r|,102210fe594ee9b33d82058545b1ed14f4c8206e,ContentfulSpeedIndex,amazon,True,amazon ContentfulSpeedIndex opt fission warm webrender,,77,ms,firefox,,1706974312,2023-06-06T22:47:19,215.9,3a8e0dd854b5d9349d96a17de81427442d412db9,1252831
autoland,3870186,13,f36c3750a6bc0db1e2bc910e5f3a3acace5985a7,windows10-64-shippable-qr,True,False,,|f|i|s|s|i|o|n| |w|a|r|m| |w|e|b|r|e|n|d|e|r|,102210fe594ee9b33d82058545b1ed14f4c8206e,ContentfulSpeedIndex,amazon,True,amazon ContentfulSpeedIndex opt fission warm webrender,,77,ms,firefox,,1707068593,2023-06-07T02:52:45,231.6,714383968fdbbcb6ef5ff4fc599e11ae386d09ce,1252906
autoland,3870186,13,f36c3750a6bc0db1e2bc910e5f3a3acace5985a7,windows10-64-shippable-qr,True,False,,|f|i|s|s|i|o|n| |w|a|r|m| |w|e|b|r|e|n|d|e|r|,102210fe594ee9b33d82058545b1ed14f4c8206e,ContentfulSpeedIndex,amazon,True,amazon ContentfulSpeedIndex opt fission warm webrender,,77,ms,firefox,,1707202548,2023-06-07T06:55:53,225.9,29928f29c7a08d81bf5a480f4678c4c90b0abc68,1252967
autoland,3870186,13,f36c3750a6bc0db1e2bc910e5f3a3acace5985a7,windows10-64-shippable-qr,True,False,,|f|i|s|s|i|o|n| |w|a|r|m| |w|e|b|r|e|n|d|e|r|,102210fe594ee9b33d82058545b1ed14f4c8206e,ContentfulSpeedIndex,amazon,True,amazon ContentfulSpeedIndex opt fission warm webrender,,77,ms,firefox,,1707804264,2023-06-07T08:38:12,217.4,17472385b962b35b99a2c97f0c9b3f70604fab8a,1253010
autoland,3870186,13,f36c3750a6bc0db1e2bc910e5f3a3acace5985a7,windows10-64-shippable-qr,True,False,,|f|i|s|s|i|o|n| |w|a|r|m| |w|e|b|r|e|n|d|e|r|,102210fe594ee9b33d82058545b1ed14f4c8206e,ContentfulSpeedIndex,amazon,True,amazon ContentfulSpeedIndex opt fission warm webrender,,77,ms,firefox,,1707832805,2023-06-07T08:45:52,210.9,5ee71fd842f2101b638b15488f8e630293dacd51,1253014
autoland,3870186,13,f36c3750a6bc0db1e2bc910e5f3a3acace5985a7,windows10-64-shippable-qr,True,False,,|f|i|s|s|i|o|n| |w|a|r|m| |w|e|b|r|e|n|d|e|r|,102210fe594ee9b33d82058545b1ed14f4c8206e,ContentfulSpeedIndex,amazon,True,amazon ContentfulSpeedIndex opt fission warm webrender,,77,ms,firefox,,1707312239,2023-06-07T11:44:03,220.3,5c2039dcc9e34d981b3343ed3819d1f65ef07909,1253076
autoland,3870186,13,f36c3750a6bc0db1e2bc910e5f3a3acace5985a7,windows10-64-shippable-qr,True,False,,|f|i|s|s|i|o|n| |w|a|r|m| |w|e|b|r|e|n|d|e|r|,102210fe594ee9b33d82058545b1ed14f4c8206e,ContentfulSpeedIndex,amazon,True,amazon ContentfulSpeedIndex opt fission warm webrender,,77,ms,firefox,,1707353487,2023-06-07T13:36:12,225.0,ed7804ffc016687db27f68ab46e27c0ffefda3af,1253119
autoland,3870186,13,f36c3750a6bc0db1e2bc910e5f3a3acace5985a7,windows10-64-shippable-qr,True,False,,|f|i|s|s|i|o|n| |w|a|r|m| |w|e|b|r|e|n|d|e|r|,102210fe594ee9b33d82058545b1ed14f4c8206e,ContentfulSpeedIndex,amazon,True,amazon ContentfulSpeedIndex opt fission warm webrender,,77,ms,firefox,,1707452523,2023-06-07T16:40:09,217.8,1e9ddd307894fd2055ca49dcaa461478d0acea9e,1253256
autoland,3870186,13,f36c3750a6bc0db1e2bc910e5f3a3acace5985a7,windows10-64-shippable-qr,True,False,,|f|i|s|s|i|o|n| |w|a|r|m| |w|e|b|r|e|n|d|e|r|,102210fe594ee9b33d82058545b1ed14f4c8206e,ContentfulSpeedIndex,amazon,True,amazon ContentfulSpeedIndex opt fission warm webrender,,77,ms,firefox,,1707626552,2023-06-07T20:51:47,211.8,d777b008615418be897668f8099b9e68f6666a3c,1253401
autoland,3870186,13,f36c3750a6bc0db1e2bc910e5f3a3acace5985a7,windows10-64-shippable-qr,True,False,,|f|i|s|s|i|o|n| |w|a|r|m| |w|e|b|r|e|n|d|e|r|,102210fe594ee9b33d82058545b1ed14f4c8206e,ContentfulSpeedIndex,amazon,True,amazon ContentfulSpeedIndex opt fission warm webrender,,77,ms,firefox,,1707654957,2023-06-07T22:54:42,217.4,c18688c9011d0dc50b79d2f830dbf323c8c75604,1253472
autoland,3870186,13,f36c3750a6bc0db1e2bc910e5f3a3acace5985a7,windows10-64-shippable-qr,True,False,,|f|i|s|s|i|o|n| |w|a|r|m| |w|e|b|r|e|n|d|e|r|,102210fe594ee9b33d82058545b1ed14f4c8206e,ContentfulSpeedIndex,amazon,True,amazon ContentfulSpeedIndex opt fission warm webrender,,77,ms,firefox,,1707781510,2023-06-08T03:47:09,213.1,2b2fb0c1bd13f27bbd5094192791600a5e261c4b,1253596
autoland,3870186,13,f36c3750a6bc0db1e2bc910e5f3a3acace5985a7,windows10-64-shippable-qr,True,False,,|f|i|s|s|i|o|n| |w|a|r|m| |w|e|b|r|e|n|d|e|r|,102210fe594ee9b33d82058545b1ed14f4c8206e,ContentfulSpeedIndex,amazon,True,amazon ContentfulSpeedIndex opt fission warm webrender,,77,ms,firefox,,1707847649,2023-06-08T06:27:32,218.9,d588d40904f7880592d27c083cb64d31864340cb,1253626
autoland,3870186,13,f36c3750a6bc0db1e2bc910e5f3a3acace5985a7,windows10-64-shippable-qr,True,False,,|f|i|s|s|i|o|n| |w|a|r|m| |w|e|b|r|e|n|d|e|r|,102210fe594ee9b33d82058545b1ed14f4c8206e,ContentfulSpeedIndex,amazon,True,amazon ContentfulSpeedIndex opt fission warm webrender,,77,ms,firefox,,1708002193,2023-06-08T10:57:22,213.7,a86d5a3f177d480362c07a9ed34166ae41840ab6,1253788
autoland,3870186,13,f36c3750a6bc0db1e2bc910e5f3a3acace5985a7,windows10-64-shippable-qr,True,False,,|f|i|s|s|i|o|n| |w|a|r|m| |w|e|b|r|e|n|d|e|r|,102210fe594ee9b33d82058545b1ed14f4c8206e,ContentfulSpeedIndex,amazon,True,amazon ContentfulSpeedIndex opt fission warm webrender,,77,ms,firefox,,1708357238,2023-06-08T21:44:04,213.9,c7b3905a77fb83c75344dddb5646c5c7f5d16714,1254265
autoland,3870186,13,f36c3750a6bc0db1e2bc910e5f3a3acace5985a7,windows10-64-shippable-qr,True,False,,|f|i|s|s|i|o|n| |w|a|r|m| |w|e|b|r|e|n|d|e|r|,102210fe594ee9b33d82058545b1ed14f4c8206e,ContentfulSpeedIndex,amazon,True,amazon ContentfulSpeedIndex opt fission warm webrender,,77,ms,firefox,,1708442647,2023-06-09T02:20:20,207.0,d18ffb52540958c2b12d76b4a392e12df3bc4280,1254350
autoland,3870186,13,f36c3750a6bc0db1e2bc910e5f3a3acace5985a7,windows10-64-shippable-qr,True,False,,|f|i|s|s|i|o|n| |w|a|r|m| |w|e|b|r|e|n|d|e|r|,102210fe594ee9b33d82058545b1ed14f4c8206e,ContentfulSpeedIndex,amazon,True,amazon ContentfulSpeedIndex opt fission warm webrender,,77,ms,firefox,,1708505444,2023-06-09T06:38:52,217.9,e76a7e9393add417bcf6a33d7e0c71909cc3c6d9,1254404
autoland,3870186,13,f36c3750a6bc0db1e2bc910e5f3a3acace5985a7,windows10-64-shippable-qr,True,False,,|f|i|s|s|i|o|n| |w|a|r|m| |w|e|b|r|e|n|d|e|r|,102210fe594ee9b33d82058545b1ed14f4c8206e,ContentfulSpeedIndex,amazon,True,amazon ContentfulSpeedIndex opt fission warm webrender,,77,ms,firefox,,1708535420,2023-06-09T08:40:41,204.3,6453bd709950f540a9b961069fe05277eec38c4e,1254469
autoland,3870186,13,f36c3750a6bc0db1e2bc910e5f3a3acace5985a7,windows10-64-shippable-qr,True,False,,|f|i|s|s|i|o|n| |w|a|r|m| |w|e|b|r|e|n|d|e|r|,102210fe594ee9b33d82058545b1ed14f4c8206e,ContentfulSpeedIndex,amazon,True,amazon ContentfulSpeedIndex opt fission warm webrender,,77,ms,firefox,,1708692634,2023-06-09T13:23:42,202.9,7467d3da5f29eddf7cf135a00cef8cf87b5c6911,1254611
autoland,3870186,13,f36c3750a6bc0db1e2bc910e5f3a3acace5985a7,windows10-64-shippable-qr,True,False,,|f|i|s|s|i|o|n| |w|a|r|m| |w|e|b|r|e|n|d|e|r|,102210fe594ee9b33d82058545b1ed14f4c8206e,ContentfulSpeedIndex,amazon,True,amazon ContentfulSpeedIndex opt fission warm webrender,,77,ms,firefox,,1708882344,2023-06-09T18:12:56,214.3,439e88bdf46b8545bcf3fbf4d1cac9bf084df91d,1254830
autoland,3870186,13,f36c3750a6bc0db1e2bc910e5f3a3acace5985a7,windows10-64-shippable-qr,True,False,,|f|i|s|s|i|o|n| |w|a|r|m| |w|e|b|r|e|n|d|e|r|,102210fe594ee9b33d82058545b1ed14f4c8206e,ContentfulSpeedIndex,amazon,True,amazon ContentfulSpeedIndex opt fission warm webrender,,77,ms,firefox,,1708913790,2023-06-09T19:52:31,217.2,14c10deaa83992232930103150b2cb2351a623a5,1254912
autoland,3870186,13,f36c3750a6bc0db1e2bc910e5f3a3acace5985a7,windows10-64-shippable-qr,True,False,,|f|i|s|s|i|o|n| |w|a|r|m| |w|e|b|r|e|n|d|e|r|,102210fe594ee9b33d82058545b1ed14f4c8206e,ContentfulSpeedIndex,amazon,True,amazon ContentfulSpeedIndex opt fission warm webrender,,77,ms,firefox,,1709020045,2023-06-10T01:55:58,208.3,463e881a627c52313496a136abc6c038a4b92af6,1255101
autoland,3870186,13,f36c3750a6bc0db1e2bc910e5f3a3acace5985a7,windows10-64-shippable-qr,True,False,,|f|i|s|s|i|o|n| |w|a|r|m| |w|e|b|r|e|n|d|e|r|,102210fe594ee9b33d82058545b1ed14f4c8206e,ContentfulSpeedIndex,amazon,True,amazon ContentfulSpeedIndex opt fission warm webrender,,77,ms,firefox,,1709160799,2023-06-10T13:36:02,215.2,9c9d29101b3d0533b84b4e75dc06e89fcad3d31a,1255207
autoland,3870186,13,f36c3750a6bc0db1e2bc910e5f3a3acace5985a7,windows10-64-shippable-qr,True,False,,|f|i|s|s|i|o|n| |w|a|r|m| |w|e|b|r|e|n|d|e|r|,102210fe594ee9b33d82058545b1ed14f4c8206e,ContentfulSpeedIndex,amazon,True,amazon ContentfulSpeedIndex opt fission warm webrender,,77,ms,firefox,,1709225098,2023-06-10T18:37:05,212.1,879c6932bb49782e5edfdbe48e93d997a2646d84,1255264
autoland,3870186,13,f36c3750a6bc0db1e2bc910e5f3a3acace5985a7,windows10-64-shippable-qr,True,False,,|f|i|s|s|i|o|n| |w|a|r|m| |w|e|b|r|e|n|d|e|r|,102210fe594ee9b33d82058545b1ed14f4c8206e,ContentfulSpeedIndex,amazon,True,amazon ContentfulSpeedIndex opt fission warm webrender,,77,ms,firefox,,1709258399,2023-06-10T20:39:30,213.3,711b87deb431206775bf67c5b0d04ace33eb3660,1255276
autoland,3870186,13,f36c3750a6bc0db1e2bc910e5f3a3acace5985a7,windows10-64-shippable-qr,True,False,,|f|i|s|s|i|o|n| |w|a|r|m| |w|e|b|r|e|n|d|e|r|,102210fe594ee9b33d82058545b1ed14f4c8206e,ContentfulSpeedIndex,amazon,True,amazon ContentfulSpeedIndex opt fission warm webrender,,77,ms,firefox,,1709467807,2023-06-11T14:35:35,219.9,3904ff924b73ed2df5a530453ab025bb1c2fdf90,1255360
autoland,3870186,13,f36c3750a6bc0db1e2bc910e5f3a3acace5985a7,windows10-64-shippable-qr,True,False,,|f|i|s|s|i|o|n| |w|a|r|m| |w|e|b|r|e|n|d|e|r|,102210fe594ee9b33d82058545b1ed14f4c8206e,ContentfulSpeedIndex,amazon,True,amazon ContentfulSpeedIndex opt fission warm webrender,,77,ms,firefox,,1709534936,2023-06-11T19:10:58,217.1,af0665af954105365927736b6a65c4d28533bc4d,1255387
autoland,3870186,13,f36c3750a6bc0db1e2bc910e5f3a3acace5985a7,windows10-64-shippable-qr,True,False,,|f|i|s|s|i|o|n| |w|a|r|m| |w|e|b|r|e|n|d|e|r|,102210fe594ee9b33d82058545b1ed14f4c8206e,ContentfulSpeedIndex,amazon,True,amazon ContentfulSpeedIndex opt fission warm webrender,,77,ms,firefox,,1709606521,2023-06-12T00:14:44,214.8,c73c9ac3fe19822fcf08c5bd0bc112056008b4da,1255422
autoland,3870186,13,f36c3750a6bc0db1e2bc910e5f3a3acace5985a7,windows10-64-shippable-qr,True,False,,|f|i|s|s|i|o|n| |w|a|r|m| |w|e|b|r|e|n|d|e|r|,102210fe594ee9b33d82058545b1ed14f4c8206e,ContentfulSpeedIndex,amazon,True,amazon ContentfulSpeedIndex opt fission warm webrender,,77,ms,firefox,,1709655359,2023-06-12T04:46:29,221.7,25564434f810ceea8a17b730bd5498b0ca9856c4,1255461
autoland,3870186,13,f36c3750a6bc0db1e2bc910e5f3a3acace5985a7,windows10-64-shippable-qr,True,False,,|f|i|s|s|i|o|n| |w|a|r|m| |w|e|b|r|e|n|d|e|r|,102210fe594ee9b33d82058545b1ed14f4c8206e,ContentfulSpeedIndex,amazon,True,amazon ContentfulSpeedIndex opt fission warm webrender,,77,ms,firefox,,1709743303,2023-06-12T09:00:15,215.3,6c51face7335165a532e8f6b035a975ced1be55c,1255535
autoland,3870186,13,f36c3750a6bc0db1e2bc910e5f3a3acace5985a7,windows10-64-shippable-qr,True,False,,|f|i|s|s|i|o|n| |w|a|r|m| |w|e|b|r|e|n|d|e|r|,102210fe594ee9b33d82058545b1ed14f4c8206e,ContentfulSpeedIndex,amazon,True,amazon ContentfulSpeedIndex opt fission warm webrender,,77,ms,firefox,,1709768878,2023-06-12T09:27:15,212.5,1dc3aecfed3a924c48ee323c36ee1e783f836dd7,1255558
autoland,3870186,13,f36c3750a6bc0db1e2bc910e5f3a3acace5985a7,windows10-64-shippable-qr,True,False,,|f|i|s|s|i|o|n| |w|a|r|m| |w|e|b|r|e|n|d|e|r|,102210fe594ee9b33d82058545b1ed14f4c8206e,ContentfulSpeedIndex,amazon,True,amazon ContentfulSpeedIndex opt fission warm webrender,,77,ms,firefox,,1709995634,2023-06-12T14:14:19,215.3,ee618a493ff9c25c0ecb9dc6087a6179874541da,1255741
autoland,3870186,13,f36c3750a6bc0db1e2bc910e5f3a3acace5985a7,windows10-64-shippable-qr,True,False,,|f|i|s|s|i|o|n| |w|a|r|m| |w|e|b|r|e|n|d|e|r|,102210fe594ee9b33d82058545b1ed14f4c8206e,ContentfulSpeedIndex,amazon,True,amazon ContentfulSpeedIndex opt fission warm webrender,,77,ms,firefox,,1710066388,2023-06-12T17:28:50,205.9,53b4b785ae2a7f70257069e77b138fe36b53698a,1255840
autoland,3870186,13,f36c3750a6bc0db1e2bc910e5f3a3acace5985a7,windows10-64-shippable-qr,True,False,,|f|i|s|s|i|o|n| |w|a|r|m| |w|e|b|r|e|n|d|e|r|,102210fe594ee9b33d82058545b1ed14f4c8206e,ContentfulSpeedIndex,amazon,True,amazon ContentfulSpeedIndex opt fission warm webrender,,77,ms,firefox,,1710200416,2023-06-12T21:22:21,210.3,eff1078e2398a9021cd61a20eff8062a582128e2,1256012
autoland,3870186,13,f36c3750a6bc0db1e2bc910e5f3a3acace5985a7,windows10-64-shippable-qr,True,False,,|f|i|s|s|i|o|n| |w|a|r|m| |w|e|b|r|e|n|d|e|r|,102210fe594ee9b33d82058545b1ed14f4c8206e,ContentfulSpeedIndex,amazon,True,amazon ContentfulSpeedIndex opt fission warm webrender,,77,ms,firefox,,1710273255,2023-06-13T02:32:41,214.1,2bdaa9d6ac390362734ba199115ca10186243e87,1256169
autoland,3870186,13,f36c3750a6bc0db1e2bc910e5f3a3acace5985a7,windows10-64-shippable-qr,True,False,,|f|i|s|s|i|o|n| |w|a|r|m| |w|e|b|r|e|n|d|e|r|,102210fe594ee9b33d82058545b1ed14f4c8206e,ContentfulSpeedIndex,amazon,True,amazon ContentfulSpeedIndex opt fission warm webrender,,77,ms,firefox,,1710357110,2023-06-13T05:20:45,206.7,1a37acad51201ba77a18b0951d3a93bc8c9eebf7,1256212
autoland,3870186,13,f36c3750a6bc0db1e2bc910e5f3a3acace5985a7,windows10-64-shippable-qr,True,False,,|f|i|s|s|i|o|n| |w|a|r|m| |w|e|b|r|e|n|d|e|r|,102210fe594ee9b33d82058545b1ed14f4c8206e,ContentfulSpeedIndex,amazon,True,amazon ContentfulSpeedIndex opt fission warm webrender,,77,ms,firefox,,1710415574,2023-06-13T09:27:30,209.8,c7b5ae0c3e2d58a11af3dbe818dd67837d0ff44a,1256328
autoland,3870186,13,f36c3750a6bc0db1e2bc910e5f3a3acace5985a7,windows10-64-shippable-qr,True,False,,|f|i|s|s|i|o|n| |w|a|r|m| |w|e|b|r|e|n|d|e|r|,102210fe594ee9b33d82058545b1ed14f4c8206e,ContentfulSpeedIndex,amazon,True,amazon ContentfulSpeedIndex opt fission warm webrender,,77,ms,firefox,,1710454059,2023-06-13T10:02:00,212.0,2b9574ef0cc196618dae379b79b53958470216b3,1256346
autoland,3870186,13,f36c3750a6bc0db1e2bc910e5f3a3acace5985a7,windows10-64-shippable-qr,True,False,,|f|i|s|s|i|o|n| |w|a|r|m| |w|e|b|r|e|n|d|e|r|,102210fe594ee9b33d82058545b1ed14f4c8206e,ContentfulSpeedIndex,amazon,True,amazon ContentfulSpeedIndex opt fission warm webrender,,77,ms,firefox,,1710953353,2023-06-13T12:47:53,207.8,c664c5443475712b02f770a02883311bc7cc80c6,1256439
autoland,3870186,13,f36c3750a6bc0db1e2bc910e5f3a3acace5985a7,windows10-64-shippable-qr,True,False,,|f|i|s|s|i|o|n| |w|a|r|m| |w|e|b|r|e|n|d|e|r|,102210fe594ee9b33d82058545b1ed14f4c8206e,ContentfulSpeedIndex,amazon,True,amazon ContentfulSpeedIndex opt fission warm webrender,,77,ms,firefox,,1710964350,2023-06-13T12:48:46,213.5,e0c5d4002c779b972605e257db6a710408da603d,1256441
autoland,3870186,13,f36c3750a6bc0db1e2bc910e5f3a3acace5985a7,windows10-64-shippable-qr,True,False,,|f|i|s|s|i|o|n| |w|a|r|m| |w|e|b|r|e|n|d|e|r|,102210fe594ee9b33d82058545b1ed14f4c8206e,ContentfulSpeedIndex,amazon,True,amazon ContentfulSpeedIndex opt fission warm webrender,,77,ms,firefox,,1710559204,2023-06-13T13:01:33,216.5,8cd7aee6cae85ce9804794d4a45bc2f34aa04b66,1256450
autoland,3870186,13,f36c3750a6bc0db1e2bc910e5f3a3acace5985a7,windows10-64-shippable-qr,True,False,,|f|i|s|s|i|o|n| |w|a|r|m| |w|e|b|r|e|n|d|e|r|,102210fe594ee9b33d82058545b1ed14f4c8206e,ContentfulSpeedIndex,amazon,True,amazon ContentfulSpeedIndex opt fission warm webrender,,77,ms,firefox,,1710661372,2023-06-13T16:01:20,211.7,93520e8ffd9617b46d026ea530fde0169def3a80,1256570
autoland,3870186,13,f36c3750a6bc0db1e2bc910e5f3a3acace5985a7,windows10-64-shippable-qr,True,False,,|f|i|s|s|i|o|n| |w|a|r|m| |w|e|b|r|e|n|d|e|r|,102210fe594ee9b33d82058545b1ed14f4c8206e,ContentfulSpeedIndex,amazon,True,amazon ContentfulSpeedIndex opt fission warm webrender,,77,ms,firefox,,1710945913,2023-06-13T17:10:55,211.4,4bc380c5e43a824ca233967781ba2e23cd65ffb3,1256622
autoland,3870186,13,f36c3750a6bc0db1e2bc910e5f3a3acace5985a7,windows10-64-shippable-qr,True,False,,|f|i|s|s|i|o|n| |w|a|r|m| |w|e|b|r|e|n|d|e|r|,102210fe594ee9b33d82058545b1ed14f4c8206e,ContentfulSpeedIndex,amazon,True,amazon ContentfulSpeedIndex opt fission warm webrender,,77,ms,firefox,,1710971601,2023-06-13T17:25:10,202.2,1f345f63ab5a041a7f2c636003fc9201016e7051,1256628
autoland,3870186,13,f36c3750a6bc0db1e2bc910e5f3a3acace5985a7,windows10-64-shippable-qr,True,False,,|f|i|s|s|i|o|n| |w|a|r|m| |w|e|b|r|e|n|d|e|r|,102210fe594ee9b33d82058545b1ed14f4c8206e,ContentfulSpeedIndex,amazon,True,amazon ContentfulSpeedIndex opt fission warm webrender,,77,ms,firefox,,1710750570,2023-06-13T18:36:15,218.4,2d8fa86b279358b19ca794787248a9600c86ef5a,1256676
autoland,3870186,13,f36c3750a6bc0db1e2bc910e5f3a3acace5985a7,windows10-64-shippable-qr,True,False,,|f|i|s|s|i|o|n| |w|a|r|m| |w|e|b|r|e|n|d|e|r|,102210fe594ee9b33d82058545b1ed14f4c8206e,ContentfulSpeedIndex,amazon,True,amazon ContentfulSpeedIndex opt fission warm webrender,,77,ms,firefox,,1710843694,2023-06-13T22:49:33,212.1,0e2078b102ffd940ea83c3a5a8b1a176bdd3a8fb,1256827
autoland,3870186,13,f36c3750a6bc0db1e2bc910e5f3a3acace5985a7,windows10-64-shippable-qr,True,False,,|f|i|s|s|i|o|n| |w|a|r|m| |w|e|b|r|e|n|d|e|r|,102210fe594ee9b33d82058545b1ed14f4c8206e,ContentfulSpeedIndex,amazon,True,amazon ContentfulSpeedIndex opt fission warm webrender,,77,ms,firefox,,1710882706,2023-06-14T00:25:00,217.3,4c6c30b03e25cbd9d4dfc96f082e8cf241f51109,1256858
autoland,3870186,13,f36c3750a6bc0db1e2bc910e5f3a3acace5985a7,windows10-64-shippable-qr,True,False,,|f|i|s|s|i|o|n| |w|a|r|m| |w|e|b|r|e|n|d|e|r|,102210fe594ee9b33d82058545b1ed14f4c8206e,ContentfulSpeedIndex,amazon,True,amazon ContentfulSpeedIndex opt fission warm webrender,,77,ms,firefox,,1710981982,2023-06-14T05:14:15,216.6,b9e3497b939c3bdfee632c7297184b79cfeec9cc,1256948
autoland,3870186,13,f36c3750a6bc0db1e2bc910e5f3a3acace5985a7,windows10-64-shippable-qr,True,False,,|f|i|s|s|i|o|n| |w|a|r|m| |w|e|b|r|e|n|d|e|r|,102210fe594ee9b33d82058545b1ed14f4c8206e,ContentfulSpeedIndex,amazon,True,amazon ContentfulSpeedIndex opt fission warm webrender,,77,ms,firefox,,1711077768,2023-06-14T11:48:24,216.6,c6fa16c28b26a19d81b8853153057f32cec6f2fd,1257091
autoland,3870186,13,f36c3750a6bc0db1e2bc910e5f3a3acace5985a7,windows10-64-shippable-qr,True,False,,|f|i|s|s|i|o|n| |w|a|r|m| |w|e|b|r|e|n|d|e|r|,102210fe594ee9b33d82058545b1ed14f4c8206e,ContentfulSpeedIndex,amazon,True,amazon ContentfulSpeedIndex opt fission warm webrender,,77,ms,firefox,,1711197376,2023-06-14T13:20:02,217.2,928a5d849e038bf4277f06519f8f7ab3c94cc7ff,1257127
autoland,3870186,13,f36c3750a6bc0db1e2bc910e5f3a3acace5985a7,windows10-64-shippable-qr,True,False,,|f|i|s|s|i|o|n| |w|a|r|m| |w|e|b|r|e|n|d|e|r|,102210fe594ee9b33d82058545b1ed14f4c8206e,ContentfulSpeedIndex,amazon,True,amazon ContentfulSpeedIndex opt fission warm webrender,,77,ms,firefox,,1711709624,2023-06-14T13:53:45,220.4,029016670d4aed9df8e1718a7ab5d9d7ec471a98,1257145
autoland,3870186,13,f36c3750a6bc0db1e2bc910e5f3a3acace5985a7,windows10-64-shippable-qr,True,False,,|f|i|s|s|i|o|n| |w|a|r|m| |w|e|b|r|e|n|d|e|r|,102210fe594ee9b33d82058545b1ed14f4c8206e,ContentfulSpeedIndex,amazon,True,amazon ContentfulSpeedIndex opt fission warm webrender,,77,ms,firefox,,1711731881,2023-06-14T14:11:42,205.0,0accfdd3671420ce9a3da67370e1cb587c9a4161,1257150
autoland,3870186,13,f36c3750a6bc0db1e2bc910e5f3a3acace5985a7,windows10-64-shippable-qr,True,False,,|f|i|s|s|i|o|n| |w|a|r|m| |w|e|b|r|e|n|d|e|r|,102210fe594ee9b33d82058545b1ed14f4c8206e,ContentfulSpeedIndex,amazon,True,amazon ContentfulSpeedIndex opt fission warm webrender,,77,ms,firefox,,1711346093,2023-06-14T17:41:50,214.4,933dd3c3e1c8beb677df8e4d51b1e99b41599f65,1257281
autoland,3870186,13,f36c3750a6bc0db1e2bc910e5f3a3acace5985a7,windows10-64-shippable-qr,True,False,,|f|i|s|s|i|o|n| |w|a|r|m| |w|e|b|r|e|n|d|e|r|,102210fe594ee9b33d82058545b1ed14f4c8206e,ContentfulSpeedIndex,amazon,True,amazon ContentfulSpeedIndex opt fission warm webrender,,77,ms,firefox,,1711382259,2023-06-14T18:25:51,214.0,d730841eed9459e5541190a9525313fb1ff98e75,1257330
autoland,3870186,13,f36c3750a6bc0db1e2bc910e5f3a3acace5985a7,windows10-64-shippable-qr,True,False,,|f|i|s|s|i|o|n| |w|a|r|m| |w|e|b|r|e|n|d|e|r|,102210fe594ee9b33d82058545b1ed14f4c8206e,ContentfulSpeedIndex,amazon,True,amazon ContentfulSpeedIndex opt fission warm webrender,,77,ms,firefox,,1711676855,2023-06-14T18:37:02,207.9,9d6b12a756cbe33157704576e141c57a2d6e2bf5,1257344
autoland,3870186,13,f36c3750a6bc0db1e2bc910e5f3a3acace5985a7,windows10-64-shippable-qr,True,False,,|f|i|s|s|i|o|n| |w|a|r|m| |w|e|b|r|e|n|d|e|r|,102210fe594ee9b33d82058545b1ed14f4c8206e,ContentfulSpeedIndex,amazon,True,amazon ContentfulSpeedIndex opt fission warm webrender,,77,ms,firefox,,1711723408,2023-06-14T18:39:05,207.2,3e7bf8f8a9a8ecebd1c1bd851e35577660e48a97,1257346
autoland,3870186,13,f36c3750a6bc0db1e2bc910e5f3a3acace5985a7,windows10-64-shippable-qr,True,False,,|f|i|s|s|i|o|n| |w|a|r|m| |w|e|b|r|e|n|d|e|r|,102210fe594ee9b33d82058545b1ed14f4c8206e,ContentfulSpeedIndex,amazon,True,amazon ContentfulSpeedIndex opt fission warm webrender,,77,ms,firefox,,1711453173,2023-06-14T20:09:05,209.2,ff79aa6f7ba8605e7ea59acddd521284f75136e4,1257422
autoland,3870186,13,f36c3750a6bc0db1e2bc910e5f3a3acace5985a7,windows10-64-shippable-qr,True,False,,|f|i|s|s|i|o|n| |w|a|r|m| |w|e|b|r|e|n|d|e|r|,102210fe594ee9b33d82058545b1ed14f4c8206e,ContentfulSpeedIndex,amazon,True,amazon ContentfulSpeedIndex opt fission warm webrender,,77,ms,firefox,,1712595104,2023-06-14T21:11:42,220.7,e29245b924d668d1f9ebd201253efd9bbe760b42,1257477
autoland,3870186,13,f36c3750a6bc0db1e2bc910e5f3a3acace5985a7,windows10-64-shippable-qr,True,False,,|f|i|s|s|i|o|n| |w|a|r|m| |w|e|b|r|e|n|d|e|r|,102210fe594ee9b33d82058545b1ed14f4c8206e,ContentfulSpeedIndex,amazon,True,amazon ContentfulSpeedIndex opt fission warm webrender,,77,ms,firefox,,1712595223,2023-06-14T21:12:34,206.5,77c00d26c5f93e24f31ae9135d83e3ed0b90e2d6,1257478
autoland,3870186,13,f36c3750a6bc0db1e2bc910e5f3a3acace5985a7,windows10-64-shippable-qr,True,False,,|f|i|s|s|i|o|n| |w|a|r|m| |w|e|b|r|e|n|d|e|r|,102210fe594ee9b33d82058545b1ed14f4c8206e,ContentfulSpeedIndex,amazon,True,amazon ContentfulSpeedIndex opt fission warm webrender,,77,ms,firefox,,1712594579,2023-06-14T21:13:23,218.5,9ba5a5405490d5aac649c3827b230fd700ca1449,1257480
autoland,3870186,13,f36c3750a6bc0db1e2bc910e5f3a3acace5985a7,windows10-64-shippable-qr,True,False,,|f|i|s|s|i|o|n| |w|a|r|m| |w|e|b|r|e|n|d|e|r|,102210fe594ee9b33d82058545b1ed14f4c8206e,ContentfulSpeedIndex,amazon,True,amazon ContentfulSpeedIndex opt fission warm webrender,,77,ms,firefox,,1712595700,2023-06-14T21:14:12,213.9,44e3de76601103aeb357b50fbbc851a815248bc9,1257481
autoland,3870186,13,f36c3750a6bc0db1e2bc910e5f3a3acace5985a7,windows10-64-shippable-qr,True,False,,|f|i|s|s|i|o|n| |w|a|r|m| |w|e|b|r|e|n|d|e|r|,102210fe594ee9b33d82058545b1ed14f4c8206e,ContentfulSpeedIndex,amazon,True,amazon ContentfulSpeedIndex opt fission warm webrender,,77,ms,firefox,,1712596726,2023-06-14T21:15:08,211.3,b4f612b0cfb8e477f969160baeb5bf89d8e66f46,1257482
autoland,3870186,13,f36c3750a6bc0db1e2bc910e5f3a3acace5985a7,windows10-64-shippable-qr,True,False,,|f|i|s|s|i|o|n| |w|a|r|m| |w|e|b|r|e|n|d|e|r|,102210fe594ee9b33d82058545b1ed14f4c8206e,ContentfulSpeedIndex,amazon,True,amazon ContentfulSpeedIndex opt fission warm webrender,,77,ms,firefox,,1712596254,2023-06-14T21:16:13,205.5,63ccd00a399a8423226295df82ff93920cfa1889,1257486
autoland,3870186,13,f36c3750a6bc0db1e2bc910e5f3a3acace5985a7,windows10-64-shippable-qr,True,False,,|f|i|s|s|i|o|n| |w|a|r|m| |w|e|b|r|e|n|d|e|r|,102210fe594ee9b33d82058545b1ed14f4c8206e,ContentfulSpeedIndex,amazon,True,amazon ContentfulSpeedIndex opt fission warm webrender,,77,ms,firefox,,1712597113,2023-06-14T21:17:26,213.0,0ebda393786b0626290fd39412c47a8ba21e2171,1257487
autoland,3870186,13,f36c3750a6bc0db1e2bc910e5f3a3acace5985a7,windows10-64-shippable-qr,True,False,,|f|i|s|s|i|o|n| |w|a|r|m| |w|e|b|r|e|n|d|e|r|,102210fe594ee9b33d82058545b1ed14f4c8206e,ContentfulSpeedIndex,amazon,True,amazon ContentfulSpeedIndex opt fission warm webrender,,77,ms,firefox,,1712596444,2023-06-14T21:18:20,210.0,4aafabc53b6a7176800f2cea70fe967b27303659,1257489
autoland,3870186,13,f36c3750a6bc0db1e2bc910e5f3a3acace5985a7,windows10-64-shippable-qr,True,False,,|f|i|s|s|i|o|n| |w|a|r|m| |w|e|b|r|e|n|d|e|r|,102210fe594ee9b33d82058545b1ed14f4c8206e,ContentfulSpeedIndex,amazon,True,amazon ContentfulSpeedIndex opt fission warm webrender,,77,ms,firefox,,1712596981,2023-06-14T21:19:47,214.0,30738d539d3f3e96904c86962d622b68d2469a70,1257490
autoland,3870186,13,f36c3750a6bc0db1e2bc910e5f3a3acace5985a7,windows10-64-shippable-qr,True,False,,|f|i|s|s|i|o|n| |w|a|r|m| |w|e|b|r|e|n|d|e|r|,102210fe594ee9b33d82058545b1ed14f4c8206e,ContentfulSpeedIndex,amazon,True,amazon ContentfulSpeedIndex opt fission warm webrender,,77,ms,firefox,,1711500418,2023-06-14T21:46:45,214.6,4b1c6fc1fc0f3e664d546c4bf5c24f0c157bc2c5,1257512
autoland,3870186,13,f36c3750a6bc0db1e2bc910e5f3a3acace5985a7,windows10-64-shippable-qr,True,False,,|f|i|s|s|i|o|n| |w|a|r|m| |w|e|b|r|e|n|d|e|r|,102210fe594ee9b33d82058545b1ed14f4c8206e,ContentfulSpeedIndex,amazon,True,amazon ContentfulSpeedIndex opt fission warm webrender,,77,ms,firefox,,1712985061,2023-06-14T21:52:34,211.1,775a6521f77bd6dfb28ea80bb6ea016ad637ed6c,1257518
autoland,3870186,13,f36c3750a6bc0db1e2bc910e5f3a3acace5985a7,windows10-64-shippable-qr,True,False,,|f|i|s|s|i|o|n| |w|a|r|m| |w|e|b|r|e|n|d|e|r|,102210fe594ee9b33d82058545b1ed14f4c8206e,ContentfulSpeedIndex,amazon,True,amazon ContentfulSpeedIndex opt fission warm webrender,,77,ms,firefox,,1712968151,2023-06-14T21:53:33,210.1,cb7ed7cd174464447fc0245af2ecc47997579867,1257520
autoland,3870186,13,f36c3750a6bc0db1e2bc910e5f3a3acace5985a7,windows10-64-shippable-qr,True,False,,|f|i|s|s|i|o|n| |w|a|r|m| |w|e|b|r|e|n|d|e|r|,102210fe594ee9b33d82058545b1ed14f4c8206e,ContentfulSpeedIndex,amazon,True,amazon ContentfulSpeedIndex opt fission warm webrender,,77,ms,firefox,,1712973166,2023-06-14T22:20:31,205.7,2aa09387c97a62c95503c6654062e6c4681045dc,1257542
autoland,3870186,13,f36c3750a6bc0db1e2bc910e5f3a3acace5985a7,windows10-64-shippable-qr,True,False,,|f|i|s|s|i|o|n| |w|a|r|m| |w|e|b|r|e|n|d|e|r|,102210fe594ee9b33d82058545b1ed14f4c8206e,ContentfulSpeedIndex,amazon,True,amazon ContentfulSpeedIndex opt fission warm webrender,,77,ms,firefox,,1712972566,2023-06-14T22:20:31,211.5,2aa09387c97a62c95503c6654062e6c4681045dc,1257542
autoland,3870186,13,f36c3750a6bc0db1e2bc910e5f3a3acace5985a7,windows10-64-shippable-qr,True,False,,|f|i|s|s|i|o|n| |w|a|r|m| |w|e|b|r|e|n|d|e|r|,102210fe594ee9b33d82058545b1ed14f4c8206e,ContentfulSpeedIndex,amazon,True,amazon ContentfulSpeedIndex opt fission warm webrender,,77,ms,firefox,,1712985748,2023-06-14T22:26:58,210.0,42ce1dad51edaebd8da2f08c22a9011651217e13,1257548
autoland,3870186,13,f36c3750a6bc0db1e2bc910e5f3a3acace5985a7,windows10-64-shippable-qr,True,False,,|f|i|s|s|i|o|n| |w|a|r|m| |w|e|b|r|e|n|d|e|r|,102210fe594ee9b33d82058545b1ed14f4c8206e,ContentfulSpeedIndex,amazon,True,amazon ContentfulSpeedIndex opt fission warm webrender,,77,ms,firefox,,1712968969,2023-06-14T22:57:37,229.1,f9a60b1fb1fcbdf257a253cd78f89de6fe9b3b5e,1257572
autoland,3870186,13,f36c3750a6bc0db1e2bc910e5f3a3acace5985a7,windows10-64-shippable-qr,True,False,,|f|i|s|s|i|o|n| |w|a|r|m| |w|e|b|r|e|n|d|e|r|,102210fe594ee9b33d82058545b1ed14f4c8206e,ContentfulSpeedIndex,amazon,True,amazon ContentfulSpeedIndex opt fission warm webrender,,77,ms,firefox,,1712969804,2023-06-14T22:57:37,219.0,f9a60b1fb1fcbdf257a253cd78f89de6fe9b3b5e,1257572
autoland,3870186,13,f36c3750a6bc0db1e2bc910e5f3a3acace5985a7,windows10-64-shippable-qr,True,False,,|f|i|s|s|i|o|n| |w|a|r|m| |w|e|b|r|e|n|d|e|r|,102210fe594ee9b33d82058545b1ed14f4c8206e,ContentfulSpeedIndex,amazon,True,amazon ContentfulSpeedIndex opt fission warm webrender,,77,ms,firefox,,1712969937,2023-06-14T23:29:08,213.5,513f9d3ebb82c8a1cfdacdaa1d59d0fcdd1248f6,1257599
autoland,3870186,13,f36c3750a6bc0db1e2bc910e5f3a3acace5985a7,windows10-64-shippable-qr,True,False,,|f|i|s|s|i|o|n| |w|a|r|m| |w|e|b|r|e|n|d|e|r|,102210fe594ee9b33d82058545b1ed14f4c8206e,ContentfulSpeedIndex,amazon,True,amazon ContentfulSpeedIndex opt fission warm webrender,,77,ms,firefox,,1712970413,2023-06-14T23:29:58,204.5,d27fd70e433589624149fb52aa29dc2b5e5bbecf,1257600
autoland,3870186,13,f36c3750a6bc0db1e2bc910e5f3a3acace5985a7,windows10-64-shippable-qr,True,False,,|f|i|s|s|i|o|n| |w|a|r|m| |w|e|b|r|e|n|d|e|r|,102210fe594ee9b33d82058545b1ed14f4c8206e,ContentfulSpeedIndex,amazon,True,amazon ContentfulSpeedIndex opt fission warm webrender,,77,ms,firefox,,1712971017,2023-06-14T23:29:58,205.8,d27fd70e433589624149fb52aa29dc2b5e5bbecf,1257600
autoland,3870186,13,f36c3750a6bc0db1e2bc910e5f3a3acace5985a7,windows10-64-shippable-qr,True,False,,|f|i|s|s|i|o|n| |w|a|r|m| |w|e|b|r|e|n|d|e|r|,102210fe594ee9b33d82058545b1ed14f4c8206e,ContentfulSpeedIndex,amazon,True,amazon ContentfulSpeedIndex opt fission warm webrender,,77,ms,firefox,,1712969301,2023-06-14T23:30:46,214.0,550387c912c9081fd629603e8fb0e540eb9b30c1,1257602
autoland,3870186,13,f36c3750a6bc0db1e2bc910e5f3a3acace5985a7,windows10-64-shippable-qr,True,False,,|f|i|s|s|i|o|n| |w|a|r|m| |w|e|b|r|e|n|d|e|r|,102210fe594ee9b33d82058545b1ed14f4c8206e,ContentfulSpeedIndex,amazon,True,amazon ContentfulSpeedIndex opt fission warm webrender,,77,ms,firefox,,1712984715,2023-06-14T23:30:46,205.2,550387c912c9081fd629603e8fb0e540eb9b30c1,1257602
autoland,3870186,13,f36c3750a6bc0db1e2bc910e5f3a3acace5985a7,windows10-64-shippable-qr,True,False,,|f|i|s|s|i|o|n| |w|a|r|m| |w|e|b|r|e|n|d|e|r|,102210fe594ee9b33d82058545b1ed14f4c8206e,ContentfulSpeedIndex,amazon,True,amazon ContentfulSpeedIndex opt fission warm webrender,,77,ms,firefox,,1712678622,2023-06-14T23:31:39,202.6,e637dc2466d46339bd454a36b17578805a703e93,1257603
autoland,3870186,13,f36c3750a6bc0db1e2bc910e5f3a3acace5985a7,windows10-64-shippable-qr,True,False,,|f|i|s|s|i|o|n| |w|a|r|m| |w|e|b|r|e|n|d|e|r|,102210fe594ee9b33d82058545b1ed14f4c8206e,ContentfulSpeedIndex,amazon,True,amazon ContentfulSpeedIndex opt fission warm webrender,,77,ms,firefox,,1712644389,2023-06-14T23:33:14,212.3,f3ec770d7511f21a227ace0a843acb622f686a1c,1257604
autoland,3870186,13,f36c3750a6bc0db1e2bc910e5f3a3acace5985a7,windows10-64-shippable-qr,True,False,,|f|i|s|s|i|o|n| |w|a|r|m| |w|e|b|r|e|n|d|e|r|,102210fe594ee9b33d82058545b1ed14f4c8206e,ContentfulSpeedIndex,amazon,True,amazon ContentfulSpeedIndex opt fission warm webrender,,77,ms,firefox,,1712644802,2023-06-14T23:36:14,203.3,46e2145e66ddbaba1b9185cebd86c76f60270473,1257607
autoland,3870186,13,f36c3750a6bc0db1e2bc910e5f3a3acace5985a7,windows10-64-shippable-qr,True,False,,|f|i|s|s|i|o|n| |w|a|r|m| |w|e|b|r|e|n|d|e|r|,102210fe594ee9b33d82058545b1ed14f4c8206e,ContentfulSpeedIndex,amazon,True,amazon ContentfulSpeedIndex opt fission warm webrender,,77,ms,firefox,,1712669845,2023-06-15T00:21:58,209.2,2200d22a37dd7278fa6f151c2d1a1100efaec0e7,1257627
autoland,3870186,13,f36c3750a6bc0db1e2bc910e5f3a3acace5985a7,windows10-64-shippable-qr,True,False,,|f|i|s|s|i|o|n| |w|a|r|m| |w|e|b|r|e|n|d|e|r|,102210fe594ee9b33d82058545b1ed14f4c8206e,ContentfulSpeedIndex,amazon,True,amazon ContentfulSpeedIndex opt fission warm webrender,,77,ms,firefox,,1712672638,2023-06-15T00:32:06,215.4,dd8c4852148ddcef2fa3b1723d80559b663bcfa9,1257632
autoland,3870186,13,f36c3750a6bc0db1e2bc910e5f3a3acace5985a7,windows10-64-shippable-qr,True,False,,|f|i|s|s|i|o|n| |w|a|r|m| |w|e|b|r|e|n|d|e|r|,102210fe594ee9b33d82058545b1ed14f4c8206e,ContentfulSpeedIndex,amazon,True,amazon ContentfulSpeedIndex opt fission warm webrender,,77,ms,firefox,,1712672458,2023-06-15T00:32:06,220.0,dd8c4852148ddcef2fa3b1723d80559b663bcfa9,1257632
autoland,3870186,13,f36c3750a6bc0db1e2bc910e5f3a3acace5985a7,windows10-64-shippable-qr,True,False,,|f|i|s|s|i|o|n| |w|a|r|m| |w|e|b|r|e|n|d|e|r|,102210fe594ee9b33d82058545b1ed14f4c8206e,ContentfulSpeedIndex,amazon,True,amazon ContentfulSpeedIndex opt fission warm webrender,,77,ms,firefox,,1712675623,2023-06-15T01:10:18,217.7,f79a5c376cee537c475ff187d9003ec2a28a2127,1257643
autoland,3870186,13,f36c3750a6bc0db1e2bc910e5f3a3acace5985a7,windows10-64-shippable-qr,True,False,,|f|i|s|s|i|o|n| |w|a|r|m| |w|e|b|r|e|n|d|e|r|,102210fe594ee9b33d82058545b1ed14f4c8206e,ContentfulSpeedIndex,amazon,True,amazon ContentfulSpeedIndex opt fission warm webrender,,77,ms,firefox,,1712676117,2023-06-15T01:10:18,226.2,f79a5c376cee537c475ff187d9003ec2a28a2127,1257643
autoland,3870186,13,f36c3750a6bc0db1e2bc910e5f3a3acace5985a7,windows10-64-shippable-qr,True,False,,|f|i|s|s|i|o|n| |w|a|r|m| |w|e|b|r|e|n|d|e|r|,102210fe594ee9b33d82058545b1ed14f4c8206e,ContentfulSpeedIndex,amazon,True,amazon ContentfulSpeedIndex opt fission warm webrender,,77,ms,firefox,,1712669241,2023-06-15T01:34:18,213.9,d3f82b96482962efb74477843c8255914df72629,1257651
autoland,3870186,13,f36c3750a6bc0db1e2bc910e5f3a3acace5985a7,windows10-64-shippable-qr,True,False,,|f|i|s|s|i|o|n| |w|a|r|m| |w|e|b|r|e|n|d|e|r|,102210fe594ee9b33d82058545b1ed14f4c8206e,ContentfulSpeedIndex,amazon,True,amazon ContentfulSpeedIndex opt fission warm webrender,,77,ms,firefox,,1712669313,2023-06-15T01:34:18,209.4,d3f82b96482962efb74477843c8255914df72629,1257651
autoland,3870186,13,f36c3750a6bc0db1e2bc910e5f3a3acace5985a7,windows10-64-shippable-qr,True,False,,|f|i|s|s|i|o|n| |w|a|r|m| |w|e|b|r|e|n|d|e|r|,102210fe594ee9b33d82058545b1ed14f4c8206e,ContentfulSpeedIndex,amazon,True,amazon ContentfulSpeedIndex opt fission warm webrender,,77,ms,firefox,,1712680762,2023-06-15T01:36:53,214.5,2f7a472cb1c647dd4070e755b7ea245a4df13392,1257653
autoland,3870186,13,f36c3750a6bc0db1e2bc910e5f3a3acace5985a7,windows10-64-shippable-qr,True,False,,|f|i|s|s|i|o|n| |w|a|r|m| |w|e|b|r|e|n|d|e|r|,102210fe594ee9b33d82058545b1ed14f4c8206e,ContentfulSpeedIndex,amazon,True,amazon ContentfulSpeedIndex opt fission warm webrender,,77,ms,firefox,,1712684132,2023-06-15T01:44:38,216.2,300ef25e8fb35e15e35570e898293698df57bd34,1257659
autoland,3870186,13,f36c3750a6bc0db1e2bc910e5f3a3acace5985a7,windows10-64-shippable-qr,True,False,,|f|i|s|s|i|o|n| |w|a|r|m| |w|e|b|r|e|n|d|e|r|,102210fe594ee9b33d82058545b1ed14f4c8206e,ContentfulSpeedIndex,amazon,True,amazon ContentfulSpeedIndex opt fission warm webrender,,77,ms,firefox,,1711641158,2023-06-15T01:50:09,212.1,53e8e97bbe4e0c8fc4deff56e5b8d03391c0c023,1257663
autoland,3870186,13,f36c3750a6bc0db1e2bc910e5f3a3acace5985a7,windows10-64-shippable-qr,True,False,,|f|i|s|s|i|o|n| |w|a|r|m| |w|e|b|r|e|n|d|e|r|,102210fe594ee9b33d82058545b1ed14f4c8206e,ContentfulSpeedIndex,amazon,True,amazon ContentfulSpeedIndex opt fission warm webrender,,77,ms,firefox,,1712672105,2023-06-15T02:05:40,217.4,28b5b95614645f144616ac0634a5d72ffb2c4752,1257677
autoland,3870186,13,f36c3750a6bc0db1e2bc910e5f3a3acace5985a7,windows10-64-shippable-qr,True,False,,|f|i|s|s|i|o|n| |w|a|r|m| |w|e|b|r|e|n|d|e|r|,102210fe594ee9b33d82058545b1ed14f4c8206e,ContentfulSpeedIndex,amazon,True,amazon ContentfulSpeedIndex opt fission warm webrender,,77,ms,firefox,,1712670957,2023-06-15T02:05:40,212.1,28b5b95614645f144616ac0634a5d72ffb2c4752,1257677
autoland,3870186,13,f36c3750a6bc0db1e2bc910e5f3a3acace5985a7,windows10-64-shippable-qr,True,False,,|f|i|s|s|i|o|n| |w|a|r|m| |w|e|b|r|e|n|d|e|r|,102210fe594ee9b33d82058545b1ed14f4c8206e,ContentfulSpeedIndex,amazon,True,amazon ContentfulSpeedIndex opt fission warm webrender,,77,ms,firefox,,1711656697,2023-06-15T02:43:47,215.3,abf8f424d2d09f957d7ecd02af086a9b7adde3f8,1257688
autoland,3870186,13,f36c3750a6bc0db1e2bc910e5f3a3acace5985a7,windows10-64-shippable-qr,True,False,,|f|i|s|s|i|o|n| |w|a|r|m| |w|e|b|r|e|n|d|e|r|,102210fe594ee9b33d82058545b1ed14f4c8206e,ContentfulSpeedIndex,amazon,True,amazon ContentfulSpeedIndex opt fission warm webrender,,77,ms,firefox,,1712674373,2023-06-15T02:51:31,214.6,d41e6546b563143a58b3ba9a25aa7a2a4f97c58d,1257689
autoland,3870186,13,f36c3750a6bc0db1e2bc910e5f3a3acace5985a7,windows10-64-shippable-qr,True,False,,|f|i|s|s|i|o|n| |w|a|r|m| |w|e|b|r|e|n|d|e|r|,102210fe594ee9b33d82058545b1ed14f4c8206e,ContentfulSpeedIndex,amazon,True,amazon ContentfulSpeedIndex opt fission warm webrender,,77,ms,firefox,,1712670476,2023-06-15T03:17:11,208.8,7daa1ff59d4269cc4cc91edb1aa3ef9862800901,1257696
autoland,3870186,13,f36c3750a6bc0db1e2bc910e5f3a3acace5985a7,windows10-64-shippable-qr,True,False,,|f|i|s|s|i|o|n| |w|a|r|m| |w|e|b|r|e|n|d|e|r|,102210fe594ee9b33d82058545b1ed14f4c8206e,ContentfulSpeedIndex,amazon,True,amazon ContentfulSpeedIndex opt fission warm webrender,,77,ms,firefox,,1712670723,2023-06-15T03:38:39,211.5,74cc38ff4acbbc7fc7d2f0e8326f6c8a1671d5cc,1257702
autoland,3870186,13,f36c3750a6bc0db1e2bc910e5f3a3acace5985a7,windows10-64-shippable-qr,True,False,,|f|i|s|s|i|o|n| |w|a|r|m| |w|e|b|r|e|n|d|e|r|,102210fe594ee9b33d82058545b1ed14f4c8206e,ContentfulSpeedIndex,amazon,True,amazon ContentfulSpeedIndex opt fission warm webrender,,77,ms,firefox,,1712736830,2023-06-15T05:24:03,219.0,5b330af8c00732a8b8c2ce575575e1faccdde0ac,1257736
autoland,3870186,13,f36c3750a6bc0db1e2bc910e5f3a3acace5985a7,windows10-64-shippable-qr,True,False,,|f|i|s|s|i|o|n| |w|a|r|m| |w|e|b|r|e|n|d|e|r|,102210fe594ee9b33d82058545b1ed14f4c8206e,ContentfulSpeedIndex,amazon,True,amazon ContentfulSpeedIndex opt fission warm webrender,,77,ms,firefox,,1712678363,2023-06-15T05:36:26,215.2,d8a17104536c8c4f7f4a0894a50312f59d1d783d,1257741
autoland,3870186,13,f36c3750a6bc0db1e2bc910e5f3a3acace5985a7,windows10-64-shippable-qr,True,False,,|f|i|s|s|i|o|n| |w|a|r|m| |w|e|b|r|e|n|d|e|r|,102210fe594ee9b33d82058545b1ed14f4c8206e,ContentfulSpeedIndex,amazon,True,amazon ContentfulSpeedIndex opt fission warm webrender,,77,ms,firefox,,1712684843,2023-06-15T06:06:43,216.1,fe77912afbd360dad3c4d2fb551d0519c74d45ec,1257756
autoland,3870186,13,f36c3750a6bc0db1e2bc910e5f3a3acace5985a7,windows10-64-shippable-qr,True,False,,|f|i|s|s|i|o|n| |w|a|r|m| |w|e|b|r|e|n|d|e|r|,102210fe594ee9b33d82058545b1ed14f4c8206e,ContentfulSpeedIndex,amazon,True,amazon ContentfulSpeedIndex opt fission warm webrender,,77,ms,firefox,,1711752719,2023-06-15T06:54:30,208.3,900ba46a6df5d5b6dde0d5de391246157de49c8a,1257783
autoland,3870186,13,f36c3750a6bc0db1e2bc910e5f3a3acace5985a7,windows10-64-shippable-qr,True,False,,|f|i|s|s|i|o|n| |w|a|r|m| |w|e|b|r|e|n|d|e|r|,102210fe594ee9b33d82058545b1ed14f4c8206e,ContentfulSpeedIndex,amazon,True,amazon ContentfulSpeedIndex opt fission warm webrender,,77,ms,firefox,,1712392082,2023-06-15T08:32:55,208.6,6b660d3dd7840217e973e778bcb419a11c7a22b4,1257839
autoland,3870186,13,f36c3750a6bc0db1e2bc910e5f3a3acace5985a7,windows10-64-shippable-qr,True,False,,|f|i|s|s|i|o|n| |w|a|r|m| |w|e|b|r|e|n|d|e|r|,102210fe594ee9b33d82058545b1ed14f4c8206e,ContentfulSpeedIndex,amazon,True,amazon ContentfulSpeedIndex opt fission warm webrender,,77,ms,firefox,,1712389270,2023-06-15T08:36:57,215.1,6c42ef642d0b0708e9a2fa2638b6670e90ef2b3b,1257841
autoland,3870186,13,f36c3750a6bc0db1e2bc910e5f3a3acace5985a7,windows10-64-shippable-qr,True,False,,|f|i|s|s|i|o|n| |w|a|r|m| |w|e|b|r|e|n|d|e|r|,102210fe594ee9b33d82058545b1ed14f4c8206e,ContentfulSpeedIndex,amazon,True,amazon ContentfulSpeedIndex opt fission warm webrender,,77,ms,firefox,,1711837291,2023-06-15T10:33:37,223.1,86864bda9b5f7077819eb76b661bcefb89fd19fa,1257909
autoland,3870186,13,f36c3750a6bc0db1e2bc910e5f3a3acace5985a7,windows10-64-shippable-qr,True,False,,|f|i|s|s|i|o|n| |w|a|r|m| |w|e|b|r|e|n|d|e|r|,102210fe594ee9b33d82058545b1ed14f4c8206e,ContentfulSpeedIndex,amazon,True,amazon ContentfulSpeedIndex opt fission warm webrender,,77,ms,firefox,,1711969001,2023-06-15T14:40:40,206.2,02d601db620c1b64867202e025ce19938938a04f,1258053
autoland,3870186,13,f36c3750a6bc0db1e2bc910e5f3a3acace5985a7,windows10-64-shippable-qr,True,False,,|f|i|s|s|i|o|n| |w|a|r|m| |w|e|b|r|e|n|d|e|r|,102210fe594ee9b33d82058545b1ed14f4c8206e,ContentfulSpeedIndex,amazon,True,amazon ContentfulSpeedIndex opt fission warm webrender,,77,ms,firefox,,1712016854,2023-06-15T14:52:05,216.1,c71789b596556b921a7d6ce12b4102f252631c4b,1258066
autoland,3870186,13,f36c3750a6bc0db1e2bc910e5f3a3acace5985a7,windows10-64-shippable-qr,True,False,,|f|i|s|s|i|o|n| |w|a|r|m| |w|e|b|r|e|n|d|e|r|,102210fe594ee9b33d82058545b1ed14f4c8206e,ContentfulSpeedIndex,amazon,True,amazon ContentfulSpeedIndex opt fission warm webrender,,77,ms,firefox,,1712407028,2023-06-15T15:04:41,215.8,fcc729658406fdb39ee043ecc43584d2f6a0389d,1258080
autoland,3870186,13,f36c3750a6bc0db1e2bc910e5f3a3acace5985a7,windows10-64-shippable-qr,True,False,,|f|i|s|s|i|o|n| |w|a|r|m| |w|e|b|r|e|n|d|e|r|,102210fe594ee9b33d82058545b1ed14f4c8206e,ContentfulSpeedIndex,amazon,True,amazon ContentfulSpeedIndex opt fission warm webrender,,77,ms,firefox,,1712369481,2023-06-15T15:12:55,203.9,c882e1bf805b7149ed08a3dc0ebf5c5d2e35f114,1258088
autoland,3870186,13,f36c3750a6bc0db1e2bc910e5f3a3acace5985a7,windows10-64-shippable-qr,True,False,,|f|i|s|s|i|o|n| |w|a|r|m| |w|e|b|r|e|n|d|e|r|,102210fe594ee9b33d82058545b1ed14f4c8206e,ContentfulSpeedIndex,amazon,True,amazon ContentfulSpeedIndex opt fission warm webrender,,77,ms,firefox,,1712094573,2023-06-15T17:49:05,204.2,91738dd5bb441001f7837d0cae71c0be46925602,1258216
autoland,3870186,13,f36c3750a6bc0db1e2bc910e5f3a3acace5985a7,windows10-64-shippable-qr,True,False,,|f|i|s|s|i|o|n| |w|a|r|m| |w|e|b|r|e|n|d|e|r|,102210fe594ee9b33d82058545b1ed14f4c8206e,ContentfulSpeedIndex,amazon,True,amazon ContentfulSpeedIndex opt fission warm webrender,,77,ms,firefox,,1712209700,2023-06-15T20:51:19,212.3,ba00fe639072b671be556332e4628092d64d31df,1258374
autoland,3870186,13,f36c3750a6bc0db1e2bc910e5f3a3acace5985a7,windows10-64-shippable-qr,True,False,,|f|i|s|s|i|o|n| |w|a|r|m| |w|e|b|r|e|n|d|e|r|,102210fe594ee9b33d82058545b1ed14f4c8206e,ContentfulSpeedIndex,amazon,True,amazon ContentfulSpeedIndex opt fission warm webrender,,77,ms,firefox,,1712311419,2023-06-16T01:17:42,215.2,6bc2d3f9b1aaecde92c9388f00f3d564d136d00a,1258594
autoland,3870186,13,f36c3750a6bc0db1e2bc910e5f3a3acace5985a7,windows10-64-shippable-qr,True,False,,|f|i|s|s|i|o|n| |w|a|r|m| |w|e|b|r|e|n|d|e|r|,102210fe594ee9b33d82058545b1ed14f4c8206e,ContentfulSpeedIndex,amazon,True,amazon ContentfulSpeedIndex opt fission warm webrender,,77,ms,firefox,,1712415576,2023-06-16T06:01:05,208.0,6a640a4dd3245b82ce97d863bf842b0cd4089ce5,1258674
autoland,3870186,13,f36c3750a6bc0db1e2bc910e5f3a3acace5985a7,windows10-64-shippable-qr,True,False,,|f|i|s|s|i|o|n| |w|a|r|m| |w|e|b|r|e|n|d|e|r|,102210fe594ee9b33d82058545b1ed14f4c8206e,ContentfulSpeedIndex,amazon,True,amazon ContentfulSpeedIndex opt fission warm webrender,,77,ms,firefox,,1712468797,2023-06-16T08:20:05,213.1,34ee66e105968b161583947185cad1fcebdc6641,1258718
autoland,3870186,13,f36c3750a6bc0db1e2bc910e5f3a3acace5985a7,windows10-64-shippable-qr,True,False,,|f|i|s|s|i|o|n| |w|a|r|m| |w|e|b|r|e|n|d|e|r|,102210fe594ee9b33d82058545b1ed14f4c8206e,ContentfulSpeedIndex,amazon,True,amazon ContentfulSpeedIndex opt fission warm webrender,,77,ms,firefox,,1712665033,2023-06-16T12:30:26,211.0,439d02859a2ebe8406cb74f8d6c7b148011d1658,1258826
autoland,3870186,13,f36c3750a6bc0db1e2bc910e5f3a3acace5985a7,windows10-64-shippable-qr,True,False,,|f|i|s|s|i|o|n| |w|a|r|m| |w|e|b|r|e|n|d|e|r|,102210fe594ee9b33d82058545b1ed14f4c8206e,ContentfulSpeedIndex,amazon,True,amazon ContentfulSpeedIndex opt fission warm webrender,,77,ms,firefox,,1712730977,2023-06-16T14:03:27,211.4,1d8c3788eb6fa2e81d627829a32004244d0271df,1258891
autoland,3870186,13,f36c3750a6bc0db1e2bc910e5f3a3acace5985a7,windows10-64-shippable-qr,True,False,,|f|i|s|s|i|o|n| |w|a|r|m| |w|e|b|r|e|n|d|e|r|,102210fe594ee9b33d82058545b1ed14f4c8206e,ContentfulSpeedIndex,amazon,True,amazon ContentfulSpeedIndex opt fission warm webrender,,77,ms,firefox,,1712825447,2023-06-16T16:55:49,215.7,e59de52b8ebea2db606a46a888a941400375fe0f,1259018
autoland,3870186,13,f36c3750a6bc0db1e2bc910e5f3a3acace5985a7,windows10-64-shippable-qr,True,False,,|f|i|s|s|i|o|n| |w|a|r|m| |w|e|b|r|e|n|d|e|r|,102210fe594ee9b33d82058545b1ed14f4c8206e,ContentfulSpeedIndex,amazon,True,amazon ContentfulSpeedIndex opt fission warm webrender,,77,ms,firefox,,1712946076,2023-06-16T19:50:08,213.2,789349491e2fe15a39f350fe470db7d696989434,1259157
autoland,3870186,13,f36c3750a6bc0db1e2bc910e5f3a3acace5985a7,windows10-64-shippable-qr,True,False,,|f|i|s|s|i|o|n| |w|a|r|m| |w|e|b|r|e|n|d|e|r|,102210fe594ee9b33d82058545b1ed14f4c8206e,ContentfulSpeedIndex,amazon,True,amazon ContentfulSpeedIndex opt fission warm webrender,,77,ms,firefox,,1713047191,2023-06-17T00:30:00,215.9,901b7ccc8be5e49a1b9736555af9653d46de349e,1259314
autoland,3870186,13,f36c3750a6bc0db1e2bc910e5f3a3acace5985a7,windows10-64-shippable-qr,True,False,,|f|i|s|s|i|o|n| |w|a|r|m| |w|e|b|r|e|n|d|e|r|,102210fe594ee9b33d82058545b1ed14f4c8206e,ContentfulSpeedIndex,amazon,True,amazon ContentfulSpeedIndex opt fission warm webrender,,77,ms,firefox,,1713217298,2023-06-17T15:38:59,217.3,e0262ee6a9a7a642c11266a1e9cfa4bc3fbd4b3b,1259384
autoland,3870186,13,f36c3750a6bc0db1e2bc910e5f3a3acace5985a7,windows10-64-shippable-qr,True,False,,|f|i|s|s|i|o|n| |w|a|r|m| |w|e|b|r|e|n|d|e|r|,102210fe594ee9b33d82058545b1ed14f4c8206e,ContentfulSpeedIndex,amazon,True,amazon ContentfulSpeedIndex opt fission warm webrender,,77,ms,firefox,,1713334177,2023-06-17T23:38:11,211.0,72d2cda2651d8fe01c8649f60e0620bc794a87fe,1259423
autoland,3870186,13,f36c3750a6bc0db1e2bc910e5f3a3acace5985a7,windows10-64-shippable-qr,True,False,,|f|i|s|s|i|o|n| |w|a|r|m| |w|e|b|r|e|n|d|e|r|,102210fe594ee9b33d82058545b1ed14f4c8206e,ContentfulSpeedIndex,amazon,True,amazon ContentfulSpeedIndex opt fission warm webrender,,77,ms,firefox,,1713474110,2023-06-18T11:39:33,197.4,1634cff61cb0e270b9660ebdc234cfcf3fed2c68,1259465
autoland,3870186,13,f36c3750a6bc0db1e2bc910e5f3a3acace5985a7,windows10-64-shippable-qr,True,False,,|f|i|s|s|i|o|n| |w|a|r|m| |w|e|b|r|e|n|d|e|r|,102210fe594ee9b33d82058545b1ed14f4c8206e,ContentfulSpeedIndex,amazon,True,amazon ContentfulSpeedIndex opt fission warm webrender,,77,ms,firefox,,1713706421,2023-06-19T00:32:35,220.3,1c059369d43547f90439b0a44cc76b54a0a3af97,1259516
autoland,3870186,13,f36c3750a6bc0db1e2bc910e5f3a3acace5985a7,windows10-64-shippable-qr,True,False,,|f|i|s|s|i|o|n| |w|a|r|m| |w|e|b|r|e|n|d|e|r|,102210fe594ee9b33d82058545b1ed14f4c8206e,ContentfulSpeedIndex,amazon,True,amazon ContentfulSpeedIndex opt fission warm webrender,,77,ms,firefox,,1713762438,2023-06-19T05:49:35,197.5,a9e342522ebdb9602671208a06e988a285d3af18,1259544
autoland,3870186,13,f36c3750a6bc0db1e2bc910e5f3a3acace5985a7,windows10-64-shippable-qr,True,False,,|f|i|s|s|i|o|n| |w|a|r|m| |w|e|b|r|e|n|d|e|r|,102210fe594ee9b33d82058545b1ed14f4c8206e,ContentfulSpeedIndex,amazon,True,amazon ContentfulSpeedIndex opt fission warm webrender,,77,ms,firefox,,1713833124,2023-06-19T09:32:15,201.0,0274a8c06c67e5ee1dccdb4e151ccf0ec70af43f,1259616
autoland,3870186,13,f36c3750a6bc0db1e2bc910e5f3a3acace5985a7,windows10-64-shippable-qr,True,False,,|f|i|s|s|i|o|n| |w|a|r|m| |w|e|b|r|e|n|d|e|r|,102210fe594ee9b33d82058545b1ed14f4c8206e,ContentfulSpeedIndex,amazon,True,amazon ContentfulSpeedIndex opt fission warm webrender,,77,ms,firefox,,1714473473,2023-06-19T10:54:06,214.6,48e95e86f4c75db91d98b1e674c6fd254324b7a8,1259657
autoland,3870186,13,f36c3750a6bc0db1e2bc910e5f3a3acace5985a7,windows10-64-shippable-qr,True,False,,|f|i|s|s|i|o|n| |w|a|r|m| |w|e|b|r|e|n|d|e|r|,102210fe594ee9b33d82058545b1ed14f4c8206e,ContentfulSpeedIndex,amazon,True,amazon ContentfulSpeedIndex opt fission warm webrender,,77,ms,firefox,,1714416211,2023-06-19T10:57:13,223.1,dcc8fc79cd80d8e3ace9dc6687916b9f166455be,1259660
autoland,3870186,13,f36c3750a6bc0db1e2bc910e5f3a3acace5985a7,windows10-64-shippable-qr,True,False,,|f|i|s|s|i|o|n| |w|a|r|m| |w|e|b|r|e|n|d|e|r|,102210fe594ee9b33d82058545b1ed14f4c8206e,ContentfulSpeedIndex,amazon,True,amazon ContentfulSpeedIndex opt fission warm webrender,,77,ms,firefox,,1714400112,2023-06-19T10:58:05,209.9,bb1b615dd2ccf1843e88f66950b80af491bad37f,1259661
autoland,3870186,13,f36c3750a6bc0db1e2bc910e5f3a3acace5985a7,windows10-64-shippable-qr,True,False,,|f|i|s|s|i|o|n| |w|a|r|m| |w|e|b|r|e|n|d|e|r|,102210fe594ee9b33d82058545b1ed14f4c8206e,ContentfulSpeedIndex,amazon,True,amazon ContentfulSpeedIndex opt fission warm webrender,,77,ms,firefox,,1714493474,2023-06-19T11:22:46,222.0,f8a8efb71935a31e7e12603b4edf86b90ef2cf4f,1259677
autoland,3870186,13,f36c3750a6bc0db1e2bc910e5f3a3acace5985a7,windows10-64-shippable-qr,True,False,,|f|i|s|s|i|o|n| |w|a|r|m| |w|e|b|r|e|n|d|e|r|,102210fe594ee9b33d82058545b1ed14f4c8206e,ContentfulSpeedIndex,amazon,True,amazon ContentfulSpeedIndex opt fission warm webrender,,77,ms,firefox,,1714431282,2023-06-19T12:30:04,219.3,569ee35398db24e428d99ff22a6b9995a345395c,1259715
autoland,3870186,13,f36c3750a6bc0db1e2bc910e5f3a3acace5985a7,windows10-64-shippable-qr,True,False,,|f|i|s|s|i|o|n| |w|a|r|m| |w|e|b|r|e|n|d|e|r|,102210fe594ee9b33d82058545b1ed14f4c8206e,ContentfulSpeedIndex,amazon,True,amazon ContentfulSpeedIndex opt fission warm webrender,,77,ms,firefox,,1714477257,2023-06-19T12:30:52,208.9,5f1f0f5559e239e38d683a443db7f8649327d102,1259716
autoland,3870186,13,f36c3750a6bc0db1e2bc910e5f3a3acace5985a7,windows10-64-shippable-qr,True,False,,|f|i|s|s|i|o|n| |w|a|r|m| |w|e|b|r|e|n|d|e|r|,102210fe594ee9b33d82058545b1ed14f4c8206e,ContentfulSpeedIndex,amazon,True,amazon ContentfulSpeedIndex opt fission warm webrender,,77,ms,firefox,,1713980850,2023-06-19T13:01:53,197.1,89c8bf4e9209c0c4b1eb87efab68e96d6dbf8145,1259739
autoland,3870186,13,f36c3750a6bc0db1e2bc910e5f3a3acace5985a7,windows10-64-shippable-qr,True,False,,|f|i|s|s|i|o|n| |w|a|r|m| |w|e|b|r|e|n|d|e|r|,102210fe594ee9b33d82058545b1ed14f4c8206e,ContentfulSpeedIndex,amazon,True,amazon ContentfulSpeedIndex opt fission warm webrender,,77,ms,firefox,,1714506230,2023-06-19T13:09:57,213.9,7d4649658fedcc49e21d5f950f279ff9e9e9e03f,1259747
autoland,3870186,13,f36c3750a6bc0db1e2bc910e5f3a3acace5985a7,windows10-64-shippable-qr,True,False,,|f|i|s|s|i|o|n| |w|a|r|m| |w|e|b|r|e|n|d|e|r|,102210fe594ee9b33d82058545b1ed14f4c8206e,ContentfulSpeedIndex,amazon,True,amazon ContentfulSpeedIndex opt fission warm webrender,,77,ms,firefox,,1714456884,2023-06-19T13:22:58,213.4,ea38c77ffb12688592d8addb11d0b54e467e7547,1259760
autoland,3870186,13,f36c3750a6bc0db1e2bc910e5f3a3acace5985a7,windows10-64-shippable-qr,True,False,,|f|i|s|s|i|o|n| |w|a|r|m| |w|e|b|r|e|n|d|e|r|,102210fe594ee9b33d82058545b1ed14f4c8206e,ContentfulSpeedIndex,amazon,True,amazon ContentfulSpeedIndex opt fission warm webrender,,77,ms,firefox,,1714066127,2023-06-19T16:21:16,214.5,9ecde3181716f5d8ad265d976575224cc04b2887,1259851
autoland,3870186,13,f36c3750a6bc0db1e2bc910e5f3a3acace5985a7,windows10-64-shippable-qr,True,False,,|f|i|s|s|i|o|n| |w|a|r|m| |w|e|b|r|e|n|d|e|r|,102210fe594ee9b33d82058545b1ed14f4c8206e,ContentfulSpeedIndex,amazon,True,amazon ContentfulSpeedIndex opt fission warm webrender,,77,ms,firefox,,1714374983,2023-06-19T16:50:43,212.1,521a8641a60a464e937d010be64f785f88808019,1259866
autoland,3870186,13,f36c3750a6bc0db1e2bc910e5f3a3acace5985a7,windows10-64-shippable-qr,True,False,,|f|i|s|s|i|o|n| |w|a|r|m| |w|e|b|r|e|n|d|e|r|,102210fe594ee9b33d82058545b1ed14f4c8206e,ContentfulSpeedIndex,amazon,True,amazon ContentfulSpeedIndex opt fission warm webrender,,77,ms,firefox,,1714383071,2023-06-19T16:52:27,208.6,58b351a155c80d33d20f09d5854fd88f2b967464,1259868
autoland,3870186,13,f36c3750a6bc0db1e2bc910e5f3a3acace5985a7,windows10-64-shippable-qr,True,False,,|f|i|s|s|i|o|n| |w|a|r|m| |w|e|b|r|e|n|d|e|r|,102210fe594ee9b33d82058545b1ed14f4c8206e,ContentfulSpeedIndex,amazon,True,amazon ContentfulSpeedIndex opt fission warm webrender,,77,ms,firefox,,1714455133,2023-06-19T17:24:35,209.4,365aa505cf55da4d91335bc3d2d02e1be46eb4c4,1259880
autoland,3870186,13,f36c3750a6bc0db1e2bc910e5f3a3acace5985a7,windows10-64-shippable-qr,True,False,,|f|i|s|s|i|o|n| |w|a|r|m| |w|e|b|r|e|n|d|e|r|,102210fe594ee9b33d82058545b1ed14f4c8206e,ContentfulSpeedIndex,amazon,True,amazon ContentfulSpeedIndex opt fission warm webrender,,77,ms,firefox,,1714551856,2023-06-19T17:28:51,205.8,f7f17f9392c5b051c786828c0a61160f0f066291,1259884
autoland,3870186,13,f36c3750a6bc0db1e2bc910e5f3a3acace5985a7,windows10-64-shippable-qr,True,False,,|f|i|s|s|i|o|n| |w|a|r|m| |w|e|b|r|e|n|d|e|r|,102210fe594ee9b33d82058545b1ed14f4c8206e,ContentfulSpeedIndex,amazon,True,amazon ContentfulSpeedIndex opt fission warm webrender,,77,ms,firefox,,1714344461,2023-06-19T17:29:47,204.0,08f12e7fa5f04d9acf47a841046c192b3b6b9b71,1259885
autoland,3870186,13,f36c3750a6bc0db1e2bc910e5f3a3acace5985a7,windows10-64-shippable-qr,True,False,,|f|i|s|s|i|o|n| |w|a|r|m| |w|e|b|r|e|n|d|e|r|,102210fe594ee9b33d82058545b1ed14f4c8206e,ContentfulSpeedIndex,amazon,True,amazon ContentfulSpeedIndex opt fission warm webrender,,77,ms,firefox,,1714440262,2023-06-19T17:46:12,204.7,b040fff76ed7ecee270c125c9c3229c5e9ee1ff0,1259890
autoland,3870186,13,f36c3750a6bc0db1e2bc910e5f3a3acace5985a7,windows10-64-shippable-qr,True,False,,|f|i|s|s|i|o|n| |w|a|r|m| |w|e|b|r|e|n|d|e|r|,102210fe594ee9b33d82058545b1ed14f4c8206e,ContentfulSpeedIndex,amazon,True,amazon ContentfulSpeedIndex opt fission warm webrender,,77,ms,firefox,,1714489671,2023-06-19T18:37:51,220.1,5f266371028f0ed5fe633f259a012880a2a6df89,1259913
autoland,3870186,13,f36c3750a6bc0db1e2bc910e5f3a3acace5985a7,windows10-64-shippable-qr,True,False,,|f|i|s|s|i|o|n| |w|a|r|m| |w|e|b|r|e|n|d|e|r|,102210fe594ee9b33d82058545b1ed14f4c8206e,ContentfulSpeedIndex,amazon,True,amazon ContentfulSpeedIndex opt fission warm webrender,,77,ms,firefox,,1714362594,2023-06-19T18:48:22,210.2,03a00f2c2bc451f4edbf350398a03d2342d68101,1259919
autoland,3870186,13,f36c3750a6bc0db1e2bc910e5f3a3acace5985a7,windows10-64-shippable-qr,True,False,,|f|i|s|s|i|o|n| |w|a|r|m| |w|e|b|r|e|n|d|e|r|,102210fe594ee9b33d82058545b1ed14f4c8206e,ContentfulSpeedIndex,amazon,True,amazon ContentfulSpeedIndex opt fission warm webrender,,77,ms,firefox,,1714137808,2023-06-19T19:03:14,219.5,e06365982ef6b00590cb160ebe9f4978558d1052,1259928
autoland,3870186,13,f36c3750a6bc0db1e2bc910e5f3a3acace5985a7,windows10-64-shippable-qr,True,False,,|f|i|s|s|i|o|n| |w|a|r|m| |w|e|b|r|e|n|d|e|r|,102210fe594ee9b33d82058545b1ed14f4c8206e,ContentfulSpeedIndex,amazon,True,amazon ContentfulSpeedIndex opt fission warm webrender,,77,ms,firefox,,1714221292,2023-06-19T23:03:46,211.5,edef1940a6bd4d95b235e43b1cada493f561f78a,1260042
autoland,3870186,13,f36c3750a6bc0db1e2bc910e5f3a3acace5985a7,windows10-64-shippable-qr,True,False,,|f|i|s|s|i|o|n| |w|a|r|m| |w|e|b|r|e|n|d|e|r|,102210fe594ee9b33d82058545b1ed14f4c8206e,ContentfulSpeedIndex,amazon,True,amazon ContentfulSpeedIndex opt fission warm webrender,,77,ms,firefox,,1714312973,2023-06-20T04:00:20,204.9,a4b679a79f2fa00877013dfcc1a886078d728328,1260102
autoland,3870186,13,f36c3750a6bc0db1e2bc910e5f3a3acace5985a7,windows10-64-shippable-qr,True,False,,|f|i|s|s|i|o|n| |w|a|r|m| |w|e|b|r|e|n|d|e|r|,102210fe594ee9b33d82058545b1ed14f4c8206e,ContentfulSpeedIndex,amazon,True,amazon ContentfulSpeedIndex opt fission warm webrender,,77,ms,firefox,,1714554088,2023-06-20T05:17:25,210.4,ce5a84713c8b968709940f18f143d251da4fcb83,1260124
autoland,3870186,13,f36c3750a6bc0db1e2bc910e5f3a3acace5985a7,windows10-64-shippable-qr,True,False,,|f|i|s|s|i|o|n| |w|a|r|m| |w|e|b|r|e|n|d|e|r|,102210fe594ee9b33d82058545b1ed14f4c8206e,ContentfulSpeedIndex,amazon,True,amazon ContentfulSpeedIndex opt fission warm webrender,,77,ms,firefox,,1714653378,2023-06-20T09:18:46,213.3,caf02cdd31992e89c9bd81c5ec4d391070651f3a,1260213
autoland,3870186,13,f36c3750a6bc0db1e2bc910e5f3a3acace5985a7,windows10-64-shippable-qr,True,False,,|f|i|s|s|i|o|n| |w|a|r|m| |w|e|b|r|e|n|d|e|r|,102210fe594ee9b33d82058545b1ed14f4c8206e,ContentfulSpeedIndex,amazon,True,amazon ContentfulSpeedIndex opt fission warm webrender,,77,ms,firefox,,1714711695,2023-06-20T12:29:52,217.8,5ade2b37847325019878bde832493c342759d7eb,1260284
autoland,3870186,13,f36c3750a6bc0db1e2bc910e5f3a3acace5985a7,windows10-64-shippable-qr,True,False,,|f|i|s|s|i|o|n| |w|a|r|m| |w|e|b|r|e|n|d|e|r|,102210fe594ee9b33d82058545b1ed14f4c8206e,ContentfulSpeedIndex,amazon,True,amazon ContentfulSpeedIndex opt fission warm webrender,,77,ms,firefox,,1715369327,2023-06-20T13:16:23,202.6,2a357dfcda5c76e2730168adf7715a8b0fe64909,1260318
autoland,3870186,13,f36c3750a6bc0db1e2bc910e5f3a3acace5985a7,windows10-64-shippable-qr,True,False,,|f|i|s|s|i|o|n| |w|a|r|m| |w|e|b|r|e|n|d|e|r|,102210fe594ee9b33d82058545b1ed14f4c8206e,ContentfulSpeedIndex,amazon,True,amazon ContentfulSpeedIndex opt fission warm webrender,,77,ms,firefox,,1715374765,2023-06-20T13:20:46,210.9,45dc6efe7f01341ff7dbed8e768ddd2f1c6c20c5,1260323
autoland,3870186,13,f36c3750a6bc0db1e2bc910e5f3a3acace5985a7,windows10-64-shippable-qr,True,False,,|f|i|s|s|i|o|n| |w|a|r|m| |w|e|b|r|e|n|d|e|r|,102210fe594ee9b33d82058545b1ed14f4c8206e,ContentfulSpeedIndex,amazon,True,amazon ContentfulSpeedIndex opt fission warm webrender,,77,ms,firefox,,1715383100,2023-06-20T13:42:49,202.6,24de8014b48f55b1c907f6c3e01fd4d2a9dde27e,1260341
autoland,3870186,13,f36c3750a6bc0db1e2bc910e5f3a3acace5985a7,windows10-64-shippable-qr,True,False,,|f|i|s|s|i|o|n| |w|a|r|m| |w|e|b|r|e|n|d|e|r|,102210fe594ee9b33d82058545b1ed14f4c8206e,ContentfulSpeedIndex,amazon,True,amazon ContentfulSpeedIndex opt fission warm webrender,,77,ms,firefox,,1714883003,2023-06-20T16:34:00,210.0,1877c1e6db6f8a23c52ab9238c7f62d0b696f0ce,1260512
autoland,3870186,13,f36c3750a6bc0db1e2bc910e5f3a3acace5985a7,windows10-64-shippable-qr,True,False,,|f|i|s|s|i|o|n| |w|a|r|m| |w|e|b|r|e|n|d|e|r|,102210fe594ee9b33d82058545b1ed14f4c8206e,ContentfulSpeedIndex,amazon,True,amazon ContentfulSpeedIndex opt fission warm webrender,,77,ms,firefox,,1714900478,2023-06-20T16:35:53,214.0,2ad5c2418b372960126440af5aa568104de3bfb8,1260515
autoland,3870186,13,f36c3750a6bc0db1e2bc910e5f3a3acace5985a7,windows10-64-shippable-qr,True,False,,|f|i|s|s|i|o|n| |w|a|r|m| |w|e|b|r|e|n|d|e|r|,102210fe594ee9b33d82058545b1ed14f4c8206e,ContentfulSpeedIndex,amazon,True,amazon ContentfulSpeedIndex opt fission warm webrender,,77,ms,firefox,,1715271839,2023-06-21T00:51:29,217.5,143aa1574b8d50e4d2ddd1a2826b25a8418f13c1,1260862
autoland,3870186,13,f36c3750a6bc0db1e2bc910e5f3a3acace5985a7,windows10-64-shippable-qr,True,False,,|f|i|s|s|i|o|n| |w|a|r|m| |w|e|b|r|e|n|d|e|r|,102210fe594ee9b33d82058545b1ed14f4c8206e,ContentfulSpeedIndex,amazon,True,amazon ContentfulSpeedIndex opt fission warm webrender,,77,ms,firefox,,1715312423,2023-06-21T02:28:11,201.1,7bdf45ed2f6b565e69fdbc44285af78de3271a4e,1260905
autoland,3870186,13,f36c3750a6bc0db1e2bc910e5f3a3acace5985a7,windows10-64-shippable-qr,True,False,,|f|i|s|s|i|o|n| |w|a|r|m| |w|e|b|r|e|n|d|e|r|,102210fe594ee9b33d82058545b1ed14f4c8206e,ContentfulSpeedIndex,amazon,True,amazon ContentfulSpeedIndex opt fission warm webrender,,77,ms,firefox,,1715426681,2023-06-21T06:55:17,204.3,8a382f0bd3211346516d54c647d157320335a806,1260969
autoland,3870186,13,f36c3750a6bc0db1e2bc910e5f3a3acace5985a7,windows10-64-shippable-qr,True,False,,|f|i|s|s|i|o|n| |w|a|r|m| |w|e|b|r|e|n|d|e|r|,102210fe594ee9b33d82058545b1ed14f4c8206e,ContentfulSpeedIndex,amazon,True,amazon ContentfulSpeedIndex opt fission warm webrender,,77,ms,firefox,,1715441285,2023-06-21T07:34:24,210.4,4c90403735bebf09d72af91e99745cfcbbae2a35,1260998
autoland,3870186,13,f36c3750a6bc0db1e2bc910e5f3a3acace5985a7,windows10-64-shippable-qr,True,False,,|f|i|s|s|i|o|n| |w|a|r|m| |w|e|b|r|e|n|d|e|r|,102210fe594ee9b33d82058545b1ed14f4c8206e,ContentfulSpeedIndex,amazon,True,amazon ContentfulSpeedIndex opt fission warm webrender,,77,ms,firefox,,1715626005,2023-06-21T12:20:35,204.0,14edc9bcbe5615f748cdb086881c6b983aedf04d,1261182
autoland,3870186,13,f36c3750a6bc0db1e2bc910e5f3a3acace5985a7,windows10-64-shippable-qr,True,False,,|f|i|s|s|i|o|n| |w|a|r|m| |w|e|b|r|e|n|d|e|r|,102210fe594ee9b33d82058545b1ed14f4c8206e,ContentfulSpeedIndex,amazon,True,amazon ContentfulSpeedIndex opt fission warm webrender,,77,ms,firefox,,1715689498,2023-06-21T12:59:17,221.8,b94f3d418f54f964368486a65cd5d15e828867db,1261207
autoland,3870186,13,f36c3750a6bc0db1e2bc910e5f3a3acace5985a7,windows10-64-shippable-qr,True,False,,|f|i|s|s|i|o|n| |w|a|r|m| |w|e|b|r|e|n|d|e|r|,102210fe594ee9b33d82058545b1ed14f4c8206e,ContentfulSpeedIndex,amazon,True,amazon ContentfulSpeedIndex opt fission warm webrender,,77,ms,firefox,,1715748699,2023-06-21T16:33:07,207.3,702dc0aa87a8c3e4929277c1dc8220a7dd72418f,1261278
autoland,3870186,13,f36c3750a6bc0db1e2bc910e5f3a3acace5985a7,windows10-64-shippable-qr,True,False,,|f|i|s|s|i|o|n| |w|a|r|m| |w|e|b|r|e|n|d|e|r|,102210fe594ee9b33d82058545b1ed14f4c8206e,ContentfulSpeedIndex,amazon,True,amazon ContentfulSpeedIndex opt fission warm webrender,,77,ms,firefox,,1715961005,2023-06-21T20:43:57,206.4,78880280c2765ec0520ece3184fc8fdbac5b5356,1261541
autoland,3870186,13,f36c3750a6bc0db1e2bc910e5f3a3acace5985a7,windows10-64-shippable-qr,True,False,,|f|i|s|s|i|o|n| |w|a|r|m| |w|e|b|r|e|n|d|e|r|,102210fe594ee9b33d82058545b1ed14f4c8206e,ContentfulSpeedIndex,amazon,True,amazon ContentfulSpeedIndex opt fission warm webrender,,77,ms,firefox,,1716023028,2023-06-22T00:43:42,214.2,109834499ca10a69681c6868a23ec828dcf160cf,1261782
autoland,3870186,13,f36c3750a6bc0db1e2bc910e5f3a3acace5985a7,windows10-64-shippable-qr,True,False,,|f|i|s|s|i|o|n| |w|a|r|m| |w|e|b|r|e|n|d|e|r|,102210fe594ee9b33d82058545b1ed14f4c8206e,ContentfulSpeedIndex,amazon,True,amazon ContentfulSpeedIndex opt fission warm webrender,,77,ms,firefox,,1716088232,2023-06-22T05:48:27,227.1,57884604206ce9bb39718006eac660e6e32e5044,1261863
autoland,3870186,13,f36c3750a6bc0db1e2bc910e5f3a3acace5985a7,windows10-64-shippable-qr,True,False,,|f|i|s|s|i|o|n| |w|a|r|m| |w|e|b|r|e|n|d|e|r|,102210fe594ee9b33d82058545b1ed14f4c8206e,ContentfulSpeedIndex,amazon,True,amazon ContentfulSpeedIndex opt fission warm webrender,,77,ms,firefox,,1716121796,2023-06-22T07:29:35,211.5,45769d7ff3c64d7abfcfedd8f05bb7dcb442270c,1261886
autoland,3870186,13,f36c3750a6bc0db1e2bc910e5f3a3acace5985a7,windows10-64-shippable-qr,True,False,,|f|i|s|s|i|o|n| |w|a|r|m| |w|e|b|r|e|n|d|e|r|,102210fe594ee9b33d82058545b1ed14f4c8206e,ContentfulSpeedIndex,amazon,True,amazon ContentfulSpeedIndex opt fission warm webrender,,77,ms,firefox,,1716228399,2023-06-22T11:39:08,217.8,3d85ee9f4f736ebc38b26fed33c8681bb512aa92,1262053
autoland,3870186,13,f36c3750a6bc0db1e2bc910e5f3a3acace5985a7,windows10-64-shippable-qr,True,False,,|f|i|s|s|i|o|n| |w|a|r|m| |w|e|b|r|e|n|d|e|r|,102210fe594ee9b33d82058545b1ed14f4c8206e,ContentfulSpeedIndex,amazon,True,amazon ContentfulSpeedIndex opt fission warm webrender,,77,ms,firefox,,1716398950,2023-06-22T14:41:02,209.6,b9e51e69d0451a93822b61cc15d72666124f02dd,1262179
autoland,3870186,13,f36c3750a6bc0db1e2bc910e5f3a3acace5985a7,windows10-64-shippable-qr,True,False,,|f|i|s|s|i|o|n| |w|a|r|m| |w|e|b|r|e|n|d|e|r|,102210fe594ee9b33d82058545b1ed14f4c8206e,ContentfulSpeedIndex,amazon,True,amazon ContentfulSpeedIndex opt fission warm webrender,,77,ms,firefox,,1716764779,2023-06-22T16:17:16,209.0,3ca20b10728e84a6990e718a045dff56cc971095,1262281
autoland,3870186,13,f36c3750a6bc0db1e2bc910e5f3a3acace5985a7,windows10-64-shippable-qr,True,False,,|f|i|s|s|i|o|n| |w|a|r|m| |w|e|b|r|e|n|d|e|r|,102210fe594ee9b33d82058545b1ed14f4c8206e,ContentfulSpeedIndex,amazon,True,amazon ContentfulSpeedIndex opt fission warm webrender,,77,ms,firefox,,1716748974,2023-06-22T16:18:05,210.3,8319e8c25b28a1b598027e583d0b98267a83df3b,1262282
autoland,3870186,13,f36c3750a6bc0db1e2bc910e5f3a3acace5985a7,windows10-64-shippable-qr,True,False,,|f|i|s|s|i|o|n| |w|a|r|m| |w|e|b|r|e|n|d|e|r|,102210fe594ee9b33d82058545b1ed14f4c8206e,ContentfulSpeedIndex,amazon,True,amazon ContentfulSpeedIndex opt fission warm webrender,,77,ms,firefox,,1716732035,2023-06-22T16:44:55,214.4,ab974ebe59e520c7ccfb29a7f17742be7ae4f5e8,1262293
autoland,3870186,13,f36c3750a6bc0db1e2bc910e5f3a3acace5985a7,windows10-64-shippable-qr,True,False,,|f|i|s|s|i|o|n| |w|a|r|m| |w|e|b|r|e|n|d|e|r|,102210fe594ee9b33d82058545b1ed14f4c8206e,ContentfulSpeedIndex,amazon,True,amazon ContentfulSpeedIndex opt fission warm webrender,,77,ms,firefox,,1716742835,2023-06-22T17:07:52,215.8,3a16cb4731cdb6baad2db46ddec526fadb078136,1262300
autoland,3870186,13,f36c3750a6bc0db1e2bc910e5f3a3acace5985a7,windows10-64-shippable-qr,True,False,,|f|i|s|s|i|o|n| |w|a|r|m| |w|e|b|r|e|n|d|e|r|,102210fe594ee9b33d82058545b1ed14f4c8206e,ContentfulSpeedIndex,amazon,True,amazon ContentfulSpeedIndex opt fission warm webrender,,77,ms,firefox,,1716451217,2023-06-22T18:48:21,210.5,9a98c67180c5914db4ca78d4fc36d6d0721d24a9,1262325
autoland,3870186,13,f36c3750a6bc0db1e2bc910e5f3a3acace5985a7,windows10-64-shippable-qr,True,False,,|f|i|s|s|i|o|n| |w|a|r|m| |w|e|b|r|e|n|d|e|r|,102210fe594ee9b33d82058545b1ed14f4c8206e,ContentfulSpeedIndex,amazon,True,amazon ContentfulSpeedIndex opt fission warm webrender,,77,ms,firefox,,1716478636,2023-06-22T19:02:55,206.8,4b261191412d4972eaab59ddb358f2eef865280d,1262337
autoland,3870186,13,f36c3750a6bc0db1e2bc910e5f3a3acace5985a7,windows10-64-shippable-qr,True,False,,|f|i|s|s|i|o|n| |w|a|r|m| |w|e|b|r|e|n|d|e|r|,102210fe594ee9b33d82058545b1ed14f4c8206e,ContentfulSpeedIndex,amazon,True,amazon ContentfulSpeedIndex opt fission warm webrender,,77,ms,firefox,,1716584148,2023-06-22T22:58:49,216.1,ec702239c313d37f8ee8d6b4d9b78aba8d4b6580,1262495
autoland,3870186,13,f36c3750a6bc0db1e2bc910e5f3a3acace5985a7,windows10-64-shippable-qr,True,False,,|f|i|s|s|i|o|n| |w|a|r|m| |w|e|b|r|e|n|d|e|r|,102210fe594ee9b33d82058545b1ed14f4c8206e,ContentfulSpeedIndex,amazon,True,amazon ContentfulSpeedIndex opt fission warm webrender,,77,ms,firefox,,1716715114,2023-06-23T03:22:10,215.7,a9c0bee966a1e0b10528a9b41b3dcea34ee95b83,1262648
autoland,3870186,13,f36c3750a6bc0db1e2bc910e5f3a3acace5985a7,windows10-64-shippable-qr,True,False,,|f|i|s|s|i|o|n| |w|a|r|m| |w|e|b|r|e|n|d|e|r|,102210fe594ee9b33d82058545b1ed14f4c8206e,ContentfulSpeedIndex,amazon,True,amazon ContentfulSpeedIndex opt fission warm webrender,,77,ms,firefox,,1716956185,2023-06-23T06:38:21,216.4,e6ebe768e49bf43fc6465b297a817d1e4994af82,1262712
autoland,3870186,13,f36c3750a6bc0db1e2bc910e5f3a3acace5985a7,windows10-64-shippable-qr,True,False,,|f|i|s|s|i|o|n| |w|a|r|m| |w|e|b|r|e|n|d|e|r|,102210fe594ee9b33d82058545b1ed14f4c8206e,ContentfulSpeedIndex,amazon,True,amazon ContentfulSpeedIndex opt fission warm webrender,,77,ms,firefox,,1716989319,2023-06-23T10:04:46,208.7,bd328e6b49f984c8a1b8e2e0e0b2194267d023ac,1262825
autoland,3870186,13,f36c3750a6bc0db1e2bc910e5f3a3acace5985a7,windows10-64-shippable-qr,True,False,,|f|i|s|s|i|o|n| |w|a|r|m| |w|e|b|r|e|n|d|e|r|,102210fe594ee9b33d82058545b1ed14f4c8206e,ContentfulSpeedIndex,amazon,True,amazon ContentfulSpeedIndex opt fission warm webrender,,77,ms,firefox,,1717089568,2023-06-23T14:10:04,207.9,21d4902198ae482d7fd52735881f90fb09ffaa07,1262960
autoland,3870186,13,f36c3750a6bc0db1e2bc910e5f3a3acace5985a7,windows10-64-shippable-qr,True,False,,|f|i|s|s|i|o|n| |w|a|r|m| |w|e|b|r|e|n|d|e|r|,102210fe594ee9b33d82058545b1ed14f4c8206e,ContentfulSpeedIndex,amazon,True,amazon ContentfulSpeedIndex opt fission warm webrender,,77,ms,firefox,,1717099323,2023-06-23T14:24:51,213.7,801ba619d741b520231e6a0791457e7b44bef641,1262973
autoland,3870186,13,f36c3750a6bc0db1e2bc910e5f3a3acace5985a7,windows10-64-shippable-qr,True,False,,|f|i|s|s|i|o|n| |w|a|r|m| |w|e|b|r|e|n|d|e|r|,102210fe594ee9b33d82058545b1ed14f4c8206e,ContentfulSpeedIndex,amazon,True,amazon ContentfulSpeedIndex opt fission warm webrender,,77,ms,firefox,,1717217368,2023-06-23T18:49:22,209.2,efb1631077da0ef473b1fe37d64cd6f652c34f37,1263094
autoland,3870186,13,f36c3750a6bc0db1e2bc910e5f3a3acace5985a7,windows10-64-shippable-qr,True,False,,|f|i|s|s|i|o|n| |w|a|r|m| |w|e|b|r|e|n|d|e|r|,102210fe594ee9b33d82058545b1ed14f4c8206e,ContentfulSpeedIndex,amazon,True,amazon ContentfulSpeedIndex opt fission warm webrender,,77,ms,firefox,,1717229172,2023-06-23T19:29:51,218.2,3cfaf216653a2de7529a3bc74907ea4fecc21912,1263108
autoland,3870186,13,f36c3750a6bc0db1e2bc910e5f3a3acace5985a7,windows10-64-shippable-qr,True,False,,|f|i|s|s|i|o|n| |w|a|r|m| |w|e|b|r|e|n|d|e|r|,102210fe594ee9b33d82058545b1ed14f4c8206e,ContentfulSpeedIndex,amazon,True,amazon ContentfulSpeedIndex opt fission warm webrender,,77,ms,firefox,,1717262252,2023-06-23T23:33:35,193.0,45c221c4d7560f0ab2b6f7c4d113e2f96d73e994,1263150
autoland,3870186,13,f36c3750a6bc0db1e2bc910e5f3a3acace5985a7,windows10-64-shippable-qr,True,False,,|f|i|s|s|i|o|n| |w|a|r|m| |w|e|b|r|e|n|d|e|r|,102210fe594ee9b33d82058545b1ed14f4c8206e,ContentfulSpeedIndex,amazon,True,amazon ContentfulSpeedIndex opt fission warm webrender,,77,ms,firefox,,1717385720,2023-06-24T17:55:21,220.2,31d5ffaf0b16a722c89e3bc6043d1a6dd2df4f59,1263267
autoland,3870186,13,f36c3750a6bc0db1e2bc910e5f3a3acace5985a7,windows10-64-shippable-qr,True,False,,|f|i|s|s|i|o|n| |w|a|r|m| |w|e|b|r|e|n|d|e|r|,102210fe594ee9b33d82058545b1ed14f4c8206e,ContentfulSpeedIndex,amazon,True,amazon ContentfulSpeedIndex opt fission warm webrender,,77,ms,firefox,,1717499087,2023-06-25T11:25:42,226.5,a529a3830f684519fc2c2ffb6fbe1b1e77930e71,1263317
autoland,3870186,13,f36c3750a6bc0db1e2bc910e5f3a3acace5985a7,windows10-64-shippable-qr,True,False,,|f|i|s|s|i|o|n| |w|a|r|m| |w|e|b|r|e|n|d|e|r|,102210fe594ee9b33d82058545b1ed14f4c8206e,ContentfulSpeedIndex,amazon,True,amazon ContentfulSpeedIndex opt fission warm webrender,,77,ms,firefox,,1717630085,2023-06-26T01:53:17,207.5,391b29854d65124c758af8d7a7765b53ec46b9bf,1263401
autoland,3870186,13,f36c3750a6bc0db1e2bc910e5f3a3acace5985a7,windows10-64-shippable-qr,True,False,,|f|i|s|s|i|o|n| |w|a|r|m| |w|e|b|r|e|n|d|e|r|,102210fe594ee9b33d82058545b1ed14f4c8206e,ContentfulSpeedIndex,amazon,True,amazon ContentfulSpeedIndex opt fission warm webrender,,77,ms,firefox,,1717728311,2023-06-26T08:39:50,227.4,b8784b3350a10d9ba119e133ba1afe2fa2862b64,1263470
autoland,3870186,13,f36c3750a6bc0db1e2bc910e5f3a3acace5985a7,windows10-64-shippable-qr,True,False,,|f|i|s|s|i|o|n| |w|a|r|m| |w|e|b|r|e|n|d|e|r|,102210fe594ee9b33d82058545b1ed14f4c8206e,ContentfulSpeedIndex,amazon,True,amazon ContentfulSpeedIndex opt fission warm webrender,,77,ms,firefox,,1717823245,2023-06-26T12:15:47,200.6,147bbf0910da38bd103a6cac5b77bca042225107,1263599
autoland,3870186,13,f36c3750a6bc0db1e2bc910e5f3a3acace5985a7,windows10-64-shippable-qr,True,False,,|f|i|s|s|i|o|n| |w|a|r|m| |w|e|b|r|e|n|d|e|r|,102210fe594ee9b33d82058545b1ed14f4c8206e,ContentfulSpeedIndex,amazon,True,amazon ContentfulSpeedIndex opt fission warm webrender,,77,ms,firefox,,1718375286,2023-06-26T12:52:40,222.3,0df3bf668e3f51bd027ba30815ee883bb23a0b77,1263636
autoland,3870186,13,f36c3750a6bc0db1e2bc910e5f3a3acace5985a7,windows10-64-shippable-qr,True,False,,|f|i|s|s|i|o|n| |w|a|r|m| |w|e|b|r|e|n|d|e|r|,102210fe594ee9b33d82058545b1ed14f4c8206e,ContentfulSpeedIndex,amazon,True,amazon ContentfulSpeedIndex opt fission warm webrender,,77,ms,firefox,,1718361108,2023-06-26T13:02:45,214.7,b6233acd02848323203feb0864cfc994aaa0f4f3,1263648
autoland,3870186,13,f36c3750a6bc0db1e2bc910e5f3a3acace5985a7,windows10-64-shippable-qr,True,False,,|f|i|s|s|i|o|n| |w|a|r|m| |w|e|b|r|e|n|d|e|r|,102210fe594ee9b33d82058545b1ed14f4c8206e,ContentfulSpeedIndex,amazon,True,amazon ContentfulSpeedIndex opt fission warm webrender,,77,ms,firefox,,1717927370,2023-06-26T15:17:27,209.4,a9a1430953c45602083b397b0d0bb8e55a69fa46,1263769
autoland,3870186,13,f36c3750a6bc0db1e2bc910e5f3a3acace5985a7,windows10-64-shippable-qr,True,False,,|f|i|s|s|i|o|n| |w|a|r|m| |w|e|b|r|e|n|d|e|r|,102210fe594ee9b33d82058545b1ed14f4c8206e,ContentfulSpeedIndex,amazon,True,amazon ContentfulSpeedIndex opt fission warm webrender,,77,ms,firefox,,1718088209,2023-06-26T19:17:54,213.6,43533d1489bc82330991d4cbac2d5b8e704b7558,1263990
autoland,3870186,13,f36c3750a6bc0db1e2bc910e5f3a3acace5985a7,windows10-64-shippable-qr,True,False,,|f|i|s|s|i|o|n| |w|a|r|m| |w|e|b|r|e|n|d|e|r|,102210fe594ee9b33d82058545b1ed14f4c8206e,ContentfulSpeedIndex,amazon,True,amazon ContentfulSpeedIndex opt fission warm webrender,,77,ms,firefox,,1718264825,2023-06-26T23:32:18,220.6,4bdb9438b18b4b7ad15d5f4f62fd67cad4308d62,1264157
autoland,3870186,13,f36c3750a6bc0db1e2bc910e5f3a3acace5985a7,windows10-64-shippable-qr,True,False,,|f|i|s|s|i|o|n| |w|a|r|m| |w|e|b|r|e|n|d|e|r|,102210fe594ee9b33d82058545b1ed14f4c8206e,ContentfulSpeedIndex,amazon,True,amazon ContentfulSpeedIndex opt fission warm webrender,,77,ms,firefox,,1718254394,2023-06-26T23:58:56,205.7,b34d04613ffa3abda9bcdd07fc5185a34cdc407b,1264185
autoland,3870186,13,f36c3750a6bc0db1e2bc910e5f3a3acace5985a7,windows10-64-shippable-qr,True,False,,|f|i|s|s|i|o|n| |w|a|r|m| |w|e|b|r|e|n|d|e|r|,102210fe594ee9b33d82058545b1ed14f4c8206e,ContentfulSpeedIndex,amazon,True,amazon ContentfulSpeedIndex opt fission warm webrender,,77,ms,firefox,,1718352983,2023-06-27T04:20:21,219.1,e0d8554167a0aad02af68198462e91dd05958593,1264240
autoland,3870186,13,f36c3750a6bc0db1e2bc910e5f3a3acace5985a7,windows10-64-shippable-qr,True,False,,|f|i|s|s|i|o|n| |w|a|r|m| |w|e|b|r|e|n|d|e|r|,102210fe594ee9b33d82058545b1ed14f4c8206e,ContentfulSpeedIndex,amazon,True,amazon ContentfulSpeedIndex opt fission warm webrender,,77,ms,firefox,,1718435234,2023-06-27T07:09:08,213.9,e963fffcb3a0375f0c08e6c62d4300cbf79fba0b,1264287
autoland,3870186,13,f36c3750a6bc0db1e2bc910e5f3a3acace5985a7,windows10-64-shippable-qr,True,False,,|f|i|s|s|i|o|n| |w|a|r|m| |w|e|b|r|e|n|d|e|r|,102210fe594ee9b33d82058545b1ed14f4c8206e,ContentfulSpeedIndex,amazon,True,amazon ContentfulSpeedIndex opt fission warm webrender,,77,ms,firefox,,1718551871,2023-06-27T11:13:52,218.5,96efb14c1b2e225253f22aae7b217fdd48b4cb9f,1264423
autoland,3870186,13,f36c3750a6bc0db1e2bc910e5f3a3acace5985a7,windows10-64-shippable-qr,True,False,,|f|i|s|s|i|o|n| |w|a|r|m| |w|e|b|r|e|n|d|e|r|,102210fe594ee9b33d82058545b1ed14f4c8206e,ContentfulSpeedIndex,amazon,True,amazon ContentfulSpeedIndex opt fission warm webrender,,77,ms,firefox,,1718637389,2023-06-27T15:57:28,204.4,c041b113d5acbf06ba2e6161d9a1ef4fa5b3636b,1264575
autoland,3870186,13,f36c3750a6bc0db1e2bc910e5f3a3acace5985a7,windows10-64-shippable-qr,True,False,,|f|i|s|s|i|o|n| |w|a|r|m| |w|e|b|r|e|n|d|e|r|,102210fe594ee9b33d82058545b1ed14f4c8206e,ContentfulSpeedIndex,amazon,True,amazon ContentfulSpeedIndex opt fission warm webrender,,77,ms,firefox,,1718654611,2023-06-27T16:17:01,210.8,da38525a017e6dd411f2c2ccd84d286d86bdad8d,1264584
autoland,3870186,13,f36c3750a6bc0db1e2bc910e5f3a3acace5985a7,windows10-64-shippable-qr,True,False,,|f|i|s|s|i|o|n| |w|a|r|m| |w|e|b|r|e|n|d|e|r|,102210fe594ee9b33d82058545b1ed14f4c8206e,ContentfulSpeedIndex,amazon,True,amazon ContentfulSpeedIndex opt fission warm webrender,,77,ms,firefox,,1718774531,2023-06-27T20:57:27,208.3,80adb872a3d1e32f459e5cf3bc77e47008da925f,1264834
autoland,3870186,13,f36c3750a6bc0db1e2bc910e5f3a3acace5985a7,windows10-64-shippable-qr,True,False,,|f|i|s|s|i|o|n| |w|a|r|m| |w|e|b|r|e|n|d|e|r|,102210fe594ee9b33d82058545b1ed14f4c8206e,ContentfulSpeedIndex,amazon,True,amazon ContentfulSpeedIndex opt fission warm webrender,,77,ms,firefox,,1718867822,2023-06-28T00:04:05,213.8,591e3233df273509a8c0d0ccd1cc32795ae584dc,1264952
autoland,3870186,13,f36c3750a6bc0db1e2bc910e5f3a3acace5985a7,windows10-64-shippable-qr,True,False,,|f|i|s|s|i|o|n| |w|a|r|m| |w|e|b|r|e|n|d|e|r|,102210fe594ee9b33d82058545b1ed14f4c8206e,ContentfulSpeedIndex,amazon,True,amazon ContentfulSpeedIndex opt fission warm webrender,,77,ms,firefox,,1718957825,2023-06-28T03:09:49,217.3,ecb2997338f1c9a2059192ce04d01243537176b9,1265035
autoland,3870186,13,f36c3750a6bc0db1e2bc910e5f3a3acace5985a7,windows10-64-shippable-qr,True,False,,|f|i|s|s|i|o|n| |w|a|r|m| |w|e|b|r|e|n|d|e|r|,102210fe594ee9b33d82058545b1ed14f4c8206e,ContentfulSpeedIndex,amazon,True,amazon ContentfulSpeedIndex opt fission warm webrender,,77,ms,firefox,,1719024771,2023-06-28T07:19:30,197.1,51b6f36ff37d4b6906ec5cab830b1e283c6f7395,1265110
autoland,3870186,13,f36c3750a6bc0db1e2bc910e5f3a3acace5985a7,windows10-64-shippable-qr,True,False,,|f|i|s|s|i|o|n| |w|a|r|m| |w|e|b|r|e|n|d|e|r|,102210fe594ee9b33d82058545b1ed14f4c8206e,ContentfulSpeedIndex,amazon,True,amazon ContentfulSpeedIndex opt fission warm webrender,,77,ms,firefox,,1719122242,2023-06-28T11:29:09,199.1,3b7b3970a88459c11033effb61df89644e963bda,1265214
autoland,3870186,13,f36c3750a6bc0db1e2bc910e5f3a3acace5985a7,windows10-64-shippable-qr,True,False,,|f|i|s|s|i|o|n| |w|a|r|m| |w|e|b|r|e|n|d|e|r|,102210fe594ee9b33d82058545b1ed14f4c8206e,ContentfulSpeedIndex,amazon,True,amazon ContentfulSpeedIndex opt fission warm webrender,,77,ms,firefox,,1719198689,2023-06-28T14:16:43,199.2,c20ba5651ee046629ef49efd2e49f6214c3ae520,1265309
autoland,3870186,13,f36c3750a6bc0db1e2bc910e5f3a3acace5985a7,windows10-64-shippable-qr,True,False,,|f|i|s|s|i|o|n| |w|a|r|m| |w|e|b|r|e|n|d|e|r|,102210fe594ee9b33d82058545b1ed14f4c8206e,ContentfulSpeedIndex,amazon,True,amazon ContentfulSpeedIndex opt fission warm webrender,,77,ms,firefox,,1719556194,2023-06-28T17:30:42,200.7,7f8cab56aed6b18878c445b25ab157c73db33453,1265469
autoland,3870186,13,f36c3750a6bc0db1e2bc910e5f3a3acace5985a7,windows10-64-shippable-qr,True,False,,|f|i|s|s|i|o|n| |w|a|r|m| |w|e|b|r|e|n|d|e|r|,102210fe594ee9b33d82058545b1ed14f4c8206e,ContentfulSpeedIndex,amazon,True,amazon ContentfulSpeedIndex opt fission warm webrender,,77,ms,firefox,,1719546659,2023-06-28T17:33:37,228.2,c5e56896abbfc645ab1dff9eba0e565d5904e98c,1265471
autoland,3870186,13,f36c3750a6bc0db1e2bc910e5f3a3acace5985a7,windows10-64-shippable-qr,True,False,,|f|i|s|s|i|o|n| |w|a|r|m| |w|e|b|r|e|n|d|e|r|,102210fe594ee9b33d82058545b1ed14f4c8206e,ContentfulSpeedIndex,amazon,True,amazon ContentfulSpeedIndex opt fission warm webrender,,77,ms,firefox,,1719328108,2023-06-28T17:34:48,219.1,0df511b69760b69959818e34e07aa74a0ad7061a,1265473
autoland,3870186,13,f36c3750a6bc0db1e2bc910e5f3a3acace5985a7,windows10-64-shippable-qr,True,False,,|f|i|s|s|i|o|n| |w|a|r|m| |w|e|b|r|e|n|d|e|r|,102210fe594ee9b33d82058545b1ed14f4c8206e,ContentfulSpeedIndex,amazon,True,amazon ContentfulSpeedIndex opt fission warm webrender,,77,ms,firefox,,1719589855,2023-06-28T17:43:59,205.2,3d01de27a80e9d17c671b0b47d83f082e36756e3,1265482
autoland,3870186,13,f36c3750a6bc0db1e2bc910e5f3a3acace5985a7,windows10-64-shippable-qr,True,False,,|f|i|s|s|i|o|n| |w|a|r|m| |w|e|b|r|e|n|d|e|r|,102210fe594ee9b33d82058545b1ed14f4c8206e,ContentfulSpeedIndex,amazon,True,amazon ContentfulSpeedIndex opt fission warm webrender,,77,ms,firefox,,1719587302,2023-06-28T17:50:41,211.1,be8d0f74f05a50e82bab53a7bb9d6b7a447d1be3,1265490
autoland,3870186,13,f36c3750a6bc0db1e2bc910e5f3a3acace5985a7,windows10-64-shippable-qr,True,False,,|f|i|s|s|i|o|n| |w|a|r|m| |w|e|b|r|e|n|d|e|r|,102210fe594ee9b33d82058545b1ed14f4c8206e,ContentfulSpeedIndex,amazon,True,amazon ContentfulSpeedIndex opt fission warm webrender,,77,ms,firefox,,1719417704,2023-06-28T21:47:35,201.5,d18ee9401610559d6724af1cf6a4ba7ca620f195,1265682
autoland,3870186,13,f36c3750a6bc0db1e2bc910e5f3a3acace5985a7,windows10-64-shippable-qr,True,False,,|f|i|s|s|i|o|n| |w|a|r|m| |w|e|b|r|e|n|d|e|r|,102210fe594ee9b33d82058545b1ed14f4c8206e,ContentfulSpeedIndex,amazon,True,amazon ContentfulSpeedIndex opt fission warm webrender,,77,ms,firefox,,1719528217,2023-06-29T02:28:53,211.6,bab00f4f94d567cf8ccf12e64f4e5cccc2ab6783,1265821
autoland,3870186,13,f36c3750a6bc0db1e2bc910e5f3a3acace5985a7,windows10-64-shippable-qr,True,False,,|f|i|s|s|i|o|n| |w|a|r|m| |w|e|b|r|e|n|d|e|r|,102210fe594ee9b33d82058545b1ed14f4c8206e,ContentfulSpeedIndex,amazon,True,amazon ContentfulSpeedIndex opt fission warm webrender,,77,ms,firefox,,1719703978,2023-06-29T08:54:52,213.8,046c4b8aaa8932f15825dc4decd3911bb048e7f5,1265934
autoland,3870186,13,f36c3750a6bc0db1e2bc910e5f3a3acace5985a7,windows10-64-shippable-qr,True,False,,|f|i|s|s|i|o|n| |w|a|r|m| |w|e|b|r|e|n|d|e|r|,102210fe594ee9b33d82058545b1ed14f4c8206e,ContentfulSpeedIndex,amazon,True,amazon ContentfulSpeedIndex opt fission warm webrender,,77,ms,firefox,,1720133147,2023-06-29T11:58:43,223.1,538e7a34c2f4c6822b182c662f0f4cdb1e609965,1266013
autoland,3870186,13,f36c3750a6bc0db1e2bc910e5f3a3acace5985a7,windows10-64-shippable-qr,True,False,,|f|i|s|s|i|o|n| |w|a|r|m| |w|e|b|r|e|n|d|e|r|,102210fe594ee9b33d82058545b1ed14f4c8206e,ContentfulSpeedIndex,amazon,True,amazon ContentfulSpeedIndex opt fission warm webrender,,77,ms,firefox,,1720112006,2023-06-29T12:23:15,214.3,729e4ffa06cf277175d86f49502ce67a383d09d2,1266022
autoland,3870186,13,f36c3750a6bc0db1e2bc910e5f3a3acace5985a7,windows10-64-shippable-qr,True,False,,|f|i|s|s|i|o|n| |w|a|r|m| |w|e|b|r|e|n|d|e|r|,102210fe594ee9b33d82058545b1ed14f4c8206e,ContentfulSpeedIndex,amazon,True,amazon ContentfulSpeedIndex opt fission warm webrender,,77,ms,firefox,,1719844365,2023-06-29T12:57:39,207.7,e784085dfb507c237319c40245ef0b32ddcf82b0,1266033
autoland,3870186,13,f36c3750a6bc0db1e2bc910e5f3a3acace5985a7,windows10-64-shippable-qr,True,False,,|f|i|s|s|i|o|n| |w|a|r|m| |w|e|b|r|e|n|d|e|r|,102210fe594ee9b33d82058545b1ed14f4c8206e,ContentfulSpeedIndex,amazon,True,amazon ContentfulSpeedIndex opt fission warm webrender,,77,ms,firefox,,1719890003,2023-06-29T15:22:27,222.4,573b87117fd3efdb12ffb05692f97323c07a9900,1266105
autoland,3870186,13,f36c3750a6bc0db1e2bc910e5f3a3acace5985a7,windows10-64-shippable-qr,True,False,,|f|i|s|s|i|o|n| |w|a|r|m| |w|e|b|r|e|n|d|e|r|,102210fe594ee9b33d82058545b1ed14f4c8206e,ContentfulSpeedIndex,amazon,True,amazon ContentfulSpeedIndex opt fission warm webrender,,77,ms,firefox,,1720001269,2023-06-29T19:36:56,211.6,c5ac7e957828eeda97a3af6fc706f41aa567e48e,1266292
autoland,3870186,13,f36c3750a6bc0db1e2bc910e5f3a3acace5985a7,windows10-64-shippable-qr,True,False,,|f|i|s|s|i|o|n| |w|a|r|m| |w|e|b|r|e|n|d|e|r|,102210fe594ee9b33d82058545b1ed14f4c8206e,ContentfulSpeedIndex,amazon,True,amazon ContentfulSpeedIndex opt fission warm webrender,,77,ms,firefox,,1720027149,2023-06-29T20:41:17,222.3,e37ddb3aa508e953837fbd08afec4a2aa6f7f5ed,1266342
autoland,3870186,13,f36c3750a6bc0db1e2bc910e5f3a3acace5985a7,windows10-64-shippable-qr,True,False,,|f|i|s|s|i|o|n| |w|a|r|m| |w|e|b|r|e|n|d|e|r|,102210fe594ee9b33d82058545b1ed14f4c8206e,ContentfulSpeedIndex,amazon,True,amazon ContentfulSpeedIndex opt fission warm webrender,,77,ms,firefox,,1720055564,2023-06-30T01:00:02,206.9,e547d8e238568d790c74653068edac30240a95c5,1266447
autoland,3870186,13,f36c3750a6bc0db1e2bc910e5f3a3acace5985a7,windows10-64-shippable-qr,True,False,,|f|i|s|s|i|o|n| |w|a|r|m| |w|e|b|r|e|n|d|e|r|,102210fe594ee9b33d82058545b1ed14f4c8206e,ContentfulSpeedIndex,amazon,True,amazon ContentfulSpeedIndex opt fission warm webrender,,77,ms,firefox,,1720164406,2023-06-30T08:19:33,210.1,9bc27d87fa29fd921612525cc37e24f0ec3ba76b,1266526
autoland,3870186,13,f36c3750a6bc0db1e2bc910e5f3a3acace5985a7,windows10-64-shippable-qr,True,False,,|f|i|s|s|i|o|n| |w|a|r|m| |w|e|b|r|e|n|d|e|r|,102210fe594ee9b33d82058545b1ed14f4c8206e,ContentfulSpeedIndex,amazon,True,amazon ContentfulSpeedIndex opt fission warm webrender,,77,ms,firefox,,1720247906,2023-06-30T13:51:38,205.6,0abcd848f8218f0e2d339bbd497ac60f4a3b752c,1266633
autoland,3870186,13,f36c3750a6bc0db1e2bc910e5f3a3acace5985a7,windows10-64-shippable-qr,True,False,,|f|i|s|s|i|o|n| |w|a|r|m| |w|e|b|r|e|n|d|e|r|,102210fe594ee9b33d82058545b1ed14f4c8206e,ContentfulSpeedIndex,amazon,True,amazon ContentfulSpeedIndex opt fission warm webrender,,77,ms,firefox,,1720363880,2023-07-01T00:00:49,209.7,8ee32af33954493677c04d2dad76681d20d37c02,1266825
autoland,3870186,13,f36c3750a6bc0db1e2bc910e5f3a3acace5985a7,windows10-64-shippable-qr,True,False,,|f|i|s|s|i|o|n| |w|a|r|m| |w|e|b|r|e|n|d|e|r|,102210fe594ee9b33d82058545b1ed14f4c8206e,ContentfulSpeedIndex,amazon,True,amazon ContentfulSpeedIndex opt fission warm webrender,,77,ms,firefox,,1720388745,2023-07-01T02:26:01,196.7,81b43c5e095f0b0407b6d1a8d4a7f92bf7115e5e,1266845
autoland,3870186,13,f36c3750a6bc0db1e2bc910e5f3a3acace5985a7,windows10-64-shippable-qr,True,False,,|f|i|s|s|i|o|n| |w|a|r|m| |w|e|b|r|e|n|d|e|r|,102210fe594ee9b33d82058545b1ed14f4c8206e,ContentfulSpeedIndex,amazon,True,amazon ContentfulSpeedIndex opt fission warm webrender,,77,ms,firefox,,1720486946,2023-07-02T04:09:27,206.1,e8ccd4d6629a5cde6dd4011e79c55630beb87376,1266929
autoland,3870186,13,f36c3750a6bc0db1e2bc910e5f3a3acace5985a7,windows10-64-shippable-qr,True,False,,|f|i|s|s|i|o|n| |w|a|r|m| |w|e|b|r|e|n|d|e|r|,102210fe594ee9b33d82058545b1ed14f4c8206e,ContentfulSpeedIndex,amazon,True,amazon ContentfulSpeedIndex opt fission warm webrender,,77,ms,firefox,,1720555048,2023-07-02T10:13:29,204.9,93c2b16409e05c7d2b654d2b5356a2b7742b0d18,1266947
autoland,3870186,13,f36c3750a6bc0db1e2bc910e5f3a3acace5985a7,windows10-64-shippable-qr,True,False,,|f|i|s|s|i|o|n| |w|a|r|m| |w|e|b|r|e|n|d|e|r|,102210fe594ee9b33d82058545b1ed14f4c8206e,ContentfulSpeedIndex,amazon,True,amazon ContentfulSpeedIndex opt fission warm webrender,,77,ms,firefox,,1720582980,2023-07-02T16:18:34,209.7,8a50b880c83f70597cd2951c74b7e9420d4b55c7,1266959
autoland,3870186,13,f36c3750a6bc0db1e2bc910e5f3a3acace5985a7,windows10-64-shippable-qr,True,False,,|f|i|s|s|i|o|n| |w|a|r|m| |w|e|b|r|e|n|d|e|r|,102210fe594ee9b33d82058545b1ed14f4c8206e,ContentfulSpeedIndex,amazon,True,amazon ContentfulSpeedIndex opt fission warm webrender,,77,ms,firefox,,1720638788,2023-07-03T04:14:26,207.2,03b04345a888d738f358fc74595aabb1dfb2685c,1267009
autoland,3870186,13,f36c3750a6bc0db1e2bc910e5f3a3acace5985a7,windows10-64-shippable-qr,True,False,,|f|i|s|s|i|o|n| |w|a|r|m| |w|e|b|r|e|n|d|e|r|,102210fe594ee9b33d82058545b1ed14f4c8206e,ContentfulSpeedIndex,amazon,True,amazon ContentfulSpeedIndex opt fission warm webrender,,77,ms,firefox,,1720737057,2023-07-03T08:58:45,216.3,3463727761e55956f8308f38f71b1654b79497ca,1267059
autoland,3870186,13,f36c3750a6bc0db1e2bc910e5f3a3acace5985a7,windows10-64-shippable-qr,True,False,,|f|i|s|s|i|o|n| |w|a|r|m| |w|e|b|r|e|n|d|e|r|,102210fe594ee9b33d82058545b1ed14f4c8206e,ContentfulSpeedIndex,amazon,True,amazon ContentfulSpeedIndex opt fission warm webrender,,77,ms,firefox,,1720739953,2023-07-03T08:59:44,200.3,90c1c72030a4d515720d44706816256c0a1e30a8,1267060
autoland,3870186,13,f36c3750a6bc0db1e2bc910e5f3a3acace5985a7,windows10-64-shippable-qr,True,False,,|f|i|s|s|i|o|n| |w|a|r|m| |w|e|b|r|e|n|d|e|r|,102210fe594ee9b33d82058545b1ed14f4c8206e,ContentfulSpeedIndex,amazon,True,amazon ContentfulSpeedIndex opt fission warm webrender,,77,ms,firefox,,1720766248,2023-07-03T14:20:46,212.7,9d50665254899d8431813bdc04178e6006ce6d59,1267108
autoland,3870186,13,f36c3750a6bc0db1e2bc910e5f3a3acace5985a7,windows10-64-shippable-qr,True,False,,|f|i|s|s|i|o|n| |w|a|r|m| |w|e|b|r|e|n|d|e|r|,102210fe594ee9b33d82058545b1ed14f4c8206e,ContentfulSpeedIndex,amazon,True,amazon ContentfulSpeedIndex opt fission warm webrender,,77,ms,firefox,,1720892593,2023-07-03T14:22:54,216.6,aeb5ae5a78c2b7650ac9946aa8d0f40e0cfe98bb,1267111
autoland,3870186,13,f36c3750a6bc0db1e2bc910e5f3a3acace5985a7,windows10-64-shippable-qr,True,False,,|f|i|s|s|i|o|n| |w|a|r|m| |w|e|b|r|e|n|d|e|r|,102210fe594ee9b33d82058545b1ed14f4c8206e,ContentfulSpeedIndex,amazon,True,amazon ContentfulSpeedIndex opt fission warm webrender,,77,ms,firefox,,1720841588,2023-07-04T00:08:48,199.0,a820608802f2194dfc19272bf19b7124a7349b79,1267203
autoland,3870186,13,f36c3750a6bc0db1e2bc910e5f3a3acace5985a7,windows10-64-shippable-qr,True,False,,|f|i|s|s|i|o|n| |w|a|r|m| |w|e|b|r|e|n|d|e|r|,102210fe594ee9b33d82058545b1ed14f4c8206e,ContentfulSpeedIndex,amazon,True,amazon ContentfulSpeedIndex opt fission warm webrender,,77,ms,firefox,,1720884556,2023-07-04T04:57:05,217.5,b2af19e5ff82fa8850262a0693f4941570a30474,1267245
autoland,3870186,13,f36c3750a6bc0db1e2bc910e5f3a3acace5985a7,windows10-64-shippable-qr,True,False,,|f|i|s|s|i|o|n| |w|a|r|m| |w|e|b|r|e|n|d|e|r|,102210fe594ee9b33d82058545b1ed14f4c8206e,ContentfulSpeedIndex,amazon,True,amazon ContentfulSpeedIndex opt fission warm webrender,,77,ms,firefox,,1720930073,2023-07-04T07:10:31,215.1,54bec48c8d6e571fdfbc0694895c371fd3fd08f9,1267272
autoland,3870186,13,f36c3750a6bc0db1e2bc910e5f3a3acace5985a7,windows10-64-shippable-qr,True,False,,|f|i|s|s|i|o|n| |w|a|r|m| |w|e|b|r|e|n|d|e|r|,102210fe594ee9b33d82058545b1ed14f4c8206e,ContentfulSpeedIndex,amazon,True,amazon ContentfulSpeedIndex opt fission warm webrender,,77,ms,firefox,,1721071137,2023-07-04T11:21:51,202.9,da13368ff947a55756c871582b1b13ffb6fa001d,1267342
autoland,3870186,13,f36c3750a6bc0db1e2bc910e5f3a3acace5985a7,windows10-64-shippable-qr,True,False,,|f|i|s|s|i|o|n| |w|a|r|m| |w|e|b|r|e|n|d|e|r|,102210fe594ee9b33d82058545b1ed14f4c8206e,ContentfulSpeedIndex,amazon,True,amazon ContentfulSpeedIndex opt fission warm webrender,,77,ms,firefox,,1721083427,2023-07-04T11:29:32,206.4,3aa1825bf09a37959e97ac4b5eaa3cc4b236b283,1267347
autoland,3870186,13,f36c3750a6bc0db1e2bc910e5f3a3acace5985a7,windows10-64-shippable-qr,True,False,,|f|i|s|s|i|o|n| |w|a|r|m| |w|e|b|r|e|n|d|e|r|,102210fe594ee9b33d82058545b1ed14f4c8206e,ContentfulSpeedIndex,amazon,True,amazon ContentfulSpeedIndex opt fission warm webrender,,77,ms,firefox,,1721511425,2023-07-04T15:20:28,216.6,11784c622930ff2f209c0b20dacc04fc8a7a1141,1267501
autoland,3870186,13,f36c3750a6bc0db1e2bc910e5f3a3acace5985a7,windows10-64-shippable-qr,True,False,,|f|i|s|s|i|o|n| |w|a|r|m| |w|e|b|r|e|n|d|e|r|,102210fe594ee9b33d82058545b1ed14f4c8206e,ContentfulSpeedIndex,amazon,True,amazon ContentfulSpeedIndex opt fission warm webrender,,77,ms,firefox,,1721500907,2023-07-04T15:21:30,214.0,0b10444298656eb14e13cce5c36dc43c4a4d1bf6,1267502
autoland,3870186,13,f36c3750a6bc0db1e2bc910e5f3a3acace5985a7,windows10-64-shippable-qr,True,False,,|f|i|s|s|i|o|n| |w|a|r|m| |w|e|b|r|e|n|d|e|r|,102210fe594ee9b33d82058545b1ed14f4c8206e,ContentfulSpeedIndex,amazon,True,amazon ContentfulSpeedIndex opt fission warm webrender,,77,ms,firefox,,1721166257,2023-07-04T15:22:25,207.4,cf717d6692eb6ff08bb1d0342645c7c6c1dcf8f7,1267503
autoland,3870186,13,f36c3750a6bc0db1e2bc910e5f3a3acace5985a7,windows10-64-shippable-qr,True,False,,|f|i|s|s|i|o|n| |w|a|r|m| |w|e|b|r|e|n|d|e|r|,102210fe594ee9b33d82058545b1ed14f4c8206e,ContentfulSpeedIndex,amazon,True,amazon ContentfulSpeedIndex opt fission warm webrender,,77,ms,firefox,,1721253870,2023-07-04T19:21:41,216.9,a8c47414f934fc13d47ba329f04089ab17eb2407,1267627
autoland,3870186,13,f36c3750a6bc0db1e2bc910e5f3a3acace5985a7,windows10-64-shippable-qr,True,False,,|f|i|s|s|i|o|n| |w|a|r|m| |w|e|b|r|e|n|d|e|r|,102210fe594ee9b33d82058545b1ed14f4c8206e,ContentfulSpeedIndex,amazon,True,amazon ContentfulSpeedIndex opt fission warm webrender,,77,ms,firefox,,1721384440,2023-07-04T23:33:38,211.4,3639b6891b332ea6c4ffea87bb2d1139c38b781d,1267723
autoland,3870186,13,f36c3750a6bc0db1e2bc910e5f3a3acace5985a7,windows10-64-shippable-qr,True,False,,|f|i|s|s|i|o|n| |w|a|r|m| |w|e|b|r|e|n|d|e|r|,102210fe594ee9b33d82058545b1ed14f4c8206e,ContentfulSpeedIndex,amazon,True,amazon ContentfulSpeedIndex opt fission warm webrender,,77,ms,firefox,,1721490322,2023-07-05T03:49:13,217.9,243ab04b37e31315f3db16a95bf6535124d9edda,1267756
autoland,3870186,13,f36c3750a6bc0db1e2bc910e5f3a3acace5985a7,windows10-64-shippable-qr,True,False,,|f|i|s|s|i|o|n| |w|a|r|m| |w|e|b|r|e|n|d|e|r|,102210fe594ee9b33d82058545b1ed14f4c8206e,ContentfulSpeedIndex,amazon,True,amazon ContentfulSpeedIndex opt fission warm webrender,,77,ms,firefox,,1721552424,2023-07-05T07:58:23,206.2,9ab7ea679b12d7e209ada3534abf7baf704fe9d4,1267796
autoland,3870186,13,f36c3750a6bc0db1e2bc910e5f3a3acace5985a7,windows10-64-shippable-qr,True,False,,|f|i|s|s|i|o|n| |w|a|r|m| |w|e|b|r|e|n|d|e|r|,102210fe594ee9b33d82058545b1ed14f4c8206e,ContentfulSpeedIndex,amazon,True,amazon ContentfulSpeedIndex opt fission warm webrender,,77,ms,firefox,,1721652810,2023-07-05T09:46:48,207.0,e3f62ea4e59393fe53784906952e9a1417688db1,1267838
autoland,3870186,13,f36c3750a6bc0db1e2bc910e5f3a3acace5985a7,windows10-64-shippable-qr,True,False,,|f|i|s|s|i|o|n| |w|a|r|m| |w|e|b|r|e|n|d|e|r|,102210fe594ee9b33d82058545b1ed14f4c8206e,ContentfulSpeedIndex,amazon,True,amazon ContentfulSpeedIndex opt fission warm webrender,,77,ms,firefox,,1721734893,2023-07-05T14:18:53,206.9,cee4ab20ddeef57e9b72447e753e72ed2eb244cf,1267963
autoland,3870186,13,f36c3750a6bc0db1e2bc910e5f3a3acace5985a7,windows10-64-shippable-qr,True,False,,|f|i|s|s|i|o|n| |w|a|r|m| |w|e|b|r|e|n|d|e|r|,102210fe594ee9b33d82058545b1ed14f4c8206e,ContentfulSpeedIndex,amazon,True,amazon ContentfulSpeedIndex opt fission warm webrender,,77,ms,firefox,,1721753590,2023-07-05T14:38:06,216.8,4613dfbe6bc2e60b1159da46db2edee3018423e1,1267976
autoland,3870186,13,f36c3750a6bc0db1e2bc910e5f3a3acace5985a7,windows10-64-shippable-qr,True,False,,|f|i|s|s|i|o|n| |w|a|r|m| |w|e|b|r|e|n|d|e|r|,102210fe594ee9b33d82058545b1ed14f4c8206e,ContentfulSpeedIndex,amazon,True,amazon ContentfulSpeedIndex opt fission warm webrender,,77,ms,firefox,,1721852293,2023-07-05T18:29:49,210.1,674dc1b6026b9fc62707f0df292dfaf1ba6557f1,1268132
autoland,3870186,13,f36c3750a6bc0db1e2bc910e5f3a3acace5985a7,windows10-64-shippable-qr,True,False,,|f|i|s|s|i|o|n| |w|a|r|m| |w|e|b|r|e|n|d|e|r|,102210fe594ee9b33d82058545b1ed14f4c8206e,ContentfulSpeedIndex,amazon,True,amazon ContentfulSpeedIndex opt fission warm webrender,,77,ms,firefox,,1721940004,2023-07-05T21:03:11,195.6,712427656ebd8d82b78a42d8e45b973aa7c220d7,1268236
autoland,3870186,13,f36c3750a6bc0db1e2bc910e5f3a3acace5985a7,windows10-64-shippable-qr,True,False,,|f|i|s|s|i|o|n| |w|a|r|m| |w|e|b|r|e|n|d|e|r|,102210fe594ee9b33d82058545b1ed14f4c8206e,ContentfulSpeedIndex,amazon,True,amazon ContentfulSpeedIndex opt fission warm webrender,,77,ms,firefox,,1722023279,2023-07-06T01:07:34,207.0,a0647e42fb1f509d753d2baacd7858b3ee9a8821,1268349
autoland,3870186,13,f36c3750a6bc0db1e2bc910e5f3a3acace5985a7,windows10-64-shippable-qr,True,False,,|f|i|s|s|i|o|n| |w|a|r|m| |w|e|b|r|e|n|d|e|r|,102210fe594ee9b33d82058545b1ed14f4c8206e,ContentfulSpeedIndex,amazon,True,amazon ContentfulSpeedIndex opt fission warm webrender,,77,ms,firefox,,1722106119,2023-07-06T06:12:07,193.6,1ba8085e68676425907973397d26e7417c1c4a74,1268405
autoland,3870186,13,f36c3750a6bc0db1e2bc910e5f3a3acace5985a7,windows10-64-shippable-qr,True,False,,|f|i|s|s|i|o|n| |w|a|r|m| |w|e|b|r|e|n|d|e|r|,102210fe594ee9b33d82058545b1ed14f4c8206e,ContentfulSpeedIndex,amazon,True,amazon ContentfulSpeedIndex opt fission warm webrender,,77,ms,firefox,,1722220421,2023-07-06T11:48:20,204.3,becc2fa2c186914b1a887e40e6f0e9a6643273eb,1268565
autoland,3870186,13,f36c3750a6bc0db1e2bc910e5f3a3acace5985a7,windows10-64-shippable-qr,True,False,,|f|i|s|s|i|o|n| |w|a|r|m| |w|e|b|r|e|n|d|e|r|,102210fe594ee9b33d82058545b1ed14f4c8206e,ContentfulSpeedIndex,amazon,True,amazon ContentfulSpeedIndex opt fission warm webrender,,77,ms,firefox,,1722231800,2023-07-06T12:38:53,206.4,5b919b11b30bcc659d499c9290a54c3f91d96bd2,1268598
autoland,3870186,13,f36c3750a6bc0db1e2bc910e5f3a3acace5985a7,windows10-64-shippable-qr,True,False,,|f|i|s|s|i|o|n| |w|a|r|m| |w|e|b|r|e|n|d|e|r|,102210fe594ee9b33d82058545b1ed14f4c8206e,ContentfulSpeedIndex,amazon,True,amazon ContentfulSpeedIndex opt fission warm webrender,,77,ms,firefox,,1722436779,2023-07-06T16:43:39,217.7,433f58fbe4180052220b584f15de1d1d6fda065a,1268777
autoland,3870186,13,f36c3750a6bc0db1e2bc910e5f3a3acace5985a7,windows10-64-shippable-qr,True,False,,|f|i|s|s|i|o|n| |w|a|r|m| |w|e|b|r|e|n|d|e|r|,102210fe594ee9b33d82058545b1ed14f4c8206e,ContentfulSpeedIndex,amazon,True,amazon ContentfulSpeedIndex opt fission warm webrender,,77,ms,firefox,,1722465646,2023-07-06T18:39:07,197.2,08f072ae172f3d48b0361ca0d34ead8a0b254e60,1268845
autoland,3870186,13,f36c3750a6bc0db1e2bc910e5f3a3acace5985a7,windows10-64-shippable-qr,True,False,,|f|i|s|s|i|o|n| |w|a|r|m| |w|e|b|r|e|n|d|e|r|,102210fe594ee9b33d82058545b1ed14f4c8206e,ContentfulSpeedIndex,amazon,True,amazon ContentfulSpeedIndex opt fission warm webrender,,77,ms,firefox,,1722527656,2023-07-06T20:44:41,205.0,2c6190b6ecb6ab8933a296c08e753c060a3c2e9b,1268939
autoland,3870186,13,f36c3750a6bc0db1e2bc910e5f3a3acace5985a7,windows10-64-shippable-qr,True,False,,|f|i|s|s|i|o|n| |w|a|r|m| |w|e|b|r|e|n|d|e|r|,102210fe594ee9b33d82058545b1ed14f4c8206e,ContentfulSpeedIndex,amazon,True,amazon ContentfulSpeedIndex opt fission warm webrender,,77,ms,firefox,,1722647703,2023-07-07T00:51:02,208.6,acd3d81337398ace5cd75f251f18da388ed281fa,1269038
autoland,3870186,13,f36c3750a6bc0db1e2bc910e5f3a3acace5985a7,windows10-64-shippable-qr,True,False,,|f|i|s|s|i|o|n| |w|a|r|m| |w|e|b|r|e|n|d|e|r|,102210fe594ee9b33d82058545b1ed14f4c8206e,ContentfulSpeedIndex,amazon,True,amazon ContentfulSpeedIndex opt fission warm webrender,,77,ms,firefox,,1722674878,2023-07-07T01:49:15,210.8,013763c5f493c6232cfa8502e7bcec4b151d9161,1269055
autoland,3870186,13,f36c3750a6bc0db1e2bc910e5f3a3acace5985a7,windows10-64-shippable-qr,True,False,,|f|i|s|s|i|o|n| |w|a|r|m| |w|e|b|r|e|n|d|e|r|,102210fe594ee9b33d82058545b1ed14f4c8206e,ContentfulSpeedIndex,amazon,True,amazon ContentfulSpeedIndex opt fission warm webrender,,77,ms,firefox,,1722715255,2023-07-07T06:17:26,188.7,e4d87ff75575880ea0c0fa09b316e360e4d9492f,1269097
autoland,3870186,13,f36c3750a6bc0db1e2bc910e5f3a3acace5985a7,windows10-64-shippable-qr,True,False,,|f|i|s|s|i|o|n| |w|a|r|m| |w|e|b|r|e|n|d|e|r|,102210fe594ee9b33d82058545b1ed14f4c8206e,ContentfulSpeedIndex,amazon,True,amazon ContentfulSpeedIndex opt fission warm webrender,,77,ms,firefox,,1722826979,2023-07-07T10:08:37,212.7,3a88b97290a0fe46c6fbfcf6dacd91c6b6900aeb,1269195
autoland,3870186,13,f36c3750a6bc0db1e2bc910e5f3a3acace5985a7,windows10-64-shippable-qr,True,False,,|f|i|s|s|i|o|n| |w|a|r|m| |w|e|b|r|e|n|d|e|r|,102210fe594ee9b33d82058545b1ed14f4c8206e,ContentfulSpeedIndex,amazon,True,amazon ContentfulSpeedIndex opt fission warm webrender,,77,ms,firefox,,1722913089,2023-07-07T14:06:48,205.2,fb62b8660fcaa40ecb0be50aa61ba8005dcbba27,1269286
autoland,3870186,13,f36c3750a6bc0db1e2bc910e5f3a3acace5985a7,windows10-64-shippable-qr,True,False,,|f|i|s|s|i|o|n| |w|a|r|m| |w|e|b|r|e|n|d|e|r|,102210fe594ee9b33d82058545b1ed14f4c8206e,ContentfulSpeedIndex,amazon,True,amazon ContentfulSpeedIndex opt fission warm webrender,,77,ms,firefox,,1722967545,2023-07-07T16:51:44,201.2,43977d30a10af8e193044a9aa578f2bc8b33edf7,1269420
autoland,3870186,13,f36c3750a6bc0db1e2bc910e5f3a3acace5985a7,windows10-64-shippable-qr,True,False,,|f|i|s|s|i|o|n| |w|a|r|m| |w|e|b|r|e|n|d|e|r|,102210fe594ee9b33d82058545b1ed14f4c8206e,ContentfulSpeedIndex,amazon,True,amazon ContentfulSpeedIndex opt fission warm webrender,,77,ms,firefox,,1723218351,2023-07-08T02:51:52,207.8,d2be18e8ce8cd63eaddb8f012d582a2863075164,1269678
autoland,3870186,13,f36c3750a6bc0db1e2bc910e5f3a3acace5985a7,windows10-64-shippable-qr,True,False,,|f|i|s|s|i|o|n| |w|a|r|m| |w|e|b|r|e|n|d|e|r|,102210fe594ee9b33d82058545b1ed14f4c8206e,ContentfulSpeedIndex,amazon,True,amazon ContentfulSpeedIndex opt fission warm webrender,,77,ms,firefox,,1723253092,2023-07-08T06:55:09,220.8,ef7d9ea0c3f751e7c525a136923c9c404c297b1f,1269687
autoland,3870186,13,f36c3750a6bc0db1e2bc910e5f3a3acace5985a7,windows10-64-shippable-qr,True,False,,|f|i|s|s|i|o|n| |w|a|r|m| |w|e|b|r|e|n|d|e|r|,102210fe594ee9b33d82058545b1ed14f4c8206e,ContentfulSpeedIndex,amazon,True,amazon ContentfulSpeedIndex opt fission warm webrender,,77,ms,firefox,,1723375695,2023-07-08T13:13:32,209.5,ee68eebc7bfd59157569f7de331974b06e765482,1269721
autoland,3870186,13,f36c3750a6bc0db1e2bc910e5f3a3acace5985a7,windows10-64-shippable-qr,True,False,,|f|i|s|s|i|o|n| |w|a|r|m| |w|e|b|r|e|n|d|e|r|,102210fe594ee9b33d82058545b1ed14f4c8206e,ContentfulSpeedIndex,amazon,True,amazon ContentfulSpeedIndex opt fission warm webrender,,77,ms,firefox,,1723365757,2023-07-08T13:22:34,219.9,3809d32977a2db97fd06c8fd3214256dc18af9a0,1269723
autoland,3870186,13,f36c3750a6bc0db1e2bc910e5f3a3acace5985a7,windows10-64-shippable-qr,True,False,,|f|i|s|s|i|o|n| |w|a|r|m| |w|e|b|r|e|n|d|e|r|,102210fe594ee9b33d82058545b1ed14f4c8206e,ContentfulSpeedIndex,amazon,True,amazon ContentfulSpeedIndex opt fission warm webrender,,77,ms,firefox,,1723435424,2023-07-08T18:13:28,209.5,3b3b41fc7f1dad97415448fb4652eb636903a02a,1269751
autoland,3870186,13,f36c3750a6bc0db1e2bc910e5f3a3acace5985a7,windows10-64-shippable-qr,True,False,,|f|i|s|s|i|o|n| |w|a|r|m| |w|e|b|r|e|n|d|e|r|,102210fe594ee9b33d82058545b1ed14f4c8206e,ContentfulSpeedIndex,amazon,True,amazon ContentfulSpeedIndex opt fission warm webrender,,77,ms,firefox,,1723481969,2023-07-08T22:36:06,209.7,47c72d2828f6f406fbe77758e1ae8cd7837af977,1269766
autoland,3870186,13,f36c3750a6bc0db1e2bc910e5f3a3acace5985a7,windows10-64-shippable-qr,True,False,,|f|i|s|s|i|o|n| |w|a|r|m| |w|e|b|r|e|n|d|e|r|,102210fe594ee9b33d82058545b1ed14f4c8206e,ContentfulSpeedIndex,amazon,True,amazon ContentfulSpeedIndex opt fission warm webrender,,77,ms,firefox,,1723517471,2023-07-09T03:04:33,186.7,2ac0f03815253b96c145a52b1762ed04c50f079d,1269805
autoland,3870186,13,f36c3750a6bc0db1e2bc910e5f3a3acace5985a7,windows10-64-shippable-qr,True,False,,|f|i|s|s|i|o|n| |w|a|r|m| |w|e|b|r|e|n|d|e|r|,102210fe594ee9b33d82058545b1ed14f4c8206e,ContentfulSpeedIndex,amazon,True,amazon ContentfulSpeedIndex opt fission warm webrender,,77,ms,firefox,,1723586346,2023-07-09T11:37:17,215.2,60d4eb46c8b40ab0cd000c9ef298c63c45539be7,1269836
autoland,3870186,13,f36c3750a6bc0db1e2bc910e5f3a3acace5985a7,windows10-64-shippable-qr,True,False,,|f|i|s|s|i|o|n| |w|a|r|m| |w|e|b|r|e|n|d|e|r|,102210fe594ee9b33d82058545b1ed14f4c8206e,ContentfulSpeedIndex,amazon,True,amazon ContentfulSpeedIndex opt fission warm webrender,,77,ms,firefox,,1723638101,2023-07-09T16:14:27,215.4,38657e8c266f862cee349b298d0679f6617a8a63,1269855
autoland,3870186,13,f36c3750a6bc0db1e2bc910e5f3a3acace5985a7,windows10-64-shippable-qr,True,False,,|f|i|s|s|i|o|n| |w|a|r|m| |w|e|b|r|e|n|d|e|r|,102210fe594ee9b33d82058545b1ed14f4c8206e,ContentfulSpeedIndex,amazon,True,amazon ContentfulSpeedIndex opt fission warm webrender,,77,ms,firefox,,1723665265,2023-07-09T17:38:49,218.1,91d2d276f13316b73f0fed743d543009fcfade03,1269870
autoland,3870186,13,f36c3750a6bc0db1e2bc910e5f3a3acace5985a7,windows10-64-shippable-qr,True,False,,|f|i|s|s|i|o|n| |w|a|r|m| |w|e|b|r|e|n|d|e|r|,102210fe594ee9b33d82058545b1ed14f4c8206e,ContentfulSpeedIndex,amazon,True,amazon ContentfulSpeedIndex opt fission warm webrender,,77,ms,firefox,,1723714275,2023-07-09T22:03:27,201.3,5497748101b60ab9149d6616e70cabc4c11c6cb5,1269918
autoland,3870186,13,f36c3750a6bc0db1e2bc910e5f3a3acace5985a7,windows10-64-shippable-qr,True,False,,|f|i|s|s|i|o|n| |w|a|r|m| |w|e|b|r|e|n|d|e|r|,102210fe594ee9b33d82058545b1ed14f4c8206e,ContentfulSpeedIndex,amazon,True,amazon ContentfulSpeedIndex opt fission warm webrender,,77,ms,firefox,,1723840438,2023-07-10T02:33:11,197.8,aaa3698312c56a08a7b405178ee462fe3c2a30e7,1269963
autoland,3870186,13,f36c3750a6bc0db1e2bc910e5f3a3acace5985a7,windows10-64-shippable-qr,True,False,,|f|i|s|s|i|o|n| |w|a|r|m| |w|e|b|r|e|n|d|e|r|,102210fe594ee9b33d82058545b1ed14f4c8206e,ContentfulSpeedIndex,amazon,True,amazon ContentfulSpeedIndex opt fission warm webrender,,77,ms,firefox,,1723971155,2023-07-10T08:51:48,213.2,7313b6429e48b58bd38ab3be47999be475f2ba6b,1270053
autoland,3870186,13,f36c3750a6bc0db1e2bc910e5f3a3acace5985a7,windows10-64-shippable-qr,True,False,,|f|i|s|s|i|o|n| |w|a|r|m| |w|e|b|r|e|n|d|e|r|,102210fe594ee9b33d82058545b1ed14f4c8206e,ContentfulSpeedIndex,amazon,True,amazon ContentfulSpeedIndex opt fission warm webrender,,77,ms,firefox,,1724018791,2023-07-10T13:07:04,207.7,70fb59178ff21c468afeb592869c28371401db6a,1270176
autoland,3870186,13,f36c3750a6bc0db1e2bc910e5f3a3acace5985a7,windows10-64-shippable-qr,True,False,,|f|i|s|s|i|o|n| |w|a|r|m| |w|e|b|r|e|n|d|e|r|,102210fe594ee9b33d82058545b1ed14f4c8206e,ContentfulSpeedIndex,amazon,True,amazon ContentfulSpeedIndex opt fission warm webrender,,77,ms,firefox,,1724089663,2023-07-10T14:01:57,213.9,e31033710cfe590d9e7deda75757f71ddef34207,1270199
autoland,3870186,13,f36c3750a6bc0db1e2bc910e5f3a3acace5985a7,windows10-64-shippable-qr,True,False,,|f|i|s|s|i|o|n| |w|a|r|m| |w|e|b|r|e|n|d|e|r|,102210fe594ee9b33d82058545b1ed14f4c8206e,ContentfulSpeedIndex,amazon,True,amazon ContentfulSpeedIndex opt fission warm webrender,,77,ms,firefox,,1724219138,2023-07-10T18:14:55,219.0,1c909f267af625b4c370b6735113e1cafc94bbad,1270330
autoland,3870186,13,f36c3750a6bc0db1e2bc910e5f3a3acace5985a7,windows10-64-shippable-qr,True,False,,|f|i|s|s|i|o|n| |w|a|r|m| |w|e|b|r|e|n|d|e|r|,102210fe594ee9b33d82058545b1ed14f4c8206e,ContentfulSpeedIndex,amazon,True,amazon ContentfulSpeedIndex opt fission warm webrender,,77,ms,firefox,,1724413931,2023-07-10T18:29:35,206.9,30b26799c81ba6f393a26ac1dec94fc65c700ae2,1270336
autoland,3870186,13,f36c3750a6bc0db1e2bc910e5f3a3acace5985a7,windows10-64-shippable-qr,True,False,,|f|i|s|s|i|o|n| |w|a|r|m| |w|e|b|r|e|n|d|e|r|,102210fe594ee9b33d82058545b1ed14f4c8206e,ContentfulSpeedIndex,amazon,True,amazon ContentfulSpeedIndex opt fission warm webrender,,77,ms,firefox,,1724420324,2023-07-10T18:33:19,200.7,96f24646390be39f604f0815e8fdc2560d4608be,1270340
autoland,3870186,13,f36c3750a6bc0db1e2bc910e5f3a3acace5985a7,windows10-64-shippable-qr,True,False,,|f|i|s|s|i|o|n| |w|a|r|m| |w|e|b|r|e|n|d|e|r|,102210fe594ee9b33d82058545b1ed14f4c8206e,ContentfulSpeedIndex,amazon,True,amazon ContentfulSpeedIndex opt fission warm webrender,,77,ms,firefox,,1724275176,2023-07-10T19:48:56,191.2,923b28f88778b9de2f2a694c75dcb313148c0fc5,1270385
autoland,3870186,13,f36c3750a6bc0db1e2bc910e5f3a3acace5985a7,windows10-64-shippable-qr,True,False,,|f|i|s|s|i|o|n| |w|a|r|m| |w|e|b|r|e|n|d|e|r|,102210fe594ee9b33d82058545b1ed14f4c8206e,ContentfulSpeedIndex,amazon,True,amazon ContentfulSpeedIndex opt fission warm webrender,,77,ms,firefox,,1724362270,2023-07-11T01:42:54,209.0,b6a3e16c65e1298418f1aaf966dd3071d644075b,1270560
autoland,3870186,13,f36c3750a6bc0db1e2bc910e5f3a3acace5985a7,windows10-64-shippable-qr,True,False,,|f|i|s|s|i|o|n| |w|a|r|m| |w|e|b|r|e|n|d|e|r|,102210fe594ee9b33d82058545b1ed14f4c8206e,ContentfulSpeedIndex,amazon,True,amazon ContentfulSpeedIndex opt fission warm webrender,,77,ms,firefox,,1724470695,2023-07-11T06:35:00,201.5,bd6b3707b0b4eb7dd36fd65f81325cd71a20ab43,1270619
autoland,3870186,13,f36c3750a6bc0db1e2bc910e5f3a3acace5985a7,windows10-64-shippable-qr,True,False,,|f|i|s|s|i|o|n| |w|a|r|m| |w|e|b|r|e|n|d|e|r|,102210fe594ee9b33d82058545b1ed14f4c8206e,ContentfulSpeedIndex,amazon,True,amazon ContentfulSpeedIndex opt fission warm webrender,,77,ms,firefox,,1724524492,2023-07-11T08:55:46,213.8,6f3d3f416c953a7c5f64b907c4afb5906a1868a3,1270644
autoland,3870186,13,f36c3750a6bc0db1e2bc910e5f3a3acace5985a7,windows10-64-shippable-qr,True,False,,|f|i|s|s|i|o|n| |w|a|r|m| |w|e|b|r|e|n|d|e|r|,102210fe594ee9b33d82058545b1ed14f4c8206e,ContentfulSpeedIndex,amazon,True,amazon ContentfulSpeedIndex opt fission warm webrender,,77,ms,firefox,,1724607099,2023-07-11T13:33:02,213.1,0c47c1159e0a060ee709f9f8f854bfad27f86c85,1270792
autoland,3870186,13,f36c3750a6bc0db1e2bc910e5f3a3acace5985a7,windows10-64-shippable-qr,True,False,,|f|i|s|s|i|o|n| |w|a|r|m| |w|e|b|r|e|n|d|e|r|,102210fe594ee9b33d82058545b1ed14f4c8206e,ContentfulSpeedIndex,amazon,True,amazon ContentfulSpeedIndex opt fission warm webrender,,77,ms,firefox,,1724650556,2023-07-11T14:06:52,202.2,3100a08eeee126bc592700ba015d42a4eeabd552,1270802
autoland,3870186,13,f36c3750a6bc0db1e2bc910e5f3a3acace5985a7,windows10-64-shippable-qr,True,False,,|f|i|s|s|i|o|n| |w|a|r|m| |w|e|b|r|e|n|d|e|r|,102210fe594ee9b33d82058545b1ed14f4c8206e,ContentfulSpeedIndex,amazon,True,amazon ContentfulSpeedIndex opt fission warm webrender,,77,ms,firefox,,1724816373,2023-07-11T18:36:01,205.6,87db7bb709335405232188624e8b3fa9990fd678,1270977
autoland,3870186,13,f36c3750a6bc0db1e2bc910e5f3a3acace5985a7,windows10-64-shippable-qr,True,False,,|f|i|s|s|i|o|n| |w|a|r|m| |w|e|b|r|e|n|d|e|r|,102210fe594ee9b33d82058545b1ed14f4c8206e,ContentfulSpeedIndex,amazon,True,amazon ContentfulSpeedIndex opt fission warm webrender,,77,ms,firefox,,1724888112,2023-07-11T22:00:07,208.5,799309422d5f66cd280bc2aa8f49a203faaf670f,1271127
autoland,3870186,13,f36c3750a6bc0db1e2bc910e5f3a3acace5985a7,windows10-64-shippable-qr,True,False,,|f|i|s|s|i|o|n| |w|a|r|m| |w|e|b|r|e|n|d|e|r|,102210fe594ee9b33d82058545b1ed14f4c8206e,ContentfulSpeedIndex,amazon,True,amazon ContentfulSpeedIndex opt fission warm webrender,,77,ms,firefox,,1724963100,2023-07-12T03:43:13,212.7,409794f954d9150f8da58e49d75898a655aca25d,1271221
autoland,3870186,13,f36c3750a6bc0db1e2bc910e5f3a3acace5985a7,windows10-64-shippable-qr,True,False,,|f|i|s|s|i|o|n| |w|a|r|m| |w|e|b|r|e|n|d|e|r|,102210fe594ee9b33d82058545b1ed14f4c8206e,ContentfulSpeedIndex,amazon,True,amazon ContentfulSpeedIndex opt fission warm webrender,,77,ms,firefox,,1725014760,2023-07-12T07:41:52,202.7,3df39b644daab1c941ea8f68e6f1e1018058b95e,1271289
autoland,3870186,13,f36c3750a6bc0db1e2bc910e5f3a3acace5985a7,windows10-64-shippable-qr,True,False,,|f|i|s|s|i|o|n| |w|a|r|m| |w|e|b|r|e|n|d|e|r|,102210fe594ee9b33d82058545b1ed14f4c8206e,ContentfulSpeedIndex,amazon,True,amazon ContentfulSpeedIndex opt fission warm webrender,,77,ms,firefox,,1725124722,2023-07-12T11:57:10,199.8,323cd57deb4d5a322c892f49b9141687d7561c0b,1271397
autoland,3870186,13,f36c3750a6bc0db1e2bc910e5f3a3acace5985a7,windows10-64-shippable-qr,True,False,,|f|i|s|s|i|o|n| |w|a|r|m| |w|e|b|r|e|n|d|e|r|,102210fe594ee9b33d82058545b1ed14f4c8206e,ContentfulSpeedIndex,amazon,True,amazon ContentfulSpeedIndex opt fission warm webrender,,77,ms,firefox,,1725181288,2023-07-12T14:40:04,195.0,09a138b12b3b18e85b4234788a6f92fa756908af,1271467
autoland,3870186,13,f36c3750a6bc0db1e2bc910e5f3a3acace5985a7,windows10-64-shippable-qr,True,False,,|f|i|s|s|i|o|n| |w|a|r|m| |w|e|b|r|e|n|d|e|r|,102210fe594ee9b33d82058545b1ed14f4c8206e,ContentfulSpeedIndex,amazon,True,amazon ContentfulSpeedIndex opt fission warm webrender,,77,ms,firefox,,1725272477,2023-07-12T19:44:39,201.5,5af60a4168846b5be7576faecbb5050fa6d965cf,1271665
autoland,3870186,13,f36c3750a6bc0db1e2bc910e5f3a3acace5985a7,windows10-64-shippable-qr,True,False,,|f|i|s|s|i|o|n| |w|a|r|m| |w|e|b|r|e|n|d|e|r|,102210fe594ee9b33d82058545b1ed14f4c8206e,ContentfulSpeedIndex,amazon,True,amazon ContentfulSpeedIndex opt fission warm webrender,,77,ms,firefox,,1725341313,2023-07-12T23:52:09,205.8,48bcd4c43c3e833bc33696496138c36bdddef23d,1271821
autoland,3870186,13,f36c3750a6bc0db1e2bc910e5f3a3acace5985a7,windows10-64-shippable-qr,True,False,,|f|i|s|s|i|o|n| |w|a|r|m| |w|e|b|r|e|n|d|e|r|,102210fe594ee9b33d82058545b1ed14f4c8206e,ContentfulSpeedIndex,amazon,True,amazon ContentfulSpeedIndex opt fission warm webrender,,77,ms,firefox,,1725391133,2023-07-13T04:00:14,197.6,0724fde82b2fe250010f13a500b6c525eaf3abb5,1271916
autoland,3870186,13,f36c3750a6bc0db1e2bc910e5f3a3acace5985a7,windows10-64-shippable-qr,True,False,,|f|i|s|s|i|o|n| |w|a|r|m| |w|e|b|r|e|n|d|e|r|,102210fe594ee9b33d82058545b1ed14f4c8206e,ContentfulSpeedIndex,amazon,True,amazon ContentfulSpeedIndex opt fission warm webrender,,77,ms,firefox,,1725468890,2023-07-13T08:20:37,206.7,3170f4f57d01091d2a74fe40ee6f4ab8efa7351a,1271978
autoland,3870186,13,f36c3750a6bc0db1e2bc910e5f3a3acace5985a7,windows10-64-shippable-qr,True,False,,|f|i|s|s|i|o|n| |w|a|r|m| |w|e|b|r|e|n|d|e|r|,102210fe594ee9b33d82058545b1ed14f4c8206e,ContentfulSpeedIndex,amazon,True,amazon ContentfulSpeedIndex opt fission warm webrender,,77,ms,firefox,,1725575134,2023-07-13T11:47:10,214.6,1bfb25414a090700f286cd06319e91cb9ac6e336,1272070
autoland,3870186,13,f36c3750a6bc0db1e2bc910e5f3a3acace5985a7,windows10-64-shippable-qr,True,False,,|f|i|s|s|i|o|n| |w|a|r|m| |w|e|b|r|e|n|d|e|r|,102210fe594ee9b33d82058545b1ed14f4c8206e,ContentfulSpeedIndex,amazon,True,amazon ContentfulSpeedIndex opt fission warm webrender,,77,ms,firefox,,1725694361,2023-07-13T14:50:19,207.9,411654dc3bffdf2358079fc20c662dc3c58a2363,1272192
autoland,3870186,13,f36c3750a6bc0db1e2bc910e5f3a3acace5985a7,windows10-64-shippable-qr,True,False,,|f|i|s|s|i|o|n| |w|a|r|m| |w|e|b|r|e|n|d|e|r|,102210fe594ee9b33d82058545b1ed14f4c8206e,ContentfulSpeedIndex,amazon,True,amazon ContentfulSpeedIndex opt fission warm webrender,,77,ms,firefox,,1725834088,2023-07-13T19:23:25,212.5,93efae7712c8170b189d6e2d626af9bc74ee9f33,1272383
autoland,3870186,13,f36c3750a6bc0db1e2bc910e5f3a3acace5985a7,windows10-64-shippable-qr,True,False,,|f|i|s|s|i|o|n| |w|a|r|m| |w|e|b|r|e|n|d|e|r|,102210fe594ee9b33d82058545b1ed14f4c8206e,ContentfulSpeedIndex,amazon,True,amazon ContentfulSpeedIndex opt fission warm webrender,,77,ms,firefox,,1725978541,2023-07-13T19:24:59,208.1,bbf3c24cbbc7b98b52113accc0c5cd377e1bb198,1272385
autoland,3870186,13,f36c3750a6bc0db1e2bc910e5f3a3acace5985a7,windows10-64-shippable-qr,True,False,,|f|i|s|s|i|o|n| |w|a|r|m| |w|e|b|r|e|n|d|e|r|,102210fe594ee9b33d82058545b1ed14f4c8206e,ContentfulSpeedIndex,amazon,True,amazon ContentfulSpeedIndex opt fission warm webrender,,77,ms,firefox,,1726017641,2023-07-13T19:30:44,213.1,1feed58581ba17fdd979df109fe14c7a2b3d9843,1272388
autoland,3870186,13,f36c3750a6bc0db1e2bc910e5f3a3acace5985a7,windows10-64-shippable-qr,True,False,,|f|i|s|s|i|o|n| |w|a|r|m| |w|e|b|r|e|n|d|e|r|,102210fe594ee9b33d82058545b1ed14f4c8206e,ContentfulSpeedIndex,amazon,True,amazon ContentfulSpeedIndex opt fission warm webrender,,77,ms,firefox,,1725955789,2023-07-13T23:46:26,207.3,d7363bddf2b82c4f02c60bf1f3236c1853a1d788,1272530
autoland,3870186,13,f36c3750a6bc0db1e2bc910e5f3a3acace5985a7,windows10-64-shippable-qr,True,False,,|f|i|s|s|i|o|n| |w|a|r|m| |w|e|b|r|e|n|d|e|r|,102210fe594ee9b33d82058545b1ed14f4c8206e,ContentfulSpeedIndex,amazon,True,amazon ContentfulSpeedIndex opt fission warm webrender,,77,ms,firefox,,1725944787,2023-07-14T00:33:08,204.9,ce811b4b8e62538cba1620fbe1f66b6963a00103,1272546
autoland,3870186,13,f36c3750a6bc0db1e2bc910e5f3a3acace5985a7,windows10-64-shippable-qr,True,False,,|f|i|s|s|i|o|n| |w|a|r|m| |w|e|b|r|e|n|d|e|r|,102210fe594ee9b33d82058545b1ed14f4c8206e,ContentfulSpeedIndex,amazon,True,amazon ContentfulSpeedIndex opt fission warm webrender,,77,ms,firefox,,1726001241,2023-07-14T05:34:55,205.9,196cda3a105202c8969a926a0637db0e0014c07d,1272621
autoland,3870186,13,f36c3750a6bc0db1e2bc910e5f3a3acace5985a7,windows10-64-shippable-qr,True,False,,|f|i|s|s|i|o|n| |w|a|r|m| |w|e|b|r|e|n|d|e|r|,102210fe594ee9b33d82058545b1ed14f4c8206e,ContentfulSpeedIndex,amazon,True,amazon ContentfulSpeedIndex opt fission warm webrender,,77,ms,firefox,,1726161322,2023-07-14T08:41:57,214.3,2c2b2040f7a3a963eaf19ecd574a96682fb4e6c3,1272676
autoland,3870186,13,f36c3750a6bc0db1e2bc910e5f3a3acace5985a7,windows10-64-shippable-qr,True,False,,|f|i|s|s|i|o|n| |w|a|r|m| |w|e|b|r|e|n|d|e|r|,102210fe594ee9b33d82058545b1ed14f4c8206e,ContentfulSpeedIndex,amazon,True,amazon ContentfulSpeedIndex opt fission warm webrender,,77,ms,firefox,,1726287697,2023-07-14T12:49:37,206.5,f04d14e8c457c340e7bb0c8955b7a42e3ed32c84,1272721
autoland,3870186,13,f36c3750a6bc0db1e2bc910e5f3a3acace5985a7,windows10-64-shippable-qr,True,False,,|f|i|s|s|i|o|n| |w|a|r|m| |w|e|b|r|e|n|d|e|r|,102210fe594ee9b33d82058545b1ed14f4c8206e,ContentfulSpeedIndex,amazon,True,amazon ContentfulSpeedIndex opt fission warm webrender,,77,ms,firefox,,1726373210,2023-07-14T16:10:08,210.1,379fa15b7cfddd1f92027d8c39b32706dc0f59a8,1272833
autoland,3870186,13,f36c3750a6bc0db1e2bc910e5f3a3acace5985a7,windows10-64-shippable-qr,True,False,,|f|i|s|s|i|o|n| |w|a|r|m| |w|e|b|r|e|n|d|e|r|,102210fe594ee9b33d82058545b1ed14f4c8206e,ContentfulSpeedIndex,amazon,True,amazon ContentfulSpeedIndex opt fission warm webrender,,77,ms,firefox,,1726481385,2023-07-14T21:22:48,192.7,f65db437bbbe4d54d073843c79519c0a373ada5c,1272987
autoland,3870186,13,f36c3750a6bc0db1e2bc910e5f3a3acace5985a7,windows10-64-shippable-qr,True,False,,|f|i|s|s|i|o|n| |w|a|r|m| |w|e|b|r|e|n|d|e|r|,102210fe594ee9b33d82058545b1ed14f4c8206e,ContentfulSpeedIndex,amazon,True,amazon ContentfulSpeedIndex opt fission warm webrender,,77,ms,firefox,,1726507603,2023-07-14T22:30:09,203.3,2fa0f2941257f51a55bcabee0f1913fe395266b0,1273018
autoland,3870186,13,f36c3750a6bc0db1e2bc910e5f3a3acace5985a7,windows10-64-shippable-qr,True,False,,|f|i|s|s|i|o|n| |w|a|r|m| |w|e|b|r|e|n|d|e|r|,102210fe594ee9b33d82058545b1ed14f4c8206e,ContentfulSpeedIndex,amazon,True,amazon ContentfulSpeedIndex opt fission warm webrender,,77,ms,firefox,,1726528771,2023-07-15T02:41:28,204.9,1e09c6aabfcd1088a923373e95d74f457e863755,1273070
autoland,3870186,13,f36c3750a6bc0db1e2bc910e5f3a3acace5985a7,windows10-64-shippable-qr,True,False,,|f|i|s|s|i|o|n| |w|a|r|m| |w|e|b|r|e|n|d|e|r|,102210fe594ee9b33d82058545b1ed14f4c8206e,ContentfulSpeedIndex,amazon,True,amazon ContentfulSpeedIndex opt fission warm webrender,,77,ms,firefox,,1726589192,2023-07-15T12:36:57,200.7,3a71e5ba50017ceb558d246e6ea58f8d5a57a3af,1273110
autoland,3870186,13,f36c3750a6bc0db1e2bc910e5f3a3acace5985a7,windows10-64-shippable-qr,True,False,,|f|i|s|s|i|o|n| |w|a|r|m| |w|e|b|r|e|n|d|e|r|,102210fe594ee9b33d82058545b1ed14f4c8206e,ContentfulSpeedIndex,amazon,True,amazon ContentfulSpeedIndex opt fission warm webrender,,77,ms,firefox,,1726633351,2023-07-15T18:59:02,207.9,23e9067195200f00248b6c027bfae113965bf3ea,1273125
autoland,3870186,13,f36c3750a6bc0db1e2bc910e5f3a3acace5985a7,windows10-64-shippable-qr,True,False,,|f|i|s|s|i|o|n| |w|a|r|m| |w|e|b|r|e|n|d|e|r|,102210fe594ee9b33d82058545b1ed14f4c8206e,ContentfulSpeedIndex,amazon,True,amazon ContentfulSpeedIndex opt fission warm webrender,,77,ms,firefox,,1726676910,2023-07-16T02:22:04,202.0,29be5ceedcdd2e835a383389153d9264d9b81217,1273151
autoland,3870186,13,f36c3750a6bc0db1e2bc910e5f3a3acace5985a7,windows10-64-shippable-qr,True,False,,|f|i|s|s|i|o|n| |w|a|r|m| |w|e|b|r|e|n|d|e|r|,102210fe594ee9b33d82058545b1ed14f4c8206e,ContentfulSpeedIndex,amazon,True,amazon ContentfulSpeedIndex opt fission warm webrender,,77,ms,firefox,,1726773509,2023-07-16T17:40:24,195.7,2d64faa1590722f6ec14781ee5e175a2c875171c,1273186
autoland,3870186,13,f36c3750a6bc0db1e2bc910e5f3a3acace5985a7,windows10-64-shippable-qr,True,False,,|f|i|s|s|i|o|n| |w|a|r|m| |w|e|b|r|e|n|d|e|r|,102210fe594ee9b33d82058545b1ed14f4c8206e,ContentfulSpeedIndex,amazon,True,amazon ContentfulSpeedIndex opt fission warm webrender,,77,ms,firefox,,1726901167,2023-07-17T10:08:58,199.0,ef60c7cdcb76172f1caf579529cf9fb756de4dbd,1273362
autoland,3870186,13,f36c3750a6bc0db1e2bc910e5f3a3acace5985a7,windows10-64-shippable-qr,True,False,,|f|i|s|s|i|o|n| |w|a|r|m| |w|e|b|r|e|n|d|e|r|,102210fe594ee9b33d82058545b1ed14f4c8206e,ContentfulSpeedIndex,amazon,True,amazon ContentfulSpeedIndex opt fission warm webrender,,77,ms,firefox,,1727296738,2023-07-17T10:10:51,218.0,953e77c13acb077960f863612d3036a0d8724008,1273366
autoland,3870186,13,f36c3750a6bc0db1e2bc910e5f3a3acace5985a7,windows10-64-shippable-qr,True,False,,|f|i|s|s|i|o|n| |w|a|r|m| |w|e|b|r|e|n|d|e|r|,102210fe594ee9b33d82058545b1ed14f4c8206e,ContentfulSpeedIndex,amazon,True,amazon ContentfulSpeedIndex opt fission warm webrender,,77,ms,firefox,,1727280443,2023-07-17T11:01:52,206.1,2a006f66fd1958496f7cae9c174e45a5a5403b1d,1273381
autoland,3870186,13,f36c3750a6bc0db1e2bc910e5f3a3acace5985a7,windows10-64-shippable-qr,True,False,,|f|i|s|s|i|o|n| |w|a|r|m| |w|e|b|r|e|n|d|e|r|,102210fe594ee9b33d82058545b1ed14f4c8206e,ContentfulSpeedIndex,amazon,True,amazon ContentfulSpeedIndex opt fission warm webrender,,77,ms,firefox,,1727260386,2023-07-17T13:42:26,204.7,b80c658a6c19f373d458a6ca866c32d87a5f579b,1273443
autoland,3870186,13,f36c3750a6bc0db1e2bc910e5f3a3acace5985a7,windows10-64-shippable-qr,True,False,,|f|i|s|s|i|o|n| |w|a|r|m| |w|e|b|r|e|n|d|e|r|,102210fe594ee9b33d82058545b1ed14f4c8206e,ContentfulSpeedIndex,amazon,True,amazon ContentfulSpeedIndex opt fission warm webrender,,77,ms,firefox,,1727311351,2023-07-17T13:56:56,203.8,480a4843ee4329760fdea6dff2b457ff8cc95eb9,1273451
autoland,3870186,13,f36c3750a6bc0db1e2bc910e5f3a3acace5985a7,windows10-64-shippable-qr,True,False,,|f|i|s|s|i|o|n| |w|a|r|m| |w|e|b|r|e|n|d|e|r|,102210fe594ee9b33d82058545b1ed14f4c8206e,ContentfulSpeedIndex,amazon,True,amazon ContentfulSpeedIndex opt fission warm webrender,,77,ms,firefox,,1727043221,2023-07-17T14:30:30,216.0,e90e64d1c5a944feafdb48fe3527c9aeeac00ec9,1273474
autoland,3870186,13,f36c3750a6bc0db1e2bc910e5f3a3acace5985a7,windows10-64-shippable-qr,True,False,,|f|i|s|s|i|o|n| |w|a|r|m| |w|e|b|r|e|n|d|e|r|,102210fe594ee9b33d82058545b1ed14f4c8206e,ContentfulSpeedIndex,amazon,True,amazon ContentfulSpeedIndex opt fission warm webrender,,77,ms,firefox,,1727303684,2023-07-17T15:18:16,204.7,c59cb36c74f432b44e7148682b572301b05ed1e0,1273503
autoland,3870186,13,f36c3750a6bc0db1e2bc910e5f3a3acace5985a7,windows10-64-shippable-qr,True,False,,|f|i|s|s|i|o|n| |w|a|r|m| |w|e|b|r|e|n|d|e|r|,102210fe594ee9b33d82058545b1ed14f4c8206e,ContentfulSpeedIndex,amazon,True,amazon ContentfulSpeedIndex opt fission warm webrender,,77,ms,firefox,,1727340935,2023-07-17T15:59:39,216.0,80a9077fa5eadb649347ccfdf256cdc5c647f611,1273518
autoland,3870186,13,f36c3750a6bc0db1e2bc910e5f3a3acace5985a7,windows10-64-shippable-qr,True,False,,|f|i|s|s|i|o|n| |w|a|r|m| |w|e|b|r|e|n|d|e|r|,102210fe594ee9b33d82058545b1ed14f4c8206e,ContentfulSpeedIndex,amazon,True,amazon ContentfulSpeedIndex opt fission warm webrender,,77,ms,firefox,,1727010450,2023-07-17T16:07:24,203.7,01dc0385e5b93df37aef43d60cd1105523eae328,1273529
autoland,3870186,13,f36c3750a6bc0db1e2bc910e5f3a3acace5985a7,windows10-64-shippable-qr,True,False,,|f|i|s|s|i|o|n| |w|a|r|m| |w|e|b|r|e|n|d|e|r|,102210fe594ee9b33d82058545b1ed14f4c8206e,ContentfulSpeedIndex,amazon,True,amazon ContentfulSpeedIndex opt fission warm webrender,,77,ms,firefox,,1727336359,2023-07-17T16:23:13,212.9,49cff8f1d0b45289c21ac815c0e150bdf80b3e3c,1273535
autoland,3870186,13,f36c3750a6bc0db1e2bc910e5f3a3acace5985a7,windows10-64-shippable-qr,True,False,,|f|i|s|s|i|o|n| |w|a|r|m| |w|e|b|r|e|n|d|e|r|,102210fe594ee9b33d82058545b1ed14f4c8206e,ContentfulSpeedIndex,amazon,True,amazon ContentfulSpeedIndex opt fission warm webrender,,77,ms,firefox,,1727167958,2023-07-17T20:04:09,198.2,f2c1249026167b30c81eff3368093a442a915826,1273673
autoland,3870186,13,f36c3750a6bc0db1e2bc910e5f3a3acace5985a7,windows10-64-shippable-qr,True,False,,|f|i|s|s|i|o|n| |w|a|r|m| |w|e|b|r|e|n|d|e|r|,102210fe594ee9b33d82058545b1ed14f4c8206e,ContentfulSpeedIndex,amazon,True,amazon ContentfulSpeedIndex opt fission warm webrender,,77,ms,firefox,,1727212133,2023-07-17T23:40:15,205.6,bbea40f618ed9435d7c989dcb18dc1ba34d55d4c,1273797
autoland,3870186,13,f36c3750a6bc0db1e2bc910e5f3a3acace5985a7,windows10-64-shippable-qr,True,False,,|f|i|s|s|i|o|n| |w|a|r|m| |w|e|b|r|e|n|d|e|r|,102210fe594ee9b33d82058545b1ed14f4c8206e,ContentfulSpeedIndex,amazon,True,amazon ContentfulSpeedIndex opt fission warm webrender,,77,ms,firefox,,1727270881,2023-07-18T04:33:35,210.7,35e42e5979dac0b99828194869d5dc00365b37fb,1273869
autoland,3870186,13,f36c3750a6bc0db1e2bc910e5f3a3acace5985a7,windows10-64-shippable-qr,True,False,,|f|i|s|s|i|o|n| |w|a|r|m| |w|e|b|r|e|n|d|e|r|,102210fe594ee9b33d82058545b1ed14f4c8206e,ContentfulSpeedIndex,amazon,True,amazon ContentfulSpeedIndex opt fission warm webrender,,77,ms,firefox,,1727387943,2023-07-18T08:33:44,205.5,ff623ceacdca87e37ceaa8e2d7f2072d5a7ae7fb,1273935
autoland,3870186,13,f36c3750a6bc0db1e2bc910e5f3a3acace5985a7,windows10-64-shippable-qr,True,False,,|f|i|s|s|i|o|n| |w|a|r|m| |w|e|b|r|e|n|d|e|r|,102210fe594ee9b33d82058545b1ed14f4c8206e,ContentfulSpeedIndex,amazon,True,amazon ContentfulSpeedIndex opt fission warm webrender,,77,ms,firefox,,1727442601,2023-07-18T08:34:31,206.0,ed8bcaa0195e582a53b92eeac99b65a9c1f06da2,1273936
autoland,3870186,13,f36c3750a6bc0db1e2bc910e5f3a3acace5985a7,windows10-64-shippable-qr,True,False,,|f|i|s|s|i|o|n| |w|a|r|m| |w|e|b|r|e|n|d|e|r|,102210fe594ee9b33d82058545b1ed14f4c8206e,ContentfulSpeedIndex,amazon,True,amazon ContentfulSpeedIndex opt fission warm webrender,,77,ms,firefox,,1727547795,2023-07-18T13:03:29,206.6,bcffaa369c722f4ebfa7cb8af6a3fc605e2efa10,1274068
autoland,3870186,13,f36c3750a6bc0db1e2bc910e5f3a3acace5985a7,windows10-64-shippable-qr,True,False,,|f|i|s|s|i|o|n| |w|a|r|m| |w|e|b|r|e|n|d|e|r|,102210fe594ee9b33d82058545b1ed14f4c8206e,ContentfulSpeedIndex,amazon,True,amazon ContentfulSpeedIndex opt fission warm webrender,,77,ms,firefox,,1727564554,2023-07-18T13:45:23,207.7,0de8fdd9abfcc9f9019857d255157b5eb799f98b,1274096
autoland,3870186,13,f36c3750a6bc0db1e2bc910e5f3a3acace5985a7,windows10-64-shippable-qr,True,False,,|f|i|s|s|i|o|n| |w|a|r|m| |w|e|b|r|e|n|d|e|r|,102210fe594ee9b33d82058545b1ed14f4c8206e,ContentfulSpeedIndex,amazon,True,amazon ContentfulSpeedIndex opt fission warm webrender,,77,ms,firefox,,1727656677,2023-07-18T17:24:29,208.9,9330f8cb5765b67a89ac1427300f344a63d42cdc,1274230
autoland,3870186,13,f36c3750a6bc0db1e2bc910e5f3a3acace5985a7,windows10-64-shippable-qr,True,False,,|f|i|s|s|i|o|n| |w|a|r|m| |w|e|b|r|e|n|d|e|r|,102210fe594ee9b33d82058545b1ed14f4c8206e,ContentfulSpeedIndex,amazon,True,amazon ContentfulSpeedIndex opt fission warm webrender,,77,ms,firefox,,1727862460,2023-07-18T22:22:09,208.9,b39dcefbe15f24fbf00da64782588b71ef8277a6,1274408
autoland,3870186,13,f36c3750a6bc0db1e2bc910e5f3a3acace5985a7,windows10-64-shippable-qr,True,False,,|f|i|s|s|i|o|n| |w|a|r|m| |w|e|b|r|e|n|d|e|r|,102210fe594ee9b33d82058545b1ed14f4c8206e,ContentfulSpeedIndex,amazon,True,amazon ContentfulSpeedIndex opt fission warm webrender,,77,ms,firefox,,1727839852,2023-07-18T23:34:55,203.3,a8acb9b8880c2f1c2cf5891e5a20997a21d9d909,1274454
autoland,3870186,13,f36c3750a6bc0db1e2bc910e5f3a3acace5985a7,windows10-64-shippable-qr,True,False,,|f|i|s|s|i|o|n| |w|a|r|m| |w|e|b|r|e|n|d|e|r|,102210fe594ee9b33d82058545b1ed14f4c8206e,ContentfulSpeedIndex,amazon,True,amazon ContentfulSpeedIndex opt fission warm webrender,,77,ms,firefox,,1727955232,2023-07-19T05:12:28,209.6,49a85b3b07e07c1158f9cb0c1f58b67fc2d659f7,1274587
autoland,3870186,13,f36c3750a6bc0db1e2bc910e5f3a3acace5985a7,windows10-64-shippable-qr,True,False,,|f|i|s|s|i|o|n| |w|a|r|m| |w|e|b|r|e|n|d|e|r|,102210fe594ee9b33d82058545b1ed14f4c8206e,ContentfulSpeedIndex,amazon,True,amazon ContentfulSpeedIndex opt fission warm webrender,,77,ms,firefox,,1728118798,2023-07-19T08:12:16,213.0,140d21dede36ec0333dbfd36cf0d1320eee6cba4,1274646
autoland,3870186,13,f36c3750a6bc0db1e2bc910e5f3a3acace5985a7,windows10-64-shippable-qr,True,False,,|f|i|s|s|i|o|n| |w|a|r|m| |w|e|b|r|e|n|d|e|r|,102210fe594ee9b33d82058545b1ed14f4c8206e,ContentfulSpeedIndex,amazon,True,amazon ContentfulSpeedIndex opt fission warm webrender,,77,ms,firefox,,1728264977,2023-07-19T12:13:12,211.6,b8d9ace4647851e162743362d884084c81a969ab,1274744
autoland,3870186,13,f36c3750a6bc0db1e2bc910e5f3a3acace5985a7,windows10-64-shippable-qr,True,False,,|f|i|s|s|i|o|n| |w|a|r|m| |w|e|b|r|e|n|d|e|r|,102210fe594ee9b33d82058545b1ed14f4c8206e,ContentfulSpeedIndex,amazon,True,amazon ContentfulSpeedIndex opt fission warm webrender,,77,ms,firefox,,1728850160,2023-07-19T13:06:35,206.1,b4b23feef55a5201adccb65558c2f936b437b03c,1274782
autoland,3870186,13,f36c3750a6bc0db1e2bc910e5f3a3acace5985a7,windows10-64-shippable-qr,True,False,,|f|i|s|s|i|o|n| |w|a|r|m| |w|e|b|r|e|n|d|e|r|,102210fe594ee9b33d82058545b1ed14f4c8206e,ContentfulSpeedIndex,amazon,True,amazon ContentfulSpeedIndex opt fission warm webrender,,77,ms,firefox,,1728500012,2023-07-19T14:37:00,208.0,c1d9936545b5ba143392d27280eb1d56af5ac580,1274851
autoland,3870186,13,f36c3750a6bc0db1e2bc910e5f3a3acace5985a7,windows10-64-shippable-qr,True,False,,|f|i|s|s|i|o|n| |w|a|r|m| |w|e|b|r|e|n|d|e|r|,102210fe594ee9b33d82058545b1ed14f4c8206e,ContentfulSpeedIndex,amazon,True,amazon ContentfulSpeedIndex opt fission warm webrender,,77,ms,firefox,,1728797456,2023-07-19T16:22:57,199.8,42e0b293b3a65df8406e58d9a703707f07ca64e3,1274925
autoland,3870186,13,f36c3750a6bc0db1e2bc910e5f3a3acace5985a7,windows10-64-shippable-qr,True,False,,|f|i|s|s|i|o|n| |w|a|r|m| |w|e|b|r|e|n|d|e|r|,102210fe594ee9b33d82058545b1ed14f4c8206e,ContentfulSpeedIndex,amazon,True,amazon ContentfulSpeedIndex opt fission warm webrender,,77,ms,firefox,,1728781847,2023-07-19T16:24:52,216.7,d05e7eb6194b6ed6a17fa804338e80e604d05426,1274926
autoland,3870186,13,f36c3750a6bc0db1e2bc910e5f3a3acace5985a7,windows10-64-shippable-qr,True,False,,|f|i|s|s|i|o|n| |w|a|r|m| |w|e|b|r|e|n|d|e|r|,102210fe594ee9b33d82058545b1ed14f4c8206e,ContentfulSpeedIndex,amazon,True,amazon ContentfulSpeedIndex opt fission warm webrender,,77,ms,firefox,,1728588042,2023-07-19T18:46:51,195.0,a4cb1e2b9e3d0583fb35c77b1b5a61823240d23a,1275034
autoland,3870186,13,f36c3750a6bc0db1e2bc910e5f3a3acace5985a7,windows10-64-shippable-qr,True,False,,|f|i|s|s|i|o|n| |w|a|r|m| |w|e|b|r|e|n|d|e|r|,102210fe594ee9b33d82058545b1ed14f4c8206e,ContentfulSpeedIndex,amazon,True,amazon ContentfulSpeedIndex opt fission warm webrender,,77,ms,firefox,,1728680604,2023-07-19T22:17:04,202.4,7d1e4a896dd81d294b7bccc7c20345d7c0432b47,1275176
autoland,3870186,13,f36c3750a6bc0db1e2bc910e5f3a3acace5985a7,windows10-64-shippable-qr,True,False,,|f|i|s|s|i|o|n| |w|a|r|m| |w|e|b|r|e|n|d|e|r|,102210fe594ee9b33d82058545b1ed14f4c8206e,ContentfulSpeedIndex,amazon,True,amazon ContentfulSpeedIndex opt fission warm webrender,,77,ms,firefox,,1728740631,2023-07-20T03:34:20,206.0,e73cc92e62dbaf2e2cdb70a1d9890da611a2b772,1275291
autoland,3870186,13,f36c3750a6bc0db1e2bc910e5f3a3acace5985a7,windows10-64-shippable-qr,True,False,,|f|i|s|s|i|o|n| |w|a|r|m| |w|e|b|r|e|n|d|e|r|,102210fe594ee9b33d82058545b1ed14f4c8206e,ContentfulSpeedIndex,amazon,True,amazon ContentfulSpeedIndex opt fission warm webrender,,77,ms,firefox,,1728942868,2023-07-20T07:42:09,221.6,9a6d93f12d75deb2d5f6662ca35347a774d7cd6f,1275344
autoland,3870186,13,f36c3750a6bc0db1e2bc910e5f3a3acace5985a7,windows10-64-shippable-qr,True,False,,|f|i|s|s|i|o|n| |w|a|r|m| |w|e|b|r|e|n|d|e|r|,102210fe594ee9b33d82058545b1ed14f4c8206e,ContentfulSpeedIndex,amazon,True,amazon ContentfulSpeedIndex opt fission warm webrender,,77,ms,firefox,,1729032066,2023-07-20T12:22:04,198.5,0278b86272728b17ade153f25ef5ec4442158066,1275437
autoland,3870186,13,f36c3750a6bc0db1e2bc910e5f3a3acace5985a7,windows10-64-shippable-qr,True,False,,|f|i|s|s|i|o|n| |w|a|r|m| |w|e|b|r|e|n|d|e|r|,102210fe594ee9b33d82058545b1ed14f4c8206e,ContentfulSpeedIndex,amazon,True,amazon ContentfulSpeedIndex opt fission warm webrender,,77,ms,firefox,,1729485910,2023-07-20T13:21:00,202.6,f33e1ce6dcf19e47952f3963c8e970c7c380acd2,1275460
autoland,3870186,13,f36c3750a6bc0db1e2bc910e5f3a3acace5985a7,windows10-64-shippable-qr,True,False,,|f|i|s|s|i|o|n| |w|a|r|m| |w|e|b|r|e|n|d|e|r|,102210fe594ee9b33d82058545b1ed14f4c8206e,ContentfulSpeedIndex,amazon,True,amazon ContentfulSpeedIndex opt fission warm webrender,,77,ms,firefox,,1729509040,2023-07-20T13:24:59,203.8,a90f231791f03487ec9a1beab731726e345264d3,1275463
autoland,3870186,13,f36c3750a6bc0db1e2bc910e5f3a3acace5985a7,windows10-64-shippable-qr,True,False,,|f|i|s|s|i|o|n| |w|a|r|m| |w|e|b|r|e|n|d|e|r|,102210fe594ee9b33d82058545b1ed14f4c8206e,ContentfulSpeedIndex,amazon,True,amazon ContentfulSpeedIndex opt fission warm webrender,,77,ms,firefox,,1729159499,2023-07-20T15:24:57,207.3,0bc898fe076442e9a552e9918f1b50ece1c87859,1275543
autoland,3870186,13,f36c3750a6bc0db1e2bc910e5f3a3acace5985a7,windows10-64-shippable-qr,True,False,,|f|i|s|s|i|o|n| |w|a|r|m| |w|e|b|r|e|n|d|e|r|,102210fe594ee9b33d82058545b1ed14f4c8206e,ContentfulSpeedIndex,amazon,True,amazon ContentfulSpeedIndex opt fission warm webrender,,77,ms,firefox,,1729481411,2023-07-20T15:49:41,193.1,61e3c35c5ec858d73be3f12db7911814c97662d1,1275563
autoland,3870186,13,f36c3750a6bc0db1e2bc910e5f3a3acace5985a7,windows10-64-shippable-qr,True,False,,|f|i|s|s|i|o|n| |w|a|r|m| |w|e|b|r|e|n|d|e|r|,102210fe594ee9b33d82058545b1ed14f4c8206e,ContentfulSpeedIndex,amazon,True,amazon ContentfulSpeedIndex opt fission warm webrender,,77,ms,firefox,,1729511894,2023-07-20T15:57:36,212.9,e19f10f18cc2b743954df29e6df658ad01a8d71f,1275568
autoland,3870186,13,f36c3750a6bc0db1e2bc910e5f3a3acace5985a7,windows10-64-shippable-qr,True,False,,|f|i|s|s|i|o|n| |w|a|r|m| |w|e|b|r|e|n|d|e|r|,102210fe594ee9b33d82058545b1ed14f4c8206e,ContentfulSpeedIndex,amazon,True,amazon ContentfulSpeedIndex opt fission warm webrender,,77,ms,firefox,,1729312826,2023-07-20T19:57:27,211.5,1474bffb9d2bc609c90f59cdbd875d90f152f78b,1275751
autoland,3870186,13,f36c3750a6bc0db1e2bc910e5f3a3acace5985a7,windows10-64-shippable-qr,True,False,,|f|i|s|s|i|o|n| |w|a|r|m| |w|e|b|r|e|n|d|e|r|,102210fe594ee9b33d82058545b1ed14f4c8206e,ContentfulSpeedIndex,amazon,True,amazon ContentfulSpeedIndex opt fission warm webrender,,77,ms,firefox,,1729399865,2023-07-20T23:58:39,203.8,a81b4cfa355314c5644c5a1924408dd57a6451ba,1275867
autoland,3870186,13,f36c3750a6bc0db1e2bc910e5f3a3acace5985a7,windows10-64-shippable-qr,True,False,,|f|i|s|s|i|o|n| |w|a|r|m| |w|e|b|r|e|n|d|e|r|,102210fe594ee9b33d82058545b1ed14f4c8206e,ContentfulSpeedIndex,amazon,True,amazon ContentfulSpeedIndex opt fission warm webrender,,77,ms,firefox,,1729441449,2023-07-21T02:12:29,209.5,561b7f418a4da2b68cf411804f9a6dcc542bf5d4,1275913
autoland,3870186,13,f36c3750a6bc0db1e2bc910e5f3a3acace5985a7,windows10-64-shippable-qr,True,False,,|f|i|s|s|i|o|n| |w|a|r|m| |w|e|b|r|e|n|d|e|r|,102210fe594ee9b33d82058545b1ed14f4c8206e,ContentfulSpeedIndex,amazon,True,amazon ContentfulSpeedIndex opt fission warm webrender,,77,ms,firefox,,1729633638,2023-07-21T09:50:03,212.3,a2fe9197bad582dee22ed11cd3cec32073abcbb1,1276015
autoland,3870186,13,f36c3750a6bc0db1e2bc910e5f3a3acace5985a7,windows10-64-shippable-qr,True,False,,|f|i|s|s|i|o|n| |w|a|r|m| |w|e|b|r|e|n|d|e|r|,102210fe594ee9b33d82058545b1ed14f4c8206e,ContentfulSpeedIndex,amazon,True,amazon ContentfulSpeedIndex opt fission warm webrender,,77,ms,firefox,,1729685488,2023-07-21T13:55:08,215.8,9df47ce85e0472ca3ad7784cdf4c5640950ed7d9,1276152
autoland,3870186,13,f36c3750a6bc0db1e2bc910e5f3a3acace5985a7,windows10-64-shippable-qr,True,False,,|f|i|s|s|i|o|n| |w|a|r|m| |w|e|b|r|e|n|d|e|r|,102210fe594ee9b33d82058545b1ed14f4c8206e,ContentfulSpeedIndex,amazon,True,amazon ContentfulSpeedIndex opt fission warm webrender,,77,ms,firefox,,1729981804,2023-07-21T14:57:13,213.2,b545926f1ae26978c1d882b547b81c46cc2d13b1,1276194
autoland,3870186,13,f36c3750a6bc0db1e2bc910e5f3a3acace5985a7,windows10-64-shippable-qr,True,False,,|f|i|s|s|i|o|n| |w|a|r|m| |w|e|b|r|e|n|d|e|r|,102210fe594ee9b33d82058545b1ed14f4c8206e,ContentfulSpeedIndex,amazon,True,amazon ContentfulSpeedIndex opt fission warm webrender,,77,ms,firefox,,1729978147,2023-07-21T15:37:35,203.8,9fb23e77a86d962610c8be2392b3d05732b94847,1276218
autoland,3870186,13,f36c3750a6bc0db1e2bc910e5f3a3acace5985a7,windows10-64-shippable-qr,True,False,,|f|i|s|s|i|o|n| |w|a|r|m| |w|e|b|r|e|n|d|e|r|,102210fe594ee9b33d82058545b1ed14f4c8206e,ContentfulSpeedIndex,amazon,True,amazon ContentfulSpeedIndex opt fission warm webrender,,77,ms,firefox,,1729812887,2023-07-21T17:11:12,215.1,e289c1fd943bfc8c2973687da74a008f86d9e60f,1276290
autoland,3870186,13,f36c3750a6bc0db1e2bc910e5f3a3acace5985a7,windows10-64-shippable-qr,True,False,,|f|i|s|s|i|o|n| |w|a|r|m| |w|e|b|r|e|n|d|e|r|,102210fe594ee9b33d82058545b1ed14f4c8206e,ContentfulSpeedIndex,amazon,True,amazon ContentfulSpeedIndex opt fission warm webrender,,77,ms,firefox,,1729878790,2023-07-21T21:17:12,202.9,f13e959d38c7e8d9590bbc8d44f95149bbe180d1,1276495
autoland,3870186,13,f36c3750a6bc0db1e2bc910e5f3a3acace5985a7,windows10-64-shippable-qr,True,False,,|f|i|s|s|i|o|n| |w|a|r|m| |w|e|b|r|e|n|d|e|r|,102210fe594ee9b33d82058545b1ed14f4c8206e,ContentfulSpeedIndex,amazon,True,amazon ContentfulSpeedIndex opt fission warm webrender,,77,ms,firefox,,1729902973,2023-07-21T22:20:56,201.9,50344759578b6b2e1851c6a6133121c4d89b4f0d,1276531
autoland,3870186,13,f36c3750a6bc0db1e2bc910e5f3a3acace5985a7,windows10-64-shippable-qr,True,False,,|f|i|s|s|i|o|n| |w|a|r|m| |w|e|b|r|e|n|d|e|r|,102210fe594ee9b33d82058545b1ed14f4c8206e,ContentfulSpeedIndex,amazon,True,amazon ContentfulSpeedIndex opt fission warm webrender,,77,ms,firefox,,1729956640,2023-07-22T03:42:46,200.9,e4939251f81ca8c6a2fb9db3bbd4416e04dff97d,1276588
autoland,3870186,13,f36c3750a6bc0db1e2bc910e5f3a3acace5985a7,windows10-64-shippable-qr,True,False,,|f|i|s|s|i|o|n| |w|a|r|m| |w|e|b|r|e|n|d|e|r|,102210fe594ee9b33d82058545b1ed14f4c8206e,ContentfulSpeedIndex,amazon,True,amazon ContentfulSpeedIndex opt fission warm webrender,,77,ms,firefox,,1730054601,2023-07-22T08:58:42,212.3,c95ec2e13d66e06547002bd008e87bea4f94c022,1276620
autoland,3870186,13,f36c3750a6bc0db1e2bc910e5f3a3acace5985a7,windows10-64-shippable-qr,True,False,,|f|i|s|s|i|o|n| |w|a|r|m| |w|e|b|r|e|n|d|e|r|,102210fe594ee9b33d82058545b1ed14f4c8206e,ContentfulSpeedIndex,amazon,True,amazon ContentfulSpeedIndex opt fission warm webrender,,77,ms,firefox,,1730107948,2023-07-22T14:13:52,210.8,b16351df250c572a14efa126f7702fe104ac9fd7,1276645
autoland,3870186,13,f36c3750a6bc0db1e2bc910e5f3a3acace5985a7,windows10-64-shippable-qr,True,False,,|f|i|s|s|i|o|n| |w|a|r|m| |w|e|b|r|e|n|d|e|r|,102210fe594ee9b33d82058545b1ed14f4c8206e,ContentfulSpeedIndex,amazon,True,amazon ContentfulSpeedIndex opt fission warm webrender,,77,ms,firefox,,1730218030,2023-07-23T02:59:53,196.6,829bb0f62051beedfe5ba05f679d3b6c8e0d1a3b,1276677
autoland,3870186,13,f36c3750a6bc0db1e2bc910e5f3a3acace5985a7,windows10-64-shippable-qr,True,False,,|f|i|s|s|i|o|n| |w|a|r|m| |w|e|b|r|e|n|d|e|r|,102210fe594ee9b33d82058545b1ed14f4c8206e,ContentfulSpeedIndex,amazon,True,amazon ContentfulSpeedIndex opt fission warm webrender,,77,ms,firefox,,1730286945,2023-07-23T12:16:45,198.8,bd6c5007212e7ee9ecc312d4ef096252a9702033,1276689
autoland,3870186,13,f36c3750a6bc0db1e2bc910e5f3a3acace5985a7,windows10-64-shippable-qr,True,False,,|f|i|s|s|i|o|n| |w|a|r|m| |w|e|b|r|e|n|d|e|r|,102210fe594ee9b33d82058545b1ed14f4c8206e,ContentfulSpeedIndex,amazon,True,amazon ContentfulSpeedIndex opt fission warm webrender,,77,ms,firefox,,1730333775,2023-07-23T17:37:04,210.7,2fd3284df4616a8723f5b749c4652a682c7b5372,1276726
autoland,3870186,13,f36c3750a6bc0db1e2bc910e5f3a3acace5985a7,windows10-64-shippable-qr,True,False,,|f|i|s|s|i|o|n| |w|a|r|m| |w|e|b|r|e|n|d|e|r|,102210fe594ee9b33d82058545b1ed14f4c8206e,ContentfulSpeedIndex,amazon,True,amazon ContentfulSpeedIndex opt fission warm webrender,,77,ms,firefox,,1730414063,2023-07-24T00:19:00,213.4,7e5acc812edd3bcb93cfaf76eaab2c3fd6c4d274,1276767
autoland,3870186,13,f36c3750a6bc0db1e2bc910e5f3a3acace5985a7,windows10-64-shippable-qr,True,False,,|f|i|s|s|i|o|n| |w|a|r|m| |w|e|b|r|e|n|d|e|r|,102210fe594ee9b33d82058545b1ed14f4c8206e,ContentfulSpeedIndex,amazon,True,amazon ContentfulSpeedIndex opt fission warm webrender,,77,ms,firefox,,1730440554,2023-07-24T03:08:06,202.7,7b6332c9bce4487c1db3384523b5991fef31e28c,1276802
autoland,3870186,13,f36c3750a6bc0db1e2bc910e5f3a3acace5985a7,windows10-64-shippable-qr,True,False,,|f|i|s|s|i|o|n| |w|a|r|m| |w|e|b|r|e|n|d|e|r|,102210fe594ee9b33d82058545b1ed14f4c8206e,ContentfulSpeedIndex,amazon,True,amazon ContentfulSpeedIndex opt fission warm webrender,,77,ms,firefox,,1730496551,2023-07-24T07:35:58,211.1,91b590f6e608c6c3787304fa0010ce58519bde50,1276834
autoland,3870186,13,f36c3750a6bc0db1e2bc910e5f3a3acace5985a7,windows10-64-shippable-qr,True,False,,|f|i|s|s|i|o|n| |w|a|r|m| |w|e|b|r|e|n|d|e|r|,102210fe594ee9b33d82058545b1ed14f4c8206e,ContentfulSpeedIndex,amazon,True,amazon ContentfulSpeedIndex opt fission warm webrender,,77,ms,firefox,,1730661228,2023-07-24T11:14:54,205.2,b1a1263e67ce531d13e0a5e2e77c737b114e38b0,1276910
autoland,3870186,13,f36c3750a6bc0db1e2bc910e5f3a3acace5985a7,windows10-64-shippable-qr,True,False,,|f|i|s|s|i|o|n| |w|a|r|m| |w|e|b|r|e|n|d|e|r|,102210fe594ee9b33d82058545b1ed14f4c8206e,ContentfulSpeedIndex,amazon,True,amazon ContentfulSpeedIndex opt fission warm webrender,,77,ms,firefox,,1731077209,2023-07-24T12:11:00,215.0,23577cb64636c92dfc2f0a73ececd631f05b3414,1276938
autoland,3870186,13,f36c3750a6bc0db1e2bc910e5f3a3acace5985a7,windows10-64-shippable-qr,True,False,,|f|i|s|s|i|o|n| |w|a|r|m| |w|e|b|r|e|n|d|e|r|,102210fe594ee9b33d82058545b1ed14f4c8206e,ContentfulSpeedIndex,amazon,True,amazon ContentfulSpeedIndex opt fission warm webrender,,77,ms,firefox,,1731070372,2023-07-24T12:15:49,211.1,8f3d9e59939f99a34bb59db9bca3680462fbc7e9,1276939
autoland,3870186,13,f36c3750a6bc0db1e2bc910e5f3a3acace5985a7,windows10-64-shippable-qr,True,False,,|f|i|s|s|i|o|n| |w|a|r|m| |w|e|b|r|e|n|d|e|r|,102210fe594ee9b33d82058545b1ed14f4c8206e,ContentfulSpeedIndex,amazon,True,amazon ContentfulSpeedIndex opt fission warm webrender,,77,ms,firefox,,1731071604,2023-07-24T14:37:08,204.7,fcb2279fe7287100ede1a2fdd72043fbb1787a74,1277022
autoland,3870186,13,f36c3750a6bc0db1e2bc910e5f3a3acace5985a7,windows10-64-shippable-qr,True,False,,|f|i|s|s|i|o|n| |w|a|r|m| |w|e|b|r|e|n|d|e|r|,102210fe594ee9b33d82058545b1ed14f4c8206e,ContentfulSpeedIndex,amazon,True,amazon ContentfulSpeedIndex opt fission warm webrender,,77,ms,firefox,,1731067723,2023-07-24T14:56:47,212.8,2ec32cd8e72a81b580f53114dd636edb8b3ff177,1277037
autoland,3870186,13,f36c3750a6bc0db1e2bc910e5f3a3acace5985a7,windows10-64-shippable-qr,True,False,,|f|i|s|s|i|o|n| |w|a|r|m| |w|e|b|r|e|n|d|e|r|,102210fe594ee9b33d82058545b1ed14f4c8206e,ContentfulSpeedIndex,amazon,True,amazon ContentfulSpeedIndex opt fission warm webrender,,77,ms,firefox,,1730821244,2023-07-24T16:02:50,212.2,2483fdffbe5e3c051a32bcf141fb33e9803c0afc,1277068
autoland,3870186,13,f36c3750a6bc0db1e2bc910e5f3a3acace5985a7,windows10-64-shippable-qr,True,False,,|f|i|s|s|i|o|n| |w|a|r|m| |w|e|b|r|e|n|d|e|r|,102210fe594ee9b33d82058545b1ed14f4c8206e,ContentfulSpeedIndex,amazon,True,amazon ContentfulSpeedIndex opt fission warm webrender,,77,ms,firefox,,1730876714,2023-07-24T19:16:11,204.2,f9c12557d7a4e074be3fc45027ae8ffbb8f27aaf,1277230
autoland,3870186,13,f36c3750a6bc0db1e2bc910e5f3a3acace5985a7,windows10-64-shippable-qr,True,False,,|f|i|s|s|i|o|n| |w|a|r|m| |w|e|b|r|e|n|d|e|r|,102210fe594ee9b33d82058545b1ed14f4c8206e,ContentfulSpeedIndex,amazon,True,amazon ContentfulSpeedIndex opt fission warm webrender,,77,ms,firefox,,1730984868,2023-07-24T23:43:54,209.0,bd745245ac70d82630be9e971b5a9077b5f514e8,1277393
autoland,3870186,13,f36c3750a6bc0db1e2bc910e5f3a3acace5985a7,windows10-64-shippable-qr,True,False,,|f|i|s|s|i|o|n| |w|a|r|m| |w|e|b|r|e|n|d|e|r|,102210fe594ee9b33d82058545b1ed14f4c8206e,ContentfulSpeedIndex,amazon,True,amazon ContentfulSpeedIndex opt fission warm webrender,,77,ms,firefox,,1730989698,2023-07-25T00:28:34,208.1,1084bcb2a2550fee8fad1f0be69e603b6c8d67bd,1277414
autoland,3870186,13,f36c3750a6bc0db1e2bc910e5f3a3acace5985a7,windows10-64-shippable-qr,True,False,,|f|i|s|s|i|o|n| |w|a|r|m| |w|e|b|r|e|n|d|e|r|,102210fe594ee9b33d82058545b1ed14f4c8206e,ContentfulSpeedIndex,amazon,True,amazon ContentfulSpeedIndex opt fission warm webrender,,77,ms,firefox,,1731061655,2023-07-25T04:47:38,205.7,862d1cf3d7a17e3dde9bda49c5561ec902bb8136,1277485
autoland,3870186,13,f36c3750a6bc0db1e2bc910e5f3a3acace5985a7,windows10-64-shippable-qr,True,False,,|f|i|s|s|i|o|n| |w|a|r|m| |w|e|b|r|e|n|d|e|r|,102210fe594ee9b33d82058545b1ed14f4c8206e,ContentfulSpeedIndex,amazon,True,amazon ContentfulSpeedIndex opt fission warm webrender,,77,ms,firefox,,1731146288,2023-07-25T10:06:07,204.7,8ea7aa580b526bc8c4a486b95f73da88462f716d,1277567
autoland,3870186,13,f36c3750a6bc0db1e2bc910e5f3a3acace5985a7,windows10-64-shippable-qr,True,False,,|f|i|s|s|i|o|n| |w|a|r|m| |w|e|b|r|e|n|d|e|r|,102210fe594ee9b33d82058545b1ed14f4c8206e,ContentfulSpeedIndex,amazon,True,amazon ContentfulSpeedIndex opt fission warm webrender,,77,ms,firefox,,1731184186,2023-07-25T10:29:47,207.2,45a52966f9649f4dc9b8bbb6a8e68cdcc63ee287,1277576
autoland,3870186,13,f36c3750a6bc0db1e2bc910e5f3a3acace5985a7,windows10-64-shippable-qr,True,False,,|f|i|s|s|i|o|n| |w|a|r|m| |w|e|b|r|e|n|d|e|r|,102210fe594ee9b33d82058545b1ed14f4c8206e,ContentfulSpeedIndex,amazon,True,amazon ContentfulSpeedIndex opt fission warm webrender,,77,ms,firefox,,1731327575,2023-07-25T14:49:04,212.6,1ae7562fa2353aa63871f769d4e0a1cdd9becf78,1277682
autoland,3870186,13,f36c3750a6bc0db1e2bc910e5f3a3acace5985a7,windows10-64-shippable-qr,True,False,,|f|i|s|s|i|o|n| |w|a|r|m| |w|e|b|r|e|n|d|e|r|,102210fe594ee9b33d82058545b1ed14f4c8206e,ContentfulSpeedIndex,amazon,True,amazon ContentfulSpeedIndex opt fission warm webrender,,77,ms,firefox,,1731313014,2023-07-25T15:17:56,213.5,c30662ce80ba57a0977cdeb03e776a28af4fa2fb,1277708
autoland,3870186,13,f36c3750a6bc0db1e2bc910e5f3a3acace5985a7,windows10-64-shippable-qr,True,False,,|f|i|s|s|i|o|n| |w|a|r|m| |w|e|b|r|e|n|d|e|r|,102210fe594ee9b33d82058545b1ed14f4c8206e,ContentfulSpeedIndex,amazon,True,amazon ContentfulSpeedIndex opt fission warm webrender,,77,ms,firefox,,1731453479,2023-07-25T23:05:26,192.3,9a2f59dbe5917068801919377341eb7c1ea2030d,1278011
autoland,3870186,13,f36c3750a6bc0db1e2bc910e5f3a3acace5985a7,windows10-64-shippable-qr,True,False,,|f|i|s|s|i|o|n| |w|a|r|m| |w|e|b|r|e|n|d|e|r|,102210fe594ee9b33d82058545b1ed14f4c8206e,ContentfulSpeedIndex,amazon,True,amazon ContentfulSpeedIndex opt fission warm webrender,,77,ms,firefox,,1731504824,2023-07-26T02:26:30,214.2,6a9aca2a1b89781175cdec2df700998fa9209282,1278087
autoland,3870186,13,f36c3750a6bc0db1e2bc910e5f3a3acace5985a7,windows10-64-shippable-qr,True,False,,|f|i|s|s|i|o|n| |w|a|r|m| |w|e|b|r|e|n|d|e|r|,102210fe594ee9b33d82058545b1ed14f4c8206e,ContentfulSpeedIndex,amazon,True,amazon ContentfulSpeedIndex opt fission warm webrender,,77,ms,firefox,,1731544455,2023-07-26T06:49:07,199.9,8470bc21f160f3c1fecb034308c203412e1fcb3c,1278154
autoland,3870186,13,f36c3750a6bc0db1e2bc910e5f3a3acace5985a7,windows10-64-shippable-qr,True,False,,|f|i|s|s|i|o|n| |w|a|r|m| |w|e|b|r|e|n|d|e|r|,102210fe594ee9b33d82058545b1ed14f4c8206e,ContentfulSpeedIndex,amazon,True,amazon ContentfulSpeedIndex opt fission warm webrender,,77,ms,firefox,,1731605824,2023-07-26T09:35:06,203.8,87846ae3f12d74bcc97619bea65453ce0aca0e54,1278218
autoland,3870186,13,f36c3750a6bc0db1e2bc910e5f3a3acace5985a7,windows10-64-shippable-qr,True,False,,|f|i|s|s|i|o|n| |w|a|r|m| |w|e|b|r|e|n|d|e|r|,102210fe594ee9b33d82058545b1ed14f4c8206e,ContentfulSpeedIndex,amazon,True,amazon ContentfulSpeedIndex opt fission warm webrender,,77,ms,firefox,,1731789079,2023-07-26T15:38:17,212.0,b65b154c05c37b796b5c0ef7cc01fd37ecfdea1c,1278401
autoland,3870186,13,f36c3750a6bc0db1e2bc910e5f3a3acace5985a7,windows10-64-shippable-qr,True,False,,|f|i|s|s|i|o|n| |w|a|r|m| |w|e|b|r|e|n|d|e|r|,102210fe594ee9b33d82058545b1ed14f4c8206e,ContentfulSpeedIndex,amazon,True,amazon ContentfulSpeedIndex opt fission warm webrender,,77,ms,firefox,,1731888837,2023-07-26T23:24:58,198.2,84a5d1af6f7ff3689a022412a1fbc2c6632a5f96,1278695
autoland,3870186,13,f36c3750a6bc0db1e2bc910e5f3a3acace5985a7,windows10-64-shippable-qr,True,False,,|f|i|s|s|i|o|n| |w|a|r|m| |w|e|b|r|e|n|d|e|r|,102210fe594ee9b33d82058545b1ed14f4c8206e,ContentfulSpeedIndex,amazon,True,amazon ContentfulSpeedIndex opt fission warm webrender,,77,ms,firefox,,1731992513,2023-07-27T01:40:00,210.0,3e5ffa17cbfe0cff1585c411714ca008dc6ae15e,1278764
autoland,3870186,13,f36c3750a6bc0db1e2bc910e5f3a3acace5985a7,windows10-64-shippable-qr,True,False,,|f|i|s|s|i|o|n| |w|a|r|m| |w|e|b|r|e|n|d|e|r|,102210fe594ee9b33d82058545b1ed14f4c8206e,ContentfulSpeedIndex,amazon,True,amazon ContentfulSpeedIndex opt fission warm webrender,,77,ms,firefox,,1732607544,2023-07-27T10:53:12,208.6,49616ee80814eb0968b0e2523383748fdb2c7aad,1278923
autoland,3870186,13,f36c3750a6bc0db1e2bc910e5f3a3acace5985a7,windows10-64-shippable-qr,True,False,,|f|i|s|s|i|o|n| |w|a|r|m| |w|e|b|r|e|n|d|e|r|,102210fe594ee9b33d82058545b1ed14f4c8206e,ContentfulSpeedIndex,amazon,True,amazon ContentfulSpeedIndex opt fission warm webrender,,77,ms,firefox,,1732144392,2023-07-27T11:30:20,201.1,84800a0d7e6ed9c82449cedd7ba57c2061572292,1278928
autoland,3870186,13,f36c3750a6bc0db1e2bc910e5f3a3acace5985a7,windows10-64-shippable-qr,True,False,,|f|i|s|s|i|o|n| |w|a|r|m| |w|e|b|r|e|n|d|e|r|,102210fe594ee9b33d82058545b1ed14f4c8206e,ContentfulSpeedIndex,amazon,True,amazon ContentfulSpeedIndex opt fission warm webrender,,77,ms,firefox,,1732435542,2023-07-27T19:34:25,196.0,f50f1984cd54c49748c94ebf3f3709aa4c582ead,1279276
autoland,3870186,13,f36c3750a6bc0db1e2bc910e5f3a3acace5985a7,windows10-64-shippable-qr,True,False,,|f|i|s|s|i|o|n| |w|a|r|m| |w|e|b|r|e|n|d|e|r|,102210fe594ee9b33d82058545b1ed14f4c8206e,ContentfulSpeedIndex,amazon,True,amazon ContentfulSpeedIndex opt fission warm webrender,,77,ms,firefox,,1732532742,2023-07-27T23:35:22,203.5,0b367e70ac913aeec6308d2b941cff4dc929cd22,1279407
autoland,3870186,13,f36c3750a6bc0db1e2bc910e5f3a3acace5985a7,windows10-64-shippable-qr,True,False,,|f|i|s|s|i|o|n| |w|a|r|m| |w|e|b|r|e|n|d|e|r|,102210fe594ee9b33d82058545b1ed14f4c8206e,ContentfulSpeedIndex,amazon,True,amazon ContentfulSpeedIndex opt fission warm webrender,,77,ms,firefox,,1732541230,2023-07-28T01:05:08,203.6,36ce680ea81ccb2f123f0f6831596185e6ea4e83,1279448
autoland,3870186,13,f36c3750a6bc0db1e2bc910e5f3a3acace5985a7,windows10-64-shippable-qr,True,False,,|f|i|s|s|i|o|n| |w|a|r|m| |w|e|b|r|e|n|d|e|r|,102210fe594ee9b33d82058545b1ed14f4c8206e,ContentfulSpeedIndex,amazon,True,amazon ContentfulSpeedIndex opt fission warm webrender,,77,ms,firefox,,1732626927,2023-07-28T05:46:55,208.4,10692fd51184d10f78fb0eb56090f3c55827b561,1279508
autoland,3870186,13,f36c3750a6bc0db1e2bc910e5f3a3acace5985a7,windows10-64-shippable-qr,True,False,,|f|i|s|s|i|o|n| |w|a|r|m| |w|e|b|r|e|n|d|e|r|,102210fe594ee9b33d82058545b1ed14f4c8206e,ContentfulSpeedIndex,amazon,True,amazon ContentfulSpeedIndex opt fission warm webrender,,77,ms,firefox,,1732763295,2023-07-28T11:09:37,208.2,af33198f4756b96446ab9cb00f77cc6e2b27f314,1279609
autoland,3870186,13,f36c3750a6bc0db1e2bc910e5f3a3acace5985a7,windows10-64-shippable-qr,True,False,,|f|i|s|s|i|o|n| |w|a|r|m| |w|e|b|r|e|n|d|e|r|,102210fe594ee9b33d82058545b1ed14f4c8206e,ContentfulSpeedIndex,amazon,True,amazon ContentfulSpeedIndex opt fission warm webrender,,77,ms,firefox,,1733061737,2023-07-28T13:57:10,204.4,148b5471e5886061d13d6a4fb357e0791b2afb34,1279692
autoland,3870186,13,f36c3750a6bc0db1e2bc910e5f3a3acace5985a7,windows10-64-shippable-qr,True,False,,|f|i|s|s|i|o|n| |w|a|r|m| |w|e|b|r|e|n|d|e|r|,102210fe594ee9b33d82058545b1ed14f4c8206e,ContentfulSpeedIndex,amazon,True,amazon ContentfulSpeedIndex opt fission warm webrender,,77,ms,firefox,,1733059811,2023-07-28T14:25:46,195.8,0f04283fe1434b754418b878f1af044b40bfa55d,1279708
autoland,3870186,13,f36c3750a6bc0db1e2bc910e5f3a3acace5985a7,windows10-64-shippable-qr,True,False,,|f|i|s|s|i|o|n| |w|a|r|m| |w|e|b|r|e|n|d|e|r|,102210fe594ee9b33d82058545b1ed14f4c8206e,ContentfulSpeedIndex,amazon,True,amazon ContentfulSpeedIndex opt fission warm webrender,,77,ms,firefox,,1732860573,2023-07-28T14:46:21,206.4,08098e30932d89da82f6e452fff88fee938088d7,1279720
autoland,3870186,13,f36c3750a6bc0db1e2bc910e5f3a3acace5985a7,windows10-64-shippable-qr,True,False,,|f|i|s|s|i|o|n| |w|a|r|m| |w|e|b|r|e|n|d|e|r|,102210fe594ee9b33d82058545b1ed14f4c8206e,ContentfulSpeedIndex,amazon,True,amazon ContentfulSpeedIndex opt fission warm webrender,,77,ms,firefox,,1732958891,2023-07-28T18:48:27,209.4,2f51f44f5da6afbdb8a587b03f47fcdc7b672475,1279862
autoland,3870186,13,f36c3750a6bc0db1e2bc910e5f3a3acace5985a7,windows10-64-shippable-qr,True,False,,|f|i|s|s|i|o|n| |w|a|r|m| |w|e|b|r|e|n|d|e|r|,102210fe594ee9b33d82058545b1ed14f4c8206e,ContentfulSpeedIndex,amazon,True,amazon ContentfulSpeedIndex opt fission warm webrender,,77,ms,firefox,,1733007165,2023-07-28T22:56:39,206.7,95255b6bb2d51d6c10d6a3471da82aeaf7512c0f,1279985
autoland,3870186,13,f36c3750a6bc0db1e2bc910e5f3a3acace5985a7,windows10-64-shippable-qr,True,False,,|f|i|s|s|i|o|n| |w|a|r|m| |w|e|b|r|e|n|d|e|r|,102210fe594ee9b33d82058545b1ed14f4c8206e,ContentfulSpeedIndex,amazon,True,amazon ContentfulSpeedIndex opt fission warm webrender,,77,ms,firefox,,1733050553,2023-07-29T03:44:49,205.6,1c410aed156878dc739ffdb4343c315fb0bb0a00,1280031
autoland,3870186,13,f36c3750a6bc0db1e2bc910e5f3a3acace5985a7,windows10-64-shippable-qr,True,False,,|f|i|s|s|i|o|n| |w|a|r|m| |w|e|b|r|e|n|d|e|r|,102210fe594ee9b33d82058545b1ed14f4c8206e,ContentfulSpeedIndex,amazon,True,amazon ContentfulSpeedIndex opt fission warm webrender,,77,ms,firefox,,1733108563,2023-07-29T09:43:33,217.1,5f1e1cd609f68ff20fbea6b02e5a3444f7dd303d,1280059
autoland,3870186,13,f36c3750a6bc0db1e2bc910e5f3a3acace5985a7,windows10-64-shippable-qr,True,False,,|f|i|s|s|i|o|n| |w|a|r|m| |w|e|b|r|e|n|d|e|r|,102210fe594ee9b33d82058545b1ed14f4c8206e,ContentfulSpeedIndex,amazon,True,amazon ContentfulSpeedIndex opt fission warm webrender,,77,ms,firefox,,1733212978,2023-07-30T01:23:54,204.8,9a9597eb50561ea739c8a26da45dcbad6557a326,1280105
autoland,3870186,13,f36c3750a6bc0db1e2bc910e5f3a3acace5985a7,windows10-64-shippable-qr,True,False,,|f|i|s|s|i|o|n| |w|a|r|m| |w|e|b|r|e|n|d|e|r|,102210fe594ee9b33d82058545b1ed14f4c8206e,ContentfulSpeedIndex,amazon,True,amazon ContentfulSpeedIndex opt fission warm webrender,,77,ms,firefox,,1733273942,2023-07-30T13:52:06,218.6,ce5b2b0d4bc01294b78eeb50a7738e0b5755b3a4,1280125
autoland,3870186,13,f36c3750a6bc0db1e2bc910e5f3a3acace5985a7,windows10-64-shippable-qr,True,False,,|f|i|s|s|i|o|n| |w|a|r|m| |w|e|b|r|e|n|d|e|r|,102210fe594ee9b33d82058545b1ed14f4c8206e,ContentfulSpeedIndex,amazon,True,amazon ContentfulSpeedIndex opt fission warm webrender,,77,ms,firefox,,1733344211,2023-07-31T04:52:45,214.5,91dd0dbb8e738b29e6f14bdbaaf28f2b1f531b2b,1280185
autoland,3870186,13,f36c3750a6bc0db1e2bc910e5f3a3acace5985a7,windows10-64-shippable-qr,True,False,,|f|i|s|s|i|o|n| |w|a|r|m| |w|e|b|r|e|n|d|e|r|,102210fe594ee9b33d82058545b1ed14f4c8206e,ContentfulSpeedIndex,amazon,True,amazon ContentfulSpeedIndex opt fission warm webrender,,77,ms,firefox,,1733448791,2023-07-31T09:26:34,216.6,2b4f8ad0cecd1e9ce287bf572fd28b8b94d91717,1280244
autoland,3870186,13,f36c3750a6bc0db1e2bc910e5f3a3acace5985a7,windows10-64-shippable-qr,True,False,,|f|i|s|s|i|o|n| |w|a|r|m| |w|e|b|r|e|n|d|e|r|,102210fe594ee9b33d82058545b1ed14f4c8206e,ContentfulSpeedIndex,amazon,True,amazon ContentfulSpeedIndex opt fission warm webrender,,77,ms,firefox,,1733463902,2023-07-31T10:39:42,207.4,805b1cd5321098059e548eed4aa9db6f43cd833e,1280276
autoland,3870186,13,f36c3750a6bc0db1e2bc910e5f3a3acace5985a7,windows10-64-shippable-qr,True,False,,|f|i|s|s|i|o|n| |w|a|r|m| |w|e|b|r|e|n|d|e|r|,102210fe594ee9b33d82058545b1ed14f4c8206e,ContentfulSpeedIndex,amazon,True,amazon ContentfulSpeedIndex opt fission warm webrender,,77,ms,firefox,,1733594432,2023-07-31T14:45:15,210.8,7cad7000bc1c51f14ca241ac2aa08ac299612b8c,1280380
autoland,3870186,13,f36c3750a6bc0db1e2bc910e5f3a3acace5985a7,windows10-64-shippable-qr,True,False,,|f|i|s|s|i|o|n| |w|a|r|m| |w|e|b|r|e|n|d|e|r|,102210fe594ee9b33d82058545b1ed14f4c8206e,ContentfulSpeedIndex,amazon,True,amazon ContentfulSpeedIndex opt fission warm webrender,,77,ms,firefox,,1733962905,2023-07-31T14:55:33,208.9,9e236040dbebcbd0457b0eeedbe2f9c748222f7e,1280390
autoland,3870186,13,f36c3750a6bc0db1e2bc910e5f3a3acace5985a7,windows10-64-shippable-qr,True,False,,|f|i|s|s|i|o|n| |w|a|r|m| |w|e|b|r|e|n|d|e|r|,102210fe594ee9b33d82058545b1ed14f4c8206e,ContentfulSpeedIndex,amazon,True,amazon ContentfulSpeedIndex opt fission warm webrender,,77,ms,firefox,,1733940664,2023-07-31T15:11:07,218.1,546ff8a87052dd519d6886aaf27a95450b6e4444,1280402
autoland,3870186,13,f36c3750a6bc0db1e2bc910e5f3a3acace5985a7,windows10-64-shippable-qr,True,False,,|f|i|s|s|i|o|n| |w|a|r|m| |w|e|b|r|e|n|d|e|r|,102210fe594ee9b33d82058545b1ed14f4c8206e,ContentfulSpeedIndex,amazon,True,amazon ContentfulSpeedIndex opt fission warm webrender,,77,ms,firefox,,1733625348,2023-07-31T16:08:26,210.9,0a238650aa096b0da883226d02d11fc5178541f3,1280438
autoland,3870186,13,f36c3750a6bc0db1e2bc910e5f3a3acace5985a7,windows10-64-shippable-qr,True,False,,|f|i|s|s|i|o|n| |w|a|r|m| |w|e|b|r|e|n|d|e|r|,102210fe594ee9b33d82058545b1ed14f4c8206e,ContentfulSpeedIndex,amazon,True,amazon ContentfulSpeedIndex opt fission warm webrender,,77,ms,firefox,,1733775127,2023-07-31T21:31:29,209.2,2d698aca1dece26df297dd085dbde9216e3b2e66,1280612
autoland,3870186,13,f36c3750a6bc0db1e2bc910e5f3a3acace5985a7,windows10-64-shippable-qr,True,False,,|f|i|s|s|i|o|n| |w|a|r|m| |w|e|b|r|e|n|d|e|r|,102210fe594ee9b33d82058545b1ed14f4c8206e,ContentfulSpeedIndex,amazon,True,amazon ContentfulSpeedIndex opt fission warm webrender,,77,ms,firefox,,1733725231,2023-07-31T21:34:42,209.8,28250de453513da3369c412cbce0f35b97146bec,1280618
autoland,3870186,13,f36c3750a6bc0db1e2bc910e5f3a3acace5985a7,windows10-64-shippable-qr,True,False,,|f|i|s|s|i|o|n| |w|a|r|m| |w|e|b|r|e|n|d|e|r|,102210fe594ee9b33d82058545b1ed14f4c8206e,ContentfulSpeedIndex,amazon,True,amazon ContentfulSpeedIndex opt fission warm webrender,,77,ms,firefox,,1733821998,2023-07-31T23:41:21,209.1,195161a06a7a71dbce0ee5e8ddb8c84f3cb03df7,1280694
autoland,3870186,13,f36c3750a6bc0db1e2bc910e5f3a3acace5985a7,windows10-64-shippable-qr,True,False,,|f|i|s|s|i|o|n| |w|a|r|m| |w|e|b|r|e|n|d|e|r|,102210fe594ee9b33d82058545b1ed14f4c8206e,ContentfulSpeedIndex,amazon,True,amazon ContentfulSpeedIndex opt fission warm webrender,,77,ms,firefox,,1733872596,2023-08-01T03:53:20,202.5,ca66ac527c958bd3f26f8c86f291fa85de21ec56,1280753
autoland,3870186,13,f36c3750a6bc0db1e2bc910e5f3a3acace5985a7,windows10-64-shippable-qr,True,False,,|f|i|s|s|i|o|n| |w|a|r|m| |w|e|b|r|e|n|d|e|r|,102210fe594ee9b33d82058545b1ed14f4c8206e,ContentfulSpeedIndex,amazon,True,amazon ContentfulSpeedIndex opt fission warm webrender,,77,ms,firefox,,1733914200,2023-08-01T04:02:13,208.2,d5ecff066adaf3a4029a970db93a9f23f1ed2587,1280758
autoland,3870186,13,f36c3750a6bc0db1e2bc910e5f3a3acace5985a7,windows10-64-shippable-qr,True,False,,|f|i|s|s|i|o|n| |w|a|r|m| |w|e|b|r|e|n|d|e|r|,102210fe594ee9b33d82058545b1ed14f4c8206e,ContentfulSpeedIndex,amazon,True,amazon ContentfulSpeedIndex opt fission warm webrender,,77,ms,firefox,,1734016053,2023-08-01T08:15:56,199.9,5201d6f4a7e8740bd42f08295800c15e0e18cd7e,1280812
autoland,3870186,13,f36c3750a6bc0db1e2bc910e5f3a3acace5985a7,windows10-64-shippable-qr,True,False,,|f|i|s|s|i|o|n| |w|a|r|m| |w|e|b|r|e|n|d|e|r|,102210fe594ee9b33d82058545b1ed14f4c8206e,ContentfulSpeedIndex,amazon,True,amazon ContentfulSpeedIndex opt fission warm webrender,,77,ms,firefox,,1734026498,2023-08-01T08:24:47,215.1,b83cfea645752706c643567095d49b349cb9e610,1280822
autoland,3870186,13,f36c3750a6bc0db1e2bc910e5f3a3acace5985a7,windows10-64-shippable-qr,True,False,,|f|i|s|s|i|o|n| |w|a|r|m| |w|e|b|r|e|n|d|e|r|,102210fe594ee9b33d82058545b1ed14f4c8206e,ContentfulSpeedIndex,amazon,True,amazon ContentfulSpeedIndex opt fission warm webrender,,77,ms,firefox,,1734087892,2023-08-01T12:32:45,204.6,90b19e0d07e5d2cd137f135b860f0357df90e338,1280938
autoland,3870186,13,f36c3750a6bc0db1e2bc910e5f3a3acace5985a7,windows10-64-shippable-qr,True,False,,|f|i|s|s|i|o|n| |w|a|r|m| |w|e|b|r|e|n|d|e|r|,102210fe594ee9b33d82058545b1ed14f4c8206e,ContentfulSpeedIndex,amazon,True,amazon ContentfulSpeedIndex opt fission warm webrender,,77,ms,firefox,,1734110158,2023-08-01T12:49:44,217.3,61356e1447e3bb09709883f8b5806a201d39c5a4,1280953
autoland,3870186,13,f36c3750a6bc0db1e2bc910e5f3a3acace5985a7,windows10-64-shippable-qr,True,False,,|f|i|s|s|i|o|n| |w|a|r|m| |w|e|b|r|e|n|d|e|r|,102210fe594ee9b33d82058545b1ed14f4c8206e,ContentfulSpeedIndex,amazon,True,amazon ContentfulSpeedIndex opt fission warm webrender,,77,ms,firefox,,1734155596,2023-08-01T15:48:38,194.3,ea7df1f8976b5cdf0d7ddbc918c38d7fffcee983,1281058
autoland,3870186,13,f36c3750a6bc0db1e2bc910e5f3a3acace5985a7,windows10-64-shippable-qr,True,False,,|f|i|s|s|i|o|n| |w|a|r|m| |w|e|b|r|e|n|d|e|r|,102210fe594ee9b33d82058545b1ed14f4c8206e,ContentfulSpeedIndex,amazon,True,amazon ContentfulSpeedIndex opt fission warm webrender,,77,ms,firefox,,1734354432,2023-08-01T20:02:17,201.3,fd6f3d21ce3f450906d293c067fdadc62ea991a6,1281212
autoland,3870186,13,f36c3750a6bc0db1e2bc910e5f3a3acace5985a7,windows10-64-shippable-qr,True,False,,|f|i|s|s|i|o|n| |w|a|r|m| |w|e|b|r|e|n|d|e|r|,102210fe594ee9b33d82058545b1ed14f4c8206e,ContentfulSpeedIndex,amazon,True,amazon ContentfulSpeedIndex opt fission warm webrender,,77,ms,firefox,,1734396068,2023-08-02T00:13:38,206.7,323a980eddb18489b9d7de1ffeff427026574b4c,1281337
autoland,3870186,13,f36c3750a6bc0db1e2bc910e5f3a3acace5985a7,windows10-64-shippable-qr,True,False,,|f|i|s|s|i|o|n| |w|a|r|m| |w|e|b|r|e|n|d|e|r|,102210fe594ee9b33d82058545b1ed14f4c8206e,ContentfulSpeedIndex,amazon,True,amazon ContentfulSpeedIndex opt fission warm webrender,,77,ms,firefox,,1734595847,2023-08-02T06:07:22,206.8,7ee1dad073d03db2f730fd5c2baf77f37e458feb,1281414
autoland,3870186,13,f36c3750a6bc0db1e2bc910e5f3a3acace5985a7,windows10-64-shippable-qr,True,False,,|f|i|s|s|i|o|n| |w|a|r|m| |w|e|b|r|e|n|d|e|r|,102210fe594ee9b33d82058545b1ed14f4c8206e,ContentfulSpeedIndex,amazon,True,amazon ContentfulSpeedIndex opt fission warm webrender,,77,ms,firefox,,1734557128,2023-08-02T06:35:09,212.8,a8968f9e8cf0bba14f132004f11b34a8abb93165,1281421
autoland,3870186,13,f36c3750a6bc0db1e2bc910e5f3a3acace5985a7,windows10-64-shippable-qr,True,False,,|f|i|s|s|i|o|n| |w|a|r|m| |w|e|b|r|e|n|d|e|r|,102210fe594ee9b33d82058545b1ed14f4c8206e,ContentfulSpeedIndex,amazon,True,amazon ContentfulSpeedIndex opt fission warm webrender,,77,ms,firefox,,1734607462,2023-08-02T10:39:12,202.1,338c2c8d91af0f92fa1a7a3b5fb1830adb54b373,1281520
autoland,3870186,13,f36c3750a6bc0db1e2bc910e5f3a3acace5985a7,windows10-64-shippable-qr,True,False,,|f|i|s|s|i|o|n| |w|a|r|m| |w|e|b|r|e|n|d|e|r|,102210fe594ee9b33d82058545b1ed14f4c8206e,ContentfulSpeedIndex,amazon,True,amazon ContentfulSpeedIndex opt fission warm webrender,,77,ms,firefox,,1734642635,2023-08-02T12:59:29,206.1,b21c8906db6d0a7e0fbae7e609d90da9cf977fbb,1281568
autoland,3870186,13,f36c3750a6bc0db1e2bc910e5f3a3acace5985a7,windows10-64-shippable-qr,True,False,,|f|i|s|s|i|o|n| |w|a|r|m| |w|e|b|r|e|n|d|e|r|,102210fe594ee9b33d82058545b1ed14f4c8206e,ContentfulSpeedIndex,amazon,True,amazon ContentfulSpeedIndex opt fission warm webrender,,77,ms,firefox,,1735148496,2023-08-02T15:00:42,201.8,493b4e3a7627b3c038bbe926859df076a3342ea8,1281631
autoland,3870186,13,f36c3750a6bc0db1e2bc910e5f3a3acace5985a7,windows10-64-shippable-qr,True,False,,|f|i|s|s|i|o|n| |w|a|r|m| |w|e|b|r|e|n|d|e|r|,102210fe594ee9b33d82058545b1ed14f4c8206e,ContentfulSpeedIndex,amazon,True,amazon ContentfulSpeedIndex opt fission warm webrender,,77,ms,firefox,,1735129778,2023-08-02T15:15:11,213.1,5bbb73c8e08703a3e4c2b27d5e12e123ae7f8946,1281640
autoland,3870186,13,f36c3750a6bc0db1e2bc910e5f3a3acace5985a7,windows10-64-shippable-qr,True,False,,|f|i|s|s|i|o|n| |w|a|r|m| |w|e|b|r|e|n|d|e|r|,102210fe594ee9b33d82058545b1ed14f4c8206e,ContentfulSpeedIndex,amazon,True,amazon ContentfulSpeedIndex opt fission warm webrender,,77,ms,firefox,,1734726798,2023-08-02T16:29:38,211.6,90ca26ab8ee142d08164d3ed9761aa023bc4e2aa,1281697
autoland,3870186,13,f36c3750a6bc0db1e2bc910e5f3a3acace5985a7,windows10-64-shippable-qr,True,False,,|f|i|s|s|i|o|n| |w|a|r|m| |w|e|b|r|e|n|d|e|r|,102210fe594ee9b33d82058545b1ed14f4c8206e,ContentfulSpeedIndex,amazon,True,amazon ContentfulSpeedIndex opt fission warm webrender,,77,ms,firefox,,1735050360,2023-08-03T00:54:50,210.6,9836af94c959ecca4666d7f0c19125b41969ff65,1282044
autoland,3870186,13,f36c3750a6bc0db1e2bc910e5f3a3acace5985a7,windows10-64-shippable-qr,True,False,,|f|i|s|s|i|o|n| |w|a|r|m| |w|e|b|r|e|n|d|e|r|,102210fe594ee9b33d82058545b1ed14f4c8206e,ContentfulSpeedIndex,amazon,True,amazon ContentfulSpeedIndex opt fission warm webrender,,77,ms,firefox,,1735039465,2023-08-03T00:55:51,206.0,c37e853eb755f0f4110f01509516da8c93baf284,1282045
autoland,3870186,13,f36c3750a6bc0db1e2bc910e5f3a3acace5985a7,windows10-64-shippable-qr,True,False,,|f|i|s|s|i|o|n| |w|a|r|m| |w|e|b|r|e|n|d|e|r|,102210fe594ee9b33d82058545b1ed14f4c8206e,ContentfulSpeedIndex,amazon,True,amazon ContentfulSpeedIndex opt fission warm webrender,,77,ms,firefox,,1735154312,2023-08-03T05:32:27,204.4,1eb2f6905e74aa982d6b71bec524ccfde726bb7b,1282117
autoland,3870186,13,f36c3750a6bc0db1e2bc910e5f3a3acace5985a7,windows10-64-shippable-qr,True,False,,|f|i|s|s|i|o|n| |w|a|r|m| |w|e|b|r|e|n|d|e|r|,102210fe594ee9b33d82058545b1ed14f4c8206e,ContentfulSpeedIndex,amazon,True,amazon ContentfulSpeedIndex opt fission warm webrender,,77,ms,firefox,,1735244074,2023-08-03T09:35:33,215.8,6f55c55c40c70eff3b82d3129f516257598ea115,1282197
autoland,3870186,13,f36c3750a6bc0db1e2bc910e5f3a3acace5985a7,windows10-64-shippable-qr,True,False,,|f|i|s|s|i|o|n| |w|a|r|m| |w|e|b|r|e|n|d|e|r|,102210fe594ee9b33d82058545b1ed14f4c8206e,ContentfulSpeedIndex,amazon,True,amazon ContentfulSpeedIndex opt fission warm webrender,,77,ms,firefox,,1735283032,2023-08-03T11:38:24,219.6,9a8ae552959ec73c3546151f30d131552d64bce0,1282235
autoland,3870186,13,f36c3750a6bc0db1e2bc910e5f3a3acace5985a7,windows10-64-shippable-qr,True,False,,|f|i|s|s|i|o|n| |w|a|r|m| |w|e|b|r|e|n|d|e|r|,102210fe594ee9b33d82058545b1ed14f4c8206e,ContentfulSpeedIndex,amazon,True,amazon ContentfulSpeedIndex opt fission warm webrender,,77,ms,firefox,,1735469884,2023-08-03T15:46:38,205.4,b801323d1ecc3535a192916c7cb0575710458777,1282361
autoland,3870186,13,f36c3750a6bc0db1e2bc910e5f3a3acace5985a7,windows10-64-shippable-qr,True,False,,|f|i|s|s|i|o|n| |w|a|r|m| |w|e|b|r|e|n|d|e|r|,102210fe594ee9b33d82058545b1ed14f4c8206e,ContentfulSpeedIndex,amazon,True,amazon ContentfulSpeedIndex opt fission warm webrender,,77,ms,firefox,,1735462863,2023-08-03T16:00:50,219.6,58d067f89f59472dc1a89d573ccebb4850863efa,1282374
autoland,3870186,13,f36c3750a6bc0db1e2bc910e5f3a3acace5985a7,windows10-64-shippable-qr,True,False,,|f|i|s|s|i|o|n| |w|a|r|m| |w|e|b|r|e|n|d|e|r|,102210fe594ee9b33d82058545b1ed14f4c8206e,ContentfulSpeedIndex,amazon,True,amazon ContentfulSpeedIndex opt fission warm webrender,,77,ms,firefox,,1735548536,2023-08-03T19:10:36,214.1,8527a2500a35867e4319772e3be1f2756dfcfced,1282500
autoland,3870186,13,f36c3750a6bc0db1e2bc910e5f3a3acace5985a7,windows10-64-shippable-qr,True,False,,|f|i|s|s|i|o|n| |w|a|r|m| |w|e|b|r|e|n|d|e|r|,102210fe594ee9b33d82058545b1ed14f4c8206e,ContentfulSpeedIndex,amazon,True,amazon ContentfulSpeedIndex opt fission warm webrender,,77,ms,firefox,,1735690956,2023-08-03T22:02:40,204.5,3922ccc760667154aea7a174114abfacb17fe35e,1282606
autoland,3870186,13,f36c3750a6bc0db1e2bc910e5f3a3acace5985a7,windows10-64-shippable-qr,True,False,,|f|i|s|s|i|o|n| |w|a|r|m| |w|e|b|r|e|n|d|e|r|,102210fe594ee9b33d82058545b1ed14f4c8206e,ContentfulSpeedIndex,amazon,True,amazon ContentfulSpeedIndex opt fission warm webrender,,77,ms,firefox,,1735728017,2023-08-04T02:28:33,206.8,2b60f9868271a131fa342332b78f3968159fa46e,1282715
autoland,3870186,13,f36c3750a6bc0db1e2bc910e5f3a3acace5985a7,windows10-64-shippable-qr,True,False,,|f|i|s|s|i|o|n| |w|a|r|m| |w|e|b|r|e|n|d|e|r|,102210fe594ee9b33d82058545b1ed14f4c8206e,ContentfulSpeedIndex,amazon,True,amazon ContentfulSpeedIndex opt fission warm webrender,,77,ms,firefox,,1735852049,2023-08-04T06:28:57,201.7,94da8bb07baea6212776a4b3ddcebff2c08eab98,1282781
autoland,3870186,13,f36c3750a6bc0db1e2bc910e5f3a3acace5985a7,windows10-64-shippable-qr,True,False,,|f|i|s|s|i|o|n| |w|a|r|m| |w|e|b|r|e|n|d|e|r|,102210fe594ee9b33d82058545b1ed14f4c8206e,ContentfulSpeedIndex,amazon,True,amazon ContentfulSpeedIndex opt fission warm webrender,,77,ms,firefox,,1735872390,2023-08-04T09:04:37,194.8,386212864d07a46141ce5bca1ef4988cefa4bad7,1282830
autoland,3870186,13,f36c3750a6bc0db1e2bc910e5f3a3acace5985a7,windows10-64-shippable-qr,True,False,,|f|i|s|s|i|o|n| |w|a|r|m| |w|e|b|r|e|n|d|e|r|,102210fe594ee9b33d82058545b1ed14f4c8206e,ContentfulSpeedIndex,amazon,True,amazon ContentfulSpeedIndex opt fission warm webrender,,77,ms,firefox,,1736007262,2023-08-04T13:05:51,206.8,3a8e173a97d02ae7b0aa11e9ca6f35b1fe8fa926,1282936
autoland,3870186,13,f36c3750a6bc0db1e2bc910e5f3a3acace5985a7,windows10-64-shippable-qr,True,False,,|f|i|s|s|i|o|n| |w|a|r|m| |w|e|b|r|e|n|d|e|r|,102210fe594ee9b33d82058545b1ed14f4c8206e,ContentfulSpeedIndex,amazon,True,amazon ContentfulSpeedIndex opt fission warm webrender,,77,ms,firefox,,1736033365,2023-08-04T14:26:38,212.5,8b506ab414513f3320eb7747254e94b37808bb75,1282995
autoland,3870186,13,f36c3750a6bc0db1e2bc910e5f3a3acace5985a7,windows10-64-shippable-qr,True,False,,|f|i|s|s|i|o|n| |w|a|r|m| |w|e|b|r|e|n|d|e|r|,102210fe594ee9b33d82058545b1ed14f4c8206e,ContentfulSpeedIndex,amazon,True,amazon ContentfulSpeedIndex opt fission warm webrender,,77,ms,firefox,,1736129818,2023-08-04T17:20:09,206.4,e8c6dc4a318cb8af6210801b4271ea32ee9f324a,1283108
autoland,3870186,13,f36c3750a6bc0db1e2bc910e5f3a3acace5985a7,windows10-64-shippable-qr,True,False,,|f|i|s|s|i|o|n| |w|a|r|m| |w|e|b|r|e|n|d|e|r|,102210fe594ee9b33d82058545b1ed14f4c8206e,ContentfulSpeedIndex,amazon,True,amazon ContentfulSpeedIndex opt fission warm webrender,,77,ms,firefox,,1736291080,2023-08-04T21:22:40,213.5,de6dcf5a4c0eec5ef6847cde00ec5da4fcee2e8c,1283226
autoland,3870186,13,f36c3750a6bc0db1e2bc910e5f3a3acace5985a7,windows10-64-shippable-qr,True,False,,|f|i|s|s|i|o|n| |w|a|r|m| |w|e|b|r|e|n|d|e|r|,102210fe594ee9b33d82058545b1ed14f4c8206e,ContentfulSpeedIndex,amazon,True,amazon ContentfulSpeedIndex opt fission warm webrender,,77,ms,firefox,,1736334251,2023-08-04T23:16:08,205.1,421628bd5a5c1cf8c64cb86994b1e6dc738abb49,1283269
autoland,3870186,13,f36c3750a6bc0db1e2bc910e5f3a3acace5985a7,windows10-64-shippable-qr,True,False,,|f|i|s|s|i|o|n| |w|a|r|m| |w|e|b|r|e|n|d|e|r|,102210fe594ee9b33d82058545b1ed14f4c8206e,ContentfulSpeedIndex,amazon,True,amazon ContentfulSpeedIndex opt fission warm webrender,,77,ms,firefox,,1736444193,2023-08-05T11:44:34,200.1,9e73058ab4aadee7e12b26a9be296b2bbc04cf74,1283328
autoland,3870186,13,f36c3750a6bc0db1e2bc910e5f3a3acace5985a7,windows10-64-shippable-qr,True,False,,|f|i|s|s|i|o|n| |w|a|r|m| |w|e|b|r|e|n|d|e|r|,102210fe594ee9b33d82058545b1ed14f4c8206e,ContentfulSpeedIndex,amazon,True,amazon ContentfulSpeedIndex opt fission warm webrender,,77,ms,firefox,,1736466545,2023-08-05T16:15:02,200.1,b0538d39e8c853c9e07b359df9c740d5175e7077,1283346
autoland,3870186,13,f36c3750a6bc0db1e2bc910e5f3a3acace5985a7,windows10-64-shippable-qr,True,False,,|f|i|s|s|i|o|n| |w|a|r|m| |w|e|b|r|e|n|d|e|r|,102210fe594ee9b33d82058545b1ed14f4c8206e,ContentfulSpeedIndex,amazon,True,amazon ContentfulSpeedIndex opt fission warm webrender,,77,ms,firefox,,1736618492,2023-08-06T23:55:51,198.8,a777f43c4d9cabe80f2fc3aea6bf95c7e3e9c4c1,1283445
autoland,3870186,13,f36c3750a6bc0db1e2bc910e5f3a3acace5985a7,windows10-64-shippable-qr,True,False,,|f|i|s|s|i|o|n| |w|a|r|m| |w|e|b|r|e|n|d|e|r|,102210fe594ee9b33d82058545b1ed14f4c8206e,ContentfulSpeedIndex,amazon,True,amazon ContentfulSpeedIndex opt fission warm webrender,,77,ms,firefox,,1736663476,2023-08-07T02:09:17,192.5,a86a27857ef685b0547d023a29fb8c8bb3f8fc1d,1283462
autoland,3870186,13,f36c3750a6bc0db1e2bc910e5f3a3acace5985a7,windows10-64-shippable-qr,True,False,,|f|i|s|s|i|o|n| |w|a|r|m| |w|e|b|r|e|n|d|e|r|,102210fe594ee9b33d82058545b1ed14f4c8206e,ContentfulSpeedIndex,amazon,True,amazon ContentfulSpeedIndex opt fission warm webrender,,77,ms,firefox,,1737248582,2023-08-07T04:48:50,196.9,9555a7afb7209f87b299f3b014bb364b34f6e095,1283483
autoland,3870186,13,f36c3750a6bc0db1e2bc910e5f3a3acace5985a7,windows10-64-shippable-qr,True,False,,|f|i|s|s|i|o|n| |w|a|r|m| |w|e|b|r|e|n|d|e|r|,102210fe594ee9b33d82058545b1ed14f4c8206e,ContentfulSpeedIndex,amazon,True,amazon ContentfulSpeedIndex opt fission warm webrender,,77,ms,firefox,,1737271001,2023-08-07T04:55:58,208.3,4389f1c2b8cc83eafdc84eb81353a028baaebb55,1283484
autoland,3870186,13,f36c3750a6bc0db1e2bc910e5f3a3acace5985a7,windows10-64-shippable-qr,True,False,,|f|i|s|s|i|o|n| |w|a|r|m| |w|e|b|r|e|n|d|e|r|,102210fe594ee9b33d82058545b1ed14f4c8206e,ContentfulSpeedIndex,amazon,True,amazon ContentfulSpeedIndex opt fission warm webrender,,77,ms,firefox,,1736720324,2023-08-07T06:19:47,212.2,6d877fdb9a1e892fe6528a26aab81b53cfae55c5,1283519
autoland,3870186,13,f36c3750a6bc0db1e2bc910e5f3a3acace5985a7,windows10-64-shippable-qr,True,False,,|f|i|s|s|i|o|n| |w|a|r|m| |w|e|b|r|e|n|d|e|r|,102210fe594ee9b33d82058545b1ed14f4c8206e,ContentfulSpeedIndex,amazon,True,amazon ContentfulSpeedIndex opt fission warm webrender,,77,ms,firefox,,1736835540,2023-08-07T09:17:55,209.1,2f07664dbc304adeae1029ead0f4ab014aaa02a8,1283581
autoland,3870186,13,f36c3750a6bc0db1e2bc910e5f3a3acace5985a7,windows10-64-shippable-qr,True,False,,|f|i|s|s|i|o|n| |w|a|r|m| |w|e|b|r|e|n|d|e|r|,102210fe594ee9b33d82058545b1ed14f4c8206e,ContentfulSpeedIndex,amazon,True,amazon ContentfulSpeedIndex opt fission warm webrender,,77,ms,firefox,,1736896942,2023-08-07T13:44:02,202.0,d59d0a5038b29cdbcbb2d4b003d642a2617e297f,1283713
autoland,3870186,13,f36c3750a6bc0db1e2bc910e5f3a3acace5985a7,windows10-64-shippable-qr,True,False,,|f|i|s|s|i|o|n| |w|a|r|m| |w|e|b|r|e|n|d|e|r|,102210fe594ee9b33d82058545b1ed14f4c8206e,ContentfulSpeedIndex,amazon,True,amazon ContentfulSpeedIndex opt fission warm webrender,,77,ms,firefox,,1737254479,2023-08-07T14:25:14,206.6,617205b5b34e3efa0afc95d965a8404aef4ddb36,1283736
autoland,3870186,13,f36c3750a6bc0db1e2bc910e5f3a3acace5985a7,windows10-64-shippable-qr,True,False,,|f|i|s|s|i|o|n| |w|a|r|m| |w|e|b|r|e|n|d|e|r|,102210fe594ee9b33d82058545b1ed14f4c8206e,ContentfulSpeedIndex,amazon,True,amazon ContentfulSpeedIndex opt fission warm webrender,,77,ms,firefox,,1737265044,2023-08-07T14:37:37,202.7,6a6e81b1dfb459262cd93ce0448837be1183f628,1283747
autoland,3870186,13,f36c3750a6bc0db1e2bc910e5f3a3acace5985a7,windows10-64-shippable-qr,True,False,,|f|i|s|s|i|o|n| |w|a|r|m| |w|e|b|r|e|n|d|e|r|,102210fe594ee9b33d82058545b1ed14f4c8206e,ContentfulSpeedIndex,amazon,True,amazon ContentfulSpeedIndex opt fission warm webrender,,77,ms,firefox,,1736956178,2023-08-07T16:46:35,204.3,969534e114528550edbcaf30931bc5e255ac2475,1283815
autoland,3870186,13,f36c3750a6bc0db1e2bc910e5f3a3acace5985a7,windows10-64-shippable-qr,True,False,,|f|i|s|s|i|o|n| |w|a|r|m| |w|e|b|r|e|n|d|e|r|,102210fe594ee9b33d82058545b1ed14f4c8206e,ContentfulSpeedIndex,amazon,True,amazon ContentfulSpeedIndex opt fission warm webrender,,77,ms,firefox,,1737076916,2023-08-07T20:52:42,211.9,588b596bcb73c4c9cf235c8df1dc04fc9475c321,1283921
autoland,3870186,13,f36c3750a6bc0db1e2bc910e5f3a3acace5985a7,windows10-64-shippable-qr,True,False,,|f|i|s|s|i|o|n| |w|a|r|m| |w|e|b|r|e|n|d|e|r|,102210fe594ee9b33d82058545b1ed14f4c8206e,ContentfulSpeedIndex,amazon,True,amazon ContentfulSpeedIndex opt fission warm webrender,,77,ms,firefox,,1737101715,2023-08-07T21:31:10,215.6,0d1a783351f683e500d6e8f83d3dc430b2afdcbf,1283941
autoland,3870186,13,f36c3750a6bc0db1e2bc910e5f3a3acace5985a7,windows10-64-shippable-qr,True,False,,|f|i|s|s|i|o|n| |w|a|r|m| |w|e|b|r|e|n|d|e|r|,102210fe594ee9b33d82058545b1ed14f4c8206e,ContentfulSpeedIndex,amazon,True,amazon ContentfulSpeedIndex opt fission warm webrender,,77,ms,firefox,,1737222885,2023-08-08T01:47:48,203.5,7053ad5afbc40a1a98d9e4e447c98e2fd6d70f04,1284029
autoland,3870186,13,f36c3750a6bc0db1e2bc910e5f3a3acace5985a7,windows10-64-shippable-qr,True,False,,|f|i|s|s|i|o|n| |w|a|r|m| |w|e|b|r|e|n|d|e|r|,102210fe594ee9b33d82058545b1ed14f4c8206e,ContentfulSpeedIndex,amazon,True,amazon ContentfulSpeedIndex opt fission warm webrender,,77,ms,firefox,,1737314253,2023-08-08T08:03:57,207.2,201950bdeb03d34c7ad70702b52d28c3e0f6a448,1284128
autoland,3870186,13,f36c3750a6bc0db1e2bc910e5f3a3acace5985a7,windows10-64-shippable-qr,True,False,,|f|i|s|s|i|o|n| |w|a|r|m| |w|e|b|r|e|n|d|e|r|,102210fe594ee9b33d82058545b1ed14f4c8206e,ContentfulSpeedIndex,amazon,True,amazon ContentfulSpeedIndex opt fission warm webrender,,77,ms,firefox,,1737390364,2023-08-08T12:10:40,211.3,d1fbe6c1f87656fb4f55677904f55f6df433ea9a,1284255
autoland,3870186,13,f36c3750a6bc0db1e2bc910e5f3a3acace5985a7,windows10-64-shippable-qr,True,False,,|f|i|s|s|i|o|n| |w|a|r|m| |w|e|b|r|e|n|d|e|r|,102210fe594ee9b33d82058545b1ed14f4c8206e,ContentfulSpeedIndex,amazon,True,amazon ContentfulSpeedIndex opt fission warm webrender,,77,ms,firefox,,1737417644,2023-08-08T12:20:31,204.8,062a5e5729067f579bd6d1ab2f1a3021d7fd291a,1284261
autoland,3870186,13,f36c3750a6bc0db1e2bc910e5f3a3acace5985a7,windows10-64-shippable-qr,True,False,,|f|i|s|s|i|o|n| |w|a|r|m| |w|e|b|r|e|n|d|e|r|,102210fe594ee9b33d82058545b1ed14f4c8206e,ContentfulSpeedIndex,amazon,True,amazon ContentfulSpeedIndex opt fission warm webrender,,77,ms,firefox,,1737519711,2023-08-08T16:23:23,217.8,855c69dcdcc457c3e5a54150cdd89a71a2527e2b,1284396
autoland,3870186,13,f36c3750a6bc0db1e2bc910e5f3a3acace5985a7,windows10-64-shippable-qr,True,False,,|f|i|s|s|i|o|n| |w|a|r|m| |w|e|b|r|e|n|d|e|r|,102210fe594ee9b33d82058545b1ed14f4c8206e,ContentfulSpeedIndex,amazon,True,amazon ContentfulSpeedIndex opt fission warm webrender,,77,ms,firefox,,1737582029,2023-08-08T18:03:32,215.6,b19ed5a6579d312e71c03201698107835378c612,1284479
autoland,3870186,13,f36c3750a6bc0db1e2bc910e5f3a3acace5985a7,windows10-64-shippable-qr,True,False,,|f|i|s|s|i|o|n| |w|a|r|m| |w|e|b|r|e|n|d|e|r|,102210fe594ee9b33d82058545b1ed14f4c8206e,ContentfulSpeedIndex,amazon,True,amazon ContentfulSpeedIndex opt fission warm webrender,,77,ms,firefox,,1737708342,2023-08-08T21:27:09,209.2,4abb9ce2fb8e4174171b3478d6f28b78bf3f214a,1284603
autoland,3870186,13,f36c3750a6bc0db1e2bc910e5f3a3acace5985a7,windows10-64-shippable-qr,True,False,,|f|i|s|s|i|o|n| |w|a|r|m| |w|e|b|r|e|n|d|e|r|,102210fe594ee9b33d82058545b1ed14f4c8206e,ContentfulSpeedIndex,amazon,True,amazon ContentfulSpeedIndex opt fission warm webrender,,77,ms,firefox,,1737862139,2023-08-09T02:34:29,210.6,25a29224e55d9a839d6fddde206208a453535ec8,1284750
autoland,3870186,13,f36c3750a6bc0db1e2bc910e5f3a3acace5985a7,windows10-64-shippable-qr,True,False,,|f|i|s|s|i|o|n| |w|a|r|m| |w|e|b|r|e|n|d|e|r|,102210fe594ee9b33d82058545b1ed14f4c8206e,ContentfulSpeedIndex,amazon,True,amazon ContentfulSpeedIndex opt fission warm webrender,,77,ms,firefox,,1738525282,2023-08-09T11:39:18,202.8,3951ba8d46ada1b519bccbff6c94ced52fd96cd0,1284953
autoland,3870186,13,f36c3750a6bc0db1e2bc910e5f3a3acace5985a7,windows10-64-shippable-qr,True,False,,|f|i|s|s|i|o|n| |w|a|r|m| |w|e|b|r|e|n|d|e|r|,102210fe594ee9b33d82058545b1ed14f4c8206e,ContentfulSpeedIndex,amazon,True,amazon ContentfulSpeedIndex opt fission warm webrender,,77,ms,firefox,,1738494900,2023-08-09T11:55:28,208.2,ed039eae768be7f3b20683997b4fe970d4b8bd82,1284958
autoland,3870186,13,f36c3750a6bc0db1e2bc910e5f3a3acace5985a7,windows10-64-shippable-qr,True,False,,|f|i|s|s|i|o|n| |w|a|r|m| |w|e|b|r|e|n|d|e|r|,102210fe594ee9b33d82058545b1ed14f4c8206e,ContentfulSpeedIndex,amazon,True,amazon ContentfulSpeedIndex opt fission warm webrender,,77,ms,firefox,,1738026747,2023-08-09T13:49:06,199.6,46b5603cd2b8de629b659ec8d44fc7b086782c46,1285020
autoland,3870186,13,f36c3750a6bc0db1e2bc910e5f3a3acace5985a7,windows10-64-shippable-qr,True,False,,|f|i|s|s|i|o|n| |w|a|r|m| |w|e|b|r|e|n|d|e|r|,102210fe594ee9b33d82058545b1ed14f4c8206e,ContentfulSpeedIndex,amazon,True,amazon ContentfulSpeedIndex opt fission warm webrender,,77,ms,firefox,,1738235952,2023-08-09T17:29:37,208.6,299828b58af2fd55f393babed8ea8db6425040df,1285186
autoland,3870186,13,f36c3750a6bc0db1e2bc910e5f3a3acace5985a7,windows10-64-shippable-qr,True,False,,|f|i|s|s|i|o|n| |w|a|r|m| |w|e|b|r|e|n|d|e|r|,102210fe594ee9b33d82058545b1ed14f4c8206e,ContentfulSpeedIndex,amazon,True,amazon ContentfulSpeedIndex opt fission warm webrender,,77,ms,firefox,,1738330841,2023-08-09T20:56:32,199.9,9766f63db97d1b85b2f2f47d2b3cb3ee3782ae85,1285337
autoland,3870186,13,f36c3750a6bc0db1e2bc910e5f3a3acace5985a7,windows10-64-shippable-qr,True,False,,|f|i|s|s|i|o|n| |w|a|r|m| |w|e|b|r|e|n|d|e|r|,102210fe594ee9b33d82058545b1ed14f4c8206e,ContentfulSpeedIndex,amazon,True,amazon ContentfulSpeedIndex opt fission warm webrender,,77,ms,firefox,,1738394324,2023-08-10T01:02:34,198.9,b2b54f91567d2de224314e03fc81ba6e815e2fa7,1285442
autoland,3870186,13,f36c3750a6bc0db1e2bc910e5f3a3acace5985a7,windows10-64-shippable-qr,True,False,,|f|i|s|s|i|o|n| |w|a|r|m| |w|e|b|r|e|n|d|e|r|,102210fe594ee9b33d82058545b1ed14f4c8206e,ContentfulSpeedIndex,amazon,True,amazon ContentfulSpeedIndex opt fission warm webrender,,77,ms,firefox,,1738452607,2023-08-10T02:22:08,207.1,7704c89f0e6bc2ca33282a228b42fb5cd7aa072c,1285454
autoland,3870186,13,f36c3750a6bc0db1e2bc910e5f3a3acace5985a7,windows10-64-shippable-qr,True,False,,|f|i|s|s|i|o|n| |w|a|r|m| |w|e|b|r|e|n|d|e|r|,102210fe594ee9b33d82058545b1ed14f4c8206e,ContentfulSpeedIndex,amazon,True,amazon ContentfulSpeedIndex opt fission warm webrender,,77,ms,firefox,,1738539630,2023-08-10T06:54:21,206.8,24eb42c9b3d9f910ba5afe124232608f70532552,1285524
autoland,3870186,13,f36c3750a6bc0db1e2bc910e5f3a3acace5985a7,windows10-64-shippable-qr,True,False,,|f|i|s|s|i|o|n| |w|a|r|m| |w|e|b|r|e|n|d|e|r|,102210fe594ee9b33d82058545b1ed14f4c8206e,ContentfulSpeedIndex,amazon,True,amazon ContentfulSpeedIndex opt fission warm webrender,,77,ms,firefox,,1738556664,2023-08-10T07:38:16,208.6,f688cd32ea991c3f0e62e19b43efc48cb4cc183a,1285542
autoland,3870186,13,f36c3750a6bc0db1e2bc910e5f3a3acace5985a7,windows10-64-shippable-qr,True,False,,|f|i|s|s|i|o|n| |w|a|r|m| |w|e|b|r|e|n|d|e|r|,102210fe594ee9b33d82058545b1ed14f4c8206e,ContentfulSpeedIndex,amazon,True,amazon ContentfulSpeedIndex opt fission warm webrender,,77,ms,firefox,,1738663325,2023-08-10T11:47:02,210.5,b544a2a999190b3345911b807fac8392e1360811,1285658
autoland,3870186,13,f36c3750a6bc0db1e2bc910e5f3a3acace5985a7,windows10-64-shippable-qr,True,False,,|f|i|s|s|i|o|n| |w|a|r|m| |w|e|b|r|e|n|d|e|r|,102210fe594ee9b33d82058545b1ed14f4c8206e,ContentfulSpeedIndex,amazon,True,amazon ContentfulSpeedIndex opt fission warm webrender,,77,ms,firefox,,1738699666,2023-08-10T13:06:38,213.4,11f47f2a1cf08c1e0b5bb6374f2a7dd1f49c8cac,1285701
autoland,3870186,13,f36c3750a6bc0db1e2bc910e5f3a3acace5985a7,windows10-64-shippable-qr,True,False,,|f|i|s|s|i|o|n| |w|a|r|m| |w|e|b|r|e|n|d|e|r|,102210fe594ee9b33d82058545b1ed14f4c8206e,ContentfulSpeedIndex,amazon,True,amazon ContentfulSpeedIndex opt fission warm webrender,,77,ms,firefox,,1739036743,2023-08-10T15:43:03,209.5,5dd3cd2421b46ac8062d03aab70251276fd58962,1285787
autoland,3870186,13,f36c3750a6bc0db1e2bc910e5f3a3acace5985a7,windows10-64-shippable-qr,True,False,,|f|i|s|s|i|o|n| |w|a|r|m| |w|e|b|r|e|n|d|e|r|,102210fe594ee9b33d82058545b1ed14f4c8206e,ContentfulSpeedIndex,amazon,True,amazon ContentfulSpeedIndex opt fission warm webrender,,77,ms,firefox,,1739037009,2023-08-10T15:45:51,205.3,cb7f80daa8c82ee9dd68e66a2792421be67d2821,1285790
autoland,3870186,13,f36c3750a6bc0db1e2bc910e5f3a3acace5985a7,windows10-64-shippable-qr,True,False,,|f|i|s|s|i|o|n| |w|a|r|m| |w|e|b|r|e|n|d|e|r|,102210fe594ee9b33d82058545b1ed14f4c8206e,ContentfulSpeedIndex,amazon,True,amazon ContentfulSpeedIndex opt fission warm webrender,,77,ms,firefox,,1738800831,2023-08-10T16:07:39,211.6,42a4b2af29229dbfd0675767afaf6965d292e4a7,1285800
autoland,3870186,13,f36c3750a6bc0db1e2bc910e5f3a3acace5985a7,windows10-64-shippable-qr,True,False,,|f|i|s|s|i|o|n| |w|a|r|m| |w|e|b|r|e|n|d|e|r|,102210fe594ee9b33d82058545b1ed14f4c8206e,ContentfulSpeedIndex,amazon,True,amazon ContentfulSpeedIndex opt fission warm webrender,,77,ms,firefox,,1738917524,2023-08-10T18:32:11,204.9,fae9c8496544fb4597f4094d95b81fdefec01628,1285918
autoland,3870186,13,f36c3750a6bc0db1e2bc910e5f3a3acace5985a7,windows10-64-shippable-qr,True,False,,|f|i|s|s|i|o|n| |w|a|r|m| |w|e|b|r|e|n|d|e|r|,102210fe594ee9b33d82058545b1ed14f4c8206e,ContentfulSpeedIndex,amazon,True,amazon ContentfulSpeedIndex opt fission warm webrender,,77,ms,firefox,,1738977760,2023-08-10T21:59:13,189.6,389f1009f2db207be63aacd4c9c54990f9d1104b,1286074
autoland,3870186,13,f36c3750a6bc0db1e2bc910e5f3a3acace5985a7,windows10-64-shippable-qr,True,False,,|f|i|s|s|i|o|n| |w|a|r|m| |w|e|b|r|e|n|d|e|r|,102210fe594ee9b33d82058545b1ed14f4c8206e,ContentfulSpeedIndex,amazon,True,amazon ContentfulSpeedIndex opt fission warm webrender,,77,ms,firefox,,1739011410,2023-08-11T03:08:44,203.6,05da0ca6db46baad5f6e45489d80d5097053bb42,1286160
autoland,3870186,13,f36c3750a6bc0db1e2bc910e5f3a3acace5985a7,windows10-64-shippable-qr,True,False,,|f|i|s|s|i|o|n| |w|a|r|m| |w|e|b|r|e|n|d|e|r|,102210fe594ee9b33d82058545b1ed14f4c8206e,ContentfulSpeedIndex,amazon,True,amazon ContentfulSpeedIndex opt fission warm webrender,,77,ms,firefox,,1739101377,2023-08-11T07:27:06,202.1,efb44db563b1abcb74959e12c6ce8e577cd213f2,1286189
autoland,3870186,13,f36c3750a6bc0db1e2bc910e5f3a3acace5985a7,windows10-64-shippable-qr,True,False,,|f|i|s|s|i|o|n| |w|a|r|m| |w|e|b|r|e|n|d|e|r|,102210fe594ee9b33d82058545b1ed14f4c8206e,ContentfulSpeedIndex,amazon,True,amazon ContentfulSpeedIndex opt fission warm webrender,,77,ms,firefox,,1739119481,2023-08-11T08:27:25,211.5,cda91469ef2a9b195d09f702816a5f7aec451d02,1286199
autoland,3870186,13,f36c3750a6bc0db1e2bc910e5f3a3acace5985a7,windows10-64-shippable-qr,True,False,,|f|i|s|s|i|o|n| |w|a|r|m| |w|e|b|r|e|n|d|e|r|,102210fe594ee9b33d82058545b1ed14f4c8206e,ContentfulSpeedIndex,amazon,True,amazon ContentfulSpeedIndex opt fission warm webrender,,77,ms,firefox,,1739308695,2023-08-11T14:16:15,209.0,21aaca8e9cca74e93bf7c9c3a6c05b78a0d46a06,1286315
autoland,3870186,13,f36c3750a6bc0db1e2bc910e5f3a3acace5985a7,windows10-64-shippable-qr,True,False,,|f|i|s|s|i|o|n| |w|a|r|m| |w|e|b|r|e|n|d|e|r|,102210fe594ee9b33d82058545b1ed14f4c8206e,ContentfulSpeedIndex,amazon,True,amazon ContentfulSpeedIndex opt fission warm webrender,,77,ms,firefox,,1739327421,2023-08-11T16:12:07,195.0,16838b515ded4549918a4ebf3e3fa8a0b427e1f4,1286403
autoland,3870186,13,f36c3750a6bc0db1e2bc910e5f3a3acace5985a7,windows10-64-shippable-qr,True,False,,|f|i|s|s|i|o|n| |w|a|r|m| |w|e|b|r|e|n|d|e|r|,102210fe594ee9b33d82058545b1ed14f4c8206e,ContentfulSpeedIndex,amazon,True,amazon ContentfulSpeedIndex opt fission warm webrender,,77,ms,firefox,,1739418377,2023-08-11T20:27:04,196.4,700d98d93bde10f22824d5d41b863f4a108f832b,1286565
autoland,3870186,13,f36c3750a6bc0db1e2bc910e5f3a3acace5985a7,windows10-64-shippable-qr,True,False,,|f|i|s|s|i|o|n| |w|a|r|m| |w|e|b|r|e|n|d|e|r|,102210fe594ee9b33d82058545b1ed14f4c8206e,ContentfulSpeedIndex,amazon,True,amazon ContentfulSpeedIndex opt fission warm webrender,,77,ms,firefox,,1739567458,2023-08-11T21:04:25,214.8,51c1600372ae1fc4b34d3f3d0d77d993ebba6dee,1286579
autoland,3870186,13,f36c3750a6bc0db1e2bc910e5f3a3acace5985a7,windows10-64-shippable-qr,True,False,,|f|i|s|s|i|o|n| |w|a|r|m| |w|e|b|r|e|n|d|e|r|,102210fe594ee9b33d82058545b1ed14f4c8206e,ContentfulSpeedIndex,amazon,True,amazon ContentfulSpeedIndex opt fission warm webrender,,77,ms,firefox,,1739574562,2023-08-11T21:21:38,209.5,d276fb10dd5967d5a7779c681e5fb051233edc53,1286581
autoland,3870186,13,f36c3750a6bc0db1e2bc910e5f3a3acace5985a7,windows10-64-shippable-qr,True,False,,|f|i|s|s|i|o|n| |w|a|r|m| |w|e|b|r|e|n|d|e|r|,102210fe594ee9b33d82058545b1ed14f4c8206e,ContentfulSpeedIndex,amazon,True,amazon ContentfulSpeedIndex opt fission warm webrender,,77,ms,firefox,,1739558811,2023-08-12T05:14:02,203.0,8dd752fc2bce87d04b7ae3bab02bb57d59c64e8a,1286635
autoland,3870186,13,f36c3750a6bc0db1e2bc910e5f3a3acace5985a7,windows10-64-shippable-qr,True,False,,|f|i|s|s|i|o|n| |w|a|r|m| |w|e|b|r|e|n|d|e|r|,102210fe594ee9b33d82058545b1ed14f4c8206e,ContentfulSpeedIndex,amazon,True,amazon ContentfulSpeedIndex opt fission warm webrender,,77,ms,firefox,,1739573742,2023-08-12T05:14:50,213.8,f20040ae7b2f3e1499ea3b90639fd96566103125,1286636
autoland,3870186,13,f36c3750a6bc0db1e2bc910e5f3a3acace5985a7,windows10-64-shippable-qr,True,False,,|f|i|s|s|i|o|n| |w|a|r|m| |w|e|b|r|e|n|d|e|r|,102210fe594ee9b33d82058545b1ed14f4c8206e,ContentfulSpeedIndex,amazon,True,amazon ContentfulSpeedIndex opt fission warm webrender,,77,ms,firefox,,1739637494,2023-08-12T12:22:39,205.8,6386291adbedd6140dfbf10b071e5cc82f5433a1,1286663
autoland,3870186,13,f36c3750a6bc0db1e2bc910e5f3a3acace5985a7,windows10-64-shippable-qr,True,False,,|f|i|s|s|i|o|n| |w|a|r|m| |w|e|b|r|e|n|d|e|r|,102210fe594ee9b33d82058545b1ed14f4c8206e,ContentfulSpeedIndex,amazon,True,amazon ContentfulSpeedIndex opt fission warm webrender,,77,ms,firefox,,1739687738,2023-08-12T17:53:09,210.7,9a15449ff274a89d15ae4d345601385b371c2dff,1286688
autoland,3870186,13,f36c3750a6bc0db1e2bc910e5f3a3acace5985a7,windows10-64-shippable-qr,True,False,,|f|i|s|s|i|o|n| |w|a|r|m| |w|e|b|r|e|n|d|e|r|,102210fe594ee9b33d82058545b1ed14f4c8206e,ContentfulSpeedIndex,amazon,True,amazon ContentfulSpeedIndex opt fission warm webrender,,77,ms,firefox,,1739759384,2023-08-13T04:26:09,196.9,dcf2ddfaffbf9900de8ba4a674708bf996d147b6,1286737
autoland,3870186,13,f36c3750a6bc0db1e2bc910e5f3a3acace5985a7,windows10-64-shippable-qr,True,False,,|f|i|s|s|i|o|n| |w|a|r|m| |w|e|b|r|e|n|d|e|r|,102210fe594ee9b33d82058545b1ed14f4c8206e,ContentfulSpeedIndex,amazon,True,amazon ContentfulSpeedIndex opt fission warm webrender,,77,ms,firefox,,1739836247,2023-08-13T16:54:11,208.9,cbfbab86b8f2ad4e39c90caa2d8e55102609b72d,1286762
autoland,3870186,13,f36c3750a6bc0db1e2bc910e5f3a3acace5985a7,windows10-64-shippable-qr,True,False,,|f|i|s|s|i|o|n| |w|a|r|m| |w|e|b|r|e|n|d|e|r|,102210fe594ee9b33d82058545b1ed14f4c8206e,ContentfulSpeedIndex,amazon,True,amazon ContentfulSpeedIndex opt fission warm webrender,,77,ms,firefox,,1739922022,2023-08-14T00:32:30,197.9,bdeed1276a3515d597485fc241f9757ff607a9d1,1286792
autoland,3870186,13,f36c3750a6bc0db1e2bc910e5f3a3acace5985a7,windows10-64-shippable-qr,True,False,,|f|i|s|s|i|o|n| |w|a|r|m| |w|e|b|r|e|n|d|e|r|,102210fe594ee9b33d82058545b1ed14f4c8206e,ContentfulSpeedIndex,amazon,True,amazon ContentfulSpeedIndex opt fission warm webrender,,77,ms,firefox,,1739957545,2023-08-14T06:39:21,194.7,a5bcd3edffd78b69932e1ea7c5dda0894107edaa,1286822
autoland,3870186,13,f36c3750a6bc0db1e2bc910e5f3a3acace5985a7,windows10-64-shippable-qr,True,False,,|f|i|s|s|i|o|n| |w|a|r|m| |w|e|b|r|e|n|d|e|r|,102210fe594ee9b33d82058545b1ed14f4c8206e,ContentfulSpeedIndex,amazon,True,amazon ContentfulSpeedIndex opt fission warm webrender,,77,ms,firefox,,1740039686,2023-08-14T10:48:55,212.1,64a1445ac4138d208b6412914b12fd0a2e9ff945,1286891
autoland,3870186,13,f36c3750a6bc0db1e2bc910e5f3a3acace5985a7,windows10-64-shippable-qr,True,False,,|f|i|s|s|i|o|n| |w|a|r|m| |w|e|b|r|e|n|d|e|r|,102210fe594ee9b33d82058545b1ed14f4c8206e,ContentfulSpeedIndex,amazon,True,amazon ContentfulSpeedIndex opt fission warm webrender,,77,ms,firefox,,1740489335,2023-08-14T14:08:51,218.6,31e28d290422a1535f35bcc058af1c08f4c7359b,1286994
autoland,3870186,13,f36c3750a6bc0db1e2bc910e5f3a3acace5985a7,windows10-64-shippable-qr,True,False,,|f|i|s|s|i|o|n| |w|a|r|m| |w|e|b|r|e|n|d|e|r|,102210fe594ee9b33d82058545b1ed14f4c8206e,ContentfulSpeedIndex,amazon,True,amazon ContentfulSpeedIndex opt fission warm webrender,,77,ms,firefox,,1740481557,2023-08-14T14:09:39,208.8,8d9f5cc542b6dad03ce85719537d30c4469e20b1,1286995
autoland,3870186,13,f36c3750a6bc0db1e2bc910e5f3a3acace5985a7,windows10-64-shippable-qr,True,False,,|f|i|s|s|i|o|n| |w|a|r|m| |w|e|b|r|e|n|d|e|r|,102210fe594ee9b33d82058545b1ed14f4c8206e,ContentfulSpeedIndex,amazon,True,amazon ContentfulSpeedIndex opt fission warm webrender,,77,ms,firefox,,1740179426,2023-08-14T16:54:04,212.0,5b1987d52ae19ebe1b311fec0f664563b5bf198d,1287092
autoland,3870186,13,f36c3750a6bc0db1e2bc910e5f3a3acace5985a7,windows10-64-shippable-qr,True,False,,|f|i|s|s|i|o|n| |w|a|r|m| |w|e|b|r|e|n|d|e|r|,102210fe594ee9b33d82058545b1ed14f4c8206e,ContentfulSpeedIndex,amazon,True,amazon ContentfulSpeedIndex opt fission warm webrender,,77,ms,firefox,,1740497643,2023-08-14T18:39:26,217.7,e69719641442a9b020920854741bcc703d699bc9,1287157
autoland,3870186,13,f36c3750a6bc0db1e2bc910e5f3a3acace5985a7,windows10-64-shippable-qr,True,False,,|f|i|s|s|i|o|n| |w|a|r|m| |w|e|b|r|e|n|d|e|r|,102210fe594ee9b33d82058545b1ed14f4c8206e,ContentfulSpeedIndex,amazon,True,amazon ContentfulSpeedIndex opt fission warm webrender,,77,ms,firefox,,1740500460,2023-08-14T18:43:30,209.1,98ec3e8e37bd0c1dd0d57c0b66e97f6de4d5f66c,1287159
autoland,3870186,13,f36c3750a6bc0db1e2bc910e5f3a3acace5985a7,windows10-64-shippable-qr,True,False,,|f|i|s|s|i|o|n| |w|a|r|m| |w|e|b|r|e|n|d|e|r|,102210fe594ee9b33d82058545b1ed14f4c8206e,ContentfulSpeedIndex,amazon,True,amazon ContentfulSpeedIndex opt fission warm webrender,,77,ms,firefox,,1740338238,2023-08-14T21:20:15,202.7,7081c01a8f314a82bc3c055c11f0880dc2b706fb,1287268
autoland,3870186,13,f36c3750a6bc0db1e2bc910e5f3a3acace5985a7,windows10-64-shippable-qr,True,False,,|f|i|s|s|i|o|n| |w|a|r|m| |w|e|b|r|e|n|d|e|r|,102210fe594ee9b33d82058545b1ed14f4c8206e,ContentfulSpeedIndex,amazon,True,amazon ContentfulSpeedIndex opt fission warm webrender,,77,ms,firefox,,1740376500,2023-08-14T23:25:21,209.2,88ec6682eab1c5c36cb839c8db0156446559a1cb,1287331
autoland,3870186,13,f36c3750a6bc0db1e2bc910e5f3a3acace5985a7,windows10-64-shippable-qr,True,False,,|f|i|s|s|i|o|n| |w|a|r|m| |w|e|b|r|e|n|d|e|r|,102210fe594ee9b33d82058545b1ed14f4c8206e,ContentfulSpeedIndex,amazon,True,amazon ContentfulSpeedIndex opt fission warm webrender,,77,ms,firefox,,1740508796,2023-08-15T03:40:03,207.2,ef2753ba331b17b408096bfd42e83a91039b995d,1287395
autoland,3870186,13,f36c3750a6bc0db1e2bc910e5f3a3acace5985a7,windows10-64-shippable-qr,True,False,,|f|i|s|s|i|o|n| |w|a|r|m| |w|e|b|r|e|n|d|e|r|,102210fe594ee9b33d82058545b1ed14f4c8206e,ContentfulSpeedIndex,amazon,True,amazon ContentfulSpeedIndex opt fission warm webrender,,77,ms,firefox,,1740635724,2023-08-15T12:15:00,208.0,0038346134ec0c0912660c19edced48ff4c9996b,1287534
autoland,3870186,13,f36c3750a6bc0db1e2bc910e5f3a3acace5985a7,windows10-64-shippable-qr,True,False,,|f|i|s|s|i|o|n| |w|a|r|m| |w|e|b|r|e|n|d|e|r|,102210fe594ee9b33d82058545b1ed14f4c8206e,ContentfulSpeedIndex,amazon,True,amazon ContentfulSpeedIndex opt fission warm webrender,,77,ms,firefox,,1740660705,2023-08-15T12:16:05,213.8,34ea39f6bd8afd706e571c5a5c5557f8f02274c7,1287535
autoland,3870186,13,f36c3750a6bc0db1e2bc910e5f3a3acace5985a7,windows10-64-shippable-qr,True,False,,|f|i|s|s|i|o|n| |w|a|r|m| |w|e|b|r|e|n|d|e|r|,102210fe594ee9b33d82058545b1ed14f4c8206e,ContentfulSpeedIndex,amazon,True,amazon ContentfulSpeedIndex opt fission warm webrender,,77,ms,firefox,,1741141182,2023-08-15T12:37:24,199.3,e22b9fd845f91f33a25fd6da2d0f6c46e5a73fda,1287550
autoland,3870186,13,f36c3750a6bc0db1e2bc910e5f3a3acace5985a7,windows10-64-shippable-qr,True,False,,|f|i|s|s|i|o|n| |w|a|r|m| |w|e|b|r|e|n|d|e|r|,102210fe594ee9b33d82058545b1ed14f4c8206e,ContentfulSpeedIndex,amazon,True,amazon ContentfulSpeedIndex opt fission warm webrender,,77,ms,firefox,,1741181835,2023-08-15T12:57:24,203.9,98924afbd295dc09b62c5086c76b9e8ff5089521,1287555
autoland,3870186,13,f36c3750a6bc0db1e2bc910e5f3a3acace5985a7,windows10-64-shippable-qr,True,False,,|f|i|s|s|i|o|n| |w|a|r|m| |w|e|b|r|e|n|d|e|r|,102210fe594ee9b33d82058545b1ed14f4c8206e,ContentfulSpeedIndex,amazon,True,amazon ContentfulSpeedIndex opt fission warm webrender,,77,ms,firefox,,1740874205,2023-08-15T17:48:00,213.8,c01a1256082294777509d59591b44cc1a9a54101,1287732
autoland,3870186,13,f36c3750a6bc0db1e2bc910e5f3a3acace5985a7,windows10-64-shippable-qr,True,False,,|f|i|s|s|i|o|n| |w|a|r|m| |w|e|b|r|e|n|d|e|r|,102210fe594ee9b33d82058545b1ed14f4c8206e,ContentfulSpeedIndex,amazon,True,amazon ContentfulSpeedIndex opt fission warm webrender,,77,ms,firefox,,1741015410,2023-08-15T20:18:28,213.1,b6d00af33f9f1879900a9ff148f77a03de4ca507,1287829
autoland,3870186,13,f36c3750a6bc0db1e2bc910e5f3a3acace5985a7,windows10-64-shippable-qr,True,False,,|f|i|s|s|i|o|n| |w|a|r|m| |w|e|b|r|e|n|d|e|r|,102210fe594ee9b33d82058545b1ed14f4c8206e,ContentfulSpeedIndex,amazon,True,amazon ContentfulSpeedIndex opt fission warm webrender,,77,ms,firefox,,1741873928,2023-08-15T23:56:07,210.2,d89c15eac4ec564501a3193bdcd58be7d02393c5,1287949
autoland,3870186,13,f36c3750a6bc0db1e2bc910e5f3a3acace5985a7,windows10-64-shippable-qr,True,False,,|f|i|s|s|i|o|n| |w|a|r|m| |w|e|b|r|e|n|d|e|r|,102210fe594ee9b33d82058545b1ed14f4c8206e,ContentfulSpeedIndex,amazon,True,amazon ContentfulSpeedIndex opt fission warm webrender,,77,ms,firefox,,1741856917,2023-08-16T00:04:54,212.1,e3e4e48f102fd5baecd164c042650d7ed05a3d4a,1287957
autoland,3870186,13,f36c3750a6bc0db1e2bc910e5f3a3acace5985a7,windows10-64-shippable-qr,True,False,,|f|i|s|s|i|o|n| |w|a|r|m| |w|e|b|r|e|n|d|e|r|,102210fe594ee9b33d82058545b1ed14f4c8206e,ContentfulSpeedIndex,amazon,True,amazon ContentfulSpeedIndex opt fission warm webrender,,77,ms,firefox,,1741058424,2023-08-16T01:44:13,205.4,af1979bb2dd22b96889d47af7852253d7f161693,1287987
autoland,3870186,13,f36c3750a6bc0db1e2bc910e5f3a3acace5985a7,windows10-64-shippable-qr,True,False,,|f|i|s|s|i|o|n| |w|a|r|m| |w|e|b|r|e|n|d|e|r|,102210fe594ee9b33d82058545b1ed14f4c8206e,ContentfulSpeedIndex,amazon,True,amazon ContentfulSpeedIndex opt fission warm webrender,,77,ms,firefox,,1741164944,2023-08-16T06:09:24,218.2,4d7123b9c5729f33db3288141ea7502fae3cbadc,1288100
autoland,3870186,13,f36c3750a6bc0db1e2bc910e5f3a3acace5985a7,windows10-64-shippable-qr,True,False,,|f|i|s|s|i|o|n| |w|a|r|m| |w|e|b|r|e|n|d|e|r|,102210fe594ee9b33d82058545b1ed14f4c8206e,ContentfulSpeedIndex,amazon,True,amazon ContentfulSpeedIndex opt fission warm webrender,,77,ms,firefox,,1741222651,2023-08-16T07:28:11,204.0,3ba3d3cb9bb7860efcbb623d34fc5d721fc7cfcb,1288129
autoland,3870186,13,f36c3750a6bc0db1e2bc910e5f3a3acace5985a7,windows10-64-shippable-qr,True,False,,|f|i|s|s|i|o|n| |w|a|r|m| |w|e|b|r|e|n|d|e|r|,102210fe594ee9b33d82058545b1ed14f4c8206e,ContentfulSpeedIndex,amazon,True,amazon ContentfulSpeedIndex opt fission warm webrender,,77,ms,firefox,,1741322723,2023-08-16T10:40:28,202.9,3cbe8cb45dab35d18ef4ffb5481be55dfabf47c7,1288233
autoland,3870186,13,f36c3750a6bc0db1e2bc910e5f3a3acace5985a7,windows10-64-shippable-qr,True,False,,|f|i|s|s|i|o|n| |w|a|r|m| |w|e|b|r|e|n|d|e|r|,102210fe594ee9b33d82058545b1ed14f4c8206e,ContentfulSpeedIndex,amazon,True,amazon ContentfulSpeedIndex opt fission warm webrender,,77,ms,firefox,,1741827116,2023-08-16T12:28:12,220.2,8a73ffb04e0b980e31fed0ef3226cec7dc161d52,1288290
autoland,3870186,13,f36c3750a6bc0db1e2bc910e5f3a3acace5985a7,windows10-64-shippable-qr,True,False,,|f|i|s|s|i|o|n| |w|a|r|m| |w|e|b|r|e|n|d|e|r|,102210fe594ee9b33d82058545b1ed14f4c8206e,ContentfulSpeedIndex,amazon,True,amazon ContentfulSpeedIndex opt fission warm webrender,,77,ms,firefox,,1741864913,2023-08-16T13:01:50,211.7,7122f40ccb24e35d458d3a857d77fe59f96a6f12,1288300
autoland,3870186,13,f36c3750a6bc0db1e2bc910e5f3a3acace5985a7,windows10-64-shippable-qr,True,False,,|f|i|s|s|i|o|n| |w|a|r|m| |w|e|b|r|e|n|d|e|r|,102210fe594ee9b33d82058545b1ed14f4c8206e,ContentfulSpeedIndex,amazon,True,amazon ContentfulSpeedIndex opt fission warm webrender,,77,ms,firefox,,1741503012,2023-08-16T14:37:22,213.6,1cafd355bbcf32aae501b9419edec5e7c8a59968,1288343
autoland,3870186,13,f36c3750a6bc0db1e2bc910e5f3a3acace5985a7,windows10-64-shippable-qr,True,False,,|f|i|s|s|i|o|n| |w|a|r|m| |w|e|b|r|e|n|d|e|r|,102210fe594ee9b33d82058545b1ed14f4c8206e,ContentfulSpeedIndex,amazon,True,amazon ContentfulSpeedIndex opt fission warm webrender,,77,ms,firefox,,1741844926,2023-08-16T17:18:17,204.9,76c2ef9d279ab62d4513c845d1c71e49aaf07d8c,1288437
autoland,3870186,13,f36c3750a6bc0db1e2bc910e5f3a3acace5985a7,windows10-64-shippable-qr,True,False,,|f|i|s|s|i|o|n| |w|a|r|m| |w|e|b|r|e|n|d|e|r|,102210fe594ee9b33d82058545b1ed14f4c8206e,ContentfulSpeedIndex,amazon,True,amazon ContentfulSpeedIndex opt fission warm webrender,,77,ms,firefox,,1741884490,2023-08-16T17:19:17,207.3,e679173f9fd8ae276789ca7302817d53d23baab4,1288439
autoland,3870186,13,f36c3750a6bc0db1e2bc910e5f3a3acace5985a7,windows10-64-shippable-qr,True,False,,|f|i|s|s|i|o|n| |w|a|r|m| |w|e|b|r|e|n|d|e|r|,102210fe594ee9b33d82058545b1ed14f4c8206e,ContentfulSpeedIndex,amazon,True,amazon ContentfulSpeedIndex opt fission warm webrender,,77,ms,firefox,,1741628849,2023-08-16T18:57:22,211.2,1c8dec8815d59d488dc44109a4361dcec573ec0a,1288496
autoland,3870186,13,f36c3750a6bc0db1e2bc910e5f3a3acace5985a7,windows10-64-shippable-qr,True,False,,|f|i|s|s|i|o|n| |w|a|r|m| |w|e|b|r|e|n|d|e|r|,102210fe594ee9b33d82058545b1ed14f4c8206e,ContentfulSpeedIndex,amazon,True,amazon ContentfulSpeedIndex opt fission warm webrender,,77,ms,firefox,,1741697445,2023-08-16T23:04:52,197.7,4e21d241af64f5d1f3b4796d48ab8d58a961f081,1288666
autoland,3870186,13,f36c3750a6bc0db1e2bc910e5f3a3acace5985a7,windows10-64-shippable-qr,True,False,,|f|i|s|s|i|o|n| |w|a|r|m| |w|e|b|r|e|n|d|e|r|,102210fe594ee9b33d82058545b1ed14f4c8206e,ContentfulSpeedIndex,amazon,True,amazon ContentfulSpeedIndex opt fission warm webrender,,77,ms,firefox,,1741739210,2023-08-16T23:22:50,202.5,200aa08042f1b584401fd4aca219d4b68edf7973,1288675
autoland,3870186,13,f36c3750a6bc0db1e2bc910e5f3a3acace5985a7,windows10-64-shippable-qr,True,False,,|f|i|s|s|i|o|n| |w|a|r|m| |w|e|b|r|e|n|d|e|r|,102210fe594ee9b33d82058545b1ed14f4c8206e,ContentfulSpeedIndex,amazon,True,amazon ContentfulSpeedIndex opt fission warm webrender,,77,ms,firefox,,1741853192,2023-08-17T04:16:28,215.0,18db2934736dc8d16e5b5840ec0b170aef5c0c3b,1288753
autoland,3870186,13,f36c3750a6bc0db1e2bc910e5f3a3acace5985a7,windows10-64-shippable-qr,True,False,,|f|i|s|s|i|o|n| |w|a|r|m| |w|e|b|r|e|n|d|e|r|,102210fe594ee9b33d82058545b1ed14f4c8206e,ContentfulSpeedIndex,amazon,True,amazon ContentfulSpeedIndex opt fission warm webrender,,77,ms,firefox,,1742004275,2023-08-17T08:24:55,219.0,bee27401511bf375891968a9ca78d7ef74d19962,1288813
autoland,3870186,13,f36c3750a6bc0db1e2bc910e5f3a3acace5985a7,windows10-64-shippable-qr,True,False,,|f|i|s|s|i|o|n| |w|a|r|m| |w|e|b|r|e|n|d|e|r|,102210fe594ee9b33d82058545b1ed14f4c8206e,ContentfulSpeedIndex,amazon,True,amazon ContentfulSpeedIndex opt fission warm webrender,,77,ms,firefox,,1742000067,2023-08-17T10:09:55,209.2,78e7cb2837e7dec0ef55a2f5f383625335ad2520,1288847
autoland,3870186,13,f36c3750a6bc0db1e2bc910e5f3a3acace5985a7,windows10-64-shippable-qr,True,False,,|f|i|s|s|i|o|n| |w|a|r|m| |w|e|b|r|e|n|d|e|r|,102210fe594ee9b33d82058545b1ed14f4c8206e,ContentfulSpeedIndex,amazon,True,amazon ContentfulSpeedIndex opt fission warm webrender,,77,ms,firefox,,1742128809,2023-08-17T14:34:38,215.9,776fbad509150f69418e1f44fa2580c651211253,1288953
autoland,3870186,13,f36c3750a6bc0db1e2bc910e5f3a3acace5985a7,windows10-64-shippable-qr,True,False,,|f|i|s|s|i|o|n| |w|a|r|m| |w|e|b|r|e|n|d|e|r|,102210fe594ee9b33d82058545b1ed14f4c8206e,ContentfulSpeedIndex,amazon,True,amazon ContentfulSpeedIndex opt fission warm webrender,,77,ms,firefox,,1742241251,2023-08-17T16:13:13,210.5,aac1f1d71d5251ffb80e7a22087e1c473e53069d,1289025
autoland,3870186,13,f36c3750a6bc0db1e2bc910e5f3a3acace5985a7,windows10-64-shippable-qr,True,False,,|f|i|s|s|i|o|n| |w|a|r|m| |w|e|b|r|e|n|d|e|r|,102210fe594ee9b33d82058545b1ed14f4c8206e,ContentfulSpeedIndex,amazon,True,amazon ContentfulSpeedIndex opt fission warm webrender,,77,ms,firefox,,1742644574,2023-08-17T18:39:00,209.4,d6e3a985fda44edfa84fae3ecc4b52e6b732f09e,1289103
autoland,3870186,13,f36c3750a6bc0db1e2bc910e5f3a3acace5985a7,windows10-64-shippable-qr,True,False,,|f|i|s|s|i|o|n| |w|a|r|m| |w|e|b|r|e|n|d|e|r|,102210fe594ee9b33d82058545b1ed14f4c8206e,ContentfulSpeedIndex,amazon,True,amazon ContentfulSpeedIndex opt fission warm webrender,,77,ms,firefox,,1742654113,2023-08-17T18:44:39,210.3,42f016209a0fa6eb7e2f00106a5dea63b63bf689,1289111
autoland,3870186,13,f36c3750a6bc0db1e2bc910e5f3a3acace5985a7,windows10-64-shippable-qr,True,False,,|f|i|s|s|i|o|n| |w|a|r|m| |w|e|b|r|e|n|d|e|r|,102210fe594ee9b33d82058545b1ed14f4c8206e,ContentfulSpeedIndex,amazon,True,amazon ContentfulSpeedIndex opt fission warm webrender,,77,ms,firefox,,1742660370,2023-08-17T19:33:04,214.9,a317d1d25b687e15043cbc110d81765aeb149752,1289134
autoland,3870186,13,f36c3750a6bc0db1e2bc910e5f3a3acace5985a7,windows10-64-shippable-qr,True,False,,|f|i|s|s|i|o|n| |w|a|r|m| |w|e|b|r|e|n|d|e|r|,102210fe594ee9b33d82058545b1ed14f4c8206e,ContentfulSpeedIndex,amazon,True,amazon ContentfulSpeedIndex opt fission warm webrender,,77,ms,firefox,,1742420898,2023-08-17T19:44:04,199.7,e3a24ea4f8b0be504990cbc266d7af273804678e,1289144
autoland,3870186,13,f36c3750a6bc0db1e2bc910e5f3a3acace5985a7,windows10-64-shippable-qr,True,False,,|f|i|s|s|i|o|n| |w|a|r|m| |w|e|b|r|e|n|d|e|r|,102210fe594ee9b33d82058545b1ed14f4c8206e,ContentfulSpeedIndex,amazon,True,amazon ContentfulSpeedIndex opt fission warm webrender,,77,ms,firefox,,1742503551,2023-08-18T00:01:41,215.7,990790cb4b9bfd20fd7683f2815d50585f5dcba2,1289285
autoland,3870186,13,f36c3750a6bc0db1e2bc910e5f3a3acace5985a7,windows10-64-shippable-qr,True,False,,|f|i|s|s|i|o|n| |w|a|r|m| |w|e|b|r|e|n|d|e|r|,102210fe594ee9b33d82058545b1ed14f4c8206e,ContentfulSpeedIndex,amazon,True,amazon ContentfulSpeedIndex opt fission warm webrender,,77,ms,firefox,,1742630666,2023-08-18T04:25:36,202.6,deca2c956e89b8e65d2a1b0fcb79db8b991a7046,1289346
autoland,3870186,13,f36c3750a6bc0db1e2bc910e5f3a3acace5985a7,windows10-64-shippable-qr,True,False,,|f|i|s|s|i|o|n| |w|a|r|m| |w|e|b|r|e|n|d|e|r|,102210fe594ee9b33d82058545b1ed14f4c8206e,ContentfulSpeedIndex,amazon,True,amazon ContentfulSpeedIndex opt fission warm webrender,,77,ms,firefox,,1742664174,2023-08-18T05:21:52,194.7,87da0265a044885f5ed64cc9ce2b961721d2142e,1289351
autoland,3870186,13,f36c3750a6bc0db1e2bc910e5f3a3acace5985a7,windows10-64-shippable-qr,True,False,,|f|i|s|s|i|o|n| |w|a|r|m| |w|e|b|r|e|n|d|e|r|,102210fe594ee9b33d82058545b1ed14f4c8206e,ContentfulSpeedIndex,amazon,True,amazon ContentfulSpeedIndex opt fission warm webrender,,77,ms,firefox,,1742847680,2023-08-18T14:09:35,205.8,e2305368eaae41c8b47dd15f03addc2ec4fe0504,1289469
autoland,3870186,13,f36c3750a6bc0db1e2bc910e5f3a3acace5985a7,windows10-64-shippable-qr,True,False,,|f|i|s|s|i|o|n| |w|a|r|m| |w|e|b|r|e|n|d|e|r|,102210fe594ee9b33d82058545b1ed14f4c8206e,ContentfulSpeedIndex,amazon,True,amazon ContentfulSpeedIndex opt fission warm webrender,,77,ms,firefox,,1742936546,2023-08-18T19:46:30,203.1,62feb2305afdcba50bd84b58cd2ab152d53c61e7,1289627
autoland,3870186,13,f36c3750a6bc0db1e2bc910e5f3a3acace5985a7,windows10-64-shippable-qr,True,False,,|f|i|s|s|i|o|n| |w|a|r|m| |w|e|b|r|e|n|d|e|r|,102210fe594ee9b33d82058545b1ed14f4c8206e,ContentfulSpeedIndex,amazon,True,amazon ContentfulSpeedIndex opt fission warm webrender,,77,ms,firefox,,1743069043,2023-08-19T05:41:08,205.6,9814020284505cbc4a6075b3b7aba216be0632f8,1289731
autoland,3870186,13,f36c3750a6bc0db1e2bc910e5f3a3acace5985a7,windows10-64-shippable-qr,True,False,,|f|i|s|s|i|o|n| |w|a|r|m| |w|e|b|r|e|n|d|e|r|,102210fe594ee9b33d82058545b1ed14f4c8206e,ContentfulSpeedIndex,amazon,True,amazon ContentfulSpeedIndex opt fission warm webrender,,77,ms,firefox,,1743127199,2023-08-19T11:55:58,194.4,8fefefd6da577f8b3d842ea07120af9e964c09b5,1289750
autoland,3870186,13,f36c3750a6bc0db1e2bc910e5f3a3acace5985a7,windows10-64-shippable-qr,True,False,,|f|i|s|s|i|o|n| |w|a|r|m| |w|e|b|r|e|n|d|e|r|,102210fe594ee9b33d82058545b1ed14f4c8206e,ContentfulSpeedIndex,amazon,True,amazon ContentfulSpeedIndex opt fission warm webrender,,77,ms,firefox,,1743152228,2023-08-19T16:49:23,210.4,00ae001484c9ff1069878dc66b64e3cd07b706f4,1289762
autoland,3870186,13,f36c3750a6bc0db1e2bc910e5f3a3acace5985a7,windows10-64-shippable-qr,True,False,,|f|i|s|s|i|o|n| |w|a|r|m| |w|e|b|r|e|n|d|e|r|,102210fe594ee9b33d82058545b1ed14f4c8206e,ContentfulSpeedIndex,amazon,True,amazon ContentfulSpeedIndex opt fission warm webrender,,77,ms,firefox,,1743443880,2023-08-21T01:56:25,198.5,80d255ac1919800d21a7e2a610fbcd6fda43ed99,1289869
autoland,3870186,13,f36c3750a6bc0db1e2bc910e5f3a3acace5985a7,windows10-64-shippable-qr,True,False,,|f|i|s|s|i|o|n| |w|a|r|m| |w|e|b|r|e|n|d|e|r|,102210fe594ee9b33d82058545b1ed14f4c8206e,ContentfulSpeedIndex,amazon,True,amazon ContentfulSpeedIndex opt fission warm webrender,,77,ms,firefox,,1743505119,2023-08-21T07:01:47,196.4,a4b3b09ad08da2e5b588b641b24f767ff91e5912,1289886
autoland,3870186,13,f36c3750a6bc0db1e2bc910e5f3a3acace5985a7,windows10-64-shippable-qr,True,False,,|f|i|s|s|i|o|n| |w|a|r|m| |w|e|b|r|e|n|d|e|r|,102210fe594ee9b33d82058545b1ed14f4c8206e,ContentfulSpeedIndex,amazon,True,amazon ContentfulSpeedIndex opt fission warm webrender,,77,ms,firefox,,1743908887,2023-08-21T07:09:12,214.7,6c526147a8f6f14623f079b95e0ca9104043b0f5,1289888
autoland,3870186,13,f36c3750a6bc0db1e2bc910e5f3a3acace5985a7,windows10-64-shippable-qr,True,False,,|f|i|s|s|i|o|n| |w|a|r|m| |w|e|b|r|e|n|d|e|r|,102210fe594ee9b33d82058545b1ed14f4c8206e,ContentfulSpeedIndex,amazon,True,amazon ContentfulSpeedIndex opt fission warm webrender,,77,ms,firefox,,1743911730,2023-08-21T08:09:02,212.8,d7221a353257ebd1c2305ece38857e1850ef2fbf,1289906
autoland,3870186,13,f36c3750a6bc0db1e2bc910e5f3a3acace5985a7,windows10-64-shippable-qr,True,False,,|f|i|s|s|i|o|n| |w|a|r|m| |w|e|b|r|e|n|d|e|r|,102210fe594ee9b33d82058545b1ed14f4c8206e,ContentfulSpeedIndex,amazon,True,amazon ContentfulSpeedIndex opt fission warm webrender,,77,ms,firefox,,1743708524,2023-08-21T15:24:43,192.8,bc597f54f9cf91b3284e6f593c33ca79ec723077,1290025
autoland,3870186,13,f36c3750a6bc0db1e2bc910e5f3a3acace5985a7,windows10-64-shippable-qr,True,False,,|f|i|s|s|i|o|n| |w|a|r|m| |w|e|b|r|e|n|d|e|r|,102210fe594ee9b33d82058545b1ed14f4c8206e,ContentfulSpeedIndex,amazon,True,amazon ContentfulSpeedIndex opt fission warm webrender,,77,ms,firefox,,1743762400,2023-08-21T19:46:12,209.3,82b916987920b0a9e2071c575073cbcff078021a,1290082
autoland,3870186,13,f36c3750a6bc0db1e2bc910e5f3a3acace5985a7,windows10-64-shippable-qr,True,False,,|f|i|s|s|i|o|n| |w|a|r|m| |w|e|b|r|e|n|d|e|r|,102210fe594ee9b33d82058545b1ed14f4c8206e,ContentfulSpeedIndex,amazon,True,amazon ContentfulSpeedIndex opt fission warm webrender,,77,ms,firefox,,1743833532,2023-08-22T01:01:20,203.0,1bbf9fc4d2dc2a1ff3ccf67fb65cedc71fcc0291,1290123
autoland,3870186,13,f36c3750a6bc0db1e2bc910e5f3a3acace5985a7,windows10-64-shippable-qr,True,False,,|f|i|s|s|i|o|n| |w|a|r|m| |w|e|b|r|e|n|d|e|r|,102210fe594ee9b33d82058545b1ed14f4c8206e,ContentfulSpeedIndex,amazon,True,amazon ContentfulSpeedIndex opt fission warm webrender,,77,ms,firefox,,1744471178,2023-08-22T11:00:38,203.4,e5eaba75408ae99aad9253d54cd09efb8f5a50ec,1290200
autoland,3870186,13,f36c3750a6bc0db1e2bc910e5f3a3acace5985a7,windows10-64-shippable-qr,True,False,,|f|i|s|s|i|o|n| |w|a|r|m| |w|e|b|r|e|n|d|e|r|,102210fe594ee9b33d82058545b1ed14f4c8206e,ContentfulSpeedIndex,amazon,True,amazon ContentfulSpeedIndex opt fission warm webrender,,77,ms,firefox,,1744034150,2023-08-22T11:50:17,205.7,81c3a95411ab3d706659872a9aedef21494cac9c,1290203
autoland,3870186,13,f36c3750a6bc0db1e2bc910e5f3a3acace5985a7,windows10-64-shippable-qr,True,False,,|f|i|s|s|i|o|n| |w|a|r|m| |w|e|b|r|e|n|d|e|r|,102210fe594ee9b33d82058545b1ed14f4c8206e,ContentfulSpeedIndex,amazon,True,amazon ContentfulSpeedIndex opt fission warm webrender,,77,ms,firefox,,1744228406,2023-08-22T15:58:55,213.7,eccdb961d59ca1e4315f6b2d255d638be86d8f63,1290279
autoland,3870186,13,f36c3750a6bc0db1e2bc910e5f3a3acace5985a7,windows10-64-shippable-qr,True,False,,|f|i|s|s|i|o|n| |w|a|r|m| |w|e|b|r|e|n|d|e|r|,102210fe594ee9b33d82058545b1ed14f4c8206e,ContentfulSpeedIndex,amazon,True,amazon ContentfulSpeedIndex opt fission warm webrender,,77,ms,firefox,,1744234193,2023-08-22T16:02:39,213.8,ece9fb8fbedfa6acc08840151034f2468832c851,1290281
autoland,3870186,13,f36c3750a6bc0db1e2bc910e5f3a3acace5985a7,windows10-64-shippable-qr,True,False,,|f|i|s|s|i|o|n| |w|a|r|m| |w|e|b|r|e|n|d|e|r|,102210fe594ee9b33d82058545b1ed14f4c8206e,ContentfulSpeedIndex,amazon,True,amazon ContentfulSpeedIndex opt fission warm webrender,,77,ms,firefox,,1744315320,2023-08-22T20:17:58,204.2,a1487474ef2708086b96f2b3625f244382eb9f4a,1290386
autoland,3870186,13,f36c3750a6bc0db1e2bc910e5f3a3acace5985a7,windows10-64-shippable-qr,True,False,,|f|i|s|s|i|o|n| |w|a|r|m| |w|e|b|r|e|n|d|e|r|,102210fe594ee9b33d82058545b1ed14f4c8206e,ContentfulSpeedIndex,amazon,True,amazon ContentfulSpeedIndex opt fission warm webrender,,77,ms,firefox,,1744374992,2023-08-22T22:10:32,196.6,959c2f0abc19c494aba15ae7513fff9f59631cc1,1290435
autoland,3870186,13,f36c3750a6bc0db1e2bc910e5f3a3acace5985a7,windows10-64-shippable-qr,True,False,,|f|i|s|s|i|o|n| |w|a|r|m| |w|e|b|r|e|n|d|e|r|,102210fe594ee9b33d82058545b1ed14f4c8206e,ContentfulSpeedIndex,amazon,True,amazon ContentfulSpeedIndex opt fission warm webrender,,77,ms,firefox,,1744435045,2023-08-23T02:11:44,202.4,df1f27dc099011a97267a844e60b1350575fc73c,1290482
autoland,3870186,13,f36c3750a6bc0db1e2bc910e5f3a3acace5985a7,windows10-64-shippable-qr,True,False,,|f|i|s|s|i|o|n| |w|a|r|m| |w|e|b|r|e|n|d|e|r|,102210fe594ee9b33d82058545b1ed14f4c8206e,ContentfulSpeedIndex,amazon,True,amazon ContentfulSpeedIndex opt fission warm webrender,,77,ms,firefox,,1744573297,2023-08-23T06:45:25,197.4,991ab6dbc55b4783dc5a6f561a9cc22cb4408e38,1290546
autoland,3870186,13,f36c3750a6bc0db1e2bc910e5f3a3acace5985a7,windows10-64-shippable-qr,True,False,,|f|i|s|s|i|o|n| |w|a|r|m| |w|e|b|r|e|n|d|e|r|,102210fe594ee9b33d82058545b1ed14f4c8206e,ContentfulSpeedIndex,amazon,True,amazon ContentfulSpeedIndex opt fission warm webrender,,77,ms,firefox,,1744595635,2023-08-23T07:14:41,203.3,4a4d5e64aec5efa71e7c743f4c968544faee5332,1290556
autoland,3870186,13,f36c3750a6bc0db1e2bc910e5f3a3acace5985a7,windows10-64-shippable-qr,True,False,,|f|i|s|s|i|o|n| |w|a|r|m| |w|e|b|r|e|n|d|e|r|,102210fe594ee9b33d82058545b1ed14f4c8206e,ContentfulSpeedIndex,amazon,True,amazon ContentfulSpeedIndex opt fission warm webrender,,77,ms,firefox,,1744677418,2023-08-23T11:20:43,204.6,c3bfc7b73e9fc06ec28663e6501728233eb0d574,1290592
autoland,3870186,13,f36c3750a6bc0db1e2bc910e5f3a3acace5985a7,windows10-64-shippable-qr,True,False,,|f|i|s|s|i|o|n| |w|a|r|m| |w|e|b|r|e|n|d|e|r|,102210fe594ee9b33d82058545b1ed14f4c8206e,ContentfulSpeedIndex,amazon,True,amazon ContentfulSpeedIndex opt fission warm webrender,,77,ms,firefox,,1744774365,2023-08-23T15:20:56,202.0,a7db5ff392b1f3d18507813fbd65458438b3cbc4,1290685
autoland,3870186,13,f36c3750a6bc0db1e2bc910e5f3a3acace5985a7,windows10-64-shippable-qr,True,False,,|f|i|s|s|i|o|n| |w|a|r|m| |w|e|b|r|e|n|d|e|r|,102210fe594ee9b33d82058545b1ed14f4c8206e,ContentfulSpeedIndex,amazon,True,amazon ContentfulSpeedIndex opt fission warm webrender,,77,ms,firefox,,1744839325,2023-08-23T16:55:50,199.3,40a8041d06707a315c5f6e4b541dbe805bf34ec7,1290727
autoland,3870186,13,f36c3750a6bc0db1e2bc910e5f3a3acace5985a7,windows10-64-shippable-qr,True,False,,|f|i|s|s|i|o|n| |w|a|r|m| |w|e|b|r|e|n|d|e|r|,102210fe594ee9b33d82058545b1ed14f4c8206e,ContentfulSpeedIndex,amazon,True,amazon ContentfulSpeedIndex opt fission warm webrender,,77,ms,firefox,,1744903271,2023-08-23T20:58:03,202.9,b5371614cd5a3e19ca3e500a87546023aea8eb5d,1290847
autoland,3870186,13,f36c3750a6bc0db1e2bc910e5f3a3acace5985a7,windows10-64-shippable-qr,True,False,,|f|i|s|s|i|o|n| |w|a|r|m| |w|e|b|r|e|n|d|e|r|,102210fe594ee9b33d82058545b1ed14f4c8206e,ContentfulSpeedIndex,amazon,True,amazon ContentfulSpeedIndex opt fission warm webrender,,77,ms,firefox,,1745036098,2023-08-23T22:59:05,192.2,25936c5809e05c5b5d28810efdfb0af9bb2f1792,1290874
autoland,3870186,13,f36c3750a6bc0db1e2bc910e5f3a3acace5985a7,windows10-64-shippable-qr,True,False,,|f|i|s|s|i|o|n| |w|a|r|m| |w|e|b|r|e|n|d|e|r|,102210fe594ee9b33d82058545b1ed14f4c8206e,ContentfulSpeedIndex,amazon,True,amazon ContentfulSpeedIndex opt fission warm webrender,,77,ms,firefox,,1745113566,2023-08-24T03:53:22,192.0,332b088b314103bc02b008e08f1567f092cd6ca1,1290918
autoland,3870186,13,f36c3750a6bc0db1e2bc910e5f3a3acace5985a7,windows10-64-shippable-qr,True,False,,|f|i|s|s|i|o|n| |w|a|r|m| |w|e|b|r|e|n|d|e|r|,102210fe594ee9b33d82058545b1ed14f4c8206e,ContentfulSpeedIndex,amazon,True,amazon ContentfulSpeedIndex opt fission warm webrender,,77,ms,firefox,,1745208261,2023-08-24T11:04:38,198.3,fbbf71ea5127f6cc74aab13a3817349afe93580c,1291003
autoland,3870186,13,f36c3750a6bc0db1e2bc910e5f3a3acace5985a7,windows10-64-shippable-qr,True,False,,|f|i|s|s|i|o|n| |w|a|r|m| |w|e|b|r|e|n|d|e|r|,102210fe594ee9b33d82058545b1ed14f4c8206e,ContentfulSpeedIndex,amazon,True,amazon ContentfulSpeedIndex opt fission warm webrender,,77,ms,firefox,,1745358618,2023-08-24T13:41:33,212.1,9d2df5cf36fbb1712a62be68c4a309e2451e2d35,1291057
autoland,3870186,13,f36c3750a6bc0db1e2bc910e5f3a3acace5985a7,windows10-64-shippable-qr,True,False,,|f|i|s|s|i|o|n| |w|a|r|m| |w|e|b|r|e|n|d|e|r|,102210fe594ee9b33d82058545b1ed14f4c8206e,ContentfulSpeedIndex,amazon,True,amazon ContentfulSpeedIndex opt fission warm webrender,,77,ms,firefox,,1745501903,2023-08-24T18:48:40,204.8,6089e7f0fa57a29c6d080f135f65e146c34457d8,1291216
autoland,3870186,13,f36c3750a6bc0db1e2bc910e5f3a3acace5985a7,windows10-64-shippable-qr,True,False,,|f|i|s|s|i|o|n| |w|a|r|m| |w|e|b|r|e|n|d|e|r|,102210fe594ee9b33d82058545b1ed14f4c8206e,ContentfulSpeedIndex,amazon,True,amazon ContentfulSpeedIndex opt fission warm webrender,,77,ms,firefox,,1745673215,2023-08-25T00:48:43,212.3,0129f728663fcc0bcc1f816e006f1eb2635780e4,1291339
autoland,3870186,13,f36c3750a6bc0db1e2bc910e5f3a3acace5985a7,windows10-64-shippable-qr,True,False,,|f|i|s|s|i|o|n| |w|a|r|m| |w|e|b|r|e|n|d|e|r|,102210fe594ee9b33d82058545b1ed14f4c8206e,ContentfulSpeedIndex,amazon,True,amazon ContentfulSpeedIndex opt fission warm webrender,,77,ms,firefox,,1745821327,2023-08-25T11:24:50,203.3,e5ba3b52ebac2d2582cecd6122443fc024cd24c9,1291437
autoland,3870186,13,f36c3750a6bc0db1e2bc910e5f3a3acace5985a7,windows10-64-shippable-qr,True,False,,|f|i|s|s|i|o|n| |w|a|r|m| |w|e|b|r|e|n|d|e|r|,102210fe594ee9b33d82058545b1ed14f4c8206e,ContentfulSpeedIndex,amazon,True,amazon ContentfulSpeedIndex opt fission warm webrender,,77,ms,firefox,,1745989059,2023-08-25T15:32:54,209.7,059b77df2394c7caf1061e1b817e004878738efa,1291507
autoland,3870186,13,f36c3750a6bc0db1e2bc910e5f3a3acace5985a7,windows10-64-shippable-qr,True,False,,|f|i|s|s|i|o|n| |w|a|r|m| |w|e|b|r|e|n|d|e|r|,102210fe594ee9b33d82058545b1ed14f4c8206e,ContentfulSpeedIndex,amazon,True,amazon ContentfulSpeedIndex opt fission warm webrender,,77,ms,firefox,,1746124877,2023-08-25T19:36:02,202.1,47efe79717796bf6f3a70e5733e99a98b0d9fad4,1291599
autoland,3870186,13,f36c3750a6bc0db1e2bc910e5f3a3acace5985a7,windows10-64-shippable-qr,True,False,,|f|i|s|s|i|o|n| |w|a|r|m| |w|e|b|r|e|n|d|e|r|,102210fe594ee9b33d82058545b1ed14f4c8206e,ContentfulSpeedIndex,amazon,True,amazon ContentfulSpeedIndex opt fission warm webrender,,77,ms,firefox,,1746236207,2023-08-26T03:22:14,190.7,ddc3d1e9268d9abde51f1082490491f544286b16,1291695
autoland,3870186,13,f36c3750a6bc0db1e2bc910e5f3a3acace5985a7,windows10-64-shippable-qr,True,False,,|f|i|s|s|i|o|n| |w|a|r|m| |w|e|b|r|e|n|d|e|r|,102210fe594ee9b33d82058545b1ed14f4c8206e,ContentfulSpeedIndex,amazon,True,amazon ContentfulSpeedIndex opt fission warm webrender,,77,ms,firefox,,1746463941,2023-08-26T13:17:30,207.5,cc8d561a9b401f3ebfda56de56c018b287d8b340,1291872
autoland,3870186,13,f36c3750a6bc0db1e2bc910e5f3a3acace5985a7,windows10-64-shippable-qr,True,False,,|f|i|s|s|i|o|n| |w|a|r|m| |w|e|b|r|e|n|d|e|r|,102210fe594ee9b33d82058545b1ed14f4c8206e,ContentfulSpeedIndex,amazon,True,amazon ContentfulSpeedIndex opt fission warm webrender,,77,ms,firefox,,1746601735,2023-08-26T23:47:49,212.9,140288e1dd6073b83aa67b725aa9a96945374a82,1292019
autoland,3870186,13,f36c3750a6bc0db1e2bc910e5f3a3acace5985a7,windows10-64-shippable-qr,True,False,,|f|i|s|s|i|o|n| |w|a|r|m| |w|e|b|r|e|n|d|e|r|,102210fe594ee9b33d82058545b1ed14f4c8206e,ContentfulSpeedIndex,amazon,True,amazon ContentfulSpeedIndex opt fission warm webrender,,77,ms,firefox,,1746737907,2023-08-27T23:31:15,203.4,6aaf2cf582814f5a76c09fa2ac7cc760a5886134,1292080
autoland,3870186,13,f36c3750a6bc0db1e2bc910e5f3a3acace5985a7,windows10-64-shippable-qr,True,False,,|f|i|s|s|i|o|n| |w|a|r|m| |w|e|b|r|e|n|d|e|r|,102210fe594ee9b33d82058545b1ed14f4c8206e,ContentfulSpeedIndex,amazon,True,amazon ContentfulSpeedIndex opt fission warm webrender,,77,ms,firefox,,1746861147,2023-08-28T10:38:35,213.4,2303dc7d775759ce8737630e7762c69d2beac062,1292181
autoland,3870186,13,f36c3750a6bc0db1e2bc910e5f3a3acace5985a7,windows10-64-shippable-qr,True,False,,|f|i|s|s|i|o|n| |w|a|r|m| |w|e|b|r|e|n|d|e|r|,102210fe594ee9b33d82058545b1ed14f4c8206e,ContentfulSpeedIndex,amazon,True,amazon ContentfulSpeedIndex opt fission warm webrender,,77,ms,firefox,,1747006129,2023-08-28T14:50:25,203.7,f8e518c6ab37a0144872f6158300e1de85034002,1292276
autoland,3870186,13,f36c3750a6bc0db1e2bc910e5f3a3acace5985a7,windows10-64-shippable-qr,True,False,,|f|i|s|s|i|o|n| |w|a|r|m| |w|e|b|r|e|n|d|e|r|,102210fe594ee9b33d82058545b1ed14f4c8206e,ContentfulSpeedIndex,amazon,True,amazon ContentfulSpeedIndex opt fission warm webrender,,77,ms,firefox,,1747101391,2023-08-28T18:02:15,206.8,7ef66afbcd94bc7787448a9d797ec662b02fe58a,1292360
autoland,3870186,13,f36c3750a6bc0db1e2bc910e5f3a3acace5985a7,windows10-64-shippable-qr,True,False,,|f|i|s|s|i|o|n| |w|a|r|m| |w|e|b|r|e|n|d|e|r|,102210fe594ee9b33d82058545b1ed14f4c8206e,ContentfulSpeedIndex,amazon,True,amazon ContentfulSpeedIndex opt fission warm webrender,,77,ms,firefox,,1747211765,2023-08-28T20:37:08,203.2,9451de3148827dbd587f22175b6c0453c7a605db,1292463
autoland,3870186,13,f36c3750a6bc0db1e2bc910e5f3a3acace5985a7,windows10-64-shippable-qr,True,False,,|f|i|s|s|i|o|n| |w|a|r|m| |w|e|b|r|e|n|d|e|r|,102210fe594ee9b33d82058545b1ed14f4c8206e,ContentfulSpeedIndex,amazon,True,amazon ContentfulSpeedIndex opt fission warm webrender,,77,ms,firefox,,1747267946,2023-08-29T02:20:20,193.7,4cca72b5cd903bbb8bdc66098aaeb1eb12d8dddd,1292618
autoland,3870186,13,f36c3750a6bc0db1e2bc910e5f3a3acace5985a7,windows10-64-shippable-qr,True,False,,|f|i|s|s|i|o|n| |w|a|r|m| |w|e|b|r|e|n|d|e|r|,102210fe594ee9b33d82058545b1ed14f4c8206e,ContentfulSpeedIndex,amazon,True,amazon ContentfulSpeedIndex opt fission warm webrender,,77,ms,firefox,,1747275710,2023-08-29T03:02:37,207.6,f79fe732a6b523e66f30e056118cdd2cff02a5ca,1292639
autoland,3870186,13,f36c3750a6bc0db1e2bc910e5f3a3acace5985a7,windows10-64-shippable-qr,True,False,,|f|i|s|s|i|o|n| |w|a|r|m| |w|e|b|r|e|n|d|e|r|,102210fe594ee9b33d82058545b1ed14f4c8206e,ContentfulSpeedIndex,amazon,True,amazon ContentfulSpeedIndex opt fission warm webrender,,77,ms,firefox,,1747373514,2023-08-29T07:11:54,212.2,801325776b1492f30ec6ac7c770000fa8c894d2a,1292691
autoland,3870186,13,f36c3750a6bc0db1e2bc910e5f3a3acace5985a7,windows10-64-shippable-qr,True,False,,|f|i|s|s|i|o|n| |w|a|r|m| |w|e|b|r|e|n|d|e|r|,102210fe594ee9b33d82058545b1ed14f4c8206e,ContentfulSpeedIndex,amazon,True,amazon ContentfulSpeedIndex opt fission warm webrender,,77,ms,firefox,,1747530074,2023-08-29T11:18:23,215.1,843a6e4db35622bdd606d6cdd7c0f1a05828a89e,1292770
autoland,3870186,13,f36c3750a6bc0db1e2bc910e5f3a3acace5985a7,windows10-64-shippable-qr,True,False,,|f|i|s|s|i|o|n| |w|a|r|m| |w|e|b|r|e|n|d|e|r|,102210fe594ee9b33d82058545b1ed14f4c8206e,ContentfulSpeedIndex,amazon,True,amazon ContentfulSpeedIndex opt fission warm webrender,,77,ms,firefox,,1747645611,2023-08-29T11:21:44,206.2,abe9789555b5960e5b395aba02b4891c388e4839,1292771
autoland,3870186,13,f36c3750a6bc0db1e2bc910e5f3a3acace5985a7,windows10-64-shippable-qr,True,False,,|f|i|s|s|i|o|n| |w|a|r|m| |w|e|b|r|e|n|d|e|r|,102210fe594ee9b33d82058545b1ed14f4c8206e,ContentfulSpeedIndex,amazon,True,amazon ContentfulSpeedIndex opt fission warm webrender,,77,ms,firefox,,1747761730,2023-08-29T16:25:43,204.7,0bb8944a5c2a783f353dc7595b2171844923a934,1292913
autoland,3870186,13,f36c3750a6bc0db1e2bc910e5f3a3acace5985a7,windows10-64-shippable-qr,True,False,,|f|i|s|s|i|o|n| |w|a|r|m| |w|e|b|r|e|n|d|e|r|,102210fe594ee9b33d82058545b1ed14f4c8206e,ContentfulSpeedIndex,amazon,True,amazon ContentfulSpeedIndex opt fission warm webrender,,77,ms,firefox,,1747887002,2023-08-29T18:40:33,206.5,ab673eef69bf3656d8814e2758dff9da25527e74,1292984
autoland,3870186,13,f36c3750a6bc0db1e2bc910e5f3a3acace5985a7,windows10-64-shippable-qr,True,False,,|f|i|s|s|i|o|n| |w|a|r|m| |w|e|b|r|e|n|d|e|r|,102210fe594ee9b33d82058545b1ed14f4c8206e,ContentfulSpeedIndex,amazon,True,amazon ContentfulSpeedIndex opt fission warm webrender,,77,ms,firefox,,1747913805,2023-08-29T18:52:04,218.0,cb5ac3a7a82f68e5ca26d454b7615329d487cdd1,1292994
autoland,3870186,13,f36c3750a6bc0db1e2bc910e5f3a3acace5985a7,windows10-64-shippable-qr,True,False,,|f|i|s|s|i|o|n| |w|a|r|m| |w|e|b|r|e|n|d|e|r|,102210fe594ee9b33d82058545b1ed14f4c8206e,ContentfulSpeedIndex,amazon,True,amazon ContentfulSpeedIndex opt fission warm webrender,,77,ms,firefox,,1747829946,2023-08-29T20:54:58,211.4,16c71fac642647b97c85d086e54342a5addaaf13,1293039
autoland,3870186,13,f36c3750a6bc0db1e2bc910e5f3a3acace5985a7,windows10-64-shippable-qr,True,False,,|f|i|s|s|i|o|n| |w|a|r|m| |w|e|b|r|e|n|d|e|r|,102210fe594ee9b33d82058545b1ed14f4c8206e,ContentfulSpeedIndex,amazon,True,amazon ContentfulSpeedIndex opt fission warm webrender,,77,ms,firefox,,1747857140,2023-08-30T01:49:26,195.8,34dcd8f28e9a642600425b3383df225859ea91cd,1293133
autoland,3870186,13,f36c3750a6bc0db1e2bc910e5f3a3acace5985a7,windows10-64-shippable-qr,True,False,,|f|i|s|s|i|o|n| |w|a|r|m| |w|e|b|r|e|n|d|e|r|,102210fe594ee9b33d82058545b1ed14f4c8206e,ContentfulSpeedIndex,amazon,True,amazon ContentfulSpeedIndex opt fission warm webrender,,77,ms,firefox,,1748093413,2023-08-30T13:43:19,208.2,379bb5e39311a7878ea31b7eb0dd39fdef1ab15a,1293343
autoland,3870186,13,f36c3750a6bc0db1e2bc910e5f3a3acace5985a7,windows10-64-shippable-qr,True,False,,|f|i|s|s|i|o|n| |w|a|r|m| |w|e|b|r|e|n|d|e|r|,102210fe594ee9b33d82058545b1ed14f4c8206e,ContentfulSpeedIndex,amazon,True,amazon ContentfulSpeedIndex opt fission warm webrender,,77,ms,firefox,,1748086312,2023-08-30T16:15:47,215.9,f648d27187b6f45ac21ab6bf0ca9673dcfc55cf4,1293412
autoland,3870186,13,f36c3750a6bc0db1e2bc910e5f3a3acace5985a7,windows10-64-shippable-qr,True,False,,|f|i|s|s|i|o|n| |w|a|r|m| |w|e|b|r|e|n|d|e|r|,102210fe594ee9b33d82058545b1ed14f4c8206e,ContentfulSpeedIndex,amazon,True,amazon ContentfulSpeedIndex opt fission warm webrender,,77,ms,firefox,,1748156643,2023-08-30T20:58:03,200.3,7643e2c34ec4fce31fb741b2e7003adc7e547e36,1293585
autoland,3870186,13,f36c3750a6bc0db1e2bc910e5f3a3acace5985a7,windows10-64-shippable-qr,True,False,,|f|i|s|s|i|o|n| |w|a|r|m| |w|e|b|r|e|n|d|e|r|,102210fe594ee9b33d82058545b1ed14f4c8206e,ContentfulSpeedIndex,amazon,True,amazon ContentfulSpeedIndex opt fission warm webrender,,77,ms,firefox,,1748222226,2023-08-30T23:31:09,200.2,8db6a3b432759fd37b677c455c7d9ecedafd7e77,1293654
autoland,3870186,13,f36c3750a6bc0db1e2bc910e5f3a3acace5985a7,windows10-64-shippable-qr,True,False,,|f|i|s|s|i|o|n| |w|a|r|m| |w|e|b|r|e|n|d|e|r|,102210fe594ee9b33d82058545b1ed14f4c8206e,ContentfulSpeedIndex,amazon,True,amazon ContentfulSpeedIndex opt fission warm webrender,,77,ms,firefox,,1748248013,2023-08-31T03:36:38,207.8,bcc1470439818e29a38c29432af9fd130b8ec931,1293720
autoland,3870186,13,f36c3750a6bc0db1e2bc910e5f3a3acace5985a7,windows10-64-shippable-qr,True,False,,|f|i|s|s|i|o|n| |w|a|r|m| |w|e|b|r|e|n|d|e|r|,102210fe594ee9b33d82058545b1ed14f4c8206e,ContentfulSpeedIndex,amazon,True,amazon ContentfulSpeedIndex opt fission warm webrender,,77,ms,firefox,,1748350181,2023-08-31T09:19:24,198.8,e2d1d56b4cb882f210d71f021a2f804a56d718e6,1293811
autoland,3870186,13,f36c3750a6bc0db1e2bc910e5f3a3acace5985a7,windows10-64-shippable-qr,True,False,,|f|i|s|s|i|o|n| |w|a|r|m| |w|e|b|r|e|n|d|e|r|,102210fe594ee9b33d82058545b1ed14f4c8206e,ContentfulSpeedIndex,amazon,True,amazon ContentfulSpeedIndex opt fission warm webrender,,77,ms,firefox,,1748467960,2023-08-31T14:04:37,197.1,79fd00522da11013e2076ceccfd842c54d2f0822,1293937
autoland,3870186,13,f36c3750a6bc0db1e2bc910e5f3a3acace5985a7,windows10-64-shippable-qr,True,False,,|f|i|s|s|i|o|n| |w|a|r|m| |w|e|b|r|e|n|d|e|r|,102210fe594ee9b33d82058545b1ed14f4c8206e,ContentfulSpeedIndex,amazon,True,amazon ContentfulSpeedIndex opt fission warm webrender,,77,ms,firefox,,1748611559,2023-08-31T18:09:30,199.2,bd48139a6966dfb067c7b31bdf2021bd85a1f6a9,1294069
autoland,3870186,13,f36c3750a6bc0db1e2bc910e5f3a3acace5985a7,windows10-64-shippable-qr,True,False,,|f|i|s|s|i|o|n| |w|a|r|m| |w|e|b|r|e|n|d|e|r|,102210fe594ee9b33d82058545b1ed14f4c8206e,ContentfulSpeedIndex,amazon,True,amazon ContentfulSpeedIndex opt fission warm webrender,,77,ms,firefox,,1748879184,2023-08-31T19:30:57,204.9,14117ed3c63a444931eb69e3a486bde4be07b6cc,1294120
autoland,3870186,13,f36c3750a6bc0db1e2bc910e5f3a3acace5985a7,windows10-64-shippable-qr,True,False,,|f|i|s|s|i|o|n| |w|a|r|m| |w|e|b|r|e|n|d|e|r|,102210fe594ee9b33d82058545b1ed14f4c8206e,ContentfulSpeedIndex,amazon,True,amazon ContentfulSpeedIndex opt fission warm webrender,,77,ms,firefox,,1748657529,2023-08-31T19:33:29,214.1,a0d77e120c268cc1e877891df07436c1128dde4f,1294123
autoland,3870186,13,f36c3750a6bc0db1e2bc910e5f3a3acace5985a7,windows10-64-shippable-qr,True,False,,|f|i|s|s|i|o|n| |w|a|r|m| |w|e|b|r|e|n|d|e|r|,102210fe594ee9b33d82058545b1ed14f4c8206e,ContentfulSpeedIndex,amazon,True,amazon ContentfulSpeedIndex opt fission warm webrender,,77,ms,firefox,,1748894107,2023-08-31T20:20:26,214.9,6433f4d865eef19ec6c2110009e4e3a281c59799,1294162
autoland,3870186,13,f36c3750a6bc0db1e2bc910e5f3a3acace5985a7,windows10-64-shippable-qr,True,False,,|f|i|s|s|i|o|n| |w|a|r|m| |w|e|b|r|e|n|d|e|r|,102210fe594ee9b33d82058545b1ed14f4c8206e,ContentfulSpeedIndex,amazon,True,amazon ContentfulSpeedIndex opt fission warm webrender,,77,ms,firefox,,1748851917,2023-08-31T20:42:50,192.5,d5b172f3396fca2c5326f7c289b87ec3ddd75533,1294180
autoland,3870186,13,f36c3750a6bc0db1e2bc910e5f3a3acace5985a7,windows10-64-shippable-qr,True,False,,|f|i|s|s|i|o|n| |w|a|r|m| |w|e|b|r|e|n|d|e|r|,102210fe594ee9b33d82058545b1ed14f4c8206e,ContentfulSpeedIndex,amazon,True,amazon ContentfulSpeedIndex opt fission warm webrender,,77,ms,firefox,,1748775113,2023-09-01T00:39:38,194.6,27ce38e0ae179241f6afc83c246df3113fc76eb5,1294315
autoland,3870186,13,f36c3750a6bc0db1e2bc910e5f3a3acace5985a7,windows10-64-shippable-qr,True,False,,|f|i|s|s|i|o|n| |w|a|r|m| |w|e|b|r|e|n|d|e|r|,102210fe594ee9b33d82058545b1ed14f4c8206e,ContentfulSpeedIndex,amazon,True,amazon ContentfulSpeedIndex opt fission warm webrender,,77,ms,firefox,,1748779168,2023-09-01T01:00:26,197.3,9034f1db1295f77ef75c8afa9ac280788649b1c4,1294322
autoland,3870186,13,f36c3750a6bc0db1e2bc910e5f3a3acace5985a7,windows10-64-shippable-qr,True,False,,|f|i|s|s|i|o|n| |w|a|r|m| |w|e|b|r|e|n|d|e|r|,102210fe594ee9b33d82058545b1ed14f4c8206e,ContentfulSpeedIndex,amazon,True,amazon ContentfulSpeedIndex opt fission warm webrender,,77,ms,firefox,,1748942051,2023-09-01T06:26:09,214.0,ae769caa17a3a27e7fed2cfd78ea439adf051dc8,1294426
autoland,3870186,13,f36c3750a6bc0db1e2bc910e5f3a3acace5985a7,windows10-64-shippable-qr,True,False,,|f|i|s|s|i|o|n| |w|a|r|m| |w|e|b|r|e|n|d|e|r|,102210fe594ee9b33d82058545b1ed14f4c8206e,ContentfulSpeedIndex,amazon,True,amazon ContentfulSpeedIndex opt fission warm webrender,,77,ms,firefox,,1749122040,2023-09-01T10:42:21,205.9,2e446d8859cc4a60faa49f68ed5445c534e47850,1294509
autoland,3870186,13,f36c3750a6bc0db1e2bc910e5f3a3acace5985a7,windows10-64-shippable-qr,True,False,,|f|i|s|s|i|o|n| |w|a|r|m| |w|e|b|r|e|n|d|e|r|,102210fe594ee9b33d82058545b1ed14f4c8206e,ContentfulSpeedIndex,amazon,True,amazon ContentfulSpeedIndex opt fission warm webrender,,77,ms,firefox,,1749106135,2023-09-01T11:44:59,214.3,bf57203fdaf0f91ccecca73cc02286e5c20686be,1294532
autoland,3870186,13,f36c3750a6bc0db1e2bc910e5f3a3acace5985a7,windows10-64-shippable-qr,True,False,,|f|i|s|s|i|o|n| |w|a|r|m| |w|e|b|r|e|n|d|e|r|,102210fe594ee9b33d82058545b1ed14f4c8206e,ContentfulSpeedIndex,amazon,True,amazon ContentfulSpeedIndex opt fission warm webrender,,77,ms,firefox,,1749217085,2023-09-01T15:47:54,219.7,ad7684944accdb72fb27cae1118a774a95ed9c55,1294651
autoland,3870186,13,f36c3750a6bc0db1e2bc910e5f3a3acace5985a7,windows10-64-shippable-qr,True,False,,|f|i|s|s|i|o|n| |w|a|r|m| |w|e|b|r|e|n|d|e|r|,102210fe594ee9b33d82058545b1ed14f4c8206e,ContentfulSpeedIndex,amazon,True,amazon ContentfulSpeedIndex opt fission warm webrender,,77,ms,firefox,,1749528388,2023-09-02T01:00:47,194.9,99eed791079c7b72126fee110226a0f9c519a053,1294900
autoland,3870186,13,f36c3750a6bc0db1e2bc910e5f3a3acace5985a7,windows10-64-shippable-qr,True,False,,|f|i|s|s|i|o|n| |w|a|r|m| |w|e|b|r|e|n|d|e|r|,102210fe594ee9b33d82058545b1ed14f4c8206e,ContentfulSpeedIndex,amazon,True,amazon ContentfulSpeedIndex opt fission warm webrender,,77,ms,firefox,,1749568219,2023-09-02T06:50:37,199.6,0d100cd406fac31edd725aaa2ca36c72593b7207,1294943
autoland,3870186,13,f36c3750a6bc0db1e2bc910e5f3a3acace5985a7,windows10-64-shippable-qr,True,False,,|f|i|s|s|i|o|n| |w|a|r|m| |w|e|b|r|e|n|d|e|r|,102210fe594ee9b33d82058545b1ed14f4c8206e,ContentfulSpeedIndex,amazon,True,amazon ContentfulSpeedIndex opt fission warm webrender,,77,ms,firefox,,1749626136,2023-09-02T11:43:51,207.2,66f85436a9395093f71f506f8cdc16623cbbb38e,1294960
autoland,3870186,13,f36c3750a6bc0db1e2bc910e5f3a3acace5985a7,windows10-64-shippable-qr,True,False,,|f|i|s|s|i|o|n| |w|a|r|m| |w|e|b|r|e|n|d|e|r|,102210fe594ee9b33d82058545b1ed14f4c8206e,ContentfulSpeedIndex,amazon,True,amazon ContentfulSpeedIndex opt fission warm webrender,,77,ms,firefox,,1749652852,2023-09-02T16:16:12,199.1,ee62282ee19c0c3cceebbdb2cd283127260a46d6,1294982
autoland,3870186,13,f36c3750a6bc0db1e2bc910e5f3a3acace5985a7,windows10-64-shippable-qr,True,False,,|f|i|s|s|i|o|n| |w|a|r|m| |w|e|b|r|e|n|d|e|r|,102210fe594ee9b33d82058545b1ed14f4c8206e,ContentfulSpeedIndex,amazon,True,amazon ContentfulSpeedIndex opt fission warm webrender,,77,ms,firefox,,1749843491,2023-09-03T15:28:00,192.7,e2d4c17692b7650a5aefa27823ab8cb72dc06fe6,1295071
autoland,3870186,13,f36c3750a6bc0db1e2bc910e5f3a3acace5985a7,windows10-64-shippable-qr,True,False,,|f|i|s|s|i|o|n| |w|a|r|m| |w|e|b|r|e|n|d|e|r|,102210fe594ee9b33d82058545b1ed14f4c8206e,ContentfulSpeedIndex,amazon,True,amazon ContentfulSpeedIndex opt fission warm webrender,,77,ms,firefox,,1749883824,2023-09-03T17:48:29,200.7,39747a728e31525f254d25d9fa323a491dda5b09,1295079
autoland,3870186,13,f36c3750a6bc0db1e2bc910e5f3a3acace5985a7,windows10-64-shippable-qr,True,False,,|f|i|s|s|i|o|n| |w|a|r|m| |w|e|b|r|e|n|d|e|r|,102210fe594ee9b33d82058545b1ed14f4c8206e,ContentfulSpeedIndex,amazon,True,amazon ContentfulSpeedIndex opt fission warm webrender,,77,ms,firefox,,1749979616,2023-09-04T00:54:15,204.5,9398dc74275ecd37eab02b496051302e67ce059f,1295103
autoland,3870186,13,f36c3750a6bc0db1e2bc910e5f3a3acace5985a7,windows10-64-shippable-qr,True,False,,|f|i|s|s|i|o|n| |w|a|r|m| |w|e|b|r|e|n|d|e|r|,102210fe594ee9b33d82058545b1ed14f4c8206e,ContentfulSpeedIndex,amazon,True,amazon ContentfulSpeedIndex opt fission warm webrender,,77,ms,firefox,,1750044472,2023-09-04T05:09:42,210.7,738c0a460acb30ab2ab419f4c0dc93fa9af200d6,1295121
autoland,3870186,13,f36c3750a6bc0db1e2bc910e5f3a3acace5985a7,windows10-64-shippable-qr,True,False,,|f|i|s|s|i|o|n| |w|a|r|m| |w|e|b|r|e|n|d|e|r|,102210fe594ee9b33d82058545b1ed14f4c8206e,ContentfulSpeedIndex,amazon,True,amazon ContentfulSpeedIndex opt fission warm webrender,,77,ms,firefox,,1750079950,2023-09-04T08:06:31,202.5,5378e223b13ecd8d32d6afddc956d8bdca322ef0,1295171
autoland,3870186,13,f36c3750a6bc0db1e2bc910e5f3a3acace5985a7,windows10-64-shippable-qr,True,False,,|f|i|s|s|i|o|n| |w|a|r|m| |w|e|b|r|e|n|d|e|r|,102210fe594ee9b33d82058545b1ed14f4c8206e,ContentfulSpeedIndex,amazon,True,amazon ContentfulSpeedIndex opt fission warm webrender,,77,ms,firefox,,1750199350,2023-09-04T12:17:38,209.8,16cc1aa2701e0b2cf32665cee19dc11308a4760a,1295286
autoland,3870186,13,f36c3750a6bc0db1e2bc910e5f3a3acace5985a7,windows10-64-shippable-qr,True,False,,|f|i|s|s|i|o|n| |w|a|r|m| |w|e|b|r|e|n|d|e|r|,102210fe594ee9b33d82058545b1ed14f4c8206e,ContentfulSpeedIndex,amazon,True,amazon ContentfulSpeedIndex opt fission warm webrender,,77,ms,firefox,,1750334273,2023-09-04T20:09:20,210.2,2c0ab3a7f1f3e1e095a0175f8a6096d10a311a5a,1295407
autoland,3870186,13,f36c3750a6bc0db1e2bc910e5f3a3acace5985a7,windows10-64-shippable-qr,True,False,,|f|i|s|s|i|o|n| |w|a|r|m| |w|e|b|r|e|n|d|e|r|,102210fe594ee9b33d82058545b1ed14f4c8206e,ContentfulSpeedIndex,amazon,True,amazon ContentfulSpeedIndex opt fission warm webrender,,77,ms,firefox,,1750396019,2023-09-05T01:26:26,213.4,530fe27f752d2f1fa88cd1013b419d7c1ca1a2e0,1295456
autoland,3870186,13,f36c3750a6bc0db1e2bc910e5f3a3acace5985a7,windows10-64-shippable-qr,True,False,,|f|i|s|s|i|o|n| |w|a|r|m| |w|e|b|r|e|n|d|e|r|,102210fe594ee9b33d82058545b1ed14f4c8206e,ContentfulSpeedIndex,amazon,True,amazon ContentfulSpeedIndex opt fission warm webrender,,77,ms,firefox,,1750491039,2023-09-05T06:45:05,205.8,55f5393d14f682f76c2d9f9c857c9f0890ee2a7f,1295504
autoland,3870186,13,f36c3750a6bc0db1e2bc910e5f3a3acace5985a7,windows10-64-shippable-qr,True,False,,|f|i|s|s|i|o|n| |w|a|r|m| |w|e|b|r|e|n|d|e|r|,102210fe594ee9b33d82058545b1ed14f4c8206e,ContentfulSpeedIndex,amazon,True,amazon ContentfulSpeedIndex opt fission warm webrender,,77,ms,firefox,,1750600820,2023-09-05T11:29:45,198.9,27708fc6f6648945c105baa6a5c63f9d62f265b5,1295622
autoland,3870186,13,f36c3750a6bc0db1e2bc910e5f3a3acace5985a7,windows10-64-shippable-qr,True,False,,|f|i|s|s|i|o|n| |w|a|r|m| |w|e|b|r|e|n|d|e|r|,102210fe594ee9b33d82058545b1ed14f4c8206e,ContentfulSpeedIndex,amazon,True,amazon ContentfulSpeedIndex opt fission warm webrender,,77,ms,firefox,,1750618343,2023-09-05T11:45:39,202.1,42d664dd03163fb19554f6e18c4163b8622b4401,1295627
autoland,3870186,13,f36c3750a6bc0db1e2bc910e5f3a3acace5985a7,windows10-64-shippable-qr,True,False,,|f|i|s|s|i|o|n| |w|a|r|m| |w|e|b|r|e|n|d|e|r|,102210fe594ee9b33d82058545b1ed14f4c8206e,ContentfulSpeedIndex,amazon,True,amazon ContentfulSpeedIndex opt fission warm webrender,,77,ms,firefox,,1750698355,2023-09-05T15:46:18,200.2,40053facf08c6ea9bc6a6f5ae223a6faa89ebc08,1295770
autoland,3870186,13,f36c3750a6bc0db1e2bc910e5f3a3acace5985a7,windows10-64-shippable-qr,True,False,,|f|i|s|s|i|o|n| |w|a|r|m| |w|e|b|r|e|n|d|e|r|,102210fe594ee9b33d82058545b1ed14f4c8206e,ContentfulSpeedIndex,amazon,True,amazon ContentfulSpeedIndex opt fission warm webrender,,77,ms,firefox,,1750718097,2023-09-05T16:15:45,198.8,08da3ca498f61eb9acb594038c5e764cfb37d735,1295791
autoland,3870186,13,f36c3750a6bc0db1e2bc910e5f3a3acace5985a7,windows10-64-shippable-qr,True,False,,|f|i|s|s|i|o|n| |w|a|r|m| |w|e|b|r|e|n|d|e|r|,102210fe594ee9b33d82058545b1ed14f4c8206e,ContentfulSpeedIndex,amazon,True,amazon ContentfulSpeedIndex opt fission warm webrender,,77,ms,firefox,,1750856576,2023-09-05T19:25:11,214.5,e6278ccb302b74ca329c17e5d00508b795c54eec,1295926
autoland,3870186,13,f36c3750a6bc0db1e2bc910e5f3a3acace5985a7,windows10-64-shippable-qr,True,False,,|f|i|s|s|i|o|n| |w|a|r|m| |w|e|b|r|e|n|d|e|r|,102210fe594ee9b33d82058545b1ed14f4c8206e,ContentfulSpeedIndex,amazon,True,amazon ContentfulSpeedIndex opt fission warm webrender,,77,ms,firefox,,1750987926,2023-09-05T23:38:09,201.4,b34280e9a0872e3b3f0893cd3bd78bf94b421612,1296071
autoland,3870186,13,f36c3750a6bc0db1e2bc910e5f3a3acace5985a7,windows10-64-shippable-qr,True,False,,|f|i|s|s|i|o|n| |w|a|r|m| |w|e|b|r|e|n|d|e|r|,102210fe594ee9b33d82058545b1ed14f4c8206e,ContentfulSpeedIndex,amazon,True,amazon ContentfulSpeedIndex opt fission warm webrender,,77,ms,firefox,,1751008326,2023-09-06T00:54:53,207.9,ff7e2e9adbc1753b1f3e01a3f2eb8a91bb911418,1296116
autoland,3870186,13,f36c3750a6bc0db1e2bc910e5f3a3acace5985a7,windows10-64-shippable-qr,True,False,,|f|i|s|s|i|o|n| |w|a|r|m| |w|e|b|r|e|n|d|e|r|,102210fe594ee9b33d82058545b1ed14f4c8206e,ContentfulSpeedIndex,amazon,True,amazon ContentfulSpeedIndex opt fission warm webrender,,77,ms,firefox,,1751109355,2023-09-06T05:00:41,208.9,5c56b92baa65aa27df61f84718594767ef8f26f4,1296186
autoland,3870186,13,f36c3750a6bc0db1e2bc910e5f3a3acace5985a7,windows10-64-shippable-qr,True,False,,|f|i|s|s|i|o|n| |w|a|r|m| |w|e|b|r|e|n|d|e|r|,102210fe594ee9b33d82058545b1ed14f4c8206e,ContentfulSpeedIndex,amazon,True,amazon ContentfulSpeedIndex opt fission warm webrender,,77,ms,firefox,,1751271667,2023-09-06T10:31:58,215.3,6631a30338d3de03925f76afd071a29511729440,1296288
autoland,3870186,13,f36c3750a6bc0db1e2bc910e5f3a3acace5985a7,windows10-64-shippable-qr,True,False,,|f|i|s|s|i|o|n| |w|a|r|m| |w|e|b|r|e|n|d|e|r|,102210fe594ee9b33d82058545b1ed14f4c8206e,ContentfulSpeedIndex,amazon,True,amazon ContentfulSpeedIndex opt fission warm webrender,,77,ms,firefox,,1751256745,2023-09-06T11:18:29,209.4,e43370e4259f61e0c264dbcef8b45e2862b3c5e8,1296309
autoland,3870186,13,f36c3750a6bc0db1e2bc910e5f3a3acace5985a7,windows10-64-shippable-qr,True,False,,|f|i|s|s|i|o|n| |w|a|r|m| |w|e|b|r|e|n|d|e|r|,102210fe594ee9b33d82058545b1ed14f4c8206e,ContentfulSpeedIndex,amazon,True,amazon ContentfulSpeedIndex opt fission warm webrender,,77,ms,firefox,,1751654362,2023-09-06T12:46:11,204.3,1efdead581242a06398d33ea25040ec415b4051a,1296355
autoland,3870186,13,f36c3750a6bc0db1e2bc910e5f3a3acace5985a7,windows10-64-shippable-qr,True,False,,|f|i|s|s|i|o|n| |w|a|r|m| |w|e|b|r|e|n|d|e|r|,102210fe594ee9b33d82058545b1ed14f4c8206e,ContentfulSpeedIndex,amazon,True,amazon ContentfulSpeedIndex opt fission warm webrender,,77,ms,firefox,,1751668299,2023-09-06T12:47:02,209.9,90f7ca5b0ec6598e9a3298d82a4a34df06986322,1296356
autoland,3870186,13,f36c3750a6bc0db1e2bc910e5f3a3acace5985a7,windows10-64-shippable-qr,True,False,,|f|i|s|s|i|o|n| |w|a|r|m| |w|e|b|r|e|n|d|e|r|,102210fe594ee9b33d82058545b1ed14f4c8206e,ContentfulSpeedIndex,amazon,True,amazon ContentfulSpeedIndex opt fission warm webrender,,77,ms,firefox,,1751352403,2023-09-06T14:28:21,212.1,0315c2d875ca2a95bbb65ef4a1f7b75f72ed7263,1296418
autoland,3870186,13,f36c3750a6bc0db1e2bc910e5f3a3acace5985a7,windows10-64-shippable-qr,True,False,,|f|i|s|s|i|o|n| |w|a|r|m| |w|e|b|r|e|n|d|e|r|,102210fe594ee9b33d82058545b1ed14f4c8206e,ContentfulSpeedIndex,amazon,True,amazon ContentfulSpeedIndex opt fission warm webrender,,77,ms,firefox,,1751666456,2023-09-06T16:46:52,217.5,0489416a8aec949f888e29303c9bbe21ed1f99e7,1296506
autoland,3870186,13,f36c3750a6bc0db1e2bc910e5f3a3acace5985a7,windows10-64-shippable-qr,True,False,,|f|i|s|s|i|o|n| |w|a|r|m| |w|e|b|r|e|n|d|e|r|,102210fe594ee9b33d82058545b1ed14f4c8206e,ContentfulSpeedIndex,amazon,True,amazon ContentfulSpeedIndex opt fission warm webrender,,77,ms,firefox,,1751608371,2023-09-06T16:49:32,207.1,e7a99f508f56aad179face2013609fc9498d0c8f,1296508
autoland,3870186,13,f36c3750a6bc0db1e2bc910e5f3a3acace5985a7,windows10-64-shippable-qr,True,False,,|f|i|s|s|i|o|n| |w|a|r|m| |w|e|b|r|e|n|d|e|r|,102210fe594ee9b33d82058545b1ed14f4c8206e,ContentfulSpeedIndex,amazon,True,amazon ContentfulSpeedIndex opt fission warm webrender,,77,ms,firefox,,1751404933,2023-09-06T18:00:42,210.5,340378041fcfd986f6c0edb18a81efbc36f930c1,1296561
autoland,3870186,13,f36c3750a6bc0db1e2bc910e5f3a3acace5985a7,windows10-64-shippable-qr,True,False,,|f|i|s|s|i|o|n| |w|a|r|m| |w|e|b|r|e|n|d|e|r|,102210fe594ee9b33d82058545b1ed14f4c8206e,ContentfulSpeedIndex,amazon,True,amazon ContentfulSpeedIndex opt fission warm webrender,,77,ms,firefox,,1751484582,2023-09-06T21:18:27,196.1,6e5768f3fc480965c2b67e5006ad8351d30a27b2,1296699
autoland,3870186,13,f36c3750a6bc0db1e2bc910e5f3a3acace5985a7,windows10-64-shippable-qr,True,False,,|f|i|s|s|i|o|n| |w|a|r|m| |w|e|b|r|e|n|d|e|r|,102210fe594ee9b33d82058545b1ed14f4c8206e,ContentfulSpeedIndex,amazon,True,amazon ContentfulSpeedIndex opt fission warm webrender,,77,ms,firefox,,1751602864,2023-09-07T02:02:33,203.1,172ac46f5fd5a20a001b2cbed27df0ffb44ef6a6,1296842
autoland,3870186,13,f36c3750a6bc0db1e2bc910e5f3a3acace5985a7,windows10-64-shippable-qr,True,False,,|f|i|s|s|i|o|n| |w|a|r|m| |w|e|b|r|e|n|d|e|r|,102210fe594ee9b33d82058545b1ed14f4c8206e,ContentfulSpeedIndex,amazon,True,amazon ContentfulSpeedIndex opt fission warm webrender,,77,ms,firefox,,1751680145,2023-09-07T05:47:53,202.1,c8b40099127c273a58ba6defbe045c55752f0f64,1296880
autoland,3870186,13,f36c3750a6bc0db1e2bc910e5f3a3acace5985a7,windows10-64-shippable-qr,True,False,,|f|i|s|s|i|o|n| |w|a|r|m| |w|e|b|r|e|n|d|e|r|,102210fe594ee9b33d82058545b1ed14f4c8206e,ContentfulSpeedIndex,amazon,True,amazon ContentfulSpeedIndex opt fission warm webrender,,77,ms,firefox,,1751775458,2023-09-07T10:02:59,211.0,72c09a220d986d7af3fa78b07b9b87cd943f9ab5,1296967
autoland,3870186,13,f36c3750a6bc0db1e2bc910e5f3a3acace5985a7,windows10-64-shippable-qr,True,False,,|f|i|s|s|i|o|n| |w|a|r|m| |w|e|b|r|e|n|d|e|r|,102210fe594ee9b33d82058545b1ed14f4c8206e,ContentfulSpeedIndex,amazon,True,amazon ContentfulSpeedIndex opt fission warm webrender,,77,ms,firefox,,1751892919,2023-09-07T12:32:17,210.4,31aee1c71573016a4a40410e1c41adad2304c430,1297037
autoland,3870186,13,f36c3750a6bc0db1e2bc910e5f3a3acace5985a7,windows10-64-shippable-qr,True,False,,|f|i|s|s|i|o|n| |w|a|r|m| |w|e|b|r|e|n|d|e|r|,102210fe594ee9b33d82058545b1ed14f4c8206e,ContentfulSpeedIndex,amazon,True,amazon ContentfulSpeedIndex opt fission warm webrender,,77,ms,firefox,,1751918287,2023-09-07T16:05:38,201.3,be838735b3cf99411aaa287377f080810144f92d,1297179
autoland,3870186,13,f36c3750a6bc0db1e2bc910e5f3a3acace5985a7,windows10-64-shippable-qr,True,False,,|f|i|s|s|i|o|n| |w|a|r|m| |w|e|b|r|e|n|d|e|r|,102210fe594ee9b33d82058545b1ed14f4c8206e,ContentfulSpeedIndex,amazon,True,amazon ContentfulSpeedIndex opt fission warm webrender,,77,ms,firefox,,1752306830,2023-09-07T16:19:54,201.0,83e2fb4331f8fa061470e0f9823cdcdb78eb8a56,1297187
autoland,3870186,13,f36c3750a6bc0db1e2bc910e5f3a3acace5985a7,windows10-64-shippable-qr,True,False,,|f|i|s|s|i|o|n| |w|a|r|m| |w|e|b|r|e|n|d|e|r|,102210fe594ee9b33d82058545b1ed14f4c8206e,ContentfulSpeedIndex,amazon,True,amazon ContentfulSpeedIndex opt fission warm webrender,,77,ms,firefox,,1752067535,2023-09-07T18:57:03,203.0,25b4a7559a80b3970d88de68b2ac92420ca025c8,1297304
autoland,3870186,13,f36c3750a6bc0db1e2bc910e5f3a3acace5985a7,windows10-64-shippable-qr,True,False,,|f|i|s|s|i|o|n| |w|a|r|m| |w|e|b|r|e|n|d|e|r|,102210fe594ee9b33d82058545b1ed14f4c8206e,ContentfulSpeedIndex,amazon,True,amazon ContentfulSpeedIndex opt fission warm webrender,,77,ms,firefox,,1752227292,2023-09-07T23:16:45,204.5,6fb5507c20420498c1ebe5f2b6df35394d980f1c,1297446
autoland,3870186,13,f36c3750a6bc0db1e2bc910e5f3a3acace5985a7,windows10-64-shippable-qr,True,False,,|f|i|s|s|i|o|n| |w|a|r|m| |w|e|b|r|e|n|d|e|r|,102210fe594ee9b33d82058545b1ed14f4c8206e,ContentfulSpeedIndex,amazon,True,amazon ContentfulSpeedIndex opt fission warm webrender,,77,ms,firefox,,1752205565,2023-09-07T23:39:19,206.3,3096b15a785accc50f5e96ad64eed31ebd5ae045,1297453
autoland,3870186,13,f36c3750a6bc0db1e2bc910e5f3a3acace5985a7,windows10-64-shippable-qr,True,False,,|f|i|s|s|i|o|n| |w|a|r|m| |w|e|b|r|e|n|d|e|r|,102210fe594ee9b33d82058545b1ed14f4c8206e,ContentfulSpeedIndex,amazon,True,amazon ContentfulSpeedIndex opt fission warm webrender,,77,ms,firefox,,1752321348,2023-09-08T04:28:36,201.7,9cf29328d69c6278a4d9e184fcf79d33542cb600,1297535
autoland,3870186,13,f36c3750a6bc0db1e2bc910e5f3a3acace5985a7,windows10-64-shippable-qr,True,False,,|f|i|s|s|i|o|n| |w|a|r|m| |w|e|b|r|e|n|d|e|r|,102210fe594ee9b33d82058545b1ed14f4c8206e,ContentfulSpeedIndex,amazon,True,amazon ContentfulSpeedIndex opt fission warm webrender,,77,ms,firefox,,1752384106,2023-09-08T08:33:18,214.5,850826d930dbbaab76c864c8e0c815e741d335ec,1297602
autoland,3870186,13,f36c3750a6bc0db1e2bc910e5f3a3acace5985a7,windows10-64-shippable-qr,True,False,,|f|i|s|s|i|o|n| |w|a|r|m| |w|e|b|r|e|n|d|e|r|,102210fe594ee9b33d82058545b1ed14f4c8206e,ContentfulSpeedIndex,amazon,True,amazon ContentfulSpeedIndex opt fission warm webrender,,77,ms,firefox,,1752494570,2023-09-08T09:52:44,207.3,274b1d437629e97813d0b7fe7e8b4912cf84cf32,1297644
autoland,3870186,13,f36c3750a6bc0db1e2bc910e5f3a3acace5985a7,windows10-64-shippable-qr,True,False,,|f|i|s|s|i|o|n| |w|a|r|m| |w|e|b|r|e|n|d|e|r|,102210fe594ee9b33d82058545b1ed14f4c8206e,ContentfulSpeedIndex,amazon,True,amazon ContentfulSpeedIndex opt fission warm webrender,,77,ms,firefox,,1752607547,2023-09-08T14:14:09,211.0,822367e291b07b889b553a6beaa660fd1d4bf101,1297788
autoland,3870186,13,f36c3750a6bc0db1e2bc910e5f3a3acace5985a7,windows10-64-shippable-qr,True,False,,|f|i|s|s|i|o|n| |w|a|r|m| |w|e|b|r|e|n|d|e|r|,102210fe594ee9b33d82058545b1ed14f4c8206e,ContentfulSpeedIndex,amazon,True,amazon ContentfulSpeedIndex opt fission warm webrender,,77,ms,firefox,,1752620561,2023-09-08T14:59:47,207.8,bde2db6f12ce1100b2bbb4b10916f7be1cf90f3a,1297817
autoland,3870186,13,f36c3750a6bc0db1e2bc910e5f3a3acace5985a7,windows10-64-shippable-qr,True,False,,|f|i|s|s|i|o|n| |w|a|r|m| |w|e|b|r|e|n|d|e|r|,102210fe594ee9b33d82058545b1ed14f4c8206e,ContentfulSpeedIndex,amazon,True,amazon ContentfulSpeedIndex opt fission warm webrender,,77,ms,firefox,,1752700865,2023-09-08T18:04:40,205.4,27b2bca6565fd4a7d724617dc2a06ad4433d5e7d,1297929
autoland,3870186,13,f36c3750a6bc0db1e2bc910e5f3a3acace5985a7,windows10-64-shippable-qr,True,False,,|f|i|s|s|i|o|n| |w|a|r|m| |w|e|b|r|e|n|d|e|r|,102210fe594ee9b33d82058545b1ed14f4c8206e,ContentfulSpeedIndex,amazon,True,amazon ContentfulSpeedIndex opt fission warm webrender,,77,ms,firefox,,1752883365,2023-09-08T22:44:42,196.5,caabab6fd2b88b34f1344af40c555fed0a039949,1298112
autoland,3870186,13,f36c3750a6bc0db1e2bc910e5f3a3acace5985a7,windows10-64-shippable-qr,True,False,,|f|i|s|s|i|o|n| |w|a|r|m| |w|e|b|r|e|n|d|e|r|,102210fe594ee9b33d82058545b1ed14f4c8206e,ContentfulSpeedIndex,amazon,True,amazon ContentfulSpeedIndex opt fission warm webrender,,77,ms,firefox,,1752923238,2023-09-09T01:11:00,225.2,266305ba8989b3072ea042b1a3130ddfb89960e1,1298167
autoland,3870186,13,f36c3750a6bc0db1e2bc910e5f3a3acace5985a7,windows10-64-shippable-qr,True,False,,|f|i|s|s|i|o|n| |w|a|r|m| |w|e|b|r|e|n|d|e|r|,102210fe594ee9b33d82058545b1ed14f4c8206e,ContentfulSpeedIndex,amazon,True,amazon ContentfulSpeedIndex opt fission warm webrender,,77,ms,firefox,,1752976206,2023-09-09T05:59:08,195.1,02f7c436b43f486a8aec92c449f2df1fedf9226a,1298196
autoland,3870186,13,f36c3750a6bc0db1e2bc910e5f3a3acace5985a7,windows10-64-shippable-qr,True,False,,|f|i|s|s|i|o|n| |w|a|r|m| |w|e|b|r|e|n|d|e|r|,102210fe594ee9b33d82058545b1ed14f4c8206e,ContentfulSpeedIndex,amazon,True,amazon ContentfulSpeedIndex opt fission warm webrender,,77,ms,firefox,,1753063279,2023-09-09T12:58:29,209.3,52b4a28cd9d7623a471a02cb994a2aebbd5d7403,1298223
autoland,3870186,13,f36c3750a6bc0db1e2bc910e5f3a3acace5985a7,windows10-64-shippable-qr,True,False,,|f|i|s|s|i|o|n| |w|a|r|m| |w|e|b|r|e|n|d|e|r|,102210fe594ee9b33d82058545b1ed14f4c8206e,ContentfulSpeedIndex,amazon,True,amazon ContentfulSpeedIndex opt fission warm webrender,,77,ms,firefox,,1753204404,2023-09-09T23:18:35,209.6,df18c9cb1487f09a89e27eabbd0819691c70701b,1298263
autoland,3870186,13,f36c3750a6bc0db1e2bc910e5f3a3acace5985a7,windows10-64-shippable-qr,True,False,,|f|i|s|s|i|o|n| |w|a|r|m| |w|e|b|r|e|n|d|e|r|,102210fe594ee9b33d82058545b1ed14f4c8206e,ContentfulSpeedIndex,amazon,True,amazon ContentfulSpeedIndex opt fission warm webrender,,77,ms,firefox,,1753272498,2023-09-10T03:51:10,215.3,7faa89970aed2f2e16f538aba1a7465bb6a5ea20,1298271
autoland,3870186,13,f36c3750a6bc0db1e2bc910e5f3a3acace5985a7,windows10-64-shippable-qr,True,False,,|f|i|s|s|i|o|n| |w|a|r|m| |w|e|b|r|e|n|d|e|r|,102210fe594ee9b33d82058545b1ed14f4c8206e,ContentfulSpeedIndex,amazon,True,amazon ContentfulSpeedIndex opt fission warm webrender,,77,ms,firefox,,1753436968,2023-09-10T10:15:01,208.2,2e1c2dd8ef65a6914ebc4e0bc0a0a274c31e29bc,1298293
autoland,3870186,13,f36c3750a6bc0db1e2bc910e5f3a3acace5985a7,windows10-64-shippable-qr,True,False,,|f|i|s|s|i|o|n| |w|a|r|m| |w|e|b|r|e|n|d|e|r|,102210fe594ee9b33d82058545b1ed14f4c8206e,ContentfulSpeedIndex,amazon,True,amazon ContentfulSpeedIndex opt fission warm webrender,,77,ms,firefox,,1753529136,2023-09-10T12:24:34,204.3,640ad6a53cf88f878095f49f98b720a99c2762bd,1298303
autoland,3870186,13,f36c3750a6bc0db1e2bc910e5f3a3acace5985a7,windows10-64-shippable-qr,True,False,,|f|i|s|s|i|o|n| |w|a|r|m| |w|e|b|r|e|n|d|e|r|,102210fe594ee9b33d82058545b1ed14f4c8206e,ContentfulSpeedIndex,amazon,True,amazon ContentfulSpeedIndex opt fission warm webrender,,77,ms,firefox,,1753627816,2023-09-10T16:24:53,210.8,e91d172728590586e38bc431f3dc779479e365d5,1298313
autoland,3870186,13,f36c3750a6bc0db1e2bc910e5f3a3acace5985a7,windows10-64-shippable-qr,True,False,,|f|i|s|s|i|o|n| |w|a|r|m| |w|e|b|r|e|n|d|e|r|,102210fe594ee9b33d82058545b1ed14f4c8206e,ContentfulSpeedIndex,amazon,True,amazon ContentfulSpeedIndex opt fission warm webrender,,77,ms,firefox,,1753764747,2023-09-10T22:24:39,203.3,fff502a8f26bdfc51eada3cf32107848bff64a76,1298356
autoland,3870186,13,f36c3750a6bc0db1e2bc910e5f3a3acace5985a7,windows10-64-shippable-qr,True,False,,|f|i|s|s|i|o|n| |w|a|r|m| |w|e|b|r|e|n|d|e|r|,102210fe594ee9b33d82058545b1ed14f4c8206e,ContentfulSpeedIndex,amazon,True,amazon ContentfulSpeedIndex opt fission warm webrender,,77,ms,firefox,,1753842465,2023-09-11T04:00:08,209.1,5f5a3f190fdfa0947a671467171ab2b3cee62c38,1298396
autoland,3870186,13,f36c3750a6bc0db1e2bc910e5f3a3acace5985a7,windows10-64-shippable-qr,True,False,,|f|i|s|s|i|o|n| |w|a|r|m| |w|e|b|r|e|n|d|e|r|,102210fe594ee9b33d82058545b1ed14f4c8206e,ContentfulSpeedIndex,amazon,True,amazon ContentfulSpeedIndex opt fission warm webrender,,77,ms,firefox,,1753903016,2023-09-11T08:01:16,208.7,35ae39561912dad340dac47c7c1dc3af6ead952b,1298437
autoland,3870186,13,f36c3750a6bc0db1e2bc910e5f3a3acace5985a7,windows10-64-shippable-qr,True,False,,|f|i|s|s|i|o|n| |w|a|r|m| |w|e|b|r|e|n|d|e|r|,102210fe594ee9b33d82058545b1ed14f4c8206e,ContentfulSpeedIndex,amazon,True,amazon ContentfulSpeedIndex opt fission warm webrender,,77,ms,firefox,,1753988247,2023-09-11T10:09:23,209.0,16a377bb7b5f9713ac6a5fae21ce043c7de7cd67,1298486
autoland,3870186,13,f36c3750a6bc0db1e2bc910e5f3a3acace5985a7,windows10-64-shippable-qr,True,False,,|f|i|s|s|i|o|n| |w|a|r|m| |w|e|b|r|e|n|d|e|r|,102210fe594ee9b33d82058545b1ed14f4c8206e,ContentfulSpeedIndex,amazon,True,amazon ContentfulSpeedIndex opt fission warm webrender,,77,ms,firefox,,1754109621,2023-09-11T13:54:23,203.6,2ea4fd5d517a2b5edf081c9e2ccd8c014f6dc171,1298638
autoland,3870186,13,f36c3750a6bc0db1e2bc910e5f3a3acace5985a7,windows10-64-shippable-qr,True,False,,|f|i|s|s|i|o|n| |w|a|r|m| |w|e|b|r|e|n|d|e|r|,102210fe594ee9b33d82058545b1ed14f4c8206e,ContentfulSpeedIndex,amazon,True,amazon ContentfulSpeedIndex opt fission warm webrender,,77,ms,firefox,,1754444413,2023-09-11T17:41:44,212.1,f28ec98bf27ffbc0952af3f4ff0ffec4218a6554,1298761
autoland,3870186,13,f36c3750a6bc0db1e2bc910e5f3a3acace5985a7,windows10-64-shippable-qr,True,False,,|f|i|s|s|i|o|n| |w|a|r|m| |w|e|b|r|e|n|d|e|r|,102210fe594ee9b33d82058545b1ed14f4c8206e,ContentfulSpeedIndex,amazon,True,amazon ContentfulSpeedIndex opt fission warm webrender,,77,ms,firefox,,1754409769,2023-09-11T21:44:17,210.8,4a10a12f6006582e936c81baefda439d8f078729,1298874
autoland,3870186,13,f36c3750a6bc0db1e2bc910e5f3a3acace5985a7,windows10-64-shippable-qr,True,False,,|f|i|s|s|i|o|n| |w|a|r|m| |w|e|b|r|e|n|d|e|r|,102210fe594ee9b33d82058545b1ed14f4c8206e,ContentfulSpeedIndex,amazon,True,amazon ContentfulSpeedIndex opt fission warm webrender,,77,ms,firefox,,1754403506,2023-09-11T22:07:56,203.1,12882fe96164b756c60fff4549300977b85af06f,1298881
autoland,3870186,13,f36c3750a6bc0db1e2bc910e5f3a3acace5985a7,windows10-64-shippable-qr,True,False,,|f|i|s|s|i|o|n| |w|a|r|m| |w|e|b|r|e|n|d|e|r|,102210fe594ee9b33d82058545b1ed14f4c8206e,ContentfulSpeedIndex,amazon,True,amazon ContentfulSpeedIndex opt fission warm webrender,,77,ms,firefox,,1754553235,2023-09-12T02:35:45,205.9,cdcc536589320caec69ec36416058cd46b8d4178,1298976
autoland,3870186,13,f36c3750a6bc0db1e2bc910e5f3a3acace5985a7,windows10-64-shippable-qr,True,False,,|f|i|s|s|i|o|n| |w|a|r|m| |w|e|b|r|e|n|d|e|r|,102210fe594ee9b33d82058545b1ed14f4c8206e,ContentfulSpeedIndex,amazon,True,amazon ContentfulSpeedIndex opt fission warm webrender,,77,ms,firefox,,1754652102,2023-09-12T07:31:58,209.6,2e2360c55e7b421532f4d12b7a36a0e0f943a1e9,1299027
autoland,3870186,13,f36c3750a6bc0db1e2bc910e5f3a3acace5985a7,windows10-64-shippable-qr,True,False,,|f|i|s|s|i|o|n| |w|a|r|m| |w|e|b|r|e|n|d|e|r|,102210fe594ee9b33d82058545b1ed14f4c8206e,ContentfulSpeedIndex,amazon,True,amazon ContentfulSpeedIndex opt fission warm webrender,,77,ms,firefox,,1754798353,2023-09-12T11:48:24,213.2,4cca882e069d67c3a9a9064ac603b0dca23a5b39,1299122
autoland,3870186,13,f36c3750a6bc0db1e2bc910e5f3a3acace5985a7,windows10-64-shippable-qr,True,False,,|f|i|s|s|i|o|n| |w|a|r|m| |w|e|b|r|e|n|d|e|r|,102210fe594ee9b33d82058545b1ed14f4c8206e,ContentfulSpeedIndex,amazon,True,amazon ContentfulSpeedIndex opt fission warm webrender,,77,ms,firefox,,1755258388,2023-09-12T11:51:18,192.9,291b2b068eff119f82ed59b6c11d63f427f457fa,1299123
autoland,3870186,13,f36c3750a6bc0db1e2bc910e5f3a3acace5985a7,windows10-64-shippable-qr,True,False,,|f|i|s|s|i|o|n| |w|a|r|m| |w|e|b|r|e|n|d|e|r|,102210fe594ee9b33d82058545b1ed14f4c8206e,ContentfulSpeedIndex,amazon,True,amazon ContentfulSpeedIndex opt fission warm webrender,,77,ms,firefox,,1754815732,2023-09-12T12:34:27,212.6,f302f4a5371614cb2d42fbbe4ddfdd068aae146d,1299141
autoland,3870186,13,f36c3750a6bc0db1e2bc910e5f3a3acace5985a7,windows10-64-shippable-qr,True,False,,|f|i|s|s|i|o|n| |w|a|r|m| |w|e|b|r|e|n|d|e|r|,102210fe594ee9b33d82058545b1ed14f4c8206e,ContentfulSpeedIndex,amazon,True,amazon ContentfulSpeedIndex opt fission warm webrender,,77,ms,firefox,,1754997915,2023-09-12T16:35:29,207.9,1b3be6b61583c53c2cb899ffc91c921c022e8162,1299257
autoland,3870186,13,f36c3750a6bc0db1e2bc910e5f3a3acace5985a7,windows10-64-shippable-qr,True,False,,|f|i|s|s|i|o|n| |w|a|r|m| |w|e|b|r|e|n|d|e|r|,102210fe594ee9b33d82058545b1ed14f4c8206e,ContentfulSpeedIndex,amazon,True,amazon ContentfulSpeedIndex opt fission warm webrender,,77,ms,firefox,,1755108356,2023-09-12T17:51:01,209.7,c77f534dc9b99192eca371e3917ffc5b504bd055,1299297
autoland,3870186,13,f36c3750a6bc0db1e2bc910e5f3a3acace5985a7,windows10-64-shippable-qr,True,False,,|f|i|s|s|i|o|n| |w|a|r|m| |w|e|b|r|e|n|d|e|r|,102210fe594ee9b33d82058545b1ed14f4c8206e,ContentfulSpeedIndex,amazon,True,amazon ContentfulSpeedIndex opt fission warm webrender,,77,ms,firefox,,1755223828,2023-09-12T22:44:58,210.5,0339e9d43c22845d7589528bc8a08eee6b2d5c7a,1299446
autoland,3870186,13,f36c3750a6bc0db1e2bc910e5f3a3acace5985a7,windows10-64-shippable-qr,True,False,,|f|i|s|s|i|o|n| |w|a|r|m| |w|e|b|r|e|n|d|e|r|,102210fe594ee9b33d82058545b1ed14f4c8206e,ContentfulSpeedIndex,amazon,True,amazon ContentfulSpeedIndex opt fission warm webrender,,77,ms,firefox,,1755211351,2023-09-12T23:09:22,184.9,d238756ba039d0430074dea8fa1db0c2b75b8184,1299456
autoland,3870186,13,f36c3750a6bc0db1e2bc910e5f3a3acace5985a7,windows10-64-shippable-qr,True,False,,|f|i|s|s|i|o|n| |w|a|r|m| |w|e|b|r|e|n|d|e|r|,102210fe594ee9b33d82058545b1ed14f4c8206e,ContentfulSpeedIndex,amazon,True,amazon ContentfulSpeedIndex opt fission warm webrender,,77,ms,firefox,,1755233874,2023-09-13T03:21:32,202.6,daceab96e9588ecb729cc3648c7980f1d9928ef1,1299496
autoland,3870186,13,f36c3750a6bc0db1e2bc910e5f3a3acace5985a7,windows10-64-shippable-qr,True,False,,|f|i|s|s|i|o|n| |w|a|r|m| |w|e|b|r|e|n|d|e|r|,102210fe594ee9b33d82058545b1ed14f4c8206e,ContentfulSpeedIndex,amazon,True,amazon ContentfulSpeedIndex opt fission warm webrender,,77,ms,firefox,,1755322417,2023-09-13T08:07:28,207.9,00a66a4ea7d34e12302bd63f68a950cbff5a9ffa,1299529
autoland,3870186,13,f36c3750a6bc0db1e2bc910e5f3a3acace5985a7,windows10-64-shippable-qr,True,False,,|f|i|s|s|i|o|n| |w|a|r|m| |w|e|b|r|e|n|d|e|r|,102210fe594ee9b33d82058545b1ed14f4c8206e,ContentfulSpeedIndex,amazon,True,amazon ContentfulSpeedIndex opt fission warm webrender,,77,ms,firefox,,1756097572,2023-09-13T08:35:12,207.5,d495f0f008a3f8e3744708840003854f68717a05,1299543
autoland,3870186,13,f36c3750a6bc0db1e2bc910e5f3a3acace5985a7,windows10-64-shippable-qr,True,False,,|f|i|s|s|i|o|n| |w|a|r|m| |w|e|b|r|e|n|d|e|r|,102210fe594ee9b33d82058545b1ed14f4c8206e,ContentfulSpeedIndex,amazon,True,amazon ContentfulSpeedIndex opt fission warm webrender,,77,ms,firefox,,1756158845,2023-09-13T09:27:08,204.0,553a9965853cc36518deed2d2f9e4141c0e52ead,1299568
autoland,3870186,13,f36c3750a6bc0db1e2bc910e5f3a3acace5985a7,windows10-64-shippable-qr,True,False,,|f|i|s|s|i|o|n| |w|a|r|m| |w|e|b|r|e|n|d|e|r|,102210fe594ee9b33d82058545b1ed14f4c8206e,ContentfulSpeedIndex,amazon,True,amazon ContentfulSpeedIndex opt fission warm webrender,,77,ms,firefox,,1755485081,2023-09-13T11:26:03,212.6,1a4b8c41b3c3efb7f5870fb99730fc6b08a44cc1,1299625
autoland,3870186,13,f36c3750a6bc0db1e2bc910e5f3a3acace5985a7,windows10-64-shippable-qr,True,False,,|f|i|s|s|i|o|n| |w|a|r|m| |w|e|b|r|e|n|d|e|r|,102210fe594ee9b33d82058545b1ed14f4c8206e,ContentfulSpeedIndex,amazon,True,amazon ContentfulSpeedIndex opt fission warm webrender,,77,ms,firefox,,1756067319,2023-09-13T14:30:16,212.4,dc8f31b9bc187dab586c4f70cd2bfc3b0d5d6ae4,1299754
autoland,3870186,13,f36c3750a6bc0db1e2bc910e5f3a3acace5985a7,windows10-64-shippable-qr,True,False,,|f|i|s|s|i|o|n| |w|a|r|m| |w|e|b|r|e|n|d|e|r|,102210fe594ee9b33d82058545b1ed14f4c8206e,ContentfulSpeedIndex,amazon,True,amazon ContentfulSpeedIndex opt fission warm webrender,,77,ms,firefox,,1756073674,2023-09-13T14:34:20,216.8,7ac06c7aba78c22b33f18766dcab08b889a7864c,1299757
autoland,3870186,13,f36c3750a6bc0db1e2bc910e5f3a3acace5985a7,windows10-64-shippable-qr,True,False,,|f|i|s|s|i|o|n| |w|a|r|m| |w|e|b|r|e|n|d|e|r|,102210fe594ee9b33d82058545b1ed14f4c8206e,ContentfulSpeedIndex,amazon,True,amazon ContentfulSpeedIndex opt fission warm webrender,,77,ms,firefox,,1755611552,2023-09-13T15:38:40,211.5,49a7e292daad5c6727d745e6910b8bde5c3f59a6,1299802
autoland,3870186,13,f36c3750a6bc0db1e2bc910e5f3a3acace5985a7,windows10-64-shippable-qr,True,False,,|f|i|s|s|i|o|n| |w|a|r|m| |w|e|b|r|e|n|d|e|r|,102210fe594ee9b33d82058545b1ed14f4c8206e,ContentfulSpeedIndex,amazon,True,amazon ContentfulSpeedIndex opt fission warm webrender,,77,ms,firefox,,1755653395,2023-09-13T16:07:42,206.3,ce9c917d3e22a86f9e2a6fb5d5b68cd6d56fb687,1299823
autoland,3870186,13,f36c3750a6bc0db1e2bc910e5f3a3acace5985a7,windows10-64-shippable-qr,True,False,,|f|i|s|s|i|o|n| |w|a|r|m| |w|e|b|r|e|n|d|e|r|,102210fe594ee9b33d82058545b1ed14f4c8206e,ContentfulSpeedIndex,amazon,True,amazon ContentfulSpeedIndex opt fission warm webrender,,77,ms,firefox,,1755907923,2023-09-13T20:42:18,196.7,ab101a976da356370e4d513e38e73a1fa55b1597,1300022
autoland,3870186,13,f36c3750a6bc0db1e2bc910e5f3a3acace5985a7,windows10-64-shippable-qr,True,False,,|f|i|s|s|i|o|n| |w|a|r|m| |w|e|b|r|e|n|d|e|r|,102210fe594ee9b33d82058545b1ed14f4c8206e,ContentfulSpeedIndex,amazon,True,amazon ContentfulSpeedIndex opt fission warm webrender,,77,ms,firefox,,1756174646,2023-09-13T22:03:21,202.9,fc58fac540690555892621f6baed2284f400b915,1300077
autoland,3870186,13,f36c3750a6bc0db1e2bc910e5f3a3acace5985a7,windows10-64-shippable-qr,True,False,,|f|i|s|s|i|o|n| |w|a|r|m| |w|e|b|r|e|n|d|e|r|,102210fe594ee9b33d82058545b1ed14f4c8206e,ContentfulSpeedIndex,amazon,True,amazon ContentfulSpeedIndex opt fission warm webrender,,77,ms,firefox,,1756180042,2023-09-13T22:40:28,200.9,17e683a390bfaef02374d3553fd9e056c9c15927,1300094
autoland,3870186,13,f36c3750a6bc0db1e2bc910e5f3a3acace5985a7,windows10-64-shippable-qr,True,False,,|f|i|s|s|i|o|n| |w|a|r|m| |w|e|b|r|e|n|d|e|r|,102210fe594ee9b33d82058545b1ed14f4c8206e,ContentfulSpeedIndex,amazon,True,amazon ContentfulSpeedIndex opt fission warm webrender,,77,ms,firefox,,1755925740,2023-09-13T23:14:42,210.9,8f5a11c1eb0b7598d1415f6efa9c360191a423f8,1300119
autoland,3870186,13,f36c3750a6bc0db1e2bc910e5f3a3acace5985a7,windows10-64-shippable-qr,True,False,,|f|i|s|s|i|o|n| |w|a|r|m| |w|e|b|r|e|n|d|e|r|,102210fe594ee9b33d82058545b1ed14f4c8206e,ContentfulSpeedIndex,amazon,True,amazon ContentfulSpeedIndex opt fission warm webrender,,77,ms,firefox,,1756151860,2023-09-14T04:10:41,216.7,c57de172952ed6dfa84943bd2175574e4c87e92b,1300187
autoland,3870186,13,f36c3750a6bc0db1e2bc910e5f3a3acace5985a7,windows10-64-shippable-qr,True,False,,|f|i|s|s|i|o|n| |w|a|r|m| |w|e|b|r|e|n|d|e|r|,102210fe594ee9b33d82058545b1ed14f4c8206e,ContentfulSpeedIndex,amazon,True,amazon ContentfulSpeedIndex opt fission warm webrender,,77,ms,firefox,,1756280911,2023-09-14T09:30:23,211.2,69c7e9b937f817f1bee50511a690a35aa3b49793,1300302
autoland,3870186,13,f36c3750a6bc0db1e2bc910e5f3a3acace5985a7,windows10-64-shippable-qr,True,False,,|f|i|s|s|i|o|n| |w|a|r|m| |w|e|b|r|e|n|d|e|r|,102210fe594ee9b33d82058545b1ed14f4c8206e,ContentfulSpeedIndex,amazon,True,amazon ContentfulSpeedIndex opt fission warm webrender,,77,ms,firefox,,1756491701,2023-09-14T15:44:34,208.1,3b93c8502571e31ff0926a4911fae422c3c2118c,1300523
autoland,3870186,13,f36c3750a6bc0db1e2bc910e5f3a3acace5985a7,windows10-64-shippable-qr,True,False,,|f|i|s|s|i|o|n| |w|a|r|m| |w|e|b|r|e|n|d|e|r|,102210fe594ee9b33d82058545b1ed14f4c8206e,ContentfulSpeedIndex,amazon,True,amazon ContentfulSpeedIndex opt fission warm webrender,,77,ms,firefox,,1756615370,2023-09-14T16:38:11,211.6,98de7bc404c3786a5459a205dea174bdf39d3dbf,1300546
autoland,3870186,13,f36c3750a6bc0db1e2bc910e5f3a3acace5985a7,windows10-64-shippable-qr,True,False,,|f|i|s|s|i|o|n| |w|a|r|m| |w|e|b|r|e|n|d|e|r|,102210fe594ee9b33d82058545b1ed14f4c8206e,ContentfulSpeedIndex,amazon,True,amazon ContentfulSpeedIndex opt fission warm webrender,,77,ms,firefox,,1756690039,2023-09-14T20:51:49,214.5,ecc245e6c1644825a53e0e4085347043a793a40f,1300732
autoland,3870186,13,f36c3750a6bc0db1e2bc910e5f3a3acace5985a7,windows10-64-shippable-qr,True,False,,|f|i|s|s|i|o|n| |w|a|r|m| |w|e|b|r|e|n|d|e|r|,102210fe594ee9b33d82058545b1ed14f4c8206e,ContentfulSpeedIndex,amazon,True,amazon ContentfulSpeedIndex opt fission warm webrender,,77,ms,firefox,,1757548167,2023-09-15T00:25:19,212.4,7bf127e6049ad217b3567e11ce2c53369aa3e9fb,1300840
autoland,3870186,13,f36c3750a6bc0db1e2bc910e5f3a3acace5985a7,windows10-64-shippable-qr,True,False,,|f|i|s|s|i|o|n| |w|a|r|m| |w|e|b|r|e|n|d|e|r|,102210fe594ee9b33d82058545b1ed14f4c8206e,ContentfulSpeedIndex,amazon,True,amazon ContentfulSpeedIndex opt fission warm webrender,,77,ms,firefox,,1756819251,2023-09-15T00:53:43,210.8,cfbd0bd9bc623276a862481e44bd71e1d57e2eac,1300850
autoland,3870186,13,f36c3750a6bc0db1e2bc910e5f3a3acace5985a7,windows10-64-shippable-qr,True,False,,|f|i|s|s|i|o|n| |w|a|r|m| |w|e|b|r|e|n|d|e|r|,102210fe594ee9b33d82058545b1ed14f4c8206e,ContentfulSpeedIndex,amazon,True,amazon ContentfulSpeedIndex opt fission warm webrender,,77,ms,firefox,,1756925209,2023-09-15T06:04:49,210.1,8f99acff4cbc8f25f158dc6ff079042f02768f05,1300927
autoland,3870186,13,f36c3750a6bc0db1e2bc910e5f3a3acace5985a7,windows10-64-shippable-qr,True,False,,|f|i|s|s|i|o|n| |w|a|r|m| |w|e|b|r|e|n|d|e|r|,102210fe594ee9b33d82058545b1ed14f4c8206e,ContentfulSpeedIndex,amazon,True,amazon ContentfulSpeedIndex opt fission warm webrender,,77,ms,firefox,,1757012069,2023-09-15T06:59:31,207.7,0a032c6f1d5da0740059f67c499e0e9f7ab88650,1300939
autoland,3870186,13,f36c3750a6bc0db1e2bc910e5f3a3acace5985a7,windows10-64-shippable-qr,True,False,,|f|i|s|s|i|o|n| |w|a|r|m| |w|e|b|r|e|n|d|e|r|,102210fe594ee9b33d82058545b1ed14f4c8206e,ContentfulSpeedIndex,amazon,True,amazon ContentfulSpeedIndex opt fission warm webrender,,77,ms,firefox,,1757118933,2023-09-15T11:50:44,216.8,29c4aff31f1dc95ad970b23a77b763265f1632c0,1301039
autoland,3870186,13,f36c3750a6bc0db1e2bc910e5f3a3acace5985a7,windows10-64-shippable-qr,True,False,,|f|i|s|s|i|o|n| |w|a|r|m| |w|e|b|r|e|n|d|e|r|,102210fe594ee9b33d82058545b1ed14f4c8206e,ContentfulSpeedIndex,amazon,True,amazon ContentfulSpeedIndex opt fission warm webrender,,77,ms,firefox,,1757203218,2023-09-15T14:51:55,210.2,079079610ac2a41dba72a91cbe2867519e2bc5bd,1301175
autoland,3870186,13,f36c3750a6bc0db1e2bc910e5f3a3acace5985a7,windows10-64-shippable-qr,True,False,,|f|i|s|s|i|o|n| |w|a|r|m| |w|e|b|r|e|n|d|e|r|,102210fe594ee9b33d82058545b1ed14f4c8206e,ContentfulSpeedIndex,amazon,True,amazon ContentfulSpeedIndex opt fission warm webrender,,77,ms,firefox,,1757334641,2023-09-15T17:51:06,198.2,fec6b3b46bc6439ac98e03aa73938deaf6323f5c,1301318
autoland,3870186,13,f36c3750a6bc0db1e2bc910e5f3a3acace5985a7,windows10-64-shippable-qr,True,False,,|f|i|s|s|i|o|n| |w|a|r|m| |w|e|b|r|e|n|d|e|r|,102210fe594ee9b33d82058545b1ed14f4c8206e,ContentfulSpeedIndex,amazon,True,amazon ContentfulSpeedIndex opt fission warm webrender,,77,ms,firefox,,1757352508,2023-09-15T20:04:54,204.8,99357ab2bb639918d2ea0e8f391494df18c24cb9,1301421
autoland,3870186,13,f36c3750a6bc0db1e2bc910e5f3a3acace5985a7,windows10-64-shippable-qr,True,False,,|f|i|s|s|i|o|n| |w|a|r|m| |w|e|b|r|e|n|d|e|r|,102210fe594ee9b33d82058545b1ed14f4c8206e,ContentfulSpeedIndex,amazon,True,amazon ContentfulSpeedIndex opt fission warm webrender,,77,ms,firefox,,1757501385,2023-09-16T00:25:52,208.7,aa4e3903740dfa0ed175c6ff18e57b8fbe82afd7,1301531
autoland,3870186,13,f36c3750a6bc0db1e2bc910e5f3a3acace5985a7,windows10-64-shippable-qr,True,False,,|f|i|s|s|i|o|n| |w|a|r|m| |w|e|b|r|e|n|d|e|r|,102210fe594ee9b33d82058545b1ed14f4c8206e,ContentfulSpeedIndex,amazon,True,amazon ContentfulSpeedIndex opt fission warm webrender,,77,ms,firefox,,1757488939,2023-09-16T00:35:43,202.7,69d0f600b52641dd114b02da128a162f86f09395,1301538
autoland,3870186,13,f36c3750a6bc0db1e2bc910e5f3a3acace5985a7,windows10-64-shippable-qr,True,False,,|f|i|s|s|i|o|n| |w|a|r|m| |w|e|b|r|e|n|d|e|r|,102210fe594ee9b33d82058545b1ed14f4c8206e,ContentfulSpeedIndex,amazon,True,amazon ContentfulSpeedIndex opt fission warm webrender,,77,ms,firefox,,1757568871,2023-09-16T05:54:34,199.1,7fcd45f7f407a0c756c8b8292b1df8d8162cdce6,1301559
autoland,3870186,13,f36c3750a6bc0db1e2bc910e5f3a3acace5985a7,windows10-64-shippable-qr,True,False,,|f|i|s|s|i|o|n| |w|a|r|m| |w|e|b|r|e|n|d|e|r|,102210fe594ee9b33d82058545b1ed14f4c8206e,ContentfulSpeedIndex,amazon,True,amazon ContentfulSpeedIndex opt fission warm webrender,,77,ms,firefox,,1757651822,2023-09-16T12:53:39,192.7,745d8130d1ac2d3e0ae51f2f22896853f0d34479,1301583
autoland,3870186,13,f36c3750a6bc0db1e2bc910e5f3a3acace5985a7,windows10-64-shippable-qr,True,False,,|f|i|s|s|i|o|n| |w|a|r|m| |w|e|b|r|e|n|d|e|r|,102210fe594ee9b33d82058545b1ed14f4c8206e,ContentfulSpeedIndex,amazon,True,amazon ContentfulSpeedIndex opt fission warm webrender,,77,ms,firefox,,1757694699,2023-09-16T18:13:35,205.1,a7bddb715bd51687e4f52876beeb747f6a19cb0d,1301606
autoland,3870186,13,f36c3750a6bc0db1e2bc910e5f3a3acace5985a7,windows10-64-shippable-qr,True,False,,|f|i|s|s|i|o|n| |w|a|r|m| |w|e|b|r|e|n|d|e|r|,102210fe594ee9b33d82058545b1ed14f4c8206e,ContentfulSpeedIndex,amazon,True,amazon ContentfulSpeedIndex opt fission warm webrender,,77,ms,firefox,,1757803539,2023-09-17T06:44:56,209.4,d1558269e35b364c189cb76982dfc3fdd465224b,1301647
autoland,3870186,13,f36c3750a6bc0db1e2bc910e5f3a3acace5985a7,windows10-64-shippable-qr,True,False,,|f|i|s|s|i|o|n| |w|a|r|m| |w|e|b|r|e|n|d|e|r|,102210fe594ee9b33d82058545b1ed14f4c8206e,ContentfulSpeedIndex,amazon,True,amazon ContentfulSpeedIndex opt fission warm webrender,,77,ms,firefox,,1757867032,2023-09-17T09:36:28,207.8,16afd66ac7be7ee4ffc61599d0241c28d47c74c7,1301654
autoland,3870186,13,f36c3750a6bc0db1e2bc910e5f3a3acace5985a7,windows10-64-shippable-qr,True,False,,|f|i|s|s|i|o|n| |w|a|r|m| |w|e|b|r|e|n|d|e|r|,102210fe594ee9b33d82058545b1ed14f4c8206e,ContentfulSpeedIndex,amazon,True,amazon ContentfulSpeedIndex opt fission warm webrender,,77,ms,firefox,,1757920254,2023-09-17T14:36:55,192.8,17a576f280a8e27d78d7247f1f451ca46a64d0f4,1301663
autoland,3870186,13,f36c3750a6bc0db1e2bc910e5f3a3acace5985a7,windows10-64-shippable-qr,True,False,,|f|i|s|s|i|o|n| |w|a|r|m| |w|e|b|r|e|n|d|e|r|,102210fe594ee9b33d82058545b1ed14f4c8206e,ContentfulSpeedIndex,amazon,True,amazon ContentfulSpeedIndex opt fission warm webrender,,77,ms,firefox,,1758028389,2023-09-17T22:46:46,210.1,4333e71e3754938bc5beee5baabbfd6657869bc6,1301700
autoland,3870186,13,f36c3750a6bc0db1e2bc910e5f3a3acace5985a7,windows10-64-shippable-qr,True,False,,|f|i|s|s|i|o|n| |w|a|r|m| |w|e|b|r|e|n|d|e|r|,102210fe594ee9b33d82058545b1ed14f4c8206e,ContentfulSpeedIndex,amazon,True,amazon ContentfulSpeedIndex opt fission warm webrender,,77,ms,firefox,,1758078937,2023-09-18T03:57:39,210.9,d395f485b3a2b96c9d6f47f5167308b763c1891b,1301730
autoland,3870186,13,f36c3750a6bc0db1e2bc910e5f3a3acace5985a7,windows10-64-shippable-qr,True,False,,|f|i|s|s|i|o|n| |w|a|r|m| |w|e|b|r|e|n|d|e|r|,102210fe594ee9b33d82058545b1ed14f4c8206e,ContentfulSpeedIndex,amazon,True,amazon ContentfulSpeedIndex opt fission warm webrender,,77,ms,firefox,,1758294726,2023-09-18T09:50:33,214.6,11fb2a6e434951fbef0791563a159cbbdd42f4c8,1301818
autoland,3870186,13,f36c3750a6bc0db1e2bc910e5f3a3acace5985a7,windows10-64-shippable-qr,True,False,,|f|i|s|s|i|o|n| |w|a|r|m| |w|e|b|r|e|n|d|e|r|,102210fe594ee9b33d82058545b1ed14f4c8206e,ContentfulSpeedIndex,amazon,True,amazon ContentfulSpeedIndex opt fission warm webrender,,77,ms,firefox,,1758396528,2023-09-18T14:45:06,207.0,7a51e2aa7d09aac78f5c93c25c65e83cb1272b7d,1301994
autoland,3870186,13,f36c3750a6bc0db1e2bc910e5f3a3acace5985a7,windows10-64-shippable-qr,True,False,,|f|i|s|s|i|o|n| |w|a|r|m| |w|e|b|r|e|n|d|e|r|,102210fe594ee9b33d82058545b1ed14f4c8206e,ContentfulSpeedIndex,amazon,True,amazon ContentfulSpeedIndex opt fission warm webrender,,77,ms,firefox,,1758604492,2023-09-18T21:05:31,201.1,44aa0c56427a5e659c7bec91e3b608472cb6f763,1302247
autoland,3870186,13,f36c3750a6bc0db1e2bc910e5f3a3acace5985a7,windows10-64-shippable-qr,True,False,,|f|i|s|s|i|o|n| |w|a|r|m| |w|e|b|r|e|n|d|e|r|,102210fe594ee9b33d82058545b1ed14f4c8206e,ContentfulSpeedIndex,amazon,True,amazon ContentfulSpeedIndex opt fission warm webrender,,77,ms,firefox,,1758753674,2023-09-18T21:07:39,214.1,924c329a0e3413e329eeab1cab9a2d1b09dc4711,1302250
autoland,3870186,13,f36c3750a6bc0db1e2bc910e5f3a3acace5985a7,windows10-64-shippable-qr,True,False,,|f|i|s|s|i|o|n| |w|a|r|m| |w|e|b|r|e|n|d|e|r|,102210fe594ee9b33d82058545b1ed14f4c8206e,ContentfulSpeedIndex,amazon,True,amazon ContentfulSpeedIndex opt fission warm webrender,,77,ms,firefox,,1758625573,2023-09-18T22:22:31,213.0,3a523925f8ff99d5984169d7fbae7e4d1fc1cd18,1302316
autoland,3870186,13,f36c3750a6bc0db1e2bc910e5f3a3acace5985a7,windows10-64-shippable-qr,True,False,,|f|i|s|s|i|o|n| |w|a|r|m| |w|e|b|r|e|n|d|e|r|,102210fe594ee9b33d82058545b1ed14f4c8206e,ContentfulSpeedIndex,amazon,True,amazon ContentfulSpeedIndex opt fission warm webrender,,77,ms,firefox,,1758681830,2023-09-19T00:36:20,211.8,b0769fdf63e5e9d7ac3ef647f895b15971a8dc99,1302387
autoland,3870186,13,f36c3750a6bc0db1e2bc910e5f3a3acace5985a7,windows10-64-shippable-qr,True,False,,|f|i|s|s|i|o|n| |w|a|r|m| |w|e|b|r|e|n|d|e|r|,102210fe594ee9b33d82058545b1ed14f4c8206e,ContentfulSpeedIndex,amazon,True,amazon ContentfulSpeedIndex opt fission warm webrender,,77,ms,firefox,,1758742030,2023-09-19T04:53:23,202.0,6589c0d4d3d3aaed578f6d60cc1831f6cdf79b7c,1302461
autoland,3870186,13,f36c3750a6bc0db1e2bc910e5f3a3acace5985a7,windows10-64-shippable-qr,True,False,,|f|i|s|s|i|o|n| |w|a|r|m| |w|e|b|r|e|n|d|e|r|,102210fe594ee9b33d82058545b1ed14f4c8206e,ContentfulSpeedIndex,amazon,True,amazon ContentfulSpeedIndex opt fission warm webrender,,77,ms,firefox,,1758858343,2023-09-19T06:42:05,202.5,0a60f8be5517ddc928471d4a378b46228773fbc5,1302480
autoland,3870186,13,f36c3750a6bc0db1e2bc910e5f3a3acace5985a7,windows10-64-shippable-qr,True,False,,|f|i|s|s|i|o|n| |w|a|r|m| |w|e|b|r|e|n|d|e|r|,102210fe594ee9b33d82058545b1ed14f4c8206e,ContentfulSpeedIndex,amazon,True,amazon ContentfulSpeedIndex opt fission warm webrender,,77,ms,firefox,,1758933021,2023-09-19T10:00:51,208.4,f257c2f8440fe82c3833f2d719a2bf3420df9120,1302573
autoland,3870186,13,f36c3750a6bc0db1e2bc910e5f3a3acace5985a7,windows10-64-shippable-qr,True,False,,|f|i|s|s|i|o|n| |w|a|r|m| |w|e|b|r|e|n|d|e|r|,102210fe594ee9b33d82058545b1ed14f4c8206e,ContentfulSpeedIndex,amazon,True,amazon ContentfulSpeedIndex opt fission warm webrender,,77,ms,firefox,,1759076596,2023-09-19T13:32:40,204.5,dd890d993c3039c40d9a50218bd3284a9810cc85,1302692
autoland,3870186,13,f36c3750a6bc0db1e2bc910e5f3a3acace5985a7,windows10-64-shippable-qr,True,False,,|f|i|s|s|i|o|n| |w|a|r|m| |w|e|b|r|e|n|d|e|r|,102210fe594ee9b33d82058545b1ed14f4c8206e,ContentfulSpeedIndex,amazon,True,amazon ContentfulSpeedIndex opt fission warm webrender,,77,ms,firefox,,1759163377,2023-09-19T16:21:41,199.9,e9e7852ce74f241f2a4f0ffac475410d0ea9a8a4,1302819
autoland,3870186,13,f36c3750a6bc0db1e2bc910e5f3a3acace5985a7,windows10-64-shippable-qr,True,False,,|f|i|s|s|i|o|n| |w|a|r|m| |w|e|b|r|e|n|d|e|r|,102210fe594ee9b33d82058545b1ed14f4c8206e,ContentfulSpeedIndex,amazon,True,amazon ContentfulSpeedIndex opt fission warm webrender,,77,ms,firefox,,1759340148,2023-09-19T20:31:47,206.0,f97675e331c2e3f8e3a7649cb722085b3360163c,1303015
autoland,3870186,13,f36c3750a6bc0db1e2bc910e5f3a3acace5985a7,windows10-64-shippable-qr,True,False,,|f|i|s|s|i|o|n| |w|a|r|m| |w|e|b|r|e|n|d|e|r|,102210fe594ee9b33d82058545b1ed14f4c8206e,ContentfulSpeedIndex,amazon,True,amazon ContentfulSpeedIndex opt fission warm webrender,,77,ms,firefox,,1759349153,2023-09-19T20:45:08,203.4,abf74735208c16d3b467c2acb344f3030fc5aacb,1303026
autoland,3870186,13,f36c3750a6bc0db1e2bc910e5f3a3acace5985a7,windows10-64-shippable-qr,True,False,,|f|i|s|s|i|o|n| |w|a|r|m| |w|e|b|r|e|n|d|e|r|,102210fe594ee9b33d82058545b1ed14f4c8206e,ContentfulSpeedIndex,amazon,True,amazon ContentfulSpeedIndex opt fission warm webrender,,77,ms,firefox,,1759472264,2023-09-20T00:59:14,207.3,71a9b5a8ec8503f993e8d7e8f1b2b98ff57ed283,1303207
autoland,3870186,13,f36c3750a6bc0db1e2bc910e5f3a3acace5985a7,windows10-64-shippable-qr,True,False,,|f|i|s|s|i|o|n| |w|a|r|m| |w|e|b|r|e|n|d|e|r|,102210fe594ee9b33d82058545b1ed14f4c8206e,ContentfulSpeedIndex,amazon,True,amazon ContentfulSpeedIndex opt fission warm webrender,,77,ms,firefox,,1759526984,2023-09-20T05:02:26,205.6,71c800e8074fa9f5e246acbf09097a0f15d4eb09,1303254
autoland,3870186,13,f36c3750a6bc0db1e2bc910e5f3a3acace5985a7,windows10-64-shippable-qr,True,False,,|f|i|s|s|i|o|n| |w|a|r|m| |w|e|b|r|e|n|d|e|r|,102210fe594ee9b33d82058545b1ed14f4c8206e,ContentfulSpeedIndex,amazon,True,amazon ContentfulSpeedIndex opt fission warm webrender,,77,ms,firefox,,1759649161,2023-09-20T09:03:21,208.3,2664490a1b4aeb2b2bd98c81ac43b68b1a24ea2f,1303343
autoland,3870186,13,f36c3750a6bc0db1e2bc910e5f3a3acace5985a7,windows10-64-shippable-qr,True,False,,|f|i|s|s|i|o|n| |w|a|r|m| |w|e|b|r|e|n|d|e|r|,102210fe594ee9b33d82058545b1ed14f4c8206e,ContentfulSpeedIndex,amazon,True,amazon ContentfulSpeedIndex opt fission warm webrender,,77,ms,firefox,,1759797009,2023-09-20T10:40:44,206.4,e11a98968ec15b84dc772d997bc0789a0a078549,1303401
autoland,3870186,13,f36c3750a6bc0db1e2bc910e5f3a3acace5985a7,windows10-64-shippable-qr,True,False,,|f|i|s|s|i|o|n| |w|a|r|m| |w|e|b|r|e|n|d|e|r|,102210fe594ee9b33d82058545b1ed14f4c8206e,ContentfulSpeedIndex,amazon,True,amazon ContentfulSpeedIndex opt fission warm webrender,,77,ms,firefox,,1759911976,2023-09-20T14:03:46,195.8,5baf76c5d8f19d35c8e7710816a726d92cfff8bb,1303541
autoland,3870186,13,f36c3750a6bc0db1e2bc910e5f3a3acace5985a7,windows10-64-shippable-qr,True,False,,|f|i|s|s|i|o|n| |w|a|r|m| |w|e|b|r|e|n|d|e|r|,102210fe594ee9b33d82058545b1ed14f4c8206e,ContentfulSpeedIndex,amazon,True,amazon ContentfulSpeedIndex opt fission warm webrender,,77,ms,firefox,,1760015780,2023-09-20T17:47:40,208.5,07c4a658632d6c11d371f974b56a6365212bef62,1303718
autoland,3870186,13,f36c3750a6bc0db1e2bc910e5f3a3acace5985a7,windows10-64-shippable-qr,True,False,,|f|i|s|s|i|o|n| |w|a|r|m| |w|e|b|r|e|n|d|e|r|,102210fe594ee9b33d82058545b1ed14f4c8206e,ContentfulSpeedIndex,amazon,True,amazon ContentfulSpeedIndex opt fission warm webrender,,77,ms,firefox,,1760098252,2023-09-20T21:06:43,202.7,137b5966e6ec0a63006a36cac0a3f1c4e3f5cefe,1303845
autoland,3870186,13,f36c3750a6bc0db1e2bc910e5f3a3acace5985a7,windows10-64-shippable-qr,True,False,,|f|i|s|s|i|o|n| |w|a|r|m| |w|e|b|r|e|n|d|e|r|,102210fe594ee9b33d82058545b1ed14f4c8206e,ContentfulSpeedIndex,amazon,True,amazon ContentfulSpeedIndex opt fission warm webrender,,77,ms,firefox,,1760136487,2023-09-20T23:02:53,207.3,a94c799a5be0d573f8c654b43966b4b772ded228,1303924
autoland,3870186,13,f36c3750a6bc0db1e2bc910e5f3a3acace5985a7,windows10-64-shippable-qr,True,False,,|f|i|s|s|i|o|n| |w|a|r|m| |w|e|b|r|e|n|d|e|r|,102210fe594ee9b33d82058545b1ed14f4c8206e,ContentfulSpeedIndex,amazon,True,amazon ContentfulSpeedIndex opt fission warm webrender,,77,ms,firefox,,1760257610,2023-09-21T04:47:54,202.7,7c6496f92bb0572d56513d645f3d6201f77a5653,1304025
autoland,3870186,13,f36c3750a6bc0db1e2bc910e5f3a3acace5985a7,windows10-64-shippable-qr,True,False,,|f|i|s|s|i|o|n| |w|a|r|m| |w|e|b|r|e|n|d|e|r|,102210fe594ee9b33d82058545b1ed14f4c8206e,ContentfulSpeedIndex,amazon,True,amazon ContentfulSpeedIndex opt fission warm webrender,,77,ms,firefox,,1760395587,2023-09-21T08:45:10,216.2,e98350675c5a294fe5c7a4138a5b16c4f6992907,1304121
autoland,3870186,13,f36c3750a6bc0db1e2bc910e5f3a3acace5985a7,windows10-64-shippable-qr,True,False,,|f|i|s|s|i|o|n| |w|a|r|m| |w|e|b|r|e|n|d|e|r|,102210fe594ee9b33d82058545b1ed14f4c8206e,ContentfulSpeedIndex,amazon,True,amazon ContentfulSpeedIndex opt fission warm webrender,,77,ms,firefox,,1760586622,2023-09-21T12:54:54,204.5,bd8d8c1ecad7cda50d42ce2dfde7fabc50a48948,1304268
autoland,3870186,13,f36c3750a6bc0db1e2bc910e5f3a3acace5985a7,windows10-64-shippable-qr,True,False,,|f|i|s|s|i|o|n| |w|a|r|m| |w|e|b|r|e|n|d|e|r|,102210fe594ee9b33d82058545b1ed14f4c8206e,ContentfulSpeedIndex,amazon,True,amazon ContentfulSpeedIndex opt fission warm webrender,,77,ms,firefox,,1760565496,2023-09-21T14:02:07,207.5,6e82382700fc8345a06dc3efd346a25826fa1bf2,1304316
autoland,3870186,13,f36c3750a6bc0db1e2bc910e5f3a3acace5985a7,windows10-64-shippable-qr,True,False,,|f|i|s|s|i|o|n| |w|a|r|m| |w|e|b|r|e|n|d|e|r|,102210fe594ee9b33d82058545b1ed14f4c8206e,ContentfulSpeedIndex,amazon,True,amazon ContentfulSpeedIndex opt fission warm webrender,,77,ms,firefox,,1760908228,2023-09-21T15:38:38,206.6,a2d7613e206fa711d809ee5dbffc2bf3ff8c75a4,1304385
autoland,3870186,13,f36c3750a6bc0db1e2bc910e5f3a3acace5985a7,windows10-64-shippable-qr,True,False,,|f|i|s|s|i|o|n| |w|a|r|m| |w|e|b|r|e|n|d|e|r|,102210fe594ee9b33d82058545b1ed14f4c8206e,ContentfulSpeedIndex,amazon,True,amazon ContentfulSpeedIndex opt fission warm webrender,,77,ms,firefox,,1760921154,2023-09-21T15:46:13,215.8,984c001954dbafa02f989a9529a8b8477999ea83,1304391
autoland,3870186,13,f36c3750a6bc0db1e2bc910e5f3a3acace5985a7,windows10-64-shippable-qr,True,False,,|f|i|s|s|i|o|n| |w|a|r|m| |w|e|b|r|e|n|d|e|r|,102210fe594ee9b33d82058545b1ed14f4c8206e,ContentfulSpeedIndex,amazon,True,amazon ContentfulSpeedIndex opt fission warm webrender,,77,ms,firefox,,1760927600,2023-09-21T15:46:13,203.9,984c001954dbafa02f989a9529a8b8477999ea83,1304391
autoland,3870186,13,f36c3750a6bc0db1e2bc910e5f3a3acace5985a7,windows10-64-shippable-qr,True,False,,|f|i|s|s|i|o|n| |w|a|r|m| |w|e|b|r|e|n|d|e|r|,102210fe594ee9b33d82058545b1ed14f4c8206e,ContentfulSpeedIndex,amazon,True,amazon ContentfulSpeedIndex opt fission warm webrender,,77,ms,firefox,,1760944705,2023-09-21T15:48:43,202.1,3dbbf33d280bfd8c07b86b15238bbb6d1e1755db,1304392
autoland,3870186,13,f36c3750a6bc0db1e2bc910e5f3a3acace5985a7,windows10-64-shippable-qr,True,False,,|f|i|s|s|i|o|n| |w|a|r|m| |w|e|b|r|e|n|d|e|r|,102210fe594ee9b33d82058545b1ed14f4c8206e,ContentfulSpeedIndex,amazon,True,amazon ContentfulSpeedIndex opt fission warm webrender,,77,ms,firefox,,1760912866,2023-09-21T16:35:46,210.1,028b2e51863828f9d6a1e00a8c085845e63f72e0,1304430
autoland,3870186,13,f36c3750a6bc0db1e2bc910e5f3a3acace5985a7,windows10-64-shippable-qr,True,False,,|f|i|s|s|i|o|n| |w|a|r|m| |w|e|b|r|e|n|d|e|r|,102210fe594ee9b33d82058545b1ed14f4c8206e,ContentfulSpeedIndex,amazon,True,amazon ContentfulSpeedIndex opt fission warm webrender,,77,ms,firefox,,1760893021,2023-09-21T17:31:33,217.9,c3b23fbbe898130deb34c48569c8e7201ffabffb,1304471
autoland,3870186,13,f36c3750a6bc0db1e2bc910e5f3a3acace5985a7,windows10-64-shippable-qr,True,False,,|f|i|s|s|i|o|n| |w|a|r|m| |w|e|b|r|e|n|d|e|r|,102210fe594ee9b33d82058545b1ed14f4c8206e,ContentfulSpeedIndex,amazon,True,amazon ContentfulSpeedIndex opt fission warm webrender,,77,ms,firefox,,1760702320,2023-09-21T18:54:27,194.7,114bde678f299872db02fe1116ecfd3a7ada9381,1304515
autoland,3870186,13,f36c3750a6bc0db1e2bc910e5f3a3acace5985a7,windows10-64-shippable-qr,True,False,,|f|i|s|s|i|o|n| |w|a|r|m| |w|e|b|r|e|n|d|e|r|,102210fe594ee9b33d82058545b1ed14f4c8206e,ContentfulSpeedIndex,amazon,True,amazon ContentfulSpeedIndex opt fission warm webrender,,77,ms,firefox,,1760711398,2023-09-21T19:19:33,209.9,86fd71ad69b346f713966a8f18ec97a5b99a0aee,1304533
autoland,3870186,13,f36c3750a6bc0db1e2bc910e5f3a3acace5985a7,windows10-64-shippable-qr,True,False,,|f|i|s|s|i|o|n| |w|a|r|m| |w|e|b|r|e|n|d|e|r|,102210fe594ee9b33d82058545b1ed14f4c8206e,ContentfulSpeedIndex,amazon,True,amazon ContentfulSpeedIndex opt fission warm webrender,,77,ms,firefox,,1760807207,2023-09-21T23:47:59,197.6,efa8aa7a4f5484f349595a2c97ba6a2c6f214c66,1304690
autoland,3870186,13,f36c3750a6bc0db1e2bc910e5f3a3acace5985a7,windows10-64-shippable-qr,True,False,,|f|i|s|s|i|o|n| |w|a|r|m| |w|e|b|r|e|n|d|e|r|,102210fe594ee9b33d82058545b1ed14f4c8206e,ContentfulSpeedIndex,amazon,True,amazon ContentfulSpeedIndex opt fission warm webrender,,77,ms,firefox,,1760933806,2023-09-22T04:42:00,212.9,2de4a198348cc150a0c3ce328c42beade9646190,1304767
autoland,3870186,13,f36c3750a6bc0db1e2bc910e5f3a3acace5985a7,windows10-64-shippable-qr,True,False,,|f|i|s|s|i|o|n| |w|a|r|m| |w|e|b|r|e|n|d|e|r|,102210fe594ee9b33d82058545b1ed14f4c8206e,ContentfulSpeedIndex,amazon,True,amazon ContentfulSpeedIndex opt fission warm webrender,,77,ms,firefox,,1761044526,2023-09-22T11:33:15,215.7,6da1ce80e10cc6744801930434a44df21da87140,1304916
autoland,3870186,13,f36c3750a6bc0db1e2bc910e5f3a3acace5985a7,windows10-64-shippable-qr,True,False,,|f|i|s|s|i|o|n| |w|a|r|m| |w|e|b|r|e|n|d|e|r|,102210fe594ee9b33d82058545b1ed14f4c8206e,ContentfulSpeedIndex,amazon,True,amazon ContentfulSpeedIndex opt fission warm webrender,,77,ms,firefox,,1761126706,2023-09-22T15:35:17,208.8,d244d17a8e9ac94aa05c3bf0c2659104c7b15f76,1305037
autoland,3870186,13,f36c3750a6bc0db1e2bc910e5f3a3acace5985a7,windows10-64-shippable-qr,True,False,,|f|i|s|s|i|o|n| |w|a|r|m| |w|e|b|r|e|n|d|e|r|,102210fe594ee9b33d82058545b1ed14f4c8206e,ContentfulSpeedIndex,amazon,True,amazon ContentfulSpeedIndex opt fission warm webrender,,77,ms,firefox,,1761137352,2023-09-22T16:10:00,210.2,aee77156969b7d1f696e8952bc590e1449a16f85,1305065
autoland,3870186,13,f36c3750a6bc0db1e2bc910e5f3a3acace5985a7,windows10-64-shippable-qr,True,False,,|f|i|s|s|i|o|n| |w|a|r|m| |w|e|b|r|e|n|d|e|r|,102210fe594ee9b33d82058545b1ed14f4c8206e,ContentfulSpeedIndex,amazon,True,amazon ContentfulSpeedIndex opt fission warm webrender,,77,ms,firefox,,1761276421,2023-09-22T20:28:01,204.0,80cfc74bb77e6c4abfd0d70c51b274e4b036a05b,1305231
autoland,3870186,13,f36c3750a6bc0db1e2bc910e5f3a3acace5985a7,windows10-64-shippable-qr,True,False,,|f|i|s|s|i|o|n| |w|a|r|m| |w|e|b|r|e|n|d|e|r|,102210fe594ee9b33d82058545b1ed14f4c8206e,ContentfulSpeedIndex,amazon,True,amazon ContentfulSpeedIndex opt fission warm webrender,,77,ms,firefox,,1761316183,2023-09-23T00:28:09,192.8,5ce53217bf3e4d42db88aab74741654bfc634cc8,1305322
autoland,3870186,13,f36c3750a6bc0db1e2bc910e5f3a3acace5985a7,windows10-64-shippable-qr,True,False,,|f|i|s|s|i|o|n| |w|a|r|m| |w|e|b|r|e|n|d|e|r|,102210fe594ee9b33d82058545b1ed14f4c8206e,ContentfulSpeedIndex,amazon,True,amazon ContentfulSpeedIndex opt fission warm webrender,,77,ms,firefox,,1761325414,2023-09-23T00:41:33,218.3,1d9627a1274de78256ecdee1e8058e6b32392404,1305328
autoland,3870186,13,f36c3750a6bc0db1e2bc910e5f3a3acace5985a7,windows10-64-shippable-qr,True,False,,|f|i|s|s|i|o|n| |w|a|r|m| |w|e|b|r|e|n|d|e|r|,102210fe594ee9b33d82058545b1ed14f4c8206e,ContentfulSpeedIndex,amazon,True,amazon ContentfulSpeedIndex opt fission warm webrender,,77,ms,firefox,,1761436997,2023-09-23T16:39:34,210.0,e85748b0b9880ee586b2c155a4d84c1cdf3f31b4,1305402
autoland,3870186,13,f36c3750a6bc0db1e2bc910e5f3a3acace5985a7,windows10-64-shippable-qr,True,False,,|f|i|s|s|i|o|n| |w|a|r|m| |w|e|b|r|e|n|d|e|r|,102210fe594ee9b33d82058545b1ed14f4c8206e,ContentfulSpeedIndex,amazon,True,amazon ContentfulSpeedIndex opt fission warm webrender,,77,ms,firefox,,1761481534,2023-09-23T21:16:13,211.2,f4a2f296a2ea585882f2a2a627c036538eb875b0,1305420
autoland,3870186,13,f36c3750a6bc0db1e2bc910e5f3a3acace5985a7,windows10-64-shippable-qr,True,False,,|f|i|s|s|i|o|n| |w|a|r|m| |w|e|b|r|e|n|d|e|r|,102210fe594ee9b33d82058545b1ed14f4c8206e,ContentfulSpeedIndex,amazon,True,amazon ContentfulSpeedIndex opt fission warm webrender,,77,ms,firefox,,1761683013,2023-09-25T06:00:52,198.3,68035862c82691cc5ad039c1067c1fd24d048350,1305598
autoland,3870186,13,f36c3750a6bc0db1e2bc910e5f3a3acace5985a7,windows10-64-shippable-qr,True,False,,|f|i|s|s|i|o|n| |w|a|r|m| |w|e|b|r|e|n|d|e|r|,102210fe594ee9b33d82058545b1ed14f4c8206e,ContentfulSpeedIndex,amazon,True,amazon ContentfulSpeedIndex opt fission warm webrender,,77,ms,firefox,,1761727466,2023-09-25T08:45:06,206.2,27778dad58d148bf24097e327e55eb3b8631b902,1305656
autoland,3870186,13,f36c3750a6bc0db1e2bc910e5f3a3acace5985a7,windows10-64-shippable-qr,True,False,,|f|i|s|s|i|o|n| |w|a|r|m| |w|e|b|r|e|n|d|e|r|,102210fe594ee9b33d82058545b1ed14f4c8206e,ContentfulSpeedIndex,amazon,True,amazon ContentfulSpeedIndex opt fission warm webrender,,77,ms,firefox,,1762251621,2023-09-25T12:15:51,221.3,a8305ea48b4ca432c6e10ea45d475586512c6037,1305772
autoland,3870186,13,f36c3750a6bc0db1e2bc910e5f3a3acace5985a7,windows10-64-shippable-qr,True,False,,|f|i|s|s|i|o|n| |w|a|r|m| |w|e|b|r|e|n|d|e|r|,102210fe594ee9b33d82058545b1ed14f4c8206e,ContentfulSpeedIndex,amazon,True,amazon ContentfulSpeedIndex opt fission warm webrender,,77,ms,firefox,,1762237413,2023-09-25T12:29:44,207.0,a151165c8ba1e0a95cf626dc3f30b3fab32f12a5,1305784
autoland,3870186,13,f36c3750a6bc0db1e2bc910e5f3a3acace5985a7,windows10-64-shippable-qr,True,False,,|f|i|s|s|i|o|n| |w|a|r|m| |w|e|b|r|e|n|d|e|r|,102210fe594ee9b33d82058545b1ed14f4c8206e,ContentfulSpeedIndex,amazon,True,amazon ContentfulSpeedIndex opt fission warm webrender,,77,ms,firefox,,1762209744,2023-09-25T12:30:33,210.2,7095adada0469a26b7fb47fc05017c5d8b95e1fb,1305789
autoland,3870186,13,f36c3750a6bc0db1e2bc910e5f3a3acace5985a7,windows10-64-shippable-qr,True,False,,|f|i|s|s|i|o|n| |w|a|r|m| |w|e|b|r|e|n|d|e|r|,102210fe594ee9b33d82058545b1ed14f4c8206e,ContentfulSpeedIndex,amazon,True,amazon ContentfulSpeedIndex opt fission warm webrender,,77,ms,firefox,,1762250306,2023-09-25T12:30:33,220.5,7095adada0469a26b7fb47fc05017c5d8b95e1fb,1305789
autoland,3870186,13,f36c3750a6bc0db1e2bc910e5f3a3acace5985a7,windows10-64-shippable-qr,True,False,,|f|i|s|s|i|o|n| |w|a|r|m| |w|e|b|r|e|n|d|e|r|,102210fe594ee9b33d82058545b1ed14f4c8206e,ContentfulSpeedIndex,amazon,True,amazon ContentfulSpeedIndex opt fission warm webrender,,77,ms,firefox,,1761873297,2023-09-25T12:33:35,216.1,9a8976307af6049000ae1a1623fd71bd62850a10,1305791
autoland,3870186,13,f36c3750a6bc0db1e2bc910e5f3a3acace5985a7,windows10-64-shippable-qr,True,False,,|f|i|s|s|i|o|n| |w|a|r|m| |w|e|b|r|e|n|d|e|r|,102210fe594ee9b33d82058545b1ed14f4c8206e,ContentfulSpeedIndex,amazon,True,amazon ContentfulSpeedIndex opt fission warm webrender,,77,ms,firefox,,1762074839,2023-09-25T20:45:54,199.4,6a7f708c3d0458c9b30efa2bdfde6e7812554d1e,1306210
autoland,3870186,13,f36c3750a6bc0db1e2bc910e5f3a3acace5985a7,windows10-64-shippable-qr,True,False,,|f|i|s|s|i|o|n| |w|a|r|m| |w|e|b|r|e|n|d|e|r|,102210fe594ee9b33d82058545b1ed14f4c8206e,ContentfulSpeedIndex,amazon,True,amazon ContentfulSpeedIndex opt fission warm webrender,,77,ms,firefox,,1762143472,2023-09-26T00:20:03,211.7,844608487349450c789be0794a915bb90d90b133,1306338
autoland,3870186,13,f36c3750a6bc0db1e2bc910e5f3a3acace5985a7,windows10-64-shippable-qr,True,False,,|f|i|s|s|i|o|n| |w|a|r|m| |w|e|b|r|e|n|d|e|r|,102210fe594ee9b33d82058545b1ed14f4c8206e,ContentfulSpeedIndex,amazon,True,amazon ContentfulSpeedIndex opt fission warm webrender,,77,ms,firefox,,1762868399,2023-09-26T02:51:20,207.0,956fe894deba1ba357c2699828221cda94a938a0,1306370
autoland,3870186,13,f36c3750a6bc0db1e2bc910e5f3a3acace5985a7,windows10-64-shippable-qr,True,False,,|f|i|s|s|i|o|n| |w|a|r|m| |w|e|b|r|e|n|d|e|r|,102210fe594ee9b33d82058545b1ed14f4c8206e,ContentfulSpeedIndex,amazon,True,amazon ContentfulSpeedIndex opt fission warm webrender,,77,ms,firefox,,1762849464,2023-09-26T02:57:49,197.0,d6b39ea73d85054019ddee8cf425a34c549015d5,1306372
autoland,3870186,13,f36c3750a6bc0db1e2bc910e5f3a3acace5985a7,windows10-64-shippable-qr,True,False,,|f|i|s|s|i|o|n| |w|a|r|m| |w|e|b|r|e|n|d|e|r|,102210fe594ee9b33d82058545b1ed14f4c8206e,ContentfulSpeedIndex,amazon,True,amazon ContentfulSpeedIndex opt fission warm webrender,,77,ms,firefox,,1762216885,2023-09-26T05:18:37,215.4,5c61430973af5452b01293947d0f76b758b97c28,1306392
autoland,3870186,13,f36c3750a6bc0db1e2bc910e5f3a3acace5985a7,windows10-64-shippable-qr,True,False,,|f|i|s|s|i|o|n| |w|a|r|m| |w|e|b|r|e|n|d|e|r|,102210fe594ee9b33d82058545b1ed14f4c8206e,ContentfulSpeedIndex,amazon,True,amazon ContentfulSpeedIndex opt fission warm webrender,,77,ms,firefox,,1762817342,2023-09-26T07:22:43,206.4,0b480081dd33a59f2e3c247ebf9eaa36c90a926a,1306422
autoland,3870186,13,f36c3750a6bc0db1e2bc910e5f3a3acace5985a7,windows10-64-shippable-qr,True,False,,|f|i|s|s|i|o|n| |w|a|r|m| |w|e|b|r|e|n|d|e|r|,102210fe594ee9b33d82058545b1ed14f4c8206e,ContentfulSpeedIndex,amazon,True,amazon ContentfulSpeedIndex opt fission warm webrender,,77,ms,firefox,,1762844699,2023-09-26T07:47:07,203.1,a7382d4a1a052e1b25d2ad2dd2bdbbf16ed3ecd7,1306433
autoland,3870186,13,f36c3750a6bc0db1e2bc910e5f3a3acace5985a7,windows10-64-shippable-qr,True,False,,|f|i|s|s|i|o|n| |w|a|r|m| |w|e|b|r|e|n|d|e|r|,102210fe594ee9b33d82058545b1ed14f4c8206e,ContentfulSpeedIndex,amazon,True,amazon ContentfulSpeedIndex opt fission warm webrender,,77,ms,firefox,,1762328906,2023-09-26T07:48:07,207.6,920e4f82b3485f132edc7f551ecd9334fa702021,1306435
autoland,3870186,13,f36c3750a6bc0db1e2bc910e5f3a3acace5985a7,windows10-64-shippable-qr,True,False,,|f|i|s|s|i|o|n| |w|a|r|m| |w|e|b|r|e|n|d|e|r|,102210fe594ee9b33d82058545b1ed14f4c8206e,ContentfulSpeedIndex,amazon,True,amazon ContentfulSpeedIndex opt fission warm webrender,,77,ms,firefox,,1762417866,2023-09-26T12:02:33,210.5,e60c3407f3620f94624c0ac7484a7d1b257be989,1306598
autoland,3870186,13,f36c3750a6bc0db1e2bc910e5f3a3acace5985a7,windows10-64-shippable-qr,True,False,,|f|i|s|s|i|o|n| |w|a|r|m| |w|e|b|r|e|n|d|e|r|,102210fe594ee9b33d82058545b1ed14f4c8206e,ContentfulSpeedIndex,amazon,True,amazon ContentfulSpeedIndex opt fission warm webrender,,77,ms,firefox,,1762503048,2023-09-26T15:03:48,204.4,f6c351ade4f28a1ce3843d0af7e5ec35b37a3576,1306757
autoland,3870186,13,f36c3750a6bc0db1e2bc910e5f3a3acace5985a7,windows10-64-shippable-qr,True,False,,|f|i|s|s|i|o|n| |w|a|r|m| |w|e|b|r|e|n|d|e|r|,102210fe594ee9b33d82058545b1ed14f4c8206e,ContentfulSpeedIndex,amazon,True,amazon ContentfulSpeedIndex opt fission warm webrender,,77,ms,firefox,,1762656915,2023-09-26T21:35:50,196.7,7a98d860920f5f74014454ce20ec6739e8a16878,1307018
autoland,3870186,13,f36c3750a6bc0db1e2bc910e5f3a3acace5985a7,windows10-64-shippable-qr,True,False,,|f|i|s|s|i|o|n| |w|a|r|m| |w|e|b|r|e|n|d|e|r|,102210fe594ee9b33d82058545b1ed14f4c8206e,ContentfulSpeedIndex,amazon,True,amazon ContentfulSpeedIndex opt fission warm webrender,,77,ms,firefox,,1762753018,2023-09-27T02:35:37,192.9,583cfd323dab818e35dc1f15fa3e92a503e56e11,1307110
autoland,3870186,13,f36c3750a6bc0db1e2bc910e5f3a3acace5985a7,windows10-64-shippable-qr,True,False,,|f|i|s|s|i|o|n| |w|a|r|m| |w|e|b|r|e|n|d|e|r|,102210fe594ee9b33d82058545b1ed14f4c8206e,ContentfulSpeedIndex,amazon,True,amazon ContentfulSpeedIndex opt fission warm webrender,,77,ms,firefox,,1762896386,2023-09-27T06:23:31,205.9,82ae09837aed66d319e3280febbf971a401bd8a6,1307163
autoland,3870186,13,f36c3750a6bc0db1e2bc910e5f3a3acace5985a7,windows10-64-shippable-qr,True,False,,|f|i|s|s|i|o|n| |w|a|r|m| |w|e|b|r|e|n|d|e|r|,102210fe594ee9b33d82058545b1ed14f4c8206e,ContentfulSpeedIndex,amazon,True,amazon ContentfulSpeedIndex opt fission warm webrender,,77,ms,firefox,,1763015755,2023-09-27T10:25:54,203.1,a1a8c2eeff55a4651fa01530fa3ec3ab3bec9b31,1307283
autoland,3870186,13,f36c3750a6bc0db1e2bc910e5f3a3acace5985a7,windows10-64-shippable-qr,True,False,,|f|i|s|s|i|o|n| |w|a|r|m| |w|e|b|r|e|n|d|e|r|,102210fe594ee9b33d82058545b1ed14f4c8206e,ContentfulSpeedIndex,amazon,True,amazon ContentfulSpeedIndex opt fission warm webrender,,77,ms,firefox,,1763045585,2023-09-27T10:32:06,196.7,af764baf74a1dd0e0b863a8cf26c25266bdcbc14,1307289
autoland,3870186,13,f36c3750a6bc0db1e2bc910e5f3a3acace5985a7,windows10-64-shippable-qr,True,False,,|f|i|s|s|i|o|n| |w|a|r|m| |w|e|b|r|e|n|d|e|r|,102210fe594ee9b33d82058545b1ed14f4c8206e,ContentfulSpeedIndex,amazon,True,amazon ContentfulSpeedIndex opt fission warm webrender,,77,ms,firefox,,1763712591,2023-09-27T12:47:16,212.3,980fa29a4d6158b8727d4f95c9acc919dc65d05c,1307354
autoland,3870186,13,f36c3750a6bc0db1e2bc910e5f3a3acace5985a7,windows10-64-shippable-qr,True,False,,|f|i|s|s|i|o|n| |w|a|r|m| |w|e|b|r|e|n|d|e|r|,102210fe594ee9b33d82058545b1ed14f4c8206e,ContentfulSpeedIndex,amazon,True,amazon ContentfulSpeedIndex opt fission warm webrender,,77,ms,firefox,,1763749407,2023-09-27T12:48:19,211.0,b02ccb907221ffc44b9ebee03d8e03282071e929,1307357
autoland,3870186,13,f36c3750a6bc0db1e2bc910e5f3a3acace5985a7,windows10-64-shippable-qr,True,False,,|f|i|s|s|i|o|n| |w|a|r|m| |w|e|b|r|e|n|d|e|r|,102210fe594ee9b33d82058545b1ed14f4c8206e,ContentfulSpeedIndex,amazon,True,amazon ContentfulSpeedIndex opt fission warm webrender,,77,ms,firefox,,1763219471,2023-09-27T14:48:02,210.3,42b4fa32b69deff886ea9bc4f4f7fb94391b751a,1307439
autoland,3870186,13,f36c3750a6bc0db1e2bc910e5f3a3acace5985a7,windows10-64-shippable-qr,True,False,,|f|i|s|s|i|o|n| |w|a|r|m| |w|e|b|r|e|n|d|e|r|,102210fe594ee9b33d82058545b1ed14f4c8206e,ContentfulSpeedIndex,amazon,True,amazon ContentfulSpeedIndex opt fission warm webrender,,77,ms,firefox,,1763311802,2023-09-27T17:53:51,213.9,7768cf51f090145a9009fb37298f3c1da7d60a2f,1307581
autoland,3870186,13,f36c3750a6bc0db1e2bc910e5f3a3acace5985a7,windows10-64-shippable-qr,True,False,,|f|i|s|s|i|o|n| |w|a|r|m| |w|e|b|r|e|n|d|e|r|,102210fe594ee9b33d82058545b1ed14f4c8206e,ContentfulSpeedIndex,amazon,True,amazon ContentfulSpeedIndex opt fission warm webrender,,77,ms,firefox,,1763558594,2023-09-27T23:11:22,215.4,d60788c1a5064d4f45dd33001554cde650df86be,1307771
autoland,3870186,13,f36c3750a6bc0db1e2bc910e5f3a3acace5985a7,windows10-64-shippable-qr,True,False,,|f|i|s|s|i|o|n| |w|a|r|m| |w|e|b|r|e|n|d|e|r|,102210fe594ee9b33d82058545b1ed14f4c8206e,ContentfulSpeedIndex,amazon,True,amazon ContentfulSpeedIndex opt fission warm webrender,,77,ms,firefox,,1763723303,2023-09-28T04:14:46,195.9,d1fc71cc3817fe3529b10939ed53c1d395a346fa,1307836
autoland,3870186,13,f36c3750a6bc0db1e2bc910e5f3a3acace5985a7,windows10-64-shippable-qr,True,False,,|f|i|s|s|i|o|n| |w|a|r|m| |w|e|b|r|e|n|d|e|r|,102210fe594ee9b33d82058545b1ed14f4c8206e,ContentfulSpeedIndex,amazon,True,amazon ContentfulSpeedIndex opt fission warm webrender,,77,ms,firefox,,1763810844,2023-09-28T08:00:04,192.9,d330b8e9f58e1065d1ca63ac5f284f7d1865e83c,1307885
autoland,3870186,13,f36c3750a6bc0db1e2bc910e5f3a3acace5985a7,windows10-64-shippable-qr,True,False,,|f|i|s|s|i|o|n| |w|a|r|m| |w|e|b|r|e|n|d|e|r|,102210fe594ee9b33d82058545b1ed14f4c8206e,ContentfulSpeedIndex,amazon,True,amazon ContentfulSpeedIndex opt fission warm webrender,,77,ms,firefox,,1763897700,2023-09-28T11:44:43,203.8,a5fd40a8bf47afafdda240c7b8f1b1b911d2d937,1308037
autoland,3870186,13,f36c3750a6bc0db1e2bc910e5f3a3acace5985a7,windows10-64-shippable-qr,True,False,,|f|i|s|s|i|o|n| |w|a|r|m| |w|e|b|r|e|n|d|e|r|,102210fe594ee9b33d82058545b1ed14f4c8206e,ContentfulSpeedIndex,amazon,True,amazon ContentfulSpeedIndex opt fission warm webrender,,77,ms,firefox,,1764112771,2023-09-28T15:45:35,203.6,0df79cc60ea0ef86258f3b33d533c75e91805d8b,1308186
autoland,3870186,13,f36c3750a6bc0db1e2bc910e5f3a3acace5985a7,windows10-64-shippable-qr,True,False,,|f|i|s|s|i|o|n| |w|a|r|m| |w|e|b|r|e|n|d|e|r|,102210fe594ee9b33d82058545b1ed14f4c8206e,ContentfulSpeedIndex,amazon,True,amazon ContentfulSpeedIndex opt fission warm webrender,,77,ms,firefox,,1764129399,2023-09-28T16:38:20,208.9,a216736126b15f69ebee5d940a5c3394f95759cb,1308227
autoland,3870186,13,f36c3750a6bc0db1e2bc910e5f3a3acace5985a7,windows10-64-shippable-qr,True,False,,|f|i|s|s|i|o|n| |w|a|r|m| |w|e|b|r|e|n|d|e|r|,102210fe594ee9b33d82058545b1ed14f4c8206e,ContentfulSpeedIndex,amazon,True,amazon ContentfulSpeedIndex opt fission warm webrender,,77,ms,firefox,,1764178157,2023-09-28T19:24:36,198.2,cd324cfaf45936b4670a6c0d15cbfe22d0e2f609,1308380
autoland,3870186,13,f36c3750a6bc0db1e2bc910e5f3a3acace5985a7,windows10-64-shippable-qr,True,False,,|f|i|s|s|i|o|n| |w|a|r|m| |w|e|b|r|e|n|d|e|r|,102210fe594ee9b33d82058545b1ed14f4c8206e,ContentfulSpeedIndex,amazon,True,amazon ContentfulSpeedIndex opt fission warm webrender,,77,ms,firefox,,1764293856,2023-09-28T22:48:25,191.9,72bb9164219d9f54440ccfa7f55dc02f195190f9,1308491
autoland,3870186,13,f36c3750a6bc0db1e2bc910e5f3a3acace5985a7,windows10-64-shippable-qr,True,False,,|f|i|s|s|i|o|n| |w|a|r|m| |w|e|b|r|e|n|d|e|r|,102210fe594ee9b33d82058545b1ed14f4c8206e,ContentfulSpeedIndex,amazon,True,amazon ContentfulSpeedIndex opt fission warm webrender,,77,ms,firefox,,1764517509,2023-09-29T05:26:28,196.4,4fd1c7c2dcf2973c3285d981e74b08dee641a0fc,1308580
autoland,3870186,13,f36c3750a6bc0db1e2bc910e5f3a3acace5985a7,windows10-64-shippable-qr,True,False,,|f|i|s|s|i|o|n| |w|a|r|m| |w|e|b|r|e|n|d|e|r|,102210fe594ee9b33d82058545b1ed14f4c8206e,ContentfulSpeedIndex,amazon,True,amazon ContentfulSpeedIndex opt fission warm webrender,,77,ms,firefox,,1764672652,2023-09-29T09:03:41,213.2,6453cd78e4f187bc198e83900dd9937c3cc6d0fc,1308650
autoland,3870186,13,f36c3750a6bc0db1e2bc910e5f3a3acace5985a7,windows10-64-shippable-qr,True,False,,|f|i|s|s|i|o|n| |w|a|r|m| |w|e|b|r|e|n|d|e|r|,102210fe594ee9b33d82058545b1ed14f4c8206e,ContentfulSpeedIndex,amazon,True,amazon ContentfulSpeedIndex opt fission warm webrender,,77,ms,firefox,,1764829770,2023-09-29T13:06:51,205.1,dfea5c2f2737b0334921941ecd0f5f235432942e,1308761
autoland,3870186,13,f36c3750a6bc0db1e2bc910e5f3a3acace5985a7,windows10-64-shippable-qr,True,False,,|f|i|s|s|i|o|n| |w|a|r|m| |w|e|b|r|e|n|d|e|r|,102210fe594ee9b33d82058545b1ed14f4c8206e,ContentfulSpeedIndex,amazon,True,amazon ContentfulSpeedIndex opt fission warm webrender,,77,ms,firefox,,1764858587,2023-09-29T14:43:48,204.1,e2d3169fc579506294a164827b60ea38b9295bb1,1308803
autoland,3870186,13,f36c3750a6bc0db1e2bc910e5f3a3acace5985a7,windows10-64-shippable-qr,True,False,,|f|i|s|s|i|o|n| |w|a|r|m| |w|e|b|r|e|n|d|e|r|,102210fe594ee9b33d82058545b1ed14f4c8206e,ContentfulSpeedIndex,amazon,True,amazon ContentfulSpeedIndex opt fission warm webrender,,77,ms,firefox,,1765199166,2023-09-29T17:22:14,210.0,51fa8a3c99f0609ebc42be909905d3b3360c6909,1308879
autoland,3870186,13,f36c3750a6bc0db1e2bc910e5f3a3acace5985a7,windows10-64-shippable-qr,True,False,,|f|i|s|s|i|o|n| |w|a|r|m| |w|e|b|r|e|n|d|e|r|,102210fe594ee9b33d82058545b1ed14f4c8206e,ContentfulSpeedIndex,amazon,True,amazon ContentfulSpeedIndex opt fission warm webrender,,77,ms,firefox,,1765233764,2023-09-29T17:23:30,208.2,3677fd4aebcb91190a1d79fc4deeee12bf903671,1308882
autoland,3870186,13,f36c3750a6bc0db1e2bc910e5f3a3acace5985a7,windows10-64-shippable-qr,True,False,,|f|i|s|s|i|o|n| |w|a|r|m| |w|e|b|r|e|n|d|e|r|,102210fe594ee9b33d82058545b1ed14f4c8206e,ContentfulSpeedIndex,amazon,True,amazon ContentfulSpeedIndex opt fission warm webrender,,77,ms,firefox,,1765175946,2023-09-29T17:37:10,203.2,8068f7fac7d44e5f28fec14686fc33ad260de99d,1308888
autoland,3870186,13,f36c3750a6bc0db1e2bc910e5f3a3acace5985a7,windows10-64-shippable-qr,True,False,,|f|i|s|s|i|o|n| |w|a|r|m| |w|e|b|r|e|n|d|e|r|,102210fe594ee9b33d82058545b1ed14f4c8206e,ContentfulSpeedIndex,amazon,True,amazon ContentfulSpeedIndex opt fission warm webrender,,77,ms,firefox,,1765213729,2023-09-29T17:38:01,204.8,dbbfb173932c7a5d8d65faa382f881197bff8d18,1308889
autoland,3870186,13,f36c3750a6bc0db1e2bc910e5f3a3acace5985a7,windows10-64-shippable-qr,True,False,,|f|i|s|s|i|o|n| |w|a|r|m| |w|e|b|r|e|n|d|e|r|,102210fe594ee9b33d82058545b1ed14f4c8206e,ContentfulSpeedIndex,amazon,True,amazon ContentfulSpeedIndex opt fission warm webrender,,77,ms,firefox,,1765194779,2023-09-29T22:04:24,200.3,bcd2222b6b08b09cee468dff6e7f94400e02b303,1309030
autoland,3870186,13,f36c3750a6bc0db1e2bc910e5f3a3acace5985a7,windows10-64-shippable-qr,True,False,,|f|i|s|s|i|o|n| |w|a|r|m| |w|e|b|r|e|n|d|e|r|,102210fe594ee9b33d82058545b1ed14f4c8206e,ContentfulSpeedIndex,amazon,True,amazon ContentfulSpeedIndex opt fission warm webrender,,77,ms,firefox,,1765164812,2023-09-29T22:10:32,206.1,eee85ca883b58f7e7ed94e3a2e4ed573475159d4,1309031
autoland,3870186,13,f36c3750a6bc0db1e2bc910e5f3a3acace5985a7,windows10-64-shippable-qr,True,False,,|f|i|s|s|i|o|n| |w|a|r|m| |w|e|b|r|e|n|d|e|r|,102210fe594ee9b33d82058545b1ed14f4c8206e,ContentfulSpeedIndex,amazon,True,amazon ContentfulSpeedIndex opt fission warm webrender,,77,ms,firefox,,1765226592,2023-09-30T06:24:14,205.8,c0cfc8c5836260ab8706d5b737a4f4f654da4610,1309077
autoland,3870186,13,f36c3750a6bc0db1e2bc910e5f3a3acace5985a7,windows10-64-shippable-qr,True,False,,|f|i|s|s|i|o|n| |w|a|r|m| |w|e|b|r|e|n|d|e|r|,102210fe594ee9b33d82058545b1ed14f4c8206e,ContentfulSpeedIndex,amazon,True,amazon ContentfulSpeedIndex opt fission warm webrender,,77,ms,firefox,,1765333347,2023-09-30T15:09:24,200.6,0d5209658cf41a9d6d9f6c74890ecf69602525c4,1309133
autoland,3870186,13,f36c3750a6bc0db1e2bc910e5f3a3acace5985a7,windows10-64-shippable-qr,True,False,,|f|i|s|s|i|o|n| |w|a|r|m| |w|e|b|r|e|n|d|e|r|,102210fe594ee9b33d82058545b1ed14f4c8206e,ContentfulSpeedIndex,amazon,True,amazon ContentfulSpeedIndex opt fission warm webrender,,77,ms,firefox,,1765349320,2023-09-30T15:56:32,204.9,8c9ba927121cd7f1cb5b31ffb86addc4c34b59a8,1309136
autoland,3870186,13,f36c3750a6bc0db1e2bc910e5f3a3acace5985a7,windows10-64-shippable-qr,True,False,,|f|i|s|s|i|o|n| |w|a|r|m| |w|e|b|r|e|n|d|e|r|,102210fe594ee9b33d82058545b1ed14f4c8206e,ContentfulSpeedIndex,amazon,True,amazon ContentfulSpeedIndex opt fission warm webrender,,77,ms,firefox,,1765392033,2023-09-30T20:01:07,201.2,bacf4fcba00b9d708012b5c8144292e5362ed452,1309152
autoland,3870186,13,f36c3750a6bc0db1e2bc910e5f3a3acace5985a7,windows10-64-shippable-qr,True,False,,|f|i|s|s|i|o|n| |w|a|r|m| |w|e|b|r|e|n|d|e|r|,102210fe594ee9b33d82058545b1ed14f4c8206e,ContentfulSpeedIndex,amazon,True,amazon ContentfulSpeedIndex opt fission warm webrender,,77,ms,firefox,,1765441211,2023-10-01T02:27:22,203.5,b781e655236dff9086d1be5c4b59b0263a9cee56,1309171
autoland,3870186,13,f36c3750a6bc0db1e2bc910e5f3a3acace5985a7,windows10-64-shippable-qr,True,False,,|f|i|s|s|i|o|n| |w|a|r|m| |w|e|b|r|e|n|d|e|r|,102210fe594ee9b33d82058545b1ed14f4c8206e,ContentfulSpeedIndex,amazon,True,amazon ContentfulSpeedIndex opt fission warm webrender,,77,ms,firefox,,1765553204,2023-10-01T15:08:35,195.2,1abb269d873e8bda2c0fa1b4f26f481c89584ca6,1309237
autoland,3870186,13,f36c3750a6bc0db1e2bc910e5f3a3acace5985a7,windows10-64-shippable-qr,True,False,,|f|i|s|s|i|o|n| |w|a|r|m| |w|e|b|r|e|n|d|e|r|,102210fe594ee9b33d82058545b1ed14f4c8206e,ContentfulSpeedIndex,amazon,True,amazon ContentfulSpeedIndex opt fission warm webrender,,77,ms,firefox,,1765590646,2023-10-01T19:57:41,197.5,72adc901a818435f7ba23e492963c7e1bf526be1,1309256
autoland,3870186,13,f36c3750a6bc0db1e2bc910e5f3a3acace5985a7,windows10-64-shippable-qr,True,False,,|f|i|s|s|i|o|n| |w|a|r|m| |w|e|b|r|e|n|d|e|r|,102210fe594ee9b33d82058545b1ed14f4c8206e,ContentfulSpeedIndex,amazon,True,amazon ContentfulSpeedIndex opt fission warm webrender,,77,ms,firefox,,1765614179,2023-10-01T20:03:17,212.1,1c52958ae6ea59e32694986c0d6332b8171aca86,1309258
autoland,3870186,13,f36c3750a6bc0db1e2bc910e5f3a3acace5985a7,windows10-64-shippable-qr,True,False,,|f|i|s|s|i|o|n| |w|a|r|m| |w|e|b|r|e|n|d|e|r|,102210fe594ee9b33d82058545b1ed14f4c8206e,ContentfulSpeedIndex,amazon,True,amazon ContentfulSpeedIndex opt fission warm webrender,,77,ms,firefox,,1765704155,2023-10-02T00:31:45,195.4,55fc90da3cff35171d66e3dcf280575bef8c17a6,1309288
autoland,3870186,13,f36c3750a6bc0db1e2bc910e5f3a3acace5985a7,windows10-64-shippable-qr,True,False,,|f|i|s|s|i|o|n| |w|a|r|m| |w|e|b|r|e|n|d|e|r|,102210fe594ee9b33d82058545b1ed14f4c8206e,ContentfulSpeedIndex,amazon,True,amazon ContentfulSpeedIndex opt fission warm webrender,,77,ms,firefox,,1765907011,2023-10-02T11:08:53,203.4,318059aaa167779fcc844cbf085cb7ffacc47523,1309454
autoland,3870186,13,f36c3750a6bc0db1e2bc910e5f3a3acace5985a7,windows10-64-shippable-qr,True,False,,|f|i|s|s|i|o|n| |w|a|r|m| |w|e|b|r|e|n|d|e|r|,102210fe594ee9b33d82058545b1ed14f4c8206e,ContentfulSpeedIndex,amazon,True,amazon ContentfulSpeedIndex opt fission warm webrender,,77,ms,firefox,,1766446062,2023-10-02T13:23:04,209.3,d4e50ba4e3bb32cd117ee7c751c056f37b00e6f4,1309543
autoland,3870186,13,f36c3750a6bc0db1e2bc910e5f3a3acace5985a7,windows10-64-shippable-qr,True,False,,|f|i|s|s|i|o|n| |w|a|r|m| |w|e|b|r|e|n|d|e|r|,102210fe594ee9b33d82058545b1ed14f4c8206e,ContentfulSpeedIndex,amazon,True,amazon ContentfulSpeedIndex opt fission warm webrender,,77,ms,firefox,,1766486748,2023-10-02T13:24:00,203.3,1404f0f8f3636b099bf2bce17070418ad38f1890,1309544
autoland,3870186,13,f36c3750a6bc0db1e2bc910e5f3a3acace5985a7,windows10-64-shippable-qr,True,False,,|f|i|s|s|i|o|n| |w|a|r|m| |w|e|b|r|e|n|d|e|r|,102210fe594ee9b33d82058545b1ed14f4c8206e,ContentfulSpeedIndex,amazon,True,amazon ContentfulSpeedIndex opt fission warm webrender,,77,ms,firefox,,1766507546,2023-10-02T13:24:51,194.1,ee29ea36851a37d2f52579657e670838c92d0068,1309545
autoland,3870186,13,f36c3750a6bc0db1e2bc910e5f3a3acace5985a7,windows10-64-shippable-qr,True,False,,|f|i|s|s|i|o|n| |w|a|r|m| |w|e|b|r|e|n|d|e|r|,102210fe594ee9b33d82058545b1ed14f4c8206e,ContentfulSpeedIndex,amazon,True,amazon ContentfulSpeedIndex opt fission warm webrender,,77,ms,firefox,,1766110967,2023-10-02T16:59:31,214.3,db33a2d0d6c36f0c15318f1c5ffaa7498a1ee4f3,1309721
autoland,3870186,13,f36c3750a6bc0db1e2bc910e5f3a3acace5985a7,windows10-64-shippable-qr,True,False,,|f|i|s|s|i|o|n| |w|a|r|m| |w|e|b|r|e|n|d|e|r|,102210fe594ee9b33d82058545b1ed14f4c8206e,ContentfulSpeedIndex,amazon,True,amazon ContentfulSpeedIndex opt fission warm webrender,,77,ms,firefox,,1766158810,2023-10-02T20:46:43,195.6,0435b7e1340f2ced37216f0dd2fbf09a0a8f2cad,1309872
autoland,3870186,13,f36c3750a6bc0db1e2bc910e5f3a3acace5985a7,windows10-64-shippable-qr,True,False,,|f|i|s|s|i|o|n| |w|a|r|m| |w|e|b|r|e|n|d|e|r|,102210fe594ee9b33d82058545b1ed14f4c8206e,ContentfulSpeedIndex,amazon,True,amazon ContentfulSpeedIndex opt fission warm webrender,,77,ms,firefox,,1766445273,2023-10-03T05:01:50,215.4,53af11a26cb69e0616d9f481f988276e0a6da93e,1310080
autoland,3870186,13,f36c3750a6bc0db1e2bc910e5f3a3acace5985a7,windows10-64-shippable-qr,True,False,,|f|i|s|s|i|o|n| |w|a|r|m| |w|e|b|r|e|n|d|e|r|,102210fe594ee9b33d82058545b1ed14f4c8206e,ContentfulSpeedIndex,amazon,True,amazon ContentfulSpeedIndex opt fission warm webrender,,77,ms,firefox,,1766728194,2023-10-03T11:04:59,190.8,f003c74ca9f9399bc6db342491d997d682efc357,1310236
autoland,3870186,13,f36c3750a6bc0db1e2bc910e5f3a3acace5985a7,windows10-64-shippable-qr,True,False,,|f|i|s|s|i|o|n| |w|a|r|m| |w|e|b|r|e|n|d|e|r|,102210fe594ee9b33d82058545b1ed14f4c8206e,ContentfulSpeedIndex,amazon,True,amazon ContentfulSpeedIndex opt fission warm webrender,,77,ms,firefox,,1766752551,2023-10-03T12:29:11,206.8,e17d7235b6833e36a524263990347804df15c7fb,1310274
autoland,3870186,13,f36c3750a6bc0db1e2bc910e5f3a3acace5985a7,windows10-64-shippable-qr,True,False,,|f|i|s|s|i|o|n| |w|a|r|m| |w|e|b|r|e|n|d|e|r|,102210fe594ee9b33d82058545b1ed14f4c8206e,ContentfulSpeedIndex,amazon,True,amazon ContentfulSpeedIndex opt fission warm webrender,,77,ms,firefox,,1767288650,2023-10-03T15:17:19,203.1,b3b1aa7e76bca656376581afa36895bcaf2c2bca,1310382
autoland,3870186,13,f36c3750a6bc0db1e2bc910e5f3a3acace5985a7,windows10-64-shippable-qr,True,False,,|f|i|s|s|i|o|n| |w|a|r|m| |w|e|b|r|e|n|d|e|r|,102210fe594ee9b33d82058545b1ed14f4c8206e,ContentfulSpeedIndex,amazon,True,amazon ContentfulSpeedIndex opt fission warm webrender,,77,ms,firefox,,1767358645,2023-10-03T15:19:21,200.9,226b3a89b9be28eabc8c9c4dfebb5eac585c4a66,1310384
autoland,3870186,13,f36c3750a6bc0db1e2bc910e5f3a3acace5985a7,windows10-64-shippable-qr,True,False,,|f|i|s|s|i|o|n| |w|a|r|m| |w|e|b|r|e|n|d|e|r|,102210fe594ee9b33d82058545b1ed14f4c8206e,ContentfulSpeedIndex,amazon,True,amazon ContentfulSpeedIndex opt fission warm webrender,,77,ms,firefox,,1766992610,2023-10-03T16:51:48,204.8,b93578d846b3af884d0a623f8ce43e0183c8307f,1310439
autoland,3870186,13,f36c3750a6bc0db1e2bc910e5f3a3acace5985a7,windows10-64-shippable-qr,True,False,,|f|i|s|s|i|o|n| |w|a|r|m| |w|e|b|r|e|n|d|e|r|,102210fe594ee9b33d82058545b1ed14f4c8206e,ContentfulSpeedIndex,amazon,True,amazon ContentfulSpeedIndex opt fission warm webrender,,77,ms,firefox,,1767326537,2023-10-03T18:59:16,214.0,629886ef61b65a57dcc4e49625313b4c6b8c8b7e,1310533
autoland,3870186,13,f36c3750a6bc0db1e2bc910e5f3a3acace5985a7,windows10-64-shippable-qr,True,False,,|f|i|s|s|i|o|n| |w|a|r|m| |w|e|b|r|e|n|d|e|r|,102210fe594ee9b33d82058545b1ed14f4c8206e,ContentfulSpeedIndex,amazon,True,amazon ContentfulSpeedIndex opt fission warm webrender,,77,ms,firefox,,1767140490,2023-10-04T00:09:44,200.1,3fb508020251d2cb191f2d62714da25ec3f35118,1310704
autoland,3870186,13,f36c3750a6bc0db1e2bc910e5f3a3acace5985a7,windows10-64-shippable-qr,True,False,,|f|i|s|s|i|o|n| |w|a|r|m| |w|e|b|r|e|n|d|e|r|,102210fe594ee9b33d82058545b1ed14f4c8206e,ContentfulSpeedIndex,amazon,True,amazon ContentfulSpeedIndex opt fission warm webrender,,77,ms,firefox,,1767298221,2023-10-04T04:52:48,202.2,413c83e8ccdad48a5ea3e58243d8ec9bb8c317fd,1310758
autoland,3870186,13,f36c3750a6bc0db1e2bc910e5f3a3acace5985a7,windows10-64-shippable-qr,True,False,,|f|i|s|s|i|o|n| |w|a|r|m| |w|e|b|r|e|n|d|e|r|,102210fe594ee9b33d82058545b1ed14f4c8206e,ContentfulSpeedIndex,amazon,True,amazon ContentfulSpeedIndex opt fission warm webrender,,77,ms,firefox,,1767416137,2023-10-04T07:37:17,199.7,ee60a98b1285e84f8466d929dd7197b4cb9e3beb,1310806
autoland,3870186,13,f36c3750a6bc0db1e2bc910e5f3a3acace5985a7,windows10-64-shippable-qr,True,False,,|f|i|s|s|i|o|n| |w|a|r|m| |w|e|b|r|e|n|d|e|r|,102210fe594ee9b33d82058545b1ed14f4c8206e,ContentfulSpeedIndex,amazon,True,amazon ContentfulSpeedIndex opt fission warm webrender,,77,ms,firefox,,1768113673,2023-10-04T09:49:47,205.4,1c1b0e052b07035c225a9cfda5aa8f87ea21e372,1310877
autoland,3870186,13,f36c3750a6bc0db1e2bc910e5f3a3acace5985a7,windows10-64-shippable-qr,True,False,,|f|i|s|s|i|o|n| |w|a|r|m| |w|e|b|r|e|n|d|e|r|,102210fe594ee9b33d82058545b1ed14f4c8206e,ContentfulSpeedIndex,amazon,True,amazon ContentfulSpeedIndex opt fission warm webrender,,77,ms,firefox,,1768109120,2023-10-04T09:51:53,192.5,5bf3ad80b3ec559fbfff98aed41d9b68c097f72a,1310879
autoland,3870186,13,f36c3750a6bc0db1e2bc910e5f3a3acace5985a7,windows10-64-shippable-qr,True,False,,|f|i|s|s|i|o|n| |w|a|r|m| |w|e|b|r|e|n|d|e|r|,102210fe594ee9b33d82058545b1ed14f4c8206e,ContentfulSpeedIndex,amazon,True,amazon ContentfulSpeedIndex opt fission warm webrender,,77,ms,firefox,,1767586328,2023-10-04T11:43:59,193.8,c559095402a2380ba171d9c60662e36c8d5e948d,1310929
autoland,3870186,13,f36c3750a6bc0db1e2bc910e5f3a3acace5985a7,windows10-64-shippable-qr,True,False,,|f|i|s|s|i|o|n| |w|a|r|m| |w|e|b|r|e|n|d|e|r|,102210fe594ee9b33d82058545b1ed14f4c8206e,ContentfulSpeedIndex,amazon,True,amazon ContentfulSpeedIndex opt fission warm webrender,,77,ms,firefox,,1767662343,2023-10-04T13:35:26,199.3,764533656770292f05824c8125c45832ba08baa6,1311025
autoland,3870186,13,f36c3750a6bc0db1e2bc910e5f3a3acace5985a7,windows10-64-shippable-qr,True,False,,|f|i|s|s|i|o|n| |w|a|r|m| |w|e|b|r|e|n|d|e|r|,102210fe594ee9b33d82058545b1ed14f4c8206e,ContentfulSpeedIndex,amazon,True,amazon ContentfulSpeedIndex opt fission warm webrender,,77,ms,firefox,,1767767529,2023-10-04T16:58:39,198.4,ce4c0f200f3bbd6681a6313aebf0d64f7ea8afe5,1311191
autoland,3870186,13,f36c3750a6bc0db1e2bc910e5f3a3acace5985a7,windows10-64-shippable-qr,True,False,,|f|i|s|s|i|o|n| |w|a|r|m| |w|e|b|r|e|n|d|e|r|,102210fe594ee9b33d82058545b1ed14f4c8206e,ContentfulSpeedIndex,amazon,True,amazon ContentfulSpeedIndex opt fission warm webrender,,77,ms,firefox,,1767913063,2023-10-04T20:54:48,210.6,e557eb7d97ce665fd81c680ed136877f12572c13,1311395
autoland,3870186,13,f36c3750a6bc0db1e2bc910e5f3a3acace5985a7,windows10-64-shippable-qr,True,False,,|f|i|s|s|i|o|n| |w|a|r|m| |w|e|b|r|e|n|d|e|r|,102210fe594ee9b33d82058545b1ed14f4c8206e,ContentfulSpeedIndex,amazon,True,amazon ContentfulSpeedIndex opt fission warm webrender,,77,ms,firefox,,1768023614,2023-10-05T00:01:56,195.9,59f4df7189285072039d3a68afd88090443edb71,1311536
autoland,3870186,13,f36c3750a6bc0db1e2bc910e5f3a3acace5985a7,windows10-64-shippable-qr,True,False,,|f|i|s|s|i|o|n| |w|a|r|m| |w|e|b|r|e|n|d|e|r|,102210fe594ee9b33d82058545b1ed14f4c8206e,ContentfulSpeedIndex,amazon,True,amazon ContentfulSpeedIndex opt fission warm webrender,,77,ms,firefox,,1768092385,2023-10-05T04:15:14,198.4,c406ccc1889d7f77e187d219bc9800009e26c02e,1311596
autoland,3870186,13,f36c3750a6bc0db1e2bc910e5f3a3acace5985a7,windows10-64-shippable-qr,True,False,,|f|i|s|s|i|o|n| |w|a|r|m| |w|e|b|r|e|n|d|e|r|,102210fe594ee9b33d82058545b1ed14f4c8206e,ContentfulSpeedIndex,amazon,True,amazon ContentfulSpeedIndex opt fission warm webrender,,77,ms,firefox,,1768186502,2023-10-05T08:15:44,200.5,526604ee2cd434fcf94020c1c8b6b96d253a6e83,1311663
autoland,3870186,13,f36c3750a6bc0db1e2bc910e5f3a3acace5985a7,windows10-64-shippable-qr,True,False,,|f|i|s|s|i|o|n| |w|a|r|m| |w|e|b|r|e|n|d|e|r|,102210fe594ee9b33d82058545b1ed14f4c8206e,ContentfulSpeedIndex,amazon,True,amazon ContentfulSpeedIndex opt fission warm webrender,,77,ms,firefox,,1768245514,2023-10-05T08:43:24,205.2,352fa7471fb72db127fc25a7723d201abec7bd50,1311677
autoland,3870186,13,f36c3750a6bc0db1e2bc910e5f3a3acace5985a7,windows10-64-shippable-qr,True,False,,|f|i|s|s|i|o|n| |w|a|r|m| |w|e|b|r|e|n|d|e|r|,102210fe594ee9b33d82058545b1ed14f4c8206e,ContentfulSpeedIndex,amazon,True,amazon ContentfulSpeedIndex opt fission warm webrender,,77,ms,firefox,,1768493821,2023-10-05T13:03:19,199.3,071a248f1589b12a9d492997caf012ac6a813d61,1311840
autoland,3870186,13,f36c3750a6bc0db1e2bc910e5f3a3acace5985a7,windows10-64-shippable-qr,True,False,,|f|i|s|s|i|o|n| |w|a|r|m| |w|e|b|r|e|n|d|e|r|,102210fe594ee9b33d82058545b1ed14f4c8206e,ContentfulSpeedIndex,amazon,True,amazon ContentfulSpeedIndex opt fission warm webrender,,77,ms,firefox,,1768433847,2023-10-05T14:07:33,189.9,38a59b940c35dfab50ff2deda3fe6f27bfa99213,1311899
autoland,3870186,13,f36c3750a6bc0db1e2bc910e5f3a3acace5985a7,windows10-64-shippable-qr,True,False,,|f|i|s|s|i|o|n| |w|a|r|m| |w|e|b|r|e|n|d|e|r|,102210fe594ee9b33d82058545b1ed14f4c8206e,ContentfulSpeedIndex,amazon,True,amazon ContentfulSpeedIndex opt fission warm webrender,,77,ms,firefox,,1768686549,2023-10-05T17:18:24,205.0,def7651a06fb17bb344eaf48cc6daa6047be722e,1312069
autoland,3870186,13,f36c3750a6bc0db1e2bc910e5f3a3acace5985a7,windows10-64-shippable-qr,True,False,,|f|i|s|s|i|o|n| |w|a|r|m| |w|e|b|r|e|n|d|e|r|,102210fe594ee9b33d82058545b1ed14f4c8206e,ContentfulSpeedIndex,amazon,True,amazon ContentfulSpeedIndex opt fission warm webrender,,77,ms,firefox,,1768788695,2023-10-05T19:49:01,213.0,5cb270a4e6b6f0aa6cd6865b7f8daf75ad10263c,1312160
autoland,3870186,13,f36c3750a6bc0db1e2bc910e5f3a3acace5985a7,windows10-64-shippable-qr,True,False,,|f|i|s|s|i|o|n| |w|a|r|m| |w|e|b|r|e|n|d|e|r|,102210fe594ee9b33d82058545b1ed14f4c8206e,ContentfulSpeedIndex,amazon,True,amazon ContentfulSpeedIndex opt fission warm webrender,,77,ms,firefox,,1768929553,2023-10-06T01:08:36,202.0,461a9c98a535b9896e9d394bdfee72ce90cf7afd,1312319
autoland,3870186,13,f36c3750a6bc0db1e2bc910e5f3a3acace5985a7,windows10-64-shippable-qr,True,False,,|f|i|s|s|i|o|n| |w|a|r|m| |w|e|b|r|e|n|d|e|r|,102210fe594ee9b33d82058545b1ed14f4c8206e,ContentfulSpeedIndex,amazon,True,amazon ContentfulSpeedIndex opt fission warm webrender,,77,ms,firefox,,1769048476,2023-10-06T04:02:35,205.4,055e1badb79853e71fe9123f8e0c60a4381a1239,1312369
autoland,3870186,13,f36c3750a6bc0db1e2bc910e5f3a3acace5985a7,windows10-64-shippable-qr,True,False,,|f|i|s|s|i|o|n| |w|a|r|m| |w|e|b|r|e|n|d|e|r|,102210fe594ee9b33d82058545b1ed14f4c8206e,ContentfulSpeedIndex,amazon,True,amazon ContentfulSpeedIndex opt fission warm webrender,,77,ms,firefox,,1769234623,2023-10-06T08:43:18,196.2,00b027478170756439b780282f9cfdf15edea985,1312452
autoland,3870186,13,f36c3750a6bc0db1e2bc910e5f3a3acace5985a7,windows10-64-shippable-qr,True,False,,|f|i|s|s|i|o|n| |w|a|r|m| |w|e|b|r|e|n|d|e|r|,102210fe594ee9b33d82058545b1ed14f4c8206e,ContentfulSpeedIndex,amazon,True,amazon ContentfulSpeedIndex opt fission warm webrender,,77,ms,firefox,,1769247144,2023-10-06T12:06:22,201.2,9b362770f30bc360df921ba24ace5de8c387e631,1312537
autoland,3870186,13,f36c3750a6bc0db1e2bc910e5f3a3acace5985a7,windows10-64-shippable-qr,True,False,,|f|i|s|s|i|o|n| |w|a|r|m| |w|e|b|r|e|n|d|e|r|,102210fe594ee9b33d82058545b1ed14f4c8206e,ContentfulSpeedIndex,amazon,True,amazon ContentfulSpeedIndex opt fission warm webrender,,77,ms,firefox,,1769632887,2023-10-06T13:46:53,204.2,8de2cc7842d02711e15c523c1ef655d13a93d459,1312613
autoland,3870186,13,f36c3750a6bc0db1e2bc910e5f3a3acace5985a7,windows10-64-shippable-qr,True,False,,|f|i|s|s|i|o|n| |w|a|r|m| |w|e|b|r|e|n|d|e|r|,102210fe594ee9b33d82058545b1ed14f4c8206e,ContentfulSpeedIndex,amazon,True,amazon ContentfulSpeedIndex opt fission warm webrender,,77,ms,firefox,,1769643026,2023-10-06T13:56:34,200.7,200aa4c0347a88e2cc21215f1cbe2441ea2feed1,1312619
autoland,3870186,13,f36c3750a6bc0db1e2bc910e5f3a3acace5985a7,windows10-64-shippable-qr,True,False,,|f|i|s|s|i|o|n| |w|a|r|m| |w|e|b|r|e|n|d|e|r|,102210fe594ee9b33d82058545b1ed14f4c8206e,ContentfulSpeedIndex,amazon,True,amazon ContentfulSpeedIndex opt fission warm webrender,,77,ms,firefox,,1769435553,2023-10-06T19:00:40,205.2,c561ffa6099b97fd965811d77fd98de66c44d32b,1312844
autoland,3870186,13,f36c3750a6bc0db1e2bc910e5f3a3acace5985a7,windows10-64-shippable-qr,True,False,,|f|i|s|s|i|o|n| |w|a|r|m| |w|e|b|r|e|n|d|e|r|,102210fe594ee9b33d82058545b1ed14f4c8206e,ContentfulSpeedIndex,amazon,True,amazon ContentfulSpeedIndex opt fission warm webrender,,77,ms,firefox,,1769540558,2023-10-06T23:09:23,202.5,1d25ed23e85a3a9d0d9117997337757d0ff718a2,1312997
autoland,3870186,13,f36c3750a6bc0db1e2bc910e5f3a3acace5985a7,windows10-64-shippable-qr,True,False,,|f|i|s|s|i|o|n| |w|a|r|m| |w|e|b|r|e|n|d|e|r|,102210fe594ee9b33d82058545b1ed14f4c8206e,ContentfulSpeedIndex,amazon,True,amazon ContentfulSpeedIndex opt fission warm webrender,,77,ms,firefox,,1769606380,2023-10-07T03:35:30,195.6,4db29be9ee2947a3d67a996fefc3ff1cb94a6fcc,1313062
autoland,3870186,13,f36c3750a6bc0db1e2bc910e5f3a3acace5985a7,windows10-64-shippable-qr,True,False,,|f|i|s|s|i|o|n| |w|a|r|m| |w|e|b|r|e|n|d|e|r|,102210fe594ee9b33d82058545b1ed14f4c8206e,ContentfulSpeedIndex,amazon,True,amazon ContentfulSpeedIndex opt fission warm webrender,,77,ms,firefox,,1769647783,2023-10-07T06:02:53,211.6,c4c56469518a5ccc9349ed7d29a0d56eba776df6,1313071
autoland,3870186,13,f36c3750a6bc0db1e2bc910e5f3a3acace5985a7,windows10-64-shippable-qr,True,False,,|f|i|s|s|i|o|n| |w|a|r|m| |w|e|b|r|e|n|d|e|r|,102210fe594ee9b33d82058545b1ed14f4c8206e,ContentfulSpeedIndex,amazon,True,amazon ContentfulSpeedIndex opt fission warm webrender,,77,ms,firefox,,1769764814,2023-10-07T13:52:35,205.4,ef73c2e8cd831f2a46ff5704623db63232fd912d,1313122
autoland,3870186,13,f36c3750a6bc0db1e2bc910e5f3a3acace5985a7,windows10-64-shippable-qr,True,False,,|f|i|s|s|i|o|n| |w|a|r|m| |w|e|b|r|e|n|d|e|r|,102210fe594ee9b33d82058545b1ed14f4c8206e,ContentfulSpeedIndex,amazon,True,amazon ContentfulSpeedIndex opt fission warm webrender,,77,ms,firefox,,1769819105,2023-10-07T18:43:49,200.7,8db232d0f8c742a85eb803c996ef87edac9d5c81,1313149
autoland,3870186,13,f36c3750a6bc0db1e2bc910e5f3a3acace5985a7,windows10-64-shippable-qr,True,False,,|f|i|s|s|i|o|n| |w|a|r|m| |w|e|b|r|e|n|d|e|r|,102210fe594ee9b33d82058545b1ed14f4c8206e,ContentfulSpeedIndex,amazon,True,amazon ContentfulSpeedIndex opt fission warm webrender,,77,ms,firefox,,1769885315,2023-10-07T23:15:17,186.4,fba49989dde6aa32244c622fd43abe19a32128ae,1313184
autoland,3870186,13,f36c3750a6bc0db1e2bc910e5f3a3acace5985a7,windows10-64-shippable-qr,True,False,,|f|i|s|s|i|o|n| |w|a|r|m| |w|e|b|r|e|n|d|e|r|,102210fe594ee9b33d82058545b1ed14f4c8206e,ContentfulSpeedIndex,amazon,True,amazon ContentfulSpeedIndex opt fission warm webrender,,77,ms,firefox,,1769970703,2023-10-08T08:55:12,211.5,68e866f36130edd1c8de093ac6d8a0fb78006527,1313211
autoland,3870186,13,f36c3750a6bc0db1e2bc910e5f3a3acace5985a7,windows10-64-shippable-qr,True,False,,|f|i|s|s|i|o|n| |w|a|r|m| |w|e|b|r|e|n|d|e|r|,102210fe594ee9b33d82058545b1ed14f4c8206e,ContentfulSpeedIndex,amazon,True,amazon ContentfulSpeedIndex opt fission warm webrender,,77,ms,firefox,,1770209885,2023-10-08T23:28:16,193.0,38314c6dc43eed509bfa7c922dbbc4147ac2ce34,1313289
autoland,3870186,13,f36c3750a6bc0db1e2bc910e5f3a3acace5985a7,windows10-64-shippable-qr,True,False,,|f|i|s|s|i|o|n| |w|a|r|m| |w|e|b|r|e|n|d|e|r|,102210fe594ee9b33d82058545b1ed14f4c8206e,ContentfulSpeedIndex,amazon,True,amazon ContentfulSpeedIndex opt fission warm webrender,,77,ms,firefox,,1770274917,2023-10-09T04:48:12,200.7,d5fd5e481ff21f14c9771aa58f8fb378a8430cdf,1313332
autoland,3870186,13,f36c3750a6bc0db1e2bc910e5f3a3acace5985a7,windows10-64-shippable-qr,True,False,,|f|i|s|s|i|o|n| |w|a|r|m| |w|e|b|r|e|n|d|e|r|,102210fe594ee9b33d82058545b1ed14f4c8206e,ContentfulSpeedIndex,amazon,True,amazon ContentfulSpeedIndex opt fission warm webrender,,77,ms,firefox,,1770345151,2023-10-09T08:48:33,204.8,77c18c08c9ff87c6ff0e5b546ac609296d5e04db,1313413
autoland,3870186,13,f36c3750a6bc0db1e2bc910e5f3a3acace5985a7,windows10-64-shippable-qr,True,False,,|f|i|s|s|i|o|n| |w|a|r|m| |w|e|b|r|e|n|d|e|r|,102210fe594ee9b33d82058545b1ed14f4c8206e,ContentfulSpeedIndex,amazon,True,amazon ContentfulSpeedIndex opt fission warm webrender,,77,ms,firefox,,1770484190,2023-10-09T11:45:29,202.7,70c980c054e9a0693d3bee343b1235d47894163d,1313495
autoland,3870186,13,f36c3750a6bc0db1e2bc910e5f3a3acace5985a7,windows10-64-shippable-qr,True,False,,|f|i|s|s|i|o|n| |w|a|r|m| |w|e|b|r|e|n|d|e|r|,102210fe594ee9b33d82058545b1ed14f4c8206e,ContentfulSpeedIndex,amazon,True,amazon ContentfulSpeedIndex opt fission warm webrender,,77,ms,firefox,,1770635334,2023-10-09T16:17:23,206.7,86e82f01df51429edbb4cfa27823d4d71e7844ab,1313678
autoland,3870186,13,f36c3750a6bc0db1e2bc910e5f3a3acace5985a7,windows10-64-shippable-qr,True,False,,|f|i|s|s|i|o|n| |w|a|r|m| |w|e|b|r|e|n|d|e|r|,102210fe594ee9b33d82058545b1ed14f4c8206e,ContentfulSpeedIndex,amazon,True,amazon ContentfulSpeedIndex opt fission warm webrender,,77,ms,firefox,,1770622660,2023-10-09T16:47:54,203.8,9591bcc532c4599dba688d3555c6a0135139c39a,1313694
autoland,3870186,13,f36c3750a6bc0db1e2bc910e5f3a3acace5985a7,windows10-64-shippable-qr,True,False,,|f|i|s|s|i|o|n| |w|a|r|m| |w|e|b|r|e|n|d|e|r|,102210fe594ee9b33d82058545b1ed14f4c8206e,ContentfulSpeedIndex,amazon,True,amazon ContentfulSpeedIndex opt fission warm webrender,,77,ms,firefox,,1770753944,2023-10-09T21:45:38,201.1,3d1ac3fb7670dd794589cae42735270de4266f4c,1313856
autoland,3870186,13,f36c3750a6bc0db1e2bc910e5f3a3acace5985a7,windows10-64-shippable-qr,True,False,,|f|i|s|s|i|o|n| |w|a|r|m| |w|e|b|r|e|n|d|e|r|,102210fe594ee9b33d82058545b1ed14f4c8206e,ContentfulSpeedIndex,amazon,True,amazon ContentfulSpeedIndex opt fission warm webrender,,77,ms,firefox,,1770812891,2023-10-10T02:31:01,184.2,935a0ba75b642adf295d7792f8ad8129f87e4c03,1313960
autoland,3870186,13,f36c3750a6bc0db1e2bc910e5f3a3acace5985a7,windows10-64-shippable-qr,True,False,,|f|i|s|s|i|o|n| |w|a|r|m| |w|e|b|r|e|n|d|e|r|,102210fe594ee9b33d82058545b1ed14f4c8206e,ContentfulSpeedIndex,amazon,True,amazon ContentfulSpeedIndex opt fission warm webrender,,77,ms,firefox,,1770850682,2023-10-10T06:35:36,207.1,de9287a68ed836a8fd2eb2ba90de0770a18c877a,1314004
autoland,3870186,13,f36c3750a6bc0db1e2bc910e5f3a3acace5985a7,windows10-64-shippable-qr,True,False,,|f|i|s|s|i|o|n| |w|a|r|m| |w|e|b|r|e|n|d|e|r|,102210fe594ee9b33d82058545b1ed14f4c8206e,ContentfulSpeedIndex,amazon,True,amazon ContentfulSpeedIndex opt fission warm webrender,,77,ms,firefox,,1770915184,2023-10-10T08:23:57,210.2,bec78f6e89cdb3b51ac879af75533217f38970cf,1314048
autoland,3870186,13,f36c3750a6bc0db1e2bc910e5f3a3acace5985a7,windows10-64-shippable-qr,True,False,,|f|i|s|s|i|o|n| |w|a|r|m| |w|e|b|r|e|n|d|e|r|,102210fe594ee9b33d82058545b1ed14f4c8206e,ContentfulSpeedIndex,amazon,True,amazon ContentfulSpeedIndex opt fission warm webrender,,77,ms,firefox,,1771099930,2023-10-10T12:59:15,182.2,7a4c861a2d10a6757c8844de9bd8f71c94cb6150,1314216
autoland,3870186,13,f36c3750a6bc0db1e2bc910e5f3a3acace5985a7,windows10-64-shippable-qr,True,False,,|f|i|s|s|i|o|n| |w|a|r|m| |w|e|b|r|e|n|d|e|r|,102210fe594ee9b33d82058545b1ed14f4c8206e,ContentfulSpeedIndex,amazon,True,amazon ContentfulSpeedIndex opt fission warm webrender,,77,ms,firefox,,1771499977,2023-10-10T13:04:52,205.2,fcde87df3b93db3d958e21f5a1824932b5a1e3af,1314219
autoland,3870186,13,f36c3750a6bc0db1e2bc910e5f3a3acace5985a7,windows10-64-shippable-qr,True,False,,|f|i|s|s|i|o|n| |w|a|r|m| |w|e|b|r|e|n|d|e|r|,102210fe594ee9b33d82058545b1ed14f4c8206e,ContentfulSpeedIndex,amazon,True,amazon ContentfulSpeedIndex opt fission warm webrender,,77,ms,firefox,,1771486904,2023-10-10T13:32:03,202.9,45b924a9f0ce3bb7897eba747182390358f0aab5,1314244
autoland,3870186,13,f36c3750a6bc0db1e2bc910e5f3a3acace5985a7,windows10-64-shippable-qr,True,False,,|f|i|s|s|i|o|n| |w|a|r|m| |w|e|b|r|e|n|d|e|r|,102210fe594ee9b33d82058545b1ed14f4c8206e,ContentfulSpeedIndex,amazon,True,amazon ContentfulSpeedIndex opt fission warm webrender,,77,ms,firefox,,1771478436,2023-10-10T14:39:22,195.5,60af720985092b2072845a378ab68a4c3f98670a,1314303
autoland,3870186,13,f36c3750a6bc0db1e2bc910e5f3a3acace5985a7,windows10-64-shippable-qr,True,False,,|f|i|s|s|i|o|n| |w|a|r|m| |w|e|b|r|e|n|d|e|r|,102210fe594ee9b33d82058545b1ed14f4c8206e,ContentfulSpeedIndex,amazon,True,amazon ContentfulSpeedIndex opt fission warm webrender,,77,ms,firefox,,1771122533,2023-10-10T15:20:47,198.9,686073214e498a3ed6018f15d9cd093812f5ab6f,1314341
autoland,3870186,13,f36c3750a6bc0db1e2bc910e5f3a3acace5985a7,windows10-64-shippable-qr,True,False,,|f|i|s|s|i|o|n| |w|a|r|m| |w|e|b|r|e|n|d|e|r|,102210fe594ee9b33d82058545b1ed14f4c8206e,ContentfulSpeedIndex,amazon,True,amazon ContentfulSpeedIndex opt fission warm webrender,,77,ms,firefox,,1771325564,2023-10-10T18:56:17,189.4,e746122083e758920b17ca0fd4726093187f3715,1314490
autoland,3870186,13,f36c3750a6bc0db1e2bc910e5f3a3acace5985a7,windows10-64-shippable-qr,True,False,,|f|i|s|s|i|o|n| |w|a|r|m| |w|e|b|r|e|n|d|e|r|,102210fe594ee9b33d82058545b1ed14f4c8206e,ContentfulSpeedIndex,amazon,True,amazon ContentfulSpeedIndex opt fission warm webrender,,77,ms,firefox,,1771405343,2023-10-10T21:46:34,197.8,32a23612bb297f386b6239e7bff0be58b62b2f73,1314585
autoland,3870186,13,f36c3750a6bc0db1e2bc910e5f3a3acace5985a7,windows10-64-shippable-qr,True,False,,|f|i|s|s|i|o|n| |w|a|r|m| |w|e|b|r|e|n|d|e|r|,102210fe594ee9b33d82058545b1ed14f4c8206e,ContentfulSpeedIndex,amazon,True,amazon ContentfulSpeedIndex opt fission warm webrender,,77,ms,firefox,,1772171309,2023-10-11T00:33:20,189.3,d96615dc7b30363d62e6f07d235da826838846bc,1314688
autoland,3870186,13,f36c3750a6bc0db1e2bc910e5f3a3acace5985a7,windows10-64-shippable-qr,True,False,,|f|i|s|s|i|o|n| |w|a|r|m| |w|e|b|r|e|n|d|e|r|,102210fe594ee9b33d82058545b1ed14f4c8206e,ContentfulSpeedIndex,amazon,True,amazon ContentfulSpeedIndex opt fission warm webrender,,77,ms,firefox,,1771507327,2023-10-11T04:35:52,193.8,fb1c93363030ee78f4a3ea0da9854fb688a630b8,1314760
autoland,3870186,13,f36c3750a6bc0db1e2bc910e5f3a3acace5985a7,windows10-64-shippable-qr,True,False,,|f|i|s|s|i|o|n| |w|a|r|m| |w|e|b|r|e|n|d|e|r|,102210fe594ee9b33d82058545b1ed14f4c8206e,ContentfulSpeedIndex,amazon,True,amazon ContentfulSpeedIndex opt fission warm webrender,,77,ms,firefox,,1771529671,2023-10-11T05:18:39,190.3,d677f2833f2cf056757a6a3cf8c2e8b4273fb788,1314767
autoland,3870186,13,f36c3750a6bc0db1e2bc910e5f3a3acace5985a7,windows10-64-shippable-qr,True,False,,|f|i|s|s|i|o|n| |w|a|r|m| |w|e|b|r|e|n|d|e|r|,102210fe594ee9b33d82058545b1ed14f4c8206e,ContentfulSpeedIndex,amazon,True,amazon ContentfulSpeedIndex opt fission warm webrender,,77,ms,firefox,,1771649971,2023-10-11T09:29:42,195.6,2124c3eebcb12eb72e8ced7bfb3c8521a028af8d,1314864
autoland,3870186,13,f36c3750a6bc0db1e2bc910e5f3a3acace5985a7,windows10-64-shippable-qr,True,False,,|f|i|s|s|i|o|n| |w|a|r|m| |w|e|b|r|e|n|d|e|r|,102210fe594ee9b33d82058545b1ed14f4c8206e,ContentfulSpeedIndex,amazon,True,amazon ContentfulSpeedIndex opt fission warm webrender,,77,ms,firefox,,1771660190,2023-10-11T10:39:45,182.6,e4751df31e7494090d14b0ab8ff52bab6c1391d7,1314918
autoland,3870186,13,f36c3750a6bc0db1e2bc910e5f3a3acace5985a7,windows10-64-shippable-qr,True,False,,|f|i|s|s|i|o|n| |w|a|r|m| |w|e|b|r|e|n|d|e|r|,102210fe594ee9b33d82058545b1ed14f4c8206e,ContentfulSpeedIndex,amazon,True,amazon ContentfulSpeedIndex opt fission warm webrender,,77,ms,firefox,,1771785415,2023-10-11T14:42:40,181.7,2f6d9a971e1895c3186c6f2cdc2286c9f6e9694e,1315015
autoland,3870186,13,f36c3750a6bc0db1e2bc910e5f3a3acace5985a7,windows10-64-shippable-qr,True,False,,|f|i|s|s|i|o|n| |w|a|r|m| |w|e|b|r|e|n|d|e|r|,102210fe594ee9b33d82058545b1ed14f4c8206e,ContentfulSpeedIndex,amazon,True,amazon ContentfulSpeedIndex opt fission warm webrender,,77,ms,firefox,,1771794838,2023-10-11T15:07:05,187.6,a710f6c3ab82ca81444f0478a4882217c3628bf0,1315029
autoland,3870186,13,f36c3750a6bc0db1e2bc910e5f3a3acace5985a7,windows10-64-shippable-qr,True,False,,|f|i|s|s|i|o|n| |w|a|r|m| |w|e|b|r|e|n|d|e|r|,102210fe594ee9b33d82058545b1ed14f4c8206e,ContentfulSpeedIndex,amazon,True,amazon ContentfulSpeedIndex opt fission warm webrender,,77,ms,firefox,,1771856951,2023-10-11T17:21:18,204.0,be8d8e6ec4b7216d8dcb9b4ff8c8a413fc83da74,1315168
autoland,3870186,13,f36c3750a6bc0db1e2bc910e5f3a3acace5985a7,windows10-64-shippable-qr,True,False,,|f|i|s|s|i|o|n| |w|a|r|m| |w|e|b|r|e|n|d|e|r|,102210fe594ee9b33d82058545b1ed14f4c8206e,ContentfulSpeedIndex,amazon,True,amazon ContentfulSpeedIndex opt fission warm webrender,,77,ms,firefox,,1771984991,2023-10-11T21:29:22,186.7,dfe9eba9757679d9dda934ba7dd5798a0c3360fe,1315364
autoland,3870186,13,f36c3750a6bc0db1e2bc910e5f3a3acace5985a7,windows10-64-shippable-qr,True,False,,|f|i|s|s|i|o|n| |w|a|r|m| |w|e|b|r|e|n|d|e|r|,102210fe594ee9b33d82058545b1ed14f4c8206e,ContentfulSpeedIndex,amazon,True,amazon ContentfulSpeedIndex opt fission warm webrender,,77,ms,firefox,,1771959895,2023-10-11T21:41:54,184.6,2cbc64e7dbb0cd771d39710e5c3f2ed9a7e02b50,1315372
autoland,3870186,13,f36c3750a6bc0db1e2bc910e5f3a3acace5985a7,windows10-64-shippable-qr,True,False,,|f|i|s|s|i|o|n| |w|a|r|m| |w|e|b|r|e|n|d|e|r|,102210fe594ee9b33d82058545b1ed14f4c8206e,ContentfulSpeedIndex,amazon,True,amazon ContentfulSpeedIndex opt fission warm webrender,,77,ms,firefox,,1772153182,2023-10-12T04:10:05,193.8,c77a5d731bccf47b2b9f0714e44d5943f903d95e,1315494
autoland,3870186,13,f36c3750a6bc0db1e2bc910e5f3a3acace5985a7,windows10-64-shippable-qr,True,False,,|f|i|s|s|i|o|n| |w|a|r|m| |w|e|b|r|e|n|d|e|r|,102210fe594ee9b33d82058545b1ed14f4c8206e,ContentfulSpeedIndex,amazon,True,amazon ContentfulSpeedIndex opt fission warm webrender,,77,ms,firefox,,1772234313,2023-10-12T08:16:23,196.9,d64dc6406137711ffbc7f0bc42f6794a1c4ad236,1315559
autoland,3870186,13,f36c3750a6bc0db1e2bc910e5f3a3acace5985a7,windows10-64-shippable-qr,True,False,,|f|i|s|s|i|o|n| |w|a|r|m| |w|e|b|r|e|n|d|e|r|,102210fe594ee9b33d82058545b1ed14f4c8206e,ContentfulSpeedIndex,amazon,True,amazon ContentfulSpeedIndex opt fission warm webrender,,77,ms,firefox,,1772322249,2023-10-12T09:32:06,213.3,6eb785f75431f10faa331dabd429029e6dd1224e,1315613
autoland,3870186,13,f36c3750a6bc0db1e2bc910e5f3a3acace5985a7,windows10-64-shippable-qr,True,False,,|f|i|s|s|i|o|n| |w|a|r|m| |w|e|b|r|e|n|d|e|r|,102210fe594ee9b33d82058545b1ed14f4c8206e,ContentfulSpeedIndex,amazon,True,amazon ContentfulSpeedIndex opt fission warm webrender,,77,ms,firefox,,1772793903,2023-10-12T09:47:02,191.0,c25b3a0b864c4419985106ff938b73a7e1a43cb0,1315625
autoland,3870186,13,f36c3750a6bc0db1e2bc910e5f3a3acace5985a7,windows10-64-shippable-qr,True,False,,|f|i|s|s|i|o|n| |w|a|r|m| |w|e|b|r|e|n|d|e|r|,102210fe594ee9b33d82058545b1ed14f4c8206e,ContentfulSpeedIndex,amazon,True,amazon ContentfulSpeedIndex opt fission warm webrender,,77,ms,firefox,,1772805832,2023-10-12T09:59:06,187.3,9e5296fd6179caf9546e8478d7d34b22972ea0ed,1315630
autoland,3870186,13,f36c3750a6bc0db1e2bc910e5f3a3acace5985a7,windows10-64-shippable-qr,True,False,,|f|i|s|s|i|o|n| |w|a|r|m| |w|e|b|r|e|n|d|e|r|,102210fe594ee9b33d82058545b1ed14f4c8206e,ContentfulSpeedIndex,amazon,True,amazon ContentfulSpeedIndex opt fission warm webrender,,77,ms,firefox,,1772378606,2023-10-12T12:42:22,183.6,d3c6163a42b6002297fdb7cbb78395ee4495a357,1315709
autoland,3870186,13,f36c3750a6bc0db1e2bc910e5f3a3acace5985a7,windows10-64-shippable-qr,True,False,,|f|i|s|s|i|o|n| |w|a|r|m| |w|e|b|r|e|n|d|e|r|,102210fe594ee9b33d82058545b1ed14f4c8206e,ContentfulSpeedIndex,amazon,True,amazon ContentfulSpeedIndex opt fission warm webrender,,77,ms,firefox,,1772505918,2023-10-12T17:01:35,174.7,c09a0d19d99b488a292e3583cd0bb488afc74173,1315902
autoland,3870186,13,f36c3750a6bc0db1e2bc910e5f3a3acace5985a7,windows10-64-shippable-qr,True,False,,|f|i|s|s|i|o|n| |w|a|r|m| |w|e|b|r|e|n|d|e|r|,102210fe594ee9b33d82058545b1ed14f4c8206e,ContentfulSpeedIndex,amazon,True,amazon ContentfulSpeedIndex opt fission warm webrender,,77,ms,firefox,,1772543089,2023-10-12T17:02:35,182.9,a5369079cd89dd91a42689da9aad1fc607ef9146,1315903
autoland,3870186,13,f36c3750a6bc0db1e2bc910e5f3a3acace5985a7,windows10-64-shippable-qr,True,False,,|f|i|s|s|i|o|n| |w|a|r|m| |w|e|b|r|e|n|d|e|r|,102210fe594ee9b33d82058545b1ed14f4c8206e,ContentfulSpeedIndex,amazon,True,amazon ContentfulSpeedIndex opt fission warm webrender,,77,ms,firefox,,1772606902,2023-10-12T19:48:41,201.0,b9478e8898d6397ccb0ca6d2f90b882083ef91d2,1316052
autoland,3870186,13,f36c3750a6bc0db1e2bc910e5f3a3acace5985a7,windows10-64-shippable-qr,True,False,,|f|i|s|s|i|o|n| |w|a|r|m| |w|e|b|r|e|n|d|e|r|,102210fe594ee9b33d82058545b1ed14f4c8206e,ContentfulSpeedIndex,amazon,True,amazon ContentfulSpeedIndex opt fission warm webrender,,77,ms,firefox,,1772723432,2023-10-12T23:58:41,198.8,6769216667ff487b1442f654ee41dc5f12c23983,1316211
autoland,3870186,13,f36c3750a6bc0db1e2bc910e5f3a3acace5985a7,windows10-64-shippable-qr,True,False,,|f|i|s|s|i|o|n| |w|a|r|m| |w|e|b|r|e|n|d|e|r|,102210fe594ee9b33d82058545b1ed14f4c8206e,ContentfulSpeedIndex,amazon,True,amazon ContentfulSpeedIndex opt fission warm webrender,,77,ms,firefox,,1772833402,2023-10-13T06:04:39,200.9,810153993fc0b06ce0eabae2602fc7f74ed9be18,1316292
autoland,3870186,13,f36c3750a6bc0db1e2bc910e5f3a3acace5985a7,windows10-64-shippable-qr,True,False,,|f|i|s|s|i|o|n| |w|a|r|m| |w|e|b|r|e|n|d|e|r|,102210fe594ee9b33d82058545b1ed14f4c8206e,ContentfulSpeedIndex,amazon,True,amazon ContentfulSpeedIndex opt fission warm webrender,,77,ms,firefox,,1772865958,2023-10-13T06:28:51,187.0,930888998f68ddfb0f36d898e98305e459d7cbb2,1316299
autoland,3870186,13,f36c3750a6bc0db1e2bc910e5f3a3acace5985a7,windows10-64-shippable-qr,True,False,,|f|i|s|s|i|o|n| |w|a|r|m| |w|e|b|r|e|n|d|e|r|,102210fe594ee9b33d82058545b1ed14f4c8206e,ContentfulSpeedIndex,amazon,True,amazon ContentfulSpeedIndex opt fission warm webrender,,77,ms,firefox,,1773000254,2023-10-13T10:45:16,218.5,0db2502d9e9503580a800e13235be8c02043bbc0,1316413
autoland,3870186,13,f36c3750a6bc0db1e2bc910e5f3a3acace5985a7,windows10-64-shippable-qr,True,False,,|f|i|s|s|i|o|n| |w|a|r|m| |w|e|b|r|e|n|d|e|r|,102210fe594ee9b33d82058545b1ed14f4c8206e,ContentfulSpeedIndex,amazon,True,amazon ContentfulSpeedIndex opt fission warm webrender,,77,ms,firefox,,1773011864,2023-10-13T11:42:22,198.3,8246d773a07ce105d3a9f92b96007867c7df3cc4,1316442
autoland,3870186,13,f36c3750a6bc0db1e2bc910e5f3a3acace5985a7,windows10-64-shippable-qr,True,False,,|f|i|s|s|i|o|n| |w|a|r|m| |w|e|b|r|e|n|d|e|r|,102210fe594ee9b33d82058545b1ed14f4c8206e,ContentfulSpeedIndex,amazon,True,amazon ContentfulSpeedIndex opt fission warm webrender,,77,ms,firefox,,1773358348,2023-10-13T14:26:35,194.4,d92869043e48f272340ceae0f119dd775474cb62,1316557
autoland,3870186,13,f36c3750a6bc0db1e2bc910e5f3a3acace5985a7,windows10-64-shippable-qr,True,False,,|f|i|s|s|i|o|n| |w|a|r|m| |w|e|b|r|e|n|d|e|r|,102210fe594ee9b33d82058545b1ed14f4c8206e,ContentfulSpeedIndex,amazon,True,amazon ContentfulSpeedIndex opt fission warm webrender,,77,ms,firefox,,1773359364,2023-10-13T14:55:48,202.2,0038344669650c895c3351ddfb62b9f89119d0e3,1316590
autoland,3870186,13,f36c3750a6bc0db1e2bc910e5f3a3acace5985a7,windows10-64-shippable-qr,True,False,,|f|i|s|s|i|o|n| |w|a|r|m| |w|e|b|r|e|n|d|e|r|,102210fe594ee9b33d82058545b1ed14f4c8206e,ContentfulSpeedIndex,amazon,True,amazon ContentfulSpeedIndex opt fission warm webrender,,77,ms,firefox,,1773108495,2023-10-13T15:49:30,185.2,8adc92d3a6a8eeeefd63f98296c29907c3838316,1316607
autoland,3870186,13,f36c3750a6bc0db1e2bc910e5f3a3acace5985a7,windows10-64-shippable-qr,True,False,,|f|i|s|s|i|o|n| |w|a|r|m| |w|e|b|r|e|n|d|e|r|,102210fe594ee9b33d82058545b1ed14f4c8206e,ContentfulSpeedIndex,amazon,True,amazon ContentfulSpeedIndex opt fission warm webrender,,77,ms,firefox,,1773128208,2023-10-13T16:11:23,200.2,9ba44fb4eeafba4229fe28a6f3b42c79d8d05692,1316611
autoland,3870186,13,f36c3750a6bc0db1e2bc910e5f3a3acace5985a7,windows10-64-shippable-qr,True,False,,|f|i|s|s|i|o|n| |w|a|r|m| |w|e|b|r|e|n|d|e|r|,102210fe594ee9b33d82058545b1ed14f4c8206e,ContentfulSpeedIndex,amazon,True,amazon ContentfulSpeedIndex opt fission warm webrender,,77,ms,firefox,,1773312324,2023-10-13T20:17:54,197.6,35e20e70da91e5ef4caee7c732541350343fe927,1316790
autoland,3870186,13,f36c3750a6bc0db1e2bc910e5f3a3acace5985a7,windows10-64-shippable-qr,True,False,,|f|i|s|s|i|o|n| |w|a|r|m| |w|e|b|r|e|n|d|e|r|,102210fe594ee9b33d82058545b1ed14f4c8206e,ContentfulSpeedIndex,amazon,True,amazon ContentfulSpeedIndex opt fission warm webrender,,77,ms,firefox,,1773332159,2023-10-14T00:40:19,199.5,bcd044cb6c313be98b766d19688066871ddaa6b3,1316857
autoland,3870186,13,f36c3750a6bc0db1e2bc910e5f3a3acace5985a7,windows10-64-shippable-qr,True,False,,|f|i|s|s|i|o|n| |w|a|r|m| |w|e|b|r|e|n|d|e|r|,102210fe594ee9b33d82058545b1ed14f4c8206e,ContentfulSpeedIndex,amazon,True,amazon ContentfulSpeedIndex opt fission warm webrender,,77,ms,firefox,,1773375655,2023-10-14T05:14:50,196.8,19db6b0f6713fdb1f311426a7899070e3ca19d6b,1316873
autoland,3870186,13,f36c3750a6bc0db1e2bc910e5f3a3acace5985a7,windows10-64-shippable-qr,True,False,,|f|i|s|s|i|o|n| |w|a|r|m| |w|e|b|r|e|n|d|e|r|,102210fe594ee9b33d82058545b1ed14f4c8206e,ContentfulSpeedIndex,amazon,True,amazon ContentfulSpeedIndex opt fission warm webrender,,77,ms,firefox,,1773436092,2023-10-14T09:25:57,190.9,1e870b95242b07bc4961bf7558d0703dd03814b3,1316895
autoland,3870186,13,f36c3750a6bc0db1e2bc910e5f3a3acace5985a7,windows10-64-shippable-qr,True,False,,|f|i|s|s|i|o|n| |w|a|r|m| |w|e|b|r|e|n|d|e|r|,102210fe594ee9b33d82058545b1ed14f4c8206e,ContentfulSpeedIndex,amazon,True,amazon ContentfulSpeedIndex opt fission warm webrender,,77,ms,firefox,,1773556857,2023-10-14T16:14:11,196.2,3f99c563251ec523301e9d46e6904989fc827306,1316942
autoland,3870186,13,f36c3750a6bc0db1e2bc910e5f3a3acace5985a7,windows10-64-shippable-qr,True,False,,|f|i|s|s|i|o|n| |w|a|r|m| |w|e|b|r|e|n|d|e|r|,102210fe594ee9b33d82058545b1ed14f4c8206e,ContentfulSpeedIndex,amazon,True,amazon ContentfulSpeedIndex opt fission warm webrender,,77,ms,firefox,,1773699043,2023-10-15T06:24:19,193.8,468469f54da6070a84314dc3c4ddcdfaca74b714,1316977
autoland,3870186,13,f36c3750a6bc0db1e2bc910e5f3a3acace5985a7,windows10-64-shippable-qr,True,False,,|f|i|s|s|i|o|n| |w|a|r|m| |w|e|b|r|e|n|d|e|r|,102210fe594ee9b33d82058545b1ed14f4c8206e,ContentfulSpeedIndex,amazon,True,amazon ContentfulSpeedIndex opt fission warm webrender,,77,ms,firefox,,1773766834,2023-10-15T10:45:53,189.1,91657cb1296c904004ace38877b9ca91f502be3f,1317007
autoland,3870186,13,f36c3750a6bc0db1e2bc910e5f3a3acace5985a7,windows10-64-shippable-qr,True,False,,|f|i|s|s|i|o|n| |w|a|r|m| |w|e|b|r|e|n|d|e|r|,102210fe594ee9b33d82058545b1ed14f4c8206e,ContentfulSpeedIndex,amazon,True,amazon ContentfulSpeedIndex opt fission warm webrender,,77,ms,firefox,,1773798454,2023-10-15T15:32:44,177.9,aba20bc488e22880b8ef5a89916ecabb51cee798,1317021
autoland,3870186,13,f36c3750a6bc0db1e2bc910e5f3a3acace5985a7,windows10-64-shippable-qr,True,False,,|f|i|s|s|i|o|n| |w|a|r|m| |w|e|b|r|e|n|d|e|r|,102210fe594ee9b33d82058545b1ed14f4c8206e,ContentfulSpeedIndex,amazon,True,amazon ContentfulSpeedIndex opt fission warm webrender,,77,ms,firefox,,1773939409,2023-10-16T01:55:37,185.5,f3de6f924333ec7c359d81d9fb16a9fca07ee42e,1317071
autoland,3870186,13,f36c3750a6bc0db1e2bc910e5f3a3acace5985a7,windows10-64-shippable-qr,True,False,,|f|i|s|s|i|o|n| |w|a|r|m| |w|e|b|r|e|n|d|e|r|,102210fe594ee9b33d82058545b1ed14f4c8206e,ContentfulSpeedIndex,amazon,True,amazon ContentfulSpeedIndex opt fission warm webrender,,77,ms,firefox,,1773990660,2023-10-16T05:57:00,190.2,e891ad8158b3106dceb2199ed2c74c0c2f05fa88,1317093
autoland,3870186,13,f36c3750a6bc0db1e2bc910e5f3a3acace5985a7,windows10-64-shippable-qr,True,False,,|f|i|s|s|i|o|n| |w|a|r|m| |w|e|b|r|e|n|d|e|r|,102210fe594ee9b33d82058545b1ed14f4c8206e,ContentfulSpeedIndex,amazon,True,amazon ContentfulSpeedIndex opt fission warm webrender,,77,ms,firefox,,1774704201,2023-10-16T08:23:09,187.5,56bf1b814b61d03feb5af78e0597df5e42a3d9b1,1317139
autoland,3870186,13,f36c3750a6bc0db1e2bc910e5f3a3acace5985a7,windows10-64-shippable-qr,True,False,,|f|i|s|s|i|o|n| |w|a|r|m| |w|e|b|r|e|n|d|e|r|,102210fe594ee9b33d82058545b1ed14f4c8206e,ContentfulSpeedIndex,amazon,True,amazon ContentfulSpeedIndex opt fission warm webrender,,77,ms,firefox,,1774696424,2023-10-16T08:56:06,190.6,fd6b422ae3e6288547b10ebdb73868dbf8146f3c,1317154
autoland,3870186,13,f36c3750a6bc0db1e2bc910e5f3a3acace5985a7,windows10-64-shippable-qr,True,False,,|f|i|s|s|i|o|n| |w|a|r|m| |w|e|b|r|e|n|d|e|r|,102210fe594ee9b33d82058545b1ed14f4c8206e,ContentfulSpeedIndex,amazon,True,amazon ContentfulSpeedIndex opt fission warm webrender,,77,ms,firefox,,1774738368,2023-10-16T08:56:06,188.1,fd6b422ae3e6288547b10ebdb73868dbf8146f3c,1317154
autoland,3870186,13,f36c3750a6bc0db1e2bc910e5f3a3acace5985a7,windows10-64-shippable-qr,True,False,,|f|i|s|s|i|o|n| |w|a|r|m| |w|e|b|r|e|n|d|e|r|,102210fe594ee9b33d82058545b1ed14f4c8206e,ContentfulSpeedIndex,amazon,True,amazon ContentfulSpeedIndex opt fission warm webrender,,77,ms,firefox,,1774748471,2023-10-16T08:59:07,210.6,0ae489476d37cd7110a2ac3774b5cbcb97accfad,1317156
autoland,3870186,13,f36c3750a6bc0db1e2bc910e5f3a3acace5985a7,windows10-64-shippable-qr,True,False,,|f|i|s|s|i|o|n| |w|a|r|m| |w|e|b|r|e|n|d|e|r|,102210fe594ee9b33d82058545b1ed14f4c8206e,ContentfulSpeedIndex,amazon,True,amazon ContentfulSpeedIndex opt fission warm webrender,,77,ms,firefox,,1774126165,2023-10-16T10:06:37,191.0,e009aa26b6f79e7e5af18000b983f6decaa90eed,1317197
autoland,3870186,13,f36c3750a6bc0db1e2bc910e5f3a3acace5985a7,windows10-64-shippable-qr,True,False,,|f|i|s|s|i|o|n| |w|a|r|m| |w|e|b|r|e|n|d|e|r|,102210fe594ee9b33d82058545b1ed14f4c8206e,ContentfulSpeedIndex,amazon,True,amazon ContentfulSpeedIndex opt fission warm webrender,,77,ms,firefox,,1774183749,2023-10-16T11:25:28,216.2,8cb2f63a1e705ad6bf77a8f6dcb151aa3b67d2e6,1317241
autoland,3870186,13,f36c3750a6bc0db1e2bc910e5f3a3acace5985a7,windows10-64-shippable-qr,True,False,,|f|i|s|s|i|o|n| |w|a|r|m| |w|e|b|r|e|n|d|e|r|,102210fe594ee9b33d82058545b1ed14f4c8206e,ContentfulSpeedIndex,amazon,True,amazon ContentfulSpeedIndex opt fission warm webrender,,77,ms,firefox,,1774272409,2023-10-16T15:34:18,184.0,e0dd0b10e8fd0ea751f11fb0a6548ad9b6780e16,1317419
autoland,3870186,13,f36c3750a6bc0db1e2bc910e5f3a3acace5985a7,windows10-64-shippable-qr,True,False,,|f|i|s|s|i|o|n| |w|a|r|m| |w|e|b|r|e|n|d|e|r|,102210fe594ee9b33d82058545b1ed14f4c8206e,ContentfulSpeedIndex,amazon,True,amazon ContentfulSpeedIndex opt fission warm webrender,,77,ms,firefox,,1774493298,2023-10-16T19:06:00,178.5,36e5163d2528daaa5669d0f9284470b070c8882e,1317546
autoland,3870186,13,f36c3750a6bc0db1e2bc910e5f3a3acace5985a7,windows10-64-shippable-qr,True,False,,|f|i|s|s|i|o|n| |w|a|r|m| |w|e|b|r|e|n|d|e|r|,102210fe594ee9b33d82058545b1ed14f4c8206e,ContentfulSpeedIndex,amazon,True,amazon ContentfulSpeedIndex opt fission warm webrender,,77,ms,firefox,,1774682922,2023-10-16T22:21:52,198.4,aeef1b6cce72a720b2929b2f6c4de35348378a73,1317658
autoland,3870186,13,f36c3750a6bc0db1e2bc910e5f3a3acace5985a7,windows10-64-shippable-qr,True,False,,|f|i|s|s|i|o|n| |w|a|r|m| |w|e|b|r|e|n|d|e|r|,102210fe594ee9b33d82058545b1ed14f4c8206e,ContentfulSpeedIndex,amazon,True,amazon ContentfulSpeedIndex opt fission warm webrender,,77,ms,firefox,,1774758088,2023-10-16T22:29:18,194.3,0c243e4e632e879acf3987d71245084b00de62fb,1317664
autoland,3870186,13,f36c3750a6bc0db1e2bc910e5f3a3acace5985a7,windows10-64-shippable-qr,True,False,,|f|i|s|s|i|o|n| |w|a|r|m| |w|e|b|r|e|n|d|e|r|,102210fe594ee9b33d82058545b1ed14f4c8206e,ContentfulSpeedIndex,amazon,True,amazon ContentfulSpeedIndex opt fission warm webrender,,77,ms,firefox,,1774575962,2023-10-17T00:17:31,208.8,e4bf7b3e037323072304a1b1327df57c4a54b560,1317700
autoland,3870186,13,f36c3750a6bc0db1e2bc910e5f3a3acace5985a7,windows10-64-shippable-qr,True,False,,|f|i|s|s|i|o|n| |w|a|r|m| |w|e|b|r|e|n|d|e|r|,102210fe594ee9b33d82058545b1ed14f4c8206e,ContentfulSpeedIndex,amazon,True,amazon ContentfulSpeedIndex opt fission warm webrender,,77,ms,firefox,,1774734314,2023-10-17T05:18:57,193.3,896b283a3e7185d805f59d4dcb3d6bb89e9e62d8,1317768
autoland,3870186,13,f36c3750a6bc0db1e2bc910e5f3a3acace5985a7,windows10-64-shippable-qr,True,False,,|f|i|s|s|i|o|n| |w|a|r|m| |w|e|b|r|e|n|d|e|r|,102210fe594ee9b33d82058545b1ed14f4c8206e,ContentfulSpeedIndex,amazon,True,amazon ContentfulSpeedIndex opt fission warm webrender,,77,ms,firefox,,1774768084,2023-10-17T06:01:55,184.4,ca60a5861d4a8bd5de1c8e5a9f76c9e35767c38c,1317782
autoland,3870186,13,f36c3750a6bc0db1e2bc910e5f3a3acace5985a7,windows10-64-shippable-qr,True,False,,|f|i|s|s|i|o|n| |w|a|r|m| |w|e|b|r|e|n|d|e|r|,102210fe594ee9b33d82058545b1ed14f4c8206e,ContentfulSpeedIndex,amazon,True,amazon ContentfulSpeedIndex opt fission warm webrender,,77,ms,firefox,,1774904692,2023-10-17T10:34:28,184.3,d59eb47c0fe47f9dd6886090330bcd49c47262ce,1317920
autoland,3870186,13,f36c3750a6bc0db1e2bc910e5f3a3acace5985a7,windows10-64-shippable-qr,True,False,,|f|i|s|s|i|o|n| |w|a|r|m| |w|e|b|r|e|n|d|e|r|,102210fe594ee9b33d82058545b1ed14f4c8206e,ContentfulSpeedIndex,amazon,True,amazon ContentfulSpeedIndex opt fission warm webrender,,77,ms,firefox,,1775224807,2023-10-17T13:02:41,190.0,9b7c81791d7f619271724e082934a933604e20da,1318010
autoland,3870186,13,f36c3750a6bc0db1e2bc910e5f3a3acace5985a7,windows10-64-shippable-qr,True,False,,|f|i|s|s|i|o|n| |w|a|r|m| |w|e|b|r|e|n|d|e|r|,102210fe594ee9b33d82058545b1ed14f4c8206e,ContentfulSpeedIndex,amazon,True,amazon ContentfulSpeedIndex opt fission warm webrender,,77,ms,firefox,,1775598594,2023-10-17T14:44:37,182.9,4df3ab50f61692827e109b3ba0bc095436aefc36,1318087
autoland,3870186,13,f36c3750a6bc0db1e2bc910e5f3a3acace5985a7,windows10-64-shippable-qr,True,False,,|f|i|s|s|i|o|n| |w|a|r|m| |w|e|b|r|e|n|d|e|r|,102210fe594ee9b33d82058545b1ed14f4c8206e,ContentfulSpeedIndex,amazon,True,amazon ContentfulSpeedIndex opt fission warm webrender,,77,ms,firefox,,1775640736,2023-10-17T14:48:54,193.9,d08a4dbb9e1717c5718d158d2ccfbb8bd38ef48d,1318094
autoland,3870186,13,f36c3750a6bc0db1e2bc910e5f3a3acace5985a7,windows10-64-shippable-qr,True,False,,|f|i|s|s|i|o|n| |w|a|r|m| |w|e|b|r|e|n|d|e|r|,102210fe594ee9b33d82058545b1ed14f4c8206e,ContentfulSpeedIndex,amazon,True,amazon ContentfulSpeedIndex opt fission warm webrender,,77,ms,firefox,,1775259352,2023-10-17T16:53:16,200.1,684641630402200d14bf5126668b97a4f280fe59,1318176
autoland,3870186,13,f36c3750a6bc0db1e2bc910e5f3a3acace5985a7,windows10-64-shippable-qr,True,False,,|f|i|s|s|i|o|n| |w|a|r|m| |w|e|b|r|e|n|d|e|r|,102210fe594ee9b33d82058545b1ed14f4c8206e,ContentfulSpeedIndex,amazon,True,amazon ContentfulSpeedIndex opt fission warm webrender,,77,ms,firefox,,1775437073,2023-10-17T21:03:18,193.2,421ffc7aa24ace087dc2a09680943f412adc38ff,1318349
autoland,3870186,13,f36c3750a6bc0db1e2bc910e5f3a3acace5985a7,windows10-64-shippable-qr,True,False,,|f|i|s|s|i|o|n| |w|a|r|m| |w|e|b|r|e|n|d|e|r|,102210fe594ee9b33d82058545b1ed14f4c8206e,ContentfulSpeedIndex,amazon,True,amazon ContentfulSpeedIndex opt fission warm webrender,,77,ms,firefox,,1775396580,2023-10-17T21:04:13,188.8,4091bed4a0aae7772537e08e6cb49bf0bc7434c9,1318350
autoland,3870186,13,f36c3750a6bc0db1e2bc910e5f3a3acace5985a7,windows10-64-shippable-qr,True,False,,|f|i|s|s|i|o|n| |w|a|r|m| |w|e|b|r|e|n|d|e|r|,102210fe594ee9b33d82058545b1ed14f4c8206e,ContentfulSpeedIndex,amazon,True,amazon ContentfulSpeedIndex opt fission warm webrender,,77,ms,firefox,,1775579465,2023-10-18T01:40:11,209.0,ba691c21c968a48e1bd212426fcc20fa5f4c276d,1318466
autoland,3870186,13,f36c3750a6bc0db1e2bc910e5f3a3acace5985a7,windows10-64-shippable-qr,True,False,,|f|i|s|s|i|o|n| |w|a|r|m| |w|e|b|r|e|n|d|e|r|,102210fe594ee9b33d82058545b1ed14f4c8206e,ContentfulSpeedIndex,amazon,True,amazon ContentfulSpeedIndex opt fission warm webrender,,77,ms,firefox,,1775681937,2023-10-18T07:31:34,189.4,47d77a0e86e138652fedb38962b9709f9c0fb98d,1318540
autoland,3870186,13,f36c3750a6bc0db1e2bc910e5f3a3acace5985a7,windows10-64-shippable-qr,True,False,,|f|i|s|s|i|o|n| |w|a|r|m| |w|e|b|r|e|n|d|e|r|,102210fe594ee9b33d82058545b1ed14f4c8206e,ContentfulSpeedIndex,amazon,True,amazon ContentfulSpeedIndex opt fission warm webrender,,77,ms,firefox,,1776640302,2023-10-18T07:54:20,196.0,9e4f4dfc09522e65b6dfe0113cac8c8fba516089,1318546
autoland,3870186,13,f36c3750a6bc0db1e2bc910e5f3a3acace5985a7,windows10-64-shippable-qr,True,False,,|f|i|s|s|i|o|n| |w|a|r|m| |w|e|b|r|e|n|d|e|r|,102210fe594ee9b33d82058545b1ed14f4c8206e,ContentfulSpeedIndex,amazon,True,amazon ContentfulSpeedIndex opt fission warm webrender,,77,ms,firefox,,1776646428,2023-10-18T08:00:45,187.8,ee3b3779af7fc81a53859fa92856ef9deae17a75,1318549
autoland,3870186,13,f36c3750a6bc0db1e2bc910e5f3a3acace5985a7,windows10-64-shippable-qr,True,False,,|f|i|s|s|i|o|n| |w|a|r|m| |w|e|b|r|e|n|d|e|r|,102210fe594ee9b33d82058545b1ed14f4c8206e,ContentfulSpeedIndex,amazon,True,amazon ContentfulSpeedIndex opt fission warm webrender,,77,ms,firefox,,1775875250,2023-10-18T11:51:04,208.7,639c0da2250e38bb3102b66c6105aaf808e2a817,1318689
autoland,3870186,13,f36c3750a6bc0db1e2bc910e5f3a3acace5985a7,windows10-64-shippable-qr,True,False,,|f|i|s|s|i|o|n| |w|a|r|m| |w|e|b|r|e|n|d|e|r|,102210fe594ee9b33d82058545b1ed14f4c8206e,ContentfulSpeedIndex,amazon,True,amazon ContentfulSpeedIndex opt fission warm webrender,,77,ms,firefox,,1776088150,2023-10-18T16:05:19,189.8,023ae54874d34eb300cdfa9630da4455cb406ad3,1318932
autoland,3870186,13,f36c3750a6bc0db1e2bc910e5f3a3acace5985a7,windows10-64-shippable-qr,True,False,,|f|i|s|s|i|o|n| |w|a|r|m| |w|e|b|r|e|n|d|e|r|,102210fe594ee9b33d82058545b1ed14f4c8206e,ContentfulSpeedIndex,amazon,True,amazon ContentfulSpeedIndex opt fission warm webrender,,77,ms,firefox,,1776141353,2023-10-18T16:32:33,184.7,361e571454e94ba0cfa1a86d2a7f63a24455581c,1318947
autoland,3870186,13,f36c3750a6bc0db1e2bc910e5f3a3acace5985a7,windows10-64-shippable-qr,True,False,,|f|i|s|s|i|o|n| |w|a|r|m| |w|e|b|r|e|n|d|e|r|,102210fe594ee9b33d82058545b1ed14f4c8206e,ContentfulSpeedIndex,amazon,True,amazon ContentfulSpeedIndex opt fission warm webrender,,77,ms,firefox,,1776369440,2023-10-18T20:42:45,191.1,77f05957a4fc15dc053469145b93089adfec3484,1319167
autoland,3870186,13,f36c3750a6bc0db1e2bc910e5f3a3acace5985a7,windows10-64-shippable-qr,True,False,,|f|i|s|s|i|o|n| |w|a|r|m| |w|e|b|r|e|n|d|e|r|,102210fe594ee9b33d82058545b1ed14f4c8206e,ContentfulSpeedIndex,amazon,True,amazon ContentfulSpeedIndex opt fission warm webrender,,77,ms,firefox,,1776334933,2023-10-18T20:46:18,196.7,e059b0995a2a62238ca266c3ed9955434ac43517,1319169
autoland,3870186,13,f36c3750a6bc0db1e2bc910e5f3a3acace5985a7,windows10-64-shippable-qr,True,False,,|f|i|s|s|i|o|n| |w|a|r|m| |w|e|b|r|e|n|d|e|r|,102210fe594ee9b33d82058545b1ed14f4c8206e,ContentfulSpeedIndex,amazon,True,amazon ContentfulSpeedIndex opt fission warm webrender,,77,ms,firefox,,1776420410,2023-10-18T23:25:14,182.5,beb80bb8c90921077e9c1130ad5a8e925dc060b7,1319276
autoland,3870186,13,f36c3750a6bc0db1e2bc910e5f3a3acace5985a7,windows10-64-shippable-qr,True,False,,|f|i|s|s|i|o|n| |w|a|r|m| |w|e|b|r|e|n|d|e|r|,102210fe594ee9b33d82058545b1ed14f4c8206e,ContentfulSpeedIndex,amazon,True,amazon ContentfulSpeedIndex opt fission warm webrender,,77,ms,firefox,,1776594823,2023-10-19T04:23:12,202.0,53cee944c60ac3c237a9aa2dacd19aa6bde80c2a,1319373
autoland,3870186,13,f36c3750a6bc0db1e2bc910e5f3a3acace5985a7,windows10-64-shippable-qr,True,False,,|f|i|s|s|i|o|n| |w|a|r|m| |w|e|b|r|e|n|d|e|r|,102210fe594ee9b33d82058545b1ed14f4c8206e,ContentfulSpeedIndex,amazon,True,amazon ContentfulSpeedIndex opt fission warm webrender,,77,ms,firefox,,1776743101,2023-10-19T08:39:29,187.6,a9a0ca5dc9605973d81ded607dfccd4d0a08dc68,1319455
autoland,3870186,13,f36c3750a6bc0db1e2bc910e5f3a3acace5985a7,windows10-64-shippable-qr,True,False,,|f|i|s|s|i|o|n| |w|a|r|m| |w|e|b|r|e|n|d|e|r|,102210fe594ee9b33d82058545b1ed14f4c8206e,ContentfulSpeedIndex,amazon,True,amazon ContentfulSpeedIndex opt fission warm webrender,,77,ms,firefox,,1776926826,2023-10-19T12:43:18,180.9,2981b7bbee06c518301e1542545e92b6d80a8d0b,1319613
autoland,3870186,13,f36c3750a6bc0db1e2bc910e5f3a3acace5985a7,windows10-64-shippable-qr,True,False,,|f|i|s|s|i|o|n| |w|a|r|m| |w|e|b|r|e|n|d|e|r|,102210fe594ee9b33d82058545b1ed14f4c8206e,ContentfulSpeedIndex,amazon,True,amazon ContentfulSpeedIndex opt fission warm webrender,,77,ms,firefox,,1776946968,2023-10-19T12:48:25,180.8,8be39770f68cb52d1a2b14bdf31a34f5e54212e8,1319617
autoland,3870186,13,f36c3750a6bc0db1e2bc910e5f3a3acace5985a7,windows10-64-shippable-qr,True,False,,|f|i|s|s|i|o|n| |w|a|r|m| |w|e|b|r|e|n|d|e|r|,102210fe594ee9b33d82058545b1ed14f4c8206e,ContentfulSpeedIndex,amazon,True,amazon ContentfulSpeedIndex opt fission warm webrender,,77,ms,firefox,,1776987221,2023-10-19T17:06:19,210.1,fafeb43eefd13b4df24d6526d729b15fb42b7d27,1319833
autoland,3870186,13,f36c3750a6bc0db1e2bc910e5f3a3acace5985a7,windows10-64-shippable-qr,True,False,,|f|i|s|s|i|o|n| |w|a|r|m| |w|e|b|r|e|n|d|e|r|,102210fe594ee9b33d82058545b1ed14f4c8206e,ContentfulSpeedIndex,amazon,True,amazon ContentfulSpeedIndex opt fission warm webrender,,77,ms,firefox,,1777233661,2023-10-19T20:56:13,195.4,6ae72d4d62c421303fd85fb0939f9baaa5594d83,1319988
autoland,3870186,13,f36c3750a6bc0db1e2bc910e5f3a3acace5985a7,windows10-64-shippable-qr,True,False,,|f|i|s|s|i|o|n| |w|a|r|m| |w|e|b|r|e|n|d|e|r|,102210fe594ee9b33d82058545b1ed14f4c8206e,ContentfulSpeedIndex,amazon,True,amazon ContentfulSpeedIndex opt fission warm webrender,,77,ms,firefox,,1777216555,2023-10-19T20:58:51,186.1,b61e815058043ef79ba03f013bdf41ef57651fa5,1320000
autoland,3870186,13,f36c3750a6bc0db1e2bc910e5f3a3acace5985a7,windows10-64-shippable-qr,True,False,,|f|i|s|s|i|o|n| |w|a|r|m| |w|e|b|r|e|n|d|e|r|,102210fe594ee9b33d82058545b1ed14f4c8206e,ContentfulSpeedIndex,amazon,True,amazon ContentfulSpeedIndex opt fission warm webrender,,77,ms,firefox,,1777083254,2023-10-19T22:45:17,200.8,b557109f1b5dd0a5c7be013c630945f886e17708,1320076
autoland,3870186,13,f36c3750a6bc0db1e2bc910e5f3a3acace5985a7,windows10-64-shippable-qr,True,False,,|f|i|s|s|i|o|n| |w|a|r|m| |w|e|b|r|e|n|d|e|r|,102210fe594ee9b33d82058545b1ed14f4c8206e,ContentfulSpeedIndex,amazon,True,amazon ContentfulSpeedIndex opt fission warm webrender,,77,ms,firefox,,1777097627,2023-10-19T22:59:16,204.3,0546c85daa8d8b6f7a8c5a842fdf1a990215e249,1320081
autoland,3870186,13,f36c3750a6bc0db1e2bc910e5f3a3acace5985a7,windows10-64-shippable-qr,True,False,,|f|i|s|s|i|o|n| |w|a|r|m| |w|e|b|r|e|n|d|e|r|,102210fe594ee9b33d82058545b1ed14f4c8206e,ContentfulSpeedIndex,amazon,True,amazon ContentfulSpeedIndex opt fission warm webrender,,77,ms,firefox,,1777183651,2023-10-20T03:32:37,184.8,dc0d913ecc2486cafc7a005d2fe6705f2c7da222,1320137
autoland,3870186,13,f36c3750a6bc0db1e2bc910e5f3a3acace5985a7,windows10-64-shippable-qr,True,False,,|f|i|s|s|i|o|n| |w|a|r|m| |w|e|b|r|e|n|d|e|r|,102210fe594ee9b33d82058545b1ed14f4c8206e,ContentfulSpeedIndex,amazon,True,amazon ContentfulSpeedIndex opt fission warm webrender,,77,ms,firefox,,1777355323,2023-10-20T09:14:56,183.6,5ebf0b67d0519897b95e84598900434fe92b7abb,1320186
autoland,3870186,13,f36c3750a6bc0db1e2bc910e5f3a3acace5985a7,windows10-64-shippable-qr,True,False,,|f|i|s|s|i|o|n| |w|a|r|m| |w|e|b|r|e|n|d|e|r|,102210fe594ee9b33d82058545b1ed14f4c8206e,ContentfulSpeedIndex,amazon,True,amazon ContentfulSpeedIndex opt fission warm webrender,,77,ms,firefox,,1777437013,2023-10-20T14:06:35,208.9,dfa7f17930eb1b48ff7435494924a0711114e40a,1320283
autoland,3870186,13,f36c3750a6bc0db1e2bc910e5f3a3acace5985a7,windows10-64-shippable-qr,True,False,,|f|i|s|s|i|o|n| |w|a|r|m| |w|e|b|r|e|n|d|e|r|,102210fe594ee9b33d82058545b1ed14f4c8206e,ContentfulSpeedIndex,amazon,True,amazon ContentfulSpeedIndex opt fission warm webrender,,77,ms,firefox,,1777491653,2023-10-20T15:24:34,189.4,8f4fc4b6cc05c16482986671d19d546faf6cb212,1320314
autoland,3870186,13,f36c3750a6bc0db1e2bc910e5f3a3acace5985a7,windows10-64-shippable-qr,True,False,,|f|i|s|s|i|o|n| |w|a|r|m| |w|e|b|r|e|n|d|e|r|,102210fe594ee9b33d82058545b1ed14f4c8206e,ContentfulSpeedIndex,amazon,True,amazon ContentfulSpeedIndex opt fission warm webrender,,77,ms,firefox,,1777561289,2023-10-20T21:24:05,186.2,f4da998c2ad5be8d29b4e2523b56d9d5e2a58984,1320380
autoland,3870186,13,f36c3750a6bc0db1e2bc910e5f3a3acace5985a7,windows10-64-shippable-qr,True,False,,|f|i|s|s|i|o|n| |w|a|r|m| |w|e|b|r|e|n|d|e|r|,102210fe594ee9b33d82058545b1ed14f4c8206e,ContentfulSpeedIndex,amazon,True,amazon ContentfulSpeedIndex opt fission warm webrender,,77,ms,firefox,,1777680047,2023-10-21T14:30:38,197.9,4124eee4f58ca46e13cb937c757a2fe1875120f0,1320453
autoland,3870186,13,f36c3750a6bc0db1e2bc910e5f3a3acace5985a7,windows10-64-shippable-qr,True,False,,|f|i|s|s|i|o|n| |w|a|r|m| |w|e|b|r|e|n|d|e|r|,102210fe594ee9b33d82058545b1ed14f4c8206e,ContentfulSpeedIndex,amazon,True,amazon ContentfulSpeedIndex opt fission warm webrender,,77,ms,firefox,,1777797822,2023-10-22T19:07:04,188.6,529ec79bcdfd6a273fe6607c2a34bcc93c009ec5,1320522
autoland,3870186,13,f36c3750a6bc0db1e2bc910e5f3a3acace5985a7,windows10-64-shippable-qr,True,False,,|f|i|s|s|i|o|n| |w|a|r|m| |w|e|b|r|e|n|d|e|r|,102210fe594ee9b33d82058545b1ed14f4c8206e,ContentfulSpeedIndex,amazon,True,amazon ContentfulSpeedIndex opt fission warm webrender,,77,ms,firefox,,1777911360,2023-10-22T21:46:31,202.3,52f2e6e80f6f7d8ab6eaaa36c4aa47c5be27a7a1,1320539
autoland,3870186,13,f36c3750a6bc0db1e2bc910e5f3a3acace5985a7,windows10-64-shippable-qr,True,False,,|f|i|s|s|i|o|n| |w|a|r|m| |w|e|b|r|e|n|d|e|r|,102210fe594ee9b33d82058545b1ed14f4c8206e,ContentfulSpeedIndex,amazon,True,amazon ContentfulSpeedIndex opt fission warm webrender,,77,ms,firefox,,1778887578,2023-10-23T09:45:25,204.0,f1426851ae3049d6f44ef0e9da7b601c73ea435a,1320692
autoland,3870186,13,f36c3750a6bc0db1e2bc910e5f3a3acace5985a7,windows10-64-shippable-qr,True,False,,|f|i|s|s|i|o|n| |w|a|r|m| |w|e|b|r|e|n|d|e|r|,102210fe594ee9b33d82058545b1ed14f4c8206e,ContentfulSpeedIndex,amazon,True,amazon ContentfulSpeedIndex opt fission warm webrender,,77,ms,firefox,,1778810748,2023-10-23T10:46:08,183.4,fe4e67ae521b5b29efef2be635e0085c2aad1448,1320734
autoland,3870186,13,f36c3750a6bc0db1e2bc910e5f3a3acace5985a7,windows10-64-shippable-qr,True,False,,|f|i|s|s|i|o|n| |w|a|r|m| |w|e|b|r|e|n|d|e|r|,102210fe594ee9b33d82058545b1ed14f4c8206e,ContentfulSpeedIndex,amazon,True,amazon ContentfulSpeedIndex opt fission warm webrender,,77,ms,firefox,,1778051919,2023-10-23T11:07:29,191.2,acba8a75249bc2b26b143d4d2830575cf0d7bcc2,1320744
autoland,3870186,13,f36c3750a6bc0db1e2bc910e5f3a3acace5985a7,windows10-64-shippable-qr,True,False,,|f|i|s|s|i|o|n| |w|a|r|m| |w|e|b|r|e|n|d|e|r|,102210fe594ee9b33d82058545b1ed14f4c8206e,ContentfulSpeedIndex,amazon,True,amazon ContentfulSpeedIndex opt fission warm webrender,,77,ms,firefox,,1778847836,2023-10-23T12:10:22,200.1,4c6d299e86ebe5d31f47c71505844335e119cf21,1320774
autoland,3870186,13,f36c3750a6bc0db1e2bc910e5f3a3acace5985a7,windows10-64-shippable-qr,True,False,,|f|i|s|s|i|o|n| |w|a|r|m| |w|e|b|r|e|n|d|e|r|,102210fe594ee9b33d82058545b1ed14f4c8206e,ContentfulSpeedIndex,amazon,True,amazon ContentfulSpeedIndex opt fission warm webrender,,77,ms,firefox,,1778943011,2023-10-23T12:15:00,194.3,c858c7fc7c4b572acc8dfce2e3c4ff73fc2fa44f,1320776
autoland,3870186,13,f36c3750a6bc0db1e2bc910e5f3a3acace5985a7,windows10-64-shippable-qr,True,False,,|f|i|s|s|i|o|n| |w|a|r|m| |w|e|b|r|e|n|d|e|r|,102210fe594ee9b33d82058545b1ed14f4c8206e,ContentfulSpeedIndex,amazon,True,amazon ContentfulSpeedIndex opt fission warm webrender,,77,ms,firefox,,1778088477,2023-10-23T12:26:53,188.4,818b5938920e6868a3f3b5a16b0c972bd8ec5cfc,1320781
autoland,3870186,13,f36c3750a6bc0db1e2bc910e5f3a3acace5985a7,windows10-64-shippable-qr,True,False,,|f|i|s|s|i|o|n| |w|a|r|m| |w|e|b|r|e|n|d|e|r|,102210fe594ee9b33d82058545b1ed14f4c8206e,ContentfulSpeedIndex,amazon,True,amazon ContentfulSpeedIndex opt fission warm webrender,,77,ms,firefox,,1778931303,2023-10-23T13:41:17,207.4,82c0efe382655a52d0d24628862fa416c4f66c0a,1320840
autoland,3870186,13,f36c3750a6bc0db1e2bc910e5f3a3acace5985a7,windows10-64-shippable-qr,True,False,,|f|i|s|s|i|o|n| |w|a|r|m| |w|e|b|r|e|n|d|e|r|,102210fe594ee9b33d82058545b1ed14f4c8206e,ContentfulSpeedIndex,amazon,True,amazon ContentfulSpeedIndex opt fission warm webrender,,77,ms,firefox,,1778871679,2023-10-23T14:02:43,195.7,02eefc6ff7a472c3443d7c9dce3479eb24a2c821,1320867
autoland,3870186,13,f36c3750a6bc0db1e2bc910e5f3a3acace5985a7,windows10-64-shippable-qr,True,False,,|f|i|s|s|i|o|n| |w|a|r|m| |w|e|b|r|e|n|d|e|r|,102210fe594ee9b33d82058545b1ed14f4c8206e,ContentfulSpeedIndex,amazon,True,amazon ContentfulSpeedIndex opt fission warm webrender,,77,ms,firefox,,1778283916,2023-10-23T15:48:05,187.2,f222bdcd6517e233cb62a3164afd50fd17a55e62,1320978
autoland,3870186,13,f36c3750a6bc0db1e2bc910e5f3a3acace5985a7,windows10-64-shippable-qr,True,False,,|f|i|s|s|i|o|n| |w|a|r|m| |w|e|b|r|e|n|d|e|r|,102210fe594ee9b33d82058545b1ed14f4c8206e,ContentfulSpeedIndex,amazon,True,amazon ContentfulSpeedIndex opt fission warm webrender,,77,ms,firefox,,1778541612,2023-10-23T17:53:04,194.9,00c1813123fd4ca7ec1446ebdabe2848814e550e,1321095
autoland,3870186,13,f36c3750a6bc0db1e2bc910e5f3a3acace5985a7,windows10-64-shippable-qr,True,False,,|f|i|s|s|i|o|n| |w|a|r|m| |w|e|b|r|e|n|d|e|r|,102210fe594ee9b33d82058545b1ed14f4c8206e,ContentfulSpeedIndex,amazon,True,amazon ContentfulSpeedIndex opt fission warm webrender,,77,ms,firefox,,1778606495,2023-10-23T20:36:06,186.7,0fdbf0a455f26afa0a7a0390d6a380e318fce9d4,1321210
autoland,3870186,13,f36c3750a6bc0db1e2bc910e5f3a3acace5985a7,windows10-64-shippable-qr,True,False,,|f|i|s|s|i|o|n| |w|a|r|m| |w|e|b|r|e|n|d|e|r|,102210fe594ee9b33d82058545b1ed14f4c8206e,ContentfulSpeedIndex,amazon,True,amazon ContentfulSpeedIndex opt fission warm webrender,,77,ms,firefox,,1778711322,2023-10-24T00:49:55,192.4,ed9d130c38a8858740845db8ec5c8bb7e68cce65,1321359
autoland,3870186,13,f36c3750a6bc0db1e2bc910e5f3a3acace5985a7,windows10-64-shippable-qr,True,False,,|f|i|s|s|i|o|n| |w|a|r|m| |w|e|b|r|e|n|d|e|r|,102210fe594ee9b33d82058545b1ed14f4c8206e,ContentfulSpeedIndex,amazon,True,amazon ContentfulSpeedIndex opt fission warm webrender,,77,ms,firefox,,1778914796,2023-10-24T05:06:29,185.8,bcdbc81d4adffb0c3b1e04e1854e43cf49314d92,1321416
autoland,3870186,13,f36c3750a6bc0db1e2bc910e5f3a3acace5985a7,windows10-64-shippable-qr,True,False,,|f|i|s|s|i|o|n| |w|a|r|m| |w|e|b|r|e|n|d|e|r|,102210fe594ee9b33d82058545b1ed14f4c8206e,ContentfulSpeedIndex,amazon,True,amazon ContentfulSpeedIndex opt fission warm webrender,,77,ms,firefox,,1778971947,2023-10-24T08:18:26,186.9,36a87a6432703a1f3a1f2a92756c90146a19e5f2,1321456
autoland,3870186,13,f36c3750a6bc0db1e2bc910e5f3a3acace5985a7,windows10-64-shippable-qr,True,False,,|f|i|s|s|i|o|n| |w|a|r|m| |w|e|b|r|e|n|d|e|r|,102210fe594ee9b33d82058545b1ed14f4c8206e,ContentfulSpeedIndex,amazon,True,amazon ContentfulSpeedIndex opt fission warm webrender,,77,ms,firefox,,1779063858,2023-10-24T12:23:09,188.5,ea758c7008d76a67d75d4874bb1a1a00838f4128,1321565
autoland,3870186,13,f36c3750a6bc0db1e2bc910e5f3a3acace5985a7,windows10-64-shippable-qr,True,False,,|f|i|s|s|i|o|n| |w|a|r|m| |w|e|b|r|e|n|d|e|r|,102210fe594ee9b33d82058545b1ed14f4c8206e,ContentfulSpeedIndex,amazon,True,amazon ContentfulSpeedIndex opt fission warm webrender,,77,ms,firefox,,1779714956,2023-10-24T13:05:55,190.0,0900a57bd906196091cc9315cc1480b9457b5089,1321592
autoland,3870186,13,f36c3750a6bc0db1e2bc910e5f3a3acace5985a7,windows10-64-shippable-qr,True,False,,|f|i|s|s|i|o|n| |w|a|r|m| |w|e|b|r|e|n|d|e|r|,102210fe594ee9b33d82058545b1ed14f4c8206e,ContentfulSpeedIndex,amazon,True,amazon ContentfulSpeedIndex opt fission warm webrender,,77,ms,firefox,,1779724132,2023-10-24T13:09:05,195.7,f6e5fecee879e3d0cd8b2e91df7cfe30f2b5610c,1321594
autoland,3870186,13,f36c3750a6bc0db1e2bc910e5f3a3acace5985a7,windows10-64-shippable-qr,True,False,,|f|i|s|s|i|o|n| |w|a|r|m| |w|e|b|r|e|n|d|e|r|,102210fe594ee9b33d82058545b1ed14f4c8206e,ContentfulSpeedIndex,amazon,True,amazon ContentfulSpeedIndex opt fission warm webrender,,77,ms,firefox,,1779164885,2023-10-24T13:48:19,188.9,eccda51a6f68b20cfe9af1e94b9336b9856b103e,1321616
autoland,3870186,13,f36c3750a6bc0db1e2bc910e5f3a3acace5985a7,windows10-64-shippable-qr,True,False,,|f|i|s|s|i|o|n| |w|a|r|m| |w|e|b|r|e|n|d|e|r|,102210fe594ee9b33d82058545b1ed14f4c8206e,ContentfulSpeedIndex,amazon,True,amazon ContentfulSpeedIndex opt fission warm webrender,,77,ms,firefox,,1779617831,2023-10-24T17:52:45,195.4,b2dec8a51f6e781be65a730cfde18a11c9569f94,1321799
autoland,3870186,13,f36c3750a6bc0db1e2bc910e5f3a3acace5985a7,windows10-64-shippable-qr,True,False,,|f|i|s|s|i|o|n| |w|a|r|m| |w|e|b|r|e|n|d|e|r|,102210fe594ee9b33d82058545b1ed14f4c8206e,ContentfulSpeedIndex,amazon,True,amazon ContentfulSpeedIndex opt fission warm webrender,,77,ms,firefox,,1779621514,2023-10-24T21:54:59,196.8,27ee97bc90986bde66dfb122cc4c8a6a3730e4a3,1321984
autoland,3870186,13,f36c3750a6bc0db1e2bc910e5f3a3acace5985a7,windows10-64-shippable-qr,True,False,,|f|i|s|s|i|o|n| |w|a|r|m| |w|e|b|r|e|n|d|e|r|,102210fe594ee9b33d82058545b1ed14f4c8206e,ContentfulSpeedIndex,amazon,True,amazon ContentfulSpeedIndex opt fission warm webrender,,77,ms,firefox,,1779671710,2023-10-25T01:35:01,190.4,edfb4ab939a51c9dc131c959da539ef71f17cf5f,1322066
autoland,3870186,13,f36c3750a6bc0db1e2bc910e5f3a3acace5985a7,windows10-64-shippable-qr,True,False,,|f|i|s|s|i|o|n| |w|a|r|m| |w|e|b|r|e|n|d|e|r|,102210fe594ee9b33d82058545b1ed14f4c8206e,ContentfulSpeedIndex,amazon,True,amazon ContentfulSpeedIndex opt fission warm webrender,,77,ms,firefox,,1779739462,2023-10-25T05:46:17,188.5,c00936a538d944ced81780de7e2670806145f0ec,1322115
autoland,3870186,13,f36c3750a6bc0db1e2bc910e5f3a3acace5985a7,windows10-64-shippable-qr,True,False,,|f|i|s|s|i|o|n| |w|a|r|m| |w|e|b|r|e|n|d|e|r|,102210fe594ee9b33d82058545b1ed14f4c8206e,ContentfulSpeedIndex,amazon,True,amazon ContentfulSpeedIndex opt fission warm webrender,,77,ms,firefox,,1779946592,2023-10-25T09:46:40,210.5,03d61eb955a9ac6e3374ca4c5504edc41cd1aa4a,1322203
autoland,3870186,13,f36c3750a6bc0db1e2bc910e5f3a3acace5985a7,windows10-64-shippable-qr,True,False,,|f|i|s|s|i|o|n| |w|a|r|m| |w|e|b|r|e|n|d|e|r|,102210fe594ee9b33d82058545b1ed14f4c8206e,ContentfulSpeedIndex,amazon,True,amazon ContentfulSpeedIndex opt fission warm webrender,,77,ms,firefox,,1780000565,2023-10-25T12:40:12,185.0,44697a7ca8612ae5a4807f530347c3df1d2c191a,1322280
autoland,3870186,13,f36c3750a6bc0db1e2bc910e5f3a3acace5985a7,windows10-64-shippable-qr,True,False,,|f|i|s|s|i|o|n| |w|a|r|m| |w|e|b|r|e|n|d|e|r|,102210fe594ee9b33d82058545b1ed14f4c8206e,ContentfulSpeedIndex,amazon,True,amazon ContentfulSpeedIndex opt fission warm webrender,,77,ms,firefox,,1780201130,2023-10-25T16:42:09,187.8,b8c2a1837c16c66a12ef79eaf5545e92ae448768,1322418
autoland,3870186,13,f36c3750a6bc0db1e2bc910e5f3a3acace5985a7,windows10-64-shippable-qr,True,False,,|f|i|s|s|i|o|n| |w|a|r|m| |w|e|b|r|e|n|d|e|r|,102210fe594ee9b33d82058545b1ed14f4c8206e,ContentfulSpeedIndex,amazon,True,amazon ContentfulSpeedIndex opt fission warm webrender,,77,ms,firefox,,1780249083,2023-10-25T18:17:29,184.2,691148c77012c40658cd4a6e4ee3ca178d1c1ca8,1322468
autoland,3870186,13,f36c3750a6bc0db1e2bc910e5f3a3acace5985a7,windows10-64-shippable-qr,True,False,,|f|i|s|s|i|o|n| |w|a|r|m| |w|e|b|r|e|n|d|e|r|,102210fe594ee9b33d82058545b1ed14f4c8206e,ContentfulSpeedIndex,amazon,True,amazon ContentfulSpeedIndex opt fission warm webrender,,77,ms,firefox,,1780426288,2023-10-25T21:16:28,220.3,e6a52d2c9941178fa5113e3c7af81f561078c5f5,1322573
autoland,3870186,13,f36c3750a6bc0db1e2bc910e5f3a3acace5985a7,windows10-64-shippable-qr,True,False,,|f|i|s|s|i|o|n| |w|a|r|m| |w|e|b|r|e|n|d|e|r|,102210fe594ee9b33d82058545b1ed14f4c8206e,ContentfulSpeedIndex,amazon,True,amazon ContentfulSpeedIndex opt fission warm webrender,,77,ms,firefox,,1780601914,2023-10-26T00:52:13,194.5,68373a168c7ca93b1aa9bb3016a1ffa9ad6b7aac,1322694
autoland,3870186,13,f36c3750a6bc0db1e2bc910e5f3a3acace5985a7,windows10-64-shippable-qr,True,False,,|f|i|s|s|i|o|n| |w|a|r|m| |w|e|b|r|e|n|d|e|r|,102210fe594ee9b33d82058545b1ed14f4c8206e,ContentfulSpeedIndex,amazon,True,amazon ContentfulSpeedIndex opt fission warm webrender,,77,ms,firefox,,1780715008,2023-10-26T04:52:14,194.8,62489b97d11d4bb88f1184670849ed8c9dc61708,1322765
autoland,3870186,13,f36c3750a6bc0db1e2bc910e5f3a3acace5985a7,windows10-64-shippable-qr,True,False,,|f|i|s|s|i|o|n| |w|a|r|m| |w|e|b|r|e|n|d|e|r|,102210fe594ee9b33d82058545b1ed14f4c8206e,ContentfulSpeedIndex,amazon,True,amazon ContentfulSpeedIndex opt fission warm webrender,,77,ms,firefox,,1780825280,2023-10-26T09:06:19,188.9,8923dca93b808a23856287229fc8f1c0c1d1e20e,1322848
autoland,3870186,13,f36c3750a6bc0db1e2bc910e5f3a3acace5985a7,windows10-64-shippable-qr,True,False,,|f|i|s|s|i|o|n| |w|a|r|m| |w|e|b|r|e|n|d|e|r|,102210fe594ee9b33d82058545b1ed14f4c8206e,ContentfulSpeedIndex,amazon,True,amazon ContentfulSpeedIndex opt fission warm webrender,,77,ms,firefox,,1780811291,2023-10-26T09:07:41,185.1,4d2c1911361bbc41f63b4e807070a3d83596b70c,1322851
autoland,3870186,13,f36c3750a6bc0db1e2bc910e5f3a3acace5985a7,windows10-64-shippable-qr,True,False,,|f|i|s|s|i|o|n| |w|a|r|m| |w|e|b|r|e|n|d|e|r|,102210fe594ee9b33d82058545b1ed14f4c8206e,ContentfulSpeedIndex,amazon,True,amazon ContentfulSpeedIndex opt fission warm webrender,,77,ms,firefox,,1781024982,2023-10-26T13:14:16,212.1,db6b75385ffe5e764d60c5842add31b3a90c0587,1322985
autoland,3870186,13,f36c3750a6bc0db1e2bc910e5f3a3acace5985a7,windows10-64-shippable-qr,True,False,,|f|i|s|s|i|o|n| |w|a|r|m| |w|e|b|r|e|n|d|e|r|,102210fe594ee9b33d82058545b1ed14f4c8206e,ContentfulSpeedIndex,amazon,True,amazon ContentfulSpeedIndex opt fission warm webrender,,77,ms,firefox,,1781093017,2023-10-26T13:50:58,186.5,630864299a197bf416ac18d405063b7ec40c3644,1323009
autoland,3870186,13,f36c3750a6bc0db1e2bc910e5f3a3acace5985a7,windows10-64-shippable-qr,True,False,,|f|i|s|s|i|o|n| |w|a|r|m| |w|e|b|r|e|n|d|e|r|,102210fe594ee9b33d82058545b1ed14f4c8206e,ContentfulSpeedIndex,amazon,True,amazon ContentfulSpeedIndex opt fission warm webrender,,77,ms,firefox,,1781241322,2023-10-26T17:52:00,176.1,945d53ccf09fe8c263a6a24db6604162a4707ff9,1323156
autoland,3870186,13,f36c3750a6bc0db1e2bc910e5f3a3acace5985a7,windows10-64-shippable-qr,True,False,,|f|i|s|s|i|o|n| |w|a|r|m| |w|e|b|r|e|n|d|e|r|,102210fe594ee9b33d82058545b1ed14f4c8206e,ContentfulSpeedIndex,amazon,True,amazon ContentfulSpeedIndex opt fission warm webrender,,77,ms,firefox,,1781592570,2023-10-26T17:59:55,211.2,36c2d201b88e94ad4448c10d6d73ab2433ee0a46,1323163
autoland,3870186,13,f36c3750a6bc0db1e2bc910e5f3a3acace5985a7,windows10-64-shippable-qr,True,False,,|f|i|s|s|i|o|n| |w|a|r|m| |w|e|b|r|e|n|d|e|r|,102210fe594ee9b33d82058545b1ed14f4c8206e,ContentfulSpeedIndex,amazon,True,amazon ContentfulSpeedIndex opt fission warm webrender,,77,ms,firefox,,1781337714,2023-10-26T19:25:04,188.2,a1dbe7d2099563e23614b7c0d0b0f6923ab447f7,1323220
autoland,3870186,13,f36c3750a6bc0db1e2bc910e5f3a3acace5985a7,windows10-64-shippable-qr,True,False,,|f|i|s|s|i|o|n| |w|a|r|m| |w|e|b|r|e|n|d|e|r|,102210fe594ee9b33d82058545b1ed14f4c8206e,ContentfulSpeedIndex,amazon,True,amazon ContentfulSpeedIndex opt fission warm webrender,,77,ms,firefox,,1781455718,2023-10-26T23:27:25,193.7,a880804c93083962e65cea658b69a28c06528e8e,1323339
autoland,3870186,13,f36c3750a6bc0db1e2bc910e5f3a3acace5985a7,windows10-64-shippable-qr,True,False,,|f|i|s|s|i|o|n| |w|a|r|m| |w|e|b|r|e|n|d|e|r|,102210fe594ee9b33d82058545b1ed14f4c8206e,ContentfulSpeedIndex,amazon,True,amazon ContentfulSpeedIndex opt fission warm webrender,,77,ms,firefox,,1781526246,2023-10-27T00:10:25,195.8,6d47bee6d52ee11125f54db9df7336cbe69593c0,1323363
autoland,3870186,13,f36c3750a6bc0db1e2bc910e5f3a3acace5985a7,windows10-64-shippable-qr,True,False,,|f|i|s|s|i|o|n| |w|a|r|m| |w|e|b|r|e|n|d|e|r|,102210fe594ee9b33d82058545b1ed14f4c8206e,ContentfulSpeedIndex,amazon,True,amazon ContentfulSpeedIndex opt fission warm webrender,,77,ms,firefox,,1781643829,2023-10-27T05:17:25,192.5,4024630f5ffa1704a32f70c816f1003b0af9f105,1323421
autoland,3870186,13,f36c3750a6bc0db1e2bc910e5f3a3acace5985a7,windows10-64-shippable-qr,True,False,,|f|i|s|s|i|o|n| |w|a|r|m| |w|e|b|r|e|n|d|e|r|,102210fe594ee9b33d82058545b1ed14f4c8206e,ContentfulSpeedIndex,amazon,True,amazon ContentfulSpeedIndex opt fission warm webrender,,77,ms,firefox,,1781718360,2023-10-27T08:56:16,197.9,6e09ac4a4c291480d5951adca6d1659a46f571b2,1323505
autoland,3870186,13,f36c3750a6bc0db1e2bc910e5f3a3acace5985a7,windows10-64-shippable-qr,True,False,,|f|i|s|s|i|o|n| |w|a|r|m| |w|e|b|r|e|n|d|e|r|,102210fe594ee9b33d82058545b1ed14f4c8206e,ContentfulSpeedIndex,amazon,True,amazon ContentfulSpeedIndex opt fission warm webrender,,77,ms,firefox,,1781953914,2023-10-27T13:05:02,181.0,6013b7df2b9133416d4244ef4d45c492f215c3d0,1323649
autoland,3870186,13,f36c3750a6bc0db1e2bc910e5f3a3acace5985a7,windows10-64-shippable-qr,True,False,,|f|i|s|s|i|o|n| |w|a|r|m| |w|e|b|r|e|n|d|e|r|,102210fe594ee9b33d82058545b1ed14f4c8206e,ContentfulSpeedIndex,amazon,True,amazon ContentfulSpeedIndex opt fission warm webrender,,77,ms,firefox,,1781938333,2023-10-27T13:54:58,186.3,cda838e04db16590f96ddeaa7d7d54cc80e12a03,1323685
autoland,3870186,13,f36c3750a6bc0db1e2bc910e5f3a3acace5985a7,windows10-64-shippable-qr,True,False,,|f|i|s|s|i|o|n| |w|a|r|m| |w|e|b|r|e|n|d|e|r|,102210fe594ee9b33d82058545b1ed14f4c8206e,ContentfulSpeedIndex,amazon,True,amazon ContentfulSpeedIndex opt fission warm webrender,,77,ms,firefox,,1782537284,2023-10-27T16:27:11,179.3,d4e3485d6f1d579bd3d64e8e2778f9f93a2ee587,1323775
autoland,3870186,13,f36c3750a6bc0db1e2bc910e5f3a3acace5985a7,windows10-64-shippable-qr,True,False,,|f|i|s|s|i|o|n| |w|a|r|m| |w|e|b|r|e|n|d|e|r|,102210fe594ee9b33d82058545b1ed14f4c8206e,ContentfulSpeedIndex,amazon,True,amazon ContentfulSpeedIndex opt fission warm webrender,,77,ms,firefox,,1782548676,2023-10-27T16:29:24,206.3,a844b03832eeff18db233edb38c228f3911be765,1323776
autoland,3870186,13,f36c3750a6bc0db1e2bc910e5f3a3acace5985a7,windows10-64-shippable-qr,True,False,,|f|i|s|s|i|o|n| |w|a|r|m| |w|e|b|r|e|n|d|e|r|,102210fe594ee9b33d82058545b1ed14f4c8206e,ContentfulSpeedIndex,amazon,True,amazon ContentfulSpeedIndex opt fission warm webrender,,77,ms,firefox,,1782213027,2023-10-27T17:16:47,187.3,b6d6a9c84257af5a3d659491a2ab963896e70d0d,1323813
autoland,3870186,13,f36c3750a6bc0db1e2bc910e5f3a3acace5985a7,windows10-64-shippable-qr,True,False,,|f|i|s|s|i|o|n| |w|a|r|m| |w|e|b|r|e|n|d|e|r|,102210fe594ee9b33d82058545b1ed14f4c8206e,ContentfulSpeedIndex,amazon,True,amazon ContentfulSpeedIndex opt fission warm webrender,,77,ms,firefox,,1782329066,2023-10-27T22:11:30,179.7,2744df17e06b25289ca5dd01128e6c4f237d7a7c,1323968
autoland,3870186,13,f36c3750a6bc0db1e2bc910e5f3a3acace5985a7,windows10-64-shippable-qr,True,False,,|f|i|s|s|i|o|n| |w|a|r|m| |w|e|b|r|e|n|d|e|r|,102210fe594ee9b33d82058545b1ed14f4c8206e,ContentfulSpeedIndex,amazon,True,amazon ContentfulSpeedIndex opt fission warm webrender,,77,ms,firefox,,1782348497,2023-10-27T23:12:32,182.6,5c87acee8b894f06e4b248cb602b36ccfcef1615,1323985
autoland,3870186,13,f36c3750a6bc0db1e2bc910e5f3a3acace5985a7,windows10-64-shippable-qr,True,False,,|f|i|s|s|i|o|n| |w|a|r|m| |w|e|b|r|e|n|d|e|r|,102210fe594ee9b33d82058545b1ed14f4c8206e,ContentfulSpeedIndex,amazon,True,amazon ContentfulSpeedIndex opt fission warm webrender,,77,ms,firefox,,1782498065,2023-10-28T03:14:30,170.3,0be08aa0812f81d5eb9f2235165d8478ebaf825b,1324017
autoland,3870186,13,f36c3750a6bc0db1e2bc910e5f3a3acace5985a7,windows10-64-shippable-qr,True,False,,|f|i|s|s|i|o|n| |w|a|r|m| |w|e|b|r|e|n|d|e|r|,102210fe594ee9b33d82058545b1ed14f4c8206e,ContentfulSpeedIndex,amazon,True,amazon ContentfulSpeedIndex opt fission warm webrender,,77,ms,firefox,,1783042133,2023-10-29T17:34:24,189.3,da935aab57913c853df3002f297cc6eb76175828,1324194
autoland,3870186,13,f36c3750a6bc0db1e2bc910e5f3a3acace5985a7,windows10-64-shippable-qr,True,False,,|f|i|s|s|i|o|n| |w|a|r|m| |w|e|b|r|e|n|d|e|r|,102210fe594ee9b33d82058545b1ed14f4c8206e,ContentfulSpeedIndex,amazon,True,amazon ContentfulSpeedIndex opt fission warm webrender,,77,ms,firefox,,1783131899,2023-10-29T22:37:58,173.9,61e57e6ba3b7e09a71062e7cdc44f395af832716,1324214
autoland,3870186,13,f36c3750a6bc0db1e2bc910e5f3a3acace5985a7,windows10-64-shippable-qr,True,False,,|f|i|s|s|i|o|n| |w|a|r|m| |w|e|b|r|e|n|d|e|r|,102210fe594ee9b33d82058545b1ed14f4c8206e,ContentfulSpeedIndex,amazon,True,amazon ContentfulSpeedIndex opt fission warm webrender,,77,ms,firefox,,1783291198,2023-10-30T03:06:34,195.6,cfc1bbb8edcc79491d2e1267e84338d155b2ee3c,1324224
autoland,3870186,13,f36c3750a6bc0db1e2bc910e5f3a3acace5985a7,windows10-64-shippable-qr,True,False,,|f|i|s|s|i|o|n| |w|a|r|m| |w|e|b|r|e|n|d|e|r|,102210fe594ee9b33d82058545b1ed14f4c8206e,ContentfulSpeedIndex,amazon,True,amazon ContentfulSpeedIndex opt fission warm webrender,,77,ms,firefox,,1783356127,2023-10-30T07:08:15,207.4,07ff1e2e4f656661631e6746f339e6232b59ebfd,1324243
autoland,3870186,13,f36c3750a6bc0db1e2bc910e5f3a3acace5985a7,windows10-64-shippable-qr,True,False,,|f|i|s|s|i|o|n| |w|a|r|m| |w|e|b|r|e|n|d|e|r|,102210fe594ee9b33d82058545b1ed14f4c8206e,ContentfulSpeedIndex,amazon,True,amazon ContentfulSpeedIndex opt fission warm webrender,,77,ms,firefox,,1784119272,2023-10-30T09:49:11,181.9,667502cd02b265ad789b4ee291e456bac0e09235,1324304
autoland,3870186,13,f36c3750a6bc0db1e2bc910e5f3a3acace5985a7,windows10-64-shippable-qr,True,False,,|f|i|s|s|i|o|n| |w|a|r|m| |w|e|b|r|e|n|d|e|r|,102210fe594ee9b33d82058545b1ed14f4c8206e,ContentfulSpeedIndex,amazon,True,amazon ContentfulSpeedIndex opt fission warm webrender,,77,ms,firefox,,1784103324,2023-10-30T10:32:34,191.9,5e0414b6e7a9fa6193d4558f3715934aab7c7891,1324328
autoland,3870186,13,f36c3750a6bc0db1e2bc910e5f3a3acace5985a7,windows10-64-shippable-qr,True,False,,|f|i|s|s|i|o|n| |w|a|r|m| |w|e|b|r|e|n|d|e|r|,102210fe594ee9b33d82058545b1ed14f4c8206e,ContentfulSpeedIndex,amazon,True,amazon ContentfulSpeedIndex opt fission warm webrender,,77,ms,firefox,,1783496884,2023-10-30T12:36:41,180.6,9c6272da5dc92ff944d294d9a026bd42a408c784,1324389
autoland,3870186,13,f36c3750a6bc0db1e2bc910e5f3a3acace5985a7,windows10-64-shippable-qr,True,False,,|f|i|s|s|i|o|n| |w|a|r|m| |w|e|b|r|e|n|d|e|r|,102210fe594ee9b33d82058545b1ed14f4c8206e,ContentfulSpeedIndex,amazon,True,amazon ContentfulSpeedIndex opt fission warm webrender,,77,ms,firefox,,1783584681,2023-10-30T13:43:34,182.1,d2a035a8329b5914bcd659ea1ea427c251c4d138,1324429
autoland,3870186,13,f36c3750a6bc0db1e2bc910e5f3a3acace5985a7,windows10-64-shippable-qr,True,False,,|f|i|s|s|i|o|n| |w|a|r|m| |w|e|b|r|e|n|d|e|r|,102210fe594ee9b33d82058545b1ed14f4c8206e,ContentfulSpeedIndex,amazon,True,amazon ContentfulSpeedIndex opt fission warm webrender,,77,ms,firefox,,1784201219,2023-10-30T15:39:07,194.7,3b1635a4b3cbb3f1af8b8df29319ec738b2356d5,1324527
autoland,3870186,13,f36c3750a6bc0db1e2bc910e5f3a3acace5985a7,windows10-64-shippable-qr,True,False,,|f|i|s|s|i|o|n| |w|a|r|m| |w|e|b|r|e|n|d|e|r|,102210fe594ee9b33d82058545b1ed14f4c8206e,ContentfulSpeedIndex,amazon,True,amazon ContentfulSpeedIndex opt fission warm webrender,,77,ms,firefox,,1784216035,2023-10-30T15:46:43,198.8,1b472d6498203a4f89b245e60fa313ec3e4886b2,1324534
autoland,3870186,13,f36c3750a6bc0db1e2bc910e5f3a3acace5985a7,windows10-64-shippable-qr,True,False,,|f|i|s|s|i|o|n| |w|a|r|m| |w|e|b|r|e|n|d|e|r|,102210fe594ee9b33d82058545b1ed14f4c8206e,ContentfulSpeedIndex,amazon,True,amazon ContentfulSpeedIndex opt fission warm webrender,,77,ms,firefox,,1783882954,2023-10-30T17:20:21,212.0,277907757ae0f5c9f9a9b4b15473ec6f3eab7674,1324599
autoland,3870186,13,f36c3750a6bc0db1e2bc910e5f3a3acace5985a7,windows10-64-shippable-qr,True,False,,|f|i|s|s|i|o|n| |w|a|r|m| |w|e|b|r|e|n|d|e|r|,102210fe594ee9b33d82058545b1ed14f4c8206e,ContentfulSpeedIndex,amazon,True,amazon ContentfulSpeedIndex opt fission warm webrender,,77,ms,firefox,,1783945533,2023-10-30T21:26:51,184.4,250d50a3e9aedba6c41312d2ce03b03eabac5c84,1324725
autoland,3870186,13,f36c3750a6bc0db1e2bc910e5f3a3acace5985a7,windows10-64-shippable-qr,True,False,,|f|i|s|s|i|o|n| |w|a|r|m| |w|e|b|r|e|n|d|e|r|,102210fe594ee9b33d82058545b1ed14f4c8206e,ContentfulSpeedIndex,amazon,True,amazon ContentfulSpeedIndex opt fission warm webrender,,77,ms,firefox,,1784195292,2023-10-30T22:07:45,178.6,49bcf5f146b911757fd23c8fef4193c975f04403,1324747
autoland,3870186,13,f36c3750a6bc0db1e2bc910e5f3a3acace5985a7,windows10-64-shippable-qr,True,False,,|f|i|s|s|i|o|n| |w|a|r|m| |w|e|b|r|e|n|d|e|r|,102210fe594ee9b33d82058545b1ed14f4c8206e,ContentfulSpeedIndex,amazon,True,amazon ContentfulSpeedIndex opt fission warm webrender,,77,ms,firefox,,1784226305,2023-10-30T22:14:50,187.2,be34980d62f85760d6c6e963c70ae22f2ffc9461,1324750
autoland,3870186,13,f36c3750a6bc0db1e2bc910e5f3a3acace5985a7,windows10-64-shippable-qr,True,False,,|f|i|s|s|i|o|n| |w|a|r|m| |w|e|b|r|e|n|d|e|r|,102210fe594ee9b33d82058545b1ed14f4c8206e,ContentfulSpeedIndex,amazon,True,amazon ContentfulSpeedIndex opt fission warm webrender,,77,ms,firefox,,1783966883,2023-10-30T22:47:24,193.6,9d87d8875f3012f1cb5e065b5861f41a29d1173c,1324763
autoland,3870186,13,f36c3750a6bc0db1e2bc910e5f3a3acace5985a7,windows10-64-shippable-qr,True,False,,|f|i|s|s|i|o|n| |w|a|r|m| |w|e|b|r|e|n|d|e|r|,102210fe594ee9b33d82058545b1ed14f4c8206e,ContentfulSpeedIndex,amazon,True,amazon ContentfulSpeedIndex opt fission warm webrender,,77,ms,firefox,,1784144351,2023-10-31T03:27:18,188.5,88295a805fb918c5a40c57d9827608c50c65da1a,1324833
autoland,3870186,13,f36c3750a6bc0db1e2bc910e5f3a3acace5985a7,windows10-64-shippable-qr,True,False,,|f|i|s|s|i|o|n| |w|a|r|m| |w|e|b|r|e|n|d|e|r|,102210fe594ee9b33d82058545b1ed14f4c8206e,ContentfulSpeedIndex,amazon,True,amazon ContentfulSpeedIndex opt fission warm webrender,,77,ms,firefox,,1784284508,2023-10-31T08:52:16,198.1,26a58e0274b4491ce07587bf329d30954bfa36a5,1324883
autoland,3870186,13,f36c3750a6bc0db1e2bc910e5f3a3acace5985a7,windows10-64-shippable-qr,True,False,,|f|i|s|s|i|o|n| |w|a|r|m| |w|e|b|r|e|n|d|e|r|,102210fe594ee9b33d82058545b1ed14f4c8206e,ContentfulSpeedIndex,amazon,True,amazon ContentfulSpeedIndex opt fission warm webrender,,77,ms,firefox,,1784354993,2023-10-31T10:24:24,180.4,173608723df3997c0b39049e55f7e4f529974bd1,1324925
autoland,3870186,13,f36c3750a6bc0db1e2bc910e5f3a3acace5985a7,windows10-64-shippable-qr,True,False,,|f|i|s|s|i|o|n| |w|a|r|m| |w|e|b|r|e|n|d|e|r|,102210fe594ee9b33d82058545b1ed14f4c8206e,ContentfulSpeedIndex,amazon,True,amazon ContentfulSpeedIndex opt fission warm webrender,,77,ms,firefox,,1784511157,2023-10-31T14:28:55,193.6,d93c1e224fa334cb0e1a4faf860be329181c1d60,1325039
autoland,3870186,13,f36c3750a6bc0db1e2bc910e5f3a3acace5985a7,windows10-64-shippable-qr,True,False,,|f|i|s|s|i|o|n| |w|a|r|m| |w|e|b|r|e|n|d|e|r|,102210fe594ee9b33d82058545b1ed14f4c8206e,ContentfulSpeedIndex,amazon,True,amazon ContentfulSpeedIndex opt fission warm webrender,,77,ms,firefox,,1784643251,2023-10-31T15:46:12,187.1,4712d595873a538c628ea09a2826c33e3f2e383d,1325101
autoland,3870186,13,f36c3750a6bc0db1e2bc910e5f3a3acace5985a7,windows10-64-shippable-qr,True,False,,|f|i|s|s|i|o|n| |w|a|r|m| |w|e|b|r|e|n|d|e|r|,102210fe594ee9b33d82058545b1ed14f4c8206e,ContentfulSpeedIndex,amazon,True,amazon ContentfulSpeedIndex opt fission warm webrender,,77,ms,firefox,,1784810569,2023-10-31T20:04:41,190.9,5624631ba42eb404a5c5b4e50e9c4fbc826eef31,1325256
autoland,3870186,13,f36c3750a6bc0db1e2bc910e5f3a3acace5985a7,windows10-64-shippable-qr,True,False,,|f|i|s|s|i|o|n| |w|a|r|m| |w|e|b|r|e|n|d|e|r|,102210fe594ee9b33d82058545b1ed14f4c8206e,ContentfulSpeedIndex,amazon,True,amazon ContentfulSpeedIndex opt fission warm webrender,,77,ms,firefox,,1784868422,2023-10-31T22:59:03,177.5,251055c46bfcc027766c9bdaccaaa919c3e6c8f6,1325343
autoland,3870186,13,f36c3750a6bc0db1e2bc910e5f3a3acace5985a7,windows10-64-shippable-qr,True,False,,|f|i|s|s|i|o|n| |w|a|r|m| |w|e|b|r|e|n|d|e|r|,102210fe594ee9b33d82058545b1ed14f4c8206e,ContentfulSpeedIndex,amazon,True,amazon ContentfulSpeedIndex opt fission warm webrender,,77,ms,firefox,,1785106343,2023-11-01T04:08:21,193.1,b73ef4c8979fb0702de9f4bf2fdf986b1d0fd487,1325446
autoland,3870186,13,f36c3750a6bc0db1e2bc910e5f3a3acace5985a7,windows10-64-shippable-qr,True,False,,|f|i|s|s|i|o|n| |w|a|r|m| |w|e|b|r|e|n|d|e|r|,102210fe594ee9b33d82058545b1ed14f4c8206e,ContentfulSpeedIndex,amazon,True,amazon ContentfulSpeedIndex opt fission warm webrender,,77,ms,firefox,,1785185969,2023-11-01T08:27:37,178.5,5db6f03a7c103189ba38ef4c4687a046566f4e5b,1325492
autoland,3870186,13,f36c3750a6bc0db1e2bc910e5f3a3acace5985a7,windows10-64-shippable-qr,True,False,,|f|i|s|s|i|o|n| |w|a|r|m| |w|e|b|r|e|n|d|e|r|,102210fe594ee9b33d82058545b1ed14f4c8206e,ContentfulSpeedIndex,amazon,True,amazon ContentfulSpeedIndex opt fission warm webrender,,77,ms,firefox,,1785388486,2023-11-01T15:00:09,189.7,dee5e3c280a214c32ea4f7a2b6446bbe456ecb54,1325661
autoland,3870186,13,f36c3750a6bc0db1e2bc910e5f3a3acace5985a7,windows10-64-shippable-qr,True,False,,|f|i|s|s|i|o|n| |w|a|r|m| |w|e|b|r|e|n|d|e|r|,102210fe594ee9b33d82058545b1ed14f4c8206e,ContentfulSpeedIndex,amazon,True,amazon ContentfulSpeedIndex opt fission warm webrender,,77,ms,firefox,,1785588245,2023-11-01T21:17:16,194.2,3eea9367b17b3c112968a3f0e008b1005452bbdd,1325895
autoland,3870186,13,f36c3750a6bc0db1e2bc910e5f3a3acace5985a7,windows10-64-shippable-qr,True,False,,|f|i|s|s|i|o|n| |w|a|r|m| |w|e|b|r|e|n|d|e|r|,102210fe594ee9b33d82058545b1ed14f4c8206e,ContentfulSpeedIndex,amazon,True,amazon ContentfulSpeedIndex opt fission warm webrender,,77,ms,firefox,,1785718758,2023-11-02T01:36:12,186.6,0ea21c7c9ab7dcf411a8094c876b12784bc6343c,1325979
autoland,3870186,13,f36c3750a6bc0db1e2bc910e5f3a3acace5985a7,windows10-64-shippable-qr,True,False,,|f|i|s|s|i|o|n| |w|a|r|m| |w|e|b|r|e|n|d|e|r|,102210fe594ee9b33d82058545b1ed14f4c8206e,ContentfulSpeedIndex,amazon,True,amazon ContentfulSpeedIndex opt fission warm webrender,,77,ms,firefox,,1785834095,2023-11-02T06:18:28,189.6,1fcf041bc427507f767a28519182263ab9925550,1326017
autoland,3870186,13,f36c3750a6bc0db1e2bc910e5f3a3acace5985a7,windows10-64-shippable-qr,True,False,,|f|i|s|s|i|o|n| |w|a|r|m| |w|e|b|r|e|n|d|e|r|,102210fe594ee9b33d82058545b1ed14f4c8206e,ContentfulSpeedIndex,amazon,True,amazon ContentfulSpeedIndex opt fission warm webrender,,77,ms,firefox,,1785961006,2023-11-02T10:56:45,196.2,86b37d608b6dff619ef21dd6df25970d2f35504f,1326103
autoland,3870186,13,f36c3750a6bc0db1e2bc910e5f3a3acace5985a7,windows10-64-shippable-qr,True,False,,|f|i|s|s|i|o|n| |w|a|r|m| |w|e|b|r|e|n|d|e|r|,102210fe594ee9b33d82058545b1ed14f4c8206e,ContentfulSpeedIndex,amazon,True,amazon ContentfulSpeedIndex opt fission warm webrender,,77,ms,firefox,,1785979695,2023-11-02T12:13:53,202.3,59754ae1b71386535d42979e577deaaad4aa522f,1326138
autoland,3870186,13,f36c3750a6bc0db1e2bc910e5f3a3acace5985a7,windows10-64-shippable-qr,True,False,,|f|i|s|s|i|o|n| |w|a|r|m| |w|e|b|r|e|n|d|e|r|,102210fe594ee9b33d82058545b1ed14f4c8206e,ContentfulSpeedIndex,amazon,True,amazon ContentfulSpeedIndex opt fission warm webrender,,77,ms,firefox,,1786519393,2023-11-02T13:30:08,192.2,42ea9e037ab397f0632ce37f1bd8709b44ffa6ff,1326191
autoland,3870186,13,f36c3750a6bc0db1e2bc910e5f3a3acace5985a7,windows10-64-shippable-qr,True,False,,|f|i|s|s|i|o|n| |w|a|r|m| |w|e|b|r|e|n|d|e|r|,102210fe594ee9b33d82058545b1ed14f4c8206e,ContentfulSpeedIndex,amazon,True,amazon ContentfulSpeedIndex opt fission warm webrender,,77,ms,firefox,,1786512967,2023-11-02T13:48:11,192.4,08cb433e982fa288536eb388ba3946a21ef856c1,1326209
autoland,3870186,13,f36c3750a6bc0db1e2bc910e5f3a3acace5985a7,windows10-64-shippable-qr,True,False,,|f|i|s|s|i|o|n| |w|a|r|m| |w|e|b|r|e|n|d|e|r|,102210fe594ee9b33d82058545b1ed14f4c8206e,ContentfulSpeedIndex,amazon,True,amazon ContentfulSpeedIndex opt fission warm webrender,,77,ms,firefox,,1786110364,2023-11-02T15:35:11,196.7,b32fede7af3947e835399bab4d1d7f096517521f,1326301
autoland,3870186,13,f36c3750a6bc0db1e2bc910e5f3a3acace5985a7,windows10-64-shippable-qr,True,False,,|f|i|s|s|i|o|n| |w|a|r|m| |w|e|b|r|e|n|d|e|r|,102210fe594ee9b33d82058545b1ed14f4c8206e,ContentfulSpeedIndex,amazon,True,amazon ContentfulSpeedIndex opt fission warm webrender,,77,ms,firefox,,1786333992,2023-11-02T19:35:23,195.1,94e5f553d8ee5632338645c8928e3cc1454d7b5b,1326465
autoland,3870186,13,f36c3750a6bc0db1e2bc910e5f3a3acace5985a7,windows10-64-shippable-qr,True,False,,|f|i|s|s|i|o|n| |w|a|r|m| |w|e|b|r|e|n|d|e|r|,102210fe594ee9b33d82058545b1ed14f4c8206e,ContentfulSpeedIndex,amazon,True,amazon ContentfulSpeedIndex opt fission warm webrender,,77,ms,firefox,,1786387630,2023-11-02T22:16:50,199.4,e76a1dc1e2e5cfa536e6893665fb8d42d2669341,1326592
autoland,3870186,13,f36c3750a6bc0db1e2bc910e5f3a3acace5985a7,windows10-64-shippable-qr,True,False,,|f|i|s|s|i|o|n| |w|a|r|m| |w|e|b|r|e|n|d|e|r|,102210fe594ee9b33d82058545b1ed14f4c8206e,ContentfulSpeedIndex,amazon,True,amazon ContentfulSpeedIndex opt fission warm webrender,,77,ms,firefox,,1786494218,2023-11-03T02:17:21,190.1,7398cacb1ad3e7be98ad07eff3a56fd050025c48,1326661
autoland,3870186,13,f36c3750a6bc0db1e2bc910e5f3a3acace5985a7,windows10-64-shippable-qr,True,False,,|f|i|s|s|i|o|n| |w|a|r|m| |w|e|b|r|e|n|d|e|r|,102210fe594ee9b33d82058545b1ed14f4c8206e,ContentfulSpeedIndex,amazon,True,amazon ContentfulSpeedIndex opt fission warm webrender,,77,ms,firefox,,1786563236,2023-11-03T06:29:48,200.8,63221dffde4f2b6c134c16fb540dea75d856626d,1326720
autoland,3870186,13,f36c3750a6bc0db1e2bc910e5f3a3acace5985a7,windows10-64-shippable-qr,True,False,,|f|i|s|s|i|o|n| |w|a|r|m| |w|e|b|r|e|n|d|e|r|,102210fe594ee9b33d82058545b1ed14f4c8206e,ContentfulSpeedIndex,amazon,True,amazon ContentfulSpeedIndex opt fission warm webrender,,77,ms,firefox,,1786711074,2023-11-03T09:45:55,200.5,fef2ab0f10caa08593c20e7febc4cec185670a4a,1326769
autoland,3870186,13,f36c3750a6bc0db1e2bc910e5f3a3acace5985a7,windows10-64-shippable-qr,True,False,,|f|i|s|s|i|o|n| |w|a|r|m| |w|e|b|r|e|n|d|e|r|,102210fe594ee9b33d82058545b1ed14f4c8206e,ContentfulSpeedIndex,amazon,True,amazon ContentfulSpeedIndex opt fission warm webrender,,77,ms,firefox,,1786815025,2023-11-03T14:08:17,195.7,db8c28afe588aab0cd434e280a4614c075350cde,1326874
autoland,3870186,13,f36c3750a6bc0db1e2bc910e5f3a3acace5985a7,windows10-64-shippable-qr,True,False,,|f|i|s|s|i|o|n| |w|a|r|m| |w|e|b|r|e|n|d|e|r|,102210fe594ee9b33d82058545b1ed14f4c8206e,ContentfulSpeedIndex,amazon,True,amazon ContentfulSpeedIndex opt fission warm webrender,,77,ms,firefox,,1787177387,2023-11-03T14:30:10,190.9,218b0b33b6bb55913c005cf174b1dcc8c1fb63ba,1326901
autoland,3870186,13,f36c3750a6bc0db1e2bc910e5f3a3acace5985a7,windows10-64-shippable-qr,True,False,,|f|i|s|s|i|o|n| |w|a|r|m| |w|e|b|r|e|n|d|e|r|,102210fe594ee9b33d82058545b1ed14f4c8206e,ContentfulSpeedIndex,amazon,True,amazon ContentfulSpeedIndex opt fission warm webrender,,77,ms,firefox,,1787175302,2023-11-03T14:52:04,191.4,0896ccb4c8266515669efe20006dd62d7cc46e05,1326910
autoland,3870186,13,f36c3750a6bc0db1e2bc910e5f3a3acace5985a7,windows10-64-shippable-qr,True,False,,|f|i|s|s|i|o|n| |w|a|r|m| |w|e|b|r|e|n|d|e|r|,102210fe594ee9b33d82058545b1ed14f4c8206e,ContentfulSpeedIndex,amazon,True,amazon ContentfulSpeedIndex opt fission warm webrender,,77,ms,firefox,,1786936043,2023-11-03T15:30:02,193.7,c1bbed9e33815cc111047e95375c6446ad566b5b,1326932
autoland,3870186,13,f36c3750a6bc0db1e2bc910e5f3a3acace5985a7,windows10-64-shippable-qr,True,False,,|f|i|s|s|i|o|n| |w|a|r|m| |w|e|b|r|e|n|d|e|r|,102210fe594ee9b33d82058545b1ed14f4c8206e,ContentfulSpeedIndex,amazon,True,amazon ContentfulSpeedIndex opt fission warm webrender,,77,ms,firefox,,1786992115,2023-11-03T19:29:08,192.5,3483c8458f12814829ccacc001ce04923ce9c601,1327119
autoland,3870186,13,f36c3750a6bc0db1e2bc910e5f3a3acace5985a7,windows10-64-shippable-qr,True,False,,|f|i|s|s|i|o|n| |w|a|r|m| |w|e|b|r|e|n|d|e|r|,102210fe594ee9b33d82058545b1ed14f4c8206e,ContentfulSpeedIndex,amazon,True,amazon ContentfulSpeedIndex opt fission warm webrender,,77,ms,firefox,,1787114293,2023-11-04T00:04:01,188.8,71b8373e6622cf42c02a4244f2c2629c6afed2db,1327246
autoland,3870186,13,f36c3750a6bc0db1e2bc910e5f3a3acace5985a7,windows10-64-shippable-qr,True,False,,|f|i|s|s|i|o|n| |w|a|r|m| |w|e|b|r|e|n|d|e|r|,102210fe594ee9b33d82058545b1ed14f4c8206e,ContentfulSpeedIndex,amazon,True,amazon ContentfulSpeedIndex opt fission warm webrender,,77,ms,firefox,,1787145038,2023-11-04T01:35:30,179.4,fa8ebe703963d027ce9185c21a4e7bdc98f8cd68,1327271
autoland,3870186,13,f36c3750a6bc0db1e2bc910e5f3a3acace5985a7,windows10-64-shippable-qr,True,False,,|f|i|s|s|i|o|n| |w|a|r|m| |w|e|b|r|e|n|d|e|r|,102210fe594ee9b33d82058545b1ed14f4c8206e,ContentfulSpeedIndex,amazon,True,amazon ContentfulSpeedIndex opt fission warm webrender,,77,ms,firefox,,1787227179,2023-11-04T08:24:01,189.0,f65c77517e3e8d32a23f3607a039a558abd2b12c,1327306
autoland,3870186,13,f36c3750a6bc0db1e2bc910e5f3a3acace5985a7,windows10-64-shippable-qr,True,False,,|f|i|s|s|i|o|n| |w|a|r|m| |w|e|b|r|e|n|d|e|r|,102210fe594ee9b33d82058545b1ed14f4c8206e,ContentfulSpeedIndex,amazon,True,amazon ContentfulSpeedIndex opt fission warm webrender,,77,ms,firefox,,1787357779,2023-11-04T14:15:16,186.8,90f5a1a99e4af4267d041ebe447fe2c0d6028eec,1327379
autoland,3870186,13,f36c3750a6bc0db1e2bc910e5f3a3acace5985a7,windows10-64-shippable-qr,True,False,,|f|i|s|s|i|o|n| |w|a|r|m| |w|e|b|r|e|n|d|e|r|,102210fe594ee9b33d82058545b1ed14f4c8206e,ContentfulSpeedIndex,amazon,True,amazon ContentfulSpeedIndex opt fission warm webrender,,77,ms,firefox,,1787448909,2023-11-04T18:45:40,190.3,55a02a6f1e91945e24618f64bd61b9f3a0beeea0,1327418
autoland,3870186,13,f36c3750a6bc0db1e2bc910e5f3a3acace5985a7,windows10-64-shippable-qr,True,False,,|f|i|s|s|i|o|n| |w|a|r|m| |w|e|b|r|e|n|d|e|r|,102210fe594ee9b33d82058545b1ed14f4c8206e,ContentfulSpeedIndex,amazon,True,amazon ContentfulSpeedIndex opt fission warm webrender,,77,ms,firefox,,1787510872,2023-11-04T23:01:16,178.9,c6d6218c85ae690d272c8b978051ec7c2718b1b2,1327454
autoland,3870186,13,f36c3750a6bc0db1e2bc910e5f3a3acace5985a7,windows10-64-shippable-qr,True,False,,|f|i|s|s|i|o|n| |w|a|r|m| |w|e|b|r|e|n|d|e|r|,102210fe594ee9b33d82058545b1ed14f4c8206e,ContentfulSpeedIndex,amazon,True,amazon ContentfulSpeedIndex opt fission warm webrender,,77,ms,firefox,,1787744744,2023-11-05T12:31:02,184.0,6e473b5825d2acd52739d9cc4cdec6ea5e26c9d1,1327508
autoland,3870186,13,f36c3750a6bc0db1e2bc910e5f3a3acace5985a7,windows10-64-shippable-qr,True,False,,|f|i|s|s|i|o|n| |w|a|r|m| |w|e|b|r|e|n|d|e|r|,102210fe594ee9b33d82058545b1ed14f4c8206e,ContentfulSpeedIndex,amazon,True,amazon ContentfulSpeedIndex opt fission warm webrender,,77,ms,firefox,,1787883571,2023-11-05T17:15:11,193.8,e4d362eebc148baf8432d0b013b6233995a2f16e,1327546
autoland,3870186,13,f36c3750a6bc0db1e2bc910e5f3a3acace5985a7,windows10-64-shippable-qr,True,False,,|f|i|s|s|i|o|n| |w|a|r|m| |w|e|b|r|e|n|d|e|r|,102210fe594ee9b33d82058545b1ed14f4c8206e,ContentfulSpeedIndex,amazon,True,amazon ContentfulSpeedIndex opt fission warm webrender,,77,ms,firefox,,1787995537,2023-11-05T22:35:05,196.8,1995198e0bee1b9f7d4ac3a5286fb89a8305fa28,1327567
autoland,3870186,13,f36c3750a6bc0db1e2bc910e5f3a3acace5985a7,windows10-64-shippable-qr,True,False,,|f|i|s|s|i|o|n| |w|a|r|m| |w|e|b|r|e|n|d|e|r|,102210fe594ee9b33d82058545b1ed14f4c8206e,ContentfulSpeedIndex,amazon,True,amazon ContentfulSpeedIndex opt fission warm webrender,,77,ms,firefox,,1788232619,2023-11-06T03:28:15,181.4,925231a8fb5eccf055afb3e9921596d8f990128b,1327590
autoland,3870186,13,f36c3750a6bc0db1e2bc910e5f3a3acace5985a7,windows10-64-shippable-qr,True,False,,|f|i|s|s|i|o|n| |w|a|r|m| |w|e|b|r|e|n|d|e|r|,102210fe594ee9b33d82058545b1ed14f4c8206e,ContentfulSpeedIndex,amazon,True,amazon ContentfulSpeedIndex opt fission warm webrender,,77,ms,firefox,,1788299085,2023-11-06T06:27:10,194.4,58f61f19462af6371405866cd0506983856d5433,1327613
autoland,3870186,13,f36c3750a6bc0db1e2bc910e5f3a3acace5985a7,windows10-64-shippable-qr,True,False,,|f|i|s|s|i|o|n| |w|a|r|m| |w|e|b|r|e|n|d|e|r|,102210fe594ee9b33d82058545b1ed14f4c8206e,ContentfulSpeedIndex,amazon,True,amazon ContentfulSpeedIndex opt fission warm webrender,,77,ms,firefox,,1788513420,2023-11-06T10:22:32,194.4,47130f8e8a79f36f7bea8cf4a4a19a3ef155e539,1327714
autoland,3870186,13,f36c3750a6bc0db1e2bc910e5f3a3acace5985a7,windows10-64-shippable-qr,True,False,,|f|i|s|s|i|o|n| |w|a|r|m| |w|e|b|r|e|n|d|e|r|,102210fe594ee9b33d82058545b1ed14f4c8206e,ContentfulSpeedIndex,amazon,True,amazon ContentfulSpeedIndex opt fission warm webrender,,77,ms,firefox,,1788589810,2023-11-06T14:23:08,206.1,e85ef9b0c6ee61f9f14bf8b49cd5f6e0a5fac3d7,1327890
autoland,3870186,13,f36c3750a6bc0db1e2bc910e5f3a3acace5985a7,windows10-64-shippable-qr,True,False,,|f|i|s|s|i|o|n| |w|a|r|m| |w|e|b|r|e|n|d|e|r|,102210fe594ee9b33d82058545b1ed14f4c8206e,ContentfulSpeedIndex,amazon,True,amazon ContentfulSpeedIndex opt fission warm webrender,,77,ms,firefox,,1788811742,2023-11-06T17:39:09,195.0,6d5e2f6a296345f3afbeecf2e34bf0f7da7c7991,1328028
autoland,3870186,13,f36c3750a6bc0db1e2bc910e5f3a3acace5985a7,windows10-64-shippable-qr,True,False,,|f|i|s|s|i|o|n| |w|a|r|m| |w|e|b|r|e|n|d|e|r|,102210fe594ee9b33d82058545b1ed14f4c8206e,ContentfulSpeedIndex,amazon,True,amazon ContentfulSpeedIndex opt fission warm webrender,,77,ms,firefox,,1789183498,2023-11-06T19:35:04,179.9,503650406cb658c3bb6b55a44c03d5b95ae8ff5b,1328081
autoland,3870186,13,f36c3750a6bc0db1e2bc910e5f3a3acace5985a7,windows10-64-shippable-qr,True,False,,|f|i|s|s|i|o|n| |w|a|r|m| |w|e|b|r|e|n|d|e|r|,102210fe594ee9b33d82058545b1ed14f4c8206e,ContentfulSpeedIndex,amazon,True,amazon ContentfulSpeedIndex opt fission warm webrender,,77,ms,firefox,,1789057656,2023-11-06T19:36:11,186.8,89a118c5878608de9ce47ac8182b338e6ef13c33,1328083
autoland,3870186,13,f36c3750a6bc0db1e2bc910e5f3a3acace5985a7,windows10-64-shippable-qr,True,False,,|f|i|s|s|i|o|n| |w|a|r|m| |w|e|b|r|e|n|d|e|r|,102210fe594ee9b33d82058545b1ed14f4c8206e,ContentfulSpeedIndex,amazon,True,amazon ContentfulSpeedIndex opt fission warm webrender,,77,ms,firefox,,1790230109,2023-11-06T19:37:11,194.7,e8b0c1e18317249283d8b9f4dc462d8226397ac0,1328084
autoland,3870186,13,f36c3750a6bc0db1e2bc910e5f3a3acace5985a7,windows10-64-shippable-qr,True,False,,|f|i|s|s|i|o|n| |w|a|r|m| |w|e|b|r|e|n|d|e|r|,102210fe594ee9b33d82058545b1ed14f4c8206e,ContentfulSpeedIndex,amazon,True,amazon ContentfulSpeedIndex opt fission warm webrender,,77,ms,firefox,,1790224607,2023-11-06T19:39:13,175.5,311803c2edc24aaca0e481dd4e94f72aba642ac7,1328085
autoland,3870186,13,f36c3750a6bc0db1e2bc910e5f3a3acace5985a7,windows10-64-shippable-qr,True,False,,|f|i|s|s|i|o|n| |w|a|r|m| |w|e|b|r|e|n|d|e|r|,102210fe594ee9b33d82058545b1ed14f4c8206e,ContentfulSpeedIndex,amazon,True,amazon ContentfulSpeedIndex opt fission warm webrender,,77,ms,firefox,,1790225047,2023-11-06T19:40:05,177.2,d69113074ead31be06d4cacdff2ab24916843f59,1328086
autoland,3870186,13,f36c3750a6bc0db1e2bc910e5f3a3acace5985a7,windows10-64-shippable-qr,True,False,,|f|i|s|s|i|o|n| |w|a|r|m| |w|e|b|r|e|n|d|e|r|,102210fe594ee9b33d82058545b1ed14f4c8206e,ContentfulSpeedIndex,amazon,True,amazon ContentfulSpeedIndex opt fission warm webrender,,77,ms,firefox,,1790225273,2023-11-06T19:50:45,184.5,3f4a69d7c8df7ed62a613ad7badd6e14258543b9,1328088
autoland,3870186,13,f36c3750a6bc0db1e2bc910e5f3a3acace5985a7,windows10-64-shippable-qr,True,False,,|f|i|s|s|i|o|n| |w|a|r|m| |w|e|b|r|e|n|d|e|r|,102210fe594ee9b33d82058545b1ed14f4c8206e,ContentfulSpeedIndex,amazon,True,amazon ContentfulSpeedIndex opt fission warm webrender,,77,ms,firefox,,1790225336,2023-11-06T19:51:38,208.4,5e80679d91c573a029aa9cac459cee99f952016f,1328089
autoland,3870186,13,f36c3750a6bc0db1e2bc910e5f3a3acace5985a7,windows10-64-shippable-qr,True,False,,|f|i|s|s|i|o|n| |w|a|r|m| |w|e|b|r|e|n|d|e|r|,102210fe594ee9b33d82058545b1ed14f4c8206e,ContentfulSpeedIndex,amazon,True,amazon ContentfulSpeedIndex opt fission warm webrender,,77,ms,firefox,,1789168999,2023-11-06T19:52:32,178.5,ffb99ffa3c65771df47bdf63bc01d231c1b8de95,1328090
autoland,3870186,13,f36c3750a6bc0db1e2bc910e5f3a3acace5985a7,windows10-64-shippable-qr,True,False,,|f|i|s|s|i|o|n| |w|a|r|m| |w|e|b|r|e|n|d|e|r|,102210fe594ee9b33d82058545b1ed14f4c8206e,ContentfulSpeedIndex,amazon,True,amazon ContentfulSpeedIndex opt fission warm webrender,,77,ms,firefox,,1789215000,2023-11-06T19:53:36,183.8,14364903b3513c984be3affb09c263c89bd313c6,1328091
autoland,3870186,13,f36c3750a6bc0db1e2bc910e5f3a3acace5985a7,windows10-64-shippable-qr,True,False,,|f|i|s|s|i|o|n| |w|a|r|m| |w|e|b|r|e|n|d|e|r|,102210fe594ee9b33d82058545b1ed14f4c8206e,ContentfulSpeedIndex,amazon,True,amazon ContentfulSpeedIndex opt fission warm webrender,,77,ms,firefox,,1790225475,2023-11-06T20:03:08,186.8,5f1ebbf346712cdc7542680ad9b5509717872d9f,1328094
autoland,3870186,13,f36c3750a6bc0db1e2bc910e5f3a3acace5985a7,windows10-64-shippable-qr,True,False,,|f|i|s|s|i|o|n| |w|a|r|m| |w|e|b|r|e|n|d|e|r|,102210fe594ee9b33d82058545b1ed14f4c8206e,ContentfulSpeedIndex,amazon,True,amazon ContentfulSpeedIndex opt fission warm webrender,,77,ms,firefox,,1790226777,2023-11-06T20:21:45,206.0,8ac260a8088ca49db6fa77bd43680b1286c83f46,1328098
autoland,3870186,13,f36c3750a6bc0db1e2bc910e5f3a3acace5985a7,windows10-64-shippable-qr,True,False,,|f|i|s|s|i|o|n| |w|a|r|m| |w|e|b|r|e|n|d|e|r|,102210fe594ee9b33d82058545b1ed14f4c8206e,ContentfulSpeedIndex,amazon,True,amazon ContentfulSpeedIndex opt fission warm webrender,,77,ms,firefox,,1788871909,2023-11-06T20:45:17,185.1,cfad60e16bc9ffd1123a5eb881ba42aaa60b9b18,1328100
autoland,3870186,13,f36c3750a6bc0db1e2bc910e5f3a3acace5985a7,windows10-64-shippable-qr,True,False,,|f|i|s|s|i|o|n| |w|a|r|m| |w|e|b|r|e|n|d|e|r|,102210fe594ee9b33d82058545b1ed14f4c8206e,ContentfulSpeedIndex,amazon,True,amazon ContentfulSpeedIndex opt fission warm webrender,,77,ms,firefox,,1790226657,2023-11-06T22:41:20,182.6,3d3ebb5ba324f46a56703d790f17a9a2e454ae53,1328112
autoland,3870186,13,f36c3750a6bc0db1e2bc910e5f3a3acace5985a7,windows10-64-shippable-qr,True,False,,|f|i|s|s|i|o|n| |w|a|r|m| |w|e|b|r|e|n|d|e|r|,102210fe594ee9b33d82058545b1ed14f4c8206e,ContentfulSpeedIndex,amazon,True,amazon ContentfulSpeedIndex opt fission warm webrender,,77,ms,firefox,,1790227146,2023-11-06T22:42:13,196.3,22dabeeceade4aa327f96451922ad2697af4bd81,1328113
autoland,3870186,13,f36c3750a6bc0db1e2bc910e5f3a3acace5985a7,windows10-64-shippable-qr,True,False,,|f|i|s|s|i|o|n| |w|a|r|m| |w|e|b|r|e|n|d|e|r|,102210fe594ee9b33d82058545b1ed14f4c8206e,ContentfulSpeedIndex,amazon,True,amazon ContentfulSpeedIndex opt fission warm webrender,,77,ms,firefox,,1793293549,2023-11-06T22:42:13,190.2,22dabeeceade4aa327f96451922ad2697af4bd81,1328113
autoland,3870186,13,f36c3750a6bc0db1e2bc910e5f3a3acace5985a7,windows10-64-shippable-qr,True,False,,|f|i|s|s|i|o|n| |w|a|r|m| |w|e|b|r|e|n|d|e|r|,102210fe594ee9b33d82058545b1ed14f4c8206e,ContentfulSpeedIndex,amazon,True,amazon ContentfulSpeedIndex opt fission warm webrender,,77,ms,firefox,,1793293943,2023-11-06T22:42:13,186.3,22dabeeceade4aa327f96451922ad2697af4bd81,1328113
autoland,3870186,13,f36c3750a6bc0db1e2bc910e5f3a3acace5985a7,windows10-64-shippable-qr,True,False,,|f|i|s|s|i|o|n| |w|a|r|m| |w|e|b|r|e|n|d|e|r|,102210fe594ee9b33d82058545b1ed14f4c8206e,ContentfulSpeedIndex,amazon,True,amazon ContentfulSpeedIndex opt fission warm webrender,,77,ms,firefox,,1793294362,2023-11-06T22:42:13,195.9,22dabeeceade4aa327f96451922ad2697af4bd81,1328113
autoland,3870186,13,f36c3750a6bc0db1e2bc910e5f3a3acace5985a7,windows10-64-shippable-qr,True,False,,|f|i|s|s|i|o|n| |w|a|r|m| |w|e|b|r|e|n|d|e|r|,102210fe594ee9b33d82058545b1ed14f4c8206e,ContentfulSpeedIndex,amazon,True,amazon ContentfulSpeedIndex opt fission warm webrender,,77,ms,firefox,,1793294378,2023-11-06T22:42:13,186.0,22dabeeceade4aa327f96451922ad2697af4bd81,1328113
autoland,3870186,13,f36c3750a6bc0db1e2bc910e5f3a3acace5985a7,windows10-64-shippable-qr,True,False,,|f|i|s|s|i|o|n| |w|a|r|m| |w|e|b|r|e|n|d|e|r|,102210fe594ee9b33d82058545b1ed14f4c8206e,ContentfulSpeedIndex,amazon,True,amazon ContentfulSpeedIndex opt fission warm webrender,,77,ms,firefox,,1790227576,2023-11-06T22:57:31,200.4,45d2c2d6343e237f1890eba5bd19d5b37ba133e6,1328117
autoland,3870186,13,f36c3750a6bc0db1e2bc910e5f3a3acace5985a7,windows10-64-shippable-qr,True,False,,|f|i|s|s|i|o|n| |w|a|r|m| |w|e|b|r|e|n|d|e|r|,102210fe594ee9b33d82058545b1ed14f4c8206e,ContentfulSpeedIndex,amazon,True,amazon ContentfulSpeedIndex opt fission warm webrender,,77,ms,firefox,,1793291507,2023-11-06T22:57:31,196.1,45d2c2d6343e237f1890eba5bd19d5b37ba133e6,1328117
autoland,3870186,13,f36c3750a6bc0db1e2bc910e5f3a3acace5985a7,windows10-64-shippable-qr,True,False,,|f|i|s|s|i|o|n| |w|a|r|m| |w|e|b|r|e|n|d|e|r|,102210fe594ee9b33d82058545b1ed14f4c8206e,ContentfulSpeedIndex,amazon,True,amazon ContentfulSpeedIndex opt fission warm webrender,,77,ms,firefox,,1793291608,2023-11-06T22:57:31,196.8,45d2c2d6343e237f1890eba5bd19d5b37ba133e6,1328117
autoland,3870186,13,f36c3750a6bc0db1e2bc910e5f3a3acace5985a7,windows10-64-shippable-qr,True,False,,|f|i|s|s|i|o|n| |w|a|r|m| |w|e|b|r|e|n|d|e|r|,102210fe594ee9b33d82058545b1ed14f4c8206e,ContentfulSpeedIndex,amazon,True,amazon ContentfulSpeedIndex opt fission warm webrender,,77,ms,firefox,,1793292488,2023-11-06T22:57:31,207.7,45d2c2d6343e237f1890eba5bd19d5b37ba133e6,1328117
autoland,3870186,13,f36c3750a6bc0db1e2bc910e5f3a3acace5985a7,windows10-64-shippable-qr,True,False,,|f|i|s|s|i|o|n| |w|a|r|m| |w|e|b|r|e|n|d|e|r|,102210fe594ee9b33d82058545b1ed14f4c8206e,ContentfulSpeedIndex,amazon,True,amazon ContentfulSpeedIndex opt fission warm webrender,,77,ms,firefox,,1793292981,2023-11-06T22:57:31,210.2,45d2c2d6343e237f1890eba5bd19d5b37ba133e6,1328117
autoland,3870186,13,f36c3750a6bc0db1e2bc910e5f3a3acace5985a7,windows10-64-shippable-qr,True,False,,|f|i|s|s|i|o|n| |w|a|r|m| |w|e|b|r|e|n|d|e|r|,102210fe594ee9b33d82058545b1ed14f4c8206e,ContentfulSpeedIndex,amazon,True,amazon ContentfulSpeedIndex opt fission warm webrender,,77,ms,firefox,,1790227480,2023-11-06T23:13:47,210.9,43b59cbb85aaf216a5e94928885da93afceadbe9,1328119
autoland,3870186,13,f36c3750a6bc0db1e2bc910e5f3a3acace5985a7,windows10-64-shippable-qr,True,False,,|f|i|s|s|i|o|n| |w|a|r|m| |w|e|b|r|e|n|d|e|r|,102210fe594ee9b33d82058545b1ed14f4c8206e,ContentfulSpeedIndex,amazon,True,amazon ContentfulSpeedIndex opt fission warm webrender,,77,ms,firefox,,1793292228,2023-11-06T23:13:47,205.2,43b59cbb85aaf216a5e94928885da93afceadbe9,1328119
autoland,3870186,13,f36c3750a6bc0db1e2bc910e5f3a3acace5985a7,windows10-64-shippable-qr,True,False,,|f|i|s|s|i|o|n| |w|a|r|m| |w|e|b|r|e|n|d|e|r|,102210fe594ee9b33d82058545b1ed14f4c8206e,ContentfulSpeedIndex,amazon,True,amazon ContentfulSpeedIndex opt fission warm webrender,,77,ms,firefox,,1793292231,2023-11-06T23:13:47,211.4,43b59cbb85aaf216a5e94928885da93afceadbe9,1328119
autoland,3870186,13,f36c3750a6bc0db1e2bc910e5f3a3acace5985a7,windows10-64-shippable-qr,True,False,,|f|i|s|s|i|o|n| |w|a|r|m| |w|e|b|r|e|n|d|e|r|,102210fe594ee9b33d82058545b1ed14f4c8206e,ContentfulSpeedIndex,amazon,True,amazon ContentfulSpeedIndex opt fission warm webrender,,77,ms,firefox,,1793292175,2023-11-06T23:13:47,206.2,43b59cbb85aaf216a5e94928885da93afceadbe9,1328119
autoland,3870186,13,f36c3750a6bc0db1e2bc910e5f3a3acace5985a7,windows10-64-shippable-qr,True,False,,|f|i|s|s|i|o|n| |w|a|r|m| |w|e|b|r|e|n|d|e|r|,102210fe594ee9b33d82058545b1ed14f4c8206e,ContentfulSpeedIndex,amazon,True,amazon ContentfulSpeedIndex opt fission warm webrender,,77,ms,firefox,,1793292233,2023-11-06T23:13:47,206.2,43b59cbb85aaf216a5e94928885da93afceadbe9,1328119
autoland,3870186,13,f36c3750a6bc0db1e2bc910e5f3a3acace5985a7,windows10-64-shippable-qr,True,False,,|f|i|s|s|i|o|n| |w|a|r|m| |w|e|b|r|e|n|d|e|r|,102210fe594ee9b33d82058545b1ed14f4c8206e,ContentfulSpeedIndex,amazon,True,amazon ContentfulSpeedIndex opt fission warm webrender,,77,ms,firefox,,1790229132,2023-11-06T23:21:39,195.2,b94cf8b4d458998cb3ed56160bd04d8905245391,1328121
autoland,3870186,13,f36c3750a6bc0db1e2bc910e5f3a3acace5985a7,windows10-64-shippable-qr,True,False,,|f|i|s|s|i|o|n| |w|a|r|m| |w|e|b|r|e|n|d|e|r|,102210fe594ee9b33d82058545b1ed14f4c8206e,ContentfulSpeedIndex,amazon,True,amazon ContentfulSpeedIndex opt fission warm webrender,,77,ms,firefox,,1790229036,2023-11-07T00:00:20,205.9,b67f6f17bf520d00fc9e23cc215fd03aec839c93,1328241
autoland,3870186,13,f36c3750a6bc0db1e2bc910e5f3a3acace5985a7,windows10-64-shippable-qr,True,False,,|f|i|s|s|i|o|n| |w|a|r|m| |w|e|b|r|e|n|d|e|r|,102210fe594ee9b33d82058545b1ed14f4c8206e,ContentfulSpeedIndex,amazon,True,amazon ContentfulSpeedIndex opt fission warm webrender,,77,ms,firefox,,1790227698,2023-11-07T00:10:25,213.9,22256b82c89493a7c2988d3a553459619eb1874d,1328244
autoland,3870186,13,f36c3750a6bc0db1e2bc910e5f3a3acace5985a7,windows10-64-shippable-qr,True,False,,|f|i|s|s|i|o|n| |w|a|r|m| |w|e|b|r|e|n|d|e|r|,102210fe594ee9b33d82058545b1ed14f4c8206e,ContentfulSpeedIndex,amazon,True,amazon ContentfulSpeedIndex opt fission warm webrender,,77,ms,firefox,,1790228992,2023-11-07T00:20:50,200.8,cc685dc9db5ee6a3f33efb0607ca72354addd71f,1328251
autoland,3870186,13,f36c3750a6bc0db1e2bc910e5f3a3acace5985a7,windows10-64-shippable-qr,True,False,,|f|i|s|s|i|o|n| |w|a|r|m| |w|e|b|r|e|n|d|e|r|,102210fe594ee9b33d82058545b1ed14f4c8206e,ContentfulSpeedIndex,amazon,True,amazon ContentfulSpeedIndex opt fission warm webrender,,77,ms,firefox,,1788995282,2023-11-07T01:37:21,206.2,05f23c29b41cfcb7bfe0b081854260fa6d04388f,1328269
autoland,3870186,13,f36c3750a6bc0db1e2bc910e5f3a3acace5985a7,windows10-64-shippable-qr,True,False,,|f|i|s|s|i|o|n| |w|a|r|m| |w|e|b|r|e|n|d|e|r|,102210fe594ee9b33d82058545b1ed14f4c8206e,ContentfulSpeedIndex,amazon,True,amazon ContentfulSpeedIndex opt fission warm webrender,,77,ms,firefox,,1790229553,2023-11-07T03:28:20,202.5,6e2a2b5bb5913d493da900bb833b117d23d8dae7,1328292
autoland,3870186,13,f36c3750a6bc0db1e2bc910e5f3a3acace5985a7,windows10-64-shippable-qr,True,False,,|f|i|s|s|i|o|n| |w|a|r|m| |w|e|b|r|e|n|d|e|r|,102210fe594ee9b33d82058545b1ed14f4c8206e,ContentfulSpeedIndex,amazon,True,amazon ContentfulSpeedIndex opt fission warm webrender,,77,ms,firefox,,1790230135,2023-11-07T04:39:53,203.8,2516d38fcdfa499e0c7ff0a8aaea0a4322a9d6cb,1328299
autoland,3870186,13,f36c3750a6bc0db1e2bc910e5f3a3acace5985a7,windows10-64-shippable-qr,True,False,,|f|i|s|s|i|o|n| |w|a|r|m| |w|e|b|r|e|n|d|e|r|,102210fe594ee9b33d82058545b1ed14f4c8206e,ContentfulSpeedIndex,amazon,True,amazon ContentfulSpeedIndex opt fission warm webrender,,77,ms,firefox,,1789155401,2023-11-07T05:57:42,211.0,5f6163941f402e507f0d384b9904f2a425a28d57,1328312
autoland,3870186,13,f36c3750a6bc0db1e2bc910e5f3a3acace5985a7,windows10-64-shippable-qr,True,False,,|f|i|s|s|i|o|n| |w|a|r|m| |w|e|b|r|e|n|d|e|r|,102210fe594ee9b33d82058545b1ed14f4c8206e,ContentfulSpeedIndex,amazon,True,amazon ContentfulSpeedIndex opt fission warm webrender,,77,ms,firefox,,1790304562,2023-11-07T06:37:41,206.0,910d9a3cb77f09ec36ab615e00049c4e807280dd,1328316
autoland,3870186,13,f36c3750a6bc0db1e2bc910e5f3a3acace5985a7,windows10-64-shippable-qr,True,False,,|f|i|s|s|i|o|n| |w|a|r|m| |w|e|b|r|e|n|d|e|r|,102210fe594ee9b33d82058545b1ed14f4c8206e,ContentfulSpeedIndex,amazon,True,amazon ContentfulSpeedIndex opt fission warm webrender,,77,ms,firefox,,1790304965,2023-11-07T07:02:30,194.1,e55915ea2f228d364110cbb3a233de8b0bc1fb5b,1328319
autoland,3870186,13,f36c3750a6bc0db1e2bc910e5f3a3acace5985a7,windows10-64-shippable-qr,True,False,,|f|i|s|s|i|o|n| |w|a|r|m| |w|e|b|r|e|n|d|e|r|,102210fe594ee9b33d82058545b1ed14f4c8206e,ContentfulSpeedIndex,amazon,True,amazon ContentfulSpeedIndex opt fission warm webrender,,77,ms,firefox,,1789207214,2023-11-07T07:13:43,200.8,7a3978f0626b31f7d311cbc700a8ad6eef3c38a7,1328322
autoland,3870186,13,f36c3750a6bc0db1e2bc910e5f3a3acace5985a7,windows10-64-shippable-qr,True,False,,|f|i|s|s|i|o|n| |w|a|r|m| |w|e|b|r|e|n|d|e|r|,102210fe594ee9b33d82058545b1ed14f4c8206e,ContentfulSpeedIndex,amazon,True,amazon ContentfulSpeedIndex opt fission warm webrender,,77,ms,firefox,,1789445870,2023-11-07T15:22:28,206.4,3a6678776d36c32f58fe521d73f09bbc1478cbbb,1328534
autoland,3870186,13,f36c3750a6bc0db1e2bc910e5f3a3acace5985a7,windows10-64-shippable-qr,True,False,,|f|i|s|s|i|o|n| |w|a|r|m| |w|e|b|r|e|n|d|e|r|,102210fe594ee9b33d82058545b1ed14f4c8206e,ContentfulSpeedIndex,amazon,True,amazon ContentfulSpeedIndex opt fission warm webrender,,77,ms,firefox,,1789547909,2023-11-07T20:38:50,203.9,2f5322fade4338f844537e7e14979d023e4b7d48,1328596
autoland,3870186,13,f36c3750a6bc0db1e2bc910e5f3a3acace5985a7,windows10-64-shippable-qr,True,False,,|f|i|s|s|i|o|n| |w|a|r|m| |w|e|b|r|e|n|d|e|r|,102210fe594ee9b33d82058545b1ed14f4c8206e,ContentfulSpeedIndex,amazon,True,amazon ContentfulSpeedIndex opt fission warm webrender,,77,ms,firefox,,1789843621,2023-11-07T20:41:36,207.9,a68dd6c75952b039fd90f5f3236f2bb2c5313d30,1328601
autoland,3870186,13,f36c3750a6bc0db1e2bc910e5f3a3acace5985a7,windows10-64-shippable-qr,True,False,,|f|i|s|s|i|o|n| |w|a|r|m| |w|e|b|r|e|n|d|e|r|,102210fe594ee9b33d82058545b1ed14f4c8206e,ContentfulSpeedIndex,amazon,True,amazon ContentfulSpeedIndex opt fission warm webrender,,77,ms,firefox,,1789865745,2023-11-07T20:42:28,199.0,7ec4b8cb61720f01749a68ec9a3e7a9d62f9edca,1328602
autoland,3870186,13,f36c3750a6bc0db1e2bc910e5f3a3acace5985a7,windows10-64-shippable-qr,True,False,,|f|i|s|s|i|o|n| |w|a|r|m| |w|e|b|r|e|n|d|e|r|,102210fe594ee9b33d82058545b1ed14f4c8206e,ContentfulSpeedIndex,amazon,True,amazon ContentfulSpeedIndex opt fission warm webrender,,77,ms,firefox,,1789889846,2023-11-07T20:42:28,191.8,7ec4b8cb61720f01749a68ec9a3e7a9d62f9edca,1328602
autoland,3870186,13,f36c3750a6bc0db1e2bc910e5f3a3acace5985a7,windows10-64-shippable-qr,True,False,,|f|i|s|s|i|o|n| |w|a|r|m| |w|e|b|r|e|n|d|e|r|,102210fe594ee9b33d82058545b1ed14f4c8206e,ContentfulSpeedIndex,amazon,True,amazon ContentfulSpeedIndex opt fission warm webrender,,77,ms,firefox,,1789850966,2023-11-07T20:43:20,215.7,0cb5b12aa2dffce0f3c4119e0e4a1bdeeb5bbd31,1328605
autoland,3870186,13,f36c3750a6bc0db1e2bc910e5f3a3acace5985a7,windows10-64-shippable-qr,True,False,,|f|i|s|s|i|o|n| |w|a|r|m| |w|e|b|r|e|n|d|e|r|,102210fe594ee9b33d82058545b1ed14f4c8206e,ContentfulSpeedIndex,amazon,True,amazon ContentfulSpeedIndex opt fission warm webrender,,77,ms,firefox,,1789698656,2023-11-07T23:09:36,196.7,146ef5c46755802d7609ece035e0115301c936bd,1328770
autoland,3870186,13,f36c3750a6bc0db1e2bc910e5f3a3acace5985a7,windows10-64-shippable-qr,True,False,,|f|i|s|s|i|o|n| |w|a|r|m| |w|e|b|r|e|n|d|e|r|,102210fe594ee9b33d82058545b1ed14f4c8206e,ContentfulSpeedIndex,amazon,True,amazon ContentfulSpeedIndex opt fission warm webrender,,77,ms,firefox,,1790691729,2023-11-08T00:10:31,206.4,bf0c12a3c9849d9076678237eb16ad1452df16bd,1328803
autoland,3870186,13,f36c3750a6bc0db1e2bc910e5f3a3acace5985a7,windows10-64-shippable-qr,True,False,,|f|i|s|s|i|o|n| |w|a|r|m| |w|e|b|r|e|n|d|e|r|,102210fe594ee9b33d82058545b1ed14f4c8206e,ContentfulSpeedIndex,amazon,True,amazon ContentfulSpeedIndex opt fission warm webrender,,77,ms,firefox,,1790647892,2023-11-08T00:11:37,199.8,36cd4787833aa50ad51341da086befe9ab591119,1328804
autoland,3870186,13,f36c3750a6bc0db1e2bc910e5f3a3acace5985a7,windows10-64-shippable-qr,True,False,,|f|i|s|s|i|o|n| |w|a|r|m| |w|e|b|r|e|n|d|e|r|,102210fe594ee9b33d82058545b1ed14f4c8206e,ContentfulSpeedIndex,amazon,True,amazon ContentfulSpeedIndex opt fission warm webrender,,77,ms,firefox,,1789716733,2023-11-08T00:15:37,210.6,54f6a0fa6c5ffe3ce0a5f981a4cdedc058256898,1328812
autoland,3870186,13,f36c3750a6bc0db1e2bc910e5f3a3acace5985a7,windows10-64-shippable-qr,True,False,,|f|i|s|s|i|o|n| |w|a|r|m| |w|e|b|r|e|n|d|e|r|,102210fe594ee9b33d82058545b1ed14f4c8206e,ContentfulSpeedIndex,amazon,True,amazon ContentfulSpeedIndex opt fission warm webrender,,77,ms,firefox,,1789875436,2023-11-08T05:24:12,206.0,68721f0d6aec0facf9c8f271ea2bb2719348014a,1328912
autoland,3870186,13,f36c3750a6bc0db1e2bc910e5f3a3acace5985a7,windows10-64-shippable-qr,True,False,,|f|i|s|s|i|o|n| |w|a|r|m| |w|e|b|r|e|n|d|e|r|,102210fe594ee9b33d82058545b1ed14f4c8206e,ContentfulSpeedIndex,amazon,True,amazon ContentfulSpeedIndex opt fission warm webrender,,77,ms,firefox,,1790016318,2023-11-08T09:44:01,192.4,578787894d0e996af4d743caf71b5501330fb2ab,1328973
autoland,3870186,13,f36c3750a6bc0db1e2bc910e5f3a3acace5985a7,windows10-64-shippable-qr,True,False,,|f|i|s|s|i|o|n| |w|a|r|m| |w|e|b|r|e|n|d|e|r|,102210fe594ee9b33d82058545b1ed14f4c8206e,ContentfulSpeedIndex,amazon,True,amazon ContentfulSpeedIndex opt fission warm webrender,,77,ms,firefox,,1790032355,2023-11-08T09:46:58,200.4,e65fca949600e3163fd1befd6423958e0bc70029,1328975
autoland,3870186,13,f36c3750a6bc0db1e2bc910e5f3a3acace5985a7,windows10-64-shippable-qr,True,False,,|f|i|s|s|i|o|n| |w|a|r|m| |w|e|b|r|e|n|d|e|r|,102210fe594ee9b33d82058545b1ed14f4c8206e,ContentfulSpeedIndex,amazon,True,amazon ContentfulSpeedIndex opt fission warm webrender,,77,ms,firefox,,1790684657,2023-11-08T11:14:55,210.5,41529cdc86384f74205666f1f5b781a95de98e58,1329030
autoland,3870186,13,f36c3750a6bc0db1e2bc910e5f3a3acace5985a7,windows10-64-shippable-qr,True,False,,|f|i|s|s|i|o|n| |w|a|r|m| |w|e|b|r|e|n|d|e|r|,102210fe594ee9b33d82058545b1ed14f4c8206e,ContentfulSpeedIndex,amazon,True,amazon ContentfulSpeedIndex opt fission warm webrender,,77,ms,firefox,,1790734007,2023-11-08T11:17:38,206.2,008d97a8a9a984bfdc4a96e3ce3340b1b4e998ce,1329031
autoland,3870186,13,f36c3750a6bc0db1e2bc910e5f3a3acace5985a7,windows10-64-shippable-qr,True,False,,|f|i|s|s|i|o|n| |w|a|r|m| |w|e|b|r|e|n|d|e|r|,102210fe594ee9b33d82058545b1ed14f4c8206e,ContentfulSpeedIndex,amazon,True,amazon ContentfulSpeedIndex opt fission warm webrender,,77,ms,firefox,,1790135991,2023-11-08T13:41:28,198.8,ae536a17c1ffbb830141240a38f81e032b6645ea,1329115
autoland,3870186,13,f36c3750a6bc0db1e2bc910e5f3a3acace5985a7,windows10-64-shippable-qr,True,False,,|f|i|s|s|i|o|n| |w|a|r|m| |w|e|b|r|e|n|d|e|r|,102210fe594ee9b33d82058545b1ed14f4c8206e,ContentfulSpeedIndex,amazon,True,amazon ContentfulSpeedIndex opt fission warm webrender,,77,ms,firefox,,1790201174,2023-11-08T17:45:21,200.5,f1fb5f0afb5896b5c30e6a9b1439a9c4de4a3db2,1329261
autoland,3870186,13,f36c3750a6bc0db1e2bc910e5f3a3acace5985a7,windows10-64-shippable-qr,True,False,,|f|i|s|s|i|o|n| |w|a|r|m| |w|e|b|r|e|n|d|e|r|,102210fe594ee9b33d82058545b1ed14f4c8206e,ContentfulSpeedIndex,amazon,True,amazon ContentfulSpeedIndex opt fission warm webrender,,77,ms,firefox,,1790460630,2023-11-08T23:10:55,213.6,9b044e3ed5981e128922152098934a6691bfcd97,1329500
autoland,3870186,13,f36c3750a6bc0db1e2bc910e5f3a3acace5985a7,windows10-64-shippable-qr,True,False,,|f|i|s|s|i|o|n| |w|a|r|m| |w|e|b|r|e|n|d|e|r|,102210fe594ee9b33d82058545b1ed14f4c8206e,ContentfulSpeedIndex,amazon,True,amazon ContentfulSpeedIndex opt fission warm webrender,,77,ms,firefox,,1790447670,2023-11-09T00:04:05,201.7,fd3f50f4dce00592f4da8f972037ced4a0c9f5be,1329532
autoland,3870186,13,f36c3750a6bc0db1e2bc910e5f3a3acace5985a7,windows10-64-shippable-qr,True,False,,|f|i|s|s|i|o|n| |w|a|r|m| |w|e|b|r|e|n|d|e|r|,102210fe594ee9b33d82058545b1ed14f4c8206e,ContentfulSpeedIndex,amazon,True,amazon ContentfulSpeedIndex opt fission warm webrender,,77,ms,firefox,,1790624506,2023-11-09T04:14:58,213.1,975206b939dc6e4f823a1a29c703dd586e4157b9,1329628
autoland,3870186,13,f36c3750a6bc0db1e2bc910e5f3a3acace5985a7,windows10-64-shippable-qr,True,False,,|f|i|s|s|i|o|n| |w|a|r|m| |w|e|b|r|e|n|d|e|r|,102210fe594ee9b33d82058545b1ed14f4c8206e,ContentfulSpeedIndex,amazon,True,amazon ContentfulSpeedIndex opt fission warm webrender,,77,ms,firefox,,1790757107,2023-11-09T08:18:01,201.2,d0c4fdebcd36de1f0361cb29103afbf36e498521,1329688
autoland,3870186,13,f36c3750a6bc0db1e2bc910e5f3a3acace5985a7,windows10-64-shippable-qr,True,False,,|f|i|s|s|i|o|n| |w|a|r|m| |w|e|b|r|e|n|d|e|r|,102210fe594ee9b33d82058545b1ed14f4c8206e,ContentfulSpeedIndex,amazon,True,amazon ContentfulSpeedIndex opt fission warm webrender,,77,ms,firefox,,1790788097,2023-11-09T08:32:31,210.4,5392006086fa6f66b9c2f5919b8c65d04cf44936,1329693
autoland,3870186,13,f36c3750a6bc0db1e2bc910e5f3a3acace5985a7,windows10-64-shippable-qr,True,False,,|f|i|s|s|i|o|n| |w|a|r|m| |w|e|b|r|e|n|d|e|r|,102210fe594ee9b33d82058545b1ed14f4c8206e,ContentfulSpeedIndex,amazon,True,amazon ContentfulSpeedIndex opt fission warm webrender,,77,ms,firefox,,1790956718,2023-11-09T12:39:55,219.9,0d25aa82c9421a1a0e1d9bf224094a9feaa083c0,1329818
autoland,3870186,13,f36c3750a6bc0db1e2bc910e5f3a3acace5985a7,windows10-64-shippable-qr,True,False,,|f|i|s|s|i|o|n| |w|a|r|m| |w|e|b|r|e|n|d|e|r|,102210fe594ee9b33d82058545b1ed14f4c8206e,ContentfulSpeedIndex,amazon,True,amazon ContentfulSpeedIndex opt fission warm webrender,,77,ms,firefox,,1791192481,2023-11-09T13:52:13,199.3,af9d30c92582a30a1e7987079e780e59aa69ab7b,1329843
autoland,3870186,13,f36c3750a6bc0db1e2bc910e5f3a3acace5985a7,windows10-64-shippable-qr,True,False,,|f|i|s|s|i|o|n| |w|a|r|m| |w|e|b|r|e|n|d|e|r|,102210fe594ee9b33d82058545b1ed14f4c8206e,ContentfulSpeedIndex,amazon,True,amazon ContentfulSpeedIndex opt fission warm webrender,,77,ms,firefox,,1791290350,2023-11-09T18:06:54,202.6,1eda7f37f458e81d7c275eb0a3e1959cdfdb5053,1329987
autoland,3870186,13,f36c3750a6bc0db1e2bc910e5f3a3acace5985a7,windows10-64-shippable-qr,True,False,,|f|i|s|s|i|o|n| |w|a|r|m| |w|e|b|r|e|n|d|e|r|,102210fe594ee9b33d82058545b1ed14f4c8206e,ContentfulSpeedIndex,amazon,True,amazon ContentfulSpeedIndex opt fission warm webrender,,77,ms,firefox,,1791299661,2023-11-09T18:57:17,201.9,938e6fc607623834483a5ab95019520814f10ee8,1330029
autoland,3870186,13,f36c3750a6bc0db1e2bc910e5f3a3acace5985a7,windows10-64-shippable-qr,True,False,,|f|i|s|s|i|o|n| |w|a|r|m| |w|e|b|r|e|n|d|e|r|,102210fe594ee9b33d82058545b1ed14f4c8206e,ContentfulSpeedIndex,amazon,True,amazon ContentfulSpeedIndex opt fission warm webrender,,77,ms,firefox,,1791387352,2023-11-09T23:53:27,207.7,d3aff5d6c69730c6f26eb54b7e24fdd203480069,1330185
autoland,3870186,13,f36c3750a6bc0db1e2bc910e5f3a3acace5985a7,windows10-64-shippable-qr,True,False,,|f|i|s|s|i|o|n| |w|a|r|m| |w|e|b|r|e|n|d|e|r|,102210fe594ee9b33d82058545b1ed14f4c8206e,ContentfulSpeedIndex,amazon,True,amazon ContentfulSpeedIndex opt fission warm webrender,,77,ms,firefox,,1791390754,2023-11-10T00:18:00,198.8,543c915fc8c6775cd665ad6ebe58df0f46e9198c,1330200
autoland,3870186,13,f36c3750a6bc0db1e2bc910e5f3a3acace5985a7,windows10-64-shippable-qr,True,False,,|f|i|s|s|i|o|n| |w|a|r|m| |w|e|b|r|e|n|d|e|r|,102210fe594ee9b33d82058545b1ed14f4c8206e,ContentfulSpeedIndex,amazon,True,amazon ContentfulSpeedIndex opt fission warm webrender,,77,ms,firefox,,1791599843,2023-11-10T06:00:15,194.6,5fcc529533b87c657e0dd95ea8cdd37f7cbac5c0,1330263
autoland,3870186,13,f36c3750a6bc0db1e2bc910e5f3a3acace5985a7,windows10-64-shippable-qr,True,False,,|f|i|s|s|i|o|n| |w|a|r|m| |w|e|b|r|e|n|d|e|r|,102210fe594ee9b33d82058545b1ed14f4c8206e,ContentfulSpeedIndex,amazon,True,amazon ContentfulSpeedIndex opt fission warm webrender,,77,ms,firefox,,1791828910,2023-11-10T10:16:47,198.1,2033848fe740a46b19d19b2689365e6d5122d399,1330353
autoland,3870186,13,f36c3750a6bc0db1e2bc910e5f3a3acace5985a7,windows10-64-shippable-qr,True,False,,|f|i|s|s|i|o|n| |w|a|r|m| |w|e|b|r|e|n|d|e|r|,102210fe594ee9b33d82058545b1ed14f4c8206e,ContentfulSpeedIndex,amazon,True,amazon ContentfulSpeedIndex opt fission warm webrender,,77,ms,firefox,,1791911224,2023-11-10T14:18:06,208.4,e2c6fa08aa82b40d8316fc19e08ea45be70e9292,1330451
autoland,3870186,13,f36c3750a6bc0db1e2bc910e5f3a3acace5985a7,windows10-64-shippable-qr,True,False,,|f|i|s|s|i|o|n| |w|a|r|m| |w|e|b|r|e|n|d|e|r|,102210fe594ee9b33d82058545b1ed14f4c8206e,ContentfulSpeedIndex,amazon,True,amazon ContentfulSpeedIndex opt fission warm webrender,,77,ms,firefox,,1792242453,2023-11-10T14:36:50,199.7,5333a7b4673f82c2a84b3bf4e2547ca4b7f058f1,1330458
autoland,3870186,13,f36c3750a6bc0db1e2bc910e5f3a3acace5985a7,windows10-64-shippable-qr,True,False,,|f|i|s|s|i|o|n| |w|a|r|m| |w|e|b|r|e|n|d|e|r|,102210fe594ee9b33d82058545b1ed14f4c8206e,ContentfulSpeedIndex,amazon,True,amazon ContentfulSpeedIndex opt fission warm webrender,,77,ms,firefox,,1792268241,2023-11-10T14:39:32,205.1,b2f6c4b727ceb6bc9b6101de6557ff283ca94816,1330462
autoland,3870186,13,f36c3750a6bc0db1e2bc910e5f3a3acace5985a7,windows10-64-shippable-qr,True,False,,|f|i|s|s|i|o|n| |w|a|r|m| |w|e|b|r|e|n|d|e|r|,102210fe594ee9b33d82058545b1ed14f4c8206e,ContentfulSpeedIndex,amazon,True,amazon ContentfulSpeedIndex opt fission warm webrender,,77,ms,firefox,,1791955045,2023-11-10T14:48:51,198.8,f90b853d9b0b112db86ff41fcce843afb13939ce,1330467
autoland,3870186,13,f36c3750a6bc0db1e2bc910e5f3a3acace5985a7,windows10-64-shippable-qr,True,False,,|f|i|s|s|i|o|n| |w|a|r|m| |w|e|b|r|e|n|d|e|r|,102210fe594ee9b33d82058545b1ed14f4c8206e,ContentfulSpeedIndex,amazon,True,amazon ContentfulSpeedIndex opt fission warm webrender,,77,ms,firefox,,1792134127,2023-11-10T23:46:31,205.7,740891aba7f0d05a95960669bd6efe7b25177226,1330635
autoland,3870186,13,f36c3750a6bc0db1e2bc910e5f3a3acace5985a7,windows10-64-shippable-qr,True,False,,|f|i|s|s|i|o|n| |w|a|r|m| |w|e|b|r|e|n|d|e|r|,102210fe594ee9b33d82058545b1ed14f4c8206e,ContentfulSpeedIndex,amazon,True,amazon ContentfulSpeedIndex opt fission warm webrender,,77,ms,firefox,,1792298336,2023-11-11T06:55:04,204.6,94bbd4bd056a20549029ecbc07c9a4b5da968789,1330673
autoland,3870186,13,f36c3750a6bc0db1e2bc910e5f3a3acace5985a7,windows10-64-shippable-qr,True,False,,|f|i|s|s|i|o|n| |w|a|r|m| |w|e|b|r|e|n|d|e|r|,102210fe594ee9b33d82058545b1ed14f4c8206e,ContentfulSpeedIndex,amazon,True,amazon ContentfulSpeedIndex opt fission warm webrender,,77,ms,firefox,,1792335411,2023-11-11T08:27:10,199.3,29fb30143955ee92cd789fd467326c47f82f7968,1330680
autoland,3870186,13,f36c3750a6bc0db1e2bc910e5f3a3acace5985a7,windows10-64-shippable-qr,True,False,,|f|i|s|s|i|o|n| |w|a|r|m| |w|e|b|r|e|n|d|e|r|,102210fe594ee9b33d82058545b1ed14f4c8206e,ContentfulSpeedIndex,amazon,True,amazon ContentfulSpeedIndex opt fission warm webrender,,77,ms,firefox,,1792460381,2023-11-11T12:34:55,200.7,81243364a707b159122b0c5ee8e682567162117c,1330712
autoland,3870186,13,f36c3750a6bc0db1e2bc910e5f3a3acace5985a7,windows10-64-shippable-qr,True,False,,|f|i|s|s|i|o|n| |w|a|r|m| |w|e|b|r|e|n|d|e|r|,102210fe594ee9b33d82058545b1ed14f4c8206e,ContentfulSpeedIndex,amazon,True,amazon ContentfulSpeedIndex opt fission warm webrender,,77,ms,firefox,,1792725451,2023-11-11T23:06:06,217.3,3c8320ef59532128e1a7589968f497f0efcabbaf,1330750
autoland,3870186,13,f36c3750a6bc0db1e2bc910e5f3a3acace5985a7,windows10-64-shippable-qr,True,False,,|f|i|s|s|i|o|n| |w|a|r|m| |w|e|b|r|e|n|d|e|r|,102210fe594ee9b33d82058545b1ed14f4c8206e,ContentfulSpeedIndex,amazon,True,amazon ContentfulSpeedIndex opt fission warm webrender,,77,ms,firefox,,1792792327,2023-11-12T05:45:19,206.4,43bee97ffb8cfcea7412fb86386ea2cb2a1b9b49,1330766
autoland,3870186,13,f36c3750a6bc0db1e2bc910e5f3a3acace5985a7,windows10-64-shippable-qr,True,False,,|f|i|s|s|i|o|n| |w|a|r|m| |w|e|b|r|e|n|d|e|r|,102210fe594ee9b33d82058545b1ed14f4c8206e,ContentfulSpeedIndex,amazon,True,amazon ContentfulSpeedIndex opt fission warm webrender,,77,ms,firefox,,1793083368,2023-11-13T00:59:12,207.3,211dc86c8f534a950af69434fa996976b566a6a0,1330865
autoland,3870186,13,f36c3750a6bc0db1e2bc910e5f3a3acace5985a7,windows10-64-shippable-qr,True,False,,|f|i|s|s|i|o|n| |w|a|r|m| |w|e|b|r|e|n|d|e|r|,102210fe594ee9b33d82058545b1ed14f4c8206e,ContentfulSpeedIndex,amazon,True,amazon ContentfulSpeedIndex opt fission warm webrender,,77,ms,firefox,,1793269745,2023-11-13T10:08:58,196.8,25308a5c7e551cda7c3cfd77836eff8610462eae,1330949
autoland,3870186,13,f36c3750a6bc0db1e2bc910e5f3a3acace5985a7,windows10-64-shippable-qr,True,False,,|f|i|s|s|i|o|n| |w|a|r|m| |w|e|b|r|e|n|d|e|r|,102210fe594ee9b33d82058545b1ed14f4c8206e,ContentfulSpeedIndex,amazon,True,amazon ContentfulSpeedIndex opt fission warm webrender,,77,ms,firefox,,1793791652,2023-11-13T13:46:12,201.9,076ac3911ce97e80547b7576a608d0faf34afa0b,1331038
autoland,3870186,13,f36c3750a6bc0db1e2bc910e5f3a3acace5985a7,windows10-64-shippable-qr,True,False,,|f|i|s|s|i|o|n| |w|a|r|m| |w|e|b|r|e|n|d|e|r|,102210fe594ee9b33d82058545b1ed14f4c8206e,ContentfulSpeedIndex,amazon,True,amazon ContentfulSpeedIndex opt fission warm webrender,,77,ms,firefox,,1793824516,2023-11-13T13:55:57,211.3,3344f9adce95adb868093dd5732c536e6d291805,1331044
autoland,3870186,13,f36c3750a6bc0db1e2bc910e5f3a3acace5985a7,windows10-64-shippable-qr,True,False,,|f|i|s|s|i|o|n| |w|a|r|m| |w|e|b|r|e|n|d|e|r|,102210fe594ee9b33d82058545b1ed14f4c8206e,ContentfulSpeedIndex,amazon,True,amazon ContentfulSpeedIndex opt fission warm webrender,,77,ms,firefox,,1793815296,2023-11-13T14:06:51,206.9,69230ff99fdf9f440bef8c61123bce26e14c86b0,1331048
autoland,3870186,13,f36c3750a6bc0db1e2bc910e5f3a3acace5985a7,windows10-64-shippable-qr,True,False,,|f|i|s|s|i|o|n| |w|a|r|m| |w|e|b|r|e|n|d|e|r|,102210fe594ee9b33d82058545b1ed14f4c8206e,ContentfulSpeedIndex,amazon,True,amazon ContentfulSpeedIndex opt fission warm webrender,,77,ms,firefox,,1793445035,2023-11-13T14:09:58,201.4,54d191b31d03235c75592d07a8c538749933a18f,1331049
autoland,3870186,13,f36c3750a6bc0db1e2bc910e5f3a3acace5985a7,windows10-64-shippable-qr,True,False,,|f|i|s|s|i|o|n| |w|a|r|m| |w|e|b|r|e|n|d|e|r|,102210fe594ee9b33d82058545b1ed14f4c8206e,ContentfulSpeedIndex,amazon,True,amazon ContentfulSpeedIndex opt fission warm webrender,,77,ms,firefox,,1793397974,2023-11-13T15:01:04,203.6,70f361f21a24a6e9fc53cb014e28172d360fa851,1331086
autoland,3870186,13,f36c3750a6bc0db1e2bc910e5f3a3acace5985a7,windows10-64-shippable-qr,True,False,,|f|i|s|s|i|o|n| |w|a|r|m| |w|e|b|r|e|n|d|e|r|,102210fe594ee9b33d82058545b1ed14f4c8206e,ContentfulSpeedIndex,amazon,True,amazon ContentfulSpeedIndex opt fission warm webrender,,77,ms,firefox,,1793567443,2023-11-13T18:41:52,205.1,9850dc0fc0707517b3a304d673f219842e499cac,1331218
autoland,3870186,13,f36c3750a6bc0db1e2bc910e5f3a3acace5985a7,windows10-64-shippable-qr,True,False,,|f|i|s|s|i|o|n| |w|a|r|m| |w|e|b|r|e|n|d|e|r|,102210fe594ee9b33d82058545b1ed14f4c8206e,ContentfulSpeedIndex,amazon,True,amazon ContentfulSpeedIndex opt fission warm webrender,,77,ms,firefox,,1793721830,2023-11-13T22:35:59,207.5,9d523f46c7d8642d6601894c5166ddcd17b6388a,1331378
autoland,3870186,13,f36c3750a6bc0db1e2bc910e5f3a3acace5985a7,windows10-64-shippable-qr,True,False,,|f|i|s|s|i|o|n| |w|a|r|m| |w|e|b|r|e|n|d|e|r|,102210fe594ee9b33d82058545b1ed14f4c8206e,ContentfulSpeedIndex,amazon,True,amazon ContentfulSpeedIndex opt fission warm webrender,,77,ms,firefox,,1793760560,2023-11-14T03:20:13,203.1,2628fd55e661366941f56769829687c53da4669b,1331480
autoland,3870186,13,f36c3750a6bc0db1e2bc910e5f3a3acace5985a7,windows10-64-shippable-qr,True,False,,|f|i|s|s|i|o|n| |w|a|r|m| |w|e|b|r|e|n|d|e|r|,102210fe594ee9b33d82058545b1ed14f4c8206e,ContentfulSpeedIndex,amazon,True,amazon ContentfulSpeedIndex opt fission warm webrender,,77,ms,firefox,,1793894687,2023-11-14T06:06:45,203.4,acdcddac0b907d2e59d6d0fa1f96fff98453093a,1331509
autoland,3870186,13,f36c3750a6bc0db1e2bc910e5f3a3acace5985a7,windows10-64-shippable-qr,True,False,,|f|i|s|s|i|o|n| |w|a|r|m| |w|e|b|r|e|n|d|e|r|,102210fe594ee9b33d82058545b1ed14f4c8206e,ContentfulSpeedIndex,amazon,True,amazon ContentfulSpeedIndex opt fission warm webrender,,77,ms,firefox,,1794088747,2023-11-14T15:09:42,210.7,cb79861638fa94cb8c4df5b5e303dc4bd22f762c,1331752
autoland,3870186,13,f36c3750a6bc0db1e2bc910e5f3a3acace5985a7,windows10-64-shippable-qr,True,False,,|f|i|s|s|i|o|n| |w|a|r|m| |w|e|b|r|e|n|d|e|r|,102210fe594ee9b33d82058545b1ed14f4c8206e,ContentfulSpeedIndex,amazon,True,amazon ContentfulSpeedIndex opt fission warm webrender,,77,ms,firefox,,1794108067,2023-11-14T15:18:46,202.5,1d700517893b09ca1438b9111ea148a71e7398ae,1331762
autoland,3870186,13,f36c3750a6bc0db1e2bc910e5f3a3acace5985a7,windows10-64-shippable-qr,True,False,,|f|i|s|s|i|o|n| |w|a|r|m| |w|e|b|r|e|n|d|e|r|,102210fe594ee9b33d82058545b1ed14f4c8206e,ContentfulSpeedIndex,amazon,True,amazon ContentfulSpeedIndex opt fission warm webrender,,77,ms,firefox,,1797907309,2023-11-14T15:18:46,191.0,1d700517893b09ca1438b9111ea148a71e7398ae,1331762
autoland,3870186,13,f36c3750a6bc0db1e2bc910e5f3a3acace5985a7,windows10-64-shippable-qr,True,False,,|f|i|s|s|i|o|n| |w|a|r|m| |w|e|b|r|e|n|d|e|r|,102210fe594ee9b33d82058545b1ed14f4c8206e,ContentfulSpeedIndex,amazon,True,amazon ContentfulSpeedIndex opt fission warm webrender,,77,ms,firefox,,1797907474,2023-11-14T15:18:46,202.8,1d700517893b09ca1438b9111ea148a71e7398ae,1331762
autoland,3870186,13,f36c3750a6bc0db1e2bc910e5f3a3acace5985a7,windows10-64-shippable-qr,True,False,,|f|i|s|s|i|o|n| |w|a|r|m| |w|e|b|r|e|n|d|e|r|,102210fe594ee9b33d82058545b1ed14f4c8206e,ContentfulSpeedIndex,amazon,True,amazon ContentfulSpeedIndex opt fission warm webrender,,77,ms,firefox,,1794244502,2023-11-14T18:32:45,206.1,cee24679e2a2e085bdefdbd66106fa1a805db56d,1331906
autoland,3870186,13,f36c3750a6bc0db1e2bc910e5f3a3acace5985a7,windows10-64-shippable-qr,True,False,,|f|i|s|s|i|o|n| |w|a|r|m| |w|e|b|r|e|n|d|e|r|,102210fe594ee9b33d82058545b1ed14f4c8206e,ContentfulSpeedIndex,amazon,True,amazon ContentfulSpeedIndex opt fission warm webrender,,77,ms,firefox,,1794351813,2023-11-14T20:17:49,177.0,45f7ef4749636f24bbab519e5d4e3851950ccacc,1331971
autoland,3870186,13,f36c3750a6bc0db1e2bc910e5f3a3acace5985a7,windows10-64-shippable-qr,True,False,,|f|i|s|s|i|o|n| |w|a|r|m| |w|e|b|r|e|n|d|e|r|,102210fe594ee9b33d82058545b1ed14f4c8206e,ContentfulSpeedIndex,amazon,True,amazon ContentfulSpeedIndex opt fission warm webrender,,77,ms,firefox,,1796959796,2023-11-14T20:34:16,194.9,095c9d5d982c039ab5c8dce8d6db0bc1c4e07991,1331981
autoland,3870186,13,f36c3750a6bc0db1e2bc910e5f3a3acace5985a7,windows10-64-shippable-qr,True,False,,|f|i|s|s|i|o|n| |w|a|r|m| |w|e|b|r|e|n|d|e|r|,102210fe594ee9b33d82058545b1ed14f4c8206e,ContentfulSpeedIndex,amazon,True,amazon ContentfulSpeedIndex opt fission warm webrender,,77,ms,firefox,,1796935879,2023-11-14T20:36:29,203.7,29f3612d4cefc6590ddde0e15722e9439d86996f,1331983
autoland,3870186,13,f36c3750a6bc0db1e2bc910e5f3a3acace5985a7,windows10-64-shippable-qr,True,False,,|f|i|s|s|i|o|n| |w|a|r|m| |w|e|b|r|e|n|d|e|r|,102210fe594ee9b33d82058545b1ed14f4c8206e,ContentfulSpeedIndex,amazon,True,amazon ContentfulSpeedIndex opt fission warm webrender,,77,ms,firefox,,1796935745,2023-11-14T20:45:29,203.6,e7b2d7bd13afd6565574515c1f1d49ac47b4196a,1331985
autoland,3870186,13,f36c3750a6bc0db1e2bc910e5f3a3acace5985a7,windows10-64-shippable-qr,True,False,,|f|i|s|s|i|o|n| |w|a|r|m| |w|e|b|r|e|n|d|e|r|,102210fe594ee9b33d82058545b1ed14f4c8206e,ContentfulSpeedIndex,amazon,True,amazon ContentfulSpeedIndex opt fission warm webrender,,77,ms,firefox,,1796935663,2023-11-14T20:50:36,200.6,adc6a6f51dfa6facc44c1afe4bf3455c3bf32fad,1331989
autoland,3870186,13,f36c3750a6bc0db1e2bc910e5f3a3acace5985a7,windows10-64-shippable-qr,True,False,,|f|i|s|s|i|o|n| |w|a|r|m| |w|e|b|r|e|n|d|e|r|,102210fe594ee9b33d82058545b1ed14f4c8206e,ContentfulSpeedIndex,amazon,True,amazon ContentfulSpeedIndex opt fission warm webrender,,77,ms,firefox,,1796934384,2023-11-14T21:07:55,199.8,6077a81303d4c49fe0b255550ecf61a853a30877,1331997
autoland,3870186,13,f36c3750a6bc0db1e2bc910e5f3a3acace5985a7,windows10-64-shippable-qr,True,False,,|f|i|s|s|i|o|n| |w|a|r|m| |w|e|b|r|e|n|d|e|r|,102210fe594ee9b33d82058545b1ed14f4c8206e,ContentfulSpeedIndex,amazon,True,amazon ContentfulSpeedIndex opt fission warm webrender,,77,ms,firefox,,1796958380,2023-11-14T21:07:55,194.4,6077a81303d4c49fe0b255550ecf61a853a30877,1331997
autoland,3870186,13,f36c3750a6bc0db1e2bc910e5f3a3acace5985a7,windows10-64-shippable-qr,True,False,,|f|i|s|s|i|o|n| |w|a|r|m| |w|e|b|r|e|n|d|e|r|,102210fe594ee9b33d82058545b1ed14f4c8206e,ContentfulSpeedIndex,amazon,True,amazon ContentfulSpeedIndex opt fission warm webrender,,77,ms,firefox,,1796935141,2023-11-14T21:09:56,195.3,eef52bbbb45756bf52fffe9cbee2aeaf80eae635,1332001
autoland,3870186,13,f36c3750a6bc0db1e2bc910e5f3a3acace5985a7,windows10-64-shippable-qr,True,False,,|f|i|s|s|i|o|n| |w|a|r|m| |w|e|b|r|e|n|d|e|r|,102210fe594ee9b33d82058545b1ed14f4c8206e,ContentfulSpeedIndex,amazon,True,amazon ContentfulSpeedIndex opt fission warm webrender,,77,ms,firefox,,1796959541,2023-11-14T21:09:56,236.7,eef52bbbb45756bf52fffe9cbee2aeaf80eae635,1332001
autoland,3870186,13,f36c3750a6bc0db1e2bc910e5f3a3acace5985a7,windows10-64-shippable-qr,True,False,,|f|i|s|s|i|o|n| |w|a|r|m| |w|e|b|r|e|n|d|e|r|,102210fe594ee9b33d82058545b1ed14f4c8206e,ContentfulSpeedIndex,amazon,True,amazon ContentfulSpeedIndex opt fission warm webrender,,77,ms,firefox,,1796935184,2023-11-14T21:47:42,194.3,194d0db1a1cb82b7d93c6e721005f1c41e057021,1332031
autoland,3870186,13,f36c3750a6bc0db1e2bc910e5f3a3acace5985a7,windows10-64-shippable-qr,True,False,,|f|i|s|s|i|o|n| |w|a|r|m| |w|e|b|r|e|n|d|e|r|,102210fe594ee9b33d82058545b1ed14f4c8206e,ContentfulSpeedIndex,amazon,True,amazon ContentfulSpeedIndex opt fission warm webrender,,77,ms,firefox,,1796957505,2023-11-14T21:47:42,212.6,194d0db1a1cb82b7d93c6e721005f1c41e057021,1332031
autoland,3870186,13,f36c3750a6bc0db1e2bc910e5f3a3acace5985a7,windows10-64-shippable-qr,True,False,,|f|i|s|s|i|o|n| |w|a|r|m| |w|e|b|r|e|n|d|e|r|,102210fe594ee9b33d82058545b1ed14f4c8206e,ContentfulSpeedIndex,amazon,True,amazon ContentfulSpeedIndex opt fission warm webrender,,77,ms,firefox,,1796934035,2023-11-14T22:33:15,188.7,66ba60ec2937fa3f898a62529a50540af679e5fd,1332065
autoland,3870186,13,f36c3750a6bc0db1e2bc910e5f3a3acace5985a7,windows10-64-shippable-qr,True,False,,|f|i|s|s|i|o|n| |w|a|r|m| |w|e|b|r|e|n|d|e|r|,102210fe594ee9b33d82058545b1ed14f4c8206e,ContentfulSpeedIndex,amazon,True,amazon ContentfulSpeedIndex opt fission warm webrender,,77,ms,firefox,,1796934596,2023-11-14T22:33:15,186.6,66ba60ec2937fa3f898a62529a50540af679e5fd,1332065
autoland,3870186,13,f36c3750a6bc0db1e2bc910e5f3a3acace5985a7,windows10-64-shippable-qr,True,False,,|f|i|s|s|i|o|n| |w|a|r|m| |w|e|b|r|e|n|d|e|r|,102210fe594ee9b33d82058545b1ed14f4c8206e,ContentfulSpeedIndex,amazon,True,amazon ContentfulSpeedIndex opt fission warm webrender,,77,ms,firefox,,1796957330,2023-11-14T22:33:15,199.7,66ba60ec2937fa3f898a62529a50540af679e5fd,1332065
autoland,3870186,13,f36c3750a6bc0db1e2bc910e5f3a3acace5985a7,windows10-64-shippable-qr,True,False,,|f|i|s|s|i|o|n| |w|a|r|m| |w|e|b|r|e|n|d|e|r|,102210fe594ee9b33d82058545b1ed14f4c8206e,ContentfulSpeedIndex,amazon,True,amazon ContentfulSpeedIndex opt fission warm webrender,,77,ms,firefox,,1796933207,2023-11-14T22:39:45,185.2,26e524cc8e01d08e442ffb0b93be5945aad75ddd,1332067
autoland,3870186,13,f36c3750a6bc0db1e2bc910e5f3a3acace5985a7,windows10-64-shippable-qr,True,False,,|f|i|s|s|i|o|n| |w|a|r|m| |w|e|b|r|e|n|d|e|r|,102210fe594ee9b33d82058545b1ed14f4c8206e,ContentfulSpeedIndex,amazon,True,amazon ContentfulSpeedIndex opt fission warm webrender,,77,ms,firefox,,1796934702,2023-11-14T22:39:45,201.3,26e524cc8e01d08e442ffb0b93be5945aad75ddd,1332067
autoland,3870186,13,f36c3750a6bc0db1e2bc910e5f3a3acace5985a7,windows10-64-shippable-qr,True,False,,|f|i|s|s|i|o|n| |w|a|r|m| |w|e|b|r|e|n|d|e|r|,102210fe594ee9b33d82058545b1ed14f4c8206e,ContentfulSpeedIndex,amazon,True,amazon ContentfulSpeedIndex opt fission warm webrender,,77,ms,firefox,,1796957756,2023-11-14T22:39:45,208.9,26e524cc8e01d08e442ffb0b93be5945aad75ddd,1332067
autoland,3870186,13,f36c3750a6bc0db1e2bc910e5f3a3acace5985a7,windows10-64-shippable-qr,True,False,,|f|i|s|s|i|o|n| |w|a|r|m| |w|e|b|r|e|n|d|e|r|,102210fe594ee9b33d82058545b1ed14f4c8206e,ContentfulSpeedIndex,amazon,True,amazon ContentfulSpeedIndex opt fission warm webrender,,77,ms,firefox,,1796933360,2023-11-14T22:44:36,204.3,a9fd21fa2333d85148b339c24763ebc25a60412d,1332070
autoland,3870186,13,f36c3750a6bc0db1e2bc910e5f3a3acace5985a7,windows10-64-shippable-qr,True,False,,|f|i|s|s|i|o|n| |w|a|r|m| |w|e|b|r|e|n|d|e|r|,102210fe594ee9b33d82058545b1ed14f4c8206e,ContentfulSpeedIndex,amazon,True,amazon ContentfulSpeedIndex opt fission warm webrender,,77,ms,firefox,,1796934994,2023-11-14T22:44:36,202.7,a9fd21fa2333d85148b339c24763ebc25a60412d,1332070
autoland,3870186,13,f36c3750a6bc0db1e2bc910e5f3a3acace5985a7,windows10-64-shippable-qr,True,False,,|f|i|s|s|i|o|n| |w|a|r|m| |w|e|b|r|e|n|d|e|r|,102210fe594ee9b33d82058545b1ed14f4c8206e,ContentfulSpeedIndex,amazon,True,amazon ContentfulSpeedIndex opt fission warm webrender,,77,ms,firefox,,1796958236,2023-11-14T22:44:36,210.2,a9fd21fa2333d85148b339c24763ebc25a60412d,1332070
autoland,3870186,13,f36c3750a6bc0db1e2bc910e5f3a3acace5985a7,windows10-64-shippable-qr,True,False,,|f|i|s|s|i|o|n| |w|a|r|m| |w|e|b|r|e|n|d|e|r|,102210fe594ee9b33d82058545b1ed14f4c8206e,ContentfulSpeedIndex,amazon,True,amazon ContentfulSpeedIndex opt fission warm webrender,,77,ms,firefox,,1796932816,2023-11-14T22:48:55,195.2,e945c4081dc9af04639f381bbb9dca88365ae23c,1332072
autoland,3870186,13,f36c3750a6bc0db1e2bc910e5f3a3acace5985a7,windows10-64-shippable-qr,True,False,,|f|i|s|s|i|o|n| |w|a|r|m| |w|e|b|r|e|n|d|e|r|,102210fe594ee9b33d82058545b1ed14f4c8206e,ContentfulSpeedIndex,amazon,True,amazon ContentfulSpeedIndex opt fission warm webrender,,77,ms,firefox,,1796934830,2023-11-14T22:48:55,193.8,e945c4081dc9af04639f381bbb9dca88365ae23c,1332072
autoland,3870186,13,f36c3750a6bc0db1e2bc910e5f3a3acace5985a7,windows10-64-shippable-qr,True,False,,|f|i|s|s|i|o|n| |w|a|r|m| |w|e|b|r|e|n|d|e|r|,102210fe594ee9b33d82058545b1ed14f4c8206e,ContentfulSpeedIndex,amazon,True,amazon ContentfulSpeedIndex opt fission warm webrender,,77,ms,firefox,,1796958508,2023-11-14T22:48:55,185.6,e945c4081dc9af04639f381bbb9dca88365ae23c,1332072
autoland,3870186,13,f36c3750a6bc0db1e2bc910e5f3a3acace5985a7,windows10-64-shippable-qr,True,False,,|f|i|s|s|i|o|n| |w|a|r|m| |w|e|b|r|e|n|d|e|r|,102210fe594ee9b33d82058545b1ed14f4c8206e,ContentfulSpeedIndex,amazon,True,amazon ContentfulSpeedIndex opt fission warm webrender,,77,ms,firefox,,1796935422,2023-11-14T22:50:23,186.5,ffb4f207949a7edcb49c4854390cff03b794227d,1332073
autoland,3870186,13,f36c3750a6bc0db1e2bc910e5f3a3acace5985a7,windows10-64-shippable-qr,True,False,,|f|i|s|s|i|o|n| |w|a|r|m| |w|e|b|r|e|n|d|e|r|,102210fe594ee9b33d82058545b1ed14f4c8206e,ContentfulSpeedIndex,amazon,True,amazon ContentfulSpeedIndex opt fission warm webrender,,77,ms,firefox,,1796959201,2023-11-14T22:50:23,199.8,ffb4f207949a7edcb49c4854390cff03b794227d,1332073
autoland,3870186,13,f36c3750a6bc0db1e2bc910e5f3a3acace5985a7,windows10-64-shippable-qr,True,False,,|f|i|s|s|i|o|n| |w|a|r|m| |w|e|b|r|e|n|d|e|r|,102210fe594ee9b33d82058545b1ed14f4c8206e,ContentfulSpeedIndex,amazon,True,amazon ContentfulSpeedIndex opt fission warm webrender,,77,ms,firefox,,1796957982,2023-11-14T22:50:23,198.9,ffb4f207949a7edcb49c4854390cff03b794227d,1332073
autoland,3870186,13,f36c3750a6bc0db1e2bc910e5f3a3acace5985a7,windows10-64-shippable-qr,True,False,,|f|i|s|s|i|o|n| |w|a|r|m| |w|e|b|r|e|n|d|e|r|,102210fe594ee9b33d82058545b1ed14f4c8206e,ContentfulSpeedIndex,amazon,True,amazon ContentfulSpeedIndex opt fission warm webrender,,77,ms,firefox,,1796932993,2023-11-15T00:09:54,206.2,1bf9a382494197836fecd7b3d834be1ac11ccfa0,1332092
autoland,3870186,13,f36c3750a6bc0db1e2bc910e5f3a3acace5985a7,windows10-64-shippable-qr,True,False,,|f|i|s|s|i|o|n| |w|a|r|m| |w|e|b|r|e|n|d|e|r|,102210fe594ee9b33d82058545b1ed14f4c8206e,ContentfulSpeedIndex,amazon,True,amazon ContentfulSpeedIndex opt fission warm webrender,,77,ms,firefox,,1796934978,2023-11-15T00:09:54,189.2,1bf9a382494197836fecd7b3d834be1ac11ccfa0,1332092
autoland,3870186,13,f36c3750a6bc0db1e2bc910e5f3a3acace5985a7,windows10-64-shippable-qr,True,False,,|f|i|s|s|i|o|n| |w|a|r|m| |w|e|b|r|e|n|d|e|r|,102210fe594ee9b33d82058545b1ed14f4c8206e,ContentfulSpeedIndex,amazon,True,amazon ContentfulSpeedIndex opt fission warm webrender,,77,ms,firefox,,1796958381,2023-11-15T00:09:54,206.6,1bf9a382494197836fecd7b3d834be1ac11ccfa0,1332092
autoland,3870186,13,f36c3750a6bc0db1e2bc910e5f3a3acace5985a7,windows10-64-shippable-qr,True,False,,|f|i|s|s|i|o|n| |w|a|r|m| |w|e|b|r|e|n|d|e|r|,102210fe594ee9b33d82058545b1ed14f4c8206e,ContentfulSpeedIndex,amazon,True,amazon ContentfulSpeedIndex opt fission warm webrender,,77,ms,firefox,,1794502309,2023-11-15T01:57:11,209.1,0083ca2f4709e599083520545d538d1ee1b8356d,1332132
autoland,3870186,13,f36c3750a6bc0db1e2bc910e5f3a3acace5985a7,windows10-64-shippable-qr,True,False,,|f|i|s|s|i|o|n| |w|a|r|m| |w|e|b|r|e|n|d|e|r|,102210fe594ee9b33d82058545b1ed14f4c8206e,ContentfulSpeedIndex,amazon,True,amazon ContentfulSpeedIndex opt fission warm webrender,,77,ms,firefox,,1796934822,2023-11-15T01:57:11,188.3,0083ca2f4709e599083520545d538d1ee1b8356d,1332132
autoland,3870186,13,f36c3750a6bc0db1e2bc910e5f3a3acace5985a7,windows10-64-shippable-qr,True,False,,|f|i|s|s|i|o|n| |w|a|r|m| |w|e|b|r|e|n|d|e|r|,102210fe594ee9b33d82058545b1ed14f4c8206e,ContentfulSpeedIndex,amazon,True,amazon ContentfulSpeedIndex opt fission warm webrender,,77,ms,firefox,,1796933844,2023-11-15T01:57:11,201.6,0083ca2f4709e599083520545d538d1ee1b8356d,1332132
autoland,3870186,13,f36c3750a6bc0db1e2bc910e5f3a3acace5985a7,windows10-64-shippable-qr,True,False,,|f|i|s|s|i|o|n| |w|a|r|m| |w|e|b|r|e|n|d|e|r|,102210fe594ee9b33d82058545b1ed14f4c8206e,ContentfulSpeedIndex,amazon,True,amazon ContentfulSpeedIndex opt fission warm webrender,,77,ms,firefox,,1796958748,2023-11-15T01:57:11,206.5,0083ca2f4709e599083520545d538d1ee1b8356d,1332132
autoland,3870186,13,f36c3750a6bc0db1e2bc910e5f3a3acace5985a7,windows10-64-shippable-qr,True,False,,|f|i|s|s|i|o|n| |w|a|r|m| |w|e|b|r|e|n|d|e|r|,102210fe594ee9b33d82058545b1ed14f4c8206e,ContentfulSpeedIndex,amazon,True,amazon ContentfulSpeedIndex opt fission warm webrender,,77,ms,firefox,,1795948555,2023-11-15T02:01:50,193.3,8ca12af626f1c266a7a207a22bf99471a29fd7e6,1332134
autoland,3870186,13,f36c3750a6bc0db1e2bc910e5f3a3acace5985a7,windows10-64-shippable-qr,True,False,,|f|i|s|s|i|o|n| |w|a|r|m| |w|e|b|r|e|n|d|e|r|,102210fe594ee9b33d82058545b1ed14f4c8206e,ContentfulSpeedIndex,amazon,True,amazon ContentfulSpeedIndex opt fission warm webrender,,77,ms,firefox,,1796933572,2023-11-15T02:01:50,190.2,8ca12af626f1c266a7a207a22bf99471a29fd7e6,1332134
autoland,3870186,13,f36c3750a6bc0db1e2bc910e5f3a3acace5985a7,windows10-64-shippable-qr,True,False,,|f|i|s|s|i|o|n| |w|a|r|m| |w|e|b|r|e|n|d|e|r|,102210fe594ee9b33d82058545b1ed14f4c8206e,ContentfulSpeedIndex,amazon,True,amazon ContentfulSpeedIndex opt fission warm webrender,,77,ms,firefox,,1796959308,2023-11-15T02:01:50,198.0,8ca12af626f1c266a7a207a22bf99471a29fd7e6,1332134
autoland,3870186,13,f36c3750a6bc0db1e2bc910e5f3a3acace5985a7,windows10-64-shippable-qr,True,False,,|f|i|s|s|i|o|n| |w|a|r|m| |w|e|b|r|e|n|d|e|r|,102210fe594ee9b33d82058545b1ed14f4c8206e,ContentfulSpeedIndex,amazon,True,amazon ContentfulSpeedIndex opt fission warm webrender,,77,ms,firefox,,1795948430,2023-11-15T02:17:48,209.9,892ad2fd397cdd3b59f1f685aa822333de0b65b5,1332140
autoland,3870186,13,f36c3750a6bc0db1e2bc910e5f3a3acace5985a7,windows10-64-shippable-qr,True,False,,|f|i|s|s|i|o|n| |w|a|r|m| |w|e|b|r|e|n|d|e|r|,102210fe594ee9b33d82058545b1ed14f4c8206e,ContentfulSpeedIndex,amazon,True,amazon ContentfulSpeedIndex opt fission warm webrender,,77,ms,firefox,,1796932720,2023-11-15T02:17:48,205.1,892ad2fd397cdd3b59f1f685aa822333de0b65b5,1332140
autoland,3870186,13,f36c3750a6bc0db1e2bc910e5f3a3acace5985a7,windows10-64-shippable-qr,True,False,,|f|i|s|s|i|o|n| |w|a|r|m| |w|e|b|r|e|n|d|e|r|,102210fe594ee9b33d82058545b1ed14f4c8206e,ContentfulSpeedIndex,amazon,True,amazon ContentfulSpeedIndex opt fission warm webrender,,77,ms,firefox,,1796959910,2023-11-15T02:17:48,214.9,892ad2fd397cdd3b59f1f685aa822333de0b65b5,1332140
autoland,3870186,13,f36c3750a6bc0db1e2bc910e5f3a3acace5985a7,windows10-64-shippable-qr,True,False,,|f|i|s|s|i|o|n| |w|a|r|m| |w|e|b|r|e|n|d|e|r|,102210fe594ee9b33d82058545b1ed14f4c8206e,ContentfulSpeedIndex,amazon,True,amazon ContentfulSpeedIndex opt fission warm webrender,,77,ms,firefox,,1795948683,2023-11-15T02:28:04,195.3,c7a3071d1b9afa16d14e7d5d69081d7c4d480859,1332141
autoland,3870186,13,f36c3750a6bc0db1e2bc910e5f3a3acace5985a7,windows10-64-shippable-qr,True,False,,|f|i|s|s|i|o|n| |w|a|r|m| |w|e|b|r|e|n|d|e|r|,102210fe594ee9b33d82058545b1ed14f4c8206e,ContentfulSpeedIndex,amazon,True,amazon ContentfulSpeedIndex opt fission warm webrender,,77,ms,firefox,,1796932576,2023-11-15T02:28:04,199.4,c7a3071d1b9afa16d14e7d5d69081d7c4d480859,1332141
autoland,3870186,13,f36c3750a6bc0db1e2bc910e5f3a3acace5985a7,windows10-64-shippable-qr,True,False,,|f|i|s|s|i|o|n| |w|a|r|m| |w|e|b|r|e|n|d|e|r|,102210fe594ee9b33d82058545b1ed14f4c8206e,ContentfulSpeedIndex,amazon,True,amazon ContentfulSpeedIndex opt fission warm webrender,,77,ms,firefox,,1796960189,2023-11-15T02:28:04,206.7,c7a3071d1b9afa16d14e7d5d69081d7c4d480859,1332141
autoland,3870186,13,f36c3750a6bc0db1e2bc910e5f3a3acace5985a7,windows10-64-shippable-qr,True,False,,|f|i|s|s|i|o|n| |w|a|r|m| |w|e|b|r|e|n|d|e|r|,102210fe594ee9b33d82058545b1ed14f4c8206e,ContentfulSpeedIndex,amazon,True,amazon ContentfulSpeedIndex opt fission warm webrender,,77,ms,firefox,,1794516007,2023-11-15T03:02:01,209.5,d9f2158d4d442a658bb2029948eeebd438457667,1332148
autoland,3870186,13,f36c3750a6bc0db1e2bc910e5f3a3acace5985a7,windows10-64-shippable-qr,True,False,,|f|i|s|s|i|o|n| |w|a|r|m| |w|e|b|r|e|n|d|e|r|,102210fe594ee9b33d82058545b1ed14f4c8206e,ContentfulSpeedIndex,amazon,True,amazon ContentfulSpeedIndex opt fission warm webrender,,77,ms,firefox,,1796933081,2023-11-15T03:02:01,200.2,d9f2158d4d442a658bb2029948eeebd438457667,1332148
autoland,3870186,13,f36c3750a6bc0db1e2bc910e5f3a3acace5985a7,windows10-64-shippable-qr,True,False,,|f|i|s|s|i|o|n| |w|a|r|m| |w|e|b|r|e|n|d|e|r|,102210fe594ee9b33d82058545b1ed14f4c8206e,ContentfulSpeedIndex,amazon,True,amazon ContentfulSpeedIndex opt fission warm webrender,,77,ms,firefox,,1796962582,2023-11-15T03:02:01,220.3,d9f2158d4d442a658bb2029948eeebd438457667,1332148
autoland,3870186,13,f36c3750a6bc0db1e2bc910e5f3a3acace5985a7,windows10-64-shippable-qr,True,False,,|f|i|s|s|i|o|n| |w|a|r|m| |w|e|b|r|e|n|d|e|r|,102210fe594ee9b33d82058545b1ed14f4c8206e,ContentfulSpeedIndex,amazon,True,amazon ContentfulSpeedIndex opt fission warm webrender,,77,ms,firefox,,1795948848,2023-11-15T04:33:34,193.5,e0d78e5ad2e5be6d031baa4d78fb7a092614d2b6,1332159
autoland,3870186,13,f36c3750a6bc0db1e2bc910e5f3a3acace5985a7,windows10-64-shippable-qr,True,False,,|f|i|s|s|i|o|n| |w|a|r|m| |w|e|b|r|e|n|d|e|r|,102210fe594ee9b33d82058545b1ed14f4c8206e,ContentfulSpeedIndex,amazon,True,amazon ContentfulSpeedIndex opt fission warm webrender,,77,ms,firefox,,1796932573,2023-11-15T04:33:34,194.2,e0d78e5ad2e5be6d031baa4d78fb7a092614d2b6,1332159
autoland,3870186,13,f36c3750a6bc0db1e2bc910e5f3a3acace5985a7,windows10-64-shippable-qr,True,False,,|f|i|s|s|i|o|n| |w|a|r|m| |w|e|b|r|e|n|d|e|r|,102210fe594ee9b33d82058545b1ed14f4c8206e,ContentfulSpeedIndex,amazon,True,amazon ContentfulSpeedIndex opt fission warm webrender,,77,ms,firefox,,1796961390,2023-11-15T04:33:34,201.2,e0d78e5ad2e5be6d031baa4d78fb7a092614d2b6,1332159
autoland,3870186,13,f36c3750a6bc0db1e2bc910e5f3a3acace5985a7,windows10-64-shippable-qr,True,False,,|f|i|s|s|i|o|n| |w|a|r|m| |w|e|b|r|e|n|d|e|r|,102210fe594ee9b33d82058545b1ed14f4c8206e,ContentfulSpeedIndex,amazon,True,amazon ContentfulSpeedIndex opt fission warm webrender,,77,ms,firefox,,1795949242,2023-11-15T04:42:48,207.2,1a5965cbca83023f076b9d73de641c4e7c1bf1e6,1332165
autoland,3870186,13,f36c3750a6bc0db1e2bc910e5f3a3acace5985a7,windows10-64-shippable-qr,True,False,,|f|i|s|s|i|o|n| |w|a|r|m| |w|e|b|r|e|n|d|e|r|,102210fe594ee9b33d82058545b1ed14f4c8206e,ContentfulSpeedIndex,amazon,True,amazon ContentfulSpeedIndex opt fission warm webrender,,77,ms,firefox,,1796932906,2023-11-15T04:42:48,188.2,1a5965cbca83023f076b9d73de641c4e7c1bf1e6,1332165
autoland,3870186,13,f36c3750a6bc0db1e2bc910e5f3a3acace5985a7,windows10-64-shippable-qr,True,False,,|f|i|s|s|i|o|n| |w|a|r|m| |w|e|b|r|e|n|d|e|r|,102210fe594ee9b33d82058545b1ed14f4c8206e,ContentfulSpeedIndex,amazon,True,amazon ContentfulSpeedIndex opt fission warm webrender,,77,ms,firefox,,1796960536,2023-11-15T04:42:48,203.6,1a5965cbca83023f076b9d73de641c4e7c1bf1e6,1332165
autoland,3870186,13,f36c3750a6bc0db1e2bc910e5f3a3acace5985a7,windows10-64-shippable-qr,True,False,,|f|i|s|s|i|o|n| |w|a|r|m| |w|e|b|r|e|n|d|e|r|,102210fe594ee9b33d82058545b1ed14f4c8206e,ContentfulSpeedIndex,amazon,True,amazon ContentfulSpeedIndex opt fission warm webrender,,77,ms,firefox,,1795949647,2023-11-15T04:43:49,197.7,5c480a4ae6132bfa4cff88f6cfb09a09a79bb22e,1332166
autoland,3870186,13,f36c3750a6bc0db1e2bc910e5f3a3acace5985a7,windows10-64-shippable-qr,True,False,,|f|i|s|s|i|o|n| |w|a|r|m| |w|e|b|r|e|n|d|e|r|,102210fe594ee9b33d82058545b1ed14f4c8206e,ContentfulSpeedIndex,amazon,True,amazon ContentfulSpeedIndex opt fission warm webrender,,77,ms,firefox,,1796959670,2023-11-15T04:43:49,200.0,5c480a4ae6132bfa4cff88f6cfb09a09a79bb22e,1332166
autoland,3870186,13,f36c3750a6bc0db1e2bc910e5f3a3acace5985a7,windows10-64-shippable-qr,True,False,,|f|i|s|s|i|o|n| |w|a|r|m| |w|e|b|r|e|n|d|e|r|,102210fe594ee9b33d82058545b1ed14f4c8206e,ContentfulSpeedIndex,amazon,True,amazon ContentfulSpeedIndex opt fission warm webrender,,77,ms,firefox,,1796962062,2023-11-15T04:43:49,202.0,5c480a4ae6132bfa4cff88f6cfb09a09a79bb22e,1332166
autoland,3870186,13,f36c3750a6bc0db1e2bc910e5f3a3acace5985a7,windows10-64-shippable-qr,True,False,,|f|i|s|s|i|o|n| |w|a|r|m| |w|e|b|r|e|n|d|e|r|,102210fe594ee9b33d82058545b1ed14f4c8206e,ContentfulSpeedIndex,amazon,True,amazon ContentfulSpeedIndex opt fission warm webrender,,77,ms,firefox,,1795949553,2023-11-15T06:58:36,199.9,1d256cd5a931be7be78d3477463f6961af0dd23f,1332193
autoland,3870186,13,f36c3750a6bc0db1e2bc910e5f3a3acace5985a7,windows10-64-shippable-qr,True,False,,|f|i|s|s|i|o|n| |w|a|r|m| |w|e|b|r|e|n|d|e|r|,102210fe594ee9b33d82058545b1ed14f4c8206e,ContentfulSpeedIndex,amazon,True,amazon ContentfulSpeedIndex opt fission warm webrender,,77,ms,firefox,,1796933384,2023-11-15T06:58:36,198.7,1d256cd5a931be7be78d3477463f6961af0dd23f,1332193
autoland,3870186,13,f36c3750a6bc0db1e2bc910e5f3a3acace5985a7,windows10-64-shippable-qr,True,False,,|f|i|s|s|i|o|n| |w|a|r|m| |w|e|b|r|e|n|d|e|r|,102210fe594ee9b33d82058545b1ed14f4c8206e,ContentfulSpeedIndex,amazon,True,amazon ContentfulSpeedIndex opt fission warm webrender,,77,ms,firefox,,1796962527,2023-11-15T06:58:36,198.1,1d256cd5a931be7be78d3477463f6961af0dd23f,1332193
autoland,3870186,13,f36c3750a6bc0db1e2bc910e5f3a3acace5985a7,windows10-64-shippable-qr,True,False,,|f|i|s|s|i|o|n| |w|a|r|m| |w|e|b|r|e|n|d|e|r|,102210fe594ee9b33d82058545b1ed14f4c8206e,ContentfulSpeedIndex,amazon,True,amazon ContentfulSpeedIndex opt fission warm webrender,,77,ms,firefox,,1794618554,2023-11-15T07:02:46,198.7,d12a09b7c773efc37f5d0e37cc52339e25f07b6c,1332195
autoland,3870186,13,f36c3750a6bc0db1e2bc910e5f3a3acace5985a7,windows10-64-shippable-qr,True,False,,|f|i|s|s|i|o|n| |w|a|r|m| |w|e|b|r|e|n|d|e|r|,102210fe594ee9b33d82058545b1ed14f4c8206e,ContentfulSpeedIndex,amazon,True,amazon ContentfulSpeedIndex opt fission warm webrender,,77,ms,firefox,,1796934152,2023-11-15T07:02:46,204.9,d12a09b7c773efc37f5d0e37cc52339e25f07b6c,1332195
autoland,3870186,13,f36c3750a6bc0db1e2bc910e5f3a3acace5985a7,windows10-64-shippable-qr,True,False,,|f|i|s|s|i|o|n| |w|a|r|m| |w|e|b|r|e|n|d|e|r|,102210fe594ee9b33d82058545b1ed14f4c8206e,ContentfulSpeedIndex,amazon,True,amazon ContentfulSpeedIndex opt fission warm webrender,,77,ms,firefox,,1796962158,2023-11-15T07:02:46,201.2,d12a09b7c773efc37f5d0e37cc52339e25f07b6c,1332195
autoland,3870186,13,f36c3750a6bc0db1e2bc910e5f3a3acace5985a7,windows10-64-shippable-qr,True,False,,|f|i|s|s|i|o|n| |w|a|r|m| |w|e|b|r|e|n|d|e|r|,102210fe594ee9b33d82058545b1ed14f4c8206e,ContentfulSpeedIndex,amazon,True,amazon ContentfulSpeedIndex opt fission warm webrender,,77,ms,firefox,,1795950497,2023-11-15T07:06:56,211.4,3070dd250eaf7432d5ed5bbdb1c7b609f8fc639b,1332196
autoland,3870186,13,f36c3750a6bc0db1e2bc910e5f3a3acace5985a7,windows10-64-shippable-qr,True,False,,|f|i|s|s|i|o|n| |w|a|r|m| |w|e|b|r|e|n|d|e|r|,102210fe594ee9b33d82058545b1ed14f4c8206e,ContentfulSpeedIndex,amazon,True,amazon ContentfulSpeedIndex opt fission warm webrender,,77,ms,firefox,,1796934490,2023-11-15T07:06:56,199.2,3070dd250eaf7432d5ed5bbdb1c7b609f8fc639b,1332196
autoland,3870186,13,f36c3750a6bc0db1e2bc910e5f3a3acace5985a7,windows10-64-shippable-qr,True,False,,|f|i|s|s|i|o|n| |w|a|r|m| |w|e|b|r|e|n|d|e|r|,102210fe594ee9b33d82058545b1ed14f4c8206e,ContentfulSpeedIndex,amazon,True,amazon ContentfulSpeedIndex opt fission warm webrender,,77,ms,firefox,,1796962926,2023-11-15T07:06:56,225.9,3070dd250eaf7432d5ed5bbdb1c7b609f8fc639b,1332196
autoland,3870186,13,f36c3750a6bc0db1e2bc910e5f3a3acace5985a7,windows10-64-shippable-qr,True,False,,|f|i|s|s|i|o|n| |w|a|r|m| |w|e|b|r|e|n|d|e|r|,102210fe594ee9b33d82058545b1ed14f4c8206e,ContentfulSpeedIndex,amazon,True,amazon ContentfulSpeedIndex opt fission warm webrender,,77,ms,firefox,,1795950474,2023-11-15T07:08:09,201.6,134f08619acf94d51563f3b048e15180d9de534c,1332198
autoland,3870186,13,f36c3750a6bc0db1e2bc910e5f3a3acace5985a7,windows10-64-shippable-qr,True,False,,|f|i|s|s|i|o|n| |w|a|r|m| |w|e|b|r|e|n|d|e|r|,102210fe594ee9b33d82058545b1ed14f4c8206e,ContentfulSpeedIndex,amazon,True,amazon ContentfulSpeedIndex opt fission warm webrender,,77,ms,firefox,,1796934245,2023-11-15T07:08:09,187.9,134f08619acf94d51563f3b048e15180d9de534c,1332198
autoland,3870186,13,f36c3750a6bc0db1e2bc910e5f3a3acace5985a7,windows10-64-shippable-qr,True,False,,|f|i|s|s|i|o|n| |w|a|r|m| |w|e|b|r|e|n|d|e|r|,102210fe594ee9b33d82058545b1ed14f4c8206e,ContentfulSpeedIndex,amazon,True,amazon ContentfulSpeedIndex opt fission warm webrender,,77,ms,firefox,,1796962386,2023-11-15T07:08:09,199.2,134f08619acf94d51563f3b048e15180d9de534c,1332198
autoland,3870186,13,f36c3750a6bc0db1e2bc910e5f3a3acace5985a7,windows10-64-shippable-qr,True,False,,|f|i|s|s|i|o|n| |w|a|r|m| |w|e|b|r|e|n|d|e|r|,102210fe594ee9b33d82058545b1ed14f4c8206e,ContentfulSpeedIndex,amazon,True,amazon ContentfulSpeedIndex opt fission warm webrender,,77,ms,firefox,,1795951130,2023-11-15T07:24:07,207.6,ed15281ea4afce719953dee6f324d383894fb461,1332206
autoland,3870186,13,f36c3750a6bc0db1e2bc910e5f3a3acace5985a7,windows10-64-shippable-qr,True,False,,|f|i|s|s|i|o|n| |w|a|r|m| |w|e|b|r|e|n|d|e|r|,102210fe594ee9b33d82058545b1ed14f4c8206e,ContentfulSpeedIndex,amazon,True,amazon ContentfulSpeedIndex opt fission warm webrender,,77,ms,firefox,,1796935336,2023-11-15T07:24:07,185.7,ed15281ea4afce719953dee6f324d383894fb461,1332206
autoland,3870186,13,f36c3750a6bc0db1e2bc910e5f3a3acace5985a7,windows10-64-shippable-qr,True,False,,|f|i|s|s|i|o|n| |w|a|r|m| |w|e|b|r|e|n|d|e|r|,102210fe594ee9b33d82058545b1ed14f4c8206e,ContentfulSpeedIndex,amazon,True,amazon ContentfulSpeedIndex opt fission warm webrender,,77,ms,firefox,,1795951043,2023-11-15T09:52:17,204.4,82c83f9005e8604bf08034e9c2a95e898c5a2e9e,1332263
autoland,3870186,13,f36c3750a6bc0db1e2bc910e5f3a3acace5985a7,windows10-64-shippable-qr,True,False,,|f|i|s|s|i|o|n| |w|a|r|m| |w|e|b|r|e|n|d|e|r|,102210fe594ee9b33d82058545b1ed14f4c8206e,ContentfulSpeedIndex,amazon,True,amazon ContentfulSpeedIndex opt fission warm webrender,,77,ms,firefox,,1796934552,2023-11-15T09:52:17,188.0,82c83f9005e8604bf08034e9c2a95e898c5a2e9e,1332263
autoland,3870186,13,f36c3750a6bc0db1e2bc910e5f3a3acace5985a7,windows10-64-shippable-qr,True,False,,|f|i|s|s|i|o|n| |w|a|r|m| |w|e|b|r|e|n|d|e|r|,102210fe594ee9b33d82058545b1ed14f4c8206e,ContentfulSpeedIndex,amazon,True,amazon ContentfulSpeedIndex opt fission warm webrender,,77,ms,firefox,,1794795665,2023-11-15T12:47:49,193.0,571c293cedd28db6ac86fd553e2810f40e382e80,1332324
autoland,3870186,13,f36c3750a6bc0db1e2bc910e5f3a3acace5985a7,windows10-64-shippable-qr,True,False,,|f|i|s|s|i|o|n| |w|a|r|m| |w|e|b|r|e|n|d|e|r|,102210fe594ee9b33d82058545b1ed14f4c8206e,ContentfulSpeedIndex,amazon,True,amazon ContentfulSpeedIndex opt fission warm webrender,,77,ms,firefox,,1795951691,2023-11-15T14:46:42,212.3,a06843ec56083ff9a39eb30b98d271da3f9a56d4,1332388
autoland,3870186,13,f36c3750a6bc0db1e2bc910e5f3a3acace5985a7,windows10-64-shippable-qr,True,False,,|f|i|s|s|i|o|n| |w|a|r|m| |w|e|b|r|e|n|d|e|r|,102210fe594ee9b33d82058545b1ed14f4c8206e,ContentfulSpeedIndex,amazon,True,amazon ContentfulSpeedIndex opt fission warm webrender,,77,ms,firefox,,1795952847,2023-11-15T14:51:46,208.8,f270cb9406c7137c12eb006e7e36d1fe95931b16,1332391
autoland,3870186,13,f36c3750a6bc0db1e2bc910e5f3a3acace5985a7,windows10-64-shippable-qr,True,False,,|f|i|s|s|i|o|n| |w|a|r|m| |w|e|b|r|e|n|d|e|r|,102210fe594ee9b33d82058545b1ed14f4c8206e,ContentfulSpeedIndex,amazon,True,amazon ContentfulSpeedIndex opt fission warm webrender,,77,ms,firefox,,1795953275,2023-11-15T14:52:59,206.8,6ab1625490737c27fff225651aa00f78a2d52668,1332392
autoland,3870186,13,f36c3750a6bc0db1e2bc910e5f3a3acace5985a7,windows10-64-shippable-qr,True,False,,|f|i|s|s|i|o|n| |w|a|r|m| |w|e|b|r|e|n|d|e|r|,102210fe594ee9b33d82058545b1ed14f4c8206e,ContentfulSpeedIndex,amazon,True,amazon ContentfulSpeedIndex opt fission warm webrender,,77,ms,firefox,,1795953098,2023-11-15T14:53:58,210.2,1382aa53e1eab040504b5f375b8c1282fccf9ded,1332393
autoland,3870186,13,f36c3750a6bc0db1e2bc910e5f3a3acace5985a7,windows10-64-shippable-qr,True,False,,|f|i|s|s|i|o|n| |w|a|r|m| |w|e|b|r|e|n|d|e|r|,102210fe594ee9b33d82058545b1ed14f4c8206e,ContentfulSpeedIndex,amazon,True,amazon ContentfulSpeedIndex opt fission warm webrender,,77,ms,firefox,,1795953375,2023-11-15T14:54:50,202.5,0ba3f1bfcc1269aed029782cf0770b11f970d515,1332395
autoland,3870186,13,f36c3750a6bc0db1e2bc910e5f3a3acace5985a7,windows10-64-shippable-qr,True,False,,|f|i|s|s|i|o|n| |w|a|r|m| |w|e|b|r|e|n|d|e|r|,102210fe594ee9b33d82058545b1ed14f4c8206e,ContentfulSpeedIndex,amazon,True,amazon ContentfulSpeedIndex opt fission warm webrender,,77,ms,firefox,,1795953469,2023-11-15T14:55:51,202.7,1f98573e788cd2b41034557b10f7b238420affd4,1332398
autoland,3870186,13,f36c3750a6bc0db1e2bc910e5f3a3acace5985a7,windows10-64-shippable-qr,True,False,,|f|i|s|s|i|o|n| |w|a|r|m| |w|e|b|r|e|n|d|e|r|,102210fe594ee9b33d82058545b1ed14f4c8206e,ContentfulSpeedIndex,amazon,True,amazon ContentfulSpeedIndex opt fission warm webrender,,77,ms,firefox,,1795953804,2023-11-15T14:56:49,204.8,f7135de4fa8fe95c422daacb6ee630857f339d7c,1332400
autoland,3870186,13,f36c3750a6bc0db1e2bc910e5f3a3acace5985a7,windows10-64-shippable-qr,True,False,,|f|i|s|s|i|o|n| |w|a|r|m| |w|e|b|r|e|n|d|e|r|,102210fe594ee9b33d82058545b1ed14f4c8206e,ContentfulSpeedIndex,amazon,True,amazon ContentfulSpeedIndex opt fission warm webrender,,77,ms,firefox,,1795959249,2023-11-15T14:57:48,208.8,ebe688928ac946ebdf957d630149f8760194e853,1332402
autoland,3870186,13,f36c3750a6bc0db1e2bc910e5f3a3acace5985a7,windows10-64-shippable-qr,True,False,,|f|i|s|s|i|o|n| |w|a|r|m| |w|e|b|r|e|n|d|e|r|,102210fe594ee9b33d82058545b1ed14f4c8206e,ContentfulSpeedIndex,amazon,True,amazon ContentfulSpeedIndex opt fission warm webrender,,77,ms,firefox,,1795959337,2023-11-15T14:58:42,184.7,6f3be95d65116af346971c9a559f77dbb8e9e14a,1332403
autoland,3870186,13,f36c3750a6bc0db1e2bc910e5f3a3acace5985a7,windows10-64-shippable-qr,True,False,,|f|i|s|s|i|o|n| |w|a|r|m| |w|e|b|r|e|n|d|e|r|,102210fe594ee9b33d82058545b1ed14f4c8206e,ContentfulSpeedIndex,amazon,True,amazon ContentfulSpeedIndex opt fission warm webrender,,77,ms,firefox,,1794856273,2023-11-15T15:33:52,207.3,58fc056d56521455bb36e7bd4fcce81222093c75,1332438
autoland,3870186,13,f36c3750a6bc0db1e2bc910e5f3a3acace5985a7,windows10-64-shippable-qr,True,False,,|f|i|s|s|i|o|n| |w|a|r|m| |w|e|b|r|e|n|d|e|r|,102210fe594ee9b33d82058545b1ed14f4c8206e,ContentfulSpeedIndex,amazon,True,amazon ContentfulSpeedIndex opt fission warm webrender,,77,ms,firefox,,1796073253,2023-11-15T15:35:55,186.9,7ff7275fa0cd6a8d341a839389c341f8d3db66ad,1332441
autoland,3870186,13,f36c3750a6bc0db1e2bc910e5f3a3acace5985a7,windows10-64-shippable-qr,True,False,,|f|i|s|s|i|o|n| |w|a|r|m| |w|e|b|r|e|n|d|e|r|,102210fe594ee9b33d82058545b1ed14f4c8206e,ContentfulSpeedIndex,amazon,True,amazon ContentfulSpeedIndex opt fission warm webrender,,77,ms,firefox,,1796063223,2023-11-15T15:36:54,199.9,32dfe20d5a1a30147d1a78169267835fbda15bb6,1332445
autoland,3870186,13,f36c3750a6bc0db1e2bc910e5f3a3acace5985a7,windows10-64-shippable-qr,True,False,,|f|i|s|s|i|o|n| |w|a|r|m| |w|e|b|r|e|n|d|e|r|,102210fe594ee9b33d82058545b1ed14f4c8206e,ContentfulSpeedIndex,amazon,True,amazon ContentfulSpeedIndex opt fission warm webrender,,77,ms,firefox,,1796075449,2023-11-15T15:37:47,191.8,c711108ca2136d516d697cce386e967c2993d475,1332446
autoland,3870186,13,f36c3750a6bc0db1e2bc910e5f3a3acace5985a7,windows10-64-shippable-qr,True,False,,|f|i|s|s|i|o|n| |w|a|r|m| |w|e|b|r|e|n|d|e|r|,102210fe594ee9b33d82058545b1ed14f4c8206e,ContentfulSpeedIndex,amazon,True,amazon ContentfulSpeedIndex opt fission warm webrender,,77,ms,firefox,,1796061300,2023-11-15T15:38:46,213.0,097253b95982ecfa5e3a5bd90a591ccb9cfb9304,1332447
autoland,3870186,13,f36c3750a6bc0db1e2bc910e5f3a3acace5985a7,windows10-64-shippable-qr,True,False,,|f|i|s|s|i|o|n| |w|a|r|m| |w|e|b|r|e|n|d|e|r|,102210fe594ee9b33d82058545b1ed14f4c8206e,ContentfulSpeedIndex,amazon,True,amazon ContentfulSpeedIndex opt fission warm webrender,,77,ms,firefox,,1796056038,2023-11-15T15:39:46,201.5,c6647b193462bc7b38ade1996e8c527b0d3cde27,1332451
autoland,3870186,13,f36c3750a6bc0db1e2bc910e5f3a3acace5985a7,windows10-64-shippable-qr,True,False,,|f|i|s|s|i|o|n| |w|a|r|m| |w|e|b|r|e|n|d|e|r|,102210fe594ee9b33d82058545b1ed14f4c8206e,ContentfulSpeedIndex,amazon,True,amazon ContentfulSpeedIndex opt fission warm webrender,,77,ms,firefox,,1796055248,2023-11-15T15:40:50,214.3,74497487caf985a4d832342ef3075b9d67823be0,1332453
autoland,3870186,13,f36c3750a6bc0db1e2bc910e5f3a3acace5985a7,windows10-64-shippable-qr,True,False,,|f|i|s|s|i|o|n| |w|a|r|m| |w|e|b|r|e|n|d|e|r|,102210fe594ee9b33d82058545b1ed14f4c8206e,ContentfulSpeedIndex,amazon,True,amazon ContentfulSpeedIndex opt fission warm webrender,,77,ms,firefox,,1796066105,2023-11-15T15:42:10,217.0,0a5cdc279edd307dd18c1c259b096e94382c0c16,1332454
autoland,3870186,13,f36c3750a6bc0db1e2bc910e5f3a3acace5985a7,windows10-64-shippable-qr,True,False,,|f|i|s|s|i|o|n| |w|a|r|m| |w|e|b|r|e|n|d|e|r|,102210fe594ee9b33d82058545b1ed14f4c8206e,ContentfulSpeedIndex,amazon,True,amazon ContentfulSpeedIndex opt fission warm webrender,,77,ms,firefox,,1796063115,2023-11-15T15:43:30,192.2,74eff4855bc2a34594beba729fd725b6f659dfc0,1332455
autoland,3870186,13,f36c3750a6bc0db1e2bc910e5f3a3acace5985a7,windows10-64-shippable-qr,True,False,,|f|i|s|s|i|o|n| |w|a|r|m| |w|e|b|r|e|n|d|e|r|,102210fe594ee9b33d82058545b1ed14f4c8206e,ContentfulSpeedIndex,amazon,True,amazon ContentfulSpeedIndex opt fission warm webrender,,77,ms,firefox,,1796047823,2023-11-15T15:44:35,201.3,27bfc748bec217d4a88b5d0749494ba108480572,1332461
autoland,3870186,13,f36c3750a6bc0db1e2bc910e5f3a3acace5985a7,windows10-64-shippable-qr,True,False,,|f|i|s|s|i|o|n| |w|a|r|m| |w|e|b|r|e|n|d|e|r|,102210fe594ee9b33d82058545b1ed14f4c8206e,ContentfulSpeedIndex,amazon,True,amazon ContentfulSpeedIndex opt fission warm webrender,,77,ms,firefox,,1795182532,2023-11-15T16:29:36,203.4,497808953269f774584b606c234a60b31c92f137,1332499
autoland,3870186,13,f36c3750a6bc0db1e2bc910e5f3a3acace5985a7,windows10-64-shippable-qr,True,False,,|f|i|s|s|i|o|n| |w|a|r|m| |w|e|b|r|e|n|d|e|r|,102210fe594ee9b33d82058545b1ed14f4c8206e,ContentfulSpeedIndex,amazon,True,amazon ContentfulSpeedIndex opt fission warm webrender,,77,ms,firefox,,1795199013,2023-11-15T16:34:55,198.6,aa00d6d7589c4174ecfcf5332944aa8a8ee720c3,1332507
autoland,3870186,13,f36c3750a6bc0db1e2bc910e5f3a3acace5985a7,windows10-64-shippable-qr,True,False,,|f|i|s|s|i|o|n| |w|a|r|m| |w|e|b|r|e|n|d|e|r|,102210fe594ee9b33d82058545b1ed14f4c8206e,ContentfulSpeedIndex,amazon,True,amazon ContentfulSpeedIndex opt fission warm webrender,,77,ms,firefox,,1794883409,2023-11-15T16:43:35,198.1,a70ee84d8943b9a1eaaf0fb3a0df60a1595f5782,1332515
autoland,3870186,13,f36c3750a6bc0db1e2bc910e5f3a3acace5985a7,windows10-64-shippable-qr,True,False,,|f|i|s|s|i|o|n| |w|a|r|m| |w|e|b|r|e|n|d|e|r|,102210fe594ee9b33d82058545b1ed14f4c8206e,ContentfulSpeedIndex,amazon,True,amazon ContentfulSpeedIndex opt fission warm webrender,,77,ms,firefox,,1795126750,2023-11-15T23:08:22,181.0,eb78feb610e5d895bd63b81693cde56dd08d82df,1332792
autoland,3870186,13,f36c3750a6bc0db1e2bc910e5f3a3acace5985a7,windows10-64-shippable-qr,True,False,,|f|i|s|s|i|o|n| |w|a|r|m| |w|e|b|r|e|n|d|e|r|,102210fe594ee9b33d82058545b1ed14f4c8206e,ContentfulSpeedIndex,amazon,True,amazon ContentfulSpeedIndex opt fission warm webrender,,77,ms,firefox,,1795300140,2023-11-16T09:33:00,201.9,ffd7ebdedeacec6717a3e8904121052ebbe61fe6,1332997
autoland,3870186,13,f36c3750a6bc0db1e2bc910e5f3a3acace5985a7,windows10-64-shippable-qr,True,False,,|f|i|s|s|i|o|n| |w|a|r|m| |w|e|b|r|e|n|d|e|r|,102210fe594ee9b33d82058545b1ed14f4c8206e,ContentfulSpeedIndex,amazon,True,amazon ContentfulSpeedIndex opt fission warm webrender,,77,ms,firefox,,1795405862,2023-11-16T13:34:03,202.8,71ef91d3bf98c6475cfe762c0152d5b31588182c,1333089
autoland,3870186,13,f36c3750a6bc0db1e2bc910e5f3a3acace5985a7,windows10-64-shippable-qr,True,False,,|f|i|s|s|i|o|n| |w|a|r|m| |w|e|b|r|e|n|d|e|r|,102210fe594ee9b33d82058545b1ed14f4c8206e,ContentfulSpeedIndex,amazon,True,amazon ContentfulSpeedIndex opt fission warm webrender,,77,ms,firefox,,1795451594,2023-11-16T15:30:11,203.7,5dba86b1842a5256c2845d69a7cebd605267d535,1333183
autoland,3870186,13,f36c3750a6bc0db1e2bc910e5f3a3acace5985a7,windows10-64-shippable-qr,True,False,,|f|i|s|s|i|o|n| |w|a|r|m| |w|e|b|r|e|n|d|e|r|,102210fe594ee9b33d82058545b1ed14f4c8206e,ContentfulSpeedIndex,amazon,True,amazon ContentfulSpeedIndex opt fission warm webrender,,77,ms,firefox,,1795545402,2023-11-16T20:27:49,200.3,53b2405c0e70ae3283dbbba0d568665110f0db23,1333335
autoland,3870186,13,f36c3750a6bc0db1e2bc910e5f3a3acace5985a7,windows10-64-shippable-qr,True,False,,|f|i|s|s|i|o|n| |w|a|r|m| |w|e|b|r|e|n|d|e|r|,102210fe594ee9b33d82058545b1ed14f4c8206e,ContentfulSpeedIndex,amazon,True,amazon ContentfulSpeedIndex opt fission warm webrender,,77,ms,firefox,,1795627044,2023-11-16T23:04:46,197.4,3b45d04f6865b297c8b2548a2c24424c5e9467e9,1333418
autoland,3870186,13,f36c3750a6bc0db1e2bc910e5f3a3acace5985a7,windows10-64-shippable-qr,True,False,,|f|i|s|s|i|o|n| |w|a|r|m| |w|e|b|r|e|n|d|e|r|,102210fe594ee9b33d82058545b1ed14f4c8206e,ContentfulSpeedIndex,amazon,True,amazon ContentfulSpeedIndex opt fission warm webrender,,77,ms,firefox,,1795784406,2023-11-17T06:40:14,206.1,8a71397fb808df79e78f3023bf95b46f7cc2d2a4,1333538
autoland,3870186,13,f36c3750a6bc0db1e2bc910e5f3a3acace5985a7,windows10-64-shippable-qr,True,False,,|f|i|s|s|i|o|n| |w|a|r|m| |w|e|b|r|e|n|d|e|r|,102210fe594ee9b33d82058545b1ed14f4c8206e,ContentfulSpeedIndex,amazon,True,amazon ContentfulSpeedIndex opt fission warm webrender,,77,ms,firefox,,1795933627,2023-11-17T10:54:07,209.4,ff5810792fa57d1b0a1076b4c90b3a83ac0242ca,1333644
autoland,3870186,13,f36c3750a6bc0db1e2bc910e5f3a3acace5985a7,windows10-64-shippable-qr,True,False,,|f|i|s|s|i|o|n| |w|a|r|m| |w|e|b|r|e|n|d|e|r|,102210fe594ee9b33d82058545b1ed14f4c8206e,ContentfulSpeedIndex,amazon,True,amazon ContentfulSpeedIndex opt fission warm webrender,,77,ms,firefox,,1796086500,2023-11-17T15:35:00,197.4,f3b46286b5bad609725e65f541d6609a1bafcbce,1333770
autoland,3870186,13,f36c3750a6bc0db1e2bc910e5f3a3acace5985a7,windows10-64-shippable-qr,True,False,,|f|i|s|s|i|o|n| |w|a|r|m| |w|e|b|r|e|n|d|e|r|,102210fe594ee9b33d82058545b1ed14f4c8206e,ContentfulSpeedIndex,amazon,True,amazon ContentfulSpeedIndex opt fission warm webrender,,77,ms,firefox,,1796212071,2023-11-17T21:05:40,189.3,b3bec7a68bb8ccbb4c637b64bec4dc0c806fecb3,1334007
autoland,3870186,13,f36c3750a6bc0db1e2bc910e5f3a3acace5985a7,windows10-64-shippable-qr,True,False,,|f|i|s|s|i|o|n| |w|a|r|m| |w|e|b|r|e|n|d|e|r|,102210fe594ee9b33d82058545b1ed14f4c8206e,ContentfulSpeedIndex,amazon,True,amazon ContentfulSpeedIndex opt fission warm webrender,,77,ms,firefox,,1796277267,2023-11-18T01:23:43,180.2,391181d97b6bb5b53fe8a1186c8a1a85971812de,1334085
autoland,3870186,13,f36c3750a6bc0db1e2bc910e5f3a3acace5985a7,windows10-64-shippable-qr,True,False,,|f|i|s|s|i|o|n| |w|a|r|m| |w|e|b|r|e|n|d|e|r|,102210fe594ee9b33d82058545b1ed14f4c8206e,ContentfulSpeedIndex,amazon,True,amazon ContentfulSpeedIndex opt fission warm webrender,,77,ms,firefox,,1796444564,2023-11-18T14:15:26,224.4,2cf1b902ea75e1237bbd69eaf02c889bc2924d10,1334153
autoland,3870186,13,f36c3750a6bc0db1e2bc910e5f3a3acace5985a7,windows10-64-shippable-qr,True,False,,|f|i|s|s|i|o|n| |w|a|r|m| |w|e|b|r|e|n|d|e|r|,102210fe594ee9b33d82058545b1ed14f4c8206e,ContentfulSpeedIndex,amazon,True,amazon ContentfulSpeedIndex opt fission warm webrender,,77,ms,firefox,,1796564091,2023-11-19T06:03:16,227.4,98917be406eeca58f61d8aeaf62aa4cae5be2137,1334239
autoland,3870186,13,f36c3750a6bc0db1e2bc910e5f3a3acace5985a7,windows10-64-shippable-qr,True,False,,|f|i|s|s|i|o|n| |w|a|r|m| |w|e|b|r|e|n|d|e|r|,102210fe594ee9b33d82058545b1ed14f4c8206e,ContentfulSpeedIndex,amazon,True,amazon ContentfulSpeedIndex opt fission warm webrender,,77,ms,firefox,,1796642410,2023-11-19T11:10:53,202.6,b403bb5b1c833d29961882402a090cf08f44c190,1334278
autoland,3870186,13,f36c3750a6bc0db1e2bc910e5f3a3acace5985a7,windows10-64-shippable-qr,True,False,,|f|i|s|s|i|o|n| |w|a|r|m| |w|e|b|r|e|n|d|e|r|,102210fe594ee9b33d82058545b1ed14f4c8206e,ContentfulSpeedIndex,amazon,True,amazon ContentfulSpeedIndex opt fission warm webrender,,77,ms,firefox,,1796698909,2023-11-19T15:28:11,207.2,1044018d08bd15166ae94a05bf5299b0701f4109,1334290
autoland,3870186,13,f36c3750a6bc0db1e2bc910e5f3a3acace5985a7,windows10-64-shippable-qr,True,False,,|f|i|s|s|i|o|n| |w|a|r|m| |w|e|b|r|e|n|d|e|r|,102210fe594ee9b33d82058545b1ed14f4c8206e,ContentfulSpeedIndex,amazon,True,amazon ContentfulSpeedIndex opt fission warm webrender,,77,ms,firefox,,1796898586,2023-11-19T15:33:21,196.6,bc206f18ecb2a36a3e014e37cf5265f04eb7db7c,1334291
autoland,3870186,13,f36c3750a6bc0db1e2bc910e5f3a3acace5985a7,windows10-64-shippable-qr,True,False,,|f|i|s|s|i|o|n| |w|a|r|m| |w|e|b|r|e|n|d|e|r|,102210fe594ee9b33d82058545b1ed14f4c8206e,ContentfulSpeedIndex,amazon,True,amazon ContentfulSpeedIndex opt fission warm webrender,,77,ms,firefox,,1796850473,2023-11-20T01:53:49,201.1,73f60b8af6dadb15fb13d768baf6b4c3313d939b,1334371
autoland,3870186,13,f36c3750a6bc0db1e2bc910e5f3a3acace5985a7,windows10-64-shippable-qr,True,False,,|f|i|s|s|i|o|n| |w|a|r|m| |w|e|b|r|e|n|d|e|r|,102210fe594ee9b33d82058545b1ed14f4c8206e,ContentfulSpeedIndex,amazon,True,amazon ContentfulSpeedIndex opt fission warm webrender,,77,ms,firefox,,1797113226,2023-11-20T09:30:46,194.0,86da25fdbc81a93ed888df6b8a9f7cc128fb9b5b,1334455
autoland,3870186,13,f36c3750a6bc0db1e2bc910e5f3a3acace5985a7,windows10-64-shippable-qr,True,False,,|f|i|s|s|i|o|n| |w|a|r|m| |w|e|b|r|e|n|d|e|r|,102210fe594ee9b33d82058545b1ed14f4c8206e,ContentfulSpeedIndex,amazon,True,amazon ContentfulSpeedIndex opt fission warm webrender,,77,ms,firefox,,1797150811,2023-11-20T12:44:46,183.2,de35cb5de97565935b503eade2990b5c385c7293,1334619
autoland,3870186,13,f36c3750a6bc0db1e2bc910e5f3a3acace5985a7,windows10-64-shippable-qr,True,False,,|f|i|s|s|i|o|n| |w|a|r|m| |w|e|b|r|e|n|d|e|r|,102210fe594ee9b33d82058545b1ed14f4c8206e,ContentfulSpeedIndex,amazon,True,amazon ContentfulSpeedIndex opt fission warm webrender,,77,ms,firefox,,1797804336,2023-11-20T12:49:26,173.2,38489d98c5bcdeb3759137e96ed433b4ced7b298,1334626
autoland,3870186,13,f36c3750a6bc0db1e2bc910e5f3a3acace5985a7,windows10-64-shippable-qr,True,False,,|f|i|s|s|i|o|n| |w|a|r|m| |w|e|b|r|e|n|d|e|r|,102210fe594ee9b33d82058545b1ed14f4c8206e,ContentfulSpeedIndex,amazon,True,amazon ContentfulSpeedIndex opt fission warm webrender,,77,ms,firefox,,1797720025,2023-11-20T12:58:48,168.6,9b797f214f1999e79623b4afc161911d82bbf0b3,1334633
autoland,3870186,13,f36c3750a6bc0db1e2bc910e5f3a3acace5985a7,windows10-64-shippable-qr,True,False,,|f|i|s|s|i|o|n| |w|a|r|m| |w|e|b|r|e|n|d|e|r|,102210fe594ee9b33d82058545b1ed14f4c8206e,ContentfulSpeedIndex,amazon,True,amazon ContentfulSpeedIndex opt fission warm webrender,,77,ms,firefox,,1797757305,2023-11-20T12:58:48,175.8,9b797f214f1999e79623b4afc161911d82bbf0b3,1334633
autoland,3870186,13,f36c3750a6bc0db1e2bc910e5f3a3acace5985a7,windows10-64-shippable-qr,True,False,,|f|i|s|s|i|o|n| |w|a|r|m| |w|e|b|r|e|n|d|e|r|,102210fe594ee9b33d82058545b1ed14f4c8206e,ContentfulSpeedIndex,amazon,True,amazon ContentfulSpeedIndex opt fission warm webrender,,77,ms,firefox,,1797766193,2023-11-20T13:01:35,171.5,9517987e19427c2900046f62ca816d243d1f1403,1334636
autoland,3870186,13,f36c3750a6bc0db1e2bc910e5f3a3acace5985a7,windows10-64-shippable-qr,True,False,,|f|i|s|s|i|o|n| |w|a|r|m| |w|e|b|r|e|n|d|e|r|,102210fe594ee9b33d82058545b1ed14f4c8206e,ContentfulSpeedIndex,amazon,True,amazon ContentfulSpeedIndex opt fission warm webrender,,77,ms,firefox,,1797354803,2023-11-20T16:13:55,182.3,f78453d754386d0000dae39e031b91b0d0c4b07f,1334757
autoland,3870186,13,f36c3750a6bc0db1e2bc910e5f3a3acace5985a7,windows10-64-shippable-qr,True,False,,|f|i|s|s|i|o|n| |w|a|r|m| |w|e|b|r|e|n|d|e|r|,102210fe594ee9b33d82058545b1ed14f4c8206e,ContentfulSpeedIndex,amazon,True,amazon ContentfulSpeedIndex opt fission warm webrender,,77,ms,firefox,,1797393859,2023-11-20T18:08:54,173.9,a2089603188c4136890163ddd71b1d4e60e1c396,1334868
autoland,3870186,13,f36c3750a6bc0db1e2bc910e5f3a3acace5985a7,windows10-64-shippable-qr,True,False,,|f|i|s|s|i|o|n| |w|a|r|m| |w|e|b|r|e|n|d|e|r|,102210fe594ee9b33d82058545b1ed14f4c8206e,ContentfulSpeedIndex,amazon,True,amazon ContentfulSpeedIndex opt fission warm webrender,,77,ms,firefox,,1797612390,2023-11-20T23:09:27,185.2,7b567ceeead73f84de62ab77b4b6c87450b347fa,1335119
autoland,3870186,13,f36c3750a6bc0db1e2bc910e5f3a3acace5985a7,windows10-64-shippable-qr,True,False,,|f|i|s|s|i|o|n| |w|a|r|m| |w|e|b|r|e|n|d|e|r|,102210fe594ee9b33d82058545b1ed14f4c8206e,ContentfulSpeedIndex,amazon,True,amazon ContentfulSpeedIndex opt fission warm webrender,,77,ms,firefox,,1797671204,2023-11-21T01:49:39,196.7,b9fe9a49496aa38ca77c335f20236610ef01a582,1335206
autoland,3870186,13,f36c3750a6bc0db1e2bc910e5f3a3acace5985a7,windows10-64-shippable-qr,True,False,,|f|i|s|s|i|o|n| |w|a|r|m| |w|e|b|r|e|n|d|e|r|,102210fe594ee9b33d82058545b1ed14f4c8206e,ContentfulSpeedIndex,amazon,True,amazon ContentfulSpeedIndex opt fission warm webrender,,77,ms,firefox,,1797943737,2023-11-21T12:15:20,181.6,1ff1d467cb8d49467127613245f448026cd7df9e,1335466
autoland,3870186,13,f36c3750a6bc0db1e2bc910e5f3a3acace5985a7,windows10-64-shippable-qr,True,False,,|f|i|s|s|i|o|n| |w|a|r|m| |w|e|b|r|e|n|d|e|r|,102210fe594ee9b33d82058545b1ed14f4c8206e,ContentfulSpeedIndex,amazon,True,amazon ContentfulSpeedIndex opt fission warm webrender,,77,ms,firefox,,1798425501,2023-11-21T16:44:13,177.4,a5a183d53f8edc045639859ff059a5220516b33e,1335665
autoland,3870186,13,f36c3750a6bc0db1e2bc910e5f3a3acace5985a7,windows10-64-shippable-qr,True,False,,|f|i|s|s|i|o|n| |w|a|r|m| |w|e|b|r|e|n|d|e|r|,102210fe594ee9b33d82058545b1ed14f4c8206e,ContentfulSpeedIndex,amazon,True,amazon ContentfulSpeedIndex opt fission warm webrender,,77,ms,firefox,,1798250728,2023-11-21T17:01:46,172.8,cbc5eb28277f8e6d60fede93a822ede9eb7f01a5,1335682
autoland,3870186,13,f36c3750a6bc0db1e2bc910e5f3a3acace5985a7,windows10-64-shippable-qr,True,False,,|f|i|s|s|i|o|n| |w|a|r|m| |w|e|b|r|e|n|d|e|r|,102210fe594ee9b33d82058545b1ed14f4c8206e,ContentfulSpeedIndex,amazon,True,amazon ContentfulSpeedIndex opt fission warm webrender,,77,ms,firefox,,1798292577,2023-11-21T21:47:24,179.1,62f686461927825493253d0f82a43804b3eddf71,1335911
autoland,3870186,13,f36c3750a6bc0db1e2bc910e5f3a3acace5985a7,windows10-64-shippable-qr,True,False,,|f|i|s|s|i|o|n| |w|a|r|m| |w|e|b|r|e|n|d|e|r|,102210fe594ee9b33d82058545b1ed14f4c8206e,ContentfulSpeedIndex,amazon,True,amazon ContentfulSpeedIndex opt fission warm webrender,,77,ms,firefox,,1798324137,2023-11-21T21:50:11,185.8,ef0b50d89a7f6107932087c2c1adc2f6fd9ab06a,1335914
autoland,3870186,13,f36c3750a6bc0db1e2bc910e5f3a3acace5985a7,windows10-64-shippable-qr,True,False,,|f|i|s|s|i|o|n| |w|a|r|m| |w|e|b|r|e|n|d|e|r|,102210fe594ee9b33d82058545b1ed14f4c8206e,ContentfulSpeedIndex,amazon,True,amazon ContentfulSpeedIndex opt fission warm webrender,,77,ms,firefox,,1798447241,2023-11-21T21:52:47,182.2,f1790974c5ecfa33fe7799087c80dba8b83fb78c,1335917
autoland,3870186,13,f36c3750a6bc0db1e2bc910e5f3a3acace5985a7,windows10-64-shippable-qr,True,False,,|f|i|s|s|i|o|n| |w|a|r|m| |w|e|b|r|e|n|d|e|r|,102210fe594ee9b33d82058545b1ed14f4c8206e,ContentfulSpeedIndex,amazon,True,amazon ContentfulSpeedIndex opt fission warm webrender,,77,ms,firefox,,1798356901,2023-11-22T01:56:32,177.2,7dc6122ebd68b46a9d4320c40c86f20c2b78984a,1336017
autoland,3870186,13,f36c3750a6bc0db1e2bc910e5f3a3acace5985a7,windows10-64-shippable-qr,True,False,,|f|i|s|s|i|o|n| |w|a|r|m| |w|e|b|r|e|n|d|e|r|,102210fe594ee9b33d82058545b1ed14f4c8206e,ContentfulSpeedIndex,amazon,True,amazon ContentfulSpeedIndex opt fission warm webrender,,77,ms,firefox,,1798477096,2023-11-22T05:59:37,178.3,ed20a8b98a8f2d8593dbbbd9b5df993e3e91433f,1336060
autoland,3870186,13,f36c3750a6bc0db1e2bc910e5f3a3acace5985a7,windows10-64-shippable-qr,True,False,,|f|i|s|s|i|o|n| |w|a|r|m| |w|e|b|r|e|n|d|e|r|,102210fe594ee9b33d82058545b1ed14f4c8206e,ContentfulSpeedIndex,amazon,True,amazon ContentfulSpeedIndex opt fission warm webrender,,77,ms,firefox,,1798541942,2023-11-22T07:16:13,180.0,0222787eb3244ffb2e62210f697d039bdef46036,1336076
autoland,3870186,13,f36c3750a6bc0db1e2bc910e5f3a3acace5985a7,windows10-64-shippable-qr,True,False,,|f|i|s|s|i|o|n| |w|a|r|m| |w|e|b|r|e|n|d|e|r|,102210fe594ee9b33d82058545b1ed14f4c8206e,ContentfulSpeedIndex,amazon,True,amazon ContentfulSpeedIndex opt fission warm webrender,,77,ms,firefox,,1798821700,2023-11-22T13:00:34,184.1,b90083f581e182455cf23aaacb125b728b3ccb32,1336296
autoland,3870186,13,f36c3750a6bc0db1e2bc910e5f3a3acace5985a7,windows10-64-shippable-qr,True,False,,|f|i|s|s|i|o|n| |w|a|r|m| |w|e|b|r|e|n|d|e|r|,102210fe594ee9b33d82058545b1ed14f4c8206e,ContentfulSpeedIndex,amazon,True,amazon ContentfulSpeedIndex opt fission warm webrender,,77,ms,firefox,,1799447542,2023-11-22T16:04:36,177.9,3d393874d4d797a664c536c3da3fef33489e9287,1336396
autoland,3870186,13,f36c3750a6bc0db1e2bc910e5f3a3acace5985a7,windows10-64-shippable-qr,True,False,,|f|i|s|s|i|o|n| |w|a|r|m| |w|e|b|r|e|n|d|e|r|,102210fe594ee9b33d82058545b1ed14f4c8206e,ContentfulSpeedIndex,amazon,True,amazon ContentfulSpeedIndex opt fission warm webrender,,77,ms,firefox,,1799340757,2023-11-22T16:08:48,177.1,823341e5f5121d198fed2a8fc4d2abd6e68951d8,1336398
autoland,3870186,13,f36c3750a6bc0db1e2bc910e5f3a3acace5985a7,windows10-64-shippable-qr,True,False,,|f|i|s|s|i|o|n| |w|a|r|m| |w|e|b|r|e|n|d|e|r|,102210fe594ee9b33d82058545b1ed14f4c8206e,ContentfulSpeedIndex,amazon,True,amazon ContentfulSpeedIndex opt fission warm webrender,,77,ms,firefox,,1798878968,2023-11-22T16:22:37,179.1,f4fae08660c1f3323af7bdef3ed152a3d34bc751,1336410
autoland,3870186,13,f36c3750a6bc0db1e2bc910e5f3a3acace5985a7,windows10-64-shippable-qr,True,False,,|f|i|s|s|i|o|n| |w|a|r|m| |w|e|b|r|e|n|d|e|r|,102210fe594ee9b33d82058545b1ed14f4c8206e,ContentfulSpeedIndex,amazon,True,amazon ContentfulSpeedIndex opt fission warm webrender,,77,ms,firefox,,1799065240,2023-11-22T19:14:54,181.2,bcdbc1e5d9a7c0fea2fcdc91ab0eebe908b34ece,1336555
autoland,3870186,13,f36c3750a6bc0db1e2bc910e5f3a3acace5985a7,windows10-64-shippable-qr,True,False,,|f|i|s|s|i|o|n| |w|a|r|m| |w|e|b|r|e|n|d|e|r|,102210fe594ee9b33d82058545b1ed14f4c8206e,ContentfulSpeedIndex,amazon,True,amazon ContentfulSpeedIndex opt fission warm webrender,,77,ms,firefox,,1799435210,2023-11-22T19:54:40,182.5,417b9a914e84789562a33c0f87dffc79ab476132,1336588
autoland,3870186,13,f36c3750a6bc0db1e2bc910e5f3a3acace5985a7,windows10-64-shippable-qr,True,False,,|f|i|s|s|i|o|n| |w|a|r|m| |w|e|b|r|e|n|d|e|r|,102210fe594ee9b33d82058545b1ed14f4c8206e,ContentfulSpeedIndex,amazon,True,amazon ContentfulSpeedIndex opt fission warm webrender,,77,ms,firefox,,1799422973,2023-11-22T19:56:19,182.3,28e1518994cbbad28b51800e62abeb93ad9fbb03,1336589
autoland,3870186,13,f36c3750a6bc0db1e2bc910e5f3a3acace5985a7,windows10-64-shippable-qr,True,False,,|f|i|s|s|i|o|n| |w|a|r|m| |w|e|b|r|e|n|d|e|r|,102210fe594ee9b33d82058545b1ed14f4c8206e,ContentfulSpeedIndex,amazon,True,amazon ContentfulSpeedIndex opt fission warm webrender,,77,ms,firefox,,1799157625,2023-11-22T23:02:09,177.8,3122924cd341ff55738fd6a06d4bd708010c15e4,1336681
autoland,3870186,13,f36c3750a6bc0db1e2bc910e5f3a3acace5985a7,windows10-64-shippable-qr,True,False,,|f|i|s|s|i|o|n| |w|a|r|m| |w|e|b|r|e|n|d|e|r|,102210fe594ee9b33d82058545b1ed14f4c8206e,ContentfulSpeedIndex,amazon,True,amazon ContentfulSpeedIndex opt fission warm webrender,,77,ms,firefox,,1800149155,2023-11-23T02:36:04,180.9,ad28a3a25b2a199ffa143a0f35905438495a0931,1336744
autoland,3870186,13,f36c3750a6bc0db1e2bc910e5f3a3acace5985a7,windows10-64-shippable-qr,True,False,,|f|i|s|s|i|o|n| |w|a|r|m| |w|e|b|r|e|n|d|e|r|,102210fe594ee9b33d82058545b1ed14f4c8206e,ContentfulSpeedIndex,amazon,True,amazon ContentfulSpeedIndex opt fission warm webrender,,77,ms,firefox,,1799378685,2023-11-23T04:10:29,176.0,8366d9b1b0ca63aa3b706dd53ce23f052221c11b,1336756
autoland,3870186,13,f36c3750a6bc0db1e2bc910e5f3a3acace5985a7,windows10-64-shippable-qr,True,False,,|f|i|s|s|i|o|n| |w|a|r|m| |w|e|b|r|e|n|d|e|r|,102210fe594ee9b33d82058545b1ed14f4c8206e,ContentfulSpeedIndex,amazon,True,amazon ContentfulSpeedIndex opt fission warm webrender,,77,ms,firefox,,1799501871,2023-11-23T08:19:48,174.4,023a5c518562ad97c805915ae5addfcad59d1223,1336795
autoland,3870186,13,f36c3750a6bc0db1e2bc910e5f3a3acace5985a7,windows10-64-shippable-qr,True,False,,|f|i|s|s|i|o|n| |w|a|r|m| |w|e|b|r|e|n|d|e|r|,102210fe594ee9b33d82058545b1ed14f4c8206e,ContentfulSpeedIndex,amazon,True,amazon ContentfulSpeedIndex opt fission warm webrender,,77,ms,firefox,,1799636426,2023-11-23T10:10:14,196.6,7392664630b156e348b2a77aef6fdd70004c9b47,1336839
autoland,3870186,13,f36c3750a6bc0db1e2bc910e5f3a3acace5985a7,windows10-64-shippable-qr,True,False,,|f|i|s|s|i|o|n| |w|a|r|m| |w|e|b|r|e|n|d|e|r|,102210fe594ee9b33d82058545b1ed14f4c8206e,ContentfulSpeedIndex,amazon,True,amazon ContentfulSpeedIndex opt fission warm webrender,,77,ms,firefox,,1800206617,2023-11-23T14:15:32,184.6,ef4f4ed6516d3a46177c934be7a763ff8f2f9ac7,1336997
autoland,3870186,13,f36c3750a6bc0db1e2bc910e5f3a3acace5985a7,windows10-64-shippable-qr,True,False,,|f|i|s|s|i|o|n| |w|a|r|m| |w|e|b|r|e|n|d|e|r|,102210fe594ee9b33d82058545b1ed14f4c8206e,ContentfulSpeedIndex,amazon,True,amazon ContentfulSpeedIndex opt fission warm webrender,,77,ms,firefox,,1800285096,2023-11-23T14:16:51,178.4,82dbcd75918f0eb33795da023e71e8241f428bbe,1336999
autoland,3870186,13,f36c3750a6bc0db1e2bc910e5f3a3acace5985a7,windows10-64-shippable-qr,True,False,,|f|i|s|s|i|o|n| |w|a|r|m| |w|e|b|r|e|n|d|e|r|,102210fe594ee9b33d82058545b1ed14f4c8206e,ContentfulSpeedIndex,amazon,True,amazon ContentfulSpeedIndex opt fission warm webrender,,77,ms,firefox,,1800020835,2023-11-23T15:57:23,188.8,872aa271adfdb73a79c09de279f0001bf419850c,1337066
autoland,3870186,13,f36c3750a6bc0db1e2bc910e5f3a3acace5985a7,windows10-64-shippable-qr,True,False,,|f|i|s|s|i|o|n| |w|a|r|m| |w|e|b|r|e|n|d|e|r|,102210fe594ee9b33d82058545b1ed14f4c8206e,ContentfulSpeedIndex,amazon,True,amazon ContentfulSpeedIndex opt fission warm webrender,,77,ms,firefox,,1800187223,2023-11-23T19:02:08,166.9,40bc8612037f1efc2ea0a5ff2a12b8d8b3a86f72,1337209
autoland,3870186,13,f36c3750a6bc0db1e2bc910e5f3a3acace5985a7,windows10-64-shippable-qr,True,False,,|f|i|s|s|i|o|n| |w|a|r|m| |w|e|b|r|e|n|d|e|r|,102210fe594ee9b33d82058545b1ed14f4c8206e,ContentfulSpeedIndex,amazon,True,amazon ContentfulSpeedIndex opt fission warm webrender,,77,ms,firefox,,1800253375,2023-11-23T19:11:00,199.1,84d22a46a333ec5fdfd6664fe37443349d696922,1337217
autoland,3870186,13,f36c3750a6bc0db1e2bc910e5f3a3acace5985a7,windows10-64-shippable-qr,True,False,,|f|i|s|s|i|o|n| |w|a|r|m| |w|e|b|r|e|n|d|e|r|,102210fe594ee9b33d82058545b1ed14f4c8206e,ContentfulSpeedIndex,amazon,True,amazon ContentfulSpeedIndex opt fission warm webrender,,77,ms,firefox,,1800055037,2023-11-23T19:58:47,185.2,180501fca2278e97c30e09ab097da1cb514f5ca1,1337231
autoland,3870186,13,f36c3750a6bc0db1e2bc910e5f3a3acace5985a7,windows10-64-shippable-qr,True,False,,|f|i|s|s|i|o|n| |w|a|r|m| |w|e|b|r|e|n|d|e|r|,102210fe594ee9b33d82058545b1ed14f4c8206e,ContentfulSpeedIndex,amazon,True,amazon ContentfulSpeedIndex opt fission warm webrender,,77,ms,firefox,,1800091322,2023-11-23T23:50:52,176.2,29d489a7e05adef3300e076dd1c46d14928ddf24,1337321
autoland,3870186,13,f36c3750a6bc0db1e2bc910e5f3a3acace5985a7,windows10-64-shippable-qr,True,False,,|f|i|s|s|i|o|n| |w|a|r|m| |w|e|b|r|e|n|d|e|r|,102210fe594ee9b33d82058545b1ed14f4c8206e,ContentfulSpeedIndex,amazon,True,amazon ContentfulSpeedIndex opt fission warm webrender,,77,ms,firefox,,1800292354,2023-11-24T05:36:58,221.0,dbd1a6aef0a74dc60875a4904d9eddb5ca9afbb7,1337356
autoland,3870186,13,f36c3750a6bc0db1e2bc910e5f3a3acace5985a7,windows10-64-shippable-qr,True,False,,|f|i|s|s|i|o|n| |w|a|r|m| |w|e|b|r|e|n|d|e|r|,102210fe594ee9b33d82058545b1ed14f4c8206e,ContentfulSpeedIndex,amazon,True,amazon ContentfulSpeedIndex opt fission warm webrender,,77,ms,firefox,,1800472694,2023-11-24T09:28:03,179.8,8bec1f302a76929843c944e27b75ddcbf1f21954,1337436
autoland,3870186,13,f36c3750a6bc0db1e2bc910e5f3a3acace5985a7,windows10-64-shippable-qr,True,False,,|f|i|s|s|i|o|n| |w|a|r|m| |w|e|b|r|e|n|d|e|r|,102210fe594ee9b33d82058545b1ed14f4c8206e,ContentfulSpeedIndex,amazon,True,amazon ContentfulSpeedIndex opt fission warm webrender,,77,ms,firefox,,1800569378,2023-11-24T13:31:32,199.6,1e01aa4b558aff87267a6384c318e6963b66a0d8,1337559
autoland,3870186,13,f36c3750a6bc0db1e2bc910e5f3a3acace5985a7,windows10-64-shippable-qr,True,False,,|f|i|s|s|i|o|n| |w|a|r|m| |w|e|b|r|e|n|d|e|r|,102210fe594ee9b33d82058545b1ed14f4c8206e,ContentfulSpeedIndex,amazon,True,amazon ContentfulSpeedIndex opt fission warm webrender,,77,ms,firefox,,1800531094,2023-11-24T14:07:25,177.0,6354cfb105a6c9a46216d5c8ea95ee463892366e,1337582
autoland,3870186,13,f36c3750a6bc0db1e2bc910e5f3a3acace5985a7,windows10-64-shippable-qr,True,False,,|f|i|s|s|i|o|n| |w|a|r|m| |w|e|b|r|e|n|d|e|r|,102210fe594ee9b33d82058545b1ed14f4c8206e,ContentfulSpeedIndex,amazon,True,amazon ContentfulSpeedIndex opt fission warm webrender,,77,ms,firefox,,1800757837,2023-11-24T21:51:55,189.7,f905e9024322370d02da128ab9ea37861774f2a5,1337759
autoland,3870186,13,f36c3750a6bc0db1e2bc910e5f3a3acace5985a7,windows10-64-shippable-qr,True,False,,|f|i|s|s|i|o|n| |w|a|r|m| |w|e|b|r|e|n|d|e|r|,102210fe594ee9b33d82058545b1ed14f4c8206e,ContentfulSpeedIndex,amazon,True,amazon ContentfulSpeedIndex opt fission warm webrender,,77,ms,firefox,,1800655121,2023-11-24T21:54:25,165.0,8875acba4f482b90d60501b953fb4530b361bd8f,1337760
autoland,3870186,13,f36c3750a6bc0db1e2bc910e5f3a3acace5985a7,windows10-64-shippable-qr,True,False,,|f|i|s|s|i|o|n| |w|a|r|m| |w|e|b|r|e|n|d|e|r|,102210fe594ee9b33d82058545b1ed14f4c8206e,ContentfulSpeedIndex,amazon,True,amazon ContentfulSpeedIndex opt fission warm webrender,,77,ms,firefox,,1800742291,2023-11-25T04:13:26,164.0,a137631f73ce188671f50c5225295d64d427fec2,1337799
autoland,3870186,13,f36c3750a6bc0db1e2bc910e5f3a3acace5985a7,windows10-64-shippable-qr,True,False,,|f|i|s|s|i|o|n| |w|a|r|m| |w|e|b|r|e|n|d|e|r|,102210fe594ee9b33d82058545b1ed14f4c8206e,ContentfulSpeedIndex,amazon,True,amazon ContentfulSpeedIndex opt fission warm webrender,,77,ms,firefox,,1800848020,2023-11-25T09:26:54,190.9,860c52f225fa7410ed4a4bf3bd0eb0846483e08d,1337840
autoland,3870186,13,f36c3750a6bc0db1e2bc910e5f3a3acace5985a7,windows10-64-shippable-qr,True,False,,|f|i|s|s|i|o|n| |w|a|r|m| |w|e|b|r|e|n|d|e|r|,102210fe594ee9b33d82058545b1ed14f4c8206e,ContentfulSpeedIndex,amazon,True,amazon ContentfulSpeedIndex opt fission warm webrender,,77,ms,firefox,,1800895829,2023-11-25T14:41:03,175.8,2ff68fa9f49916065f4ebb7a74c0940bf425f396,1337869
autoland,3870186,13,f36c3750a6bc0db1e2bc910e5f3a3acace5985a7,windows10-64-shippable-qr,True,False,,|f|i|s|s|i|o|n| |w|a|r|m| |w|e|b|r|e|n|d|e|r|,102210fe594ee9b33d82058545b1ed14f4c8206e,ContentfulSpeedIndex,amazon,True,amazon ContentfulSpeedIndex opt fission warm webrender,,77,ms,firefox,,1801008019,2023-11-26T15:57:31,174.7,0cd5e7d76f8ac3e26423c36c9d06f91a310dab45,1337946
autoland,3870186,13,f36c3750a6bc0db1e2bc910e5f3a3acace5985a7,windows10-64-shippable-qr,True,False,,|f|i|s|s|i|o|n| |w|a|r|m| |w|e|b|r|e|n|d|e|r|,102210fe594ee9b33d82058545b1ed14f4c8206e,ContentfulSpeedIndex,amazon,True,amazon ContentfulSpeedIndex opt fission warm webrender,,77,ms,firefox,,1801092141,2023-11-26T18:39:37,179.8,ffaaa99c517223770b014031e25b54d585f95ef2,1337950
autoland,3870186,13,f36c3750a6bc0db1e2bc910e5f3a3acace5985a7,windows10-64-shippable-qr,True,False,,|f|i|s|s|i|o|n| |w|a|r|m| |w|e|b|r|e|n|d|e|r|,102210fe594ee9b33d82058545b1ed14f4c8206e,ContentfulSpeedIndex,amazon,True,amazon ContentfulSpeedIndex opt fission warm webrender,,77,ms,firefox,,1801192433,2023-11-27T01:49:37,174.3,edf9292c0bc9c671afa4de12648c16622e9d418c,1337984
autoland,3870186,13,f36c3750a6bc0db1e2bc910e5f3a3acace5985a7,windows10-64-shippable-qr,True,False,,|f|i|s|s|i|o|n| |w|a|r|m| |w|e|b|r|e|n|d|e|r|,102210fe594ee9b33d82058545b1ed14f4c8206e,ContentfulSpeedIndex,amazon,True,amazon ContentfulSpeedIndex opt fission warm webrender,,77,ms,firefox,,1801963409,2023-11-27T03:19:14,183.1,600b27fdf4a03735007bce03c5c2617adeeb1416,1337993
autoland,3870186,13,f36c3750a6bc0db1e2bc910e5f3a3acace5985a7,windows10-64-shippable-qr,True,False,,|f|i|s|s|i|o|n| |w|a|r|m| |w|e|b|r|e|n|d|e|r|,102210fe594ee9b33d82058545b1ed14f4c8206e,ContentfulSpeedIndex,amazon,True,amazon ContentfulSpeedIndex opt fission warm webrender,,77,ms,firefox,,1801416989,2023-11-27T10:22:36,178.3,c1a92ff5b44e8a296b847ed428ebeec04f7f8f72,1338085
autoland,3870186,13,f36c3750a6bc0db1e2bc910e5f3a3acace5985a7,windows10-64-shippable-qr,True,False,,|f|i|s|s|i|o|n| |w|a|r|m| |w|e|b|r|e|n|d|e|r|,102210fe594ee9b33d82058545b1ed14f4c8206e,ContentfulSpeedIndex,amazon,True,amazon ContentfulSpeedIndex opt fission warm webrender,,77,ms,firefox,,1801901769,2023-11-27T14:03:54,183.1,3a166ac6c074ba6311e10b4a679ed7951f8c7046,1338213
autoland,3870186,13,f36c3750a6bc0db1e2bc910e5f3a3acace5985a7,windows10-64-shippable-qr,True,False,,|f|i|s|s|i|o|n| |w|a|r|m| |w|e|b|r|e|n|d|e|r|,102210fe594ee9b33d82058545b1ed14f4c8206e,ContentfulSpeedIndex,amazon,True,amazon ContentfulSpeedIndex opt fission warm webrender,,77,ms,firefox,,1801912428,2023-11-27T14:04:48,166.0,ab3f06ef0efa62a6f988339fc477cd5c937a0f91,1338214
autoland,3870186,13,f36c3750a6bc0db1e2bc910e5f3a3acace5985a7,windows10-64-shippable-qr,True,False,,|f|i|s|s|i|o|n| |w|a|r|m| |w|e|b|r|e|n|d|e|r|,102210fe594ee9b33d82058545b1ed14f4c8206e,ContentfulSpeedIndex,amazon,True,amazon ContentfulSpeedIndex opt fission warm webrender,,77,ms,firefox,,1801469407,2023-11-27T14:05:43,184.9,9ca2bcf6799b1a5f71d2d58db26f6b6c16a90427,1338215
autoland,3870186,13,f36c3750a6bc0db1e2bc910e5f3a3acace5985a7,windows10-64-shippable-qr,True,False,,|f|i|s|s|i|o|n| |w|a|r|m| |w|e|b|r|e|n|d|e|r|,102210fe594ee9b33d82058545b1ed14f4c8206e,ContentfulSpeedIndex,amazon,True,amazon ContentfulSpeedIndex opt fission warm webrender,,77,ms,firefox,,1801933740,2023-11-27T15:33:40,179.9,019c38ef6a2fb136b3ab9b94384971863607fba4,1338282
autoland,3870186,13,f36c3750a6bc0db1e2bc910e5f3a3acace5985a7,windows10-64-shippable-qr,True,False,,|f|i|s|s|i|o|n| |w|a|r|m| |w|e|b|r|e|n|d|e|r|,102210fe594ee9b33d82058545b1ed14f4c8206e,ContentfulSpeedIndex,amazon,True,amazon ContentfulSpeedIndex opt fission warm webrender,,77,ms,firefox,,1801878910,2023-11-27T15:42:45,169.1,e98889428f47cd8a7d6f3132b25982d107cff514,1338288
autoland,3870186,13,f36c3750a6bc0db1e2bc910e5f3a3acace5985a7,windows10-64-shippable-qr,True,False,,|f|i|s|s|i|o|n| |w|a|r|m| |w|e|b|r|e|n|d|e|r|,102210fe594ee9b33d82058545b1ed14f4c8206e,ContentfulSpeedIndex,amazon,True,amazon ContentfulSpeedIndex opt fission warm webrender,,77,ms,firefox,,1801628303,2023-11-27T17:34:20,189.9,6aa54d6d7cbf1a46e62c6765c489a940322b6bca,1338399
autoland,3870186,13,f36c3750a6bc0db1e2bc910e5f3a3acace5985a7,windows10-64-shippable-qr,True,False,,|f|i|s|s|i|o|n| |w|a|r|m| |w|e|b|r|e|n|d|e|r|,102210fe594ee9b33d82058545b1ed14f4c8206e,ContentfulSpeedIndex,amazon,True,amazon ContentfulSpeedIndex opt fission warm webrender,,77,ms,firefox,,1801801717,2023-11-27T20:49:55,158.2,5be201dbf09fac369541142298547108c80b52dd,1338533
autoland,3870186,13,f36c3750a6bc0db1e2bc910e5f3a3acace5985a7,windows10-64-shippable-qr,True,False,,|f|i|s|s|i|o|n| |w|a|r|m| |w|e|b|r|e|n|d|e|r|,102210fe594ee9b33d82058545b1ed14f4c8206e,ContentfulSpeedIndex,amazon,True,amazon ContentfulSpeedIndex opt fission warm webrender,,77,ms,firefox,,1801979066,2023-11-28T05:10:16,171.9,fbcb2af38cdaecde2b2da1efc0fc49b82fa9749e,1338781
autoland,3870186,13,f36c3750a6bc0db1e2bc910e5f3a3acace5985a7,windows10-64-shippable-qr,True,False,,|f|i|s|s|i|o|n| |w|a|r|m| |w|e|b|r|e|n|d|e|r|,102210fe594ee9b33d82058545b1ed14f4c8206e,ContentfulSpeedIndex,amazon,True,amazon ContentfulSpeedIndex opt fission warm webrender,,77,ms,firefox,,1802109289,2023-11-28T08:42:21,170.0,785b3d438fe5a8cba4caf5f4a2ed7250d324096c,1338855
autoland,3870186,13,f36c3750a6bc0db1e2bc910e5f3a3acace5985a7,windows10-64-shippable-qr,True,False,,|f|i|s|s|i|o|n| |w|a|r|m| |w|e|b|r|e|n|d|e|r|,102210fe594ee9b33d82058545b1ed14f4c8206e,ContentfulSpeedIndex,amazon,True,amazon ContentfulSpeedIndex opt fission warm webrender,,77,ms,firefox,,1802230508,2023-11-28T13:17:34,183.5,1957c4453ab1dfba8b7820dbf2fe772220e6eedc,1339007
autoland,3870186,13,f36c3750a6bc0db1e2bc910e5f3a3acace5985a7,windows10-64-shippable-qr,True,False,,|f|i|s|s|i|o|n| |w|a|r|m| |w|e|b|r|e|n|d|e|r|,102210fe594ee9b33d82058545b1ed14f4c8206e,ContentfulSpeedIndex,amazon,True,amazon ContentfulSpeedIndex opt fission warm webrender,,77,ms,firefox,,1802484213,2023-11-28T14:12:32,175.2,0745c3e29ba3856c91cbae74bd41d2135137bfd0,1339043
autoland,3870186,13,f36c3750a6bc0db1e2bc910e5f3a3acace5985a7,windows10-64-shippable-qr,True,False,,|f|i|s|s|i|o|n| |w|a|r|m| |w|e|b|r|e|n|d|e|r|,102210fe594ee9b33d82058545b1ed14f4c8206e,ContentfulSpeedIndex,amazon,True,amazon ContentfulSpeedIndex opt fission warm webrender,,77,ms,firefox,,1802678056,2023-11-28T16:53:43,178.3,c1578c9d7374f0a4d2f60dd492afff5058476d7c,1339126
autoland,3870186,13,f36c3750a6bc0db1e2bc910e5f3a3acace5985a7,windows10-64-shippable-qr,True,False,,|f|i|s|s|i|o|n| |w|a|r|m| |w|e|b|r|e|n|d|e|r|,102210fe594ee9b33d82058545b1ed14f4c8206e,ContentfulSpeedIndex,amazon,True,amazon ContentfulSpeedIndex opt fission warm webrender,,77,ms,firefox,,1802749162,2023-11-28T16:54:57,172.9,811f3fca797dc74faed8ca9ae123fb8b16a88701,1339130
autoland,3870186,13,f36c3750a6bc0db1e2bc910e5f3a3acace5985a7,windows10-64-shippable-qr,True,False,,|f|i|s|s|i|o|n| |w|a|r|m| |w|e|b|r|e|n|d|e|r|,102210fe594ee9b33d82058545b1ed14f4c8206e,ContentfulSpeedIndex,amazon,True,amazon ContentfulSpeedIndex opt fission warm webrender,,77,ms,firefox,,1802523014,2023-11-28T17:36:07,190.5,691b7e1a899214d8685841da762bd2b2415fa569,1339183
autoland,3870186,13,f36c3750a6bc0db1e2bc910e5f3a3acace5985a7,windows10-64-shippable-qr,True,False,,|f|i|s|s|i|o|n| |w|a|r|m| |w|e|b|r|e|n|d|e|r|,102210fe594ee9b33d82058545b1ed14f4c8206e,ContentfulSpeedIndex,amazon,True,amazon ContentfulSpeedIndex opt fission warm webrender,,77,ms,firefox,,1802525444,2023-11-28T21:29:24,178.9,000fea3a9ed37b16c009c76e8af859a50c9234dc,1339366
autoland,3870186,13,f36c3750a6bc0db1e2bc910e5f3a3acace5985a7,windows10-64-shippable-qr,True,False,,|f|i|s|s|i|o|n| |w|a|r|m| |w|e|b|r|e|n|d|e|r|,102210fe594ee9b33d82058545b1ed14f4c8206e,ContentfulSpeedIndex,amazon,True,amazon ContentfulSpeedIndex opt fission warm webrender,,77,ms,firefox,,1802608207,2023-11-29T01:28:26,173.6,a162f6ee0eef32a68c73ddb77aa04efda3afeb7c,1339520
autoland,3870186,13,f36c3750a6bc0db1e2bc910e5f3a3acace5985a7,windows10-64-shippable-qr,True,False,,|f|i|s|s|i|o|n| |w|a|r|m| |w|e|b|r|e|n|d|e|r|,102210fe594ee9b33d82058545b1ed14f4c8206e,ContentfulSpeedIndex,amazon,True,amazon ContentfulSpeedIndex opt fission warm webrender,,77,ms,firefox,,1802902916,2023-11-29T06:56:45,180.4,b675f0a9e569a63bedb249150a2be6b3e15197f9,1339623
autoland,3870186,13,f36c3750a6bc0db1e2bc910e5f3a3acace5985a7,windows10-64-shippable-qr,True,False,,|f|i|s|s|i|o|n| |w|a|r|m| |w|e|b|r|e|n|d|e|r|,102210fe594ee9b33d82058545b1ed14f4c8206e,ContentfulSpeedIndex,amazon,True,amazon ContentfulSpeedIndex opt fission warm webrender,,77,ms,firefox,,1802935277,2023-11-29T09:02:39,174.9,66c2fb78dfe25ce9af21d0e1dd82f62dbb5da53f,1339662
autoland,3870186,13,f36c3750a6bc0db1e2bc910e5f3a3acace5985a7,windows10-64-shippable-qr,True,False,,|f|i|s|s|i|o|n| |w|a|r|m| |w|e|b|r|e|n|d|e|r|,102210fe594ee9b33d82058545b1ed14f4c8206e,ContentfulSpeedIndex,amazon,True,amazon ContentfulSpeedIndex opt fission warm webrender,,77,ms,firefox,,1803089839,2023-11-29T13:11:23,177.6,be2b109ddbb7f38c98c25b3c79c036f6f06f81fb,1339776
autoland,3870186,13,f36c3750a6bc0db1e2bc910e5f3a3acace5985a7,windows10-64-shippable-qr,True,False,,|f|i|s|s|i|o|n| |w|a|r|m| |w|e|b|r|e|n|d|e|r|,102210fe594ee9b33d82058545b1ed14f4c8206e,ContentfulSpeedIndex,amazon,True,amazon ContentfulSpeedIndex opt fission warm webrender,,77,ms,firefox,,1803959447,2023-11-29T13:16:15,180.1,74f50e5d5557c1a8977dbafaa1f73d141c2380a8,1339778
autoland,3870186,13,f36c3750a6bc0db1e2bc910e5f3a3acace5985a7,windows10-64-shippable-qr,True,False,,|f|i|s|s|i|o|n| |w|a|r|m| |w|e|b|r|e|n|d|e|r|,102210fe594ee9b33d82058545b1ed14f4c8206e,ContentfulSpeedIndex,amazon,True,amazon ContentfulSpeedIndex opt fission warm webrender,,77,ms,firefox,,1803513025,2023-11-29T13:25:22,182.9,f5a30ad398a0617b6209b0fb871a4aa1c87ed26c,1339781
autoland,3870186,13,f36c3750a6bc0db1e2bc910e5f3a3acace5985a7,windows10-64-shippable-qr,True,False,,|f|i|s|s|i|o|n| |w|a|r|m| |w|e|b|r|e|n|d|e|r|,102210fe594ee9b33d82058545b1ed14f4c8206e,ContentfulSpeedIndex,amazon,True,amazon ContentfulSpeedIndex opt fission warm webrender,,77,ms,firefox,,1803476603,2023-11-29T14:26:21,185.8,e85c84028c440fb186322761a11035030f0eb94a,1339813
autoland,3870186,13,f36c3750a6bc0db1e2bc910e5f3a3acace5985a7,windows10-64-shippable-qr,True,False,,|f|i|s|s|i|o|n| |w|a|r|m| |w|e|b|r|e|n|d|e|r|,102210fe594ee9b33d82058545b1ed14f4c8206e,ContentfulSpeedIndex,amazon,True,amazon ContentfulSpeedIndex opt fission warm webrender,,77,ms,firefox,,1803534718,2023-11-29T14:33:23,182.2,fd253d27e64ec2f0a321ef83bffbcf28392e9f88,1339819
autoland,3870186,13,f36c3750a6bc0db1e2bc910e5f3a3acace5985a7,windows10-64-shippable-qr,True,False,,|f|i|s|s|i|o|n| |w|a|r|m| |w|e|b|r|e|n|d|e|r|,102210fe594ee9b33d82058545b1ed14f4c8206e,ContentfulSpeedIndex,amazon,True,amazon ContentfulSpeedIndex opt fission warm webrender,,77,ms,firefox,,1803656208,2023-11-29T14:35:24,167.4,dd4895b622d097df1c1335545c2b0b884709db00,1339824
autoland,3870186,13,f36c3750a6bc0db1e2bc910e5f3a3acace5985a7,windows10-64-shippable-qr,True,False,,|f|i|s|s|i|o|n| |w|a|r|m| |w|e|b|r|e|n|d|e|r|,102210fe594ee9b33d82058545b1ed14f4c8206e,ContentfulSpeedIndex,amazon,True,amazon ContentfulSpeedIndex opt fission warm webrender,,77,ms,firefox,,1803708971,2023-11-29T14:36:19,181.1,4c5b2b4298575e99e99d7203ecdb33fe66c65358,1339826
autoland,3870186,13,f36c3750a6bc0db1e2bc910e5f3a3acace5985a7,windows10-64-shippable-qr,True,False,,|f|i|s|s|i|o|n| |w|a|r|m| |w|e|b|r|e|n|d|e|r|,102210fe594ee9b33d82058545b1ed14f4c8206e,ContentfulSpeedIndex,amazon,True,amazon ContentfulSpeedIndex opt fission warm webrender,,77,ms,firefox,,1803209121,2023-11-29T17:15:33,168.5,0008fcc93b9b4a6aa22e3abf1888be08024320e9,1339929
autoland,3870186,13,f36c3750a6bc0db1e2bc910e5f3a3acace5985a7,windows10-64-shippable-qr,True,False,,|f|i|s|s|i|o|n| |w|a|r|m| |w|e|b|r|e|n|d|e|r|,102210fe594ee9b33d82058545b1ed14f4c8206e,ContentfulSpeedIndex,amazon,True,amazon ContentfulSpeedIndex opt fission warm webrender,,77,ms,firefox,,1803267345,2023-11-29T22:52:27,175.9,65a0553b296ae1432e5d18c3d2d607cacbb0a35e,1340166
autoland,3870186,13,f36c3750a6bc0db1e2bc910e5f3a3acace5985a7,windows10-64-shippable-qr,True,False,,|f|i|s|s|i|o|n| |w|a|r|m| |w|e|b|r|e|n|d|e|r|,102210fe594ee9b33d82058545b1ed14f4c8206e,ContentfulSpeedIndex,amazon,True,amazon ContentfulSpeedIndex opt fission warm webrender,,77,ms,firefox,,1803315005,2023-11-29T22:59:56,173.9,4bbe309179a5869e893e8f9ed2b110ef00ccec95,1340178
autoland,3870186,13,f36c3750a6bc0db1e2bc910e5f3a3acace5985a7,windows10-64-shippable-qr,True,False,,|f|i|s|s|i|o|n| |w|a|r|m| |w|e|b|r|e|n|d|e|r|,102210fe594ee9b33d82058545b1ed14f4c8206e,ContentfulSpeedIndex,amazon,True,amazon ContentfulSpeedIndex opt fission warm webrender,,77,ms,firefox,,1803461640,2023-11-29T23:02:37,187.6,7e08f5f9cbb4e38b3579328b49609d065203415a,1340181
autoland,3870186,13,f36c3750a6bc0db1e2bc910e5f3a3acace5985a7,windows10-64-shippable-qr,True,False,,|f|i|s|s|i|o|n| |w|a|r|m| |w|e|b|r|e|n|d|e|r|,102210fe594ee9b33d82058545b1ed14f4c8206e,ContentfulSpeedIndex,amazon,True,amazon ContentfulSpeedIndex opt fission warm webrender,,77,ms,firefox,,1803633292,2023-11-29T23:03:31,179.1,48f667e357c8e6dea764cb3ad69d2bce2f1e093b,1340182
autoland,3870186,13,f36c3750a6bc0db1e2bc910e5f3a3acace5985a7,windows10-64-shippable-qr,True,False,,|f|i|s|s|i|o|n| |w|a|r|m| |w|e|b|r|e|n|d|e|r|,102210fe594ee9b33d82058545b1ed14f4c8206e,ContentfulSpeedIndex,amazon,True,amazon ContentfulSpeedIndex opt fission warm webrender,,77,ms,firefox,,1803437256,2023-11-30T04:33:01,186.1,556c8b22cbbbcc165c42b2c52ebdfd01be3cee6b,1340302
autoland,3870186,13,f36c3750a6bc0db1e2bc910e5f3a3acace5985a7,windows10-64-shippable-qr,True,False,,|f|i|s|s|i|o|n| |w|a|r|m| |w|e|b|r|e|n|d|e|r|,102210fe594ee9b33d82058545b1ed14f4c8206e,ContentfulSpeedIndex,amazon,True,amazon ContentfulSpeedIndex opt fission warm webrender,,77,ms,firefox,,1804017034,2023-11-30T13:07:37,174.6,120432262a8cb73f69c8d683b4ddec3a037cbd91,1340520
autoland,3870186,13,f36c3750a6bc0db1e2bc910e5f3a3acace5985a7,windows10-64-shippable-qr,True,False,,|f|i|s|s|i|o|n| |w|a|r|m| |w|e|b|r|e|n|d|e|r|,102210fe594ee9b33d82058545b1ed14f4c8206e,ContentfulSpeedIndex,amazon,True,amazon ContentfulSpeedIndex opt fission warm webrender,,77,ms,firefox,,1804119040,2023-11-30T13:51:04,181.4,1d1fb9d5a4974d94e8c317f226c962fd351eae27,1340541
autoland,3870186,13,f36c3750a6bc0db1e2bc910e5f3a3acace5985a7,windows10-64-shippable-qr,True,False,,|f|i|s|s|i|o|n| |w|a|r|m| |w|e|b|r|e|n|d|e|r|,102210fe594ee9b33d82058545b1ed14f4c8206e,ContentfulSpeedIndex,amazon,True,amazon ContentfulSpeedIndex opt fission warm webrender,,77,ms,firefox,,1804407807,2023-11-30T16:04:41,168.4,fc19848f02cea14c4cf8e366ff394ce03a4f08d6,1340656
autoland,3870186,13,f36c3750a6bc0db1e2bc910e5f3a3acace5985a7,windows10-64-shippable-qr,True,False,,|f|i|s|s|i|o|n| |w|a|r|m| |w|e|b|r|e|n|d|e|r|,102210fe594ee9b33d82058545b1ed14f4c8206e,ContentfulSpeedIndex,amazon,True,amazon ContentfulSpeedIndex opt fission warm webrender,,77,ms,firefox,,1804378743,2023-11-30T16:12:44,172.5,cfbcbcd48790bbc8b8a901aeacef87a2bd174e5c,1340664
autoland,3870186,13,f36c3750a6bc0db1e2bc910e5f3a3acace5985a7,windows10-64-shippable-qr,True,False,,|f|i|s|s|i|o|n| |w|a|r|m| |w|e|b|r|e|n|d|e|r|,102210fe594ee9b33d82058545b1ed14f4c8206e,ContentfulSpeedIndex,amazon,True,amazon ContentfulSpeedIndex opt fission warm webrender,,77,ms,firefox,,1804170146,2023-11-30T17:04:12,179.2,3ec1ddf45e5a6562bd1d81fe4144541880bf3a24,1340716
autoland,3870186,13,f36c3750a6bc0db1e2bc910e5f3a3acace5985a7,windows10-64-shippable-qr,True,False,,|f|i|s|s|i|o|n| |w|a|r|m| |w|e|b|r|e|n|d|e|r|,102210fe594ee9b33d82058545b1ed14f4c8206e,ContentfulSpeedIndex,amazon,True,amazon ContentfulSpeedIndex opt fission warm webrender,,77,ms,firefox,,1804417000,2023-11-30T17:37:56,165.7,8dde1f563468bd246dff71c96a31d7f075ce7d56,1340742
autoland,3870186,13,f36c3750a6bc0db1e2bc910e5f3a3acace5985a7,windows10-64-shippable-qr,True,False,,|f|i|s|s|i|o|n| |w|a|r|m| |w|e|b|r|e|n|d|e|r|,102210fe594ee9b33d82058545b1ed14f4c8206e,ContentfulSpeedIndex,amazon,True,amazon ContentfulSpeedIndex opt fission warm webrender,,77,ms,firefox,,1804429962,2023-11-30T17:40:15,177.9,df0f4cc6bda107aa2615bb366ec2b7d26773e889,1340743
autoland,3870186,13,f36c3750a6bc0db1e2bc910e5f3a3acace5985a7,windows10-64-shippable-qr,True,False,,|f|i|s|s|i|o|n| |w|a|r|m| |w|e|b|r|e|n|d|e|r|,102210fe594ee9b33d82058545b1ed14f4c8206e,ContentfulSpeedIndex,amazon,True,amazon ContentfulSpeedIndex opt fission warm webrender,,77,ms,firefox,,1804203309,2023-11-30T20:20:14,178.6,620e49ab6438e8c933133e9b4eb7a11188514a70,1340881
autoland,3870186,13,f36c3750a6bc0db1e2bc910e5f3a3acace5985a7,windows10-64-shippable-qr,True,False,,|f|i|s|s|i|o|n| |w|a|r|m| |w|e|b|r|e|n|d|e|r|,102210fe594ee9b33d82058545b1ed14f4c8206e,ContentfulSpeedIndex,amazon,True,amazon ContentfulSpeedIndex opt fission warm webrender,,77,ms,firefox,,1804234162,2023-11-30T22:54:04,175.3,68378d2409bc693ef00f3f157ecaea7067df7edc,1340995
autoland,3870186,13,f36c3750a6bc0db1e2bc910e5f3a3acace5985a7,windows10-64-shippable-qr,True,False,,|f|i|s|s|i|o|n| |w|a|r|m| |w|e|b|r|e|n|d|e|r|,102210fe594ee9b33d82058545b1ed14f4c8206e,ContentfulSpeedIndex,amazon,True,amazon ContentfulSpeedIndex opt fission warm webrender,,77,ms,firefox,,1804266079,2023-12-01T03:29:20,179.8,a1795b069cc23fbcb93366d99b3ddfb8664f054c,1341103
autoland,3870186,13,f36c3750a6bc0db1e2bc910e5f3a3acace5985a7,windows10-64-shippable-qr,True,False,,|f|i|s|s|i|o|n| |w|a|r|m| |w|e|b|r|e|n|d|e|r|,102210fe594ee9b33d82058545b1ed14f4c8206e,ContentfulSpeedIndex,amazon,True,amazon ContentfulSpeedIndex opt fission warm webrender,,77,ms,firefox,,1804468355,2023-12-01T07:13:54,178.9,81869d55a8d7b3d1d573810ab4e99f63cbe11a8a,1341156
autoland,3870186,13,f36c3750a6bc0db1e2bc910e5f3a3acace5985a7,windows10-64-shippable-qr,True,False,,|f|i|s|s|i|o|n| |w|a|r|m| |w|e|b|r|e|n|d|e|r|,102210fe594ee9b33d82058545b1ed14f4c8206e,ContentfulSpeedIndex,amazon,True,amazon ContentfulSpeedIndex opt fission warm webrender,,77,ms,firefox,,1804492243,2023-12-01T11:47:02,164.4,7440634a33a31738fc145eeac0bb47bc73fc64a0,1341285
autoland,3870186,13,f36c3750a6bc0db1e2bc910e5f3a3acace5985a7,windows10-64-shippable-qr,True,False,,|f|i|s|s|i|o|n| |w|a|r|m| |w|e|b|r|e|n|d|e|r|,102210fe594ee9b33d82058545b1ed14f4c8206e,ContentfulSpeedIndex,amazon,True,amazon ContentfulSpeedIndex opt fission warm webrender,,77,ms,firefox,,1804499763,2023-12-01T14:17:01,177.8,22b9561cfef1c56a9940f5117d7ff6a754861629,1341402
autoland,3870186,13,f36c3750a6bc0db1e2bc910e5f3a3acace5985a7,windows10-64-shippable-qr,True,False,,|f|i|s|s|i|o|n| |w|a|r|m| |w|e|b|r|e|n|d|e|r|,102210fe594ee9b33d82058545b1ed14f4c8206e,ContentfulSpeedIndex,amazon,True,amazon ContentfulSpeedIndex opt fission warm webrender,,77,ms,firefox,,1804566600,2023-12-01T17:28:20,172.9,efe09552a4d3540f0639e50d023f74997921fa37,1341534
autoland,3870186,13,f36c3750a6bc0db1e2bc910e5f3a3acace5985a7,windows10-64-shippable-qr,True,False,,|f|i|s|s|i|o|n| |w|a|r|m| |w|e|b|r|e|n|d|e|r|,102210fe594ee9b33d82058545b1ed14f4c8206e,ContentfulSpeedIndex,amazon,True,amazon ContentfulSpeedIndex opt fission warm webrender,,77,ms,firefox,,1804745204,2023-12-01T19:21:29,171.0,395e2da83ee8013844620d77f01730af2164eafc,1341607
autoland,3870186,13,f36c3750a6bc0db1e2bc910e5f3a3acace5985a7,windows10-64-shippable-qr,True,False,,|f|i|s|s|i|o|n| |w|a|r|m| |w|e|b|r|e|n|d|e|r|,102210fe594ee9b33d82058545b1ed14f4c8206e,ContentfulSpeedIndex,amazon,True,amazon ContentfulSpeedIndex opt fission warm webrender,,77,ms,firefox,,1804823845,2023-12-01T19:22:33,179.0,79ab6b2ca205df8f3aea4a749d7f81c062b9d1cb,1341609
autoland,3870186,13,f36c3750a6bc0db1e2bc910e5f3a3acace5985a7,windows10-64-shippable-qr,True,False,,|f|i|s|s|i|o|n| |w|a|r|m| |w|e|b|r|e|n|d|e|r|,102210fe594ee9b33d82058545b1ed14f4c8206e,ContentfulSpeedIndex,amazon,True,amazon ContentfulSpeedIndex opt fission warm webrender,,77,ms,firefox,,1804770638,2023-12-01T19:31:46,191.7,97bd03fdb1bec86b388b3393aa328608da4b388d,1341619
autoland,3870186,13,f36c3750a6bc0db1e2bc910e5f3a3acace5985a7,windows10-64-shippable-qr,True,False,,|f|i|s|s|i|o|n| |w|a|r|m| |w|e|b|r|e|n|d|e|r|,102210fe594ee9b33d82058545b1ed14f4c8206e,ContentfulSpeedIndex,amazon,True,amazon ContentfulSpeedIndex opt fission warm webrender,,77,ms,firefox,,1804807315,2023-12-01T20:03:19,169.9,9f4e654aca48bbf21fe893213989c7eef3cac4d7,1341635
autoland,3870186,13,f36c3750a6bc0db1e2bc910e5f3a3acace5985a7,windows10-64-shippable-qr,True,False,,|f|i|s|s|i|o|n| |w|a|r|m| |w|e|b|r|e|n|d|e|r|,102210fe594ee9b33d82058545b1ed14f4c8206e,ContentfulSpeedIndex,amazon,True,amazon ContentfulSpeedIndex opt fission warm webrender,,77,ms,firefox,,1804637733,2023-12-01T20:34:55,171.4,a5a9381a759e44485d639727614ceb2b77851c90,1341661
autoland,3870186,13,f36c3750a6bc0db1e2bc910e5f3a3acace5985a7,windows10-64-shippable-qr,True,False,,|f|i|s|s|i|o|n| |w|a|r|m| |w|e|b|r|e|n|d|e|r|,102210fe594ee9b33d82058545b1ed14f4c8206e,ContentfulSpeedIndex,amazon,True,amazon ContentfulSpeedIndex opt fission warm webrender,,77,ms,firefox,,1804787479,2023-12-01T20:38:14,174.0,31ee979a197aa22bdbd9ddf747e6adccea5b591d,1341662
autoland,3870186,13,f36c3750a6bc0db1e2bc910e5f3a3acace5985a7,windows10-64-shippable-qr,True,False,,|f|i|s|s|i|o|n| |w|a|r|m| |w|e|b|r|e|n|d|e|r|,102210fe594ee9b33d82058545b1ed14f4c8206e,ContentfulSpeedIndex,amazon,True,amazon ContentfulSpeedIndex opt fission warm webrender,,77,ms,firefox,,1804797782,2023-12-01T20:38:14,178.8,31ee979a197aa22bdbd9ddf747e6adccea5b591d,1341662
autoland,3870186,13,f36c3750a6bc0db1e2bc910e5f3a3acace5985a7,windows10-64-shippable-qr,True,False,,|f|i|s|s|i|o|n| |w|a|r|m| |w|e|b|r|e|n|d|e|r|,102210fe594ee9b33d82058545b1ed14f4c8206e,ContentfulSpeedIndex,amazon,True,amazon ContentfulSpeedIndex opt fission warm webrender,,77,ms,firefox,,1804769093,2023-12-01T20:53:45,186.8,2a52041afc10652845d2b12c671546363922fbdd,1341673
autoland,3870186,13,f36c3750a6bc0db1e2bc910e5f3a3acace5985a7,windows10-64-shippable-qr,True,False,,|f|i|s|s|i|o|n| |w|a|r|m| |w|e|b|r|e|n|d|e|r|,102210fe594ee9b33d82058545b1ed14f4c8206e,ContentfulSpeedIndex,amazon,True,amazon ContentfulSpeedIndex opt fission warm webrender,,77,ms,firefox,,1804811694,2023-12-01T23:29:44,172.3,387f8657fe91f06ad2988f2381601d3f55533a9b,1341770
autoland,3870186,13,f36c3750a6bc0db1e2bc910e5f3a3acace5985a7,windows10-64-shippable-qr,True,False,,|f|i|s|s|i|o|n| |w|a|r|m| |w|e|b|r|e|n|d|e|r|,102210fe594ee9b33d82058545b1ed14f4c8206e,ContentfulSpeedIndex,amazon,True,amazon ContentfulSpeedIndex opt fission warm webrender,,77,ms,firefox,,1804817486,2023-12-01T23:35:18,172.4,b2c7644e41eb5e082bf26a7b02cf780d20bada1c,1341772
autoland,3870186,13,f36c3750a6bc0db1e2bc910e5f3a3acace5985a7,windows10-64-shippable-qr,True,False,,|f|i|s|s|i|o|n| |w|a|r|m| |w|e|b|r|e|n|d|e|r|,102210fe594ee9b33d82058545b1ed14f4c8206e,ContentfulSpeedIndex,amazon,True,amazon ContentfulSpeedIndex opt fission warm webrender,,77,ms,firefox,,1804728022,2023-12-02T01:52:53,169.4,bf4c1083cec10076ccbf07f2cfc3e18b04d0bf72,1341816
autoland,3870186,13,f36c3750a6bc0db1e2bc910e5f3a3acace5985a7,windows10-64-shippable-qr,True,False,,|f|i|s|s|i|o|n| |w|a|r|m| |w|e|b|r|e|n|d|e|r|,102210fe594ee9b33d82058545b1ed14f4c8206e,ContentfulSpeedIndex,amazon,True,amazon ContentfulSpeedIndex opt fission warm webrender,,77,ms,firefox,,1804859289,2023-12-02T08:10:23,164.7,965cddb8421900af69da86a586e617bf7dec3b56,1341832
autoland,3870186,13,f36c3750a6bc0db1e2bc910e5f3a3acace5985a7,windows10-64-shippable-qr,True,False,,|f|i|s|s|i|o|n| |w|a|r|m| |w|e|b|r|e|n|d|e|r|,102210fe594ee9b33d82058545b1ed14f4c8206e,ContentfulSpeedIndex,amazon,True,amazon ContentfulSpeedIndex opt fission warm webrender,,77,ms,firefox,,1804951568,2023-12-02T14:39:28,170.8,2d582fee4916ee442de05970cc77f7be702c22a2,1341863
autoland,3870186,13,f36c3750a6bc0db1e2bc910e5f3a3acace5985a7,windows10-64-shippable-qr,True,False,,|f|i|s|s|i|o|n| |w|a|r|m| |w|e|b|r|e|n|d|e|r|,102210fe594ee9b33d82058545b1ed14f4c8206e,ContentfulSpeedIndex,amazon,True,amazon ContentfulSpeedIndex opt fission warm webrender,,77,ms,firefox,,1805024300,2023-12-02T18:55:31,174.3,d5a2cb7b9272b5c9cdfe4a0397c570ce5f9260bf,1341891
autoland,3870186,13,f36c3750a6bc0db1e2bc910e5f3a3acace5985a7,windows10-64-shippable-qr,True,False,,|f|i|s|s|i|o|n| |w|a|r|m| |w|e|b|r|e|n|d|e|r|,102210fe594ee9b33d82058545b1ed14f4c8206e,ContentfulSpeedIndex,amazon,True,amazon ContentfulSpeedIndex opt fission warm webrender,,77,ms,firefox,,1805078202,2023-12-03T00:49:27,174.8,fe75ab906c798b6697934b3789355dceb5748966,1341930
autoland,3870186,13,f36c3750a6bc0db1e2bc910e5f3a3acace5985a7,windows10-64-shippable-qr,True,False,,|f|i|s|s|i|o|n| |w|a|r|m| |w|e|b|r|e|n|d|e|r|,102210fe594ee9b33d82058545b1ed14f4c8206e,ContentfulSpeedIndex,amazon,True,amazon ContentfulSpeedIndex opt fission warm webrender,,77,ms,firefox,,1805115322,2023-12-03T05:05:07,169.9,8e959a7ded5f111e711c06a6728f76d3bd660699,1341942
autoland,3870186,13,f36c3750a6bc0db1e2bc910e5f3a3acace5985a7,windows10-64-shippable-qr,True,False,,|f|i|s|s|i|o|n| |w|a|r|m| |w|e|b|r|e|n|d|e|r|,102210fe594ee9b33d82058545b1ed14f4c8206e,ContentfulSpeedIndex,amazon,True,amazon ContentfulSpeedIndex opt fission warm webrender,,77,ms,firefox,,1805230443,2023-12-03T10:45:57,166.0,5d84c395021682cc2af1bf5da98c205cfbc32f76,1341997
autoland,3870186,13,f36c3750a6bc0db1e2bc910e5f3a3acace5985a7,windows10-64-shippable-qr,True,False,,|f|i|s|s|i|o|n| |w|a|r|m| |w|e|b|r|e|n|d|e|r|,102210fe594ee9b33d82058545b1ed14f4c8206e,ContentfulSpeedIndex,amazon,True,amazon ContentfulSpeedIndex opt fission warm webrender,,77,ms,firefox,,1805245702,2023-12-03T12:21:22,199.0,3445cc3f842050a3cdfc4da74ce254df933f7e7b,1342011
autoland,3870186,13,f36c3750a6bc0db1e2bc910e5f3a3acace5985a7,windows10-64-shippable-qr,True,False,,|f|i|s|s|i|o|n| |w|a|r|m| |w|e|b|r|e|n|d|e|r|,102210fe594ee9b33d82058545b1ed14f4c8206e,ContentfulSpeedIndex,amazon,True,amazon ContentfulSpeedIndex opt fission warm webrender,,77,ms,firefox,,1805304256,2023-12-03T18:05:44,165.1,8038f0b90bbd46dcb74eaaddf1fd1c6871dc4426,1342033
autoland,3870186,13,f36c3750a6bc0db1e2bc910e5f3a3acace5985a7,windows10-64-shippable-qr,True,False,,|f|i|s|s|i|o|n| |w|a|r|m| |w|e|b|r|e|n|d|e|r|,102210fe594ee9b33d82058545b1ed14f4c8206e,ContentfulSpeedIndex,amazon,True,amazon ContentfulSpeedIndex opt fission warm webrender,,77,ms,firefox,,1805415961,2023-12-04T01:54:51,169.2,369922cc5c4efad6c87b13600325eb5a989cde81,1342108
autoland,3870186,13,f36c3750a6bc0db1e2bc910e5f3a3acace5985a7,windows10-64-shippable-qr,True,False,,|f|i|s|s|i|o|n| |w|a|r|m| |w|e|b|r|e|n|d|e|r|,102210fe594ee9b33d82058545b1ed14f4c8206e,ContentfulSpeedIndex,amazon,True,amazon ContentfulSpeedIndex opt fission warm webrender,,77,ms,firefox,,1805684233,2023-12-04T11:05:28,178.5,223106736a61f5cc112b0cc9d38ab1f63e034f89,1342238
autoland,3870186,13,f36c3750a6bc0db1e2bc910e5f3a3acace5985a7,windows10-64-shippable-qr,True,False,,|f|i|s|s|i|o|n| |w|a|r|m| |w|e|b|r|e|n|d|e|r|,102210fe594ee9b33d82058545b1ed14f4c8206e,ContentfulSpeedIndex,amazon,True,amazon ContentfulSpeedIndex opt fission warm webrender,,77,ms,firefox,,1805668601,2023-12-04T11:06:23,174.6,20b709d0fa5633c408dd900f830b09af96c0465d,1342240
autoland,3870186,13,f36c3750a6bc0db1e2bc910e5f3a3acace5985a7,windows10-64-shippable-qr,True,False,,|f|i|s|s|i|o|n| |w|a|r|m| |w|e|b|r|e|n|d|e|r|,102210fe594ee9b33d82058545b1ed14f4c8206e,ContentfulSpeedIndex,amazon,True,amazon ContentfulSpeedIndex opt fission warm webrender,,77,ms,firefox,,1806215390,2023-12-04T13:16:38,183.5,97f759dedbc9028323bba1817bba400e8c09e9de,1342301
autoland,3870186,13,f36c3750a6bc0db1e2bc910e5f3a3acace5985a7,windows10-64-shippable-qr,True,False,,|f|i|s|s|i|o|n| |w|a|r|m| |w|e|b|r|e|n|d|e|r|,102210fe594ee9b33d82058545b1ed14f4c8206e,ContentfulSpeedIndex,amazon,True,amazon ContentfulSpeedIndex opt fission warm webrender,,77,ms,firefox,,1806222467,2023-12-04T13:59:28,172.3,4f1343fb977425ae4f66a42bd000c5fe434b9902,1342330
autoland,3870186,13,f36c3750a6bc0db1e2bc910e5f3a3acace5985a7,windows10-64-shippable-qr,True,False,,|f|i|s|s|i|o|n| |w|a|r|m| |w|e|b|r|e|n|d|e|r|,102210fe594ee9b33d82058545b1ed14f4c8206e,ContentfulSpeedIndex,amazon,True,amazon ContentfulSpeedIndex opt fission warm webrender,,77,ms,firefox,,1806207228,2023-12-04T14:24:03,160.7,c937411c15e54bfe69abb088c2721fec07a2d5a4,1342356
autoland,3870186,13,f36c3750a6bc0db1e2bc910e5f3a3acace5985a7,windows10-64-shippable-qr,True,False,,|f|i|s|s|i|o|n| |w|a|r|m| |w|e|b|r|e|n|d|e|r|,102210fe594ee9b33d82058545b1ed14f4c8206e,ContentfulSpeedIndex,amazon,True,amazon ContentfulSpeedIndex opt fission warm webrender,,77,ms,firefox,,1806196220,2023-12-04T14:29:26,171.4,1512f0acb58b18405278e4c90a67e3007f15f786,1342361
autoland,3870186,13,f36c3750a6bc0db1e2bc910e5f3a3acace5985a7,windows10-64-shippable-qr,True,False,,|f|i|s|s|i|o|n| |w|a|r|m| |w|e|b|r|e|n|d|e|r|,102210fe594ee9b33d82058545b1ed14f4c8206e,ContentfulSpeedIndex,amazon,True,amazon ContentfulSpeedIndex opt fission warm webrender,,77,ms,firefox,,1805777419,2023-12-04T14:54:31,180.0,38094e01a744c421fe469d9a01cbfe12a1ee949b,1342377
autoland,3870186,13,f36c3750a6bc0db1e2bc910e5f3a3acace5985a7,windows10-64-shippable-qr,True,False,,|f|i|s|s|i|o|n| |w|a|r|m| |w|e|b|r|e|n|d|e|r|,102210fe594ee9b33d82058545b1ed14f4c8206e,ContentfulSpeedIndex,amazon,True,amazon ContentfulSpeedIndex opt fission warm webrender,,77,ms,firefox,,1805912898,2023-12-04T19:05:48,168.6,72ca57fdc9feb1e9765ce2cc4f26b6b60135122f,1342587
autoland,3870186,13,f36c3750a6bc0db1e2bc910e5f3a3acace5985a7,windows10-64-shippable-qr,True,False,,|f|i|s|s|i|o|n| |w|a|r|m| |w|e|b|r|e|n|d|e|r|,102210fe594ee9b33d82058545b1ed14f4c8206e,ContentfulSpeedIndex,amazon,True,amazon ContentfulSpeedIndex opt fission warm webrender,,77,ms,firefox,,1806058646,2023-12-04T22:13:56,169.2,3d0a5f6fd8b4a0537cb85ae502a4be6cafec1c23,1342750
autoland,3870186,13,f36c3750a6bc0db1e2bc910e5f3a3acace5985a7,windows10-64-shippable-qr,True,False,,|f|i|s|s|i|o|n| |w|a|r|m| |w|e|b|r|e|n|d|e|r|,102210fe594ee9b33d82058545b1ed14f4c8206e,ContentfulSpeedIndex,amazon,True,amazon ContentfulSpeedIndex opt fission warm webrender,,77,ms,firefox,,1806153607,2023-12-05T02:36:15,172.4,39486bb8305a2e3128c6ecd97d33378744922507,1342897
autoland,3870186,13,f36c3750a6bc0db1e2bc910e5f3a3acace5985a7,windows10-64-shippable-qr,True,False,,|f|i|s|s|i|o|n| |w|a|r|m| |w|e|b|r|e|n|d|e|r|,102210fe594ee9b33d82058545b1ed14f4c8206e,ContentfulSpeedIndex,amazon,True,amazon ContentfulSpeedIndex opt fission warm webrender,,77,ms,firefox,,1806176955,2023-12-05T03:50:36,161.4,775ade8b04da775ad41d5d135baae415863a874c,1342908
autoland,3870186,13,f36c3750a6bc0db1e2bc910e5f3a3acace5985a7,windows10-64-shippable-qr,True,False,,|f|i|s|s|i|o|n| |w|a|r|m| |w|e|b|r|e|n|d|e|r|,102210fe594ee9b33d82058545b1ed14f4c8206e,ContentfulSpeedIndex,amazon,True,amazon ContentfulSpeedIndex opt fission warm webrender,,77,ms,firefox,,1806305983,2023-12-05T08:48:01,169.9,429e8cc8473b4c76828d06e2f07abbeb9dbebd81,1342965
autoland,3870186,13,f36c3750a6bc0db1e2bc910e5f3a3acace5985a7,windows10-64-shippable-qr,True,False,,|f|i|s|s|i|o|n| |w|a|r|m| |w|e|b|r|e|n|d|e|r|,102210fe594ee9b33d82058545b1ed14f4c8206e,ContentfulSpeedIndex,amazon,True,amazon ContentfulSpeedIndex opt fission warm webrender,,77,ms,firefox,,1806384808,2023-12-05T11:07:31,178.6,10602eb918edd2ccf85a22fb60b3dc62c845c42a,1343031
autoland,3870186,13,f36c3750a6bc0db1e2bc910e5f3a3acace5985a7,windows10-64-shippable-qr,True,False,,|f|i|s|s|i|o|n| |w|a|r|m| |w|e|b|r|e|n|d|e|r|,102210fe594ee9b33d82058545b1ed14f4c8206e,ContentfulSpeedIndex,amazon,True,amazon ContentfulSpeedIndex opt fission warm webrender,,77,ms,firefox,,1806934912,2023-12-05T14:09:06,165.3,91c058c18c2a5e76a0f90fce266b0fcbe74f5ad3,1343100
autoland,3870186,13,f36c3750a6bc0db1e2bc910e5f3a3acace5985a7,windows10-64-shippable-qr,True,False,,|f|i|s|s|i|o|n| |w|a|r|m| |w|e|b|r|e|n|d|e|r|,102210fe594ee9b33d82058545b1ed14f4c8206e,ContentfulSpeedIndex,amazon,True,amazon ContentfulSpeedIndex opt fission warm webrender,,77,ms,firefox,,1806971320,2023-12-05T14:30:17,162.4,d7ec576e1046afdd1d78ec401cb31a844b623ce9,1343108
autoland,3870186,13,f36c3750a6bc0db1e2bc910e5f3a3acace5985a7,windows10-64-shippable-qr,True,False,,|f|i|s|s|i|o|n| |w|a|r|m| |w|e|b|r|e|n|d|e|r|,102210fe594ee9b33d82058545b1ed14f4c8206e,ContentfulSpeedIndex,amazon,True,amazon ContentfulSpeedIndex opt fission warm webrender,,77,ms,firefox,,1806484597,2023-12-05T15:11:37,168.1,e603b8b016d76de025bea02bfdc1e0590166c2c0,1343145
autoland,3870186,13,f36c3750a6bc0db1e2bc910e5f3a3acace5985a7,windows10-64-shippable-qr,True,False,,|f|i|s|s|i|o|n| |w|a|r|m| |w|e|b|r|e|n|d|e|r|,102210fe594ee9b33d82058545b1ed14f4c8206e,ContentfulSpeedIndex,amazon,True,amazon ContentfulSpeedIndex opt fission warm webrender,,77,ms,firefox,,1806537204,2023-12-05T16:28:46,170.5,91bda8b5915b84ed6533a6620f955f271dc5aac3,1343203
autoland,3870186,13,f36c3750a6bc0db1e2bc910e5f3a3acace5985a7,windows10-64-shippable-qr,True,False,,|f|i|s|s|i|o|n| |w|a|r|m| |w|e|b|r|e|n|d|e|r|,102210fe594ee9b33d82058545b1ed14f4c8206e,ContentfulSpeedIndex,amazon,True,amazon ContentfulSpeedIndex opt fission warm webrender,,77,ms,firefox,,1806721678,2023-12-05T20:37:35,168.5,f778448a1da5f0622c4361d37810461a035f4627,1343409
autoland,3870186,13,f36c3750a6bc0db1e2bc910e5f3a3acace5985a7,windows10-64-shippable-qr,True,False,,|f|i|s|s|i|o|n| |w|a|r|m| |w|e|b|r|e|n|d|e|r|,102210fe594ee9b33d82058545b1ed14f4c8206e,ContentfulSpeedIndex,amazon,True,amazon ContentfulSpeedIndex opt fission warm webrender,,77,ms,firefox,,1806826170,2023-12-05T21:38:52,173.2,177375e24d1352ab203de0ac3aa53003c5d0ffd2,1343440
autoland,3870186,13,f36c3750a6bc0db1e2bc910e5f3a3acace5985a7,windows10-64-shippable-qr,True,False,,|f|i|s|s|i|o|n| |w|a|r|m| |w|e|b|r|e|n|d|e|r|,102210fe594ee9b33d82058545b1ed14f4c8206e,ContentfulSpeedIndex,amazon,True,amazon ContentfulSpeedIndex opt fission warm webrender,,77,ms,firefox,,1806901570,2023-12-06T02:13:38,161.0,30004166d9f2cc3399da68e8762c35b1b886c0dc,1343563
autoland,3870186,13,f36c3750a6bc0db1e2bc910e5f3a3acace5985a7,windows10-64-shippable-qr,True,False,,|f|i|s|s|i|o|n| |w|a|r|m| |w|e|b|r|e|n|d|e|r|,102210fe594ee9b33d82058545b1ed14f4c8206e,ContentfulSpeedIndex,amazon,True,amazon ContentfulSpeedIndex opt fission warm webrender,,77,ms,firefox,,1807038024,2023-12-06T09:09:58,177.6,63afa0f8febdc8b199d998d50bb76fc8f7945c3e,1343650
autoland,3870186,13,f36c3750a6bc0db1e2bc910e5f3a3acace5985a7,windows10-64-shippable-qr,True,False,,|f|i|s|s|i|o|n| |w|a|r|m| |w|e|b|r|e|n|d|e|r|,102210fe594ee9b33d82058545b1ed14f4c8206e,ContentfulSpeedIndex,amazon,True,amazon ContentfulSpeedIndex opt fission warm webrender,,77,ms,firefox,,1807574901,2023-12-06T11:41:32,171.4,bd72dc9af1136390dd2d815e8d54aaeccb716364,1343706
autoland,3870186,13,f36c3750a6bc0db1e2bc910e5f3a3acace5985a7,windows10-64-shippable-qr,True,False,,|f|i|s|s|i|o|n| |w|a|r|m| |w|e|b|r|e|n|d|e|r|,102210fe594ee9b33d82058545b1ed14f4c8206e,ContentfulSpeedIndex,amazon,True,amazon ContentfulSpeedIndex opt fission warm webrender,,77,ms,firefox,,1807567782,2023-12-06T13:05:41,177.7,2f3297d504f3c523b74f99bff2204116513e0d48,1343730
autoland,3870186,13,f36c3750a6bc0db1e2bc910e5f3a3acace5985a7,windows10-64-shippable-qr,True,False,,|f|i|s|s|i|o|n| |w|a|r|m| |w|e|b|r|e|n|d|e|r|,102210fe594ee9b33d82058545b1ed14f4c8206e,ContentfulSpeedIndex,amazon,True,amazon ContentfulSpeedIndex opt fission warm webrender,,77,ms,firefox,,1807129329,2023-12-06T13:42:54,169.6,52f516546de7ac66228e074000877d32ebf093af,1343745
autoland,3870186,13,f36c3750a6bc0db1e2bc910e5f3a3acace5985a7,windows10-64-shippable-qr,True,False,,|f|i|s|s|i|o|n| |w|a|r|m| |w|e|b|r|e|n|d|e|r|,102210fe594ee9b33d82058545b1ed14f4c8206e,ContentfulSpeedIndex,amazon,True,amazon ContentfulSpeedIndex opt fission warm webrender,,77,ms,firefox,,1807149189,2023-12-06T14:11:26,173.0,a035ddfc75fc597cd1df3c347d2cbbc50568f884,1343771
autoland,3870186,13,f36c3750a6bc0db1e2bc910e5f3a3acace5985a7,windows10-64-shippable-qr,True,False,,|f|i|s|s|i|o|n| |w|a|r|m| |w|e|b|r|e|n|d|e|r|,102210fe594ee9b33d82058545b1ed14f4c8206e,ContentfulSpeedIndex,amazon,True,amazon ContentfulSpeedIndex opt fission warm webrender,,77,ms,firefox,,1807547048,2023-12-06T16:34:41,176.7,a69c40accbf099d041417ce4da9b82829f044167,1343891
autoland,3870186,13,f36c3750a6bc0db1e2bc910e5f3a3acace5985a7,windows10-64-shippable-qr,True,False,,|f|i|s|s|i|o|n| |w|a|r|m| |w|e|b|r|e|n|d|e|r|,102210fe594ee9b33d82058545b1ed14f4c8206e,ContentfulSpeedIndex,amazon,True,amazon ContentfulSpeedIndex opt fission warm webrender,,77,ms,firefox,,1807547865,2023-12-06T16:56:14,167.8,ef4b8028299fa2b731c2ac785839a0bba06025d9,1343908
autoland,3870186,13,f36c3750a6bc0db1e2bc910e5f3a3acace5985a7,windows10-64-shippable-qr,True,False,,|f|i|s|s|i|o|n| |w|a|r|m| |w|e|b|r|e|n|d|e|r|,102210fe594ee9b33d82058545b1ed14f4c8206e,ContentfulSpeedIndex,amazon,True,amazon ContentfulSpeedIndex opt fission warm webrender,,77,ms,firefox,,1807301945,2023-12-06T18:17:17,165.8,ab110e2fcc6ab3c8e078fe970b109f482069386e,1343990
autoland,3870186,13,f36c3750a6bc0db1e2bc910e5f3a3acace5985a7,windows10-64-shippable-qr,True,False,,|f|i|s|s|i|o|n| |w|a|r|m| |w|e|b|r|e|n|d|e|r|,102210fe594ee9b33d82058545b1ed14f4c8206e,ContentfulSpeedIndex,amazon,True,amazon ContentfulSpeedIndex opt fission warm webrender,,77,ms,firefox,,1807421584,2023-12-06T22:50:02,178.1,f3fc0213f527ba806a10092bbadec34e00dbe4f6,1344189
autoland,3870186,13,f36c3750a6bc0db1e2bc910e5f3a3acace5985a7,windows10-64-shippable-qr,True,False,,|f|i|s|s|i|o|n| |w|a|r|m| |w|e|b|r|e|n|d|e|r|,102210fe594ee9b33d82058545b1ed14f4c8206e,ContentfulSpeedIndex,amazon,True,amazon ContentfulSpeedIndex opt fission warm webrender,,77,ms,firefox,,1808477043,2023-12-07T02:13:26,183.4,9259a4ff84a40f3ba6516914e0b3a56b8d0c1f6c,1344265
autoland,3870186,13,f36c3750a6bc0db1e2bc910e5f3a3acace5985a7,windows10-64-shippable-qr,True,False,,|f|i|s|s|i|o|n| |w|a|r|m| |w|e|b|r|e|n|d|e|r|,102210fe594ee9b33d82058545b1ed14f4c8206e,ContentfulSpeedIndex,amazon,True,amazon ContentfulSpeedIndex opt fission warm webrender,,77,ms,firefox,,1808489108,2023-12-07T02:14:19,175.2,a69f0b0ab3518bb6ff95e488df4d7fb3c442e0fb,1344266
autoland,3870186,13,f36c3750a6bc0db1e2bc910e5f3a3acace5985a7,windows10-64-shippable-qr,True,False,,|f|i|s|s|i|o|n| |w|a|r|m| |w|e|b|r|e|n|d|e|r|,102210fe594ee9b33d82058545b1ed14f4c8206e,ContentfulSpeedIndex,amazon,True,amazon ContentfulSpeedIndex opt fission warm webrender,,77,ms,firefox,,1807533024,2023-12-07T04:18:34,164.2,93a04e8835aaaf359b24f47f54d622f7d36fd813,1344290
autoland,3870186,13,f36c3750a6bc0db1e2bc910e5f3a3acace5985a7,windows10-64-shippable-qr,True,False,,|f|i|s|s|i|o|n| |w|a|r|m| |w|e|b|r|e|n|d|e|r|,102210fe594ee9b33d82058545b1ed14f4c8206e,ContentfulSpeedIndex,amazon,True,amazon ContentfulSpeedIndex opt fission warm webrender,,77,ms,firefox,,1807642930,2023-12-07T09:07:30,183.2,f5d904bee3fe6c9e79061b56c8499b6154f7d3ff,1344349
autoland,3870186,13,f36c3750a6bc0db1e2bc910e5f3a3acace5985a7,windows10-64-shippable-qr,True,False,,|f|i|s|s|i|o|n| |w|a|r|m| |w|e|b|r|e|n|d|e|r|,102210fe594ee9b33d82058545b1ed14f4c8206e,ContentfulSpeedIndex,amazon,True,amazon ContentfulSpeedIndex opt fission warm webrender,,77,ms,firefox,,1807743154,2023-12-07T12:51:56,159.0,bea12a00706c3b2951d467008996bf7e89d17e5b,1344456
autoland,3870186,13,f36c3750a6bc0db1e2bc910e5f3a3acace5985a7,windows10-64-shippable-qr,True,False,,|f|i|s|s|i|o|n| |w|a|r|m| |w|e|b|r|e|n|d|e|r|,102210fe594ee9b33d82058545b1ed14f4c8206e,ContentfulSpeedIndex,amazon,True,amazon ContentfulSpeedIndex opt fission warm webrender,,77,ms,firefox,,1808412347,2023-12-07T13:24:55,176.8,ee83b5ce89b76ccac425ff061ab7b9242f847931,1344468
autoland,3870186,13,f36c3750a6bc0db1e2bc910e5f3a3acace5985a7,windows10-64-shippable-qr,True,False,,|f|i|s|s|i|o|n| |w|a|r|m| |w|e|b|r|e|n|d|e|r|,102210fe594ee9b33d82058545b1ed14f4c8206e,ContentfulSpeedIndex,amazon,True,amazon ContentfulSpeedIndex opt fission warm webrender,,77,ms,firefox,,1808448841,2023-12-07T13:38:59,181.1,47051dc8963377742b4656efbc924fdb4e2faf6f,1344471
autoland,3870186,13,f36c3750a6bc0db1e2bc910e5f3a3acace5985a7,windows10-64-shippable-qr,True,False,,|f|i|s|s|i|o|n| |w|a|r|m| |w|e|b|r|e|n|d|e|r|,102210fe594ee9b33d82058545b1ed14f4c8206e,ContentfulSpeedIndex,amazon,True,amazon ContentfulSpeedIndex opt fission warm webrender,,77,ms,firefox,,1808077510,2023-12-07T21:41:48,190.8,797281d7e3b5fdd5f6a033248fec7bd885227546,1344786
autoland,3870186,13,f36c3750a6bc0db1e2bc910e5f3a3acace5985a7,windows10-64-shippable-qr,True,False,,|f|i|s|s|i|o|n| |w|a|r|m| |w|e|b|r|e|n|d|e|r|,102210fe594ee9b33d82058545b1ed14f4c8206e,ContentfulSpeedIndex,amazon,True,amazon ContentfulSpeedIndex opt fission warm webrender,,77,ms,firefox,,1808458899,2023-12-07T21:42:43,174.0,75e0ede09503eccf1cbef8632f794d1929320b8c,1344787
autoland,3870186,13,f36c3750a6bc0db1e2bc910e5f3a3acace5985a7,windows10-64-shippable-qr,True,False,,|f|i|s|s|i|o|n| |w|a|r|m| |w|e|b|r|e|n|d|e|r|,102210fe594ee9b33d82058545b1ed14f4c8206e,ContentfulSpeedIndex,amazon,True,amazon ContentfulSpeedIndex opt fission warm webrender,,77,ms,firefox,,1808427698,2023-12-07T21:43:35,168.3,a9e008e57ceeb52687048bd12fae3896ec5ac4a3,1344788
autoland,3870186,13,f36c3750a6bc0db1e2bc910e5f3a3acace5985a7,windows10-64-shippable-qr,True,False,,|f|i|s|s|i|o|n| |w|a|r|m| |w|e|b|r|e|n|d|e|r|,102210fe594ee9b33d82058545b1ed14f4c8206e,ContentfulSpeedIndex,amazon,True,amazon ContentfulSpeedIndex opt fission warm webrender,,77,ms,firefox,,1808150717,2023-12-07T22:56:27,164.0,c34126c5e2a85c81e511c7c4017e7f2694ddce13,1344823
autoland,3870186,13,f36c3750a6bc0db1e2bc910e5f3a3acace5985a7,windows10-64-shippable-qr,True,False,,|f|i|s|s|i|o|n| |w|a|r|m| |w|e|b|r|e|n|d|e|r|,102210fe594ee9b33d82058545b1ed14f4c8206e,ContentfulSpeedIndex,amazon,True,amazon ContentfulSpeedIndex opt fission warm webrender,,77,ms,firefox,,1808353090,2023-12-08T04:49:01,176.0,3152110c63b5c99048b0651867ecf7723aa5ddf8,1344948
autoland,3870186,13,f36c3750a6bc0db1e2bc910e5f3a3acace5985a7,windows10-64-shippable-qr,True,False,,|f|i|s|s|i|o|n| |w|a|r|m| |w|e|b|r|e|n|d|e|r|,102210fe594ee9b33d82058545b1ed14f4c8206e,ContentfulSpeedIndex,amazon,True,amazon ContentfulSpeedIndex opt fission warm webrender,,77,ms,firefox,,1808515896,2023-12-08T09:01:47,173.4,ff785fa504232b935c33c7d8c38a1cdc2f8d2d35,1345044
autoland,3870186,13,f36c3750a6bc0db1e2bc910e5f3a3acace5985a7,windows10-64-shippable-qr,True,False,,|f|i|s|s|i|o|n| |w|a|r|m| |w|e|b|r|e|n|d|e|r|,102210fe594ee9b33d82058545b1ed14f4c8206e,ContentfulSpeedIndex,amazon,True,amazon ContentfulSpeedIndex opt fission warm webrender,,77,ms,firefox,,1808875331,2023-12-08T14:53:30,171.6,84f194823b719420c22157f7e540e660397a17f2,1345173
autoland,3870186,13,f36c3750a6bc0db1e2bc910e5f3a3acace5985a7,windows10-64-shippable-qr,True,False,,|f|i|s|s|i|o|n| |w|a|r|m| |w|e|b|r|e|n|d|e|r|,102210fe594ee9b33d82058545b1ed14f4c8206e,ContentfulSpeedIndex,amazon,True,amazon ContentfulSpeedIndex opt fission warm webrender,,77,ms,firefox,,1809035987,2023-12-08T20:09:00,175.0,6f5601bcf5ef9fa22b46e44e1d5e34893a04fc9e,1345337
autoland,3870186,13,f36c3750a6bc0db1e2bc910e5f3a3acace5985a7,windows10-64-shippable-qr,True,False,,|f|i|s|s|i|o|n| |w|a|r|m| |w|e|b|r|e|n|d|e|r|,102210fe594ee9b33d82058545b1ed14f4c8206e,ContentfulSpeedIndex,amazon,True,amazon ContentfulSpeedIndex opt fission warm webrender,,77,ms,firefox,,1809057161,2023-12-09T00:35:37,160.7,5e7ca7b9c60d764540bfc20b243ffaa67dfbfaa9,1345495
autoland,3870186,13,f36c3750a6bc0db1e2bc910e5f3a3acace5985a7,windows10-64-shippable-qr,True,False,,|f|i|s|s|i|o|n| |w|a|r|m| |w|e|b|r|e|n|d|e|r|,102210fe594ee9b33d82058545b1ed14f4c8206e,ContentfulSpeedIndex,amazon,True,amazon ContentfulSpeedIndex opt fission warm webrender,,77,ms,firefox,,1809060370,2023-12-09T00:36:34,182.2,9536c8afccb6fe6adb81c34e04ad22608a1cc454,1345496
autoland,3870186,13,f36c3750a6bc0db1e2bc910e5f3a3acace5985a7,windows10-64-shippable-qr,True,False,,|f|i|s|s|i|o|n| |w|a|r|m| |w|e|b|r|e|n|d|e|r|,102210fe594ee9b33d82058545b1ed14f4c8206e,ContentfulSpeedIndex,amazon,True,amazon ContentfulSpeedIndex opt fission warm webrender,,77,ms,firefox,,1809227240,2023-12-09T11:58:04,171.1,ce53d4215ca91122e12f63ca196acefc22a8d98c,1345582
autoland,3870186,13,f36c3750a6bc0db1e2bc910e5f3a3acace5985a7,windows10-64-shippable-qr,True,False,,|f|i|s|s|i|o|n| |w|a|r|m| |w|e|b|r|e|n|d|e|r|,102210fe594ee9b33d82058545b1ed14f4c8206e,ContentfulSpeedIndex,amazon,True,amazon ContentfulSpeedIndex opt fission warm webrender,,77,ms,firefox,,1809275556,2023-12-09T16:44:21,164.4,199c3dc51f2dd8c55a3346ac587238e6376b7236,1345611
autoland,3870186,13,f36c3750a6bc0db1e2bc910e5f3a3acace5985a7,windows10-64-shippable-qr,True,False,,|f|i|s|s|i|o|n| |w|a|r|m| |w|e|b|r|e|n|d|e|r|,102210fe594ee9b33d82058545b1ed14f4c8206e,ContentfulSpeedIndex,amazon,True,amazon ContentfulSpeedIndex opt fission warm webrender,,77,ms,firefox,,1809373305,2023-12-10T03:19:38,177.2,815bf21f166b5019bdab6ec104bc2f4475a7b553,1345657
autoland,3870186,13,f36c3750a6bc0db1e2bc910e5f3a3acace5985a7,windows10-64-shippable-qr,True,False,,|f|i|s|s|i|o|n| |w|a|r|m| |w|e|b|r|e|n|d|e|r|,102210fe594ee9b33d82058545b1ed14f4c8206e,ContentfulSpeedIndex,amazon,True,amazon ContentfulSpeedIndex opt fission warm webrender,,77,ms,firefox,,1809496012,2023-12-11T00:42:11,189.9,d4ee61633ce965862e2ee27be32e8a58344a7b03,1345765
autoland,3870186,13,f36c3750a6bc0db1e2bc910e5f3a3acace5985a7,windows10-64-shippable-qr,True,False,,|f|i|s|s|i|o|n| |w|a|r|m| |w|e|b|r|e|n|d|e|r|,102210fe594ee9b33d82058545b1ed14f4c8206e,ContentfulSpeedIndex,amazon,True,amazon ContentfulSpeedIndex opt fission warm webrender,,77,ms,firefox,,1809545820,2023-12-11T06:57:03,162.6,e84648aa607a32b9e4bbd2378f5a7caf9e31264a,1345835
autoland,3870186,13,f36c3750a6bc0db1e2bc910e5f3a3acace5985a7,windows10-64-shippable-qr,True,False,,|f|i|s|s|i|o|n| |w|a|r|m| |w|e|b|r|e|n|d|e|r|,102210fe594ee9b33d82058545b1ed14f4c8206e,ContentfulSpeedIndex,amazon,True,amazon ContentfulSpeedIndex opt fission warm webrender,,77,ms,firefox,,1809591014,2023-12-11T09:13:41,176.6,25a3d6c779f3ef9a9220e2d972c18f2e5a039cb2,1345868
autoland,3870186,13,f36c3750a6bc0db1e2bc910e5f3a3acace5985a7,windows10-64-shippable-qr,True,False,,|f|i|s|s|i|o|n| |w|a|r|m| |w|e|b|r|e|n|d|e|r|,102210fe594ee9b33d82058545b1ed14f4c8206e,ContentfulSpeedIndex,amazon,True,amazon ContentfulSpeedIndex opt fission warm webrender,,77,ms,firefox,,1809740075,2023-12-11T13:39:55,182.5,46d1ac4f2e9c8c9c173c430225737701542931bb,1346049
autoland,3870186,13,f36c3750a6bc0db1e2bc910e5f3a3acace5985a7,windows10-64-shippable-qr,True,False,,|f|i|s|s|i|o|n| |w|a|r|m| |w|e|b|r|e|n|d|e|r|,102210fe594ee9b33d82058545b1ed14f4c8206e,ContentfulSpeedIndex,amazon,True,amazon ContentfulSpeedIndex opt fission warm webrender,,77,ms,firefox,,1810184653,2023-12-11T13:42:36,167.6,4a4a406091cd38a7f1c47c0603c7b4dfb4aecd36,1346052
autoland,3870186,13,f36c3750a6bc0db1e2bc910e5f3a3acace5985a7,windows10-64-shippable-qr,True,False,,|f|i|s|s|i|o|n| |w|a|r|m| |w|e|b|r|e|n|d|e|r|,102210fe594ee9b33d82058545b1ed14f4c8206e,ContentfulSpeedIndex,amazon,True,amazon ContentfulSpeedIndex opt fission warm webrender,,77,ms,firefox,,1810148298,2023-12-11T13:54:53,171.4,2e39f61cacdfbdc31348aa972854eddb30572c10,1346062
autoland,3870186,13,f36c3750a6bc0db1e2bc910e5f3a3acace5985a7,windows10-64-shippable-qr,True,False,,|f|i|s|s|i|o|n| |w|a|r|m| |w|e|b|r|e|n|d|e|r|,102210fe594ee9b33d82058545b1ed14f4c8206e,ContentfulSpeedIndex,amazon,True,amazon ContentfulSpeedIndex opt fission warm webrender,,77,ms,firefox,,1810159218,2023-12-11T14:00:48,161.8,148b695e58fcfac3de4d0c3b3507d3a86d2bfb87,1346066
autoland,3870186,13,f36c3750a6bc0db1e2bc910e5f3a3acace5985a7,windows10-64-shippable-qr,True,False,,|f|i|s|s|i|o|n| |w|a|r|m| |w|e|b|r|e|n|d|e|r|,102210fe594ee9b33d82058545b1ed14f4c8206e,ContentfulSpeedIndex,amazon,True,amazon ContentfulSpeedIndex opt fission warm webrender,,77,ms,firefox,,1810164664,2023-12-11T14:11:51,170.0,a1e3aa7070c3265a2460dd9f59444244ab30a373,1346073
autoland,3870186,13,f36c3750a6bc0db1e2bc910e5f3a3acace5985a7,windows10-64-shippable-qr,True,False,,|f|i|s|s|i|o|n| |w|a|r|m| |w|e|b|r|e|n|d|e|r|,102210fe594ee9b33d82058545b1ed14f4c8206e,ContentfulSpeedIndex,amazon,True,amazon ContentfulSpeedIndex opt fission warm webrender,,77,ms,firefox,,1809799760,2023-12-11T15:49:45,173.9,fbda7db8e39b50ebf5ed7092f81706bd1d8c91ab,1346158
autoland,3870186,13,f36c3750a6bc0db1e2bc910e5f3a3acace5985a7,windows10-64-shippable-qr,True,False,,|f|i|s|s|i|o|n| |w|a|r|m| |w|e|b|r|e|n|d|e|r|,102210fe594ee9b33d82058545b1ed14f4c8206e,ContentfulSpeedIndex,amazon,True,amazon ContentfulSpeedIndex opt fission warm webrender,,77,ms,firefox,,1809889307,2023-12-11T18:22:43,167.6,8043d7693dbaf145c601652e0b8947d55f399fd8,1346298
autoland,3870186,13,f36c3750a6bc0db1e2bc910e5f3a3acace5985a7,windows10-64-shippable-qr,True,False,,|f|i|s|s|i|o|n| |w|a|r|m| |w|e|b|r|e|n|d|e|r|,102210fe594ee9b33d82058545b1ed14f4c8206e,ContentfulSpeedIndex,amazon,True,amazon ContentfulSpeedIndex opt fission warm webrender,,77,ms,firefox,,1809965049,2023-12-11T21:32:13,180.6,c2126b815d283d4d848e431071fa77e023b06eb2,1346462
autoland,3870186,13,f36c3750a6bc0db1e2bc910e5f3a3acace5985a7,windows10-64-shippable-qr,True,False,,|f|i|s|s|i|o|n| |w|a|r|m| |w|e|b|r|e|n|d|e|r|,102210fe594ee9b33d82058545b1ed14f4c8206e,ContentfulSpeedIndex,amazon,True,amazon ContentfulSpeedIndex opt fission warm webrender,,77,ms,firefox,,1810039838,2023-12-12T01:33:17,173.3,6e08bc24f0ba8814dfda465963c22d139bf6e80b,1346620
autoland,3870186,13,f36c3750a6bc0db1e2bc910e5f3a3acace5985a7,windows10-64-shippable-qr,True,False,,|f|i|s|s|i|o|n| |w|a|r|m| |w|e|b|r|e|n|d|e|r|,102210fe594ee9b33d82058545b1ed14f4c8206e,ContentfulSpeedIndex,amazon,True,amazon ContentfulSpeedIndex opt fission warm webrender,,77,ms,firefox,,1810128152,2023-12-12T04:01:22,169.6,55cd203304b8d5343dd941d772085dc25fd278c4,1346691
autoland,3870186,13,f36c3750a6bc0db1e2bc910e5f3a3acace5985a7,windows10-64-shippable-qr,True,False,,|f|i|s|s|i|o|n| |w|a|r|m| |w|e|b|r|e|n|d|e|r|,102210fe594ee9b33d82058545b1ed14f4c8206e,ContentfulSpeedIndex,amazon,True,amazon ContentfulSpeedIndex opt fission warm webrender,,77,ms,firefox,,1810242214,2023-12-12T08:08:04,177.4,64c2a5cd2e5c12acc49f695acaca7fc074be00ef,1346735
autoland,3870186,13,f36c3750a6bc0db1e2bc910e5f3a3acace5985a7,windows10-64-shippable-qr,True,False,,|f|i|s|s|i|o|n| |w|a|r|m| |w|e|b|r|e|n|d|e|r|,102210fe594ee9b33d82058545b1ed14f4c8206e,ContentfulSpeedIndex,amazon,True,amazon ContentfulSpeedIndex opt fission warm webrender,,77,ms,firefox,,1810411711,2023-12-12T13:15:06,171.8,378226435d1f217637869bc238a2bff9ae584e04,1346892
autoland,3870186,13,f36c3750a6bc0db1e2bc910e5f3a3acace5985a7,windows10-64-shippable-qr,True,False,,|f|i|s|s|i|o|n| |w|a|r|m| |w|e|b|r|e|n|d|e|r|,102210fe594ee9b33d82058545b1ed14f4c8206e,ContentfulSpeedIndex,amazon,True,amazon ContentfulSpeedIndex opt fission warm webrender,,77,ms,firefox,,1810429847,2023-12-12T13:20:17,177.7,661e5ee3675f09044e67f461631530ae9bc19953,1346894
autoland,3870186,13,f36c3750a6bc0db1e2bc910e5f3a3acace5985a7,windows10-64-shippable-qr,True,False,,|f|i|s|s|i|o|n| |w|a|r|m| |w|e|b|r|e|n|d|e|r|,102210fe594ee9b33d82058545b1ed14f4c8206e,ContentfulSpeedIndex,amazon,True,amazon ContentfulSpeedIndex opt fission warm webrender,,77,ms,firefox,,1810565867,2023-12-12T17:56:51,177.9,89856dfbbbb09660fd0b56d3d9ba6f60c823c81f,1347131
autoland,3870186,13,f36c3750a6bc0db1e2bc910e5f3a3acace5985a7,windows10-64-shippable-qr,True,False,,|f|i|s|s|i|o|n| |w|a|r|m| |w|e|b|r|e|n|d|e|r|,102210fe594ee9b33d82058545b1ed14f4c8206e,ContentfulSpeedIndex,amazon,True,amazon ContentfulSpeedIndex opt fission warm webrender,,77,ms,firefox,,1810590144,2023-12-12T18:39:48,191.1,b7336e3f433e4055ba8a7fcb5c2f756e0e9b59ef,1347165
autoland,3870186,13,f36c3750a6bc0db1e2bc910e5f3a3acace5985a7,windows10-64-shippable-qr,True,False,,|f|i|s|s|i|o|n| |w|a|r|m| |w|e|b|r|e|n|d|e|r|,102210fe594ee9b33d82058545b1ed14f4c8206e,ContentfulSpeedIndex,amazon,True,amazon ContentfulSpeedIndex opt fission warm webrender,,77,ms,firefox,,1810629890,2023-12-12T20:06:07,167.4,7272d706196d83e16ea8366481dce5127407ba4d,1347223
autoland,3870186,13,f36c3750a6bc0db1e2bc910e5f3a3acace5985a7,windows10-64-shippable-qr,True,False,,|f|i|s|s|i|o|n| |w|a|r|m| |w|e|b|r|e|n|d|e|r|,102210fe594ee9b33d82058545b1ed14f4c8206e,ContentfulSpeedIndex,amazon,True,amazon ContentfulSpeedIndex opt fission warm webrender,,77,ms,firefox,,1810762383,2023-12-13T00:40:28,174.2,f823ab1d9a00b627089b75899e588823b584a9c4,1347426
autoland,3870186,13,f36c3750a6bc0db1e2bc910e5f3a3acace5985a7,windows10-64-shippable-qr,True,False,,|f|i|s|s|i|o|n| |w|a|r|m| |w|e|b|r|e|n|d|e|r|,102210fe594ee9b33d82058545b1ed14f4c8206e,ContentfulSpeedIndex,amazon,True,amazon ContentfulSpeedIndex opt fission warm webrender,,77,ms,firefox,,1810812030,2023-12-13T01:59:28,169.0,c7169e7d15af250d7b1ffb91c072a4b2309457c1,1347482
autoland,3870186,13,f36c3750a6bc0db1e2bc910e5f3a3acace5985a7,windows10-64-shippable-qr,True,False,,|f|i|s|s|i|o|n| |w|a|r|m| |w|e|b|r|e|n|d|e|r|,102210fe594ee9b33d82058545b1ed14f4c8206e,ContentfulSpeedIndex,amazon,True,amazon ContentfulSpeedIndex opt fission warm webrender,,77,ms,firefox,,1810843550,2023-12-13T03:53:55,160.3,de73ddb24c16e91d220095612fc21b6636e51f81,1347525
autoland,3870186,13,f36c3750a6bc0db1e2bc910e5f3a3acace5985a7,windows10-64-shippable-qr,True,False,,|f|i|s|s|i|o|n| |w|a|r|m| |w|e|b|r|e|n|d|e|r|,102210fe594ee9b33d82058545b1ed14f4c8206e,ContentfulSpeedIndex,amazon,True,amazon ContentfulSpeedIndex opt fission warm webrender,,77,ms,firefox,,1810887631,2023-12-13T08:08:28,180.2,de61802013d3eabd67e8f7c4382ab95c650835ba,1347584
autoland,3870186,13,f36c3750a6bc0db1e2bc910e5f3a3acace5985a7,windows10-64-shippable-qr,True,False,,|f|i|s|s|i|o|n| |w|a|r|m| |w|e|b|r|e|n|d|e|r|,102210fe594ee9b33d82058545b1ed14f4c8206e,ContentfulSpeedIndex,amazon,True,amazon ContentfulSpeedIndex opt fission warm webrender,,77,ms,firefox,,1810973821,2023-12-13T10:08:23,174.3,12f45306a093afef1d1ed86121d9fcd9e8c69e15,1347641
autoland,3870186,13,f36c3750a6bc0db1e2bc910e5f3a3acace5985a7,windows10-64-shippable-qr,True,False,,|f|i|s|s|i|o|n| |w|a|r|m| |w|e|b|r|e|n|d|e|r|,102210fe594ee9b33d82058545b1ed14f4c8206e,ContentfulSpeedIndex,amazon,True,amazon ContentfulSpeedIndex opt fission warm webrender,,77,ms,firefox,,1811438853,2023-12-13T11:56:46,176.0,86021bfb36c3767a431a670a48505835ae7413cf,1347715
autoland,3870186,13,f36c3750a6bc0db1e2bc910e5f3a3acace5985a7,windows10-64-shippable-qr,True,False,,|f|i|s|s|i|o|n| |w|a|r|m| |w|e|b|r|e|n|d|e|r|,102210fe594ee9b33d82058545b1ed14f4c8206e,ContentfulSpeedIndex,amazon,True,amazon ContentfulSpeedIndex opt fission warm webrender,,77,ms,firefox,,1811447367,2023-12-13T11:58:25,171.5,fd1dd6b4ce421a61e2258a1d2712f3193f997c0a,1347716
autoland,3870186,13,f36c3750a6bc0db1e2bc910e5f3a3acace5985a7,windows10-64-shippable-qr,True,False,,|f|i|s|s|i|o|n| |w|a|r|m| |w|e|b|r|e|n|d|e|r|,102210fe594ee9b33d82058545b1ed14f4c8206e,ContentfulSpeedIndex,amazon,True,amazon ContentfulSpeedIndex opt fission warm webrender,,77,ms,firefox,,1811054575,2023-12-13T13:51:07,173.6,a54a846dda9a20948451fa14e9ebbd3bb19c826c,1347765
autoland,3870186,13,f36c3750a6bc0db1e2bc910e5f3a3acace5985a7,windows10-64-shippable-qr,True,False,,|f|i|s|s|i|o|n| |w|a|r|m| |w|e|b|r|e|n|d|e|r|,102210fe594ee9b33d82058545b1ed14f4c8206e,ContentfulSpeedIndex,amazon,True,amazon ContentfulSpeedIndex opt fission warm webrender,,77,ms,firefox,,1811143176,2023-12-13T17:42:49,175.1,951b244454e1790b94e5fa8474efc7fb8c990e28,1347961
autoland,3870186,13,f36c3750a6bc0db1e2bc910e5f3a3acace5985a7,windows10-64-shippable-qr,True,False,,|f|i|s|s|i|o|n| |w|a|r|m| |w|e|b|r|e|n|d|e|r|,102210fe594ee9b33d82058545b1ed14f4c8206e,ContentfulSpeedIndex,amazon,True,amazon ContentfulSpeedIndex opt fission warm webrender,,77,ms,firefox,,1811461273,2023-12-13T19:13:20,175.6,e9933f26f0f34b5bcd3500f5780efd5cce45b9f8,1348064
autoland,3870186,13,f36c3750a6bc0db1e2bc910e5f3a3acace5985a7,windows10-64-shippable-qr,True,False,,|f|i|s|s|i|o|n| |w|a|r|m| |w|e|b|r|e|n|d|e|r|,102210fe594ee9b33d82058545b1ed14f4c8206e,ContentfulSpeedIndex,amazon,True,amazon ContentfulSpeedIndex opt fission warm webrender,,77,ms,firefox,,1811468305,2023-12-13T19:30:00,184.0,32d5edd3ad279bbcc378b59e2b3d2cc93a57737c,1348065
autoland,3870186,13,f36c3750a6bc0db1e2bc910e5f3a3acace5985a7,windows10-64-shippable-qr,True,False,,|f|i|s|s|i|o|n| |w|a|r|m| |w|e|b|r|e|n|d|e|r|,102210fe594ee9b33d82058545b1ed14f4c8206e,ContentfulSpeedIndex,amazon,True,amazon ContentfulSpeedIndex opt fission warm webrender,,77,ms,firefox,,1811264418,2023-12-13T20:42:40,176.4,b89dc85aa7e47069b80251ce43d7d66c034a5b88,1348117
autoland,3870186,13,f36c3750a6bc0db1e2bc910e5f3a3acace5985a7,windows10-64-shippable-qr,True,False,,|f|i|s|s|i|o|n| |w|a|r|m| |w|e|b|r|e|n|d|e|r|,102210fe594ee9b33d82058545b1ed14f4c8206e,ContentfulSpeedIndex,amazon,True,amazon ContentfulSpeedIndex opt fission warm webrender,,77,ms,firefox,,1811384906,2023-12-14T01:23:55,175.6,12888ec6533c4e6ec49c2d7081e67ac660129ab6,1348332
autoland,3870186,13,f36c3750a6bc0db1e2bc910e5f3a3acace5985a7,windows10-64-shippable-qr,True,False,,|f|i|s|s|i|o|n| |w|a|r|m| |w|e|b|r|e|n|d|e|r|,102210fe594ee9b33d82058545b1ed14f4c8206e,ContentfulSpeedIndex,amazon,True,amazon ContentfulSpeedIndex opt fission warm webrender,,77,ms,firefox,,1811484823,2023-12-14T06:57:49,170.3,3af75f3310fc53f70cba7e6c5a7e7bec2d3381dc,1348404
autoland,3870186,13,f36c3750a6bc0db1e2bc910e5f3a3acace5985a7,windows10-64-shippable-qr,True,False,,|f|i|s|s|i|o|n| |w|a|r|m| |w|e|b|r|e|n|d|e|r|,102210fe594ee9b33d82058545b1ed14f4c8206e,ContentfulSpeedIndex,amazon,True,amazon ContentfulSpeedIndex opt fission warm webrender,,77,ms,firefox,,1811645778,2023-12-14T09:15:58,174.7,1c0fd259312d4631a0d1a7e0ea0560cff577beba,1348457
autoland,3870186,13,f36c3750a6bc0db1e2bc910e5f3a3acace5985a7,windows10-64-shippable-qr,True,False,,|f|i|s|s|i|o|n| |w|a|r|m| |w|e|b|r|e|n|d|e|r|,102210fe594ee9b33d82058545b1ed14f4c8206e,ContentfulSpeedIndex,amazon,True,amazon ContentfulSpeedIndex opt fission warm webrender,,77,ms,firefox,,1811749568,2023-12-14T13:22:59,170.6,31a1108bee2768e6f329db2b083b5066b2c83def,1348529
autoland,3870186,13,f36c3750a6bc0db1e2bc910e5f3a3acace5985a7,windows10-64-shippable-qr,True,False,,|f|i|s|s|i|o|n| |w|a|r|m| |w|e|b|r|e|n|d|e|r|,102210fe594ee9b33d82058545b1ed14f4c8206e,ContentfulSpeedIndex,amazon,True,amazon ContentfulSpeedIndex opt fission warm webrender,,77,ms,firefox,,1811869028,2023-12-14T15:25:58,177.9,44c4e62a38e1a18cd9c3cdc37be672c5b2eccb06,1348605
autoland,3870186,13,f36c3750a6bc0db1e2bc910e5f3a3acace5985a7,windows10-64-shippable-qr,True,False,,|f|i|s|s|i|o|n| |w|a|r|m| |w|e|b|r|e|n|d|e|r|,102210fe594ee9b33d82058545b1ed14f4c8206e,ContentfulSpeedIndex,amazon,True,amazon ContentfulSpeedIndex opt fission warm webrender,,77,ms,firefox,,1812362063,2023-12-14T19:23:56,173.9,78c7be7943b18dd539b6178da71c8c4a66089305,1348840
autoland,3870186,13,f36c3750a6bc0db1e2bc910e5f3a3acace5985a7,windows10-64-shippable-qr,True,False,,|f|i|s|s|i|o|n| |w|a|r|m| |w|e|b|r|e|n|d|e|r|,102210fe594ee9b33d82058545b1ed14f4c8206e,ContentfulSpeedIndex,amazon,True,amazon ContentfulSpeedIndex opt fission warm webrender,,77,ms,firefox,,1812030241,2023-12-14T19:45:40,164.0,5b5faa47b870a45949438e5959b9ef04204a9bac,1348855
autoland,3870186,13,f36c3750a6bc0db1e2bc910e5f3a3acace5985a7,windows10-64-shippable-qr,True,False,,|f|i|s|s|i|o|n| |w|a|r|m| |w|e|b|r|e|n|d|e|r|,102210fe594ee9b33d82058545b1ed14f4c8206e,ContentfulSpeedIndex,amazon,True,amazon ContentfulSpeedIndex opt fission warm webrender,,77,ms,firefox,,1812214985,2023-12-14T21:45:13,169.8,04ae3a53d7df39b7ef7380e872889038951a9e63,1348957
autoland,3870186,13,f36c3750a6bc0db1e2bc910e5f3a3acace5985a7,windows10-64-shippable-qr,True,False,,|f|i|s|s|i|o|n| |w|a|r|m| |w|e|b|r|e|n|d|e|r|,102210fe594ee9b33d82058545b1ed14f4c8206e,ContentfulSpeedIndex,amazon,True,amazon ContentfulSpeedIndex opt fission warm webrender,,77,ms,firefox,,1812214903,2023-12-14T21:45:13,182.8,04ae3a53d7df39b7ef7380e872889038951a9e63,1348957
autoland,3870186,13,f36c3750a6bc0db1e2bc910e5f3a3acace5985a7,windows10-64-shippable-qr,True,False,,|f|i|s|s|i|o|n| |w|a|r|m| |w|e|b|r|e|n|d|e|r|,102210fe594ee9b33d82058545b1ed14f4c8206e,ContentfulSpeedIndex,amazon,True,amazon ContentfulSpeedIndex opt fission warm webrender,,77,ms,firefox,,1812303992,2023-12-15T01:58:19,167.4,efffe49c7c1c0f6b54d9f752224880e07e588f36,1349130
autoland,3870186,13,f36c3750a6bc0db1e2bc910e5f3a3acace5985a7,windows10-64-shippable-qr,True,False,,|f|i|s|s|i|o|n| |w|a|r|m| |w|e|b|r|e|n|d|e|r|,102210fe594ee9b33d82058545b1ed14f4c8206e,ContentfulSpeedIndex,amazon,True,amazon ContentfulSpeedIndex opt fission warm webrender,,77,ms,firefox,,1812484188,2023-12-15T11:00:39,166.6,d3a29d02b3dd8d8cfbfff6fcad00d94226e102e8,1349239
autoland,3870186,13,f36c3750a6bc0db1e2bc910e5f3a3acace5985a7,windows10-64-shippable-qr,True,False,,|f|i|s|s|i|o|n| |w|a|r|m| |w|e|b|r|e|n|d|e|r|,102210fe594ee9b33d82058545b1ed14f4c8206e,ContentfulSpeedIndex,amazon,True,amazon ContentfulSpeedIndex opt fission warm webrender,,77,ms,firefox,,1813092423,2023-12-15T11:33:40,182.8,1b43e68405d00eda15832b113572cef3c3f91d0b,1349256
autoland,3870186,13,f36c3750a6bc0db1e2bc910e5f3a3acace5985a7,windows10-64-shippable-qr,True,False,,|f|i|s|s|i|o|n| |w|a|r|m| |w|e|b|r|e|n|d|e|r|,102210fe594ee9b33d82058545b1ed14f4c8206e,ContentfulSpeedIndex,amazon,True,amazon ContentfulSpeedIndex opt fission warm webrender,,77,ms,firefox,,1813084829,2023-12-15T13:11:42,176.1,52110e0439924fde2539fa4e09821a9381655c91,1349281
autoland,3870186,13,f36c3750a6bc0db1e2bc910e5f3a3acace5985a7,windows10-64-shippable-qr,True,False,,|f|i|s|s|i|o|n| |w|a|r|m| |w|e|b|r|e|n|d|e|r|,102210fe594ee9b33d82058545b1ed14f4c8206e,ContentfulSpeedIndex,amazon,True,amazon ContentfulSpeedIndex opt fission warm webrender,,77,ms,firefox,,1812605040,2023-12-15T15:09:59,169.0,8fd04cb03fbd84435d9834d1de340c2f64e013bb,1349331
autoland,3870186,13,f36c3750a6bc0db1e2bc910e5f3a3acace5985a7,windows10-64-shippable-qr,True,False,,|f|i|s|s|i|o|n| |w|a|r|m| |w|e|b|r|e|n|d|e|r|,102210fe594ee9b33d82058545b1ed14f4c8206e,ContentfulSpeedIndex,amazon,True,amazon ContentfulSpeedIndex opt fission warm webrender,,77,ms,firefox,,1812855367,2023-12-15T20:18:56,165.4,8f1a041ed5a88918a5fe585c89ffabd9450bc0ef,1349528
autoland,3870186,13,f36c3750a6bc0db1e2bc910e5f3a3acace5985a7,windows10-64-shippable-qr,True,False,,|f|i|s|s|i|o|n| |w|a|r|m| |w|e|b|r|e|n|d|e|r|,102210fe594ee9b33d82058545b1ed14f4c8206e,ContentfulSpeedIndex,amazon,True,amazon ContentfulSpeedIndex opt fission warm webrender,,77,ms,firefox,,1813091093,2023-12-15T21:55:29,178.6,44e8ffbec880bf30f09db0da6825bbe4fc3e1352,1349589
autoland,3870186,13,f36c3750a6bc0db1e2bc910e5f3a3acace5985a7,windows10-64-shippable-qr,True,False,,|f|i|s|s|i|o|n| |w|a|r|m| |w|e|b|r|e|n|d|e|r|,102210fe594ee9b33d82058545b1ed14f4c8206e,ContentfulSpeedIndex,amazon,True,amazon ContentfulSpeedIndex opt fission warm webrender,,77,ms,firefox,,1813037580,2023-12-15T22:23:20,173.3,cb0fb07166b17b6a9b02be0ce0b759a8ee337c3d,1349599
autoland,3870186,13,f36c3750a6bc0db1e2bc910e5f3a3acace5985a7,windows10-64-shippable-qr,True,False,,|f|i|s|s|i|o|n| |w|a|r|m| |w|e|b|r|e|n|d|e|r|,102210fe594ee9b33d82058545b1ed14f4c8206e,ContentfulSpeedIndex,amazon,True,amazon ContentfulSpeedIndex opt fission warm webrender,,77,ms,firefox,,1813010417,2023-12-16T02:28:17,167.3,33b0a0fecfd912ef3f540060b5e13f54db31d5cd,1349675
autoland,3870186,13,f36c3750a6bc0db1e2bc910e5f3a3acace5985a7,windows10-64-shippable-qr,True,False,,|f|i|s|s|i|o|n| |w|a|r|m| |w|e|b|r|e|n|d|e|r|,102210fe594ee9b33d82058545b1ed14f4c8206e,ContentfulSpeedIndex,amazon,True,amazon ContentfulSpeedIndex opt fission warm webrender,,77,ms,firefox,,1813169265,2023-12-16T14:03:11,179.7,6d6d4867b0f48dce26d871d94c5f74f5a8ac6aaf,1349726
autoland,3870186,13,f36c3750a6bc0db1e2bc910e5f3a3acace5985a7,windows10-64-shippable-qr,True,False,,|f|i|s|s|i|o|n| |w|a|r|m| |w|e|b|r|e|n|d|e|r|,102210fe594ee9b33d82058545b1ed14f4c8206e,ContentfulSpeedIndex,amazon,True,amazon ContentfulSpeedIndex opt fission warm webrender,,77,ms,firefox,,1813344102,2023-12-17T06:27:55,183.8,2d19e1f44e562ba1bb3be1f4b8f95b9884d9b07d,1349827
autoland,3870186,13,f36c3750a6bc0db1e2bc910e5f3a3acace5985a7,windows10-64-shippable-qr,True,False,,|f|i|s|s|i|o|n| |w|a|r|m| |w|e|b|r|e|n|d|e|r|,102210fe594ee9b33d82058545b1ed14f4c8206e,ContentfulSpeedIndex,amazon,True,amazon ContentfulSpeedIndex opt fission warm webrender,,77,ms,firefox,,1813442105,2023-12-17T14:26:46,165.7,ab5e2f241728caa5dc020e829b1045df55247758,1349862
autoland,3870186,13,f36c3750a6bc0db1e2bc910e5f3a3acace5985a7,windows10-64-shippable-qr,True,False,,|f|i|s|s|i|o|n| |w|a|r|m| |w|e|b|r|e|n|d|e|r|,102210fe594ee9b33d82058545b1ed14f4c8206e,ContentfulSpeedIndex,amazon,True,amazon ContentfulSpeedIndex opt fission warm webrender,,77,ms,firefox,,1813535797,2023-12-18T01:43:16,163.1,b46057158b0694677a8174089de1cb8929d3116b,1349993
autoland,3870186,13,f36c3750a6bc0db1e2bc910e5f3a3acace5985a7,windows10-64-shippable-qr,True,False,,|f|i|s|s|i|o|n| |w|a|r|m| |w|e|b|r|e|n|d|e|r|,102210fe594ee9b33d82058545b1ed14f4c8206e,ContentfulSpeedIndex,amazon,True,amazon ContentfulSpeedIndex opt fission warm webrender,,77,ms,firefox,,1813576582,2023-12-18T05:48:57,172.7,1d2ed0b2947385e77bd609220eb0e453b44d4cb3,1350028
autoland,3870186,13,f36c3750a6bc0db1e2bc910e5f3a3acace5985a7,windows10-64-shippable-qr,True,False,,|f|i|s|s|i|o|n| |w|a|r|m| |w|e|b|r|e|n|d|e|r|,102210fe594ee9b33d82058545b1ed14f4c8206e,ContentfulSpeedIndex,amazon,True,amazon ContentfulSpeedIndex opt fission warm webrender,,77,ms,firefox,,1813692126,2023-12-18T10:08:52,175.6,1f7904968650806af8d68bbc64a717bac22df318,1350088
autoland,3870186,13,f36c3750a6bc0db1e2bc910e5f3a3acace5985a7,windows10-64-shippable-qr,True,False,,|f|i|s|s|i|o|n| |w|a|r|m| |w|e|b|r|e|n|d|e|r|,102210fe594ee9b33d82058545b1ed14f4c8206e,ContentfulSpeedIndex,amazon,True,amazon ContentfulSpeedIndex opt fission warm webrender,,77,ms,firefox,,1813698685,2023-12-18T10:23:12,165.9,ba2e5b5e061b5024cc487a16c7e553de9e5e8a2d,1350096
autoland,3870186,13,f36c3750a6bc0db1e2bc910e5f3a3acace5985a7,windows10-64-shippable-qr,True,False,,|f|i|s|s|i|o|n| |w|a|r|m| |w|e|b|r|e|n|d|e|r|,102210fe594ee9b33d82058545b1ed14f4c8206e,ContentfulSpeedIndex,amazon,True,amazon ContentfulSpeedIndex opt fission warm webrender,,77,ms,firefox,,1813792830,2023-12-18T14:56:17,171.2,8942476b2dcd0a89abfb3183ea577d611785e77e,1350212
autoland,3870186,13,f36c3750a6bc0db1e2bc910e5f3a3acace5985a7,windows10-64-shippable-qr,True,False,,|f|i|s|s|i|o|n| |w|a|r|m| |w|e|b|r|e|n|d|e|r|,102210fe594ee9b33d82058545b1ed14f4c8206e,ContentfulSpeedIndex,amazon,True,amazon ContentfulSpeedIndex opt fission warm webrender,,77,ms,firefox,,1813832143,2023-12-18T15:53:23,180.4,e409a860d27d9dbd962eb6568c1700e2aa2716aa,1350255
autoland,3870186,13,f36c3750a6bc0db1e2bc910e5f3a3acace5985a7,windows10-64-shippable-qr,True,False,,|f|i|s|s|i|o|n| |w|a|r|m| |w|e|b|r|e|n|d|e|r|,102210fe594ee9b33d82058545b1ed14f4c8206e,ContentfulSpeedIndex,amazon,True,amazon ContentfulSpeedIndex opt fission warm webrender,,77,ms,firefox,,1813918816,2023-12-18T18:13:05,185.1,c909d207f316bf0512f63f8262872083353a6ef5,1350369
autoland,3870186,13,f36c3750a6bc0db1e2bc910e5f3a3acace5985a7,windows10-64-shippable-qr,True,False,,|f|i|s|s|i|o|n| |w|a|r|m| |w|e|b|r|e|n|d|e|r|,102210fe594ee9b33d82058545b1ed14f4c8206e,ContentfulSpeedIndex,amazon,True,amazon ContentfulSpeedIndex opt fission warm webrender,,77,ms,firefox,,1814014478,2023-12-18T20:47:25,161.8,593e78a41c38b062baab03b6280366f86d0d233c,1350523
autoland,3870186,13,f36c3750a6bc0db1e2bc910e5f3a3acace5985a7,windows10-64-shippable-qr,True,False,,|f|i|s|s|i|o|n| |w|a|r|m| |w|e|b|r|e|n|d|e|r|,102210fe594ee9b33d82058545b1ed14f4c8206e,ContentfulSpeedIndex,amazon,True,amazon ContentfulSpeedIndex opt fission warm webrender,,77,ms,firefox,,1814122184,2023-12-19T00:56:17,174.9,4bc62630a431fca569dfb1add5eee214dcdd091c,1350695
autoland,3870186,13,f36c3750a6bc0db1e2bc910e5f3a3acace5985a7,windows10-64-shippable-qr,True,False,,|f|i|s|s|i|o|n| |w|a|r|m| |w|e|b|r|e|n|d|e|r|,102210fe594ee9b33d82058545b1ed14f4c8206e,ContentfulSpeedIndex,amazon,True,amazon ContentfulSpeedIndex opt fission warm webrender,,77,ms,firefox,,1814125709,2023-12-19T02:00:57,171.9,7e32f178b02fef938f803492c4bfd6d897ffcb21,1350710
autoland,3870186,13,f36c3750a6bc0db1e2bc910e5f3a3acace5985a7,windows10-64-shippable-qr,True,False,,|f|i|s|s|i|o|n| |w|a|r|m| |w|e|b|r|e|n|d|e|r|,102210fe594ee9b33d82058545b1ed14f4c8206e,ContentfulSpeedIndex,amazon,True,amazon ContentfulSpeedIndex opt fission warm webrender,,77,ms,firefox,,1814206867,2023-12-19T06:19:40,173.1,05b607c3bbe6ca02e9133ecb969e033fd3d7959e,1350758
autoland,3870186,13,f36c3750a6bc0db1e2bc910e5f3a3acace5985a7,windows10-64-shippable-qr,True,False,,|f|i|s|s|i|o|n| |w|a|r|m| |w|e|b|r|e|n|d|e|r|,102210fe594ee9b33d82058545b1ed14f4c8206e,ContentfulSpeedIndex,amazon,True,amazon ContentfulSpeedIndex opt fission warm webrender,,77,ms,firefox,,1814292692,2023-12-19T10:31:52,166.9,8efb8cc3558006677c6d18fcf41c3445498e257c,1350823
autoland,3870186,13,f36c3750a6bc0db1e2bc910e5f3a3acace5985a7,windows10-64-shippable-qr,True,False,,|f|i|s|s|i|o|n| |w|a|r|m| |w|e|b|r|e|n|d|e|r|,102210fe594ee9b33d82058545b1ed14f4c8206e,ContentfulSpeedIndex,amazon,True,amazon ContentfulSpeedIndex opt fission warm webrender,,77,ms,firefox,,1814371483,2023-12-19T10:59:27,166.5,e382d15d709c00d2fc941c2d6e9344b826246c27,1350835
autoland,3870186,13,f36c3750a6bc0db1e2bc910e5f3a3acace5985a7,windows10-64-shippable-qr,True,False,,|f|i|s|s|i|o|n| |w|a|r|m| |w|e|b|r|e|n|d|e|r|,102210fe594ee9b33d82058545b1ed14f4c8206e,ContentfulSpeedIndex,amazon,True,amazon ContentfulSpeedIndex opt fission warm webrender,,77,ms,firefox,,1814903704,2023-12-19T13:19:02,163.1,be64555d77f881872b0f03c41f3ab33631d3ac01,1350903
autoland,3870186,13,f36c3750a6bc0db1e2bc910e5f3a3acace5985a7,windows10-64-shippable-qr,True,False,,|f|i|s|s|i|o|n| |w|a|r|m| |w|e|b|r|e|n|d|e|r|,102210fe594ee9b33d82058545b1ed14f4c8206e,ContentfulSpeedIndex,amazon,True,amazon ContentfulSpeedIndex opt fission warm webrender,,77,ms,firefox,,1814959781,2023-12-19T13:50:50,173.6,b6f6bcaf2283fe3a010ced1fe192f3a3f164b583,1350921
autoland,3870186,13,f36c3750a6bc0db1e2bc910e5f3a3acace5985a7,windows10-64-shippable-qr,True,False,,|f|i|s|s|i|o|n| |w|a|r|m| |w|e|b|r|e|n|d|e|r|,102210fe594ee9b33d82058545b1ed14f4c8206e,ContentfulSpeedIndex,amazon,True,amazon ContentfulSpeedIndex opt fission warm webrender,,77,ms,firefox,,1814948144,2023-12-19T13:51:47,163.5,3e5f50c1f3ddf4e4cdc9218c20a6fda61fb8072f,1350923
autoland,3870186,13,f36c3750a6bc0db1e2bc910e5f3a3acace5985a7,windows10-64-shippable-qr,True,False,,|f|i|s|s|i|o|n| |w|a|r|m| |w|e|b|r|e|n|d|e|r|,102210fe594ee9b33d82058545b1ed14f4c8206e,ContentfulSpeedIndex,amazon,True,amazon ContentfulSpeedIndex opt fission warm webrender,,77,ms,firefox,,1814540847,2023-12-19T15:05:00,162.7,58a9c7e82a58e7e951a669f0634901963c5ed696,1350969
autoland,3870186,13,f36c3750a6bc0db1e2bc910e5f3a3acace5985a7,windows10-64-shippable-qr,True,False,,|f|i|s|s|i|o|n| |w|a|r|m| |w|e|b|r|e|n|d|e|r|,102210fe594ee9b33d82058545b1ed14f4c8206e,ContentfulSpeedIndex,amazon,True,amazon ContentfulSpeedIndex opt fission warm webrender,,77,ms,firefox,,1814527619,2023-12-19T15:55:04,162.1,ffd610f5a3bc262042d0839f354a1cf0cc9d5dff,1351025
autoland,3870186,13,f36c3750a6bc0db1e2bc910e5f3a3acace5985a7,windows10-64-shippable-qr,True,False,,|f|i|s|s|i|o|n| |w|a|r|m| |w|e|b|r|e|n|d|e|r|,102210fe594ee9b33d82058545b1ed14f4c8206e,ContentfulSpeedIndex,amazon,True,amazon ContentfulSpeedIndex opt fission warm webrender,,77,ms,firefox,,1814659291,2023-12-19T20:21:31,158.4,b50326daf412a23a363c8ca18b03b1dcede121ff,1351238
autoland,3870186,13,f36c3750a6bc0db1e2bc910e5f3a3acace5985a7,windows10-64-shippable-qr,True,False,,|f|i|s|s|i|o|n| |w|a|r|m| |w|e|b|r|e|n|d|e|r|,102210fe594ee9b33d82058545b1ed14f4c8206e,ContentfulSpeedIndex,amazon,True,amazon ContentfulSpeedIndex opt fission warm webrender,,77,ms,firefox,,1814698117,2023-12-19T21:18:40,169.0,31eaa2b1cf1b61e0b8868c53cf6bdbfc14805942,1351276
autoland,3870186,13,f36c3750a6bc0db1e2bc910e5f3a3acace5985a7,windows10-64-shippable-qr,True,False,,|f|i|s|s|i|o|n| |w|a|r|m| |w|e|b|r|e|n|d|e|r|,102210fe594ee9b33d82058545b1ed14f4c8206e,ContentfulSpeedIndex,amazon,True,amazon ContentfulSpeedIndex opt fission warm webrender,,77,ms,firefox,,1814849420,2023-12-20T02:06:01,162.7,9ac6d461916454c17cd8c7dfc7f73401ef3da12a,1351432
autoland,3870186,13,f36c3750a6bc0db1e2bc910e5f3a3acace5985a7,windows10-64-shippable-qr,True,False,,|f|i|s|s|i|o|n| |w|a|r|m| |w|e|b|r|e|n|d|e|r|,102210fe594ee9b33d82058545b1ed14f4c8206e,ContentfulSpeedIndex,amazon,True,amazon ContentfulSpeedIndex opt fission warm webrender,,77,ms,firefox,,1814939157,2023-12-20T04:26:18,174.6,e3bf6261f6fc31e78c716c97399a60f6f575ebcd,1351473
autoland,3870186,13,f36c3750a6bc0db1e2bc910e5f3a3acace5985a7,windows10-64-shippable-qr,True,False,,|f|i|s|s|i|o|n| |w|a|r|m| |w|e|b|r|e|n|d|e|r|,102210fe594ee9b33d82058545b1ed14f4c8206e,ContentfulSpeedIndex,amazon,True,amazon ContentfulSpeedIndex opt fission warm webrender,,77,ms,firefox,,1815085461,2023-12-20T09:15:46,162.9,4d6eabdc6228d414c7043c4fabdddfd95a3afb0e,1351517
autoland,3870186,13,f36c3750a6bc0db1e2bc910e5f3a3acace5985a7,windows10-64-shippable-qr,True,False,,|f|i|s|s|i|o|n| |w|a|r|m| |w|e|b|r|e|n|d|e|r|,102210fe594ee9b33d82058545b1ed14f4c8206e,ContentfulSpeedIndex,amazon,True,amazon ContentfulSpeedIndex opt fission warm webrender,,77,ms,firefox,,1815188556,2023-12-20T13:10:00,174.7,97f2e0f6b821072bc498a3bc7921831eb6d10d38,1351639
autoland,3870186,13,f36c3750a6bc0db1e2bc910e5f3a3acace5985a7,windows10-64-shippable-qr,True,False,,|f|i|s|s|i|o|n| |w|a|r|m| |w|e|b|r|e|n|d|e|r|,102210fe594ee9b33d82058545b1ed14f4c8206e,ContentfulSpeedIndex,amazon,True,amazon ContentfulSpeedIndex opt fission warm webrender,,77,ms,firefox,,1815358614,2023-12-20T17:43:19,170.7,c12f6936509f05b3caad77d4cb4b783a38761897,1351821
autoland,3870186,13,f36c3750a6bc0db1e2bc910e5f3a3acace5985a7,windows10-64-shippable-qr,True,False,,|f|i|s|s|i|o|n| |w|a|r|m| |w|e|b|r|e|n|d|e|r|,102210fe594ee9b33d82058545b1ed14f4c8206e,ContentfulSpeedIndex,amazon,True,amazon ContentfulSpeedIndex opt fission warm webrender,,77,ms,firefox,,1815485906,2023-12-20T21:55:32,170.0,aa4d4fecaf969d49a7ecf2568e3dda25cd2a7f1d,1352017
autoland,3870186,13,f36c3750a6bc0db1e2bc910e5f3a3acace5985a7,windows10-64-shippable-qr,True,False,,|f|i|s|s|i|o|n| |w|a|r|m| |w|e|b|r|e|n|d|e|r|,102210fe594ee9b33d82058545b1ed14f4c8206e,ContentfulSpeedIndex,amazon,True,amazon ContentfulSpeedIndex opt fission warm webrender,,77,ms,firefox,,1815505630,2023-12-20T21:58:53,169.0,dfc7e32798343d88b72708bf68fc966d1e088330,1352020
autoland,3870186,13,f36c3750a6bc0db1e2bc910e5f3a3acace5985a7,windows10-64-shippable-qr,True,False,,|f|i|s|s|i|o|n| |w|a|r|m| |w|e|b|r|e|n|d|e|r|,102210fe594ee9b33d82058545b1ed14f4c8206e,ContentfulSpeedIndex,amazon,True,amazon ContentfulSpeedIndex opt fission warm webrender,,77,ms,firefox,,1815593557,2023-12-21T03:06:09,168.5,37657c7691664026e54babf7d1cf608fe58a92fb,1352135
autoland,3870186,13,f36c3750a6bc0db1e2bc910e5f3a3acace5985a7,windows10-64-shippable-qr,True,False,,|f|i|s|s|i|o|n| |w|a|r|m| |w|e|b|r|e|n|d|e|r|,102210fe594ee9b33d82058545b1ed14f4c8206e,ContentfulSpeedIndex,amazon,True,amazon ContentfulSpeedIndex opt fission warm webrender,,77,ms,firefox,,1815675247,2023-12-21T06:56:11,166.5,2339ef37f5863c45acf6280581ec0994b40f11d5,1352164
autoland,3870186,13,f36c3750a6bc0db1e2bc910e5f3a3acace5985a7,windows10-64-shippable-qr,True,False,,|f|i|s|s|i|o|n| |w|a|r|m| |w|e|b|r|e|n|d|e|r|,102210fe594ee9b33d82058545b1ed14f4c8206e,ContentfulSpeedIndex,amazon,True,amazon ContentfulSpeedIndex opt fission warm webrender,,77,ms,firefox,,1815796452,2023-12-21T11:39:11,166.6,5e551f2bacc3d6a8294dcb0273e8299cf7a17e2d,1352265
autoland,3870186,13,f36c3750a6bc0db1e2bc910e5f3a3acace5985a7,windows10-64-shippable-qr,True,False,,|f|i|s|s|i|o|n| |w|a|r|m| |w|e|b|r|e|n|d|e|r|,102210fe594ee9b33d82058545b1ed14f4c8206e,ContentfulSpeedIndex,amazon,True,amazon ContentfulSpeedIndex opt fission warm webrender,,77,ms,firefox,,1815824155,2023-12-21T13:05:54,169.4,8b474eeffbe09d0e5e30675fa595293863b0db34,1352315
autoland,3870186,13,f36c3750a6bc0db1e2bc910e5f3a3acace5985a7,windows10-64-shippable-qr,True,False,,|f|i|s|s|i|o|n| |w|a|r|m| |w|e|b|r|e|n|d|e|r|,102210fe594ee9b33d82058545b1ed14f4c8206e,ContentfulSpeedIndex,amazon,True,amazon ContentfulSpeedIndex opt fission warm webrender,,77,ms,firefox,,1816081920,2023-12-21T18:00:27,184.3,e685307ecb90f0e91ef9f3781b3614b7308384b9,1352454
autoland,3870186,13,f36c3750a6bc0db1e2bc910e5f3a3acace5985a7,windows10-64-shippable-qr,True,False,,|f|i|s|s|i|o|n| |w|a|r|m| |w|e|b|r|e|n|d|e|r|,102210fe594ee9b33d82058545b1ed14f4c8206e,ContentfulSpeedIndex,amazon,True,amazon ContentfulSpeedIndex opt fission warm webrender,,77,ms,firefox,,1816074056,2023-12-21T18:17:05,169.0,14c89fd054c7ac54bac01a4fcb619d5dff3cc6ef,1352468
autoland,3870186,13,f36c3750a6bc0db1e2bc910e5f3a3acace5985a7,windows10-64-shippable-qr,True,False,,|f|i|s|s|i|o|n| |w|a|r|m| |w|e|b|r|e|n|d|e|r|,102210fe594ee9b33d82058545b1ed14f4c8206e,ContentfulSpeedIndex,amazon,True,amazon ContentfulSpeedIndex opt fission warm webrender,,77,ms,firefox,,1816165981,2023-12-21T22:08:07,169.8,e20257bfa3ef6e394b6669c19aa1a165ee73fefa,1352650
autoland,3870186,13,f36c3750a6bc0db1e2bc910e5f3a3acace5985a7,windows10-64-shippable-qr,True,False,,|f|i|s|s|i|o|n| |w|a|r|m| |w|e|b|r|e|n|d|e|r|,102210fe594ee9b33d82058545b1ed14f4c8206e,ContentfulSpeedIndex,amazon,True,amazon ContentfulSpeedIndex opt fission warm webrender,,77,ms,firefox,,1816241118,2023-12-22T08:16:59,157.6,6814c9419790a8ee7c93cac282a82a11d93d16ba,1352807
autoland,3870186,13,f36c3750a6bc0db1e2bc910e5f3a3acace5985a7,windows10-64-shippable-qr,True,False,,|f|i|s|s|i|o|n| |w|a|r|m| |w|e|b|r|e|n|d|e|r|,102210fe594ee9b33d82058545b1ed14f4c8206e,ContentfulSpeedIndex,amazon,True,amazon ContentfulSpeedIndex opt fission warm webrender,,77,ms,firefox,,1816361859,2023-12-22T13:33:45,157.3,3189af86c93aef59c4fc9363b40f92eb4ef0358f,1352859
autoland,3870186,13,f36c3750a6bc0db1e2bc910e5f3a3acace5985a7,windows10-64-shippable-qr,True,False,,|f|i|s|s|i|o|n| |w|a|r|m| |w|e|b|r|e|n|d|e|r|,102210fe594ee9b33d82058545b1ed14f4c8206e,ContentfulSpeedIndex,amazon,True,amazon ContentfulSpeedIndex opt fission warm webrender,,77,ms,firefox,,1816380577,2023-12-22T13:41:08,175.2,8cd1fc9da2b45034679cc880c08d91e84d8e9516,1352862
autoland,3870186,13,f36c3750a6bc0db1e2bc910e5f3a3acace5985a7,windows10-64-shippable-qr,True,False,,|f|i|s|s|i|o|n| |w|a|r|m| |w|e|b|r|e|n|d|e|r|,102210fe594ee9b33d82058545b1ed14f4c8206e,ContentfulSpeedIndex,amazon,True,amazon ContentfulSpeedIndex opt fission warm webrender,,77,ms,firefox,,1816488297,2023-12-22T19:27:05,178.4,ac9f813bbc0f39b5e52be4229972795f2ca6309b,1353028
autoland,3870186,13,f36c3750a6bc0db1e2bc910e5f3a3acace5985a7,windows10-64-shippable-qr,True,False,,|f|i|s|s|i|o|n| |w|a|r|m| |w|e|b|r|e|n|d|e|r|,102210fe594ee9b33d82058545b1ed14f4c8206e,ContentfulSpeedIndex,amazon,True,amazon ContentfulSpeedIndex opt fission warm webrender,,77,ms,firefox,,1816588374,2023-12-23T00:08:27,163.6,58581f618255e51b846d0792b6abc3e5c2c67d51,1353154
autoland,3870186,13,f36c3750a6bc0db1e2bc910e5f3a3acace5985a7,windows10-64-shippable-qr,True,False,,|f|i|s|s|i|o|n| |w|a|r|m| |w|e|b|r|e|n|d|e|r|,102210fe594ee9b33d82058545b1ed14f4c8206e,ContentfulSpeedIndex,amazon,True,amazon ContentfulSpeedIndex opt fission warm webrender,,77,ms,firefox,,1816641786,2023-12-23T05:47:03,154.6,8b92fb4e3f41d856629818bd2ecfc25bed23a643,1353193
autoland,3870186,13,f36c3750a6bc0db1e2bc910e5f3a3acace5985a7,windows10-64-shippable-qr,True,False,,|f|i|s|s|i|o|n| |w|a|r|m| |w|e|b|r|e|n|d|e|r|,102210fe594ee9b33d82058545b1ed14f4c8206e,ContentfulSpeedIndex,amazon,True,amazon ContentfulSpeedIndex opt fission warm webrender,,77,ms,firefox,,1816684669,2023-12-23T08:44:57,173.8,6f7de1b98becd7269380a213d3eff367b81efe72,1353213
autoland,3870186,13,f36c3750a6bc0db1e2bc910e5f3a3acace5985a7,windows10-64-shippable-qr,True,False,,|f|i|s|s|i|o|n| |w|a|r|m| |w|e|b|r|e|n|d|e|r|,102210fe594ee9b33d82058545b1ed14f4c8206e,ContentfulSpeedIndex,amazon,True,amazon ContentfulSpeedIndex opt fission warm webrender,,77,ms,firefox,,1816773306,2023-12-23T15:53:06,172.7,e6f85355d2f352d6bc64a11372bc8efc1ced07b8,1353251
autoland,3870186,13,f36c3750a6bc0db1e2bc910e5f3a3acace5985a7,windows10-64-shippable-qr,True,False,,|f|i|s|s|i|o|n| |w|a|r|m| |w|e|b|r|e|n|d|e|r|,102210fe594ee9b33d82058545b1ed14f4c8206e,ContentfulSpeedIndex,amazon,True,amazon ContentfulSpeedIndex opt fission warm webrender,,77,ms,firefox,,1816843724,2023-12-24T06:04:04,180.7,0f896a4a54629904c55cc5e18aa1f6e387c9a697,1353282
autoland,3870186,13,f36c3750a6bc0db1e2bc910e5f3a3acace5985a7,windows10-64-shippable-qr,True,False,,|f|i|s|s|i|o|n| |w|a|r|m| |w|e|b|r|e|n|d|e|r|,102210fe594ee9b33d82058545b1ed14f4c8206e,ContentfulSpeedIndex,amazon,True,amazon ContentfulSpeedIndex opt fission warm webrender,,77,ms,firefox,,1816927122,2023-12-24T13:46:59,157.8,a15215077df33152e936203ec411ea07343a3f36,1353302
autoland,3870186,13,f36c3750a6bc0db1e2bc910e5f3a3acace5985a7,windows10-64-shippable-qr,True,False,,|f|i|s|s|i|o|n| |w|a|r|m| |w|e|b|r|e|n|d|e|r|,102210fe594ee9b33d82058545b1ed14f4c8206e,ContentfulSpeedIndex,amazon,True,amazon ContentfulSpeedIndex opt fission warm webrender,,77,ms,firefox,,1816983938,2023-12-24T18:13:48,168.2,65471d13c8aaa5b3c5aa872ca12360b7f26ad6e0,1353317
autoland,3870186,13,f36c3750a6bc0db1e2bc910e5f3a3acace5985a7,windows10-64-shippable-qr,True,False,,|f|i|s|s|i|o|n| |w|a|r|m| |w|e|b|r|e|n|d|e|r|,102210fe594ee9b33d82058545b1ed14f4c8206e,ContentfulSpeedIndex,amazon,True,amazon ContentfulSpeedIndex opt fission warm webrender,,77,ms,firefox,,1817044870,2023-12-25T01:21:58,162.4,29784c387017c900dc842f070d5cd88464dfc494,1353335
autoland,3870186,13,f36c3750a6bc0db1e2bc910e5f3a3acace5985a7,windows10-64-shippable-qr,True,False,,|f|i|s|s|i|o|n| |w|a|r|m| |w|e|b|r|e|n|d|e|r|,102210fe594ee9b33d82058545b1ed14f4c8206e,ContentfulSpeedIndex,amazon,True,amazon ContentfulSpeedIndex opt fission warm webrender,,77,ms,firefox,,1817087119,2023-12-25T05:53:22,172.0,f69f493b2f3cde5ef4b46b9675cfd4708287666e,1353343
autoland,3870186,13,f36c3750a6bc0db1e2bc910e5f3a3acace5985a7,windows10-64-shippable-qr,True,False,,|f|i|s|s|i|o|n| |w|a|r|m| |w|e|b|r|e|n|d|e|r|,102210fe594ee9b33d82058545b1ed14f4c8206e,ContentfulSpeedIndex,amazon,True,amazon ContentfulSpeedIndex opt fission warm webrender,,77,ms,firefox,,1817177116,2023-12-25T12:57:04,169.2,b9600c5aa59e300200656691d1f1997593caafbd,1353372
autoland,3870186,13,f36c3750a6bc0db1e2bc910e5f3a3acace5985a7,windows10-64-shippable-qr,True,False,,|f|i|s|s|i|o|n| |w|a|r|m| |w|e|b|r|e|n|d|e|r|,102210fe594ee9b33d82058545b1ed14f4c8206e,ContentfulSpeedIndex,amazon,True,amazon ContentfulSpeedIndex opt fission warm webrender,,77,ms,firefox,,1817198835,2023-12-25T17:10:06,173.1,fdd85a789550f85e20e7b7128f2b3316cbc76640,1353386
autoland,3870186,13,f36c3750a6bc0db1e2bc910e5f3a3acace5985a7,windows10-64-shippable-qr,True,False,,|f|i|s|s|i|o|n| |w|a|r|m| |w|e|b|r|e|n|d|e|r|,102210fe594ee9b33d82058545b1ed14f4c8206e,ContentfulSpeedIndex,amazon,True,amazon ContentfulSpeedIndex opt fission warm webrender,,77,ms,firefox,,1817234727,2023-12-25T21:32:12,167.6,ba6abbd36b496501cea141e17b61af674a18e279,1353402
autoland,3870186,13,f36c3750a6bc0db1e2bc910e5f3a3acace5985a7,windows10-64-shippable-qr,True,False,,|f|i|s|s|i|o|n| |w|a|r|m| |w|e|b|r|e|n|d|e|r|,102210fe594ee9b33d82058545b1ed14f4c8206e,ContentfulSpeedIndex,amazon,True,amazon ContentfulSpeedIndex opt fission warm webrender,,77,ms,firefox,441391277,1817289774,2023-12-26T03:31:03,163.4,280c0b4dd9140984e6177c89f5858ceac6ae0107,1353431
autoland,3870186,13,f36c3750a6bc0db1e2bc910e5f3a3acace5985a7,windows10-64-shippable-qr,True,False,,|f|i|s|s|i|o|n| |w|a|r|m| |w|e|b|r|e|n|d|e|r|,102210fe594ee9b33d82058545b1ed14f4c8206e,ContentfulSpeedIndex,amazon,True,amazon ContentfulSpeedIndex opt fission warm webrender,,77,ms,firefox,441401694,1817381996,2023-12-26T07:50:55,170.4,7503b1d6a430d23303b6ec356b3388951a1eca83,1353461
autoland,3870186,13,f36c3750a6bc0db1e2bc910e5f3a3acace5985a7,windows10-64-shippable-qr,True,False,,|f|i|s|s|i|o|n| |w|a|r|m| |w|e|b|r|e|n|d|e|r|,102210fe594ee9b33d82058545b1ed14f4c8206e,ContentfulSpeedIndex,amazon,True,amazon ContentfulSpeedIndex opt fission warm webrender,,77,ms,firefox,441423498,1817458371,2023-12-26T11:52:29,157.2,807f04c86e5d02f04afa662ade3d505a80a4f660,1353488
autoland,3870186,13,f36c3750a6bc0db1e2bc910e5f3a3acace5985a7,windows10-64-shippable-qr,True,False,,|f|i|s|s|i|o|n| |w|a|r|m| |w|e|b|r|e|n|d|e|r|,102210fe594ee9b33d82058545b1ed14f4c8206e,ContentfulSpeedIndex,amazon,True,amazon ContentfulSpeedIndex opt fission warm webrender,,77,ms,firefox,441452057,1817558337,2023-12-27T02:56:18,174.9,6d9a0abd0a3c26f4337aff723c15795fe91fe884,1353555
autoland,3870186,13,f36c3750a6bc0db1e2bc910e5f3a3acace5985a7,windows10-64-shippable-qr,True,False,,|f|i|s|s|i|o|n| |w|a|r|m| |w|e|b|r|e|n|d|e|r|,102210fe594ee9b33d82058545b1ed14f4c8206e,ContentfulSpeedIndex,amazon,True,amazon ContentfulSpeedIndex opt fission warm webrender,,77,ms,firefox,441493170,1817738120,2023-12-27T14:58:54,163.3,856e86584c4c811f064f93e2b734dd374c787eaf,1353654
autoland,3870186,13,f36c3750a6bc0db1e2bc910e5f3a3acace5985a7,windows10-64-shippable-qr,True,False,,|f|i|s|s|i|o|n| |w|a|r|m| |w|e|b|r|e|n|d|e|r|,102210fe594ee9b33d82058545b1ed14f4c8206e,ContentfulSpeedIndex,amazon,True,amazon ContentfulSpeedIndex opt fission warm webrender,,77,ms,firefox,441511185,1817838559,2023-12-27T20:22:55,179.3,97a27d8a860d5bd8ab2962d2f0e5e376287e527c,1353722
autoland,3870186,13,f36c3750a6bc0db1e2bc910e5f3a3acace5985a7,windows10-64-shippable-qr,True,False,,|f|i|s|s|i|o|n| |w|a|r|m| |w|e|b|r|e|n|d|e|r|,102210fe594ee9b33d82058545b1ed14f4c8206e,ContentfulSpeedIndex,amazon,True,amazon ContentfulSpeedIndex opt fission warm webrender,,77,ms,firefox,441528483,1817909936,2023-12-28T01:36:38,174.2,00fe06571a66e6773ca7801e6747493299cf4bda,1353793
autoland,3870186,13,f36c3750a6bc0db1e2bc910e5f3a3acace5985a7,windows10-64-shippable-qr,True,False,,|f|i|s|s|i|o|n| |w|a|r|m| |w|e|b|r|e|n|d|e|r|,102210fe594ee9b33d82058545b1ed14f4c8206e,ContentfulSpeedIndex,amazon,True,amazon ContentfulSpeedIndex opt fission warm webrender,,77,ms,firefox,441558939,1818131331,2023-12-28T13:32:35,167.4,10aa7423789835a7dbd24b0b44ad1ae2ad77b59b,1353834
autoland,3870186,13,f36c3750a6bc0db1e2bc910e5f3a3acace5985a7,windows10-64-shippable-qr,True,False,,|f|i|s|s|i|o|n| |w|a|r|m| |w|e|b|r|e|n|d|e|r|,102210fe594ee9b33d82058545b1ed14f4c8206e,ContentfulSpeedIndex,amazon,True,amazon ContentfulSpeedIndex opt fission warm webrender,,77,ms,firefox,441574677,1818183155,2023-12-28T17:48:27,167.5,659e4e8345823ce8331b67df6c3865b76063e2c2,1353939
autoland,3870186,13,f36c3750a6bc0db1e2bc910e5f3a3acace5985a7,windows10-64-shippable-qr,True,False,,|f|i|s|s|i|o|n| |w|a|r|m| |w|e|b|r|e|n|d|e|r|,102210fe594ee9b33d82058545b1ed14f4c8206e,ContentfulSpeedIndex,amazon,True,amazon ContentfulSpeedIndex opt fission warm webrender,,77,ms,firefox,441601313,1818270061,2023-12-28T23:04:44,161.4,0bd8678e10b6f0eb1d7e16cfe010ca8856e2bfcc,1354003
autoland,3870186,13,f36c3750a6bc0db1e2bc910e5f3a3acace5985a7,windows10-64-shippable-qr,True,False,,|f|i|s|s|i|o|n| |w|a|r|m| |w|e|b|r|e|n|d|e|r|,102210fe594ee9b33d82058545b1ed14f4c8206e,ContentfulSpeedIndex,amazon,True,amazon ContentfulSpeedIndex opt fission warm webrender,,77,ms,firefox,441710724,1818700230,2023-12-28T23:05:25,176.1,94b0152f259ce9de504474454b05fc7c8bbfc2d7,1354004
autoland,3870186,13,f36c3750a6bc0db1e2bc910e5f3a3acace5985a7,windows10-64-shippable-qr,True,False,,|f|i|s|s|i|o|n| |w|a|r|m| |w|e|b|r|e|n|d|e|r|,102210fe594ee9b33d82058545b1ed14f4c8206e,ContentfulSpeedIndex,amazon,True,amazon ContentfulSpeedIndex opt fission warm webrender,,77,ms,firefox,441710525,1818695723,2023-12-29T00:42:39,160.4,3044b295163bf51b01ccef2119d14af563f23a89,1354024
autoland,3870186,13,f36c3750a6bc0db1e2bc910e5f3a3acace5985a7,windows10-64-shippable-qr,True,False,,|f|i|s|s|i|o|n| |w|a|r|m| |w|e|b|r|e|n|d|e|r|,102210fe594ee9b33d82058545b1ed14f4c8206e,ContentfulSpeedIndex,amazon,True,amazon ContentfulSpeedIndex opt fission warm webrender,,77,ms,firefox,441618147,1818376464,2023-12-29T05:51:26,163.0,25b973ec90316da3daa35b031e4a4e089d70443a,1354078
autoland,3870186,13,f36c3750a6bc0db1e2bc910e5f3a3acace5985a7,windows10-64-shippable-qr,True,False,,|f|i|s|s|i|o|n| |w|a|r|m| |w|e|b|r|e|n|d|e|r|,102210fe594ee9b33d82058545b1ed14f4c8206e,ContentfulSpeedIndex,amazon,True,amazon ContentfulSpeedIndex opt fission warm webrender,,77,ms,firefox,441663297,1818498597,2023-12-29T14:24:04,177.3,4d00abb11b573ff386a9f02816ff81f2030e6dfe,1354164
autoland,3870186,13,f36c3750a6bc0db1e2bc910e5f3a3acace5985a7,windows10-64-shippable-qr,True,False,,|f|i|s|s|i|o|n| |w|a|r|m| |w|e|b|r|e|n|d|e|r|,102210fe594ee9b33d82058545b1ed14f4c8206e,ContentfulSpeedIndex,amazon,True,amazon ContentfulSpeedIndex opt fission warm webrender,,77,ms,firefox,441670372,1818530271,2023-12-29T16:09:29,166.4,52b5c5b51719976906d668db1cd59b2b49315565,1354179
autoland,3870186,13,f36c3750a6bc0db1e2bc910e5f3a3acace5985a7,windows10-64-shippable-qr,True,False,,|f|i|s|s|i|o|n| |w|a|r|m| |w|e|b|r|e|n|d|e|r|,102210fe594ee9b33d82058545b1ed14f4c8206e,ContentfulSpeedIndex,amazon,True,amazon ContentfulSpeedIndex opt fission warm webrender,,77,ms,firefox,441691523,1818603552,2023-12-29T20:10:09,166.4,8d822c618985176a1d4ebc4eedcd5a388e798418,1354279
autoland,3870186,13,f36c3750a6bc0db1e2bc910e5f3a3acace5985a7,windows10-64-shippable-qr,True,False,,|f|i|s|s|i|o|n| |w|a|r|m| |w|e|b|r|e|n|d|e|r|,102210fe594ee9b33d82058545b1ed14f4c8206e,ContentfulSpeedIndex,amazon,True,amazon ContentfulSpeedIndex opt fission warm webrender,,77,ms,firefox,441708009,1818670010,2023-12-30T03:46:41,168.4,15c3c77f07b45a04b27a42ab403aadaaed857fff,1354316
autoland,3870186,13,f36c3750a6bc0db1e2bc910e5f3a3acace5985a7,windows10-64-shippable-qr,True,False,,|f|i|s|s|i|o|n| |w|a|r|m| |w|e|b|r|e|n|d|e|r|,102210fe594ee9b33d82058545b1ed14f4c8206e,ContentfulSpeedIndex,amazon,True,amazon ContentfulSpeedIndex opt fission warm webrender,,77,ms,firefox,441717718,1818731842,2023-12-30T08:00:00,176.2,9660032084db64efbe9cbbf4c47a38d0a6c36c9f,1354351
autoland,3870186,13,f36c3750a6bc0db1e2bc910e5f3a3acace5985a7,windows10-64-shippable-qr,True,False,,|f|i|s|s|i|o|n| |w|a|r|m| |w|e|b|r|e|n|d|e|r|,102210fe594ee9b33d82058545b1ed14f4c8206e,ContentfulSpeedIndex,amazon,True,amazon ContentfulSpeedIndex opt fission warm webrender,,77,ms,firefox,441744801,1818817943,2023-12-30T12:53:05,169.2,94ab264a143c3086d948c401c047297f01b76527,1354380
autoland,3870186,13,f36c3750a6bc0db1e2bc910e5f3a3acace5985a7,windows10-64-shippable-qr,True,False,,|f|i|s|s|i|o|n| |w|a|r|m| |w|e|b|r|e|n|d|e|r|,102210fe594ee9b33d82058545b1ed14f4c8206e,ContentfulSpeedIndex,amazon,True,amazon ContentfulSpeedIndex opt fission warm webrender,,77,ms,firefox,441760276,1818914045,2023-12-30T17:18:37,177.7,3e9c9290e422e1f39255953e22e3d8bfe8234425,1354396
autoland,3870186,13,f36c3750a6bc0db1e2bc910e5f3a3acace5985a7,windows10-64-shippable-qr,True,False,,|f|i|s|s|i|o|n| |w|a|r|m| |w|e|b|r|e|n|d|e|r|,102210fe594ee9b33d82058545b1ed14f4c8206e,ContentfulSpeedIndex,amazon,True,amazon ContentfulSpeedIndex opt fission warm webrender,,77,ms,firefox,441778162,1818976708,2023-12-31T00:47:53,168.7,be0bfc7f906523649c68f45d4b25ca752bfc701c,1354421
autoland,3870186,13,f36c3750a6bc0db1e2bc910e5f3a3acace5985a7,windows10-64-shippable-qr,True,False,,|f|i|s|s|i|o|n| |w|a|r|m| |w|e|b|r|e|n|d|e|r|,102210fe594ee9b33d82058545b1ed14f4c8206e,ContentfulSpeedIndex,amazon,True,amazon ContentfulSpeedIndex opt fission warm webrender,,77,ms,firefox,441810521,1819132358,2023-12-31T16:29:03,174.7,30b0d1ecdc26a3e4753bef7807739106282ed827,1354470
autoland,3870186,13,f36c3750a6bc0db1e2bc910e5f3a3acace5985a7,windows10-64-shippable-qr,True,False,,|f|i|s|s|i|o|n| |w|a|r|m| |w|e|b|r|e|n|d|e|r|,102210fe594ee9b33d82058545b1ed14f4c8206e,ContentfulSpeedIndex,amazon,True,amazon ContentfulSpeedIndex opt fission warm webrender,,77,ms,firefox,441824056,1819198075,2023-12-31T21:56:05,180.4,430d1a5b377307a1050c23ae96cab333c5a33be8,1354489
autoland,3870186,13,f36c3750a6bc0db1e2bc910e5f3a3acace5985a7,windows10-64-shippable-qr,True,False,,|f|i|s|s|i|o|n| |w|a|r|m| |w|e|b|r|e|n|d|e|r|,102210fe594ee9b33d82058545b1ed14f4c8206e,ContentfulSpeedIndex,amazon,True,amazon ContentfulSpeedIndex opt fission warm webrender,,77,ms,firefox,441853991,1819343846,2024-01-01T15:22:20,161.5,da3b8f5f832d95192044762406363fda8d55ef19,1354571
autoland,3870186,13,f36c3750a6bc0db1e2bc910e5f3a3acace5985a7,windows10-64-shippable-qr,True,False,,|f|i|s|s|i|o|n| |w|a|r|m| |w|e|b|r|e|n|d|e|r|,102210fe594ee9b33d82058545b1ed14f4c8206e,ContentfulSpeedIndex,amazon,True,amazon ContentfulSpeedIndex opt fission warm webrender,,77,ms,firefox,441854781,1819357856,2024-01-01T20:27:36,173.4,42461c8e1289d1829e0902914b12524c1fffa0a1,1354574
autoland,3870186,13,f36c3750a6bc0db1e2bc910e5f3a3acace5985a7,windows10-64-shippable-qr,True,False,,|f|i|s|s|i|o|n| |w|a|r|m| |w|e|b|r|e|n|d|e|r|,102210fe594ee9b33d82058545b1ed14f4c8206e,ContentfulSpeedIndex,amazon,True,amazon ContentfulSpeedIndex opt fission warm webrender,,77,ms,firefox,441877540,1819452866,2024-01-02T07:16:40,169.9,60c369c930dc96abae06a2e0ad6833a3574b803f,1354603
autoland,3870186,13,f36c3750a6bc0db1e2bc910e5f3a3acace5985a7,windows10-64-shippable-qr,True,False,,|f|i|s|s|i|o|n| |w|a|r|m| |w|e|b|r|e|n|d|e|r|,102210fe594ee9b33d82058545b1ed14f4c8206e,ContentfulSpeedIndex,amazon,True,amazon ContentfulSpeedIndex opt fission warm webrender,,77,ms,firefox,441981161,1819848316,2024-01-02T07:48:01,170.4,3e05dc8db1ec11547dde5a9576bfa988ec85e008,1354607
autoland,3870186,13,f36c3750a6bc0db1e2bc910e5f3a3acace5985a7,windows10-64-shippable-qr,True,False,,|f|i|s|s|i|o|n| |w|a|r|m| |w|e|b|r|e|n|d|e|r|,102210fe594ee9b33d82058545b1ed14f4c8206e,ContentfulSpeedIndex,amazon,True,amazon ContentfulSpeedIndex opt fission warm webrender,,77,ms,firefox,441981246,1819871463,2024-01-02T07:56:01,177.7,88de278b4ca970bf360b8c46789f60f0f7373dd6,1354609
autoland,3870186,13,f36c3750a6bc0db1e2bc910e5f3a3acace5985a7,windows10-64-shippable-qr,True,False,,|f|i|s|s|i|o|n| |w|a|r|m| |w|e|b|r|e|n|d|e|r|,102210fe594ee9b33d82058545b1ed14f4c8206e,ContentfulSpeedIndex,amazon,True,amazon ContentfulSpeedIndex opt fission warm webrender,,77,ms,firefox,441982897,1819874487,2024-01-02T10:31:22,167.9,1ca3d1972e2da3c924dd8d01116dd1bc30797306,1354659
autoland,3870186,13,f36c3750a6bc0db1e2bc910e5f3a3acace5985a7,windows10-64-shippable-qr,True,False,,|f|i|s|s|i|o|n| |w|a|r|m| |w|e|b|r|e|n|d|e|r|,102210fe594ee9b33d82058545b1ed14f4c8206e,ContentfulSpeedIndex,amazon,True,amazon ContentfulSpeedIndex opt fission warm webrender,,77,ms,firefox,441907489,1819555319,2024-01-02T11:19:41,173.9,399d9781e72b3a4a01e67c7f902f80c9df9da386,1354672
autoland,3870186,13,f36c3750a6bc0db1e2bc910e5f3a3acace5985a7,windows10-64-shippable-qr,True,False,,|f|i|s|s|i|o|n| |w|a|r|m| |w|e|b|r|e|n|d|e|r|,102210fe594ee9b33d82058545b1ed14f4c8206e,ContentfulSpeedIndex,amazon,True,amazon ContentfulSpeedIndex opt fission warm webrender,,77,ms,firefox,441938499,1819677122,2024-01-02T15:21:54,173.2,9f15f6c0236cc27aa82549841609068645c13445,1354784
autoland,3870186,13,f36c3750a6bc0db1e2bc910e5f3a3acace5985a7,windows10-64-shippable-qr,True,False,,|f|i|s|s|i|o|n| |w|a|r|m| |w|e|b|r|e|n|d|e|r|,102210fe594ee9b33d82058545b1ed14f4c8206e,ContentfulSpeedIndex,amazon,True,amazon ContentfulSpeedIndex opt fission warm webrender,,77,ms,firefox,441931874,1819635824,2024-01-02T15:38:43,171.2,c44f0d09630a8cf36dac42c4eb31bf2a9395bf90,1354794
autoland,3870186,13,f36c3750a6bc0db1e2bc910e5f3a3acace5985a7,windows10-64-shippable-qr,True,False,,|f|i|s|s|i|o|n| |w|a|r|m| |w|e|b|r|e|n|d|e|r|,102210fe594ee9b33d82058545b1ed14f4c8206e,ContentfulSpeedIndex,amazon,True,amazon ContentfulSpeedIndex opt fission warm webrender,,77,ms,firefox,441958495,1819777516,2024-01-02T20:40:29,166.3,cc67c788cded515a24f96c72c8a12b87a2cd1b3a,1354935
autoland,3870186,13,f36c3750a6bc0db1e2bc910e5f3a3acace5985a7,windows10-64-shippable-qr,True,False,,|f|i|s|s|i|o|n| |w|a|r|m| |w|e|b|r|e|n|d|e|r|,102210fe594ee9b33d82058545b1ed14f4c8206e,ContentfulSpeedIndex,amazon,True,amazon ContentfulSpeedIndex opt fission warm webrender,,77,ms,firefox,441995485,1819926038,2024-01-03T08:18:49,175.4,655286516798565db497786ca92d9a8f7f7744bf,1355061
autoland,3870186,13,f36c3750a6bc0db1e2bc910e5f3a3acace5985a7,windows10-64-shippable-qr,True,False,,|f|i|s|s|i|o|n| |w|a|r|m| |w|e|b|r|e|n|d|e|r|,102210fe594ee9b33d82058545b1ed14f4c8206e,ContentfulSpeedIndex,amazon,True,amazon ContentfulSpeedIndex opt fission warm webrender,,77,ms,firefox,442029959,1820000735,2024-01-03T12:27:12,159.8,9ea90dc23395fc3e2d9d2bd18598cc49434eeff1,1355126
autoland,3870186,13,f36c3750a6bc0db1e2bc910e5f3a3acace5985a7,windows10-64-shippable-qr,True,False,,|f|i|s|s|i|o|n| |w|a|r|m| |w|e|b|r|e|n|d|e|r|,102210fe594ee9b33d82058545b1ed14f4c8206e,ContentfulSpeedIndex,amazon,True,amazon ContentfulSpeedIndex opt fission warm webrender,,77,ms,firefox,442053638,1820135904,2024-01-03T16:19:36,158.0,6aab4af4cab879cc95debd549578bc909a21cff7,1355230
autoland,3870186,13,f36c3750a6bc0db1e2bc910e5f3a3acace5985a7,windows10-64-shippable-qr,True,False,,|f|i|s|s|i|o|n| |w|a|r|m| |w|e|b|r|e|n|d|e|r|,102210fe594ee9b33d82058545b1ed14f4c8206e,ContentfulSpeedIndex,amazon,True,amazon ContentfulSpeedIndex opt fission warm webrender,,77,ms,firefox,442075807,1820226304,2024-01-03T20:41:01,165.7,c5a68fbf81d038a69c4e9be728d50030fd0d6271,1355381
autoland,3870186,13,f36c3750a6bc0db1e2bc910e5f3a3acace5985a7,windows10-64-shippable-qr,True,False,,|f|i|s|s|i|o|n| |w|a|r|m| |w|e|b|r|e|n|d|e|r|,102210fe594ee9b33d82058545b1ed14f4c8206e,ContentfulSpeedIndex,amazon,True,amazon ContentfulSpeedIndex opt fission warm webrender,,77,ms,firefox,442076030,1820239993,2024-01-03T20:57:48,167.6,d071b2f4ff07e1815cfa6650ffafb87c9b7e9fb1,1355389
autoland,3870186,13,f36c3750a6bc0db1e2bc910e5f3a3acace5985a7,windows10-64-shippable-qr,True,False,,|f|i|s|s|i|o|n| |w|a|r|m| |w|e|b|r|e|n|d|e|r|,102210fe594ee9b33d82058545b1ed14f4c8206e,ContentfulSpeedIndex,amazon,True,amazon ContentfulSpeedIndex opt fission warm webrender,,77,ms,firefox,442097897,1820321202,2024-01-04T01:41:43,172.5,99d5c9d12fe8a000d9b092346826d2101720ee5f,1355473
autoland,3870186,13,f36c3750a6bc0db1e2bc910e5f3a3acace5985a7,windows10-64-shippable-qr,True,False,,|f|i|s|s|i|o|n| |w|a|r|m| |w|e|b|r|e|n|d|e|r|,102210fe594ee9b33d82058545b1ed14f4c8206e,ContentfulSpeedIndex,amazon,True,amazon ContentfulSpeedIndex opt fission warm webrender,,77,ms,firefox,442109017,1820391657,2024-01-04T05:54:21,170.7,c285a1e59436529ca8d4acd4acf55d45e4277b1b,1355496
autoland,3870186,13,f36c3750a6bc0db1e2bc910e5f3a3acace5985a7,windows10-64-shippable-qr,True,False,,|f|i|s|s|i|o|n| |w|a|r|m| |w|e|b|r|e|n|d|e|r|,102210fe594ee9b33d82058545b1ed14f4c8206e,ContentfulSpeedIndex,amazon,True,amazon ContentfulSpeedIndex opt fission warm webrender,,77,ms,firefox,442141143,1820496215,2024-01-04T11:10:14,165.5,740351987a4ee46ea2c571e5824e859680bda968,1355581
autoland,3870186,13,f36c3750a6bc0db1e2bc910e5f3a3acace5985a7,windows10-64-shippable-qr,True,False,,|f|i|s|s|i|o|n| |w|a|r|m| |w|e|b|r|e|n|d|e|r|,102210fe594ee9b33d82058545b1ed14f4c8206e,ContentfulSpeedIndex,amazon,True,amazon ContentfulSpeedIndex opt fission warm webrender,,77,ms,firefox,442178944,1820670381,2024-01-04T15:17:03,171.8,45533d2448ef281f6e604ca7626c0a6ecce3e188,1355683
autoland,3870186,13,f36c3750a6bc0db1e2bc910e5f3a3acace5985a7,windows10-64-shippable-qr,True,False,,|f|i|s|s|i|o|n| |w|a|r|m| |w|e|b|r|e|n|d|e|r|,102210fe594ee9b33d82058545b1ed14f4c8206e,ContentfulSpeedIndex,amazon,True,amazon ContentfulSpeedIndex opt fission warm webrender,,77,ms,firefox,442173757,1820594608,2024-01-04T15:42:51,178.0,0a133d5fd15504b371307e44739e8f97c80096b9,1355702
autoland,3870186,13,f36c3750a6bc0db1e2bc910e5f3a3acace5985a7,windows10-64-shippable-qr,True,False,,|f|i|s|s|i|o|n| |w|a|r|m| |w|e|b|r|e|n|d|e|r|,102210fe594ee9b33d82058545b1ed14f4c8206e,ContentfulSpeedIndex,amazon,True,amazon ContentfulSpeedIndex opt fission warm webrender,,77,ms,firefox,442200538,1820747889,2024-01-04T19:37:18,176.5,048b65210703dec3aec972f180b52548b2664f7d,1355859
autoland,3870186,13,f36c3750a6bc0db1e2bc910e5f3a3acace5985a7,windows10-64-shippable-qr,True,False,,|f|i|s|s|i|o|n| |w|a|r|m| |w|e|b|r|e|n|d|e|r|,102210fe594ee9b33d82058545b1ed14f4c8206e,ContentfulSpeedIndex,amazon,True,amazon ContentfulSpeedIndex opt fission warm webrender,,77,ms,firefox,442254213,1821045927,2024-01-04T20:17:07,169.2,e3fea180f63a43f43dcc79e23886260f8127de0b,1355885
autoland,3870186,13,f36c3750a6bc0db1e2bc910e5f3a3acace5985a7,windows10-64-shippable-qr,True,False,,|f|i|s|s|i|o|n| |w|a|r|m| |w|e|b|r|e|n|d|e|r|,102210fe594ee9b33d82058545b1ed14f4c8206e,ContentfulSpeedIndex,amazon,True,amazon ContentfulSpeedIndex opt fission warm webrender,,77,ms,firefox,442254433,1821060263,2024-01-04T20:21:02,163.1,db832cc2d4e687b96654cf986f58183ba6ec8190,1355889
autoland,3870186,13,f36c3750a6bc0db1e2bc910e5f3a3acace5985a7,windows10-64-shippable-qr,True,False,,|f|i|s|s|i|o|n| |w|a|r|m| |w|e|b|r|e|n|d|e|r|,102210fe594ee9b33d82058545b1ed14f4c8206e,ContentfulSpeedIndex,amazon,True,amazon ContentfulSpeedIndex opt fission warm webrender,,77,ms,firefox,442238435,1820929721,2024-01-05T00:18:01,178.8,84d53ee96a81d7e514d24d1fb3160e91d9cee533,1356034
autoland,3870186,13,f36c3750a6bc0db1e2bc910e5f3a3acace5985a7,windows10-64-shippable-qr,True,False,,|f|i|s|s|i|o|n| |w|a|r|m| |w|e|b|r|e|n|d|e|r|,102210fe594ee9b33d82058545b1ed14f4c8206e,ContentfulSpeedIndex,amazon,True,amazon ContentfulSpeedIndex opt fission warm webrender,,77,ms,firefox,442239213,1820970748,2024-01-05T00:22:57,188.9,fab155eb519c68377a585ffdc537174653ab847b,1356036
autoland,3870186,13,f36c3750a6bc0db1e2bc910e5f3a3acace5985a7,windows10-64-shippable-qr,True,False,,|f|i|s|s|i|o|n| |w|a|r|m| |w|e|b|r|e|n|d|e|r|,102210fe594ee9b33d82058545b1ed14f4c8206e,ContentfulSpeedIndex,amazon,True,amazon ContentfulSpeedIndex opt fission warm webrender,,77,ms,firefox,442253732,1821040731,2024-01-05T04:43:02,179.8,376266ac23d50822ae8c18d60d1577f0b89b7c03,1356081
autoland,3870186,13,f36c3750a6bc0db1e2bc910e5f3a3acace5985a7,windows10-64-shippable-qr,True,False,,|f|i|s|s|i|o|n| |w|a|r|m| |w|e|b|r|e|n|d|e|r|,102210fe594ee9b33d82058545b1ed14f4c8206e,ContentfulSpeedIndex,amazon,True,amazon ContentfulSpeedIndex opt fission warm webrender,,77,ms,firefox,442267277,1821092707,2024-01-05T08:43:49,170.9,fa9bfcd5f0dbd19a8aaafddc25f6f73e4bcfd484,1356147
autoland,3870186,13,f36c3750a6bc0db1e2bc910e5f3a3acace5985a7,windows10-64-shippable-qr,True,False,,|f|i|s|s|i|o|n| |w|a|r|m| |w|e|b|r|e|n|d|e|r|,102210fe594ee9b33d82058545b1ed14f4c8206e,ContentfulSpeedIndex,amazon,True,amazon ContentfulSpeedIndex opt fission warm webrender,,77,ms,firefox,442305990,1821200115,2024-01-05T12:49:29,178.5,30bc5759ffcd80a2febc0a054214a3c910d31aea,1356208
autoland,3870186,13,f36c3750a6bc0db1e2bc910e5f3a3acace5985a7,windows10-64-shippable-qr,True,False,,|f|i|s|s|i|o|n| |w|a|r|m| |w|e|b|r|e|n|d|e|r|,102210fe594ee9b33d82058545b1ed14f4c8206e,ContentfulSpeedIndex,amazon,True,amazon ContentfulSpeedIndex opt fission warm webrender,,77,ms,firefox,442336740,1821331324,2024-01-05T17:02:32,160.5,d2e417f0f208016a0a4e369e822a12e20ef4fc5f,1356351
autoland,3870186,13,f36c3750a6bc0db1e2bc910e5f3a3acace5985a7,windows10-64-shippable-qr,True,False,,|f|i|s|s|i|o|n| |w|a|r|m| |w|e|b|r|e|n|d|e|r|,102210fe594ee9b33d82058545b1ed14f4c8206e,ContentfulSpeedIndex,amazon,True,amazon ContentfulSpeedIndex opt fission warm webrender,,77,ms,firefox,442359641,1821430325,2024-01-05T19:52:18,158.5,567f5a81c44108f44c4e694af42be8f209da4c0a,1356444
autoland,3870186,13,f36c3750a6bc0db1e2bc910e5f3a3acace5985a7,windows10-64-shippable-qr,True,False,,|f|i|s|s|i|o|n| |w|a|r|m| |w|e|b|r|e|n|d|e|r|,102210fe594ee9b33d82058545b1ed14f4c8206e,ContentfulSpeedIndex,amazon,True,amazon ContentfulSpeedIndex opt fission warm webrender,,77,ms,firefox,442389654,1821567081,2024-01-05T22:36:58,158.1,0dece7636f83e4d8e406c0f28d75ab83079a80d8,1356512
autoland,3870186,13,f36c3750a6bc0db1e2bc910e5f3a3acace5985a7,windows10-64-shippable-qr,True,False,,|f|i|s|s|i|o|n| |w|a|r|m| |w|e|b|r|e|n|d|e|r|,102210fe594ee9b33d82058545b1ed14f4c8206e,ContentfulSpeedIndex,amazon,True,amazon ContentfulSpeedIndex opt fission warm webrender,,77,ms,firefox,442390603,1821584208,2024-01-05T22:37:55,164.6,d6443c86506e0e25a31501bde35b4baf10cbf339,1356513
autoland,3870186,13,f36c3750a6bc0db1e2bc910e5f3a3acace5985a7,windows10-64-shippable-qr,True,False,,|f|i|s|s|i|o|n| |w|a|r|m| |w|e|b|r|e|n|d|e|r|,102210fe594ee9b33d82058545b1ed14f4c8206e,ContentfulSpeedIndex,amazon,True,amazon ContentfulSpeedIndex opt fission warm webrender,,77,ms,firefox,442380506,1821503253,2024-01-06T00:04:36,170.7,2a86438878465bd10e251c52285e2455425bfeb9,1356549
autoland,3870186,13,f36c3750a6bc0db1e2bc910e5f3a3acace5985a7,windows10-64-shippable-qr,True,False,,|f|i|s|s|i|o|n| |w|a|r|m| |w|e|b|r|e|n|d|e|r|,102210fe594ee9b33d82058545b1ed14f4c8206e,ContentfulSpeedIndex,amazon,True,amazon ContentfulSpeedIndex opt fission warm webrender,,77,ms,firefox,442381654,1821510988,2024-01-06T00:21:54,176.6,ce6cf7dcf8b16c2a478f122f8bab575231c99881,1356554
autoland,3870186,13,f36c3750a6bc0db1e2bc910e5f3a3acace5985a7,windows10-64-shippable-qr,True,False,,|f|i|s|s|i|o|n| |w|a|r|m| |w|e|b|r|e|n|d|e|r|,102210fe594ee9b33d82058545b1ed14f4c8206e,ContentfulSpeedIndex,amazon,True,amazon ContentfulSpeedIndex opt fission warm webrender,,77,ms,firefox,442417983,1821699470,2024-01-06T12:48:14,161.6,b54f34f26a3a753076473795a42574f426a960ee,1356631
autoland,3870186,13,f36c3750a6bc0db1e2bc910e5f3a3acace5985a7,windows10-64-shippable-qr,True,False,,|f|i|s|s|i|o|n| |w|a|r|m| |w|e|b|r|e|n|d|e|r|,102210fe594ee9b33d82058545b1ed14f4c8206e,ContentfulSpeedIndex,amazon,True,amazon ContentfulSpeedIndex opt fission warm webrender,,77,ms,firefox,442426954,1821745973,2024-01-06T17:09:10,167.7,d6318b034527ed62918fa4fd893f093c084a6ccb,1356650
autoland,3870186,13,f36c3750a6bc0db1e2bc910e5f3a3acace5985a7,windows10-64-shippable-qr,True,False,,|f|i|s|s|i|o|n| |w|a|r|m| |w|e|b|r|e|n|d|e|r|,102210fe594ee9b33d82058545b1ed14f4c8206e,ContentfulSpeedIndex,amazon,True,amazon ContentfulSpeedIndex opt fission warm webrender,,77,ms,firefox,442442261,1821810547,2024-01-06T21:44:09,179.3,1d9422a3e1d878f2f2c54ef4e836faabebfdfc9a,1356666
autoland,3870186,13,f36c3750a6bc0db1e2bc910e5f3a3acace5985a7,windows10-64-shippable-qr,True,False,,|f|i|s|s|i|o|n| |w|a|r|m| |w|e|b|r|e|n|d|e|r|,102210fe594ee9b33d82058545b1ed14f4c8206e,ContentfulSpeedIndex,amazon,True,amazon ContentfulSpeedIndex opt fission warm webrender,,77,ms,firefox,442482300,1822028207,2024-01-07T23:26:49,158.0,47fc814524de5c30dfd7711cf3eda088303ad905,1356765
autoland,3870186,13,f36c3750a6bc0db1e2bc910e5f3a3acace5985a7,windows10-64-shippable-qr,True,False,,|f|i|s|s|i|o|n| |w|a|r|m| |w|e|b|r|e|n|d|e|r|,102210fe594ee9b33d82058545b1ed14f4c8206e,ContentfulSpeedIndex,amazon,True,amazon ContentfulSpeedIndex opt fission warm webrender,,77,ms,firefox,442486744,1822055534,2024-01-08T02:39:55,170.1,750c44842f26873f40a2d09bc4ee94ecc4c39997,1356771
autoland,3870186,13,f36c3750a6bc0db1e2bc910e5f3a3acace5985a7,windows10-64-shippable-qr,True,False,,|f|i|s|s|i|o|n| |w|a|r|m| |w|e|b|r|e|n|d|e|r|,102210fe594ee9b33d82058545b1ed14f4c8206e,ContentfulSpeedIndex,amazon,True,amazon ContentfulSpeedIndex opt fission warm webrender,,77,ms,firefox,442532221,1822210655,2024-01-08T11:59:03,169.1,f0a524f0a0085554a1bfdfe1320ee1e87caf7a94,1356886
autoland,3870186,13,f36c3750a6bc0db1e2bc910e5f3a3acace5985a7,windows10-64-shippable-qr,True,False,,|f|i|s|s|i|o|n| |w|a|r|m| |w|e|b|r|e|n|d|e|r|,102210fe594ee9b33d82058545b1ed14f4c8206e,ContentfulSpeedIndex,amazon,True,amazon ContentfulSpeedIndex opt fission warm webrender,,77,ms,firefox,442640438,1822677269,2024-01-08T13:59:36,159.3,3b8b6ba44de3870a21b3f250a24e6eae455bf564,1356959
autoland,3870186,13,f36c3750a6bc0db1e2bc910e5f3a3acace5985a7,windows10-64-shippable-qr,True,False,,|f|i|s|s|i|o|n| |w|a|r|m| |w|e|b|r|e|n|d|e|r|,102210fe594ee9b33d82058545b1ed14f4c8206e,ContentfulSpeedIndex,amazon,True,amazon ContentfulSpeedIndex opt fission warm webrender,,77,ms,firefox,442640906,1822691062,2024-01-08T14:18:59,159.7,c0b65b260d5fbb61bfacc80d014afb017086dc3d,1356978
autoland,3870186,13,f36c3750a6bc0db1e2bc910e5f3a3acace5985a7,windows10-64-shippable-qr,True,False,,|f|i|s|s|i|o|n| |w|a|r|m| |w|e|b|r|e|n|d|e|r|,102210fe594ee9b33d82058545b1ed14f4c8206e,ContentfulSpeedIndex,amazon,True,amazon ContentfulSpeedIndex opt fission warm webrender,,77,ms,firefox,442641438,1822743357,2024-01-08T15:17:36,166.5,7613e62377713778fccf1bbcf2d0d974a9d54d62,1357023
autoland,3870186,13,f36c3750a6bc0db1e2bc910e5f3a3acace5985a7,windows10-64-shippable-qr,True,False,,|f|i|s|s|i|o|n| |w|a|r|m| |w|e|b|r|e|n|d|e|r|,102210fe594ee9b33d82058545b1ed14f4c8206e,ContentfulSpeedIndex,amazon,True,amazon ContentfulSpeedIndex opt fission warm webrender,,77,ms,firefox,442640950,1822695131,2024-01-08T15:20:01,154.6,96dbd42557569de364e38f42a4d6592922dc824e,1357024
autoland,3870186,13,f36c3750a6bc0db1e2bc910e5f3a3acace5985a7,windows10-64-shippable-qr,True,False,,|f|i|s|s|i|o|n| |w|a|r|m| |w|e|b|r|e|n|d|e|r|,102210fe594ee9b33d82058545b1ed14f4c8206e,ContentfulSpeedIndex,amazon,True,amazon ContentfulSpeedIndex opt fission warm webrender,,77,ms,firefox,442564753,1822356402,2024-01-08T15:57:02,155.1,fa142c3f71b8a5f5e5781fe41471dc1528cecd75,1357053
autoland,3870186,13,f36c3750a6bc0db1e2bc910e5f3a3acace5985a7,windows10-64-shippable-qr,True,False,,|f|i|s|s|i|o|n| |w|a|r|m| |w|e|b|r|e|n|d|e|r|,102210fe594ee9b33d82058545b1ed14f4c8206e,ContentfulSpeedIndex,amazon,True,amazon ContentfulSpeedIndex opt fission warm webrender,,77,ms,firefox,442641033,1822708739,2024-01-08T16:27:18,176.3,f94198e20472275db87efe7b903db30b13a368d6,1357067
autoland,3870186,13,f36c3750a6bc0db1e2bc910e5f3a3acace5985a7,windows10-64-shippable-qr,True,False,,|f|i|s|s|i|o|n| |w|a|r|m| |w|e|b|r|e|n|d|e|r|,102210fe594ee9b33d82058545b1ed14f4c8206e,ContentfulSpeedIndex,amazon,True,amazon ContentfulSpeedIndex opt fission warm webrender,,77,ms,firefox,442641814,1822753897,2024-01-08T16:28:27,178.1,60f04fbada705752ff9cfd6d7f18f73b71d812b7,1357071
autoland,3870186,13,f36c3750a6bc0db1e2bc910e5f3a3acace5985a7,windows10-64-shippable-qr,True,False,,|f|i|s|s|i|o|n| |w|a|r|m| |w|e|b|r|e|n|d|e|r|,102210fe594ee9b33d82058545b1ed14f4c8206e,ContentfulSpeedIndex,amazon,True,amazon ContentfulSpeedIndex opt fission warm webrender,,77,ms,firefox,442597606,1822473682,2024-01-08T20:04:05,154.7,41ae953b02271ceda653046c5072bfe0329c7e96,1357175
autoland,3870186,13,f36c3750a6bc0db1e2bc910e5f3a3acace5985a7,windows10-64-shippable-qr,True,False,,|f|i|s|s|i|o|n| |w|a|r|m| |w|e|b|r|e|n|d|e|r|,102210fe594ee9b33d82058545b1ed14f4c8206e,ContentfulSpeedIndex,amazon,True,amazon ContentfulSpeedIndex opt fission warm webrender,,77,ms,firefox,442641375,1822734819,2024-01-08T21:33:29,165.2,4dc4f0070bb9c1118742b60f998c761de468ca6e,1357225
autoland,3870186,13,f36c3750a6bc0db1e2bc910e5f3a3acace5985a7,windows10-64-shippable-qr,True,False,,|f|i|s|s|i|o|n| |w|a|r|m| |w|e|b|r|e|n|d|e|r|,102210fe594ee9b33d82058545b1ed14f4c8206e,ContentfulSpeedIndex,amazon,True,amazon ContentfulSpeedIndex opt fission warm webrender,,77,ms,firefox,442641131,1822720531,2024-01-08T21:39:10,163.9,ebfdca0b0aecf8d9304a25f7913ec89b746a6ec1,1357230
autoland,3870186,13,f36c3750a6bc0db1e2bc910e5f3a3acace5985a7,windows10-64-shippable-qr,True,False,,|f|i|s|s|i|o|n| |w|a|r|m| |w|e|b|r|e|n|d|e|r|,102210fe594ee9b33d82058545b1ed14f4c8206e,ContentfulSpeedIndex,amazon,True,amazon ContentfulSpeedIndex opt fission warm webrender,,77,ms,firefox,442630772,1822621370,2024-01-09T02:28:42,166.4,ea866029ce2e23f03843038e1fd8ba7ca9ea30bb,1357330
autoland,3870186,13,f36c3750a6bc0db1e2bc910e5f3a3acace5985a7,windows10-64-shippable-qr,True,False,,|f|i|s|s|i|o|n| |w|a|r|m| |w|e|b|r|e|n|d|e|r|,102210fe594ee9b33d82058545b1ed14f4c8206e,ContentfulSpeedIndex,amazon,True,amazon ContentfulSpeedIndex opt fission warm webrender,,77,ms,firefox,442688278,1822942152,2024-01-09T11:20:33,162.3,b29d6ace45f4ca84cd58b15ab4430194755a7056,1357465
autoland,3870186,13,f36c3750a6bc0db1e2bc910e5f3a3acace5985a7,windows10-64-shippable-qr,True,False,,|f|i|s|s|i|o|n| |w|a|r|m| |w|e|b|r|e|n|d|e|r|,102210fe594ee9b33d82058545b1ed14f4c8206e,ContentfulSpeedIndex,amazon,True,amazon ContentfulSpeedIndex opt fission warm webrender,,77,ms,firefox,442689522,1822956628,2024-01-09T11:56:06,165.0,051ee8b6b5420d6e2ef877ed6ff3a70306257659,1357476
autoland,3870186,13,f36c3750a6bc0db1e2bc910e5f3a3acace5985a7,windows10-64-shippable-qr,True,False,,|f|i|s|s|i|o|n| |w|a|r|m| |w|e|b|r|e|n|d|e|r|,102210fe594ee9b33d82058545b1ed14f4c8206e,ContentfulSpeedIndex,amazon,True,amazon ContentfulSpeedIndex opt fission warm webrender,,77,ms,firefox,442778876,1823394243,2024-01-09T14:07:58,157.1,0184455feb69351f7ba6e6a9bc02f7417c5c6475,1357525
autoland,3870186,13,f36c3750a6bc0db1e2bc910e5f3a3acace5985a7,windows10-64-shippable-qr,True,False,,|f|i|s|s|i|o|n| |w|a|r|m| |w|e|b|r|e|n|d|e|r|,102210fe594ee9b33d82058545b1ed14f4c8206e,ContentfulSpeedIndex,amazon,True,amazon ContentfulSpeedIndex opt fission warm webrender,,77,ms,firefox,442782917,1823412818,2024-01-09T14:34:37,157.1,183931c45d316e57ad9529199745dd0005a44f8a,1357538
autoland,3870186,13,f36c3750a6bc0db1e2bc910e5f3a3acace5985a7,windows10-64-shippable-qr,True,False,,|f|i|s|s|i|o|n| |w|a|r|m| |w|e|b|r|e|n|d|e|r|,102210fe594ee9b33d82058545b1ed14f4c8206e,ContentfulSpeedIndex,amazon,True,amazon ContentfulSpeedIndex opt fission warm webrender,,77,ms,firefox,442727238,1823104062,2024-01-09T16:23:43,169.6,39da72deac75c8026ae23df612934a7fc7c3693a,1357611
autoland,3870186,13,f36c3750a6bc0db1e2bc910e5f3a3acace5985a7,windows10-64-shippable-qr,True,False,,|f|i|s|s|i|o|n| |w|a|r|m| |w|e|b|r|e|n|d|e|r|,102210fe594ee9b33d82058545b1ed14f4c8206e,ContentfulSpeedIndex,amazon,True,amazon ContentfulSpeedIndex opt fission warm webrender,,77,ms,firefox,442727659,1823120018,2024-01-09T17:04:21,174.9,65446098ef641575f65d67f1db14e51401e565de,1357636
autoland,3870186,13,f36c3750a6bc0db1e2bc910e5f3a3acace5985a7,windows10-64-shippable-qr,True,False,,|f|i|s|s|i|o|n| |w|a|r|m| |w|e|b|r|e|n|d|e|r|,102210fe594ee9b33d82058545b1ed14f4c8206e,ContentfulSpeedIndex,amazon,True,amazon ContentfulSpeedIndex opt fission warm webrender,,77,ms,firefox,442767372,1823337191,2024-01-09T23:58:45,160.1,33d47d05c368a7b03c3843f70deb11c351eab0e7,1357896
autoland,3870186,13,f36c3750a6bc0db1e2bc910e5f3a3acace5985a7,windows10-64-shippable-qr,True,False,,|f|i|s|s|i|o|n| |w|a|r|m| |w|e|b|r|e|n|d|e|r|,102210fe594ee9b33d82058545b1ed14f4c8206e,ContentfulSpeedIndex,amazon,True,amazon ContentfulSpeedIndex opt fission warm webrender,,77,ms,firefox,442918497,1824013267,2024-01-10T01:41:22,163.5,c208c35aa08ce571b9fe86e213c1e1b443e8b7c0,1357928
autoland,3870186,13,f36c3750a6bc0db1e2bc910e5f3a3acace5985a7,windows10-64-shippable-qr,True,False,,|f|i|s|s|i|o|n| |w|a|r|m| |w|e|b|r|e|n|d|e|r|,102210fe594ee9b33d82058545b1ed14f4c8206e,ContentfulSpeedIndex,amazon,True,amazon ContentfulSpeedIndex opt fission warm webrender,,77,ms,firefox,442918356,1824002797,2024-01-10T02:03:50,165.3,03be6a45140bf15382b04777d0e3abf02d7af112,1357936
autoland,3870186,13,f36c3750a6bc0db1e2bc910e5f3a3acace5985a7,windows10-64-shippable-qr,True,False,,|f|i|s|s|i|o|n| |w|a|r|m| |w|e|b|r|e|n|d|e|r|,102210fe594ee9b33d82058545b1ed14f4c8206e,ContentfulSpeedIndex,amazon,True,amazon ContentfulSpeedIndex opt fission warm webrender,,77,ms,firefox,442794574,1823503237,2024-01-10T06:33:00,170.3,8d93c10892064c983f5603645b9f6db6494fac24,1357998
autoland,3870186,13,f36c3750a6bc0db1e2bc910e5f3a3acace5985a7,windows10-64-shippable-qr,True,False,,|f|i|s|s|i|o|n| |w|a|r|m| |w|e|b|r|e|n|d|e|r|,102210fe594ee9b33d82058545b1ed14f4c8206e,ContentfulSpeedIndex,amazon,True,amazon ContentfulSpeedIndex opt fission warm webrender,,77,ms,firefox,442818603,1823607690,2024-01-10T10:37:21,171.8,c892e00c62dbbeba07a14640ce9baf3a7c27383d,1358093
autoland,3870186,13,f36c3750a6bc0db1e2bc910e5f3a3acace5985a7,windows10-64-shippable-qr,True,False,,|f|i|s|s|i|o|n| |w|a|r|m| |w|e|b|r|e|n|d|e|r|,102210fe594ee9b33d82058545b1ed14f4c8206e,ContentfulSpeedIndex,amazon,True,amazon ContentfulSpeedIndex opt fission warm webrender,,77,ms,firefox,442840079,1823647598,2024-01-10T11:50:05,168.8,645f7ed438fb8172e3e4db34d3d7821251ae066c,1358132
autoland,3870186,13,f36c3750a6bc0db1e2bc910e5f3a3acace5985a7,windows10-64-shippable-qr,True,False,,|f|i|s|s|i|o|n| |w|a|r|m| |w|e|b|r|e|n|d|e|r|,102210fe594ee9b33d82058545b1ed14f4c8206e,ContentfulSpeedIndex,amazon,True,amazon ContentfulSpeedIndex opt fission warm webrender,,77,ms,firefox,442860528,1823725406,2024-01-10T15:53:53,166.3,abbd6756776d8ea1ff22b8a5ee76e1417583f893,1358258
autoland,3870186,13,f36c3750a6bc0db1e2bc910e5f3a3acace5985a7,windows10-64-shippable-qr,True,False,,|f|i|s|s|i|o|n| |w|a|r|m| |w|e|b|r|e|n|d|e|r|,102210fe594ee9b33d82058545b1ed14f4c8206e,ContentfulSpeedIndex,amazon,True,amazon ContentfulSpeedIndex opt fission warm webrender,,77,ms,firefox,442919150,1824036563,2024-01-10T17:13:27,171.7,a6a3c60d31894fa2c788c6498b98e529a6ce0202,1358311
autoland,3870186,13,f36c3750a6bc0db1e2bc910e5f3a3acace5985a7,windows10-64-shippable-qr,True,False,,|f|i|s|s|i|o|n| |w|a|r|m| |w|e|b|r|e|n|d|e|r|,102210fe594ee9b33d82058545b1ed14f4c8206e,ContentfulSpeedIndex,amazon,True,amazon ContentfulSpeedIndex opt fission warm webrender,,77,ms,firefox,442919020,1824027106,2024-01-10T17:16:57,169.4,cefca88dbb5f5ddbed3d4d2d541ce66924187b3f,1358312
autoland,3870186,13,f36c3750a6bc0db1e2bc910e5f3a3acace5985a7,windows10-64-shippable-qr,True,False,,|f|i|s|s|i|o|n| |w|a|r|m| |w|e|b|r|e|n|d|e|r|,102210fe594ee9b33d82058545b1ed14f4c8206e,ContentfulSpeedIndex,amazon,True,amazon ContentfulSpeedIndex opt fission warm webrender,,77,ms,firefox,442918821,1824020834,2024-01-10T17:17:38,158.8,8ce5b5a3f4cb435bbade6c5ce303b682c2624aca,1358313
autoland,3870186,13,f36c3750a6bc0db1e2bc910e5f3a3acace5985a7,windows10-64-shippable-qr,True,False,,|f|i|s|s|i|o|n| |w|a|r|m| |w|e|b|r|e|n|d|e|r|,102210fe594ee9b33d82058545b1ed14f4c8206e,ContentfulSpeedIndex,amazon,True,amazon ContentfulSpeedIndex opt fission warm webrender,,77,ms,firefox,442883853,1823858818,2024-01-10T20:02:55,195.1,13107fcd50cf2795a397cd8d72ce290a0b34a909,1358406
autoland,3870186,13,f36c3750a6bc0db1e2bc910e5f3a3acace5985a7,windows10-64-shippable-qr,True,False,,|f|i|s|s|i|o|n| |w|a|r|m| |w|e|b|r|e|n|d|e|r|,102210fe594ee9b33d82058545b1ed14f4c8206e,ContentfulSpeedIndex,amazon,True,amazon ContentfulSpeedIndex opt fission warm webrender,,77,ms,firefox,442907826,1823963182,2024-01-11T01:22:24,166.0,1a93f0a64a7f897212da58c5753433922e0953cb,1358548
autoland,3870186,13,f36c3750a6bc0db1e2bc910e5f3a3acace5985a7,windows10-64-shippable-qr,True,False,,|f|i|s|s|i|o|n| |w|a|r|m| |w|e|b|r|e|n|d|e|r|,102210fe594ee9b33d82058545b1ed14f4c8206e,ContentfulSpeedIndex,amazon,True,amazon ContentfulSpeedIndex opt fission warm webrender,,77,ms,firefox,442930640,1824062846,2024-01-11T07:34:58,162.5,53b379d2ca1da12d341d8c9f8e59575152c88b27,1358622
autoland,3870186,13,f36c3750a6bc0db1e2bc910e5f3a3acace5985a7,windows10-64-shippable-qr,True,False,,|f|i|s|s|i|o|n| |w|a|r|m| |w|e|b|r|e|n|d|e|r|,102210fe594ee9b33d82058545b1ed14f4c8206e,ContentfulSpeedIndex,amazon,True,amazon ContentfulSpeedIndex opt fission warm webrender,,77,ms,firefox,442935831,1824084734,2024-01-11T09:13:52,165.5,0bd36479d605b1a8748ee37096ff0d54383f0402,1358650
autoland,3870186,13,f36c3750a6bc0db1e2bc910e5f3a3acace5985a7,windows10-64-shippable-qr,True,False,,|f|i|s|s|i|o|n| |w|a|r|m| |w|e|b|r|e|n|d|e|r|,102210fe594ee9b33d82058545b1ed14f4c8206e,ContentfulSpeedIndex,amazon,True,amazon ContentfulSpeedIndex opt fission warm webrender,,77,ms,firefox,442973243,1824225903,2024-01-11T13:33:40,163.2,9e9da9a3335070604e4d44a2a97d897ca73a4c16,1358737
autoland,3870186,13,f36c3750a6bc0db1e2bc910e5f3a3acace5985a7,windows10-64-shippable-qr,True,False,,|f|i|s|s|i|o|n| |w|a|r|m| |w|e|b|r|e|n|d|e|r|,102210fe594ee9b33d82058545b1ed14f4c8206e,ContentfulSpeedIndex,amazon,True,amazon ContentfulSpeedIndex opt fission warm webrender,,77,ms,firefox,442987122,1824279319,2024-01-11T15:31:24,161.1,0fbc415c1704aee17dbd065e8d41e057993f1797,1358816
autoland,3870186,13,f36c3750a6bc0db1e2bc910e5f3a3acace5985a7,windows10-64-shippable-qr,True,False,,|f|i|s|s|i|o|n| |w|a|r|m| |w|e|b|r|e|n|d|e|r|,102210fe594ee9b33d82058545b1ed14f4c8206e,ContentfulSpeedIndex,amazon,True,amazon ContentfulSpeedIndex opt fission warm webrender,,77,ms,firefox,443076007,1824758413,2024-01-11T18:18:15,182.6,c968fa42e944e86d2ef0e1790169260c72d1767b,1358919
autoland,3870186,13,f36c3750a6bc0db1e2bc910e5f3a3acace5985a7,windows10-64-shippable-qr,True,False,,|f|i|s|s|i|o|n| |w|a|r|m| |w|e|b|r|e|n|d|e|r|,102210fe594ee9b33d82058545b1ed14f4c8206e,ContentfulSpeedIndex,amazon,True,amazon ContentfulSpeedIndex opt fission warm webrender,,77,ms,firefox,443071978,1824740733,2024-01-11T18:24:24,168.5,c742a756f169303b59bc595b6ad84ce7314a1789,1358925
autoland,3870186,13,f36c3750a6bc0db1e2bc910e5f3a3acace5985a7,windows10-64-shippable-qr,True,False,,|f|i|s|s|i|o|n| |w|a|r|m| |w|e|b|r|e|n|d|e|r|,102210fe594ee9b33d82058545b1ed14f4c8206e,ContentfulSpeedIndex,amazon,True,amazon ContentfulSpeedIndex opt fission warm webrender,,77,ms,firefox,443028306,1824442445,2024-01-11T19:45:18,160.4,51d3d025e7fa3113193da45b9c1b1d792060a4c3,1358981
autoland,3870186,13,f36c3750a6bc0db1e2bc910e5f3a3acace5985a7,windows10-64-shippable-qr,True,False,,|f|i|s|s|i|o|n| |w|a|r|m| |w|e|b|r|e|n|d|e|r|,102210fe594ee9b33d82058545b1ed14f4c8206e,ContentfulSpeedIndex,amazon,True,amazon ContentfulSpeedIndex opt fission warm webrender,,77,ms,firefox,443070394,1824681933,2024-01-11T19:53:37,175.5,dfcfa98a7e21b51e5559d4bee58d465a40576f31,1358986
autoland,3870186,13,f36c3750a6bc0db1e2bc910e5f3a3acace5985a7,windows10-64-shippable-qr,True,False,,|f|i|s|s|i|o|n| |w|a|r|m| |w|e|b|r|e|n|d|e|r|,102210fe594ee9b33d82058545b1ed14f4c8206e,ContentfulSpeedIndex,amazon,True,amazon ContentfulSpeedIndex opt fission warm webrender,,77,ms,firefox,443022281,1824404625,2024-01-11T20:05:09,167.3,8f1e9e2c902a89cfb9f9ea20307fb3ee8a91a4af,1358995
autoland,3870186,13,f36c3750a6bc0db1e2bc910e5f3a3acace5985a7,windows10-64-shippable-qr,True,False,,|f|i|s|s|i|o|n| |w|a|r|m| |w|e|b|r|e|n|d|e|r|,102210fe594ee9b33d82058545b1ed14f4c8206e,ContentfulSpeedIndex,amazon,True,amazon ContentfulSpeedIndex opt fission warm webrender,,77,ms,firefox,443056602,1824583226,2024-01-12T01:35:24,177.5,1d2ccbe0bb6db4d9628b16914b33c5dc5e9406dc,1359176
autoland,3870186,13,f36c3750a6bc0db1e2bc910e5f3a3acace5985a7,windows10-64-shippable-qr,True,False,,|f|i|s|s|i|o|n| |w|a|r|m| |w|e|b|r|e|n|d|e|r|,102210fe594ee9b33d82058545b1ed14f4c8206e,ContentfulSpeedIndex,amazon,True,amazon ContentfulSpeedIndex opt fission warm webrender,,77,ms,firefox,443070772,1824729957,2024-01-12T05:09:20,153.7,1dc9f987063cf678f5c26e7534eadc8bfd186fa9,1359210
autoland,3870186,13,f36c3750a6bc0db1e2bc910e5f3a3acace5985a7,windows10-64-shippable-qr,True,False,,|f|i|s|s|i|o|n| |w|a|r|m| |w|e|b|r|e|n|d|e|r|,102210fe594ee9b33d82058545b1ed14f4c8206e,ContentfulSpeedIndex,amazon,True,amazon ContentfulSpeedIndex opt fission warm webrender,,77,ms,firefox,443100241,1824891015,2024-01-12T09:17:33,181.3,734e2e027196a9d64120ebf11a01a1b03e494d43,1359269
autoland,3870186,13,f36c3750a6bc0db1e2bc910e5f3a3acace5985a7,windows10-64-shippable-qr,True,False,,|f|i|s|s|i|o|n| |w|a|r|m| |w|e|b|r|e|n|d|e|r|,102210fe594ee9b33d82058545b1ed14f4c8206e,ContentfulSpeedIndex,amazon,True,amazon ContentfulSpeedIndex opt fission warm webrender,,77,ms,firefox,443099306,1824861294,2024-01-12T09:50:00,175.6,04e959fcffc3608cfdc8e3812cac822a94eb7f79,1359287
autoland,3870186,13,f36c3750a6bc0db1e2bc910e5f3a3acace5985a7,windows10-64-shippable-qr,True,False,,|f|i|s|s|i|o|n| |w|a|r|m| |w|e|b|r|e|n|d|e|r|,102210fe594ee9b33d82058545b1ed14f4c8206e,ContentfulSpeedIndex,amazon,True,amazon ContentfulSpeedIndex opt fission warm webrender,,77,ms,firefox,443195169,1825374988,2024-01-12T13:49:10,168.7,897e093ce0acdad2e945ff5f23e6d89f77ac22a2,1359374
autoland,3870186,13,f36c3750a6bc0db1e2bc910e5f3a3acace5985a7,windows10-64-shippable-qr,True,False,,|f|i|s|s|i|o|n| |w|a|r|m| |w|e|b|r|e|n|d|e|r|,102210fe594ee9b33d82058545b1ed14f4c8206e,ContentfulSpeedIndex,amazon,True,amazon ContentfulSpeedIndex opt fission warm webrender,,77,ms,firefox,443134803,1825055278,2024-01-12T13:58:07,181.5,ce67ec7f0570e0dbbb4af59d868791341b3ae825,1359382
autoland,3870186,13,f36c3750a6bc0db1e2bc910e5f3a3acace5985a7,windows10-64-shippable-qr,True,False,,|f|i|s|s|i|o|n| |w|a|r|m| |w|e|b|r|e|n|d|e|r|,102210fe594ee9b33d82058545b1ed14f4c8206e,ContentfulSpeedIndex,amazon,True,amazon ContentfulSpeedIndex opt fission warm webrender,,77,ms,firefox,443140163,1825108502,2024-01-12T15:59:03,162.3,ca885660ea6d70595474b1663ce6806f7a86a6ea,1359473
autoland,3870186,13,f36c3750a6bc0db1e2bc910e5f3a3acace5985a7,windows10-64-shippable-qr,True,False,,|f|i|s|s|i|o|n| |w|a|r|m| |w|e|b|r|e|n|d|e|r|,102210fe594ee9b33d82058545b1ed14f4c8206e,ContentfulSpeedIndex,amazon,True,amazon ContentfulSpeedIndex opt fission warm webrender,,77,ms,firefox,443164021,1825210853,2024-01-12T19:38:29,168.0,00f949eecc1be917553e235f582aeb7e1e1146fd,1359666
autoland,3870186,13,f36c3750a6bc0db1e2bc910e5f3a3acace5985a7,windows10-64-shippable-qr,True,False,,|f|i|s|s|i|o|n| |w|a|r|m| |w|e|b|r|e|n|d|e|r|,102210fe594ee9b33d82058545b1ed14f4c8206e,ContentfulSpeedIndex,amazon,True,amazon ContentfulSpeedIndex opt fission warm webrender,,77,ms,firefox,443195253,1825377537,2024-01-12T22:22:32,164.3,941c30d075424ce679789d63701ca84aa524da86,1359751
autoland,3870186,13,f36c3750a6bc0db1e2bc910e5f3a3acace5985a7,windows10-64-shippable-qr,True,False,,|f|i|s|s|i|o|n| |w|a|r|m| |w|e|b|r|e|n|d|e|r|,102210fe594ee9b33d82058545b1ed14f4c8206e,ContentfulSpeedIndex,amazon,True,amazon ContentfulSpeedIndex opt fission warm webrender,,77,ms,firefox,443193813,1825344348,2024-01-12T22:24:41,178.5,e9c1463b56151bf940fe442f91aeabc8a811573d,1359754
autoland,3870186,13,f36c3750a6bc0db1e2bc910e5f3a3acace5985a7,windows10-64-shippable-qr,True,False,,|f|i|s|s|i|o|n| |w|a|r|m| |w|e|b|r|e|n|d|e|r|,102210fe594ee9b33d82058545b1ed14f4c8206e,ContentfulSpeedIndex,amazon,True,amazon ContentfulSpeedIndex opt fission warm webrender,,77,ms,firefox,443184926,1825294979,2024-01-12T23:40:01,163.2,53d4d65c33f1a556689dd9de738b173142e52749,1359778
autoland,3870186,13,f36c3750a6bc0db1e2bc910e5f3a3acace5985a7,windows10-64-shippable-qr,True,False,,|f|i|s|s|i|o|n| |w|a|r|m| |w|e|b|r|e|n|d|e|r|,102210fe594ee9b33d82058545b1ed14f4c8206e,ContentfulSpeedIndex,amazon,True,amazon ContentfulSpeedIndex opt fission warm webrender,,77,ms,firefox,443207801,1825442647,2024-01-13T08:47:40,161.3,1c1cef3dae75411dbe9bc03547274f506cade636,1359844
autoland,3870186,13,f36c3750a6bc0db1e2bc910e5f3a3acace5985a7,windows10-64-shippable-qr,True,False,,|f|i|s|s|i|o|n| |w|a|r|m| |w|e|b|r|e|n|d|e|r|,102210fe594ee9b33d82058545b1ed14f4c8206e,ContentfulSpeedIndex,amazon,True,amazon ContentfulSpeedIndex opt fission warm webrender,,77,ms,firefox,443229759,1825526027,2024-01-13T14:38:07,169.1,9e96d1447f6c77f15bcd1c7fa432cefae4418038,1359886
autoland,3870186,13,f36c3750a6bc0db1e2bc910e5f3a3acace5985a7,windows10-64-shippable-qr,True,False,,|f|i|s|s|i|o|n| |w|a|r|m| |w|e|b|r|e|n|d|e|r|,102210fe594ee9b33d82058545b1ed14f4c8206e,ContentfulSpeedIndex,amazon,True,amazon ContentfulSpeedIndex opt fission warm webrender,,77,ms,firefox,443249369,1825611038,2024-01-13T23:22:39,169.0,05b08c9f9a5822b969513dda16d5f55e322ade4f,1359908
autoland,3870186,13,f36c3750a6bc0db1e2bc910e5f3a3acace5985a7,windows10-64-shippable-qr,True,False,,|f|i|s|s|i|o|n| |w|a|r|m| |w|e|b|r|e|n|d|e|r|,102210fe594ee9b33d82058545b1ed14f4c8206e,ContentfulSpeedIndex,amazon,True,amazon ContentfulSpeedIndex opt fission warm webrender,,77,ms,firefox,443275479,1825764215,2024-01-14T13:25:52,161.8,b24d63d72f77a64fe5d8bce6420b88e7e0c4d9da,1359942
autoland,3870186,13,f36c3750a6bc0db1e2bc910e5f3a3acace5985a7,windows10-64-shippable-qr,True,False,,|f|i|s|s|i|o|n| |w|a|r|m| |w|e|b|r|e|n|d|e|r|,102210fe594ee9b33d82058545b1ed14f4c8206e,ContentfulSpeedIndex,amazon,True,amazon ContentfulSpeedIndex opt fission warm webrender,,77,ms,firefox,443301223,1825865613,2024-01-15T05:08:04,166.4,de4567bec5231630b24dbc8a0f117c108e274afc,1360013
autoland,3870186,13,f36c3750a6bc0db1e2bc910e5f3a3acace5985a7,windows10-64-shippable-qr,True,False,,|f|i|s|s|i|o|n| |w|a|r|m| |w|e|b|r|e|n|d|e|r|,102210fe594ee9b33d82058545b1ed14f4c8206e,ContentfulSpeedIndex,amazon,True,amazon ContentfulSpeedIndex opt fission warm webrender,,77,ms,firefox,443303008,1825883651,2024-01-15T06:43:10,160.5,fed0bf16c40eba956c10bb3214420acaf75ee212,1360023
autoland,3870186,13,f36c3750a6bc0db1e2bc910e5f3a3acace5985a7,windows10-64-shippable-qr,True,False,,|f|i|s|s|i|o|n| |w|a|r|m| |w|e|b|r|e|n|d|e|r|,102210fe594ee9b33d82058545b1ed14f4c8206e,ContentfulSpeedIndex,amazon,True,amazon ContentfulSpeedIndex opt fission warm webrender,,77,ms,firefox,443334579,1826001137,2024-01-15T11:02:38,165.7,43598f45eee98e83ea2f55ce9a36e000770cf985,1360080
autoland,3870186,13,f36c3750a6bc0db1e2bc910e5f3a3acace5985a7,windows10-64-shippable-qr,True,False,,|f|i|s|s|i|o|n| |w|a|r|m| |w|e|b|r|e|n|d|e|r|,102210fe594ee9b33d82058545b1ed14f4c8206e,ContentfulSpeedIndex,amazon,True,amazon ContentfulSpeedIndex opt fission warm webrender,,77,ms,firefox,443343672,1826042725,2024-01-15T13:01:22,169.9,253b1ef032b4e35683449c7af5d9effaa417e813,1360125
autoland,3870186,13,f36c3750a6bc0db1e2bc910e5f3a3acace5985a7,windows10-64-shippable-qr,True,False,,|f|i|s|s|i|o|n| |w|a|r|m| |w|e|b|r|e|n|d|e|r|,102210fe594ee9b33d82058545b1ed14f4c8206e,ContentfulSpeedIndex,amazon,True,amazon ContentfulSpeedIndex opt fission warm webrender,,77,ms,firefox,443431095,1826471824,2024-01-15T13:14:28,181.1,96407685e7579866b7cb890b16c2d05cde908fed,1360129
autoland,3870186,13,f36c3750a6bc0db1e2bc910e5f3a3acace5985a7,windows10-64-shippable-qr,True,False,,|f|i|s|s|i|o|n| |w|a|r|m| |w|e|b|r|e|n|d|e|r|,102210fe594ee9b33d82058545b1ed14f4c8206e,ContentfulSpeedIndex,amazon,True,amazon ContentfulSpeedIndex opt fission warm webrender,,77,ms,firefox,443430518,1826417987,2024-01-15T14:24:27,168.0,8188051a080f272a706f8fb169248c4677069f6b,1360138
autoland,3870186,13,f36c3750a6bc0db1e2bc910e5f3a3acace5985a7,windows10-64-shippable-qr,True,False,,|f|i|s|s|i|o|n| |w|a|r|m| |w|e|b|r|e|n|d|e|r|,102210fe594ee9b33d82058545b1ed14f4c8206e,ContentfulSpeedIndex,amazon,True,amazon ContentfulSpeedIndex opt fission warm webrender,,77,ms,firefox,443430684,1826433982,2024-01-15T16:25:19,165.6,c99a236b215f1a49f9abf0d88cc6217ddc6d0623,1360277
autoland,3870186,13,f36c3750a6bc0db1e2bc910e5f3a3acace5985a7,windows10-64-shippable-qr,True,False,,|f|i|s|s|i|o|n| |w|a|r|m| |w|e|b|r|e|n|d|e|r|,102210fe594ee9b33d82058545b1ed14f4c8206e,ContentfulSpeedIndex,amazon,True,amazon ContentfulSpeedIndex opt fission warm webrender,,77,ms,firefox,443430783,1826465289,2024-01-15T16:26:09,165.8,dc36bc5a45acf968a84adb6249e9193a2307c43e,1360279
autoland,3870186,13,f36c3750a6bc0db1e2bc910e5f3a3acace5985a7,windows10-64-shippable-qr,True,False,,|f|i|s|s|i|o|n| |w|a|r|m| |w|e|b|r|e|n|d|e|r|,102210fe594ee9b33d82058545b1ed14f4c8206e,ContentfulSpeedIndex,amazon,True,amazon ContentfulSpeedIndex opt fission warm webrender,,77,ms,firefox,443369605,1826201188,2024-01-15T16:45:21,161.0,a9ede7f8216422a86a2b25e0696d884c8a069b78,1360291
autoland,3870186,13,f36c3750a6bc0db1e2bc910e5f3a3acace5985a7,windows10-64-shippable-qr,True,False,,|f|i|s|s|i|o|n| |w|a|r|m| |w|e|b|r|e|n|d|e|r|,102210fe594ee9b33d82058545b1ed14f4c8206e,ContentfulSpeedIndex,amazon,True,amazon ContentfulSpeedIndex opt fission warm webrender,,77,ms,firefox,443406812,1826304504,2024-01-15T21:04:35,169.5,8a68c5a8cac8300a140767d36eaed293e8f2664c,1360446
autoland,3870186,13,f36c3750a6bc0db1e2bc910e5f3a3acace5985a7,windows10-64-shippable-qr,True,False,,|f|i|s|s|i|o|n| |w|a|r|m| |w|e|b|r|e|n|d|e|r|,102210fe594ee9b33d82058545b1ed14f4c8206e,ContentfulSpeedIndex,amazon,True,amazon ContentfulSpeedIndex opt fission warm webrender,,77,ms,firefox,443424905,1826371399,2024-01-16T02:30:18,162.9,02d1a62ad90af487d859bc4971a43862dceeda6e,1360561
autoland,3870186,13,f36c3750a6bc0db1e2bc910e5f3a3acace5985a7,windows10-64-shippable-qr,True,False,,|f|i|s|s|i|o|n| |w|a|r|m| |w|e|b|r|e|n|d|e|r|,102210fe594ee9b33d82058545b1ed14f4c8206e,ContentfulSpeedIndex,amazon,True,amazon ContentfulSpeedIndex opt fission warm webrender,,77,ms,firefox,443428728,1826395561,2024-01-16T03:41:09,166.5,70cdba288eb3585a65e68748b4aecfe615cf92e8,1360576
autoland,3870186,13,f36c3750a6bc0db1e2bc910e5f3a3acace5985a7,windows10-64-shippable-qr,True,False,,|f|i|s|s|i|o|n| |w|a|r|m| |w|e|b|r|e|n|d|e|r|,102210fe594ee9b33d82058545b1ed14f4c8206e,ContentfulSpeedIndex,amazon,True,amazon ContentfulSpeedIndex opt fission warm webrender,,77,ms,firefox,443449521,1826554509,2024-01-16T08:02:14,167.8,f2c924263ffece6d0b30e6a52dfd32792c5bf5ab,1360634
autoland,3870186,13,f36c3750a6bc0db1e2bc910e5f3a3acace5985a7,windows10-64-shippable-qr,True,False,,|f|i|s|s|i|o|n| |w|a|r|m| |w|e|b|r|e|n|d|e|r|,102210fe594ee9b33d82058545b1ed14f4c8206e,ContentfulSpeedIndex,amazon,True,amazon ContentfulSpeedIndex opt fission warm webrender,,77,ms,firefox,443486611,1826655561,2024-01-16T12:14:54,162.5,b7a792b71de6beb8e167d10494fa1c387f55f9c2,1360755
autoland,3870186,13,f36c3750a6bc0db1e2bc910e5f3a3acace5985a7,windows10-64-shippable-qr,True,False,,|f|i|s|s|i|o|n| |w|a|r|m| |w|e|b|r|e|n|d|e|r|,102210fe594ee9b33d82058545b1ed14f4c8206e,ContentfulSpeedIndex,amazon,True,amazon ContentfulSpeedIndex opt fission warm webrender,,77,ms,firefox,443576185,1827077846,2024-01-16T16:07:16,164.3,07af0d2b5ced38fc72f57fb9619e9e8430edc630,1360917
autoland,3870186,13,f36c3750a6bc0db1e2bc910e5f3a3acace5985a7,windows10-64-shippable-qr,True,False,,|f|i|s|s|i|o|n| |w|a|r|m| |w|e|b|r|e|n|d|e|r|,102210fe594ee9b33d82058545b1ed14f4c8206e,ContentfulSpeedIndex,amazon,True,amazon ContentfulSpeedIndex opt fission warm webrender,,77,ms,firefox,443574512,1827067416,2024-01-16T16:09:52,179.4,63082f3bb107e1a4f6692ea836f8812a9af8f74c,1360920
autoland,3870186,13,f36c3750a6bc0db1e2bc910e5f3a3acace5985a7,windows10-64-shippable-qr,True,False,,|f|i|s|s|i|o|n| |w|a|r|m| |w|e|b|r|e|n|d|e|r|,102210fe594ee9b33d82058545b1ed14f4c8206e,ContentfulSpeedIndex,amazon,True,amazon ContentfulSpeedIndex opt fission warm webrender,,77,ms,firefox,443506478,1826757771,2024-01-16T16:10:42,163.7,c57d859580d036c47f9c0140e247b012211f6475,1360921
autoland,3870186,13,f36c3750a6bc0db1e2bc910e5f3a3acace5985a7,windows10-64-shippable-qr,True,False,,|f|i|s|s|i|o|n| |w|a|r|m| |w|e|b|r|e|n|d|e|r|,102210fe594ee9b33d82058545b1ed14f4c8206e,ContentfulSpeedIndex,amazon,True,amazon ContentfulSpeedIndex opt fission warm webrender,,77,ms,firefox,443521499,1826831819,2024-01-16T18:47:57,159.8,70d83d705e48aa6e7e7f765142176e775044db26,1361053
autoland,3870186,13,f36c3750a6bc0db1e2bc910e5f3a3acace5985a7,windows10-64-shippable-qr,True,False,,|f|i|s|s|i|o|n| |w|a|r|m| |w|e|b|r|e|n|d|e|r|,102210fe594ee9b33d82058545b1ed14f4c8206e,ContentfulSpeedIndex,amazon,True,amazon ContentfulSpeedIndex opt fission warm webrender,,77,ms,firefox,443540722,1826889109,2024-01-16T21:05:47,161.4,be11cd2890f611f1552236eed7ffe53fba913a46,1361171
autoland,3870186,13,f36c3750a6bc0db1e2bc910e5f3a3acace5985a7,windows10-64-shippable-qr,True,False,,|f|i|s|s|i|o|n| |w|a|r|m| |w|e|b|r|e|n|d|e|r|,102210fe594ee9b33d82058545b1ed14f4c8206e,ContentfulSpeedIndex,amazon,True,amazon ContentfulSpeedIndex opt fission warm webrender,,77,ms,firefox,443576317,1827099193,2024-01-16T21:13:17,170.5,e14244196def7be57366bd3c3b31e7218266e883,1361177
autoland,3870186,13,f36c3750a6bc0db1e2bc910e5f3a3acace5985a7,windows10-64-shippable-qr,True,False,,|f|i|s|s|i|o|n| |w|a|r|m| |w|e|b|r|e|n|d|e|r|,102210fe594ee9b33d82058545b1ed14f4c8206e,ContentfulSpeedIndex,amazon,True,amazon ContentfulSpeedIndex opt fission warm webrender,,77,ms,firefox,443580775,1827119180,2024-01-16T21:16:43,171.5,7a65679aabcf9e5a522b9fbd3463109e4b2946c2,1361180
autoland,3870186,13,f36c3750a6bc0db1e2bc910e5f3a3acace5985a7,windows10-64-shippable-qr,True,False,,|f|i|s|s|i|o|n| |w|a|r|m| |w|e|b|r|e|n|d|e|r|,102210fe594ee9b33d82058545b1ed14f4c8206e,ContentfulSpeedIndex,amazon,True,amazon ContentfulSpeedIndex opt fission warm webrender,,77,ms,firefox,443556120,1826975675,2024-01-17T00:27:37,158.3,2425c93f20f61b806df955141332d7cb553c6efb,1361277
autoland,3870186,13,f36c3750a6bc0db1e2bc910e5f3a3acace5985a7,windows10-64-shippable-qr,True,False,,|f|i|s|s|i|o|n| |w|a|r|m| |w|e|b|r|e|n|d|e|r|,102210fe594ee9b33d82058545b1ed14f4c8206e,ContentfulSpeedIndex,amazon,True,amazon ContentfulSpeedIndex opt fission warm webrender,,77,ms,firefox,443576498,1827112026,2024-01-17T05:04:36,161.1,71000174812fc0992b6793e53ac5f11f1b87bdc0,1361364
autoland,3870186,13,f36c3750a6bc0db1e2bc910e5f3a3acace5985a7,windows10-64-shippable-qr,True,False,,|f|i|s|s|i|o|n| |w|a|r|m| |w|e|b|r|e|n|d|e|r|,102210fe594ee9b33d82058545b1ed14f4c8206e,ContentfulSpeedIndex,amazon,True,amazon ContentfulSpeedIndex opt fission warm webrender,,77,ms,firefox,443617898,1827266497,2024-01-17T09:39:35,171.1,504ffc20d2ebb35be48357830d614ec96765c802,1361428
autoland,3870186,13,f36c3750a6bc0db1e2bc910e5f3a3acace5985a7,windows10-64-shippable-qr,True,False,,|f|i|s|s|i|o|n| |w|a|r|m| |w|e|b|r|e|n|d|e|r|,102210fe594ee9b33d82058545b1ed14f4c8206e,ContentfulSpeedIndex,amazon,True,amazon ContentfulSpeedIndex opt fission warm webrender,,77,ms,firefox,443628446,1827296833,2024-01-17T11:04:44,173.2,362d9aca9e101b9ee8f7efe2a7c456e245e6313c,1361499
autoland,3870186,13,f36c3750a6bc0db1e2bc910e5f3a3acace5985a7,windows10-64-shippable-qr,True,False,,|f|i|s|s|i|o|n| |w|a|r|m| |w|e|b|r|e|n|d|e|r|,102210fe594ee9b33d82058545b1ed14f4c8206e,ContentfulSpeedIndex,amazon,True,amazon ContentfulSpeedIndex opt fission warm webrender,,77,ms,firefox,443750350,1827876917,2024-01-17T14:10:14,165.5,a4394526f54b75a6396802e446f5c6741b17bfdd,1361593
autoland,3870186,13,f36c3750a6bc0db1e2bc910e5f3a3acace5985a7,windows10-64-shippable-qr,True,False,,|f|i|s|s|i|o|n| |w|a|r|m| |w|e|b|r|e|n|d|e|r|,102210fe594ee9b33d82058545b1ed14f4c8206e,ContentfulSpeedIndex,amazon,True,amazon ContentfulSpeedIndex opt fission warm webrender,,77,ms,firefox,443737006,1827817760,2024-01-17T14:11:04,179.6,51ded5545163f1a0a3ff3790e9a25c0351e5d7b6,1361596
autoland,3870186,13,f36c3750a6bc0db1e2bc910e5f3a3acace5985a7,windows10-64-shippable-qr,True,False,,|f|i|s|s|i|o|n| |w|a|r|m| |w|e|b|r|e|n|d|e|r|,102210fe594ee9b33d82058545b1ed14f4c8206e,ContentfulSpeedIndex,amazon,True,amazon ContentfulSpeedIndex opt fission warm webrender,,77,ms,firefox,443677991,1827462452,2024-01-17T15:07:48,162.1,848e3e2acdf34af9e6862b8a77a8d1ea39c48098,1361632
autoland,3870186,13,f36c3750a6bc0db1e2bc910e5f3a3acace5985a7,windows10-64-shippable-qr,True,False,,|f|i|s|s|i|o|n| |w|a|r|m| |w|e|b|r|e|n|d|e|r|,102210fe594ee9b33d82058545b1ed14f4c8206e,ContentfulSpeedIndex,amazon,True,amazon ContentfulSpeedIndex opt fission warm webrender,,77,ms,firefox,443672007,1827427629,2024-01-17T15:18:54,172.8,a11dab561c63102a4ed97f42068f448ec332c652,1361644
autoland,3870186,13,f36c3750a6bc0db1e2bc910e5f3a3acace5985a7,windows10-64-shippable-qr,True,False,,|f|i|s|s|i|o|n| |w|a|r|m| |w|e|b|r|e|n|d|e|r|,102210fe594ee9b33d82058545b1ed14f4c8206e,ContentfulSpeedIndex,amazon,True,amazon ContentfulSpeedIndex opt fission warm webrender,,77,ms,firefox,443715693,1827663172,2024-01-17T23:49:06,162.9,fe239ad8a8aea4198d356ae3ab92415c5237b530,1361957
autoland,3870186,13,f36c3750a6bc0db1e2bc910e5f3a3acace5985a7,windows10-64-shippable-qr,True,False,,|f|i|s|s|i|o|n| |w|a|r|m| |w|e|b|r|e|n|d|e|r|,102210fe594ee9b33d82058545b1ed14f4c8206e,ContentfulSpeedIndex,amazon,True,amazon ContentfulSpeedIndex opt fission warm webrender,,77,ms,firefox,443716158,1827696643,2024-01-17T23:52:50,168.6,79a6322a49b2f811fe674c1802ab75b99d9c95a3,1361961
autoland,3870186,13,f36c3750a6bc0db1e2bc910e5f3a3acace5985a7,windows10-64-shippable-qr,True,False,,|f|i|s|s|i|o|n| |w|a|r|m| |w|e|b|r|e|n|d|e|r|,102210fe594ee9b33d82058545b1ed14f4c8206e,ContentfulSpeedIndex,amazon,True,amazon ContentfulSpeedIndex opt fission warm webrender,,77,ms,firefox,443727667,1827765611,2024-01-18T01:49:32,162.0,c38d482445a0c034ac7b8fc0219092fccdbc58b2,1362034
autoland,3870186,13,f36c3750a6bc0db1e2bc910e5f3a3acace5985a7,windows10-64-shippable-qr,True,False,,|f|i|s|s|i|o|n| |w|a|r|m| |w|e|b|r|e|n|d|e|r|,102210fe594ee9b33d82058545b1ed14f4c8206e,ContentfulSpeedIndex,amazon,True,amazon ContentfulSpeedIndex opt fission warm webrender,,77,ms,firefox,443757532,1827918492,2024-01-18T06:50:06,171.6,a505d6315623943fb581b7f21beece40fc6faf17,1362092
autoland,3870186,13,f36c3750a6bc0db1e2bc910e5f3a3acace5985a7,windows10-64-shippable-qr,True,False,,|f|i|s|s|i|o|n| |w|a|r|m| |w|e|b|r|e|n|d|e|r|,102210fe594ee9b33d82058545b1ed14f4c8206e,ContentfulSpeedIndex,amazon,True,amazon ContentfulSpeedIndex opt fission warm webrender,,77,ms,firefox,443789643,1828081658,2024-01-18T10:52:50,166.8,0688ca401470034e41e10f2480620e88cac2700f,1362184
autoland,3870186,13,f36c3750a6bc0db1e2bc910e5f3a3acace5985a7,windows10-64-shippable-qr,True,False,,|f|i|s|s|i|o|n| |w|a|r|m| |w|e|b|r|e|n|d|e|r|,102210fe594ee9b33d82058545b1ed14f4c8206e,ContentfulSpeedIndex,amazon,True,amazon ContentfulSpeedIndex opt fission warm webrender,,77,ms,firefox,443897258,1828657442,2024-01-18T11:51:21,168.2,b0cfcec88155f8d78471d5ec65ef775e7f6b2eb5,1362206
autoland,3870186,13,f36c3750a6bc0db1e2bc910e5f3a3acace5985a7,windows10-64-shippable-qr,True,False,,|f|i|s|s|i|o|n| |w|a|r|m| |w|e|b|r|e|n|d|e|r|,102210fe594ee9b33d82058545b1ed14f4c8206e,ContentfulSpeedIndex,amazon,True,amazon ContentfulSpeedIndex opt fission warm webrender,,77,ms,firefox,443894768,1828637900,2024-01-18T11:53:45,184.4,be072303feafdac9f5574eb97613a65b9784d9b7,1362207
autoland,3870186,13,f36c3750a6bc0db1e2bc910e5f3a3acace5985a7,windows10-64-shippable-qr,True,False,,|f|i|s|s|i|o|n| |w|a|r|m| |w|e|b|r|e|n|d|e|r|,102210fe594ee9b33d82058545b1ed14f4c8206e,ContentfulSpeedIndex,amazon,True,amazon ContentfulSpeedIndex opt fission warm webrender,,77,ms,firefox,443801434,1828180349,2024-01-18T13:21:23,183.6,68ff26df33468fe750b39f175b43b8507718ece4,1362232
autoland,3870186,13,f36c3750a6bc0db1e2bc910e5f3a3acace5985a7,windows10-64-shippable-qr,True,False,,|f|i|s|s|i|o|n| |w|a|r|m| |w|e|b|r|e|n|d|e|r|,102210fe594ee9b33d82058545b1ed14f4c8206e,ContentfulSpeedIndex,amazon,True,amazon ContentfulSpeedIndex opt fission warm webrender,,77,ms,firefox,443893937,1828617321,2024-01-18T16:01:44,173.3,b3320921a0a66b56eb50ebd3bd8baf0ebd8d44d2,1362331
autoland,3870186,13,f36c3750a6bc0db1e2bc910e5f3a3acace5985a7,windows10-64-shippable-qr,True,False,,|f|i|s|s|i|o|n| |w|a|r|m| |w|e|b|r|e|n|d|e|r|,102210fe594ee9b33d82058545b1ed14f4c8206e,ContentfulSpeedIndex,amazon,True,amazon ContentfulSpeedIndex opt fission warm webrender,,77,ms,firefox,443894656,1828634013,2024-01-18T16:29:27,171.3,da092d881d44f60e7c5ae33f596dcdf706117ced,1362347
autoland,3870186,13,f36c3750a6bc0db1e2bc910e5f3a3acace5985a7,windows10-64-shippable-qr,True,False,,|f|i|s|s|i|o|n| |w|a|r|m| |w|e|b|r|e|n|d|e|r|,102210fe594ee9b33d82058545b1ed14f4c8206e,ContentfulSpeedIndex,amazon,True,amazon ContentfulSpeedIndex opt fission warm webrender,,77,ms,firefox,443829801,1828338720,2024-01-18T17:52:02,169.2,2b70f662a79773d519e78f0b8b64723a20b1e788,1362427
autoland,3870186,13,f36c3750a6bc0db1e2bc910e5f3a3acace5985a7,windows10-64-shippable-qr,True,False,,|f|i|s|s|i|o|n| |w|a|r|m| |w|e|b|r|e|n|d|e|r|,102210fe594ee9b33d82058545b1ed14f4c8206e,ContentfulSpeedIndex,amazon,True,amazon ContentfulSpeedIndex opt fission warm webrender,,77,ms,firefox,443872068,1828487795,2024-01-18T23:10:50,175.5,ef9ad6a28dae5d4efbe723dde5068cfdde493918,1362632
autoland,3870186,13,f36c3750a6bc0db1e2bc910e5f3a3acace5985a7,windows10-64-shippable-qr,True,False,,|f|i|s|s|i|o|n| |w|a|r|m| |w|e|b|r|e|n|d|e|r|,102210fe594ee9b33d82058545b1ed14f4c8206e,ContentfulSpeedIndex,amazon,True,amazon ContentfulSpeedIndex opt fission warm webrender,,77,ms,firefox,443876418,1828532978,2024-01-18T23:17:45,164.2,5624cd2e1525fd15b148c44ce2106fce74d6f297,1362637
autoland,3870186,13,f36c3750a6bc0db1e2bc910e5f3a3acace5985a7,windows10-64-shippable-qr,True,False,,|f|i|s|s|i|o|n| |w|a|r|m| |w|e|b|r|e|n|d|e|r|,102210fe594ee9b33d82058545b1ed14f4c8206e,ContentfulSpeedIndex,amazon,True,amazon ContentfulSpeedIndex opt fission warm webrender,,77,ms,firefox,443896537,1828647390,2024-01-19T04:17:47,170.1,b6393478fdf670fcce10fd4334c2601561eaea5d,1362724
autoland,3870186,13,f36c3750a6bc0db1e2bc910e5f3a3acace5985a7,windows10-64-shippable-qr,True,False,,|f|i|s|s|i|o|n| |w|a|r|m| |w|e|b|r|e|n|d|e|r|,102210fe594ee9b33d82058545b1ed14f4c8206e,ContentfulSpeedIndex,amazon,True,amazon ContentfulSpeedIndex opt fission warm webrender,,77,ms,firefox,443935150,1828764442,2024-01-19T10:07:40,173.6,99bf71eaca444aa371e7c84536a1b8aa434ef205,1362807
autoland,3870186,13,f36c3750a6bc0db1e2bc910e5f3a3acace5985a7,windows10-64-shippable-qr,True,False,,|f|i|s|s|i|o|n| |w|a|r|m| |w|e|b|r|e|n|d|e|r|,102210fe594ee9b33d82058545b1ed14f4c8206e,ContentfulSpeedIndex,amazon,True,amazon ContentfulSpeedIndex opt fission warm webrender,,77,ms,firefox,443936183,1828785192,2024-01-19T10:28:03,165.5,7459e9088955262e4430e24661d856acc7ca8929,1362814
autoland,3870186,13,f36c3750a6bc0db1e2bc910e5f3a3acace5985a7,windows10-64-shippable-qr,True,False,,|f|i|s|s|i|o|n| |w|a|r|m| |w|e|b|r|e|n|d|e|r|,102210fe594ee9b33d82058545b1ed14f4c8206e,ContentfulSpeedIndex,amazon,True,amazon ContentfulSpeedIndex opt fission warm webrender,,77,ms,firefox,444013246,1829308335,2024-01-19T13:26:37,169.4,4ec2b9afc62ae7c623f8c0ab5ced5f9ce44bcc0c,1362882
autoland,3870186,13,f36c3750a6bc0db1e2bc910e5f3a3acace5985a7,windows10-64-shippable-qr,True,False,,|f|i|s|s|i|o|n| |w|a|r|m| |w|e|b|r|e|n|d|e|r|,102210fe594ee9b33d82058545b1ed14f4c8206e,ContentfulSpeedIndex,amazon,True,amazon ContentfulSpeedIndex opt fission warm webrender,,77,ms,firefox,443955624,1828887078,2024-01-19T14:55:23,169.6,3aabb457a4630b878d121ef2eb9d2f0448847a6b,1362913
autoland,3870186,13,f36c3750a6bc0db1e2bc910e5f3a3acace5985a7,windows10-64-shippable-qr,True,False,,|f|i|s|s|i|o|n| |w|a|r|m| |w|e|b|r|e|n|d|e|r|,102210fe594ee9b33d82058545b1ed14f4c8206e,ContentfulSpeedIndex,amazon,True,amazon ContentfulSpeedIndex opt fission warm webrender,,77,ms,firefox,443979300,1828995240,2024-01-19T19:17:59,159.9,1ccd394332683308e570afe9039275d8e79be900,1363113
autoland,3870186,13,f36c3750a6bc0db1e2bc910e5f3a3acace5985a7,windows10-64-shippable-qr,True,False,,|f|i|s|s|i|o|n| |w|a|r|m| |w|e|b|r|e|n|d|e|r|,102210fe594ee9b33d82058545b1ed14f4c8206e,ContentfulSpeedIndex,amazon,True,amazon ContentfulSpeedIndex opt fission warm webrender,,77,ms,firefox,444005486,1829218331,2024-01-20T00:04:44,173.8,6d2ef7f226a0360135c1955b8805bd41d9af41e4,1363285
autoland,3870186,13,f36c3750a6bc0db1e2bc910e5f3a3acace5985a7,windows10-64-shippable-qr,True,False,,|f|i|s|s|i|o|n| |w|a|r|m| |w|e|b|r|e|n|d|e|r|,102210fe594ee9b33d82058545b1ed14f4c8206e,ContentfulSpeedIndex,amazon,True,amazon ContentfulSpeedIndex opt fission warm webrender,,77,ms,firefox,444012830,1829303865,2024-01-20T04:18:19,183.4,5471899cc9d0a7dfda174e9d7cfc986c2820eff8,1363367
autoland,3870186,13,f36c3750a6bc0db1e2bc910e5f3a3acace5985a7,windows10-64-shippable-qr,True,False,,|f|i|s|s|i|o|n| |w|a|r|m| |w|e|b|r|e|n|d|e|r|,102210fe594ee9b33d82058545b1ed14f4c8206e,ContentfulSpeedIndex,amazon,True,amazon ContentfulSpeedIndex opt fission warm webrender,,77,ms,firefox,444041138,1829487786,2024-01-21T00:59:25,168.4,4f4fa003a90f9d818ecfa36474300a11af18be25,1363463
autoland,3870186,13,f36c3750a6bc0db1e2bc910e5f3a3acace5985a7,windows10-64-shippable-qr,True,False,,|f|i|s|s|i|o|n| |w|a|r|m| |w|e|b|r|e|n|d|e|r|,102210fe594ee9b33d82058545b1ed14f4c8206e,ContentfulSpeedIndex,amazon,True,amazon ContentfulSpeedIndex opt fission warm webrender,,77,ms,firefox,444068727,1829588210,2024-01-21T14:36:57,174.3,0361c1f29babcfb2f10e1646dffe72cd452a3df4,1363517
autoland,3870186,13,f36c3750a6bc0db1e2bc910e5f3a3acace5985a7,windows10-64-shippable-qr,True,False,,|f|i|s|s|i|o|n| |w|a|r|m| |w|e|b|r|e|n|d|e|r|,102210fe594ee9b33d82058545b1ed14f4c8206e,ContentfulSpeedIndex,amazon,True,amazon ContentfulSpeedIndex opt fission warm webrender,,77,ms,firefox,444098054,1829712515,2024-01-22T07:43:27,174.4,6b4a069fe37d2413229dda3b61ccaf7b8f3a5f5d,1363663
autoland,3870186,13,f36c3750a6bc0db1e2bc910e5f3a3acace5985a7,windows10-64-shippable-qr,True,False,,|f|i|s|s|i|o|n| |w|a|r|m| |w|e|b|r|e|n|d|e|r|,102210fe594ee9b33d82058545b1ed14f4c8206e,ContentfulSpeedIndex,amazon,True,amazon ContentfulSpeedIndex opt fission warm webrender,,77,ms,firefox,444256695,1830382785,2024-01-22T09:29:20,163.7,f2c793f1a792004e2561484f40df1c1d0f3bce55,1363693
autoland,3870186,13,f36c3750a6bc0db1e2bc910e5f3a3acace5985a7,windows10-64-shippable-qr,True,False,,|f|i|s|s|i|o|n| |w|a|r|m| |w|e|b|r|e|n|d|e|r|,102210fe594ee9b33d82058545b1ed14f4c8206e,ContentfulSpeedIndex,amazon,True,amazon ContentfulSpeedIndex opt fission warm webrender,,77,ms,firefox,444256565,1830375185,2024-01-22T09:55:26,167.6,4de25e9a950057c7f2f7ca5b4730c41df1d2bfe1,1363706
autoland,3870186,13,f36c3750a6bc0db1e2bc910e5f3a3acace5985a7,windows10-64-shippable-qr,True,False,,|f|i|s|s|i|o|n| |w|a|r|m| |w|e|b|r|e|n|d|e|r|,102210fe594ee9b33d82058545b1ed14f4c8206e,ContentfulSpeedIndex,amazon,True,amazon ContentfulSpeedIndex opt fission warm webrender,,77,ms,firefox,444125879,1829798856,2024-01-22T10:58:56,180.4,095c9da9e10fc012c2e6a7d929fdcc7c03d09373,1363731
autoland,3870186,13,f36c3750a6bc0db1e2bc910e5f3a3acace5985a7,windows10-64-shippable-qr,True,False,,|f|i|s|s|i|o|n| |w|a|r|m| |w|e|b|r|e|n|d|e|r|,102210fe594ee9b33d82058545b1ed14f4c8206e,ContentfulSpeedIndex,amazon,True,amazon ContentfulSpeedIndex opt fission warm webrender,,77,ms,firefox,444162848,1829958491,2024-01-22T15:24:53,165.0,58cedc1e4ff28881f9ebd1749feaa24edbded9ce,1363894
autoland,3870186,13,f36c3750a6bc0db1e2bc910e5f3a3acace5985a7,windows10-64-shippable-qr,True,False,,|f|i|s|s|i|o|n| |w|a|r|m| |w|e|b|r|e|n|d|e|r|,102210fe594ee9b33d82058545b1ed14f4c8206e,ContentfulSpeedIndex,amazon,True,amazon ContentfulSpeedIndex opt fission warm webrender,,77,ms,firefox,444170120,1830025737,2024-01-22T15:55:20,169.8,82dfbdd770bc54674f82bae256dae683772884af,1363920
autoland,3870186,13,f36c3750a6bc0db1e2bc910e5f3a3acace5985a7,windows10-64-shippable-qr,True,False,,|f|i|s|s|i|o|n| |w|a|r|m| |w|e|b|r|e|n|d|e|r|,102210fe594ee9b33d82058545b1ed14f4c8206e,ContentfulSpeedIndex,amazon,True,amazon ContentfulSpeedIndex opt fission warm webrender,,77,ms,firefox,444198813,1830115306,2024-01-22T18:55:34,169.9,ef71d190cd57de7a178f312b29fc104e6e3e98d4,1364078
autoland,3870186,13,f36c3750a6bc0db1e2bc910e5f3a3acace5985a7,windows10-64-shippable-qr,True,False,,|f|i|s|s|i|o|n| |w|a|r|m| |w|e|b|r|e|n|d|e|r|,102210fe594ee9b33d82058545b1ed14f4c8206e,ContentfulSpeedIndex,amazon,True,amazon ContentfulSpeedIndex opt fission warm webrender,,77,ms,firefox,444233971,1830247882,2024-01-22T22:04:08,176.1,06bafd5cf7f34e757edddf2def6a98003c6b1643,1364244
autoland,3870186,13,f36c3750a6bc0db1e2bc910e5f3a3acace5985a7,windows10-64-shippable-qr,True,False,,|f|i|s|s|i|o|n| |w|a|r|m| |w|e|b|r|e|n|d|e|r|,102210fe594ee9b33d82058545b1ed14f4c8206e,ContentfulSpeedIndex,amazon,True,amazon ContentfulSpeedIndex opt fission warm webrender,,77,ms,firefox,444241375,1830294722,2024-01-23T00:22:14,171.9,43fa5aa71c8c00288a4fe686f0e4bf72e2f5f28d,1364332
autoland,3870186,13,f36c3750a6bc0db1e2bc910e5f3a3acace5985a7,windows10-64-shippable-qr,True,False,,|f|i|s|s|i|o|n| |w|a|r|m| |w|e|b|r|e|n|d|e|r|,102210fe594ee9b33d82058545b1ed14f4c8206e,ContentfulSpeedIndex,amazon,True,amazon ContentfulSpeedIndex opt fission warm webrender,,77,ms,firefox,444261169,1830418625,2024-01-23T05:54:31,162.9,fcdb6404eb0234c50bf85922bacad525da6851d5,1364408
autoland,3870186,13,f36c3750a6bc0db1e2bc910e5f3a3acace5985a7,windows10-64-shippable-qr,True,False,,|f|i|s|s|i|o|n| |w|a|r|m| |w|e|b|r|e|n|d|e|r|,102210fe594ee9b33d82058545b1ed14f4c8206e,ContentfulSpeedIndex,amazon,True,amazon ContentfulSpeedIndex opt fission warm webrender,,77,ms,firefox,444308715,1830652759,2024-01-23T14:14:29,173.2,296f1b67a4750aa2166832b5b9d8ba0eee6fe635,1364570
autoland,3870186,13,f36c3750a6bc0db1e2bc910e5f3a3acace5985a7,windows10-64-shippable-qr,True,False,,|f|i|s|s|i|o|n| |w|a|r|m| |w|e|b|r|e|n|d|e|r|,102210fe594ee9b33d82058545b1ed14f4c8206e,ContentfulSpeedIndex,amazon,True,amazon ContentfulSpeedIndex opt fission warm webrender,,77,ms,firefox,444318629,1830693653,2024-01-23T14:50:16,166.6,f3efca74da0f43269bd8ac07e2a5d27e89c4d7c3,1364607
autoland,3870186,13,f36c3750a6bc0db1e2bc910e5f3a3acace5985a7,windows10-64-shippable-qr,True,False,,|f|i|s|s|i|o|n| |w|a|r|m| |w|e|b|r|e|n|d|e|r|,102210fe594ee9b33d82058545b1ed14f4c8206e,ContentfulSpeedIndex,amazon,True,amazon ContentfulSpeedIndex opt fission warm webrender,,77,ms,firefox,444393703,1831088523,2024-01-23T15:33:06,169.1,cd7ab7cab97da5debfab77a966f3a8522c3dd916,1364661
autoland,3870186,13,f36c3750a6bc0db1e2bc910e5f3a3acace5985a7,windows10-64-shippable-qr,True,False,,|f|i|s|s|i|o|n| |w|a|r|m| |w|e|b|r|e|n|d|e|r|,102210fe594ee9b33d82058545b1ed14f4c8206e,ContentfulSpeedIndex,amazon,True,amazon ContentfulSpeedIndex opt fission warm webrender,,77,ms,firefox,444394273,1831095774,2024-01-23T15:33:54,175.2,c46a7cea75e6f516fea201de317fd0ebc3c20de2,1364664
autoland,3870186,13,f36c3750a6bc0db1e2bc910e5f3a3acace5985a7,windows10-64-shippable-qr,True,False,,|f|i|s|s|i|o|n| |w|a|r|m| |w|e|b|r|e|n|d|e|r|,102210fe594ee9b33d82058545b1ed14f4c8206e,ContentfulSpeedIndex,amazon,True,amazon ContentfulSpeedIndex opt fission warm webrender,,77,ms,firefox,444325666,1830785781,2024-01-23T16:09:55,177.3,936300bf2ee78e086143fb3718e2c0af755385b0,1364702
autoland,3870186,13,f36c3750a6bc0db1e2bc910e5f3a3acace5985a7,windows10-64-shippable-qr,True,False,,|f|i|s|s|i|o|n| |w|a|r|m| |w|e|b|r|e|n|d|e|r|,102210fe594ee9b33d82058545b1ed14f4c8206e,ContentfulSpeedIndex,amazon,True,amazon ContentfulSpeedIndex opt fission warm webrender,,77,ms,firefox,444345366,1830866777,2024-01-23T19:03:54,163.7,ec71bc6778c4bdb9b4a93283fc0a3d3f302eb89e,1364834
autoland,3870186,13,f36c3750a6bc0db1e2bc910e5f3a3acace5985a7,windows10-64-shippable-qr,True,False,,|f|i|s|s|i|o|n| |w|a|r|m| |w|e|b|r|e|n|d|e|r|,102210fe594ee9b33d82058545b1ed14f4c8206e,ContentfulSpeedIndex,amazon,True,amazon ContentfulSpeedIndex opt fission warm webrender,,77,ms,firefox,444372635,1830984830,2024-01-23T22:21:15,171.9,25e5c4ea04b149ffa31cda5c4d75559df5369612,1365024
autoland,3870186,13,f36c3750a6bc0db1e2bc910e5f3a3acace5985a7,windows10-64-shippable-qr,True,False,,|f|i|s|s|i|o|n| |w|a|r|m| |w|e|b|r|e|n|d|e|r|,102210fe594ee9b33d82058545b1ed14f4c8206e,ContentfulSpeedIndex,amazon,True,amazon ContentfulSpeedIndex opt fission warm webrender,,77,ms,firefox,444546835,1831816861,2024-01-24T01:36:46,163.4,9d584197c87fdcf2d80ad4dd2989ead88349b0c8,1365186
autoland,3870186,13,f36c3750a6bc0db1e2bc910e5f3a3acace5985a7,windows10-64-shippable-qr,True,False,,|f|i|s|s|i|o|n| |w|a|r|m| |w|e|b|r|e|n|d|e|r|,102210fe594ee9b33d82058545b1ed14f4c8206e,ContentfulSpeedIndex,amazon,True,amazon ContentfulSpeedIndex opt fission warm webrender,,77,ms,firefox,444390398,1831060906,2024-01-24T02:38:58,172.4,a0389da68b91e5a92b02ccd9e65991bffb5d5771,1365197
autoland,3870186,13,f36c3750a6bc0db1e2bc910e5f3a3acace5985a7,windows10-64-shippable-qr,True,False,,|f|i|s|s|i|o|n| |w|a|r|m| |w|e|b|r|e|n|d|e|r|,102210fe594ee9b33d82058545b1ed14f4c8206e,ContentfulSpeedIndex,amazon,True,amazon ContentfulSpeedIndex opt fission warm webrender,,77,ms,firefox,444406430,1831153475,2024-01-24T06:43:12,168.1,eed6f8e8fe3af01f49be74cc1be72d51e5a0933f,1365260
autoland,3870186,13,f36c3750a6bc0db1e2bc910e5f3a3acace5985a7,windows10-64-shippable-qr,True,False,,|f|i|s|s|i|o|n| |w|a|r|m| |w|e|b|r|e|n|d|e|r|,102210fe594ee9b33d82058545b1ed14f4c8206e,ContentfulSpeedIndex,amazon,True,amazon ContentfulSpeedIndex opt fission warm webrender,,77,ms,firefox,444406754,1831169377,2024-01-24T06:57:11,171.5,7079db6b8da9081aee6b0ce96b68f368efec3277,1365262
autoland,3870186,13,f36c3750a6bc0db1e2bc910e5f3a3acace5985a7,windows10-64-shippable-qr,True,False,,|f|i|s|s|i|o|n| |w|a|r|m| |w|e|b|r|e|n|d|e|r|,102210fe594ee9b33d82058545b1ed14f4c8206e,ContentfulSpeedIndex,amazon,True,amazon ContentfulSpeedIndex opt fission warm webrender,,77,ms,firefox,444458591,1831362070,2024-01-24T11:40:35,174.3,ce20634f32a1b78384fbbc028b4f86266056e7fb,1365369
autoland,3870186,13,f36c3750a6bc0db1e2bc910e5f3a3acace5985a7,windows10-64-shippable-qr,True,False,,|f|i|s|s|i|o|n| |w|a|r|m| |w|e|b|r|e|n|d|e|r|,102210fe594ee9b33d82058545b1ed14f4c8206e,ContentfulSpeedIndex,amazon,True,amazon ContentfulSpeedIndex opt fission warm webrender,,77,ms,firefox,444547923,1831851655,2024-01-24T13:36:01,179.0,be8632f7e7d18102bb10385103f6cef2a0615b03,1365437
autoland,3870186,13,f36c3750a6bc0db1e2bc910e5f3a3acace5985a7,windows10-64-shippable-qr,True,False,,|f|i|s|s|i|o|n| |w|a|r|m| |w|e|b|r|e|n|d|e|r|,102210fe594ee9b33d82058545b1ed14f4c8206e,ContentfulSpeedIndex,amazon,True,amazon ContentfulSpeedIndex opt fission warm webrender,,77,ms,firefox,444547079,1831829228,2024-01-24T14:06:56,163.4,848327e627b55c5a1265d68591ecf4c756ce58e5,1365454
autoland,3870186,13,f36c3750a6bc0db1e2bc910e5f3a3acace5985a7,windows10-64-shippable-qr,True,False,,|f|i|s|s|i|o|n| |w|a|r|m| |w|e|b|r|e|n|d|e|r|,102210fe594ee9b33d82058545b1ed14f4c8206e,ContentfulSpeedIndex,amazon,True,amazon ContentfulSpeedIndex opt fission warm webrender,,77,ms,firefox,444487653,1831529550,2024-01-24T16:03:05,177.3,150dd33322ea6d34c4829f8e67efe7e37be8c48e,1365533
autoland,3870186,13,f36c3750a6bc0db1e2bc910e5f3a3acace5985a7,windows10-64-shippable-qr,True,False,,|f|i|s|s|i|o|n| |w|a|r|m| |w|e|b|r|e|n|d|e|r|,102210fe594ee9b33d82058545b1ed14f4c8206e,ContentfulSpeedIndex,amazon,True,amazon ContentfulSpeedIndex opt fission warm webrender,,77,ms,firefox,444505559,1831611598,2024-01-24T18:01:21,175.2,e22428605dbb49942204564b03db80f474ea35ba,1365677
autoland,3870186,13,f36c3750a6bc0db1e2bc910e5f3a3acace5985a7,windows10-64-shippable-qr,True,False,,|f|i|s|s|i|o|n| |w|a|r|m| |w|e|b|r|e|n|d|e|r|,102210fe594ee9b33d82058545b1ed14f4c8206e,ContentfulSpeedIndex,amazon,True,amazon ContentfulSpeedIndex opt fission warm webrender,,77,ms,firefox,444530410,1831735641,2024-01-24T22:08:16,168.0,b8b82bd9546fe4e63cd5e9d29248d87665c548b8,1365907
autoland,3870186,13,f36c3750a6bc0db1e2bc910e5f3a3acace5985a7,windows10-64-shippable-qr,True,False,,|f|i|s|s|i|o|n| |w|a|r|m| |w|e|b|r|e|n|d|e|r|,102210fe594ee9b33d82058545b1ed14f4c8206e,ContentfulSpeedIndex,amazon,True,amazon ContentfulSpeedIndex opt fission warm webrender,,77,ms,firefox,444547675,1831837941,2024-01-25T05:05:51,177.5,ce5606473bf95f0899f69034525766ca9d0ed749,1366048
autoland,3870186,13,f36c3750a6bc0db1e2bc910e5f3a3acace5985a7,windows10-64-shippable-qr,True,False,,|f|i|s|s|i|o|n| |w|a|r|m| |w|e|b|r|e|n|d|e|r|,102210fe594ee9b33d82058545b1ed14f4c8206e,ContentfulSpeedIndex,amazon,True,amazon ContentfulSpeedIndex opt fission warm webrender,,77,ms,firefox,444564060,1831907861,2024-01-25T07:56:38,176.5,c0289f78466cf0bf8a6871ef3417c180aab77e07,1366087
autoland,3870186,13,f36c3750a6bc0db1e2bc910e5f3a3acace5985a7,windows10-64-shippable-qr,True,False,,|f|i|s|s|i|o|n| |w|a|r|m| |w|e|b|r|e|n|d|e|r|,102210fe594ee9b33d82058545b1ed14f4c8206e,ContentfulSpeedIndex,amazon,True,amazon ContentfulSpeedIndex opt fission warm webrender,,77,ms,firefox,444598251,1832042826,2024-01-25T12:05:33,177.4,c746000752516a4b8ede1f6a5c7b2f4be12a33d7,1366202
autoland,3870186,13,f36c3750a6bc0db1e2bc910e5f3a3acace5985a7,windows10-64-shippable-qr,True,False,,|f|i|s|s|i|o|n| |w|a|r|m| |w|e|b|r|e|n|d|e|r|,102210fe594ee9b33d82058545b1ed14f4c8206e,ContentfulSpeedIndex,amazon,True,amazon ContentfulSpeedIndex opt fission warm webrender,,77,ms,firefox,444619222,1832156760,2024-01-25T15:26:29,170.1,34f197ce93a24d93523617eba67ecee2e990c37c,1366326
autoland,3870186,13,f36c3750a6bc0db1e2bc910e5f3a3acace5985a7,windows10-64-shippable-qr,True,False,,|f|i|s|s|i|o|n| |w|a|r|m| |w|e|b|r|e|n|d|e|r|,102210fe594ee9b33d82058545b1ed14f4c8206e,ContentfulSpeedIndex,amazon,True,amazon ContentfulSpeedIndex opt fission warm webrender,,77,ms,firefox,444651557,1832380041,2024-01-25T20:50:47,166.0,dd2a416c0c76b4cc9f6161d6be89aa7356e4eae5,1366563
autoland,3870186,13,f36c3750a6bc0db1e2bc910e5f3a3acace5985a7,windows10-64-shippable-qr,True,False,,|f|i|s|s|i|o|n| |w|a|r|m| |w|e|b|r|e|n|d|e|r|,102210fe594ee9b33d82058545b1ed14f4c8206e,ContentfulSpeedIndex,amazon,True,amazon ContentfulSpeedIndex opt fission warm webrender,,77,ms,firefox,444651217,1832347775,2024-01-25T20:51:29,171.4,5da1e842ef70c74d8ed72128e460f75b633fae95,1366564
autoland,3870186,13,f36c3750a6bc0db1e2bc910e5f3a3acace5985a7,windows10-64-shippable-qr,True,False,,|f|i|s|s|i|o|n| |w|a|r|m| |w|e|b|r|e|n|d|e|r|,102210fe594ee9b33d82058545b1ed14f4c8206e,ContentfulSpeedIndex,amazon,True,amazon ContentfulSpeedIndex opt fission warm webrender,,77,ms,firefox,444688595,1832515640,2024-01-26T03:41:27,161.2,a412d893c38f632f34b44a9c5b3fd8cc30bb87be,1366751
autoland,3870186,13,f36c3750a6bc0db1e2bc910e5f3a3acace5985a7,windows10-64-shippable-qr,True,False,,|f|i|s|s|i|o|n| |w|a|r|m| |w|e|b|r|e|n|d|e|r|,102210fe594ee9b33d82058545b1ed14f4c8206e,ContentfulSpeedIndex,amazon,True,amazon ContentfulSpeedIndex opt fission warm webrender,,77,ms,firefox,444743777,1832746259,2024-01-26T11:04:34,179.8,18f5823716e4c35d7c899d2ce4be7fcd66cab9d0,1366921
autoland,3870186,13,f36c3750a6bc0db1e2bc910e5f3a3acace5985a7,windows10-64-shippable-qr,True,False,,|f|i|s|s|i|o|n| |w|a|r|m| |w|e|b|r|e|n|d|e|r|,102210fe594ee9b33d82058545b1ed14f4c8206e,ContentfulSpeedIndex,amazon,True,amazon ContentfulSpeedIndex opt fission warm webrender,,77,ms,firefox,444784330,1832932545,2024-01-26T15:49:43,171.4,19005661ad786853d186a7d3434e6c290bccaa95,1367044
autoland,3870186,13,f36c3750a6bc0db1e2bc910e5f3a3acace5985a7,windows10-64-shippable-qr,True,False,,|f|i|s|s|i|o|n| |w|a|r|m| |w|e|b|r|e|n|d|e|r|,102210fe594ee9b33d82058545b1ed14f4c8206e,ContentfulSpeedIndex,amazon,True,amazon ContentfulSpeedIndex opt fission warm webrender,,77,ms,firefox,444785671,1832963029,2024-01-26T15:52:38,173.3,4641c3dcf0c3cfbdc8976f2fcc6898107149e19e,1367050
autoland,3870186,13,f36c3750a6bc0db1e2bc910e5f3a3acace5985a7,windows10-64-shippable-qr,True,False,,|f|i|s|s|i|o|n| |w|a|r|m| |w|e|b|r|e|n|d|e|r|,102210fe594ee9b33d82058545b1ed14f4c8206e,ContentfulSpeedIndex,amazon,True,amazon ContentfulSpeedIndex opt fission warm webrender,,77,ms,firefox,444817100,1833183332,2024-01-26T20:02:47,191.9,38fb47dac16804e3d5c8211277f084198e43de88,1367207
autoland,3870186,13,f36c3750a6bc0db1e2bc910e5f3a3acace5985a7,windows10-64-shippable-qr,True,False,,|f|i|s|s|i|o|n| |w|a|r|m| |w|e|b|r|e|n|d|e|r|,102210fe594ee9b33d82058545b1ed14f4c8206e,ContentfulSpeedIndex,amazon,True,amazon ContentfulSpeedIndex opt fission warm webrender,,77,ms,firefox,444810441,1833098099,2024-01-26T20:05:08,170.5,ac4906fa040ce76ad5ea8f73caf83045f291b613,1367213
autoland,3870186,13,f36c3750a6bc0db1e2bc910e5f3a3acace5985a7,windows10-64-shippable-qr,True,False,,|f|i|s|s|i|o|n| |w|a|r|m| |w|e|b|r|e|n|d|e|r|,102210fe594ee9b33d82058545b1ed14f4c8206e,ContentfulSpeedIndex,amazon,True,amazon ContentfulSpeedIndex opt fission warm webrender,,77,ms,firefox,444836219,1833241219,2024-01-27T00:32:58,169.7,99babcb9f349f4d91fe26290269d9d25fc1bbd04,1367362
autoland,3870186,13,f36c3750a6bc0db1e2bc910e5f3a3acace5985a7,windows10-64-shippable-qr,True,False,,|f|i|s|s|i|o|n| |w|a|r|m| |w|e|b|r|e|n|d|e|r|,102210fe594ee9b33d82058545b1ed14f4c8206e,ContentfulSpeedIndex,amazon,True,amazon ContentfulSpeedIndex opt fission warm webrender,,77,ms,firefox,444853759,1833430922,2024-01-27T06:05:38,169.2,1e79d9e65ec0577bb7d698c86edc6f35b4f92ce8,1367422
autoland,3870186,13,f36c3750a6bc0db1e2bc910e5f3a3acace5985a7,windows10-64-shippable-qr,True,False,,|f|i|s|s|i|o|n| |w|a|r|m| |w|e|b|r|e|n|d|e|r|,102210fe594ee9b33d82058545b1ed14f4c8206e,ContentfulSpeedIndex,amazon,True,amazon ContentfulSpeedIndex opt fission warm webrender,,77,ms,firefox,444882314,1833615014,2024-01-27T14:01:44,165.2,09a1abcfcfb73aa1ae9781d2816102729c0f82a6,1367473
autoland,3870186,13,f36c3750a6bc0db1e2bc910e5f3a3acace5985a7,windows10-64-shippable-qr,True,False,,|f|i|s|s|i|o|n| |w|a|r|m| |w|e|b|r|e|n|d|e|r|,102210fe594ee9b33d82058545b1ed14f4c8206e,ContentfulSpeedIndex,amazon,True,amazon ContentfulSpeedIndex opt fission warm webrender,,77,ms,firefox,444900561,1833737193,2024-01-28T01:17:56,171.3,2e376c0d1662606cf6811ab3ff138b784d465291,1367530
autoland,3870186,13,f36c3750a6bc0db1e2bc910e5f3a3acace5985a7,windows10-64-shippable-qr,True,False,,|f|i|s|s|i|o|n| |w|a|r|m| |w|e|b|r|e|n|d|e|r|,102210fe594ee9b33d82058545b1ed14f4c8206e,ContentfulSpeedIndex,amazon,True,amazon ContentfulSpeedIndex opt fission warm webrender,,77,ms,firefox,444905116,1833766570,2024-01-28T06:00:30,190.9,0f372a16b1e1e959f46701e4210f6a6eaf4e40ec,1367545
autoland,3870186,13,f36c3750a6bc0db1e2bc910e5f3a3acace5985a7,windows10-64-shippable-qr,True,False,,|f|i|s|s|i|o|n| |w|a|r|m| |w|e|b|r|e|n|d|e|r|,102210fe594ee9b33d82058545b1ed14f4c8206e,ContentfulSpeedIndex,amazon,True,amazon ContentfulSpeedIndex opt fission warm webrender,,77,ms,firefox,444937687,1833907747,2024-01-28T10:01:02,174.8,9b32d8116833ab08f4e3f0b18c12587ac1f9360b,1367556
autoland,3870186,13,f36c3750a6bc0db1e2bc910e5f3a3acace5985a7,windows10-64-shippable-qr,True,False,,|f|i|s|s|i|o|n| |w|a|r|m| |w|e|b|r|e|n|d|e|r|,102210fe594ee9b33d82058545b1ed14f4c8206e,ContentfulSpeedIndex,amazon,True,amazon ContentfulSpeedIndex opt fission warm webrender,,77,ms,firefox,444947235,1833990275,2024-01-28T14:31:15,171.0,13780f5cb2f5d698f35a23f2fafa1593ef7affe9,1367584
autoland,3870186,13,f36c3750a6bc0db1e2bc910e5f3a3acace5985a7,windows10-64-shippable-qr,True,False,,|f|i|s|s|i|o|n| |w|a|r|m| |w|e|b|r|e|n|d|e|r|,102210fe594ee9b33d82058545b1ed14f4c8206e,ContentfulSpeedIndex,amazon,True,amazon ContentfulSpeedIndex opt fission warm webrender,,77,ms,firefox,444969914,1834096948,2024-01-29T01:40:26,169.8,852acff05fb8be21502af8fc12cceeb2baa70dd7,1367631
autoland,3870186,13,f36c3750a6bc0db1e2bc910e5f3a3acace5985a7,windows10-64-shippable-qr,True,False,,|f|i|s|s|i|o|n| |w|a|r|m| |w|e|b|r|e|n|d|e|r|,102210fe594ee9b33d82058545b1ed14f4c8206e,ContentfulSpeedIndex,amazon,True,amazon ContentfulSpeedIndex opt fission warm webrender,,77,ms,firefox,445012476,1834315363,2024-01-29T10:50:01,171.2,fce9e73861891da48d1a0b85240491fa3e042f8b,1367743
autoland,3870186,13,f36c3750a6bc0db1e2bc910e5f3a3acace5985a7,windows10-64-shippable-qr,True,False,,|f|i|s|s|i|o|n| |w|a|r|m| |w|e|b|r|e|n|d|e|r|,102210fe594ee9b33d82058545b1ed14f4c8206e,ContentfulSpeedIndex,amazon,True,amazon ContentfulSpeedIndex opt fission warm webrender,,77,ms,firefox,445045966,1834435144,2024-01-29T14:53:09,157.1,97de3c8a7931e01c1a1c1cf6ac90a580607b77c9,1367876
autoland,3870186,13,f36c3750a6bc0db1e2bc910e5f3a3acace5985a7,windows10-64-shippable-qr,True,False,,|f|i|s|s|i|o|n| |w|a|r|m| |w|e|b|r|e|n|d|e|r|,102210fe594ee9b33d82058545b1ed14f4c8206e,ContentfulSpeedIndex,amazon,True,amazon ContentfulSpeedIndex opt fission warm webrender,,77,ms,firefox,445060571,1834484303,2024-01-29T14:59:33,173.1,8e91f5176c0f6e1689a893ed34d5046dbbd1122e,1367883
autoland,3870186,13,f36c3750a6bc0db1e2bc910e5f3a3acace5985a7,windows10-64-shippable-qr,True,False,,|f|i|s|s|i|o|n| |w|a|r|m| |w|e|b|r|e|n|d|e|r|,102210fe594ee9b33d82058545b1ed14f4c8206e,ContentfulSpeedIndex,amazon,True,amazon ContentfulSpeedIndex opt fission warm webrender,,77,ms,firefox,445074455,1834550237,2024-01-29T17:46:45,172.1,8913eab3409d19e1cf1a2c19f256256c293b3154,1368035
autoland,3870186,13,f36c3750a6bc0db1e2bc910e5f3a3acace5985a7,windows10-64-shippable-qr,True,False,,|f|i|s|s|i|o|n| |w|a|r|m| |w|e|b|r|e|n|d|e|r|,102210fe594ee9b33d82058545b1ed14f4c8206e,ContentfulSpeedIndex,amazon,True,amazon ContentfulSpeedIndex opt fission warm webrender,,77,ms,firefox,445097010,1834662164,2024-01-29T21:21:15,168.8,57a27d8b6d2a7f1f5c1ec710e4a09422fb9c05e1,1368229
autoland,3870186,13,f36c3750a6bc0db1e2bc910e5f3a3acace5985a7,windows10-64-shippable-qr,True,False,,|f|i|s|s|i|o|n| |w|a|r|m| |w|e|b|r|e|n|d|e|r|,102210fe594ee9b33d82058545b1ed14f4c8206e,ContentfulSpeedIndex,amazon,True,amazon ContentfulSpeedIndex opt fission warm webrender,,77,ms,firefox,445126018,1834821775,2024-01-29T23:10:28,175.0,b762b1918611946f2efce40512efc3b9e5dffeb4,1368268
autoland,3870186,13,f36c3750a6bc0db1e2bc910e5f3a3acace5985a7,windows10-64-shippable-qr,True,False,,|f|i|s|s|i|o|n| |w|a|r|m| |w|e|b|r|e|n|d|e|r|,102210fe594ee9b33d82058545b1ed14f4c8206e,ContentfulSpeedIndex,amazon,True,amazon ContentfulSpeedIndex opt fission warm webrender,,77,ms,firefox,445125311,1834792495,2024-01-29T23:11:10,166.3,cf44126862404cba2f62cb4052b457b4a17052c2,1368269
autoland,3870186,13,f36c3750a6bc0db1e2bc910e5f3a3acace5985a7,windows10-64-shippable-qr,True,False,,|f|i|s|s|i|o|n| |w|a|r|m| |w|e|b|r|e|n|d|e|r|,102210fe594ee9b33d82058545b1ed14f4c8206e,ContentfulSpeedIndex,amazon,True,amazon ContentfulSpeedIndex opt fission warm webrender,,77,ms,firefox,445116277,1834743805,2024-01-30T01:21:53,195.4,265910d5bfe79cc856e1c18d9e403fed38ee5a79,1368286
autoland,3870186,13,f36c3750a6bc0db1e2bc910e5f3a3acace5985a7,windows10-64-shippable-qr,True,False,,|f|i|s|s|i|o|n| |w|a|r|m| |w|e|b|r|e|n|d|e|r|,102210fe594ee9b33d82058545b1ed14f4c8206e,ContentfulSpeedIndex,amazon,True,amazon ContentfulSpeedIndex opt fission warm webrender,,77,ms,firefox,445291869,1835798538,2024-01-30T02:38:36,176.5,ab57d25172caf6ccb530b4064f03630a54325d5d,1368358
autoland,3870186,13,f36c3750a6bc0db1e2bc910e5f3a3acace5985a7,windows10-64-shippable-qr,True,False,,|f|i|s|s|i|o|n| |w|a|r|m| |w|e|b|r|e|n|d|e|r|,102210fe594ee9b33d82058545b1ed14f4c8206e,ContentfulSpeedIndex,amazon,True,amazon ContentfulSpeedIndex opt fission warm webrender,,77,ms,firefox,445283366,1835733366,2024-01-30T02:48:40,174.5,5d6eda16e0084bfea54586bd3a7cecf7c6a2c86b,1368362
autoland,3870186,13,f36c3750a6bc0db1e2bc910e5f3a3acace5985a7,windows10-64-shippable-qr,True,False,,|f|i|s|s|i|o|n| |w|a|r|m| |w|e|b|r|e|n|d|e|r|,102210fe594ee9b33d82058545b1ed14f4c8206e,ContentfulSpeedIndex,amazon,True,amazon ContentfulSpeedIndex opt fission warm webrender,,77,ms,firefox,445190581,1835360423,2024-01-30T13:09:07,173.7,a9528d76a91bc50db12b4a18830536bb25a6e378,1368599
autoland,3870186,13,f36c3750a6bc0db1e2bc910e5f3a3acace5985a7,windows10-64-shippable-qr,True,False,,|f|i|s|s|i|o|n| |w|a|r|m| |w|e|b|r|e|n|d|e|r|,102210fe594ee9b33d82058545b1ed14f4c8206e,ContentfulSpeedIndex,amazon,True,amazon ContentfulSpeedIndex opt fission warm webrender,,77,ms,firefox,445186824,1835253839,2024-01-30T13:14:31,168.0,91338712d82fcf42896cfc451e6341a5b95963b8,1368603
autoland,3870186,13,f36c3750a6bc0db1e2bc910e5f3a3acace5985a7,windows10-64-shippable-qr,True,False,,|f|i|s|s|i|o|n| |w|a|r|m| |w|e|b|r|e|n|d|e|r|,102210fe594ee9b33d82058545b1ed14f4c8206e,ContentfulSpeedIndex,amazon,True,amazon ContentfulSpeedIndex opt fission warm webrender,,77,ms,firefox,445287258,1835748638,2024-01-30T13:22:04,181.5,5eb08718b0d730bce22d08716392a14c090bbc8c,1368619
autoland,3870186,13,f36c3750a6bc0db1e2bc910e5f3a3acace5985a7,windows10-64-shippable-qr,True,False,,|f|i|s|s|i|o|n| |w|a|r|m| |w|e|b|r|e|n|d|e|r|,102210fe594ee9b33d82058545b1ed14f4c8206e,ContentfulSpeedIndex,amazon,True,amazon ContentfulSpeedIndex opt fission warm webrender,,77,ms,firefox,445283249,1835722354,2024-01-30T13:22:56,160.3,303334fc1459c8674765c0b5561251b283be50b9,1368620
autoland,3870186,13,f36c3750a6bc0db1e2bc910e5f3a3acace5985a7,windows10-64-shippable-qr,True,False,,|f|i|s|s|i|o|n| |w|a|r|m| |w|e|b|r|e|n|d|e|r|,102210fe594ee9b33d82058545b1ed14f4c8206e,ContentfulSpeedIndex,amazon,True,amazon ContentfulSpeedIndex opt fission warm webrender,,77,ms,firefox,445196103,1835378908,2024-01-30T14:29:15,179.0,1ac69623ae79a621c0035377f0841b1ba83070c1,1368655
autoland,3870186,13,f36c3750a6bc0db1e2bc910e5f3a3acace5985a7,windows10-64-shippable-qr,True,False,,|f|i|s|s|i|o|n| |w|a|r|m| |w|e|b|r|e|n|d|e|r|,102210fe594ee9b33d82058545b1ed14f4c8206e,ContentfulSpeedIndex,amazon,True,amazon ContentfulSpeedIndex opt fission warm webrender,,77,ms,firefox,445238141,1835466935,2024-01-30T18:56:21,167.4,a3dd43748dcdec6a27a5c140bfd611d463cd9acf,1368858
autoland,3870186,13,f36c3750a6bc0db1e2bc910e5f3a3acace5985a7,windows10-64-shippable-qr,True,False,,|f|i|s|s|i|o|n| |w|a|r|m| |w|e|b|r|e|n|d|e|r|,102210fe594ee9b33d82058545b1ed14f4c8206e,ContentfulSpeedIndex,amazon,True,amazon ContentfulSpeedIndex opt fission warm webrender,,77,ms,firefox,445249458,1835517853,2024-01-30T20:08:25,171.6,06b0ce1a9748e18deb48466efed01c1f5a8ff984,1368918
autoland,3870186,13,f36c3750a6bc0db1e2bc910e5f3a3acace5985a7,windows10-64-shippable-qr,True,False,,|f|i|s|s|i|o|n| |w|a|r|m| |w|e|b|r|e|n|d|e|r|,102210fe594ee9b33d82058545b1ed14f4c8206e,ContentfulSpeedIndex,amazon,True,amazon ContentfulSpeedIndex opt fission warm webrender,,77,ms,firefox,445292769,1835809625,2024-01-30T20:13:45,180.1,63688f915f53e04177a572d08a5064a8a019c0ba,1368925
autoland,3870186,13,f36c3750a6bc0db1e2bc910e5f3a3acace5985a7,windows10-64-shippable-qr,True,False,,|f|i|s|s|i|o|n| |w|a|r|m| |w|e|b|r|e|n|d|e|r|,102210fe594ee9b33d82058545b1ed14f4c8206e,ContentfulSpeedIndex,amazon,True,amazon ContentfulSpeedIndex opt fission warm webrender,,77,ms,firefox,445291805,1835767670,2024-01-30T20:14:27,177.0,e2dede5cbdb79929f778f477a6c8b412f31ea798,1368926
autoland,3870186,13,f36c3750a6bc0db1e2bc910e5f3a3acace5985a7,windows10-64-shippable-qr,True,False,,|f|i|s|s|i|o|n| |w|a|r|m| |w|e|b|r|e|n|d|e|r|,102210fe594ee9b33d82058545b1ed14f4c8206e,ContentfulSpeedIndex,amazon,True,amazon ContentfulSpeedIndex opt fission warm webrender,,77,ms,firefox,445276104,1835662232,2024-01-31T00:31:01,172.6,e35109546c3cb0f5957a604c27f5f1dd2b7f81c0,1369086
autoland,3870186,13,f36c3750a6bc0db1e2bc910e5f3a3acace5985a7,windows10-64-shippable-qr,True,False,,|f|i|s|s|i|o|n| |w|a|r|m| |w|e|b|r|e|n|d|e|r|,102210fe594ee9b33d82058545b1ed14f4c8206e,ContentfulSpeedIndex,amazon,True,amazon ContentfulSpeedIndex opt fission warm webrender,,77,ms,firefox,445278420,1835680811,2024-01-31T00:32:30,170.0,2cac2f68bfdcfc9012c537044bc475f076bda7b0,1369088
autoland,3870186,13,f36c3750a6bc0db1e2bc910e5f3a3acace5985a7,windows10-64-shippable-qr,True,False,,|f|i|s|s|i|o|n| |w|a|r|m| |w|e|b|r|e|n|d|e|r|,102210fe594ee9b33d82058545b1ed14f4c8206e,ContentfulSpeedIndex,amazon,True,amazon ContentfulSpeedIndex opt fission warm webrender,,77,ms,firefox,445447258,1836460366,2024-01-31T02:25:46,175.0,4bad0524f4b8414b9df64413ea27b7af4ec48644,1369133
autoland,3870186,13,f36c3750a6bc0db1e2bc910e5f3a3acace5985a7,windows10-64-shippable-qr,True,False,,|f|i|s|s|i|o|n| |w|a|r|m| |w|e|b|r|e|n|d|e|r|,102210fe594ee9b33d82058545b1ed14f4c8206e,ContentfulSpeedIndex,amazon,True,amazon ContentfulSpeedIndex opt fission warm webrender,,77,ms,firefox,445454049,1836515456,2024-01-31T02:44:42,178.7,6c256fa0d22a5793a40b8ab6aafb34d0dd55cffb,1369143
autoland,3870186,13,f36c3750a6bc0db1e2bc910e5f3a3acace5985a7,windows10-64-shippable-qr,True,False,,|f|i|s|s|i|o|n| |w|a|r|m| |w|e|b|r|e|n|d|e|r|,102210fe594ee9b33d82058545b1ed14f4c8206e,ContentfulSpeedIndex,amazon,True,amazon ContentfulSpeedIndex opt fission warm webrender,,77,ms,firefox,445294738,1835823415,2024-01-31T05:59:52,177.8,5f6f60ae2125dc46d98b4b9276bce2d562d1f1bf,1369182
autoland,3870186,13,f36c3750a6bc0db1e2bc910e5f3a3acace5985a7,windows10-64-shippable-qr,True,False,,|f|i|s|s|i|o|n| |w|a|r|m| |w|e|b|r|e|n|d|e|r|,102210fe594ee9b33d82058545b1ed14f4c8206e,ContentfulSpeedIndex,amazon,True,amazon ContentfulSpeedIndex opt fission warm webrender,,77,ms,firefox,445324049,1835967254,2024-01-31T10:01:40,171.8,201f8fe705d53181047778d1c0722017bab79e95,1369265
autoland,3870186,13,f36c3750a6bc0db1e2bc910e5f3a3acace5985a7,windows10-64-shippable-qr,True,False,,|f|i|s|s|i|o|n| |w|a|r|m| |w|e|b|r|e|n|d|e|r|,102210fe594ee9b33d82058545b1ed14f4c8206e,ContentfulSpeedIndex,amazon,True,amazon ContentfulSpeedIndex opt fission warm webrender,,77,ms,firefox,445348299,1836035650,2024-01-31T13:01:30,173.1,5e52e144df4112277cfdda903747f83f1f147385,1369309
autoland,3870186,13,f36c3750a6bc0db1e2bc910e5f3a3acace5985a7,windows10-64-shippable-qr,True,False,,|f|i|s|s|i|o|n| |w|a|r|m| |w|e|b|r|e|n|d|e|r|,102210fe594ee9b33d82058545b1ed14f4c8206e,ContentfulSpeedIndex,amazon,True,amazon ContentfulSpeedIndex opt fission warm webrender,,77,ms,firefox,445454453,1836579081,2024-01-31T15:58:13,192.1,b7dab3b0d3f470193a71c5bea19ee5fbaa6530f1,1369399
autoland,3870186,13,f36c3750a6bc0db1e2bc910e5f3a3acace5985a7,windows10-64-shippable-qr,True,False,,|f|i|s|s|i|o|n| |w|a|r|m| |w|e|b|r|e|n|d|e|r|,102210fe594ee9b33d82058545b1ed14f4c8206e,ContentfulSpeedIndex,amazon,True,amazon ContentfulSpeedIndex opt fission warm webrender,,77,ms,firefox,445453764,1836493890,2024-01-31T16:10:27,162.9,e5ffa1d00efcd98c1b4b7d4587f0ba8ea89a0db2,1369414
autoland,3870186,13,f36c3750a6bc0db1e2bc910e5f3a3acace5985a7,windows10-64-shippable-qr,True,False,,|f|i|s|s|i|o|n| |w|a|r|m| |w|e|b|r|e|n|d|e|r|,102210fe594ee9b33d82058545b1ed14f4c8206e,ContentfulSpeedIndex,amazon,True,amazon ContentfulSpeedIndex opt fission warm webrender,,77,ms,firefox,445392504,1836204168,2024-01-31T17:27:18,170.4,a0bd6c4162065e8caa2b60ce8082f77d53221fb7,1369495
autoland,3870186,13,f36c3750a6bc0db1e2bc910e5f3a3acace5985a7,windows10-64-shippable-qr,True,False,,|f|i|s|s|i|o|n| |w|a|r|m| |w|e|b|r|e|n|d|e|r|,102210fe594ee9b33d82058545b1ed14f4c8206e,ContentfulSpeedIndex,amazon,True,amazon ContentfulSpeedIndex opt fission warm webrender,,77,ms,firefox,445454181,1836557768,2024-01-31T18:16:51,175.0,51cfd5dc22d96a1bf9482904157e76f085fa7da7,1369525
autoland,3870186,13,f36c3750a6bc0db1e2bc910e5f3a3acace5985a7,windows10-64-shippable-qr,True,False,,|f|i|s|s|i|o|n| |w|a|r|m| |w|e|b|r|e|n|d|e|r|,102210fe594ee9b33d82058545b1ed14f4c8206e,ContentfulSpeedIndex,amazon,True,amazon ContentfulSpeedIndex opt fission warm webrender,,77,ms,firefox,445453881,1836502355,2024-01-31T18:17:34,176.5,e0dd05f7816f3194d0a0a1d44ea0ebc55454b442,1369526
autoland,3870186,13,f36c3750a6bc0db1e2bc910e5f3a3acace5985a7,windows10-64-shippable-qr,True,False,,|f|i|s|s|i|o|n| |w|a|r|m| |w|e|b|r|e|n|d|e|r|,102210fe594ee9b33d82058545b1ed14f4c8206e,ContentfulSpeedIndex,amazon,True,amazon ContentfulSpeedIndex opt fission warm webrender,,77,ms,firefox,445454206,1836559214,2024-01-31T18:17:34,161.4,e0dd05f7816f3194d0a0a1d44ea0ebc55454b442,1369526
autoland,3870186,13,f36c3750a6bc0db1e2bc910e5f3a3acace5985a7,windows10-64-shippable-qr,True,False,,|f|i|s|s|i|o|n| |w|a|r|m| |w|e|b|r|e|n|d|e|r|,102210fe594ee9b33d82058545b1ed14f4c8206e,ContentfulSpeedIndex,amazon,True,amazon ContentfulSpeedIndex opt fission warm webrender,,77,ms,firefox,445454464,1836579609,2024-01-31T18:24:40,164.0,79a0d8770b55cb81f688dd50a56f2c84295b70f2,1369535
autoland,3870186,13,f36c3750a6bc0db1e2bc910e5f3a3acace5985a7,windows10-64-shippable-qr,True,False,,|f|i|s|s|i|o|n| |w|a|r|m| |w|e|b|r|e|n|d|e|r|,102210fe594ee9b33d82058545b1ed14f4c8206e,ContentfulSpeedIndex,amazon,True,amazon ContentfulSpeedIndex opt fission warm webrender,,77,ms,firefox,445398476,1836231970,2024-01-31T18:39:44,172.0,6bfab7427c326136417b187f0df7a7c63528daa3,1369546
autoland,3870186,13,f36c3750a6bc0db1e2bc910e5f3a3acace5985a7,windows10-64-shippable-qr,True,False,,|f|i|s|s|i|o|n| |w|a|r|m| |w|e|b|r|e|n|d|e|r|,102210fe594ee9b33d82058545b1ed14f4c8206e,ContentfulSpeedIndex,amazon,True,amazon ContentfulSpeedIndex opt fission warm webrender,,77,ms,firefox,445430952,1836372296,2024-01-31T21:40:54,171.2,2ee5ce9b3c67b7e972b0dff7348ea32cb570880e,1369676
autoland,3870186,13,f36c3750a6bc0db1e2bc910e5f3a3acace5985a7,windows10-64-shippable-qr,True,False,,|f|i|s|s|i|o|n| |w|a|r|m| |w|e|b|r|e|n|d|e|r|,102210fe594ee9b33d82058545b1ed14f4c8206e,ContentfulSpeedIndex,amazon,True,amazon ContentfulSpeedIndex opt fission warm webrender,,77,ms,firefox,445445385,1836443073,2024-02-01T02:14:37,168.3,6db2a1e04f4120175d3aad9831795823a4269aab,1369822
autoland,3870186,13,f36c3750a6bc0db1e2bc910e5f3a3acace5985a7,windows10-64-shippable-qr,True,False,,|f|i|s|s|i|o|n| |w|a|r|m| |w|e|b|r|e|n|d|e|r|,102210fe594ee9b33d82058545b1ed14f4c8206e,ContentfulSpeedIndex,amazon,True,amazon ContentfulSpeedIndex opt fission warm webrender,,77,ms,firefox,445462935,1836591638,2024-02-01T06:47:17,173.9,959c3318d5c3f3881746455c2c584be49bb179b6,1369862
autoland,3870186,13,f36c3750a6bc0db1e2bc910e5f3a3acace5985a7,windows10-64-shippable-qr,True,False,,|f|i|s|s|i|o|n| |w|a|r|m| |w|e|b|r|e|n|d|e|r|,102210fe594ee9b33d82058545b1ed14f4c8206e,ContentfulSpeedIndex,amazon,True,amazon ContentfulSpeedIndex opt fission warm webrender,,77,ms,firefox,445502477,1836713842,2024-02-01T11:14:36,163.1,a6957fa936149dccf133bd99e165c5879c2cb4d5,1370007
autoland,3870186,13,f36c3750a6bc0db1e2bc910e5f3a3acace5985a7,windows10-64-shippable-qr,True,False,,|f|i|s|s|i|o|n| |w|a|r|m| |w|e|b|r|e|n|d|e|r|,102210fe594ee9b33d82058545b1ed14f4c8206e,ContentfulSpeedIndex,amazon,True,amazon ContentfulSpeedIndex opt fission warm webrender,,77,ms,firefox,445526622,1836786863,2024-02-01T13:09:51,170.1,93a67689b8581caaa6d429ea7105abf0dc55e98f,1370065
autoland,3870186,13,f36c3750a6bc0db1e2bc910e5f3a3acace5985a7,windows10-64-shippable-qr,True,False,,|f|i|s|s|i|o|n| |w|a|r|m| |w|e|b|r|e|n|d|e|r|,102210fe594ee9b33d82058545b1ed14f4c8206e,ContentfulSpeedIndex,amazon,True,amazon ContentfulSpeedIndex opt fission warm webrender,,77,ms,firefox,445570238,1837060775,2024-02-01T17:13:14,168.8,f84c76f9460d8a2a4048954be483e24638c0f39c,1370273
autoland,3870186,13,f36c3750a6bc0db1e2bc910e5f3a3acace5985a7,windows10-64-shippable-qr,True,False,,|f|i|s|s|i|o|n| |w|a|r|m| |w|e|b|r|e|n|d|e|r|,102210fe594ee9b33d82058545b1ed14f4c8206e,ContentfulSpeedIndex,amazon,True,amazon ContentfulSpeedIndex opt fission warm webrender,,77,ms,firefox,445577352,1837067284,2024-02-01T18:09:58,167.8,854c462a083b4271435625134f95ce342e243ccb,1370333
autoland,3870186,13,f36c3750a6bc0db1e2bc910e5f3a3acace5985a7,windows10-64-shippable-qr,True,False,,|f|i|s|s|i|o|n| |w|a|r|m| |w|e|b|r|e|n|d|e|r|,102210fe594ee9b33d82058545b1ed14f4c8206e,ContentfulSpeedIndex,amazon,True,amazon ContentfulSpeedIndex opt fission warm webrender,,77,ms,firefox,445612866,1837157768,2024-02-01T22:12:05,168.1,144c524a091e2ed65d62b4911026d3400cea02fa,1370552
autoland,3870186,13,f36c3750a6bc0db1e2bc910e5f3a3acace5985a7,windows10-64-shippable-qr,True,False,,|f|i|s|s|i|o|n| |w|a|r|m| |w|e|b|r|e|n|d|e|r|,102210fe594ee9b33d82058545b1ed14f4c8206e,ContentfulSpeedIndex,amazon,True,amazon ContentfulSpeedIndex opt fission warm webrender,,77,ms,firefox,445616197,1837179715,2024-02-01T22:19:46,163.6,085a323ab16cb288d40fca29f6bb35d5d7e85753,1370561
autoland,3870186,13,f36c3750a6bc0db1e2bc910e5f3a3acace5985a7,windows10-64-shippable-qr,True,False,,|f|i|s|s|i|o|n| |w|a|r|m| |w|e|b|r|e|n|d|e|r|,102210fe594ee9b33d82058545b1ed14f4c8206e,ContentfulSpeedIndex,amazon,True,amazon ContentfulSpeedIndex opt fission warm webrender,,77,ms,firefox,445629374,1837259466,2024-02-02T02:49:20,170.8,dd4c0135beb5076b1a073f8d52507b724781d423,1370659
autoland,3870186,13,f36c3750a6bc0db1e2bc910e5f3a3acace5985a7,windows10-64-shippable-qr,True,False,,|f|i|s|s|i|o|n| |w|a|r|m| |w|e|b|r|e|n|d|e|r|,102210fe594ee9b33d82058545b1ed14f4c8206e,ContentfulSpeedIndex,amazon,True,amazon ContentfulSpeedIndex opt fission warm webrender,,77,ms,firefox,445704006,1837560767,2024-02-02T13:54:17,163.3,90d84a362f057a96158ef63f7aa96d639916e390,1370837
autoland,3870186,13,f36c3750a6bc0db1e2bc910e5f3a3acace5985a7,windows10-64-shippable-qr,True,False,,|f|i|s|s|i|o|n| |w|a|r|m| |w|e|b|r|e|n|d|e|r|,102210fe594ee9b33d82058545b1ed14f4c8206e,ContentfulSpeedIndex,amazon,True,amazon ContentfulSpeedIndex opt fission warm webrender,,77,ms,firefox,445791981,1837990513,2024-02-02T13:58:28,173.2,85d4a93d2fce8e976fce8c0e6ae573731793a21d,1370841
autoland,3870186,13,f36c3750a6bc0db1e2bc910e5f3a3acace5985a7,windows10-64-shippable-qr,True,False,,|f|i|s|s|i|o|n| |w|a|r|m| |w|e|b|r|e|n|d|e|r|,102210fe594ee9b33d82058545b1ed14f4c8206e,ContentfulSpeedIndex,amazon,True,amazon ContentfulSpeedIndex opt fission warm webrender,,77,ms,firefox,445720607,1837638041,2024-02-02T14:44:09,153.3,2d3365b1475ea6b0234b76a4ccfefc8c11e491a0,1370872
autoland,3870186,13,f36c3750a6bc0db1e2bc910e5f3a3acace5985a7,windows10-64-shippable-qr,True,False,,|f|i|s|s|i|o|n| |w|a|r|m| |w|e|b|r|e|n|d|e|r|,102210fe594ee9b33d82058545b1ed14f4c8206e,ContentfulSpeedIndex,amazon,True,amazon ContentfulSpeedIndex opt fission warm webrender,,77,ms,firefox,445765802,1837865142,2024-02-02T19:53:24,161.7,67f13af428e383eb2f3472448564da31a6cd3eae,1371106
autoland,3870186,13,f36c3750a6bc0db1e2bc910e5f3a3acace5985a7,windows10-64-shippable-qr,True,False,,|f|i|s|s|i|o|n| |w|a|r|m| |w|e|b|r|e|n|d|e|r|,102210fe594ee9b33d82058545b1ed14f4c8206e,ContentfulSpeedIndex,amazon,True,amazon ContentfulSpeedIndex opt fission warm webrender,,77,ms,firefox,445774178,1837900481,2024-02-02T21:53:09,178.2,0a89948ba0c00bf10f2fb02375bb347cffbdc1e1,1371183
autoland,3870186,13,f36c3750a6bc0db1e2bc910e5f3a3acace5985a7,windows10-64-shippable-qr,True,False,,|f|i|s|s|i|o|n| |w|a|r|m| |w|e|b|r|e|n|d|e|r|,102210fe594ee9b33d82058545b1ed14f4c8206e,ContentfulSpeedIndex,amazon,True,amazon ContentfulSpeedIndex opt fission warm webrender,,77,ms,firefox,445787063,1837968183,2024-02-03T02:32:07,151.4,b9172a6f32d47b58f805d7cdc242ba32e55cb4a6,1371314
autoland,3870186,13,f36c3750a6bc0db1e2bc910e5f3a3acace5985a7,windows10-64-shippable-qr,True,False,,|f|i|s|s|i|o|n| |w|a|r|m| |w|e|b|r|e|n|d|e|r|,102210fe594ee9b33d82058545b1ed14f4c8206e,ContentfulSpeedIndex,amazon,True,amazon ContentfulSpeedIndex opt fission warm webrender,,77,ms,firefox,445797817,1838011333,2024-02-03T06:48:17,179.7,f8d442e9495d595bd8d4c6cbd272480f9d0dbfb5,1371333
autoland,3870186,13,f36c3750a6bc0db1e2bc910e5f3a3acace5985a7,windows10-64-shippable-qr,True,False,,|f|i|s|s|i|o|n| |w|a|r|m| |w|e|b|r|e|n|d|e|r|,102210fe594ee9b33d82058545b1ed14f4c8206e,ContentfulSpeedIndex,amazon,True,amazon ContentfulSpeedIndex opt fission warm webrender,,77,ms,firefox,445809699,1838058658,2024-02-03T09:08:28,158.9,6c316fd08b2f2ac6443dd8193a52f819df23ce2e,1371368
autoland,3870186,13,f36c3750a6bc0db1e2bc910e5f3a3acace5985a7,windows10-64-shippable-qr,True,False,,|f|i|s|s|i|o|n| |w|a|r|m| |w|e|b|r|e|n|d|e|r|,102210fe594ee9b33d82058545b1ed14f4c8206e,ContentfulSpeedIndex,amazon,True,amazon ContentfulSpeedIndex opt fission warm webrender,,77,ms,firefox,445832038,1838146843,2024-02-03T16:51:05,171.7,234a8e0fb95fc4c3f978bc6c198667481d3115da,1371417
autoland,3870186,13,f36c3750a6bc0db1e2bc910e5f3a3acace5985a7,windows10-64-shippable-qr,True,False,,|f|i|s|s|i|o|n| |w|a|r|m| |w|e|b|r|e|n|d|e|r|,102210fe594ee9b33d82058545b1ed14f4c8206e,ContentfulSpeedIndex,amazon,True,amazon ContentfulSpeedIndex opt fission warm webrender,,77,ms,firefox,445850428,1838253225,2024-02-04T01:32:05,175.2,7a5ad9c8b72b8e9fbc0f63d91a955bff54216958,1371481
autoland,3870186,13,f36c3750a6bc0db1e2bc910e5f3a3acace5985a7,windows10-64-shippable-qr,True,False,,|f|i|s|s|i|o|n| |w|a|r|m| |w|e|b|r|e|n|d|e|r|,102210fe594ee9b33d82058545b1ed14f4c8206e,ContentfulSpeedIndex,amazon,True,amazon ContentfulSpeedIndex opt fission warm webrender,,77,ms,firefox,445878762,1838422616,2024-02-04T11:04:08,154.1,eb281b3fd4660b5e7e7d1e77f7ebe3182c28569d,1371513
autoland,3870186,13,f36c3750a6bc0db1e2bc910e5f3a3acace5985a7,windows10-64-shippable-qr,True,False,,|f|i|s|s|i|o|n| |w|a|r|m| |w|e|b|r|e|n|d|e|r|,102210fe594ee9b33d82058545b1ed14f4c8206e,ContentfulSpeedIndex,amazon,True,amazon ContentfulSpeedIndex opt fission warm webrender,,77,ms,firefox,445890203,1838583258,2024-02-04T18:26:12,158.5,6cb794603d85d30882e94931d5c7cba2c609e8dd,1371541
autoland,3870186,13,f36c3750a6bc0db1e2bc910e5f3a3acace5985a7,windows10-64-shippable-qr,True,False,,|f|i|s|s|i|o|n| |w|a|r|m| |w|e|b|r|e|n|d|e|r|,102210fe594ee9b33d82058545b1ed14f4c8206e,ContentfulSpeedIndex,amazon,True,amazon ContentfulSpeedIndex opt fission warm webrender,,77,ms,firefox,445907998,1838660440,2024-02-05T01:14:58,168.3,778e884de4e5ecb46e2d212a6f5f4a13e465a3a4,1371575
autoland,3870186,13,f36c3750a6bc0db1e2bc910e5f3a3acace5985a7,windows10-64-shippable-qr,True,False,,|f|i|s|s|i|o|n| |w|a|r|m| |w|e|b|r|e|n|d|e|r|,102210fe594ee9b33d82058545b1ed14f4c8206e,ContentfulSpeedIndex,amazon,True,amazon ContentfulSpeedIndex opt fission warm webrender,,77,ms,firefox,445914911,1838701171,2024-02-05T06:38:18,176.0,9ca12d444230411e2168420a584a7f95e90c1f97,1371605
autoland,3870186,13,f36c3750a6bc0db1e2bc910e5f3a3acace5985a7,windows10-64-shippable-qr,True,False,,|f|i|s|s|i|o|n| |w|a|r|m| |w|e|b|r|e|n|d|e|r|,102210fe594ee9b33d82058545b1ed14f4c8206e,ContentfulSpeedIndex,amazon,True,amazon ContentfulSpeedIndex opt fission warm webrender,,77,ms,firefox,445953815,1838834169,2024-02-05T11:13:48,154.7,e026ce62cd3a8700c3c5fb7495521391420d3ef6,1371747
autoland,3870186,13,f36c3750a6bc0db1e2bc910e5f3a3acace5985a7,windows10-64-shippable-qr,True,False,,|f|i|s|s|i|o|n| |w|a|r|m| |w|e|b|r|e|n|d|e|r|,102210fe594ee9b33d82058545b1ed14f4c8206e,ContentfulSpeedIndex,amazon,True,amazon ContentfulSpeedIndex opt fission warm webrender,,77,ms,firefox,445996448,1838961766,2024-02-05T15:06:21,181.9,d67e058935bae8bfad9fb5868b225926a25cb64a,1371897
autoland,3870186,13,f36c3750a6bc0db1e2bc910e5f3a3acace5985a7,windows10-64-shippable-qr,True,False,,|f|i|s|s|i|o|n| |w|a|r|m| |w|e|b|r|e|n|d|e|r|,102210fe594ee9b33d82058545b1ed14f4c8206e,ContentfulSpeedIndex,amazon,True,amazon ContentfulSpeedIndex opt fission warm webrender,,77,ms,firefox,446079012,1839398166,2024-02-05T17:21:25,162.8,a3f956419067fa1803aa9210eb8252a3fc3daefa,1372043
autoland,3870186,13,f36c3750a6bc0db1e2bc910e5f3a3acace5985a7,windows10-64-shippable-qr,True,False,,|f|i|s|s|i|o|n| |w|a|r|m| |w|e|b|r|e|n|d|e|r|,102210fe594ee9b33d82058545b1ed14f4c8206e,ContentfulSpeedIndex,amazon,True,amazon ContentfulSpeedIndex opt fission warm webrender,,77,ms,firefox,446081526,1839422292,2024-02-05T17:33:45,160.5,ae1411029bf854cc5f5d7da7a72697df01667583,1372057
autoland,3870186,13,f36c3750a6bc0db1e2bc910e5f3a3acace5985a7,windows10-64-shippable-qr,True,False,,|f|i|s|s|i|o|n| |w|a|r|m| |w|e|b|r|e|n|d|e|r|,102210fe594ee9b33d82058545b1ed14f4c8206e,ContentfulSpeedIndex,amazon,True,amazon ContentfulSpeedIndex opt fission warm webrender,,77,ms,firefox,446024971,1839056982,2024-02-05T18:46:19,165.7,9559ddacce7e802c8bda80f0f58d6cfd6cdd2948,1372136
autoland,3870186,13,f36c3750a6bc0db1e2bc910e5f3a3acace5985a7,windows10-64-shippable-qr,True,False,,|f|i|s|s|i|o|n| |w|a|r|m| |w|e|b|r|e|n|d|e|r|,102210fe594ee9b33d82058545b1ed14f4c8206e,ContentfulSpeedIndex,amazon,True,amazon ContentfulSpeedIndex opt fission warm webrender,,77,ms,firefox,446061477,1839204254,2024-02-05T23:26:30,186.0,9f16b642b137c1390a012556c58e9f957a816ef6,1372325
autoland,3870186,13,f36c3750a6bc0db1e2bc910e5f3a3acace5985a7,windows10-64-shippable-qr,True,False,,|f|i|s|s|i|o|n| |w|a|r|m| |w|e|b|r|e|n|d|e|r|,102210fe594ee9b33d82058545b1ed14f4c8206e,ContentfulSpeedIndex,amazon,True,amazon ContentfulSpeedIndex opt fission warm webrender,,77,ms,firefox,446073959,1839273255,2024-02-06T03:53:00,179.7,1995789cfffa08b612d3571d2e8596837f772a49,1372390
autoland,3870186,13,f36c3750a6bc0db1e2bc910e5f3a3acace5985a7,windows10-64-shippable-qr,True,False,,|f|i|s|s|i|o|n| |w|a|r|m| |w|e|b|r|e|n|d|e|r|,102210fe594ee9b33d82058545b1ed14f4c8206e,ContentfulSpeedIndex,amazon,True,amazon ContentfulSpeedIndex opt fission warm webrender,,77,ms,firefox,446094948,1839469480,2024-02-06T07:31:17,163.8,df0b9539f5604a9aefc6916ce6ecf2e52670b78b,1372455
autoland,3870186,13,f36c3750a6bc0db1e2bc910e5f3a3acace5985a7,windows10-64-shippable-qr,True,False,,|f|i|s|s|i|o|n| |w|a|r|m| |w|e|b|r|e|n|d|e|r|,102210fe594ee9b33d82058545b1ed14f4c8206e,ContentfulSpeedIndex,amazon,True,amazon ContentfulSpeedIndex opt fission warm webrender,,77,ms,firefox,446146783,1839649443,2024-02-06T11:44:40,167.0,c48ca61bc9255db0107d377c103a752265b60eb8,1372588
autoland,3870186,13,f36c3750a6bc0db1e2bc910e5f3a3acace5985a7,windows10-64-shippable-qr,True,False,,|f|i|s|s|i|o|n| |w|a|r|m| |w|e|b|r|e|n|d|e|r|,102210fe594ee9b33d82058545b1ed14f4c8206e,ContentfulSpeedIndex,amazon,True,amazon ContentfulSpeedIndex opt fission warm webrender,,77,ms,firefox,446208080,1839878557,2024-02-06T17:15:13,172.6,79b38383448166074627506218757a9881ca5679,1372809
autoland,3870186,13,f36c3750a6bc0db1e2bc910e5f3a3acace5985a7,windows10-64-shippable-qr,True,False,,|f|i|s|s|i|o|n| |w|a|r|m| |w|e|b|r|e|n|d|e|r|,102210fe594ee9b33d82058545b1ed14f4c8206e,ContentfulSpeedIndex,amazon,True,amazon ContentfulSpeedIndex opt fission warm webrender,,77,ms,firefox,446215341,1839908893,2024-02-06T17:24:04,152.4,1f93ea2744765ca11b90874574cc12168d3828a5,1372818
autoland,3870186,13,f36c3750a6bc0db1e2bc910e5f3a3acace5985a7,windows10-64-shippable-qr,True,False,,|f|i|s|s|i|o|n| |w|a|r|m| |w|e|b|r|e|n|d|e|r|,102210fe594ee9b33d82058545b1ed14f4c8206e,ContentfulSpeedIndex,amazon,True,amazon ContentfulSpeedIndex opt fission warm webrender,,77,ms,firefox,446283267,1840303811,2024-02-06T18:54:58,177.0,7b42121a4f48dfc82d82b04a831204e7b9fa7cdb,1372905
autoland,3870186,13,f36c3750a6bc0db1e2bc910e5f3a3acace5985a7,windows10-64-shippable-qr,True,False,,|f|i|s|s|i|o|n| |w|a|r|m| |w|e|b|r|e|n|d|e|r|,102210fe594ee9b33d82058545b1ed14f4c8206e,ContentfulSpeedIndex,amazon,True,amazon ContentfulSpeedIndex opt fission warm webrender,,77,ms,firefox,446279811,1840270972,2024-02-06T18:55:39,175.5,e3c76a18de2b4456900f94551dae44407d64eaa3,1372906
autoland,3870186,13,f36c3750a6bc0db1e2bc910e5f3a3acace5985a7,windows10-64-shippable-qr,True,False,,|f|i|s|s|i|o|n| |w|a|r|m| |w|e|b|r|e|n|d|e|r|,102210fe594ee9b33d82058545b1ed14f4c8206e,ContentfulSpeedIndex,amazon,True,amazon ContentfulSpeedIndex opt fission warm webrender,,77,ms,firefox,446278324,1840253650,2024-02-07T04:17:01,160.8,1d87eb92ed10d04dccab53b631b14010ca09beb6,1373159
autoland,3870186,13,f36c3750a6bc0db1e2bc910e5f3a3acace5985a7,windows10-64-shippable-qr,True,False,,|f|i|s|s|i|o|n| |w|a|r|m| |w|e|b|r|e|n|d|e|r|,102210fe594ee9b33d82058545b1ed14f4c8206e,ContentfulSpeedIndex,amazon,True,amazon ContentfulSpeedIndex opt fission warm webrender,,77,ms,firefox,446280636,1840279838,2024-02-07T04:22:59,164.3,fce00cd55ffb9127f24e7e1d2186178f72429fce,1373168
autoland,3870186,13,f36c3750a6bc0db1e2bc910e5f3a3acace5985a7,windows10-64-shippable-qr,True,False,,|f|i|s|s|i|o|n| |w|a|r|m| |w|e|b|r|e|n|d|e|r|,102210fe594ee9b33d82058545b1ed14f4c8206e,ContentfulSpeedIndex,amazon,True,amazon ContentfulSpeedIndex opt fission warm webrender,,77,ms,firefox,446305834,1840404695,2024-02-07T08:54:39,178.4,df59ba0b3152fb8f6812b413bd2a6869bff469c1,1373246
autoland,3870186,13,f36c3750a6bc0db1e2bc910e5f3a3acace5985a7,windows10-64-shippable-qr,True,False,,|f|i|s|s|i|o|n| |w|a|r|m| |w|e|b|r|e|n|d|e|r|,102210fe594ee9b33d82058545b1ed14f4c8206e,ContentfulSpeedIndex,amazon,True,amazon ContentfulSpeedIndex opt fission warm webrender,,77,ms,firefox,446305330,1840395547,2024-02-07T09:01:16,163.2,ab5b008e36a4742d737a89c8cbfc1a69e2b76456,1373249
autoland,3870186,13,f36c3750a6bc0db1e2bc910e5f3a3acace5985a7,windows10-64-shippable-qr,True,False,,|f|i|s|s|i|o|n| |w|a|r|m| |w|e|b|r|e|n|d|e|r|,102210fe594ee9b33d82058545b1ed14f4c8206e,ContentfulSpeedIndex,amazon,True,amazon ContentfulSpeedIndex opt fission warm webrender,,77,ms,firefox,446357698,1840542397,2024-02-07T13:03:40,168.0,ec34bf3905e43d945effa45ba094092c7355d4b2,1373380
autoland,3870186,13,f36c3750a6bc0db1e2bc910e5f3a3acace5985a7,windows10-64-shippable-qr,True,False,,|f|i|s|s|i|o|n| |w|a|r|m| |w|e|b|r|e|n|d|e|r|,102210fe594ee9b33d82058545b1ed14f4c8206e,ContentfulSpeedIndex,amazon,True,amazon ContentfulSpeedIndex opt fission warm webrender,,77,ms,firefox,446374686,1840610428,2024-02-07T14:05:10,165.1,fdda8b6b095615f06fbef5c21ff9ad0a90927c83,1373437
autoland,3870186,13,f36c3750a6bc0db1e2bc910e5f3a3acace5985a7,windows10-64-shippable-qr,True,False,,|f|i|s|s|i|o|n| |w|a|r|m| |w|e|b|r|e|n|d|e|r|,102210fe594ee9b33d82058545b1ed14f4c8206e,ContentfulSpeedIndex,amazon,True,amazon ContentfulSpeedIndex opt fission warm webrender,,77,ms,firefox,446464390,1841019252,2024-02-07T16:25:30,165.9,1e73637ac83a296d733bc304b12c2e2f1ba09fe1,1373562
autoland,3870186,13,f36c3750a6bc0db1e2bc910e5f3a3acace5985a7,windows10-64-shippable-qr,True,False,,|f|i|s|s|i|o|n| |w|a|r|m| |w|e|b|r|e|n|d|e|r|,102210fe594ee9b33d82058545b1ed14f4c8206e,ContentfulSpeedIndex,amazon,True,amazon ContentfulSpeedIndex opt fission warm webrender,,77,ms,firefox,446465713,1841036627,2024-02-07T16:59:51,161.4,b2e92a2d742f43ad92c80b206b3db15a6256fdd8,1373603
autoland,3870186,13,f36c3750a6bc0db1e2bc910e5f3a3acace5985a7,windows10-64-shippable-qr,True,False,,|f|i|s|s|i|o|n| |w|a|r|m| |w|e|b|r|e|n|d|e|r|,102210fe594ee9b33d82058545b1ed14f4c8206e,ContentfulSpeedIndex,amazon,True,amazon ContentfulSpeedIndex opt fission warm webrender,,77,ms,firefox,446404652,1840723850,2024-02-07T17:25:01,166.8,fcafc196f2cef3d5c607edaa0f66c96cdf1708d6,1373622
autoland,3870186,13,f36c3750a6bc0db1e2bc910e5f3a3acace5985a7,windows10-64-shippable-qr,True,False,,|f|i|s|s|i|o|n| |w|a|r|m| |w|e|b|r|e|n|d|e|r|,102210fe594ee9b33d82058545b1ed14f4c8206e,ContentfulSpeedIndex,amazon,True,amazon ContentfulSpeedIndex opt fission warm webrender,,77,ms,firefox,446431675,1840851460,2024-02-07T21:31:39,158.7,0eee0e78f83c43165f612c4e7f3f7ff52d665b9c,1373826
autoland,3870186,13,f36c3750a6bc0db1e2bc910e5f3a3acace5985a7,windows10-64-shippable-qr,True,False,,|f|i|s|s|i|o|n| |w|a|r|m| |w|e|b|r|e|n|d|e|r|,102210fe594ee9b33d82058545b1ed14f4c8206e,ContentfulSpeedIndex,amazon,True,amazon ContentfulSpeedIndex opt fission warm webrender,,77,ms,firefox,446434806,1840874908,2024-02-07T21:36:53,165.7,1cb745ef034e9cd65d98c15632e13f5862e7390b,1373829
autoland,3870186,13,f36c3750a6bc0db1e2bc910e5f3a3acace5985a7,windows10-64-shippable-qr,True,False,,|f|i|s|s|i|o|n| |w|a|r|m| |w|e|b|r|e|n|d|e|r|,102210fe594ee9b33d82058545b1ed14f4c8206e,ContentfulSpeedIndex,amazon,True,amazon ContentfulSpeedIndex opt fission warm webrender,,77,ms,firefox,446456449,1840963137,2024-02-08T01:47:30,164.3,0cb1cb869761baae745081466c878e32a7d83888,1373927
autoland,3870186,13,f36c3750a6bc0db1e2bc910e5f3a3acace5985a7,windows10-64-shippable-qr,True,False,,|f|i|s|s|i|o|n| |w|a|r|m| |w|e|b|r|e|n|d|e|r|,102210fe594ee9b33d82058545b1ed14f4c8206e,ContentfulSpeedIndex,amazon,True,amazon ContentfulSpeedIndex opt fission warm webrender,,77,ms,firefox,446457862,1840981860,2024-02-08T02:38:53,172.2,bbcb9c75a4919aa67c2fc1ec689eb69d653990dd,1373953
autoland,3870186,13,f36c3750a6bc0db1e2bc910e5f3a3acace5985a7,windows10-64-shippable-qr,True,False,,|f|i|s|s|i|o|n| |w|a|r|m| |w|e|b|r|e|n|d|e|r|,102210fe594ee9b33d82058545b1ed14f4c8206e,ContentfulSpeedIndex,amazon,True,amazon ContentfulSpeedIndex opt fission warm webrender,,77,ms,firefox,446471687,1841070246,2024-02-08T07:03:19,150.1,344524bd7c755d7d7fcfca1d69503577b07db2b7,1374007
autoland,3870186,13,f36c3750a6bc0db1e2bc910e5f3a3acace5985a7,windows10-64-shippable-qr,True,False,,|f|i|s|s|i|o|n| |w|a|r|m| |w|e|b|r|e|n|d|e|r|,102210fe594ee9b33d82058545b1ed14f4c8206e,ContentfulSpeedIndex,amazon,True,amazon ContentfulSpeedIndex opt fission warm webrender,,77,ms,firefox,446530794,1841285081,2024-02-08T14:56:42,169.4,286029e09b16d8910d7110864541cdb9d4b84681,1374192
autoland,3870186,13,f36c3750a6bc0db1e2bc910e5f3a3acace5985a7,windows10-64-shippable-qr,True,False,,|f|i|s|s|i|o|n| |w|a|r|m| |w|e|b|r|e|n|d|e|r|,102210fe594ee9b33d82058545b1ed14f4c8206e,ContentfulSpeedIndex,amazon,True,amazon ContentfulSpeedIndex opt fission warm webrender,,77,ms,firefox,446535392,1841308040,2024-02-08T16:03:43,165.6,590071462358f92ff5d36dc8f99a472a45101fdb,1374244
autoland,3870186,13,f36c3750a6bc0db1e2bc910e5f3a3acace5985a7,windows10-64-shippable-qr,True,False,,|f|i|s|s|i|o|n| |w|a|r|m| |w|e|b|r|e|n|d|e|r|,102210fe594ee9b33d82058545b1ed14f4c8206e,ContentfulSpeedIndex,amazon,True,amazon ContentfulSpeedIndex opt fission warm webrender,,77,ms,firefox,446614494,1841622257,2024-02-08T16:06:07,165.7,d1407828e12f283b72201d60546963da4142ff63,1374249
autoland,3870186,13,f36c3750a6bc0db1e2bc910e5f3a3acace5985a7,windows10-64-shippable-qr,True,False,,|f|i|s|s|i|o|n| |w|a|r|m| |w|e|b|r|e|n|d|e|r|,102210fe594ee9b33d82058545b1ed14f4c8206e,ContentfulSpeedIndex,amazon,True,amazon ContentfulSpeedIndex opt fission warm webrender,,77,ms,firefox,446614050,1841619082,2024-02-08T16:06:52,175.0,242972a790a380b96902a401bcdf1e8ad8152951,1374250
autoland,3870186,13,f36c3750a6bc0db1e2bc910e5f3a3acace5985a7,windows10-64-shippable-qr,True,False,,|f|i|s|s|i|o|n| |w|a|r|m| |w|e|b|r|e|n|d|e|r|,102210fe594ee9b33d82058545b1ed14f4c8206e,ContentfulSpeedIndex,amazon,True,amazon ContentfulSpeedIndex opt fission warm webrender,,77,ms,firefox,446591465,1841549266,2024-02-08T22:41:03,149.1,8b424277a5065ea04bc1818e9ba12a8b24c12008,1374550
autoland,3870186,13,f36c3750a6bc0db1e2bc910e5f3a3acace5985a7,windows10-64-shippable-qr,True,False,,|f|i|s|s|i|o|n| |w|a|r|m| |w|e|b|r|e|n|d|e|r|,102210fe594ee9b33d82058545b1ed14f4c8206e,ContentfulSpeedIndex,amazon,True,amazon ContentfulSpeedIndex opt fission warm webrender,,77,ms,firefox,446591716,1841554698,2024-02-08T23:27:55,167.2,ba6c8f006d21287c25440f5141e3eead45bd9f96,1374577
autoland,3870186,13,f36c3750a6bc0db1e2bc910e5f3a3acace5985a7,windows10-64-shippable-qr,True,False,,|f|i|s|s|i|o|n| |w|a|r|m| |w|e|b|r|e|n|d|e|r|,102210fe594ee9b33d82058545b1ed14f4c8206e,ContentfulSpeedIndex,amazon,True,amazon ContentfulSpeedIndex opt fission warm webrender,,77,ms,firefox,446616575,1841642643,2024-02-09T04:08:21,166.7,b17a56f7d0a828b62b52f572c8237345bf64786f,1374660
autoland,3870186,13,f36c3750a6bc0db1e2bc910e5f3a3acace5985a7,windows10-64-shippable-qr,True,False,,|f|i|s|s|i|o|n| |w|a|r|m| |w|e|b|r|e|n|d|e|r|,102210fe594ee9b33d82058545b1ed14f4c8206e,ContentfulSpeedIndex,amazon,True,amazon ContentfulSpeedIndex opt fission warm webrender,,77,ms,firefox,446640182,1841744042,2024-02-09T08:27:03,164.6,7b81e807e547afd0cca0453e9697e58369ae5e92,1374718
autoland,3870186,13,f36c3750a6bc0db1e2bc910e5f3a3acace5985a7,windows10-64-shippable-qr,True,False,,|f|i|s|s|i|o|n| |w|a|r|m| |w|e|b|r|e|n|d|e|r|,102210fe594ee9b33d82058545b1ed14f4c8206e,ContentfulSpeedIndex,amazon,True,amazon ContentfulSpeedIndex opt fission warm webrender,,77,ms,firefox,446684935,1841901834,2024-02-09T11:56:29,161.9,045e453bba33077fb8d5641ca3706f3785ce14f5,1374806
autoland,3870186,13,f36c3750a6bc0db1e2bc910e5f3a3acace5985a7,windows10-64-shippable-qr,True,False,,|f|i|s|s|i|o|n| |w|a|r|m| |w|e|b|r|e|n|d|e|r|,102210fe594ee9b33d82058545b1ed14f4c8206e,ContentfulSpeedIndex,amazon,True,amazon ContentfulSpeedIndex opt fission warm webrender,,77,ms,firefox,446728666,1842038641,2024-02-09T16:09:01,160.6,193e6982f5a17f0fa7cced978df3079f87e4ad99,1374959
autoland,3870186,13,f36c3750a6bc0db1e2bc910e5f3a3acace5985a7,windows10-64-shippable-qr,True,False,,|f|i|s|s|i|o|n| |w|a|r|m| |w|e|b|r|e|n|d|e|r|,102210fe594ee9b33d82058545b1ed14f4c8206e,ContentfulSpeedIndex,amazon,True,amazon ContentfulSpeedIndex opt fission warm webrender,,77,ms,firefox,446741500,1842115447,2024-02-09T17:06:42,173.8,39d76f98160905dab2a294ece0e03ee8ba5ba4cc,1375009
autoland,3870186,13,f36c3750a6bc0db1e2bc910e5f3a3acace5985a7,windows10-64-shippable-qr,True,False,,|f|i|s|s|i|o|n| |w|a|r|m| |w|e|b|r|e|n|d|e|r|,102210fe594ee9b33d82058545b1ed14f4c8206e,ContentfulSpeedIndex,amazon,True,amazon ContentfulSpeedIndex opt fission warm webrender,,77,ms,firefox,446762702,1842198130,2024-02-09T21:47:15,148.4,0fb5f3212fd93e901bed6bb19bd8b63339869991,1375247
autoland,3870186,13,f36c3750a6bc0db1e2bc910e5f3a3acace5985a7,windows10-64-shippable-qr,True,False,,|f|i|s|s|i|o|n| |w|a|r|m| |w|e|b|r|e|n|d|e|r|,102210fe594ee9b33d82058545b1ed14f4c8206e,ContentfulSpeedIndex,amazon,True,amazon ContentfulSpeedIndex opt fission warm webrender,,77,ms,firefox,446787107,1842287332,2024-02-10T07:03:30,165.6,20876ae07c4b760464125773aa45200a98f34159,1375365
autoland,3870186,13,f36c3750a6bc0db1e2bc910e5f3a3acace5985a7,windows10-64-shippable-qr,True,False,,|f|i|s|s|i|o|n| |w|a|r|m| |w|e|b|r|e|n|d|e|r|,102210fe594ee9b33d82058545b1ed14f4c8206e,ContentfulSpeedIndex,amazon,True,amazon ContentfulSpeedIndex opt fission warm webrender,,77,ms,firefox,446811581,1842368292,2024-02-10T13:47:16,191.2,b09350ff8440d3ef5d3ac2b811bfe9a5d243196a,1375389
autoland,3870186,13,f36c3750a6bc0db1e2bc910e5f3a3acace5985a7,windows10-64-shippable-qr,True,False,,|f|i|s|s|i|o|n| |w|a|r|m| |w|e|b|r|e|n|d|e|r|,102210fe594ee9b33d82058545b1ed14f4c8206e,ContentfulSpeedIndex,amazon,True,amazon ContentfulSpeedIndex opt fission warm webrender,,77,ms,firefox,446821683,1842408603,2024-02-10T17:58:32,173.9,f6690a5e6ceef6b384dc31d4485e790a4935508a,1375417
autoland,3870186,13,f36c3750a6bc0db1e2bc910e5f3a3acace5985a7,windows10-64-shippable-qr,True,False,,|f|i|s|s|i|o|n| |w|a|r|m| |w|e|b|r|e|n|d|e|r|,102210fe594ee9b33d82058545b1ed14f4c8206e,ContentfulSpeedIndex,amazon,True,amazon ContentfulSpeedIndex opt fission warm webrender,,77,ms,firefox,446840260,1842472073,2024-02-11T02:31:23,150.3,f92c77fccb76549171ecc809818a26b1eb883b43,1375439
autoland,3870186,13,f36c3750a6bc0db1e2bc910e5f3a3acace5985a7,windows10-64-shippable-qr,True,False,,|f|i|s|s|i|o|n| |w|a|r|m| |w|e|b|r|e|n|d|e|r|,102210fe594ee9b33d82058545b1ed14f4c8206e,ContentfulSpeedIndex,amazon,True,amazon ContentfulSpeedIndex opt fission warm webrender,,77,ms,firefox,446873533,1842617466,2024-02-11T15:25:51,178.5,13676fc9b0cd8461cb9863d3a2d1b9a696a9c0f5,1375518
autoland,3870186,13,f36c3750a6bc0db1e2bc910e5f3a3acace5985a7,windows10-64-shippable-qr,True,False,,|f|i|s|s|i|o|n| |w|a|r|m| |w|e|b|r|e|n|d|e|r|,102210fe594ee9b33d82058545b1ed14f4c8206e,ContentfulSpeedIndex,amazon,True,amazon ContentfulSpeedIndex opt fission warm webrender,,77,ms,firefox,446934908,1842884292,2024-02-12T14:26:47,166.2,d1700411923cc3f12ce388da3db2f024d7cc438d,1375793
autoland,3870186,13,f36c3750a6bc0db1e2bc910e5f3a3acace5985a7,windows10-64-shippable-qr,True,False,,|f|i|s|s|i|o|n| |w|a|r|m| |w|e|b|r|e|n|d|e|r|,102210fe594ee9b33d82058545b1ed14f4c8206e,ContentfulSpeedIndex,amazon,True,amazon ContentfulSpeedIndex opt fission warm webrender,,77,ms,firefox,447045476,1843246121,2024-02-12T15:03:24,164.9,1d7c6ca36b30093e9822c8c2e74db03474e093cd,1375832
autoland,3870186,13,f36c3750a6bc0db1e2bc910e5f3a3acace5985a7,windows10-64-shippable-qr,True,False,,|f|i|s|s|i|o|n| |w|a|r|m| |w|e|b|r|e|n|d|e|r|,102210fe594ee9b33d82058545b1ed14f4c8206e,ContentfulSpeedIndex,amazon,True,amazon ContentfulSpeedIndex opt fission warm webrender,,77,ms,firefox,447048653,1843255060,2024-02-12T15:04:07,175.6,39631cf9791b027f8480e62183e72f6daf8ae046,1375833
autoland,3870186,13,f36c3750a6bc0db1e2bc910e5f3a3acace5985a7,windows10-64-shippable-qr,True,False,,|f|i|s|s|i|o|n| |w|a|r|m| |w|e|b|r|e|n|d|e|r|,102210fe594ee9b33d82058545b1ed14f4c8206e,ContentfulSpeedIndex,amazon,True,amazon ContentfulSpeedIndex opt fission warm webrender,,77,ms,firefox,446944817,1842923829,2024-02-12T15:53:07,159.3,cab51450b6bd71ade4db0f49831f7e402b375b45,1375888
autoland,3870186,13,f36c3750a6bc0db1e2bc910e5f3a3acace5985a7,windows10-64-shippable-qr,True,False,,|f|i|s|s|i|o|n| |w|a|r|m| |w|e|b|r|e|n|d|e|r|,102210fe594ee9b33d82058545b1ed14f4c8206e,ContentfulSpeedIndex,amazon,True,amazon ContentfulSpeedIndex opt fission warm webrender,,77,ms,firefox,447044842,1843206320,2024-02-12T18:30:03,177.8,753f8762281c81c9add69b918aa492348b16768f,1376028
autoland,3870186,13,f36c3750a6bc0db1e2bc910e5f3a3acace5985a7,windows10-64-shippable-qr,True,False,,|f|i|s|s|i|o|n| |w|a|r|m| |w|e|b|r|e|n|d|e|r|,102210fe594ee9b33d82058545b1ed14f4c8206e,ContentfulSpeedIndex,amazon,True,amazon ContentfulSpeedIndex opt fission warm webrender,,77,ms,firefox,447045218,1843216288,2024-02-12T18:31:48,174.3,86ac645e866184f4a0cbb7bcbebf05d1fd15b3b7,1376029
autoland,3870186,13,f36c3750a6bc0db1e2bc910e5f3a3acace5985a7,windows10-64-shippable-qr,True,False,,|f|i|s|s|i|o|n| |w|a|r|m| |w|e|b|r|e|n|d|e|r|,102210fe594ee9b33d82058545b1ed14f4c8206e,ContentfulSpeedIndex,amazon,True,amazon ContentfulSpeedIndex opt fission warm webrender,,77,ms,firefox,446978439,1843005295,2024-02-12T20:04:04,164.2,37ec3180a6cbce3bb2544f9a16b4ded4657c6eb6,1376093
autoland,3870186,13,f36c3750a6bc0db1e2bc910e5f3a3acace5985a7,windows10-64-shippable-qr,True,False,,|f|i|s|s|i|o|n| |w|a|r|m| |w|e|b|r|e|n|d|e|r|,102210fe594ee9b33d82058545b1ed14f4c8206e,ContentfulSpeedIndex,amazon,True,amazon ContentfulSpeedIndex opt fission warm webrender,,77,ms,firefox,446982547,1843022958,2024-02-12T20:15:07,170.4,995a3050d70cb954214be8710caa54a1794745ec,1376103
autoland,3870186,13,f36c3750a6bc0db1e2bc910e5f3a3acace5985a7,windows10-64-shippable-qr,True,False,,|f|i|s|s|i|o|n| |w|a|r|m| |w|e|b|r|e|n|d|e|r|,102210fe594ee9b33d82058545b1ed14f4c8206e,ContentfulSpeedIndex,amazon,True,amazon ContentfulSpeedIndex opt fission warm webrender,,77,ms,firefox,447045034,1843207467,2024-02-12T23:09:02,171.6,e7724c952412d5b322b1352d9665d9c956af76e8,1376230
autoland,3870186,13,f36c3750a6bc0db1e2bc910e5f3a3acace5985a7,windows10-64-shippable-qr,True,False,,|f|i|s|s|i|o|n| |w|a|r|m| |w|e|b|r|e|n|d|e|r|,102210fe594ee9b33d82058545b1ed14f4c8206e,ContentfulSpeedIndex,amazon,True,amazon ContentfulSpeedIndex opt fission warm webrender,,77,ms,firefox,447045274,1843233548,2024-02-12T23:09:49,173.7,81c51e73deee4f4acc645831425d6a915b7977e4,1376231
autoland,3870186,13,f36c3750a6bc0db1e2bc910e5f3a3acace5985a7,windows10-64-shippable-qr,True,False,,|f|i|s|s|i|o|n| |w|a|r|m| |w|e|b|r|e|n|d|e|r|,102210fe594ee9b33d82058545b1ed14f4c8206e,ContentfulSpeedIndex,amazon,True,amazon ContentfulSpeedIndex opt fission warm webrender,,77,ms,firefox,447022089,1843117948,2024-02-13T00:22:17,169.5,b316bafe790ef37c5585cadd21f6a2c8ebd749b9,1376256
autoland,3870186,13,f36c3750a6bc0db1e2bc910e5f3a3acace5985a7,windows10-64-shippable-qr,True,False,,|f|i|s|s|i|o|n| |w|a|r|m| |w|e|b|r|e|n|d|e|r|,102210fe594ee9b33d82058545b1ed14f4c8206e,ContentfulSpeedIndex,amazon,True,amazon ContentfulSpeedIndex opt fission warm webrender,,77,ms,firefox,447032423,1843158772,2024-02-13T02:51:29,169.3,52fc8e3041c5f42dfa50438336b110a9a5e77f2b,1376298
autoland,3870186,13,f36c3750a6bc0db1e2bc910e5f3a3acace5985a7,windows10-64-shippable-qr,True,False,,|f|i|s|s|i|o|n| |w|a|r|m| |w|e|b|r|e|n|d|e|r|,102210fe594ee9b33d82058545b1ed14f4c8206e,ContentfulSpeedIndex,amazon,True,amazon ContentfulSpeedIndex opt fission warm webrender,,77,ms,firefox,447059352,1843295012,2024-02-13T06:57:28,166.8,5f6ad5b21119b4bbef2bc6c9153e0f7329c20ebe,1376370
autoland,3870186,13,f36c3750a6bc0db1e2bc910e5f3a3acace5985a7,windows10-64-shippable-qr,True,False,,|f|i|s|s|i|o|n| |w|a|r|m| |w|e|b|r|e|n|d|e|r|,102210fe594ee9b33d82058545b1ed14f4c8206e,ContentfulSpeedIndex,amazon,True,amazon ContentfulSpeedIndex opt fission warm webrender,,77,ms,firefox,447091805,1843389482,2024-02-13T09:49:45,165.5,c5320acccd4a760b0ae41149fcdd8fe44b658ee7,1376447
autoland,3870186,13,f36c3750a6bc0db1e2bc910e5f3a3acace5985a7,windows10-64-shippable-qr,True,False,,|f|i|s|s|i|o|n| |w|a|r|m| |w|e|b|r|e|n|d|e|r|,102210fe594ee9b33d82058545b1ed14f4c8206e,ContentfulSpeedIndex,amazon,True,amazon ContentfulSpeedIndex opt fission warm webrender,,77,ms,firefox,447111670,1843478942,2024-02-13T13:45:34,164.5,0d474eb34652f4c47a16b6d83012c0f2e026dc00,1376559
autoland,3870186,13,f36c3750a6bc0db1e2bc910e5f3a3acace5985a7,windows10-64-shippable-qr,True,False,,|f|i|s|s|i|o|n| |w|a|r|m| |w|e|b|r|e|n|d|e|r|,102210fe594ee9b33d82058545b1ed14f4c8206e,ContentfulSpeedIndex,amazon,True,amazon ContentfulSpeedIndex opt fission warm webrender,,77,ms,firefox,447131459,1843551575,2024-02-13T16:46:39,168.6,17329a53b9f9a20247103958883a0ce7c42af78d,1376703
autoland,3870186,13,f36c3750a6bc0db1e2bc910e5f3a3acace5985a7,windows10-64-shippable-qr,True,False,,|f|i|s|s|i|o|n| |w|a|r|m| |w|e|b|r|e|n|d|e|r|,102210fe594ee9b33d82058545b1ed14f4c8206e,ContentfulSpeedIndex,amazon,True,amazon ContentfulSpeedIndex opt fission warm webrender,,77,ms,firefox,447196428,1843745184,2024-02-14T00:47:09,170.6,4a18caac75720f24abc9063ce8df5fa6b7948aa4,1376921
autoland,3870186,13,f36c3750a6bc0db1e2bc910e5f3a3acace5985a7,windows10-64-shippable-qr,True,False,,|f|i|s|s|i|o|n| |w|a|r|m| |w|e|b|r|e|n|d|e|r|,102210fe594ee9b33d82058545b1ed14f4c8206e,ContentfulSpeedIndex,amazon,True,amazon ContentfulSpeedIndex opt fission warm webrender,,77,ms,firefox,447199661,1843765250,2024-02-14T01:35:59,155.8,aaaa3f2b8fed9e159a8b08e4263034e9a051be71,1376937
autoland,3870186,13,f36c3750a6bc0db1e2bc910e5f3a3acace5985a7,windows10-64-shippable-qr,True,False,,|f|i|s|s|i|o|n| |w|a|r|m| |w|e|b|r|e|n|d|e|r|,102210fe594ee9b33d82058545b1ed14f4c8206e,ContentfulSpeedIndex,amazon,True,amazon ContentfulSpeedIndex opt fission warm webrender,,77,ms,firefox,447217239,1843831957,2024-02-14T05:55:05,177.7,1b24ea8c2e7e02f00bd61e8cd672da76b16c42a6,1376972
autoland,3870186,13,f36c3750a6bc0db1e2bc910e5f3a3acace5985a7,windows10-64-shippable-qr,True,False,,|f|i|s|s|i|o|n| |w|a|r|m| |w|e|b|r|e|n|d|e|r|,102210fe594ee9b33d82058545b1ed14f4c8206e,ContentfulSpeedIndex,amazon,True,amazon ContentfulSpeedIndex opt fission warm webrender,,77,ms,firefox,447274713,1843987074,2024-02-14T15:32:04,158.6,dca10aca1871edfdba5107bc7766982b186d7f2c,1377071
autoland,3870186,13,f36c3750a6bc0db1e2bc910e5f3a3acace5985a7,windows10-64-shippable-qr,True,False,,|f|i|s|s|i|o|n| |w|a|r|m| |w|e|b|r|e|n|d|e|r|,102210fe594ee9b33d82058545b1ed14f4c8206e,ContentfulSpeedIndex,amazon,True,amazon ContentfulSpeedIndex opt fission warm webrender,,77,ms,firefox,447280293,1844009091,2024-02-14T15:37:30,166.2,2ea0fda6ec6ed02a530a3a4bb67fabb0d14d403f,1377078
autoland,3870186,13,f36c3750a6bc0db1e2bc910e5f3a3acace5985a7,windows10-64-shippable-qr,True,False,,|f|i|s|s|i|o|n| |w|a|r|m| |w|e|b|r|e|n|d|e|r|,102210fe594ee9b33d82058545b1ed14f4c8206e,ContentfulSpeedIndex,amazon,True,amazon ContentfulSpeedIndex opt fission warm webrender,,77,ms,firefox,447349243,1844249423,2024-02-14T17:52:22,164.2,466985b4c0ca5b200d4dac6fe17e528f81b1c8a7,1377119
autoland,3870186,13,f36c3750a6bc0db1e2bc910e5f3a3acace5985a7,windows10-64-shippable-qr,True,False,,|f|i|s|s|i|o|n| |w|a|r|m| |w|e|b|r|e|n|d|e|r|,102210fe594ee9b33d82058545b1ed14f4c8206e,ContentfulSpeedIndex,amazon,True,amazon ContentfulSpeedIndex opt fission warm webrender,,77,ms,firefox,447356477,1844290884,2024-02-14T17:53:01,168.5,223dbcb9e4a51eb75c8c9ed3cd201826a8600b3b,1377120
autoland,3870186,13,f36c3750a6bc0db1e2bc910e5f3a3acace5985a7,windows10-64-shippable-qr,True,False,,|f|i|s|s|i|o|n| |w|a|r|m| |w|e|b|r|e|n|d|e|r|,102210fe594ee9b33d82058545b1ed14f4c8206e,ContentfulSpeedIndex,amazon,True,amazon ContentfulSpeedIndex opt fission warm webrender,,77,ms,firefox,447312738,1844095536,2024-02-14T20:39:05,173.1,b0b34dab81d56b5e5ee526c9f44e926db4b27dce,1377195
autoland,3870186,13,f36c3750a6bc0db1e2bc910e5f3a3acace5985a7,windows10-64-shippable-qr,True,False,,|f|i|s|s|i|o|n| |w|a|r|m| |w|e|b|r|e|n|d|e|r|,102210fe594ee9b33d82058545b1ed14f4c8206e,ContentfulSpeedIndex,amazon,True,amazon ContentfulSpeedIndex opt fission warm webrender,,77,ms,firefox,447331630,1844156985,2024-02-15T00:51:05,163.1,981afc9a696a12b7e873eae165925138a2726efe,1377256
autoland,3870186,13,f36c3750a6bc0db1e2bc910e5f3a3acace5985a7,windows10-64-shippable-qr,True,False,,|f|i|s|s|i|o|n| |w|a|r|m| |w|e|b|r|e|n|d|e|r|,102210fe594ee9b33d82058545b1ed14f4c8206e,ContentfulSpeedIndex,amazon,True,amazon ContentfulSpeedIndex opt fission warm webrender,,77,ms,firefox,447348970,1844246151,2024-02-15T04:52:31,169.1,aa5fc411278d3beae081682cb31a2167257d3aed,1377304
autoland,3870186,13,f36c3750a6bc0db1e2bc910e5f3a3acace5985a7,windows10-64-shippable-qr,True,False,,|f|i|s|s|i|o|n| |w|a|r|m| |w|e|b|r|e|n|d|e|r|,102210fe594ee9b33d82058545b1ed14f4c8206e,ContentfulSpeedIndex,amazon,True,amazon ContentfulSpeedIndex opt fission warm webrender,,77,ms,firefox,447393738,1844403298,2024-02-15T12:49:34,160.2,2b4e9ee6225f1183da45d24404e72f48e3803f08,1377375
autoland,3870186,13,f36c3750a6bc0db1e2bc910e5f3a3acace5985a7,windows10-64-shippable-qr,True,False,,|f|i|s|s|i|o|n| |w|a|r|m| |w|e|b|r|e|n|d|e|r|,102210fe594ee9b33d82058545b1ed14f4c8206e,ContentfulSpeedIndex,amazon,True,amazon ContentfulSpeedIndex opt fission warm webrender,,77,ms,firefox,447409342,1844466991,2024-02-15T16:23:45,179.8,dbe553dd13b79a3c4821f203f3adca31fe71cc56,1377427
autoland,3870186,13,f36c3750a6bc0db1e2bc910e5f3a3acace5985a7,windows10-64-shippable-qr,True,False,,|f|i|s|s|i|o|n| |w|a|r|m| |w|e|b|r|e|n|d|e|r|,102210fe594ee9b33d82058545b1ed14f4c8206e,ContentfulSpeedIndex,amazon,True,amazon ContentfulSpeedIndex opt fission warm webrender,,77,ms,firefox,447473486,1844700039,2024-02-15T16:24:25,178.0,960b4f0570e98c1d761e11649d09838eb8123a33,1377428
autoland,3870186,13,f36c3750a6bc0db1e2bc910e5f3a3acace5985a7,windows10-64-shippable-qr,True,False,,|f|i|s|s|i|o|n| |w|a|r|m| |w|e|b|r|e|n|d|e|r|,102210fe594ee9b33d82058545b1ed14f4c8206e,ContentfulSpeedIndex,amazon,True,amazon ContentfulSpeedIndex opt fission warm webrender,,77,ms,firefox,447432355,1844559566,2024-02-15T20:44:46,175.3,02d5bc9805676f9a22f3cef50c86ddc38e7534d9,1377493
autoland,3870186,13,f36c3750a6bc0db1e2bc910e5f3a3acace5985a7,windows10-64-shippable-qr,True,False,,|f|i|s|s|i|o|n| |w|a|r|m| |w|e|b|r|e|n|d|e|r|,102210fe594ee9b33d82058545b1ed14f4c8206e,ContentfulSpeedIndex,amazon,True,amazon ContentfulSpeedIndex opt fission warm webrender,,77,ms,firefox,447449059,1844620648,2024-02-15T22:19:13,171.0,798af36e79586239c3954fe06796d9a27a353b92,1377518
autoland,3870186,13,f36c3750a6bc0db1e2bc910e5f3a3acace5985a7,windows10-64-shippable-qr,True,False,,|f|i|s|s|i|o|n| |w|a|r|m| |w|e|b|r|e|n|d|e|r|,102210fe594ee9b33d82058545b1ed14f4c8206e,ContentfulSpeedIndex,amazon,True,amazon ContentfulSpeedIndex opt fission warm webrender,,77,ms,firefox,447482153,1844722014,2024-02-16T06:24:45,149.8,861d200fe3e761e23bbb6ce556446725fb01cd43,1378006
autoland,3870186,13,f36c3750a6bc0db1e2bc910e5f3a3acace5985a7,windows10-64-shippable-qr,True,False,,|f|i|s|s|i|o|n| |w|a|r|m| |w|e|b|r|e|n|d|e|r|,102210fe594ee9b33d82058545b1ed14f4c8206e,ContentfulSpeedIndex,amazon,True,amazon ContentfulSpeedIndex opt fission warm webrender,,77,ms,firefox,447522358,1844835723,2024-02-16T14:55:53,184.9,313b43f262a908e7e012c7d19f326345a0863bae,1378386
autoland,3870186,13,f36c3750a6bc0db1e2bc910e5f3a3acace5985a7,windows10-64-shippable-qr,True,False,,|f|i|s|s|i|o|n| |w|a|r|m| |w|e|b|r|e|n|d|e|r|,102210fe594ee9b33d82058545b1ed14f4c8206e,ContentfulSpeedIndex,amazon,True,amazon ContentfulSpeedIndex opt fission warm webrender,,77,ms,firefox,447565144,1845034336,2024-02-17T16:55:38,172.0,2af34b4c9adf8c8defd3251b569af9c38cc0a429,1378583
autoland,3870186,13,f36c3750a6bc0db1e2bc910e5f3a3acace5985a7,windows10-64-shippable-qr,True,False,,|f|i|s|s|i|o|n| |w|a|r|m| |w|e|b|r|e|n|d|e|r|,102210fe594ee9b33d82058545b1ed14f4c8206e,ContentfulSpeedIndex,amazon,True,amazon ContentfulSpeedIndex opt fission warm webrender,,77,ms,firefox,447596033,1845212460,2024-02-19T03:31:58,183.4,fcdb3e9046c67688b2a5b8aeb6451b081b3b52ea,1378717
autoland,3870186,13,f36c3750a6bc0db1e2bc910e5f3a3acace5985a7,windows10-64-shippable-qr,True,False,,|f|i|s|s|i|o|n| |w|a|r|m| |w|e|b|r|e|n|d|e|r|,102210fe594ee9b33d82058545b1ed14f4c8206e,ContentfulSpeedIndex,amazon,True,amazon ContentfulSpeedIndex opt fission warm webrender,,77,ms,firefox,447616920,1845293163,2024-02-19T10:14:02,148.4,1dcfa194ad7d005175d431adf6ee3b93c00fb453,1378796
autoland,3870186,13,f36c3750a6bc0db1e2bc910e5f3a3acace5985a7,windows10-64-shippable-qr,True,False,,|f|i|s|s|i|o|n| |w|a|r|m| |w|e|b|r|e|n|d|e|r|,102210fe594ee9b33d82058545b1ed14f4c8206e,ContentfulSpeedIndex,amazon,True,amazon ContentfulSpeedIndex opt fission warm webrender,,77,ms,firefox,447641758,1845387836,2024-02-19T12:40:02,148.8,ac4ab326e785a5ad42ce51b54749c2bcce394916,1378838
autoland,3870186,13,f36c3750a6bc0db1e2bc910e5f3a3acace5985a7,windows10-64-shippable-qr,True,False,,|f|i|s|s|i|o|n| |w|a|r|m| |w|e|b|r|e|n|d|e|r|,102210fe594ee9b33d82058545b1ed14f4c8206e,ContentfulSpeedIndex,amazon,True,amazon ContentfulSpeedIndex opt fission warm webrender,,77,ms,firefox,447667580,1845448540,2024-02-19T16:50:13,168.4,bef8b1b461b8524917fc01cd866e903290b1d7f6,1378949
autoland,3870186,13,f36c3750a6bc0db1e2bc910e5f3a3acace5985a7,windows10-64-shippable-qr,True,False,,|f|i|s|s|i|o|n| |w|a|r|m| |w|e|b|r|e|n|d|e|r|,102210fe594ee9b33d82058545b1ed14f4c8206e,ContentfulSpeedIndex,amazon,True,amazon ContentfulSpeedIndex opt fission warm webrender,,77,ms,firefox,447689022,1845512905,2024-02-19T20:56:27,157.8,2f43b0ae1352efb25f67ffe4f86884c0eb959adb,1379008
autoland,3870186,13,f36c3750a6bc0db1e2bc910e5f3a3acace5985a7,windows10-64-shippable-qr,True,False,,|f|i|s|s|i|o|n| |w|a|r|m| |w|e|b|r|e|n|d|e|r|,102210fe594ee9b33d82058545b1ed14f4c8206e,ContentfulSpeedIndex,amazon,True,amazon ContentfulSpeedIndex opt fission warm webrender,,77,ms,firefox,447699521,1845560974,2024-02-19T22:19:49,166.1,e9309553f817fa164bde4c229fe12ae51207bed9,1379038
autoland,3870186,13,f36c3750a6bc0db1e2bc910e5f3a3acace5985a7,windows10-64-shippable-qr,True,False,,|f|i|s|s|i|o|n| |w|a|r|m| |w|e|b|r|e|n|d|e|r|,102210fe594ee9b33d82058545b1ed14f4c8206e,ContentfulSpeedIndex,amazon,True,amazon ContentfulSpeedIndex opt fission warm webrender,,77,ms,firefox,447716365,1845650257,2024-02-19T22:21:54,161.1,da0966c2c2d5b4f7c7f1b4d5702cd8c1f77e8633,1379039
autoland,3870186,13,f36c3750a6bc0db1e2bc910e5f3a3acace5985a7,windows10-64-shippable-qr,True,False,,|f|i|s|s|i|o|n| |w|a|r|m| |w|e|b|r|e|n|d|e|r|,102210fe594ee9b33d82058545b1ed14f4c8206e,ContentfulSpeedIndex,amazon,True,amazon ContentfulSpeedIndex opt fission warm webrender,,77,ms,firefox,447712314,1845609786,2024-02-20T03:01:00,170.8,ad2add2f3c608b924436c34684c1a775130e74ce,1379095
autoland,3870186,13,f36c3750a6bc0db1e2bc910e5f3a3acace5985a7,windows10-64-shippable-qr,True,False,,|f|i|s|s|i|o|n| |w|a|r|m| |w|e|b|r|e|n|d|e|r|,102210fe594ee9b33d82058545b1ed14f4c8206e,ContentfulSpeedIndex,amazon,True,amazon ContentfulSpeedIndex opt fission warm webrender,,77,ms,firefox,447732413,1845727557,2024-02-20T09:01:06,155.1,cc3c4937fb69e80b552b61a4f2dfd1405b518d89,1379152
autoland,3870186,13,f36c3750a6bc0db1e2bc910e5f3a3acace5985a7,windows10-64-shippable-qr,True,False,,|f|i|s|s|i|o|n| |w|a|r|m| |w|e|b|r|e|n|d|e|r|,102210fe594ee9b33d82058545b1ed14f4c8206e,ContentfulSpeedIndex,amazon,True,amazon ContentfulSpeedIndex opt fission warm webrender,,77,ms,firefox,447778598,1845904102,2024-02-20T16:46:59,163.3,0465723cfb4ca46ccf93d696eb564093a1d9f2e6,1379390
autoland,3870186,13,f36c3750a6bc0db1e2bc910e5f3a3acace5985a7,windows10-64-shippable-qr,True,False,,|f|i|s|s|i|o|n| |w|a|r|m| |w|e|b|r|e|n|d|e|r|,102210fe594ee9b33d82058545b1ed14f4c8206e,ContentfulSpeedIndex,amazon,True,amazon ContentfulSpeedIndex opt fission warm webrender,,77,ms,firefox,447801334,1845970210,2024-02-20T20:06:07,167.4,53f7baad39fc2408bc5c1ab6df97372a395730a4,1379528
autoland,3870186,13,f36c3750a6bc0db1e2bc910e5f3a3acace5985a7,windows10-64-shippable-qr,True,False,,|f|i|s|s|i|o|n| |w|a|r|m| |w|e|b|r|e|n|d|e|r|,102210fe594ee9b33d82058545b1ed14f4c8206e,ContentfulSpeedIndex,amazon,True,amazon ContentfulSpeedIndex opt fission warm webrender,,77,ms,firefox,447831821,1846067588,2024-02-21T00:08:41,176.9,05e1180d2aa04a8882ff66dfaeeb0705694f7a61,1379609
autoland,3870186,13,f36c3750a6bc0db1e2bc910e5f3a3acace5985a7,windows10-64-shippable-qr,True,False,,|f|i|s|s|i|o|n| |w|a|r|m| |w|e|b|r|e|n|d|e|r|,102210fe594ee9b33d82058545b1ed14f4c8206e,ContentfulSpeedIndex,amazon,True,amazon ContentfulSpeedIndex opt fission warm webrender,,77,ms,firefox,447832947,1846081115,2024-02-21T00:41:01,161.5,119078d182dd2557cd70eb6933abc1ecfb499edd,1379618
autoland,3870186,13,f36c3750a6bc0db1e2bc910e5f3a3acace5985a7,windows10-64-shippable-qr,True,False,,|f|i|s|s|i|o|n| |w|a|r|m| |w|e|b|r|e|n|d|e|r|,102210fe594ee9b33d82058545b1ed14f4c8206e,ContentfulSpeedIndex,amazon,True,amazon ContentfulSpeedIndex opt fission warm webrender,,77,ms,firefox,447846331,1846144313,2024-02-21T05:21:04,162.0,714d9f89093457451e3881a56b2477e958b70fe0,1379764
autoland,3870186,13,f36c3750a6bc0db1e2bc910e5f3a3acace5985a7,windows10-64-shippable-qr,True,False,,|f|i|s|s|i|o|n| |w|a|r|m| |w|e|b|r|e|n|d|e|r|,102210fe594ee9b33d82058545b1ed14f4c8206e,ContentfulSpeedIndex,amazon,True,amazon ContentfulSpeedIndex opt fission warm webrender,,77,ms,firefox,447877741,1846264108,2024-02-21T10:11:10,170.5,764b93d1a22891bddaaec4e5f73836957d938bac,1379832
autoland,3870186,13,f36c3750a6bc0db1e2bc910e5f3a3acace5985a7,windows10-64-shippable-qr,True,False,,|f|i|s|s|i|o|n| |w|a|r|m| |w|e|b|r|e|n|d|e|r|,102210fe594ee9b33d82058545b1ed14f4c8206e,ContentfulSpeedIndex,amazon,True,amazon ContentfulSpeedIndex opt fission warm webrender,,77,ms,firefox,447884392,1846302272,2024-02-21T10:22:21,159.5,24ffc625c71e9cb6e20c48936ac06da6ec066694,1379838
autoland,3870186,13,f36c3750a6bc0db1e2bc910e5f3a3acace5985a7,windows10-64-shippable-qr,True,False,,|f|i|s|s|i|o|n| |w|a|r|m| |w|e|b|r|e|n|d|e|r|,102210fe594ee9b33d82058545b1ed14f4c8206e,ContentfulSpeedIndex,amazon,True,amazon ContentfulSpeedIndex opt fission warm webrender,,77,ms,firefox,447914846,1846398518,2024-02-21T14:24:58,159.8,799f79fdcedba2bbccee86179c8b547894a16162,1379926
autoland,3870186,13,f36c3750a6bc0db1e2bc910e5f3a3acace5985a7,windows10-64-shippable-qr,True,False,,|f|i|s|s|i|o|n| |w|a|r|m| |w|e|b|r|e|n|d|e|r|,102210fe594ee9b33d82058545b1ed14f4c8206e,ContentfulSpeedIndex,amazon,True,amazon ContentfulSpeedIndex opt fission warm webrender,,77,ms,firefox,447921223,1846425273,2024-02-21T15:14:56,162.3,f8dd4015fa59fee3a1a74c00cd2393a9578e49f0,1379958
autoland,3870186,13,f36c3750a6bc0db1e2bc910e5f3a3acace5985a7,windows10-64-shippable-qr,True,False,,|f|i|s|s|i|o|n| |w|a|r|m| |w|e|b|r|e|n|d|e|r|,102210fe594ee9b33d82058545b1ed14f4c8206e,ContentfulSpeedIndex,amazon,True,amazon ContentfulSpeedIndex opt fission warm webrender,,77,ms,firefox,447956437,1846636769,2024-02-21T20:37:48,179.7,bec4dc4bd9ce0a51dab009936bc838963e3f16b3,1380197
autoland,3870186,13,f36c3750a6bc0db1e2bc910e5f3a3acace5985a7,windows10-64-shippable-qr,True,False,,|f|i|s|s|i|o|n| |w|a|r|m| |w|e|b|r|e|n|d|e|r|,102210fe594ee9b33d82058545b1ed14f4c8206e,ContentfulSpeedIndex,amazon,True,amazon ContentfulSpeedIndex opt fission warm webrender,,77,ms,firefox,447961870,1846701603,2024-02-21T20:47:55,157.9,31b9ef95a482db91c24a809eb6a64f2c0d7f8f9d,1380210
autoland,3870186,13,f36c3750a6bc0db1e2bc910e5f3a3acace5985a7,windows10-64-shippable-qr,True,False,,|f|i|s|s|i|o|n| |w|a|r|m| |w|e|b|r|e|n|d|e|r|,102210fe594ee9b33d82058545b1ed14f4c8206e,ContentfulSpeedIndex,amazon,True,amazon ContentfulSpeedIndex opt fission warm webrender,,77,ms,firefox,447993974,1846806699,2024-02-22T00:49:41,158.8,445c60e096fe3cdc8b7169881875c476febfe082,1380338
autoland,3870186,13,f36c3750a6bc0db1e2bc910e5f3a3acace5985a7,windows10-64-shippable-qr,True,False,,|f|i|s|s|i|o|n| |w|a|r|m| |w|e|b|r|e|n|d|e|r|,102210fe594ee9b33d82058545b1ed14f4c8206e,ContentfulSpeedIndex,amazon,True,amazon ContentfulSpeedIndex opt fission warm webrender,,77,ms,firefox,448160971,1847488799,2024-02-22T00:56:42,174.6,c5e3b3132f32b45a2d65870d86690f854c5531fb,1380343
autoland,3870186,13,f36c3750a6bc0db1e2bc910e5f3a3acace5985a7,windows10-64-shippable-qr,True,False,,|f|i|s|s|i|o|n| |w|a|r|m| |w|e|b|r|e|n|d|e|r|,102210fe594ee9b33d82058545b1ed14f4c8206e,ContentfulSpeedIndex,amazon,True,amazon ContentfulSpeedIndex opt fission warm webrender,,77,ms,firefox,448161087,1847489324,2024-02-22T02:02:43,174.1,c5bcba5528449aa68d66ae69932dfb3ae2d19030,1380372
autoland,3870186,13,f36c3750a6bc0db1e2bc910e5f3a3acace5985a7,windows10-64-shippable-qr,True,False,,|f|i|s|s|i|o|n| |w|a|r|m| |w|e|b|r|e|n|d|e|r|,102210fe594ee9b33d82058545b1ed14f4c8206e,ContentfulSpeedIndex,amazon,True,amazon ContentfulSpeedIndex opt fission warm webrender,,77,ms,firefox,447998863,1846844155,2024-02-22T02:03:24,159.4,093d37f32ef033aa168508e96b9ec2e753850ccc,1380373
autoland,3870186,13,f36c3750a6bc0db1e2bc910e5f3a3acace5985a7,windows10-64-shippable-qr,True,False,,|f|i|s|s|i|o|n| |w|a|r|m| |w|e|b|r|e|n|d|e|r|,102210fe594ee9b33d82058545b1ed14f4c8206e,ContentfulSpeedIndex,amazon,True,amazon ContentfulSpeedIndex opt fission warm webrender,,77,ms,firefox,448017619,1846945884,2024-02-22T06:55:22,146.2,e32e8effe8493ec71ad7a3b2b043f7742905b2be,1380445
autoland,3870186,13,f36c3750a6bc0db1e2bc910e5f3a3acace5985a7,windows10-64-shippable-qr,True,False,,|f|i|s|s|i|o|n| |w|a|r|m| |w|e|b|r|e|n|d|e|r|,102210fe594ee9b33d82058545b1ed14f4c8206e,ContentfulSpeedIndex,amazon,True,amazon ContentfulSpeedIndex opt fission warm webrender,,77,ms,firefox,448039988,1847000595,2024-02-22T08:58:43,177.2,836800665817ebbf328952caef8477f135630733,1380488
autoland,3870186,13,f36c3750a6bc0db1e2bc910e5f3a3acace5985a7,windows10-64-shippable-qr,True,False,,|f|i|s|s|i|o|n| |w|a|r|m| |w|e|b|r|e|n|d|e|r|,102210fe594ee9b33d82058545b1ed14f4c8206e,ContentfulSpeedIndex,amazon,True,amazon ContentfulSpeedIndex opt fission warm webrender,,77,ms,firefox,448073803,1847162505,2024-02-22T12:54:00,175.9,583b3985eb0c0410cf6ebaf8e2f5c576185726c5,1380594
autoland,3870186,13,f36c3750a6bc0db1e2bc910e5f3a3acace5985a7,windows10-64-shippable-qr,True,False,,|f|i|s|s|i|o|n| |w|a|r|m| |w|e|b|r|e|n|d|e|r|,102210fe594ee9b33d82058545b1ed14f4c8206e,ContentfulSpeedIndex,amazon,True,amazon ContentfulSpeedIndex opt fission warm webrender,,77,ms,firefox,448166855,1847573979,2024-02-22T13:02:14,174.3,97926aad2648cc77b8f5753c0c31e56cb3ca5f7d,1380599
autoland,3870186,13,f36c3750a6bc0db1e2bc910e5f3a3acace5985a7,windows10-64-shippable-qr,True,False,,|f|i|s|s|i|o|n| |w|a|r|m| |w|e|b|r|e|n|d|e|r|,102210fe594ee9b33d82058545b1ed14f4c8206e,ContentfulSpeedIndex,amazon,True,amazon ContentfulSpeedIndex opt fission warm webrender,,77,ms,firefox,448166883,1847574646,2024-02-22T13:09:22,173.0,7bc8ecb228993ee2c97c23dca54d66d6419999dc,1380603
autoland,3870186,13,f36c3750a6bc0db1e2bc910e5f3a3acace5985a7,windows10-64-shippable-qr,True,False,,|f|i|s|s|i|o|n| |w|a|r|m| |w|e|b|r|e|n|d|e|r|,102210fe594ee9b33d82058545b1ed14f4c8206e,ContentfulSpeedIndex,amazon,True,amazon ContentfulSpeedIndex opt fission warm webrender,,77,ms,firefox,448166309,1847552651,2024-02-22T14:58:00,168.0,2d093d7624aece78778af6f1acee484f469f26d5,1380678
autoland,3870186,13,f36c3750a6bc0db1e2bc910e5f3a3acace5985a7,windows10-64-shippable-qr,True,False,,|f|i|s|s|i|o|n| |w|a|r|m| |w|e|b|r|e|n|d|e|r|,102210fe594ee9b33d82058545b1ed14f4c8206e,ContentfulSpeedIndex,amazon,True,amazon ContentfulSpeedIndex opt fission warm webrender,,77,ms,firefox,448166712,1847561237,2024-02-22T15:08:55,153.0,eaba203b7e9f80d2f6f8c1e80a832c1401ae2b9f,1380688
autoland,3870186,13,f36c3750a6bc0db1e2bc910e5f3a3acace5985a7,windows10-64-shippable-qr,True,False,,|f|i|s|s|i|o|n| |w|a|r|m| |w|e|b|r|e|n|d|e|r|,102210fe594ee9b33d82058545b1ed14f4c8206e,ContentfulSpeedIndex,amazon,True,amazon ContentfulSpeedIndex opt fission warm webrender,,77,ms,firefox,448099652,1847260046,2024-02-22T16:54:14,163.8,51ea0932b27ba455533226277e6c6deeb38a8fd4,1380794
autoland,3870186,13,f36c3750a6bc0db1e2bc910e5f3a3acace5985a7,windows10-64-shippable-qr,True,False,,|f|i|s|s|i|o|n| |w|a|r|m| |w|e|b|r|e|n|d|e|r|,102210fe594ee9b33d82058545b1ed14f4c8206e,ContentfulSpeedIndex,amazon,True,amazon ContentfulSpeedIndex opt fission warm webrender,,77,ms,firefox,448101161,1847270468,2024-02-22T17:17:40,171.0,aac0a57bd987ca0633e2f48ca37f8564344749b9,1380806
autoland,3870186,13,f36c3750a6bc0db1e2bc910e5f3a3acace5985a7,windows10-64-shippable-qr,True,False,,|f|i|s|s|i|o|n| |w|a|r|m| |w|e|b|r|e|n|d|e|r|,102210fe594ee9b33d82058545b1ed14f4c8206e,ContentfulSpeedIndex,amazon,True,amazon ContentfulSpeedIndex opt fission warm webrender,,77,ms,firefox,448143045,1847416592,2024-02-22T21:59:43,176.5,1b60bca1b546c120891a0263bcdf7757d75178bc,1380998
autoland,3870186,13,f36c3750a6bc0db1e2bc910e5f3a3acace5985a7,windows10-64-shippable-qr,True,False,,|f|i|s|s|i|o|n| |w|a|r|m| |w|e|b|r|e|n|d|e|r|,102210fe594ee9b33d82058545b1ed14f4c8206e,ContentfulSpeedIndex,amazon,True,amazon ContentfulSpeedIndex opt fission warm webrender,,77,ms,firefox,448141385,1847405061,2024-02-22T22:05:44,186.4,3157eece201c15988ff693f9746bc767ad633fa8,1381007
autoland,3870186,13,f36c3750a6bc0db1e2bc910e5f3a3acace5985a7,windows10-64-shippable-qr,True,False,,|f|i|s|s|i|o|n| |w|a|r|m| |w|e|b|r|e|n|d|e|r|,102210fe594ee9b33d82058545b1ed14f4c8206e,ContentfulSpeedIndex,amazon,True,amazon ContentfulSpeedIndex opt fission warm webrender,,77,ms,firefox,448164824,1847529418,2024-02-23T03:42:44,166.4,90d2dd7d6b48918404ecc4906e62fa106b4238a9,1381156
autoland,3870186,13,f36c3750a6bc0db1e2bc910e5f3a3acace5985a7,windows10-64-shippable-qr,True,False,,|f|i|s|s|i|o|n| |w|a|r|m| |w|e|b|r|e|n|d|e|r|,102210fe594ee9b33d82058545b1ed14f4c8206e,ContentfulSpeedIndex,amazon,True,amazon ContentfulSpeedIndex opt fission warm webrender,,77,ms,firefox,448175734,1847621919,2024-02-23T07:23:44,166.3,21d2a36f8f072b9b57adbeb73eca449f62093ca3,1381206
autoland,3870186,13,f36c3750a6bc0db1e2bc910e5f3a3acace5985a7,windows10-64-shippable-qr,True,False,,|f|i|s|s|i|o|n| |w|a|r|m| |w|e|b|r|e|n|d|e|r|,102210fe594ee9b33d82058545b1ed14f4c8206e,ContentfulSpeedIndex,amazon,True,amazon ContentfulSpeedIndex opt fission warm webrender,,77,ms,firefox,448223077,1847772618,2024-02-23T12:03:57,168.6,75e12d12d89c2d79200c0057830f9e0c37f973f5,1381319
autoland,3870186,13,f36c3750a6bc0db1e2bc910e5f3a3acace5985a7,windows10-64-shippable-qr,True,False,,|f|i|s|s|i|o|n| |w|a|r|m| |w|e|b|r|e|n|d|e|r|,102210fe594ee9b33d82058545b1ed14f4c8206e,ContentfulSpeedIndex,amazon,True,amazon ContentfulSpeedIndex opt fission warm webrender,,77,ms,firefox,448316345,1848163526,2024-02-23T14:24:56,164.0,80e08d441c6cb001610ee0f198a3dcf424bafd4f,1381381
autoland,3870186,13,f36c3750a6bc0db1e2bc910e5f3a3acace5985a7,windows10-64-shippable-qr,True,False,,|f|i|s|s|i|o|n| |w|a|r|m| |w|e|b|r|e|n|d|e|r|,102210fe594ee9b33d82058545b1ed14f4c8206e,ContentfulSpeedIndex,amazon,True,amazon ContentfulSpeedIndex opt fission warm webrender,,77,ms,firefox,448317236,1848182272,2024-02-23T14:54:44,170.5,a700ab961a223f6d614abe258766bed35dab027b,1381402
autoland,3870186,13,f36c3750a6bc0db1e2bc910e5f3a3acace5985a7,windows10-64-shippable-qr,True,False,,|f|i|s|s|i|o|n| |w|a|r|m| |w|e|b|r|e|n|d|e|r|,102210fe594ee9b33d82058545b1ed14f4c8206e,ContentfulSpeedIndex,amazon,True,amazon ContentfulSpeedIndex opt fission warm webrender,,77,ms,firefox,448245856,1847885381,2024-02-23T15:17:21,165.1,e2c67ce1b79f08538c8f70b2089d860802aa289e,1381416
autoland,3870186,13,f36c3750a6bc0db1e2bc910e5f3a3acace5985a7,windows10-64-shippable-qr,True,False,,|f|i|s|s|i|o|n| |w|a|r|m| |w|e|b|r|e|n|d|e|r|,102210fe594ee9b33d82058545b1ed14f4c8206e,ContentfulSpeedIndex,amazon,True,amazon ContentfulSpeedIndex opt fission warm webrender,,77,ms,firefox,448265289,1847969018,2024-02-23T18:14:32,151.4,dccf526bcc0afbf9f7abd33abff453ced5a76335,1381598
autoland,3870186,13,f36c3750a6bc0db1e2bc910e5f3a3acace5985a7,windows10-64-shippable-qr,True,False,,|f|i|s|s|i|o|n| |w|a|r|m| |w|e|b|r|e|n|d|e|r|,102210fe594ee9b33d82058545b1ed14f4c8206e,ContentfulSpeedIndex,amazon,True,amazon ContentfulSpeedIndex opt fission warm webrender,,77,ms,firefox,448317659,1848192500,2024-02-23T18:28:43,169.6,85863a9ea2f0fb7ef6aeecaafc6836e9ae4a8178,1381603
autoland,3870186,13,f36c3750a6bc0db1e2bc910e5f3a3acace5985a7,windows10-64-shippable-qr,True,False,,|f|i|s|s|i|o|n| |w|a|r|m| |w|e|b|r|e|n|d|e|r|,102210fe594ee9b33d82058545b1ed14f4c8206e,ContentfulSpeedIndex,amazon,True,amazon ContentfulSpeedIndex opt fission warm webrender,,77,ms,firefox,448317562,1848185647,2024-02-23T18:35:41,155.9,d2eef8673a91da595254a8300b7af61b8e569b63,1381609
autoland,3870186,13,f36c3750a6bc0db1e2bc910e5f3a3acace5985a7,windows10-64-shippable-qr,True,False,,|f|i|s|s|i|o|n| |w|a|r|m| |w|e|b|r|e|n|d|e|r|,102210fe594ee9b33d82058545b1ed14f4c8206e,ContentfulSpeedIndex,amazon,True,amazon ContentfulSpeedIndex opt fission warm webrender,,77,ms,firefox,448298019,1848063657,2024-02-23T22:24:23,163.3,8c239bb8c3fa84633497932b3d3a1d566f9e7581,1381790
autoland,3870186,13,f36c3750a6bc0db1e2bc910e5f3a3acace5985a7,windows10-64-shippable-qr,True,False,,|f|i|s|s|i|o|n| |w|a|r|m| |w|e|b|r|e|n|d|e|r|,102210fe594ee9b33d82058545b1ed14f4c8206e,ContentfulSpeedIndex,amazon,True,amazon ContentfulSpeedIndex opt fission warm webrender,,77,ms,firefox,448304071,1848094136,2024-02-23T22:37:13,160.8,fc1f91bbfd85565b6b9a06155b3d750dc17812f0,1381800
autoland,3870186,13,f36c3750a6bc0db1e2bc910e5f3a3acace5985a7,windows10-64-shippable-qr,True,False,,|f|i|s|s|i|o|n| |w|a|r|m| |w|e|b|r|e|n|d|e|r|,102210fe594ee9b33d82058545b1ed14f4c8206e,ContentfulSpeedIndex,amazon,True,amazon ContentfulSpeedIndex opt fission warm webrender,,77,ms,firefox,448315597,1848151061,2024-02-24T03:17:09,188.8,504cbf2189790d36f74d4fc454949d0c55a40c37,1381876
autoland,3870186,13,f36c3750a6bc0db1e2bc910e5f3a3acace5985a7,windows10-64-shippable-qr,True,False,,|f|i|s|s|i|o|n| |w|a|r|m| |w|e|b|r|e|n|d|e|r|,102210fe594ee9b33d82058545b1ed14f4c8206e,ContentfulSpeedIndex,amazon,True,amazon ContentfulSpeedIndex opt fission warm webrender,,77,ms,firefox,448326983,1848229646,2024-02-24T08:59:15,172.1,f571738470f98e8161bf79b269e333053dca32c4,1381906
autoland,3870186,13,f36c3750a6bc0db1e2bc910e5f3a3acace5985a7,windows10-64-shippable-qr,True,False,,|f|i|s|s|i|o|n| |w|a|r|m| |w|e|b|r|e|n|d|e|r|,102210fe594ee9b33d82058545b1ed14f4c8206e,ContentfulSpeedIndex,amazon,True,amazon ContentfulSpeedIndex opt fission warm webrender,,77,ms,firefox,448354091,1848319502,2024-02-24T18:15:08,168.6,fb873ef9e164e2ac423d266870ce82445945de97,1381948
autoland,3870186,13,f36c3750a6bc0db1e2bc910e5f3a3acace5985a7,windows10-64-shippable-qr,True,False,,|f|i|s|s|i|o|n| |w|a|r|m| |w|e|b|r|e|n|d|e|r|,102210fe594ee9b33d82058545b1ed14f4c8206e,ContentfulSpeedIndex,amazon,True,amazon ContentfulSpeedIndex opt fission warm webrender,,77,ms,firefox,448374859,1848380510,2024-02-25T01:06:55,168.8,fedd91b7af1e6b3c4a7d6f58b8bce94d55eb9d74,1381999
autoland,3870186,13,f36c3750a6bc0db1e2bc910e5f3a3acace5985a7,windows10-64-shippable-qr,True,False,,|f|i|s|s|i|o|n| |w|a|r|m| |w|e|b|r|e|n|d|e|r|,102210fe594ee9b33d82058545b1ed14f4c8206e,ContentfulSpeedIndex,amazon,True,amazon ContentfulSpeedIndex opt fission warm webrender,,77,ms,firefox,448413098,1848507793,2024-02-26T01:39:06,175.9,689cf8cf7e6b9b9ee5e599a77325de05487a5eed,1382090
autoland,3870186,13,f36c3750a6bc0db1e2bc910e5f3a3acace5985a7,windows10-64-shippable-qr,True,False,,|f|i|s|s|i|o|n| |w|a|r|m| |w|e|b|r|e|n|d|e|r|,102210fe594ee9b33d82058545b1ed14f4c8206e,ContentfulSpeedIndex,amazon,True,amazon ContentfulSpeedIndex opt fission warm webrender,,77,ms,firefox,448578130,1849153993,2024-02-26T08:26:30,167.0,3af6901e77d5b3f960f24207e6d8a296508c685c,1382148
autoland,3870186,13,f36c3750a6bc0db1e2bc910e5f3a3acace5985a7,windows10-64-shippable-qr,True,False,,|f|i|s|s|i|o|n| |w|a|r|m| |w|e|b|r|e|n|d|e|r|,102210fe594ee9b33d82058545b1ed14f4c8206e,ContentfulSpeedIndex,amazon,True,amazon ContentfulSpeedIndex opt fission warm webrender,,77,ms,firefox,448577962,1849146603,2024-02-26T08:29:13,177.3,9efb6f33056715dde89a576fe22714c2e6f3e7a9,1382149
autoland,3870186,13,f36c3750a6bc0db1e2bc910e5f3a3acace5985a7,windows10-64-shippable-qr,True,False,,|f|i|s|s|i|o|n| |w|a|r|m| |w|e|b|r|e|n|d|e|r|,102210fe594ee9b33d82058545b1ed14f4c8206e,ContentfulSpeedIndex,amazon,True,amazon ContentfulSpeedIndex opt fission warm webrender,,77,ms,firefox,448446782,1848641817,2024-02-26T10:31:50,161.0,8268ce246a04145ed6598e99b5d061a4e1ee3ca6,1382207
autoland,3870186,13,f36c3750a6bc0db1e2bc910e5f3a3acace5985a7,windows10-64-shippable-qr,True,False,,|f|i|s|s|i|o|n| |w|a|r|m| |w|e|b|r|e|n|d|e|r|,102210fe594ee9b33d82058545b1ed14f4c8206e,ContentfulSpeedIndex,amazon,True,amazon ContentfulSpeedIndex opt fission warm webrender,,77,ms,firefox,448577742,1849143024,2024-02-26T13:55:05,164.4,20ea3f74f4fe9153bbc8d976f6e5df94c464dc30,1382274
autoland,3870186,13,f36c3750a6bc0db1e2bc910e5f3a3acace5985a7,windows10-64-shippable-qr,True,False,,|f|i|s|s|i|o|n| |w|a|r|m| |w|e|b|r|e|n|d|e|r|,102210fe594ee9b33d82058545b1ed14f4c8206e,ContentfulSpeedIndex,amazon,True,amazon ContentfulSpeedIndex opt fission warm webrender,,77,ms,firefox,448578244,1849160161,2024-02-26T14:13:27,172.0,4dc477669dc382edf409e1b691b033c7243b97cd,1382289
autoland,3870186,13,f36c3750a6bc0db1e2bc910e5f3a3acace5985a7,windows10-64-shippable-qr,True,False,,|f|i|s|s|i|o|n| |w|a|r|m| |w|e|b|r|e|n|d|e|r|,102210fe594ee9b33d82058545b1ed14f4c8206e,ContentfulSpeedIndex,amazon,True,amazon ContentfulSpeedIndex opt fission warm webrender,,77,ms,firefox,448495279,1848781063,2024-02-26T14:40:18,163.6,a5c1fbe78e431fe4a1db712f75edb33f6fd668e4,1382307
autoland,3870186,13,f36c3750a6bc0db1e2bc910e5f3a3acace5985a7,windows10-64-shippable-qr,True,False,,|f|i|s|s|i|o|n| |w|a|r|m| |w|e|b|r|e|n|d|e|r|,102210fe594ee9b33d82058545b1ed14f4c8206e,ContentfulSpeedIndex,amazon,True,amazon ContentfulSpeedIndex opt fission warm webrender,,77,ms,firefox,448489393,1848763209,2024-02-26T15:06:28,161.6,621c8480cd3562f3f61966b4219a0335ce72f698,1382323
autoland,3870186,13,f36c3750a6bc0db1e2bc910e5f3a3acace5985a7,windows10-64-shippable-qr,True,False,,|f|i|s|s|i|o|n| |w|a|r|m| |w|e|b|r|e|n|d|e|r|,102210fe594ee9b33d82058545b1ed14f4c8206e,ContentfulSpeedIndex,amazon,True,amazon ContentfulSpeedIndex opt fission warm webrender,,77,ms,firefox,448513602,1848886865,2024-02-26T18:24:43,157.2,b26d4c8d5e44cc544e259f32a62382902af6f7ff,1382496
autoland,3870186,13,f36c3750a6bc0db1e2bc910e5f3a3acace5985a7,windows10-64-shippable-qr,True,False,,|f|i|s|s|i|o|n| |w|a|r|m| |w|e|b|r|e|n|d|e|r|,102210fe594ee9b33d82058545b1ed14f4c8206e,ContentfulSpeedIndex,amazon,True,amazon ContentfulSpeedIndex opt fission warm webrender,,77,ms,firefox,448545816,1848975093,2024-02-26T22:27:48,171.1,2bd01d77bc4d2a1ad705bb1ecb8e793864a737ee,1382641
autoland,3870186,13,f36c3750a6bc0db1e2bc910e5f3a3acace5985a7,windows10-64-shippable-qr,True,False,,|f|i|s|s|i|o|n| |w|a|r|m| |w|e|b|r|e|n|d|e|r|,102210fe594ee9b33d82058545b1ed14f4c8206e,ContentfulSpeedIndex,amazon,True,amazon ContentfulSpeedIndex opt fission warm webrender,,77,ms,firefox,448546992,1848999270,2024-02-26T22:53:03,164.8,9fbcc8f23c0b7543b9146f0d90dd58ce36d32898,1382666
autoland,3870186,13,f36c3750a6bc0db1e2bc910e5f3a3acace5985a7,windows10-64-shippable-qr,True,False,,|f|i|s|s|i|o|n| |w|a|r|m| |w|e|b|r|e|n|d|e|r|,102210fe594ee9b33d82058545b1ed14f4c8206e,ContentfulSpeedIndex,amazon,True,amazon ContentfulSpeedIndex opt fission warm webrender,,77,ms,firefox,448571525,1849089731,2024-02-27T03:06:58,151.6,74094dc4022c8437eb87a7e25bf6433fb07a7fbb,1382765
autoland,3870186,13,f36c3750a6bc0db1e2bc910e5f3a3acace5985a7,windows10-64-shippable-qr,True,False,,|f|i|s|s|i|o|n| |w|a|r|m| |w|e|b|r|e|n|d|e|r|,102210fe594ee9b33d82058545b1ed14f4c8206e,ContentfulSpeedIndex,amazon,True,amazon ContentfulSpeedIndex opt fission warm webrender,,77,ms,firefox,448610791,1849305931,2024-02-27T10:31:28,170.9,f0fd4d27a58991220e91d1c086442a03b0a52117,1382887
autoland,3870186,13,f36c3750a6bc0db1e2bc910e5f3a3acace5985a7,windows10-64-shippable-qr,True,False,,|f|i|s|s|i|o|n| |w|a|r|m| |w|e|b|r|e|n|d|e|r|,102210fe594ee9b33d82058545b1ed14f4c8206e,ContentfulSpeedIndex,amazon,True,amazon ContentfulSpeedIndex opt fission warm webrender,,77,ms,firefox,448647875,1849424773,2024-02-27T13:59:53,165.7,32acc4e2db50b53733cfcf554a308ccc986925b5,1383025
autoland,3870186,13,f36c3750a6bc0db1e2bc910e5f3a3acace5985a7,windows10-64-shippable-qr,True,False,,|f|i|s|s|i|o|n| |w|a|r|m| |w|e|b|r|e|n|d|e|r|,102210fe594ee9b33d82058545b1ed14f4c8206e,ContentfulSpeedIndex,amazon,True,amazon ContentfulSpeedIndex opt fission warm webrender,,77,ms,firefox,448675958,1849547769,2024-02-27T19:00:03,177.2,149f61eecb69d6cf570be79260785c5b4a42e516,1383277
autoland,3870186,13,f36c3750a6bc0db1e2bc910e5f3a3acace5985a7,windows10-64-shippable-qr,True,False,,|f|i|s|s|i|o|n| |w|a|r|m| |w|e|b|r|e|n|d|e|r|,102210fe594ee9b33d82058545b1ed14f4c8206e,ContentfulSpeedIndex,amazon,True,amazon ContentfulSpeedIndex opt fission warm webrender,,77,ms,firefox,448703757,1849645822,2024-02-27T23:02:29,147.0,06645f775e47ea71f6dfa2daff5411ab31c5a629,1383416
autoland,3870186,13,f36c3750a6bc0db1e2bc910e5f3a3acace5985a7,windows10-64-shippable-qr,True,False,,|f|i|s|s|i|o|n| |w|a|r|m| |w|e|b|r|e|n|d|e|r|,102210fe594ee9b33d82058545b1ed14f4c8206e,ContentfulSpeedIndex,amazon,True,amazon ContentfulSpeedIndex opt fission warm webrender,,77,ms,firefox,448704778,1849655193,2024-02-27T23:18:10,152.0,c2895c7db175458e315a65fd8d5e9385e60a76d3,1383436
autoland,3870186,13,f36c3750a6bc0db1e2bc910e5f3a3acace5985a7,windows10-64-shippable-qr,True,False,,|f|i|s|s|i|o|n| |w|a|r|m| |w|e|b|r|e|n|d|e|r|,102210fe594ee9b33d82058545b1ed14f4c8206e,ContentfulSpeedIndex,amazon,True,amazon ContentfulSpeedIndex opt fission warm webrender,,77,ms,firefox,448721286,1849729170,2024-02-28T03:31:31,160.0,41ceb034dc709c821d837a321d2c5fb944bd4231,1383545
autoland,3870186,13,f36c3750a6bc0db1e2bc910e5f3a3acace5985a7,windows10-64-shippable-qr,True,False,,|f|i|s|s|i|o|n| |w|a|r|m| |w|e|b|r|e|n|d|e|r|,102210fe594ee9b33d82058545b1ed14f4c8206e,ContentfulSpeedIndex,amazon,True,amazon ContentfulSpeedIndex opt fission warm webrender,,77,ms,firefox,448744670,1849833617,2024-02-28T07:34:11,141.9,710f48d1638d076913089bfa3978b6a1efc1d842,1383600
autoland,3870186,13,f36c3750a6bc0db1e2bc910e5f3a3acace5985a7,windows10-64-shippable-qr,True,False,,|f|i|s|s|i|o|n| |w|a|r|m| |w|e|b|r|e|n|d|e|r|,102210fe594ee9b33d82058545b1ed14f4c8206e,ContentfulSpeedIndex,amazon,True,amazon ContentfulSpeedIndex opt fission warm webrender,,77,ms,firefox,448745297,1849836104,2024-02-28T08:18:18,170.0,85f3a9a2a4155f207064d78c57f79611f7332287,1383612
autoland,3870186,13,f36c3750a6bc0db1e2bc910e5f3a3acace5985a7,windows10-64-shippable-qr,True,False,,|f|i|s|s|i|o|n| |w|a|r|m| |w|e|b|r|e|n|d|e|r|,102210fe594ee9b33d82058545b1ed14f4c8206e,ContentfulSpeedIndex,amazon,True,amazon ContentfulSpeedIndex opt fission warm webrender,,77,ms,firefox,448805755,1850038140,2024-02-28T12:53:19,159.8,2356949f5c6d9a4f229d012051bac51b3eb83aec,1383715
autoland,3870186,13,f36c3750a6bc0db1e2bc910e5f3a3acace5985a7,windows10-64-shippable-qr,True,False,,|f|i|s|s|i|o|n| |w|a|r|m| |w|e|b|r|e|n|d|e|r|,102210fe594ee9b33d82058545b1ed14f4c8206e,ContentfulSpeedIndex,amazon,True,amazon ContentfulSpeedIndex opt fission warm webrender,,77,ms,firefox,448800816,1850019069,2024-02-28T14:06:22,170.0,6583cb878dec05576053eaa9368a4eb5bbbbbedc,1383751
autoland,3870186,13,f36c3750a6bc0db1e2bc910e5f3a3acace5985a7,windows10-64-shippable-qr,True,False,,|f|i|s|s|i|o|n| |w|a|r|m| |w|e|b|r|e|n|d|e|r|,102210fe594ee9b33d82058545b1ed14f4c8206e,ContentfulSpeedIndex,amazon,True,amazon ContentfulSpeedIndex opt fission warm webrender,,77,ms,firefox,448914273,1850444994,2024-02-28T16:55:42,163.4,3f69b2549451d64ce2da31b3073267541ae38398,1383877
autoland,3870186,13,f36c3750a6bc0db1e2bc910e5f3a3acace5985a7,windows10-64-shippable-qr,True,False,,|f|i|s|s|i|o|n| |w|a|r|m| |w|e|b|r|e|n|d|e|r|,102210fe594ee9b33d82058545b1ed14f4c8206e,ContentfulSpeedIndex,amazon,True,amazon ContentfulSpeedIndex opt fission warm webrender,,77,ms,firefox,448917820,1850457528,2024-02-28T17:06:06,159.4,b281b2ba71defd226d3230f9c164786827f3de70,1383880
autoland,3870186,13,f36c3750a6bc0db1e2bc910e5f3a3acace5985a7,windows10-64-shippable-qr,True,False,,|f|i|s|s|i|o|n| |w|a|r|m| |w|e|b|r|e|n|d|e|r|,102210fe594ee9b33d82058545b1ed14f4c8206e,ContentfulSpeedIndex,amazon,True,amazon ContentfulSpeedIndex opt fission warm webrender,,77,ms,firefox,448824342,1850125412,2024-02-28T17:56:27,169.7,32ca524f7abf0664a2f0d882868c3e913297f446,1383890
autoland,3870186,13,f36c3750a6bc0db1e2bc910e5f3a3acace5985a7,windows10-64-shippable-qr,True,False,,|f|i|s|s|i|o|n| |w|a|r|m| |w|e|b|r|e|n|d|e|r|,102210fe594ee9b33d82058545b1ed14f4c8206e,ContentfulSpeedIndex,amazon,True,amazon ContentfulSpeedIndex opt fission warm webrender,,77,ms,firefox,448897585,1850352048,2024-02-29T00:51:41,168.4,cbef4527f79aadfe5c4dd940effe9b01df8734b1,1384174
autoland,3870186,13,f36c3750a6bc0db1e2bc910e5f3a3acace5985a7,windows10-64-shippable-qr,True,False,,|f|i|s|s|i|o|n| |w|a|r|m| |w|e|b|r|e|n|d|e|r|,102210fe594ee9b33d82058545b1ed14f4c8206e,ContentfulSpeedIndex,amazon,True,amazon ContentfulSpeedIndex opt fission warm webrender,,77,ms,firefox,448898276,1850358151,2024-02-29T01:20:40,159.0,f21a5f54b6ecffa5b49d4944c32c752ea622e3c6,1384182
autoland,3870186,13,f36c3750a6bc0db1e2bc910e5f3a3acace5985a7,windows10-64-shippable-qr,True,False,,|f|i|s|s|i|o|n| |w|a|r|m| |w|e|b|r|e|n|d|e|r|,102210fe594ee9b33d82058545b1ed14f4c8206e,ContentfulSpeedIndex,amazon,True,amazon ContentfulSpeedIndex opt fission warm webrender,,77,ms,firefox,449058743,1851155515,2024-02-29T02:29:01,167.5,64915858a170d28a53a5fecf27f85f9c633ec87f,1384204
autoland,3870186,13,f36c3750a6bc0db1e2bc910e5f3a3acace5985a7,windows10-64-shippable-qr,True,False,,|f|i|s|s|i|o|n| |w|a|r|m| |w|e|b|r|e|n|d|e|r|,102210fe594ee9b33d82058545b1ed14f4c8206e,ContentfulSpeedIndex,amazon,True,amazon ContentfulSpeedIndex opt fission warm webrender,,77,ms,firefox,449058622,1851153447,2024-02-29T02:49:12,160.7,5640911065b0971e369a205bd76962548ee3cab6,1384218
autoland,3870186,13,f36c3750a6bc0db1e2bc910e5f3a3acace5985a7,windows10-64-shippable-qr,True,False,,|f|i|s|s|i|o|n| |w|a|r|m| |w|e|b|r|e|n|d|e|r|,102210fe594ee9b33d82058545b1ed14f4c8206e,ContentfulSpeedIndex,amazon,True,amazon ContentfulSpeedIndex opt fission warm webrender,,77,ms,firefox,448922003,1850488366,2024-02-29T06:49:17,165.1,bb7b045d24f7773df5e27742496f2c0bb95d780f,1384273
autoland,3870186,13,f36c3750a6bc0db1e2bc910e5f3a3acace5985a7,windows10-64-shippable-qr,True,False,,|f|i|s|s|i|o|n| |w|a|r|m| |w|e|b|r|e|n|d|e|r|,102210fe594ee9b33d82058545b1ed14f4c8206e,ContentfulSpeedIndex,amazon,True,amazon ContentfulSpeedIndex opt fission warm webrender,,77,ms,firefox,448952409,1850642466,2024-02-29T10:50:05,180.9,fbb087d5e5b8af76523b084cba81dc1be84c7fb4,1384399
autoland,3870186,13,f36c3750a6bc0db1e2bc910e5f3a3acace5985a7,windows10-64-shippable-qr,True,False,,|f|i|s|s|i|o|n| |w|a|r|m| |w|e|b|r|e|n|d|e|r|,102210fe594ee9b33d82058545b1ed14f4c8206e,ContentfulSpeedIndex,amazon,True,amazon ContentfulSpeedIndex opt fission warm webrender,,77,ms,firefox,448959551,1850683774,2024-02-29T13:22:41,166.6,42781edfbf79030ca8e6f7c1584ebfc2bd31935c,1384414
autoland,3870186,13,f36c3750a6bc0db1e2bc910e5f3a3acace5985a7,windows10-64-shippable-qr,True,False,,|f|i|s|s|i|o|n| |w|a|r|m| |w|e|b|r|e|n|d|e|r|,102210fe594ee9b33d82058545b1ed14f4c8206e,ContentfulSpeedIndex,amazon,True,amazon ContentfulSpeedIndex opt fission warm webrender,,77,ms,firefox,448992655,1850837487,2024-02-29T17:24:54,172.1,4b82553ad6abc0079d2d7a0642c099ca93d1d156,1384673
autoland,3870186,13,f36c3750a6bc0db1e2bc910e5f3a3acace5985a7,windows10-64-shippable-qr,True,False,,|f|i|s|s|i|o|n| |w|a|r|m| |w|e|b|r|e|n|d|e|r|,102210fe594ee9b33d82058545b1ed14f4c8206e,ContentfulSpeedIndex,amazon,True,amazon ContentfulSpeedIndex opt fission warm webrender,,77,ms,firefox,448998417,1850868883,2024-02-29T17:36:34,164.7,636cf8095a0f42555363480bc387b9a5aad03efe,1384681
autoland,3870186,13,f36c3750a6bc0db1e2bc910e5f3a3acace5985a7,windows10-64-shippable-qr,True,False,,|f|i|s|s|i|o|n| |w|a|r|m| |w|e|b|r|e|n|d|e|r|,102210fe594ee9b33d82058545b1ed14f4c8206e,ContentfulSpeedIndex,amazon,True,amazon ContentfulSpeedIndex opt fission warm webrender,,77,ms,firefox,449026889,1850974160,2024-02-29T21:50:05,171.2,1a461feeeb4e7725855a242023e45625b9bddae4,1384804
autoland,3870186,13,f36c3750a6bc0db1e2bc910e5f3a3acace5985a7,windows10-64-shippable-qr,True,False,,|f|i|s|s|i|o|n| |w|a|r|m| |w|e|b|r|e|n|d|e|r|,102210fe594ee9b33d82058545b1ed14f4c8206e,ContentfulSpeedIndex,amazon,True,amazon ContentfulSpeedIndex opt fission warm webrender,,77,ms,firefox,449030228,1851006907,2024-02-29T21:57:41,166.5,415f94176c1508d1acb91186346a42009b378ca7,1384812
autoland,3870186,13,f36c3750a6bc0db1e2bc910e5f3a3acace5985a7,windows10-64-shippable-qr,True,False,,|f|i|s|s|i|o|n| |w|a|r|m| |w|e|b|r|e|n|d|e|r|,102210fe594ee9b33d82058545b1ed14f4c8206e,ContentfulSpeedIndex,amazon,True,amazon ContentfulSpeedIndex opt fission warm webrender,,77,ms,firefox,449054575,1851100244,2024-03-01T02:06:20,200.9,3ed1cc3830b2bb116e2875dedadc6ea20235768a,1385033
autoland,3870186,13,f36c3750a6bc0db1e2bc910e5f3a3acace5985a7,windows10-64-shippable-qr,True,False,,|f|i|s|s|i|o|n| |w|a|r|m| |w|e|b|r|e|n|d|e|r|,102210fe594ee9b33d82058545b1ed14f4c8206e,ContentfulSpeedIndex,amazon,True,amazon ContentfulSpeedIndex opt fission warm webrender,,77,ms,firefox,449054879,1851103812,2024-03-01T02:09:48,140.3,c726403b9a5aaed84563fd210952c3858369c756,1385038
autoland,3870186,13,f36c3750a6bc0db1e2bc910e5f3a3acace5985a7,windows10-64-shippable-qr,True,False,,|f|i|s|s|i|o|n| |w|a|r|m| |w|e|b|r|e|n|d|e|r|,102210fe594ee9b33d82058545b1ed14f4c8206e,ContentfulSpeedIndex,amazon,True,amazon ContentfulSpeedIndex opt fission warm webrender,,77,ms,firefox,449096997,1851296090,2024-03-01T11:09:10,180.3,b921bb1aee11c101ece321f78bcc56942889bac9,1385336
autoland,3870186,13,f36c3750a6bc0db1e2bc910e5f3a3acace5985a7,windows10-64-shippable-qr,True,False,,|f|i|s|s|i|o|n| |w|a|r|m| |w|e|b|r|e|n|d|e|r|,102210fe594ee9b33d82058545b1ed14f4c8206e,ContentfulSpeedIndex,amazon,True,amazon ContentfulSpeedIndex opt fission warm webrender,,77,ms,firefox,449141067,1851409900,2024-03-01T15:15:21,167.5,ab2f491c1f6a1907e3cd7de371a27940c1b7ae66,1385464
autoland,3870186,13,f36c3750a6bc0db1e2bc910e5f3a3acace5985a7,windows10-64-shippable-qr,True,False,,|f|i|s|s|i|o|n| |w|a|r|m| |w|e|b|r|e|n|d|e|r|,102210fe594ee9b33d82058545b1ed14f4c8206e,ContentfulSpeedIndex,amazon,True,amazon ContentfulSpeedIndex opt fission warm webrender,,77,ms,firefox,449140132,1851397727,2024-03-01T15:18:33,153.8,179ceb82c9e5e6619e0a43e7c9a8682bff1f55ac,1385469
autoland,3870186,13,f36c3750a6bc0db1e2bc910e5f3a3acace5985a7,windows10-64-shippable-qr,True,False,,|f|i|s|s|i|o|n| |w|a|r|m| |w|e|b|r|e|n|d|e|r|,102210fe594ee9b33d82058545b1ed14f4c8206e,ContentfulSpeedIndex,amazon,True,amazon ContentfulSpeedIndex opt fission warm webrender,,77,ms,firefox,449160524,1851510751,2024-03-01T19:33:22,156.7,c12ee5058abff427e2fd65f86c453b2c0ef5c315,1385653
autoland,3870186,13,f36c3750a6bc0db1e2bc910e5f3a3acace5985a7,windows10-64-shippable-qr,True,False,,|f|i|s|s|i|o|n| |w|a|r|m| |w|e|b|r|e|n|d|e|r|,102210fe594ee9b33d82058545b1ed14f4c8206e,ContentfulSpeedIndex,amazon,True,amazon ContentfulSpeedIndex opt fission warm webrender,,77,ms,firefox,449200841,1851678753,2024-03-02T08:44:09,161.2,ac7b674e512d88788161e657fbc3371b8d955c65,1385889
autoland,3870186,13,f36c3750a6bc0db1e2bc910e5f3a3acace5985a7,windows10-64-shippable-qr,True,False,,|f|i|s|s|i|o|n| |w|a|r|m| |w|e|b|r|e|n|d|e|r|,102210fe594ee9b33d82058545b1ed14f4c8206e,ContentfulSpeedIndex,amazon,True,amazon ContentfulSpeedIndex opt fission warm webrender,,77,ms,firefox,449219824,1851751504,2024-03-02T12:50:07,172.5,6263d391d703f61cfd3ddbb3791adc628a603520,1385922
autoland,3870186,13,f36c3750a6bc0db1e2bc910e5f3a3acace5985a7,windows10-64-shippable-qr,True,False,,|f|i|s|s|i|o|n| |w|a|r|m| |w|e|b|r|e|n|d|e|r|,102210fe594ee9b33d82058545b1ed14f4c8206e,ContentfulSpeedIndex,amazon,True,amazon ContentfulSpeedIndex opt fission warm webrender,,77,ms,firefox,449249058,1851900364,2024-03-02T18:47:19,169.1,a2ddc20095d176734a72080712b366c74a36c934,1385949
autoland,3870186,13,f36c3750a6bc0db1e2bc910e5f3a3acace5985a7,windows10-64-shippable-qr,True,False,,|f|i|s|s|i|o|n| |w|a|r|m| |w|e|b|r|e|n|d|e|r|,102210fe594ee9b33d82058545b1ed14f4c8206e,ContentfulSpeedIndex,amazon,True,amazon ContentfulSpeedIndex opt fission warm webrender,,77,ms,firefox,449251717,1851917415,2024-03-02T19:45:31,164.8,8042d9f9b7b6eb6e6a6fbefba554c035ef6bbda1,1385954
autoland,3870186,13,f36c3750a6bc0db1e2bc910e5f3a3acace5985a7,windows10-64-shippable-qr,True,False,,|f|i|s|s|i|o|n| |w|a|r|m| |w|e|b|r|e|n|d|e|r|,102210fe594ee9b33d82058545b1ed14f4c8206e,ContentfulSpeedIndex,amazon,True,amazon ContentfulSpeedIndex opt fission warm webrender,,77,ms,firefox,449280203,1852007100,2024-03-03T01:04:11,147.9,c5ddc3b211e53221a5b12ce6c8a5a523bba3641f,1385990
autoland,3870186,13,f36c3750a6bc0db1e2bc910e5f3a3acace5985a7,windows10-64-shippable-qr,True,False,,|f|i|s|s|i|o|n| |w|a|r|m| |w|e|b|r|e|n|d|e|r|,102210fe594ee9b33d82058545b1ed14f4c8206e,ContentfulSpeedIndex,amazon,True,amazon ContentfulSpeedIndex opt fission warm webrender,,77,ms,firefox,449315578,1852133139,2024-03-03T12:29:51,152.2,62056fe89aac9d2f369746854f0e3a55ad7153d0,1386069
autoland,3870186,13,f36c3750a6bc0db1e2bc910e5f3a3acace5985a7,windows10-64-shippable-qr,True,False,,|f|i|s|s|i|o|n| |w|a|r|m| |w|e|b|r|e|n|d|e|r|,102210fe594ee9b33d82058545b1ed14f4c8206e,ContentfulSpeedIndex,amazon,True,amazon ContentfulSpeedIndex opt fission warm webrender,,77,ms,firefox,449344151,1852240591,2024-03-04T01:21:19,156.9,499cae53f42dfc8f376fd97d0a83c1f8e85e274c,1386148
autoland,3870186,13,f36c3750a6bc0db1e2bc910e5f3a3acace5985a7,windows10-64-shippable-qr,True,False,,|f|i|s|s|i|o|n| |w|a|r|m| |w|e|b|r|e|n|d|e|r|,102210fe594ee9b33d82058545b1ed14f4c8206e,ContentfulSpeedIndex,amazon,True,amazon ContentfulSpeedIndex opt fission warm webrender,,77,ms,firefox,449354857,1852290761,2024-03-04T06:32:50,168.3,79823348e9cf740dbe5ae11eb654b1a85ea0ecbc,1386182
autoland,3870186,13,f36c3750a6bc0db1e2bc910e5f3a3acace5985a7,windows10-64-shippable-qr,True,False,,|f|i|s|s|i|o|n| |w|a|r|m| |w|e|b|r|e|n|d|e|r|,102210fe594ee9b33d82058545b1ed14f4c8206e,ContentfulSpeedIndex,amazon,True,amazon ContentfulSpeedIndex opt fission warm webrender,,77,ms,firefox,449372686,1852377585,2024-03-04T08:48:22,149.4,54c13c0498731427f23aff4c7e87900a715761b0,1386226
autoland,3870186,13,f36c3750a6bc0db1e2bc910e5f3a3acace5985a7,windows10-64-shippable-qr,True,False,,|f|i|s|s|i|o|n| |w|a|r|m| |w|e|b|r|e|n|d|e|r|,102210fe594ee9b33d82058545b1ed14f4c8206e,ContentfulSpeedIndex,amazon,True,amazon ContentfulSpeedIndex opt fission warm webrender,,77,ms,firefox,449426847,1852516661,2024-03-04T12:51:58,163.3,938c019ec0d1f3f1c0932e575d8f9e9f4c387320,1386363
autoland,3870186,13,f36c3750a6bc0db1e2bc910e5f3a3acace5985a7,windows10-64-shippable-qr,True,False,,|f|i|s|s|i|o|n| |w|a|r|m| |w|e|b|r|e|n|d|e|r|,102210fe594ee9b33d82058545b1ed14f4c8206e,ContentfulSpeedIndex,amazon,True,amazon ContentfulSpeedIndex opt fission warm webrender,,77,ms,firefox,449545804,1852991923,2024-03-04T13:05:50,160.2,ebe362ea0bcdad9ff347eb250a8e26d408e47215,1386367
autoland,3870186,13,f36c3750a6bc0db1e2bc910e5f3a3acace5985a7,windows10-64-shippable-qr,True,False,,|f|i|s|s|i|o|n| |w|a|r|m| |w|e|b|r|e|n|d|e|r|,102210fe594ee9b33d82058545b1ed14f4c8206e,ContentfulSpeedIndex,amazon,True,amazon ContentfulSpeedIndex opt fission warm webrender,,77,ms,firefox,449545921,1852999503,2024-03-04T13:19:08,164.2,b277bde0552da0099eed99380ad5b8eaa6402a30,1386372
autoland,3870186,13,f36c3750a6bc0db1e2bc910e5f3a3acace5985a7,windows10-64-shippable-qr,True,False,,|f|i|s|s|i|o|n| |w|a|r|m| |w|e|b|r|e|n|d|e|r|,102210fe594ee9b33d82058545b1ed14f4c8206e,ContentfulSpeedIndex,amazon,True,amazon ContentfulSpeedIndex opt fission warm webrender,,77,ms,firefox,449439834,1852569130,2024-03-04T14:27:11,148.0,c90923a84670e17105b275c5be4a3c2842cb248e,1386418
autoland,3870186,13,f36c3750a6bc0db1e2bc910e5f3a3acace5985a7,windows10-64-shippable-qr,True,False,,|f|i|s|s|i|o|n| |w|a|r|m| |w|e|b|r|e|n|d|e|r|,102210fe594ee9b33d82058545b1ed14f4c8206e,ContentfulSpeedIndex,amazon,True,amazon ContentfulSpeedIndex opt fission warm webrender,,77,ms,firefox,449455251,1852632520,2024-03-04T16:31:41,138.1,6c8dfd2a5bcafec953d7303c1fc35ec76d05f6ac,1386528
autoland,3870186,13,f36c3750a6bc0db1e2bc910e5f3a3acace5985a7,windows10-64-shippable-qr,True,False,,|f|i|s|s|i|o|n| |w|a|r|m| |w|e|b|r|e|n|d|e|r|,102210fe594ee9b33d82058545b1ed14f4c8206e,ContentfulSpeedIndex,amazon,True,amazon ContentfulSpeedIndex opt fission warm webrender,,77,ms,firefox,449496914,1852812974,2024-03-04T20:31:42,165.7,430bda8b01b3b00b083a0034de19b12b032caf6b,1386698
autoland,3870186,13,f36c3750a6bc0db1e2bc910e5f3a3acace5985a7,windows10-64-shippable-qr,True,False,,|f|i|s|s|i|o|n| |w|a|r|m| |w|e|b|r|e|n|d|e|r|,102210fe594ee9b33d82058545b1ed14f4c8206e,ContentfulSpeedIndex,amazon,True,amazon ContentfulSpeedIndex opt fission warm webrender,,77,ms,firefox,449495949,1852794201,2024-03-04T21:16:05,144.3,5b706eb2187070200b3eecb6d99a95e750c3266e,1386717
autoland,3870186,13,f36c3750a6bc0db1e2bc910e5f3a3acace5985a7,windows10-64-shippable-qr,True,False,,|f|i|s|s|i|o|n| |w|a|r|m| |w|e|b|r|e|n|d|e|r|,102210fe594ee9b33d82058545b1ed14f4c8206e,ContentfulSpeedIndex,amazon,True,amazon ContentfulSpeedIndex opt fission warm webrender,,77,ms,firefox,449537544,1852909863,2024-03-05T01:28:34,163.8,2b54764bcf2909b800951938d1f6fd47752c91b6,1386871
autoland,3870186,13,f36c3750a6bc0db1e2bc910e5f3a3acace5985a7,windows10-64-shippable-qr,True,False,,|f|i|s|s|i|o|n| |w|a|r|m| |w|e|b|r|e|n|d|e|r|,102210fe594ee9b33d82058545b1ed14f4c8206e,ContentfulSpeedIndex,amazon,True,amazon ContentfulSpeedIndex opt fission warm webrender,,77,ms,firefox,449549412,1853019318,2024-03-05T05:25:14,156.8,61bb37d1ba16985ef9e5cd99cd02912849f743a3,1386945
autoland,3870186,13,f36c3750a6bc0db1e2bc910e5f3a3acace5985a7,windows10-64-shippable-qr,True,False,,|f|i|s|s|i|o|n| |w|a|r|m| |w|e|b|r|e|n|d|e|r|,102210fe594ee9b33d82058545b1ed14f4c8206e,ContentfulSpeedIndex,amazon,True,amazon ContentfulSpeedIndex opt fission warm webrender,,77,ms,firefox,449576641,1853101142,2024-03-05T09:36:09,147.3,20859a1f25eb48ec31fdd24c0552b9fa83c5dcf2,1387072
autoland,3870186,13,f36c3750a6bc0db1e2bc910e5f3a3acace5985a7,windows10-64-shippable-qr,True,False,,|f|i|s|s|i|o|n| |w|a|r|m| |w|e|b|r|e|n|d|e|r|,102210fe594ee9b33d82058545b1ed14f4c8206e,ContentfulSpeedIndex,amazon,True,amazon ContentfulSpeedIndex opt fission warm webrender,,77,ms,firefox,449603174,1853182167,2024-03-05T11:43:18,151.1,300643546ea85a42a1f88a11595ebbb0b7157128,1387157
autoland,3870186,13,f36c3750a6bc0db1e2bc910e5f3a3acace5985a7,windows10-64-shippable-qr,True,False,,|f|i|s|s|i|o|n| |w|a|r|m| |w|e|b|r|e|n|d|e|r|,102210fe594ee9b33d82058545b1ed14f4c8206e,ContentfulSpeedIndex,amazon,True,amazon ContentfulSpeedIndex opt fission warm webrender,,77,ms,firefox,449725593,1853646784,2024-03-05T13:23:13,160.3,ce04bfaf8a42c978750bbc90600639374bf1293a,1387210
autoland,3870186,13,f36c3750a6bc0db1e2bc910e5f3a3acace5985a7,windows10-64-shippable-qr,True,False,,|f|i|s|s|i|o|n| |w|a|r|m| |w|e|b|r|e|n|d|e|r|,102210fe594ee9b33d82058545b1ed14f4c8206e,ContentfulSpeedIndex,amazon,True,amazon ContentfulSpeedIndex opt fission warm webrender,,77,ms,firefox,449724731,1853622515,2024-03-05T13:27:30,165.8,33e78b58e39fe602a8fcc6ab12a2f2bc513b66e3,1387213
autoland,3870186,13,f36c3750a6bc0db1e2bc910e5f3a3acace5985a7,windows10-64-shippable-qr,True,False,,|f|i|s|s|i|o|n| |w|a|r|m| |w|e|b|r|e|n|d|e|r|,102210fe594ee9b33d82058545b1ed14f4c8206e,ContentfulSpeedIndex,amazon,True,amazon ContentfulSpeedIndex opt fission warm webrender,,77,ms,firefox,449723914,1853597535,2024-03-05T14:21:00,162.2,4132892d754dddce6198ca04a7119f25a8ebfa9e,1387261
autoland,3870186,13,f36c3750a6bc0db1e2bc910e5f3a3acace5985a7,windows10-64-shippable-qr,True,False,,|f|i|s|s|i|o|n| |w|a|r|m| |w|e|b|r|e|n|d|e|r|,102210fe594ee9b33d82058545b1ed14f4c8206e,ContentfulSpeedIndex,amazon,True,amazon ContentfulSpeedIndex opt fission warm webrender,,77,ms,firefox,449724194,1853611080,2024-03-05T14:25:39,176.1,a01a55c90524c2dd692e9c4343b58f8cf797775f,1387264
autoland,3870186,13,f36c3750a6bc0db1e2bc910e5f3a3acace5985a7,windows10-64-shippable-qr,True,False,,|f|i|s|s|i|o|n| |w|a|r|m| |w|e|b|r|e|n|d|e|r|,102210fe594ee9b33d82058545b1ed14f4c8206e,ContentfulSpeedIndex,amazon,True,amazon ContentfulSpeedIndex opt fission warm webrender,,77,ms,firefox,449629320,1853257831,2024-03-05T15:52:09,153.0,adf17fc47c84c0fa237aecff550ba42344a5c629,1387348
autoland,3870186,13,f36c3750a6bc0db1e2bc910e5f3a3acace5985a7,windows10-64-shippable-qr,True,False,,|f|i|s|s|i|o|n| |w|a|r|m| |w|e|b|r|e|n|d|e|r|,102210fe594ee9b33d82058545b1ed14f4c8206e,ContentfulSpeedIndex,amazon,True,amazon ContentfulSpeedIndex opt fission warm webrender,,77,ms,firefox,449723743,1853587306,2024-03-05T18:29:32,157.8,592e22279f895d585e8f156ec76d4ad64c779ad0,1387494
autoland,3870186,13,f36c3750a6bc0db1e2bc910e5f3a3acace5985a7,windows10-64-shippable-qr,True,False,,|f|i|s|s|i|o|n| |w|a|r|m| |w|e|b|r|e|n|d|e|r|,102210fe594ee9b33d82058545b1ed14f4c8206e,ContentfulSpeedIndex,amazon,True,amazon ContentfulSpeedIndex opt fission warm webrender,,77,ms,firefox,449725452,1853632143,2024-03-05T18:30:41,169.8,867bf0a906009a7dd84967547a5fbb8e9bf6bb5f,1387498
autoland,3870186,13,f36c3750a6bc0db1e2bc910e5f3a3acace5985a7,windows10-64-shippable-qr,True,False,,|f|i|s|s|i|o|n| |w|a|r|m| |w|e|b|r|e|n|d|e|r|,102210fe594ee9b33d82058545b1ed14f4c8206e,ContentfulSpeedIndex,amazon,True,amazon ContentfulSpeedIndex opt fission warm webrender,,77,ms,firefox,449725752,1853652192,2024-03-05T18:33:24,155.7,b1dedc536b88c9f5c0e91eeb84892e9328eb67cb,1387501
autoland,3870186,13,f36c3750a6bc0db1e2bc910e5f3a3acace5985a7,windows10-64-shippable-qr,True,False,,|f|i|s|s|i|o|n| |w|a|r|m| |w|e|b|r|e|n|d|e|r|,102210fe594ee9b33d82058545b1ed14f4c8206e,ContentfulSpeedIndex,amazon,True,amazon ContentfulSpeedIndex opt fission warm webrender,,77,ms,firefox,449725433,1853629246,2024-03-05T18:34:14,163.3,8632754daac15f378926a4efb6bd274adfe643b3,1387502
autoland,3870186,13,f36c3750a6bc0db1e2bc910e5f3a3acace5985a7,windows10-64-shippable-qr,True,False,,|f|i|s|s|i|o|n| |w|a|r|m| |w|e|b|r|e|n|d|e|r|,102210fe594ee9b33d82058545b1ed14f4c8206e,ContentfulSpeedIndex,amazon,True,amazon ContentfulSpeedIndex opt fission warm webrender,,77,ms,firefox,449669781,1853385086,2024-03-05T19:23:59,140.2,c13ff57ddd8d6b9f971a631b45c6da97b3c14fb9,1387560
autoland,3870186,13,f36c3750a6bc0db1e2bc910e5f3a3acace5985a7,windows10-64-shippable-qr,True,False,,|f|i|s|s|i|o|n| |w|a|r|m| |w|e|b|r|e|n|d|e|r|,102210fe594ee9b33d82058545b1ed14f4c8206e,ContentfulSpeedIndex,amazon,True,amazon ContentfulSpeedIndex opt fission warm webrender,,77,ms,firefox,449688439,1853448779,2024-03-05T22:16:54,169.6,099f52f30c39008328dfbc02ff824310e082a8da,1387647
autoland,3870186,13,f36c3750a6bc0db1e2bc910e5f3a3acace5985a7,windows10-64-shippable-qr,True,False,,|f|i|s|s|i|o|n| |w|a|r|m| |w|e|b|r|e|n|d|e|r|,102210fe594ee9b33d82058545b1ed14f4c8206e,ContentfulSpeedIndex,amazon,True,amazon ContentfulSpeedIndex opt fission warm webrender,,77,ms,firefox,449713321,1853536071,2024-03-06T02:53:23,146.8,488c772c72746cdfbf99e927acee696c4d6a5aef,1387831
autoland,3870186,13,f36c3750a6bc0db1e2bc910e5f3a3acace5985a7,windows10-64-shippable-qr,True,False,,|f|i|s|s|i|o|n| |w|a|r|m| |w|e|b|r|e|n|d|e|r|,102210fe594ee9b33d82058545b1ed14f4c8206e,ContentfulSpeedIndex,amazon,True,amazon ContentfulSpeedIndex opt fission warm webrender,,77,ms,firefox,449803929,1853874670,2024-03-06T14:00:28,163.6,143c3925806ed35200c2a71e650e7e74f58520a7,1388157
autoland,3870186,13,f36c3750a6bc0db1e2bc910e5f3a3acace5985a7,windows10-64-shippable-qr,True,False,,|f|i|s|s|i|o|n| |w|a|r|m| |w|e|b|r|e|n|d|e|r|,102210fe594ee9b33d82058545b1ed14f4c8206e,ContentfulSpeedIndex,amazon,True,amazon ContentfulSpeedIndex opt fission warm webrender,,77,ms,firefox,449831857,1853996597,2024-03-06T18:03:03,160.0,03e6d6ff8bde56b645cfbc34dee452ff375ff3ca,1388329
autoland,3870186,13,f36c3750a6bc0db1e2bc910e5f3a3acace5985a7,windows10-64-shippable-qr,True,False,,|f|i|s|s|i|o|n| |w|a|r|m| |w|e|b|r|e|n|d|e|r|,102210fe594ee9b33d82058545b1ed14f4c8206e,ContentfulSpeedIndex,amazon,True,amazon ContentfulSpeedIndex opt fission warm webrender,,77,ms,firefox,449898706,1854338218,2024-03-06T18:04:52,174.1,2a33c6ffb867576c11fa7edb2e13b7bf5b39d650,1388332
autoland,3870186,13,f36c3750a6bc0db1e2bc910e5f3a3acace5985a7,windows10-64-shippable-qr,True,False,,|f|i|s|s|i|o|n| |w|a|r|m| |w|e|b|r|e|n|d|e|r|,102210fe594ee9b33d82058545b1ed14f4c8206e,ContentfulSpeedIndex,amazon,True,amazon ContentfulSpeedIndex opt fission warm webrender,,77,ms,firefox,449831439,1853985798,2024-03-06T18:05:41,162.3,f408182c4687f0490084c35cc766e637d0bdfd0f,1388333
autoland,3870186,13,f36c3750a6bc0db1e2bc910e5f3a3acace5985a7,windows10-64-shippable-qr,True,False,,|f|i|s|s|i|o|n| |w|a|r|m| |w|e|b|r|e|n|d|e|r|,102210fe594ee9b33d82058545b1ed14f4c8206e,ContentfulSpeedIndex,amazon,True,amazon ContentfulSpeedIndex opt fission warm webrender,,77,ms,firefox,449857496,1854102582,2024-03-06T20:32:27,142.1,cbcc69d30489c534df28a444097bd87fcf8d8352,1388530
autoland,3870186,13,f36c3750a6bc0db1e2bc910e5f3a3acace5985a7,windows10-64-shippable-qr,True,False,,|f|i|s|s|i|o|n| |w|a|r|m| |w|e|b|r|e|n|d|e|r|,102210fe594ee9b33d82058545b1ed14f4c8206e,ContentfulSpeedIndex,amazon,True,amazon ContentfulSpeedIndex opt fission warm webrender,,77,ms,firefox,449897646,1854324467,2024-03-06T22:04:29,181.5,fff42f9943259b806c262822a11bb3c2108a64a3,1388615
autoland,3870186,13,f36c3750a6bc0db1e2bc910e5f3a3acace5985a7,windows10-64-shippable-qr,True,False,,|f|i|s|s|i|o|n| |w|a|r|m| |w|e|b|r|e|n|d|e|r|,102210fe594ee9b33d82058545b1ed14f4c8206e,ContentfulSpeedIndex,amazon,True,amazon ContentfulSpeedIndex opt fission warm webrender,,77,ms,firefox,449897290,1854323461,2024-03-06T22:29:06,170.8,e7c0504a7b8d395173d0b7b8caf998da6d799fa0,1388634
autoland,3870186,13,f36c3750a6bc0db1e2bc910e5f3a3acace5985a7,windows10-64-shippable-qr,True,False,,|f|i|s|s|i|o|n| |w|a|r|m| |w|e|b|r|e|n|d|e|r|,102210fe594ee9b33d82058545b1ed14f4c8206e,ContentfulSpeedIndex,amazon,True,amazon ContentfulSpeedIndex opt fission warm webrender,,77,ms,firefox,449875943,1854160432,2024-03-06T22:58:04,166.9,98eadcb9210580189dd1cb9eb2cad1362b0c2835,1388664
autoland,3870186,13,f36c3750a6bc0db1e2bc910e5f3a3acace5985a7,windows10-64-shippable-qr,True,False,,|f|i|s|s|i|o|n| |w|a|r|m| |w|e|b|r|e|n|d|e|r|,102210fe594ee9b33d82058545b1ed14f4c8206e,ContentfulSpeedIndex,amazon,True,amazon ContentfulSpeedIndex opt fission warm webrender,,77,ms,firefox,449896623,1854315312,2024-03-07T03:21:51,168.8,62ed755b7c5e2b357e66b4f19a5419c685e87a47,1388820
autoland,3870186,13,f36c3750a6bc0db1e2bc910e5f3a3acace5985a7,windows10-64-shippable-qr,True,False,,|f|i|s|s|i|o|n| |w|a|r|m| |w|e|b|r|e|n|d|e|r|,102210fe594ee9b33d82058545b1ed14f4c8206e,ContentfulSpeedIndex,amazon,True,amazon ContentfulSpeedIndex opt fission warm webrender,,77,ms,firefox,449902300,1854358261,2024-03-07T06:37:03,139.5,d48a42b340b69771d9dc99ddf1303d3f88ae9165,1388849
autoland,3870186,13,f36c3750a6bc0db1e2bc910e5f3a3acace5985a7,windows10-64-shippable-qr,True,False,,|f|i|s|s|i|o|n| |w|a|r|m| |w|e|b|r|e|n|d|e|r|,102210fe594ee9b33d82058545b1ed14f4c8206e,ContentfulSpeedIndex,amazon,True,amazon ContentfulSpeedIndex opt fission warm webrender,,77,ms,firefox,449924213,1854447141,2024-03-07T10:49:51,155.1,cfe658475285f9b5c867bcbd191d2e1332df885e,1388876
autoland,3870186,13,f36c3750a6bc0db1e2bc910e5f3a3acace5985a7,windows10-64-shippable-qr,True,False,,|f|i|s|s|i|o|n| |w|a|r|m| |w|e|b|r|e|n|d|e|r|,102210fe594ee9b33d82058545b1ed14f4c8206e,ContentfulSpeedIndex,amazon,True,amazon ContentfulSpeedIndex opt fission warm webrender,,77,ms,firefox,449937520,1854500262,2024-03-07T13:27:03,167.3,0027da61966ddaf727a4c543b4541d0e175cb354,1388885
autoland,3870186,13,f36c3750a6bc0db1e2bc910e5f3a3acace5985a7,windows10-64-shippable-qr,True,False,,|f|i|s|s|i|o|n| |w|a|r|m| |w|e|b|r|e|n|d|e|r|,102210fe594ee9b33d82058545b1ed14f4c8206e,ContentfulSpeedIndex,amazon,True,amazon ContentfulSpeedIndex opt fission warm webrender,,77,ms,firefox,449979162,1854680769,2024-03-07T20:11:01,172.4,c9b3f598aa024ffbe096094ee8845222b7483c50,1389147
autoland,3870186,13,f36c3750a6bc0db1e2bc910e5f3a3acace5985a7,windows10-64-shippable-qr,True,False,,|f|i|s|s|i|o|n| |w|a|r|m| |w|e|b|r|e|n|d|e|r|,102210fe594ee9b33d82058545b1ed14f4c8206e,ContentfulSpeedIndex,amazon,True,amazon ContentfulSpeedIndex opt fission warm webrender,,77,ms,firefox,450018709,1854863303,2024-03-08T00:14:27,173.4,f9c5e71ad2de0632a1d833b02eb16cd13e4eabc1,1389377
autoland,3870186,13,f36c3750a6bc0db1e2bc910e5f3a3acace5985a7,windows10-64-shippable-qr,True,False,,|f|i|s|s|i|o|n| |w|a|r|m| |w|e|b|r|e|n|d|e|r|,102210fe594ee9b33d82058545b1ed14f4c8206e,ContentfulSpeedIndex,amazon,True,amazon ContentfulSpeedIndex opt fission warm webrender,,77,ms,firefox,450018414,1854854632,2024-03-08T01:03:56,153.1,ac5529a784bdd0522e58c4bcdb3293674601ac52,1389404
autoland,3870186,13,f36c3750a6bc0db1e2bc910e5f3a3acace5985a7,windows10-64-shippable-qr,True,False,,|f|i|s|s|i|o|n| |w|a|r|m| |w|e|b|r|e|n|d|e|r|,102210fe594ee9b33d82058545b1ed14f4c8206e,ContentfulSpeedIndex,amazon,True,amazon ContentfulSpeedIndex opt fission warm webrender,,77,ms,firefox,450054839,1855057279,2024-03-08T09:44:20,164.6,fe38c21e5d5ba7ab071d13411995b46f31d7862c,1389593
autoland,3870186,13,f36c3750a6bc0db1e2bc910e5f3a3acace5985a7,windows10-64-shippable-qr,True,False,,|f|i|s|s|i|o|n| |w|a|r|m| |w|e|b|r|e|n|d|e|r|,102210fe594ee9b33d82058545b1ed14f4c8206e,ContentfulSpeedIndex,amazon,True,amazon ContentfulSpeedIndex opt fission warm webrender,,77,ms,firefox,450077868,1855130524,2024-03-08T13:47:55,172.4,e38d79679348570701c9c0b244b0d905b241b83b,1389613
autoland,3870186,13,f36c3750a6bc0db1e2bc910e5f3a3acace5985a7,windows10-64-shippable-qr,True,False,,|f|i|s|s|i|o|n| |w|a|r|m| |w|e|b|r|e|n|d|e|r|,102210fe594ee9b33d82058545b1ed14f4c8206e,ContentfulSpeedIndex,amazon,True,amazon ContentfulSpeedIndex opt fission warm webrender,,77,ms,firefox,450096749,1855201090,2024-03-08T15:54:44,172.1,c306d54c8963e4dda4426d48bf41774947f5138d,1389685
autoland,3870186,13,f36c3750a6bc0db1e2bc910e5f3a3acace5985a7,windows10-64-shippable-qr,True,False,,|f|i|s|s|i|o|n| |w|a|r|m| |w|e|b|r|e|n|d|e|r|,102210fe594ee9b33d82058545b1ed14f4c8206e,ContentfulSpeedIndex,amazon,True,amazon ContentfulSpeedIndex opt fission warm webrender,,77,ms,firefox,450146232,1855428212,2024-03-09T00:01:41,168.5,e40628b4cd80f3469e6fb5836c1e513e3e058225,1390115
autoland,3870186,13,f36c3750a6bc0db1e2bc910e5f3a3acace5985a7,windows10-64-shippable-qr,True,False,,|f|i|s|s|i|o|n| |w|a|r|m| |w|e|b|r|e|n|d|e|r|,102210fe594ee9b33d82058545b1ed14f4c8206e,ContentfulSpeedIndex,amazon,True,amazon ContentfulSpeedIndex opt fission warm webrender,,77,ms,firefox,450147613,1855444277,2024-03-09T00:02:45,154.2,4d67ec80ce46b924295e599b81d0db0071664eca,1390116
autoland,3870186,13,f36c3750a6bc0db1e2bc910e5f3a3acace5985a7,windows10-64-shippable-qr,True,False,,|f|i|s|s|i|o|n| |w|a|r|m| |w|e|b|r|e|n|d|e|r|,102210fe594ee9b33d82058545b1ed14f4c8206e,ContentfulSpeedIndex,amazon,True,amazon ContentfulSpeedIndex opt fission warm webrender,,77,ms,firefox,450147323,1855438955,2024-03-09T00:03:40,150.6,fb2eeb44f22026d0a1c7b18f8cb0786169300c1b,1390117
autoland,3870186,13,f36c3750a6bc0db1e2bc910e5f3a3acace5985a7,windows10-64-shippable-qr,True,False,,|f|i|s|s|i|o|n| |w|a|r|m| |w|e|b|r|e|n|d|e|r|,102210fe594ee9b33d82058545b1ed14f4c8206e,ContentfulSpeedIndex,amazon,True,amazon ContentfulSpeedIndex opt fission warm webrender,,77,ms,firefox,450165788,1855520616,2024-03-09T05:38:15,161.6,efb6c465b7de5cb34b029bb51e5b445952bdd9b2,1390162
autoland,3870186,13,f36c3750a6bc0db1e2bc910e5f3a3acace5985a7,windows10-64-shippable-qr,True,False,,|f|i|s|s|i|o|n| |w|a|r|m| |w|e|b|r|e|n|d|e|r|,102210fe594ee9b33d82058545b1ed14f4c8206e,ContentfulSpeedIndex,amazon,True,amazon ContentfulSpeedIndex opt fission warm webrender,,77,ms,firefox,450193948,1855606280,2024-03-09T10:41:02,180.8,1d530888568c2a44fc30d9b6567ab6195f238cb2,1390188
autoland,3870186,13,f36c3750a6bc0db1e2bc910e5f3a3acace5985a7,windows10-64-shippable-qr,True,False,,|f|i|s|s|i|o|n| |w|a|r|m| |w|e|b|r|e|n|d|e|r|,102210fe594ee9b33d82058545b1ed14f4c8206e,ContentfulSpeedIndex,amazon,True,amazon ContentfulSpeedIndex opt fission warm webrender,,77,ms,firefox,450206045,1855644914,2024-03-09T15:33:05,158.7,10af6b2ff03bd7512d53f3ed02f7e83dba7c57ba,1390221
autoland,3870186,13,f36c3750a6bc0db1e2bc910e5f3a3acace5985a7,windows10-64-shippable-qr,True,False,,|f|i|s|s|i|o|n| |w|a|r|m| |w|e|b|r|e|n|d|e|r|,102210fe594ee9b33d82058545b1ed14f4c8206e,ContentfulSpeedIndex,amazon,True,amazon ContentfulSpeedIndex opt fission warm webrender,,77,ms,firefox,450220997,1855706165,2024-03-09T20:59:44,172.3,9768cd53e66eef4a715150196cfa1138f7edf7ba,1390244
autoland,3870186,13,f36c3750a6bc0db1e2bc910e5f3a3acace5985a7,windows10-64-shippable-qr,True,False,,|f|i|s|s|i|o|n| |w|a|r|m| |w|e|b|r|e|n|d|e|r|,102210fe594ee9b33d82058545b1ed14f4c8206e,ContentfulSpeedIndex,amazon,True,amazon ContentfulSpeedIndex opt fission warm webrender,,77,ms,firefox,450254585,1855807931,2024-03-10T13:59:13,152.3,f8edec6de8b50f0f6809208600e5c8ab87dd12d4,1390283
autoland,3870186,13,f36c3750a6bc0db1e2bc910e5f3a3acace5985a7,windows10-64-shippable-qr,True,False,,|f|i|s|s|i|o|n| |w|a|r|m| |w|e|b|r|e|n|d|e|r|,102210fe594ee9b33d82058545b1ed14f4c8206e,ContentfulSpeedIndex,amazon,True,amazon ContentfulSpeedIndex opt fission warm webrender,,77,ms,firefox,450259705,1855834596,2024-03-10T18:05:45,161.9,059c20bed3da7a717ee144e4c2339499009d7c44,1390298
autoland,3870186,13,f36c3750a6bc0db1e2bc910e5f3a3acace5985a7,windows10-64-shippable-qr,True,False,,|f|i|s|s|i|o|n| |w|a|r|m| |w|e|b|r|e|n|d|e|r|,102210fe594ee9b33d82058545b1ed14f4c8206e,ContentfulSpeedIndex,amazon,True,amazon ContentfulSpeedIndex opt fission warm webrender,,77,ms,firefox,450282171,1855940112,2024-03-11T02:48:56,162.4,0f63ab5624960b1aa464bb2e3bd76c6cd196f186,1390365
autoland,3870186,13,f36c3750a6bc0db1e2bc910e5f3a3acace5985a7,windows10-64-shippable-qr,True,False,,|f|i|s|s|i|o|n| |w|a|r|m| |w|e|b|r|e|n|d|e|r|,102210fe594ee9b33d82058545b1ed14f4c8206e,ContentfulSpeedIndex,amazon,True,amazon ContentfulSpeedIndex opt fission warm webrender,,77,ms,firefox,450298273,1856013223,2024-03-11T09:18:44,161.0,343e945a502ea35f40687ffca3eab7543522fe79,1390442
autoland,3870186,13,f36c3750a6bc0db1e2bc910e5f3a3acace5985a7,windows10-64-shippable-qr,True,False,,|f|i|s|s|i|o|n| |w|a|r|m| |w|e|b|r|e|n|d|e|r|,102210fe594ee9b33d82058545b1ed14f4c8206e,ContentfulSpeedIndex,amazon,True,amazon ContentfulSpeedIndex opt fission warm webrender,,77,ms,firefox,450432550,1856521385,2024-03-11T09:24:54,169.6,2a132ae2427f76ce68c19e08ce3960465c65dc3a,1390444
autoland,3870186,13,f36c3750a6bc0db1e2bc910e5f3a3acace5985a7,windows10-64-shippable-qr,True,False,,|f|i|s|s|i|o|n| |w|a|r|m| |w|e|b|r|e|n|d|e|r|,102210fe594ee9b33d82058545b1ed14f4c8206e,ContentfulSpeedIndex,amazon,True,amazon ContentfulSpeedIndex opt fission warm webrender,,77,ms,firefox,450430965,1856511522,2024-03-11T09:48:07,182.7,2692de58a79eac06924d27eda115f3f14c8c206c,1390457
autoland,3870186,13,f36c3750a6bc0db1e2bc910e5f3a3acace5985a7,windows10-64-shippable-qr,True,False,,|f|i|s|s|i|o|n| |w|a|r|m| |w|e|b|r|e|n|d|e|r|,102210fe594ee9b33d82058545b1ed14f4c8206e,ContentfulSpeedIndex,amazon,True,amazon ContentfulSpeedIndex opt fission warm webrender,,77,ms,firefox,450427822,1856461701,2024-03-11T12:32:27,181.1,856a612ce3d555ad6ec378bc99e74accba55c54a,1390498
autoland,3870186,13,f36c3750a6bc0db1e2bc910e5f3a3acace5985a7,windows10-64-shippable-qr,True,False,,|f|i|s|s|i|o|n| |w|a|r|m| |w|e|b|r|e|n|d|e|r|,102210fe594ee9b33d82058545b1ed14f4c8206e,ContentfulSpeedIndex,amazon,True,amazon ContentfulSpeedIndex opt fission warm webrender,,77,ms,firefox,450428599,1856480363,2024-03-11T12:39:30,154.7,715d05429686085f90ae695d4bec02a707e3e4cc,1390500
autoland,3870186,13,f36c3750a6bc0db1e2bc910e5f3a3acace5985a7,windows10-64-shippable-qr,True,False,,|f|i|s|s|i|o|n| |w|a|r|m| |w|e|b|r|e|n|d|e|r|,102210fe594ee9b33d82058545b1ed14f4c8206e,ContentfulSpeedIndex,amazon,True,amazon ContentfulSpeedIndex opt fission warm webrender,,77,ms,firefox,450334446,1856137381,2024-03-11T13:24:20,160.3,23b4081496822ae44a0f120f8429c0c57a864325,1390505
autoland,3870186,13,f36c3750a6bc0db1e2bc910e5f3a3acace5985a7,windows10-64-shippable-qr,True,False,,|f|i|s|s|i|o|n| |w|a|r|m| |w|e|b|r|e|n|d|e|r|,102210fe594ee9b33d82058545b1ed14f4c8206e,ContentfulSpeedIndex,amazon,True,amazon ContentfulSpeedIndex opt fission warm webrender,,77,ms,firefox,450341982,1856171523,2024-03-11T14:23:46,147.1,ec25d27f83b73ab4fbd93c737d29b732042c2139,1390552
autoland,3870186,13,f36c3750a6bc0db1e2bc910e5f3a3acace5985a7,windows10-64-shippable-qr,True,False,,|f|i|s|s|i|o|n| |w|a|r|m| |w|e|b|r|e|n|d|e|r|,102210fe594ee9b33d82058545b1ed14f4c8206e,ContentfulSpeedIndex,amazon,True,amazon ContentfulSpeedIndex opt fission warm webrender,,77,ms,firefox,450375695,1856285945,2024-03-11T18:03:14,164.7,b5f646ecf7f3ca586020974d36c3f4c4fca4a3a3,1390747
autoland,3870186,13,f36c3750a6bc0db1e2bc910e5f3a3acace5985a7,windows10-64-shippable-qr,True,False,,|f|i|s|s|i|o|n| |w|a|r|m| |w|e|b|r|e|n|d|e|r|,102210fe594ee9b33d82058545b1ed14f4c8206e,ContentfulSpeedIndex,amazon,True,amazon ContentfulSpeedIndex opt fission warm webrender,,77,ms,firefox,450392585,1856331034,2024-03-11T19:41:42,161.5,4984afdb79c55a76ef741d1667378c296f74240f,1390851
autoland,3870186,13,f36c3750a6bc0db1e2bc910e5f3a3acace5985a7,windows10-64-shippable-qr,True,False,,|f|i|s|s|i|o|n| |w|a|r|m| |w|e|b|r|e|n|d|e|r|,102210fe594ee9b33d82058545b1ed14f4c8206e,ContentfulSpeedIndex,amazon,True,amazon ContentfulSpeedIndex opt fission warm webrender,,77,ms,firefox,450429618,1856501130,2024-03-11T22:07:57,148.8,b09474764fb5539e6a0804ccf511ccf5a4dab743,1391017
autoland,3870186,13,f36c3750a6bc0db1e2bc910e5f3a3acace5985a7,windows10-64-shippable-qr,True,False,,|f|i|s|s|i|o|n| |w|a|r|m| |w|e|b|r|e|n|d|e|r|,102210fe594ee9b33d82058545b1ed14f4c8206e,ContentfulSpeedIndex,amazon,True,amazon ContentfulSpeedIndex opt fission warm webrender,,77,ms,firefox,450432889,1856527393,2024-03-11T22:09:50,180.0,cc3717eca9f6e97d26aa079dfb5a0d95afffbbde,1391018
autoland,3870186,13,f36c3750a6bc0db1e2bc910e5f3a3acace5985a7,windows10-64-shippable-qr,True,False,,|f|i|s|s|i|o|n| |w|a|r|m| |w|e|b|r|e|n|d|e|r|,102210fe594ee9b33d82058545b1ed14f4c8206e,ContentfulSpeedIndex,amazon,True,amazon ContentfulSpeedIndex opt fission warm webrender,,77,ms,firefox,450430907,1856505640,2024-03-11T22:11:33,164.9,e7bb5a728361f4b05cdc970a020bbe0b89e1a10b,1391020
autoland,3870186,13,f36c3750a6bc0db1e2bc910e5f3a3acace5985a7,windows10-64-shippable-qr,True,False,,|f|i|s|s|i|o|n| |w|a|r|m| |w|e|b|r|e|n|d|e|r|,102210fe594ee9b33d82058545b1ed14f4c8206e,ContentfulSpeedIndex,amazon,True,amazon ContentfulSpeedIndex opt fission warm webrender,,77,ms,firefox,450428787,1856486913,2024-03-11T22:12:28,155.7,1aef65c426c611042b513e7e8af814f1191c7692,1391028
autoland,3870186,13,f36c3750a6bc0db1e2bc910e5f3a3acace5985a7,windows10-64-shippable-qr,True,False,,|f|i|s|s|i|o|n| |w|a|r|m| |w|e|b|r|e|n|d|e|r|,102210fe594ee9b33d82058545b1ed14f4c8206e,ContentfulSpeedIndex,amazon,True,amazon ContentfulSpeedIndex opt fission warm webrender,,77,ms,firefox,450424766,1856443249,2024-03-12T03:06:47,160.5,5dbe89396d7f52d57c4a21457fcf95d4e1ae24c3,1391174
autoland,3870186,13,f36c3750a6bc0db1e2bc910e5f3a3acace5985a7,windows10-64-shippable-qr,True,False,,|f|i|s|s|i|o|n| |w|a|r|m| |w|e|b|r|e|n|d|e|r|,102210fe594ee9b33d82058545b1ed14f4c8206e,ContentfulSpeedIndex,amazon,True,amazon ContentfulSpeedIndex opt fission warm webrender,,77,ms,firefox,450434042,1856540890,2024-03-12T07:06:36,163.9,45bdb06ed9f6ae6b675b169c0b4dbd488363098d,1391218
autoland,3870186,13,f36c3750a6bc0db1e2bc910e5f3a3acace5985a7,windows10-64-shippable-qr,True,False,,|f|i|s|s|i|o|n| |w|a|r|m| |w|e|b|r|e|n|d|e|r|,102210fe594ee9b33d82058545b1ed14f4c8206e,ContentfulSpeedIndex,amazon,True,amazon ContentfulSpeedIndex opt fission warm webrender,,77,ms,firefox,450572585,1857014355,2024-03-12T08:58:41,161.4,74baace7eeb366eee357e89b04dac7178961a2a9,1391222
autoland,3870186,13,f36c3750a6bc0db1e2bc910e5f3a3acace5985a7,windows10-64-shippable-qr,True,False,,|f|i|s|s|i|o|n| |w|a|r|m| |w|e|b|r|e|n|d|e|r|,102210fe594ee9b33d82058545b1ed14f4c8206e,ContentfulSpeedIndex,amazon,True,amazon ContentfulSpeedIndex opt fission warm webrender,,77,ms,firefox,450572702,1857016246,2024-03-12T09:05:05,176.4,3e91ddebfb8efe05daac1d48ac4a3d30e0ec1885,1391223
autoland,3870186,13,f36c3750a6bc0db1e2bc910e5f3a3acace5985a7,windows10-64-shippable-qr,True,False,,|f|i|s|s|i|o|n| |w|a|r|m| |w|e|b|r|e|n|d|e|r|,102210fe594ee9b33d82058545b1ed14f4c8206e,ContentfulSpeedIndex,amazon,True,amazon ContentfulSpeedIndex opt fission warm webrender,,77,ms,firefox,450465454,1856632378,2024-03-12T11:26:19,165.4,8c1e5f6bca5a8f2ab2297cff5c736e61d3a3bd27,1391230
autoland,3870186,13,f36c3750a6bc0db1e2bc910e5f3a3acace5985a7,windows10-64-shippable-qr,True,False,,|f|i|s|s|i|o|n| |w|a|r|m| |w|e|b|r|e|n|d|e|r|,102210fe594ee9b33d82058545b1ed14f4c8206e,ContentfulSpeedIndex,amazon,True,amazon ContentfulSpeedIndex opt fission warm webrender,,77,ms,firefox,450499617,1856735971,2024-03-12T14:58:20,149.9,c93ce7649d8d7d874130caed9005d92be916b10e,1391396
autoland,3870186,13,f36c3750a6bc0db1e2bc910e5f3a3acace5985a7,windows10-64-shippable-qr,True,False,,|f|i|s|s|i|o|n| |w|a|r|m| |w|e|b|r|e|n|d|e|r|,102210fe594ee9b33d82058545b1ed14f4c8206e,ContentfulSpeedIndex,amazon,True,amazon ContentfulSpeedIndex opt fission warm webrender,,77,ms,firefox,450572747,1857023300,2024-03-12T15:04:24,178.8,48a907540cf263a7246d86efb7d4159c0b4597f5,1391401
autoland,3870186,13,f36c3750a6bc0db1e2bc910e5f3a3acace5985a7,windows10-64-shippable-qr,True,False,,|f|i|s|s|i|o|n| |w|a|r|m| |w|e|b|r|e|n|d|e|r|,102210fe594ee9b33d82058545b1ed14f4c8206e,ContentfulSpeedIndex,amazon,True,amazon ContentfulSpeedIndex opt fission warm webrender,,77,ms,firefox,450573331,1857030816,2024-03-12T15:07:58,173.2,06a229e6d63a6d3497e21a0c1fce3ed4d13e9733,1391404
autoland,3870186,13,f36c3750a6bc0db1e2bc910e5f3a3acace5985a7,windows10-64-shippable-qr,True,False,,|f|i|s|s|i|o|n| |w|a|r|m| |w|e|b|r|e|n|d|e|r|,102210fe594ee9b33d82058545b1ed14f4c8206e,ContentfulSpeedIndex,amazon,True,amazon ContentfulSpeedIndex opt fission warm webrender,,77,ms,firefox,450516059,1856808141,2024-03-12T19:37:06,156.9,d91b0606279d7c22a0119cdc8061cdeffe233787,1391673
autoland,3870186,13,f36c3750a6bc0db1e2bc910e5f3a3acace5985a7,windows10-64-shippable-qr,True,False,,|f|i|s|s|i|o|n| |w|a|r|m| |w|e|b|r|e|n|d|e|r|,102210fe594ee9b33d82058545b1ed14f4c8206e,ContentfulSpeedIndex,amazon,True,amazon ContentfulSpeedIndex opt fission warm webrender,,77,ms,firefox,450557788,1856952249,2024-03-12T23:13:34,172.5,bb96cef2989d78eaa9d2485bb379b29449a815b2,1391824
autoland,3870186,13,f36c3750a6bc0db1e2bc910e5f3a3acace5985a7,windows10-64-shippable-qr,True,False,,|f|i|s|s|i|o|n| |w|a|r|m| |w|e|b|r|e|n|d|e|r|,102210fe594ee9b33d82058545b1ed14f4c8206e,ContentfulSpeedIndex,amazon,True,amazon ContentfulSpeedIndex opt fission warm webrender,,77,ms,firefox,450587711,1857148615,2024-03-13T07:01:16,179.3,2dfb9f01e06f190da79fb195ea51dac2be58dde7,1392060
autoland,3870186,13,f36c3750a6bc0db1e2bc910e5f3a3acace5985a7,windows10-64-shippable-qr,True,False,,|f|i|s|s|i|o|n| |w|a|r|m| |w|e|b|r|e|n|d|e|r|,102210fe594ee9b33d82058545b1ed14f4c8206e,ContentfulSpeedIndex,amazon,True,amazon ContentfulSpeedIndex opt fission warm webrender,,77,ms,firefox,450619175,1857263576,2024-03-13T11:15:45,142.4,ae0da9180abdc1990832791041b323e05082f6f8,1392165
autoland,3870186,13,f36c3750a6bc0db1e2bc910e5f3a3acace5985a7,windows10-64-shippable-qr,True,False,,|f|i|s|s|i|o|n| |w|a|r|m| |w|e|b|r|e|n|d|e|r|,102210fe594ee9b33d82058545b1ed14f4c8206e,ContentfulSpeedIndex,amazon,True,amazon ContentfulSpeedIndex opt fission warm webrender,,77,ms,firefox,450643743,1857348119,2024-03-13T15:23:46,167.8,49e9b26b528b94a9db43d4b65112add1268f64fc,1392302
autoland,3870186,13,f36c3750a6bc0db1e2bc910e5f3a3acace5985a7,windows10-64-shippable-qr,True,False,,|f|i|s|s|i|o|n| |w|a|r|m| |w|e|b|r|e|n|d|e|r|,102210fe594ee9b33d82058545b1ed14f4c8206e,ContentfulSpeedIndex,amazon,True,amazon ContentfulSpeedIndex opt fission warm webrender,,77,ms,firefox,450643917,1857355739,2024-03-13T15:33:19,171.9,35c5c892ca1e96f731d20bc6edd310a5d4e13bad,1392307
autoland,3870186,13,f36c3750a6bc0db1e2bc910e5f3a3acace5985a7,windows10-64-shippable-qr,True,False,,|f|i|s|s|i|o|n| |w|a|r|m| |w|e|b|r|e|n|d|e|r|,102210fe594ee9b33d82058545b1ed14f4c8206e,ContentfulSpeedIndex,amazon,True,amazon ContentfulSpeedIndex opt fission warm webrender,,77,ms,firefox,450660245,1857447951,2024-03-13T18:41:03,149.1,ebcab57cf7cd8a64a561c831dc4d1bf6694f82b8,1392487
autoland,3870186,13,f36c3750a6bc0db1e2bc910e5f3a3acace5985a7,windows10-64-shippable-qr,True,False,,|f|i|s|s|i|o|n| |w|a|r|m| |w|e|b|r|e|n|d|e|r|,102210fe594ee9b33d82058545b1ed14f4c8206e,ContentfulSpeedIndex,amazon,True,amazon ContentfulSpeedIndex opt fission warm webrender,,77,ms,firefox,450679996,1857552874,2024-03-13T21:49:05,181.5,1f3b4df016ac965dd3a2c97cb547c495364fdeef,1392594
autoland,3870186,13,f36c3750a6bc0db1e2bc910e5f3a3acace5985a7,windows10-64-shippable-qr,True,False,,|f|i|s|s|i|o|n| |w|a|r|m| |w|e|b|r|e|n|d|e|r|,102210fe594ee9b33d82058545b1ed14f4c8206e,ContentfulSpeedIndex,amazon,True,amazon ContentfulSpeedIndex opt fission warm webrender,,77,ms,firefox,450712497,1857668247,2024-03-14T04:20:25,155.2,2333872b0f5028fa1f0e9236440fe58df07a0235,1392734
autoland,3870186,13,f36c3750a6bc0db1e2bc910e5f3a3acace5985a7,windows10-64-shippable-qr,True,False,,|f|i|s|s|i|o|n| |w|a|r|m| |w|e|b|r|e|n|d|e|r|,102210fe594ee9b33d82058545b1ed14f4c8206e,ContentfulSpeedIndex,amazon,True,amazon ContentfulSpeedIndex opt fission warm webrender,,77,ms,firefox,450725603,1857728025,2024-03-14T06:52:21,157.1,0c82ff77321a85c36f1c5b27c99d25bad8603028,1392758
autoland,3870186,13,f36c3750a6bc0db1e2bc910e5f3a3acace5985a7,windows10-64-shippable-qr,True,False,,|f|i|s|s|i|o|n| |w|a|r|m| |w|e|b|r|e|n|d|e|r|,102210fe594ee9b33d82058545b1ed14f4c8206e,ContentfulSpeedIndex,amazon,True,amazon ContentfulSpeedIndex opt fission warm webrender,,77,ms,firefox,450758148,1857837064,2024-03-14T10:59:46,169.2,1f30bd08be619a6ea06444a2a6e36123f7baad65,1392883
autoland,3870186,13,f36c3750a6bc0db1e2bc910e5f3a3acace5985a7,windows10-64-shippable-qr,True,False,,|f|i|s|s|i|o|n| |w|a|r|m| |w|e|b|r|e|n|d|e|r|,102210fe594ee9b33d82058545b1ed14f4c8206e,ContentfulSpeedIndex,amazon,True,amazon ContentfulSpeedIndex opt fission warm webrender,,77,ms,firefox,450860595,1858350080,2024-03-14T14:03:42,163.4,bbf56ec305f01be8420bbfe6d13e34ec85bf45d6,1392963
autoland,3870186,13,f36c3750a6bc0db1e2bc910e5f3a3acace5985a7,windows10-64-shippable-qr,True,False,,|f|i|s|s|i|o|n| |w|a|r|m| |w|e|b|r|e|n|d|e|r|,102210fe594ee9b33d82058545b1ed14f4c8206e,ContentfulSpeedIndex,amazon,True,amazon ContentfulSpeedIndex opt fission warm webrender,,77,ms,firefox,450859791,1858331299,2024-03-14T14:08:54,153.3,284c6596726d5dc4300413356fa75acde7f6dedd,1392971
autoland,3870186,13,f36c3750a6bc0db1e2bc910e5f3a3acace5985a7,windows10-64-shippable-qr,True,False,,|f|i|s|s|i|o|n| |w|a|r|m| |w|e|b|r|e|n|d|e|r|,102210fe594ee9b33d82058545b1ed14f4c8206e,ContentfulSpeedIndex,amazon,True,amazon ContentfulSpeedIndex opt fission warm webrender,,77,ms,firefox,450860373,1858347306,2024-03-14T14:09:44,161.6,e172f064ce25ea0f25f8bd0f418f3370ee51e17f,1392974
autoland,3870186,13,f36c3750a6bc0db1e2bc910e5f3a3acace5985a7,windows10-64-shippable-qr,True,False,,|f|i|s|s|i|o|n| |w|a|r|m| |w|e|b|r|e|n|d|e|r|,102210fe594ee9b33d82058545b1ed14f4c8206e,ContentfulSpeedIndex,amazon,True,amazon ContentfulSpeedIndex opt fission warm webrender,,77,ms,firefox,450804766,1858009088,2024-03-14T17:45:33,159.1,e0d1a1dbfd5c36a2527b566ff831a989ca5ae5f5,1393195
autoland,3870186,13,f36c3750a6bc0db1e2bc910e5f3a3acace5985a7,windows10-64-shippable-qr,True,False,,|f|i|s|s|i|o|n| |w|a|r|m| |w|e|b|r|e|n|d|e|r|,102210fe594ee9b33d82058545b1ed14f4c8206e,ContentfulSpeedIndex,amazon,True,amazon ContentfulSpeedIndex opt fission warm webrender,,77,ms,firefox,450859841,1858332533,2024-03-14T20:45:39,166.0,02dd9b09a010712f21eedc050648369c27e2a8ef,1393290
autoland,3870186,13,f36c3750a6bc0db1e2bc910e5f3a3acace5985a7,windows10-64-shippable-qr,True,False,,|f|i|s|s|i|o|n| |w|a|r|m| |w|e|b|r|e|n|d|e|r|,102210fe594ee9b33d82058545b1ed14f4c8206e,ContentfulSpeedIndex,amazon,True,amazon ContentfulSpeedIndex opt fission warm webrender,,77,ms,firefox,450855617,1858308645,2024-03-14T20:46:30,151.4,65df374506551b71fd3759cdb913ccc38d3900ea,1393291
autoland,3870186,13,f36c3750a6bc0db1e2bc910e5f3a3acace5985a7,windows10-64-shippable-qr,True,False,,|f|i|s|s|i|o|n| |w|a|r|m| |w|e|b|r|e|n|d|e|r|,102210fe594ee9b33d82058545b1ed14f4c8206e,ContentfulSpeedIndex,amazon,True,amazon ContentfulSpeedIndex opt fission warm webrender,,77,ms,firefox,450827100,1858089225,2024-03-14T21:51:03,144.0,278273f1c1fdca23ad419f0bd277a616aa240d1e,1393332
autoland,3870186,13,f36c3750a6bc0db1e2bc910e5f3a3acace5985a7,windows10-64-shippable-qr,True,False,,|f|i|s|s|i|o|n| |w|a|r|m| |w|e|b|r|e|n|d|e|r|,102210fe594ee9b33d82058545b1ed14f4c8206e,ContentfulSpeedIndex,amazon,True,amazon ContentfulSpeedIndex opt fission warm webrender,,77,ms,firefox,450846858,1858162411,2024-03-15T00:00:33,172.2,e18af9ec05f36a6f63a2e3889d5bc27f11be4267,1393414
autoland,3870186,13,f36c3750a6bc0db1e2bc910e5f3a3acace5985a7,windows10-64-shippable-qr,True,False,,|f|i|s|s|i|o|n| |w|a|r|m| |w|e|b|r|e|n|d|e|r|,102210fe594ee9b33d82058545b1ed14f4c8206e,ContentfulSpeedIndex,amazon,True,amazon ContentfulSpeedIndex opt fission warm webrender,,77,ms,firefox,450980877,1858869248,2024-03-15T00:02:35,150.1,be3fca116905314a5c3ce1953ed6d67269b2ea13,1393418
autoland,3870186,13,f36c3750a6bc0db1e2bc910e5f3a3acace5985a7,windows10-64-shippable-qr,True,False,,|f|i|s|s|i|o|n| |w|a|r|m| |w|e|b|r|e|n|d|e|r|,102210fe594ee9b33d82058545b1ed14f4c8206e,ContentfulSpeedIndex,amazon,True,amazon ContentfulSpeedIndex opt fission warm webrender,,77,ms,firefox,450980935,1858872390,2024-03-15T00:03:24,171.9,a4b18fc0529b53bf1ce429dbb5bc790ea118db90,1393419
autoland,3870186,13,f36c3750a6bc0db1e2bc910e5f3a3acace5985a7,windows10-64-shippable-qr,True,False,,|f|i|s|s|i|o|n| |w|a|r|m| |w|e|b|r|e|n|d|e|r|,102210fe594ee9b33d82058545b1ed14f4c8206e,ContentfulSpeedIndex,amazon,True,amazon ContentfulSpeedIndex opt fission warm webrender,,77,ms,firefox,450865024,1858369440,2024-03-15T06:02:39,165.8,0eb2b661743e4b5d2ed6cf61116bc5ade9da405b,1393511
autoland,3870186,13,f36c3750a6bc0db1e2bc910e5f3a3acace5985a7,windows10-64-shippable-qr,True,False,,|f|i|s|s|i|o|n| |w|a|r|m| |w|e|b|r|e|n|d|e|r|,102210fe594ee9b33d82058545b1ed14f4c8206e,ContentfulSpeedIndex,amazon,True,amazon ContentfulSpeedIndex opt fission warm webrender,,77,ms,firefox,450894608,1858493038,2024-03-15T09:39:32,175.1,02d8b0bd788352c236ca20d0163498e5ee3faa07,1393552
autoland,3870186,13,f36c3750a6bc0db1e2bc910e5f3a3acace5985a7,windows10-64-shippable-qr,True,False,,|f|i|s|s|i|o|n| |w|a|r|m| |w|e|b|r|e|n|d|e|r|,102210fe594ee9b33d82058545b1ed14f4c8206e,ContentfulSpeedIndex,amazon,True,amazon ContentfulSpeedIndex opt fission warm webrender,,77,ms,firefox,450927383,1858628101,2024-03-15T16:14:11,169.1,eff5ebeb21a902d6ed24f356b4a4b41e89ff1172,1393715
autoland,3870186,13,f36c3750a6bc0db1e2bc910e5f3a3acace5985a7,windows10-64-shippable-qr,True,False,,|f|i|s|s|i|o|n| |w|a|r|m| |w|e|b|r|e|n|d|e|r|,102210fe594ee9b33d82058545b1ed14f4c8206e,ContentfulSpeedIndex,amazon,True,amazon ContentfulSpeedIndex opt fission warm webrender,,77,ms,firefox,450956464,1858735035,2024-03-15T20:55:49,138.0,f4367b1826eb51a4bbcde0cd6ae1a5b1644115d0,1393941
autoland,3870186,13,f36c3750a6bc0db1e2bc910e5f3a3acace5985a7,windows10-64-shippable-qr,True,False,,|f|i|s|s|i|o|n| |w|a|r|m| |w|e|b|r|e|n|d|e|r|,102210fe594ee9b33d82058545b1ed14f4c8206e,ContentfulSpeedIndex,amazon,True,amazon ContentfulSpeedIndex opt fission warm webrender,,77,ms,firefox,450975613,1858831593,2024-03-16T01:29:19,153.0,bbe046e25d1447071e399f377b669bbe9cbf3bf3,1394036
autoland,3870186,13,f36c3750a6bc0db1e2bc910e5f3a3acace5985a7,windows10-64-shippable-qr,True,False,,|f|i|s|s|i|o|n| |w|a|r|m| |w|e|b|r|e|n|d|e|r|,102210fe594ee9b33d82058545b1ed14f4c8206e,ContentfulSpeedIndex,amazon,True,amazon ContentfulSpeedIndex opt fission warm webrender,,77,ms,firefox,450982275,1858889477,2024-03-16T06:01:10,185.5,a7134d792577d5d0529bf81b769c32138f7bb0c0,1394058
autoland,3870186,13,f36c3750a6bc0db1e2bc910e5f3a3acace5985a7,windows10-64-shippable-qr,True,False,,|f|i|s|s|i|o|n| |w|a|r|m| |w|e|b|r|e|n|d|e|r|,102210fe594ee9b33d82058545b1ed14f4c8206e,ContentfulSpeedIndex,amazon,True,amazon ContentfulSpeedIndex opt fission warm webrender,,77,ms,firefox,451016848,1859010895,2024-03-16T15:16:53,165.0,a65344e02551e44aca46a84016a3a07cce9d23e6,1394103
autoland,3870186,13,f36c3750a6bc0db1e2bc910e5f3a3acace5985a7,windows10-64-shippable-qr,True,False,,|f|i|s|s|i|o|n| |w|a|r|m| |w|e|b|r|e|n|d|e|r|,102210fe594ee9b33d82058545b1ed14f4c8206e,ContentfulSpeedIndex,amazon,True,amazon ContentfulSpeedIndex opt fission warm webrender,,77,ms,firefox,451021743,1859050589,2024-03-16T21:40:10,161.9,bc06944d050ccff5aed2248b83d51d946814e90d,1394130
autoland,3870186,13,f36c3750a6bc0db1e2bc910e5f3a3acace5985a7,windows10-64-shippable-qr,True,False,,|f|i|s|s|i|o|n| |w|a|r|m| |w|e|b|r|e|n|d|e|r|,102210fe594ee9b33d82058545b1ed14f4c8206e,ContentfulSpeedIndex,amazon,True,amazon ContentfulSpeedIndex opt fission warm webrender,,77,ms,firefox,451042054,1859135898,2024-03-17T07:03:06,161.8,7ef716435af3dee46482a893f4a3b29a4d3faafe,1394146
autoland,3870186,13,f36c3750a6bc0db1e2bc910e5f3a3acace5985a7,windows10-64-shippable-qr,True,False,,|f|i|s|s|i|o|n| |w|a|r|m| |w|e|b|r|e|n|d|e|r|,102210fe594ee9b33d82058545b1ed14f4c8206e,ContentfulSpeedIndex,amazon,True,amazon ContentfulSpeedIndex opt fission warm webrender,,77,ms,firefox,451051207,1859163149,2024-03-17T13:56:17,163.2,47d63b18299914bf2eecdeb64fe8df0a52605aec,1394162
autoland,3870186,13,f36c3750a6bc0db1e2bc910e5f3a3acace5985a7,windows10-64-shippable-qr,True,False,,|f|i|s|s|i|o|n| |w|a|r|m| |w|e|b|r|e|n|d|e|r|,102210fe594ee9b33d82058545b1ed14f4c8206e,ContentfulSpeedIndex,amazon,True,amazon ContentfulSpeedIndex opt fission warm webrender,,77,ms,firefox,451056543,1859194998,2024-03-17T19:02:19,158.4,164fcac77feead59372521b0072049f25a4c9692,1394171
autoland,3870186,13,f36c3750a6bc0db1e2bc910e5f3a3acace5985a7,windows10-64-shippable-qr,True,False,,|f|i|s|s|i|o|n| |w|a|r|m| |w|e|b|r|e|n|d|e|r|,102210fe594ee9b33d82058545b1ed14f4c8206e,ContentfulSpeedIndex,amazon,True,amazon ContentfulSpeedIndex opt fission warm webrender,,77,ms,firefox,451076784,1859315250,2024-03-18T01:14:25,160.5,469d4a744966c133ae480dc66643d47b77aa3209,1394186
autoland,3870186,13,f36c3750a6bc0db1e2bc910e5f3a3acace5985a7,windows10-64-shippable-qr,True,False,,|f|i|s|s|i|o|n| |w|a|r|m| |w|e|b|r|e|n|d|e|r|,102210fe594ee9b33d82058545b1ed14f4c8206e,ContentfulSpeedIndex,amazon,True,amazon ContentfulSpeedIndex opt fission warm webrender,,77,ms,firefox,451088321,1859400210,2024-03-18T07:02:14,162.4,9ae71156ef3c731f44e2af8d1d9c34b7eb7c6c9b,1394207
autoland,3870186,13,f36c3750a6bc0db1e2bc910e5f3a3acace5985a7,windows10-64-shippable-qr,True,False,,|f|i|s|s|i|o|n| |w|a|r|m| |w|e|b|r|e|n|d|e|r|,102210fe594ee9b33d82058545b1ed14f4c8206e,ContentfulSpeedIndex,amazon,True,amazon ContentfulSpeedIndex opt fission warm webrender,,77,ms,firefox,451101197,1859455664,2024-03-18T09:15:45,142.9,d3946837037d31a7b6f83b1977e57c4ea384c904,1394248
autoland,3870186,13,f36c3750a6bc0db1e2bc910e5f3a3acace5985a7,windows10-64-shippable-qr,True,False,,|f|i|s|s|i|o|n| |w|a|r|m| |w|e|b|r|e|n|d|e|r|,102210fe594ee9b33d82058545b1ed14f4c8206e,ContentfulSpeedIndex,amazon,True,amazon ContentfulSpeedIndex opt fission warm webrender,,77,ms,firefox,451163156,1859681077,2024-03-18T16:13:31,176.6,9a84c7a992c26cd844507c8b4a7215e1aa1dd56e,1394426
autoland,3870186,13,f36c3750a6bc0db1e2bc910e5f3a3acace5985a7,windows10-64-shippable-qr,True,False,,|f|i|s|s|i|o|n| |w|a|r|m| |w|e|b|r|e|n|d|e|r|,102210fe594ee9b33d82058545b1ed14f4c8206e,ContentfulSpeedIndex,amazon,True,amazon ContentfulSpeedIndex opt fission warm webrender,,77,ms,firefox,451197001,1859842152,2024-03-18T17:45:54,172.2,ab4a4d632bcfcdcb0f37c6791a75467e73c47795,1394460
autoland,3870186,13,f36c3750a6bc0db1e2bc910e5f3a3acace5985a7,windows10-64-shippable-qr,True,False,,|f|i|s|s|i|o|n| |w|a|r|m| |w|e|b|r|e|n|d|e|r|,102210fe594ee9b33d82058545b1ed14f4c8206e,ContentfulSpeedIndex,amazon,True,amazon ContentfulSpeedIndex opt fission warm webrender,,77,ms,firefox,451199488,1859844939,2024-03-18T20:20:59,157.5,3d0c771e9c28d7bad460e8683406e4a832de5d93,1394525
autoland,3870186,13,f36c3750a6bc0db1e2bc910e5f3a3acace5985a7,windows10-64-shippable-qr,True,False,,|f|i|s|s|i|o|n| |w|a|r|m| |w|e|b|r|e|n|d|e|r|,102210fe594ee9b33d82058545b1ed14f4c8206e,ContentfulSpeedIndex,amazon,True,amazon ContentfulSpeedIndex opt fission warm webrender,,77,ms,firefox,451222092,1859942334,2024-03-19T01:00:45,164.5,0febedb51783638cc944e4b495547ccfedb4c43f,1394573
autoland,3870186,13,f36c3750a6bc0db1e2bc910e5f3a3acace5985a7,windows10-64-shippable-qr,True,False,,|f|i|s|s|i|o|n| |w|a|r|m| |w|e|b|r|e|n|d|e|r|,102210fe594ee9b33d82058545b1ed14f4c8206e,ContentfulSpeedIndex,amazon,True,amazon ContentfulSpeedIndex opt fission warm webrender,,77,ms,firefox,451224753,1859968206,2024-03-19T02:26:21,153.8,16ddc2d8ba870a73f3a200338e1400a51d2299c1,1394599
autoland,3870186,13,f36c3750a6bc0db1e2bc910e5f3a3acace5985a7,windows10-64-shippable-qr,True,False,,|f|i|s|s|i|o|n| |w|a|r|m| |w|e|b|r|e|n|d|e|r|,102210fe594ee9b33d82058545b1ed14f4c8206e,ContentfulSpeedIndex,amazon,True,amazon ContentfulSpeedIndex opt fission warm webrender,,77,ms,firefox,451244308,1860048842,2024-03-19T06:03:35,168.7,0fbe242e1d975dcdea4df1bc8187bd9ecfe80291,1394632
autoland,3870186,13,f36c3750a6bc0db1e2bc910e5f3a3acace5985a7,windows10-64-shippable-qr,True,False,,|f|i|s|s|i|o|n| |w|a|r|m| |w|e|b|r|e|n|d|e|r|,102210fe594ee9b33d82058545b1ed14f4c8206e,ContentfulSpeedIndex,amazon,True,amazon ContentfulSpeedIndex opt fission warm webrender,,77,ms,firefox,451283342,1860161313,2024-03-19T08:17:39,170.6,bd45b4ccb1292ec35d0fb6c623cb70b62fecd87b,1394665
autoland,3870186,13,f36c3750a6bc0db1e2bc910e5f3a3acace5985a7,windows10-64-shippable-qr,True,False,,|f|i|s|s|i|o|n| |w|a|r|m| |w|e|b|r|e|n|d|e|r|,102210fe594ee9b33d82058545b1ed14f4c8206e,ContentfulSpeedIndex,amazon,True,amazon ContentfulSpeedIndex opt fission warm webrender,,77,ms,firefox,451293887,1860190901,2024-03-19T11:15:16,160.7,a4280d9d04d7841f3a7286d7cb6d9667ed276e03,1394711
autoland,3870186,13,f36c3750a6bc0db1e2bc910e5f3a3acace5985a7,windows10-64-shippable-qr,True,False,,|f|i|s|s|i|o|n| |w|a|r|m| |w|e|b|r|e|n|d|e|r|,102210fe594ee9b33d82058545b1ed14f4c8206e,ContentfulSpeedIndex,amazon,True,amazon ContentfulSpeedIndex opt fission warm webrender,,77,ms,firefox,451321285,1860272361,2024-03-19T13:28:22,153.7,43d89580ba9c295f67bc3df94ba1aac23b435b63,1394763
autoland,3870186,13,f36c3750a6bc0db1e2bc910e5f3a3acace5985a7,windows10-64-shippable-qr,True,False,,|f|i|s|s|i|o|n| |w|a|r|m| |w|e|b|r|e|n|d|e|r|,102210fe594ee9b33d82058545b1ed14f4c8206e,ContentfulSpeedIndex,amazon,True,amazon ContentfulSpeedIndex opt fission warm webrender,,77,ms,firefox,451427520,1860778581,2024-03-19T17:01:41,160.4,f1fbe41260ccd8c334edcef9a356b9484bd15710,1394871
autoland,3870186,13,f36c3750a6bc0db1e2bc910e5f3a3acace5985a7,windows10-64-shippable-qr,True,False,,|f|i|s|s|i|o|n| |w|a|r|m| |w|e|b|r|e|n|d|e|r|,102210fe594ee9b33d82058545b1ed14f4c8206e,ContentfulSpeedIndex,amazon,True,amazon ContentfulSpeedIndex opt fission warm webrender,,77,ms,firefox,451428993,1860787030,2024-03-19T17:02:34,158.4,90c7bb425e9215f104b1646f0cb78f064eee85b8,1394872
autoland,3870186,13,f36c3750a6bc0db1e2bc910e5f3a3acace5985a7,windows10-64-shippable-qr,True,False,,|f|i|s|s|i|o|n| |w|a|r|m| |w|e|b|r|e|n|d|e|r|,102210fe594ee9b33d82058545b1ed14f4c8206e,ContentfulSpeedIndex,amazon,True,amazon ContentfulSpeedIndex opt fission warm webrender,,77,ms,firefox,451362423,1860438197,2024-03-19T17:03:22,164.3,3d4f500d317cd4c54e93299c01efed1c4354deb7,1394873
autoland,3870186,13,f36c3750a6bc0db1e2bc910e5f3a3acace5985a7,windows10-64-shippable-qr,True,False,,|f|i|s|s|i|o|n| |w|a|r|m| |w|e|b|r|e|n|d|e|r|,102210fe594ee9b33d82058545b1ed14f4c8206e,ContentfulSpeedIndex,amazon,True,amazon ContentfulSpeedIndex opt fission warm webrender,,77,ms,firefox,451425906,1860716461,2024-03-19T17:10:24,167.3,075d02b3d330cb754d21972246fd20adb3ec0b41,1394878
autoland,3870186,13,f36c3750a6bc0db1e2bc910e5f3a3acace5985a7,windows10-64-shippable-qr,True,False,,|f|i|s|s|i|o|n| |w|a|r|m| |w|e|b|r|e|n|d|e|r|,102210fe594ee9b33d82058545b1ed14f4c8206e,ContentfulSpeedIndex,amazon,True,amazon ContentfulSpeedIndex opt fission warm webrender,,77,ms,firefox,451427068,1860747973,2024-03-19T17:11:12,166.4,b2f4fc8e6b027e886b2e54c0810b8338eae1f9a0,1394879
autoland,3870186,13,f36c3750a6bc0db1e2bc910e5f3a3acace5985a7,windows10-64-shippable-qr,True,False,,|f|i|s|s|i|o|n| |w|a|r|m| |w|e|b|r|e|n|d|e|r|,102210fe594ee9b33d82058545b1ed14f4c8206e,ContentfulSpeedIndex,amazon,True,amazon ContentfulSpeedIndex opt fission warm webrender,,77,ms,firefox,451580806,1861381626,2024-03-19T19:46:44,179.1,a87db3b698e19b65bc001936fc7a8b80239a25dd,1394942
autoland,3870186,13,f36c3750a6bc0db1e2bc910e5f3a3acace5985a7,windows10-64-shippable-qr,True,False,,|f|i|s|s|i|o|n| |w|a|r|m| |w|e|b|r|e|n|d|e|r|,102210fe594ee9b33d82058545b1ed14f4c8206e,ContentfulSpeedIndex,amazon,True,amazon ContentfulSpeedIndex opt fission warm webrender,,77,ms,firefox,451580646,1861371706,2024-03-19T19:47:51,156.9,f5ac2d368c7d44f585bea0397dedcd879e2b8ab4,1394944
autoland,3870186,13,f36c3750a6bc0db1e2bc910e5f3a3acace5985a7,windows10-64-shippable-qr,True,False,,|f|i|s|s|i|o|n| |w|a|r|m| |w|e|b|r|e|n|d|e|r|,102210fe594ee9b33d82058545b1ed14f4c8206e,ContentfulSpeedIndex,amazon,True,amazon ContentfulSpeedIndex opt fission warm webrender,,77,ms,firefox,451378096,1860510851,2024-03-19T19:48:40,158.3,7c0de707e2a448dd3846c81f12ee9bae3ebca9d3,1394945
autoland,3870186,13,f36c3750a6bc0db1e2bc910e5f3a3acace5985a7,windows10-64-shippable-qr,True,False,,|f|i|s|s|i|o|n| |w|a|r|m| |w|e|b|r|e|n|d|e|r|,102210fe594ee9b33d82058545b1ed14f4c8206e,ContentfulSpeedIndex,amazon,True,amazon ContentfulSpeedIndex opt fission warm webrender,,77,ms,firefox,451425356,1860715148,2024-03-19T19:50:51,160.0,acccc0eb50c9a1111b4f152c608de7a230877385,1394948
autoland,3870186,13,f36c3750a6bc0db1e2bc910e5f3a3acace5985a7,windows10-64-shippable-qr,True,False,,|f|i|s|s|i|o|n| |w|a|r|m| |w|e|b|r|e|n|d|e|r|,102210fe594ee9b33d82058545b1ed14f4c8206e,ContentfulSpeedIndex,amazon,True,amazon ContentfulSpeedIndex opt fission warm webrender,,77,ms,firefox,451427248,1860765996,2024-03-19T19:55:18,158.8,8cd1f5a5caf1d710563af9a6e3a77a1371d35d0f,1394950
autoland,3870186,13,f36c3750a6bc0db1e2bc910e5f3a3acace5985a7,windows10-64-shippable-qr,True,False,,|f|i|s|s|i|o|n| |w|a|r|m| |w|e|b|r|e|n|d|e|r|,102210fe594ee9b33d82058545b1ed14f4c8206e,ContentfulSpeedIndex,amazon,True,amazon ContentfulSpeedIndex opt fission warm webrender,,77,ms,firefox,451410392,1860647012,2024-03-20T00:04:56,154.4,25a7b6dcdd27704494317e01334be69707ff521f,1395012
autoland,3870186,13,f36c3750a6bc0db1e2bc910e5f3a3acace5985a7,windows10-64-shippable-qr,True,False,,|f|i|s|s|i|o|n| |w|a|r|m| |w|e|b|r|e|n|d|e|r|,102210fe594ee9b33d82058545b1ed14f4c8206e,ContentfulSpeedIndex,amazon,True,amazon ContentfulSpeedIndex opt fission warm webrender,,77,ms,firefox,452487549,1865014834,2024-03-20T00:29:27,163.2,668e95c16a47b2ed48ba7914ea247b72d7fd3e4f,1395018
autoland,3870186,13,f36c3750a6bc0db1e2bc910e5f3a3acace5985a7,windows10-64-shippable-qr,True,False,,|f|i|s|s|i|o|n| |w|a|r|m| |w|e|b|r|e|n|d|e|r|,102210fe594ee9b33d82058545b1ed14f4c8206e,ContentfulSpeedIndex,amazon,True,amazon ContentfulSpeedIndex opt fission warm webrender,,77,ms,firefox,452476078,1864966907,2024-03-20T00:58:08,147.4,3f9778571c70dc114cf1070592a612d5357e147f,1395022
autoland,3870186,13,f36c3750a6bc0db1e2bc910e5f3a3acace5985a7,windows10-64-shippable-qr,True,False,,|f|i|s|s|i|o|n| |w|a|r|m| |w|e|b|r|e|n|d|e|r|,102210fe594ee9b33d82058545b1ed14f4c8206e,ContentfulSpeedIndex,amazon,True,amazon ContentfulSpeedIndex opt fission warm webrender,,77,ms,firefox,452476082,1864967037,2024-03-20T01:25:27,176.4,68318849486e818ed2a04ceb606880cba28e487f,1395024
autoland,3870186,13,f36c3750a6bc0db1e2bc910e5f3a3acace5985a7,windows10-64-shippable-qr,True,False,,|f|i|s|s|i|o|n| |w|a|r|m| |w|e|b|r|e|n|d|e|r|,102210fe594ee9b33d82058545b1ed14f4c8206e,ContentfulSpeedIndex,amazon,True,amazon ContentfulSpeedIndex opt fission warm webrender,,77,ms,firefox,452476083,1864967142,2024-03-20T01:32:59,161.9,7a63afba38385f81ed7a4a50322ed373e0ffe211,1395025
autoland,3870186,13,f36c3750a6bc0db1e2bc910e5f3a3acace5985a7,windows10-64-shippable-qr,True,False,,|f|i|s|s|i|o|n| |w|a|r|m| |w|e|b|r|e|n|d|e|r|,102210fe594ee9b33d82058545b1ed14f4c8206e,ContentfulSpeedIndex,amazon,True,amazon ContentfulSpeedIndex opt fission warm webrender,,77,ms,firefox,452476087,1864967313,2024-03-20T01:50:16,155.6,d28cce16aa12c7123d414062a9a66e29278cca2f,1395032
autoland,3870186,13,f36c3750a6bc0db1e2bc910e5f3a3acace5985a7,windows10-64-shippable-qr,True,False,,|f|i|s|s|i|o|n| |w|a|r|m| |w|e|b|r|e|n|d|e|r|,102210fe594ee9b33d82058545b1ed14f4c8206e,ContentfulSpeedIndex,amazon,True,amazon ContentfulSpeedIndex opt fission warm webrender,,77,ms,firefox,452476090,1864967504,2024-03-20T01:56:45,148.4,03cadc90769273057584952fcbe760e37302a7bd,1395033
autoland,3870186,13,f36c3750a6bc0db1e2bc910e5f3a3acace5985a7,windows10-64-shippable-qr,True,False,,|f|i|s|s|i|o|n| |w|a|r|m| |w|e|b|r|e|n|d|e|r|,102210fe594ee9b33d82058545b1ed14f4c8206e,ContentfulSpeedIndex,amazon,True,amazon ContentfulSpeedIndex opt fission warm webrender,,77,ms,firefox,452476098,1864968500,2024-03-20T02:26:54,167.7,4292b51bf30698770a79cb08bd95770de2353599,1395038
autoland,3870186,13,f36c3750a6bc0db1e2bc910e5f3a3acace5985a7,windows10-64-shippable-qr,True,False,,|f|i|s|s|i|o|n| |w|a|r|m| |w|e|b|r|e|n|d|e|r|,102210fe594ee9b33d82058545b1ed14f4c8206e,ContentfulSpeedIndex,amazon,True,amazon ContentfulSpeedIndex opt fission warm webrender,,77,ms,firefox,451433224,1860793492,2024-03-20T06:31:28,163.8,dbb1856b4f3345f0353d4ea33ed0f83a90420827,1395067
autoland,3870186,13,f36c3750a6bc0db1e2bc910e5f3a3acace5985a7,windows10-64-shippable-qr,True,False,,|f|i|s|s|i|o|n| |w|a|r|m| |w|e|b|r|e|n|d|e|r|,102210fe594ee9b33d82058545b1ed14f4c8206e,ContentfulSpeedIndex,amazon,True,amazon ContentfulSpeedIndex opt fission warm webrender,,77,ms,firefox,452476186,1864968360,2024-03-20T06:31:28,162.9,dbb1856b4f3345f0353d4ea33ed0f83a90420827,1395067
autoland,3870186,13,f36c3750a6bc0db1e2bc910e5f3a3acace5985a7,windows10-64-shippable-qr,True,False,,|f|i|s|s|i|o|n| |w|a|r|m| |w|e|b|r|e|n|d|e|r|,102210fe594ee9b33d82058545b1ed14f4c8206e,ContentfulSpeedIndex,amazon,True,amazon ContentfulSpeedIndex opt fission warm webrender,,77,ms,firefox,452476185,1864968653,2024-03-20T07:04:23,163.9,8bcc9c90f297db66d42580bf2c0ba809f13eac5a,1395069
autoland,3870186,13,f36c3750a6bc0db1e2bc910e5f3a3acace5985a7,windows10-64-shippable-qr,True,False,,|f|i|s|s|i|o|n| |w|a|r|m| |w|e|b|r|e|n|d|e|r|,102210fe594ee9b33d82058545b1ed14f4c8206e,ContentfulSpeedIndex,amazon,True,amazon ContentfulSpeedIndex opt fission warm webrender,,77,ms,firefox,452476189,1864969244,2024-03-20T07:29:29,157.1,68345c99f49332190ac0695e77c508d32fd901c3,1395071
autoland,3870186,13,f36c3750a6bc0db1e2bc910e5f3a3acace5985a7,windows10-64-shippable-qr,True,False,,|f|i|s|s|i|o|n| |w|a|r|m| |w|e|b|r|e|n|d|e|r|,102210fe594ee9b33d82058545b1ed14f4c8206e,ContentfulSpeedIndex,amazon,True,amazon ContentfulSpeedIndex opt fission warm webrender,,77,ms,firefox,452476197,1864969436,2024-03-20T07:40:09,198.5,dbac7c3a1c9165c919c9507112daab43c8405410,1395072
autoland,3870186,13,f36c3750a6bc0db1e2bc910e5f3a3acace5985a7,windows10-64-shippable-qr,True,False,,|f|i|s|s|i|o|n| |w|a|r|m| |w|e|b|r|e|n|d|e|r|,102210fe594ee9b33d82058545b1ed14f4c8206e,ContentfulSpeedIndex,amazon,True,amazon ContentfulSpeedIndex opt fission warm webrender,,77,ms,firefox,452476201,1864969566,2024-03-20T08:53:50,166.2,0d744e313b06da21382b85fb18e99982d69b2a14,1395088
autoland,3870186,13,f36c3750a6bc0db1e2bc910e5f3a3acace5985a7,windows10-64-shippable-qr,True,False,,|f|i|s|s|i|o|n| |w|a|r|m| |w|e|b|r|e|n|d|e|r|,102210fe594ee9b33d82058545b1ed14f4c8206e,ContentfulSpeedIndex,amazon,True,amazon ContentfulSpeedIndex opt fission warm webrender,,77,ms,firefox,452476202,1864969348,2024-03-20T09:53:37,154.7,5df2e949b302ee3b2a6898a23c9b87cd35d78e11,1395096
autoland,3870186,13,f36c3750a6bc0db1e2bc910e5f3a3acace5985a7,windows10-64-shippable-qr,True,False,,|f|i|s|s|i|o|n| |w|a|r|m| |w|e|b|r|e|n|d|e|r|,102210fe594ee9b33d82058545b1ed14f4c8206e,ContentfulSpeedIndex,amazon,True,amazon ContentfulSpeedIndex opt fission warm webrender,,77,ms,firefox,452476213,1864969700,2024-03-20T10:02:30,149.9,73713e3da2fcf1b0f855fcee7689d21003bcc59c,1395097
autoland,3870186,13,f36c3750a6bc0db1e2bc910e5f3a3acace5985a7,windows10-64-shippable-qr,True,False,,|f|i|s|s|i|o|n| |w|a|r|m| |w|e|b|r|e|n|d|e|r|,102210fe594ee9b33d82058545b1ed14f4c8206e,ContentfulSpeedIndex,amazon,True,amazon ContentfulSpeedIndex opt fission warm webrender,,77,ms,firefox,452476216,1864969784,2024-03-20T10:07:52,151.7,e58e23775c0a1b4fce3e01230a4553cea55960f2,1395101
autoland,3870186,13,f36c3750a6bc0db1e2bc910e5f3a3acace5985a7,windows10-64-shippable-qr,True,False,,|f|i|s|s|i|o|n| |w|a|r|m| |w|e|b|r|e|n|d|e|r|,102210fe594ee9b33d82058545b1ed14f4c8206e,ContentfulSpeedIndex,amazon,True,amazon ContentfulSpeedIndex opt fission warm webrender,,77,ms,firefox,452476247,1864969868,2024-03-20T10:10:53,156.9,84babf8e4e49f53578dcfff815531486760e67ad,1395102
autoland,3870186,13,f36c3750a6bc0db1e2bc910e5f3a3acace5985a7,windows10-64-shippable-qr,True,False,,|f|i|s|s|i|o|n| |w|a|r|m| |w|e|b|r|e|n|d|e|r|,102210fe594ee9b33d82058545b1ed14f4c8206e,ContentfulSpeedIndex,amazon,True,amazon ContentfulSpeedIndex opt fission warm webrender,,77,ms,firefox,451458846,1860894233,2024-03-20T10:14:04,154.5,89f62e190e69ddb95685488010b5807b31491168,1395103
autoland,3870186,13,f36c3750a6bc0db1e2bc910e5f3a3acace5985a7,windows10-64-shippable-qr,True,False,,|f|i|s|s|i|o|n| |w|a|r|m| |w|e|b|r|e|n|d|e|r|,102210fe594ee9b33d82058545b1ed14f4c8206e,ContentfulSpeedIndex,amazon,True,amazon ContentfulSpeedIndex opt fission warm webrender,,77,ms,firefox,451530647,1861106501,2024-03-20T14:37:05,167.4,533a3c2e587f7ea99fde847c499dbb77d1d7c623,1395197
autoland,3870186,13,f36c3750a6bc0db1e2bc910e5f3a3acace5985a7,windows10-64-shippable-qr,True,False,,|f|i|s|s|i|o|n| |w|a|r|m| |w|e|b|r|e|n|d|e|r|,102210fe594ee9b33d82058545b1ed14f4c8206e,ContentfulSpeedIndex,amazon,True,amazon ContentfulSpeedIndex opt fission warm webrender,,77,ms,firefox,451593858,1861404147,2024-03-20T21:30:57,164.2,7e65c2e3fa5893e80c6f6f8ef4deef5861f82edc,1395367
autoland,3870186,13,f36c3750a6bc0db1e2bc910e5f3a3acace5985a7,windows10-64-shippable-qr,True,False,,|f|i|s|s|i|o|n| |w|a|r|m| |w|e|b|r|e|n|d|e|r|,102210fe594ee9b33d82058545b1ed14f4c8206e,ContentfulSpeedIndex,amazon,True,amazon ContentfulSpeedIndex opt fission warm webrender,,77,ms,firefox,451610201,1861464062,2024-03-21T02:02:41,156.7,cd39ad6d1934b2a8d659607d5fc0c1f88df011ba,1395495
autoland,3870186,13,f36c3750a6bc0db1e2bc910e5f3a3acace5985a7,windows10-64-shippable-qr,True,False,,|f|i|s|s|i|o|n| |w|a|r|m| |w|e|b|r|e|n|d|e|r|,102210fe594ee9b33d82058545b1ed14f4c8206e,ContentfulSpeedIndex,amazon,True,amazon ContentfulSpeedIndex opt fission warm webrender,,77,ms,firefox,451643186,1861612354,2024-03-21T06:23:30,170.0,ed7ada93d4ad18f5c9f613bf5ce8d5f89bdaa140,1395640
autoland,3870186,13,f36c3750a6bc0db1e2bc910e5f3a3acace5985a7,windows10-64-shippable-qr,True,False,,|f|i|s|s|i|o|n| |w|a|r|m| |w|e|b|r|e|n|d|e|r|,102210fe594ee9b33d82058545b1ed14f4c8206e,ContentfulSpeedIndex,amazon,True,amazon ContentfulSpeedIndex opt fission warm webrender,,77,ms,firefox,451643415,1861624258,2024-03-21T08:38:48,166.2,335ba8ea2f56243d2cb6a5bc7aa4d0d0f3c415c7,1395685
autoland,3870186,13,f36c3750a6bc0db1e2bc910e5f3a3acace5985a7,windows10-64-shippable-qr,True,False,,|f|i|s|s|i|o|n| |w|a|r|m| |w|e|b|r|e|n|d|e|r|,102210fe594ee9b33d82058545b1ed14f4c8206e,ContentfulSpeedIndex,amazon,True,amazon ContentfulSpeedIndex opt fission warm webrender,,77,ms,firefox,451847721,1862292259,2024-03-21T08:42:18,173.5,42e0c42e5e1c3fc7c0ad70a25fb2ef3cc909e5d1,1395691
autoland,3870186,13,f36c3750a6bc0db1e2bc910e5f3a3acace5985a7,windows10-64-shippable-qr,True,False,,|f|i|s|s|i|o|n| |w|a|r|m| |w|e|b|r|e|n|d|e|r|,102210fe594ee9b33d82058545b1ed14f4c8206e,ContentfulSpeedIndex,amazon,True,amazon ContentfulSpeedIndex opt fission warm webrender,,77,ms,firefox,451847091,1862285396,2024-03-21T09:02:11,172.0,79b454f01f93f009791c6d78b151b86734acae05,1395725
autoland,3870186,13,f36c3750a6bc0db1e2bc910e5f3a3acace5985a7,windows10-64-shippable-qr,True,False,,|f|i|s|s|i|o|n| |w|a|r|m| |w|e|b|r|e|n|d|e|r|,102210fe594ee9b33d82058545b1ed14f4c8206e,ContentfulSpeedIndex,amazon,True,amazon ContentfulSpeedIndex opt fission warm webrender,,77,ms,firefox,452125177,1863496800,2024-03-21T09:02:11,170.7,79b454f01f93f009791c6d78b151b86734acae05,1395725
autoland,3870186,13,f36c3750a6bc0db1e2bc910e5f3a3acace5985a7,windows10-64-shippable-qr,True,False,,|f|i|s|s|i|o|n| |w|a|r|m| |w|e|b|r|e|n|d|e|r|,102210fe594ee9b33d82058545b1ed14f4c8206e,ContentfulSpeedIndex,amazon,True,amazon ContentfulSpeedIndex opt fission warm webrender,,77,ms,firefox,452125178,1863496786,2024-03-21T09:02:11,160.5,79b454f01f93f009791c6d78b151b86734acae05,1395725
autoland,3870186,13,f36c3750a6bc0db1e2bc910e5f3a3acace5985a7,windows10-64-shippable-qr,True,False,,|f|i|s|s|i|o|n| |w|a|r|m| |w|e|b|r|e|n|d|e|r|,102210fe594ee9b33d82058545b1ed14f4c8206e,ContentfulSpeedIndex,amazon,True,amazon ContentfulSpeedIndex opt fission warm webrender,,77,ms,firefox,452125306,1863496614,2024-03-21T09:02:11,171.7,79b454f01f93f009791c6d78b151b86734acae05,1395725
autoland,3870186,13,f36c3750a6bc0db1e2bc910e5f3a3acace5985a7,windows10-64-shippable-qr,True,False,,|f|i|s|s|i|o|n| |w|a|r|m| |w|e|b|r|e|n|d|e|r|,102210fe594ee9b33d82058545b1ed14f4c8206e,ContentfulSpeedIndex,amazon,True,amazon ContentfulSpeedIndex opt fission warm webrender,,77,ms,firefox,452125308,1863496823,2024-03-21T09:02:11,160.8,79b454f01f93f009791c6d78b151b86734acae05,1395725
autoland,3870186,13,f36c3750a6bc0db1e2bc910e5f3a3acace5985a7,windows10-64-shippable-qr,True,False,,|f|i|s|s|i|o|n| |w|a|r|m| |w|e|b|r|e|n|d|e|r|,102210fe594ee9b33d82058545b1ed14f4c8206e,ContentfulSpeedIndex,amazon,True,amazon ContentfulSpeedIndex opt fission warm webrender,,77,ms,firefox,452125397,1863496454,2024-03-21T09:02:11,150.0,79b454f01f93f009791c6d78b151b86734acae05,1395725
autoland,3870186,13,f36c3750a6bc0db1e2bc910e5f3a3acace5985a7,windows10-64-shippable-qr,True,False,,|f|i|s|s|i|o|n| |w|a|r|m| |w|e|b|r|e|n|d|e|r|,102210fe594ee9b33d82058545b1ed14f4c8206e,ContentfulSpeedIndex,amazon,True,amazon ContentfulSpeedIndex opt fission warm webrender,,77,ms,firefox,451696696,1861809791,2024-03-21T12:46:07,154.2,d90b4451e543266ae9d98982a92dafa311c75db6,1395897
autoland,3870186,13,f36c3750a6bc0db1e2bc910e5f3a3acace5985a7,windows10-64-shippable-qr,True,False,,|f|i|s|s|i|o|n| |w|a|r|m| |w|e|b|r|e|n|d|e|r|,102210fe594ee9b33d82058545b1ed14f4c8206e,ContentfulSpeedIndex,amazon,True,amazon ContentfulSpeedIndex opt fission warm webrender,,77,ms,firefox,451699341,1861816182,2024-03-21T13:53:06,168.4,dbfd6042b4d2b3a3b509b22f41276fdfdd6a17b0,1395978
autoland,3870186,13,f36c3750a6bc0db1e2bc910e5f3a3acace5985a7,windows10-64-shippable-qr,True,False,,|f|i|s|s|i|o|n| |w|a|r|m| |w|e|b|r|e|n|d|e|r|,102210fe594ee9b33d82058545b1ed14f4c8206e,ContentfulSpeedIndex,amazon,True,amazon ContentfulSpeedIndex opt fission warm webrender,,77,ms,firefox,451741250,1861937889,2024-03-21T17:29:27,151.9,6a09c380e669a377e8254dd93ff3485ae0ec96c4,1396220
autoland,3870186,13,f36c3750a6bc0db1e2bc910e5f3a3acace5985a7,windows10-64-shippable-qr,True,False,,|f|i|s|s|i|o|n| |w|a|r|m| |w|e|b|r|e|n|d|e|r|,102210fe594ee9b33d82058545b1ed14f4c8206e,ContentfulSpeedIndex,amazon,True,amazon ContentfulSpeedIndex opt fission warm webrender,,77,ms,firefox,451844218,1862254751,2024-03-21T18:45:37,164.8,761aa95394f28659c52a30a4cf4bbb9de1bf1fcd,1396356
autoland,3870186,13,f36c3750a6bc0db1e2bc910e5f3a3acace5985a7,windows10-64-shippable-qr,True,False,,|f|i|s|s|i|o|n| |w|a|r|m| |w|e|b|r|e|n|d|e|r|,102210fe594ee9b33d82058545b1ed14f4c8206e,ContentfulSpeedIndex,amazon,True,amazon ContentfulSpeedIndex opt fission warm webrender,,77,ms,firefox,451845768,1862262338,2024-03-21T18:46:28,181.0,bb41b62cad53dc168eae7ef8e5dd62439925c999,1396358
autoland,3870186,13,f36c3750a6bc0db1e2bc910e5f3a3acace5985a7,windows10-64-shippable-qr,True,False,,|f|i|s|s|i|o|n| |w|a|r|m| |w|e|b|r|e|n|d|e|r|,102210fe594ee9b33d82058545b1ed14f4c8206e,ContentfulSpeedIndex,amazon,True,amazon ContentfulSpeedIndex opt fission warm webrender,,77,ms,firefox,451746843,1861979979,2024-03-21T18:47:13,177.3,c83258a2f5a9fd7b7107508c07827d9aa1a83035,1396360
autoland,3870186,13,f36c3750a6bc0db1e2bc910e5f3a3acace5985a7,windows10-64-shippable-qr,True,False,,|f|i|s|s|i|o|n| |w|a|r|m| |w|e|b|r|e|n|d|e|r|,102210fe594ee9b33d82058545b1ed14f4c8206e,ContentfulSpeedIndex,amazon,True,amazon ContentfulSpeedIndex opt fission warm webrender,,77,ms,firefox,451775958,1862101513,2024-03-21T21:19:12,171.0,3e3e5631944ec7d9d81a7c8ca0c3b5998ad044b3,1396573
autoland,3870186,13,f36c3750a6bc0db1e2bc910e5f3a3acace5985a7,windows10-64-shippable-qr,True,False,,|f|i|s|s|i|o|n| |w|a|r|m| |w|e|b|r|e|n|d|e|r|,102210fe594ee9b33d82058545b1ed14f4c8206e,ContentfulSpeedIndex,amazon,True,amazon ContentfulSpeedIndex opt fission warm webrender,,77,ms,firefox,452110970,1863424743,2024-03-22T00:22:02,162.8,64f24a096feca3751d8bf9b25cec34afb9d63a5e,1396793
autoland,3870186,13,f36c3750a6bc0db1e2bc910e5f3a3acace5985a7,windows10-64-shippable-qr,True,False,,|f|i|s|s|i|o|n| |w|a|r|m| |w|e|b|r|e|n|d|e|r|,102210fe594ee9b33d82058545b1ed14f4c8206e,ContentfulSpeedIndex,amazon,True,amazon ContentfulSpeedIndex opt fission warm webrender,,77,ms,firefox,452110967,1863424852,2024-03-22T00:29:23,178.4,d01a6b91c042bf0f4d48bec38e1c2d50469fb247,1396803
autoland,3870186,13,f36c3750a6bc0db1e2bc910e5f3a3acace5985a7,windows10-64-shippable-qr,True,False,,|f|i|s|s|i|o|n| |w|a|r|m| |w|e|b|r|e|n|d|e|r|,102210fe594ee9b33d82058545b1ed14f4c8206e,ContentfulSpeedIndex,amazon,True,amazon ContentfulSpeedIndex opt fission warm webrender,,77,ms,firefox,452110972,1863424658,2024-03-22T00:30:21,155.4,ebc783049ebe2b7eeac97537a954da346b778b40,1396804
autoland,3870186,13,f36c3750a6bc0db1e2bc910e5f3a3acace5985a7,windows10-64-shippable-qr,True,False,,|f|i|s|s|i|o|n| |w|a|r|m| |w|e|b|r|e|n|d|e|r|,102210fe594ee9b33d82058545b1ed14f4c8206e,ContentfulSpeedIndex,amazon,True,amazon ContentfulSpeedIndex opt fission warm webrender,,77,ms,firefox,452110973,1863425339,2024-03-22T00:39:06,156.7,344ab2356d33dab6f2fe7aa981f3c01577d80254,1396816
autoland,3870186,13,f36c3750a6bc0db1e2bc910e5f3a3acace5985a7,windows10-64-shippable-qr,True,False,,|f|i|s|s|i|o|n| |w|a|r|m| |w|e|b|r|e|n|d|e|r|,102210fe594ee9b33d82058545b1ed14f4c8206e,ContentfulSpeedIndex,amazon,True,amazon ContentfulSpeedIndex opt fission warm webrender,,77,ms,firefox,452110975,1863425070,2024-03-22T00:58:39,170.1,f42d24696e4330f7845317877bbab5a0eb2cd2e5,1396827
autoland,3870186,13,f36c3750a6bc0db1e2bc910e5f3a3acace5985a7,windows10-64-shippable-qr,True,False,,|f|i|s|s|i|o|n| |w|a|r|m| |w|e|b|r|e|n|d|e|r|,102210fe594ee9b33d82058545b1ed14f4c8206e,ContentfulSpeedIndex,amazon,True,amazon ContentfulSpeedIndex opt fission warm webrender,,77,ms,firefox,452110974,1863425244,2024-03-22T02:32:21,167.2,11a42199ec7056f0bafcc47d6e94864ff04fd21c,1396938
autoland,3870186,13,f36c3750a6bc0db1e2bc910e5f3a3acace5985a7,windows10-64-shippable-qr,True,False,,|f|i|s|s|i|o|n| |w|a|r|m| |w|e|b|r|e|n|d|e|r|,102210fe594ee9b33d82058545b1ed14f4c8206e,ContentfulSpeedIndex,amazon,True,amazon ContentfulSpeedIndex opt fission warm webrender,,77,ms,firefox,451832408,1862210609,2024-03-22T02:33:11,168.3,a64d6cbeaa4f78ec1f700f6123469eb1b3a31608,1396939
autoland,3870186,13,f36c3750a6bc0db1e2bc910e5f3a3acace5985a7,windows10-64-shippable-qr,True,False,,|f|i|s|s|i|o|n| |w|a|r|m| |w|e|b|r|e|n|d|e|r|,102210fe594ee9b33d82058545b1ed14f4c8206e,ContentfulSpeedIndex,amazon,True,amazon ContentfulSpeedIndex opt fission warm webrender,,77,ms,firefox,452115905,1863449272,2024-03-22T04:05:59,159.5,968097672e6477369fb0bae1034cea3df3562751,1396963
autoland,3870186,13,f36c3750a6bc0db1e2bc910e5f3a3acace5985a7,windows10-64-shippable-qr,True,False,,|f|i|s|s|i|o|n| |w|a|r|m| |w|e|b|r|e|n|d|e|r|,102210fe594ee9b33d82058545b1ed14f4c8206e,ContentfulSpeedIndex,amazon,True,amazon ContentfulSpeedIndex opt fission warm webrender,,77,ms,firefox,452115900,1863449023,2024-03-22T04:16:05,163.7,122147bb13ec4ad33b12029b0806f7b32a465b08,1396972
autoland,3870186,13,f36c3750a6bc0db1e2bc910e5f3a3acace5985a7,windows10-64-shippable-qr,True,False,,|f|i|s|s|i|o|n| |w|a|r|m| |w|e|b|r|e|n|d|e|r|,102210fe594ee9b33d82058545b1ed14f4c8206e,ContentfulSpeedIndex,amazon,True,amazon ContentfulSpeedIndex opt fission warm webrender,,77,ms,firefox,451849045,1862314629,2024-03-22T05:34:14,172.9,5d6efea5e0bbc9c3cb2231d09450c2c7dd045122,1397066
autoland,3870186,13,f36c3750a6bc0db1e2bc910e5f3a3acace5985a7,windows10-64-shippable-qr,True,False,,|f|i|s|s|i|o|n| |w|a|r|m| |w|e|b|r|e|n|d|e|r|,102210fe594ee9b33d82058545b1ed14f4c8206e,ContentfulSpeedIndex,amazon,True,amazon ContentfulSpeedIndex opt fission warm webrender,,77,ms,firefox,452115923,1863450362,2024-03-22T06:04:53,152.6,aa152449515d9279c14852ce7a7a0a3bfe1a83c4,1397102
autoland,3870186,13,f36c3750a6bc0db1e2bc910e5f3a3acace5985a7,windows10-64-shippable-qr,True,False,,|f|i|s|s|i|o|n| |w|a|r|m| |w|e|b|r|e|n|d|e|r|,102210fe594ee9b33d82058545b1ed14f4c8206e,ContentfulSpeedIndex,amazon,True,amazon ContentfulSpeedIndex opt fission warm webrender,,77,ms,firefox,452115935,1863452745,2024-03-22T07:01:55,157.6,3571272f121dd932e02616c38dee6fd136c16c0e,1397163
autoland,3870186,13,f36c3750a6bc0db1e2bc910e5f3a3acace5985a7,windows10-64-shippable-qr,True,False,,|f|i|s|s|i|o|n| |w|a|r|m| |w|e|b|r|e|n|d|e|r|,102210fe594ee9b33d82058545b1ed14f4c8206e,ContentfulSpeedIndex,amazon,True,amazon ContentfulSpeedIndex opt fission warm webrender,,77,ms,firefox,452115922,1863450539,2024-03-22T07:18:47,159.9,41dcb55a39408d5d0a38b89e1befba4c0b8bfb78,1397195
autoland,3870186,13,f36c3750a6bc0db1e2bc910e5f3a3acace5985a7,windows10-64-shippable-qr,True,False,,|f|i|s|s|i|o|n| |w|a|r|m| |w|e|b|r|e|n|d|e|r|,102210fe594ee9b33d82058545b1ed14f4c8206e,ContentfulSpeedIndex,amazon,True,amazon ContentfulSpeedIndex opt fission warm webrender,,77,ms,firefox,452115941,1863454454,2024-03-22T08:20:13,159.0,8a66e9f3e0c48a0d7ca10f926d1734f22e5ce769,1397216
autoland,3870186,13,f36c3750a6bc0db1e2bc910e5f3a3acace5985a7,windows10-64-shippable-qr,True,False,,|f|i|s|s|i|o|n| |w|a|r|m| |w|e|b|r|e|n|d|e|r|,102210fe594ee9b33d82058545b1ed14f4c8206e,ContentfulSpeedIndex,amazon,True,amazon ContentfulSpeedIndex opt fission warm webrender,,77,ms,firefox,452115962,1863458139,2024-03-22T09:06:39,162.6,3276640ac98a540ed651c77aff93b43b781dc3c3,1397230
autoland,3870186,13,f36c3750a6bc0db1e2bc910e5f3a3acace5985a7,windows10-64-shippable-qr,True,False,,|f|i|s|s|i|o|n| |w|a|r|m| |w|e|b|r|e|n|d|e|r|,102210fe594ee9b33d82058545b1ed14f4c8206e,ContentfulSpeedIndex,amazon,True,amazon ContentfulSpeedIndex opt fission warm webrender,,77,ms,firefox,451878378,1862476529,2024-03-22T10:08:21,168.3,48b19f0a3ca9e2d02e502182cb41095a870c3c30,1397249
autoland,3870186,13,f36c3750a6bc0db1e2bc910e5f3a3acace5985a7,windows10-64-shippable-qr,True,False,,|f|i|s|s|i|o|n| |w|a|r|m| |w|e|b|r|e|n|d|e|r|,102210fe594ee9b33d82058545b1ed14f4c8206e,ContentfulSpeedIndex,amazon,True,amazon ContentfulSpeedIndex opt fission warm webrender,,77,ms,firefox,452115907,1863449736,2024-03-22T11:20:25,161.5,83ed667f93bb974d4a366f3ef977266940e30df2,1397286
autoland,3870186,13,f36c3750a6bc0db1e2bc910e5f3a3acace5985a7,windows10-64-shippable-qr,True,False,,|f|i|s|s|i|o|n| |w|a|r|m| |w|e|b|r|e|n|d|e|r|,102210fe594ee9b33d82058545b1ed14f4c8206e,ContentfulSpeedIndex,amazon,True,amazon ContentfulSpeedIndex opt fission warm webrender,,77,ms,firefox,452116566,1863465901,2024-03-22T12:54:53,153.3,ec22693feb7b51124987f6644e20542cf6b69223,1397322
autoland,3870186,13,f36c3750a6bc0db1e2bc910e5f3a3acace5985a7,windows10-64-shippable-qr,True,False,,|f|i|s|s|i|o|n| |w|a|r|m| |w|e|b|r|e|n|d|e|r|,102210fe594ee9b33d82058545b1ed14f4c8206e,ContentfulSpeedIndex,amazon,True,amazon ContentfulSpeedIndex opt fission warm webrender,,77,ms,firefox,452115993,1863459160,2024-03-22T13:00:32,151.2,c7c1e3e34508de62c98fcb3fa8f735806a474f5d,1397324
autoland,3870186,13,f36c3750a6bc0db1e2bc910e5f3a3acace5985a7,windows10-64-shippable-qr,True,False,,|f|i|s|s|i|o|n| |w|a|r|m| |w|e|b|r|e|n|d|e|r|,102210fe594ee9b33d82058545b1ed14f4c8206e,ContentfulSpeedIndex,amazon,True,amazon ContentfulSpeedIndex opt fission warm webrender,,77,ms,firefox,452115918,1863450279,2024-03-22T13:01:23,155.1,54c0b2c0068749b82451e6e3a5db66d0c56cd3c1,1397325
autoland,3870186,13,f36c3750a6bc0db1e2bc910e5f3a3acace5985a7,windows10-64-shippable-qr,True,False,,|f|i|s|s|i|o|n| |w|a|r|m| |w|e|b|r|e|n|d|e|r|,102210fe594ee9b33d82058545b1ed14f4c8206e,ContentfulSpeedIndex,amazon,True,amazon ContentfulSpeedIndex opt fission warm webrender,,77,ms,firefox,452115981,1863458748,2024-03-22T13:02:08,152.0,dda9d04389e109e89c8348aeaab0975ef71d53c7,1397326
autoland,3870186,13,f36c3750a6bc0db1e2bc910e5f3a3acace5985a7,windows10-64-shippable-qr,True,False,,|f|i|s|s|i|o|n| |w|a|r|m| |w|e|b|r|e|n|d|e|r|,102210fe594ee9b33d82058545b1ed14f4c8206e,ContentfulSpeedIndex,amazon,True,amazon ContentfulSpeedIndex opt fission warm webrender,,77,ms,firefox,452115903,1863449368,2024-03-22T13:03:00,178.1,73c915ed013b1b6a0435a839e95c38023984612b,1397327
autoland,3870186,13,f36c3750a6bc0db1e2bc910e5f3a3acace5985a7,windows10-64-shippable-qr,True,False,,|f|i|s|s|i|o|n| |w|a|r|m| |w|e|b|r|e|n|d|e|r|,102210fe594ee9b33d82058545b1ed14f4c8206e,ContentfulSpeedIndex,amazon,True,amazon ContentfulSpeedIndex opt fission warm webrender,,77,ms,firefox,452115927,1863450960,2024-03-22T13:03:52,164.2,9dd061a96bcd286d6afa01bac0028f1015f00a51,1397329
autoland,3870186,13,f36c3750a6bc0db1e2bc910e5f3a3acace5985a7,windows10-64-shippable-qr,True,False,,|f|i|s|s|i|o|n| |w|a|r|m| |w|e|b|r|e|n|d|e|r|,102210fe594ee9b33d82058545b1ed14f4c8206e,ContentfulSpeedIndex,amazon,True,amazon ContentfulSpeedIndex opt fission warm webrender,,77,ms,firefox,452116283,1863463424,2024-03-22T13:08:15,154.7,c5a449ab81945f16de2d176c5f39f91cc3ff5f74,1397331
autoland,3870186,13,f36c3750a6bc0db1e2bc910e5f3a3acace5985a7,windows10-64-shippable-qr,True,False,,|f|i|s|s|i|o|n| |w|a|r|m| |w|e|b|r|e|n|d|e|r|,102210fe594ee9b33d82058545b1ed14f4c8206e,ContentfulSpeedIndex,amazon,True,amazon ContentfulSpeedIndex opt fission warm webrender,,77,ms,firefox,452115938,1863453017,2024-03-22T13:11:12,168.9,e5659057dee1fedbbdb9275b8049f96e1f41400c,1397334
autoland,3870186,13,f36c3750a6bc0db1e2bc910e5f3a3acace5985a7,windows10-64-shippable-qr,True,False,,|f|i|s|s|i|o|n| |w|a|r|m| |w|e|b|r|e|n|d|e|r|,102210fe594ee9b33d82058545b1ed14f4c8206e,ContentfulSpeedIndex,amazon,True,amazon ContentfulSpeedIndex opt fission warm webrender,,77,ms,firefox,451912602,1862591341,2024-03-22T13:22:55,178.9,640f274ba8d721083e3a62631c1c96e652d0965c,1397337
autoland,3870186,13,f36c3750a6bc0db1e2bc910e5f3a3acace5985a7,windows10-64-shippable-qr,True,False,,|f|i|s|s|i|o|n| |w|a|r|m| |w|e|b|r|e|n|d|e|r|,102210fe594ee9b33d82058545b1ed14f4c8206e,ContentfulSpeedIndex,amazon,True,amazon ContentfulSpeedIndex opt fission warm webrender,,77,ms,firefox,452116526,1863465782,2024-03-22T16:46:13,161.9,4dc050682538be91313752fd487349eac9f21592,1397463
autoland,3870186,13,f36c3750a6bc0db1e2bc910e5f3a3acace5985a7,windows10-64-shippable-qr,True,False,,|f|i|s|s|i|o|n| |w|a|r|m| |w|e|b|r|e|n|d|e|r|,102210fe594ee9b33d82058545b1ed14f4c8206e,ContentfulSpeedIndex,amazon,True,amazon ContentfulSpeedIndex opt fission warm webrender,,77,ms,firefox,452115928,1863450801,2024-03-22T16:47:03,154.5,33bfeab02910fb736732b4ff3009d4daba7b09a5,1397466
autoland,3870186,13,f36c3750a6bc0db1e2bc910e5f3a3acace5985a7,windows10-64-shippable-qr,True,False,,|f|i|s|s|i|o|n| |w|a|r|m| |w|e|b|r|e|n|d|e|r|,102210fe594ee9b33d82058545b1ed14f4c8206e,ContentfulSpeedIndex,amazon,True,amazon ContentfulSpeedIndex opt fission warm webrender,,77,ms,firefox,452115977,1863458520,2024-03-22T16:47:52,184.6,b8dccd7ac21406ecd6640ea7fef5530cb5379c00,1397469
autoland,3870186,13,f36c3750a6bc0db1e2bc910e5f3a3acace5985a7,windows10-64-shippable-qr,True,False,,|f|i|s|s|i|o|n| |w|a|r|m| |w|e|b|r|e|n|d|e|r|,102210fe594ee9b33d82058545b1ed14f4c8206e,ContentfulSpeedIndex,amazon,True,amazon ContentfulSpeedIndex opt fission warm webrender,,77,ms,firefox,452115931,1863450766,2024-03-22T16:48:39,152.4,87de8d00268ad4a3b4d56f7b4dddc9596fb1457c,1397471
autoland,3870186,13,f36c3750a6bc0db1e2bc910e5f3a3acace5985a7,windows10-64-shippable-qr,True,False,,|f|i|s|s|i|o|n| |w|a|r|m| |w|e|b|r|e|n|d|e|r|,102210fe594ee9b33d82058545b1ed14f4c8206e,ContentfulSpeedIndex,amazon,True,amazon ContentfulSpeedIndex opt fission warm webrender,,77,ms,firefox,452115956,1863457449,2024-03-22T16:49:26,173.3,16211a33b193ca98422b6900e085894945fbf89d,1397473
autoland,3870186,13,f36c3750a6bc0db1e2bc910e5f3a3acace5985a7,windows10-64-shippable-qr,True,False,,|f|i|s|s|i|o|n| |w|a|r|m| |w|e|b|r|e|n|d|e|r|,102210fe594ee9b33d82058545b1ed14f4c8206e,ContentfulSpeedIndex,amazon,True,amazon ContentfulSpeedIndex opt fission warm webrender,,77,ms,firefox,452115920,1863450196,2024-03-22T16:50:13,178.0,3b11a30f41465b2f5de85bc5ff403d30795f6ca3,1397476
autoland,3870186,13,f36c3750a6bc0db1e2bc910e5f3a3acace5985a7,windows10-64-shippable-qr,True,False,,|f|i|s|s|i|o|n| |w|a|r|m| |w|e|b|r|e|n|d|e|r|,102210fe594ee9b33d82058545b1ed14f4c8206e,ContentfulSpeedIndex,amazon,True,amazon ContentfulSpeedIndex opt fission warm webrender,,77,ms,firefox,452115940,1863453658,2024-03-22T16:51:11,146.7,a2d9c41987af52b60cd1f690c85cc84aebbe8036,1397479
autoland,3870186,13,f36c3750a6bc0db1e2bc910e5f3a3acace5985a7,windows10-64-shippable-qr,True,False,,|f|i|s|s|i|o|n| |w|a|r|m| |w|e|b|r|e|n|d|e|r|,102210fe594ee9b33d82058545b1ed14f4c8206e,ContentfulSpeedIndex,amazon,True,amazon ContentfulSpeedIndex opt fission warm webrender,,77,ms,firefox,452115959,1863457756,2024-03-22T17:05:43,154.6,47f2181e0a4ffcc3777815fa5b0d32c486a68b07,1397492
autoland,3870186,13,f36c3750a6bc0db1e2bc910e5f3a3acace5985a7,windows10-64-shippable-qr,True,False,,|f|i|s|s|i|o|n| |w|a|r|m| |w|e|b|r|e|n|d|e|r|,102210fe594ee9b33d82058545b1ed14f4c8206e,ContentfulSpeedIndex,amazon,True,amazon ContentfulSpeedIndex opt fission warm webrender,,77,ms,firefox,452115910,1863449820,2024-03-22T17:09:40,146.5,6254c9c51033672853d6c077676824f1ae56977c,1397502
autoland,3870186,13,f36c3750a6bc0db1e2bc910e5f3a3acace5985a7,windows10-64-shippable-qr,True,False,,|f|i|s|s|i|o|n| |w|a|r|m| |w|e|b|r|e|n|d|e|r|,102210fe594ee9b33d82058545b1ed14f4c8206e,ContentfulSpeedIndex,amazon,True,amazon ContentfulSpeedIndex opt fission warm webrender,,77,ms,firefox,451951503,1862739146,2024-03-22T17:28:16,162.2,d12a19660d53686074475ffbbed160cc788ebe05,1397524
autoland,3870186,13,f36c3750a6bc0db1e2bc910e5f3a3acace5985a7,windows10-64-shippable-qr,True,False,,|f|i|s|s|i|o|n| |w|a|r|m| |w|e|b|r|e|n|d|e|r|,102210fe594ee9b33d82058545b1ed14f4c8206e,ContentfulSpeedIndex,amazon,True,amazon ContentfulSpeedIndex opt fission warm webrender,,77,ms,firefox,451972882,1862831213,2024-03-22T22:43:04,151.2,a008405a9171acdb92d2997564e16713185f054f,1397682
autoland,3870186,13,f36c3750a6bc0db1e2bc910e5f3a3acace5985a7,windows10-64-shippable-qr,True,False,,|f|i|s|s|i|o|n| |w|a|r|m| |w|e|b|r|e|n|d|e|r|,102210fe594ee9b33d82058545b1ed14f4c8206e,ContentfulSpeedIndex,amazon,True,amazon ContentfulSpeedIndex opt fission warm webrender,,77,ms,firefox,451985287,1862922472,2024-03-23T04:11:22,174.6,341c752f9f931ed8ca1220eb7006bdfcd026038e,1397768
autoland,3870186,13,f36c3750a6bc0db1e2bc910e5f3a3acace5985a7,windows10-64-shippable-qr,True,False,,|f|i|s|s|i|o|n| |w|a|r|m| |w|e|b|r|e|n|d|e|r|,102210fe594ee9b33d82058545b1ed14f4c8206e,ContentfulSpeedIndex,amazon,True,amazon ContentfulSpeedIndex opt fission warm webrender,,77,ms,firefox,452000164,1862986178,2024-03-23T08:45:37,152.4,7575296d6781e483bc76a289f68623eb548baac4,1397819
autoland,3870186,13,f36c3750a6bc0db1e2bc910e5f3a3acace5985a7,windows10-64-shippable-qr,True,False,,|f|i|s|s|i|o|n| |w|a|r|m| |w|e|b|r|e|n|d|e|r|,102210fe594ee9b33d82058545b1ed14f4c8206e,ContentfulSpeedIndex,amazon,True,amazon ContentfulSpeedIndex opt fission warm webrender,,77,ms,firefox,452019009,1863050289,2024-03-23T13:51:59,165.7,47e43ed2bb6cad873900cd00ccf834a51f3dfe83,1397843
autoland,3870186,13,f36c3750a6bc0db1e2bc910e5f3a3acace5985a7,windows10-64-shippable-qr,True,False,,|f|i|s|s|i|o|n| |w|a|r|m| |w|e|b|r|e|n|d|e|r|,102210fe594ee9b33d82058545b1ed14f4c8206e,ContentfulSpeedIndex,amazon,True,amazon ContentfulSpeedIndex opt fission warm webrender,,77,ms,firefox,452029204,1863089657,2024-03-23T18:44:13,163.0,69c342123c6fdb9190169823dd12a42a77559b9f,1397871
autoland,3870186,13,f36c3750a6bc0db1e2bc910e5f3a3acace5985a7,windows10-64-shippable-qr,True,False,,|f|i|s|s|i|o|n| |w|a|r|m| |w|e|b|r|e|n|d|e|r|,102210fe594ee9b33d82058545b1ed14f4c8206e,ContentfulSpeedIndex,amazon,True,amazon ContentfulSpeedIndex opt fission warm webrender,,77,ms,firefox,452047229,1863159708,2024-03-24T00:54:50,167.7,c43bc8bba8a808b2f5005002f96936afa3697b34,1397899
autoland,3870186,13,f36c3750a6bc0db1e2bc910e5f3a3acace5985a7,windows10-64-shippable-qr,True,False,,|f|i|s|s|i|o|n| |w|a|r|m| |w|e|b|r|e|n|d|e|r|,102210fe594ee9b33d82058545b1ed14f4c8206e,ContentfulSpeedIndex,amazon,True,amazon ContentfulSpeedIndex opt fission warm webrender,,77,ms,firefox,452053937,1863220353,2024-03-24T07:02:41,150.2,fa1b327e74e89e08f7fff24dbb35f11e48736aab,1397916
autoland,3870186,13,f36c3750a6bc0db1e2bc910e5f3a3acace5985a7,windows10-64-shippable-qr,True,False,,|f|i|s|s|i|o|n| |w|a|r|m| |w|e|b|r|e|n|d|e|r|,102210fe594ee9b33d82058545b1ed14f4c8206e,ContentfulSpeedIndex,amazon,True,amazon ContentfulSpeedIndex opt fission warm webrender,,77,ms,firefox,452077667,1863302200,2024-03-24T11:13:54,169.3,f0597fea22797603c0e45ec1c43433afa5ed6dcd,1397937
autoland,3870186,13,f36c3750a6bc0db1e2bc910e5f3a3acace5985a7,windows10-64-shippable-qr,True,False,,|f|i|s|s|i|o|n| |w|a|r|m| |w|e|b|r|e|n|d|e|r|,102210fe594ee9b33d82058545b1ed14f4c8206e,ContentfulSpeedIndex,amazon,True,amazon ContentfulSpeedIndex opt fission warm webrender,,77,ms,firefox,452092804,1863356159,2024-03-24T18:59:17,179.5,6ec4249c788c48dc30dfb8737228af711e49fde2,1397954
autoland,3870186,13,f36c3750a6bc0db1e2bc910e5f3a3acace5985a7,windows10-64-shippable-qr,True,False,,|f|i|s|s|i|o|n| |w|a|r|m| |w|e|b|r|e|n|d|e|r|,102210fe594ee9b33d82058545b1ed14f4c8206e,ContentfulSpeedIndex,amazon,True,amazon ContentfulSpeedIndex opt fission warm webrender,,77,ms,firefox,452107066,1863409723,2024-03-24T23:02:44,169.9,f16b84d2aab6142f8b4fd6de574e96c2f551ebc7,1397973
autoland,3870186,13,f36c3750a6bc0db1e2bc910e5f3a3acace5985a7,windows10-64-shippable-qr,True,False,,|f|i|s|s|i|o|n| |w|a|r|m| |w|e|b|r|e|n|d|e|r|,102210fe594ee9b33d82058545b1ed14f4c8206e,ContentfulSpeedIndex,amazon,True,amazon ContentfulSpeedIndex opt fission warm webrender,,77,ms,firefox,452116093,1863459707,2024-03-25T03:31:22,163.0,19d905446a32ebc5b281e61c8ee49718ee784a25,1397989
autoland,3870186,13,f36c3750a6bc0db1e2bc910e5f3a3acace5985a7,windows10-64-shippable-qr,True,False,,|f|i|s|s|i|o|n| |w|a|r|m| |w|e|b|r|e|n|d|e|r|,102210fe594ee9b33d82058545b1ed14f4c8206e,ContentfulSpeedIndex,amazon,True,amazon ContentfulSpeedIndex opt fission warm webrender,,77,ms,firefox,452137088,1863550871,2024-03-25T08:43:58,161.7,db7773c959d542b2327b7158f769c657e46e2992,1398035
autoland,3870186,13,f36c3750a6bc0db1e2bc910e5f3a3acace5985a7,windows10-64-shippable-qr,True,False,,|f|i|s|s|i|o|n| |w|a|r|m| |w|e|b|r|e|n|d|e|r|,102210fe594ee9b33d82058545b1ed14f4c8206e,ContentfulSpeedIndex,amazon,True,amazon ContentfulSpeedIndex opt fission warm webrender,,77,ms,firefox,452139634,1863574481,2024-03-25T09:25:18,162.4,71c813e27dff32e4664eb9116e60097837485bfb,1398057
autoland,3870186,13,f36c3750a6bc0db1e2bc910e5f3a3acace5985a7,windows10-64-shippable-qr,True,False,,|f|i|s|s|i|o|n| |w|a|r|m| |w|e|b|r|e|n|d|e|r|,102210fe594ee9b33d82058545b1ed14f4c8206e,ContentfulSpeedIndex,amazon,True,amazon ContentfulSpeedIndex opt fission warm webrender,,77,ms,firefox,452193166,1863747290,2024-03-25T13:40:37,167.7,5969005dae85cc8ac486b2f0bdbb7454b660f252,1398214
autoland,3870186,13,f36c3750a6bc0db1e2bc910e5f3a3acace5985a7,windows10-64-shippable-qr,True,False,,|f|i|s|s|i|o|n| |w|a|r|m| |w|e|b|r|e|n|d|e|r|,102210fe594ee9b33d82058545b1ed14f4c8206e,ContentfulSpeedIndex,amazon,True,amazon ContentfulSpeedIndex opt fission warm webrender,,77,ms,firefox,452194028,1863761385,2024-03-25T14:05:55,169.0,19dcff1ee3fcbb431110e0639c80a3ba51ee0a34,1398235
autoland,3870186,13,f36c3750a6bc0db1e2bc910e5f3a3acace5985a7,windows10-64-shippable-qr,True,False,,|f|i|s|s|i|o|n| |w|a|r|m| |w|e|b|r|e|n|d|e|r|,102210fe594ee9b33d82058545b1ed14f4c8206e,ContentfulSpeedIndex,amazon,True,amazon ContentfulSpeedIndex opt fission warm webrender,,77,ms,firefox,452299385,1864211146,2024-03-25T14:40:25,181.7,1ccfb1fee9008dff43ef927076a3c5188eb2e683,1398263
autoland,3870186,13,f36c3750a6bc0db1e2bc910e5f3a3acace5985a7,windows10-64-shippable-qr,True,False,,|f|i|s|s|i|o|n| |w|a|r|m| |w|e|b|r|e|n|d|e|r|,102210fe594ee9b33d82058545b1ed14f4c8206e,ContentfulSpeedIndex,amazon,True,amazon ContentfulSpeedIndex opt fission warm webrender,,77,ms,firefox,452298865,1864206923,2024-03-25T14:55:12,157.9,4c62ed2fd27692e962d9d0568404bbc956674765,1398275
autoland,3870186,13,f36c3750a6bc0db1e2bc910e5f3a3acace5985a7,windows10-64-shippable-qr,True,False,,|f|i|s|s|i|o|n| |w|a|r|m| |w|e|b|r|e|n|d|e|r|,102210fe594ee9b33d82058545b1ed14f4c8206e,ContentfulSpeedIndex,amazon,True,amazon ContentfulSpeedIndex opt fission warm webrender,,77,ms,firefox,452299611,1864218392,2024-03-25T16:24:33,169.9,83e8fe031f9498f26b15b45bed88798d2ec510d6,1398337
autoland,3870186,13,f36c3750a6bc0db1e2bc910e5f3a3acace5985a7,windows10-64-shippable-qr,True,False,,|f|i|s|s|i|o|n| |w|a|r|m| |w|e|b|r|e|n|d|e|r|,102210fe594ee9b33d82058545b1ed14f4c8206e,ContentfulSpeedIndex,amazon,True,amazon ContentfulSpeedIndex opt fission warm webrender,,77,ms,firefox,452299743,1864229284,2024-03-25T16:26:02,150.8,2bd9a68e0e0eed71138c8a8cd57f238938d37bad,1398338
autoland,3870186,13,f36c3750a6bc0db1e2bc910e5f3a3acace5985a7,windows10-64-shippable-qr,True,False,,|f|i|s|s|i|o|n| |w|a|r|m| |w|e|b|r|e|n|d|e|r|,102210fe594ee9b33d82058545b1ed14f4c8206e,ContentfulSpeedIndex,amazon,True,amazon ContentfulSpeedIndex opt fission warm webrender,,77,ms,firefox,452220320,1863908860,2024-03-25T17:00:38,162.0,9b5934ed0d6138133e3cab84d859a8e38bd43683,1398374
autoland,3870186,13,f36c3750a6bc0db1e2bc910e5f3a3acace5985a7,windows10-64-shippable-qr,True,False,,|f|i|s|s|i|o|n| |w|a|r|m| |w|e|b|r|e|n|d|e|r|,102210fe594ee9b33d82058545b1ed14f4c8206e,ContentfulSpeedIndex,amazon,True,amazon ContentfulSpeedIndex opt fission warm webrender,,77,ms,firefox,452241608,1864000446,2024-03-25T20:16:40,179.8,05ef22f3485b9acca72235e56c8e11abea982310,1398545
autoland,3870186,13,f36c3750a6bc0db1e2bc910e5f3a3acace5985a7,windows10-64-shippable-qr,True,False,,|f|i|s|s|i|o|n| |w|a|r|m| |w|e|b|r|e|n|d|e|r|,102210fe594ee9b33d82058545b1ed14f4c8206e,ContentfulSpeedIndex,amazon,True,amazon ContentfulSpeedIndex opt fission warm webrender,,77,ms,firefox,452274162,1864099507,2024-03-26T00:18:31,171.9,af6fe1ffacb6272ced1d27e874f376c671a19461,1398725
autoland,3870186,13,f36c3750a6bc0db1e2bc910e5f3a3acace5985a7,windows10-64-shippable-qr,True,False,,|f|i|s|s|i|o|n| |w|a|r|m| |w|e|b|r|e|n|d|e|r|,102210fe594ee9b33d82058545b1ed14f4c8206e,ContentfulSpeedIndex,amazon,True,amazon ContentfulSpeedIndex opt fission warm webrender,,77,ms,firefox,452284367,1864123506,2024-03-26T01:24:19,147.5,f0c093accca57074b185d7b3a5a76937ae8c57ed,1398741
autoland,3870186,13,f36c3750a6bc0db1e2bc910e5f3a3acace5985a7,windows10-64-shippable-qr,True,False,,|f|i|s|s|i|o|n| |w|a|r|m| |w|e|b|r|e|n|d|e|r|,102210fe594ee9b33d82058545b1ed14f4c8206e,ContentfulSpeedIndex,amazon,True,amazon ContentfulSpeedIndex opt fission warm webrender,,77,ms,firefox,452459069,1864887085,2024-03-26T04:41:36,162.2,1ae61dcda070d554cd7c9925dce2611bc43f0c02,1398794
autoland,3870186,13,f36c3750a6bc0db1e2bc910e5f3a3acace5985a7,windows10-64-shippable-qr,True,False,,|f|i|s|s|i|o|n| |w|a|r|m| |w|e|b|r|e|n|d|e|r|,102210fe594ee9b33d82058545b1ed14f4c8206e,ContentfulSpeedIndex,amazon,True,amazon ContentfulSpeedIndex opt fission warm webrender,,77,ms,firefox,452457543,1864838656,2024-03-26T04:44:39,151.1,c1b5b1e89360513f3c4b81679bb7a25e0482a533,1398796
autoland,3870186,13,f36c3750a6bc0db1e2bc910e5f3a3acace5985a7,windows10-64-shippable-qr,True,False,,|f|i|s|s|i|o|n| |w|a|r|m| |w|e|b|r|e|n|d|e|r|,102210fe594ee9b33d82058545b1ed14f4c8206e,ContentfulSpeedIndex,amazon,True,amazon ContentfulSpeedIndex opt fission warm webrender,,77,ms,firefox,452305552,1864257666,2024-03-26T06:19:49,174.4,f76227b1c05f51b70e7d261e993b5cfa5fd8ee70,1398803
autoland,3870186,13,f36c3750a6bc0db1e2bc910e5f3a3acace5985a7,windows10-64-shippable-qr,True,False,,|f|i|s|s|i|o|n| |w|a|r|m| |w|e|b|r|e|n|d|e|r|,102210fe594ee9b33d82058545b1ed14f4c8206e,ContentfulSpeedIndex,amazon,True,amazon ContentfulSpeedIndex opt fission warm webrender,,77,ms,firefox,452321086,1864312080,2024-03-26T09:05:54,187.2,e02aed8fb19856047df1d2cb7de887404e2b6956,1398850
autoland,3870186,13,f36c3750a6bc0db1e2bc910e5f3a3acace5985a7,windows10-64-shippable-qr,True,False,,|f|i|s|s|i|o|n| |w|a|r|m| |w|e|b|r|e|n|d|e|r|,102210fe594ee9b33d82058545b1ed14f4c8206e,ContentfulSpeedIndex,amazon,True,amazon ContentfulSpeedIndex opt fission warm webrender,,77,ms,firefox,452459024,1864882187,2024-03-26T12:41:45,155.6,1710585070f00b71f9dc85559d71f4504cb8ffbf,1398957
autoland,3870186,13,f36c3750a6bc0db1e2bc910e5f3a3acace5985a7,windows10-64-shippable-qr,True,False,,|f|i|s|s|i|o|n| |w|a|r|m| |w|e|b|r|e|n|d|e|r|,102210fe594ee9b33d82058545b1ed14f4c8206e,ContentfulSpeedIndex,amazon,True,amazon ContentfulSpeedIndex opt fission warm webrender,,77,ms,firefox,452459653,1864895493,2024-03-26T12:54:29,180.8,2e46f8032c78c727d5e4202817d08e677b5804b2,1398963
autoland,3870186,13,f36c3750a6bc0db1e2bc910e5f3a3acace5985a7,windows10-64-shippable-qr,True,False,,|f|i|s|s|i|o|n| |w|a|r|m| |w|e|b|r|e|n|d|e|r|,102210fe594ee9b33d82058545b1ed14f4c8206e,ContentfulSpeedIndex,amazon,True,amazon ContentfulSpeedIndex opt fission warm webrender,,77,ms,firefox,452350605,1864421114,2024-03-26T12:57:56,169.5,8bfc3595e66f8c45af3a35d0489015d7522799d3,1398965
autoland,3870186,13,f36c3750a6bc0db1e2bc910e5f3a3acace5985a7,windows10-64-shippable-qr,True,False,,|f|i|s|s|i|o|n| |w|a|r|m| |w|e|b|r|e|n|d|e|r|,102210fe594ee9b33d82058545b1ed14f4c8206e,ContentfulSpeedIndex,amazon,True,amazon ContentfulSpeedIndex opt fission warm webrender,,77,ms,firefox,452384724,1864534429,2024-03-26T16:59:38,163.5,a95909edf99f57b3e1ff98f748fd9e2ff57447da,1399161
autoland,3870186,13,f36c3750a6bc0db1e2bc910e5f3a3acace5985a7,windows10-64-shippable-qr,True,False,,|f|i|s|s|i|o|n| |w|a|r|m| |w|e|b|r|e|n|d|e|r|,102210fe594ee9b33d82058545b1ed14f4c8206e,ContentfulSpeedIndex,amazon,True,amazon ContentfulSpeedIndex opt fission warm webrender,,77,ms,firefox,452396989,1864582344,2024-03-26T17:44:32,163.1,a93eeb987e4a1e533ac94ec0d1703c6f9b52b9ef,1399196
autoland,3870186,13,f36c3750a6bc0db1e2bc910e5f3a3acace5985a7,windows10-64-shippable-qr,True,False,,|f|i|s|s|i|o|n| |w|a|r|m| |w|e|b|r|e|n|d|e|r|,102210fe594ee9b33d82058545b1ed14f4c8206e,ContentfulSpeedIndex,amazon,True,amazon ContentfulSpeedIndex opt fission warm webrender,,77,ms,firefox,452459812,1864912836,2024-03-26T18:41:01,166.3,883e713c301355d165c64ba2ea14c7656f777c11,1399241
autoland,3870186,13,f36c3750a6bc0db1e2bc910e5f3a3acace5985a7,windows10-64-shippable-qr,True,False,,|f|i|s|s|i|o|n| |w|a|r|m| |w|e|b|r|e|n|d|e|r|,102210fe594ee9b33d82058545b1ed14f4c8206e,ContentfulSpeedIndex,amazon,True,amazon ContentfulSpeedIndex opt fission warm webrender,,77,ms,firefox,452456491,1864834585,2024-03-26T18:41:57,149.3,4e4e3eb212c5618c3d27c5729b6dad691c4d3ca7,1399243
autoland,3870186,13,f36c3750a6bc0db1e2bc910e5f3a3acace5985a7,windows10-64-shippable-qr,True,False,,|f|i|s|s|i|o|n| |w|a|r|m| |w|e|b|r|e|n|d|e|r|,102210fe594ee9b33d82058545b1ed14f4c8206e,ContentfulSpeedIndex,amazon,True,amazon ContentfulSpeedIndex opt fission warm webrender,,77,ms,firefox,452406424,1864629286,2024-03-26T19:19:03,163.7,dfd96ba0e09153e6f98c22d8adcaf944059434ac,1399261
autoland,3870186,13,f36c3750a6bc0db1e2bc910e5f3a3acace5985a7,windows10-64-shippable-qr,True,False,,|f|i|s|s|i|o|n| |w|a|r|m| |w|e|b|r|e|n|d|e|r|,102210fe594ee9b33d82058545b1ed14f4c8206e,ContentfulSpeedIndex,amazon,True,amazon ContentfulSpeedIndex opt fission warm webrender,,77,ms,firefox,452461609,1864916608,2024-03-26T19:19:54,176.0,aa1041e84618525b4fff77ccce55ab917a531b1c,1399262
autoland,3870186,13,f36c3750a6bc0db1e2bc910e5f3a3acace5985a7,windows10-64-shippable-qr,True,False,,|f|i|s|s|i|o|n| |w|a|r|m| |w|e|b|r|e|n|d|e|r|,102210fe594ee9b33d82058545b1ed14f4c8206e,ContentfulSpeedIndex,amazon,True,amazon ContentfulSpeedIndex opt fission warm webrender,,77,ms,firefox,452458660,1864866171,2024-03-26T19:20:40,190.6,e59265cb671fad14d00aea4eb38d55c300d7c3ef,1399263
autoland,3870186,13,f36c3750a6bc0db1e2bc910e5f3a3acace5985a7,windows10-64-shippable-qr,True,False,,|f|i|s|s|i|o|n| |w|a|r|m| |w|e|b|r|e|n|d|e|r|,102210fe594ee9b33d82058545b1ed14f4c8206e,ContentfulSpeedIndex,amazon,True,amazon ContentfulSpeedIndex opt fission warm webrender,,77,ms,firefox,452438390,1864762732,2024-03-26T22:59:31,167.1,babb5943701ffb0ddb6991106d28f73ad2061bb6,1399480
autoland,3870186,13,f36c3750a6bc0db1e2bc910e5f3a3acace5985a7,windows10-64-shippable-qr,True,False,,|f|i|s|s|i|o|n| |w|a|r|m| |w|e|b|r|e|n|d|e|r|,102210fe594ee9b33d82058545b1ed14f4c8206e,ContentfulSpeedIndex,amazon,True,amazon ContentfulSpeedIndex opt fission warm webrender,,77,ms,firefox,452464223,1864935655,2024-03-27T06:25:00,148.1,1e79b6199559c2d8acfccdb5e9d5bc62033e6c15,1399622
autoland,3870186,13,f36c3750a6bc0db1e2bc910e5f3a3acace5985a7,windows10-64-shippable-qr,True,False,,|f|i|s|s|i|o|n| |w|a|r|m| |w|e|b|r|e|n|d|e|r|,102210fe594ee9b33d82058545b1ed14f4c8206e,ContentfulSpeedIndex,amazon,True,amazon ContentfulSpeedIndex opt fission warm webrender,,77,ms,firefox,452629357,1865584544,2024-03-27T06:38:16,178.7,622bd952017025edfe3b7763206ce176b1fd01a7,1399627
autoland,3870186,13,f36c3750a6bc0db1e2bc910e5f3a3acace5985a7,windows10-64-shippable-qr,True,False,,|f|i|s|s|i|o|n| |w|a|r|m| |w|e|b|r|e|n|d|e|r|,102210fe594ee9b33d82058545b1ed14f4c8206e,ContentfulSpeedIndex,amazon,True,amazon ContentfulSpeedIndex opt fission warm webrender,,77,ms,firefox,452630915,1865590744,2024-03-27T06:40:48,170.9,b3b57606103afb4c7c6eb41d87b2ccb21add6030,1399631
autoland,3870186,13,f36c3750a6bc0db1e2bc910e5f3a3acace5985a7,windows10-64-shippable-qr,True,False,,|f|i|s|s|i|o|n| |w|a|r|m| |w|e|b|r|e|n|d|e|r|,102210fe594ee9b33d82058545b1ed14f4c8206e,ContentfulSpeedIndex,amazon,True,amazon ContentfulSpeedIndex opt fission warm webrender,,77,ms,firefox,452497512,1865062228,2024-03-27T09:31:11,168.2,7f2993771f48536c575137e4b51984ab6d3de136,1399694
autoland,3870186,13,f36c3750a6bc0db1e2bc910e5f3a3acace5985a7,windows10-64-shippable-qr,True,False,,|f|i|s|s|i|o|n| |w|a|r|m| |w|e|b|r|e|n|d|e|r|,102210fe594ee9b33d82058545b1ed14f4c8206e,ContentfulSpeedIndex,amazon,True,amazon ContentfulSpeedIndex opt fission warm webrender,,77,ms,firefox,452537013,1865237296,2024-03-27T13:38:48,161.0,bc7ca80e302a788b0c3cc63cb148c628351b4946,1399827
autoland,3870186,13,f36c3750a6bc0db1e2bc910e5f3a3acace5985a7,windows10-64-shippable-qr,True,False,,|f|i|s|s|i|o|n| |w|a|r|m| |w|e|b|r|e|n|d|e|r|,102210fe594ee9b33d82058545b1ed14f4c8206e,ContentfulSpeedIndex,amazon,True,amazon ContentfulSpeedIndex opt fission warm webrender,,77,ms,firefox,452554401,1865320210,2024-03-27T15:45:41,155.9,f8ac03b3c764017d5704deed413c8d35c99978fd,1399897
autoland,3870186,13,f36c3750a6bc0db1e2bc910e5f3a3acace5985a7,windows10-64-shippable-qr,True,False,,|f|i|s|s|i|o|n| |w|a|r|m| |w|e|b|r|e|n|d|e|r|,102210fe594ee9b33d82058545b1ed14f4c8206e,ContentfulSpeedIndex,amazon,True,amazon ContentfulSpeedIndex opt fission warm webrender,,77,ms,firefox,452565657,1865382003,2024-03-27T17:44:07,162.7,5937312af5ae37b411939c2dcddbf6072d8d9cfc,1400012
autoland,3870186,13,f36c3750a6bc0db1e2bc910e5f3a3acace5985a7,windows10-64-shippable-qr,True,False,,|f|i|s|s|i|o|n| |w|a|r|m| |w|e|b|r|e|n|d|e|r|,102210fe594ee9b33d82058545b1ed14f4c8206e,ContentfulSpeedIndex,amazon,True,amazon ContentfulSpeedIndex opt fission warm webrender,,77,ms,firefox,452621374,1865539783,2024-03-28T01:10:01,179.4,b1cc62489fae8d475f67dec2d9abdf69e2d47614,1400291
autoland,3870186,13,f36c3750a6bc0db1e2bc910e5f3a3acace5985a7,windows10-64-shippable-qr,True,False,,|f|i|s|s|i|o|n| |w|a|r|m| |w|e|b|r|e|n|d|e|r|,102210fe594ee9b33d82058545b1ed14f4c8206e,ContentfulSpeedIndex,amazon,True,amazon ContentfulSpeedIndex opt fission warm webrender,,77,ms,firefox,452661654,1865687060,2024-03-28T09:47:39,169.7,1e7411c6b6399b5f5595f99e8d08576e473af625,1400442
autoland,3870186,13,f36c3750a6bc0db1e2bc910e5f3a3acace5985a7,windows10-64-shippable-qr,True,False,,|f|i|s|s|i|o|n| |w|a|r|m| |w|e|b|r|e|n|d|e|r|,102210fe594ee9b33d82058545b1ed14f4c8206e,ContentfulSpeedIndex,amazon,True,amazon ContentfulSpeedIndex opt fission warm webrender,,77,ms,firefox,452665448,1865698931,2024-03-28T10:32:02,179.0,55aaac6352fb1fbc44f600408b2bd5a63b4ae440,1400466
autoland,3870186,13,f36c3750a6bc0db1e2bc910e5f3a3acace5985a7,windows10-64-shippable-qr,True,False,,|f|i|s|s|i|o|n| |w|a|r|m| |w|e|b|r|e|n|d|e|r|,102210fe594ee9b33d82058545b1ed14f4c8206e,ContentfulSpeedIndex,amazon,True,amazon ContentfulSpeedIndex opt fission warm webrender,,77,ms,firefox,452779510,1866176442,2024-03-28T12:44:44,157.2,bbd8d31961c44a5970a51986b7c9a59266dce635,1400526
autoland,3870186,13,f36c3750a6bc0db1e2bc910e5f3a3acace5985a7,windows10-64-shippable-qr,True,False,,|f|i|s|s|i|o|n| |w|a|r|m| |w|e|b|r|e|n|d|e|r|,102210fe594ee9b33d82058545b1ed14f4c8206e,ContentfulSpeedIndex,amazon,True,amazon ContentfulSpeedIndex opt fission warm webrender,,77,ms,firefox,452780516,1866198521,2024-03-28T12:45:30,160.8,ace4b125b6e06909b7a5d35847873198b28f2d27,1400527
autoland,3870186,13,f36c3750a6bc0db1e2bc910e5f3a3acace5985a7,windows10-64-shippable-qr,True,False,,|f|i|s|s|i|o|n| |w|a|r|m| |w|e|b|r|e|n|d|e|r|,102210fe594ee9b33d82058545b1ed14f4c8206e,ContentfulSpeedIndex,amazon,True,amazon ContentfulSpeedIndex opt fission warm webrender,,77,ms,firefox,452705855,1865853582,2024-03-28T14:53:03,169.8,1c98db62bb1a20d26f812d28d86672158450e71c,1400606
autoland,3870186,13,f36c3750a6bc0db1e2bc910e5f3a3acace5985a7,windows10-64-shippable-qr,True,False,,|f|i|s|s|i|o|n| |w|a|r|m| |w|e|b|r|e|n|d|e|r|,102210fe594ee9b33d82058545b1ed14f4c8206e,ContentfulSpeedIndex,amazon,True,amazon ContentfulSpeedIndex opt fission warm webrender,,77,ms,firefox,452700213,1865828667,2024-03-28T15:08:02,167.2,2b1a58a2fa54e47a357b20bda28512cebd79f732,1400620
autoland,3870186,13,f36c3750a6bc0db1e2bc910e5f3a3acace5985a7,windows10-64-shippable-qr,True,False,,|f|i|s|s|i|o|n| |w|a|r|m| |w|e|b|r|e|n|d|e|r|,102210fe594ee9b33d82058545b1ed14f4c8206e,ContentfulSpeedIndex,amazon,True,amazon ContentfulSpeedIndex opt fission warm webrender,,77,ms,firefox,452780246,1866194414,2024-03-28T17:32:47,160.7,bae88db81951e0561249da8a92815ef5d459c933,1400723
autoland,3870186,13,f36c3750a6bc0db1e2bc910e5f3a3acace5985a7,windows10-64-shippable-qr,True,False,,|f|i|s|s|i|o|n| |w|a|r|m| |w|e|b|r|e|n|d|e|r|,102210fe594ee9b33d82058545b1ed14f4c8206e,ContentfulSpeedIndex,amazon,True,amazon ContentfulSpeedIndex opt fission warm webrender,,77,ms,firefox,452781425,1866214240,2024-03-28T17:34:56,163.4,94a8891bfbbf0ff89e380ac3f28e4f9782aca0ac,1400727
autoland,3870186,13,f36c3750a6bc0db1e2bc910e5f3a3acace5985a7,windows10-64-shippable-qr,True,False,,|f|i|s|s|i|o|n| |w|a|r|m| |w|e|b|r|e|n|d|e|r|,102210fe594ee9b33d82058545b1ed14f4c8206e,ContentfulSpeedIndex,amazon,True,amazon ContentfulSpeedIndex opt fission warm webrender,,77,ms,firefox,452736371,1865976996,2024-03-28T19:06:21,163.9,b9f38a3edd45f19c8f1f0e6f96e11dea269f3399,1400789
autoland,3870186,13,f36c3750a6bc0db1e2bc910e5f3a3acace5985a7,windows10-64-shippable-qr,True,False,,|f|i|s|s|i|o|n| |w|a|r|m| |w|e|b|r|e|n|d|e|r|,102210fe594ee9b33d82058545b1ed14f4c8206e,ContentfulSpeedIndex,amazon,True,amazon ContentfulSpeedIndex opt fission warm webrender,,77,ms,firefox,452759346,1866060849,2024-03-28T23:11:00,160.7,8b46ddebfb7e99c2dd8d13182e11398381eda976,1400928
autoland,3870186,13,f36c3750a6bc0db1e2bc910e5f3a3acace5985a7,windows10-64-shippable-qr,True,False,,|f|i|s|s|i|o|n| |w|a|r|m| |w|e|b|r|e|n|d|e|r|,102210fe594ee9b33d82058545b1ed14f4c8206e,ContentfulSpeedIndex,amazon,True,amazon ContentfulSpeedIndex opt fission warm webrender,,77,ms,firefox,452762629,1866083857,2024-03-29T00:03:22,169.6,28b4eaeb70285be21ee6612c4e891e41c7949b68,1400956
autoland,3870186,13,f36c3750a6bc0db1e2bc910e5f3a3acace5985a7,windows10-64-shippable-qr,True,False,,|f|i|s|s|i|o|n| |w|a|r|m| |w|e|b|r|e|n|d|e|r|,102210fe594ee9b33d82058545b1ed14f4c8206e,ContentfulSpeedIndex,amazon,True,amazon ContentfulSpeedIndex opt fission warm webrender,,77,ms,firefox,452777357,1866160856,2024-03-29T04:27:46,172.3,4120fb3d12f57159ca2e6809f555312e00adda5d,1401028
autoland,3870186,13,f36c3750a6bc0db1e2bc910e5f3a3acace5985a7,windows10-64-shippable-qr,True,False,,|f|i|s|s|i|o|n| |w|a|r|m| |w|e|b|r|e|n|d|e|r|,102210fe594ee9b33d82058545b1ed14f4c8206e,ContentfulSpeedIndex,amazon,True,amazon ContentfulSpeedIndex opt fission warm webrender,,77,ms,firefox,452828202,1866361091,2024-03-29T12:22:16,161.1,39124d8575b2fb025ca7fd37b91e052f28e88e67,1401116
autoland,3870186,13,f36c3750a6bc0db1e2bc910e5f3a3acace5985a7,windows10-64-shippable-qr,True,False,,|f|i|s|s|i|o|n| |w|a|r|m| |w|e|b|r|e|n|d|e|r|,102210fe594ee9b33d82058545b1ed14f4c8206e,ContentfulSpeedIndex,amazon,True,amazon ContentfulSpeedIndex opt fission warm webrender,,77,ms,firefox,454139748,1871687753,2024-03-29T12:22:16,164.9,39124d8575b2fb025ca7fd37b91e052f28e88e67,1401116
autoland,3870186,13,f36c3750a6bc0db1e2bc910e5f3a3acace5985a7,windows10-64-shippable-qr,True,False,,|f|i|s|s|i|o|n| |w|a|r|m| |w|e|b|r|e|n|d|e|r|,102210fe594ee9b33d82058545b1ed14f4c8206e,ContentfulSpeedIndex,amazon,True,amazon ContentfulSpeedIndex opt fission warm webrender,,77,ms,firefox,454139829,1871687840,2024-03-29T12:22:16,160.4,39124d8575b2fb025ca7fd37b91e052f28e88e67,1401116
autoland,3870186,13,f36c3750a6bc0db1e2bc910e5f3a3acace5985a7,windows10-64-shippable-qr,True,False,,|f|i|s|s|i|o|n| |w|a|r|m| |w|e|b|r|e|n|d|e|r|,102210fe594ee9b33d82058545b1ed14f4c8206e,ContentfulSpeedIndex,amazon,True,amazon ContentfulSpeedIndex opt fission warm webrender,,77,ms,firefox,454139830,1871687923,2024-03-29T12:22:16,170.5,39124d8575b2fb025ca7fd37b91e052f28e88e67,1401116
autoland,3870186,13,f36c3750a6bc0db1e2bc910e5f3a3acace5985a7,windows10-64-shippable-qr,True,False,,|f|i|s|s|i|o|n| |w|a|r|m| |w|e|b|r|e|n|d|e|r|,102210fe594ee9b33d82058545b1ed14f4c8206e,ContentfulSpeedIndex,amazon,True,amazon ContentfulSpeedIndex opt fission warm webrender,,77,ms,firefox,452852676,1866428613,2024-03-29T16:11:04,165.3,33becba24b3c497daf0c1180e5c659ed3cc9028c,1401211
autoland,3870186,13,f36c3750a6bc0db1e2bc910e5f3a3acace5985a7,windows10-64-shippable-qr,True,False,,|f|i|s|s|i|o|n| |w|a|r|m| |w|e|b|r|e|n|d|e|r|,102210fe594ee9b33d82058545b1ed14f4c8206e,ContentfulSpeedIndex,amazon,True,amazon ContentfulSpeedIndex opt fission warm webrender,,77,ms,firefox,452880086,1866559243,2024-03-29T20:24:43,162.8,dd4f0b5931701d3aa7f7ed94fd3ba8c45816316c,1401326
autoland,3870186,13,f36c3750a6bc0db1e2bc910e5f3a3acace5985a7,windows10-64-shippable-qr,True,False,,|f|i|s|s|i|o|n| |w|a|r|m| |w|e|b|r|e|n|d|e|r|,102210fe594ee9b33d82058545b1ed14f4c8206e,ContentfulSpeedIndex,amazon,True,amazon ContentfulSpeedIndex opt fission warm webrender,,77,ms,firefox,452901365,1866684437,2024-03-30T04:38:25,167.0,2fe1ab05c8fa00d73df88b20df9bc87301a46d46,1401437
autoland,3870186,13,f36c3750a6bc0db1e2bc910e5f3a3acace5985a7,windows10-64-shippable-qr,True,False,,|f|i|s|s|i|o|n| |w|a|r|m| |w|e|b|r|e|n|d|e|r|,102210fe594ee9b33d82058545b1ed14f4c8206e,ContentfulSpeedIndex,amazon,True,amazon ContentfulSpeedIndex opt fission warm webrender,,77,ms,firefox,452909717,1866726592,2024-03-30T08:43:08,162.5,3e1a0031f44e72f557f0ec79cf8423168b952d80,1401445
autoland,3870186,13,f36c3750a6bc0db1e2bc910e5f3a3acace5985a7,windows10-64-shippable-qr,True,False,,|f|i|s|s|i|o|n| |w|a|r|m| |w|e|b|r|e|n|d|e|r|,102210fe594ee9b33d82058545b1ed14f4c8206e,ContentfulSpeedIndex,amazon,True,amazon ContentfulSpeedIndex opt fission warm webrender,,77,ms,firefox,452935003,1866818523,2024-03-30T16:23:17,160.1,dea770591ed30035f88966bbf45cbbcc6557cdcc,1401476
autoland,3870186,13,f36c3750a6bc0db1e2bc910e5f3a3acace5985a7,windows10-64-shippable-qr,True,False,,|f|i|s|s|i|o|n| |w|a|r|m| |w|e|b|r|e|n|d|e|r|,102210fe594ee9b33d82058545b1ed14f4c8206e,ContentfulSpeedIndex,amazon,True,amazon ContentfulSpeedIndex opt fission warm webrender,,77,ms,firefox,452939544,1866840927,2024-03-30T17:37:54,158.2,d7916bbe3cb4118dd9464ef3af064b13b3b0d0c4,1401479
autoland,3870186,13,f36c3750a6bc0db1e2bc910e5f3a3acace5985a7,windows10-64-shippable-qr,True,False,,|f|i|s|s|i|o|n| |w|a|r|m| |w|e|b|r|e|n|d|e|r|,102210fe594ee9b33d82058545b1ed14f4c8206e,ContentfulSpeedIndex,amazon,True,amazon ContentfulSpeedIndex opt fission warm webrender,,77,ms,firefox,453859316,1870461835,2024-03-30T17:37:54,171.2,d7916bbe3cb4118dd9464ef3af064b13b3b0d0c4,1401479
autoland,3870186,13,f36c3750a6bc0db1e2bc910e5f3a3acace5985a7,windows10-64-shippable-qr,True,False,,|f|i|s|s|i|o|n| |w|a|r|m| |w|e|b|r|e|n|d|e|r|,102210fe594ee9b33d82058545b1ed14f4c8206e,ContentfulSpeedIndex,amazon,True,amazon ContentfulSpeedIndex opt fission warm webrender,,77,ms,firefox,453859317,1870461664,2024-03-30T17:37:54,163.0,d7916bbe3cb4118dd9464ef3af064b13b3b0d0c4,1401479
autoland,3870186,13,f36c3750a6bc0db1e2bc910e5f3a3acace5985a7,windows10-64-shippable-qr,True,False,,|f|i|s|s|i|o|n| |w|a|r|m| |w|e|b|r|e|n|d|e|r|,102210fe594ee9b33d82058545b1ed14f4c8206e,ContentfulSpeedIndex,amazon,True,amazon ContentfulSpeedIndex opt fission warm webrender,,77,ms,firefox,453859318,1870461502,2024-03-30T17:37:54,152.2,d7916bbe3cb4118dd9464ef3af064b13b3b0d0c4,1401479
autoland,3870186,13,f36c3750a6bc0db1e2bc910e5f3a3acace5985a7,windows10-64-shippable-qr,True,False,,|f|i|s|s|i|o|n| |w|a|r|m| |w|e|b|r|e|n|d|e|r|,102210fe594ee9b33d82058545b1ed14f4c8206e,ContentfulSpeedIndex,amazon,True,amazon ContentfulSpeedIndex opt fission warm webrender,,77,ms,firefox,453859320,1870461674,2024-03-30T17:37:54,155.1,d7916bbe3cb4118dd9464ef3af064b13b3b0d0c4,1401479
autoland,3870186,13,f36c3750a6bc0db1e2bc910e5f3a3acace5985a7,windows10-64-shippable-qr,True,False,,|f|i|s|s|i|o|n| |w|a|r|m| |w|e|b|r|e|n|d|e|r|,102210fe594ee9b33d82058545b1ed14f4c8206e,ContentfulSpeedIndex,amazon,True,amazon ContentfulSpeedIndex opt fission warm webrender,,77,ms,firefox,453859321,1870461676,2024-03-30T17:37:54,162.8,d7916bbe3cb4118dd9464ef3af064b13b3b0d0c4,1401479
autoland,3870186,13,f36c3750a6bc0db1e2bc910e5f3a3acace5985a7,windows10-64-shippable-qr,True,False,,|f|i|s|s|i|o|n| |w|a|r|m| |w|e|b|r|e|n|d|e|r|,102210fe594ee9b33d82058545b1ed14f4c8206e,ContentfulSpeedIndex,amazon,True,amazon ContentfulSpeedIndex opt fission warm webrender,,77,ms,firefox,452966914,1866934855,2024-03-31T07:04:36,144.7,579426b2f39c365731042d79d87533ac3f616461,1401509
autoland,3870186,13,f36c3750a6bc0db1e2bc910e5f3a3acace5985a7,windows10-64-shippable-qr,True,False,,|f|i|s|s|i|o|n| |w|a|r|m| |w|e|b|r|e|n|d|e|r|,102210fe594ee9b33d82058545b1ed14f4c8206e,ContentfulSpeedIndex,amazon,True,amazon ContentfulSpeedIndex opt fission warm webrender,,77,ms,firefox,452989991,1867020644,2024-03-31T14:47:20,147.6,dfc3fd176c4fcd62b5a28dcfedea3c509f24ebf5,1401533
autoland,3870186,13,f36c3750a6bc0db1e2bc910e5f3a3acace5985a7,windows10-64-shippable-qr,True,False,,|f|i|s|s|i|o|n| |w|a|r|m| |w|e|b|r|e|n|d|e|r|,102210fe594ee9b33d82058545b1ed14f4c8206e,ContentfulSpeedIndex,amazon,True,amazon ContentfulSpeedIndex opt fission warm webrender,,77,ms,firefox,454159756,1871814070,2024-03-31T14:47:20,176.6,dfc3fd176c4fcd62b5a28dcfedea3c509f24ebf5,1401533
autoland,3870186,13,f36c3750a6bc0db1e2bc910e5f3a3acace5985a7,windows10-64-shippable-qr,True,False,,|f|i|s|s|i|o|n| |w|a|r|m| |w|e|b|r|e|n|d|e|r|,102210fe594ee9b33d82058545b1ed14f4c8206e,ContentfulSpeedIndex,amazon,True,amazon ContentfulSpeedIndex opt fission warm webrender,,77,ms,firefox,454159764,1871814349,2024-03-31T14:47:20,151.3,dfc3fd176c4fcd62b5a28dcfedea3c509f24ebf5,1401533
autoland,3870186,13,f36c3750a6bc0db1e2bc910e5f3a3acace5985a7,windows10-64-shippable-qr,True,False,,|f|i|s|s|i|o|n| |w|a|r|m| |w|e|b|r|e|n|d|e|r|,102210fe594ee9b33d82058545b1ed14f4c8206e,ContentfulSpeedIndex,amazon,True,amazon ContentfulSpeedIndex opt fission warm webrender,,77,ms,firefox,454159765,1871814623,2024-03-31T14:47:20,156.4,dfc3fd176c4fcd62b5a28dcfedea3c509f24ebf5,1401533
autoland,3870186,13,f36c3750a6bc0db1e2bc910e5f3a3acace5985a7,windows10-64-shippable-qr,True,False,,|f|i|s|s|i|o|n| |w|a|r|m| |w|e|b|r|e|n|d|e|r|,102210fe594ee9b33d82058545b1ed14f4c8206e,ContentfulSpeedIndex,amazon,True,amazon ContentfulSpeedIndex opt fission warm webrender,,77,ms,firefox,452994848,1867046421,2024-03-31T19:03:22,172.1,334eacacff83840ceed0bb2077c0a2a527e491a5,1401545
autoland,3870186,13,f36c3750a6bc0db1e2bc910e5f3a3acace5985a7,windows10-64-shippable-qr,True,False,,|f|i|s|s|i|o|n| |w|a|r|m| |w|e|b|r|e|n|d|e|r|,102210fe594ee9b33d82058545b1ed14f4c8206e,ContentfulSpeedIndex,amazon,True,amazon ContentfulSpeedIndex opt fission warm webrender,,77,ms,firefox,453014888,1867124510,2024-04-01T07:03:36,174.4,5d97e037b69610f99c35f4bbd65d27bafc5605fc,1401600
autoland,3870186,13,f36c3750a6bc0db1e2bc910e5f3a3acace5985a7,windows10-64-shippable-qr,True,False,,|f|i|s|s|i|o|n| |w|a|r|m| |w|e|b|r|e|n|d|e|r|,102210fe594ee9b33d82058545b1ed14f4c8206e,ContentfulSpeedIndex,amazon,True,amazon ContentfulSpeedIndex opt fission warm webrender,,77,ms,firefox,453043223,1867211039,2024-04-01T11:30:18,159.4,9546c05d8f57091e5d3e12129a49f11b8b027da7,1401661
autoland,3870186,13,f36c3750a6bc0db1e2bc910e5f3a3acace5985a7,windows10-64-shippable-qr,True,False,,|f|i|s|s|i|o|n| |w|a|r|m| |w|e|b|r|e|n|d|e|r|,102210fe594ee9b33d82058545b1ed14f4c8206e,ContentfulSpeedIndex,amazon,True,amazon ContentfulSpeedIndex opt fission warm webrender,,77,ms,firefox,453069698,1867256327,2024-04-01T13:16:41,163.6,26157b52a8c30d72d8e065cc4a8286633ee85b63,1401687
autoland,3870186,13,f36c3750a6bc0db1e2bc910e5f3a3acace5985a7,windows10-64-shippable-qr,True,False,,|f|i|s|s|i|o|n| |w|a|r|m| |w|e|b|r|e|n|d|e|r|,102210fe594ee9b33d82058545b1ed14f4c8206e,ContentfulSpeedIndex,amazon,True,amazon ContentfulSpeedIndex opt fission warm webrender,,77,ms,firefox,453089645,1867341893,2024-04-01T17:19:53,166.5,cdd16ab5df10333f1a1eb637ecf2692e15271d17,1401785
autoland,3870186,13,f36c3750a6bc0db1e2bc910e5f3a3acace5985a7,windows10-64-shippable-qr,True,False,,|f|i|s|s|i|o|n| |w|a|r|m| |w|e|b|r|e|n|d|e|r|,102210fe594ee9b33d82058545b1ed14f4c8206e,ContentfulSpeedIndex,amazon,True,amazon ContentfulSpeedIndex opt fission warm webrender,,77,ms,firefox,453094303,1867365703,2024-04-01T18:19:29,160.1,57354c5689ef8a5f598978d912570706445e1034,1401826
autoland,3870186,13,f36c3750a6bc0db1e2bc910e5f3a3acace5985a7,windows10-64-shippable-qr,True,False,,|f|i|s|s|i|o|n| |w|a|r|m| |w|e|b|r|e|n|d|e|r|,102210fe594ee9b33d82058545b1ed14f4c8206e,ContentfulSpeedIndex,amazon,True,amazon ContentfulSpeedIndex opt fission warm webrender,,77,ms,firefox,454139743,1871687663,2024-04-01T18:19:29,170.5,57354c5689ef8a5f598978d912570706445e1034,1401826
autoland,3870186,13,f36c3750a6bc0db1e2bc910e5f3a3acace5985a7,windows10-64-shippable-qr,True,False,,|f|i|s|s|i|o|n| |w|a|r|m| |w|e|b|r|e|n|d|e|r|,102210fe594ee9b33d82058545b1ed14f4c8206e,ContentfulSpeedIndex,amazon,True,amazon ContentfulSpeedIndex opt fission warm webrender,,77,ms,firefox,454139744,1871687595,2024-04-01T18:19:29,166.1,57354c5689ef8a5f598978d912570706445e1034,1401826
autoland,3870186,13,f36c3750a6bc0db1e2bc910e5f3a3acace5985a7,windows10-64-shippable-qr,True,False,,|f|i|s|s|i|o|n| |w|a|r|m| |w|e|b|r|e|n|d|e|r|,102210fe594ee9b33d82058545b1ed14f4c8206e,ContentfulSpeedIndex,amazon,True,amazon ContentfulSpeedIndex opt fission warm webrender,,77,ms,firefox,454139745,1871687012,2024-04-01T18:19:29,152.7,57354c5689ef8a5f598978d912570706445e1034,1401826
autoland,3870186,13,f36c3750a6bc0db1e2bc910e5f3a3acace5985a7,windows10-64-shippable-qr,True,False,,|f|i|s|s|i|o|n| |w|a|r|m| |w|e|b|r|e|n|d|e|r|,102210fe594ee9b33d82058545b1ed14f4c8206e,ContentfulSpeedIndex,amazon,True,amazon ContentfulSpeedIndex opt fission warm webrender,,77,ms,firefox,454139746,1871687209,2024-04-01T18:19:29,174.6,57354c5689ef8a5f598978d912570706445e1034,1401826
autoland,3870186,13,f36c3750a6bc0db1e2bc910e5f3a3acace5985a7,windows10-64-shippable-qr,True,False,,|f|i|s|s|i|o|n| |w|a|r|m| |w|e|b|r|e|n|d|e|r|,102210fe594ee9b33d82058545b1ed14f4c8206e,ContentfulSpeedIndex,amazon,True,amazon ContentfulSpeedIndex opt fission warm webrender,,77,ms,firefox,454139747,1871686929,2024-04-01T18:19:29,148.2,57354c5689ef8a5f598978d912570706445e1034,1401826
autoland,3870186,13,f36c3750a6bc0db1e2bc910e5f3a3acace5985a7,windows10-64-shippable-qr,True,False,,|f|i|s|s|i|o|n| |w|a|r|m| |w|e|b|r|e|n|d|e|r|,102210fe594ee9b33d82058545b1ed14f4c8206e,ContentfulSpeedIndex,amazon,True,amazon ContentfulSpeedIndex opt fission warm webrender,,77,ms,firefox,453137161,1867512787,2024-04-01T22:35:55,152.7,13111643fbf4557d26174a12b2cde1954182b0ab,1402004
autoland,3870186,13,f36c3750a6bc0db1e2bc910e5f3a3acace5985a7,windows10-64-shippable-qr,True,False,,|f|i|s|s|i|o|n| |w|a|r|m| |w|e|b|r|e|n|d|e|r|,102210fe594ee9b33d82058545b1ed14f4c8206e,ContentfulSpeedIndex,amazon,True,amazon ContentfulSpeedIndex opt fission warm webrender,,77,ms,firefox,453137030,1867512702,2024-04-01T22:39:43,162.7,e7ec5d35ae0d80f4a77b6705e1a393c637da672e,1402007
autoland,3870186,13,f36c3750a6bc0db1e2bc910e5f3a3acace5985a7,windows10-64-shippable-qr,True,False,,|f|i|s|s|i|o|n| |w|a|r|m| |w|e|b|r|e|n|d|e|r|,102210fe594ee9b33d82058545b1ed14f4c8206e,ContentfulSpeedIndex,amazon,True,amazon ContentfulSpeedIndex opt fission warm webrender,,77,ms,firefox,453149615,1867603887,2024-04-02T04:32:43,165.9,de086751acb845c252c37aab95a7e6b265df39a6,1402085
autoland,3870186,13,f36c3750a6bc0db1e2bc910e5f3a3acace5985a7,windows10-64-shippable-qr,True,False,,|f|i|s|s|i|o|n| |w|a|r|m| |w|e|b|r|e|n|d|e|r|,102210fe594ee9b33d82058545b1ed14f4c8206e,ContentfulSpeedIndex,amazon,True,amazon ContentfulSpeedIndex opt fission warm webrender,,77,ms,firefox,453172982,1867678363,2024-04-02T08:47:33,182.3,4df6842cb470c27ca949eaaa6d3a9b6b37d9c8fe,1402179
autoland,3870186,13,f36c3750a6bc0db1e2bc910e5f3a3acace5985a7,windows10-64-shippable-qr,True,False,,|f|i|s|s|i|o|n| |w|a|r|m| |w|e|b|r|e|n|d|e|r|,102210fe594ee9b33d82058545b1ed14f4c8206e,ContentfulSpeedIndex,amazon,True,amazon ContentfulSpeedIndex opt fission warm webrender,,77,ms,firefox,453174209,1867687781,2024-04-02T08:57:49,165.2,52bb75377d06cfb305446ca966c7526c9c9729c7,1402180
autoland,3870186,13,f36c3750a6bc0db1e2bc910e5f3a3acace5985a7,windows10-64-shippable-qr,True,False,,|f|i|s|s|i|o|n| |w|a|r|m| |w|e|b|r|e|n|d|e|r|,102210fe594ee9b33d82058545b1ed14f4c8206e,ContentfulSpeedIndex,amazon,True,amazon ContentfulSpeedIndex opt fission warm webrender,,77,ms,firefox,453216654,1867862953,2024-04-02T13:00:14,171.7,1eb7fb5dab3b7003052fa7fa8e85566bd5fa2a73,1402287
autoland,3870186,13,f36c3750a6bc0db1e2bc910e5f3a3acace5985a7,windows10-64-shippable-qr,True,False,,|f|i|s|s|i|o|n| |w|a|r|m| |w|e|b|r|e|n|d|e|r|,102210fe594ee9b33d82058545b1ed14f4c8206e,ContentfulSpeedIndex,amazon,True,amazon ContentfulSpeedIndex opt fission warm webrender,,77,ms,firefox,453217173,1867877335,2024-04-02T13:21:01,192.9,083657141f799bed9b0e401403d144e76c1f3c63,1402293
autoland,3870186,13,f36c3750a6bc0db1e2bc910e5f3a3acace5985a7,windows10-64-shippable-qr,True,False,,|f|i|s|s|i|o|n| |w|a|r|m| |w|e|b|r|e|n|d|e|r|,102210fe594ee9b33d82058545b1ed14f4c8206e,ContentfulSpeedIndex,amazon,True,amazon ContentfulSpeedIndex opt fission warm webrender,,77,ms,firefox,453859343,1870462194,2024-04-02T14:00:13,168.1,0764890136cd5d64568a84358825ab9aef0529fe,1402302
autoland,3870186,13,f36c3750a6bc0db1e2bc910e5f3a3acace5985a7,windows10-64-shippable-qr,True,False,,|f|i|s|s|i|o|n| |w|a|r|m| |w|e|b|r|e|n|d|e|r|,102210fe594ee9b33d82058545b1ed14f4c8206e,ContentfulSpeedIndex,amazon,True,amazon ContentfulSpeedIndex opt fission warm webrender,,77,ms,firefox,453859345,1870462524,2024-04-02T14:08:29,172.9,06f41c22f3a6855c08ac27cf6cf384473a1340e0,1402308
autoland,3870186,13,f36c3750a6bc0db1e2bc910e5f3a3acace5985a7,windows10-64-shippable-qr,True,False,,|f|i|s|s|i|o|n| |w|a|r|m| |w|e|b|r|e|n|d|e|r|,102210fe594ee9b33d82058545b1ed14f4c8206e,ContentfulSpeedIndex,amazon,True,amazon ContentfulSpeedIndex opt fission warm webrender,,77,ms,firefox,453859352,1870462776,2024-04-02T14:09:15,163.4,1a3f6fcc708a1b3cd7ad04949924a0181bd49f1d,1402310
autoland,3870186,13,f36c3750a6bc0db1e2bc910e5f3a3acace5985a7,windows10-64-shippable-qr,True,False,,|f|i|s|s|i|o|n| |w|a|r|m| |w|e|b|r|e|n|d|e|r|,102210fe594ee9b33d82058545b1ed14f4c8206e,ContentfulSpeedIndex,amazon,True,amazon ContentfulSpeedIndex opt fission warm webrender,,77,ms,firefox,453859350,1870463508,2024-04-02T14:17:16,164.5,1311d6ea244ca8fd3c116eb1c040b1b8e7100372,1402315
autoland,3870186,13,f36c3750a6bc0db1e2bc910e5f3a3acace5985a7,windows10-64-shippable-qr,True,False,,|f|i|s|s|i|o|n| |w|a|r|m| |w|e|b|r|e|n|d|e|r|,102210fe594ee9b33d82058545b1ed14f4c8206e,ContentfulSpeedIndex,amazon,True,amazon ContentfulSpeedIndex opt fission warm webrender,,77,ms,firefox,453859351,1870462104,2024-04-02T14:32:20,150.3,827762d9b80b073ee5389f5de195cf968bb26797,1402325
autoland,3870186,13,f36c3750a6bc0db1e2bc910e5f3a3acace5985a7,windows10-64-shippable-qr,True,False,,|f|i|s|s|i|o|n| |w|a|r|m| |w|e|b|r|e|n|d|e|r|,102210fe594ee9b33d82058545b1ed14f4c8206e,ContentfulSpeedIndex,amazon,True,amazon ContentfulSpeedIndex opt fission warm webrender,,77,ms,firefox,453859356,1870462942,2024-04-02T14:33:48,164.5,2110f57e928ca2276a41da93c038022fd0b03eae,1402330
autoland,3870186,13,f36c3750a6bc0db1e2bc910e5f3a3acace5985a7,windows10-64-shippable-qr,True,False,,|f|i|s|s|i|o|n| |w|a|r|m| |w|e|b|r|e|n|d|e|r|,102210fe594ee9b33d82058545b1ed14f4c8206e,ContentfulSpeedIndex,amazon,True,amazon ContentfulSpeedIndex opt fission warm webrender,,77,ms,firefox,453859349,1870463139,2024-04-02T14:34:37,177.6,2075af244745af30ab20a2d850c0378bee72222f,1402332
autoland,3870186,13,f36c3750a6bc0db1e2bc910e5f3a3acace5985a7,windows10-64-shippable-qr,True,False,,|f|i|s|s|i|o|n| |w|a|r|m| |w|e|b|r|e|n|d|e|r|,102210fe594ee9b33d82058545b1ed14f4c8206e,ContentfulSpeedIndex,amazon,True,amazon ContentfulSpeedIndex opt fission warm webrender,,77,ms,firefox,453859354,1870463425,2024-04-02T14:35:24,158.7,d34af55bcae018a4d65d5c960d24e2109ea047ea,1402333
autoland,3870186,13,f36c3750a6bc0db1e2bc910e5f3a3acace5985a7,windows10-64-shippable-qr,True,False,,|f|i|s|s|i|o|n| |w|a|r|m| |w|e|b|r|e|n|d|e|r|,102210fe594ee9b33d82058545b1ed14f4c8206e,ContentfulSpeedIndex,amazon,True,amazon ContentfulSpeedIndex opt fission warm webrender,,77,ms,firefox,453859360,1870462693,2024-04-02T15:05:38,158.3,32c96a3ba7d1d8d020007c47f00292b7c3ddc840,1402358
autoland,3870186,13,f36c3750a6bc0db1e2bc910e5f3a3acace5985a7,windows10-64-shippable-qr,True,False,,|f|i|s|s|i|o|n| |w|a|r|m| |w|e|b|r|e|n|d|e|r|,102210fe594ee9b33d82058545b1ed14f4c8206e,ContentfulSpeedIndex,amazon,True,amazon ContentfulSpeedIndex opt fission warm webrender,,77,ms,firefox,453859357,1870463055,2024-04-02T15:22:04,171.6,a12f1f3ed2afc9d578e9c9a4e8e8b63405c07a29,1402386
autoland,3870186,13,f36c3750a6bc0db1e2bc910e5f3a3acace5985a7,windows10-64-shippable-qr,True,False,,|f|i|s|s|i|o|n| |w|a|r|m| |w|e|b|r|e|n|d|e|r|,102210fe594ee9b33d82058545b1ed14f4c8206e,ContentfulSpeedIndex,amazon,True,amazon ContentfulSpeedIndex opt fission warm webrender,,77,ms,firefox,453859358,1870462440,2024-04-02T15:23:46,150.5,13e37e36d1c6fd161ec1a85c55c98ff39f84d335,1402390
autoland,3870186,13,f36c3750a6bc0db1e2bc910e5f3a3acace5985a7,windows10-64-shippable-qr,True,False,,|f|i|s|s|i|o|n| |w|a|r|m| |w|e|b|r|e|n|d|e|r|,102210fe594ee9b33d82058545b1ed14f4c8206e,ContentfulSpeedIndex,amazon,True,amazon ContentfulSpeedIndex opt fission warm webrender,,77,ms,firefox,453859353,1870462608,2024-04-02T15:37:55,162.6,ca2c8cc254ff1530558edc7bb10145e00ed47a0f,1402411
autoland,3870186,13,f36c3750a6bc0db1e2bc910e5f3a3acace5985a7,windows10-64-shippable-qr,True,False,,|f|i|s|s|i|o|n| |w|a|r|m| |w|e|b|r|e|n|d|e|r|,102210fe594ee9b33d82058545b1ed14f4c8206e,ContentfulSpeedIndex,amazon,True,amazon ContentfulSpeedIndex opt fission warm webrender,,77,ms,firefox,453859363,1870462874,2024-04-02T15:44:50,167.7,daf4e7318a66bc82b998f942134d0b91c7bc5830,1402415
autoland,3870186,13,f36c3750a6bc0db1e2bc910e5f3a3acace5985a7,windows10-64-shippable-qr,True,False,,|f|i|s|s|i|o|n| |w|a|r|m| |w|e|b|r|e|n|d|e|r|,102210fe594ee9b33d82058545b1ed14f4c8206e,ContentfulSpeedIndex,amazon,True,amazon ContentfulSpeedIndex opt fission warm webrender,,77,ms,firefox,453859361,1870463592,2024-04-02T15:58:13,161.0,8a988a5904b95444d6fc7d951659ef54d557ca5e,1402423
autoland,3870186,13,f36c3750a6bc0db1e2bc910e5f3a3acace5985a7,windows10-64-shippable-qr,True,False,,|f|i|s|s|i|o|n| |w|a|r|m| |w|e|b|r|e|n|d|e|r|,102210fe594ee9b33d82058545b1ed14f4c8206e,ContentfulSpeedIndex,amazon,True,amazon ContentfulSpeedIndex opt fission warm webrender,,77,ms,firefox,453859359,1870463342,2024-04-02T15:59:09,176.8,6c15fedcf3211b0c25dea9faa352bc30043560af,1402425
autoland,3870186,13,f36c3750a6bc0db1e2bc910e5f3a3acace5985a7,windows10-64-shippable-qr,True,False,,|f|i|s|s|i|o|n| |w|a|r|m| |w|e|b|r|e|n|d|e|r|,102210fe594ee9b33d82058545b1ed14f4c8206e,ContentfulSpeedIndex,amazon,True,amazon ContentfulSpeedIndex opt fission warm webrender,,77,ms,firefox,453859364,1870463221,2024-04-02T16:00:08,161.5,d41d18cecc78e75374ff020af72d5b6bb4f2ec5d,1402426
autoland,3870186,13,f36c3750a6bc0db1e2bc910e5f3a3acace5985a7,windows10-64-shippable-qr,True,False,,|f|i|s|s|i|o|n| |w|a|r|m| |w|e|b|r|e|n|d|e|r|,102210fe594ee9b33d82058545b1ed14f4c8206e,ContentfulSpeedIndex,amazon,True,amazon ContentfulSpeedIndex opt fission warm webrender,,77,ms,firefox,453859366,1870463696,2024-04-02T16:00:58,158.1,5031d94e889931da79688125814977752729cbb4,1402429
autoland,3870186,13,f36c3750a6bc0db1e2bc910e5f3a3acace5985a7,windows10-64-shippable-qr,True,False,,|f|i|s|s|i|o|n| |w|a|r|m| |w|e|b|r|e|n|d|e|r|,102210fe594ee9b33d82058545b1ed14f4c8206e,ContentfulSpeedIndex,amazon,True,amazon ContentfulSpeedIndex opt fission warm webrender,,77,ms,firefox,453461149,1868765340,2024-04-02T16:04:57,184.3,a182e0c9f40ce6d5d729470f1a865a6770e611bd,1402431
autoland,3870186,13,f36c3750a6bc0db1e2bc910e5f3a3acace5985a7,windows10-64-shippable-qr,True,False,,|f|i|s|s|i|o|n| |w|a|r|m| |w|e|b|r|e|n|d|e|r|,102210fe594ee9b33d82058545b1ed14f4c8206e,ContentfulSpeedIndex,amazon,True,amazon ContentfulSpeedIndex opt fission warm webrender,,77,ms,firefox,453240900,1867970425,2024-04-02T16:51:17,153.4,b1212fb9438edc5930a3e8228dd52ff3c068031c,1402473
autoland,3870186,13,f36c3750a6bc0db1e2bc910e5f3a3acace5985a7,windows10-64-shippable-qr,True,False,,|f|i|s|s|i|o|n| |w|a|r|m| |w|e|b|r|e|n|d|e|r|,102210fe594ee9b33d82058545b1ed14f4c8206e,ContentfulSpeedIndex,amazon,True,amazon ContentfulSpeedIndex opt fission warm webrender,,77,ms,firefox,453461146,1868765221,2024-04-02T16:51:17,162.0,b1212fb9438edc5930a3e8228dd52ff3c068031c,1402473
autoland,3870186,13,f36c3750a6bc0db1e2bc910e5f3a3acace5985a7,windows10-64-shippable-qr,True,False,,|f|i|s|s|i|o|n| |w|a|r|m| |w|e|b|r|e|n|d|e|r|,102210fe594ee9b33d82058545b1ed14f4c8206e,ContentfulSpeedIndex,amazon,True,amazon ContentfulSpeedIndex opt fission warm webrender,,77,ms,firefox,453476323,1868848827,2024-04-02T16:57:37,160.7,8dde0280687a60fa9516d7876cb565c296a62a69,1402480
autoland,3870186,13,f36c3750a6bc0db1e2bc910e5f3a3acace5985a7,windows10-64-shippable-qr,True,False,,|f|i|s|s|i|o|n| |w|a|r|m| |w|e|b|r|e|n|d|e|r|,102210fe594ee9b33d82058545b1ed14f4c8206e,ContentfulSpeedIndex,amazon,True,amazon ContentfulSpeedIndex opt fission warm webrender,,77,ms,firefox,453476330,1868848750,2024-04-02T17:08:41,177.5,c2eef1c758bd2cf574b8131fd622554f97593581,1402485
autoland,3870186,13,f36c3750a6bc0db1e2bc910e5f3a3acace5985a7,windows10-64-shippable-qr,True,False,,|f|i|s|s|i|o|n| |w|a|r|m| |w|e|b|r|e|n|d|e|r|,102210fe594ee9b33d82058545b1ed14f4c8206e,ContentfulSpeedIndex,amazon,True,amazon ContentfulSpeedIndex opt fission warm webrender,,77,ms,firefox,453476067,1868846131,2024-04-02T17:09:30,164.9,53688bb58e10f135e4c3aaad9d8a928480e972e0,1402488
autoland,3870186,13,f36c3750a6bc0db1e2bc910e5f3a3acace5985a7,windows10-64-shippable-qr,True,False,,|f|i|s|s|i|o|n| |w|a|r|m| |w|e|b|r|e|n|d|e|r|,102210fe594ee9b33d82058545b1ed14f4c8206e,ContentfulSpeedIndex,amazon,True,amazon ContentfulSpeedIndex opt fission warm webrender,,77,ms,firefox,453478708,1868859311,2024-04-02T17:10:22,176.6,5f34dc92a899657d5e5d6bdab40f4aa0ca88d032,1402491
autoland,3870186,13,f36c3750a6bc0db1e2bc910e5f3a3acace5985a7,windows10-64-shippable-qr,True,False,,|f|i|s|s|i|o|n| |w|a|r|m| |w|e|b|r|e|n|d|e|r|,102210fe594ee9b33d82058545b1ed14f4c8206e,ContentfulSpeedIndex,amazon,True,amazon ContentfulSpeedIndex opt fission warm webrender,,77,ms,firefox,453476499,1868851197,2024-04-02T17:11:18,162.9,300d2902306568a6bf191b06c535ab6c7318a36a,1402492
autoland,3870186,13,f36c3750a6bc0db1e2bc910e5f3a3acace5985a7,windows10-64-shippable-qr,True,False,,|f|i|s|s|i|o|n| |w|a|r|m| |w|e|b|r|e|n|d|e|r|,102210fe594ee9b33d82058545b1ed14f4c8206e,ContentfulSpeedIndex,amazon,True,amazon ContentfulSpeedIndex opt fission warm webrender,,77,ms,firefox,453477603,1868854486,2024-04-02T17:12:32,165.2,b8e93a704bebb5da54b8db7ff493a916da315641,1402495
autoland,3870186,13,f36c3750a6bc0db1e2bc910e5f3a3acace5985a7,windows10-64-shippable-qr,True,False,,|f|i|s|s|i|o|n| |w|a|r|m| |w|e|b|r|e|n|d|e|r|,102210fe594ee9b33d82058545b1ed14f4c8206e,ContentfulSpeedIndex,amazon,True,amazon ContentfulSpeedIndex opt fission warm webrender,,77,ms,firefox,453489510,1868899822,2024-04-02T17:13:27,157.2,feb2549ad892953c088969a09da53e9c1c8f3281,1402496
autoland,3870186,13,f36c3750a6bc0db1e2bc910e5f3a3acace5985a7,windows10-64-shippable-qr,True,False,,|f|i|s|s|i|o|n| |w|a|r|m| |w|e|b|r|e|n|d|e|r|,102210fe594ee9b33d82058545b1ed14f4c8206e,ContentfulSpeedIndex,amazon,True,amazon ContentfulSpeedIndex opt fission warm webrender,,77,ms,firefox,453477525,1868853112,2024-04-02T17:14:19,168.7,2ed5e405cec7d4176c8e9e6831ca3e4101dc7441,1402498
autoland,3870186,13,f36c3750a6bc0db1e2bc910e5f3a3acace5985a7,windows10-64-shippable-qr,True,False,,|f|i|s|s|i|o|n| |w|a|r|m| |w|e|b|r|e|n|d|e|r|,102210fe594ee9b33d82058545b1ed14f4c8206e,ContentfulSpeedIndex,amazon,True,amazon ContentfulSpeedIndex opt fission warm webrender,,77,ms,firefox,453478133,1868855708,2024-04-02T17:15:09,183.4,1799b803c67d3e333ccb9bc915f1cb5b4152692a,1402499
autoland,3870186,13,f36c3750a6bc0db1e2bc910e5f3a3acace5985a7,windows10-64-shippable-qr,True,False,,|f|i|s|s|i|o|n| |w|a|r|m| |w|e|b|r|e|n|d|e|r|,102210fe594ee9b33d82058545b1ed14f4c8206e,ContentfulSpeedIndex,amazon,True,amazon ContentfulSpeedIndex opt fission warm webrender,,77,ms,firefox,453476362,1868849898,2024-04-02T17:15:55,177.1,0f18d165d124489b93a15eccf7f0fec948ff800a,1402500
autoland,3870186,13,f36c3750a6bc0db1e2bc910e5f3a3acace5985a7,windows10-64-shippable-qr,True,False,,|f|i|s|s|i|o|n| |w|a|r|m| |w|e|b|r|e|n|d|e|r|,102210fe594ee9b33d82058545b1ed14f4c8206e,ContentfulSpeedIndex,amazon,True,amazon ContentfulSpeedIndex opt fission warm webrender,,77,ms,firefox,453478303,1868855174,2024-04-02T17:16:41,155.6,3ecb4aee23f94ac2e951e224bb6e555d32022dc9,1402501
autoland,3870186,13,f36c3750a6bc0db1e2bc910e5f3a3acace5985a7,windows10-64-shippable-qr,True,False,,|f|i|s|s|i|o|n| |w|a|r|m| |w|e|b|r|e|n|d|e|r|,102210fe594ee9b33d82058545b1ed14f4c8206e,ContentfulSpeedIndex,amazon,True,amazon ContentfulSpeedIndex opt fission warm webrender,,77,ms,firefox,453475794,1868843354,2024-04-02T18:58:39,159.7,cf880083715e4f55adbebb52eb741213631851de,1402582
autoland,3870186,13,f36c3750a6bc0db1e2bc910e5f3a3acace5985a7,windows10-64-shippable-qr,True,False,,|f|i|s|s|i|o|n| |w|a|r|m| |w|e|b|r|e|n|d|e|r|,102210fe594ee9b33d82058545b1ed14f4c8206e,ContentfulSpeedIndex,amazon,True,amazon ContentfulSpeedIndex opt fission warm webrender,,77,ms,firefox,453478328,1868856634,2024-04-02T19:03:08,168.7,b959e743bb6ec7c385cb791d9ca36b93146a3c4e,1402583
autoland,3870186,13,f36c3750a6bc0db1e2bc910e5f3a3acace5985a7,windows10-64-shippable-qr,True,False,,|f|i|s|s|i|o|n| |w|a|r|m| |w|e|b|r|e|n|d|e|r|,102210fe594ee9b33d82058545b1ed14f4c8206e,ContentfulSpeedIndex,amazon,True,amazon ContentfulSpeedIndex opt fission warm webrender,,77,ms,firefox,453476028,1868845829,2024-04-02T19:14:30,174.9,d401f64d4f2165eb7a803430c4e3e9d35d2cb960,1402586
autoland,3870186,13,f36c3750a6bc0db1e2bc910e5f3a3acace5985a7,windows10-64-shippable-qr,True,False,,|f|i|s|s|i|o|n| |w|a|r|m| |w|e|b|r|e|n|d|e|r|,102210fe594ee9b33d82058545b1ed14f4c8206e,ContentfulSpeedIndex,amazon,True,amazon ContentfulSpeedIndex opt fission warm webrender,,77,ms,firefox,453476199,1868847901,2024-04-02T20:36:35,171.4,0626e6c46d2a21cfbdaf2884e63e62fe797dd6c4,1402650
autoland,3870186,13,f36c3750a6bc0db1e2bc910e5f3a3acace5985a7,windows10-64-shippable-qr,True,False,,|f|i|s|s|i|o|n| |w|a|r|m| |w|e|b|r|e|n|d|e|r|,102210fe594ee9b33d82058545b1ed14f4c8206e,ContentfulSpeedIndex,amazon,True,amazon ContentfulSpeedIndex opt fission warm webrender,,77,ms,firefox,453263488,1868053825,2024-04-02T20:58:38,159.6,96cda2b1a568a48c3d201417fa49e8fc852ef641,1402671
autoland,3870186,13,f36c3750a6bc0db1e2bc910e5f3a3acace5985a7,windows10-64-shippable-qr,True,False,,|f|i|s|s|i|o|n| |w|a|r|m| |w|e|b|r|e|n|d|e|r|,102210fe594ee9b33d82058545b1ed14f4c8206e,ContentfulSpeedIndex,amazon,True,amazon ContentfulSpeedIndex opt fission warm webrender,,77,ms,firefox,453461160,1868765128,2024-04-02T20:58:38,155.1,96cda2b1a568a48c3d201417fa49e8fc852ef641,1402671
autoland,3870186,13,f36c3750a6bc0db1e2bc910e5f3a3acace5985a7,windows10-64-shippable-qr,True,False,,|f|i|s|s|i|o|n| |w|a|r|m| |w|e|b|r|e|n|d|e|r|,102210fe594ee9b33d82058545b1ed14f4c8206e,ContentfulSpeedIndex,amazon,True,amazon ContentfulSpeedIndex opt fission warm webrender,,77,ms,firefox,453293317,1868177960,2024-04-02T20:59:25,145.8,f018182907189490b43f3e89c76cfe1851bf41e7,1402673
autoland,3870186,13,f36c3750a6bc0db1e2bc910e5f3a3acace5985a7,windows10-64-shippable-qr,True,False,,|f|i|s|s|i|o|n| |w|a|r|m| |w|e|b|r|e|n|d|e|r|,102210fe594ee9b33d82058545b1ed14f4c8206e,ContentfulSpeedIndex,amazon,True,amazon ContentfulSpeedIndex opt fission warm webrender,,77,ms,firefox,453293497,1868180162,2024-04-02T21:00:13,167.7,a6eb5bc4af4569aebf5617bde2573988578fb8a0,1402674
autoland,3870186,13,f36c3750a6bc0db1e2bc910e5f3a3acace5985a7,windows10-64-shippable-qr,True,False,,|f|i|s|s|i|o|n| |w|a|r|m| |w|e|b|r|e|n|d|e|r|,102210fe594ee9b33d82058545b1ed14f4c8206e,ContentfulSpeedIndex,amazon,True,amazon ContentfulSpeedIndex opt fission warm webrender,,77,ms,firefox,453280114,1868120688,2024-04-02T23:14:01,152.3,bfdc9733f80bab4558cf720975c00e2658b9b8c0,1402759
autoland,3870186,13,f36c3750a6bc0db1e2bc910e5f3a3acace5985a7,windows10-64-shippable-qr,True,False,,|f|i|s|s|i|o|n| |w|a|r|m| |w|e|b|r|e|n|d|e|r|,102210fe594ee9b33d82058545b1ed14f4c8206e,ContentfulSpeedIndex,amazon,True,amazon ContentfulSpeedIndex opt fission warm webrender,,77,ms,firefox,453285584,1868143623,2024-04-03T02:01:46,160.7,e9a6b1d9b2360abbda7261a5e023f1fdfaf1fbc4,1402833
autoland,3870186,13,f36c3750a6bc0db1e2bc910e5f3a3acace5985a7,windows10-64-shippable-qr,True,False,,|f|i|s|s|i|o|n| |w|a|r|m| |w|e|b|r|e|n|d|e|r|,102210fe594ee9b33d82058545b1ed14f4c8206e,ContentfulSpeedIndex,amazon,True,amazon ContentfulSpeedIndex opt fission warm webrender,,77,ms,firefox,453301375,1868224187,2024-04-03T06:21:18,151.4,c720e2e99bf375c24b09c0a1415f15ba911c56ce,1402898
autoland,3870186,13,f36c3750a6bc0db1e2bc910e5f3a3acace5985a7,windows10-64-shippable-qr,True,False,,|f|i|s|s|i|o|n| |w|a|r|m| |w|e|b|r|e|n|d|e|r|,102210fe594ee9b33d82058545b1ed14f4c8206e,ContentfulSpeedIndex,amazon,True,amazon ContentfulSpeedIndex opt fission warm webrender,,77,ms,firefox,453310212,1868264881,2024-04-03T08:00:33,161.2,8c92b17c7b2805a83d5a80fa103b82ae132d8320,1402944
autoland,3870186,13,f36c3750a6bc0db1e2bc910e5f3a3acace5985a7,windows10-64-shippable-qr,True,False,,|f|i|s|s|i|o|n| |w|a|r|m| |w|e|b|r|e|n|d|e|r|,102210fe594ee9b33d82058545b1ed14f4c8206e,ContentfulSpeedIndex,amazon,True,amazon ContentfulSpeedIndex opt fission warm webrender,,77,ms,firefox,453347697,1868357610,2024-04-03T12:19:12,149.8,81ea9950a766d85ced5d1db992689422649c3b26,1403087
autoland,3870186,13,f36c3750a6bc0db1e2bc910e5f3a3acace5985a7,windows10-64-shippable-qr,True,False,,|f|i|s|s|i|o|n| |w|a|r|m| |w|e|b|r|e|n|d|e|r|,102210fe594ee9b33d82058545b1ed14f4c8206e,ContentfulSpeedIndex,amazon,True,amazon ContentfulSpeedIndex opt fission warm webrender,,77,ms,firefox,453454895,1868734627,2024-04-03T16:14:29,158.9,a9ffaf77a5b0635bebc58e9cf9c0fb26f5444d3d,1403253
autoland,3870186,13,f36c3750a6bc0db1e2bc910e5f3a3acace5985a7,windows10-64-shippable-qr,True,False,,|f|i|s|s|i|o|n| |w|a|r|m| |w|e|b|r|e|n|d|e|r|,102210fe594ee9b33d82058545b1ed14f4c8206e,ContentfulSpeedIndex,amazon,True,amazon ContentfulSpeedIndex opt fission warm webrender,,77,ms,firefox,453455688,1868738160,2024-04-03T16:15:23,167.8,b27e71b032d1cc8cba63e44da1cee14deda5e942,1403255
autoland,3870186,13,f36c3750a6bc0db1e2bc910e5f3a3acace5985a7,windows10-64-shippable-qr,True,False,,|f|i|s|s|i|o|n| |w|a|r|m| |w|e|b|r|e|n|d|e|r|,102210fe594ee9b33d82058545b1ed14f4c8206e,ContentfulSpeedIndex,amazon,True,amazon ContentfulSpeedIndex opt fission warm webrender,,77,ms,firefox,453401439,1868551119,2024-04-03T19:17:19,174.4,26f475fb8d5ae5cb0b3bd5fb9d77aa7fc2df2665,1403406
autoland,3870186,13,f36c3750a6bc0db1e2bc910e5f3a3acace5985a7,windows10-64-shippable-qr,True,False,,|f|i|s|s|i|o|n| |w|a|r|m| |w|e|b|r|e|n|d|e|r|,102210fe594ee9b33d82058545b1ed14f4c8206e,ContentfulSpeedIndex,amazon,True,amazon ContentfulSpeedIndex opt fission warm webrender,,77,ms,firefox,453427977,1868640912,2024-04-03T23:35:22,156.7,aedb2756de7fa4089d89d53f49a007290003d58d,1403575
autoland,3870186,13,f36c3750a6bc0db1e2bc910e5f3a3acace5985a7,windows10-64-shippable-qr,True,False,,|f|i|s|s|i|o|n| |w|a|r|m| |w|e|b|r|e|n|d|e|r|,102210fe594ee9b33d82058545b1ed14f4c8206e,ContentfulSpeedIndex,amazon,True,amazon ContentfulSpeedIndex opt fission warm webrender,,77,ms,firefox,453451895,1868721364,2024-04-04T04:04:35,167.9,f2360b4c9b8a110f0b1c40841a767a47da5b85be,1403674
autoland,3870186,13,f36c3750a6bc0db1e2bc910e5f3a3acace5985a7,windows10-64-shippable-qr,True,False,,|f|i|s|s|i|o|n| |w|a|r|m| |w|e|b|r|e|n|d|e|r|,102210fe594ee9b33d82058545b1ed14f4c8206e,ContentfulSpeedIndex,amazon,True,amazon ContentfulSpeedIndex opt fission warm webrender,,77,ms,firefox,453475537,1868842080,2024-04-04T08:28:09,167.7,08ea8edc42ee204a4f50aae52417198c7a11d742,1403757
autoland,3870186,13,f36c3750a6bc0db1e2bc910e5f3a3acace5985a7,windows10-64-shippable-qr,True,False,,|f|i|s|s|i|o|n| |w|a|r|m| |w|e|b|r|e|n|d|e|r|,102210fe594ee9b33d82058545b1ed14f4c8206e,ContentfulSpeedIndex,amazon,True,amazon ContentfulSpeedIndex opt fission warm webrender,,77,ms,firefox,453512045,1869011933,2024-04-04T12:29:27,161.2,a260c2683052c9aa36748f1ded4e99c0d2bcf63e,1403877
autoland,3870186,13,f36c3750a6bc0db1e2bc910e5f3a3acace5985a7,windows10-64-shippable-qr,True,False,,|f|i|s|s|i|o|n| |w|a|r|m| |w|e|b|r|e|n|d|e|r|,102210fe594ee9b33d82058545b1ed14f4c8206e,ContentfulSpeedIndex,amazon,True,amazon ContentfulSpeedIndex opt fission warm webrender,,77,ms,firefox,453535437,1869105735,2024-04-04T15:41:47,160.9,e633b6ff34e81c89b87f1d4e3b18fcae399b3d37,1404042
autoland,3870186,13,f36c3750a6bc0db1e2bc910e5f3a3acace5985a7,windows10-64-shippable-qr,True,False,,|f|i|s|s|i|o|n| |w|a|r|m| |w|e|b|r|e|n|d|e|r|,102210fe594ee9b33d82058545b1ed14f4c8206e,ContentfulSpeedIndex,amazon,True,amazon ContentfulSpeedIndex opt fission warm webrender,,77,ms,firefox,453547834,1869164086,2024-04-04T17:55:39,173.9,2b8e4c563c2fa403003707729e7fd66dd5909763,1404131
autoland,3870186,13,f36c3750a6bc0db1e2bc910e5f3a3acace5985a7,windows10-64-shippable-qr,True,False,,|f|i|s|s|i|o|n| |w|a|r|m| |w|e|b|r|e|n|d|e|r|,102210fe594ee9b33d82058545b1ed14f4c8206e,ContentfulSpeedIndex,amazon,True,amazon ContentfulSpeedIndex opt fission warm webrender,,77,ms,firefox,453577181,1869269935,2024-04-04T22:08:58,146.4,7689f9c266fcdf019b8bea308bf5569885d72ed3,1404331
autoland,3870186,13,f36c3750a6bc0db1e2bc910e5f3a3acace5985a7,windows10-64-shippable-qr,True,False,,|f|i|s|s|i|o|n| |w|a|r|m| |w|e|b|r|e|n|d|e|r|,102210fe594ee9b33d82058545b1ed14f4c8206e,ContentfulSpeedIndex,amazon,True,amazon ContentfulSpeedIndex opt fission warm webrender,,77,ms,firefox,453584509,1869299899,2024-04-05T00:24:01,166.0,8600529acb2a250f255ea4d80486fecb2b7dc31b,1404399
autoland,3870186,13,f36c3750a6bc0db1e2bc910e5f3a3acace5985a7,windows10-64-shippable-qr,True,False,,|f|i|s|s|i|o|n| |w|a|r|m| |w|e|b|r|e|n|d|e|r|,102210fe594ee9b33d82058545b1ed14f4c8206e,ContentfulSpeedIndex,amazon,True,amazon ContentfulSpeedIndex opt fission warm webrender,,77,ms,firefox,453599135,1869362954,2024-04-05T04:36:57,149.4,ea8ea972270ddb95f071f900f9199fb7ff95bb10,1404445
autoland,3870186,13,f36c3750a6bc0db1e2bc910e5f3a3acace5985a7,windows10-64-shippable-qr,True,False,,|f|i|s|s|i|o|n| |w|a|r|m| |w|e|b|r|e|n|d|e|r|,102210fe594ee9b33d82058545b1ed14f4c8206e,ContentfulSpeedIndex,amazon,True,amazon ContentfulSpeedIndex opt fission warm webrender,,77,ms,firefox,453621720,1869464873,2024-04-05T09:55:10,159.2,bb1591f8008a0b1f33fe132528ee339ab149082f,1404555
autoland,3870186,13,f36c3750a6bc0db1e2bc910e5f3a3acace5985a7,windows10-64-shippable-qr,True,False,,|f|i|s|s|i|o|n| |w|a|r|m| |w|e|b|r|e|n|d|e|r|,102210fe594ee9b33d82058545b1ed14f4c8206e,ContentfulSpeedIndex,amazon,True,amazon ContentfulSpeedIndex opt fission warm webrender,,77,ms,firefox,454159693,1871815067,2024-04-05T09:55:10,171.5,bb1591f8008a0b1f33fe132528ee339ab149082f,1404555
autoland,3870186,13,f36c3750a6bc0db1e2bc910e5f3a3acace5985a7,windows10-64-shippable-qr,True,False,,|f|i|s|s|i|o|n| |w|a|r|m| |w|e|b|r|e|n|d|e|r|,102210fe594ee9b33d82058545b1ed14f4c8206e,ContentfulSpeedIndex,amazon,True,amazon ContentfulSpeedIndex opt fission warm webrender,,77,ms,firefox,454159696,1871813542,2024-04-05T09:55:10,159.5,bb1591f8008a0b1f33fe132528ee339ab149082f,1404555
autoland,3870186,13,f36c3750a6bc0db1e2bc910e5f3a3acace5985a7,windows10-64-shippable-qr,True,False,,|f|i|s|s|i|o|n| |w|a|r|m| |w|e|b|r|e|n|d|e|r|,102210fe594ee9b33d82058545b1ed14f4c8206e,ContentfulSpeedIndex,amazon,True,amazon ContentfulSpeedIndex opt fission warm webrender,,77,ms,firefox,454159857,1871815926,2024-04-05T09:55:10,170.4,bb1591f8008a0b1f33fe132528ee339ab149082f,1404555
autoland,3870186,13,f36c3750a6bc0db1e2bc910e5f3a3acace5985a7,windows10-64-shippable-qr,True,False,,|f|i|s|s|i|o|n| |w|a|r|m| |w|e|b|r|e|n|d|e|r|,102210fe594ee9b33d82058545b1ed14f4c8206e,ContentfulSpeedIndex,amazon,True,amazon ContentfulSpeedIndex opt fission warm webrender,,77,ms,firefox,453655493,1869578129,2024-04-05T13:56:08,149.0,e25a9624d6d92e1a88da8b414e3ea781e4e25a07,1404693
autoland,3870186,13,f36c3750a6bc0db1e2bc910e5f3a3acace5985a7,windows10-64-shippable-qr,True,False,,|f|i|s|s|i|o|n| |w|a|r|m| |w|e|b|r|e|n|d|e|r|,102210fe594ee9b33d82058545b1ed14f4c8206e,ContentfulSpeedIndex,amazon,True,amazon ContentfulSpeedIndex opt fission warm webrender,,77,ms,firefox,453681315,1869680235,2024-04-05T18:34:00,142.9,c230ec8f9514326a6e5081ee8e2d677ccf10ab67,1404901
autoland,3870186,13,f36c3750a6bc0db1e2bc910e5f3a3acace5985a7,windows10-64-shippable-qr,True,False,,|f|i|s|s|i|o|n| |w|a|r|m| |w|e|b|r|e|n|d|e|r|,102210fe594ee9b33d82058545b1ed14f4c8206e,ContentfulSpeedIndex,amazon,True,amazon ContentfulSpeedIndex opt fission warm webrender,,77,ms,firefox,453700501,1869747467,2024-04-05T19:40:01,150.6,2168f88afb52aa0c93febc62156a315d08963dda,1404957
autoland,3870186,13,f36c3750a6bc0db1e2bc910e5f3a3acace5985a7,windows10-64-shippable-qr,True,False,,|f|i|s|s|i|o|n| |w|a|r|m| |w|e|b|r|e|n|d|e|r|,102210fe594ee9b33d82058545b1ed14f4c8206e,ContentfulSpeedIndex,amazon,True,amazon ContentfulSpeedIndex opt fission warm webrender,,77,ms,firefox,453731788,1869951135,2024-04-05T21:22:34,166.7,1564b30ff7230370f1d96bdfc88b528c6dbf1f37,1405040
autoland,3870186,13,f36c3750a6bc0db1e2bc910e5f3a3acace5985a7,windows10-64-shippable-qr,True,False,,|f|i|s|s|i|o|n| |w|a|r|m| |w|e|b|r|e|n|d|e|r|,102210fe594ee9b33d82058545b1ed14f4c8206e,ContentfulSpeedIndex,amazon,True,amazon ContentfulSpeedIndex opt fission warm webrender,,77,ms,firefox,453711436,1869805873,2024-04-05T21:23:25,163.3,bcbab342eed82aec3d4dd40516bf07e1ee96e716,1405041
autoland,3870186,13,f36c3750a6bc0db1e2bc910e5f3a3acace5985a7,windows10-64-shippable-qr,True,False,,|f|i|s|s|i|o|n| |w|a|r|m| |w|e|b|r|e|n|d|e|r|,102210fe594ee9b33d82058545b1ed14f4c8206e,ContentfulSpeedIndex,amazon,True,amazon ContentfulSpeedIndex opt fission warm webrender,,77,ms,firefox,453729995,1869924955,2024-04-06T02:12:01,155.1,5695ee1969a8c3cddf47affcdc2358c67fa09729,1405161
autoland,3870186,13,f36c3750a6bc0db1e2bc910e5f3a3acace5985a7,windows10-64-shippable-qr,True,False,,|f|i|s|s|i|o|n| |w|a|r|m| |w|e|b|r|e|n|d|e|r|,102210fe594ee9b33d82058545b1ed14f4c8206e,ContentfulSpeedIndex,amazon,True,amazon ContentfulSpeedIndex opt fission warm webrender,,77,ms,firefox,453744746,1869997594,2024-04-06T08:07:05,166.4,9fc8fef3e3ad12973fa215fac0d8ce85b8476e0a,1405200
autoland,3870186,13,f36c3750a6bc0db1e2bc910e5f3a3acace5985a7,windows10-64-shippable-qr,True,False,,|f|i|s|s|i|o|n| |w|a|r|m| |w|e|b|r|e|n|d|e|r|,102210fe594ee9b33d82058545b1ed14f4c8206e,ContentfulSpeedIndex,amazon,True,amazon ContentfulSpeedIndex opt fission warm webrender,,77,ms,firefox,453804554,1870238307,2024-04-06T09:10:48,170.0,efb8ceaaddf1096a2a68534d60681deac7fbfbb7,1405212
autoland,3870186,13,f36c3750a6bc0db1e2bc910e5f3a3acace5985a7,windows10-64-shippable-qr,True,False,,|f|i|s|s|i|o|n| |w|a|r|m| |w|e|b|r|e|n|d|e|r|,102210fe594ee9b33d82058545b1ed14f4c8206e,ContentfulSpeedIndex,amazon,True,amazon ContentfulSpeedIndex opt fission warm webrender,,77,ms,firefox,453804474,1870237024,2024-04-06T09:11:43,174.2,1e56e647f8d57834bb7fa2d951e64b2fa4b3487f,1405213
autoland,3870186,13,f36c3750a6bc0db1e2bc910e5f3a3acace5985a7,windows10-64-shippable-qr,True,False,,|f|i|s|s|i|o|n| |w|a|r|m| |w|e|b|r|e|n|d|e|r|,102210fe594ee9b33d82058545b1ed14f4c8206e,ContentfulSpeedIndex,amazon,True,amazon ContentfulSpeedIndex opt fission warm webrender,,77,ms,firefox,453769348,1870094834,2024-04-06T12:49:36,140.6,0f5a5f081afbca1abac9185c32c792b9c3550264,1405245
autoland,3870186,13,f36c3750a6bc0db1e2bc910e5f3a3acace5985a7,windows10-64-shippable-qr,True,False,,|f|i|s|s|i|o|n| |w|a|r|m| |w|e|b|r|e|n|d|e|r|,102210fe594ee9b33d82058545b1ed14f4c8206e,ContentfulSpeedIndex,amazon,True,amazon ContentfulSpeedIndex opt fission warm webrender,,77,ms,firefox,453780502,1870147266,2024-04-06T19:13:32,160.3,3719e5d315bba4fd2d01a2bb964ff7d7c6521282,1405288
autoland,3870186,13,f36c3750a6bc0db1e2bc910e5f3a3acace5985a7,windows10-64-shippable-qr,True,False,,|f|i|s|s|i|o|n| |w|a|r|m| |w|e|b|r|e|n|d|e|r|,102210fe594ee9b33d82058545b1ed14f4c8206e,ContentfulSpeedIndex,amazon,True,amazon ContentfulSpeedIndex opt fission warm webrender,,77,ms,firefox,453795968,1870205584,2024-04-07T00:18:02,175.5,7362d727c60c8a1b15c8e7357969595c93c659c6,1405303
autoland,3870186,13,f36c3750a6bc0db1e2bc910e5f3a3acace5985a7,windows10-64-shippable-qr,True,False,,|f|i|s|s|i|o|n| |w|a|r|m| |w|e|b|r|e|n|d|e|r|,102210fe594ee9b33d82058545b1ed14f4c8206e,ContentfulSpeedIndex,amazon,True,amazon ContentfulSpeedIndex opt fission warm webrender,,77,ms,firefox,454159699,1871813843,2024-04-07T00:18:02,163.0,7362d727c60c8a1b15c8e7357969595c93c659c6,1405303
autoland,3870186,13,f36c3750a6bc0db1e2bc910e5f3a3acace5985a7,windows10-64-shippable-qr,True,False,,|f|i|s|s|i|o|n| |w|a|r|m| |w|e|b|r|e|n|d|e|r|,102210fe594ee9b33d82058545b1ed14f4c8206e,ContentfulSpeedIndex,amazon,True,amazon ContentfulSpeedIndex opt fission warm webrender,,77,ms,firefox,454159757,1871814462,2024-04-07T00:18:02,174.4,7362d727c60c8a1b15c8e7357969595c93c659c6,1405303
autoland,3870186,13,f36c3750a6bc0db1e2bc910e5f3a3acace5985a7,windows10-64-shippable-qr,True,False,,|f|i|s|s|i|o|n| |w|a|r|m| |w|e|b|r|e|n|d|e|r|,102210fe594ee9b33d82058545b1ed14f4c8206e,ContentfulSpeedIndex,amazon,True,amazon ContentfulSpeedIndex opt fission warm webrender,,77,ms,firefox,454159870,1871816344,2024-04-07T00:18:02,168.9,7362d727c60c8a1b15c8e7357969595c93c659c6,1405303
autoland,3870186,13,f36c3750a6bc0db1e2bc910e5f3a3acace5985a7,windows10-64-shippable-qr,True,False,,|f|i|s|s|i|o|n| |w|a|r|m| |w|e|b|r|e|n|d|e|r|,102210fe594ee9b33d82058545b1ed14f4c8206e,ContentfulSpeedIndex,amazon,True,amazon ContentfulSpeedIndex opt fission warm webrender,,77,ms,firefox,453827552,1870333457,2024-04-07T12:29:26,169.8,56daf0a3e72bc04ceb0b6d6a5e8b51b32333fe11,1405334
autoland,3870186,13,f36c3750a6bc0db1e2bc910e5f3a3acace5985a7,windows10-64-shippable-qr,True,False,,|f|i|s|s|i|o|n| |w|a|r|m| |w|e|b|r|e|n|d|e|r|,102210fe594ee9b33d82058545b1ed14f4c8206e,ContentfulSpeedIndex,amazon,True,amazon ContentfulSpeedIndex opt fission warm webrender,,77,ms,firefox,453837788,1870367329,2024-04-07T17:34:38,155.5,c59be65c8118a8e4c60719162c4426e511ee042c,1405352
autoland,3870186,13,f36c3750a6bc0db1e2bc910e5f3a3acace5985a7,windows10-64-shippable-qr,True,False,,|f|i|s|s|i|o|n| |w|a|r|m| |w|e|b|r|e|n|d|e|r|,102210fe594ee9b33d82058545b1ed14f4c8206e,ContentfulSpeedIndex,amazon,True,amazon ContentfulSpeedIndex opt fission warm webrender,,77,ms,firefox,453851206,1870424829,2024-04-07T22:40:32,157.5,a5f6bf0601900e20973b195443e8431788bf1494,1405368
autoland,3870186,13,f36c3750a6bc0db1e2bc910e5f3a3acace5985a7,windows10-64-shippable-qr,True,False,,|f|i|s|s|i|o|n| |w|a|r|m| |w|e|b|r|e|n|d|e|r|,102210fe594ee9b33d82058545b1ed14f4c8206e,ContentfulSpeedIndex,amazon,True,amazon ContentfulSpeedIndex opt fission warm webrender,,77,ms,firefox,454016859,1871085404,2024-04-08T00:16:58,196.5,d61d36a30ac8194456d356ab948a2a962e330d3c,1405370
autoland,3870186,13,f36c3750a6bc0db1e2bc910e5f3a3acace5985a7,windows10-64-shippable-qr,True,False,,|f|i|s|s|i|o|n| |w|a|r|m| |w|e|b|r|e|n|d|e|r|,102210fe594ee9b33d82058545b1ed14f4c8206e,ContentfulSpeedIndex,amazon,True,amazon ContentfulSpeedIndex opt fission warm webrender,,77,ms,firefox,454006394,1871019879,2024-04-08T01:48:27,151.6,954dbbb81dcb5f155221a82c048a31260aad2f4f,1405376
autoland,3870186,13,f36c3750a6bc0db1e2bc910e5f3a3acace5985a7,windows10-64-shippable-qr,True,False,,|f|i|s|s|i|o|n| |w|a|r|m| |w|e|b|r|e|n|d|e|r|,102210fe594ee9b33d82058545b1ed14f4c8206e,ContentfulSpeedIndex,amazon,True,amazon ContentfulSpeedIndex opt fission warm webrender,,77,ms,firefox,453860158,1870471399,2024-04-08T04:43:41,141.1,93d08e6b3d615ead541eee15f876af2c74e90d53,1405385
autoland,3870186,13,f36c3750a6bc0db1e2bc910e5f3a3acace5985a7,windows10-64-shippable-qr,True,False,,|f|i|s|s|i|o|n| |w|a|r|m| |w|e|b|r|e|n|d|e|r|,102210fe594ee9b33d82058545b1ed14f4c8206e,ContentfulSpeedIndex,amazon,True,amazon ContentfulSpeedIndex opt fission warm webrender,,77,ms,firefox,453877037,1870550612,2024-04-08T09:12:14,171.6,7fdec039f49159c7769bb304ab5f0a97f9dde43f,1405465
autoland,3870186,13,f36c3750a6bc0db1e2bc910e5f3a3acace5985a7,windows10-64-shippable-qr,True,False,,|f|i|s|s|i|o|n| |w|a|r|m| |w|e|b|r|e|n|d|e|r|,102210fe594ee9b33d82058545b1ed14f4c8206e,ContentfulSpeedIndex,amazon,True,amazon ContentfulSpeedIndex opt fission warm webrender,,77,ms,firefox,454017980,1871121367,2024-04-08T09:14:11,181.7,83eae9239b46f03f52da5463ad71098ca7791ea0,1405468
autoland,3870186,13,f36c3750a6bc0db1e2bc910e5f3a3acace5985a7,windows10-64-shippable-qr,True,False,,|f|i|s|s|i|o|n| |w|a|r|m| |w|e|b|r|e|n|d|e|r|,102210fe594ee9b33d82058545b1ed14f4c8206e,ContentfulSpeedIndex,amazon,True,amazon ContentfulSpeedIndex opt fission warm webrender,,77,ms,firefox,454017800,1871103581,2024-04-08T09:15:02,163.3,8f90997050c158167089ac3c0b526920d3f7bb82,1405470
autoland,3870186,13,f36c3750a6bc0db1e2bc910e5f3a3acace5985a7,windows10-64-shippable-qr,True,False,,|f|i|s|s|i|o|n| |w|a|r|m| |w|e|b|r|e|n|d|e|r|,102210fe594ee9b33d82058545b1ed14f4c8206e,ContentfulSpeedIndex,amazon,True,amazon ContentfulSpeedIndex opt fission warm webrender,,77,ms,firefox,454015609,1871076990,2024-04-08T11:42:34,166.7,2d1a289ac036edc287917e987f17d8d1f1607f39,1405553
autoland,3870186,13,f36c3750a6bc0db1e2bc910e5f3a3acace5985a7,windows10-64-shippable-qr,True,False,,|f|i|s|s|i|o|n| |w|a|r|m| |w|e|b|r|e|n|d|e|r|,102210fe594ee9b33d82058545b1ed14f4c8206e,ContentfulSpeedIndex,amazon,True,amazon ContentfulSpeedIndex opt fission warm webrender,,77,ms,firefox,454006255,1871018356,2024-04-08T11:52:58,162.1,8aa3f0cfdd9cc43a71881956b4d48edd5af26a75,1405560
autoland,3870186,13,f36c3750a6bc0db1e2bc910e5f3a3acace5985a7,windows10-64-shippable-qr,True,False,,|f|i|s|s|i|o|n| |w|a|r|m| |w|e|b|r|e|n|d|e|r|,102210fe594ee9b33d82058545b1ed14f4c8206e,ContentfulSpeedIndex,amazon,True,amazon ContentfulSpeedIndex opt fission warm webrender,,77,ms,firefox,453912101,1870692332,2024-04-08T13:49:41,150.1,1b56c653a5ee3a14ec0955b092498999e9333bfa,1405618
autoland,3870186,13,f36c3750a6bc0db1e2bc910e5f3a3acace5985a7,windows10-64-shippable-qr,True,False,,|f|i|s|s|i|o|n| |w|a|r|m| |w|e|b|r|e|n|d|e|r|,102210fe594ee9b33d82058545b1ed14f4c8206e,ContentfulSpeedIndex,amazon,True,amazon ContentfulSpeedIndex opt fission warm webrender,,77,ms,firefox,454017029,1871099002,2024-04-08T16:11:07,165.8,a549052e0246a7e3e6baecb8a5f7263439d50fd0,1405753
autoland,3870186,13,f36c3750a6bc0db1e2bc910e5f3a3acace5985a7,windows10-64-shippable-qr,True,False,,|f|i|s|s|i|o|n| |w|a|r|m| |w|e|b|r|e|n|d|e|r|,102210fe594ee9b33d82058545b1ed14f4c8206e,ContentfulSpeedIndex,amazon,True,amazon ContentfulSpeedIndex opt fission warm webrender,,77,ms,firefox,454015236,1871071985,2024-04-08T16:13:31,140.8,001953f12562956ffc0597c918c17ede0f6ef2d7,1405755
autoland,3870186,13,f36c3750a6bc0db1e2bc910e5f3a3acace5985a7,windows10-64-shippable-qr,True,False,,|f|i|s|s|i|o|n| |w|a|r|m| |w|e|b|r|e|n|d|e|r|,102210fe594ee9b33d82058545b1ed14f4c8206e,ContentfulSpeedIndex,amazon,True,amazon ContentfulSpeedIndex opt fission warm webrender,,77,ms,firefox,453960309,1870839759,2024-04-08T19:08:45,165.3,79551503d77c8353439905d86ec3033546f0c874,1405880
autoland,3870186,13,f36c3750a6bc0db1e2bc910e5f3a3acace5985a7,windows10-64-shippable-qr,True,False,,|f|i|s|s|i|o|n| |w|a|r|m| |w|e|b|r|e|n|d|e|r|,102210fe594ee9b33d82058545b1ed14f4c8206e,ContentfulSpeedIndex,amazon,True,amazon ContentfulSpeedIndex opt fission warm webrender,,77,ms,firefox,453997956,1870980165,2024-04-08T23:24:57,137.2,c19d16f89e851b3d8052fb11a8e8f0ae3f4cb9b7,1406026
autoland,3870186,13,f36c3750a6bc0db1e2bc910e5f3a3acace5985a7,windows10-64-shippable-qr,True,False,,|f|i|s|s|i|o|n| |w|a|r|m| |w|e|b|r|e|n|d|e|r|,102210fe594ee9b33d82058545b1ed14f4c8206e,ContentfulSpeedIndex,amazon,True,amazon ContentfulSpeedIndex opt fission warm webrender,,77,ms,firefox,454020182,1871142731,2024-04-09T06:15:12,175.3,643848d855ebb8ab8d9d7009ca7ce9d21d267b34,1406147
autoland,3870186,13,f36c3750a6bc0db1e2bc910e5f3a3acace5985a7,windows10-64-shippable-qr,True,False,,|f|i|s|s|i|o|n| |w|a|r|m| |w|e|b|r|e|n|d|e|r|,102210fe594ee9b33d82058545b1ed14f4c8206e,ContentfulSpeedIndex,amazon,True,amazon ContentfulSpeedIndex opt fission warm webrender,,77,ms,firefox,454046590,1871239016,2024-04-09T10:19:15,164.3,7cd4aaac69823ebb7b440d4e14d05275ba50a073,1406264
autoland,3870186,13,f36c3750a6bc0db1e2bc910e5f3a3acace5985a7,windows10-64-shippable-qr,True,False,,|f|i|s|s|i|o|n| |w|a|r|m| |w|e|b|r|e|n|d|e|r|,102210fe594ee9b33d82058545b1ed14f4c8206e,ContentfulSpeedIndex,amazon,True,amazon ContentfulSpeedIndex opt fission warm webrender,,77,ms,firefox,454142722,1871749236,2024-04-09T13:18:22,170.4,d74b7b0696b5cf43a1196eb49d3ee3d6fd5be939,1406384
autoland,3870186,13,f36c3750a6bc0db1e2bc910e5f3a3acace5985a7,windows10-64-shippable-qr,True,False,,|f|i|s|s|i|o|n| |w|a|r|m| |w|e|b|r|e|n|d|e|r|,102210fe594ee9b33d82058545b1ed14f4c8206e,ContentfulSpeedIndex,amazon,True,amazon ContentfulSpeedIndex opt fission warm webrender,,77,ms,firefox,454141846,1871722631,2024-04-09T13:31:54,170.4,4f295f84763cdb0699eaf30eb9984e7fe1de74e5,1406402
autoland,3870186,13,f36c3750a6bc0db1e2bc910e5f3a3acace5985a7,windows10-64-shippable-qr,True,False,,|f|i|s|s|i|o|n| |w|a|r|m| |w|e|b|r|e|n|d|e|r|,102210fe594ee9b33d82058545b1ed14f4c8206e,ContentfulSpeedIndex,amazon,True,amazon ContentfulSpeedIndex opt fission warm webrender,,77,ms,firefox,454084822,1871426126,2024-04-09T14:26:21,166.7,34fef7e7706b912024aa3ba8826647e5ddc0a0ab,1406452
autoland,3870186,13,f36c3750a6bc0db1e2bc910e5f3a3acace5985a7,windows10-64-shippable-qr,True,False,,|f|i|s|s|i|o|n| |w|a|r|m| |w|e|b|r|e|n|d|e|r|,102210fe594ee9b33d82058545b1ed14f4c8206e,ContentfulSpeedIndex,amazon,True,amazon ContentfulSpeedIndex opt fission warm webrender,,77,ms,firefox,454142327,1871742437,2024-04-09T16:33:24,174.5,c3cd9a2f257b5976229a43d8d3cff6d96d02fe11,1406558
autoland,3870186,13,f36c3750a6bc0db1e2bc910e5f3a3acace5985a7,windows10-64-shippable-qr,True,False,,|f|i|s|s|i|o|n| |w|a|r|m| |w|e|b|r|e|n|d|e|r|,102210fe594ee9b33d82058545b1ed14f4c8206e,ContentfulSpeedIndex,amazon,True,amazon ContentfulSpeedIndex opt fission warm webrender,,77,ms,firefox,454141633,1871713863,2024-04-09T16:41:46,259.5,0952e6765442e7b623010cc9b7b52ebee241bd40,1406566
autoland,3870186,13,f36c3750a6bc0db1e2bc910e5f3a3acace5985a7,windows10-64-shippable-qr,True,False,,|f|i|s|s|i|o|n| |w|a|r|m| |w|e|b|r|e|n|d|e|r|,102210fe594ee9b33d82058545b1ed14f4c8206e,ContentfulSpeedIndex,amazon,True,amazon ContentfulSpeedIndex opt fission warm webrender,,77,ms,firefox,454089151,1871469250,2024-04-09T17:03:26,263.2,e3c9c90141d0f6b39792470ce489a5af6123cc15,1406581
autoland,3870186,13,f36c3750a6bc0db1e2bc910e5f3a3acace5985a7,windows10-64-shippable-qr,True,False,,|f|i|s|s|i|o|n| |w|a|r|m| |w|e|b|r|e|n|d|e|r|,102210fe594ee9b33d82058545b1ed14f4c8206e,ContentfulSpeedIndex,amazon,True,amazon ContentfulSpeedIndex opt fission warm webrender,,77,ms,firefox,454113128,1871552102,2024-04-09T20:18:20,249.1,42fe954d2d47356658d58a292876a6f15d6cbc51,1406718
autoland,3870186,13,f36c3750a6bc0db1e2bc910e5f3a3acace5985a7,windows10-64-shippable-qr,True,False,,|f|i|s|s|i|o|n| |w|a|r|m| |w|e|b|r|e|n|d|e|r|,102210fe594ee9b33d82058545b1ed14f4c8206e,ContentfulSpeedIndex,amazon,True,amazon ContentfulSpeedIndex opt fission warm webrender,,77,ms,firefox,454135020,1871658628,2024-04-10T00:18:40,241.2,c6228adca1a9c453ab8514c86ee26ee9a7903d27,1406841
autoland,3870186,13,f36c3750a6bc0db1e2bc910e5f3a3acace5985a7,windows10-64-shippable-qr,True,False,,|f|i|s|s|i|o|n| |w|a|r|m| |w|e|b|r|e|n|d|e|r|,102210fe594ee9b33d82058545b1ed14f4c8206e,ContentfulSpeedIndex,amazon,True,amazon ContentfulSpeedIndex opt fission warm webrender,,77,ms,firefox,454142002,1871732357,2024-04-10T05:00:45,249.6,a3f0d7e2d176a84f97e08088b78e1abe8da0a5f7,1406899
autoland,3870186,13,f36c3750a6bc0db1e2bc910e5f3a3acace5985a7,windows10-64-shippable-qr,True,False,,|f|i|s|s|i|o|n| |w|a|r|m| |w|e|b|r|e|n|d|e|r|,102210fe594ee9b33d82058545b1ed14f4c8206e,ContentfulSpeedIndex,amazon,True,amazon ContentfulSpeedIndex opt fission warm webrender,,77,ms,firefox,454158771,1871808629,2024-04-10T09:31:15,246.5,cb449d228d38790ba76f64d551817f6a804c044e,1406973
autoland,3870186,13,f36c3750a6bc0db1e2bc910e5f3a3acace5985a7,windows10-64-shippable-qr,True,False,,|f|i|s|s|i|o|n| |w|a|r|m| |w|e|b|r|e|n|d|e|r|,102210fe594ee9b33d82058545b1ed14f4c8206e,ContentfulSpeedIndex,amazon,True,amazon ContentfulSpeedIndex opt fission warm webrender,,77,ms,firefox,454267968,1872365410,2024-04-10T13:14:00,263.7,17662e43cc8542dd0a35b099169dfcc2b23b2d59,1407072
autoland,3870186,13,f36c3750a6bc0db1e2bc910e5f3a3acace5985a7,windows10-64-shippable-qr,True,False,,|f|i|s|s|i|o|n| |w|a|r|m| |w|e|b|r|e|n|d|e|r|,102210fe594ee9b33d82058545b1ed14f4c8206e,ContentfulSpeedIndex,amazon,True,amazon ContentfulSpeedIndex opt fission warm webrender,,77,ms,firefox,454189349,1871920021,2024-04-10T13:31:55,245.9,53228f89fadff09aff9d51b46652c77d94059014,1407087
autoland,3870186,13,f36c3750a6bc0db1e2bc910e5f3a3acace5985a7,windows10-64-shippable-qr,True,False,,|f|i|s|s|i|o|n| |w|a|r|m| |w|e|b|r|e|n|d|e|r|,102210fe594ee9b33d82058545b1ed14f4c8206e,ContentfulSpeedIndex,amazon,True,amazon ContentfulSpeedIndex opt fission warm webrender,,77,ms,firefox,454209582,1872029504,2024-04-10T17:21:37,236.9,a30d53cfa601940935af0c765cccbdde2178bb67,1407259
autoland,3870186,13,f36c3750a6bc0db1e2bc910e5f3a3acace5985a7,windows10-64-shippable-qr,True,False,,|f|i|s|s|i|o|n| |w|a|r|m| |w|e|b|r|e|n|d|e|r|,102210fe594ee9b33d82058545b1ed14f4c8206e,ContentfulSpeedIndex,amazon,True,amazon ContentfulSpeedIndex opt fission warm webrender,,77,ms,firefox,454268466,1872406639,2024-04-10T17:51:13,254.1,658f4b57b8ecb99f066d0c342241810adb16c5b7,1407289
autoland,3870186,13,f36c3750a6bc0db1e2bc910e5f3a3acace5985a7,windows10-64-shippable-qr,True,False,,|f|i|s|s|i|o|n| |w|a|r|m| |w|e|b|r|e|n|d|e|r|,102210fe594ee9b33d82058545b1ed14f4c8206e,ContentfulSpeedIndex,amazon,True,amazon ContentfulSpeedIndex opt fission warm webrender,,77,ms,firefox,454268122,1872373192,2024-04-10T18:14:03,256.9,df5d696fe260420dcfaa26f75edc59908f157545,1407304
autoland,3870186,13,f36c3750a6bc0db1e2bc910e5f3a3acace5985a7,windows10-64-shippable-qr,True,False,,|f|i|s|s|i|o|n| |w|a|r|m| |w|e|b|r|e|n|d|e|r|,102210fe594ee9b33d82058545b1ed14f4c8206e,ContentfulSpeedIndex,amazon,True,amazon ContentfulSpeedIndex opt fission warm webrender,,77,ms,firefox,454268352,1872392313,2024-04-10T19:30:38,272.7,399bfc5051b26618286e3ba39745bc52ad99fcbd,1407363
autoland,3870186,13,f36c3750a6bc0db1e2bc910e5f3a3acace5985a7,windows10-64-shippable-qr,True,False,,|f|i|s|s|i|o|n| |w|a|r|m| |w|e|b|r|e|n|d|e|r|,102210fe594ee9b33d82058545b1ed14f4c8206e,ContentfulSpeedIndex,amazon,True,amazon ContentfulSpeedIndex opt fission warm webrender,,77,ms,firefox,454267824,1872359186,2024-04-10T19:31:26,256.9,1b6bb55f1ad9e598178ec9d9e3659e43ae01f879,1407365
autoland,3870186,13,f36c3750a6bc0db1e2bc910e5f3a3acace5985a7,windows10-64-shippable-qr,True,False,,|f|i|s|s|i|o|n| |w|a|r|m| |w|e|b|r|e|n|d|e|r|,102210fe594ee9b33d82058545b1ed14f4c8206e,ContentfulSpeedIndex,amazon,True,amazon ContentfulSpeedIndex opt fission warm webrender,,77,ms,firefox,454235821,1872166119,2024-04-10T20:55:18,253.4,bc425d90bbe9987cc754323772553d4be3e6de83,1407422
autoland,3870186,13,f36c3750a6bc0db1e2bc910e5f3a3acace5985a7,windows10-64-shippable-qr,True,False,,|f|i|s|s|i|o|n| |w|a|r|m| |w|e|b|r|e|n|d|e|r|,102210fe594ee9b33d82058545b1ed14f4c8206e,ContentfulSpeedIndex,amazon,True,amazon ContentfulSpeedIndex opt fission warm webrender,,77,ms,firefox,454256445,1872288629,2024-04-11T01:15:30,243.6,1ae79ee05e2fe6a64e1916d65c78979921af1e5e,1407545
autoland,3870186,13,f36c3750a6bc0db1e2bc910e5f3a3acace5985a7,windows10-64-shippable-qr,True,False,,|f|i|s|s|i|o|n| |w|a|r|m| |w|e|b|r|e|n|d|e|r|,102210fe594ee9b33d82058545b1ed14f4c8206e,ContentfulSpeedIndex,amazon,True,amazon ContentfulSpeedIndex opt fission warm webrender,,77,ms,firefox,454275147,1872435595,2024-04-11T06:36:24,283.7,7a8a0223fffe0f06dd2e7aad79bf1920cf1430c0,1407612
autoland,3870186,13,f36c3750a6bc0db1e2bc910e5f3a3acace5985a7,windows10-64-shippable-qr,True,False,,|f|i|s|s|i|o|n| |w|a|r|m| |w|e|b|r|e|n|d|e|r|,102210fe594ee9b33d82058545b1ed14f4c8206e,ContentfulSpeedIndex,amazon,True,amazon ContentfulSpeedIndex opt fission warm webrender,,77,ms,firefox,454308584,1872654687,2024-04-11T11:27:44,262.0,747c6705d00627b032063055173575d6e6043880,1407747
autoland,3870186,13,f36c3750a6bc0db1e2bc910e5f3a3acace5985a7,windows10-64-shippable-qr,True,False,,|f|i|s|s|i|o|n| |w|a|r|m| |w|e|b|r|e|n|d|e|r|,102210fe594ee9b33d82058545b1ed14f4c8206e,ContentfulSpeedIndex,amazon,True,amazon ContentfulSpeedIndex opt fission warm webrender,,77,ms,firefox,454325322,1872772248,2024-04-11T15:41:30,246.3,bbca818d6385ef61c987f967ebccfe9df63fc36b,1407834
autoland,3870186,13,f36c3750a6bc0db1e2bc910e5f3a3acace5985a7,windows10-64-shippable-qr,True,False,,|f|i|s|s|i|o|n| |w|a|r|m| |w|e|b|r|e|n|d|e|r|,102210fe594ee9b33d82058545b1ed14f4c8206e,ContentfulSpeedIndex,amazon,True,amazon ContentfulSpeedIndex opt fission warm webrender,,77,ms,firefox,454375715,1873042257,2024-04-11T16:23:59,235.3,a6c95ed12e514ccf3e43f7cf11dfa317ab376543,1407894
autoland,3870186,13,f36c3750a6bc0db1e2bc910e5f3a3acace5985a7,windows10-64-shippable-qr,True,False,,|f|i|s|s|i|o|n| |w|a|r|m| |w|e|b|r|e|n|d|e|r|,102210fe594ee9b33d82058545b1ed14f4c8206e,ContentfulSpeedIndex,amazon,True,amazon ContentfulSpeedIndex opt fission warm webrender,,77,ms,firefox,454376833,1873057361,2024-04-11T16:26:59,273.1,283a71abb547740e1fe56c6d669272379b47afcb,1407898
autoland,3870186,13,f36c3750a6bc0db1e2bc910e5f3a3acace5985a7,windows10-64-shippable-qr,True,False,,|f|i|s|s|i|o|n| |w|a|r|m| |w|e|b|r|e|n|d|e|r|,102210fe594ee9b33d82058545b1ed14f4c8206e,ContentfulSpeedIndex,amazon,True,amazon ContentfulSpeedIndex opt fission warm webrender,,77,ms,firefox,454339459,1872860514,2024-04-11T18:08:24,251.0,036ac9a41b52b5af1836d103d3a7aefad37e2b87,1407970
autoland,3870186,13,f36c3750a6bc0db1e2bc910e5f3a3acace5985a7,windows10-64-shippable-qr,True,False,,|f|i|s|s|i|o|n| |w|a|r|m| |w|e|b|r|e|n|d|e|r|,102210fe594ee9b33d82058545b1ed14f4c8206e,ContentfulSpeedIndex,amazon,True,amazon ContentfulSpeedIndex opt fission warm webrender,,77,ms,firefox,454371819,1872991088,2024-04-11T23:15:25,241.7,90ef908ff18573cca9f4f0e5d676df56875c68b5,1408175
autoland,3870186,13,f36c3750a6bc0db1e2bc910e5f3a3acace5985a7,windows10-64-shippable-qr,True,False,,|f|i|s|s|i|o|n| |w|a|r|m| |w|e|b|r|e|n|d|e|r|,102210fe594ee9b33d82058545b1ed14f4c8206e,ContentfulSpeedIndex,amazon,True,amazon ContentfulSpeedIndex opt fission warm webrender,,77,ms,firefox,454404710,1873197968,2024-04-12T14:13:45,242.2,be4463b26a49bdb9c791eaf7d0b41ff9eb0294d3,1408318
autoland,3870186,13,f36c3750a6bc0db1e2bc910e5f3a3acace5985a7,windows10-64-shippable-qr,True,False,,|f|i|s|s|i|o|n| |w|a|r|m| |w|e|b|r|e|n|d|e|r|,102210fe594ee9b33d82058545b1ed14f4c8206e,ContentfulSpeedIndex,amazon,True,amazon ContentfulSpeedIndex opt fission warm webrender,,77,ms,firefox,454423442,1873301289,2024-04-12T20:21:58,256.3,5e5bc998487f4e6ee9fe6fe52ca5eb66cd37de03,1408379
autoland,3870186,13,f36c3750a6bc0db1e2bc910e5f3a3acace5985a7,windows10-64-shippable-qr,True,False,,|f|i|s|s|i|o|n| |w|a|r|m| |w|e|b|r|e|n|d|e|r|,102210fe594ee9b33d82058545b1ed14f4c8206e,ContentfulSpeedIndex,amazon,True,amazon ContentfulSpeedIndex opt fission warm webrender,,77,ms,firefox,454440838,1873413155,2024-04-13T06:05:05,235.2,39657b697a7ffcda0f07cae917b68f1e84f57d54,1408439
autoland,3870186,13,f36c3750a6bc0db1e2bc910e5f3a3acace5985a7,windows10-64-shippable-qr,True,False,,|f|i|s|s|i|o|n| |w|a|r|m| |w|e|b|r|e|n|d|e|r|,102210fe594ee9b33d82058545b1ed14f4c8206e,ContentfulSpeedIndex,amazon,True,amazon ContentfulSpeedIndex opt fission warm webrender,,77,ms,firefox,454464275,1873516871,2024-04-13T20:36:37,265.5,1dc823d4e96db6fe0450fcb588466eff7038b4cc,1408512
autoland,3870186,13,f36c3750a6bc0db1e2bc910e5f3a3acace5985a7,windows10-64-shippable-qr,True,False,,|f|i|s|s|i|o|n| |w|a|r|m| |w|e|b|r|e|n|d|e|r|,102210fe594ee9b33d82058545b1ed14f4c8206e,ContentfulSpeedIndex,amazon,True,amazon ContentfulSpeedIndex opt fission warm webrender,,77,ms,firefox,454484903,1873668986,2024-04-14T12:41:18,247.9,25a22c2f939167a119d912b3fe61312db879d576,1408562
autoland,3870186,13,f36c3750a6bc0db1e2bc910e5f3a3acace5985a7,windows10-64-shippable-qr,True,False,,|f|i|s|s|i|o|n| |w|a|r|m| |w|e|b|r|e|n|d|e|r|,102210fe594ee9b33d82058545b1ed14f4c8206e,ContentfulSpeedIndex,amazon,True,amazon ContentfulSpeedIndex opt fission warm webrender,,77,ms,firefox,454505973,1873814583,2024-04-15T00:20:26,255.2,8c457b0d7626241855c3c025a2531eb5f00b8cfc,1408605
autoland,3870186,13,f36c3750a6bc0db1e2bc910e5f3a3acace5985a7,windows10-64-shippable-qr,True,False,,|f|i|s|s|i|o|n| |w|a|r|m| |w|e|b|r|e|n|d|e|r|,102210fe594ee9b33d82058545b1ed14f4c8206e,ContentfulSpeedIndex,amazon,True,amazon ContentfulSpeedIndex opt fission warm webrender,,77,ms,firefox,454512111,1873849351,2024-04-15T05:51:41,239.1,4b17d2a2a7ae64b3c8d364d200a6b97cc636dffd,1408627
autoland,3870186,13,f36c3750a6bc0db1e2bc910e5f3a3acace5985a7,windows10-64-shippable-qr,True,False,,|f|i|s|s|i|o|n| |w|a|r|m| |w|e|b|r|e|n|d|e|r|,102210fe594ee9b33d82058545b1ed14f4c8206e,ContentfulSpeedIndex,amazon,True,amazon ContentfulSpeedIndex opt fission warm webrender,,77,ms,firefox,454540172,1873983262,2024-04-15T10:25:42,252.0,177f569e862519d4372977ba20b630f95e24ef1c,1408738
autoland,3870186,13,f36c3750a6bc0db1e2bc910e5f3a3acace5985a7,windows10-64-shippable-qr,True,False,,|f|i|s|s|i|o|n| |w|a|r|m| |w|e|b|r|e|n|d|e|r|,102210fe594ee9b33d82058545b1ed14f4c8206e,ContentfulSpeedIndex,amazon,True,amazon ContentfulSpeedIndex opt fission warm webrender,,77,ms,firefox,454575151,1874097510,2024-04-15T14:58:12,226.1,4897460458d13272e6016fd9e4c184c3c41cbd74,1408898
autoland,3870186,13,f36c3750a6bc0db1e2bc910e5f3a3acace5985a7,windows10-64-shippable-qr,True,False,,|f|i|s|s|i|o|n| |w|a|r|m| |w|e|b|r|e|n|d|e|r|,102210fe594ee9b33d82058545b1ed14f4c8206e,ContentfulSpeedIndex,amazon,True,amazon ContentfulSpeedIndex opt fission warm webrender,,77,ms,firefox,454611583,1874279205,2024-04-15T18:18:39,271.7,d49ecc17e4ae83fbccee8ffbe50a119039d1e408,1409057
autoland,3870186,13,f36c3750a6bc0db1e2bc910e5f3a3acace5985a7,windows10-64-shippable-qr,True,False,,|f|i|s|s|i|o|n| |w|a|r|m| |w|e|b|r|e|n|d|e|r|,102210fe594ee9b33d82058545b1ed14f4c8206e,ContentfulSpeedIndex,amazon,True,amazon ContentfulSpeedIndex opt fission warm webrender,,77,ms,firefox,454619666,1874330272,2024-04-15T20:13:44,253.1,8d488b7ac977a67ba128a580f6959fe058df2fe5,1409141
autoland,3870186,13,f36c3750a6bc0db1e2bc910e5f3a3acace5985a7,windows10-64-shippable-qr,True,False,,|f|i|s|s|i|o|n| |w|a|r|m| |w|e|b|r|e|n|d|e|r|,102210fe594ee9b33d82058545b1ed14f4c8206e,ContentfulSpeedIndex,amazon,True,amazon ContentfulSpeedIndex opt fission warm webrender,,77,ms,firefox,454632146,1874403976,2024-04-15T21:50:25,246.0,547363a98ae60f0645c5cc21aeecffb7e0ddb047,1409212
autoland,3870186,13,f36c3750a6bc0db1e2bc910e5f3a3acace5985a7,windows10-64-shippable-qr,True,False,,|f|i|s|s|i|o|n| |w|a|r|m| |w|e|b|r|e|n|d|e|r|,102210fe594ee9b33d82058545b1ed14f4c8206e,ContentfulSpeedIndex,amazon,True,amazon ContentfulSpeedIndex opt fission warm webrender,,77,ms,firefox,454646266,1874462968,2024-04-16T00:41:18,239.2,5a31505f08c64efa6eb7a8ed02d5e9c0db448e37,1409277
autoland,3870186,13,f36c3750a6bc0db1e2bc910e5f3a3acace5985a7,windows10-64-shippable-qr,True,False,,|f|i|s|s|i|o|n| |w|a|r|m| |w|e|b|r|e|n|d|e|r|,102210fe594ee9b33d82058545b1ed14f4c8206e,ContentfulSpeedIndex,amazon,True,amazon ContentfulSpeedIndex opt fission warm webrender,,77,ms,firefox,454675847,1874584228,2024-04-16T05:04:40,248.7,69a1a1d802b357216fef131d6ad99816defddc1f,1409360
autoland,3870186,13,f36c3750a6bc0db1e2bc910e5f3a3acace5985a7,windows10-64-shippable-qr,True,False,,|f|i|s|s|i|o|n| |w|a|r|m| |w|e|b|r|e|n|d|e|r|,102210fe594ee9b33d82058545b1ed14f4c8206e,ContentfulSpeedIndex,amazon,True,amazon ContentfulSpeedIndex opt fission warm webrender,,77,ms,firefox,454698577,1874657363,2024-04-16T09:18:49,275.5,2949cb403e680d76f7bcb101117ceefeb480b064,1409480
autoland,3870186,13,f36c3750a6bc0db1e2bc910e5f3a3acace5985a7,windows10-64-shippable-qr,True,False,,|f|i|s|s|i|o|n| |w|a|r|m| |w|e|b|r|e|n|d|e|r|,102210fe594ee9b33d82058545b1ed14f4c8206e,ContentfulSpeedIndex,amazon,True,amazon ContentfulSpeedIndex opt fission warm webrender,,77,ms,firefox,454713903,1874731074,2024-04-16T13:28:04,239.2,11d1c89ad8b2dad0cee1caf733cd833e448945eb,1409649
autoland,3870186,13,f36c3750a6bc0db1e2bc910e5f3a3acace5985a7,windows10-64-shippable-qr,True,False,,|f|i|s|s|i|o|n| |w|a|r|m| |w|e|b|r|e|n|d|e|r|,102210fe594ee9b33d82058545b1ed14f4c8206e,ContentfulSpeedIndex,amazon,True,amazon ContentfulSpeedIndex opt fission warm webrender,,77,ms,firefox,454741439,1874906322,2024-04-16T17:33:30,259.9,12c7f0b00cd7ce4e2edde6ff37daf12e807388b1,1409875
autoland,3870186,13,f36c3750a6bc0db1e2bc910e5f3a3acace5985a7,windows10-64-shippable-qr,True,False,,|f|i|s|s|i|o|n| |w|a|r|m| |w|e|b|r|e|n|d|e|r|,102210fe594ee9b33d82058545b1ed14f4c8206e,ContentfulSpeedIndex,amazon,True,amazon ContentfulSpeedIndex opt fission warm webrender,,77,ms,firefox,454760243,1874983641,2024-04-16T20:13:25,242.6,852d3945e38d8d16c4cf17918e862882d7ef363c,1409984
autoland,3870186,13,f36c3750a6bc0db1e2bc910e5f3a3acace5985a7,windows10-64-shippable-qr,True,False,,|f|i|s|s|i|o|n| |w|a|r|m| |w|e|b|r|e|n|d|e|r|,102210fe594ee9b33d82058545b1ed14f4c8206e,ContentfulSpeedIndex,amazon,True,amazon ContentfulSpeedIndex opt fission warm webrender,,77,ms,firefox,454778103,1875074452,2024-04-17T00:00:12,233.2,3f5bf473ca3cf95233298d16ad833028500755e6,1410132
autoland,3870186,13,f36c3750a6bc0db1e2bc910e5f3a3acace5985a7,windows10-64-shippable-qr,True,False,,|f|i|s|s|i|o|n| |w|a|r|m| |w|e|b|r|e|n|d|e|r|,102210fe594ee9b33d82058545b1ed14f4c8206e,ContentfulSpeedIndex,amazon,True,amazon ContentfulSpeedIndex opt fission warm webrender,,77,ms,firefox,454795256,1875210460,2024-04-17T04:14:52,250.7,7900ea0538965c6aba695fd896a6e2833d781007,1410204
autoland,3870186,13,f36c3750a6bc0db1e2bc910e5f3a3acace5985a7,windows10-64-shippable-qr,True,False,,|f|i|s|s|i|o|n| |w|a|r|m| |w|e|b|r|e|n|d|e|r|,102210fe594ee9b33d82058545b1ed14f4c8206e,ContentfulSpeedIndex,amazon,True,amazon ContentfulSpeedIndex opt fission warm webrender,,77,ms,firefox,455064325,1876306212,2024-04-17T05:54:41,245.5,8f54abceb41285dbd1f5861c2a40c140b525d09f,1410256
autoland,3870186,13,f36c3750a6bc0db1e2bc910e5f3a3acace5985a7,windows10-64-shippable-qr,True,False,,|f|i|s|s|i|o|n| |w|a|r|m| |w|e|b|r|e|n|d|e|r|,102210fe594ee9b33d82058545b1ed14f4c8206e,ContentfulSpeedIndex,amazon,True,amazon ContentfulSpeedIndex opt fission warm webrender,,77,ms,firefox,455064332,1876304130,2024-04-17T06:00:10,247.9,54882b6de6ac255482abf21e352f2337a1317d3f,1410263
autoland,3870186,13,f36c3750a6bc0db1e2bc910e5f3a3acace5985a7,windows10-64-shippable-qr,True,False,,|f|i|s|s|i|o|n| |w|a|r|m| |w|e|b|r|e|n|d|e|r|,102210fe594ee9b33d82058545b1ed14f4c8206e,ContentfulSpeedIndex,amazon,True,amazon ContentfulSpeedIndex opt fission warm webrender,,77,ms,firefox,455064334,1876304311,2024-04-17T06:10:00,236.6,d06a0d7b341361ec7d0e996636f94a7ebd68b92e,1410269
autoland,3870186,13,f36c3750a6bc0db1e2bc910e5f3a3acace5985a7,windows10-64-shippable-qr,True,False,,|f|i|s|s|i|o|n| |w|a|r|m| |w|e|b|r|e|n|d|e|r|,102210fe594ee9b33d82058545b1ed14f4c8206e,ContentfulSpeedIndex,amazon,True,amazon ContentfulSpeedIndex opt fission warm webrender,,77,ms,firefox,455064333,1876304566,2024-04-17T06:37:03,244.1,49173cd81959965c40da1c118222982251808de9,1410282
autoland,3870186,13,f36c3750a6bc0db1e2bc910e5f3a3acace5985a7,windows10-64-shippable-qr,True,False,,|f|i|s|s|i|o|n| |w|a|r|m| |w|e|b|r|e|n|d|e|r|,102210fe594ee9b33d82058545b1ed14f4c8206e,ContentfulSpeedIndex,amazon,True,amazon ContentfulSpeedIndex opt fission warm webrender,,77,ms,firefox,455064618,1876309669,2024-04-17T06:57:25,255.1,d84071c6cd69ab725f41c9bed52859b829428cc3,1410295
autoland,3870186,13,f36c3750a6bc0db1e2bc910e5f3a3acace5985a7,windows10-64-shippable-qr,True,False,,|f|i|s|s|i|o|n| |w|a|r|m| |w|e|b|r|e|n|d|e|r|,102210fe594ee9b33d82058545b1ed14f4c8206e,ContentfulSpeedIndex,amazon,True,amazon ContentfulSpeedIndex opt fission warm webrender,,77,ms,firefox,455064615,1876309507,2024-04-17T07:15:48,249.5,a706b1096e71123c674ba811cc6de7759dcd00ab,1410300
autoland,3870186,13,f36c3750a6bc0db1e2bc910e5f3a3acace5985a7,windows10-64-shippable-qr,True,False,,|f|i|s|s|i|o|n| |w|a|r|m| |w|e|b|r|e|n|d|e|r|,102210fe594ee9b33d82058545b1ed14f4c8206e,ContentfulSpeedIndex,amazon,True,amazon ContentfulSpeedIndex opt fission warm webrender,,77,ms,firefox,455064373,1876305191,2024-04-17T07:18:32,235.4,0ce0da12b3849f5971c960737900ea40a947257c,1410301
autoland,3870186,13,f36c3750a6bc0db1e2bc910e5f3a3acace5985a7,windows10-64-shippable-qr,True,False,,|f|i|s|s|i|o|n| |w|a|r|m| |w|e|b|r|e|n|d|e|r|,102210fe594ee9b33d82058545b1ed14f4c8206e,ContentfulSpeedIndex,amazon,True,amazon ContentfulSpeedIndex opt fission warm webrender,,77,ms,firefox,455064684,1876310615,2024-04-17T07:21:45,241.8,02984a993985c17e8479d7a93d17bd0413b1b015,1410304
autoland,3870186,13,f36c3750a6bc0db1e2bc910e5f3a3acace5985a7,windows10-64-shippable-qr,True,False,,|f|i|s|s|i|o|n| |w|a|r|m| |w|e|b|r|e|n|d|e|r|,102210fe594ee9b33d82058545b1ed14f4c8206e,ContentfulSpeedIndex,amazon,True,amazon ContentfulSpeedIndex opt fission warm webrender,,77,ms,firefox,455064376,1876304722,2024-04-17T07:48:42,242.6,b4e35a7df811321a5d6d5dbb873a5362ddbbd187,1410327
autoland,3870186,13,f36c3750a6bc0db1e2bc910e5f3a3acace5985a7,windows10-64-shippable-qr,True,False,,|f|i|s|s|i|o|n| |w|a|r|m| |w|e|b|r|e|n|d|e|r|,102210fe594ee9b33d82058545b1ed14f4c8206e,ContentfulSpeedIndex,amazon,True,amazon ContentfulSpeedIndex opt fission warm webrender,,77,ms,firefox,454825692,1875314967,2024-04-17T08:24:06,253.7,acabdf625d68e5d96c49e0eebb5c71f4286e5ffd,1410333
autoland,3870186,13,f36c3750a6bc0db1e2bc910e5f3a3acace5985a7,windows10-64-shippable-qr,True,False,,|f|i|s|s|i|o|n| |w|a|r|m| |w|e|b|r|e|n|d|e|r|,102210fe594ee9b33d82058545b1ed14f4c8206e,ContentfulSpeedIndex,amazon,True,amazon ContentfulSpeedIndex opt fission warm webrender,,77,ms,firefox,455064361,1876304846,2024-04-17T12:13:17,231.1,e56df2d029fe69c84c0f27dbbb4a026ececffa36,1410483
autoland,3870186,13,f36c3750a6bc0db1e2bc910e5f3a3acace5985a7,windows10-64-shippable-qr,True,False,,|f|i|s|s|i|o|n| |w|a|r|m| |w|e|b|r|e|n|d|e|r|,102210fe594ee9b33d82058545b1ed14f4c8206e,ContentfulSpeedIndex,amazon,True,amazon ContentfulSpeedIndex opt fission warm webrender,,77,ms,firefox,455064446,1876305332,2024-04-17T12:20:21,258.7,deb09f084bed8d864586fba5a9b00f72faf04b8d,1410484
autoland,3870186,13,f36c3750a6bc0db1e2bc910e5f3a3acace5985a7,windows10-64-shippable-qr,True,False,,|f|i|s|s|i|o|n| |w|a|r|m| |w|e|b|r|e|n|d|e|r|,102210fe594ee9b33d82058545b1ed14f4c8206e,ContentfulSpeedIndex,amazon,True,amazon ContentfulSpeedIndex opt fission warm webrender,,77,ms,firefox,455064375,1876305105,2024-04-17T12:23:52,245.7,adf333b4e3600a7d4de1d87a3ce75684ba78f665,1410485
autoland,3870186,13,f36c3750a6bc0db1e2bc910e5f3a3acace5985a7,windows10-64-shippable-qr,True,False,,|f|i|s|s|i|o|n| |w|a|r|m| |w|e|b|r|e|n|d|e|r|,102210fe594ee9b33d82058545b1ed14f4c8206e,ContentfulSpeedIndex,amazon,True,amazon ContentfulSpeedIndex opt fission warm webrender,,77,ms,firefox,455064428,1876305590,2024-04-17T12:25:25,235.3,bc27c16fb2fa32869b2f604c68a694030d9d627b,1410487
autoland,3870186,13,f36c3750a6bc0db1e2bc910e5f3a3acace5985a7,windows10-64-shippable-qr,True,False,,|f|i|s|s|i|o|n| |w|a|r|m| |w|e|b|r|e|n|d|e|r|,102210fe594ee9b33d82058545b1ed14f4c8206e,ContentfulSpeedIndex,amazon,True,amazon ContentfulSpeedIndex opt fission warm webrender,,77,ms,firefox,455064444,1876305507,2024-04-17T12:25:25,264.1,bc27c16fb2fa32869b2f604c68a694030d9d627b,1410487
autoland,3870186,13,f36c3750a6bc0db1e2bc910e5f3a3acace5985a7,windows10-64-shippable-qr,True,False,,|f|i|s|s|i|o|n| |w|a|r|m| |w|e|b|r|e|n|d|e|r|,102210fe594ee9b33d82058545b1ed14f4c8206e,ContentfulSpeedIndex,amazon,True,amazon ContentfulSpeedIndex opt fission warm webrender,,77,ms,firefox,455064377,1876304935,2024-04-17T12:27:00,243.1,0434b6d7945911ac7ebea7f0967baa7f3bec8e98,1410490
autoland,3870186,13,f36c3750a6bc0db1e2bc910e5f3a3acace5985a7,windows10-64-shippable-qr,True,False,,|f|i|s|s|i|o|n| |w|a|r|m| |w|e|b|r|e|n|d|e|r|,102210fe594ee9b33d82058545b1ed14f4c8206e,ContentfulSpeedIndex,amazon,True,amazon ContentfulSpeedIndex opt fission warm webrender,,77,ms,firefox,455064425,1876307983,2024-04-17T12:28:38,278.4,53c4aa0972c84d3437630db28f0b8c84bbc2f3cf,1410491
autoland,3870186,13,f36c3750a6bc0db1e2bc910e5f3a3acace5985a7,windows10-64-shippable-qr,True,False,,|f|i|s|s|i|o|n| |w|a|r|m| |w|e|b|r|e|n|d|e|r|,102210fe594ee9b33d82058545b1ed14f4c8206e,ContentfulSpeedIndex,amazon,True,amazon ContentfulSpeedIndex opt fission warm webrender,,77,ms,firefox,455064450,1876305730,2024-04-17T12:28:38,272.3,53c4aa0972c84d3437630db28f0b8c84bbc2f3cf,1410491
autoland,3870186,13,f36c3750a6bc0db1e2bc910e5f3a3acace5985a7,windows10-64-shippable-qr,True,False,,|f|i|s|s|i|o|n| |w|a|r|m| |w|e|b|r|e|n|d|e|r|,102210fe594ee9b33d82058545b1ed14f4c8206e,ContentfulSpeedIndex,amazon,True,amazon ContentfulSpeedIndex opt fission warm webrender,,77,ms,firefox,455064461,1876305797,2024-04-17T12:30:57,238.9,764c601d648574697c11a84c047f8a953ce81119,1410494
autoland,3870186,13,f36c3750a6bc0db1e2bc910e5f3a3acace5985a7,windows10-64-shippable-qr,True,False,,|f|i|s|s|i|o|n| |w|a|r|m| |w|e|b|r|e|n|d|e|r|,102210fe594ee9b33d82058545b1ed14f4c8206e,ContentfulSpeedIndex,amazon,True,amazon ContentfulSpeedIndex opt fission warm webrender,,77,ms,firefox,455793522,403386,2024-04-17T12:30:57,247.2,764c601d648574697c11a84c047f8a953ce81119,1410494
autoland,3870186,13,f36c3750a6bc0db1e2bc910e5f3a3acace5985a7,windows10-64-shippable-qr,True,False,,|f|i|s|s|i|o|n| |w|a|r|m| |w|e|b|r|e|n|d|e|r|,102210fe594ee9b33d82058545b1ed14f4c8206e,ContentfulSpeedIndex,amazon,True,amazon ContentfulSpeedIndex opt fission warm webrender,,77,ms,firefox,455793526,403506,2024-04-17T12:30:57,247.3,764c601d648574697c11a84c047f8a953ce81119,1410494
autoland,3870186,13,f36c3750a6bc0db1e2bc910e5f3a3acace5985a7,windows10-64-shippable-qr,True,False,,|f|i|s|s|i|o|n| |w|a|r|m| |w|e|b|r|e|n|d|e|r|,102210fe594ee9b33d82058545b1ed14f4c8206e,ContentfulSpeedIndex,amazon,True,amazon ContentfulSpeedIndex opt fission warm webrender,,77,ms,firefox,455793527,403973,2024-04-17T12:30:57,271.6,764c601d648574697c11a84c047f8a953ce81119,1410494
autoland,3870186,13,f36c3750a6bc0db1e2bc910e5f3a3acace5985a7,windows10-64-shippable-qr,True,False,,|f|i|s|s|i|o|n| |w|a|r|m| |w|e|b|r|e|n|d|e|r|,102210fe594ee9b33d82058545b1ed14f4c8206e,ContentfulSpeedIndex,amazon,True,amazon ContentfulSpeedIndex opt fission warm webrender,,77,ms,firefox,455793531,403379,2024-04-17T12:30:57,251.7,764c601d648574697c11a84c047f8a953ce81119,1410494
autoland,3870186,13,f36c3750a6bc0db1e2bc910e5f3a3acace5985a7,windows10-64-shippable-qr,True,False,,|f|i|s|s|i|o|n| |w|a|r|m| |w|e|b|r|e|n|d|e|r|,102210fe594ee9b33d82058545b1ed14f4c8206e,ContentfulSpeedIndex,amazon,True,amazon ContentfulSpeedIndex opt fission warm webrender,,77,ms,firefox,455064445,1876305307,2024-04-17T12:32:12,239.9,2c2feedca51bd43be888ec743969aa8037125f0c,1410495
autoland,3870186,13,f36c3750a6bc0db1e2bc910e5f3a3acace5985a7,windows10-64-shippable-qr,True,False,,|f|i|s|s|i|o|n| |w|a|r|m| |w|e|b|r|e|n|d|e|r|,102210fe594ee9b33d82058545b1ed14f4c8206e,ContentfulSpeedIndex,amazon,True,amazon ContentfulSpeedIndex opt fission warm webrender,,77,ms,firefox,455793528,404058,2024-04-17T12:32:12,249.9,2c2feedca51bd43be888ec743969aa8037125f0c,1410495
autoland,3870186,13,f36c3750a6bc0db1e2bc910e5f3a3acace5985a7,windows10-64-shippable-qr,True,False,,|f|i|s|s|i|o|n| |w|a|r|m| |w|e|b|r|e|n|d|e|r|,102210fe594ee9b33d82058545b1ed14f4c8206e,ContentfulSpeedIndex,amazon,True,amazon ContentfulSpeedIndex opt fission warm webrender,,77,ms,firefox,455793534,403717,2024-04-17T12:32:12,257.3,2c2feedca51bd43be888ec743969aa8037125f0c,1410495
autoland,3870186,13,f36c3750a6bc0db1e2bc910e5f3a3acace5985a7,windows10-64-shippable-qr,True,False,,|f|i|s|s|i|o|n| |w|a|r|m| |w|e|b|r|e|n|d|e|r|,102210fe594ee9b33d82058545b1ed14f4c8206e,ContentfulSpeedIndex,amazon,True,amazon ContentfulSpeedIndex opt fission warm webrender,,77,ms,firefox,455793561,405972,2024-04-17T12:32:12,231.9,2c2feedca51bd43be888ec743969aa8037125f0c,1410495
autoland,3870186,13,f36c3750a6bc0db1e2bc910e5f3a3acace5985a7,windows10-64-shippable-qr,True,False,,|f|i|s|s|i|o|n| |w|a|r|m| |w|e|b|r|e|n|d|e|r|,102210fe594ee9b33d82058545b1ed14f4c8206e,ContentfulSpeedIndex,amazon,True,amazon ContentfulSpeedIndex opt fission warm webrender,,77,ms,firefox,455793562,405865,2024-04-17T12:32:12,249.4,2c2feedca51bd43be888ec743969aa8037125f0c,1410495
autoland,3870186,13,f36c3750a6bc0db1e2bc910e5f3a3acace5985a7,windows10-64-shippable-qr,True,False,,|f|i|s|s|i|o|n| |w|a|r|m| |w|e|b|r|e|n|d|e|r|,102210fe594ee9b33d82058545b1ed14f4c8206e,ContentfulSpeedIndex,amazon,True,amazon ContentfulSpeedIndex opt fission warm webrender,,77,ms,firefox,454960516,1875868602,2024-04-17T12:34:17,251.4,4bf7684679058a9cea70efbf2306566e43ddbd57,1410496
autoland,3870186,13,f36c3750a6bc0db1e2bc910e5f3a3acace5985a7,windows10-64-shippable-qr,True,False,,|f|i|s|s|i|o|n| |w|a|r|m| |w|e|b|r|e|n|d|e|r|,102210fe594ee9b33d82058545b1ed14f4c8206e,ContentfulSpeedIndex,amazon,True,amazon ContentfulSpeedIndex opt fission warm webrender,,77,ms,firefox,455793530,404145,2024-04-17T12:34:17,241.4,4bf7684679058a9cea70efbf2306566e43ddbd57,1410496
autoland,3870186,13,f36c3750a6bc0db1e2bc910e5f3a3acace5985a7,windows10-64-shippable-qr,True,False,,|f|i|s|s|i|o|n| |w|a|r|m| |w|e|b|r|e|n|d|e|r|,102210fe594ee9b33d82058545b1ed14f4c8206e,ContentfulSpeedIndex,amazon,True,amazon ContentfulSpeedIndex opt fission warm webrender,,77,ms,firefox,455793532,403614,2024-04-17T12:34:17,249.0,4bf7684679058a9cea70efbf2306566e43ddbd57,1410496
autoland,3870186,13,f36c3750a6bc0db1e2bc910e5f3a3acace5985a7,windows10-64-shippable-qr,True,False,,|f|i|s|s|i|o|n| |w|a|r|m| |w|e|b|r|e|n|d|e|r|,102210fe594ee9b33d82058545b1ed14f4c8206e,ContentfulSpeedIndex,amazon,True,amazon ContentfulSpeedIndex opt fission warm webrender,,77,ms,firefox,455793533,403822,2024-04-17T12:34:17,239.9,4bf7684679058a9cea70efbf2306566e43ddbd57,1410496
autoland,3870186,13,f36c3750a6bc0db1e2bc910e5f3a3acace5985a7,windows10-64-shippable-qr,True,False,,|f|i|s|s|i|o|n| |w|a|r|m| |w|e|b|r|e|n|d|e|r|,102210fe594ee9b33d82058545b1ed14f4c8206e,ContentfulSpeedIndex,amazon,True,amazon ContentfulSpeedIndex opt fission warm webrender,,77,ms,firefox,455793535,403811,2024-04-17T12:34:17,239.7,4bf7684679058a9cea70efbf2306566e43ddbd57,1410496
autoland,3870186,13,f36c3750a6bc0db1e2bc910e5f3a3acace5985a7,windows10-64-shippable-qr,True,False,,|f|i|s|s|i|o|n| |w|a|r|m| |w|e|b|r|e|n|d|e|r|,102210fe594ee9b33d82058545b1ed14f4c8206e,ContentfulSpeedIndex,amazon,True,amazon ContentfulSpeedIndex opt fission warm webrender,,77,ms,firefox,454959224,1875848984,2024-04-17T12:37:32,252.1,32f820922a96457623c5707ec70ed65ff3537597,1410498
autoland,3870186,13,f36c3750a6bc0db1e2bc910e5f3a3acace5985a7,windows10-64-shippable-qr,True,False,,|f|i|s|s|i|o|n| |w|a|r|m| |w|e|b|r|e|n|d|e|r|,102210fe594ee9b33d82058545b1ed14f4c8206e,ContentfulSpeedIndex,amazon,True,amazon ContentfulSpeedIndex opt fission warm webrender,,77,ms,firefox,455793556,405644,2024-04-17T12:37:32,250.6,32f820922a96457623c5707ec70ed65ff3537597,1410498
autoland,3870186,13,f36c3750a6bc0db1e2bc910e5f3a3acace5985a7,windows10-64-shippable-qr,True,False,,|f|i|s|s|i|o|n| |w|a|r|m| |w|e|b|r|e|n|d|e|r|,102210fe594ee9b33d82058545b1ed14f4c8206e,ContentfulSpeedIndex,amazon,True,amazon ContentfulSpeedIndex opt fission warm webrender,,77,ms,firefox,455793557,405667,2024-04-17T12:37:32,244.4,32f820922a96457623c5707ec70ed65ff3537597,1410498
autoland,3870186,13,f36c3750a6bc0db1e2bc910e5f3a3acace5985a7,windows10-64-shippable-qr,True,False,,|f|i|s|s|i|o|n| |w|a|r|m| |w|e|b|r|e|n|d|e|r|,102210fe594ee9b33d82058545b1ed14f4c8206e,ContentfulSpeedIndex,amazon,True,amazon ContentfulSpeedIndex opt fission warm webrender,,77,ms,firefox,455793558,405781,2024-04-17T12:37:32,249.8,32f820922a96457623c5707ec70ed65ff3537597,1410498
autoland,3870186,13,f36c3750a6bc0db1e2bc910e5f3a3acace5985a7,windows10-64-shippable-qr,True,False,,|f|i|s|s|i|o|n| |w|a|r|m| |w|e|b|r|e|n|d|e|r|,102210fe594ee9b33d82058545b1ed14f4c8206e,ContentfulSpeedIndex,amazon,True,amazon ContentfulSpeedIndex opt fission warm webrender,,77,ms,firefox,455793559,405531,2024-04-17T12:37:32,246.7,32f820922a96457623c5707ec70ed65ff3537597,1410498
autoland,3870186,13,f36c3750a6bc0db1e2bc910e5f3a3acace5985a7,windows10-64-shippable-qr,True,False,,|f|i|s|s|i|o|n| |w|a|r|m| |w|e|b|r|e|n|d|e|r|,102210fe594ee9b33d82058545b1ed14f4c8206e,ContentfulSpeedIndex,amazon,True,amazon ContentfulSpeedIndex opt fission warm webrender,,77,ms,firefox,455086797,1876450060,2024-04-17T12:38:40,268.4,28b2b5bfbed52785c57ab51bdc7f6b5d62b13003,1410499
autoland,3870186,13,f36c3750a6bc0db1e2bc910e5f3a3acace5985a7,windows10-64-shippable-qr,True,False,,|f|i|s|s|i|o|n| |w|a|r|m| |w|e|b|r|e|n|d|e|r|,102210fe594ee9b33d82058545b1ed14f4c8206e,ContentfulSpeedIndex,amazon,True,amazon ContentfulSpeedIndex opt fission warm webrender,,77,ms,firefox,455083879,1876422516,2024-04-17T12:51:36,255.0,d634cfb9e5d45ce77eca1096f98ce0cd2f36407a,1410509
autoland,3870186,13,f36c3750a6bc0db1e2bc910e5f3a3acace5985a7,windows10-64-shippable-qr,True,False,,|f|i|s|s|i|o|n| |w|a|r|m| |w|e|b|r|e|n|d|e|r|,102210fe594ee9b33d82058545b1ed14f4c8206e,ContentfulSpeedIndex,amazon,True,amazon ContentfulSpeedIndex opt fission warm webrender,,77,ms,firefox,455083777,1876421233,2024-04-17T12:55:06,234.0,22ecb9e0863c0ae792abbd6f972d888929f51914,1410511
autoland,3870186,13,f36c3750a6bc0db1e2bc910e5f3a3acace5985a7,windows10-64-shippable-qr,True,False,,|f|i|s|s|i|o|n| |w|a|r|m| |w|e|b|r|e|n|d|e|r|,102210fe594ee9b33d82058545b1ed14f4c8206e,ContentfulSpeedIndex,amazon,True,amazon ContentfulSpeedIndex opt fission warm webrender,,77,ms,firefox,455710368,1879850474,2024-04-17T12:55:06,249.5,22ecb9e0863c0ae792abbd6f972d888929f51914,1410511
autoland,3870186,13,f36c3750a6bc0db1e2bc910e5f3a3acace5985a7,windows10-64-shippable-qr,True,False,,|f|i|s|s|i|o|n| |w|a|r|m| |w|e|b|r|e|n|d|e|r|,102210fe594ee9b33d82058545b1ed14f4c8206e,ContentfulSpeedIndex,amazon,True,amazon ContentfulSpeedIndex opt fission warm webrender,,77,ms,firefox,455711421,1879852962,2024-04-17T12:55:06,276.5,22ecb9e0863c0ae792abbd6f972d888929f51914,1410511
autoland,3870186,13,f36c3750a6bc0db1e2bc910e5f3a3acace5985a7,windows10-64-shippable-qr,True,False,,|f|i|s|s|i|o|n| |w|a|r|m| |w|e|b|r|e|n|d|e|r|,102210fe594ee9b33d82058545b1ed14f4c8206e,ContentfulSpeedIndex,amazon,True,amazon ContentfulSpeedIndex opt fission warm webrender,,77,ms,firefox,455084552,1876430209,2024-04-17T13:00:36,236.9,59e2426d20ae519403f5ad4f8abaade56e99b830,1410518
autoland,3870186,13,f36c3750a6bc0db1e2bc910e5f3a3acace5985a7,windows10-64-shippable-qr,True,False,,|f|i|s|s|i|o|n| |w|a|r|m| |w|e|b|r|e|n|d|e|r|,102210fe594ee9b33d82058545b1ed14f4c8206e,ContentfulSpeedIndex,amazon,True,amazon ContentfulSpeedIndex opt fission warm webrender,,77,ms,firefox,455083741,1876420597,2024-04-17T13:49:29,248.2,840770947fcc35bf42067016ec0cf66e6dc52d7c,1410565
autoland,3870186,13,f36c3750a6bc0db1e2bc910e5f3a3acace5985a7,windows10-64-shippable-qr,True,False,,|f|i|s|s|i|o|n| |w|a|r|m| |w|e|b|r|e|n|d|e|r|,102210fe594ee9b33d82058545b1ed14f4c8206e,ContentfulSpeedIndex,amazon,True,amazon ContentfulSpeedIndex opt fission warm webrender,,77,ms,firefox,455083933,1876422981,2024-04-17T13:55:38,247.8,80734db4db856f4193100fac7bad89b035a39be6,1410567
autoland,3870186,13,f36c3750a6bc0db1e2bc910e5f3a3acace5985a7,windows10-64-shippable-qr,True,False,,|f|i|s|s|i|o|n| |w|a|r|m| |w|e|b|r|e|n|d|e|r|,102210fe594ee9b33d82058545b1ed14f4c8206e,ContentfulSpeedIndex,amazon,True,amazon ContentfulSpeedIndex opt fission warm webrender,,77,ms,firefox,454874174,1875483372,2024-04-17T13:57:03,243.0,57f6925a520cf97f4af35e42db00435e817475dc,1410569
autoland,3870186,13,f36c3750a6bc0db1e2bc910e5f3a3acace5985a7,windows10-64-shippable-qr,True,False,,|f|i|s|s|i|o|n| |w|a|r|m| |w|e|b|r|e|n|d|e|r|,102210fe594ee9b33d82058545b1ed14f4c8206e,ContentfulSpeedIndex,amazon,True,amazon ContentfulSpeedIndex opt fission warm webrender,,77,ms,firefox,454961326,1875876184,2024-04-17T13:58:01,231.1,9cb15fbf3387b57dedc490cfbdf02cf3837c4fd9,1410571
autoland,3870186,13,f36c3750a6bc0db1e2bc910e5f3a3acace5985a7,windows10-64-shippable-qr,True,False,,|f|i|s|s|i|o|n| |w|a|r|m| |w|e|b|r|e|n|d|e|r|,102210fe594ee9b33d82058545b1ed14f4c8206e,ContentfulSpeedIndex,amazon,True,amazon ContentfulSpeedIndex opt fission warm webrender,,77,ms,firefox,454961397,1875878722,2024-04-17T14:29:06,249.2,975f45b6eb35d30e4fb742aa8d34792a54cb42d7,1410605
autoland,3870186,13,f36c3750a6bc0db1e2bc910e5f3a3acace5985a7,windows10-64-shippable-qr,True,False,,|f|i|s|s|i|o|n| |w|a|r|m| |w|e|b|r|e|n|d|e|r|,102210fe594ee9b33d82058545b1ed14f4c8206e,ContentfulSpeedIndex,amazon,True,amazon ContentfulSpeedIndex opt fission warm webrender,,77,ms,firefox,454962198,1875886656,2024-04-17T16:46:44,251.8,1d9301697aa0ac99d1a7eba6aa3ddefa0327d4c6,1410713
autoland,3870186,13,f36c3750a6bc0db1e2bc910e5f3a3acace5985a7,windows10-64-shippable-qr,True,False,,|f|i|s|s|i|o|n| |w|a|r|m| |w|e|b|r|e|n|d|e|r|,102210fe594ee9b33d82058545b1ed14f4c8206e,ContentfulSpeedIndex,amazon,True,amazon ContentfulSpeedIndex opt fission warm webrender,,77,ms,firefox,454959337,1875852089,2024-04-17T16:47:37,250.8,d58df5e2d05c48b077fbc55bb4c851270a79904b,1410714
autoland,3870186,13,f36c3750a6bc0db1e2bc910e5f3a3acace5985a7,windows10-64-shippable-qr,True,False,,|f|i|s|s|i|o|n| |w|a|r|m| |w|e|b|r|e|n|d|e|r|,102210fe594ee9b33d82058545b1ed14f4c8206e,ContentfulSpeedIndex,amazon,True,amazon ContentfulSpeedIndex opt fission warm webrender,,77,ms,firefox,454896979,1875580301,2024-04-17T18:33:15,243.9,25500210a453fec07cc9d95612bbe778bae07f71,1410800
autoland,3870186,13,f36c3750a6bc0db1e2bc910e5f3a3acace5985a7,windows10-64-shippable-qr,True,False,,|f|i|s|s|i|o|n| |w|a|r|m| |w|e|b|r|e|n|d|e|r|,102210fe594ee9b33d82058545b1ed14f4c8206e,ContentfulSpeedIndex,amazon,True,amazon ContentfulSpeedIndex opt fission warm webrender,,77,ms,firefox,454938539,1875746745,2024-04-18T00:20:10,247.5,1bf7d54b4913d7994ed2ce4b07f0426fc70b4b7e,1411120
autoland,3870186,13,f36c3750a6bc0db1e2bc910e5f3a3acace5985a7,windows10-64-shippable-qr,True,False,,|f|i|s|s|i|o|n| |w|a|r|m| |w|e|b|r|e|n|d|e|r|,102210fe594ee9b33d82058545b1ed14f4c8206e,ContentfulSpeedIndex,amazon,True,amazon ContentfulSpeedIndex opt fission warm webrender,,77,ms,firefox,454954411,1875820069,2024-04-18T03:49:51,269.2,12adf93b9ad4085d4f0b493c368533bb040dce46,1411204
autoland,3870186,13,f36c3750a6bc0db1e2bc910e5f3a3acace5985a7,windows10-64-shippable-qr,True,False,,|f|i|s|s|i|o|n| |w|a|r|m| |w|e|b|r|e|n|d|e|r|,102210fe594ee9b33d82058545b1ed14f4c8206e,ContentfulSpeedIndex,amazon,True,amazon ContentfulSpeedIndex opt fission warm webrender,,77,ms,firefox,455379744,1878150354,2024-04-18T03:49:51,244.3,12adf93b9ad4085d4f0b493c368533bb040dce46,1411204
autoland,3870186,13,f36c3750a6bc0db1e2bc910e5f3a3acace5985a7,windows10-64-shippable-qr,True,False,,|f|i|s|s|i|o|n| |w|a|r|m| |w|e|b|r|e|n|d|e|r|,102210fe594ee9b33d82058545b1ed14f4c8206e,ContentfulSpeedIndex,amazon,True,amazon ContentfulSpeedIndex opt fission warm webrender,,77,ms,firefox,455379746,1878150115,2024-04-18T03:49:51,267.9,12adf93b9ad4085d4f0b493c368533bb040dce46,1411204
autoland,3870186,13,f36c3750a6bc0db1e2bc910e5f3a3acace5985a7,windows10-64-shippable-qr,True,False,,|f|i|s|s|i|o|n| |w|a|r|m| |w|e|b|r|e|n|d|e|r|,102210fe594ee9b33d82058545b1ed14f4c8206e,ContentfulSpeedIndex,amazon,True,amazon ContentfulSpeedIndex opt fission warm webrender,,77,ms,firefox,455379756,1878149968,2024-04-18T03:49:51,277.0,12adf93b9ad4085d4f0b493c368533bb040dce46,1411204
autoland,3870186,13,f36c3750a6bc0db1e2bc910e5f3a3acace5985a7,windows10-64-shippable-qr,True,False,,|f|i|s|s|i|o|n| |w|a|r|m| |w|e|b|r|e|n|d|e|r|,102210fe594ee9b33d82058545b1ed14f4c8206e,ContentfulSpeedIndex,amazon,True,amazon ContentfulSpeedIndex opt fission warm webrender,,77,ms,firefox,455379781,1878150104,2024-04-18T03:49:51,233.8,12adf93b9ad4085d4f0b493c368533bb040dce46,1411204
autoland,3870186,13,f36c3750a6bc0db1e2bc910e5f3a3acace5985a7,windows10-64-shippable-qr,True,False,,|f|i|s|s|i|o|n| |w|a|r|m| |w|e|b|r|e|n|d|e|r|,102210fe594ee9b33d82058545b1ed14f4c8206e,ContentfulSpeedIndex,amazon,True,amazon ContentfulSpeedIndex opt fission warm webrender,,77,ms,firefox,455379786,1878150083,2024-04-18T03:49:51,249.2,12adf93b9ad4085d4f0b493c368533bb040dce46,1411204
autoland,3870186,13,f36c3750a6bc0db1e2bc910e5f3a3acace5985a7,windows10-64-shippable-qr,True,False,,|f|i|s|s|i|o|n| |w|a|r|m| |w|e|b|r|e|n|d|e|r|,102210fe594ee9b33d82058545b1ed14f4c8206e,ContentfulSpeedIndex,amazon,True,amazon ContentfulSpeedIndex opt fission warm webrender,,77,ms,firefox,454970535,1875924333,2024-04-18T07:53:55,259.0,d4cde5148929d0d9587580bca2d37027d7424348,1411277
autoland,3870186,13,f36c3750a6bc0db1e2bc910e5f3a3acace5985a7,windows10-64-shippable-qr,True,False,,|f|i|s|s|i|o|n| |w|a|r|m| |w|e|b|r|e|n|d|e|r|,102210fe594ee9b33d82058545b1ed14f4c8206e,ContentfulSpeedIndex,amazon,True,amazon ContentfulSpeedIndex opt fission warm webrender,,77,ms,firefox,455398674,1878202547,2024-04-18T09:21:38,249.8,7c437aab7fc29fec6926fd0c48d7175316d4ae07,1411327
autoland,3870186,13,f36c3750a6bc0db1e2bc910e5f3a3acace5985a7,windows10-64-shippable-qr,True,False,,|f|i|s|s|i|o|n| |w|a|r|m| |w|e|b|r|e|n|d|e|r|,102210fe594ee9b33d82058545b1ed14f4c8206e,ContentfulSpeedIndex,amazon,True,amazon ContentfulSpeedIndex opt fission warm webrender,,77,ms,firefox,455247131,1877478981,2024-04-18T09:38:15,248.1,cbb58d6663daad1cc75d8b95658d47f3a067ba07,1411346
autoland,3870186,13,f36c3750a6bc0db1e2bc910e5f3a3acace5985a7,windows10-64-shippable-qr,True,False,,|f|i|s|s|i|o|n| |w|a|r|m| |w|e|b|r|e|n|d|e|r|,102210fe594ee9b33d82058545b1ed14f4c8206e,ContentfulSpeedIndex,amazon,True,amazon ContentfulSpeedIndex opt fission warm webrender,,77,ms,firefox,455379581,1878150112,2024-04-18T09:38:15,250.1,cbb58d6663daad1cc75d8b95658d47f3a067ba07,1411346
autoland,3870186,13,f36c3750a6bc0db1e2bc910e5f3a3acace5985a7,windows10-64-shippable-qr,True,False,,|f|i|s|s|i|o|n| |w|a|r|m| |w|e|b|r|e|n|d|e|r|,102210fe594ee9b33d82058545b1ed14f4c8206e,ContentfulSpeedIndex,amazon,True,amazon ContentfulSpeedIndex opt fission warm webrender,,77,ms,firefox,455247146,1877479358,2024-04-18T10:05:52,237.7,9e8387c5478fa2b5b2aa42f0186e73130801d20c,1411362
autoland,3870186,13,f36c3750a6bc0db1e2bc910e5f3a3acace5985a7,windows10-64-shippable-qr,True,False,,|f|i|s|s|i|o|n| |w|a|r|m| |w|e|b|r|e|n|d|e|r|,102210fe594ee9b33d82058545b1ed14f4c8206e,ContentfulSpeedIndex,amazon,True,amazon ContentfulSpeedIndex opt fission warm webrender,,77,ms,firefox,455379574,1878150102,2024-04-18T10:05:52,249.4,9e8387c5478fa2b5b2aa42f0186e73130801d20c,1411362
autoland,3870186,13,f36c3750a6bc0db1e2bc910e5f3a3acace5985a7,windows10-64-shippable-qr,True,False,,|f|i|s|s|i|o|n| |w|a|r|m| |w|e|b|r|e|n|d|e|r|,102210fe594ee9b33d82058545b1ed14f4c8206e,ContentfulSpeedIndex,amazon,True,amazon ContentfulSpeedIndex opt fission warm webrender,,77,ms,firefox,455247134,1877479209,2024-04-18T10:08:47,248.7,5bd40f3aedc559046a8648c04729e920c7c32873,1411367
autoland,3870186,13,f36c3750a6bc0db1e2bc910e5f3a3acace5985a7,windows10-64-shippable-qr,True,False,,|f|i|s|s|i|o|n| |w|a|r|m| |w|e|b|r|e|n|d|e|r|,102210fe594ee9b33d82058545b1ed14f4c8206e,ContentfulSpeedIndex,amazon,True,amazon ContentfulSpeedIndex opt fission warm webrender,,77,ms,firefox,455379573,1878150095,2024-04-18T10:08:47,246.3,5bd40f3aedc559046a8648c04729e920c7c32873,1411367
autoland,3870186,13,f36c3750a6bc0db1e2bc910e5f3a3acace5985a7,windows10-64-shippable-qr,True,False,,|f|i|s|s|i|o|n| |w|a|r|m| |w|e|b|r|e|n|d|e|r|,102210fe594ee9b33d82058545b1ed14f4c8206e,ContentfulSpeedIndex,amazon,True,amazon ContentfulSpeedIndex opt fission warm webrender,,77,ms,firefox,455247212,1877480208,2024-04-18T10:11:43,256.4,e4ff720c8dd837e00b4daf97a54b41ff0330d4b0,1411368
autoland,3870186,13,f36c3750a6bc0db1e2bc910e5f3a3acace5985a7,windows10-64-shippable-qr,True,False,,|f|i|s|s|i|o|n| |w|a|r|m| |w|e|b|r|e|n|d|e|r|,102210fe594ee9b33d82058545b1ed14f4c8206e,ContentfulSpeedIndex,amazon,True,amazon ContentfulSpeedIndex opt fission warm webrender,,77,ms,firefox,455379579,1878149802,2024-04-18T10:11:43,253.2,e4ff720c8dd837e00b4daf97a54b41ff0330d4b0,1411368
autoland,3870186,13,f36c3750a6bc0db1e2bc910e5f3a3acace5985a7,windows10-64-shippable-qr,True,False,,|f|i|s|s|i|o|n| |w|a|r|m| |w|e|b|r|e|n|d|e|r|,102210fe594ee9b33d82058545b1ed14f4c8206e,ContentfulSpeedIndex,amazon,True,amazon ContentfulSpeedIndex opt fission warm webrender,,77,ms,firefox,455247398,1877482924,2024-04-18T10:25:02,247.2,d2a70a81fffa55d9ca13266fd58219349bcb5886,1411376
autoland,3870186,13,f36c3750a6bc0db1e2bc910e5f3a3acace5985a7,windows10-64-shippable-qr,True,False,,|f|i|s|s|i|o|n| |w|a|r|m| |w|e|b|r|e|n|d|e|r|,102210fe594ee9b33d82058545b1ed14f4c8206e,ContentfulSpeedIndex,amazon,True,amazon ContentfulSpeedIndex opt fission warm webrender,,77,ms,firefox,455379636,1878149803,2024-04-18T10:25:02,248.5,d2a70a81fffa55d9ca13266fd58219349bcb5886,1411376
autoland,3870186,13,f36c3750a6bc0db1e2bc910e5f3a3acace5985a7,windows10-64-shippable-qr,True,False,,|f|i|s|s|i|o|n| |w|a|r|m| |w|e|b|r|e|n|d|e|r|,102210fe594ee9b33d82058545b1ed14f4c8206e,ContentfulSpeedIndex,amazon,True,amazon ContentfulSpeedIndex opt fission warm webrender,,77,ms,firefox,455247504,1877483729,2024-04-18T10:29:16,276.1,3487ec47edc2bf22e9407a715cd8306d0e93441f,1411378
autoland,3870186,13,f36c3750a6bc0db1e2bc910e5f3a3acace5985a7,windows10-64-shippable-qr,True,False,,|f|i|s|s|i|o|n| |w|a|r|m| |w|e|b|r|e|n|d|e|r|,102210fe594ee9b33d82058545b1ed14f4c8206e,ContentfulSpeedIndex,amazon,True,amazon ContentfulSpeedIndex opt fission warm webrender,,77,ms,firefox,455379580,1878150558,2024-04-18T10:29:16,282.1,3487ec47edc2bf22e9407a715cd8306d0e93441f,1411378
autoland,3870186,13,f36c3750a6bc0db1e2bc910e5f3a3acace5985a7,windows10-64-shippable-qr,True,False,,|f|i|s|s|i|o|n| |w|a|r|m| |w|e|b|r|e|n|d|e|r|,102210fe594ee9b33d82058545b1ed14f4c8206e,ContentfulSpeedIndex,amazon,True,amazon ContentfulSpeedIndex opt fission warm webrender,,77,ms,firefox,455247257,1877481326,2024-04-18T10:32:30,250.4,d35fa1190f2a7485f2f5861fbca7b72131522744,1411380
autoland,3870186,13,f36c3750a6bc0db1e2bc910e5f3a3acace5985a7,windows10-64-shippable-qr,True,False,,|f|i|s|s|i|o|n| |w|a|r|m| |w|e|b|r|e|n|d|e|r|,102210fe594ee9b33d82058545b1ed14f4c8206e,ContentfulSpeedIndex,amazon,True,amazon ContentfulSpeedIndex opt fission warm webrender,,77,ms,firefox,455379575,1878150088,2024-04-18T10:32:30,250.7,d35fa1190f2a7485f2f5861fbca7b72131522744,1411380
autoland,3870186,13,f36c3750a6bc0db1e2bc910e5f3a3acace5985a7,windows10-64-shippable-qr,True,False,,|f|i|s|s|i|o|n| |w|a|r|m| |w|e|b|r|e|n|d|e|r|,102210fe594ee9b33d82058545b1ed14f4c8206e,ContentfulSpeedIndex,amazon,True,amazon ContentfulSpeedIndex opt fission warm webrender,,77,ms,firefox,455247418,1877483235,2024-04-18T11:26:05,253.3,d5a049a77cfa02c243b5e1eed93cb70ebe8e7a1d,1411417
autoland,3870186,13,f36c3750a6bc0db1e2bc910e5f3a3acace5985a7,windows10-64-shippable-qr,True,False,,|f|i|s|s|i|o|n| |w|a|r|m| |w|e|b|r|e|n|d|e|r|,102210fe594ee9b33d82058545b1ed14f4c8206e,ContentfulSpeedIndex,amazon,True,amazon ContentfulSpeedIndex opt fission warm webrender,,77,ms,firefox,455379614,1878149805,2024-04-18T11:26:05,241.6,d5a049a77cfa02c243b5e1eed93cb70ebe8e7a1d,1411417
autoland,3870186,13,f36c3750a6bc0db1e2bc910e5f3a3acace5985a7,windows10-64-shippable-qr,True,False,,|f|i|s|s|i|o|n| |w|a|r|m| |w|e|b|r|e|n|d|e|r|,102210fe594ee9b33d82058545b1ed14f4c8206e,ContentfulSpeedIndex,amazon,True,amazon ContentfulSpeedIndex opt fission warm webrender,,77,ms,firefox,455247199,1877479820,2024-04-18T11:29:51,247.7,7de43a7c14ef6a074bbdd7dd2ac4f368bf31caa7,1411420
autoland,3870186,13,f36c3750a6bc0db1e2bc910e5f3a3acace5985a7,windows10-64-shippable-qr,True,False,,|f|i|s|s|i|o|n| |w|a|r|m| |w|e|b|r|e|n|d|e|r|,102210fe594ee9b33d82058545b1ed14f4c8206e,ContentfulSpeedIndex,amazon,True,amazon ContentfulSpeedIndex opt fission warm webrender,,77,ms,firefox,455379645,1878150084,2024-04-18T11:29:51,252.2,7de43a7c14ef6a074bbdd7dd2ac4f368bf31caa7,1411420
autoland,3870186,13,f36c3750a6bc0db1e2bc910e5f3a3acace5985a7,windows10-64-shippable-qr,True,False,,|f|i|s|s|i|o|n| |w|a|r|m| |w|e|b|r|e|n|d|e|r|,102210fe594ee9b33d82058545b1ed14f4c8206e,ContentfulSpeedIndex,amazon,True,amazon ContentfulSpeedIndex opt fission warm webrender,,77,ms,firefox,455011200,1876091116,2024-04-18T12:14:33,258.9,123e0c272c21270c6f9a5e2fca3bfbc72c7b5ef9,1411435
autoland,3870186,13,f36c3750a6bc0db1e2bc910e5f3a3acace5985a7,windows10-64-shippable-qr,True,False,,|f|i|s|s|i|o|n| |w|a|r|m| |w|e|b|r|e|n|d|e|r|,102210fe594ee9b33d82058545b1ed14f4c8206e,ContentfulSpeedIndex,amazon,True,amazon ContentfulSpeedIndex opt fission warm webrender,,77,ms,firefox,455379643,1878150094,2024-04-18T12:14:33,255.7,123e0c272c21270c6f9a5e2fca3bfbc72c7b5ef9,1411435
autoland,3870186,13,f36c3750a6bc0db1e2bc910e5f3a3acace5985a7,windows10-64-shippable-qr,True,False,,|f|i|s|s|i|o|n| |w|a|r|m| |w|e|b|r|e|n|d|e|r|,102210fe594ee9b33d82058545b1ed14f4c8206e,ContentfulSpeedIndex,amazon,True,amazon ContentfulSpeedIndex opt fission warm webrender,,77,ms,firefox,455408279,1878231383,2024-04-18T12:19:54,253.7,a2954b130abbafaeee86b7c5817cf33a2ad83113,1411438
autoland,3870186,13,f36c3750a6bc0db1e2bc910e5f3a3acace5985a7,windows10-64-shippable-qr,True,False,,|f|i|s|s|i|o|n| |w|a|r|m| |w|e|b|r|e|n|d|e|r|,102210fe594ee9b33d82058545b1ed14f4c8206e,ContentfulSpeedIndex,amazon,True,amazon ContentfulSpeedIndex opt fission warm webrender,,77,ms,firefox,455401582,1878209759,2024-04-18T12:42:13,269.6,802a05813889c896eb01d75b66d2cdf90d0ee242,1411445
autoland,3870186,13,f36c3750a6bc0db1e2bc910e5f3a3acace5985a7,windows10-64-shippable-qr,True,False,,|f|i|s|s|i|o|n| |w|a|r|m| |w|e|b|r|e|n|d|e|r|,102210fe594ee9b33d82058545b1ed14f4c8206e,ContentfulSpeedIndex,amazon,True,amazon ContentfulSpeedIndex opt fission warm webrender,,77,ms,firefox,455402425,1878209509,2024-04-18T13:01:05,249.1,3156dc89166a679f3f8f80a01b86fd0387408138,1411455
autoland,3870186,13,f36c3750a6bc0db1e2bc910e5f3a3acace5985a7,windows10-64-shippable-qr,True,False,,|f|i|s|s|i|o|n| |w|a|r|m| |w|e|b|r|e|n|d|e|r|,102210fe594ee9b33d82058545b1ed14f4c8206e,ContentfulSpeedIndex,amazon,True,amazon ContentfulSpeedIndex opt fission warm webrender,,77,ms,firefox,455400778,1878208162,2024-04-18T14:08:16,253.8,b637d40c3b74c1ed79572741818b218008177278,1411492
autoland,3870186,13,f36c3750a6bc0db1e2bc910e5f3a3acace5985a7,windows10-64-shippable-qr,True,False,,|f|i|s|s|i|o|n| |w|a|r|m| |w|e|b|r|e|n|d|e|r|,102210fe594ee9b33d82058545b1ed14f4c8206e,ContentfulSpeedIndex,amazon,True,amazon ContentfulSpeedIndex opt fission warm webrender,,77,ms,firefox,455247425,1877483374,2024-04-18T15:27:37,240.2,c17812534f092f3d09f966e3a569b8246860128b,1411551
autoland,3870186,13,f36c3750a6bc0db1e2bc910e5f3a3acace5985a7,windows10-64-shippable-qr,True,False,,|f|i|s|s|i|o|n| |w|a|r|m| |w|e|b|r|e|n|d|e|r|,102210fe594ee9b33d82058545b1ed14f4c8206e,ContentfulSpeedIndex,amazon,True,amazon ContentfulSpeedIndex opt fission warm webrender,,77,ms,firefox,455247345,1877482579,2024-04-18T15:35:13,263.5,e3470b630145fd41995b861fdd3db653827522d7,1411561
autoland,3870186,13,f36c3750a6bc0db1e2bc910e5f3a3acace5985a7,windows10-64-shippable-qr,True,False,,|f|i|s|s|i|o|n| |w|a|r|m| |w|e|b|r|e|n|d|e|r|,102210fe594ee9b33d82058545b1ed14f4c8206e,ContentfulSpeedIndex,amazon,True,amazon ContentfulSpeedIndex opt fission warm webrender,,77,ms,firefox,455247171,1877479635,2024-04-18T15:35:59,265.6,7293bb55f0f291b734d0c65394ca8fa6f49e5ce5,1411563
autoland,3870186,13,f36c3750a6bc0db1e2bc910e5f3a3acace5985a7,windows10-64-shippable-qr,True,False,,|f|i|s|s|i|o|n| |w|a|r|m| |w|e|b|r|e|n|d|e|r|,102210fe594ee9b33d82058545b1ed14f4c8206e,ContentfulSpeedIndex,amazon,True,amazon ContentfulSpeedIndex opt fission warm webrender,,77,ms,firefox,455247514,1877483644,2024-04-18T15:36:50,226.1,10dbe5ae6a794305b8fc280df0aaeac63f04e182,1411565
autoland,3870186,13,f36c3750a6bc0db1e2bc910e5f3a3acace5985a7,windows10-64-shippable-qr,True,False,,|f|i|s|s|i|o|n| |w|a|r|m| |w|e|b|r|e|n|d|e|r|,102210fe594ee9b33d82058545b1ed14f4c8206e,ContentfulSpeedIndex,amazon,True,amazon ContentfulSpeedIndex opt fission warm webrender,,77,ms,firefox,455247219,1877480874,2024-04-18T15:39:49,243.6,1ccab6e457dda5ffd91bde6fda834e5c1f9b06e9,1411568
autoland,3870186,13,f36c3750a6bc0db1e2bc910e5f3a3acace5985a7,windows10-64-shippable-qr,True,False,,|f|i|s|s|i|o|n| |w|a|r|m| |w|e|b|r|e|n|d|e|r|,102210fe594ee9b33d82058545b1ed14f4c8206e,ContentfulSpeedIndex,amazon,True,amazon ContentfulSpeedIndex opt fission warm webrender,,77,ms,firefox,455046947,1876240140,2024-04-18T15:42:46,277.3,257d3013546c7ec40031343c459162a0b69fa6f2,1411573
autoland,3870186,13,f36c3750a6bc0db1e2bc910e5f3a3acace5985a7,windows10-64-shippable-qr,True,False,,|f|i|s|s|i|o|n| |w|a|r|m| |w|e|b|r|e|n|d|e|r|,102210fe594ee9b33d82058545b1ed14f4c8206e,ContentfulSpeedIndex,amazon,True,amazon ContentfulSpeedIndex opt fission warm webrender,,77,ms,firefox,455247562,1877483927,2024-04-18T17:18:19,273.5,0c53f738aa7f4dfaa1ee02666c711a79d8351ef8,1411669
autoland,3870186,13,f36c3750a6bc0db1e2bc910e5f3a3acace5985a7,windows10-64-shippable-qr,True,False,,|f|i|s|s|i|o|n| |w|a|r|m| |w|e|b|r|e|n|d|e|r|,102210fe594ee9b33d82058545b1ed14f4c8206e,ContentfulSpeedIndex,amazon,True,amazon ContentfulSpeedIndex opt fission warm webrender,,77,ms,firefox,455247382,1877482825,2024-04-18T17:19:09,236.9,8be2a0b00aa2df26ca31722395d285d1b772537f,1411671
autoland,3870186,13,f36c3750a6bc0db1e2bc910e5f3a3acace5985a7,windows10-64-shippable-qr,True,False,,|f|i|s|s|i|o|n| |w|a|r|m| |w|e|b|r|e|n|d|e|r|,102210fe594ee9b33d82058545b1ed14f4c8206e,ContentfulSpeedIndex,amazon,True,amazon ContentfulSpeedIndex opt fission warm webrender,,77,ms,firefox,455247471,1877483494,2024-04-18T17:25:23,261.1,1f57e3ccfcd7a1d6a3d56779279dadf48a9f7428,1411673
autoland,3870186,13,f36c3750a6bc0db1e2bc910e5f3a3acace5985a7,windows10-64-shippable-qr,True,False,,|f|i|s|s|i|o|n| |w|a|r|m| |w|e|b|r|e|n|d|e|r|,102210fe594ee9b33d82058545b1ed14f4c8206e,ContentfulSpeedIndex,amazon,True,amazon ContentfulSpeedIndex opt fission warm webrender,,77,ms,firefox,455248775,1877491418,2024-04-18T17:26:50,254.6,ff82bf944d2a8c95a7af48c26e4e070db536b9d7,1411675
autoland,3870186,13,f36c3750a6bc0db1e2bc910e5f3a3acace5985a7,windows10-64-shippable-qr,True,False,,|f|i|s|s|i|o|n| |w|a|r|m| |w|e|b|r|e|n|d|e|r|,102210fe594ee9b33d82058545b1ed14f4c8206e,ContentfulSpeedIndex,amazon,True,amazon ContentfulSpeedIndex opt fission warm webrender,,77,ms,firefox,455247210,1877479926,2024-04-18T17:48:04,245.7,f4ca6bcba5ef7edc64eaf2438fb7a40c3eda766e,1411695
autoland,3870186,13,f36c3750a6bc0db1e2bc910e5f3a3acace5985a7,windows10-64-shippable-qr,True,False,,|f|i|s|s|i|o|n| |w|a|r|m| |w|e|b|r|e|n|d|e|r|,102210fe594ee9b33d82058545b1ed14f4c8206e,ContentfulSpeedIndex,amazon,True,amazon ContentfulSpeedIndex opt fission warm webrender,,77,ms,firefox,455247589,1877484233,2024-04-18T17:50:51,244.7,14b57817529b685a190dfff3cde195262374539f,1411700
autoland,3870186,13,f36c3750a6bc0db1e2bc910e5f3a3acace5985a7,windows10-64-shippable-qr,True,False,,|f|i|s|s|i|o|n| |w|a|r|m| |w|e|b|r|e|n|d|e|r|,102210fe594ee9b33d82058545b1ed14f4c8206e,ContentfulSpeedIndex,amazon,True,amazon ContentfulSpeedIndex opt fission warm webrender,,77,ms,firefox,455065580,1876319350,2024-04-18T18:28:28,243.5,0f5d446707971afc1fab01c0a28b208101241b8a,1411727
autoland,3870186,13,f36c3750a6bc0db1e2bc910e5f3a3acace5985a7,windows10-64-shippable-qr,True,False,,|f|i|s|s|i|o|n| |w|a|r|m| |w|e|b|r|e|n|d|e|r|,102210fe594ee9b33d82058545b1ed14f4c8206e,ContentfulSpeedIndex,amazon,True,amazon ContentfulSpeedIndex opt fission warm webrender,,77,ms,firefox,455247200,1877479552,2024-04-18T18:34:12,264.7,90ae4ec819dee4e96c879c348bfc1461ee25ece0,1411730
autoland,3870186,13,f36c3750a6bc0db1e2bc910e5f3a3acace5985a7,windows10-64-shippable-qr,True,False,,|f|i|s|s|i|o|n| |w|a|r|m| |w|e|b|r|e|n|d|e|r|,102210fe594ee9b33d82058545b1ed14f4c8206e,ContentfulSpeedIndex,amazon,True,amazon ContentfulSpeedIndex opt fission warm webrender,,77,ms,firefox,455247590,1877484317,2024-04-18T18:35:00,239.2,565fb3e58352e07e7a656b64ee00795d1fa3b985,1411731
autoland,3870186,13,f36c3750a6bc0db1e2bc910e5f3a3acace5985a7,windows10-64-shippable-qr,True,False,,|f|i|s|s|i|o|n| |w|a|r|m| |w|e|b|r|e|n|d|e|r|,102210fe594ee9b33d82058545b1ed14f4c8206e,ContentfulSpeedIndex,amazon,True,amazon ContentfulSpeedIndex opt fission warm webrender,,77,ms,firefox,455247982,1877489097,2024-04-18T18:35:56,243.9,bb395edffb84a6c841f36da9ee2db52491ac6eb6,1411732
autoland,3870186,13,f36c3750a6bc0db1e2bc910e5f3a3acace5985a7,windows10-64-shippable-qr,True,False,,|f|i|s|s|i|o|n| |w|a|r|m| |w|e|b|r|e|n|d|e|r|,102210fe594ee9b33d82058545b1ed14f4c8206e,ContentfulSpeedIndex,amazon,True,amazon ContentfulSpeedIndex opt fission warm webrender,,77,ms,firefox,455247878,1877486905,2024-04-18T18:36:47,258.2,fb4770de10ff8b15daccf0e86b65245f22dec75a,1411733
autoland,3870186,13,f36c3750a6bc0db1e2bc910e5f3a3acace5985a7,windows10-64-shippable-qr,True,False,,|f|i|s|s|i|o|n| |w|a|r|m| |w|e|b|r|e|n|d|e|r|,102210fe594ee9b33d82058545b1ed14f4c8206e,ContentfulSpeedIndex,amazon,True,amazon ContentfulSpeedIndex opt fission warm webrender,,77,ms,firefox,455247255,1877481084,2024-04-18T18:37:35,243.1,350af7271fadd869e818c8c07b3df02d483f10f1,1411734
autoland,3870186,13,f36c3750a6bc0db1e2bc910e5f3a3acace5985a7,windows10-64-shippable-qr,True,False,,|f|i|s|s|i|o|n| |w|a|r|m| |w|e|b|r|e|n|d|e|r|,102210fe594ee9b33d82058545b1ed14f4c8206e,ContentfulSpeedIndex,amazon,True,amazon ContentfulSpeedIndex opt fission warm webrender,,77,ms,firefox,455117241,1876761114,2024-04-18T18:38:31,253.1,1161842c1c20d7700df1b0815fc6ac6cb35706ab,1411735
autoland,3870186,13,f36c3750a6bc0db1e2bc910e5f3a3acace5985a7,windows10-64-shippable-qr,True,False,,|f|i|s|s|i|o|n| |w|a|r|m| |w|e|b|r|e|n|d|e|r|,102210fe594ee9b33d82058545b1ed14f4c8206e,ContentfulSpeedIndex,amazon,True,amazon ContentfulSpeedIndex opt fission warm webrender,,77,ms,firefox,455117803,1876771945,2024-04-18T18:49:22,254.8,83b9c7e20aec8a8544ef8cbe7b065c56df94db97,1411745
autoland,3870186,13,f36c3750a6bc0db1e2bc910e5f3a3acace5985a7,windows10-64-shippable-qr,True,False,,|f|i|s|s|i|o|n| |w|a|r|m| |w|e|b|r|e|n|d|e|r|,102210fe594ee9b33d82058545b1ed14f4c8206e,ContentfulSpeedIndex,amazon,True,amazon ContentfulSpeedIndex opt fission warm webrender,,77,ms,firefox,455116919,1876752280,2024-04-18T21:12:29,257.7,9f733bac89327bde042222de14857bc9838c6cdb,1411840
autoland,3870186,13,f36c3750a6bc0db1e2bc910e5f3a3acace5985a7,windows10-64-shippable-qr,True,False,,|f|i|s|s|i|o|n| |w|a|r|m| |w|e|b|r|e|n|d|e|r|,102210fe594ee9b33d82058545b1ed14f4c8206e,ContentfulSpeedIndex,amazon,True,amazon ContentfulSpeedIndex opt fission warm webrender,,77,ms,firefox,455111757,1876672562,2024-04-18T21:13:34,261.9,bb8f4afc1b2b8fb8965b67c3f8cc898cef63a5b3,1411843
autoland,3870186,13,f36c3750a6bc0db1e2bc910e5f3a3acace5985a7,windows10-64-shippable-qr,True,False,,|f|i|s|s|i|o|n| |w|a|r|m| |w|e|b|r|e|n|d|e|r|,102210fe594ee9b33d82058545b1ed14f4c8206e,ContentfulSpeedIndex,amazon,True,amazon ContentfulSpeedIndex opt fission warm webrender,,77,ms,firefox,455087838,1876459669,2024-04-18T21:15:15,244.3,eed297665148d999a1c59d7d6e66f6973e0dd84c,1411845
autoland,3870186,13,f36c3750a6bc0db1e2bc910e5f3a3acace5985a7,windows10-64-shippable-qr,True,False,,|f|i|s|s|i|o|n| |w|a|r|m| |w|e|b|r|e|n|d|e|r|,102210fe594ee9b33d82058545b1ed14f4c8206e,ContentfulSpeedIndex,amazon,True,amazon ContentfulSpeedIndex opt fission warm webrender,,77,ms,firefox,455109528,1876639348,2024-04-19T01:55:54,256.4,3e097fca93b9af809ad16ed1d5f0bdd874f8f8e2,1411981
autoland,3870186,13,f36c3750a6bc0db1e2bc910e5f3a3acace5985a7,windows10-64-shippable-qr,True,False,,|f|i|s|s|i|o|n| |w|a|r|m| |w|e|b|r|e|n|d|e|r|,102210fe594ee9b33d82058545b1ed14f4c8206e,ContentfulSpeedIndex,amazon,True,amazon ContentfulSpeedIndex opt fission warm webrender,,77,ms,firefox,455120101,1876807941,2024-04-19T06:08:52,246.6,99364906cd1d11016d0fc2dc03a8b7fd11705aa4,1412057
autoland,3870186,13,f36c3750a6bc0db1e2bc910e5f3a3acace5985a7,windows10-64-shippable-qr,True,False,,|f|i|s|s|i|o|n| |w|a|r|m| |w|e|b|r|e|n|d|e|r|,102210fe594ee9b33d82058545b1ed14f4c8206e,ContentfulSpeedIndex,amazon,True,amazon ContentfulSpeedIndex opt fission warm webrender,,77,ms,firefox,455148188,1876975648,2024-04-19T10:27:22,252.1,465ebfc7da3d3a6de812574016249ab37ab8605c,1412150
autoland,3870186,13,f36c3750a6bc0db1e2bc910e5f3a3acace5985a7,windows10-64-shippable-qr,True,False,,|f|i|s|s|i|o|n| |w|a|r|m| |w|e|b|r|e|n|d|e|r|,102210fe594ee9b33d82058545b1ed14f4c8206e,ContentfulSpeedIndex,amazon,True,amazon ContentfulSpeedIndex opt fission warm webrender,,77,ms,firefox,455185364,1877101136,2024-04-19T14:48:08,245.8,4b196ac64ccbf1061ee2c2835e31fe8b071b9099,1412270
autoland,3870186,13,f36c3750a6bc0db1e2bc910e5f3a3acace5985a7,windows10-64-shippable-qr,True,False,,|f|i|s|s|i|o|n| |w|a|r|m| |w|e|b|r|e|n|d|e|r|,102210fe594ee9b33d82058545b1ed14f4c8206e,ContentfulSpeedIndex,amazon,True,amazon ContentfulSpeedIndex opt fission warm webrender,,77,ms,firefox,455215077,1877264880,2024-04-19T18:48:31,249.5,cf54488baa94dff90075eb1c2e96afc7353a4eee,1412477
autoland,3870186,13,f36c3750a6bc0db1e2bc910e5f3a3acace5985a7,windows10-64-shippable-qr,True,False,,|f|i|s|s|i|o|n| |w|a|r|m| |w|e|b|r|e|n|d|e|r|,102210fe594ee9b33d82058545b1ed14f4c8206e,ContentfulSpeedIndex,amazon,True,amazon ContentfulSpeedIndex opt fission warm webrender,,77,ms,firefox,455242980,1877435312,2024-04-19T22:58:06,251.6,fd56e5907d69d8a14032cc7ec308f013a266ee16,1412613
autoland,3870186,13,f36c3750a6bc0db1e2bc910e5f3a3acace5985a7,windows10-64-shippable-qr,True,False,,|f|i|s|s|i|o|n| |w|a|r|m| |w|e|b|r|e|n|d|e|r|,102210fe594ee9b33d82058545b1ed14f4c8206e,ContentfulSpeedIndex,amazon,True,amazon ContentfulSpeedIndex opt fission warm webrender,,77,ms,firefox,455253739,1877515277,2024-04-20T05:31:24,265.0,4797f0a19ccc6dca6f6aa6710f76967e23ba6276,1412701
autoland,3870186,13,f36c3750a6bc0db1e2bc910e5f3a3acace5985a7,windows10-64-shippable-qr,True,False,,|f|i|s|s|i|o|n| |w|a|r|m| |w|e|b|r|e|n|d|e|r|,102210fe594ee9b33d82058545b1ed14f4c8206e,ContentfulSpeedIndex,amazon,True,amazon ContentfulSpeedIndex opt fission warm webrender,,77,ms,firefox,455283610,1877631704,2024-04-20T15:42:35,282.1,f5d9ea237d971478f314e77299398079989b786c,1412749
autoland,3870186,13,f36c3750a6bc0db1e2bc910e5f3a3acace5985a7,windows10-64-shippable-qr,True,False,,|f|i|s|s|i|o|n| |w|a|r|m| |w|e|b|r|e|n|d|e|r|,102210fe594ee9b33d82058545b1ed14f4c8206e,ContentfulSpeedIndex,amazon,True,amazon ContentfulSpeedIndex opt fission warm webrender,,77,ms,firefox,455289388,1877673730,2024-04-21T00:18:25,233.8,65ceed609eb489d653eefc7e22fa34f869027a26,1412781
autoland,3870186,13,f36c3750a6bc0db1e2bc910e5f3a3acace5985a7,windows10-64-shippable-qr,True,False,,|f|i|s|s|i|o|n| |w|a|r|m| |w|e|b|r|e|n|d|e|r|,102210fe594ee9b33d82058545b1ed14f4c8206e,ContentfulSpeedIndex,amazon,True,amazon ContentfulSpeedIndex opt fission warm webrender,,77,ms,firefox,455326011,1877872779,2024-04-21T21:40:30,245.0,400d4e6908a3aef8f83ae4db204d62e3e028f704,1412843
autoland,3870186,13,f36c3750a6bc0db1e2bc910e5f3a3acace5985a7,windows10-64-shippable-qr,True,False,,|f|i|s|s|i|o|n| |w|a|r|m| |w|e|b|r|e|n|d|e|r|,102210fe594ee9b33d82058545b1ed14f4c8206e,ContentfulSpeedIndex,amazon,True,amazon ContentfulSpeedIndex opt fission warm webrender,,77,ms,firefox,455334927,1877959922,2024-04-22T04:00:04,244.5,d4a6129fdbbe32300d5069df6ce47dd92f665c96,1412913
autoland,3870186,13,f36c3750a6bc0db1e2bc910e5f3a3acace5985a7,windows10-64-shippable-qr,True,False,,|f|i|s|s|i|o|n| |w|a|r|m| |w|e|b|r|e|n|d|e|r|,102210fe594ee9b33d82058545b1ed14f4c8206e,ContentfulSpeedIndex,amazon,True,amazon ContentfulSpeedIndex opt fission warm webrender,,77,ms,firefox,455348756,1878029655,2024-04-22T08:07:09,250.9,5a83d047329402d960e6c402c6deb27927a436c9,1412944
autoland,3870186,13,f36c3750a6bc0db1e2bc910e5f3a3acace5985a7,windows10-64-shippable-qr,True,False,,|f|i|s|s|i|o|n| |w|a|r|m| |w|e|b|r|e|n|d|e|r|,102210fe594ee9b33d82058545b1ed14f4c8206e,ContentfulSpeedIndex,amazon,True,amazon ContentfulSpeedIndex opt fission warm webrender,,77,ms,firefox,455389320,1878179534,2024-04-22T12:07:57,263.0,1c34b0b26d5a556ee695c70bd744ca9f129f456e,1413048
autoland,3870186,13,f36c3750a6bc0db1e2bc910e5f3a3acace5985a7,windows10-64-shippable-qr,True,False,,|f|i|s|s|i|o|n| |w|a|r|m| |w|e|b|r|e|n|d|e|r|,102210fe594ee9b33d82058545b1ed14f4c8206e,ContentfulSpeedIndex,amazon,True,amazon ContentfulSpeedIndex opt fission warm webrender,,77,ms,firefox,455489675,1878679441,2024-04-22T15:49:08,250.6,074b8a59783fe1d8f28029851f978ffe9241e3ad,1413205
autoland,3870186,13,f36c3750a6bc0db1e2bc910e5f3a3acace5985a7,windows10-64-shippable-qr,True,False,,|f|i|s|s|i|o|n| |w|a|r|m| |w|e|b|r|e|n|d|e|r|,102210fe594ee9b33d82058545b1ed14f4c8206e,ContentfulSpeedIndex,amazon,True,amazon ContentfulSpeedIndex opt fission warm webrender,,77,ms,firefox,455489818,1878684296,2024-04-22T16:00:04,264.5,936f17cdc5b5d160df1a4947540a1d24b6394d57,1413215
autoland,3870186,13,f36c3750a6bc0db1e2bc910e5f3a3acace5985a7,windows10-64-shippable-qr,True,False,,|f|i|s|s|i|o|n| |w|a|r|m| |w|e|b|r|e|n|d|e|r|,102210fe594ee9b33d82058545b1ed14f4c8206e,ContentfulSpeedIndex,amazon,True,amazon ContentfulSpeedIndex opt fission warm webrender,,77,ms,firefox,455437810,1878368050,2024-04-22T19:20:17,236.3,ed724b89a2c25252a6eab99f0fa48f85f2523b66,1413379
autoland,3870186,13,f36c3750a6bc0db1e2bc910e5f3a3acace5985a7,windows10-64-shippable-qr,True,False,,|f|i|s|s|i|o|n| |w|a|r|m| |w|e|b|r|e|n|d|e|r|,102210fe594ee9b33d82058545b1ed14f4c8206e,ContentfulSpeedIndex,amazon,True,amazon ContentfulSpeedIndex opt fission warm webrender,,77,ms,firefox,455469809,1878532968,2024-04-22T23:20:55,244.8,294255d7250372c7cd6256cb6d1da23325d1f728,1413581
autoland,3870186,13,f36c3750a6bc0db1e2bc910e5f3a3acace5985a7,windows10-64-shippable-qr,True,False,,|f|i|s|s|i|o|n| |w|a|r|m| |w|e|b|r|e|n|d|e|r|,102210fe594ee9b33d82058545b1ed14f4c8206e,ContentfulSpeedIndex,amazon,True,amazon ContentfulSpeedIndex opt fission warm webrender,,77,ms,firefox,455488044,1878660773,2024-04-23T03:59:43,257.3,074d29b6e81d7fbf5ac7dea664ffea6a59b41b80,1413693
autoland,3870186,13,f36c3750a6bc0db1e2bc910e5f3a3acace5985a7,windows10-64-shippable-qr,True,False,,|f|i|s|s|i|o|n| |w|a|r|m| |w|e|b|r|e|n|d|e|r|,102210fe594ee9b33d82058545b1ed14f4c8206e,ContentfulSpeedIndex,amazon,True,amazon ContentfulSpeedIndex opt fission warm webrender,,77,ms,firefox,455500657,1878753823,2024-04-23T08:01:00,260.7,5519716422b3e14060894caded45bac7a3aeb773,1413770
autoland,3870186,13,f36c3750a6bc0db1e2bc910e5f3a3acace5985a7,windows10-64-shippable-qr,True,False,,|f|i|s|s|i|o|n| |w|a|r|m| |w|e|b|r|e|n|d|e|r|,102210fe594ee9b33d82058545b1ed14f4c8206e,ContentfulSpeedIndex,amazon,True,amazon ContentfulSpeedIndex opt fission warm webrender,,77,ms,firefox,455540505,1878892263,2024-04-23T11:54:58,233.2,d0b5d121d8fc8ffddbec3e026a455ecfe0071347,1413921
autoland,3870186,13,f36c3750a6bc0db1e2bc910e5f3a3acace5985a7,windows10-64-shippable-qr,True,False,,|f|i|s|s|i|o|n| |w|a|r|m| |w|e|b|r|e|n|d|e|r|,102210fe594ee9b33d82058545b1ed14f4c8206e,ContentfulSpeedIndex,amazon,True,amazon ContentfulSpeedIndex opt fission warm webrender,,77,ms,firefox,455633241,1879477301,2024-04-23T13:23:36,276.5,3670eb21452ed6a6d994b7c9197e9eb8dce496fc,1413985
autoland,3870186,13,f36c3750a6bc0db1e2bc910e5f3a3acace5985a7,windows10-64-shippable-qr,True,False,,|f|i|s|s|i|o|n| |w|a|r|m| |w|e|b|r|e|n|d|e|r|,102210fe594ee9b33d82058545b1ed14f4c8206e,ContentfulSpeedIndex,amazon,True,amazon ContentfulSpeedIndex opt fission warm webrender,,77,ms,firefox,455633490,1879485176,2024-04-23T13:24:27,259.9,403992af097e07dbee379c1772c8ff1b21690142,1413988
autoland,3870186,13,f36c3750a6bc0db1e2bc910e5f3a3acace5985a7,windows10-64-shippable-qr,True,False,,|f|i|s|s|i|o|n| |w|a|r|m| |w|e|b|r|e|n|d|e|r|,102210fe594ee9b33d82058545b1ed14f4c8206e,ContentfulSpeedIndex,amazon,True,amazon ContentfulSpeedIndex opt fission warm webrender,,77,ms,firefox,455563269,1879060304,2024-04-23T15:44:45,248.0,058dc2e8394c7361874508e49f2bbbfc3173f1a9,1414120
autoland,3870186,13,f36c3750a6bc0db1e2bc910e5f3a3acace5985a7,windows10-64-shippable-qr,True,False,,|f|i|s|s|i|o|n| |w|a|r|m| |w|e|b|r|e|n|d|e|r|,102210fe594ee9b33d82058545b1ed14f4c8206e,ContentfulSpeedIndex,amazon,True,amazon ContentfulSpeedIndex opt fission warm webrender,,77,ms,firefox,455587387,1879209209,2024-04-23T18:21:27,251.4,1c40eb01d534a1c361c5c6fe0b3fdc64aed2c883,1414216
autoland,3870186,13,f36c3750a6bc0db1e2bc910e5f3a3acace5985a7,windows10-64-shippable-qr,True,False,,|f|i|s|s|i|o|n| |w|a|r|m| |w|e|b|r|e|n|d|e|r|,102210fe594ee9b33d82058545b1ed14f4c8206e,ContentfulSpeedIndex,amazon,True,amazon ContentfulSpeedIndex opt fission warm webrender,,77,ms,firefox,455614554,1879342900,2024-04-23T22:59:53,244.9,b516592332299274cdbcfd113f1d8a97cc0ee8af,1414419
autoland,3870186,13,f36c3750a6bc0db1e2bc910e5f3a3acace5985a7,windows10-64-shippable-qr,True,False,,|f|i|s|s|i|o|n| |w|a|r|m| |w|e|b|r|e|n|d|e|r|,102210fe594ee9b33d82058545b1ed14f4c8206e,ContentfulSpeedIndex,amazon,True,amazon ContentfulSpeedIndex opt fission warm webrender,,77,ms,firefox,455629154,1879427441,2024-04-24T03:55:37,263.2,3de3f9428f138bf269718fceb36c5112a195ca37,1414529
autoland,3870186,13,f36c3750a6bc0db1e2bc910e5f3a3acace5985a7,windows10-64-shippable-qr,True,False,,|f|i|s|s|i|o|n| |w|a|r|m| |w|e|b|r|e|n|d|e|r|,102210fe594ee9b33d82058545b1ed14f4c8206e,ContentfulSpeedIndex,amazon,True,amazon ContentfulSpeedIndex opt fission warm webrender,,77,ms,firefox,455653841,1879611349,2024-04-24T07:56:15,253.9,fd7d96cffddb9a76a1ecc148c3b284e8003fe6b9,1414632
autoland,3870186,13,f36c3750a6bc0db1e2bc910e5f3a3acace5985a7,windows10-64-shippable-qr,True,False,,|f|i|s|s|i|o|n| |w|a|r|m| |w|e|b|r|e|n|d|e|r|,102210fe594ee9b33d82058545b1ed14f4c8206e,ContentfulSpeedIndex,amazon,True,amazon ContentfulSpeedIndex opt fission warm webrender,,77,ms,firefox,455698889,1879787718,2024-04-24T12:15:38,239.7,87963547052db96296ae50e55c8266cbfc3bd922,1414844
autoland,3870186,13,f36c3750a6bc0db1e2bc910e5f3a3acace5985a7,windows10-64-shippable-qr,True,False,,|f|i|s|s|i|o|n| |w|a|r|m| |w|e|b|r|e|n|d|e|r|,102210fe594ee9b33d82058545b1ed14f4c8206e,ContentfulSpeedIndex,amazon,True,amazon ContentfulSpeedIndex opt fission warm webrender,,77,ms,firefox,455758045,162537,2024-04-25T00:20:54,248.5,ec5140ea1b1384a44d1ce6e0271fc97472399e96,1415370
autoland,3870186,13,f36c3750a6bc0db1e2bc910e5f3a3acace5985a7,windows10-64-shippable-qr,True,False,,|f|i|s|s|i|o|n| |w|a|r|m| |w|e|b|r|e|n|d|e|r|,102210fe594ee9b33d82058545b1ed14f4c8206e,ContentfulSpeedIndex,amazon,True,amazon ContentfulSpeedIndex opt fission warm webrender,,77,ms,firefox,455774710,220751,2024-04-25T02:34:18,258.1,cffa531d3b2e833bda2b3f035d37edb92f838428,1415633
autoland,3870186,13,f36c3750a6bc0db1e2bc910e5f3a3acace5985a7,windows10-64-shippable-qr,True,False,,|f|i|s|s|i|o|n| |w|a|r|m| |w|e|b|r|e|n|d|e|r|,102210fe594ee9b33d82058545b1ed14f4c8206e,ContentfulSpeedIndex,amazon,True,amazon ContentfulSpeedIndex opt fission warm webrender,,77,ms,firefox,455789723,331123,2024-04-25T05:01:58,253.6,792c9892791495e8f13e77e5a78bfda83ab7a455,1415718
autoland,3870186,13,f36c3750a6bc0db1e2bc910e5f3a3acace5985a7,windows10-64-shippable-qr,True,False,,|f|i|s|s|i|o|n| |w|a|r|m| |w|e|b|r|e|n|d|e|r|,102210fe594ee9b33d82058545b1ed14f4c8206e,ContentfulSpeedIndex,amazon,True,amazon ContentfulSpeedIndex opt fission warm webrender,,77,ms,firefox,455809266,485075,2024-04-25T09:09:49,238.9,5b0d6bb6f3780aaf074d79548381fd6e7a565b85,1415822
autoland,3870186,13,f36c3750a6bc0db1e2bc910e5f3a3acace5985a7,windows10-64-shippable-qr,True,False,,|f|i|s|s|i|o|n| |w|a|r|m| |w|e|b|r|e|n|d|e|r|,102210fe594ee9b33d82058545b1ed14f4c8206e,ContentfulSpeedIndex,amazon,True,amazon ContentfulSpeedIndex opt fission warm webrender,,77,ms,firefox,455865283,698624,2024-04-25T13:10:04,266.7,88f7b12683ce863c6ca742ac14e176ee045383bd,1416008
autoland,3870186,13,f36c3750a6bc0db1e2bc910e5f3a3acace5985a7,windows10-64-shippable-qr,True,False,,|f|i|s|s|i|o|n| |w|a|r|m| |w|e|b|r|e|n|d|e|r|,102210fe594ee9b33d82058545b1ed14f4c8206e,ContentfulSpeedIndex,amazon,True,amazon ContentfulSpeedIndex opt fission warm webrender,,77,ms,firefox,455955538,1111832,2024-04-25T15:42:52,239.3,a913463932b70a4b7504d40b66173c0b20e76894,1416136
autoland,3870186,13,f36c3750a6bc0db1e2bc910e5f3a3acace5985a7,windows10-64-shippable-qr,True,False,,|f|i|s|s|i|o|n| |w|a|r|m| |w|e|b|r|e|n|d|e|r|,102210fe594ee9b33d82058545b1ed14f4c8206e,ContentfulSpeedIndex,amazon,True,amazon ContentfulSpeedIndex opt fission warm webrender,,77,ms,firefox,455956556,1126112,2024-04-25T15:59:28,258.1,b743d99059effb91581a29dcf6595a01d5c1716d,1416150
autoland,3870186,13,f36c3750a6bc0db1e2bc910e5f3a3acace5985a7,windows10-64-shippable-qr,True,False,,|f|i|s|s|i|o|n| |w|a|r|m| |w|e|b|r|e|n|d|e|r|,102210fe594ee9b33d82058545b1ed14f4c8206e,ContentfulSpeedIndex,amazon,True,amazon ContentfulSpeedIndex opt fission warm webrender,,77,ms,firefox,455879532,772312,2024-04-25T16:29:00,264.3,6611338ffbdafbbc5b82211b1c255353bdb30763,1416183
autoland,3870186,13,f36c3750a6bc0db1e2bc910e5f3a3acace5985a7,windows10-64-shippable-qr,True,False,,|f|i|s|s|i|o|n| |w|a|r|m| |w|e|b|r|e|n|d|e|r|,102210fe594ee9b33d82058545b1ed14f4c8206e,ContentfulSpeedIndex,amazon,True,amazon ContentfulSpeedIndex opt fission warm webrender,,77,ms,firefox,455929460,964431,2024-04-25T21:12:20,240.5,6a497992821d53c3704819a4f43c6a7d3234c5a2,1416361
autoland,3870186,13,f36c3750a6bc0db1e2bc910e5f3a3acace5985a7,windows10-64-shippable-qr,True,False,,|f|i|s|s|i|o|n| |w|a|r|m| |w|e|b|r|e|n|d|e|r|,102210fe594ee9b33d82058545b1ed14f4c8206e,ContentfulSpeedIndex,amazon,True,amazon ContentfulSpeedIndex opt fission warm webrender,,77,ms,firefox,455944053,1028892,2024-04-26T01:33:24,240.3,b89431ee0f24bcb481d894ad21288e4f09e1960d,1416487
autoland,3870186,13,f36c3750a6bc0db1e2bc910e5f3a3acace5985a7,windows10-64-shippable-qr,True,False,,|f|i|s|s|i|o|n| |w|a|r|m| |w|e|b|r|e|n|d|e|r|,102210fe594ee9b33d82058545b1ed14f4c8206e,ContentfulSpeedIndex,amazon,True,amazon ContentfulSpeedIndex opt fission warm webrender,,77,ms,firefox,455960789,1146955,2024-04-26T05:34:38,253.1,ed2448d27fe2e034cd5804dc7310c3f72ac2eaa5,1416537
autoland,3870186,13,f36c3750a6bc0db1e2bc910e5f3a3acace5985a7,windows10-64-shippable-qr,True,False,,|f|i|s|s|i|o|n| |w|a|r|m| |w|e|b|r|e|n|d|e|r|,102210fe594ee9b33d82058545b1ed14f4c8206e,ContentfulSpeedIndex,amazon,True,amazon ContentfulSpeedIndex opt fission warm webrender,,77,ms,firefox,455998514,1314419,2024-04-26T09:39:43,261.1,c8be3827903b85cfb4313957b4f308f696d3b0fe,1416671
autoland,3870186,13,f36c3750a6bc0db1e2bc910e5f3a3acace5985a7,windows10-64-shippable-qr,True,False,,|f|i|s|s|i|o|n| |w|a|r|m| |w|e|b|r|e|n|d|e|r|,102210fe594ee9b33d82058545b1ed14f4c8206e,ContentfulSpeedIndex,amazon,True,amazon ContentfulSpeedIndex opt fission warm webrender,,77,ms,firefox,456031106,1429736,2024-04-26T13:51:38,267.0,462f013c08cacd7abfae1f2d1bf26354372a829f,1416831
autoland,3870186,13,f36c3750a6bc0db1e2bc910e5f3a3acace5985a7,windows10-64-shippable-qr,True,False,,|f|i|s|s|i|o|n| |w|a|r|m| |w|e|b|r|e|n|d|e|r|,102210fe594ee9b33d82058545b1ed14f4c8206e,ContentfulSpeedIndex,amazon,True,amazon ContentfulSpeedIndex opt fission warm webrender,,77,ms,firefox,456055958,1549263,2024-04-26T17:53:01,245.5,ed101e266315213d1ad0a423c49bade6ff5df172,1417003
autoland,3870186,13,f36c3750a6bc0db1e2bc910e5f3a3acace5985a7,windows10-64-shippable-qr,True,False,,|f|i|s|s|i|o|n| |w|a|r|m| |w|e|b|r|e|n|d|e|r|,102210fe594ee9b33d82058545b1ed14f4c8206e,ContentfulSpeedIndex,amazon,True,amazon ContentfulSpeedIndex opt fission warm webrender,,77,ms,firefox,456082644,1677479,2024-04-26T22:54:36,239.3,7b85c82d731ddab976c6abe7e54685cacaebba41,1417188
autoland,3870186,13,f36c3750a6bc0db1e2bc910e5f3a3acace5985a7,windows10-64-shippable-qr,True,False,,|f|i|s|s|i|o|n| |w|a|r|m| |w|e|b|r|e|n|d|e|r|,102210fe594ee9b33d82058545b1ed14f4c8206e,ContentfulSpeedIndex,amazon,True,amazon ContentfulSpeedIndex opt fission warm webrender,,77,ms,firefox,456094323,1759074,2024-04-27T03:46:15,237.8,45defed78aafc90410c68310027bf771bcfc5968,1417229
autoland,3870186,13,f36c3750a6bc0db1e2bc910e5f3a3acace5985a7,windows10-64-shippable-qr,True,False,,|f|i|s|s|i|o|n| |w|a|r|m| |w|e|b|r|e|n|d|e|r|,102210fe594ee9b33d82058545b1ed14f4c8206e,ContentfulSpeedIndex,amazon,True,amazon ContentfulSpeedIndex opt fission warm webrender,,77,ms,firefox,456116433,1856706,2024-04-27T10:47:32,254.0,b694b588a2936a5c99a0ecf2d9d8fb6382a2bff4,1417256
autoland,3870186,13,f36c3750a6bc0db1e2bc910e5f3a3acace5985a7,windows10-64-shippable-qr,True,False,,|f|i|s|s|i|o|n| |w|a|r|m| |w|e|b|r|e|n|d|e|r|,102210fe594ee9b33d82058545b1ed14f4c8206e,ContentfulSpeedIndex,amazon,True,amazon ContentfulSpeedIndex opt fission warm webrender,,77,ms,firefox,456136434,1951621,2024-04-27T18:43:51,241.2,69bb72420e433fa8d66fff354e5ce90402289ac1,1417294
autoland,3870186,13,f36c3750a6bc0db1e2bc910e5f3a3acace5985a7,windows10-64-shippable-qr,True,False,,|f|i|s|s|i|o|n| |w|a|r|m| |w|e|b|r|e|n|d|e|r|,102210fe594ee9b33d82058545b1ed14f4c8206e,ContentfulSpeedIndex,amazon,True,amazon ContentfulSpeedIndex opt fission warm webrender,,77,ms,firefox,456151282,2021604,2024-04-27T22:45:22,244.9,8256dde0533523666a60914881f81717e1705f8a,1417317
autoland,3870186,13,f36c3750a6bc0db1e2bc910e5f3a3acace5985a7,windows10-64-shippable-qr,True,False,,|f|i|s|s|i|o|n| |w|a|r|m| |w|e|b|r|e|n|d|e|r|,102210fe594ee9b33d82058545b1ed14f4c8206e,ContentfulSpeedIndex,amazon,True,amazon ContentfulSpeedIndex opt fission warm webrender,,77,ms,firefox,456157074,2053626,2024-04-28T03:23:06,264.8,d1651fe33156a2aab5884ab1eaaaa8c5dd64631d,1417329
autoland,3870186,13,f36c3750a6bc0db1e2bc910e5f3a3acace5985a7,windows10-64-shippable-qr,True,False,,|f|i|s|s|i|o|n| |w|a|r|m| |w|e|b|r|e|n|d|e|r|,102210fe594ee9b33d82058545b1ed14f4c8206e,ContentfulSpeedIndex,amazon,True,amazon ContentfulSpeedIndex opt fission warm webrender,,77,ms,firefox,456181174,2156592,2024-04-28T10:04:44,252.4,e479324bc8bb9135d7a48ad8ebc677725f27de37,1417378
autoland,3870186,13,f36c3750a6bc0db1e2bc910e5f3a3acace5985a7,windows10-64-shippable-qr,True,False,,|f|i|s|s|i|o|n| |w|a|r|m| |w|e|b|r|e|n|d|e|r|,102210fe594ee9b33d82058545b1ed14f4c8206e,ContentfulSpeedIndex,amazon,True,amazon ContentfulSpeedIndex opt fission warm webrender,,77,ms,firefox,456187872,2188123,2024-04-28T14:13:44,258.1,f157e5d64220507743654737cdd9b5e74f4f3ed5,1417383
autoland,3870186,13,f36c3750a6bc0db1e2bc910e5f3a3acace5985a7,windows10-64-shippable-qr,True,False,,|f|i|s|s|i|o|n| |w|a|r|m| |w|e|b|r|e|n|d|e|r|,102210fe594ee9b33d82058545b1ed14f4c8206e,ContentfulSpeedIndex,amazon,True,amazon ContentfulSpeedIndex opt fission warm webrender,,77,ms,firefox,456191975,2221834,2024-04-28T19:02:33,229.8,717a883474bedbbf5f420ffd52c76d3f6d4b910d,1417402
autoland,3870186,13,f36c3750a6bc0db1e2bc910e5f3a3acace5985a7,windows10-64-shippable-qr,True,False,,|f|i|s|s|i|o|n| |w|a|r|m| |w|e|b|r|e|n|d|e|r|,102210fe594ee9b33d82058545b1ed14f4c8206e,ContentfulSpeedIndex,amazon,True,amazon ContentfulSpeedIndex opt fission warm webrender,,77,ms,firefox,456208326,2290378,2024-04-29T00:22:43,242.4,0481d43263e16ab0b359e3c85888197704857817,1417434
autoland,3870186,13,f36c3750a6bc0db1e2bc910e5f3a3acace5985a7,windows10-64-shippable-qr,True,False,,|f|i|s|s|i|o|n| |w|a|r|m| |w|e|b|r|e|n|d|e|r|,102210fe594ee9b33d82058545b1ed14f4c8206e,ContentfulSpeedIndex,amazon,True,amazon ContentfulSpeedIndex opt fission warm webrender,,77,ms,firefox,456217136,2367568,2024-04-29T06:17:09,240.7,6b17c605c084e2db078b234e703a176d3b427fe1,1417456
autoland,3870186,13,f36c3750a6bc0db1e2bc910e5f3a3acace5985a7,windows10-64-shippable-qr,True,False,,|f|i|s|s|i|o|n| |w|a|r|m| |w|e|b|r|e|n|d|e|r|,102210fe594ee9b33d82058545b1ed14f4c8206e,ContentfulSpeedIndex,amazon,True,amazon ContentfulSpeedIndex opt fission warm webrender,,77,ms,firefox,456250499,2542147,2024-04-29T10:38:34,261.0,04a668ef9c909b54153526f6b4e28b4287e80664,1417565
autoland,3870186,13,f36c3750a6bc0db1e2bc910e5f3a3acace5985a7,windows10-64-shippable-qr,True,False,,|f|i|s|s|i|o|n| |w|a|r|m| |w|e|b|r|e|n|d|e|r|,102210fe594ee9b33d82058545b1ed14f4c8206e,ContentfulSpeedIndex,amazon,True,amazon ContentfulSpeedIndex opt fission warm webrender,,77,ms,firefox,456295166,2701390,2024-04-29T14:46:23,248.3,650dda9187436a12c66c2e81441e68e1d481e164,1417768
autoland,3870186,13,f36c3750a6bc0db1e2bc910e5f3a3acace5985a7,windows10-64-shippable-qr,True,False,,|f|i|s|s|i|o|n| |w|a|r|m| |w|e|b|r|e|n|d|e|r|,102210fe594ee9b33d82058545b1ed14f4c8206e,ContentfulSpeedIndex,amazon,True,amazon ContentfulSpeedIndex opt fission warm webrender,,77,ms,firefox,456379461,3149776,2024-04-29T14:47:47,262.6,efdaf7a2b304f9e71ba7b718af54373670cf6f93,1417771
autoland,3870186,13,f36c3750a6bc0db1e2bc910e5f3a3acace5985a7,windows10-64-shippable-qr,True,False,,|f|i|s|s|i|o|n| |w|a|r|m| |w|e|b|r|e|n|d|e|r|,102210fe594ee9b33d82058545b1ed14f4c8206e,ContentfulSpeedIndex,amazon,True,amazon ContentfulSpeedIndex opt fission warm webrender,,77,ms,firefox,456379920,3163702,2024-04-29T15:00:21,258.1,dc425d760d0918fee1c46e930cf3badd1f1f0fb9,1417778
autoland,3870186,13,f36c3750a6bc0db1e2bc910e5f3a3acace5985a7,windows10-64-shippable-qr,True,False,,|f|i|s|s|i|o|n| |w|a|r|m| |w|e|b|r|e|n|d|e|r|,102210fe594ee9b33d82058545b1ed14f4c8206e,ContentfulSpeedIndex,amazon,True,amazon ContentfulSpeedIndex opt fission warm webrender,,77,ms,firefox,456339253,2970453,2024-04-29T19:52:22,251.8,e9cdeeb2f957d210479897325c1d72ded8f512a4,1418020
autoland,3870186,13,f36c3750a6bc0db1e2bc910e5f3a3acace5985a7,windows10-64-shippable-qr,True,False,,|f|i|s|s|i|o|n| |w|a|r|m| |w|e|b|r|e|n|d|e|r|,102210fe594ee9b33d82058545b1ed14f4c8206e,ContentfulSpeedIndex,amazon,True,amazon ContentfulSpeedIndex opt fission warm webrender,,77,ms,firefox,456368113,3074886,2024-04-30T00:02:50,246.8,660a39c9cdc7fc3c728c5da5ccaa8856854fa346,1418169
autoland,3870186,13,f36c3750a6bc0db1e2bc910e5f3a3acace5985a7,windows10-64-shippable-qr,True,False,,|f|i|s|s|i|o|n| |w|a|r|m| |w|e|b|r|e|n|d|e|r|,102210fe594ee9b33d82058545b1ed14f4c8206e,ContentfulSpeedIndex,amazon,True,amazon ContentfulSpeedIndex opt fission warm webrender,,77,ms,firefox,456379402,3144714,2024-04-30T05:00:53,249.1,0c6cd807867dbaf592b3c7db4eef81220fe03acf,1418256
autoland,3870186,13,f36c3750a6bc0db1e2bc910e5f3a3acace5985a7,windows10-64-shippable-qr,True,False,,|f|i|s|s|i|o|n| |w|a|r|m| |w|e|b|r|e|n|d|e|r|,102210fe594ee9b33d82058545b1ed14f4c8206e,ContentfulSpeedIndex,amazon,True,amazon ContentfulSpeedIndex opt fission warm webrender,,77,ms,firefox,456398260,3259760,2024-04-30T09:02:30,245.6,5502377f2629549b2b7c5368c980d0487ed281d4,1418348
autoland,3870186,13,f36c3750a6bc0db1e2bc910e5f3a3acace5985a7,windows10-64-shippable-qr,True,False,,|f|i|s|s|i|o|n| |w|a|r|m| |w|e|b|r|e|n|d|e|r|,102210fe594ee9b33d82058545b1ed14f4c8206e,ContentfulSpeedIndex,amazon,True,amazon ContentfulSpeedIndex opt fission warm webrender,,77,ms,firefox,456524876,3984730,2024-04-30T09:34:04,267.3,26390589f165128dffd39f91181ed9c9daf7afaa,1418368
autoland,3870186,13,f36c3750a6bc0db1e2bc910e5f3a3acace5985a7,windows10-64-shippable-qr,True,False,,|f|i|s|s|i|o|n| |w|a|r|m| |w|e|b|r|e|n|d|e|r|,102210fe594ee9b33d82058545b1ed14f4c8206e,ContentfulSpeedIndex,amazon,True,amazon ContentfulSpeedIndex opt fission warm webrender,,77,ms,firefox,456524945,3988929,2024-04-30T10:38:29,252.4,d642b8b54c96cbe8ecce5112f12979726ab9eec9,1418396
autoland,3870186,13,f36c3750a6bc0db1e2bc910e5f3a3acace5985a7,windows10-64-shippable-qr,True,False,,|f|i|s|s|i|o|n| |w|a|r|m| |w|e|b|r|e|n|d|e|r|,102210fe594ee9b33d82058545b1ed14f4c8206e,ContentfulSpeedIndex,amazon,True,amazon ContentfulSpeedIndex opt fission warm webrender,,77,ms,firefox,456450161,3441430,2024-04-30T13:09:55,258.2,df31c6244c03bc65932fec706fefedf091587459,1418487
autoland,3870186,13,f36c3750a6bc0db1e2bc910e5f3a3acace5985a7,windows10-64-shippable-qr,True,False,,|f|i|s|s|i|o|n| |w|a|r|m| |w|e|b|r|e|n|d|e|r|,102210fe594ee9b33d82058545b1ed14f4c8206e,ContentfulSpeedIndex,amazon,True,amazon ContentfulSpeedIndex opt fission warm webrender,,77,ms,firefox,456525189,3995030,2024-04-30T15:40:12,243.6,c6a1a0587644242ad8f8fc0bcf0a94c8e485fc19,1418640
autoland,3870186,13,f36c3750a6bc0db1e2bc910e5f3a3acace5985a7,windows10-64-shippable-qr,True,False,,|f|i|s|s|i|o|n| |w|a|r|m| |w|e|b|r|e|n|d|e|r|,102210fe594ee9b33d82058545b1ed14f4c8206e,ContentfulSpeedIndex,amazon,True,amazon ContentfulSpeedIndex opt fission warm webrender,,77,ms,firefox,456525419,4008850,2024-04-30T15:58:16,258.4,ba7ae57dce0dd88946407baf4899d321ca533e03,1418659
autoland,3870186,13,f36c3750a6bc0db1e2bc910e5f3a3acace5985a7,windows10-64-shippable-qr,True,False,,|f|i|s|s|i|o|n| |w|a|r|m| |w|e|b|r|e|n|d|e|r|,102210fe594ee9b33d82058545b1ed14f4c8206e,ContentfulSpeedIndex,amazon,True,amazon ContentfulSpeedIndex opt fission warm webrender,,77,ms,firefox,456564098,4027784,2024-04-30T16:26:23,251.4,8f7500d7e530d9db7e5101922db97ea633705f4e,1418685
autoland,3870186,13,f36c3750a6bc0db1e2bc910e5f3a3acace5985a7,windows10-64-shippable-qr,True,False,,|f|i|s|s|i|o|n| |w|a|r|m| |w|e|b|r|e|n|d|e|r|,102210fe594ee9b33d82058545b1ed14f4c8206e,ContentfulSpeedIndex,amazon,True,amazon ContentfulSpeedIndex opt fission warm webrender,,77,ms,firefox,456483381,3969074,2024-04-30T19:24:53,250.2,ec8f015d7e7237118cd2c9633310bf3b43bc902b,1418797
autoland,3870186,13,f36c3750a6bc0db1e2bc910e5f3a3acace5985a7,windows10-64-shippable-qr,True,False,,|f|i|s|s|i|o|n| |w|a|r|m| |w|e|b|r|e|n|d|e|r|,102210fe594ee9b33d82058545b1ed14f4c8206e,ContentfulSpeedIndex,amazon,True,amazon ContentfulSpeedIndex opt fission warm webrender,,77,ms,firefox,456514377,3971055,2024-04-30T23:32:26,250.5,cd22a3f9463d7df724c7e17c83b6f9d8fe0dd54e,1418926
autoland,3870186,13,f36c3750a6bc0db1e2bc910e5f3a3acace5985a7,windows10-64-shippable-qr,True,False,,|f|i|s|s|i|o|n| |w|a|r|m| |w|e|b|r|e|n|d|e|r|,102210fe594ee9b33d82058545b1ed14f4c8206e,ContentfulSpeedIndex,amazon,True,amazon ContentfulSpeedIndex opt fission warm webrender,,77,ms,firefox,456524114,3982307,2024-05-01T03:47:22,267.8,5801de1f3daa092cf721149dc96e7b073c172a92,1419018
autoland,3870186,13,f36c3750a6bc0db1e2bc910e5f3a3acace5985a7,windows10-64-shippable-qr,True,False,,|f|i|s|s|i|o|n| |w|a|r|m| |w|e|b|r|e|n|d|e|r|,102210fe594ee9b33d82058545b1ed14f4c8206e,ContentfulSpeedIndex,amazon,True,amazon ContentfulSpeedIndex opt fission warm webrender,,77,ms,firefox,456540261,4024700,2024-05-01T07:50:28,242.0,287f670c824ebf9c8dbde990f795f92c94af4882,1419058
autoland,3870186,13,f36c3750a6bc0db1e2bc910e5f3a3acace5985a7,windows10-64-shippable-qr,True,False,,|f|i|s|s|i|o|n| |w|a|r|m| |w|e|b|r|e|n|d|e|r|,102210fe594ee9b33d82058545b1ed14f4c8206e,ContentfulSpeedIndex,amazon,True,amazon ContentfulSpeedIndex opt fission warm webrender,,77,ms,firefox,456580978,4091783,2024-05-01T18:27:07,245.8,0c09216614e40f92d253d63a3699eb680be6773a,1419281
autoland,3870186,13,f36c3750a6bc0db1e2bc910e5f3a3acace5985a7,windows10-64-shippable-qr,True,False,,|f|i|s|s|i|o|n| |w|a|r|m| |w|e|b|r|e|n|d|e|r|,102210fe594ee9b33d82058545b1ed14f4c8206e,ContentfulSpeedIndex,amazon,True,amazon ContentfulSpeedIndex opt fission warm webrender,,77,ms,firefox,456605349,4245907,2024-05-01T20:27:27,248.8,b8f4a7d4d873dccbf25b9bc2f3510753c2b3fde7,1419379
autoland,3870186,13,f36c3750a6bc0db1e2bc910e5f3a3acace5985a7,windows10-64-shippable-qr,True,False,,|f|i|s|s|i|o|n| |w|a|r|m| |w|e|b|r|e|n|d|e|r|,102210fe594ee9b33d82058545b1ed14f4c8206e,ContentfulSpeedIndex,amazon,True,amazon ContentfulSpeedIndex opt fission warm webrender,,77,ms,firefox,456638299,4399795,2024-05-01T22:41:28,251.5,c20a8162786c1c65c5f6de523fe04ed01e365e70,1419434
autoland,3870186,13,f36c3750a6bc0db1e2bc910e5f3a3acace5985a7,windows10-64-shippable-qr,True,False,,|f|i|s|s|i|o|n| |w|a|r|m| |w|e|b|r|e|n|d|e|r|,102210fe594ee9b33d82058545b1ed14f4c8206e,ContentfulSpeedIndex,amazon,True,amazon ContentfulSpeedIndex opt fission warm webrender,,77,ms,firefox,456637362,4393725,2024-05-01T22:42:15,266.8,cc7310ddf9a3d299491efc7c2b1279cef8b05ae7,1419435
autoland,3870186,13,f36c3750a6bc0db1e2bc910e5f3a3acace5985a7,windows10-64-shippable-qr,True,False,,|f|i|s|s|i|o|n| |w|a|r|m| |w|e|b|r|e|n|d|e|r|,102210fe594ee9b33d82058545b1ed14f4c8206e,ContentfulSpeedIndex,amazon,True,amazon ContentfulSpeedIndex opt fission warm webrender,,77,ms,firefox,456638717,4414608,2024-05-01T22:43:04,252.8,f873ea171aa0a79e19d6d38f0801893b0fb7127f,1419437
autoland,3870186,13,f36c3750a6bc0db1e2bc910e5f3a3acace5985a7,windows10-64-shippable-qr,True,False,,|f|i|s|s|i|o|n| |w|a|r|m| |w|e|b|r|e|n|d|e|r|,102210fe594ee9b33d82058545b1ed14f4c8206e,ContentfulSpeedIndex,amazon,True,amazon ContentfulSpeedIndex opt fission warm webrender,,77,ms,firefox,456615791,4294793,2024-05-01T23:13:57,274.6,533fbd9c5056d0b2611e332cddafd7337193d64f,1419453
autoland,3870186,13,f36c3750a6bc0db1e2bc910e5f3a3acace5985a7,windows10-64-shippable-qr,True,False,,|f|i|s|s|i|o|n| |w|a|r|m| |w|e|b|r|e|n|d|e|r|,102210fe594ee9b33d82058545b1ed14f4c8206e,ContentfulSpeedIndex,amazon,True,amazon ContentfulSpeedIndex opt fission warm webrender,,77,ms,firefox,456638961,4437616,2024-05-02T04:22:12,258.9,dda5d5286866494223d6cc52382d52032d961218,1419529
autoland,3870186,13,f36c3750a6bc0db1e2bc910e5f3a3acace5985a7,windows10-64-shippable-qr,True,False,,|f|i|s|s|i|o|n| |w|a|r|m| |w|e|b|r|e|n|d|e|r|,102210fe594ee9b33d82058545b1ed14f4c8206e,ContentfulSpeedIndex,amazon,True,amazon ContentfulSpeedIndex opt fission warm webrender,,77,ms,firefox,456663711,4598348,2024-05-02T08:48:43,258.5,8f1e622a3413df009913d856f603c77b8e637efc,1419618
autoland,3870186,13,f36c3750a6bc0db1e2bc910e5f3a3acace5985a7,windows10-64-shippable-qr,True,False,,|f|i|s|s|i|o|n| |w|a|r|m| |w|e|b|r|e|n|d|e|r|,102210fe594ee9b33d82058545b1ed14f4c8206e,ContentfulSpeedIndex,amazon,True,amazon ContentfulSpeedIndex opt fission warm webrender,,77,ms,firefox,456699819,4794061,2024-05-02T12:53:32,243.1,ea25d02dac47e6880ab5b936adc308c24cbeab32,1419765
autoland,3870186,13,f36c3750a6bc0db1e2bc910e5f3a3acace5985a7,windows10-64-shippable-qr,True,False,,|f|i|s|s|i|o|n| |w|a|r|m| |w|e|b|r|e|n|d|e|r|,102210fe594ee9b33d82058545b1ed14f4c8206e,ContentfulSpeedIndex,amazon,True,amazon ContentfulSpeedIndex opt fission warm webrender,,77,ms,firefox,456721335,4887137,2024-05-02T15:44:03,243.0,91cfcfc5935b5ac51c36c1a08a064c33a2d96fd5,1419950
autoland,3870186,13,f36c3750a6bc0db1e2bc910e5f3a3acace5985a7,windows10-64-shippable-qr,True,False,,|f|i|s|s|i|o|n| |w|a|r|m| |w|e|b|r|e|n|d|e|r|,102210fe594ee9b33d82058545b1ed14f4c8206e,ContentfulSpeedIndex,amazon,True,amazon ContentfulSpeedIndex opt fission warm webrender,,77,ms,firefox,456738956,4986422,2024-05-02T17:57:36,242.3,3a0b95c0a8b3e334c5811a26420f39aaba7e5be3,1420053
autoland,3870186,13,f36c3750a6bc0db1e2bc910e5f3a3acace5985a7,windows10-64-shippable-qr,True,False,,|f|i|s|s|i|o|n| |w|a|r|m| |w|e|b|r|e|n|d|e|r|,102210fe594ee9b33d82058545b1ed14f4c8206e,ContentfulSpeedIndex,amazon,True,amazon ContentfulSpeedIndex opt fission warm webrender,,77,ms,firefox,456777400,5142388,2024-05-02T23:51:01,255.6,f5cfc0ea73926b119ca193381efffbfa5859d867,1420328
autoland,3870186,13,f36c3750a6bc0db1e2bc910e5f3a3acace5985a7,windows10-64-shippable-qr,True,False,,|f|i|s|s|i|o|n| |w|a|r|m| |w|e|b|r|e|n|d|e|r|,102210fe594ee9b33d82058545b1ed14f4c8206e,ContentfulSpeedIndex,amazon,True,amazon ContentfulSpeedIndex opt fission warm webrender,,77,ms,firefox,456791704,5269946,2024-05-03T04:04:06,250.5,c5c13444d9afc38f2ee8d567a1a17f26a9b6659b,1420386
autoland,3870186,13,f36c3750a6bc0db1e2bc910e5f3a3acace5985a7,windows10-64-shippable-qr,True,False,,|f|i|s|s|i|o|n| |w|a|r|m| |w|e|b|r|e|n|d|e|r|,102210fe594ee9b33d82058545b1ed14f4c8206e,ContentfulSpeedIndex,amazon,True,amazon ContentfulSpeedIndex opt fission warm webrender,,77,ms,firefox,456817345,5370981,2024-05-03T08:10:40,257.7,fd534101970b397f34b099196fabc43b927c7fcf,1420452
autoland,3870186,13,f36c3750a6bc0db1e2bc910e5f3a3acace5985a7,windows10-64-shippable-qr,True,False,,|f|i|s|s|i|o|n| |w|a|r|m| |w|e|b|r|e|n|d|e|r|,102210fe594ee9b33d82058545b1ed14f4c8206e,ContentfulSpeedIndex,amazon,True,amazon ContentfulSpeedIndex opt fission warm webrender,,77,ms,firefox,456870175,5633429,2024-05-03T12:18:12,254.4,e91d8e436dcc57f87d15822b1dc5b12644cb980e,1420590
autoland,3870186,13,f36c3750a6bc0db1e2bc910e5f3a3acace5985a7,windows10-64-shippable-qr,True,False,,|f|i|s|s|i|o|n| |w|a|r|m| |w|e|b|r|e|n|d|e|r|,102210fe594ee9b33d82058545b1ed14f4c8206e,ContentfulSpeedIndex,amazon,True,amazon ContentfulSpeedIndex opt fission warm webrender,,77,ms,firefox,456944936,6181468,2024-05-03T14:27:41,262.0,e3c2a1a1c6f49f351ee44f96a5a16f7ba91bd9ea,1420712
autoland,3870186,13,f36c3750a6bc0db1e2bc910e5f3a3acace5985a7,windows10-64-shippable-qr,True,False,,|f|i|s|s|i|o|n| |w|a|r|m| |w|e|b|r|e|n|d|e|r|,102210fe594ee9b33d82058545b1ed14f4c8206e,ContentfulSpeedIndex,amazon,True,amazon ContentfulSpeedIndex opt fission warm webrender,,77,ms,firefox,456944792,6176159,2024-05-03T14:31:38,262.9,e22820789eaab8ed7ab2e189a831c85a008f0f58,1420719
autoland,3870186,13,f36c3750a6bc0db1e2bc910e5f3a3acace5985a7,windows10-64-shippable-qr,True,False,,|f|i|s|s|i|o|n| |w|a|r|m| |w|e|b|r|e|n|d|e|r|,102210fe594ee9b33d82058545b1ed14f4c8206e,ContentfulSpeedIndex,amazon,True,amazon ContentfulSpeedIndex opt fission warm webrender,,77,ms,firefox,456889703,5783561,2024-05-03T16:29:14,252.4,0a8a8f84140a331e815f8520a76a3c928e4486ea,1420823
autoland,3870186,13,f36c3750a6bc0db1e2bc910e5f3a3acace5985a7,windows10-64-shippable-qr,True,False,,|f|i|s|s|i|o|n| |w|a|r|m| |w|e|b|r|e|n|d|e|r|,102210fe594ee9b33d82058545b1ed14f4c8206e,ContentfulSpeedIndex,amazon,True,amazon ContentfulSpeedIndex opt fission warm webrender,,77,ms,firefox,456908923,5932978,2024-05-03T19:41:01,238.3,1e88e24f01e40c6d9b7e3f222f4fbb0d55c9639d,1420975
autoland,3870186,13,f36c3750a6bc0db1e2bc910e5f3a3acace5985a7,windows10-64-shippable-qr,True,False,,|f|i|s|s|i|o|n| |w|a|r|m| |w|e|b|r|e|n|d|e|r|,102210fe594ee9b33d82058545b1ed14f4c8206e,ContentfulSpeedIndex,amazon,True,amazon ContentfulSpeedIndex opt fission warm webrender,,77,ms,firefox,456935156,6092642,2024-05-04T00:06:35,247.8,b5ebcaf20c9cca5a0f4b965c398f0f26296df1b5,1421120
autoland,3870186,13,f36c3750a6bc0db1e2bc910e5f3a3acace5985a7,windows10-64-shippable-qr,True,False,,|f|i|s|s|i|o|n| |w|a|r|m| |w|e|b|r|e|n|d|e|r|,102210fe594ee9b33d82058545b1ed14f4c8206e,ContentfulSpeedIndex,amazon,True,amazon ContentfulSpeedIndex opt fission warm webrender,,77,ms,firefox,456959883,6249389,2024-05-04T09:19:48,244.8,a546ec29a8018c8e98e738460e9bdfd5d4003690,1421174
autoland,3870186,13,f36c3750a6bc0db1e2bc910e5f3a3acace5985a7,windows10-64-shippable-qr,True,False,,|f|i|s|s|i|o|n| |w|a|r|m| |w|e|b|r|e|n|d|e|r|,102210fe594ee9b33d82058545b1ed14f4c8206e,ContentfulSpeedIndex,amazon,True,amazon ContentfulSpeedIndex opt fission warm webrender,,77,ms,firefox,456980085,6355930,2024-05-04T19:44:42,247.7,422a6a673019bc0e2dfd459eceee9594246a0a9d,1421318
autoland,3870186,13,f36c3750a6bc0db1e2bc910e5f3a3acace5985a7,windows10-64-shippable-qr,True,False,,|f|i|s|s|i|o|n| |w|a|r|m| |w|e|b|r|e|n|d|e|r|,102210fe594ee9b33d82058545b1ed14f4c8206e,ContentfulSpeedIndex,amazon,True,amazon ContentfulSpeedIndex opt fission warm webrender,,77,ms,firefox,456996598,6421879,2024-05-05T00:17:27,260.0,1343ec609dea28acb4b297bebd481211e1742b11,1421344
autoland,3870186,13,f36c3750a6bc0db1e2bc910e5f3a3acace5985a7,windows10-64-shippable-qr,True,False,,|f|i|s|s|i|o|n| |w|a|r|m| |w|e|b|r|e|n|d|e|r|,102210fe594ee9b33d82058545b1ed14f4c8206e,ContentfulSpeedIndex,amazon,True,amazon ContentfulSpeedIndex opt fission warm webrender,,77,ms,firefox,457010631,6521338,2024-05-05T08:06:08,282.3,5c3e0ef9b916432dfc42f800c3c7997f58ae5a63,1421422
autoland,3870186,13,f36c3750a6bc0db1e2bc910e5f3a3acace5985a7,windows10-64-shippable-qr,True,False,,|f|i|s|s|i|o|n| |w|a|r|m| |w|e|b|r|e|n|d|e|r|,102210fe594ee9b33d82058545b1ed14f4c8206e,ContentfulSpeedIndex,amazon,True,amazon ContentfulSpeedIndex opt fission warm webrender,,77,ms,firefox,457031841,6634220,2024-05-05T13:09:56,224.1,286a373804e5360a54d51ec691ba7bfd02def155,1421444
autoland,3870186,13,f36c3750a6bc0db1e2bc910e5f3a3acace5985a7,windows10-64-shippable-qr,True,False,,|f|i|s|s|i|o|n| |w|a|r|m| |w|e|b|r|e|n|d|e|r|,102210fe594ee9b33d82058545b1ed14f4c8206e,ContentfulSpeedIndex,amazon,True,amazon ContentfulSpeedIndex opt fission warm webrender,,77,ms,firefox,457036720,6684463,2024-05-05T17:38:00,247.2,a6cb5ac7a79af000e99bf48f04ecb2943fcd3c68,1421459
autoland,3870186,13,f36c3750a6bc0db1e2bc910e5f3a3acace5985a7,windows10-64-shippable-qr,True,False,,|f|i|s|s|i|o|n| |w|a|r|m| |w|e|b|r|e|n|d|e|r|,102210fe594ee9b33d82058545b1ed14f4c8206e,ContentfulSpeedIndex,amazon,True,amazon ContentfulSpeedIndex opt fission warm webrender,,77,ms,firefox,457055551,6783436,2024-05-05T22:09:52,246.7,ea67e3b59c22cea8a2c797ce9a6608d3ddeaeca9,1421479
autoland,3870186,13,f36c3750a6bc0db1e2bc910e5f3a3acace5985a7,windows10-64-shippable-qr,True,False,,|f|i|s|s|i|o|n| |w|a|r|m| |w|e|b|r|e|n|d|e|r|,102210fe594ee9b33d82058545b1ed14f4c8206e,ContentfulSpeedIndex,amazon,True,amazon ContentfulSpeedIndex opt fission warm webrender,,77,ms,firefox,457060942,6839675,2024-05-06T03:19:39,240.1,ab041350c7569b831b00994a96625b9354dcf6b6,1421502
autoland,3870186,13,f36c3750a6bc0db1e2bc910e5f3a3acace5985a7,windows10-64-shippable-qr,True,False,,|f|i|s|s|i|o|n| |w|a|r|m| |w|e|b|r|e|n|d|e|r|,102210fe594ee9b33d82058545b1ed14f4c8206e,ContentfulSpeedIndex,amazon,True,amazon ContentfulSpeedIndex opt fission warm webrender,,77,ms,firefox,457221722,7557497,2024-05-06T03:26:48,239.3,35d94430dcd939821a6eb019d739ae0d4077b831,1421504
autoland,3870186,13,f36c3750a6bc0db1e2bc910e5f3a3acace5985a7,windows10-64-shippable-qr,True,False,,|f|i|s|s|i|o|n| |w|a|r|m| |w|e|b|r|e|n|d|e|r|,102210fe594ee9b33d82058545b1ed14f4c8206e,ContentfulSpeedIndex,amazon,True,amazon ContentfulSpeedIndex opt fission warm webrender,,77,ms,firefox,457071447,6904923,2024-05-06T07:31:35,258.7,65e120a9c1dcb9c8f1c8930e808b03aa149eaf40,1421524
autoland,3870186,13,f36c3750a6bc0db1e2bc910e5f3a3acace5985a7,windows10-64-shippable-qr,True,False,,|f|i|s|s|i|o|n| |w|a|r|m| |w|e|b|r|e|n|d|e|r|,102210fe594ee9b33d82058545b1ed14f4c8206e,ContentfulSpeedIndex,amazon,True,amazon ContentfulSpeedIndex opt fission warm webrender,,77,ms,firefox,457134040,7180635,2024-05-06T15:35:21,268.4,26e8012d5da938871783505e3753b681ab8cb186,1421812
autoland,3870186,13,f36c3750a6bc0db1e2bc910e5f3a3acace5985a7,windows10-64-shippable-qr,True,False,,|f|i|s|s|i|o|n| |w|a|r|m| |w|e|b|r|e|n|d|e|r|,102210fe594ee9b33d82058545b1ed14f4c8206e,ContentfulSpeedIndex,amazon,True,amazon ContentfulSpeedIndex opt fission warm webrender,,77,ms,firefox,457153352,7268595,2024-05-06T17:44:25,255.1,eb10b86b18adfc70952409e13993f834d33fa099,1421908
autoland,3870186,13,f36c3750a6bc0db1e2bc910e5f3a3acace5985a7,windows10-64-shippable-qr,True,False,,|f|i|s|s|i|o|n| |w|a|r|m| |w|e|b|r|e|n|d|e|r|,102210fe594ee9b33d82058545b1ed14f4c8206e,ContentfulSpeedIndex,amazon,True,amazon ContentfulSpeedIndex opt fission warm webrender,,77,ms,firefox,457179728,7362150,2024-05-06T20:39:16,261.1,4c7b1942b455d9c365693e5584f7ea86c5b33615,1422073
autoland,3870186,13,f36c3750a6bc0db1e2bc910e5f3a3acace5985a7,windows10-64-shippable-qr,True,False,,|f|i|s|s|i|o|n| |w|a|r|m| |w|e|b|r|e|n|d|e|r|,102210fe594ee9b33d82058545b1ed14f4c8206e,ContentfulSpeedIndex,amazon,True,amazon ContentfulSpeedIndex opt fission warm webrender,,77,ms,firefox,457211764,7507011,2024-05-07T01:41:54,234.6,945bbd356b57424bcdb359e6d88c48cd03ff2c10,1422278
autoland,3870186,13,f36c3750a6bc0db1e2bc910e5f3a3acace5985a7,windows10-64-shippable-qr,True,False,,|f|i|s|s|i|o|n| |w|a|r|m| |w|e|b|r|e|n|d|e|r|,102210fe594ee9b33d82058545b1ed14f4c8206e,ContentfulSpeedIndex,amazon,True,amazon ContentfulSpeedIndex opt fission warm webrender,,77,ms,firefox,457231993,7602235,2024-05-07T06:04:59,234.5,80150ac16109a11457c3103e68bf1c7ac29270c0,1422341
autoland,3870186,13,f36c3750a6bc0db1e2bc910e5f3a3acace5985a7,windows10-64-shippable-qr,True,False,,|f|i|s|s|i|o|n| |w|a|r|m| |w|e|b|r|e|n|d|e|r|,102210fe594ee9b33d82058545b1ed14f4c8206e,ContentfulSpeedIndex,amazon,True,amazon ContentfulSpeedIndex opt fission warm webrender,,77,ms,firefox,457279741,7785740,2024-05-07T10:41:19,250.0,641e15621e7bd2e0e8a2fab82d2b9838e386c3c4,1422484
autoland,3870186,13,f36c3750a6bc0db1e2bc910e5f3a3acace5985a7,windows10-64-shippable-qr,True,False,,|f|i|s|s|i|o|n| |w|a|r|m| |w|e|b|r|e|n|d|e|r|,102210fe594ee9b33d82058545b1ed14f4c8206e,ContentfulSpeedIndex,amazon,True,amazon ContentfulSpeedIndex opt fission warm webrender,,77,ms,firefox,457312244,7930207,2024-05-07T14:42:49,245.1,0041f761ddff5c598852d2b5cc41772a3a11cd0b,1422671
autoland,3870186,13,f36c3750a6bc0db1e2bc910e5f3a3acace5985a7,windows10-64-shippable-qr,True,False,,|f|i|s|s|i|o|n| |w|a|r|m| |w|e|b|r|e|n|d|e|r|,102210fe594ee9b33d82058545b1ed14f4c8206e,ContentfulSpeedIndex,amazon,True,amazon ContentfulSpeedIndex opt fission warm webrender,,77,ms,firefox,457353813,8201193,2024-05-07T18:25:44,250.7,425b44586178edae02872c1fbc0220a0b4ff4c1d,1422943
autoland,3870186,13,f36c3750a6bc0db1e2bc910e5f3a3acace5985a7,windows10-64-shippable-qr,True,False,,|f|i|s|s|i|o|n| |w|a|r|m| |w|e|b|r|e|n|d|e|r|,102210fe594ee9b33d82058545b1ed14f4c8206e,ContentfulSpeedIndex,amazon,True,amazon ContentfulSpeedIndex opt fission warm webrender,,77,ms,firefox,457375669,8295610,2024-05-07T22:14:58,244.1,149e752fdb3fa75a3a02f55e7c7c91f7f704cf8a,1423124
autoland,3870186,13,f36c3750a6bc0db1e2bc910e5f3a3acace5985a7,windows10-64-shippable-qr,True,False,,|f|i|s|s|i|o|n| |w|a|r|m| |w|e|b|r|e|n|d|e|r|,102210fe594ee9b33d82058545b1ed14f4c8206e,ContentfulSpeedIndex,amazon,True,amazon ContentfulSpeedIndex opt fission warm webrender,,77,ms,firefox,457409939,8469566,2024-05-08T04:41:52,249.8,a0b3e2669a2dc49c467521cb9b7966ca05e3dbc3,1423269
autoland,3870186,13,f36c3750a6bc0db1e2bc910e5f3a3acace5985a7,windows10-64-shippable-qr,True,False,,|f|i|s|s|i|o|n| |w|a|r|m| |w|e|b|r|e|n|d|e|r|,102210fe594ee9b33d82058545b1ed14f4c8206e,ContentfulSpeedIndex,amazon,True,amazon ContentfulSpeedIndex opt fission warm webrender,,77,ms,firefox,457423326,8555617,2024-05-08T08:48:11,253.8,bec816ef2f2c29ed86b08bb592d6283618418e16,1423316
autoland,3870186,13,f36c3750a6bc0db1e2bc910e5f3a3acace5985a7,windows10-64-shippable-qr,True,False,,|f|i|s|s|i|o|n| |w|a|r|m| |w|e|b|r|e|n|d|e|r|,102210fe594ee9b33d82058545b1ed14f4c8206e,ContentfulSpeedIndex,amazon,True,amazon ContentfulSpeedIndex opt fission warm webrender,,77,ms,firefox,457470796,8729638,2024-05-08T13:09:13,242.8,ed7b6f65910afcd687ef5aaa25605666805796bb,1423417
autoland,3870186,13,f36c3750a6bc0db1e2bc910e5f3a3acace5985a7,windows10-64-shippable-qr,True,False,,|f|i|s|s|i|o|n| |w|a|r|m| |w|e|b|r|e|n|d|e|r|,102210fe594ee9b33d82058545b1ed14f4c8206e,ContentfulSpeedIndex,amazon,True,amazon ContentfulSpeedIndex opt fission warm webrender,,77,ms,firefox,457478624,8762689,2024-05-08T15:06:56,242.9,1ebb69c4b2f06a5c589775b3bb2855e58164a487,1423517
autoland,3870186,13,f36c3750a6bc0db1e2bc910e5f3a3acace5985a7,windows10-64-shippable-qr,True,False,,|f|i|s|s|i|o|n| |w|a|r|m| |w|e|b|r|e|n|d|e|r|,102210fe594ee9b33d82058545b1ed14f4c8206e,ContentfulSpeedIndex,amazon,True,amazon ContentfulSpeedIndex opt fission warm webrender,,77,ms,firefox,457512495,8952416,2024-05-08T18:58:38,245.8,c07ec5ce9aa1d890134ffb93e07d7d0335f27378,1423722
autoland,3870186,13,f36c3750a6bc0db1e2bc910e5f3a3acace5985a7,windows10-64-shippable-qr,True,False,,|f|i|s|s|i|o|n| |w|a|r|m| |w|e|b|r|e|n|d|e|r|,102210fe594ee9b33d82058545b1ed14f4c8206e,ContentfulSpeedIndex,amazon,True,amazon ContentfulSpeedIndex opt fission warm webrender,,77,ms,firefox,457545317,9123745,2024-05-08T23:49:41,275.3,01861e5e1b98806940ababc254bb686f52623b40,1423919
autoland,3870186,13,f36c3750a6bc0db1e2bc910e5f3a3acace5985a7,windows10-64-shippable-qr,True,False,,|f|i|s|s|i|o|n| |w|a|r|m| |w|e|b|r|e|n|d|e|r|,102210fe594ee9b33d82058545b1ed14f4c8206e,ContentfulSpeedIndex,amazon,True,amazon ContentfulSpeedIndex opt fission warm webrender,,77,ms,firefox,457557353,9178169,2024-05-09T04:11:38,242.3,c0f58fd74e56b24f67fccae08097d151e21a0f80,1423993
autoland,3870186,13,f36c3750a6bc0db1e2bc910e5f3a3acace5985a7,windows10-64-shippable-qr,True,False,,|f|i|s|s|i|o|n| |w|a|r|m| |w|e|b|r|e|n|d|e|r|,102210fe594ee9b33d82058545b1ed14f4c8206e,ContentfulSpeedIndex,amazon,True,amazon ContentfulSpeedIndex opt fission warm webrender,,77,ms,firefox,457571944,9286113,2024-05-09T08:49:31,238.2,92274e732410e980f3458a3c592415924a307260,1424041
autoland,3870186,13,f36c3750a6bc0db1e2bc910e5f3a3acace5985a7,windows10-64-shippable-qr,True,False,,|f|i|s|s|i|o|n| |w|a|r|m| |w|e|b|r|e|n|d|e|r|,102210fe594ee9b33d82058545b1ed14f4c8206e,ContentfulSpeedIndex,amazon,True,amazon ContentfulSpeedIndex opt fission warm webrender,,77,ms,firefox,457602152,9407215,2024-05-09T13:14:57,243.7,63503ccafb0395402807ed1da634fa38b3e626ce,1424113
autoland,3870186,13,f36c3750a6bc0db1e2bc910e5f3a3acace5985a7,windows10-64-shippable-qr,True,False,,|f|i|s|s|i|o|n| |w|a|r|m| |w|e|b|r|e|n|d|e|r|,102210fe594ee9b33d82058545b1ed14f4c8206e,ContentfulSpeedIndex,amazon,True,amazon ContentfulSpeedIndex opt fission warm webrender,,77,ms,firefox,457680043,9784512,2024-05-09T15:01:31,255.5,9d36e2074dc3cced4c694ec605d53f3a5c18380b,1424168
autoland,3870186,13,f36c3750a6bc0db1e2bc910e5f3a3acace5985a7,windows10-64-shippable-qr,True,False,,|f|i|s|s|i|o|n| |w|a|r|m| |w|e|b|r|e|n|d|e|r|,102210fe594ee9b33d82058545b1ed14f4c8206e,ContentfulSpeedIndex,amazon,True,amazon ContentfulSpeedIndex opt fission warm webrender,,77,ms,firefox,457679740,9778534,2024-05-09T15:07:47,251.9,d4ef5f3b9858b11672fe4c93318e3b5e878f8afd,1424170
autoland,3870186,13,f36c3750a6bc0db1e2bc910e5f3a3acace5985a7,windows10-64-shippable-qr,True,False,,|f|i|s|s|i|o|n| |w|a|r|m| |w|e|b|r|e|n|d|e|r|,102210fe594ee9b33d82058545b1ed14f4c8206e,ContentfulSpeedIndex,amazon,True,amazon ContentfulSpeedIndex opt fission warm webrender,,77,ms,firefox,457628226,9533150,2024-05-09T16:49:06,250.6,8f49349eeb0ec5df0e1dd3ddd98423138921a029,1424236
autoland,3870186,13,f36c3750a6bc0db1e2bc910e5f3a3acace5985a7,windows10-64-shippable-qr,True,False,,|f|i|s|s|i|o|n| |w|a|r|m| |w|e|b|r|e|n|d|e|r|,102210fe594ee9b33d82058545b1ed14f4c8206e,ContentfulSpeedIndex,amazon,True,amazon ContentfulSpeedIndex opt fission warm webrender,,77,ms,firefox,457679420,9771581,2024-05-09T16:59:37,250.1,92d53efb67c7efa140ae3a92bf3b04dadc882c97,1424245
autoland,3870186,13,f36c3750a6bc0db1e2bc910e5f3a3acace5985a7,windows10-64-shippable-qr,True,False,,|f|i|s|s|i|o|n| |w|a|r|m| |w|e|b|r|e|n|d|e|r|,102210fe594ee9b33d82058545b1ed14f4c8206e,ContentfulSpeedIndex,amazon,True,amazon ContentfulSpeedIndex opt fission warm webrender,,77,ms,firefox,457674115,9722075,2024-05-10T01:48:09,247.6,63c1eada944ca4fb581301f40dcf9f8c71a72faf,1424449
autoland,3870186,13,f36c3750a6bc0db1e2bc910e5f3a3acace5985a7,windows10-64-shippable-qr,True,False,,|f|i|s|s|i|o|n| |w|a|r|m| |w|e|b|r|e|n|d|e|r|,102210fe594ee9b33d82058545b1ed14f4c8206e,ContentfulSpeedIndex,amazon,True,amazon ContentfulSpeedIndex opt fission warm webrender,,77,ms,firefox,457694028,9871947,2024-05-10T06:24:19,253.8,4df4e109202ff67836eaa61c66a7c65a2f712e11,1424496
autoland,3870186,13,f36c3750a6bc0db1e2bc910e5f3a3acace5985a7,windows10-64-shippable-qr,True,False,,|f|i|s|s|i|o|n| |w|a|r|m| |w|e|b|r|e|n|d|e|r|,102210fe594ee9b33d82058545b1ed14f4c8206e,ContentfulSpeedIndex,amazon,True,amazon ContentfulSpeedIndex opt fission warm webrender,,77,ms,firefox,457704961,9905275,2024-05-10T10:32:58,249.6,16c706919fcf22df1fae8499d4c05d7c88de5109,1424596
autoland,3870186,13,f36c3750a6bc0db1e2bc910e5f3a3acace5985a7,windows10-64-shippable-qr,True,False,,|f|i|s|s|i|o|n| |w|a|r|m| |w|e|b|r|e|n|d|e|r|,102210fe594ee9b33d82058545b1ed14f4c8206e,ContentfulSpeedIndex,amazon,True,amazon ContentfulSpeedIndex opt fission warm webrender,,77,ms,firefox,457728260,10066226,2024-05-10T14:42:49,257.8,77947807186b6fdeb6a22175f148b4de75f0c13f,1424715
autoland,3870186,13,f36c3750a6bc0db1e2bc910e5f3a3acace5985a7,windows10-64-shippable-qr,True,False,,|f|i|s|s|i|o|n| |w|a|r|m| |w|e|b|r|e|n|d|e|r|,102210fe594ee9b33d82058545b1ed14f4c8206e,ContentfulSpeedIndex,amazon,True,amazon ContentfulSpeedIndex opt fission warm webrender,,77,ms,firefox,457753618,10153953,2024-05-10T19:04:52,238.8,b09dd768d80e3ba321a5db4a0d534ea0c5385465,1424880
autoland,3870186,13,f36c3750a6bc0db1e2bc910e5f3a3acace5985a7,windows10-64-shippable-qr,True,False,,|f|i|s|s|i|o|n| |w|a|r|m| |w|e|b|r|e|n|d|e|r|,102210fe594ee9b33d82058545b1ed14f4c8206e,ContentfulSpeedIndex,amazon,True,amazon ContentfulSpeedIndex opt fission warm webrender,,77,ms,firefox,457774631,10283013,2024-05-11T00:21:09,254.4,b97e78c73256d2eb8509d13957dcc69a01a42524,1425017
autoland,3870186,13,f36c3750a6bc0db1e2bc910e5f3a3acace5985a7,windows10-64-shippable-qr,True,False,,|f|i|s|s|i|o|n| |w|a|r|m| |w|e|b|r|e|n|d|e|r|,102210fe594ee9b33d82058545b1ed14f4c8206e,ContentfulSpeedIndex,amazon,True,amazon ContentfulSpeedIndex opt fission warm webrender,,77,ms,firefox,457799064,10387424,2024-05-11T14:45:49,251.1,bb523bc0c70b92a37aa40712e0a1943e32ed6292,1425080
autoland,3870186,13,f36c3750a6bc0db1e2bc910e5f3a3acace5985a7,windows10-64-shippable-qr,True,False,,|f|i|s|s|i|o|n| |w|a|r|m| |w|e|b|r|e|n|d|e|r|,102210fe594ee9b33d82058545b1ed14f4c8206e,ContentfulSpeedIndex,amazon,True,amazon ContentfulSpeedIndex opt fission warm webrender,,77,ms,firefox,457813943,10449223,2024-05-12T00:21:54,258.6,6d2805dd61cb37ade292b230f9ffe14f956f1708,1425090
autoland,3870186,13,f36c3750a6bc0db1e2bc910e5f3a3acace5985a7,windows10-64-shippable-qr,True,False,,|f|i|s|s|i|o|n| |w|a|r|m| |w|e|b|r|e|n|d|e|r|,102210fe594ee9b33d82058545b1ed14f4c8206e,ContentfulSpeedIndex,amazon,True,amazon ContentfulSpeedIndex opt fission warm webrender,,77,ms,firefox,457838279,10550783,2024-05-12T16:46:56,248.0,45d7400ced7eab36c5e094eabc83333b77bd5212,1425114
autoland,3870186,13,f36c3750a6bc0db1e2bc910e5f3a3acace5985a7,windows10-64-shippable-qr,True,False,,|f|i|s|s|i|o|n| |w|a|r|m| |w|e|b|r|e|n|d|e|r|,102210fe594ee9b33d82058545b1ed14f4c8206e,ContentfulSpeedIndex,amazon,True,amazon ContentfulSpeedIndex opt fission warm webrender,,77,ms,firefox,457857700,10631028,2024-05-13T00:18:21,238.4,7d78cd997aff7a651b50b19b4a95117acc7fbd5e,1425138
autoland,3870186,13,f36c3750a6bc0db1e2bc910e5f3a3acace5985a7,windows10-64-shippable-qr,True,False,,|f|i|s|s|i|o|n| |w|a|r|m| |w|e|b|r|e|n|d|e|r|,102210fe594ee9b33d82058545b1ed14f4c8206e,ContentfulSpeedIndex,amazon,True,amazon ContentfulSpeedIndex opt fission warm webrender,,77,ms,firefox,457869737,10711440,2024-05-13T05:40:34,248.6,028d6e7dae26137f7e83b675a467248c1b7e7459,1425171
autoland,3870186,13,f36c3750a6bc0db1e2bc910e5f3a3acace5985a7,windows10-64-shippable-qr,True,False,,|f|i|s|s|i|o|n| |w|a|r|m| |w|e|b|r|e|n|d|e|r|,102210fe594ee9b33d82058545b1ed14f4c8206e,ContentfulSpeedIndex,amazon,True,amazon ContentfulSpeedIndex opt fission warm webrender,,77,ms,firefox,457892767,10802391,2024-05-13T09:49:27,257.3,1aba283a0c10087922e138bf0eb8169fe0fb0453,1425313
autoland,3870186,13,f36c3750a6bc0db1e2bc910e5f3a3acace5985a7,windows10-64-shippable-qr,True,False,,|f|i|s|s|i|o|n| |w|a|r|m| |w|e|b|r|e|n|d|e|r|,102210fe594ee9b33d82058545b1ed14f4c8206e,ContentfulSpeedIndex,amazon,True,amazon ContentfulSpeedIndex opt fission warm webrender,,77,ms,firefox,458037293,11593570,2024-05-13T10:51:04,249.8,16fdae3f2a78cea0c953b52d4823cb3283e4929a,1425342
autoland,3870186,13,f36c3750a6bc0db1e2bc910e5f3a3acace5985a7,windows10-64-shippable-qr,True,False,,|f|i|s|s|i|o|n| |w|a|r|m| |w|e|b|r|e|n|d|e|r|,102210fe594ee9b33d82058545b1ed14f4c8206e,ContentfulSpeedIndex,amazon,True,amazon ContentfulSpeedIndex opt fission warm webrender,,77,ms,firefox,458036831,11566795,2024-05-13T11:25:39,259.3,7318a203b7bf3c56cbfb7e0313033405b5dd1b7c,1425367
autoland,3870186,13,f36c3750a6bc0db1e2bc910e5f3a3acace5985a7,windows10-64-shippable-qr,True,False,,|f|i|s|s|i|o|n| |w|a|r|m| |w|e|b|r|e|n|d|e|r|,102210fe594ee9b33d82058545b1ed14f4c8206e,ContentfulSpeedIndex,amazon,True,amazon ContentfulSpeedIndex opt fission warm webrender,,77,ms,firefox,457917491,10917629,2024-05-13T13:39:35,234.7,b6d210063e2361ddf8016764d5686fb759cdc959,1425441
autoland,3870186,13,f36c3750a6bc0db1e2bc910e5f3a3acace5985a7,windows10-64-shippable-qr,True,False,,|f|i|s|s|i|o|n| |w|a|r|m| |w|e|b|r|e|n|d|e|r|,102210fe594ee9b33d82058545b1ed14f4c8206e,ContentfulSpeedIndex,amazon,True,amazon ContentfulSpeedIndex opt fission warm webrender,,77,ms,firefox,457953952,11099235,2024-05-13T16:41:34,249.0,08e4ca828755427c47e151c8afc2cec380e31a9e,1425593
autoland,3870186,13,f36c3750a6bc0db1e2bc910e5f3a3acace5985a7,windows10-64-shippable-qr,True,False,,|f|i|s|s|i|o|n| |w|a|r|m| |w|e|b|r|e|n|d|e|r|,102210fe594ee9b33d82058545b1ed14f4c8206e,ContentfulSpeedIndex,amazon,True,amazon ContentfulSpeedIndex opt fission warm webrender,,77,ms,firefox,458037536,11618765,2024-05-13T16:52:21,250.7,f2f5cbd245be4377bbc80e3f38656d9d153b268c,1425602
autoland,3870186,13,f36c3750a6bc0db1e2bc910e5f3a3acace5985a7,windows10-64-shippable-qr,True,False,,|f|i|s|s|i|o|n| |w|a|r|m| |w|e|b|r|e|n|d|e|r|,102210fe594ee9b33d82058545b1ed14f4c8206e,ContentfulSpeedIndex,amazon,True,amazon ContentfulSpeedIndex opt fission warm webrender,,77,ms,firefox,458043639,11636276,2024-05-13T16:52:21,237.1,f2f5cbd245be4377bbc80e3f38656d9d153b268c,1425602
autoland,3870186,13,f36c3750a6bc0db1e2bc910e5f3a3acace5985a7,windows10-64-shippable-qr,True,False,,|f|i|s|s|i|o|n| |w|a|r|m| |w|e|b|r|e|n|d|e|r|,102210fe594ee9b33d82058545b1ed14f4c8206e,ContentfulSpeedIndex,amazon,True,amazon ContentfulSpeedIndex opt fission warm webrender,,77,ms,firefox,458037015,11582954,2024-05-13T16:53:13,254.9,40766d50ef1f07d0598cba24fb616f62edc438ac,1425603
autoland,3870186,13,f36c3750a6bc0db1e2bc910e5f3a3acace5985a7,windows10-64-shippable-qr,True,False,,|f|i|s|s|i|o|n| |w|a|r|m| |w|e|b|r|e|n|d|e|r|,102210fe594ee9b33d82058545b1ed14f4c8206e,ContentfulSpeedIndex,amazon,True,amazon ContentfulSpeedIndex opt fission warm webrender,,77,ms,firefox,457991247,11290077,2024-05-13T20:35:48,264.7,080acbd234b3d95bed203c9e575f7841db819f01,1425765
autoland,3870186,13,f36c3750a6bc0db1e2bc910e5f3a3acace5985a7,windows10-64-shippable-qr,True,False,,|f|i|s|s|i|o|n| |w|a|r|m| |w|e|b|r|e|n|d|e|r|,102210fe594ee9b33d82058545b1ed14f4c8206e,ContentfulSpeedIndex,amazon,True,amazon ContentfulSpeedIndex opt fission warm webrender,,77,ms,firefox,458016093,11434543,2024-05-13T23:27:47,258.9,7dcf45990771541f86bb277f9bb02a5eed4fea03,1425894
autoland,3870186,13,f36c3750a6bc0db1e2bc910e5f3a3acace5985a7,windows10-64-shippable-qr,True,False,,|f|i|s|s|i|o|n| |w|a|r|m| |w|e|b|r|e|n|d|e|r|,102210fe594ee9b33d82058545b1ed14f4c8206e,ContentfulSpeedIndex,amazon,True,amazon ContentfulSpeedIndex opt fission warm webrender,,77,ms,firefox,458030390,11519834,2024-05-14T03:39:07,249.4,d16ac4c1714c9c7e11450a9e92c001aed043d0d4,1425986
autoland,3870186,13,f36c3750a6bc0db1e2bc910e5f3a3acace5985a7,windows10-64-shippable-qr,True,False,,|f|i|s|s|i|o|n| |w|a|r|m| |w|e|b|r|e|n|d|e|r|,102210fe594ee9b33d82058545b1ed14f4c8206e,ContentfulSpeedIndex,amazon,True,amazon ContentfulSpeedIndex opt fission warm webrender,,77,ms,firefox,458063528,11738268,2024-05-14T07:54:52,251.4,f0390136ebbeef553f7b365c19300ce28d4179c4,1426102
autoland,3870186,13,f36c3750a6bc0db1e2bc910e5f3a3acace5985a7,windows10-64-shippable-qr,True,False,,|f|i|s|s|i|o|n| |w|a|r|m| |w|e|b|r|e|n|d|e|r|,102210fe594ee9b33d82058545b1ed14f4c8206e,ContentfulSpeedIndex,amazon,True,amazon ContentfulSpeedIndex opt fission warm webrender,,77,ms,firefox,458101287,11884954,2024-05-14T11:57:58,258.3,8d7fe48731d96d8dd803d469596ddaca6cb5a0ec,1426247
autoland,3870186,13,f36c3750a6bc0db1e2bc910e5f3a3acace5985a7,windows10-64-shippable-qr,True,False,,|f|i|s|s|i|o|n| |w|a|r|m| |w|e|b|r|e|n|d|e|r|,102210fe594ee9b33d82058545b1ed14f4c8206e,ContentfulSpeedIndex,amazon,True,amazon ContentfulSpeedIndex opt fission warm webrender,,77,ms,firefox,458231976,12530589,2024-05-14T12:08:37,256.9,aa4cc8bbfe9c32a380a31d15b6da015f0fd51304,1426260
autoland,3870186,13,f36c3750a6bc0db1e2bc910e5f3a3acace5985a7,windows10-64-shippable-qr,True,False,,|f|i|s|s|i|o|n| |w|a|r|m| |w|e|b|r|e|n|d|e|r|,102210fe594ee9b33d82058545b1ed14f4c8206e,ContentfulSpeedIndex,amazon,True,amazon ContentfulSpeedIndex opt fission warm webrender,,77,ms,firefox,458230156,12473368,2024-05-14T12:09:27,270.8,9b24b8dd1c0d3a292ed570cda63c3d2845485d95,1426261
autoland,3870186,13,f36c3750a6bc0db1e2bc910e5f3a3acace5985a7,windows10-64-shippable-qr,True,False,,|f|i|s|s|i|o|n| |w|a|r|m| |w|e|b|r|e|n|d|e|r|,102210fe594ee9b33d82058545b1ed14f4c8206e,ContentfulSpeedIndex,amazon,True,amazon ContentfulSpeedIndex opt fission warm webrender,,77,ms,firefox,458127609,11999772,2024-05-14T15:33:27,248.4,caca40032c919be5b69aade7259c79cecd91b1a2,1426417
autoland,3870186,13,f36c3750a6bc0db1e2bc910e5f3a3acace5985a7,windows10-64-shippable-qr,True,False,,|f|i|s|s|i|o|n| |w|a|r|m| |w|e|b|r|e|n|d|e|r|,102210fe594ee9b33d82058545b1ed14f4c8206e,ContentfulSpeedIndex,amazon,True,amazon ContentfulSpeedIndex opt fission warm webrender,,77,ms,firefox,458167891,12140921,2024-05-14T19:46:37,257.1,b2c1906d3f6e950d783cb681442333a5cea96d8f,1426621
autoland,3870186,13,f36c3750a6bc0db1e2bc910e5f3a3acace5985a7,windows10-64-shippable-qr,True,False,,|f|i|s|s|i|o|n| |w|a|r|m| |w|e|b|r|e|n|d|e|r|,102210fe594ee9b33d82058545b1ed14f4c8206e,ContentfulSpeedIndex,amazon,True,amazon ContentfulSpeedIndex opt fission warm webrender,,77,ms,firefox,458231747,12493568,2024-05-14T19:55:28,254.4,cce1550c6d6b888f47b0ab7a99253fe1acaef3fe,1426640
autoland,3870186,13,f36c3750a6bc0db1e2bc910e5f3a3acace5985a7,windows10-64-shippable-qr,True,False,,|f|i|s|s|i|o|n| |w|a|r|m| |w|e|b|r|e|n|d|e|r|,102210fe594ee9b33d82058545b1ed14f4c8206e,ContentfulSpeedIndex,amazon,True,amazon ContentfulSpeedIndex opt fission warm webrender,,77,ms,firefox,458240398,12599924,2024-05-14T19:56:33,251.9,9a87a991201a96ddda1bfc28b2ecaf9958b93299,1426642
autoland,3870186,13,f36c3750a6bc0db1e2bc910e5f3a3acace5985a7,windows10-64-shippable-qr,True,False,,|f|i|s|s|i|o|n| |w|a|r|m| |w|e|b|r|e|n|d|e|r|,102210fe594ee9b33d82058545b1ed14f4c8206e,ContentfulSpeedIndex,amazon,True,amazon ContentfulSpeedIndex opt fission warm webrender,,77,ms,firefox,458232953,12542309,2024-05-14T19:57:34,249.5,084a6c4681170efcf580d11f64c955f2e168fa51,1426645
autoland,3870186,13,f36c3750a6bc0db1e2bc910e5f3a3acace5985a7,windows10-64-shippable-qr,True,False,,|f|i|s|s|i|o|n| |w|a|r|m| |w|e|b|r|e|n|d|e|r|,102210fe594ee9b33d82058545b1ed14f4c8206e,ContentfulSpeedIndex,amazon,True,amazon ContentfulSpeedIndex opt fission warm webrender,,77,ms,firefox,458231755,12494137,2024-05-14T19:59:14,253.8,e18d56080e0eebc2985259dc99bba7b87f5c080f,1426648
autoland,3870186,13,f36c3750a6bc0db1e2bc910e5f3a3acace5985a7,windows10-64-shippable-qr,True,False,,|f|i|s|s|i|o|n| |w|a|r|m| |w|e|b|r|e|n|d|e|r|,102210fe594ee9b33d82058545b1ed14f4c8206e,ContentfulSpeedIndex,amazon,True,amazon ContentfulSpeedIndex opt fission warm webrender,,77,ms,firefox,458231901,12519139,2024-05-14T19:59:14,249.4,e18d56080e0eebc2985259dc99bba7b87f5c080f,1426648
autoland,3870186,13,f36c3750a6bc0db1e2bc910e5f3a3acace5985a7,windows10-64-shippable-qr,True,False,,|f|i|s|s|i|o|n| |w|a|r|m| |w|e|b|r|e|n|d|e|r|,102210fe594ee9b33d82058545b1ed14f4c8206e,ContentfulSpeedIndex,amazon,True,amazon ContentfulSpeedIndex opt fission warm webrender,,77,ms,firefox,458233034,12557882,2024-05-14T20:00:03,270.4,a8d70625755ac2896838439d2b8fa1264e1c1a6e,1426649
autoland,3870186,13,f36c3750a6bc0db1e2bc910e5f3a3acace5985a7,windows10-64-shippable-qr,True,False,,|f|i|s|s|i|o|n| |w|a|r|m| |w|e|b|r|e|n|d|e|r|,102210fe594ee9b33d82058545b1ed14f4c8206e,ContentfulSpeedIndex,amazon,True,amazon ContentfulSpeedIndex opt fission warm webrender,,77,ms,firefox,458186391,12242364,2024-05-14T21:03:17,261.4,9db188aa6dacbe8e499de5f808c00c672de477a3,1426701
autoland,3870186,13,f36c3750a6bc0db1e2bc910e5f3a3acace5985a7,windows10-64-shippable-qr,True,False,,|f|i|s|s|i|o|n| |w|a|r|m| |w|e|b|r|e|n|d|e|r|,102210fe594ee9b33d82058545b1ed14f4c8206e,ContentfulSpeedIndex,amazon,True,amazon ContentfulSpeedIndex opt fission warm webrender,,77,ms,firefox,458192782,12255689,2024-05-14T21:35:52,242.5,8f2cbb280731a94a6c9281f99425c40858de6a3f,1426752
autoland,3870186,13,f36c3750a6bc0db1e2bc910e5f3a3acace5985a7,windows10-64-shippable-qr,True,False,,|f|i|s|s|i|o|n| |w|a|r|m| |w|e|b|r|e|n|d|e|r|,102210fe594ee9b33d82058545b1ed14f4c8206e,ContentfulSpeedIndex,amazon,True,amazon ContentfulSpeedIndex opt fission warm webrender,,77,ms,firefox,458223248,12442987,2024-05-15T03:28:49,253.8,d1e48e814ff55a857965d9acb56baf1f3c5c1b9a,1426897
autoland,3870186,13,f36c3750a6bc0db1e2bc910e5f3a3acace5985a7,windows10-64-shippable-qr,True,False,,|f|i|s|s|i|o|n| |w|a|r|m| |w|e|b|r|e|n|d|e|r|,102210fe594ee9b33d82058545b1ed14f4c8206e,ContentfulSpeedIndex,amazon,True,amazon ContentfulSpeedIndex opt fission warm webrender,,77,ms,firefox,458236836,12590058,2024-05-15T05:56:14,265.2,7a03e71dc0a13a5213cac25a053dd7ef56ea33ad,1426953
autoland,3870186,13,f36c3750a6bc0db1e2bc910e5f3a3acace5985a7,windows10-64-shippable-qr,True,False,,|f|i|s|s|i|o|n| |w|a|r|m| |w|e|b|r|e|n|d|e|r|,102210fe594ee9b33d82058545b1ed14f4c8206e,ContentfulSpeedIndex,amazon,True,amazon ContentfulSpeedIndex opt fission warm webrender,,77,ms,firefox,458273714,12698620,2024-05-15T10:31:04,247.3,32e2d80f1703e05cced1b86c6a3fce6034763816,1427130
autoland,3870186,13,f36c3750a6bc0db1e2bc910e5f3a3acace5985a7,windows10-64-shippable-qr,True,False,,|f|i|s|s|i|o|n| |w|a|r|m| |w|e|b|r|e|n|d|e|r|,102210fe594ee9b33d82058545b1ed14f4c8206e,ContentfulSpeedIndex,amazon,True,amazon ContentfulSpeedIndex opt fission warm webrender,,77,ms,firefox,458328868,12849754,2024-05-15T12:49:26,256.9,d0e5aee15a6aed29eb8bc65a0af90b963d967526,1427226
autoland,3870186,13,f36c3750a6bc0db1e2bc910e5f3a3acace5985a7,windows10-64-shippable-qr,True,False,,|f|i|s|s|i|o|n| |w|a|r|m| |w|e|b|r|e|n|d|e|r|,102210fe594ee9b33d82058545b1ed14f4c8206e,ContentfulSpeedIndex,amazon,True,amazon ContentfulSpeedIndex opt fission warm webrender,,77,ms,firefox,458346310,12929575,2024-05-15T16:49:59,233.2,5859e06f261afa608d8033428609bdbd4bfab5fe,1427464
autoland,3870186,13,f36c3750a6bc0db1e2bc910e5f3a3acace5985a7,windows10-64-shippable-qr,True,False,,|f|i|s|s|i|o|n| |w|a|r|m| |w|e|b|r|e|n|d|e|r|,102210fe594ee9b33d82058545b1ed14f4c8206e,ContentfulSpeedIndex,amazon,True,amazon ContentfulSpeedIndex opt fission warm webrender,,77,ms,firefox,458356059,12978932,2024-05-15T19:23:39,249.1,6459cc1b5bbf309f81d99ed4f39bb0017c58c872,1427624
autoland,3870186,13,f36c3750a6bc0db1e2bc910e5f3a3acace5985a7,windows10-64-shippable-qr,True,False,,|f|i|s|s|i|o|n| |w|a|r|m| |w|e|b|r|e|n|d|e|r|,102210fe594ee9b33d82058545b1ed14f4c8206e,ContentfulSpeedIndex,amazon,True,amazon ContentfulSpeedIndex opt fission warm webrender,,77,ms,firefox,458399703,13231537,2024-05-15T19:24:53,265.9,248b14f0506708c405f6e50401182755a5fd09f0,1427626
autoland,3870186,13,f36c3750a6bc0db1e2bc910e5f3a3acace5985a7,windows10-64-shippable-qr,True,False,,|f|i|s|s|i|o|n| |w|a|r|m| |w|e|b|r|e|n|d|e|r|,102210fe594ee9b33d82058545b1ed14f4c8206e,ContentfulSpeedIndex,amazon,True,amazon ContentfulSpeedIndex opt fission warm webrender,,77,ms,firefox,458400069,13239294,2024-05-15T19:28:25,257.2,fb53b5f266e24362eccdbee9066de46a5ce05fbd,1427629
autoland,3870186,13,f36c3750a6bc0db1e2bc910e5f3a3acace5985a7,windows10-64-shippable-qr,True,False,,|f|i|s|s|i|o|n| |w|a|r|m| |w|e|b|r|e|n|d|e|r|,102210fe594ee9b33d82058545b1ed14f4c8206e,ContentfulSpeedIndex,amazon,True,amazon ContentfulSpeedIndex opt fission warm webrender,,77,ms,firefox,458376222,13061669,2024-05-15T21:33:46,239.1,4cf620b67822db457052e7baef70556c509161dc,1427719
autoland,3870186,13,f36c3750a6bc0db1e2bc910e5f3a3acace5985a7,windows10-64-shippable-qr,True,False,,|f|i|s|s|i|o|n| |w|a|r|m| |w|e|b|r|e|n|d|e|r|,102210fe594ee9b33d82058545b1ed14f4c8206e,ContentfulSpeedIndex,amazon,True,amazon ContentfulSpeedIndex opt fission warm webrender,,77,ms,firefox,458390035,13152944,2024-05-15T23:55:24,264.5,886703fab6d0a65511ef1eb95df0b1dc134bfe90,1427802
autoland,3870186,13,f36c3750a6bc0db1e2bc910e5f3a3acace5985a7,windows10-64-shippable-qr,True,False,,|f|i|s|s|i|o|n| |w|a|r|m| |w|e|b|r|e|n|d|e|r|,102210fe594ee9b33d82058545b1ed14f4c8206e,ContentfulSpeedIndex,amazon,True,amazon ContentfulSpeedIndex opt fission warm webrender,,77,ms,firefox,458398973,13218028,2024-05-16T04:18:06,233.0,1a3eb3733a05c61fee90fbd2325013c0b6672817,1427876
autoland,3870186,13,f36c3750a6bc0db1e2bc910e5f3a3acace5985a7,windows10-64-shippable-qr,True,False,,|f|i|s|s|i|o|n| |w|a|r|m| |w|e|b|r|e|n|d|e|r|,102210fe594ee9b33d82058545b1ed14f4c8206e,ContentfulSpeedIndex,amazon,True,amazon ContentfulSpeedIndex opt fission warm webrender,,77,ms,firefox,458432155,13353186,2024-05-16T08:25:07,245.5,b2831e0fe4b6f9dfa55a63f1b3a010089037a20e,1427953
autoland,3870186,13,f36c3750a6bc0db1e2bc910e5f3a3acace5985a7,windows10-64-shippable-qr,True,False,,|f|i|s|s|i|o|n| |w|a|r|m| |w|e|b|r|e|n|d|e|r|,102210fe594ee9b33d82058545b1ed14f4c8206e,ContentfulSpeedIndex,amazon,True,amazon ContentfulSpeedIndex opt fission warm webrender,,77,ms,firefox,458490814,13570308,2024-05-16T12:27:23,255.1,f956d7e03a822a09fbb84e9b474db8e0167095f1,1428125
autoland,3870186,13,f36c3750a6bc0db1e2bc910e5f3a3acace5985a7,windows10-64-shippable-qr,True,False,,|f|i|s|s|i|o|n| |w|a|r|m| |w|e|b|r|e|n|d|e|r|,102210fe594ee9b33d82058545b1ed14f4c8206e,ContentfulSpeedIndex,amazon,True,amazon ContentfulSpeedIndex opt fission warm webrender,,77,ms,firefox,458504516,13637542,2024-05-16T15:34:48,250.5,0bf6bf2b89215ce4dfa2eec4b0f33414c25fb677,1428335
autoland,3870186,13,f36c3750a6bc0db1e2bc910e5f3a3acace5985a7,windows10-64-shippable-qr,True,False,,|f|i|s|s|i|o|n| |w|a|r|m| |w|e|b|r|e|n|d|e|r|,102210fe594ee9b33d82058545b1ed14f4c8206e,ContentfulSpeedIndex,amazon,True,amazon ContentfulSpeedIndex opt fission warm webrender,,77,ms,firefox,458571405,14018781,2024-05-16T17:23:26,261.6,c89b2129d2000b53dde235060b1f7e72d4fa346b,1428432
autoland,3870186,13,f36c3750a6bc0db1e2bc910e5f3a3acace5985a7,windows10-64-shippable-qr,True,False,,|f|i|s|s|i|o|n| |w|a|r|m| |w|e|b|r|e|n|d|e|r|,102210fe594ee9b33d82058545b1ed14f4c8206e,ContentfulSpeedIndex,amazon,True,amazon ContentfulSpeedIndex opt fission warm webrender,,77,ms,firefox,458571956,14048357,2024-05-16T17:24:14,242.4,511a3c753f6b5b14ba41c1c7153f1ab0a45ba2d6,1428435
autoland,3870186,13,f36c3750a6bc0db1e2bc910e5f3a3acace5985a7,windows10-64-shippable-qr,True,False,,|f|i|s|s|i|o|n| |w|a|r|m| |w|e|b|r|e|n|d|e|r|,102210fe594ee9b33d82058545b1ed14f4c8206e,ContentfulSpeedIndex,amazon,True,amazon ContentfulSpeedIndex opt fission warm webrender,,77,ms,firefox,458525885,13736661,2024-05-16T19:22:25,262.6,3c10888bfd6a7774b3c7e7a7b0fef9861728b3d1,1428534
autoland,3870186,13,f36c3750a6bc0db1e2bc910e5f3a3acace5985a7,windows10-64-shippable-qr,True,False,,|f|i|s|s|i|o|n| |w|a|r|m| |w|e|b|r|e|n|d|e|r|,102210fe594ee9b33d82058545b1ed14f4c8206e,ContentfulSpeedIndex,amazon,True,amazon ContentfulSpeedIndex opt fission warm webrender,,77,ms,firefox,458572097,14076236,2024-05-16T19:48:08,249.5,8ddf02897ed04c11ba426b61653cc631bd9a3dc7,1428547
autoland,3870186,13,f36c3750a6bc0db1e2bc910e5f3a3acace5985a7,windows10-64-shippable-qr,True,False,,|f|i|s|s|i|o|n| |w|a|r|m| |w|e|b|r|e|n|d|e|r|,102210fe594ee9b33d82058545b1ed14f4c8206e,ContentfulSpeedIndex,amazon,True,amazon ContentfulSpeedIndex opt fission warm webrender,,77,ms,firefox,458571910,14028516,2024-05-16T20:06:42,245.7,ec4734833a47c41134ec59cf008700dfc04b68da,1428559
autoland,3870186,13,f36c3750a6bc0db1e2bc910e5f3a3acace5985a7,windows10-64-shippable-qr,True,False,,|f|i|s|s|i|o|n| |w|a|r|m| |w|e|b|r|e|n|d|e|r|,102210fe594ee9b33d82058545b1ed14f4c8206e,ContentfulSpeedIndex,amazon,True,amazon ContentfulSpeedIndex opt fission warm webrender,,77,ms,firefox,458549810,13862218,2024-05-16T23:54:47,274.3,f8c3cb93acca412025e1f410c530193b416a488e,1428660
autoland,3870186,13,f36c3750a6bc0db1e2bc910e5f3a3acace5985a7,windows10-64-shippable-qr,True,False,,|f|i|s|s|i|o|n| |w|a|r|m| |w|e|b|r|e|n|d|e|r|,102210fe594ee9b33d82058545b1ed14f4c8206e,ContentfulSpeedIndex,amazon,True,amazon ContentfulSpeedIndex opt fission warm webrender,,77,ms,firefox,458580635,14102064,2024-05-17T06:23:39,240.3,87127891d2401aaf9f6aa65bff25f9f6952131a2,1428776
autoland,3870186,13,f36c3750a6bc0db1e2bc910e5f3a3acace5985a7,windows10-64-shippable-qr,True,False,,|f|i|s|s|i|o|n| |w|a|r|m| |w|e|b|r|e|n|d|e|r|,102210fe594ee9b33d82058545b1ed14f4c8206e,ContentfulSpeedIndex,amazon,True,amazon ContentfulSpeedIndex opt fission warm webrender,,77,ms,firefox,458651106,14349836,2024-05-17T13:29:16,257.6,76f8ca9a4f69b4a5c6c95975f31db9f94c534bb7,1429038
autoland,3870186,13,f36c3750a6bc0db1e2bc910e5f3a3acace5985a7,windows10-64-shippable-qr,True,False,,|f|i|s|s|i|o|n| |w|a|r|m| |w|e|b|r|e|n|d|e|r|,102210fe594ee9b33d82058545b1ed14f4c8206e,ContentfulSpeedIndex,amazon,True,amazon ContentfulSpeedIndex opt fission warm webrender,,77,ms,firefox,458713663,14695626,2024-05-17T16:12:53,249.8,7ded188394893193d0e29a5ea7588e67e4f4c1fc,1429181
autoland,3870186,13,f36c3750a6bc0db1e2bc910e5f3a3acace5985a7,windows10-64-shippable-qr,True,False,,|f|i|s|s|i|o|n| |w|a|r|m| |w|e|b|r|e|n|d|e|r|,102210fe594ee9b33d82058545b1ed14f4c8206e,ContentfulSpeedIndex,amazon,True,amazon ContentfulSpeedIndex opt fission warm webrender,,77,ms,firefox,458714305,14720130,2024-05-17T16:19:47,250.2,31d3450e1d0beddafd2608e478abb2f3cc86b388,1429185
autoland,3870186,13,f36c3750a6bc0db1e2bc910e5f3a3acace5985a7,windows10-64-shippable-qr,True,False,,|f|i|s|s|i|o|n| |w|a|r|m| |w|e|b|r|e|n|d|e|r|,102210fe594ee9b33d82058545b1ed14f4c8206e,ContentfulSpeedIndex,amazon,True,amazon ContentfulSpeedIndex opt fission warm webrender,,77,ms,firefox,458669363,14436956,2024-05-17T16:28:32,243.5,f35859c2fd56665ad31bcc859c08cca0d52ee800,1429195
autoland,3870186,13,f36c3750a6bc0db1e2bc910e5f3a3acace5985a7,windows10-64-shippable-qr,True,False,,|f|i|s|s|i|o|n| |w|a|r|m| |w|e|b|r|e|n|d|e|r|,102210fe594ee9b33d82058545b1ed14f4c8206e,ContentfulSpeedIndex,amazon,True,amazon ContentfulSpeedIndex opt fission warm webrender,,77,ms,firefox,458714193,14713513,2024-05-17T16:39:59,252.1,2e87839796b7d29a529ef78e398f3268ed30e04a,1429211
autoland,3870186,13,f36c3750a6bc0db1e2bc910e5f3a3acace5985a7,windows10-64-shippable-qr,True,False,,|f|i|s|s|i|o|n| |w|a|r|m| |w|e|b|r|e|n|d|e|r|,102210fe594ee9b33d82058545b1ed14f4c8206e,ContentfulSpeedIndex,amazon,True,amazon ContentfulSpeedIndex opt fission warm webrender,,77,ms,firefox,458714205,14714330,2024-05-17T17:03:32,264.0,6e594c540b09a50ef0a9cd37316d78fe64846ef4,1429229
autoland,3870186,13,f36c3750a6bc0db1e2bc910e5f3a3acace5985a7,windows10-64-shippable-qr,True,False,,|f|i|s|s|i|o|n| |w|a|r|m| |w|e|b|r|e|n|d|e|r|,102210fe594ee9b33d82058545b1ed14f4c8206e,ContentfulSpeedIndex,amazon,True,amazon ContentfulSpeedIndex opt fission warm webrender,,77,ms,firefox,458688856,14556443,2024-05-17T20:54:26,265.6,c3684190adbc44f6a677655b9094e9873c858dad,1429356
autoland,3870186,13,f36c3750a6bc0db1e2bc910e5f3a3acace5985a7,windows10-64-shippable-qr,True,False,,|f|i|s|s|i|o|n| |w|a|r|m| |w|e|b|r|e|n|d|e|r|,102210fe594ee9b33d82058545b1ed14f4c8206e,ContentfulSpeedIndex,amazon,True,amazon ContentfulSpeedIndex opt fission warm webrender,,77,ms,firefox,458710291,14647877,2024-05-18T01:00:41,278.2,c27d5c9ab44203673cf253307414a515b32e1e6d,1429422
autoland,3870186,13,f36c3750a6bc0db1e2bc910e5f3a3acace5985a7,windows10-64-shippable-qr,True,False,,|f|i|s|s|i|o|n| |w|a|r|m| |w|e|b|r|e|n|d|e|r|,102210fe594ee9b33d82058545b1ed14f4c8206e,ContentfulSpeedIndex,amazon,True,amazon ContentfulSpeedIndex opt fission warm webrender,,77,ms,firefox,458718035,14738753,2024-05-18T06:51:49,241.4,9740ed99a9e5a25524915ab324b8110b2b998873,1429461
autoland,3870186,13,f36c3750a6bc0db1e2bc910e5f3a3acace5985a7,windows10-64-shippable-qr,True,False,,|f|i|s|s|i|o|n| |w|a|r|m| |w|e|b|r|e|n|d|e|r|,102210fe594ee9b33d82058545b1ed14f4c8206e,ContentfulSpeedIndex,amazon,True,amazon ContentfulSpeedIndex opt fission warm webrender,,77,ms,firefox,458747762,14867847,2024-05-18T12:19:37,249.5,8b79b70511d76ab73ec7a45851ca71cf9a4eabc0,1429485
autoland,3870186,13,f36c3750a6bc0db1e2bc910e5f3a3acace5985a7,windows10-64-shippable-qr,True,False,,|f|i|s|s|i|o|n| |w|a|r|m| |w|e|b|r|e|n|d|e|r|,102210fe594ee9b33d82058545b1ed14f4c8206e,ContentfulSpeedIndex,amazon,True,amazon ContentfulSpeedIndex opt fission warm webrender,,77,ms,firefox,458753869,14902466,2024-05-18T16:50:22,237.1,45fdca469c57e83b966c98bdb9cd62d7b38c841e,1429522
autoland,3870186,13,f36c3750a6bc0db1e2bc910e5f3a3acace5985a7,windows10-64-shippable-qr,True,False,,|f|i|s|s|i|o|n| |w|a|r|m| |w|e|b|r|e|n|d|e|r|,102210fe594ee9b33d82058545b1ed14f4c8206e,ContentfulSpeedIndex,amazon,True,amazon ContentfulSpeedIndex opt fission warm webrender,,77,ms,firefox,458773420,14983925,2024-05-19T00:22:14,246.9,185fc83e1e895146858126be053b4208ffd3bbcf,1429576
autoland,3870186,13,f36c3750a6bc0db1e2bc910e5f3a3acace5985a7,windows10-64-shippable-qr,True,False,,|f|i|s|s|i|o|n| |w|a|r|m| |w|e|b|r|e|n|d|e|r|,102210fe594ee9b33d82058545b1ed14f4c8206e,ContentfulSpeedIndex,amazon,True,amazon ContentfulSpeedIndex opt fission warm webrender,,77,ms,firefox,458803819,15140181,2024-05-19T18:53:48,230.4,b4ee96f483f29890ab46ebd291e34040c716dcff,1429650
autoland,3870186,13,f36c3750a6bc0db1e2bc910e5f3a3acace5985a7,windows10-64-shippable-qr,True,False,,|f|i|s|s|i|o|n| |w|a|r|m| |w|e|b|r|e|n|d|e|r|,102210fe594ee9b33d82058545b1ed14f4c8206e,ContentfulSpeedIndex,amazon,True,amazon ContentfulSpeedIndex opt fission warm webrender,,77,ms,firefox,458826576,15251214,2024-05-19T23:03:30,248.3,bf7ada75a309d1bf064046c029cd884846540599,1429677
autoland,3870186,13,f36c3750a6bc0db1e2bc910e5f3a3acace5985a7,windows10-64-shippable-qr,True,False,,|f|i|s|s|i|o|n| |w|a|r|m| |w|e|b|r|e|n|d|e|r|,102210fe594ee9b33d82058545b1ed14f4c8206e,ContentfulSpeedIndex,amazon,True,amazon ContentfulSpeedIndex opt fission warm webrender,,77,ms,firefox,458831112,15289350,2024-05-20T03:13:12,269.9,9142f728c689228ac4b5a2f55b2d50a3c5440d1b,1429694
autoland,3870186,13,f36c3750a6bc0db1e2bc910e5f3a3acace5985a7,windows10-64-shippable-qr,True,False,,|f|i|s|s|i|o|n| |w|a|r|m| |w|e|b|r|e|n|d|e|r|,102210fe594ee9b33d82058545b1ed14f4c8206e,ContentfulSpeedIndex,amazon,True,amazon ContentfulSpeedIndex opt fission warm webrender,,77,ms,firefox,458847058,15414543,2024-05-20T08:40:09,251.7,c732a1a31a39e28193867c3a6de83cab644345f7,1429741
autoland,3870186,13,f36c3750a6bc0db1e2bc910e5f3a3acace5985a7,windows10-64-shippable-qr,True,False,,|f|i|s|s|i|o|n| |w|a|r|m| |w|e|b|r|e|n|d|e|r|,102210fe594ee9b33d82058545b1ed14f4c8206e,ContentfulSpeedIndex,amazon,True,amazon ContentfulSpeedIndex opt fission warm webrender,,77,ms,firefox,458889634,15556909,2024-05-20T12:49:29,239.5,daa6ef79820feaf04f4d2f8319c42e613170a955,1429816
autoland,3870186,13,f36c3750a6bc0db1e2bc910e5f3a3acace5985a7,windows10-64-shippable-qr,True,False,,|f|i|s|s|i|o|n| |w|a|r|m| |w|e|b|r|e|n|d|e|r|,102210fe594ee9b33d82058545b1ed14f4c8206e,ContentfulSpeedIndex,amazon,True,amazon ContentfulSpeedIndex opt fission warm webrender,,77,ms,firefox,458912361,15669092,2024-05-20T17:09:38,242.2,f8896c7e1f0e021d1afc9e6075779e6a19816eee,1430008
autoland,3870186,13,f36c3750a6bc0db1e2bc910e5f3a3acace5985a7,windows10-64-shippable-qr,True,False,,|f|i|s|s|i|o|n| |w|a|r|m| |w|e|b|r|e|n|d|e|r|,102210fe594ee9b33d82058545b1ed14f4c8206e,ContentfulSpeedIndex,amazon,True,amazon ContentfulSpeedIndex opt fission warm webrender,,77,ms,firefox,458925528,15760736,2024-05-20T19:25:17,251.1,bcf84db0ae30bc4d2f32dc5978791710401b7f74,1430088
autoland,3870186,13,f36c3750a6bc0db1e2bc910e5f3a3acace5985a7,windows10-64-shippable-qr,True,False,,|f|i|s|s|i|o|n| |w|a|r|m| |w|e|b|r|e|n|d|e|r|,102210fe594ee9b33d82058545b1ed14f4c8206e,ContentfulSpeedIndex,amazon,True,amazon ContentfulSpeedIndex opt fission warm webrender,,77,ms,firefox,458953856,15947405,2024-05-21T00:44:36,268.3,6919ad3b088665854fe77e203c556b51c8043a19,1430230
autoland,3870186,13,f36c3750a6bc0db1e2bc910e5f3a3acace5985a7,windows10-64-shippable-qr,True,False,,|f|i|s|s|i|o|n| |w|a|r|m| |w|e|b|r|e|n|d|e|r|,102210fe594ee9b33d82058545b1ed14f4c8206e,ContentfulSpeedIndex,amazon,True,amazon ContentfulSpeedIndex opt fission warm webrender,,77,ms,firefox,458967488,16057217,2024-05-21T05:46:38,263.1,09318e94742ecb1dfa27855d03d6acea7465a237,1430275
autoland,3870186,13,f36c3750a6bc0db1e2bc910e5f3a3acace5985a7,windows10-64-shippable-qr,True,False,,|f|i|s|s|i|o|n| |w|a|r|m| |w|e|b|r|e|n|d|e|r|,102210fe594ee9b33d82058545b1ed14f4c8206e,ContentfulSpeedIndex,amazon,True,amazon ContentfulSpeedIndex opt fission warm webrender,,77,ms,firefox,459015990,16336899,2024-05-21T09:51:03,270.9,2c85e75f63a911c3aafc7099c431d16d690afd69,1430376
autoland,3870186,13,f36c3750a6bc0db1e2bc910e5f3a3acace5985a7,windows10-64-shippable-qr,True,False,,|f|i|s|s|i|o|n| |w|a|r|m| |w|e|b|r|e|n|d|e|r|,102210fe594ee9b33d82058545b1ed14f4c8206e,ContentfulSpeedIndex,amazon,True,amazon ContentfulSpeedIndex opt fission warm webrender,,77,ms,firefox,459126680,17025543,2024-05-21T13:22:34,259.0,28bef6d6be8238ee3cafacf2884fe425a1240aea,1430490
autoland,3870186,13,f36c3750a6bc0db1e2bc910e5f3a3acace5985a7,windows10-64-shippable-qr,True,False,,|f|i|s|s|i|o|n| |w|a|r|m| |w|e|b|r|e|n|d|e|r|,102210fe594ee9b33d82058545b1ed14f4c8206e,ContentfulSpeedIndex,amazon,True,amazon ContentfulSpeedIndex opt fission warm webrender,,77,ms,firefox,459134262,17055436,2024-05-21T13:23:29,251.8,8e1b6cb3fefbc7d5c68bd53b71693d22c00b2abc,1430491
autoland,3870186,13,f36c3750a6bc0db1e2bc910e5f3a3acace5985a7,windows10-64-shippable-qr,True,False,,|f|i|s|s|i|o|n| |w|a|r|m| |w|e|b|r|e|n|d|e|r|,102210fe594ee9b33d82058545b1ed14f4c8206e,ContentfulSpeedIndex,amazon,True,amazon ContentfulSpeedIndex opt fission warm webrender,,77,ms,firefox,459053669,16604133,2024-05-21T14:27:45,263.6,10c1e15b136a2ddea929ddb6bac978a2197f0990,1430566
autoland,3870186,13,f36c3750a6bc0db1e2bc910e5f3a3acace5985a7,windows10-64-shippable-qr,True,False,,|f|i|s|s|i|o|n| |w|a|r|m| |w|e|b|r|e|n|d|e|r|,102210fe594ee9b33d82058545b1ed14f4c8206e,ContentfulSpeedIndex,amazon,True,amazon ContentfulSpeedIndex opt fission warm webrender,,77,ms,firefox,459118708,16938179,2024-05-21T16:21:51,250.8,919fde770efdb357bddaba3a4f9fa0ee2edfc5ad,1430655
autoland,3870186,13,f36c3750a6bc0db1e2bc910e5f3a3acace5985a7,windows10-64-shippable-qr,True,False,,|f|i|s|s|i|o|n| |w|a|r|m| |w|e|b|r|e|n|d|e|r|,102210fe594ee9b33d82058545b1ed14f4c8206e,ContentfulSpeedIndex,amazon,True,amazon ContentfulSpeedIndex opt fission warm webrender,,77,ms,firefox,459075457,16707561,2024-05-21T18:17:13,261.3,d5973c82a614aacd1c24df2ec76d8539bd40238d,1430753
autoland,3870186,13,f36c3750a6bc0db1e2bc910e5f3a3acace5985a7,windows10-64-shippable-qr,True,False,,|f|i|s|s|i|o|n| |w|a|r|m| |w|e|b|r|e|n|d|e|r|,102210fe594ee9b33d82058545b1ed14f4c8206e,ContentfulSpeedIndex,amazon,True,amazon ContentfulSpeedIndex opt fission warm webrender,,77,ms,firefox,459128957,17032014,2024-05-21T19:37:17,251.5,e9b0a5d8434e2fbd17ad838bc6dd8a2d06009f8c,1430800
autoland,3870186,13,f36c3750a6bc0db1e2bc910e5f3a3acace5985a7,windows10-64-shippable-qr,True,False,,|f|i|s|s|i|o|n| |w|a|r|m| |w|e|b|r|e|n|d|e|r|,102210fe594ee9b33d82058545b1ed14f4c8206e,ContentfulSpeedIndex,amazon,True,amazon ContentfulSpeedIndex opt fission warm webrender,,77,ms,firefox,459126294,17010680,2024-05-21T19:39:48,232.4,af29dd639cf163eec5d9311d3f3a72a592b6ca9e,1430803
autoland,3870186,13,f36c3750a6bc0db1e2bc910e5f3a3acace5985a7,windows10-64-shippable-qr,True,False,,|f|i|s|s|i|o|n| |w|a|r|m| |w|e|b|r|e|n|d|e|r|,102210fe594ee9b33d82058545b1ed14f4c8206e,ContentfulSpeedIndex,amazon,True,amazon ContentfulSpeedIndex opt fission warm webrender,,77,ms,firefox,459092728,16818214,2024-05-21T21:02:30,238.3,c1b0539b81b478faa5861fe40dddb61f7c27e539,1430863
autoland,3870186,13,f36c3750a6bc0db1e2bc910e5f3a3acace5985a7,windows10-64-shippable-qr,True,False,,|f|i|s|s|i|o|n| |w|a|r|m| |w|e|b|r|e|n|d|e|r|,102210fe594ee9b33d82058545b1ed14f4c8206e,ContentfulSpeedIndex,amazon,True,amazon ContentfulSpeedIndex opt fission warm webrender,,77,ms,firefox,459117086,16930034,2024-05-22T01:04:42,236.1,80ae2c7908e4cc558336a6f6a78097d9c2c9317d,1430997
autoland,3870186,13,f36c3750a6bc0db1e2bc910e5f3a3acace5985a7,windows10-64-shippable-qr,True,False,,|f|i|s|s|i|o|n| |w|a|r|m| |w|e|b|r|e|n|d|e|r|,102210fe594ee9b33d82058545b1ed14f4c8206e,ContentfulSpeedIndex,amazon,True,amazon ContentfulSpeedIndex opt fission warm webrender,,77,ms,firefox,459137764,17082658,2024-05-22T06:04:16,251.1,3eacabfd2f53de306d070d5407b9123cdb54403f,1431071
autoland,3870186,13,f36c3750a6bc0db1e2bc910e5f3a3acace5985a7,windows10-64-shippable-qr,True,False,,|f|i|s|s|i|o|n| |w|a|r|m| |w|e|b|r|e|n|d|e|r|,102210fe594ee9b33d82058545b1ed14f4c8206e,ContentfulSpeedIndex,amazon,True,amazon ContentfulSpeedIndex opt fission warm webrender,,77,ms,firefox,459185352,17268362,2024-05-22T10:45:41,254.9,23e74f68a670b162cd96bafbf45ea1bc1c62e754,1431245
autoland,3870186,13,f36c3750a6bc0db1e2bc910e5f3a3acace5985a7,windows10-64-shippable-qr,True,False,,|f|i|s|s|i|o|n| |w|a|r|m| |w|e|b|r|e|n|d|e|r|,102210fe594ee9b33d82058545b1ed14f4c8206e,ContentfulSpeedIndex,amazon,True,amazon ContentfulSpeedIndex opt fission warm webrender,,77,ms,firefox,459307952,17950217,2024-05-22T12:31:34,237.1,b67b147397a9570e2b81a30eec7459241936c5d8,1431312
autoland,3870186,13,f36c3750a6bc0db1e2bc910e5f3a3acace5985a7,windows10-64-shippable-qr,True,False,,|f|i|s|s|i|o|n| |w|a|r|m| |w|e|b|r|e|n|d|e|r|,102210fe594ee9b33d82058545b1ed14f4c8206e,ContentfulSpeedIndex,amazon,True,amazon ContentfulSpeedIndex opt fission warm webrender,,77,ms,firefox,459308206,17960735,2024-05-22T12:32:26,258.8,ff5883dc26419e582b0bef8f23e886b62e87f26a,1431313
autoland,3870186,13,f36c3750a6bc0db1e2bc910e5f3a3acace5985a7,windows10-64-shippable-qr,True,False,,|f|i|s|s|i|o|n| |w|a|r|m| |w|e|b|r|e|n|d|e|r|,102210fe594ee9b33d82058545b1ed14f4c8206e,ContentfulSpeedIndex,amazon,True,amazon ContentfulSpeedIndex opt fission warm webrender,,77,ms,firefox,459231220,17453607,2024-05-22T15:11:59,265.6,d51657b0bbcc7a297d7e69af51844e07f5bc7ccc,1431449
autoland,3870186,13,f36c3750a6bc0db1e2bc910e5f3a3acace5985a7,windows10-64-shippable-qr,True,False,,|f|i|s|s|i|o|n| |w|a|r|m| |w|e|b|r|e|n|d|e|r|,102210fe594ee9b33d82058545b1ed14f4c8206e,ContentfulSpeedIndex,amazon,True,amazon ContentfulSpeedIndex opt fission warm webrender,,77,ms,firefox,459275236,17717868,2024-05-22T19:42:05,250.8,e8f156027b8630baf5944740a80ef83d3694f0ab,1431719
autoland,3870186,13,f36c3750a6bc0db1e2bc910e5f3a3acace5985a7,windows10-64-shippable-qr,True,False,,|f|i|s|s|i|o|n| |w|a|r|m| |w|e|b|r|e|n|d|e|r|,102210fe594ee9b33d82058545b1ed14f4c8206e,ContentfulSpeedIndex,amazon,True,amazon ContentfulSpeedIndex opt fission warm webrender,,77,ms,firefox,459290223,17784078,2024-05-22T23:17:46,248.9,25b8ec912ef6cca7c6dbd1ddf6927aaa7494aaf1,1431837
autoland,3870186,13,f36c3750a6bc0db1e2bc910e5f3a3acace5985a7,windows10-64-shippable-qr,True,False,,|f|i|s|s|i|o|n| |w|a|r|m| |w|e|b|r|e|n|d|e|r|,102210fe594ee9b33d82058545b1ed14f4c8206e,ContentfulSpeedIndex,amazon,True,amazon ContentfulSpeedIndex opt fission warm webrender,,77,ms,firefox,459303229,17901792,2024-05-23T03:34:39,276.3,9b1a6927a89c8cf7997737b09f85c69d260daf7e,1431902
autoland,3870186,13,f36c3750a6bc0db1e2bc910e5f3a3acace5985a7,windows10-64-shippable-qr,True,False,,|f|i|s|s|i|o|n| |w|a|r|m| |w|e|b|r|e|n|d|e|r|,102210fe594ee9b33d82058545b1ed14f4c8206e,ContentfulSpeedIndex,amazon,True,amazon ContentfulSpeedIndex opt fission warm webrender,,77,ms,firefox,459321132,18060802,2024-05-23T07:36:30,252.3,3202a06939c4312c17408f78f9cb0fa5caca1350,1431962
autoland,3870186,13,f36c3750a6bc0db1e2bc910e5f3a3acace5985a7,windows10-64-shippable-qr,True,False,,|f|i|s|s|i|o|n| |w|a|r|m| |w|e|b|r|e|n|d|e|r|,102210fe594ee9b33d82058545b1ed14f4c8206e,ContentfulSpeedIndex,amazon,True,amazon ContentfulSpeedIndex opt fission warm webrender,,77,ms,firefox,459364950,18302057,2024-05-23T11:55:12,293.9,42f8b13731a592d1a25e662692cbd82cee5012e0,1432088
