repository_name,signature_id,framework_id,signature_hash,machine_platform,should_alert,has_subtests,extra_options,tags,option_collection_hash,test,suite,lower_is_better,name,parent_signature,repository_id,measurement_unit,application,job_id,entry_id,push_timestamp,value,revision,push_id,test_new_value,test_classifier,alert_prev_push_revision,alert_id,test_amount_pct,alert_performance_tags,test_prev_value,alert_first_triaged,test_series_signature_has_subtests,alert_framework,test_series_signature_framework_id,test_series_signature_suite_public_name,alert_related_alerts,test_taskcluster_metadata_retry_id,alert_prev_push_id,alert_status,alert_push_id,test_status,alert_assignee_username,test_series_signature_signature_hash,test_prev_taskcluster_metadata_task_id,test_series_signature_machine_platform,alert_bug_number,alert_repository,alert_bug_due_date,test_series_signature_test_public_name,alert_issue_tracker,test_amount_abs,test_id,test_series_signature_measurement_unit,test_taskcluster_metadata_task_id,test_backfill_record_total_backfills_successful,test_summary_id,test_series_signature_option_collection_hash,test_prev_taskcluster_metadata_retry_id,test_is_regression,test_manually_created,test_classifier_email,test_backfill_record_total_backfills_failed,test_backfill_record_total_actions_triggered,alert_assignee_email,alert_creation_timestamp,test_prev_profile_url,alert_notes,test_series_signature_test,test_noise_profile,test_series_signature_lower_is_better,alert_revision,test_related_summary_id,alert_bug_updated,test_profile_url,test_backfill_record_context,test_starred,test_backfill_record_total_backfills_in_progress,test_t_value,test_series_signature_suite,test_series_signature_extra_options,test_backfill_record_status,test_series_signature_tags,alert_triage_due_date,alert_status_general,test_status_general
autoland,4060512,13,77a9707257b88d3b15060667769a2def98a71cff,windows10-64-shippable-qr,True,False,,|c|o|l|d| |f|i|s|s|i|o|n| |i|n|t|e|r|a|c|t|i|v|e| |w|e|b|r|e|n|d|e|r|,102210fe594ee9b33d82058545b1ed14f4c8206e,LastVisualChange,reddit-billgates-post-1.posts,True,reddit-billgates-post-1.posts LastVisualChange opt cold fission webrender,,77,ms,firefox,,1700016216,2023-05-24 10:49:25,566.0,1db51625512e546534a6a7352ff4ff3b9c48d713,1245770,,,,,,,,,,,,,,,,,,,,,,,,,,,,,,,,,,,,,,,,,,,,,,,,,,,,,,,,,,,,,TN,TN
autoland,4060512,13,77a9707257b88d3b15060667769a2def98a71cff,windows10-64-shippable-qr,True,False,,|c|o|l|d| |f|i|s|s|i|o|n| |i|n|t|e|r|a|c|t|i|v|e| |w|e|b|r|e|n|d|e|r|,102210fe594ee9b33d82058545b1ed14f4c8206e,LastVisualChange,reddit-billgates-post-1.posts,True,reddit-billgates-post-1.posts LastVisualChange opt cold fission webrender,,77,ms,firefox,,1700084594,2023-05-24 13:34:40,549.5,6a96bb1f430f92b83cc31f74db4e4c1f71e155e5,1245871,,,,,,,,,,,,,,,,,,,,,,,,,,,,,,,,,,,,,,,,,,,,,,,,,,,,,,,,,,,,,TN,TN
autoland,4060512,13,77a9707257b88d3b15060667769a2def98a71cff,windows10-64-shippable-qr,True,False,,|c|o|l|d| |f|i|s|s|i|o|n| |i|n|t|e|r|a|c|t|i|v|e| |w|e|b|r|e|n|d|e|r|,102210fe594ee9b33d82058545b1ed14f4c8206e,LastVisualChange,reddit-billgates-post-1.posts,True,reddit-billgates-post-1.posts LastVisualChange opt cold fission webrender,,77,ms,firefox,,1700198513,2023-05-24 17:26:23,533.0,b9da43bde2c92655235855f4bb966f7a2537eafa,1246058,,,,,,,,,,,,,,,,,,,,,,,,,,,,,,,,,,,,,,,,,,,,,,,,,,,,,,,,,,,,,TN,TN
autoland,4060512,13,77a9707257b88d3b15060667769a2def98a71cff,windows10-64-shippable-qr,True,False,,|c|o|l|d| |f|i|s|s|i|o|n| |i|n|t|e|r|a|c|t|i|v|e| |w|e|b|r|e|n|d|e|r|,102210fe594ee9b33d82058545b1ed14f4c8206e,LastVisualChange,reddit-billgates-post-1.posts,True,reddit-billgates-post-1.posts LastVisualChange opt cold fission webrender,,77,ms,firefox,,1700299150,2023-05-24 21:30:03,566.5,468123d0735b96f7486f1e1a4de373e3dd7520bd,1246204,,,,,,,,,,,,,,,,,,,,,,,,,,,,,,,,,,,,,,,,,,,,,,,,,,,,,,,,,,,,,TN,TN
autoland,4060512,13,77a9707257b88d3b15060667769a2def98a71cff,windows10-64-shippable-qr,True,False,,|c|o|l|d| |f|i|s|s|i|o|n| |i|n|t|e|r|a|c|t|i|v|e| |w|e|b|r|e|n|d|e|r|,102210fe594ee9b33d82058545b1ed14f4c8206e,LastVisualChange,reddit-billgates-post-1.posts,True,reddit-billgates-post-1.posts LastVisualChange opt cold fission webrender,,77,ms,firefox,,1700417131,2023-05-25 01:52:13,533.0,c1577427eba79d954813d300bfe6d4f09e0249f0,1246339,,,,,,,,,,,,,,,,,,,,,,,,,,,,,,,,,,,,,,,,,,,,,,,,,,,,,,,,,,,,,TN,TN
autoland,4060512,13,77a9707257b88d3b15060667769a2def98a71cff,windows10-64-shippable-qr,True,False,,|c|o|l|d| |f|i|s|s|i|o|n| |i|n|t|e|r|a|c|t|i|v|e| |w|e|b|r|e|n|d|e|r|,102210fe594ee9b33d82058545b1ed14f4c8206e,LastVisualChange,reddit-billgates-post-1.posts,True,reddit-billgates-post-1.posts LastVisualChange opt cold fission webrender,,77,ms,firefox,,1700462790,2023-05-25 06:53:28,549.5,ee3230b1fe26e5521d07465dcab71e75d586e422,1246434,,,,,,,,,,,,,,,,,,,,,,,,,,,,,,,,,,,,,,,,,,,,,,,,,,,,,,,,,,,,,TN,TN
autoland,4060512,13,77a9707257b88d3b15060667769a2def98a71cff,windows10-64-shippable-qr,True,False,,|c|o|l|d| |f|i|s|s|i|o|n| |i|n|t|e|r|a|c|t|i|v|e| |w|e|b|r|e|n|d|e|r|,102210fe594ee9b33d82058545b1ed14f4c8206e,LastVisualChange,reddit-billgates-post-1.posts,True,reddit-billgates-post-1.posts LastVisualChange opt cold fission webrender,,77,ms,firefox,,1700525097,2023-05-25 09:03:58,549.5,0cd7e9f3c07773af459b1d5676b4f14a1a4c2844,1246517,,,,,,,,,,,,,,,,,,,,,,,,,,,,,,,,,,,,,,,,,,,,,,,,,,,,,,,,,,,,,TN,TN
autoland,4060512,13,77a9707257b88d3b15060667769a2def98a71cff,windows10-64-shippable-qr,True,False,,|c|o|l|d| |f|i|s|s|i|o|n| |i|n|t|e|r|a|c|t|i|v|e| |w|e|b|r|e|n|d|e|r|,102210fe594ee9b33d82058545b1ed14f4c8206e,LastVisualChange,reddit-billgates-post-1.posts,True,reddit-billgates-post-1.posts LastVisualChange opt cold fission webrender,,77,ms,firefox,,1700628418,2023-05-25 13:17:19,533.0,09f3ed0c8776aaa707aab014022efa3a16e01a6e,1246661,,,,,,,,,,,,,,,,,,,,,,,,,,,,,,,,,,,,,,,,,,,,,,,,,,,,,,,,,,,,,TN,TN
autoland,4060512,13,77a9707257b88d3b15060667769a2def98a71cff,windows10-64-shippable-qr,True,False,,|c|o|l|d| |f|i|s|s|i|o|n| |i|n|t|e|r|a|c|t|i|v|e| |w|e|b|r|e|n|d|e|r|,102210fe594ee9b33d82058545b1ed14f4c8206e,LastVisualChange,reddit-billgates-post-1.posts,True,reddit-billgates-post-1.posts LastVisualChange opt cold fission webrender,,77,ms,firefox,,1700647382,2023-05-25 13:25:13,533.0,6e07dad252683bcc1ed82d6a973adda9b490af1f,1246670,,,,,,,,,,,,,,,,,,,,,,,,,,,,,,,,,,,,,,,,,,,,,,,,,,,,,,,,,,,,,TN,TN
autoland,4060512,13,77a9707257b88d3b15060667769a2def98a71cff,windows10-64-shippable-qr,True,False,,|c|o|l|d| |f|i|s|s|i|o|n| |i|n|t|e|r|a|c|t|i|v|e| |w|e|b|r|e|n|d|e|r|,102210fe594ee9b33d82058545b1ed14f4c8206e,LastVisualChange,reddit-billgates-post-1.posts,True,reddit-billgates-post-1.posts LastVisualChange opt cold fission webrender,,77,ms,firefox,,1700745852,2023-05-25 17:00:24,533.0,4971297a8917c4ce5f9136ebb0c82cde74eb50c4,1246837,,,,,,,,,,,,,,,,,,,,,,,,,,,,,,,,,,,,,,,,,,,,,,,,,,,,,,,,,,,,,TN,TN
autoland,4060512,13,77a9707257b88d3b15060667769a2def98a71cff,windows10-64-shippable-qr,True,False,,|c|o|l|d| |f|i|s|s|i|o|n| |i|n|t|e|r|a|c|t|i|v|e| |w|e|b|r|e|n|d|e|r|,102210fe594ee9b33d82058545b1ed14f4c8206e,LastVisualChange,reddit-billgates-post-1.posts,True,reddit-billgates-post-1.posts LastVisualChange opt cold fission webrender,,77,ms,firefox,,1700904428,2023-05-25 20:49:35,533.0,6d91b4ed2bb8fbe97d7f5fcf7cad0e6f2bb6ad2f,1247021,,,,,,,,,,,,,,,,,,,,,,,,,,,,,,,,,,,,,,,,,,,,,,,,,,,,,,,,,,,,,TN,TN
autoland,4060512,13,77a9707257b88d3b15060667769a2def98a71cff,windows10-64-shippable-qr,True,False,,|c|o|l|d| |f|i|s|s|i|o|n| |i|n|t|e|r|a|c|t|i|v|e| |w|e|b|r|e|n|d|e|r|,102210fe594ee9b33d82058545b1ed14f4c8206e,LastVisualChange,reddit-billgates-post-1.posts,True,reddit-billgates-post-1.posts LastVisualChange opt cold fission webrender,,77,ms,firefox,,1701043442,2023-05-26 00:58:32,566.0,d49f009b89ad3ae1616d96cb1d2d9234ef3f6cda,1247180,,,,,,,,,,,,,,,,,,,,,,,,,,,,,,,,,,,,,,,,,,,,,,,,,,,,,,,,,,,,,TN,TN
autoland,4060512,13,77a9707257b88d3b15060667769a2def98a71cff,windows10-64-shippable-qr,True,False,,|c|o|l|d| |f|i|s|s|i|o|n| |i|n|t|e|r|a|c|t|i|v|e| |w|e|b|r|e|n|d|e|r|,102210fe594ee9b33d82058545b1ed14f4c8206e,LastVisualChange,reddit-billgates-post-1.posts,True,reddit-billgates-post-1.posts LastVisualChange opt cold fission webrender,,77,ms,firefox,,1701134492,2023-05-26 04:58:44,549.5,ffc18acbe9c027a3d6c960322b40a9d0576af311,1247241,,,,,,,,,,,,,,,,,,,,,,,,,,,,,,,,,,,,,,,,,,,,,,,,,,,,,,,,,,,,,TN,TN
autoland,4060512,13,77a9707257b88d3b15060667769a2def98a71cff,windows10-64-shippable-qr,True,False,,|c|o|l|d| |f|i|s|s|i|o|n| |i|n|t|e|r|a|c|t|i|v|e| |w|e|b|r|e|n|d|e|r|,102210fe594ee9b33d82058545b1ed14f4c8206e,LastVisualChange,reddit-billgates-post-1.posts,True,reddit-billgates-post-1.posts LastVisualChange opt cold fission webrender,,77,ms,firefox,,1701203878,2023-05-26 08:30:04,516.5,35f77e2aafb53fdda81c118a9ea61aefdacd61b4,1247293,,,,,,,,,,,,,,,,,,,,,,,,,,,,,,,,,,,,,,,,,,,,,,,,,,,,,,,,,,,,,TN,TN
autoland,4060512,13,77a9707257b88d3b15060667769a2def98a71cff,windows10-64-shippable-qr,True,False,,|c|o|l|d| |f|i|s|s|i|o|n| |i|n|t|e|r|a|c|t|i|v|e| |w|e|b|r|e|n|d|e|r|,102210fe594ee9b33d82058545b1ed14f4c8206e,LastVisualChange,reddit-billgates-post-1.posts,True,reddit-billgates-post-1.posts LastVisualChange opt cold fission webrender,,77,ms,firefox,,1701346454,2023-05-26 12:58:50,566.5,3999253a6a3dc448416b9a73377e8599ca6bd022,1247437,,,,,,,,,,,,,,,,,,,,,,,,,,,,,,,,,,,,,,,,,,,,,,,,,,,,,,,,,,,,,TN,TN
autoland,4060512,13,77a9707257b88d3b15060667769a2def98a71cff,windows10-64-shippable-qr,True,False,,|c|o|l|d| |f|i|s|s|i|o|n| |i|n|t|e|r|a|c|t|i|v|e| |w|e|b|r|e|n|d|e|r|,102210fe594ee9b33d82058545b1ed14f4c8206e,LastVisualChange,reddit-billgates-post-1.posts,True,reddit-billgates-post-1.posts LastVisualChange opt cold fission webrender,,77,ms,firefox,,1701373458,2023-05-26 13:11:40,566.0,bb19012006135abc7ddd72be3cd269be7ef114b5,1247444,,,,,,,,,,,,,,,,,,,,,,,,,,,,,,,,,,,,,,,,,,,,,,,,,,,,,,,,,,,,,TN,TN
autoland,4060512,13,77a9707257b88d3b15060667769a2def98a71cff,windows10-64-shippable-qr,True,False,,|c|o|l|d| |f|i|s|s|i|o|n| |i|n|t|e|r|a|c|t|i|v|e| |w|e|b|r|e|n|d|e|r|,102210fe594ee9b33d82058545b1ed14f4c8206e,LastVisualChange,reddit-billgates-post-1.posts,True,reddit-billgates-post-1.posts LastVisualChange opt cold fission webrender,,77,ms,firefox,,1701511640,2023-05-26 17:23:29,566.0,8ca2ea7fe36515caaf70ddf90bfd2ee269f059cf,1247619,,,,,,,,,,,,,,,,,,,,,,,,,,,,,,,,,,,,,,,,,,,,,,,,,,,,,,,,,,,,,TN,TN
autoland,4060512,13,77a9707257b88d3b15060667769a2def98a71cff,windows10-64-shippable-qr,True,False,,|c|o|l|d| |f|i|s|s|i|o|n| |i|n|t|e|r|a|c|t|i|v|e| |w|e|b|r|e|n|d|e|r|,102210fe594ee9b33d82058545b1ed14f4c8206e,LastVisualChange,reddit-billgates-post-1.posts,True,reddit-billgates-post-1.posts LastVisualChange opt cold fission webrender,,77,ms,firefox,,1701805445,2023-05-26 18:57:45,533.0,f6b4fa0c88fefe367393867cc9b0a0a61ae30a86,1247663,,,,,,,,,,,,,,,,,,,,,,,,,,,,,,,,,,,,,,,,,,,,,,,,,,,,,,,,,,,,,TN,TN
autoland,4060512,13,77a9707257b88d3b15060667769a2def98a71cff,windows10-64-shippable-qr,True,False,,|c|o|l|d| |f|i|s|s|i|o|n| |i|n|t|e|r|a|c|t|i|v|e| |w|e|b|r|e|n|d|e|r|,102210fe594ee9b33d82058545b1ed14f4c8206e,LastVisualChange,reddit-billgates-post-1.posts,True,reddit-billgates-post-1.posts LastVisualChange opt cold fission webrender,,77,ms,firefox,,1701798082,2023-05-26 19:09:08,567.0,224c6165eeed35754ed2edb7bcf25308c5bb56bb,1247672,,,,,,,,,,,,,,,,,,,,,,,,,,,,,,,,,,,,,,,,,,,,,,,,,,,,,,,,,,,,,TN,TN
autoland,4060512,13,77a9707257b88d3b15060667769a2def98a71cff,windows10-64-shippable-qr,True,False,,|c|o|l|d| |f|i|s|s|i|o|n| |i|n|t|e|r|a|c|t|i|v|e| |w|e|b|r|e|n|d|e|r|,102210fe594ee9b33d82058545b1ed14f4c8206e,LastVisualChange,reddit-billgates-post-1.posts,True,reddit-billgates-post-1.posts LastVisualChange opt cold fission webrender,,77,ms,firefox,,1701629930,2023-05-26 19:44:57,566.0,fc6056442a0fa16146259cb730d4e34a16656952,1247712,,,,,,,,,,,,,,,,,,,,,,,,,,,,,,,,,,,,,,,,,,,,,,,,,,,,,,,,,,,,,TN,TN
autoland,4060512,13,77a9707257b88d3b15060667769a2def98a71cff,windows10-64-shippable-qr,True,False,,|c|o|l|d| |f|i|s|s|i|o|n| |i|n|t|e|r|a|c|t|i|v|e| |w|e|b|r|e|n|d|e|r|,102210fe594ee9b33d82058545b1ed14f4c8206e,LastVisualChange,reddit-billgates-post-1.posts,True,reddit-billgates-post-1.posts LastVisualChange opt cold fission webrender,,77,ms,firefox,,1701725951,2023-05-27 00:56:39,533.0,b45b68be3f9bae0da4d649a44e60c6cd175f2212,1247879,,,,,,,,,,,,,,,,,,,,,,,,,,,,,,,,,,,,,,,,,,,,,,,,,,,,,,,,,,,,,TN,TN
autoland,4060512,13,77a9707257b88d3b15060667769a2def98a71cff,windows10-64-shippable-qr,True,False,,|c|o|l|d| |f|i|s|s|i|o|n| |i|n|t|e|r|a|c|t|i|v|e| |w|e|b|r|e|n|d|e|r|,102210fe594ee9b33d82058545b1ed14f4c8206e,LastVisualChange,reddit-billgates-post-1.posts,True,reddit-billgates-post-1.posts LastVisualChange opt cold fission webrender,,77,ms,firefox,,1701883374,2023-05-27 11:39:36,533.0,6a941c8c6ff3290e530942915ee97161b670f15d,1247945,,,,,,,,,,,,,,,,,,,,,,,,,,,,,,,,,,,,,,,,,,,,,,,,,,,,,,,,,,,,,TN,TN
autoland,4060512,13,77a9707257b88d3b15060667769a2def98a71cff,windows10-64-shippable-qr,True,False,,|c|o|l|d| |f|i|s|s|i|o|n| |i|n|t|e|r|a|c|t|i|v|e| |w|e|b|r|e|n|d|e|r|,102210fe594ee9b33d82058545b1ed14f4c8206e,LastVisualChange,reddit-billgates-post-1.posts,True,reddit-billgates-post-1.posts LastVisualChange opt cold fission webrender,,77,ms,firefox,,1701919244,2023-05-27 15:52:21,567.0,531a15ae09d49e29c270830e9b873aa625a5a8c2,1247961,,,,,,,,,,,,,,,,,,,,,,,,,,,,,,,,,,,,,,,,,,,,,,,,,,,,,,,,,,,,,TN,TN
autoland,4060512,13,77a9707257b88d3b15060667769a2def98a71cff,windows10-64-shippable-qr,True,False,,|c|o|l|d| |f|i|s|s|i|o|n| |i|n|t|e|r|a|c|t|i|v|e| |w|e|b|r|e|n|d|e|r|,102210fe594ee9b33d82058545b1ed14f4c8206e,LastVisualChange,reddit-billgates-post-1.posts,True,reddit-billgates-post-1.posts LastVisualChange opt cold fission webrender,,77,ms,firefox,,1702041873,2023-05-28 20:46:15,549.5,47f0f49b40361f9c5bde3a5691dc5d65ec1e0061,1248031,,,,,,,,,,,,,,,,,,,,,,,,,,,,,,,,,,,,,,,,,,,,,,,,,,,,,,,,,,,,,TN,TN
autoland,4060512,13,77a9707257b88d3b15060667769a2def98a71cff,windows10-64-shippable-qr,True,False,,|c|o|l|d| |f|i|s|s|i|o|n| |i|n|t|e|r|a|c|t|i|v|e| |w|e|b|r|e|n|d|e|r|,102210fe594ee9b33d82058545b1ed14f4c8206e,LastVisualChange,reddit-billgates-post-1.posts,True,reddit-billgates-post-1.posts LastVisualChange opt cold fission webrender,,77,ms,firefox,,1702071854,2023-05-29 02:12:22,566.0,1f8f2142966233c5d8d437f93d361aa0cc2b36c6,1248080,,,,,,,,,,,,,,,,,,,,,,,,,,,,,,,,,,,,,,,,,,,,,,,,,,,,,,,,,,,,,TN,TN
autoland,4060512,13,77a9707257b88d3b15060667769a2def98a71cff,windows10-64-shippable-qr,True,False,,|c|o|l|d| |f|i|s|s|i|o|n| |i|n|t|e|r|a|c|t|i|v|e| |w|e|b|r|e|n|d|e|r|,102210fe594ee9b33d82058545b1ed14f4c8206e,LastVisualChange,reddit-billgates-post-1.posts,True,reddit-billgates-post-1.posts LastVisualChange opt cold fission webrender,,77,ms,firefox,,1702129031,2023-05-29 06:50:24,566.0,1565861edeebf64845658a3f48cb89fa4515bb68,1248115,,,,,,,,,,,,,,,,,,,,,,,,,,,,,,,,,,,,,,,,,,,,,,,,,,,,,,,,,,,,,TN,TN
autoland,4060512,13,77a9707257b88d3b15060667769a2def98a71cff,windows10-64-shippable-qr,True,False,,|c|o|l|d| |f|i|s|s|i|o|n| |i|n|t|e|r|a|c|t|i|v|e| |w|e|b|r|e|n|d|e|r|,102210fe594ee9b33d82058545b1ed14f4c8206e,LastVisualChange,reddit-billgates-post-1.posts,True,reddit-billgates-post-1.posts LastVisualChange opt cold fission webrender,,77,ms,firefox,,1702151264,2023-05-29 07:27:55,566.0,31915ad324761c4fe80dac65ca36f070ab2102a2,1248125,,,,,,,,,,,,,,,,,,,,,,,,,,,,,,,,,,,,,,,,,,,,,,,,,,,,,,,,,,,,,TN,TN
autoland,4060512,13,77a9707257b88d3b15060667769a2def98a71cff,windows10-64-shippable-qr,True,False,,|c|o|l|d| |f|i|s|s|i|o|n| |i|n|t|e|r|a|c|t|i|v|e| |w|e|b|r|e|n|d|e|r|,102210fe594ee9b33d82058545b1ed14f4c8206e,LastVisualChange,reddit-billgates-post-1.posts,True,reddit-billgates-post-1.posts LastVisualChange opt cold fission webrender,,77,ms,firefox,,1702545083,2023-05-29 13:34:49,549.5,fc5fe4c288f6b66527c3e44199ca2d8a6b8a11d8,1248241,,,,,,,,,,,,,,,,,,,,,,,,,,,,,,,,,,,,,,,,,,,,,,,,,,,,,,,,,,,,,TN,TN
autoland,4060512,13,77a9707257b88d3b15060667769a2def98a71cff,windows10-64-shippable-qr,True,False,,|c|o|l|d| |f|i|s|s|i|o|n| |i|n|t|e|r|a|c|t|i|v|e| |w|e|b|r|e|n|d|e|r|,102210fe594ee9b33d82058545b1ed14f4c8206e,LastVisualChange,reddit-billgates-post-1.posts,True,reddit-billgates-post-1.posts LastVisualChange opt cold fission webrender,,77,ms,firefox,,1702318950,2023-05-29 15:52:56,533.0,e1a08bab18008646938a96dfab802d2471fcadc1,1248305,,,,,,,,,,,,,,,,,,,,,,,,,,,,,,,,,,,,,,,,,,,,,,,,,,,,,,,,,,,,,TN,TN
autoland,4060512,13,77a9707257b88d3b15060667769a2def98a71cff,windows10-64-shippable-qr,True,False,,|c|o|l|d| |f|i|s|s|i|o|n| |i|n|t|e|r|a|c|t|i|v|e| |w|e|b|r|e|n|d|e|r|,102210fe594ee9b33d82058545b1ed14f4c8206e,LastVisualChange,reddit-billgates-post-1.posts,True,reddit-billgates-post-1.posts LastVisualChange opt cold fission webrender,,77,ms,firefox,,1702419380,2023-05-29 20:27:32,533.0,496eefc6bee2519ce93df561b640b582e869b964,1248440,,,,,,,,,,,,,,,,,,,,,,,,,,,,,,,,,,,,,,,,,,,,,,,,,,,,,,,,,,,,,TN,TN
autoland,4060512,13,77a9707257b88d3b15060667769a2def98a71cff,windows10-64-shippable-qr,True,False,,|c|o|l|d| |f|i|s|s|i|o|n| |i|n|t|e|r|a|c|t|i|v|e| |w|e|b|r|e|n|d|e|r|,102210fe594ee9b33d82058545b1ed14f4c8206e,LastVisualChange,reddit-billgates-post-1.posts,True,reddit-billgates-post-1.posts LastVisualChange opt cold fission webrender,,77,ms,firefox,,1702406862,2023-05-29 20:34:18,566.0,f7d3e204b0fb015cf0fb51a08403e22986a2ae52,1248445,,,,,,,,,,,,,,,,,,,,,,,,,,,,,,,,,,,,,,,,,,,,,,,,,,,,,,,,,,,,,TN,TN
autoland,4060512,13,77a9707257b88d3b15060667769a2def98a71cff,windows10-64-shippable-qr,True,False,,|c|o|l|d| |f|i|s|s|i|o|n| |i|n|t|e|r|a|c|t|i|v|e| |w|e|b|r|e|n|d|e|r|,102210fe594ee9b33d82058545b1ed14f4c8206e,LastVisualChange,reddit-billgates-post-1.posts,True,reddit-billgates-post-1.posts LastVisualChange opt cold fission webrender,,77,ms,firefox,,1702478198,2023-05-30 01:15:28,533.0,82442b2d56d94c600cca707dd62ab7a19d68bbd2,1248536,,,,,,,,,,,,,,,,,,,,,,,,,,,,,,,,,,,,,,,,,,,,,,,,,,,,,,,,,,,,,TN,TN
autoland,4060512,13,77a9707257b88d3b15060667769a2def98a71cff,windows10-64-shippable-qr,True,False,,|c|o|l|d| |f|i|s|s|i|o|n| |i|n|t|e|r|a|c|t|i|v|e| |w|e|b|r|e|n|d|e|r|,102210fe594ee9b33d82058545b1ed14f4c8206e,LastVisualChange,reddit-billgates-post-1.posts,True,reddit-billgates-post-1.posts LastVisualChange opt cold fission webrender,,77,ms,firefox,,1702581173,2023-05-30 06:58:06,566.0,23a3b1b5a2b78d86456189221e567423206bc00a,1248601,,,,,,,,,,,,,,,,,,,,,,,,,,,,,,,,,,,,,,,,,,,,,,,,,,,,,,,,,,,,,TN,TN
autoland,4060512,13,77a9707257b88d3b15060667769a2def98a71cff,windows10-64-shippable-qr,True,False,,|c|o|l|d| |f|i|s|s|i|o|n| |i|n|t|e|r|a|c|t|i|v|e| |w|e|b|r|e|n|d|e|r|,102210fe594ee9b33d82058545b1ed14f4c8206e,LastVisualChange,reddit-billgates-post-1.posts,True,reddit-billgates-post-1.posts LastVisualChange opt cold fission webrender,,77,ms,firefox,,1702598238,2023-05-30 07:49:46,566.0,64b2487b96b949b3c6a787dfd17210f9998fb42e,1248618,,,,,,,,,,,,,,,,,,,,,,,,,,,,,,,,,,,,,,,,,,,,,,,,,,,,,,,,,,,,,TN,TN
autoland,4060512,13,77a9707257b88d3b15060667769a2def98a71cff,windows10-64-shippable-qr,True,False,,|c|o|l|d| |f|i|s|s|i|o|n| |i|n|t|e|r|a|c|t|i|v|e| |w|e|b|r|e|n|d|e|r|,102210fe594ee9b33d82058545b1ed14f4c8206e,LastVisualChange,reddit-billgates-post-1.posts,True,reddit-billgates-post-1.posts LastVisualChange opt cold fission webrender,,77,ms,firefox,,1702741120,2023-05-30 12:05:20,533.5,121d4440186ece5c7acf444a8879a3818d54fef5,1248752,,,,,,,,,,,,,,,,,,,,,,,,,,,,,,,,,,,,,,,,,,,,,,,,,,,,,,,,,,,,,TN,TN
autoland,4060512,13,77a9707257b88d3b15060667769a2def98a71cff,windows10-64-shippable-qr,True,False,,|c|o|l|d| |f|i|s|s|i|o|n| |i|n|t|e|r|a|c|t|i|v|e| |w|e|b|r|e|n|d|e|r|,102210fe594ee9b33d82058545b1ed14f4c8206e,LastVisualChange,reddit-billgates-post-1.posts,True,reddit-billgates-post-1.posts LastVisualChange opt cold fission webrender,,77,ms,firefox,,1703238622,2023-05-30 14:11:57,566.5,1c86169a6ab3a53190c7fca3fe2cefe2251e4cad,1248832,,,,,,,,,,,,,,,,,,,,,,,,,,,,,,,,,,,,,,,,,,,,,,,,,,,,,,,,,,,,,TN,TN
autoland,4060512,13,77a9707257b88d3b15060667769a2def98a71cff,windows10-64-shippable-qr,True,False,,|c|o|l|d| |f|i|s|s|i|o|n| |i|n|t|e|r|a|c|t|i|v|e| |w|e|b|r|e|n|d|e|r|,102210fe594ee9b33d82058545b1ed14f4c8206e,LastVisualChange,reddit-billgates-post-1.posts,True,reddit-billgates-post-1.posts LastVisualChange opt cold fission webrender,,77,ms,firefox,,1703269906,2023-05-30 14:17:42,549.5,2139914fff1c2bb8398578403a5d19f8ba7eab08,1248836,,,,,,,,,,,,,,,,,,,,,,,,,,,,,,,,,,,,,,,,,,,,,,,,,,,,,,,,,,,,,TN,TN
autoland,4060512,13,77a9707257b88d3b15060667769a2def98a71cff,windows10-64-shippable-qr,True,False,,|c|o|l|d| |f|i|s|s|i|o|n| |i|n|t|e|r|a|c|t|i|v|e| |w|e|b|r|e|n|d|e|r|,102210fe594ee9b33d82058545b1ed14f4c8206e,LastVisualChange,reddit-billgates-post-1.posts,True,reddit-billgates-post-1.posts LastVisualChange opt cold fission webrender,,77,ms,firefox,,1703256126,2023-05-30 14:18:36,533.0,25819f54f4eb2233a294e431c4f84f146fc2fa5f,1248839,,,,,,,,,,,,,,,,,,,,,,,,,,,,,,,,,,,,,,,,,,,,,,,,,,,,,,,,,,,,,TN,TN
autoland,4060512,13,77a9707257b88d3b15060667769a2def98a71cff,windows10-64-shippable-qr,True,False,,|c|o|l|d| |f|i|s|s|i|o|n| |i|n|t|e|r|a|c|t|i|v|e| |w|e|b|r|e|n|d|e|r|,102210fe594ee9b33d82058545b1ed14f4c8206e,LastVisualChange,reddit-billgates-post-1.posts,True,reddit-billgates-post-1.posts LastVisualChange opt cold fission webrender,,77,ms,firefox,,1703275595,2023-05-30 14:20:30,533.0,fe968fa39d7b2a02923dc930f6045d0c925149cc,1248840,,,,,,,,,,,,,,,,,,,,,,,,,,,,,,,,,,,,,,,,,,,,,,,,,,,,,,,,,,,,,TN,TN
autoland,4060512,13,77a9707257b88d3b15060667769a2def98a71cff,windows10-64-shippable-qr,True,False,,|c|o|l|d| |f|i|s|s|i|o|n| |i|n|t|e|r|a|c|t|i|v|e| |w|e|b|r|e|n|d|e|r|,102210fe594ee9b33d82058545b1ed14f4c8206e,LastVisualChange,reddit-billgates-post-1.posts,True,reddit-billgates-post-1.posts LastVisualChange opt cold fission webrender,,77,ms,firefox,,1702815806,2023-05-30 15:20:14,550.0,8ddf44b47ed68e786f1ca69913136fe2ddd7f1d2,1248888,,,,,,,,,,,,,,,,,,,,,,,,,,,,,,,,,,,,,,,,,,,,,,,,,,,,,,,,,,,,,TN,TN
autoland,4060512,13,77a9707257b88d3b15060667769a2def98a71cff,windows10-64-shippable-qr,True,False,,|c|o|l|d| |f|i|s|s|i|o|n| |i|n|t|e|r|a|c|t|i|v|e| |w|e|b|r|e|n|d|e|r|,102210fe594ee9b33d82058545b1ed14f4c8206e,LastVisualChange,reddit-billgates-post-1.posts,True,reddit-billgates-post-1.posts LastVisualChange opt cold fission webrender,,77,ms,firefox,,1703281777,2023-05-30 17:40:00,533.0,f283a65c051a837eb3b3eb004e258408b9aa8e53,1248971,,,,,,,,,,,,,,,,,,,,,,,,,,,,,,,,,,,,,,,,,,,,,,,,,,,,,,,,,,,,,TN,TN
autoland,4060512,13,77a9707257b88d3b15060667769a2def98a71cff,windows10-64-shippable-qr,True,False,,|c|o|l|d| |f|i|s|s|i|o|n| |i|n|t|e|r|a|c|t|i|v|e| |w|e|b|r|e|n|d|e|r|,102210fe594ee9b33d82058545b1ed14f4c8206e,LastVisualChange,reddit-billgates-post-1.posts,True,reddit-billgates-post-1.posts LastVisualChange opt cold fission webrender,,77,ms,firefox,,1703226699,2023-05-30 18:28:22,533.0,3be173a1e2614e622c6c3361b457b0c2b24ff6da,1249008,,,,,,,,,,,,,,,,,,,,,,,,,,,,,,,,,,,,,,,,,,,,,,,,,,,,,,,,,,,,,TN,TN
autoland,4060512,13,77a9707257b88d3b15060667769a2def98a71cff,windows10-64-shippable-qr,True,False,,|c|o|l|d| |f|i|s|s|i|o|n| |i|n|t|e|r|a|c|t|i|v|e| |w|e|b|r|e|n|d|e|r|,102210fe594ee9b33d82058545b1ed14f4c8206e,LastVisualChange,reddit-billgates-post-1.posts,True,reddit-billgates-post-1.posts LastVisualChange opt cold fission webrender,,77,ms,firefox,,1702901158,2023-05-30 19:20:55,566.5,361a866d206fd695b15823113863d449afb7c87d,1249050,,,,,,,,,,,,,,,,,,,,,,,,,,,,,,,,,,,,,,,,,,,,,,,,,,,,,,,,,,,,,TN,TN
autoland,4060512,13,77a9707257b88d3b15060667769a2def98a71cff,windows10-64-shippable-qr,True,False,,|c|o|l|d| |f|i|s|s|i|o|n| |i|n|t|e|r|a|c|t|i|v|e| |w|e|b|r|e|n|d|e|r|,102210fe594ee9b33d82058545b1ed14f4c8206e,LastVisualChange,reddit-billgates-post-1.posts,True,reddit-billgates-post-1.posts LastVisualChange opt cold fission webrender,,77,ms,firefox,,1702930282,2023-05-30 19:21:44,566.5,f9dad80c02c9517d8cb38311989dab88f1236015,1249051,,,,,,,,,,,,,,,,,,,,,,,,,,,,,,,,,,,,,,,,,,,,,,,,,,,,,,,,,,,,,TN,TN
autoland,4060512,13,77a9707257b88d3b15060667769a2def98a71cff,windows10-64-shippable-qr,True,False,,|c|o|l|d| |f|i|s|s|i|o|n| |i|n|t|e|r|a|c|t|i|v|e| |w|e|b|r|e|n|d|e|r|,102210fe594ee9b33d82058545b1ed14f4c8206e,LastVisualChange,reddit-billgates-post-1.posts,True,reddit-billgates-post-1.posts LastVisualChange opt cold fission webrender,,77,ms,firefox,,1703047954,2023-05-30 22:16:30,549.5,0ea1f0bff41ab8b0e92e4f35f3d6eaf801ad3fc0,1249172,,,,,,,,,,,,,,,,,,,,,,,,,,,,,,,,,,,,,,,,,,,,,,,,,,,,,,,,,,,,,TN,TN
autoland,4060512,13,77a9707257b88d3b15060667769a2def98a71cff,windows10-64-shippable-qr,True,False,,|c|o|l|d| |f|i|s|s|i|o|n| |i|n|t|e|r|a|c|t|i|v|e| |w|e|b|r|e|n|d|e|r|,102210fe594ee9b33d82058545b1ed14f4c8206e,LastVisualChange,reddit-billgates-post-1.posts,True,reddit-billgates-post-1.posts LastVisualChange opt cold fission webrender,,77,ms,firefox,,1703146401,2023-05-31 02:21:54,500.0,40997d8c121ee054ffe5df2c1a10d3a392f78c3c,1249255,,,,,,,,,,,,,,,,,,,,,,,,,,,,,,,,,,,,,,,,,,,,,,,,,,,,,,,,,,,,,TN,TN
autoland,4060512,13,77a9707257b88d3b15060667769a2def98a71cff,windows10-64-shippable-qr,True,False,,|c|o|l|d| |f|i|s|s|i|o|n| |i|n|t|e|r|a|c|t|i|v|e| |w|e|b|r|e|n|d|e|r|,102210fe594ee9b33d82058545b1ed14f4c8206e,LastVisualChange,reddit-billgates-post-1.posts,True,reddit-billgates-post-1.posts LastVisualChange opt cold fission webrender,,77,ms,firefox,,1703383714,2023-05-31 09:56:26,516.5,2317c21d7aeb68528ec7946980e7ca68d74c451a,1249439,,,,,,,,,,,,,,,,,,,,,,,,,,,,,,,,,,,,,,,,,,,,,,,,,,,,,,,,,,,,,TN,TN
autoland,4060512,13,77a9707257b88d3b15060667769a2def98a71cff,windows10-64-shippable-qr,True,False,,|c|o|l|d| |f|i|s|s|i|o|n| |i|n|t|e|r|a|c|t|i|v|e| |w|e|b|r|e|n|d|e|r|,102210fe594ee9b33d82058545b1ed14f4c8206e,LastVisualChange,reddit-billgates-post-1.posts,True,reddit-billgates-post-1.posts LastVisualChange opt cold fission webrender,,77,ms,firefox,,1704273366,2023-05-31 12:33:14,533.0,266547f5163fca069f3fb0846cfd9318a1beda07,1249509,,,,,,,,,,,,,,,,,,,,,,,,,,,,,,,,,,,,,,,,,,,,,,,,,,,,,,,,,,,,,TN,TN
autoland,4060512,13,77a9707257b88d3b15060667769a2def98a71cff,windows10-64-shippable-qr,True,False,,|c|o|l|d| |f|i|s|s|i|o|n| |i|n|t|e|r|a|c|t|i|v|e| |w|e|b|r|e|n|d|e|r|,102210fe594ee9b33d82058545b1ed14f4c8206e,LastVisualChange,reddit-billgates-post-1.posts,True,reddit-billgates-post-1.posts LastVisualChange opt cold fission webrender,,77,ms,firefox,,1704261488,2023-05-31 12:40:08,566.0,be003bc24d249ccbd427d8ba21ea81c4637f1cda,1249513,,,,,,,,,,,,,,,,,,,,,,,,,,,,,,,,,,,,,,,,,,,,,,,,,,,,,,,,,,,,,TN,TN
autoland,4060512,13,77a9707257b88d3b15060667769a2def98a71cff,windows10-64-shippable-qr,True,False,,|c|o|l|d| |f|i|s|s|i|o|n| |i|n|t|e|r|a|c|t|i|v|e| |w|e|b|r|e|n|d|e|r|,102210fe594ee9b33d82058545b1ed14f4c8206e,LastVisualChange,reddit-billgates-post-1.posts,True,reddit-billgates-post-1.posts LastVisualChange opt cold fission webrender,,77,ms,firefox,,1703638072,2023-05-31 14:02:33,566.5,7d2ea0789fc8c8538febac2643670ed4a46de087,1249550,,,,,,,,,,,,,,,,,,,,,,,,,,,,,,,,,,,,,,,,,,,,,,,,,,,,,,,,,,,,,TN,TN
autoland,4060512,13,77a9707257b88d3b15060667769a2def98a71cff,windows10-64-shippable-qr,True,False,,|c|o|l|d| |f|i|s|s|i|o|n| |i|n|t|e|r|a|c|t|i|v|e| |w|e|b|r|e|n|d|e|r|,102210fe594ee9b33d82058545b1ed14f4c8206e,LastVisualChange,reddit-billgates-post-1.posts,True,reddit-billgates-post-1.posts LastVisualChange opt cold fission webrender,,77,ms,firefox,,1703744906,2023-05-31 15:08:35,533.0,513ac812d28fbd668a0b4216f4f52aef38b29501,1249582,,,,,,,,,,,,,,,,,,,,,,,,,,,,,,,,,,,,,,,,,,,,,,,,,,,,,,,,,,,,,TN,TN
autoland,4060512,13,77a9707257b88d3b15060667769a2def98a71cff,windows10-64-shippable-qr,True,False,,|c|o|l|d| |f|i|s|s|i|o|n| |i|n|t|e|r|a|c|t|i|v|e| |w|e|b|r|e|n|d|e|r|,102210fe594ee9b33d82058545b1ed14f4c8206e,LastVisualChange,reddit-billgates-post-1.posts,True,reddit-billgates-post-1.posts LastVisualChange opt cold fission webrender,,77,ms,firefox,,1703840585,2023-05-31 17:22:12,566.5,b1a1fe06a88b8bdb3f1c5564d12f6798261f34f8,1249712,,,,,,,,,,,,,,,,,,,,,,,,,,,,,,,,,,,,,,,,,,,,,,,,,,,,,,,,,,,,,TN,TN
autoland,4060512,13,77a9707257b88d3b15060667769a2def98a71cff,windows10-64-shippable-qr,True,False,,|c|o|l|d| |f|i|s|s|i|o|n| |i|n|t|e|r|a|c|t|i|v|e| |w|e|b|r|e|n|d|e|r|,102210fe594ee9b33d82058545b1ed14f4c8206e,LastVisualChange,reddit-billgates-post-1.posts,True,reddit-billgates-post-1.posts LastVisualChange opt cold fission webrender,,77,ms,firefox,,1703988273,2023-05-31 20:28:19,549.5,acd631722a01cb363c4967477af9f240d35cd218,1249881,,,,,,,,,,,,,,,,,,,,,,,,,,,,,,,,,,,,,,,,,,,,,,,,,,,,,,,,,,,,,TN,TN
autoland,4060512,13,77a9707257b88d3b15060667769a2def98a71cff,windows10-64-shippable-qr,True,False,,|c|o|l|d| |f|i|s|s|i|o|n| |i|n|t|e|r|a|c|t|i|v|e| |w|e|b|r|e|n|d|e|r|,102210fe594ee9b33d82058545b1ed14f4c8206e,LastVisualChange,reddit-billgates-post-1.posts,True,reddit-billgates-post-1.posts LastVisualChange opt cold fission webrender,,77,ms,firefox,,1704280377,2023-05-31 21:52:05,533.0,3e57422d355fbd79bda3cc9af613485b3bdce01e,1249959,,,,,,,,,,,,,,,,,,,,,,,,,,,,,,,,,,,,,,,,,,,,,,,,,,,,,,,,,,,,,TN,TN
autoland,4060512,13,77a9707257b88d3b15060667769a2def98a71cff,windows10-64-shippable-qr,True,False,,|c|o|l|d| |f|i|s|s|i|o|n| |i|n|t|e|r|a|c|t|i|v|e| |w|e|b|r|e|n|d|e|r|,102210fe594ee9b33d82058545b1ed14f4c8206e,LastVisualChange,reddit-billgates-post-1.posts,True,reddit-billgates-post-1.posts LastVisualChange opt cold fission webrender,,77,ms,firefox,,1704296557,2023-05-31 21:52:58,550.0,1ee8fd36b1276fa713a4407e53085c5991e8ad2d,1249961,,,,,,,,,,,,,,,,,,,,,,,,,,,,,,,,,,,,,,,,,,,,,,,,,,,,,,,,,,,,,TN,TN
autoland,4060512,13,77a9707257b88d3b15060667769a2def98a71cff,windows10-64-shippable-qr,True,False,,|c|o|l|d| |f|i|s|s|i|o|n| |i|n|t|e|r|a|c|t|i|v|e| |w|e|b|r|e|n|d|e|r|,102210fe594ee9b33d82058545b1ed14f4c8206e,LastVisualChange,reddit-billgates-post-1.posts,True,reddit-billgates-post-1.posts LastVisualChange opt cold fission webrender,,77,ms,firefox,,1704159169,2023-05-31 23:35:37,583.5,69cd9d943489100b8424cf1b19b0646cbc9c317c,1250055,,,,,,,,,,,,,,,,,,,,,,,,,,,,,,,,,,,,,,,,,,,,,,,,,,,,,,,,,,,,,TN,TN
autoland,4060512,13,77a9707257b88d3b15060667769a2def98a71cff,windows10-64-shippable-qr,True,False,,|c|o|l|d| |f|i|s|s|i|o|n| |i|n|t|e|r|a|c|t|i|v|e| |w|e|b|r|e|n|d|e|r|,102210fe594ee9b33d82058545b1ed14f4c8206e,LastVisualChange,reddit-billgates-post-1.posts,True,reddit-billgates-post-1.posts LastVisualChange opt cold fission webrender,,77,ms,firefox,,1704228526,2023-06-01 03:44:27,549.5,5d6127a9b7ed37774d6403efd4ee1ec813503592,1250134,,,,,,,,,,,,,,,,,,,,,,,,,,,,,,,,,,,,,,,,,,,,,,,,,,,,,,,,,,,,,TN,TN
autoland,4060512,13,77a9707257b88d3b15060667769a2def98a71cff,windows10-64-shippable-qr,True,False,,|c|o|l|d| |f|i|s|s|i|o|n| |i|n|t|e|r|a|c|t|i|v|e| |w|e|b|r|e|n|d|e|r|,102210fe594ee9b33d82058545b1ed14f4c8206e,LastVisualChange,reddit-billgates-post-1.posts,True,reddit-billgates-post-1.posts LastVisualChange opt cold fission webrender,,77,ms,firefox,,1704343935,2023-06-01 08:18:01,566.0,310a02cb1216c0fafadcbc049aac0875871eab96,1250206,,,,,,,,,,,,,,,,,,,,,,,,,,,,,,,,,,,,,,,,,,,,,,,,,,,,,,,,,,,,,TN,TN
autoland,4060512,13,77a9707257b88d3b15060667769a2def98a71cff,windows10-64-shippable-qr,True,False,,|c|o|l|d| |f|i|s|s|i|o|n| |i|n|t|e|r|a|c|t|i|v|e| |w|e|b|r|e|n|d|e|r|,102210fe594ee9b33d82058545b1ed14f4c8206e,LastVisualChange,reddit-billgates-post-1.posts,True,reddit-billgates-post-1.posts LastVisualChange opt cold fission webrender,,77,ms,firefox,,1704387670,2023-06-01 09:51:53,533.0,3ee1184f75ef01c3b8b3acb826d84a189cac75ce,1250243,,,,,,,,,,,,,,,,,,,,,,,,,,,,,,,,,,,,,,,,,,,,,,,,,,,,,,,,,,,,,TN,TN
autoland,4060512,13,77a9707257b88d3b15060667769a2def98a71cff,windows10-64-shippable-qr,True,False,,|c|o|l|d| |f|i|s|s|i|o|n| |i|n|t|e|r|a|c|t|i|v|e| |w|e|b|r|e|n|d|e|r|,102210fe594ee9b33d82058545b1ed14f4c8206e,LastVisualChange,reddit-billgates-post-1.posts,True,reddit-billgates-post-1.posts LastVisualChange opt cold fission webrender,,77,ms,firefox,,1704617090,2023-06-01 13:54:39,533.0,01e7e891e3d0793f8a185fe99b6f8cc9c6ffa74e,1250379,,,,,,,,,,,,,,,,,,,,,,,,,,,,,,,,,,,,,,,,,,,,,,,,,,,,,,,,,,,,,TN,TN
autoland,4060512,13,77a9707257b88d3b15060667769a2def98a71cff,windows10-64-shippable-qr,True,False,,|c|o|l|d| |f|i|s|s|i|o|n| |i|n|t|e|r|a|c|t|i|v|e| |w|e|b|r|e|n|d|e|r|,102210fe594ee9b33d82058545b1ed14f4c8206e,LastVisualChange,reddit-billgates-post-1.posts,True,reddit-billgates-post-1.posts LastVisualChange opt cold fission webrender,,77,ms,firefox,,1704804200,2023-06-01 19:53:44,533.0,ae0f513f1d25aef3f79ad009b5f2dd7407536827,1250634,,,,,,,,,,,,,,,,,,,,,,,,,,,,,,,,,,,,,,,,,,,,,,,,,,,,,,,,,,,,,TN,TN
autoland,4060512,13,77a9707257b88d3b15060667769a2def98a71cff,windows10-64-shippable-qr,True,False,,|c|o|l|d| |f|i|s|s|i|o|n| |i|n|t|e|r|a|c|t|i|v|e| |w|e|b|r|e|n|d|e|r|,102210fe594ee9b33d82058545b1ed14f4c8206e,LastVisualChange,reddit-billgates-post-1.posts,True,reddit-billgates-post-1.posts LastVisualChange opt cold fission webrender,,77,ms,firefox,,1704838742,2023-06-01 21:35:55,533.0,9718fca142ae7765c8ca6c3616fab6e303225556,1250675,,,,,,,,,,,,,,,,,,,,,,,,,,,,,,,,,,,,,,,,,,,,,,,,,,,,,,,,,,,,,TN,TN
autoland,4060512,13,77a9707257b88d3b15060667769a2def98a71cff,windows10-64-shippable-qr,True,False,,|c|o|l|d| |f|i|s|s|i|o|n| |i|n|t|e|r|a|c|t|i|v|e| |w|e|b|r|e|n|d|e|r|,102210fe594ee9b33d82058545b1ed14f4c8206e,LastVisualChange,reddit-billgates-post-1.posts,True,reddit-billgates-post-1.posts LastVisualChange opt cold fission webrender,,77,ms,firefox,,1704920914,2023-06-02 02:04:00,566.0,c365694efc9c7ac4c2c010f9dc97afb7c80107ee,1250783,,,,,,,,,,,,,,,,,,,,,,,,,,,,,,,,,,,,,,,,,,,,,,,,,,,,,,,,,,,,,TN,TN
autoland,4060512,13,77a9707257b88d3b15060667769a2def98a71cff,windows10-64-shippable-qr,True,False,,|c|o|l|d| |f|i|s|s|i|o|n| |i|n|t|e|r|a|c|t|i|v|e| |w|e|b|r|e|n|d|e|r|,102210fe594ee9b33d82058545b1ed14f4c8206e,LastVisualChange,reddit-billgates-post-1.posts,True,reddit-billgates-post-1.posts LastVisualChange opt cold fission webrender,,77,ms,firefox,,1705143340,2023-06-02 12:19:13,583.0,5d642eb9394b5f5e9e9f0a4b6be492055e341e31,1250979,,,,,,,,,,,,,,,,,,,,,,,,,,,,,,,,,,,,,,,,,,,,,,,,,,,,,,,,,,,,,TN,TN
autoland,4060512,13,77a9707257b88d3b15060667769a2def98a71cff,windows10-64-shippable-qr,True,False,,|c|o|l|d| |f|i|s|s|i|o|n| |i|n|t|e|r|a|c|t|i|v|e| |w|e|b|r|e|n|d|e|r|,102210fe594ee9b33d82058545b1ed14f4c8206e,LastVisualChange,reddit-billgates-post-1.posts,True,reddit-billgates-post-1.posts LastVisualChange opt cold fission webrender,,77,ms,firefox,,1705185853,2023-06-02 13:27:34,566.5,e2c71d0ed1e8bb2b9752f78b13c31171d5dde3a9,1251019,,,,,,,,,,,,,,,,,,,,,,,,,,,,,,,,,,,,,,,,,,,,,,,,,,,,,,,,,,,,,TN,TN
autoland,4060512,13,77a9707257b88d3b15060667769a2def98a71cff,windows10-64-shippable-qr,True,False,,|c|o|l|d| |f|i|s|s|i|o|n| |i|n|t|e|r|a|c|t|i|v|e| |w|e|b|r|e|n|d|e|r|,102210fe594ee9b33d82058545b1ed14f4c8206e,LastVisualChange,reddit-billgates-post-1.posts,True,reddit-billgates-post-1.posts LastVisualChange opt cold fission webrender,,77,ms,firefox,,1705299624,2023-06-02 17:59:13,566.0,ad7e9e56836f2bd7e0668d322719f548e825a685,1251185,,,,,,,,,,,,,,,,,,,,,,,,,,,,,,,,,,,,,,,,,,,,,,,,,,,,,,,,,,,,,TN,TN
autoland,4060512,13,77a9707257b88d3b15060667769a2def98a71cff,windows10-64-shippable-qr,True,False,,|c|o|l|d| |f|i|s|s|i|o|n| |i|n|t|e|r|a|c|t|i|v|e| |w|e|b|r|e|n|d|e|r|,102210fe594ee9b33d82058545b1ed14f4c8206e,LastVisualChange,reddit-billgates-post-1.posts,True,reddit-billgates-post-1.posts LastVisualChange opt cold fission webrender,,77,ms,firefox,,1705293418,2023-06-02 18:03:52,533.0,8c3b1c60fde747fcb4e3421062a37b829d6acb9f,1251187,,,,,,,,,,,,,,,,,,,,,,,,,,,,,,,,,,,,,,,,,,,,,,,,,,,,,,,,,,,,,TN,TN
autoland,4060512,13,77a9707257b88d3b15060667769a2def98a71cff,windows10-64-shippable-qr,True,False,,|c|o|l|d| |f|i|s|s|i|o|n| |i|n|t|e|r|a|c|t|i|v|e| |w|e|b|r|e|n|d|e|r|,102210fe594ee9b33d82058545b1ed14f4c8206e,LastVisualChange,reddit-billgates-post-1.posts,True,reddit-billgates-post-1.posts LastVisualChange opt cold fission webrender,,77,ms,firefox,,1705380307,2023-06-02 22:18:32,566.0,b9f63a24bc677e4c6a1f9bc801c2e3bf44dbd6e8,1251308,,,,,,,,,,,,,,,,,,,,,,,,,,,,,,,,,,,,,,,,,,,,,,,,,,,,,,,,,,,,,TN,TN
autoland,4060512,13,77a9707257b88d3b15060667769a2def98a71cff,windows10-64-shippable-qr,True,False,,|c|o|l|d| |f|i|s|s|i|o|n| |i|n|t|e|r|a|c|t|i|v|e| |w|e|b|r|e|n|d|e|r|,102210fe594ee9b33d82058545b1ed14f4c8206e,LastVisualChange,reddit-billgates-post-1.posts,True,reddit-billgates-post-1.posts LastVisualChange opt cold fission webrender,,77,ms,firefox,,1705436676,2023-06-03 05:40:17,566.0,64bce9d136ae9b4bd5482515721d6daf2da53dc3,1251358,,,,,,,,,,,,,,,,,,,,,,,,,,,,,,,,,,,,,,,,,,,,,,,,,,,,,,,,,,,,,TN,TN
autoland,4060512,13,77a9707257b88d3b15060667769a2def98a71cff,windows10-64-shippable-qr,True,False,,|c|o|l|d| |f|i|s|s|i|o|n| |i|n|t|e|r|a|c|t|i|v|e| |w|e|b|r|e|n|d|e|r|,102210fe594ee9b33d82058545b1ed14f4c8206e,LastVisualChange,reddit-billgates-post-1.posts,True,reddit-billgates-post-1.posts LastVisualChange opt cold fission webrender,,77,ms,firefox,,1705517085,2023-06-03 14:24:38,567.0,7bc8c25b2935765c57adc63333c221bbe5067831,1251409,,,,,,,,,,,,,,,,,,,,,,,,,,,,,,,,,,,,,,,,,,,,,,,,,,,,,,,,,,,,,TN,TN
autoland,4060512,13,77a9707257b88d3b15060667769a2def98a71cff,windows10-64-shippable-qr,True,False,,|c|o|l|d| |f|i|s|s|i|o|n| |i|n|t|e|r|a|c|t|i|v|e| |w|e|b|r|e|n|d|e|r|,102210fe594ee9b33d82058545b1ed14f4c8206e,LastVisualChange,reddit-billgates-post-1.posts,True,reddit-billgates-post-1.posts LastVisualChange opt cold fission webrender,,77,ms,firefox,,1705584877,2023-06-03 23:39:13,549.5,b8f06acca6bf62e32647496ed613012fa4c27e9e,1251453,,,,,,,,,,,,,,,,,,,,,,,,,,,,,,,,,,,,,,,,,,,,,,,,,,,,,,,,,,,,,TN,TN
autoland,4060512,13,77a9707257b88d3b15060667769a2def98a71cff,windows10-64-shippable-qr,True,False,,|c|o|l|d| |f|i|s|s|i|o|n| |i|n|t|e|r|a|c|t|i|v|e| |w|e|b|r|e|n|d|e|r|,102210fe594ee9b33d82058545b1ed14f4c8206e,LastVisualChange,reddit-billgates-post-1.posts,True,reddit-billgates-post-1.posts LastVisualChange opt cold fission webrender,,77,ms,firefox,,1705668732,2023-06-04 11:53:44,533.0,00802389f336283602445d4f08e53b8bd09b43eb,1251481,,,,,,,,,,,,,,,,,,,,,,,,,,,,,,,,,,,,,,,,,,,,,,,,,,,,,,,,,,,,,TN,TN
autoland,4060512,13,77a9707257b88d3b15060667769a2def98a71cff,windows10-64-shippable-qr,True,False,,|c|o|l|d| |f|i|s|s|i|o|n| |i|n|t|e|r|a|c|t|i|v|e| |w|e|b|r|e|n|d|e|r|,102210fe594ee9b33d82058545b1ed14f4c8206e,LastVisualChange,reddit-billgates-post-1.posts,True,reddit-billgates-post-1.posts LastVisualChange opt cold fission webrender,,77,ms,firefox,,1705704535,2023-06-04 20:28:08,566.5,eeba3a3c20a4dc53210a44734b25d2c0870b6523,1251514,,,,,,,,,,,,,,,,,,,,,,,,,,,,,,,,,,,,,,,,,,,,,,,,,,,,,,,,,,,,,TN,TN
autoland,4060512,13,77a9707257b88d3b15060667769a2def98a71cff,windows10-64-shippable-qr,True,False,,|c|o|l|d| |f|i|s|s|i|o|n| |i|n|t|e|r|a|c|t|i|v|e| |w|e|b|r|e|n|d|e|r|,102210fe594ee9b33d82058545b1ed14f4c8206e,LastVisualChange,reddit-billgates-post-1.posts,True,reddit-billgates-post-1.posts LastVisualChange opt cold fission webrender,,77,ms,firefox,,1705748036,2023-06-05 03:24:10,533.0,f8fa7749f7bdc93fa3491918a4e8b0fb4db659eb,1251552,,,,,,,,,,,,,,,,,,,,,,,,,,,,,,,,,,,,,,,,,,,,,,,,,,,,,,,,,,,,,TN,TN
autoland,4060512,13,77a9707257b88d3b15060667769a2def98a71cff,windows10-64-shippable-qr,True,False,,|c|o|l|d| |f|i|s|s|i|o|n| |i|n|t|e|r|a|c|t|i|v|e| |w|e|b|r|e|n|d|e|r|,102210fe594ee9b33d82058545b1ed14f4c8206e,LastVisualChange,reddit-billgates-post-1.posts,True,reddit-billgates-post-1.posts LastVisualChange opt cold fission webrender,,77,ms,firefox,,1705802033,2023-06-05 08:05:57,600.0,61d4558543daf8b284b3194aba84289d6e31ad2f,1251588,,,,,,,,,,,,,,,,,,,,,,,,,,,,,,,,,,,,,,,,,,,,,,,,,,,,,,,,,,,,,TN,TN
autoland,4060512,13,77a9707257b88d3b15060667769a2def98a71cff,windows10-64-shippable-qr,True,False,,|c|o|l|d| |f|i|s|s|i|o|n| |i|n|t|e|r|a|c|t|i|v|e| |w|e|b|r|e|n|d|e|r|,102210fe594ee9b33d82058545b1ed14f4c8206e,LastVisualChange,reddit-billgates-post-1.posts,True,reddit-billgates-post-1.posts LastVisualChange opt cold fission webrender,,77,ms,firefox,,1706384412,2023-06-05 08:13:54,533.0,b4f58b5b89c23f507f450070978c31ce37ae0bfa,1251592,,,,,,,,,,,,,,,,,,,,,,,,,,,,,,,,,,,,,,,,,,,,,,,,,,,,,,,,,,,,,TN,TN
autoland,4060512,13,77a9707257b88d3b15060667769a2def98a71cff,windows10-64-shippable-qr,True,False,,|c|o|l|d| |f|i|s|s|i|o|n| |i|n|t|e|r|a|c|t|i|v|e| |w|e|b|r|e|n|d|e|r|,102210fe594ee9b33d82058545b1ed14f4c8206e,LastVisualChange,reddit-billgates-post-1.posts,True,reddit-billgates-post-1.posts LastVisualChange opt cold fission webrender,,77,ms,firefox,,1706341731,2023-06-05 09:41:40,549.5,1affd61c6142771ac7be203e33a442977866164b,1251624,,,,,,,,,,,,,,,,,,,,,,,,,,,,,,,,,,,,,,,,,,,,,,,,,,,,,,,,,,,,,TN,TN
autoland,4060512,13,77a9707257b88d3b15060667769a2def98a71cff,windows10-64-shippable-qr,True,False,,|c|o|l|d| |f|i|s|s|i|o|n| |i|n|t|e|r|a|c|t|i|v|e| |w|e|b|r|e|n|d|e|r|,102210fe594ee9b33d82058545b1ed14f4c8206e,LastVisualChange,reddit-billgates-post-1.posts,True,reddit-billgates-post-1.posts LastVisualChange opt cold fission webrender,,77,ms,firefox,,1706373413,2023-06-05 09:45:03,550.0,201365a3648ecab85ffce4e3930f9e9285ec3fbe,1251629,,,,,,,,,,,,,,,,,,,,,,,,,,,,,,,,,,,,,,,,,,,,,,,,,,,,,,,,,,,,,TN,TN
autoland,4060512,13,77a9707257b88d3b15060667769a2def98a71cff,windows10-64-shippable-qr,True,False,,|c|o|l|d| |f|i|s|s|i|o|n| |i|n|t|e|r|a|c|t|i|v|e| |w|e|b|r|e|n|d|e|r|,102210fe594ee9b33d82058545b1ed14f4c8206e,LastVisualChange,reddit-billgates-post-1.posts,True,reddit-billgates-post-1.posts LastVisualChange opt cold fission webrender,,77,ms,firefox,,1706339133,2023-06-05 10:13:11,549.5,95ed74f9ad6da76c6cf56a1db4cfe6afd6213af2,1251649,,,,,,,,,,,,,,,,,,,,,,,,,,,,,,,,,,,,,,,,,,,,,,,,,,,,,,,,,,,,,TN,TN
autoland,4060512,13,77a9707257b88d3b15060667769a2def98a71cff,windows10-64-shippable-qr,True,False,,|c|o|l|d| |f|i|s|s|i|o|n| |i|n|t|e|r|a|c|t|i|v|e| |w|e|b|r|e|n|d|e|r|,102210fe594ee9b33d82058545b1ed14f4c8206e,LastVisualChange,reddit-billgates-post-1.posts,True,reddit-billgates-post-1.posts LastVisualChange opt cold fission webrender,,77,ms,firefox,,1706361535,2023-06-05 11:51:57,533.0,6ad4019db2d5ac7bea3f12238282b70312e33b89,1251708,,,,,,,,,,,,,,,,,,,,,,,,,,,,,,,,,,,,,,,,,,,,,,,,,,,,,,,,,,,,,TN,TN
autoland,4060512,13,77a9707257b88d3b15060667769a2def98a71cff,windows10-64-shippable-qr,True,False,,|c|o|l|d| |f|i|s|s|i|o|n| |i|n|t|e|r|a|c|t|i|v|e| |w|e|b|r|e|n|d|e|r|,102210fe594ee9b33d82058545b1ed14f4c8206e,LastVisualChange,reddit-billgates-post-1.posts,True,reddit-billgates-post-1.posts LastVisualChange opt cold fission webrender,,77,ms,firefox,,1705895431,2023-06-05 12:01:26,566.0,00af548d93acc8c2c3ab652a04c882e3a80476a9,1251712,,,,,,,,,,,,,,,,,,,,,,,,,,,,,,,,,,,,,,,,,,,,,,,,,,,,,,,,,,,,,TN,TN
autoland,4060512,13,77a9707257b88d3b15060667769a2def98a71cff,windows10-64-shippable-qr,True,False,,|c|o|l|d| |f|i|s|s|i|o|n| |i|n|t|e|r|a|c|t|i|v|e| |w|e|b|r|e|n|d|e|r|,102210fe594ee9b33d82058545b1ed14f4c8206e,LastVisualChange,reddit-billgates-post-1.posts,True,reddit-billgates-post-1.posts LastVisualChange opt cold fission webrender,,77,ms,firefox,,1706054727,2023-06-05 16:13:31,533.0,c8df8c0bde6047b8fe23c9716940cbc1c07c2a65,1251888,,,,,,,,,,,,,,,,,,,,,,,,,,,,,,,,,,,,,,,,,,,,,,,,,,,,,,,,,,,,,TN,TN
autoland,4060512,13,77a9707257b88d3b15060667769a2def98a71cff,windows10-64-shippable-qr,True,False,,|c|o|l|d| |f|i|s|s|i|o|n| |i|n|t|e|r|a|c|t|i|v|e| |w|e|b|r|e|n|d|e|r|,102210fe594ee9b33d82058545b1ed14f4c8206e,LastVisualChange,reddit-billgates-post-1.posts,True,reddit-billgates-post-1.posts LastVisualChange opt cold fission webrender,,77,ms,firefox,,1706062895,2023-06-05 16:43:43,566.5,03d635b2bdb2041550924e64dc0dd20abf4499f9,1251915,,,,,,,,,,,,,,,,,,,,,,,,,,,,,,,,,,,,,,,,,,,,,,,,,,,,,,,,,,,,,TN,TN
autoland,4060512,13,77a9707257b88d3b15060667769a2def98a71cff,windows10-64-shippable-qr,True,False,,|c|o|l|d| |f|i|s|s|i|o|n| |i|n|t|e|r|a|c|t|i|v|e| |w|e|b|r|e|n|d|e|r|,102210fe594ee9b33d82058545b1ed14f4c8206e,LastVisualChange,reddit-billgates-post-1.posts,True,reddit-billgates-post-1.posts LastVisualChange opt cold fission webrender,,77,ms,firefox,,1706173358,2023-06-05 20:14:05,549.5,d73c2643092115d9b5859c16e121e421656264bc,1252060,,,,,,,,,,,,,,,,,,,,,,,,,,,,,,,,,,,,,,,,,,,,,,,,,,,,,,,,,,,,,TN,TN
autoland,4060512,13,77a9707257b88d3b15060667769a2def98a71cff,windows10-64-shippable-qr,True,False,,|c|o|l|d| |f|i|s|s|i|o|n| |i|n|t|e|r|a|c|t|i|v|e| |w|e|b|r|e|n|d|e|r|,102210fe594ee9b33d82058545b1ed14f4c8206e,LastVisualChange,reddit-billgates-post-1.posts,True,reddit-billgates-post-1.posts LastVisualChange opt cold fission webrender,,77,ms,firefox,,1706254311,2023-06-05 22:25:10,533.0,3a79e9a1c11da81af50cfb6e535537b5e8e7ce9f,1252165,,,,,,,,,,,,,,,,,,,,,,,,,,,,,,,,,,,,,,,,,,,,,,,,,,,,,,,,,,,,,TN,TN
autoland,4060512,13,77a9707257b88d3b15060667769a2def98a71cff,windows10-64-shippable-qr,True,False,,|c|o|l|d| |f|i|s|s|i|o|n| |i|n|t|e|r|a|c|t|i|v|e| |w|e|b|r|e|n|d|e|r|,102210fe594ee9b33d82058545b1ed14f4c8206e,LastVisualChange,reddit-billgates-post-1.posts,True,reddit-billgates-post-1.posts LastVisualChange opt cold fission webrender,,77,ms,firefox,,1707127191,2023-06-06 07:23:00,533.0,5e6e896228e55430e8e28f173cc439d598992d1d,1252318,,,,,,,,,,,,,,,,,,,,,,,,,,,,,,,,,,,,,,,,,,,,,,,,,,,,,,,,,,,,,TN,TN
autoland,4060512,13,77a9707257b88d3b15060667769a2def98a71cff,windows10-64-shippable-qr,True,False,,|c|o|l|d| |f|i|s|s|i|o|n| |i|n|t|e|r|a|c|t|i|v|e| |w|e|b|r|e|n|d|e|r|,102210fe594ee9b33d82058545b1ed14f4c8206e,LastVisualChange,reddit-billgates-post-1.posts,True,reddit-billgates-post-1.posts LastVisualChange opt cold fission webrender,,77,ms,firefox,,1706441387,2023-06-06 07:45:19,524.9,7974ac7e053aa00b02c6b9405b4fe87e6729456d,1252336,,,,,,,,,,,,,,,,,,,,,,,,,,,,,,,,,,,,,,,,,,,,,,,,,,,,,,,,,,,,,TN,TN
autoland,4060512,13,77a9707257b88d3b15060667769a2def98a71cff,windows10-64-shippable-qr,True,False,,|c|o|l|d| |f|i|s|s|i|o|n| |i|n|t|e|r|a|c|t|i|v|e| |w|e|b|r|e|n|d|e|r|,102210fe594ee9b33d82058545b1ed14f4c8206e,LastVisualChange,reddit-billgates-post-1.posts,True,reddit-billgates-post-1.posts LastVisualChange opt cold fission webrender,,77,ms,firefox,,1706623624,2023-06-06 12:19:14,522.0,847d7aa42cbef71e48427dda557da27be7b8a938,1252475,,,,,,,,,,,,,,,,,,,,,,,,,,,,,,,,,,,,,,,,,,,,,,,,,,,,,,,,,,,,,TN,TN
autoland,4060512,13,77a9707257b88d3b15060667769a2def98a71cff,windows10-64-shippable-qr,True,False,,|c|o|l|d| |f|i|s|s|i|o|n| |i|n|t|e|r|a|c|t|i|v|e| |w|e|b|r|e|n|d|e|r|,102210fe594ee9b33d82058545b1ed14f4c8206e,LastVisualChange,reddit-billgates-post-1.posts,True,reddit-billgates-post-1.posts LastVisualChange opt cold fission webrender,,77,ms,firefox,,1707127473,2023-06-06 12:33:25,554.9,b97c8d97b6469becb2138e0a621833d27aee5863,1252485,,,,,,,,,,,,,,,,,,,,,,,,,,,,,,,,,,,,,,,,,,,,,,,,,,,,,,,,,,,,,TN,TN
autoland,4060512,13,77a9707257b88d3b15060667769a2def98a71cff,windows10-64-shippable-qr,True,False,,|c|o|l|d| |f|i|s|s|i|o|n| |i|n|t|e|r|a|c|t|i|v|e| |w|e|b|r|e|n|d|e|r|,102210fe594ee9b33d82058545b1ed14f4c8206e,LastVisualChange,reddit-billgates-post-1.posts,True,reddit-billgates-post-1.posts LastVisualChange opt cold fission webrender,,77,ms,firefox,,1707145205,2023-06-06 12:36:53,571.1,d132c75f9ca2cdd84287910ccd9100989085f9e8,1252489,,,,,,,,,,,,,,,,,,,,,,,,,,,,,,,,,,,,,,,,,,,,,,,,,,,,,,,,,,,,,TN,TN
autoland,4060512,13,77a9707257b88d3b15060667769a2def98a71cff,windows10-64-shippable-qr,True,False,,|c|o|l|d| |f|i|s|s|i|o|n| |i|n|t|e|r|a|c|t|i|v|e| |w|e|b|r|e|n|d|e|r|,102210fe594ee9b33d82058545b1ed14f4c8206e,LastVisualChange,reddit-billgates-post-1.posts,True,reddit-billgates-post-1.posts LastVisualChange opt cold fission webrender,,77,ms,firefox,,1707988694,2023-06-06 13:20:12,545.7,acd7574ed678967e69cf68f97b396373f558141c,1252517,,,,,,,,,,,,,,,,,,,,,,,,,,,,,,,,,,,,,,,,,,,,,,,,,,,,,,,,,,,,,TN,TN
autoland,4060512,13,77a9707257b88d3b15060667769a2def98a71cff,windows10-64-shippable-qr,True,False,,|c|o|l|d| |f|i|s|s|i|o|n| |i|n|t|e|r|a|c|t|i|v|e| |w|e|b|r|e|n|d|e|r|,102210fe594ee9b33d82058545b1ed14f4c8206e,LastVisualChange,reddit-billgates-post-1.posts,True,reddit-billgates-post-1.posts LastVisualChange opt cold fission webrender,,77,ms,firefox,,1707988727,2023-06-06 13:25:53,546.5,13d61302e4abee9d44a41b4f16495b4a133dc1a8,1252522,,,,,,,,,,,,,,,,,,,,,,,,,,,,,,,,,,,,,,,,,,,,,,,,,,,,,,,,,,,,,TN,TN
autoland,4060512,13,77a9707257b88d3b15060667769a2def98a71cff,windows10-64-shippable-qr,True,False,,|c|o|l|d| |f|i|s|s|i|o|n| |i|n|t|e|r|a|c|t|i|v|e| |w|e|b|r|e|n|d|e|r|,102210fe594ee9b33d82058545b1ed14f4c8206e,LastVisualChange,reddit-billgates-post-1.posts,True,reddit-billgates-post-1.posts LastVisualChange opt cold fission webrender,,77,ms,firefox,,1707988322,2023-06-06 13:29:27,548.3,b44f42bf0f7bbe046669a5c3f40d7616a1d748c1,1252524,,,,,,,,,,,,,,,,,,,,,,,,,,,,,,,,,,,,,,,,,,,,,,,,,,,,,,,,,,,,,TN,TN
autoland,4060512,13,77a9707257b88d3b15060667769a2def98a71cff,windows10-64-shippable-qr,True,False,,|c|o|l|d| |f|i|s|s|i|o|n| |i|n|t|e|r|a|c|t|i|v|e| |w|e|b|r|e|n|d|e|r|,102210fe594ee9b33d82058545b1ed14f4c8206e,LastVisualChange,reddit-billgates-post-1.posts,True,reddit-billgates-post-1.posts LastVisualChange opt cold fission webrender,,77,ms,firefox,,1707988768,2023-06-06 14:51:47,554.8,4cc8e322f8832e379a9c7f48a29878cf0963d6b6,1252578,,,,,,,,,,,,,,,,,,,,,,,,,,,,,,,,,,,,,,,,,,,,,,,,,,,,,,,,,,,,,TN,TN
autoland,4060512,13,77a9707257b88d3b15060667769a2def98a71cff,windows10-64-shippable-qr,True,False,,|c|o|l|d| |f|i|s|s|i|o|n| |i|n|t|e|r|a|c|t|i|v|e| |w|e|b|r|e|n|d|e|r|,102210fe594ee9b33d82058545b1ed14f4c8206e,LastVisualChange,reddit-billgates-post-1.posts,True,reddit-billgates-post-1.posts LastVisualChange opt cold fission webrender,,77,ms,firefox,,1707988847,2023-06-06 15:02:17,525.2,08fb757d7ac853660e6026961ec799dd0a6a5e6c,1252582,,,,,,,,,,,,,,,,,,,,,,,,,,,,,,,,,,,,,,,,,,,,,,,,,,,,,,,,,,,,,TN,TN
autoland,4060512,13,77a9707257b88d3b15060667769a2def98a71cff,windows10-64-shippable-qr,True,False,,|c|o|l|d| |f|i|s|s|i|o|n| |i|n|t|e|r|a|c|t|i|v|e| |w|e|b|r|e|n|d|e|r|,102210fe594ee9b33d82058545b1ed14f4c8206e,LastVisualChange,reddit-billgates-post-1.posts,True,reddit-billgates-post-1.posts LastVisualChange opt cold fission webrender,,77,ms,firefox,,1707989040,2023-06-06 15:03:17,545.0,862bd1ab18fd2f92af4100fe30d15b23746f1620,1252583,,,,,,,,,,,,,,,,,,,,,,,,,,,,,,,,,,,,,,,,,,,,,,,,,,,,,,,,,,,,,TN,TN
autoland,4060512,13,77a9707257b88d3b15060667769a2def98a71cff,windows10-64-shippable-qr,True,False,,|c|o|l|d| |f|i|s|s|i|o|n| |i|n|t|e|r|a|c|t|i|v|e| |w|e|b|r|e|n|d|e|r|,102210fe594ee9b33d82058545b1ed14f4c8206e,LastVisualChange,reddit-billgates-post-1.posts,True,reddit-billgates-post-1.posts LastVisualChange opt cold fission webrender,,77,ms,firefox,,1707989328,2023-06-06 15:04:14,535.6,48770eeaa7829e74fd5c6e649d26edaad09e2077,1252584,,,,,,,,,,,,,,,,,,,,,,,,,,,,,,,,,,,,,,,,,,,,,,,,,,,,,,,,,,,,,TN,TN
autoland,4060512,13,77a9707257b88d3b15060667769a2def98a71cff,windows10-64-shippable-qr,True,False,,|c|o|l|d| |f|i|s|s|i|o|n| |i|n|t|e|r|a|c|t|i|v|e| |w|e|b|r|e|n|d|e|r|,102210fe594ee9b33d82058545b1ed14f4c8206e,LastVisualChange,reddit-billgates-post-1.posts,True,reddit-billgates-post-1.posts LastVisualChange opt cold fission webrender,,77,ms,firefox,,1707989256,2023-06-06 15:05:04,532.3,58db56fb92e512ab38519e761371449b91f03577,1252586,,,,,,,,,,,,,,,,,,,,,,,,,,,,,,,,,,,,,,,,,,,,,,,,,,,,,,,,,,,,,TN,TN
autoland,4060512,13,77a9707257b88d3b15060667769a2def98a71cff,windows10-64-shippable-qr,True,False,,|c|o|l|d| |f|i|s|s|i|o|n| |i|n|t|e|r|a|c|t|i|v|e| |w|e|b|r|e|n|d|e|r|,102210fe594ee9b33d82058545b1ed14f4c8206e,LastVisualChange,reddit-billgates-post-1.posts,True,reddit-billgates-post-1.posts LastVisualChange opt cold fission webrender,,77,ms,firefox,,1707989196,2023-06-06 15:06:04,570.6,8a5e6b282c100e8fd6dcde510047b2ad3b4875e1,1252587,,,,,,,,,,,,,,,,,,,,,,,,,,,,,,,,,,,,,,,,,,,,,,,,,,,,,,,,,,,,,TN,TN
autoland,4060512,13,77a9707257b88d3b15060667769a2def98a71cff,windows10-64-shippable-qr,True,False,,|c|o|l|d| |f|i|s|s|i|o|n| |i|n|t|e|r|a|c|t|i|v|e| |w|e|b|r|e|n|d|e|r|,102210fe594ee9b33d82058545b1ed14f4c8206e,LastVisualChange,reddit-billgates-post-1.posts,True,reddit-billgates-post-1.posts LastVisualChange opt cold fission webrender,,77,ms,firefox,,1706706019,2023-06-06 15:07:26,555.7,51ecbed77cf45640a921f61934b70efadfb58982,1252589,,,,,,,,,,,,,,,,,,,,,,,,,,,,,,,,,,,,,,,,,,,,,,,,,,,,,,,,,,,,,TN,TN
autoland,4060512,13,77a9707257b88d3b15060667769a2def98a71cff,windows10-64-shippable-qr,True,False,,|c|o|l|d| |f|i|s|s|i|o|n| |i|n|t|e|r|a|c|t|i|v|e| |w|e|b|r|e|n|d|e|r|,102210fe594ee9b33d82058545b1ed14f4c8206e,LastVisualChange,reddit-billgates-post-1.posts,True,reddit-billgates-post-1.posts LastVisualChange opt cold fission webrender,,77,ms,firefox,,1708853174,2023-06-06 15:08:15,521.7,1ceebfa927ecbf7143ed283fbfdbc2704ab0223e,1252590,,,,,,,,,,,,,,,,,,,,,,,,,,,,,,,,,,,,,,,,,,,,,,,,,,,,,,,,,,,,,TN,TN
autoland,4060512,13,77a9707257b88d3b15060667769a2def98a71cff,windows10-64-shippable-qr,True,False,,|c|o|l|d| |f|i|s|s|i|o|n| |i|n|t|e|r|a|c|t|i|v|e| |w|e|b|r|e|n|d|e|r|,102210fe594ee9b33d82058545b1ed14f4c8206e,LastVisualChange,reddit-billgates-post-1.posts,True,reddit-billgates-post-1.posts LastVisualChange opt cold fission webrender,,77,ms,firefox,,1710331314,2023-06-06 15:08:15,525.3,1ceebfa927ecbf7143ed283fbfdbc2704ab0223e,1252590,,,,,,,,,,,,,,,,,,,,,,,,,,,,,,,,,,,,,,,,,,,,,,,,,,,,,,,,,,,,,TN,TN
autoland,4060512,13,77a9707257b88d3b15060667769a2def98a71cff,windows10-64-shippable-qr,True,False,,|c|o|l|d| |f|i|s|s|i|o|n| |i|n|t|e|r|a|c|t|i|v|e| |w|e|b|r|e|n|d|e|r|,102210fe594ee9b33d82058545b1ed14f4c8206e,LastVisualChange,reddit-billgates-post-1.posts,True,reddit-billgates-post-1.posts LastVisualChange opt cold fission webrender,,77,ms,firefox,,1710332592,2023-06-06 15:08:15,542.6,1ceebfa927ecbf7143ed283fbfdbc2704ab0223e,1252590,,,,,,,,,,,,,,,,,,,,,,,,,,,,,,,,,,,,,,,,,,,,,,,,,,,,,,,,,,,,,TN,TN
autoland,4060512,13,77a9707257b88d3b15060667769a2def98a71cff,windows10-64-shippable-qr,True,False,,|c|o|l|d| |f|i|s|s|i|o|n| |i|n|t|e|r|a|c|t|i|v|e| |w|e|b|r|e|n|d|e|r|,102210fe594ee9b33d82058545b1ed14f4c8206e,LastVisualChange,reddit-billgates-post-1.posts,True,reddit-billgates-post-1.posts LastVisualChange opt cold fission webrender,,77,ms,firefox,,1710332804,2023-06-06 15:08:15,532.2,1ceebfa927ecbf7143ed283fbfdbc2704ab0223e,1252590,,,,,,,,,,,,,,,,,,,,,,,,,,,,,,,,,,,,,,,,,,,,,,,,,,,,,,,,,,,,,TN,TN
autoland,4060512,13,77a9707257b88d3b15060667769a2def98a71cff,windows10-64-shippable-qr,True,False,,|c|o|l|d| |f|i|s|s|i|o|n| |i|n|t|e|r|a|c|t|i|v|e| |w|e|b|r|e|n|d|e|r|,102210fe594ee9b33d82058545b1ed14f4c8206e,LastVisualChange,reddit-billgates-post-1.posts,True,reddit-billgates-post-1.posts LastVisualChange opt cold fission webrender,,77,ms,firefox,,1710334342,2023-06-06 15:08:15,550.7,1ceebfa927ecbf7143ed283fbfdbc2704ab0223e,1252590,,,,,,,,,,,,,,,,,,,,,,,,,,,,,,,,,,,,,,,,,,,,,,,,,,,,,,,,,,,,,TN,TN
autoland,4060512,13,77a9707257b88d3b15060667769a2def98a71cff,windows10-64-shippable-qr,True,False,,|c|o|l|d| |f|i|s|s|i|o|n| |i|n|t|e|r|a|c|t|i|v|e| |w|e|b|r|e|n|d|e|r|,102210fe594ee9b33d82058545b1ed14f4c8206e,LastVisualChange,reddit-billgates-post-1.posts,True,reddit-billgates-post-1.posts LastVisualChange opt cold fission webrender,,77,ms,firefox,,1708863422,2023-06-06 15:09:11,542.2,711260366cf74849ad96e6a627161bdff41ee36b,1252592,,,,,,,,,,,,,,,,,,,,,,,,,,,,,,,,,,,,,,,,,,,,,,,,,,,,,,,,,,,,,TN,TN
autoland,4060512,13,77a9707257b88d3b15060667769a2def98a71cff,windows10-64-shippable-qr,True,False,,|c|o|l|d| |f|i|s|s|i|o|n| |i|n|t|e|r|a|c|t|i|v|e| |w|e|b|r|e|n|d|e|r|,102210fe594ee9b33d82058545b1ed14f4c8206e,LastVisualChange,reddit-billgates-post-1.posts,True,reddit-billgates-post-1.posts LastVisualChange opt cold fission webrender,,77,ms,firefox,,1710331893,2023-06-06 15:09:11,511.7,711260366cf74849ad96e6a627161bdff41ee36b,1252592,,,,,,,,,,,,,,,,,,,,,,,,,,,,,,,,,,,,,,,,,,,,,,,,,,,,,,,,,,,,,TN,TN
autoland,4060512,13,77a9707257b88d3b15060667769a2def98a71cff,windows10-64-shippable-qr,True,False,,|c|o|l|d| |f|i|s|s|i|o|n| |i|n|t|e|r|a|c|t|i|v|e| |w|e|b|r|e|n|d|e|r|,102210fe594ee9b33d82058545b1ed14f4c8206e,LastVisualChange,reddit-billgates-post-1.posts,True,reddit-billgates-post-1.posts LastVisualChange opt cold fission webrender,,77,ms,firefox,,1710326992,2023-06-06 15:09:11,519.0,711260366cf74849ad96e6a627161bdff41ee36b,1252592,,,,,,,,,,,,,,,,,,,,,,,,,,,,,,,,,,,,,,,,,,,,,,,,,,,,,,,,,,,,,TN,TN
autoland,4060512,13,77a9707257b88d3b15060667769a2def98a71cff,windows10-64-shippable-qr,True,False,,|c|o|l|d| |f|i|s|s|i|o|n| |i|n|t|e|r|a|c|t|i|v|e| |w|e|b|r|e|n|d|e|r|,102210fe594ee9b33d82058545b1ed14f4c8206e,LastVisualChange,reddit-billgates-post-1.posts,True,reddit-billgates-post-1.posts LastVisualChange opt cold fission webrender,,77,ms,firefox,,1710328037,2023-06-06 15:09:11,502.4,711260366cf74849ad96e6a627161bdff41ee36b,1252592,,,,,,,,,,,,,,,,,,,,,,,,,,,,,,,,,,,,,,,,,,,,,,,,,,,,,,,,,,,,,TN,TN
autoland,4060512,13,77a9707257b88d3b15060667769a2def98a71cff,windows10-64-shippable-qr,True,False,,|c|o|l|d| |f|i|s|s|i|o|n| |i|n|t|e|r|a|c|t|i|v|e| |w|e|b|r|e|n|d|e|r|,102210fe594ee9b33d82058545b1ed14f4c8206e,LastVisualChange,reddit-billgates-post-1.posts,True,reddit-billgates-post-1.posts LastVisualChange opt cold fission webrender,,77,ms,firefox,,1710332307,2023-06-06 15:09:11,528.9,711260366cf74849ad96e6a627161bdff41ee36b,1252592,,,,,,,,,,,,,,,,,,,,,,,,,,,,,,,,,,,,,,,,,,,,,,,,,,,,,,,,,,,,,TN,TN
autoland,4060512,13,77a9707257b88d3b15060667769a2def98a71cff,windows10-64-shippable-qr,True,False,,|c|o|l|d| |f|i|s|s|i|o|n| |i|n|t|e|r|a|c|t|i|v|e| |w|e|b|r|e|n|d|e|r|,102210fe594ee9b33d82058545b1ed14f4c8206e,LastVisualChange,reddit-billgates-post-1.posts,True,reddit-billgates-post-1.posts LastVisualChange opt cold fission webrender,,77,ms,firefox,,1708862884,2023-06-06 15:10:05,538.7,394a96665fc16a3c9d397f40e922ffdda19661c6,1252593,,,,,,,,,,,,,,,,,,,,,,,,,,,,,,,,,,,,,,,,,,,,,,,,,,,,,,,,,,,,,TN,TN
autoland,4060512,13,77a9707257b88d3b15060667769a2def98a71cff,windows10-64-shippable-qr,True,False,,|c|o|l|d| |f|i|s|s|i|o|n| |i|n|t|e|r|a|c|t|i|v|e| |w|e|b|r|e|n|d|e|r|,102210fe594ee9b33d82058545b1ed14f4c8206e,LastVisualChange,reddit-billgates-post-1.posts,True,reddit-billgates-post-1.posts LastVisualChange opt cold fission webrender,,77,ms,firefox,,1710326876,2023-06-06 15:10:05,512.7,394a96665fc16a3c9d397f40e922ffdda19661c6,1252593,,,,,,,,,,,,,,,,,,,,,,,,,,,,,,,,,,,,,,,,,,,,,,,,,,,,,,,,,,,,,TN,TN
autoland,4060512,13,77a9707257b88d3b15060667769a2def98a71cff,windows10-64-shippable-qr,True,False,,|c|o|l|d| |f|i|s|s|i|o|n| |i|n|t|e|r|a|c|t|i|v|e| |w|e|b|r|e|n|d|e|r|,102210fe594ee9b33d82058545b1ed14f4c8206e,LastVisualChange,reddit-billgates-post-1.posts,True,reddit-billgates-post-1.posts LastVisualChange opt cold fission webrender,,77,ms,firefox,,1710326439,2023-06-06 15:10:05,515.6,394a96665fc16a3c9d397f40e922ffdda19661c6,1252593,,,,,,,,,,,,,,,,,,,,,,,,,,,,,,,,,,,,,,,,,,,,,,,,,,,,,,,,,,,,,TN,TN
autoland,4060512,13,77a9707257b88d3b15060667769a2def98a71cff,windows10-64-shippable-qr,True,False,,|c|o|l|d| |f|i|s|s|i|o|n| |i|n|t|e|r|a|c|t|i|v|e| |w|e|b|r|e|n|d|e|r|,102210fe594ee9b33d82058545b1ed14f4c8206e,LastVisualChange,reddit-billgates-post-1.posts,True,reddit-billgates-post-1.posts LastVisualChange opt cold fission webrender,,77,ms,firefox,,1710326849,2023-06-06 15:10:05,542.3,394a96665fc16a3c9d397f40e922ffdda19661c6,1252593,,,,,,,,,,,,,,,,,,,,,,,,,,,,,,,,,,,,,,,,,,,,,,,,,,,,,,,,,,,,,TN,TN
autoland,4060512,13,77a9707257b88d3b15060667769a2def98a71cff,windows10-64-shippable-qr,True,False,,|c|o|l|d| |f|i|s|s|i|o|n| |i|n|t|e|r|a|c|t|i|v|e| |w|e|b|r|e|n|d|e|r|,102210fe594ee9b33d82058545b1ed14f4c8206e,LastVisualChange,reddit-billgates-post-1.posts,True,reddit-billgates-post-1.posts LastVisualChange opt cold fission webrender,,77,ms,firefox,,1710327893,2023-06-06 15:10:05,522.9,394a96665fc16a3c9d397f40e922ffdda19661c6,1252593,,,,,,,,,,,,,,,,,,,,,,,,,,,,,,,,,,,,,,,,,,,,,,,,,,,,,,,,,,,,,TN,TN
autoland,4060512,13,77a9707257b88d3b15060667769a2def98a71cff,windows10-64-shippable-qr,True,False,,|c|o|l|d| |f|i|s|s|i|o|n| |i|n|t|e|r|a|c|t|i|v|e| |w|e|b|r|e|n|d|e|r|,102210fe594ee9b33d82058545b1ed14f4c8206e,LastVisualChange,reddit-billgates-post-1.posts,True,reddit-billgates-post-1.posts LastVisualChange opt cold fission webrender,,77,ms,firefox,,1708665530,2023-06-06 16:05:50,519.4,16d25f87fedb675005f308c0bb9fa8796c5a48fa,1252624,,,,,,,,,,,,,,,,,,,,,,,,,,,,,,,,,,,,,,,,,,,,,,,,,,,,,,,,,,,,,TN,TN
autoland,4060512,13,77a9707257b88d3b15060667769a2def98a71cff,windows10-64-shippable-qr,True,False,,|c|o|l|d| |f|i|s|s|i|o|n| |i|n|t|e|r|a|c|t|i|v|e| |w|e|b|r|e|n|d|e|r|,102210fe594ee9b33d82058545b1ed14f4c8206e,LastVisualChange,reddit-billgates-post-1.posts,True,reddit-billgates-post-1.posts LastVisualChange opt cold fission webrender,,77,ms,firefox,,1708666126,2023-06-06 16:05:50,542.0,16d25f87fedb675005f308c0bb9fa8796c5a48fa,1252624,,,,,,,,,,,,,,,,,,,,,,,,,,,,,,,,,,,,,,,,,,,,,,,,,,,,,,,,,,,,,TN,TN
autoland,4060512,13,77a9707257b88d3b15060667769a2def98a71cff,windows10-64-shippable-qr,True,False,,|c|o|l|d| |f|i|s|s|i|o|n| |i|n|t|e|r|a|c|t|i|v|e| |w|e|b|r|e|n|d|e|r|,102210fe594ee9b33d82058545b1ed14f4c8206e,LastVisualChange,reddit-billgates-post-1.posts,True,reddit-billgates-post-1.posts LastVisualChange opt cold fission webrender,,77,ms,firefox,,1708666113,2023-06-06 16:05:50,504.5,16d25f87fedb675005f308c0bb9fa8796c5a48fa,1252624,,,,,,,,,,,,,,,,,,,,,,,,,,,,,,,,,,,,,,,,,,,,,,,,,,,,,,,,,,,,,TN,TN
autoland,4060512,13,77a9707257b88d3b15060667769a2def98a71cff,windows10-64-shippable-qr,True,False,,|c|o|l|d| |f|i|s|s|i|o|n| |i|n|t|e|r|a|c|t|i|v|e| |w|e|b|r|e|n|d|e|r|,102210fe594ee9b33d82058545b1ed14f4c8206e,LastVisualChange,reddit-billgates-post-1.posts,True,reddit-billgates-post-1.posts LastVisualChange opt cold fission webrender,,77,ms,firefox,,1708666158,2023-06-06 16:05:50,530.8,16d25f87fedb675005f308c0bb9fa8796c5a48fa,1252624,,,,,,,,,,,,,,,,,,,,,,,,,,,,,,,,,,,,,,,,,,,,,,,,,,,,,,,,,,,,,TN,TN
autoland,4060512,13,77a9707257b88d3b15060667769a2def98a71cff,windows10-64-shippable-qr,True,False,,|c|o|l|d| |f|i|s|s|i|o|n| |i|n|t|e|r|a|c|t|i|v|e| |w|e|b|r|e|n|d|e|r|,102210fe594ee9b33d82058545b1ed14f4c8206e,LastVisualChange,reddit-billgates-post-1.posts,True,reddit-billgates-post-1.posts LastVisualChange opt cold fission webrender,,77,ms,firefox,,1709842413,2023-06-06 16:05:50,538.4,16d25f87fedb675005f308c0bb9fa8796c5a48fa,1252624,,,,,,,,,,,,,,,,,,,,,,,,,,,,,,,,,,,,,,,,,,,,,,,,,,,,,,,,,,,,,TN,TN
autoland,4060512,13,77a9707257b88d3b15060667769a2def98a71cff,windows10-64-shippable-qr,True,False,,|c|o|l|d| |f|i|s|s|i|o|n| |i|n|t|e|r|a|c|t|i|v|e| |w|e|b|r|e|n|d|e|r|,102210fe594ee9b33d82058545b1ed14f4c8206e,LastVisualChange,reddit-billgates-post-1.posts,True,reddit-billgates-post-1.posts LastVisualChange opt cold fission webrender,,77,ms,firefox,,1709843007,2023-06-06 16:05:50,521.2,16d25f87fedb675005f308c0bb9fa8796c5a48fa,1252624,,,,,,,,,,,,,,,,,,,,,,,,,,,,,,,,,,,,,,,,,,,,,,,,,,,,,,,,,,,,,TN,TN
autoland,4060512,13,77a9707257b88d3b15060667769a2def98a71cff,windows10-64-shippable-qr,True,False,,|c|o|l|d| |f|i|s|s|i|o|n| |i|n|t|e|r|a|c|t|i|v|e| |w|e|b|r|e|n|d|e|r|,102210fe594ee9b33d82058545b1ed14f4c8206e,LastVisualChange,reddit-billgates-post-1.posts,True,reddit-billgates-post-1.posts LastVisualChange opt cold fission webrender,,77,ms,firefox,,1709843056,2023-06-06 16:05:50,495.6,16d25f87fedb675005f308c0bb9fa8796c5a48fa,1252624,,,,,,,,,,,,,,,,,,,,,,,,,,,,,,,,,,,,,,,,,,,,,,,,,,,,,,,,,,,,,TN,TN
autoland,4060512,13,77a9707257b88d3b15060667769a2def98a71cff,windows10-64-shippable-qr,True,False,,|c|o|l|d| |f|i|s|s|i|o|n| |i|n|t|e|r|a|c|t|i|v|e| |w|e|b|r|e|n|d|e|r|,102210fe594ee9b33d82058545b1ed14f4c8206e,LastVisualChange,reddit-billgates-post-1.posts,True,reddit-billgates-post-1.posts LastVisualChange opt cold fission webrender,,77,ms,firefox,,1709843091,2023-06-06 16:05:50,531.0,16d25f87fedb675005f308c0bb9fa8796c5a48fa,1252624,,,,,,,,,,,,,,,,,,,,,,,,,,,,,,,,,,,,,,,,,,,,,,,,,,,,,,,,,,,,,TN,TN
autoland,4060512,13,77a9707257b88d3b15060667769a2def98a71cff,windows10-64-shippable-qr,True,False,,|c|o|l|d| |f|i|s|s|i|o|n| |i|n|t|e|r|a|c|t|i|v|e| |w|e|b|r|e|n|d|e|r|,102210fe594ee9b33d82058545b1ed14f4c8206e,LastVisualChange,reddit-billgates-post-1.posts,True,reddit-billgates-post-1.posts LastVisualChange opt cold fission webrender,,77,ms,firefox,,1709842357,2023-06-06 16:05:50,525.6,16d25f87fedb675005f308c0bb9fa8796c5a48fa,1252624,,,,,,,,,,,,,,,,,,,,,,,,,,,,,,,,,,,,,,,,,,,,,,,,,,,,,,,,,,,,,TN,TN
autoland,4060512,13,77a9707257b88d3b15060667769a2def98a71cff,windows10-64-shippable-qr,True,False,,|c|o|l|d| |f|i|s|s|i|o|n| |i|n|t|e|r|a|c|t|i|v|e| |w|e|b|r|e|n|d|e|r|,102210fe594ee9b33d82058545b1ed14f4c8206e,LastVisualChange,reddit-billgates-post-1.posts,True,reddit-billgates-post-1.posts LastVisualChange opt cold fission webrender,,77,ms,firefox,,1709842911,2023-06-06 16:05:50,535.2,16d25f87fedb675005f308c0bb9fa8796c5a48fa,1252624,,,,,,,,,,,,,,,,,,,,,,,,,,,,,,,,,,,,,,,,,,,,,,,,,,,,,,,,,,,,,TN,TN
autoland,4060512,13,77a9707257b88d3b15060667769a2def98a71cff,windows10-64-shippable-qr,True,False,,|c|o|l|d| |f|i|s|s|i|o|n| |i|n|t|e|r|a|c|t|i|v|e| |w|e|b|r|e|n|d|e|r|,102210fe594ee9b33d82058545b1ed14f4c8206e,LastVisualChange,reddit-billgates-post-1.posts,True,reddit-billgates-post-1.posts LastVisualChange opt cold fission webrender,,77,ms,firefox,,1709842981,2023-06-06 16:05:50,528.9,16d25f87fedb675005f308c0bb9fa8796c5a48fa,1252624,,,,,,,,,,,,,,,,,,,,,,,,,,,,,,,,,,,,,,,,,,,,,,,,,,,,,,,,,,,,,TN,TN
autoland,4060512,13,77a9707257b88d3b15060667769a2def98a71cff,windows10-64-shippable-qr,True,False,,|c|o|l|d| |f|i|s|s|i|o|n| |i|n|t|e|r|a|c|t|i|v|e| |w|e|b|r|e|n|d|e|r|,102210fe594ee9b33d82058545b1ed14f4c8206e,LastVisualChange,reddit-billgates-post-1.posts,True,reddit-billgates-post-1.posts LastVisualChange opt cold fission webrender,,77,ms,firefox,,1709842986,2023-06-06 16:05:50,535.3,16d25f87fedb675005f308c0bb9fa8796c5a48fa,1252624,,,,,,,,,,,,,,,,,,,,,,,,,,,,,,,,,,,,,,,,,,,,,,,,,,,,,,,,,,,,,TN,TN
autoland,4060512,13,77a9707257b88d3b15060667769a2def98a71cff,windows10-64-shippable-qr,True,False,,|c|o|l|d| |f|i|s|s|i|o|n| |i|n|t|e|r|a|c|t|i|v|e| |w|e|b|r|e|n|d|e|r|,102210fe594ee9b33d82058545b1ed14f4c8206e,LastVisualChange,reddit-billgates-post-1.posts,True,reddit-billgates-post-1.posts LastVisualChange opt cold fission webrender,,77,ms,firefox,,1709843031,2023-06-06 16:05:50,535.0,16d25f87fedb675005f308c0bb9fa8796c5a48fa,1252624,,,,,,,,,,,,,,,,,,,,,,,,,,,,,,,,,,,,,,,,,,,,,,,,,,,,,,,,,,,,,TN,TN
autoland,4060512,13,77a9707257b88d3b15060667769a2def98a71cff,windows10-64-shippable-qr,True,False,,|c|o|l|d| |f|i|s|s|i|o|n| |i|n|t|e|r|a|c|t|i|v|e| |w|e|b|r|e|n|d|e|r|,102210fe594ee9b33d82058545b1ed14f4c8206e,LastVisualChange,reddit-billgates-post-1.posts,True,reddit-billgates-post-1.posts LastVisualChange opt cold fission webrender,,77,ms,firefox,,1708258840,2023-06-06 18:11:45,552.4,36b33bd7604cf4422ec2de9565be38b5144bb534,1252683,,,,,,,,,,,,,,,,,,,,,,,,,,,,,,,,,,,,,,,,,,,,,,,,,,,,,,,,,,,,,TN,TN
autoland,4060512,13,77a9707257b88d3b15060667769a2def98a71cff,windows10-64-shippable-qr,True,False,,|c|o|l|d| |f|i|s|s|i|o|n| |i|n|t|e|r|a|c|t|i|v|e| |w|e|b|r|e|n|d|e|r|,102210fe594ee9b33d82058545b1ed14f4c8206e,LastVisualChange,reddit-billgates-post-1.posts,True,reddit-billgates-post-1.posts LastVisualChange opt cold fission webrender,,77,ms,firefox,,1708593155,2023-06-06 18:11:45,562.2,36b33bd7604cf4422ec2de9565be38b5144bb534,1252683,,,,,,,,,,,,,,,,,,,,,,,,,,,,,,,,,,,,,,,,,,,,,,,,,,,,,,,,,,,,,TN,TN
autoland,4060512,13,77a9707257b88d3b15060667769a2def98a71cff,windows10-64-shippable-qr,True,False,,|c|o|l|d| |f|i|s|s|i|o|n| |i|n|t|e|r|a|c|t|i|v|e| |w|e|b|r|e|n|d|e|r|,102210fe594ee9b33d82058545b1ed14f4c8206e,LastVisualChange,reddit-billgates-post-1.posts,True,reddit-billgates-post-1.posts LastVisualChange opt cold fission webrender,,77,ms,firefox,,1708593495,2023-06-06 18:11:45,522.1,36b33bd7604cf4422ec2de9565be38b5144bb534,1252683,,,,,,,,,,,,,,,,,,,,,,,,,,,,,,,,,,,,,,,,,,,,,,,,,,,,,,,,,,,,,TN,TN
autoland,4060512,13,77a9707257b88d3b15060667769a2def98a71cff,windows10-64-shippable-qr,True,False,,|c|o|l|d| |f|i|s|s|i|o|n| |i|n|t|e|r|a|c|t|i|v|e| |w|e|b|r|e|n|d|e|r|,102210fe594ee9b33d82058545b1ed14f4c8206e,LastVisualChange,reddit-billgates-post-1.posts,True,reddit-billgates-post-1.posts LastVisualChange opt cold fission webrender,,77,ms,firefox,,1708593690,2023-06-06 18:11:45,538.6,36b33bd7604cf4422ec2de9565be38b5144bb534,1252683,,,,,,,,,,,,,,,,,,,,,,,,,,,,,,,,,,,,,,,,,,,,,,,,,,,,,,,,,,,,,TN,TN
autoland,4060512,13,77a9707257b88d3b15060667769a2def98a71cff,windows10-64-shippable-qr,True,False,,|c|o|l|d| |f|i|s|s|i|o|n| |i|n|t|e|r|a|c|t|i|v|e| |w|e|b|r|e|n|d|e|r|,102210fe594ee9b33d82058545b1ed14f4c8206e,LastVisualChange,reddit-billgates-post-1.posts,True,reddit-billgates-post-1.posts LastVisualChange opt cold fission webrender,,77,ms,firefox,,1708593275,2023-06-06 18:11:45,535.3,36b33bd7604cf4422ec2de9565be38b5144bb534,1252683,,,,,,,,,,,,,,,,,,,,,,,,,,,,,,,,,,,,,,,,,,,,,,,,,,,,,,,,,,,,,TN,TN
autoland,4060512,13,77a9707257b88d3b15060667769a2def98a71cff,windows10-64-shippable-qr,True,False,,|c|o|l|d| |f|i|s|s|i|o|n| |i|n|t|e|r|a|c|t|i|v|e| |w|e|b|r|e|n|d|e|r|,102210fe594ee9b33d82058545b1ed14f4c8206e,LastVisualChange,reddit-billgates-post-1.posts,True,reddit-billgates-post-1.posts LastVisualChange opt cold fission webrender,,77,ms,firefox,,1709842802,2023-06-06 18:11:45,529.9,36b33bd7604cf4422ec2de9565be38b5144bb534,1252683,,,,,,,,,,,,,,,,,,,,,,,,,,,,,,,,,,,,,,,,,,,,,,,,,,,,,,,,,,,,,TN,TN
autoland,4060512,13,77a9707257b88d3b15060667769a2def98a71cff,windows10-64-shippable-qr,True,False,,|c|o|l|d| |f|i|s|s|i|o|n| |i|n|t|e|r|a|c|t|i|v|e| |w|e|b|r|e|n|d|e|r|,102210fe594ee9b33d82058545b1ed14f4c8206e,LastVisualChange,reddit-billgates-post-1.posts,True,reddit-billgates-post-1.posts LastVisualChange opt cold fission webrender,,77,ms,firefox,,1709842237,2023-06-06 18:11:45,535.3,36b33bd7604cf4422ec2de9565be38b5144bb534,1252683,,,,,,,,,,,,,,,,,,,,,,,,,,,,,,,,,,,,,,,,,,,,,,,,,,,,,,,,,,,,,TN,TN
autoland,4060512,13,77a9707257b88d3b15060667769a2def98a71cff,windows10-64-shippable-qr,True,False,,|c|o|l|d| |f|i|s|s|i|o|n| |i|n|t|e|r|a|c|t|i|v|e| |w|e|b|r|e|n|d|e|r|,102210fe594ee9b33d82058545b1ed14f4c8206e,LastVisualChange,reddit-billgates-post-1.posts,True,reddit-billgates-post-1.posts LastVisualChange opt cold fission webrender,,77,ms,firefox,,1709842287,2023-06-06 18:11:45,527.2,36b33bd7604cf4422ec2de9565be38b5144bb534,1252683,,,,,,,,,,,,,,,,,,,,,,,,,,,,,,,,,,,,,,,,,,,,,,,,,,,,,,,,,,,,,TN,TN
autoland,4060512,13,77a9707257b88d3b15060667769a2def98a71cff,windows10-64-shippable-qr,True,False,,|c|o|l|d| |f|i|s|s|i|o|n| |i|n|t|e|r|a|c|t|i|v|e| |w|e|b|r|e|n|d|e|r|,102210fe594ee9b33d82058545b1ed14f4c8206e,LastVisualChange,reddit-billgates-post-1.posts,True,reddit-billgates-post-1.posts LastVisualChange opt cold fission webrender,,77,ms,firefox,,1709842771,2023-06-06 18:11:45,532.8,36b33bd7604cf4422ec2de9565be38b5144bb534,1252683,,,,,,,,,,,,,,,,,,,,,,,,,,,,,,,,,,,,,,,,,,,,,,,,,,,,,,,,,,,,,TN,TN
autoland,4060512,13,77a9707257b88d3b15060667769a2def98a71cff,windows10-64-shippable-qr,True,False,,|c|o|l|d| |f|i|s|s|i|o|n| |i|n|t|e|r|a|c|t|i|v|e| |w|e|b|r|e|n|d|e|r|,102210fe594ee9b33d82058545b1ed14f4c8206e,LastVisualChange,reddit-billgates-post-1.posts,True,reddit-billgates-post-1.posts LastVisualChange opt cold fission webrender,,77,ms,firefox,,1709842854,2023-06-06 18:11:45,528.5,36b33bd7604cf4422ec2de9565be38b5144bb534,1252683,,,,,,,,,,,,,,,,,,,,,,,,,,,,,,,,,,,,,,,,,,,,,,,,,,,,,,,,,,,,,TN,TN
autoland,4060512,13,77a9707257b88d3b15060667769a2def98a71cff,windows10-64-shippable-qr,True,False,,|c|o|l|d| |f|i|s|s|i|o|n| |i|n|t|e|r|a|c|t|i|v|e| |w|e|b|r|e|n|d|e|r|,102210fe594ee9b33d82058545b1ed14f4c8206e,LastVisualChange,reddit-billgates-post-1.posts,True,reddit-billgates-post-1.posts LastVisualChange opt cold fission webrender,,77,ms,firefox,,1709842859,2023-06-06 18:11:45,551.9,36b33bd7604cf4422ec2de9565be38b5144bb534,1252683,,,,,,,,,,,,,,,,,,,,,,,,,,,,,,,,,,,,,,,,,,,,,,,,,,,,,,,,,,,,,TN,TN
autoland,4060512,13,77a9707257b88d3b15060667769a2def98a71cff,windows10-64-shippable-qr,True,False,,|c|o|l|d| |f|i|s|s|i|o|n| |i|n|t|e|r|a|c|t|i|v|e| |w|e|b|r|e|n|d|e|r|,102210fe594ee9b33d82058545b1ed14f4c8206e,LastVisualChange,reddit-billgates-post-1.posts,True,reddit-billgates-post-1.posts LastVisualChange opt cold fission webrender,,77,ms,firefox,,1708260734,2023-06-06 18:34:27,548.0,dbe49d0e5b60153da2f0ce323c61ad9cb57ff40f,1252700,,,,,,,,,,,,,,,,,,,,,,,,,,,,,,,,,,,,,,,,,,,,,,,,,,,,,,,,,,,,,TN,TN
autoland,4060512,13,77a9707257b88d3b15060667769a2def98a71cff,windows10-64-shippable-qr,True,False,,|c|o|l|d| |f|i|s|s|i|o|n| |i|n|t|e|r|a|c|t|i|v|e| |w|e|b|r|e|n|d|e|r|,102210fe594ee9b33d82058545b1ed14f4c8206e,LastVisualChange,reddit-billgates-post-1.posts,True,reddit-billgates-post-1.posts LastVisualChange opt cold fission webrender,,77,ms,firefox,,1708593340,2023-06-06 18:34:27,521.3,dbe49d0e5b60153da2f0ce323c61ad9cb57ff40f,1252700,,,,,,,,,,,,,,,,,,,,,,,,,,,,,,,,,,,,,,,,,,,,,,,,,,,,,,,,,,,,,TN,TN
autoland,4060512,13,77a9707257b88d3b15060667769a2def98a71cff,windows10-64-shippable-qr,True,False,,|c|o|l|d| |f|i|s|s|i|o|n| |i|n|t|e|r|a|c|t|i|v|e| |w|e|b|r|e|n|d|e|r|,102210fe594ee9b33d82058545b1ed14f4c8206e,LastVisualChange,reddit-billgates-post-1.posts,True,reddit-billgates-post-1.posts LastVisualChange opt cold fission webrender,,77,ms,firefox,,1708593826,2023-06-06 18:34:27,532.0,dbe49d0e5b60153da2f0ce323c61ad9cb57ff40f,1252700,,,,,,,,,,,,,,,,,,,,,,,,,,,,,,,,,,,,,,,,,,,,,,,,,,,,,,,,,,,,,TN,TN
autoland,4060512,13,77a9707257b88d3b15060667769a2def98a71cff,windows10-64-shippable-qr,True,False,,|c|o|l|d| |f|i|s|s|i|o|n| |i|n|t|e|r|a|c|t|i|v|e| |w|e|b|r|e|n|d|e|r|,102210fe594ee9b33d82058545b1ed14f4c8206e,LastVisualChange,reddit-billgates-post-1.posts,True,reddit-billgates-post-1.posts LastVisualChange opt cold fission webrender,,77,ms,firefox,,1708593854,2023-06-06 18:34:27,535.8,dbe49d0e5b60153da2f0ce323c61ad9cb57ff40f,1252700,,,,,,,,,,,,,,,,,,,,,,,,,,,,,,,,,,,,,,,,,,,,,,,,,,,,,,,,,,,,,TN,TN
autoland,4060512,13,77a9707257b88d3b15060667769a2def98a71cff,windows10-64-shippable-qr,True,False,,|c|o|l|d| |f|i|s|s|i|o|n| |i|n|t|e|r|a|c|t|i|v|e| |w|e|b|r|e|n|d|e|r|,102210fe594ee9b33d82058545b1ed14f4c8206e,LastVisualChange,reddit-billgates-post-1.posts,True,reddit-billgates-post-1.posts LastVisualChange opt cold fission webrender,,77,ms,firefox,,1708595117,2023-06-06 18:34:27,539.0,dbe49d0e5b60153da2f0ce323c61ad9cb57ff40f,1252700,,,,,,,,,,,,,,,,,,,,,,,,,,,,,,,,,,,,,,,,,,,,,,,,,,,,,,,,,,,,,TN,TN
autoland,4060512,13,77a9707257b88d3b15060667769a2def98a71cff,windows10-64-shippable-qr,True,False,,|c|o|l|d| |f|i|s|s|i|o|n| |i|n|t|e|r|a|c|t|i|v|e| |w|e|b|r|e|n|d|e|r|,102210fe594ee9b33d82058545b1ed14f4c8206e,LastVisualChange,reddit-billgates-post-1.posts,True,reddit-billgates-post-1.posts LastVisualChange opt cold fission webrender,,77,ms,firefox,,1710325356,2023-06-06 18:34:27,543.3,dbe49d0e5b60153da2f0ce323c61ad9cb57ff40f,1252700,,,,,,,,,,,,,,,,,,,,,,,,,,,,,,,,,,,,,,,,,,,,,,,,,,,,,,,,,,,,,TN,TN
autoland,4060512,13,77a9707257b88d3b15060667769a2def98a71cff,windows10-64-shippable-qr,True,False,,|c|o|l|d| |f|i|s|s|i|o|n| |i|n|t|e|r|a|c|t|i|v|e| |w|e|b|r|e|n|d|e|r|,102210fe594ee9b33d82058545b1ed14f4c8206e,LastVisualChange,reddit-billgates-post-1.posts,True,reddit-billgates-post-1.posts LastVisualChange opt cold fission webrender,,77,ms,firefox,,1710325394,2023-06-06 18:34:27,502.9,dbe49d0e5b60153da2f0ce323c61ad9cb57ff40f,1252700,,,,,,,,,,,,,,,,,,,,,,,,,,,,,,,,,,,,,,,,,,,,,,,,,,,,,,,,,,,,,TN,TN
autoland,4060512,13,77a9707257b88d3b15060667769a2def98a71cff,windows10-64-shippable-qr,True,False,,|c|o|l|d| |f|i|s|s|i|o|n| |i|n|t|e|r|a|c|t|i|v|e| |w|e|b|r|e|n|d|e|r|,102210fe594ee9b33d82058545b1ed14f4c8206e,LastVisualChange,reddit-billgates-post-1.posts,True,reddit-billgates-post-1.posts LastVisualChange opt cold fission webrender,,77,ms,firefox,,1710325506,2023-06-06 18:34:27,532.4,dbe49d0e5b60153da2f0ce323c61ad9cb57ff40f,1252700,,,,,,,,,,,,,,,,,,,,,,,,,,,,,,,,,,,,,,,,,,,,,,,,,,,,,,,,,,,,,TN,TN
autoland,4060512,13,77a9707257b88d3b15060667769a2def98a71cff,windows10-64-shippable-qr,True,False,,|c|o|l|d| |f|i|s|s|i|o|n| |i|n|t|e|r|a|c|t|i|v|e| |w|e|b|r|e|n|d|e|r|,102210fe594ee9b33d82058545b1ed14f4c8206e,LastVisualChange,reddit-billgates-post-1.posts,True,reddit-billgates-post-1.posts LastVisualChange opt cold fission webrender,,77,ms,firefox,,1710330025,2023-06-06 18:34:27,524.1,dbe49d0e5b60153da2f0ce323c61ad9cb57ff40f,1252700,,,,,,,,,,,,,,,,,,,,,,,,,,,,,,,,,,,,,,,,,,,,,,,,,,,,,,,,,,,,,TN,TN
autoland,4060512,13,77a9707257b88d3b15060667769a2def98a71cff,windows10-64-shippable-qr,True,False,,|c|o|l|d| |f|i|s|s|i|o|n| |i|n|t|e|r|a|c|t|i|v|e| |w|e|b|r|e|n|d|e|r|,102210fe594ee9b33d82058545b1ed14f4c8206e,LastVisualChange,reddit-billgates-post-1.posts,True,reddit-billgates-post-1.posts LastVisualChange opt cold fission webrender,,77,ms,firefox,,1710331343,2023-06-06 18:34:27,541.9,dbe49d0e5b60153da2f0ce323c61ad9cb57ff40f,1252700,,,,,,,,,,,,,,,,,,,,,,,,,,,,,,,,,,,,,,,,,,,,,,,,,,,,,,,,,,,,,TN,TN
autoland,4060512,13,77a9707257b88d3b15060667769a2def98a71cff,windows10-64-shippable-qr,True,False,,|c|o|l|d| |f|i|s|s|i|o|n| |i|n|t|e|r|a|c|t|i|v|e| |w|e|b|r|e|n|d|e|r|,102210fe594ee9b33d82058545b1ed14f4c8206e,LastVisualChange,reddit-billgates-post-1.posts,True,reddit-billgates-post-1.posts LastVisualChange opt cold fission webrender,,77,ms,firefox,,1708031527,2023-06-06 18:35:20,552.0,1d562ee8729b779a66b7daac83a9c3d178dc6815,1252702,,,,,,,,,,,,,,,,,,,,,,,,,,,,,,,,,,,,,,,,,,,,,,,,,,,,,,,,,,,,,TN,TN
autoland,4060512,13,77a9707257b88d3b15060667769a2def98a71cff,windows10-64-shippable-qr,True,False,,|c|o|l|d| |f|i|s|s|i|o|n| |i|n|t|e|r|a|c|t|i|v|e| |w|e|b|r|e|n|d|e|r|,102210fe594ee9b33d82058545b1ed14f4c8206e,LastVisualChange,reddit-billgates-post-1.posts,True,reddit-billgates-post-1.posts LastVisualChange opt cold fission webrender,,77,ms,firefox,,1708593207,2023-06-06 18:35:20,555.0,1d562ee8729b779a66b7daac83a9c3d178dc6815,1252702,,,,,,,,,,,,,,,,,,,,,,,,,,,,,,,,,,,,,,,,,,,,,,,,,,,,,,,,,,,,,TN,TN
autoland,4060512,13,77a9707257b88d3b15060667769a2def98a71cff,windows10-64-shippable-qr,True,False,,|c|o|l|d| |f|i|s|s|i|o|n| |i|n|t|e|r|a|c|t|i|v|e| |w|e|b|r|e|n|d|e|r|,102210fe594ee9b33d82058545b1ed14f4c8206e,LastVisualChange,reddit-billgates-post-1.posts,True,reddit-billgates-post-1.posts LastVisualChange opt cold fission webrender,,77,ms,firefox,,1708593336,2023-06-06 18:35:20,529.0,1d562ee8729b779a66b7daac83a9c3d178dc6815,1252702,,,,,,,,,,,,,,,,,,,,,,,,,,,,,,,,,,,,,,,,,,,,,,,,,,,,,,,,,,,,,TN,TN
autoland,4060512,13,77a9707257b88d3b15060667769a2def98a71cff,windows10-64-shippable-qr,True,False,,|c|o|l|d| |f|i|s|s|i|o|n| |i|n|t|e|r|a|c|t|i|v|e| |w|e|b|r|e|n|d|e|r|,102210fe594ee9b33d82058545b1ed14f4c8206e,LastVisualChange,reddit-billgates-post-1.posts,True,reddit-billgates-post-1.posts LastVisualChange opt cold fission webrender,,77,ms,firefox,,1708593242,2023-06-06 18:35:20,541.9,1d562ee8729b779a66b7daac83a9c3d178dc6815,1252702,,,,,,,,,,,,,,,,,,,,,,,,,,,,,,,,,,,,,,,,,,,,,,,,,,,,,,,,,,,,,TN,TN
autoland,4060512,13,77a9707257b88d3b15060667769a2def98a71cff,windows10-64-shippable-qr,True,False,,|c|o|l|d| |f|i|s|s|i|o|n| |i|n|t|e|r|a|c|t|i|v|e| |w|e|b|r|e|n|d|e|r|,102210fe594ee9b33d82058545b1ed14f4c8206e,LastVisualChange,reddit-billgates-post-1.posts,True,reddit-billgates-post-1.posts LastVisualChange opt cold fission webrender,,77,ms,firefox,,1708593722,2023-06-06 18:35:20,548.3,1d562ee8729b779a66b7daac83a9c3d178dc6815,1252702,,,,,,,,,,,,,,,,,,,,,,,,,,,,,,,,,,,,,,,,,,,,,,,,,,,,,,,,,,,,,TN,TN
autoland,4060512,13,77a9707257b88d3b15060667769a2def98a71cff,windows10-64-shippable-qr,True,False,,|c|o|l|d| |f|i|s|s|i|o|n| |i|n|t|e|r|a|c|t|i|v|e| |w|e|b|r|e|n|d|e|r|,102210fe594ee9b33d82058545b1ed14f4c8206e,LastVisualChange,reddit-billgates-post-1.posts,True,reddit-billgates-post-1.posts LastVisualChange opt cold fission webrender,,77,ms,firefox,,1708030839,2023-06-06 18:36:10,552.6,981a74ffa2035625bdb7b08a3b837418037864b4,1252703,,,,,,,,,,,,,,,,,,,,,,,,,,,,,,,,,,,,,,,,,,,,,,,,,,,,,,,,,,,,,TN,TN
autoland,4060512,13,77a9707257b88d3b15060667769a2def98a71cff,windows10-64-shippable-qr,True,False,,|c|o|l|d| |f|i|s|s|i|o|n| |i|n|t|e|r|a|c|t|i|v|e| |w|e|b|r|e|n|d|e|r|,102210fe594ee9b33d82058545b1ed14f4c8206e,LastVisualChange,reddit-billgates-post-1.posts,True,reddit-billgates-post-1.posts LastVisualChange opt cold fission webrender,,77,ms,firefox,,1708593901,2023-06-06 18:36:10,525.1,981a74ffa2035625bdb7b08a3b837418037864b4,1252703,,,,,,,,,,,,,,,,,,,,,,,,,,,,,,,,,,,,,,,,,,,,,,,,,,,,,,,,,,,,,TN,TN
autoland,4060512,13,77a9707257b88d3b15060667769a2def98a71cff,windows10-64-shippable-qr,True,False,,|c|o|l|d| |f|i|s|s|i|o|n| |i|n|t|e|r|a|c|t|i|v|e| |w|e|b|r|e|n|d|e|r|,102210fe594ee9b33d82058545b1ed14f4c8206e,LastVisualChange,reddit-billgates-post-1.posts,True,reddit-billgates-post-1.posts LastVisualChange opt cold fission webrender,,77,ms,firefox,,1708593941,2023-06-06 18:36:10,525.6,981a74ffa2035625bdb7b08a3b837418037864b4,1252703,,,,,,,,,,,,,,,,,,,,,,,,,,,,,,,,,,,,,,,,,,,,,,,,,,,,,,,,,,,,,TN,TN
autoland,4060512,13,77a9707257b88d3b15060667769a2def98a71cff,windows10-64-shippable-qr,True,False,,|c|o|l|d| |f|i|s|s|i|o|n| |i|n|t|e|r|a|c|t|i|v|e| |w|e|b|r|e|n|d|e|r|,102210fe594ee9b33d82058545b1ed14f4c8206e,LastVisualChange,reddit-billgates-post-1.posts,True,reddit-billgates-post-1.posts LastVisualChange opt cold fission webrender,,77,ms,firefox,,1708594051,2023-06-06 18:36:10,550.2,981a74ffa2035625bdb7b08a3b837418037864b4,1252703,,,,,,,,,,,,,,,,,,,,,,,,,,,,,,,,,,,,,,,,,,,,,,,,,,,,,,,,,,,,,TN,TN
autoland,4060512,13,77a9707257b88d3b15060667769a2def98a71cff,windows10-64-shippable-qr,True,False,,|c|o|l|d| |f|i|s|s|i|o|n| |i|n|t|e|r|a|c|t|i|v|e| |w|e|b|r|e|n|d|e|r|,102210fe594ee9b33d82058545b1ed14f4c8206e,LastVisualChange,reddit-billgates-post-1.posts,True,reddit-billgates-post-1.posts LastVisualChange opt cold fission webrender,,77,ms,firefox,,1708594086,2023-06-06 18:36:10,521.4,981a74ffa2035625bdb7b08a3b837418037864b4,1252703,,,,,,,,,,,,,,,,,,,,,,,,,,,,,,,,,,,,,,,,,,,,,,,,,,,,,,,,,,,,,TN,TN
autoland,4060512,13,77a9707257b88d3b15060667769a2def98a71cff,windows10-64-shippable-qr,True,False,,|c|o|l|d| |f|i|s|s|i|o|n| |i|n|t|e|r|a|c|t|i|v|e| |w|e|b|r|e|n|d|e|r|,102210fe594ee9b33d82058545b1ed14f4c8206e,LastVisualChange,reddit-billgates-post-1.posts,True,reddit-billgates-post-1.posts LastVisualChange opt cold fission webrender,,77,ms,firefox,,1708031023,2023-06-06 18:37:38,528.7,c944bf501c2cb95a73aedfce155e855eb628075a,1252704,,,,,,,,,,,,,,,,,,,,,,,,,,,,,,,,,,,,,,,,,,,,,,,,,,,,,,,,,,,,,TN,TN
autoland,4060512,13,77a9707257b88d3b15060667769a2def98a71cff,windows10-64-shippable-qr,True,False,,|c|o|l|d| |f|i|s|s|i|o|n| |i|n|t|e|r|a|c|t|i|v|e| |w|e|b|r|e|n|d|e|r|,102210fe594ee9b33d82058545b1ed14f4c8206e,LastVisualChange,reddit-billgates-post-1.posts,True,reddit-billgates-post-1.posts LastVisualChange opt cold fission webrender,,77,ms,firefox,,1708594192,2023-06-06 18:37:38,522.2,c944bf501c2cb95a73aedfce155e855eb628075a,1252704,,,,,,,,,,,,,,,,,,,,,,,,,,,,,,,,,,,,,,,,,,,,,,,,,,,,,,,,,,,,,TN,TN
autoland,4060512,13,77a9707257b88d3b15060667769a2def98a71cff,windows10-64-shippable-qr,True,False,,|c|o|l|d| |f|i|s|s|i|o|n| |i|n|t|e|r|a|c|t|i|v|e| |w|e|b|r|e|n|d|e|r|,102210fe594ee9b33d82058545b1ed14f4c8206e,LastVisualChange,reddit-billgates-post-1.posts,True,reddit-billgates-post-1.posts LastVisualChange opt cold fission webrender,,77,ms,firefox,,1708594229,2023-06-06 18:37:38,511.3,c944bf501c2cb95a73aedfce155e855eb628075a,1252704,,,,,,,,,,,,,,,,,,,,,,,,,,,,,,,,,,,,,,,,,,,,,,,,,,,,,,,,,,,,,TN,TN
autoland,4060512,13,77a9707257b88d3b15060667769a2def98a71cff,windows10-64-shippable-qr,True,False,,|c|o|l|d| |f|i|s|s|i|o|n| |i|n|t|e|r|a|c|t|i|v|e| |w|e|b|r|e|n|d|e|r|,102210fe594ee9b33d82058545b1ed14f4c8206e,LastVisualChange,reddit-billgates-post-1.posts,True,reddit-billgates-post-1.posts LastVisualChange opt cold fission webrender,,77,ms,firefox,,1708594441,2023-06-06 18:37:38,514.6,c944bf501c2cb95a73aedfce155e855eb628075a,1252704,,,,,,,,,,,,,,,,,,,,,,,,,,,,,,,,,,,,,,,,,,,,,,,,,,,,,,,,,,,,,TN,TN
autoland,4060512,13,77a9707257b88d3b15060667769a2def98a71cff,windows10-64-shippable-qr,True,False,,|c|o|l|d| |f|i|s|s|i|o|n| |i|n|t|e|r|a|c|t|i|v|e| |w|e|b|r|e|n|d|e|r|,102210fe594ee9b33d82058545b1ed14f4c8206e,LastVisualChange,reddit-billgates-post-1.posts,True,reddit-billgates-post-1.posts LastVisualChange opt cold fission webrender,,77,ms,firefox,,1708594532,2023-06-06 18:37:38,606.3,c944bf501c2cb95a73aedfce155e855eb628075a,1252704,,,,,,,,,,,,,,,,,,,,,,,,,,,,,,,,,,,,,,,,,,,,,,,,,,,,,,,,,,,,,TN,TN
autoland,4060512,13,77a9707257b88d3b15060667769a2def98a71cff,windows10-64-shippable-qr,True,False,,|c|o|l|d| |f|i|s|s|i|o|n| |i|n|t|e|r|a|c|t|i|v|e| |w|e|b|r|e|n|d|e|r|,102210fe594ee9b33d82058545b1ed14f4c8206e,LastVisualChange,reddit-billgates-post-1.posts,True,reddit-billgates-post-1.posts LastVisualChange opt cold fission webrender,,77,ms,firefox,,1708004949,2023-06-06 18:38:30,591.0,fa55914f4b75f48d57ab43d8802ea56412b703a0,1252705,,,,,,,,,,,,,,,,,,,,,,,,,,,,,,,,,,,,,,,,,,,,,,,,,,,,,,,,,,,,,TN,TN
autoland,4060512,13,77a9707257b88d3b15060667769a2def98a71cff,windows10-64-shippable-qr,True,False,,|c|o|l|d| |f|i|s|s|i|o|n| |i|n|t|e|r|a|c|t|i|v|e| |w|e|b|r|e|n|d|e|r|,102210fe594ee9b33d82058545b1ed14f4c8206e,LastVisualChange,reddit-billgates-post-1.posts,True,reddit-billgates-post-1.posts LastVisualChange opt cold fission webrender,,77,ms,firefox,,1708594717,2023-06-06 18:38:30,535.3,fa55914f4b75f48d57ab43d8802ea56412b703a0,1252705,,,,,,,,,,,,,,,,,,,,,,,,,,,,,,,,,,,,,,,,,,,,,,,,,,,,,,,,,,,,,TN,TN
autoland,4060512,13,77a9707257b88d3b15060667769a2def98a71cff,windows10-64-shippable-qr,True,False,,|c|o|l|d| |f|i|s|s|i|o|n| |i|n|t|e|r|a|c|t|i|v|e| |w|e|b|r|e|n|d|e|r|,102210fe594ee9b33d82058545b1ed14f4c8206e,LastVisualChange,reddit-billgates-post-1.posts,True,reddit-billgates-post-1.posts LastVisualChange opt cold fission webrender,,77,ms,firefox,,1708594838,2023-06-06 18:38:30,534.3,fa55914f4b75f48d57ab43d8802ea56412b703a0,1252705,,,,,,,,,,,,,,,,,,,,,,,,,,,,,,,,,,,,,,,,,,,,,,,,,,,,,,,,,,,,,TN,TN
autoland,4060512,13,77a9707257b88d3b15060667769a2def98a71cff,windows10-64-shippable-qr,True,False,,|c|o|l|d| |f|i|s|s|i|o|n| |i|n|t|e|r|a|c|t|i|v|e| |w|e|b|r|e|n|d|e|r|,102210fe594ee9b33d82058545b1ed14f4c8206e,LastVisualChange,reddit-billgates-post-1.posts,True,reddit-billgates-post-1.posts LastVisualChange opt cold fission webrender,,77,ms,firefox,,1708594969,2023-06-06 18:38:30,559.0,fa55914f4b75f48d57ab43d8802ea56412b703a0,1252705,,,,,,,,,,,,,,,,,,,,,,,,,,,,,,,,,,,,,,,,,,,,,,,,,,,,,,,,,,,,,TN,TN
autoland,4060512,13,77a9707257b88d3b15060667769a2def98a71cff,windows10-64-shippable-qr,True,False,,|c|o|l|d| |f|i|s|s|i|o|n| |i|n|t|e|r|a|c|t|i|v|e| |w|e|b|r|e|n|d|e|r|,102210fe594ee9b33d82058545b1ed14f4c8206e,LastVisualChange,reddit-billgates-post-1.posts,True,reddit-billgates-post-1.posts LastVisualChange opt cold fission webrender,,77,ms,firefox,,1708594590,2023-06-06 18:38:30,541.0,fa55914f4b75f48d57ab43d8802ea56412b703a0,1252705,,,,,,,,,,,,,,,,,,,,,,,,,,,,,,,,,,,,,,,,,,,,,,,,,,,,,,,,,,,,,TN,TN
autoland,4060512,13,77a9707257b88d3b15060667769a2def98a71cff,windows10-64-shippable-qr,True,False,,|c|o|l|d| |f|i|s|s|i|o|n| |i|n|t|e|r|a|c|t|i|v|e| |w|e|b|r|e|n|d|e|r|,102210fe594ee9b33d82058545b1ed14f4c8206e,LastVisualChange,reddit-billgates-post-1.posts,True,reddit-billgates-post-1.posts LastVisualChange opt cold fission webrender,,77,ms,firefox,,1708032288,2023-06-06 18:39:17,548.6,34efca17c445488ff2c8d877904ae571f1f6ce0c,1252707,,,,,,,,,,,,,,,,,,,,,,,,,,,,,,,,,,,,,,,,,,,,,,,,,,,,,,,,,,,,,TN,TN
autoland,4060512,13,77a9707257b88d3b15060667769a2def98a71cff,windows10-64-shippable-qr,True,False,,|c|o|l|d| |f|i|s|s|i|o|n| |i|n|t|e|r|a|c|t|i|v|e| |w|e|b|r|e|n|d|e|r|,102210fe594ee9b33d82058545b1ed14f4c8206e,LastVisualChange,reddit-billgates-post-1.posts,True,reddit-billgates-post-1.posts LastVisualChange opt cold fission webrender,,77,ms,firefox,,1708595042,2023-06-06 18:39:17,531.4,34efca17c445488ff2c8d877904ae571f1f6ce0c,1252707,,,,,,,,,,,,,,,,,,,,,,,,,,,,,,,,,,,,,,,,,,,,,,,,,,,,,,,,,,,,,TN,TN
autoland,4060512,13,77a9707257b88d3b15060667769a2def98a71cff,windows10-64-shippable-qr,True,False,,|c|o|l|d| |f|i|s|s|i|o|n| |i|n|t|e|r|a|c|t|i|v|e| |w|e|b|r|e|n|d|e|r|,102210fe594ee9b33d82058545b1ed14f4c8206e,LastVisualChange,reddit-billgates-post-1.posts,True,reddit-billgates-post-1.posts LastVisualChange opt cold fission webrender,,77,ms,firefox,,1708595045,2023-06-06 18:39:17,541.4,34efca17c445488ff2c8d877904ae571f1f6ce0c,1252707,,,,,,,,,,,,,,,,,,,,,,,,,,,,,,,,,,,,,,,,,,,,,,,,,,,,,,,,,,,,,TN,TN
autoland,4060512,13,77a9707257b88d3b15060667769a2def98a71cff,windows10-64-shippable-qr,True,False,,|c|o|l|d| |f|i|s|s|i|o|n| |i|n|t|e|r|a|c|t|i|v|e| |w|e|b|r|e|n|d|e|r|,102210fe594ee9b33d82058545b1ed14f4c8206e,LastVisualChange,reddit-billgates-post-1.posts,True,reddit-billgates-post-1.posts LastVisualChange opt cold fission webrender,,77,ms,firefox,,1708595084,2023-06-06 18:39:17,516.8,34efca17c445488ff2c8d877904ae571f1f6ce0c,1252707,,,,,,,,,,,,,,,,,,,,,,,,,,,,,,,,,,,,,,,,,,,,,,,,,,,,,,,,,,,,,TN,TN
autoland,4060512,13,77a9707257b88d3b15060667769a2def98a71cff,windows10-64-shippable-qr,True,False,,|c|o|l|d| |f|i|s|s|i|o|n| |i|n|t|e|r|a|c|t|i|v|e| |w|e|b|r|e|n|d|e|r|,102210fe594ee9b33d82058545b1ed14f4c8206e,LastVisualChange,reddit-billgates-post-1.posts,True,reddit-billgates-post-1.posts LastVisualChange opt cold fission webrender,,77,ms,firefox,,1708595217,2023-06-06 18:39:17,524.3,34efca17c445488ff2c8d877904ae571f1f6ce0c,1252707,,,,,,,,,,,,,,,,,,,,,,,,,,,,,,,,,,,,,,,,,,,,,,,,,,,,,,,,,,,,,TN,TN
autoland,4060512,13,77a9707257b88d3b15060667769a2def98a71cff,windows10-64-shippable-qr,True,False,,|c|o|l|d| |f|i|s|s|i|o|n| |i|n|t|e|r|a|c|t|i|v|e| |w|e|b|r|e|n|d|e|r|,102210fe594ee9b33d82058545b1ed14f4c8206e,LastVisualChange,reddit-billgates-post-1.posts,True,reddit-billgates-post-1.posts LastVisualChange opt cold fission webrender,,77,ms,firefox,,1708033760,2023-06-06 18:40:06,543.8,b93f6512bbbc6433d09a482acf2f138f2f6677e0,1252708,,,,,,,,,,,,,,,,,,,,,,,,,,,,,,,,,,,,,,,,,,,,,,,,,,,,,,,,,,,,,TN,TN
autoland,4060512,13,77a9707257b88d3b15060667769a2def98a71cff,windows10-64-shippable-qr,True,False,,|c|o|l|d| |f|i|s|s|i|o|n| |i|n|t|e|r|a|c|t|i|v|e| |w|e|b|r|e|n|d|e|r|,102210fe594ee9b33d82058545b1ed14f4c8206e,LastVisualChange,reddit-billgates-post-1.posts,True,reddit-billgates-post-1.posts LastVisualChange opt cold fission webrender,,77,ms,firefox,,1708039429,2023-06-06 18:40:06,605.6,b93f6512bbbc6433d09a482acf2f138f2f6677e0,1252708,,,,,,,,,,,,,,,,,,,,,,,,,,,,,,,,,,,,,,,,,,,,,,,,,,,,,,,,,,,,,TN,TN
autoland,4060512,13,77a9707257b88d3b15060667769a2def98a71cff,windows10-64-shippable-qr,True,False,,|c|o|l|d| |f|i|s|s|i|o|n| |i|n|t|e|r|a|c|t|i|v|e| |w|e|b|r|e|n|d|e|r|,102210fe594ee9b33d82058545b1ed14f4c8206e,LastVisualChange,reddit-billgates-post-1.posts,True,reddit-billgates-post-1.posts LastVisualChange opt cold fission webrender,,77,ms,firefox,,1708595581,2023-06-06 18:40:06,584.0,b93f6512bbbc6433d09a482acf2f138f2f6677e0,1252708,,,,,,,,,,,,,,,,,,,,,,,,,,,,,,,,,,,,,,,,,,,,,,,,,,,,,,,,,,,,,TN,TN
autoland,4060512,13,77a9707257b88d3b15060667769a2def98a71cff,windows10-64-shippable-qr,True,False,,|c|o|l|d| |f|i|s|s|i|o|n| |i|n|t|e|r|a|c|t|i|v|e| |w|e|b|r|e|n|d|e|r|,102210fe594ee9b33d82058545b1ed14f4c8206e,LastVisualChange,reddit-billgates-post-1.posts,True,reddit-billgates-post-1.posts LastVisualChange opt cold fission webrender,,77,ms,firefox,,1708595811,2023-06-06 18:40:06,531.1,b93f6512bbbc6433d09a482acf2f138f2f6677e0,1252708,,,,,,,,,,,,,,,,,,,,,,,,,,,,,,,,,,,,,,,,,,,,,,,,,,,,,,,,,,,,,TN,TN
autoland,4060512,13,77a9707257b88d3b15060667769a2def98a71cff,windows10-64-shippable-qr,True,False,,|c|o|l|d| |f|i|s|s|i|o|n| |i|n|t|e|r|a|c|t|i|v|e| |w|e|b|r|e|n|d|e|r|,102210fe594ee9b33d82058545b1ed14f4c8206e,LastVisualChange,reddit-billgates-post-1.posts,True,reddit-billgates-post-1.posts LastVisualChange opt cold fission webrender,,77,ms,firefox,,1708595754,2023-06-06 18:40:06,539.4,b93f6512bbbc6433d09a482acf2f138f2f6677e0,1252708,,,,,,,,,,,,,,,,,,,,,,,,,,,,,,,,,,,,,,,,,,,,,,,,,,,,,,,,,,,,,TN,TN
autoland,4060512,13,77a9707257b88d3b15060667769a2def98a71cff,windows10-64-shippable-qr,True,False,,|c|o|l|d| |f|i|s|s|i|o|n| |i|n|t|e|r|a|c|t|i|v|e| |w|e|b|r|e|n|d|e|r|,102210fe594ee9b33d82058545b1ed14f4c8206e,LastVisualChange,reddit-billgates-post-1.posts,True,reddit-billgates-post-1.posts LastVisualChange opt cold fission webrender,,77,ms,firefox,,1708595992,2023-06-06 18:40:06,531.9,b93f6512bbbc6433d09a482acf2f138f2f6677e0,1252708,,,,,,,,,,,,,,,,,,,,,,,,,,,,,,,,,,,,,,,,,,,,,,,,,,,,,,,,,,,,,TN,TN
autoland,4060512,13,77a9707257b88d3b15060667769a2def98a71cff,windows10-64-shippable-qr,True,False,,|c|o|l|d| |f|i|s|s|i|o|n| |i|n|t|e|r|a|c|t|i|v|e| |w|e|b|r|e|n|d|e|r|,102210fe594ee9b33d82058545b1ed14f4c8206e,LastVisualChange,reddit-billgates-post-1.posts,True,reddit-billgates-post-1.posts LastVisualChange opt cold fission webrender,,77,ms,firefox,,1708025263,2023-06-06 18:41:07,528.9,dbc987c2d0cda7bb0329c7503ec213fa2b7e522c,1252709,,,,,,,,,,,,,,,,,,,,,,,,,,,,,,,,,,,,,,,,,,,,,,,,,,,,,,,,,,,,,TN,TN
autoland,4060512,13,77a9707257b88d3b15060667769a2def98a71cff,windows10-64-shippable-qr,True,False,,|c|o|l|d| |f|i|s|s|i|o|n| |i|n|t|e|r|a|c|t|i|v|e| |w|e|b|r|e|n|d|e|r|,102210fe594ee9b33d82058545b1ed14f4c8206e,LastVisualChange,reddit-billgates-post-1.posts,True,reddit-billgates-post-1.posts LastVisualChange opt cold fission webrender,,77,ms,firefox,,1708595284,2023-06-06 18:41:07,522.3,dbc987c2d0cda7bb0329c7503ec213fa2b7e522c,1252709,,,,,,,,,,,,,,,,,,,,,,,,,,,,,,,,,,,,,,,,,,,,,,,,,,,,,,,,,,,,,TN,TN
autoland,4060512,13,77a9707257b88d3b15060667769a2def98a71cff,windows10-64-shippable-qr,True,False,,|c|o|l|d| |f|i|s|s|i|o|n| |i|n|t|e|r|a|c|t|i|v|e| |w|e|b|r|e|n|d|e|r|,102210fe594ee9b33d82058545b1ed14f4c8206e,LastVisualChange,reddit-billgates-post-1.posts,True,reddit-billgates-post-1.posts LastVisualChange opt cold fission webrender,,77,ms,firefox,,1708595386,2023-06-06 18:41:07,565.2,dbc987c2d0cda7bb0329c7503ec213fa2b7e522c,1252709,,,,,,,,,,,,,,,,,,,,,,,,,,,,,,,,,,,,,,,,,,,,,,,,,,,,,,,,,,,,,TN,TN
autoland,4060512,13,77a9707257b88d3b15060667769a2def98a71cff,windows10-64-shippable-qr,True,False,,|c|o|l|d| |f|i|s|s|i|o|n| |i|n|t|e|r|a|c|t|i|v|e| |w|e|b|r|e|n|d|e|r|,102210fe594ee9b33d82058545b1ed14f4c8206e,LastVisualChange,reddit-billgates-post-1.posts,True,reddit-billgates-post-1.posts LastVisualChange opt cold fission webrender,,77,ms,firefox,,1708595438,2023-06-06 18:41:07,544.7,dbc987c2d0cda7bb0329c7503ec213fa2b7e522c,1252709,,,,,,,,,,,,,,,,,,,,,,,,,,,,,,,,,,,,,,,,,,,,,,,,,,,,,,,,,,,,,TN,TN
autoland,4060512,13,77a9707257b88d3b15060667769a2def98a71cff,windows10-64-shippable-qr,True,False,,|c|o|l|d| |f|i|s|s|i|o|n| |i|n|t|e|r|a|c|t|i|v|e| |w|e|b|r|e|n|d|e|r|,102210fe594ee9b33d82058545b1ed14f4c8206e,LastVisualChange,reddit-billgates-post-1.posts,True,reddit-billgates-post-1.posts LastVisualChange opt cold fission webrender,,77,ms,firefox,,1708597394,2023-06-06 18:41:07,562.2,dbc987c2d0cda7bb0329c7503ec213fa2b7e522c,1252709,,,,,,,,,,,,,,,,,,,,,,,,,,,,,,,,,,,,,,,,,,,,,,,,,,,,,,,,,,,,,TN,TN
autoland,4060512,13,77a9707257b88d3b15060667769a2def98a71cff,windows10-64-shippable-qr,True,False,,|c|o|l|d| |f|i|s|s|i|o|n| |i|n|t|e|r|a|c|t|i|v|e| |w|e|b|r|e|n|d|e|r|,102210fe594ee9b33d82058545b1ed14f4c8206e,LastVisualChange,reddit-billgates-post-1.posts,True,reddit-billgates-post-1.posts LastVisualChange opt cold fission webrender,,77,ms,firefox,,1708027390,2023-06-06 18:41:58,524.8,da2e4e6f72c156d629d5397b8af3de2aaf60725f,1252710,,,,,,,,,,,,,,,,,,,,,,,,,,,,,,,,,,,,,,,,,,,,,,,,,,,,,,,,,,,,,TN,TN
autoland,4060512,13,77a9707257b88d3b15060667769a2def98a71cff,windows10-64-shippable-qr,True,False,,|c|o|l|d| |f|i|s|s|i|o|n| |i|n|t|e|r|a|c|t|i|v|e| |w|e|b|r|e|n|d|e|r|,102210fe594ee9b33d82058545b1ed14f4c8206e,LastVisualChange,reddit-billgates-post-1.posts,True,reddit-billgates-post-1.posts LastVisualChange opt cold fission webrender,,77,ms,firefox,,1708596297,2023-06-06 18:41:58,531.8,da2e4e6f72c156d629d5397b8af3de2aaf60725f,1252710,,,,,,,,,,,,,,,,,,,,,,,,,,,,,,,,,,,,,,,,,,,,,,,,,,,,,,,,,,,,,TN,TN
autoland,4060512,13,77a9707257b88d3b15060667769a2def98a71cff,windows10-64-shippable-qr,True,False,,|c|o|l|d| |f|i|s|s|i|o|n| |i|n|t|e|r|a|c|t|i|v|e| |w|e|b|r|e|n|d|e|r|,102210fe594ee9b33d82058545b1ed14f4c8206e,LastVisualChange,reddit-billgates-post-1.posts,True,reddit-billgates-post-1.posts LastVisualChange opt cold fission webrender,,77,ms,firefox,,1708596502,2023-06-06 18:41:58,542.4,da2e4e6f72c156d629d5397b8af3de2aaf60725f,1252710,,,,,,,,,,,,,,,,,,,,,,,,,,,,,,,,,,,,,,,,,,,,,,,,,,,,,,,,,,,,,TN,TN
autoland,4060512,13,77a9707257b88d3b15060667769a2def98a71cff,windows10-64-shippable-qr,True,False,,|c|o|l|d| |f|i|s|s|i|o|n| |i|n|t|e|r|a|c|t|i|v|e| |w|e|b|r|e|n|d|e|r|,102210fe594ee9b33d82058545b1ed14f4c8206e,LastVisualChange,reddit-billgates-post-1.posts,True,reddit-billgates-post-1.posts LastVisualChange opt cold fission webrender,,77,ms,firefox,,1708596125,2023-06-06 18:41:58,561.8,da2e4e6f72c156d629d5397b8af3de2aaf60725f,1252710,,,,,,,,,,,,,,,,,,,,,,,,,,,,,,,,,,,,,,,,,,,,,,,,,,,,,,,,,,,,,TN,TN
autoland,4060512,13,77a9707257b88d3b15060667769a2def98a71cff,windows10-64-shippable-qr,True,False,,|c|o|l|d| |f|i|s|s|i|o|n| |i|n|t|e|r|a|c|t|i|v|e| |w|e|b|r|e|n|d|e|r|,102210fe594ee9b33d82058545b1ed14f4c8206e,LastVisualChange,reddit-billgates-post-1.posts,True,reddit-billgates-post-1.posts LastVisualChange opt cold fission webrender,,77,ms,firefox,,1708596191,2023-06-06 18:41:58,538.7,da2e4e6f72c156d629d5397b8af3de2aaf60725f,1252710,,,,,,,,,,,,,,,,,,,,,,,,,,,,,,,,,,,,,,,,,,,,,,,,,,,,,,,,,,,,,TN,TN
autoland,4060512,13,77a9707257b88d3b15060667769a2def98a71cff,windows10-64-shippable-qr,True,False,,|c|o|l|d| |f|i|s|s|i|o|n| |i|n|t|e|r|a|c|t|i|v|e| |w|e|b|r|e|n|d|e|r|,102210fe594ee9b33d82058545b1ed14f4c8206e,LastVisualChange,reddit-billgates-post-1.posts,True,reddit-billgates-post-1.posts LastVisualChange opt cold fission webrender,,77,ms,firefox,,1708026603,2023-06-06 18:58:45,520.0,ea6da1713c98e4c01d6688c7ef02451dfe130ac9,1252713,,,,,,,,,,,,,,,,,,,,,,,,,,,,,,,,,,,,,,,,,,,,,,,,,,,,,,,,,,,,,TN,TN
autoland,4060512,13,77a9707257b88d3b15060667769a2def98a71cff,windows10-64-shippable-qr,True,False,,|c|o|l|d| |f|i|s|s|i|o|n| |i|n|t|e|r|a|c|t|i|v|e| |w|e|b|r|e|n|d|e|r|,102210fe594ee9b33d82058545b1ed14f4c8206e,LastVisualChange,reddit-billgates-post-1.posts,True,reddit-billgates-post-1.posts LastVisualChange opt cold fission webrender,,77,ms,firefox,,1708596769,2023-06-06 18:58:45,531.8,ea6da1713c98e4c01d6688c7ef02451dfe130ac9,1252713,,,,,,,,,,,,,,,,,,,,,,,,,,,,,,,,,,,,,,,,,,,,,,,,,,,,,,,,,,,,,TN,TN
autoland,4060512,13,77a9707257b88d3b15060667769a2def98a71cff,windows10-64-shippable-qr,True,False,,|c|o|l|d| |f|i|s|s|i|o|n| |i|n|t|e|r|a|c|t|i|v|e| |w|e|b|r|e|n|d|e|r|,102210fe594ee9b33d82058545b1ed14f4c8206e,LastVisualChange,reddit-billgates-post-1.posts,True,reddit-billgates-post-1.posts LastVisualChange opt cold fission webrender,,77,ms,firefox,,1708596666,2023-06-06 18:58:45,562.4,ea6da1713c98e4c01d6688c7ef02451dfe130ac9,1252713,,,,,,,,,,,,,,,,,,,,,,,,,,,,,,,,,,,,,,,,,,,,,,,,,,,,,,,,,,,,,TN,TN
autoland,4060512,13,77a9707257b88d3b15060667769a2def98a71cff,windows10-64-shippable-qr,True,False,,|c|o|l|d| |f|i|s|s|i|o|n| |i|n|t|e|r|a|c|t|i|v|e| |w|e|b|r|e|n|d|e|r|,102210fe594ee9b33d82058545b1ed14f4c8206e,LastVisualChange,reddit-billgates-post-1.posts,True,reddit-billgates-post-1.posts LastVisualChange opt cold fission webrender,,77,ms,firefox,,1708597031,2023-06-06 18:58:45,548.5,ea6da1713c98e4c01d6688c7ef02451dfe130ac9,1252713,,,,,,,,,,,,,,,,,,,,,,,,,,,,,,,,,,,,,,,,,,,,,,,,,,,,,,,,,,,,,TN,TN
autoland,4060512,13,77a9707257b88d3b15060667769a2def98a71cff,windows10-64-shippable-qr,True,False,,|c|o|l|d| |f|i|s|s|i|o|n| |i|n|t|e|r|a|c|t|i|v|e| |w|e|b|r|e|n|d|e|r|,102210fe594ee9b33d82058545b1ed14f4c8206e,LastVisualChange,reddit-billgates-post-1.posts,True,reddit-billgates-post-1.posts LastVisualChange opt cold fission webrender,,77,ms,firefox,,1708597194,2023-06-06 18:58:45,541.6,ea6da1713c98e4c01d6688c7ef02451dfe130ac9,1252713,,,,,,,,,,,,,,,,,,,,,,,,,,,,,,,,,,,,,,,,,,,,,,,,,,,,,,,,,,,,,TN,TN
autoland,4060512,13,77a9707257b88d3b15060667769a2def98a71cff,windows10-64-shippable-qr,True,False,,|c|o|l|d| |f|i|s|s|i|o|n| |i|n|t|e|r|a|c|t|i|v|e| |w|e|b|r|e|n|d|e|r|,102210fe594ee9b33d82058545b1ed14f4c8206e,LastVisualChange,reddit-billgates-post-1.posts,True,reddit-billgates-post-1.posts LastVisualChange opt cold fission webrender,,77,ms,firefox,,1706867609,2023-06-06 19:22:50,522.4,3e7d709ab2a3a86ff58f4406faa05e738ca49ec9,1252721,,,,,,,,,,,,,,,,,,,,,,,,,,,,,,,,,,,,,,,,,,,,,,,,,,,,,,,,,,,,,TN,TN
autoland,4060512,13,77a9707257b88d3b15060667769a2def98a71cff,windows10-64-shippable-qr,True,False,,|c|o|l|d| |f|i|s|s|i|o|n| |i|n|t|e|r|a|c|t|i|v|e| |w|e|b|r|e|n|d|e|r|,102210fe594ee9b33d82058545b1ed14f4c8206e,LastVisualChange,reddit-billgates-post-1.posts,True,reddit-billgates-post-1.posts LastVisualChange opt cold fission webrender,,77,ms,firefox,,1708598020,2023-06-06 19:22:50,535.5,3e7d709ab2a3a86ff58f4406faa05e738ca49ec9,1252721,,,,,,,,,,,,,,,,,,,,,,,,,,,,,,,,,,,,,,,,,,,,,,,,,,,,,,,,,,,,,TN,TN
autoland,4060512,13,77a9707257b88d3b15060667769a2def98a71cff,windows10-64-shippable-qr,True,False,,|c|o|l|d| |f|i|s|s|i|o|n| |i|n|t|e|r|a|c|t|i|v|e| |w|e|b|r|e|n|d|e|r|,102210fe594ee9b33d82058545b1ed14f4c8206e,LastVisualChange,reddit-billgates-post-1.posts,True,reddit-billgates-post-1.posts LastVisualChange opt cold fission webrender,,77,ms,firefox,,1708598274,2023-06-06 19:22:50,529.0,3e7d709ab2a3a86ff58f4406faa05e738ca49ec9,1252721,,,,,,,,,,,,,,,,,,,,,,,,,,,,,,,,,,,,,,,,,,,,,,,,,,,,,,,,,,,,,TN,TN
autoland,4060512,13,77a9707257b88d3b15060667769a2def98a71cff,windows10-64-shippable-qr,True,False,,|c|o|l|d| |f|i|s|s|i|o|n| |i|n|t|e|r|a|c|t|i|v|e| |w|e|b|r|e|n|d|e|r|,102210fe594ee9b33d82058545b1ed14f4c8206e,LastVisualChange,reddit-billgates-post-1.posts,True,reddit-billgates-post-1.posts LastVisualChange opt cold fission webrender,,77,ms,firefox,,1708598101,2023-06-06 19:22:50,542.2,3e7d709ab2a3a86ff58f4406faa05e738ca49ec9,1252721,,,,,,,,,,,,,,,,,,,,,,,,,,,,,,,,,,,,,,,,,,,,,,,,,,,,,,,,,,,,,TN,TN
autoland,4060512,13,77a9707257b88d3b15060667769a2def98a71cff,windows10-64-shippable-qr,True,False,,|c|o|l|d| |f|i|s|s|i|o|n| |i|n|t|e|r|a|c|t|i|v|e| |w|e|b|r|e|n|d|e|r|,102210fe594ee9b33d82058545b1ed14f4c8206e,LastVisualChange,reddit-billgates-post-1.posts,True,reddit-billgates-post-1.posts LastVisualChange opt cold fission webrender,,77,ms,firefox,,1708598241,2023-06-06 19:22:50,531.1,3e7d709ab2a3a86ff58f4406faa05e738ca49ec9,1252721,,,,,,,,,,,,,,,,,,,,,,,,,,,,,,,,,,,,,,,,,,,,,,,,,,,,,,,,,,,,,TN,TN
autoland,4060512,13,77a9707257b88d3b15060667769a2def98a71cff,windows10-64-shippable-qr,True,False,,|c|o|l|d| |f|i|s|s|i|o|n| |i|n|t|e|r|a|c|t|i|v|e| |w|e|b|r|e|n|d|e|r|,102210fe594ee9b33d82058545b1ed14f4c8206e,LastVisualChange,reddit-billgates-post-1.posts,True,reddit-billgates-post-1.posts LastVisualChange opt cold fission webrender,,77,ms,firefox,,1708040204,2023-06-06 19:38:01,535.4,ad11391dac323b2412b29c842279c2f661639b2e,1252733,,,,,,,,,,,,,,,,,,,,,,,,,,,,,,,,,,,,,,,,,,,,,,,,,,,,,,,,,,,,,TN,TN
autoland,4060512,13,77a9707257b88d3b15060667769a2def98a71cff,windows10-64-shippable-qr,True,False,,|c|o|l|d| |f|i|s|s|i|o|n| |i|n|t|e|r|a|c|t|i|v|e| |w|e|b|r|e|n|d|e|r|,102210fe594ee9b33d82058545b1ed14f4c8206e,LastVisualChange,reddit-billgates-post-1.posts,True,reddit-billgates-post-1.posts LastVisualChange opt cold fission webrender,,77,ms,firefox,,1708597625,2023-06-06 19:38:01,562.7,ad11391dac323b2412b29c842279c2f661639b2e,1252733,,,,,,,,,,,,,,,,,,,,,,,,,,,,,,,,,,,,,,,,,,,,,,,,,,,,,,,,,,,,,TN,TN
autoland,4060512,13,77a9707257b88d3b15060667769a2def98a71cff,windows10-64-shippable-qr,True,False,,|c|o|l|d| |f|i|s|s|i|o|n| |i|n|t|e|r|a|c|t|i|v|e| |w|e|b|r|e|n|d|e|r|,102210fe594ee9b33d82058545b1ed14f4c8206e,LastVisualChange,reddit-billgates-post-1.posts,True,reddit-billgates-post-1.posts LastVisualChange opt cold fission webrender,,77,ms,firefox,,1708597225,2023-06-06 19:38:01,528.2,ad11391dac323b2412b29c842279c2f661639b2e,1252733,,,,,,,,,,,,,,,,,,,,,,,,,,,,,,,,,,,,,,,,,,,,,,,,,,,,,,,,,,,,,TN,TN
autoland,4060512,13,77a9707257b88d3b15060667769a2def98a71cff,windows10-64-shippable-qr,True,False,,|c|o|l|d| |f|i|s|s|i|o|n| |i|n|t|e|r|a|c|t|i|v|e| |w|e|b|r|e|n|d|e|r|,102210fe594ee9b33d82058545b1ed14f4c8206e,LastVisualChange,reddit-billgates-post-1.posts,True,reddit-billgates-post-1.posts LastVisualChange opt cold fission webrender,,77,ms,firefox,,1708597705,2023-06-06 19:38:01,554.6,ad11391dac323b2412b29c842279c2f661639b2e,1252733,,,,,,,,,,,,,,,,,,,,,,,,,,,,,,,,,,,,,,,,,,,,,,,,,,,,,,,,,,,,,TN,TN
autoland,4060512,13,77a9707257b88d3b15060667769a2def98a71cff,windows10-64-shippable-qr,True,False,,|c|o|l|d| |f|i|s|s|i|o|n| |i|n|t|e|r|a|c|t|i|v|e| |w|e|b|r|e|n|d|e|r|,102210fe594ee9b33d82058545b1ed14f4c8206e,LastVisualChange,reddit-billgates-post-1.posts,True,reddit-billgates-post-1.posts LastVisualChange opt cold fission webrender,,77,ms,firefox,,1708597867,2023-06-06 19:38:01,538.8,ad11391dac323b2412b29c842279c2f661639b2e,1252733,,,,,,,,,,,,,,,,,,,,,,,,,,,,,,,,,,,,,,,,,,,,,,,,,,,,,,,,,,,,,TN,TN
autoland,4060512,13,77a9707257b88d3b15060667769a2def98a71cff,windows10-64-shippable-qr,True,False,,|c|o|l|d| |f|i|s|s|i|o|n| |i|n|t|e|r|a|c|t|i|v|e| |w|e|b|r|e|n|d|e|r|,102210fe594ee9b33d82058545b1ed14f4c8206e,LastVisualChange,reddit-billgates-post-1.posts,True,reddit-billgates-post-1.posts LastVisualChange opt cold fission webrender,,77,ms,firefox,,1708034735,2023-06-06 19:47:44,531.6,8a27d5959b3e8b398735e9d88bc8034cf831b5e1,1252739,,,,,,,,,,,,,,,,,,,,,,,,,,,,,,,,,,,,,,,,,,,,,,,,,,,,,,,,,,,,,TN,TN
autoland,4060512,13,77a9707257b88d3b15060667769a2def98a71cff,windows10-64-shippable-qr,True,False,,|c|o|l|d| |f|i|s|s|i|o|n| |i|n|t|e|r|a|c|t|i|v|e| |w|e|b|r|e|n|d|e|r|,102210fe594ee9b33d82058545b1ed14f4c8206e,LastVisualChange,reddit-billgates-post-1.posts,True,reddit-billgates-post-1.posts LastVisualChange opt cold fission webrender,,77,ms,firefox,,1708598530,2023-06-06 19:47:44,542.2,8a27d5959b3e8b398735e9d88bc8034cf831b5e1,1252739,,,,,,,,,,,,,,,,,,,,,,,,,,,,,,,,,,,,,,,,,,,,,,,,,,,,,,,,,,,,,TN,TN
autoland,4060512,13,77a9707257b88d3b15060667769a2def98a71cff,windows10-64-shippable-qr,True,False,,|c|o|l|d| |f|i|s|s|i|o|n| |i|n|t|e|r|a|c|t|i|v|e| |w|e|b|r|e|n|d|e|r|,102210fe594ee9b33d82058545b1ed14f4c8206e,LastVisualChange,reddit-billgates-post-1.posts,True,reddit-billgates-post-1.posts LastVisualChange opt cold fission webrender,,77,ms,firefox,,1708598566,2023-06-06 19:47:44,530.7,8a27d5959b3e8b398735e9d88bc8034cf831b5e1,1252739,,,,,,,,,,,,,,,,,,,,,,,,,,,,,,,,,,,,,,,,,,,,,,,,,,,,,,,,,,,,,TN,TN
autoland,4060512,13,77a9707257b88d3b15060667769a2def98a71cff,windows10-64-shippable-qr,True,False,,|c|o|l|d| |f|i|s|s|i|o|n| |i|n|t|e|r|a|c|t|i|v|e| |w|e|b|r|e|n|d|e|r|,102210fe594ee9b33d82058545b1ed14f4c8206e,LastVisualChange,reddit-billgates-post-1.posts,True,reddit-billgates-post-1.posts LastVisualChange opt cold fission webrender,,77,ms,firefox,,1708598443,2023-06-06 19:47:44,557.8,8a27d5959b3e8b398735e9d88bc8034cf831b5e1,1252739,,,,,,,,,,,,,,,,,,,,,,,,,,,,,,,,,,,,,,,,,,,,,,,,,,,,,,,,,,,,,TN,TN
autoland,4060512,13,77a9707257b88d3b15060667769a2def98a71cff,windows10-64-shippable-qr,True,False,,|c|o|l|d| |f|i|s|s|i|o|n| |i|n|t|e|r|a|c|t|i|v|e| |w|e|b|r|e|n|d|e|r|,102210fe594ee9b33d82058545b1ed14f4c8206e,LastVisualChange,reddit-billgates-post-1.posts,True,reddit-billgates-post-1.posts LastVisualChange opt cold fission webrender,,77,ms,firefox,,1708598481,2023-06-06 19:47:44,557.1,8a27d5959b3e8b398735e9d88bc8034cf831b5e1,1252739,,,,,,,,,,,,,,,,,,,,,,,,,,,,,,,,,,,,,,,,,,,,,,,,,,,,,,,,,,,,,TN,TN
autoland,4060512,13,77a9707257b88d3b15060667769a2def98a71cff,windows10-64-shippable-qr,True,False,,|c|o|l|d| |f|i|s|s|i|o|n| |i|n|t|e|r|a|c|t|i|v|e| |w|e|b|r|e|n|d|e|r|,102210fe594ee9b33d82058545b1ed14f4c8206e,LastVisualChange,reddit-billgates-post-1.posts,True,reddit-billgates-post-1.posts LastVisualChange opt cold fission webrender,,77,ms,firefox,,1708029489,2023-06-06 19:48:38,542.6,8a0c6cebd70d5958a8999f28a3ba87b18802cb8b,1252740,,,,,,,,,,,,,,,,,,,,,,,,,,,,,,,,,,,,,,,,,,,,,,,,,,,,,,,,,,,,,TN,TN
autoland,4060512,13,77a9707257b88d3b15060667769a2def98a71cff,windows10-64-shippable-qr,True,False,,|c|o|l|d| |f|i|s|s|i|o|n| |i|n|t|e|r|a|c|t|i|v|e| |w|e|b|r|e|n|d|e|r|,102210fe594ee9b33d82058545b1ed14f4c8206e,LastVisualChange,reddit-billgates-post-1.posts,True,reddit-billgates-post-1.posts LastVisualChange opt cold fission webrender,,77,ms,firefox,,1708598630,2023-06-06 19:48:38,520.3,8a0c6cebd70d5958a8999f28a3ba87b18802cb8b,1252740,,,,,,,,,,,,,,,,,,,,,,,,,,,,,,,,,,,,,,,,,,,,,,,,,,,,,,,,,,,,,TN,TN
autoland,4060512,13,77a9707257b88d3b15060667769a2def98a71cff,windows10-64-shippable-qr,True,False,,|c|o|l|d| |f|i|s|s|i|o|n| |i|n|t|e|r|a|c|t|i|v|e| |w|e|b|r|e|n|d|e|r|,102210fe594ee9b33d82058545b1ed14f4c8206e,LastVisualChange,reddit-billgates-post-1.posts,True,reddit-billgates-post-1.posts LastVisualChange opt cold fission webrender,,77,ms,firefox,,1708598683,2023-06-06 19:48:38,537.8,8a0c6cebd70d5958a8999f28a3ba87b18802cb8b,1252740,,,,,,,,,,,,,,,,,,,,,,,,,,,,,,,,,,,,,,,,,,,,,,,,,,,,,,,,,,,,,TN,TN
autoland,4060512,13,77a9707257b88d3b15060667769a2def98a71cff,windows10-64-shippable-qr,True,False,,|c|o|l|d| |f|i|s|s|i|o|n| |i|n|t|e|r|a|c|t|i|v|e| |w|e|b|r|e|n|d|e|r|,102210fe594ee9b33d82058545b1ed14f4c8206e,LastVisualChange,reddit-billgates-post-1.posts,True,reddit-billgates-post-1.posts LastVisualChange opt cold fission webrender,,77,ms,firefox,,1708600133,2023-06-06 19:48:38,535.4,8a0c6cebd70d5958a8999f28a3ba87b18802cb8b,1252740,,,,,,,,,,,,,,,,,,,,,,,,,,,,,,,,,,,,,,,,,,,,,,,,,,,,,,,,,,,,,TN,TN
autoland,4060512,13,77a9707257b88d3b15060667769a2def98a71cff,windows10-64-shippable-qr,True,False,,|c|o|l|d| |f|i|s|s|i|o|n| |i|n|t|e|r|a|c|t|i|v|e| |w|e|b|r|e|n|d|e|r|,102210fe594ee9b33d82058545b1ed14f4c8206e,LastVisualChange,reddit-billgates-post-1.posts,True,reddit-billgates-post-1.posts LastVisualChange opt cold fission webrender,,77,ms,firefox,,1708599157,2023-06-06 19:48:38,554.7,8a0c6cebd70d5958a8999f28a3ba87b18802cb8b,1252740,,,,,,,,,,,,,,,,,,,,,,,,,,,,,,,,,,,,,,,,,,,,,,,,,,,,,,,,,,,,,TN,TN
autoland,4060512,13,77a9707257b88d3b15060667769a2def98a71cff,windows10-64-shippable-qr,True,False,,|c|o|l|d| |f|i|s|s|i|o|n| |i|n|t|e|r|a|c|t|i|v|e| |w|e|b|r|e|n|d|e|r|,102210fe594ee9b33d82058545b1ed14f4c8206e,LastVisualChange,reddit-billgates-post-1.posts,True,reddit-billgates-post-1.posts LastVisualChange opt cold fission webrender,,77,ms,firefox,,1706887261,2023-06-06 19:49:29,544.8,9a56830b39f8d6802cef3772f81535d5f7bd475c,1252741,,,,,,,,,,,,,,,,,,,,,,,,,,,,,,,,,,,,,,,,,,,,,,,,,,,,,,,,,,,,,TN,TN
autoland,4060512,13,77a9707257b88d3b15060667769a2def98a71cff,windows10-64-shippable-qr,True,False,,|c|o|l|d| |f|i|s|s|i|o|n| |i|n|t|e|r|a|c|t|i|v|e| |w|e|b|r|e|n|d|e|r|,102210fe594ee9b33d82058545b1ed14f4c8206e,LastVisualChange,reddit-billgates-post-1.posts,True,reddit-billgates-post-1.posts LastVisualChange opt cold fission webrender,,77,ms,firefox,,1708675567,2023-06-06 19:50:26,535.3,79c414a997b5687eff2cf3ee319bc88ee9c68b9d,1252742,,,,,,,,,,,,,,,,,,,,,,,,,,,,,,,,,,,,,,,,,,,,,,,,,,,,,,,,,,,,,TN,TN
autoland,4060512,13,77a9707257b88d3b15060667769a2def98a71cff,windows10-64-shippable-qr,True,False,,|c|o|l|d| |f|i|s|s|i|o|n| |i|n|t|e|r|a|c|t|i|v|e| |w|e|b|r|e|n|d|e|r|,102210fe594ee9b33d82058545b1ed14f4c8206e,LastVisualChange,reddit-billgates-post-1.posts,True,reddit-billgates-post-1.posts LastVisualChange opt cold fission webrender,,77,ms,firefox,,1708675582,2023-06-06 19:50:26,525.6,79c414a997b5687eff2cf3ee319bc88ee9c68b9d,1252742,,,,,,,,,,,,,,,,,,,,,,,,,,,,,,,,,,,,,,,,,,,,,,,,,,,,,,,,,,,,,TN,TN
autoland,4060512,13,77a9707257b88d3b15060667769a2def98a71cff,windows10-64-shippable-qr,True,False,,|c|o|l|d| |f|i|s|s|i|o|n| |i|n|t|e|r|a|c|t|i|v|e| |w|e|b|r|e|n|d|e|r|,102210fe594ee9b33d82058545b1ed14f4c8206e,LastVisualChange,reddit-billgates-post-1.posts,True,reddit-billgates-post-1.posts LastVisualChange opt cold fission webrender,,77,ms,firefox,,1708675614,2023-06-06 19:50:26,547.0,79c414a997b5687eff2cf3ee319bc88ee9c68b9d,1252742,,,,,,,,,,,,,,,,,,,,,,,,,,,,,,,,,,,,,,,,,,,,,,,,,,,,,,,,,,,,,TN,TN
autoland,4060512,13,77a9707257b88d3b15060667769a2def98a71cff,windows10-64-shippable-qr,True,False,,|c|o|l|d| |f|i|s|s|i|o|n| |i|n|t|e|r|a|c|t|i|v|e| |w|e|b|r|e|n|d|e|r|,102210fe594ee9b33d82058545b1ed14f4c8206e,LastVisualChange,reddit-billgates-post-1.posts,True,reddit-billgates-post-1.posts LastVisualChange opt cold fission webrender,,77,ms,firefox,,1708675649,2023-06-06 19:50:26,521.6,79c414a997b5687eff2cf3ee319bc88ee9c68b9d,1252742,,,,,,,,,,,,,,,,,,,,,,,,,,,,,,,,,,,,,,,,,,,,,,,,,,,,,,,,,,,,,TN,TN
autoland,4060512,13,77a9707257b88d3b15060667769a2def98a71cff,windows10-64-shippable-qr,True,False,,|c|o|l|d| |f|i|s|s|i|o|n| |i|n|t|e|r|a|c|t|i|v|e| |w|e|b|r|e|n|d|e|r|,102210fe594ee9b33d82058545b1ed14f4c8206e,LastVisualChange,reddit-billgates-post-1.posts,True,reddit-billgates-post-1.posts LastVisualChange opt cold fission webrender,,77,ms,firefox,,1708678825,2023-06-06 19:50:26,531.9,79c414a997b5687eff2cf3ee319bc88ee9c68b9d,1252742,,,,,,,,,,,,,,,,,,,,,,,,,,,,,,,,,,,,,,,,,,,,,,,,,,,,,,,,,,,,,TN,TN
autoland,4060512,13,77a9707257b88d3b15060667769a2def98a71cff,windows10-64-shippable-qr,True,False,,|c|o|l|d| |f|i|s|s|i|o|n| |i|n|t|e|r|a|c|t|i|v|e| |w|e|b|r|e|n|d|e|r|,102210fe594ee9b33d82058545b1ed14f4c8206e,LastVisualChange,reddit-billgates-post-1.posts,True,reddit-billgates-post-1.posts LastVisualChange opt cold fission webrender,,77,ms,firefox,,1708673187,2023-06-06 19:51:23,534.8,6991272868dae0dac6e7f1fa3a533ab800650702,1252744,,,,,,,,,,,,,,,,,,,,,,,,,,,,,,,,,,,,,,,,,,,,,,,,,,,,,,,,,,,,,TN,TN
autoland,4060512,13,77a9707257b88d3b15060667769a2def98a71cff,windows10-64-shippable-qr,True,False,,|c|o|l|d| |f|i|s|s|i|o|n| |i|n|t|e|r|a|c|t|i|v|e| |w|e|b|r|e|n|d|e|r|,102210fe594ee9b33d82058545b1ed14f4c8206e,LastVisualChange,reddit-billgates-post-1.posts,True,reddit-billgates-post-1.posts LastVisualChange opt cold fission webrender,,77,ms,firefox,,1708673362,2023-06-06 19:51:23,512.1,6991272868dae0dac6e7f1fa3a533ab800650702,1252744,,,,,,,,,,,,,,,,,,,,,,,,,,,,,,,,,,,,,,,,,,,,,,,,,,,,,,,,,,,,,TN,TN
autoland,4060512,13,77a9707257b88d3b15060667769a2def98a71cff,windows10-64-shippable-qr,True,False,,|c|o|l|d| |f|i|s|s|i|o|n| |i|n|t|e|r|a|c|t|i|v|e| |w|e|b|r|e|n|d|e|r|,102210fe594ee9b33d82058545b1ed14f4c8206e,LastVisualChange,reddit-billgates-post-1.posts,True,reddit-billgates-post-1.posts LastVisualChange opt cold fission webrender,,77,ms,firefox,,1708673502,2023-06-06 19:51:23,543.2,6991272868dae0dac6e7f1fa3a533ab800650702,1252744,,,,,,,,,,,,,,,,,,,,,,,,,,,,,,,,,,,,,,,,,,,,,,,,,,,,,,,,,,,,,TN,TN
autoland,4060512,13,77a9707257b88d3b15060667769a2def98a71cff,windows10-64-shippable-qr,True,False,,|c|o|l|d| |f|i|s|s|i|o|n| |i|n|t|e|r|a|c|t|i|v|e| |w|e|b|r|e|n|d|e|r|,102210fe594ee9b33d82058545b1ed14f4c8206e,LastVisualChange,reddit-billgates-post-1.posts,True,reddit-billgates-post-1.posts LastVisualChange opt cold fission webrender,,77,ms,firefox,,1708673534,2023-06-06 19:51:23,538.5,6991272868dae0dac6e7f1fa3a533ab800650702,1252744,,,,,,,,,,,,,,,,,,,,,,,,,,,,,,,,,,,,,,,,,,,,,,,,,,,,,,,,,,,,,TN,TN
autoland,4060512,13,77a9707257b88d3b15060667769a2def98a71cff,windows10-64-shippable-qr,True,False,,|c|o|l|d| |f|i|s|s|i|o|n| |i|n|t|e|r|a|c|t|i|v|e| |w|e|b|r|e|n|d|e|r|,102210fe594ee9b33d82058545b1ed14f4c8206e,LastVisualChange,reddit-billgates-post-1.posts,True,reddit-billgates-post-1.posts LastVisualChange opt cold fission webrender,,77,ms,firefox,,1708673218,2023-06-06 19:51:23,542.2,6991272868dae0dac6e7f1fa3a533ab800650702,1252744,,,,,,,,,,,,,,,,,,,,,,,,,,,,,,,,,,,,,,,,,,,,,,,,,,,,,,,,,,,,,TN,TN
autoland,4060512,13,77a9707257b88d3b15060667769a2def98a71cff,windows10-64-shippable-qr,True,False,,|c|o|l|d| |f|i|s|s|i|o|n| |i|n|t|e|r|a|c|t|i|v|e| |w|e|b|r|e|n|d|e|r|,102210fe594ee9b33d82058545b1ed14f4c8206e,LastVisualChange,reddit-billgates-post-1.posts,True,reddit-billgates-post-1.posts LastVisualChange opt cold fission webrender,,77,ms,firefox,,1708671467,2023-06-06 19:52:14,522.4,fea64abafa8553e7f172ba50facb63e5e94794b6,1252745,,,,,,,,,,,,,,,,,,,,,,,,,,,,,,,,,,,,,,,,,,,,,,,,,,,,,,,,,,,,,TN,TN
autoland,4060512,13,77a9707257b88d3b15060667769a2def98a71cff,windows10-64-shippable-qr,True,False,,|c|o|l|d| |f|i|s|s|i|o|n| |i|n|t|e|r|a|c|t|i|v|e| |w|e|b|r|e|n|d|e|r|,102210fe594ee9b33d82058545b1ed14f4c8206e,LastVisualChange,reddit-billgates-post-1.posts,True,reddit-billgates-post-1.posts LastVisualChange opt cold fission webrender,,77,ms,firefox,,1708671524,2023-06-06 19:52:14,532.7,fea64abafa8553e7f172ba50facb63e5e94794b6,1252745,,,,,,,,,,,,,,,,,,,,,,,,,,,,,,,,,,,,,,,,,,,,,,,,,,,,,,,,,,,,,TN,TN
autoland,4060512,13,77a9707257b88d3b15060667769a2def98a71cff,windows10-64-shippable-qr,True,False,,|c|o|l|d| |f|i|s|s|i|o|n| |i|n|t|e|r|a|c|t|i|v|e| |w|e|b|r|e|n|d|e|r|,102210fe594ee9b33d82058545b1ed14f4c8206e,LastVisualChange,reddit-billgates-post-1.posts,True,reddit-billgates-post-1.posts LastVisualChange opt cold fission webrender,,77,ms,firefox,,1708671588,2023-06-06 19:52:14,494.7,fea64abafa8553e7f172ba50facb63e5e94794b6,1252745,,,,,,,,,,,,,,,,,,,,,,,,,,,,,,,,,,,,,,,,,,,,,,,,,,,,,,,,,,,,,TN,TN
autoland,4060512,13,77a9707257b88d3b15060667769a2def98a71cff,windows10-64-shippable-qr,True,False,,|c|o|l|d| |f|i|s|s|i|o|n| |i|n|t|e|r|a|c|t|i|v|e| |w|e|b|r|e|n|d|e|r|,102210fe594ee9b33d82058545b1ed14f4c8206e,LastVisualChange,reddit-billgates-post-1.posts,True,reddit-billgates-post-1.posts LastVisualChange opt cold fission webrender,,77,ms,firefox,,1708671436,2023-06-06 19:52:14,522.3,fea64abafa8553e7f172ba50facb63e5e94794b6,1252745,,,,,,,,,,,,,,,,,,,,,,,,,,,,,,,,,,,,,,,,,,,,,,,,,,,,,,,,,,,,,TN,TN
autoland,4060512,13,77a9707257b88d3b15060667769a2def98a71cff,windows10-64-shippable-qr,True,False,,|c|o|l|d| |f|i|s|s|i|o|n| |i|n|t|e|r|a|c|t|i|v|e| |w|e|b|r|e|n|d|e|r|,102210fe594ee9b33d82058545b1ed14f4c8206e,LastVisualChange,reddit-billgates-post-1.posts,True,reddit-billgates-post-1.posts LastVisualChange opt cold fission webrender,,77,ms,firefox,,1708671589,2023-06-06 19:52:14,525.8,fea64abafa8553e7f172ba50facb63e5e94794b6,1252745,,,,,,,,,,,,,,,,,,,,,,,,,,,,,,,,,,,,,,,,,,,,,,,,,,,,,,,,,,,,,TN,TN
autoland,4060512,13,77a9707257b88d3b15060667769a2def98a71cff,windows10-64-shippable-qr,True,False,,|c|o|l|d| |f|i|s|s|i|o|n| |i|n|t|e|r|a|c|t|i|v|e| |w|e|b|r|e|n|d|e|r|,102210fe594ee9b33d82058545b1ed14f4c8206e,LastVisualChange,reddit-billgates-post-1.posts,True,reddit-billgates-post-1.posts LastVisualChange opt cold fission webrender,,77,ms,firefox,,1708671730,2023-06-06 20:04:38,518.5,9b04e12f5edd9f428f3c9bd0d6b4b9a99cdc646e,1252750,,,,,,,,,,,,,,,,,,,,,,,,,,,,,,,,,,,,,,,,,,,,,,,,,,,,,,,,,,,,,TN,TN
autoland,4060512,13,77a9707257b88d3b15060667769a2def98a71cff,windows10-64-shippable-qr,True,False,,|c|o|l|d| |f|i|s|s|i|o|n| |i|n|t|e|r|a|c|t|i|v|e| |w|e|b|r|e|n|d|e|r|,102210fe594ee9b33d82058545b1ed14f4c8206e,LastVisualChange,reddit-billgates-post-1.posts,True,reddit-billgates-post-1.posts LastVisualChange opt cold fission webrender,,77,ms,firefox,,1708671833,2023-06-06 20:04:38,532.0,9b04e12f5edd9f428f3c9bd0d6b4b9a99cdc646e,1252750,,,,,,,,,,,,,,,,,,,,,,,,,,,,,,,,,,,,,,,,,,,,,,,,,,,,,,,,,,,,,TN,TN
autoland,4060512,13,77a9707257b88d3b15060667769a2def98a71cff,windows10-64-shippable-qr,True,False,,|c|o|l|d| |f|i|s|s|i|o|n| |i|n|t|e|r|a|c|t|i|v|e| |w|e|b|r|e|n|d|e|r|,102210fe594ee9b33d82058545b1ed14f4c8206e,LastVisualChange,reddit-billgates-post-1.posts,True,reddit-billgates-post-1.posts LastVisualChange opt cold fission webrender,,77,ms,firefox,,1708671232,2023-06-06 20:04:38,498.9,9b04e12f5edd9f428f3c9bd0d6b4b9a99cdc646e,1252750,,,,,,,,,,,,,,,,,,,,,,,,,,,,,,,,,,,,,,,,,,,,,,,,,,,,,,,,,,,,,TN,TN
autoland,4060512,13,77a9707257b88d3b15060667769a2def98a71cff,windows10-64-shippable-qr,True,False,,|c|o|l|d| |f|i|s|s|i|o|n| |i|n|t|e|r|a|c|t|i|v|e| |w|e|b|r|e|n|d|e|r|,102210fe594ee9b33d82058545b1ed14f4c8206e,LastVisualChange,reddit-billgates-post-1.posts,True,reddit-billgates-post-1.posts LastVisualChange opt cold fission webrender,,77,ms,firefox,,1708671649,2023-06-06 20:04:38,531.0,9b04e12f5edd9f428f3c9bd0d6b4b9a99cdc646e,1252750,,,,,,,,,,,,,,,,,,,,,,,,,,,,,,,,,,,,,,,,,,,,,,,,,,,,,,,,,,,,,TN,TN
autoland,4060512,13,77a9707257b88d3b15060667769a2def98a71cff,windows10-64-shippable-qr,True,False,,|c|o|l|d| |f|i|s|s|i|o|n| |i|n|t|e|r|a|c|t|i|v|e| |w|e|b|r|e|n|d|e|r|,102210fe594ee9b33d82058545b1ed14f4c8206e,LastVisualChange,reddit-billgates-post-1.posts,True,reddit-billgates-post-1.posts LastVisualChange opt cold fission webrender,,77,ms,firefox,,1708673741,2023-06-06 20:04:38,518.0,9b04e12f5edd9f428f3c9bd0d6b4b9a99cdc646e,1252750,,,,,,,,,,,,,,,,,,,,,,,,,,,,,,,,,,,,,,,,,,,,,,,,,,,,,,,,,,,,,TN,TN
autoland,4060512,13,77a9707257b88d3b15060667769a2def98a71cff,windows10-64-shippable-qr,True,False,,|c|o|l|d| |f|i|s|s|i|o|n| |i|n|t|e|r|a|c|t|i|v|e| |w|e|b|r|e|n|d|e|r|,102210fe594ee9b33d82058545b1ed14f4c8206e,LastVisualChange,reddit-billgates-post-1.posts,True,reddit-billgates-post-1.posts LastVisualChange opt cold fission webrender,,77,ms,firefox,,1708672941,2023-06-06 20:09:50,535.3,dcb5003e4c19499987905a781d2aea61d6ed2384,1252751,,,,,,,,,,,,,,,,,,,,,,,,,,,,,,,,,,,,,,,,,,,,,,,,,,,,,,,,,,,,,TN,TN
autoland,4060512,13,77a9707257b88d3b15060667769a2def98a71cff,windows10-64-shippable-qr,True,False,,|c|o|l|d| |f|i|s|s|i|o|n| |i|n|t|e|r|a|c|t|i|v|e| |w|e|b|r|e|n|d|e|r|,102210fe594ee9b33d82058545b1ed14f4c8206e,LastVisualChange,reddit-billgates-post-1.posts,True,reddit-billgates-post-1.posts LastVisualChange opt cold fission webrender,,77,ms,firefox,,1708672973,2023-06-06 20:09:50,569.8,dcb5003e4c19499987905a781d2aea61d6ed2384,1252751,,,,,,,,,,,,,,,,,,,,,,,,,,,,,,,,,,,,,,,,,,,,,,,,,,,,,,,,,,,,,TN,TN
autoland,4060512,13,77a9707257b88d3b15060667769a2def98a71cff,windows10-64-shippable-qr,True,False,,|c|o|l|d| |f|i|s|s|i|o|n| |i|n|t|e|r|a|c|t|i|v|e| |w|e|b|r|e|n|d|e|r|,102210fe594ee9b33d82058545b1ed14f4c8206e,LastVisualChange,reddit-billgates-post-1.posts,True,reddit-billgates-post-1.posts LastVisualChange opt cold fission webrender,,77,ms,firefox,,1708673018,2023-06-06 20:09:50,511.8,dcb5003e4c19499987905a781d2aea61d6ed2384,1252751,,,,,,,,,,,,,,,,,,,,,,,,,,,,,,,,,,,,,,,,,,,,,,,,,,,,,,,,,,,,,TN,TN
autoland,4060512,13,77a9707257b88d3b15060667769a2def98a71cff,windows10-64-shippable-qr,True,False,,|c|o|l|d| |f|i|s|s|i|o|n| |i|n|t|e|r|a|c|t|i|v|e| |w|e|b|r|e|n|d|e|r|,102210fe594ee9b33d82058545b1ed14f4c8206e,LastVisualChange,reddit-billgates-post-1.posts,True,reddit-billgates-post-1.posts LastVisualChange opt cold fission webrender,,77,ms,firefox,,1708674877,2023-06-06 20:09:50,542.0,dcb5003e4c19499987905a781d2aea61d6ed2384,1252751,,,,,,,,,,,,,,,,,,,,,,,,,,,,,,,,,,,,,,,,,,,,,,,,,,,,,,,,,,,,,TN,TN
autoland,4060512,13,77a9707257b88d3b15060667769a2def98a71cff,windows10-64-shippable-qr,True,False,,|c|o|l|d| |f|i|s|s|i|o|n| |i|n|t|e|r|a|c|t|i|v|e| |w|e|b|r|e|n|d|e|r|,102210fe594ee9b33d82058545b1ed14f4c8206e,LastVisualChange,reddit-billgates-post-1.posts,True,reddit-billgates-post-1.posts LastVisualChange opt cold fission webrender,,77,ms,firefox,,1708675155,2023-06-06 20:09:50,518.6,dcb5003e4c19499987905a781d2aea61d6ed2384,1252751,,,,,,,,,,,,,,,,,,,,,,,,,,,,,,,,,,,,,,,,,,,,,,,,,,,,,,,,,,,,,TN,TN
autoland,4060512,13,77a9707257b88d3b15060667769a2def98a71cff,windows10-64-shippable-qr,True,False,,|c|o|l|d| |f|i|s|s|i|o|n| |i|n|t|e|r|a|c|t|i|v|e| |w|e|b|r|e|n|d|e|r|,102210fe594ee9b33d82058545b1ed14f4c8206e,LastVisualChange,reddit-billgates-post-1.posts,True,reddit-billgates-post-1.posts LastVisualChange opt cold fission webrender,,77,ms,firefox,,1708674494,2023-06-06 20:10:40,538.9,5012bd13e1d5b7e81221325eb2d22cc81692fd35,1252752,,,,,,,,,,,,,,,,,,,,,,,,,,,,,,,,,,,,,,,,,,,,,,,,,,,,,,,,,,,,,TN,TN
autoland,4060512,13,77a9707257b88d3b15060667769a2def98a71cff,windows10-64-shippable-qr,True,False,,|c|o|l|d| |f|i|s|s|i|o|n| |i|n|t|e|r|a|c|t|i|v|e| |w|e|b|r|e|n|d|e|r|,102210fe594ee9b33d82058545b1ed14f4c8206e,LastVisualChange,reddit-billgates-post-1.posts,True,reddit-billgates-post-1.posts LastVisualChange opt cold fission webrender,,77,ms,firefox,,1708674664,2023-06-06 20:10:40,524.5,5012bd13e1d5b7e81221325eb2d22cc81692fd35,1252752,,,,,,,,,,,,,,,,,,,,,,,,,,,,,,,,,,,,,,,,,,,,,,,,,,,,,,,,,,,,,TN,TN
autoland,4060512,13,77a9707257b88d3b15060667769a2def98a71cff,windows10-64-shippable-qr,True,False,,|c|o|l|d| |f|i|s|s|i|o|n| |i|n|t|e|r|a|c|t|i|v|e| |w|e|b|r|e|n|d|e|r|,102210fe594ee9b33d82058545b1ed14f4c8206e,LastVisualChange,reddit-billgates-post-1.posts,True,reddit-billgates-post-1.posts LastVisualChange opt cold fission webrender,,77,ms,firefox,,1708674296,2023-06-06 20:10:40,581.4,5012bd13e1d5b7e81221325eb2d22cc81692fd35,1252752,,,,,,,,,,,,,,,,,,,,,,,,,,,,,,,,,,,,,,,,,,,,,,,,,,,,,,,,,,,,,TN,TN
autoland,4060512,13,77a9707257b88d3b15060667769a2def98a71cff,windows10-64-shippable-qr,True,False,,|c|o|l|d| |f|i|s|s|i|o|n| |i|n|t|e|r|a|c|t|i|v|e| |w|e|b|r|e|n|d|e|r|,102210fe594ee9b33d82058545b1ed14f4c8206e,LastVisualChange,reddit-billgates-post-1.posts,True,reddit-billgates-post-1.posts LastVisualChange opt cold fission webrender,,77,ms,firefox,,1708674303,2023-06-06 20:10:40,532.5,5012bd13e1d5b7e81221325eb2d22cc81692fd35,1252752,,,,,,,,,,,,,,,,,,,,,,,,,,,,,,,,,,,,,,,,,,,,,,,,,,,,,,,,,,,,,TN,TN
autoland,4060512,13,77a9707257b88d3b15060667769a2def98a71cff,windows10-64-shippable-qr,True,False,,|c|o|l|d| |f|i|s|s|i|o|n| |i|n|t|e|r|a|c|t|i|v|e| |w|e|b|r|e|n|d|e|r|,102210fe594ee9b33d82058545b1ed14f4c8206e,LastVisualChange,reddit-billgates-post-1.posts,True,reddit-billgates-post-1.posts LastVisualChange opt cold fission webrender,,77,ms,firefox,,1708673890,2023-06-06 20:10:40,518.9,5012bd13e1d5b7e81221325eb2d22cc81692fd35,1252752,,,,,,,,,,,,,,,,,,,,,,,,,,,,,,,,,,,,,,,,,,,,,,,,,,,,,,,,,,,,,TN,TN
autoland,4060512,13,77a9707257b88d3b15060667769a2def98a71cff,windows10-64-shippable-qr,True,False,,|c|o|l|d| |f|i|s|s|i|o|n| |i|n|t|e|r|a|c|t|i|v|e| |w|e|b|r|e|n|d|e|r|,102210fe594ee9b33d82058545b1ed14f4c8206e,LastVisualChange,reddit-billgates-post-1.posts,True,reddit-billgates-post-1.posts LastVisualChange opt cold fission webrender,,77,ms,firefox,,1708674948,2023-06-06 20:11:31,528.2,7e8729e74a855f7ef7a580d10fa8c91830dab1d3,1252753,,,,,,,,,,,,,,,,,,,,,,,,,,,,,,,,,,,,,,,,,,,,,,,,,,,,,,,,,,,,,TN,TN
autoland,4060512,13,77a9707257b88d3b15060667769a2def98a71cff,windows10-64-shippable-qr,True,False,,|c|o|l|d| |f|i|s|s|i|o|n| |i|n|t|e|r|a|c|t|i|v|e| |w|e|b|r|e|n|d|e|r|,102210fe594ee9b33d82058545b1ed14f4c8206e,LastVisualChange,reddit-billgates-post-1.posts,True,reddit-billgates-post-1.posts LastVisualChange opt cold fission webrender,,77,ms,firefox,,1708674185,2023-06-06 20:11:31,498.8,7e8729e74a855f7ef7a580d10fa8c91830dab1d3,1252753,,,,,,,,,,,,,,,,,,,,,,,,,,,,,,,,,,,,,,,,,,,,,,,,,,,,,,,,,,,,,TN,TN
autoland,4060512,13,77a9707257b88d3b15060667769a2def98a71cff,windows10-64-shippable-qr,True,False,,|c|o|l|d| |f|i|s|s|i|o|n| |i|n|t|e|r|a|c|t|i|v|e| |w|e|b|r|e|n|d|e|r|,102210fe594ee9b33d82058545b1ed14f4c8206e,LastVisualChange,reddit-billgates-post-1.posts,True,reddit-billgates-post-1.posts LastVisualChange opt cold fission webrender,,77,ms,firefox,,1708675231,2023-06-06 20:11:31,513.9,7e8729e74a855f7ef7a580d10fa8c91830dab1d3,1252753,,,,,,,,,,,,,,,,,,,,,,,,,,,,,,,,,,,,,,,,,,,,,,,,,,,,,,,,,,,,,TN,TN
autoland,4060512,13,77a9707257b88d3b15060667769a2def98a71cff,windows10-64-shippable-qr,True,False,,|c|o|l|d| |f|i|s|s|i|o|n| |i|n|t|e|r|a|c|t|i|v|e| |w|e|b|r|e|n|d|e|r|,102210fe594ee9b33d82058545b1ed14f4c8206e,LastVisualChange,reddit-billgates-post-1.posts,True,reddit-billgates-post-1.posts LastVisualChange opt cold fission webrender,,77,ms,firefox,,1708675317,2023-06-06 20:11:31,522.6,7e8729e74a855f7ef7a580d10fa8c91830dab1d3,1252753,,,,,,,,,,,,,,,,,,,,,,,,,,,,,,,,,,,,,,,,,,,,,,,,,,,,,,,,,,,,,TN,TN
autoland,4060512,13,77a9707257b88d3b15060667769a2def98a71cff,windows10-64-shippable-qr,True,False,,|c|o|l|d| |f|i|s|s|i|o|n| |i|n|t|e|r|a|c|t|i|v|e| |w|e|b|r|e|n|d|e|r|,102210fe594ee9b33d82058545b1ed14f4c8206e,LastVisualChange,reddit-billgates-post-1.posts,True,reddit-billgates-post-1.posts LastVisualChange opt cold fission webrender,,77,ms,firefox,,1708675376,2023-06-06 20:11:31,532.2,7e8729e74a855f7ef7a580d10fa8c91830dab1d3,1252753,,,,,,,,,,,,,,,,,,,,,,,,,,,,,,,,,,,,,,,,,,,,,,,,,,,,,,,,,,,,,TN,TN
autoland,4060512,13,77a9707257b88d3b15060667769a2def98a71cff,windows10-64-shippable-qr,True,False,,|c|o|l|d| |f|i|s|s|i|o|n| |i|n|t|e|r|a|c|t|i|v|e| |w|e|b|r|e|n|d|e|r|,102210fe594ee9b33d82058545b1ed14f4c8206e,LastVisualChange,reddit-billgates-post-1.posts,True,reddit-billgates-post-1.posts LastVisualChange opt cold fission webrender,,77,ms,firefox,,1708670702,2023-06-06 20:12:22,537.6,6b676f33911943e973af4a60e0e81ea135d7fba6,1252754,,,,,,,,,,,,,,,,,,,,,,,,,,,,,,,,,,,,,,,,,,,,,,,,,,,,,,,,,,,,,TN,TN
autoland,4060512,13,77a9707257b88d3b15060667769a2def98a71cff,windows10-64-shippable-qr,True,False,,|c|o|l|d| |f|i|s|s|i|o|n| |i|n|t|e|r|a|c|t|i|v|e| |w|e|b|r|e|n|d|e|r|,102210fe594ee9b33d82058545b1ed14f4c8206e,LastVisualChange,reddit-billgates-post-1.posts,True,reddit-billgates-post-1.posts LastVisualChange opt cold fission webrender,,77,ms,firefox,,1708671026,2023-06-06 20:12:22,525.7,6b676f33911943e973af4a60e0e81ea135d7fba6,1252754,,,,,,,,,,,,,,,,,,,,,,,,,,,,,,,,,,,,,,,,,,,,,,,,,,,,,,,,,,,,,TN,TN
autoland,4060512,13,77a9707257b88d3b15060667769a2def98a71cff,windows10-64-shippable-qr,True,False,,|c|o|l|d| |f|i|s|s|i|o|n| |i|n|t|e|r|a|c|t|i|v|e| |w|e|b|r|e|n|d|e|r|,102210fe594ee9b33d82058545b1ed14f4c8206e,LastVisualChange,reddit-billgates-post-1.posts,True,reddit-billgates-post-1.posts LastVisualChange opt cold fission webrender,,77,ms,firefox,,1708671138,2023-06-06 20:12:22,541.9,6b676f33911943e973af4a60e0e81ea135d7fba6,1252754,,,,,,,,,,,,,,,,,,,,,,,,,,,,,,,,,,,,,,,,,,,,,,,,,,,,,,,,,,,,,TN,TN
autoland,4060512,13,77a9707257b88d3b15060667769a2def98a71cff,windows10-64-shippable-qr,True,False,,|c|o|l|d| |f|i|s|s|i|o|n| |i|n|t|e|r|a|c|t|i|v|e| |w|e|b|r|e|n|d|e|r|,102210fe594ee9b33d82058545b1ed14f4c8206e,LastVisualChange,reddit-billgates-post-1.posts,True,reddit-billgates-post-1.posts LastVisualChange opt cold fission webrender,,77,ms,firefox,,1708671307,2023-06-06 20:12:22,531.6,6b676f33911943e973af4a60e0e81ea135d7fba6,1252754,,,,,,,,,,,,,,,,,,,,,,,,,,,,,,,,,,,,,,,,,,,,,,,,,,,,,,,,,,,,,TN,TN
autoland,4060512,13,77a9707257b88d3b15060667769a2def98a71cff,windows10-64-shippable-qr,True,False,,|c|o|l|d| |f|i|s|s|i|o|n| |i|n|t|e|r|a|c|t|i|v|e| |w|e|b|r|e|n|d|e|r|,102210fe594ee9b33d82058545b1ed14f4c8206e,LastVisualChange,reddit-billgates-post-1.posts,True,reddit-billgates-post-1.posts LastVisualChange opt cold fission webrender,,77,ms,firefox,,1708672855,2023-06-06 20:12:22,536.0,6b676f33911943e973af4a60e0e81ea135d7fba6,1252754,,,,,,,,,,,,,,,,,,,,,,,,,,,,,,,,,,,,,,,,,,,,,,,,,,,,,,,,,,,,,TN,TN
autoland,4060512,13,77a9707257b88d3b15060667769a2def98a71cff,windows10-64-shippable-qr,True,False,,|c|o|l|d| |f|i|s|s|i|o|n| |i|n|t|e|r|a|c|t|i|v|e| |w|e|b|r|e|n|d|e|r|,102210fe594ee9b33d82058545b1ed14f4c8206e,LastVisualChange,reddit-billgates-post-1.posts,True,reddit-billgates-post-1.posts LastVisualChange opt cold fission webrender,,77,ms,firefox,,1708672594,2023-06-06 20:13:14,512.1,cc717d67ba930e3a9bc0622525889ffd02052a62,1252755,,,,,,,,,,,,,,,,,,,,,,,,,,,,,,,,,,,,,,,,,,,,,,,,,,,,,,,,,,,,,TN,TN
autoland,4060512,13,77a9707257b88d3b15060667769a2def98a71cff,windows10-64-shippable-qr,True,False,,|c|o|l|d| |f|i|s|s|i|o|n| |i|n|t|e|r|a|c|t|i|v|e| |w|e|b|r|e|n|d|e|r|,102210fe594ee9b33d82058545b1ed14f4c8206e,LastVisualChange,reddit-billgates-post-1.posts,True,reddit-billgates-post-1.posts LastVisualChange opt cold fission webrender,,77,ms,firefox,,1708672562,2023-06-06 20:13:14,539.2,cc717d67ba930e3a9bc0622525889ffd02052a62,1252755,,,,,,,,,,,,,,,,,,,,,,,,,,,,,,,,,,,,,,,,,,,,,,,,,,,,,,,,,,,,,TN,TN
autoland,4060512,13,77a9707257b88d3b15060667769a2def98a71cff,windows10-64-shippable-qr,True,False,,|c|o|l|d| |f|i|s|s|i|o|n| |i|n|t|e|r|a|c|t|i|v|e| |w|e|b|r|e|n|d|e|r|,102210fe594ee9b33d82058545b1ed14f4c8206e,LastVisualChange,reddit-billgates-post-1.posts,True,reddit-billgates-post-1.posts LastVisualChange opt cold fission webrender,,77,ms,firefox,,1708672717,2023-06-06 20:13:14,522.0,cc717d67ba930e3a9bc0622525889ffd02052a62,1252755,,,,,,,,,,,,,,,,,,,,,,,,,,,,,,,,,,,,,,,,,,,,,,,,,,,,,,,,,,,,,TN,TN
autoland,4060512,13,77a9707257b88d3b15060667769a2def98a71cff,windows10-64-shippable-qr,True,False,,|c|o|l|d| |f|i|s|s|i|o|n| |i|n|t|e|r|a|c|t|i|v|e| |w|e|b|r|e|n|d|e|r|,102210fe594ee9b33d82058545b1ed14f4c8206e,LastVisualChange,reddit-billgates-post-1.posts,True,reddit-billgates-post-1.posts LastVisualChange opt cold fission webrender,,77,ms,firefox,,1708672777,2023-06-06 20:13:14,525.8,cc717d67ba930e3a9bc0622525889ffd02052a62,1252755,,,,,,,,,,,,,,,,,,,,,,,,,,,,,,,,,,,,,,,,,,,,,,,,,,,,,,,,,,,,,TN,TN
autoland,4060512,13,77a9707257b88d3b15060667769a2def98a71cff,windows10-64-shippable-qr,True,False,,|c|o|l|d| |f|i|s|s|i|o|n| |i|n|t|e|r|a|c|t|i|v|e| |w|e|b|r|e|n|d|e|r|,102210fe594ee9b33d82058545b1ed14f4c8206e,LastVisualChange,reddit-billgates-post-1.posts,True,reddit-billgates-post-1.posts LastVisualChange opt cold fission webrender,,77,ms,firefox,,1708672797,2023-06-06 20:13:14,525.8,cc717d67ba930e3a9bc0622525889ffd02052a62,1252755,,,,,,,,,,,,,,,,,,,,,,,,,,,,,,,,,,,,,,,,,,,,,,,,,,,,,,,,,,,,,TN,TN
autoland,4060512,13,77a9707257b88d3b15060667769a2def98a71cff,windows10-64-shippable-qr,True,False,,|c|o|l|d| |f|i|s|s|i|o|n| |i|n|t|e|r|a|c|t|i|v|e| |w|e|b|r|e|n|d|e|r|,102210fe594ee9b33d82058545b1ed14f4c8206e,LastVisualChange,reddit-billgates-post-1.posts,True,reddit-billgates-post-1.posts LastVisualChange opt cold fission webrender,,77,ms,firefox,,1708664538,2023-06-06 20:14:06,518.4,c4cbe98d2837f0a0212af8c3b45bb1495edd42c6,1252756,,,,,,,,,,,,,,,,,,,,,,,,,,,,,,,,,,,,,,,,,,,,,,,,,,,,,,,,,,,,,TN,TN
autoland,4060512,13,77a9707257b88d3b15060667769a2def98a71cff,windows10-64-shippable-qr,True,False,,|c|o|l|d| |f|i|s|s|i|o|n| |i|n|t|e|r|a|c|t|i|v|e| |w|e|b|r|e|n|d|e|r|,102210fe594ee9b33d82058545b1ed14f4c8206e,LastVisualChange,reddit-billgates-post-1.posts,True,reddit-billgates-post-1.posts LastVisualChange opt cold fission webrender,,77,ms,firefox,,1708665783,2023-06-06 20:14:06,531.4,c4cbe98d2837f0a0212af8c3b45bb1495edd42c6,1252756,,,,,,,,,,,,,,,,,,,,,,,,,,,,,,,,,,,,,,,,,,,,,,,,,,,,,,,,,,,,,TN,TN
autoland,4060512,13,77a9707257b88d3b15060667769a2def98a71cff,windows10-64-shippable-qr,True,False,,|c|o|l|d| |f|i|s|s|i|o|n| |i|n|t|e|r|a|c|t|i|v|e| |w|e|b|r|e|n|d|e|r|,102210fe594ee9b33d82058545b1ed14f4c8206e,LastVisualChange,reddit-billgates-post-1.posts,True,reddit-billgates-post-1.posts LastVisualChange opt cold fission webrender,,77,ms,firefox,,1708665939,2023-06-06 20:14:06,542.3,c4cbe98d2837f0a0212af8c3b45bb1495edd42c6,1252756,,,,,,,,,,,,,,,,,,,,,,,,,,,,,,,,,,,,,,,,,,,,,,,,,,,,,,,,,,,,,TN,TN
autoland,4060512,13,77a9707257b88d3b15060667769a2def98a71cff,windows10-64-shippable-qr,True,False,,|c|o|l|d| |f|i|s|s|i|o|n| |i|n|t|e|r|a|c|t|i|v|e| |w|e|b|r|e|n|d|e|r|,102210fe594ee9b33d82058545b1ed14f4c8206e,LastVisualChange,reddit-billgates-post-1.posts,True,reddit-billgates-post-1.posts LastVisualChange opt cold fission webrender,,77,ms,firefox,,1708665752,2023-06-06 20:14:06,522.7,c4cbe98d2837f0a0212af8c3b45bb1495edd42c6,1252756,,,,,,,,,,,,,,,,,,,,,,,,,,,,,,,,,,,,,,,,,,,,,,,,,,,,,,,,,,,,,TN,TN
autoland,4060512,13,77a9707257b88d3b15060667769a2def98a71cff,windows10-64-shippable-qr,True,False,,|c|o|l|d| |f|i|s|s|i|o|n| |i|n|t|e|r|a|c|t|i|v|e| |w|e|b|r|e|n|d|e|r|,102210fe594ee9b33d82058545b1ed14f4c8206e,LastVisualChange,reddit-billgates-post-1.posts,True,reddit-billgates-post-1.posts LastVisualChange opt cold fission webrender,,77,ms,firefox,,1708665880,2023-06-06 20:14:06,525.4,c4cbe98d2837f0a0212af8c3b45bb1495edd42c6,1252756,,,,,,,,,,,,,,,,,,,,,,,,,,,,,,,,,,,,,,,,,,,,,,,,,,,,,,,,,,,,,TN,TN
autoland,4060512,13,77a9707257b88d3b15060667769a2def98a71cff,windows10-64-shippable-qr,True,False,,|c|o|l|d| |f|i|s|s|i|o|n| |i|n|t|e|r|a|c|t|i|v|e| |w|e|b|r|e|n|d|e|r|,102210fe594ee9b33d82058545b1ed14f4c8206e,LastVisualChange,reddit-billgates-post-1.posts,True,reddit-billgates-post-1.posts LastVisualChange opt cold fission webrender,,77,ms,firefox,,1708027355,2023-06-06 20:14:55,548.4,e48e828cf2aa320e633cfbd2b2d9f5c65ec57c80,1252758,,,,,,,,,,,,,,,,,,,,,,,,,,,,,,,,,,,,,,,,,,,,,,,,,,,,,,,,,,,,,TN,TN
autoland,4060512,13,77a9707257b88d3b15060667769a2def98a71cff,windows10-64-shippable-qr,True,False,,|c|o|l|d| |f|i|s|s|i|o|n| |i|n|t|e|r|a|c|t|i|v|e| |w|e|b|r|e|n|d|e|r|,102210fe594ee9b33d82058545b1ed14f4c8206e,LastVisualChange,reddit-billgates-post-1.posts,True,reddit-billgates-post-1.posts LastVisualChange opt cold fission webrender,,77,ms,firefox,,1708643321,2023-06-06 20:14:55,553.7,e48e828cf2aa320e633cfbd2b2d9f5c65ec57c80,1252758,,,,,,,,,,,,,,,,,,,,,,,,,,,,,,,,,,,,,,,,,,,,,,,,,,,,,,,,,,,,,TN,TN
autoland,4060512,13,77a9707257b88d3b15060667769a2def98a71cff,windows10-64-shippable-qr,True,False,,|c|o|l|d| |f|i|s|s|i|o|n| |i|n|t|e|r|a|c|t|i|v|e| |w|e|b|r|e|n|d|e|r|,102210fe594ee9b33d82058545b1ed14f4c8206e,LastVisualChange,reddit-billgates-post-1.posts,True,reddit-billgates-post-1.posts LastVisualChange opt cold fission webrender,,77,ms,firefox,,1708644056,2023-06-06 20:14:55,515.3,e48e828cf2aa320e633cfbd2b2d9f5c65ec57c80,1252758,,,,,,,,,,,,,,,,,,,,,,,,,,,,,,,,,,,,,,,,,,,,,,,,,,,,,,,,,,,,,TN,TN
autoland,4060512,13,77a9707257b88d3b15060667769a2def98a71cff,windows10-64-shippable-qr,True,False,,|c|o|l|d| |f|i|s|s|i|o|n| |i|n|t|e|r|a|c|t|i|v|e| |w|e|b|r|e|n|d|e|r|,102210fe594ee9b33d82058545b1ed14f4c8206e,LastVisualChange,reddit-billgates-post-1.posts,True,reddit-billgates-post-1.posts LastVisualChange opt cold fission webrender,,77,ms,firefox,,1708645073,2023-06-06 20:14:55,545.1,e48e828cf2aa320e633cfbd2b2d9f5c65ec57c80,1252758,,,,,,,,,,,,,,,,,,,,,,,,,,,,,,,,,,,,,,,,,,,,,,,,,,,,,,,,,,,,,TN,TN
autoland,4060512,13,77a9707257b88d3b15060667769a2def98a71cff,windows10-64-shippable-qr,True,False,,|c|o|l|d| |f|i|s|s|i|o|n| |i|n|t|e|r|a|c|t|i|v|e| |w|e|b|r|e|n|d|e|r|,102210fe594ee9b33d82058545b1ed14f4c8206e,LastVisualChange,reddit-billgates-post-1.posts,True,reddit-billgates-post-1.posts LastVisualChange opt cold fission webrender,,77,ms,firefox,,1708644582,2023-06-06 20:14:55,548.3,e48e828cf2aa320e633cfbd2b2d9f5c65ec57c80,1252758,,,,,,,,,,,,,,,,,,,,,,,,,,,,,,,,,,,,,,,,,,,,,,,,,,,,,,,,,,,,,TN,TN
autoland,4060512,13,77a9707257b88d3b15060667769a2def98a71cff,windows10-64-shippable-qr,True,False,,|c|o|l|d| |f|i|s|s|i|o|n| |i|n|t|e|r|a|c|t|i|v|e| |w|e|b|r|e|n|d|e|r|,102210fe594ee9b33d82058545b1ed14f4c8206e,LastVisualChange,reddit-billgates-post-1.posts,True,reddit-billgates-post-1.posts LastVisualChange opt cold fission webrender,,77,ms,firefox,,1708036252,2023-06-06 20:50:56,570.4,95375ea5e463ff5af29efe6ba3714445eef0b369,1252775,,,,,,,,,,,,,,,,,,,,,,,,,,,,,,,,,,,,,,,,,,,,,,,,,,,,,,,,,,,,,TN,TN
autoland,4060512,13,77a9707257b88d3b15060667769a2def98a71cff,windows10-64-shippable-qr,True,False,,|c|o|l|d| |f|i|s|s|i|o|n| |i|n|t|e|r|a|c|t|i|v|e| |w|e|b|r|e|n|d|e|r|,102210fe594ee9b33d82058545b1ed14f4c8206e,LastVisualChange,reddit-billgates-post-1.posts,True,reddit-billgates-post-1.posts LastVisualChange opt cold fission webrender,,77,ms,firefox,,1708645240,2023-06-06 20:50:56,518.5,95375ea5e463ff5af29efe6ba3714445eef0b369,1252775,,,,,,,,,,,,,,,,,,,,,,,,,,,,,,,,,,,,,,,,,,,,,,,,,,,,,,,,,,,,,TN,TN
autoland,4060512,13,77a9707257b88d3b15060667769a2def98a71cff,windows10-64-shippable-qr,True,False,,|c|o|l|d| |f|i|s|s|i|o|n| |i|n|t|e|r|a|c|t|i|v|e| |w|e|b|r|e|n|d|e|r|,102210fe594ee9b33d82058545b1ed14f4c8206e,LastVisualChange,reddit-billgates-post-1.posts,True,reddit-billgates-post-1.posts LastVisualChange opt cold fission webrender,,77,ms,firefox,,1708644343,2023-06-06 20:50:56,535.6,95375ea5e463ff5af29efe6ba3714445eef0b369,1252775,,,,,,,,,,,,,,,,,,,,,,,,,,,,,,,,,,,,,,,,,,,,,,,,,,,,,,,,,,,,,TN,TN
autoland,4060512,13,77a9707257b88d3b15060667769a2def98a71cff,windows10-64-shippable-qr,True,False,,|c|o|l|d| |f|i|s|s|i|o|n| |i|n|t|e|r|a|c|t|i|v|e| |w|e|b|r|e|n|d|e|r|,102210fe594ee9b33d82058545b1ed14f4c8206e,LastVisualChange,reddit-billgates-post-1.posts,True,reddit-billgates-post-1.posts LastVisualChange opt cold fission webrender,,77,ms,firefox,,1708644391,2023-06-06 20:50:56,518.7,95375ea5e463ff5af29efe6ba3714445eef0b369,1252775,,,,,,,,,,,,,,,,,,,,,,,,,,,,,,,,,,,,,,,,,,,,,,,,,,,,,,,,,,,,,TN,TN
autoland,4060512,13,77a9707257b88d3b15060667769a2def98a71cff,windows10-64-shippable-qr,True,False,,|c|o|l|d| |f|i|s|s|i|o|n| |i|n|t|e|r|a|c|t|i|v|e| |w|e|b|r|e|n|d|e|r|,102210fe594ee9b33d82058545b1ed14f4c8206e,LastVisualChange,reddit-billgates-post-1.posts,True,reddit-billgates-post-1.posts LastVisualChange opt cold fission webrender,,77,ms,firefox,,1708660793,2023-06-06 20:50:56,522.5,95375ea5e463ff5af29efe6ba3714445eef0b369,1252775,,,,,,,,,,,,,,,,,,,,,,,,,,,,,,,,,,,,,,,,,,,,,,,,,,,,,,,,,,,,,TN,TN
autoland,4060512,13,77a9707257b88d3b15060667769a2def98a71cff,windows10-64-shippable-qr,True,False,,|c|o|l|d| |f|i|s|s|i|o|n| |i|n|t|e|r|a|c|t|i|v|e| |w|e|b|r|e|n|d|e|r|,102210fe594ee9b33d82058545b1ed14f4c8206e,LastVisualChange,reddit-billgates-post-1.posts,True,reddit-billgates-post-1.posts LastVisualChange opt cold fission webrender,,77,ms,firefox,,1708053088,2023-06-06 21:45:16,539.0,ef89c8152d5bee5c475f8941a36e66a933e8edb4,1252802,,,,,,,,,,,,,,,,,,,,,,,,,,,,,,,,,,,,,,,,,,,,,,,,,,,,,,,,,,,,,TN,TN
autoland,4060512,13,77a9707257b88d3b15060667769a2def98a71cff,windows10-64-shippable-qr,True,False,,|c|o|l|d| |f|i|s|s|i|o|n| |i|n|t|e|r|a|c|t|i|v|e| |w|e|b|r|e|n|d|e|r|,102210fe594ee9b33d82058545b1ed14f4c8206e,LastVisualChange,reddit-billgates-post-1.posts,True,reddit-billgates-post-1.posts LastVisualChange opt cold fission webrender,,77,ms,firefox,,1708660656,2023-06-06 21:45:16,522.4,ef89c8152d5bee5c475f8941a36e66a933e8edb4,1252802,,,,,,,,,,,,,,,,,,,,,,,,,,,,,,,,,,,,,,,,,,,,,,,,,,,,,,,,,,,,,TN,TN
autoland,4060512,13,77a9707257b88d3b15060667769a2def98a71cff,windows10-64-shippable-qr,True,False,,|c|o|l|d| |f|i|s|s|i|o|n| |i|n|t|e|r|a|c|t|i|v|e| |w|e|b|r|e|n|d|e|r|,102210fe594ee9b33d82058545b1ed14f4c8206e,LastVisualChange,reddit-billgates-post-1.posts,True,reddit-billgates-post-1.posts LastVisualChange opt cold fission webrender,,77,ms,firefox,,1708661227,2023-06-06 21:45:16,515.7,ef89c8152d5bee5c475f8941a36e66a933e8edb4,1252802,,,,,,,,,,,,,,,,,,,,,,,,,,,,,,,,,,,,,,,,,,,,,,,,,,,,,,,,,,,,,TN,TN
autoland,4060512,13,77a9707257b88d3b15060667769a2def98a71cff,windows10-64-shippable-qr,True,False,,|c|o|l|d| |f|i|s|s|i|o|n| |i|n|t|e|r|a|c|t|i|v|e| |w|e|b|r|e|n|d|e|r|,102210fe594ee9b33d82058545b1ed14f4c8206e,LastVisualChange,reddit-billgates-post-1.posts,True,reddit-billgates-post-1.posts LastVisualChange opt cold fission webrender,,77,ms,firefox,,1708661059,2023-06-06 21:45:16,518.7,ef89c8152d5bee5c475f8941a36e66a933e8edb4,1252802,,,,,,,,,,,,,,,,,,,,,,,,,,,,,,,,,,,,,,,,,,,,,,,,,,,,,,,,,,,,,TN,TN
autoland,4060512,13,77a9707257b88d3b15060667769a2def98a71cff,windows10-64-shippable-qr,True,False,,|c|o|l|d| |f|i|s|s|i|o|n| |i|n|t|e|r|a|c|t|i|v|e| |w|e|b|r|e|n|d|e|r|,102210fe594ee9b33d82058545b1ed14f4c8206e,LastVisualChange,reddit-billgates-post-1.posts,True,reddit-billgates-post-1.posts LastVisualChange opt cold fission webrender,,77,ms,firefox,,1708661185,2023-06-06 21:45:16,515.6,ef89c8152d5bee5c475f8941a36e66a933e8edb4,1252802,,,,,,,,,,,,,,,,,,,,,,,,,,,,,,,,,,,,,,,,,,,,,,,,,,,,,,,,,,,,,TN,TN
autoland,4060512,13,77a9707257b88d3b15060667769a2def98a71cff,windows10-64-shippable-qr,True,False,,|c|o|l|d| |f|i|s|s|i|o|n| |i|n|t|e|r|a|c|t|i|v|e| |w|e|b|r|e|n|d|e|r|,102210fe594ee9b33d82058545b1ed14f4c8206e,LastVisualChange,reddit-billgates-post-1.posts,True,reddit-billgates-post-1.posts LastVisualChange opt cold fission webrender,,77,ms,firefox,,1708037210,2023-06-06 22:39:48,566.4,b525c4f4df5b5d1125acfb882852597f0029116e,1252822,,,,,,,,,,,,,,,,,,,,,,,,,,,,,,,,,,,,,,,,,,,,,,,,,,,,,,,,,,,,,TN,TN
autoland,4060512,13,77a9707257b88d3b15060667769a2def98a71cff,windows10-64-shippable-qr,True,False,,|c|o|l|d| |f|i|s|s|i|o|n| |i|n|t|e|r|a|c|t|i|v|e| |w|e|b|r|e|n|d|e|r|,102210fe594ee9b33d82058545b1ed14f4c8206e,LastVisualChange,reddit-billgates-post-1.posts,True,reddit-billgates-post-1.posts LastVisualChange opt cold fission webrender,,77,ms,firefox,,1708645719,2023-06-06 22:39:48,542.0,b525c4f4df5b5d1125acfb882852597f0029116e,1252822,,,,,,,,,,,,,,,,,,,,,,,,,,,,,,,,,,,,,,,,,,,,,,,,,,,,,,,,,,,,,TN,TN
autoland,4060512,13,77a9707257b88d3b15060667769a2def98a71cff,windows10-64-shippable-qr,True,False,,|c|o|l|d| |f|i|s|s|i|o|n| |i|n|t|e|r|a|c|t|i|v|e| |w|e|b|r|e|n|d|e|r|,102210fe594ee9b33d82058545b1ed14f4c8206e,LastVisualChange,reddit-billgates-post-1.posts,True,reddit-billgates-post-1.posts LastVisualChange opt cold fission webrender,,77,ms,firefox,,1708660690,2023-06-06 22:39:48,527.8,b525c4f4df5b5d1125acfb882852597f0029116e,1252822,,,,,,,,,,,,,,,,,,,,,,,,,,,,,,,,,,,,,,,,,,,,,,,,,,,,,,,,,,,,,TN,TN
autoland,4060512,13,77a9707257b88d3b15060667769a2def98a71cff,windows10-64-shippable-qr,True,False,,|c|o|l|d| |f|i|s|s|i|o|n| |i|n|t|e|r|a|c|t|i|v|e| |w|e|b|r|e|n|d|e|r|,102210fe594ee9b33d82058545b1ed14f4c8206e,LastVisualChange,reddit-billgates-post-1.posts,True,reddit-billgates-post-1.posts LastVisualChange opt cold fission webrender,,77,ms,firefox,,1708661273,2023-06-06 22:39:48,521.0,b525c4f4df5b5d1125acfb882852597f0029116e,1252822,,,,,,,,,,,,,,,,,,,,,,,,,,,,,,,,,,,,,,,,,,,,,,,,,,,,,,,,,,,,,TN,TN
autoland,4060512,13,77a9707257b88d3b15060667769a2def98a71cff,windows10-64-shippable-qr,True,False,,|c|o|l|d| |f|i|s|s|i|o|n| |i|n|t|e|r|a|c|t|i|v|e| |w|e|b|r|e|n|d|e|r|,102210fe594ee9b33d82058545b1ed14f4c8206e,LastVisualChange,reddit-billgates-post-1.posts,True,reddit-billgates-post-1.posts LastVisualChange opt cold fission webrender,,77,ms,firefox,,1708661150,2023-06-06 22:39:48,535.6,b525c4f4df5b5d1125acfb882852597f0029116e,1252822,,,,,,,,,,,,,,,,,,,,,,,,,,,,,,,,,,,,,,,,,,,,,,,,,,,,,,,,,,,,,TN,TN
autoland,4060512,13,77a9707257b88d3b15060667769a2def98a71cff,windows10-64-shippable-qr,True,False,,|c|o|l|d| |f|i|s|s|i|o|n| |i|n|t|e|r|a|c|t|i|v|e| |w|e|b|r|e|n|d|e|r|,102210fe594ee9b33d82058545b1ed14f4c8206e,LastVisualChange,reddit-billgates-post-1.posts,True,reddit-billgates-post-1.posts LastVisualChange opt cold fission webrender,,77,ms,firefox,,1708034655,2023-06-06 22:40:42,557.3,3fe83edc0cd8d44f5e6a381f84faee9a3dabb03d,1252823,,,,,,,,,,,,,,,,,,,,,,,,,,,,,,,,,,,,,,,,,,,,,,,,,,,,,,,,,,,,,TN,TN
autoland,4060512,13,77a9707257b88d3b15060667769a2def98a71cff,windows10-64-shippable-qr,True,False,,|c|o|l|d| |f|i|s|s|i|o|n| |i|n|t|e|r|a|c|t|i|v|e| |w|e|b|r|e|n|d|e|r|,102210fe594ee9b33d82058545b1ed14f4c8206e,LastVisualChange,reddit-billgates-post-1.posts,True,reddit-billgates-post-1.posts LastVisualChange opt cold fission webrender,,77,ms,firefox,,1708661755,2023-06-06 22:40:42,546.1,3fe83edc0cd8d44f5e6a381f84faee9a3dabb03d,1252823,,,,,,,,,,,,,,,,,,,,,,,,,,,,,,,,,,,,,,,,,,,,,,,,,,,,,,,,,,,,,TN,TN
autoland,4060512,13,77a9707257b88d3b15060667769a2def98a71cff,windows10-64-shippable-qr,True,False,,|c|o|l|d| |f|i|s|s|i|o|n| |i|n|t|e|r|a|c|t|i|v|e| |w|e|b|r|e|n|d|e|r|,102210fe594ee9b33d82058545b1ed14f4c8206e,LastVisualChange,reddit-billgates-post-1.posts,True,reddit-billgates-post-1.posts LastVisualChange opt cold fission webrender,,77,ms,firefox,,1708662077,2023-06-06 22:40:42,535.3,3fe83edc0cd8d44f5e6a381f84faee9a3dabb03d,1252823,,,,,,,,,,,,,,,,,,,,,,,,,,,,,,,,,,,,,,,,,,,,,,,,,,,,,,,,,,,,,TN,TN
autoland,4060512,13,77a9707257b88d3b15060667769a2def98a71cff,windows10-64-shippable-qr,True,False,,|c|o|l|d| |f|i|s|s|i|o|n| |i|n|t|e|r|a|c|t|i|v|e| |w|e|b|r|e|n|d|e|r|,102210fe594ee9b33d82058545b1ed14f4c8206e,LastVisualChange,reddit-billgates-post-1.posts,True,reddit-billgates-post-1.posts LastVisualChange opt cold fission webrender,,77,ms,firefox,,1708662159,2023-06-06 22:40:42,548.5,3fe83edc0cd8d44f5e6a381f84faee9a3dabb03d,1252823,,,,,,,,,,,,,,,,,,,,,,,,,,,,,,,,,,,,,,,,,,,,,,,,,,,,,,,,,,,,,TN,TN
autoland,4060512,13,77a9707257b88d3b15060667769a2def98a71cff,windows10-64-shippable-qr,True,False,,|c|o|l|d| |f|i|s|s|i|o|n| |i|n|t|e|r|a|c|t|i|v|e| |w|e|b|r|e|n|d|e|r|,102210fe594ee9b33d82058545b1ed14f4c8206e,LastVisualChange,reddit-billgates-post-1.posts,True,reddit-billgates-post-1.posts LastVisualChange opt cold fission webrender,,77,ms,firefox,,1708663721,2023-06-06 22:40:42,535.7,3fe83edc0cd8d44f5e6a381f84faee9a3dabb03d,1252823,,,,,,,,,,,,,,,,,,,,,,,,,,,,,,,,,,,,,,,,,,,,,,,,,,,,,,,,,,,,,TN,TN
autoland,4060512,13,77a9707257b88d3b15060667769a2def98a71cff,windows10-64-shippable-qr,True,False,,|c|o|l|d| |f|i|s|s|i|o|n| |i|n|t|e|r|a|c|t|i|v|e| |w|e|b|r|e|n|d|e|r|,102210fe594ee9b33d82058545b1ed14f4c8206e,LastVisualChange,reddit-billgates-post-1.posts,True,reddit-billgates-post-1.posts LastVisualChange opt cold fission webrender,,77,ms,firefox,,1708032437,2023-06-06 22:41:38,562.9,6fab104bb0320101e9c8f40f3bc8a49cea8c459f,1252825,,,,,,,,,,,,,,,,,,,,,,,,,,,,,,,,,,,,,,,,,,,,,,,,,,,,,,,,,,,,,TN,TN
autoland,4060512,13,77a9707257b88d3b15060667769a2def98a71cff,windows10-64-shippable-qr,True,False,,|c|o|l|d| |f|i|s|s|i|o|n| |i|n|t|e|r|a|c|t|i|v|e| |w|e|b|r|e|n|d|e|r|,102210fe594ee9b33d82058545b1ed14f4c8206e,LastVisualChange,reddit-billgates-post-1.posts,True,reddit-billgates-post-1.posts LastVisualChange opt cold fission webrender,,77,ms,firefox,,1708662110,2023-06-06 22:41:38,532.0,6fab104bb0320101e9c8f40f3bc8a49cea8c459f,1252825,,,,,,,,,,,,,,,,,,,,,,,,,,,,,,,,,,,,,,,,,,,,,,,,,,,,,,,,,,,,,TN,TN
autoland,4060512,13,77a9707257b88d3b15060667769a2def98a71cff,windows10-64-shippable-qr,True,False,,|c|o|l|d| |f|i|s|s|i|o|n| |i|n|t|e|r|a|c|t|i|v|e| |w|e|b|r|e|n|d|e|r|,102210fe594ee9b33d82058545b1ed14f4c8206e,LastVisualChange,reddit-billgates-post-1.posts,True,reddit-billgates-post-1.posts LastVisualChange opt cold fission webrender,,77,ms,firefox,,1708662348,2023-06-06 22:41:38,528.8,6fab104bb0320101e9c8f40f3bc8a49cea8c459f,1252825,,,,,,,,,,,,,,,,,,,,,,,,,,,,,,,,,,,,,,,,,,,,,,,,,,,,,,,,,,,,,TN,TN
autoland,4060512,13,77a9707257b88d3b15060667769a2def98a71cff,windows10-64-shippable-qr,True,False,,|c|o|l|d| |f|i|s|s|i|o|n| |i|n|t|e|r|a|c|t|i|v|e| |w|e|b|r|e|n|d|e|r|,102210fe594ee9b33d82058545b1ed14f4c8206e,LastVisualChange,reddit-billgates-post-1.posts,True,reddit-billgates-post-1.posts LastVisualChange opt cold fission webrender,,77,ms,firefox,,1708662966,2023-06-06 22:41:38,567.2,6fab104bb0320101e9c8f40f3bc8a49cea8c459f,1252825,,,,,,,,,,,,,,,,,,,,,,,,,,,,,,,,,,,,,,,,,,,,,,,,,,,,,,,,,,,,,TN,TN
autoland,4060512,13,77a9707257b88d3b15060667769a2def98a71cff,windows10-64-shippable-qr,True,False,,|c|o|l|d| |f|i|s|s|i|o|n| |i|n|t|e|r|a|c|t|i|v|e| |w|e|b|r|e|n|d|e|r|,102210fe594ee9b33d82058545b1ed14f4c8206e,LastVisualChange,reddit-billgates-post-1.posts,True,reddit-billgates-post-1.posts LastVisualChange opt cold fission webrender,,77,ms,firefox,,1708661348,2023-06-06 22:41:38,525.7,6fab104bb0320101e9c8f40f3bc8a49cea8c459f,1252825,,,,,,,,,,,,,,,,,,,,,,,,,,,,,,,,,,,,,,,,,,,,,,,,,,,,,,,,,,,,,TN,TN
autoland,4060512,13,77a9707257b88d3b15060667769a2def98a71cff,windows10-64-shippable-qr,True,False,,|c|o|l|d| |f|i|s|s|i|o|n| |i|n|t|e|r|a|c|t|i|v|e| |w|e|b|r|e|n|d|e|r|,102210fe594ee9b33d82058545b1ed14f4c8206e,LastVisualChange,reddit-billgates-post-1.posts,True,reddit-billgates-post-1.posts LastVisualChange opt cold fission webrender,,77,ms,firefox,,1708029105,2023-06-06 22:42:38,549.0,3198399979898c5f9ea615f0d703724dd4c83f4b,1252826,,,,,,,,,,,,,,,,,,,,,,,,,,,,,,,,,,,,,,,,,,,,,,,,,,,,,,,,,,,,,TN,TN
autoland,4060512,13,77a9707257b88d3b15060667769a2def98a71cff,windows10-64-shippable-qr,True,False,,|c|o|l|d| |f|i|s|s|i|o|n| |i|n|t|e|r|a|c|t|i|v|e| |w|e|b|r|e|n|d|e|r|,102210fe594ee9b33d82058545b1ed14f4c8206e,LastVisualChange,reddit-billgates-post-1.posts,True,reddit-billgates-post-1.posts LastVisualChange opt cold fission webrender,,77,ms,firefox,,1708662761,2023-06-06 22:42:38,533.0,3198399979898c5f9ea615f0d703724dd4c83f4b,1252826,,,,,,,,,,,,,,,,,,,,,,,,,,,,,,,,,,,,,,,,,,,,,,,,,,,,,,,,,,,,,TN,TN
autoland,4060512,13,77a9707257b88d3b15060667769a2def98a71cff,windows10-64-shippable-qr,True,False,,|c|o|l|d| |f|i|s|s|i|o|n| |i|n|t|e|r|a|c|t|i|v|e| |w|e|b|r|e|n|d|e|r|,102210fe594ee9b33d82058545b1ed14f4c8206e,LastVisualChange,reddit-billgates-post-1.posts,True,reddit-billgates-post-1.posts LastVisualChange opt cold fission webrender,,77,ms,firefox,,1708662891,2023-06-06 22:42:38,545.8,3198399979898c5f9ea615f0d703724dd4c83f4b,1252826,,,,,,,,,,,,,,,,,,,,,,,,,,,,,,,,,,,,,,,,,,,,,,,,,,,,,,,,,,,,,TN,TN
autoland,4060512,13,77a9707257b88d3b15060667769a2def98a71cff,windows10-64-shippable-qr,True,False,,|c|o|l|d| |f|i|s|s|i|o|n| |i|n|t|e|r|a|c|t|i|v|e| |w|e|b|r|e|n|d|e|r|,102210fe594ee9b33d82058545b1ed14f4c8206e,LastVisualChange,reddit-billgates-post-1.posts,True,reddit-billgates-post-1.posts LastVisualChange opt cold fission webrender,,77,ms,firefox,,1708663260,2023-06-06 22:42:38,503.6,3198399979898c5f9ea615f0d703724dd4c83f4b,1252826,,,,,,,,,,,,,,,,,,,,,,,,,,,,,,,,,,,,,,,,,,,,,,,,,,,,,,,,,,,,,TN,TN
autoland,4060512,13,77a9707257b88d3b15060667769a2def98a71cff,windows10-64-shippable-qr,True,False,,|c|o|l|d| |f|i|s|s|i|o|n| |i|n|t|e|r|a|c|t|i|v|e| |w|e|b|r|e|n|d|e|r|,102210fe594ee9b33d82058545b1ed14f4c8206e,LastVisualChange,reddit-billgates-post-1.posts,True,reddit-billgates-post-1.posts LastVisualChange opt cold fission webrender,,77,ms,firefox,,1708663303,2023-06-06 22:42:38,525.4,3198399979898c5f9ea615f0d703724dd4c83f4b,1252826,,,,,,,,,,,,,,,,,,,,,,,,,,,,,,,,,,,,,,,,,,,,,,,,,,,,,,,,,,,,,TN,TN
autoland,4060512,13,77a9707257b88d3b15060667769a2def98a71cff,windows10-64-shippable-qr,True,False,,|c|o|l|d| |f|i|s|s|i|o|n| |i|n|t|e|r|a|c|t|i|v|e| |w|e|b|r|e|n|d|e|r|,102210fe594ee9b33d82058545b1ed14f4c8206e,LastVisualChange,reddit-billgates-post-1.posts,True,reddit-billgates-post-1.posts LastVisualChange opt cold fission webrender,,77,ms,firefox,,1708033275,2023-06-06 22:43:37,541.5,f7fca8d65a69c8f37c7cb075a00c59597831e4e4,1252827,,,,,,,,,,,,,,,,,,,,,,,,,,,,,,,,,,,,,,,,,,,,,,,,,,,,,,,,,,,,,TN,TN
autoland,4060512,13,77a9707257b88d3b15060667769a2def98a71cff,windows10-64-shippable-qr,True,False,,|c|o|l|d| |f|i|s|s|i|o|n| |i|n|t|e|r|a|c|t|i|v|e| |w|e|b|r|e|n|d|e|r|,102210fe594ee9b33d82058545b1ed14f4c8206e,LastVisualChange,reddit-billgates-post-1.posts,True,reddit-billgates-post-1.posts LastVisualChange opt cold fission webrender,,77,ms,firefox,,1708663006,2023-06-06 22:43:37,516.0,f7fca8d65a69c8f37c7cb075a00c59597831e4e4,1252827,,,,,,,,,,,,,,,,,,,,,,,,,,,,,,,,,,,,,,,,,,,,,,,,,,,,,,,,,,,,,TN,TN
autoland,4060512,13,77a9707257b88d3b15060667769a2def98a71cff,windows10-64-shippable-qr,True,False,,|c|o|l|d| |f|i|s|s|i|o|n| |i|n|t|e|r|a|c|t|i|v|e| |w|e|b|r|e|n|d|e|r|,102210fe594ee9b33d82058545b1ed14f4c8206e,LastVisualChange,reddit-billgates-post-1.posts,True,reddit-billgates-post-1.posts LastVisualChange opt cold fission webrender,,77,ms,firefox,,1708663647,2023-06-06 22:43:37,586.1,f7fca8d65a69c8f37c7cb075a00c59597831e4e4,1252827,,,,,,,,,,,,,,,,,,,,,,,,,,,,,,,,,,,,,,,,,,,,,,,,,,,,,,,,,,,,,TN,TN
autoland,4060512,13,77a9707257b88d3b15060667769a2def98a71cff,windows10-64-shippable-qr,True,False,,|c|o|l|d| |f|i|s|s|i|o|n| |i|n|t|e|r|a|c|t|i|v|e| |w|e|b|r|e|n|d|e|r|,102210fe594ee9b33d82058545b1ed14f4c8206e,LastVisualChange,reddit-billgates-post-1.posts,True,reddit-billgates-post-1.posts LastVisualChange opt cold fission webrender,,77,ms,firefox,,1708663728,2023-06-06 22:43:37,522.1,f7fca8d65a69c8f37c7cb075a00c59597831e4e4,1252827,,,,,,,,,,,,,,,,,,,,,,,,,,,,,,,,,,,,,,,,,,,,,,,,,,,,,,,,,,,,,TN,TN
autoland,4060512,13,77a9707257b88d3b15060667769a2def98a71cff,windows10-64-shippable-qr,True,False,,|c|o|l|d| |f|i|s|s|i|o|n| |i|n|t|e|r|a|c|t|i|v|e| |w|e|b|r|e|n|d|e|r|,102210fe594ee9b33d82058545b1ed14f4c8206e,LastVisualChange,reddit-billgates-post-1.posts,True,reddit-billgates-post-1.posts LastVisualChange opt cold fission webrender,,77,ms,firefox,,1708663615,2023-06-06 22:43:37,541.8,f7fca8d65a69c8f37c7cb075a00c59597831e4e4,1252827,,,,,,,,,,,,,,,,,,,,,,,,,,,,,,,,,,,,,,,,,,,,,,,,,,,,,,,,,,,,,TN,TN
autoland,4060512,13,77a9707257b88d3b15060667769a2def98a71cff,windows10-64-shippable-qr,True,False,,|c|o|l|d| |f|i|s|s|i|o|n| |i|n|t|e|r|a|c|t|i|v|e| |w|e|b|r|e|n|d|e|r|,102210fe594ee9b33d82058545b1ed14f4c8206e,LastVisualChange,reddit-billgates-post-1.posts,True,reddit-billgates-post-1.posts LastVisualChange opt cold fission webrender,,77,ms,firefox,,1708039764,2023-06-06 22:45:51,559.4,71a5c483b603d80cfde6ba1a1346f254e728acc7,1252830,,,,,,,,,,,,,,,,,,,,,,,,,,,,,,,,,,,,,,,,,,,,,,,,,,,,,,,,,,,,,TN,TN
autoland,4060512,13,77a9707257b88d3b15060667769a2def98a71cff,windows10-64-shippable-qr,True,False,,|c|o|l|d| |f|i|s|s|i|o|n| |i|n|t|e|r|a|c|t|i|v|e| |w|e|b|r|e|n|d|e|r|,102210fe594ee9b33d82058545b1ed14f4c8206e,LastVisualChange,reddit-billgates-post-1.posts,True,reddit-billgates-post-1.posts LastVisualChange opt cold fission webrender,,77,ms,firefox,,1706969480,2023-06-06 22:47:19,531.3,3a8e0dd854b5d9349d96a17de81427442d412db9,1252831,,,,,,,,,,,,,,,,,,,,,,,,,,,,,,,,,,,,,,,,,,,,,,,,,,,,,,,,,,,,,TN,TN
autoland,4060512,13,77a9707257b88d3b15060667769a2def98a71cff,windows10-64-shippable-qr,True,False,,|c|o|l|d| |f|i|s|s|i|o|n| |i|n|t|e|r|a|c|t|i|v|e| |w|e|b|r|e|n|d|e|r|,102210fe594ee9b33d82058545b1ed14f4c8206e,LastVisualChange,reddit-billgates-post-1.posts,True,reddit-billgates-post-1.posts LastVisualChange opt cold fission webrender,,77,ms,firefox,,1707059065,2023-06-07 02:52:45,540.9,714383968fdbbcb6ef5ff4fc599e11ae386d09ce,1252906,,,,,,,,,,,,,,,,,,,,,,,,,,,,,,,,,,,,,,,,,,,,,,,,,,,,,,,,,,,,,TN,TN
autoland,4060512,13,77a9707257b88d3b15060667769a2def98a71cff,windows10-64-shippable-qr,True,False,,|c|o|l|d| |f|i|s|s|i|o|n| |i|n|t|e|r|a|c|t|i|v|e| |w|e|b|r|e|n|d|e|r|,102210fe594ee9b33d82058545b1ed14f4c8206e,LastVisualChange,reddit-billgates-post-1.posts,True,reddit-billgates-post-1.posts LastVisualChange opt cold fission webrender,,77,ms,firefox,,1707196505,2023-06-07 06:55:53,547.9,29928f29c7a08d81bf5a480f4678c4c90b0abc68,1252967,,,,,,,,,,,,,,,,,,,,,,,,,,,,,,,,,,,,,,,,,,,,,,,,,,,,,,,,,,,,,TN,TN
autoland,4060512,13,77a9707257b88d3b15060667769a2def98a71cff,windows10-64-shippable-qr,True,False,,|c|o|l|d| |f|i|s|s|i|o|n| |i|n|t|e|r|a|c|t|i|v|e| |w|e|b|r|e|n|d|e|r|,102210fe594ee9b33d82058545b1ed14f4c8206e,LastVisualChange,reddit-billgates-post-1.posts,True,reddit-billgates-post-1.posts LastVisualChange opt cold fission webrender,,77,ms,firefox,,1707796302,2023-06-07 08:38:12,551.0,17472385b962b35b99a2c97f0c9b3f70604fab8a,1253010,,,,,,,,,,,,,,,,,,,,,,,,,,,,,,,,,,,,,,,,,,,,,,,,,,,,,,,,,,,,,TN,TN
autoland,4060512,13,77a9707257b88d3b15060667769a2def98a71cff,windows10-64-shippable-qr,True,False,,|c|o|l|d| |f|i|s|s|i|o|n| |i|n|t|e|r|a|c|t|i|v|e| |w|e|b|r|e|n|d|e|r|,102210fe594ee9b33d82058545b1ed14f4c8206e,LastVisualChange,reddit-billgates-post-1.posts,True,reddit-billgates-post-1.posts LastVisualChange opt cold fission webrender,,77,ms,firefox,,1707827536,2023-06-07 08:45:52,548.6,5ee71fd842f2101b638b15488f8e630293dacd51,1253014,,,,,,,,,,,,,,,,,,,,,,,,,,,,,,,,,,,,,,,,,,,,,,,,,,,,,,,,,,,,,TN,TN
autoland,4060512,13,77a9707257b88d3b15060667769a2def98a71cff,windows10-64-shippable-qr,True,False,,|c|o|l|d| |f|i|s|s|i|o|n| |i|n|t|e|r|a|c|t|i|v|e| |w|e|b|r|e|n|d|e|r|,102210fe594ee9b33d82058545b1ed14f4c8206e,LastVisualChange,reddit-billgates-post-1.posts,True,reddit-billgates-post-1.posts LastVisualChange opt cold fission webrender,,77,ms,firefox,,1712242312,2023-06-07 10:49:06,562.7,83ef0028983475fb8a405cd05cc2c54b8aa54dd3,1253061,,,,,,,,,,,,,,,,,,,,,,,,,,,,,,,,,,,,,,,,,,,,,,,,,,,,,,,,,,,,,TN,TN
autoland,4060512,13,77a9707257b88d3b15060667769a2def98a71cff,windows10-64-shippable-qr,True,False,,|c|o|l|d| |f|i|s|s|i|o|n| |i|n|t|e|r|a|c|t|i|v|e| |w|e|b|r|e|n|d|e|r|,102210fe594ee9b33d82058545b1ed14f4c8206e,LastVisualChange,reddit-billgates-post-1.posts,True,reddit-billgates-post-1.posts LastVisualChange opt cold fission webrender,,77,ms,firefox,,1712243857,2023-06-07 10:55:39,532.3,655c1ec8a53821c2271e96c9bbdea3ee84bba76f,1253065,,,,,,,,,,,,,,,,,,,,,,,,,,,,,,,,,,,,,,,,,,,,,,,,,,,,,,,,,,,,,TN,TN
autoland,4060512,13,77a9707257b88d3b15060667769a2def98a71cff,windows10-64-shippable-qr,True,False,,|c|o|l|d| |f|i|s|s|i|o|n| |i|n|t|e|r|a|c|t|i|v|e| |w|e|b|r|e|n|d|e|r|,102210fe594ee9b33d82058545b1ed14f4c8206e,LastVisualChange,reddit-billgates-post-1.posts,True,reddit-billgates-post-1.posts LastVisualChange opt cold fission webrender,,77,ms,firefox,,1707306194,2023-06-07 11:44:03,527.7,5c2039dcc9e34d981b3343ed3819d1f65ef07909,1253076,,,,,,,,,,,,,,,,,,,,,,,,,,,,,,,,,,,,,,,,,,,,,,,,,,,,,,,,,,,,,TN,TN
autoland,4060512,13,77a9707257b88d3b15060667769a2def98a71cff,windows10-64-shippable-qr,True,False,,|c|o|l|d| |f|i|s|s|i|o|n| |i|n|t|e|r|a|c|t|i|v|e| |w|e|b|r|e|n|d|e|r|,102210fe594ee9b33d82058545b1ed14f4c8206e,LastVisualChange,reddit-billgates-post-1.posts,True,reddit-billgates-post-1.posts LastVisualChange opt cold fission webrender,,77,ms,firefox,,1712229066,2023-06-07 12:05:29,545.2,20edf5ff2283dfc74fdf23f9b6e2f5100c7354d4,1253078,,,,,,,,,,,,,,,,,,,,,,,,,,,,,,,,,,,,,,,,,,,,,,,,,,,,,,,,,,,,,TN,TN
autoland,4060512,13,77a9707257b88d3b15060667769a2def98a71cff,windows10-64-shippable-qr,True,False,,|c|o|l|d| |f|i|s|s|i|o|n| |i|n|t|e|r|a|c|t|i|v|e| |w|e|b|r|e|n|d|e|r|,102210fe594ee9b33d82058545b1ed14f4c8206e,LastVisualChange,reddit-billgates-post-1.posts,True,reddit-billgates-post-1.posts LastVisualChange opt cold fission webrender,,77,ms,firefox,,1712241841,2023-06-07 12:37:57,559.1,e8825599547721a0b798e72dc81e6197885f3e9e,1253090,,,,,,,,,,,,,,,,,,,,,,,,,,,,,,,,,,,,,,,,,,,,,,,,,,,,,,,,,,,,,TN,TN
autoland,4060512,13,77a9707257b88d3b15060667769a2def98a71cff,windows10-64-shippable-qr,True,False,,|c|o|l|d| |f|i|s|s|i|o|n| |i|n|t|e|r|a|c|t|i|v|e| |w|e|b|r|e|n|d|e|r|,102210fe594ee9b33d82058545b1ed14f4c8206e,LastVisualChange,reddit-billgates-post-1.posts,True,reddit-billgates-post-1.posts LastVisualChange opt cold fission webrender,,77,ms,firefox,,1712241906,2023-06-07 12:59:08,522.1,a9da9d7dca6212bbb0b6601b4a8721d354854f76,1253099,,,,,,,,,,,,,,,,,,,,,,,,,,,,,,,,,,,,,,,,,,,,,,,,,,,,,,,,,,,,,TN,TN
autoland,4060512,13,77a9707257b88d3b15060667769a2def98a71cff,windows10-64-shippable-qr,True,False,,|c|o|l|d| |f|i|s|s|i|o|n| |i|n|t|e|r|a|c|t|i|v|e| |w|e|b|r|e|n|d|e|r|,102210fe594ee9b33d82058545b1ed14f4c8206e,LastVisualChange,reddit-billgates-post-1.posts,True,reddit-billgates-post-1.posts LastVisualChange opt cold fission webrender,,77,ms,firefox,,1712242013,2023-06-07 12:59:58,523.6,a231d627ff10bce75efad9c23458419e1c204513,1253100,,,,,,,,,,,,,,,,,,,,,,,,,,,,,,,,,,,,,,,,,,,,,,,,,,,,,,,,,,,,,TN,TN
autoland,4060512,13,77a9707257b88d3b15060667769a2def98a71cff,windows10-64-shippable-qr,True,False,,|c|o|l|d| |f|i|s|s|i|o|n| |i|n|t|e|r|a|c|t|i|v|e| |w|e|b|r|e|n|d|e|r|,102210fe594ee9b33d82058545b1ed14f4c8206e,LastVisualChange,reddit-billgates-post-1.posts,True,reddit-billgates-post-1.posts LastVisualChange opt cold fission webrender,,77,ms,firefox,,1712242342,2023-06-07 13:14:16,526.0,4b086a7e6115da7ec358ce3fc9516617970de236,1253107,,,,,,,,,,,,,,,,,,,,,,,,,,,,,,,,,,,,,,,,,,,,,,,,,,,,,,,,,,,,,TN,TN
autoland,4060512,13,77a9707257b88d3b15060667769a2def98a71cff,windows10-64-shippable-qr,True,False,,|c|o|l|d| |f|i|s|s|i|o|n| |i|n|t|e|r|a|c|t|i|v|e| |w|e|b|r|e|n|d|e|r|,102210fe594ee9b33d82058545b1ed14f4c8206e,LastVisualChange,reddit-billgates-post-1.posts,True,reddit-billgates-post-1.posts LastVisualChange opt cold fission webrender,,77,ms,firefox,,1712242436,2023-06-07 13:32:50,515.6,faa2556901779fb0e9838a72d841eeb4bc23026b,1253116,,,,,,,,,,,,,,,,,,,,,,,,,,,,,,,,,,,,,,,,,,,,,,,,,,,,,,,,,,,,,TN,TN
autoland,4060512,13,77a9707257b88d3b15060667769a2def98a71cff,windows10-64-shippable-qr,True,False,,|c|o|l|d| |f|i|s|s|i|o|n| |i|n|t|e|r|a|c|t|i|v|e| |w|e|b|r|e|n|d|e|r|,102210fe594ee9b33d82058545b1ed14f4c8206e,LastVisualChange,reddit-billgates-post-1.posts,True,reddit-billgates-post-1.posts LastVisualChange opt cold fission webrender,,77,ms,firefox,,1707347514,2023-06-07 13:36:12,548.1,ed7804ffc016687db27f68ab46e27c0ffefda3af,1253119,,,,,,,,,,,,,,,,,,,,,,,,,,,,,,,,,,,,,,,,,,,,,,,,,,,,,,,,,,,,,TN,TN
autoland,4060512,13,77a9707257b88d3b15060667769a2def98a71cff,windows10-64-shippable-qr,True,False,,|c|o|l|d| |f|i|s|s|i|o|n| |i|n|t|e|r|a|c|t|i|v|e| |w|e|b|r|e|n|d|e|r|,102210fe594ee9b33d82058545b1ed14f4c8206e,LastVisualChange,reddit-billgates-post-1.posts,True,reddit-billgates-post-1.posts LastVisualChange opt cold fission webrender,,77,ms,firefox,,1711964905,2023-06-07 13:37:04,521.6,4b0128797a8df8435740e0b6d0c21e1b9bc3cc16,1253120,,,,,,,,,,,,,,,,,,,,,,,,,,,,,,,,,,,,,,,,,,,,,,,,,,,,,,,,,,,,,TN,TN
autoland,4060512,13,77a9707257b88d3b15060667769a2def98a71cff,windows10-64-shippable-qr,True,False,,|c|o|l|d| |f|i|s|s|i|o|n| |i|n|t|e|r|a|c|t|i|v|e| |w|e|b|r|e|n|d|e|r|,102210fe594ee9b33d82058545b1ed14f4c8206e,LastVisualChange,reddit-billgates-post-1.posts,True,reddit-billgates-post-1.posts LastVisualChange opt cold fission webrender,,77,ms,firefox,,1711955785,2023-06-07 13:38:41,512.7,a157866c741c14d560e64273d5aec0a204406f51,1253122,,,,,,,,,,,,,,,,,,,,,,,,,,,,,,,,,,,,,,,,,,,,,,,,,,,,,,,,,,,,,TN,TN
autoland,4060512,13,77a9707257b88d3b15060667769a2def98a71cff,windows10-64-shippable-qr,True,False,,|c|o|l|d| |f|i|s|s|i|o|n| |i|n|t|e|r|a|c|t|i|v|e| |w|e|b|r|e|n|d|e|r|,102210fe594ee9b33d82058545b1ed14f4c8206e,LastVisualChange,reddit-billgates-post-1.posts,True,reddit-billgates-post-1.posts LastVisualChange opt cold fission webrender,,77,ms,firefox,,1711965158,2023-06-07 14:09:30,518.5,b381be509d462d688a303477c9455b1a5b0d51a0,1253133,,,,,,,,,,,,,,,,,,,,,,,,,,,,,,,,,,,,,,,,,,,,,,,,,,,,,,,,,,,,,TN,TN
autoland,4060512,13,77a9707257b88d3b15060667769a2def98a71cff,windows10-64-shippable-qr,True,False,,|c|o|l|d| |f|i|s|s|i|o|n| |i|n|t|e|r|a|c|t|i|v|e| |w|e|b|r|e|n|d|e|r|,102210fe594ee9b33d82058545b1ed14f4c8206e,LastVisualChange,reddit-billgates-post-1.posts,True,reddit-billgates-post-1.posts LastVisualChange opt cold fission webrender,,77,ms,firefox,,1711877760,2023-06-07 14:34:13,552.0,bd8d679a76e0b422e5a43480c91545ca747b12e5,1253153,,,,,,,,,,,,,,,,,,,,,,,,,,,,,,,,,,,,,,,,,,,,,,,,,,,,,,,,,,,,,TN,TN
autoland,4060512,13,77a9707257b88d3b15060667769a2def98a71cff,windows10-64-shippable-qr,True,False,,|c|o|l|d| |f|i|s|s|i|o|n| |i|n|t|e|r|a|c|t|i|v|e| |w|e|b|r|e|n|d|e|r|,102210fe594ee9b33d82058545b1ed14f4c8206e,LastVisualChange,reddit-billgates-post-1.posts,True,reddit-billgates-post-1.posts LastVisualChange opt cold fission webrender,,77,ms,firefox,,1711964710,2023-06-07 14:35:04,538.5,af56d8771b63768475d95e0d865e661282a15370,1253155,,,,,,,,,,,,,,,,,,,,,,,,,,,,,,,,,,,,,,,,,,,,,,,,,,,,,,,,,,,,,TN,TN
autoland,4060512,13,77a9707257b88d3b15060667769a2def98a71cff,windows10-64-shippable-qr,True,False,,|c|o|l|d| |f|i|s|s|i|o|n| |i|n|t|e|r|a|c|t|i|v|e| |w|e|b|r|e|n|d|e|r|,102210fe594ee9b33d82058545b1ed14f4c8206e,LastVisualChange,reddit-billgates-post-1.posts,True,reddit-billgates-post-1.posts LastVisualChange opt cold fission webrender,,77,ms,firefox,,1711944510,2023-06-07 14:35:57,545.5,2455eac80d358707e54f895e1d08e4c0f6f25824,1253156,,,,,,,,,,,,,,,,,,,,,,,,,,,,,,,,,,,,,,,,,,,,,,,,,,,,,,,,,,,,,TN,TN
autoland,4060512,13,77a9707257b88d3b15060667769a2def98a71cff,windows10-64-shippable-qr,True,False,,|c|o|l|d| |f|i|s|s|i|o|n| |i|n|t|e|r|a|c|t|i|v|e| |w|e|b|r|e|n|d|e|r|,102210fe594ee9b33d82058545b1ed14f4c8206e,LastVisualChange,reddit-billgates-post-1.posts,True,reddit-billgates-post-1.posts LastVisualChange opt cold fission webrender,,77,ms,firefox,,1711944909,2023-06-07 14:41:37,525.1,be5691b57b4aa6794619c53b71f3c5be51f9915c,1253161,,,,,,,,,,,,,,,,,,,,,,,,,,,,,,,,,,,,,,,,,,,,,,,,,,,,,,,,,,,,,TN,TN
autoland,4060512,13,77a9707257b88d3b15060667769a2def98a71cff,windows10-64-shippable-qr,True,False,,|c|o|l|d| |f|i|s|s|i|o|n| |i|n|t|e|r|a|c|t|i|v|e| |w|e|b|r|e|n|d|e|r|,102210fe594ee9b33d82058545b1ed14f4c8206e,LastVisualChange,reddit-billgates-post-1.posts,True,reddit-billgates-post-1.posts LastVisualChange opt cold fission webrender,,77,ms,firefox,,1711965213,2023-06-07 15:02:15,538.8,6a1e3136007156652d1c3c73a5915d2c66e8c617,1253176,,,,,,,,,,,,,,,,,,,,,,,,,,,,,,,,,,,,,,,,,,,,,,,,,,,,,,,,,,,,,TN,TN
autoland,4060512,13,77a9707257b88d3b15060667769a2def98a71cff,windows10-64-shippable-qr,True,False,,|c|o|l|d| |f|i|s|s|i|o|n| |i|n|t|e|r|a|c|t|i|v|e| |w|e|b|r|e|n|d|e|r|,102210fe594ee9b33d82058545b1ed14f4c8206e,LastVisualChange,reddit-billgates-post-1.posts,True,reddit-billgates-post-1.posts LastVisualChange opt cold fission webrender,,77,ms,firefox,,1711932981,2023-06-07 15:15:17,528.9,3a5319e18457cb243aaf9a2842efa3633392444a,1253187,,,,,,,,,,,,,,,,,,,,,,,,,,,,,,,,,,,,,,,,,,,,,,,,,,,,,,,,,,,,,TN,TN
autoland,4060512,13,77a9707257b88d3b15060667769a2def98a71cff,windows10-64-shippable-qr,True,False,,|c|o|l|d| |f|i|s|s|i|o|n| |i|n|t|e|r|a|c|t|i|v|e| |w|e|b|r|e|n|d|e|r|,102210fe594ee9b33d82058545b1ed14f4c8206e,LastVisualChange,reddit-billgates-post-1.posts,True,reddit-billgates-post-1.posts LastVisualChange opt cold fission webrender,,77,ms,firefox,,1711905207,2023-06-07 15:16:18,516.0,e44f4d43b823c920e7b74842d2aab66cb7c9ae9a,1253188,,,,,,,,,,,,,,,,,,,,,,,,,,,,,,,,,,,,,,,,,,,,,,,,,,,,,,,,,,,,,TN,TN
autoland,4060512,13,77a9707257b88d3b15060667769a2def98a71cff,windows10-64-shippable-qr,True,False,,|c|o|l|d| |f|i|s|s|i|o|n| |i|n|t|e|r|a|c|t|i|v|e| |w|e|b|r|e|n|d|e|r|,102210fe594ee9b33d82058545b1ed14f4c8206e,LastVisualChange,reddit-billgates-post-1.posts,True,reddit-billgates-post-1.posts LastVisualChange opt cold fission webrender,,77,ms,firefox,,1709035532,2023-06-07 15:17:11,523.7,8cddc6c8b272d40524410d0459d7100f15e174ca,1253189,,,,,,,,,,,,,,,,,,,,,,,,,,,,,,,,,,,,,,,,,,,,,,,,,,,,,,,,,,,,,TN,TN
autoland,4060512,13,77a9707257b88d3b15060667769a2def98a71cff,windows10-64-shippable-qr,True,False,,|c|o|l|d| |f|i|s|s|i|o|n| |i|n|t|e|r|a|c|t|i|v|e| |w|e|b|r|e|n|d|e|r|,102210fe594ee9b33d82058545b1ed14f4c8206e,LastVisualChange,reddit-billgates-post-1.posts,True,reddit-billgates-post-1.posts LastVisualChange opt cold fission webrender,,77,ms,firefox,,1711878102,2023-06-07 15:17:11,545.5,8cddc6c8b272d40524410d0459d7100f15e174ca,1253189,,,,,,,,,,,,,,,,,,,,,,,,,,,,,,,,,,,,,,,,,,,,,,,,,,,,,,,,,,,,,TN,TN
autoland,4060512,13,77a9707257b88d3b15060667769a2def98a71cff,windows10-64-shippable-qr,True,False,,|c|o|l|d| |f|i|s|s|i|o|n| |i|n|t|e|r|a|c|t|i|v|e| |w|e|b|r|e|n|d|e|r|,102210fe594ee9b33d82058545b1ed14f4c8206e,LastVisualChange,reddit-billgates-post-1.posts,True,reddit-billgates-post-1.posts LastVisualChange opt cold fission webrender,,77,ms,firefox,,1709034123,2023-06-07 15:47:06,535.2,6c25087564b281ed8b869e503c2e5fefe66b374d,1253216,,,,,,,,,,,,,,,,,,,,,,,,,,,,,,,,,,,,,,,,,,,,,,,,,,,,,,,,,,,,,TN,TN
autoland,4060512,13,77a9707257b88d3b15060667769a2def98a71cff,windows10-64-shippable-qr,True,False,,|c|o|l|d| |f|i|s|s|i|o|n| |i|n|t|e|r|a|c|t|i|v|e| |w|e|b|r|e|n|d|e|r|,102210fe594ee9b33d82058545b1ed14f4c8206e,LastVisualChange,reddit-billgates-post-1.posts,True,reddit-billgates-post-1.posts LastVisualChange opt cold fission webrender,,77,ms,firefox,,1711878236,2023-06-07 15:47:06,551.2,6c25087564b281ed8b869e503c2e5fefe66b374d,1253216,,,,,,,,,,,,,,,,,,,,,,,,,,,,,,,,,,,,,,,,,,,,,,,,,,,,,,,,,,,,,TN,TN
autoland,4060512,13,77a9707257b88d3b15060667769a2def98a71cff,windows10-64-shippable-qr,True,False,,|c|o|l|d| |f|i|s|s|i|o|n| |i|n|t|e|r|a|c|t|i|v|e| |w|e|b|r|e|n|d|e|r|,102210fe594ee9b33d82058545b1ed14f4c8206e,LastVisualChange,reddit-billgates-post-1.posts,True,reddit-billgates-post-1.posts LastVisualChange opt cold fission webrender,,77,ms,firefox,,1709035152,2023-06-07 15:48:02,558.1,7c11166969ffdffff834f8bf6afaabc0cb764c1f,1253217,,,,,,,,,,,,,,,,,,,,,,,,,,,,,,,,,,,,,,,,,,,,,,,,,,,,,,,,,,,,,TN,TN
autoland,4060512,13,77a9707257b88d3b15060667769a2def98a71cff,windows10-64-shippable-qr,True,False,,|c|o|l|d| |f|i|s|s|i|o|n| |i|n|t|e|r|a|c|t|i|v|e| |w|e|b|r|e|n|d|e|r|,102210fe594ee9b33d82058545b1ed14f4c8206e,LastVisualChange,reddit-billgates-post-1.posts,True,reddit-billgates-post-1.posts LastVisualChange opt cold fission webrender,,77,ms,firefox,,1711879801,2023-06-07 15:48:02,538.9,7c11166969ffdffff834f8bf6afaabc0cb764c1f,1253217,,,,,,,,,,,,,,,,,,,,,,,,,,,,,,,,,,,,,,,,,,,,,,,,,,,,,,,,,,,,,TN,TN
autoland,4060512,13,77a9707257b88d3b15060667769a2def98a71cff,windows10-64-shippable-qr,True,False,,|c|o|l|d| |f|i|s|s|i|o|n| |i|n|t|e|r|a|c|t|i|v|e| |w|e|b|r|e|n|d|e|r|,102210fe594ee9b33d82058545b1ed14f4c8206e,LastVisualChange,reddit-billgates-post-1.posts,True,reddit-billgates-post-1.posts LastVisualChange opt cold fission webrender,,77,ms,firefox,,1709033906,2023-06-07 16:03:09,547.9,2b647eb982bc0068d39fe58c6f59bebe55909343,1253229,,,,,,,,,,,,,,,,,,,,,,,,,,,,,,,,,,,,,,,,,,,,,,,,,,,,,,,,,,,,,TN,TN
autoland,4060512,13,77a9707257b88d3b15060667769a2def98a71cff,windows10-64-shippable-qr,True,False,,|c|o|l|d| |f|i|s|s|i|o|n| |i|n|t|e|r|a|c|t|i|v|e| |w|e|b|r|e|n|d|e|r|,102210fe594ee9b33d82058545b1ed14f4c8206e,LastVisualChange,reddit-billgates-post-1.posts,True,reddit-billgates-post-1.posts LastVisualChange opt cold fission webrender,,77,ms,firefox,,1711879738,2023-06-07 16:03:09,528.5,2b647eb982bc0068d39fe58c6f59bebe55909343,1253229,,,,,,,,,,,,,,,,,,,,,,,,,,,,,,,,,,,,,,,,,,,,,,,,,,,,,,,,,,,,,TN,TN
autoland,4060512,13,77a9707257b88d3b15060667769a2def98a71cff,windows10-64-shippable-qr,True,False,,|c|o|l|d| |f|i|s|s|i|o|n| |i|n|t|e|r|a|c|t|i|v|e| |w|e|b|r|e|n|d|e|r|,102210fe594ee9b33d82058545b1ed14f4c8206e,LastVisualChange,reddit-billgates-post-1.posts,True,reddit-billgates-post-1.posts LastVisualChange opt cold fission webrender,,77,ms,firefox,,1709030808,2023-06-07 16:05:19,531.7,ade82472143e58b76ba1bfd2f4a02156c2150fc8,1253231,,,,,,,,,,,,,,,,,,,,,,,,,,,,,,,,,,,,,,,,,,,,,,,,,,,,,,,,,,,,,TN,TN
autoland,4060512,13,77a9707257b88d3b15060667769a2def98a71cff,windows10-64-shippable-qr,True,False,,|c|o|l|d| |f|i|s|s|i|o|n| |i|n|t|e|r|a|c|t|i|v|e| |w|e|b|r|e|n|d|e|r|,102210fe594ee9b33d82058545b1ed14f4c8206e,LastVisualChange,reddit-billgates-post-1.posts,True,reddit-billgates-post-1.posts LastVisualChange opt cold fission webrender,,77,ms,firefox,,1711878141,2023-06-07 16:05:19,532.6,ade82472143e58b76ba1bfd2f4a02156c2150fc8,1253231,,,,,,,,,,,,,,,,,,,,,,,,,,,,,,,,,,,,,,,,,,,,,,,,,,,,,,,,,,,,,TN,TN
autoland,4060512,13,77a9707257b88d3b15060667769a2def98a71cff,windows10-64-shippable-qr,True,False,,|c|o|l|d| |f|i|s|s|i|o|n| |i|n|t|e|r|a|c|t|i|v|e| |w|e|b|r|e|n|d|e|r|,102210fe594ee9b33d82058545b1ed14f4c8206e,LastVisualChange,reddit-billgates-post-1.posts,True,reddit-billgates-post-1.posts LastVisualChange opt cold fission webrender,,77,ms,firefox,,1709034999,2023-06-07 16:19:27,548.0,c6aac44fd0d60475ee1bffe4a518104bcb55849b,1253239,,,,,,,,,,,,,,,,,,,,,,,,,,,,,,,,,,,,,,,,,,,,,,,,,,,,,,,,,,,,,TN,TN
autoland,4060512,13,77a9707257b88d3b15060667769a2def98a71cff,windows10-64-shippable-qr,True,False,,|c|o|l|d| |f|i|s|s|i|o|n| |i|n|t|e|r|a|c|t|i|v|e| |w|e|b|r|e|n|d|e|r|,102210fe594ee9b33d82058545b1ed14f4c8206e,LastVisualChange,reddit-billgates-post-1.posts,True,reddit-billgates-post-1.posts LastVisualChange opt cold fission webrender,,77,ms,firefox,,1711878066,2023-06-07 16:19:27,498.7,c6aac44fd0d60475ee1bffe4a518104bcb55849b,1253239,,,,,,,,,,,,,,,,,,,,,,,,,,,,,,,,,,,,,,,,,,,,,,,,,,,,,,,,,,,,,TN,TN
autoland,4060512,13,77a9707257b88d3b15060667769a2def98a71cff,windows10-64-shippable-qr,True,False,,|c|o|l|d| |f|i|s|s|i|o|n| |i|n|t|e|r|a|c|t|i|v|e| |w|e|b|r|e|n|d|e|r|,102210fe594ee9b33d82058545b1ed14f4c8206e,LastVisualChange,reddit-billgates-post-1.posts,True,reddit-billgates-post-1.posts LastVisualChange opt cold fission webrender,,77,ms,firefox,,1707463831,2023-06-07 16:40:09,566.5,1e9ddd307894fd2055ca49dcaa461478d0acea9e,1253256,,,,,,,,,,,,,,,,,,,,,,,,,,,,,,,,,,,,,,,,,,,,,,,,,,,,,,,,,,,,,TN,TN
autoland,4060512,13,77a9707257b88d3b15060667769a2def98a71cff,windows10-64-shippable-qr,True,False,,|c|o|l|d| |f|i|s|s|i|o|n| |i|n|t|e|r|a|c|t|i|v|e| |w|e|b|r|e|n|d|e|r|,102210fe594ee9b33d82058545b1ed14f4c8206e,LastVisualChange,reddit-billgates-post-1.posts,True,reddit-billgates-post-1.posts LastVisualChange opt cold fission webrender,,77,ms,firefox,,1711879920,2023-06-07 16:40:09,658.4,1e9ddd307894fd2055ca49dcaa461478d0acea9e,1253256,,,,,,,,,,,,,,,,,,,,,,,,,,,,,,,,,,,,,,,,,,,,,,,,,,,,,,,,,,,,,TN,TN
autoland,4060512,13,77a9707257b88d3b15060667769a2def98a71cff,windows10-64-shippable-qr,True,False,,|c|o|l|d| |f|i|s|s|i|o|n| |i|n|t|e|r|a|c|t|i|v|e| |w|e|b|r|e|n|d|e|r|,102210fe594ee9b33d82058545b1ed14f4c8206e,LastVisualChange,reddit-billgates-post-1.posts,True,reddit-billgates-post-1.posts LastVisualChange opt cold fission webrender,,77,ms,firefox,,1711944770,2023-06-07 17:12:35,521.8,2c8e99462d7dcbac2df0948cb9ab65d40d1d2fb7,1253283,,,,,,,,,,,,,,,,,,,,,,,,,,,,,,,,,,,,,,,,,,,,,,,,,,,,,,,,,,,,,TN,TN
autoland,4060512,13,77a9707257b88d3b15060667769a2def98a71cff,windows10-64-shippable-qr,True,False,,|c|o|l|d| |f|i|s|s|i|o|n| |i|n|t|e|r|a|c|t|i|v|e| |w|e|b|r|e|n|d|e|r|,102210fe594ee9b33d82058545b1ed14f4c8206e,LastVisualChange,reddit-billgates-post-1.posts,True,reddit-billgates-post-1.posts LastVisualChange opt cold fission webrender,,77,ms,firefox,,1711943498,2023-06-07 17:31:25,524.6,5c5cf716aa0b01aecd8702254427825c9de1b8fa,1253299,,,,,,,,,,,,,,,,,,,,,,,,,,,,,,,,,,,,,,,,,,,,,,,,,,,,,,,,,,,,,TN,TN
autoland,4060512,13,77a9707257b88d3b15060667769a2def98a71cff,windows10-64-shippable-qr,True,False,,|c|o|l|d| |f|i|s|s|i|o|n| |i|n|t|e|r|a|c|t|i|v|e| |w|e|b|r|e|n|d|e|r|,102210fe594ee9b33d82058545b1ed14f4c8206e,LastVisualChange,reddit-billgates-post-1.posts,True,reddit-billgates-post-1.posts LastVisualChange opt cold fission webrender,,77,ms,firefox,,1711942951,2023-06-07 17:31:25,525.6,5c5cf716aa0b01aecd8702254427825c9de1b8fa,1253299,,,,,,,,,,,,,,,,,,,,,,,,,,,,,,,,,,,,,,,,,,,,,,,,,,,,,,,,,,,,,TN,TN
autoland,4060512,13,77a9707257b88d3b15060667769a2def98a71cff,windows10-64-shippable-qr,True,False,,|c|o|l|d| |f|i|s|s|i|o|n| |i|n|t|e|r|a|c|t|i|v|e| |w|e|b|r|e|n|d|e|r|,102210fe594ee9b33d82058545b1ed14f4c8206e,LastVisualChange,reddit-billgates-post-1.posts,True,reddit-billgates-post-1.posts LastVisualChange opt cold fission webrender,,77,ms,firefox,,1711943531,2023-06-07 17:31:25,521.6,5c5cf716aa0b01aecd8702254427825c9de1b8fa,1253299,,,,,,,,,,,,,,,,,,,,,,,,,,,,,,,,,,,,,,,,,,,,,,,,,,,,,,,,,,,,,TN,TN
autoland,4060512,13,77a9707257b88d3b15060667769a2def98a71cff,windows10-64-shippable-qr,True,False,,|c|o|l|d| |f|i|s|s|i|o|n| |i|n|t|e|r|a|c|t|i|v|e| |w|e|b|r|e|n|d|e|r|,102210fe594ee9b33d82058545b1ed14f4c8206e,LastVisualChange,reddit-billgates-post-1.posts,True,reddit-billgates-post-1.posts LastVisualChange opt cold fission webrender,,77,ms,firefox,,1711937258,2023-06-07 17:48:08,535.1,644365850bed5f7e48b9a2f09329307137c8531a,1253306,,,,,,,,,,,,,,,,,,,,,,,,,,,,,,,,,,,,,,,,,,,,,,,,,,,,,,,,,,,,,TN,TN
autoland,4060512,13,77a9707257b88d3b15060667769a2def98a71cff,windows10-64-shippable-qr,True,False,,|c|o|l|d| |f|i|s|s|i|o|n| |i|n|t|e|r|a|c|t|i|v|e| |w|e|b|r|e|n|d|e|r|,102210fe594ee9b33d82058545b1ed14f4c8206e,LastVisualChange,reddit-billgates-post-1.posts,True,reddit-billgates-post-1.posts LastVisualChange opt cold fission webrender,,77,ms,firefox,,1711939373,2023-06-07 18:31:44,519.1,d449787c7e13563e1ab1dc5a4161399da2df2e25,1253333,,,,,,,,,,,,,,,,,,,,,,,,,,,,,,,,,,,,,,,,,,,,,,,,,,,,,,,,,,,,,TN,TN
autoland,4060512,13,77a9707257b88d3b15060667769a2def98a71cff,windows10-64-shippable-qr,True,False,,|c|o|l|d| |f|i|s|s|i|o|n| |i|n|t|e|r|a|c|t|i|v|e| |w|e|b|r|e|n|d|e|r|,102210fe594ee9b33d82058545b1ed14f4c8206e,LastVisualChange,reddit-billgates-post-1.posts,True,reddit-billgates-post-1.posts LastVisualChange opt cold fission webrender,,77,ms,firefox,,1711939678,2023-06-07 18:44:55,522.1,71539667f4c9a92fac86ffd9567c49fe403448c8,1253343,,,,,,,,,,,,,,,,,,,,,,,,,,,,,,,,,,,,,,,,,,,,,,,,,,,,,,,,,,,,,TN,TN
autoland,4060512,13,77a9707257b88d3b15060667769a2def98a71cff,windows10-64-shippable-qr,True,False,,|c|o|l|d| |f|i|s|s|i|o|n| |i|n|t|e|r|a|c|t|i|v|e| |w|e|b|r|e|n|d|e|r|,102210fe594ee9b33d82058545b1ed14f4c8206e,LastVisualChange,reddit-billgates-post-1.posts,True,reddit-billgates-post-1.posts LastVisualChange opt cold fission webrender,,77,ms,firefox,,1709035253,2023-06-07 18:57:57,536.3,7475f15e4029fad1f0301d1391c4d894415a79a7,1253348,,,,,,,,,,,,,,,,,,,,,,,,,,,,,,,,,,,,,,,,,,,,,,,,,,,,,,,,,,,,,TN,TN
autoland,4060512,13,77a9707257b88d3b15060667769a2def98a71cff,windows10-64-shippable-qr,True,False,,|c|o|l|d| |f|i|s|s|i|o|n| |i|n|t|e|r|a|c|t|i|v|e| |w|e|b|r|e|n|d|e|r|,102210fe594ee9b33d82058545b1ed14f4c8206e,LastVisualChange,reddit-billgates-post-1.posts,True,reddit-billgates-post-1.posts LastVisualChange opt cold fission webrender,,77,ms,firefox,,1711877432,2023-06-07 18:57:57,520.9,7475f15e4029fad1f0301d1391c4d894415a79a7,1253348,,,,,,,,,,,,,,,,,,,,,,,,,,,,,,,,,,,,,,,,,,,,,,,,,,,,,,,,,,,,,TN,TN
autoland,4060512,13,77a9707257b88d3b15060667769a2def98a71cff,windows10-64-shippable-qr,True,False,,|c|o|l|d| |f|i|s|s|i|o|n| |i|n|t|e|r|a|c|t|i|v|e| |w|e|b|r|e|n|d|e|r|,102210fe594ee9b33d82058545b1ed14f4c8206e,LastVisualChange,reddit-billgates-post-1.posts,True,reddit-billgates-post-1.posts LastVisualChange opt cold fission webrender,,77,ms,firefox,,1711877549,2023-06-07 18:57:57,588.5,7475f15e4029fad1f0301d1391c4d894415a79a7,1253348,,,,,,,,,,,,,,,,,,,,,,,,,,,,,,,,,,,,,,,,,,,,,,,,,,,,,,,,,,,,,TN,TN
autoland,4060512,13,77a9707257b88d3b15060667769a2def98a71cff,windows10-64-shippable-qr,True,False,,|c|o|l|d| |f|i|s|s|i|o|n| |i|n|t|e|r|a|c|t|i|v|e| |w|e|b|r|e|n|d|e|r|,102210fe594ee9b33d82058545b1ed14f4c8206e,LastVisualChange,reddit-billgates-post-1.posts,True,reddit-billgates-post-1.posts LastVisualChange opt cold fission webrender,,77,ms,firefox,,1711877330,2023-06-07 18:57:57,562.3,7475f15e4029fad1f0301d1391c4d894415a79a7,1253348,,,,,,,,,,,,,,,,,,,,,,,,,,,,,,,,,,,,,,,,,,,,,,,,,,,,,,,,,,,,,TN,TN
autoland,4060512,13,77a9707257b88d3b15060667769a2def98a71cff,windows10-64-shippable-qr,True,False,,|c|o|l|d| |f|i|s|s|i|o|n| |i|n|t|e|r|a|c|t|i|v|e| |w|e|b|r|e|n|d|e|r|,102210fe594ee9b33d82058545b1ed14f4c8206e,LastVisualChange,reddit-billgates-post-1.posts,True,reddit-billgates-post-1.posts LastVisualChange opt cold fission webrender,,77,ms,firefox,,1711877391,2023-06-07 18:57:57,527.9,7475f15e4029fad1f0301d1391c4d894415a79a7,1253348,,,,,,,,,,,,,,,,,,,,,,,,,,,,,,,,,,,,,,,,,,,,,,,,,,,,,,,,,,,,,TN,TN
autoland,4060512,13,77a9707257b88d3b15060667769a2def98a71cff,windows10-64-shippable-qr,True,False,,|c|o|l|d| |f|i|s|s|i|o|n| |i|n|t|e|r|a|c|t|i|v|e| |w|e|b|r|e|n|d|e|r|,102210fe594ee9b33d82058545b1ed14f4c8206e,LastVisualChange,reddit-billgates-post-1.posts,True,reddit-billgates-post-1.posts LastVisualChange opt cold fission webrender,,77,ms,firefox,,1711877560,2023-06-07 18:57:57,525.6,7475f15e4029fad1f0301d1391c4d894415a79a7,1253348,,,,,,,,,,,,,,,,,,,,,,,,,,,,,,,,,,,,,,,,,,,,,,,,,,,,,,,,,,,,,TN,TN
autoland,4060512,13,77a9707257b88d3b15060667769a2def98a71cff,windows10-64-shippable-qr,True,False,,|c|o|l|d| |f|i|s|s|i|o|n| |i|n|t|e|r|a|c|t|i|v|e| |w|e|b|r|e|n|d|e|r|,102210fe594ee9b33d82058545b1ed14f4c8206e,LastVisualChange,reddit-billgates-post-1.posts,True,reddit-billgates-post-1.posts LastVisualChange opt cold fission webrender,,77,ms,firefox,,1711877381,2023-06-07 18:57:57,545.4,7475f15e4029fad1f0301d1391c4d894415a79a7,1253348,,,,,,,,,,,,,,,,,,,,,,,,,,,,,,,,,,,,,,,,,,,,,,,,,,,,,,,,,,,,,TN,TN
autoland,4060512,13,77a9707257b88d3b15060667769a2def98a71cff,windows10-64-shippable-qr,True,False,,|c|o|l|d| |f|i|s|s|i|o|n| |i|n|t|e|r|a|c|t|i|v|e| |w|e|b|r|e|n|d|e|r|,102210fe594ee9b33d82058545b1ed14f4c8206e,LastVisualChange,reddit-billgates-post-1.posts,True,reddit-billgates-post-1.posts LastVisualChange opt cold fission webrender,,77,ms,firefox,,1711879003,2023-06-07 18:57:57,551.9,7475f15e4029fad1f0301d1391c4d894415a79a7,1253348,,,,,,,,,,,,,,,,,,,,,,,,,,,,,,,,,,,,,,,,,,,,,,,,,,,,,,,,,,,,,TN,TN
autoland,4060512,13,77a9707257b88d3b15060667769a2def98a71cff,windows10-64-shippable-qr,True,False,,|c|o|l|d| |f|i|s|s|i|o|n| |i|n|t|e|r|a|c|t|i|v|e| |w|e|b|r|e|n|d|e|r|,102210fe594ee9b33d82058545b1ed14f4c8206e,LastVisualChange,reddit-billgates-post-1.posts,True,reddit-billgates-post-1.posts LastVisualChange opt cold fission webrender,,77,ms,firefox,,1709035184,2023-06-07 19:49:45,531.7,0eba2dd79f07ef9c463e07f46abfae60d8096548,1253363,,,,,,,,,,,,,,,,,,,,,,,,,,,,,,,,,,,,,,,,,,,,,,,,,,,,,,,,,,,,,TN,TN
autoland,4060512,13,77a9707257b88d3b15060667769a2def98a71cff,windows10-64-shippable-qr,True,False,,|c|o|l|d| |f|i|s|s|i|o|n| |i|n|t|e|r|a|c|t|i|v|e| |w|e|b|r|e|n|d|e|r|,102210fe594ee9b33d82058545b1ed14f4c8206e,LastVisualChange,reddit-billgates-post-1.posts,True,reddit-billgates-post-1.posts LastVisualChange opt cold fission webrender,,77,ms,firefox,,1709035036,2023-06-07 20:08:44,536.0,7f774791b94b08a7a7c58e7a09bb6ebb8bb13288,1253375,,,,,,,,,,,,,,,,,,,,,,,,,,,,,,,,,,,,,,,,,,,,,,,,,,,,,,,,,,,,,TN,TN
autoland,4060512,13,77a9707257b88d3b15060667769a2def98a71cff,windows10-64-shippable-qr,True,False,,|c|o|l|d| |f|i|s|s|i|o|n| |i|n|t|e|r|a|c|t|i|v|e| |w|e|b|r|e|n|d|e|r|,102210fe594ee9b33d82058545b1ed14f4c8206e,LastVisualChange,reddit-billgates-post-1.posts,True,reddit-billgates-post-1.posts LastVisualChange opt cold fission webrender,,77,ms,firefox,,1709034759,2023-06-07 20:13:56,540.7,6496227c461b83d4010011721b1e720434e5ccb3,1253378,,,,,,,,,,,,,,,,,,,,,,,,,,,,,,,,,,,,,,,,,,,,,,,,,,,,,,,,,,,,,TN,TN
autoland,4060512,13,77a9707257b88d3b15060667769a2def98a71cff,windows10-64-shippable-qr,True,False,,|c|o|l|d| |f|i|s|s|i|o|n| |i|n|t|e|r|a|c|t|i|v|e| |w|e|b|r|e|n|d|e|r|,102210fe594ee9b33d82058545b1ed14f4c8206e,LastVisualChange,reddit-billgates-post-1.posts,True,reddit-billgates-post-1.posts LastVisualChange opt cold fission webrender,,77,ms,firefox,,1709021614,2023-06-07 20:19:25,550.9,5f22b69d2d2bc9720acef26cafa4306a3a912d00,1253380,,,,,,,,,,,,,,,,,,,,,,,,,,,,,,,,,,,,,,,,,,,,,,,,,,,,,,,,,,,,,TN,TN
autoland,4060512,13,77a9707257b88d3b15060667769a2def98a71cff,windows10-64-shippable-qr,True,False,,|c|o|l|d| |f|i|s|s|i|o|n| |i|n|t|e|r|a|c|t|i|v|e| |w|e|b|r|e|n|d|e|r|,102210fe594ee9b33d82058545b1ed14f4c8206e,LastVisualChange,reddit-billgates-post-1.posts,True,reddit-billgates-post-1.posts LastVisualChange opt cold fission webrender,,77,ms,firefox,,1709030666,2023-06-07 20:22:44,555.7,da3399f91bee4eb329aad7a0b30b6500e58cf064,1253383,,,,,,,,,,,,,,,,,,,,,,,,,,,,,,,,,,,,,,,,,,,,,,,,,,,,,,,,,,,,,TN,TN
autoland,4060512,13,77a9707257b88d3b15060667769a2def98a71cff,windows10-64-shippable-qr,True,False,,|c|o|l|d| |f|i|s|s|i|o|n| |i|n|t|e|r|a|c|t|i|v|e| |w|e|b|r|e|n|d|e|r|,102210fe594ee9b33d82058545b1ed14f4c8206e,LastVisualChange,reddit-billgates-post-1.posts,True,reddit-billgates-post-1.posts LastVisualChange opt cold fission webrender,,77,ms,firefox,,1709030840,2023-06-07 20:24:52,532.9,a469361219824ccb2acfea3183eaeeef9c500f81,1253385,,,,,,,,,,,,,,,,,,,,,,,,,,,,,,,,,,,,,,,,,,,,,,,,,,,,,,,,,,,,,TN,TN
autoland,4060512,13,77a9707257b88d3b15060667769a2def98a71cff,windows10-64-shippable-qr,True,False,,|c|o|l|d| |f|i|s|s|i|o|n| |i|n|t|e|r|a|c|t|i|v|e| |w|e|b|r|e|n|d|e|r|,102210fe594ee9b33d82058545b1ed14f4c8206e,LastVisualChange,reddit-billgates-post-1.posts,True,reddit-billgates-post-1.posts LastVisualChange opt cold fission webrender,,77,ms,firefox,,1709033719,2023-06-07 20:26:47,502.4,dbbb407831c0eabd9c1e0062620bf42601000e5e,1253389,,,,,,,,,,,,,,,,,,,,,,,,,,,,,,,,,,,,,,,,,,,,,,,,,,,,,,,,,,,,,TN,TN
autoland,4060512,13,77a9707257b88d3b15060667769a2def98a71cff,windows10-64-shippable-qr,True,False,,|c|o|l|d| |f|i|s|s|i|o|n| |i|n|t|e|r|a|c|t|i|v|e| |w|e|b|r|e|n|d|e|r|,102210fe594ee9b33d82058545b1ed14f4c8206e,LastVisualChange,reddit-billgates-post-1.posts,True,reddit-billgates-post-1.posts LastVisualChange opt cold fission webrender,,77,ms,firefox,,1709035075,2023-06-07 20:31:04,557.9,b843039f68066217b47c8990efb2fe2cb8bf6cd4,1253394,,,,,,,,,,,,,,,,,,,,,,,,,,,,,,,,,,,,,,,,,,,,,,,,,,,,,,,,,,,,,TN,TN
autoland,4060512,13,77a9707257b88d3b15060667769a2def98a71cff,windows10-64-shippable-qr,True,False,,|c|o|l|d| |f|i|s|s|i|o|n| |i|n|t|e|r|a|c|t|i|v|e| |w|e|b|r|e|n|d|e|r|,102210fe594ee9b33d82058545b1ed14f4c8206e,LastVisualChange,reddit-billgates-post-1.posts,True,reddit-billgates-post-1.posts LastVisualChange opt cold fission webrender,,77,ms,firefox,,1707616091,2023-06-07 20:51:47,538.7,d777b008615418be897668f8099b9e68f6666a3c,1253401,,,,,,,,,,,,,,,,,,,,,,,,,,,,,,,,,,,,,,,,,,,,,,,,,,,,,,,,,,,,,TN,TN
autoland,4060512,13,77a9707257b88d3b15060667769a2def98a71cff,windows10-64-shippable-qr,True,False,,|c|o|l|d| |f|i|s|s|i|o|n| |i|n|t|e|r|a|c|t|i|v|e| |w|e|b|r|e|n|d|e|r|,102210fe594ee9b33d82058545b1ed14f4c8206e,LastVisualChange,reddit-billgates-post-1.posts,True,reddit-billgates-post-1.posts LastVisualChange opt cold fission webrender,,77,ms,firefox,,1709034656,2023-06-07 20:52:45,573.4,345be3af098b36f0e41418c132c126c62d052011,1253402,,,,,,,,,,,,,,,,,,,,,,,,,,,,,,,,,,,,,,,,,,,,,,,,,,,,,,,,,,,,,TN,TN
autoland,4060512,13,77a9707257b88d3b15060667769a2def98a71cff,windows10-64-shippable-qr,True,False,,|c|o|l|d| |f|i|s|s|i|o|n| |i|n|t|e|r|a|c|t|i|v|e| |w|e|b|r|e|n|d|e|r|,102210fe594ee9b33d82058545b1ed14f4c8206e,LastVisualChange,reddit-billgates-post-1.posts,True,reddit-billgates-post-1.posts LastVisualChange opt cold fission webrender,,77,ms,firefox,,1709034224,2023-06-07 21:23:54,524.7,e008e952bb1067173b6b1216d43a33dc726c03dd,1253421,,,,,,,,,,,,,,,,,,,,,,,,,,,,,,,,,,,,,,,,,,,,,,,,,,,,,,,,,,,,,TN,TN
autoland,4060512,13,77a9707257b88d3b15060667769a2def98a71cff,windows10-64-shippable-qr,True,False,,|c|o|l|d| |f|i|s|s|i|o|n| |i|n|t|e|r|a|c|t|i|v|e| |w|e|b|r|e|n|d|e|r|,102210fe594ee9b33d82058545b1ed14f4c8206e,LastVisualChange,reddit-billgates-post-1.posts,True,reddit-billgates-post-1.posts LastVisualChange opt cold fission webrender,,77,ms,firefox,,1709032204,2023-06-07 21:35:08,541.7,ffe8cc3f5dd6ba3a915c2398827374e65c4a670a,1253429,,,,,,,,,,,,,,,,,,,,,,,,,,,,,,,,,,,,,,,,,,,,,,,,,,,,,,,,,,,,,TN,TN
autoland,4060512,13,77a9707257b88d3b15060667769a2def98a71cff,windows10-64-shippable-qr,True,False,,|c|o|l|d| |f|i|s|s|i|o|n| |i|n|t|e|r|a|c|t|i|v|e| |w|e|b|r|e|n|d|e|r|,102210fe594ee9b33d82058545b1ed14f4c8206e,LastVisualChange,reddit-billgates-post-1.posts,True,reddit-billgates-post-1.posts LastVisualChange opt cold fission webrender,,77,ms,firefox,,1709036065,2023-06-07 22:32:37,574.2,8c19dab5b51003effa919d308ff033031f7c52f7,1253461,,,,,,,,,,,,,,,,,,,,,,,,,,,,,,,,,,,,,,,,,,,,,,,,,,,,,,,,,,,,,TN,TN
autoland,4060512,13,77a9707257b88d3b15060667769a2def98a71cff,windows10-64-shippable-qr,True,False,,|c|o|l|d| |f|i|s|s|i|o|n| |i|n|t|e|r|a|c|t|i|v|e| |w|e|b|r|e|n|d|e|r|,102210fe594ee9b33d82058545b1ed14f4c8206e,LastVisualChange,reddit-billgates-post-1.posts,True,reddit-billgates-post-1.posts LastVisualChange opt cold fission webrender,,77,ms,firefox,,1707647041,2023-06-07 22:54:42,559.0,c18688c9011d0dc50b79d2f830dbf323c8c75604,1253472,,,,,,,,,,,,,,,,,,,,,,,,,,,,,,,,,,,,,,,,,,,,,,,,,,,,,,,,,,,,,TN,TN
autoland,4060512,13,77a9707257b88d3b15060667769a2def98a71cff,windows10-64-shippable-qr,True,False,,|c|o|l|d| |f|i|s|s|i|o|n| |i|n|t|e|r|a|c|t|i|v|e| |w|e|b|r|e|n|d|e|r|,102210fe594ee9b33d82058545b1ed14f4c8206e,LastVisualChange,reddit-billgates-post-1.posts,True,reddit-billgates-post-1.posts LastVisualChange opt cold fission webrender,,77,ms,firefox,,1709032339,2023-06-07 23:02:26,545.5,6337ce701771eeb636593588020d085fbb169104,1253480,,,,,,,,,,,,,,,,,,,,,,,,,,,,,,,,,,,,,,,,,,,,,,,,,,,,,,,,,,,,,TN,TN
autoland,4060512,13,77a9707257b88d3b15060667769a2def98a71cff,windows10-64-shippable-qr,True,False,,|c|o|l|d| |f|i|s|s|i|o|n| |i|n|t|e|r|a|c|t|i|v|e| |w|e|b|r|e|n|d|e|r|,102210fe594ee9b33d82058545b1ed14f4c8206e,LastVisualChange,reddit-billgates-post-1.posts,True,reddit-billgates-post-1.posts LastVisualChange opt cold fission webrender,,77,ms,firefox,,1709035330,2023-06-07 23:06:05,520.5,63b555e1f503db91a54604fd8cef88dfab7c0c7a,1253483,,,,,,,,,,,,,,,,,,,,,,,,,,,,,,,,,,,,,,,,,,,,,,,,,,,,,,,,,,,,,TN,TN
autoland,4060512,13,77a9707257b88d3b15060667769a2def98a71cff,windows10-64-shippable-qr,True,False,,|c|o|l|d| |f|i|s|s|i|o|n| |i|n|t|e|r|a|c|t|i|v|e| |w|e|b|r|e|n|d|e|r|,102210fe594ee9b33d82058545b1ed14f4c8206e,LastVisualChange,reddit-billgates-post-1.posts,True,reddit-billgates-post-1.posts LastVisualChange opt cold fission webrender,,77,ms,firefox,,1709032709,2023-06-07 23:09:48,525.2,1a563d30af62b76eb12f1c40063e502dee8c3047,1253484,,,,,,,,,,,,,,,,,,,,,,,,,,,,,,,,,,,,,,,,,,,,,,,,,,,,,,,,,,,,,TN,TN
autoland,4060512,13,77a9707257b88d3b15060667769a2def98a71cff,windows10-64-shippable-qr,True,False,,|c|o|l|d| |f|i|s|s|i|o|n| |i|n|t|e|r|a|c|t|i|v|e| |w|e|b|r|e|n|d|e|r|,102210fe594ee9b33d82058545b1ed14f4c8206e,LastVisualChange,reddit-billgates-post-1.posts,True,reddit-billgates-post-1.posts LastVisualChange opt cold fission webrender,,77,ms,firefox,,1709021977,2023-06-07 23:16:29,515.7,9c1c9cd3e88b470b047d66dad6bd654077d2aceb,1253490,,,,,,,,,,,,,,,,,,,,,,,,,,,,,,,,,,,,,,,,,,,,,,,,,,,,,,,,,,,,,TN,TN
autoland,4060512,13,77a9707257b88d3b15060667769a2def98a71cff,windows10-64-shippable-qr,True,False,,|c|o|l|d| |f|i|s|s|i|o|n| |i|n|t|e|r|a|c|t|i|v|e| |w|e|b|r|e|n|d|e|r|,102210fe594ee9b33d82058545b1ed14f4c8206e,LastVisualChange,reddit-billgates-post-1.posts,True,reddit-billgates-post-1.posts LastVisualChange opt cold fission webrender,,77,ms,firefox,,1709035563,2023-06-07 23:27:07,525.0,8d2b1e733b506c2aa6eec6f498fb950ba21ed4d7,1253493,,,,,,,,,,,,,,,,,,,,,,,,,,,,,,,,,,,,,,,,,,,,,,,,,,,,,,,,,,,,,TN,TN
autoland,4060512,13,77a9707257b88d3b15060667769a2def98a71cff,windows10-64-shippable-qr,True,False,,|c|o|l|d| |f|i|s|s|i|o|n| |i|n|t|e|r|a|c|t|i|v|e| |w|e|b|r|e|n|d|e|r|,102210fe594ee9b33d82058545b1ed14f4c8206e,LastVisualChange,reddit-billgates-post-1.posts,True,reddit-billgates-post-1.posts LastVisualChange opt cold fission webrender,,77,ms,firefox,,1709034154,2023-06-08 00:09:23,535.5,d7616232740d98904aa4ef6fc6940308faec0846,1253514,,,,,,,,,,,,,,,,,,,,,,,,,,,,,,,,,,,,,,,,,,,,,,,,,,,,,,,,,,,,,TN,TN
autoland,4060512,13,77a9707257b88d3b15060667769a2def98a71cff,windows10-64-shippable-qr,True,False,,|c|o|l|d| |f|i|s|s|i|o|n| |i|n|t|e|r|a|c|t|i|v|e| |w|e|b|r|e|n|d|e|r|,102210fe594ee9b33d82058545b1ed14f4c8206e,LastVisualChange,reddit-billgates-post-1.posts,True,reddit-billgates-post-1.posts LastVisualChange opt cold fission webrender,,77,ms,firefox,,1709034260,2023-06-08 00:18:49,518.8,8676cb5ae56b68f2978f3077163c1aee6deda801,1253523,,,,,,,,,,,,,,,,,,,,,,,,,,,,,,,,,,,,,,,,,,,,,,,,,,,,,,,,,,,,,TN,TN
autoland,4060512,13,77a9707257b88d3b15060667769a2def98a71cff,windows10-64-shippable-qr,True,False,,|c|o|l|d| |f|i|s|s|i|o|n| |i|n|t|e|r|a|c|t|i|v|e| |w|e|b|r|e|n|d|e|r|,102210fe594ee9b33d82058545b1ed14f4c8206e,LastVisualChange,reddit-billgates-post-1.posts,True,reddit-billgates-post-1.posts LastVisualChange opt cold fission webrender,,77,ms,firefox,,1709034188,2023-06-08 00:35:16,534.5,38223a5468bb2b7e280f1f85ec7cd63161bb66da,1253534,,,,,,,,,,,,,,,,,,,,,,,,,,,,,,,,,,,,,,,,,,,,,,,,,,,,,,,,,,,,,TN,TN
autoland,4060512,13,77a9707257b88d3b15060667769a2def98a71cff,windows10-64-shippable-qr,True,False,,|c|o|l|d| |f|i|s|s|i|o|n| |i|n|t|e|r|a|c|t|i|v|e| |w|e|b|r|e|n|d|e|r|,102210fe594ee9b33d82058545b1ed14f4c8206e,LastVisualChange,reddit-billgates-post-1.posts,True,reddit-billgates-post-1.posts LastVisualChange opt cold fission webrender,,77,ms,firefox,,1709033751,2023-06-08 01:20:23,528.8,ae3297a52338b10fabe0751d18510a1d0984bd6a,1253551,,,,,,,,,,,,,,,,,,,,,,,,,,,,,,,,,,,,,,,,,,,,,,,,,,,,,,,,,,,,,TN,TN
autoland,4060512,13,77a9707257b88d3b15060667769a2def98a71cff,windows10-64-shippable-qr,True,False,,|c|o|l|d| |f|i|s|s|i|o|n| |i|n|t|e|r|a|c|t|i|v|e| |w|e|b|r|e|n|d|e|r|,102210fe594ee9b33d82058545b1ed14f4c8206e,LastVisualChange,reddit-billgates-post-1.posts,True,reddit-billgates-post-1.posts LastVisualChange opt cold fission webrender,,77,ms,firefox,,1707766442,2023-06-08 03:47:09,520.0,2b2fb0c1bd13f27bbd5094192791600a5e261c4b,1253596,,,,,,,,,,,,,,,,,,,,,,,,,,,,,,,,,,,,,,,,,,,,,,,,,,,,,,,,,,,,,TN,TN
autoland,4060512,13,77a9707257b88d3b15060667769a2def98a71cff,windows10-64-shippable-qr,True,False,,|c|o|l|d| |f|i|s|s|i|o|n| |i|n|t|e|r|a|c|t|i|v|e| |w|e|b|r|e|n|d|e|r|,102210fe594ee9b33d82058545b1ed14f4c8206e,LastVisualChange,reddit-billgates-post-1.posts,True,reddit-billgates-post-1.posts LastVisualChange opt cold fission webrender,,77,ms,firefox,,1707840130,2023-06-08 06:27:32,542.1,d588d40904f7880592d27c083cb64d31864340cb,1253626,,,,,,,,,,,,,,,,,,,,,,,,,,,,,,,,,,,,,,,,,,,,,,,,,,,,,,,,,,,,,TN,TN
autoland,4060512,13,77a9707257b88d3b15060667769a2def98a71cff,windows10-64-shippable-qr,True,False,,|c|o|l|d| |f|i|s|s|i|o|n| |i|n|t|e|r|a|c|t|i|v|e| |w|e|b|r|e|n|d|e|r|,102210fe594ee9b33d82058545b1ed14f4c8206e,LastVisualChange,reddit-billgates-post-1.posts,True,reddit-billgates-post-1.posts LastVisualChange opt cold fission webrender,,77,ms,firefox,,1707995494,2023-06-08 10:57:22,549.4,a86d5a3f177d480362c07a9ed34166ae41840ab6,1253788,,,,,,,,,,,,,,,,,,,,,,,,,,,,,,,,,,,,,,,,,,,,,,,,,,,,,,,,,,,,,TN,TN
autoland,4060512,13,77a9707257b88d3b15060667769a2def98a71cff,windows10-64-shippable-qr,True,False,,|c|o|l|d| |f|i|s|s|i|o|n| |i|n|t|e|r|a|c|t|i|v|e| |w|e|b|r|e|n|d|e|r|,102210fe594ee9b33d82058545b1ed14f4c8206e,LastVisualChange,reddit-billgates-post-1.posts,True,reddit-billgates-post-1.posts LastVisualChange opt cold fission webrender,,77,ms,firefox,,1708347977,2023-06-08 21:44:04,548.7,c7b3905a77fb83c75344dddb5646c5c7f5d16714,1254265,,,,,,,,,,,,,,,,,,,,,,,,,,,,,,,,,,,,,,,,,,,,,,,,,,,,,,,,,,,,,TN,TN
autoland,4060512,13,77a9707257b88d3b15060667769a2def98a71cff,windows10-64-shippable-qr,True,False,,|c|o|l|d| |f|i|s|s|i|o|n| |i|n|t|e|r|a|c|t|i|v|e| |w|e|b|r|e|n|d|e|r|,102210fe594ee9b33d82058545b1ed14f4c8206e,LastVisualChange,reddit-billgates-post-1.posts,True,reddit-billgates-post-1.posts LastVisualChange opt cold fission webrender,,77,ms,firefox,,1708439167,2023-06-09 02:20:20,551.6,d18ffb52540958c2b12d76b4a392e12df3bc4280,1254350,,,,,,,,,,,,,,,,,,,,,,,,,,,,,,,,,,,,,,,,,,,,,,,,,,,,,,,,,,,,,TN,TN
autoland,4060512,13,77a9707257b88d3b15060667769a2def98a71cff,windows10-64-shippable-qr,True,False,,|c|o|l|d| |f|i|s|s|i|o|n| |i|n|t|e|r|a|c|t|i|v|e| |w|e|b|r|e|n|d|e|r|,102210fe594ee9b33d82058545b1ed14f4c8206e,LastVisualChange,reddit-billgates-post-1.posts,True,reddit-billgates-post-1.posts LastVisualChange opt cold fission webrender,,77,ms,firefox,,1708500910,2023-06-09 06:38:52,565.1,e76a7e9393add417bcf6a33d7e0c71909cc3c6d9,1254404,,,,,,,,,,,,,,,,,,,,,,,,,,,,,,,,,,,,,,,,,,,,,,,,,,,,,,,,,,,,,TN,TN
autoland,4060512,13,77a9707257b88d3b15060667769a2def98a71cff,windows10-64-shippable-qr,True,False,,|c|o|l|d| |f|i|s|s|i|o|n| |i|n|t|e|r|a|c|t|i|v|e| |w|e|b|r|e|n|d|e|r|,102210fe594ee9b33d82058545b1ed14f4c8206e,LastVisualChange,reddit-billgates-post-1.posts,True,reddit-billgates-post-1.posts LastVisualChange opt cold fission webrender,,77,ms,firefox,,1708529321,2023-06-09 08:40:41,548.4,6453bd709950f540a9b961069fe05277eec38c4e,1254469,,,,,,,,,,,,,,,,,,,,,,,,,,,,,,,,,,,,,,,,,,,,,,,,,,,,,,,,,,,,,TN,TN
autoland,4060512,13,77a9707257b88d3b15060667769a2def98a71cff,windows10-64-shippable-qr,True,False,,|c|o|l|d| |f|i|s|s|i|o|n| |i|n|t|e|r|a|c|t|i|v|e| |w|e|b|r|e|n|d|e|r|,102210fe594ee9b33d82058545b1ed14f4c8206e,LastVisualChange,reddit-billgates-post-1.posts,True,reddit-billgates-post-1.posts LastVisualChange opt cold fission webrender,,77,ms,firefox,,1708685999,2023-06-09 13:23:42,531.7,7467d3da5f29eddf7cf135a00cef8cf87b5c6911,1254611,,,,,,,,,,,,,,,,,,,,,,,,,,,,,,,,,,,,,,,,,,,,,,,,,,,,,,,,,,,,,TN,TN
autoland,4060512,13,77a9707257b88d3b15060667769a2def98a71cff,windows10-64-shippable-qr,True,False,,|c|o|l|d| |f|i|s|s|i|o|n| |i|n|t|e|r|a|c|t|i|v|e| |w|e|b|r|e|n|d|e|r|,102210fe594ee9b33d82058545b1ed14f4c8206e,LastVisualChange,reddit-billgates-post-1.posts,True,reddit-billgates-post-1.posts LastVisualChange opt cold fission webrender,,77,ms,firefox,,1708874438,2023-06-09 18:12:56,518.2,439e88bdf46b8545bcf3fbf4d1cac9bf084df91d,1254830,,,,,,,,,,,,,,,,,,,,,,,,,,,,,,,,,,,,,,,,,,,,,,,,,,,,,,,,,,,,,TN,TN
autoland,4060512,13,77a9707257b88d3b15060667769a2def98a71cff,windows10-64-shippable-qr,True,False,,|c|o|l|d| |f|i|s|s|i|o|n| |i|n|t|e|r|a|c|t|i|v|e| |w|e|b|r|e|n|d|e|r|,102210fe594ee9b33d82058545b1ed14f4c8206e,LastVisualChange,reddit-billgates-post-1.posts,True,reddit-billgates-post-1.posts LastVisualChange opt cold fission webrender,,77,ms,firefox,,1708897075,2023-06-09 19:52:31,515.6,14c10deaa83992232930103150b2cb2351a623a5,1254912,,,,,,,,,,,,,,,,,,,,,,,,,,,,,,,,,,,,,,,,,,,,,,,,,,,,,,,,,,,,,TN,TN
autoland,4060512,13,77a9707257b88d3b15060667769a2def98a71cff,windows10-64-shippable-qr,True,False,,|c|o|l|d| |f|i|s|s|i|o|n| |i|n|t|e|r|a|c|t|i|v|e| |w|e|b|r|e|n|d|e|r|,102210fe594ee9b33d82058545b1ed14f4c8206e,LastVisualChange,reddit-billgates-post-1.posts,True,reddit-billgates-post-1.posts LastVisualChange opt cold fission webrender,,77,ms,firefox,,1709015724,2023-06-10 01:55:58,516.4,463e881a627c52313496a136abc6c038a4b92af6,1255101,,,,,,,,,,,,,,,,,,,,,,,,,,,,,,,,,,,,,,,,,,,,,,,,,,,,,,,,,,,,,TN,TN
autoland,4060512,13,77a9707257b88d3b15060667769a2def98a71cff,windows10-64-shippable-qr,True,False,,|c|o|l|d| |f|i|s|s|i|o|n| |i|n|t|e|r|a|c|t|i|v|e| |w|e|b|r|e|n|d|e|r|,102210fe594ee9b33d82058545b1ed14f4c8206e,LastVisualChange,reddit-billgates-post-1.posts,True,reddit-billgates-post-1.posts LastVisualChange opt cold fission webrender,,77,ms,firefox,,1709156847,2023-06-10 13:36:02,542.4,9c9d29101b3d0533b84b4e75dc06e89fcad3d31a,1255207,,,,,,,,,,,,,,,,,,,,,,,,,,,,,,,,,,,,,,,,,,,,,,,,,,,,,,,,,,,,,TN,TN
autoland,4060512,13,77a9707257b88d3b15060667769a2def98a71cff,windows10-64-shippable-qr,True,False,,|c|o|l|d| |f|i|s|s|i|o|n| |i|n|t|e|r|a|c|t|i|v|e| |w|e|b|r|e|n|d|e|r|,102210fe594ee9b33d82058545b1ed14f4c8206e,LastVisualChange,reddit-billgates-post-1.posts,True,reddit-billgates-post-1.posts LastVisualChange opt cold fission webrender,,77,ms,firefox,,1709227311,2023-06-10 18:37:05,529.0,879c6932bb49782e5edfdbe48e93d997a2646d84,1255264,,,,,,,,,,,,,,,,,,,,,,,,,,,,,,,,,,,,,,,,,,,,,,,,,,,,,,,,,,,,,TN,TN
autoland,4060512,13,77a9707257b88d3b15060667769a2def98a71cff,windows10-64-shippable-qr,True,False,,|c|o|l|d| |f|i|s|s|i|o|n| |i|n|t|e|r|a|c|t|i|v|e| |w|e|b|r|e|n|d|e|r|,102210fe594ee9b33d82058545b1ed14f4c8206e,LastVisualChange,reddit-billgates-post-1.posts,True,reddit-billgates-post-1.posts LastVisualChange opt cold fission webrender,,77,ms,firefox,,1709253528,2023-06-10 20:39:30,528.5,711b87deb431206775bf67c5b0d04ace33eb3660,1255276,,,,,,,,,,,,,,,,,,,,,,,,,,,,,,,,,,,,,,,,,,,,,,,,,,,,,,,,,,,,,TN,TN
autoland,4060512,13,77a9707257b88d3b15060667769a2def98a71cff,windows10-64-shippable-qr,True,False,,|c|o|l|d| |f|i|s|s|i|o|n| |i|n|t|e|r|a|c|t|i|v|e| |w|e|b|r|e|n|d|e|r|,102210fe594ee9b33d82058545b1ed14f4c8206e,LastVisualChange,reddit-billgates-post-1.posts,True,reddit-billgates-post-1.posts LastVisualChange opt cold fission webrender,,77,ms,firefox,,1709461832,2023-06-11 14:35:35,535.7,3904ff924b73ed2df5a530453ab025bb1c2fdf90,1255360,,,,,,,,,,,,,,,,,,,,,,,,,,,,,,,,,,,,,,,,,,,,,,,,,,,,,,,,,,,,,TN,TN
autoland,4060512,13,77a9707257b88d3b15060667769a2def98a71cff,windows10-64-shippable-qr,True,False,,|c|o|l|d| |f|i|s|s|i|o|n| |i|n|t|e|r|a|c|t|i|v|e| |w|e|b|r|e|n|d|e|r|,102210fe594ee9b33d82058545b1ed14f4c8206e,LastVisualChange,reddit-billgates-post-1.posts,True,reddit-billgates-post-1.posts LastVisualChange opt cold fission webrender,,77,ms,firefox,,1709529023,2023-06-11 19:10:58,532.0,af0665af954105365927736b6a65c4d28533bc4d,1255387,,,,,,,,,,,,,,,,,,,,,,,,,,,,,,,,,,,,,,,,,,,,,,,,,,,,,,,,,,,,,TN,TN
autoland,4060512,13,77a9707257b88d3b15060667769a2def98a71cff,windows10-64-shippable-qr,True,False,,|c|o|l|d| |f|i|s|s|i|o|n| |i|n|t|e|r|a|c|t|i|v|e| |w|e|b|r|e|n|d|e|r|,102210fe594ee9b33d82058545b1ed14f4c8206e,LastVisualChange,reddit-billgates-post-1.posts,True,reddit-billgates-post-1.posts LastVisualChange opt cold fission webrender,,77,ms,firefox,,1709600719,2023-06-12 00:14:44,537.8,c73c9ac3fe19822fcf08c5bd0bc112056008b4da,1255422,,,,,,,,,,,,,,,,,,,,,,,,,,,,,,,,,,,,,,,,,,,,,,,,,,,,,,,,,,,,,TN,TN
autoland,4060512,13,77a9707257b88d3b15060667769a2def98a71cff,windows10-64-shippable-qr,True,False,,|c|o|l|d| |f|i|s|s|i|o|n| |i|n|t|e|r|a|c|t|i|v|e| |w|e|b|r|e|n|d|e|r|,102210fe594ee9b33d82058545b1ed14f4c8206e,LastVisualChange,reddit-billgates-post-1.posts,True,reddit-billgates-post-1.posts LastVisualChange opt cold fission webrender,,77,ms,firefox,,1709651082,2023-06-12 04:46:29,522.3,25564434f810ceea8a17b730bd5498b0ca9856c4,1255461,,,,,,,,,,,,,,,,,,,,,,,,,,,,,,,,,,,,,,,,,,,,,,,,,,,,,,,,,,,,,TN,TN
autoland,4060512,13,77a9707257b88d3b15060667769a2def98a71cff,windows10-64-shippable-qr,True,False,,|c|o|l|d| |f|i|s|s|i|o|n| |i|n|t|e|r|a|c|t|i|v|e| |w|e|b|r|e|n|d|e|r|,102210fe594ee9b33d82058545b1ed14f4c8206e,LastVisualChange,reddit-billgates-post-1.posts,True,reddit-billgates-post-1.posts LastVisualChange opt cold fission webrender,,77,ms,firefox,,1709734575,2023-06-12 09:00:15,548.7,6c51face7335165a532e8f6b035a975ced1be55c,1255535,,,,,,,,,,,,,,,,,,,,,,,,,,,,,,,,,,,,,,,,,,,,,,,,,,,,,,,,,,,,,TN,TN
autoland,4060512,13,77a9707257b88d3b15060667769a2def98a71cff,windows10-64-shippable-qr,True,False,,|c|o|l|d| |f|i|s|s|i|o|n| |i|n|t|e|r|a|c|t|i|v|e| |w|e|b|r|e|n|d|e|r|,102210fe594ee9b33d82058545b1ed14f4c8206e,LastVisualChange,reddit-billgates-post-1.posts,True,reddit-billgates-post-1.posts LastVisualChange opt cold fission webrender,,77,ms,firefox,,1709756774,2023-06-12 09:27:15,548.8,1dc3aecfed3a924c48ee323c36ee1e783f836dd7,1255558,,,,,,,,,,,,,,,,,,,,,,,,,,,,,,,,,,,,,,,,,,,,,,,,,,,,,,,,,,,,,TN,TN
autoland,4060512,13,77a9707257b88d3b15060667769a2def98a71cff,windows10-64-shippable-qr,True,False,,|c|o|l|d| |f|i|s|s|i|o|n| |i|n|t|e|r|a|c|t|i|v|e| |w|e|b|r|e|n|d|e|r|,102210fe594ee9b33d82058545b1ed14f4c8206e,LastVisualChange,reddit-billgates-post-1.posts,True,reddit-billgates-post-1.posts LastVisualChange opt cold fission webrender,,77,ms,firefox,,1709989441,2023-06-12 14:14:19,525.8,ee618a493ff9c25c0ecb9dc6087a6179874541da,1255741,,,,,,,,,,,,,,,,,,,,,,,,,,,,,,,,,,,,,,,,,,,,,,,,,,,,,,,,,,,,,TN,TN
autoland,4060512,13,77a9707257b88d3b15060667769a2def98a71cff,windows10-64-shippable-qr,True,False,,|c|o|l|d| |f|i|s|s|i|o|n| |i|n|t|e|r|a|c|t|i|v|e| |w|e|b|r|e|n|d|e|r|,102210fe594ee9b33d82058545b1ed14f4c8206e,LastVisualChange,reddit-billgates-post-1.posts,True,reddit-billgates-post-1.posts LastVisualChange opt cold fission webrender,,77,ms,firefox,,1710054269,2023-06-12 17:28:50,531.2,53b4b785ae2a7f70257069e77b138fe36b53698a,1255840,,,,,,,,,,,,,,,,,,,,,,,,,,,,,,,,,,,,,,,,,,,,,,,,,,,,,,,,,,,,,TN,TN
autoland,4060512,13,77a9707257b88d3b15060667769a2def98a71cff,windows10-64-shippable-qr,True,False,,|c|o|l|d| |f|i|s|s|i|o|n| |i|n|t|e|r|a|c|t|i|v|e| |w|e|b|r|e|n|d|e|r|,102210fe594ee9b33d82058545b1ed14f4c8206e,LastVisualChange,reddit-billgates-post-1.posts,True,reddit-billgates-post-1.posts LastVisualChange opt cold fission webrender,,77,ms,firefox,,1710181397,2023-06-12 21:22:21,507.9,eff1078e2398a9021cd61a20eff8062a582128e2,1256012,,,,,,,,,,,,,,,,,,,,,,,,,,,,,,,,,,,,,,,,,,,,,,,,,,,,,,,,,,,,,TN,TN
autoland,4060512,13,77a9707257b88d3b15060667769a2def98a71cff,windows10-64-shippable-qr,True,False,,|c|o|l|d| |f|i|s|s|i|o|n| |i|n|t|e|r|a|c|t|i|v|e| |w|e|b|r|e|n|d|e|r|,102210fe594ee9b33d82058545b1ed14f4c8206e,LastVisualChange,reddit-billgates-post-1.posts,True,reddit-billgates-post-1.posts LastVisualChange opt cold fission webrender,,77,ms,firefox,,1710267929,2023-06-13 02:32:41,558.8,2bdaa9d6ac390362734ba199115ca10186243e87,1256169,,,,,,,,,,,,,,,,,,,,,,,,,,,,,,,,,,,,,,,,,,,,,,,,,,,,,,,,,,,,,TN,TN
autoland,4060512,13,77a9707257b88d3b15060667769a2def98a71cff,windows10-64-shippable-qr,True,False,,|c|o|l|d| |f|i|s|s|i|o|n| |i|n|t|e|r|a|c|t|i|v|e| |w|e|b|r|e|n|d|e|r|,102210fe594ee9b33d82058545b1ed14f4c8206e,LastVisualChange,reddit-billgates-post-1.posts,True,reddit-billgates-post-1.posts LastVisualChange opt cold fission webrender,,77,ms,firefox,,1710351799,2023-06-13 05:20:45,541.4,1a37acad51201ba77a18b0951d3a93bc8c9eebf7,1256212,,,,,,,,,,,,,,,,,,,,,,,,,,,,,,,,,,,,,,,,,,,,,,,,,,,,,,,,,,,,,TN,TN
autoland,4060512,13,77a9707257b88d3b15060667769a2def98a71cff,windows10-64-shippable-qr,True,False,,|c|o|l|d| |f|i|s|s|i|o|n| |i|n|t|e|r|a|c|t|i|v|e| |w|e|b|r|e|n|d|e|r|,102210fe594ee9b33d82058545b1ed14f4c8206e,LastVisualChange,reddit-billgates-post-1.posts,True,reddit-billgates-post-1.posts LastVisualChange opt cold fission webrender,,77,ms,firefox,,1710405562,2023-06-13 09:27:30,548.7,c7b5ae0c3e2d58a11af3dbe818dd67837d0ff44a,1256328,,,,,,,,,,,,,,,,,,,,,,,,,,,,,,,,,,,,,,,,,,,,,,,,,,,,,,,,,,,,,TN,TN
autoland,4060512,13,77a9707257b88d3b15060667769a2def98a71cff,windows10-64-shippable-qr,True,False,,|c|o|l|d| |f|i|s|s|i|o|n| |i|n|t|e|r|a|c|t|i|v|e| |w|e|b|r|e|n|d|e|r|,102210fe594ee9b33d82058545b1ed14f4c8206e,LastVisualChange,reddit-billgates-post-1.posts,True,reddit-billgates-post-1.posts LastVisualChange opt cold fission webrender,,77,ms,firefox,,1710451277,2023-06-13 10:02:00,557.1,2b9574ef0cc196618dae379b79b53958470216b3,1256346,,,,,,,,,,,,,,,,,,,,,,,,,,,,,,,,,,,,,,,,,,,,,,,,,,,,,,,,,,,,,TN,TN
autoland,4060512,13,77a9707257b88d3b15060667769a2def98a71cff,windows10-64-shippable-qr,True,False,,|c|o|l|d| |f|i|s|s|i|o|n| |i|n|t|e|r|a|c|t|i|v|e| |w|e|b|r|e|n|d|e|r|,102210fe594ee9b33d82058545b1ed14f4c8206e,LastVisualChange,reddit-billgates-post-1.posts,True,reddit-billgates-post-1.posts LastVisualChange opt cold fission webrender,,77,ms,firefox,,1710952284,2023-06-13 12:47:53,557.2,c664c5443475712b02f770a02883311bc7cc80c6,1256439,,,,,,,,,,,,,,,,,,,,,,,,,,,,,,,,,,,,,,,,,,,,,,,,,,,,,,,,,,,,,TN,TN
autoland,4060512,13,77a9707257b88d3b15060667769a2def98a71cff,windows10-64-shippable-qr,True,False,,|c|o|l|d| |f|i|s|s|i|o|n| |i|n|t|e|r|a|c|t|i|v|e| |w|e|b|r|e|n|d|e|r|,102210fe594ee9b33d82058545b1ed14f4c8206e,LastVisualChange,reddit-billgates-post-1.posts,True,reddit-billgates-post-1.posts LastVisualChange opt cold fission webrender,,77,ms,firefox,,1710959489,2023-06-13 12:48:46,518.9,e0c5d4002c779b972605e257db6a710408da603d,1256441,,,,,,,,,,,,,,,,,,,,,,,,,,,,,,,,,,,,,,,,,,,,,,,,,,,,,,,,,,,,,TN,TN
autoland,4060512,13,77a9707257b88d3b15060667769a2def98a71cff,windows10-64-shippable-qr,True,False,,|c|o|l|d| |f|i|s|s|i|o|n| |i|n|t|e|r|a|c|t|i|v|e| |w|e|b|r|e|n|d|e|r|,102210fe594ee9b33d82058545b1ed14f4c8206e,LastVisualChange,reddit-billgates-post-1.posts,True,reddit-billgates-post-1.posts LastVisualChange opt cold fission webrender,,77,ms,firefox,,1710546635,2023-06-13 13:01:33,505.6,8cd7aee6cae85ce9804794d4a45bc2f34aa04b66,1256450,,,,,,,,,,,,,,,,,,,,,,,,,,,,,,,,,,,,,,,,,,,,,,,,,,,,,,,,,,,,,TN,TN
autoland,4060512,13,77a9707257b88d3b15060667769a2def98a71cff,windows10-64-shippable-qr,True,False,,|c|o|l|d| |f|i|s|s|i|o|n| |i|n|t|e|r|a|c|t|i|v|e| |w|e|b|r|e|n|d|e|r|,102210fe594ee9b33d82058545b1ed14f4c8206e,LastVisualChange,reddit-billgates-post-1.posts,True,reddit-billgates-post-1.posts LastVisualChange opt cold fission webrender,,77,ms,firefox,,1710653858,2023-06-13 16:01:20,539.0,93520e8ffd9617b46d026ea530fde0169def3a80,1256570,,,,,,,,,,,,,,,,,,,,,,,,,,,,,,,,,,,,,,,,,,,,,,,,,,,,,,,,,,,,,TN,TN
autoland,4060512,13,77a9707257b88d3b15060667769a2def98a71cff,windows10-64-shippable-qr,True,False,,|c|o|l|d| |f|i|s|s|i|o|n| |i|n|t|e|r|a|c|t|i|v|e| |w|e|b|r|e|n|d|e|r|,102210fe594ee9b33d82058545b1ed14f4c8206e,LastVisualChange,reddit-billgates-post-1.posts,True,reddit-billgates-post-1.posts LastVisualChange opt cold fission webrender,,77,ms,firefox,,1710938579,2023-06-13 17:10:55,525.7,4bc380c5e43a824ca233967781ba2e23cd65ffb3,1256622,,,,,,,,,,,,,,,,,,,,,,,,,,,,,,,,,,,,,,,,,,,,,,,,,,,,,,,,,,,,,TN,TN
autoland,4060512,13,77a9707257b88d3b15060667769a2def98a71cff,windows10-64-shippable-qr,True,False,,|c|o|l|d| |f|i|s|s|i|o|n| |i|n|t|e|r|a|c|t|i|v|e| |w|e|b|r|e|n|d|e|r|,102210fe594ee9b33d82058545b1ed14f4c8206e,LastVisualChange,reddit-billgates-post-1.posts,True,reddit-billgates-post-1.posts LastVisualChange opt cold fission webrender,,77,ms,firefox,,1710964455,2023-06-13 17:25:10,537.8,1f345f63ab5a041a7f2c636003fc9201016e7051,1256628,,,,,,,,,,,,,,,,,,,,,,,,,,,,,,,,,,,,,,,,,,,,,,,,,,,,,,,,,,,,,TN,TN
autoland,4060512,13,77a9707257b88d3b15060667769a2def98a71cff,windows10-64-shippable-qr,True,False,,|c|o|l|d| |f|i|s|s|i|o|n| |i|n|t|e|r|a|c|t|i|v|e| |w|e|b|r|e|n|d|e|r|,102210fe594ee9b33d82058545b1ed14f4c8206e,LastVisualChange,reddit-billgates-post-1.posts,True,reddit-billgates-post-1.posts LastVisualChange opt cold fission webrender,,77,ms,firefox,,1710739930,2023-06-13 18:36:15,537.8,2d8fa86b279358b19ca794787248a9600c86ef5a,1256676,,,,,,,,,,,,,,,,,,,,,,,,,,,,,,,,,,,,,,,,,,,,,,,,,,,,,,,,,,,,,TN,TN
autoland,4060512,13,77a9707257b88d3b15060667769a2def98a71cff,windows10-64-shippable-qr,True,False,,|c|o|l|d| |f|i|s|s|i|o|n| |i|n|t|e|r|a|c|t|i|v|e| |w|e|b|r|e|n|d|e|r|,102210fe594ee9b33d82058545b1ed14f4c8206e,LastVisualChange,reddit-billgates-post-1.posts,True,reddit-billgates-post-1.posts LastVisualChange opt cold fission webrender,,77,ms,firefox,,1710839761,2023-06-13 22:49:33,505.4,0e2078b102ffd940ea83c3a5a8b1a176bdd3a8fb,1256827,,,,,,,,,,,,,,,,,,,,,,,,,,,,,,,,,,,,,,,,,,,,,,,,,,,,,,,,,,,,,TN,TN
autoland,4060512,13,77a9707257b88d3b15060667769a2def98a71cff,windows10-64-shippable-qr,True,False,,|c|o|l|d| |f|i|s|s|i|o|n| |i|n|t|e|r|a|c|t|i|v|e| |w|e|b|r|e|n|d|e|r|,102210fe594ee9b33d82058545b1ed14f4c8206e,LastVisualChange,reddit-billgates-post-1.posts,True,reddit-billgates-post-1.posts LastVisualChange opt cold fission webrender,,77,ms,firefox,,1710879241,2023-06-14 00:25:00,548.9,4c6c30b03e25cbd9d4dfc96f082e8cf241f51109,1256858,,,,,,,,,,,,,,,,,,,,,,,,,,,,,,,,,,,,,,,,,,,,,,,,,,,,,,,,,,,,,TN,TN
autoland,4060512,13,77a9707257b88d3b15060667769a2def98a71cff,windows10-64-shippable-qr,True,False,,|c|o|l|d| |f|i|s|s|i|o|n| |i|n|t|e|r|a|c|t|i|v|e| |w|e|b|r|e|n|d|e|r|,102210fe594ee9b33d82058545b1ed14f4c8206e,LastVisualChange,reddit-billgates-post-1.posts,True,reddit-billgates-post-1.posts LastVisualChange opt cold fission webrender,,77,ms,firefox,,1710979202,2023-06-14 05:14:15,511.6,b9e3497b939c3bdfee632c7297184b79cfeec9cc,1256948,,,,,,,,,,,,,,,,,,,,,,,,,,,,,,,,,,,,,,,,,,,,,,,,,,,,,,,,,,,,,TN,TN
autoland,4060512,13,77a9707257b88d3b15060667769a2def98a71cff,windows10-64-shippable-qr,True,False,,|c|o|l|d| |f|i|s|s|i|o|n| |i|n|t|e|r|a|c|t|i|v|e| |w|e|b|r|e|n|d|e|r|,102210fe594ee9b33d82058545b1ed14f4c8206e,LastVisualChange,reddit-billgates-post-1.posts,True,reddit-billgates-post-1.posts LastVisualChange opt cold fission webrender,,77,ms,firefox,,1711068111,2023-06-14 11:48:24,542.0,c6fa16c28b26a19d81b8853153057f32cec6f2fd,1257091,,,,,,,,,,,,,,,,,,,,,,,,,,,,,,,,,,,,,,,,,,,,,,,,,,,,,,,,,,,,,TN,TN
autoland,4060512,13,77a9707257b88d3b15060667769a2def98a71cff,windows10-64-shippable-qr,True,False,,|c|o|l|d| |f|i|s|s|i|o|n| |i|n|t|e|r|a|c|t|i|v|e| |w|e|b|r|e|n|d|e|r|,102210fe594ee9b33d82058545b1ed14f4c8206e,LastVisualChange,reddit-billgates-post-1.posts,True,reddit-billgates-post-1.posts LastVisualChange opt cold fission webrender,,77,ms,firefox,,1711165130,2023-06-14 13:20:02,525.5,928a5d849e038bf4277f06519f8f7ab3c94cc7ff,1257127,,,,,,,,,,,,,,,,,,,,,,,,,,,,,,,,,,,,,,,,,,,,,,,,,,,,,,,,,,,,,TN,TN
autoland,4060512,13,77a9707257b88d3b15060667769a2def98a71cff,windows10-64-shippable-qr,True,False,,|c|o|l|d| |f|i|s|s|i|o|n| |i|n|t|e|r|a|c|t|i|v|e| |w|e|b|r|e|n|d|e|r|,102210fe594ee9b33d82058545b1ed14f4c8206e,LastVisualChange,reddit-billgates-post-1.posts,True,reddit-billgates-post-1.posts LastVisualChange opt cold fission webrender,,77,ms,firefox,,1711707264,2023-06-14 13:53:45,518.9,029016670d4aed9df8e1718a7ab5d9d7ec471a98,1257145,,,,,,,,,,,,,,,,,,,,,,,,,,,,,,,,,,,,,,,,,,,,,,,,,,,,,,,,,,,,,TN,TN
autoland,4060512,13,77a9707257b88d3b15060667769a2def98a71cff,windows10-64-shippable-qr,True,False,,|c|o|l|d| |f|i|s|s|i|o|n| |i|n|t|e|r|a|c|t|i|v|e| |w|e|b|r|e|n|d|e|r|,102210fe594ee9b33d82058545b1ed14f4c8206e,LastVisualChange,reddit-billgates-post-1.posts,True,reddit-billgates-post-1.posts LastVisualChange opt cold fission webrender,,77,ms,firefox,,1711725184,2023-06-14 14:11:42,504.9,0accfdd3671420ce9a3da67370e1cb587c9a4161,1257150,,,,,,,,,,,,,,,,,,,,,,,,,,,,,,,,,,,,,,,,,,,,,,,,,,,,,,,,,,,,,TN,TN
autoland,4060512,13,77a9707257b88d3b15060667769a2def98a71cff,windows10-64-shippable-qr,True,False,,|c|o|l|d| |f|i|s|s|i|o|n| |i|n|t|e|r|a|c|t|i|v|e| |w|e|b|r|e|n|d|e|r|,102210fe594ee9b33d82058545b1ed14f4c8206e,LastVisualChange,reddit-billgates-post-1.posts,True,reddit-billgates-post-1.posts LastVisualChange opt cold fission webrender,,77,ms,firefox,,1711337523,2023-06-14 17:41:50,558.8,933dd3c3e1c8beb677df8e4d51b1e99b41599f65,1257281,,,,,,,,,,,,,,,,,,,,,,,,,,,,,,,,,,,,,,,,,,,,,,,,,,,,,,,,,,,,,TN,TN
autoland,4060512,13,77a9707257b88d3b15060667769a2def98a71cff,windows10-64-shippable-qr,True,False,,|c|o|l|d| |f|i|s|s|i|o|n| |i|n|t|e|r|a|c|t|i|v|e| |w|e|b|r|e|n|d|e|r|,102210fe594ee9b33d82058545b1ed14f4c8206e,LastVisualChange,reddit-billgates-post-1.posts,True,reddit-billgates-post-1.posts LastVisualChange opt cold fission webrender,,77,ms,firefox,,1711368655,2023-06-14 18:25:51,577.3,d730841eed9459e5541190a9525313fb1ff98e75,1257330,,,,,,,,,,,,,,,,,,,,,,,,,,,,,,,,,,,,,,,,,,,,,,,,,,,,,,,,,,,,,TN,TN
autoland,4060512,13,77a9707257b88d3b15060667769a2def98a71cff,windows10-64-shippable-qr,True,False,,|c|o|l|d| |f|i|s|s|i|o|n| |i|n|t|e|r|a|c|t|i|v|e| |w|e|b|r|e|n|d|e|r|,102210fe594ee9b33d82058545b1ed14f4c8206e,LastVisualChange,reddit-billgates-post-1.posts,True,reddit-billgates-post-1.posts LastVisualChange opt cold fission webrender,,77,ms,firefox,,1711671319,2023-06-14 18:37:02,606.8,9d6b12a756cbe33157704576e141c57a2d6e2bf5,1257344,,,,,,,,,,,,,,,,,,,,,,,,,,,,,,,,,,,,,,,,,,,,,,,,,,,,,,,,,,,,,TN,TN
autoland,4060512,13,77a9707257b88d3b15060667769a2def98a71cff,windows10-64-shippable-qr,True,False,,|c|o|l|d| |f|i|s|s|i|o|n| |i|n|t|e|r|a|c|t|i|v|e| |w|e|b|r|e|n|d|e|r|,102210fe594ee9b33d82058545b1ed14f4c8206e,LastVisualChange,reddit-billgates-post-1.posts,True,reddit-billgates-post-1.posts LastVisualChange opt cold fission webrender,,77,ms,firefox,,1711709720,2023-06-14 18:39:05,505.0,3e7bf8f8a9a8ecebd1c1bd851e35577660e48a97,1257346,,,,,,,,,,,,,,,,,,,,,,,,,,,,,,,,,,,,,,,,,,,,,,,,,,,,,,,,,,,,,TN,TN
autoland,4060512,13,77a9707257b88d3b15060667769a2def98a71cff,windows10-64-shippable-qr,True,False,,|c|o|l|d| |f|i|s|s|i|o|n| |i|n|t|e|r|a|c|t|i|v|e| |w|e|b|r|e|n|d|e|r|,102210fe594ee9b33d82058545b1ed14f4c8206e,LastVisualChange,reddit-billgates-post-1.posts,True,reddit-billgates-post-1.posts LastVisualChange opt cold fission webrender,,77,ms,firefox,,1711441246,2023-06-14 20:09:05,552.1,ff79aa6f7ba8605e7ea59acddd521284f75136e4,1257422,,,,,,,,,,,,,,,,,,,,,,,,,,,,,,,,,,,,,,,,,,,,,,,,,,,,,,,,,,,,,TN,TN
autoland,4060512,13,77a9707257b88d3b15060667769a2def98a71cff,windows10-64-shippable-qr,True,False,,|c|o|l|d| |f|i|s|s|i|o|n| |i|n|t|e|r|a|c|t|i|v|e| |w|e|b|r|e|n|d|e|r|,102210fe594ee9b33d82058545b1ed14f4c8206e,LastVisualChange,reddit-billgates-post-1.posts,True,reddit-billgates-post-1.posts LastVisualChange opt cold fission webrender,,77,ms,firefox,,1711490171,2023-06-14 21:46:45,508.4,4b1c6fc1fc0f3e664d546c4bf5c24f0c157bc2c5,1257512,,,,,,,,,,,,,,,,,,,,,,,,,,,,,,,,,,,,,,,,,,,,,,,,,,,,,,,,,,,,,TN,TN
autoland,4060512,13,77a9707257b88d3b15060667769a2def98a71cff,windows10-64-shippable-qr,True,False,,|c|o|l|d| |f|i|s|s|i|o|n| |i|n|t|e|r|a|c|t|i|v|e| |w|e|b|r|e|n|d|e|r|,102210fe594ee9b33d82058545b1ed14f4c8206e,LastVisualChange,reddit-billgates-post-1.posts,True,reddit-billgates-post-1.posts LastVisualChange opt cold fission webrender,,77,ms,firefox,,1711635367,2023-06-15 01:50:09,522.0,53e8e97bbe4e0c8fc4deff56e5b8d03391c0c023,1257663,,,,,,,,,,,,,,,,,,,,,,,,,,,,,,,,,,,,,,,,,,,,,,,,,,,,,,,,,,,,,TN,TN
autoland,4060512,13,77a9707257b88d3b15060667769a2def98a71cff,windows10-64-shippable-qr,True,False,,|c|o|l|d| |f|i|s|s|i|o|n| |i|n|t|e|r|a|c|t|i|v|e| |w|e|b|r|e|n|d|e|r|,102210fe594ee9b33d82058545b1ed14f4c8206e,LastVisualChange,reddit-billgates-post-1.posts,True,reddit-billgates-post-1.posts LastVisualChange opt cold fission webrender,,77,ms,firefox,,1711650382,2023-06-15 02:43:47,505.1,abf8f424d2d09f957d7ecd02af086a9b7adde3f8,1257688,,,,,,,,,,,,,,,,,,,,,,,,,,,,,,,,,,,,,,,,,,,,,,,,,,,,,,,,,,,,,TN,TN
autoland,4060512,13,77a9707257b88d3b15060667769a2def98a71cff,windows10-64-shippable-qr,True,False,,|c|o|l|d| |f|i|s|s|i|o|n| |i|n|t|e|r|a|c|t|i|v|e| |w|e|b|r|e|n|d|e|r|,102210fe594ee9b33d82058545b1ed14f4c8206e,LastVisualChange,reddit-billgates-post-1.posts,True,reddit-billgates-post-1.posts LastVisualChange opt cold fission webrender,,77,ms,firefox,,1711744237,2023-06-15 06:54:30,517.4,900ba46a6df5d5b6dde0d5de391246157de49c8a,1257783,,,,,,,,,,,,,,,,,,,,,,,,,,,,,,,,,,,,,,,,,,,,,,,,,,,,,,,,,,,,,TN,TN
autoland,4060512,13,77a9707257b88d3b15060667769a2def98a71cff,windows10-64-shippable-qr,True,False,,|c|o|l|d| |f|i|s|s|i|o|n| |i|n|t|e|r|a|c|t|i|v|e| |w|e|b|r|e|n|d|e|r|,102210fe594ee9b33d82058545b1ed14f4c8206e,LastVisualChange,reddit-billgates-post-1.posts,True,reddit-billgates-post-1.posts LastVisualChange opt cold fission webrender,,77,ms,firefox,,1712382471,2023-06-15 08:32:55,528.0,6b660d3dd7840217e973e778bcb419a11c7a22b4,1257839,,,,,,,,,,,,,,,,,,,,,,,,,,,,,,,,,,,,,,,,,,,,,,,,,,,,,,,,,,,,,TN,TN
autoland,4060512,13,77a9707257b88d3b15060667769a2def98a71cff,windows10-64-shippable-qr,True,False,,|c|o|l|d| |f|i|s|s|i|o|n| |i|n|t|e|r|a|c|t|i|v|e| |w|e|b|r|e|n|d|e|r|,102210fe594ee9b33d82058545b1ed14f4c8206e,LastVisualChange,reddit-billgates-post-1.posts,True,reddit-billgates-post-1.posts LastVisualChange opt cold fission webrender,,77,ms,firefox,,1712379889,2023-06-15 08:36:57,524.1,6c42ef642d0b0708e9a2fa2638b6670e90ef2b3b,1257841,,,,,,,,,,,,,,,,,,,,,,,,,,,,,,,,,,,,,,,,,,,,,,,,,,,,,,,,,,,,,TN,TN
autoland,4060512,13,77a9707257b88d3b15060667769a2def98a71cff,windows10-64-shippable-qr,True,False,,|c|o|l|d| |f|i|s|s|i|o|n| |i|n|t|e|r|a|c|t|i|v|e| |w|e|b|r|e|n|d|e|r|,102210fe594ee9b33d82058545b1ed14f4c8206e,LastVisualChange,reddit-billgates-post-1.posts,True,reddit-billgates-post-1.posts LastVisualChange opt cold fission webrender,,77,ms,firefox,,1711827273,2023-06-15 10:33:37,532.3,86864bda9b5f7077819eb76b661bcefb89fd19fa,1257909,,,,,,,,,,,,,,,,,,,,,,,,,,,,,,,,,,,,,,,,,,,,,,,,,,,,,,,,,,,,,TN,TN
autoland,4060512,13,77a9707257b88d3b15060667769a2def98a71cff,windows10-64-shippable-qr,True,False,,|c|o|l|d| |f|i|s|s|i|o|n| |i|n|t|e|r|a|c|t|i|v|e| |w|e|b|r|e|n|d|e|r|,102210fe594ee9b33d82058545b1ed14f4c8206e,LastVisualChange,reddit-billgates-post-1.posts,True,reddit-billgates-post-1.posts LastVisualChange opt cold fission webrender,,77,ms,firefox,,1711959993,2023-06-15 14:40:40,529.2,02d601db620c1b64867202e025ce19938938a04f,1258053,,,,,,,,,,,,,,,,,,,,,,,,,,,,,,,,,,,,,,,,,,,,,,,,,,,,,,,,,,,,,TN,TN
autoland,4060512,13,77a9707257b88d3b15060667769a2def98a71cff,windows10-64-shippable-qr,True,False,,|c|o|l|d| |f|i|s|s|i|o|n| |i|n|t|e|r|a|c|t|i|v|e| |w|e|b|r|e|n|d|e|r|,102210fe594ee9b33d82058545b1ed14f4c8206e,LastVisualChange,reddit-billgates-post-1.posts,True,reddit-billgates-post-1.posts LastVisualChange opt cold fission webrender,,77,ms,firefox,,1712008525,2023-06-15 14:52:05,517.3,c71789b596556b921a7d6ce12b4102f252631c4b,1258066,,,,,,,,,,,,,,,,,,,,,,,,,,,,,,,,,,,,,,,,,,,,,,,,,,,,,,,,,,,,,TN,TN
autoland,4060512,13,77a9707257b88d3b15060667769a2def98a71cff,windows10-64-shippable-qr,True,False,,|c|o|l|d| |f|i|s|s|i|o|n| |i|n|t|e|r|a|c|t|i|v|e| |w|e|b|r|e|n|d|e|r|,102210fe594ee9b33d82058545b1ed14f4c8206e,LastVisualChange,reddit-billgates-post-1.posts,True,reddit-billgates-post-1.posts LastVisualChange opt cold fission webrender,,77,ms,firefox,,1712396438,2023-06-15 15:04:41,518.0,fcc729658406fdb39ee043ecc43584d2f6a0389d,1258080,,,,,,,,,,,,,,,,,,,,,,,,,,,,,,,,,,,,,,,,,,,,,,,,,,,,,,,,,,,,,TN,TN
autoland,4060512,13,77a9707257b88d3b15060667769a2def98a71cff,windows10-64-shippable-qr,True,False,,|c|o|l|d| |f|i|s|s|i|o|n| |i|n|t|e|r|a|c|t|i|v|e| |w|e|b|r|e|n|d|e|r|,102210fe594ee9b33d82058545b1ed14f4c8206e,LastVisualChange,reddit-billgates-post-1.posts,True,reddit-billgates-post-1.posts LastVisualChange opt cold fission webrender,,77,ms,firefox,,1712362049,2023-06-15 15:12:55,532.0,c882e1bf805b7149ed08a3dc0ebf5c5d2e35f114,1258088,,,,,,,,,,,,,,,,,,,,,,,,,,,,,,,,,,,,,,,,,,,,,,,,,,,,,,,,,,,,,TN,TN
autoland,4060512,13,77a9707257b88d3b15060667769a2def98a71cff,windows10-64-shippable-qr,True,False,,|c|o|l|d| |f|i|s|s|i|o|n| |i|n|t|e|r|a|c|t|i|v|e| |w|e|b|r|e|n|d|e|r|,102210fe594ee9b33d82058545b1ed14f4c8206e,LastVisualChange,reddit-billgates-post-1.posts,True,reddit-billgates-post-1.posts LastVisualChange opt cold fission webrender,,77,ms,firefox,,1712085327,2023-06-15 17:49:05,538.6,91738dd5bb441001f7837d0cae71c0be46925602,1258216,,,,,,,,,,,,,,,,,,,,,,,,,,,,,,,,,,,,,,,,,,,,,,,,,,,,,,,,,,,,,TN,TN
autoland,4060512,13,77a9707257b88d3b15060667769a2def98a71cff,windows10-64-shippable-qr,True,False,,|c|o|l|d| |f|i|s|s|i|o|n| |i|n|t|e|r|a|c|t|i|v|e| |w|e|b|r|e|n|d|e|r|,102210fe594ee9b33d82058545b1ed14f4c8206e,LastVisualChange,reddit-billgates-post-1.posts,True,reddit-billgates-post-1.posts LastVisualChange opt cold fission webrender,,77,ms,firefox,,1712205980,2023-06-15 20:51:19,518.0,ba00fe639072b671be556332e4628092d64d31df,1258374,,,,,,,,,,,,,,,,,,,,,,,,,,,,,,,,,,,,,,,,,,,,,,,,,,,,,,,,,,,,,TN,TN
autoland,4060512,13,77a9707257b88d3b15060667769a2def98a71cff,windows10-64-shippable-qr,True,False,,|c|o|l|d| |f|i|s|s|i|o|n| |i|n|t|e|r|a|c|t|i|v|e| |w|e|b|r|e|n|d|e|r|,102210fe594ee9b33d82058545b1ed14f4c8206e,LastVisualChange,reddit-billgates-post-1.posts,True,reddit-billgates-post-1.posts LastVisualChange opt cold fission webrender,,77,ms,firefox,,1712305170,2023-06-16 01:17:42,545.9,6bc2d3f9b1aaecde92c9388f00f3d564d136d00a,1258594,,,,,,,,,,,,,,,,,,,,,,,,,,,,,,,,,,,,,,,,,,,,,,,,,,,,,,,,,,,,,TN,TN
autoland,4060512,13,77a9707257b88d3b15060667769a2def98a71cff,windows10-64-shippable-qr,True,False,,|c|o|l|d| |f|i|s|s|i|o|n| |i|n|t|e|r|a|c|t|i|v|e| |w|e|b|r|e|n|d|e|r|,102210fe594ee9b33d82058545b1ed14f4c8206e,LastVisualChange,reddit-billgates-post-1.posts,True,reddit-billgates-post-1.posts LastVisualChange opt cold fission webrender,,77,ms,firefox,,1712401318,2023-06-16 06:01:05,524.9,6a640a4dd3245b82ce97d863bf842b0cd4089ce5,1258674,,,,,,,,,,,,,,,,,,,,,,,,,,,,,,,,,,,,,,,,,,,,,,,,,,,,,,,,,,,,,TN,TN
autoland,4060512,13,77a9707257b88d3b15060667769a2def98a71cff,windows10-64-shippable-qr,True,False,,|c|o|l|d| |f|i|s|s|i|o|n| |i|n|t|e|r|a|c|t|i|v|e| |w|e|b|r|e|n|d|e|r|,102210fe594ee9b33d82058545b1ed14f4c8206e,LastVisualChange,reddit-billgates-post-1.posts,True,reddit-billgates-post-1.posts LastVisualChange opt cold fission webrender,,77,ms,firefox,,1712453609,2023-06-16 08:20:05,525.6,34ee66e105968b161583947185cad1fcebdc6641,1258718,,,,,,,,,,,,,,,,,,,,,,,,,,,,,,,,,,,,,,,,,,,,,,,,,,,,,,,,,,,,,TN,TN
autoland,4060512,13,77a9707257b88d3b15060667769a2def98a71cff,windows10-64-shippable-qr,True,False,,|c|o|l|d| |f|i|s|s|i|o|n| |i|n|t|e|r|a|c|t|i|v|e| |w|e|b|r|e|n|d|e|r|,102210fe594ee9b33d82058545b1ed14f4c8206e,LastVisualChange,reddit-billgates-post-1.posts,True,reddit-billgates-post-1.posts LastVisualChange opt cold fission webrender,,77,ms,firefox,,1712650501,2023-06-16 12:30:26,505.8,439d02859a2ebe8406cb74f8d6c7b148011d1658,1258826,,,,,,,,,,,,,,,,,,,,,,,,,,,,,,,,,,,,,,,,,,,,,,,,,,,,,,,,,,,,,TN,TN
autoland,4060512,13,77a9707257b88d3b15060667769a2def98a71cff,windows10-64-shippable-qr,True,False,,|c|o|l|d| |f|i|s|s|i|o|n| |i|n|t|e|r|a|c|t|i|v|e| |w|e|b|r|e|n|d|e|r|,102210fe594ee9b33d82058545b1ed14f4c8206e,LastVisualChange,reddit-billgates-post-1.posts,True,reddit-billgates-post-1.posts LastVisualChange opt cold fission webrender,,77,ms,firefox,,1712680594,2023-06-16 14:03:27,502.5,1d8c3788eb6fa2e81d627829a32004244d0271df,1258891,,,,,,,,,,,,,,,,,,,,,,,,,,,,,,,,,,,,,,,,,,,,,,,,,,,,,,,,,,,,,TN,TN
autoland,4060512,13,77a9707257b88d3b15060667769a2def98a71cff,windows10-64-shippable-qr,True,False,,|c|o|l|d| |f|i|s|s|i|o|n| |i|n|t|e|r|a|c|t|i|v|e| |w|e|b|r|e|n|d|e|r|,102210fe594ee9b33d82058545b1ed14f4c8206e,LastVisualChange,reddit-billgates-post-1.posts,True,reddit-billgates-post-1.posts LastVisualChange opt cold fission webrender,,77,ms,firefox,,1712809538,2023-06-16 16:55:49,547.6,e59de52b8ebea2db606a46a888a941400375fe0f,1259018,,,,,,,,,,,,,,,,,,,,,,,,,,,,,,,,,,,,,,,,,,,,,,,,,,,,,,,,,,,,,TN,TN
autoland,4060512,13,77a9707257b88d3b15060667769a2def98a71cff,windows10-64-shippable-qr,True,False,,|c|o|l|d| |f|i|s|s|i|o|n| |i|n|t|e|r|a|c|t|i|v|e| |w|e|b|r|e|n|d|e|r|,102210fe594ee9b33d82058545b1ed14f4c8206e,LastVisualChange,reddit-billgates-post-1.posts,True,reddit-billgates-post-1.posts LastVisualChange opt cold fission webrender,,77,ms,firefox,,1712938015,2023-06-16 19:50:08,538.3,789349491e2fe15a39f350fe470db7d696989434,1259157,,,,,,,,,,,,,,,,,,,,,,,,,,,,,,,,,,,,,,,,,,,,,,,,,,,,,,,,,,,,,TN,TN
autoland,4060512,13,77a9707257b88d3b15060667769a2def98a71cff,windows10-64-shippable-qr,True,False,,|c|o|l|d| |f|i|s|s|i|o|n| |i|n|t|e|r|a|c|t|i|v|e| |w|e|b|r|e|n|d|e|r|,102210fe594ee9b33d82058545b1ed14f4c8206e,LastVisualChange,reddit-billgates-post-1.posts,True,reddit-billgates-post-1.posts LastVisualChange opt cold fission webrender,,77,ms,firefox,,1713039524,2023-06-17 00:30:00,572.8,901b7ccc8be5e49a1b9736555af9653d46de349e,1259314,,,,,,,,,,,,,,,,,,,,,,,,,,,,,,,,,,,,,,,,,,,,,,,,,,,,,,,,,,,,,TN,TN
autoland,4060512,13,77a9707257b88d3b15060667769a2def98a71cff,windows10-64-shippable-qr,True,False,,|c|o|l|d| |f|i|s|s|i|o|n| |i|n|t|e|r|a|c|t|i|v|e| |w|e|b|r|e|n|d|e|r|,102210fe594ee9b33d82058545b1ed14f4c8206e,LastVisualChange,reddit-billgates-post-1.posts,True,reddit-billgates-post-1.posts LastVisualChange opt cold fission webrender,,77,ms,firefox,,1713213958,2023-06-17 15:38:59,532.6,e0262ee6a9a7a642c11266a1e9cfa4bc3fbd4b3b,1259384,,,,,,,,,,,,,,,,,,,,,,,,,,,,,,,,,,,,,,,,,,,,,,,,,,,,,,,,,,,,,TN,TN
autoland,4060512,13,77a9707257b88d3b15060667769a2def98a71cff,windows10-64-shippable-qr,True,False,,|c|o|l|d| |f|i|s|s|i|o|n| |i|n|t|e|r|a|c|t|i|v|e| |w|e|b|r|e|n|d|e|r|,102210fe594ee9b33d82058545b1ed14f4c8206e,LastVisualChange,reddit-billgates-post-1.posts,True,reddit-billgates-post-1.posts LastVisualChange opt cold fission webrender,,77,ms,firefox,,1713330016,2023-06-17 23:38:11,512.3,72d2cda2651d8fe01c8649f60e0620bc794a87fe,1259423,,,,,,,,,,,,,,,,,,,,,,,,,,,,,,,,,,,,,,,,,,,,,,,,,,,,,,,,,,,,,TN,TN
autoland,4060512,13,77a9707257b88d3b15060667769a2def98a71cff,windows10-64-shippable-qr,True,False,,|c|o|l|d| |f|i|s|s|i|o|n| |i|n|t|e|r|a|c|t|i|v|e| |w|e|b|r|e|n|d|e|r|,102210fe594ee9b33d82058545b1ed14f4c8206e,LastVisualChange,reddit-billgates-post-1.posts,True,reddit-billgates-post-1.posts LastVisualChange opt cold fission webrender,,77,ms,firefox,,1713470628,2023-06-18 11:39:33,532.5,1634cff61cb0e270b9660ebdc234cfcf3fed2c68,1259465,,,,,,,,,,,,,,,,,,,,,,,,,,,,,,,,,,,,,,,,,,,,,,,,,,,,,,,,,,,,,TN,TN
autoland,4060512,13,77a9707257b88d3b15060667769a2def98a71cff,windows10-64-shippable-qr,True,False,,|c|o|l|d| |f|i|s|s|i|o|n| |i|n|t|e|r|a|c|t|i|v|e| |w|e|b|r|e|n|d|e|r|,102210fe594ee9b33d82058545b1ed14f4c8206e,LastVisualChange,reddit-billgates-post-1.posts,True,reddit-billgates-post-1.posts LastVisualChange opt cold fission webrender,,77,ms,firefox,,1713703745,2023-06-19 00:32:35,541.8,1c059369d43547f90439b0a44cc76b54a0a3af97,1259516,,,,,,,,,,,,,,,,,,,,,,,,,,,,,,,,,,,,,,,,,,,,,,,,,,,,,,,,,,,,,TN,TN
autoland,4060512,13,77a9707257b88d3b15060667769a2def98a71cff,windows10-64-shippable-qr,True,False,,|c|o|l|d| |f|i|s|s|i|o|n| |i|n|t|e|r|a|c|t|i|v|e| |w|e|b|r|e|n|d|e|r|,102210fe594ee9b33d82058545b1ed14f4c8206e,LastVisualChange,reddit-billgates-post-1.posts,True,reddit-billgates-post-1.posts LastVisualChange opt cold fission webrender,,77,ms,firefox,,1713757566,2023-06-19 05:49:35,529.0,a9e342522ebdb9602671208a06e988a285d3af18,1259544,,,,,,,,,,,,,,,,,,,,,,,,,,,,,,,,,,,,,,,,,,,,,,,,,,,,,,,,,,,,,TN,TN
autoland,4060512,13,77a9707257b88d3b15060667769a2def98a71cff,windows10-64-shippable-qr,True,False,,|c|o|l|d| |f|i|s|s|i|o|n| |i|n|t|e|r|a|c|t|i|v|e| |w|e|b|r|e|n|d|e|r|,102210fe594ee9b33d82058545b1ed14f4c8206e,LastVisualChange,reddit-billgates-post-1.posts,True,reddit-billgates-post-1.posts LastVisualChange opt cold fission webrender,,77,ms,firefox,,1713828848,2023-06-19 09:32:15,531.7,0274a8c06c67e5ee1dccdb4e151ccf0ec70af43f,1259616,,,,,,,,,,,,,,,,,,,,,,,,,,,,,,,,,,,,,,,,,,,,,,,,,,,,,,,,,,,,,TN,TN
autoland,4060512,13,77a9707257b88d3b15060667769a2def98a71cff,windows10-64-shippable-qr,True,False,,|c|o|l|d| |f|i|s|s|i|o|n| |i|n|t|e|r|a|c|t|i|v|e| |w|e|b|r|e|n|d|e|r|,102210fe594ee9b33d82058545b1ed14f4c8206e,LastVisualChange,reddit-billgates-post-1.posts,True,reddit-billgates-post-1.posts LastVisualChange opt cold fission webrender,,77,ms,firefox,,1714463208,2023-06-19 10:54:06,542.6,48e95e86f4c75db91d98b1e674c6fd254324b7a8,1259657,,,,,,,,,,,,,,,,,,,,,,,,,,,,,,,,,,,,,,,,,,,,,,,,,,,,,,,,,,,,,TN,TN
autoland,4060512,13,77a9707257b88d3b15060667769a2def98a71cff,windows10-64-shippable-qr,True,False,,|c|o|l|d| |f|i|s|s|i|o|n| |i|n|t|e|r|a|c|t|i|v|e| |w|e|b|r|e|n|d|e|r|,102210fe594ee9b33d82058545b1ed14f4c8206e,LastVisualChange,reddit-billgates-post-1.posts,True,reddit-billgates-post-1.posts LastVisualChange opt cold fission webrender,,77,ms,firefox,,1714406424,2023-06-19 10:57:13,527.6,dcc8fc79cd80d8e3ace9dc6687916b9f166455be,1259660,,,,,,,,,,,,,,,,,,,,,,,,,,,,,,,,,,,,,,,,,,,,,,,,,,,,,,,,,,,,,TN,TN
autoland,4060512,13,77a9707257b88d3b15060667769a2def98a71cff,windows10-64-shippable-qr,True,False,,|c|o|l|d| |f|i|s|s|i|o|n| |i|n|t|e|r|a|c|t|i|v|e| |w|e|b|r|e|n|d|e|r|,102210fe594ee9b33d82058545b1ed14f4c8206e,LastVisualChange,reddit-billgates-post-1.posts,True,reddit-billgates-post-1.posts LastVisualChange opt cold fission webrender,,77,ms,firefox,,1714390236,2023-06-19 10:58:05,511.6,bb1b615dd2ccf1843e88f66950b80af491bad37f,1259661,,,,,,,,,,,,,,,,,,,,,,,,,,,,,,,,,,,,,,,,,,,,,,,,,,,,,,,,,,,,,TN,TN
autoland,4060512,13,77a9707257b88d3b15060667769a2def98a71cff,windows10-64-shippable-qr,True,False,,|c|o|l|d| |f|i|s|s|i|o|n| |i|n|t|e|r|a|c|t|i|v|e| |w|e|b|r|e|n|d|e|r|,102210fe594ee9b33d82058545b1ed14f4c8206e,LastVisualChange,reddit-billgates-post-1.posts,True,reddit-billgates-post-1.posts LastVisualChange opt cold fission webrender,,77,ms,firefox,,1714490283,2023-06-19 11:22:46,519.3,f8a8efb71935a31e7e12603b4edf86b90ef2cf4f,1259677,,,,,,,,,,,,,,,,,,,,,,,,,,,,,,,,,,,,,,,,,,,,,,,,,,,,,,,,,,,,,TN,TN
autoland,4060512,13,77a9707257b88d3b15060667769a2def98a71cff,windows10-64-shippable-qr,True,False,,|c|o|l|d| |f|i|s|s|i|o|n| |i|n|t|e|r|a|c|t|i|v|e| |w|e|b|r|e|n|d|e|r|,102210fe594ee9b33d82058545b1ed14f4c8206e,LastVisualChange,reddit-billgates-post-1.posts,True,reddit-billgates-post-1.posts LastVisualChange opt cold fission webrender,,77,ms,firefox,,1714424449,2023-06-19 12:30:04,515.4,569ee35398db24e428d99ff22a6b9995a345395c,1259715,,,,,,,,,,,,,,,,,,,,,,,,,,,,,,,,,,,,,,,,,,,,,,,,,,,,,,,,,,,,,TN,TN
autoland,4060512,13,77a9707257b88d3b15060667769a2def98a71cff,windows10-64-shippable-qr,True,False,,|c|o|l|d| |f|i|s|s|i|o|n| |i|n|t|e|r|a|c|t|i|v|e| |w|e|b|r|e|n|d|e|r|,102210fe594ee9b33d82058545b1ed14f4c8206e,LastVisualChange,reddit-billgates-post-1.posts,True,reddit-billgates-post-1.posts LastVisualChange opt cold fission webrender,,77,ms,firefox,,1714473779,2023-06-19 12:30:52,541.5,5f1f0f5559e239e38d683a443db7f8649327d102,1259716,,,,,,,,,,,,,,,,,,,,,,,,,,,,,,,,,,,,,,,,,,,,,,,,,,,,,,,,,,,,,TN,TN
autoland,4060512,13,77a9707257b88d3b15060667769a2def98a71cff,windows10-64-shippable-qr,True,False,,|c|o|l|d| |f|i|s|s|i|o|n| |i|n|t|e|r|a|c|t|i|v|e| |w|e|b|r|e|n|d|e|r|,102210fe594ee9b33d82058545b1ed14f4c8206e,LastVisualChange,reddit-billgates-post-1.posts,True,reddit-billgates-post-1.posts LastVisualChange opt cold fission webrender,,77,ms,firefox,,1713960677,2023-06-19 13:01:53,561.0,89c8bf4e9209c0c4b1eb87efab68e96d6dbf8145,1259739,,,,,,,,,,,,,,,,,,,,,,,,,,,,,,,,,,,,,,,,,,,,,,,,,,,,,,,,,,,,,TN,TN
autoland,4060512,13,77a9707257b88d3b15060667769a2def98a71cff,windows10-64-shippable-qr,True,False,,|c|o|l|d| |f|i|s|s|i|o|n| |i|n|t|e|r|a|c|t|i|v|e| |w|e|b|r|e|n|d|e|r|,102210fe594ee9b33d82058545b1ed14f4c8206e,LastVisualChange,reddit-billgates-post-1.posts,True,reddit-billgates-post-1.posts LastVisualChange opt cold fission webrender,,77,ms,firefox,,1714504898,2023-06-19 13:09:57,526.0,7d4649658fedcc49e21d5f950f279ff9e9e9e03f,1259747,,,,,,,,,,,,,,,,,,,,,,,,,,,,,,,,,,,,,,,,,,,,,,,,,,,,,,,,,,,,,TN,TN
autoland,4060512,13,77a9707257b88d3b15060667769a2def98a71cff,windows10-64-shippable-qr,True,False,,|c|o|l|d| |f|i|s|s|i|o|n| |i|n|t|e|r|a|c|t|i|v|e| |w|e|b|r|e|n|d|e|r|,102210fe594ee9b33d82058545b1ed14f4c8206e,LastVisualChange,reddit-billgates-post-1.posts,True,reddit-billgates-post-1.posts LastVisualChange opt cold fission webrender,,77,ms,firefox,,1714455713,2023-06-19 13:22:58,521.7,ea38c77ffb12688592d8addb11d0b54e467e7547,1259760,,,,,,,,,,,,,,,,,,,,,,,,,,,,,,,,,,,,,,,,,,,,,,,,,,,,,,,,,,,,,TN,TN
autoland,4060512,13,77a9707257b88d3b15060667769a2def98a71cff,windows10-64-shippable-qr,True,False,,|c|o|l|d| |f|i|s|s|i|o|n| |i|n|t|e|r|a|c|t|i|v|e| |w|e|b|r|e|n|d|e|r|,102210fe594ee9b33d82058545b1ed14f4c8206e,LastVisualChange,reddit-billgates-post-1.posts,True,reddit-billgates-post-1.posts LastVisualChange opt cold fission webrender,,77,ms,firefox,,1714059021,2023-06-19 16:21:16,545.9,9ecde3181716f5d8ad265d976575224cc04b2887,1259851,,,,,,,,,,,,,,,,,,,,,,,,,,,,,,,,,,,,,,,,,,,,,,,,,,,,,,,,,,,,,TN,TN
autoland,4060512,13,77a9707257b88d3b15060667769a2def98a71cff,windows10-64-shippable-qr,True,False,,|c|o|l|d| |f|i|s|s|i|o|n| |i|n|t|e|r|a|c|t|i|v|e| |w|e|b|r|e|n|d|e|r|,102210fe594ee9b33d82058545b1ed14f4c8206e,LastVisualChange,reddit-billgates-post-1.posts,True,reddit-billgates-post-1.posts LastVisualChange opt cold fission webrender,,77,ms,firefox,,1714371822,2023-06-19 16:50:43,538.5,521a8641a60a464e937d010be64f785f88808019,1259866,,,,,,,,,,,,,,,,,,,,,,,,,,,,,,,,,,,,,,,,,,,,,,,,,,,,,,,,,,,,,TN,TN
autoland,4060512,13,77a9707257b88d3b15060667769a2def98a71cff,windows10-64-shippable-qr,True,False,,|c|o|l|d| |f|i|s|s|i|o|n| |i|n|t|e|r|a|c|t|i|v|e| |w|e|b|r|e|n|d|e|r|,102210fe594ee9b33d82058545b1ed14f4c8206e,LastVisualChange,reddit-billgates-post-1.posts,True,reddit-billgates-post-1.posts LastVisualChange opt cold fission webrender,,77,ms,firefox,,1714377139,2023-06-19 16:52:27,515.6,58b351a155c80d33d20f09d5854fd88f2b967464,1259868,,,,,,,,,,,,,,,,,,,,,,,,,,,,,,,,,,,,,,,,,,,,,,,,,,,,,,,,,,,,,TN,TN
autoland,4060512,13,77a9707257b88d3b15060667769a2def98a71cff,windows10-64-shippable-qr,True,False,,|c|o|l|d| |f|i|s|s|i|o|n| |i|n|t|e|r|a|c|t|i|v|e| |w|e|b|r|e|n|d|e|r|,102210fe594ee9b33d82058545b1ed14f4c8206e,LastVisualChange,reddit-billgates-post-1.posts,True,reddit-billgates-post-1.posts LastVisualChange opt cold fission webrender,,77,ms,firefox,,1714440483,2023-06-19 17:24:35,506.0,365aa505cf55da4d91335bc3d2d02e1be46eb4c4,1259880,,,,,,,,,,,,,,,,,,,,,,,,,,,,,,,,,,,,,,,,,,,,,,,,,,,,,,,,,,,,,TN,TN
autoland,4060512,13,77a9707257b88d3b15060667769a2def98a71cff,windows10-64-shippable-qr,True,False,,|c|o|l|d| |f|i|s|s|i|o|n| |i|n|t|e|r|a|c|t|i|v|e| |w|e|b|r|e|n|d|e|r|,102210fe594ee9b33d82058545b1ed14f4c8206e,LastVisualChange,reddit-billgates-post-1.posts,True,reddit-billgates-post-1.posts LastVisualChange opt cold fission webrender,,77,ms,firefox,,1714509609,2023-06-19 17:28:51,535.5,f7f17f9392c5b051c786828c0a61160f0f066291,1259884,,,,,,,,,,,,,,,,,,,,,,,,,,,,,,,,,,,,,,,,,,,,,,,,,,,,,,,,,,,,,TN,TN
autoland,4060512,13,77a9707257b88d3b15060667769a2def98a71cff,windows10-64-shippable-qr,True,False,,|c|o|l|d| |f|i|s|s|i|o|n| |i|n|t|e|r|a|c|t|i|v|e| |w|e|b|r|e|n|d|e|r|,102210fe594ee9b33d82058545b1ed14f4c8206e,LastVisualChange,reddit-billgates-post-1.posts,True,reddit-billgates-post-1.posts LastVisualChange opt cold fission webrender,,77,ms,firefox,,1714340428,2023-06-19 17:29:47,506.0,08f12e7fa5f04d9acf47a841046c192b3b6b9b71,1259885,,,,,,,,,,,,,,,,,,,,,,,,,,,,,,,,,,,,,,,,,,,,,,,,,,,,,,,,,,,,,TN,TN
autoland,4060512,13,77a9707257b88d3b15060667769a2def98a71cff,windows10-64-shippable-qr,True,False,,|c|o|l|d| |f|i|s|s|i|o|n| |i|n|t|e|r|a|c|t|i|v|e| |w|e|b|r|e|n|d|e|r|,102210fe594ee9b33d82058545b1ed14f4c8206e,LastVisualChange,reddit-billgates-post-1.posts,True,reddit-billgates-post-1.posts LastVisualChange opt cold fission webrender,,77,ms,firefox,,1714433632,2023-06-19 17:46:12,532.6,b040fff76ed7ecee270c125c9c3229c5e9ee1ff0,1259890,,,,,,,,,,,,,,,,,,,,,,,,,,,,,,,,,,,,,,,,,,,,,,,,,,,,,,,,,,,,,TN,TN
autoland,4060512,13,77a9707257b88d3b15060667769a2def98a71cff,windows10-64-shippable-qr,True,False,,|c|o|l|d| |f|i|s|s|i|o|n| |i|n|t|e|r|a|c|t|i|v|e| |w|e|b|r|e|n|d|e|r|,102210fe594ee9b33d82058545b1ed14f4c8206e,LastVisualChange,reddit-billgates-post-1.posts,True,reddit-billgates-post-1.posts LastVisualChange opt cold fission webrender,,77,ms,firefox,,1714481906,2023-06-19 18:37:51,528.0,5f266371028f0ed5fe633f259a012880a2a6df89,1259913,,,,,,,,,,,,,,,,,,,,,,,,,,,,,,,,,,,,,,,,,,,,,,,,,,,,,,,,,,,,,TN,TN
autoland,4060512,13,77a9707257b88d3b15060667769a2def98a71cff,windows10-64-shippable-qr,True,False,,|c|o|l|d| |f|i|s|s|i|o|n| |i|n|t|e|r|a|c|t|i|v|e| |w|e|b|r|e|n|d|e|r|,102210fe594ee9b33d82058545b1ed14f4c8206e,LastVisualChange,reddit-billgates-post-1.posts,True,reddit-billgates-post-1.posts LastVisualChange opt cold fission webrender,,77,ms,firefox,,1714355214,2023-06-19 18:48:22,518.3,03a00f2c2bc451f4edbf350398a03d2342d68101,1259919,,,,,,,,,,,,,,,,,,,,,,,,,,,,,,,,,,,,,,,,,,,,,,,,,,,,,,,,,,,,,TN,TN
autoland,4060512,13,77a9707257b88d3b15060667769a2def98a71cff,windows10-64-shippable-qr,True,False,,|c|o|l|d| |f|i|s|s|i|o|n| |i|n|t|e|r|a|c|t|i|v|e| |w|e|b|r|e|n|d|e|r|,102210fe594ee9b33d82058545b1ed14f4c8206e,LastVisualChange,reddit-billgates-post-1.posts,True,reddit-billgates-post-1.posts LastVisualChange opt cold fission webrender,,77,ms,firefox,,1714130173,2023-06-19 19:03:14,525.9,e06365982ef6b00590cb160ebe9f4978558d1052,1259928,,,,,,,,,,,,,,,,,,,,,,,,,,,,,,,,,,,,,,,,,,,,,,,,,,,,,,,,,,,,,TN,TN
autoland,4060512,13,77a9707257b88d3b15060667769a2def98a71cff,windows10-64-shippable-qr,True,False,,|c|o|l|d| |f|i|s|s|i|o|n| |i|n|t|e|r|a|c|t|i|v|e| |w|e|b|r|e|n|d|e|r|,102210fe594ee9b33d82058545b1ed14f4c8206e,LastVisualChange,reddit-billgates-post-1.posts,True,reddit-billgates-post-1.posts LastVisualChange opt cold fission webrender,,77,ms,firefox,,1714217050,2023-06-19 23:03:46,544.8,edef1940a6bd4d95b235e43b1cada493f561f78a,1260042,,,,,,,,,,,,,,,,,,,,,,,,,,,,,,,,,,,,,,,,,,,,,,,,,,,,,,,,,,,,,TN,TN
autoland,4060512,13,77a9707257b88d3b15060667769a2def98a71cff,windows10-64-shippable-qr,True,False,,|c|o|l|d| |f|i|s|s|i|o|n| |i|n|t|e|r|a|c|t|i|v|e| |w|e|b|r|e|n|d|e|r|,102210fe594ee9b33d82058545b1ed14f4c8206e,LastVisualChange,reddit-billgates-post-1.posts,True,reddit-billgates-post-1.posts LastVisualChange opt cold fission webrender,,77,ms,firefox,,1714304317,2023-06-20 04:00:20,554.7,a4b679a79f2fa00877013dfcc1a886078d728328,1260102,,,,,,,,,,,,,,,,,,,,,,,,,,,,,,,,,,,,,,,,,,,,,,,,,,,,,,,,,,,,,TN,TN
autoland,4060512,13,77a9707257b88d3b15060667769a2def98a71cff,windows10-64-shippable-qr,True,False,,|c|o|l|d| |f|i|s|s|i|o|n| |i|n|t|e|r|a|c|t|i|v|e| |w|e|b|r|e|n|d|e|r|,102210fe594ee9b33d82058545b1ed14f4c8206e,LastVisualChange,reddit-billgates-post-1.posts,True,reddit-billgates-post-1.posts LastVisualChange opt cold fission webrender,,77,ms,firefox,,1714544275,2023-06-20 05:17:25,522.0,ce5a84713c8b968709940f18f143d251da4fcb83,1260124,,,,,,,,,,,,,,,,,,,,,,,,,,,,,,,,,,,,,,,,,,,,,,,,,,,,,,,,,,,,,TN,TN
autoland,4060512,13,77a9707257b88d3b15060667769a2def98a71cff,windows10-64-shippable-qr,True,False,,|c|o|l|d| |f|i|s|s|i|o|n| |i|n|t|e|r|a|c|t|i|v|e| |w|e|b|r|e|n|d|e|r|,102210fe594ee9b33d82058545b1ed14f4c8206e,LastVisualChange,reddit-billgates-post-1.posts,True,reddit-billgates-post-1.posts LastVisualChange opt cold fission webrender,,77,ms,firefox,,1714642312,2023-06-20 09:18:46,528.9,caf02cdd31992e89c9bd81c5ec4d391070651f3a,1260213,,,,,,,,,,,,,,,,,,,,,,,,,,,,,,,,,,,,,,,,,,,,,,,,,,,,,,,,,,,,,TN,TN
autoland,4060512,13,77a9707257b88d3b15060667769a2def98a71cff,windows10-64-shippable-qr,True,False,,|c|o|l|d| |f|i|s|s|i|o|n| |i|n|t|e|r|a|c|t|i|v|e| |w|e|b|r|e|n|d|e|r|,102210fe594ee9b33d82058545b1ed14f4c8206e,LastVisualChange,reddit-billgates-post-1.posts,True,reddit-billgates-post-1.posts LastVisualChange opt cold fission webrender,,77,ms,firefox,,1714707981,2023-06-20 12:29:52,541.7,5ade2b37847325019878bde832493c342759d7eb,1260284,,,,,,,,,,,,,,,,,,,,,,,,,,,,,,,,,,,,,,,,,,,,,,,,,,,,,,,,,,,,,TN,TN
autoland,4060512,13,77a9707257b88d3b15060667769a2def98a71cff,windows10-64-shippable-qr,True,False,,|c|o|l|d| |f|i|s|s|i|o|n| |i|n|t|e|r|a|c|t|i|v|e| |w|e|b|r|e|n|d|e|r|,102210fe594ee9b33d82058545b1ed14f4c8206e,LastVisualChange,reddit-billgates-post-1.posts,True,reddit-billgates-post-1.posts LastVisualChange opt cold fission webrender,,77,ms,firefox,,1715364187,2023-06-20 13:16:23,515.7,2a357dfcda5c76e2730168adf7715a8b0fe64909,1260318,,,,,,,,,,,,,,,,,,,,,,,,,,,,,,,,,,,,,,,,,,,,,,,,,,,,,,,,,,,,,TN,TN
autoland,4060512,13,77a9707257b88d3b15060667769a2def98a71cff,windows10-64-shippable-qr,True,False,,|c|o|l|d| |f|i|s|s|i|o|n| |i|n|t|e|r|a|c|t|i|v|e| |w|e|b|r|e|n|d|e|r|,102210fe594ee9b33d82058545b1ed14f4c8206e,LastVisualChange,reddit-billgates-post-1.posts,True,reddit-billgates-post-1.posts LastVisualChange opt cold fission webrender,,77,ms,firefox,,1715367604,2023-06-20 13:20:46,547.6,45dc6efe7f01341ff7dbed8e768ddd2f1c6c20c5,1260323,,,,,,,,,,,,,,,,,,,,,,,,,,,,,,,,,,,,,,,,,,,,,,,,,,,,,,,,,,,,,TN,TN
autoland,4060512,13,77a9707257b88d3b15060667769a2def98a71cff,windows10-64-shippable-qr,True,False,,|c|o|l|d| |f|i|s|s|i|o|n| |i|n|t|e|r|a|c|t|i|v|e| |w|e|b|r|e|n|d|e|r|,102210fe594ee9b33d82058545b1ed14f4c8206e,LastVisualChange,reddit-billgates-post-1.posts,True,reddit-billgates-post-1.posts LastVisualChange opt cold fission webrender,,77,ms,firefox,,1715377655,2023-06-20 13:42:49,522.1,24de8014b48f55b1c907f6c3e01fd4d2a9dde27e,1260341,,,,,,,,,,,,,,,,,,,,,,,,,,,,,,,,,,,,,,,,,,,,,,,,,,,,,,,,,,,,,TN,TN
autoland,4060512,13,77a9707257b88d3b15060667769a2def98a71cff,windows10-64-shippable-qr,True,False,,|c|o|l|d| |f|i|s|s|i|o|n| |i|n|t|e|r|a|c|t|i|v|e| |w|e|b|r|e|n|d|e|r|,102210fe594ee9b33d82058545b1ed14f4c8206e,LastVisualChange,reddit-billgates-post-1.posts,True,reddit-billgates-post-1.posts LastVisualChange opt cold fission webrender,,77,ms,firefox,,1714874187,2023-06-20 16:34:00,545.5,1877c1e6db6f8a23c52ab9238c7f62d0b696f0ce,1260512,,,,,,,,,,,,,,,,,,,,,,,,,,,,,,,,,,,,,,,,,,,,,,,,,,,,,,,,,,,,,TN,TN
autoland,4060512,13,77a9707257b88d3b15060667769a2def98a71cff,windows10-64-shippable-qr,True,False,,|c|o|l|d| |f|i|s|s|i|o|n| |i|n|t|e|r|a|c|t|i|v|e| |w|e|b|r|e|n|d|e|r|,102210fe594ee9b33d82058545b1ed14f4c8206e,LastVisualChange,reddit-billgates-post-1.posts,True,reddit-billgates-post-1.posts LastVisualChange opt cold fission webrender,,77,ms,firefox,,1714896846,2023-06-20 16:35:53,518.7,2ad5c2418b372960126440af5aa568104de3bfb8,1260515,,,,,,,,,,,,,,,,,,,,,,,,,,,,,,,,,,,,,,,,,,,,,,,,,,,,,,,,,,,,,TN,TN
autoland,4060512,13,77a9707257b88d3b15060667769a2def98a71cff,windows10-64-shippable-qr,True,False,,|c|o|l|d| |f|i|s|s|i|o|n| |i|n|t|e|r|a|c|t|i|v|e| |w|e|b|r|e|n|d|e|r|,102210fe594ee9b33d82058545b1ed14f4c8206e,LastVisualChange,reddit-billgates-post-1.posts,True,reddit-billgates-post-1.posts LastVisualChange opt cold fission webrender,,77,ms,firefox,,1715268482,2023-06-21 00:51:29,512.3,143aa1574b8d50e4d2ddd1a2826b25a8418f13c1,1260862,,,,,,,,,,,,,,,,,,,,,,,,,,,,,,,,,,,,,,,,,,,,,,,,,,,,,,,,,,,,,TN,TN
autoland,4060512,13,77a9707257b88d3b15060667769a2def98a71cff,windows10-64-shippable-qr,True,False,,|c|o|l|d| |f|i|s|s|i|o|n| |i|n|t|e|r|a|c|t|i|v|e| |w|e|b|r|e|n|d|e|r|,102210fe594ee9b33d82058545b1ed14f4c8206e,LastVisualChange,reddit-billgates-post-1.posts,True,reddit-billgates-post-1.posts LastVisualChange opt cold fission webrender,,77,ms,firefox,,1715306051,2023-06-21 02:28:11,527.8,7bdf45ed2f6b565e69fdbc44285af78de3271a4e,1260905,,,,,,,,,,,,,,,,,,,,,,,,,,,,,,,,,,,,,,,,,,,,,,,,,,,,,,,,,,,,,TN,TN
autoland,4060512,13,77a9707257b88d3b15060667769a2def98a71cff,windows10-64-shippable-qr,True,False,,|c|o|l|d| |f|i|s|s|i|o|n| |i|n|t|e|r|a|c|t|i|v|e| |w|e|b|r|e|n|d|e|r|,102210fe594ee9b33d82058545b1ed14f4c8206e,LastVisualChange,reddit-billgates-post-1.posts,True,reddit-billgates-post-1.posts LastVisualChange opt cold fission webrender,,77,ms,firefox,,1715415888,2023-06-21 06:55:17,536.0,8a382f0bd3211346516d54c647d157320335a806,1260969,,,,,,,,,,,,,,,,,,,,,,,,,,,,,,,,,,,,,,,,,,,,,,,,,,,,,,,,,,,,,TN,TN
autoland,4060512,13,77a9707257b88d3b15060667769a2def98a71cff,windows10-64-shippable-qr,True,False,,|c|o|l|d| |f|i|s|s|i|o|n| |i|n|t|e|r|a|c|t|i|v|e| |w|e|b|r|e|n|d|e|r|,102210fe594ee9b33d82058545b1ed14f4c8206e,LastVisualChange,reddit-billgates-post-1.posts,True,reddit-billgates-post-1.posts LastVisualChange opt cold fission webrender,,77,ms,firefox,,1715432981,2023-06-21 07:34:24,515.9,4c90403735bebf09d72af91e99745cfcbbae2a35,1260998,,,,,,,,,,,,,,,,,,,,,,,,,,,,,,,,,,,,,,,,,,,,,,,,,,,,,,,,,,,,,TN,TN
autoland,4060512,13,77a9707257b88d3b15060667769a2def98a71cff,windows10-64-shippable-qr,True,False,,|c|o|l|d| |f|i|s|s|i|o|n| |i|n|t|e|r|a|c|t|i|v|e| |w|e|b|r|e|n|d|e|r|,102210fe594ee9b33d82058545b1ed14f4c8206e,LastVisualChange,reddit-billgates-post-1.posts,True,reddit-billgates-post-1.posts LastVisualChange opt cold fission webrender,,77,ms,firefox,,1715615527,2023-06-21 12:20:35,542.6,14edc9bcbe5615f748cdb086881c6b983aedf04d,1261182,,,,,,,,,,,,,,,,,,,,,,,,,,,,,,,,,,,,,,,,,,,,,,,,,,,,,,,,,,,,,TN,TN
autoland,4060512,13,77a9707257b88d3b15060667769a2def98a71cff,windows10-64-shippable-qr,True,False,,|c|o|l|d| |f|i|s|s|i|o|n| |i|n|t|e|r|a|c|t|i|v|e| |w|e|b|r|e|n|d|e|r|,102210fe594ee9b33d82058545b1ed14f4c8206e,LastVisualChange,reddit-billgates-post-1.posts,True,reddit-billgates-post-1.posts LastVisualChange opt cold fission webrender,,77,ms,firefox,,1715685774,2023-06-21 12:59:17,514.9,b94f3d418f54f964368486a65cd5d15e828867db,1261207,,,,,,,,,,,,,,,,,,,,,,,,,,,,,,,,,,,,,,,,,,,,,,,,,,,,,,,,,,,,,TN,TN
autoland,4060512,13,77a9707257b88d3b15060667769a2def98a71cff,windows10-64-shippable-qr,True,False,,|c|o|l|d| |f|i|s|s|i|o|n| |i|n|t|e|r|a|c|t|i|v|e| |w|e|b|r|e|n|d|e|r|,102210fe594ee9b33d82058545b1ed14f4c8206e,LastVisualChange,reddit-billgates-post-1.posts,True,reddit-billgates-post-1.posts LastVisualChange opt cold fission webrender,,77,ms,firefox,,1715745752,2023-06-21 16:33:07,532.6,702dc0aa87a8c3e4929277c1dc8220a7dd72418f,1261278,,,,,,,,,,,,,,,,,,,,,,,,,,,,,,,,,,,,,,,,,,,,,,,,,,,,,,,,,,,,,TN,TN
autoland,4060512,13,77a9707257b88d3b15060667769a2def98a71cff,windows10-64-shippable-qr,True,False,,|c|o|l|d| |f|i|s|s|i|o|n| |i|n|t|e|r|a|c|t|i|v|e| |w|e|b|r|e|n|d|e|r|,102210fe594ee9b33d82058545b1ed14f4c8206e,LastVisualChange,reddit-billgates-post-1.posts,True,reddit-billgates-post-1.posts LastVisualChange opt cold fission webrender,,77,ms,firefox,,1715953132,2023-06-21 20:43:57,529.0,78880280c2765ec0520ece3184fc8fdbac5b5356,1261541,,,,,,,,,,,,,,,,,,,,,,,,,,,,,,,,,,,,,,,,,,,,,,,,,,,,,,,,,,,,,TN,TN
autoland,4060512,13,77a9707257b88d3b15060667769a2def98a71cff,windows10-64-shippable-qr,True,False,,|c|o|l|d| |f|i|s|s|i|o|n| |i|n|t|e|r|a|c|t|i|v|e| |w|e|b|r|e|n|d|e|r|,102210fe594ee9b33d82058545b1ed14f4c8206e,LastVisualChange,reddit-billgates-post-1.posts,True,reddit-billgates-post-1.posts LastVisualChange opt cold fission webrender,,77,ms,firefox,,1716011119,2023-06-22 00:43:42,534.0,109834499ca10a69681c6868a23ec828dcf160cf,1261782,,,,,,,,,,,,,,,,,,,,,,,,,,,,,,,,,,,,,,,,,,,,,,,,,,,,,,,,,,,,,TN,TN
autoland,4060512,13,77a9707257b88d3b15060667769a2def98a71cff,windows10-64-shippable-qr,True,False,,|c|o|l|d| |f|i|s|s|i|o|n| |i|n|t|e|r|a|c|t|i|v|e| |w|e|b|r|e|n|d|e|r|,102210fe594ee9b33d82058545b1ed14f4c8206e,LastVisualChange,reddit-billgates-post-1.posts,True,reddit-billgates-post-1.posts LastVisualChange opt cold fission webrender,,77,ms,firefox,,1716082839,2023-06-22 05:48:27,522.3,57884604206ce9bb39718006eac660e6e32e5044,1261863,,,,,,,,,,,,,,,,,,,,,,,,,,,,,,,,,,,,,,,,,,,,,,,,,,,,,,,,,,,,,TN,TN
autoland,4060512,13,77a9707257b88d3b15060667769a2def98a71cff,windows10-64-shippable-qr,True,False,,|c|o|l|d| |f|i|s|s|i|o|n| |i|n|t|e|r|a|c|t|i|v|e| |w|e|b|r|e|n|d|e|r|,102210fe594ee9b33d82058545b1ed14f4c8206e,LastVisualChange,reddit-billgates-post-1.posts,True,reddit-billgates-post-1.posts LastVisualChange opt cold fission webrender,,77,ms,firefox,,1716110599,2023-06-22 07:29:35,538.5,45769d7ff3c64d7abfcfedd8f05bb7dcb442270c,1261886,,,,,,,,,,,,,,,,,,,,,,,,,,,,,,,,,,,,,,,,,,,,,,,,,,,,,,,,,,,,,TN,TN
autoland,4060512,13,77a9707257b88d3b15060667769a2def98a71cff,windows10-64-shippable-qr,True,False,,|c|o|l|d| |f|i|s|s|i|o|n| |i|n|t|e|r|a|c|t|i|v|e| |w|e|b|r|e|n|d|e|r|,102210fe594ee9b33d82058545b1ed14f4c8206e,LastVisualChange,reddit-billgates-post-1.posts,True,reddit-billgates-post-1.posts LastVisualChange opt cold fission webrender,,77,ms,firefox,,1716208101,2023-06-22 11:39:08,532.4,3d85ee9f4f736ebc38b26fed33c8681bb512aa92,1262053,,,,,,,,,,,,,,,,,,,,,,,,,,,,,,,,,,,,,,,,,,,,,,,,,,,,,,,,,,,,,TN,TN
autoland,4060512,13,77a9707257b88d3b15060667769a2def98a71cff,windows10-64-shippable-qr,True,False,,|c|o|l|d| |f|i|s|s|i|o|n| |i|n|t|e|r|a|c|t|i|v|e| |w|e|b|r|e|n|d|e|r|,102210fe594ee9b33d82058545b1ed14f4c8206e,LastVisualChange,reddit-billgates-post-1.posts,True,reddit-billgates-post-1.posts LastVisualChange opt cold fission webrender,,77,ms,firefox,,1716393571,2023-06-22 14:41:02,555.3,b9e51e69d0451a93822b61cc15d72666124f02dd,1262179,,,,,,,,,,,,,,,,,,,,,,,,,,,,,,,,,,,,,,,,,,,,,,,,,,,,,,,,,,,,,TN,TN
autoland,4060512,13,77a9707257b88d3b15060667769a2def98a71cff,windows10-64-shippable-qr,True,False,,|c|o|l|d| |f|i|s|s|i|o|n| |i|n|t|e|r|a|c|t|i|v|e| |w|e|b|r|e|n|d|e|r|,102210fe594ee9b33d82058545b1ed14f4c8206e,LastVisualChange,reddit-billgates-post-1.posts,True,reddit-billgates-post-1.posts LastVisualChange opt cold fission webrender,,77,ms,firefox,,1716748555,2023-06-22 16:17:16,534.9,3ca20b10728e84a6990e718a045dff56cc971095,1262281,,,,,,,,,,,,,,,,,,,,,,,,,,,,,,,,,,,,,,,,,,,,,,,,,,,,,,,,,,,,,TN,TN
autoland,4060512,13,77a9707257b88d3b15060667769a2def98a71cff,windows10-64-shippable-qr,True,False,,|c|o|l|d| |f|i|s|s|i|o|n| |i|n|t|e|r|a|c|t|i|v|e| |w|e|b|r|e|n|d|e|r|,102210fe594ee9b33d82058545b1ed14f4c8206e,LastVisualChange,reddit-billgates-post-1.posts,True,reddit-billgates-post-1.posts LastVisualChange opt cold fission webrender,,77,ms,firefox,,1716740118,2023-06-22 16:18:05,542.1,8319e8c25b28a1b598027e583d0b98267a83df3b,1262282,,,,,,,,,,,,,,,,,,,,,,,,,,,,,,,,,,,,,,,,,,,,,,,,,,,,,,,,,,,,,TN,TN
autoland,4060512,13,77a9707257b88d3b15060667769a2def98a71cff,windows10-64-shippable-qr,True,False,,|c|o|l|d| |f|i|s|s|i|o|n| |i|n|t|e|r|a|c|t|i|v|e| |w|e|b|r|e|n|d|e|r|,102210fe594ee9b33d82058545b1ed14f4c8206e,LastVisualChange,reddit-billgates-post-1.posts,True,reddit-billgates-post-1.posts LastVisualChange opt cold fission webrender,,77,ms,firefox,,1716727361,2023-06-22 16:44:55,529.2,ab974ebe59e520c7ccfb29a7f17742be7ae4f5e8,1262293,,,,,,,,,,,,,,,,,,,,,,,,,,,,,,,,,,,,,,,,,,,,,,,,,,,,,,,,,,,,,TN,TN
autoland,4060512,13,77a9707257b88d3b15060667769a2def98a71cff,windows10-64-shippable-qr,True,False,,|c|o|l|d| |f|i|s|s|i|o|n| |i|n|t|e|r|a|c|t|i|v|e| |w|e|b|r|e|n|d|e|r|,102210fe594ee9b33d82058545b1ed14f4c8206e,LastVisualChange,reddit-billgates-post-1.posts,True,reddit-billgates-post-1.posts LastVisualChange opt cold fission webrender,,77,ms,firefox,,1716735813,2023-06-22 17:07:52,519.1,3a16cb4731cdb6baad2db46ddec526fadb078136,1262300,,,,,,,,,,,,,,,,,,,,,,,,,,,,,,,,,,,,,,,,,,,,,,,,,,,,,,,,,,,,,TN,TN
autoland,4060512,13,77a9707257b88d3b15060667769a2def98a71cff,windows10-64-shippable-qr,True,False,,|c|o|l|d| |f|i|s|s|i|o|n| |i|n|t|e|r|a|c|t|i|v|e| |w|e|b|r|e|n|d|e|r|,102210fe594ee9b33d82058545b1ed14f4c8206e,LastVisualChange,reddit-billgates-post-1.posts,True,reddit-billgates-post-1.posts LastVisualChange opt cold fission webrender,,77,ms,firefox,,1716445398,2023-06-22 18:48:21,532.2,9a98c67180c5914db4ca78d4fc36d6d0721d24a9,1262325,,,,,,,,,,,,,,,,,,,,,,,,,,,,,,,,,,,,,,,,,,,,,,,,,,,,,,,,,,,,,TN,TN
autoland,4060512,13,77a9707257b88d3b15060667769a2def98a71cff,windows10-64-shippable-qr,True,False,,|c|o|l|d| |f|i|s|s|i|o|n| |i|n|t|e|r|a|c|t|i|v|e| |w|e|b|r|e|n|d|e|r|,102210fe594ee9b33d82058545b1ed14f4c8206e,LastVisualChange,reddit-billgates-post-1.posts,True,reddit-billgates-post-1.posts LastVisualChange opt cold fission webrender,,77,ms,firefox,,1716473869,2023-06-22 19:02:55,529.1,4b261191412d4972eaab59ddb358f2eef865280d,1262337,,,,,,,,,,,,,,,,,,,,,,,,,,,,,,,,,,,,,,,,,,,,,,,,,,,,,,,,,,,,,TN,TN
autoland,4060512,13,77a9707257b88d3b15060667769a2def98a71cff,windows10-64-shippable-qr,True,False,,|c|o|l|d| |f|i|s|s|i|o|n| |i|n|t|e|r|a|c|t|i|v|e| |w|e|b|r|e|n|d|e|r|,102210fe594ee9b33d82058545b1ed14f4c8206e,LastVisualChange,reddit-billgates-post-1.posts,True,reddit-billgates-post-1.posts LastVisualChange opt cold fission webrender,,77,ms,firefox,,1716585827,2023-06-22 22:58:49,542.0,ec702239c313d37f8ee8d6b4d9b78aba8d4b6580,1262495,,,,,,,,,,,,,,,,,,,,,,,,,,,,,,,,,,,,,,,,,,,,,,,,,,,,,,,,,,,,,TN,TN
autoland,4060512,13,77a9707257b88d3b15060667769a2def98a71cff,windows10-64-shippable-qr,True,False,,|c|o|l|d| |f|i|s|s|i|o|n| |i|n|t|e|r|a|c|t|i|v|e| |w|e|b|r|e|n|d|e|r|,102210fe594ee9b33d82058545b1ed14f4c8206e,LastVisualChange,reddit-billgates-post-1.posts,True,reddit-billgates-post-1.posts LastVisualChange opt cold fission webrender,,77,ms,firefox,,1716708255,2023-06-23 03:22:10,548.6,a9c0bee966a1e0b10528a9b41b3dcea34ee95b83,1262648,,,,,,,,,,,,,,,,,,,,,,,,,,,,,,,,,,,,,,,,,,,,,,,,,,,,,,,,,,,,,TN,TN
autoland,4060512,13,77a9707257b88d3b15060667769a2def98a71cff,windows10-64-shippable-qr,True,False,,|c|o|l|d| |f|i|s|s|i|o|n| |i|n|t|e|r|a|c|t|i|v|e| |w|e|b|r|e|n|d|e|r|,102210fe594ee9b33d82058545b1ed14f4c8206e,LastVisualChange,reddit-billgates-post-1.posts,True,reddit-billgates-post-1.posts LastVisualChange opt cold fission webrender,,77,ms,firefox,,1716953672,2023-06-23 06:38:21,518.9,e6ebe768e49bf43fc6465b297a817d1e4994af82,1262712,,,,,,,,,,,,,,,,,,,,,,,,,,,,,,,,,,,,,,,,,,,,,,,,,,,,,,,,,,,,,TN,TN
autoland,4060512,13,77a9707257b88d3b15060667769a2def98a71cff,windows10-64-shippable-qr,True,False,,|c|o|l|d| |f|i|s|s|i|o|n| |i|n|t|e|r|a|c|t|i|v|e| |w|e|b|r|e|n|d|e|r|,102210fe594ee9b33d82058545b1ed14f4c8206e,LastVisualChange,reddit-billgates-post-1.posts,True,reddit-billgates-post-1.posts LastVisualChange opt cold fission webrender,,77,ms,firefox,,1716986421,2023-06-23 10:04:46,538.8,bd328e6b49f984c8a1b8e2e0e0b2194267d023ac,1262825,,,,,,,,,,,,,,,,,,,,,,,,,,,,,,,,,,,,,,,,,,,,,,,,,,,,,,,,,,,,,TN,TN
autoland,4060512,13,77a9707257b88d3b15060667769a2def98a71cff,windows10-64-shippable-qr,True,False,,|c|o|l|d| |f|i|s|s|i|o|n| |i|n|t|e|r|a|c|t|i|v|e| |w|e|b|r|e|n|d|e|r|,102210fe594ee9b33d82058545b1ed14f4c8206e,LastVisualChange,reddit-billgates-post-1.posts,True,reddit-billgates-post-1.posts LastVisualChange opt cold fission webrender,,77,ms,firefox,,1717083240,2023-06-23 14:10:04,529.0,21d4902198ae482d7fd52735881f90fb09ffaa07,1262960,,,,,,,,,,,,,,,,,,,,,,,,,,,,,,,,,,,,,,,,,,,,,,,,,,,,,,,,,,,,,TN,TN
autoland,4060512,13,77a9707257b88d3b15060667769a2def98a71cff,windows10-64-shippable-qr,True,False,,|c|o|l|d| |f|i|s|s|i|o|n| |i|n|t|e|r|a|c|t|i|v|e| |w|e|b|r|e|n|d|e|r|,102210fe594ee9b33d82058545b1ed14f4c8206e,LastVisualChange,reddit-billgates-post-1.posts,True,reddit-billgates-post-1.posts LastVisualChange opt cold fission webrender,,77,ms,firefox,,1717095513,2023-06-23 14:24:51,536.0,801ba619d741b520231e6a0791457e7b44bef641,1262973,,,,,,,,,,,,,,,,,,,,,,,,,,,,,,,,,,,,,,,,,,,,,,,,,,,,,,,,,,,,,TN,TN
autoland,4060512,13,77a9707257b88d3b15060667769a2def98a71cff,windows10-64-shippable-qr,True,False,,|c|o|l|d| |f|i|s|s|i|o|n| |i|n|t|e|r|a|c|t|i|v|e| |w|e|b|r|e|n|d|e|r|,102210fe594ee9b33d82058545b1ed14f4c8206e,LastVisualChange,reddit-billgates-post-1.posts,True,reddit-billgates-post-1.posts LastVisualChange opt cold fission webrender,,77,ms,firefox,,1717205444,2023-06-23 18:49:22,525.3,efb1631077da0ef473b1fe37d64cd6f652c34f37,1263094,,,,,,,,,,,,,,,,,,,,,,,,,,,,,,,,,,,,,,,,,,,,,,,,,,,,,,,,,,,,,TN,TN
autoland,4060512,13,77a9707257b88d3b15060667769a2def98a71cff,windows10-64-shippable-qr,True,False,,|c|o|l|d| |f|i|s|s|i|o|n| |i|n|t|e|r|a|c|t|i|v|e| |w|e|b|r|e|n|d|e|r|,102210fe594ee9b33d82058545b1ed14f4c8206e,LastVisualChange,reddit-billgates-post-1.posts,True,reddit-billgates-post-1.posts LastVisualChange opt cold fission webrender,,77,ms,firefox,,1717215288,2023-06-23 19:29:51,524.3,3cfaf216653a2de7529a3bc74907ea4fecc21912,1263108,,,,,,,,,,,,,,,,,,,,,,,,,,,,,,,,,,,,,,,,,,,,,,,,,,,,,,,,,,,,,TN,TN
autoland,4060512,13,77a9707257b88d3b15060667769a2def98a71cff,windows10-64-shippable-qr,True,False,,|c|o|l|d| |f|i|s|s|i|o|n| |i|n|t|e|r|a|c|t|i|v|e| |w|e|b|r|e|n|d|e|r|,102210fe594ee9b33d82058545b1ed14f4c8206e,LastVisualChange,reddit-billgates-post-1.posts,True,reddit-billgates-post-1.posts LastVisualChange opt cold fission webrender,,77,ms,firefox,,1717258518,2023-06-23 23:33:35,538.9,45c221c4d7560f0ab2b6f7c4d113e2f96d73e994,1263150,,,,,,,,,,,,,,,,,,,,,,,,,,,,,,,,,,,,,,,,,,,,,,,,,,,,,,,,,,,,,TN,TN
autoland,4060512,13,77a9707257b88d3b15060667769a2def98a71cff,windows10-64-shippable-qr,True,False,,|c|o|l|d| |f|i|s|s|i|o|n| |i|n|t|e|r|a|c|t|i|v|e| |w|e|b|r|e|n|d|e|r|,102210fe594ee9b33d82058545b1ed14f4c8206e,LastVisualChange,reddit-billgates-post-1.posts,True,reddit-billgates-post-1.posts LastVisualChange opt cold fission webrender,,77,ms,firefox,,1717378260,2023-06-24 17:55:21,519.2,31d5ffaf0b16a722c89e3bc6043d1a6dd2df4f59,1263267,,,,,,,,,,,,,,,,,,,,,,,,,,,,,,,,,,,,,,,,,,,,,,,,,,,,,,,,,,,,,TN,TN
autoland,4060512,13,77a9707257b88d3b15060667769a2def98a71cff,windows10-64-shippable-qr,True,False,,|c|o|l|d| |f|i|s|s|i|o|n| |i|n|t|e|r|a|c|t|i|v|e| |w|e|b|r|e|n|d|e|r|,102210fe594ee9b33d82058545b1ed14f4c8206e,LastVisualChange,reddit-billgates-post-1.posts,True,reddit-billgates-post-1.posts LastVisualChange opt cold fission webrender,,77,ms,firefox,,1717496359,2023-06-25 11:25:42,541.0,a529a3830f684519fc2c2ffb6fbe1b1e77930e71,1263317,,,,,,,,,,,,,,,,,,,,,,,,,,,,,,,,,,,,,,,,,,,,,,,,,,,,,,,,,,,,,TN,TN
autoland,4060512,13,77a9707257b88d3b15060667769a2def98a71cff,windows10-64-shippable-qr,True,False,,|c|o|l|d| |f|i|s|s|i|o|n| |i|n|t|e|r|a|c|t|i|v|e| |w|e|b|r|e|n|d|e|r|,102210fe594ee9b33d82058545b1ed14f4c8206e,LastVisualChange,reddit-billgates-post-1.posts,True,reddit-billgates-post-1.posts LastVisualChange opt cold fission webrender,,77,ms,firefox,,1717625679,2023-06-26 01:53:17,540.6,391b29854d65124c758af8d7a7765b53ec46b9bf,1263401,,,,,,,,,,,,,,,,,,,,,,,,,,,,,,,,,,,,,,,,,,,,,,,,,,,,,,,,,,,,,TN,TN
autoland,4060512,13,77a9707257b88d3b15060667769a2def98a71cff,windows10-64-shippable-qr,True,False,,|c|o|l|d| |f|i|s|s|i|o|n| |i|n|t|e|r|a|c|t|i|v|e| |w|e|b|r|e|n|d|e|r|,102210fe594ee9b33d82058545b1ed14f4c8206e,LastVisualChange,reddit-billgates-post-1.posts,True,reddit-billgates-post-1.posts LastVisualChange opt cold fission webrender,,77,ms,firefox,,1717721138,2023-06-26 08:39:50,535.3,b8784b3350a10d9ba119e133ba1afe2fa2862b64,1263470,,,,,,,,,,,,,,,,,,,,,,,,,,,,,,,,,,,,,,,,,,,,,,,,,,,,,,,,,,,,,TN,TN
autoland,4060512,13,77a9707257b88d3b15060667769a2def98a71cff,windows10-64-shippable-qr,True,False,,|c|o|l|d| |f|i|s|s|i|o|n| |i|n|t|e|r|a|c|t|i|v|e| |w|e|b|r|e|n|d|e|r|,102210fe594ee9b33d82058545b1ed14f4c8206e,LastVisualChange,reddit-billgates-post-1.posts,True,reddit-billgates-post-1.posts LastVisualChange opt cold fission webrender,,77,ms,firefox,,1717816089,2023-06-26 12:15:47,541.6,147bbf0910da38bd103a6cac5b77bca042225107,1263599,,,,,,,,,,,,,,,,,,,,,,,,,,,,,,,,,,,,,,,,,,,,,,,,,,,,,,,,,,,,,TN,TN
autoland,4060512,13,77a9707257b88d3b15060667769a2def98a71cff,windows10-64-shippable-qr,True,False,,|c|o|l|d| |f|i|s|s|i|o|n| |i|n|t|e|r|a|c|t|i|v|e| |w|e|b|r|e|n|d|e|r|,102210fe594ee9b33d82058545b1ed14f4c8206e,LastVisualChange,reddit-billgates-post-1.posts,True,reddit-billgates-post-1.posts LastVisualChange opt cold fission webrender,,77,ms,firefox,,1718369185,2023-06-26 12:52:40,529.0,0df3bf668e3f51bd027ba30815ee883bb23a0b77,1263636,,,,,,,,,,,,,,,,,,,,,,,,,,,,,,,,,,,,,,,,,,,,,,,,,,,,,,,,,,,,,TN,TN
autoland,4060512,13,77a9707257b88d3b15060667769a2def98a71cff,windows10-64-shippable-qr,True,False,,|c|o|l|d| |f|i|s|s|i|o|n| |i|n|t|e|r|a|c|t|i|v|e| |w|e|b|r|e|n|d|e|r|,102210fe594ee9b33d82058545b1ed14f4c8206e,LastVisualChange,reddit-billgates-post-1.posts,True,reddit-billgates-post-1.posts LastVisualChange opt cold fission webrender,,77,ms,firefox,,1718355031,2023-06-26 13:02:45,538.1,b6233acd02848323203feb0864cfc994aaa0f4f3,1263648,,,,,,,,,,,,,,,,,,,,,,,,,,,,,,,,,,,,,,,,,,,,,,,,,,,,,,,,,,,,,TN,TN
autoland,4060512,13,77a9707257b88d3b15060667769a2def98a71cff,windows10-64-shippable-qr,True,False,,|c|o|l|d| |f|i|s|s|i|o|n| |i|n|t|e|r|a|c|t|i|v|e| |w|e|b|r|e|n|d|e|r|,102210fe594ee9b33d82058545b1ed14f4c8206e,LastVisualChange,reddit-billgates-post-1.posts,True,reddit-billgates-post-1.posts LastVisualChange opt cold fission webrender,,77,ms,firefox,,1717924981,2023-06-26 15:17:27,519.7,a9a1430953c45602083b397b0d0bb8e55a69fa46,1263769,,,,,,,,,,,,,,,,,,,,,,,,,,,,,,,,,,,,,,,,,,,,,,,,,,,,,,,,,,,,,TN,TN
autoland,4060512,13,77a9707257b88d3b15060667769a2def98a71cff,windows10-64-shippable-qr,True,False,,|c|o|l|d| |f|i|s|s|i|o|n| |i|n|t|e|r|a|c|t|i|v|e| |w|e|b|r|e|n|d|e|r|,102210fe594ee9b33d82058545b1ed14f4c8206e,LastVisualChange,reddit-billgates-post-1.posts,True,reddit-billgates-post-1.posts LastVisualChange opt cold fission webrender,,77,ms,firefox,,1718072712,2023-06-26 19:17:54,549.3,43533d1489bc82330991d4cbac2d5b8e704b7558,1263990,,,,,,,,,,,,,,,,,,,,,,,,,,,,,,,,,,,,,,,,,,,,,,,,,,,,,,,,,,,,,TN,TN
autoland,4060512,13,77a9707257b88d3b15060667769a2def98a71cff,windows10-64-shippable-qr,True,False,,|c|o|l|d| |f|i|s|s|i|o|n| |i|n|t|e|r|a|c|t|i|v|e| |w|e|b|r|e|n|d|e|r|,102210fe594ee9b33d82058545b1ed14f4c8206e,LastVisualChange,reddit-billgates-post-1.posts,True,reddit-billgates-post-1.posts LastVisualChange opt cold fission webrender,,77,ms,firefox,,1718258991,2023-06-26 23:32:18,541.5,4bdb9438b18b4b7ad15d5f4f62fd67cad4308d62,1264157,,,,,,,,,,,,,,,,,,,,,,,,,,,,,,,,,,,,,,,,,,,,,,,,,,,,,,,,,,,,,TN,TN
autoland,4060512,13,77a9707257b88d3b15060667769a2def98a71cff,windows10-64-shippable-qr,True,False,,|c|o|l|d| |f|i|s|s|i|o|n| |i|n|t|e|r|a|c|t|i|v|e| |w|e|b|r|e|n|d|e|r|,102210fe594ee9b33d82058545b1ed14f4c8206e,LastVisualChange,reddit-billgates-post-1.posts,True,reddit-billgates-post-1.posts LastVisualChange opt cold fission webrender,,77,ms,firefox,,1718248847,2023-06-26 23:58:56,527.9,b34d04613ffa3abda9bcdd07fc5185a34cdc407b,1264185,,,,,,,,,,,,,,,,,,,,,,,,,,,,,,,,,,,,,,,,,,,,,,,,,,,,,,,,,,,,,TN,TN
autoland,4060512,13,77a9707257b88d3b15060667769a2def98a71cff,windows10-64-shippable-qr,True,False,,|c|o|l|d| |f|i|s|s|i|o|n| |i|n|t|e|r|a|c|t|i|v|e| |w|e|b|r|e|n|d|e|r|,102210fe594ee9b33d82058545b1ed14f4c8206e,LastVisualChange,reddit-billgates-post-1.posts,True,reddit-billgates-post-1.posts LastVisualChange opt cold fission webrender,,77,ms,firefox,,1718346962,2023-06-27 04:20:21,529.2,e0d8554167a0aad02af68198462e91dd05958593,1264240,,,,,,,,,,,,,,,,,,,,,,,,,,,,,,,,,,,,,,,,,,,,,,,,,,,,,,,,,,,,,TN,TN
autoland,4060512,13,77a9707257b88d3b15060667769a2def98a71cff,windows10-64-shippable-qr,True,False,,|c|o|l|d| |f|i|s|s|i|o|n| |i|n|t|e|r|a|c|t|i|v|e| |w|e|b|r|e|n|d|e|r|,102210fe594ee9b33d82058545b1ed14f4c8206e,LastVisualChange,reddit-billgates-post-1.posts,True,reddit-billgates-post-1.posts LastVisualChange opt cold fission webrender,,77,ms,firefox,,1718421607,2023-06-27 07:09:08,528.7,e963fffcb3a0375f0c08e6c62d4300cbf79fba0b,1264287,,,,,,,,,,,,,,,,,,,,,,,,,,,,,,,,,,,,,,,,,,,,,,,,,,,,,,,,,,,,,TN,TN
autoland,4060512,13,77a9707257b88d3b15060667769a2def98a71cff,windows10-64-shippable-qr,True,False,,|c|o|l|d| |f|i|s|s|i|o|n| |i|n|t|e|r|a|c|t|i|v|e| |w|e|b|r|e|n|d|e|r|,102210fe594ee9b33d82058545b1ed14f4c8206e,LastVisualChange,reddit-billgates-post-1.posts,True,reddit-billgates-post-1.posts LastVisualChange opt cold fission webrender,,77,ms,firefox,,1718545153,2023-06-27 11:13:52,535.5,96efb14c1b2e225253f22aae7b217fdd48b4cb9f,1264423,,,,,,,,,,,,,,,,,,,,,,,,,,,,,,,,,,,,,,,,,,,,,,,,,,,,,,,,,,,,,TN,TN
autoland,4060512,13,77a9707257b88d3b15060667769a2def98a71cff,windows10-64-shippable-qr,True,False,,|c|o|l|d| |f|i|s|s|i|o|n| |i|n|t|e|r|a|c|t|i|v|e| |w|e|b|r|e|n|d|e|r|,102210fe594ee9b33d82058545b1ed14f4c8206e,LastVisualChange,reddit-billgates-post-1.posts,True,reddit-billgates-post-1.posts LastVisualChange opt cold fission webrender,,77,ms,firefox,,1718632065,2023-06-27 15:57:28,568.7,c041b113d5acbf06ba2e6161d9a1ef4fa5b3636b,1264575,,,,,,,,,,,,,,,,,,,,,,,,,,,,,,,,,,,,,,,,,,,,,,,,,,,,,,,,,,,,,TN,TN
autoland,4060512,13,77a9707257b88d3b15060667769a2def98a71cff,windows10-64-shippable-qr,True,False,,|c|o|l|d| |f|i|s|s|i|o|n| |i|n|t|e|r|a|c|t|i|v|e| |w|e|b|r|e|n|d|e|r|,102210fe594ee9b33d82058545b1ed14f4c8206e,LastVisualChange,reddit-billgates-post-1.posts,True,reddit-billgates-post-1.posts LastVisualChange opt cold fission webrender,,77,ms,firefox,,1718641746,2023-06-27 16:17:01,537.1,da38525a017e6dd411f2c2ccd84d286d86bdad8d,1264584,,,,,,,,,,,,,,,,,,,,,,,,,,,,,,,,,,,,,,,,,,,,,,,,,,,,,,,,,,,,,TN,TN
autoland,4060512,13,77a9707257b88d3b15060667769a2def98a71cff,windows10-64-shippable-qr,True,False,,|c|o|l|d| |f|i|s|s|i|o|n| |i|n|t|e|r|a|c|t|i|v|e| |w|e|b|r|e|n|d|e|r|,102210fe594ee9b33d82058545b1ed14f4c8206e,LastVisualChange,reddit-billgates-post-1.posts,True,reddit-billgates-post-1.posts LastVisualChange opt cold fission webrender,,77,ms,firefox,,1718766167,2023-06-27 20:57:27,532.0,80adb872a3d1e32f459e5cf3bc77e47008da925f,1264834,,,,,,,,,,,,,,,,,,,,,,,,,,,,,,,,,,,,,,,,,,,,,,,,,,,,,,,,,,,,,TN,TN
autoland,4060512,13,77a9707257b88d3b15060667769a2def98a71cff,windows10-64-shippable-qr,True,False,,|c|o|l|d| |f|i|s|s|i|o|n| |i|n|t|e|r|a|c|t|i|v|e| |w|e|b|r|e|n|d|e|r|,102210fe594ee9b33d82058545b1ed14f4c8206e,LastVisualChange,reddit-billgates-post-1.posts,True,reddit-billgates-post-1.posts LastVisualChange opt cold fission webrender,,77,ms,firefox,,1718864096,2023-06-28 00:04:05,535.4,591e3233df273509a8c0d0ccd1cc32795ae584dc,1264952,,,,,,,,,,,,,,,,,,,,,,,,,,,,,,,,,,,,,,,,,,,,,,,,,,,,,,,,,,,,,TN,TN
autoland,4060512,13,77a9707257b88d3b15060667769a2def98a71cff,windows10-64-shippable-qr,True,False,,|c|o|l|d| |f|i|s|s|i|o|n| |i|n|t|e|r|a|c|t|i|v|e| |w|e|b|r|e|n|d|e|r|,102210fe594ee9b33d82058545b1ed14f4c8206e,LastVisualChange,reddit-billgates-post-1.posts,True,reddit-billgates-post-1.posts LastVisualChange opt cold fission webrender,,77,ms,firefox,,1718944202,2023-06-28 03:09:49,555.4,ecb2997338f1c9a2059192ce04d01243537176b9,1265035,,,,,,,,,,,,,,,,,,,,,,,,,,,,,,,,,,,,,,,,,,,,,,,,,,,,,,,,,,,,,TN,TN
autoland,4060512,13,77a9707257b88d3b15060667769a2def98a71cff,windows10-64-shippable-qr,True,False,,|c|o|l|d| |f|i|s|s|i|o|n| |i|n|t|e|r|a|c|t|i|v|e| |w|e|b|r|e|n|d|e|r|,102210fe594ee9b33d82058545b1ed14f4c8206e,LastVisualChange,reddit-billgates-post-1.posts,True,reddit-billgates-post-1.posts LastVisualChange opt cold fission webrender,,77,ms,firefox,,1719019229,2023-06-28 07:19:30,538.5,51b6f36ff37d4b6906ec5cab830b1e283c6f7395,1265110,,,,,,,,,,,,,,,,,,,,,,,,,,,,,,,,,,,,,,,,,,,,,,,,,,,,,,,,,,,,,TN,TN
autoland,4060512,13,77a9707257b88d3b15060667769a2def98a71cff,windows10-64-shippable-qr,True,False,,|c|o|l|d| |f|i|s|s|i|o|n| |i|n|t|e|r|a|c|t|i|v|e| |w|e|b|r|e|n|d|e|r|,102210fe594ee9b33d82058545b1ed14f4c8206e,LastVisualChange,reddit-billgates-post-1.posts,True,reddit-billgates-post-1.posts LastVisualChange opt cold fission webrender,,77,ms,firefox,,1719117508,2023-06-28 11:29:09,537.4,3b7b3970a88459c11033effb61df89644e963bda,1265214,,,,,,,,,,,,,,,,,,,,,,,,,,,,,,,,,,,,,,,,,,,,,,,,,,,,,,,,,,,,,TN,TN
autoland,4060512,13,77a9707257b88d3b15060667769a2def98a71cff,windows10-64-shippable-qr,True,False,,|c|o|l|d| |f|i|s|s|i|o|n| |i|n|t|e|r|a|c|t|i|v|e| |w|e|b|r|e|n|d|e|r|,102210fe594ee9b33d82058545b1ed14f4c8206e,LastVisualChange,reddit-billgates-post-1.posts,True,reddit-billgates-post-1.posts LastVisualChange opt cold fission webrender,,77,ms,firefox,,1719193967,2023-06-28 14:16:43,501.5,c20ba5651ee046629ef49efd2e49f6214c3ae520,1265309,,,,,,,,,,,,,,,,,,,,,,,,,,,,,,,,,,,,,,,,,,,,,,,,,,,,,,,,,,,,,TN,TN
autoland,4060512,13,77a9707257b88d3b15060667769a2def98a71cff,windows10-64-shippable-qr,True,False,,|c|o|l|d| |f|i|s|s|i|o|n| |i|n|t|e|r|a|c|t|i|v|e| |w|e|b|r|e|n|d|e|r|,102210fe594ee9b33d82058545b1ed14f4c8206e,LastVisualChange,reddit-billgates-post-1.posts,True,reddit-billgates-post-1.posts LastVisualChange opt cold fission webrender,,77,ms,firefox,,1719575959,2023-06-28 17:30:42,519.1,7f8cab56aed6b18878c445b25ab157c73db33453,1265469,,,,,,,,,,,,,,,,,,,,,,,,,,,,,,,,,,,,,,,,,,,,,,,,,,,,,,,,,,,,,TN,TN
autoland,4060512,13,77a9707257b88d3b15060667769a2def98a71cff,windows10-64-shippable-qr,True,False,,|c|o|l|d| |f|i|s|s|i|o|n| |i|n|t|e|r|a|c|t|i|v|e| |w|e|b|r|e|n|d|e|r|,102210fe594ee9b33d82058545b1ed14f4c8206e,LastVisualChange,reddit-billgates-post-1.posts,True,reddit-billgates-post-1.posts LastVisualChange opt cold fission webrender,,77,ms,firefox,,1719542344,2023-06-28 17:33:37,541.6,c5e56896abbfc645ab1dff9eba0e565d5904e98c,1265471,,,,,,,,,,,,,,,,,,,,,,,,,,,,,,,,,,,,,,,,,,,,,,,,,,,,,,,,,,,,,TN,TN
autoland,4060512,13,77a9707257b88d3b15060667769a2def98a71cff,windows10-64-shippable-qr,True,False,,|c|o|l|d| |f|i|s|s|i|o|n| |i|n|t|e|r|a|c|t|i|v|e| |w|e|b|r|e|n|d|e|r|,102210fe594ee9b33d82058545b1ed14f4c8206e,LastVisualChange,reddit-billgates-post-1.posts,True,reddit-billgates-post-1.posts LastVisualChange opt cold fission webrender,,77,ms,firefox,,1719313104,2023-06-28 17:34:48,517.1,0df511b69760b69959818e34e07aa74a0ad7061a,1265473,,,,,,,,,,,,,,,,,,,,,,,,,,,,,,,,,,,,,,,,,,,,,,,,,,,,,,,,,,,,,TN,TN
autoland,4060512,13,77a9707257b88d3b15060667769a2def98a71cff,windows10-64-shippable-qr,True,False,,|c|o|l|d| |f|i|s|s|i|o|n| |i|n|t|e|r|a|c|t|i|v|e| |w|e|b|r|e|n|d|e|r|,102210fe594ee9b33d82058545b1ed14f4c8206e,LastVisualChange,reddit-billgates-post-1.posts,True,reddit-billgates-post-1.posts LastVisualChange opt cold fission webrender,,77,ms,firefox,,1719591611,2023-06-28 17:43:59,521.6,3d01de27a80e9d17c671b0b47d83f082e36756e3,1265482,,,,,,,,,,,,,,,,,,,,,,,,,,,,,,,,,,,,,,,,,,,,,,,,,,,,,,,,,,,,,TN,TN
autoland,4060512,13,77a9707257b88d3b15060667769a2def98a71cff,windows10-64-shippable-qr,True,False,,|c|o|l|d| |f|i|s|s|i|o|n| |i|n|t|e|r|a|c|t|i|v|e| |w|e|b|r|e|n|d|e|r|,102210fe594ee9b33d82058545b1ed14f4c8206e,LastVisualChange,reddit-billgates-post-1.posts,True,reddit-billgates-post-1.posts LastVisualChange opt cold fission webrender,,77,ms,firefox,,1719585260,2023-06-28 17:50:41,540.7,be8d0f74f05a50e82bab53a7bb9d6b7a447d1be3,1265490,,,,,,,,,,,,,,,,,,,,,,,,,,,,,,,,,,,,,,,,,,,,,,,,,,,,,,,,,,,,,TN,TN
autoland,4060512,13,77a9707257b88d3b15060667769a2def98a71cff,windows10-64-shippable-qr,True,False,,|c|o|l|d| |f|i|s|s|i|o|n| |i|n|t|e|r|a|c|t|i|v|e| |w|e|b|r|e|n|d|e|r|,102210fe594ee9b33d82058545b1ed14f4c8206e,LastVisualChange,reddit-billgates-post-1.posts,True,reddit-billgates-post-1.posts LastVisualChange opt cold fission webrender,,77,ms,firefox,,1719412124,2023-06-28 21:47:35,512.4,d18ee9401610559d6724af1cf6a4ba7ca620f195,1265682,,,,,,,,,,,,,,,,,,,,,,,,,,,,,,,,,,,,,,,,,,,,,,,,,,,,,,,,,,,,,TN,TN
autoland,4060512,13,77a9707257b88d3b15060667769a2def98a71cff,windows10-64-shippable-qr,True,False,,|c|o|l|d| |f|i|s|s|i|o|n| |i|n|t|e|r|a|c|t|i|v|e| |w|e|b|r|e|n|d|e|r|,102210fe594ee9b33d82058545b1ed14f4c8206e,LastVisualChange,reddit-billgates-post-1.posts,True,reddit-billgates-post-1.posts LastVisualChange opt cold fission webrender,,77,ms,firefox,,1719522786,2023-06-29 02:28:53,557.2,bab00f4f94d567cf8ccf12e64f4e5cccc2ab6783,1265821,,,,,,,,,,,,,,,,,,,,,,,,,,,,,,,,,,,,,,,,,,,,,,,,,,,,,,,,,,,,,TN,TN
autoland,4060512,13,77a9707257b88d3b15060667769a2def98a71cff,windows10-64-shippable-qr,True,False,,|c|o|l|d| |f|i|s|s|i|o|n| |i|n|t|e|r|a|c|t|i|v|e| |w|e|b|r|e|n|d|e|r|,102210fe594ee9b33d82058545b1ed14f4c8206e,LastVisualChange,reddit-billgates-post-1.posts,True,reddit-billgates-post-1.posts LastVisualChange opt cold fission webrender,,77,ms,firefox,,1719664652,2023-06-29 08:54:52,532.6,046c4b8aaa8932f15825dc4decd3911bb048e7f5,1265934,,,,,,,,,,,,,,,,,,,,,,,,,,,,,,,,,,,,,,,,,,,,,,,,,,,,,,,,,,,,,TN,TN
autoland,4060512,13,77a9707257b88d3b15060667769a2def98a71cff,windows10-64-shippable-qr,True,False,,|c|o|l|d| |f|i|s|s|i|o|n| |i|n|t|e|r|a|c|t|i|v|e| |w|e|b|r|e|n|d|e|r|,102210fe594ee9b33d82058545b1ed14f4c8206e,LastVisualChange,reddit-billgates-post-1.posts,True,reddit-billgates-post-1.posts LastVisualChange opt cold fission webrender,,77,ms,firefox,,1720130878,2023-06-29 11:58:43,515.4,538e7a34c2f4c6822b182c662f0f4cdb1e609965,1266013,,,,,,,,,,,,,,,,,,,,,,,,,,,,,,,,,,,,,,,,,,,,,,,,,,,,,,,,,,,,,TN,TN
autoland,4060512,13,77a9707257b88d3b15060667769a2def98a71cff,windows10-64-shippable-qr,True,False,,|c|o|l|d| |f|i|s|s|i|o|n| |i|n|t|e|r|a|c|t|i|v|e| |w|e|b|r|e|n|d|e|r|,102210fe594ee9b33d82058545b1ed14f4c8206e,LastVisualChange,reddit-billgates-post-1.posts,True,reddit-billgates-post-1.posts LastVisualChange opt cold fission webrender,,77,ms,firefox,,1720106837,2023-06-29 12:23:15,542.4,729e4ffa06cf277175d86f49502ce67a383d09d2,1266022,,,,,,,,,,,,,,,,,,,,,,,,,,,,,,,,,,,,,,,,,,,,,,,,,,,,,,,,,,,,,TN,TN
autoland,4060512,13,77a9707257b88d3b15060667769a2def98a71cff,windows10-64-shippable-qr,True,False,,|c|o|l|d| |f|i|s|s|i|o|n| |i|n|t|e|r|a|c|t|i|v|e| |w|e|b|r|e|n|d|e|r|,102210fe594ee9b33d82058545b1ed14f4c8206e,LastVisualChange,reddit-billgates-post-1.posts,True,reddit-billgates-post-1.posts LastVisualChange opt cold fission webrender,,77,ms,firefox,,1719813381,2023-06-29 12:57:39,521.9,e784085dfb507c237319c40245ef0b32ddcf82b0,1266033,,,,,,,,,,,,,,,,,,,,,,,,,,,,,,,,,,,,,,,,,,,,,,,,,,,,,,,,,,,,,TN,TN
autoland,4060512,13,77a9707257b88d3b15060667769a2def98a71cff,windows10-64-shippable-qr,True,False,,|c|o|l|d| |f|i|s|s|i|o|n| |i|n|t|e|r|a|c|t|i|v|e| |w|e|b|r|e|n|d|e|r|,102210fe594ee9b33d82058545b1ed14f4c8206e,LastVisualChange,reddit-billgates-post-1.posts,True,reddit-billgates-post-1.posts LastVisualChange opt cold fission webrender,,77,ms,firefox,,1719890502,2023-06-29 15:22:27,551.5,573b87117fd3efdb12ffb05692f97323c07a9900,1266105,,,,,,,,,,,,,,,,,,,,,,,,,,,,,,,,,,,,,,,,,,,,,,,,,,,,,,,,,,,,,TN,TN
autoland,4060512,13,77a9707257b88d3b15060667769a2def98a71cff,windows10-64-shippable-qr,True,False,,|c|o|l|d| |f|i|s|s|i|o|n| |i|n|t|e|r|a|c|t|i|v|e| |w|e|b|r|e|n|d|e|r|,102210fe594ee9b33d82058545b1ed14f4c8206e,LastVisualChange,reddit-billgates-post-1.posts,True,reddit-billgates-post-1.posts LastVisualChange opt cold fission webrender,,77,ms,firefox,,1720018928,2023-06-29 19:36:56,505.8,c5ac7e957828eeda97a3af6fc706f41aa567e48e,1266292,,,,,,,,,,,,,,,,,,,,,,,,,,,,,,,,,,,,,,,,,,,,,,,,,,,,,,,,,,,,,TN,TN
autoland,4060512,13,77a9707257b88d3b15060667769a2def98a71cff,windows10-64-shippable-qr,True,False,,|c|o|l|d| |f|i|s|s|i|o|n| |i|n|t|e|r|a|c|t|i|v|e| |w|e|b|r|e|n|d|e|r|,102210fe594ee9b33d82058545b1ed14f4c8206e,LastVisualChange,reddit-billgates-post-1.posts,True,reddit-billgates-post-1.posts LastVisualChange opt cold fission webrender,,77,ms,firefox,,1720026022,2023-06-29 20:41:17,518.7,e37ddb3aa508e953837fbd08afec4a2aa6f7f5ed,1266342,,,,,,,,,,,,,,,,,,,,,,,,,,,,,,,,,,,,,,,,,,,,,,,,,,,,,,,,,,,,,TN,TN
autoland,4060512,13,77a9707257b88d3b15060667769a2def98a71cff,windows10-64-shippable-qr,True,False,,|c|o|l|d| |f|i|s|s|i|o|n| |i|n|t|e|r|a|c|t|i|v|e| |w|e|b|r|e|n|d|e|r|,102210fe594ee9b33d82058545b1ed14f4c8206e,LastVisualChange,reddit-billgates-post-1.posts,True,reddit-billgates-post-1.posts LastVisualChange opt cold fission webrender,,77,ms,firefox,,1720051297,2023-06-30 01:00:02,504.8,e547d8e238568d790c74653068edac30240a95c5,1266447,,,,,,,,,,,,,,,,,,,,,,,,,,,,,,,,,,,,,,,,,,,,,,,,,,,,,,,,,,,,,TN,TN
autoland,4060512,13,77a9707257b88d3b15060667769a2def98a71cff,windows10-64-shippable-qr,True,False,,|c|o|l|d| |f|i|s|s|i|o|n| |i|n|t|e|r|a|c|t|i|v|e| |w|e|b|r|e|n|d|e|r|,102210fe594ee9b33d82058545b1ed14f4c8206e,LastVisualChange,reddit-billgates-post-1.posts,True,reddit-billgates-post-1.posts LastVisualChange opt cold fission webrender,,77,ms,firefox,,1720162761,2023-06-30 08:19:33,525.6,9bc27d87fa29fd921612525cc37e24f0ec3ba76b,1266526,,,,,,,,,,,,,,,,,,,,,,,,,,,,,,,,,,,,,,,,,,,,,,,,,,,,,,,,,,,,,TN,TN
autoland,4060512,13,77a9707257b88d3b15060667769a2def98a71cff,windows10-64-shippable-qr,True,False,,|c|o|l|d| |f|i|s|s|i|o|n| |i|n|t|e|r|a|c|t|i|v|e| |w|e|b|r|e|n|d|e|r|,102210fe594ee9b33d82058545b1ed14f4c8206e,LastVisualChange,reddit-billgates-post-1.posts,True,reddit-billgates-post-1.posts LastVisualChange opt cold fission webrender,,77,ms,firefox,,1720243184,2023-06-30 13:51:38,562.2,0abcd848f8218f0e2d339bbd497ac60f4a3b752c,1266633,,,,,,,,,,,,,,,,,,,,,,,,,,,,,,,,,,,,,,,,,,,,,,,,,,,,,,,,,,,,,TN,TN
autoland,4060512,13,77a9707257b88d3b15060667769a2def98a71cff,windows10-64-shippable-qr,True,False,,|c|o|l|d| |f|i|s|s|i|o|n| |i|n|t|e|r|a|c|t|i|v|e| |w|e|b|r|e|n|d|e|r|,102210fe594ee9b33d82058545b1ed14f4c8206e,LastVisualChange,reddit-billgates-post-1.posts,True,reddit-billgates-post-1.posts LastVisualChange opt cold fission webrender,,77,ms,firefox,,1720359081,2023-07-01 00:00:49,535.0,8ee32af33954493677c04d2dad76681d20d37c02,1266825,,,,,,,,,,,,,,,,,,,,,,,,,,,,,,,,,,,,,,,,,,,,,,,,,,,,,,,,,,,,,TN,TN
autoland,4060512,13,77a9707257b88d3b15060667769a2def98a71cff,windows10-64-shippable-qr,True,False,,|c|o|l|d| |f|i|s|s|i|o|n| |i|n|t|e|r|a|c|t|i|v|e| |w|e|b|r|e|n|d|e|r|,102210fe594ee9b33d82058545b1ed14f4c8206e,LastVisualChange,reddit-billgates-post-1.posts,True,reddit-billgates-post-1.posts LastVisualChange opt cold fission webrender,,77,ms,firefox,,1720383577,2023-07-01 02:26:01,543.9,81b43c5e095f0b0407b6d1a8d4a7f92bf7115e5e,1266845,,,,,,,,,,,,,,,,,,,,,,,,,,,,,,,,,,,,,,,,,,,,,,,,,,,,,,,,,,,,,TN,TN
autoland,4060512,13,77a9707257b88d3b15060667769a2def98a71cff,windows10-64-shippable-qr,True,False,,|c|o|l|d| |f|i|s|s|i|o|n| |i|n|t|e|r|a|c|t|i|v|e| |w|e|b|r|e|n|d|e|r|,102210fe594ee9b33d82058545b1ed14f4c8206e,LastVisualChange,reddit-billgates-post-1.posts,True,reddit-billgates-post-1.posts LastVisualChange opt cold fission webrender,,77,ms,firefox,,1720480798,2023-07-02 04:09:27,511.1,e8ccd4d6629a5cde6dd4011e79c55630beb87376,1266929,,,,,,,,,,,,,,,,,,,,,,,,,,,,,,,,,,,,,,,,,,,,,,,,,,,,,,,,,,,,,TN,TN
autoland,4060512,13,77a9707257b88d3b15060667769a2def98a71cff,windows10-64-shippable-qr,True,False,,|c|o|l|d| |f|i|s|s|i|o|n| |i|n|t|e|r|a|c|t|i|v|e| |w|e|b|r|e|n|d|e|r|,102210fe594ee9b33d82058545b1ed14f4c8206e,LastVisualChange,reddit-billgates-post-1.posts,True,reddit-billgates-post-1.posts LastVisualChange opt cold fission webrender,,77,ms,firefox,,1720551083,2023-07-02 10:13:29,534.1,93c2b16409e05c7d2b654d2b5356a2b7742b0d18,1266947,,,,,,,,,,,,,,,,,,,,,,,,,,,,,,,,,,,,,,,,,,,,,,,,,,,,,,,,,,,,,TN,TN
autoland,4060512,13,77a9707257b88d3b15060667769a2def98a71cff,windows10-64-shippable-qr,True,False,,|c|o|l|d| |f|i|s|s|i|o|n| |i|n|t|e|r|a|c|t|i|v|e| |w|e|b|r|e|n|d|e|r|,102210fe594ee9b33d82058545b1ed14f4c8206e,LastVisualChange,reddit-billgates-post-1.posts,True,reddit-billgates-post-1.posts LastVisualChange opt cold fission webrender,,77,ms,firefox,,1720580623,2023-07-02 16:18:34,515.1,8a50b880c83f70597cd2951c74b7e9420d4b55c7,1266959,,,,,,,,,,,,,,,,,,,,,,,,,,,,,,,,,,,,,,,,,,,,,,,,,,,,,,,,,,,,,TN,TN
autoland,4060512,13,77a9707257b88d3b15060667769a2def98a71cff,windows10-64-shippable-qr,True,False,,|c|o|l|d| |f|i|s|s|i|o|n| |i|n|t|e|r|a|c|t|i|v|e| |w|e|b|r|e|n|d|e|r|,102210fe594ee9b33d82058545b1ed14f4c8206e,LastVisualChange,reddit-billgates-post-1.posts,True,reddit-billgates-post-1.posts LastVisualChange opt cold fission webrender,,77,ms,firefox,,1720634977,2023-07-03 04:14:26,541.7,03b04345a888d738f358fc74595aabb1dfb2685c,1267009,,,,,,,,,,,,,,,,,,,,,,,,,,,,,,,,,,,,,,,,,,,,,,,,,,,,,,,,,,,,,TN,TN
autoland,4060512,13,77a9707257b88d3b15060667769a2def98a71cff,windows10-64-shippable-qr,True,False,,|c|o|l|d| |f|i|s|s|i|o|n| |i|n|t|e|r|a|c|t|i|v|e| |w|e|b|r|e|n|d|e|r|,102210fe594ee9b33d82058545b1ed14f4c8206e,LastVisualChange,reddit-billgates-post-1.posts,True,reddit-billgates-post-1.posts LastVisualChange opt cold fission webrender,,77,ms,firefox,,1720734770,2023-07-03 08:58:45,528.4,3463727761e55956f8308f38f71b1654b79497ca,1267059,,,,,,,,,,,,,,,,,,,,,,,,,,,,,,,,,,,,,,,,,,,,,,,,,,,,,,,,,,,,,TN,TN
autoland,4060512,13,77a9707257b88d3b15060667769a2def98a71cff,windows10-64-shippable-qr,True,False,,|c|o|l|d| |f|i|s|s|i|o|n| |i|n|t|e|r|a|c|t|i|v|e| |w|e|b|r|e|n|d|e|r|,102210fe594ee9b33d82058545b1ed14f4c8206e,LastVisualChange,reddit-billgates-post-1.posts,True,reddit-billgates-post-1.posts LastVisualChange opt cold fission webrender,,77,ms,firefox,,1720740765,2023-07-03 08:59:44,509.6,90c1c72030a4d515720d44706816256c0a1e30a8,1267060,,,,,,,,,,,,,,,,,,,,,,,,,,,,,,,,,,,,,,,,,,,,,,,,,,,,,,,,,,,,,TN,TN
autoland,4060512,13,77a9707257b88d3b15060667769a2def98a71cff,windows10-64-shippable-qr,True,False,,|c|o|l|d| |f|i|s|s|i|o|n| |i|n|t|e|r|a|c|t|i|v|e| |w|e|b|r|e|n|d|e|r|,102210fe594ee9b33d82058545b1ed14f4c8206e,LastVisualChange,reddit-billgates-post-1.posts,True,reddit-billgates-post-1.posts LastVisualChange opt cold fission webrender,,77,ms,firefox,,1720761475,2023-07-03 14:20:46,508.2,9d50665254899d8431813bdc04178e6006ce6d59,1267108,,,,,,,,,,,,,,,,,,,,,,,,,,,,,,,,,,,,,,,,,,,,,,,,,,,,,,,,,,,,,TN,TN
autoland,4060512,13,77a9707257b88d3b15060667769a2def98a71cff,windows10-64-shippable-qr,True,False,,|c|o|l|d| |f|i|s|s|i|o|n| |i|n|t|e|r|a|c|t|i|v|e| |w|e|b|r|e|n|d|e|r|,102210fe594ee9b33d82058545b1ed14f4c8206e,LastVisualChange,reddit-billgates-post-1.posts,True,reddit-billgates-post-1.posts LastVisualChange opt cold fission webrender,,77,ms,firefox,,1720886066,2023-07-03 14:22:54,502.2,aeb5ae5a78c2b7650ac9946aa8d0f40e0cfe98bb,1267111,,,,,,,,,,,,,,,,,,,,,,,,,,,,,,,,,,,,,,,,,,,,,,,,,,,,,,,,,,,,,TN,TN
autoland,4060512,13,77a9707257b88d3b15060667769a2def98a71cff,windows10-64-shippable-qr,True,False,,|c|o|l|d| |f|i|s|s|i|o|n| |i|n|t|e|r|a|c|t|i|v|e| |w|e|b|r|e|n|d|e|r|,102210fe594ee9b33d82058545b1ed14f4c8206e,LastVisualChange,reddit-billgates-post-1.posts,True,reddit-billgates-post-1.posts LastVisualChange opt cold fission webrender,,77,ms,firefox,,1720837200,2023-07-04 00:08:48,549.3,a820608802f2194dfc19272bf19b7124a7349b79,1267203,,,,,,,,,,,,,,,,,,,,,,,,,,,,,,,,,,,,,,,,,,,,,,,,,,,,,,,,,,,,,TN,TN
autoland,4060512,13,77a9707257b88d3b15060667769a2def98a71cff,windows10-64-shippable-qr,True,False,,|c|o|l|d| |f|i|s|s|i|o|n| |i|n|t|e|r|a|c|t|i|v|e| |w|e|b|r|e|n|d|e|r|,102210fe594ee9b33d82058545b1ed14f4c8206e,LastVisualChange,reddit-billgates-post-1.posts,True,reddit-billgates-post-1.posts LastVisualChange opt cold fission webrender,,77,ms,firefox,,1720882008,2023-07-04 04:57:05,527.3,b2af19e5ff82fa8850262a0693f4941570a30474,1267245,,,,,,,,,,,,,,,,,,,,,,,,,,,,,,,,,,,,,,,,,,,,,,,,,,,,,,,,,,,,,TN,TN
autoland,4060512,13,77a9707257b88d3b15060667769a2def98a71cff,windows10-64-shippable-qr,True,False,,|c|o|l|d| |f|i|s|s|i|o|n| |i|n|t|e|r|a|c|t|i|v|e| |w|e|b|r|e|n|d|e|r|,102210fe594ee9b33d82058545b1ed14f4c8206e,LastVisualChange,reddit-billgates-post-1.posts,True,reddit-billgates-post-1.posts LastVisualChange opt cold fission webrender,,77,ms,firefox,,1720922863,2023-07-04 07:10:31,521.6,54bec48c8d6e571fdfbc0694895c371fd3fd08f9,1267272,,,,,,,,,,,,,,,,,,,,,,,,,,,,,,,,,,,,,,,,,,,,,,,,,,,,,,,,,,,,,TN,TN
autoland,4060512,13,77a9707257b88d3b15060667769a2def98a71cff,windows10-64-shippable-qr,True,False,,|c|o|l|d| |f|i|s|s|i|o|n| |i|n|t|e|r|a|c|t|i|v|e| |w|e|b|r|e|n|d|e|r|,102210fe594ee9b33d82058545b1ed14f4c8206e,LastVisualChange,reddit-billgates-post-1.posts,True,reddit-billgates-post-1.posts LastVisualChange opt cold fission webrender,,77,ms,firefox,,1721065590,2023-07-04 11:21:51,542.3,da13368ff947a55756c871582b1b13ffb6fa001d,1267342,,,,,,,,,,,,,,,,,,,,,,,,,,,,,,,,,,,,,,,,,,,,,,,,,,,,,,,,,,,,,TN,TN
autoland,4060512,13,77a9707257b88d3b15060667769a2def98a71cff,windows10-64-shippable-qr,True,False,,|c|o|l|d| |f|i|s|s|i|o|n| |i|n|t|e|r|a|c|t|i|v|e| |w|e|b|r|e|n|d|e|r|,102210fe594ee9b33d82058545b1ed14f4c8206e,LastVisualChange,reddit-billgates-post-1.posts,True,reddit-billgates-post-1.posts LastVisualChange opt cold fission webrender,,77,ms,firefox,,1721078419,2023-07-04 11:29:32,515.4,3aa1825bf09a37959e97ac4b5eaa3cc4b236b283,1267347,,,,,,,,,,,,,,,,,,,,,,,,,,,,,,,,,,,,,,,,,,,,,,,,,,,,,,,,,,,,,TN,TN
autoland,4060512,13,77a9707257b88d3b15060667769a2def98a71cff,windows10-64-shippable-qr,True,False,,|c|o|l|d| |f|i|s|s|i|o|n| |i|n|t|e|r|a|c|t|i|v|e| |w|e|b|r|e|n|d|e|r|,102210fe594ee9b33d82058545b1ed14f4c8206e,LastVisualChange,reddit-billgates-post-1.posts,True,reddit-billgates-post-1.posts LastVisualChange opt cold fission webrender,,77,ms,firefox,,1721506612,2023-07-04 15:20:28,512.7,11784c622930ff2f209c0b20dacc04fc8a7a1141,1267501,,,,,,,,,,,,,,,,,,,,,,,,,,,,,,,,,,,,,,,,,,,,,,,,,,,,,,,,,,,,,TN,TN
autoland,4060512,13,77a9707257b88d3b15060667769a2def98a71cff,windows10-64-shippable-qr,True,False,,|c|o|l|d| |f|i|s|s|i|o|n| |i|n|t|e|r|a|c|t|i|v|e| |w|e|b|r|e|n|d|e|r|,102210fe594ee9b33d82058545b1ed14f4c8206e,LastVisualChange,reddit-billgates-post-1.posts,True,reddit-billgates-post-1.posts LastVisualChange opt cold fission webrender,,77,ms,firefox,,1721495491,2023-07-04 15:21:30,552.6,0b10444298656eb14e13cce5c36dc43c4a4d1bf6,1267502,,,,,,,,,,,,,,,,,,,,,,,,,,,,,,,,,,,,,,,,,,,,,,,,,,,,,,,,,,,,,TN,TN
autoland,4060512,13,77a9707257b88d3b15060667769a2def98a71cff,windows10-64-shippable-qr,True,False,,|c|o|l|d| |f|i|s|s|i|o|n| |i|n|t|e|r|a|c|t|i|v|e| |w|e|b|r|e|n|d|e|r|,102210fe594ee9b33d82058545b1ed14f4c8206e,LastVisualChange,reddit-billgates-post-1.posts,True,reddit-billgates-post-1.posts LastVisualChange opt cold fission webrender,,77,ms,firefox,,1721161416,2023-07-04 15:22:25,538.9,cf717d6692eb6ff08bb1d0342645c7c6c1dcf8f7,1267503,,,,,,,,,,,,,,,,,,,,,,,,,,,,,,,,,,,,,,,,,,,,,,,,,,,,,,,,,,,,,TN,TN
autoland,4060512,13,77a9707257b88d3b15060667769a2def98a71cff,windows10-64-shippable-qr,True,False,,|c|o|l|d| |f|i|s|s|i|o|n| |i|n|t|e|r|a|c|t|i|v|e| |w|e|b|r|e|n|d|e|r|,102210fe594ee9b33d82058545b1ed14f4c8206e,LastVisualChange,reddit-billgates-post-1.posts,True,reddit-billgates-post-1.posts LastVisualChange opt cold fission webrender,,77,ms,firefox,,1721246908,2023-07-04 19:21:41,522.2,a8c47414f934fc13d47ba329f04089ab17eb2407,1267627,,,,,,,,,,,,,,,,,,,,,,,,,,,,,,,,,,,,,,,,,,,,,,,,,,,,,,,,,,,,,TN,TN
autoland,4060512,13,77a9707257b88d3b15060667769a2def98a71cff,windows10-64-shippable-qr,True,False,,|c|o|l|d| |f|i|s|s|i|o|n| |i|n|t|e|r|a|c|t|i|v|e| |w|e|b|r|e|n|d|e|r|,102210fe594ee9b33d82058545b1ed14f4c8206e,LastVisualChange,reddit-billgates-post-1.posts,True,reddit-billgates-post-1.posts LastVisualChange opt cold fission webrender,,77,ms,firefox,,1721386666,2023-07-04 23:33:38,509.3,3639b6891b332ea6c4ffea87bb2d1139c38b781d,1267723,,,,,,,,,,,,,,,,,,,,,,,,,,,,,,,,,,,,,,,,,,,,,,,,,,,,,,,,,,,,,TN,TN
autoland,4060512,13,77a9707257b88d3b15060667769a2def98a71cff,windows10-64-shippable-qr,True,False,,|c|o|l|d| |f|i|s|s|i|o|n| |i|n|t|e|r|a|c|t|i|v|e| |w|e|b|r|e|n|d|e|r|,102210fe594ee9b33d82058545b1ed14f4c8206e,LastVisualChange,reddit-billgates-post-1.posts,True,reddit-billgates-post-1.posts LastVisualChange opt cold fission webrender,,77,ms,firefox,,1721475540,2023-07-05 03:49:13,524.4,243ab04b37e31315f3db16a95bf6535124d9edda,1267756,,,,,,,,,,,,,,,,,,,,,,,,,,,,,,,,,,,,,,,,,,,,,,,,,,,,,,,,,,,,,TN,TN
autoland,4060512,13,77a9707257b88d3b15060667769a2def98a71cff,windows10-64-shippable-qr,True,False,,|c|o|l|d| |f|i|s|s|i|o|n| |i|n|t|e|r|a|c|t|i|v|e| |w|e|b|r|e|n|d|e|r|,102210fe594ee9b33d82058545b1ed14f4c8206e,LastVisualChange,reddit-billgates-post-1.posts,True,reddit-billgates-post-1.posts LastVisualChange opt cold fission webrender,,77,ms,firefox,,1721546001,2023-07-05 07:58:23,567.0,9ab7ea679b12d7e209ada3534abf7baf704fe9d4,1267796,,,,,,,,,,,,,,,,,,,,,,,,,,,,,,,,,,,,,,,,,,,,,,,,,,,,,,,,,,,,,TN,TN
autoland,4060512,13,77a9707257b88d3b15060667769a2def98a71cff,windows10-64-shippable-qr,True,False,,|c|o|l|d| |f|i|s|s|i|o|n| |i|n|t|e|r|a|c|t|i|v|e| |w|e|b|r|e|n|d|e|r|,102210fe594ee9b33d82058545b1ed14f4c8206e,LastVisualChange,reddit-billgates-post-1.posts,True,reddit-billgates-post-1.posts LastVisualChange opt cold fission webrender,,77,ms,firefox,,1721645126,2023-07-05 09:46:48,519.0,e3f62ea4e59393fe53784906952e9a1417688db1,1267838,,,,,,,,,,,,,,,,,,,,,,,,,,,,,,,,,,,,,,,,,,,,,,,,,,,,,,,,,,,,,TN,TN
autoland,4060512,13,77a9707257b88d3b15060667769a2def98a71cff,windows10-64-shippable-qr,True,False,,|c|o|l|d| |f|i|s|s|i|o|n| |i|n|t|e|r|a|c|t|i|v|e| |w|e|b|r|e|n|d|e|r|,102210fe594ee9b33d82058545b1ed14f4c8206e,LastVisualChange,reddit-billgates-post-1.posts,True,reddit-billgates-post-1.posts LastVisualChange opt cold fission webrender,,77,ms,firefox,,1721727831,2023-07-05 14:18:53,524.7,cee4ab20ddeef57e9b72447e753e72ed2eb244cf,1267963,,,,,,,,,,,,,,,,,,,,,,,,,,,,,,,,,,,,,,,,,,,,,,,,,,,,,,,,,,,,,TN,TN
autoland,4060512,13,77a9707257b88d3b15060667769a2def98a71cff,windows10-64-shippable-qr,True,False,,|c|o|l|d| |f|i|s|s|i|o|n| |i|n|t|e|r|a|c|t|i|v|e| |w|e|b|r|e|n|d|e|r|,102210fe594ee9b33d82058545b1ed14f4c8206e,LastVisualChange,reddit-billgates-post-1.posts,True,reddit-billgates-post-1.posts LastVisualChange opt cold fission webrender,,77,ms,firefox,,1721742124,2023-07-05 14:38:06,529.0,4613dfbe6bc2e60b1159da46db2edee3018423e1,1267976,,,,,,,,,,,,,,,,,,,,,,,,,,,,,,,,,,,,,,,,,,,,,,,,,,,,,,,,,,,,,TN,TN
autoland,4060512,13,77a9707257b88d3b15060667769a2def98a71cff,windows10-64-shippable-qr,True,False,,|c|o|l|d| |f|i|s|s|i|o|n| |i|n|t|e|r|a|c|t|i|v|e| |w|e|b|r|e|n|d|e|r|,102210fe594ee9b33d82058545b1ed14f4c8206e,LastVisualChange,reddit-billgates-post-1.posts,True,reddit-billgates-post-1.posts LastVisualChange opt cold fission webrender,,77,ms,firefox,,1721852021,2023-07-05 18:29:49,510.6,674dc1b6026b9fc62707f0df292dfaf1ba6557f1,1268132,,,,,,,,,,,,,,,,,,,,,,,,,,,,,,,,,,,,,,,,,,,,,,,,,,,,,,,,,,,,,TN,TN
autoland,4060512,13,77a9707257b88d3b15060667769a2def98a71cff,windows10-64-shippable-qr,True,False,,|c|o|l|d| |f|i|s|s|i|o|n| |i|n|t|e|r|a|c|t|i|v|e| |w|e|b|r|e|n|d|e|r|,102210fe594ee9b33d82058545b1ed14f4c8206e,LastVisualChange,reddit-billgates-post-1.posts,True,reddit-billgates-post-1.posts LastVisualChange opt cold fission webrender,,77,ms,firefox,,1721931783,2023-07-05 21:03:11,507.7,712427656ebd8d82b78a42d8e45b973aa7c220d7,1268236,,,,,,,,,,,,,,,,,,,,,,,,,,,,,,,,,,,,,,,,,,,,,,,,,,,,,,,,,,,,,TN,TN
autoland,4060512,13,77a9707257b88d3b15060667769a2def98a71cff,windows10-64-shippable-qr,True,False,,|c|o|l|d| |f|i|s|s|i|o|n| |i|n|t|e|r|a|c|t|i|v|e| |w|e|b|r|e|n|d|e|r|,102210fe594ee9b33d82058545b1ed14f4c8206e,LastVisualChange,reddit-billgates-post-1.posts,True,reddit-billgates-post-1.posts LastVisualChange opt cold fission webrender,,77,ms,firefox,,1722020635,2023-07-06 01:07:34,519.3,a0647e42fb1f509d753d2baacd7858b3ee9a8821,1268349,,,,,,,,,,,,,,,,,,,,,,,,,,,,,,,,,,,,,,,,,,,,,,,,,,,,,,,,,,,,,TN,TN
autoland,4060512,13,77a9707257b88d3b15060667769a2def98a71cff,windows10-64-shippable-qr,True,False,,|c|o|l|d| |f|i|s|s|i|o|n| |i|n|t|e|r|a|c|t|i|v|e| |w|e|b|r|e|n|d|e|r|,102210fe594ee9b33d82058545b1ed14f4c8206e,LastVisualChange,reddit-billgates-post-1.posts,True,reddit-billgates-post-1.posts LastVisualChange opt cold fission webrender,,77,ms,firefox,,1722100246,2023-07-06 06:12:07,526.0,1ba8085e68676425907973397d26e7417c1c4a74,1268405,,,,,,,,,,,,,,,,,,,,,,,,,,,,,,,,,,,,,,,,,,,,,,,,,,,,,,,,,,,,,TN,TN
autoland,4060512,13,77a9707257b88d3b15060667769a2def98a71cff,windows10-64-shippable-qr,True,False,,|c|o|l|d| |f|i|s|s|i|o|n| |i|n|t|e|r|a|c|t|i|v|e| |w|e|b|r|e|n|d|e|r|,102210fe594ee9b33d82058545b1ed14f4c8206e,LastVisualChange,reddit-billgates-post-1.posts,True,reddit-billgates-post-1.posts LastVisualChange opt cold fission webrender,,77,ms,firefox,,1722220653,2023-07-06 11:48:20,528.7,becc2fa2c186914b1a887e40e6f0e9a6643273eb,1268565,,,,,,,,,,,,,,,,,,,,,,,,,,,,,,,,,,,,,,,,,,,,,,,,,,,,,,,,,,,,,TN,TN
autoland,4060512,13,77a9707257b88d3b15060667769a2def98a71cff,windows10-64-shippable-qr,True,False,,|c|o|l|d| |f|i|s|s|i|o|n| |i|n|t|e|r|a|c|t|i|v|e| |w|e|b|r|e|n|d|e|r|,102210fe594ee9b33d82058545b1ed14f4c8206e,LastVisualChange,reddit-billgates-post-1.posts,True,reddit-billgates-post-1.posts LastVisualChange opt cold fission webrender,,77,ms,firefox,,1722231044,2023-07-06 12:38:53,532.0,5b919b11b30bcc659d499c9290a54c3f91d96bd2,1268598,,,,,,,,,,,,,,,,,,,,,,,,,,,,,,,,,,,,,,,,,,,,,,,,,,,,,,,,,,,,,TN,TN
autoland,4060512,13,77a9707257b88d3b15060667769a2def98a71cff,windows10-64-shippable-qr,True,False,,|c|o|l|d| |f|i|s|s|i|o|n| |i|n|t|e|r|a|c|t|i|v|e| |w|e|b|r|e|n|d|e|r|,102210fe594ee9b33d82058545b1ed14f4c8206e,LastVisualChange,reddit-billgates-post-1.posts,True,reddit-billgates-post-1.posts LastVisualChange opt cold fission webrender,,77,ms,firefox,,1722424531,2023-07-06 16:43:39,522.1,433f58fbe4180052220b584f15de1d1d6fda065a,1268777,,,,,,,,,,,,,,,,,,,,,,,,,,,,,,,,,,,,,,,,,,,,,,,,,,,,,,,,,,,,,TN,TN
autoland,4060512,13,77a9707257b88d3b15060667769a2def98a71cff,windows10-64-shippable-qr,True,False,,|c|o|l|d| |f|i|s|s|i|o|n| |i|n|t|e|r|a|c|t|i|v|e| |w|e|b|r|e|n|d|e|r|,102210fe594ee9b33d82058545b1ed14f4c8206e,LastVisualChange,reddit-billgates-post-1.posts,True,reddit-billgates-post-1.posts LastVisualChange opt cold fission webrender,,77,ms,firefox,,1722454015,2023-07-06 18:39:07,518.2,08f072ae172f3d48b0361ca0d34ead8a0b254e60,1268845,,,,,,,,,,,,,,,,,,,,,,,,,,,,,,,,,,,,,,,,,,,,,,,,,,,,,,,,,,,,,TN,TN
autoland,4060512,13,77a9707257b88d3b15060667769a2def98a71cff,windows10-64-shippable-qr,True,False,,|c|o|l|d| |f|i|s|s|i|o|n| |i|n|t|e|r|a|c|t|i|v|e| |w|e|b|r|e|n|d|e|r|,102210fe594ee9b33d82058545b1ed14f4c8206e,LastVisualChange,reddit-billgates-post-1.posts,True,reddit-billgates-post-1.posts LastVisualChange opt cold fission webrender,,77,ms,firefox,,1722518808,2023-07-06 20:44:41,535.3,2c6190b6ecb6ab8933a296c08e753c060a3c2e9b,1268939,,,,,,,,,,,,,,,,,,,,,,,,,,,,,,,,,,,,,,,,,,,,,,,,,,,,,,,,,,,,,TN,TN
autoland,4060512,13,77a9707257b88d3b15060667769a2def98a71cff,windows10-64-shippable-qr,True,False,,|c|o|l|d| |f|i|s|s|i|o|n| |i|n|t|e|r|a|c|t|i|v|e| |w|e|b|r|e|n|d|e|r|,102210fe594ee9b33d82058545b1ed14f4c8206e,LastVisualChange,reddit-billgates-post-1.posts,True,reddit-billgates-post-1.posts LastVisualChange opt cold fission webrender,,77,ms,firefox,,1722644910,2023-07-07 00:51:02,518.2,acd3d81337398ace5cd75f251f18da388ed281fa,1269038,,,,,,,,,,,,,,,,,,,,,,,,,,,,,,,,,,,,,,,,,,,,,,,,,,,,,,,,,,,,,TN,TN
autoland,4060512,13,77a9707257b88d3b15060667769a2def98a71cff,windows10-64-shippable-qr,True,False,,|c|o|l|d| |f|i|s|s|i|o|n| |i|n|t|e|r|a|c|t|i|v|e| |w|e|b|r|e|n|d|e|r|,102210fe594ee9b33d82058545b1ed14f4c8206e,LastVisualChange,reddit-billgates-post-1.posts,True,reddit-billgates-post-1.posts LastVisualChange opt cold fission webrender,,77,ms,firefox,,1722675367,2023-07-07 01:49:15,550.7,013763c5f493c6232cfa8502e7bcec4b151d9161,1269055,,,,,,,,,,,,,,,,,,,,,,,,,,,,,,,,,,,,,,,,,,,,,,,,,,,,,,,,,,,,,TN,TN
autoland,4060512,13,77a9707257b88d3b15060667769a2def98a71cff,windows10-64-shippable-qr,True,False,,|c|o|l|d| |f|i|s|s|i|o|n| |i|n|t|e|r|a|c|t|i|v|e| |w|e|b|r|e|n|d|e|r|,102210fe594ee9b33d82058545b1ed14f4c8206e,LastVisualChange,reddit-billgates-post-1.posts,True,reddit-billgates-post-1.posts LastVisualChange opt cold fission webrender,,77,ms,firefox,,1722713629,2023-07-07 06:17:26,536.9,e4d87ff75575880ea0c0fa09b316e360e4d9492f,1269097,,,,,,,,,,,,,,,,,,,,,,,,,,,,,,,,,,,,,,,,,,,,,,,,,,,,,,,,,,,,,TN,TN
autoland,4060512,13,77a9707257b88d3b15060667769a2def98a71cff,windows10-64-shippable-qr,True,False,,|c|o|l|d| |f|i|s|s|i|o|n| |i|n|t|e|r|a|c|t|i|v|e| |w|e|b|r|e|n|d|e|r|,102210fe594ee9b33d82058545b1ed14f4c8206e,LastVisualChange,reddit-billgates-post-1.posts,True,reddit-billgates-post-1.posts LastVisualChange opt cold fission webrender,,77,ms,firefox,,1722827564,2023-07-07 10:08:37,518.6,3a88b97290a0fe46c6fbfcf6dacd91c6b6900aeb,1269195,,,,,,,,,,,,,,,,,,,,,,,,,,,,,,,,,,,,,,,,,,,,,,,,,,,,,,,,,,,,,TN,TN
autoland,4060512,13,77a9707257b88d3b15060667769a2def98a71cff,windows10-64-shippable-qr,True,False,,|c|o|l|d| |f|i|s|s|i|o|n| |i|n|t|e|r|a|c|t|i|v|e| |w|e|b|r|e|n|d|e|r|,102210fe594ee9b33d82058545b1ed14f4c8206e,LastVisualChange,reddit-billgates-post-1.posts,True,reddit-billgates-post-1.posts LastVisualChange opt cold fission webrender,,77,ms,firefox,,1722909115,2023-07-07 14:06:48,521.6,fb62b8660fcaa40ecb0be50aa61ba8005dcbba27,1269286,,,,,,,,,,,,,,,,,,,,,,,,,,,,,,,,,,,,,,,,,,,,,,,,,,,,,,,,,,,,,TN,TN
autoland,4060512,13,77a9707257b88d3b15060667769a2def98a71cff,windows10-64-shippable-qr,True,False,,|c|o|l|d| |f|i|s|s|i|o|n| |i|n|t|e|r|a|c|t|i|v|e| |w|e|b|r|e|n|d|e|r|,102210fe594ee9b33d82058545b1ed14f4c8206e,LastVisualChange,reddit-billgates-post-1.posts,True,reddit-billgates-post-1.posts LastVisualChange opt cold fission webrender,,77,ms,firefox,,1722952939,2023-07-07 16:51:44,562.0,43977d30a10af8e193044a9aa578f2bc8b33edf7,1269420,,,,,,,,,,,,,,,,,,,,,,,,,,,,,,,,,,,,,,,,,,,,,,,,,,,,,,,,,,,,,TN,TN
autoland,4060512,13,77a9707257b88d3b15060667769a2def98a71cff,windows10-64-shippable-qr,True,False,,|c|o|l|d| |f|i|s|s|i|o|n| |i|n|t|e|r|a|c|t|i|v|e| |w|e|b|r|e|n|d|e|r|,102210fe594ee9b33d82058545b1ed14f4c8206e,LastVisualChange,reddit-billgates-post-1.posts,True,reddit-billgates-post-1.posts LastVisualChange opt cold fission webrender,,77,ms,firefox,,1723212520,2023-07-08 02:51:52,529.3,d2be18e8ce8cd63eaddb8f012d582a2863075164,1269678,,,,,,,,,,,,,,,,,,,,,,,,,,,,,,,,,,,,,,,,,,,,,,,,,,,,,,,,,,,,,TN,TN
autoland,4060512,13,77a9707257b88d3b15060667769a2def98a71cff,windows10-64-shippable-qr,True,False,,|c|o|l|d| |f|i|s|s|i|o|n| |i|n|t|e|r|a|c|t|i|v|e| |w|e|b|r|e|n|d|e|r|,102210fe594ee9b33d82058545b1ed14f4c8206e,LastVisualChange,reddit-billgates-post-1.posts,True,reddit-billgates-post-1.posts LastVisualChange opt cold fission webrender,,77,ms,firefox,,1723247966,2023-07-08 06:55:09,527.6,ef7d9ea0c3f751e7c525a136923c9c404c297b1f,1269687,,,,,,,,,,,,,,,,,,,,,,,,,,,,,,,,,,,,,,,,,,,,,,,,,,,,,,,,,,,,,TN,TN
autoland,4060512,13,77a9707257b88d3b15060667769a2def98a71cff,windows10-64-shippable-qr,True,False,,|c|o|l|d| |f|i|s|s|i|o|n| |i|n|t|e|r|a|c|t|i|v|e| |w|e|b|r|e|n|d|e|r|,102210fe594ee9b33d82058545b1ed14f4c8206e,LastVisualChange,reddit-billgates-post-1.posts,True,reddit-billgates-post-1.posts LastVisualChange opt cold fission webrender,,77,ms,firefox,,1723369421,2023-07-08 13:13:32,518.9,ee68eebc7bfd59157569f7de331974b06e765482,1269721,,,,,,,,,,,,,,,,,,,,,,,,,,,,,,,,,,,,,,,,,,,,,,,,,,,,,,,,,,,,,TN,TN
autoland,4060512,13,77a9707257b88d3b15060667769a2def98a71cff,windows10-64-shippable-qr,True,False,,|c|o|l|d| |f|i|s|s|i|o|n| |i|n|t|e|r|a|c|t|i|v|e| |w|e|b|r|e|n|d|e|r|,102210fe594ee9b33d82058545b1ed14f4c8206e,LastVisualChange,reddit-billgates-post-1.posts,True,reddit-billgates-post-1.posts LastVisualChange opt cold fission webrender,,77,ms,firefox,,1723356209,2023-07-08 13:22:34,527.8,3809d32977a2db97fd06c8fd3214256dc18af9a0,1269723,,,,,,,,,,,,,,,,,,,,,,,,,,,,,,,,,,,,,,,,,,,,,,,,,,,,,,,,,,,,,TN,TN
autoland,4060512,13,77a9707257b88d3b15060667769a2def98a71cff,windows10-64-shippable-qr,True,False,,|c|o|l|d| |f|i|s|s|i|o|n| |i|n|t|e|r|a|c|t|i|v|e| |w|e|b|r|e|n|d|e|r|,102210fe594ee9b33d82058545b1ed14f4c8206e,LastVisualChange,reddit-billgates-post-1.posts,True,reddit-billgates-post-1.posts LastVisualChange opt cold fission webrender,,77,ms,firefox,,1723433301,2023-07-08 18:13:28,537.5,3b3b41fc7f1dad97415448fb4652eb636903a02a,1269751,,,,,,,,,,,,,,,,,,,,,,,,,,,,,,,,,,,,,,,,,,,,,,,,,,,,,,,,,,,,,TN,TN
autoland,4060512,13,77a9707257b88d3b15060667769a2def98a71cff,windows10-64-shippable-qr,True,False,,|c|o|l|d| |f|i|s|s|i|o|n| |i|n|t|e|r|a|c|t|i|v|e| |w|e|b|r|e|n|d|e|r|,102210fe594ee9b33d82058545b1ed14f4c8206e,LastVisualChange,reddit-billgates-post-1.posts,True,reddit-billgates-post-1.posts LastVisualChange opt cold fission webrender,,77,ms,firefox,,1723479603,2023-07-08 22:36:06,508.4,47c72d2828f6f406fbe77758e1ae8cd7837af977,1269766,,,,,,,,,,,,,,,,,,,,,,,,,,,,,,,,,,,,,,,,,,,,,,,,,,,,,,,,,,,,,TN,TN
autoland,4060512,13,77a9707257b88d3b15060667769a2def98a71cff,windows10-64-shippable-qr,True,False,,|c|o|l|d| |f|i|s|s|i|o|n| |i|n|t|e|r|a|c|t|i|v|e| |w|e|b|r|e|n|d|e|r|,102210fe594ee9b33d82058545b1ed14f4c8206e,LastVisualChange,reddit-billgates-post-1.posts,True,reddit-billgates-post-1.posts LastVisualChange opt cold fission webrender,,77,ms,firefox,,1723513227,2023-07-09 03:04:33,552.0,2ac0f03815253b96c145a52b1762ed04c50f079d,1269805,,,,,,,,,,,,,,,,,,,,,,,,,,,,,,,,,,,,,,,,,,,,,,,,,,,,,,,,,,,,,TN,TN
autoland,4060512,13,77a9707257b88d3b15060667769a2def98a71cff,windows10-64-shippable-qr,True,False,,|c|o|l|d| |f|i|s|s|i|o|n| |i|n|t|e|r|a|c|t|i|v|e| |w|e|b|r|e|n|d|e|r|,102210fe594ee9b33d82058545b1ed14f4c8206e,LastVisualChange,reddit-billgates-post-1.posts,True,reddit-billgates-post-1.posts LastVisualChange opt cold fission webrender,,77,ms,firefox,,1723584368,2023-07-09 11:37:17,525.3,60d4eb46c8b40ab0cd000c9ef298c63c45539be7,1269836,,,,,,,,,,,,,,,,,,,,,,,,,,,,,,,,,,,,,,,,,,,,,,,,,,,,,,,,,,,,,TN,TN
autoland,4060512,13,77a9707257b88d3b15060667769a2def98a71cff,windows10-64-shippable-qr,True,False,,|c|o|l|d| |f|i|s|s|i|o|n| |i|n|t|e|r|a|c|t|i|v|e| |w|e|b|r|e|n|d|e|r|,102210fe594ee9b33d82058545b1ed14f4c8206e,LastVisualChange,reddit-billgates-post-1.posts,True,reddit-billgates-post-1.posts LastVisualChange opt cold fission webrender,,77,ms,firefox,,1723633694,2023-07-09 16:14:27,509.1,38657e8c266f862cee349b298d0679f6617a8a63,1269855,,,,,,,,,,,,,,,,,,,,,,,,,,,,,,,,,,,,,,,,,,,,,,,,,,,,,,,,,,,,,TN,TN
autoland,4060512,13,77a9707257b88d3b15060667769a2def98a71cff,windows10-64-shippable-qr,True,False,,|c|o|l|d| |f|i|s|s|i|o|n| |i|n|t|e|r|a|c|t|i|v|e| |w|e|b|r|e|n|d|e|r|,102210fe594ee9b33d82058545b1ed14f4c8206e,LastVisualChange,reddit-billgates-post-1.posts,True,reddit-billgates-post-1.posts LastVisualChange opt cold fission webrender,,77,ms,firefox,,1723658647,2023-07-09 17:38:49,531.1,91d2d276f13316b73f0fed743d543009fcfade03,1269870,,,,,,,,,,,,,,,,,,,,,,,,,,,,,,,,,,,,,,,,,,,,,,,,,,,,,,,,,,,,,TN,TN
autoland,4060512,13,77a9707257b88d3b15060667769a2def98a71cff,windows10-64-shippable-qr,True,False,,|c|o|l|d| |f|i|s|s|i|o|n| |i|n|t|e|r|a|c|t|i|v|e| |w|e|b|r|e|n|d|e|r|,102210fe594ee9b33d82058545b1ed14f4c8206e,LastVisualChange,reddit-billgates-post-1.posts,True,reddit-billgates-post-1.posts LastVisualChange opt cold fission webrender,,77,ms,firefox,,1723710707,2023-07-09 22:03:27,521.9,5497748101b60ab9149d6616e70cabc4c11c6cb5,1269918,,,,,,,,,,,,,,,,,,,,,,,,,,,,,,,,,,,,,,,,,,,,,,,,,,,,,,,,,,,,,TN,TN
autoland,4060512,13,77a9707257b88d3b15060667769a2def98a71cff,windows10-64-shippable-qr,True,False,,|c|o|l|d| |f|i|s|s|i|o|n| |i|n|t|e|r|a|c|t|i|v|e| |w|e|b|r|e|n|d|e|r|,102210fe594ee9b33d82058545b1ed14f4c8206e,LastVisualChange,reddit-billgates-post-1.posts,True,reddit-billgates-post-1.posts LastVisualChange opt cold fission webrender,,77,ms,firefox,,1723838056,2023-07-10 02:33:11,528.1,aaa3698312c56a08a7b405178ee462fe3c2a30e7,1269963,,,,,,,,,,,,,,,,,,,,,,,,,,,,,,,,,,,,,,,,,,,,,,,,,,,,,,,,,,,,,TN,TN
autoland,4060512,13,77a9707257b88d3b15060667769a2def98a71cff,windows10-64-shippable-qr,True,False,,|c|o|l|d| |f|i|s|s|i|o|n| |i|n|t|e|r|a|c|t|i|v|e| |w|e|b|r|e|n|d|e|r|,102210fe594ee9b33d82058545b1ed14f4c8206e,LastVisualChange,reddit-billgates-post-1.posts,True,reddit-billgates-post-1.posts LastVisualChange opt cold fission webrender,,77,ms,firefox,,1723914939,2023-07-10 08:51:48,527.8,7313b6429e48b58bd38ab3be47999be475f2ba6b,1270053,,,,,,,,,,,,,,,,,,,,,,,,,,,,,,,,,,,,,,,,,,,,,,,,,,,,,,,,,,,,,TN,TN
autoland,4060512,13,77a9707257b88d3b15060667769a2def98a71cff,windows10-64-shippable-qr,True,False,,|c|o|l|d| |f|i|s|s|i|o|n| |i|n|t|e|r|a|c|t|i|v|e| |w|e|b|r|e|n|d|e|r|,102210fe594ee9b33d82058545b1ed14f4c8206e,LastVisualChange,reddit-billgates-post-1.posts,True,reddit-billgates-post-1.posts LastVisualChange opt cold fission webrender,,77,ms,firefox,,1724014100,2023-07-10 13:07:04,531.4,70fb59178ff21c468afeb592869c28371401db6a,1270176,,,,,,,,,,,,,,,,,,,,,,,,,,,,,,,,,,,,,,,,,,,,,,,,,,,,,,,,,,,,,TN,TN
autoland,4060512,13,77a9707257b88d3b15060667769a2def98a71cff,windows10-64-shippable-qr,True,False,,|c|o|l|d| |f|i|s|s|i|o|n| |i|n|t|e|r|a|c|t|i|v|e| |w|e|b|r|e|n|d|e|r|,102210fe594ee9b33d82058545b1ed14f4c8206e,LastVisualChange,reddit-billgates-post-1.posts,True,reddit-billgates-post-1.posts LastVisualChange opt cold fission webrender,,77,ms,firefox,,1724085870,2023-07-10 14:01:57,526.2,e31033710cfe590d9e7deda75757f71ddef34207,1270199,,,,,,,,,,,,,,,,,,,,,,,,,,,,,,,,,,,,,,,,,,,,,,,,,,,,,,,,,,,,,TN,TN
autoland,4060512,13,77a9707257b88d3b15060667769a2def98a71cff,windows10-64-shippable-qr,True,False,,|c|o|l|d| |f|i|s|s|i|o|n| |i|n|t|e|r|a|c|t|i|v|e| |w|e|b|r|e|n|d|e|r|,102210fe594ee9b33d82058545b1ed14f4c8206e,LastVisualChange,reddit-billgates-post-1.posts,True,reddit-billgates-post-1.posts LastVisualChange opt cold fission webrender,,77,ms,firefox,,1724213206,2023-07-10 18:14:55,610.0,1c909f267af625b4c370b6735113e1cafc94bbad,1270330,,,,,,,,,,,,,,,,,,,,,,,,,,,,,,,,,,,,,,,,,,,,,,,,,,,,,,,,,,,,,TN,TN
autoland,4060512,13,77a9707257b88d3b15060667769a2def98a71cff,windows10-64-shippable-qr,True,False,,|c|o|l|d| |f|i|s|s|i|o|n| |i|n|t|e|r|a|c|t|i|v|e| |w|e|b|r|e|n|d|e|r|,102210fe594ee9b33d82058545b1ed14f4c8206e,LastVisualChange,reddit-billgates-post-1.posts,True,reddit-billgates-post-1.posts LastVisualChange opt cold fission webrender,,77,ms,firefox,,1724410475,2023-07-10 18:29:35,581.9,30b26799c81ba6f393a26ac1dec94fc65c700ae2,1270336,,,,,,,,,,,,,,,,,,,,,,,,,,,,,,,,,,,,,,,,,,,,,,,,,,,,,,,,,,,,,TN,TN
autoland,4060512,13,77a9707257b88d3b15060667769a2def98a71cff,windows10-64-shippable-qr,True,False,,|c|o|l|d| |f|i|s|s|i|o|n| |i|n|t|e|r|a|c|t|i|v|e| |w|e|b|r|e|n|d|e|r|,102210fe594ee9b33d82058545b1ed14f4c8206e,LastVisualChange,reddit-billgates-post-1.posts,True,reddit-billgates-post-1.posts LastVisualChange opt cold fission webrender,,77,ms,firefox,,1724414653,2023-07-10 18:33:19,485.4,96f24646390be39f604f0815e8fdc2560d4608be,1270340,,,,,,,,,,,,,,,,,,,,,,,,,,,,,,,,,,,,,,,,,,,,,,,,,,,,,,,,,,,,,TN,TN
autoland,4060512,13,77a9707257b88d3b15060667769a2def98a71cff,windows10-64-shippable-qr,True,False,,|c|o|l|d| |f|i|s|s|i|o|n| |i|n|t|e|r|a|c|t|i|v|e| |w|e|b|r|e|n|d|e|r|,102210fe594ee9b33d82058545b1ed14f4c8206e,LastVisualChange,reddit-billgates-post-1.posts,True,reddit-billgates-post-1.posts LastVisualChange opt cold fission webrender,,77,ms,firefox,,1724267380,2023-07-10 19:48:56,551.6,923b28f88778b9de2f2a694c75dcb313148c0fc5,1270385,,,,,,,,,,,,,,,,,,,,,,,,,,,,,,,,,,,,,,,,,,,,,,,,,,,,,,,,,,,,,TN,TN
autoland,4060512,13,77a9707257b88d3b15060667769a2def98a71cff,windows10-64-shippable-qr,True,False,,|c|o|l|d| |f|i|s|s|i|o|n| |i|n|t|e|r|a|c|t|i|v|e| |w|e|b|r|e|n|d|e|r|,102210fe594ee9b33d82058545b1ed14f4c8206e,LastVisualChange,reddit-billgates-post-1.posts,True,reddit-billgates-post-1.posts LastVisualChange opt cold fission webrender,,77,ms,firefox,,1724348983,2023-07-11 01:42:54,527.6,b6a3e16c65e1298418f1aaf966dd3071d644075b,1270560,,,,,,,,,,,,,,,,,,,,,,,,,,,,,,,,,,,,,,,,,,,,,,,,,,,,,,,,,,,,,TN,TN
autoland,4060512,13,77a9707257b88d3b15060667769a2def98a71cff,windows10-64-shippable-qr,True,False,,|c|o|l|d| |f|i|s|s|i|o|n| |i|n|t|e|r|a|c|t|i|v|e| |w|e|b|r|e|n|d|e|r|,102210fe594ee9b33d82058545b1ed14f4c8206e,LastVisualChange,reddit-billgates-post-1.posts,True,reddit-billgates-post-1.posts LastVisualChange opt cold fission webrender,,77,ms,firefox,,1724465700,2023-07-11 06:35:00,531.7,bd6b3707b0b4eb7dd36fd65f81325cd71a20ab43,1270619,,,,,,,,,,,,,,,,,,,,,,,,,,,,,,,,,,,,,,,,,,,,,,,,,,,,,,,,,,,,,TN,TN
autoland,4060512,13,77a9707257b88d3b15060667769a2def98a71cff,windows10-64-shippable-qr,True,False,,|c|o|l|d| |f|i|s|s|i|o|n| |i|n|t|e|r|a|c|t|i|v|e| |w|e|b|r|e|n|d|e|r|,102210fe594ee9b33d82058545b1ed14f4c8206e,LastVisualChange,reddit-billgates-post-1.posts,True,reddit-billgates-post-1.posts LastVisualChange opt cold fission webrender,,77,ms,firefox,,1724520149,2023-07-11 08:55:46,535.0,6f3d3f416c953a7c5f64b907c4afb5906a1868a3,1270644,,,,,,,,,,,,,,,,,,,,,,,,,,,,,,,,,,,,,,,,,,,,,,,,,,,,,,,,,,,,,TN,TN
autoland,4060512,13,77a9707257b88d3b15060667769a2def98a71cff,windows10-64-shippable-qr,True,False,,|c|o|l|d| |f|i|s|s|i|o|n| |i|n|t|e|r|a|c|t|i|v|e| |w|e|b|r|e|n|d|e|r|,102210fe594ee9b33d82058545b1ed14f4c8206e,LastVisualChange,reddit-billgates-post-1.posts,True,reddit-billgates-post-1.posts LastVisualChange opt cold fission webrender,,77,ms,firefox,,1724597291,2023-07-11 13:33:02,544.3,0c47c1159e0a060ee709f9f8f854bfad27f86c85,1270792,,,,,,,,,,,,,,,,,,,,,,,,,,,,,,,,,,,,,,,,,,,,,,,,,,,,,,,,,,,,,TN,TN
autoland,4060512,13,77a9707257b88d3b15060667769a2def98a71cff,windows10-64-shippable-qr,True,False,,|c|o|l|d| |f|i|s|s|i|o|n| |i|n|t|e|r|a|c|t|i|v|e| |w|e|b|r|e|n|d|e|r|,102210fe594ee9b33d82058545b1ed14f4c8206e,LastVisualChange,reddit-billgates-post-1.posts,True,reddit-billgates-post-1.posts LastVisualChange opt cold fission webrender,,77,ms,firefox,,1724641459,2023-07-11 14:06:52,534.9,3100a08eeee126bc592700ba015d42a4eeabd552,1270802,,,,,,,,,,,,,,,,,,,,,,,,,,,,,,,,,,,,,,,,,,,,,,,,,,,,,,,,,,,,,TN,TN
autoland,4060512,13,77a9707257b88d3b15060667769a2def98a71cff,windows10-64-shippable-qr,True,False,,|c|o|l|d| |f|i|s|s|i|o|n| |i|n|t|e|r|a|c|t|i|v|e| |w|e|b|r|e|n|d|e|r|,102210fe594ee9b33d82058545b1ed14f4c8206e,LastVisualChange,reddit-billgates-post-1.posts,True,reddit-billgates-post-1.posts LastVisualChange opt cold fission webrender,,77,ms,firefox,,1724790001,2023-07-11 18:36:01,519.1,87db7bb709335405232188624e8b3fa9990fd678,1270977,,,,,,,,,,,,,,,,,,,,,,,,,,,,,,,,,,,,,,,,,,,,,,,,,,,,,,,,,,,,,TN,TN
autoland,4060512,13,77a9707257b88d3b15060667769a2def98a71cff,windows10-64-shippable-qr,True,False,,|c|o|l|d| |f|i|s|s|i|o|n| |i|n|t|e|r|a|c|t|i|v|e| |w|e|b|r|e|n|d|e|r|,102210fe594ee9b33d82058545b1ed14f4c8206e,LastVisualChange,reddit-billgates-post-1.posts,True,reddit-billgates-post-1.posts LastVisualChange opt cold fission webrender,,77,ms,firefox,,1724872997,2023-07-11 22:00:07,509.2,799309422d5f66cd280bc2aa8f49a203faaf670f,1271127,,,,,,,,,,,,,,,,,,,,,,,,,,,,,,,,,,,,,,,,,,,,,,,,,,,,,,,,,,,,,TN,TN
autoland,4060512,13,77a9707257b88d3b15060667769a2def98a71cff,windows10-64-shippable-qr,True,False,,|c|o|l|d| |f|i|s|s|i|o|n| |i|n|t|e|r|a|c|t|i|v|e| |w|e|b|r|e|n|d|e|r|,102210fe594ee9b33d82058545b1ed14f4c8206e,LastVisualChange,reddit-billgates-post-1.posts,True,reddit-billgates-post-1.posts LastVisualChange opt cold fission webrender,,77,ms,firefox,,1724961713,2023-07-12 03:43:13,549.1,409794f954d9150f8da58e49d75898a655aca25d,1271221,,,,,,,,,,,,,,,,,,,,,,,,,,,,,,,,,,,,,,,,,,,,,,,,,,,,,,,,,,,,,TN,TN
autoland,4060512,13,77a9707257b88d3b15060667769a2def98a71cff,windows10-64-shippable-qr,True,False,,|c|o|l|d| |f|i|s|s|i|o|n| |i|n|t|e|r|a|c|t|i|v|e| |w|e|b|r|e|n|d|e|r|,102210fe594ee9b33d82058545b1ed14f4c8206e,LastVisualChange,reddit-billgates-post-1.posts,True,reddit-billgates-post-1.posts LastVisualChange opt cold fission webrender,,77,ms,firefox,,1725010704,2023-07-12 07:41:52,511.5,3df39b644daab1c941ea8f68e6f1e1018058b95e,1271289,,,,,,,,,,,,,,,,,,,,,,,,,,,,,,,,,,,,,,,,,,,,,,,,,,,,,,,,,,,,,TN,TN
autoland,4060512,13,77a9707257b88d3b15060667769a2def98a71cff,windows10-64-shippable-qr,True,False,,|c|o|l|d| |f|i|s|s|i|o|n| |i|n|t|e|r|a|c|t|i|v|e| |w|e|b|r|e|n|d|e|r|,102210fe594ee9b33d82058545b1ed14f4c8206e,LastVisualChange,reddit-billgates-post-1.posts,True,reddit-billgates-post-1.posts LastVisualChange opt cold fission webrender,,77,ms,firefox,,1725119906,2023-07-12 11:57:10,538.9,323cd57deb4d5a322c892f49b9141687d7561c0b,1271397,,,,,,,,,,,,,,,,,,,,,,,,,,,,,,,,,,,,,,,,,,,,,,,,,,,,,,,,,,,,,TN,TN
autoland,4060512,13,77a9707257b88d3b15060667769a2def98a71cff,windows10-64-shippable-qr,True,False,,|c|o|l|d| |f|i|s|s|i|o|n| |i|n|t|e|r|a|c|t|i|v|e| |w|e|b|r|e|n|d|e|r|,102210fe594ee9b33d82058545b1ed14f4c8206e,LastVisualChange,reddit-billgates-post-1.posts,True,reddit-billgates-post-1.posts LastVisualChange opt cold fission webrender,,77,ms,firefox,,1725175659,2023-07-12 14:40:04,535.9,09a138b12b3b18e85b4234788a6f92fa756908af,1271467,,,,,,,,,,,,,,,,,,,,,,,,,,,,,,,,,,,,,,,,,,,,,,,,,,,,,,,,,,,,,TN,TN
autoland,4060512,13,77a9707257b88d3b15060667769a2def98a71cff,windows10-64-shippable-qr,True,False,,|c|o|l|d| |f|i|s|s|i|o|n| |i|n|t|e|r|a|c|t|i|v|e| |w|e|b|r|e|n|d|e|r|,102210fe594ee9b33d82058545b1ed14f4c8206e,LastVisualChange,reddit-billgates-post-1.posts,True,reddit-billgates-post-1.posts LastVisualChange opt cold fission webrender,,77,ms,firefox,,1725267125,2023-07-12 19:44:39,535.9,5af60a4168846b5be7576faecbb5050fa6d965cf,1271665,,,,,,,,,,,,,,,,,,,,,,,,,,,,,,,,,,,,,,,,,,,,,,,,,,,,,,,,,,,,,TN,TN
autoland,4060512,13,77a9707257b88d3b15060667769a2def98a71cff,windows10-64-shippable-qr,True,False,,|c|o|l|d| |f|i|s|s|i|o|n| |i|n|t|e|r|a|c|t|i|v|e| |w|e|b|r|e|n|d|e|r|,102210fe594ee9b33d82058545b1ed14f4c8206e,LastVisualChange,reddit-billgates-post-1.posts,True,reddit-billgates-post-1.posts LastVisualChange opt cold fission webrender,,77,ms,firefox,,1725338074,2023-07-12 23:52:09,518.9,48bcd4c43c3e833bc33696496138c36bdddef23d,1271821,,,,,,,,,,,,,,,,,,,,,,,,,,,,,,,,,,,,,,,,,,,,,,,,,,,,,,,,,,,,,TN,TN
autoland,4060512,13,77a9707257b88d3b15060667769a2def98a71cff,windows10-64-shippable-qr,True,False,,|c|o|l|d| |f|i|s|s|i|o|n| |i|n|t|e|r|a|c|t|i|v|e| |w|e|b|r|e|n|d|e|r|,102210fe594ee9b33d82058545b1ed14f4c8206e,LastVisualChange,reddit-billgates-post-1.posts,True,reddit-billgates-post-1.posts LastVisualChange opt cold fission webrender,,77,ms,firefox,,1725386825,2023-07-13 04:00:14,522.2,0724fde82b2fe250010f13a500b6c525eaf3abb5,1271916,,,,,,,,,,,,,,,,,,,,,,,,,,,,,,,,,,,,,,,,,,,,,,,,,,,,,,,,,,,,,TN,TN
autoland,4060512,13,77a9707257b88d3b15060667769a2def98a71cff,windows10-64-shippable-qr,True,False,,|c|o|l|d| |f|i|s|s|i|o|n| |i|n|t|e|r|a|c|t|i|v|e| |w|e|b|r|e|n|d|e|r|,102210fe594ee9b33d82058545b1ed14f4c8206e,LastVisualChange,reddit-billgates-post-1.posts,True,reddit-billgates-post-1.posts LastVisualChange opt cold fission webrender,,77,ms,firefox,,1725459920,2023-07-13 08:20:37,531.9,3170f4f57d01091d2a74fe40ee6f4ab8efa7351a,1271978,,,,,,,,,,,,,,,,,,,,,,,,,,,,,,,,,,,,,,,,,,,,,,,,,,,,,,,,,,,,,TN,TN
autoland,4060512,13,77a9707257b88d3b15060667769a2def98a71cff,windows10-64-shippable-qr,True,False,,|c|o|l|d| |f|i|s|s|i|o|n| |i|n|t|e|r|a|c|t|i|v|e| |w|e|b|r|e|n|d|e|r|,102210fe594ee9b33d82058545b1ed14f4c8206e,LastVisualChange,reddit-billgates-post-1.posts,True,reddit-billgates-post-1.posts LastVisualChange opt cold fission webrender,,77,ms,firefox,,1725566857,2023-07-13 11:47:10,512.3,1bfb25414a090700f286cd06319e91cb9ac6e336,1272070,,,,,,,,,,,,,,,,,,,,,,,,,,,,,,,,,,,,,,,,,,,,,,,,,,,,,,,,,,,,,TN,TN
autoland,4060512,13,77a9707257b88d3b15060667769a2def98a71cff,windows10-64-shippable-qr,True,False,,|c|o|l|d| |f|i|s|s|i|o|n| |i|n|t|e|r|a|c|t|i|v|e| |w|e|b|r|e|n|d|e|r|,102210fe594ee9b33d82058545b1ed14f4c8206e,LastVisualChange,reddit-billgates-post-1.posts,True,reddit-billgates-post-1.posts LastVisualChange opt cold fission webrender,,77,ms,firefox,,1725684422,2023-07-13 14:50:19,518.5,411654dc3bffdf2358079fc20c662dc3c58a2363,1272192,,,,,,,,,,,,,,,,,,,,,,,,,,,,,,,,,,,,,,,,,,,,,,,,,,,,,,,,,,,,,TN,TN
autoland,4060512,13,77a9707257b88d3b15060667769a2def98a71cff,windows10-64-shippable-qr,True,False,,|c|o|l|d| |f|i|s|s|i|o|n| |i|n|t|e|r|a|c|t|i|v|e| |w|e|b|r|e|n|d|e|r|,102210fe594ee9b33d82058545b1ed14f4c8206e,LastVisualChange,reddit-billgates-post-1.posts,True,reddit-billgates-post-1.posts LastVisualChange opt cold fission webrender,,77,ms,firefox,,1725828995,2023-07-13 19:23:25,508.8,93efae7712c8170b189d6e2d626af9bc74ee9f33,1272383,,,,,,,,,,,,,,,,,,,,,,,,,,,,,,,,,,,,,,,,,,,,,,,,,,,,,,,,,,,,,TN,TN
autoland,4060512,13,77a9707257b88d3b15060667769a2def98a71cff,windows10-64-shippable-qr,True,False,,|c|o|l|d| |f|i|s|s|i|o|n| |i|n|t|e|r|a|c|t|i|v|e| |w|e|b|r|e|n|d|e|r|,102210fe594ee9b33d82058545b1ed14f4c8206e,LastVisualChange,reddit-billgates-post-1.posts,True,reddit-billgates-post-1.posts LastVisualChange opt cold fission webrender,,77,ms,firefox,,1725976529,2023-07-13 19:24:59,519.3,bbf3c24cbbc7b98b52113accc0c5cd377e1bb198,1272385,,,,,,,,,,,,,,,,,,,,,,,,,,,,,,,,,,,,,,,,,,,,,,,,,,,,,,,,,,,,,TN,TN
autoland,4060512,13,77a9707257b88d3b15060667769a2def98a71cff,windows10-64-shippable-qr,True,False,,|c|o|l|d| |f|i|s|s|i|o|n| |i|n|t|e|r|a|c|t|i|v|e| |w|e|b|r|e|n|d|e|r|,102210fe594ee9b33d82058545b1ed14f4c8206e,LastVisualChange,reddit-billgates-post-1.posts,True,reddit-billgates-post-1.posts LastVisualChange opt cold fission webrender,,77,ms,firefox,,1726009704,2023-07-13 19:30:44,545.2,1feed58581ba17fdd979df109fe14c7a2b3d9843,1272388,,,,,,,,,,,,,,,,,,,,,,,,,,,,,,,,,,,,,,,,,,,,,,,,,,,,,,,,,,,,,TN,TN
autoland,4060512,13,77a9707257b88d3b15060667769a2def98a71cff,windows10-64-shippable-qr,True,False,,|c|o|l|d| |f|i|s|s|i|o|n| |i|n|t|e|r|a|c|t|i|v|e| |w|e|b|r|e|n|d|e|r|,102210fe594ee9b33d82058545b1ed14f4c8206e,LastVisualChange,reddit-billgates-post-1.posts,True,reddit-billgates-post-1.posts LastVisualChange opt cold fission webrender,,77,ms,firefox,,1725952636,2023-07-13 23:46:26,531.7,d7363bddf2b82c4f02c60bf1f3236c1853a1d788,1272530,,,,,,,,,,,,,,,,,,,,,,,,,,,,,,,,,,,,,,,,,,,,,,,,,,,,,,,,,,,,,TN,TN
autoland,4060512,13,77a9707257b88d3b15060667769a2def98a71cff,windows10-64-shippable-qr,True,False,,|c|o|l|d| |f|i|s|s|i|o|n| |i|n|t|e|r|a|c|t|i|v|e| |w|e|b|r|e|n|d|e|r|,102210fe594ee9b33d82058545b1ed14f4c8206e,LastVisualChange,reddit-billgates-post-1.posts,True,reddit-billgates-post-1.posts LastVisualChange opt cold fission webrender,,77,ms,firefox,,1725941214,2023-07-14 00:33:08,538.9,ce811b4b8e62538cba1620fbe1f66b6963a00103,1272546,,,,,,,,,,,,,,,,,,,,,,,,,,,,,,,,,,,,,,,,,,,,,,,,,,,,,,,,,,,,,TN,TN
autoland,4060512,13,77a9707257b88d3b15060667769a2def98a71cff,windows10-64-shippable-qr,True,False,,|c|o|l|d| |f|i|s|s|i|o|n| |i|n|t|e|r|a|c|t|i|v|e| |w|e|b|r|e|n|d|e|r|,102210fe594ee9b33d82058545b1ed14f4c8206e,LastVisualChange,reddit-billgates-post-1.posts,True,reddit-billgates-post-1.posts LastVisualChange opt cold fission webrender,,77,ms,firefox,,1725997917,2023-07-14 05:34:55,521.8,196cda3a105202c8969a926a0637db0e0014c07d,1272621,,,,,,,,,,,,,,,,,,,,,,,,,,,,,,,,,,,,,,,,,,,,,,,,,,,,,,,,,,,,,TN,TN
autoland,4060512,13,77a9707257b88d3b15060667769a2def98a71cff,windows10-64-shippable-qr,True,False,,|c|o|l|d| |f|i|s|s|i|o|n| |i|n|t|e|r|a|c|t|i|v|e| |w|e|b|r|e|n|d|e|r|,102210fe594ee9b33d82058545b1ed14f4c8206e,LastVisualChange,reddit-billgates-post-1.posts,True,reddit-billgates-post-1.posts LastVisualChange opt cold fission webrender,,77,ms,firefox,,1726157337,2023-07-14 08:41:57,532.3,2c2b2040f7a3a963eaf19ecd574a96682fb4e6c3,1272676,,,,,,,,,,,,,,,,,,,,,,,,,,,,,,,,,,,,,,,,,,,,,,,,,,,,,,,,,,,,,TN,TN
autoland,4060512,13,77a9707257b88d3b15060667769a2def98a71cff,windows10-64-shippable-qr,True,False,,|c|o|l|d| |f|i|s|s|i|o|n| |i|n|t|e|r|a|c|t|i|v|e| |w|e|b|r|e|n|d|e|r|,102210fe594ee9b33d82058545b1ed14f4c8206e,LastVisualChange,reddit-billgates-post-1.posts,True,reddit-billgates-post-1.posts LastVisualChange opt cold fission webrender,,77,ms,firefox,,1726281631,2023-07-14 12:49:37,505.9,f04d14e8c457c340e7bb0c8955b7a42e3ed32c84,1272721,,,,,,,,,,,,,,,,,,,,,,,,,,,,,,,,,,,,,,,,,,,,,,,,,,,,,,,,,,,,,TN,TN
autoland,4060512,13,77a9707257b88d3b15060667769a2def98a71cff,windows10-64-shippable-qr,True,False,,|c|o|l|d| |f|i|s|s|i|o|n| |i|n|t|e|r|a|c|t|i|v|e| |w|e|b|r|e|n|d|e|r|,102210fe594ee9b33d82058545b1ed14f4c8206e,LastVisualChange,reddit-billgates-post-1.posts,True,reddit-billgates-post-1.posts LastVisualChange opt cold fission webrender,,77,ms,firefox,,1726357961,2023-07-14 16:10:08,521.7,379fa15b7cfddd1f92027d8c39b32706dc0f59a8,1272833,,,,,,,,,,,,,,,,,,,,,,,,,,,,,,,,,,,,,,,,,,,,,,,,,,,,,,,,,,,,,TN,TN
autoland,4060512,13,77a9707257b88d3b15060667769a2def98a71cff,windows10-64-shippable-qr,True,False,,|c|o|l|d| |f|i|s|s|i|o|n| |i|n|t|e|r|a|c|t|i|v|e| |w|e|b|r|e|n|d|e|r|,102210fe594ee9b33d82058545b1ed14f4c8206e,LastVisualChange,reddit-billgates-post-1.posts,True,reddit-billgates-post-1.posts LastVisualChange opt cold fission webrender,,77,ms,firefox,,1726473361,2023-07-14 21:22:48,526.0,f65db437bbbe4d54d073843c79519c0a373ada5c,1272987,,,,,,,,,,,,,,,,,,,,,,,,,,,,,,,,,,,,,,,,,,,,,,,,,,,,,,,,,,,,,TN,TN
autoland,4060512,13,77a9707257b88d3b15060667769a2def98a71cff,windows10-64-shippable-qr,True,False,,|c|o|l|d| |f|i|s|s|i|o|n| |i|n|t|e|r|a|c|t|i|v|e| |w|e|b|r|e|n|d|e|r|,102210fe594ee9b33d82058545b1ed14f4c8206e,LastVisualChange,reddit-billgates-post-1.posts,True,reddit-billgates-post-1.posts LastVisualChange opt cold fission webrender,,77,ms,firefox,,1726504848,2023-07-14 22:30:09,522.2,2fa0f2941257f51a55bcabee0f1913fe395266b0,1273018,,,,,,,,,,,,,,,,,,,,,,,,,,,,,,,,,,,,,,,,,,,,,,,,,,,,,,,,,,,,,TN,TN
autoland,4060512,13,77a9707257b88d3b15060667769a2def98a71cff,windows10-64-shippable-qr,True,False,,|c|o|l|d| |f|i|s|s|i|o|n| |i|n|t|e|r|a|c|t|i|v|e| |w|e|b|r|e|n|d|e|r|,102210fe594ee9b33d82058545b1ed14f4c8206e,LastVisualChange,reddit-billgates-post-1.posts,True,reddit-billgates-post-1.posts LastVisualChange opt cold fission webrender,,77,ms,firefox,,1726526454,2023-07-15 02:41:28,535.3,1e09c6aabfcd1088a923373e95d74f457e863755,1273070,,,,,,,,,,,,,,,,,,,,,,,,,,,,,,,,,,,,,,,,,,,,,,,,,,,,,,,,,,,,,TN,TN
autoland,4060512,13,77a9707257b88d3b15060667769a2def98a71cff,windows10-64-shippable-qr,True,False,,|c|o|l|d| |f|i|s|s|i|o|n| |i|n|t|e|r|a|c|t|i|v|e| |w|e|b|r|e|n|d|e|r|,102210fe594ee9b33d82058545b1ed14f4c8206e,LastVisualChange,reddit-billgates-post-1.posts,True,reddit-billgates-post-1.posts LastVisualChange opt cold fission webrender,,77,ms,firefox,,1726582933,2023-07-15 12:36:57,534.5,3a71e5ba50017ceb558d246e6ea58f8d5a57a3af,1273110,,,,,,,,,,,,,,,,,,,,,,,,,,,,,,,,,,,,,,,,,,,,,,,,,,,,,,,,,,,,,TN,TN
autoland,4060512,13,77a9707257b88d3b15060667769a2def98a71cff,windows10-64-shippable-qr,True,False,,|c|o|l|d| |f|i|s|s|i|o|n| |i|n|t|e|r|a|c|t|i|v|e| |w|e|b|r|e|n|d|e|r|,102210fe594ee9b33d82058545b1ed14f4c8206e,LastVisualChange,reddit-billgates-post-1.posts,True,reddit-billgates-post-1.posts LastVisualChange opt cold fission webrender,,77,ms,firefox,,1726630202,2023-07-15 18:59:02,525.4,23e9067195200f00248b6c027bfae113965bf3ea,1273125,,,,,,,,,,,,,,,,,,,,,,,,,,,,,,,,,,,,,,,,,,,,,,,,,,,,,,,,,,,,,TN,TN
autoland,4060512,13,77a9707257b88d3b15060667769a2def98a71cff,windows10-64-shippable-qr,True,False,,|c|o|l|d| |f|i|s|s|i|o|n| |i|n|t|e|r|a|c|t|i|v|e| |w|e|b|r|e|n|d|e|r|,102210fe594ee9b33d82058545b1ed14f4c8206e,LastVisualChange,reddit-billgates-post-1.posts,True,reddit-billgates-post-1.posts LastVisualChange opt cold fission webrender,,77,ms,firefox,,1726672454,2023-07-16 02:22:04,537.5,29be5ceedcdd2e835a383389153d9264d9b81217,1273151,,,,,,,,,,,,,,,,,,,,,,,,,,,,,,,,,,,,,,,,,,,,,,,,,,,,,,,,,,,,,TN,TN
autoland,4060512,13,77a9707257b88d3b15060667769a2def98a71cff,windows10-64-shippable-qr,True,False,,|c|o|l|d| |f|i|s|s|i|o|n| |i|n|t|e|r|a|c|t|i|v|e| |w|e|b|r|e|n|d|e|r|,102210fe594ee9b33d82058545b1ed14f4c8206e,LastVisualChange,reddit-billgates-post-1.posts,True,reddit-billgates-post-1.posts LastVisualChange opt cold fission webrender,,77,ms,firefox,,1726768035,2023-07-16 17:40:24,534.7,2d64faa1590722f6ec14781ee5e175a2c875171c,1273186,,,,,,,,,,,,,,,,,,,,,,,,,,,,,,,,,,,,,,,,,,,,,,,,,,,,,,,,,,,,,TN,TN
autoland,4060512,13,77a9707257b88d3b15060667769a2def98a71cff,windows10-64-shippable-qr,True,False,,|c|o|l|d| |f|i|s|s|i|o|n| |i|n|t|e|r|a|c|t|i|v|e| |w|e|b|r|e|n|d|e|r|,102210fe594ee9b33d82058545b1ed14f4c8206e,LastVisualChange,reddit-billgates-post-1.posts,True,reddit-billgates-post-1.posts LastVisualChange opt cold fission webrender,,77,ms,firefox,,1726895392,2023-07-17 10:08:58,521.5,ef60c7cdcb76172f1caf579529cf9fb756de4dbd,1273362,,,,,,,,,,,,,,,,,,,,,,,,,,,,,,,,,,,,,,,,,,,,,,,,,,,,,,,,,,,,,TN,TN
autoland,4060512,13,77a9707257b88d3b15060667769a2def98a71cff,windows10-64-shippable-qr,True,False,,|c|o|l|d| |f|i|s|s|i|o|n| |i|n|t|e|r|a|c|t|i|v|e| |w|e|b|r|e|n|d|e|r|,102210fe594ee9b33d82058545b1ed14f4c8206e,LastVisualChange,reddit-billgates-post-1.posts,True,reddit-billgates-post-1.posts LastVisualChange opt cold fission webrender,,77,ms,firefox,,1727283427,2023-07-17 10:10:51,521.8,953e77c13acb077960f863612d3036a0d8724008,1273366,,,,,,,,,,,,,,,,,,,,,,,,,,,,,,,,,,,,,,,,,,,,,,,,,,,,,,,,,,,,,TN,TN
autoland,4060512,13,77a9707257b88d3b15060667769a2def98a71cff,windows10-64-shippable-qr,True,False,,|c|o|l|d| |f|i|s|s|i|o|n| |i|n|t|e|r|a|c|t|i|v|e| |w|e|b|r|e|n|d|e|r|,102210fe594ee9b33d82058545b1ed14f4c8206e,LastVisualChange,reddit-billgates-post-1.posts,True,reddit-billgates-post-1.posts LastVisualChange opt cold fission webrender,,77,ms,firefox,,1727277431,2023-07-17 11:01:52,522.4,2a006f66fd1958496f7cae9c174e45a5a5403b1d,1273381,,,,,,,,,,,,,,,,,,,,,,,,,,,,,,,,,,,,,,,,,,,,,,,,,,,,,,,,,,,,,TN,TN
autoland,4060512,13,77a9707257b88d3b15060667769a2def98a71cff,windows10-64-shippable-qr,True,False,,|c|o|l|d| |f|i|s|s|i|o|n| |i|n|t|e|r|a|c|t|i|v|e| |w|e|b|r|e|n|d|e|r|,102210fe594ee9b33d82058545b1ed14f4c8206e,LastVisualChange,reddit-billgates-post-1.posts,True,reddit-billgates-post-1.posts LastVisualChange opt cold fission webrender,,77,ms,firefox,,1727256719,2023-07-17 13:42:26,534.7,b80c658a6c19f373d458a6ca866c32d87a5f579b,1273443,,,,,,,,,,,,,,,,,,,,,,,,,,,,,,,,,,,,,,,,,,,,,,,,,,,,,,,,,,,,,TN,TN
autoland,4060512,13,77a9707257b88d3b15060667769a2def98a71cff,windows10-64-shippable-qr,True,False,,|c|o|l|d| |f|i|s|s|i|o|n| |i|n|t|e|r|a|c|t|i|v|e| |w|e|b|r|e|n|d|e|r|,102210fe594ee9b33d82058545b1ed14f4c8206e,LastVisualChange,reddit-billgates-post-1.posts,True,reddit-billgates-post-1.posts LastVisualChange opt cold fission webrender,,77,ms,firefox,,1727304801,2023-07-17 13:56:56,508.8,480a4843ee4329760fdea6dff2b457ff8cc95eb9,1273451,,,,,,,,,,,,,,,,,,,,,,,,,,,,,,,,,,,,,,,,,,,,,,,,,,,,,,,,,,,,,TN,TN
autoland,4060512,13,77a9707257b88d3b15060667769a2def98a71cff,windows10-64-shippable-qr,True,False,,|c|o|l|d| |f|i|s|s|i|o|n| |i|n|t|e|r|a|c|t|i|v|e| |w|e|b|r|e|n|d|e|r|,102210fe594ee9b33d82058545b1ed14f4c8206e,LastVisualChange,reddit-billgates-post-1.posts,True,reddit-billgates-post-1.posts LastVisualChange opt cold fission webrender,,77,ms,firefox,,1727038182,2023-07-17 14:30:30,508.8,e90e64d1c5a944feafdb48fe3527c9aeeac00ec9,1273474,,,,,,,,,,,,,,,,,,,,,,,,,,,,,,,,,,,,,,,,,,,,,,,,,,,,,,,,,,,,,TN,TN
autoland,4060512,13,77a9707257b88d3b15060667769a2def98a71cff,windows10-64-shippable-qr,True,False,,|c|o|l|d| |f|i|s|s|i|o|n| |i|n|t|e|r|a|c|t|i|v|e| |w|e|b|r|e|n|d|e|r|,102210fe594ee9b33d82058545b1ed14f4c8206e,LastVisualChange,reddit-billgates-post-1.posts,True,reddit-billgates-post-1.posts LastVisualChange opt cold fission webrender,,77,ms,firefox,,1727302363,2023-07-17 15:18:16,525.6,c59cb36c74f432b44e7148682b572301b05ed1e0,1273503,,,,,,,,,,,,,,,,,,,,,,,,,,,,,,,,,,,,,,,,,,,,,,,,,,,,,,,,,,,,,TN,TN
autoland,4060512,13,77a9707257b88d3b15060667769a2def98a71cff,windows10-64-shippable-qr,True,False,,|c|o|l|d| |f|i|s|s|i|o|n| |i|n|t|e|r|a|c|t|i|v|e| |w|e|b|r|e|n|d|e|r|,102210fe594ee9b33d82058545b1ed14f4c8206e,LastVisualChange,reddit-billgates-post-1.posts,True,reddit-billgates-post-1.posts LastVisualChange opt cold fission webrender,,77,ms,firefox,,1727331770,2023-07-17 15:59:39,528.9,80a9077fa5eadb649347ccfdf256cdc5c647f611,1273518,,,,,,,,,,,,,,,,,,,,,,,,,,,,,,,,,,,,,,,,,,,,,,,,,,,,,,,,,,,,,TN,TN
autoland,4060512,13,77a9707257b88d3b15060667769a2def98a71cff,windows10-64-shippable-qr,True,False,,|c|o|l|d| |f|i|s|s|i|o|n| |i|n|t|e|r|a|c|t|i|v|e| |w|e|b|r|e|n|d|e|r|,102210fe594ee9b33d82058545b1ed14f4c8206e,LastVisualChange,reddit-billgates-post-1.posts,True,reddit-billgates-post-1.posts LastVisualChange opt cold fission webrender,,77,ms,firefox,,1727002570,2023-07-17 16:07:24,533.7,01dc0385e5b93df37aef43d60cd1105523eae328,1273529,,,,,,,,,,,,,,,,,,,,,,,,,,,,,,,,,,,,,,,,,,,,,,,,,,,,,,,,,,,,,TN,TN
autoland,4060512,13,77a9707257b88d3b15060667769a2def98a71cff,windows10-64-shippable-qr,True,False,,|c|o|l|d| |f|i|s|s|i|o|n| |i|n|t|e|r|a|c|t|i|v|e| |w|e|b|r|e|n|d|e|r|,102210fe594ee9b33d82058545b1ed14f4c8206e,LastVisualChange,reddit-billgates-post-1.posts,True,reddit-billgates-post-1.posts LastVisualChange opt cold fission webrender,,77,ms,firefox,,1727330446,2023-07-17 16:23:13,518.7,49cff8f1d0b45289c21ac815c0e150bdf80b3e3c,1273535,,,,,,,,,,,,,,,,,,,,,,,,,,,,,,,,,,,,,,,,,,,,,,,,,,,,,,,,,,,,,TN,TN
autoland,4060512,13,77a9707257b88d3b15060667769a2def98a71cff,windows10-64-shippable-qr,True,False,,|c|o|l|d| |f|i|s|s|i|o|n| |i|n|t|e|r|a|c|t|i|v|e| |w|e|b|r|e|n|d|e|r|,102210fe594ee9b33d82058545b1ed14f4c8206e,LastVisualChange,reddit-billgates-post-1.posts,True,reddit-billgates-post-1.posts LastVisualChange opt cold fission webrender,,77,ms,firefox,,1727158957,2023-07-17 20:04:09,545.9,f2c1249026167b30c81eff3368093a442a915826,1273673,,,,,,,,,,,,,,,,,,,,,,,,,,,,,,,,,,,,,,,,,,,,,,,,,,,,,,,,,,,,,TN,TN
autoland,4060512,13,77a9707257b88d3b15060667769a2def98a71cff,windows10-64-shippable-qr,True,False,,|c|o|l|d| |f|i|s|s|i|o|n| |i|n|t|e|r|a|c|t|i|v|e| |w|e|b|r|e|n|d|e|r|,102210fe594ee9b33d82058545b1ed14f4c8206e,LastVisualChange,reddit-billgates-post-1.posts,True,reddit-billgates-post-1.posts LastVisualChange opt cold fission webrender,,77,ms,firefox,,1727208631,2023-07-17 23:40:15,558.2,bbea40f618ed9435d7c989dcb18dc1ba34d55d4c,1273797,,,,,,,,,,,,,,,,,,,,,,,,,,,,,,,,,,,,,,,,,,,,,,,,,,,,,,,,,,,,,TN,TN
autoland,4060512,13,77a9707257b88d3b15060667769a2def98a71cff,windows10-64-shippable-qr,True,False,,|c|o|l|d| |f|i|s|s|i|o|n| |i|n|t|e|r|a|c|t|i|v|e| |w|e|b|r|e|n|d|e|r|,102210fe594ee9b33d82058545b1ed14f4c8206e,LastVisualChange,reddit-billgates-post-1.posts,True,reddit-billgates-post-1.posts LastVisualChange opt cold fission webrender,,77,ms,firefox,,1727265001,2023-07-18 04:33:35,515.8,35e42e5979dac0b99828194869d5dc00365b37fb,1273869,,,,,,,,,,,,,,,,,,,,,,,,,,,,,,,,,,,,,,,,,,,,,,,,,,,,,,,,,,,,,TN,TN
autoland,4060512,13,77a9707257b88d3b15060667769a2def98a71cff,windows10-64-shippable-qr,True,False,,|c|o|l|d| |f|i|s|s|i|o|n| |i|n|t|e|r|a|c|t|i|v|e| |w|e|b|r|e|n|d|e|r|,102210fe594ee9b33d82058545b1ed14f4c8206e,LastVisualChange,reddit-billgates-post-1.posts,True,reddit-billgates-post-1.posts LastVisualChange opt cold fission webrender,,77,ms,firefox,,1727379974,2023-07-18 08:33:44,552.2,ff623ceacdca87e37ceaa8e2d7f2072d5a7ae7fb,1273935,,,,,,,,,,,,,,,,,,,,,,,,,,,,,,,,,,,,,,,,,,,,,,,,,,,,,,,,,,,,,TN,TN
autoland,4060512,13,77a9707257b88d3b15060667769a2def98a71cff,windows10-64-shippable-qr,True,False,,|c|o|l|d| |f|i|s|s|i|o|n| |i|n|t|e|r|a|c|t|i|v|e| |w|e|b|r|e|n|d|e|r|,102210fe594ee9b33d82058545b1ed14f4c8206e,LastVisualChange,reddit-billgates-post-1.posts,True,reddit-billgates-post-1.posts LastVisualChange opt cold fission webrender,,77,ms,firefox,,1727426871,2023-07-18 08:34:31,512.5,ed8bcaa0195e582a53b92eeac99b65a9c1f06da2,1273936,,,,,,,,,,,,,,,,,,,,,,,,,,,,,,,,,,,,,,,,,,,,,,,,,,,,,,,,,,,,,TN,TN
autoland,4060512,13,77a9707257b88d3b15060667769a2def98a71cff,windows10-64-shippable-qr,True,False,,|c|o|l|d| |f|i|s|s|i|o|n| |i|n|t|e|r|a|c|t|i|v|e| |w|e|b|r|e|n|d|e|r|,102210fe594ee9b33d82058545b1ed14f4c8206e,LastVisualChange,reddit-billgates-post-1.posts,True,reddit-billgates-post-1.posts LastVisualChange opt cold fission webrender,,77,ms,firefox,,1727529059,2023-07-18 13:03:29,531.3,bcffaa369c722f4ebfa7cb8af6a3fc605e2efa10,1274068,,,,,,,,,,,,,,,,,,,,,,,,,,,,,,,,,,,,,,,,,,,,,,,,,,,,,,,,,,,,,TN,TN
autoland,4060512,13,77a9707257b88d3b15060667769a2def98a71cff,windows10-64-shippable-qr,True,False,,|c|o|l|d| |f|i|s|s|i|o|n| |i|n|t|e|r|a|c|t|i|v|e| |w|e|b|r|e|n|d|e|r|,102210fe594ee9b33d82058545b1ed14f4c8206e,LastVisualChange,reddit-billgates-post-1.posts,True,reddit-billgates-post-1.posts LastVisualChange opt cold fission webrender,,77,ms,firefox,,1727547964,2023-07-18 13:45:23,542.7,0de8fdd9abfcc9f9019857d255157b5eb799f98b,1274096,,,,,,,,,,,,,,,,,,,,,,,,,,,,,,,,,,,,,,,,,,,,,,,,,,,,,,,,,,,,,TN,TN
autoland,4060512,13,77a9707257b88d3b15060667769a2def98a71cff,windows10-64-shippable-qr,True,False,,|c|o|l|d| |f|i|s|s|i|o|n| |i|n|t|e|r|a|c|t|i|v|e| |w|e|b|r|e|n|d|e|r|,102210fe594ee9b33d82058545b1ed14f4c8206e,LastVisualChange,reddit-billgates-post-1.posts,True,reddit-billgates-post-1.posts LastVisualChange opt cold fission webrender,,77,ms,firefox,,1727648691,2023-07-18 17:24:29,539.3,9330f8cb5765b67a89ac1427300f344a63d42cdc,1274230,,,,,,,,,,,,,,,,,,,,,,,,,,,,,,,,,,,,,,,,,,,,,,,,,,,,,,,,,,,,,TN,TN
autoland,4060512,13,77a9707257b88d3b15060667769a2def98a71cff,windows10-64-shippable-qr,True,False,,|c|o|l|d| |f|i|s|s|i|o|n| |i|n|t|e|r|a|c|t|i|v|e| |w|e|b|r|e|n|d|e|r|,102210fe594ee9b33d82058545b1ed14f4c8206e,LastVisualChange,reddit-billgates-post-1.posts,True,reddit-billgates-post-1.posts LastVisualChange opt cold fission webrender,,77,ms,firefox,,1727854806,2023-07-18 22:22:09,510.9,b39dcefbe15f24fbf00da64782588b71ef8277a6,1274408,,,,,,,,,,,,,,,,,,,,,,,,,,,,,,,,,,,,,,,,,,,,,,,,,,,,,,,,,,,,,TN,TN
autoland,4060512,13,77a9707257b88d3b15060667769a2def98a71cff,windows10-64-shippable-qr,True,False,,|c|o|l|d| |f|i|s|s|i|o|n| |i|n|t|e|r|a|c|t|i|v|e| |w|e|b|r|e|n|d|e|r|,102210fe594ee9b33d82058545b1ed14f4c8206e,LastVisualChange,reddit-billgates-post-1.posts,True,reddit-billgates-post-1.posts LastVisualChange opt cold fission webrender,,77,ms,firefox,,1727835672,2023-07-18 23:34:55,501.5,a8acb9b8880c2f1c2cf5891e5a20997a21d9d909,1274454,,,,,,,,,,,,,,,,,,,,,,,,,,,,,,,,,,,,,,,,,,,,,,,,,,,,,,,,,,,,,TN,TN
autoland,4060512,13,77a9707257b88d3b15060667769a2def98a71cff,windows10-64-shippable-qr,True,False,,|c|o|l|d| |f|i|s|s|i|o|n| |i|n|t|e|r|a|c|t|i|v|e| |w|e|b|r|e|n|d|e|r|,102210fe594ee9b33d82058545b1ed14f4c8206e,LastVisualChange,reddit-billgates-post-1.posts,True,reddit-billgates-post-1.posts LastVisualChange opt cold fission webrender,,77,ms,firefox,,1727949949,2023-07-19 05:12:28,518.6,49a85b3b07e07c1158f9cb0c1f58b67fc2d659f7,1274587,,,,,,,,,,,,,,,,,,,,,,,,,,,,,,,,,,,,,,,,,,,,,,,,,,,,,,,,,,,,,TN,TN
autoland,4060512,13,77a9707257b88d3b15060667769a2def98a71cff,windows10-64-shippable-qr,True,False,,|c|o|l|d| |f|i|s|s|i|o|n| |i|n|t|e|r|a|c|t|i|v|e| |w|e|b|r|e|n|d|e|r|,102210fe594ee9b33d82058545b1ed14f4c8206e,LastVisualChange,reddit-billgates-post-1.posts,True,reddit-billgates-post-1.posts LastVisualChange opt cold fission webrender,,77,ms,firefox,,1728111093,2023-07-19 08:12:16,541.5,140d21dede36ec0333dbfd36cf0d1320eee6cba4,1274646,,,,,,,,,,,,,,,,,,,,,,,,,,,,,,,,,,,,,,,,,,,,,,,,,,,,,,,,,,,,,TN,TN
autoland,4060512,13,77a9707257b88d3b15060667769a2def98a71cff,windows10-64-shippable-qr,True,False,,|c|o|l|d| |f|i|s|s|i|o|n| |i|n|t|e|r|a|c|t|i|v|e| |w|e|b|r|e|n|d|e|r|,102210fe594ee9b33d82058545b1ed14f4c8206e,LastVisualChange,reddit-billgates-post-1.posts,True,reddit-billgates-post-1.posts LastVisualChange opt cold fission webrender,,77,ms,firefox,,1728265344,2023-07-19 12:13:12,498.4,b8d9ace4647851e162743362d884084c81a969ab,1274744,,,,,,,,,,,,,,,,,,,,,,,,,,,,,,,,,,,,,,,,,,,,,,,,,,,,,,,,,,,,,TN,TN
autoland,4060512,13,77a9707257b88d3b15060667769a2def98a71cff,windows10-64-shippable-qr,True,False,,|c|o|l|d| |f|i|s|s|i|o|n| |i|n|t|e|r|a|c|t|i|v|e| |w|e|b|r|e|n|d|e|r|,102210fe594ee9b33d82058545b1ed14f4c8206e,LastVisualChange,reddit-billgates-post-1.posts,True,reddit-billgates-post-1.posts LastVisualChange opt cold fission webrender,,77,ms,firefox,,1728842509,2023-07-19 13:06:35,529.2,b4b23feef55a5201adccb65558c2f936b437b03c,1274782,,,,,,,,,,,,,,,,,,,,,,,,,,,,,,,,,,,,,,,,,,,,,,,,,,,,,,,,,,,,,TN,TN
autoland,4060512,13,77a9707257b88d3b15060667769a2def98a71cff,windows10-64-shippable-qr,True,False,,|c|o|l|d| |f|i|s|s|i|o|n| |i|n|t|e|r|a|c|t|i|v|e| |w|e|b|r|e|n|d|e|r|,102210fe594ee9b33d82058545b1ed14f4c8206e,LastVisualChange,reddit-billgates-post-1.posts,True,reddit-billgates-post-1.posts LastVisualChange opt cold fission webrender,,77,ms,firefox,,1728431833,2023-07-19 14:37:00,525.7,c1d9936545b5ba143392d27280eb1d56af5ac580,1274851,,,,,,,,,,,,,,,,,,,,,,,,,,,,,,,,,,,,,,,,,,,,,,,,,,,,,,,,,,,,,TN,TN
autoland,4060512,13,77a9707257b88d3b15060667769a2def98a71cff,windows10-64-shippable-qr,True,False,,|c|o|l|d| |f|i|s|s|i|o|n| |i|n|t|e|r|a|c|t|i|v|e| |w|e|b|r|e|n|d|e|r|,102210fe594ee9b33d82058545b1ed14f4c8206e,LastVisualChange,reddit-billgates-post-1.posts,True,reddit-billgates-post-1.posts LastVisualChange opt cold fission webrender,,77,ms,firefox,,1728777908,2023-07-19 16:22:57,498.4,42e0b293b3a65df8406e58d9a703707f07ca64e3,1274925,,,,,,,,,,,,,,,,,,,,,,,,,,,,,,,,,,,,,,,,,,,,,,,,,,,,,,,,,,,,,TN,TN
autoland,4060512,13,77a9707257b88d3b15060667769a2def98a71cff,windows10-64-shippable-qr,True,False,,|c|o|l|d| |f|i|s|s|i|o|n| |i|n|t|e|r|a|c|t|i|v|e| |w|e|b|r|e|n|d|e|r|,102210fe594ee9b33d82058545b1ed14f4c8206e,LastVisualChange,reddit-billgates-post-1.posts,True,reddit-billgates-post-1.posts LastVisualChange opt cold fission webrender,,77,ms,firefox,,1728773209,2023-07-19 16:24:52,527.8,d05e7eb6194b6ed6a17fa804338e80e604d05426,1274926,,,,,,,,,,,,,,,,,,,,,,,,,,,,,,,,,,,,,,,,,,,,,,,,,,,,,,,,,,,,,TN,TN
autoland,4060512,13,77a9707257b88d3b15060667769a2def98a71cff,windows10-64-shippable-qr,True,False,,|c|o|l|d| |f|i|s|s|i|o|n| |i|n|t|e|r|a|c|t|i|v|e| |w|e|b|r|e|n|d|e|r|,102210fe594ee9b33d82058545b1ed14f4c8206e,LastVisualChange,reddit-billgates-post-1.posts,True,reddit-billgates-post-1.posts LastVisualChange opt cold fission webrender,,77,ms,firefox,,1728579281,2023-07-19 18:46:51,525.2,a4cb1e2b9e3d0583fb35c77b1b5a61823240d23a,1275034,,,,,,,,,,,,,,,,,,,,,,,,,,,,,,,,,,,,,,,,,,,,,,,,,,,,,,,,,,,,,TN,TN
autoland,4060512,13,77a9707257b88d3b15060667769a2def98a71cff,windows10-64-shippable-qr,True,False,,|c|o|l|d| |f|i|s|s|i|o|n| |i|n|t|e|r|a|c|t|i|v|e| |w|e|b|r|e|n|d|e|r|,102210fe594ee9b33d82058545b1ed14f4c8206e,LastVisualChange,reddit-billgates-post-1.posts,True,reddit-billgates-post-1.posts LastVisualChange opt cold fission webrender,,77,ms,firefox,,1728677848,2023-07-19 22:17:04,525.0,7d1e4a896dd81d294b7bccc7c20345d7c0432b47,1275176,,,,,,,,,,,,,,,,,,,,,,,,,,,,,,,,,,,,,,,,,,,,,,,,,,,,,,,,,,,,,TN,TN
autoland,4060512,13,77a9707257b88d3b15060667769a2def98a71cff,windows10-64-shippable-qr,True,False,,|c|o|l|d| |f|i|s|s|i|o|n| |i|n|t|e|r|a|c|t|i|v|e| |w|e|b|r|e|n|d|e|r|,102210fe594ee9b33d82058545b1ed14f4c8206e,LastVisualChange,reddit-billgates-post-1.posts,True,reddit-billgates-post-1.posts LastVisualChange opt cold fission webrender,,77,ms,firefox,,1728733736,2023-07-20 03:34:20,526.5,e73cc92e62dbaf2e2cdb70a1d9890da611a2b772,1275291,,,,,,,,,,,,,,,,,,,,,,,,,,,,,,,,,,,,,,,,,,,,,,,,,,,,,,,,,,,,,TN,TN
autoland,4060512,13,77a9707257b88d3b15060667769a2def98a71cff,windows10-64-shippable-qr,True,False,,|c|o|l|d| |f|i|s|s|i|o|n| |i|n|t|e|r|a|c|t|i|v|e| |w|e|b|r|e|n|d|e|r|,102210fe594ee9b33d82058545b1ed14f4c8206e,LastVisualChange,reddit-billgates-post-1.posts,True,reddit-billgates-post-1.posts LastVisualChange opt cold fission webrender,,77,ms,firefox,,1728936705,2023-07-20 07:42:09,537.8,9a6d93f12d75deb2d5f6662ca35347a774d7cd6f,1275344,,,,,,,,,,,,,,,,,,,,,,,,,,,,,,,,,,,,,,,,,,,,,,,,,,,,,,,,,,,,,TN,TN
autoland,4060512,13,77a9707257b88d3b15060667769a2def98a71cff,windows10-64-shippable-qr,True,False,,|c|o|l|d| |f|i|s|s|i|o|n| |i|n|t|e|r|a|c|t|i|v|e| |w|e|b|r|e|n|d|e|r|,102210fe594ee9b33d82058545b1ed14f4c8206e,LastVisualChange,reddit-billgates-post-1.posts,True,reddit-billgates-post-1.posts LastVisualChange opt cold fission webrender,,77,ms,firefox,,1729023511,2023-07-20 12:22:04,536.1,0278b86272728b17ade153f25ef5ec4442158066,1275437,,,,,,,,,,,,,,,,,,,,,,,,,,,,,,,,,,,,,,,,,,,,,,,,,,,,,,,,,,,,,TN,TN
autoland,4060512,13,77a9707257b88d3b15060667769a2def98a71cff,windows10-64-shippable-qr,True,False,,|c|o|l|d| |f|i|s|s|i|o|n| |i|n|t|e|r|a|c|t|i|v|e| |w|e|b|r|e|n|d|e|r|,102210fe594ee9b33d82058545b1ed14f4c8206e,LastVisualChange,reddit-billgates-post-1.posts,True,reddit-billgates-post-1.posts LastVisualChange opt cold fission webrender,,77,ms,firefox,,1729477015,2023-07-20 13:21:00,531.2,f33e1ce6dcf19e47952f3963c8e970c7c380acd2,1275460,,,,,,,,,,,,,,,,,,,,,,,,,,,,,,,,,,,,,,,,,,,,,,,,,,,,,,,,,,,,,TN,TN
autoland,4060512,13,77a9707257b88d3b15060667769a2def98a71cff,windows10-64-shippable-qr,True,False,,|c|o|l|d| |f|i|s|s|i|o|n| |i|n|t|e|r|a|c|t|i|v|e| |w|e|b|r|e|n|d|e|r|,102210fe594ee9b33d82058545b1ed14f4c8206e,LastVisualChange,reddit-billgates-post-1.posts,True,reddit-billgates-post-1.posts LastVisualChange opt cold fission webrender,,77,ms,firefox,,1729503717,2023-07-20 13:24:59,527.4,a90f231791f03487ec9a1beab731726e345264d3,1275463,,,,,,,,,,,,,,,,,,,,,,,,,,,,,,,,,,,,,,,,,,,,,,,,,,,,,,,,,,,,,TN,TN
autoland,4060512,13,77a9707257b88d3b15060667769a2def98a71cff,windows10-64-shippable-qr,True,False,,|c|o|l|d| |f|i|s|s|i|o|n| |i|n|t|e|r|a|c|t|i|v|e| |w|e|b|r|e|n|d|e|r|,102210fe594ee9b33d82058545b1ed14f4c8206e,LastVisualChange,reddit-billgates-post-1.posts,True,reddit-billgates-post-1.posts LastVisualChange opt cold fission webrender,,77,ms,firefox,,1729151369,2023-07-20 15:24:57,532.2,0bc898fe076442e9a552e9918f1b50ece1c87859,1275543,,,,,,,,,,,,,,,,,,,,,,,,,,,,,,,,,,,,,,,,,,,,,,,,,,,,,,,,,,,,,TN,TN
autoland,4060512,13,77a9707257b88d3b15060667769a2def98a71cff,windows10-64-shippable-qr,True,False,,|c|o|l|d| |f|i|s|s|i|o|n| |i|n|t|e|r|a|c|t|i|v|e| |w|e|b|r|e|n|d|e|r|,102210fe594ee9b33d82058545b1ed14f4c8206e,LastVisualChange,reddit-billgates-post-1.posts,True,reddit-billgates-post-1.posts LastVisualChange opt cold fission webrender,,77,ms,firefox,,1729475483,2023-07-20 15:49:41,535.3,61e3c35c5ec858d73be3f12db7911814c97662d1,1275563,,,,,,,,,,,,,,,,,,,,,,,,,,,,,,,,,,,,,,,,,,,,,,,,,,,,,,,,,,,,,TN,TN
autoland,4060512,13,77a9707257b88d3b15060667769a2def98a71cff,windows10-64-shippable-qr,True,False,,|c|o|l|d| |f|i|s|s|i|o|n| |i|n|t|e|r|a|c|t|i|v|e| |w|e|b|r|e|n|d|e|r|,102210fe594ee9b33d82058545b1ed14f4c8206e,LastVisualChange,reddit-billgates-post-1.posts,True,reddit-billgates-post-1.posts LastVisualChange opt cold fission webrender,,77,ms,firefox,,1729509257,2023-07-20 15:57:36,508.5,e19f10f18cc2b743954df29e6df658ad01a8d71f,1275568,,,,,,,,,,,,,,,,,,,,,,,,,,,,,,,,,,,,,,,,,,,,,,,,,,,,,,,,,,,,,TN,TN
autoland,4060512,13,77a9707257b88d3b15060667769a2def98a71cff,windows10-64-shippable-qr,True,False,,|c|o|l|d| |f|i|s|s|i|o|n| |i|n|t|e|r|a|c|t|i|v|e| |w|e|b|r|e|n|d|e|r|,102210fe594ee9b33d82058545b1ed14f4c8206e,LastVisualChange,reddit-billgates-post-1.posts,True,reddit-billgates-post-1.posts LastVisualChange opt cold fission webrender,,77,ms,firefox,,1729304565,2023-07-20 19:57:27,531.8,1474bffb9d2bc609c90f59cdbd875d90f152f78b,1275751,,,,,,,,,,,,,,,,,,,,,,,,,,,,,,,,,,,,,,,,,,,,,,,,,,,,,,,,,,,,,TN,TN
autoland,4060512,13,77a9707257b88d3b15060667769a2def98a71cff,windows10-64-shippable-qr,True,False,,|c|o|l|d| |f|i|s|s|i|o|n| |i|n|t|e|r|a|c|t|i|v|e| |w|e|b|r|e|n|d|e|r|,102210fe594ee9b33d82058545b1ed14f4c8206e,LastVisualChange,reddit-billgates-post-1.posts,True,reddit-billgates-post-1.posts LastVisualChange opt cold fission webrender,,77,ms,firefox,,1729397811,2023-07-20 23:58:39,516.0,a81b4cfa355314c5644c5a1924408dd57a6451ba,1275867,,,,,,,,,,,,,,,,,,,,,,,,,,,,,,,,,,,,,,,,,,,,,,,,,,,,,,,,,,,,,TN,TN
autoland,4060512,13,77a9707257b88d3b15060667769a2def98a71cff,windows10-64-shippable-qr,True,False,,|c|o|l|d| |f|i|s|s|i|o|n| |i|n|t|e|r|a|c|t|i|v|e| |w|e|b|r|e|n|d|e|r|,102210fe594ee9b33d82058545b1ed14f4c8206e,LastVisualChange,reddit-billgates-post-1.posts,True,reddit-billgates-post-1.posts LastVisualChange opt cold fission webrender,,77,ms,firefox,,1729437751,2023-07-21 02:12:29,535.2,561b7f418a4da2b68cf411804f9a6dcc542bf5d4,1275913,,,,,,,,,,,,,,,,,,,,,,,,,,,,,,,,,,,,,,,,,,,,,,,,,,,,,,,,,,,,,TN,TN
autoland,4060512,13,77a9707257b88d3b15060667769a2def98a71cff,windows10-64-shippable-qr,True,False,,|c|o|l|d| |f|i|s|s|i|o|n| |i|n|t|e|r|a|c|t|i|v|e| |w|e|b|r|e|n|d|e|r|,102210fe594ee9b33d82058545b1ed14f4c8206e,LastVisualChange,reddit-billgates-post-1.posts,True,reddit-billgates-post-1.posts LastVisualChange opt cold fission webrender,,77,ms,firefox,,1729629443,2023-07-21 09:50:03,515.0,a2fe9197bad582dee22ed11cd3cec32073abcbb1,1276015,,,,,,,,,,,,,,,,,,,,,,,,,,,,,,,,,,,,,,,,,,,,,,,,,,,,,,,,,,,,,TN,TN
autoland,4060512,13,77a9707257b88d3b15060667769a2def98a71cff,windows10-64-shippable-qr,True,False,,|c|o|l|d| |f|i|s|s|i|o|n| |i|n|t|e|r|a|c|t|i|v|e| |w|e|b|r|e|n|d|e|r|,102210fe594ee9b33d82058545b1ed14f4c8206e,LastVisualChange,reddit-billgates-post-1.posts,True,reddit-billgates-post-1.posts LastVisualChange opt cold fission webrender,,77,ms,firefox,,1729678739,2023-07-21 13:55:08,537.9,9df47ce85e0472ca3ad7784cdf4c5640950ed7d9,1276152,,,,,,,,,,,,,,,,,,,,,,,,,,,,,,,,,,,,,,,,,,,,,,,,,,,,,,,,,,,,,TN,TN
autoland,4060512,13,77a9707257b88d3b15060667769a2def98a71cff,windows10-64-shippable-qr,True,False,,|c|o|l|d| |f|i|s|s|i|o|n| |i|n|t|e|r|a|c|t|i|v|e| |w|e|b|r|e|n|d|e|r|,102210fe594ee9b33d82058545b1ed14f4c8206e,LastVisualChange,reddit-billgates-post-1.posts,True,reddit-billgates-post-1.posts LastVisualChange opt cold fission webrender,,77,ms,firefox,,1729980035,2023-07-21 14:57:13,526.0,b545926f1ae26978c1d882b547b81c46cc2d13b1,1276194,,,,,,,,,,,,,,,,,,,,,,,,,,,,,,,,,,,,,,,,,,,,,,,,,,,,,,,,,,,,,TN,TN
autoland,4060512,13,77a9707257b88d3b15060667769a2def98a71cff,windows10-64-shippable-qr,True,False,,|c|o|l|d| |f|i|s|s|i|o|n| |i|n|t|e|r|a|c|t|i|v|e| |w|e|b|r|e|n|d|e|r|,102210fe594ee9b33d82058545b1ed14f4c8206e,LastVisualChange,reddit-billgates-post-1.posts,True,reddit-billgates-post-1.posts LastVisualChange opt cold fission webrender,,77,ms,firefox,,1729975021,2023-07-21 15:37:35,505.8,9fb23e77a86d962610c8be2392b3d05732b94847,1276218,,,,,,,,,,,,,,,,,,,,,,,,,,,,,,,,,,,,,,,,,,,,,,,,,,,,,,,,,,,,,TN,TN
autoland,4060512,13,77a9707257b88d3b15060667769a2def98a71cff,windows10-64-shippable-qr,True,False,,|c|o|l|d| |f|i|s|s|i|o|n| |i|n|t|e|r|a|c|t|i|v|e| |w|e|b|r|e|n|d|e|r|,102210fe594ee9b33d82058545b1ed14f4c8206e,LastVisualChange,reddit-billgates-post-1.posts,True,reddit-billgates-post-1.posts LastVisualChange opt cold fission webrender,,77,ms,firefox,,1729811047,2023-07-21 17:11:12,503.3,e289c1fd943bfc8c2973687da74a008f86d9e60f,1276290,,,,,,,,,,,,,,,,,,,,,,,,,,,,,,,,,,,,,,,,,,,,,,,,,,,,,,,,,,,,,TN,TN
autoland,4060512,13,77a9707257b88d3b15060667769a2def98a71cff,windows10-64-shippable-qr,True,False,,|c|o|l|d| |f|i|s|s|i|o|n| |i|n|t|e|r|a|c|t|i|v|e| |w|e|b|r|e|n|d|e|r|,102210fe594ee9b33d82058545b1ed14f4c8206e,LastVisualChange,reddit-billgates-post-1.posts,True,reddit-billgates-post-1.posts LastVisualChange opt cold fission webrender,,77,ms,firefox,,1729871842,2023-07-21 21:17:12,508.2,f13e959d38c7e8d9590bbc8d44f95149bbe180d1,1276495,,,,,,,,,,,,,,,,,,,,,,,,,,,,,,,,,,,,,,,,,,,,,,,,,,,,,,,,,,,,,TN,TN
autoland,4060512,13,77a9707257b88d3b15060667769a2def98a71cff,windows10-64-shippable-qr,True,False,,|c|o|l|d| |f|i|s|s|i|o|n| |i|n|t|e|r|a|c|t|i|v|e| |w|e|b|r|e|n|d|e|r|,102210fe594ee9b33d82058545b1ed14f4c8206e,LastVisualChange,reddit-billgates-post-1.posts,True,reddit-billgates-post-1.posts LastVisualChange opt cold fission webrender,,77,ms,firefox,,1729899552,2023-07-21 22:20:56,534.2,50344759578b6b2e1851c6a6133121c4d89b4f0d,1276531,,,,,,,,,,,,,,,,,,,,,,,,,,,,,,,,,,,,,,,,,,,,,,,,,,,,,,,,,,,,,TN,TN
autoland,4060512,13,77a9707257b88d3b15060667769a2def98a71cff,windows10-64-shippable-qr,True,False,,|c|o|l|d| |f|i|s|s|i|o|n| |i|n|t|e|r|a|c|t|i|v|e| |w|e|b|r|e|n|d|e|r|,102210fe594ee9b33d82058545b1ed14f4c8206e,LastVisualChange,reddit-billgates-post-1.posts,True,reddit-billgates-post-1.posts LastVisualChange opt cold fission webrender,,77,ms,firefox,,1729949133,2023-07-22 03:42:46,514.9,e4939251f81ca8c6a2fb9db3bbd4416e04dff97d,1276588,,,,,,,,,,,,,,,,,,,,,,,,,,,,,,,,,,,,,,,,,,,,,,,,,,,,,,,,,,,,,TN,TN
autoland,4060512,13,77a9707257b88d3b15060667769a2def98a71cff,windows10-64-shippable-qr,True,False,,|c|o|l|d| |f|i|s|s|i|o|n| |i|n|t|e|r|a|c|t|i|v|e| |w|e|b|r|e|n|d|e|r|,102210fe594ee9b33d82058545b1ed14f4c8206e,LastVisualChange,reddit-billgates-post-1.posts,True,reddit-billgates-post-1.posts LastVisualChange opt cold fission webrender,,77,ms,firefox,,1730060206,2023-07-22 08:58:42,518.9,c95ec2e13d66e06547002bd008e87bea4f94c022,1276620,,,,,,,,,,,,,,,,,,,,,,,,,,,,,,,,,,,,,,,,,,,,,,,,,,,,,,,,,,,,,TN,TN
autoland,4060512,13,77a9707257b88d3b15060667769a2def98a71cff,windows10-64-shippable-qr,True,False,,|c|o|l|d| |f|i|s|s|i|o|n| |i|n|t|e|r|a|c|t|i|v|e| |w|e|b|r|e|n|d|e|r|,102210fe594ee9b33d82058545b1ed14f4c8206e,LastVisualChange,reddit-billgates-post-1.posts,True,reddit-billgates-post-1.posts LastVisualChange opt cold fission webrender,,77,ms,firefox,,1730103811,2023-07-22 14:13:52,518.3,b16351df250c572a14efa126f7702fe104ac9fd7,1276645,,,,,,,,,,,,,,,,,,,,,,,,,,,,,,,,,,,,,,,,,,,,,,,,,,,,,,,,,,,,,TN,TN
autoland,4060512,13,77a9707257b88d3b15060667769a2def98a71cff,windows10-64-shippable-qr,True,False,,|c|o|l|d| |f|i|s|s|i|o|n| |i|n|t|e|r|a|c|t|i|v|e| |w|e|b|r|e|n|d|e|r|,102210fe594ee9b33d82058545b1ed14f4c8206e,LastVisualChange,reddit-billgates-post-1.posts,True,reddit-billgates-post-1.posts LastVisualChange opt cold fission webrender,,77,ms,firefox,,1730214390,2023-07-23 02:59:53,567.5,829bb0f62051beedfe5ba05f679d3b6c8e0d1a3b,1276677,,,,,,,,,,,,,,,,,,,,,,,,,,,,,,,,,,,,,,,,,,,,,,,,,,,,,,,,,,,,,TN,TN
autoland,4060512,13,77a9707257b88d3b15060667769a2def98a71cff,windows10-64-shippable-qr,True,False,,|c|o|l|d| |f|i|s|s|i|o|n| |i|n|t|e|r|a|c|t|i|v|e| |w|e|b|r|e|n|d|e|r|,102210fe594ee9b33d82058545b1ed14f4c8206e,LastVisualChange,reddit-billgates-post-1.posts,True,reddit-billgates-post-1.posts LastVisualChange opt cold fission webrender,,77,ms,firefox,,1730284849,2023-07-23 12:16:45,537.9,bd6c5007212e7ee9ecc312d4ef096252a9702033,1276689,,,,,,,,,,,,,,,,,,,,,,,,,,,,,,,,,,,,,,,,,,,,,,,,,,,,,,,,,,,,,TN,TN
autoland,4060512,13,77a9707257b88d3b15060667769a2def98a71cff,windows10-64-shippable-qr,True,False,,|c|o|l|d| |f|i|s|s|i|o|n| |i|n|t|e|r|a|c|t|i|v|e| |w|e|b|r|e|n|d|e|r|,102210fe594ee9b33d82058545b1ed14f4c8206e,LastVisualChange,reddit-billgates-post-1.posts,True,reddit-billgates-post-1.posts LastVisualChange opt cold fission webrender,,77,ms,firefox,,1730329745,2023-07-23 17:37:04,528.0,2fd3284df4616a8723f5b749c4652a682c7b5372,1276726,,,,,,,,,,,,,,,,,,,,,,,,,,,,,,,,,,,,,,,,,,,,,,,,,,,,,,,,,,,,,TN,TN
autoland,4060512,13,77a9707257b88d3b15060667769a2def98a71cff,windows10-64-shippable-qr,True,False,,|c|o|l|d| |f|i|s|s|i|o|n| |i|n|t|e|r|a|c|t|i|v|e| |w|e|b|r|e|n|d|e|r|,102210fe594ee9b33d82058545b1ed14f4c8206e,LastVisualChange,reddit-billgates-post-1.posts,True,reddit-billgates-post-1.posts LastVisualChange opt cold fission webrender,,77,ms,firefox,,1730411830,2023-07-24 00:19:00,508.6,7e5acc812edd3bcb93cfaf76eaab2c3fd6c4d274,1276767,,,,,,,,,,,,,,,,,,,,,,,,,,,,,,,,,,,,,,,,,,,,,,,,,,,,,,,,,,,,,TN,TN
autoland,4060512,13,77a9707257b88d3b15060667769a2def98a71cff,windows10-64-shippable-qr,True,False,,|c|o|l|d| |f|i|s|s|i|o|n| |i|n|t|e|r|a|c|t|i|v|e| |w|e|b|r|e|n|d|e|r|,102210fe594ee9b33d82058545b1ed14f4c8206e,LastVisualChange,reddit-billgates-post-1.posts,True,reddit-billgates-post-1.posts LastVisualChange opt cold fission webrender,,77,ms,firefox,,1730437565,2023-07-24 03:08:06,549.9,7b6332c9bce4487c1db3384523b5991fef31e28c,1276802,,,,,,,,,,,,,,,,,,,,,,,,,,,,,,,,,,,,,,,,,,,,,,,,,,,,,,,,,,,,,TN,TN
autoland,4060512,13,77a9707257b88d3b15060667769a2def98a71cff,windows10-64-shippable-qr,True,False,,|c|o|l|d| |f|i|s|s|i|o|n| |i|n|t|e|r|a|c|t|i|v|e| |w|e|b|r|e|n|d|e|r|,102210fe594ee9b33d82058545b1ed14f4c8206e,LastVisualChange,reddit-billgates-post-1.posts,True,reddit-billgates-post-1.posts LastVisualChange opt cold fission webrender,,77,ms,firefox,,1730484298,2023-07-24 07:35:58,537.9,91b590f6e608c6c3787304fa0010ce58519bde50,1276834,,,,,,,,,,,,,,,,,,,,,,,,,,,,,,,,,,,,,,,,,,,,,,,,,,,,,,,,,,,,,TN,TN
autoland,4060512,13,77a9707257b88d3b15060667769a2def98a71cff,windows10-64-shippable-qr,True,False,,|c|o|l|d| |f|i|s|s|i|o|n| |i|n|t|e|r|a|c|t|i|v|e| |w|e|b|r|e|n|d|e|r|,102210fe594ee9b33d82058545b1ed14f4c8206e,LastVisualChange,reddit-billgates-post-1.posts,True,reddit-billgates-post-1.posts LastVisualChange opt cold fission webrender,,77,ms,firefox,,1730652170,2023-07-24 11:14:54,522.0,b1a1263e67ce531d13e0a5e2e77c737b114e38b0,1276910,,,,,,,,,,,,,,,,,,,,,,,,,,,,,,,,,,,,,,,,,,,,,,,,,,,,,,,,,,,,,TN,TN
autoland,4060512,13,77a9707257b88d3b15060667769a2def98a71cff,windows10-64-shippable-qr,True,False,,|c|o|l|d| |f|i|s|s|i|o|n| |i|n|t|e|r|a|c|t|i|v|e| |w|e|b|r|e|n|d|e|r|,102210fe594ee9b33d82058545b1ed14f4c8206e,LastVisualChange,reddit-billgates-post-1.posts,True,reddit-billgates-post-1.posts LastVisualChange opt cold fission webrender,,77,ms,firefox,,1731074732,2023-07-24 12:11:00,511.8,23577cb64636c92dfc2f0a73ececd631f05b3414,1276938,,,,,,,,,,,,,,,,,,,,,,,,,,,,,,,,,,,,,,,,,,,,,,,,,,,,,,,,,,,,,TN,TN
autoland,4060512,13,77a9707257b88d3b15060667769a2def98a71cff,windows10-64-shippable-qr,True,False,,|c|o|l|d| |f|i|s|s|i|o|n| |i|n|t|e|r|a|c|t|i|v|e| |w|e|b|r|e|n|d|e|r|,102210fe594ee9b33d82058545b1ed14f4c8206e,LastVisualChange,reddit-billgates-post-1.posts,True,reddit-billgates-post-1.posts LastVisualChange opt cold fission webrender,,77,ms,firefox,,1731066742,2023-07-24 12:15:49,502.4,8f3d9e59939f99a34bb59db9bca3680462fbc7e9,1276939,,,,,,,,,,,,,,,,,,,,,,,,,,,,,,,,,,,,,,,,,,,,,,,,,,,,,,,,,,,,,TN,TN
autoland,4060512,13,77a9707257b88d3b15060667769a2def98a71cff,windows10-64-shippable-qr,True,False,,|c|o|l|d| |f|i|s|s|i|o|n| |i|n|t|e|r|a|c|t|i|v|e| |w|e|b|r|e|n|d|e|r|,102210fe594ee9b33d82058545b1ed14f4c8206e,LastVisualChange,reddit-billgates-post-1.posts,True,reddit-billgates-post-1.posts LastVisualChange opt cold fission webrender,,77,ms,firefox,,1731071288,2023-07-24 14:37:08,507.6,fcb2279fe7287100ede1a2fdd72043fbb1787a74,1277022,,,,,,,,,,,,,,,,,,,,,,,,,,,,,,,,,,,,,,,,,,,,,,,,,,,,,,,,,,,,,TN,TN
autoland,4060512,13,77a9707257b88d3b15060667769a2def98a71cff,windows10-64-shippable-qr,True,False,,|c|o|l|d| |f|i|s|s|i|o|n| |i|n|t|e|r|a|c|t|i|v|e| |w|e|b|r|e|n|d|e|r|,102210fe594ee9b33d82058545b1ed14f4c8206e,LastVisualChange,reddit-billgates-post-1.posts,True,reddit-billgates-post-1.posts LastVisualChange opt cold fission webrender,,77,ms,firefox,,1731064746,2023-07-24 14:56:47,498.0,2ec32cd8e72a81b580f53114dd636edb8b3ff177,1277037,,,,,,,,,,,,,,,,,,,,,,,,,,,,,,,,,,,,,,,,,,,,,,,,,,,,,,,,,,,,,TN,TN
autoland,4060512,13,77a9707257b88d3b15060667769a2def98a71cff,windows10-64-shippable-qr,True,False,,|c|o|l|d| |f|i|s|s|i|o|n| |i|n|t|e|r|a|c|t|i|v|e| |w|e|b|r|e|n|d|e|r|,102210fe594ee9b33d82058545b1ed14f4c8206e,LastVisualChange,reddit-billgates-post-1.posts,True,reddit-billgates-post-1.posts LastVisualChange opt cold fission webrender,,77,ms,firefox,,1730787759,2023-07-24 16:02:50,525.4,2483fdffbe5e3c051a32bcf141fb33e9803c0afc,1277068,,,,,,,,,,,,,,,,,,,,,,,,,,,,,,,,,,,,,,,,,,,,,,,,,,,,,,,,,,,,,TN,TN
autoland,4060512,13,77a9707257b88d3b15060667769a2def98a71cff,windows10-64-shippable-qr,True,False,,|c|o|l|d| |f|i|s|s|i|o|n| |i|n|t|e|r|a|c|t|i|v|e| |w|e|b|r|e|n|d|e|r|,102210fe594ee9b33d82058545b1ed14f4c8206e,LastVisualChange,reddit-billgates-post-1.posts,True,reddit-billgates-post-1.posts LastVisualChange opt cold fission webrender,,77,ms,firefox,,1730873925,2023-07-24 19:16:11,491.1,f9c12557d7a4e074be3fc45027ae8ffbb8f27aaf,1277230,,,,,,,,,,,,,,,,,,,,,,,,,,,,,,,,,,,,,,,,,,,,,,,,,,,,,,,,,,,,,TN,TN
autoland,4060512,13,77a9707257b88d3b15060667769a2def98a71cff,windows10-64-shippable-qr,True,False,,|c|o|l|d| |f|i|s|s|i|o|n| |i|n|t|e|r|a|c|t|i|v|e| |w|e|b|r|e|n|d|e|r|,102210fe594ee9b33d82058545b1ed14f4c8206e,LastVisualChange,reddit-billgates-post-1.posts,True,reddit-billgates-post-1.posts LastVisualChange opt cold fission webrender,,77,ms,firefox,,1730981451,2023-07-24 23:43:54,522.0,bd745245ac70d82630be9e971b5a9077b5f514e8,1277393,,,,,,,,,,,,,,,,,,,,,,,,,,,,,,,,,,,,,,,,,,,,,,,,,,,,,,,,,,,,,TN,TN
autoland,4060512,13,77a9707257b88d3b15060667769a2def98a71cff,windows10-64-shippable-qr,True,False,,|c|o|l|d| |f|i|s|s|i|o|n| |i|n|t|e|r|a|c|t|i|v|e| |w|e|b|r|e|n|d|e|r|,102210fe594ee9b33d82058545b1ed14f4c8206e,LastVisualChange,reddit-billgates-post-1.posts,True,reddit-billgates-post-1.posts LastVisualChange opt cold fission webrender,,77,ms,firefox,,1730985896,2023-07-25 00:28:34,518.8,1084bcb2a2550fee8fad1f0be69e603b6c8d67bd,1277414,,,,,,,,,,,,,,,,,,,,,,,,,,,,,,,,,,,,,,,,,,,,,,,,,,,,,,,,,,,,,TN,TN
autoland,4060512,13,77a9707257b88d3b15060667769a2def98a71cff,windows10-64-shippable-qr,True,False,,|c|o|l|d| |f|i|s|s|i|o|n| |i|n|t|e|r|a|c|t|i|v|e| |w|e|b|r|e|n|d|e|r|,102210fe594ee9b33d82058545b1ed14f4c8206e,LastVisualChange,reddit-billgates-post-1.posts,True,reddit-billgates-post-1.posts LastVisualChange opt cold fission webrender,,77,ms,firefox,,1731059501,2023-07-25 04:47:38,511.5,862d1cf3d7a17e3dde9bda49c5561ec902bb8136,1277485,,,,,,,,,,,,,,,,,,,,,,,,,,,,,,,,,,,,,,,,,,,,,,,,,,,,,,,,,,,,,TN,TN
autoland,4060512,13,77a9707257b88d3b15060667769a2def98a71cff,windows10-64-shippable-qr,True,False,,|c|o|l|d| |f|i|s|s|i|o|n| |i|n|t|e|r|a|c|t|i|v|e| |w|e|b|r|e|n|d|e|r|,102210fe594ee9b33d82058545b1ed14f4c8206e,LastVisualChange,reddit-billgates-post-1.posts,True,reddit-billgates-post-1.posts LastVisualChange opt cold fission webrender,,77,ms,firefox,,1731140523,2023-07-25 10:06:07,529.1,8ea7aa580b526bc8c4a486b95f73da88462f716d,1277567,,,,,,,,,,,,,,,,,,,,,,,,,,,,,,,,,,,,,,,,,,,,,,,,,,,,,,,,,,,,,TN,TN
autoland,4060512,13,77a9707257b88d3b15060667769a2def98a71cff,windows10-64-shippable-qr,True,False,,|c|o|l|d| |f|i|s|s|i|o|n| |i|n|t|e|r|a|c|t|i|v|e| |w|e|b|r|e|n|d|e|r|,102210fe594ee9b33d82058545b1ed14f4c8206e,LastVisualChange,reddit-billgates-post-1.posts,True,reddit-billgates-post-1.posts LastVisualChange opt cold fission webrender,,77,ms,firefox,,1731179046,2023-07-25 10:29:47,539.0,45a52966f9649f4dc9b8bbb6a8e68cdcc63ee287,1277576,,,,,,,,,,,,,,,,,,,,,,,,,,,,,,,,,,,,,,,,,,,,,,,,,,,,,,,,,,,,,TN,TN
autoland,4060512,13,77a9707257b88d3b15060667769a2def98a71cff,windows10-64-shippable-qr,True,False,,|c|o|l|d| |f|i|s|s|i|o|n| |i|n|t|e|r|a|c|t|i|v|e| |w|e|b|r|e|n|d|e|r|,102210fe594ee9b33d82058545b1ed14f4c8206e,LastVisualChange,reddit-billgates-post-1.posts,True,reddit-billgates-post-1.posts LastVisualChange opt cold fission webrender,,77,ms,firefox,,1731312961,2023-07-25 14:49:04,524.9,1ae7562fa2353aa63871f769d4e0a1cdd9becf78,1277682,,,,,,,,,,,,,,,,,,,,,,,,,,,,,,,,,,,,,,,,,,,,,,,,,,,,,,,,,,,,,TN,TN
autoland,4060512,13,77a9707257b88d3b15060667769a2def98a71cff,windows10-64-shippable-qr,True,False,,|c|o|l|d| |f|i|s|s|i|o|n| |i|n|t|e|r|a|c|t|i|v|e| |w|e|b|r|e|n|d|e|r|,102210fe594ee9b33d82058545b1ed14f4c8206e,LastVisualChange,reddit-billgates-post-1.posts,True,reddit-billgates-post-1.posts LastVisualChange opt cold fission webrender,,77,ms,firefox,,1731306309,2023-07-25 15:17:56,508.9,c30662ce80ba57a0977cdeb03e776a28af4fa2fb,1277708,,,,,,,,,,,,,,,,,,,,,,,,,,,,,,,,,,,,,,,,,,,,,,,,,,,,,,,,,,,,,TN,TN
autoland,4060512,13,77a9707257b88d3b15060667769a2def98a71cff,windows10-64-shippable-qr,True,False,,|c|o|l|d| |f|i|s|s|i|o|n| |i|n|t|e|r|a|c|t|i|v|e| |w|e|b|r|e|n|d|e|r|,102210fe594ee9b33d82058545b1ed14f4c8206e,LastVisualChange,reddit-billgates-post-1.posts,True,reddit-billgates-post-1.posts LastVisualChange opt cold fission webrender,,77,ms,firefox,,1731451296,2023-07-25 23:05:26,500.5,9a2f59dbe5917068801919377341eb7c1ea2030d,1278011,,,,,,,,,,,,,,,,,,,,,,,,,,,,,,,,,,,,,,,,,,,,,,,,,,,,,,,,,,,,,TN,TN
autoland,4060512,13,77a9707257b88d3b15060667769a2def98a71cff,windows10-64-shippable-qr,True,False,,|c|o|l|d| |f|i|s|s|i|o|n| |i|n|t|e|r|a|c|t|i|v|e| |w|e|b|r|e|n|d|e|r|,102210fe594ee9b33d82058545b1ed14f4c8206e,LastVisualChange,reddit-billgates-post-1.posts,True,reddit-billgates-post-1.posts LastVisualChange opt cold fission webrender,,77,ms,firefox,,1731499796,2023-07-26 02:26:30,524.9,6a9aca2a1b89781175cdec2df700998fa9209282,1278087,,,,,,,,,,,,,,,,,,,,,,,,,,,,,,,,,,,,,,,,,,,,,,,,,,,,,,,,,,,,,TN,TN
autoland,4060512,13,77a9707257b88d3b15060667769a2def98a71cff,windows10-64-shippable-qr,True,False,,|c|o|l|d| |f|i|s|s|i|o|n| |i|n|t|e|r|a|c|t|i|v|e| |w|e|b|r|e|n|d|e|r|,102210fe594ee9b33d82058545b1ed14f4c8206e,LastVisualChange,reddit-billgates-post-1.posts,True,reddit-billgates-post-1.posts LastVisualChange opt cold fission webrender,,77,ms,firefox,,1731537784,2023-07-26 06:49:07,528.2,8470bc21f160f3c1fecb034308c203412e1fcb3c,1278154,,,,,,,,,,,,,,,,,,,,,,,,,,,,,,,,,,,,,,,,,,,,,,,,,,,,,,,,,,,,,TN,TN
autoland,4060512,13,77a9707257b88d3b15060667769a2def98a71cff,windows10-64-shippable-qr,True,False,,|c|o|l|d| |f|i|s|s|i|o|n| |i|n|t|e|r|a|c|t|i|v|e| |w|e|b|r|e|n|d|e|r|,102210fe594ee9b33d82058545b1ed14f4c8206e,LastVisualChange,reddit-billgates-post-1.posts,True,reddit-billgates-post-1.posts LastVisualChange opt cold fission webrender,,77,ms,firefox,,1731597136,2023-07-26 09:35:06,518.5,87846ae3f12d74bcc97619bea65453ce0aca0e54,1278218,,,,,,,,,,,,,,,,,,,,,,,,,,,,,,,,,,,,,,,,,,,,,,,,,,,,,,,,,,,,,TN,TN
autoland,4060512,13,77a9707257b88d3b15060667769a2def98a71cff,windows10-64-shippable-qr,True,False,,|c|o|l|d| |f|i|s|s|i|o|n| |i|n|t|e|r|a|c|t|i|v|e| |w|e|b|r|e|n|d|e|r|,102210fe594ee9b33d82058545b1ed14f4c8206e,LastVisualChange,reddit-billgates-post-1.posts,True,reddit-billgates-post-1.posts LastVisualChange opt cold fission webrender,,77,ms,firefox,,1731783248,2023-07-26 15:38:17,519.2,b65b154c05c37b796b5c0ef7cc01fd37ecfdea1c,1278401,,,,,,,,,,,,,,,,,,,,,,,,,,,,,,,,,,,,,,,,,,,,,,,,,,,,,,,,,,,,,TN,TN
autoland,4060512,13,77a9707257b88d3b15060667769a2def98a71cff,windows10-64-shippable-qr,True,False,,|c|o|l|d| |f|i|s|s|i|o|n| |i|n|t|e|r|a|c|t|i|v|e| |w|e|b|r|e|n|d|e|r|,102210fe594ee9b33d82058545b1ed14f4c8206e,LastVisualChange,reddit-billgates-post-1.posts,True,reddit-billgates-post-1.posts LastVisualChange opt cold fission webrender,,77,ms,firefox,,1731879902,2023-07-26 23:24:58,528.9,84a5d1af6f7ff3689a022412a1fbc2c6632a5f96,1278695,,,,,,,,,,,,,,,,,,,,,,,,,,,,,,,,,,,,,,,,,,,,,,,,,,,,,,,,,,,,,TN,TN
autoland,4060512,13,77a9707257b88d3b15060667769a2def98a71cff,windows10-64-shippable-qr,True,False,,|c|o|l|d| |f|i|s|s|i|o|n| |i|n|t|e|r|a|c|t|i|v|e| |w|e|b|r|e|n|d|e|r|,102210fe594ee9b33d82058545b1ed14f4c8206e,LastVisualChange,reddit-billgates-post-1.posts,True,reddit-billgates-post-1.posts LastVisualChange opt cold fission webrender,,77,ms,firefox,,1731991341,2023-07-27 01:40:00,508.5,3e5ffa17cbfe0cff1585c411714ca008dc6ae15e,1278764,,,,,,,,,,,,,,,,,,,,,,,,,,,,,,,,,,,,,,,,,,,,,,,,,,,,,,,,,,,,,TN,TN
autoland,4060512,13,77a9707257b88d3b15060667769a2def98a71cff,windows10-64-shippable-qr,True,False,,|c|o|l|d| |f|i|s|s|i|o|n| |i|n|t|e|r|a|c|t|i|v|e| |w|e|b|r|e|n|d|e|r|,102210fe594ee9b33d82058545b1ed14f4c8206e,LastVisualChange,reddit-billgates-post-1.posts,True,reddit-billgates-post-1.posts LastVisualChange opt cold fission webrender,,77,ms,firefox,,1732600821,2023-07-27 10:53:12,525.2,49616ee80814eb0968b0e2523383748fdb2c7aad,1278923,,,,,,,,,,,,,,,,,,,,,,,,,,,,,,,,,,,,,,,,,,,,,,,,,,,,,,,,,,,,,TN,TN
autoland,4060512,13,77a9707257b88d3b15060667769a2def98a71cff,windows10-64-shippable-qr,True,False,,|c|o|l|d| |f|i|s|s|i|o|n| |i|n|t|e|r|a|c|t|i|v|e| |w|e|b|r|e|n|d|e|r|,102210fe594ee9b33d82058545b1ed14f4c8206e,LastVisualChange,reddit-billgates-post-1.posts,True,reddit-billgates-post-1.posts LastVisualChange opt cold fission webrender,,77,ms,firefox,,1732137722,2023-07-27 11:30:20,518.5,84800a0d7e6ed9c82449cedd7ba57c2061572292,1278928,,,,,,,,,,,,,,,,,,,,,,,,,,,,,,,,,,,,,,,,,,,,,,,,,,,,,,,,,,,,,TN,TN
autoland,4060512,13,77a9707257b88d3b15060667769a2def98a71cff,windows10-64-shippable-qr,True,False,,|c|o|l|d| |f|i|s|s|i|o|n| |i|n|t|e|r|a|c|t|i|v|e| |w|e|b|r|e|n|d|e|r|,102210fe594ee9b33d82058545b1ed14f4c8206e,LastVisualChange,reddit-billgates-post-1.posts,True,reddit-billgates-post-1.posts LastVisualChange opt cold fission webrender,,77,ms,firefox,,1732426682,2023-07-27 19:34:25,511.8,f50f1984cd54c49748c94ebf3f3709aa4c582ead,1279276,,,,,,,,,,,,,,,,,,,,,,,,,,,,,,,,,,,,,,,,,,,,,,,,,,,,,,,,,,,,,TN,TN
autoland,4060512,13,77a9707257b88d3b15060667769a2def98a71cff,windows10-64-shippable-qr,True,False,,|c|o|l|d| |f|i|s|s|i|o|n| |i|n|t|e|r|a|c|t|i|v|e| |w|e|b|r|e|n|d|e|r|,102210fe594ee9b33d82058545b1ed14f4c8206e,LastVisualChange,reddit-billgates-post-1.posts,True,reddit-billgates-post-1.posts LastVisualChange opt cold fission webrender,,77,ms,firefox,,1732523639,2023-07-27 23:35:22,528.1,0b367e70ac913aeec6308d2b941cff4dc929cd22,1279407,,,,,,,,,,,,,,,,,,,,,,,,,,,,,,,,,,,,,,,,,,,,,,,,,,,,,,,,,,,,,TN,TN
autoland,4060512,13,77a9707257b88d3b15060667769a2def98a71cff,windows10-64-shippable-qr,True,False,,|c|o|l|d| |f|i|s|s|i|o|n| |i|n|t|e|r|a|c|t|i|v|e| |w|e|b|r|e|n|d|e|r|,102210fe594ee9b33d82058545b1ed14f4c8206e,LastVisualChange,reddit-billgates-post-1.posts,True,reddit-billgates-post-1.posts LastVisualChange opt cold fission webrender,,77,ms,firefox,,1732537401,2023-07-28 01:05:08,534.8,36ce680ea81ccb2f123f0f6831596185e6ea4e83,1279448,,,,,,,,,,,,,,,,,,,,,,,,,,,,,,,,,,,,,,,,,,,,,,,,,,,,,,,,,,,,,TN,TN
autoland,4060512,13,77a9707257b88d3b15060667769a2def98a71cff,windows10-64-shippable-qr,True,False,,|c|o|l|d| |f|i|s|s|i|o|n| |i|n|t|e|r|a|c|t|i|v|e| |w|e|b|r|e|n|d|e|r|,102210fe594ee9b33d82058545b1ed14f4c8206e,LastVisualChange,reddit-billgates-post-1.posts,True,reddit-billgates-post-1.posts LastVisualChange opt cold fission webrender,,77,ms,firefox,,1732623080,2023-07-28 05:46:55,555.3,10692fd51184d10f78fb0eb56090f3c55827b561,1279508,,,,,,,,,,,,,,,,,,,,,,,,,,,,,,,,,,,,,,,,,,,,,,,,,,,,,,,,,,,,,TN,TN
autoland,4060512,13,77a9707257b88d3b15060667769a2def98a71cff,windows10-64-shippable-qr,True,False,,|c|o|l|d| |f|i|s|s|i|o|n| |i|n|t|e|r|a|c|t|i|v|e| |w|e|b|r|e|n|d|e|r|,102210fe594ee9b33d82058545b1ed14f4c8206e,LastVisualChange,reddit-billgates-post-1.posts,True,reddit-billgates-post-1.posts LastVisualChange opt cold fission webrender,,77,ms,firefox,,1732754555,2023-07-28 11:09:37,525.5,af33198f4756b96446ab9cb00f77cc6e2b27f314,1279609,,,,,,,,,,,,,,,,,,,,,,,,,,,,,,,,,,,,,,,,,,,,,,,,,,,,,,,,,,,,,TN,TN
autoland,4060512,13,77a9707257b88d3b15060667769a2def98a71cff,windows10-64-shippable-qr,True,False,,|c|o|l|d| |f|i|s|s|i|o|n| |i|n|t|e|r|a|c|t|i|v|e| |w|e|b|r|e|n|d|e|r|,102210fe594ee9b33d82058545b1ed14f4c8206e,LastVisualChange,reddit-billgates-post-1.posts,True,reddit-billgates-post-1.posts LastVisualChange opt cold fission webrender,,77,ms,firefox,,1733061338,2023-07-28 13:57:10,534.2,148b5471e5886061d13d6a4fb357e0791b2afb34,1279692,,,,,,,,,,,,,,,,,,,,,,,,,,,,,,,,,,,,,,,,,,,,,,,,,,,,,,,,,,,,,TN,TN
autoland,4060512,13,77a9707257b88d3b15060667769a2def98a71cff,windows10-64-shippable-qr,True,False,,|c|o|l|d| |f|i|s|s|i|o|n| |i|n|t|e|r|a|c|t|i|v|e| |w|e|b|r|e|n|d|e|r|,102210fe594ee9b33d82058545b1ed14f4c8206e,LastVisualChange,reddit-billgates-post-1.posts,True,reddit-billgates-post-1.posts LastVisualChange opt cold fission webrender,,77,ms,firefox,,1733057534,2023-07-28 14:25:46,534.9,0f04283fe1434b754418b878f1af044b40bfa55d,1279708,,,,,,,,,,,,,,,,,,,,,,,,,,,,,,,,,,,,,,,,,,,,,,,,,,,,,,,,,,,,,TN,TN
autoland,4060512,13,77a9707257b88d3b15060667769a2def98a71cff,windows10-64-shippable-qr,True,False,,|c|o|l|d| |f|i|s|s|i|o|n| |i|n|t|e|r|a|c|t|i|v|e| |w|e|b|r|e|n|d|e|r|,102210fe594ee9b33d82058545b1ed14f4c8206e,LastVisualChange,reddit-billgates-post-1.posts,True,reddit-billgates-post-1.posts LastVisualChange opt cold fission webrender,,77,ms,firefox,,1732854584,2023-07-28 14:46:21,522.3,08098e30932d89da82f6e452fff88fee938088d7,1279720,,,,,,,,,,,,,,,,,,,,,,,,,,,,,,,,,,,,,,,,,,,,,,,,,,,,,,,,,,,,,TN,TN
autoland,4060512,13,77a9707257b88d3b15060667769a2def98a71cff,windows10-64-shippable-qr,True,False,,|c|o|l|d| |f|i|s|s|i|o|n| |i|n|t|e|r|a|c|t|i|v|e| |w|e|b|r|e|n|d|e|r|,102210fe594ee9b33d82058545b1ed14f4c8206e,LastVisualChange,reddit-billgates-post-1.posts,True,reddit-billgates-post-1.posts LastVisualChange opt cold fission webrender,,77,ms,firefox,,1732950031,2023-07-28 18:48:27,512.4,2f51f44f5da6afbdb8a587b03f47fcdc7b672475,1279862,,,,,,,,,,,,,,,,,,,,,,,,,,,,,,,,,,,,,,,,,,,,,,,,,,,,,,,,,,,,,TN,TN
autoland,4060512,13,77a9707257b88d3b15060667769a2def98a71cff,windows10-64-shippable-qr,True,False,,|c|o|l|d| |f|i|s|s|i|o|n| |i|n|t|e|r|a|c|t|i|v|e| |w|e|b|r|e|n|d|e|r|,102210fe594ee9b33d82058545b1ed14f4c8206e,LastVisualChange,reddit-billgates-post-1.posts,True,reddit-billgates-post-1.posts LastVisualChange opt cold fission webrender,,77,ms,firefox,,1733003670,2023-07-28 22:56:39,528.4,95255b6bb2d51d6c10d6a3471da82aeaf7512c0f,1279985,,,,,,,,,,,,,,,,,,,,,,,,,,,,,,,,,,,,,,,,,,,,,,,,,,,,,,,,,,,,,TN,TN
autoland,4060512,13,77a9707257b88d3b15060667769a2def98a71cff,windows10-64-shippable-qr,True,False,,|c|o|l|d| |f|i|s|s|i|o|n| |i|n|t|e|r|a|c|t|i|v|e| |w|e|b|r|e|n|d|e|r|,102210fe594ee9b33d82058545b1ed14f4c8206e,LastVisualChange,reddit-billgates-post-1.posts,True,reddit-billgates-post-1.posts LastVisualChange opt cold fission webrender,,77,ms,firefox,,1733045509,2023-07-29 03:44:49,542.2,1c410aed156878dc739ffdb4343c315fb0bb0a00,1280031,,,,,,,,,,,,,,,,,,,,,,,,,,,,,,,,,,,,,,,,,,,,,,,,,,,,,,,,,,,,,TN,TN
autoland,4060512,13,77a9707257b88d3b15060667769a2def98a71cff,windows10-64-shippable-qr,True,False,,|c|o|l|d| |f|i|s|s|i|o|n| |i|n|t|e|r|a|c|t|i|v|e| |w|e|b|r|e|n|d|e|r|,102210fe594ee9b33d82058545b1ed14f4c8206e,LastVisualChange,reddit-billgates-post-1.posts,True,reddit-billgates-post-1.posts LastVisualChange opt cold fission webrender,,77,ms,firefox,,1733106153,2023-07-29 09:43:33,528.7,5f1e1cd609f68ff20fbea6b02e5a3444f7dd303d,1280059,,,,,,,,,,,,,,,,,,,,,,,,,,,,,,,,,,,,,,,,,,,,,,,,,,,,,,,,,,,,,TN,TN
autoland,4060512,13,77a9707257b88d3b15060667769a2def98a71cff,windows10-64-shippable-qr,True,False,,|c|o|l|d| |f|i|s|s|i|o|n| |i|n|t|e|r|a|c|t|i|v|e| |w|e|b|r|e|n|d|e|r|,102210fe594ee9b33d82058545b1ed14f4c8206e,LastVisualChange,reddit-billgates-post-1.posts,True,reddit-billgates-post-1.posts LastVisualChange opt cold fission webrender,,77,ms,firefox,,1733211466,2023-07-30 01:23:54,548.3,9a9597eb50561ea739c8a26da45dcbad6557a326,1280105,,,,,,,,,,,,,,,,,,,,,,,,,,,,,,,,,,,,,,,,,,,,,,,,,,,,,,,,,,,,,TN,TN
autoland,4060512,13,77a9707257b88d3b15060667769a2def98a71cff,windows10-64-shippable-qr,True,False,,|c|o|l|d| |f|i|s|s|i|o|n| |i|n|t|e|r|a|c|t|i|v|e| |w|e|b|r|e|n|d|e|r|,102210fe594ee9b33d82058545b1ed14f4c8206e,LastVisualChange,reddit-billgates-post-1.posts,True,reddit-billgates-post-1.posts LastVisualChange opt cold fission webrender,,77,ms,firefox,,1733269009,2023-07-30 13:52:06,534.9,ce5b2b0d4bc01294b78eeb50a7738e0b5755b3a4,1280125,,,,,,,,,,,,,,,,,,,,,,,,,,,,,,,,,,,,,,,,,,,,,,,,,,,,,,,,,,,,,TN,TN
autoland,4060512,13,77a9707257b88d3b15060667769a2def98a71cff,windows10-64-shippable-qr,True,False,,|c|o|l|d| |f|i|s|s|i|o|n| |i|n|t|e|r|a|c|t|i|v|e| |w|e|b|r|e|n|d|e|r|,102210fe594ee9b33d82058545b1ed14f4c8206e,LastVisualChange,reddit-billgates-post-1.posts,True,reddit-billgates-post-1.posts LastVisualChange opt cold fission webrender,,77,ms,firefox,,1733339450,2023-07-31 04:52:45,528.7,91dd0dbb8e738b29e6f14bdbaaf28f2b1f531b2b,1280185,,,,,,,,,,,,,,,,,,,,,,,,,,,,,,,,,,,,,,,,,,,,,,,,,,,,,,,,,,,,,TN,TN
autoland,4060512,13,77a9707257b88d3b15060667769a2def98a71cff,windows10-64-shippable-qr,True,False,,|c|o|l|d| |f|i|s|s|i|o|n| |i|n|t|e|r|a|c|t|i|v|e| |w|e|b|r|e|n|d|e|r|,102210fe594ee9b33d82058545b1ed14f4c8206e,LastVisualChange,reddit-billgates-post-1.posts,True,reddit-billgates-post-1.posts LastVisualChange opt cold fission webrender,,77,ms,firefox,,1733452925,2023-07-31 09:26:34,514.7,2b4f8ad0cecd1e9ce287bf572fd28b8b94d91717,1280244,,,,,,,,,,,,,,,,,,,,,,,,,,,,,,,,,,,,,,,,,,,,,,,,,,,,,,,,,,,,,TN,TN
autoland,4060512,13,77a9707257b88d3b15060667769a2def98a71cff,windows10-64-shippable-qr,True,False,,|c|o|l|d| |f|i|s|s|i|o|n| |i|n|t|e|r|a|c|t|i|v|e| |w|e|b|r|e|n|d|e|r|,102210fe594ee9b33d82058545b1ed14f4c8206e,LastVisualChange,reddit-billgates-post-1.posts,True,reddit-billgates-post-1.posts LastVisualChange opt cold fission webrender,,77,ms,firefox,,1733467975,2023-07-31 10:39:42,526.2,805b1cd5321098059e548eed4aa9db6f43cd833e,1280276,,,,,,,,,,,,,,,,,,,,,,,,,,,,,,,,,,,,,,,,,,,,,,,,,,,,,,,,,,,,,TN,TN
autoland,4060512,13,77a9707257b88d3b15060667769a2def98a71cff,windows10-64-shippable-qr,True,False,,|c|o|l|d| |f|i|s|s|i|o|n| |i|n|t|e|r|a|c|t|i|v|e| |w|e|b|r|e|n|d|e|r|,102210fe594ee9b33d82058545b1ed14f4c8206e,LastVisualChange,reddit-billgates-post-1.posts,True,reddit-billgates-post-1.posts LastVisualChange opt cold fission webrender,,77,ms,firefox,,1733604141,2023-07-31 14:45:15,521.5,7cad7000bc1c51f14ca241ac2aa08ac299612b8c,1280380,,,,,,,,,,,,,,,,,,,,,,,,,,,,,,,,,,,,,,,,,,,,,,,,,,,,,,,,,,,,,TN,TN
autoland,4060512,13,77a9707257b88d3b15060667769a2def98a71cff,windows10-64-shippable-qr,True,False,,|c|o|l|d| |f|i|s|s|i|o|n| |i|n|t|e|r|a|c|t|i|v|e| |w|e|b|r|e|n|d|e|r|,102210fe594ee9b33d82058545b1ed14f4c8206e,LastVisualChange,reddit-billgates-post-1.posts,True,reddit-billgates-post-1.posts LastVisualChange opt cold fission webrender,,77,ms,firefox,,1733954247,2023-07-31 14:55:33,522.4,9e236040dbebcbd0457b0eeedbe2f9c748222f7e,1280390,,,,,,,,,,,,,,,,,,,,,,,,,,,,,,,,,,,,,,,,,,,,,,,,,,,,,,,,,,,,,TN,TN
autoland,4060512,13,77a9707257b88d3b15060667769a2def98a71cff,windows10-64-shippable-qr,True,False,,|c|o|l|d| |f|i|s|s|i|o|n| |i|n|t|e|r|a|c|t|i|v|e| |w|e|b|r|e|n|d|e|r|,102210fe594ee9b33d82058545b1ed14f4c8206e,LastVisualChange,reddit-billgates-post-1.posts,True,reddit-billgates-post-1.posts LastVisualChange opt cold fission webrender,,77,ms,firefox,,1733923334,2023-07-31 15:11:07,528.6,546ff8a87052dd519d6886aaf27a95450b6e4444,1280402,,,,,,,,,,,,,,,,,,,,,,,,,,,,,,,,,,,,,,,,,,,,,,,,,,,,,,,,,,,,,TN,TN
autoland,4060512,13,77a9707257b88d3b15060667769a2def98a71cff,windows10-64-shippable-qr,True,False,,|c|o|l|d| |f|i|s|s|i|o|n| |i|n|t|e|r|a|c|t|i|v|e| |w|e|b|r|e|n|d|e|r|,102210fe594ee9b33d82058545b1ed14f4c8206e,LastVisualChange,reddit-billgates-post-1.posts,True,reddit-billgates-post-1.posts LastVisualChange opt cold fission webrender,,77,ms,firefox,,1733607712,2023-07-31 16:08:26,514.6,0a238650aa096b0da883226d02d11fc5178541f3,1280438,,,,,,,,,,,,,,,,,,,,,,,,,,,,,,,,,,,,,,,,,,,,,,,,,,,,,,,,,,,,,TN,TN
autoland,4060512,13,77a9707257b88d3b15060667769a2def98a71cff,windows10-64-shippable-qr,True,False,,|c|o|l|d| |f|i|s|s|i|o|n| |i|n|t|e|r|a|c|t|i|v|e| |w|e|b|r|e|n|d|e|r|,102210fe594ee9b33d82058545b1ed14f4c8206e,LastVisualChange,reddit-billgates-post-1.posts,True,reddit-billgates-post-1.posts LastVisualChange opt cold fission webrender,,77,ms,firefox,,1733767677,2023-07-31 21:31:29,524.2,2d698aca1dece26df297dd085dbde9216e3b2e66,1280612,,,,,,,,,,,,,,,,,,,,,,,,,,,,,,,,,,,,,,,,,,,,,,,,,,,,,,,,,,,,,TN,TN
autoland,4060512,13,77a9707257b88d3b15060667769a2def98a71cff,windows10-64-shippable-qr,True,False,,|c|o|l|d| |f|i|s|s|i|o|n| |i|n|t|e|r|a|c|t|i|v|e| |w|e|b|r|e|n|d|e|r|,102210fe594ee9b33d82058545b1ed14f4c8206e,LastVisualChange,reddit-billgates-post-1.posts,True,reddit-billgates-post-1.posts LastVisualChange opt cold fission webrender,,77,ms,firefox,,1733717787,2023-07-31 21:34:42,541.9,28250de453513da3369c412cbce0f35b97146bec,1280618,,,,,,,,,,,,,,,,,,,,,,,,,,,,,,,,,,,,,,,,,,,,,,,,,,,,,,,,,,,,,TN,TN
autoland,4060512,13,77a9707257b88d3b15060667769a2def98a71cff,windows10-64-shippable-qr,True,False,,|c|o|l|d| |f|i|s|s|i|o|n| |i|n|t|e|r|a|c|t|i|v|e| |w|e|b|r|e|n|d|e|r|,102210fe594ee9b33d82058545b1ed14f4c8206e,LastVisualChange,reddit-billgates-post-1.posts,True,reddit-billgates-post-1.posts LastVisualChange opt cold fission webrender,,77,ms,firefox,,1733815498,2023-07-31 23:41:21,539.1,195161a06a7a71dbce0ee5e8ddb8c84f3cb03df7,1280694,,,,,,,,,,,,,,,,,,,,,,,,,,,,,,,,,,,,,,,,,,,,,,,,,,,,,,,,,,,,,TN,TN
autoland,4060512,13,77a9707257b88d3b15060667769a2def98a71cff,windows10-64-shippable-qr,True,False,,|c|o|l|d| |f|i|s|s|i|o|n| |i|n|t|e|r|a|c|t|i|v|e| |w|e|b|r|e|n|d|e|r|,102210fe594ee9b33d82058545b1ed14f4c8206e,LastVisualChange,reddit-billgates-post-1.posts,True,reddit-billgates-post-1.posts LastVisualChange opt cold fission webrender,,77,ms,firefox,,1733862988,2023-08-01 03:53:20,521.6,ca66ac527c958bd3f26f8c86f291fa85de21ec56,1280753,,,,,,,,,,,,,,,,,,,,,,,,,,,,,,,,,,,,,,,,,,,,,,,,,,,,,,,,,,,,,TN,TN
autoland,4060512,13,77a9707257b88d3b15060667769a2def98a71cff,windows10-64-shippable-qr,True,False,,|c|o|l|d| |f|i|s|s|i|o|n| |i|n|t|e|r|a|c|t|i|v|e| |w|e|b|r|e|n|d|e|r|,102210fe594ee9b33d82058545b1ed14f4c8206e,LastVisualChange,reddit-billgates-post-1.posts,True,reddit-billgates-post-1.posts LastVisualChange opt cold fission webrender,,77,ms,firefox,,1733913773,2023-08-01 04:02:13,528.0,d5ecff066adaf3a4029a970db93a9f23f1ed2587,1280758,,,,,,,,,,,,,,,,,,,,,,,,,,,,,,,,,,,,,,,,,,,,,,,,,,,,,,,,,,,,,TN,TN
autoland,4060512,13,77a9707257b88d3b15060667769a2def98a71cff,windows10-64-shippable-qr,True,False,,|c|o|l|d| |f|i|s|s|i|o|n| |i|n|t|e|r|a|c|t|i|v|e| |w|e|b|r|e|n|d|e|r|,102210fe594ee9b33d82058545b1ed14f4c8206e,LastVisualChange,reddit-billgates-post-1.posts,True,reddit-billgates-post-1.posts LastVisualChange opt cold fission webrender,,77,ms,firefox,,1734013641,2023-08-01 08:15:56,518.9,5201d6f4a7e8740bd42f08295800c15e0e18cd7e,1280812,,,,,,,,,,,,,,,,,,,,,,,,,,,,,,,,,,,,,,,,,,,,,,,,,,,,,,,,,,,,,TN,TN
autoland,4060512,13,77a9707257b88d3b15060667769a2def98a71cff,windows10-64-shippable-qr,True,False,,|c|o|l|d| |f|i|s|s|i|o|n| |i|n|t|e|r|a|c|t|i|v|e| |w|e|b|r|e|n|d|e|r|,102210fe594ee9b33d82058545b1ed14f4c8206e,LastVisualChange,reddit-billgates-post-1.posts,True,reddit-billgates-post-1.posts LastVisualChange opt cold fission webrender,,77,ms,firefox,,1734022125,2023-08-01 08:24:47,515.2,b83cfea645752706c643567095d49b349cb9e610,1280822,,,,,,,,,,,,,,,,,,,,,,,,,,,,,,,,,,,,,,,,,,,,,,,,,,,,,,,,,,,,,TN,TN
autoland,4060512,13,77a9707257b88d3b15060667769a2def98a71cff,windows10-64-shippable-qr,True,False,,|c|o|l|d| |f|i|s|s|i|o|n| |i|n|t|e|r|a|c|t|i|v|e| |w|e|b|r|e|n|d|e|r|,102210fe594ee9b33d82058545b1ed14f4c8206e,LastVisualChange,reddit-billgates-post-1.posts,True,reddit-billgates-post-1.posts LastVisualChange opt cold fission webrender,,77,ms,firefox,,1734082692,2023-08-01 12:32:45,515.8,90b19e0d07e5d2cd137f135b860f0357df90e338,1280938,,,,,,,,,,,,,,,,,,,,,,,,,,,,,,,,,,,,,,,,,,,,,,,,,,,,,,,,,,,,,TN,TN
autoland,4060512,13,77a9707257b88d3b15060667769a2def98a71cff,windows10-64-shippable-qr,True,False,,|c|o|l|d| |f|i|s|s|i|o|n| |i|n|t|e|r|a|c|t|i|v|e| |w|e|b|r|e|n|d|e|r|,102210fe594ee9b33d82058545b1ed14f4c8206e,LastVisualChange,reddit-billgates-post-1.posts,True,reddit-billgates-post-1.posts LastVisualChange opt cold fission webrender,,77,ms,firefox,,1734088877,2023-08-01 12:49:44,504.1,61356e1447e3bb09709883f8b5806a201d39c5a4,1280953,,,,,,,,,,,,,,,,,,,,,,,,,,,,,,,,,,,,,,,,,,,,,,,,,,,,,,,,,,,,,TN,TN
autoland,4060512,13,77a9707257b88d3b15060667769a2def98a71cff,windows10-64-shippable-qr,True,False,,|c|o|l|d| |f|i|s|s|i|o|n| |i|n|t|e|r|a|c|t|i|v|e| |w|e|b|r|e|n|d|e|r|,102210fe594ee9b33d82058545b1ed14f4c8206e,LastVisualChange,reddit-billgates-post-1.posts,True,reddit-billgates-post-1.posts LastVisualChange opt cold fission webrender,,77,ms,firefox,,1734150123,2023-08-01 15:48:38,535.4,ea7df1f8976b5cdf0d7ddbc918c38d7fffcee983,1281058,,,,,,,,,,,,,,,,,,,,,,,,,,,,,,,,,,,,,,,,,,,,,,,,,,,,,,,,,,,,,TN,TN
autoland,4060512,13,77a9707257b88d3b15060667769a2def98a71cff,windows10-64-shippable-qr,True,False,,|c|o|l|d| |f|i|s|s|i|o|n| |i|n|t|e|r|a|c|t|i|v|e| |w|e|b|r|e|n|d|e|r|,102210fe594ee9b33d82058545b1ed14f4c8206e,LastVisualChange,reddit-billgates-post-1.posts,True,reddit-billgates-post-1.posts LastVisualChange opt cold fission webrender,,77,ms,firefox,,1734349238,2023-08-01 20:02:17,545.6,fd6f3d21ce3f450906d293c067fdadc62ea991a6,1281212,,,,,,,,,,,,,,,,,,,,,,,,,,,,,,,,,,,,,,,,,,,,,,,,,,,,,,,,,,,,,TN,TN
autoland,4060512,13,77a9707257b88d3b15060667769a2def98a71cff,windows10-64-shippable-qr,True,False,,|c|o|l|d| |f|i|s|s|i|o|n| |i|n|t|e|r|a|c|t|i|v|e| |w|e|b|r|e|n|d|e|r|,102210fe594ee9b33d82058545b1ed14f4c8206e,LastVisualChange,reddit-billgates-post-1.posts,True,reddit-billgates-post-1.posts LastVisualChange opt cold fission webrender,,77,ms,firefox,,1734393637,2023-08-02 00:13:38,502.2,323a980eddb18489b9d7de1ffeff427026574b4c,1281337,,,,,,,,,,,,,,,,,,,,,,,,,,,,,,,,,,,,,,,,,,,,,,,,,,,,,,,,,,,,,TN,TN
autoland,4060512,13,77a9707257b88d3b15060667769a2def98a71cff,windows10-64-shippable-qr,True,False,,|c|o|l|d| |f|i|s|s|i|o|n| |i|n|t|e|r|a|c|t|i|v|e| |w|e|b|r|e|n|d|e|r|,102210fe594ee9b33d82058545b1ed14f4c8206e,LastVisualChange,reddit-billgates-post-1.posts,True,reddit-billgates-post-1.posts LastVisualChange opt cold fission webrender,,77,ms,firefox,,1734596304,2023-08-02 06:07:22,506.0,7ee1dad073d03db2f730fd5c2baf77f37e458feb,1281414,,,,,,,,,,,,,,,,,,,,,,,,,,,,,,,,,,,,,,,,,,,,,,,,,,,,,,,,,,,,,TN,TN
autoland,4060512,13,77a9707257b88d3b15060667769a2def98a71cff,windows10-64-shippable-qr,True,False,,|c|o|l|d| |f|i|s|s|i|o|n| |i|n|t|e|r|a|c|t|i|v|e| |w|e|b|r|e|n|d|e|r|,102210fe594ee9b33d82058545b1ed14f4c8206e,LastVisualChange,reddit-billgates-post-1.posts,True,reddit-billgates-post-1.posts LastVisualChange opt cold fission webrender,,77,ms,firefox,,1734541866,2023-08-02 06:35:09,541.7,a8968f9e8cf0bba14f132004f11b34a8abb93165,1281421,,,,,,,,,,,,,,,,,,,,,,,,,,,,,,,,,,,,,,,,,,,,,,,,,,,,,,,,,,,,,TN,TN
autoland,4060512,13,77a9707257b88d3b15060667769a2def98a71cff,windows10-64-shippable-qr,True,False,,|c|o|l|d| |f|i|s|s|i|o|n| |i|n|t|e|r|a|c|t|i|v|e| |w|e|b|r|e|n|d|e|r|,102210fe594ee9b33d82058545b1ed14f4c8206e,LastVisualChange,reddit-billgates-post-1.posts,True,reddit-billgates-post-1.posts LastVisualChange opt cold fission webrender,,77,ms,firefox,,1734601095,2023-08-02 10:39:12,498.1,338c2c8d91af0f92fa1a7a3b5fb1830adb54b373,1281520,,,,,,,,,,,,,,,,,,,,,,,,,,,,,,,,,,,,,,,,,,,,,,,,,,,,,,,,,,,,,TN,TN
autoland,4060512,13,77a9707257b88d3b15060667769a2def98a71cff,windows10-64-shippable-qr,True,False,,|c|o|l|d| |f|i|s|s|i|o|n| |i|n|t|e|r|a|c|t|i|v|e| |w|e|b|r|e|n|d|e|r|,102210fe594ee9b33d82058545b1ed14f4c8206e,LastVisualChange,reddit-billgates-post-1.posts,True,reddit-billgates-post-1.posts LastVisualChange opt cold fission webrender,,77,ms,firefox,,1734637380,2023-08-02 12:59:29,510.7,b21c8906db6d0a7e0fbae7e609d90da9cf977fbb,1281568,,,,,,,,,,,,,,,,,,,,,,,,,,,,,,,,,,,,,,,,,,,,,,,,,,,,,,,,,,,,,TN,TN
autoland,4060512,13,77a9707257b88d3b15060667769a2def98a71cff,windows10-64-shippable-qr,True,False,,|c|o|l|d| |f|i|s|s|i|o|n| |i|n|t|e|r|a|c|t|i|v|e| |w|e|b|r|e|n|d|e|r|,102210fe594ee9b33d82058545b1ed14f4c8206e,LastVisualChange,reddit-billgates-post-1.posts,True,reddit-billgates-post-1.posts LastVisualChange opt cold fission webrender,,77,ms,firefox,,1735133464,2023-08-02 15:00:42,521.1,493b4e3a7627b3c038bbe926859df076a3342ea8,1281631,,,,,,,,,,,,,,,,,,,,,,,,,,,,,,,,,,,,,,,,,,,,,,,,,,,,,,,,,,,,,TN,TN
autoland,4060512,13,77a9707257b88d3b15060667769a2def98a71cff,windows10-64-shippable-qr,True,False,,|c|o|l|d| |f|i|s|s|i|o|n| |i|n|t|e|r|a|c|t|i|v|e| |w|e|b|r|e|n|d|e|r|,102210fe594ee9b33d82058545b1ed14f4c8206e,LastVisualChange,reddit-billgates-post-1.posts,True,reddit-billgates-post-1.posts LastVisualChange opt cold fission webrender,,77,ms,firefox,,1735131171,2023-08-02 15:15:11,529.2,5bbb73c8e08703a3e4c2b27d5e12e123ae7f8946,1281640,,,,,,,,,,,,,,,,,,,,,,,,,,,,,,,,,,,,,,,,,,,,,,,,,,,,,,,,,,,,,TN,TN
autoland,4060512,13,77a9707257b88d3b15060667769a2def98a71cff,windows10-64-shippable-qr,True,False,,|c|o|l|d| |f|i|s|s|i|o|n| |i|n|t|e|r|a|c|t|i|v|e| |w|e|b|r|e|n|d|e|r|,102210fe594ee9b33d82058545b1ed14f4c8206e,LastVisualChange,reddit-billgates-post-1.posts,True,reddit-billgates-post-1.posts LastVisualChange opt cold fission webrender,,77,ms,firefox,,1734718335,2023-08-02 16:29:38,522.1,90ca26ab8ee142d08164d3ed9761aa023bc4e2aa,1281697,,,,,,,,,,,,,,,,,,,,,,,,,,,,,,,,,,,,,,,,,,,,,,,,,,,,,,,,,,,,,TN,TN
autoland,4060512,13,77a9707257b88d3b15060667769a2def98a71cff,windows10-64-shippable-qr,True,False,,|c|o|l|d| |f|i|s|s|i|o|n| |i|n|t|e|r|a|c|t|i|v|e| |w|e|b|r|e|n|d|e|r|,102210fe594ee9b33d82058545b1ed14f4c8206e,LastVisualChange,reddit-billgates-post-1.posts,True,reddit-billgates-post-1.posts LastVisualChange opt cold fission webrender,,77,ms,firefox,,1735052081,2023-08-03 00:54:50,509.2,9836af94c959ecca4666d7f0c19125b41969ff65,1282044,,,,,,,,,,,,,,,,,,,,,,,,,,,,,,,,,,,,,,,,,,,,,,,,,,,,,,,,,,,,,TN,TN
autoland,4060512,13,77a9707257b88d3b15060667769a2def98a71cff,windows10-64-shippable-qr,True,False,,|c|o|l|d| |f|i|s|s|i|o|n| |i|n|t|e|r|a|c|t|i|v|e| |w|e|b|r|e|n|d|e|r|,102210fe594ee9b33d82058545b1ed14f4c8206e,LastVisualChange,reddit-billgates-post-1.posts,True,reddit-billgates-post-1.posts LastVisualChange opt cold fission webrender,,77,ms,firefox,,1735028896,2023-08-03 00:55:51,521.4,c37e853eb755f0f4110f01509516da8c93baf284,1282045,,,,,,,,,,,,,,,,,,,,,,,,,,,,,,,,,,,,,,,,,,,,,,,,,,,,,,,,,,,,,TN,TN
autoland,4060512,13,77a9707257b88d3b15060667769a2def98a71cff,windows10-64-shippable-qr,True,False,,|c|o|l|d| |f|i|s|s|i|o|n| |i|n|t|e|r|a|c|t|i|v|e| |w|e|b|r|e|n|d|e|r|,102210fe594ee9b33d82058545b1ed14f4c8206e,LastVisualChange,reddit-billgates-post-1.posts,True,reddit-billgates-post-1.posts LastVisualChange opt cold fission webrender,,77,ms,firefox,,1735152923,2023-08-03 05:32:27,528.4,1eb2f6905e74aa982d6b71bec524ccfde726bb7b,1282117,,,,,,,,,,,,,,,,,,,,,,,,,,,,,,,,,,,,,,,,,,,,,,,,,,,,,,,,,,,,,TN,TN
autoland,4060512,13,77a9707257b88d3b15060667769a2def98a71cff,windows10-64-shippable-qr,True,False,,|c|o|l|d| |f|i|s|s|i|o|n| |i|n|t|e|r|a|c|t|i|v|e| |w|e|b|r|e|n|d|e|r|,102210fe594ee9b33d82058545b1ed14f4c8206e,LastVisualChange,reddit-billgates-post-1.posts,True,reddit-billgates-post-1.posts LastVisualChange opt cold fission webrender,,77,ms,firefox,,1735237115,2023-08-03 09:35:33,515.7,6f55c55c40c70eff3b82d3129f516257598ea115,1282197,,,,,,,,,,,,,,,,,,,,,,,,,,,,,,,,,,,,,,,,,,,,,,,,,,,,,,,,,,,,,TN,TN
autoland,4060512,13,77a9707257b88d3b15060667769a2def98a71cff,windows10-64-shippable-qr,True,False,,|c|o|l|d| |f|i|s|s|i|o|n| |i|n|t|e|r|a|c|t|i|v|e| |w|e|b|r|e|n|d|e|r|,102210fe594ee9b33d82058545b1ed14f4c8206e,LastVisualChange,reddit-billgates-post-1.posts,True,reddit-billgates-post-1.posts LastVisualChange opt cold fission webrender,,77,ms,firefox,,1735274517,2023-08-03 11:38:24,521.3,9a8ae552959ec73c3546151f30d131552d64bce0,1282235,,,,,,,,,,,,,,,,,,,,,,,,,,,,,,,,,,,,,,,,,,,,,,,,,,,,,,,,,,,,,TN,TN
autoland,4060512,13,77a9707257b88d3b15060667769a2def98a71cff,windows10-64-shippable-qr,True,False,,|c|o|l|d| |f|i|s|s|i|o|n| |i|n|t|e|r|a|c|t|i|v|e| |w|e|b|r|e|n|d|e|r|,102210fe594ee9b33d82058545b1ed14f4c8206e,LastVisualChange,reddit-billgates-post-1.posts,True,reddit-billgates-post-1.posts LastVisualChange opt cold fission webrender,,77,ms,firefox,,1735460031,2023-08-03 15:46:38,491.6,b801323d1ecc3535a192916c7cb0575710458777,1282361,,,,,,,,,,,,,,,,,,,,,,,,,,,,,,,,,,,,,,,,,,,,,,,,,,,,,,,,,,,,,TN,TN
autoland,4060512,13,77a9707257b88d3b15060667769a2def98a71cff,windows10-64-shippable-qr,True,False,,|c|o|l|d| |f|i|s|s|i|o|n| |i|n|t|e|r|a|c|t|i|v|e| |w|e|b|r|e|n|d|e|r|,102210fe594ee9b33d82058545b1ed14f4c8206e,LastVisualChange,reddit-billgates-post-1.posts,True,reddit-billgates-post-1.posts LastVisualChange opt cold fission webrender,,77,ms,firefox,,1735429811,2023-08-03 16:00:50,525.6,58d067f89f59472dc1a89d573ccebb4850863efa,1282374,,,,,,,,,,,,,,,,,,,,,,,,,,,,,,,,,,,,,,,,,,,,,,,,,,,,,,,,,,,,,TN,TN
autoland,4060512,13,77a9707257b88d3b15060667769a2def98a71cff,windows10-64-shippable-qr,True,False,,|c|o|l|d| |f|i|s|s|i|o|n| |i|n|t|e|r|a|c|t|i|v|e| |w|e|b|r|e|n|d|e|r|,102210fe594ee9b33d82058545b1ed14f4c8206e,LastVisualChange,reddit-billgates-post-1.posts,True,reddit-billgates-post-1.posts LastVisualChange opt cold fission webrender,,77,ms,firefox,,1735542533,2023-08-03 19:10:36,530.8,8527a2500a35867e4319772e3be1f2756dfcfced,1282500,,,,,,,,,,,,,,,,,,,,,,,,,,,,,,,,,,,,,,,,,,,,,,,,,,,,,,,,,,,,,TN,TN
autoland,4060512,13,77a9707257b88d3b15060667769a2def98a71cff,windows10-64-shippable-qr,True,False,,|c|o|l|d| |f|i|s|s|i|o|n| |i|n|t|e|r|a|c|t|i|v|e| |w|e|b|r|e|n|d|e|r|,102210fe594ee9b33d82058545b1ed14f4c8206e,LastVisualChange,reddit-billgates-post-1.posts,True,reddit-billgates-post-1.posts LastVisualChange opt cold fission webrender,,77,ms,firefox,,1735684099,2023-08-03 22:02:40,512.5,3922ccc760667154aea7a174114abfacb17fe35e,1282606,,,,,,,,,,,,,,,,,,,,,,,,,,,,,,,,,,,,,,,,,,,,,,,,,,,,,,,,,,,,,TN,TN
autoland,4060512,13,77a9707257b88d3b15060667769a2def98a71cff,windows10-64-shippable-qr,True,False,,|c|o|l|d| |f|i|s|s|i|o|n| |i|n|t|e|r|a|c|t|i|v|e| |w|e|b|r|e|n|d|e|r|,102210fe594ee9b33d82058545b1ed14f4c8206e,LastVisualChange,reddit-billgates-post-1.posts,True,reddit-billgates-post-1.posts LastVisualChange opt cold fission webrender,,77,ms,firefox,,1735721562,2023-08-04 02:28:33,525.1,2b60f9868271a131fa342332b78f3968159fa46e,1282715,,,,,,,,,,,,,,,,,,,,,,,,,,,,,,,,,,,,,,,,,,,,,,,,,,,,,,,,,,,,,TN,TN
autoland,4060512,13,77a9707257b88d3b15060667769a2def98a71cff,windows10-64-shippable-qr,True,False,,|c|o|l|d| |f|i|s|s|i|o|n| |i|n|t|e|r|a|c|t|i|v|e| |w|e|b|r|e|n|d|e|r|,102210fe594ee9b33d82058545b1ed14f4c8206e,LastVisualChange,reddit-billgates-post-1.posts,True,reddit-billgates-post-1.posts LastVisualChange opt cold fission webrender,,77,ms,firefox,,1735847209,2023-08-04 06:28:57,538.8,94da8bb07baea6212776a4b3ddcebff2c08eab98,1282781,,,,,,,,,,,,,,,,,,,,,,,,,,,,,,,,,,,,,,,,,,,,,,,,,,,,,,,,,,,,,TN,TN
autoland,4060512,13,77a9707257b88d3b15060667769a2def98a71cff,windows10-64-shippable-qr,True,False,,|c|o|l|d| |f|i|s|s|i|o|n| |i|n|t|e|r|a|c|t|i|v|e| |w|e|b|r|e|n|d|e|r|,102210fe594ee9b33d82058545b1ed14f4c8206e,LastVisualChange,reddit-billgates-post-1.posts,True,reddit-billgates-post-1.posts LastVisualChange opt cold fission webrender,,77,ms,firefox,,1735865435,2023-08-04 09:04:37,528.9,386212864d07a46141ce5bca1ef4988cefa4bad7,1282830,,,,,,,,,,,,,,,,,,,,,,,,,,,,,,,,,,,,,,,,,,,,,,,,,,,,,,,,,,,,,TN,TN
autoland,4060512,13,77a9707257b88d3b15060667769a2def98a71cff,windows10-64-shippable-qr,True,False,,|c|o|l|d| |f|i|s|s|i|o|n| |i|n|t|e|r|a|c|t|i|v|e| |w|e|b|r|e|n|d|e|r|,102210fe594ee9b33d82058545b1ed14f4c8206e,LastVisualChange,reddit-billgates-post-1.posts,True,reddit-billgates-post-1.posts LastVisualChange opt cold fission webrender,,77,ms,firefox,,1736003446,2023-08-04 13:05:51,518.7,3a8e173a97d02ae7b0aa11e9ca6f35b1fe8fa926,1282936,,,,,,,,,,,,,,,,,,,,,,,,,,,,,,,,,,,,,,,,,,,,,,,,,,,,,,,,,,,,,TN,TN
autoland,4060512,13,77a9707257b88d3b15060667769a2def98a71cff,windows10-64-shippable-qr,True,False,,|c|o|l|d| |f|i|s|s|i|o|n| |i|n|t|e|r|a|c|t|i|v|e| |w|e|b|r|e|n|d|e|r|,102210fe594ee9b33d82058545b1ed14f4c8206e,LastVisualChange,reddit-billgates-post-1.posts,True,reddit-billgates-post-1.posts LastVisualChange opt cold fission webrender,,77,ms,firefox,,1736022071,2023-08-04 14:26:38,511.9,8b506ab414513f3320eb7747254e94b37808bb75,1282995,,,,,,,,,,,,,,,,,,,,,,,,,,,,,,,,,,,,,,,,,,,,,,,,,,,,,,,,,,,,,TN,TN
autoland,4060512,13,77a9707257b88d3b15060667769a2def98a71cff,windows10-64-shippable-qr,True,False,,|c|o|l|d| |f|i|s|s|i|o|n| |i|n|t|e|r|a|c|t|i|v|e| |w|e|b|r|e|n|d|e|r|,102210fe594ee9b33d82058545b1ed14f4c8206e,LastVisualChange,reddit-billgates-post-1.posts,True,reddit-billgates-post-1.posts LastVisualChange opt cold fission webrender,,77,ms,firefox,,1736106881,2023-08-04 17:20:09,545.0,e8c6dc4a318cb8af6210801b4271ea32ee9f324a,1283108,,,,,,,,,,,,,,,,,,,,,,,,,,,,,,,,,,,,,,,,,,,,,,,,,,,,,,,,,,,,,TN,TN
autoland,4060512,13,77a9707257b88d3b15060667769a2def98a71cff,windows10-64-shippable-qr,True,False,,|c|o|l|d| |f|i|s|s|i|o|n| |i|n|t|e|r|a|c|t|i|v|e| |w|e|b|r|e|n|d|e|r|,102210fe594ee9b33d82058545b1ed14f4c8206e,LastVisualChange,reddit-billgates-post-1.posts,True,reddit-billgates-post-1.posts LastVisualChange opt cold fission webrender,,77,ms,firefox,,1736273950,2023-08-04 21:22:40,516.0,de6dcf5a4c0eec5ef6847cde00ec5da4fcee2e8c,1283226,,,,,,,,,,,,,,,,,,,,,,,,,,,,,,,,,,,,,,,,,,,,,,,,,,,,,,,,,,,,,TN,TN
autoland,4060512,13,77a9707257b88d3b15060667769a2def98a71cff,windows10-64-shippable-qr,True,False,,|c|o|l|d| |f|i|s|s|i|o|n| |i|n|t|e|r|a|c|t|i|v|e| |w|e|b|r|e|n|d|e|r|,102210fe594ee9b33d82058545b1ed14f4c8206e,LastVisualChange,reddit-billgates-post-1.posts,True,reddit-billgates-post-1.posts LastVisualChange opt cold fission webrender,,77,ms,firefox,,1736331198,2023-08-04 23:16:08,502.4,421628bd5a5c1cf8c64cb86994b1e6dc738abb49,1283269,,,,,,,,,,,,,,,,,,,,,,,,,,,,,,,,,,,,,,,,,,,,,,,,,,,,,,,,,,,,,TN,TN
autoland,4060512,13,77a9707257b88d3b15060667769a2def98a71cff,windows10-64-shippable-qr,True,False,,|c|o|l|d| |f|i|s|s|i|o|n| |i|n|t|e|r|a|c|t|i|v|e| |w|e|b|r|e|n|d|e|r|,102210fe594ee9b33d82058545b1ed14f4c8206e,LastVisualChange,reddit-billgates-post-1.posts,True,reddit-billgates-post-1.posts LastVisualChange opt cold fission webrender,,77,ms,firefox,,1736443278,2023-08-05 11:44:34,515.2,9e73058ab4aadee7e12b26a9be296b2bbc04cf74,1283328,,,,,,,,,,,,,,,,,,,,,,,,,,,,,,,,,,,,,,,,,,,,,,,,,,,,,,,,,,,,,TN,TN
autoland,4060512,13,77a9707257b88d3b15060667769a2def98a71cff,windows10-64-shippable-qr,True,False,,|c|o|l|d| |f|i|s|s|i|o|n| |i|n|t|e|r|a|c|t|i|v|e| |w|e|b|r|e|n|d|e|r|,102210fe594ee9b33d82058545b1ed14f4c8206e,LastVisualChange,reddit-billgates-post-1.posts,True,reddit-billgates-post-1.posts LastVisualChange opt cold fission webrender,,77,ms,firefox,,1736463055,2023-08-05 16:15:02,538.7,b0538d39e8c853c9e07b359df9c740d5175e7077,1283346,,,,,,,,,,,,,,,,,,,,,,,,,,,,,,,,,,,,,,,,,,,,,,,,,,,,,,,,,,,,,TN,TN
autoland,4060512,13,77a9707257b88d3b15060667769a2def98a71cff,windows10-64-shippable-qr,True,False,,|c|o|l|d| |f|i|s|s|i|o|n| |i|n|t|e|r|a|c|t|i|v|e| |w|e|b|r|e|n|d|e|r|,102210fe594ee9b33d82058545b1ed14f4c8206e,LastVisualChange,reddit-billgates-post-1.posts,True,reddit-billgates-post-1.posts LastVisualChange opt cold fission webrender,,77,ms,firefox,,1736611441,2023-08-06 23:55:51,536.9,a777f43c4d9cabe80f2fc3aea6bf95c7e3e9c4c1,1283445,,,,,,,,,,,,,,,,,,,,,,,,,,,,,,,,,,,,,,,,,,,,,,,,,,,,,,,,,,,,,TN,TN
autoland,4060512,13,77a9707257b88d3b15060667769a2def98a71cff,windows10-64-shippable-qr,True,False,,|c|o|l|d| |f|i|s|s|i|o|n| |i|n|t|e|r|a|c|t|i|v|e| |w|e|b|r|e|n|d|e|r|,102210fe594ee9b33d82058545b1ed14f4c8206e,LastVisualChange,reddit-billgates-post-1.posts,True,reddit-billgates-post-1.posts LastVisualChange opt cold fission webrender,,77,ms,firefox,,1736658162,2023-08-07 02:09:17,530.7,a86a27857ef685b0547d023a29fb8c8bb3f8fc1d,1283462,,,,,,,,,,,,,,,,,,,,,,,,,,,,,,,,,,,,,,,,,,,,,,,,,,,,,,,,,,,,,TN,TN
autoland,4060512,13,77a9707257b88d3b15060667769a2def98a71cff,windows10-64-shippable-qr,True,False,,|c|o|l|d| |f|i|s|s|i|o|n| |i|n|t|e|r|a|c|t|i|v|e| |w|e|b|r|e|n|d|e|r|,102210fe594ee9b33d82058545b1ed14f4c8206e,LastVisualChange,reddit-billgates-post-1.posts,True,reddit-billgates-post-1.posts LastVisualChange opt cold fission webrender,,77,ms,firefox,,1737242689,2023-08-07 04:48:50,522.9,9555a7afb7209f87b299f3b014bb364b34f6e095,1283483,,,,,,,,,,,,,,,,,,,,,,,,,,,,,,,,,,,,,,,,,,,,,,,,,,,,,,,,,,,,,TN,TN
autoland,4060512,13,77a9707257b88d3b15060667769a2def98a71cff,windows10-64-shippable-qr,True,False,,|c|o|l|d| |f|i|s|s|i|o|n| |i|n|t|e|r|a|c|t|i|v|e| |w|e|b|r|e|n|d|e|r|,102210fe594ee9b33d82058545b1ed14f4c8206e,LastVisualChange,reddit-billgates-post-1.posts,True,reddit-billgates-post-1.posts LastVisualChange opt cold fission webrender,,77,ms,firefox,,1737269742,2023-08-07 04:55:58,501.8,4389f1c2b8cc83eafdc84eb81353a028baaebb55,1283484,,,,,,,,,,,,,,,,,,,,,,,,,,,,,,,,,,,,,,,,,,,,,,,,,,,,,,,,,,,,,TN,TN
autoland,4060512,13,77a9707257b88d3b15060667769a2def98a71cff,windows10-64-shippable-qr,True,False,,|c|o|l|d| |f|i|s|s|i|o|n| |i|n|t|e|r|a|c|t|i|v|e| |w|e|b|r|e|n|d|e|r|,102210fe594ee9b33d82058545b1ed14f4c8206e,LastVisualChange,reddit-billgates-post-1.posts,True,reddit-billgates-post-1.posts LastVisualChange opt cold fission webrender,,77,ms,firefox,,1736713520,2023-08-07 06:19:47,508.7,6d877fdb9a1e892fe6528a26aab81b53cfae55c5,1283519,,,,,,,,,,,,,,,,,,,,,,,,,,,,,,,,,,,,,,,,,,,,,,,,,,,,,,,,,,,,,TN,TN
autoland,4060512,13,77a9707257b88d3b15060667769a2def98a71cff,windows10-64-shippable-qr,True,False,,|c|o|l|d| |f|i|s|s|i|o|n| |i|n|t|e|r|a|c|t|i|v|e| |w|e|b|r|e|n|d|e|r|,102210fe594ee9b33d82058545b1ed14f4c8206e,LastVisualChange,reddit-billgates-post-1.posts,True,reddit-billgates-post-1.posts LastVisualChange opt cold fission webrender,,77,ms,firefox,,1736826798,2023-08-07 09:17:55,540.4,2f07664dbc304adeae1029ead0f4ab014aaa02a8,1283581,,,,,,,,,,,,,,,,,,,,,,,,,,,,,,,,,,,,,,,,,,,,,,,,,,,,,,,,,,,,,TN,TN
autoland,4060512,13,77a9707257b88d3b15060667769a2def98a71cff,windows10-64-shippable-qr,True,False,,|c|o|l|d| |f|i|s|s|i|o|n| |i|n|t|e|r|a|c|t|i|v|e| |w|e|b|r|e|n|d|e|r|,102210fe594ee9b33d82058545b1ed14f4c8206e,LastVisualChange,reddit-billgates-post-1.posts,True,reddit-billgates-post-1.posts LastVisualChange opt cold fission webrender,,77,ms,firefox,,1736896902,2023-08-07 13:44:02,543.4,d59d0a5038b29cdbcbb2d4b003d642a2617e297f,1283713,,,,,,,,,,,,,,,,,,,,,,,,,,,,,,,,,,,,,,,,,,,,,,,,,,,,,,,,,,,,,TN,TN
autoland,4060512,13,77a9707257b88d3b15060667769a2def98a71cff,windows10-64-shippable-qr,True,False,,|c|o|l|d| |f|i|s|s|i|o|n| |i|n|t|e|r|a|c|t|i|v|e| |w|e|b|r|e|n|d|e|r|,102210fe594ee9b33d82058545b1ed14f4c8206e,LastVisualChange,reddit-billgates-post-1.posts,True,reddit-billgates-post-1.posts LastVisualChange opt cold fission webrender,,77,ms,firefox,,1737246573,2023-08-07 14:25:14,525.2,617205b5b34e3efa0afc95d965a8404aef4ddb36,1283736,,,,,,,,,,,,,,,,,,,,,,,,,,,,,,,,,,,,,,,,,,,,,,,,,,,,,,,,,,,,,TN,TN
autoland,4060512,13,77a9707257b88d3b15060667769a2def98a71cff,windows10-64-shippable-qr,True,False,,|c|o|l|d| |f|i|s|s|i|o|n| |i|n|t|e|r|a|c|t|i|v|e| |w|e|b|r|e|n|d|e|r|,102210fe594ee9b33d82058545b1ed14f4c8206e,LastVisualChange,reddit-billgates-post-1.posts,True,reddit-billgates-post-1.posts LastVisualChange opt cold fission webrender,,77,ms,firefox,,1737261655,2023-08-07 14:37:37,516.0,6a6e81b1dfb459262cd93ce0448837be1183f628,1283747,,,,,,,,,,,,,,,,,,,,,,,,,,,,,,,,,,,,,,,,,,,,,,,,,,,,,,,,,,,,,TN,TN
autoland,4060512,13,77a9707257b88d3b15060667769a2def98a71cff,windows10-64-shippable-qr,True,False,,|c|o|l|d| |f|i|s|s|i|o|n| |i|n|t|e|r|a|c|t|i|v|e| |w|e|b|r|e|n|d|e|r|,102210fe594ee9b33d82058545b1ed14f4c8206e,LastVisualChange,reddit-billgates-post-1.posts,True,reddit-billgates-post-1.posts LastVisualChange opt cold fission webrender,,77,ms,firefox,,1736951674,2023-08-07 16:46:35,537.6,969534e114528550edbcaf30931bc5e255ac2475,1283815,,,,,,,,,,,,,,,,,,,,,,,,,,,,,,,,,,,,,,,,,,,,,,,,,,,,,,,,,,,,,TN,TN
autoland,4060512,13,77a9707257b88d3b15060667769a2def98a71cff,windows10-64-shippable-qr,True,False,,|c|o|l|d| |f|i|s|s|i|o|n| |i|n|t|e|r|a|c|t|i|v|e| |w|e|b|r|e|n|d|e|r|,102210fe594ee9b33d82058545b1ed14f4c8206e,LastVisualChange,reddit-billgates-post-1.posts,True,reddit-billgates-post-1.posts LastVisualChange opt cold fission webrender,,77,ms,firefox,,1737072302,2023-08-07 20:52:42,505.1,588b596bcb73c4c9cf235c8df1dc04fc9475c321,1283921,,,,,,,,,,,,,,,,,,,,,,,,,,,,,,,,,,,,,,,,,,,,,,,,,,,,,,,,,,,,,TN,TN
autoland,4060512,13,77a9707257b88d3b15060667769a2def98a71cff,windows10-64-shippable-qr,True,False,,|c|o|l|d| |f|i|s|s|i|o|n| |i|n|t|e|r|a|c|t|i|v|e| |w|e|b|r|e|n|d|e|r|,102210fe594ee9b33d82058545b1ed14f4c8206e,LastVisualChange,reddit-billgates-post-1.posts,True,reddit-billgates-post-1.posts LastVisualChange opt cold fission webrender,,77,ms,firefox,,1737090962,2023-08-07 21:31:10,535.6,0d1a783351f683e500d6e8f83d3dc430b2afdcbf,1283941,,,,,,,,,,,,,,,,,,,,,,,,,,,,,,,,,,,,,,,,,,,,,,,,,,,,,,,,,,,,,TN,TN
autoland,4060512,13,77a9707257b88d3b15060667769a2def98a71cff,windows10-64-shippable-qr,True,False,,|c|o|l|d| |f|i|s|s|i|o|n| |i|n|t|e|r|a|c|t|i|v|e| |w|e|b|r|e|n|d|e|r|,102210fe594ee9b33d82058545b1ed14f4c8206e,LastVisualChange,reddit-billgates-post-1.posts,True,reddit-billgates-post-1.posts LastVisualChange opt cold fission webrender,,77,ms,firefox,,1737220033,2023-08-08 01:47:48,511.8,7053ad5afbc40a1a98d9e4e447c98e2fd6d70f04,1284029,,,,,,,,,,,,,,,,,,,,,,,,,,,,,,,,,,,,,,,,,,,,,,,,,,,,,,,,,,,,,TN,TN
autoland,4060512,13,77a9707257b88d3b15060667769a2def98a71cff,windows10-64-shippable-qr,True,False,,|c|o|l|d| |f|i|s|s|i|o|n| |i|n|t|e|r|a|c|t|i|v|e| |w|e|b|r|e|n|d|e|r|,102210fe594ee9b33d82058545b1ed14f4c8206e,LastVisualChange,reddit-billgates-post-1.posts,True,reddit-billgates-post-1.posts LastVisualChange opt cold fission webrender,,77,ms,firefox,,1737303769,2023-08-08 08:03:57,532.7,201950bdeb03d34c7ad70702b52d28c3e0f6a448,1284128,,,,,,,,,,,,,,,,,,,,,,,,,,,,,,,,,,,,,,,,,,,,,,,,,,,,,,,,,,,,,TN,TN
autoland,4060512,13,77a9707257b88d3b15060667769a2def98a71cff,windows10-64-shippable-qr,True,False,,|c|o|l|d| |f|i|s|s|i|o|n| |i|n|t|e|r|a|c|t|i|v|e| |w|e|b|r|e|n|d|e|r|,102210fe594ee9b33d82058545b1ed14f4c8206e,LastVisualChange,reddit-billgates-post-1.posts,True,reddit-billgates-post-1.posts LastVisualChange opt cold fission webrender,,77,ms,firefox,,1737380839,2023-08-08 12:10:40,521.8,d1fbe6c1f87656fb4f55677904f55f6df433ea9a,1284255,,,,,,,,,,,,,,,,,,,,,,,,,,,,,,,,,,,,,,,,,,,,,,,,,,,,,,,,,,,,,TN,TN
autoland,4060512,13,77a9707257b88d3b15060667769a2def98a71cff,windows10-64-shippable-qr,True,False,,|c|o|l|d| |f|i|s|s|i|o|n| |i|n|t|e|r|a|c|t|i|v|e| |w|e|b|r|e|n|d|e|r|,102210fe594ee9b33d82058545b1ed14f4c8206e,LastVisualChange,reddit-billgates-post-1.posts,True,reddit-billgates-post-1.posts LastVisualChange opt cold fission webrender,,77,ms,firefox,,1737408296,2023-08-08 12:20:31,501.6,062a5e5729067f579bd6d1ab2f1a3021d7fd291a,1284261,,,,,,,,,,,,,,,,,,,,,,,,,,,,,,,,,,,,,,,,,,,,,,,,,,,,,,,,,,,,,TN,TN
autoland,4060512,13,77a9707257b88d3b15060667769a2def98a71cff,windows10-64-shippable-qr,True,False,,|c|o|l|d| |f|i|s|s|i|o|n| |i|n|t|e|r|a|c|t|i|v|e| |w|e|b|r|e|n|d|e|r|,102210fe594ee9b33d82058545b1ed14f4c8206e,LastVisualChange,reddit-billgates-post-1.posts,True,reddit-billgates-post-1.posts LastVisualChange opt cold fission webrender,,77,ms,firefox,,1738926058,2023-08-08 14:21:29,523.6,e78e15a11c7c9c583172c6dc65f25fc847c46f5f,1284331,,,,,,,,,,,,,,,,,,,,,,,,,,,,,,,,,,,,,,,,,,,,,,,,,,,,,,,,,,,,,TN,TN
autoland,4060512,13,77a9707257b88d3b15060667769a2def98a71cff,windows10-64-shippable-qr,True,False,,|c|o|l|d| |f|i|s|s|i|o|n| |i|n|t|e|r|a|c|t|i|v|e| |w|e|b|r|e|n|d|e|r|,102210fe594ee9b33d82058545b1ed14f4c8206e,LastVisualChange,reddit-billgates-post-1.posts,True,reddit-billgates-post-1.posts LastVisualChange opt cold fission webrender,,77,ms,firefox,,1738924467,2023-08-08 14:40:08,518.6,3c585e66b44b2f04de4a52a1ecd599c87297f046,1284344,,,,,,,,,,,,,,,,,,,,,,,,,,,,,,,,,,,,,,,,,,,,,,,,,,,,,,,,,,,,,TN,TN
autoland,4060512,13,77a9707257b88d3b15060667769a2def98a71cff,windows10-64-shippable-qr,True,False,,|c|o|l|d| |f|i|s|s|i|o|n| |i|n|t|e|r|a|c|t|i|v|e| |w|e|b|r|e|n|d|e|r|,102210fe594ee9b33d82058545b1ed14f4c8206e,LastVisualChange,reddit-billgates-post-1.posts,True,reddit-billgates-post-1.posts LastVisualChange opt cold fission webrender,,77,ms,firefox,,1738899204,2023-08-08 14:45:03,502.4,008ff17e528d770be55a94b2d9a5c2eecb3cecd9,1284348,,,,,,,,,,,,,,,,,,,,,,,,,,,,,,,,,,,,,,,,,,,,,,,,,,,,,,,,,,,,,TN,TN
autoland,4060512,13,77a9707257b88d3b15060667769a2def98a71cff,windows10-64-shippable-qr,True,False,,|c|o|l|d| |f|i|s|s|i|o|n| |i|n|t|e|r|a|c|t|i|v|e| |w|e|b|r|e|n|d|e|r|,102210fe594ee9b33d82058545b1ed14f4c8206e,LastVisualChange,reddit-billgates-post-1.posts,True,reddit-billgates-post-1.posts LastVisualChange opt cold fission webrender,,77,ms,firefox,,1738919320,2023-08-08 15:23:46,522.3,5bf5ff2ee9da7244e867c40210ced85928dfc1a2,1284365,,,,,,,,,,,,,,,,,,,,,,,,,,,,,,,,,,,,,,,,,,,,,,,,,,,,,,,,,,,,,TN,TN
autoland,4060512,13,77a9707257b88d3b15060667769a2def98a71cff,windows10-64-shippable-qr,True,False,,|c|o|l|d| |f|i|s|s|i|o|n| |i|n|t|e|r|a|c|t|i|v|e| |w|e|b|r|e|n|d|e|r|,102210fe594ee9b33d82058545b1ed14f4c8206e,LastVisualChange,reddit-billgates-post-1.posts,True,reddit-billgates-post-1.posts LastVisualChange opt cold fission webrender,,77,ms,firefox,,1738925147,2023-08-08 15:26:10,531.9,d75ae3e40db2286ff51b725604a88c594e16d409,1284368,,,,,,,,,,,,,,,,,,,,,,,,,,,,,,,,,,,,,,,,,,,,,,,,,,,,,,,,,,,,,TN,TN
autoland,4060512,13,77a9707257b88d3b15060667769a2def98a71cff,windows10-64-shippable-qr,True,False,,|c|o|l|d| |f|i|s|s|i|o|n| |i|n|t|e|r|a|c|t|i|v|e| |w|e|b|r|e|n|d|e|r|,102210fe594ee9b33d82058545b1ed14f4c8206e,LastVisualChange,reddit-billgates-post-1.posts,True,reddit-billgates-post-1.posts LastVisualChange opt cold fission webrender,,77,ms,firefox,,1738926525,2023-08-08 15:27:50,522.3,79945cdcc7d0101ba5bae6d6824398980efa498f,1284369,,,,,,,,,,,,,,,,,,,,,,,,,,,,,,,,,,,,,,,,,,,,,,,,,,,,,,,,,,,,,TN,TN
autoland,4060512,13,77a9707257b88d3b15060667769a2def98a71cff,windows10-64-shippable-qr,True,False,,|c|o|l|d| |f|i|s|s|i|o|n| |i|n|t|e|r|a|c|t|i|v|e| |w|e|b|r|e|n|d|e|r|,102210fe594ee9b33d82058545b1ed14f4c8206e,LastVisualChange,reddit-billgates-post-1.posts,True,reddit-billgates-post-1.posts LastVisualChange opt cold fission webrender,,77,ms,firefox,,1738923548,2023-08-08 15:31:45,528.5,719ae16ac2cbf57706e4b3f86ed0d9838b9c7c91,1284370,,,,,,,,,,,,,,,,,,,,,,,,,,,,,,,,,,,,,,,,,,,,,,,,,,,,,,,,,,,,,TN,TN
autoland,4060512,13,77a9707257b88d3b15060667769a2def98a71cff,windows10-64-shippable-qr,True,False,,|c|o|l|d| |f|i|s|s|i|o|n| |i|n|t|e|r|a|c|t|i|v|e| |w|e|b|r|e|n|d|e|r|,102210fe594ee9b33d82058545b1ed14f4c8206e,LastVisualChange,reddit-billgates-post-1.posts,True,reddit-billgates-post-1.posts LastVisualChange opt cold fission webrender,,77,ms,firefox,,1738920925,2023-08-08 15:33:18,518.4,16499cdce1606e327ad079e36d797bd5026af687,1284372,,,,,,,,,,,,,,,,,,,,,,,,,,,,,,,,,,,,,,,,,,,,,,,,,,,,,,,,,,,,,TN,TN
autoland,4060512,13,77a9707257b88d3b15060667769a2def98a71cff,windows10-64-shippable-qr,True,False,,|c|o|l|d| |f|i|s|s|i|o|n| |i|n|t|e|r|a|c|t|i|v|e| |w|e|b|r|e|n|d|e|r|,102210fe594ee9b33d82058545b1ed14f4c8206e,LastVisualChange,reddit-billgates-post-1.posts,True,reddit-billgates-post-1.posts LastVisualChange opt cold fission webrender,,77,ms,firefox,,1738918520,2023-08-08 16:15:08,521.1,fff948fa86f305e2887b0548a5beaf7ddbe47e18,1284390,,,,,,,,,,,,,,,,,,,,,,,,,,,,,,,,,,,,,,,,,,,,,,,,,,,,,,,,,,,,,TN,TN
autoland,4060512,13,77a9707257b88d3b15060667769a2def98a71cff,windows10-64-shippable-qr,True,False,,|c|o|l|d| |f|i|s|s|i|o|n| |i|n|t|e|r|a|c|t|i|v|e| |w|e|b|r|e|n|d|e|r|,102210fe594ee9b33d82058545b1ed14f4c8206e,LastVisualChange,reddit-billgates-post-1.posts,True,reddit-billgates-post-1.posts LastVisualChange opt cold fission webrender,,77,ms,firefox,,1737512438,2023-08-08 16:23:23,537.0,855c69dcdcc457c3e5a54150cdd89a71a2527e2b,1284396,,,,,,,,,,,,,,,,,,,,,,,,,,,,,,,,,,,,,,,,,,,,,,,,,,,,,,,,,,,,,TN,TN
autoland,4060512,13,77a9707257b88d3b15060667769a2def98a71cff,windows10-64-shippable-qr,True,False,,|c|o|l|d| |f|i|s|s|i|o|n| |i|n|t|e|r|a|c|t|i|v|e| |w|e|b|r|e|n|d|e|r|,102210fe594ee9b33d82058545b1ed14f4c8206e,LastVisualChange,reddit-billgates-post-1.posts,True,reddit-billgates-post-1.posts LastVisualChange opt cold fission webrender,,77,ms,firefox,,1738918809,2023-08-08 16:28:50,527.8,80fde27f01a774b21528e4955162e350e4ee1f23,1284403,,,,,,,,,,,,,,,,,,,,,,,,,,,,,,,,,,,,,,,,,,,,,,,,,,,,,,,,,,,,,TN,TN
autoland,4060512,13,77a9707257b88d3b15060667769a2def98a71cff,windows10-64-shippable-qr,True,False,,|c|o|l|d| |f|i|s|s|i|o|n| |i|n|t|e|r|a|c|t|i|v|e| |w|e|b|r|e|n|d|e|r|,102210fe594ee9b33d82058545b1ed14f4c8206e,LastVisualChange,reddit-billgates-post-1.posts,True,reddit-billgates-post-1.posts LastVisualChange opt cold fission webrender,,77,ms,firefox,,1738936325,2023-08-08 16:35:26,511.5,fe65507a41dca7475cfb7de8ff2a6703b86eccf6,1284407,,,,,,,,,,,,,,,,,,,,,,,,,,,,,,,,,,,,,,,,,,,,,,,,,,,,,,,,,,,,,TN,TN
autoland,4060512,13,77a9707257b88d3b15060667769a2def98a71cff,windows10-64-shippable-qr,True,False,,|c|o|l|d| |f|i|s|s|i|o|n| |i|n|t|e|r|a|c|t|i|v|e| |w|e|b|r|e|n|d|e|r|,102210fe594ee9b33d82058545b1ed14f4c8206e,LastVisualChange,reddit-billgates-post-1.posts,True,reddit-billgates-post-1.posts LastVisualChange opt cold fission webrender,,77,ms,firefox,,1738925353,2023-08-08 16:44:08,505.2,3ebab3dbcc8f0a71bb9fd3fad47944d889b99c5c,1284414,,,,,,,,,,,,,,,,,,,,,,,,,,,,,,,,,,,,,,,,,,,,,,,,,,,,,,,,,,,,,TN,TN
autoland,4060512,13,77a9707257b88d3b15060667769a2def98a71cff,windows10-64-shippable-qr,True,False,,|c|o|l|d| |f|i|s|s|i|o|n| |i|n|t|e|r|a|c|t|i|v|e| |w|e|b|r|e|n|d|e|r|,102210fe594ee9b33d82058545b1ed14f4c8206e,LastVisualChange,reddit-billgates-post-1.posts,True,reddit-billgates-post-1.posts LastVisualChange opt cold fission webrender,,77,ms,firefox,,1738936736,2023-08-08 17:15:10,522.3,4d3a71169f8d2d6f802827588941827617ac3983,1284438,,,,,,,,,,,,,,,,,,,,,,,,,,,,,,,,,,,,,,,,,,,,,,,,,,,,,,,,,,,,,TN,TN
autoland,4060512,13,77a9707257b88d3b15060667769a2def98a71cff,windows10-64-shippable-qr,True,False,,|c|o|l|d| |f|i|s|s|i|o|n| |i|n|t|e|r|a|c|t|i|v|e| |w|e|b|r|e|n|d|e|r|,102210fe594ee9b33d82058545b1ed14f4c8206e,LastVisualChange,reddit-billgates-post-1.posts,True,reddit-billgates-post-1.posts LastVisualChange opt cold fission webrender,,77,ms,firefox,,1738933138,2023-08-08 17:51:54,508.6,cab4cf0c14dd6385b1ba0b8a224241ef2b6fbe73,1284469,,,,,,,,,,,,,,,,,,,,,,,,,,,,,,,,,,,,,,,,,,,,,,,,,,,,,,,,,,,,,TN,TN
autoland,4060512,13,77a9707257b88d3b15060667769a2def98a71cff,windows10-64-shippable-qr,True,False,,|c|o|l|d| |f|i|s|s|i|o|n| |i|n|t|e|r|a|c|t|i|v|e| |w|e|b|r|e|n|d|e|r|,102210fe594ee9b33d82058545b1ed14f4c8206e,LastVisualChange,reddit-billgates-post-1.posts,True,reddit-billgates-post-1.posts LastVisualChange opt cold fission webrender,,77,ms,firefox,,1737581636,2023-08-08 18:03:32,508.7,b19ed5a6579d312e71c03201698107835378c612,1284479,,,,,,,,,,,,,,,,,,,,,,,,,,,,,,,,,,,,,,,,,,,,,,,,,,,,,,,,,,,,,TN,TN
autoland,4060512,13,77a9707257b88d3b15060667769a2def98a71cff,windows10-64-shippable-qr,True,False,,|c|o|l|d| |f|i|s|s|i|o|n| |i|n|t|e|r|a|c|t|i|v|e| |w|e|b|r|e|n|d|e|r|,102210fe594ee9b33d82058545b1ed14f4c8206e,LastVisualChange,reddit-billgates-post-1.posts,True,reddit-billgates-post-1.posts LastVisualChange opt cold fission webrender,,77,ms,firefox,,1738926095,2023-08-08 20:21:46,531.6,f77c2fc738fa94b4b96b53a890011f6b5d5a1ffd,1284561,,,,,,,,,,,,,,,,,,,,,,,,,,,,,,,,,,,,,,,,,,,,,,,,,,,,,,,,,,,,,TN,TN
autoland,4060512,13,77a9707257b88d3b15060667769a2def98a71cff,windows10-64-shippable-qr,True,False,,|c|o|l|d| |f|i|s|s|i|o|n| |i|n|t|e|r|a|c|t|i|v|e| |w|e|b|r|e|n|d|e|r|,102210fe594ee9b33d82058545b1ed14f4c8206e,LastVisualChange,reddit-billgates-post-1.posts,True,reddit-billgates-post-1.posts LastVisualChange opt cold fission webrender,,77,ms,firefox,,1738925732,2023-08-08 20:23:17,508.7,a177379714690f85186a58cca544d9f3d83d7d5b,1284562,,,,,,,,,,,,,,,,,,,,,,,,,,,,,,,,,,,,,,,,,,,,,,,,,,,,,,,,,,,,,TN,TN
autoland,4060512,13,77a9707257b88d3b15060667769a2def98a71cff,windows10-64-shippable-qr,True,False,,|c|o|l|d| |f|i|s|s|i|o|n| |i|n|t|e|r|a|c|t|i|v|e| |w|e|b|r|e|n|d|e|r|,102210fe594ee9b33d82058545b1ed14f4c8206e,LastVisualChange,reddit-billgates-post-1.posts,True,reddit-billgates-post-1.posts LastVisualChange opt cold fission webrender,,77,ms,firefox,,1738932895,2023-08-08 20:24:34,543.0,a8267c9267daac307ec0b06882b52db6d8d2fb09,1284564,,,,,,,,,,,,,,,,,,,,,,,,,,,,,,,,,,,,,,,,,,,,,,,,,,,,,,,,,,,,,TN,TN
autoland,4060512,13,77a9707257b88d3b15060667769a2def98a71cff,windows10-64-shippable-qr,True,False,,|c|o|l|d| |f|i|s|s|i|o|n| |i|n|t|e|r|a|c|t|i|v|e| |w|e|b|r|e|n|d|e|r|,102210fe594ee9b33d82058545b1ed14f4c8206e,LastVisualChange,reddit-billgates-post-1.posts,True,reddit-billgates-post-1.posts LastVisualChange opt cold fission webrender,,77,ms,firefox,,1738922650,2023-08-08 20:25:32,494.5,8d4143f38c23a84e8bd5c536c1f81a8c746c4748,1284566,,,,,,,,,,,,,,,,,,,,,,,,,,,,,,,,,,,,,,,,,,,,,,,,,,,,,,,,,,,,,TN,TN
autoland,4060512,13,77a9707257b88d3b15060667769a2def98a71cff,windows10-64-shippable-qr,True,False,,|c|o|l|d| |f|i|s|s|i|o|n| |i|n|t|e|r|a|c|t|i|v|e| |w|e|b|r|e|n|d|e|r|,102210fe594ee9b33d82058545b1ed14f4c8206e,LastVisualChange,reddit-billgates-post-1.posts,True,reddit-billgates-post-1.posts LastVisualChange opt cold fission webrender,,77,ms,firefox,,1738927259,2023-08-08 21:00:11,511.9,2660659b14c8521e768098b292facd8f59e74572,1284583,,,,,,,,,,,,,,,,,,,,,,,,,,,,,,,,,,,,,,,,,,,,,,,,,,,,,,,,,,,,,TN,TN
autoland,4060512,13,77a9707257b88d3b15060667769a2def98a71cff,windows10-64-shippable-qr,True,False,,|c|o|l|d| |f|i|s|s|i|o|n| |i|n|t|e|r|a|c|t|i|v|e| |w|e|b|r|e|n|d|e|r|,102210fe594ee9b33d82058545b1ed14f4c8206e,LastVisualChange,reddit-billgates-post-1.posts,True,reddit-billgates-post-1.posts LastVisualChange opt cold fission webrender,,77,ms,firefox,,1738927082,2023-08-08 21:01:52,555.6,b50be8861ca0a4f9e6777e9333a9e483bdb57bf9,1284585,,,,,,,,,,,,,,,,,,,,,,,,,,,,,,,,,,,,,,,,,,,,,,,,,,,,,,,,,,,,,TN,TN
autoland,4060512,13,77a9707257b88d3b15060667769a2def98a71cff,windows10-64-shippable-qr,True,False,,|c|o|l|d| |f|i|s|s|i|o|n| |i|n|t|e|r|a|c|t|i|v|e| |w|e|b|r|e|n|d|e|r|,102210fe594ee9b33d82058545b1ed14f4c8206e,LastVisualChange,reddit-billgates-post-1.posts,True,reddit-billgates-post-1.posts LastVisualChange opt cold fission webrender,,77,ms,firefox,,1738923217,2023-08-08 21:22:21,538.9,c7ce9810dc564ccfb6a77bccc1dbc7a59ba3bca6,1284597,,,,,,,,,,,,,,,,,,,,,,,,,,,,,,,,,,,,,,,,,,,,,,,,,,,,,,,,,,,,,TN,TN
autoland,4060512,13,77a9707257b88d3b15060667769a2def98a71cff,windows10-64-shippable-qr,True,False,,|c|o|l|d| |f|i|s|s|i|o|n| |i|n|t|e|r|a|c|t|i|v|e| |w|e|b|r|e|n|d|e|r|,102210fe594ee9b33d82058545b1ed14f4c8206e,LastVisualChange,reddit-billgates-post-1.posts,True,reddit-billgates-post-1.posts LastVisualChange opt cold fission webrender,,77,ms,firefox,,1738920776,2023-08-08 21:25:00,514.2,ae572fb876bce47682cd3f6d2bd750c6e1de558f,1284599,,,,,,,,,,,,,,,,,,,,,,,,,,,,,,,,,,,,,,,,,,,,,,,,,,,,,,,,,,,,,TN,TN
autoland,4060512,13,77a9707257b88d3b15060667769a2def98a71cff,windows10-64-shippable-qr,True,False,,|c|o|l|d| |f|i|s|s|i|o|n| |i|n|t|e|r|a|c|t|i|v|e| |w|e|b|r|e|n|d|e|r|,102210fe594ee9b33d82058545b1ed14f4c8206e,LastVisualChange,reddit-billgates-post-1.posts,True,reddit-billgates-post-1.posts LastVisualChange opt cold fission webrender,,77,ms,firefox,,1737661895,2023-08-08 21:27:09,508.6,4abb9ce2fb8e4174171b3478d6f28b78bf3f214a,1284603,,,,,,,,,,,,,,,,,,,,,,,,,,,,,,,,,,,,,,,,,,,,,,,,,,,,,,,,,,,,,TN,TN
autoland,4060512,13,77a9707257b88d3b15060667769a2def98a71cff,windows10-64-shippable-qr,True,False,,|c|o|l|d| |f|i|s|s|i|o|n| |i|n|t|e|r|a|c|t|i|v|e| |w|e|b|r|e|n|d|e|r|,102210fe594ee9b33d82058545b1ed14f4c8206e,LastVisualChange,reddit-billgates-post-1.posts,True,reddit-billgates-post-1.posts LastVisualChange opt cold fission webrender,,77,ms,firefox,,1738922289,2023-08-08 21:43:30,511.5,3338e8c3aaad554ffc57245d3897865695657a62,1284614,,,,,,,,,,,,,,,,,,,,,,,,,,,,,,,,,,,,,,,,,,,,,,,,,,,,,,,,,,,,,TN,TN
autoland,4060512,13,77a9707257b88d3b15060667769a2def98a71cff,windows10-64-shippable-qr,True,False,,|c|o|l|d| |f|i|s|s|i|o|n| |i|n|t|e|r|a|c|t|i|v|e| |w|e|b|r|e|n|d|e|r|,102210fe594ee9b33d82058545b1ed14f4c8206e,LastVisualChange,reddit-billgates-post-1.posts,True,reddit-billgates-post-1.posts LastVisualChange opt cold fission webrender,,77,ms,firefox,,1738922162,2023-08-08 21:50:37,498.7,a5c57fffac4bdeaa8d476c510486d9e87e81d7e7,1284620,,,,,,,,,,,,,,,,,,,,,,,,,,,,,,,,,,,,,,,,,,,,,,,,,,,,,,,,,,,,,TN,TN
autoland,4060512,13,77a9707257b88d3b15060667769a2def98a71cff,windows10-64-shippable-qr,True,False,,|c|o|l|d| |f|i|s|s|i|o|n| |i|n|t|e|r|a|c|t|i|v|e| |w|e|b|r|e|n|d|e|r|,102210fe594ee9b33d82058545b1ed14f4c8206e,LastVisualChange,reddit-billgates-post-1.posts,True,reddit-billgates-post-1.posts LastVisualChange opt cold fission webrender,,77,ms,firefox,,1738925262,2023-08-08 23:05:44,545.7,f0e5e2a506600cc59e93ffec47817893774c4a8d,1284663,,,,,,,,,,,,,,,,,,,,,,,,,,,,,,,,,,,,,,,,,,,,,,,,,,,,,,,,,,,,,TN,TN
autoland,4060512,13,77a9707257b88d3b15060667769a2def98a71cff,windows10-64-shippable-qr,True,False,,|c|o|l|d| |f|i|s|s|i|o|n| |i|n|t|e|r|a|c|t|i|v|e| |w|e|b|r|e|n|d|e|r|,102210fe594ee9b33d82058545b1ed14f4c8206e,LastVisualChange,reddit-billgates-post-1.posts,True,reddit-billgates-post-1.posts LastVisualChange opt cold fission webrender,,77,ms,firefox,,1738924409,2023-08-08 23:13:51,511.5,ba9868b3f4e7934eabca6398df3c74738e1ef7b1,1284668,,,,,,,,,,,,,,,,,,,,,,,,,,,,,,,,,,,,,,,,,,,,,,,,,,,,,,,,,,,,,TN,TN
autoland,4060512,13,77a9707257b88d3b15060667769a2def98a71cff,windows10-64-shippable-qr,True,False,,|c|o|l|d| |f|i|s|s|i|o|n| |i|n|t|e|r|a|c|t|i|v|e| |w|e|b|r|e|n|d|e|r|,102210fe594ee9b33d82058545b1ed14f4c8206e,LastVisualChange,reddit-billgates-post-1.posts,True,reddit-billgates-post-1.posts LastVisualChange opt cold fission webrender,,77,ms,firefox,,1738926775,2023-08-09 00:40:25,528.9,b57643dc6b227f5d0ffd05324f2f21bd4557fcee,1284706,,,,,,,,,,,,,,,,,,,,,,,,,,,,,,,,,,,,,,,,,,,,,,,,,,,,,,,,,,,,,TN,TN
autoland,4060512,13,77a9707257b88d3b15060667769a2def98a71cff,windows10-64-shippable-qr,True,False,,|c|o|l|d| |f|i|s|s|i|o|n| |i|n|t|e|r|a|c|t|i|v|e| |w|e|b|r|e|n|d|e|r|,102210fe594ee9b33d82058545b1ed14f4c8206e,LastVisualChange,reddit-billgates-post-1.posts,True,reddit-billgates-post-1.posts LastVisualChange opt cold fission webrender,,77,ms,firefox,,1738926405,2023-08-09 00:51:41,525.6,1374ab070c01bb16259d925cd0146ebb8f7afce3,1284715,,,,,,,,,,,,,,,,,,,,,,,,,,,,,,,,,,,,,,,,,,,,,,,,,,,,,,,,,,,,,TN,TN
autoland,4060512,13,77a9707257b88d3b15060667769a2def98a71cff,windows10-64-shippable-qr,True,False,,|c|o|l|d| |f|i|s|s|i|o|n| |i|n|t|e|r|a|c|t|i|v|e| |w|e|b|r|e|n|d|e|r|,102210fe594ee9b33d82058545b1ed14f4c8206e,LastVisualChange,reddit-billgates-post-1.posts,True,reddit-billgates-post-1.posts LastVisualChange opt cold fission webrender,,77,ms,firefox,,1738927045,2023-08-09 01:08:31,509.2,a369921ff340abce27758b0614128b89fb724e9c,1284728,,,,,,,,,,,,,,,,,,,,,,,,,,,,,,,,,,,,,,,,,,,,,,,,,,,,,,,,,,,,,TN,TN
autoland,4060512,13,77a9707257b88d3b15060667769a2def98a71cff,windows10-64-shippable-qr,True,False,,|c|o|l|d| |f|i|s|s|i|o|n| |i|n|t|e|r|a|c|t|i|v|e| |w|e|b|r|e|n|d|e|r|,102210fe594ee9b33d82058545b1ed14f4c8206e,LastVisualChange,reddit-billgates-post-1.posts,True,reddit-billgates-post-1.posts LastVisualChange opt cold fission webrender,,77,ms,firefox,,1738934554,2023-08-09 01:17:28,520.7,e20332cad1b4b44d6393073713a2c61914f43029,1284735,,,,,,,,,,,,,,,,,,,,,,,,,,,,,,,,,,,,,,,,,,,,,,,,,,,,,,,,,,,,,TN,TN
autoland,4060512,13,77a9707257b88d3b15060667769a2def98a71cff,windows10-64-shippable-qr,True,False,,|c|o|l|d| |f|i|s|s|i|o|n| |i|n|t|e|r|a|c|t|i|v|e| |w|e|b|r|e|n|d|e|r|,102210fe594ee9b33d82058545b1ed14f4c8206e,LastVisualChange,reddit-billgates-post-1.posts,True,reddit-billgates-post-1.posts LastVisualChange opt cold fission webrender,,77,ms,firefox,,1737856964,2023-08-09 02:34:29,514.4,25a29224e55d9a839d6fddde206208a453535ec8,1284750,,,,,,,,,,,,,,,,,,,,,,,,,,,,,,,,,,,,,,,,,,,,,,,,,,,,,,,,,,,,,TN,TN
autoland,4060512,13,77a9707257b88d3b15060667769a2def98a71cff,windows10-64-shippable-qr,True,False,,|c|o|l|d| |f|i|s|s|i|o|n| |i|n|t|e|r|a|c|t|i|v|e| |w|e|b|r|e|n|d|e|r|,102210fe594ee9b33d82058545b1ed14f4c8206e,LastVisualChange,reddit-billgates-post-1.posts,True,reddit-billgates-post-1.posts LastVisualChange opt cold fission webrender,,77,ms,firefox,,1738520075,2023-08-09 11:39:18,507.6,3951ba8d46ada1b519bccbff6c94ced52fd96cd0,1284953,,,,,,,,,,,,,,,,,,,,,,,,,,,,,,,,,,,,,,,,,,,,,,,,,,,,,,,,,,,,,TN,TN
autoland,4060512,13,77a9707257b88d3b15060667769a2def98a71cff,windows10-64-shippable-qr,True,False,,|c|o|l|d| |f|i|s|s|i|o|n| |i|n|t|e|r|a|c|t|i|v|e| |w|e|b|r|e|n|d|e|r|,102210fe594ee9b33d82058545b1ed14f4c8206e,LastVisualChange,reddit-billgates-post-1.posts,True,reddit-billgates-post-1.posts LastVisualChange opt cold fission webrender,,77,ms,firefox,,1738486280,2023-08-09 11:55:28,519.1,ed039eae768be7f3b20683997b4fe970d4b8bd82,1284958,,,,,,,,,,,,,,,,,,,,,,,,,,,,,,,,,,,,,,,,,,,,,,,,,,,,,,,,,,,,,TN,TN
autoland,4060512,13,77a9707257b88d3b15060667769a2def98a71cff,windows10-64-shippable-qr,True,False,,|c|o|l|d| |f|i|s|s|i|o|n| |i|n|t|e|r|a|c|t|i|v|e| |w|e|b|r|e|n|d|e|r|,102210fe594ee9b33d82058545b1ed14f4c8206e,LastVisualChange,reddit-billgates-post-1.posts,True,reddit-billgates-post-1.posts LastVisualChange opt cold fission webrender,,77,ms,firefox,,1738023732,2023-08-09 13:49:06,624.3,46b5603cd2b8de629b659ec8d44fc7b086782c46,1285020,,,,,,,,,,,,,,,,,,,,,,,,,,,,,,,,,,,,,,,,,,,,,,,,,,,,,,,,,,,,,TN,TN
autoland,4060512,13,77a9707257b88d3b15060667769a2def98a71cff,windows10-64-shippable-qr,True,False,,|c|o|l|d| |f|i|s|s|i|o|n| |i|n|t|e|r|a|c|t|i|v|e| |w|e|b|r|e|n|d|e|r|,102210fe594ee9b33d82058545b1ed14f4c8206e,LastVisualChange,reddit-billgates-post-1.posts,True,reddit-billgates-post-1.posts LastVisualChange opt cold fission webrender,,77,ms,firefox,,1738236430,2023-08-09 17:29:37,491.5,299828b58af2fd55f393babed8ea8db6425040df,1285186,,,,,,,,,,,,,,,,,,,,,,,,,,,,,,,,,,,,,,,,,,,,,,,,,,,,,,,,,,,,,TN,TN
autoland,4060512,13,77a9707257b88d3b15060667769a2def98a71cff,windows10-64-shippable-qr,True,False,,|c|o|l|d| |f|i|s|s|i|o|n| |i|n|t|e|r|a|c|t|i|v|e| |w|e|b|r|e|n|d|e|r|,102210fe594ee9b33d82058545b1ed14f4c8206e,LastVisualChange,reddit-billgates-post-1.posts,True,reddit-billgates-post-1.posts LastVisualChange opt cold fission webrender,,77,ms,firefox,,1738327551,2023-08-09 20:56:32,515.8,9766f63db97d1b85b2f2f47d2b3cb3ee3782ae85,1285337,,,,,,,,,,,,,,,,,,,,,,,,,,,,,,,,,,,,,,,,,,,,,,,,,,,,,,,,,,,,,TN,TN
autoland,4060512,13,77a9707257b88d3b15060667769a2def98a71cff,windows10-64-shippable-qr,True,False,,|c|o|l|d| |f|i|s|s|i|o|n| |i|n|t|e|r|a|c|t|i|v|e| |w|e|b|r|e|n|d|e|r|,102210fe594ee9b33d82058545b1ed14f4c8206e,LastVisualChange,reddit-billgates-post-1.posts,True,reddit-billgates-post-1.posts LastVisualChange opt cold fission webrender,,77,ms,firefox,,1738392578,2023-08-10 01:02:34,521.6,b2b54f91567d2de224314e03fc81ba6e815e2fa7,1285442,,,,,,,,,,,,,,,,,,,,,,,,,,,,,,,,,,,,,,,,,,,,,,,,,,,,,,,,,,,,,TN,TN
autoland,4060512,13,77a9707257b88d3b15060667769a2def98a71cff,windows10-64-shippable-qr,True,False,,|c|o|l|d| |f|i|s|s|i|o|n| |i|n|t|e|r|a|c|t|i|v|e| |w|e|b|r|e|n|d|e|r|,102210fe594ee9b33d82058545b1ed14f4c8206e,LastVisualChange,reddit-billgates-post-1.posts,True,reddit-billgates-post-1.posts LastVisualChange opt cold fission webrender,,77,ms,firefox,,1738446916,2023-08-10 02:22:08,507.5,7704c89f0e6bc2ca33282a228b42fb5cd7aa072c,1285454,,,,,,,,,,,,,,,,,,,,,,,,,,,,,,,,,,,,,,,,,,,,,,,,,,,,,,,,,,,,,TN,TN
autoland,4060512,13,77a9707257b88d3b15060667769a2def98a71cff,windows10-64-shippable-qr,True,False,,|c|o|l|d| |f|i|s|s|i|o|n| |i|n|t|e|r|a|c|t|i|v|e| |w|e|b|r|e|n|d|e|r|,102210fe594ee9b33d82058545b1ed14f4c8206e,LastVisualChange,reddit-billgates-post-1.posts,True,reddit-billgates-post-1.posts LastVisualChange opt cold fission webrender,,77,ms,firefox,,1738538556,2023-08-10 06:54:21,525.5,24eb42c9b3d9f910ba5afe124232608f70532552,1285524,,,,,,,,,,,,,,,,,,,,,,,,,,,,,,,,,,,,,,,,,,,,,,,,,,,,,,,,,,,,,TN,TN
autoland,4060512,13,77a9707257b88d3b15060667769a2def98a71cff,windows10-64-shippable-qr,True,False,,|c|o|l|d| |f|i|s|s|i|o|n| |i|n|t|e|r|a|c|t|i|v|e| |w|e|b|r|e|n|d|e|r|,102210fe594ee9b33d82058545b1ed14f4c8206e,LastVisualChange,reddit-billgates-post-1.posts,True,reddit-billgates-post-1.posts LastVisualChange opt cold fission webrender,,77,ms,firefox,,1738546070,2023-08-10 07:38:16,488.8,f688cd32ea991c3f0e62e19b43efc48cb4cc183a,1285542,,,,,,,,,,,,,,,,,,,,,,,,,,,,,,,,,,,,,,,,,,,,,,,,,,,,,,,,,,,,,TN,TN
autoland,4060512,13,77a9707257b88d3b15060667769a2def98a71cff,windows10-64-shippable-qr,True,False,,|c|o|l|d| |f|i|s|s|i|o|n| |i|n|t|e|r|a|c|t|i|v|e| |w|e|b|r|e|n|d|e|r|,102210fe594ee9b33d82058545b1ed14f4c8206e,LastVisualChange,reddit-billgates-post-1.posts,True,reddit-billgates-post-1.posts LastVisualChange opt cold fission webrender,,77,ms,firefox,,1738657446,2023-08-10 11:47:02,529.0,b544a2a999190b3345911b807fac8392e1360811,1285658,,,,,,,,,,,,,,,,,,,,,,,,,,,,,,,,,,,,,,,,,,,,,,,,,,,,,,,,,,,,,TN,TN
autoland,4060512,13,77a9707257b88d3b15060667769a2def98a71cff,windows10-64-shippable-qr,True,False,,|c|o|l|d| |f|i|s|s|i|o|n| |i|n|t|e|r|a|c|t|i|v|e| |w|e|b|r|e|n|d|e|r|,102210fe594ee9b33d82058545b1ed14f4c8206e,LastVisualChange,reddit-billgates-post-1.posts,True,reddit-billgates-post-1.posts LastVisualChange opt cold fission webrender,,77,ms,firefox,,1738694821,2023-08-10 13:06:38,525.5,11f47f2a1cf08c1e0b5bb6374f2a7dd1f49c8cac,1285701,,,,,,,,,,,,,,,,,,,,,,,,,,,,,,,,,,,,,,,,,,,,,,,,,,,,,,,,,,,,,TN,TN
autoland,4060512,13,77a9707257b88d3b15060667769a2def98a71cff,windows10-64-shippable-qr,True,False,,|c|o|l|d| |f|i|s|s|i|o|n| |i|n|t|e|r|a|c|t|i|v|e| |w|e|b|r|e|n|d|e|r|,102210fe594ee9b33d82058545b1ed14f4c8206e,LastVisualChange,reddit-billgates-post-1.posts,True,reddit-billgates-post-1.posts LastVisualChange opt cold fission webrender,,77,ms,firefox,,1739029957,2023-08-10 15:43:03,538.4,5dd3cd2421b46ac8062d03aab70251276fd58962,1285787,,,,,,,,,,,,,,,,,,,,,,,,,,,,,,,,,,,,,,,,,,,,,,,,,,,,,,,,,,,,,TN,TN
autoland,4060512,13,77a9707257b88d3b15060667769a2def98a71cff,windows10-64-shippable-qr,True,False,,|c|o|l|d| |f|i|s|s|i|o|n| |i|n|t|e|r|a|c|t|i|v|e| |w|e|b|r|e|n|d|e|r|,102210fe594ee9b33d82058545b1ed14f4c8206e,LastVisualChange,reddit-billgates-post-1.posts,True,reddit-billgates-post-1.posts LastVisualChange opt cold fission webrender,,77,ms,firefox,,1739039313,2023-08-10 15:45:51,508.3,cb7f80daa8c82ee9dd68e66a2792421be67d2821,1285790,,,,,,,,,,,,,,,,,,,,,,,,,,,,,,,,,,,,,,,,,,,,,,,,,,,,,,,,,,,,,TN,TN
autoland,4060512,13,77a9707257b88d3b15060667769a2def98a71cff,windows10-64-shippable-qr,True,False,,|c|o|l|d| |f|i|s|s|i|o|n| |i|n|t|e|r|a|c|t|i|v|e| |w|e|b|r|e|n|d|e|r|,102210fe594ee9b33d82058545b1ed14f4c8206e,LastVisualChange,reddit-billgates-post-1.posts,True,reddit-billgates-post-1.posts LastVisualChange opt cold fission webrender,,77,ms,firefox,,1738797988,2023-08-10 16:07:39,505.3,42a4b2af29229dbfd0675767afaf6965d292e4a7,1285800,,,,,,,,,,,,,,,,,,,,,,,,,,,,,,,,,,,,,,,,,,,,,,,,,,,,,,,,,,,,,TN,TN
autoland,4060512,13,77a9707257b88d3b15060667769a2def98a71cff,windows10-64-shippable-qr,True,False,,|c|o|l|d| |f|i|s|s|i|o|n| |i|n|t|e|r|a|c|t|i|v|e| |w|e|b|r|e|n|d|e|r|,102210fe594ee9b33d82058545b1ed14f4c8206e,LastVisualChange,reddit-billgates-post-1.posts,True,reddit-billgates-post-1.posts LastVisualChange opt cold fission webrender,,77,ms,firefox,,1738911260,2023-08-10 18:32:11,539.0,fae9c8496544fb4597f4094d95b81fdefec01628,1285918,,,,,,,,,,,,,,,,,,,,,,,,,,,,,,,,,,,,,,,,,,,,,,,,,,,,,,,,,,,,,TN,TN
autoland,4060512,13,77a9707257b88d3b15060667769a2def98a71cff,windows10-64-shippable-qr,True,False,,|c|o|l|d| |f|i|s|s|i|o|n| |i|n|t|e|r|a|c|t|i|v|e| |w|e|b|r|e|n|d|e|r|,102210fe594ee9b33d82058545b1ed14f4c8206e,LastVisualChange,reddit-billgates-post-1.posts,True,reddit-billgates-post-1.posts LastVisualChange opt cold fission webrender,,77,ms,firefox,,1738975839,2023-08-10 21:59:13,521.7,389f1009f2db207be63aacd4c9c54990f9d1104b,1286074,,,,,,,,,,,,,,,,,,,,,,,,,,,,,,,,,,,,,,,,,,,,,,,,,,,,,,,,,,,,,TN,TN
autoland,4060512,13,77a9707257b88d3b15060667769a2def98a71cff,windows10-64-shippable-qr,True,False,,|c|o|l|d| |f|i|s|s|i|o|n| |i|n|t|e|r|a|c|t|i|v|e| |w|e|b|r|e|n|d|e|r|,102210fe594ee9b33d82058545b1ed14f4c8206e,LastVisualChange,reddit-billgates-post-1.posts,True,reddit-billgates-post-1.posts LastVisualChange opt cold fission webrender,,77,ms,firefox,,1739007447,2023-08-11 03:08:44,522.0,05da0ca6db46baad5f6e45489d80d5097053bb42,1286160,,,,,,,,,,,,,,,,,,,,,,,,,,,,,,,,,,,,,,,,,,,,,,,,,,,,,,,,,,,,,TN,TN
autoland,4060512,13,77a9707257b88d3b15060667769a2def98a71cff,windows10-64-shippable-qr,True,False,,|c|o|l|d| |f|i|s|s|i|o|n| |i|n|t|e|r|a|c|t|i|v|e| |w|e|b|r|e|n|d|e|r|,102210fe594ee9b33d82058545b1ed14f4c8206e,LastVisualChange,reddit-billgates-post-1.posts,True,reddit-billgates-post-1.posts LastVisualChange opt cold fission webrender,,77,ms,firefox,,1739097729,2023-08-11 07:27:06,511.6,efb44db563b1abcb74959e12c6ce8e577cd213f2,1286189,,,,,,,,,,,,,,,,,,,,,,,,,,,,,,,,,,,,,,,,,,,,,,,,,,,,,,,,,,,,,TN,TN
autoland,4060512,13,77a9707257b88d3b15060667769a2def98a71cff,windows10-64-shippable-qr,True,False,,|c|o|l|d| |f|i|s|s|i|o|n| |i|n|t|e|r|a|c|t|i|v|e| |w|e|b|r|e|n|d|e|r|,102210fe594ee9b33d82058545b1ed14f4c8206e,LastVisualChange,reddit-billgates-post-1.posts,True,reddit-billgates-post-1.posts LastVisualChange opt cold fission webrender,,77,ms,firefox,,1739112895,2023-08-11 08:27:25,500.2,cda91469ef2a9b195d09f702816a5f7aec451d02,1286199,,,,,,,,,,,,,,,,,,,,,,,,,,,,,,,,,,,,,,,,,,,,,,,,,,,,,,,,,,,,,TN,TN
autoland,4060512,13,77a9707257b88d3b15060667769a2def98a71cff,windows10-64-shippable-qr,True,False,,|c|o|l|d| |f|i|s|s|i|o|n| |i|n|t|e|r|a|c|t|i|v|e| |w|e|b|r|e|n|d|e|r|,102210fe594ee9b33d82058545b1ed14f4c8206e,LastVisualChange,reddit-billgates-post-1.posts,True,reddit-billgates-post-1.posts LastVisualChange opt cold fission webrender,,77,ms,firefox,,1739299097,2023-08-11 14:16:15,528.9,21aaca8e9cca74e93bf7c9c3a6c05b78a0d46a06,1286315,,,,,,,,,,,,,,,,,,,,,,,,,,,,,,,,,,,,,,,,,,,,,,,,,,,,,,,,,,,,,TN,TN
autoland,4060512,13,77a9707257b88d3b15060667769a2def98a71cff,windows10-64-shippable-qr,True,False,,|c|o|l|d| |f|i|s|s|i|o|n| |i|n|t|e|r|a|c|t|i|v|e| |w|e|b|r|e|n|d|e|r|,102210fe594ee9b33d82058545b1ed14f4c8206e,LastVisualChange,reddit-billgates-post-1.posts,True,reddit-billgates-post-1.posts LastVisualChange opt cold fission webrender,,77,ms,firefox,,1739319034,2023-08-11 16:12:07,502.3,16838b515ded4549918a4ebf3e3fa8a0b427e1f4,1286403,,,,,,,,,,,,,,,,,,,,,,,,,,,,,,,,,,,,,,,,,,,,,,,,,,,,,,,,,,,,,TN,TN
autoland,4060512,13,77a9707257b88d3b15060667769a2def98a71cff,windows10-64-shippable-qr,True,False,,|c|o|l|d| |f|i|s|s|i|o|n| |i|n|t|e|r|a|c|t|i|v|e| |w|e|b|r|e|n|d|e|r|,102210fe594ee9b33d82058545b1ed14f4c8206e,LastVisualChange,reddit-billgates-post-1.posts,True,reddit-billgates-post-1.posts LastVisualChange opt cold fission webrender,,77,ms,firefox,,1739411265,2023-08-11 20:27:04,552.5,700d98d93bde10f22824d5d41b863f4a108f832b,1286565,,,,,,,,,,,,,,,,,,,,,,,,,,,,,,,,,,,,,,,,,,,,,,,,,,,,,,,,,,,,,TN,TN
autoland,4060512,13,77a9707257b88d3b15060667769a2def98a71cff,windows10-64-shippable-qr,True,False,,|c|o|l|d| |f|i|s|s|i|o|n| |i|n|t|e|r|a|c|t|i|v|e| |w|e|b|r|e|n|d|e|r|,102210fe594ee9b33d82058545b1ed14f4c8206e,LastVisualChange,reddit-billgates-post-1.posts,True,reddit-billgates-post-1.posts LastVisualChange opt cold fission webrender,,77,ms,firefox,,1739557614,2023-08-11 21:04:25,519.2,51c1600372ae1fc4b34d3f3d0d77d993ebba6dee,1286579,,,,,,,,,,,,,,,,,,,,,,,,,,,,,,,,,,,,,,,,,,,,,,,,,,,,,,,,,,,,,TN,TN
autoland,4060512,13,77a9707257b88d3b15060667769a2def98a71cff,windows10-64-shippable-qr,True,False,,|c|o|l|d| |f|i|s|s|i|o|n| |i|n|t|e|r|a|c|t|i|v|e| |w|e|b|r|e|n|d|e|r|,102210fe594ee9b33d82058545b1ed14f4c8206e,LastVisualChange,reddit-billgates-post-1.posts,True,reddit-billgates-post-1.posts LastVisualChange opt cold fission webrender,,77,ms,firefox,,1739573357,2023-08-11 21:21:38,509.5,d276fb10dd5967d5a7779c681e5fb051233edc53,1286581,,,,,,,,,,,,,,,,,,,,,,,,,,,,,,,,,,,,,,,,,,,,,,,,,,,,,,,,,,,,,TN,TN
autoland,4060512,13,77a9707257b88d3b15060667769a2def98a71cff,windows10-64-shippable-qr,True,False,,|c|o|l|d| |f|i|s|s|i|o|n| |i|n|t|e|r|a|c|t|i|v|e| |w|e|b|r|e|n|d|e|r|,102210fe594ee9b33d82058545b1ed14f4c8206e,LastVisualChange,reddit-billgates-post-1.posts,True,reddit-billgates-post-1.posts LastVisualChange opt cold fission webrender,,77,ms,firefox,,1739553725,2023-08-12 05:14:02,510.9,8dd752fc2bce87d04b7ae3bab02bb57d59c64e8a,1286635,,,,,,,,,,,,,,,,,,,,,,,,,,,,,,,,,,,,,,,,,,,,,,,,,,,,,,,,,,,,,TN,TN
autoland,4060512,13,77a9707257b88d3b15060667769a2def98a71cff,windows10-64-shippable-qr,True,False,,|c|o|l|d| |f|i|s|s|i|o|n| |i|n|t|e|r|a|c|t|i|v|e| |w|e|b|r|e|n|d|e|r|,102210fe594ee9b33d82058545b1ed14f4c8206e,LastVisualChange,reddit-billgates-post-1.posts,True,reddit-billgates-post-1.posts LastVisualChange opt cold fission webrender,,77,ms,firefox,,1739570138,2023-08-12 05:14:50,504.5,f20040ae7b2f3e1499ea3b90639fd96566103125,1286636,,,,,,,,,,,,,,,,,,,,,,,,,,,,,,,,,,,,,,,,,,,,,,,,,,,,,,,,,,,,,TN,TN
autoland,4060512,13,77a9707257b88d3b15060667769a2def98a71cff,windows10-64-shippable-qr,True,False,,|c|o|l|d| |f|i|s|s|i|o|n| |i|n|t|e|r|a|c|t|i|v|e| |w|e|b|r|e|n|d|e|r|,102210fe594ee9b33d82058545b1ed14f4c8206e,LastVisualChange,reddit-billgates-post-1.posts,True,reddit-billgates-post-1.posts LastVisualChange opt cold fission webrender,,77,ms,firefox,,1739634207,2023-08-12 12:22:39,509.0,6386291adbedd6140dfbf10b071e5cc82f5433a1,1286663,,,,,,,,,,,,,,,,,,,,,,,,,,,,,,,,,,,,,,,,,,,,,,,,,,,,,,,,,,,,,TN,TN
autoland,4060512,13,77a9707257b88d3b15060667769a2def98a71cff,windows10-64-shippable-qr,True,False,,|c|o|l|d| |f|i|s|s|i|o|n| |i|n|t|e|r|a|c|t|i|v|e| |w|e|b|r|e|n|d|e|r|,102210fe594ee9b33d82058545b1ed14f4c8206e,LastVisualChange,reddit-billgates-post-1.posts,True,reddit-billgates-post-1.posts LastVisualChange opt cold fission webrender,,77,ms,firefox,,1739681715,2023-08-12 17:53:09,546.2,9a15449ff274a89d15ae4d345601385b371c2dff,1286688,,,,,,,,,,,,,,,,,,,,,,,,,,,,,,,,,,,,,,,,,,,,,,,,,,,,,,,,,,,,,TN,TN
autoland,4060512,13,77a9707257b88d3b15060667769a2def98a71cff,windows10-64-shippable-qr,True,False,,|c|o|l|d| |f|i|s|s|i|o|n| |i|n|t|e|r|a|c|t|i|v|e| |w|e|b|r|e|n|d|e|r|,102210fe594ee9b33d82058545b1ed14f4c8206e,LastVisualChange,reddit-billgates-post-1.posts,True,reddit-billgates-post-1.posts LastVisualChange opt cold fission webrender,,77,ms,firefox,,1739756968,2023-08-13 04:26:09,508.6,dcf2ddfaffbf9900de8ba4a674708bf996d147b6,1286737,,,,,,,,,,,,,,,,,,,,,,,,,,,,,,,,,,,,,,,,,,,,,,,,,,,,,,,,,,,,,TN,TN
autoland,4060512,13,77a9707257b88d3b15060667769a2def98a71cff,windows10-64-shippable-qr,True,False,,|c|o|l|d| |f|i|s|s|i|o|n| |i|n|t|e|r|a|c|t|i|v|e| |w|e|b|r|e|n|d|e|r|,102210fe594ee9b33d82058545b1ed14f4c8206e,LastVisualChange,reddit-billgates-post-1.posts,True,reddit-billgates-post-1.posts LastVisualChange opt cold fission webrender,,77,ms,firefox,,1739832305,2023-08-13 16:54:11,517.1,cbfbab86b8f2ad4e39c90caa2d8e55102609b72d,1286762,,,,,,,,,,,,,,,,,,,,,,,,,,,,,,,,,,,,,,,,,,,,,,,,,,,,,,,,,,,,,TN,TN
autoland,4060512,13,77a9707257b88d3b15060667769a2def98a71cff,windows10-64-shippable-qr,True,False,,|c|o|l|d| |f|i|s|s|i|o|n| |i|n|t|e|r|a|c|t|i|v|e| |w|e|b|r|e|n|d|e|r|,102210fe594ee9b33d82058545b1ed14f4c8206e,LastVisualChange,reddit-billgates-post-1.posts,True,reddit-billgates-post-1.posts LastVisualChange opt cold fission webrender,,77,ms,firefox,,1739917993,2023-08-14 00:32:30,530.4,bdeed1276a3515d597485fc241f9757ff607a9d1,1286792,,,,,,,,,,,,,,,,,,,,,,,,,,,,,,,,,,,,,,,,,,,,,,,,,,,,,,,,,,,,,TN,TN
autoland,4060512,13,77a9707257b88d3b15060667769a2def98a71cff,windows10-64-shippable-qr,True,False,,|c|o|l|d| |f|i|s|s|i|o|n| |i|n|t|e|r|a|c|t|i|v|e| |w|e|b|r|e|n|d|e|r|,102210fe594ee9b33d82058545b1ed14f4c8206e,LastVisualChange,reddit-billgates-post-1.posts,True,reddit-billgates-post-1.posts LastVisualChange opt cold fission webrender,,77,ms,firefox,,1739955024,2023-08-14 06:39:21,541.3,a5bcd3edffd78b69932e1ea7c5dda0894107edaa,1286822,,,,,,,,,,,,,,,,,,,,,,,,,,,,,,,,,,,,,,,,,,,,,,,,,,,,,,,,,,,,,TN,TN
autoland,4060512,13,77a9707257b88d3b15060667769a2def98a71cff,windows10-64-shippable-qr,True,False,,|c|o|l|d| |f|i|s|s|i|o|n| |i|n|t|e|r|a|c|t|i|v|e| |w|e|b|r|e|n|d|e|r|,102210fe594ee9b33d82058545b1ed14f4c8206e,LastVisualChange,reddit-billgates-post-1.posts,True,reddit-billgates-post-1.posts LastVisualChange opt cold fission webrender,,77,ms,firefox,,1740028422,2023-08-14 10:48:55,511.5,64a1445ac4138d208b6412914b12fd0a2e9ff945,1286891,,,,,,,,,,,,,,,,,,,,,,,,,,,,,,,,,,,,,,,,,,,,,,,,,,,,,,,,,,,,,TN,TN
autoland,4060512,13,77a9707257b88d3b15060667769a2def98a71cff,windows10-64-shippable-qr,True,False,,|c|o|l|d| |f|i|s|s|i|o|n| |i|n|t|e|r|a|c|t|i|v|e| |w|e|b|r|e|n|d|e|r|,102210fe594ee9b33d82058545b1ed14f4c8206e,LastVisualChange,reddit-billgates-post-1.posts,True,reddit-billgates-post-1.posts LastVisualChange opt cold fission webrender,,77,ms,firefox,,1740485392,2023-08-14 14:08:51,505.4,31e28d290422a1535f35bcc058af1c08f4c7359b,1286994,,,,,,,,,,,,,,,,,,,,,,,,,,,,,,,,,,,,,,,,,,,,,,,,,,,,,,,,,,,,,TN,TN
autoland,4060512,13,77a9707257b88d3b15060667769a2def98a71cff,windows10-64-shippable-qr,True,False,,|c|o|l|d| |f|i|s|s|i|o|n| |i|n|t|e|r|a|c|t|i|v|e| |w|e|b|r|e|n|d|e|r|,102210fe594ee9b33d82058545b1ed14f4c8206e,LastVisualChange,reddit-billgates-post-1.posts,True,reddit-billgates-post-1.posts LastVisualChange opt cold fission webrender,,77,ms,firefox,,1740472840,2023-08-14 14:09:39,522.3,8d9f5cc542b6dad03ce85719537d30c4469e20b1,1286995,,,,,,,,,,,,,,,,,,,,,,,,,,,,,,,,,,,,,,,,,,,,,,,,,,,,,,,,,,,,,TN,TN
autoland,4060512,13,77a9707257b88d3b15060667769a2def98a71cff,windows10-64-shippable-qr,True,False,,|c|o|l|d| |f|i|s|s|i|o|n| |i|n|t|e|r|a|c|t|i|v|e| |w|e|b|r|e|n|d|e|r|,102210fe594ee9b33d82058545b1ed14f4c8206e,LastVisualChange,reddit-billgates-post-1.posts,True,reddit-billgates-post-1.posts LastVisualChange opt cold fission webrender,,77,ms,firefox,,1740170029,2023-08-14 16:54:04,538.7,5b1987d52ae19ebe1b311fec0f664563b5bf198d,1287092,,,,,,,,,,,,,,,,,,,,,,,,,,,,,,,,,,,,,,,,,,,,,,,,,,,,,,,,,,,,,TN,TN
autoland,4060512,13,77a9707257b88d3b15060667769a2def98a71cff,windows10-64-shippable-qr,True,False,,|c|o|l|d| |f|i|s|s|i|o|n| |i|n|t|e|r|a|c|t|i|v|e| |w|e|b|r|e|n|d|e|r|,102210fe594ee9b33d82058545b1ed14f4c8206e,LastVisualChange,reddit-billgates-post-1.posts,True,reddit-billgates-post-1.posts LastVisualChange opt cold fission webrender,,77,ms,firefox,,1740489491,2023-08-14 18:39:26,515.1,e69719641442a9b020920854741bcc703d699bc9,1287157,,,,,,,,,,,,,,,,,,,,,,,,,,,,,,,,,,,,,,,,,,,,,,,,,,,,,,,,,,,,,TN,TN
autoland,4060512,13,77a9707257b88d3b15060667769a2def98a71cff,windows10-64-shippable-qr,True,False,,|c|o|l|d| |f|i|s|s|i|o|n| |i|n|t|e|r|a|c|t|i|v|e| |w|e|b|r|e|n|d|e|r|,102210fe594ee9b33d82058545b1ed14f4c8206e,LastVisualChange,reddit-billgates-post-1.posts,True,reddit-billgates-post-1.posts LastVisualChange opt cold fission webrender,,77,ms,firefox,,1740494531,2023-08-14 18:43:30,502.1,98ec3e8e37bd0c1dd0d57c0b66e97f6de4d5f66c,1287159,,,,,,,,,,,,,,,,,,,,,,,,,,,,,,,,,,,,,,,,,,,,,,,,,,,,,,,,,,,,,TN,TN
autoland,4060512,13,77a9707257b88d3b15060667769a2def98a71cff,windows10-64-shippable-qr,True,False,,|c|o|l|d| |f|i|s|s|i|o|n| |i|n|t|e|r|a|c|t|i|v|e| |w|e|b|r|e|n|d|e|r|,102210fe594ee9b33d82058545b1ed14f4c8206e,LastVisualChange,reddit-billgates-post-1.posts,True,reddit-billgates-post-1.posts LastVisualChange opt cold fission webrender,,77,ms,firefox,,1740329984,2023-08-14 21:20:15,566.4,7081c01a8f314a82bc3c055c11f0880dc2b706fb,1287268,,,,,,,,,,,,,,,,,,,,,,,,,,,,,,,,,,,,,,,,,,,,,,,,,,,,,,,,,,,,,TN,TN
autoland,4060512,13,77a9707257b88d3b15060667769a2def98a71cff,windows10-64-shippable-qr,True,False,,|c|o|l|d| |f|i|s|s|i|o|n| |i|n|t|e|r|a|c|t|i|v|e| |w|e|b|r|e|n|d|e|r|,102210fe594ee9b33d82058545b1ed14f4c8206e,LastVisualChange,reddit-billgates-post-1.posts,True,reddit-billgates-post-1.posts LastVisualChange opt cold fission webrender,,77,ms,firefox,,1740365382,2023-08-14 23:25:21,488.8,88ec6682eab1c5c36cb839c8db0156446559a1cb,1287331,,,,,,,,,,,,,,,,,,,,,,,,,,,,,,,,,,,,,,,,,,,,,,,,,,,,,,,,,,,,,TN,TN
autoland,4060512,13,77a9707257b88d3b15060667769a2def98a71cff,windows10-64-shippable-qr,True,False,,|c|o|l|d| |f|i|s|s|i|o|n| |i|n|t|e|r|a|c|t|i|v|e| |w|e|b|r|e|n|d|e|r|,102210fe594ee9b33d82058545b1ed14f4c8206e,LastVisualChange,reddit-billgates-post-1.posts,True,reddit-billgates-post-1.posts LastVisualChange opt cold fission webrender,,77,ms,firefox,,1740507861,2023-08-15 03:40:03,505.7,ef2753ba331b17b408096bfd42e83a91039b995d,1287395,,,,,,,,,,,,,,,,,,,,,,,,,,,,,,,,,,,,,,,,,,,,,,,,,,,,,,,,,,,,,TN,TN
autoland,4060512,13,77a9707257b88d3b15060667769a2def98a71cff,windows10-64-shippable-qr,True,False,,|c|o|l|d| |f|i|s|s|i|o|n| |i|n|t|e|r|a|c|t|i|v|e| |w|e|b|r|e|n|d|e|r|,102210fe594ee9b33d82058545b1ed14f4c8206e,LastVisualChange,reddit-billgates-post-1.posts,True,reddit-billgates-post-1.posts LastVisualChange opt cold fission webrender,,77,ms,firefox,,1740626785,2023-08-15 12:15:00,529.1,0038346134ec0c0912660c19edced48ff4c9996b,1287534,,,,,,,,,,,,,,,,,,,,,,,,,,,,,,,,,,,,,,,,,,,,,,,,,,,,,,,,,,,,,TN,TN
autoland,4060512,13,77a9707257b88d3b15060667769a2def98a71cff,windows10-64-shippable-qr,True,False,,|c|o|l|d| |f|i|s|s|i|o|n| |i|n|t|e|r|a|c|t|i|v|e| |w|e|b|r|e|n|d|e|r|,102210fe594ee9b33d82058545b1ed14f4c8206e,LastVisualChange,reddit-billgates-post-1.posts,True,reddit-billgates-post-1.posts LastVisualChange opt cold fission webrender,,77,ms,firefox,,1740653887,2023-08-15 12:16:05,529.0,34ea39f6bd8afd706e571c5a5c5557f8f02274c7,1287535,,,,,,,,,,,,,,,,,,,,,,,,,,,,,,,,,,,,,,,,,,,,,,,,,,,,,,,,,,,,,TN,TN
autoland,4060512,13,77a9707257b88d3b15060667769a2def98a71cff,windows10-64-shippable-qr,True,False,,|c|o|l|d| |f|i|s|s|i|o|n| |i|n|t|e|r|a|c|t|i|v|e| |w|e|b|r|e|n|d|e|r|,102210fe594ee9b33d82058545b1ed14f4c8206e,LastVisualChange,reddit-billgates-post-1.posts,True,reddit-billgates-post-1.posts LastVisualChange opt cold fission webrender,,77,ms,firefox,,1741135782,2023-08-15 12:37:24,527.8,e22b9fd845f91f33a25fd6da2d0f6c46e5a73fda,1287550,,,,,,,,,,,,,,,,,,,,,,,,,,,,,,,,,,,,,,,,,,,,,,,,,,,,,,,,,,,,,TN,TN
autoland,4060512,13,77a9707257b88d3b15060667769a2def98a71cff,windows10-64-shippable-qr,True,False,,|c|o|l|d| |f|i|s|s|i|o|n| |i|n|t|e|r|a|c|t|i|v|e| |w|e|b|r|e|n|d|e|r|,102210fe594ee9b33d82058545b1ed14f4c8206e,LastVisualChange,reddit-billgates-post-1.posts,True,reddit-billgates-post-1.posts LastVisualChange opt cold fission webrender,,77,ms,firefox,,1741172010,2023-08-15 12:57:24,511.1,98924afbd295dc09b62c5086c76b9e8ff5089521,1287555,,,,,,,,,,,,,,,,,,,,,,,,,,,,,,,,,,,,,,,,,,,,,,,,,,,,,,,,,,,,,TN,TN
autoland,4060512,13,77a9707257b88d3b15060667769a2def98a71cff,windows10-64-shippable-qr,True,False,,|c|o|l|d| |f|i|s|s|i|o|n| |i|n|t|e|r|a|c|t|i|v|e| |w|e|b|r|e|n|d|e|r|,102210fe594ee9b33d82058545b1ed14f4c8206e,LastVisualChange,reddit-billgates-post-1.posts,True,reddit-billgates-post-1.posts LastVisualChange opt cold fission webrender,,77,ms,firefox,,1740860865,2023-08-15 17:48:00,512.5,c01a1256082294777509d59591b44cc1a9a54101,1287732,,,,,,,,,,,,,,,,,,,,,,,,,,,,,,,,,,,,,,,,,,,,,,,,,,,,,,,,,,,,,TN,TN
autoland,4060512,13,77a9707257b88d3b15060667769a2def98a71cff,windows10-64-shippable-qr,True,False,,|c|o|l|d| |f|i|s|s|i|o|n| |i|n|t|e|r|a|c|t|i|v|e| |w|e|b|r|e|n|d|e|r|,102210fe594ee9b33d82058545b1ed14f4c8206e,LastVisualChange,reddit-billgates-post-1.posts,True,reddit-billgates-post-1.posts LastVisualChange opt cold fission webrender,,77,ms,firefox,,1740997550,2023-08-15 20:18:28,512.1,b6d00af33f9f1879900a9ff148f77a03de4ca507,1287829,,,,,,,,,,,,,,,,,,,,,,,,,,,,,,,,,,,,,,,,,,,,,,,,,,,,,,,,,,,,,TN,TN
autoland,4060512,13,77a9707257b88d3b15060667769a2def98a71cff,windows10-64-shippable-qr,True,False,,|c|o|l|d| |f|i|s|s|i|o|n| |i|n|t|e|r|a|c|t|i|v|e| |w|e|b|r|e|n|d|e|r|,102210fe594ee9b33d82058545b1ed14f4c8206e,LastVisualChange,reddit-billgates-post-1.posts,True,reddit-billgates-post-1.posts LastVisualChange opt cold fission webrender,,77,ms,firefox,,1741873137,2023-08-15 23:56:07,499.0,d89c15eac4ec564501a3193bdcd58be7d02393c5,1287949,,,,,,,,,,,,,,,,,,,,,,,,,,,,,,,,,,,,,,,,,,,,,,,,,,,,,,,,,,,,,TN,TN
autoland,4060512,13,77a9707257b88d3b15060667769a2def98a71cff,windows10-64-shippable-qr,True,False,,|c|o|l|d| |f|i|s|s|i|o|n| |i|n|t|e|r|a|c|t|i|v|e| |w|e|b|r|e|n|d|e|r|,102210fe594ee9b33d82058545b1ed14f4c8206e,LastVisualChange,reddit-billgates-post-1.posts,True,reddit-billgates-post-1.posts LastVisualChange opt cold fission webrender,,77,ms,firefox,,1741854112,2023-08-16 00:04:54,500.8,e3e4e48f102fd5baecd164c042650d7ed05a3d4a,1287957,,,,,,,,,,,,,,,,,,,,,,,,,,,,,,,,,,,,,,,,,,,,,,,,,,,,,,,,,,,,,TN,TN
autoland,4060512,13,77a9707257b88d3b15060667769a2def98a71cff,windows10-64-shippable-qr,True,False,,|c|o|l|d| |f|i|s|s|i|o|n| |i|n|t|e|r|a|c|t|i|v|e| |w|e|b|r|e|n|d|e|r|,102210fe594ee9b33d82058545b1ed14f4c8206e,LastVisualChange,reddit-billgates-post-1.posts,True,reddit-billgates-post-1.posts LastVisualChange opt cold fission webrender,,77,ms,firefox,,1741055623,2023-08-16 01:44:13,530.2,af1979bb2dd22b96889d47af7852253d7f161693,1287987,,,,,,,,,,,,,,,,,,,,,,,,,,,,,,,,,,,,,,,,,,,,,,,,,,,,,,,,,,,,,TN,TN
autoland,4060512,13,77a9707257b88d3b15060667769a2def98a71cff,windows10-64-shippable-qr,True,False,,|c|o|l|d| |f|i|s|s|i|o|n| |i|n|t|e|r|a|c|t|i|v|e| |w|e|b|r|e|n|d|e|r|,102210fe594ee9b33d82058545b1ed14f4c8206e,LastVisualChange,reddit-billgates-post-1.posts,True,reddit-billgates-post-1.posts LastVisualChange opt cold fission webrender,,77,ms,firefox,,1741162058,2023-08-16 06:09:24,549.2,4d7123b9c5729f33db3288141ea7502fae3cbadc,1288100,,,,,,,,,,,,,,,,,,,,,,,,,,,,,,,,,,,,,,,,,,,,,,,,,,,,,,,,,,,,,TN,TN
autoland,4060512,13,77a9707257b88d3b15060667769a2def98a71cff,windows10-64-shippable-qr,True,False,,|c|o|l|d| |f|i|s|s|i|o|n| |i|n|t|e|r|a|c|t|i|v|e| |w|e|b|r|e|n|d|e|r|,102210fe594ee9b33d82058545b1ed14f4c8206e,LastVisualChange,reddit-billgates-post-1.posts,True,reddit-billgates-post-1.posts LastVisualChange opt cold fission webrender,,77,ms,firefox,,1741216386,2023-08-16 07:28:11,524.7,3ba3d3cb9bb7860efcbb623d34fc5d721fc7cfcb,1288129,,,,,,,,,,,,,,,,,,,,,,,,,,,,,,,,,,,,,,,,,,,,,,,,,,,,,,,,,,,,,TN,TN
autoland,4060512,13,77a9707257b88d3b15060667769a2def98a71cff,windows10-64-shippable-qr,True,False,,|c|o|l|d| |f|i|s|s|i|o|n| |i|n|t|e|r|a|c|t|i|v|e| |w|e|b|r|e|n|d|e|r|,102210fe594ee9b33d82058545b1ed14f4c8206e,LastVisualChange,reddit-billgates-post-1.posts,True,reddit-billgates-post-1.posts LastVisualChange opt cold fission webrender,,77,ms,firefox,,1741315878,2023-08-16 10:40:28,507.6,3cbe8cb45dab35d18ef4ffb5481be55dfabf47c7,1288233,,,,,,,,,,,,,,,,,,,,,,,,,,,,,,,,,,,,,,,,,,,,,,,,,,,,,,,,,,,,,TN,TN
autoland,4060512,13,77a9707257b88d3b15060667769a2def98a71cff,windows10-64-shippable-qr,True,False,,|c|o|l|d| |f|i|s|s|i|o|n| |i|n|t|e|r|a|c|t|i|v|e| |w|e|b|r|e|n|d|e|r|,102210fe594ee9b33d82058545b1ed14f4c8206e,LastVisualChange,reddit-billgates-post-1.posts,True,reddit-billgates-post-1.posts LastVisualChange opt cold fission webrender,,77,ms,firefox,,1741792601,2023-08-16 12:28:12,491.6,8a73ffb04e0b980e31fed0ef3226cec7dc161d52,1288290,,,,,,,,,,,,,,,,,,,,,,,,,,,,,,,,,,,,,,,,,,,,,,,,,,,,,,,,,,,,,TN,TN
autoland,4060512,13,77a9707257b88d3b15060667769a2def98a71cff,windows10-64-shippable-qr,True,False,,|c|o|l|d| |f|i|s|s|i|o|n| |i|n|t|e|r|a|c|t|i|v|e| |w|e|b|r|e|n|d|e|r|,102210fe594ee9b33d82058545b1ed14f4c8206e,LastVisualChange,reddit-billgates-post-1.posts,True,reddit-billgates-post-1.posts LastVisualChange opt cold fission webrender,,77,ms,firefox,,1741869312,2023-08-16 13:01:50,511.0,7122f40ccb24e35d458d3a857d77fe59f96a6f12,1288300,,,,,,,,,,,,,,,,,,,,,,,,,,,,,,,,,,,,,,,,,,,,,,,,,,,,,,,,,,,,,TN,TN
autoland,4060512,13,77a9707257b88d3b15060667769a2def98a71cff,windows10-64-shippable-qr,True,False,,|c|o|l|d| |f|i|s|s|i|o|n| |i|n|t|e|r|a|c|t|i|v|e| |w|e|b|r|e|n|d|e|r|,102210fe594ee9b33d82058545b1ed14f4c8206e,LastVisualChange,reddit-billgates-post-1.posts,True,reddit-billgates-post-1.posts LastVisualChange opt cold fission webrender,,77,ms,firefox,,1741487930,2023-08-16 14:37:22,508.0,1cafd355bbcf32aae501b9419edec5e7c8a59968,1288343,,,,,,,,,,,,,,,,,,,,,,,,,,,,,,,,,,,,,,,,,,,,,,,,,,,,,,,,,,,,,TN,TN
autoland,4060512,13,77a9707257b88d3b15060667769a2def98a71cff,windows10-64-shippable-qr,True,False,,|c|o|l|d| |f|i|s|s|i|o|n| |i|n|t|e|r|a|c|t|i|v|e| |w|e|b|r|e|n|d|e|r|,102210fe594ee9b33d82058545b1ed14f4c8206e,LastVisualChange,reddit-billgates-post-1.posts,True,reddit-billgates-post-1.posts LastVisualChange opt cold fission webrender,,77,ms,firefox,,1741830493,2023-08-16 17:18:17,512.3,76c2ef9d279ab62d4513c845d1c71e49aaf07d8c,1288437,,,,,,,,,,,,,,,,,,,,,,,,,,,,,,,,,,,,,,,,,,,,,,,,,,,,,,,,,,,,,TN,TN
autoland,4060512,13,77a9707257b88d3b15060667769a2def98a71cff,windows10-64-shippable-qr,True,False,,|c|o|l|d| |f|i|s|s|i|o|n| |i|n|t|e|r|a|c|t|i|v|e| |w|e|b|r|e|n|d|e|r|,102210fe594ee9b33d82058545b1ed14f4c8206e,LastVisualChange,reddit-billgates-post-1.posts,True,reddit-billgates-post-1.posts LastVisualChange opt cold fission webrender,,77,ms,firefox,,1741880801,2023-08-16 17:19:17,514.4,e679173f9fd8ae276789ca7302817d53d23baab4,1288439,,,,,,,,,,,,,,,,,,,,,,,,,,,,,,,,,,,,,,,,,,,,,,,,,,,,,,,,,,,,,TN,TN
autoland,4060512,13,77a9707257b88d3b15060667769a2def98a71cff,windows10-64-shippable-qr,True,False,,|c|o|l|d| |f|i|s|s|i|o|n| |i|n|t|e|r|a|c|t|i|v|e| |w|e|b|r|e|n|d|e|r|,102210fe594ee9b33d82058545b1ed14f4c8206e,LastVisualChange,reddit-billgates-post-1.posts,True,reddit-billgates-post-1.posts LastVisualChange opt cold fission webrender,,77,ms,firefox,,1741605428,2023-08-16 18:57:22,501.6,1c8dec8815d59d488dc44109a4361dcec573ec0a,1288496,,,,,,,,,,,,,,,,,,,,,,,,,,,,,,,,,,,,,,,,,,,,,,,,,,,,,,,,,,,,,TN,TN
autoland,4060512,13,77a9707257b88d3b15060667769a2def98a71cff,windows10-64-shippable-qr,True,False,,|c|o|l|d| |f|i|s|s|i|o|n| |i|n|t|e|r|a|c|t|i|v|e| |w|e|b|r|e|n|d|e|r|,102210fe594ee9b33d82058545b1ed14f4c8206e,LastVisualChange,reddit-billgates-post-1.posts,True,reddit-billgates-post-1.posts LastVisualChange opt cold fission webrender,,77,ms,firefox,,1741690078,2023-08-16 23:04:52,510.3,4e21d241af64f5d1f3b4796d48ab8d58a961f081,1288666,,,,,,,,,,,,,,,,,,,,,,,,,,,,,,,,,,,,,,,,,,,,,,,,,,,,,,,,,,,,,TN,TN
autoland,4060512,13,77a9707257b88d3b15060667769a2def98a71cff,windows10-64-shippable-qr,True,False,,|c|o|l|d| |f|i|s|s|i|o|n| |i|n|t|e|r|a|c|t|i|v|e| |w|e|b|r|e|n|d|e|r|,102210fe594ee9b33d82058545b1ed14f4c8206e,LastVisualChange,reddit-billgates-post-1.posts,True,reddit-billgates-post-1.posts LastVisualChange opt cold fission webrender,,77,ms,firefox,,1741735778,2023-08-16 23:22:50,527.4,200aa08042f1b584401fd4aca219d4b68edf7973,1288675,,,,,,,,,,,,,,,,,,,,,,,,,,,,,,,,,,,,,,,,,,,,,,,,,,,,,,,,,,,,,TN,TN
autoland,4060512,13,77a9707257b88d3b15060667769a2def98a71cff,windows10-64-shippable-qr,True,False,,|c|o|l|d| |f|i|s|s|i|o|n| |i|n|t|e|r|a|c|t|i|v|e| |w|e|b|r|e|n|d|e|r|,102210fe594ee9b33d82058545b1ed14f4c8206e,LastVisualChange,reddit-billgates-post-1.posts,True,reddit-billgates-post-1.posts LastVisualChange opt cold fission webrender,,77,ms,firefox,,1741842299,2023-08-17 04:16:28,531.3,18db2934736dc8d16e5b5840ec0b170aef5c0c3b,1288753,,,,,,,,,,,,,,,,,,,,,,,,,,,,,,,,,,,,,,,,,,,,,,,,,,,,,,,,,,,,,TN,TN
autoland,4060512,13,77a9707257b88d3b15060667769a2def98a71cff,windows10-64-shippable-qr,True,False,,|c|o|l|d| |f|i|s|s|i|o|n| |i|n|t|e|r|a|c|t|i|v|e| |w|e|b|r|e|n|d|e|r|,102210fe594ee9b33d82058545b1ed14f4c8206e,LastVisualChange,reddit-billgates-post-1.posts,True,reddit-billgates-post-1.posts LastVisualChange opt cold fission webrender,,77,ms,firefox,,1742003243,2023-08-17 08:24:55,511.2,bee27401511bf375891968a9ca78d7ef74d19962,1288813,,,,,,,,,,,,,,,,,,,,,,,,,,,,,,,,,,,,,,,,,,,,,,,,,,,,,,,,,,,,,TN,TN
autoland,4060512,13,77a9707257b88d3b15060667769a2def98a71cff,windows10-64-shippable-qr,True,False,,|c|o|l|d| |f|i|s|s|i|o|n| |i|n|t|e|r|a|c|t|i|v|e| |w|e|b|r|e|n|d|e|r|,102210fe594ee9b33d82058545b1ed14f4c8206e,LastVisualChange,reddit-billgates-post-1.posts,True,reddit-billgates-post-1.posts LastVisualChange opt cold fission webrender,,77,ms,firefox,,1741993958,2023-08-17 10:09:55,525.4,78e7cb2837e7dec0ef55a2f5f383625335ad2520,1288847,,,,,,,,,,,,,,,,,,,,,,,,,,,,,,,,,,,,,,,,,,,,,,,,,,,,,,,,,,,,,TN,TN
autoland,4060512,13,77a9707257b88d3b15060667769a2def98a71cff,windows10-64-shippable-qr,True,False,,|c|o|l|d| |f|i|s|s|i|o|n| |i|n|t|e|r|a|c|t|i|v|e| |w|e|b|r|e|n|d|e|r|,102210fe594ee9b33d82058545b1ed14f4c8206e,LastVisualChange,reddit-billgates-post-1.posts,True,reddit-billgates-post-1.posts LastVisualChange opt cold fission webrender,,77,ms,firefox,,1742109001,2023-08-17 14:34:38,505.8,776fbad509150f69418e1f44fa2580c651211253,1288953,,,,,,,,,,,,,,,,,,,,,,,,,,,,,,,,,,,,,,,,,,,,,,,,,,,,,,,,,,,,,TN,TN
autoland,4060512,13,77a9707257b88d3b15060667769a2def98a71cff,windows10-64-shippable-qr,True,False,,|c|o|l|d| |f|i|s|s|i|o|n| |i|n|t|e|r|a|c|t|i|v|e| |w|e|b|r|e|n|d|e|r|,102210fe594ee9b33d82058545b1ed14f4c8206e,LastVisualChange,reddit-billgates-post-1.posts,True,reddit-billgates-post-1.posts LastVisualChange opt cold fission webrender,,77,ms,firefox,,1742232342,2023-08-17 16:13:13,519.2,aac1f1d71d5251ffb80e7a22087e1c473e53069d,1289025,,,,,,,,,,,,,,,,,,,,,,,,,,,,,,,,,,,,,,,,,,,,,,,,,,,,,,,,,,,,,TN,TN
autoland,4060512,13,77a9707257b88d3b15060667769a2def98a71cff,windows10-64-shippable-qr,True,False,,|c|o|l|d| |f|i|s|s|i|o|n| |i|n|t|e|r|a|c|t|i|v|e| |w|e|b|r|e|n|d|e|r|,102210fe594ee9b33d82058545b1ed14f4c8206e,LastVisualChange,reddit-billgates-post-1.posts,True,reddit-billgates-post-1.posts LastVisualChange opt cold fission webrender,,77,ms,firefox,,1742640694,2023-08-17 18:39:00,507.7,d6e3a985fda44edfa84fae3ecc4b52e6b732f09e,1289103,,,,,,,,,,,,,,,,,,,,,,,,,,,,,,,,,,,,,,,,,,,,,,,,,,,,,,,,,,,,,TN,TN
autoland,4060512,13,77a9707257b88d3b15060667769a2def98a71cff,windows10-64-shippable-qr,True,False,,|c|o|l|d| |f|i|s|s|i|o|n| |i|n|t|e|r|a|c|t|i|v|e| |w|e|b|r|e|n|d|e|r|,102210fe594ee9b33d82058545b1ed14f4c8206e,LastVisualChange,reddit-billgates-post-1.posts,True,reddit-billgates-post-1.posts LastVisualChange opt cold fission webrender,,77,ms,firefox,,1742646781,2023-08-17 18:44:39,529.3,42f016209a0fa6eb7e2f00106a5dea63b63bf689,1289111,,,,,,,,,,,,,,,,,,,,,,,,,,,,,,,,,,,,,,,,,,,,,,,,,,,,,,,,,,,,,TN,TN
autoland,4060512,13,77a9707257b88d3b15060667769a2def98a71cff,windows10-64-shippable-qr,True,False,,|c|o|l|d| |f|i|s|s|i|o|n| |i|n|t|e|r|a|c|t|i|v|e| |w|e|b|r|e|n|d|e|r|,102210fe594ee9b33d82058545b1ed14f4c8206e,LastVisualChange,reddit-billgates-post-1.posts,True,reddit-billgates-post-1.posts LastVisualChange opt cold fission webrender,,77,ms,firefox,,1742660191,2023-08-17 19:33:04,515.8,a317d1d25b687e15043cbc110d81765aeb149752,1289134,,,,,,,,,,,,,,,,,,,,,,,,,,,,,,,,,,,,,,,,,,,,,,,,,,,,,,,,,,,,,TN,TN
autoland,4060512,13,77a9707257b88d3b15060667769a2def98a71cff,windows10-64-shippable-qr,True,False,,|c|o|l|d| |f|i|s|s|i|o|n| |i|n|t|e|r|a|c|t|i|v|e| |w|e|b|r|e|n|d|e|r|,102210fe594ee9b33d82058545b1ed14f4c8206e,LastVisualChange,reddit-billgates-post-1.posts,True,reddit-billgates-post-1.posts LastVisualChange opt cold fission webrender,,77,ms,firefox,,1742417494,2023-08-17 19:44:04,544.8,e3a24ea4f8b0be504990cbc266d7af273804678e,1289144,,,,,,,,,,,,,,,,,,,,,,,,,,,,,,,,,,,,,,,,,,,,,,,,,,,,,,,,,,,,,TN,TN
autoland,4060512,13,77a9707257b88d3b15060667769a2def98a71cff,windows10-64-shippable-qr,True,False,,|c|o|l|d| |f|i|s|s|i|o|n| |i|n|t|e|r|a|c|t|i|v|e| |w|e|b|r|e|n|d|e|r|,102210fe594ee9b33d82058545b1ed14f4c8206e,LastVisualChange,reddit-billgates-post-1.posts,True,reddit-billgates-post-1.posts LastVisualChange opt cold fission webrender,,77,ms,firefox,,1742472176,2023-08-18 00:01:41,521.0,990790cb4b9bfd20fd7683f2815d50585f5dcba2,1289285,,,,,,,,,,,,,,,,,,,,,,,,,,,,,,,,,,,,,,,,,,,,,,,,,,,,,,,,,,,,,TN,TN
autoland,4060512,13,77a9707257b88d3b15060667769a2def98a71cff,windows10-64-shippable-qr,True,False,,|c|o|l|d| |f|i|s|s|i|o|n| |i|n|t|e|r|a|c|t|i|v|e| |w|e|b|r|e|n|d|e|r|,102210fe594ee9b33d82058545b1ed14f4c8206e,LastVisualChange,reddit-billgates-post-1.posts,True,reddit-billgates-post-1.posts LastVisualChange opt cold fission webrender,,77,ms,firefox,,1742626925,2023-08-18 04:25:36,508.4,deca2c956e89b8e65d2a1b0fcb79db8b991a7046,1289346,,,,,,,,,,,,,,,,,,,,,,,,,,,,,,,,,,,,,,,,,,,,,,,,,,,,,,,,,,,,,TN,TN
autoland,4060512,13,77a9707257b88d3b15060667769a2def98a71cff,windows10-64-shippable-qr,True,False,,|c|o|l|d| |f|i|s|s|i|o|n| |i|n|t|e|r|a|c|t|i|v|e| |w|e|b|r|e|n|d|e|r|,102210fe594ee9b33d82058545b1ed14f4c8206e,LastVisualChange,reddit-billgates-post-1.posts,True,reddit-billgates-post-1.posts LastVisualChange opt cold fission webrender,,77,ms,firefox,,1742669159,2023-08-18 05:21:52,511.8,87da0265a044885f5ed64cc9ce2b961721d2142e,1289351,,,,,,,,,,,,,,,,,,,,,,,,,,,,,,,,,,,,,,,,,,,,,,,,,,,,,,,,,,,,,TN,TN
autoland,4060512,13,77a9707257b88d3b15060667769a2def98a71cff,windows10-64-shippable-qr,True,False,,|c|o|l|d| |f|i|s|s|i|o|n| |i|n|t|e|r|a|c|t|i|v|e| |w|e|b|r|e|n|d|e|r|,102210fe594ee9b33d82058545b1ed14f4c8206e,LastVisualChange,reddit-billgates-post-1.posts,True,reddit-billgates-post-1.posts LastVisualChange opt cold fission webrender,,77,ms,firefox,,1742842730,2023-08-18 14:09:35,507.8,e2305368eaae41c8b47dd15f03addc2ec4fe0504,1289469,,,,,,,,,,,,,,,,,,,,,,,,,,,,,,,,,,,,,,,,,,,,,,,,,,,,,,,,,,,,,TN,TN
autoland,4060512,13,77a9707257b88d3b15060667769a2def98a71cff,windows10-64-shippable-qr,True,False,,|c|o|l|d| |f|i|s|s|i|o|n| |i|n|t|e|r|a|c|t|i|v|e| |w|e|b|r|e|n|d|e|r|,102210fe594ee9b33d82058545b1ed14f4c8206e,LastVisualChange,reddit-billgates-post-1.posts,True,reddit-billgates-post-1.posts LastVisualChange opt cold fission webrender,,77,ms,firefox,,1742947754,2023-08-18 19:46:30,510.9,62feb2305afdcba50bd84b58cd2ab152d53c61e7,1289627,,,,,,,,,,,,,,,,,,,,,,,,,,,,,,,,,,,,,,,,,,,,,,,,,,,,,,,,,,,,,TN,TN
autoland,4060512,13,77a9707257b88d3b15060667769a2def98a71cff,windows10-64-shippable-qr,True,False,,|c|o|l|d| |f|i|s|s|i|o|n| |i|n|t|e|r|a|c|t|i|v|e| |w|e|b|r|e|n|d|e|r|,102210fe594ee9b33d82058545b1ed14f4c8206e,LastVisualChange,reddit-billgates-post-1.posts,True,reddit-billgates-post-1.posts LastVisualChange opt cold fission webrender,,77,ms,firefox,,1743059286,2023-08-19 05:41:08,518.5,9814020284505cbc4a6075b3b7aba216be0632f8,1289731,,,,,,,,,,,,,,,,,,,,,,,,,,,,,,,,,,,,,,,,,,,,,,,,,,,,,,,,,,,,,TN,TN
autoland,4060512,13,77a9707257b88d3b15060667769a2def98a71cff,windows10-64-shippable-qr,True,False,,|c|o|l|d| |f|i|s|s|i|o|n| |i|n|t|e|r|a|c|t|i|v|e| |w|e|b|r|e|n|d|e|r|,102210fe594ee9b33d82058545b1ed14f4c8206e,LastVisualChange,reddit-billgates-post-1.posts,True,reddit-billgates-post-1.posts LastVisualChange opt cold fission webrender,,77,ms,firefox,,1743125320,2023-08-19 11:55:58,511.7,8fefefd6da577f8b3d842ea07120af9e964c09b5,1289750,,,,,,,,,,,,,,,,,,,,,,,,,,,,,,,,,,,,,,,,,,,,,,,,,,,,,,,,,,,,,TN,TN
autoland,4060512,13,77a9707257b88d3b15060667769a2def98a71cff,windows10-64-shippable-qr,True,False,,|c|o|l|d| |f|i|s|s|i|o|n| |i|n|t|e|r|a|c|t|i|v|e| |w|e|b|r|e|n|d|e|r|,102210fe594ee9b33d82058545b1ed14f4c8206e,LastVisualChange,reddit-billgates-post-1.posts,True,reddit-billgates-post-1.posts LastVisualChange opt cold fission webrender,,77,ms,firefox,,1743149666,2023-08-19 16:49:23,515.1,00ae001484c9ff1069878dc66b64e3cd07b706f4,1289762,,,,,,,,,,,,,,,,,,,,,,,,,,,,,,,,,,,,,,,,,,,,,,,,,,,,,,,,,,,,,TN,TN
autoland,4060512,13,77a9707257b88d3b15060667769a2def98a71cff,windows10-64-shippable-qr,True,False,,|c|o|l|d| |f|i|s|s|i|o|n| |i|n|t|e|r|a|c|t|i|v|e| |w|e|b|r|e|n|d|e|r|,102210fe594ee9b33d82058545b1ed14f4c8206e,LastVisualChange,reddit-billgates-post-1.posts,True,reddit-billgates-post-1.posts LastVisualChange opt cold fission webrender,,77,ms,firefox,,1743441288,2023-08-21 01:56:25,520.9,80d255ac1919800d21a7e2a610fbcd6fda43ed99,1289869,,,,,,,,,,,,,,,,,,,,,,,,,,,,,,,,,,,,,,,,,,,,,,,,,,,,,,,,,,,,,TN,TN
autoland,4060512,13,77a9707257b88d3b15060667769a2def98a71cff,windows10-64-shippable-qr,True,False,,|c|o|l|d| |f|i|s|s|i|o|n| |i|n|t|e|r|a|c|t|i|v|e| |w|e|b|r|e|n|d|e|r|,102210fe594ee9b33d82058545b1ed14f4c8206e,LastVisualChange,reddit-billgates-post-1.posts,True,reddit-billgates-post-1.posts LastVisualChange opt cold fission webrender,,77,ms,firefox,,1743501099,2023-08-21 07:01:47,572.6,a4b3b09ad08da2e5b588b641b24f767ff91e5912,1289886,,,,,,,,,,,,,,,,,,,,,,,,,,,,,,,,,,,,,,,,,,,,,,,,,,,,,,,,,,,,,TN,TN
autoland,4060512,13,77a9707257b88d3b15060667769a2def98a71cff,windows10-64-shippable-qr,True,False,,|c|o|l|d| |f|i|s|s|i|o|n| |i|n|t|e|r|a|c|t|i|v|e| |w|e|b|r|e|n|d|e|r|,102210fe594ee9b33d82058545b1ed14f4c8206e,LastVisualChange,reddit-billgates-post-1.posts,True,reddit-billgates-post-1.posts LastVisualChange opt cold fission webrender,,77,ms,firefox,,1743902699,2023-08-21 07:09:12,511.7,6c526147a8f6f14623f079b95e0ca9104043b0f5,1289888,,,,,,,,,,,,,,,,,,,,,,,,,,,,,,,,,,,,,,,,,,,,,,,,,,,,,,,,,,,,,TN,TN
autoland,4060512,13,77a9707257b88d3b15060667769a2def98a71cff,windows10-64-shippable-qr,True,False,,|c|o|l|d| |f|i|s|s|i|o|n| |i|n|t|e|r|a|c|t|i|v|e| |w|e|b|r|e|n|d|e|r|,102210fe594ee9b33d82058545b1ed14f4c8206e,LastVisualChange,reddit-billgates-post-1.posts,True,reddit-billgates-post-1.posts LastVisualChange opt cold fission webrender,,77,ms,firefox,,1743910423,2023-08-21 08:09:02,498.7,d7221a353257ebd1c2305ece38857e1850ef2fbf,1289906,,,,,,,,,,,,,,,,,,,,,,,,,,,,,,,,,,,,,,,,,,,,,,,,,,,,,,,,,,,,,TN,TN
autoland,4060512,13,77a9707257b88d3b15060667769a2def98a71cff,windows10-64-shippable-qr,True,False,,|c|o|l|d| |f|i|s|s|i|o|n| |i|n|t|e|r|a|c|t|i|v|e| |w|e|b|r|e|n|d|e|r|,102210fe594ee9b33d82058545b1ed14f4c8206e,LastVisualChange,reddit-billgates-post-1.posts,True,reddit-billgates-post-1.posts LastVisualChange opt cold fission webrender,,77,ms,firefox,,1743705305,2023-08-21 15:24:43,529.1,bc597f54f9cf91b3284e6f593c33ca79ec723077,1290025,,,,,,,,,,,,,,,,,,,,,,,,,,,,,,,,,,,,,,,,,,,,,,,,,,,,,,,,,,,,,TN,TN
autoland,4060512,13,77a9707257b88d3b15060667769a2def98a71cff,windows10-64-shippable-qr,True,False,,|c|o|l|d| |f|i|s|s|i|o|n| |i|n|t|e|r|a|c|t|i|v|e| |w|e|b|r|e|n|d|e|r|,102210fe594ee9b33d82058545b1ed14f4c8206e,LastVisualChange,reddit-billgates-post-1.posts,True,reddit-billgates-post-1.posts LastVisualChange opt cold fission webrender,,77,ms,firefox,,1743758470,2023-08-21 19:46:12,507.9,82b916987920b0a9e2071c575073cbcff078021a,1290082,,,,,,,,,,,,,,,,,,,,,,,,,,,,,,,,,,,,,,,,,,,,,,,,,,,,,,,,,,,,,TN,TN
autoland,4060512,13,77a9707257b88d3b15060667769a2def98a71cff,windows10-64-shippable-qr,True,False,,|c|o|l|d| |f|i|s|s|i|o|n| |i|n|t|e|r|a|c|t|i|v|e| |w|e|b|r|e|n|d|e|r|,102210fe594ee9b33d82058545b1ed14f4c8206e,LastVisualChange,reddit-billgates-post-1.posts,True,reddit-billgates-post-1.posts LastVisualChange opt cold fission webrender,,77,ms,firefox,,1743831775,2023-08-22 01:01:20,507.3,1bbf9fc4d2dc2a1ff3ccf67fb65cedc71fcc0291,1290123,,,,,,,,,,,,,,,,,,,,,,,,,,,,,,,,,,,,,,,,,,,,,,,,,,,,,,,,,,,,,TN,TN
autoland,4060512,13,77a9707257b88d3b15060667769a2def98a71cff,windows10-64-shippable-qr,True,False,,|c|o|l|d| |f|i|s|s|i|o|n| |i|n|t|e|r|a|c|t|i|v|e| |w|e|b|r|e|n|d|e|r|,102210fe594ee9b33d82058545b1ed14f4c8206e,LastVisualChange,reddit-billgates-post-1.posts,True,reddit-billgates-post-1.posts LastVisualChange opt cold fission webrender,,77,ms,firefox,,1744463597,2023-08-22 11:00:38,525.4,e5eaba75408ae99aad9253d54cd09efb8f5a50ec,1290200,,,,,,,,,,,,,,,,,,,,,,,,,,,,,,,,,,,,,,,,,,,,,,,,,,,,,,,,,,,,,TN,TN
autoland,4060512,13,77a9707257b88d3b15060667769a2def98a71cff,windows10-64-shippable-qr,True,False,,|c|o|l|d| |f|i|s|s|i|o|n| |i|n|t|e|r|a|c|t|i|v|e| |w|e|b|r|e|n|d|e|r|,102210fe594ee9b33d82058545b1ed14f4c8206e,LastVisualChange,reddit-billgates-post-1.posts,True,reddit-billgates-post-1.posts LastVisualChange opt cold fission webrender,,77,ms,firefox,,1744028477,2023-08-22 11:50:17,517.5,81c3a95411ab3d706659872a9aedef21494cac9c,1290203,,,,,,,,,,,,,,,,,,,,,,,,,,,,,,,,,,,,,,,,,,,,,,,,,,,,,,,,,,,,,TN,TN
autoland,4060512,13,77a9707257b88d3b15060667769a2def98a71cff,windows10-64-shippable-qr,True,False,,|c|o|l|d| |f|i|s|s|i|o|n| |i|n|t|e|r|a|c|t|i|v|e| |w|e|b|r|e|n|d|e|r|,102210fe594ee9b33d82058545b1ed14f4c8206e,LastVisualChange,reddit-billgates-post-1.posts,True,reddit-billgates-post-1.posts LastVisualChange opt cold fission webrender,,77,ms,firefox,,1744216146,2023-08-22 15:58:55,511.2,eccdb961d59ca1e4315f6b2d255d638be86d8f63,1290279,,,,,,,,,,,,,,,,,,,,,,,,,,,,,,,,,,,,,,,,,,,,,,,,,,,,,,,,,,,,,TN,TN
autoland,4060512,13,77a9707257b88d3b15060667769a2def98a71cff,windows10-64-shippable-qr,True,False,,|c|o|l|d| |f|i|s|s|i|o|n| |i|n|t|e|r|a|c|t|i|v|e| |w|e|b|r|e|n|d|e|r|,102210fe594ee9b33d82058545b1ed14f4c8206e,LastVisualChange,reddit-billgates-post-1.posts,True,reddit-billgates-post-1.posts LastVisualChange opt cold fission webrender,,77,ms,firefox,,1744222305,2023-08-22 16:02:39,506.2,ece9fb8fbedfa6acc08840151034f2468832c851,1290281,,,,,,,,,,,,,,,,,,,,,,,,,,,,,,,,,,,,,,,,,,,,,,,,,,,,,,,,,,,,,TN,TN
autoland,4060512,13,77a9707257b88d3b15060667769a2def98a71cff,windows10-64-shippable-qr,True,False,,|c|o|l|d| |f|i|s|s|i|o|n| |i|n|t|e|r|a|c|t|i|v|e| |w|e|b|r|e|n|d|e|r|,102210fe594ee9b33d82058545b1ed14f4c8206e,LastVisualChange,reddit-billgates-post-1.posts,True,reddit-billgates-post-1.posts LastVisualChange opt cold fission webrender,,77,ms,firefox,,1744306095,2023-08-22 20:17:58,541.1,a1487474ef2708086b96f2b3625f244382eb9f4a,1290386,,,,,,,,,,,,,,,,,,,,,,,,,,,,,,,,,,,,,,,,,,,,,,,,,,,,,,,,,,,,,TN,TN
autoland,4060512,13,77a9707257b88d3b15060667769a2def98a71cff,windows10-64-shippable-qr,True,False,,|c|o|l|d| |f|i|s|s|i|o|n| |i|n|t|e|r|a|c|t|i|v|e| |w|e|b|r|e|n|d|e|r|,102210fe594ee9b33d82058545b1ed14f4c8206e,LastVisualChange,reddit-billgates-post-1.posts,True,reddit-billgates-post-1.posts LastVisualChange opt cold fission webrender,,77,ms,firefox,,1744370695,2023-08-22 22:10:32,539.1,959c2f0abc19c494aba15ae7513fff9f59631cc1,1290435,,,,,,,,,,,,,,,,,,,,,,,,,,,,,,,,,,,,,,,,,,,,,,,,,,,,,,,,,,,,,TN,TN
autoland,4060512,13,77a9707257b88d3b15060667769a2def98a71cff,windows10-64-shippable-qr,True,False,,|c|o|l|d| |f|i|s|s|i|o|n| |i|n|t|e|r|a|c|t|i|v|e| |w|e|b|r|e|n|d|e|r|,102210fe594ee9b33d82058545b1ed14f4c8206e,LastVisualChange,reddit-billgates-post-1.posts,True,reddit-billgates-post-1.posts LastVisualChange opt cold fission webrender,,77,ms,firefox,,1744425173,2023-08-23 02:11:44,516.9,df1f27dc099011a97267a844e60b1350575fc73c,1290482,,,,,,,,,,,,,,,,,,,,,,,,,,,,,,,,,,,,,,,,,,,,,,,,,,,,,,,,,,,,,TN,TN
autoland,4060512,13,77a9707257b88d3b15060667769a2def98a71cff,windows10-64-shippable-qr,True,False,,|c|o|l|d| |f|i|s|s|i|o|n| |i|n|t|e|r|a|c|t|i|v|e| |w|e|b|r|e|n|d|e|r|,102210fe594ee9b33d82058545b1ed14f4c8206e,LastVisualChange,reddit-billgates-post-1.posts,True,reddit-billgates-post-1.posts LastVisualChange opt cold fission webrender,,77,ms,firefox,,1744570082,2023-08-23 06:45:25,531.0,991ab6dbc55b4783dc5a6f561a9cc22cb4408e38,1290546,,,,,,,,,,,,,,,,,,,,,,,,,,,,,,,,,,,,,,,,,,,,,,,,,,,,,,,,,,,,,TN,TN
autoland,4060512,13,77a9707257b88d3b15060667769a2def98a71cff,windows10-64-shippable-qr,True,False,,|c|o|l|d| |f|i|s|s|i|o|n| |i|n|t|e|r|a|c|t|i|v|e| |w|e|b|r|e|n|d|e|r|,102210fe594ee9b33d82058545b1ed14f4c8206e,LastVisualChange,reddit-billgates-post-1.posts,True,reddit-billgates-post-1.posts LastVisualChange opt cold fission webrender,,77,ms,firefox,,1744581334,2023-08-23 07:14:41,518.4,4a4d5e64aec5efa71e7c743f4c968544faee5332,1290556,,,,,,,,,,,,,,,,,,,,,,,,,,,,,,,,,,,,,,,,,,,,,,,,,,,,,,,,,,,,,TN,TN
autoland,4060512,13,77a9707257b88d3b15060667769a2def98a71cff,windows10-64-shippable-qr,True,False,,|c|o|l|d| |f|i|s|s|i|o|n| |i|n|t|e|r|a|c|t|i|v|e| |w|e|b|r|e|n|d|e|r|,102210fe594ee9b33d82058545b1ed14f4c8206e,LastVisualChange,reddit-billgates-post-1.posts,True,reddit-billgates-post-1.posts LastVisualChange opt cold fission webrender,,77,ms,firefox,,1744674721,2023-08-23 11:20:43,528.3,c3bfc7b73e9fc06ec28663e6501728233eb0d574,1290592,,,,,,,,,,,,,,,,,,,,,,,,,,,,,,,,,,,,,,,,,,,,,,,,,,,,,,,,,,,,,TN,TN
autoland,4060512,13,77a9707257b88d3b15060667769a2def98a71cff,windows10-64-shippable-qr,True,False,,|c|o|l|d| |f|i|s|s|i|o|n| |i|n|t|e|r|a|c|t|i|v|e| |w|e|b|r|e|n|d|e|r|,102210fe594ee9b33d82058545b1ed14f4c8206e,LastVisualChange,reddit-billgates-post-1.posts,True,reddit-billgates-post-1.posts LastVisualChange opt cold fission webrender,,77,ms,firefox,,1744770258,2023-08-23 15:20:56,519.3,a7db5ff392b1f3d18507813fbd65458438b3cbc4,1290685,,,,,,,,,,,,,,,,,,,,,,,,,,,,,,,,,,,,,,,,,,,,,,,,,,,,,,,,,,,,,TN,TN
autoland,4060512,13,77a9707257b88d3b15060667769a2def98a71cff,windows10-64-shippable-qr,True,False,,|c|o|l|d| |f|i|s|s|i|o|n| |i|n|t|e|r|a|c|t|i|v|e| |w|e|b|r|e|n|d|e|r|,102210fe594ee9b33d82058545b1ed14f4c8206e,LastVisualChange,reddit-billgates-post-1.posts,True,reddit-billgates-post-1.posts LastVisualChange opt cold fission webrender,,77,ms,firefox,,1744833997,2023-08-23 16:55:50,517.8,40a8041d06707a315c5f6e4b541dbe805bf34ec7,1290727,,,,,,,,,,,,,,,,,,,,,,,,,,,,,,,,,,,,,,,,,,,,,,,,,,,,,,,,,,,,,TN,TN
autoland,4060512,13,77a9707257b88d3b15060667769a2def98a71cff,windows10-64-shippable-qr,True,False,,|c|o|l|d| |f|i|s|s|i|o|n| |i|n|t|e|r|a|c|t|i|v|e| |w|e|b|r|e|n|d|e|r|,102210fe594ee9b33d82058545b1ed14f4c8206e,LastVisualChange,reddit-billgates-post-1.posts,True,reddit-billgates-post-1.posts LastVisualChange opt cold fission webrender,,77,ms,firefox,,1744894915,2023-08-23 20:58:03,538.8,b5371614cd5a3e19ca3e500a87546023aea8eb5d,1290847,,,,,,,,,,,,,,,,,,,,,,,,,,,,,,,,,,,,,,,,,,,,,,,,,,,,,,,,,,,,,TN,TN
autoland,4060512,13,77a9707257b88d3b15060667769a2def98a71cff,windows10-64-shippable-qr,True,False,,|c|o|l|d| |f|i|s|s|i|o|n| |i|n|t|e|r|a|c|t|i|v|e| |w|e|b|r|e|n|d|e|r|,102210fe594ee9b33d82058545b1ed14f4c8206e,LastVisualChange,reddit-billgates-post-1.posts,True,reddit-billgates-post-1.posts LastVisualChange opt cold fission webrender,,77,ms,firefox,,1745026862,2023-08-23 22:59:05,529.2,25936c5809e05c5b5d28810efdfb0af9bb2f1792,1290874,,,,,,,,,,,,,,,,,,,,,,,,,,,,,,,,,,,,,,,,,,,,,,,,,,,,,,,,,,,,,TN,TN
autoland,4060512,13,77a9707257b88d3b15060667769a2def98a71cff,windows10-64-shippable-qr,True,False,,|c|o|l|d| |f|i|s|s|i|o|n| |i|n|t|e|r|a|c|t|i|v|e| |w|e|b|r|e|n|d|e|r|,102210fe594ee9b33d82058545b1ed14f4c8206e,LastVisualChange,reddit-billgates-post-1.posts,True,reddit-billgates-post-1.posts LastVisualChange opt cold fission webrender,,77,ms,firefox,,1745111231,2023-08-24 03:53:22,538.5,332b088b314103bc02b008e08f1567f092cd6ca1,1290918,,,,,,,,,,,,,,,,,,,,,,,,,,,,,,,,,,,,,,,,,,,,,,,,,,,,,,,,,,,,,TN,TN
autoland,4060512,13,77a9707257b88d3b15060667769a2def98a71cff,windows10-64-shippable-qr,True,False,,|c|o|l|d| |f|i|s|s|i|o|n| |i|n|t|e|r|a|c|t|i|v|e| |w|e|b|r|e|n|d|e|r|,102210fe594ee9b33d82058545b1ed14f4c8206e,LastVisualChange,reddit-billgates-post-1.posts,True,reddit-billgates-post-1.posts LastVisualChange opt cold fission webrender,,77,ms,firefox,,1745198008,2023-08-24 11:04:38,508.4,fbbf71ea5127f6cc74aab13a3817349afe93580c,1291003,,,,,,,,,,,,,,,,,,,,,,,,,,,,,,,,,,,,,,,,,,,,,,,,,,,,,,,,,,,,,TN,TN
autoland,4060512,13,77a9707257b88d3b15060667769a2def98a71cff,windows10-64-shippable-qr,True,False,,|c|o|l|d| |f|i|s|s|i|o|n| |i|n|t|e|r|a|c|t|i|v|e| |w|e|b|r|e|n|d|e|r|,102210fe594ee9b33d82058545b1ed14f4c8206e,LastVisualChange,reddit-billgates-post-1.posts,True,reddit-billgates-post-1.posts LastVisualChange opt cold fission webrender,,77,ms,firefox,,1745340537,2023-08-24 13:41:33,519.0,9d2df5cf36fbb1712a62be68c4a309e2451e2d35,1291057,,,,,,,,,,,,,,,,,,,,,,,,,,,,,,,,,,,,,,,,,,,,,,,,,,,,,,,,,,,,,TN,TN
autoland,4060512,13,77a9707257b88d3b15060667769a2def98a71cff,windows10-64-shippable-qr,True,False,,|c|o|l|d| |f|i|s|s|i|o|n| |i|n|t|e|r|a|c|t|i|v|e| |w|e|b|r|e|n|d|e|r|,102210fe594ee9b33d82058545b1ed14f4c8206e,LastVisualChange,reddit-billgates-post-1.posts,True,reddit-billgates-post-1.posts LastVisualChange opt cold fission webrender,,77,ms,firefox,,1745499910,2023-08-24 18:48:40,502.4,6089e7f0fa57a29c6d080f135f65e146c34457d8,1291216,,,,,,,,,,,,,,,,,,,,,,,,,,,,,,,,,,,,,,,,,,,,,,,,,,,,,,,,,,,,,TN,TN
autoland,4060512,13,77a9707257b88d3b15060667769a2def98a71cff,windows10-64-shippable-qr,True,False,,|c|o|l|d| |f|i|s|s|i|o|n| |i|n|t|e|r|a|c|t|i|v|e| |w|e|b|r|e|n|d|e|r|,102210fe594ee9b33d82058545b1ed14f4c8206e,LastVisualChange,reddit-billgates-post-1.posts,True,reddit-billgates-post-1.posts LastVisualChange opt cold fission webrender,,77,ms,firefox,,1745666729,2023-08-25 00:48:43,532.3,0129f728663fcc0bcc1f816e006f1eb2635780e4,1291339,,,,,,,,,,,,,,,,,,,,,,,,,,,,,,,,,,,,,,,,,,,,,,,,,,,,,,,,,,,,,TN,TN
autoland,4060512,13,77a9707257b88d3b15060667769a2def98a71cff,windows10-64-shippable-qr,True,False,,|c|o|l|d| |f|i|s|s|i|o|n| |i|n|t|e|r|a|c|t|i|v|e| |w|e|b|r|e|n|d|e|r|,102210fe594ee9b33d82058545b1ed14f4c8206e,LastVisualChange,reddit-billgates-post-1.posts,True,reddit-billgates-post-1.posts LastVisualChange opt cold fission webrender,,77,ms,firefox,,1745818571,2023-08-25 11:24:50,504.2,e5ba3b52ebac2d2582cecd6122443fc024cd24c9,1291437,,,,,,,,,,,,,,,,,,,,,,,,,,,,,,,,,,,,,,,,,,,,,,,,,,,,,,,,,,,,,TN,TN
autoland,4060512,13,77a9707257b88d3b15060667769a2def98a71cff,windows10-64-shippable-qr,True,False,,|c|o|l|d| |f|i|s|s|i|o|n| |i|n|t|e|r|a|c|t|i|v|e| |w|e|b|r|e|n|d|e|r|,102210fe594ee9b33d82058545b1ed14f4c8206e,LastVisualChange,reddit-billgates-post-1.posts,True,reddit-billgates-post-1.posts LastVisualChange opt cold fission webrender,,77,ms,firefox,,1745985786,2023-08-25 15:32:54,527.8,059b77df2394c7caf1061e1b817e004878738efa,1291507,,,,,,,,,,,,,,,,,,,,,,,,,,,,,,,,,,,,,,,,,,,,,,,,,,,,,,,,,,,,,TN,TN
autoland,4060512,13,77a9707257b88d3b15060667769a2def98a71cff,windows10-64-shippable-qr,True,False,,|c|o|l|d| |f|i|s|s|i|o|n| |i|n|t|e|r|a|c|t|i|v|e| |w|e|b|r|e|n|d|e|r|,102210fe594ee9b33d82058545b1ed14f4c8206e,LastVisualChange,reddit-billgates-post-1.posts,True,reddit-billgates-post-1.posts LastVisualChange opt cold fission webrender,,77,ms,firefox,,1746113671,2023-08-25 19:36:02,512.2,47efe79717796bf6f3a70e5733e99a98b0d9fad4,1291599,,,,,,,,,,,,,,,,,,,,,,,,,,,,,,,,,,,,,,,,,,,,,,,,,,,,,,,,,,,,,TN,TN
autoland,4060512,13,77a9707257b88d3b15060667769a2def98a71cff,windows10-64-shippable-qr,True,False,,|c|o|l|d| |f|i|s|s|i|o|n| |i|n|t|e|r|a|c|t|i|v|e| |w|e|b|r|e|n|d|e|r|,102210fe594ee9b33d82058545b1ed14f4c8206e,LastVisualChange,reddit-billgates-post-1.posts,True,reddit-billgates-post-1.posts LastVisualChange opt cold fission webrender,,77,ms,firefox,,1746230385,2023-08-26 03:22:14,515.5,ddc3d1e9268d9abde51f1082490491f544286b16,1291695,,,,,,,,,,,,,,,,,,,,,,,,,,,,,,,,,,,,,,,,,,,,,,,,,,,,,,,,,,,,,TN,TN
autoland,4060512,13,77a9707257b88d3b15060667769a2def98a71cff,windows10-64-shippable-qr,True,False,,|c|o|l|d| |f|i|s|s|i|o|n| |i|n|t|e|r|a|c|t|i|v|e| |w|e|b|r|e|n|d|e|r|,102210fe594ee9b33d82058545b1ed14f4c8206e,LastVisualChange,reddit-billgates-post-1.posts,True,reddit-billgates-post-1.posts LastVisualChange opt cold fission webrender,,77,ms,firefox,,1746455976,2023-08-26 13:17:30,514.2,cc8d561a9b401f3ebfda56de56c018b287d8b340,1291872,,,,,,,,,,,,,,,,,,,,,,,,,,,,,,,,,,,,,,,,,,,,,,,,,,,,,,,,,,,,,TN,TN
autoland,4060512,13,77a9707257b88d3b15060667769a2def98a71cff,windows10-64-shippable-qr,True,False,,|c|o|l|d| |f|i|s|s|i|o|n| |i|n|t|e|r|a|c|t|i|v|e| |w|e|b|r|e|n|d|e|r|,102210fe594ee9b33d82058545b1ed14f4c8206e,LastVisualChange,reddit-billgates-post-1.posts,True,reddit-billgates-post-1.posts LastVisualChange opt cold fission webrender,,77,ms,firefox,,1746599780,2023-08-26 23:47:49,525.3,140288e1dd6073b83aa67b725aa9a96945374a82,1292019,,,,,,,,,,,,,,,,,,,,,,,,,,,,,,,,,,,,,,,,,,,,,,,,,,,,,,,,,,,,,TN,TN
autoland,4060512,13,77a9707257b88d3b15060667769a2def98a71cff,windows10-64-shippable-qr,True,False,,|c|o|l|d| |f|i|s|s|i|o|n| |i|n|t|e|r|a|c|t|i|v|e| |w|e|b|r|e|n|d|e|r|,102210fe594ee9b33d82058545b1ed14f4c8206e,LastVisualChange,reddit-billgates-post-1.posts,True,reddit-billgates-post-1.posts LastVisualChange opt cold fission webrender,,77,ms,firefox,,1746735866,2023-08-27 23:31:15,535.1,6aaf2cf582814f5a76c09fa2ac7cc760a5886134,1292080,,,,,,,,,,,,,,,,,,,,,,,,,,,,,,,,,,,,,,,,,,,,,,,,,,,,,,,,,,,,,TN,TN
autoland,4060512,13,77a9707257b88d3b15060667769a2def98a71cff,windows10-64-shippable-qr,True,False,,|c|o|l|d| |f|i|s|s|i|o|n| |i|n|t|e|r|a|c|t|i|v|e| |w|e|b|r|e|n|d|e|r|,102210fe594ee9b33d82058545b1ed14f4c8206e,LastVisualChange,reddit-billgates-post-1.posts,True,reddit-billgates-post-1.posts LastVisualChange opt cold fission webrender,,77,ms,firefox,,1746855890,2023-08-28 10:38:35,530.5,2303dc7d775759ce8737630e7762c69d2beac062,1292181,,,,,,,,,,,,,,,,,,,,,,,,,,,,,,,,,,,,,,,,,,,,,,,,,,,,,,,,,,,,,TN,TN
autoland,4060512,13,77a9707257b88d3b15060667769a2def98a71cff,windows10-64-shippable-qr,True,False,,|c|o|l|d| |f|i|s|s|i|o|n| |i|n|t|e|r|a|c|t|i|v|e| |w|e|b|r|e|n|d|e|r|,102210fe594ee9b33d82058545b1ed14f4c8206e,LastVisualChange,reddit-billgates-post-1.posts,True,reddit-billgates-post-1.posts LastVisualChange opt cold fission webrender,,77,ms,firefox,,1746997973,2023-08-28 14:50:25,525.7,f8e518c6ab37a0144872f6158300e1de85034002,1292276,,,,,,,,,,,,,,,,,,,,,,,,,,,,,,,,,,,,,,,,,,,,,,,,,,,,,,,,,,,,,TN,TN
autoland,4060512,13,77a9707257b88d3b15060667769a2def98a71cff,windows10-64-shippable-qr,True,False,,|c|o|l|d| |f|i|s|s|i|o|n| |i|n|t|e|r|a|c|t|i|v|e| |w|e|b|r|e|n|d|e|r|,102210fe594ee9b33d82058545b1ed14f4c8206e,LastVisualChange,reddit-billgates-post-1.posts,True,reddit-billgates-post-1.posts LastVisualChange opt cold fission webrender,,77,ms,firefox,,1747092462,2023-08-28 18:02:15,508.6,7ef66afbcd94bc7787448a9d797ec662b02fe58a,1292360,,,,,,,,,,,,,,,,,,,,,,,,,,,,,,,,,,,,,,,,,,,,,,,,,,,,,,,,,,,,,TN,TN
autoland,4060512,13,77a9707257b88d3b15060667769a2def98a71cff,windows10-64-shippable-qr,True,False,,|c|o|l|d| |f|i|s|s|i|o|n| |i|n|t|e|r|a|c|t|i|v|e| |w|e|b|r|e|n|d|e|r|,102210fe594ee9b33d82058545b1ed14f4c8206e,LastVisualChange,reddit-billgates-post-1.posts,True,reddit-billgates-post-1.posts LastVisualChange opt cold fission webrender,,77,ms,firefox,,1747209571,2023-08-28 20:37:08,516.0,9451de3148827dbd587f22175b6c0453c7a605db,1292463,,,,,,,,,,,,,,,,,,,,,,,,,,,,,,,,,,,,,,,,,,,,,,,,,,,,,,,,,,,,,TN,TN
autoland,4060512,13,77a9707257b88d3b15060667769a2def98a71cff,windows10-64-shippable-qr,True,False,,|c|o|l|d| |f|i|s|s|i|o|n| |i|n|t|e|r|a|c|t|i|v|e| |w|e|b|r|e|n|d|e|r|,102210fe594ee9b33d82058545b1ed14f4c8206e,LastVisualChange,reddit-billgates-post-1.posts,True,reddit-billgates-post-1.posts LastVisualChange opt cold fission webrender,,77,ms,firefox,,1747265254,2023-08-29 02:20:20,531.3,4cca72b5cd903bbb8bdc66098aaeb1eb12d8dddd,1292618,,,,,,,,,,,,,,,,,,,,,,,,,,,,,,,,,,,,,,,,,,,,,,,,,,,,,,,,,,,,,TN,TN
autoland,4060512,13,77a9707257b88d3b15060667769a2def98a71cff,windows10-64-shippable-qr,True,False,,|c|o|l|d| |f|i|s|s|i|o|n| |i|n|t|e|r|a|c|t|i|v|e| |w|e|b|r|e|n|d|e|r|,102210fe594ee9b33d82058545b1ed14f4c8206e,LastVisualChange,reddit-billgates-post-1.posts,True,reddit-billgates-post-1.posts LastVisualChange opt cold fission webrender,,77,ms,firefox,,1747271906,2023-08-29 03:02:37,515.2,f79fe732a6b523e66f30e056118cdd2cff02a5ca,1292639,,,,,,,,,,,,,,,,,,,,,,,,,,,,,,,,,,,,,,,,,,,,,,,,,,,,,,,,,,,,,TN,TN
autoland,4060512,13,77a9707257b88d3b15060667769a2def98a71cff,windows10-64-shippable-qr,True,False,,|c|o|l|d| |f|i|s|s|i|o|n| |i|n|t|e|r|a|c|t|i|v|e| |w|e|b|r|e|n|d|e|r|,102210fe594ee9b33d82058545b1ed14f4c8206e,LastVisualChange,reddit-billgates-post-1.posts,True,reddit-billgates-post-1.posts LastVisualChange opt cold fission webrender,,77,ms,firefox,,1747363989,2023-08-29 07:11:54,538.4,801325776b1492f30ec6ac7c770000fa8c894d2a,1292691,,,,,,,,,,,,,,,,,,,,,,,,,,,,,,,,,,,,,,,,,,,,,,,,,,,,,,,,,,,,,TN,TN
autoland,4060512,13,77a9707257b88d3b15060667769a2def98a71cff,windows10-64-shippable-qr,True,False,,|c|o|l|d| |f|i|s|s|i|o|n| |i|n|t|e|r|a|c|t|i|v|e| |w|e|b|r|e|n|d|e|r|,102210fe594ee9b33d82058545b1ed14f4c8206e,LastVisualChange,reddit-billgates-post-1.posts,True,reddit-billgates-post-1.posts LastVisualChange opt cold fission webrender,,77,ms,firefox,,1747506523,2023-08-29 11:18:23,533.2,843a6e4db35622bdd606d6cdd7c0f1a05828a89e,1292770,,,,,,,,,,,,,,,,,,,,,,,,,,,,,,,,,,,,,,,,,,,,,,,,,,,,,,,,,,,,,TN,TN
autoland,4060512,13,77a9707257b88d3b15060667769a2def98a71cff,windows10-64-shippable-qr,True,False,,|c|o|l|d| |f|i|s|s|i|o|n| |i|n|t|e|r|a|c|t|i|v|e| |w|e|b|r|e|n|d|e|r|,102210fe594ee9b33d82058545b1ed14f4c8206e,LastVisualChange,reddit-billgates-post-1.posts,True,reddit-billgates-post-1.posts LastVisualChange opt cold fission webrender,,77,ms,firefox,,1747629632,2023-08-29 11:21:44,505.1,abe9789555b5960e5b395aba02b4891c388e4839,1292771,,,,,,,,,,,,,,,,,,,,,,,,,,,,,,,,,,,,,,,,,,,,,,,,,,,,,,,,,,,,,TN,TN
autoland,4060512,13,77a9707257b88d3b15060667769a2def98a71cff,windows10-64-shippable-qr,True,False,,|c|o|l|d| |f|i|s|s|i|o|n| |i|n|t|e|r|a|c|t|i|v|e| |w|e|b|r|e|n|d|e|r|,102210fe594ee9b33d82058545b1ed14f4c8206e,LastVisualChange,reddit-billgates-post-1.posts,True,reddit-billgates-post-1.posts LastVisualChange opt cold fission webrender,,77,ms,firefox,,1747766200,2023-08-29 16:25:43,531.8,0bb8944a5c2a783f353dc7595b2171844923a934,1292913,,,,,,,,,,,,,,,,,,,,,,,,,,,,,,,,,,,,,,,,,,,,,,,,,,,,,,,,,,,,,TN,TN
autoland,4060512,13,77a9707257b88d3b15060667769a2def98a71cff,windows10-64-shippable-qr,True,False,,|c|o|l|d| |f|i|s|s|i|o|n| |i|n|t|e|r|a|c|t|i|v|e| |w|e|b|r|e|n|d|e|r|,102210fe594ee9b33d82058545b1ed14f4c8206e,LastVisualChange,reddit-billgates-post-1.posts,True,reddit-billgates-post-1.posts LastVisualChange opt cold fission webrender,,77,ms,firefox,,1747881454,2023-08-29 18:40:33,527.7,ab673eef69bf3656d8814e2758dff9da25527e74,1292984,,,,,,,,,,,,,,,,,,,,,,,,,,,,,,,,,,,,,,,,,,,,,,,,,,,,,,,,,,,,,TN,TN
autoland,4060512,13,77a9707257b88d3b15060667769a2def98a71cff,windows10-64-shippable-qr,True,False,,|c|o|l|d| |f|i|s|s|i|o|n| |i|n|t|e|r|a|c|t|i|v|e| |w|e|b|r|e|n|d|e|r|,102210fe594ee9b33d82058545b1ed14f4c8206e,LastVisualChange,reddit-billgates-post-1.posts,True,reddit-billgates-post-1.posts LastVisualChange opt cold fission webrender,,77,ms,firefox,,1747908327,2023-08-29 18:52:04,532.6,cb5ac3a7a82f68e5ca26d454b7615329d487cdd1,1292994,,,,,,,,,,,,,,,,,,,,,,,,,,,,,,,,,,,,,,,,,,,,,,,,,,,,,,,,,,,,,TN,TN
autoland,4060512,13,77a9707257b88d3b15060667769a2def98a71cff,windows10-64-shippable-qr,True,False,,|c|o|l|d| |f|i|s|s|i|o|n| |i|n|t|e|r|a|c|t|i|v|e| |w|e|b|r|e|n|d|e|r|,102210fe594ee9b33d82058545b1ed14f4c8206e,LastVisualChange,reddit-billgates-post-1.posts,True,reddit-billgates-post-1.posts LastVisualChange opt cold fission webrender,,77,ms,firefox,,1747828671,2023-08-29 20:54:58,520.0,16c71fac642647b97c85d086e54342a5addaaf13,1293039,,,,,,,,,,,,,,,,,,,,,,,,,,,,,,,,,,,,,,,,,,,,,,,,,,,,,,,,,,,,,TN,TN
autoland,4060512,13,77a9707257b88d3b15060667769a2def98a71cff,windows10-64-shippable-qr,True,False,,|c|o|l|d| |f|i|s|s|i|o|n| |i|n|t|e|r|a|c|t|i|v|e| |w|e|b|r|e|n|d|e|r|,102210fe594ee9b33d82058545b1ed14f4c8206e,LastVisualChange,reddit-billgates-post-1.posts,True,reddit-billgates-post-1.posts LastVisualChange opt cold fission webrender,,77,ms,firefox,,1747854267,2023-08-30 01:49:26,508.4,34dcd8f28e9a642600425b3383df225859ea91cd,1293133,,,,,,,,,,,,,,,,,,,,,,,,,,,,,,,,,,,,,,,,,,,,,,,,,,,,,,,,,,,,,TN,TN
autoland,4060512,13,77a9707257b88d3b15060667769a2def98a71cff,windows10-64-shippable-qr,True,False,,|c|o|l|d| |f|i|s|s|i|o|n| |i|n|t|e|r|a|c|t|i|v|e| |w|e|b|r|e|n|d|e|r|,102210fe594ee9b33d82058545b1ed14f4c8206e,LastVisualChange,reddit-billgates-post-1.posts,True,reddit-billgates-post-1.posts LastVisualChange opt cold fission webrender,,77,ms,firefox,,1748088593,2023-08-30 13:43:19,552.2,379bb5e39311a7878ea31b7eb0dd39fdef1ab15a,1293343,,,,,,,,,,,,,,,,,,,,,,,,,,,,,,,,,,,,,,,,,,,,,,,,,,,,,,,,,,,,,TN,TN
autoland,4060512,13,77a9707257b88d3b15060667769a2def98a71cff,windows10-64-shippable-qr,True,False,,|c|o|l|d| |f|i|s|s|i|o|n| |i|n|t|e|r|a|c|t|i|v|e| |w|e|b|r|e|n|d|e|r|,102210fe594ee9b33d82058545b1ed14f4c8206e,LastVisualChange,reddit-billgates-post-1.posts,True,reddit-billgates-post-1.posts LastVisualChange opt cold fission webrender,,77,ms,firefox,,1748079355,2023-08-30 16:15:47,525.7,f648d27187b6f45ac21ab6bf0ca9673dcfc55cf4,1293412,,,,,,,,,,,,,,,,,,,,,,,,,,,,,,,,,,,,,,,,,,,,,,,,,,,,,,,,,,,,,TN,TN
autoland,4060512,13,77a9707257b88d3b15060667769a2def98a71cff,windows10-64-shippable-qr,True,False,,|c|o|l|d| |f|i|s|s|i|o|n| |i|n|t|e|r|a|c|t|i|v|e| |w|e|b|r|e|n|d|e|r|,102210fe594ee9b33d82058545b1ed14f4c8206e,LastVisualChange,reddit-billgates-post-1.posts,True,reddit-billgates-post-1.posts LastVisualChange opt cold fission webrender,,77,ms,firefox,,1748142610,2023-08-30 20:58:03,536.0,7643e2c34ec4fce31fb741b2e7003adc7e547e36,1293585,,,,,,,,,,,,,,,,,,,,,,,,,,,,,,,,,,,,,,,,,,,,,,,,,,,,,,,,,,,,,TN,TN
autoland,4060512,13,77a9707257b88d3b15060667769a2def98a71cff,windows10-64-shippable-qr,True,False,,|c|o|l|d| |f|i|s|s|i|o|n| |i|n|t|e|r|a|c|t|i|v|e| |w|e|b|r|e|n|d|e|r|,102210fe594ee9b33d82058545b1ed14f4c8206e,LastVisualChange,reddit-billgates-post-1.posts,True,reddit-billgates-post-1.posts LastVisualChange opt cold fission webrender,,77,ms,firefox,,1748219861,2023-08-30 23:31:09,522.1,8db6a3b432759fd37b677c455c7d9ecedafd7e77,1293654,,,,,,,,,,,,,,,,,,,,,,,,,,,,,,,,,,,,,,,,,,,,,,,,,,,,,,,,,,,,,TN,TN
autoland,4060512,13,77a9707257b88d3b15060667769a2def98a71cff,windows10-64-shippable-qr,True,False,,|c|o|l|d| |f|i|s|s|i|o|n| |i|n|t|e|r|a|c|t|i|v|e| |w|e|b|r|e|n|d|e|r|,102210fe594ee9b33d82058545b1ed14f4c8206e,LastVisualChange,reddit-billgates-post-1.posts,True,reddit-billgates-post-1.posts LastVisualChange opt cold fission webrender,,77,ms,firefox,,1748244263,2023-08-31 03:36:38,505.6,bcc1470439818e29a38c29432af9fd130b8ec931,1293720,,,,,,,,,,,,,,,,,,,,,,,,,,,,,,,,,,,,,,,,,,,,,,,,,,,,,,,,,,,,,TN,TN
autoland,4060512,13,77a9707257b88d3b15060667769a2def98a71cff,windows10-64-shippable-qr,True,False,,|c|o|l|d| |f|i|s|s|i|o|n| |i|n|t|e|r|a|c|t|i|v|e| |w|e|b|r|e|n|d|e|r|,102210fe594ee9b33d82058545b1ed14f4c8206e,LastVisualChange,reddit-billgates-post-1.posts,True,reddit-billgates-post-1.posts LastVisualChange opt cold fission webrender,,77,ms,firefox,,1748341062,2023-08-31 09:19:24,530.6,e2d1d56b4cb882f210d71f021a2f804a56d718e6,1293811,,,,,,,,,,,,,,,,,,,,,,,,,,,,,,,,,,,,,,,,,,,,,,,,,,,,,,,,,,,,,TN,TN
autoland,4060512,13,77a9707257b88d3b15060667769a2def98a71cff,windows10-64-shippable-qr,True,False,,|c|o|l|d| |f|i|s|s|i|o|n| |i|n|t|e|r|a|c|t|i|v|e| |w|e|b|r|e|n|d|e|r|,102210fe594ee9b33d82058545b1ed14f4c8206e,LastVisualChange,reddit-billgates-post-1.posts,True,reddit-billgates-post-1.posts LastVisualChange opt cold fission webrender,,77,ms,firefox,,1748460501,2023-08-31 14:04:37,539.1,79fd00522da11013e2076ceccfd842c54d2f0822,1293937,,,,,,,,,,,,,,,,,,,,,,,,,,,,,,,,,,,,,,,,,,,,,,,,,,,,,,,,,,,,,TN,TN
autoland,4060512,13,77a9707257b88d3b15060667769a2def98a71cff,windows10-64-shippable-qr,True,False,,|c|o|l|d| |f|i|s|s|i|o|n| |i|n|t|e|r|a|c|t|i|v|e| |w|e|b|r|e|n|d|e|r|,102210fe594ee9b33d82058545b1ed14f4c8206e,LastVisualChange,reddit-billgates-post-1.posts,True,reddit-billgates-post-1.posts LastVisualChange opt cold fission webrender,,77,ms,firefox,,1748601662,2023-08-31 18:09:30,508.6,bd48139a6966dfb067c7b31bdf2021bd85a1f6a9,1294069,,,,,,,,,,,,,,,,,,,,,,,,,,,,,,,,,,,,,,,,,,,,,,,,,,,,,,,,,,,,,TN,TN
autoland,4060512,13,77a9707257b88d3b15060667769a2def98a71cff,windows10-64-shippable-qr,True,False,,|c|o|l|d| |f|i|s|s|i|o|n| |i|n|t|e|r|a|c|t|i|v|e| |w|e|b|r|e|n|d|e|r|,102210fe594ee9b33d82058545b1ed14f4c8206e,LastVisualChange,reddit-billgates-post-1.posts,True,reddit-billgates-post-1.posts LastVisualChange opt cold fission webrender,,77,ms,firefox,,1748868473,2023-08-31 19:30:57,507.9,14117ed3c63a444931eb69e3a486bde4be07b6cc,1294120,,,,,,,,,,,,,,,,,,,,,,,,,,,,,,,,,,,,,,,,,,,,,,,,,,,,,,,,,,,,,TN,TN
autoland,4060512,13,77a9707257b88d3b15060667769a2def98a71cff,windows10-64-shippable-qr,True,False,,|c|o|l|d| |f|i|s|s|i|o|n| |i|n|t|e|r|a|c|t|i|v|e| |w|e|b|r|e|n|d|e|r|,102210fe594ee9b33d82058545b1ed14f4c8206e,LastVisualChange,reddit-billgates-post-1.posts,True,reddit-billgates-post-1.posts LastVisualChange opt cold fission webrender,,77,ms,firefox,,1748649743,2023-08-31 19:33:29,508.6,a0d77e120c268cc1e877891df07436c1128dde4f,1294123,,,,,,,,,,,,,,,,,,,,,,,,,,,,,,,,,,,,,,,,,,,,,,,,,,,,,,,,,,,,,TN,TN
autoland,4060512,13,77a9707257b88d3b15060667769a2def98a71cff,windows10-64-shippable-qr,True,False,,|c|o|l|d| |f|i|s|s|i|o|n| |i|n|t|e|r|a|c|t|i|v|e| |w|e|b|r|e|n|d|e|r|,102210fe594ee9b33d82058545b1ed14f4c8206e,LastVisualChange,reddit-billgates-post-1.posts,True,reddit-billgates-post-1.posts LastVisualChange opt cold fission webrender,,77,ms,firefox,,1748887335,2023-08-31 20:20:26,525.1,6433f4d865eef19ec6c2110009e4e3a281c59799,1294162,,,,,,,,,,,,,,,,,,,,,,,,,,,,,,,,,,,,,,,,,,,,,,,,,,,,,,,,,,,,,TN,TN
autoland,4060512,13,77a9707257b88d3b15060667769a2def98a71cff,windows10-64-shippable-qr,True,False,,|c|o|l|d| |f|i|s|s|i|o|n| |i|n|t|e|r|a|c|t|i|v|e| |w|e|b|r|e|n|d|e|r|,102210fe594ee9b33d82058545b1ed14f4c8206e,LastVisualChange,reddit-billgates-post-1.posts,True,reddit-billgates-post-1.posts LastVisualChange opt cold fission webrender,,77,ms,firefox,,1748843258,2023-08-31 20:42:50,525.7,d5b172f3396fca2c5326f7c289b87ec3ddd75533,1294180,,,,,,,,,,,,,,,,,,,,,,,,,,,,,,,,,,,,,,,,,,,,,,,,,,,,,,,,,,,,,TN,TN
autoland,4060512,13,77a9707257b88d3b15060667769a2def98a71cff,windows10-64-shippable-qr,True,False,,|c|o|l|d| |f|i|s|s|i|o|n| |i|n|t|e|r|a|c|t|i|v|e| |w|e|b|r|e|n|d|e|r|,102210fe594ee9b33d82058545b1ed14f4c8206e,LastVisualChange,reddit-billgates-post-1.posts,True,reddit-billgates-post-1.posts LastVisualChange opt cold fission webrender,,77,ms,firefox,,1748769423,2023-09-01 00:39:38,545.2,27ce38e0ae179241f6afc83c246df3113fc76eb5,1294315,,,,,,,,,,,,,,,,,,,,,,,,,,,,,,,,,,,,,,,,,,,,,,,,,,,,,,,,,,,,,TN,TN
autoland,4060512,13,77a9707257b88d3b15060667769a2def98a71cff,windows10-64-shippable-qr,True,False,,|c|o|l|d| |f|i|s|s|i|o|n| |i|n|t|e|r|a|c|t|i|v|e| |w|e|b|r|e|n|d|e|r|,102210fe594ee9b33d82058545b1ed14f4c8206e,LastVisualChange,reddit-billgates-post-1.posts,True,reddit-billgates-post-1.posts LastVisualChange opt cold fission webrender,,77,ms,firefox,,1748776009,2023-09-01 01:00:26,488.2,9034f1db1295f77ef75c8afa9ac280788649b1c4,1294322,,,,,,,,,,,,,,,,,,,,,,,,,,,,,,,,,,,,,,,,,,,,,,,,,,,,,,,,,,,,,TN,TN
autoland,4060512,13,77a9707257b88d3b15060667769a2def98a71cff,windows10-64-shippable-qr,True,False,,|c|o|l|d| |f|i|s|s|i|o|n| |i|n|t|e|r|a|c|t|i|v|e| |w|e|b|r|e|n|d|e|r|,102210fe594ee9b33d82058545b1ed14f4c8206e,LastVisualChange,reddit-billgates-post-1.posts,True,reddit-billgates-post-1.posts LastVisualChange opt cold fission webrender,,77,ms,firefox,,1748932010,2023-09-01 06:26:09,524.2,ae769caa17a3a27e7fed2cfd78ea439adf051dc8,1294426,,,,,,,,,,,,,,,,,,,,,,,,,,,,,,,,,,,,,,,,,,,,,,,,,,,,,,,,,,,,,TN,TN
autoland,4060512,13,77a9707257b88d3b15060667769a2def98a71cff,windows10-64-shippable-qr,True,False,,|c|o|l|d| |f|i|s|s|i|o|n| |i|n|t|e|r|a|c|t|i|v|e| |w|e|b|r|e|n|d|e|r|,102210fe594ee9b33d82058545b1ed14f4c8206e,LastVisualChange,reddit-billgates-post-1.posts,True,reddit-billgates-post-1.posts LastVisualChange opt cold fission webrender,,77,ms,firefox,,1749121528,2023-09-01 10:42:21,520.7,2e446d8859cc4a60faa49f68ed5445c534e47850,1294509,,,,,,,,,,,,,,,,,,,,,,,,,,,,,,,,,,,,,,,,,,,,,,,,,,,,,,,,,,,,,TN,TN
autoland,4060512,13,77a9707257b88d3b15060667769a2def98a71cff,windows10-64-shippable-qr,True,False,,|c|o|l|d| |f|i|s|s|i|o|n| |i|n|t|e|r|a|c|t|i|v|e| |w|e|b|r|e|n|d|e|r|,102210fe594ee9b33d82058545b1ed14f4c8206e,LastVisualChange,reddit-billgates-post-1.posts,True,reddit-billgates-post-1.posts LastVisualChange opt cold fission webrender,,77,ms,firefox,,1749103550,2023-09-01 11:44:59,538.3,bf57203fdaf0f91ccecca73cc02286e5c20686be,1294532,,,,,,,,,,,,,,,,,,,,,,,,,,,,,,,,,,,,,,,,,,,,,,,,,,,,,,,,,,,,,TN,TN
autoland,4060512,13,77a9707257b88d3b15060667769a2def98a71cff,windows10-64-shippable-qr,True,False,,|c|o|l|d| |f|i|s|s|i|o|n| |i|n|t|e|r|a|c|t|i|v|e| |w|e|b|r|e|n|d|e|r|,102210fe594ee9b33d82058545b1ed14f4c8206e,LastVisualChange,reddit-billgates-post-1.posts,True,reddit-billgates-post-1.posts LastVisualChange opt cold fission webrender,,77,ms,firefox,,1749201892,2023-09-01 15:47:54,504.6,ad7684944accdb72fb27cae1118a774a95ed9c55,1294651,,,,,,,,,,,,,,,,,,,,,,,,,,,,,,,,,,,,,,,,,,,,,,,,,,,,,,,,,,,,,TN,TN
autoland,4060512,13,77a9707257b88d3b15060667769a2def98a71cff,windows10-64-shippable-qr,True,False,,|c|o|l|d| |f|i|s|s|i|o|n| |i|n|t|e|r|a|c|t|i|v|e| |w|e|b|r|e|n|d|e|r|,102210fe594ee9b33d82058545b1ed14f4c8206e,LastVisualChange,reddit-billgates-post-1.posts,True,reddit-billgates-post-1.posts LastVisualChange opt cold fission webrender,,77,ms,firefox,,1749525446,2023-09-02 01:00:47,531.8,99eed791079c7b72126fee110226a0f9c519a053,1294900,,,,,,,,,,,,,,,,,,,,,,,,,,,,,,,,,,,,,,,,,,,,,,,,,,,,,,,,,,,,,TN,TN
autoland,4060512,13,77a9707257b88d3b15060667769a2def98a71cff,windows10-64-shippable-qr,True,False,,|c|o|l|d| |f|i|s|s|i|o|n| |i|n|t|e|r|a|c|t|i|v|e| |w|e|b|r|e|n|d|e|r|,102210fe594ee9b33d82058545b1ed14f4c8206e,LastVisualChange,reddit-billgates-post-1.posts,True,reddit-billgates-post-1.posts LastVisualChange opt cold fission webrender,,77,ms,firefox,,1749566473,2023-09-02 06:50:37,518.2,0d100cd406fac31edd725aaa2ca36c72593b7207,1294943,,,,,,,,,,,,,,,,,,,,,,,,,,,,,,,,,,,,,,,,,,,,,,,,,,,,,,,,,,,,,TN,TN
autoland,4060512,13,77a9707257b88d3b15060667769a2def98a71cff,windows10-64-shippable-qr,True,False,,|c|o|l|d| |f|i|s|s|i|o|n| |i|n|t|e|r|a|c|t|i|v|e| |w|e|b|r|e|n|d|e|r|,102210fe594ee9b33d82058545b1ed14f4c8206e,LastVisualChange,reddit-billgates-post-1.posts,True,reddit-billgates-post-1.posts LastVisualChange opt cold fission webrender,,77,ms,firefox,,1749624631,2023-09-02 11:43:51,534.7,66f85436a9395093f71f506f8cdc16623cbbb38e,1294960,,,,,,,,,,,,,,,,,,,,,,,,,,,,,,,,,,,,,,,,,,,,,,,,,,,,,,,,,,,,,TN,TN
autoland,4060512,13,77a9707257b88d3b15060667769a2def98a71cff,windows10-64-shippable-qr,True,False,,|c|o|l|d| |f|i|s|s|i|o|n| |i|n|t|e|r|a|c|t|i|v|e| |w|e|b|r|e|n|d|e|r|,102210fe594ee9b33d82058545b1ed14f4c8206e,LastVisualChange,reddit-billgates-post-1.posts,True,reddit-billgates-post-1.posts LastVisualChange opt cold fission webrender,,77,ms,firefox,,1749647783,2023-09-02 16:16:12,524.6,ee62282ee19c0c3cceebbdb2cd283127260a46d6,1294982,,,,,,,,,,,,,,,,,,,,,,,,,,,,,,,,,,,,,,,,,,,,,,,,,,,,,,,,,,,,,TN,TN
autoland,4060512,13,77a9707257b88d3b15060667769a2def98a71cff,windows10-64-shippable-qr,True,False,,|c|o|l|d| |f|i|s|s|i|o|n| |i|n|t|e|r|a|c|t|i|v|e| |w|e|b|r|e|n|d|e|r|,102210fe594ee9b33d82058545b1ed14f4c8206e,LastVisualChange,reddit-billgates-post-1.posts,True,reddit-billgates-post-1.posts LastVisualChange opt cold fission webrender,,77,ms,firefox,,1749838982,2023-09-03 15:28:00,527.7,e2d4c17692b7650a5aefa27823ab8cb72dc06fe6,1295071,,,,,,,,,,,,,,,,,,,,,,,,,,,,,,,,,,,,,,,,,,,,,,,,,,,,,,,,,,,,,TN,TN
autoland,4060512,13,77a9707257b88d3b15060667769a2def98a71cff,windows10-64-shippable-qr,True,False,,|c|o|l|d| |f|i|s|s|i|o|n| |i|n|t|e|r|a|c|t|i|v|e| |w|e|b|r|e|n|d|e|r|,102210fe594ee9b33d82058545b1ed14f4c8206e,LastVisualChange,reddit-billgates-post-1.posts,True,reddit-billgates-post-1.posts LastVisualChange opt cold fission webrender,,77,ms,firefox,,1749879123,2023-09-03 17:48:29,522.1,39747a728e31525f254d25d9fa323a491dda5b09,1295079,,,,,,,,,,,,,,,,,,,,,,,,,,,,,,,,,,,,,,,,,,,,,,,,,,,,,,,,,,,,,TN,TN
autoland,4060512,13,77a9707257b88d3b15060667769a2def98a71cff,windows10-64-shippable-qr,True,False,,|c|o|l|d| |f|i|s|s|i|o|n| |i|n|t|e|r|a|c|t|i|v|e| |w|e|b|r|e|n|d|e|r|,102210fe594ee9b33d82058545b1ed14f4c8206e,LastVisualChange,reddit-billgates-post-1.posts,True,reddit-billgates-post-1.posts LastVisualChange opt cold fission webrender,,77,ms,firefox,,1749977202,2023-09-04 00:54:15,526.3,9398dc74275ecd37eab02b496051302e67ce059f,1295103,,,,,,,,,,,,,,,,,,,,,,,,,,,,,,,,,,,,,,,,,,,,,,,,,,,,,,,,,,,,,TN,TN
autoland,4060512,13,77a9707257b88d3b15060667769a2def98a71cff,windows10-64-shippable-qr,True,False,,|c|o|l|d| |f|i|s|s|i|o|n| |i|n|t|e|r|a|c|t|i|v|e| |w|e|b|r|e|n|d|e|r|,102210fe594ee9b33d82058545b1ed14f4c8206e,LastVisualChange,reddit-billgates-post-1.posts,True,reddit-billgates-post-1.posts LastVisualChange opt cold fission webrender,,77,ms,firefox,,1750039897,2023-09-04 05:09:42,548.4,738c0a460acb30ab2ab419f4c0dc93fa9af200d6,1295121,,,,,,,,,,,,,,,,,,,,,,,,,,,,,,,,,,,,,,,,,,,,,,,,,,,,,,,,,,,,,TN,TN
autoland,4060512,13,77a9707257b88d3b15060667769a2def98a71cff,windows10-64-shippable-qr,True,False,,|c|o|l|d| |f|i|s|s|i|o|n| |i|n|t|e|r|a|c|t|i|v|e| |w|e|b|r|e|n|d|e|r|,102210fe594ee9b33d82058545b1ed14f4c8206e,LastVisualChange,reddit-billgates-post-1.posts,True,reddit-billgates-post-1.posts LastVisualChange opt cold fission webrender,,77,ms,firefox,,1750074161,2023-09-04 08:06:31,517.9,5378e223b13ecd8d32d6afddc956d8bdca322ef0,1295171,,,,,,,,,,,,,,,,,,,,,,,,,,,,,,,,,,,,,,,,,,,,,,,,,,,,,,,,,,,,,TN,TN
autoland,4060512,13,77a9707257b88d3b15060667769a2def98a71cff,windows10-64-shippable-qr,True,False,,|c|o|l|d| |f|i|s|s|i|o|n| |i|n|t|e|r|a|c|t|i|v|e| |w|e|b|r|e|n|d|e|r|,102210fe594ee9b33d82058545b1ed14f4c8206e,LastVisualChange,reddit-billgates-post-1.posts,True,reddit-billgates-post-1.posts LastVisualChange opt cold fission webrender,,77,ms,firefox,,1750192063,2023-09-04 12:17:38,534.7,16cc1aa2701e0b2cf32665cee19dc11308a4760a,1295286,,,,,,,,,,,,,,,,,,,,,,,,,,,,,,,,,,,,,,,,,,,,,,,,,,,,,,,,,,,,,TN,TN
autoland,4060512,13,77a9707257b88d3b15060667769a2def98a71cff,windows10-64-shippable-qr,True,False,,|c|o|l|d| |f|i|s|s|i|o|n| |i|n|t|e|r|a|c|t|i|v|e| |w|e|b|r|e|n|d|e|r|,102210fe594ee9b33d82058545b1ed14f4c8206e,LastVisualChange,reddit-billgates-post-1.posts,True,reddit-billgates-post-1.posts LastVisualChange opt cold fission webrender,,77,ms,firefox,,1750330062,2023-09-04 20:09:20,521.7,2c0ab3a7f1f3e1e095a0175f8a6096d10a311a5a,1295407,,,,,,,,,,,,,,,,,,,,,,,,,,,,,,,,,,,,,,,,,,,,,,,,,,,,,,,,,,,,,TN,TN
autoland,4060512,13,77a9707257b88d3b15060667769a2def98a71cff,windows10-64-shippable-qr,True,False,,|c|o|l|d| |f|i|s|s|i|o|n| |i|n|t|e|r|a|c|t|i|v|e| |w|e|b|r|e|n|d|e|r|,102210fe594ee9b33d82058545b1ed14f4c8206e,LastVisualChange,reddit-billgates-post-1.posts,True,reddit-billgates-post-1.posts LastVisualChange opt cold fission webrender,,77,ms,firefox,,1750393095,2023-09-05 01:26:26,532.6,530fe27f752d2f1fa88cd1013b419d7c1ca1a2e0,1295456,,,,,,,,,,,,,,,,,,,,,,,,,,,,,,,,,,,,,,,,,,,,,,,,,,,,,,,,,,,,,TN,TN
autoland,4060512,13,77a9707257b88d3b15060667769a2def98a71cff,windows10-64-shippable-qr,True,False,,|c|o|l|d| |f|i|s|s|i|o|n| |i|n|t|e|r|a|c|t|i|v|e| |w|e|b|r|e|n|d|e|r|,102210fe594ee9b33d82058545b1ed14f4c8206e,LastVisualChange,reddit-billgates-post-1.posts,True,reddit-billgates-post-1.posts LastVisualChange opt cold fission webrender,,77,ms,firefox,,1750484135,2023-09-05 06:45:05,525.0,55f5393d14f682f76c2d9f9c857c9f0890ee2a7f,1295504,,,,,,,,,,,,,,,,,,,,,,,,,,,,,,,,,,,,,,,,,,,,,,,,,,,,,,,,,,,,,TN,TN
autoland,4060512,13,77a9707257b88d3b15060667769a2def98a71cff,windows10-64-shippable-qr,True,False,,|c|o|l|d| |f|i|s|s|i|o|n| |i|n|t|e|r|a|c|t|i|v|e| |w|e|b|r|e|n|d|e|r|,102210fe594ee9b33d82058545b1ed14f4c8206e,LastVisualChange,reddit-billgates-post-1.posts,True,reddit-billgates-post-1.posts LastVisualChange opt cold fission webrender,,77,ms,firefox,,1750593745,2023-09-05 11:29:45,514.7,27708fc6f6648945c105baa6a5c63f9d62f265b5,1295622,,,,,,,,,,,,,,,,,,,,,,,,,,,,,,,,,,,,,,,,,,,,,,,,,,,,,,,,,,,,,TN,TN
autoland,4060512,13,77a9707257b88d3b15060667769a2def98a71cff,windows10-64-shippable-qr,True,False,,|c|o|l|d| |f|i|s|s|i|o|n| |i|n|t|e|r|a|c|t|i|v|e| |w|e|b|r|e|n|d|e|r|,102210fe594ee9b33d82058545b1ed14f4c8206e,LastVisualChange,reddit-billgates-post-1.posts,True,reddit-billgates-post-1.posts LastVisualChange opt cold fission webrender,,77,ms,firefox,,1750610142,2023-09-05 11:45:39,515.5,42d664dd03163fb19554f6e18c4163b8622b4401,1295627,,,,,,,,,,,,,,,,,,,,,,,,,,,,,,,,,,,,,,,,,,,,,,,,,,,,,,,,,,,,,TN,TN
autoland,4060512,13,77a9707257b88d3b15060667769a2def98a71cff,windows10-64-shippable-qr,True,False,,|c|o|l|d| |f|i|s|s|i|o|n| |i|n|t|e|r|a|c|t|i|v|e| |w|e|b|r|e|n|d|e|r|,102210fe594ee9b33d82058545b1ed14f4c8206e,LastVisualChange,reddit-billgates-post-1.posts,True,reddit-billgates-post-1.posts LastVisualChange opt cold fission webrender,,77,ms,firefox,,1750690086,2023-09-05 15:46:18,548.0,40053facf08c6ea9bc6a6f5ae223a6faa89ebc08,1295770,,,,,,,,,,,,,,,,,,,,,,,,,,,,,,,,,,,,,,,,,,,,,,,,,,,,,,,,,,,,,TN,TN
autoland,4060512,13,77a9707257b88d3b15060667769a2def98a71cff,windows10-64-shippable-qr,True,False,,|c|o|l|d| |f|i|s|s|i|o|n| |i|n|t|e|r|a|c|t|i|v|e| |w|e|b|r|e|n|d|e|r|,102210fe594ee9b33d82058545b1ed14f4c8206e,LastVisualChange,reddit-billgates-post-1.posts,True,reddit-billgates-post-1.posts LastVisualChange opt cold fission webrender,,77,ms,firefox,,1750711299,2023-09-05 16:15:45,532.4,08da3ca498f61eb9acb594038c5e764cfb37d735,1295791,,,,,,,,,,,,,,,,,,,,,,,,,,,,,,,,,,,,,,,,,,,,,,,,,,,,,,,,,,,,,TN,TN
autoland,4060512,13,77a9707257b88d3b15060667769a2def98a71cff,windows10-64-shippable-qr,True,False,,|c|o|l|d| |f|i|s|s|i|o|n| |i|n|t|e|r|a|c|t|i|v|e| |w|e|b|r|e|n|d|e|r|,102210fe594ee9b33d82058545b1ed14f4c8206e,LastVisualChange,reddit-billgates-post-1.posts,True,reddit-billgates-post-1.posts LastVisualChange opt cold fission webrender,,77,ms,firefox,,1750846675,2023-09-05 19:25:11,529.2,e6278ccb302b74ca329c17e5d00508b795c54eec,1295926,,,,,,,,,,,,,,,,,,,,,,,,,,,,,,,,,,,,,,,,,,,,,,,,,,,,,,,,,,,,,TN,TN
autoland,4060512,13,77a9707257b88d3b15060667769a2def98a71cff,windows10-64-shippable-qr,True,False,,|c|o|l|d| |f|i|s|s|i|o|n| |i|n|t|e|r|a|c|t|i|v|e| |w|e|b|r|e|n|d|e|r|,102210fe594ee9b33d82058545b1ed14f4c8206e,LastVisualChange,reddit-billgates-post-1.posts,True,reddit-billgates-post-1.posts LastVisualChange opt cold fission webrender,,77,ms,firefox,,1750984622,2023-09-05 23:38:09,557.0,b34280e9a0872e3b3f0893cd3bd78bf94b421612,1296071,,,,,,,,,,,,,,,,,,,,,,,,,,,,,,,,,,,,,,,,,,,,,,,,,,,,,,,,,,,,,TN,TN
autoland,4060512,13,77a9707257b88d3b15060667769a2def98a71cff,windows10-64-shippable-qr,True,False,,|c|o|l|d| |f|i|s|s|i|o|n| |i|n|t|e|r|a|c|t|i|v|e| |w|e|b|r|e|n|d|e|r|,102210fe594ee9b33d82058545b1ed14f4c8206e,LastVisualChange,reddit-billgates-post-1.posts,True,reddit-billgates-post-1.posts LastVisualChange opt cold fission webrender,,77,ms,firefox,,1750991170,2023-09-06 00:54:53,529.1,ff7e2e9adbc1753b1f3e01a3f2eb8a91bb911418,1296116,,,,,,,,,,,,,,,,,,,,,,,,,,,,,,,,,,,,,,,,,,,,,,,,,,,,,,,,,,,,,TN,TN
autoland,4060512,13,77a9707257b88d3b15060667769a2def98a71cff,windows10-64-shippable-qr,True,False,,|c|o|l|d| |f|i|s|s|i|o|n| |i|n|t|e|r|a|c|t|i|v|e| |w|e|b|r|e|n|d|e|r|,102210fe594ee9b33d82058545b1ed14f4c8206e,LastVisualChange,reddit-billgates-post-1.posts,True,reddit-billgates-post-1.posts LastVisualChange opt cold fission webrender,,77,ms,firefox,,1751095682,2023-09-06 05:00:41,502.2,5c56b92baa65aa27df61f84718594767ef8f26f4,1296186,,,,,,,,,,,,,,,,,,,,,,,,,,,,,,,,,,,,,,,,,,,,,,,,,,,,,,,,,,,,,TN,TN
autoland,4060512,13,77a9707257b88d3b15060667769a2def98a71cff,windows10-64-shippable-qr,True,False,,|c|o|l|d| |f|i|s|s|i|o|n| |i|n|t|e|r|a|c|t|i|v|e| |w|e|b|r|e|n|d|e|r|,102210fe594ee9b33d82058545b1ed14f4c8206e,LastVisualChange,reddit-billgates-post-1.posts,True,reddit-billgates-post-1.posts LastVisualChange opt cold fission webrender,,77,ms,firefox,,1751268461,2023-09-06 10:31:58,522.2,6631a30338d3de03925f76afd071a29511729440,1296288,,,,,,,,,,,,,,,,,,,,,,,,,,,,,,,,,,,,,,,,,,,,,,,,,,,,,,,,,,,,,TN,TN
autoland,4060512,13,77a9707257b88d3b15060667769a2def98a71cff,windows10-64-shippable-qr,True,False,,|c|o|l|d| |f|i|s|s|i|o|n| |i|n|t|e|r|a|c|t|i|v|e| |w|e|b|r|e|n|d|e|r|,102210fe594ee9b33d82058545b1ed14f4c8206e,LastVisualChange,reddit-billgates-post-1.posts,True,reddit-billgates-post-1.posts LastVisualChange opt cold fission webrender,,77,ms,firefox,,1751242328,2023-09-06 11:18:29,528.7,e43370e4259f61e0c264dbcef8b45e2862b3c5e8,1296309,,,,,,,,,,,,,,,,,,,,,,,,,,,,,,,,,,,,,,,,,,,,,,,,,,,,,,,,,,,,,TN,TN
autoland,4060512,13,77a9707257b88d3b15060667769a2def98a71cff,windows10-64-shippable-qr,True,False,,|c|o|l|d| |f|i|s|s|i|o|n| |i|n|t|e|r|a|c|t|i|v|e| |w|e|b|r|e|n|d|e|r|,102210fe594ee9b33d82058545b1ed14f4c8206e,LastVisualChange,reddit-billgates-post-1.posts,True,reddit-billgates-post-1.posts LastVisualChange opt cold fission webrender,,77,ms,firefox,,1751649091,2023-09-06 12:46:11,545.6,1efdead581242a06398d33ea25040ec415b4051a,1296355,,,,,,,,,,,,,,,,,,,,,,,,,,,,,,,,,,,,,,,,,,,,,,,,,,,,,,,,,,,,,TN,TN
autoland,4060512,13,77a9707257b88d3b15060667769a2def98a71cff,windows10-64-shippable-qr,True,False,,|c|o|l|d| |f|i|s|s|i|o|n| |i|n|t|e|r|a|c|t|i|v|e| |w|e|b|r|e|n|d|e|r|,102210fe594ee9b33d82058545b1ed14f4c8206e,LastVisualChange,reddit-billgates-post-1.posts,True,reddit-billgates-post-1.posts LastVisualChange opt cold fission webrender,,77,ms,firefox,,1751666349,2023-09-06 12:47:02,525.8,90f7ca5b0ec6598e9a3298d82a4a34df06986322,1296356,,,,,,,,,,,,,,,,,,,,,,,,,,,,,,,,,,,,,,,,,,,,,,,,,,,,,,,,,,,,,TN,TN
autoland,4060512,13,77a9707257b88d3b15060667769a2def98a71cff,windows10-64-shippable-qr,True,False,,|c|o|l|d| |f|i|s|s|i|o|n| |i|n|t|e|r|a|c|t|i|v|e| |w|e|b|r|e|n|d|e|r|,102210fe594ee9b33d82058545b1ed14f4c8206e,LastVisualChange,reddit-billgates-post-1.posts,True,reddit-billgates-post-1.posts LastVisualChange opt cold fission webrender,,77,ms,firefox,,1751346213,2023-09-06 14:28:21,555.0,0315c2d875ca2a95bbb65ef4a1f7b75f72ed7263,1296418,,,,,,,,,,,,,,,,,,,,,,,,,,,,,,,,,,,,,,,,,,,,,,,,,,,,,,,,,,,,,TN,TN
autoland,4060512,13,77a9707257b88d3b15060667769a2def98a71cff,windows10-64-shippable-qr,True,False,,|c|o|l|d| |f|i|s|s|i|o|n| |i|n|t|e|r|a|c|t|i|v|e| |w|e|b|r|e|n|d|e|r|,102210fe594ee9b33d82058545b1ed14f4c8206e,LastVisualChange,reddit-billgates-post-1.posts,True,reddit-billgates-post-1.posts LastVisualChange opt cold fission webrender,,77,ms,firefox,,1751652667,2023-09-06 16:46:52,525.0,0489416a8aec949f888e29303c9bbe21ed1f99e7,1296506,,,,,,,,,,,,,,,,,,,,,,,,,,,,,,,,,,,,,,,,,,,,,,,,,,,,,,,,,,,,,TN,TN
autoland,4060512,13,77a9707257b88d3b15060667769a2def98a71cff,windows10-64-shippable-qr,True,False,,|c|o|l|d| |f|i|s|s|i|o|n| |i|n|t|e|r|a|c|t|i|v|e| |w|e|b|r|e|n|d|e|r|,102210fe594ee9b33d82058545b1ed14f4c8206e,LastVisualChange,reddit-billgates-post-1.posts,True,reddit-billgates-post-1.posts LastVisualChange opt cold fission webrender,,77,ms,firefox,,1751608146,2023-09-06 16:49:32,511.7,e7a99f508f56aad179face2013609fc9498d0c8f,1296508,,,,,,,,,,,,,,,,,,,,,,,,,,,,,,,,,,,,,,,,,,,,,,,,,,,,,,,,,,,,,TN,TN
autoland,4060512,13,77a9707257b88d3b15060667769a2def98a71cff,windows10-64-shippable-qr,True,False,,|c|o|l|d| |f|i|s|s|i|o|n| |i|n|t|e|r|a|c|t|i|v|e| |w|e|b|r|e|n|d|e|r|,102210fe594ee9b33d82058545b1ed14f4c8206e,LastVisualChange,reddit-billgates-post-1.posts,True,reddit-billgates-post-1.posts LastVisualChange opt cold fission webrender,,77,ms,firefox,,1751396907,2023-09-06 18:00:42,522.2,340378041fcfd986f6c0edb18a81efbc36f930c1,1296561,,,,,,,,,,,,,,,,,,,,,,,,,,,,,,,,,,,,,,,,,,,,,,,,,,,,,,,,,,,,,TN,TN
autoland,4060512,13,77a9707257b88d3b15060667769a2def98a71cff,windows10-64-shippable-qr,True,False,,|c|o|l|d| |f|i|s|s|i|o|n| |i|n|t|e|r|a|c|t|i|v|e| |w|e|b|r|e|n|d|e|r|,102210fe594ee9b33d82058545b1ed14f4c8206e,LastVisualChange,reddit-billgates-post-1.posts,True,reddit-billgates-post-1.posts LastVisualChange opt cold fission webrender,,77,ms,firefox,,1751474523,2023-09-06 21:18:27,510.7,6e5768f3fc480965c2b67e5006ad8351d30a27b2,1296699,,,,,,,,,,,,,,,,,,,,,,,,,,,,,,,,,,,,,,,,,,,,,,,,,,,,,,,,,,,,,TN,TN
autoland,4060512,13,77a9707257b88d3b15060667769a2def98a71cff,windows10-64-shippable-qr,True,False,,|c|o|l|d| |f|i|s|s|i|o|n| |i|n|t|e|r|a|c|t|i|v|e| |w|e|b|r|e|n|d|e|r|,102210fe594ee9b33d82058545b1ed14f4c8206e,LastVisualChange,reddit-billgates-post-1.posts,True,reddit-billgates-post-1.posts LastVisualChange opt cold fission webrender,,77,ms,firefox,,1751597352,2023-09-07 02:02:33,526.0,172ac46f5fd5a20a001b2cbed27df0ffb44ef6a6,1296842,,,,,,,,,,,,,,,,,,,,,,,,,,,,,,,,,,,,,,,,,,,,,,,,,,,,,,,,,,,,,TN,TN
autoland,4060512,13,77a9707257b88d3b15060667769a2def98a71cff,windows10-64-shippable-qr,True,False,,|c|o|l|d| |f|i|s|s|i|o|n| |i|n|t|e|r|a|c|t|i|v|e| |w|e|b|r|e|n|d|e|r|,102210fe594ee9b33d82058545b1ed14f4c8206e,LastVisualChange,reddit-billgates-post-1.posts,True,reddit-billgates-post-1.posts LastVisualChange opt cold fission webrender,,77,ms,firefox,,1751674793,2023-09-07 05:47:53,522.0,c8b40099127c273a58ba6defbe045c55752f0f64,1296880,,,,,,,,,,,,,,,,,,,,,,,,,,,,,,,,,,,,,,,,,,,,,,,,,,,,,,,,,,,,,TN,TN
autoland,4060512,13,77a9707257b88d3b15060667769a2def98a71cff,windows10-64-shippable-qr,True,False,,|c|o|l|d| |f|i|s|s|i|o|n| |i|n|t|e|r|a|c|t|i|v|e| |w|e|b|r|e|n|d|e|r|,102210fe594ee9b33d82058545b1ed14f4c8206e,LastVisualChange,reddit-billgates-post-1.posts,True,reddit-billgates-post-1.posts LastVisualChange opt cold fission webrender,,77,ms,firefox,,1751766726,2023-09-07 10:02:59,525.6,72c09a220d986d7af3fa78b07b9b87cd943f9ab5,1296967,,,,,,,,,,,,,,,,,,,,,,,,,,,,,,,,,,,,,,,,,,,,,,,,,,,,,,,,,,,,,TN,TN
autoland,4060512,13,77a9707257b88d3b15060667769a2def98a71cff,windows10-64-shippable-qr,True,False,,|c|o|l|d| |f|i|s|s|i|o|n| |i|n|t|e|r|a|c|t|i|v|e| |w|e|b|r|e|n|d|e|r|,102210fe594ee9b33d82058545b1ed14f4c8206e,LastVisualChange,reddit-billgates-post-1.posts,True,reddit-billgates-post-1.posts LastVisualChange opt cold fission webrender,,77,ms,firefox,,1751884682,2023-09-07 12:32:17,535.5,31aee1c71573016a4a40410e1c41adad2304c430,1297037,,,,,,,,,,,,,,,,,,,,,,,,,,,,,,,,,,,,,,,,,,,,,,,,,,,,,,,,,,,,,TN,TN
autoland,4060512,13,77a9707257b88d3b15060667769a2def98a71cff,windows10-64-shippable-qr,True,False,,|c|o|l|d| |f|i|s|s|i|o|n| |i|n|t|e|r|a|c|t|i|v|e| |w|e|b|r|e|n|d|e|r|,102210fe594ee9b33d82058545b1ed14f4c8206e,LastVisualChange,reddit-billgates-post-1.posts,True,reddit-billgates-post-1.posts LastVisualChange opt cold fission webrender,,77,ms,firefox,,1766499120,2023-09-07 14:29:40,532.2,85ed967e285f304f7709461aec0d33ca72805791,1297096,,,,,,,,,,,,,,,,,,,,,,,,,,,,,,,,,,,,,,,,,,,,,,,,,,,,,,,,,,,,,TN,TN
autoland,4060512,13,77a9707257b88d3b15060667769a2def98a71cff,windows10-64-shippable-qr,True,False,,|c|o|l|d| |f|i|s|s|i|o|n| |i|n|t|e|r|a|c|t|i|v|e| |w|e|b|r|e|n|d|e|r|,102210fe594ee9b33d82058545b1ed14f4c8206e,LastVisualChange,reddit-billgates-post-1.posts,True,reddit-billgates-post-1.posts LastVisualChange opt cold fission webrender,,77,ms,firefox,,1766496690,2023-09-07 14:30:50,525.4,a8277821ccacf3860c715cd9b3ac69ac9c9f7f16,1297098,,,,,,,,,,,,,,,,,,,,,,,,,,,,,,,,,,,,,,,,,,,,,,,,,,,,,,,,,,,,,TN,TN
autoland,4060512,13,77a9707257b88d3b15060667769a2def98a71cff,windows10-64-shippable-qr,True,False,,|c|o|l|d| |f|i|s|s|i|o|n| |i|n|t|e|r|a|c|t|i|v|e| |w|e|b|r|e|n|d|e|r|,102210fe594ee9b33d82058545b1ed14f4c8206e,LastVisualChange,reddit-billgates-post-1.posts,True,reddit-billgates-post-1.posts LastVisualChange opt cold fission webrender,,77,ms,firefox,,1766495045,2023-09-07 14:40:31,517.7,b71ddb0547b179f618dd766f56d8321fc331de12,1297106,,,,,,,,,,,,,,,,,,,,,,,,,,,,,,,,,,,,,,,,,,,,,,,,,,,,,,,,,,,,,TN,TN
autoland,4060512,13,77a9707257b88d3b15060667769a2def98a71cff,windows10-64-shippable-qr,True,False,,|c|o|l|d| |f|i|s|s|i|o|n| |i|n|t|e|r|a|c|t|i|v|e| |w|e|b|r|e|n|d|e|r|,102210fe594ee9b33d82058545b1ed14f4c8206e,LastVisualChange,reddit-billgates-post-1.posts,True,reddit-billgates-post-1.posts LastVisualChange opt cold fission webrender,,77,ms,firefox,,1766497110,2023-09-07 15:19:29,535.6,f497bb1b1b7b740a14f9e9eb6ab14bae4ed2357d,1297137,,,,,,,,,,,,,,,,,,,,,,,,,,,,,,,,,,,,,,,,,,,,,,,,,,,,,,,,,,,,,TN,TN
autoland,4060512,13,77a9707257b88d3b15060667769a2def98a71cff,windows10-64-shippable-qr,True,False,,|c|o|l|d| |f|i|s|s|i|o|n| |i|n|t|e|r|a|c|t|i|v|e| |w|e|b|r|e|n|d|e|r|,102210fe594ee9b33d82058545b1ed14f4c8206e,LastVisualChange,reddit-billgates-post-1.posts,True,reddit-billgates-post-1.posts LastVisualChange opt cold fission webrender,,77,ms,firefox,,1766496914,2023-09-07 15:33:43,514.7,66edce3f75929a4f0d78fb20fc049e9fcd500685,1297151,,,,,,,,,,,,,,,,,,,,,,,,,,,,,,,,,,,,,,,,,,,,,,,,,,,,,,,,,,,,,TN,TN
autoland,4060512,13,77a9707257b88d3b15060667769a2def98a71cff,windows10-64-shippable-qr,True,False,,|c|o|l|d| |f|i|s|s|i|o|n| |i|n|t|e|r|a|c|t|i|v|e| |w|e|b|r|e|n|d|e|r|,102210fe594ee9b33d82058545b1ed14f4c8206e,LastVisualChange,reddit-billgates-post-1.posts,True,reddit-billgates-post-1.posts LastVisualChange opt cold fission webrender,,77,ms,firefox,,1766497454,2023-09-07 15:37:24,516.9,2417496b261241aba599d34cee8e560492749630,1297155,,,,,,,,,,,,,,,,,,,,,,,,,,,,,,,,,,,,,,,,,,,,,,,,,,,,,,,,,,,,,TN,TN
autoland,4060512,13,77a9707257b88d3b15060667769a2def98a71cff,windows10-64-shippable-qr,True,False,,|c|o|l|d| |f|i|s|s|i|o|n| |i|n|t|e|r|a|c|t|i|v|e| |w|e|b|r|e|n|d|e|r|,102210fe594ee9b33d82058545b1ed14f4c8206e,LastVisualChange,reddit-billgates-post-1.posts,True,reddit-billgates-post-1.posts LastVisualChange opt cold fission webrender,,77,ms,firefox,,1766496252,2023-09-07 15:45:11,510.1,201c03815303a9e813e3a1a0fca89d59fdc302ab,1297162,,,,,,,,,,,,,,,,,,,,,,,,,,,,,,,,,,,,,,,,,,,,,,,,,,,,,,,,,,,,,TN,TN
autoland,4060512,13,77a9707257b88d3b15060667769a2def98a71cff,windows10-64-shippable-qr,True,False,,|c|o|l|d| |f|i|s|s|i|o|n| |i|n|t|e|r|a|c|t|i|v|e| |w|e|b|r|e|n|d|e|r|,102210fe594ee9b33d82058545b1ed14f4c8206e,LastVisualChange,reddit-billgates-post-1.posts,True,reddit-billgates-post-1.posts LastVisualChange opt cold fission webrender,,77,ms,firefox,,1766496430,2023-09-07 15:58:58,532.1,5ed2d82563db9ab07b081fa10544fb713c174dc2,1297172,,,,,,,,,,,,,,,,,,,,,,,,,,,,,,,,,,,,,,,,,,,,,,,,,,,,,,,,,,,,,TN,TN
autoland,4060512,13,77a9707257b88d3b15060667769a2def98a71cff,windows10-64-shippable-qr,True,False,,|c|o|l|d| |f|i|s|s|i|o|n| |i|n|t|e|r|a|c|t|i|v|e| |w|e|b|r|e|n|d|e|r|,102210fe594ee9b33d82058545b1ed14f4c8206e,LastVisualChange,reddit-billgates-post-1.posts,True,reddit-billgates-post-1.posts LastVisualChange opt cold fission webrender,,77,ms,firefox,,1766496463,2023-09-07 16:03:23,508.2,8ae372dc88d1d1b1b5fd4783aec003da378c3e45,1297175,,,,,,,,,,,,,,,,,,,,,,,,,,,,,,,,,,,,,,,,,,,,,,,,,,,,,,,,,,,,,TN,TN
autoland,4060512,13,77a9707257b88d3b15060667769a2def98a71cff,windows10-64-shippable-qr,True,False,,|c|o|l|d| |f|i|s|s|i|o|n| |i|n|t|e|r|a|c|t|i|v|e| |w|e|b|r|e|n|d|e|r|,102210fe594ee9b33d82058545b1ed14f4c8206e,LastVisualChange,reddit-billgates-post-1.posts,True,reddit-billgates-post-1.posts LastVisualChange opt cold fission webrender,,77,ms,firefox,,1751911117,2023-09-07 16:05:38,562.1,be838735b3cf99411aaa287377f080810144f92d,1297179,,,,,,,,,,,,,,,,,,,,,,,,,,,,,,,,,,,,,,,,,,,,,,,,,,,,,,,,,,,,,TN,TN
autoland,4060512,13,77a9707257b88d3b15060667769a2def98a71cff,windows10-64-shippable-qr,True,False,,|c|o|l|d| |f|i|s|s|i|o|n| |i|n|t|e|r|a|c|t|i|v|e| |w|e|b|r|e|n|d|e|r|,102210fe594ee9b33d82058545b1ed14f4c8206e,LastVisualChange,reddit-billgates-post-1.posts,True,reddit-billgates-post-1.posts LastVisualChange opt cold fission webrender,,77,ms,firefox,,1752301064,2023-09-07 16:19:54,519.0,83e2fb4331f8fa061470e0f9823cdcdb78eb8a56,1297187,,,,,,,,,,,,,,,,,,,,,,,,,,,,,,,,,,,,,,,,,,,,,,,,,,,,,,,,,,,,,TN,TN
autoland,4060512,13,77a9707257b88d3b15060667769a2def98a71cff,windows10-64-shippable-qr,True,False,,|c|o|l|d| |f|i|s|s|i|o|n| |i|n|t|e|r|a|c|t|i|v|e| |w|e|b|r|e|n|d|e|r|,102210fe594ee9b33d82058545b1ed14f4c8206e,LastVisualChange,reddit-billgates-post-1.posts,True,reddit-billgates-post-1.posts LastVisualChange opt cold fission webrender,,77,ms,firefox,,1752063075,2023-09-07 18:57:03,529.5,25b4a7559a80b3970d88de68b2ac92420ca025c8,1297304,,,,,,,,,,,,,,,,,,,,,,,,,,,,,,,,,,,,,,,,,,,,,,,,,,,,,,,,,,,,,TN,TN
autoland,4060512,13,77a9707257b88d3b15060667769a2def98a71cff,windows10-64-shippable-qr,True,False,,|c|o|l|d| |f|i|s|s|i|o|n| |i|n|t|e|r|a|c|t|i|v|e| |w|e|b|r|e|n|d|e|r|,102210fe594ee9b33d82058545b1ed14f4c8206e,LastVisualChange,reddit-billgates-post-1.posts,True,reddit-billgates-post-1.posts LastVisualChange opt cold fission webrender,,77,ms,firefox,,1752221847,2023-09-07 23:16:45,524.2,6fb5507c20420498c1ebe5f2b6df35394d980f1c,1297446,,,,,,,,,,,,,,,,,,,,,,,,,,,,,,,,,,,,,,,,,,,,,,,,,,,,,,,,,,,,,TN,TN
autoland,4060512,13,77a9707257b88d3b15060667769a2def98a71cff,windows10-64-shippable-qr,True,False,,|c|o|l|d| |f|i|s|s|i|o|n| |i|n|t|e|r|a|c|t|i|v|e| |w|e|b|r|e|n|d|e|r|,102210fe594ee9b33d82058545b1ed14f4c8206e,LastVisualChange,reddit-billgates-post-1.posts,True,reddit-billgates-post-1.posts LastVisualChange opt cold fission webrender,,77,ms,firefox,,1752198191,2023-09-07 23:39:19,541.4,3096b15a785accc50f5e96ad64eed31ebd5ae045,1297453,,,,,,,,,,,,,,,,,,,,,,,,,,,,,,,,,,,,,,,,,,,,,,,,,,,,,,,,,,,,,TN,TN
autoland,4060512,13,77a9707257b88d3b15060667769a2def98a71cff,windows10-64-shippable-qr,True,False,,|c|o|l|d| |f|i|s|s|i|o|n| |i|n|t|e|r|a|c|t|i|v|e| |w|e|b|r|e|n|d|e|r|,102210fe594ee9b33d82058545b1ed14f4c8206e,LastVisualChange,reddit-billgates-post-1.posts,True,reddit-billgates-post-1.posts LastVisualChange opt cold fission webrender,,77,ms,firefox,,1752316939,2023-09-08 04:28:36,554.4,9cf29328d69c6278a4d9e184fcf79d33542cb600,1297535,,,,,,,,,,,,,,,,,,,,,,,,,,,,,,,,,,,,,,,,,,,,,,,,,,,,,,,,,,,,,TN,TN
autoland,4060512,13,77a9707257b88d3b15060667769a2def98a71cff,windows10-64-shippable-qr,True,False,,|c|o|l|d| |f|i|s|s|i|o|n| |i|n|t|e|r|a|c|t|i|v|e| |w|e|b|r|e|n|d|e|r|,102210fe594ee9b33d82058545b1ed14f4c8206e,LastVisualChange,reddit-billgates-post-1.posts,True,reddit-billgates-post-1.posts LastVisualChange opt cold fission webrender,,77,ms,firefox,,1752373830,2023-09-08 08:33:18,518.8,850826d930dbbaab76c864c8e0c815e741d335ec,1297602,,,,,,,,,,,,,,,,,,,,,,,,,,,,,,,,,,,,,,,,,,,,,,,,,,,,,,,,,,,,,TN,TN
autoland,4060512,13,77a9707257b88d3b15060667769a2def98a71cff,windows10-64-shippable-qr,True,False,,|c|o|l|d| |f|i|s|s|i|o|n| |i|n|t|e|r|a|c|t|i|v|e| |w|e|b|r|e|n|d|e|r|,102210fe594ee9b33d82058545b1ed14f4c8206e,LastVisualChange,reddit-billgates-post-1.posts,True,reddit-billgates-post-1.posts LastVisualChange opt cold fission webrender,,77,ms,firefox,,1752476043,2023-09-08 09:52:44,515.6,274b1d437629e97813d0b7fe7e8b4912cf84cf32,1297644,,,,,,,,,,,,,,,,,,,,,,,,,,,,,,,,,,,,,,,,,,,,,,,,,,,,,,,,,,,,,TN,TN
autoland,4060512,13,77a9707257b88d3b15060667769a2def98a71cff,windows10-64-shippable-qr,True,False,,|c|o|l|d| |f|i|s|s|i|o|n| |i|n|t|e|r|a|c|t|i|v|e| |w|e|b|r|e|n|d|e|r|,102210fe594ee9b33d82058545b1ed14f4c8206e,LastVisualChange,reddit-billgates-post-1.posts,True,reddit-billgates-post-1.posts LastVisualChange opt cold fission webrender,,77,ms,firefox,,1752594792,2023-09-08 14:14:09,498.4,822367e291b07b889b553a6beaa660fd1d4bf101,1297788,,,,,,,,,,,,,,,,,,,,,,,,,,,,,,,,,,,,,,,,,,,,,,,,,,,,,,,,,,,,,TN,TN
autoland,4060512,13,77a9707257b88d3b15060667769a2def98a71cff,windows10-64-shippable-qr,True,False,,|c|o|l|d| |f|i|s|s|i|o|n| |i|n|t|e|r|a|c|t|i|v|e| |w|e|b|r|e|n|d|e|r|,102210fe594ee9b33d82058545b1ed14f4c8206e,LastVisualChange,reddit-billgates-post-1.posts,True,reddit-billgates-post-1.posts LastVisualChange opt cold fission webrender,,77,ms,firefox,,1752614256,2023-09-08 14:59:47,526.0,bde2db6f12ce1100b2bbb4b10916f7be1cf90f3a,1297817,,,,,,,,,,,,,,,,,,,,,,,,,,,,,,,,,,,,,,,,,,,,,,,,,,,,,,,,,,,,,TN,TN
autoland,4060512,13,77a9707257b88d3b15060667769a2def98a71cff,windows10-64-shippable-qr,True,False,,|c|o|l|d| |f|i|s|s|i|o|n| |i|n|t|e|r|a|c|t|i|v|e| |w|e|b|r|e|n|d|e|r|,102210fe594ee9b33d82058545b1ed14f4c8206e,LastVisualChange,reddit-billgates-post-1.posts,True,reddit-billgates-post-1.posts LastVisualChange opt cold fission webrender,,77,ms,firefox,,1752690318,2023-09-08 18:04:40,522.0,27b2bca6565fd4a7d724617dc2a06ad4433d5e7d,1297929,,,,,,,,,,,,,,,,,,,,,,,,,,,,,,,,,,,,,,,,,,,,,,,,,,,,,,,,,,,,,TN,TN
autoland,4060512,13,77a9707257b88d3b15060667769a2def98a71cff,windows10-64-shippable-qr,True,False,,|c|o|l|d| |f|i|s|s|i|o|n| |i|n|t|e|r|a|c|t|i|v|e| |w|e|b|r|e|n|d|e|r|,102210fe594ee9b33d82058545b1ed14f4c8206e,LastVisualChange,reddit-billgates-post-1.posts,True,reddit-billgates-post-1.posts LastVisualChange opt cold fission webrender,,77,ms,firefox,,1752869182,2023-09-08 22:44:42,520.5,caabab6fd2b88b34f1344af40c555fed0a039949,1298112,,,,,,,,,,,,,,,,,,,,,,,,,,,,,,,,,,,,,,,,,,,,,,,,,,,,,,,,,,,,,TN,TN
autoland,4060512,13,77a9707257b88d3b15060667769a2def98a71cff,windows10-64-shippable-qr,True,False,,|c|o|l|d| |f|i|s|s|i|o|n| |i|n|t|e|r|a|c|t|i|v|e| |w|e|b|r|e|n|d|e|r|,102210fe594ee9b33d82058545b1ed14f4c8206e,LastVisualChange,reddit-billgates-post-1.posts,True,reddit-billgates-post-1.posts LastVisualChange opt cold fission webrender,,77,ms,firefox,,1752920165,2023-09-09 01:11:00,522.9,266305ba8989b3072ea042b1a3130ddfb89960e1,1298167,,,,,,,,,,,,,,,,,,,,,,,,,,,,,,,,,,,,,,,,,,,,,,,,,,,,,,,,,,,,,TN,TN
autoland,4060512,13,77a9707257b88d3b15060667769a2def98a71cff,windows10-64-shippable-qr,True,False,,|c|o|l|d| |f|i|s|s|i|o|n| |i|n|t|e|r|a|c|t|i|v|e| |w|e|b|r|e|n|d|e|r|,102210fe594ee9b33d82058545b1ed14f4c8206e,LastVisualChange,reddit-billgates-post-1.posts,True,reddit-billgates-post-1.posts LastVisualChange opt cold fission webrender,,77,ms,firefox,,1752973783,2023-09-09 05:59:08,504.5,02f7c436b43f486a8aec92c449f2df1fedf9226a,1298196,,,,,,,,,,,,,,,,,,,,,,,,,,,,,,,,,,,,,,,,,,,,,,,,,,,,,,,,,,,,,TN,TN
autoland,4060512,13,77a9707257b88d3b15060667769a2def98a71cff,windows10-64-shippable-qr,True,False,,|c|o|l|d| |f|i|s|s|i|o|n| |i|n|t|e|r|a|c|t|i|v|e| |w|e|b|r|e|n|d|e|r|,102210fe594ee9b33d82058545b1ed14f4c8206e,LastVisualChange,reddit-billgates-post-1.posts,True,reddit-billgates-post-1.posts LastVisualChange opt cold fission webrender,,77,ms,firefox,,1753054840,2023-09-09 12:58:29,518.5,52b4a28cd9d7623a471a02cb994a2aebbd5d7403,1298223,,,,,,,,,,,,,,,,,,,,,,,,,,,,,,,,,,,,,,,,,,,,,,,,,,,,,,,,,,,,,TN,TN
autoland,4060512,13,77a9707257b88d3b15060667769a2def98a71cff,windows10-64-shippable-qr,True,False,,|c|o|l|d| |f|i|s|s|i|o|n| |i|n|t|e|r|a|c|t|i|v|e| |w|e|b|r|e|n|d|e|r|,102210fe594ee9b33d82058545b1ed14f4c8206e,LastVisualChange,reddit-billgates-post-1.posts,True,reddit-billgates-post-1.posts LastVisualChange opt cold fission webrender,,77,ms,firefox,,1753199021,2023-09-09 23:18:35,532.3,df18c9cb1487f09a89e27eabbd0819691c70701b,1298263,,,,,,,,,,,,,,,,,,,,,,,,,,,,,,,,,,,,,,,,,,,,,,,,,,,,,,,,,,,,,TN,TN
autoland,4060512,13,77a9707257b88d3b15060667769a2def98a71cff,windows10-64-shippable-qr,True,False,,|c|o|l|d| |f|i|s|s|i|o|n| |i|n|t|e|r|a|c|t|i|v|e| |w|e|b|r|e|n|d|e|r|,102210fe594ee9b33d82058545b1ed14f4c8206e,LastVisualChange,reddit-billgates-post-1.posts,True,reddit-billgates-post-1.posts LastVisualChange opt cold fission webrender,,77,ms,firefox,,1753266177,2023-09-10 03:51:10,485.6,7faa89970aed2f2e16f538aba1a7465bb6a5ea20,1298271,,,,,,,,,,,,,,,,,,,,,,,,,,,,,,,,,,,,,,,,,,,,,,,,,,,,,,,,,,,,,TN,TN
autoland,4060512,13,77a9707257b88d3b15060667769a2def98a71cff,windows10-64-shippable-qr,True,False,,|c|o|l|d| |f|i|s|s|i|o|n| |i|n|t|e|r|a|c|t|i|v|e| |w|e|b|r|e|n|d|e|r|,102210fe594ee9b33d82058545b1ed14f4c8206e,LastVisualChange,reddit-billgates-post-1.posts,True,reddit-billgates-post-1.posts LastVisualChange opt cold fission webrender,,77,ms,firefox,,1753437654,2023-09-10 10:15:01,529.2,2e1c2dd8ef65a6914ebc4e0bc0a0a274c31e29bc,1298293,,,,,,,,,,,,,,,,,,,,,,,,,,,,,,,,,,,,,,,,,,,,,,,,,,,,,,,,,,,,,TN,TN
autoland,4060512,13,77a9707257b88d3b15060667769a2def98a71cff,windows10-64-shippable-qr,True,False,,|c|o|l|d| |f|i|s|s|i|o|n| |i|n|t|e|r|a|c|t|i|v|e| |w|e|b|r|e|n|d|e|r|,102210fe594ee9b33d82058545b1ed14f4c8206e,LastVisualChange,reddit-billgates-post-1.posts,True,reddit-billgates-post-1.posts LastVisualChange opt cold fission webrender,,77,ms,firefox,,1753524046,2023-09-10 12:24:34,521.5,640ad6a53cf88f878095f49f98b720a99c2762bd,1298303,,,,,,,,,,,,,,,,,,,,,,,,,,,,,,,,,,,,,,,,,,,,,,,,,,,,,,,,,,,,,TN,TN
autoland,4060512,13,77a9707257b88d3b15060667769a2def98a71cff,windows10-64-shippable-qr,True,False,,|c|o|l|d| |f|i|s|s|i|o|n| |i|n|t|e|r|a|c|t|i|v|e| |w|e|b|r|e|n|d|e|r|,102210fe594ee9b33d82058545b1ed14f4c8206e,LastVisualChange,reddit-billgates-post-1.posts,True,reddit-billgates-post-1.posts LastVisualChange opt cold fission webrender,,77,ms,firefox,,1753616202,2023-09-10 16:24:53,523.4,e91d172728590586e38bc431f3dc779479e365d5,1298313,,,,,,,,,,,,,,,,,,,,,,,,,,,,,,,,,,,,,,,,,,,,,,,,,,,,,,,,,,,,,TN,TN
autoland,4060512,13,77a9707257b88d3b15060667769a2def98a71cff,windows10-64-shippable-qr,True,False,,|c|o|l|d| |f|i|s|s|i|o|n| |i|n|t|e|r|a|c|t|i|v|e| |w|e|b|r|e|n|d|e|r|,102210fe594ee9b33d82058545b1ed14f4c8206e,LastVisualChange,reddit-billgates-post-1.posts,True,reddit-billgates-post-1.posts LastVisualChange opt cold fission webrender,,77,ms,firefox,,1753756711,2023-09-10 22:24:39,522.0,fff502a8f26bdfc51eada3cf32107848bff64a76,1298356,,,,,,,,,,,,,,,,,,,,,,,,,,,,,,,,,,,,,,,,,,,,,,,,,,,,,,,,,,,,,TN,TN
autoland,4060512,13,77a9707257b88d3b15060667769a2def98a71cff,windows10-64-shippable-qr,True,False,,|c|o|l|d| |f|i|s|s|i|o|n| |i|n|t|e|r|a|c|t|i|v|e| |w|e|b|r|e|n|d|e|r|,102210fe594ee9b33d82058545b1ed14f4c8206e,LastVisualChange,reddit-billgates-post-1.posts,True,reddit-billgates-post-1.posts LastVisualChange opt cold fission webrender,,77,ms,firefox,,1753840396,2023-09-11 04:00:08,524.7,5f5a3f190fdfa0947a671467171ab2b3cee62c38,1298396,,,,,,,,,,,,,,,,,,,,,,,,,,,,,,,,,,,,,,,,,,,,,,,,,,,,,,,,,,,,,TN,TN
autoland,4060512,13,77a9707257b88d3b15060667769a2def98a71cff,windows10-64-shippable-qr,True,False,,|c|o|l|d| |f|i|s|s|i|o|n| |i|n|t|e|r|a|c|t|i|v|e| |w|e|b|r|e|n|d|e|r|,102210fe594ee9b33d82058545b1ed14f4c8206e,LastVisualChange,reddit-billgates-post-1.posts,True,reddit-billgates-post-1.posts LastVisualChange opt cold fission webrender,,77,ms,firefox,,1753894484,2023-09-11 08:01:16,532.2,35ae39561912dad340dac47c7c1dc3af6ead952b,1298437,,,,,,,,,,,,,,,,,,,,,,,,,,,,,,,,,,,,,,,,,,,,,,,,,,,,,,,,,,,,,TN,TN
autoland,4060512,13,77a9707257b88d3b15060667769a2def98a71cff,windows10-64-shippable-qr,True,False,,|c|o|l|d| |f|i|s|s|i|o|n| |i|n|t|e|r|a|c|t|i|v|e| |w|e|b|r|e|n|d|e|r|,102210fe594ee9b33d82058545b1ed14f4c8206e,LastVisualChange,reddit-billgates-post-1.posts,True,reddit-billgates-post-1.posts LastVisualChange opt cold fission webrender,,77,ms,firefox,,1753979698,2023-09-11 10:09:23,542.6,16a377bb7b5f9713ac6a5fae21ce043c7de7cd67,1298486,,,,,,,,,,,,,,,,,,,,,,,,,,,,,,,,,,,,,,,,,,,,,,,,,,,,,,,,,,,,,TN,TN
autoland,4060512,13,77a9707257b88d3b15060667769a2def98a71cff,windows10-64-shippable-qr,True,False,,|c|o|l|d| |f|i|s|s|i|o|n| |i|n|t|e|r|a|c|t|i|v|e| |w|e|b|r|e|n|d|e|r|,102210fe594ee9b33d82058545b1ed14f4c8206e,LastVisualChange,reddit-billgates-post-1.posts,True,reddit-billgates-post-1.posts LastVisualChange opt cold fission webrender,,77,ms,firefox,,1754097056,2023-09-11 13:54:23,518.0,2ea4fd5d517a2b5edf081c9e2ccd8c014f6dc171,1298638,,,,,,,,,,,,,,,,,,,,,,,,,,,,,,,,,,,,,,,,,,,,,,,,,,,,,,,,,,,,,TN,TN
autoland,4060512,13,77a9707257b88d3b15060667769a2def98a71cff,windows10-64-shippable-qr,True,False,,|c|o|l|d| |f|i|s|s|i|o|n| |i|n|t|e|r|a|c|t|i|v|e| |w|e|b|r|e|n|d|e|r|,102210fe594ee9b33d82058545b1ed14f4c8206e,LastVisualChange,reddit-billgates-post-1.posts,True,reddit-billgates-post-1.posts LastVisualChange opt cold fission webrender,,77,ms,firefox,,1754438622,2023-09-11 17:41:44,543.4,f28ec98bf27ffbc0952af3f4ff0ffec4218a6554,1298761,,,,,,,,,,,,,,,,,,,,,,,,,,,,,,,,,,,,,,,,,,,,,,,,,,,,,,,,,,,,,TN,TN
autoland,4060512,13,77a9707257b88d3b15060667769a2def98a71cff,windows10-64-shippable-qr,True,False,,|c|o|l|d| |f|i|s|s|i|o|n| |i|n|t|e|r|a|c|t|i|v|e| |w|e|b|r|e|n|d|e|r|,102210fe594ee9b33d82058545b1ed14f4c8206e,LastVisualChange,reddit-billgates-post-1.posts,True,reddit-billgates-post-1.posts LastVisualChange opt cold fission webrender,,77,ms,firefox,,1754407791,2023-09-11 21:44:17,525.2,4a10a12f6006582e936c81baefda439d8f078729,1298874,,,,,,,,,,,,,,,,,,,,,,,,,,,,,,,,,,,,,,,,,,,,,,,,,,,,,,,,,,,,,TN,TN
autoland,4060512,13,77a9707257b88d3b15060667769a2def98a71cff,windows10-64-shippable-qr,True,False,,|c|o|l|d| |f|i|s|s|i|o|n| |i|n|t|e|r|a|c|t|i|v|e| |w|e|b|r|e|n|d|e|r|,102210fe594ee9b33d82058545b1ed14f4c8206e,LastVisualChange,reddit-billgates-post-1.posts,True,reddit-billgates-post-1.posts LastVisualChange opt cold fission webrender,,77,ms,firefox,,1754398449,2023-09-11 22:07:56,555.9,12882fe96164b756c60fff4549300977b85af06f,1298881,,,,,,,,,,,,,,,,,,,,,,,,,,,,,,,,,,,,,,,,,,,,,,,,,,,,,,,,,,,,,TN,TN
autoland,4060512,13,77a9707257b88d3b15060667769a2def98a71cff,windows10-64-shippable-qr,True,False,,|c|o|l|d| |f|i|s|s|i|o|n| |i|n|t|e|r|a|c|t|i|v|e| |w|e|b|r|e|n|d|e|r|,102210fe594ee9b33d82058545b1ed14f4c8206e,LastVisualChange,reddit-billgates-post-1.posts,True,reddit-billgates-post-1.posts LastVisualChange opt cold fission webrender,,77,ms,firefox,,1754545503,2023-09-12 02:35:45,538.9,cdcc536589320caec69ec36416058cd46b8d4178,1298976,,,,,,,,,,,,,,,,,,,,,,,,,,,,,,,,,,,,,,,,,,,,,,,,,,,,,,,,,,,,,TN,TN
autoland,4060512,13,77a9707257b88d3b15060667769a2def98a71cff,windows10-64-shippable-qr,True,False,,|c|o|l|d| |f|i|s|s|i|o|n| |i|n|t|e|r|a|c|t|i|v|e| |w|e|b|r|e|n|d|e|r|,102210fe594ee9b33d82058545b1ed14f4c8206e,LastVisualChange,reddit-billgates-post-1.posts,True,reddit-billgates-post-1.posts LastVisualChange opt cold fission webrender,,77,ms,firefox,,1754651249,2023-09-12 07:31:58,542.4,2e2360c55e7b421532f4d12b7a36a0e0f943a1e9,1299027,,,,,,,,,,,,,,,,,,,,,,,,,,,,,,,,,,,,,,,,,,,,,,,,,,,,,,,,,,,,,TN,TN
autoland,4060512,13,77a9707257b88d3b15060667769a2def98a71cff,windows10-64-shippable-qr,True,False,,|c|o|l|d| |f|i|s|s|i|o|n| |i|n|t|e|r|a|c|t|i|v|e| |w|e|b|r|e|n|d|e|r|,102210fe594ee9b33d82058545b1ed14f4c8206e,LastVisualChange,reddit-billgates-post-1.posts,True,reddit-billgates-post-1.posts LastVisualChange opt cold fission webrender,,77,ms,firefox,,1754786435,2023-09-12 11:48:24,526.2,4cca882e069d67c3a9a9064ac603b0dca23a5b39,1299122,,,,,,,,,,,,,,,,,,,,,,,,,,,,,,,,,,,,,,,,,,,,,,,,,,,,,,,,,,,,,TN,TN
autoland,4060512,13,77a9707257b88d3b15060667769a2def98a71cff,windows10-64-shippable-qr,True,False,,|c|o|l|d| |f|i|s|s|i|o|n| |i|n|t|e|r|a|c|t|i|v|e| |w|e|b|r|e|n|d|e|r|,102210fe594ee9b33d82058545b1ed14f4c8206e,LastVisualChange,reddit-billgates-post-1.posts,True,reddit-billgates-post-1.posts LastVisualChange opt cold fission webrender,,77,ms,firefox,,1755254666,2023-09-12 11:51:18,544.2,291b2b068eff119f82ed59b6c11d63f427f457fa,1299123,,,,,,,,,,,,,,,,,,,,,,,,,,,,,,,,,,,,,,,,,,,,,,,,,,,,,,,,,,,,,TN,TN
autoland,4060512,13,77a9707257b88d3b15060667769a2def98a71cff,windows10-64-shippable-qr,True,False,,|c|o|l|d| |f|i|s|s|i|o|n| |i|n|t|e|r|a|c|t|i|v|e| |w|e|b|r|e|n|d|e|r|,102210fe594ee9b33d82058545b1ed14f4c8206e,LastVisualChange,reddit-billgates-post-1.posts,True,reddit-billgates-post-1.posts LastVisualChange opt cold fission webrender,,77,ms,firefox,,1754801277,2023-09-12 12:34:27,542.7,f302f4a5371614cb2d42fbbe4ddfdd068aae146d,1299141,,,,,,,,,,,,,,,,,,,,,,,,,,,,,,,,,,,,,,,,,,,,,,,,,,,,,,,,,,,,,TN,TN
autoland,4060512,13,77a9707257b88d3b15060667769a2def98a71cff,windows10-64-shippable-qr,True,False,,|c|o|l|d| |f|i|s|s|i|o|n| |i|n|t|e|r|a|c|t|i|v|e| |w|e|b|r|e|n|d|e|r|,102210fe594ee9b33d82058545b1ed14f4c8206e,LastVisualChange,reddit-billgates-post-1.posts,True,reddit-billgates-post-1.posts LastVisualChange opt cold fission webrender,,77,ms,firefox,,1754976211,2023-09-12 16:35:29,533.7,1b3be6b61583c53c2cb899ffc91c921c022e8162,1299257,,,,,,,,,,,,,,,,,,,,,,,,,,,,,,,,,,,,,,,,,,,,,,,,,,,,,,,,,,,,,TN,TN
autoland,4060512,13,77a9707257b88d3b15060667769a2def98a71cff,windows10-64-shippable-qr,True,False,,|c|o|l|d| |f|i|s|s|i|o|n| |i|n|t|e|r|a|c|t|i|v|e| |w|e|b|r|e|n|d|e|r|,102210fe594ee9b33d82058545b1ed14f4c8206e,LastVisualChange,reddit-billgates-post-1.posts,True,reddit-billgates-post-1.posts LastVisualChange opt cold fission webrender,,77,ms,firefox,,1755098813,2023-09-12 17:51:01,508.8,c77f534dc9b99192eca371e3917ffc5b504bd055,1299297,,,,,,,,,,,,,,,,,,,,,,,,,,,,,,,,,,,,,,,,,,,,,,,,,,,,,,,,,,,,,TN,TN
autoland,4060512,13,77a9707257b88d3b15060667769a2def98a71cff,windows10-64-shippable-qr,True,False,,|c|o|l|d| |f|i|s|s|i|o|n| |i|n|t|e|r|a|c|t|i|v|e| |w|e|b|r|e|n|d|e|r|,102210fe594ee9b33d82058545b1ed14f4c8206e,LastVisualChange,reddit-billgates-post-1.posts,True,reddit-billgates-post-1.posts LastVisualChange opt cold fission webrender,,77,ms,firefox,,1755215651,2023-09-12 22:44:58,532.3,0339e9d43c22845d7589528bc8a08eee6b2d5c7a,1299446,,,,,,,,,,,,,,,,,,,,,,,,,,,,,,,,,,,,,,,,,,,,,,,,,,,,,,,,,,,,,TN,TN
autoland,4060512,13,77a9707257b88d3b15060667769a2def98a71cff,windows10-64-shippable-qr,True,False,,|c|o|l|d| |f|i|s|s|i|o|n| |i|n|t|e|r|a|c|t|i|v|e| |w|e|b|r|e|n|d|e|r|,102210fe594ee9b33d82058545b1ed14f4c8206e,LastVisualChange,reddit-billgates-post-1.posts,True,reddit-billgates-post-1.posts LastVisualChange opt cold fission webrender,,77,ms,firefox,,1755210821,2023-09-12 23:09:22,525.1,d238756ba039d0430074dea8fa1db0c2b75b8184,1299456,,,,,,,,,,,,,,,,,,,,,,,,,,,,,,,,,,,,,,,,,,,,,,,,,,,,,,,,,,,,,TN,TN
autoland,4060512,13,77a9707257b88d3b15060667769a2def98a71cff,windows10-64-shippable-qr,True,False,,|c|o|l|d| |f|i|s|s|i|o|n| |i|n|t|e|r|a|c|t|i|v|e| |w|e|b|r|e|n|d|e|r|,102210fe594ee9b33d82058545b1ed14f4c8206e,LastVisualChange,reddit-billgates-post-1.posts,True,reddit-billgates-post-1.posts LastVisualChange opt cold fission webrender,,77,ms,firefox,,1755226736,2023-09-13 03:21:32,529.1,daceab96e9588ecb729cc3648c7980f1d9928ef1,1299496,,,,,,,,,,,,,,,,,,,,,,,,,,,,,,,,,,,,,,,,,,,,,,,,,,,,,,,,,,,,,TN,TN
autoland,4060512,13,77a9707257b88d3b15060667769a2def98a71cff,windows10-64-shippable-qr,True,False,,|c|o|l|d| |f|i|s|s|i|o|n| |i|n|t|e|r|a|c|t|i|v|e| |w|e|b|r|e|n|d|e|r|,102210fe594ee9b33d82058545b1ed14f4c8206e,LastVisualChange,reddit-billgates-post-1.posts,True,reddit-billgates-post-1.posts LastVisualChange opt cold fission webrender,,77,ms,firefox,,1755310114,2023-09-13 08:07:28,535.7,00a66a4ea7d34e12302bd63f68a950cbff5a9ffa,1299529,,,,,,,,,,,,,,,,,,,,,,,,,,,,,,,,,,,,,,,,,,,,,,,,,,,,,,,,,,,,,TN,TN
autoland,4060512,13,77a9707257b88d3b15060667769a2def98a71cff,windows10-64-shippable-qr,True,False,,|c|o|l|d| |f|i|s|s|i|o|n| |i|n|t|e|r|a|c|t|i|v|e| |w|e|b|r|e|n|d|e|r|,102210fe594ee9b33d82058545b1ed14f4c8206e,LastVisualChange,reddit-billgates-post-1.posts,True,reddit-billgates-post-1.posts LastVisualChange opt cold fission webrender,,77,ms,firefox,,1756089547,2023-09-13 08:35:12,541.5,d495f0f008a3f8e3744708840003854f68717a05,1299543,,,,,,,,,,,,,,,,,,,,,,,,,,,,,,,,,,,,,,,,,,,,,,,,,,,,,,,,,,,,,TN,TN
autoland,4060512,13,77a9707257b88d3b15060667769a2def98a71cff,windows10-64-shippable-qr,True,False,,|c|o|l|d| |f|i|s|s|i|o|n| |i|n|t|e|r|a|c|t|i|v|e| |w|e|b|r|e|n|d|e|r|,102210fe594ee9b33d82058545b1ed14f4c8206e,LastVisualChange,reddit-billgates-post-1.posts,True,reddit-billgates-post-1.posts LastVisualChange opt cold fission webrender,,77,ms,firefox,,1756153461,2023-09-13 09:27:08,525.8,553a9965853cc36518deed2d2f9e4141c0e52ead,1299568,,,,,,,,,,,,,,,,,,,,,,,,,,,,,,,,,,,,,,,,,,,,,,,,,,,,,,,,,,,,,TN,TN
autoland,4060512,13,77a9707257b88d3b15060667769a2def98a71cff,windows10-64-shippable-qr,True,False,,|c|o|l|d| |f|i|s|s|i|o|n| |i|n|t|e|r|a|c|t|i|v|e| |w|e|b|r|e|n|d|e|r|,102210fe594ee9b33d82058545b1ed14f4c8206e,LastVisualChange,reddit-billgates-post-1.posts,True,reddit-billgates-post-1.posts LastVisualChange opt cold fission webrender,,77,ms,firefox,,1755478483,2023-09-13 11:26:03,508.8,1a4b8c41b3c3efb7f5870fb99730fc6b08a44cc1,1299625,,,,,,,,,,,,,,,,,,,,,,,,,,,,,,,,,,,,,,,,,,,,,,,,,,,,,,,,,,,,,TN,TN
autoland,4060512,13,77a9707257b88d3b15060667769a2def98a71cff,windows10-64-shippable-qr,True,False,,|c|o|l|d| |f|i|s|s|i|o|n| |i|n|t|e|r|a|c|t|i|v|e| |w|e|b|r|e|n|d|e|r|,102210fe594ee9b33d82058545b1ed14f4c8206e,LastVisualChange,reddit-billgates-post-1.posts,True,reddit-billgates-post-1.posts LastVisualChange opt cold fission webrender,,77,ms,firefox,,1756051606,2023-09-13 14:30:16,535.5,dc8f31b9bc187dab586c4f70cd2bfc3b0d5d6ae4,1299754,,,,,,,,,,,,,,,,,,,,,,,,,,,,,,,,,,,,,,,,,,,,,,,,,,,,,,,,,,,,,TN,TN
autoland,4060512,13,77a9707257b88d3b15060667769a2def98a71cff,windows10-64-shippable-qr,True,False,,|c|o|l|d| |f|i|s|s|i|o|n| |i|n|t|e|r|a|c|t|i|v|e| |w|e|b|r|e|n|d|e|r|,102210fe594ee9b33d82058545b1ed14f4c8206e,LastVisualChange,reddit-billgates-post-1.posts,True,reddit-billgates-post-1.posts LastVisualChange opt cold fission webrender,,77,ms,firefox,,1756067686,2023-09-13 14:34:20,540.9,7ac06c7aba78c22b33f18766dcab08b889a7864c,1299757,,,,,,,,,,,,,,,,,,,,,,,,,,,,,,,,,,,,,,,,,,,,,,,,,,,,,,,,,,,,,TN,TN
autoland,4060512,13,77a9707257b88d3b15060667769a2def98a71cff,windows10-64-shippable-qr,True,False,,|c|o|l|d| |f|i|s|s|i|o|n| |i|n|t|e|r|a|c|t|i|v|e| |w|e|b|r|e|n|d|e|r|,102210fe594ee9b33d82058545b1ed14f4c8206e,LastVisualChange,reddit-billgates-post-1.posts,True,reddit-billgates-post-1.posts LastVisualChange opt cold fission webrender,,77,ms,firefox,,1755598236,2023-09-13 15:38:40,592.2,49a7e292daad5c6727d745e6910b8bde5c3f59a6,1299802,,,,,,,,,,,,,,,,,,,,,,,,,,,,,,,,,,,,,,,,,,,,,,,,,,,,,,,,,,,,,TN,TN
autoland,4060512,13,77a9707257b88d3b15060667769a2def98a71cff,windows10-64-shippable-qr,True,False,,|c|o|l|d| |f|i|s|s|i|o|n| |i|n|t|e|r|a|c|t|i|v|e| |w|e|b|r|e|n|d|e|r|,102210fe594ee9b33d82058545b1ed14f4c8206e,LastVisualChange,reddit-billgates-post-1.posts,True,reddit-billgates-post-1.posts LastVisualChange opt cold fission webrender,,77,ms,firefox,,1755634184,2023-09-13 16:07:42,537.7,ce9c917d3e22a86f9e2a6fb5d5b68cd6d56fb687,1299823,,,,,,,,,,,,,,,,,,,,,,,,,,,,,,,,,,,,,,,,,,,,,,,,,,,,,,,,,,,,,TN,TN
autoland,4060512,13,77a9707257b88d3b15060667769a2def98a71cff,windows10-64-shippable-qr,True,False,,|c|o|l|d| |f|i|s|s|i|o|n| |i|n|t|e|r|a|c|t|i|v|e| |w|e|b|r|e|n|d|e|r|,102210fe594ee9b33d82058545b1ed14f4c8206e,LastVisualChange,reddit-billgates-post-1.posts,True,reddit-billgates-post-1.posts LastVisualChange opt cold fission webrender,,77,ms,firefox,,1755903056,2023-09-13 20:42:18,558.5,ab101a976da356370e4d513e38e73a1fa55b1597,1300022,,,,,,,,,,,,,,,,,,,,,,,,,,,,,,,,,,,,,,,,,,,,,,,,,,,,,,,,,,,,,TN,TN
autoland,4060512,13,77a9707257b88d3b15060667769a2def98a71cff,windows10-64-shippable-qr,True,False,,|c|o|l|d| |f|i|s|s|i|o|n| |i|n|t|e|r|a|c|t|i|v|e| |w|e|b|r|e|n|d|e|r|,102210fe594ee9b33d82058545b1ed14f4c8206e,LastVisualChange,reddit-billgates-post-1.posts,True,reddit-billgates-post-1.posts LastVisualChange opt cold fission webrender,,77,ms,firefox,,1756170456,2023-09-13 22:03:21,527.5,fc58fac540690555892621f6baed2284f400b915,1300077,,,,,,,,,,,,,,,,,,,,,,,,,,,,,,,,,,,,,,,,,,,,,,,,,,,,,,,,,,,,,TN,TN
autoland,4060512,13,77a9707257b88d3b15060667769a2def98a71cff,windows10-64-shippable-qr,True,False,,|c|o|l|d| |f|i|s|s|i|o|n| |i|n|t|e|r|a|c|t|i|v|e| |w|e|b|r|e|n|d|e|r|,102210fe594ee9b33d82058545b1ed14f4c8206e,LastVisualChange,reddit-billgates-post-1.posts,True,reddit-billgates-post-1.posts LastVisualChange opt cold fission webrender,,77,ms,firefox,,1756173622,2023-09-13 22:40:28,515.0,17e683a390bfaef02374d3553fd9e056c9c15927,1300094,,,,,,,,,,,,,,,,,,,,,,,,,,,,,,,,,,,,,,,,,,,,,,,,,,,,,,,,,,,,,TN,TN
autoland,4060512,13,77a9707257b88d3b15060667769a2def98a71cff,windows10-64-shippable-qr,True,False,,|c|o|l|d| |f|i|s|s|i|o|n| |i|n|t|e|r|a|c|t|i|v|e| |w|e|b|r|e|n|d|e|r|,102210fe594ee9b33d82058545b1ed14f4c8206e,LastVisualChange,reddit-billgates-post-1.posts,True,reddit-billgates-post-1.posts LastVisualChange opt cold fission webrender,,77,ms,firefox,,1755919679,2023-09-13 23:14:42,536.0,8f5a11c1eb0b7598d1415f6efa9c360191a423f8,1300119,,,,,,,,,,,,,,,,,,,,,,,,,,,,,,,,,,,,,,,,,,,,,,,,,,,,,,,,,,,,,TN,TN
autoland,4060512,13,77a9707257b88d3b15060667769a2def98a71cff,windows10-64-shippable-qr,True,False,,|c|o|l|d| |f|i|s|s|i|o|n| |i|n|t|e|r|a|c|t|i|v|e| |w|e|b|r|e|n|d|e|r|,102210fe594ee9b33d82058545b1ed14f4c8206e,LastVisualChange,reddit-billgates-post-1.posts,True,reddit-billgates-post-1.posts LastVisualChange opt cold fission webrender,,77,ms,firefox,,1756144247,2023-09-14 04:10:41,490.9,c57de172952ed6dfa84943bd2175574e4c87e92b,1300187,,,,,,,,,,,,,,,,,,,,,,,,,,,,,,,,,,,,,,,,,,,,,,,,,,,,,,,,,,,,,TN,TN
autoland,4060512,13,77a9707257b88d3b15060667769a2def98a71cff,windows10-64-shippable-qr,True,False,,|c|o|l|d| |f|i|s|s|i|o|n| |i|n|t|e|r|a|c|t|i|v|e| |w|e|b|r|e|n|d|e|r|,102210fe594ee9b33d82058545b1ed14f4c8206e,LastVisualChange,reddit-billgates-post-1.posts,True,reddit-billgates-post-1.posts LastVisualChange opt cold fission webrender,,77,ms,firefox,,1756267878,2023-09-14 09:30:23,495.3,69c7e9b937f817f1bee50511a690a35aa3b49793,1300302,,,,,,,,,,,,,,,,,,,,,,,,,,,,,,,,,,,,,,,,,,,,,,,,,,,,,,,,,,,,,TN,TN
autoland,4060512,13,77a9707257b88d3b15060667769a2def98a71cff,windows10-64-shippable-qr,True,False,,|c|o|l|d| |f|i|s|s|i|o|n| |i|n|t|e|r|a|c|t|i|v|e| |w|e|b|r|e|n|d|e|r|,102210fe594ee9b33d82058545b1ed14f4c8206e,LastVisualChange,reddit-billgates-post-1.posts,True,reddit-billgates-post-1.posts LastVisualChange opt cold fission webrender,,77,ms,firefox,,1756482783,2023-09-14 15:44:34,533.9,3b93c8502571e31ff0926a4911fae422c3c2118c,1300523,,,,,,,,,,,,,,,,,,,,,,,,,,,,,,,,,,,,,,,,,,,,,,,,,,,,,,,,,,,,,TN,TN
autoland,4060512,13,77a9707257b88d3b15060667769a2def98a71cff,windows10-64-shippable-qr,True,False,,|c|o|l|d| |f|i|s|s|i|o|n| |i|n|t|e|r|a|c|t|i|v|e| |w|e|b|r|e|n|d|e|r|,102210fe594ee9b33d82058545b1ed14f4c8206e,LastVisualChange,reddit-billgates-post-1.posts,True,reddit-billgates-post-1.posts LastVisualChange opt cold fission webrender,,77,ms,firefox,,1756576698,2023-09-14 16:38:11,524.2,98de7bc404c3786a5459a205dea174bdf39d3dbf,1300546,,,,,,,,,,,,,,,,,,,,,,,,,,,,,,,,,,,,,,,,,,,,,,,,,,,,,,,,,,,,,TN,TN
autoland,4060512,13,77a9707257b88d3b15060667769a2def98a71cff,windows10-64-shippable-qr,True,False,,|c|o|l|d| |f|i|s|s|i|o|n| |i|n|t|e|r|a|c|t|i|v|e| |w|e|b|r|e|n|d|e|r|,102210fe594ee9b33d82058545b1ed14f4c8206e,LastVisualChange,reddit-billgates-post-1.posts,True,reddit-billgates-post-1.posts LastVisualChange opt cold fission webrender,,77,ms,firefox,,1756688143,2023-09-14 20:51:49,545.7,ecc245e6c1644825a53e0e4085347043a793a40f,1300732,,,,,,,,,,,,,,,,,,,,,,,,,,,,,,,,,,,,,,,,,,,,,,,,,,,,,,,,,,,,,TN,TN
autoland,4060512,13,77a9707257b88d3b15060667769a2def98a71cff,windows10-64-shippable-qr,True,False,,|c|o|l|d| |f|i|s|s|i|o|n| |i|n|t|e|r|a|c|t|i|v|e| |w|e|b|r|e|n|d|e|r|,102210fe594ee9b33d82058545b1ed14f4c8206e,LastVisualChange,reddit-billgates-post-1.posts,True,reddit-billgates-post-1.posts LastVisualChange opt cold fission webrender,,77,ms,firefox,,1757543497,2023-09-15 00:25:19,529.2,7bf127e6049ad217b3567e11ce2c53369aa3e9fb,1300840,,,,,,,,,,,,,,,,,,,,,,,,,,,,,,,,,,,,,,,,,,,,,,,,,,,,,,,,,,,,,TN,TN
autoland,4060512,13,77a9707257b88d3b15060667769a2def98a71cff,windows10-64-shippable-qr,True,False,,|c|o|l|d| |f|i|s|s|i|o|n| |i|n|t|e|r|a|c|t|i|v|e| |w|e|b|r|e|n|d|e|r|,102210fe594ee9b33d82058545b1ed14f4c8206e,LastVisualChange,reddit-billgates-post-1.posts,True,reddit-billgates-post-1.posts LastVisualChange opt cold fission webrender,,77,ms,firefox,,1756811384,2023-09-15 00:53:43,562.6,cfbd0bd9bc623276a862481e44bd71e1d57e2eac,1300850,,,,,,,,,,,,,,,,,,,,,,,,,,,,,,,,,,,,,,,,,,,,,,,,,,,,,,,,,,,,,TN,TN
autoland,4060512,13,77a9707257b88d3b15060667769a2def98a71cff,windows10-64-shippable-qr,True,False,,|c|o|l|d| |f|i|s|s|i|o|n| |i|n|t|e|r|a|c|t|i|v|e| |w|e|b|r|e|n|d|e|r|,102210fe594ee9b33d82058545b1ed14f4c8206e,LastVisualChange,reddit-billgates-post-1.posts,True,reddit-billgates-post-1.posts LastVisualChange opt cold fission webrender,,77,ms,firefox,,1756916354,2023-09-15 06:04:49,535.3,8f99acff4cbc8f25f158dc6ff079042f02768f05,1300927,,,,,,,,,,,,,,,,,,,,,,,,,,,,,,,,,,,,,,,,,,,,,,,,,,,,,,,,,,,,,TN,TN
autoland,4060512,13,77a9707257b88d3b15060667769a2def98a71cff,windows10-64-shippable-qr,True,False,,|c|o|l|d| |f|i|s|s|i|o|n| |i|n|t|e|r|a|c|t|i|v|e| |w|e|b|r|e|n|d|e|r|,102210fe594ee9b33d82058545b1ed14f4c8206e,LastVisualChange,reddit-billgates-post-1.posts,True,reddit-billgates-post-1.posts LastVisualChange opt cold fission webrender,,77,ms,firefox,,1757005780,2023-09-15 06:59:31,511.4,0a032c6f1d5da0740059f67c499e0e9f7ab88650,1300939,,,,,,,,,,,,,,,,,,,,,,,,,,,,,,,,,,,,,,,,,,,,,,,,,,,,,,,,,,,,,TN,TN
autoland,4060512,13,77a9707257b88d3b15060667769a2def98a71cff,windows10-64-shippable-qr,True,False,,|c|o|l|d| |f|i|s|s|i|o|n| |i|n|t|e|r|a|c|t|i|v|e| |w|e|b|r|e|n|d|e|r|,102210fe594ee9b33d82058545b1ed14f4c8206e,LastVisualChange,reddit-billgates-post-1.posts,True,reddit-billgates-post-1.posts LastVisualChange opt cold fission webrender,,77,ms,firefox,,1757104884,2023-09-15 11:50:44,515.5,29c4aff31f1dc95ad970b23a77b763265f1632c0,1301039,,,,,,,,,,,,,,,,,,,,,,,,,,,,,,,,,,,,,,,,,,,,,,,,,,,,,,,,,,,,,TN,TN
autoland,4060512,13,77a9707257b88d3b15060667769a2def98a71cff,windows10-64-shippable-qr,True,False,,|c|o|l|d| |f|i|s|s|i|o|n| |i|n|t|e|r|a|c|t|i|v|e| |w|e|b|r|e|n|d|e|r|,102210fe594ee9b33d82058545b1ed14f4c8206e,LastVisualChange,reddit-billgates-post-1.posts,True,reddit-billgates-post-1.posts LastVisualChange opt cold fission webrender,,77,ms,firefox,,1757193235,2023-09-15 14:51:55,521.8,079079610ac2a41dba72a91cbe2867519e2bc5bd,1301175,,,,,,,,,,,,,,,,,,,,,,,,,,,,,,,,,,,,,,,,,,,,,,,,,,,,,,,,,,,,,TN,TN
autoland,4060512,13,77a9707257b88d3b15060667769a2def98a71cff,windows10-64-shippable-qr,True,False,,|c|o|l|d| |f|i|s|s|i|o|n| |i|n|t|e|r|a|c|t|i|v|e| |w|e|b|r|e|n|d|e|r|,102210fe594ee9b33d82058545b1ed14f4c8206e,LastVisualChange,reddit-billgates-post-1.posts,True,reddit-billgates-post-1.posts LastVisualChange opt cold fission webrender,,77,ms,firefox,,1757327707,2023-09-15 17:51:06,529.5,fec6b3b46bc6439ac98e03aa73938deaf6323f5c,1301318,,,,,,,,,,,,,,,,,,,,,,,,,,,,,,,,,,,,,,,,,,,,,,,,,,,,,,,,,,,,,TN,TN
autoland,4060512,13,77a9707257b88d3b15060667769a2def98a71cff,windows10-64-shippable-qr,True,False,,|c|o|l|d| |f|i|s|s|i|o|n| |i|n|t|e|r|a|c|t|i|v|e| |w|e|b|r|e|n|d|e|r|,102210fe594ee9b33d82058545b1ed14f4c8206e,LastVisualChange,reddit-billgates-post-1.posts,True,reddit-billgates-post-1.posts LastVisualChange opt cold fission webrender,,77,ms,firefox,,1757350392,2023-09-15 20:04:54,529.4,99357ab2bb639918d2ea0e8f391494df18c24cb9,1301421,,,,,,,,,,,,,,,,,,,,,,,,,,,,,,,,,,,,,,,,,,,,,,,,,,,,,,,,,,,,,TN,TN
autoland,4060512,13,77a9707257b88d3b15060667769a2def98a71cff,windows10-64-shippable-qr,True,False,,|c|o|l|d| |f|i|s|s|i|o|n| |i|n|t|e|r|a|c|t|i|v|e| |w|e|b|r|e|n|d|e|r|,102210fe594ee9b33d82058545b1ed14f4c8206e,LastVisualChange,reddit-billgates-post-1.posts,True,reddit-billgates-post-1.posts LastVisualChange opt cold fission webrender,,77,ms,firefox,,1757496809,2023-09-16 00:25:52,528.6,aa4e3903740dfa0ed175c6ff18e57b8fbe82afd7,1301531,,,,,,,,,,,,,,,,,,,,,,,,,,,,,,,,,,,,,,,,,,,,,,,,,,,,,,,,,,,,,TN,TN
autoland,4060512,13,77a9707257b88d3b15060667769a2def98a71cff,windows10-64-shippable-qr,True,False,,|c|o|l|d| |f|i|s|s|i|o|n| |i|n|t|e|r|a|c|t|i|v|e| |w|e|b|r|e|n|d|e|r|,102210fe594ee9b33d82058545b1ed14f4c8206e,LastVisualChange,reddit-billgates-post-1.posts,True,reddit-billgates-post-1.posts LastVisualChange opt cold fission webrender,,77,ms,firefox,,1757485935,2023-09-16 00:35:43,531.9,69d0f600b52641dd114b02da128a162f86f09395,1301538,,,,,,,,,,,,,,,,,,,,,,,,,,,,,,,,,,,,,,,,,,,,,,,,,,,,,,,,,,,,,TN,TN
autoland,4060512,13,77a9707257b88d3b15060667769a2def98a71cff,windows10-64-shippable-qr,True,False,,|c|o|l|d| |f|i|s|s|i|o|n| |i|n|t|e|r|a|c|t|i|v|e| |w|e|b|r|e|n|d|e|r|,102210fe594ee9b33d82058545b1ed14f4c8206e,LastVisualChange,reddit-billgates-post-1.posts,True,reddit-billgates-post-1.posts LastVisualChange opt cold fission webrender,,77,ms,firefox,,1757566696,2023-09-16 05:54:34,514.0,7fcd45f7f407a0c756c8b8292b1df8d8162cdce6,1301559,,,,,,,,,,,,,,,,,,,,,,,,,,,,,,,,,,,,,,,,,,,,,,,,,,,,,,,,,,,,,TN,TN
autoland,4060512,13,77a9707257b88d3b15060667769a2def98a71cff,windows10-64-shippable-qr,True,False,,|c|o|l|d| |f|i|s|s|i|o|n| |i|n|t|e|r|a|c|t|i|v|e| |w|e|b|r|e|n|d|e|r|,102210fe594ee9b33d82058545b1ed14f4c8206e,LastVisualChange,reddit-billgates-post-1.posts,True,reddit-billgates-post-1.posts LastVisualChange opt cold fission webrender,,77,ms,firefox,,1757650034,2023-09-16 12:53:39,527.5,745d8130d1ac2d3e0ae51f2f22896853f0d34479,1301583,,,,,,,,,,,,,,,,,,,,,,,,,,,,,,,,,,,,,,,,,,,,,,,,,,,,,,,,,,,,,TN,TN
autoland,4060512,13,77a9707257b88d3b15060667769a2def98a71cff,windows10-64-shippable-qr,True,False,,|c|o|l|d| |f|i|s|s|i|o|n| |i|n|t|e|r|a|c|t|i|v|e| |w|e|b|r|e|n|d|e|r|,102210fe594ee9b33d82058545b1ed14f4c8206e,LastVisualChange,reddit-billgates-post-1.posts,True,reddit-billgates-post-1.posts LastVisualChange opt cold fission webrender,,77,ms,firefox,,1757686280,2023-09-16 18:13:35,534.9,a7bddb715bd51687e4f52876beeb747f6a19cb0d,1301606,,,,,,,,,,,,,,,,,,,,,,,,,,,,,,,,,,,,,,,,,,,,,,,,,,,,,,,,,,,,,TN,TN
autoland,4060512,13,77a9707257b88d3b15060667769a2def98a71cff,windows10-64-shippable-qr,True,False,,|c|o|l|d| |f|i|s|s|i|o|n| |i|n|t|e|r|a|c|t|i|v|e| |w|e|b|r|e|n|d|e|r|,102210fe594ee9b33d82058545b1ed14f4c8206e,LastVisualChange,reddit-billgates-post-1.posts,True,reddit-billgates-post-1.posts LastVisualChange opt cold fission webrender,,77,ms,firefox,,1757796136,2023-09-17 06:44:56,528.8,d1558269e35b364c189cb76982dfc3fdd465224b,1301647,,,,,,,,,,,,,,,,,,,,,,,,,,,,,,,,,,,,,,,,,,,,,,,,,,,,,,,,,,,,,TN,TN
autoland,4060512,13,77a9707257b88d3b15060667769a2def98a71cff,windows10-64-shippable-qr,True,False,,|c|o|l|d| |f|i|s|s|i|o|n| |i|n|t|e|r|a|c|t|i|v|e| |w|e|b|r|e|n|d|e|r|,102210fe594ee9b33d82058545b1ed14f4c8206e,LastVisualChange,reddit-billgates-post-1.posts,True,reddit-billgates-post-1.posts LastVisualChange opt cold fission webrender,,77,ms,firefox,,1757856722,2023-09-17 09:36:28,539.4,16afd66ac7be7ee4ffc61599d0241c28d47c74c7,1301654,,,,,,,,,,,,,,,,,,,,,,,,,,,,,,,,,,,,,,,,,,,,,,,,,,,,,,,,,,,,,TN,TN
autoland,4060512,13,77a9707257b88d3b15060667769a2def98a71cff,windows10-64-shippable-qr,True,False,,|c|o|l|d| |f|i|s|s|i|o|n| |i|n|t|e|r|a|c|t|i|v|e| |w|e|b|r|e|n|d|e|r|,102210fe594ee9b33d82058545b1ed14f4c8206e,LastVisualChange,reddit-billgates-post-1.posts,True,reddit-billgates-post-1.posts LastVisualChange opt cold fission webrender,,77,ms,firefox,,1757917504,2023-09-17 14:36:55,542.4,17a576f280a8e27d78d7247f1f451ca46a64d0f4,1301663,,,,,,,,,,,,,,,,,,,,,,,,,,,,,,,,,,,,,,,,,,,,,,,,,,,,,,,,,,,,,TN,TN
autoland,4060512,13,77a9707257b88d3b15060667769a2def98a71cff,windows10-64-shippable-qr,True,False,,|c|o|l|d| |f|i|s|s|i|o|n| |i|n|t|e|r|a|c|t|i|v|e| |w|e|b|r|e|n|d|e|r|,102210fe594ee9b33d82058545b1ed14f4c8206e,LastVisualChange,reddit-billgates-post-1.posts,True,reddit-billgates-post-1.posts LastVisualChange opt cold fission webrender,,77,ms,firefox,,1758037338,2023-09-17 22:46:46,515.5,4333e71e3754938bc5beee5baabbfd6657869bc6,1301700,,,,,,,,,,,,,,,,,,,,,,,,,,,,,,,,,,,,,,,,,,,,,,,,,,,,,,,,,,,,,TN,TN
autoland,4060512,13,77a9707257b88d3b15060667769a2def98a71cff,windows10-64-shippable-qr,True,False,,|c|o|l|d| |f|i|s|s|i|o|n| |i|n|t|e|r|a|c|t|i|v|e| |w|e|b|r|e|n|d|e|r|,102210fe594ee9b33d82058545b1ed14f4c8206e,LastVisualChange,reddit-billgates-post-1.posts,True,reddit-billgates-post-1.posts LastVisualChange opt cold fission webrender,,77,ms,firefox,,1758074130,2023-09-18 03:57:39,530.3,d395f485b3a2b96c9d6f47f5167308b763c1891b,1301730,,,,,,,,,,,,,,,,,,,,,,,,,,,,,,,,,,,,,,,,,,,,,,,,,,,,,,,,,,,,,TN,TN
autoland,4060512,13,77a9707257b88d3b15060667769a2def98a71cff,windows10-64-shippable-qr,True,False,,|c|o|l|d| |f|i|s|s|i|o|n| |i|n|t|e|r|a|c|t|i|v|e| |w|e|b|r|e|n|d|e|r|,102210fe594ee9b33d82058545b1ed14f4c8206e,LastVisualChange,reddit-billgates-post-1.posts,True,reddit-billgates-post-1.posts LastVisualChange opt cold fission webrender,,77,ms,firefox,,1758282007,2023-09-18 09:50:33,538.5,11fb2a6e434951fbef0791563a159cbbdd42f4c8,1301818,,,,,,,,,,,,,,,,,,,,,,,,,,,,,,,,,,,,,,,,,,,,,,,,,,,,,,,,,,,,,TN,TN
autoland,4060512,13,77a9707257b88d3b15060667769a2def98a71cff,windows10-64-shippable-qr,True,False,,|c|o|l|d| |f|i|s|s|i|o|n| |i|n|t|e|r|a|c|t|i|v|e| |w|e|b|r|e|n|d|e|r|,102210fe594ee9b33d82058545b1ed14f4c8206e,LastVisualChange,reddit-billgates-post-1.posts,True,reddit-billgates-post-1.posts LastVisualChange opt cold fission webrender,,77,ms,firefox,,1758376099,2023-09-18 14:45:06,519.1,7a51e2aa7d09aac78f5c93c25c65e83cb1272b7d,1301994,,,,,,,,,,,,,,,,,,,,,,,,,,,,,,,,,,,,,,,,,,,,,,,,,,,,,,,,,,,,,TN,TN
autoland,4060512,13,77a9707257b88d3b15060667769a2def98a71cff,windows10-64-shippable-qr,True,False,,|c|o|l|d| |f|i|s|s|i|o|n| |i|n|t|e|r|a|c|t|i|v|e| |w|e|b|r|e|n|d|e|r|,102210fe594ee9b33d82058545b1ed14f4c8206e,LastVisualChange,reddit-billgates-post-1.posts,True,reddit-billgates-post-1.posts LastVisualChange opt cold fission webrender,,77,ms,firefox,,1758599197,2023-09-18 21:05:31,531.8,44aa0c56427a5e659c7bec91e3b608472cb6f763,1302247,,,,,,,,,,,,,,,,,,,,,,,,,,,,,,,,,,,,,,,,,,,,,,,,,,,,,,,,,,,,,TN,TN
autoland,4060512,13,77a9707257b88d3b15060667769a2def98a71cff,windows10-64-shippable-qr,True,False,,|c|o|l|d| |f|i|s|s|i|o|n| |i|n|t|e|r|a|c|t|i|v|e| |w|e|b|r|e|n|d|e|r|,102210fe594ee9b33d82058545b1ed14f4c8206e,LastVisualChange,reddit-billgates-post-1.posts,True,reddit-billgates-post-1.posts LastVisualChange opt cold fission webrender,,77,ms,firefox,,1758747553,2023-09-18 21:07:39,522.0,924c329a0e3413e329eeab1cab9a2d1b09dc4711,1302250,,,,,,,,,,,,,,,,,,,,,,,,,,,,,,,,,,,,,,,,,,,,,,,,,,,,,,,,,,,,,TN,TN
autoland,4060512,13,77a9707257b88d3b15060667769a2def98a71cff,windows10-64-shippable-qr,True,False,,|c|o|l|d| |f|i|s|s|i|o|n| |i|n|t|e|r|a|c|t|i|v|e| |w|e|b|r|e|n|d|e|r|,102210fe594ee9b33d82058545b1ed14f4c8206e,LastVisualChange,reddit-billgates-post-1.posts,True,reddit-billgates-post-1.posts LastVisualChange opt cold fission webrender,,77,ms,firefox,,1758619399,2023-09-18 22:22:31,529.0,3a523925f8ff99d5984169d7fbae7e4d1fc1cd18,1302316,,,,,,,,,,,,,,,,,,,,,,,,,,,,,,,,,,,,,,,,,,,,,,,,,,,,,,,,,,,,,TN,TN
autoland,4060512,13,77a9707257b88d3b15060667769a2def98a71cff,windows10-64-shippable-qr,True,False,,|c|o|l|d| |f|i|s|s|i|o|n| |i|n|t|e|r|a|c|t|i|v|e| |w|e|b|r|e|n|d|e|r|,102210fe594ee9b33d82058545b1ed14f4c8206e,LastVisualChange,reddit-billgates-post-1.posts,True,reddit-billgates-post-1.posts LastVisualChange opt cold fission webrender,,77,ms,firefox,,1758675116,2023-09-19 00:36:20,515.2,b0769fdf63e5e9d7ac3ef647f895b15971a8dc99,1302387,,,,,,,,,,,,,,,,,,,,,,,,,,,,,,,,,,,,,,,,,,,,,,,,,,,,,,,,,,,,,TN,TN
autoland,4060512,13,77a9707257b88d3b15060667769a2def98a71cff,windows10-64-shippable-qr,True,False,,|c|o|l|d| |f|i|s|s|i|o|n| |i|n|t|e|r|a|c|t|i|v|e| |w|e|b|r|e|n|d|e|r|,102210fe594ee9b33d82058545b1ed14f4c8206e,LastVisualChange,reddit-billgates-post-1.posts,True,reddit-billgates-post-1.posts LastVisualChange opt cold fission webrender,,77,ms,firefox,,1758734240,2023-09-19 04:53:23,535.7,6589c0d4d3d3aaed578f6d60cc1831f6cdf79b7c,1302461,,,,,,,,,,,,,,,,,,,,,,,,,,,,,,,,,,,,,,,,,,,,,,,,,,,,,,,,,,,,,TN,TN
autoland,4060512,13,77a9707257b88d3b15060667769a2def98a71cff,windows10-64-shippable-qr,True,False,,|c|o|l|d| |f|i|s|s|i|o|n| |i|n|t|e|r|a|c|t|i|v|e| |w|e|b|r|e|n|d|e|r|,102210fe594ee9b33d82058545b1ed14f4c8206e,LastVisualChange,reddit-billgates-post-1.posts,True,reddit-billgates-post-1.posts LastVisualChange opt cold fission webrender,,77,ms,firefox,,1758847318,2023-09-19 06:42:05,535.9,0a60f8be5517ddc928471d4a378b46228773fbc5,1302480,,,,,,,,,,,,,,,,,,,,,,,,,,,,,,,,,,,,,,,,,,,,,,,,,,,,,,,,,,,,,TN,TN
autoland,4060512,13,77a9707257b88d3b15060667769a2def98a71cff,windows10-64-shippable-qr,True,False,,|c|o|l|d| |f|i|s|s|i|o|n| |i|n|t|e|r|a|c|t|i|v|e| |w|e|b|r|e|n|d|e|r|,102210fe594ee9b33d82058545b1ed14f4c8206e,LastVisualChange,reddit-billgates-post-1.posts,True,reddit-billgates-post-1.posts LastVisualChange opt cold fission webrender,,77,ms,firefox,,1758936664,2023-09-19 10:00:51,511.2,f257c2f8440fe82c3833f2d719a2bf3420df9120,1302573,,,,,,,,,,,,,,,,,,,,,,,,,,,,,,,,,,,,,,,,,,,,,,,,,,,,,,,,,,,,,TN,TN
autoland,4060512,13,77a9707257b88d3b15060667769a2def98a71cff,windows10-64-shippable-qr,True,False,,|c|o|l|d| |f|i|s|s|i|o|n| |i|n|t|e|r|a|c|t|i|v|e| |w|e|b|r|e|n|d|e|r|,102210fe594ee9b33d82058545b1ed14f4c8206e,LastVisualChange,reddit-billgates-post-1.posts,True,reddit-billgates-post-1.posts LastVisualChange opt cold fission webrender,,77,ms,firefox,,1759082575,2023-09-19 13:32:40,519.2,dd890d993c3039c40d9a50218bd3284a9810cc85,1302692,,,,,,,,,,,,,,,,,,,,,,,,,,,,,,,,,,,,,,,,,,,,,,,,,,,,,,,,,,,,,TN,TN
autoland,4060512,13,77a9707257b88d3b15060667769a2def98a71cff,windows10-64-shippable-qr,True,False,,|c|o|l|d| |f|i|s|s|i|o|n| |i|n|t|e|r|a|c|t|i|v|e| |w|e|b|r|e|n|d|e|r|,102210fe594ee9b33d82058545b1ed14f4c8206e,LastVisualChange,reddit-billgates-post-1.posts,True,reddit-billgates-post-1.posts LastVisualChange opt cold fission webrender,,77,ms,firefox,,1759157781,2023-09-19 16:21:41,508.0,e9e7852ce74f241f2a4f0ffac475410d0ea9a8a4,1302819,,,,,,,,,,,,,,,,,,,,,,,,,,,,,,,,,,,,,,,,,,,,,,,,,,,,,,,,,,,,,TN,TN
autoland,4060512,13,77a9707257b88d3b15060667769a2def98a71cff,windows10-64-shippable-qr,True,False,,|c|o|l|d| |f|i|s|s|i|o|n| |i|n|t|e|r|a|c|t|i|v|e| |w|e|b|r|e|n|d|e|r|,102210fe594ee9b33d82058545b1ed14f4c8206e,LastVisualChange,reddit-billgates-post-1.posts,True,reddit-billgates-post-1.posts LastVisualChange opt cold fission webrender,,77,ms,firefox,,1759326675,2023-09-19 20:31:47,521.6,f97675e331c2e3f8e3a7649cb722085b3360163c,1303015,,,,,,,,,,,,,,,,,,,,,,,,,,,,,,,,,,,,,,,,,,,,,,,,,,,,,,,,,,,,,TN,TN
autoland,4060512,13,77a9707257b88d3b15060667769a2def98a71cff,windows10-64-shippable-qr,True,False,,|c|o|l|d| |f|i|s|s|i|o|n| |i|n|t|e|r|a|c|t|i|v|e| |w|e|b|r|e|n|d|e|r|,102210fe594ee9b33d82058545b1ed14f4c8206e,LastVisualChange,reddit-billgates-post-1.posts,True,reddit-billgates-post-1.posts LastVisualChange opt cold fission webrender,,77,ms,firefox,,1759345809,2023-09-19 20:45:08,522.5,abf74735208c16d3b467c2acb344f3030fc5aacb,1303026,,,,,,,,,,,,,,,,,,,,,,,,,,,,,,,,,,,,,,,,,,,,,,,,,,,,,,,,,,,,,TN,TN
autoland,4060512,13,77a9707257b88d3b15060667769a2def98a71cff,windows10-64-shippable-qr,True,False,,|c|o|l|d| |f|i|s|s|i|o|n| |i|n|t|e|r|a|c|t|i|v|e| |w|e|b|r|e|n|d|e|r|,102210fe594ee9b33d82058545b1ed14f4c8206e,LastVisualChange,reddit-billgates-post-1.posts,True,reddit-billgates-post-1.posts LastVisualChange opt cold fission webrender,,77,ms,firefox,,1759486374,2023-09-20 00:59:14,550.7,71a9b5a8ec8503f993e8d7e8f1b2b98ff57ed283,1303207,,,,,,,,,,,,,,,,,,,,,,,,,,,,,,,,,,,,,,,,,,,,,,,,,,,,,,,,,,,,,TN,TN
autoland,4060512,13,77a9707257b88d3b15060667769a2def98a71cff,windows10-64-shippable-qr,True,False,,|c|o|l|d| |f|i|s|s|i|o|n| |i|n|t|e|r|a|c|t|i|v|e| |w|e|b|r|e|n|d|e|r|,102210fe594ee9b33d82058545b1ed14f4c8206e,LastVisualChange,reddit-billgates-post-1.posts,True,reddit-billgates-post-1.posts LastVisualChange opt cold fission webrender,,77,ms,firefox,,1759523641,2023-09-20 05:02:26,521.8,71c800e8074fa9f5e246acbf09097a0f15d4eb09,1303254,,,,,,,,,,,,,,,,,,,,,,,,,,,,,,,,,,,,,,,,,,,,,,,,,,,,,,,,,,,,,TN,TN
autoland,4060512,13,77a9707257b88d3b15060667769a2def98a71cff,windows10-64-shippable-qr,True,False,,|c|o|l|d| |f|i|s|s|i|o|n| |i|n|t|e|r|a|c|t|i|v|e| |w|e|b|r|e|n|d|e|r|,102210fe594ee9b33d82058545b1ed14f4c8206e,LastVisualChange,reddit-billgates-post-1.posts,True,reddit-billgates-post-1.posts LastVisualChange opt cold fission webrender,,77,ms,firefox,,1759647368,2023-09-20 09:03:21,518.4,2664490a1b4aeb2b2bd98c81ac43b68b1a24ea2f,1303343,,,,,,,,,,,,,,,,,,,,,,,,,,,,,,,,,,,,,,,,,,,,,,,,,,,,,,,,,,,,,TN,TN
autoland,4060512,13,77a9707257b88d3b15060667769a2def98a71cff,windows10-64-shippable-qr,True,False,,|c|o|l|d| |f|i|s|s|i|o|n| |i|n|t|e|r|a|c|t|i|v|e| |w|e|b|r|e|n|d|e|r|,102210fe594ee9b33d82058545b1ed14f4c8206e,LastVisualChange,reddit-billgates-post-1.posts,True,reddit-billgates-post-1.posts LastVisualChange opt cold fission webrender,,77,ms,firefox,,1759795057,2023-09-20 10:40:44,532.4,e11a98968ec15b84dc772d997bc0789a0a078549,1303401,,,,,,,,,,,,,,,,,,,,,,,,,,,,,,,,,,,,,,,,,,,,,,,,,,,,,,,,,,,,,TN,TN
autoland,4060512,13,77a9707257b88d3b15060667769a2def98a71cff,windows10-64-shippable-qr,True,False,,|c|o|l|d| |f|i|s|s|i|o|n| |i|n|t|e|r|a|c|t|i|v|e| |w|e|b|r|e|n|d|e|r|,102210fe594ee9b33d82058545b1ed14f4c8206e,LastVisualChange,reddit-billgates-post-1.posts,True,reddit-billgates-post-1.posts LastVisualChange opt cold fission webrender,,77,ms,firefox,,1759904150,2023-09-20 14:03:46,559.4,5baf76c5d8f19d35c8e7710816a726d92cfff8bb,1303541,,,,,,,,,,,,,,,,,,,,,,,,,,,,,,,,,,,,,,,,,,,,,,,,,,,,,,,,,,,,,TN,TN
autoland,4060512,13,77a9707257b88d3b15060667769a2def98a71cff,windows10-64-shippable-qr,True,False,,|c|o|l|d| |f|i|s|s|i|o|n| |i|n|t|e|r|a|c|t|i|v|e| |w|e|b|r|e|n|d|e|r|,102210fe594ee9b33d82058545b1ed14f4c8206e,LastVisualChange,reddit-billgates-post-1.posts,True,reddit-billgates-post-1.posts LastVisualChange opt cold fission webrender,,77,ms,firefox,,1760014397,2023-09-20 17:47:40,512.4,07c4a658632d6c11d371f974b56a6365212bef62,1303718,,,,,,,,,,,,,,,,,,,,,,,,,,,,,,,,,,,,,,,,,,,,,,,,,,,,,,,,,,,,,TN,TN
autoland,4060512,13,77a9707257b88d3b15060667769a2def98a71cff,windows10-64-shippable-qr,True,False,,|c|o|l|d| |f|i|s|s|i|o|n| |i|n|t|e|r|a|c|t|i|v|e| |w|e|b|r|e|n|d|e|r|,102210fe594ee9b33d82058545b1ed14f4c8206e,LastVisualChange,reddit-billgates-post-1.posts,True,reddit-billgates-post-1.posts LastVisualChange opt cold fission webrender,,77,ms,firefox,,1760102162,2023-09-20 21:06:43,532.6,137b5966e6ec0a63006a36cac0a3f1c4e3f5cefe,1303845,,,,,,,,,,,,,,,,,,,,,,,,,,,,,,,,,,,,,,,,,,,,,,,,,,,,,,,,,,,,,TN,TN
autoland,4060512,13,77a9707257b88d3b15060667769a2def98a71cff,windows10-64-shippable-qr,True,False,,|c|o|l|d| |f|i|s|s|i|o|n| |i|n|t|e|r|a|c|t|i|v|e| |w|e|b|r|e|n|d|e|r|,102210fe594ee9b33d82058545b1ed14f4c8206e,LastVisualChange,reddit-billgates-post-1.posts,True,reddit-billgates-post-1.posts LastVisualChange opt cold fission webrender,,77,ms,firefox,,1760137216,2023-09-20 23:02:53,512.0,a94c799a5be0d573f8c654b43966b4b772ded228,1303924,,,,,,,,,,,,,,,,,,,,,,,,,,,,,,,,,,,,,,,,,,,,,,,,,,,,,,,,,,,,,TN,TN
autoland,4060512,13,77a9707257b88d3b15060667769a2def98a71cff,windows10-64-shippable-qr,True,False,,|c|o|l|d| |f|i|s|s|i|o|n| |i|n|t|e|r|a|c|t|i|v|e| |w|e|b|r|e|n|d|e|r|,102210fe594ee9b33d82058545b1ed14f4c8206e,LastVisualChange,reddit-billgates-post-1.posts,True,reddit-billgates-post-1.posts LastVisualChange opt cold fission webrender,,77,ms,firefox,,1760260802,2023-09-21 04:47:54,538.3,7c6496f92bb0572d56513d645f3d6201f77a5653,1304025,,,,,,,,,,,,,,,,,,,,,,,,,,,,,,,,,,,,,,,,,,,,,,,,,,,,,,,,,,,,,TN,TN
autoland,4060512,13,77a9707257b88d3b15060667769a2def98a71cff,windows10-64-shippable-qr,True,False,,|c|o|l|d| |f|i|s|s|i|o|n| |i|n|t|e|r|a|c|t|i|v|e| |w|e|b|r|e|n|d|e|r|,102210fe594ee9b33d82058545b1ed14f4c8206e,LastVisualChange,reddit-billgates-post-1.posts,True,reddit-billgates-post-1.posts LastVisualChange opt cold fission webrender,,77,ms,firefox,,1760394162,2023-09-21 08:45:10,532.8,e98350675c5a294fe5c7a4138a5b16c4f6992907,1304121,,,,,,,,,,,,,,,,,,,,,,,,,,,,,,,,,,,,,,,,,,,,,,,,,,,,,,,,,,,,,TN,TN
autoland,4060512,13,77a9707257b88d3b15060667769a2def98a71cff,windows10-64-shippable-qr,True,False,,|c|o|l|d| |f|i|s|s|i|o|n| |i|n|t|e|r|a|c|t|i|v|e| |w|e|b|r|e|n|d|e|r|,102210fe594ee9b33d82058545b1ed14f4c8206e,LastVisualChange,reddit-billgates-post-1.posts,True,reddit-billgates-post-1.posts LastVisualChange opt cold fission webrender,,77,ms,firefox,,1760569854,2023-09-21 12:54:54,552.0,bd8d8c1ecad7cda50d42ce2dfde7fabc50a48948,1304268,,,,,,,,,,,,,,,,,,,,,,,,,,,,,,,,,,,,,,,,,,,,,,,,,,,,,,,,,,,,,TN,TN
autoland,4060512,13,77a9707257b88d3b15060667769a2def98a71cff,windows10-64-shippable-qr,True,False,,|c|o|l|d| |f|i|s|s|i|o|n| |i|n|t|e|r|a|c|t|i|v|e| |w|e|b|r|e|n|d|e|r|,102210fe594ee9b33d82058545b1ed14f4c8206e,LastVisualChange,reddit-billgates-post-1.posts,True,reddit-billgates-post-1.posts LastVisualChange opt cold fission webrender,,77,ms,firefox,,1760562019,2023-09-21 14:02:07,535.5,6e82382700fc8345a06dc3efd346a25826fa1bf2,1304316,,,,,,,,,,,,,,,,,,,,,,,,,,,,,,,,,,,,,,,,,,,,,,,,,,,,,,,,,,,,,TN,TN
autoland,4060512,13,77a9707257b88d3b15060667769a2def98a71cff,windows10-64-shippable-qr,True,False,,|c|o|l|d| |f|i|s|s|i|o|n| |i|n|t|e|r|a|c|t|i|v|e| |w|e|b|r|e|n|d|e|r|,102210fe594ee9b33d82058545b1ed14f4c8206e,LastVisualChange,reddit-billgates-post-1.posts,True,reddit-billgates-post-1.posts LastVisualChange opt cold fission webrender,,77,ms,firefox,,1760903463,2023-09-21 15:38:38,535.9,a2d7613e206fa711d809ee5dbffc2bf3ff8c75a4,1304385,,,,,,,,,,,,,,,,,,,,,,,,,,,,,,,,,,,,,,,,,,,,,,,,,,,,,,,,,,,,,TN,TN
autoland,4060512,13,77a9707257b88d3b15060667769a2def98a71cff,windows10-64-shippable-qr,True,False,,|c|o|l|d| |f|i|s|s|i|o|n| |i|n|t|e|r|a|c|t|i|v|e| |w|e|b|r|e|n|d|e|r|,102210fe594ee9b33d82058545b1ed14f4c8206e,LastVisualChange,reddit-billgates-post-1.posts,True,reddit-billgates-post-1.posts LastVisualChange opt cold fission webrender,,77,ms,firefox,,1760918714,2023-09-21 15:46:13,528.8,984c001954dbafa02f989a9529a8b8477999ea83,1304391,,,,,,,,,,,,,,,,,,,,,,,,,,,,,,,,,,,,,,,,,,,,,,,,,,,,,,,,,,,,,TN,TN
autoland,4060512,13,77a9707257b88d3b15060667769a2def98a71cff,windows10-64-shippable-qr,True,False,,|c|o|l|d| |f|i|s|s|i|o|n| |i|n|t|e|r|a|c|t|i|v|e| |w|e|b|r|e|n|d|e|r|,102210fe594ee9b33d82058545b1ed14f4c8206e,LastVisualChange,reddit-billgates-post-1.posts,True,reddit-billgates-post-1.posts LastVisualChange opt cold fission webrender,,77,ms,firefox,,1760924572,2023-09-21 15:46:13,522.7,984c001954dbafa02f989a9529a8b8477999ea83,1304391,,,,,,,,,,,,,,,,,,,,,,,,,,,,,,,,,,,,,,,,,,,,,,,,,,,,,,,,,,,,,TN,TN
autoland,4060512,13,77a9707257b88d3b15060667769a2def98a71cff,windows10-64-shippable-qr,True,False,,|c|o|l|d| |f|i|s|s|i|o|n| |i|n|t|e|r|a|c|t|i|v|e| |w|e|b|r|e|n|d|e|r|,102210fe594ee9b33d82058545b1ed14f4c8206e,LastVisualChange,reddit-billgates-post-1.posts,True,reddit-billgates-post-1.posts LastVisualChange opt cold fission webrender,,77,ms,firefox,,1760937825,2023-09-21 15:48:43,519.1,3dbbf33d280bfd8c07b86b15238bbb6d1e1755db,1304392,,,,,,,,,,,,,,,,,,,,,,,,,,,,,,,,,,,,,,,,,,,,,,,,,,,,,,,,,,,,,TN,TN
autoland,4060512,13,77a9707257b88d3b15060667769a2def98a71cff,windows10-64-shippable-qr,True,False,,|c|o|l|d| |f|i|s|s|i|o|n| |i|n|t|e|r|a|c|t|i|v|e| |w|e|b|r|e|n|d|e|r|,102210fe594ee9b33d82058545b1ed14f4c8206e,LastVisualChange,reddit-billgates-post-1.posts,True,reddit-billgates-post-1.posts LastVisualChange opt cold fission webrender,,77,ms,firefox,,1760913668,2023-09-21 16:35:46,508.3,028b2e51863828f9d6a1e00a8c085845e63f72e0,1304430,,,,,,,,,,,,,,,,,,,,,,,,,,,,,,,,,,,,,,,,,,,,,,,,,,,,,,,,,,,,,TN,TN
autoland,4060512,13,77a9707257b88d3b15060667769a2def98a71cff,windows10-64-shippable-qr,True,False,,|c|o|l|d| |f|i|s|s|i|o|n| |i|n|t|e|r|a|c|t|i|v|e| |w|e|b|r|e|n|d|e|r|,102210fe594ee9b33d82058545b1ed14f4c8206e,LastVisualChange,reddit-billgates-post-1.posts,True,reddit-billgates-post-1.posts LastVisualChange opt cold fission webrender,,77,ms,firefox,,1760880462,2023-09-21 17:31:33,548.9,c3b23fbbe898130deb34c48569c8e7201ffabffb,1304471,,,,,,,,,,,,,,,,,,,,,,,,,,,,,,,,,,,,,,,,,,,,,,,,,,,,,,,,,,,,,TN,TN
autoland,4060512,13,77a9707257b88d3b15060667769a2def98a71cff,windows10-64-shippable-qr,True,False,,|c|o|l|d| |f|i|s|s|i|o|n| |i|n|t|e|r|a|c|t|i|v|e| |w|e|b|r|e|n|d|e|r|,102210fe594ee9b33d82058545b1ed14f4c8206e,LastVisualChange,reddit-billgates-post-1.posts,True,reddit-billgates-post-1.posts LastVisualChange opt cold fission webrender,,77,ms,firefox,,1760684221,2023-09-21 18:54:27,522.4,114bde678f299872db02fe1116ecfd3a7ada9381,1304515,,,,,,,,,,,,,,,,,,,,,,,,,,,,,,,,,,,,,,,,,,,,,,,,,,,,,,,,,,,,,TN,TN
autoland,4060512,13,77a9707257b88d3b15060667769a2def98a71cff,windows10-64-shippable-qr,True,False,,|c|o|l|d| |f|i|s|s|i|o|n| |i|n|t|e|r|a|c|t|i|v|e| |w|e|b|r|e|n|d|e|r|,102210fe594ee9b33d82058545b1ed14f4c8206e,LastVisualChange,reddit-billgates-post-1.posts,True,reddit-billgates-post-1.posts LastVisualChange opt cold fission webrender,,77,ms,firefox,,1760700178,2023-09-21 19:19:33,535.4,86fd71ad69b346f713966a8f18ec97a5b99a0aee,1304533,,,,,,,,,,,,,,,,,,,,,,,,,,,,,,,,,,,,,,,,,,,,,,,,,,,,,,,,,,,,,TN,TN
autoland,4060512,13,77a9707257b88d3b15060667769a2def98a71cff,windows10-64-shippable-qr,True,False,,|c|o|l|d| |f|i|s|s|i|o|n| |i|n|t|e|r|a|c|t|i|v|e| |w|e|b|r|e|n|d|e|r|,102210fe594ee9b33d82058545b1ed14f4c8206e,LastVisualChange,reddit-billgates-post-1.posts,True,reddit-billgates-post-1.posts LastVisualChange opt cold fission webrender,,77,ms,firefox,,1760794402,2023-09-21 23:47:59,525.6,efa8aa7a4f5484f349595a2c97ba6a2c6f214c66,1304690,,,,,,,,,,,,,,,,,,,,,,,,,,,,,,,,,,,,,,,,,,,,,,,,,,,,,,,,,,,,,TN,TN
autoland,4060512,13,77a9707257b88d3b15060667769a2def98a71cff,windows10-64-shippable-qr,True,False,,|c|o|l|d| |f|i|s|s|i|o|n| |i|n|t|e|r|a|c|t|i|v|e| |w|e|b|r|e|n|d|e|r|,102210fe594ee9b33d82058545b1ed14f4c8206e,LastVisualChange,reddit-billgates-post-1.posts,True,reddit-billgates-post-1.posts LastVisualChange opt cold fission webrender,,77,ms,firefox,,1760931107,2023-09-22 04:42:00,511.3,2de4a198348cc150a0c3ce328c42beade9646190,1304767,,,,,,,,,,,,,,,,,,,,,,,,,,,,,,,,,,,,,,,,,,,,,,,,,,,,,,,,,,,,,TN,TN
autoland,4060512,13,77a9707257b88d3b15060667769a2def98a71cff,windows10-64-shippable-qr,True,False,,|c|o|l|d| |f|i|s|s|i|o|n| |i|n|t|e|r|a|c|t|i|v|e| |w|e|b|r|e|n|d|e|r|,102210fe594ee9b33d82058545b1ed14f4c8206e,LastVisualChange,reddit-billgates-post-1.posts,True,reddit-billgates-post-1.posts LastVisualChange opt cold fission webrender,,77,ms,firefox,,1761040216,2023-09-22 11:33:15,535.8,6da1ce80e10cc6744801930434a44df21da87140,1304916,,,,,,,,,,,,,,,,,,,,,,,,,,,,,,,,,,,,,,,,,,,,,,,,,,,,,,,,,,,,,TN,TN
autoland,4060512,13,77a9707257b88d3b15060667769a2def98a71cff,windows10-64-shippable-qr,True,False,,|c|o|l|d| |f|i|s|s|i|o|n| |i|n|t|e|r|a|c|t|i|v|e| |w|e|b|r|e|n|d|e|r|,102210fe594ee9b33d82058545b1ed14f4c8206e,LastVisualChange,reddit-billgates-post-1.posts,True,reddit-billgates-post-1.posts LastVisualChange opt cold fission webrender,,77,ms,firefox,,1761121668,2023-09-22 15:35:17,538.2,d244d17a8e9ac94aa05c3bf0c2659104c7b15f76,1305037,,,,,,,,,,,,,,,,,,,,,,,,,,,,,,,,,,,,,,,,,,,,,,,,,,,,,,,,,,,,,TN,TN
autoland,4060512,13,77a9707257b88d3b15060667769a2def98a71cff,windows10-64-shippable-qr,True,False,,|c|o|l|d| |f|i|s|s|i|o|n| |i|n|t|e|r|a|c|t|i|v|e| |w|e|b|r|e|n|d|e|r|,102210fe594ee9b33d82058545b1ed14f4c8206e,LastVisualChange,reddit-billgates-post-1.posts,True,reddit-billgates-post-1.posts LastVisualChange opt cold fission webrender,,77,ms,firefox,,1761134918,2023-09-22 16:10:00,579.4,aee77156969b7d1f696e8952bc590e1449a16f85,1305065,,,,,,,,,,,,,,,,,,,,,,,,,,,,,,,,,,,,,,,,,,,,,,,,,,,,,,,,,,,,,TN,TN
autoland,4060512,13,77a9707257b88d3b15060667769a2def98a71cff,windows10-64-shippable-qr,True,False,,|c|o|l|d| |f|i|s|s|i|o|n| |i|n|t|e|r|a|c|t|i|v|e| |w|e|b|r|e|n|d|e|r|,102210fe594ee9b33d82058545b1ed14f4c8206e,LastVisualChange,reddit-billgates-post-1.posts,True,reddit-billgates-post-1.posts LastVisualChange opt cold fission webrender,,77,ms,firefox,,1761267741,2023-09-22 20:28:01,508.7,80cfc74bb77e6c4abfd0d70c51b274e4b036a05b,1305231,,,,,,,,,,,,,,,,,,,,,,,,,,,,,,,,,,,,,,,,,,,,,,,,,,,,,,,,,,,,,TN,TN
autoland,4060512,13,77a9707257b88d3b15060667769a2def98a71cff,windows10-64-shippable-qr,True,False,,|c|o|l|d| |f|i|s|s|i|o|n| |i|n|t|e|r|a|c|t|i|v|e| |w|e|b|r|e|n|d|e|r|,102210fe594ee9b33d82058545b1ed14f4c8206e,LastVisualChange,reddit-billgates-post-1.posts,True,reddit-billgates-post-1.posts LastVisualChange opt cold fission webrender,,77,ms,firefox,,1761311082,2023-09-23 00:28:09,514.6,5ce53217bf3e4d42db88aab74741654bfc634cc8,1305322,,,,,,,,,,,,,,,,,,,,,,,,,,,,,,,,,,,,,,,,,,,,,,,,,,,,,,,,,,,,,TN,TN
autoland,4060512,13,77a9707257b88d3b15060667769a2def98a71cff,windows10-64-shippable-qr,True,False,,|c|o|l|d| |f|i|s|s|i|o|n| |i|n|t|e|r|a|c|t|i|v|e| |w|e|b|r|e|n|d|e|r|,102210fe594ee9b33d82058545b1ed14f4c8206e,LastVisualChange,reddit-billgates-post-1.posts,True,reddit-billgates-post-1.posts LastVisualChange opt cold fission webrender,,77,ms,firefox,,1761321672,2023-09-23 00:41:33,562.5,1d9627a1274de78256ecdee1e8058e6b32392404,1305328,,,,,,,,,,,,,,,,,,,,,,,,,,,,,,,,,,,,,,,,,,,,,,,,,,,,,,,,,,,,,TN,TN
autoland,4060512,13,77a9707257b88d3b15060667769a2def98a71cff,windows10-64-shippable-qr,True,False,,|c|o|l|d| |f|i|s|s|i|o|n| |i|n|t|e|r|a|c|t|i|v|e| |w|e|b|r|e|n|d|e|r|,102210fe594ee9b33d82058545b1ed14f4c8206e,LastVisualChange,reddit-billgates-post-1.posts,True,reddit-billgates-post-1.posts LastVisualChange opt cold fission webrender,,77,ms,firefox,,1761437454,2023-09-23 16:39:34,517.0,e85748b0b9880ee586b2c155a4d84c1cdf3f31b4,1305402,,,,,,,,,,,,,,,,,,,,,,,,,,,,,,,,,,,,,,,,,,,,,,,,,,,,,,,,,,,,,TN,TN
autoland,4060512,13,77a9707257b88d3b15060667769a2def98a71cff,windows10-64-shippable-qr,True,False,,|c|o|l|d| |f|i|s|s|i|o|n| |i|n|t|e|r|a|c|t|i|v|e| |w|e|b|r|e|n|d|e|r|,102210fe594ee9b33d82058545b1ed14f4c8206e,LastVisualChange,reddit-billgates-post-1.posts,True,reddit-billgates-post-1.posts LastVisualChange opt cold fission webrender,,77,ms,firefox,,1761474969,2023-09-23 21:16:13,532.5,f4a2f296a2ea585882f2a2a627c036538eb875b0,1305420,,,,,,,,,,,,,,,,,,,,,,,,,,,,,,,,,,,,,,,,,,,,,,,,,,,,,,,,,,,,,TN,TN
autoland,4060512,13,77a9707257b88d3b15060667769a2def98a71cff,windows10-64-shippable-qr,True,False,,|c|o|l|d| |f|i|s|s|i|o|n| |i|n|t|e|r|a|c|t|i|v|e| |w|e|b|r|e|n|d|e|r|,102210fe594ee9b33d82058545b1ed14f4c8206e,LastVisualChange,reddit-billgates-post-1.posts,True,reddit-billgates-post-1.posts LastVisualChange opt cold fission webrender,,77,ms,firefox,,1761679215,2023-09-25 06:00:52,550.0,68035862c82691cc5ad039c1067c1fd24d048350,1305598,,,,,,,,,,,,,,,,,,,,,,,,,,,,,,,,,,,,,,,,,,,,,,,,,,,,,,,,,,,,,TN,TN
autoland,4060512,13,77a9707257b88d3b15060667769a2def98a71cff,windows10-64-shippable-qr,True,False,,|c|o|l|d| |f|i|s|s|i|o|n| |i|n|t|e|r|a|c|t|i|v|e| |w|e|b|r|e|n|d|e|r|,102210fe594ee9b33d82058545b1ed14f4c8206e,LastVisualChange,reddit-billgates-post-1.posts,True,reddit-billgates-post-1.posts LastVisualChange opt cold fission webrender,,77,ms,firefox,,1761714927,2023-09-25 08:45:06,495.1,27778dad58d148bf24097e327e55eb3b8631b902,1305656,,,,,,,,,,,,,,,,,,,,,,,,,,,,,,,,,,,,,,,,,,,,,,,,,,,,,,,,,,,,,TN,TN
autoland,4060512,13,77a9707257b88d3b15060667769a2def98a71cff,windows10-64-shippable-qr,True,False,,|c|o|l|d| |f|i|s|s|i|o|n| |i|n|t|e|r|a|c|t|i|v|e| |w|e|b|r|e|n|d|e|r|,102210fe594ee9b33d82058545b1ed14f4c8206e,LastVisualChange,reddit-billgates-post-1.posts,True,reddit-billgates-post-1.posts LastVisualChange opt cold fission webrender,,77,ms,firefox,,1762249798,2023-09-25 12:15:51,542.4,a8305ea48b4ca432c6e10ea45d475586512c6037,1305772,,,,,,,,,,,,,,,,,,,,,,,,,,,,,,,,,,,,,,,,,,,,,,,,,,,,,,,,,,,,,TN,TN
autoland,4060512,13,77a9707257b88d3b15060667769a2def98a71cff,windows10-64-shippable-qr,True,False,,|c|o|l|d| |f|i|s|s|i|o|n| |i|n|t|e|r|a|c|t|i|v|e| |w|e|b|r|e|n|d|e|r|,102210fe594ee9b33d82058545b1ed14f4c8206e,LastVisualChange,reddit-billgates-post-1.posts,True,reddit-billgates-post-1.posts LastVisualChange opt cold fission webrender,,77,ms,firefox,,1762226935,2023-09-25 12:29:44,537.5,a151165c8ba1e0a95cf626dc3f30b3fab32f12a5,1305784,,,,,,,,,,,,,,,,,,,,,,,,,,,,,,,,,,,,,,,,,,,,,,,,,,,,,,,,,,,,,TN,TN
autoland,4060512,13,77a9707257b88d3b15060667769a2def98a71cff,windows10-64-shippable-qr,True,False,,|c|o|l|d| |f|i|s|s|i|o|n| |i|n|t|e|r|a|c|t|i|v|e| |w|e|b|r|e|n|d|e|r|,102210fe594ee9b33d82058545b1ed14f4c8206e,LastVisualChange,reddit-billgates-post-1.posts,True,reddit-billgates-post-1.posts LastVisualChange opt cold fission webrender,,77,ms,firefox,,1762203872,2023-09-25 12:30:33,524.8,7095adada0469a26b7fb47fc05017c5d8b95e1fb,1305789,,,,,,,,,,,,,,,,,,,,,,,,,,,,,,,,,,,,,,,,,,,,,,,,,,,,,,,,,,,,,TN,TN
autoland,4060512,13,77a9707257b88d3b15060667769a2def98a71cff,windows10-64-shippable-qr,True,False,,|c|o|l|d| |f|i|s|s|i|o|n| |i|n|t|e|r|a|c|t|i|v|e| |w|e|b|r|e|n|d|e|r|,102210fe594ee9b33d82058545b1ed14f4c8206e,LastVisualChange,reddit-billgates-post-1.posts,True,reddit-billgates-post-1.posts LastVisualChange opt cold fission webrender,,77,ms,firefox,,1762240340,2023-09-25 12:30:33,519.1,7095adada0469a26b7fb47fc05017c5d8b95e1fb,1305789,,,,,,,,,,,,,,,,,,,,,,,,,,,,,,,,,,,,,,,,,,,,,,,,,,,,,,,,,,,,,TN,TN
autoland,4060512,13,77a9707257b88d3b15060667769a2def98a71cff,windows10-64-shippable-qr,True,False,,|c|o|l|d| |f|i|s|s|i|o|n| |i|n|t|e|r|a|c|t|i|v|e| |w|e|b|r|e|n|d|e|r|,102210fe594ee9b33d82058545b1ed14f4c8206e,LastVisualChange,reddit-billgates-post-1.posts,True,reddit-billgates-post-1.posts LastVisualChange opt cold fission webrender,,77,ms,firefox,,1761866577,2023-09-25 12:33:35,542.0,9a8976307af6049000ae1a1623fd71bd62850a10,1305791,,,,,,,,,,,,,,,,,,,,,,,,,,,,,,,,,,,,,,,,,,,,,,,,,,,,,,,,,,,,,TN,TN
autoland,4060512,13,77a9707257b88d3b15060667769a2def98a71cff,windows10-64-shippable-qr,True,False,,|c|o|l|d| |f|i|s|s|i|o|n| |i|n|t|e|r|a|c|t|i|v|e| |w|e|b|r|e|n|d|e|r|,102210fe594ee9b33d82058545b1ed14f4c8206e,LastVisualChange,reddit-billgates-post-1.posts,True,reddit-billgates-post-1.posts LastVisualChange opt cold fission webrender,,77,ms,firefox,,1762068400,2023-09-25 20:45:54,532.0,6a7f708c3d0458c9b30efa2bdfde6e7812554d1e,1306210,,,,,,,,,,,,,,,,,,,,,,,,,,,,,,,,,,,,,,,,,,,,,,,,,,,,,,,,,,,,,TN,TN
autoland,4060512,13,77a9707257b88d3b15060667769a2def98a71cff,windows10-64-shippable-qr,True,False,,|c|o|l|d| |f|i|s|s|i|o|n| |i|n|t|e|r|a|c|t|i|v|e| |w|e|b|r|e|n|d|e|r|,102210fe594ee9b33d82058545b1ed14f4c8206e,LastVisualChange,reddit-billgates-post-1.posts,True,reddit-billgates-post-1.posts LastVisualChange opt cold fission webrender,,77,ms,firefox,,1762140576,2023-09-26 00:20:03,521.6,844608487349450c789be0794a915bb90d90b133,1306338,,,,,,,,,,,,,,,,,,,,,,,,,,,,,,,,,,,,,,,,,,,,,,,,,,,,,,,,,,,,,TN,TN
autoland,4060512,13,77a9707257b88d3b15060667769a2def98a71cff,windows10-64-shippable-qr,True,False,,|c|o|l|d| |f|i|s|s|i|o|n| |i|n|t|e|r|a|c|t|i|v|e| |w|e|b|r|e|n|d|e|r|,102210fe594ee9b33d82058545b1ed14f4c8206e,LastVisualChange,reddit-billgates-post-1.posts,True,reddit-billgates-post-1.posts LastVisualChange opt cold fission webrender,,77,ms,firefox,,1762854875,2023-09-26 02:51:20,517.6,956fe894deba1ba357c2699828221cda94a938a0,1306370,,,,,,,,,,,,,,,,,,,,,,,,,,,,,,,,,,,,,,,,,,,,,,,,,,,,,,,,,,,,,TN,TN
autoland,4060512,13,77a9707257b88d3b15060667769a2def98a71cff,windows10-64-shippable-qr,True,False,,|c|o|l|d| |f|i|s|s|i|o|n| |i|n|t|e|r|a|c|t|i|v|e| |w|e|b|r|e|n|d|e|r|,102210fe594ee9b33d82058545b1ed14f4c8206e,LastVisualChange,reddit-billgates-post-1.posts,True,reddit-billgates-post-1.posts LastVisualChange opt cold fission webrender,,77,ms,firefox,,1762850096,2023-09-26 02:57:49,499.3,d6b39ea73d85054019ddee8cf425a34c549015d5,1306372,,,,,,,,,,,,,,,,,,,,,,,,,,,,,,,,,,,,,,,,,,,,,,,,,,,,,,,,,,,,,TN,TN
autoland,4060512,13,77a9707257b88d3b15060667769a2def98a71cff,windows10-64-shippable-qr,True,False,,|c|o|l|d| |f|i|s|s|i|o|n| |i|n|t|e|r|a|c|t|i|v|e| |w|e|b|r|e|n|d|e|r|,102210fe594ee9b33d82058545b1ed14f4c8206e,LastVisualChange,reddit-billgates-post-1.posts,True,reddit-billgates-post-1.posts LastVisualChange opt cold fission webrender,,77,ms,firefox,,1762217840,2023-09-26 05:18:37,508.9,5c61430973af5452b01293947d0f76b758b97c28,1306392,,,,,,,,,,,,,,,,,,,,,,,,,,,,,,,,,,,,,,,,,,,,,,,,,,,,,,,,,,,,,TN,TN
autoland,4060512,13,77a9707257b88d3b15060667769a2def98a71cff,windows10-64-shippable-qr,True,False,,|c|o|l|d| |f|i|s|s|i|o|n| |i|n|t|e|r|a|c|t|i|v|e| |w|e|b|r|e|n|d|e|r|,102210fe594ee9b33d82058545b1ed14f4c8206e,LastVisualChange,reddit-billgates-post-1.posts,True,reddit-billgates-post-1.posts LastVisualChange opt cold fission webrender,,77,ms,firefox,,1762817754,2023-09-26 07:22:43,532.7,0b480081dd33a59f2e3c247ebf9eaa36c90a926a,1306422,,,,,,,,,,,,,,,,,,,,,,,,,,,,,,,,,,,,,,,,,,,,,,,,,,,,,,,,,,,,,TN,TN
autoland,4060512,13,77a9707257b88d3b15060667769a2def98a71cff,windows10-64-shippable-qr,True,False,,|c|o|l|d| |f|i|s|s|i|o|n| |i|n|t|e|r|a|c|t|i|v|e| |w|e|b|r|e|n|d|e|r|,102210fe594ee9b33d82058545b1ed14f4c8206e,LastVisualChange,reddit-billgates-post-1.posts,True,reddit-billgates-post-1.posts LastVisualChange opt cold fission webrender,,77,ms,firefox,,1762826473,2023-09-26 07:47:07,522.5,a7382d4a1a052e1b25d2ad2dd2bdbbf16ed3ecd7,1306433,,,,,,,,,,,,,,,,,,,,,,,,,,,,,,,,,,,,,,,,,,,,,,,,,,,,,,,,,,,,,TN,TN
autoland,4060512,13,77a9707257b88d3b15060667769a2def98a71cff,windows10-64-shippable-qr,True,False,,|c|o|l|d| |f|i|s|s|i|o|n| |i|n|t|e|r|a|c|t|i|v|e| |w|e|b|r|e|n|d|e|r|,102210fe594ee9b33d82058545b1ed14f4c8206e,LastVisualChange,reddit-billgates-post-1.posts,True,reddit-billgates-post-1.posts LastVisualChange opt cold fission webrender,,77,ms,firefox,,1762318919,2023-09-26 07:48:07,505.2,920e4f82b3485f132edc7f551ecd9334fa702021,1306435,,,,,,,,,,,,,,,,,,,,,,,,,,,,,,,,,,,,,,,,,,,,,,,,,,,,,,,,,,,,,TN,TN
autoland,4060512,13,77a9707257b88d3b15060667769a2def98a71cff,windows10-64-shippable-qr,True,False,,|c|o|l|d| |f|i|s|s|i|o|n| |i|n|t|e|r|a|c|t|i|v|e| |w|e|b|r|e|n|d|e|r|,102210fe594ee9b33d82058545b1ed14f4c8206e,LastVisualChange,reddit-billgates-post-1.posts,True,reddit-billgates-post-1.posts LastVisualChange opt cold fission webrender,,77,ms,firefox,,1762413604,2023-09-26 12:02:33,522.7,e60c3407f3620f94624c0ac7484a7d1b257be989,1306598,,,,,,,,,,,,,,,,,,,,,,,,,,,,,,,,,,,,,,,,,,,,,,,,,,,,,,,,,,,,,TN,TN
autoland,4060512,13,77a9707257b88d3b15060667769a2def98a71cff,windows10-64-shippable-qr,True,False,,|c|o|l|d| |f|i|s|s|i|o|n| |i|n|t|e|r|a|c|t|i|v|e| |w|e|b|r|e|n|d|e|r|,102210fe594ee9b33d82058545b1ed14f4c8206e,LastVisualChange,reddit-billgates-post-1.posts,True,reddit-billgates-post-1.posts LastVisualChange opt cold fission webrender,,77,ms,firefox,,1762497340,2023-09-26 15:03:48,535.6,f6c351ade4f28a1ce3843d0af7e5ec35b37a3576,1306757,,,,,,,,,,,,,,,,,,,,,,,,,,,,,,,,,,,,,,,,,,,,,,,,,,,,,,,,,,,,,TN,TN
autoland,4060512,13,77a9707257b88d3b15060667769a2def98a71cff,windows10-64-shippable-qr,True,False,,|c|o|l|d| |f|i|s|s|i|o|n| |i|n|t|e|r|a|c|t|i|v|e| |w|e|b|r|e|n|d|e|r|,102210fe594ee9b33d82058545b1ed14f4c8206e,LastVisualChange,reddit-billgates-post-1.posts,True,reddit-billgates-post-1.posts LastVisualChange opt cold fission webrender,,77,ms,firefox,,1762695175,2023-09-26 21:35:50,507.0,7a98d860920f5f74014454ce20ec6739e8a16878,1307018,,,,,,,,,,,,,,,,,,,,,,,,,,,,,,,,,,,,,,,,,,,,,,,,,,,,,,,,,,,,,TN,TN
autoland,4060512,13,77a9707257b88d3b15060667769a2def98a71cff,windows10-64-shippable-qr,True,False,,|c|o|l|d| |f|i|s|s|i|o|n| |i|n|t|e|r|a|c|t|i|v|e| |w|e|b|r|e|n|d|e|r|,102210fe594ee9b33d82058545b1ed14f4c8206e,LastVisualChange,reddit-billgates-post-1.posts,True,reddit-billgates-post-1.posts LastVisualChange opt cold fission webrender,,77,ms,firefox,,1762747850,2023-09-27 02:35:37,525.9,583cfd323dab818e35dc1f15fa3e92a503e56e11,1307110,,,,,,,,,,,,,,,,,,,,,,,,,,,,,,,,,,,,,,,,,,,,,,,,,,,,,,,,,,,,,TN,TN
autoland,4060512,13,77a9707257b88d3b15060667769a2def98a71cff,windows10-64-shippable-qr,True,False,,|c|o|l|d| |f|i|s|s|i|o|n| |i|n|t|e|r|a|c|t|i|v|e| |w|e|b|r|e|n|d|e|r|,102210fe594ee9b33d82058545b1ed14f4c8206e,LastVisualChange,reddit-billgates-post-1.posts,True,reddit-billgates-post-1.posts LastVisualChange opt cold fission webrender,,77,ms,firefox,,1762899143,2023-09-27 06:23:31,512.0,82ae09837aed66d319e3280febbf971a401bd8a6,1307163,,,,,,,,,,,,,,,,,,,,,,,,,,,,,,,,,,,,,,,,,,,,,,,,,,,,,,,,,,,,,TN,TN
autoland,4060512,13,77a9707257b88d3b15060667769a2def98a71cff,windows10-64-shippable-qr,True,False,,|c|o|l|d| |f|i|s|s|i|o|n| |i|n|t|e|r|a|c|t|i|v|e| |w|e|b|r|e|n|d|e|r|,102210fe594ee9b33d82058545b1ed14f4c8206e,LastVisualChange,reddit-billgates-post-1.posts,True,reddit-billgates-post-1.posts LastVisualChange opt cold fission webrender,,77,ms,firefox,,1763004993,2023-09-27 10:25:54,525.4,a1a8c2eeff55a4651fa01530fa3ec3ab3bec9b31,1307283,,,,,,,,,,,,,,,,,,,,,,,,,,,,,,,,,,,,,,,,,,,,,,,,,,,,,,,,,,,,,TN,TN
autoland,4060512,13,77a9707257b88d3b15060667769a2def98a71cff,windows10-64-shippable-qr,True,False,,|c|o|l|d| |f|i|s|s|i|o|n| |i|n|t|e|r|a|c|t|i|v|e| |w|e|b|r|e|n|d|e|r|,102210fe594ee9b33d82058545b1ed14f4c8206e,LastVisualChange,reddit-billgates-post-1.posts,True,reddit-billgates-post-1.posts LastVisualChange opt cold fission webrender,,77,ms,firefox,,1763029871,2023-09-27 10:32:06,505.8,af764baf74a1dd0e0b863a8cf26c25266bdcbc14,1307289,,,,,,,,,,,,,,,,,,,,,,,,,,,,,,,,,,,,,,,,,,,,,,,,,,,,,,,,,,,,,TN,TN
autoland,4060512,13,77a9707257b88d3b15060667769a2def98a71cff,windows10-64-shippable-qr,True,False,,|c|o|l|d| |f|i|s|s|i|o|n| |i|n|t|e|r|a|c|t|i|v|e| |w|e|b|r|e|n|d|e|r|,102210fe594ee9b33d82058545b1ed14f4c8206e,LastVisualChange,reddit-billgates-post-1.posts,True,reddit-billgates-post-1.posts LastVisualChange opt cold fission webrender,,77,ms,firefox,,1765000061,2023-09-27 12:16:09,535.5,f520eb31f9f78805d6a224215a7b7d1ed21698ca,1307343,,,,,,,,,,,,,,,,,,,,,,,,,,,,,,,,,,,,,,,,,,,,,,,,,,,,,,,,,,,,,TN,TN
autoland,4060512,13,77a9707257b88d3b15060667769a2def98a71cff,windows10-64-shippable-qr,True,False,,|c|o|l|d| |f|i|s|s|i|o|n| |i|n|t|e|r|a|c|t|i|v|e| |w|e|b|r|e|n|d|e|r|,102210fe594ee9b33d82058545b1ed14f4c8206e,LastVisualChange,reddit-billgates-post-1.posts,True,reddit-billgates-post-1.posts LastVisualChange opt cold fission webrender,,77,ms,firefox,,1763714589,2023-09-27 12:47:16,501.9,980fa29a4d6158b8727d4f95c9acc919dc65d05c,1307354,,,,,,,,,,,,,,,,,,,,,,,,,,,,,,,,,,,,,,,,,,,,,,,,,,,,,,,,,,,,,TN,TN
autoland,4060512,13,77a9707257b88d3b15060667769a2def98a71cff,windows10-64-shippable-qr,True,False,,|c|o|l|d| |f|i|s|s|i|o|n| |i|n|t|e|r|a|c|t|i|v|e| |w|e|b|r|e|n|d|e|r|,102210fe594ee9b33d82058545b1ed14f4c8206e,LastVisualChange,reddit-billgates-post-1.posts,True,reddit-billgates-post-1.posts LastVisualChange opt cold fission webrender,,77,ms,firefox,,1763740130,2023-09-27 12:48:19,524.1,b02ccb907221ffc44b9ebee03d8e03282071e929,1307357,,,,,,,,,,,,,,,,,,,,,,,,,,,,,,,,,,,,,,,,,,,,,,,,,,,,,,,,,,,,,TN,TN
autoland,4060512,13,77a9707257b88d3b15060667769a2def98a71cff,windows10-64-shippable-qr,True,False,,|c|o|l|d| |f|i|s|s|i|o|n| |i|n|t|e|r|a|c|t|i|v|e| |w|e|b|r|e|n|d|e|r|,102210fe594ee9b33d82058545b1ed14f4c8206e,LastVisualChange,reddit-billgates-post-1.posts,True,reddit-billgates-post-1.posts LastVisualChange opt cold fission webrender,,77,ms,firefox,,1765000271,2023-09-27 13:00:44,524.6,a2f48c396ce4df956e8bcbc386d9491ae371f201,1307361,,,,,,,,,,,,,,,,,,,,,,,,,,,,,,,,,,,,,,,,,,,,,,,,,,,,,,,,,,,,,TN,TN
autoland,4060512,13,77a9707257b88d3b15060667769a2def98a71cff,windows10-64-shippable-qr,True,False,,|c|o|l|d| |f|i|s|s|i|o|n| |i|n|t|e|r|a|c|t|i|v|e| |w|e|b|r|e|n|d|e|r|,102210fe594ee9b33d82058545b1ed14f4c8206e,LastVisualChange,reddit-billgates-post-1.posts,True,reddit-billgates-post-1.posts LastVisualChange opt cold fission webrender,,77,ms,firefox,,1765001268,2023-09-27 13:40:30,569.4,d4cd47b0cd52dc230b53bbdf8dc399a2d88e9f2f,1307396,,,,,,,,,,,,,,,,,,,,,,,,,,,,,,,,,,,,,,,,,,,,,,,,,,,,,,,,,,,,,TN,TN
autoland,4060512,13,77a9707257b88d3b15060667769a2def98a71cff,windows10-64-shippable-qr,True,False,,|c|o|l|d| |f|i|s|s|i|o|n| |i|n|t|e|r|a|c|t|i|v|e| |w|e|b|r|e|n|d|e|r|,102210fe594ee9b33d82058545b1ed14f4c8206e,LastVisualChange,reddit-billgates-post-1.posts,True,reddit-billgates-post-1.posts LastVisualChange opt cold fission webrender,,77,ms,firefox,,1765000236,2023-09-27 13:56:33,525.3,6d4ea43944cef906344d298f37d93e86fdad842d,1307401,,,,,,,,,,,,,,,,,,,,,,,,,,,,,,,,,,,,,,,,,,,,,,,,,,,,,,,,,,,,,TN,TN
autoland,4060512,13,77a9707257b88d3b15060667769a2def98a71cff,windows10-64-shippable-qr,True,False,,|c|o|l|d| |f|i|s|s|i|o|n| |i|n|t|e|r|a|c|t|i|v|e| |w|e|b|r|e|n|d|e|r|,102210fe594ee9b33d82058545b1ed14f4c8206e,LastVisualChange,reddit-billgates-post-1.posts,True,reddit-billgates-post-1.posts LastVisualChange opt cold fission webrender,,77,ms,firefox,,1765001459,2023-09-27 13:58:07,545.0,c0a22c6acc6731bc37c49fe877be8eca4d46d7f1,1307402,,,,,,,,,,,,,,,,,,,,,,,,,,,,,,,,,,,,,,,,,,,,,,,,,,,,,,,,,,,,,TN,TN
autoland,4060512,13,77a9707257b88d3b15060667769a2def98a71cff,windows10-64-shippable-qr,True,False,,|c|o|l|d| |f|i|s|s|i|o|n| |i|n|t|e|r|a|c|t|i|v|e| |w|e|b|r|e|n|d|e|r|,102210fe594ee9b33d82058545b1ed14f4c8206e,LastVisualChange,reddit-billgates-post-1.posts,True,reddit-billgates-post-1.posts LastVisualChange opt cold fission webrender,,77,ms,firefox,,1765001543,2023-09-27 14:16:01,514.6,a675b4047ca06f579250be186485fa49ab2cd16d,1307418,,,,,,,,,,,,,,,,,,,,,,,,,,,,,,,,,,,,,,,,,,,,,,,,,,,,,,,,,,,,,TN,TN
autoland,4060512,13,77a9707257b88d3b15060667769a2def98a71cff,windows10-64-shippable-qr,True,False,,|c|o|l|d| |f|i|s|s|i|o|n| |i|n|t|e|r|a|c|t|i|v|e| |w|e|b|r|e|n|d|e|r|,102210fe594ee9b33d82058545b1ed14f4c8206e,LastVisualChange,reddit-billgates-post-1.posts,True,reddit-billgates-post-1.posts LastVisualChange opt cold fission webrender,,77,ms,firefox,,1765001624,2023-09-27 14:31:14,504.8,3df6f7ab84116e077275f9294119e70bd9a4994f,1307428,,,,,,,,,,,,,,,,,,,,,,,,,,,,,,,,,,,,,,,,,,,,,,,,,,,,,,,,,,,,,TN,TN
autoland,4060512,13,77a9707257b88d3b15060667769a2def98a71cff,windows10-64-shippable-qr,True,False,,|c|o|l|d| |f|i|s|s|i|o|n| |i|n|t|e|r|a|c|t|i|v|e| |w|e|b|r|e|n|d|e|r|,102210fe594ee9b33d82058545b1ed14f4c8206e,LastVisualChange,reddit-billgates-post-1.posts,True,reddit-billgates-post-1.posts LastVisualChange opt cold fission webrender,,77,ms,firefox,,1763242904,2023-09-27 14:48:02,539.8,42b4fa32b69deff886ea9bc4f4f7fb94391b751a,1307439,,,,,,,,,,,,,,,,,,,,,,,,,,,,,,,,,,,,,,,,,,,,,,,,,,,,,,,,,,,,,TN,TN
autoland,4060512,13,77a9707257b88d3b15060667769a2def98a71cff,windows10-64-shippable-qr,True,False,,|c|o|l|d| |f|i|s|s|i|o|n| |i|n|t|e|r|a|c|t|i|v|e| |w|e|b|r|e|n|d|e|r|,102210fe594ee9b33d82058545b1ed14f4c8206e,LastVisualChange,reddit-billgates-post-1.posts,True,reddit-billgates-post-1.posts LastVisualChange opt cold fission webrender,,77,ms,firefox,,1765091356,2023-09-27 16:31:41,562.8,5871f19bf25dd3313baa83fc1d132f9f90a822b1,1307523,,,,,,,,,,,,,,,,,,,,,,,,,,,,,,,,,,,,,,,,,,,,,,,,,,,,,,,,,,,,,TN,TN
autoland,4060512,13,77a9707257b88d3b15060667769a2def98a71cff,windows10-64-shippable-qr,True,False,,|c|o|l|d| |f|i|s|s|i|o|n| |i|n|t|e|r|a|c|t|i|v|e| |w|e|b|r|e|n|d|e|r|,102210fe594ee9b33d82058545b1ed14f4c8206e,LastVisualChange,reddit-billgates-post-1.posts,True,reddit-billgates-post-1.posts LastVisualChange opt cold fission webrender,,77,ms,firefox,,1766398112,2023-09-27 16:31:41,511.9,5871f19bf25dd3313baa83fc1d132f9f90a822b1,1307523,,,,,,,,,,,,,,,,,,,,,,,,,,,,,,,,,,,,,,,,,,,,,,,,,,,,,,,,,,,,,TN,TN
autoland,4060512,13,77a9707257b88d3b15060667769a2def98a71cff,windows10-64-shippable-qr,True,False,,|c|o|l|d| |f|i|s|s|i|o|n| |i|n|t|e|r|a|c|t|i|v|e| |w|e|b|r|e|n|d|e|r|,102210fe594ee9b33d82058545b1ed14f4c8206e,LastVisualChange,reddit-billgates-post-1.posts,True,reddit-billgates-post-1.posts LastVisualChange opt cold fission webrender,,77,ms,firefox,,1766398145,2023-09-27 16:31:41,522.0,5871f19bf25dd3313baa83fc1d132f9f90a822b1,1307523,,,,,,,,,,,,,,,,,,,,,,,,,,,,,,,,,,,,,,,,,,,,,,,,,,,,,,,,,,,,,TN,TN
autoland,4060512,13,77a9707257b88d3b15060667769a2def98a71cff,windows10-64-shippable-qr,True,False,,|c|o|l|d| |f|i|s|s|i|o|n| |i|n|t|e|r|a|c|t|i|v|e| |w|e|b|r|e|n|d|e|r|,102210fe594ee9b33d82058545b1ed14f4c8206e,LastVisualChange,reddit-billgates-post-1.posts,True,reddit-billgates-post-1.posts LastVisualChange opt cold fission webrender,,77,ms,firefox,,1766398239,2023-09-27 16:31:41,528.4,5871f19bf25dd3313baa83fc1d132f9f90a822b1,1307523,,,,,,,,,,,,,,,,,,,,,,,,,,,,,,,,,,,,,,,,,,,,,,,,,,,,,,,,,,,,,TN,TN
autoland,4060512,13,77a9707257b88d3b15060667769a2def98a71cff,windows10-64-shippable-qr,True,False,,|c|o|l|d| |f|i|s|s|i|o|n| |i|n|t|e|r|a|c|t|i|v|e| |w|e|b|r|e|n|d|e|r|,102210fe594ee9b33d82058545b1ed14f4c8206e,LastVisualChange,reddit-billgates-post-1.posts,True,reddit-billgates-post-1.posts LastVisualChange opt cold fission webrender,,77,ms,firefox,,1766398367,2023-09-27 16:31:41,496.3,5871f19bf25dd3313baa83fc1d132f9f90a822b1,1307523,,,,,,,,,,,,,,,,,,,,,,,,,,,,,,,,,,,,,,,,,,,,,,,,,,,,,,,,,,,,,TN,TN
autoland,4060512,13,77a9707257b88d3b15060667769a2def98a71cff,windows10-64-shippable-qr,True,False,,|c|o|l|d| |f|i|s|s|i|o|n| |i|n|t|e|r|a|c|t|i|v|e| |w|e|b|r|e|n|d|e|r|,102210fe594ee9b33d82058545b1ed14f4c8206e,LastVisualChange,reddit-billgates-post-1.posts,True,reddit-billgates-post-1.posts LastVisualChange opt cold fission webrender,,77,ms,firefox,,1766398429,2023-09-27 16:31:41,509.0,5871f19bf25dd3313baa83fc1d132f9f90a822b1,1307523,,,,,,,,,,,,,,,,,,,,,,,,,,,,,,,,,,,,,,,,,,,,,,,,,,,,,,,,,,,,,TN,TN
autoland,4060512,13,77a9707257b88d3b15060667769a2def98a71cff,windows10-64-shippable-qr,True,False,,|c|o|l|d| |f|i|s|s|i|o|n| |i|n|t|e|r|a|c|t|i|v|e| |w|e|b|r|e|n|d|e|r|,102210fe594ee9b33d82058545b1ed14f4c8206e,LastVisualChange,reddit-billgates-post-1.posts,True,reddit-billgates-post-1.posts LastVisualChange opt cold fission webrender,,77,ms,firefox,,1765103201,2023-09-27 17:05:12,540.4,f3009095df2d203bf7c08bad391febf1e77bc827,1307541,,,,,,,,,,,,,,,,,,,,,,,,,,,,,,,,,,,,,,,,,,,,,,,,,,,,,,,,,,,,,TN,TN
autoland,4060512,13,77a9707257b88d3b15060667769a2def98a71cff,windows10-64-shippable-qr,True,False,,|c|o|l|d| |f|i|s|s|i|o|n| |i|n|t|e|r|a|c|t|i|v|e| |w|e|b|r|e|n|d|e|r|,102210fe594ee9b33d82058545b1ed14f4c8206e,LastVisualChange,reddit-billgates-post-1.posts,True,reddit-billgates-post-1.posts LastVisualChange opt cold fission webrender,,77,ms,firefox,,1766398219,2023-09-27 17:05:12,535.2,f3009095df2d203bf7c08bad391febf1e77bc827,1307541,,,,,,,,,,,,,,,,,,,,,,,,,,,,,,,,,,,,,,,,,,,,,,,,,,,,,,,,,,,,,TN,TN
autoland,4060512,13,77a9707257b88d3b15060667769a2def98a71cff,windows10-64-shippable-qr,True,False,,|c|o|l|d| |f|i|s|s|i|o|n| |i|n|t|e|r|a|c|t|i|v|e| |w|e|b|r|e|n|d|e|r|,102210fe594ee9b33d82058545b1ed14f4c8206e,LastVisualChange,reddit-billgates-post-1.posts,True,reddit-billgates-post-1.posts LastVisualChange opt cold fission webrender,,77,ms,firefox,,1766398294,2023-09-27 17:05:12,524.8,f3009095df2d203bf7c08bad391febf1e77bc827,1307541,,,,,,,,,,,,,,,,,,,,,,,,,,,,,,,,,,,,,,,,,,,,,,,,,,,,,,,,,,,,,TN,TN
autoland,4060512,13,77a9707257b88d3b15060667769a2def98a71cff,windows10-64-shippable-qr,True,False,,|c|o|l|d| |f|i|s|s|i|o|n| |i|n|t|e|r|a|c|t|i|v|e| |w|e|b|r|e|n|d|e|r|,102210fe594ee9b33d82058545b1ed14f4c8206e,LastVisualChange,reddit-billgates-post-1.posts,True,reddit-billgates-post-1.posts LastVisualChange opt cold fission webrender,,77,ms,firefox,,1766398177,2023-09-27 17:05:12,525.3,f3009095df2d203bf7c08bad391febf1e77bc827,1307541,,,,,,,,,,,,,,,,,,,,,,,,,,,,,,,,,,,,,,,,,,,,,,,,,,,,,,,,,,,,,TN,TN
autoland,4060512,13,77a9707257b88d3b15060667769a2def98a71cff,windows10-64-shippable-qr,True,False,,|c|o|l|d| |f|i|s|s|i|o|n| |i|n|t|e|r|a|c|t|i|v|e| |w|e|b|r|e|n|d|e|r|,102210fe594ee9b33d82058545b1ed14f4c8206e,LastVisualChange,reddit-billgates-post-1.posts,True,reddit-billgates-post-1.posts LastVisualChange opt cold fission webrender,,77,ms,firefox,,1766398295,2023-09-27 17:05:12,552.4,f3009095df2d203bf7c08bad391febf1e77bc827,1307541,,,,,,,,,,,,,,,,,,,,,,,,,,,,,,,,,,,,,,,,,,,,,,,,,,,,,,,,,,,,,TN,TN
autoland,4060512,13,77a9707257b88d3b15060667769a2def98a71cff,windows10-64-shippable-qr,True,False,,|c|o|l|d| |f|i|s|s|i|o|n| |i|n|t|e|r|a|c|t|i|v|e| |w|e|b|r|e|n|d|e|r|,102210fe594ee9b33d82058545b1ed14f4c8206e,LastVisualChange,reddit-billgates-post-1.posts,True,reddit-billgates-post-1.posts LastVisualChange opt cold fission webrender,,77,ms,firefox,,1766398334,2023-09-27 17:05:12,528.9,f3009095df2d203bf7c08bad391febf1e77bc827,1307541,,,,,,,,,,,,,,,,,,,,,,,,,,,,,,,,,,,,,,,,,,,,,,,,,,,,,,,,,,,,,TN,TN
autoland,4060512,13,77a9707257b88d3b15060667769a2def98a71cff,windows10-64-shippable-qr,True,False,,|c|o|l|d| |f|i|s|s|i|o|n| |i|n|t|e|r|a|c|t|i|v|e| |w|e|b|r|e|n|d|e|r|,102210fe594ee9b33d82058545b1ed14f4c8206e,LastVisualChange,reddit-billgates-post-1.posts,True,reddit-billgates-post-1.posts LastVisualChange opt cold fission webrender,,77,ms,firefox,,1765055765,2023-09-27 17:17:24,517.3,72153d629a084254f7067b3eeb48181de01952f7,1307549,,,,,,,,,,,,,,,,,,,,,,,,,,,,,,,,,,,,,,,,,,,,,,,,,,,,,,,,,,,,,TN,TN
autoland,4060512,13,77a9707257b88d3b15060667769a2def98a71cff,windows10-64-shippable-qr,True,False,,|c|o|l|d| |f|i|s|s|i|o|n| |i|n|t|e|r|a|c|t|i|v|e| |w|e|b|r|e|n|d|e|r|,102210fe594ee9b33d82058545b1ed14f4c8206e,LastVisualChange,reddit-billgates-post-1.posts,True,reddit-billgates-post-1.posts LastVisualChange opt cold fission webrender,,77,ms,firefox,,1766397789,2023-09-27 17:17:24,578.9,72153d629a084254f7067b3eeb48181de01952f7,1307549,,,,,,,,,,,,,,,,,,,,,,,,,,,,,,,,,,,,,,,,,,,,,,,,,,,,,,,,,,,,,TN,TN
autoland,4060512,13,77a9707257b88d3b15060667769a2def98a71cff,windows10-64-shippable-qr,True,False,,|c|o|l|d| |f|i|s|s|i|o|n| |i|n|t|e|r|a|c|t|i|v|e| |w|e|b|r|e|n|d|e|r|,102210fe594ee9b33d82058545b1ed14f4c8206e,LastVisualChange,reddit-billgates-post-1.posts,True,reddit-billgates-post-1.posts LastVisualChange opt cold fission webrender,,77,ms,firefox,,1766397820,2023-09-27 17:17:24,501.5,72153d629a084254f7067b3eeb48181de01952f7,1307549,,,,,,,,,,,,,,,,,,,,,,,,,,,,,,,,,,,,,,,,,,,,,,,,,,,,,,,,,,,,,TN,TN
autoland,4060512,13,77a9707257b88d3b15060667769a2def98a71cff,windows10-64-shippable-qr,True,False,,|c|o|l|d| |f|i|s|s|i|o|n| |i|n|t|e|r|a|c|t|i|v|e| |w|e|b|r|e|n|d|e|r|,102210fe594ee9b33d82058545b1ed14f4c8206e,LastVisualChange,reddit-billgates-post-1.posts,True,reddit-billgates-post-1.posts LastVisualChange opt cold fission webrender,,77,ms,firefox,,1766397950,2023-09-27 17:17:24,515.4,72153d629a084254f7067b3eeb48181de01952f7,1307549,,,,,,,,,,,,,,,,,,,,,,,,,,,,,,,,,,,,,,,,,,,,,,,,,,,,,,,,,,,,,TN,TN
autoland,4060512,13,77a9707257b88d3b15060667769a2def98a71cff,windows10-64-shippable-qr,True,False,,|c|o|l|d| |f|i|s|s|i|o|n| |i|n|t|e|r|a|c|t|i|v|e| |w|e|b|r|e|n|d|e|r|,102210fe594ee9b33d82058545b1ed14f4c8206e,LastVisualChange,reddit-billgates-post-1.posts,True,reddit-billgates-post-1.posts LastVisualChange opt cold fission webrender,,77,ms,firefox,,1766397897,2023-09-27 17:17:24,543.9,72153d629a084254f7067b3eeb48181de01952f7,1307549,,,,,,,,,,,,,,,,,,,,,,,,,,,,,,,,,,,,,,,,,,,,,,,,,,,,,,,,,,,,,TN,TN
autoland,4060512,13,77a9707257b88d3b15060667769a2def98a71cff,windows10-64-shippable-qr,True,False,,|c|o|l|d| |f|i|s|s|i|o|n| |i|n|t|e|r|a|c|t|i|v|e| |w|e|b|r|e|n|d|e|r|,102210fe594ee9b33d82058545b1ed14f4c8206e,LastVisualChange,reddit-billgates-post-1.posts,True,reddit-billgates-post-1.posts LastVisualChange opt cold fission webrender,,77,ms,firefox,,1766397914,2023-09-27 17:17:24,498.4,72153d629a084254f7067b3eeb48181de01952f7,1307549,,,,,,,,,,,,,,,,,,,,,,,,,,,,,,,,,,,,,,,,,,,,,,,,,,,,,,,,,,,,,TN,TN
autoland,4060512,13,77a9707257b88d3b15060667769a2def98a71cff,windows10-64-shippable-qr,True,False,,|c|o|l|d| |f|i|s|s|i|o|n| |i|n|t|e|r|a|c|t|i|v|e| |w|e|b|r|e|n|d|e|r|,102210fe594ee9b33d82058545b1ed14f4c8206e,LastVisualChange,reddit-billgates-post-1.posts,True,reddit-billgates-post-1.posts LastVisualChange opt cold fission webrender,,77,ms,firefox,,1765065047,2023-09-27 17:18:13,537.8,dc441449616ec76547adebb86e8a67419b00ddf3,1307551,,,,,,,,,,,,,,,,,,,,,,,,,,,,,,,,,,,,,,,,,,,,,,,,,,,,,,,,,,,,,TN,TN
autoland,4060512,13,77a9707257b88d3b15060667769a2def98a71cff,windows10-64-shippable-qr,True,False,,|c|o|l|d| |f|i|s|s|i|o|n| |i|n|t|e|r|a|c|t|i|v|e| |w|e|b|r|e|n|d|e|r|,102210fe594ee9b33d82058545b1ed14f4c8206e,LastVisualChange,reddit-billgates-post-1.posts,True,reddit-billgates-post-1.posts LastVisualChange opt cold fission webrender,,77,ms,firefox,,1766398398,2023-09-27 17:18:13,532.4,dc441449616ec76547adebb86e8a67419b00ddf3,1307551,,,,,,,,,,,,,,,,,,,,,,,,,,,,,,,,,,,,,,,,,,,,,,,,,,,,,,,,,,,,,TN,TN
autoland,4060512,13,77a9707257b88d3b15060667769a2def98a71cff,windows10-64-shippable-qr,True,False,,|c|o|l|d| |f|i|s|s|i|o|n| |i|n|t|e|r|a|c|t|i|v|e| |w|e|b|r|e|n|d|e|r|,102210fe594ee9b33d82058545b1ed14f4c8206e,LastVisualChange,reddit-billgates-post-1.posts,True,reddit-billgates-post-1.posts LastVisualChange opt cold fission webrender,,77,ms,firefox,,1766398467,2023-09-27 17:18:13,535.9,dc441449616ec76547adebb86e8a67419b00ddf3,1307551,,,,,,,,,,,,,,,,,,,,,,,,,,,,,,,,,,,,,,,,,,,,,,,,,,,,,,,,,,,,,TN,TN
autoland,4060512,13,77a9707257b88d3b15060667769a2def98a71cff,windows10-64-shippable-qr,True,False,,|c|o|l|d| |f|i|s|s|i|o|n| |i|n|t|e|r|a|c|t|i|v|e| |w|e|b|r|e|n|d|e|r|,102210fe594ee9b33d82058545b1ed14f4c8206e,LastVisualChange,reddit-billgates-post-1.posts,True,reddit-billgates-post-1.posts LastVisualChange opt cold fission webrender,,77,ms,firefox,,1766398495,2023-09-27 17:18:13,535.8,dc441449616ec76547adebb86e8a67419b00ddf3,1307551,,,,,,,,,,,,,,,,,,,,,,,,,,,,,,,,,,,,,,,,,,,,,,,,,,,,,,,,,,,,,TN,TN
autoland,4060512,13,77a9707257b88d3b15060667769a2def98a71cff,windows10-64-shippable-qr,True,False,,|c|o|l|d| |f|i|s|s|i|o|n| |i|n|t|e|r|a|c|t|i|v|e| |w|e|b|r|e|n|d|e|r|,102210fe594ee9b33d82058545b1ed14f4c8206e,LastVisualChange,reddit-billgates-post-1.posts,True,reddit-billgates-post-1.posts LastVisualChange opt cold fission webrender,,77,ms,firefox,,1766398598,2023-09-27 17:18:13,550.4,dc441449616ec76547adebb86e8a67419b00ddf3,1307551,,,,,,,,,,,,,,,,,,,,,,,,,,,,,,,,,,,,,,,,,,,,,,,,,,,,,,,,,,,,,TN,TN
autoland,4060512,13,77a9707257b88d3b15060667769a2def98a71cff,windows10-64-shippable-qr,True,False,,|c|o|l|d| |f|i|s|s|i|o|n| |i|n|t|e|r|a|c|t|i|v|e| |w|e|b|r|e|n|d|e|r|,102210fe594ee9b33d82058545b1ed14f4c8206e,LastVisualChange,reddit-billgates-post-1.posts,True,reddit-billgates-post-1.posts LastVisualChange opt cold fission webrender,,77,ms,firefox,,1766398568,2023-09-27 17:18:13,514.5,dc441449616ec76547adebb86e8a67419b00ddf3,1307551,,,,,,,,,,,,,,,,,,,,,,,,,,,,,,,,,,,,,,,,,,,,,,,,,,,,,,,,,,,,,TN,TN
autoland,4060512,13,77a9707257b88d3b15060667769a2def98a71cff,windows10-64-shippable-qr,True,False,,|c|o|l|d| |f|i|s|s|i|o|n| |i|n|t|e|r|a|c|t|i|v|e| |w|e|b|r|e|n|d|e|r|,102210fe594ee9b33d82058545b1ed14f4c8206e,LastVisualChange,reddit-billgates-post-1.posts,True,reddit-billgates-post-1.posts LastVisualChange opt cold fission webrender,,77,ms,firefox,,1765049755,2023-09-27 17:24:25,558.3,919c7249897ba833343126d17f07a2f3403d756f,1307555,,,,,,,,,,,,,,,,,,,,,,,,,,,,,,,,,,,,,,,,,,,,,,,,,,,,,,,,,,,,,TN,TN
autoland,4060512,13,77a9707257b88d3b15060667769a2def98a71cff,windows10-64-shippable-qr,True,False,,|c|o|l|d| |f|i|s|s|i|o|n| |i|n|t|e|r|a|c|t|i|v|e| |w|e|b|r|e|n|d|e|r|,102210fe594ee9b33d82058545b1ed14f4c8206e,LastVisualChange,reddit-billgates-post-1.posts,True,reddit-billgates-post-1.posts LastVisualChange opt cold fission webrender,,77,ms,firefox,,1766397976,2023-09-27 17:24:25,532.1,919c7249897ba833343126d17f07a2f3403d756f,1307555,,,,,,,,,,,,,,,,,,,,,,,,,,,,,,,,,,,,,,,,,,,,,,,,,,,,,,,,,,,,,TN,TN
autoland,4060512,13,77a9707257b88d3b15060667769a2def98a71cff,windows10-64-shippable-qr,True,False,,|c|o|l|d| |f|i|s|s|i|o|n| |i|n|t|e|r|a|c|t|i|v|e| |w|e|b|r|e|n|d|e|r|,102210fe594ee9b33d82058545b1ed14f4c8206e,LastVisualChange,reddit-billgates-post-1.posts,True,reddit-billgates-post-1.posts LastVisualChange opt cold fission webrender,,77,ms,firefox,,1766398615,2023-09-27 17:24:25,550.6,919c7249897ba833343126d17f07a2f3403d756f,1307555,,,,,,,,,,,,,,,,,,,,,,,,,,,,,,,,,,,,,,,,,,,,,,,,,,,,,,,,,,,,,TN,TN
autoland,4060512,13,77a9707257b88d3b15060667769a2def98a71cff,windows10-64-shippable-qr,True,False,,|c|o|l|d| |f|i|s|s|i|o|n| |i|n|t|e|r|a|c|t|i|v|e| |w|e|b|r|e|n|d|e|r|,102210fe594ee9b33d82058545b1ed14f4c8206e,LastVisualChange,reddit-billgates-post-1.posts,True,reddit-billgates-post-1.posts LastVisualChange opt cold fission webrender,,77,ms,firefox,,1766398007,2023-09-27 17:24:25,535.5,919c7249897ba833343126d17f07a2f3403d756f,1307555,,,,,,,,,,,,,,,,,,,,,,,,,,,,,,,,,,,,,,,,,,,,,,,,,,,,,,,,,,,,,TN,TN
autoland,4060512,13,77a9707257b88d3b15060667769a2def98a71cff,windows10-64-shippable-qr,True,False,,|c|o|l|d| |f|i|s|s|i|o|n| |i|n|t|e|r|a|c|t|i|v|e| |w|e|b|r|e|n|d|e|r|,102210fe594ee9b33d82058545b1ed14f4c8206e,LastVisualChange,reddit-billgates-post-1.posts,True,reddit-billgates-post-1.posts LastVisualChange opt cold fission webrender,,77,ms,firefox,,1766398085,2023-09-27 17:24:25,549.0,919c7249897ba833343126d17f07a2f3403d756f,1307555,,,,,,,,,,,,,,,,,,,,,,,,,,,,,,,,,,,,,,,,,,,,,,,,,,,,,,,,,,,,,TN,TN
autoland,4060512,13,77a9707257b88d3b15060667769a2def98a71cff,windows10-64-shippable-qr,True,False,,|c|o|l|d| |f|i|s|s|i|o|n| |i|n|t|e|r|a|c|t|i|v|e| |w|e|b|r|e|n|d|e|r|,102210fe594ee9b33d82058545b1ed14f4c8206e,LastVisualChange,reddit-billgates-post-1.posts,True,reddit-billgates-post-1.posts LastVisualChange opt cold fission webrender,,77,ms,firefox,,1766398556,2023-09-27 17:24:25,538.8,919c7249897ba833343126d17f07a2f3403d756f,1307555,,,,,,,,,,,,,,,,,,,,,,,,,,,,,,,,,,,,,,,,,,,,,,,,,,,,,,,,,,,,,TN,TN
autoland,4060512,13,77a9707257b88d3b15060667769a2def98a71cff,windows10-64-shippable-qr,True,False,,|c|o|l|d| |f|i|s|s|i|o|n| |i|n|t|e|r|a|c|t|i|v|e| |w|e|b|r|e|n|d|e|r|,102210fe594ee9b33d82058545b1ed14f4c8206e,LastVisualChange,reddit-billgates-post-1.posts,True,reddit-billgates-post-1.posts LastVisualChange opt cold fission webrender,,77,ms,firefox,,1765062616,2023-09-27 17:32:57,504.6,d5ae466d47d599489a3cd3bbabc40f3d6023c3f2,1307562,,,,,,,,,,,,,,,,,,,,,,,,,,,,,,,,,,,,,,,,,,,,,,,,,,,,,,,,,,,,,TN,TN
autoland,4060512,13,77a9707257b88d3b15060667769a2def98a71cff,windows10-64-shippable-qr,True,False,,|c|o|l|d| |f|i|s|s|i|o|n| |i|n|t|e|r|a|c|t|i|v|e| |w|e|b|r|e|n|d|e|r|,102210fe594ee9b33d82058545b1ed14f4c8206e,LastVisualChange,reddit-billgates-post-1.posts,True,reddit-billgates-post-1.posts LastVisualChange opt cold fission webrender,,77,ms,firefox,,1766398883,2023-09-27 17:32:57,525.4,d5ae466d47d599489a3cd3bbabc40f3d6023c3f2,1307562,,,,,,,,,,,,,,,,,,,,,,,,,,,,,,,,,,,,,,,,,,,,,,,,,,,,,,,,,,,,,TN,TN
autoland,4060512,13,77a9707257b88d3b15060667769a2def98a71cff,windows10-64-shippable-qr,True,False,,|c|o|l|d| |f|i|s|s|i|o|n| |i|n|t|e|r|a|c|t|i|v|e| |w|e|b|r|e|n|d|e|r|,102210fe594ee9b33d82058545b1ed14f4c8206e,LastVisualChange,reddit-billgates-post-1.posts,True,reddit-billgates-post-1.posts LastVisualChange opt cold fission webrender,,77,ms,firefox,,1766398948,2023-09-27 17:32:57,521.6,d5ae466d47d599489a3cd3bbabc40f3d6023c3f2,1307562,,,,,,,,,,,,,,,,,,,,,,,,,,,,,,,,,,,,,,,,,,,,,,,,,,,,,,,,,,,,,TN,TN
autoland,4060512,13,77a9707257b88d3b15060667769a2def98a71cff,windows10-64-shippable-qr,True,False,,|c|o|l|d| |f|i|s|s|i|o|n| |i|n|t|e|r|a|c|t|i|v|e| |w|e|b|r|e|n|d|e|r|,102210fe594ee9b33d82058545b1ed14f4c8206e,LastVisualChange,reddit-billgates-post-1.posts,True,reddit-billgates-post-1.posts LastVisualChange opt cold fission webrender,,77,ms,firefox,,1766399010,2023-09-27 17:32:57,519.3,d5ae466d47d599489a3cd3bbabc40f3d6023c3f2,1307562,,,,,,,,,,,,,,,,,,,,,,,,,,,,,,,,,,,,,,,,,,,,,,,,,,,,,,,,,,,,,TN,TN
autoland,4060512,13,77a9707257b88d3b15060667769a2def98a71cff,windows10-64-shippable-qr,True,False,,|c|o|l|d| |f|i|s|s|i|o|n| |i|n|t|e|r|a|c|t|i|v|e| |w|e|b|r|e|n|d|e|r|,102210fe594ee9b33d82058545b1ed14f4c8206e,LastVisualChange,reddit-billgates-post-1.posts,True,reddit-billgates-post-1.posts LastVisualChange opt cold fission webrender,,77,ms,firefox,,1766398914,2023-09-27 17:32:57,517.1,d5ae466d47d599489a3cd3bbabc40f3d6023c3f2,1307562,,,,,,,,,,,,,,,,,,,,,,,,,,,,,,,,,,,,,,,,,,,,,,,,,,,,,,,,,,,,,TN,TN
autoland,4060512,13,77a9707257b88d3b15060667769a2def98a71cff,windows10-64-shippable-qr,True,False,,|c|o|l|d| |f|i|s|s|i|o|n| |i|n|t|e|r|a|c|t|i|v|e| |w|e|b|r|e|n|d|e|r|,102210fe594ee9b33d82058545b1ed14f4c8206e,LastVisualChange,reddit-billgates-post-1.posts,True,reddit-billgates-post-1.posts LastVisualChange opt cold fission webrender,,77,ms,firefox,,1766398979,2023-09-27 17:32:57,559.4,d5ae466d47d599489a3cd3bbabc40f3d6023c3f2,1307562,,,,,,,,,,,,,,,,,,,,,,,,,,,,,,,,,,,,,,,,,,,,,,,,,,,,,,,,,,,,,TN,TN
autoland,4060512,13,77a9707257b88d3b15060667769a2def98a71cff,windows10-64-shippable-qr,True,False,,|c|o|l|d| |f|i|s|s|i|o|n| |i|n|t|e|r|a|c|t|i|v|e| |w|e|b|r|e|n|d|e|r|,102210fe594ee9b33d82058545b1ed14f4c8206e,LastVisualChange,reddit-billgates-post-1.posts,True,reddit-billgates-post-1.posts LastVisualChange opt cold fission webrender,,77,ms,firefox,,1765077421,2023-09-27 17:37:30,552.4,cdf8b1e1c9239d6da30490925f9568a9d588fb01,1307569,,,,,,,,,,,,,,,,,,,,,,,,,,,,,,,,,,,,,,,,,,,,,,,,,,,,,,,,,,,,,TN,TN
autoland,4060512,13,77a9707257b88d3b15060667769a2def98a71cff,windows10-64-shippable-qr,True,False,,|c|o|l|d| |f|i|s|s|i|o|n| |i|n|t|e|r|a|c|t|i|v|e| |w|e|b|r|e|n|d|e|r|,102210fe594ee9b33d82058545b1ed14f4c8206e,LastVisualChange,reddit-billgates-post-1.posts,True,reddit-billgates-post-1.posts LastVisualChange opt cold fission webrender,,77,ms,firefox,,1766399151,2023-09-27 17:37:30,542.4,cdf8b1e1c9239d6da30490925f9568a9d588fb01,1307569,,,,,,,,,,,,,,,,,,,,,,,,,,,,,,,,,,,,,,,,,,,,,,,,,,,,,,,,,,,,,TN,TN
autoland,4060512,13,77a9707257b88d3b15060667769a2def98a71cff,windows10-64-shippable-qr,True,False,,|c|o|l|d| |f|i|s|s|i|o|n| |i|n|t|e|r|a|c|t|i|v|e| |w|e|b|r|e|n|d|e|r|,102210fe594ee9b33d82058545b1ed14f4c8206e,LastVisualChange,reddit-billgates-post-1.posts,True,reddit-billgates-post-1.posts LastVisualChange opt cold fission webrender,,77,ms,firefox,,1766399260,2023-09-27 17:37:30,540.8,cdf8b1e1c9239d6da30490925f9568a9d588fb01,1307569,,,,,,,,,,,,,,,,,,,,,,,,,,,,,,,,,,,,,,,,,,,,,,,,,,,,,,,,,,,,,TN,TN
autoland,4060512,13,77a9707257b88d3b15060667769a2def98a71cff,windows10-64-shippable-qr,True,False,,|c|o|l|d| |f|i|s|s|i|o|n| |i|n|t|e|r|a|c|t|i|v|e| |w|e|b|r|e|n|d|e|r|,102210fe594ee9b33d82058545b1ed14f4c8206e,LastVisualChange,reddit-billgates-post-1.posts,True,reddit-billgates-post-1.posts LastVisualChange opt cold fission webrender,,77,ms,firefox,,1766399404,2023-09-27 17:37:30,512.5,cdf8b1e1c9239d6da30490925f9568a9d588fb01,1307569,,,,,,,,,,,,,,,,,,,,,,,,,,,,,,,,,,,,,,,,,,,,,,,,,,,,,,,,,,,,,TN,TN
autoland,4060512,13,77a9707257b88d3b15060667769a2def98a71cff,windows10-64-shippable-qr,True,False,,|c|o|l|d| |f|i|s|s|i|o|n| |i|n|t|e|r|a|c|t|i|v|e| |w|e|b|r|e|n|d|e|r|,102210fe594ee9b33d82058545b1ed14f4c8206e,LastVisualChange,reddit-billgates-post-1.posts,True,reddit-billgates-post-1.posts LastVisualChange opt cold fission webrender,,77,ms,firefox,,1766399120,2023-09-27 17:37:30,518.9,cdf8b1e1c9239d6da30490925f9568a9d588fb01,1307569,,,,,,,,,,,,,,,,,,,,,,,,,,,,,,,,,,,,,,,,,,,,,,,,,,,,,,,,,,,,,TN,TN
autoland,4060512,13,77a9707257b88d3b15060667769a2def98a71cff,windows10-64-shippable-qr,True,False,,|c|o|l|d| |f|i|s|s|i|o|n| |i|n|t|e|r|a|c|t|i|v|e| |w|e|b|r|e|n|d|e|r|,102210fe594ee9b33d82058545b1ed14f4c8206e,LastVisualChange,reddit-billgates-post-1.posts,True,reddit-billgates-post-1.posts LastVisualChange opt cold fission webrender,,77,ms,firefox,,1766399188,2023-09-27 17:37:30,539.0,cdf8b1e1c9239d6da30490925f9568a9d588fb01,1307569,,,,,,,,,,,,,,,,,,,,,,,,,,,,,,,,,,,,,,,,,,,,,,,,,,,,,,,,,,,,,TN,TN
autoland,4060512,13,77a9707257b88d3b15060667769a2def98a71cff,windows10-64-shippable-qr,True,False,,|c|o|l|d| |f|i|s|s|i|o|n| |i|n|t|e|r|a|c|t|i|v|e| |w|e|b|r|e|n|d|e|r|,102210fe594ee9b33d82058545b1ed14f4c8206e,LastVisualChange,reddit-billgates-post-1.posts,True,reddit-billgates-post-1.posts LastVisualChange opt cold fission webrender,,77,ms,firefox,,1765064755,2023-09-27 17:44:19,514.8,49e126195a99ebec83382f8d4564443ed8b92305,1307572,,,,,,,,,,,,,,,,,,,,,,,,,,,,,,,,,,,,,,,,,,,,,,,,,,,,,,,,,,,,,TN,TN
autoland,4060512,13,77a9707257b88d3b15060667769a2def98a71cff,windows10-64-shippable-qr,True,False,,|c|o|l|d| |f|i|s|s|i|o|n| |i|n|t|e|r|a|c|t|i|v|e| |w|e|b|r|e|n|d|e|r|,102210fe594ee9b33d82058545b1ed14f4c8206e,LastVisualChange,reddit-billgates-post-1.posts,True,reddit-billgates-post-1.posts LastVisualChange opt cold fission webrender,,77,ms,firefox,,1766399296,2023-09-27 17:44:19,547.3,49e126195a99ebec83382f8d4564443ed8b92305,1307572,,,,,,,,,,,,,,,,,,,,,,,,,,,,,,,,,,,,,,,,,,,,,,,,,,,,,,,,,,,,,TN,TN
autoland,4060512,13,77a9707257b88d3b15060667769a2def98a71cff,windows10-64-shippable-qr,True,False,,|c|o|l|d| |f|i|s|s|i|o|n| |i|n|t|e|r|a|c|t|i|v|e| |w|e|b|r|e|n|d|e|r|,102210fe594ee9b33d82058545b1ed14f4c8206e,LastVisualChange,reddit-billgates-post-1.posts,True,reddit-billgates-post-1.posts LastVisualChange opt cold fission webrender,,77,ms,firefox,,1766399347,2023-09-27 17:44:19,521.4,49e126195a99ebec83382f8d4564443ed8b92305,1307572,,,,,,,,,,,,,,,,,,,,,,,,,,,,,,,,,,,,,,,,,,,,,,,,,,,,,,,,,,,,,TN,TN
autoland,4060512,13,77a9707257b88d3b15060667769a2def98a71cff,windows10-64-shippable-qr,True,False,,|c|o|l|d| |f|i|s|s|i|o|n| |i|n|t|e|r|a|c|t|i|v|e| |w|e|b|r|e|n|d|e|r|,102210fe594ee9b33d82058545b1ed14f4c8206e,LastVisualChange,reddit-billgates-post-1.posts,True,reddit-billgates-post-1.posts LastVisualChange opt cold fission webrender,,77,ms,firefox,,1766399472,2023-09-27 17:44:19,508.8,49e126195a99ebec83382f8d4564443ed8b92305,1307572,,,,,,,,,,,,,,,,,,,,,,,,,,,,,,,,,,,,,,,,,,,,,,,,,,,,,,,,,,,,,TN,TN
autoland,4060512,13,77a9707257b88d3b15060667769a2def98a71cff,windows10-64-shippable-qr,True,False,,|c|o|l|d| |f|i|s|s|i|o|n| |i|n|t|e|r|a|c|t|i|v|e| |w|e|b|r|e|n|d|e|r|,102210fe594ee9b33d82058545b1ed14f4c8206e,LastVisualChange,reddit-billgates-post-1.posts,True,reddit-billgates-post-1.posts LastVisualChange opt cold fission webrender,,77,ms,firefox,,1766399219,2023-09-27 17:44:19,531.3,49e126195a99ebec83382f8d4564443ed8b92305,1307572,,,,,,,,,,,,,,,,,,,,,,,,,,,,,,,,,,,,,,,,,,,,,,,,,,,,,,,,,,,,,TN,TN
autoland,4060512,13,77a9707257b88d3b15060667769a2def98a71cff,windows10-64-shippable-qr,True,False,,|c|o|l|d| |f|i|s|s|i|o|n| |i|n|t|e|r|a|c|t|i|v|e| |w|e|b|r|e|n|d|e|r|,102210fe594ee9b33d82058545b1ed14f4c8206e,LastVisualChange,reddit-billgates-post-1.posts,True,reddit-billgates-post-1.posts LastVisualChange opt cold fission webrender,,77,ms,firefox,,1766399316,2023-09-27 17:44:19,531.8,49e126195a99ebec83382f8d4564443ed8b92305,1307572,,,,,,,,,,,,,,,,,,,,,,,,,,,,,,,,,,,,,,,,,,,,,,,,,,,,,,,,,,,,,TN,TN
autoland,4060512,13,77a9707257b88d3b15060667769a2def98a71cff,windows10-64-shippable-qr,True,False,,|c|o|l|d| |f|i|s|s|i|o|n| |i|n|t|e|r|a|c|t|i|v|e| |w|e|b|r|e|n|d|e|r|,102210fe594ee9b33d82058545b1ed14f4c8206e,LastVisualChange,reddit-billgates-post-1.posts,True,reddit-billgates-post-1.posts LastVisualChange opt cold fission webrender,,77,ms,firefox,,1763299921,2023-09-27 17:53:51,504.3,7768cf51f090145a9009fb37298f3c1da7d60a2f,1307581,,,,,,,,,,,,,,,,,,,,,,,,,,,,,,,,,,,,,,,,,,,,,,,,,,,,,,,,,,,,,TN,TN
autoland,4060512,13,77a9707257b88d3b15060667769a2def98a71cff,windows10-64-shippable-qr,True,False,,|c|o|l|d| |f|i|s|s|i|o|n| |i|n|t|e|r|a|c|t|i|v|e| |w|e|b|r|e|n|d|e|r|,102210fe594ee9b33d82058545b1ed14f4c8206e,LastVisualChange,reddit-billgates-post-1.posts,True,reddit-billgates-post-1.posts LastVisualChange opt cold fission webrender,,77,ms,firefox,,1765906345,2023-09-27 17:53:51,521.7,7768cf51f090145a9009fb37298f3c1da7d60a2f,1307581,,,,,,,,,,,,,,,,,,,,,,,,,,,,,,,,,,,,,,,,,,,,,,,,,,,,,,,,,,,,,TN,TN
autoland,4060512,13,77a9707257b88d3b15060667769a2def98a71cff,windows10-64-shippable-qr,True,False,,|c|o|l|d| |f|i|s|s|i|o|n| |i|n|t|e|r|a|c|t|i|v|e| |w|e|b|r|e|n|d|e|r|,102210fe594ee9b33d82058545b1ed14f4c8206e,LastVisualChange,reddit-billgates-post-1.posts,True,reddit-billgates-post-1.posts LastVisualChange opt cold fission webrender,,77,ms,firefox,,1765906693,2023-09-27 17:53:51,517.8,7768cf51f090145a9009fb37298f3c1da7d60a2f,1307581,,,,,,,,,,,,,,,,,,,,,,,,,,,,,,,,,,,,,,,,,,,,,,,,,,,,,,,,,,,,,TN,TN
autoland,4060512,13,77a9707257b88d3b15060667769a2def98a71cff,windows10-64-shippable-qr,True,False,,|c|o|l|d| |f|i|s|s|i|o|n| |i|n|t|e|r|a|c|t|i|v|e| |w|e|b|r|e|n|d|e|r|,102210fe594ee9b33d82058545b1ed14f4c8206e,LastVisualChange,reddit-billgates-post-1.posts,True,reddit-billgates-post-1.posts LastVisualChange opt cold fission webrender,,77,ms,firefox,,1765906570,2023-09-27 17:53:51,518.8,7768cf51f090145a9009fb37298f3c1da7d60a2f,1307581,,,,,,,,,,,,,,,,,,,,,,,,,,,,,,,,,,,,,,,,,,,,,,,,,,,,,,,,,,,,,TN,TN
autoland,4060512,13,77a9707257b88d3b15060667769a2def98a71cff,windows10-64-shippable-qr,True,False,,|c|o|l|d| |f|i|s|s|i|o|n| |i|n|t|e|r|a|c|t|i|v|e| |w|e|b|r|e|n|d|e|r|,102210fe594ee9b33d82058545b1ed14f4c8206e,LastVisualChange,reddit-billgates-post-1.posts,True,reddit-billgates-post-1.posts LastVisualChange opt cold fission webrender,,77,ms,firefox,,1765906810,2023-09-27 17:53:51,517.5,7768cf51f090145a9009fb37298f3c1da7d60a2f,1307581,,,,,,,,,,,,,,,,,,,,,,,,,,,,,,,,,,,,,,,,,,,,,,,,,,,,,,,,,,,,,TN,TN
autoland,4060512,13,77a9707257b88d3b15060667769a2def98a71cff,windows10-64-shippable-qr,True,False,,|c|o|l|d| |f|i|s|s|i|o|n| |i|n|t|e|r|a|c|t|i|v|e| |w|e|b|r|e|n|d|e|r|,102210fe594ee9b33d82058545b1ed14f4c8206e,LastVisualChange,reddit-billgates-post-1.posts,True,reddit-billgates-post-1.posts LastVisualChange opt cold fission webrender,,77,ms,firefox,,1765906908,2023-09-27 17:53:51,519.0,7768cf51f090145a9009fb37298f3c1da7d60a2f,1307581,,,,,,,,,,,,,,,,,,,,,,,,,,,,,,,,,,,,,,,,,,,,,,,,,,,,,,,,,,,,,TN,TN
autoland,4060512,13,77a9707257b88d3b15060667769a2def98a71cff,windows10-64-shippable-qr,True,False,,|c|o|l|d| |f|i|s|s|i|o|n| |i|n|t|e|r|a|c|t|i|v|e| |w|e|b|r|e|n|d|e|r|,102210fe594ee9b33d82058545b1ed14f4c8206e,LastVisualChange,reddit-billgates-post-1.posts,True,reddit-billgates-post-1.posts LastVisualChange opt cold fission webrender,,77,ms,firefox,,1765988368,2023-09-27 17:55:51,518.3,76d0d84f1a42740305699b6bdaec779d79fff804,1307582,,,,,,,,,,,,,,,,,,,,,,,,,,,,,,,,,,,,,,,,,,,,,,,,,,,,,,,,,,,,,TN,TN
autoland,4060512,13,77a9707257b88d3b15060667769a2def98a71cff,windows10-64-shippable-qr,True,False,,|c|o|l|d| |f|i|s|s|i|o|n| |i|n|t|e|r|a|c|t|i|v|e| |w|e|b|r|e|n|d|e|r|,102210fe594ee9b33d82058545b1ed14f4c8206e,LastVisualChange,reddit-billgates-post-1.posts,True,reddit-billgates-post-1.posts LastVisualChange opt cold fission webrender,,77,ms,firefox,,1765988513,2023-09-27 17:55:51,522.2,76d0d84f1a42740305699b6bdaec779d79fff804,1307582,,,,,,,,,,,,,,,,,,,,,,,,,,,,,,,,,,,,,,,,,,,,,,,,,,,,,,,,,,,,,TN,TN
autoland,4060512,13,77a9707257b88d3b15060667769a2def98a71cff,windows10-64-shippable-qr,True,False,,|c|o|l|d| |f|i|s|s|i|o|n| |i|n|t|e|r|a|c|t|i|v|e| |w|e|b|r|e|n|d|e|r|,102210fe594ee9b33d82058545b1ed14f4c8206e,LastVisualChange,reddit-billgates-post-1.posts,True,reddit-billgates-post-1.posts LastVisualChange opt cold fission webrender,,77,ms,firefox,,1765987888,2023-09-27 17:55:51,518.7,76d0d84f1a42740305699b6bdaec779d79fff804,1307582,,,,,,,,,,,,,,,,,,,,,,,,,,,,,,,,,,,,,,,,,,,,,,,,,,,,,,,,,,,,,TN,TN
autoland,4060512,13,77a9707257b88d3b15060667769a2def98a71cff,windows10-64-shippable-qr,True,False,,|c|o|l|d| |f|i|s|s|i|o|n| |i|n|t|e|r|a|c|t|i|v|e| |w|e|b|r|e|n|d|e|r|,102210fe594ee9b33d82058545b1ed14f4c8206e,LastVisualChange,reddit-billgates-post-1.posts,True,reddit-billgates-post-1.posts LastVisualChange opt cold fission webrender,,77,ms,firefox,,1765988482,2023-09-27 17:55:51,525.6,76d0d84f1a42740305699b6bdaec779d79fff804,1307582,,,,,,,,,,,,,,,,,,,,,,,,,,,,,,,,,,,,,,,,,,,,,,,,,,,,,,,,,,,,,TN,TN
autoland,4060512,13,77a9707257b88d3b15060667769a2def98a71cff,windows10-64-shippable-qr,True,False,,|c|o|l|d| |f|i|s|s|i|o|n| |i|n|t|e|r|a|c|t|i|v|e| |w|e|b|r|e|n|d|e|r|,102210fe594ee9b33d82058545b1ed14f4c8206e,LastVisualChange,reddit-billgates-post-1.posts,True,reddit-billgates-post-1.posts LastVisualChange opt cold fission webrender,,77,ms,firefox,,1765988449,2023-09-27 17:55:51,515.6,76d0d84f1a42740305699b6bdaec779d79fff804,1307582,,,,,,,,,,,,,,,,,,,,,,,,,,,,,,,,,,,,,,,,,,,,,,,,,,,,,,,,,,,,,TN,TN
autoland,4060512,13,77a9707257b88d3b15060667769a2def98a71cff,windows10-64-shippable-qr,True,False,,|c|o|l|d| |f|i|s|s|i|o|n| |i|n|t|e|r|a|c|t|i|v|e| |w|e|b|r|e|n|d|e|r|,102210fe594ee9b33d82058545b1ed14f4c8206e,LastVisualChange,reddit-billgates-post-1.posts,True,reddit-billgates-post-1.posts LastVisualChange opt cold fission webrender,,77,ms,firefox,,1765989789,2023-09-27 18:04:59,502.8,6d8f3e4819cf2f5771049dd462147c20f4ac089a,1307588,,,,,,,,,,,,,,,,,,,,,,,,,,,,,,,,,,,,,,,,,,,,,,,,,,,,,,,,,,,,,TN,TN
autoland,4060512,13,77a9707257b88d3b15060667769a2def98a71cff,windows10-64-shippable-qr,True,False,,|c|o|l|d| |f|i|s|s|i|o|n| |i|n|t|e|r|a|c|t|i|v|e| |w|e|b|r|e|n|d|e|r|,102210fe594ee9b33d82058545b1ed14f4c8206e,LastVisualChange,reddit-billgates-post-1.posts,True,reddit-billgates-post-1.posts LastVisualChange opt cold fission webrender,,77,ms,firefox,,1765989798,2023-09-27 18:04:59,529.2,6d8f3e4819cf2f5771049dd462147c20f4ac089a,1307588,,,,,,,,,,,,,,,,,,,,,,,,,,,,,,,,,,,,,,,,,,,,,,,,,,,,,,,,,,,,,TN,TN
autoland,4060512,13,77a9707257b88d3b15060667769a2def98a71cff,windows10-64-shippable-qr,True,False,,|c|o|l|d| |f|i|s|s|i|o|n| |i|n|t|e|r|a|c|t|i|v|e| |w|e|b|r|e|n|d|e|r|,102210fe594ee9b33d82058545b1ed14f4c8206e,LastVisualChange,reddit-billgates-post-1.posts,True,reddit-billgates-post-1.posts LastVisualChange opt cold fission webrender,,77,ms,firefox,,1765989981,2023-09-27 18:04:59,504.5,6d8f3e4819cf2f5771049dd462147c20f4ac089a,1307588,,,,,,,,,,,,,,,,,,,,,,,,,,,,,,,,,,,,,,,,,,,,,,,,,,,,,,,,,,,,,TN,TN
autoland,4060512,13,77a9707257b88d3b15060667769a2def98a71cff,windows10-64-shippable-qr,True,False,,|c|o|l|d| |f|i|s|s|i|o|n| |i|n|t|e|r|a|c|t|i|v|e| |w|e|b|r|e|n|d|e|r|,102210fe594ee9b33d82058545b1ed14f4c8206e,LastVisualChange,reddit-billgates-post-1.posts,True,reddit-billgates-post-1.posts LastVisualChange opt cold fission webrender,,77,ms,firefox,,1765990149,2023-09-27 18:04:59,524.7,6d8f3e4819cf2f5771049dd462147c20f4ac089a,1307588,,,,,,,,,,,,,,,,,,,,,,,,,,,,,,,,,,,,,,,,,,,,,,,,,,,,,,,,,,,,,TN,TN
autoland,4060512,13,77a9707257b88d3b15060667769a2def98a71cff,windows10-64-shippable-qr,True,False,,|c|o|l|d| |f|i|s|s|i|o|n| |i|n|t|e|r|a|c|t|i|v|e| |w|e|b|r|e|n|d|e|r|,102210fe594ee9b33d82058545b1ed14f4c8206e,LastVisualChange,reddit-billgates-post-1.posts,True,reddit-billgates-post-1.posts LastVisualChange opt cold fission webrender,,77,ms,firefox,,1765990318,2023-09-27 18:04:59,511.5,6d8f3e4819cf2f5771049dd462147c20f4ac089a,1307588,,,,,,,,,,,,,,,,,,,,,,,,,,,,,,,,,,,,,,,,,,,,,,,,,,,,,,,,,,,,,TN,TN
autoland,4060512,13,77a9707257b88d3b15060667769a2def98a71cff,windows10-64-shippable-qr,True,False,,|c|o|l|d| |f|i|s|s|i|o|n| |i|n|t|e|r|a|c|t|i|v|e| |w|e|b|r|e|n|d|e|r|,102210fe594ee9b33d82058545b1ed14f4c8206e,LastVisualChange,reddit-billgates-post-1.posts,True,reddit-billgates-post-1.posts LastVisualChange opt cold fission webrender,,77,ms,firefox,,1765986829,2023-09-27 18:07:15,512.0,d33f18ce6efcbaa5b1b557bacc5ad0dc26b11ded,1307590,,,,,,,,,,,,,,,,,,,,,,,,,,,,,,,,,,,,,,,,,,,,,,,,,,,,,,,,,,,,,TN,TN
autoland,4060512,13,77a9707257b88d3b15060667769a2def98a71cff,windows10-64-shippable-qr,True,False,,|c|o|l|d| |f|i|s|s|i|o|n| |i|n|t|e|r|a|c|t|i|v|e| |w|e|b|r|e|n|d|e|r|,102210fe594ee9b33d82058545b1ed14f4c8206e,LastVisualChange,reddit-billgates-post-1.posts,True,reddit-billgates-post-1.posts LastVisualChange opt cold fission webrender,,77,ms,firefox,,1765986884,2023-09-27 18:07:15,515.5,d33f18ce6efcbaa5b1b557bacc5ad0dc26b11ded,1307590,,,,,,,,,,,,,,,,,,,,,,,,,,,,,,,,,,,,,,,,,,,,,,,,,,,,,,,,,,,,,TN,TN
autoland,4060512,13,77a9707257b88d3b15060667769a2def98a71cff,windows10-64-shippable-qr,True,False,,|c|o|l|d| |f|i|s|s|i|o|n| |i|n|t|e|r|a|c|t|i|v|e| |w|e|b|r|e|n|d|e|r|,102210fe594ee9b33d82058545b1ed14f4c8206e,LastVisualChange,reddit-billgates-post-1.posts,True,reddit-billgates-post-1.posts LastVisualChange opt cold fission webrender,,77,ms,firefox,,1765987008,2023-09-27 18:07:15,511.5,d33f18ce6efcbaa5b1b557bacc5ad0dc26b11ded,1307590,,,,,,,,,,,,,,,,,,,,,,,,,,,,,,,,,,,,,,,,,,,,,,,,,,,,,,,,,,,,,TN,TN
autoland,4060512,13,77a9707257b88d3b15060667769a2def98a71cff,windows10-64-shippable-qr,True,False,,|c|o|l|d| |f|i|s|s|i|o|n| |i|n|t|e|r|a|c|t|i|v|e| |w|e|b|r|e|n|d|e|r|,102210fe594ee9b33d82058545b1ed14f4c8206e,LastVisualChange,reddit-billgates-post-1.posts,True,reddit-billgates-post-1.posts LastVisualChange opt cold fission webrender,,77,ms,firefox,,1765986915,2023-09-27 18:07:15,512.0,d33f18ce6efcbaa5b1b557bacc5ad0dc26b11ded,1307590,,,,,,,,,,,,,,,,,,,,,,,,,,,,,,,,,,,,,,,,,,,,,,,,,,,,,,,,,,,,,TN,TN
autoland,4060512,13,77a9707257b88d3b15060667769a2def98a71cff,windows10-64-shippable-qr,True,False,,|c|o|l|d| |f|i|s|s|i|o|n| |i|n|t|e|r|a|c|t|i|v|e| |w|e|b|r|e|n|d|e|r|,102210fe594ee9b33d82058545b1ed14f4c8206e,LastVisualChange,reddit-billgates-post-1.posts,True,reddit-billgates-post-1.posts LastVisualChange opt cold fission webrender,,77,ms,firefox,,1765986662,2023-09-27 18:07:15,519.3,d33f18ce6efcbaa5b1b557bacc5ad0dc26b11ded,1307590,,,,,,,,,,,,,,,,,,,,,,,,,,,,,,,,,,,,,,,,,,,,,,,,,,,,,,,,,,,,,TN,TN
autoland,4060512,13,77a9707257b88d3b15060667769a2def98a71cff,windows10-64-shippable-qr,True,False,,|c|o|l|d| |f|i|s|s|i|o|n| |i|n|t|e|r|a|c|t|i|v|e| |w|e|b|r|e|n|d|e|r|,102210fe594ee9b33d82058545b1ed14f4c8206e,LastVisualChange,reddit-billgates-post-1.posts,True,reddit-billgates-post-1.posts LastVisualChange opt cold fission webrender,,77,ms,firefox,,1766019380,2023-09-27 18:11:44,528.4,d7f6b9d3bfe7530a87a3d17338677aa67a812fc1,1307593,,,,,,,,,,,,,,,,,,,,,,,,,,,,,,,,,,,,,,,,,,,,,,,,,,,,,,,,,,,,,TN,TN
autoland,4060512,13,77a9707257b88d3b15060667769a2def98a71cff,windows10-64-shippable-qr,True,False,,|c|o|l|d| |f|i|s|s|i|o|n| |i|n|t|e|r|a|c|t|i|v|e| |w|e|b|r|e|n|d|e|r|,102210fe594ee9b33d82058545b1ed14f4c8206e,LastVisualChange,reddit-billgates-post-1.posts,True,reddit-billgates-post-1.posts LastVisualChange opt cold fission webrender,,77,ms,firefox,,1766017693,2023-09-27 18:11:44,531.7,d7f6b9d3bfe7530a87a3d17338677aa67a812fc1,1307593,,,,,,,,,,,,,,,,,,,,,,,,,,,,,,,,,,,,,,,,,,,,,,,,,,,,,,,,,,,,,TN,TN
autoland,4060512,13,77a9707257b88d3b15060667769a2def98a71cff,windows10-64-shippable-qr,True,False,,|c|o|l|d| |f|i|s|s|i|o|n| |i|n|t|e|r|a|c|t|i|v|e| |w|e|b|r|e|n|d|e|r|,102210fe594ee9b33d82058545b1ed14f4c8206e,LastVisualChange,reddit-billgates-post-1.posts,True,reddit-billgates-post-1.posts LastVisualChange opt cold fission webrender,,77,ms,firefox,,1766020320,2023-09-27 18:11:44,534.3,d7f6b9d3bfe7530a87a3d17338677aa67a812fc1,1307593,,,,,,,,,,,,,,,,,,,,,,,,,,,,,,,,,,,,,,,,,,,,,,,,,,,,,,,,,,,,,TN,TN
autoland,4060512,13,77a9707257b88d3b15060667769a2def98a71cff,windows10-64-shippable-qr,True,False,,|c|o|l|d| |f|i|s|s|i|o|n| |i|n|t|e|r|a|c|t|i|v|e| |w|e|b|r|e|n|d|e|r|,102210fe594ee9b33d82058545b1ed14f4c8206e,LastVisualChange,reddit-billgates-post-1.posts,True,reddit-billgates-post-1.posts LastVisualChange opt cold fission webrender,,77,ms,firefox,,1766020770,2023-09-27 18:11:44,528.7,d7f6b9d3bfe7530a87a3d17338677aa67a812fc1,1307593,,,,,,,,,,,,,,,,,,,,,,,,,,,,,,,,,,,,,,,,,,,,,,,,,,,,,,,,,,,,,TN,TN
autoland,4060512,13,77a9707257b88d3b15060667769a2def98a71cff,windows10-64-shippable-qr,True,False,,|c|o|l|d| |f|i|s|s|i|o|n| |i|n|t|e|r|a|c|t|i|v|e| |w|e|b|r|e|n|d|e|r|,102210fe594ee9b33d82058545b1ed14f4c8206e,LastVisualChange,reddit-billgates-post-1.posts,True,reddit-billgates-post-1.posts LastVisualChange opt cold fission webrender,,77,ms,firefox,,1766020585,2023-09-27 18:11:44,529.1,d7f6b9d3bfe7530a87a3d17338677aa67a812fc1,1307593,,,,,,,,,,,,,,,,,,,,,,,,,,,,,,,,,,,,,,,,,,,,,,,,,,,,,,,,,,,,,TN,TN
autoland,4060512,13,77a9707257b88d3b15060667769a2def98a71cff,windows10-64-shippable-qr,True,False,,|c|o|l|d| |f|i|s|s|i|o|n| |i|n|t|e|r|a|c|t|i|v|e| |w|e|b|r|e|n|d|e|r|,102210fe594ee9b33d82058545b1ed14f4c8206e,LastVisualChange,reddit-billgates-post-1.posts,True,reddit-billgates-post-1.posts LastVisualChange opt cold fission webrender,,77,ms,firefox,,1765987197,2023-09-27 18:22:08,508.5,b8981c31d4b9f3b2ae88588f41997f07c521e3f1,1307604,,,,,,,,,,,,,,,,,,,,,,,,,,,,,,,,,,,,,,,,,,,,,,,,,,,,,,,,,,,,,TN,TN
autoland,4060512,13,77a9707257b88d3b15060667769a2def98a71cff,windows10-64-shippable-qr,True,False,,|c|o|l|d| |f|i|s|s|i|o|n| |i|n|t|e|r|a|c|t|i|v|e| |w|e|b|r|e|n|d|e|r|,102210fe594ee9b33d82058545b1ed14f4c8206e,LastVisualChange,reddit-billgates-post-1.posts,True,reddit-billgates-post-1.posts LastVisualChange opt cold fission webrender,,77,ms,firefox,,1765987274,2023-09-27 18:22:08,524.9,b8981c31d4b9f3b2ae88588f41997f07c521e3f1,1307604,,,,,,,,,,,,,,,,,,,,,,,,,,,,,,,,,,,,,,,,,,,,,,,,,,,,,,,,,,,,,TN,TN
autoland,4060512,13,77a9707257b88d3b15060667769a2def98a71cff,windows10-64-shippable-qr,True,False,,|c|o|l|d| |f|i|s|s|i|o|n| |i|n|t|e|r|a|c|t|i|v|e| |w|e|b|r|e|n|d|e|r|,102210fe594ee9b33d82058545b1ed14f4c8206e,LastVisualChange,reddit-billgates-post-1.posts,True,reddit-billgates-post-1.posts LastVisualChange opt cold fission webrender,,77,ms,firefox,,1765987313,2023-09-27 18:22:08,501.8,b8981c31d4b9f3b2ae88588f41997f07c521e3f1,1307604,,,,,,,,,,,,,,,,,,,,,,,,,,,,,,,,,,,,,,,,,,,,,,,,,,,,,,,,,,,,,TN,TN
autoland,4060512,13,77a9707257b88d3b15060667769a2def98a71cff,windows10-64-shippable-qr,True,False,,|c|o|l|d| |f|i|s|s|i|o|n| |i|n|t|e|r|a|c|t|i|v|e| |w|e|b|r|e|n|d|e|r|,102210fe594ee9b33d82058545b1ed14f4c8206e,LastVisualChange,reddit-billgates-post-1.posts,True,reddit-billgates-post-1.posts LastVisualChange opt cold fission webrender,,77,ms,firefox,,1765987713,2023-09-27 18:22:08,512.1,b8981c31d4b9f3b2ae88588f41997f07c521e3f1,1307604,,,,,,,,,,,,,,,,,,,,,,,,,,,,,,,,,,,,,,,,,,,,,,,,,,,,,,,,,,,,,TN,TN
autoland,4060512,13,77a9707257b88d3b15060667769a2def98a71cff,windows10-64-shippable-qr,True,False,,|c|o|l|d| |f|i|s|s|i|o|n| |i|n|t|e|r|a|c|t|i|v|e| |w|e|b|r|e|n|d|e|r|,102210fe594ee9b33d82058545b1ed14f4c8206e,LastVisualChange,reddit-billgates-post-1.posts,True,reddit-billgates-post-1.posts LastVisualChange opt cold fission webrender,,77,ms,firefox,,1765987775,2023-09-27 18:22:08,495.7,b8981c31d4b9f3b2ae88588f41997f07c521e3f1,1307604,,,,,,,,,,,,,,,,,,,,,,,,,,,,,,,,,,,,,,,,,,,,,,,,,,,,,,,,,,,,,TN,TN
autoland,4060512,13,77a9707257b88d3b15060667769a2def98a71cff,windows10-64-shippable-qr,True,False,,|c|o|l|d| |f|i|s|s|i|o|n| |i|n|t|e|r|a|c|t|i|v|e| |w|e|b|r|e|n|d|e|r|,102210fe594ee9b33d82058545b1ed14f4c8206e,LastVisualChange,reddit-billgates-post-1.posts,True,reddit-billgates-post-1.posts LastVisualChange opt cold fission webrender,,77,ms,firefox,,1765989207,2023-09-27 18:41:16,504.4,83339fe94a75bf500dfeee67344a9abac151fcdf,1307619,,,,,,,,,,,,,,,,,,,,,,,,,,,,,,,,,,,,,,,,,,,,,,,,,,,,,,,,,,,,,TN,TN
autoland,4060512,13,77a9707257b88d3b15060667769a2def98a71cff,windows10-64-shippable-qr,True,False,,|c|o|l|d| |f|i|s|s|i|o|n| |i|n|t|e|r|a|c|t|i|v|e| |w|e|b|r|e|n|d|e|r|,102210fe594ee9b33d82058545b1ed14f4c8206e,LastVisualChange,reddit-billgates-post-1.posts,True,reddit-billgates-post-1.posts LastVisualChange opt cold fission webrender,,77,ms,firefox,,1765989239,2023-09-27 18:41:16,521.3,83339fe94a75bf500dfeee67344a9abac151fcdf,1307619,,,,,,,,,,,,,,,,,,,,,,,,,,,,,,,,,,,,,,,,,,,,,,,,,,,,,,,,,,,,,TN,TN
autoland,4060512,13,77a9707257b88d3b15060667769a2def98a71cff,windows10-64-shippable-qr,True,False,,|c|o|l|d| |f|i|s|s|i|o|n| |i|n|t|e|r|a|c|t|i|v|e| |w|e|b|r|e|n|d|e|r|,102210fe594ee9b33d82058545b1ed14f4c8206e,LastVisualChange,reddit-billgates-post-1.posts,True,reddit-billgates-post-1.posts LastVisualChange opt cold fission webrender,,77,ms,firefox,,1765989270,2023-09-27 18:41:16,512.6,83339fe94a75bf500dfeee67344a9abac151fcdf,1307619,,,,,,,,,,,,,,,,,,,,,,,,,,,,,,,,,,,,,,,,,,,,,,,,,,,,,,,,,,,,,TN,TN
autoland,4060512,13,77a9707257b88d3b15060667769a2def98a71cff,windows10-64-shippable-qr,True,False,,|c|o|l|d| |f|i|s|s|i|o|n| |i|n|t|e|r|a|c|t|i|v|e| |w|e|b|r|e|n|d|e|r|,102210fe594ee9b33d82058545b1ed14f4c8206e,LastVisualChange,reddit-billgates-post-1.posts,True,reddit-billgates-post-1.posts LastVisualChange opt cold fission webrender,,77,ms,firefox,,1765989353,2023-09-27 18:41:16,524.8,83339fe94a75bf500dfeee67344a9abac151fcdf,1307619,,,,,,,,,,,,,,,,,,,,,,,,,,,,,,,,,,,,,,,,,,,,,,,,,,,,,,,,,,,,,TN,TN
autoland,4060512,13,77a9707257b88d3b15060667769a2def98a71cff,windows10-64-shippable-qr,True,False,,|c|o|l|d| |f|i|s|s|i|o|n| |i|n|t|e|r|a|c|t|i|v|e| |w|e|b|r|e|n|d|e|r|,102210fe594ee9b33d82058545b1ed14f4c8206e,LastVisualChange,reddit-billgates-post-1.posts,True,reddit-billgates-post-1.posts LastVisualChange opt cold fission webrender,,77,ms,firefox,,1765989416,2023-09-27 18:41:16,534.9,83339fe94a75bf500dfeee67344a9abac151fcdf,1307619,,,,,,,,,,,,,,,,,,,,,,,,,,,,,,,,,,,,,,,,,,,,,,,,,,,,,,,,,,,,,TN,TN
autoland,4060512,13,77a9707257b88d3b15060667769a2def98a71cff,windows10-64-shippable-qr,True,False,,|c|o|l|d| |f|i|s|s|i|o|n| |i|n|t|e|r|a|c|t|i|v|e| |w|e|b|r|e|n|d|e|r|,102210fe594ee9b33d82058545b1ed14f4c8206e,LastVisualChange,reddit-billgates-post-1.posts,True,reddit-billgates-post-1.posts LastVisualChange opt cold fission webrender,,77,ms,firefox,,1765990613,2023-09-27 18:50:45,525.5,cf5fe9331b89d50e427173ddc49b799601b644df,1307627,,,,,,,,,,,,,,,,,,,,,,,,,,,,,,,,,,,,,,,,,,,,,,,,,,,,,,,,,,,,,TN,TN
autoland,4060512,13,77a9707257b88d3b15060667769a2def98a71cff,windows10-64-shippable-qr,True,False,,|c|o|l|d| |f|i|s|s|i|o|n| |i|n|t|e|r|a|c|t|i|v|e| |w|e|b|r|e|n|d|e|r|,102210fe594ee9b33d82058545b1ed14f4c8206e,LastVisualChange,reddit-billgates-post-1.posts,True,reddit-billgates-post-1.posts LastVisualChange opt cold fission webrender,,77,ms,firefox,,1765990520,2023-09-27 18:50:45,498.9,cf5fe9331b89d50e427173ddc49b799601b644df,1307627,,,,,,,,,,,,,,,,,,,,,,,,,,,,,,,,,,,,,,,,,,,,,,,,,,,,,,,,,,,,,TN,TN
autoland,4060512,13,77a9707257b88d3b15060667769a2def98a71cff,windows10-64-shippable-qr,True,False,,|c|o|l|d| |f|i|s|s|i|o|n| |i|n|t|e|r|a|c|t|i|v|e| |w|e|b|r|e|n|d|e|r|,102210fe594ee9b33d82058545b1ed14f4c8206e,LastVisualChange,reddit-billgates-post-1.posts,True,reddit-billgates-post-1.posts LastVisualChange opt cold fission webrender,,77,ms,firefox,,1765990536,2023-09-27 18:50:45,521.7,cf5fe9331b89d50e427173ddc49b799601b644df,1307627,,,,,,,,,,,,,,,,,,,,,,,,,,,,,,,,,,,,,,,,,,,,,,,,,,,,,,,,,,,,,TN,TN
autoland,4060512,13,77a9707257b88d3b15060667769a2def98a71cff,windows10-64-shippable-qr,True,False,,|c|o|l|d| |f|i|s|s|i|o|n| |i|n|t|e|r|a|c|t|i|v|e| |w|e|b|r|e|n|d|e|r|,102210fe594ee9b33d82058545b1ed14f4c8206e,LastVisualChange,reddit-billgates-post-1.posts,True,reddit-billgates-post-1.posts LastVisualChange opt cold fission webrender,,77,ms,firefox,,1765990610,2023-09-27 18:50:45,516.2,cf5fe9331b89d50e427173ddc49b799601b644df,1307627,,,,,,,,,,,,,,,,,,,,,,,,,,,,,,,,,,,,,,,,,,,,,,,,,,,,,,,,,,,,,TN,TN
autoland,4060512,13,77a9707257b88d3b15060667769a2def98a71cff,windows10-64-shippable-qr,True,False,,|c|o|l|d| |f|i|s|s|i|o|n| |i|n|t|e|r|a|c|t|i|v|e| |w|e|b|r|e|n|d|e|r|,102210fe594ee9b33d82058545b1ed14f4c8206e,LastVisualChange,reddit-billgates-post-1.posts,True,reddit-billgates-post-1.posts LastVisualChange opt cold fission webrender,,77,ms,firefox,,1765990795,2023-09-27 18:50:45,515.4,cf5fe9331b89d50e427173ddc49b799601b644df,1307627,,,,,,,,,,,,,,,,,,,,,,,,,,,,,,,,,,,,,,,,,,,,,,,,,,,,,,,,,,,,,TN,TN
autoland,4060512,13,77a9707257b88d3b15060667769a2def98a71cff,windows10-64-shippable-qr,True,False,,|c|o|l|d| |f|i|s|s|i|o|n| |i|n|t|e|r|a|c|t|i|v|e| |w|e|b|r|e|n|d|e|r|,102210fe594ee9b33d82058545b1ed14f4c8206e,LastVisualChange,reddit-billgates-post-1.posts,True,reddit-billgates-post-1.posts LastVisualChange opt cold fission webrender,,77,ms,firefox,,1765988994,2023-09-27 18:59:14,514.8,7283a6a1a37a03e6ff48ce2751e312b1d49d25d4,1307636,,,,,,,,,,,,,,,,,,,,,,,,,,,,,,,,,,,,,,,,,,,,,,,,,,,,,,,,,,,,,TN,TN
autoland,4060512,13,77a9707257b88d3b15060667769a2def98a71cff,windows10-64-shippable-qr,True,False,,|c|o|l|d| |f|i|s|s|i|o|n| |i|n|t|e|r|a|c|t|i|v|e| |w|e|b|r|e|n|d|e|r|,102210fe594ee9b33d82058545b1ed14f4c8206e,LastVisualChange,reddit-billgates-post-1.posts,True,reddit-billgates-post-1.posts LastVisualChange opt cold fission webrender,,77,ms,firefox,,1765989103,2023-09-27 18:59:14,521.8,7283a6a1a37a03e6ff48ce2751e312b1d49d25d4,1307636,,,,,,,,,,,,,,,,,,,,,,,,,,,,,,,,,,,,,,,,,,,,,,,,,,,,,,,,,,,,,TN,TN
autoland,4060512,13,77a9707257b88d3b15060667769a2def98a71cff,windows10-64-shippable-qr,True,False,,|c|o|l|d| |f|i|s|s|i|o|n| |i|n|t|e|r|a|c|t|i|v|e| |w|e|b|r|e|n|d|e|r|,102210fe594ee9b33d82058545b1ed14f4c8206e,LastVisualChange,reddit-billgates-post-1.posts,True,reddit-billgates-post-1.posts LastVisualChange opt cold fission webrender,,77,ms,firefox,,1765989142,2023-09-27 18:59:14,525.8,7283a6a1a37a03e6ff48ce2751e312b1d49d25d4,1307636,,,,,,,,,,,,,,,,,,,,,,,,,,,,,,,,,,,,,,,,,,,,,,,,,,,,,,,,,,,,,TN,TN
autoland,4060512,13,77a9707257b88d3b15060667769a2def98a71cff,windows10-64-shippable-qr,True,False,,|c|o|l|d| |f|i|s|s|i|o|n| |i|n|t|e|r|a|c|t|i|v|e| |w|e|b|r|e|n|d|e|r|,102210fe594ee9b33d82058545b1ed14f4c8206e,LastVisualChange,reddit-billgates-post-1.posts,True,reddit-billgates-post-1.posts LastVisualChange opt cold fission webrender,,77,ms,firefox,,1765989173,2023-09-27 18:59:14,525.1,7283a6a1a37a03e6ff48ce2751e312b1d49d25d4,1307636,,,,,,,,,,,,,,,,,,,,,,,,,,,,,,,,,,,,,,,,,,,,,,,,,,,,,,,,,,,,,TN,TN
autoland,4060512,13,77a9707257b88d3b15060667769a2def98a71cff,windows10-64-shippable-qr,True,False,,|c|o|l|d| |f|i|s|s|i|o|n| |i|n|t|e|r|a|c|t|i|v|e| |w|e|b|r|e|n|d|e|r|,102210fe594ee9b33d82058545b1ed14f4c8206e,LastVisualChange,reddit-billgates-post-1.posts,True,reddit-billgates-post-1.posts LastVisualChange opt cold fission webrender,,77,ms,firefox,,1765989047,2023-09-27 18:59:14,515.5,7283a6a1a37a03e6ff48ce2751e312b1d49d25d4,1307636,,,,,,,,,,,,,,,,,,,,,,,,,,,,,,,,,,,,,,,,,,,,,,,,,,,,,,,,,,,,,TN,TN
autoland,4060512,13,77a9707257b88d3b15060667769a2def98a71cff,windows10-64-shippable-qr,True,False,,|c|o|l|d| |f|i|s|s|i|o|n| |i|n|t|e|r|a|c|t|i|v|e| |w|e|b|r|e|n|d|e|r|,102210fe594ee9b33d82058545b1ed14f4c8206e,LastVisualChange,reddit-billgates-post-1.posts,True,reddit-billgates-post-1.posts LastVisualChange opt cold fission webrender,,77,ms,firefox,,1765986031,2023-09-27 19:01:43,508.3,9592e6e2d7ebfa7ddeeaa12d7252c84adcb8f37b,1307641,,,,,,,,,,,,,,,,,,,,,,,,,,,,,,,,,,,,,,,,,,,,,,,,,,,,,,,,,,,,,TN,TN
autoland,4060512,13,77a9707257b88d3b15060667769a2def98a71cff,windows10-64-shippable-qr,True,False,,|c|o|l|d| |f|i|s|s|i|o|n| |i|n|t|e|r|a|c|t|i|v|e| |w|e|b|r|e|n|d|e|r|,102210fe594ee9b33d82058545b1ed14f4c8206e,LastVisualChange,reddit-billgates-post-1.posts,True,reddit-billgates-post-1.posts LastVisualChange opt cold fission webrender,,77,ms,firefox,,1765986249,2023-09-27 19:01:43,490.8,9592e6e2d7ebfa7ddeeaa12d7252c84adcb8f37b,1307641,,,,,,,,,,,,,,,,,,,,,,,,,,,,,,,,,,,,,,,,,,,,,,,,,,,,,,,,,,,,,TN,TN
autoland,4060512,13,77a9707257b88d3b15060667769a2def98a71cff,windows10-64-shippable-qr,True,False,,|c|o|l|d| |f|i|s|s|i|o|n| |i|n|t|e|r|a|c|t|i|v|e| |w|e|b|r|e|n|d|e|r|,102210fe594ee9b33d82058545b1ed14f4c8206e,LastVisualChange,reddit-billgates-post-1.posts,True,reddit-billgates-post-1.posts LastVisualChange opt cold fission webrender,,77,ms,firefox,,1765986333,2023-09-27 19:01:43,529.2,9592e6e2d7ebfa7ddeeaa12d7252c84adcb8f37b,1307641,,,,,,,,,,,,,,,,,,,,,,,,,,,,,,,,,,,,,,,,,,,,,,,,,,,,,,,,,,,,,TN,TN
autoland,4060512,13,77a9707257b88d3b15060667769a2def98a71cff,windows10-64-shippable-qr,True,False,,|c|o|l|d| |f|i|s|s|i|o|n| |i|n|t|e|r|a|c|t|i|v|e| |w|e|b|r|e|n|d|e|r|,102210fe594ee9b33d82058545b1ed14f4c8206e,LastVisualChange,reddit-billgates-post-1.posts,True,reddit-billgates-post-1.posts LastVisualChange opt cold fission webrender,,77,ms,firefox,,1765986511,2023-09-27 19:01:43,495.0,9592e6e2d7ebfa7ddeeaa12d7252c84adcb8f37b,1307641,,,,,,,,,,,,,,,,,,,,,,,,,,,,,,,,,,,,,,,,,,,,,,,,,,,,,,,,,,,,,TN,TN
autoland,4060512,13,77a9707257b88d3b15060667769a2def98a71cff,windows10-64-shippable-qr,True,False,,|c|o|l|d| |f|i|s|s|i|o|n| |i|n|t|e|r|a|c|t|i|v|e| |w|e|b|r|e|n|d|e|r|,102210fe594ee9b33d82058545b1ed14f4c8206e,LastVisualChange,reddit-billgates-post-1.posts,True,reddit-billgates-post-1.posts LastVisualChange opt cold fission webrender,,77,ms,firefox,,1765986448,2023-09-27 19:01:43,522.2,9592e6e2d7ebfa7ddeeaa12d7252c84adcb8f37b,1307641,,,,,,,,,,,,,,,,,,,,,,,,,,,,,,,,,,,,,,,,,,,,,,,,,,,,,,,,,,,,,TN,TN
autoland,4060512,13,77a9707257b88d3b15060667769a2def98a71cff,windows10-64-shippable-qr,True,False,,|c|o|l|d| |f|i|s|s|i|o|n| |i|n|t|e|r|a|c|t|i|v|e| |w|e|b|r|e|n|d|e|r|,102210fe594ee9b33d82058545b1ed14f4c8206e,LastVisualChange,reddit-billgates-post-1.posts,True,reddit-billgates-post-1.posts LastVisualChange opt cold fission webrender,,77,ms,firefox,,1765068506,2023-09-27 19:06:36,515.4,a8770a22fbd28ddd56711c0e47908560850aaec2,1307647,,,,,,,,,,,,,,,,,,,,,,,,,,,,,,,,,,,,,,,,,,,,,,,,,,,,,,,,,,,,,TN,TN
autoland,4060512,13,77a9707257b88d3b15060667769a2def98a71cff,windows10-64-shippable-qr,True,False,,|c|o|l|d| |f|i|s|s|i|o|n| |i|n|t|e|r|a|c|t|i|v|e| |w|e|b|r|e|n|d|e|r|,102210fe594ee9b33d82058545b1ed14f4c8206e,LastVisualChange,reddit-billgates-post-1.posts,True,reddit-billgates-post-1.posts LastVisualChange opt cold fission webrender,,77,ms,firefox,,1765907406,2023-09-27 19:06:36,525.9,a8770a22fbd28ddd56711c0e47908560850aaec2,1307647,,,,,,,,,,,,,,,,,,,,,,,,,,,,,,,,,,,,,,,,,,,,,,,,,,,,,,,,,,,,,TN,TN
autoland,4060512,13,77a9707257b88d3b15060667769a2def98a71cff,windows10-64-shippable-qr,True,False,,|c|o|l|d| |f|i|s|s|i|o|n| |i|n|t|e|r|a|c|t|i|v|e| |w|e|b|r|e|n|d|e|r|,102210fe594ee9b33d82058545b1ed14f4c8206e,LastVisualChange,reddit-billgates-post-1.posts,True,reddit-billgates-post-1.posts LastVisualChange opt cold fission webrender,,77,ms,firefox,,1765907234,2023-09-27 19:06:36,539.0,a8770a22fbd28ddd56711c0e47908560850aaec2,1307647,,,,,,,,,,,,,,,,,,,,,,,,,,,,,,,,,,,,,,,,,,,,,,,,,,,,,,,,,,,,,TN,TN
autoland,4060512,13,77a9707257b88d3b15060667769a2def98a71cff,windows10-64-shippable-qr,True,False,,|c|o|l|d| |f|i|s|s|i|o|n| |i|n|t|e|r|a|c|t|i|v|e| |w|e|b|r|e|n|d|e|r|,102210fe594ee9b33d82058545b1ed14f4c8206e,LastVisualChange,reddit-billgates-post-1.posts,True,reddit-billgates-post-1.posts LastVisualChange opt cold fission webrender,,77,ms,firefox,,1765907323,2023-09-27 19:06:36,525.5,a8770a22fbd28ddd56711c0e47908560850aaec2,1307647,,,,,,,,,,,,,,,,,,,,,,,,,,,,,,,,,,,,,,,,,,,,,,,,,,,,,,,,,,,,,TN,TN
autoland,4060512,13,77a9707257b88d3b15060667769a2def98a71cff,windows10-64-shippable-qr,True,False,,|c|o|l|d| |f|i|s|s|i|o|n| |i|n|t|e|r|a|c|t|i|v|e| |w|e|b|r|e|n|d|e|r|,102210fe594ee9b33d82058545b1ed14f4c8206e,LastVisualChange,reddit-billgates-post-1.posts,True,reddit-billgates-post-1.posts LastVisualChange opt cold fission webrender,,77,ms,firefox,,1765907364,2023-09-27 19:06:36,518.8,a8770a22fbd28ddd56711c0e47908560850aaec2,1307647,,,,,,,,,,,,,,,,,,,,,,,,,,,,,,,,,,,,,,,,,,,,,,,,,,,,,,,,,,,,,TN,TN
autoland,4060512,13,77a9707257b88d3b15060667769a2def98a71cff,windows10-64-shippable-qr,True,False,,|c|o|l|d| |f|i|s|s|i|o|n| |i|n|t|e|r|a|c|t|i|v|e| |w|e|b|r|e|n|d|e|r|,102210fe594ee9b33d82058545b1ed14f4c8206e,LastVisualChange,reddit-billgates-post-1.posts,True,reddit-billgates-post-1.posts LastVisualChange opt cold fission webrender,,77,ms,firefox,,1765907122,2023-09-27 19:06:36,531.3,a8770a22fbd28ddd56711c0e47908560850aaec2,1307647,,,,,,,,,,,,,,,,,,,,,,,,,,,,,,,,,,,,,,,,,,,,,,,,,,,,,,,,,,,,,TN,TN
autoland,4060512,13,77a9707257b88d3b15060667769a2def98a71cff,windows10-64-shippable-qr,True,False,,|c|o|l|d| |f|i|s|s|i|o|n| |i|n|t|e|r|a|c|t|i|v|e| |w|e|b|r|e|n|d|e|r|,102210fe594ee9b33d82058545b1ed14f4c8206e,LastVisualChange,reddit-billgates-post-1.posts,True,reddit-billgates-post-1.posts LastVisualChange opt cold fission webrender,,77,ms,firefox,,1765073976,2023-09-27 19:08:58,518.7,291d9135fe0729a601e88aa93606258a8f57feb0,1307649,,,,,,,,,,,,,,,,,,,,,,,,,,,,,,,,,,,,,,,,,,,,,,,,,,,,,,,,,,,,,TN,TN
autoland,4060512,13,77a9707257b88d3b15060667769a2def98a71cff,windows10-64-shippable-qr,True,False,,|c|o|l|d| |f|i|s|s|i|o|n| |i|n|t|e|r|a|c|t|i|v|e| |w|e|b|r|e|n|d|e|r|,102210fe594ee9b33d82058545b1ed14f4c8206e,LastVisualChange,reddit-billgates-post-1.posts,True,reddit-billgates-post-1.posts LastVisualChange opt cold fission webrender,,77,ms,firefox,,1765070434,2023-09-27 19:17:21,518.8,9c5f701906f9d14058dced89d837f8f0941b2291,1307658,,,,,,,,,,,,,,,,,,,,,,,,,,,,,,,,,,,,,,,,,,,,,,,,,,,,,,,,,,,,,TN,TN
autoland,4060512,13,77a9707257b88d3b15060667769a2def98a71cff,windows10-64-shippable-qr,True,False,,|c|o|l|d| |f|i|s|s|i|o|n| |i|n|t|e|r|a|c|t|i|v|e| |w|e|b|r|e|n|d|e|r|,102210fe594ee9b33d82058545b1ed14f4c8206e,LastVisualChange,reddit-billgates-post-1.posts,True,reddit-billgates-post-1.posts LastVisualChange opt cold fission webrender,,77,ms,firefox,,1765070649,2023-09-27 19:20:18,514.7,4095a9eb63f702af61f7c863ee909867aa201d2a,1307662,,,,,,,,,,,,,,,,,,,,,,,,,,,,,,,,,,,,,,,,,,,,,,,,,,,,,,,,,,,,,TN,TN
autoland,4060512,13,77a9707257b88d3b15060667769a2def98a71cff,windows10-64-shippable-qr,True,False,,|c|o|l|d| |f|i|s|s|i|o|n| |i|n|t|e|r|a|c|t|i|v|e| |w|e|b|r|e|n|d|e|r|,102210fe594ee9b33d82058545b1ed14f4c8206e,LastVisualChange,reddit-billgates-post-1.posts,True,reddit-billgates-post-1.posts LastVisualChange opt cold fission webrender,,77,ms,firefox,,1765069882,2023-09-27 19:26:58,543.6,aee06308c0636feb524a6956b3d3068d124e9081,1307668,,,,,,,,,,,,,,,,,,,,,,,,,,,,,,,,,,,,,,,,,,,,,,,,,,,,,,,,,,,,,TN,TN
autoland,4060512,13,77a9707257b88d3b15060667769a2def98a71cff,windows10-64-shippable-qr,True,False,,|c|o|l|d| |f|i|s|s|i|o|n| |i|n|t|e|r|a|c|t|i|v|e| |w|e|b|r|e|n|d|e|r|,102210fe594ee9b33d82058545b1ed14f4c8206e,LastVisualChange,reddit-billgates-post-1.posts,True,reddit-billgates-post-1.posts LastVisualChange opt cold fission webrender,,77,ms,firefox,,1765070725,2023-09-27 19:53:22,528.5,d0a48f87ca55781281108541c014ad59d6334268,1307685,,,,,,,,,,,,,,,,,,,,,,,,,,,,,,,,,,,,,,,,,,,,,,,,,,,,,,,,,,,,,TN,TN
autoland,4060512,13,77a9707257b88d3b15060667769a2def98a71cff,windows10-64-shippable-qr,True,False,,|c|o|l|d| |f|i|s|s|i|o|n| |i|n|t|e|r|a|c|t|i|v|e| |w|e|b|r|e|n|d|e|r|,102210fe594ee9b33d82058545b1ed14f4c8206e,LastVisualChange,reddit-billgates-post-1.posts,True,reddit-billgates-post-1.posts LastVisualChange opt cold fission webrender,,77,ms,firefox,,1765069934,2023-09-27 19:59:27,508.2,b3d4dd6d5b436ace9de5430fd3ebdd2869014ce8,1307688,,,,,,,,,,,,,,,,,,,,,,,,,,,,,,,,,,,,,,,,,,,,,,,,,,,,,,,,,,,,,TN,TN
autoland,4060512,13,77a9707257b88d3b15060667769a2def98a71cff,windows10-64-shippable-qr,True,False,,|c|o|l|d| |f|i|s|s|i|o|n| |i|n|t|e|r|a|c|t|i|v|e| |w|e|b|r|e|n|d|e|r|,102210fe594ee9b33d82058545b1ed14f4c8206e,LastVisualChange,reddit-billgates-post-1.posts,True,reddit-billgates-post-1.posts LastVisualChange opt cold fission webrender,,77,ms,firefox,,1765063030,2023-09-27 20:00:19,558.8,2f1c79361a3f056a5531b3ef63986dae0972b914,1307689,,,,,,,,,,,,,,,,,,,,,,,,,,,,,,,,,,,,,,,,,,,,,,,,,,,,,,,,,,,,,TN,TN
autoland,4060512,13,77a9707257b88d3b15060667769a2def98a71cff,windows10-64-shippable-qr,True,False,,|c|o|l|d| |f|i|s|s|i|o|n| |i|n|t|e|r|a|c|t|i|v|e| |w|e|b|r|e|n|d|e|r|,102210fe594ee9b33d82058545b1ed14f4c8206e,LastVisualChange,reddit-billgates-post-1.posts,True,reddit-billgates-post-1.posts LastVisualChange opt cold fission webrender,,77,ms,firefox,,1765094575,2023-09-27 20:41:17,509.1,ce22a7ec1ea00d4b11943c57da2918820d14717a,1307703,,,,,,,,,,,,,,,,,,,,,,,,,,,,,,,,,,,,,,,,,,,,,,,,,,,,,,,,,,,,,TN,TN
autoland,4060512,13,77a9707257b88d3b15060667769a2def98a71cff,windows10-64-shippable-qr,True,False,,|c|o|l|d| |f|i|s|s|i|o|n| |i|n|t|e|r|a|c|t|i|v|e| |w|e|b|r|e|n|d|e|r|,102210fe594ee9b33d82058545b1ed14f4c8206e,LastVisualChange,reddit-billgates-post-1.posts,True,reddit-billgates-post-1.posts LastVisualChange opt cold fission webrender,,77,ms,firefox,,1763552135,2023-09-27 23:11:22,535.6,d60788c1a5064d4f45dd33001554cde650df86be,1307771,,,,,,,,,,,,,,,,,,,,,,,,,,,,,,,,,,,,,,,,,,,,,,,,,,,,,,,,,,,,,TN,TN
autoland,4060512,13,77a9707257b88d3b15060667769a2def98a71cff,windows10-64-shippable-qr,True,False,,|c|o|l|d| |f|i|s|s|i|o|n| |i|n|t|e|r|a|c|t|i|v|e| |w|e|b|r|e|n|d|e|r|,102210fe594ee9b33d82058545b1ed14f4c8206e,LastVisualChange,reddit-billgates-post-1.posts,True,reddit-billgates-post-1.posts LastVisualChange opt cold fission webrender,,77,ms,firefox,,1765065824,2023-09-27 23:14:19,511.9,90445136a15d059a272041ef3c4a277732b346b6,1307772,,,,,,,,,,,,,,,,,,,,,,,,,,,,,,,,,,,,,,,,,,,,,,,,,,,,,,,,,,,,,TN,TN
autoland,4060512,13,77a9707257b88d3b15060667769a2def98a71cff,windows10-64-shippable-qr,True,False,,|c|o|l|d| |f|i|s|s|i|o|n| |i|n|t|e|r|a|c|t|i|v|e| |w|e|b|r|e|n|d|e|r|,102210fe594ee9b33d82058545b1ed14f4c8206e,LastVisualChange,reddit-billgates-post-1.posts,True,reddit-billgates-post-1.posts LastVisualChange opt cold fission webrender,,77,ms,firefox,,1765094544,2023-09-27 23:15:08,528.8,c53f5ef77b62b79af86951a7f9130e1896b695d2,1307773,,,,,,,,,,,,,,,,,,,,,,,,,,,,,,,,,,,,,,,,,,,,,,,,,,,,,,,,,,,,,TN,TN
autoland,4060512,13,77a9707257b88d3b15060667769a2def98a71cff,windows10-64-shippable-qr,True,False,,|c|o|l|d| |f|i|s|s|i|o|n| |i|n|t|e|r|a|c|t|i|v|e| |w|e|b|r|e|n|d|e|r|,102210fe594ee9b33d82058545b1ed14f4c8206e,LastVisualChange,reddit-billgates-post-1.posts,True,reddit-billgates-post-1.posts LastVisualChange opt cold fission webrender,,77,ms,firefox,,1765056355,2023-09-27 23:29:51,495.4,39eca5660ff2d818124991131dd408dd17a01671,1307777,,,,,,,,,,,,,,,,,,,,,,,,,,,,,,,,,,,,,,,,,,,,,,,,,,,,,,,,,,,,,TN,TN
autoland,4060512,13,77a9707257b88d3b15060667769a2def98a71cff,windows10-64-shippable-qr,True,False,,|c|o|l|d| |f|i|s|s|i|o|n| |i|n|t|e|r|a|c|t|i|v|e| |w|e|b|r|e|n|d|e|r|,102210fe594ee9b33d82058545b1ed14f4c8206e,LastVisualChange,reddit-billgates-post-1.posts,True,reddit-billgates-post-1.posts LastVisualChange opt cold fission webrender,,77,ms,firefox,,1765065187,2023-09-27 23:46:25,571.1,c4130ba21ca10cbf1a462243a8755cda3d9bb947,1307784,,,,,,,,,,,,,,,,,,,,,,,,,,,,,,,,,,,,,,,,,,,,,,,,,,,,,,,,,,,,,TN,TN
autoland,4060512,13,77a9707257b88d3b15060667769a2def98a71cff,windows10-64-shippable-qr,True,False,,|c|o|l|d| |f|i|s|s|i|o|n| |i|n|t|e|r|a|c|t|i|v|e| |w|e|b|r|e|n|d|e|r|,102210fe594ee9b33d82058545b1ed14f4c8206e,LastVisualChange,reddit-billgates-post-1.posts,True,reddit-billgates-post-1.posts LastVisualChange opt cold fission webrender,,77,ms,firefox,,1765062993,2023-09-27 23:58:00,519.8,d06359e948e9738e0e5fca96b239f6c6ef8cb9bc,1307791,,,,,,,,,,,,,,,,,,,,,,,,,,,,,,,,,,,,,,,,,,,,,,,,,,,,,,,,,,,,,TN,TN
autoland,4060512,13,77a9707257b88d3b15060667769a2def98a71cff,windows10-64-shippable-qr,True,False,,|c|o|l|d| |f|i|s|s|i|o|n| |i|n|t|e|r|a|c|t|i|v|e| |w|e|b|r|e|n|d|e|r|,102210fe594ee9b33d82058545b1ed14f4c8206e,LastVisualChange,reddit-billgates-post-1.posts,True,reddit-billgates-post-1.posts LastVisualChange opt cold fission webrender,,77,ms,firefox,,1765065151,2023-09-28 02:14:59,528.2,2c7b8a9e70235fdd869c0d169eb73b6588ff0197,1307811,,,,,,,,,,,,,,,,,,,,,,,,,,,,,,,,,,,,,,,,,,,,,,,,,,,,,,,,,,,,,TN,TN
autoland,4060512,13,77a9707257b88d3b15060667769a2def98a71cff,windows10-64-shippable-qr,True,False,,|c|o|l|d| |f|i|s|s|i|o|n| |i|n|t|e|r|a|c|t|i|v|e| |w|e|b|r|e|n|d|e|r|,102210fe594ee9b33d82058545b1ed14f4c8206e,LastVisualChange,reddit-billgates-post-1.posts,True,reddit-billgates-post-1.posts LastVisualChange opt cold fission webrender,,77,ms,firefox,,1765041963,2023-09-28 02:20:28,501.2,d2acd6e78b18b976d2682f71220ffd0057c37725,1307814,,,,,,,,,,,,,,,,,,,,,,,,,,,,,,,,,,,,,,,,,,,,,,,,,,,,,,,,,,,,,TN,TN
autoland,4060512,13,77a9707257b88d3b15060667769a2def98a71cff,windows10-64-shippable-qr,True,False,,|c|o|l|d| |f|i|s|s|i|o|n| |i|n|t|e|r|a|c|t|i|v|e| |w|e|b|r|e|n|d|e|r|,102210fe594ee9b33d82058545b1ed14f4c8206e,LastVisualChange,reddit-billgates-post-1.posts,True,reddit-billgates-post-1.posts LastVisualChange opt cold fission webrender,,77,ms,firefox,,1763717064,2023-09-28 04:14:46,521.1,d1fc71cc3817fe3529b10939ed53c1d395a346fa,1307836,,,,,,,,,,,,,,,,,,,,,,,,,,,,,,,,,,,,,,,,,,,,,,,,,,,,,,,,,,,,,TN,TN
autoland,4060512,13,77a9707257b88d3b15060667769a2def98a71cff,windows10-64-shippable-qr,True,False,,|c|o|l|d| |f|i|s|s|i|o|n| |i|n|t|e|r|a|c|t|i|v|e| |w|e|b|r|e|n|d|e|r|,102210fe594ee9b33d82058545b1ed14f4c8206e,LastVisualChange,reddit-billgates-post-1.posts,True,reddit-billgates-post-1.posts LastVisualChange opt cold fission webrender,,77,ms,firefox,,1763794720,2023-09-28 08:00:04,534.5,d330b8e9f58e1065d1ca63ac5f284f7d1865e83c,1307885,,,,,,,,,,,,,,,,,,,,,,,,,,,,,,,,,,,,,,,,,,,,,,,,,,,,,,,,,,,,,TN,TN
autoland,4060512,13,77a9707257b88d3b15060667769a2def98a71cff,windows10-64-shippable-qr,True,False,,|c|o|l|d| |f|i|s|s|i|o|n| |i|n|t|e|r|a|c|t|i|v|e| |w|e|b|r|e|n|d|e|r|,102210fe594ee9b33d82058545b1ed14f4c8206e,LastVisualChange,reddit-billgates-post-1.posts,True,reddit-billgates-post-1.posts LastVisualChange opt cold fission webrender,,77,ms,firefox,,1763885680,2023-09-28 11:44:43,503.8,a5fd40a8bf47afafdda240c7b8f1b1b911d2d937,1308037,,,,,,,,,,,,,,,,,,,,,,,,,,,,,,,,,,,,,,,,,,,,,,,,,,,,,,,,,,,,,TN,TN
autoland,4060512,13,77a9707257b88d3b15060667769a2def98a71cff,windows10-64-shippable-qr,True,False,,|c|o|l|d| |f|i|s|s|i|o|n| |i|n|t|e|r|a|c|t|i|v|e| |w|e|b|r|e|n|d|e|r|,102210fe594ee9b33d82058545b1ed14f4c8206e,LastVisualChange,reddit-billgates-post-1.posts,True,reddit-billgates-post-1.posts LastVisualChange opt cold fission webrender,,77,ms,firefox,,1764068700,2023-09-28 15:45:35,557.4,0df79cc60ea0ef86258f3b33d533c75e91805d8b,1308186,,,,,,,,,,,,,,,,,,,,,,,,,,,,,,,,,,,,,,,,,,,,,,,,,,,,,,,,,,,,,TN,TN
autoland,4060512,13,77a9707257b88d3b15060667769a2def98a71cff,windows10-64-shippable-qr,True,False,,|c|o|l|d| |f|i|s|s|i|o|n| |i|n|t|e|r|a|c|t|i|v|e| |w|e|b|r|e|n|d|e|r|,102210fe594ee9b33d82058545b1ed14f4c8206e,LastVisualChange,reddit-billgates-post-1.posts,True,reddit-billgates-post-1.posts LastVisualChange opt cold fission webrender,,77,ms,firefox,,1764121419,2023-09-28 16:38:20,511.6,a216736126b15f69ebee5d940a5c3394f95759cb,1308227,,,,,,,,,,,,,,,,,,,,,,,,,,,,,,,,,,,,,,,,,,,,,,,,,,,,,,,,,,,,,TN,TN
autoland,4060512,13,77a9707257b88d3b15060667769a2def98a71cff,windows10-64-shippable-qr,True,False,,|c|o|l|d| |f|i|s|s|i|o|n| |i|n|t|e|r|a|c|t|i|v|e| |w|e|b|r|e|n|d|e|r|,102210fe594ee9b33d82058545b1ed14f4c8206e,LastVisualChange,reddit-billgates-post-1.posts,True,reddit-billgates-post-1.posts LastVisualChange opt cold fission webrender,,77,ms,firefox,,1764166471,2023-09-28 19:24:36,525.8,cd324cfaf45936b4670a6c0d15cbfe22d0e2f609,1308380,,,,,,,,,,,,,,,,,,,,,,,,,,,,,,,,,,,,,,,,,,,,,,,,,,,,,,,,,,,,,TN,TN
autoland,4060512,13,77a9707257b88d3b15060667769a2def98a71cff,windows10-64-shippable-qr,True,False,,|c|o|l|d| |f|i|s|s|i|o|n| |i|n|t|e|r|a|c|t|i|v|e| |w|e|b|r|e|n|d|e|r|,102210fe594ee9b33d82058545b1ed14f4c8206e,LastVisualChange,reddit-billgates-post-1.posts,True,reddit-billgates-post-1.posts LastVisualChange opt cold fission webrender,,77,ms,firefox,,1764286762,2023-09-28 22:48:25,529.0,72bb9164219d9f54440ccfa7f55dc02f195190f9,1308491,,,,,,,,,,,,,,,,,,,,,,,,,,,,,,,,,,,,,,,,,,,,,,,,,,,,,,,,,,,,,TN,TN
autoland,4060512,13,77a9707257b88d3b15060667769a2def98a71cff,windows10-64-shippable-qr,True,False,,|c|o|l|d| |f|i|s|s|i|o|n| |i|n|t|e|r|a|c|t|i|v|e| |w|e|b|r|e|n|d|e|r|,102210fe594ee9b33d82058545b1ed14f4c8206e,LastVisualChange,reddit-billgates-post-1.posts,True,reddit-billgates-post-1.posts LastVisualChange opt cold fission webrender,,77,ms,firefox,,1764504599,2023-09-29 05:26:28,517.6,4fd1c7c2dcf2973c3285d981e74b08dee641a0fc,1308580,,,,,,,,,,,,,,,,,,,,,,,,,,,,,,,,,,,,,,,,,,,,,,,,,,,,,,,,,,,,,TN,TN
autoland,4060512,13,77a9707257b88d3b15060667769a2def98a71cff,windows10-64-shippable-qr,True,False,,|c|o|l|d| |f|i|s|s|i|o|n| |i|n|t|e|r|a|c|t|i|v|e| |w|e|b|r|e|n|d|e|r|,102210fe594ee9b33d82058545b1ed14f4c8206e,LastVisualChange,reddit-billgates-post-1.posts,True,reddit-billgates-post-1.posts LastVisualChange opt cold fission webrender,,77,ms,firefox,,1764674619,2023-09-29 09:03:41,518.6,6453cd78e4f187bc198e83900dd9937c3cc6d0fc,1308650,,,,,,,,,,,,,,,,,,,,,,,,,,,,,,,,,,,,,,,,,,,,,,,,,,,,,,,,,,,,,TN,TN
autoland,4060512,13,77a9707257b88d3b15060667769a2def98a71cff,windows10-64-shippable-qr,True,False,,|c|o|l|d| |f|i|s|s|i|o|n| |i|n|t|e|r|a|c|t|i|v|e| |w|e|b|r|e|n|d|e|r|,102210fe594ee9b33d82058545b1ed14f4c8206e,LastVisualChange,reddit-billgates-post-1.posts,True,reddit-billgates-post-1.posts LastVisualChange opt cold fission webrender,,77,ms,firefox,,1764823292,2023-09-29 13:06:51,538.4,dfea5c2f2737b0334921941ecd0f5f235432942e,1308761,,,,,,,,,,,,,,,,,,,,,,,,,,,,,,,,,,,,,,,,,,,,,,,,,,,,,,,,,,,,,TN,TN
autoland,4060512,13,77a9707257b88d3b15060667769a2def98a71cff,windows10-64-shippable-qr,True,False,,|c|o|l|d| |f|i|s|s|i|o|n| |i|n|t|e|r|a|c|t|i|v|e| |w|e|b|r|e|n|d|e|r|,102210fe594ee9b33d82058545b1ed14f4c8206e,LastVisualChange,reddit-billgates-post-1.posts,True,reddit-billgates-post-1.posts LastVisualChange opt cold fission webrender,,77,ms,firefox,,1764847675,2023-09-29 14:43:48,515.1,e2d3169fc579506294a164827b60ea38b9295bb1,1308803,,,,,,,,,,,,,,,,,,,,,,,,,,,,,,,,,,,,,,,,,,,,,,,,,,,,,,,,,,,,,TN,TN
autoland,4060512,13,77a9707257b88d3b15060667769a2def98a71cff,windows10-64-shippable-qr,True,False,,|c|o|l|d| |f|i|s|s|i|o|n| |i|n|t|e|r|a|c|t|i|v|e| |w|e|b|r|e|n|d|e|r|,102210fe594ee9b33d82058545b1ed14f4c8206e,LastVisualChange,reddit-billgates-post-1.posts,True,reddit-billgates-post-1.posts LastVisualChange opt cold fission webrender,,77,ms,firefox,,1765193921,2023-09-29 17:22:14,511.6,51fa8a3c99f0609ebc42be909905d3b3360c6909,1308879,,,,,,,,,,,,,,,,,,,,,,,,,,,,,,,,,,,,,,,,,,,,,,,,,,,,,,,,,,,,,TN,TN
autoland,4060512,13,77a9707257b88d3b15060667769a2def98a71cff,windows10-64-shippable-qr,True,False,,|c|o|l|d| |f|i|s|s|i|o|n| |i|n|t|e|r|a|c|t|i|v|e| |w|e|b|r|e|n|d|e|r|,102210fe594ee9b33d82058545b1ed14f4c8206e,LastVisualChange,reddit-billgates-post-1.posts,True,reddit-billgates-post-1.posts LastVisualChange opt cold fission webrender,,77,ms,firefox,,1765228631,2023-09-29 17:23:30,523.7,3677fd4aebcb91190a1d79fc4deeee12bf903671,1308882,,,,,,,,,,,,,,,,,,,,,,,,,,,,,,,,,,,,,,,,,,,,,,,,,,,,,,,,,,,,,TN,TN
autoland,4060512,13,77a9707257b88d3b15060667769a2def98a71cff,windows10-64-shippable-qr,True,False,,|c|o|l|d| |f|i|s|s|i|o|n| |i|n|t|e|r|a|c|t|i|v|e| |w|e|b|r|e|n|d|e|r|,102210fe594ee9b33d82058545b1ed14f4c8206e,LastVisualChange,reddit-billgates-post-1.posts,True,reddit-billgates-post-1.posts LastVisualChange opt cold fission webrender,,77,ms,firefox,,1765170378,2023-09-29 17:37:10,532.6,8068f7fac7d44e5f28fec14686fc33ad260de99d,1308888,,,,,,,,,,,,,,,,,,,,,,,,,,,,,,,,,,,,,,,,,,,,,,,,,,,,,,,,,,,,,TN,TN
autoland,4060512,13,77a9707257b88d3b15060667769a2def98a71cff,windows10-64-shippable-qr,True,False,,|c|o|l|d| |f|i|s|s|i|o|n| |i|n|t|e|r|a|c|t|i|v|e| |w|e|b|r|e|n|d|e|r|,102210fe594ee9b33d82058545b1ed14f4c8206e,LastVisualChange,reddit-billgates-post-1.posts,True,reddit-billgates-post-1.posts LastVisualChange opt cold fission webrender,,77,ms,firefox,,1765210414,2023-09-29 17:38:01,515.4,dbbfb173932c7a5d8d65faa382f881197bff8d18,1308889,,,,,,,,,,,,,,,,,,,,,,,,,,,,,,,,,,,,,,,,,,,,,,,,,,,,,,,,,,,,,TN,TN
autoland,4060512,13,77a9707257b88d3b15060667769a2def98a71cff,windows10-64-shippable-qr,True,False,,|c|o|l|d| |f|i|s|s|i|o|n| |i|n|t|e|r|a|c|t|i|v|e| |w|e|b|r|e|n|d|e|r|,102210fe594ee9b33d82058545b1ed14f4c8206e,LastVisualChange,reddit-billgates-post-1.posts,True,reddit-billgates-post-1.posts LastVisualChange opt cold fission webrender,,77,ms,firefox,,1765190068,2023-09-29 22:04:24,529.2,bcd2222b6b08b09cee468dff6e7f94400e02b303,1309030,,,,,,,,,,,,,,,,,,,,,,,,,,,,,,,,,,,,,,,,,,,,,,,,,,,,,,,,,,,,,TN,TN
autoland,4060512,13,77a9707257b88d3b15060667769a2def98a71cff,windows10-64-shippable-qr,True,False,,|c|o|l|d| |f|i|s|s|i|o|n| |i|n|t|e|r|a|c|t|i|v|e| |w|e|b|r|e|n|d|e|r|,102210fe594ee9b33d82058545b1ed14f4c8206e,LastVisualChange,reddit-billgates-post-1.posts,True,reddit-billgates-post-1.posts LastVisualChange opt cold fission webrender,,77,ms,firefox,,1765162008,2023-09-29 22:10:32,509.2,eee85ca883b58f7e7ed94e3a2e4ed573475159d4,1309031,,,,,,,,,,,,,,,,,,,,,,,,,,,,,,,,,,,,,,,,,,,,,,,,,,,,,,,,,,,,,TN,TN
autoland,4060512,13,77a9707257b88d3b15060667769a2def98a71cff,windows10-64-shippable-qr,True,False,,|c|o|l|d| |f|i|s|s|i|o|n| |i|n|t|e|r|a|c|t|i|v|e| |w|e|b|r|e|n|d|e|r|,102210fe594ee9b33d82058545b1ed14f4c8206e,LastVisualChange,reddit-billgates-post-1.posts,True,reddit-billgates-post-1.posts LastVisualChange opt cold fission webrender,,77,ms,firefox,,1765222969,2023-09-30 06:24:14,538.4,c0cfc8c5836260ab8706d5b737a4f4f654da4610,1309077,,,,,,,,,,,,,,,,,,,,,,,,,,,,,,,,,,,,,,,,,,,,,,,,,,,,,,,,,,,,,TN,TN
autoland,4060512,13,77a9707257b88d3b15060667769a2def98a71cff,windows10-64-shippable-qr,True,False,,|c|o|l|d| |f|i|s|s|i|o|n| |i|n|t|e|r|a|c|t|i|v|e| |w|e|b|r|e|n|d|e|r|,102210fe594ee9b33d82058545b1ed14f4c8206e,LastVisualChange,reddit-billgates-post-1.posts,True,reddit-billgates-post-1.posts LastVisualChange opt cold fission webrender,,77,ms,firefox,,1765328823,2023-09-30 15:09:24,536.0,0d5209658cf41a9d6d9f6c74890ecf69602525c4,1309133,,,,,,,,,,,,,,,,,,,,,,,,,,,,,,,,,,,,,,,,,,,,,,,,,,,,,,,,,,,,,TN,TN
autoland,4060512,13,77a9707257b88d3b15060667769a2def98a71cff,windows10-64-shippable-qr,True,False,,|c|o|l|d| |f|i|s|s|i|o|n| |i|n|t|e|r|a|c|t|i|v|e| |w|e|b|r|e|n|d|e|r|,102210fe594ee9b33d82058545b1ed14f4c8206e,LastVisualChange,reddit-billgates-post-1.posts,True,reddit-billgates-post-1.posts LastVisualChange opt cold fission webrender,,77,ms,firefox,,1765345576,2023-09-30 15:56:32,531.7,8c9ba927121cd7f1cb5b31ffb86addc4c34b59a8,1309136,,,,,,,,,,,,,,,,,,,,,,,,,,,,,,,,,,,,,,,,,,,,,,,,,,,,,,,,,,,,,TN,TN
autoland,4060512,13,77a9707257b88d3b15060667769a2def98a71cff,windows10-64-shippable-qr,True,False,,|c|o|l|d| |f|i|s|s|i|o|n| |i|n|t|e|r|a|c|t|i|v|e| |w|e|b|r|e|n|d|e|r|,102210fe594ee9b33d82058545b1ed14f4c8206e,LastVisualChange,reddit-billgates-post-1.posts,True,reddit-billgates-post-1.posts LastVisualChange opt cold fission webrender,,77,ms,firefox,,1765385790,2023-09-30 20:01:07,541.0,bacf4fcba00b9d708012b5c8144292e5362ed452,1309152,,,,,,,,,,,,,,,,,,,,,,,,,,,,,,,,,,,,,,,,,,,,,,,,,,,,,,,,,,,,,TN,TN
autoland,4060512,13,77a9707257b88d3b15060667769a2def98a71cff,windows10-64-shippable-qr,True,False,,|c|o|l|d| |f|i|s|s|i|o|n| |i|n|t|e|r|a|c|t|i|v|e| |w|e|b|r|e|n|d|e|r|,102210fe594ee9b33d82058545b1ed14f4c8206e,LastVisualChange,reddit-billgates-post-1.posts,True,reddit-billgates-post-1.posts LastVisualChange opt cold fission webrender,,77,ms,firefox,,1765437011,2023-10-01 02:27:22,525.7,b781e655236dff9086d1be5c4b59b0263a9cee56,1309171,,,,,,,,,,,,,,,,,,,,,,,,,,,,,,,,,,,,,,,,,,,,,,,,,,,,,,,,,,,,,TN,TN
autoland,4060512,13,77a9707257b88d3b15060667769a2def98a71cff,windows10-64-shippable-qr,True,False,,|c|o|l|d| |f|i|s|s|i|o|n| |i|n|t|e|r|a|c|t|i|v|e| |w|e|b|r|e|n|d|e|r|,102210fe594ee9b33d82058545b1ed14f4c8206e,LastVisualChange,reddit-billgates-post-1.posts,True,reddit-billgates-post-1.posts LastVisualChange opt cold fission webrender,,77,ms,firefox,,1765553884,2023-10-01 15:08:35,532.8,1abb269d873e8bda2c0fa1b4f26f481c89584ca6,1309237,,,,,,,,,,,,,,,,,,,,,,,,,,,,,,,,,,,,,,,,,,,,,,,,,,,,,,,,,,,,,TN,TN
autoland,4060512,13,77a9707257b88d3b15060667769a2def98a71cff,windows10-64-shippable-qr,True,False,,|c|o|l|d| |f|i|s|s|i|o|n| |i|n|t|e|r|a|c|t|i|v|e| |w|e|b|r|e|n|d|e|r|,102210fe594ee9b33d82058545b1ed14f4c8206e,LastVisualChange,reddit-billgates-post-1.posts,True,reddit-billgates-post-1.posts LastVisualChange opt cold fission webrender,,77,ms,firefox,,1765582921,2023-10-01 19:57:41,522.4,72adc901a818435f7ba23e492963c7e1bf526be1,1309256,,,,,,,,,,,,,,,,,,,,,,,,,,,,,,,,,,,,,,,,,,,,,,,,,,,,,,,,,,,,,TN,TN
autoland,4060512,13,77a9707257b88d3b15060667769a2def98a71cff,windows10-64-shippable-qr,True,False,,|c|o|l|d| |f|i|s|s|i|o|n| |i|n|t|e|r|a|c|t|i|v|e| |w|e|b|r|e|n|d|e|r|,102210fe594ee9b33d82058545b1ed14f4c8206e,LastVisualChange,reddit-billgates-post-1.posts,True,reddit-billgates-post-1.posts LastVisualChange opt cold fission webrender,,77,ms,firefox,,1765601342,2023-10-01 20:03:17,565.5,1c52958ae6ea59e32694986c0d6332b8171aca86,1309258,,,,,,,,,,,,,,,,,,,,,,,,,,,,,,,,,,,,,,,,,,,,,,,,,,,,,,,,,,,,,TN,TN
autoland,4060512,13,77a9707257b88d3b15060667769a2def98a71cff,windows10-64-shippable-qr,True,False,,|c|o|l|d| |f|i|s|s|i|o|n| |i|n|t|e|r|a|c|t|i|v|e| |w|e|b|r|e|n|d|e|r|,102210fe594ee9b33d82058545b1ed14f4c8206e,LastVisualChange,reddit-billgates-post-1.posts,True,reddit-billgates-post-1.posts LastVisualChange opt cold fission webrender,,77,ms,firefox,,1765702566,2023-10-02 00:31:45,515.8,55fc90da3cff35171d66e3dcf280575bef8c17a6,1309288,,,,,,,,,,,,,,,,,,,,,,,,,,,,,,,,,,,,,,,,,,,,,,,,,,,,,,,,,,,,,TN,TN
autoland,4060512,13,77a9707257b88d3b15060667769a2def98a71cff,windows10-64-shippable-qr,True,False,,|c|o|l|d| |f|i|s|s|i|o|n| |i|n|t|e|r|a|c|t|i|v|e| |w|e|b|r|e|n|d|e|r|,102210fe594ee9b33d82058545b1ed14f4c8206e,LastVisualChange,reddit-billgates-post-1.posts,True,reddit-billgates-post-1.posts LastVisualChange opt cold fission webrender,,77,ms,firefox,,1765891338,2023-10-02 11:08:53,518.5,318059aaa167779fcc844cbf085cb7ffacc47523,1309454,,,,,,,,,,,,,,,,,,,,,,,,,,,,,,,,,,,,,,,,,,,,,,,,,,,,,,,,,,,,,TN,TN
autoland,4060512,13,77a9707257b88d3b15060667769a2def98a71cff,windows10-64-shippable-qr,True,False,,|c|o|l|d| |f|i|s|s|i|o|n| |i|n|t|e|r|a|c|t|i|v|e| |w|e|b|r|e|n|d|e|r|,102210fe594ee9b33d82058545b1ed14f4c8206e,LastVisualChange,reddit-billgates-post-1.posts,True,reddit-billgates-post-1.posts LastVisualChange opt cold fission webrender,,77,ms,firefox,,1766452033,2023-10-02 13:23:04,516.0,d4e50ba4e3bb32cd117ee7c751c056f37b00e6f4,1309543,,,,,,,,,,,,,,,,,,,,,,,,,,,,,,,,,,,,,,,,,,,,,,,,,,,,,,,,,,,,,TN,TN
autoland,4060512,13,77a9707257b88d3b15060667769a2def98a71cff,windows10-64-shippable-qr,True,False,,|c|o|l|d| |f|i|s|s|i|o|n| |i|n|t|e|r|a|c|t|i|v|e| |w|e|b|r|e|n|d|e|r|,102210fe594ee9b33d82058545b1ed14f4c8206e,LastVisualChange,reddit-billgates-post-1.posts,True,reddit-billgates-post-1.posts LastVisualChange opt cold fission webrender,,77,ms,firefox,,1766466978,2023-10-02 13:24:00,517.1,1404f0f8f3636b099bf2bce17070418ad38f1890,1309544,,,,,,,,,,,,,,,,,,,,,,,,,,,,,,,,,,,,,,,,,,,,,,,,,,,,,,,,,,,,,TN,TN
autoland,4060512,13,77a9707257b88d3b15060667769a2def98a71cff,windows10-64-shippable-qr,True,False,,|c|o|l|d| |f|i|s|s|i|o|n| |i|n|t|e|r|a|c|t|i|v|e| |w|e|b|r|e|n|d|e|r|,102210fe594ee9b33d82058545b1ed14f4c8206e,LastVisualChange,reddit-billgates-post-1.posts,True,reddit-billgates-post-1.posts LastVisualChange opt cold fission webrender,,77,ms,firefox,,1766498757,2023-10-02 13:24:51,519.0,ee29ea36851a37d2f52579657e670838c92d0068,1309545,,,,,,,,,,,,,,,,,,,,,,,,,,,,,,,,,,,,,,,,,,,,,,,,,,,,,,,,,,,,,TN,TN
autoland,4060512,13,77a9707257b88d3b15060667769a2def98a71cff,windows10-64-shippable-qr,True,False,,|c|o|l|d| |f|i|s|s|i|o|n| |i|n|t|e|r|a|c|t|i|v|e| |w|e|b|r|e|n|d|e|r|,102210fe594ee9b33d82058545b1ed14f4c8206e,LastVisualChange,reddit-billgates-post-1.posts,True,reddit-billgates-post-1.posts LastVisualChange opt cold fission webrender,,77,ms,firefox,,1766064231,2023-10-02 16:59:31,528.6,db33a2d0d6c36f0c15318f1c5ffaa7498a1ee4f3,1309721,,,,,,,,,,,,,,,,,,,,,,,,,,,,,,,,,,,,,,,,,,,,,,,,,,,,,,,,,,,,,TN,TN
autoland,4060512,13,77a9707257b88d3b15060667769a2def98a71cff,windows10-64-shippable-qr,True,False,,|c|o|l|d| |f|i|s|s|i|o|n| |i|n|t|e|r|a|c|t|i|v|e| |w|e|b|r|e|n|d|e|r|,102210fe594ee9b33d82058545b1ed14f4c8206e,LastVisualChange,reddit-billgates-post-1.posts,True,reddit-billgates-post-1.posts LastVisualChange opt cold fission webrender,,77,ms,firefox,,1766151439,2023-10-02 20:46:43,528.1,0435b7e1340f2ced37216f0dd2fbf09a0a8f2cad,1309872,,,,,,,,,,,,,,,,,,,,,,,,,,,,,,,,,,,,,,,,,,,,,,,,,,,,,,,,,,,,,TN,TN
autoland,4060512,13,77a9707257b88d3b15060667769a2def98a71cff,windows10-64-shippable-qr,True,False,,|c|o|l|d| |f|i|s|s|i|o|n| |i|n|t|e|r|a|c|t|i|v|e| |w|e|b|r|e|n|d|e|r|,102210fe594ee9b33d82058545b1ed14f4c8206e,LastVisualChange,reddit-billgates-post-1.posts,True,reddit-billgates-post-1.posts LastVisualChange opt cold fission webrender,,77,ms,firefox,,1766437409,2023-10-03 05:01:50,523.8,53af11a26cb69e0616d9f481f988276e0a6da93e,1310080,,,,,,,,,,,,,,,,,,,,,,,,,,,,,,,,,,,,,,,,,,,,,,,,,,,,,,,,,,,,,TN,TN
autoland,4060512,13,77a9707257b88d3b15060667769a2def98a71cff,windows10-64-shippable-qr,True,False,,|c|o|l|d| |f|i|s|s|i|o|n| |i|n|t|e|r|a|c|t|i|v|e| |w|e|b|r|e|n|d|e|r|,102210fe594ee9b33d82058545b1ed14f4c8206e,LastVisualChange,reddit-billgates-post-1.posts,True,reddit-billgates-post-1.posts LastVisualChange opt cold fission webrender,,77,ms,firefox,,1766721472,2023-10-03 11:04:59,525.8,f003c74ca9f9399bc6db342491d997d682efc357,1310236,,,,,,,,,,,,,,,,,,,,,,,,,,,,,,,,,,,,,,,,,,,,,,,,,,,,,,,,,,,,,TN,TN
autoland,4060512,13,77a9707257b88d3b15060667769a2def98a71cff,windows10-64-shippable-qr,True,False,,|c|o|l|d| |f|i|s|s|i|o|n| |i|n|t|e|r|a|c|t|i|v|e| |w|e|b|r|e|n|d|e|r|,102210fe594ee9b33d82058545b1ed14f4c8206e,LastVisualChange,reddit-billgates-post-1.posts,True,reddit-billgates-post-1.posts LastVisualChange opt cold fission webrender,,77,ms,firefox,,1766750875,2023-10-03 12:29:11,501.9,e17d7235b6833e36a524263990347804df15c7fb,1310274,,,,,,,,,,,,,,,,,,,,,,,,,,,,,,,,,,,,,,,,,,,,,,,,,,,,,,,,,,,,,TN,TN
autoland,4060512,13,77a9707257b88d3b15060667769a2def98a71cff,windows10-64-shippable-qr,True,False,,|c|o|l|d| |f|i|s|s|i|o|n| |i|n|t|e|r|a|c|t|i|v|e| |w|e|b|r|e|n|d|e|r|,102210fe594ee9b33d82058545b1ed14f4c8206e,LastVisualChange,reddit-billgates-post-1.posts,True,reddit-billgates-post-1.posts LastVisualChange opt cold fission webrender,,77,ms,firefox,,1767281201,2023-10-03 15:17:19,530.6,b3b1aa7e76bca656376581afa36895bcaf2c2bca,1310382,,,,,,,,,,,,,,,,,,,,,,,,,,,,,,,,,,,,,,,,,,,,,,,,,,,,,,,,,,,,,TN,TN
autoland,4060512,13,77a9707257b88d3b15060667769a2def98a71cff,windows10-64-shippable-qr,True,False,,|c|o|l|d| |f|i|s|s|i|o|n| |i|n|t|e|r|a|c|t|i|v|e| |w|e|b|r|e|n|d|e|r|,102210fe594ee9b33d82058545b1ed14f4c8206e,LastVisualChange,reddit-billgates-post-1.posts,True,reddit-billgates-post-1.posts LastVisualChange opt cold fission webrender,,77,ms,firefox,,1767341820,2023-10-03 15:19:21,521.6,226b3a89b9be28eabc8c9c4dfebb5eac585c4a66,1310384,,,,,,,,,,,,,,,,,,,,,,,,,,,,,,,,,,,,,,,,,,,,,,,,,,,,,,,,,,,,,TN,TN
autoland,4060512,13,77a9707257b88d3b15060667769a2def98a71cff,windows10-64-shippable-qr,True,False,,|c|o|l|d| |f|i|s|s|i|o|n| |i|n|t|e|r|a|c|t|i|v|e| |w|e|b|r|e|n|d|e|r|,102210fe594ee9b33d82058545b1ed14f4c8206e,LastVisualChange,reddit-billgates-post-1.posts,True,reddit-billgates-post-1.posts LastVisualChange opt cold fission webrender,,77,ms,firefox,,1766984952,2023-10-03 16:51:48,515.0,b93578d846b3af884d0a623f8ce43e0183c8307f,1310439,,,,,,,,,,,,,,,,,,,,,,,,,,,,,,,,,,,,,,,,,,,,,,,,,,,,,,,,,,,,,TN,TN
autoland,4060512,13,77a9707257b88d3b15060667769a2def98a71cff,windows10-64-shippable-qr,True,False,,|c|o|l|d| |f|i|s|s|i|o|n| |i|n|t|e|r|a|c|t|i|v|e| |w|e|b|r|e|n|d|e|r|,102210fe594ee9b33d82058545b1ed14f4c8206e,LastVisualChange,reddit-billgates-post-1.posts,True,reddit-billgates-post-1.posts LastVisualChange opt cold fission webrender,,77,ms,firefox,,1767311638,2023-10-03 18:59:16,498.1,629886ef61b65a57dcc4e49625313b4c6b8c8b7e,1310533,,,,,,,,,,,,,,,,,,,,,,,,,,,,,,,,,,,,,,,,,,,,,,,,,,,,,,,,,,,,,TN,TN
autoland,4060512,13,77a9707257b88d3b15060667769a2def98a71cff,windows10-64-shippable-qr,True,False,,|c|o|l|d| |f|i|s|s|i|o|n| |i|n|t|e|r|a|c|t|i|v|e| |w|e|b|r|e|n|d|e|r|,102210fe594ee9b33d82058545b1ed14f4c8206e,LastVisualChange,reddit-billgates-post-1.posts,True,reddit-billgates-post-1.posts LastVisualChange opt cold fission webrender,,77,ms,firefox,,1767133146,2023-10-04 00:09:44,512.3,3fb508020251d2cb191f2d62714da25ec3f35118,1310704,,,,,,,,,,,,,,,,,,,,,,,,,,,,,,,,,,,,,,,,,,,,,,,,,,,,,,,,,,,,,TN,TN
autoland,4060512,13,77a9707257b88d3b15060667769a2def98a71cff,windows10-64-shippable-qr,True,False,,|c|o|l|d| |f|i|s|s|i|o|n| |i|n|t|e|r|a|c|t|i|v|e| |w|e|b|r|e|n|d|e|r|,102210fe594ee9b33d82058545b1ed14f4c8206e,LastVisualChange,reddit-billgates-post-1.posts,True,reddit-billgates-post-1.posts LastVisualChange opt cold fission webrender,,77,ms,firefox,,1767294805,2023-10-04 04:52:48,531.9,413c83e8ccdad48a5ea3e58243d8ec9bb8c317fd,1310758,,,,,,,,,,,,,,,,,,,,,,,,,,,,,,,,,,,,,,,,,,,,,,,,,,,,,,,,,,,,,TN,TN
autoland,4060512,13,77a9707257b88d3b15060667769a2def98a71cff,windows10-64-shippable-qr,True,False,,|c|o|l|d| |f|i|s|s|i|o|n| |i|n|t|e|r|a|c|t|i|v|e| |w|e|b|r|e|n|d|e|r|,102210fe594ee9b33d82058545b1ed14f4c8206e,LastVisualChange,reddit-billgates-post-1.posts,True,reddit-billgates-post-1.posts LastVisualChange opt cold fission webrender,,77,ms,firefox,,1767412157,2023-10-04 07:37:17,529.4,ee60a98b1285e84f8466d929dd7197b4cb9e3beb,1310806,,,,,,,,,,,,,,,,,,,,,,,,,,,,,,,,,,,,,,,,,,,,,,,,,,,,,,,,,,,,,TN,TN
autoland,4060512,13,77a9707257b88d3b15060667769a2def98a71cff,windows10-64-shippable-qr,True,False,,|c|o|l|d| |f|i|s|s|i|o|n| |i|n|t|e|r|a|c|t|i|v|e| |w|e|b|r|e|n|d|e|r|,102210fe594ee9b33d82058545b1ed14f4c8206e,LastVisualChange,reddit-billgates-post-1.posts,True,reddit-billgates-post-1.posts LastVisualChange opt cold fission webrender,,77,ms,firefox,,1768104171,2023-10-04 09:49:47,514.2,1c1b0e052b07035c225a9cfda5aa8f87ea21e372,1310877,,,,,,,,,,,,,,,,,,,,,,,,,,,,,,,,,,,,,,,,,,,,,,,,,,,,,,,,,,,,,TN,TN
autoland,4060512,13,77a9707257b88d3b15060667769a2def98a71cff,windows10-64-shippable-qr,True,False,,|c|o|l|d| |f|i|s|s|i|o|n| |i|n|t|e|r|a|c|t|i|v|e| |w|e|b|r|e|n|d|e|r|,102210fe594ee9b33d82058545b1ed14f4c8206e,LastVisualChange,reddit-billgates-post-1.posts,True,reddit-billgates-post-1.posts LastVisualChange opt cold fission webrender,,77,ms,firefox,,1768103520,2023-10-04 09:51:53,541.7,5bf3ad80b3ec559fbfff98aed41d9b68c097f72a,1310879,,,,,,,,,,,,,,,,,,,,,,,,,,,,,,,,,,,,,,,,,,,,,,,,,,,,,,,,,,,,,TN,TN
autoland,4060512,13,77a9707257b88d3b15060667769a2def98a71cff,windows10-64-shippable-qr,True,False,,|c|o|l|d| |f|i|s|s|i|o|n| |i|n|t|e|r|a|c|t|i|v|e| |w|e|b|r|e|n|d|e|r|,102210fe594ee9b33d82058545b1ed14f4c8206e,LastVisualChange,reddit-billgates-post-1.posts,True,reddit-billgates-post-1.posts LastVisualChange opt cold fission webrender,,77,ms,firefox,,1767574579,2023-10-04 11:43:59,523.7,c559095402a2380ba171d9c60662e36c8d5e948d,1310929,,,,,,,,,,,,,,,,,,,,,,,,,,,,,,,,,,,,,,,,,,,,,,,,,,,,,,,,,,,,,TN,TN
autoland,4060512,13,77a9707257b88d3b15060667769a2def98a71cff,windows10-64-shippable-qr,True,False,,|c|o|l|d| |f|i|s|s|i|o|n| |i|n|t|e|r|a|c|t|i|v|e| |w|e|b|r|e|n|d|e|r|,102210fe594ee9b33d82058545b1ed14f4c8206e,LastVisualChange,reddit-billgates-post-1.posts,True,reddit-billgates-post-1.posts LastVisualChange opt cold fission webrender,,77,ms,firefox,,1767656464,2023-10-04 13:35:26,534.9,764533656770292f05824c8125c45832ba08baa6,1311025,,,,,,,,,,,,,,,,,,,,,,,,,,,,,,,,,,,,,,,,,,,,,,,,,,,,,,,,,,,,,TN,TN
autoland,4060512,13,77a9707257b88d3b15060667769a2def98a71cff,windows10-64-shippable-qr,True,False,,|c|o|l|d| |f|i|s|s|i|o|n| |i|n|t|e|r|a|c|t|i|v|e| |w|e|b|r|e|n|d|e|r|,102210fe594ee9b33d82058545b1ed14f4c8206e,LastVisualChange,reddit-billgates-post-1.posts,True,reddit-billgates-post-1.posts LastVisualChange opt cold fission webrender,,77,ms,firefox,,1767758513,2023-10-04 16:58:39,527.1,ce4c0f200f3bbd6681a6313aebf0d64f7ea8afe5,1311191,,,,,,,,,,,,,,,,,,,,,,,,,,,,,,,,,,,,,,,,,,,,,,,,,,,,,,,,,,,,,TN,TN
autoland,4060512,13,77a9707257b88d3b15060667769a2def98a71cff,windows10-64-shippable-qr,True,False,,|c|o|l|d| |f|i|s|s|i|o|n| |i|n|t|e|r|a|c|t|i|v|e| |w|e|b|r|e|n|d|e|r|,102210fe594ee9b33d82058545b1ed14f4c8206e,LastVisualChange,reddit-billgates-post-1.posts,True,reddit-billgates-post-1.posts LastVisualChange opt cold fission webrender,,77,ms,firefox,,1767909427,2023-10-04 20:54:48,511.9,e557eb7d97ce665fd81c680ed136877f12572c13,1311395,,,,,,,,,,,,,,,,,,,,,,,,,,,,,,,,,,,,,,,,,,,,,,,,,,,,,,,,,,,,,TN,TN
autoland,4060512,13,77a9707257b88d3b15060667769a2def98a71cff,windows10-64-shippable-qr,True,False,,|c|o|l|d| |f|i|s|s|i|o|n| |i|n|t|e|r|a|c|t|i|v|e| |w|e|b|r|e|n|d|e|r|,102210fe594ee9b33d82058545b1ed14f4c8206e,LastVisualChange,reddit-billgates-post-1.posts,True,reddit-billgates-post-1.posts LastVisualChange opt cold fission webrender,,77,ms,firefox,,1768015616,2023-10-05 00:01:56,514.8,59f4df7189285072039d3a68afd88090443edb71,1311536,,,,,,,,,,,,,,,,,,,,,,,,,,,,,,,,,,,,,,,,,,,,,,,,,,,,,,,,,,,,,TN,TN
autoland,4060512,13,77a9707257b88d3b15060667769a2def98a71cff,windows10-64-shippable-qr,True,False,,|c|o|l|d| |f|i|s|s|i|o|n| |i|n|t|e|r|a|c|t|i|v|e| |w|e|b|r|e|n|d|e|r|,102210fe594ee9b33d82058545b1ed14f4c8206e,LastVisualChange,reddit-billgates-post-1.posts,True,reddit-billgates-post-1.posts LastVisualChange opt cold fission webrender,,77,ms,firefox,,1768084356,2023-10-05 04:15:14,527.5,c406ccc1889d7f77e187d219bc9800009e26c02e,1311596,,,,,,,,,,,,,,,,,,,,,,,,,,,,,,,,,,,,,,,,,,,,,,,,,,,,,,,,,,,,,TN,TN
autoland,4060512,13,77a9707257b88d3b15060667769a2def98a71cff,windows10-64-shippable-qr,True,False,,|c|o|l|d| |f|i|s|s|i|o|n| |i|n|t|e|r|a|c|t|i|v|e| |w|e|b|r|e|n|d|e|r|,102210fe594ee9b33d82058545b1ed14f4c8206e,LastVisualChange,reddit-billgates-post-1.posts,True,reddit-billgates-post-1.posts LastVisualChange opt cold fission webrender,,77,ms,firefox,,1768177036,2023-10-05 08:15:44,538.3,526604ee2cd434fcf94020c1c8b6b96d253a6e83,1311663,,,,,,,,,,,,,,,,,,,,,,,,,,,,,,,,,,,,,,,,,,,,,,,,,,,,,,,,,,,,,TN,TN
autoland,4060512,13,77a9707257b88d3b15060667769a2def98a71cff,windows10-64-shippable-qr,True,False,,|c|o|l|d| |f|i|s|s|i|o|n| |i|n|t|e|r|a|c|t|i|v|e| |w|e|b|r|e|n|d|e|r|,102210fe594ee9b33d82058545b1ed14f4c8206e,LastVisualChange,reddit-billgates-post-1.posts,True,reddit-billgates-post-1.posts LastVisualChange opt cold fission webrender,,77,ms,firefox,,1768230202,2023-10-05 08:43:24,517.5,352fa7471fb72db127fc25a7723d201abec7bd50,1311677,,,,,,,,,,,,,,,,,,,,,,,,,,,,,,,,,,,,,,,,,,,,,,,,,,,,,,,,,,,,,TN,TN
autoland,4060512,13,77a9707257b88d3b15060667769a2def98a71cff,windows10-64-shippable-qr,True,False,,|c|o|l|d| |f|i|s|s|i|o|n| |i|n|t|e|r|a|c|t|i|v|e| |w|e|b|r|e|n|d|e|r|,102210fe594ee9b33d82058545b1ed14f4c8206e,LastVisualChange,reddit-billgates-post-1.posts,True,reddit-billgates-post-1.posts LastVisualChange opt cold fission webrender,,77,ms,firefox,,1768495815,2023-10-05 13:03:19,515.4,071a248f1589b12a9d492997caf012ac6a813d61,1311840,,,,,,,,,,,,,,,,,,,,,,,,,,,,,,,,,,,,,,,,,,,,,,,,,,,,,,,,,,,,,TN,TN
autoland,4060512,13,77a9707257b88d3b15060667769a2def98a71cff,windows10-64-shippable-qr,True,False,,|c|o|l|d| |f|i|s|s|i|o|n| |i|n|t|e|r|a|c|t|i|v|e| |w|e|b|r|e|n|d|e|r|,102210fe594ee9b33d82058545b1ed14f4c8206e,LastVisualChange,reddit-billgates-post-1.posts,True,reddit-billgates-post-1.posts LastVisualChange opt cold fission webrender,,77,ms,firefox,,1768416838,2023-10-05 14:07:33,573.1,38a59b940c35dfab50ff2deda3fe6f27bfa99213,1311899,,,,,,,,,,,,,,,,,,,,,,,,,,,,,,,,,,,,,,,,,,,,,,,,,,,,,,,,,,,,,TN,TN
autoland,4060512,13,77a9707257b88d3b15060667769a2def98a71cff,windows10-64-shippable-qr,True,False,,|c|o|l|d| |f|i|s|s|i|o|n| |i|n|t|e|r|a|c|t|i|v|e| |w|e|b|r|e|n|d|e|r|,102210fe594ee9b33d82058545b1ed14f4c8206e,LastVisualChange,reddit-billgates-post-1.posts,True,reddit-billgates-post-1.posts LastVisualChange opt cold fission webrender,,77,ms,firefox,,1768672022,2023-10-05 17:18:24,527.9,def7651a06fb17bb344eaf48cc6daa6047be722e,1312069,,,,,,,,,,,,,,,,,,,,,,,,,,,,,,,,,,,,,,,,,,,,,,,,,,,,,,,,,,,,,TN,TN
autoland,4060512,13,77a9707257b88d3b15060667769a2def98a71cff,windows10-64-shippable-qr,True,False,,|c|o|l|d| |f|i|s|s|i|o|n| |i|n|t|e|r|a|c|t|i|v|e| |w|e|b|r|e|n|d|e|r|,102210fe594ee9b33d82058545b1ed14f4c8206e,LastVisualChange,reddit-billgates-post-1.posts,True,reddit-billgates-post-1.posts LastVisualChange opt cold fission webrender,,77,ms,firefox,,1768778956,2023-10-05 19:49:01,507.7,5cb270a4e6b6f0aa6cd6865b7f8daf75ad10263c,1312160,,,,,,,,,,,,,,,,,,,,,,,,,,,,,,,,,,,,,,,,,,,,,,,,,,,,,,,,,,,,,TN,TN
autoland,4060512,13,77a9707257b88d3b15060667769a2def98a71cff,windows10-64-shippable-qr,True,False,,|c|o|l|d| |f|i|s|s|i|o|n| |i|n|t|e|r|a|c|t|i|v|e| |w|e|b|r|e|n|d|e|r|,102210fe594ee9b33d82058545b1ed14f4c8206e,LastVisualChange,reddit-billgates-post-1.posts,True,reddit-billgates-post-1.posts LastVisualChange opt cold fission webrender,,77,ms,firefox,,1768925844,2023-10-06 01:08:36,516.0,461a9c98a535b9896e9d394bdfee72ce90cf7afd,1312319,,,,,,,,,,,,,,,,,,,,,,,,,,,,,,,,,,,,,,,,,,,,,,,,,,,,,,,,,,,,,TN,TN
autoland,4060512,13,77a9707257b88d3b15060667769a2def98a71cff,windows10-64-shippable-qr,True,False,,|c|o|l|d| |f|i|s|s|i|o|n| |i|n|t|e|r|a|c|t|i|v|e| |w|e|b|r|e|n|d|e|r|,102210fe594ee9b33d82058545b1ed14f4c8206e,LastVisualChange,reddit-billgates-post-1.posts,True,reddit-billgates-post-1.posts LastVisualChange opt cold fission webrender,,77,ms,firefox,,1769043269,2023-10-06 04:02:35,521.8,055e1badb79853e71fe9123f8e0c60a4381a1239,1312369,,,,,,,,,,,,,,,,,,,,,,,,,,,,,,,,,,,,,,,,,,,,,,,,,,,,,,,,,,,,,TN,TN
autoland,4060512,13,77a9707257b88d3b15060667769a2def98a71cff,windows10-64-shippable-qr,True,False,,|c|o|l|d| |f|i|s|s|i|o|n| |i|n|t|e|r|a|c|t|i|v|e| |w|e|b|r|e|n|d|e|r|,102210fe594ee9b33d82058545b1ed14f4c8206e,LastVisualChange,reddit-billgates-post-1.posts,True,reddit-billgates-post-1.posts LastVisualChange opt cold fission webrender,,77,ms,firefox,,1769212131,2023-10-06 08:43:18,535.2,00b027478170756439b780282f9cfdf15edea985,1312452,,,,,,,,,,,,,,,,,,,,,,,,,,,,,,,,,,,,,,,,,,,,,,,,,,,,,,,,,,,,,TN,TN
autoland,4060512,13,77a9707257b88d3b15060667769a2def98a71cff,windows10-64-shippable-qr,True,False,,|c|o|l|d| |f|i|s|s|i|o|n| |i|n|t|e|r|a|c|t|i|v|e| |w|e|b|r|e|n|d|e|r|,102210fe594ee9b33d82058545b1ed14f4c8206e,LastVisualChange,reddit-billgates-post-1.posts,True,reddit-billgates-post-1.posts LastVisualChange opt cold fission webrender,,77,ms,firefox,,1769240769,2023-10-06 12:06:22,518.1,9b362770f30bc360df921ba24ace5de8c387e631,1312537,,,,,,,,,,,,,,,,,,,,,,,,,,,,,,,,,,,,,,,,,,,,,,,,,,,,,,,,,,,,,TN,TN
autoland,4060512,13,77a9707257b88d3b15060667769a2def98a71cff,windows10-64-shippable-qr,True,False,,|c|o|l|d| |f|i|s|s|i|o|n| |i|n|t|e|r|a|c|t|i|v|e| |w|e|b|r|e|n|d|e|r|,102210fe594ee9b33d82058545b1ed14f4c8206e,LastVisualChange,reddit-billgates-post-1.posts,True,reddit-billgates-post-1.posts LastVisualChange opt cold fission webrender,,77,ms,firefox,,1769628666,2023-10-06 13:46:53,529.0,8de2cc7842d02711e15c523c1ef655d13a93d459,1312613,,,,,,,,,,,,,,,,,,,,,,,,,,,,,,,,,,,,,,,,,,,,,,,,,,,,,,,,,,,,,TN,TN
autoland,4060512,13,77a9707257b88d3b15060667769a2def98a71cff,windows10-64-shippable-qr,True,False,,|c|o|l|d| |f|i|s|s|i|o|n| |i|n|t|e|r|a|c|t|i|v|e| |w|e|b|r|e|n|d|e|r|,102210fe594ee9b33d82058545b1ed14f4c8206e,LastVisualChange,reddit-billgates-post-1.posts,True,reddit-billgates-post-1.posts LastVisualChange opt cold fission webrender,,77,ms,firefox,,1769639791,2023-10-06 13:56:34,518.9,200aa4c0347a88e2cc21215f1cbe2441ea2feed1,1312619,,,,,,,,,,,,,,,,,,,,,,,,,,,,,,,,,,,,,,,,,,,,,,,,,,,,,,,,,,,,,TN,TN
autoland,4060512,13,77a9707257b88d3b15060667769a2def98a71cff,windows10-64-shippable-qr,True,False,,|c|o|l|d| |f|i|s|s|i|o|n| |i|n|t|e|r|a|c|t|i|v|e| |w|e|b|r|e|n|d|e|r|,102210fe594ee9b33d82058545b1ed14f4c8206e,LastVisualChange,reddit-billgates-post-1.posts,True,reddit-billgates-post-1.posts LastVisualChange opt cold fission webrender,,77,ms,firefox,,1769426124,2023-10-06 19:00:40,538.8,c561ffa6099b97fd965811d77fd98de66c44d32b,1312844,,,,,,,,,,,,,,,,,,,,,,,,,,,,,,,,,,,,,,,,,,,,,,,,,,,,,,,,,,,,,TN,TN
autoland,4060512,13,77a9707257b88d3b15060667769a2def98a71cff,windows10-64-shippable-qr,True,False,,|c|o|l|d| |f|i|s|s|i|o|n| |i|n|t|e|r|a|c|t|i|v|e| |w|e|b|r|e|n|d|e|r|,102210fe594ee9b33d82058545b1ed14f4c8206e,LastVisualChange,reddit-billgates-post-1.posts,True,reddit-billgates-post-1.posts LastVisualChange opt cold fission webrender,,77,ms,firefox,,1769535997,2023-10-06 23:09:23,512.3,1d25ed23e85a3a9d0d9117997337757d0ff718a2,1312997,,,,,,,,,,,,,,,,,,,,,,,,,,,,,,,,,,,,,,,,,,,,,,,,,,,,,,,,,,,,,TN,TN
autoland,4060512,13,77a9707257b88d3b15060667769a2def98a71cff,windows10-64-shippable-qr,True,False,,|c|o|l|d| |f|i|s|s|i|o|n| |i|n|t|e|r|a|c|t|i|v|e| |w|e|b|r|e|n|d|e|r|,102210fe594ee9b33d82058545b1ed14f4c8206e,LastVisualChange,reddit-billgates-post-1.posts,True,reddit-billgates-post-1.posts LastVisualChange opt cold fission webrender,,77,ms,firefox,,1769602848,2023-10-07 03:35:30,527.9,4db29be9ee2947a3d67a996fefc3ff1cb94a6fcc,1313062,,,,,,,,,,,,,,,,,,,,,,,,,,,,,,,,,,,,,,,,,,,,,,,,,,,,,,,,,,,,,TN,TN
autoland,4060512,13,77a9707257b88d3b15060667769a2def98a71cff,windows10-64-shippable-qr,True,False,,|c|o|l|d| |f|i|s|s|i|o|n| |i|n|t|e|r|a|c|t|i|v|e| |w|e|b|r|e|n|d|e|r|,102210fe594ee9b33d82058545b1ed14f4c8206e,LastVisualChange,reddit-billgates-post-1.posts,True,reddit-billgates-post-1.posts LastVisualChange opt cold fission webrender,,77,ms,firefox,,1769644510,2023-10-07 06:02:53,539.4,c4c56469518a5ccc9349ed7d29a0d56eba776df6,1313071,,,,,,,,,,,,,,,,,,,,,,,,,,,,,,,,,,,,,,,,,,,,,,,,,,,,,,,,,,,,,TN,TN
autoland,4060512,13,77a9707257b88d3b15060667769a2def98a71cff,windows10-64-shippable-qr,True,False,,|c|o|l|d| |f|i|s|s|i|o|n| |i|n|t|e|r|a|c|t|i|v|e| |w|e|b|r|e|n|d|e|r|,102210fe594ee9b33d82058545b1ed14f4c8206e,LastVisualChange,reddit-billgates-post-1.posts,True,reddit-billgates-post-1.posts LastVisualChange opt cold fission webrender,,77,ms,firefox,,1769759239,2023-10-07 13:52:35,529.5,ef73c2e8cd831f2a46ff5704623db63232fd912d,1313122,,,,,,,,,,,,,,,,,,,,,,,,,,,,,,,,,,,,,,,,,,,,,,,,,,,,,,,,,,,,,TN,TN
autoland,4060512,13,77a9707257b88d3b15060667769a2def98a71cff,windows10-64-shippable-qr,True,False,,|c|o|l|d| |f|i|s|s|i|o|n| |i|n|t|e|r|a|c|t|i|v|e| |w|e|b|r|e|n|d|e|r|,102210fe594ee9b33d82058545b1ed14f4c8206e,LastVisualChange,reddit-billgates-post-1.posts,True,reddit-billgates-post-1.posts LastVisualChange opt cold fission webrender,,77,ms,firefox,,1769815335,2023-10-07 18:43:49,548.5,8db232d0f8c742a85eb803c996ef87edac9d5c81,1313149,,,,,,,,,,,,,,,,,,,,,,,,,,,,,,,,,,,,,,,,,,,,,,,,,,,,,,,,,,,,,TN,TN
autoland,4060512,13,77a9707257b88d3b15060667769a2def98a71cff,windows10-64-shippable-qr,True,False,,|c|o|l|d| |f|i|s|s|i|o|n| |i|n|t|e|r|a|c|t|i|v|e| |w|e|b|r|e|n|d|e|r|,102210fe594ee9b33d82058545b1ed14f4c8206e,LastVisualChange,reddit-billgates-post-1.posts,True,reddit-billgates-post-1.posts LastVisualChange opt cold fission webrender,,77,ms,firefox,,1769880391,2023-10-07 23:15:17,548.9,fba49989dde6aa32244c622fd43abe19a32128ae,1313184,,,,,,,,,,,,,,,,,,,,,,,,,,,,,,,,,,,,,,,,,,,,,,,,,,,,,,,,,,,,,TN,TN
autoland,4060512,13,77a9707257b88d3b15060667769a2def98a71cff,windows10-64-shippable-qr,True,False,,|c|o|l|d| |f|i|s|s|i|o|n| |i|n|t|e|r|a|c|t|i|v|e| |w|e|b|r|e|n|d|e|r|,102210fe594ee9b33d82058545b1ed14f4c8206e,LastVisualChange,reddit-billgates-post-1.posts,True,reddit-billgates-post-1.posts LastVisualChange opt cold fission webrender,,77,ms,firefox,,1769966033,2023-10-08 08:55:12,532.4,68e866f36130edd1c8de093ac6d8a0fb78006527,1313211,,,,,,,,,,,,,,,,,,,,,,,,,,,,,,,,,,,,,,,,,,,,,,,,,,,,,,,,,,,,,TN,TN
autoland,4060512,13,77a9707257b88d3b15060667769a2def98a71cff,windows10-64-shippable-qr,True,False,,|c|o|l|d| |f|i|s|s|i|o|n| |i|n|t|e|r|a|c|t|i|v|e| |w|e|b|r|e|n|d|e|r|,102210fe594ee9b33d82058545b1ed14f4c8206e,LastVisualChange,reddit-billgates-post-1.posts,True,reddit-billgates-post-1.posts LastVisualChange opt cold fission webrender,,77,ms,firefox,,1770204670,2023-10-08 23:28:16,540.3,38314c6dc43eed509bfa7c922dbbc4147ac2ce34,1313289,,,,,,,,,,,,,,,,,,,,,,,,,,,,,,,,,,,,,,,,,,,,,,,,,,,,,,,,,,,,,TN,TN
autoland,4060512,13,77a9707257b88d3b15060667769a2def98a71cff,windows10-64-shippable-qr,True,False,,|c|o|l|d| |f|i|s|s|i|o|n| |i|n|t|e|r|a|c|t|i|v|e| |w|e|b|r|e|n|d|e|r|,102210fe594ee9b33d82058545b1ed14f4c8206e,LastVisualChange,reddit-billgates-post-1.posts,True,reddit-billgates-post-1.posts LastVisualChange opt cold fission webrender,,77,ms,firefox,,1770272617,2023-10-09 04:48:12,531.0,d5fd5e481ff21f14c9771aa58f8fb378a8430cdf,1313332,,,,,,,,,,,,,,,,,,,,,,,,,,,,,,,,,,,,,,,,,,,,,,,,,,,,,,,,,,,,,TN,TN
autoland,4060512,13,77a9707257b88d3b15060667769a2def98a71cff,windows10-64-shippable-qr,True,False,,|c|o|l|d| |f|i|s|s|i|o|n| |i|n|t|e|r|a|c|t|i|v|e| |w|e|b|r|e|n|d|e|r|,102210fe594ee9b33d82058545b1ed14f4c8206e,LastVisualChange,reddit-billgates-post-1.posts,True,reddit-billgates-post-1.posts LastVisualChange opt cold fission webrender,,77,ms,firefox,,1770331836,2023-10-09 08:48:33,525.0,77c18c08c9ff87c6ff0e5b546ac609296d5e04db,1313413,,,,,,,,,,,,,,,,,,,,,,,,,,,,,,,,,,,,,,,,,,,,,,,,,,,,,,,,,,,,,TN,TN
autoland,4060512,13,77a9707257b88d3b15060667769a2def98a71cff,windows10-64-shippable-qr,True,False,,|c|o|l|d| |f|i|s|s|i|o|n| |i|n|t|e|r|a|c|t|i|v|e| |w|e|b|r|e|n|d|e|r|,102210fe594ee9b33d82058545b1ed14f4c8206e,LastVisualChange,reddit-billgates-post-1.posts,True,reddit-billgates-post-1.posts LastVisualChange opt cold fission webrender,,77,ms,firefox,,1770484052,2023-10-09 11:45:29,538.2,70c980c054e9a0693d3bee343b1235d47894163d,1313495,,,,,,,,,,,,,,,,,,,,,,,,,,,,,,,,,,,,,,,,,,,,,,,,,,,,,,,,,,,,,TN,TN
autoland,4060512,13,77a9707257b88d3b15060667769a2def98a71cff,windows10-64-shippable-qr,True,False,,|c|o|l|d| |f|i|s|s|i|o|n| |i|n|t|e|r|a|c|t|i|v|e| |w|e|b|r|e|n|d|e|r|,102210fe594ee9b33d82058545b1ed14f4c8206e,LastVisualChange,reddit-billgates-post-1.posts,True,reddit-billgates-post-1.posts LastVisualChange opt cold fission webrender,,77,ms,firefox,,1770635284,2023-10-09 16:17:23,535.5,86e82f01df51429edbb4cfa27823d4d71e7844ab,1313678,,,,,,,,,,,,,,,,,,,,,,,,,,,,,,,,,,,,,,,,,,,,,,,,,,,,,,,,,,,,,TN,TN
autoland,4060512,13,77a9707257b88d3b15060667769a2def98a71cff,windows10-64-shippable-qr,True,False,,|c|o|l|d| |f|i|s|s|i|o|n| |i|n|t|e|r|a|c|t|i|v|e| |w|e|b|r|e|n|d|e|r|,102210fe594ee9b33d82058545b1ed14f4c8206e,LastVisualChange,reddit-billgates-post-1.posts,True,reddit-billgates-post-1.posts LastVisualChange opt cold fission webrender,,77,ms,firefox,,1770613333,2023-10-09 16:47:54,538.8,9591bcc532c4599dba688d3555c6a0135139c39a,1313694,,,,,,,,,,,,,,,,,,,,,,,,,,,,,,,,,,,,,,,,,,,,,,,,,,,,,,,,,,,,,TN,TN
autoland,4060512,13,77a9707257b88d3b15060667769a2def98a71cff,windows10-64-shippable-qr,True,False,,|c|o|l|d| |f|i|s|s|i|o|n| |i|n|t|e|r|a|c|t|i|v|e| |w|e|b|r|e|n|d|e|r|,102210fe594ee9b33d82058545b1ed14f4c8206e,LastVisualChange,reddit-billgates-post-1.posts,True,reddit-billgates-post-1.posts LastVisualChange opt cold fission webrender,,77,ms,firefox,,1770744731,2023-10-09 21:45:38,529.1,3d1ac3fb7670dd794589cae42735270de4266f4c,1313856,,,,,,,,,,,,,,,,,,,,,,,,,,,,,,,,,,,,,,,,,,,,,,,,,,,,,,,,,,,,,TN,TN
autoland,4060512,13,77a9707257b88d3b15060667769a2def98a71cff,windows10-64-shippable-qr,True,False,,|c|o|l|d| |f|i|s|s|i|o|n| |i|n|t|e|r|a|c|t|i|v|e| |w|e|b|r|e|n|d|e|r|,102210fe594ee9b33d82058545b1ed14f4c8206e,LastVisualChange,reddit-billgates-post-1.posts,True,reddit-billgates-post-1.posts LastVisualChange opt cold fission webrender,,77,ms,firefox,,1770808412,2023-10-10 02:31:01,531.6,935a0ba75b642adf295d7792f8ad8129f87e4c03,1313960,,,,,,,,,,,,,,,,,,,,,,,,,,,,,,,,,,,,,,,,,,,,,,,,,,,,,,,,,,,,,TN,TN
autoland,4060512,13,77a9707257b88d3b15060667769a2def98a71cff,windows10-64-shippable-qr,True,False,,|c|o|l|d| |f|i|s|s|i|o|n| |i|n|t|e|r|a|c|t|i|v|e| |w|e|b|r|e|n|d|e|r|,102210fe594ee9b33d82058545b1ed14f4c8206e,LastVisualChange,reddit-billgates-post-1.posts,True,reddit-billgates-post-1.posts LastVisualChange opt cold fission webrender,,77,ms,firefox,,1770841384,2023-10-10 06:35:36,524.8,de9287a68ed836a8fd2eb2ba90de0770a18c877a,1314004,,,,,,,,,,,,,,,,,,,,,,,,,,,,,,,,,,,,,,,,,,,,,,,,,,,,,,,,,,,,,TN,TN
autoland,4060512,13,77a9707257b88d3b15060667769a2def98a71cff,windows10-64-shippable-qr,True,False,,|c|o|l|d| |f|i|s|s|i|o|n| |i|n|t|e|r|a|c|t|i|v|e| |w|e|b|r|e|n|d|e|r|,102210fe594ee9b33d82058545b1ed14f4c8206e,LastVisualChange,reddit-billgates-post-1.posts,True,reddit-billgates-post-1.posts LastVisualChange opt cold fission webrender,,77,ms,firefox,,1770907522,2023-10-10 08:23:57,514.1,bec78f6e89cdb3b51ac879af75533217f38970cf,1314048,,,,,,,,,,,,,,,,,,,,,,,,,,,,,,,,,,,,,,,,,,,,,,,,,,,,,,,,,,,,,TN,TN
autoland,4060512,13,77a9707257b88d3b15060667769a2def98a71cff,windows10-64-shippable-qr,True,False,,|c|o|l|d| |f|i|s|s|i|o|n| |i|n|t|e|r|a|c|t|i|v|e| |w|e|b|r|e|n|d|e|r|,102210fe594ee9b33d82058545b1ed14f4c8206e,LastVisualChange,reddit-billgates-post-1.posts,True,reddit-billgates-post-1.posts LastVisualChange opt cold fission webrender,,77,ms,firefox,,1771088671,2023-10-10 12:59:15,525.4,7a4c861a2d10a6757c8844de9bd8f71c94cb6150,1314216,,,,,,,,,,,,,,,,,,,,,,,,,,,,,,,,,,,,,,,,,,,,,,,,,,,,,,,,,,,,,TN,TN
autoland,4060512,13,77a9707257b88d3b15060667769a2def98a71cff,windows10-64-shippable-qr,True,False,,|c|o|l|d| |f|i|s|s|i|o|n| |i|n|t|e|r|a|c|t|i|v|e| |w|e|b|r|e|n|d|e|r|,102210fe594ee9b33d82058545b1ed14f4c8206e,LastVisualChange,reddit-billgates-post-1.posts,True,reddit-billgates-post-1.posts LastVisualChange opt cold fission webrender,,77,ms,firefox,,1771491320,2023-10-10 13:04:52,528.6,fcde87df3b93db3d958e21f5a1824932b5a1e3af,1314219,,,,,,,,,,,,,,,,,,,,,,,,,,,,,,,,,,,,,,,,,,,,,,,,,,,,,,,,,,,,,TN,TN
autoland,4060512,13,77a9707257b88d3b15060667769a2def98a71cff,windows10-64-shippable-qr,True,False,,|c|o|l|d| |f|i|s|s|i|o|n| |i|n|t|e|r|a|c|t|i|v|e| |w|e|b|r|e|n|d|e|r|,102210fe594ee9b33d82058545b1ed14f4c8206e,LastVisualChange,reddit-billgates-post-1.posts,True,reddit-billgates-post-1.posts LastVisualChange opt cold fission webrender,,77,ms,firefox,,1771479760,2023-10-10 13:32:03,535.9,45b924a9f0ce3bb7897eba747182390358f0aab5,1314244,,,,,,,,,,,,,,,,,,,,,,,,,,,,,,,,,,,,,,,,,,,,,,,,,,,,,,,,,,,,,TN,TN
autoland,4060512,13,77a9707257b88d3b15060667769a2def98a71cff,windows10-64-shippable-qr,True,False,,|c|o|l|d| |f|i|s|s|i|o|n| |i|n|t|e|r|a|c|t|i|v|e| |w|e|b|r|e|n|d|e|r|,102210fe594ee9b33d82058545b1ed14f4c8206e,LastVisualChange,reddit-billgates-post-1.posts,True,reddit-billgates-post-1.posts LastVisualChange opt cold fission webrender,,77,ms,firefox,,1771470107,2023-10-10 14:39:22,518.9,60af720985092b2072845a378ab68a4c3f98670a,1314303,,,,,,,,,,,,,,,,,,,,,,,,,,,,,,,,,,,,,,,,,,,,,,,,,,,,,,,,,,,,,TN,TN
autoland,4060512,13,77a9707257b88d3b15060667769a2def98a71cff,windows10-64-shippable-qr,True,False,,|c|o|l|d| |f|i|s|s|i|o|n| |i|n|t|e|r|a|c|t|i|v|e| |w|e|b|r|e|n|d|e|r|,102210fe594ee9b33d82058545b1ed14f4c8206e,LastVisualChange,reddit-billgates-post-1.posts,True,reddit-billgates-post-1.posts LastVisualChange opt cold fission webrender,,77,ms,firefox,,1771117165,2023-10-10 15:20:47,552.4,686073214e498a3ed6018f15d9cd093812f5ab6f,1314341,,,,,,,,,,,,,,,,,,,,,,,,,,,,,,,,,,,,,,,,,,,,,,,,,,,,,,,,,,,,,TN,TN
autoland,4060512,13,77a9707257b88d3b15060667769a2def98a71cff,windows10-64-shippable-qr,True,False,,|c|o|l|d| |f|i|s|s|i|o|n| |i|n|t|e|r|a|c|t|i|v|e| |w|e|b|r|e|n|d|e|r|,102210fe594ee9b33d82058545b1ed14f4c8206e,LastVisualChange,reddit-billgates-post-1.posts,True,reddit-billgates-post-1.posts LastVisualChange opt cold fission webrender,,77,ms,firefox,,1771317209,2023-10-10 18:56:17,531.4,e746122083e758920b17ca0fd4726093187f3715,1314490,,,,,,,,,,,,,,,,,,,,,,,,,,,,,,,,,,,,,,,,,,,,,,,,,,,,,,,,,,,,,TN,TN
autoland,4060512,13,77a9707257b88d3b15060667769a2def98a71cff,windows10-64-shippable-qr,True,False,,|c|o|l|d| |f|i|s|s|i|o|n| |i|n|t|e|r|a|c|t|i|v|e| |w|e|b|r|e|n|d|e|r|,102210fe594ee9b33d82058545b1ed14f4c8206e,LastVisualChange,reddit-billgates-post-1.posts,True,reddit-billgates-post-1.posts LastVisualChange opt cold fission webrender,,77,ms,firefox,,1771400757,2023-10-10 21:46:34,546.5,32a23612bb297f386b6239e7bff0be58b62b2f73,1314585,,,,,,,,,,,,,,,,,,,,,,,,,,,,,,,,,,,,,,,,,,,,,,,,,,,,,,,,,,,,,TN,TN
autoland,4060512,13,77a9707257b88d3b15060667769a2def98a71cff,windows10-64-shippable-qr,True,False,,|c|o|l|d| |f|i|s|s|i|o|n| |i|n|t|e|r|a|c|t|i|v|e| |w|e|b|r|e|n|d|e|r|,102210fe594ee9b33d82058545b1ed14f4c8206e,LastVisualChange,reddit-billgates-post-1.posts,True,reddit-billgates-post-1.posts LastVisualChange opt cold fission webrender,,77,ms,firefox,,1772161197,2023-10-11 00:33:20,514.4,d96615dc7b30363d62e6f07d235da826838846bc,1314688,,,,,,,,,,,,,,,,,,,,,,,,,,,,,,,,,,,,,,,,,,,,,,,,,,,,,,,,,,,,,TN,TN
autoland,4060512,13,77a9707257b88d3b15060667769a2def98a71cff,windows10-64-shippable-qr,True,False,,|c|o|l|d| |f|i|s|s|i|o|n| |i|n|t|e|r|a|c|t|i|v|e| |w|e|b|r|e|n|d|e|r|,102210fe594ee9b33d82058545b1ed14f4c8206e,LastVisualChange,reddit-billgates-post-1.posts,True,reddit-billgates-post-1.posts LastVisualChange opt cold fission webrender,,77,ms,firefox,,1771488357,2023-10-11 04:35:52,525.0,fb1c93363030ee78f4a3ea0da9854fb688a630b8,1314760,,,,,,,,,,,,,,,,,,,,,,,,,,,,,,,,,,,,,,,,,,,,,,,,,,,,,,,,,,,,,TN,TN
autoland,4060512,13,77a9707257b88d3b15060667769a2def98a71cff,windows10-64-shippable-qr,True,False,,|c|o|l|d| |f|i|s|s|i|o|n| |i|n|t|e|r|a|c|t|i|v|e| |w|e|b|r|e|n|d|e|r|,102210fe594ee9b33d82058545b1ed14f4c8206e,LastVisualChange,reddit-billgates-post-1.posts,True,reddit-billgates-post-1.posts LastVisualChange opt cold fission webrender,,77,ms,firefox,,1771523904,2023-10-11 05:18:39,542.4,d677f2833f2cf056757a6a3cf8c2e8b4273fb788,1314767,,,,,,,,,,,,,,,,,,,,,,,,,,,,,,,,,,,,,,,,,,,,,,,,,,,,,,,,,,,,,TN,TN
autoland,4060512,13,77a9707257b88d3b15060667769a2def98a71cff,windows10-64-shippable-qr,True,False,,|c|o|l|d| |f|i|s|s|i|o|n| |i|n|t|e|r|a|c|t|i|v|e| |w|e|b|r|e|n|d|e|r|,102210fe594ee9b33d82058545b1ed14f4c8206e,LastVisualChange,reddit-billgates-post-1.posts,True,reddit-billgates-post-1.posts LastVisualChange opt cold fission webrender,,77,ms,firefox,,1771643367,2023-10-11 09:29:42,526.1,2124c3eebcb12eb72e8ced7bfb3c8521a028af8d,1314864,,,,,,,,,,,,,,,,,,,,,,,,,,,,,,,,,,,,,,,,,,,,,,,,,,,,,,,,,,,,,TN,TN
autoland,4060512,13,77a9707257b88d3b15060667769a2def98a71cff,windows10-64-shippable-qr,True,False,,|c|o|l|d| |f|i|s|s|i|o|n| |i|n|t|e|r|a|c|t|i|v|e| |w|e|b|r|e|n|d|e|r|,102210fe594ee9b33d82058545b1ed14f4c8206e,LastVisualChange,reddit-billgates-post-1.posts,True,reddit-billgates-post-1.posts LastVisualChange opt cold fission webrender,,77,ms,firefox,,1771656457,2023-10-11 10:39:45,565.6,e4751df31e7494090d14b0ab8ff52bab6c1391d7,1314918,,,,,,,,,,,,,,,,,,,,,,,,,,,,,,,,,,,,,,,,,,,,,,,,,,,,,,,,,,,,,TN,TN
autoland,4060512,13,77a9707257b88d3b15060667769a2def98a71cff,windows10-64-shippable-qr,True,False,,|c|o|l|d| |f|i|s|s|i|o|n| |i|n|t|e|r|a|c|t|i|v|e| |w|e|b|r|e|n|d|e|r|,102210fe594ee9b33d82058545b1ed14f4c8206e,LastVisualChange,reddit-billgates-post-1.posts,True,reddit-billgates-post-1.posts LastVisualChange opt cold fission webrender,,77,ms,firefox,,1771768166,2023-10-11 14:42:40,531.5,2f6d9a971e1895c3186c6f2cdc2286c9f6e9694e,1315015,,,,,,,,,,,,,,,,,,,,,,,,,,,,,,,,,,,,,,,,,,,,,,,,,,,,,,,,,,,,,TN,TN
autoland,4060512,13,77a9707257b88d3b15060667769a2def98a71cff,windows10-64-shippable-qr,True,False,,|c|o|l|d| |f|i|s|s|i|o|n| |i|n|t|e|r|a|c|t|i|v|e| |w|e|b|r|e|n|d|e|r|,102210fe594ee9b33d82058545b1ed14f4c8206e,LastVisualChange,reddit-billgates-post-1.posts,True,reddit-billgates-post-1.posts LastVisualChange opt cold fission webrender,,77,ms,firefox,,1771786106,2023-10-11 15:07:05,540.2,a710f6c3ab82ca81444f0478a4882217c3628bf0,1315029,,,,,,,,,,,,,,,,,,,,,,,,,,,,,,,,,,,,,,,,,,,,,,,,,,,,,,,,,,,,,TN,TN
autoland,4060512,13,77a9707257b88d3b15060667769a2def98a71cff,windows10-64-shippable-qr,True,False,,|c|o|l|d| |f|i|s|s|i|o|n| |i|n|t|e|r|a|c|t|i|v|e| |w|e|b|r|e|n|d|e|r|,102210fe594ee9b33d82058545b1ed14f4c8206e,LastVisualChange,reddit-billgates-post-1.posts,True,reddit-billgates-post-1.posts LastVisualChange opt cold fission webrender,,77,ms,firefox,,1771842309,2023-10-11 17:21:18,518.7,be8d8e6ec4b7216d8dcb9b4ff8c8a413fc83da74,1315168,,,,,,,,,,,,,,,,,,,,,,,,,,,,,,,,,,,,,,,,,,,,,,,,,,,,,,,,,,,,,TN,TN
autoland,4060512,13,77a9707257b88d3b15060667769a2def98a71cff,windows10-64-shippable-qr,True,False,,|c|o|l|d| |f|i|s|s|i|o|n| |i|n|t|e|r|a|c|t|i|v|e| |w|e|b|r|e|n|d|e|r|,102210fe594ee9b33d82058545b1ed14f4c8206e,LastVisualChange,reddit-billgates-post-1.posts,True,reddit-billgates-post-1.posts LastVisualChange opt cold fission webrender,,77,ms,firefox,,1771976773,2023-10-11 21:29:22,531.5,dfe9eba9757679d9dda934ba7dd5798a0c3360fe,1315364,,,,,,,,,,,,,,,,,,,,,,,,,,,,,,,,,,,,,,,,,,,,,,,,,,,,,,,,,,,,,TN,TN
autoland,4060512,13,77a9707257b88d3b15060667769a2def98a71cff,windows10-64-shippable-qr,True,False,,|c|o|l|d| |f|i|s|s|i|o|n| |i|n|t|e|r|a|c|t|i|v|e| |w|e|b|r|e|n|d|e|r|,102210fe594ee9b33d82058545b1ed14f4c8206e,LastVisualChange,reddit-billgates-post-1.posts,True,reddit-billgates-post-1.posts LastVisualChange opt cold fission webrender,,77,ms,firefox,,1771956145,2023-10-11 21:41:54,535.6,2cbc64e7dbb0cd771d39710e5c3f2ed9a7e02b50,1315372,,,,,,,,,,,,,,,,,,,,,,,,,,,,,,,,,,,,,,,,,,,,,,,,,,,,,,,,,,,,,TN,TN
autoland,4060512,13,77a9707257b88d3b15060667769a2def98a71cff,windows10-64-shippable-qr,True,False,,|c|o|l|d| |f|i|s|s|i|o|n| |i|n|t|e|r|a|c|t|i|v|e| |w|e|b|r|e|n|d|e|r|,102210fe594ee9b33d82058545b1ed14f4c8206e,LastVisualChange,reddit-billgates-post-1.posts,True,reddit-billgates-post-1.posts LastVisualChange opt cold fission webrender,,77,ms,firefox,,1772147229,2023-10-12 04:10:05,519.0,c77a5d731bccf47b2b9f0714e44d5943f903d95e,1315494,,,,,,,,,,,,,,,,,,,,,,,,,,,,,,,,,,,,,,,,,,,,,,,,,,,,,,,,,,,,,TN,TN
autoland,4060512,13,77a9707257b88d3b15060667769a2def98a71cff,windows10-64-shippable-qr,True,False,,|c|o|l|d| |f|i|s|s|i|o|n| |i|n|t|e|r|a|c|t|i|v|e| |w|e|b|r|e|n|d|e|r|,102210fe594ee9b33d82058545b1ed14f4c8206e,LastVisualChange,reddit-billgates-post-1.posts,True,reddit-billgates-post-1.posts LastVisualChange opt cold fission webrender,,77,ms,firefox,,1772232701,2023-10-12 08:16:23,535.2,d64dc6406137711ffbc7f0bc42f6794a1c4ad236,1315559,,,,,,,,,,,,,,,,,,,,,,,,,,,,,,,,,,,,,,,,,,,,,,,,,,,,,,,,,,,,,TN,TN
autoland,4060512,13,77a9707257b88d3b15060667769a2def98a71cff,windows10-64-shippable-qr,True,False,,|c|o|l|d| |f|i|s|s|i|o|n| |i|n|t|e|r|a|c|t|i|v|e| |w|e|b|r|e|n|d|e|r|,102210fe594ee9b33d82058545b1ed14f4c8206e,LastVisualChange,reddit-billgates-post-1.posts,True,reddit-billgates-post-1.posts LastVisualChange opt cold fission webrender,,77,ms,firefox,,1772296820,2023-10-12 09:32:06,525.7,6eb785f75431f10faa331dabd429029e6dd1224e,1315613,,,,,,,,,,,,,,,,,,,,,,,,,,,,,,,,,,,,,,,,,,,,,,,,,,,,,,,,,,,,,TN,TN
autoland,4060512,13,77a9707257b88d3b15060667769a2def98a71cff,windows10-64-shippable-qr,True,False,,|c|o|l|d| |f|i|s|s|i|o|n| |i|n|t|e|r|a|c|t|i|v|e| |w|e|b|r|e|n|d|e|r|,102210fe594ee9b33d82058545b1ed14f4c8206e,LastVisualChange,reddit-billgates-post-1.posts,True,reddit-billgates-post-1.posts LastVisualChange opt cold fission webrender,,77,ms,firefox,,1772786225,2023-10-12 09:47:02,511.7,c25b3a0b864c4419985106ff938b73a7e1a43cb0,1315625,,,,,,,,,,,,,,,,,,,,,,,,,,,,,,,,,,,,,,,,,,,,,,,,,,,,,,,,,,,,,TN,TN
autoland,4060512,13,77a9707257b88d3b15060667769a2def98a71cff,windows10-64-shippable-qr,True,False,,|c|o|l|d| |f|i|s|s|i|o|n| |i|n|t|e|r|a|c|t|i|v|e| |w|e|b|r|e|n|d|e|r|,102210fe594ee9b33d82058545b1ed14f4c8206e,LastVisualChange,reddit-billgates-post-1.posts,True,reddit-billgates-post-1.posts LastVisualChange opt cold fission webrender,,77,ms,firefox,,1772797245,2023-10-12 09:59:06,542.4,9e5296fd6179caf9546e8478d7d34b22972ea0ed,1315630,,,,,,,,,,,,,,,,,,,,,,,,,,,,,,,,,,,,,,,,,,,,,,,,,,,,,,,,,,,,,TN,TN
autoland,4060512,13,77a9707257b88d3b15060667769a2def98a71cff,windows10-64-shippable-qr,True,False,,|c|o|l|d| |f|i|s|s|i|o|n| |i|n|t|e|r|a|c|t|i|v|e| |w|e|b|r|e|n|d|e|r|,102210fe594ee9b33d82058545b1ed14f4c8206e,LastVisualChange,reddit-billgates-post-1.posts,True,reddit-billgates-post-1.posts LastVisualChange opt cold fission webrender,,77,ms,firefox,,1772372763,2023-10-12 12:42:22,529.4,d3c6163a42b6002297fdb7cbb78395ee4495a357,1315709,,,,,,,,,,,,,,,,,,,,,,,,,,,,,,,,,,,,,,,,,,,,,,,,,,,,,,,,,,,,,TN,TN
autoland,4060512,13,77a9707257b88d3b15060667769a2def98a71cff,windows10-64-shippable-qr,True,False,,|c|o|l|d| |f|i|s|s|i|o|n| |i|n|t|e|r|a|c|t|i|v|e| |w|e|b|r|e|n|d|e|r|,102210fe594ee9b33d82058545b1ed14f4c8206e,LastVisualChange,reddit-billgates-post-1.posts,True,reddit-billgates-post-1.posts LastVisualChange opt cold fission webrender,,77,ms,firefox,,1772496549,2023-10-12 17:01:35,535.2,c09a0d19d99b488a292e3583cd0bb488afc74173,1315902,,,,,,,,,,,,,,,,,,,,,,,,,,,,,,,,,,,,,,,,,,,,,,,,,,,,,,,,,,,,,TN,TN
autoland,4060512,13,77a9707257b88d3b15060667769a2def98a71cff,windows10-64-shippable-qr,True,False,,|c|o|l|d| |f|i|s|s|i|o|n| |i|n|t|e|r|a|c|t|i|v|e| |w|e|b|r|e|n|d|e|r|,102210fe594ee9b33d82058545b1ed14f4c8206e,LastVisualChange,reddit-billgates-post-1.posts,True,reddit-billgates-post-1.posts LastVisualChange opt cold fission webrender,,77,ms,firefox,,1772533066,2023-10-12 17:02:35,542.2,a5369079cd89dd91a42689da9aad1fc607ef9146,1315903,,,,,,,,,,,,,,,,,,,,,,,,,,,,,,,,,,,,,,,,,,,,,,,,,,,,,,,,,,,,,TN,TN
autoland,4060512,13,77a9707257b88d3b15060667769a2def98a71cff,windows10-64-shippable-qr,True,False,,|c|o|l|d| |f|i|s|s|i|o|n| |i|n|t|e|r|a|c|t|i|v|e| |w|e|b|r|e|n|d|e|r|,102210fe594ee9b33d82058545b1ed14f4c8206e,LastVisualChange,reddit-billgates-post-1.posts,True,reddit-billgates-post-1.posts LastVisualChange opt cold fission webrender,,77,ms,firefox,,1772602544,2023-10-12 19:48:41,516.7,b9478e8898d6397ccb0ca6d2f90b882083ef91d2,1316052,,,,,,,,,,,,,,,,,,,,,,,,,,,,,,,,,,,,,,,,,,,,,,,,,,,,,,,,,,,,,TN,TN
autoland,4060512,13,77a9707257b88d3b15060667769a2def98a71cff,windows10-64-shippable-qr,True,False,,|c|o|l|d| |f|i|s|s|i|o|n| |i|n|t|e|r|a|c|t|i|v|e| |w|e|b|r|e|n|d|e|r|,102210fe594ee9b33d82058545b1ed14f4c8206e,LastVisualChange,reddit-billgates-post-1.posts,True,reddit-billgates-post-1.posts LastVisualChange opt cold fission webrender,,77,ms,firefox,,1772717187,2023-10-12 23:58:41,521.1,6769216667ff487b1442f654ee41dc5f12c23983,1316211,,,,,,,,,,,,,,,,,,,,,,,,,,,,,,,,,,,,,,,,,,,,,,,,,,,,,,,,,,,,,TN,TN
autoland,4060512,13,77a9707257b88d3b15060667769a2def98a71cff,windows10-64-shippable-qr,True,False,,|c|o|l|d| |f|i|s|s|i|o|n| |i|n|t|e|r|a|c|t|i|v|e| |w|e|b|r|e|n|d|e|r|,102210fe594ee9b33d82058545b1ed14f4c8206e,LastVisualChange,reddit-billgates-post-1.posts,True,reddit-billgates-post-1.posts LastVisualChange opt cold fission webrender,,77,ms,firefox,,1772826603,2023-10-13 06:04:39,507.6,810153993fc0b06ce0eabae2602fc7f74ed9be18,1316292,,,,,,,,,,,,,,,,,,,,,,,,,,,,,,,,,,,,,,,,,,,,,,,,,,,,,,,,,,,,,TN,TN
autoland,4060512,13,77a9707257b88d3b15060667769a2def98a71cff,windows10-64-shippable-qr,True,False,,|c|o|l|d| |f|i|s|s|i|o|n| |i|n|t|e|r|a|c|t|i|v|e| |w|e|b|r|e|n|d|e|r|,102210fe594ee9b33d82058545b1ed14f4c8206e,LastVisualChange,reddit-billgates-post-1.posts,True,reddit-billgates-post-1.posts LastVisualChange opt cold fission webrender,,77,ms,firefox,,1772862576,2023-10-13 06:28:51,530.6,930888998f68ddfb0f36d898e98305e459d7cbb2,1316299,,,,,,,,,,,,,,,,,,,,,,,,,,,,,,,,,,,,,,,,,,,,,,,,,,,,,,,,,,,,,TN,TN
autoland,4060512,13,77a9707257b88d3b15060667769a2def98a71cff,windows10-64-shippable-qr,True,False,,|c|o|l|d| |f|i|s|s|i|o|n| |i|n|t|e|r|a|c|t|i|v|e| |w|e|b|r|e|n|d|e|r|,102210fe594ee9b33d82058545b1ed14f4c8206e,LastVisualChange,reddit-billgates-post-1.posts,True,reddit-billgates-post-1.posts LastVisualChange opt cold fission webrender,,77,ms,firefox,,1772993064,2023-10-13 10:45:16,518.7,0db2502d9e9503580a800e13235be8c02043bbc0,1316413,,,,,,,,,,,,,,,,,,,,,,,,,,,,,,,,,,,,,,,,,,,,,,,,,,,,,,,,,,,,,TN,TN
autoland,4060512,13,77a9707257b88d3b15060667769a2def98a71cff,windows10-64-shippable-qr,True,False,,|c|o|l|d| |f|i|s|s|i|o|n| |i|n|t|e|r|a|c|t|i|v|e| |w|e|b|r|e|n|d|e|r|,102210fe594ee9b33d82058545b1ed14f4c8206e,LastVisualChange,reddit-billgates-post-1.posts,True,reddit-billgates-post-1.posts LastVisualChange opt cold fission webrender,,77,ms,firefox,,1773011516,2023-10-13 11:42:22,535.7,8246d773a07ce105d3a9f92b96007867c7df3cc4,1316442,,,,,,,,,,,,,,,,,,,,,,,,,,,,,,,,,,,,,,,,,,,,,,,,,,,,,,,,,,,,,TN,TN
autoland,4060512,13,77a9707257b88d3b15060667769a2def98a71cff,windows10-64-shippable-qr,True,False,,|c|o|l|d| |f|i|s|s|i|o|n| |i|n|t|e|r|a|c|t|i|v|e| |w|e|b|r|e|n|d|e|r|,102210fe594ee9b33d82058545b1ed14f4c8206e,LastVisualChange,reddit-billgates-post-1.posts,True,reddit-billgates-post-1.posts LastVisualChange opt cold fission webrender,,77,ms,firefox,,1773353358,2023-10-13 14:26:35,505.8,d92869043e48f272340ceae0f119dd775474cb62,1316557,,,,,,,,,,,,,,,,,,,,,,,,,,,,,,,,,,,,,,,,,,,,,,,,,,,,,,,,,,,,,TN,TN
autoland,4060512,13,77a9707257b88d3b15060667769a2def98a71cff,windows10-64-shippable-qr,True,False,,|c|o|l|d| |f|i|s|s|i|o|n| |i|n|t|e|r|a|c|t|i|v|e| |w|e|b|r|e|n|d|e|r|,102210fe594ee9b33d82058545b1ed14f4c8206e,LastVisualChange,reddit-billgates-post-1.posts,True,reddit-billgates-post-1.posts LastVisualChange opt cold fission webrender,,77,ms,firefox,,1773361796,2023-10-13 14:55:48,537.0,0038344669650c895c3351ddfb62b9f89119d0e3,1316590,,,,,,,,,,,,,,,,,,,,,,,,,,,,,,,,,,,,,,,,,,,,,,,,,,,,,,,,,,,,,TN,TN
autoland,4060512,13,77a9707257b88d3b15060667769a2def98a71cff,windows10-64-shippable-qr,True,False,,|c|o|l|d| |f|i|s|s|i|o|n| |i|n|t|e|r|a|c|t|i|v|e| |w|e|b|r|e|n|d|e|r|,102210fe594ee9b33d82058545b1ed14f4c8206e,LastVisualChange,reddit-billgates-post-1.posts,True,reddit-billgates-post-1.posts LastVisualChange opt cold fission webrender,,77,ms,firefox,,1773101193,2023-10-13 15:49:30,525.3,8adc92d3a6a8eeeefd63f98296c29907c3838316,1316607,,,,,,,,,,,,,,,,,,,,,,,,,,,,,,,,,,,,,,,,,,,,,,,,,,,,,,,,,,,,,TN,TN
autoland,4060512,13,77a9707257b88d3b15060667769a2def98a71cff,windows10-64-shippable-qr,True,False,,|c|o|l|d| |f|i|s|s|i|o|n| |i|n|t|e|r|a|c|t|i|v|e| |w|e|b|r|e|n|d|e|r|,102210fe594ee9b33d82058545b1ed14f4c8206e,LastVisualChange,reddit-billgates-post-1.posts,True,reddit-billgates-post-1.posts LastVisualChange opt cold fission webrender,,77,ms,firefox,,1773120692,2023-10-13 16:11:23,526.7,9ba44fb4eeafba4229fe28a6f3b42c79d8d05692,1316611,,,,,,,,,,,,,,,,,,,,,,,,,,,,,,,,,,,,,,,,,,,,,,,,,,,,,,,,,,,,,TN,TN
autoland,4060512,13,77a9707257b88d3b15060667769a2def98a71cff,windows10-64-shippable-qr,True,False,,|c|o|l|d| |f|i|s|s|i|o|n| |i|n|t|e|r|a|c|t|i|v|e| |w|e|b|r|e|n|d|e|r|,102210fe594ee9b33d82058545b1ed14f4c8206e,LastVisualChange,reddit-billgates-post-1.posts,True,reddit-billgates-post-1.posts LastVisualChange opt cold fission webrender,,77,ms,firefox,,1773310128,2023-10-13 20:17:54,505.2,35e20e70da91e5ef4caee7c732541350343fe927,1316790,,,,,,,,,,,,,,,,,,,,,,,,,,,,,,,,,,,,,,,,,,,,,,,,,,,,,,,,,,,,,TN,TN
autoland,4060512,13,77a9707257b88d3b15060667769a2def98a71cff,windows10-64-shippable-qr,True,False,,|c|o|l|d| |f|i|s|s|i|o|n| |i|n|t|e|r|a|c|t|i|v|e| |w|e|b|r|e|n|d|e|r|,102210fe594ee9b33d82058545b1ed14f4c8206e,LastVisualChange,reddit-billgates-post-1.posts,True,reddit-billgates-post-1.posts LastVisualChange opt cold fission webrender,,77,ms,firefox,,1773330460,2023-10-14 00:40:19,524.4,bcd044cb6c313be98b766d19688066871ddaa6b3,1316857,,,,,,,,,,,,,,,,,,,,,,,,,,,,,,,,,,,,,,,,,,,,,,,,,,,,,,,,,,,,,TN,TN
autoland,4060512,13,77a9707257b88d3b15060667769a2def98a71cff,windows10-64-shippable-qr,True,False,,|c|o|l|d| |f|i|s|s|i|o|n| |i|n|t|e|r|a|c|t|i|v|e| |w|e|b|r|e|n|d|e|r|,102210fe594ee9b33d82058545b1ed14f4c8206e,LastVisualChange,reddit-billgates-post-1.posts,True,reddit-billgates-post-1.posts LastVisualChange opt cold fission webrender,,77,ms,firefox,,1773372796,2023-10-14 05:14:50,514.8,19db6b0f6713fdb1f311426a7899070e3ca19d6b,1316873,,,,,,,,,,,,,,,,,,,,,,,,,,,,,,,,,,,,,,,,,,,,,,,,,,,,,,,,,,,,,TN,TN
autoland,4060512,13,77a9707257b88d3b15060667769a2def98a71cff,windows10-64-shippable-qr,True,False,,|c|o|l|d| |f|i|s|s|i|o|n| |i|n|t|e|r|a|c|t|i|v|e| |w|e|b|r|e|n|d|e|r|,102210fe594ee9b33d82058545b1ed14f4c8206e,LastVisualChange,reddit-billgates-post-1.posts,True,reddit-billgates-post-1.posts LastVisualChange opt cold fission webrender,,77,ms,firefox,,1773418584,2023-10-14 09:25:57,520.9,1e870b95242b07bc4961bf7558d0703dd03814b3,1316895,,,,,,,,,,,,,,,,,,,,,,,,,,,,,,,,,,,,,,,,,,,,,,,,,,,,,,,,,,,,,TN,TN
autoland,4060512,13,77a9707257b88d3b15060667769a2def98a71cff,windows10-64-shippable-qr,True,False,,|c|o|l|d| |f|i|s|s|i|o|n| |i|n|t|e|r|a|c|t|i|v|e| |w|e|b|r|e|n|d|e|r|,102210fe594ee9b33d82058545b1ed14f4c8206e,LastVisualChange,reddit-billgates-post-1.posts,True,reddit-billgates-post-1.posts LastVisualChange opt cold fission webrender,,77,ms,firefox,,1773552030,2023-10-14 16:14:11,532.7,3f99c563251ec523301e9d46e6904989fc827306,1316942,,,,,,,,,,,,,,,,,,,,,,,,,,,,,,,,,,,,,,,,,,,,,,,,,,,,,,,,,,,,,TN,TN
autoland,4060512,13,77a9707257b88d3b15060667769a2def98a71cff,windows10-64-shippable-qr,True,False,,|c|o|l|d| |f|i|s|s|i|o|n| |i|n|t|e|r|a|c|t|i|v|e| |w|e|b|r|e|n|d|e|r|,102210fe594ee9b33d82058545b1ed14f4c8206e,LastVisualChange,reddit-billgates-post-1.posts,True,reddit-billgates-post-1.posts LastVisualChange opt cold fission webrender,,77,ms,firefox,,1773695829,2023-10-15 06:24:19,525.1,468469f54da6070a84314dc3c4ddcdfaca74b714,1316977,,,,,,,,,,,,,,,,,,,,,,,,,,,,,,,,,,,,,,,,,,,,,,,,,,,,,,,,,,,,,TN,TN
autoland,4060512,13,77a9707257b88d3b15060667769a2def98a71cff,windows10-64-shippable-qr,True,False,,|c|o|l|d| |f|i|s|s|i|o|n| |i|n|t|e|r|a|c|t|i|v|e| |w|e|b|r|e|n|d|e|r|,102210fe594ee9b33d82058545b1ed14f4c8206e,LastVisualChange,reddit-billgates-post-1.posts,True,reddit-billgates-post-1.posts LastVisualChange opt cold fission webrender,,77,ms,firefox,,1773764376,2023-10-15 10:45:53,512.0,91657cb1296c904004ace38877b9ca91f502be3f,1317007,,,,,,,,,,,,,,,,,,,,,,,,,,,,,,,,,,,,,,,,,,,,,,,,,,,,,,,,,,,,,TN,TN
autoland,4060512,13,77a9707257b88d3b15060667769a2def98a71cff,windows10-64-shippable-qr,True,False,,|c|o|l|d| |f|i|s|s|i|o|n| |i|n|t|e|r|a|c|t|i|v|e| |w|e|b|r|e|n|d|e|r|,102210fe594ee9b33d82058545b1ed14f4c8206e,LastVisualChange,reddit-billgates-post-1.posts,True,reddit-billgates-post-1.posts LastVisualChange opt cold fission webrender,,77,ms,firefox,,1773795276,2023-10-15 15:32:44,548.6,aba20bc488e22880b8ef5a89916ecabb51cee798,1317021,,,,,,,,,,,,,,,,,,,,,,,,,,,,,,,,,,,,,,,,,,,,,,,,,,,,,,,,,,,,,TN,TN
autoland,4060512,13,77a9707257b88d3b15060667769a2def98a71cff,windows10-64-shippable-qr,True,False,,|c|o|l|d| |f|i|s|s|i|o|n| |i|n|t|e|r|a|c|t|i|v|e| |w|e|b|r|e|n|d|e|r|,102210fe594ee9b33d82058545b1ed14f4c8206e,LastVisualChange,reddit-billgates-post-1.posts,True,reddit-billgates-post-1.posts LastVisualChange opt cold fission webrender,,77,ms,firefox,,1773934533,2023-10-16 01:55:37,539.0,f3de6f924333ec7c359d81d9fb16a9fca07ee42e,1317071,,,,,,,,,,,,,,,,,,,,,,,,,,,,,,,,,,,,,,,,,,,,,,,,,,,,,,,,,,,,,TN,TN
autoland,4060512,13,77a9707257b88d3b15060667769a2def98a71cff,windows10-64-shippable-qr,True,False,,|c|o|l|d| |f|i|s|s|i|o|n| |i|n|t|e|r|a|c|t|i|v|e| |w|e|b|r|e|n|d|e|r|,102210fe594ee9b33d82058545b1ed14f4c8206e,LastVisualChange,reddit-billgates-post-1.posts,True,reddit-billgates-post-1.posts LastVisualChange opt cold fission webrender,,77,ms,firefox,,1773985772,2023-10-16 05:57:00,548.3,e891ad8158b3106dceb2199ed2c74c0c2f05fa88,1317093,,,,,,,,,,,,,,,,,,,,,,,,,,,,,,,,,,,,,,,,,,,,,,,,,,,,,,,,,,,,,TN,TN
autoland,4060512,13,77a9707257b88d3b15060667769a2def98a71cff,windows10-64-shippable-qr,True,False,,|c|o|l|d| |f|i|s|s|i|o|n| |i|n|t|e|r|a|c|t|i|v|e| |w|e|b|r|e|n|d|e|r|,102210fe594ee9b33d82058545b1ed14f4c8206e,LastVisualChange,reddit-billgates-post-1.posts,True,reddit-billgates-post-1.posts LastVisualChange opt cold fission webrender,,77,ms,firefox,,1774698957,2023-10-16 08:23:09,547.8,56bf1b814b61d03feb5af78e0597df5e42a3d9b1,1317139,,,,,,,,,,,,,,,,,,,,,,,,,,,,,,,,,,,,,,,,,,,,,,,,,,,,,,,,,,,,,TN,TN
autoland,4060512,13,77a9707257b88d3b15060667769a2def98a71cff,windows10-64-shippable-qr,True,False,,|c|o|l|d| |f|i|s|s|i|o|n| |i|n|t|e|r|a|c|t|i|v|e| |w|e|b|r|e|n|d|e|r|,102210fe594ee9b33d82058545b1ed14f4c8206e,LastVisualChange,reddit-billgates-post-1.posts,True,reddit-billgates-post-1.posts LastVisualChange opt cold fission webrender,,77,ms,firefox,,1774689118,2023-10-16 08:56:06,522.3,fd6b422ae3e6288547b10ebdb73868dbf8146f3c,1317154,,,,,,,,,,,,,,,,,,,,,,,,,,,,,,,,,,,,,,,,,,,,,,,,,,,,,,,,,,,,,TN,TN
autoland,4060512,13,77a9707257b88d3b15060667769a2def98a71cff,windows10-64-shippable-qr,True,False,,|c|o|l|d| |f|i|s|s|i|o|n| |i|n|t|e|r|a|c|t|i|v|e| |w|e|b|r|e|n|d|e|r|,102210fe594ee9b33d82058545b1ed14f4c8206e,LastVisualChange,reddit-billgates-post-1.posts,True,reddit-billgates-post-1.posts LastVisualChange opt cold fission webrender,,77,ms,firefox,,1774732143,2023-10-16 08:56:06,524.4,fd6b422ae3e6288547b10ebdb73868dbf8146f3c,1317154,,,,,,,,,,,,,,,,,,,,,,,,,,,,,,,,,,,,,,,,,,,,,,,,,,,,,,,,,,,,,TN,TN
autoland,4060512,13,77a9707257b88d3b15060667769a2def98a71cff,windows10-64-shippable-qr,True,False,,|c|o|l|d| |f|i|s|s|i|o|n| |i|n|t|e|r|a|c|t|i|v|e| |w|e|b|r|e|n|d|e|r|,102210fe594ee9b33d82058545b1ed14f4c8206e,LastVisualChange,reddit-billgates-post-1.posts,True,reddit-billgates-post-1.posts LastVisualChange opt cold fission webrender,,77,ms,firefox,,1774741692,2023-10-16 08:59:07,525.4,0ae489476d37cd7110a2ac3774b5cbcb97accfad,1317156,,,,,,,,,,,,,,,,,,,,,,,,,,,,,,,,,,,,,,,,,,,,,,,,,,,,,,,,,,,,,TN,TN
autoland,4060512,13,77a9707257b88d3b15060667769a2def98a71cff,windows10-64-shippable-qr,True,False,,|c|o|l|d| |f|i|s|s|i|o|n| |i|n|t|e|r|a|c|t|i|v|e| |w|e|b|r|e|n|d|e|r|,102210fe594ee9b33d82058545b1ed14f4c8206e,LastVisualChange,reddit-billgates-post-1.posts,True,reddit-billgates-post-1.posts LastVisualChange opt cold fission webrender,,77,ms,firefox,,1774114346,2023-10-16 10:06:37,521.5,e009aa26b6f79e7e5af18000b983f6decaa90eed,1317197,,,,,,,,,,,,,,,,,,,,,,,,,,,,,,,,,,,,,,,,,,,,,,,,,,,,,,,,,,,,,TN,TN
autoland,4060512,13,77a9707257b88d3b15060667769a2def98a71cff,windows10-64-shippable-qr,True,False,,|c|o|l|d| |f|i|s|s|i|o|n| |i|n|t|e|r|a|c|t|i|v|e| |w|e|b|r|e|n|d|e|r|,102210fe594ee9b33d82058545b1ed14f4c8206e,LastVisualChange,reddit-billgates-post-1.posts,True,reddit-billgates-post-1.posts LastVisualChange opt cold fission webrender,,77,ms,firefox,,1774175784,2023-10-16 11:25:28,549.2,8cb2f63a1e705ad6bf77a8f6dcb151aa3b67d2e6,1317241,,,,,,,,,,,,,,,,,,,,,,,,,,,,,,,,,,,,,,,,,,,,,,,,,,,,,,,,,,,,,TN,TN
autoland,4060512,13,77a9707257b88d3b15060667769a2def98a71cff,windows10-64-shippable-qr,True,False,,|c|o|l|d| |f|i|s|s|i|o|n| |i|n|t|e|r|a|c|t|i|v|e| |w|e|b|r|e|n|d|e|r|,102210fe594ee9b33d82058545b1ed14f4c8206e,LastVisualChange,reddit-billgates-post-1.posts,True,reddit-billgates-post-1.posts LastVisualChange opt cold fission webrender,,77,ms,firefox,,1774262901,2023-10-16 15:34:18,524.9,e0dd0b10e8fd0ea751f11fb0a6548ad9b6780e16,1317419,,,,,,,,,,,,,,,,,,,,,,,,,,,,,,,,,,,,,,,,,,,,,,,,,,,,,,,,,,,,,TN,TN
autoland,4060512,13,77a9707257b88d3b15060667769a2def98a71cff,windows10-64-shippable-qr,True,False,,|c|o|l|d| |f|i|s|s|i|o|n| |i|n|t|e|r|a|c|t|i|v|e| |w|e|b|r|e|n|d|e|r|,102210fe594ee9b33d82058545b1ed14f4c8206e,LastVisualChange,reddit-billgates-post-1.posts,True,reddit-billgates-post-1.posts LastVisualChange opt cold fission webrender,,77,ms,firefox,,1774476857,2023-10-16 19:06:00,518.2,36e5163d2528daaa5669d0f9284470b070c8882e,1317546,,,,,,,,,,,,,,,,,,,,,,,,,,,,,,,,,,,,,,,,,,,,,,,,,,,,,,,,,,,,,TN,TN
autoland,4060512,13,77a9707257b88d3b15060667769a2def98a71cff,windows10-64-shippable-qr,True,False,,|c|o|l|d| |f|i|s|s|i|o|n| |i|n|t|e|r|a|c|t|i|v|e| |w|e|b|r|e|n|d|e|r|,102210fe594ee9b33d82058545b1ed14f4c8206e,LastVisualChange,reddit-billgates-post-1.posts,True,reddit-billgates-post-1.posts LastVisualChange opt cold fission webrender,,77,ms,firefox,,1774671718,2023-10-16 22:21:52,538.5,aeef1b6cce72a720b2929b2f6c4de35348378a73,1317658,,,,,,,,,,,,,,,,,,,,,,,,,,,,,,,,,,,,,,,,,,,,,,,,,,,,,,,,,,,,,TN,TN
autoland,4060512,13,77a9707257b88d3b15060667769a2def98a71cff,windows10-64-shippable-qr,True,False,,|c|o|l|d| |f|i|s|s|i|o|n| |i|n|t|e|r|a|c|t|i|v|e| |w|e|b|r|e|n|d|e|r|,102210fe594ee9b33d82058545b1ed14f4c8206e,LastVisualChange,reddit-billgates-post-1.posts,True,reddit-billgates-post-1.posts LastVisualChange opt cold fission webrender,,77,ms,firefox,,1774754813,2023-10-16 22:29:18,512.7,0c243e4e632e879acf3987d71245084b00de62fb,1317664,,,,,,,,,,,,,,,,,,,,,,,,,,,,,,,,,,,,,,,,,,,,,,,,,,,,,,,,,,,,,TN,TN
autoland,4060512,13,77a9707257b88d3b15060667769a2def98a71cff,windows10-64-shippable-qr,True,False,,|c|o|l|d| |f|i|s|s|i|o|n| |i|n|t|e|r|a|c|t|i|v|e| |w|e|b|r|e|n|d|e|r|,102210fe594ee9b33d82058545b1ed14f4c8206e,LastVisualChange,reddit-billgates-post-1.posts,True,reddit-billgates-post-1.posts LastVisualChange opt cold fission webrender,,77,ms,firefox,,1774566739,2023-10-17 00:17:31,501.6,e4bf7b3e037323072304a1b1327df57c4a54b560,1317700,,,,,,,,,,,,,,,,,,,,,,,,,,,,,,,,,,,,,,,,,,,,,,,,,,,,,,,,,,,,,TN,TN
autoland,4060512,13,77a9707257b88d3b15060667769a2def98a71cff,windows10-64-shippable-qr,True,False,,|c|o|l|d| |f|i|s|s|i|o|n| |i|n|t|e|r|a|c|t|i|v|e| |w|e|b|r|e|n|d|e|r|,102210fe594ee9b33d82058545b1ed14f4c8206e,LastVisualChange,reddit-billgates-post-1.posts,True,reddit-billgates-post-1.posts LastVisualChange opt cold fission webrender,,77,ms,firefox,,1774714390,2023-10-17 05:18:57,536.1,896b283a3e7185d805f59d4dcb3d6bb89e9e62d8,1317768,,,,,,,,,,,,,,,,,,,,,,,,,,,,,,,,,,,,,,,,,,,,,,,,,,,,,,,,,,,,,TN,TN
autoland,4060512,13,77a9707257b88d3b15060667769a2def98a71cff,windows10-64-shippable-qr,True,False,,|c|o|l|d| |f|i|s|s|i|o|n| |i|n|t|e|r|a|c|t|i|v|e| |w|e|b|r|e|n|d|e|r|,102210fe594ee9b33d82058545b1ed14f4c8206e,LastVisualChange,reddit-billgates-post-1.posts,True,reddit-billgates-post-1.posts LastVisualChange opt cold fission webrender,,77,ms,firefox,,1774762900,2023-10-17 06:01:55,509.5,ca60a5861d4a8bd5de1c8e5a9f76c9e35767c38c,1317782,,,,,,,,,,,,,,,,,,,,,,,,,,,,,,,,,,,,,,,,,,,,,,,,,,,,,,,,,,,,,TN,TN
autoland,4060512,13,77a9707257b88d3b15060667769a2def98a71cff,windows10-64-shippable-qr,True,False,,|c|o|l|d| |f|i|s|s|i|o|n| |i|n|t|e|r|a|c|t|i|v|e| |w|e|b|r|e|n|d|e|r|,102210fe594ee9b33d82058545b1ed14f4c8206e,LastVisualChange,reddit-billgates-post-1.posts,True,reddit-billgates-post-1.posts LastVisualChange opt cold fission webrender,,77,ms,firefox,,1774889305,2023-10-17 10:34:28,522.4,d59eb47c0fe47f9dd6886090330bcd49c47262ce,1317920,,,,,,,,,,,,,,,,,,,,,,,,,,,,,,,,,,,,,,,,,,,,,,,,,,,,,,,,,,,,,TN,TN
autoland,4060512,13,77a9707257b88d3b15060667769a2def98a71cff,windows10-64-shippable-qr,True,False,,|c|o|l|d| |f|i|s|s|i|o|n| |i|n|t|e|r|a|c|t|i|v|e| |w|e|b|r|e|n|d|e|r|,102210fe594ee9b33d82058545b1ed14f4c8206e,LastVisualChange,reddit-billgates-post-1.posts,True,reddit-billgates-post-1.posts LastVisualChange opt cold fission webrender,,77,ms,firefox,,1775202503,2023-10-17 13:02:41,511.7,9b7c81791d7f619271724e082934a933604e20da,1318010,,,,,,,,,,,,,,,,,,,,,,,,,,,,,,,,,,,,,,,,,,,,,,,,,,,,,,,,,,,,,TN,TN
autoland,4060512,13,77a9707257b88d3b15060667769a2def98a71cff,windows10-64-shippable-qr,True,False,,|c|o|l|d| |f|i|s|s|i|o|n| |i|n|t|e|r|a|c|t|i|v|e| |w|e|b|r|e|n|d|e|r|,102210fe594ee9b33d82058545b1ed14f4c8206e,LastVisualChange,reddit-billgates-post-1.posts,True,reddit-billgates-post-1.posts LastVisualChange opt cold fission webrender,,77,ms,firefox,,1775588504,2023-10-17 14:44:37,524.3,4df3ab50f61692827e109b3ba0bc095436aefc36,1318087,,,,,,,,,,,,,,,,,,,,,,,,,,,,,,,,,,,,,,,,,,,,,,,,,,,,,,,,,,,,,TN,TN
autoland,4060512,13,77a9707257b88d3b15060667769a2def98a71cff,windows10-64-shippable-qr,True,False,,|c|o|l|d| |f|i|s|s|i|o|n| |i|n|t|e|r|a|c|t|i|v|e| |w|e|b|r|e|n|d|e|r|,102210fe594ee9b33d82058545b1ed14f4c8206e,LastVisualChange,reddit-billgates-post-1.posts,True,reddit-billgates-post-1.posts LastVisualChange opt cold fission webrender,,77,ms,firefox,,1775642450,2023-10-17 14:48:54,557.1,d08a4dbb9e1717c5718d158d2ccfbb8bd38ef48d,1318094,,,,,,,,,,,,,,,,,,,,,,,,,,,,,,,,,,,,,,,,,,,,,,,,,,,,,,,,,,,,,TN,TN
autoland,4060512,13,77a9707257b88d3b15060667769a2def98a71cff,windows10-64-shippable-qr,True,False,,|c|o|l|d| |f|i|s|s|i|o|n| |i|n|t|e|r|a|c|t|i|v|e| |w|e|b|r|e|n|d|e|r|,102210fe594ee9b33d82058545b1ed14f4c8206e,LastVisualChange,reddit-billgates-post-1.posts,True,reddit-billgates-post-1.posts LastVisualChange opt cold fission webrender,,77,ms,firefox,,1775248249,2023-10-17 16:53:16,528.3,684641630402200d14bf5126668b97a4f280fe59,1318176,,,,,,,,,,,,,,,,,,,,,,,,,,,,,,,,,,,,,,,,,,,,,,,,,,,,,,,,,,,,,TN,TN
autoland,4060512,13,77a9707257b88d3b15060667769a2def98a71cff,windows10-64-shippable-qr,True,False,,|c|o|l|d| |f|i|s|s|i|o|n| |i|n|t|e|r|a|c|t|i|v|e| |w|e|b|r|e|n|d|e|r|,102210fe594ee9b33d82058545b1ed14f4c8206e,LastVisualChange,reddit-billgates-post-1.posts,True,reddit-billgates-post-1.posts LastVisualChange opt cold fission webrender,,77,ms,firefox,,1775430458,2023-10-17 21:03:18,508.5,421ffc7aa24ace087dc2a09680943f412adc38ff,1318349,,,,,,,,,,,,,,,,,,,,,,,,,,,,,,,,,,,,,,,,,,,,,,,,,,,,,,,,,,,,,TN,TN
autoland,4060512,13,77a9707257b88d3b15060667769a2def98a71cff,windows10-64-shippable-qr,True,False,,|c|o|l|d| |f|i|s|s|i|o|n| |i|n|t|e|r|a|c|t|i|v|e| |w|e|b|r|e|n|d|e|r|,102210fe594ee9b33d82058545b1ed14f4c8206e,LastVisualChange,reddit-billgates-post-1.posts,True,reddit-billgates-post-1.posts LastVisualChange opt cold fission webrender,,77,ms,firefox,,1775390304,2023-10-17 21:04:13,518.6,4091bed4a0aae7772537e08e6cb49bf0bc7434c9,1318350,,,,,,,,,,,,,,,,,,,,,,,,,,,,,,,,,,,,,,,,,,,,,,,,,,,,,,,,,,,,,TN,TN
autoland,4060512,13,77a9707257b88d3b15060667769a2def98a71cff,windows10-64-shippable-qr,True,False,,|c|o|l|d| |f|i|s|s|i|o|n| |i|n|t|e|r|a|c|t|i|v|e| |w|e|b|r|e|n|d|e|r|,102210fe594ee9b33d82058545b1ed14f4c8206e,LastVisualChange,reddit-billgates-post-1.posts,True,reddit-billgates-post-1.posts LastVisualChange opt cold fission webrender,,77,ms,firefox,,1775571880,2023-10-18 01:40:11,520.2,ba691c21c968a48e1bd212426fcc20fa5f4c276d,1318466,,,,,,,,,,,,,,,,,,,,,,,,,,,,,,,,,,,,,,,,,,,,,,,,,,,,,,,,,,,,,TN,TN
autoland,4060512,13,77a9707257b88d3b15060667769a2def98a71cff,windows10-64-shippable-qr,True,False,,|c|o|l|d| |f|i|s|s|i|o|n| |i|n|t|e|r|a|c|t|i|v|e| |w|e|b|r|e|n|d|e|r|,102210fe594ee9b33d82058545b1ed14f4c8206e,LastVisualChange,reddit-billgates-post-1.posts,True,reddit-billgates-post-1.posts LastVisualChange opt cold fission webrender,,77,ms,firefox,,1775675805,2023-10-18 07:31:34,539.2,47d77a0e86e138652fedb38962b9709f9c0fb98d,1318540,,,,,,,,,,,,,,,,,,,,,,,,,,,,,,,,,,,,,,,,,,,,,,,,,,,,,,,,,,,,,TN,TN
autoland,4060512,13,77a9707257b88d3b15060667769a2def98a71cff,windows10-64-shippable-qr,True,False,,|c|o|l|d| |f|i|s|s|i|o|n| |i|n|t|e|r|a|c|t|i|v|e| |w|e|b|r|e|n|d|e|r|,102210fe594ee9b33d82058545b1ed14f4c8206e,LastVisualChange,reddit-billgates-post-1.posts,True,reddit-billgates-post-1.posts LastVisualChange opt cold fission webrender,,77,ms,firefox,,1776626843,2023-10-18 07:54:20,553.4,9e4f4dfc09522e65b6dfe0113cac8c8fba516089,1318546,,,,,,,,,,,,,,,,,,,,,,,,,,,,,,,,,,,,,,,,,,,,,,,,,,,,,,,,,,,,,TN,TN
autoland,4060512,13,77a9707257b88d3b15060667769a2def98a71cff,windows10-64-shippable-qr,True,False,,|c|o|l|d| |f|i|s|s|i|o|n| |i|n|t|e|r|a|c|t|i|v|e| |w|e|b|r|e|n|d|e|r|,102210fe594ee9b33d82058545b1ed14f4c8206e,LastVisualChange,reddit-billgates-post-1.posts,True,reddit-billgates-post-1.posts LastVisualChange opt cold fission webrender,,77,ms,firefox,,1776640492,2023-10-18 08:00:45,524.7,ee3b3779af7fc81a53859fa92856ef9deae17a75,1318549,,,,,,,,,,,,,,,,,,,,,,,,,,,,,,,,,,,,,,,,,,,,,,,,,,,,,,,,,,,,,TN,TN
autoland,4060512,13,77a9707257b88d3b15060667769a2def98a71cff,windows10-64-shippable-qr,True,False,,|c|o|l|d| |f|i|s|s|i|o|n| |i|n|t|e|r|a|c|t|i|v|e| |w|e|b|r|e|n|d|e|r|,102210fe594ee9b33d82058545b1ed14f4c8206e,LastVisualChange,reddit-billgates-post-1.posts,True,reddit-billgates-post-1.posts LastVisualChange opt cold fission webrender,,77,ms,firefox,,1775876747,2023-10-18 11:51:04,522.3,639c0da2250e38bb3102b66c6105aaf808e2a817,1318689,,,,,,,,,,,,,,,,,,,,,,,,,,,,,,,,,,,,,,,,,,,,,,,,,,,,,,,,,,,,,TN,TN
autoland,4060512,13,77a9707257b88d3b15060667769a2def98a71cff,windows10-64-shippable-qr,True,False,,|c|o|l|d| |f|i|s|s|i|o|n| |i|n|t|e|r|a|c|t|i|v|e| |w|e|b|r|e|n|d|e|r|,102210fe594ee9b33d82058545b1ed14f4c8206e,LastVisualChange,reddit-billgates-post-1.posts,True,reddit-billgates-post-1.posts LastVisualChange opt cold fission webrender,,77,ms,firefox,,1776071514,2023-10-18 16:05:19,515.6,023ae54874d34eb300cdfa9630da4455cb406ad3,1318932,,,,,,,,,,,,,,,,,,,,,,,,,,,,,,,,,,,,,,,,,,,,,,,,,,,,,,,,,,,,,TN,TN
autoland,4060512,13,77a9707257b88d3b15060667769a2def98a71cff,windows10-64-shippable-qr,True,False,,|c|o|l|d| |f|i|s|s|i|o|n| |i|n|t|e|r|a|c|t|i|v|e| |w|e|b|r|e|n|d|e|r|,102210fe594ee9b33d82058545b1ed14f4c8206e,LastVisualChange,reddit-billgates-post-1.posts,True,reddit-billgates-post-1.posts LastVisualChange opt cold fission webrender,,77,ms,firefox,,1776123649,2023-10-18 16:32:33,532.1,361e571454e94ba0cfa1a86d2a7f63a24455581c,1318947,,,,,,,,,,,,,,,,,,,,,,,,,,,,,,,,,,,,,,,,,,,,,,,,,,,,,,,,,,,,,TN,TN
autoland,4060512,13,77a9707257b88d3b15060667769a2def98a71cff,windows10-64-shippable-qr,True,False,,|c|o|l|d| |f|i|s|s|i|o|n| |i|n|t|e|r|a|c|t|i|v|e| |w|e|b|r|e|n|d|e|r|,102210fe594ee9b33d82058545b1ed14f4c8206e,LastVisualChange,reddit-billgates-post-1.posts,True,reddit-billgates-post-1.posts LastVisualChange opt cold fission webrender,,77,ms,firefox,,1776361703,2023-10-18 20:42:45,559.9,77f05957a4fc15dc053469145b93089adfec3484,1319167,,,,,,,,,,,,,,,,,,,,,,,,,,,,,,,,,,,,,,,,,,,,,,,,,,,,,,,,,,,,,TN,TN
autoland,4060512,13,77a9707257b88d3b15060667769a2def98a71cff,windows10-64-shippable-qr,True,False,,|c|o|l|d| |f|i|s|s|i|o|n| |i|n|t|e|r|a|c|t|i|v|e| |w|e|b|r|e|n|d|e|r|,102210fe594ee9b33d82058545b1ed14f4c8206e,LastVisualChange,reddit-billgates-post-1.posts,True,reddit-billgates-post-1.posts LastVisualChange opt cold fission webrender,,77,ms,firefox,,1776317754,2023-10-18 20:46:18,501.6,e059b0995a2a62238ca266c3ed9955434ac43517,1319169,,,,,,,,,,,,,,,,,,,,,,,,,,,,,,,,,,,,,,,,,,,,,,,,,,,,,,,,,,,,,TN,TN
autoland,4060512,13,77a9707257b88d3b15060667769a2def98a71cff,windows10-64-shippable-qr,True,False,,|c|o|l|d| |f|i|s|s|i|o|n| |i|n|t|e|r|a|c|t|i|v|e| |w|e|b|r|e|n|d|e|r|,102210fe594ee9b33d82058545b1ed14f4c8206e,LastVisualChange,reddit-billgates-post-1.posts,True,reddit-billgates-post-1.posts LastVisualChange opt cold fission webrender,,77,ms,firefox,,1776415103,2023-10-18 23:25:14,519.1,beb80bb8c90921077e9c1130ad5a8e925dc060b7,1319276,,,,,,,,,,,,,,,,,,,,,,,,,,,,,,,,,,,,,,,,,,,,,,,,,,,,,,,,,,,,,TN,TN
autoland,4060512,13,77a9707257b88d3b15060667769a2def98a71cff,windows10-64-shippable-qr,True,False,,|c|o|l|d| |f|i|s|s|i|o|n| |i|n|t|e|r|a|c|t|i|v|e| |w|e|b|r|e|n|d|e|r|,102210fe594ee9b33d82058545b1ed14f4c8206e,LastVisualChange,reddit-billgates-post-1.posts,True,reddit-billgates-post-1.posts LastVisualChange opt cold fission webrender,,77,ms,firefox,,1776586514,2023-10-19 04:23:12,522.2,53cee944c60ac3c237a9aa2dacd19aa6bde80c2a,1319373,,,,,,,,,,,,,,,,,,,,,,,,,,,,,,,,,,,,,,,,,,,,,,,,,,,,,,,,,,,,,TN,TN
autoland,4060512,13,77a9707257b88d3b15060667769a2def98a71cff,windows10-64-shippable-qr,True,False,,|c|o|l|d| |f|i|s|s|i|o|n| |i|n|t|e|r|a|c|t|i|v|e| |w|e|b|r|e|n|d|e|r|,102210fe594ee9b33d82058545b1ed14f4c8206e,LastVisualChange,reddit-billgates-post-1.posts,True,reddit-billgates-post-1.posts LastVisualChange opt cold fission webrender,,77,ms,firefox,,1776734982,2023-10-19 08:39:29,528.4,a9a0ca5dc9605973d81ded607dfccd4d0a08dc68,1319455,,,,,,,,,,,,,,,,,,,,,,,,,,,,,,,,,,,,,,,,,,,,,,,,,,,,,,,,,,,,,TN,TN
autoland,4060512,13,77a9707257b88d3b15060667769a2def98a71cff,windows10-64-shippable-qr,True,False,,|c|o|l|d| |f|i|s|s|i|o|n| |i|n|t|e|r|a|c|t|i|v|e| |w|e|b|r|e|n|d|e|r|,102210fe594ee9b33d82058545b1ed14f4c8206e,LastVisualChange,reddit-billgates-post-1.posts,True,reddit-billgates-post-1.posts LastVisualChange opt cold fission webrender,,77,ms,firefox,,1776917107,2023-10-19 12:43:18,515.3,2981b7bbee06c518301e1542545e92b6d80a8d0b,1319613,,,,,,,,,,,,,,,,,,,,,,,,,,,,,,,,,,,,,,,,,,,,,,,,,,,,,,,,,,,,,TN,TN
autoland,4060512,13,77a9707257b88d3b15060667769a2def98a71cff,windows10-64-shippable-qr,True,False,,|c|o|l|d| |f|i|s|s|i|o|n| |i|n|t|e|r|a|c|t|i|v|e| |w|e|b|r|e|n|d|e|r|,102210fe594ee9b33d82058545b1ed14f4c8206e,LastVisualChange,reddit-billgates-post-1.posts,True,reddit-billgates-post-1.posts LastVisualChange opt cold fission webrender,,77,ms,firefox,,1776930583,2023-10-19 12:48:25,543.8,8be39770f68cb52d1a2b14bdf31a34f5e54212e8,1319617,,,,,,,,,,,,,,,,,,,,,,,,,,,,,,,,,,,,,,,,,,,,,,,,,,,,,,,,,,,,,TN,TN
autoland,4060512,13,77a9707257b88d3b15060667769a2def98a71cff,windows10-64-shippable-qr,True,False,,|c|o|l|d| |f|i|s|s|i|o|n| |i|n|t|e|r|a|c|t|i|v|e| |w|e|b|r|e|n|d|e|r|,102210fe594ee9b33d82058545b1ed14f4c8206e,LastVisualChange,reddit-billgates-post-1.posts,True,reddit-billgates-post-1.posts LastVisualChange opt cold fission webrender,,77,ms,firefox,,1776968941,2023-10-19 17:06:19,505.2,fafeb43eefd13b4df24d6526d729b15fb42b7d27,1319833,,,,,,,,,,,,,,,,,,,,,,,,,,,,,,,,,,,,,,,,,,,,,,,,,,,,,,,,,,,,,TN,TN
autoland,4060512,13,77a9707257b88d3b15060667769a2def98a71cff,windows10-64-shippable-qr,True,False,,|c|o|l|d| |f|i|s|s|i|o|n| |i|n|t|e|r|a|c|t|i|v|e| |w|e|b|r|e|n|d|e|r|,102210fe594ee9b33d82058545b1ed14f4c8206e,LastVisualChange,reddit-billgates-post-1.posts,True,reddit-billgates-post-1.posts LastVisualChange opt cold fission webrender,,77,ms,firefox,,1777212256,2023-10-19 20:56:13,552.5,6ae72d4d62c421303fd85fb0939f9baaa5594d83,1319988,,,,,,,,,,,,,,,,,,,,,,,,,,,,,,,,,,,,,,,,,,,,,,,,,,,,,,,,,,,,,TN,TN
autoland,4060512,13,77a9707257b88d3b15060667769a2def98a71cff,windows10-64-shippable-qr,True,False,,|c|o|l|d| |f|i|s|s|i|o|n| |i|n|t|e|r|a|c|t|i|v|e| |w|e|b|r|e|n|d|e|r|,102210fe594ee9b33d82058545b1ed14f4c8206e,LastVisualChange,reddit-billgates-post-1.posts,True,reddit-billgates-post-1.posts LastVisualChange opt cold fission webrender,,77,ms,firefox,,1777210156,2023-10-19 20:58:51,528.5,b61e815058043ef79ba03f013bdf41ef57651fa5,1320000,,,,,,,,,,,,,,,,,,,,,,,,,,,,,,,,,,,,,,,,,,,,,,,,,,,,,,,,,,,,,TN,TN
autoland,4060512,13,77a9707257b88d3b15060667769a2def98a71cff,windows10-64-shippable-qr,True,False,,|c|o|l|d| |f|i|s|s|i|o|n| |i|n|t|e|r|a|c|t|i|v|e| |w|e|b|r|e|n|d|e|r|,102210fe594ee9b33d82058545b1ed14f4c8206e,LastVisualChange,reddit-billgates-post-1.posts,True,reddit-billgates-post-1.posts LastVisualChange opt cold fission webrender,,77,ms,firefox,,1777074171,2023-10-19 22:45:17,531.9,b557109f1b5dd0a5c7be013c630945f886e17708,1320076,,,,,,,,,,,,,,,,,,,,,,,,,,,,,,,,,,,,,,,,,,,,,,,,,,,,,,,,,,,,,TN,TN
autoland,4060512,13,77a9707257b88d3b15060667769a2def98a71cff,windows10-64-shippable-qr,True,False,,|c|o|l|d| |f|i|s|s|i|o|n| |i|n|t|e|r|a|c|t|i|v|e| |w|e|b|r|e|n|d|e|r|,102210fe594ee9b33d82058545b1ed14f4c8206e,LastVisualChange,reddit-billgates-post-1.posts,True,reddit-billgates-post-1.posts LastVisualChange opt cold fission webrender,,77,ms,firefox,,1777094023,2023-10-19 22:59:16,509.5,0546c85daa8d8b6f7a8c5a842fdf1a990215e249,1320081,,,,,,,,,,,,,,,,,,,,,,,,,,,,,,,,,,,,,,,,,,,,,,,,,,,,,,,,,,,,,TN,TN
autoland,4060512,13,77a9707257b88d3b15060667769a2def98a71cff,windows10-64-shippable-qr,True,False,,|c|o|l|d| |f|i|s|s|i|o|n| |i|n|t|e|r|a|c|t|i|v|e| |w|e|b|r|e|n|d|e|r|,102210fe594ee9b33d82058545b1ed14f4c8206e,LastVisualChange,reddit-billgates-post-1.posts,True,reddit-billgates-post-1.posts LastVisualChange opt cold fission webrender,,77,ms,firefox,,1777178274,2023-10-20 03:32:37,505.0,dc0d913ecc2486cafc7a005d2fe6705f2c7da222,1320137,,,,,,,,,,,,,,,,,,,,,,,,,,,,,,,,,,,,,,,,,,,,,,,,,,,,,,,,,,,,,TN,TN
autoland,4060512,13,77a9707257b88d3b15060667769a2def98a71cff,windows10-64-shippable-qr,True,False,,|c|o|l|d| |f|i|s|s|i|o|n| |i|n|t|e|r|a|c|t|i|v|e| |w|e|b|r|e|n|d|e|r|,102210fe594ee9b33d82058545b1ed14f4c8206e,LastVisualChange,reddit-billgates-post-1.posts,True,reddit-billgates-post-1.posts LastVisualChange opt cold fission webrender,,77,ms,firefox,,1777357619,2023-10-20 09:14:56,512.1,5ebf0b67d0519897b95e84598900434fe92b7abb,1320186,,,,,,,,,,,,,,,,,,,,,,,,,,,,,,,,,,,,,,,,,,,,,,,,,,,,,,,,,,,,,TN,TN
autoland,4060512,13,77a9707257b88d3b15060667769a2def98a71cff,windows10-64-shippable-qr,True,False,,|c|o|l|d| |f|i|s|s|i|o|n| |i|n|t|e|r|a|c|t|i|v|e| |w|e|b|r|e|n|d|e|r|,102210fe594ee9b33d82058545b1ed14f4c8206e,LastVisualChange,reddit-billgates-post-1.posts,True,reddit-billgates-post-1.posts LastVisualChange opt cold fission webrender,,77,ms,firefox,,1777432416,2023-10-20 14:06:35,521.9,dfa7f17930eb1b48ff7435494924a0711114e40a,1320283,,,,,,,,,,,,,,,,,,,,,,,,,,,,,,,,,,,,,,,,,,,,,,,,,,,,,,,,,,,,,TN,TN
autoland,4060512,13,77a9707257b88d3b15060667769a2def98a71cff,windows10-64-shippable-qr,True,False,,|c|o|l|d| |f|i|s|s|i|o|n| |i|n|t|e|r|a|c|t|i|v|e| |w|e|b|r|e|n|d|e|r|,102210fe594ee9b33d82058545b1ed14f4c8206e,LastVisualChange,reddit-billgates-post-1.posts,True,reddit-billgates-post-1.posts LastVisualChange opt cold fission webrender,,77,ms,firefox,,1779845092,2023-10-20 14:24:57,519.3,adbe3798f7bcce0a96c51b8f2a343d35e06de58c,1320289,,,,,,,,,,,,,,,,,,,,,,,,,,,,,,,,,,,,,,,,,,,,,,,,,,,,,,,,,,,,,TN,TN
autoland,4060512,13,77a9707257b88d3b15060667769a2def98a71cff,windows10-64-shippable-qr,True,False,,|c|o|l|d| |f|i|s|s|i|o|n| |i|n|t|e|r|a|c|t|i|v|e| |w|e|b|r|e|n|d|e|r|,102210fe594ee9b33d82058545b1ed14f4c8206e,LastVisualChange,reddit-billgates-post-1.posts,True,reddit-billgates-post-1.posts LastVisualChange opt cold fission webrender,,77,ms,firefox,,1779845722,2023-10-20 14:24:57,539.4,adbe3798f7bcce0a96c51b8f2a343d35e06de58c,1320289,,,,,,,,,,,,,,,,,,,,,,,,,,,,,,,,,,,,,,,,,,,,,,,,,,,,,,,,,,,,,TN,TN
autoland,4060512,13,77a9707257b88d3b15060667769a2def98a71cff,windows10-64-shippable-qr,True,False,,|c|o|l|d| |f|i|s|s|i|o|n| |i|n|t|e|r|a|c|t|i|v|e| |w|e|b|r|e|n|d|e|r|,102210fe594ee9b33d82058545b1ed14f4c8206e,LastVisualChange,reddit-billgates-post-1.posts,True,reddit-billgates-post-1.posts LastVisualChange opt cold fission webrender,,77,ms,firefox,,1779846566,2023-10-20 14:24:57,512.3,adbe3798f7bcce0a96c51b8f2a343d35e06de58c,1320289,,,,,,,,,,,,,,,,,,,,,,,,,,,,,,,,,,,,,,,,,,,,,,,,,,,,,,,,,,,,,TN,TN
autoland,4060512,13,77a9707257b88d3b15060667769a2def98a71cff,windows10-64-shippable-qr,True,False,,|c|o|l|d| |f|i|s|s|i|o|n| |i|n|t|e|r|a|c|t|i|v|e| |w|e|b|r|e|n|d|e|r|,102210fe594ee9b33d82058545b1ed14f4c8206e,LastVisualChange,reddit-billgates-post-1.posts,True,reddit-billgates-post-1.posts LastVisualChange opt cold fission webrender,,77,ms,firefox,,1779847976,2023-10-20 14:24:57,508.3,adbe3798f7bcce0a96c51b8f2a343d35e06de58c,1320289,,,,,,,,,,,,,,,,,,,,,,,,,,,,,,,,,,,,,,,,,,,,,,,,,,,,,,,,,,,,,TN,TN
autoland,4060512,13,77a9707257b88d3b15060667769a2def98a71cff,windows10-64-shippable-qr,True,False,,|c|o|l|d| |f|i|s|s|i|o|n| |i|n|t|e|r|a|c|t|i|v|e| |w|e|b|r|e|n|d|e|r|,102210fe594ee9b33d82058545b1ed14f4c8206e,LastVisualChange,reddit-billgates-post-1.posts,True,reddit-billgates-post-1.posts LastVisualChange opt cold fission webrender,,77,ms,firefox,,1779847665,2023-10-20 14:24:57,531.1,adbe3798f7bcce0a96c51b8f2a343d35e06de58c,1320289,,,,,,,,,,,,,,,,,,,,,,,,,,,,,,,,,,,,,,,,,,,,,,,,,,,,,,,,,,,,,TN,TN
autoland,4060512,13,77a9707257b88d3b15060667769a2def98a71cff,windows10-64-shippable-qr,True,False,,|c|o|l|d| |f|i|s|s|i|o|n| |i|n|t|e|r|a|c|t|i|v|e| |w|e|b|r|e|n|d|e|r|,102210fe594ee9b33d82058545b1ed14f4c8206e,LastVisualChange,reddit-billgates-post-1.posts,True,reddit-billgates-post-1.posts LastVisualChange opt cold fission webrender,,77,ms,firefox,,1777486720,2023-10-20 15:24:34,525.6,8f4fc4b6cc05c16482986671d19d546faf6cb212,1320314,,,,,,,,,,,,,,,,,,,,,,,,,,,,,,,,,,,,,,,,,,,,,,,,,,,,,,,,,,,,,TN,TN
autoland,4060512,13,77a9707257b88d3b15060667769a2def98a71cff,windows10-64-shippable-qr,True,False,,|c|o|l|d| |f|i|s|s|i|o|n| |i|n|t|e|r|a|c|t|i|v|e| |w|e|b|r|e|n|d|e|r|,102210fe594ee9b33d82058545b1ed14f4c8206e,LastVisualChange,reddit-billgates-post-1.posts,True,reddit-billgates-post-1.posts LastVisualChange opt cold fission webrender,,77,ms,firefox,,1779755200,2023-10-20 15:24:34,538.8,8f4fc4b6cc05c16482986671d19d546faf6cb212,1320314,,,,,,,,,,,,,,,,,,,,,,,,,,,,,,,,,,,,,,,,,,,,,,,,,,,,,,,,,,,,,TN,TN
autoland,4060512,13,77a9707257b88d3b15060667769a2def98a71cff,windows10-64-shippable-qr,True,False,,|c|o|l|d| |f|i|s|s|i|o|n| |i|n|t|e|r|a|c|t|i|v|e| |w|e|b|r|e|n|d|e|r|,102210fe594ee9b33d82058545b1ed14f4c8206e,LastVisualChange,reddit-billgates-post-1.posts,True,reddit-billgates-post-1.posts LastVisualChange opt cold fission webrender,,77,ms,firefox,,1779755260,2023-10-20 15:24:34,518.4,8f4fc4b6cc05c16482986671d19d546faf6cb212,1320314,,,,,,,,,,,,,,,,,,,,,,,,,,,,,,,,,,,,,,,,,,,,,,,,,,,,,,,,,,,,,TN,TN
autoland,4060512,13,77a9707257b88d3b15060667769a2def98a71cff,windows10-64-shippable-qr,True,False,,|c|o|l|d| |f|i|s|s|i|o|n| |i|n|t|e|r|a|c|t|i|v|e| |w|e|b|r|e|n|d|e|r|,102210fe594ee9b33d82058545b1ed14f4c8206e,LastVisualChange,reddit-billgates-post-1.posts,True,reddit-billgates-post-1.posts LastVisualChange opt cold fission webrender,,77,ms,firefox,,1779755211,2023-10-20 15:24:34,519.1,8f4fc4b6cc05c16482986671d19d546faf6cb212,1320314,,,,,,,,,,,,,,,,,,,,,,,,,,,,,,,,,,,,,,,,,,,,,,,,,,,,,,,,,,,,,TN,TN
autoland,4060512,13,77a9707257b88d3b15060667769a2def98a71cff,windows10-64-shippable-qr,True,False,,|c|o|l|d| |f|i|s|s|i|o|n| |i|n|t|e|r|a|c|t|i|v|e| |w|e|b|r|e|n|d|e|r|,102210fe594ee9b33d82058545b1ed14f4c8206e,LastVisualChange,reddit-billgates-post-1.posts,True,reddit-billgates-post-1.posts LastVisualChange opt cold fission webrender,,77,ms,firefox,,1779755283,2023-10-20 15:24:34,542.1,8f4fc4b6cc05c16482986671d19d546faf6cb212,1320314,,,,,,,,,,,,,,,,,,,,,,,,,,,,,,,,,,,,,,,,,,,,,,,,,,,,,,,,,,,,,TN,TN
autoland,4060512,13,77a9707257b88d3b15060667769a2def98a71cff,windows10-64-shippable-qr,True,False,,|c|o|l|d| |f|i|s|s|i|o|n| |i|n|t|e|r|a|c|t|i|v|e| |w|e|b|r|e|n|d|e|r|,102210fe594ee9b33d82058545b1ed14f4c8206e,LastVisualChange,reddit-billgates-post-1.posts,True,reddit-billgates-post-1.posts LastVisualChange opt cold fission webrender,,77,ms,firefox,,1779755286,2023-10-20 15:24:34,539.1,8f4fc4b6cc05c16482986671d19d546faf6cb212,1320314,,,,,,,,,,,,,,,,,,,,,,,,,,,,,,,,,,,,,,,,,,,,,,,,,,,,,,,,,,,,,TN,TN
autoland,4060512,13,77a9707257b88d3b15060667769a2def98a71cff,windows10-64-shippable-qr,True,False,,|c|o|l|d| |f|i|s|s|i|o|n| |i|n|t|e|r|a|c|t|i|v|e| |w|e|b|r|e|n|d|e|r|,102210fe594ee9b33d82058545b1ed14f4c8206e,LastVisualChange,reddit-billgates-post-1.posts,True,reddit-billgates-post-1.posts LastVisualChange opt cold fission webrender,,77,ms,firefox,,1777559616,2023-10-20 21:24:05,512.7,f4da998c2ad5be8d29b4e2523b56d9d5e2a58984,1320380,,,,,,,,,,,,,,,,,,,,,,,,,,,,,,,,,,,,,,,,,,,,,,,,,,,,,,,,,,,,,TN,TN
autoland,4060512,13,77a9707257b88d3b15060667769a2def98a71cff,windows10-64-shippable-qr,True,False,,|c|o|l|d| |f|i|s|s|i|o|n| |i|n|t|e|r|a|c|t|i|v|e| |w|e|b|r|e|n|d|e|r|,102210fe594ee9b33d82058545b1ed14f4c8206e,LastVisualChange,reddit-billgates-post-1.posts,True,reddit-billgates-post-1.posts LastVisualChange opt cold fission webrender,,77,ms,firefox,,1777673136,2023-10-21 14:30:38,528.9,4124eee4f58ca46e13cb937c757a2fe1875120f0,1320453,,,,,,,,,,,,,,,,,,,,,,,,,,,,,,,,,,,,,,,,,,,,,,,,,,,,,,,,,,,,,TN,TN
autoland,4060512,13,77a9707257b88d3b15060667769a2def98a71cff,windows10-64-shippable-qr,True,False,,|c|o|l|d| |f|i|s|s|i|o|n| |i|n|t|e|r|a|c|t|i|v|e| |w|e|b|r|e|n|d|e|r|,102210fe594ee9b33d82058545b1ed14f4c8206e,LastVisualChange,reddit-billgates-post-1.posts,True,reddit-billgates-post-1.posts LastVisualChange opt cold fission webrender,,77,ms,firefox,,1777790183,2023-10-22 19:07:04,545.6,529ec79bcdfd6a273fe6607c2a34bcc93c009ec5,1320522,,,,,,,,,,,,,,,,,,,,,,,,,,,,,,,,,,,,,,,,,,,,,,,,,,,,,,,,,,,,,TN,TN
autoland,4060512,13,77a9707257b88d3b15060667769a2def98a71cff,windows10-64-shippable-qr,True,False,,|c|o|l|d| |f|i|s|s|i|o|n| |i|n|t|e|r|a|c|t|i|v|e| |w|e|b|r|e|n|d|e|r|,102210fe594ee9b33d82058545b1ed14f4c8206e,LastVisualChange,reddit-billgates-post-1.posts,True,reddit-billgates-post-1.posts LastVisualChange opt cold fission webrender,,77,ms,firefox,,1777904058,2023-10-22 21:46:31,512.5,52f2e6e80f6f7d8ab6eaaa36c4aa47c5be27a7a1,1320539,,,,,,,,,,,,,,,,,,,,,,,,,,,,,,,,,,,,,,,,,,,,,,,,,,,,,,,,,,,,,TN,TN
autoland,4060512,13,77a9707257b88d3b15060667769a2def98a71cff,windows10-64-shippable-qr,True,False,,|c|o|l|d| |f|i|s|s|i|o|n| |i|n|t|e|r|a|c|t|i|v|e| |w|e|b|r|e|n|d|e|r|,102210fe594ee9b33d82058545b1ed14f4c8206e,LastVisualChange,reddit-billgates-post-1.posts,True,reddit-billgates-post-1.posts LastVisualChange opt cold fission webrender,,77,ms,firefox,,1778885564,2023-10-23 09:45:25,519.1,f1426851ae3049d6f44ef0e9da7b601c73ea435a,1320692,,,,,,,,,,,,,,,,,,,,,,,,,,,,,,,,,,,,,,,,,,,,,,,,,,,,,,,,,,,,,TN,TN
autoland,4060512,13,77a9707257b88d3b15060667769a2def98a71cff,windows10-64-shippable-qr,True,False,,|c|o|l|d| |f|i|s|s|i|o|n| |i|n|t|e|r|a|c|t|i|v|e| |w|e|b|r|e|n|d|e|r|,102210fe594ee9b33d82058545b1ed14f4c8206e,LastVisualChange,reddit-billgates-post-1.posts,True,reddit-billgates-post-1.posts LastVisualChange opt cold fission webrender,,77,ms,firefox,,1778803930,2023-10-23 10:46:08,535.7,fe4e67ae521b5b29efef2be635e0085c2aad1448,1320734,,,,,,,,,,,,,,,,,,,,,,,,,,,,,,,,,,,,,,,,,,,,,,,,,,,,,,,,,,,,,TN,TN
autoland,4060512,13,77a9707257b88d3b15060667769a2def98a71cff,windows10-64-shippable-qr,True,False,,|c|o|l|d| |f|i|s|s|i|o|n| |i|n|t|e|r|a|c|t|i|v|e| |w|e|b|r|e|n|d|e|r|,102210fe594ee9b33d82058545b1ed14f4c8206e,LastVisualChange,reddit-billgates-post-1.posts,True,reddit-billgates-post-1.posts LastVisualChange opt cold fission webrender,,77,ms,firefox,,1778046236,2023-10-23 11:07:29,532.2,acba8a75249bc2b26b143d4d2830575cf0d7bcc2,1320744,,,,,,,,,,,,,,,,,,,,,,,,,,,,,,,,,,,,,,,,,,,,,,,,,,,,,,,,,,,,,TN,TN
autoland,4060512,13,77a9707257b88d3b15060667769a2def98a71cff,windows10-64-shippable-qr,True,False,,|c|o|l|d| |f|i|s|s|i|o|n| |i|n|t|e|r|a|c|t|i|v|e| |w|e|b|r|e|n|d|e|r|,102210fe594ee9b33d82058545b1ed14f4c8206e,LastVisualChange,reddit-billgates-post-1.posts,True,reddit-billgates-post-1.posts LastVisualChange opt cold fission webrender,,77,ms,firefox,,1778833876,2023-10-23 12:10:22,508.4,4c6d299e86ebe5d31f47c71505844335e119cf21,1320774,,,,,,,,,,,,,,,,,,,,,,,,,,,,,,,,,,,,,,,,,,,,,,,,,,,,,,,,,,,,,TN,TN
autoland,4060512,13,77a9707257b88d3b15060667769a2def98a71cff,windows10-64-shippable-qr,True,False,,|c|o|l|d| |f|i|s|s|i|o|n| |i|n|t|e|r|a|c|t|i|v|e| |w|e|b|r|e|n|d|e|r|,102210fe594ee9b33d82058545b1ed14f4c8206e,LastVisualChange,reddit-billgates-post-1.posts,True,reddit-billgates-post-1.posts LastVisualChange opt cold fission webrender,,77,ms,firefox,,1778933142,2023-10-23 12:15:00,515.5,c858c7fc7c4b572acc8dfce2e3c4ff73fc2fa44f,1320776,,,,,,,,,,,,,,,,,,,,,,,,,,,,,,,,,,,,,,,,,,,,,,,,,,,,,,,,,,,,,TN,TN
autoland,4060512,13,77a9707257b88d3b15060667769a2def98a71cff,windows10-64-shippable-qr,True,False,,|c|o|l|d| |f|i|s|s|i|o|n| |i|n|t|e|r|a|c|t|i|v|e| |w|e|b|r|e|n|d|e|r|,102210fe594ee9b33d82058545b1ed14f4c8206e,LastVisualChange,reddit-billgates-post-1.posts,True,reddit-billgates-post-1.posts LastVisualChange opt cold fission webrender,,77,ms,firefox,,1778077030,2023-10-23 12:26:53,532.3,818b5938920e6868a3f3b5a16b0c972bd8ec5cfc,1320781,,,,,,,,,,,,,,,,,,,,,,,,,,,,,,,,,,,,,,,,,,,,,,,,,,,,,,,,,,,,,TN,TN
autoland,4060512,13,77a9707257b88d3b15060667769a2def98a71cff,windows10-64-shippable-qr,True,False,,|c|o|l|d| |f|i|s|s|i|o|n| |i|n|t|e|r|a|c|t|i|v|e| |w|e|b|r|e|n|d|e|r|,102210fe594ee9b33d82058545b1ed14f4c8206e,LastVisualChange,reddit-billgates-post-1.posts,True,reddit-billgates-post-1.posts LastVisualChange opt cold fission webrender,,77,ms,firefox,,1778913852,2023-10-23 13:41:17,515.5,82c0efe382655a52d0d24628862fa416c4f66c0a,1320840,,,,,,,,,,,,,,,,,,,,,,,,,,,,,,,,,,,,,,,,,,,,,,,,,,,,,,,,,,,,,TN,TN
autoland,4060512,13,77a9707257b88d3b15060667769a2def98a71cff,windows10-64-shippable-qr,True,False,,|c|o|l|d| |f|i|s|s|i|o|n| |i|n|t|e|r|a|c|t|i|v|e| |w|e|b|r|e|n|d|e|r|,102210fe594ee9b33d82058545b1ed14f4c8206e,LastVisualChange,reddit-billgates-post-1.posts,True,reddit-billgates-post-1.posts LastVisualChange opt cold fission webrender,,77,ms,firefox,,1778855806,2023-10-23 14:02:43,511.9,02eefc6ff7a472c3443d7c9dce3479eb24a2c821,1320867,,,,,,,,,,,,,,,,,,,,,,,,,,,,,,,,,,,,,,,,,,,,,,,,,,,,,,,,,,,,,TN,TN
autoland,4060512,13,77a9707257b88d3b15060667769a2def98a71cff,windows10-64-shippable-qr,True,False,,|c|o|l|d| |f|i|s|s|i|o|n| |i|n|t|e|r|a|c|t|i|v|e| |w|e|b|r|e|n|d|e|r|,102210fe594ee9b33d82058545b1ed14f4c8206e,LastVisualChange,reddit-billgates-post-1.posts,True,reddit-billgates-post-1.posts LastVisualChange opt cold fission webrender,,77,ms,firefox,,1778262332,2023-10-23 15:48:05,521.8,f222bdcd6517e233cb62a3164afd50fd17a55e62,1320978,,,,,,,,,,,,,,,,,,,,,,,,,,,,,,,,,,,,,,,,,,,,,,,,,,,,,,,,,,,,,TN,TN
autoland,4060512,13,77a9707257b88d3b15060667769a2def98a71cff,windows10-64-shippable-qr,True,False,,|c|o|l|d| |f|i|s|s|i|o|n| |i|n|t|e|r|a|c|t|i|v|e| |w|e|b|r|e|n|d|e|r|,102210fe594ee9b33d82058545b1ed14f4c8206e,LastVisualChange,reddit-billgates-post-1.posts,True,reddit-billgates-post-1.posts LastVisualChange opt cold fission webrender,,77,ms,firefox,,1780131265,2023-10-23 16:50:59,521.4,1cb4268de33ea6841e635a75892d4f75cdc2e491,1321028,,,,,,,,,,,,,,,,,,,,,,,,,,,,,,,,,,,,,,,,,,,,,,,,,,,,,,,,,,,,,TN,TN
autoland,4060512,13,77a9707257b88d3b15060667769a2def98a71cff,windows10-64-shippable-qr,True,False,,|c|o|l|d| |f|i|s|s|i|o|n| |i|n|t|e|r|a|c|t|i|v|e| |w|e|b|r|e|n|d|e|r|,102210fe594ee9b33d82058545b1ed14f4c8206e,LastVisualChange,reddit-billgates-post-1.posts,True,reddit-billgates-post-1.posts LastVisualChange opt cold fission webrender,,77,ms,firefox,,1780056174,2023-10-23 16:51:51,541.2,9fc33ef03cab8734dca8d34011bcf9795f3542e6,1321030,,,,,,,,,,,,,,,,,,,,,,,,,,,,,,,,,,,,,,,,,,,,,,,,,,,,,,,,,,,,,TN,TN
autoland,4060512,13,77a9707257b88d3b15060667769a2def98a71cff,windows10-64-shippable-qr,True,False,,|c|o|l|d| |f|i|s|s|i|o|n| |i|n|t|e|r|a|c|t|i|v|e| |w|e|b|r|e|n|d|e|r|,102210fe594ee9b33d82058545b1ed14f4c8206e,LastVisualChange,reddit-billgates-post-1.posts,True,reddit-billgates-post-1.posts LastVisualChange opt cold fission webrender,,77,ms,firefox,,1780090379,2023-10-23 16:52:49,519.2,8fdd510847b06a70efac95804232a1bcd1c6fdee,1321032,,,,,,,,,,,,,,,,,,,,,,,,,,,,,,,,,,,,,,,,,,,,,,,,,,,,,,,,,,,,,TN,TN
autoland,4060512,13,77a9707257b88d3b15060667769a2def98a71cff,windows10-64-shippable-qr,True,False,,|c|o|l|d| |f|i|s|s|i|o|n| |i|n|t|e|r|a|c|t|i|v|e| |w|e|b|r|e|n|d|e|r|,102210fe594ee9b33d82058545b1ed14f4c8206e,LastVisualChange,reddit-billgates-post-1.posts,True,reddit-billgates-post-1.posts LastVisualChange opt cold fission webrender,,77,ms,firefox,,1780078769,2023-10-23 16:53:50,514.9,81da3438530dc7c517a25a0d5df5832db9b444b7,1321033,,,,,,,,,,,,,,,,,,,,,,,,,,,,,,,,,,,,,,,,,,,,,,,,,,,,,,,,,,,,,TN,TN
autoland,4060512,13,77a9707257b88d3b15060667769a2def98a71cff,windows10-64-shippable-qr,True,False,,|c|o|l|d| |f|i|s|s|i|o|n| |i|n|t|e|r|a|c|t|i|v|e| |w|e|b|r|e|n|d|e|r|,102210fe594ee9b33d82058545b1ed14f4c8206e,LastVisualChange,reddit-billgates-post-1.posts,True,reddit-billgates-post-1.posts LastVisualChange opt cold fission webrender,,77,ms,firefox,,1780057601,2023-10-23 16:54:58,525.7,f38df52fd68780d21486c9012b09aadec612b758,1321035,,,,,,,,,,,,,,,,,,,,,,,,,,,,,,,,,,,,,,,,,,,,,,,,,,,,,,,,,,,,,TN,TN
autoland,4060512,13,77a9707257b88d3b15060667769a2def98a71cff,windows10-64-shippable-qr,True,False,,|c|o|l|d| |f|i|s|s|i|o|n| |i|n|t|e|r|a|c|t|i|v|e| |w|e|b|r|e|n|d|e|r|,102210fe594ee9b33d82058545b1ed14f4c8206e,LastVisualChange,reddit-billgates-post-1.posts,True,reddit-billgates-post-1.posts LastVisualChange opt cold fission webrender,,77,ms,firefox,,1780056598,2023-10-23 16:59:36,515.3,f03a3df1b30b7e1cfbfbd69a1691835c9e8b0c66,1321040,,,,,,,,,,,,,,,,,,,,,,,,,,,,,,,,,,,,,,,,,,,,,,,,,,,,,,,,,,,,,TN,TN
autoland,4060512,13,77a9707257b88d3b15060667769a2def98a71cff,windows10-64-shippable-qr,True,False,,|c|o|l|d| |f|i|s|s|i|o|n| |i|n|t|e|r|a|c|t|i|v|e| |w|e|b|r|e|n|d|e|r|,102210fe594ee9b33d82058545b1ed14f4c8206e,LastVisualChange,reddit-billgates-post-1.posts,True,reddit-billgates-post-1.posts LastVisualChange opt cold fission webrender,,77,ms,firefox,,1780064185,2023-10-23 17:01:05,535.3,bc1ea88587afd6a8fb6b3c384ba993f9d60dc2a5,1321042,,,,,,,,,,,,,,,,,,,,,,,,,,,,,,,,,,,,,,,,,,,,,,,,,,,,,,,,,,,,,TN,TN
autoland,4060512,13,77a9707257b88d3b15060667769a2def98a71cff,windows10-64-shippable-qr,True,False,,|c|o|l|d| |f|i|s|s|i|o|n| |i|n|t|e|r|a|c|t|i|v|e| |w|e|b|r|e|n|d|e|r|,102210fe594ee9b33d82058545b1ed14f4c8206e,LastVisualChange,reddit-billgates-post-1.posts,True,reddit-billgates-post-1.posts LastVisualChange opt cold fission webrender,,77,ms,firefox,,1780078546,2023-10-23 17:11:27,525.5,6f2de30356cb3191430f955476447a4abfe9a884,1321056,,,,,,,,,,,,,,,,,,,,,,,,,,,,,,,,,,,,,,,,,,,,,,,,,,,,,,,,,,,,,TN,TN
autoland,4060512,13,77a9707257b88d3b15060667769a2def98a71cff,windows10-64-shippable-qr,True,False,,|c|o|l|d| |f|i|s|s|i|o|n| |i|n|t|e|r|a|c|t|i|v|e| |w|e|b|r|e|n|d|e|r|,102210fe594ee9b33d82058545b1ed14f4c8206e,LastVisualChange,reddit-billgates-post-1.posts,True,reddit-billgates-post-1.posts LastVisualChange opt cold fission webrender,,77,ms,firefox,,1780076793,2023-10-23 17:52:07,552.1,8d3a697af034f41487c7ff1695dddd93e9f3bab6,1321093,,,,,,,,,,,,,,,,,,,,,,,,,,,,,,,,,,,,,,,,,,,,,,,,,,,,,,,,,,,,,TN,TN
autoland,4060512,13,77a9707257b88d3b15060667769a2def98a71cff,windows10-64-shippable-qr,True,False,,|c|o|l|d| |f|i|s|s|i|o|n| |i|n|t|e|r|a|c|t|i|v|e| |w|e|b|r|e|n|d|e|r|,102210fe594ee9b33d82058545b1ed14f4c8206e,LastVisualChange,reddit-billgates-post-1.posts,True,reddit-billgates-post-1.posts LastVisualChange opt cold fission webrender,,77,ms,firefox,,1778533594,2023-10-23 17:53:04,505.5,00c1813123fd4ca7ec1446ebdabe2848814e550e,1321095,,,,,,,,,,,,,,,,,,,,,,,,,,,,,,,,,,,,,,,,,,,,,,,,,,,,,,,,,,,,,TN,TN
autoland,4060512,13,77a9707257b88d3b15060667769a2def98a71cff,windows10-64-shippable-qr,True,False,,|c|o|l|d| |f|i|s|s|i|o|n| |i|n|t|e|r|a|c|t|i|v|e| |w|e|b|r|e|n|d|e|r|,102210fe594ee9b33d82058545b1ed14f4c8206e,LastVisualChange,reddit-billgates-post-1.posts,True,reddit-billgates-post-1.posts LastVisualChange opt cold fission webrender,,77,ms,firefox,,1779852166,2023-10-23 17:53:57,511.9,be65c559adbe5164f02d0a8a2f213b1346d053b3,1321096,,,,,,,,,,,,,,,,,,,,,,,,,,,,,,,,,,,,,,,,,,,,,,,,,,,,,,,,,,,,,TN,TN
autoland,4060512,13,77a9707257b88d3b15060667769a2def98a71cff,windows10-64-shippable-qr,True,False,,|c|o|l|d| |f|i|s|s|i|o|n| |i|n|t|e|r|a|c|t|i|v|e| |w|e|b|r|e|n|d|e|r|,102210fe594ee9b33d82058545b1ed14f4c8206e,LastVisualChange,reddit-billgates-post-1.posts,True,reddit-billgates-post-1.posts LastVisualChange opt cold fission webrender,,77,ms,firefox,,1783472609,2023-10-23 17:53:57,495.6,be65c559adbe5164f02d0a8a2f213b1346d053b3,1321096,,,,,,,,,,,,,,,,,,,,,,,,,,,,,,,,,,,,,,,,,,,,,,,,,,,,,,,,,,,,,TN,TN
autoland,4060512,13,77a9707257b88d3b15060667769a2def98a71cff,windows10-64-shippable-qr,True,False,,|c|o|l|d| |f|i|s|s|i|o|n| |i|n|t|e|r|a|c|t|i|v|e| |w|e|b|r|e|n|d|e|r|,102210fe594ee9b33d82058545b1ed14f4c8206e,LastVisualChange,reddit-billgates-post-1.posts,True,reddit-billgates-post-1.posts LastVisualChange opt cold fission webrender,,77,ms,firefox,,1783472710,2023-10-23 17:53:57,516.0,be65c559adbe5164f02d0a8a2f213b1346d053b3,1321096,,,,,,,,,,,,,,,,,,,,,,,,,,,,,,,,,,,,,,,,,,,,,,,,,,,,,,,,,,,,,TN,TN
autoland,4060512,13,77a9707257b88d3b15060667769a2def98a71cff,windows10-64-shippable-qr,True,False,,|c|o|l|d| |f|i|s|s|i|o|n| |i|n|t|e|r|a|c|t|i|v|e| |w|e|b|r|e|n|d|e|r|,102210fe594ee9b33d82058545b1ed14f4c8206e,LastVisualChange,reddit-billgates-post-1.posts,True,reddit-billgates-post-1.posts LastVisualChange opt cold fission webrender,,77,ms,firefox,,1783472661,2023-10-23 17:53:57,551.8,be65c559adbe5164f02d0a8a2f213b1346d053b3,1321096,,,,,,,,,,,,,,,,,,,,,,,,,,,,,,,,,,,,,,,,,,,,,,,,,,,,,,,,,,,,,TN,TN
autoland,4060512,13,77a9707257b88d3b15060667769a2def98a71cff,windows10-64-shippable-qr,True,False,,|c|o|l|d| |f|i|s|s|i|o|n| |i|n|t|e|r|a|c|t|i|v|e| |w|e|b|r|e|n|d|e|r|,102210fe594ee9b33d82058545b1ed14f4c8206e,LastVisualChange,reddit-billgates-post-1.posts,True,reddit-billgates-post-1.posts LastVisualChange opt cold fission webrender,,77,ms,firefox,,1783472737,2023-10-23 17:53:57,525.8,be65c559adbe5164f02d0a8a2f213b1346d053b3,1321096,,,,,,,,,,,,,,,,,,,,,,,,,,,,,,,,,,,,,,,,,,,,,,,,,,,,,,,,,,,,,TN,TN
autoland,4060512,13,77a9707257b88d3b15060667769a2def98a71cff,windows10-64-shippable-qr,True,False,,|c|o|l|d| |f|i|s|s|i|o|n| |i|n|t|e|r|a|c|t|i|v|e| |w|e|b|r|e|n|d|e|r|,102210fe594ee9b33d82058545b1ed14f4c8206e,LastVisualChange,reddit-billgates-post-1.posts,True,reddit-billgates-post-1.posts LastVisualChange opt cold fission webrender,,77,ms,firefox,,1783475899,2023-10-23 17:53:57,525.5,be65c559adbe5164f02d0a8a2f213b1346d053b3,1321096,,,,,,,,,,,,,,,,,,,,,,,,,,,,,,,,,,,,,,,,,,,,,,,,,,,,,,,,,,,,,TN,TN
autoland,4060512,13,77a9707257b88d3b15060667769a2def98a71cff,windows10-64-shippable-qr,True,False,,|c|o|l|d| |f|i|s|s|i|o|n| |i|n|t|e|r|a|c|t|i|v|e| |w|e|b|r|e|n|d|e|r|,102210fe594ee9b33d82058545b1ed14f4c8206e,LastVisualChange,reddit-billgates-post-1.posts,True,reddit-billgates-post-1.posts LastVisualChange opt cold fission webrender,,77,ms,firefox,,1783475741,2023-10-23 17:53:57,512.5,be65c559adbe5164f02d0a8a2f213b1346d053b3,1321096,,,,,,,,,,,,,,,,,,,,,,,,,,,,,,,,,,,,,,,,,,,,,,,,,,,,,,,,,,,,,TN,TN
autoland,4060512,13,77a9707257b88d3b15060667769a2def98a71cff,windows10-64-shippable-qr,True,False,,|c|o|l|d| |f|i|s|s|i|o|n| |i|n|t|e|r|a|c|t|i|v|e| |w|e|b|r|e|n|d|e|r|,102210fe594ee9b33d82058545b1ed14f4c8206e,LastVisualChange,reddit-billgates-post-1.posts,True,reddit-billgates-post-1.posts LastVisualChange opt cold fission webrender,,77,ms,firefox,,1783476113,2023-10-23 17:53:57,534.9,be65c559adbe5164f02d0a8a2f213b1346d053b3,1321096,,,,,,,,,,,,,,,,,,,,,,,,,,,,,,,,,,,,,,,,,,,,,,,,,,,,,,,,,,,,,TN,TN
autoland,4060512,13,77a9707257b88d3b15060667769a2def98a71cff,windows10-64-shippable-qr,True,False,,|c|o|l|d| |f|i|s|s|i|o|n| |i|n|t|e|r|a|c|t|i|v|e| |w|e|b|r|e|n|d|e|r|,102210fe594ee9b33d82058545b1ed14f4c8206e,LastVisualChange,reddit-billgates-post-1.posts,True,reddit-billgates-post-1.posts LastVisualChange opt cold fission webrender,,77,ms,firefox,,1779937629,2023-10-23 17:55:13,510.6,2be007ea0f37895f70bb357b21d3209bec187c1f,1321099,,,,,,,,,,,,,,,,,,,,,,,,,,,,,,,,,,,,,,,,,,,,,,,,,,,,,,,,,,,,,TN,TN
autoland,4060512,13,77a9707257b88d3b15060667769a2def98a71cff,windows10-64-shippable-qr,True,False,,|c|o|l|d| |f|i|s|s|i|o|n| |i|n|t|e|r|a|c|t|i|v|e| |w|e|b|r|e|n|d|e|r|,102210fe594ee9b33d82058545b1ed14f4c8206e,LastVisualChange,reddit-billgates-post-1.posts,True,reddit-billgates-post-1.posts LastVisualChange opt cold fission webrender,,77,ms,firefox,,1783472547,2023-10-23 17:55:13,515.7,2be007ea0f37895f70bb357b21d3209bec187c1f,1321099,,,,,,,,,,,,,,,,,,,,,,,,,,,,,,,,,,,,,,,,,,,,,,,,,,,,,,,,,,,,,TN,TN
autoland,4060512,13,77a9707257b88d3b15060667769a2def98a71cff,windows10-64-shippable-qr,True,False,,|c|o|l|d| |f|i|s|s|i|o|n| |i|n|t|e|r|a|c|t|i|v|e| |w|e|b|r|e|n|d|e|r|,102210fe594ee9b33d82058545b1ed14f4c8206e,LastVisualChange,reddit-billgates-post-1.posts,True,reddit-billgates-post-1.posts LastVisualChange opt cold fission webrender,,77,ms,firefox,,1783472578,2023-10-23 17:55:13,542.5,2be007ea0f37895f70bb357b21d3209bec187c1f,1321099,,,,,,,,,,,,,,,,,,,,,,,,,,,,,,,,,,,,,,,,,,,,,,,,,,,,,,,,,,,,,TN,TN
autoland,4060512,13,77a9707257b88d3b15060667769a2def98a71cff,windows10-64-shippable-qr,True,False,,|c|o|l|d| |f|i|s|s|i|o|n| |i|n|t|e|r|a|c|t|i|v|e| |w|e|b|r|e|n|d|e|r|,102210fe594ee9b33d82058545b1ed14f4c8206e,LastVisualChange,reddit-billgates-post-1.posts,True,reddit-billgates-post-1.posts LastVisualChange opt cold fission webrender,,77,ms,firefox,,1783472798,2023-10-23 17:55:13,538.7,2be007ea0f37895f70bb357b21d3209bec187c1f,1321099,,,,,,,,,,,,,,,,,,,,,,,,,,,,,,,,,,,,,,,,,,,,,,,,,,,,,,,,,,,,,TN,TN
autoland,4060512,13,77a9707257b88d3b15060667769a2def98a71cff,windows10-64-shippable-qr,True,False,,|c|o|l|d| |f|i|s|s|i|o|n| |i|n|t|e|r|a|c|t|i|v|e| |w|e|b|r|e|n|d|e|r|,102210fe594ee9b33d82058545b1ed14f4c8206e,LastVisualChange,reddit-billgates-post-1.posts,True,reddit-billgates-post-1.posts LastVisualChange opt cold fission webrender,,77,ms,firefox,,1783475374,2023-10-23 17:55:13,525.7,2be007ea0f37895f70bb357b21d3209bec187c1f,1321099,,,,,,,,,,,,,,,,,,,,,,,,,,,,,,,,,,,,,,,,,,,,,,,,,,,,,,,,,,,,,TN,TN
autoland,4060512,13,77a9707257b88d3b15060667769a2def98a71cff,windows10-64-shippable-qr,True,False,,|c|o|l|d| |f|i|s|s|i|o|n| |i|n|t|e|r|a|c|t|i|v|e| |w|e|b|r|e|n|d|e|r|,102210fe594ee9b33d82058545b1ed14f4c8206e,LastVisualChange,reddit-billgates-post-1.posts,True,reddit-billgates-post-1.posts LastVisualChange opt cold fission webrender,,77,ms,firefox,,1783472667,2023-10-23 17:55:13,535.3,2be007ea0f37895f70bb357b21d3209bec187c1f,1321099,,,,,,,,,,,,,,,,,,,,,,,,,,,,,,,,,,,,,,,,,,,,,,,,,,,,,,,,,,,,,TN,TN
autoland,4060512,13,77a9707257b88d3b15060667769a2def98a71cff,windows10-64-shippable-qr,True,False,,|c|o|l|d| |f|i|s|s|i|o|n| |i|n|t|e|r|a|c|t|i|v|e| |w|e|b|r|e|n|d|e|r|,102210fe594ee9b33d82058545b1ed14f4c8206e,LastVisualChange,reddit-billgates-post-1.posts,True,reddit-billgates-post-1.posts LastVisualChange opt cold fission webrender,,77,ms,firefox,,1783475622,2023-10-23 17:55:13,535.6,2be007ea0f37895f70bb357b21d3209bec187c1f,1321099,,,,,,,,,,,,,,,,,,,,,,,,,,,,,,,,,,,,,,,,,,,,,,,,,,,,,,,,,,,,,TN,TN
autoland,4060512,13,77a9707257b88d3b15060667769a2def98a71cff,windows10-64-shippable-qr,True,False,,|c|o|l|d| |f|i|s|s|i|o|n| |i|n|t|e|r|a|c|t|i|v|e| |w|e|b|r|e|n|d|e|r|,102210fe594ee9b33d82058545b1ed14f4c8206e,LastVisualChange,reddit-billgates-post-1.posts,True,reddit-billgates-post-1.posts LastVisualChange opt cold fission webrender,,77,ms,firefox,,1783475696,2023-10-23 17:55:13,512.4,2be007ea0f37895f70bb357b21d3209bec187c1f,1321099,,,,,,,,,,,,,,,,,,,,,,,,,,,,,,,,,,,,,,,,,,,,,,,,,,,,,,,,,,,,,TN,TN
autoland,4060512,13,77a9707257b88d3b15060667769a2def98a71cff,windows10-64-shippable-qr,True,False,,|c|o|l|d| |f|i|s|s|i|o|n| |i|n|t|e|r|a|c|t|i|v|e| |w|e|b|r|e|n|d|e|r|,102210fe594ee9b33d82058545b1ed14f4c8206e,LastVisualChange,reddit-billgates-post-1.posts,True,reddit-billgates-post-1.posts LastVisualChange opt cold fission webrender,,77,ms,firefox,,1779850900,2023-10-23 17:56:06,518.6,0b9c6dd9c86a867435d0b71ac14e8c37416129dc,1321100,,,,,,,,,,,,,,,,,,,,,,,,,,,,,,,,,,,,,,,,,,,,,,,,,,,,,,,,,,,,,TN,TN
autoland,4060512,13,77a9707257b88d3b15060667769a2def98a71cff,windows10-64-shippable-qr,True,False,,|c|o|l|d| |f|i|s|s|i|o|n| |i|n|t|e|r|a|c|t|i|v|e| |w|e|b|r|e|n|d|e|r|,102210fe594ee9b33d82058545b1ed14f4c8206e,LastVisualChange,reddit-billgates-post-1.posts,True,reddit-billgates-post-1.posts LastVisualChange opt cold fission webrender,,77,ms,firefox,,1783472258,2023-10-23 17:56:06,521.4,0b9c6dd9c86a867435d0b71ac14e8c37416129dc,1321100,,,,,,,,,,,,,,,,,,,,,,,,,,,,,,,,,,,,,,,,,,,,,,,,,,,,,,,,,,,,,TN,TN
autoland,4060512,13,77a9707257b88d3b15060667769a2def98a71cff,windows10-64-shippable-qr,True,False,,|c|o|l|d| |f|i|s|s|i|o|n| |i|n|t|e|r|a|c|t|i|v|e| |w|e|b|r|e|n|d|e|r|,102210fe594ee9b33d82058545b1ed14f4c8206e,LastVisualChange,reddit-billgates-post-1.posts,True,reddit-billgates-post-1.posts LastVisualChange opt cold fission webrender,,77,ms,firefox,,1783472332,2023-10-23 17:56:06,529.0,0b9c6dd9c86a867435d0b71ac14e8c37416129dc,1321100,,,,,,,,,,,,,,,,,,,,,,,,,,,,,,,,,,,,,,,,,,,,,,,,,,,,,,,,,,,,,TN,TN
autoland,4060512,13,77a9707257b88d3b15060667769a2def98a71cff,windows10-64-shippable-qr,True,False,,|c|o|l|d| |f|i|s|s|i|o|n| |i|n|t|e|r|a|c|t|i|v|e| |w|e|b|r|e|n|d|e|r|,102210fe594ee9b33d82058545b1ed14f4c8206e,LastVisualChange,reddit-billgates-post-1.posts,True,reddit-billgates-post-1.posts LastVisualChange opt cold fission webrender,,77,ms,firefox,,1783472434,2023-10-23 17:56:06,498.5,0b9c6dd9c86a867435d0b71ac14e8c37416129dc,1321100,,,,,,,,,,,,,,,,,,,,,,,,,,,,,,,,,,,,,,,,,,,,,,,,,,,,,,,,,,,,,TN,TN
autoland,4060512,13,77a9707257b88d3b15060667769a2def98a71cff,windows10-64-shippable-qr,True,False,,|c|o|l|d| |f|i|s|s|i|o|n| |i|n|t|e|r|a|c|t|i|v|e| |w|e|b|r|e|n|d|e|r|,102210fe594ee9b33d82058545b1ed14f4c8206e,LastVisualChange,reddit-billgates-post-1.posts,True,reddit-billgates-post-1.posts LastVisualChange opt cold fission webrender,,77,ms,firefox,,1783475272,2023-10-23 17:56:06,528.5,0b9c6dd9c86a867435d0b71ac14e8c37416129dc,1321100,,,,,,,,,,,,,,,,,,,,,,,,,,,,,,,,,,,,,,,,,,,,,,,,,,,,,,,,,,,,,TN,TN
autoland,4060512,13,77a9707257b88d3b15060667769a2def98a71cff,windows10-64-shippable-qr,True,False,,|c|o|l|d| |f|i|s|s|i|o|n| |i|n|t|e|r|a|c|t|i|v|e| |w|e|b|r|e|n|d|e|r|,102210fe594ee9b33d82058545b1ed14f4c8206e,LastVisualChange,reddit-billgates-post-1.posts,True,reddit-billgates-post-1.posts LastVisualChange opt cold fission webrender,,77,ms,firefox,,1783472385,2023-10-23 17:56:06,537.5,0b9c6dd9c86a867435d0b71ac14e8c37416129dc,1321100,,,,,,,,,,,,,,,,,,,,,,,,,,,,,,,,,,,,,,,,,,,,,,,,,,,,,,,,,,,,,TN,TN
autoland,4060512,13,77a9707257b88d3b15060667769a2def98a71cff,windows10-64-shippable-qr,True,False,,|c|o|l|d| |f|i|s|s|i|o|n| |i|n|t|e|r|a|c|t|i|v|e| |w|e|b|r|e|n|d|e|r|,102210fe594ee9b33d82058545b1ed14f4c8206e,LastVisualChange,reddit-billgates-post-1.posts,True,reddit-billgates-post-1.posts LastVisualChange opt cold fission webrender,,77,ms,firefox,,1783474875,2023-10-23 17:56:06,518.8,0b9c6dd9c86a867435d0b71ac14e8c37416129dc,1321100,,,,,,,,,,,,,,,,,,,,,,,,,,,,,,,,,,,,,,,,,,,,,,,,,,,,,,,,,,,,,TN,TN
autoland,4060512,13,77a9707257b88d3b15060667769a2def98a71cff,windows10-64-shippable-qr,True,False,,|c|o|l|d| |f|i|s|s|i|o|n| |i|n|t|e|r|a|c|t|i|v|e| |w|e|b|r|e|n|d|e|r|,102210fe594ee9b33d82058545b1ed14f4c8206e,LastVisualChange,reddit-billgates-post-1.posts,True,reddit-billgates-post-1.posts LastVisualChange opt cold fission webrender,,77,ms,firefox,,1783475277,2023-10-23 17:56:06,508.1,0b9c6dd9c86a867435d0b71ac14e8c37416129dc,1321100,,,,,,,,,,,,,,,,,,,,,,,,,,,,,,,,,,,,,,,,,,,,,,,,,,,,,,,,,,,,,TN,TN
autoland,4060512,13,77a9707257b88d3b15060667769a2def98a71cff,windows10-64-shippable-qr,True,False,,|c|o|l|d| |f|i|s|s|i|o|n| |i|n|t|e|r|a|c|t|i|v|e| |w|e|b|r|e|n|d|e|r|,102210fe594ee9b33d82058545b1ed14f4c8206e,LastVisualChange,reddit-billgates-post-1.posts,True,reddit-billgates-post-1.posts LastVisualChange opt cold fission webrender,,77,ms,firefox,,1779848358,2023-10-23 17:56:59,514.0,081f589bfabfd51fb2f9f2ee85a428328a1ae049,1321102,,,,,,,,,,,,,,,,,,,,,,,,,,,,,,,,,,,,,,,,,,,,,,,,,,,,,,,,,,,,,TN,TN
autoland,4060512,13,77a9707257b88d3b15060667769a2def98a71cff,windows10-64-shippable-qr,True,False,,|c|o|l|d| |f|i|s|s|i|o|n| |i|n|t|e|r|a|c|t|i|v|e| |w|e|b|r|e|n|d|e|r|,102210fe594ee9b33d82058545b1ed14f4c8206e,LastVisualChange,reddit-billgates-post-1.posts,True,reddit-billgates-post-1.posts LastVisualChange opt cold fission webrender,,77,ms,firefox,,1783472287,2023-10-23 17:56:59,528.1,081f589bfabfd51fb2f9f2ee85a428328a1ae049,1321102,,,,,,,,,,,,,,,,,,,,,,,,,,,,,,,,,,,,,,,,,,,,,,,,,,,,,,,,,,,,,TN,TN
autoland,4060512,13,77a9707257b88d3b15060667769a2def98a71cff,windows10-64-shippable-qr,True,False,,|c|o|l|d| |f|i|s|s|i|o|n| |i|n|t|e|r|a|c|t|i|v|e| |w|e|b|r|e|n|d|e|r|,102210fe594ee9b33d82058545b1ed14f4c8206e,LastVisualChange,reddit-billgates-post-1.posts,True,reddit-billgates-post-1.posts LastVisualChange opt cold fission webrender,,77,ms,firefox,,1783472380,2023-10-23 17:56:59,511.0,081f589bfabfd51fb2f9f2ee85a428328a1ae049,1321102,,,,,,,,,,,,,,,,,,,,,,,,,,,,,,,,,,,,,,,,,,,,,,,,,,,,,,,,,,,,,TN,TN
autoland,4060512,13,77a9707257b88d3b15060667769a2def98a71cff,windows10-64-shippable-qr,True,False,,|c|o|l|d| |f|i|s|s|i|o|n| |i|n|t|e|r|a|c|t|i|v|e| |w|e|b|r|e|n|d|e|r|,102210fe594ee9b33d82058545b1ed14f4c8206e,LastVisualChange,reddit-billgates-post-1.posts,True,reddit-billgates-post-1.posts LastVisualChange opt cold fission webrender,,77,ms,firefox,,1783472392,2023-10-23 17:56:59,518.1,081f589bfabfd51fb2f9f2ee85a428328a1ae049,1321102,,,,,,,,,,,,,,,,,,,,,,,,,,,,,,,,,,,,,,,,,,,,,,,,,,,,,,,,,,,,,TN,TN
autoland,4060512,13,77a9707257b88d3b15060667769a2def98a71cff,windows10-64-shippable-qr,True,False,,|c|o|l|d| |f|i|s|s|i|o|n| |i|n|t|e|r|a|c|t|i|v|e| |w|e|b|r|e|n|d|e|r|,102210fe594ee9b33d82058545b1ed14f4c8206e,LastVisualChange,reddit-billgates-post-1.posts,True,reddit-billgates-post-1.posts LastVisualChange opt cold fission webrender,,77,ms,firefox,,1783475165,2023-10-23 17:56:59,535.8,081f589bfabfd51fb2f9f2ee85a428328a1ae049,1321102,,,,,,,,,,,,,,,,,,,,,,,,,,,,,,,,,,,,,,,,,,,,,,,,,,,,,,,,,,,,,TN,TN
autoland,4060512,13,77a9707257b88d3b15060667769a2def98a71cff,windows10-64-shippable-qr,True,False,,|c|o|l|d| |f|i|s|s|i|o|n| |i|n|t|e|r|a|c|t|i|v|e| |w|e|b|r|e|n|d|e|r|,102210fe594ee9b33d82058545b1ed14f4c8206e,LastVisualChange,reddit-billgates-post-1.posts,True,reddit-billgates-post-1.posts LastVisualChange opt cold fission webrender,,77,ms,firefox,,1783472291,2023-10-23 17:56:59,528.9,081f589bfabfd51fb2f9f2ee85a428328a1ae049,1321102,,,,,,,,,,,,,,,,,,,,,,,,,,,,,,,,,,,,,,,,,,,,,,,,,,,,,,,,,,,,,TN,TN
autoland,4060512,13,77a9707257b88d3b15060667769a2def98a71cff,windows10-64-shippable-qr,True,False,,|c|o|l|d| |f|i|s|s|i|o|n| |i|n|t|e|r|a|c|t|i|v|e| |w|e|b|r|e|n|d|e|r|,102210fe594ee9b33d82058545b1ed14f4c8206e,LastVisualChange,reddit-billgates-post-1.posts,True,reddit-billgates-post-1.posts LastVisualChange opt cold fission webrender,,77,ms,firefox,,1783475321,2023-10-23 17:56:59,529.2,081f589bfabfd51fb2f9f2ee85a428328a1ae049,1321102,,,,,,,,,,,,,,,,,,,,,,,,,,,,,,,,,,,,,,,,,,,,,,,,,,,,,,,,,,,,,TN,TN
autoland,4060512,13,77a9707257b88d3b15060667769a2def98a71cff,windows10-64-shippable-qr,True,False,,|c|o|l|d| |f|i|s|s|i|o|n| |i|n|t|e|r|a|c|t|i|v|e| |w|e|b|r|e|n|d|e|r|,102210fe594ee9b33d82058545b1ed14f4c8206e,LastVisualChange,reddit-billgates-post-1.posts,True,reddit-billgates-post-1.posts LastVisualChange opt cold fission webrender,,77,ms,firefox,,1783474807,2023-10-23 17:56:59,509.4,081f589bfabfd51fb2f9f2ee85a428328a1ae049,1321102,,,,,,,,,,,,,,,,,,,,,,,,,,,,,,,,,,,,,,,,,,,,,,,,,,,,,,,,,,,,,TN,TN
autoland,4060512,13,77a9707257b88d3b15060667769a2def98a71cff,windows10-64-shippable-qr,True,False,,|c|o|l|d| |f|i|s|s|i|o|n| |i|n|t|e|r|a|c|t|i|v|e| |w|e|b|r|e|n|d|e|r|,102210fe594ee9b33d82058545b1ed14f4c8206e,LastVisualChange,reddit-billgates-post-1.posts,True,reddit-billgates-post-1.posts LastVisualChange opt cold fission webrender,,77,ms,firefox,,1779848061,2023-10-23 18:22:32,536.0,7a7af6939fe90e2308af1f0d49d87ac46c9d3925,1321122,,,,,,,,,,,,,,,,,,,,,,,,,,,,,,,,,,,,,,,,,,,,,,,,,,,,,,,,,,,,,TN,TN
autoland,4060512,13,77a9707257b88d3b15060667769a2def98a71cff,windows10-64-shippable-qr,True,False,,|c|o|l|d| |f|i|s|s|i|o|n| |i|n|t|e|r|a|c|t|i|v|e| |w|e|b|r|e|n|d|e|r|,102210fe594ee9b33d82058545b1ed14f4c8206e,LastVisualChange,reddit-billgates-post-1.posts,True,reddit-billgates-post-1.posts LastVisualChange opt cold fission webrender,,77,ms,firefox,,1783472161,2023-10-23 18:22:32,512.9,7a7af6939fe90e2308af1f0d49d87ac46c9d3925,1321122,,,,,,,,,,,,,,,,,,,,,,,,,,,,,,,,,,,,,,,,,,,,,,,,,,,,,,,,,,,,,TN,TN
autoland,4060512,13,77a9707257b88d3b15060667769a2def98a71cff,windows10-64-shippable-qr,True,False,,|c|o|l|d| |f|i|s|s|i|o|n| |i|n|t|e|r|a|c|t|i|v|e| |w|e|b|r|e|n|d|e|r|,102210fe594ee9b33d82058545b1ed14f4c8206e,LastVisualChange,reddit-billgates-post-1.posts,True,reddit-billgates-post-1.posts LastVisualChange opt cold fission webrender,,77,ms,firefox,,1783472116,2023-10-23 18:22:32,531.2,7a7af6939fe90e2308af1f0d49d87ac46c9d3925,1321122,,,,,,,,,,,,,,,,,,,,,,,,,,,,,,,,,,,,,,,,,,,,,,,,,,,,,,,,,,,,,TN,TN
autoland,4060512,13,77a9707257b88d3b15060667769a2def98a71cff,windows10-64-shippable-qr,True,False,,|c|o|l|d| |f|i|s|s|i|o|n| |i|n|t|e|r|a|c|t|i|v|e| |w|e|b|r|e|n|d|e|r|,102210fe594ee9b33d82058545b1ed14f4c8206e,LastVisualChange,reddit-billgates-post-1.posts,True,reddit-billgates-post-1.posts LastVisualChange opt cold fission webrender,,77,ms,firefox,,1783472170,2023-10-23 18:22:32,524.0,7a7af6939fe90e2308af1f0d49d87ac46c9d3925,1321122,,,,,,,,,,,,,,,,,,,,,,,,,,,,,,,,,,,,,,,,,,,,,,,,,,,,,,,,,,,,,TN,TN
autoland,4060512,13,77a9707257b88d3b15060667769a2def98a71cff,windows10-64-shippable-qr,True,False,,|c|o|l|d| |f|i|s|s|i|o|n| |i|n|t|e|r|a|c|t|i|v|e| |w|e|b|r|e|n|d|e|r|,102210fe594ee9b33d82058545b1ed14f4c8206e,LastVisualChange,reddit-billgates-post-1.posts,True,reddit-billgates-post-1.posts LastVisualChange opt cold fission webrender,,77,ms,firefox,,1783472485,2023-10-23 18:22:32,521.4,7a7af6939fe90e2308af1f0d49d87ac46c9d3925,1321122,,,,,,,,,,,,,,,,,,,,,,,,,,,,,,,,,,,,,,,,,,,,,,,,,,,,,,,,,,,,,TN,TN
autoland,4060512,13,77a9707257b88d3b15060667769a2def98a71cff,windows10-64-shippable-qr,True,False,,|c|o|l|d| |f|i|s|s|i|o|n| |i|n|t|e|r|a|c|t|i|v|e| |w|e|b|r|e|n|d|e|r|,102210fe594ee9b33d82058545b1ed14f4c8206e,LastVisualChange,reddit-billgates-post-1.posts,True,reddit-billgates-post-1.posts LastVisualChange opt cold fission webrender,,77,ms,firefox,,1783473363,2023-10-23 18:22:32,499.3,7a7af6939fe90e2308af1f0d49d87ac46c9d3925,1321122,,,,,,,,,,,,,,,,,,,,,,,,,,,,,,,,,,,,,,,,,,,,,,,,,,,,,,,,,,,,,TN,TN
autoland,4060512,13,77a9707257b88d3b15060667769a2def98a71cff,windows10-64-shippable-qr,True,False,,|c|o|l|d| |f|i|s|s|i|o|n| |i|n|t|e|r|a|c|t|i|v|e| |w|e|b|r|e|n|d|e|r|,102210fe594ee9b33d82058545b1ed14f4c8206e,LastVisualChange,reddit-billgates-post-1.posts,True,reddit-billgates-post-1.posts LastVisualChange opt cold fission webrender,,77,ms,firefox,,1783474344,2023-10-23 18:22:32,542.4,7a7af6939fe90e2308af1f0d49d87ac46c9d3925,1321122,,,,,,,,,,,,,,,,,,,,,,,,,,,,,,,,,,,,,,,,,,,,,,,,,,,,,,,,,,,,,TN,TN
autoland,4060512,13,77a9707257b88d3b15060667769a2def98a71cff,windows10-64-shippable-qr,True,False,,|c|o|l|d| |f|i|s|s|i|o|n| |i|n|t|e|r|a|c|t|i|v|e| |w|e|b|r|e|n|d|e|r|,102210fe594ee9b33d82058545b1ed14f4c8206e,LastVisualChange,reddit-billgates-post-1.posts,True,reddit-billgates-post-1.posts LastVisualChange opt cold fission webrender,,77,ms,firefox,,1783474381,2023-10-23 18:22:32,515.8,7a7af6939fe90e2308af1f0d49d87ac46c9d3925,1321122,,,,,,,,,,,,,,,,,,,,,,,,,,,,,,,,,,,,,,,,,,,,,,,,,,,,,,,,,,,,,TN,TN
autoland,4060512,13,77a9707257b88d3b15060667769a2def98a71cff,windows10-64-shippable-qr,True,False,,|c|o|l|d| |f|i|s|s|i|o|n| |i|n|t|e|r|a|c|t|i|v|e| |w|e|b|r|e|n|d|e|r|,102210fe594ee9b33d82058545b1ed14f4c8206e,LastVisualChange,reddit-billgates-post-1.posts,True,reddit-billgates-post-1.posts LastVisualChange opt cold fission webrender,,77,ms,firefox,,1779960887,2023-10-23 18:38:06,525.2,785ce00db669bd935155ddad043e488d5a0dc22f,1321135,,,,,,,,,,,,,,,,,,,,,,,,,,,,,,,,,,,,,,,,,,,,,,,,,,,,,,,,,,,,,TN,TN
autoland,4060512,13,77a9707257b88d3b15060667769a2def98a71cff,windows10-64-shippable-qr,True,False,,|c|o|l|d| |f|i|s|s|i|o|n| |i|n|t|e|r|a|c|t|i|v|e| |w|e|b|r|e|n|d|e|r|,102210fe594ee9b33d82058545b1ed14f4c8206e,LastVisualChange,reddit-billgates-post-1.posts,True,reddit-billgates-post-1.posts LastVisualChange opt cold fission webrender,,77,ms,firefox,,1783326881,2023-10-23 18:38:06,524.9,785ce00db669bd935155ddad043e488d5a0dc22f,1321135,,,,,,,,,,,,,,,,,,,,,,,,,,,,,,,,,,,,,,,,,,,,,,,,,,,,,,,,,,,,,TN,TN
autoland,4060512,13,77a9707257b88d3b15060667769a2def98a71cff,windows10-64-shippable-qr,True,False,,|c|o|l|d| |f|i|s|s|i|o|n| |i|n|t|e|r|a|c|t|i|v|e| |w|e|b|r|e|n|d|e|r|,102210fe594ee9b33d82058545b1ed14f4c8206e,LastVisualChange,reddit-billgates-post-1.posts,True,reddit-billgates-post-1.posts LastVisualChange opt cold fission webrender,,77,ms,firefox,,1783326933,2023-10-23 18:38:06,514.4,785ce00db669bd935155ddad043e488d5a0dc22f,1321135,,,,,,,,,,,,,,,,,,,,,,,,,,,,,,,,,,,,,,,,,,,,,,,,,,,,,,,,,,,,,TN,TN
autoland,4060512,13,77a9707257b88d3b15060667769a2def98a71cff,windows10-64-shippable-qr,True,False,,|c|o|l|d| |f|i|s|s|i|o|n| |i|n|t|e|r|a|c|t|i|v|e| |w|e|b|r|e|n|d|e|r|,102210fe594ee9b33d82058545b1ed14f4c8206e,LastVisualChange,reddit-billgates-post-1.posts,True,reddit-billgates-post-1.posts LastVisualChange opt cold fission webrender,,77,ms,firefox,,1783326767,2023-10-23 18:38:06,518.0,785ce00db669bd935155ddad043e488d5a0dc22f,1321135,,,,,,,,,,,,,,,,,,,,,,,,,,,,,,,,,,,,,,,,,,,,,,,,,,,,,,,,,,,,,TN,TN
autoland,4060512,13,77a9707257b88d3b15060667769a2def98a71cff,windows10-64-shippable-qr,True,False,,|c|o|l|d| |f|i|s|s|i|o|n| |i|n|t|e|r|a|c|t|i|v|e| |w|e|b|r|e|n|d|e|r|,102210fe594ee9b33d82058545b1ed14f4c8206e,LastVisualChange,reddit-billgates-post-1.posts,True,reddit-billgates-post-1.posts LastVisualChange opt cold fission webrender,,77,ms,firefox,,1783326855,2023-10-23 18:38:06,518.1,785ce00db669bd935155ddad043e488d5a0dc22f,1321135,,,,,,,,,,,,,,,,,,,,,,,,,,,,,,,,,,,,,,,,,,,,,,,,,,,,,,,,,,,,,TN,TN
autoland,4060512,13,77a9707257b88d3b15060667769a2def98a71cff,windows10-64-shippable-qr,True,False,,|c|o|l|d| |f|i|s|s|i|o|n| |i|n|t|e|r|a|c|t|i|v|e| |w|e|b|r|e|n|d|e|r|,102210fe594ee9b33d82058545b1ed14f4c8206e,LastVisualChange,reddit-billgates-post-1.posts,True,reddit-billgates-post-1.posts LastVisualChange opt cold fission webrender,,77,ms,firefox,,1783473008,2023-10-23 18:38:06,522.2,785ce00db669bd935155ddad043e488d5a0dc22f,1321135,,,,,,,,,,,,,,,,,,,,,,,,,,,,,,,,,,,,,,,,,,,,,,,,,,,,,,,,,,,,,TN,TN
autoland,4060512,13,77a9707257b88d3b15060667769a2def98a71cff,windows10-64-shippable-qr,True,False,,|c|o|l|d| |f|i|s|s|i|o|n| |i|n|t|e|r|a|c|t|i|v|e| |w|e|b|r|e|n|d|e|r|,102210fe594ee9b33d82058545b1ed14f4c8206e,LastVisualChange,reddit-billgates-post-1.posts,True,reddit-billgates-post-1.posts LastVisualChange opt cold fission webrender,,77,ms,firefox,,1783473193,2023-10-23 18:38:06,505.1,785ce00db669bd935155ddad043e488d5a0dc22f,1321135,,,,,,,,,,,,,,,,,,,,,,,,,,,,,,,,,,,,,,,,,,,,,,,,,,,,,,,,,,,,,TN,TN
autoland,4060512,13,77a9707257b88d3b15060667769a2def98a71cff,windows10-64-shippable-qr,True,False,,|c|o|l|d| |f|i|s|s|i|o|n| |i|n|t|e|r|a|c|t|i|v|e| |w|e|b|r|e|n|d|e|r|,102210fe594ee9b33d82058545b1ed14f4c8206e,LastVisualChange,reddit-billgates-post-1.posts,True,reddit-billgates-post-1.posts LastVisualChange opt cold fission webrender,,77,ms,firefox,,1783473241,2023-10-23 18:38:06,547.4,785ce00db669bd935155ddad043e488d5a0dc22f,1321135,,,,,,,,,,,,,,,,,,,,,,,,,,,,,,,,,,,,,,,,,,,,,,,,,,,,,,,,,,,,,TN,TN
autoland,4060512,13,77a9707257b88d3b15060667769a2def98a71cff,windows10-64-shippable-qr,True,False,,|c|o|l|d| |f|i|s|s|i|o|n| |i|n|t|e|r|a|c|t|i|v|e| |w|e|b|r|e|n|d|e|r|,102210fe594ee9b33d82058545b1ed14f4c8206e,LastVisualChange,reddit-billgates-post-1.posts,True,reddit-billgates-post-1.posts LastVisualChange opt cold fission webrender,,77,ms,firefox,,1779939148,2023-10-23 18:56:29,508.8,cf62466da741b0e5136b67a186233807aac4b4a2,1321150,,,,,,,,,,,,,,,,,,,,,,,,,,,,,,,,,,,,,,,,,,,,,,,,,,,,,,,,,,,,,TN,TN
autoland,4060512,13,77a9707257b88d3b15060667769a2def98a71cff,windows10-64-shippable-qr,True,False,,|c|o|l|d| |f|i|s|s|i|o|n| |i|n|t|e|r|a|c|t|i|v|e| |w|e|b|r|e|n|d|e|r|,102210fe594ee9b33d82058545b1ed14f4c8206e,LastVisualChange,reddit-billgates-post-1.posts,True,reddit-billgates-post-1.posts LastVisualChange opt cold fission webrender,,77,ms,firefox,,1783326783,2023-10-23 18:56:29,505.0,cf62466da741b0e5136b67a186233807aac4b4a2,1321150,,,,,,,,,,,,,,,,,,,,,,,,,,,,,,,,,,,,,,,,,,,,,,,,,,,,,,,,,,,,,TN,TN
autoland,4060512,13,77a9707257b88d3b15060667769a2def98a71cff,windows10-64-shippable-qr,True,False,,|c|o|l|d| |f|i|s|s|i|o|n| |i|n|t|e|r|a|c|t|i|v|e| |w|e|b|r|e|n|d|e|r|,102210fe594ee9b33d82058545b1ed14f4c8206e,LastVisualChange,reddit-billgates-post-1.posts,True,reddit-billgates-post-1.posts LastVisualChange opt cold fission webrender,,77,ms,firefox,,1783326919,2023-10-23 18:56:29,512.3,cf62466da741b0e5136b67a186233807aac4b4a2,1321150,,,,,,,,,,,,,,,,,,,,,,,,,,,,,,,,,,,,,,,,,,,,,,,,,,,,,,,,,,,,,TN,TN
autoland,4060512,13,77a9707257b88d3b15060667769a2def98a71cff,windows10-64-shippable-qr,True,False,,|c|o|l|d| |f|i|s|s|i|o|n| |i|n|t|e|r|a|c|t|i|v|e| |w|e|b|r|e|n|d|e|r|,102210fe594ee9b33d82058545b1ed14f4c8206e,LastVisualChange,reddit-billgates-post-1.posts,True,reddit-billgates-post-1.posts LastVisualChange opt cold fission webrender,,77,ms,firefox,,1783326834,2023-10-23 18:56:29,512.3,cf62466da741b0e5136b67a186233807aac4b4a2,1321150,,,,,,,,,,,,,,,,,,,,,,,,,,,,,,,,,,,,,,,,,,,,,,,,,,,,,,,,,,,,,TN,TN
autoland,4060512,13,77a9707257b88d3b15060667769a2def98a71cff,windows10-64-shippable-qr,True,False,,|c|o|l|d| |f|i|s|s|i|o|n| |i|n|t|e|r|a|c|t|i|v|e| |w|e|b|r|e|n|d|e|r|,102210fe594ee9b33d82058545b1ed14f4c8206e,LastVisualChange,reddit-billgates-post-1.posts,True,reddit-billgates-post-1.posts LastVisualChange opt cold fission webrender,,77,ms,firefox,,1783326944,2023-10-23 18:56:29,521.0,cf62466da741b0e5136b67a186233807aac4b4a2,1321150,,,,,,,,,,,,,,,,,,,,,,,,,,,,,,,,,,,,,,,,,,,,,,,,,,,,,,,,,,,,,TN,TN
autoland,4060512,13,77a9707257b88d3b15060667769a2def98a71cff,windows10-64-shippable-qr,True,False,,|c|o|l|d| |f|i|s|s|i|o|n| |i|n|t|e|r|a|c|t|i|v|e| |w|e|b|r|e|n|d|e|r|,102210fe594ee9b33d82058545b1ed14f4c8206e,LastVisualChange,reddit-billgates-post-1.posts,True,reddit-billgates-post-1.posts LastVisualChange opt cold fission webrender,,77,ms,firefox,,1783473085,2023-10-23 18:56:29,508.4,cf62466da741b0e5136b67a186233807aac4b4a2,1321150,,,,,,,,,,,,,,,,,,,,,,,,,,,,,,,,,,,,,,,,,,,,,,,,,,,,,,,,,,,,,TN,TN
autoland,4060512,13,77a9707257b88d3b15060667769a2def98a71cff,windows10-64-shippable-qr,True,False,,|c|o|l|d| |f|i|s|s|i|o|n| |i|n|t|e|r|a|c|t|i|v|e| |w|e|b|r|e|n|d|e|r|,102210fe594ee9b33d82058545b1ed14f4c8206e,LastVisualChange,reddit-billgates-post-1.posts,True,reddit-billgates-post-1.posts LastVisualChange opt cold fission webrender,,77,ms,firefox,,1783473117,2023-10-23 18:56:29,504.9,cf62466da741b0e5136b67a186233807aac4b4a2,1321150,,,,,,,,,,,,,,,,,,,,,,,,,,,,,,,,,,,,,,,,,,,,,,,,,,,,,,,,,,,,,TN,TN
autoland,4060512,13,77a9707257b88d3b15060667769a2def98a71cff,windows10-64-shippable-qr,True,False,,|c|o|l|d| |f|i|s|s|i|o|n| |i|n|t|e|r|a|c|t|i|v|e| |w|e|b|r|e|n|d|e|r|,102210fe594ee9b33d82058545b1ed14f4c8206e,LastVisualChange,reddit-billgates-post-1.posts,True,reddit-billgates-post-1.posts LastVisualChange opt cold fission webrender,,77,ms,firefox,,1783473040,2023-10-23 18:56:29,531.7,cf62466da741b0e5136b67a186233807aac4b4a2,1321150,,,,,,,,,,,,,,,,,,,,,,,,,,,,,,,,,,,,,,,,,,,,,,,,,,,,,,,,,,,,,TN,TN
autoland,4060512,13,77a9707257b88d3b15060667769a2def98a71cff,windows10-64-shippable-qr,True,False,,|c|o|l|d| |f|i|s|s|i|o|n| |i|n|t|e|r|a|c|t|i|v|e| |w|e|b|r|e|n|d|e|r|,102210fe594ee9b33d82058545b1ed14f4c8206e,LastVisualChange,reddit-billgates-post-1.posts,True,reddit-billgates-post-1.posts LastVisualChange opt cold fission webrender,,77,ms,firefox,,1779801565,2023-10-23 18:57:30,523.9,baf6a4468415aba6684b321fb9576ea6d84d9924,1321152,,,,,,,,,,,,,,,,,,,,,,,,,,,,,,,,,,,,,,,,,,,,,,,,,,,,,,,,,,,,,TN,TN
autoland,4060512,13,77a9707257b88d3b15060667769a2def98a71cff,windows10-64-shippable-qr,True,False,,|c|o|l|d| |f|i|s|s|i|o|n| |i|n|t|e|r|a|c|t|i|v|e| |w|e|b|r|e|n|d|e|r|,102210fe594ee9b33d82058545b1ed14f4c8206e,LastVisualChange,reddit-billgates-post-1.posts,True,reddit-billgates-post-1.posts LastVisualChange opt cold fission webrender,,77,ms,firefox,,1783326557,2023-10-23 18:57:30,529.0,baf6a4468415aba6684b321fb9576ea6d84d9924,1321152,,,,,,,,,,,,,,,,,,,,,,,,,,,,,,,,,,,,,,,,,,,,,,,,,,,,,,,,,,,,,TN,TN
autoland,4060512,13,77a9707257b88d3b15060667769a2def98a71cff,windows10-64-shippable-qr,True,False,,|c|o|l|d| |f|i|s|s|i|o|n| |i|n|t|e|r|a|c|t|i|v|e| |w|e|b|r|e|n|d|e|r|,102210fe594ee9b33d82058545b1ed14f4c8206e,LastVisualChange,reddit-billgates-post-1.posts,True,reddit-billgates-post-1.posts LastVisualChange opt cold fission webrender,,77,ms,firefox,,1783326584,2023-10-23 18:57:30,505.1,baf6a4468415aba6684b321fb9576ea6d84d9924,1321152,,,,,,,,,,,,,,,,,,,,,,,,,,,,,,,,,,,,,,,,,,,,,,,,,,,,,,,,,,,,,TN,TN
autoland,4060512,13,77a9707257b88d3b15060667769a2def98a71cff,windows10-64-shippable-qr,True,False,,|c|o|l|d| |f|i|s|s|i|o|n| |i|n|t|e|r|a|c|t|i|v|e| |w|e|b|r|e|n|d|e|r|,102210fe594ee9b33d82058545b1ed14f4c8206e,LastVisualChange,reddit-billgates-post-1.posts,True,reddit-billgates-post-1.posts LastVisualChange opt cold fission webrender,,77,ms,firefox,,1783326572,2023-10-23 18:57:30,542.0,baf6a4468415aba6684b321fb9576ea6d84d9924,1321152,,,,,,,,,,,,,,,,,,,,,,,,,,,,,,,,,,,,,,,,,,,,,,,,,,,,,,,,,,,,,TN,TN
autoland,4060512,13,77a9707257b88d3b15060667769a2def98a71cff,windows10-64-shippable-qr,True,False,,|c|o|l|d| |f|i|s|s|i|o|n| |i|n|t|e|r|a|c|t|i|v|e| |w|e|b|r|e|n|d|e|r|,102210fe594ee9b33d82058545b1ed14f4c8206e,LastVisualChange,reddit-billgates-post-1.posts,True,reddit-billgates-post-1.posts LastVisualChange opt cold fission webrender,,77,ms,firefox,,1783326606,2023-10-23 18:57:30,537.0,baf6a4468415aba6684b321fb9576ea6d84d9924,1321152,,,,,,,,,,,,,,,,,,,,,,,,,,,,,,,,,,,,,,,,,,,,,,,,,,,,,,,,,,,,,TN,TN
autoland,4060512,13,77a9707257b88d3b15060667769a2def98a71cff,windows10-64-shippable-qr,True,False,,|c|o|l|d| |f|i|s|s|i|o|n| |i|n|t|e|r|a|c|t|i|v|e| |w|e|b|r|e|n|d|e|r|,102210fe594ee9b33d82058545b1ed14f4c8206e,LastVisualChange,reddit-billgates-post-1.posts,True,reddit-billgates-post-1.posts LastVisualChange opt cold fission webrender,,77,ms,firefox,,1779851769,2023-10-23 18:58:44,545.8,b5a7bfce67369d1469dcac5bed32dcdddbae0395,1321153,,,,,,,,,,,,,,,,,,,,,,,,,,,,,,,,,,,,,,,,,,,,,,,,,,,,,,,,,,,,,TN,TN
autoland,4060512,13,77a9707257b88d3b15060667769a2def98a71cff,windows10-64-shippable-qr,True,False,,|c|o|l|d| |f|i|s|s|i|o|n| |i|n|t|e|r|a|c|t|i|v|e| |w|e|b|r|e|n|d|e|r|,102210fe594ee9b33d82058545b1ed14f4c8206e,LastVisualChange,reddit-billgates-post-1.posts,True,reddit-billgates-post-1.posts LastVisualChange opt cold fission webrender,,77,ms,firefox,,1783327033,2023-10-23 18:58:44,512.1,b5a7bfce67369d1469dcac5bed32dcdddbae0395,1321153,,,,,,,,,,,,,,,,,,,,,,,,,,,,,,,,,,,,,,,,,,,,,,,,,,,,,,,,,,,,,TN,TN
autoland,4060512,13,77a9707257b88d3b15060667769a2def98a71cff,windows10-64-shippable-qr,True,False,,|c|o|l|d| |f|i|s|s|i|o|n| |i|n|t|e|r|a|c|t|i|v|e| |w|e|b|r|e|n|d|e|r|,102210fe594ee9b33d82058545b1ed14f4c8206e,LastVisualChange,reddit-billgates-post-1.posts,True,reddit-billgates-post-1.posts LastVisualChange opt cold fission webrender,,77,ms,firefox,,1783327075,2023-10-23 18:58:44,545.0,b5a7bfce67369d1469dcac5bed32dcdddbae0395,1321153,,,,,,,,,,,,,,,,,,,,,,,,,,,,,,,,,,,,,,,,,,,,,,,,,,,,,,,,,,,,,TN,TN
autoland,4060512,13,77a9707257b88d3b15060667769a2def98a71cff,windows10-64-shippable-qr,True,False,,|c|o|l|d| |f|i|s|s|i|o|n| |i|n|t|e|r|a|c|t|i|v|e| |w|e|b|r|e|n|d|e|r|,102210fe594ee9b33d82058545b1ed14f4c8206e,LastVisualChange,reddit-billgates-post-1.posts,True,reddit-billgates-post-1.posts LastVisualChange opt cold fission webrender,,77,ms,firefox,,1783327056,2023-10-23 18:58:44,511.3,b5a7bfce67369d1469dcac5bed32dcdddbae0395,1321153,,,,,,,,,,,,,,,,,,,,,,,,,,,,,,,,,,,,,,,,,,,,,,,,,,,,,,,,,,,,,TN,TN
autoland,4060512,13,77a9707257b88d3b15060667769a2def98a71cff,windows10-64-shippable-qr,True,False,,|c|o|l|d| |f|i|s|s|i|o|n| |i|n|t|e|r|a|c|t|i|v|e| |w|e|b|r|e|n|d|e|r|,102210fe594ee9b33d82058545b1ed14f4c8206e,LastVisualChange,reddit-billgates-post-1.posts,True,reddit-billgates-post-1.posts LastVisualChange opt cold fission webrender,,77,ms,firefox,,1783327005,2023-10-23 18:58:44,487.5,b5a7bfce67369d1469dcac5bed32dcdddbae0395,1321153,,,,,,,,,,,,,,,,,,,,,,,,,,,,,,,,,,,,,,,,,,,,,,,,,,,,,,,,,,,,,TN,TN
autoland,4060512,13,77a9707257b88d3b15060667769a2def98a71cff,windows10-64-shippable-qr,True,False,,|c|o|l|d| |f|i|s|s|i|o|n| |i|n|t|e|r|a|c|t|i|v|e| |w|e|b|r|e|n|d|e|r|,102210fe594ee9b33d82058545b1ed14f4c8206e,LastVisualChange,reddit-billgates-post-1.posts,True,reddit-billgates-post-1.posts LastVisualChange opt cold fission webrender,,77,ms,firefox,,1779830524,2023-10-23 18:59:40,508.6,d2f2e4387777e76c458d784b59216c07e805ecf7,1321156,,,,,,,,,,,,,,,,,,,,,,,,,,,,,,,,,,,,,,,,,,,,,,,,,,,,,,,,,,,,,TN,TN
autoland,4060512,13,77a9707257b88d3b15060667769a2def98a71cff,windows10-64-shippable-qr,True,False,,|c|o|l|d| |f|i|s|s|i|o|n| |i|n|t|e|r|a|c|t|i|v|e| |w|e|b|r|e|n|d|e|r|,102210fe594ee9b33d82058545b1ed14f4c8206e,LastVisualChange,reddit-billgates-post-1.posts,True,reddit-billgates-post-1.posts LastVisualChange opt cold fission webrender,,77,ms,firefox,,1783326678,2023-10-23 18:59:40,535.8,d2f2e4387777e76c458d784b59216c07e805ecf7,1321156,,,,,,,,,,,,,,,,,,,,,,,,,,,,,,,,,,,,,,,,,,,,,,,,,,,,,,,,,,,,,TN,TN
autoland,4060512,13,77a9707257b88d3b15060667769a2def98a71cff,windows10-64-shippable-qr,True,False,,|c|o|l|d| |f|i|s|s|i|o|n| |i|n|t|e|r|a|c|t|i|v|e| |w|e|b|r|e|n|d|e|r|,102210fe594ee9b33d82058545b1ed14f4c8206e,LastVisualChange,reddit-billgates-post-1.posts,True,reddit-billgates-post-1.posts LastVisualChange opt cold fission webrender,,77,ms,firefox,,1783326482,2023-10-23 18:59:40,528.1,d2f2e4387777e76c458d784b59216c07e805ecf7,1321156,,,,,,,,,,,,,,,,,,,,,,,,,,,,,,,,,,,,,,,,,,,,,,,,,,,,,,,,,,,,,TN,TN
autoland,4060512,13,77a9707257b88d3b15060667769a2def98a71cff,windows10-64-shippable-qr,True,False,,|c|o|l|d| |f|i|s|s|i|o|n| |i|n|t|e|r|a|c|t|i|v|e| |w|e|b|r|e|n|d|e|r|,102210fe594ee9b33d82058545b1ed14f4c8206e,LastVisualChange,reddit-billgates-post-1.posts,True,reddit-billgates-post-1.posts LastVisualChange opt cold fission webrender,,77,ms,firefox,,1783326669,2023-10-23 18:59:40,498.5,d2f2e4387777e76c458d784b59216c07e805ecf7,1321156,,,,,,,,,,,,,,,,,,,,,,,,,,,,,,,,,,,,,,,,,,,,,,,,,,,,,,,,,,,,,TN,TN
autoland,4060512,13,77a9707257b88d3b15060667769a2def98a71cff,windows10-64-shippable-qr,True,False,,|c|o|l|d| |f|i|s|s|i|o|n| |i|n|t|e|r|a|c|t|i|v|e| |w|e|b|r|e|n|d|e|r|,102210fe594ee9b33d82058545b1ed14f4c8206e,LastVisualChange,reddit-billgates-post-1.posts,True,reddit-billgates-post-1.posts LastVisualChange opt cold fission webrender,,77,ms,firefox,,1783326699,2023-10-23 18:59:40,515.7,d2f2e4387777e76c458d784b59216c07e805ecf7,1321156,,,,,,,,,,,,,,,,,,,,,,,,,,,,,,,,,,,,,,,,,,,,,,,,,,,,,,,,,,,,,TN,TN
autoland,4060512,13,77a9707257b88d3b15060667769a2def98a71cff,windows10-64-shippable-qr,True,False,,|c|o|l|d| |f|i|s|s|i|o|n| |i|n|t|e|r|a|c|t|i|v|e| |w|e|b|r|e|n|d|e|r|,102210fe594ee9b33d82058545b1ed14f4c8206e,LastVisualChange,reddit-billgates-post-1.posts,True,reddit-billgates-post-1.posts LastVisualChange opt cold fission webrender,,77,ms,firefox,,1779959906,2023-10-23 19:05:18,519.4,d3d0bc27ebffea892e1e635d3b1618d58b195138,1321163,,,,,,,,,,,,,,,,,,,,,,,,,,,,,,,,,,,,,,,,,,,,,,,,,,,,,,,,,,,,,TN,TN
autoland,4060512,13,77a9707257b88d3b15060667769a2def98a71cff,windows10-64-shippable-qr,True,False,,|c|o|l|d| |f|i|s|s|i|o|n| |i|n|t|e|r|a|c|t|i|v|e| |w|e|b|r|e|n|d|e|r|,102210fe594ee9b33d82058545b1ed14f4c8206e,LastVisualChange,reddit-billgates-post-1.posts,True,reddit-billgates-post-1.posts LastVisualChange opt cold fission webrender,,77,ms,firefox,,1783327210,2023-10-23 19:05:18,495.3,d3d0bc27ebffea892e1e635d3b1618d58b195138,1321163,,,,,,,,,,,,,,,,,,,,,,,,,,,,,,,,,,,,,,,,,,,,,,,,,,,,,,,,,,,,,TN,TN
autoland,4060512,13,77a9707257b88d3b15060667769a2def98a71cff,windows10-64-shippable-qr,True,False,,|c|o|l|d| |f|i|s|s|i|o|n| |i|n|t|e|r|a|c|t|i|v|e| |w|e|b|r|e|n|d|e|r|,102210fe594ee9b33d82058545b1ed14f4c8206e,LastVisualChange,reddit-billgates-post-1.posts,True,reddit-billgates-post-1.posts LastVisualChange opt cold fission webrender,,77,ms,firefox,,1783327209,2023-10-23 19:05:18,533.8,d3d0bc27ebffea892e1e635d3b1618d58b195138,1321163,,,,,,,,,,,,,,,,,,,,,,,,,,,,,,,,,,,,,,,,,,,,,,,,,,,,,,,,,,,,,TN,TN
autoland,4060512,13,77a9707257b88d3b15060667769a2def98a71cff,windows10-64-shippable-qr,True,False,,|c|o|l|d| |f|i|s|s|i|o|n| |i|n|t|e|r|a|c|t|i|v|e| |w|e|b|r|e|n|d|e|r|,102210fe594ee9b33d82058545b1ed14f4c8206e,LastVisualChange,reddit-billgates-post-1.posts,True,reddit-billgates-post-1.posts LastVisualChange opt cold fission webrender,,77,ms,firefox,,1783327187,2023-10-23 19:05:18,534.8,d3d0bc27ebffea892e1e635d3b1618d58b195138,1321163,,,,,,,,,,,,,,,,,,,,,,,,,,,,,,,,,,,,,,,,,,,,,,,,,,,,,,,,,,,,,TN,TN
autoland,4060512,13,77a9707257b88d3b15060667769a2def98a71cff,windows10-64-shippable-qr,True,False,,|c|o|l|d| |f|i|s|s|i|o|n| |i|n|t|e|r|a|c|t|i|v|e| |w|e|b|r|e|n|d|e|r|,102210fe594ee9b33d82058545b1ed14f4c8206e,LastVisualChange,reddit-billgates-post-1.posts,True,reddit-billgates-post-1.posts LastVisualChange opt cold fission webrender,,77,ms,firefox,,1783327249,2023-10-23 19:05:18,506.8,d3d0bc27ebffea892e1e635d3b1618d58b195138,1321163,,,,,,,,,,,,,,,,,,,,,,,,,,,,,,,,,,,,,,,,,,,,,,,,,,,,,,,,,,,,,TN,TN
autoland,4060512,13,77a9707257b88d3b15060667769a2def98a71cff,windows10-64-shippable-qr,True,False,,|c|o|l|d| |f|i|s|s|i|o|n| |i|n|t|e|r|a|c|t|i|v|e| |w|e|b|r|e|n|d|e|r|,102210fe594ee9b33d82058545b1ed14f4c8206e,LastVisualChange,reddit-billgates-post-1.posts,True,reddit-billgates-post-1.posts LastVisualChange opt cold fission webrender,,77,ms,firefox,,1779856170,2023-10-23 19:51:00,528.8,076c9103aad5d987229226f223aa420114d5acbd,1321182,,,,,,,,,,,,,,,,,,,,,,,,,,,,,,,,,,,,,,,,,,,,,,,,,,,,,,,,,,,,,TN,TN
autoland,4060512,13,77a9707257b88d3b15060667769a2def98a71cff,windows10-64-shippable-qr,True,False,,|c|o|l|d| |f|i|s|s|i|o|n| |i|n|t|e|r|a|c|t|i|v|e| |w|e|b|r|e|n|d|e|r|,102210fe594ee9b33d82058545b1ed14f4c8206e,LastVisualChange,reddit-billgates-post-1.posts,True,reddit-billgates-post-1.posts LastVisualChange opt cold fission webrender,,77,ms,firefox,,1781632185,2023-10-23 19:51:00,523.9,076c9103aad5d987229226f223aa420114d5acbd,1321182,,,,,,,,,,,,,,,,,,,,,,,,,,,,,,,,,,,,,,,,,,,,,,,,,,,,,,,,,,,,,TN,TN
autoland,4060512,13,77a9707257b88d3b15060667769a2def98a71cff,windows10-64-shippable-qr,True,False,,|c|o|l|d| |f|i|s|s|i|o|n| |i|n|t|e|r|a|c|t|i|v|e| |w|e|b|r|e|n|d|e|r|,102210fe594ee9b33d82058545b1ed14f4c8206e,LastVisualChange,reddit-billgates-post-1.posts,True,reddit-billgates-post-1.posts LastVisualChange opt cold fission webrender,,77,ms,firefox,,1781631833,2023-10-23 19:51:00,522.3,076c9103aad5d987229226f223aa420114d5acbd,1321182,,,,,,,,,,,,,,,,,,,,,,,,,,,,,,,,,,,,,,,,,,,,,,,,,,,,,,,,,,,,,TN,TN
autoland,4060512,13,77a9707257b88d3b15060667769a2def98a71cff,windows10-64-shippable-qr,True,False,,|c|o|l|d| |f|i|s|s|i|o|n| |i|n|t|e|r|a|c|t|i|v|e| |w|e|b|r|e|n|d|e|r|,102210fe594ee9b33d82058545b1ed14f4c8206e,LastVisualChange,reddit-billgates-post-1.posts,True,reddit-billgates-post-1.posts LastVisualChange opt cold fission webrender,,77,ms,firefox,,1781631834,2023-10-23 19:51:00,515.2,076c9103aad5d987229226f223aa420114d5acbd,1321182,,,,,,,,,,,,,,,,,,,,,,,,,,,,,,,,,,,,,,,,,,,,,,,,,,,,,,,,,,,,,TN,TN
autoland,4060512,13,77a9707257b88d3b15060667769a2def98a71cff,windows10-64-shippable-qr,True,False,,|c|o|l|d| |f|i|s|s|i|o|n| |i|n|t|e|r|a|c|t|i|v|e| |w|e|b|r|e|n|d|e|r|,102210fe594ee9b33d82058545b1ed14f4c8206e,LastVisualChange,reddit-billgates-post-1.posts,True,reddit-billgates-post-1.posts LastVisualChange opt cold fission webrender,,77,ms,firefox,,1781631905,2023-10-23 19:51:00,528.6,076c9103aad5d987229226f223aa420114d5acbd,1321182,,,,,,,,,,,,,,,,,,,,,,,,,,,,,,,,,,,,,,,,,,,,,,,,,,,,,,,,,,,,,TN,TN
autoland,4060512,13,77a9707257b88d3b15060667769a2def98a71cff,windows10-64-shippable-qr,True,False,,|c|o|l|d| |f|i|s|s|i|o|n| |i|n|t|e|r|a|c|t|i|v|e| |w|e|b|r|e|n|d|e|r|,102210fe594ee9b33d82058545b1ed14f4c8206e,LastVisualChange,reddit-billgates-post-1.posts,True,reddit-billgates-post-1.posts LastVisualChange opt cold fission webrender,,77,ms,firefox,,1781632451,2023-10-23 19:51:00,511.1,076c9103aad5d987229226f223aa420114d5acbd,1321182,,,,,,,,,,,,,,,,,,,,,,,,,,,,,,,,,,,,,,,,,,,,,,,,,,,,,,,,,,,,,TN,TN
autoland,4060512,13,77a9707257b88d3b15060667769a2def98a71cff,windows10-64-shippable-qr,True,False,,|c|o|l|d| |f|i|s|s|i|o|n| |i|n|t|e|r|a|c|t|i|v|e| |w|e|b|r|e|n|d|e|r|,102210fe594ee9b33d82058545b1ed14f4c8206e,LastVisualChange,reddit-billgates-post-1.posts,True,reddit-billgates-post-1.posts LastVisualChange opt cold fission webrender,,77,ms,firefox,,1781632514,2023-10-23 19:51:00,537.7,076c9103aad5d987229226f223aa420114d5acbd,1321182,,,,,,,,,,,,,,,,,,,,,,,,,,,,,,,,,,,,,,,,,,,,,,,,,,,,,,,,,,,,,TN,TN
autoland,4060512,13,77a9707257b88d3b15060667769a2def98a71cff,windows10-64-shippable-qr,True,False,,|c|o|l|d| |f|i|s|s|i|o|n| |i|n|t|e|r|a|c|t|i|v|e| |w|e|b|r|e|n|d|e|r|,102210fe594ee9b33d82058545b1ed14f4c8206e,LastVisualChange,reddit-billgates-post-1.posts,True,reddit-billgates-post-1.posts LastVisualChange opt cold fission webrender,,77,ms,firefox,,1781632623,2023-10-23 19:51:00,522.4,076c9103aad5d987229226f223aa420114d5acbd,1321182,,,,,,,,,,,,,,,,,,,,,,,,,,,,,,,,,,,,,,,,,,,,,,,,,,,,,,,,,,,,,TN,TN
autoland,4060512,13,77a9707257b88d3b15060667769a2def98a71cff,windows10-64-shippable-qr,True,False,,|c|o|l|d| |f|i|s|s|i|o|n| |i|n|t|e|r|a|c|t|i|v|e| |w|e|b|r|e|n|d|e|r|,102210fe594ee9b33d82058545b1ed14f4c8206e,LastVisualChange,reddit-billgates-post-1.posts,True,reddit-billgates-post-1.posts LastVisualChange opt cold fission webrender,,77,ms,firefox,,1779939483,2023-10-23 20:03:21,514.6,79f439bc112cf550ec3ff276d0577ec4e42b0a47,1321189,,,,,,,,,,,,,,,,,,,,,,,,,,,,,,,,,,,,,,,,,,,,,,,,,,,,,,,,,,,,,TN,TN
autoland,4060512,13,77a9707257b88d3b15060667769a2def98a71cff,windows10-64-shippable-qr,True,False,,|c|o|l|d| |f|i|s|s|i|o|n| |i|n|t|e|r|a|c|t|i|v|e| |w|e|b|r|e|n|d|e|r|,102210fe594ee9b33d82058545b1ed14f4c8206e,LastVisualChange,reddit-billgates-post-1.posts,True,reddit-billgates-post-1.posts LastVisualChange opt cold fission webrender,,77,ms,firefox,,1781586917,2023-10-23 20:03:21,515.4,79f439bc112cf550ec3ff276d0577ec4e42b0a47,1321189,,,,,,,,,,,,,,,,,,,,,,,,,,,,,,,,,,,,,,,,,,,,,,,,,,,,,,,,,,,,,TN,TN
autoland,4060512,13,77a9707257b88d3b15060667769a2def98a71cff,windows10-64-shippable-qr,True,False,,|c|o|l|d| |f|i|s|s|i|o|n| |i|n|t|e|r|a|c|t|i|v|e| |w|e|b|r|e|n|d|e|r|,102210fe594ee9b33d82058545b1ed14f4c8206e,LastVisualChange,reddit-billgates-post-1.posts,True,reddit-billgates-post-1.posts LastVisualChange opt cold fission webrender,,77,ms,firefox,,1781586956,2023-10-23 20:03:21,505.9,79f439bc112cf550ec3ff276d0577ec4e42b0a47,1321189,,,,,,,,,,,,,,,,,,,,,,,,,,,,,,,,,,,,,,,,,,,,,,,,,,,,,,,,,,,,,TN,TN
autoland,4060512,13,77a9707257b88d3b15060667769a2def98a71cff,windows10-64-shippable-qr,True,False,,|c|o|l|d| |f|i|s|s|i|o|n| |i|n|t|e|r|a|c|t|i|v|e| |w|e|b|r|e|n|d|e|r|,102210fe594ee9b33d82058545b1ed14f4c8206e,LastVisualChange,reddit-billgates-post-1.posts,True,reddit-billgates-post-1.posts LastVisualChange opt cold fission webrender,,77,ms,firefox,,1781586987,2023-10-23 20:03:21,524.0,79f439bc112cf550ec3ff276d0577ec4e42b0a47,1321189,,,,,,,,,,,,,,,,,,,,,,,,,,,,,,,,,,,,,,,,,,,,,,,,,,,,,,,,,,,,,TN,TN
autoland,4060512,13,77a9707257b88d3b15060667769a2def98a71cff,windows10-64-shippable-qr,True,False,,|c|o|l|d| |f|i|s|s|i|o|n| |i|n|t|e|r|a|c|t|i|v|e| |w|e|b|r|e|n|d|e|r|,102210fe594ee9b33d82058545b1ed14f4c8206e,LastVisualChange,reddit-billgates-post-1.posts,True,reddit-billgates-post-1.posts LastVisualChange opt cold fission webrender,,77,ms,firefox,,1781586898,2023-10-23 20:03:21,522.1,79f439bc112cf550ec3ff276d0577ec4e42b0a47,1321189,,,,,,,,,,,,,,,,,,,,,,,,,,,,,,,,,,,,,,,,,,,,,,,,,,,,,,,,,,,,,TN,TN
autoland,4060512,13,77a9707257b88d3b15060667769a2def98a71cff,windows10-64-shippable-qr,True,False,,|c|o|l|d| |f|i|s|s|i|o|n| |i|n|t|e|r|a|c|t|i|v|e| |w|e|b|r|e|n|d|e|r|,102210fe594ee9b33d82058545b1ed14f4c8206e,LastVisualChange,reddit-billgates-post-1.posts,True,reddit-billgates-post-1.posts LastVisualChange opt cold fission webrender,,77,ms,firefox,,1781587019,2023-10-23 20:03:21,527.4,79f439bc112cf550ec3ff276d0577ec4e42b0a47,1321189,,,,,,,,,,,,,,,,,,,,,,,,,,,,,,,,,,,,,,,,,,,,,,,,,,,,,,,,,,,,,TN,TN
autoland,4060512,13,77a9707257b88d3b15060667769a2def98a71cff,windows10-64-shippable-qr,True,False,,|c|o|l|d| |f|i|s|s|i|o|n| |i|n|t|e|r|a|c|t|i|v|e| |w|e|b|r|e|n|d|e|r|,102210fe594ee9b33d82058545b1ed14f4c8206e,LastVisualChange,reddit-billgates-post-1.posts,True,reddit-billgates-post-1.posts LastVisualChange opt cold fission webrender,,77,ms,firefox,,1781586855,2023-10-23 20:03:21,529.0,79f439bc112cf550ec3ff276d0577ec4e42b0a47,1321189,,,,,,,,,,,,,,,,,,,,,,,,,,,,,,,,,,,,,,,,,,,,,,,,,,,,,,,,,,,,,TN,TN
autoland,4060512,13,77a9707257b88d3b15060667769a2def98a71cff,windows10-64-shippable-qr,True,False,,|c|o|l|d| |f|i|s|s|i|o|n| |i|n|t|e|r|a|c|t|i|v|e| |w|e|b|r|e|n|d|e|r|,102210fe594ee9b33d82058545b1ed14f4c8206e,LastVisualChange,reddit-billgates-post-1.posts,True,reddit-billgates-post-1.posts LastVisualChange opt cold fission webrender,,77,ms,firefox,,1779940423,2023-10-23 20:18:06,520.9,58b6164020f0ea02907407513d5fc8db2fca49db,1321199,,,,,,,,,,,,,,,,,,,,,,,,,,,,,,,,,,,,,,,,,,,,,,,,,,,,,,,,,,,,,TN,TN
autoland,4060512,13,77a9707257b88d3b15060667769a2def98a71cff,windows10-64-shippable-qr,True,False,,|c|o|l|d| |f|i|s|s|i|o|n| |i|n|t|e|r|a|c|t|i|v|e| |w|e|b|r|e|n|d|e|r|,102210fe594ee9b33d82058545b1ed14f4c8206e,LastVisualChange,reddit-billgates-post-1.posts,True,reddit-billgates-post-1.posts LastVisualChange opt cold fission webrender,,77,ms,firefox,,1779853942,2023-10-23 20:21:48,538.6,027896306e6fae140c820e1c2ff11eb49711d673,1321201,,,,,,,,,,,,,,,,,,,,,,,,,,,,,,,,,,,,,,,,,,,,,,,,,,,,,,,,,,,,,TN,TN
autoland,4060512,13,77a9707257b88d3b15060667769a2def98a71cff,windows10-64-shippable-qr,True,False,,|c|o|l|d| |f|i|s|s|i|o|n| |i|n|t|e|r|a|c|t|i|v|e| |w|e|b|r|e|n|d|e|r|,102210fe594ee9b33d82058545b1ed14f4c8206e,LastVisualChange,reddit-billgates-post-1.posts,True,reddit-billgates-post-1.posts LastVisualChange opt cold fission webrender,,77,ms,firefox,,1779842742,2023-10-23 20:31:17,552.3,c60447c3d4a4114b2b76dac600ce0eb62767d781,1321206,,,,,,,,,,,,,,,,,,,,,,,,,,,,,,,,,,,,,,,,,,,,,,,,,,,,,,,,,,,,,TN,TN
autoland,4060512,13,77a9707257b88d3b15060667769a2def98a71cff,windows10-64-shippable-qr,True,False,,|c|o|l|d| |f|i|s|s|i|o|n| |i|n|t|e|r|a|c|t|i|v|e| |w|e|b|r|e|n|d|e|r|,102210fe594ee9b33d82058545b1ed14f4c8206e,LastVisualChange,reddit-billgates-post-1.posts,True,reddit-billgates-post-1.posts LastVisualChange opt cold fission webrender,,77,ms,firefox,,1779840688,2023-10-23 20:33:39,535.9,5938ed6565c036f4ab5cb70c384483b5bb87fe81,1321207,,,,,,,,,,,,,,,,,,,,,,,,,,,,,,,,,,,,,,,,,,,,,,,,,,,,,,,,,,,,,TN,TN
autoland,4060512,13,77a9707257b88d3b15060667769a2def98a71cff,windows10-64-shippable-qr,True,False,,|c|o|l|d| |f|i|s|s|i|o|n| |i|n|t|e|r|a|c|t|i|v|e| |w|e|b|r|e|n|d|e|r|,102210fe594ee9b33d82058545b1ed14f4c8206e,LastVisualChange,reddit-billgates-post-1.posts,True,reddit-billgates-post-1.posts LastVisualChange opt cold fission webrender,,77,ms,firefox,,1779937826,2023-10-23 20:35:07,564.1,2a8d11fcc746feeef629cd0fcad21615888669d0,1321209,,,,,,,,,,,,,,,,,,,,,,,,,,,,,,,,,,,,,,,,,,,,,,,,,,,,,,,,,,,,,TN,TN
autoland,4060512,13,77a9707257b88d3b15060667769a2def98a71cff,windows10-64-shippable-qr,True,False,,|c|o|l|d| |f|i|s|s|i|o|n| |i|n|t|e|r|a|c|t|i|v|e| |w|e|b|r|e|n|d|e|r|,102210fe594ee9b33d82058545b1ed14f4c8206e,LastVisualChange,reddit-billgates-post-1.posts,True,reddit-billgates-post-1.posts LastVisualChange opt cold fission webrender,,77,ms,firefox,,1778602633,2023-10-23 20:36:06,512.0,0fdbf0a455f26afa0a7a0390d6a380e318fce9d4,1321210,,,,,,,,,,,,,,,,,,,,,,,,,,,,,,,,,,,,,,,,,,,,,,,,,,,,,,,,,,,,,TN,TN
autoland,4060512,13,77a9707257b88d3b15060667769a2def98a71cff,windows10-64-shippable-qr,True,False,,|c|o|l|d| |f|i|s|s|i|o|n| |i|n|t|e|r|a|c|t|i|v|e| |w|e|b|r|e|n|d|e|r|,102210fe594ee9b33d82058545b1ed14f4c8206e,LastVisualChange,reddit-billgates-post-1.posts,True,reddit-billgates-post-1.posts LastVisualChange opt cold fission webrender,,77,ms,firefox,,1779843953,2023-10-23 20:37:05,521.7,41cafc4f4828b8e5169c464eb3ea4e338d875665,1321212,,,,,,,,,,,,,,,,,,,,,,,,,,,,,,,,,,,,,,,,,,,,,,,,,,,,,,,,,,,,,TN,TN
autoland,4060512,13,77a9707257b88d3b15060667769a2def98a71cff,windows10-64-shippable-qr,True,False,,|c|o|l|d| |f|i|s|s|i|o|n| |i|n|t|e|r|a|c|t|i|v|e| |w|e|b|r|e|n|d|e|r|,102210fe594ee9b33d82058545b1ed14f4c8206e,LastVisualChange,reddit-billgates-post-1.posts,True,reddit-billgates-post-1.posts LastVisualChange opt cold fission webrender,,77,ms,firefox,,1779851685,2023-10-23 20:51:43,518.6,013bb41a9ee33921b31d38e5c2068238641bb7e1,1321224,,,,,,,,,,,,,,,,,,,,,,,,,,,,,,,,,,,,,,,,,,,,,,,,,,,,,,,,,,,,,TN,TN
autoland,4060512,13,77a9707257b88d3b15060667769a2def98a71cff,windows10-64-shippable-qr,True,False,,|c|o|l|d| |f|i|s|s|i|o|n| |i|n|t|e|r|a|c|t|i|v|e| |w|e|b|r|e|n|d|e|r|,102210fe594ee9b33d82058545b1ed14f4c8206e,LastVisualChange,reddit-billgates-post-1.posts,True,reddit-billgates-post-1.posts LastVisualChange opt cold fission webrender,,77,ms,firefox,,1779959044,2023-10-23 21:34:36,513.9,d4e2929fb545084f352ec0f782cf65a144c83a1b,1321248,,,,,,,,,,,,,,,,,,,,,,,,,,,,,,,,,,,,,,,,,,,,,,,,,,,,,,,,,,,,,TN,TN
autoland,4060512,13,77a9707257b88d3b15060667769a2def98a71cff,windows10-64-shippable-qr,True,False,,|c|o|l|d| |f|i|s|s|i|o|n| |i|n|t|e|r|a|c|t|i|v|e| |w|e|b|r|e|n|d|e|r|,102210fe594ee9b33d82058545b1ed14f4c8206e,LastVisualChange,reddit-billgates-post-1.posts,True,reddit-billgates-post-1.posts LastVisualChange opt cold fission webrender,,77,ms,firefox,,1779837804,2023-10-23 21:37:23,528.9,fed77a9c1515659519ceaa6420994dffe076faca,1321250,,,,,,,,,,,,,,,,,,,,,,,,,,,,,,,,,,,,,,,,,,,,,,,,,,,,,,,,,,,,,TN,TN
autoland,4060512,13,77a9707257b88d3b15060667769a2def98a71cff,windows10-64-shippable-qr,True,False,,|c|o|l|d| |f|i|s|s|i|o|n| |i|n|t|e|r|a|c|t|i|v|e| |w|e|b|r|e|n|d|e|r|,102210fe594ee9b33d82058545b1ed14f4c8206e,LastVisualChange,reddit-billgates-post-1.posts,True,reddit-billgates-post-1.posts LastVisualChange opt cold fission webrender,,77,ms,firefox,,1779938282,2023-10-23 21:38:19,504.8,58f0ab3ba4b94ae11eaa2ee7ebc4616e4e29bc30,1321253,,,,,,,,,,,,,,,,,,,,,,,,,,,,,,,,,,,,,,,,,,,,,,,,,,,,,,,,,,,,,TN,TN
autoland,4060512,13,77a9707257b88d3b15060667769a2def98a71cff,windows10-64-shippable-qr,True,False,,|c|o|l|d| |f|i|s|s|i|o|n| |i|n|t|e|r|a|c|t|i|v|e| |w|e|b|r|e|n|d|e|r|,102210fe594ee9b33d82058545b1ed14f4c8206e,LastVisualChange,reddit-billgates-post-1.posts,True,reddit-billgates-post-1.posts LastVisualChange opt cold fission webrender,,77,ms,firefox,,1779839430,2023-10-23 21:40:33,545.6,6e62be0f50a4de33b786f496a236a9bb9139f3f0,1321257,,,,,,,,,,,,,,,,,,,,,,,,,,,,,,,,,,,,,,,,,,,,,,,,,,,,,,,,,,,,,TN,TN
autoland,4060512,13,77a9707257b88d3b15060667769a2def98a71cff,windows10-64-shippable-qr,True,False,,|c|o|l|d| |f|i|s|s|i|o|n| |i|n|t|e|r|a|c|t|i|v|e| |w|e|b|r|e|n|d|e|r|,102210fe594ee9b33d82058545b1ed14f4c8206e,LastVisualChange,reddit-billgates-post-1.posts,True,reddit-billgates-post-1.posts LastVisualChange opt cold fission webrender,,77,ms,firefox,,1779938520,2023-10-23 21:42:38,521.2,735d82e60fb63e23d4b866a992afec6920afa34f,1321260,,,,,,,,,,,,,,,,,,,,,,,,,,,,,,,,,,,,,,,,,,,,,,,,,,,,,,,,,,,,,TN,TN
autoland,4060512,13,77a9707257b88d3b15060667769a2def98a71cff,windows10-64-shippable-qr,True,False,,|c|o|l|d| |f|i|s|s|i|o|n| |i|n|t|e|r|a|c|t|i|v|e| |w|e|b|r|e|n|d|e|r|,102210fe594ee9b33d82058545b1ed14f4c8206e,LastVisualChange,reddit-billgates-post-1.posts,True,reddit-billgates-post-1.posts LastVisualChange opt cold fission webrender,,77,ms,firefox,,1779853908,2023-10-23 21:43:32,515.9,e7761656cb087a90c34670d22417af55c20a112a,1321261,,,,,,,,,,,,,,,,,,,,,,,,,,,,,,,,,,,,,,,,,,,,,,,,,,,,,,,,,,,,,TN,TN
autoland,4060512,13,77a9707257b88d3b15060667769a2def98a71cff,windows10-64-shippable-qr,True,False,,|c|o|l|d| |f|i|s|s|i|o|n| |i|n|t|e|r|a|c|t|i|v|e| |w|e|b|r|e|n|d|e|r|,102210fe594ee9b33d82058545b1ed14f4c8206e,LastVisualChange,reddit-billgates-post-1.posts,True,reddit-billgates-post-1.posts LastVisualChange opt cold fission webrender,,77,ms,firefox,,1779788196,2023-10-23 21:47:12,558.5,4b8cd756768aa9c15853f687f5e9be7d11692c3b,1321262,,,,,,,,,,,,,,,,,,,,,,,,,,,,,,,,,,,,,,,,,,,,,,,,,,,,,,,,,,,,,TN,TN
autoland,4060512,13,77a9707257b88d3b15060667769a2def98a71cff,windows10-64-shippable-qr,True,False,,|c|o|l|d| |f|i|s|s|i|o|n| |i|n|t|e|r|a|c|t|i|v|e| |w|e|b|r|e|n|d|e|r|,102210fe594ee9b33d82058545b1ed14f4c8206e,LastVisualChange,reddit-billgates-post-1.posts,True,reddit-billgates-post-1.posts LastVisualChange opt cold fission webrender,,77,ms,firefox,,1779839863,2023-10-23 21:57:34,531.4,75f62a89f923568bb4d1ce44bb4a135472316a21,1321270,,,,,,,,,,,,,,,,,,,,,,,,,,,,,,,,,,,,,,,,,,,,,,,,,,,,,,,,,,,,,TN,TN
autoland,4060512,13,77a9707257b88d3b15060667769a2def98a71cff,windows10-64-shippable-qr,True,False,,|c|o|l|d| |f|i|s|s|i|o|n| |i|n|t|e|r|a|c|t|i|v|e| |w|e|b|r|e|n|d|e|r|,102210fe594ee9b33d82058545b1ed14f4c8206e,LastVisualChange,reddit-billgates-post-1.posts,True,reddit-billgates-post-1.posts LastVisualChange opt cold fission webrender,,77,ms,firefox,,1779848323,2023-10-23 22:02:15,504.6,c56b724c90568c2dca6e563a26b5c8065107f038,1321275,,,,,,,,,,,,,,,,,,,,,,,,,,,,,,,,,,,,,,,,,,,,,,,,,,,,,,,,,,,,,TN,TN
autoland,4060512,13,77a9707257b88d3b15060667769a2def98a71cff,windows10-64-shippable-qr,True,False,,|c|o|l|d| |f|i|s|s|i|o|n| |i|n|t|e|r|a|c|t|i|v|e| |w|e|b|r|e|n|d|e|r|,102210fe594ee9b33d82058545b1ed14f4c8206e,LastVisualChange,reddit-billgates-post-1.posts,True,reddit-billgates-post-1.posts LastVisualChange opt cold fission webrender,,77,ms,firefox,,1779939983,2023-10-23 22:41:11,565.1,75fa2810fdcf8d49c9d1bf7c5b58180f155ec38f,1321298,,,,,,,,,,,,,,,,,,,,,,,,,,,,,,,,,,,,,,,,,,,,,,,,,,,,,,,,,,,,,TN,TN
autoland,4060512,13,77a9707257b88d3b15060667769a2def98a71cff,windows10-64-shippable-qr,True,False,,|c|o|l|d| |f|i|s|s|i|o|n| |i|n|t|e|r|a|c|t|i|v|e| |w|e|b|r|e|n|d|e|r|,102210fe594ee9b33d82058545b1ed14f4c8206e,LastVisualChange,reddit-billgates-post-1.posts,True,reddit-billgates-post-1.posts LastVisualChange opt cold fission webrender,,77,ms,firefox,,1779859013,2023-10-23 22:44:30,518.1,3e015d8116f7846c673df5cd426dd8b88060e2b1,1321300,,,,,,,,,,,,,,,,,,,,,,,,,,,,,,,,,,,,,,,,,,,,,,,,,,,,,,,,,,,,,TN,TN
autoland,4060512,13,77a9707257b88d3b15060667769a2def98a71cff,windows10-64-shippable-qr,True,False,,|c|o|l|d| |f|i|s|s|i|o|n| |i|n|t|e|r|a|c|t|i|v|e| |w|e|b|r|e|n|d|e|r|,102210fe594ee9b33d82058545b1ed14f4c8206e,LastVisualChange,reddit-billgates-post-1.posts,True,reddit-billgates-post-1.posts LastVisualChange opt cold fission webrender,,77,ms,firefox,,1779853040,2023-10-23 22:50:56,550.4,dec95bfd8d3929e710e8835971c52785d2453cbb,1321304,,,,,,,,,,,,,,,,,,,,,,,,,,,,,,,,,,,,,,,,,,,,,,,,,,,,,,,,,,,,,TN,TN
autoland,4060512,13,77a9707257b88d3b15060667769a2def98a71cff,windows10-64-shippable-qr,True,False,,|c|o|l|d| |f|i|s|s|i|o|n| |i|n|t|e|r|a|c|t|i|v|e| |w|e|b|r|e|n|d|e|r|,102210fe594ee9b33d82058545b1ed14f4c8206e,LastVisualChange,reddit-billgates-post-1.posts,True,reddit-billgates-post-1.posts LastVisualChange opt cold fission webrender,,77,ms,firefox,,1779850821,2023-10-23 22:56:34,515.5,261b2cf2977750574f29cc1b3af177aae7559f86,1321309,,,,,,,,,,,,,,,,,,,,,,,,,,,,,,,,,,,,,,,,,,,,,,,,,,,,,,,,,,,,,TN,TN
autoland,4060512,13,77a9707257b88d3b15060667769a2def98a71cff,windows10-64-shippable-qr,True,False,,|c|o|l|d| |f|i|s|s|i|o|n| |i|n|t|e|r|a|c|t|i|v|e| |w|e|b|r|e|n|d|e|r|,102210fe594ee9b33d82058545b1ed14f4c8206e,LastVisualChange,reddit-billgates-post-1.posts,True,reddit-billgates-post-1.posts LastVisualChange opt cold fission webrender,,77,ms,firefox,,1779859191,2023-10-23 23:13:41,522.1,e4557e65b6c5e8e95495d9bbd24f147e14c9d88a,1321313,,,,,,,,,,,,,,,,,,,,,,,,,,,,,,,,,,,,,,,,,,,,,,,,,,,,,,,,,,,,,TN,TN
autoland,4060512,13,77a9707257b88d3b15060667769a2def98a71cff,windows10-64-shippable-qr,True,False,,|c|o|l|d| |f|i|s|s|i|o|n| |i|n|t|e|r|a|c|t|i|v|e| |w|e|b|r|e|n|d|e|r|,102210fe594ee9b33d82058545b1ed14f4c8206e,LastVisualChange,reddit-billgates-post-1.posts,True,reddit-billgates-post-1.posts LastVisualChange opt cold fission webrender,,77,ms,firefox,,1779938645,2023-10-23 23:41:09,522.4,9e0814d9dc090ab767d01f2c435676c66291c835,1321324,,,,,,,,,,,,,,,,,,,,,,,,,,,,,,,,,,,,,,,,,,,,,,,,,,,,,,,,,,,,,TN,TN
autoland,4060512,13,77a9707257b88d3b15060667769a2def98a71cff,windows10-64-shippable-qr,True,False,,|c|o|l|d| |f|i|s|s|i|o|n| |i|n|t|e|r|a|c|t|i|v|e| |w|e|b|r|e|n|d|e|r|,102210fe594ee9b33d82058545b1ed14f4c8206e,LastVisualChange,reddit-billgates-post-1.posts,True,reddit-billgates-post-1.posts LastVisualChange opt cold fission webrender,,77,ms,firefox,,1779853867,2023-10-24 00:16:25,513.4,622e0643fff8ba632ce18ce132c977c5c2291b15,1321346,,,,,,,,,,,,,,,,,,,,,,,,,,,,,,,,,,,,,,,,,,,,,,,,,,,,,,,,,,,,,TN,TN
autoland,4060512,13,77a9707257b88d3b15060667769a2def98a71cff,windows10-64-shippable-qr,True,False,,|c|o|l|d| |f|i|s|s|i|o|n| |i|n|t|e|r|a|c|t|i|v|e| |w|e|b|r|e|n|d|e|r|,102210fe594ee9b33d82058545b1ed14f4c8206e,LastVisualChange,reddit-billgates-post-1.posts,True,reddit-billgates-post-1.posts LastVisualChange opt cold fission webrender,,77,ms,firefox,,1778706552,2023-10-24 00:49:55,534.7,ed9d130c38a8858740845db8ec5c8bb7e68cce65,1321359,,,,,,,,,,,,,,,,,,,,,,,,,,,,,,,,,,,,,,,,,,,,,,,,,,,,,,,,,,,,,TN,TN
autoland,4060512,13,77a9707257b88d3b15060667769a2def98a71cff,windows10-64-shippable-qr,True,False,,|c|o|l|d| |f|i|s|s|i|o|n| |i|n|t|e|r|a|c|t|i|v|e| |w|e|b|r|e|n|d|e|r|,102210fe594ee9b33d82058545b1ed14f4c8206e,LastVisualChange,reddit-billgates-post-1.posts,True,reddit-billgates-post-1.posts LastVisualChange opt cold fission webrender,,77,ms,firefox,,1780062023,2023-10-24 00:55:20,514.9,a800aa0c8c544109f50ebd6f6a05d6bc461742f2,1321363,,,,,,,,,,,,,,,,,,,,,,,,,,,,,,,,,,,,,,,,,,,,,,,,,,,,,,,,,,,,,TN,TN
autoland,4060512,13,77a9707257b88d3b15060667769a2def98a71cff,windows10-64-shippable-qr,True,False,,|c|o|l|d| |f|i|s|s|i|o|n| |i|n|t|e|r|a|c|t|i|v|e| |w|e|b|r|e|n|d|e|r|,102210fe594ee9b33d82058545b1ed14f4c8206e,LastVisualChange,reddit-billgates-post-1.posts,True,reddit-billgates-post-1.posts LastVisualChange opt cold fission webrender,,77,ms,firefox,,1780061620,2023-10-24 01:06:52,511.9,a1f96596aceb6c098e40dc8ec612693b72acb453,1321372,,,,,,,,,,,,,,,,,,,,,,,,,,,,,,,,,,,,,,,,,,,,,,,,,,,,,,,,,,,,,TN,TN
autoland,4060512,13,77a9707257b88d3b15060667769a2def98a71cff,windows10-64-shippable-qr,True,False,,|c|o|l|d| |f|i|s|s|i|o|n| |i|n|t|e|r|a|c|t|i|v|e| |w|e|b|r|e|n|d|e|r|,102210fe594ee9b33d82058545b1ed14f4c8206e,LastVisualChange,reddit-billgates-post-1.posts,True,reddit-billgates-post-1.posts LastVisualChange opt cold fission webrender,,77,ms,firefox,,1780083862,2023-10-24 01:51:34,525.2,3ceaf46f8f551b49e4926f587f8afe4dfa09cae1,1321378,,,,,,,,,,,,,,,,,,,,,,,,,,,,,,,,,,,,,,,,,,,,,,,,,,,,,,,,,,,,,TN,TN
autoland,4060512,13,77a9707257b88d3b15060667769a2def98a71cff,windows10-64-shippable-qr,True,False,,|c|o|l|d| |f|i|s|s|i|o|n| |i|n|t|e|r|a|c|t|i|v|e| |w|e|b|r|e|n|d|e|r|,102210fe594ee9b33d82058545b1ed14f4c8206e,LastVisualChange,reddit-billgates-post-1.posts,True,reddit-billgates-post-1.posts LastVisualChange opt cold fission webrender,,77,ms,firefox,,1780056818,2023-10-24 01:54:49,522.0,6d12b530a5c91222159ac735fc3949887f969baf,1321380,,,,,,,,,,,,,,,,,,,,,,,,,,,,,,,,,,,,,,,,,,,,,,,,,,,,,,,,,,,,,TN,TN
autoland,4060512,13,77a9707257b88d3b15060667769a2def98a71cff,windows10-64-shippable-qr,True,False,,|c|o|l|d| |f|i|s|s|i|o|n| |i|n|t|e|r|a|c|t|i|v|e| |w|e|b|r|e|n|d|e|r|,102210fe594ee9b33d82058545b1ed14f4c8206e,LastVisualChange,reddit-billgates-post-1.posts,True,reddit-billgates-post-1.posts LastVisualChange opt cold fission webrender,,77,ms,firefox,,1780100309,2023-10-24 02:58:30,535.9,666767cb8884c56fcf2368c5ffa32208c76ba2b5,1321392,,,,,,,,,,,,,,,,,,,,,,,,,,,,,,,,,,,,,,,,,,,,,,,,,,,,,,,,,,,,,TN,TN
autoland,4060512,13,77a9707257b88d3b15060667769a2def98a71cff,windows10-64-shippable-qr,True,False,,|c|o|l|d| |f|i|s|s|i|o|n| |i|n|t|e|r|a|c|t|i|v|e| |w|e|b|r|e|n|d|e|r|,102210fe594ee9b33d82058545b1ed14f4c8206e,LastVisualChange,reddit-billgates-post-1.posts,True,reddit-billgates-post-1.posts LastVisualChange opt cold fission webrender,,77,ms,firefox,,1780058014,2023-10-24 02:59:49,499.0,618a19358310ab9d1793322d20aa989a200090bc,1321393,,,,,,,,,,,,,,,,,,,,,,,,,,,,,,,,,,,,,,,,,,,,,,,,,,,,,,,,,,,,,TN,TN
autoland,4060512,13,77a9707257b88d3b15060667769a2def98a71cff,windows10-64-shippable-qr,True,False,,|c|o|l|d| |f|i|s|s|i|o|n| |i|n|t|e|r|a|c|t|i|v|e| |w|e|b|r|e|n|d|e|r|,102210fe594ee9b33d82058545b1ed14f4c8206e,LastVisualChange,reddit-billgates-post-1.posts,True,reddit-billgates-post-1.posts LastVisualChange opt cold fission webrender,,77,ms,firefox,,1780169343,2023-10-24 03:57:23,487.7,ed56525c65bc0b65e111ad234d515d1f31a6807e,1321398,,,,,,,,,,,,,,,,,,,,,,,,,,,,,,,,,,,,,,,,,,,,,,,,,,,,,,,,,,,,,TN,TN
autoland,4060512,13,77a9707257b88d3b15060667769a2def98a71cff,windows10-64-shippable-qr,True,False,,|c|o|l|d| |f|i|s|s|i|o|n| |i|n|t|e|r|a|c|t|i|v|e| |w|e|b|r|e|n|d|e|r|,102210fe594ee9b33d82058545b1ed14f4c8206e,LastVisualChange,reddit-billgates-post-1.posts,True,reddit-billgates-post-1.posts LastVisualChange opt cold fission webrender,,77,ms,firefox,,1780057768,2023-10-24 04:06:51,500.6,7f25d62e49a2325004433386f09955d3c2f64c3c,1321402,,,,,,,,,,,,,,,,,,,,,,,,,,,,,,,,,,,,,,,,,,,,,,,,,,,,,,,,,,,,,TN,TN
autoland,4060512,13,77a9707257b88d3b15060667769a2def98a71cff,windows10-64-shippable-qr,True,False,,|c|o|l|d| |f|i|s|s|i|o|n| |i|n|t|e|r|a|c|t|i|v|e| |w|e|b|r|e|n|d|e|r|,102210fe594ee9b33d82058545b1ed14f4c8206e,LastVisualChange,reddit-billgates-post-1.posts,True,reddit-billgates-post-1.posts LastVisualChange opt cold fission webrender,,77,ms,firefox,,1780065273,2023-10-24 04:21:30,561.3,aaa658ba6ff75d75e2b80d803280d13f9a92e4dc,1321405,,,,,,,,,,,,,,,,,,,,,,,,,,,,,,,,,,,,,,,,,,,,,,,,,,,,,,,,,,,,,TN,TN
autoland,4060512,13,77a9707257b88d3b15060667769a2def98a71cff,windows10-64-shippable-qr,True,False,,|c|o|l|d| |f|i|s|s|i|o|n| |i|n|t|e|r|a|c|t|i|v|e| |w|e|b|r|e|n|d|e|r|,102210fe594ee9b33d82058545b1ed14f4c8206e,LastVisualChange,reddit-billgates-post-1.posts,True,reddit-billgates-post-1.posts LastVisualChange opt cold fission webrender,,77,ms,firefox,,1778906005,2023-10-24 05:06:29,525.6,bcdbc81d4adffb0c3b1e04e1854e43cf49314d92,1321416,,,,,,,,,,,,,,,,,,,,,,,,,,,,,,,,,,,,,,,,,,,,,,,,,,,,,,,,,,,,,TN,TN
autoland,4060512,13,77a9707257b88d3b15060667769a2def98a71cff,windows10-64-shippable-qr,True,False,,|c|o|l|d| |f|i|s|s|i|o|n| |i|n|t|e|r|a|c|t|i|v|e| |w|e|b|r|e|n|d|e|r|,102210fe594ee9b33d82058545b1ed14f4c8206e,LastVisualChange,reddit-billgates-post-1.posts,True,reddit-billgates-post-1.posts LastVisualChange opt cold fission webrender,,77,ms,firefox,,1778954273,2023-10-24 08:18:26,512.3,36a87a6432703a1f3a1f2a92756c90146a19e5f2,1321456,,,,,,,,,,,,,,,,,,,,,,,,,,,,,,,,,,,,,,,,,,,,,,,,,,,,,,,,,,,,,TN,TN
autoland,4060512,13,77a9707257b88d3b15060667769a2def98a71cff,windows10-64-shippable-qr,True,False,,|c|o|l|d| |f|i|s|s|i|o|n| |i|n|t|e|r|a|c|t|i|v|e| |w|e|b|r|e|n|d|e|r|,102210fe594ee9b33d82058545b1ed14f4c8206e,LastVisualChange,reddit-billgates-post-1.posts,True,reddit-billgates-post-1.posts LastVisualChange opt cold fission webrender,,77,ms,firefox,,1779058463,2023-10-24 12:23:09,535.4,ea758c7008d76a67d75d4874bb1a1a00838f4128,1321565,,,,,,,,,,,,,,,,,,,,,,,,,,,,,,,,,,,,,,,,,,,,,,,,,,,,,,,,,,,,,TN,TN
autoland,4060512,13,77a9707257b88d3b15060667769a2def98a71cff,windows10-64-shippable-qr,True,False,,|c|o|l|d| |f|i|s|s|i|o|n| |i|n|t|e|r|a|c|t|i|v|e| |w|e|b|r|e|n|d|e|r|,102210fe594ee9b33d82058545b1ed14f4c8206e,LastVisualChange,reddit-billgates-post-1.posts,True,reddit-billgates-post-1.posts LastVisualChange opt cold fission webrender,,77,ms,firefox,,1779712324,2023-10-24 13:05:55,525.2,0900a57bd906196091cc9315cc1480b9457b5089,1321592,,,,,,,,,,,,,,,,,,,,,,,,,,,,,,,,,,,,,,,,,,,,,,,,,,,,,,,,,,,,,TN,TN
autoland,4060512,13,77a9707257b88d3b15060667769a2def98a71cff,windows10-64-shippable-qr,True,False,,|c|o|l|d| |f|i|s|s|i|o|n| |i|n|t|e|r|a|c|t|i|v|e| |w|e|b|r|e|n|d|e|r|,102210fe594ee9b33d82058545b1ed14f4c8206e,LastVisualChange,reddit-billgates-post-1.posts,True,reddit-billgates-post-1.posts LastVisualChange opt cold fission webrender,,77,ms,firefox,,1779720070,2023-10-24 13:09:05,514.7,f6e5fecee879e3d0cd8b2e91df7cfe30f2b5610c,1321594,,,,,,,,,,,,,,,,,,,,,,,,,,,,,,,,,,,,,,,,,,,,,,,,,,,,,,,,,,,,,TN,TN
autoland,4060512,13,77a9707257b88d3b15060667769a2def98a71cff,windows10-64-shippable-qr,True,False,,|c|o|l|d| |f|i|s|s|i|o|n| |i|n|t|e|r|a|c|t|i|v|e| |w|e|b|r|e|n|d|e|r|,102210fe594ee9b33d82058545b1ed14f4c8206e,LastVisualChange,reddit-billgates-post-1.posts,True,reddit-billgates-post-1.posts LastVisualChange opt cold fission webrender,,77,ms,firefox,,1779167222,2023-10-24 13:48:19,492.0,eccda51a6f68b20cfe9af1e94b9336b9856b103e,1321616,,,,,,,,,,,,,,,,,,,,,,,,,,,,,,,,,,,,,,,,,,,,,,,,,,,,,,,,,,,,,TN,TN
autoland,4060512,13,77a9707257b88d3b15060667769a2def98a71cff,windows10-64-shippable-qr,True,False,,|c|o|l|d| |f|i|s|s|i|o|n| |i|n|t|e|r|a|c|t|i|v|e| |w|e|b|r|e|n|d|e|r|,102210fe594ee9b33d82058545b1ed14f4c8206e,LastVisualChange,reddit-billgates-post-1.posts,True,reddit-billgates-post-1.posts LastVisualChange opt cold fission webrender,,77,ms,firefox,,1779611273,2023-10-24 17:52:45,534.7,b2dec8a51f6e781be65a730cfde18a11c9569f94,1321799,,,,,,,,,,,,,,,,,,,,,,,,,,,,,,,,,,,,,,,,,,,,,,,,,,,,,,,,,,,,,TN,TN
autoland,4060512,13,77a9707257b88d3b15060667769a2def98a71cff,windows10-64-shippable-qr,True,False,,|c|o|l|d| |f|i|s|s|i|o|n| |i|n|t|e|r|a|c|t|i|v|e| |w|e|b|r|e|n|d|e|r|,102210fe594ee9b33d82058545b1ed14f4c8206e,LastVisualChange,reddit-billgates-post-1.posts,True,reddit-billgates-post-1.posts LastVisualChange opt cold fission webrender,,77,ms,firefox,,1779619608,2023-10-24 21:54:59,543.5,27ee97bc90986bde66dfb122cc4c8a6a3730e4a3,1321984,,,,,,,,,,,,,,,,,,,,,,,,,,,,,,,,,,,,,,,,,,,,,,,,,,,,,,,,,,,,,TN,TN
autoland,4060512,13,77a9707257b88d3b15060667769a2def98a71cff,windows10-64-shippable-qr,True,False,,|c|o|l|d| |f|i|s|s|i|o|n| |i|n|t|e|r|a|c|t|i|v|e| |w|e|b|r|e|n|d|e|r|,102210fe594ee9b33d82058545b1ed14f4c8206e,LastVisualChange,reddit-billgates-post-1.posts,True,reddit-billgates-post-1.posts LastVisualChange opt cold fission webrender,,77,ms,firefox,,1779667464,2023-10-25 01:35:01,521.8,edfb4ab939a51c9dc131c959da539ef71f17cf5f,1322066,,,,,,,,,,,,,,,,,,,,,,,,,,,,,,,,,,,,,,,,,,,,,,,,,,,,,,,,,,,,,TN,TN
autoland,4060512,13,77a9707257b88d3b15060667769a2def98a71cff,windows10-64-shippable-qr,True,False,,|c|o|l|d| |f|i|s|s|i|o|n| |i|n|t|e|r|a|c|t|i|v|e| |w|e|b|r|e|n|d|e|r|,102210fe594ee9b33d82058545b1ed14f4c8206e,LastVisualChange,reddit-billgates-post-1.posts,True,reddit-billgates-post-1.posts LastVisualChange opt cold fission webrender,,77,ms,firefox,,1779724444,2023-10-25 05:46:17,518.7,c00936a538d944ced81780de7e2670806145f0ec,1322115,,,,,,,,,,,,,,,,,,,,,,,,,,,,,,,,,,,,,,,,,,,,,,,,,,,,,,,,,,,,,TN,TN
autoland,4060512,13,77a9707257b88d3b15060667769a2def98a71cff,windows10-64-shippable-qr,True,False,,|c|o|l|d| |f|i|s|s|i|o|n| |i|n|t|e|r|a|c|t|i|v|e| |w|e|b|r|e|n|d|e|r|,102210fe594ee9b33d82058545b1ed14f4c8206e,LastVisualChange,reddit-billgates-post-1.posts,True,reddit-billgates-post-1.posts LastVisualChange opt cold fission webrender,,77,ms,firefox,,1779941260,2023-10-25 09:46:40,516.0,03d61eb955a9ac6e3374ca4c5504edc41cd1aa4a,1322203,,,,,,,,,,,,,,,,,,,,,,,,,,,,,,,,,,,,,,,,,,,,,,,,,,,,,,,,,,,,,TN,TN
autoland,4060512,13,77a9707257b88d3b15060667769a2def98a71cff,windows10-64-shippable-qr,True,False,,|c|o|l|d| |f|i|s|s|i|o|n| |i|n|t|e|r|a|c|t|i|v|e| |w|e|b|r|e|n|d|e|r|,102210fe594ee9b33d82058545b1ed14f4c8206e,LastVisualChange,reddit-billgates-post-1.posts,True,reddit-billgates-post-1.posts LastVisualChange opt cold fission webrender,,77,ms,firefox,,1779991152,2023-10-25 12:40:12,532.7,44697a7ca8612ae5a4807f530347c3df1d2c191a,1322280,,,,,,,,,,,,,,,,,,,,,,,,,,,,,,,,,,,,,,,,,,,,,,,,,,,,,,,,,,,,,TN,TN
autoland,4060512,13,77a9707257b88d3b15060667769a2def98a71cff,windows10-64-shippable-qr,True,False,,|c|o|l|d| |f|i|s|s|i|o|n| |i|n|t|e|r|a|c|t|i|v|e| |w|e|b|r|e|n|d|e|r|,102210fe594ee9b33d82058545b1ed14f4c8206e,LastVisualChange,reddit-billgates-post-1.posts,True,reddit-billgates-post-1.posts LastVisualChange opt cold fission webrender,,77,ms,firefox,,1780183717,2023-10-25 16:42:09,505.0,b8c2a1837c16c66a12ef79eaf5545e92ae448768,1322418,,,,,,,,,,,,,,,,,,,,,,,,,,,,,,,,,,,,,,,,,,,,,,,,,,,,,,,,,,,,,TN,TN
autoland,4060512,13,77a9707257b88d3b15060667769a2def98a71cff,windows10-64-shippable-qr,True,False,,|c|o|l|d| |f|i|s|s|i|o|n| |i|n|t|e|r|a|c|t|i|v|e| |w|e|b|r|e|n|d|e|r|,102210fe594ee9b33d82058545b1ed14f4c8206e,LastVisualChange,reddit-billgates-post-1.posts,True,reddit-billgates-post-1.posts LastVisualChange opt cold fission webrender,,77,ms,firefox,,1780217771,2023-10-25 18:17:29,531.5,691148c77012c40658cd4a6e4ee3ca178d1c1ca8,1322468,,,,,,,,,,,,,,,,,,,,,,,,,,,,,,,,,,,,,,,,,,,,,,,,,,,,,,,,,,,,,TN,TN
autoland,4060512,13,77a9707257b88d3b15060667769a2def98a71cff,windows10-64-shippable-qr,True,False,,|c|o|l|d| |f|i|s|s|i|o|n| |i|n|t|e|r|a|c|t|i|v|e| |w|e|b|r|e|n|d|e|r|,102210fe594ee9b33d82058545b1ed14f4c8206e,LastVisualChange,reddit-billgates-post-1.posts,True,reddit-billgates-post-1.posts LastVisualChange opt cold fission webrender,,77,ms,firefox,,1780410347,2023-10-25 21:16:28,531.2,e6a52d2c9941178fa5113e3c7af81f561078c5f5,1322573,,,,,,,,,,,,,,,,,,,,,,,,,,,,,,,,,,,,,,,,,,,,,,,,,,,,,,,,,,,,,TN,TN
autoland,4060512,13,77a9707257b88d3b15060667769a2def98a71cff,windows10-64-shippable-qr,True,False,,|c|o|l|d| |f|i|s|s|i|o|n| |i|n|t|e|r|a|c|t|i|v|e| |w|e|b|r|e|n|d|e|r|,102210fe594ee9b33d82058545b1ed14f4c8206e,LastVisualChange,reddit-billgates-post-1.posts,True,reddit-billgates-post-1.posts LastVisualChange opt cold fission webrender,,77,ms,firefox,,1780596479,2023-10-26 00:52:13,522.5,68373a168c7ca93b1aa9bb3016a1ffa9ad6b7aac,1322694,,,,,,,,,,,,,,,,,,,,,,,,,,,,,,,,,,,,,,,,,,,,,,,,,,,,,,,,,,,,,TN,TN
autoland,4060512,13,77a9707257b88d3b15060667769a2def98a71cff,windows10-64-shippable-qr,True,False,,|c|o|l|d| |f|i|s|s|i|o|n| |i|n|t|e|r|a|c|t|i|v|e| |w|e|b|r|e|n|d|e|r|,102210fe594ee9b33d82058545b1ed14f4c8206e,LastVisualChange,reddit-billgates-post-1.posts,True,reddit-billgates-post-1.posts LastVisualChange opt cold fission webrender,,77,ms,firefox,,1780706070,2023-10-26 04:52:14,523.4,62489b97d11d4bb88f1184670849ed8c9dc61708,1322765,,,,,,,,,,,,,,,,,,,,,,,,,,,,,,,,,,,,,,,,,,,,,,,,,,,,,,,,,,,,,TN,TN
autoland,4060512,13,77a9707257b88d3b15060667769a2def98a71cff,windows10-64-shippable-qr,True,False,,|c|o|l|d| |f|i|s|s|i|o|n| |i|n|t|e|r|a|c|t|i|v|e| |w|e|b|r|e|n|d|e|r|,102210fe594ee9b33d82058545b1ed14f4c8206e,LastVisualChange,reddit-billgates-post-1.posts,True,reddit-billgates-post-1.posts LastVisualChange opt cold fission webrender,,77,ms,firefox,,1780824460,2023-10-26 09:06:19,525.2,8923dca93b808a23856287229fc8f1c0c1d1e20e,1322848,,,,,,,,,,,,,,,,,,,,,,,,,,,,,,,,,,,,,,,,,,,,,,,,,,,,,,,,,,,,,TN,TN
autoland,4060512,13,77a9707257b88d3b15060667769a2def98a71cff,windows10-64-shippable-qr,True,False,,|c|o|l|d| |f|i|s|s|i|o|n| |i|n|t|e|r|a|c|t|i|v|e| |w|e|b|r|e|n|d|e|r|,102210fe594ee9b33d82058545b1ed14f4c8206e,LastVisualChange,reddit-billgates-post-1.posts,True,reddit-billgates-post-1.posts LastVisualChange opt cold fission webrender,,77,ms,firefox,,1780803390,2023-10-26 09:07:41,523.6,4d2c1911361bbc41f63b4e807070a3d83596b70c,1322851,,,,,,,,,,,,,,,,,,,,,,,,,,,,,,,,,,,,,,,,,,,,,,,,,,,,,,,,,,,,,TN,TN
autoland,4060512,13,77a9707257b88d3b15060667769a2def98a71cff,windows10-64-shippable-qr,True,False,,|c|o|l|d| |f|i|s|s|i|o|n| |i|n|t|e|r|a|c|t|i|v|e| |w|e|b|r|e|n|d|e|r|,102210fe594ee9b33d82058545b1ed14f4c8206e,LastVisualChange,reddit-billgates-post-1.posts,True,reddit-billgates-post-1.posts LastVisualChange opt cold fission webrender,,77,ms,firefox,,1781012426,2023-10-26 13:14:16,529.1,db6b75385ffe5e764d60c5842add31b3a90c0587,1322985,,,,,,,,,,,,,,,,,,,,,,,,,,,,,,,,,,,,,,,,,,,,,,,,,,,,,,,,,,,,,TN,TN
autoland,4060512,13,77a9707257b88d3b15060667769a2def98a71cff,windows10-64-shippable-qr,True,False,,|c|o|l|d| |f|i|s|s|i|o|n| |i|n|t|e|r|a|c|t|i|v|e| |w|e|b|r|e|n|d|e|r|,102210fe594ee9b33d82058545b1ed14f4c8206e,LastVisualChange,reddit-billgates-post-1.posts,True,reddit-billgates-post-1.posts LastVisualChange opt cold fission webrender,,77,ms,firefox,,1781091071,2023-10-26 13:50:58,494.9,630864299a197bf416ac18d405063b7ec40c3644,1323009,,,,,,,,,,,,,,,,,,,,,,,,,,,,,,,,,,,,,,,,,,,,,,,,,,,,,,,,,,,,,TN,TN
autoland,4060512,13,77a9707257b88d3b15060667769a2def98a71cff,windows10-64-shippable-qr,True,False,,|c|o|l|d| |f|i|s|s|i|o|n| |i|n|t|e|r|a|c|t|i|v|e| |w|e|b|r|e|n|d|e|r|,102210fe594ee9b33d82058545b1ed14f4c8206e,LastVisualChange,reddit-billgates-post-1.posts,True,reddit-billgates-post-1.posts LastVisualChange opt cold fission webrender,,77,ms,firefox,,1781227849,2023-10-26 17:52:00,515.4,945d53ccf09fe8c263a6a24db6604162a4707ff9,1323156,,,,,,,,,,,,,,,,,,,,,,,,,,,,,,,,,,,,,,,,,,,,,,,,,,,,,,,,,,,,,TN,TN
autoland,4060512,13,77a9707257b88d3b15060667769a2def98a71cff,windows10-64-shippable-qr,True,False,,|c|o|l|d| |f|i|s|s|i|o|n| |i|n|t|e|r|a|c|t|i|v|e| |w|e|b|r|e|n|d|e|r|,102210fe594ee9b33d82058545b1ed14f4c8206e,LastVisualChange,reddit-billgates-post-1.posts,True,reddit-billgates-post-1.posts LastVisualChange opt cold fission webrender,,77,ms,firefox,,1781586777,2023-10-26 17:59:55,513.9,36c2d201b88e94ad4448c10d6d73ab2433ee0a46,1323163,,,,,,,,,,,,,,,,,,,,,,,,,,,,,,,,,,,,,,,,,,,,,,,,,,,,,,,,,,,,,TN,TN
autoland,4060512,13,77a9707257b88d3b15060667769a2def98a71cff,windows10-64-shippable-qr,True,False,,|c|o|l|d| |f|i|s|s|i|o|n| |i|n|t|e|r|a|c|t|i|v|e| |w|e|b|r|e|n|d|e|r|,102210fe594ee9b33d82058545b1ed14f4c8206e,LastVisualChange,reddit-billgates-post-1.posts,True,reddit-billgates-post-1.posts LastVisualChange opt cold fission webrender,,77,ms,firefox,,1781325205,2023-10-26 19:25:04,522.3,a1dbe7d2099563e23614b7c0d0b0f6923ab447f7,1323220,,,,,,,,,,,,,,,,,,,,,,,,,,,,,,,,,,,,,,,,,,,,,,,,,,,,,,,,,,,,,TN,TN
autoland,4060512,13,77a9707257b88d3b15060667769a2def98a71cff,windows10-64-shippable-qr,True,False,,|c|o|l|d| |f|i|s|s|i|o|n| |i|n|t|e|r|a|c|t|i|v|e| |w|e|b|r|e|n|d|e|r|,102210fe594ee9b33d82058545b1ed14f4c8206e,LastVisualChange,reddit-billgates-post-1.posts,True,reddit-billgates-post-1.posts LastVisualChange opt cold fission webrender,,77,ms,firefox,,1781449504,2023-10-26 23:27:25,550.5,a880804c93083962e65cea658b69a28c06528e8e,1323339,,,,,,,,,,,,,,,,,,,,,,,,,,,,,,,,,,,,,,,,,,,,,,,,,,,,,,,,,,,,,TN,TN
autoland,4060512,13,77a9707257b88d3b15060667769a2def98a71cff,windows10-64-shippable-qr,True,False,,|c|o|l|d| |f|i|s|s|i|o|n| |i|n|t|e|r|a|c|t|i|v|e| |w|e|b|r|e|n|d|e|r|,102210fe594ee9b33d82058545b1ed14f4c8206e,LastVisualChange,reddit-billgates-post-1.posts,True,reddit-billgates-post-1.posts LastVisualChange opt cold fission webrender,,77,ms,firefox,,1781519998,2023-10-27 00:10:25,506.2,6d47bee6d52ee11125f54db9df7336cbe69593c0,1323363,,,,,,,,,,,,,,,,,,,,,,,,,,,,,,,,,,,,,,,,,,,,,,,,,,,,,,,,,,,,,TN,TN
autoland,4060512,13,77a9707257b88d3b15060667769a2def98a71cff,windows10-64-shippable-qr,True,False,,|c|o|l|d| |f|i|s|s|i|o|n| |i|n|t|e|r|a|c|t|i|v|e| |w|e|b|r|e|n|d|e|r|,102210fe594ee9b33d82058545b1ed14f4c8206e,LastVisualChange,reddit-billgates-post-1.posts,True,reddit-billgates-post-1.posts LastVisualChange opt cold fission webrender,,77,ms,firefox,,1781639828,2023-10-27 05:17:25,528.9,4024630f5ffa1704a32f70c816f1003b0af9f105,1323421,,,,,,,,,,,,,,,,,,,,,,,,,,,,,,,,,,,,,,,,,,,,,,,,,,,,,,,,,,,,,TN,TN
autoland,4060512,13,77a9707257b88d3b15060667769a2def98a71cff,windows10-64-shippable-qr,True,False,,|c|o|l|d| |f|i|s|s|i|o|n| |i|n|t|e|r|a|c|t|i|v|e| |w|e|b|r|e|n|d|e|r|,102210fe594ee9b33d82058545b1ed14f4c8206e,LastVisualChange,reddit-billgates-post-1.posts,True,reddit-billgates-post-1.posts LastVisualChange opt cold fission webrender,,77,ms,firefox,,1781706101,2023-10-27 08:56:16,511.5,6e09ac4a4c291480d5951adca6d1659a46f571b2,1323505,,,,,,,,,,,,,,,,,,,,,,,,,,,,,,,,,,,,,,,,,,,,,,,,,,,,,,,,,,,,,TN,TN
autoland,4060512,13,77a9707257b88d3b15060667769a2def98a71cff,windows10-64-shippable-qr,True,False,,|c|o|l|d| |f|i|s|s|i|o|n| |i|n|t|e|r|a|c|t|i|v|e| |w|e|b|r|e|n|d|e|r|,102210fe594ee9b33d82058545b1ed14f4c8206e,LastVisualChange,reddit-billgates-post-1.posts,True,reddit-billgates-post-1.posts LastVisualChange opt cold fission webrender,,77,ms,firefox,,1781937858,2023-10-27 13:05:02,565.2,6013b7df2b9133416d4244ef4d45c492f215c3d0,1323649,,,,,,,,,,,,,,,,,,,,,,,,,,,,,,,,,,,,,,,,,,,,,,,,,,,,,,,,,,,,,TN,TN
autoland,4060512,13,77a9707257b88d3b15060667769a2def98a71cff,windows10-64-shippable-qr,True,False,,|c|o|l|d| |f|i|s|s|i|o|n| |i|n|t|e|r|a|c|t|i|v|e| |w|e|b|r|e|n|d|e|r|,102210fe594ee9b33d82058545b1ed14f4c8206e,LastVisualChange,reddit-billgates-post-1.posts,True,reddit-billgates-post-1.posts LastVisualChange opt cold fission webrender,,77,ms,firefox,,1781918858,2023-10-27 13:54:58,521.2,cda838e04db16590f96ddeaa7d7d54cc80e12a03,1323685,,,,,,,,,,,,,,,,,,,,,,,,,,,,,,,,,,,,,,,,,,,,,,,,,,,,,,,,,,,,,TN,TN
autoland,4060512,13,77a9707257b88d3b15060667769a2def98a71cff,windows10-64-shippable-qr,True,False,,|c|o|l|d| |f|i|s|s|i|o|n| |i|n|t|e|r|a|c|t|i|v|e| |w|e|b|r|e|n|d|e|r|,102210fe594ee9b33d82058545b1ed14f4c8206e,LastVisualChange,reddit-billgates-post-1.posts,True,reddit-billgates-post-1.posts LastVisualChange opt cold fission webrender,,77,ms,firefox,,1782536514,2023-10-27 16:27:11,518.2,d4e3485d6f1d579bd3d64e8e2778f9f93a2ee587,1323775,,,,,,,,,,,,,,,,,,,,,,,,,,,,,,,,,,,,,,,,,,,,,,,,,,,,,,,,,,,,,TN,TN
autoland,4060512,13,77a9707257b88d3b15060667769a2def98a71cff,windows10-64-shippable-qr,True,False,,|c|o|l|d| |f|i|s|s|i|o|n| |i|n|t|e|r|a|c|t|i|v|e| |w|e|b|r|e|n|d|e|r|,102210fe594ee9b33d82058545b1ed14f4c8206e,LastVisualChange,reddit-billgates-post-1.posts,True,reddit-billgates-post-1.posts LastVisualChange opt cold fission webrender,,77,ms,firefox,,1782543806,2023-10-27 16:29:24,505.0,a844b03832eeff18db233edb38c228f3911be765,1323776,,,,,,,,,,,,,,,,,,,,,,,,,,,,,,,,,,,,,,,,,,,,,,,,,,,,,,,,,,,,,TN,TN
autoland,4060512,13,77a9707257b88d3b15060667769a2def98a71cff,windows10-64-shippable-qr,True,False,,|c|o|l|d| |f|i|s|s|i|o|n| |i|n|t|e|r|a|c|t|i|v|e| |w|e|b|r|e|n|d|e|r|,102210fe594ee9b33d82058545b1ed14f4c8206e,LastVisualChange,reddit-billgates-post-1.posts,True,reddit-billgates-post-1.posts LastVisualChange opt cold fission webrender,,77,ms,firefox,,1782197477,2023-10-27 17:16:47,515.9,b6d6a9c84257af5a3d659491a2ab963896e70d0d,1323813,,,,,,,,,,,,,,,,,,,,,,,,,,,,,,,,,,,,,,,,,,,,,,,,,,,,,,,,,,,,,TN,TN
autoland,4060512,13,77a9707257b88d3b15060667769a2def98a71cff,windows10-64-shippable-qr,True,False,,|c|o|l|d| |f|i|s|s|i|o|n| |i|n|t|e|r|a|c|t|i|v|e| |w|e|b|r|e|n|d|e|r|,102210fe594ee9b33d82058545b1ed14f4c8206e,LastVisualChange,reddit-billgates-post-1.posts,True,reddit-billgates-post-1.posts LastVisualChange opt cold fission webrender,,77,ms,firefox,,1782322176,2023-10-27 22:11:30,517.5,2744df17e06b25289ca5dd01128e6c4f237d7a7c,1323968,,,,,,,,,,,,,,,,,,,,,,,,,,,,,,,,,,,,,,,,,,,,,,,,,,,,,,,,,,,,,TN,TN
autoland,4060512,13,77a9707257b88d3b15060667769a2def98a71cff,windows10-64-shippable-qr,True,False,,|c|o|l|d| |f|i|s|s|i|o|n| |i|n|t|e|r|a|c|t|i|v|e| |w|e|b|r|e|n|d|e|r|,102210fe594ee9b33d82058545b1ed14f4c8206e,LastVisualChange,reddit-billgates-post-1.posts,True,reddit-billgates-post-1.posts LastVisualChange opt cold fission webrender,,77,ms,firefox,,1782342291,2023-10-27 23:12:32,511.9,5c87acee8b894f06e4b248cb602b36ccfcef1615,1323985,,,,,,,,,,,,,,,,,,,,,,,,,,,,,,,,,,,,,,,,,,,,,,,,,,,,,,,,,,,,,TN,TN
autoland,4060512,13,77a9707257b88d3b15060667769a2def98a71cff,windows10-64-shippable-qr,True,False,,|c|o|l|d| |f|i|s|s|i|o|n| |i|n|t|e|r|a|c|t|i|v|e| |w|e|b|r|e|n|d|e|r|,102210fe594ee9b33d82058545b1ed14f4c8206e,LastVisualChange,reddit-billgates-post-1.posts,True,reddit-billgates-post-1.posts LastVisualChange opt cold fission webrender,,77,ms,firefox,,1782497663,2023-10-28 03:14:30,543.6,0be08aa0812f81d5eb9f2235165d8478ebaf825b,1324017,,,,,,,,,,,,,,,,,,,,,,,,,,,,,,,,,,,,,,,,,,,,,,,,,,,,,,,,,,,,,TN,TN
autoland,4060512,13,77a9707257b88d3b15060667769a2def98a71cff,windows10-64-shippable-qr,True,False,,|c|o|l|d| |f|i|s|s|i|o|n| |i|n|t|e|r|a|c|t|i|v|e| |w|e|b|r|e|n|d|e|r|,102210fe594ee9b33d82058545b1ed14f4c8206e,LastVisualChange,reddit-billgates-post-1.posts,True,reddit-billgates-post-1.posts LastVisualChange opt cold fission webrender,,77,ms,firefox,,1783037390,2023-10-29 17:34:24,529.0,da935aab57913c853df3002f297cc6eb76175828,1324194,,,,,,,,,,,,,,,,,,,,,,,,,,,,,,,,,,,,,,,,,,,,,,,,,,,,,,,,,,,,,TN,TN
autoland,4060512,13,77a9707257b88d3b15060667769a2def98a71cff,windows10-64-shippable-qr,True,False,,|c|o|l|d| |f|i|s|s|i|o|n| |i|n|t|e|r|a|c|t|i|v|e| |w|e|b|r|e|n|d|e|r|,102210fe594ee9b33d82058545b1ed14f4c8206e,LastVisualChange,reddit-billgates-post-1.posts,True,reddit-billgates-post-1.posts LastVisualChange opt cold fission webrender,,77,ms,firefox,,1783129203,2023-10-29 22:37:58,528.6,61e57e6ba3b7e09a71062e7cdc44f395af832716,1324214,,,,,,,,,,,,,,,,,,,,,,,,,,,,,,,,,,,,,,,,,,,,,,,,,,,,,,,,,,,,,TN,TN
autoland,4060512,13,77a9707257b88d3b15060667769a2def98a71cff,windows10-64-shippable-qr,True,False,,|c|o|l|d| |f|i|s|s|i|o|n| |i|n|t|e|r|a|c|t|i|v|e| |w|e|b|r|e|n|d|e|r|,102210fe594ee9b33d82058545b1ed14f4c8206e,LastVisualChange,reddit-billgates-post-1.posts,True,reddit-billgates-post-1.posts LastVisualChange opt cold fission webrender,,77,ms,firefox,,1783293019,2023-10-30 03:06:34,515.2,cfc1bbb8edcc79491d2e1267e84338d155b2ee3c,1324224,,,,,,,,,,,,,,,,,,,,,,,,,,,,,,,,,,,,,,,,,,,,,,,,,,,,,,,,,,,,,TN,TN
autoland,4060512,13,77a9707257b88d3b15060667769a2def98a71cff,windows10-64-shippable-qr,True,False,,|c|o|l|d| |f|i|s|s|i|o|n| |i|n|t|e|r|a|c|t|i|v|e| |w|e|b|r|e|n|d|e|r|,102210fe594ee9b33d82058545b1ed14f4c8206e,LastVisualChange,reddit-billgates-post-1.posts,True,reddit-billgates-post-1.posts LastVisualChange opt cold fission webrender,,77,ms,firefox,,1783351261,2023-10-30 07:08:15,534.1,07ff1e2e4f656661631e6746f339e6232b59ebfd,1324243,,,,,,,,,,,,,,,,,,,,,,,,,,,,,,,,,,,,,,,,,,,,,,,,,,,,,,,,,,,,,TN,TN
autoland,4060512,13,77a9707257b88d3b15060667769a2def98a71cff,windows10-64-shippable-qr,True,False,,|c|o|l|d| |f|i|s|s|i|o|n| |i|n|t|e|r|a|c|t|i|v|e| |w|e|b|r|e|n|d|e|r|,102210fe594ee9b33d82058545b1ed14f4c8206e,LastVisualChange,reddit-billgates-post-1.posts,True,reddit-billgates-post-1.posts LastVisualChange opt cold fission webrender,,77,ms,firefox,,1784095571,2023-10-30 09:49:11,522.2,667502cd02b265ad789b4ee291e456bac0e09235,1324304,,,,,,,,,,,,,,,,,,,,,,,,,,,,,,,,,,,,,,,,,,,,,,,,,,,,,,,,,,,,,TN,TN
autoland,4060512,13,77a9707257b88d3b15060667769a2def98a71cff,windows10-64-shippable-qr,True,False,,|c|o|l|d| |f|i|s|s|i|o|n| |i|n|t|e|r|a|c|t|i|v|e| |w|e|b|r|e|n|d|e|r|,102210fe594ee9b33d82058545b1ed14f4c8206e,LastVisualChange,reddit-billgates-post-1.posts,True,reddit-billgates-post-1.posts LastVisualChange opt cold fission webrender,,77,ms,firefox,,1784100922,2023-10-30 10:32:34,524.9,5e0414b6e7a9fa6193d4558f3715934aab7c7891,1324328,,,,,,,,,,,,,,,,,,,,,,,,,,,,,,,,,,,,,,,,,,,,,,,,,,,,,,,,,,,,,TN,TN
autoland,4060512,13,77a9707257b88d3b15060667769a2def98a71cff,windows10-64-shippable-qr,True,False,,|c|o|l|d| |f|i|s|s|i|o|n| |i|n|t|e|r|a|c|t|i|v|e| |w|e|b|r|e|n|d|e|r|,102210fe594ee9b33d82058545b1ed14f4c8206e,LastVisualChange,reddit-billgates-post-1.posts,True,reddit-billgates-post-1.posts LastVisualChange opt cold fission webrender,,77,ms,firefox,,1783490186,2023-10-30 12:36:41,491.7,9c6272da5dc92ff944d294d9a026bd42a408c784,1324389,,,,,,,,,,,,,,,,,,,,,,,,,,,,,,,,,,,,,,,,,,,,,,,,,,,,,,,,,,,,,TN,TN
autoland,4060512,13,77a9707257b88d3b15060667769a2def98a71cff,windows10-64-shippable-qr,True,False,,|c|o|l|d| |f|i|s|s|i|o|n| |i|n|t|e|r|a|c|t|i|v|e| |w|e|b|r|e|n|d|e|r|,102210fe594ee9b33d82058545b1ed14f4c8206e,LastVisualChange,reddit-billgates-post-1.posts,True,reddit-billgates-post-1.posts LastVisualChange opt cold fission webrender,,77,ms,firefox,,1783562295,2023-10-30 13:43:34,574.3,d2a035a8329b5914bcd659ea1ea427c251c4d138,1324429,,,,,,,,,,,,,,,,,,,,,,,,,,,,,,,,,,,,,,,,,,,,,,,,,,,,,,,,,,,,,TN,TN
autoland,4060512,13,77a9707257b88d3b15060667769a2def98a71cff,windows10-64-shippable-qr,True,False,,|c|o|l|d| |f|i|s|s|i|o|n| |i|n|t|e|r|a|c|t|i|v|e| |w|e|b|r|e|n|d|e|r|,102210fe594ee9b33d82058545b1ed14f4c8206e,LastVisualChange,reddit-billgates-post-1.posts,True,reddit-billgates-post-1.posts LastVisualChange opt cold fission webrender,,77,ms,firefox,,1784198570,2023-10-30 15:39:07,511.8,3b1635a4b3cbb3f1af8b8df29319ec738b2356d5,1324527,,,,,,,,,,,,,,,,,,,,,,,,,,,,,,,,,,,,,,,,,,,,,,,,,,,,,,,,,,,,,TN,TN
autoland,4060512,13,77a9707257b88d3b15060667769a2def98a71cff,windows10-64-shippable-qr,True,False,,|c|o|l|d| |f|i|s|s|i|o|n| |i|n|t|e|r|a|c|t|i|v|e| |w|e|b|r|e|n|d|e|r|,102210fe594ee9b33d82058545b1ed14f4c8206e,LastVisualChange,reddit-billgates-post-1.posts,True,reddit-billgates-post-1.posts LastVisualChange opt cold fission webrender,,77,ms,firefox,,1784209915,2023-10-30 15:46:43,498.2,1b472d6498203a4f89b245e60fa313ec3e4886b2,1324534,,,,,,,,,,,,,,,,,,,,,,,,,,,,,,,,,,,,,,,,,,,,,,,,,,,,,,,,,,,,,TN,TN
autoland,4060512,13,77a9707257b88d3b15060667769a2def98a71cff,windows10-64-shippable-qr,True,False,,|c|o|l|d| |f|i|s|s|i|o|n| |i|n|t|e|r|a|c|t|i|v|e| |w|e|b|r|e|n|d|e|r|,102210fe594ee9b33d82058545b1ed14f4c8206e,LastVisualChange,reddit-billgates-post-1.posts,True,reddit-billgates-post-1.posts LastVisualChange opt cold fission webrender,,77,ms,firefox,,1783872448,2023-10-30 17:20:21,555.5,277907757ae0f5c9f9a9b4b15473ec6f3eab7674,1324599,,,,,,,,,,,,,,,,,,,,,,,,,,,,,,,,,,,,,,,,,,,,,,,,,,,,,,,,,,,,,TN,TN
autoland,4060512,13,77a9707257b88d3b15060667769a2def98a71cff,windows10-64-shippable-qr,True,False,,|c|o|l|d| |f|i|s|s|i|o|n| |i|n|t|e|r|a|c|t|i|v|e| |w|e|b|r|e|n|d|e|r|,102210fe594ee9b33d82058545b1ed14f4c8206e,LastVisualChange,reddit-billgates-post-1.posts,True,reddit-billgates-post-1.posts LastVisualChange opt cold fission webrender,,77,ms,firefox,,1783943867,2023-10-30 21:26:51,516.2,250d50a3e9aedba6c41312d2ce03b03eabac5c84,1324725,,,,,,,,,,,,,,,,,,,,,,,,,,,,,,,,,,,,,,,,,,,,,,,,,,,,,,,,,,,,,TN,TN
autoland,4060512,13,77a9707257b88d3b15060667769a2def98a71cff,windows10-64-shippable-qr,True,False,,|c|o|l|d| |f|i|s|s|i|o|n| |i|n|t|e|r|a|c|t|i|v|e| |w|e|b|r|e|n|d|e|r|,102210fe594ee9b33d82058545b1ed14f4c8206e,LastVisualChange,reddit-billgates-post-1.posts,True,reddit-billgates-post-1.posts LastVisualChange opt cold fission webrender,,77,ms,firefox,,1784193350,2023-10-30 22:07:45,514.7,49bcf5f146b911757fd23c8fef4193c975f04403,1324747,,,,,,,,,,,,,,,,,,,,,,,,,,,,,,,,,,,,,,,,,,,,,,,,,,,,,,,,,,,,,TN,TN
autoland,4060512,13,77a9707257b88d3b15060667769a2def98a71cff,windows10-64-shippable-qr,True,False,,|c|o|l|d| |f|i|s|s|i|o|n| |i|n|t|e|r|a|c|t|i|v|e| |w|e|b|r|e|n|d|e|r|,102210fe594ee9b33d82058545b1ed14f4c8206e,LastVisualChange,reddit-billgates-post-1.posts,True,reddit-billgates-post-1.posts LastVisualChange opt cold fission webrender,,77,ms,firefox,,1784220218,2023-10-30 22:14:50,504.2,be34980d62f85760d6c6e963c70ae22f2ffc9461,1324750,,,,,,,,,,,,,,,,,,,,,,,,,,,,,,,,,,,,,,,,,,,,,,,,,,,,,,,,,,,,,TN,TN
autoland,4060512,13,77a9707257b88d3b15060667769a2def98a71cff,windows10-64-shippable-qr,True,False,,|c|o|l|d| |f|i|s|s|i|o|n| |i|n|t|e|r|a|c|t|i|v|e| |w|e|b|r|e|n|d|e|r|,102210fe594ee9b33d82058545b1ed14f4c8206e,LastVisualChange,reddit-billgates-post-1.posts,True,reddit-billgates-post-1.posts LastVisualChange opt cold fission webrender,,77,ms,firefox,,1783954635,2023-10-30 22:47:24,522.4,9d87d8875f3012f1cb5e065b5861f41a29d1173c,1324763,,,,,,,,,,,,,,,,,,,,,,,,,,,,,,,,,,,,,,,,,,,,,,,,,,,,,,,,,,,,,TN,TN
autoland,4060512,13,77a9707257b88d3b15060667769a2def98a71cff,windows10-64-shippable-qr,True,False,,|c|o|l|d| |f|i|s|s|i|o|n| |i|n|t|e|r|a|c|t|i|v|e| |w|e|b|r|e|n|d|e|r|,102210fe594ee9b33d82058545b1ed14f4c8206e,LastVisualChange,reddit-billgates-post-1.posts,True,reddit-billgates-post-1.posts LastVisualChange opt cold fission webrender,,77,ms,firefox,,1784144944,2023-10-31 03:27:18,511.4,88295a805fb918c5a40c57d9827608c50c65da1a,1324833,,,,,,,,,,,,,,,,,,,,,,,,,,,,,,,,,,,,,,,,,,,,,,,,,,,,,,,,,,,,,TN,TN
autoland,4060512,13,77a9707257b88d3b15060667769a2def98a71cff,windows10-64-shippable-qr,True,False,,|c|o|l|d| |f|i|s|s|i|o|n| |i|n|t|e|r|a|c|t|i|v|e| |w|e|b|r|e|n|d|e|r|,102210fe594ee9b33d82058545b1ed14f4c8206e,LastVisualChange,reddit-billgates-post-1.posts,True,reddit-billgates-post-1.posts LastVisualChange opt cold fission webrender,,77,ms,firefox,,1784284239,2023-10-31 08:52:16,522.2,26a58e0274b4491ce07587bf329d30954bfa36a5,1324883,,,,,,,,,,,,,,,,,,,,,,,,,,,,,,,,,,,,,,,,,,,,,,,,,,,,,,,,,,,,,TN,TN
autoland,4060512,13,77a9707257b88d3b15060667769a2def98a71cff,windows10-64-shippable-qr,True,False,,|c|o|l|d| |f|i|s|s|i|o|n| |i|n|t|e|r|a|c|t|i|v|e| |w|e|b|r|e|n|d|e|r|,102210fe594ee9b33d82058545b1ed14f4c8206e,LastVisualChange,reddit-billgates-post-1.posts,True,reddit-billgates-post-1.posts LastVisualChange opt cold fission webrender,,77,ms,firefox,,1784342225,2023-10-31 10:24:24,521.6,173608723df3997c0b39049e55f7e4f529974bd1,1324925,,,,,,,,,,,,,,,,,,,,,,,,,,,,,,,,,,,,,,,,,,,,,,,,,,,,,,,,,,,,,TN,TN
autoland,4060512,13,77a9707257b88d3b15060667769a2def98a71cff,windows10-64-shippable-qr,True,False,,|c|o|l|d| |f|i|s|s|i|o|n| |i|n|t|e|r|a|c|t|i|v|e| |w|e|b|r|e|n|d|e|r|,102210fe594ee9b33d82058545b1ed14f4c8206e,LastVisualChange,reddit-billgates-post-1.posts,True,reddit-billgates-post-1.posts LastVisualChange opt cold fission webrender,,77,ms,firefox,,1784504620,2023-10-31 14:28:55,501.6,d93c1e224fa334cb0e1a4faf860be329181c1d60,1325039,,,,,,,,,,,,,,,,,,,,,,,,,,,,,,,,,,,,,,,,,,,,,,,,,,,,,,,,,,,,,TN,TN
autoland,4060512,13,77a9707257b88d3b15060667769a2def98a71cff,windows10-64-shippable-qr,True,False,,|c|o|l|d| |f|i|s|s|i|o|n| |i|n|t|e|r|a|c|t|i|v|e| |w|e|b|r|e|n|d|e|r|,102210fe594ee9b33d82058545b1ed14f4c8206e,LastVisualChange,reddit-billgates-post-1.posts,True,reddit-billgates-post-1.posts LastVisualChange opt cold fission webrender,,77,ms,firefox,,1784564504,2023-10-31 15:46:12,559.3,4712d595873a538c628ea09a2826c33e3f2e383d,1325101,,,,,,,,,,,,,,,,,,,,,,,,,,,,,,,,,,,,,,,,,,,,,,,,,,,,,,,,,,,,,TN,TN
autoland,4060512,13,77a9707257b88d3b15060667769a2def98a71cff,windows10-64-shippable-qr,True,False,,|c|o|l|d| |f|i|s|s|i|o|n| |i|n|t|e|r|a|c|t|i|v|e| |w|e|b|r|e|n|d|e|r|,102210fe594ee9b33d82058545b1ed14f4c8206e,LastVisualChange,reddit-billgates-post-1.posts,True,reddit-billgates-post-1.posts LastVisualChange opt cold fission webrender,,77,ms,firefox,,1784790779,2023-10-31 20:04:41,516.2,5624631ba42eb404a5c5b4e50e9c4fbc826eef31,1325256,,,,,,,,,,,,,,,,,,,,,,,,,,,,,,,,,,,,,,,,,,,,,,,,,,,,,,,,,,,,,TN,TN
autoland,4060512,13,77a9707257b88d3b15060667769a2def98a71cff,windows10-64-shippable-qr,True,False,,|c|o|l|d| |f|i|s|s|i|o|n| |i|n|t|e|r|a|c|t|i|v|e| |w|e|b|r|e|n|d|e|r|,102210fe594ee9b33d82058545b1ed14f4c8206e,LastVisualChange,reddit-billgates-post-1.posts,True,reddit-billgates-post-1.posts LastVisualChange opt cold fission webrender,,77,ms,firefox,,1784868849,2023-10-31 22:59:03,600.2,251055c46bfcc027766c9bdaccaaa919c3e6c8f6,1325343,,,,,,,,,,,,,,,,,,,,,,,,,,,,,,,,,,,,,,,,,,,,,,,,,,,,,,,,,,,,,TN,TN
autoland,4060512,13,77a9707257b88d3b15060667769a2def98a71cff,windows10-64-shippable-qr,True,False,,|c|o|l|d| |f|i|s|s|i|o|n| |i|n|t|e|r|a|c|t|i|v|e| |w|e|b|r|e|n|d|e|r|,102210fe594ee9b33d82058545b1ed14f4c8206e,LastVisualChange,reddit-billgates-post-1.posts,True,reddit-billgates-post-1.posts LastVisualChange opt cold fission webrender,,77,ms,firefox,,1785103893,2023-11-01 04:08:21,562.1,b73ef4c8979fb0702de9f4bf2fdf986b1d0fd487,1325446,,,,,,,,,,,,,,,,,,,,,,,,,,,,,,,,,,,,,,,,,,,,,,,,,,,,,,,,,,,,,TN,TN
autoland,4060512,13,77a9707257b88d3b15060667769a2def98a71cff,windows10-64-shippable-qr,True,False,,|c|o|l|d| |f|i|s|s|i|o|n| |i|n|t|e|r|a|c|t|i|v|e| |w|e|b|r|e|n|d|e|r|,102210fe594ee9b33d82058545b1ed14f4c8206e,LastVisualChange,reddit-billgates-post-1.posts,True,reddit-billgates-post-1.posts LastVisualChange opt cold fission webrender,,77,ms,firefox,,1785186938,2023-11-01 08:27:37,537.5,5db6f03a7c103189ba38ef4c4687a046566f4e5b,1325492,,,,,,,,,,,,,,,,,,,,,,,,,,,,,,,,,,,,,,,,,,,,,,,,,,,,,,,,,,,,,TN,TN
autoland,4060512,13,77a9707257b88d3b15060667769a2def98a71cff,windows10-64-shippable-qr,True,False,,|c|o|l|d| |f|i|s|s|i|o|n| |i|n|t|e|r|a|c|t|i|v|e| |w|e|b|r|e|n|d|e|r|,102210fe594ee9b33d82058545b1ed14f4c8206e,LastVisualChange,reddit-billgates-post-1.posts,True,reddit-billgates-post-1.posts LastVisualChange opt cold fission webrender,,77,ms,firefox,,1785392481,2023-11-01 15:00:09,550.7,dee5e3c280a214c32ea4f7a2b6446bbe456ecb54,1325661,,,,,,,,,,,,,,,,,,,,,,,,,,,,,,,,,,,,,,,,,,,,,,,,,,,,,,,,,,,,,TN,TN
autoland,4060512,13,77a9707257b88d3b15060667769a2def98a71cff,windows10-64-shippable-qr,True,False,,|c|o|l|d| |f|i|s|s|i|o|n| |i|n|t|e|r|a|c|t|i|v|e| |w|e|b|r|e|n|d|e|r|,102210fe594ee9b33d82058545b1ed14f4c8206e,LastVisualChange,reddit-billgates-post-1.posts,True,reddit-billgates-post-1.posts LastVisualChange opt cold fission webrender,,77,ms,firefox,,1785580984,2023-11-01 21:17:16,545.0,3eea9367b17b3c112968a3f0e008b1005452bbdd,1325895,,,,,,,,,,,,,,,,,,,,,,,,,,,,,,,,,,,,,,,,,,,,,,,,,,,,,,,,,,,,,TN,TN
autoland,4060512,13,77a9707257b88d3b15060667769a2def98a71cff,windows10-64-shippable-qr,True,False,,|c|o|l|d| |f|i|s|s|i|o|n| |i|n|t|e|r|a|c|t|i|v|e| |w|e|b|r|e|n|d|e|r|,102210fe594ee9b33d82058545b1ed14f4c8206e,LastVisualChange,reddit-billgates-post-1.posts,True,reddit-billgates-post-1.posts LastVisualChange opt cold fission webrender,,77,ms,firefox,,1785715054,2023-11-02 01:36:12,541.2,0ea21c7c9ab7dcf411a8094c876b12784bc6343c,1325979,,,,,,,,,,,,,,,,,,,,,,,,,,,,,,,,,,,,,,,,,,,,,,,,,,,,,,,,,,,,,TN,TN
autoland,4060512,13,77a9707257b88d3b15060667769a2def98a71cff,windows10-64-shippable-qr,True,False,,|c|o|l|d| |f|i|s|s|i|o|n| |i|n|t|e|r|a|c|t|i|v|e| |w|e|b|r|e|n|d|e|r|,102210fe594ee9b33d82058545b1ed14f4c8206e,LastVisualChange,reddit-billgates-post-1.posts,True,reddit-billgates-post-1.posts LastVisualChange opt cold fission webrender,,77,ms,firefox,,1785828579,2023-11-02 06:18:28,540.7,1fcf041bc427507f767a28519182263ab9925550,1326017,,,,,,,,,,,,,,,,,,,,,,,,,,,,,,,,,,,,,,,,,,,,,,,,,,,,,,,,,,,,,TN,TN
autoland,4060512,13,77a9707257b88d3b15060667769a2def98a71cff,windows10-64-shippable-qr,True,False,,|c|o|l|d| |f|i|s|s|i|o|n| |i|n|t|e|r|a|c|t|i|v|e| |w|e|b|r|e|n|d|e|r|,102210fe594ee9b33d82058545b1ed14f4c8206e,LastVisualChange,reddit-billgates-post-1.posts,True,reddit-billgates-post-1.posts LastVisualChange opt cold fission webrender,,77,ms,firefox,,1785953636,2023-11-02 10:56:45,574.8,86b37d608b6dff619ef21dd6df25970d2f35504f,1326103,,,,,,,,,,,,,,,,,,,,,,,,,,,,,,,,,,,,,,,,,,,,,,,,,,,,,,,,,,,,,TN,TN
autoland,4060512,13,77a9707257b88d3b15060667769a2def98a71cff,windows10-64-shippable-qr,True,False,,|c|o|l|d| |f|i|s|s|i|o|n| |i|n|t|e|r|a|c|t|i|v|e| |w|e|b|r|e|n|d|e|r|,102210fe594ee9b33d82058545b1ed14f4c8206e,LastVisualChange,reddit-billgates-post-1.posts,True,reddit-billgates-post-1.posts LastVisualChange opt cold fission webrender,,77,ms,firefox,,1789285323,2023-11-02 10:56:45,520.9,86b37d608b6dff619ef21dd6df25970d2f35504f,1326103,,,,,,,,,,,,,,,,,,,,,,,,,,,,,,,,,,,,,,,,,,,,,,,,,,,,,,,,,,,,,TN,TN
autoland,4060512,13,77a9707257b88d3b15060667769a2def98a71cff,windows10-64-shippable-qr,True,False,,|c|o|l|d| |f|i|s|s|i|o|n| |i|n|t|e|r|a|c|t|i|v|e| |w|e|b|r|e|n|d|e|r|,102210fe594ee9b33d82058545b1ed14f4c8206e,LastVisualChange,reddit-billgates-post-1.posts,True,reddit-billgates-post-1.posts LastVisualChange opt cold fission webrender,,77,ms,firefox,,1789285689,2023-11-02 10:56:45,496.1,86b37d608b6dff619ef21dd6df25970d2f35504f,1326103,,,,,,,,,,,,,,,,,,,,,,,,,,,,,,,,,,,,,,,,,,,,,,,,,,,,,,,,,,,,,TN,TN
autoland,4060512,13,77a9707257b88d3b15060667769a2def98a71cff,windows10-64-shippable-qr,True,False,,|c|o|l|d| |f|i|s|s|i|o|n| |i|n|t|e|r|a|c|t|i|v|e| |w|e|b|r|e|n|d|e|r|,102210fe594ee9b33d82058545b1ed14f4c8206e,LastVisualChange,reddit-billgates-post-1.posts,True,reddit-billgates-post-1.posts LastVisualChange opt cold fission webrender,,77,ms,firefox,,1789285949,2023-11-02 10:56:45,502.2,86b37d608b6dff619ef21dd6df25970d2f35504f,1326103,,,,,,,,,,,,,,,,,,,,,,,,,,,,,,,,,,,,,,,,,,,,,,,,,,,,,,,,,,,,,TN,TN
autoland,4060512,13,77a9707257b88d3b15060667769a2def98a71cff,windows10-64-shippable-qr,True,False,,|c|o|l|d| |f|i|s|s|i|o|n| |i|n|t|e|r|a|c|t|i|v|e| |w|e|b|r|e|n|d|e|r|,102210fe594ee9b33d82058545b1ed14f4c8206e,LastVisualChange,reddit-billgates-post-1.posts,True,reddit-billgates-post-1.posts LastVisualChange opt cold fission webrender,,77,ms,firefox,,1789286224,2023-11-02 10:56:45,532.7,86b37d608b6dff619ef21dd6df25970d2f35504f,1326103,,,,,,,,,,,,,,,,,,,,,,,,,,,,,,,,,,,,,,,,,,,,,,,,,,,,,,,,,,,,,TN,TN
autoland,4060512,13,77a9707257b88d3b15060667769a2def98a71cff,windows10-64-shippable-qr,True,False,,|c|o|l|d| |f|i|s|s|i|o|n| |i|n|t|e|r|a|c|t|i|v|e| |w|e|b|r|e|n|d|e|r|,102210fe594ee9b33d82058545b1ed14f4c8206e,LastVisualChange,reddit-billgates-post-1.posts,True,reddit-billgates-post-1.posts LastVisualChange opt cold fission webrender,,77,ms,firefox,,1789288455,2023-11-02 10:56:45,518.9,86b37d608b6dff619ef21dd6df25970d2f35504f,1326103,,,,,,,,,,,,,,,,,,,,,,,,,,,,,,,,,,,,,,,,,,,,,,,,,,,,,,,,,,,,,TN,TN
autoland,4060512,13,77a9707257b88d3b15060667769a2def98a71cff,windows10-64-shippable-qr,True,False,,|c|o|l|d| |f|i|s|s|i|o|n| |i|n|t|e|r|a|c|t|i|v|e| |w|e|b|r|e|n|d|e|r|,102210fe594ee9b33d82058545b1ed14f4c8206e,LastVisualChange,reddit-billgates-post-1.posts,True,reddit-billgates-post-1.posts LastVisualChange opt cold fission webrender,,77,ms,firefox,,1785974931,2023-11-02 12:13:53,581.4,59754ae1b71386535d42979e577deaaad4aa522f,1326138,,,,,,,,,,,,,,,,,,,,,,,,,,,,,,,,,,,,,,,,,,,,,,,,,,,,,,,,,,,,,TN,TN
autoland,4060512,13,77a9707257b88d3b15060667769a2def98a71cff,windows10-64-shippable-qr,True,False,,|c|o|l|d| |f|i|s|s|i|o|n| |i|n|t|e|r|a|c|t|i|v|e| |w|e|b|r|e|n|d|e|r|,102210fe594ee9b33d82058545b1ed14f4c8206e,LastVisualChange,reddit-billgates-post-1.posts,True,reddit-billgates-post-1.posts LastVisualChange opt cold fission webrender,,77,ms,firefox,,1786516166,2023-11-02 13:30:08,554.8,42ea9e037ab397f0632ce37f1bd8709b44ffa6ff,1326191,,,,,,,,,,,,,,,,,,,,,,,,,,,,,,,,,,,,,,,,,,,,,,,,,,,,,,,,,,,,,TN,TN
autoland,4060512,13,77a9707257b88d3b15060667769a2def98a71cff,windows10-64-shippable-qr,True,False,,|c|o|l|d| |f|i|s|s|i|o|n| |i|n|t|e|r|a|c|t|i|v|e| |w|e|b|r|e|n|d|e|r|,102210fe594ee9b33d82058545b1ed14f4c8206e,LastVisualChange,reddit-billgates-post-1.posts,True,reddit-billgates-post-1.posts LastVisualChange opt cold fission webrender,,77,ms,firefox,,1786509180,2023-11-02 13:48:11,530.9,08cb433e982fa288536eb388ba3946a21ef856c1,1326209,,,,,,,,,,,,,,,,,,,,,,,,,,,,,,,,,,,,,,,,,,,,,,,,,,,,,,,,,,,,,TN,TN
autoland,4060512,13,77a9707257b88d3b15060667769a2def98a71cff,windows10-64-shippable-qr,True,False,,|c|o|l|d| |f|i|s|s|i|o|n| |i|n|t|e|r|a|c|t|i|v|e| |w|e|b|r|e|n|d|e|r|,102210fe594ee9b33d82058545b1ed14f4c8206e,LastVisualChange,reddit-billgates-post-1.posts,True,reddit-billgates-post-1.posts LastVisualChange opt cold fission webrender,,77,ms,firefox,,1786105364,2023-11-02 15:35:11,579.5,b32fede7af3947e835399bab4d1d7f096517521f,1326301,,,,,,,,,,,,,,,,,,,,,,,,,,,,,,,,,,,,,,,,,,,,,,,,,,,,,,,,,,,,,TN,TN
autoland,4060512,13,77a9707257b88d3b15060667769a2def98a71cff,windows10-64-shippable-qr,True,False,,|c|o|l|d| |f|i|s|s|i|o|n| |i|n|t|e|r|a|c|t|i|v|e| |w|e|b|r|e|n|d|e|r|,102210fe594ee9b33d82058545b1ed14f4c8206e,LastVisualChange,reddit-billgates-post-1.posts,True,reddit-billgates-post-1.posts LastVisualChange opt cold fission webrender,,77,ms,firefox,,1786310538,2023-11-02 19:35:23,555.7,94e5f553d8ee5632338645c8928e3cc1454d7b5b,1326465,,,,,,,,,,,,,,,,,,,,,,,,,,,,,,,,,,,,,,,,,,,,,,,,,,,,,,,,,,,,,TN,TN
autoland,4060512,13,77a9707257b88d3b15060667769a2def98a71cff,windows10-64-shippable-qr,True,False,,|c|o|l|d| |f|i|s|s|i|o|n| |i|n|t|e|r|a|c|t|i|v|e| |w|e|b|r|e|n|d|e|r|,102210fe594ee9b33d82058545b1ed14f4c8206e,LastVisualChange,reddit-billgates-post-1.posts,True,reddit-billgates-post-1.posts LastVisualChange opt cold fission webrender,,77,ms,firefox,,1789289641,2023-11-02 21:29:57,553.3,eb4c4b32c59b92ff4f750980b1a14d005c05d0ac,1326568,,,,,,,,,,,,,,,,,,,,,,,,,,,,,,,,,,,,,,,,,,,,,,,,,,,,,,,,,,,,,TN,TN
autoland,4060512,13,77a9707257b88d3b15060667769a2def98a71cff,windows10-64-shippable-qr,True,False,,|c|o|l|d| |f|i|s|s|i|o|n| |i|n|t|e|r|a|c|t|i|v|e| |w|e|b|r|e|n|d|e|r|,102210fe594ee9b33d82058545b1ed14f4c8206e,LastVisualChange,reddit-billgates-post-1.posts,True,reddit-billgates-post-1.posts LastVisualChange opt cold fission webrender,,77,ms,firefox,,1789292590,2023-11-02 21:29:57,532.6,eb4c4b32c59b92ff4f750980b1a14d005c05d0ac,1326568,,,,,,,,,,,,,,,,,,,,,,,,,,,,,,,,,,,,,,,,,,,,,,,,,,,,,,,,,,,,,TN,TN
autoland,4060512,13,77a9707257b88d3b15060667769a2def98a71cff,windows10-64-shippable-qr,True,False,,|c|o|l|d| |f|i|s|s|i|o|n| |i|n|t|e|r|a|c|t|i|v|e| |w|e|b|r|e|n|d|e|r|,102210fe594ee9b33d82058545b1ed14f4c8206e,LastVisualChange,reddit-billgates-post-1.posts,True,reddit-billgates-post-1.posts LastVisualChange opt cold fission webrender,,77,ms,firefox,,1789289393,2023-11-02 21:30:58,501.6,e7dc2508bf17fdcd70c12a6f6b1af2f5cc33b868,1326570,,,,,,,,,,,,,,,,,,,,,,,,,,,,,,,,,,,,,,,,,,,,,,,,,,,,,,,,,,,,,TN,TN
autoland,4060512,13,77a9707257b88d3b15060667769a2def98a71cff,windows10-64-shippable-qr,True,False,,|c|o|l|d| |f|i|s|s|i|o|n| |i|n|t|e|r|a|c|t|i|v|e| |w|e|b|r|e|n|d|e|r|,102210fe594ee9b33d82058545b1ed14f4c8206e,LastVisualChange,reddit-billgates-post-1.posts,True,reddit-billgates-post-1.posts LastVisualChange opt cold fission webrender,,77,ms,firefox,,1789292738,2023-11-02 21:30:58,515.6,e7dc2508bf17fdcd70c12a6f6b1af2f5cc33b868,1326570,,,,,,,,,,,,,,,,,,,,,,,,,,,,,,,,,,,,,,,,,,,,,,,,,,,,,,,,,,,,,TN,TN
autoland,4060512,13,77a9707257b88d3b15060667769a2def98a71cff,windows10-64-shippable-qr,True,False,,|c|o|l|d| |f|i|s|s|i|o|n| |i|n|t|e|r|a|c|t|i|v|e| |w|e|b|r|e|n|d|e|r|,102210fe594ee9b33d82058545b1ed14f4c8206e,LastVisualChange,reddit-billgates-post-1.posts,True,reddit-billgates-post-1.posts LastVisualChange opt cold fission webrender,,77,ms,firefox,,1789288722,2023-11-02 21:32:31,529.0,7280e09f5120f1823677233916cab1793f629152,1326571,,,,,,,,,,,,,,,,,,,,,,,,,,,,,,,,,,,,,,,,,,,,,,,,,,,,,,,,,,,,,TN,TN
autoland,4060512,13,77a9707257b88d3b15060667769a2def98a71cff,windows10-64-shippable-qr,True,False,,|c|o|l|d| |f|i|s|s|i|o|n| |i|n|t|e|r|a|c|t|i|v|e| |w|e|b|r|e|n|d|e|r|,102210fe594ee9b33d82058545b1ed14f4c8206e,LastVisualChange,reddit-billgates-post-1.posts,True,reddit-billgates-post-1.posts LastVisualChange opt cold fission webrender,,77,ms,firefox,,1789293182,2023-11-02 21:32:31,524.4,7280e09f5120f1823677233916cab1793f629152,1326571,,,,,,,,,,,,,,,,,,,,,,,,,,,,,,,,,,,,,,,,,,,,,,,,,,,,,,,,,,,,,TN,TN
autoland,4060512,13,77a9707257b88d3b15060667769a2def98a71cff,windows10-64-shippable-qr,True,False,,|c|o|l|d| |f|i|s|s|i|o|n| |i|n|t|e|r|a|c|t|i|v|e| |w|e|b|r|e|n|d|e|r|,102210fe594ee9b33d82058545b1ed14f4c8206e,LastVisualChange,reddit-billgates-post-1.posts,True,reddit-billgates-post-1.posts LastVisualChange opt cold fission webrender,,77,ms,firefox,,1789289886,2023-11-02 21:35:23,522.3,cdc41c01594a4a52e5cac09dbdeb0df6f1bb6663,1326572,,,,,,,,,,,,,,,,,,,,,,,,,,,,,,,,,,,,,,,,,,,,,,,,,,,,,,,,,,,,,TN,TN
autoland,4060512,13,77a9707257b88d3b15060667769a2def98a71cff,windows10-64-shippable-qr,True,False,,|c|o|l|d| |f|i|s|s|i|o|n| |i|n|t|e|r|a|c|t|i|v|e| |w|e|b|r|e|n|d|e|r|,102210fe594ee9b33d82058545b1ed14f4c8206e,LastVisualChange,reddit-billgates-post-1.posts,True,reddit-billgates-post-1.posts LastVisualChange opt cold fission webrender,,77,ms,firefox,,1789292887,2023-11-02 21:35:23,525.6,cdc41c01594a4a52e5cac09dbdeb0df6f1bb6663,1326572,,,,,,,,,,,,,,,,,,,,,,,,,,,,,,,,,,,,,,,,,,,,,,,,,,,,,,,,,,,,,TN,TN
autoland,4060512,13,77a9707257b88d3b15060667769a2def98a71cff,windows10-64-shippable-qr,True,False,,|c|o|l|d| |f|i|s|s|i|o|n| |i|n|t|e|r|a|c|t|i|v|e| |w|e|b|r|e|n|d|e|r|,102210fe594ee9b33d82058545b1ed14f4c8206e,LastVisualChange,reddit-billgates-post-1.posts,True,reddit-billgates-post-1.posts LastVisualChange opt cold fission webrender,,77,ms,firefox,,1789288844,2023-11-02 22:13:47,522.4,0bd712b787cb4c15d58e1c3f5dc1f6c9feb5343c,1326589,,,,,,,,,,,,,,,,,,,,,,,,,,,,,,,,,,,,,,,,,,,,,,,,,,,,,,,,,,,,,TN,TN
autoland,4060512,13,77a9707257b88d3b15060667769a2def98a71cff,windows10-64-shippable-qr,True,False,,|c|o|l|d| |f|i|s|s|i|o|n| |i|n|t|e|r|a|c|t|i|v|e| |w|e|b|r|e|n|d|e|r|,102210fe594ee9b33d82058545b1ed14f4c8206e,LastVisualChange,reddit-billgates-post-1.posts,True,reddit-billgates-post-1.posts LastVisualChange opt cold fission webrender,,77,ms,firefox,,1789292825,2023-11-02 22:13:47,538.9,0bd712b787cb4c15d58e1c3f5dc1f6c9feb5343c,1326589,,,,,,,,,,,,,,,,,,,,,,,,,,,,,,,,,,,,,,,,,,,,,,,,,,,,,,,,,,,,,TN,TN
autoland,4060512,13,77a9707257b88d3b15060667769a2def98a71cff,windows10-64-shippable-qr,True,False,,|c|o|l|d| |f|i|s|s|i|o|n| |i|n|t|e|r|a|c|t|i|v|e| |w|e|b|r|e|n|d|e|r|,102210fe594ee9b33d82058545b1ed14f4c8206e,LastVisualChange,reddit-billgates-post-1.posts,True,reddit-billgates-post-1.posts LastVisualChange opt cold fission webrender,,77,ms,firefox,,1786381831,2023-11-02 22:16:50,571.5,e76a1dc1e2e5cfa536e6893665fb8d42d2669341,1326592,,,,,,,,,,,,,,,,,,,,,,,,,,,,,,,,,,,,,,,,,,,,,,,,,,,,,,,,,,,,,TN,TN
autoland,4060512,13,77a9707257b88d3b15060667769a2def98a71cff,windows10-64-shippable-qr,True,False,,|c|o|l|d| |f|i|s|s|i|o|n| |i|n|t|e|r|a|c|t|i|v|e| |w|e|b|r|e|n|d|e|r|,102210fe594ee9b33d82058545b1ed14f4c8206e,LastVisualChange,reddit-billgates-post-1.posts,True,reddit-billgates-post-1.posts LastVisualChange opt cold fission webrender,,77,ms,firefox,,1789290003,2023-11-02 22:16:50,522.0,e76a1dc1e2e5cfa536e6893665fb8d42d2669341,1326592,,,,,,,,,,,,,,,,,,,,,,,,,,,,,,,,,,,,,,,,,,,,,,,,,,,,,,,,,,,,,TN,TN
autoland,4060512,13,77a9707257b88d3b15060667769a2def98a71cff,windows10-64-shippable-qr,True,False,,|c|o|l|d| |f|i|s|s|i|o|n| |i|n|t|e|r|a|c|t|i|v|e| |w|e|b|r|e|n|d|e|r|,102210fe594ee9b33d82058545b1ed14f4c8206e,LastVisualChange,reddit-billgates-post-1.posts,True,reddit-billgates-post-1.posts LastVisualChange opt cold fission webrender,,77,ms,firefox,,1789292774,2023-11-02 22:16:50,475.4,e76a1dc1e2e5cfa536e6893665fb8d42d2669341,1326592,,,,,,,,,,,,,,,,,,,,,,,,,,,,,,,,,,,,,,,,,,,,,,,,,,,,,,,,,,,,,TN,TN
autoland,4060512,13,77a9707257b88d3b15060667769a2def98a71cff,windows10-64-shippable-qr,True,False,,|c|o|l|d| |f|i|s|s|i|o|n| |i|n|t|e|r|a|c|t|i|v|e| |w|e|b|r|e|n|d|e|r|,102210fe594ee9b33d82058545b1ed14f4c8206e,LastVisualChange,reddit-billgates-post-1.posts,True,reddit-billgates-post-1.posts LastVisualChange opt cold fission webrender,,77,ms,firefox,,1789290592,2023-11-02 22:18:18,525.6,ce2c3463c07f335d286ceb88cf112042b57a7256,1326595,,,,,,,,,,,,,,,,,,,,,,,,,,,,,,,,,,,,,,,,,,,,,,,,,,,,,,,,,,,,,TN,TN
autoland,4060512,13,77a9707257b88d3b15060667769a2def98a71cff,windows10-64-shippable-qr,True,False,,|c|o|l|d| |f|i|s|s|i|o|n| |i|n|t|e|r|a|c|t|i|v|e| |w|e|b|r|e|n|d|e|r|,102210fe594ee9b33d82058545b1ed14f4c8206e,LastVisualChange,reddit-billgates-post-1.posts,True,reddit-billgates-post-1.posts LastVisualChange opt cold fission webrender,,77,ms,firefox,,1789293297,2023-11-02 22:18:18,548.4,ce2c3463c07f335d286ceb88cf112042b57a7256,1326595,,,,,,,,,,,,,,,,,,,,,,,,,,,,,,,,,,,,,,,,,,,,,,,,,,,,,,,,,,,,,TN,TN
autoland,4060512,13,77a9707257b88d3b15060667769a2def98a71cff,windows10-64-shippable-qr,True,False,,|c|o|l|d| |f|i|s|s|i|o|n| |i|n|t|e|r|a|c|t|i|v|e| |w|e|b|r|e|n|d|e|r|,102210fe594ee9b33d82058545b1ed14f4c8206e,LastVisualChange,reddit-billgates-post-1.posts,True,reddit-billgates-post-1.posts LastVisualChange opt cold fission webrender,,77,ms,firefox,,1787623547,2023-11-02 22:19:09,511.5,b361ef38ca02f068697280f6ca1bc626415fb2c5,1326597,,,,,,,,,,,,,,,,,,,,,,,,,,,,,,,,,,,,,,,,,,,,,,,,,,,,,,,,,,,,,TN,TN
autoland,4060512,13,77a9707257b88d3b15060667769a2def98a71cff,windows10-64-shippable-qr,True,False,,|c|o|l|d| |f|i|s|s|i|o|n| |i|n|t|e|r|a|c|t|i|v|e| |w|e|b|r|e|n|d|e|r|,102210fe594ee9b33d82058545b1ed14f4c8206e,LastVisualChange,reddit-billgates-post-1.posts,True,reddit-billgates-post-1.posts LastVisualChange opt cold fission webrender,,77,ms,firefox,,1789290109,2023-11-02 22:19:09,535.9,b361ef38ca02f068697280f6ca1bc626415fb2c5,1326597,,,,,,,,,,,,,,,,,,,,,,,,,,,,,,,,,,,,,,,,,,,,,,,,,,,,,,,,,,,,,TN,TN
autoland,4060512,13,77a9707257b88d3b15060667769a2def98a71cff,windows10-64-shippable-qr,True,False,,|c|o|l|d| |f|i|s|s|i|o|n| |i|n|t|e|r|a|c|t|i|v|e| |w|e|b|r|e|n|d|e|r|,102210fe594ee9b33d82058545b1ed14f4c8206e,LastVisualChange,reddit-billgates-post-1.posts,True,reddit-billgates-post-1.posts LastVisualChange opt cold fission webrender,,77,ms,firefox,,1789293218,2023-11-02 22:19:09,531.9,b361ef38ca02f068697280f6ca1bc626415fb2c5,1326597,,,,,,,,,,,,,,,,,,,,,,,,,,,,,,,,,,,,,,,,,,,,,,,,,,,,,,,,,,,,,TN,TN
autoland,4060512,13,77a9707257b88d3b15060667769a2def98a71cff,windows10-64-shippable-qr,True,False,,|c|o|l|d| |f|i|s|s|i|o|n| |i|n|t|e|r|a|c|t|i|v|e| |w|e|b|r|e|n|d|e|r|,102210fe594ee9b33d82058545b1ed14f4c8206e,LastVisualChange,reddit-billgates-post-1.posts,True,reddit-billgates-post-1.posts LastVisualChange opt cold fission webrender,,77,ms,firefox,,1787624431,2023-11-02 22:26:56,542.3,8afb0f64ad7a78470082bf47ccc290278f27a90c,1326601,,,,,,,,,,,,,,,,,,,,,,,,,,,,,,,,,,,,,,,,,,,,,,,,,,,,,,,,,,,,,TN,TN
autoland,4060512,13,77a9707257b88d3b15060667769a2def98a71cff,windows10-64-shippable-qr,True,False,,|c|o|l|d| |f|i|s|s|i|o|n| |i|n|t|e|r|a|c|t|i|v|e| |w|e|b|r|e|n|d|e|r|,102210fe594ee9b33d82058545b1ed14f4c8206e,LastVisualChange,reddit-billgates-post-1.posts,True,reddit-billgates-post-1.posts LastVisualChange opt cold fission webrender,,77,ms,firefox,,1789289993,2023-11-02 22:26:56,529.4,8afb0f64ad7a78470082bf47ccc290278f27a90c,1326601,,,,,,,,,,,,,,,,,,,,,,,,,,,,,,,,,,,,,,,,,,,,,,,,,,,,,,,,,,,,,TN,TN
autoland,4060512,13,77a9707257b88d3b15060667769a2def98a71cff,windows10-64-shippable-qr,True,False,,|c|o|l|d| |f|i|s|s|i|o|n| |i|n|t|e|r|a|c|t|i|v|e| |w|e|b|r|e|n|d|e|r|,102210fe594ee9b33d82058545b1ed14f4c8206e,LastVisualChange,reddit-billgates-post-1.posts,True,reddit-billgates-post-1.posts LastVisualChange opt cold fission webrender,,77,ms,firefox,,1789293341,2023-11-02 22:26:56,502.3,8afb0f64ad7a78470082bf47ccc290278f27a90c,1326601,,,,,,,,,,,,,,,,,,,,,,,,,,,,,,,,,,,,,,,,,,,,,,,,,,,,,,,,,,,,,TN,TN
autoland,4060512,13,77a9707257b88d3b15060667769a2def98a71cff,windows10-64-shippable-qr,True,False,,|c|o|l|d| |f|i|s|s|i|o|n| |i|n|t|e|r|a|c|t|i|v|e| |w|e|b|r|e|n|d|e|r|,102210fe594ee9b33d82058545b1ed14f4c8206e,LastVisualChange,reddit-billgates-post-1.posts,True,reddit-billgates-post-1.posts LastVisualChange opt cold fission webrender,,77,ms,firefox,,1787624462,2023-11-02 22:45:29,514.8,a3014ce3c54adc66cde7bc69bd6f9e8325f0ccf8,1326606,,,,,,,,,,,,,,,,,,,,,,,,,,,,,,,,,,,,,,,,,,,,,,,,,,,,,,,,,,,,,TN,TN
autoland,4060512,13,77a9707257b88d3b15060667769a2def98a71cff,windows10-64-shippable-qr,True,False,,|c|o|l|d| |f|i|s|s|i|o|n| |i|n|t|e|r|a|c|t|i|v|e| |w|e|b|r|e|n|d|e|r|,102210fe594ee9b33d82058545b1ed14f4c8206e,LastVisualChange,reddit-billgates-post-1.posts,True,reddit-billgates-post-1.posts LastVisualChange opt cold fission webrender,,77,ms,firefox,,1789290560,2023-11-02 22:45:29,527.7,a3014ce3c54adc66cde7bc69bd6f9e8325f0ccf8,1326606,,,,,,,,,,,,,,,,,,,,,,,,,,,,,,,,,,,,,,,,,,,,,,,,,,,,,,,,,,,,,TN,TN
autoland,4060512,13,77a9707257b88d3b15060667769a2def98a71cff,windows10-64-shippable-qr,True,False,,|c|o|l|d| |f|i|s|s|i|o|n| |i|n|t|e|r|a|c|t|i|v|e| |w|e|b|r|e|n|d|e|r|,102210fe594ee9b33d82058545b1ed14f4c8206e,LastVisualChange,reddit-billgates-post-1.posts,True,reddit-billgates-post-1.posts LastVisualChange opt cold fission webrender,,77,ms,firefox,,1789293253,2023-11-02 22:45:29,562.6,a3014ce3c54adc66cde7bc69bd6f9e8325f0ccf8,1326606,,,,,,,,,,,,,,,,,,,,,,,,,,,,,,,,,,,,,,,,,,,,,,,,,,,,,,,,,,,,,TN,TN
autoland,4060512,13,77a9707257b88d3b15060667769a2def98a71cff,windows10-64-shippable-qr,True,False,,|c|o|l|d| |f|i|s|s|i|o|n| |i|n|t|e|r|a|c|t|i|v|e| |w|e|b|r|e|n|d|e|r|,102210fe594ee9b33d82058545b1ed14f4c8206e,LastVisualChange,reddit-billgates-post-1.posts,True,reddit-billgates-post-1.posts LastVisualChange opt cold fission webrender,,77,ms,firefox,,1787624237,2023-11-03 01:11:05,525.0,36f2efb02d4349901b7d36c17e45fd550a7aad2b,1326640,,,,,,,,,,,,,,,,,,,,,,,,,,,,,,,,,,,,,,,,,,,,,,,,,,,,,,,,,,,,,TN,TN
autoland,4060512,13,77a9707257b88d3b15060667769a2def98a71cff,windows10-64-shippable-qr,True,False,,|c|o|l|d| |f|i|s|s|i|o|n| |i|n|t|e|r|a|c|t|i|v|e| |w|e|b|r|e|n|d|e|r|,102210fe594ee9b33d82058545b1ed14f4c8206e,LastVisualChange,reddit-billgates-post-1.posts,True,reddit-billgates-post-1.posts LastVisualChange opt cold fission webrender,,77,ms,firefox,,1789290866,2023-11-03 01:11:05,532.8,36f2efb02d4349901b7d36c17e45fd550a7aad2b,1326640,,,,,,,,,,,,,,,,,,,,,,,,,,,,,,,,,,,,,,,,,,,,,,,,,,,,,,,,,,,,,TN,TN
autoland,4060512,13,77a9707257b88d3b15060667769a2def98a71cff,windows10-64-shippable-qr,True,False,,|c|o|l|d| |f|i|s|s|i|o|n| |i|n|t|e|r|a|c|t|i|v|e| |w|e|b|r|e|n|d|e|r|,102210fe594ee9b33d82058545b1ed14f4c8206e,LastVisualChange,reddit-billgates-post-1.posts,True,reddit-billgates-post-1.posts LastVisualChange opt cold fission webrender,,77,ms,firefox,,1789293626,2023-11-03 01:11:05,525.7,36f2efb02d4349901b7d36c17e45fd550a7aad2b,1326640,,,,,,,,,,,,,,,,,,,,,,,,,,,,,,,,,,,,,,,,,,,,,,,,,,,,,,,,,,,,,TN,TN
autoland,4060512,13,77a9707257b88d3b15060667769a2def98a71cff,windows10-64-shippable-qr,True,False,,|c|o|l|d| |f|i|s|s|i|o|n| |i|n|t|e|r|a|c|t|i|v|e| |w|e|b|r|e|n|d|e|r|,102210fe594ee9b33d82058545b1ed14f4c8206e,LastVisualChange,reddit-billgates-post-1.posts,True,reddit-billgates-post-1.posts LastVisualChange opt cold fission webrender,,77,ms,firefox,,1787624206,2023-11-03 01:52:04,557.0,74d7322a0dc48e7a0b87bca4351e9394d0b0205d,1326655,,,,,,,,,,,,,,,,,,,,,,,,,,,,,,,,,,,,,,,,,,,,,,,,,,,,,,,,,,,,,TN,TN
autoland,4060512,13,77a9707257b88d3b15060667769a2def98a71cff,windows10-64-shippable-qr,True,False,,|c|o|l|d| |f|i|s|s|i|o|n| |i|n|t|e|r|a|c|t|i|v|e| |w|e|b|r|e|n|d|e|r|,102210fe594ee9b33d82058545b1ed14f4c8206e,LastVisualChange,reddit-billgates-post-1.posts,True,reddit-billgates-post-1.posts LastVisualChange opt cold fission webrender,,77,ms,firefox,,1789291362,2023-11-03 01:52:04,522.0,74d7322a0dc48e7a0b87bca4351e9394d0b0205d,1326655,,,,,,,,,,,,,,,,,,,,,,,,,,,,,,,,,,,,,,,,,,,,,,,,,,,,,,,,,,,,,TN,TN
autoland,4060512,13,77a9707257b88d3b15060667769a2def98a71cff,windows10-64-shippable-qr,True,False,,|c|o|l|d| |f|i|s|s|i|o|n| |i|n|t|e|r|a|c|t|i|v|e| |w|e|b|r|e|n|d|e|r|,102210fe594ee9b33d82058545b1ed14f4c8206e,LastVisualChange,reddit-billgates-post-1.posts,True,reddit-billgates-post-1.posts LastVisualChange opt cold fission webrender,,77,ms,firefox,,1789293579,2023-11-03 01:52:04,515.9,74d7322a0dc48e7a0b87bca4351e9394d0b0205d,1326655,,,,,,,,,,,,,,,,,,,,,,,,,,,,,,,,,,,,,,,,,,,,,,,,,,,,,,,,,,,,,TN,TN
autoland,4060512,13,77a9707257b88d3b15060667769a2def98a71cff,windows10-64-shippable-qr,True,False,,|c|o|l|d| |f|i|s|s|i|o|n| |i|n|t|e|r|a|c|t|i|v|e| |w|e|b|r|e|n|d|e|r|,102210fe594ee9b33d82058545b1ed14f4c8206e,LastVisualChange,reddit-billgates-post-1.posts,True,reddit-billgates-post-1.posts LastVisualChange opt cold fission webrender,,77,ms,firefox,,1786479163,2023-11-03 02:17:21,547.4,7398cacb1ad3e7be98ad07eff3a56fd050025c48,1326661,,,,,,,,,,,,,,,,,,,,,,,,,,,,,,,,,,,,,,,,,,,,,,,,,,,,,,,,,,,,,TN,TN
autoland,4060512,13,77a9707257b88d3b15060667769a2def98a71cff,windows10-64-shippable-qr,True,False,,|c|o|l|d| |f|i|s|s|i|o|n| |i|n|t|e|r|a|c|t|i|v|e| |w|e|b|r|e|n|d|e|r|,102210fe594ee9b33d82058545b1ed14f4c8206e,LastVisualChange,reddit-billgates-post-1.posts,True,reddit-billgates-post-1.posts LastVisualChange opt cold fission webrender,,77,ms,firefox,,1789291692,2023-11-03 02:17:21,538.3,7398cacb1ad3e7be98ad07eff3a56fd050025c48,1326661,,,,,,,,,,,,,,,,,,,,,,,,,,,,,,,,,,,,,,,,,,,,,,,,,,,,,,,,,,,,,TN,TN
autoland,4060512,13,77a9707257b88d3b15060667769a2def98a71cff,windows10-64-shippable-qr,True,False,,|c|o|l|d| |f|i|s|s|i|o|n| |i|n|t|e|r|a|c|t|i|v|e| |w|e|b|r|e|n|d|e|r|,102210fe594ee9b33d82058545b1ed14f4c8206e,LastVisualChange,reddit-billgates-post-1.posts,True,reddit-billgates-post-1.posts LastVisualChange opt cold fission webrender,,77,ms,firefox,,1789293372,2023-11-03 02:17:21,535.2,7398cacb1ad3e7be98ad07eff3a56fd050025c48,1326661,,,,,,,,,,,,,,,,,,,,,,,,,,,,,,,,,,,,,,,,,,,,,,,,,,,,,,,,,,,,,TN,TN
autoland,4060512,13,77a9707257b88d3b15060667769a2def98a71cff,windows10-64-shippable-qr,True,False,,|c|o|l|d| |f|i|s|s|i|o|n| |i|n|t|e|r|a|c|t|i|v|e| |w|e|b|r|e|n|d|e|r|,102210fe594ee9b33d82058545b1ed14f4c8206e,LastVisualChange,reddit-billgates-post-1.posts,True,reddit-billgates-post-1.posts LastVisualChange opt cold fission webrender,,77,ms,firefox,,1787623673,2023-11-03 04:08:25,545.9,8be76292bf3f6acbc6d7d87935f7eb147bbf27ca,1326703,,,,,,,,,,,,,,,,,,,,,,,,,,,,,,,,,,,,,,,,,,,,,,,,,,,,,,,,,,,,,TN,TN
autoland,4060512,13,77a9707257b88d3b15060667769a2def98a71cff,windows10-64-shippable-qr,True,False,,|c|o|l|d| |f|i|s|s|i|o|n| |i|n|t|e|r|a|c|t|i|v|e| |w|e|b|r|e|n|d|e|r|,102210fe594ee9b33d82058545b1ed14f4c8206e,LastVisualChange,reddit-billgates-post-1.posts,True,reddit-billgates-post-1.posts LastVisualChange opt cold fission webrender,,77,ms,firefox,,1789291776,2023-11-03 04:08:25,548.3,8be76292bf3f6acbc6d7d87935f7eb147bbf27ca,1326703,,,,,,,,,,,,,,,,,,,,,,,,,,,,,,,,,,,,,,,,,,,,,,,,,,,,,,,,,,,,,TN,TN
autoland,4060512,13,77a9707257b88d3b15060667769a2def98a71cff,windows10-64-shippable-qr,True,False,,|c|o|l|d| |f|i|s|s|i|o|n| |i|n|t|e|r|a|c|t|i|v|e| |w|e|b|r|e|n|d|e|r|,102210fe594ee9b33d82058545b1ed14f4c8206e,LastVisualChange,reddit-billgates-post-1.posts,True,reddit-billgates-post-1.posts LastVisualChange opt cold fission webrender,,77,ms,firefox,,1789293463,2023-11-03 04:08:25,511.8,8be76292bf3f6acbc6d7d87935f7eb147bbf27ca,1326703,,,,,,,,,,,,,,,,,,,,,,,,,,,,,,,,,,,,,,,,,,,,,,,,,,,,,,,,,,,,,TN,TN
autoland,4060512,13,77a9707257b88d3b15060667769a2def98a71cff,windows10-64-shippable-qr,True,False,,|c|o|l|d| |f|i|s|s|i|o|n| |i|n|t|e|r|a|c|t|i|v|e| |w|e|b|r|e|n|d|e|r|,102210fe594ee9b33d82058545b1ed14f4c8206e,LastVisualChange,reddit-billgates-post-1.posts,True,reddit-billgates-post-1.posts LastVisualChange opt cold fission webrender,,77,ms,firefox,,1787623834,2023-11-03 04:20:42,525.0,4184b410e6d5681549f012fecc1f8b842e141b26,1326704,,,,,,,,,,,,,,,,,,,,,,,,,,,,,,,,,,,,,,,,,,,,,,,,,,,,,,,,,,,,,TN,TN
autoland,4060512,13,77a9707257b88d3b15060667769a2def98a71cff,windows10-64-shippable-qr,True,False,,|c|o|l|d| |f|i|s|s|i|o|n| |i|n|t|e|r|a|c|t|i|v|e| |w|e|b|r|e|n|d|e|r|,102210fe594ee9b33d82058545b1ed14f4c8206e,LastVisualChange,reddit-billgates-post-1.posts,True,reddit-billgates-post-1.posts LastVisualChange opt cold fission webrender,,77,ms,firefox,,1789291742,2023-11-03 04:20:42,513.8,4184b410e6d5681549f012fecc1f8b842e141b26,1326704,,,,,,,,,,,,,,,,,,,,,,,,,,,,,,,,,,,,,,,,,,,,,,,,,,,,,,,,,,,,,TN,TN
autoland,4060512,13,77a9707257b88d3b15060667769a2def98a71cff,windows10-64-shippable-qr,True,False,,|c|o|l|d| |f|i|s|s|i|o|n| |i|n|t|e|r|a|c|t|i|v|e| |w|e|b|r|e|n|d|e|r|,102210fe594ee9b33d82058545b1ed14f4c8206e,LastVisualChange,reddit-billgates-post-1.posts,True,reddit-billgates-post-1.posts LastVisualChange opt cold fission webrender,,77,ms,firefox,,1789293812,2023-11-03 04:20:42,535.5,4184b410e6d5681549f012fecc1f8b842e141b26,1326704,,,,,,,,,,,,,,,,,,,,,,,,,,,,,,,,,,,,,,,,,,,,,,,,,,,,,,,,,,,,,TN,TN
autoland,4060512,13,77a9707257b88d3b15060667769a2def98a71cff,windows10-64-shippable-qr,True,False,,|c|o|l|d| |f|i|s|s|i|o|n| |i|n|t|e|r|a|c|t|i|v|e| |w|e|b|r|e|n|d|e|r|,102210fe594ee9b33d82058545b1ed14f4c8206e,LastVisualChange,reddit-billgates-post-1.posts,True,reddit-billgates-post-1.posts LastVisualChange opt cold fission webrender,,77,ms,firefox,,1787624012,2023-11-03 04:51:35,518.2,66a36c6e56c8b40c4bbf326973befc12d3188b98,1326712,,,,,,,,,,,,,,,,,,,,,,,,,,,,,,,,,,,,,,,,,,,,,,,,,,,,,,,,,,,,,TN,TN
autoland,4060512,13,77a9707257b88d3b15060667769a2def98a71cff,windows10-64-shippable-qr,True,False,,|c|o|l|d| |f|i|s|s|i|o|n| |i|n|t|e|r|a|c|t|i|v|e| |w|e|b|r|e|n|d|e|r|,102210fe594ee9b33d82058545b1ed14f4c8206e,LastVisualChange,reddit-billgates-post-1.posts,True,reddit-billgates-post-1.posts LastVisualChange opt cold fission webrender,,77,ms,firefox,,1789291412,2023-11-03 04:51:35,512.0,66a36c6e56c8b40c4bbf326973befc12d3188b98,1326712,,,,,,,,,,,,,,,,,,,,,,,,,,,,,,,,,,,,,,,,,,,,,,,,,,,,,,,,,,,,,TN,TN
autoland,4060512,13,77a9707257b88d3b15060667769a2def98a71cff,windows10-64-shippable-qr,True,False,,|c|o|l|d| |f|i|s|s|i|o|n| |i|n|t|e|r|a|c|t|i|v|e| |w|e|b|r|e|n|d|e|r|,102210fe594ee9b33d82058545b1ed14f4c8206e,LastVisualChange,reddit-billgates-post-1.posts,True,reddit-billgates-post-1.posts LastVisualChange opt cold fission webrender,,77,ms,firefox,,1789293701,2023-11-03 04:51:35,548.9,66a36c6e56c8b40c4bbf326973befc12d3188b98,1326712,,,,,,,,,,,,,,,,,,,,,,,,,,,,,,,,,,,,,,,,,,,,,,,,,,,,,,,,,,,,,TN,TN
autoland,4060512,13,77a9707257b88d3b15060667769a2def98a71cff,windows10-64-shippable-qr,True,False,,|c|o|l|d| |f|i|s|s|i|o|n| |i|n|t|e|r|a|c|t|i|v|e| |w|e|b|r|e|n|d|e|r|,102210fe594ee9b33d82058545b1ed14f4c8206e,LastVisualChange,reddit-billgates-post-1.posts,True,reddit-billgates-post-1.posts LastVisualChange opt cold fission webrender,,77,ms,firefox,,1786558594,2023-11-03 06:29:48,585.1,63221dffde4f2b6c134c16fb540dea75d856626d,1326720,,,,,,,,,,,,,,,,,,,,,,,,,,,,,,,,,,,,,,,,,,,,,,,,,,,,,,,,,,,,,TN,TN
autoland,4060512,13,77a9707257b88d3b15060667769a2def98a71cff,windows10-64-shippable-qr,True,False,,|c|o|l|d| |f|i|s|s|i|o|n| |i|n|t|e|r|a|c|t|i|v|e| |w|e|b|r|e|n|d|e|r|,102210fe594ee9b33d82058545b1ed14f4c8206e,LastVisualChange,reddit-billgates-post-1.posts,True,reddit-billgates-post-1.posts LastVisualChange opt cold fission webrender,,77,ms,firefox,,1789291512,2023-11-03 06:29:48,521.2,63221dffde4f2b6c134c16fb540dea75d856626d,1326720,,,,,,,,,,,,,,,,,,,,,,,,,,,,,,,,,,,,,,,,,,,,,,,,,,,,,,,,,,,,,TN,TN
autoland,4060512,13,77a9707257b88d3b15060667769a2def98a71cff,windows10-64-shippable-qr,True,False,,|c|o|l|d| |f|i|s|s|i|o|n| |i|n|t|e|r|a|c|t|i|v|e| |w|e|b|r|e|n|d|e|r|,102210fe594ee9b33d82058545b1ed14f4c8206e,LastVisualChange,reddit-billgates-post-1.posts,True,reddit-billgates-post-1.posts LastVisualChange opt cold fission webrender,,77,ms,firefox,,1789293524,2023-11-03 06:29:48,521.2,63221dffde4f2b6c134c16fb540dea75d856626d,1326720,,,,,,,,,,,,,,,,,,,,,,,,,,,,,,,,,,,,,,,,,,,,,,,,,,,,,,,,,,,,,TN,TN
autoland,4060512,13,77a9707257b88d3b15060667769a2def98a71cff,windows10-64-shippable-qr,True,False,,|c|o|l|d| |f|i|s|s|i|o|n| |i|n|t|e|r|a|c|t|i|v|e| |w|e|b|r|e|n|d|e|r|,102210fe594ee9b33d82058545b1ed14f4c8206e,LastVisualChange,reddit-billgates-post-1.posts,True,reddit-billgates-post-1.posts LastVisualChange opt cold fission webrender,,77,ms,firefox,,1787637300,2023-11-03 06:58:55,578.2,3b2e87a93f83951048307cbc49600161594f24fc,1326722,,,,,,,,,,,,,,,,,,,,,,,,,,,,,,,,,,,,,,,,,,,,,,,,,,,,,,,,,,,,,TN,TN
autoland,4060512,13,77a9707257b88d3b15060667769a2def98a71cff,windows10-64-shippable-qr,True,False,,|c|o|l|d| |f|i|s|s|i|o|n| |i|n|t|e|r|a|c|t|i|v|e| |w|e|b|r|e|n|d|e|r|,102210fe594ee9b33d82058545b1ed14f4c8206e,LastVisualChange,reddit-billgates-post-1.posts,True,reddit-billgates-post-1.posts LastVisualChange opt cold fission webrender,,77,ms,firefox,,1789291565,2023-11-03 06:58:55,505.8,3b2e87a93f83951048307cbc49600161594f24fc,1326722,,,,,,,,,,,,,,,,,,,,,,,,,,,,,,,,,,,,,,,,,,,,,,,,,,,,,,,,,,,,,TN,TN
autoland,4060512,13,77a9707257b88d3b15060667769a2def98a71cff,windows10-64-shippable-qr,True,False,,|c|o|l|d| |f|i|s|s|i|o|n| |i|n|t|e|r|a|c|t|i|v|e| |w|e|b|r|e|n|d|e|r|,102210fe594ee9b33d82058545b1ed14f4c8206e,LastVisualChange,reddit-billgates-post-1.posts,True,reddit-billgates-post-1.posts LastVisualChange opt cold fission webrender,,77,ms,firefox,,1789294026,2023-11-03 06:58:55,528.8,3b2e87a93f83951048307cbc49600161594f24fc,1326722,,,,,,,,,,,,,,,,,,,,,,,,,,,,,,,,,,,,,,,,,,,,,,,,,,,,,,,,,,,,,TN,TN
autoland,4060512,13,77a9707257b88d3b15060667769a2def98a71cff,windows10-64-shippable-qr,True,False,,|c|o|l|d| |f|i|s|s|i|o|n| |i|n|t|e|r|a|c|t|i|v|e| |w|e|b|r|e|n|d|e|r|,102210fe594ee9b33d82058545b1ed14f4c8206e,LastVisualChange,reddit-billgates-post-1.posts,True,reddit-billgates-post-1.posts LastVisualChange opt cold fission webrender,,77,ms,firefox,,1787637364,2023-11-03 07:36:07,517.9,b22bbe4260314e1412d7b27c4116cd80a3334dea,1326733,,,,,,,,,,,,,,,,,,,,,,,,,,,,,,,,,,,,,,,,,,,,,,,,,,,,,,,,,,,,,TN,TN
autoland,4060512,13,77a9707257b88d3b15060667769a2def98a71cff,windows10-64-shippable-qr,True,False,,|c|o|l|d| |f|i|s|s|i|o|n| |i|n|t|e|r|a|c|t|i|v|e| |w|e|b|r|e|n|d|e|r|,102210fe594ee9b33d82058545b1ed14f4c8206e,LastVisualChange,reddit-billgates-post-1.posts,True,reddit-billgates-post-1.posts LastVisualChange opt cold fission webrender,,77,ms,firefox,,1789291716,2023-11-03 07:36:07,524.2,b22bbe4260314e1412d7b27c4116cd80a3334dea,1326733,,,,,,,,,,,,,,,,,,,,,,,,,,,,,,,,,,,,,,,,,,,,,,,,,,,,,,,,,,,,,TN,TN
autoland,4060512,13,77a9707257b88d3b15060667769a2def98a71cff,windows10-64-shippable-qr,True,False,,|c|o|l|d| |f|i|s|s|i|o|n| |i|n|t|e|r|a|c|t|i|v|e| |w|e|b|r|e|n|d|e|r|,102210fe594ee9b33d82058545b1ed14f4c8206e,LastVisualChange,reddit-billgates-post-1.posts,True,reddit-billgates-post-1.posts LastVisualChange opt cold fission webrender,,77,ms,firefox,,1789293946,2023-11-03 07:36:07,561.4,b22bbe4260314e1412d7b27c4116cd80a3334dea,1326733,,,,,,,,,,,,,,,,,,,,,,,,,,,,,,,,,,,,,,,,,,,,,,,,,,,,,,,,,,,,,TN,TN
autoland,4060512,13,77a9707257b88d3b15060667769a2def98a71cff,windows10-64-shippable-qr,True,False,,|c|o|l|d| |f|i|s|s|i|o|n| |i|n|t|e|r|a|c|t|i|v|e| |w|e|b|r|e|n|d|e|r|,102210fe594ee9b33d82058545b1ed14f4c8206e,LastVisualChange,reddit-billgates-post-1.posts,True,reddit-billgates-post-1.posts LastVisualChange opt cold fission webrender,,77,ms,firefox,,1787637106,2023-11-03 08:19:03,521.2,b8d7ddef8a12d2762b4df028073939ad1508d0a4,1326743,,,,,,,,,,,,,,,,,,,,,,,,,,,,,,,,,,,,,,,,,,,,,,,,,,,,,,,,,,,,,TN,TN
autoland,4060512,13,77a9707257b88d3b15060667769a2def98a71cff,windows10-64-shippable-qr,True,False,,|c|o|l|d| |f|i|s|s|i|o|n| |i|n|t|e|r|a|c|t|i|v|e| |w|e|b|r|e|n|d|e|r|,102210fe594ee9b33d82058545b1ed14f4c8206e,LastVisualChange,reddit-billgates-post-1.posts,True,reddit-billgates-post-1.posts LastVisualChange opt cold fission webrender,,77,ms,firefox,,1789291846,2023-11-03 08:19:03,522.2,b8d7ddef8a12d2762b4df028073939ad1508d0a4,1326743,,,,,,,,,,,,,,,,,,,,,,,,,,,,,,,,,,,,,,,,,,,,,,,,,,,,,,,,,,,,,TN,TN
autoland,4060512,13,77a9707257b88d3b15060667769a2def98a71cff,windows10-64-shippable-qr,True,False,,|c|o|l|d| |f|i|s|s|i|o|n| |i|n|t|e|r|a|c|t|i|v|e| |w|e|b|r|e|n|d|e|r|,102210fe594ee9b33d82058545b1ed14f4c8206e,LastVisualChange,reddit-billgates-post-1.posts,True,reddit-billgates-post-1.posts LastVisualChange opt cold fission webrender,,77,ms,firefox,,1789294079,2023-11-03 08:19:03,526.0,b8d7ddef8a12d2762b4df028073939ad1508d0a4,1326743,,,,,,,,,,,,,,,,,,,,,,,,,,,,,,,,,,,,,,,,,,,,,,,,,,,,,,,,,,,,,TN,TN
autoland,4060512,13,77a9707257b88d3b15060667769a2def98a71cff,windows10-64-shippable-qr,True,False,,|c|o|l|d| |f|i|s|s|i|o|n| |i|n|t|e|r|a|c|t|i|v|e| |w|e|b|r|e|n|d|e|r|,102210fe594ee9b33d82058545b1ed14f4c8206e,LastVisualChange,reddit-billgates-post-1.posts,True,reddit-billgates-post-1.posts LastVisualChange opt cold fission webrender,,77,ms,firefox,,1787637915,2023-11-03 09:09:22,515.1,124a723cd010dfbd667203d480325aa24380f6d4,1326753,,,,,,,,,,,,,,,,,,,,,,,,,,,,,,,,,,,,,,,,,,,,,,,,,,,,,,,,,,,,,TN,TN
autoland,4060512,13,77a9707257b88d3b15060667769a2def98a71cff,windows10-64-shippable-qr,True,False,,|c|o|l|d| |f|i|s|s|i|o|n| |i|n|t|e|r|a|c|t|i|v|e| |w|e|b|r|e|n|d|e|r|,102210fe594ee9b33d82058545b1ed14f4c8206e,LastVisualChange,reddit-billgates-post-1.posts,True,reddit-billgates-post-1.posts LastVisualChange opt cold fission webrender,,77,ms,firefox,,1789292083,2023-11-03 09:09:22,535.8,124a723cd010dfbd667203d480325aa24380f6d4,1326753,,,,,,,,,,,,,,,,,,,,,,,,,,,,,,,,,,,,,,,,,,,,,,,,,,,,,,,,,,,,,TN,TN
autoland,4060512,13,77a9707257b88d3b15060667769a2def98a71cff,windows10-64-shippable-qr,True,False,,|c|o|l|d| |f|i|s|s|i|o|n| |i|n|t|e|r|a|c|t|i|v|e| |w|e|b|r|e|n|d|e|r|,102210fe594ee9b33d82058545b1ed14f4c8206e,LastVisualChange,reddit-billgates-post-1.posts,True,reddit-billgates-post-1.posts LastVisualChange opt cold fission webrender,,77,ms,firefox,,1789293853,2023-11-03 09:09:22,506.1,124a723cd010dfbd667203d480325aa24380f6d4,1326753,,,,,,,,,,,,,,,,,,,,,,,,,,,,,,,,,,,,,,,,,,,,,,,,,,,,,,,,,,,,,TN,TN
autoland,4060512,13,77a9707257b88d3b15060667769a2def98a71cff,windows10-64-shippable-qr,True,False,,|c|o|l|d| |f|i|s|s|i|o|n| |i|n|t|e|r|a|c|t|i|v|e| |w|e|b|r|e|n|d|e|r|,102210fe594ee9b33d82058545b1ed14f4c8206e,LastVisualChange,reddit-billgates-post-1.posts,True,reddit-billgates-post-1.posts LastVisualChange opt cold fission webrender,,77,ms,firefox,,1787638456,2023-11-03 09:13:52,534.1,7dd4084a322471851e49b87b3a617befb0375765,1326754,,,,,,,,,,,,,,,,,,,,,,,,,,,,,,,,,,,,,,,,,,,,,,,,,,,,,,,,,,,,,TN,TN
autoland,4060512,13,77a9707257b88d3b15060667769a2def98a71cff,windows10-64-shippable-qr,True,False,,|c|o|l|d| |f|i|s|s|i|o|n| |i|n|t|e|r|a|c|t|i|v|e| |w|e|b|r|e|n|d|e|r|,102210fe594ee9b33d82058545b1ed14f4c8206e,LastVisualChange,reddit-billgates-post-1.posts,True,reddit-billgates-post-1.posts LastVisualChange opt cold fission webrender,,77,ms,firefox,,1789292115,2023-11-03 09:13:52,542.4,7dd4084a322471851e49b87b3a617befb0375765,1326754,,,,,,,,,,,,,,,,,,,,,,,,,,,,,,,,,,,,,,,,,,,,,,,,,,,,,,,,,,,,,TN,TN
autoland,4060512,13,77a9707257b88d3b15060667769a2def98a71cff,windows10-64-shippable-qr,True,False,,|c|o|l|d| |f|i|s|s|i|o|n| |i|n|t|e|r|a|c|t|i|v|e| |w|e|b|r|e|n|d|e|r|,102210fe594ee9b33d82058545b1ed14f4c8206e,LastVisualChange,reddit-billgates-post-1.posts,True,reddit-billgates-post-1.posts LastVisualChange opt cold fission webrender,,77,ms,firefox,,1789294147,2023-11-03 09:13:52,543.4,7dd4084a322471851e49b87b3a617befb0375765,1326754,,,,,,,,,,,,,,,,,,,,,,,,,,,,,,,,,,,,,,,,,,,,,,,,,,,,,,,,,,,,,TN,TN
autoland,4060512,13,77a9707257b88d3b15060667769a2def98a71cff,windows10-64-shippable-qr,True,False,,|c|o|l|d| |f|i|s|s|i|o|n| |i|n|t|e|r|a|c|t|i|v|e| |w|e|b|r|e|n|d|e|r|,102210fe594ee9b33d82058545b1ed14f4c8206e,LastVisualChange,reddit-billgates-post-1.posts,True,reddit-billgates-post-1.posts LastVisualChange opt cold fission webrender,,77,ms,firefox,,1787637946,2023-11-03 09:17:10,552.1,3d9fe41a25152c0c6672f138ea09debecd5143cf,1326755,,,,,,,,,,,,,,,,,,,,,,,,,,,,,,,,,,,,,,,,,,,,,,,,,,,,,,,,,,,,,TN,TN
autoland,4060512,13,77a9707257b88d3b15060667769a2def98a71cff,windows10-64-shippable-qr,True,False,,|c|o|l|d| |f|i|s|s|i|o|n| |i|n|t|e|r|a|c|t|i|v|e| |w|e|b|r|e|n|d|e|r|,102210fe594ee9b33d82058545b1ed14f4c8206e,LastVisualChange,reddit-billgates-post-1.posts,True,reddit-billgates-post-1.posts LastVisualChange opt cold fission webrender,,77,ms,firefox,,1789292410,2023-11-03 09:17:10,502.1,3d9fe41a25152c0c6672f138ea09debecd5143cf,1326755,,,,,,,,,,,,,,,,,,,,,,,,,,,,,,,,,,,,,,,,,,,,,,,,,,,,,,,,,,,,,TN,TN
autoland,4060512,13,77a9707257b88d3b15060667769a2def98a71cff,windows10-64-shippable-qr,True,False,,|c|o|l|d| |f|i|s|s|i|o|n| |i|n|t|e|r|a|c|t|i|v|e| |w|e|b|r|e|n|d|e|r|,102210fe594ee9b33d82058545b1ed14f4c8206e,LastVisualChange,reddit-billgates-post-1.posts,True,reddit-billgates-post-1.posts LastVisualChange opt cold fission webrender,,77,ms,firefox,,1789294213,2023-11-03 09:17:10,525.6,3d9fe41a25152c0c6672f138ea09debecd5143cf,1326755,,,,,,,,,,,,,,,,,,,,,,,,,,,,,,,,,,,,,,,,,,,,,,,,,,,,,,,,,,,,,TN,TN
autoland,4060512,13,77a9707257b88d3b15060667769a2def98a71cff,windows10-64-shippable-qr,True,False,,|c|o|l|d| |f|i|s|s|i|o|n| |i|n|t|e|r|a|c|t|i|v|e| |w|e|b|r|e|n|d|e|r|,102210fe594ee9b33d82058545b1ed14f4c8206e,LastVisualChange,reddit-billgates-post-1.posts,True,reddit-billgates-post-1.posts LastVisualChange opt cold fission webrender,,77,ms,firefox,,1787637614,2023-11-03 09:42:39,542.7,4492a1a7f6e79ee78ecaa1b7c93899342d32df2e,1326765,,,,,,,,,,,,,,,,,,,,,,,,,,,,,,,,,,,,,,,,,,,,,,,,,,,,,,,,,,,,,TN,TN
autoland,4060512,13,77a9707257b88d3b15060667769a2def98a71cff,windows10-64-shippable-qr,True,False,,|c|o|l|d| |f|i|s|s|i|o|n| |i|n|t|e|r|a|c|t|i|v|e| |w|e|b|r|e|n|d|e|r|,102210fe594ee9b33d82058545b1ed14f4c8206e,LastVisualChange,reddit-billgates-post-1.posts,True,reddit-billgates-post-1.posts LastVisualChange opt cold fission webrender,,77,ms,firefox,,1789294492,2023-11-03 09:42:39,525.4,4492a1a7f6e79ee78ecaa1b7c93899342d32df2e,1326765,,,,,,,,,,,,,,,,,,,,,,,,,,,,,,,,,,,,,,,,,,,,,,,,,,,,,,,,,,,,,TN,TN
autoland,4060512,13,77a9707257b88d3b15060667769a2def98a71cff,windows10-64-shippable-qr,True,False,,|c|o|l|d| |f|i|s|s|i|o|n| |i|n|t|e|r|a|c|t|i|v|e| |w|e|b|r|e|n|d|e|r|,102210fe594ee9b33d82058545b1ed14f4c8206e,LastVisualChange,reddit-billgates-post-1.posts,True,reddit-billgates-post-1.posts LastVisualChange opt cold fission webrender,,77,ms,firefox,,1789292377,2023-11-03 09:42:39,507.8,4492a1a7f6e79ee78ecaa1b7c93899342d32df2e,1326765,,,,,,,,,,,,,,,,,,,,,,,,,,,,,,,,,,,,,,,,,,,,,,,,,,,,,,,,,,,,,TN,TN
autoland,4060512,13,77a9707257b88d3b15060667769a2def98a71cff,windows10-64-shippable-qr,True,False,,|c|o|l|d| |f|i|s|s|i|o|n| |i|n|t|e|r|a|c|t|i|v|e| |w|e|b|r|e|n|d|e|r|,102210fe594ee9b33d82058545b1ed14f4c8206e,LastVisualChange,reddit-billgates-post-1.posts,True,reddit-billgates-post-1.posts LastVisualChange opt cold fission webrender,,77,ms,firefox,,1787637884,2023-11-03 09:43:52,498.6,6c29477373c7502d2ca6e660b3acc28c18ba6974,1326767,,,,,,,,,,,,,,,,,,,,,,,,,,,,,,,,,,,,,,,,,,,,,,,,,,,,,,,,,,,,,TN,TN
autoland,4060512,13,77a9707257b88d3b15060667769a2def98a71cff,windows10-64-shippable-qr,True,False,,|c|o|l|d| |f|i|s|s|i|o|n| |i|n|t|e|r|a|c|t|i|v|e| |w|e|b|r|e|n|d|e|r|,102210fe594ee9b33d82058545b1ed14f4c8206e,LastVisualChange,reddit-billgates-post-1.posts,True,reddit-billgates-post-1.posts LastVisualChange opt cold fission webrender,,77,ms,firefox,,1789292623,2023-11-03 09:43:52,528.8,6c29477373c7502d2ca6e660b3acc28c18ba6974,1326767,,,,,,,,,,,,,,,,,,,,,,,,,,,,,,,,,,,,,,,,,,,,,,,,,,,,,,,,,,,,,TN,TN
autoland,4060512,13,77a9707257b88d3b15060667769a2def98a71cff,windows10-64-shippable-qr,True,False,,|c|o|l|d| |f|i|s|s|i|o|n| |i|n|t|e|r|a|c|t|i|v|e| |w|e|b|r|e|n|d|e|r|,102210fe594ee9b33d82058545b1ed14f4c8206e,LastVisualChange,reddit-billgates-post-1.posts,True,reddit-billgates-post-1.posts LastVisualChange opt cold fission webrender,,77,ms,firefox,,1789294634,2023-11-03 09:43:52,539.1,6c29477373c7502d2ca6e660b3acc28c18ba6974,1326767,,,,,,,,,,,,,,,,,,,,,,,,,,,,,,,,,,,,,,,,,,,,,,,,,,,,,,,,,,,,,TN,TN
autoland,4060512,13,77a9707257b88d3b15060667769a2def98a71cff,windows10-64-shippable-qr,True,False,,|c|o|l|d| |f|i|s|s|i|o|n| |i|n|t|e|r|a|c|t|i|v|e| |w|e|b|r|e|n|d|e|r|,102210fe594ee9b33d82058545b1ed14f4c8206e,LastVisualChange,reddit-billgates-post-1.posts,True,reddit-billgates-post-1.posts LastVisualChange opt cold fission webrender,,77,ms,firefox,,1786707329,2023-11-03 09:45:55,511.3,fef2ab0f10caa08593c20e7febc4cec185670a4a,1326769,,,,,,,,,,,,,,,,,,,,,,,,,,,,,,,,,,,,,,,,,,,,,,,,,,,,,,,,,,,,,TN,TN
autoland,4060512,13,77a9707257b88d3b15060667769a2def98a71cff,windows10-64-shippable-qr,True,False,,|c|o|l|d| |f|i|s|s|i|o|n| |i|n|t|e|r|a|c|t|i|v|e| |w|e|b|r|e|n|d|e|r|,102210fe594ee9b33d82058545b1ed14f4c8206e,LastVisualChange,reddit-billgates-post-1.posts,True,reddit-billgates-post-1.posts LastVisualChange opt cold fission webrender,,77,ms,firefox,,1789286484,2023-11-03 09:45:55,518.8,fef2ab0f10caa08593c20e7febc4cec185670a4a,1326769,,,,,,,,,,,,,,,,,,,,,,,,,,,,,,,,,,,,,,,,,,,,,,,,,,,,,,,,,,,,,TN,TN
autoland,4060512,13,77a9707257b88d3b15060667769a2def98a71cff,windows10-64-shippable-qr,True,False,,|c|o|l|d| |f|i|s|s|i|o|n| |i|n|t|e|r|a|c|t|i|v|e| |w|e|b|r|e|n|d|e|r|,102210fe594ee9b33d82058545b1ed14f4c8206e,LastVisualChange,reddit-billgates-post-1.posts,True,reddit-billgates-post-1.posts LastVisualChange opt cold fission webrender,,77,ms,firefox,,1789286585,2023-11-03 09:45:55,525.8,fef2ab0f10caa08593c20e7febc4cec185670a4a,1326769,,,,,,,,,,,,,,,,,,,,,,,,,,,,,,,,,,,,,,,,,,,,,,,,,,,,,,,,,,,,,TN,TN
autoland,4060512,13,77a9707257b88d3b15060667769a2def98a71cff,windows10-64-shippable-qr,True,False,,|c|o|l|d| |f|i|s|s|i|o|n| |i|n|t|e|r|a|c|t|i|v|e| |w|e|b|r|e|n|d|e|r|,102210fe594ee9b33d82058545b1ed14f4c8206e,LastVisualChange,reddit-billgates-post-1.posts,True,reddit-billgates-post-1.posts LastVisualChange opt cold fission webrender,,77,ms,firefox,,1789286617,2023-11-03 09:45:55,545.9,fef2ab0f10caa08593c20e7febc4cec185670a4a,1326769,,,,,,,,,,,,,,,,,,,,,,,,,,,,,,,,,,,,,,,,,,,,,,,,,,,,,,,,,,,,,TN,TN
autoland,4060512,13,77a9707257b88d3b15060667769a2def98a71cff,windows10-64-shippable-qr,True,False,,|c|o|l|d| |f|i|s|s|i|o|n| |i|n|t|e|r|a|c|t|i|v|e| |w|e|b|r|e|n|d|e|r|,102210fe594ee9b33d82058545b1ed14f4c8206e,LastVisualChange,reddit-billgates-post-1.posts,True,reddit-billgates-post-1.posts LastVisualChange opt cold fission webrender,,77,ms,firefox,,1789286654,2023-11-03 09:45:55,541.5,fef2ab0f10caa08593c20e7febc4cec185670a4a,1326769,,,,,,,,,,,,,,,,,,,,,,,,,,,,,,,,,,,,,,,,,,,,,,,,,,,,,,,,,,,,,TN,TN
autoland,4060512,13,77a9707257b88d3b15060667769a2def98a71cff,windows10-64-shippable-qr,True,False,,|c|o|l|d| |f|i|s|s|i|o|n| |i|n|t|e|r|a|c|t|i|v|e| |w|e|b|r|e|n|d|e|r|,102210fe594ee9b33d82058545b1ed14f4c8206e,LastVisualChange,reddit-billgates-post-1.posts,True,reddit-billgates-post-1.posts LastVisualChange opt cold fission webrender,,77,ms,firefox,,1787637583,2023-11-03 10:02:57,524.9,839d107030fb1827d316e5f3c349f008611458c2,1326776,,,,,,,,,,,,,,,,,,,,,,,,,,,,,,,,,,,,,,,,,,,,,,,,,,,,,,,,,,,,,TN,TN
autoland,4060512,13,77a9707257b88d3b15060667769a2def98a71cff,windows10-64-shippable-qr,True,False,,|c|o|l|d| |f|i|s|s|i|o|n| |i|n|t|e|r|a|c|t|i|v|e| |w|e|b|r|e|n|d|e|r|,102210fe594ee9b33d82058545b1ed14f4c8206e,LastVisualChange,reddit-billgates-post-1.posts,True,reddit-billgates-post-1.posts LastVisualChange opt cold fission webrender,,77,ms,firefox,,1787639674,2023-11-03 10:08:49,507.8,71a6642aae88f5511a0f489c4e967e11d0c28842,1326783,,,,,,,,,,,,,,,,,,,,,,,,,,,,,,,,,,,,,,,,,,,,,,,,,,,,,,,,,,,,,TN,TN
autoland,4060512,13,77a9707257b88d3b15060667769a2def98a71cff,windows10-64-shippable-qr,True,False,,|c|o|l|d| |f|i|s|s|i|o|n| |i|n|t|e|r|a|c|t|i|v|e| |w|e|b|r|e|n|d|e|r|,102210fe594ee9b33d82058545b1ed14f4c8206e,LastVisualChange,reddit-billgates-post-1.posts,True,reddit-billgates-post-1.posts LastVisualChange opt cold fission webrender,,77,ms,firefox,,1787638491,2023-11-03 10:17:11,541.8,69a9a6852a6b33c38352663e36f30c7a56325fa9,1326785,,,,,,,,,,,,,,,,,,,,,,,,,,,,,,,,,,,,,,,,,,,,,,,,,,,,,,,,,,,,,TN,TN
autoland,4060512,13,77a9707257b88d3b15060667769a2def98a71cff,windows10-64-shippable-qr,True,False,,|c|o|l|d| |f|i|s|s|i|o|n| |i|n|t|e|r|a|c|t|i|v|e| |w|e|b|r|e|n|d|e|r|,102210fe594ee9b33d82058545b1ed14f4c8206e,LastVisualChange,reddit-billgates-post-1.posts,True,reddit-billgates-post-1.posts LastVisualChange opt cold fission webrender,,77,ms,firefox,,1787637427,2023-11-03 10:47:31,505.3,bd833134cb89a4af54fc5e6a2659dff9876378cf,1326793,,,,,,,,,,,,,,,,,,,,,,,,,,,,,,,,,,,,,,,,,,,,,,,,,,,,,,,,,,,,,TN,TN
autoland,4060512,13,77a9707257b88d3b15060667769a2def98a71cff,windows10-64-shippable-qr,True,False,,|c|o|l|d| |f|i|s|s|i|o|n| |i|n|t|e|r|a|c|t|i|v|e| |w|e|b|r|e|n|d|e|r|,102210fe594ee9b33d82058545b1ed14f4c8206e,LastVisualChange,reddit-billgates-post-1.posts,True,reddit-billgates-post-1.posts LastVisualChange opt cold fission webrender,,77,ms,firefox,,1787637395,2023-11-03 10:49:36,502.3,e15962ef39ac75d15c7425eae4be43126c085e47,1326796,,,,,,,,,,,,,,,,,,,,,,,,,,,,,,,,,,,,,,,,,,,,,,,,,,,,,,,,,,,,,TN,TN
autoland,4060512,13,77a9707257b88d3b15060667769a2def98a71cff,windows10-64-shippable-qr,True,False,,|c|o|l|d| |f|i|s|s|i|o|n| |i|n|t|e|r|a|c|t|i|v|e| |w|e|b|r|e|n|d|e|r|,102210fe594ee9b33d82058545b1ed14f4c8206e,LastVisualChange,reddit-billgates-post-1.posts,True,reddit-billgates-post-1.posts LastVisualChange opt cold fission webrender,,77,ms,firefox,,1787637489,2023-11-03 10:50:42,505.0,51901c4ba87a34c5bdccc9cd91afe1caa7e0e322,1326797,,,,,,,,,,,,,,,,,,,,,,,,,,,,,,,,,,,,,,,,,,,,,,,,,,,,,,,,,,,,,TN,TN
autoland,4060512,13,77a9707257b88d3b15060667769a2def98a71cff,windows10-64-shippable-qr,True,False,,|c|o|l|d| |f|i|s|s|i|o|n| |i|n|t|e|r|a|c|t|i|v|e| |w|e|b|r|e|n|d|e|r|,102210fe594ee9b33d82058545b1ed14f4c8206e,LastVisualChange,reddit-billgates-post-1.posts,True,reddit-billgates-post-1.posts LastVisualChange opt cold fission webrender,,77,ms,firefox,,1787637332,2023-11-03 12:03:10,522.0,ea3dba2fdcbeb46c4e6ac7852b33f1b1bde7aef1,1326814,,,,,,,,,,,,,,,,,,,,,,,,,,,,,,,,,,,,,,,,,,,,,,,,,,,,,,,,,,,,,TN,TN
autoland,4060512,13,77a9707257b88d3b15060667769a2def98a71cff,windows10-64-shippable-qr,True,False,,|c|o|l|d| |f|i|s|s|i|o|n| |i|n|t|e|r|a|c|t|i|v|e| |w|e|b|r|e|n|d|e|r|,102210fe594ee9b33d82058545b1ed14f4c8206e,LastVisualChange,reddit-billgates-post-1.posts,True,reddit-billgates-post-1.posts LastVisualChange opt cold fission webrender,,77,ms,firefox,,1787638738,2023-11-03 13:02:47,557.6,85dc4cc089fc06a35299f11e9118cc4f1c55e601,1326842,,,,,,,,,,,,,,,,,,,,,,,,,,,,,,,,,,,,,,,,,,,,,,,,,,,,,,,,,,,,,TN,TN
autoland,4060512,13,77a9707257b88d3b15060667769a2def98a71cff,windows10-64-shippable-qr,True,False,,|c|o|l|d| |f|i|s|s|i|o|n| |i|n|t|e|r|a|c|t|i|v|e| |w|e|b|r|e|n|d|e|r|,102210fe594ee9b33d82058545b1ed14f4c8206e,LastVisualChange,reddit-billgates-post-1.posts,True,reddit-billgates-post-1.posts LastVisualChange opt cold fission webrender,,77,ms,firefox,,1786811630,2023-11-03 14:08:17,568.1,db8c28afe588aab0cd434e280a4614c075350cde,1326874,,,,,,,,,,,,,,,,,,,,,,,,,,,,,,,,,,,,,,,,,,,,,,,,,,,,,,,,,,,,,TN,TN
autoland,4060512,13,77a9707257b88d3b15060667769a2def98a71cff,windows10-64-shippable-qr,True,False,,|c|o|l|d| |f|i|s|s|i|o|n| |i|n|t|e|r|a|c|t|i|v|e| |w|e|b|r|e|n|d|e|r|,102210fe594ee9b33d82058545b1ed14f4c8206e,LastVisualChange,reddit-billgates-post-1.posts,True,reddit-billgates-post-1.posts LastVisualChange opt cold fission webrender,,77,ms,firefox,,1787632961,2023-11-03 14:16:53,501.7,fdbf9ce9e9c3b39ed51622e0b013261837013e7f,1326883,,,,,,,,,,,,,,,,,,,,,,,,,,,,,,,,,,,,,,,,,,,,,,,,,,,,,,,,,,,,,TN,TN
autoland,4060512,13,77a9707257b88d3b15060667769a2def98a71cff,windows10-64-shippable-qr,True,False,,|c|o|l|d| |f|i|s|s|i|o|n| |i|n|t|e|r|a|c|t|i|v|e| |w|e|b|r|e|n|d|e|r|,102210fe594ee9b33d82058545b1ed14f4c8206e,LastVisualChange,reddit-billgates-post-1.posts,True,reddit-billgates-post-1.posts LastVisualChange opt cold fission webrender,,77,ms,firefox,,1787638260,2023-11-03 14:17:56,532.0,ff3a75dbd1463d9d1eae1f6c82ad666abfbd4b09,1326887,,,,,,,,,,,,,,,,,,,,,,,,,,,,,,,,,,,,,,,,,,,,,,,,,,,,,,,,,,,,,TN,TN
autoland,4060512,13,77a9707257b88d3b15060667769a2def98a71cff,windows10-64-shippable-qr,True,False,,|c|o|l|d| |f|i|s|s|i|o|n| |i|n|t|e|r|a|c|t|i|v|e| |w|e|b|r|e|n|d|e|r|,102210fe594ee9b33d82058545b1ed14f4c8206e,LastVisualChange,reddit-billgates-post-1.posts,True,reddit-billgates-post-1.posts LastVisualChange opt cold fission webrender,,77,ms,firefox,,1787637458,2023-11-03 14:18:52,531.3,980c1ee50ba82414f23f0459dd56ed0c7480c35d,1326888,,,,,,,,,,,,,,,,,,,,,,,,,,,,,,,,,,,,,,,,,,,,,,,,,,,,,,,,,,,,,TN,TN
autoland,4060512,13,77a9707257b88d3b15060667769a2def98a71cff,windows10-64-shippable-qr,True,False,,|c|o|l|d| |f|i|s|s|i|o|n| |i|n|t|e|r|a|c|t|i|v|e| |w|e|b|r|e|n|d|e|r|,102210fe594ee9b33d82058545b1ed14f4c8206e,LastVisualChange,reddit-billgates-post-1.posts,True,reddit-billgates-post-1.posts LastVisualChange opt cold fission webrender,,77,ms,firefox,,1787637520,2023-11-03 14:19:52,508.8,7beb3909a67da4a8daae9db6fb7d340bc2bc5b6e,1326889,,,,,,,,,,,,,,,,,,,,,,,,,,,,,,,,,,,,,,,,,,,,,,,,,,,,,,,,,,,,,TN,TN
autoland,4060512,13,77a9707257b88d3b15060667769a2def98a71cff,windows10-64-shippable-qr,True,False,,|c|o|l|d| |f|i|s|s|i|o|n| |i|n|t|e|r|a|c|t|i|v|e| |w|e|b|r|e|n|d|e|r|,102210fe594ee9b33d82058545b1ed14f4c8206e,LastVisualChange,reddit-billgates-post-1.posts,True,reddit-billgates-post-1.posts LastVisualChange opt cold fission webrender,,77,ms,firefox,,1787637552,2023-11-03 14:25:05,519.1,4dc147bb81e8f46ae1e1eee3aeff222dad80d6a5,1326897,,,,,,,,,,,,,,,,,,,,,,,,,,,,,,,,,,,,,,,,,,,,,,,,,,,,,,,,,,,,,TN,TN
autoland,4060512,13,77a9707257b88d3b15060667769a2def98a71cff,windows10-64-shippable-qr,True,False,,|c|o|l|d| |f|i|s|s|i|o|n| |i|n|t|e|r|a|c|t|i|v|e| |w|e|b|r|e|n|d|e|r|,102210fe594ee9b33d82058545b1ed14f4c8206e,LastVisualChange,reddit-billgates-post-1.posts,True,reddit-billgates-post-1.posts LastVisualChange opt cold fission webrender,,77,ms,firefox,,1787638018,2023-11-03 14:26:45,518.2,6f44ed5f3e4b66376de2716c2b71985a27745d09,1326899,,,,,,,,,,,,,,,,,,,,,,,,,,,,,,,,,,,,,,,,,,,,,,,,,,,,,,,,,,,,,TN,TN
autoland,4060512,13,77a9707257b88d3b15060667769a2def98a71cff,windows10-64-shippable-qr,True,False,,|c|o|l|d| |f|i|s|s|i|o|n| |i|n|t|e|r|a|c|t|i|v|e| |w|e|b|r|e|n|d|e|r|,102210fe594ee9b33d82058545b1ed14f4c8206e,LastVisualChange,reddit-billgates-post-1.posts,True,reddit-billgates-post-1.posts LastVisualChange opt cold fission webrender,,77,ms,firefox,,1787637645,2023-11-03 14:28:07,528.7,d5545f9be7f5675e7f5e6e65d184e1f3bf9ca7cf,1326900,,,,,,,,,,,,,,,,,,,,,,,,,,,,,,,,,,,,,,,,,,,,,,,,,,,,,,,,,,,,,TN,TN
autoland,4060512,13,77a9707257b88d3b15060667769a2def98a71cff,windows10-64-shippable-qr,True,False,,|c|o|l|d| |f|i|s|s|i|o|n| |i|n|t|e|r|a|c|t|i|v|e| |w|e|b|r|e|n|d|e|r|,102210fe594ee9b33d82058545b1ed14f4c8206e,LastVisualChange,reddit-billgates-post-1.posts,True,reddit-billgates-post-1.posts LastVisualChange opt cold fission webrender,,77,ms,firefox,,1787177811,2023-11-03 14:30:10,509.3,218b0b33b6bb55913c005cf174b1dcc8c1fb63ba,1326901,,,,,,,,,,,,,,,,,,,,,,,,,,,,,,,,,,,,,,,,,,,,,,,,,,,,,,,,,,,,,TN,TN
autoland,4060512,13,77a9707257b88d3b15060667769a2def98a71cff,windows10-64-shippable-qr,True,False,,|c|o|l|d| |f|i|s|s|i|o|n| |i|n|t|e|r|a|c|t|i|v|e| |w|e|b|r|e|n|d|e|r|,102210fe594ee9b33d82058545b1ed14f4c8206e,LastVisualChange,reddit-billgates-post-1.posts,True,reddit-billgates-post-1.posts LastVisualChange opt cold fission webrender,,77,ms,firefox,,1787166319,2023-11-03 14:52:04,518.6,0896ccb4c8266515669efe20006dd62d7cc46e05,1326910,,,,,,,,,,,,,,,,,,,,,,,,,,,,,,,,,,,,,,,,,,,,,,,,,,,,,,,,,,,,,TN,TN
autoland,4060512,13,77a9707257b88d3b15060667769a2def98a71cff,windows10-64-shippable-qr,True,False,,|c|o|l|d| |f|i|s|s|i|o|n| |i|n|t|e|r|a|c|t|i|v|e| |w|e|b|r|e|n|d|e|r|,102210fe594ee9b33d82058545b1ed14f4c8206e,LastVisualChange,reddit-billgates-post-1.posts,True,reddit-billgates-post-1.posts LastVisualChange opt cold fission webrender,,77,ms,firefox,,1786929460,2023-11-03 15:30:02,535.6,c1bbed9e33815cc111047e95375c6446ad566b5b,1326932,,,,,,,,,,,,,,,,,,,,,,,,,,,,,,,,,,,,,,,,,,,,,,,,,,,,,,,,,,,,,TN,TN
autoland,4060512,13,77a9707257b88d3b15060667769a2def98a71cff,windows10-64-shippable-qr,True,False,,|c|o|l|d| |f|i|s|s|i|o|n| |i|n|t|e|r|a|c|t|i|v|e| |w|e|b|r|e|n|d|e|r|,102210fe594ee9b33d82058545b1ed14f4c8206e,LastVisualChange,reddit-billgates-post-1.posts,True,reddit-billgates-post-1.posts LastVisualChange opt cold fission webrender,,77,ms,firefox,,1786987318,2023-11-03 19:29:08,541.4,3483c8458f12814829ccacc001ce04923ce9c601,1327119,,,,,,,,,,,,,,,,,,,,,,,,,,,,,,,,,,,,,,,,,,,,,,,,,,,,,,,,,,,,,TN,TN
autoland,4060512,13,77a9707257b88d3b15060667769a2def98a71cff,windows10-64-shippable-qr,True,False,,|c|o|l|d| |f|i|s|s|i|o|n| |i|n|t|e|r|a|c|t|i|v|e| |w|e|b|r|e|n|d|e|r|,102210fe594ee9b33d82058545b1ed14f4c8206e,LastVisualChange,reddit-billgates-post-1.posts,True,reddit-billgates-post-1.posts LastVisualChange opt cold fission webrender,,77,ms,firefox,,1787109558,2023-11-04 00:04:01,504.4,71b8373e6622cf42c02a4244f2c2629c6afed2db,1327246,,,,,,,,,,,,,,,,,,,,,,,,,,,,,,,,,,,,,,,,,,,,,,,,,,,,,,,,,,,,,TN,TN
autoland,4060512,13,77a9707257b88d3b15060667769a2def98a71cff,windows10-64-shippable-qr,True,False,,|c|o|l|d| |f|i|s|s|i|o|n| |i|n|t|e|r|a|c|t|i|v|e| |w|e|b|r|e|n|d|e|r|,102210fe594ee9b33d82058545b1ed14f4c8206e,LastVisualChange,reddit-billgates-post-1.posts,True,reddit-billgates-post-1.posts LastVisualChange opt cold fission webrender,,77,ms,firefox,,1787142824,2023-11-04 01:35:30,519.9,fa8ebe703963d027ce9185c21a4e7bdc98f8cd68,1327271,,,,,,,,,,,,,,,,,,,,,,,,,,,,,,,,,,,,,,,,,,,,,,,,,,,,,,,,,,,,,TN,TN
autoland,4060512,13,77a9707257b88d3b15060667769a2def98a71cff,windows10-64-shippable-qr,True,False,,|c|o|l|d| |f|i|s|s|i|o|n| |i|n|t|e|r|a|c|t|i|v|e| |w|e|b|r|e|n|d|e|r|,102210fe594ee9b33d82058545b1ed14f4c8206e,LastVisualChange,reddit-billgates-post-1.posts,True,reddit-billgates-post-1.posts LastVisualChange opt cold fission webrender,,77,ms,firefox,,1787223999,2023-11-04 08:24:01,521.5,f65c77517e3e8d32a23f3607a039a558abd2b12c,1327306,,,,,,,,,,,,,,,,,,,,,,,,,,,,,,,,,,,,,,,,,,,,,,,,,,,,,,,,,,,,,TN,TN
autoland,4060512,13,77a9707257b88d3b15060667769a2def98a71cff,windows10-64-shippable-qr,True,False,,|c|o|l|d| |f|i|s|s|i|o|n| |i|n|t|e|r|a|c|t|i|v|e| |w|e|b|r|e|n|d|e|r|,102210fe594ee9b33d82058545b1ed14f4c8206e,LastVisualChange,reddit-billgates-post-1.posts,True,reddit-billgates-post-1.posts LastVisualChange opt cold fission webrender,,77,ms,firefox,,1787379108,2023-11-04 14:15:16,548.1,90f5a1a99e4af4267d041ebe447fe2c0d6028eec,1327379,,,,,,,,,,,,,,,,,,,,,,,,,,,,,,,,,,,,,,,,,,,,,,,,,,,,,,,,,,,,,TN,TN
autoland,4060512,13,77a9707257b88d3b15060667769a2def98a71cff,windows10-64-shippable-qr,True,False,,|c|o|l|d| |f|i|s|s|i|o|n| |i|n|t|e|r|a|c|t|i|v|e| |w|e|b|r|e|n|d|e|r|,102210fe594ee9b33d82058545b1ed14f4c8206e,LastVisualChange,reddit-billgates-post-1.posts,True,reddit-billgates-post-1.posts LastVisualChange opt cold fission webrender,,77,ms,firefox,,1787444622,2023-11-04 18:45:40,520.5,55a02a6f1e91945e24618f64bd61b9f3a0beeea0,1327418,,,,,,,,,,,,,,,,,,,,,,,,,,,,,,,,,,,,,,,,,,,,,,,,,,,,,,,,,,,,,TN,TN
autoland,4060512,13,77a9707257b88d3b15060667769a2def98a71cff,windows10-64-shippable-qr,True,False,,|c|o|l|d| |f|i|s|s|i|o|n| |i|n|t|e|r|a|c|t|i|v|e| |w|e|b|r|e|n|d|e|r|,102210fe594ee9b33d82058545b1ed14f4c8206e,LastVisualChange,reddit-billgates-post-1.posts,True,reddit-billgates-post-1.posts LastVisualChange opt cold fission webrender,,77,ms,firefox,,1787507990,2023-11-04 23:01:16,507.9,c6d6218c85ae690d272c8b978051ec7c2718b1b2,1327454,,,,,,,,,,,,,,,,,,,,,,,,,,,,,,,,,,,,,,,,,,,,,,,,,,,,,,,,,,,,,TN,TN
autoland,4060512,13,77a9707257b88d3b15060667769a2def98a71cff,windows10-64-shippable-qr,True,False,,|c|o|l|d| |f|i|s|s|i|o|n| |i|n|t|e|r|a|c|t|i|v|e| |w|e|b|r|e|n|d|e|r|,102210fe594ee9b33d82058545b1ed14f4c8206e,LastVisualChange,reddit-billgates-post-1.posts,True,reddit-billgates-post-1.posts LastVisualChange opt cold fission webrender,,77,ms,firefox,,1787745421,2023-11-05 12:31:02,528.5,6e473b5825d2acd52739d9cc4cdec6ea5e26c9d1,1327508,,,,,,,,,,,,,,,,,,,,,,,,,,,,,,,,,,,,,,,,,,,,,,,,,,,,,,,,,,,,,TN,TN
autoland,4060512,13,77a9707257b88d3b15060667769a2def98a71cff,windows10-64-shippable-qr,True,False,,|c|o|l|d| |f|i|s|s|i|o|n| |i|n|t|e|r|a|c|t|i|v|e| |w|e|b|r|e|n|d|e|r|,102210fe594ee9b33d82058545b1ed14f4c8206e,LastVisualChange,reddit-billgates-post-1.posts,True,reddit-billgates-post-1.posts LastVisualChange opt cold fission webrender,,77,ms,firefox,,1787871421,2023-11-05 17:15:11,545.4,e4d362eebc148baf8432d0b013b6233995a2f16e,1327546,,,,,,,,,,,,,,,,,,,,,,,,,,,,,,,,,,,,,,,,,,,,,,,,,,,,,,,,,,,,,TN,TN
autoland,4060512,13,77a9707257b88d3b15060667769a2def98a71cff,windows10-64-shippable-qr,True,False,,|c|o|l|d| |f|i|s|s|i|o|n| |i|n|t|e|r|a|c|t|i|v|e| |w|e|b|r|e|n|d|e|r|,102210fe594ee9b33d82058545b1ed14f4c8206e,LastVisualChange,reddit-billgates-post-1.posts,True,reddit-billgates-post-1.posts LastVisualChange opt cold fission webrender,,77,ms,firefox,,1787985246,2023-11-05 22:35:05,507.9,1995198e0bee1b9f7d4ac3a5286fb89a8305fa28,1327567,,,,,,,,,,,,,,,,,,,,,,,,,,,,,,,,,,,,,,,,,,,,,,,,,,,,,,,,,,,,,TN,TN
autoland,4060512,13,77a9707257b88d3b15060667769a2def98a71cff,windows10-64-shippable-qr,True,False,,|c|o|l|d| |f|i|s|s|i|o|n| |i|n|t|e|r|a|c|t|i|v|e| |w|e|b|r|e|n|d|e|r|,102210fe594ee9b33d82058545b1ed14f4c8206e,LastVisualChange,reddit-billgates-post-1.posts,True,reddit-billgates-post-1.posts LastVisualChange opt cold fission webrender,,77,ms,firefox,,1788224092,2023-11-06 03:28:15,525.0,925231a8fb5eccf055afb3e9921596d8f990128b,1327590,,,,,,,,,,,,,,,,,,,,,,,,,,,,,,,,,,,,,,,,,,,,,,,,,,,,,,,,,,,,,TN,TN
autoland,4060512,13,77a9707257b88d3b15060667769a2def98a71cff,windows10-64-shippable-qr,True,False,,|c|o|l|d| |f|i|s|s|i|o|n| |i|n|t|e|r|a|c|t|i|v|e| |w|e|b|r|e|n|d|e|r|,102210fe594ee9b33d82058545b1ed14f4c8206e,LastVisualChange,reddit-billgates-post-1.posts,True,reddit-billgates-post-1.posts LastVisualChange opt cold fission webrender,,77,ms,firefox,,1788293888,2023-11-06 06:27:10,511.9,58f61f19462af6371405866cd0506983856d5433,1327613,,,,,,,,,,,,,,,,,,,,,,,,,,,,,,,,,,,,,,,,,,,,,,,,,,,,,,,,,,,,,TN,TN
autoland,4060512,13,77a9707257b88d3b15060667769a2def98a71cff,windows10-64-shippable-qr,True,False,,|c|o|l|d| |f|i|s|s|i|o|n| |i|n|t|e|r|a|c|t|i|v|e| |w|e|b|r|e|n|d|e|r|,102210fe594ee9b33d82058545b1ed14f4c8206e,LastVisualChange,reddit-billgates-post-1.posts,True,reddit-billgates-post-1.posts LastVisualChange opt cold fission webrender,,77,ms,firefox,,1788477850,2023-11-06 10:22:32,539.1,47130f8e8a79f36f7bea8cf4a4a19a3ef155e539,1327714,,,,,,,,,,,,,,,,,,,,,,,,,,,,,,,,,,,,,,,,,,,,,,,,,,,,,,,,,,,,,TN,TN
autoland,4060512,13,77a9707257b88d3b15060667769a2def98a71cff,windows10-64-shippable-qr,True,False,,|c|o|l|d| |f|i|s|s|i|o|n| |i|n|t|e|r|a|c|t|i|v|e| |w|e|b|r|e|n|d|e|r|,102210fe594ee9b33d82058545b1ed14f4c8206e,LastVisualChange,reddit-billgates-post-1.posts,True,reddit-billgates-post-1.posts LastVisualChange opt cold fission webrender,,77,ms,firefox,,1788580695,2023-11-06 14:23:08,548.5,e85ef9b0c6ee61f9f14bf8b49cd5f6e0a5fac3d7,1327890,,,,,,,,,,,,,,,,,,,,,,,,,,,,,,,,,,,,,,,,,,,,,,,,,,,,,,,,,,,,,TN,TN
autoland,4060512,13,77a9707257b88d3b15060667769a2def98a71cff,windows10-64-shippable-qr,True,False,,|c|o|l|d| |f|i|s|s|i|o|n| |i|n|t|e|r|a|c|t|i|v|e| |w|e|b|r|e|n|d|e|r|,102210fe594ee9b33d82058545b1ed14f4c8206e,LastVisualChange,reddit-billgates-post-1.posts,True,reddit-billgates-post-1.posts LastVisualChange opt cold fission webrender,,77,ms,firefox,,1788789382,2023-11-06 17:39:09,518.7,6d5e2f6a296345f3afbeecf2e34bf0f7da7c7991,1328028,,,,,,,,,,,,,,,,,,,,,,,,,,,,,,,,,,,,,,,,,,,,,,,,,,,,,,,,,,,,,TN,TN
autoland,4060512,13,77a9707257b88d3b15060667769a2def98a71cff,windows10-64-shippable-qr,True,False,,|c|o|l|d| |f|i|s|s|i|o|n| |i|n|t|e|r|a|c|t|i|v|e| |w|e|b|r|e|n|d|e|r|,102210fe594ee9b33d82058545b1ed14f4c8206e,LastVisualChange,reddit-billgates-post-1.posts,True,reddit-billgates-post-1.posts LastVisualChange opt cold fission webrender,,77,ms,firefox,,1789178572,2023-11-06 19:35:04,534.6,503650406cb658c3bb6b55a44c03d5b95ae8ff5b,1328081,,,,,,,,,,,,,,,,,,,,,,,,,,,,,,,,,,,,,,,,,,,,,,,,,,,,,,,,,,,,,TN,TN
autoland,4060512,13,77a9707257b88d3b15060667769a2def98a71cff,windows10-64-shippable-qr,True,False,,|c|o|l|d| |f|i|s|s|i|o|n| |i|n|t|e|r|a|c|t|i|v|e| |w|e|b|r|e|n|d|e|r|,102210fe594ee9b33d82058545b1ed14f4c8206e,LastVisualChange,reddit-billgates-post-1.posts,True,reddit-billgates-post-1.posts LastVisualChange opt cold fission webrender,,77,ms,firefox,,1788994838,2023-11-06 19:36:11,518.6,89a118c5878608de9ce47ac8182b338e6ef13c33,1328083,,,,,,,,,,,,,,,,,,,,,,,,,,,,,,,,,,,,,,,,,,,,,,,,,,,,,,,,,,,,,TN,TN
autoland,4060512,13,77a9707257b88d3b15060667769a2def98a71cff,windows10-64-shippable-qr,True,False,,|c|o|l|d| |f|i|s|s|i|o|n| |i|n|t|e|r|a|c|t|i|v|e| |w|e|b|r|e|n|d|e|r|,102210fe594ee9b33d82058545b1ed14f4c8206e,LastVisualChange,reddit-billgates-post-1.posts,True,reddit-billgates-post-1.posts LastVisualChange opt cold fission webrender,,77,ms,firefox,,1789165599,2023-11-06 19:52:32,545.9,ffb99ffa3c65771df47bdf63bc01d231c1b8de95,1328090,,,,,,,,,,,,,,,,,,,,,,,,,,,,,,,,,,,,,,,,,,,,,,,,,,,,,,,,,,,,,TN,TN
autoland,4060512,13,77a9707257b88d3b15060667769a2def98a71cff,windows10-64-shippable-qr,True,False,,|c|o|l|d| |f|i|s|s|i|o|n| |i|n|t|e|r|a|c|t|i|v|e| |w|e|b|r|e|n|d|e|r|,102210fe594ee9b33d82058545b1ed14f4c8206e,LastVisualChange,reddit-billgates-post-1.posts,True,reddit-billgates-post-1.posts LastVisualChange opt cold fission webrender,,77,ms,firefox,,1789213294,2023-11-06 19:53:36,531.4,14364903b3513c984be3affb09c263c89bd313c6,1328091,,,,,,,,,,,,,,,,,,,,,,,,,,,,,,,,,,,,,,,,,,,,,,,,,,,,,,,,,,,,,TN,TN
autoland,4060512,13,77a9707257b88d3b15060667769a2def98a71cff,windows10-64-shippable-qr,True,False,,|c|o|l|d| |f|i|s|s|i|o|n| |i|n|t|e|r|a|c|t|i|v|e| |w|e|b|r|e|n|d|e|r|,102210fe594ee9b33d82058545b1ed14f4c8206e,LastVisualChange,reddit-billgates-post-1.posts,True,reddit-billgates-post-1.posts LastVisualChange opt cold fission webrender,,77,ms,firefox,,1788865434,2023-11-06 20:45:17,514.9,cfad60e16bc9ffd1123a5eb881ba42aaa60b9b18,1328100,,,,,,,,,,,,,,,,,,,,,,,,,,,,,,,,,,,,,,,,,,,,,,,,,,,,,,,,,,,,,TN,TN
autoland,4060512,13,77a9707257b88d3b15060667769a2def98a71cff,windows10-64-shippable-qr,True,False,,|c|o|l|d| |f|i|s|s|i|o|n| |i|n|t|e|r|a|c|t|i|v|e| |w|e|b|r|e|n|d|e|r|,102210fe594ee9b33d82058545b1ed14f4c8206e,LastVisualChange,reddit-billgates-post-1.posts,True,reddit-billgates-post-1.posts LastVisualChange opt cold fission webrender,,77,ms,firefox,,1788986959,2023-11-07 01:37:21,518.8,05f23c29b41cfcb7bfe0b081854260fa6d04388f,1328269,,,,,,,,,,,,,,,,,,,,,,,,,,,,,,,,,,,,,,,,,,,,,,,,,,,,,,,,,,,,,TN,TN
autoland,4060512,13,77a9707257b88d3b15060667769a2def98a71cff,windows10-64-shippable-qr,True,False,,|c|o|l|d| |f|i|s|s|i|o|n| |i|n|t|e|r|a|c|t|i|v|e| |w|e|b|r|e|n|d|e|r|,102210fe594ee9b33d82058545b1ed14f4c8206e,LastVisualChange,reddit-billgates-post-1.posts,True,reddit-billgates-post-1.posts LastVisualChange opt cold fission webrender,,77,ms,firefox,,1789135122,2023-11-07 05:57:42,532.0,5f6163941f402e507f0d384b9904f2a425a28d57,1328312,,,,,,,,,,,,,,,,,,,,,,,,,,,,,,,,,,,,,,,,,,,,,,,,,,,,,,,,,,,,,TN,TN
autoland,4060512,13,77a9707257b88d3b15060667769a2def98a71cff,windows10-64-shippable-qr,True,False,,|c|o|l|d| |f|i|s|s|i|o|n| |i|n|t|e|r|a|c|t|i|v|e| |w|e|b|r|e|n|d|e|r|,102210fe594ee9b33d82058545b1ed14f4c8206e,LastVisualChange,reddit-billgates-post-1.posts,True,reddit-billgates-post-1.posts LastVisualChange opt cold fission webrender,,77,ms,firefox,,1789186459,2023-11-07 07:13:43,521.8,7a3978f0626b31f7d311cbc700a8ad6eef3c38a7,1328322,,,,,,,,,,,,,,,,,,,,,,,,,,,,,,,,,,,,,,,,,,,,,,,,,,,,,,,,,,,,,TN,TN
autoland,4060512,13,77a9707257b88d3b15060667769a2def98a71cff,windows10-64-shippable-qr,True,False,,|c|o|l|d| |f|i|s|s|i|o|n| |i|n|t|e|r|a|c|t|i|v|e| |w|e|b|r|e|n|d|e|r|,102210fe594ee9b33d82058545b1ed14f4c8206e,LastVisualChange,reddit-billgates-post-1.posts,True,reddit-billgates-post-1.posts LastVisualChange opt cold fission webrender,,77,ms,firefox,,1789442523,2023-11-07 15:22:28,519.1,3a6678776d36c32f58fe521d73f09bbc1478cbbb,1328534,,,,,,,,,,,,,,,,,,,,,,,,,,,,,,,,,,,,,,,,,,,,,,,,,,,,,,,,,,,,,TN,TN
autoland,4060512,13,77a9707257b88d3b15060667769a2def98a71cff,windows10-64-shippable-qr,True,False,,|c|o|l|d| |f|i|s|s|i|o|n| |i|n|t|e|r|a|c|t|i|v|e| |w|e|b|r|e|n|d|e|r|,102210fe594ee9b33d82058545b1ed14f4c8206e,LastVisualChange,reddit-billgates-post-1.posts,True,reddit-billgates-post-1.posts LastVisualChange opt cold fission webrender,,77,ms,firefox,,1789541551,2023-11-07 20:38:50,535.8,2f5322fade4338f844537e7e14979d023e4b7d48,1328596,,,,,,,,,,,,,,,,,,,,,,,,,,,,,,,,,,,,,,,,,,,,,,,,,,,,,,,,,,,,,TN,TN
autoland,4060512,13,77a9707257b88d3b15060667769a2def98a71cff,windows10-64-shippable-qr,True,False,,|c|o|l|d| |f|i|s|s|i|o|n| |i|n|t|e|r|a|c|t|i|v|e| |w|e|b|r|e|n|d|e|r|,102210fe594ee9b33d82058545b1ed14f4c8206e,LastVisualChange,reddit-billgates-post-1.posts,True,reddit-billgates-post-1.posts LastVisualChange opt cold fission webrender,,77,ms,firefox,,1789836857,2023-11-07 20:41:36,525.3,a68dd6c75952b039fd90f5f3236f2bb2c5313d30,1328601,,,,,,,,,,,,,,,,,,,,,,,,,,,,,,,,,,,,,,,,,,,,,,,,,,,,,,,,,,,,,TN,TN
autoland,4060512,13,77a9707257b88d3b15060667769a2def98a71cff,windows10-64-shippable-qr,True,False,,|c|o|l|d| |f|i|s|s|i|o|n| |i|n|t|e|r|a|c|t|i|v|e| |w|e|b|r|e|n|d|e|r|,102210fe594ee9b33d82058545b1ed14f4c8206e,LastVisualChange,reddit-billgates-post-1.posts,True,reddit-billgates-post-1.posts LastVisualChange opt cold fission webrender,,77,ms,firefox,,1789865901,2023-11-07 20:42:28,529.5,7ec4b8cb61720f01749a68ec9a3e7a9d62f9edca,1328602,,,,,,,,,,,,,,,,,,,,,,,,,,,,,,,,,,,,,,,,,,,,,,,,,,,,,,,,,,,,,TN,TN
autoland,4060512,13,77a9707257b88d3b15060667769a2def98a71cff,windows10-64-shippable-qr,True,False,,|c|o|l|d| |f|i|s|s|i|o|n| |i|n|t|e|r|a|c|t|i|v|e| |w|e|b|r|e|n|d|e|r|,102210fe594ee9b33d82058545b1ed14f4c8206e,LastVisualChange,reddit-billgates-post-1.posts,True,reddit-billgates-post-1.posts LastVisualChange opt cold fission webrender,,77,ms,firefox,,1789886697,2023-11-07 20:42:28,550.5,7ec4b8cb61720f01749a68ec9a3e7a9d62f9edca,1328602,,,,,,,,,,,,,,,,,,,,,,,,,,,,,,,,,,,,,,,,,,,,,,,,,,,,,,,,,,,,,TN,TN
autoland,4060512,13,77a9707257b88d3b15060667769a2def98a71cff,windows10-64-shippable-qr,True,False,,|c|o|l|d| |f|i|s|s|i|o|n| |i|n|t|e|r|a|c|t|i|v|e| |w|e|b|r|e|n|d|e|r|,102210fe594ee9b33d82058545b1ed14f4c8206e,LastVisualChange,reddit-billgates-post-1.posts,True,reddit-billgates-post-1.posts LastVisualChange opt cold fission webrender,,77,ms,firefox,,1789847022,2023-11-07 20:43:20,501.2,0cb5b12aa2dffce0f3c4119e0e4a1bdeeb5bbd31,1328605,,,,,,,,,,,,,,,,,,,,,,,,,,,,,,,,,,,,,,,,,,,,,,,,,,,,,,,,,,,,,TN,TN
autoland,4060512,13,77a9707257b88d3b15060667769a2def98a71cff,windows10-64-shippable-qr,True,False,,|c|o|l|d| |f|i|s|s|i|o|n| |i|n|t|e|r|a|c|t|i|v|e| |w|e|b|r|e|n|d|e|r|,102210fe594ee9b33d82058545b1ed14f4c8206e,LastVisualChange,reddit-billgates-post-1.posts,True,reddit-billgates-post-1.posts LastVisualChange opt cold fission webrender,,77,ms,firefox,,1789678204,2023-11-07 23:09:36,491.6,146ef5c46755802d7609ece035e0115301c936bd,1328770,,,,,,,,,,,,,,,,,,,,,,,,,,,,,,,,,,,,,,,,,,,,,,,,,,,,,,,,,,,,,TN,TN
autoland,4060512,13,77a9707257b88d3b15060667769a2def98a71cff,windows10-64-shippable-qr,True,False,,|c|o|l|d| |f|i|s|s|i|o|n| |i|n|t|e|r|a|c|t|i|v|e| |w|e|b|r|e|n|d|e|r|,102210fe594ee9b33d82058545b1ed14f4c8206e,LastVisualChange,reddit-billgates-post-1.posts,True,reddit-billgates-post-1.posts LastVisualChange opt cold fission webrender,,77,ms,firefox,,1790685557,2023-11-08 00:10:31,528.8,bf0c12a3c9849d9076678237eb16ad1452df16bd,1328803,,,,,,,,,,,,,,,,,,,,,,,,,,,,,,,,,,,,,,,,,,,,,,,,,,,,,,,,,,,,,TN,TN
autoland,4060512,13,77a9707257b88d3b15060667769a2def98a71cff,windows10-64-shippable-qr,True,False,,|c|o|l|d| |f|i|s|s|i|o|n| |i|n|t|e|r|a|c|t|i|v|e| |w|e|b|r|e|n|d|e|r|,102210fe594ee9b33d82058545b1ed14f4c8206e,LastVisualChange,reddit-billgates-post-1.posts,True,reddit-billgates-post-1.posts LastVisualChange opt cold fission webrender,,77,ms,firefox,,1790645328,2023-11-08 00:11:37,523.9,36cd4787833aa50ad51341da086befe9ab591119,1328804,,,,,,,,,,,,,,,,,,,,,,,,,,,,,,,,,,,,,,,,,,,,,,,,,,,,,,,,,,,,,TN,TN
autoland,4060512,13,77a9707257b88d3b15060667769a2def98a71cff,windows10-64-shippable-qr,True,False,,|c|o|l|d| |f|i|s|s|i|o|n| |i|n|t|e|r|a|c|t|i|v|e| |w|e|b|r|e|n|d|e|r|,102210fe594ee9b33d82058545b1ed14f4c8206e,LastVisualChange,reddit-billgates-post-1.posts,True,reddit-billgates-post-1.posts LastVisualChange opt cold fission webrender,,77,ms,firefox,,1789703081,2023-11-08 00:15:37,545.9,54f6a0fa6c5ffe3ce0a5f981a4cdedc058256898,1328812,,,,,,,,,,,,,,,,,,,,,,,,,,,,,,,,,,,,,,,,,,,,,,,,,,,,,,,,,,,,,TN,TN
autoland,4060512,13,77a9707257b88d3b15060667769a2def98a71cff,windows10-64-shippable-qr,True,False,,|c|o|l|d| |f|i|s|s|i|o|n| |i|n|t|e|r|a|c|t|i|v|e| |w|e|b|r|e|n|d|e|r|,102210fe594ee9b33d82058545b1ed14f4c8206e,LastVisualChange,reddit-billgates-post-1.posts,True,reddit-billgates-post-1.posts LastVisualChange opt cold fission webrender,,77,ms,firefox,,1789874713,2023-11-08 05:24:12,502.8,68721f0d6aec0facf9c8f271ea2bb2719348014a,1328912,,,,,,,,,,,,,,,,,,,,,,,,,,,,,,,,,,,,,,,,,,,,,,,,,,,,,,,,,,,,,TN,TN
autoland,4060512,13,77a9707257b88d3b15060667769a2def98a71cff,windows10-64-shippable-qr,True,False,,|c|o|l|d| |f|i|s|s|i|o|n| |i|n|t|e|r|a|c|t|i|v|e| |w|e|b|r|e|n|d|e|r|,102210fe594ee9b33d82058545b1ed14f4c8206e,LastVisualChange,reddit-billgates-post-1.posts,True,reddit-billgates-post-1.posts LastVisualChange opt cold fission webrender,,77,ms,firefox,,1789997412,2023-11-08 09:44:01,506.2,578787894d0e996af4d743caf71b5501330fb2ab,1328973,,,,,,,,,,,,,,,,,,,,,,,,,,,,,,,,,,,,,,,,,,,,,,,,,,,,,,,,,,,,,TN,TN
autoland,4060512,13,77a9707257b88d3b15060667769a2def98a71cff,windows10-64-shippable-qr,True,False,,|c|o|l|d| |f|i|s|s|i|o|n| |i|n|t|e|r|a|c|t|i|v|e| |w|e|b|r|e|n|d|e|r|,102210fe594ee9b33d82058545b1ed14f4c8206e,LastVisualChange,reddit-billgates-post-1.posts,True,reddit-billgates-post-1.posts LastVisualChange opt cold fission webrender,,77,ms,firefox,,1790017450,2023-11-08 09:46:58,495.5,e65fca949600e3163fd1befd6423958e0bc70029,1328975,,,,,,,,,,,,,,,,,,,,,,,,,,,,,,,,,,,,,,,,,,,,,,,,,,,,,,,,,,,,,TN,TN
autoland,4060512,13,77a9707257b88d3b15060667769a2def98a71cff,windows10-64-shippable-qr,True,False,,|c|o|l|d| |f|i|s|s|i|o|n| |i|n|t|e|r|a|c|t|i|v|e| |w|e|b|r|e|n|d|e|r|,102210fe594ee9b33d82058545b1ed14f4c8206e,LastVisualChange,reddit-billgates-post-1.posts,True,reddit-billgates-post-1.posts LastVisualChange opt cold fission webrender,,77,ms,firefox,,1790674837,2023-11-08 11:14:55,484.0,41529cdc86384f74205666f1f5b781a95de98e58,1329030,,,,,,,,,,,,,,,,,,,,,,,,,,,,,,,,,,,,,,,,,,,,,,,,,,,,,,,,,,,,,TN,TN
autoland,4060512,13,77a9707257b88d3b15060667769a2def98a71cff,windows10-64-shippable-qr,True,False,,|c|o|l|d| |f|i|s|s|i|o|n| |i|n|t|e|r|a|c|t|i|v|e| |w|e|b|r|e|n|d|e|r|,102210fe594ee9b33d82058545b1ed14f4c8206e,LastVisualChange,reddit-billgates-post-1.posts,True,reddit-billgates-post-1.posts LastVisualChange opt cold fission webrender,,77,ms,firefox,,1790727602,2023-11-08 11:17:38,501.5,008d97a8a9a984bfdc4a96e3ce3340b1b4e998ce,1329031,,,,,,,,,,,,,,,,,,,,,,,,,,,,,,,,,,,,,,,,,,,,,,,,,,,,,,,,,,,,,TN,TN
autoland,4060512,13,77a9707257b88d3b15060667769a2def98a71cff,windows10-64-shippable-qr,True,False,,|c|o|l|d| |f|i|s|s|i|o|n| |i|n|t|e|r|a|c|t|i|v|e| |w|e|b|r|e|n|d|e|r|,102210fe594ee9b33d82058545b1ed14f4c8206e,LastVisualChange,reddit-billgates-post-1.posts,True,reddit-billgates-post-1.posts LastVisualChange opt cold fission webrender,,77,ms,firefox,,1790118221,2023-11-08 13:41:28,519.2,ae536a17c1ffbb830141240a38f81e032b6645ea,1329115,,,,,,,,,,,,,,,,,,,,,,,,,,,,,,,,,,,,,,,,,,,,,,,,,,,,,,,,,,,,,TN,TN
autoland,4060512,13,77a9707257b88d3b15060667769a2def98a71cff,windows10-64-shippable-qr,True,False,,|c|o|l|d| |f|i|s|s|i|o|n| |i|n|t|e|r|a|c|t|i|v|e| |w|e|b|r|e|n|d|e|r|,102210fe594ee9b33d82058545b1ed14f4c8206e,LastVisualChange,reddit-billgates-post-1.posts,True,reddit-billgates-post-1.posts LastVisualChange opt cold fission webrender,,77,ms,firefox,,1790194188,2023-11-08 17:45:21,515.6,f1fb5f0afb5896b5c30e6a9b1439a9c4de4a3db2,1329261,,,,,,,,,,,,,,,,,,,,,,,,,,,,,,,,,,,,,,,,,,,,,,,,,,,,,,,,,,,,,TN,TN
autoland,4060512,13,77a9707257b88d3b15060667769a2def98a71cff,windows10-64-shippable-qr,True,False,,|c|o|l|d| |f|i|s|s|i|o|n| |i|n|t|e|r|a|c|t|i|v|e| |w|e|b|r|e|n|d|e|r|,102210fe594ee9b33d82058545b1ed14f4c8206e,LastVisualChange,reddit-billgates-post-1.posts,True,reddit-billgates-post-1.posts LastVisualChange opt cold fission webrender,,77,ms,firefox,,1790451196,2023-11-08 23:10:55,491.6,9b044e3ed5981e128922152098934a6691bfcd97,1329500,,,,,,,,,,,,,,,,,,,,,,,,,,,,,,,,,,,,,,,,,,,,,,,,,,,,,,,,,,,,,TN,TN
autoland,4060512,13,77a9707257b88d3b15060667769a2def98a71cff,windows10-64-shippable-qr,True,False,,|c|o|l|d| |f|i|s|s|i|o|n| |i|n|t|e|r|a|c|t|i|v|e| |w|e|b|r|e|n|d|e|r|,102210fe594ee9b33d82058545b1ed14f4c8206e,LastVisualChange,reddit-billgates-post-1.posts,True,reddit-billgates-post-1.posts LastVisualChange opt cold fission webrender,,77,ms,firefox,,1790429508,2023-11-09 00:04:05,505.1,fd3f50f4dce00592f4da8f972037ced4a0c9f5be,1329532,,,,,,,,,,,,,,,,,,,,,,,,,,,,,,,,,,,,,,,,,,,,,,,,,,,,,,,,,,,,,TN,TN
autoland,4060512,13,77a9707257b88d3b15060667769a2def98a71cff,windows10-64-shippable-qr,True,False,,|c|o|l|d| |f|i|s|s|i|o|n| |i|n|t|e|r|a|c|t|i|v|e| |w|e|b|r|e|n|d|e|r|,102210fe594ee9b33d82058545b1ed14f4c8206e,LastVisualChange,reddit-billgates-post-1.posts,True,reddit-billgates-post-1.posts LastVisualChange opt cold fission webrender,,77,ms,firefox,,1790596670,2023-11-09 04:14:58,500.8,975206b939dc6e4f823a1a29c703dd586e4157b9,1329628,,,,,,,,,,,,,,,,,,,,,,,,,,,,,,,,,,,,,,,,,,,,,,,,,,,,,,,,,,,,,TN,TN
autoland,4060512,13,77a9707257b88d3b15060667769a2def98a71cff,windows10-64-shippable-qr,True,False,,|c|o|l|d| |f|i|s|s|i|o|n| |i|n|t|e|r|a|c|t|i|v|e| |w|e|b|r|e|n|d|e|r|,102210fe594ee9b33d82058545b1ed14f4c8206e,LastVisualChange,reddit-billgates-post-1.posts,True,reddit-billgates-post-1.posts LastVisualChange opt cold fission webrender,,77,ms,firefox,,1790749921,2023-11-09 08:18:01,511.9,d0c4fdebcd36de1f0361cb29103afbf36e498521,1329688,,,,,,,,,,,,,,,,,,,,,,,,,,,,,,,,,,,,,,,,,,,,,,,,,,,,,,,,,,,,,TN,TN
autoland,4060512,13,77a9707257b88d3b15060667769a2def98a71cff,windows10-64-shippable-qr,True,False,,|c|o|l|d| |f|i|s|s|i|o|n| |i|n|t|e|r|a|c|t|i|v|e| |w|e|b|r|e|n|d|e|r|,102210fe594ee9b33d82058545b1ed14f4c8206e,LastVisualChange,reddit-billgates-post-1.posts,True,reddit-billgates-post-1.posts LastVisualChange opt cold fission webrender,,77,ms,firefox,,1790766178,2023-11-09 08:32:31,525.0,5392006086fa6f66b9c2f5919b8c65d04cf44936,1329693,,,,,,,,,,,,,,,,,,,,,,,,,,,,,,,,,,,,,,,,,,,,,,,,,,,,,,,,,,,,,TN,TN
autoland,4060512,13,77a9707257b88d3b15060667769a2def98a71cff,windows10-64-shippable-qr,True,False,,|c|o|l|d| |f|i|s|s|i|o|n| |i|n|t|e|r|a|c|t|i|v|e| |w|e|b|r|e|n|d|e|r|,102210fe594ee9b33d82058545b1ed14f4c8206e,LastVisualChange,reddit-billgates-post-1.posts,True,reddit-billgates-post-1.posts LastVisualChange opt cold fission webrender,,77,ms,firefox,,1791003666,2023-11-09 12:39:55,538.6,0d25aa82c9421a1a0e1d9bf224094a9feaa083c0,1329818,,,,,,,,,,,,,,,,,,,,,,,,,,,,,,,,,,,,,,,,,,,,,,,,,,,,,,,,,,,,,TN,TN
autoland,4060512,13,77a9707257b88d3b15060667769a2def98a71cff,windows10-64-shippable-qr,True,False,,|c|o|l|d| |f|i|s|s|i|o|n| |i|n|t|e|r|a|c|t|i|v|e| |w|e|b|r|e|n|d|e|r|,102210fe594ee9b33d82058545b1ed14f4c8206e,LastVisualChange,reddit-billgates-post-1.posts,True,reddit-billgates-post-1.posts LastVisualChange opt cold fission webrender,,77,ms,firefox,,1791183035,2023-11-09 13:52:13,518.6,af9d30c92582a30a1e7987079e780e59aa69ab7b,1329843,,,,,,,,,,,,,,,,,,,,,,,,,,,,,,,,,,,,,,,,,,,,,,,,,,,,,,,,,,,,,TN,TN
autoland,4060512,13,77a9707257b88d3b15060667769a2def98a71cff,windows10-64-shippable-qr,True,False,,|c|o|l|d| |f|i|s|s|i|o|n| |i|n|t|e|r|a|c|t|i|v|e| |w|e|b|r|e|n|d|e|r|,102210fe594ee9b33d82058545b1ed14f4c8206e,LastVisualChange,reddit-billgates-post-1.posts,True,reddit-billgates-post-1.posts LastVisualChange opt cold fission webrender,,77,ms,firefox,,1791215615,2023-11-09 18:06:54,528.6,1eda7f37f458e81d7c275eb0a3e1959cdfdb5053,1329987,,,,,,,,,,,,,,,,,,,,,,,,,,,,,,,,,,,,,,,,,,,,,,,,,,,,,,,,,,,,,TN,TN
autoland,4060512,13,77a9707257b88d3b15060667769a2def98a71cff,windows10-64-shippable-qr,True,False,,|c|o|l|d| |f|i|s|s|i|o|n| |i|n|t|e|r|a|c|t|i|v|e| |w|e|b|r|e|n|d|e|r|,102210fe594ee9b33d82058545b1ed14f4c8206e,LastVisualChange,reddit-billgates-post-1.posts,True,reddit-billgates-post-1.posts LastVisualChange opt cold fission webrender,,77,ms,firefox,,1791316648,2023-11-09 18:57:17,515.4,938e6fc607623834483a5ab95019520814f10ee8,1330029,,,,,,,,,,,,,,,,,,,,,,,,,,,,,,,,,,,,,,,,,,,,,,,,,,,,,,,,,,,,,TN,TN
autoland,4060512,13,77a9707257b88d3b15060667769a2def98a71cff,windows10-64-shippable-qr,True,False,,|c|o|l|d| |f|i|s|s|i|o|n| |i|n|t|e|r|a|c|t|i|v|e| |w|e|b|r|e|n|d|e|r|,102210fe594ee9b33d82058545b1ed14f4c8206e,LastVisualChange,reddit-billgates-post-1.posts,True,reddit-billgates-post-1.posts LastVisualChange opt cold fission webrender,,77,ms,firefox,,1791379406,2023-11-09 23:53:27,532.3,d3aff5d6c69730c6f26eb54b7e24fdd203480069,1330185,,,,,,,,,,,,,,,,,,,,,,,,,,,,,,,,,,,,,,,,,,,,,,,,,,,,,,,,,,,,,TN,TN
autoland,4060512,13,77a9707257b88d3b15060667769a2def98a71cff,windows10-64-shippable-qr,True,False,,|c|o|l|d| |f|i|s|s|i|o|n| |i|n|t|e|r|a|c|t|i|v|e| |w|e|b|r|e|n|d|e|r|,102210fe594ee9b33d82058545b1ed14f4c8206e,LastVisualChange,reddit-billgates-post-1.posts,True,reddit-billgates-post-1.posts LastVisualChange opt cold fission webrender,,77,ms,firefox,,1791385696,2023-11-10 00:18:00,538.3,543c915fc8c6775cd665ad6ebe58df0f46e9198c,1330200,,,,,,,,,,,,,,,,,,,,,,,,,,,,,,,,,,,,,,,,,,,,,,,,,,,,,,,,,,,,,TN,TN
autoland,4060512,13,77a9707257b88d3b15060667769a2def98a71cff,windows10-64-shippable-qr,True,False,,|c|o|l|d| |f|i|s|s|i|o|n| |i|n|t|e|r|a|c|t|i|v|e| |w|e|b|r|e|n|d|e|r|,102210fe594ee9b33d82058545b1ed14f4c8206e,LastVisualChange,reddit-billgates-post-1.posts,True,reddit-billgates-post-1.posts LastVisualChange opt cold fission webrender,,77,ms,firefox,,1791603551,2023-11-10 06:00:15,515.2,5fcc529533b87c657e0dd95ea8cdd37f7cbac5c0,1330263,,,,,,,,,,,,,,,,,,,,,,,,,,,,,,,,,,,,,,,,,,,,,,,,,,,,,,,,,,,,,TN,TN
autoland,4060512,13,77a9707257b88d3b15060667769a2def98a71cff,windows10-64-shippable-qr,True,False,,|c|o|l|d| |f|i|s|s|i|o|n| |i|n|t|e|r|a|c|t|i|v|e| |w|e|b|r|e|n|d|e|r|,102210fe594ee9b33d82058545b1ed14f4c8206e,LastVisualChange,reddit-billgates-post-1.posts,True,reddit-billgates-post-1.posts LastVisualChange opt cold fission webrender,,77,ms,firefox,,1791819515,2023-11-10 10:16:47,515.6,2033848fe740a46b19d19b2689365e6d5122d399,1330353,,,,,,,,,,,,,,,,,,,,,,,,,,,,,,,,,,,,,,,,,,,,,,,,,,,,,,,,,,,,,TN,TN
autoland,4060512,13,77a9707257b88d3b15060667769a2def98a71cff,windows10-64-shippable-qr,True,False,,|c|o|l|d| |f|i|s|s|i|o|n| |i|n|t|e|r|a|c|t|i|v|e| |w|e|b|r|e|n|d|e|r|,102210fe594ee9b33d82058545b1ed14f4c8206e,LastVisualChange,reddit-billgates-post-1.posts,True,reddit-billgates-post-1.posts LastVisualChange opt cold fission webrender,,77,ms,firefox,,1791914013,2023-11-10 14:18:06,530.8,e2c6fa08aa82b40d8316fc19e08ea45be70e9292,1330451,,,,,,,,,,,,,,,,,,,,,,,,,,,,,,,,,,,,,,,,,,,,,,,,,,,,,,,,,,,,,TN,TN
autoland,4060512,13,77a9707257b88d3b15060667769a2def98a71cff,windows10-64-shippable-qr,True,False,,|c|o|l|d| |f|i|s|s|i|o|n| |i|n|t|e|r|a|c|t|i|v|e| |w|e|b|r|e|n|d|e|r|,102210fe594ee9b33d82058545b1ed14f4c8206e,LastVisualChange,reddit-billgates-post-1.posts,True,reddit-billgates-post-1.posts LastVisualChange opt cold fission webrender,,77,ms,firefox,,1792234839,2023-11-10 14:36:50,541.5,5333a7b4673f82c2a84b3bf4e2547ca4b7f058f1,1330458,,,,,,,,,,,,,,,,,,,,,,,,,,,,,,,,,,,,,,,,,,,,,,,,,,,,,,,,,,,,,TN,TN
autoland,4060512,13,77a9707257b88d3b15060667769a2def98a71cff,windows10-64-shippable-qr,True,False,,|c|o|l|d| |f|i|s|s|i|o|n| |i|n|t|e|r|a|c|t|i|v|e| |w|e|b|r|e|n|d|e|r|,102210fe594ee9b33d82058545b1ed14f4c8206e,LastVisualChange,reddit-billgates-post-1.posts,True,reddit-billgates-post-1.posts LastVisualChange opt cold fission webrender,,77,ms,firefox,,1792255099,2023-11-10 14:39:32,514.9,b2f6c4b727ceb6bc9b6101de6557ff283ca94816,1330462,,,,,,,,,,,,,,,,,,,,,,,,,,,,,,,,,,,,,,,,,,,,,,,,,,,,,,,,,,,,,TN,TN
autoland,4060512,13,77a9707257b88d3b15060667769a2def98a71cff,windows10-64-shippable-qr,True,False,,|c|o|l|d| |f|i|s|s|i|o|n| |i|n|t|e|r|a|c|t|i|v|e| |w|e|b|r|e|n|d|e|r|,102210fe594ee9b33d82058545b1ed14f4c8206e,LastVisualChange,reddit-billgates-post-1.posts,True,reddit-billgates-post-1.posts LastVisualChange opt cold fission webrender,,77,ms,firefox,,1791930468,2023-11-10 14:48:51,539.2,f90b853d9b0b112db86ff41fcce843afb13939ce,1330467,,,,,,,,,,,,,,,,,,,,,,,,,,,,,,,,,,,,,,,,,,,,,,,,,,,,,,,,,,,,,TN,TN
autoland,4060512,13,77a9707257b88d3b15060667769a2def98a71cff,windows10-64-shippable-qr,True,False,,|c|o|l|d| |f|i|s|s|i|o|n| |i|n|t|e|r|a|c|t|i|v|e| |w|e|b|r|e|n|d|e|r|,102210fe594ee9b33d82058545b1ed14f4c8206e,LastVisualChange,reddit-billgates-post-1.posts,True,reddit-billgates-post-1.posts LastVisualChange opt cold fission webrender,,77,ms,firefox,,1792129996,2023-11-10 23:46:31,521.6,740891aba7f0d05a95960669bd6efe7b25177226,1330635,,,,,,,,,,,,,,,,,,,,,,,,,,,,,,,,,,,,,,,,,,,,,,,,,,,,,,,,,,,,,TN,TN
autoland,4060512,13,77a9707257b88d3b15060667769a2def98a71cff,windows10-64-shippable-qr,True,False,,|c|o|l|d| |f|i|s|s|i|o|n| |i|n|t|e|r|a|c|t|i|v|e| |w|e|b|r|e|n|d|e|r|,102210fe594ee9b33d82058545b1ed14f4c8206e,LastVisualChange,reddit-billgates-post-1.posts,True,reddit-billgates-post-1.posts LastVisualChange opt cold fission webrender,,77,ms,firefox,,1792300293,2023-11-11 06:55:04,515.7,94bbd4bd056a20549029ecbc07c9a4b5da968789,1330673,,,,,,,,,,,,,,,,,,,,,,,,,,,,,,,,,,,,,,,,,,,,,,,,,,,,,,,,,,,,,TN,TN
autoland,4060512,13,77a9707257b88d3b15060667769a2def98a71cff,windows10-64-shippable-qr,True,False,,|c|o|l|d| |f|i|s|s|i|o|n| |i|n|t|e|r|a|c|t|i|v|e| |w|e|b|r|e|n|d|e|r|,102210fe594ee9b33d82058545b1ed14f4c8206e,LastVisualChange,reddit-billgates-post-1.posts,True,reddit-billgates-post-1.posts LastVisualChange opt cold fission webrender,,77,ms,firefox,,1792330219,2023-11-11 08:27:10,542.5,29fb30143955ee92cd789fd467326c47f82f7968,1330680,,,,,,,,,,,,,,,,,,,,,,,,,,,,,,,,,,,,,,,,,,,,,,,,,,,,,,,,,,,,,TN,TN
autoland,4060512,13,77a9707257b88d3b15060667769a2def98a71cff,windows10-64-shippable-qr,True,False,,|c|o|l|d| |f|i|s|s|i|o|n| |i|n|t|e|r|a|c|t|i|v|e| |w|e|b|r|e|n|d|e|r|,102210fe594ee9b33d82058545b1ed14f4c8206e,LastVisualChange,reddit-billgates-post-1.posts,True,reddit-billgates-post-1.posts LastVisualChange opt cold fission webrender,,77,ms,firefox,,1792433797,2023-11-11 12:34:55,539.0,81243364a707b159122b0c5ee8e682567162117c,1330712,,,,,,,,,,,,,,,,,,,,,,,,,,,,,,,,,,,,,,,,,,,,,,,,,,,,,,,,,,,,,TN,TN
autoland,4060512,13,77a9707257b88d3b15060667769a2def98a71cff,windows10-64-shippable-qr,True,False,,|c|o|l|d| |f|i|s|s|i|o|n| |i|n|t|e|r|a|c|t|i|v|e| |w|e|b|r|e|n|d|e|r|,102210fe594ee9b33d82058545b1ed14f4c8206e,LastVisualChange,reddit-billgates-post-1.posts,True,reddit-billgates-post-1.posts LastVisualChange opt cold fission webrender,,77,ms,firefox,,1792716213,2023-11-11 23:06:06,547.6,3c8320ef59532128e1a7589968f497f0efcabbaf,1330750,,,,,,,,,,,,,,,,,,,,,,,,,,,,,,,,,,,,,,,,,,,,,,,,,,,,,,,,,,,,,TN,TN
autoland,4060512,13,77a9707257b88d3b15060667769a2def98a71cff,windows10-64-shippable-qr,True,False,,|c|o|l|d| |f|i|s|s|i|o|n| |i|n|t|e|r|a|c|t|i|v|e| |w|e|b|r|e|n|d|e|r|,102210fe594ee9b33d82058545b1ed14f4c8206e,LastVisualChange,reddit-billgates-post-1.posts,True,reddit-billgates-post-1.posts LastVisualChange opt cold fission webrender,,77,ms,firefox,,1792791251,2023-11-12 05:45:19,521.9,43bee97ffb8cfcea7412fb86386ea2cb2a1b9b49,1330766,,,,,,,,,,,,,,,,,,,,,,,,,,,,,,,,,,,,,,,,,,,,,,,,,,,,,,,,,,,,,TN,TN
autoland,4060512,13,77a9707257b88d3b15060667769a2def98a71cff,windows10-64-shippable-qr,True,False,,|c|o|l|d| |f|i|s|s|i|o|n| |i|n|t|e|r|a|c|t|i|v|e| |w|e|b|r|e|n|d|e|r|,102210fe594ee9b33d82058545b1ed14f4c8206e,LastVisualChange,reddit-billgates-post-1.posts,True,reddit-billgates-post-1.posts LastVisualChange opt cold fission webrender,,77,ms,firefox,,1793080658,2023-11-13 00:59:12,526.7,211dc86c8f534a950af69434fa996976b566a6a0,1330865,,,,,,,,,,,,,,,,,,,,,,,,,,,,,,,,,,,,,,,,,,,,,,,,,,,,,,,,,,,,,TN,TN
autoland,4060512,13,77a9707257b88d3b15060667769a2def98a71cff,windows10-64-shippable-qr,True,False,,|c|o|l|d| |f|i|s|s|i|o|n| |i|n|t|e|r|a|c|t|i|v|e| |w|e|b|r|e|n|d|e|r|,102210fe594ee9b33d82058545b1ed14f4c8206e,LastVisualChange,reddit-billgates-post-1.posts,True,reddit-billgates-post-1.posts LastVisualChange opt cold fission webrender,,77,ms,firefox,,1793262585,2023-11-13 10:08:58,522.0,25308a5c7e551cda7c3cfd77836eff8610462eae,1330949,,,,,,,,,,,,,,,,,,,,,,,,,,,,,,,,,,,,,,,,,,,,,,,,,,,,,,,,,,,,,TN,TN
autoland,4060512,13,77a9707257b88d3b15060667769a2def98a71cff,windows10-64-shippable-qr,True,False,,|c|o|l|d| |f|i|s|s|i|o|n| |i|n|t|e|r|a|c|t|i|v|e| |w|e|b|r|e|n|d|e|r|,102210fe594ee9b33d82058545b1ed14f4c8206e,LastVisualChange,reddit-billgates-post-1.posts,True,reddit-billgates-post-1.posts LastVisualChange opt cold fission webrender,,77,ms,firefox,,1793788660,2023-11-13 13:46:12,512.7,076ac3911ce97e80547b7576a608d0faf34afa0b,1331038,,,,,,,,,,,,,,,,,,,,,,,,,,,,,,,,,,,,,,,,,,,,,,,,,,,,,,,,,,,,,TN,TN
autoland,4060512,13,77a9707257b88d3b15060667769a2def98a71cff,windows10-64-shippable-qr,True,False,,|c|o|l|d| |f|i|s|s|i|o|n| |i|n|t|e|r|a|c|t|i|v|e| |w|e|b|r|e|n|d|e|r|,102210fe594ee9b33d82058545b1ed14f4c8206e,LastVisualChange,reddit-billgates-post-1.posts,True,reddit-billgates-post-1.posts LastVisualChange opt cold fission webrender,,77,ms,firefox,,1793828389,2023-11-13 13:55:57,509.2,3344f9adce95adb868093dd5732c536e6d291805,1331044,,,,,,,,,,,,,,,,,,,,,,,,,,,,,,,,,,,,,,,,,,,,,,,,,,,,,,,,,,,,,TN,TN
autoland,4060512,13,77a9707257b88d3b15060667769a2def98a71cff,windows10-64-shippable-qr,True,False,,|c|o|l|d| |f|i|s|s|i|o|n| |i|n|t|e|r|a|c|t|i|v|e| |w|e|b|r|e|n|d|e|r|,102210fe594ee9b33d82058545b1ed14f4c8206e,LastVisualChange,reddit-billgates-post-1.posts,True,reddit-billgates-post-1.posts LastVisualChange opt cold fission webrender,,77,ms,firefox,,1793807902,2023-11-13 14:06:51,521.5,69230ff99fdf9f440bef8c61123bce26e14c86b0,1331048,,,,,,,,,,,,,,,,,,,,,,,,,,,,,,,,,,,,,,,,,,,,,,,,,,,,,,,,,,,,,TN,TN
autoland,4060512,13,77a9707257b88d3b15060667769a2def98a71cff,windows10-64-shippable-qr,True,False,,|c|o|l|d| |f|i|s|s|i|o|n| |i|n|t|e|r|a|c|t|i|v|e| |w|e|b|r|e|n|d|e|r|,102210fe594ee9b33d82058545b1ed14f4c8206e,LastVisualChange,reddit-billgates-post-1.posts,True,reddit-billgates-post-1.posts LastVisualChange opt cold fission webrender,,77,ms,firefox,,1793459554,2023-11-13 14:09:58,525.4,54d191b31d03235c75592d07a8c538749933a18f,1331049,,,,,,,,,,,,,,,,,,,,,,,,,,,,,,,,,,,,,,,,,,,,,,,,,,,,,,,,,,,,,TN,TN
autoland,4060512,13,77a9707257b88d3b15060667769a2def98a71cff,windows10-64-shippable-qr,True,False,,|c|o|l|d| |f|i|s|s|i|o|n| |i|n|t|e|r|a|c|t|i|v|e| |w|e|b|r|e|n|d|e|r|,102210fe594ee9b33d82058545b1ed14f4c8206e,LastVisualChange,reddit-billgates-post-1.posts,True,reddit-billgates-post-1.posts LastVisualChange opt cold fission webrender,,77,ms,firefox,,1793389931,2023-11-13 15:01:04,520.2,70f361f21a24a6e9fc53cb014e28172d360fa851,1331086,,,,,,,,,,,,,,,,,,,,,,,,,,,,,,,,,,,,,,,,,,,,,,,,,,,,,,,,,,,,,TN,TN
autoland,4060512,13,77a9707257b88d3b15060667769a2def98a71cff,windows10-64-shippable-qr,True,False,,|c|o|l|d| |f|i|s|s|i|o|n| |i|n|t|e|r|a|c|t|i|v|e| |w|e|b|r|e|n|d|e|r|,102210fe594ee9b33d82058545b1ed14f4c8206e,LastVisualChange,reddit-billgates-post-1.posts,True,reddit-billgates-post-1.posts LastVisualChange opt cold fission webrender,,77,ms,firefox,,1793560345,2023-11-13 18:41:52,498.7,9850dc0fc0707517b3a304d673f219842e499cac,1331218,,,,,,,,,,,,,,,,,,,,,,,,,,,,,,,,,,,,,,,,,,,,,,,,,,,,,,,,,,,,,TN,TN
autoland,4060512,13,77a9707257b88d3b15060667769a2def98a71cff,windows10-64-shippable-qr,True,False,,|c|o|l|d| |f|i|s|s|i|o|n| |i|n|t|e|r|a|c|t|i|v|e| |w|e|b|r|e|n|d|e|r|,102210fe594ee9b33d82058545b1ed14f4c8206e,LastVisualChange,reddit-billgates-post-1.posts,True,reddit-billgates-post-1.posts LastVisualChange opt cold fission webrender,,77,ms,firefox,,1793703994,2023-11-13 22:35:59,521.3,9d523f46c7d8642d6601894c5166ddcd17b6388a,1331378,,,,,,,,,,,,,,,,,,,,,,,,,,,,,,,,,,,,,,,,,,,,,,,,,,,,,,,,,,,,,TN,TN
autoland,4060512,13,77a9707257b88d3b15060667769a2def98a71cff,windows10-64-shippable-qr,True,False,,|c|o|l|d| |f|i|s|s|i|o|n| |i|n|t|e|r|a|c|t|i|v|e| |w|e|b|r|e|n|d|e|r|,102210fe594ee9b33d82058545b1ed14f4c8206e,LastVisualChange,reddit-billgates-post-1.posts,True,reddit-billgates-post-1.posts LastVisualChange opt cold fission webrender,,77,ms,firefox,,1793760179,2023-11-14 03:20:13,532.6,2628fd55e661366941f56769829687c53da4669b,1331480,,,,,,,,,,,,,,,,,,,,,,,,,,,,,,,,,,,,,,,,,,,,,,,,,,,,,,,,,,,,,TN,TN
autoland,4060512,13,77a9707257b88d3b15060667769a2def98a71cff,windows10-64-shippable-qr,True,False,,|c|o|l|d| |f|i|s|s|i|o|n| |i|n|t|e|r|a|c|t|i|v|e| |w|e|b|r|e|n|d|e|r|,102210fe594ee9b33d82058545b1ed14f4c8206e,LastVisualChange,reddit-billgates-post-1.posts,True,reddit-billgates-post-1.posts LastVisualChange opt cold fission webrender,,77,ms,firefox,,1793884051,2023-11-14 06:06:45,518.1,acdcddac0b907d2e59d6d0fa1f96fff98453093a,1331509,,,,,,,,,,,,,,,,,,,,,,,,,,,,,,,,,,,,,,,,,,,,,,,,,,,,,,,,,,,,,TN,TN
autoland,4060512,13,77a9707257b88d3b15060667769a2def98a71cff,windows10-64-shippable-qr,True,False,,|c|o|l|d| |f|i|s|s|i|o|n| |i|n|t|e|r|a|c|t|i|v|e| |w|e|b|r|e|n|d|e|r|,102210fe594ee9b33d82058545b1ed14f4c8206e,LastVisualChange,reddit-billgates-post-1.posts,True,reddit-billgates-post-1.posts LastVisualChange opt cold fission webrender,,77,ms,firefox,,1794089891,2023-11-14 15:09:42,531.1,cb79861638fa94cb8c4df5b5e303dc4bd22f762c,1331752,,,,,,,,,,,,,,,,,,,,,,,,,,,,,,,,,,,,,,,,,,,,,,,,,,,,,,,,,,,,,TN,TN
autoland,4060512,13,77a9707257b88d3b15060667769a2def98a71cff,windows10-64-shippable-qr,True,False,,|c|o|l|d| |f|i|s|s|i|o|n| |i|n|t|e|r|a|c|t|i|v|e| |w|e|b|r|e|n|d|e|r|,102210fe594ee9b33d82058545b1ed14f4c8206e,LastVisualChange,reddit-billgates-post-1.posts,True,reddit-billgates-post-1.posts LastVisualChange opt cold fission webrender,,77,ms,firefox,,1794100722,2023-11-14 15:18:46,552.1,1d700517893b09ca1438b9111ea148a71e7398ae,1331762,,,,,,,,,,,,,,,,,,,,,,,,,,,,,,,,,,,,,,,,,,,,,,,,,,,,,,,,,,,,,TN,TN
autoland,4060512,13,77a9707257b88d3b15060667769a2def98a71cff,windows10-64-shippable-qr,True,False,,|c|o|l|d| |f|i|s|s|i|o|n| |i|n|t|e|r|a|c|t|i|v|e| |w|e|b|r|e|n|d|e|r|,102210fe594ee9b33d82058545b1ed14f4c8206e,LastVisualChange,reddit-billgates-post-1.posts,True,reddit-billgates-post-1.posts LastVisualChange opt cold fission webrender,,77,ms,firefox,,1794210312,2023-11-14 18:32:45,529.3,cee24679e2a2e085bdefdbd66106fa1a805db56d,1331906,,,,,,,,,,,,,,,,,,,,,,,,,,,,,,,,,,,,,,,,,,,,,,,,,,,,,,,,,,,,,TN,TN
autoland,4060512,13,77a9707257b88d3b15060667769a2def98a71cff,windows10-64-shippable-qr,True,False,,|c|o|l|d| |f|i|s|s|i|o|n| |i|n|t|e|r|a|c|t|i|v|e| |w|e|b|r|e|n|d|e|r|,102210fe594ee9b33d82058545b1ed14f4c8206e,LastVisualChange,reddit-billgates-post-1.posts,True,reddit-billgates-post-1.posts LastVisualChange opt cold fission webrender,,77,ms,firefox,,1794355905,2023-11-14 20:17:49,542.7,45f7ef4749636f24bbab519e5d4e3851950ccacc,1331971,,,,,,,,,,,,,,,,,,,,,,,,,,,,,,,,,,,,,,,,,,,,,,,,,,,,,,,,,,,,,TN,TN
autoland,4060512,13,77a9707257b88d3b15060667769a2def98a71cff,windows10-64-shippable-qr,True,False,,|c|o|l|d| |f|i|s|s|i|o|n| |i|n|t|e|r|a|c|t|i|v|e| |w|e|b|r|e|n|d|e|r|,102210fe594ee9b33d82058545b1ed14f4c8206e,LastVisualChange,reddit-billgates-post-1.posts,True,reddit-billgates-post-1.posts LastVisualChange opt cold fission webrender,,77,ms,firefox,,1794494659,2023-11-15 01:57:11,531.8,0083ca2f4709e599083520545d538d1ee1b8356d,1332132,,,,,,,,,,,,,,,,,,,,,,,,,,,,,,,,,,,,,,,,,,,,,,,,,,,,,,,,,,,,,TN,TN
autoland,4060512,13,77a9707257b88d3b15060667769a2def98a71cff,windows10-64-shippable-qr,True,False,,|c|o|l|d| |f|i|s|s|i|o|n| |i|n|t|e|r|a|c|t|i|v|e| |w|e|b|r|e|n|d|e|r|,102210fe594ee9b33d82058545b1ed14f4c8206e,LastVisualChange,reddit-billgates-post-1.posts,True,reddit-billgates-post-1.posts LastVisualChange opt cold fission webrender,,77,ms,firefox,,1794519770,2023-11-15 03:02:01,515.0,d9f2158d4d442a658bb2029948eeebd438457667,1332148,,,,,,,,,,,,,,,,,,,,,,,,,,,,,,,,,,,,,,,,,,,,,,,,,,,,,,,,,,,,,TN,TN
autoland,4060512,13,77a9707257b88d3b15060667769a2def98a71cff,windows10-64-shippable-qr,True,False,,|c|o|l|d| |f|i|s|s|i|o|n| |i|n|t|e|r|a|c|t|i|v|e| |w|e|b|r|e|n|d|e|r|,102210fe594ee9b33d82058545b1ed14f4c8206e,LastVisualChange,reddit-billgates-post-1.posts,True,reddit-billgates-post-1.posts LastVisualChange opt cold fission webrender,,77,ms,firefox,,1794608322,2023-11-15 07:02:46,520.7,d12a09b7c773efc37f5d0e37cc52339e25f07b6c,1332195,,,,,,,,,,,,,,,,,,,,,,,,,,,,,,,,,,,,,,,,,,,,,,,,,,,,,,,,,,,,,TN,TN
autoland,4060512,13,77a9707257b88d3b15060667769a2def98a71cff,windows10-64-shippable-qr,True,False,,|c|o|l|d| |f|i|s|s|i|o|n| |i|n|t|e|r|a|c|t|i|v|e| |w|e|b|r|e|n|d|e|r|,102210fe594ee9b33d82058545b1ed14f4c8206e,LastVisualChange,reddit-billgates-post-1.posts,True,reddit-billgates-post-1.posts LastVisualChange opt cold fission webrender,,77,ms,firefox,,1794763470,2023-11-15 12:47:49,509.1,571c293cedd28db6ac86fd553e2810f40e382e80,1332324,,,,,,,,,,,,,,,,,,,,,,,,,,,,,,,,,,,,,,,,,,,,,,,,,,,,,,,,,,,,,TN,TN
autoland,4060512,13,77a9707257b88d3b15060667769a2def98a71cff,windows10-64-shippable-qr,True,False,,|c|o|l|d| |f|i|s|s|i|o|n| |i|n|t|e|r|a|c|t|i|v|e| |w|e|b|r|e|n|d|e|r|,102210fe594ee9b33d82058545b1ed14f4c8206e,LastVisualChange,reddit-billgates-post-1.posts,True,reddit-billgates-post-1.posts LastVisualChange opt cold fission webrender,,77,ms,firefox,,1794850292,2023-11-15 15:33:52,516.2,58fc056d56521455bb36e7bd4fcce81222093c75,1332438,,,,,,,,,,,,,,,,,,,,,,,,,,,,,,,,,,,,,,,,,,,,,,,,,,,,,,,,,,,,,TN,TN
autoland,4060512,13,77a9707257b88d3b15060667769a2def98a71cff,windows10-64-shippable-qr,True,False,,|c|o|l|d| |f|i|s|s|i|o|n| |i|n|t|e|r|a|c|t|i|v|e| |w|e|b|r|e|n|d|e|r|,102210fe594ee9b33d82058545b1ed14f4c8206e,LastVisualChange,reddit-billgates-post-1.posts,True,reddit-billgates-post-1.posts LastVisualChange opt cold fission webrender,,77,ms,firefox,,1795184959,2023-11-15 16:29:36,532.0,497808953269f774584b606c234a60b31c92f137,1332499,,,,,,,,,,,,,,,,,,,,,,,,,,,,,,,,,,,,,,,,,,,,,,,,,,,,,,,,,,,,,TN,TN
autoland,4060512,13,77a9707257b88d3b15060667769a2def98a71cff,windows10-64-shippable-qr,True,False,,|c|o|l|d| |f|i|s|s|i|o|n| |i|n|t|e|r|a|c|t|i|v|e| |w|e|b|r|e|n|d|e|r|,102210fe594ee9b33d82058545b1ed14f4c8206e,LastVisualChange,reddit-billgates-post-1.posts,True,reddit-billgates-post-1.posts LastVisualChange opt cold fission webrender,,77,ms,firefox,,1795199553,2023-11-15 16:34:55,515.2,aa00d6d7589c4174ecfcf5332944aa8a8ee720c3,1332507,,,,,,,,,,,,,,,,,,,,,,,,,,,,,,,,,,,,,,,,,,,,,,,,,,,,,,,,,,,,,TN,TN
autoland,4060512,13,77a9707257b88d3b15060667769a2def98a71cff,windows10-64-shippable-qr,True,False,,|c|o|l|d| |f|i|s|s|i|o|n| |i|n|t|e|r|a|c|t|i|v|e| |w|e|b|r|e|n|d|e|r|,102210fe594ee9b33d82058545b1ed14f4c8206e,LastVisualChange,reddit-billgates-post-1.posts,True,reddit-billgates-post-1.posts LastVisualChange opt cold fission webrender,,77,ms,firefox,,1794861195,2023-11-15 16:43:35,527.3,a70ee84d8943b9a1eaaf0fb3a0df60a1595f5782,1332515,,,,,,,,,,,,,,,,,,,,,,,,,,,,,,,,,,,,,,,,,,,,,,,,,,,,,,,,,,,,,TN,TN
autoland,4060512,13,77a9707257b88d3b15060667769a2def98a71cff,windows10-64-shippable-qr,True,False,,|c|o|l|d| |f|i|s|s|i|o|n| |i|n|t|e|r|a|c|t|i|v|e| |w|e|b|r|e|n|d|e|r|,102210fe594ee9b33d82058545b1ed14f4c8206e,LastVisualChange,reddit-billgates-post-1.posts,True,reddit-billgates-post-1.posts LastVisualChange opt cold fission webrender,,77,ms,firefox,,1795133834,2023-11-15 23:08:22,549.5,eb78feb610e5d895bd63b81693cde56dd08d82df,1332792,,,,,,,,,,,,,,,,,,,,,,,,,,,,,,,,,,,,,,,,,,,,,,,,,,,,,,,,,,,,,TN,TN
autoland,4060512,13,77a9707257b88d3b15060667769a2def98a71cff,windows10-64-shippable-qr,True,False,,|c|o|l|d| |f|i|s|s|i|o|n| |i|n|t|e|r|a|c|t|i|v|e| |w|e|b|r|e|n|d|e|r|,102210fe594ee9b33d82058545b1ed14f4c8206e,LastVisualChange,reddit-billgates-post-1.posts,True,reddit-billgates-post-1.posts LastVisualChange opt cold fission webrender,,77,ms,firefox,,1795302375,2023-11-16 09:33:00,515.1,ffd7ebdedeacec6717a3e8904121052ebbe61fe6,1332997,,,,,,,,,,,,,,,,,,,,,,,,,,,,,,,,,,,,,,,,,,,,,,,,,,,,,,,,,,,,,TN,TN
autoland,4060512,13,77a9707257b88d3b15060667769a2def98a71cff,windows10-64-shippable-qr,True,False,,|c|o|l|d| |f|i|s|s|i|o|n| |i|n|t|e|r|a|c|t|i|v|e| |w|e|b|r|e|n|d|e|r|,102210fe594ee9b33d82058545b1ed14f4c8206e,LastVisualChange,reddit-billgates-post-1.posts,True,reddit-billgates-post-1.posts LastVisualChange opt cold fission webrender,,77,ms,firefox,,1795372323,2023-11-16 13:34:03,500.4,71ef91d3bf98c6475cfe762c0152d5b31588182c,1333089,,,,,,,,,,,,,,,,,,,,,,,,,,,,,,,,,,,,,,,,,,,,,,,,,,,,,,,,,,,,,TN,TN
autoland,4060512,13,77a9707257b88d3b15060667769a2def98a71cff,windows10-64-shippable-qr,True,False,,|c|o|l|d| |f|i|s|s|i|o|n| |i|n|t|e|r|a|c|t|i|v|e| |w|e|b|r|e|n|d|e|r|,102210fe594ee9b33d82058545b1ed14f4c8206e,LastVisualChange,reddit-billgates-post-1.posts,True,reddit-billgates-post-1.posts LastVisualChange opt cold fission webrender,,77,ms,firefox,,1795445135,2023-11-16 15:30:11,494.9,5dba86b1842a5256c2845d69a7cebd605267d535,1333183,,,,,,,,,,,,,,,,,,,,,,,,,,,,,,,,,,,,,,,,,,,,,,,,,,,,,,,,,,,,,TN,TN
autoland,4060512,13,77a9707257b88d3b15060667769a2def98a71cff,windows10-64-shippable-qr,True,False,,|c|o|l|d| |f|i|s|s|i|o|n| |i|n|t|e|r|a|c|t|i|v|e| |w|e|b|r|e|n|d|e|r|,102210fe594ee9b33d82058545b1ed14f4c8206e,LastVisualChange,reddit-billgates-post-1.posts,True,reddit-billgates-post-1.posts LastVisualChange opt cold fission webrender,,77,ms,firefox,,1795537573,2023-11-16 20:27:49,525.1,53b2405c0e70ae3283dbbba0d568665110f0db23,1333335,,,,,,,,,,,,,,,,,,,,,,,,,,,,,,,,,,,,,,,,,,,,,,,,,,,,,,,,,,,,,TN,TN
autoland,4060512,13,77a9707257b88d3b15060667769a2def98a71cff,windows10-64-shippable-qr,True,False,,|c|o|l|d| |f|i|s|s|i|o|n| |i|n|t|e|r|a|c|t|i|v|e| |w|e|b|r|e|n|d|e|r|,102210fe594ee9b33d82058545b1ed14f4c8206e,LastVisualChange,reddit-billgates-post-1.posts,True,reddit-billgates-post-1.posts LastVisualChange opt cold fission webrender,,77,ms,firefox,,1795625864,2023-11-16 23:04:46,518.4,3b45d04f6865b297c8b2548a2c24424c5e9467e9,1333418,,,,,,,,,,,,,,,,,,,,,,,,,,,,,,,,,,,,,,,,,,,,,,,,,,,,,,,,,,,,,TN,TN
autoland,4060512,13,77a9707257b88d3b15060667769a2def98a71cff,windows10-64-shippable-qr,True,False,,|c|o|l|d| |f|i|s|s|i|o|n| |i|n|t|e|r|a|c|t|i|v|e| |w|e|b|r|e|n|d|e|r|,102210fe594ee9b33d82058545b1ed14f4c8206e,LastVisualChange,reddit-billgates-post-1.posts,True,reddit-billgates-post-1.posts LastVisualChange opt cold fission webrender,,77,ms,firefox,,1795777200,2023-11-17 06:40:14,530.1,8a71397fb808df79e78f3023bf95b46f7cc2d2a4,1333538,,,,,,,,,,,,,,,,,,,,,,,,,,,,,,,,,,,,,,,,,,,,,,,,,,,,,,,,,,,,,TN,TN
autoland,4060512,13,77a9707257b88d3b15060667769a2def98a71cff,windows10-64-shippable-qr,True,False,,|c|o|l|d| |f|i|s|s|i|o|n| |i|n|t|e|r|a|c|t|i|v|e| |w|e|b|r|e|n|d|e|r|,102210fe594ee9b33d82058545b1ed14f4c8206e,LastVisualChange,reddit-billgates-post-1.posts,True,reddit-billgates-post-1.posts LastVisualChange opt cold fission webrender,,77,ms,firefox,,1795921462,2023-11-17 10:54:07,528.8,ff5810792fa57d1b0a1076b4c90b3a83ac0242ca,1333644,,,,,,,,,,,,,,,,,,,,,,,,,,,,,,,,,,,,,,,,,,,,,,,,,,,,,,,,,,,,,TN,TN
autoland,4060512,13,77a9707257b88d3b15060667769a2def98a71cff,windows10-64-shippable-qr,True,False,,|c|o|l|d| |f|i|s|s|i|o|n| |i|n|t|e|r|a|c|t|i|v|e| |w|e|b|r|e|n|d|e|r|,102210fe594ee9b33d82058545b1ed14f4c8206e,LastVisualChange,reddit-billgates-post-1.posts,True,reddit-billgates-post-1.posts LastVisualChange opt cold fission webrender,,77,ms,firefox,,1796093779,2023-11-17 15:35:00,516.2,f3b46286b5bad609725e65f541d6609a1bafcbce,1333770,,,,,,,,,,,,,,,,,,,,,,,,,,,,,,,,,,,,,,,,,,,,,,,,,,,,,,,,,,,,,TN,TN
autoland,4060512,13,77a9707257b88d3b15060667769a2def98a71cff,windows10-64-shippable-qr,True,False,,|c|o|l|d| |f|i|s|s|i|o|n| |i|n|t|e|r|a|c|t|i|v|e| |w|e|b|r|e|n|d|e|r|,102210fe594ee9b33d82058545b1ed14f4c8206e,LastVisualChange,reddit-billgates-post-1.posts,True,reddit-billgates-post-1.posts LastVisualChange opt cold fission webrender,,77,ms,firefox,,1796216686,2023-11-17 21:05:40,530.4,b3bec7a68bb8ccbb4c637b64bec4dc0c806fecb3,1334007,,,,,,,,,,,,,,,,,,,,,,,,,,,,,,,,,,,,,,,,,,,,,,,,,,,,,,,,,,,,,TN,TN
autoland,4060512,13,77a9707257b88d3b15060667769a2def98a71cff,windows10-64-shippable-qr,True,False,,|c|o|l|d| |f|i|s|s|i|o|n| |i|n|t|e|r|a|c|t|i|v|e| |w|e|b|r|e|n|d|e|r|,102210fe594ee9b33d82058545b1ed14f4c8206e,LastVisualChange,reddit-billgates-post-1.posts,True,reddit-billgates-post-1.posts LastVisualChange opt cold fission webrender,,77,ms,firefox,,1796273778,2023-11-18 01:23:43,498.8,391181d97b6bb5b53fe8a1186c8a1a85971812de,1334085,,,,,,,,,,,,,,,,,,,,,,,,,,,,,,,,,,,,,,,,,,,,,,,,,,,,,,,,,,,,,TN,TN
autoland,4060512,13,77a9707257b88d3b15060667769a2def98a71cff,windows10-64-shippable-qr,True,False,,|c|o|l|d| |f|i|s|s|i|o|n| |i|n|t|e|r|a|c|t|i|v|e| |w|e|b|r|e|n|d|e|r|,102210fe594ee9b33d82058545b1ed14f4c8206e,LastVisualChange,reddit-billgates-post-1.posts,True,reddit-billgates-post-1.posts LastVisualChange opt cold fission webrender,,77,ms,firefox,,1796439975,2023-11-18 14:15:26,508.3,2cf1b902ea75e1237bbd69eaf02c889bc2924d10,1334153,,,,,,,,,,,,,,,,,,,,,,,,,,,,,,,,,,,,,,,,,,,,,,,,,,,,,,,,,,,,,TN,TN
autoland,4060512,13,77a9707257b88d3b15060667769a2def98a71cff,windows10-64-shippable-qr,True,False,,|c|o|l|d| |f|i|s|s|i|o|n| |i|n|t|e|r|a|c|t|i|v|e| |w|e|b|r|e|n|d|e|r|,102210fe594ee9b33d82058545b1ed14f4c8206e,LastVisualChange,reddit-billgates-post-1.posts,True,reddit-billgates-post-1.posts LastVisualChange opt cold fission webrender,,77,ms,firefox,,1796559626,2023-11-19 06:03:16,527.8,98917be406eeca58f61d8aeaf62aa4cae5be2137,1334239,,,,,,,,,,,,,,,,,,,,,,,,,,,,,,,,,,,,,,,,,,,,,,,,,,,,,,,,,,,,,TN,TN
autoland,4060512,13,77a9707257b88d3b15060667769a2def98a71cff,windows10-64-shippable-qr,True,False,,|c|o|l|d| |f|i|s|s|i|o|n| |i|n|t|e|r|a|c|t|i|v|e| |w|e|b|r|e|n|d|e|r|,102210fe594ee9b33d82058545b1ed14f4c8206e,LastVisualChange,reddit-billgates-post-1.posts,True,reddit-billgates-post-1.posts LastVisualChange opt cold fission webrender,,77,ms,firefox,,1796644771,2023-11-19 11:10:53,519.2,b403bb5b1c833d29961882402a090cf08f44c190,1334278,,,,,,,,,,,,,,,,,,,,,,,,,,,,,,,,,,,,,,,,,,,,,,,,,,,,,,,,,,,,,TN,TN
autoland,4060512,13,77a9707257b88d3b15060667769a2def98a71cff,windows10-64-shippable-qr,True,False,,|c|o|l|d| |f|i|s|s|i|o|n| |i|n|t|e|r|a|c|t|i|v|e| |w|e|b|r|e|n|d|e|r|,102210fe594ee9b33d82058545b1ed14f4c8206e,LastVisualChange,reddit-billgates-post-1.posts,True,reddit-billgates-post-1.posts LastVisualChange opt cold fission webrender,,77,ms,firefox,,1796692348,2023-11-19 15:28:11,504.9,1044018d08bd15166ae94a05bf5299b0701f4109,1334290,,,,,,,,,,,,,,,,,,,,,,,,,,,,,,,,,,,,,,,,,,,,,,,,,,,,,,,,,,,,,TN,TN
autoland,4060512,13,77a9707257b88d3b15060667769a2def98a71cff,windows10-64-shippable-qr,True,False,,|c|o|l|d| |f|i|s|s|i|o|n| |i|n|t|e|r|a|c|t|i|v|e| |w|e|b|r|e|n|d|e|r|,102210fe594ee9b33d82058545b1ed14f4c8206e,LastVisualChange,reddit-billgates-post-1.posts,True,reddit-billgates-post-1.posts LastVisualChange opt cold fission webrender,,77,ms,firefox,,1796896390,2023-11-19 15:33:21,518.0,bc206f18ecb2a36a3e014e37cf5265f04eb7db7c,1334291,,,,,,,,,,,,,,,,,,,,,,,,,,,,,,,,,,,,,,,,,,,,,,,,,,,,,,,,,,,,,TN,TN
autoland,4060512,13,77a9707257b88d3b15060667769a2def98a71cff,windows10-64-shippable-qr,True,False,,|c|o|l|d| |f|i|s|s|i|o|n| |i|n|t|e|r|a|c|t|i|v|e| |w|e|b|r|e|n|d|e|r|,102210fe594ee9b33d82058545b1ed14f4c8206e,LastVisualChange,reddit-billgates-post-1.posts,True,reddit-billgates-post-1.posts LastVisualChange opt cold fission webrender,,77,ms,firefox,,1796834073,2023-11-20 01:53:49,496.4,73f60b8af6dadb15fb13d768baf6b4c3313d939b,1334371,,,,,,,,,,,,,,,,,,,,,,,,,,,,,,,,,,,,,,,,,,,,,,,,,,,,,,,,,,,,,TN,TN
autoland,4060512,13,77a9707257b88d3b15060667769a2def98a71cff,windows10-64-shippable-qr,True,False,,|c|o|l|d| |f|i|s|s|i|o|n| |i|n|t|e|r|a|c|t|i|v|e| |w|e|b|r|e|n|d|e|r|,102210fe594ee9b33d82058545b1ed14f4c8206e,LastVisualChange,reddit-billgates-post-1.posts,True,reddit-billgates-post-1.posts LastVisualChange opt cold fission webrender,,77,ms,firefox,,1797009852,2023-11-20 09:30:46,521.9,86da25fdbc81a93ed888df6b8a9f7cc128fb9b5b,1334455,,,,,,,,,,,,,,,,,,,,,,,,,,,,,,,,,,,,,,,,,,,,,,,,,,,,,,,,,,,,,TN,TN
autoland,4060512,13,77a9707257b88d3b15060667769a2def98a71cff,windows10-64-shippable-qr,True,False,,|c|o|l|d| |f|i|s|s|i|o|n| |i|n|t|e|r|a|c|t|i|v|e| |w|e|b|r|e|n|d|e|r|,102210fe594ee9b33d82058545b1ed14f4c8206e,LastVisualChange,reddit-billgates-post-1.posts,True,reddit-billgates-post-1.posts LastVisualChange opt cold fission webrender,,77,ms,firefox,,1797128607,2023-11-20 12:44:46,498.1,de35cb5de97565935b503eade2990b5c385c7293,1334619,,,,,,,,,,,,,,,,,,,,,,,,,,,,,,,,,,,,,,,,,,,,,,,,,,,,,,,,,,,,,TN,TN
autoland,4060512,13,77a9707257b88d3b15060667769a2def98a71cff,windows10-64-shippable-qr,True,False,,|c|o|l|d| |f|i|s|s|i|o|n| |i|n|t|e|r|a|c|t|i|v|e| |w|e|b|r|e|n|d|e|r|,102210fe594ee9b33d82058545b1ed14f4c8206e,LastVisualChange,reddit-billgates-post-1.posts,True,reddit-billgates-post-1.posts LastVisualChange opt cold fission webrender,,77,ms,firefox,,1797789586,2023-11-20 12:49:26,498.8,38489d98c5bcdeb3759137e96ed433b4ced7b298,1334626,,,,,,,,,,,,,,,,,,,,,,,,,,,,,,,,,,,,,,,,,,,,,,,,,,,,,,,,,,,,,TN,TN
autoland,4060512,13,77a9707257b88d3b15060667769a2def98a71cff,windows10-64-shippable-qr,True,False,,|c|o|l|d| |f|i|s|s|i|o|n| |i|n|t|e|r|a|c|t|i|v|e| |w|e|b|r|e|n|d|e|r|,102210fe594ee9b33d82058545b1ed14f4c8206e,LastVisualChange,reddit-billgates-post-1.posts,True,reddit-billgates-post-1.posts LastVisualChange opt cold fission webrender,,77,ms,firefox,,1797712128,2023-11-20 12:58:48,512.9,9b797f214f1999e79623b4afc161911d82bbf0b3,1334633,,,,,,,,,,,,,,,,,,,,,,,,,,,,,,,,,,,,,,,,,,,,,,,,,,,,,,,,,,,,,TN,TN
autoland,4060512,13,77a9707257b88d3b15060667769a2def98a71cff,windows10-64-shippable-qr,True,False,,|c|o|l|d| |f|i|s|s|i|o|n| |i|n|t|e|r|a|c|t|i|v|e| |w|e|b|r|e|n|d|e|r|,102210fe594ee9b33d82058545b1ed14f4c8206e,LastVisualChange,reddit-billgates-post-1.posts,True,reddit-billgates-post-1.posts LastVisualChange opt cold fission webrender,,77,ms,firefox,,1797751756,2023-11-20 12:58:48,545.9,9b797f214f1999e79623b4afc161911d82bbf0b3,1334633,,,,,,,,,,,,,,,,,,,,,,,,,,,,,,,,,,,,,,,,,,,,,,,,,,,,,,,,,,,,,TN,TN
autoland,4060512,13,77a9707257b88d3b15060667769a2def98a71cff,windows10-64-shippable-qr,True,False,,|c|o|l|d| |f|i|s|s|i|o|n| |i|n|t|e|r|a|c|t|i|v|e| |w|e|b|r|e|n|d|e|r|,102210fe594ee9b33d82058545b1ed14f4c8206e,LastVisualChange,reddit-billgates-post-1.posts,True,reddit-billgates-post-1.posts LastVisualChange opt cold fission webrender,,77,ms,firefox,,1797761477,2023-11-20 13:01:35,517.9,9517987e19427c2900046f62ca816d243d1f1403,1334636,,,,,,,,,,,,,,,,,,,,,,,,,,,,,,,,,,,,,,,,,,,,,,,,,,,,,,,,,,,,,TN,TN
autoland,4060512,13,77a9707257b88d3b15060667769a2def98a71cff,windows10-64-shippable-qr,True,False,,|c|o|l|d| |f|i|s|s|i|o|n| |i|n|t|e|r|a|c|t|i|v|e| |w|e|b|r|e|n|d|e|r|,102210fe594ee9b33d82058545b1ed14f4c8206e,LastVisualChange,reddit-billgates-post-1.posts,True,reddit-billgates-post-1.posts LastVisualChange opt cold fission webrender,,77,ms,firefox,,1797349073,2023-11-20 16:13:55,515.2,f78453d754386d0000dae39e031b91b0d0c4b07f,1334757,,,,,,,,,,,,,,,,,,,,,,,,,,,,,,,,,,,,,,,,,,,,,,,,,,,,,,,,,,,,,TN,TN
autoland,4060512,13,77a9707257b88d3b15060667769a2def98a71cff,windows10-64-shippable-qr,True,False,,|c|o|l|d| |f|i|s|s|i|o|n| |i|n|t|e|r|a|c|t|i|v|e| |w|e|b|r|e|n|d|e|r|,102210fe594ee9b33d82058545b1ed14f4c8206e,LastVisualChange,reddit-billgates-post-1.posts,True,reddit-billgates-post-1.posts LastVisualChange opt cold fission webrender,,77,ms,firefox,,1797392994,2023-11-20 18:08:54,514.9,a2089603188c4136890163ddd71b1d4e60e1c396,1334868,,,,,,,,,,,,,,,,,,,,,,,,,,,,,,,,,,,,,,,,,,,,,,,,,,,,,,,,,,,,,TN,TN
autoland,4060512,13,77a9707257b88d3b15060667769a2def98a71cff,windows10-64-shippable-qr,True,False,,|c|o|l|d| |f|i|s|s|i|o|n| |i|n|t|e|r|a|c|t|i|v|e| |w|e|b|r|e|n|d|e|r|,102210fe594ee9b33d82058545b1ed14f4c8206e,LastVisualChange,reddit-billgates-post-1.posts,True,reddit-billgates-post-1.posts LastVisualChange opt cold fission webrender,,77,ms,firefox,,1797592548,2023-11-20 23:09:27,505.8,7b567ceeead73f84de62ab77b4b6c87450b347fa,1335119,,,,,,,,,,,,,,,,,,,,,,,,,,,,,,,,,,,,,,,,,,,,,,,,,,,,,,,,,,,,,TN,TN
autoland,4060512,13,77a9707257b88d3b15060667769a2def98a71cff,windows10-64-shippable-qr,True,False,,|c|o|l|d| |f|i|s|s|i|o|n| |i|n|t|e|r|a|c|t|i|v|e| |w|e|b|r|e|n|d|e|r|,102210fe594ee9b33d82058545b1ed14f4c8206e,LastVisualChange,reddit-billgates-post-1.posts,True,reddit-billgates-post-1.posts LastVisualChange opt cold fission webrender,,77,ms,firefox,,1797667688,2023-11-21 01:49:39,531.5,b9fe9a49496aa38ca77c335f20236610ef01a582,1335206,,,,,,,,,,,,,,,,,,,,,,,,,,,,,,,,,,,,,,,,,,,,,,,,,,,,,,,,,,,,,TN,TN
autoland,4060512,13,77a9707257b88d3b15060667769a2def98a71cff,windows10-64-shippable-qr,True,False,,|c|o|l|d| |f|i|s|s|i|o|n| |i|n|t|e|r|a|c|t|i|v|e| |w|e|b|r|e|n|d|e|r|,102210fe594ee9b33d82058545b1ed14f4c8206e,LastVisualChange,reddit-billgates-post-1.posts,True,reddit-billgates-post-1.posts LastVisualChange opt cold fission webrender,,77,ms,firefox,,1797850172,2023-11-21 08:38:33,515.1,fddad0a59b2d028b2147493bf9ba8cc953d9e3eb,1335289,,,,,,,,,,,,,,,,,,,,,,,,,,,,,,,,,,,,,,,,,,,,,,,,,,,,,,,,,,,,,TN,TN
autoland,4060512,13,77a9707257b88d3b15060667769a2def98a71cff,windows10-64-shippable-qr,True,False,,|c|o|l|d| |f|i|s|s|i|o|n| |i|n|t|e|r|a|c|t|i|v|e| |w|e|b|r|e|n|d|e|r|,102210fe594ee9b33d82058545b1ed14f4c8206e,LastVisualChange,reddit-billgates-post-1.posts,True,reddit-billgates-post-1.posts LastVisualChange opt cold fission webrender,,77,ms,firefox,,1797921606,2023-11-21 12:15:20,508.8,1ff1d467cb8d49467127613245f448026cd7df9e,1335466,,,,,,,,,,,,,,,,,,,,,,,,,,,,,,,,,,,,,,,,,,,,,,,,,,,,,,,,,,,,,TN,TN
autoland,4060512,13,77a9707257b88d3b15060667769a2def98a71cff,windows10-64-shippable-qr,True,False,,|c|o|l|d| |f|i|s|s|i|o|n| |i|n|t|e|r|a|c|t|i|v|e| |w|e|b|r|e|n|d|e|r|,102210fe594ee9b33d82058545b1ed14f4c8206e,LastVisualChange,reddit-billgates-post-1.posts,True,reddit-billgates-post-1.posts LastVisualChange opt cold fission webrender,,77,ms,firefox,,1798420464,2023-11-21 16:44:13,493.6,a5a183d53f8edc045639859ff059a5220516b33e,1335665,,,,,,,,,,,,,,,,,,,,,,,,,,,,,,,,,,,,,,,,,,,,,,,,,,,,,,,,,,,,,TN,TN
autoland,4060512,13,77a9707257b88d3b15060667769a2def98a71cff,windows10-64-shippable-qr,True,False,,|c|o|l|d| |f|i|s|s|i|o|n| |i|n|t|e|r|a|c|t|i|v|e| |w|e|b|r|e|n|d|e|r|,102210fe594ee9b33d82058545b1ed14f4c8206e,LastVisualChange,reddit-billgates-post-1.posts,True,reddit-billgates-post-1.posts LastVisualChange opt cold fission webrender,,77,ms,firefox,,1798238634,2023-11-21 17:01:46,501.3,cbc5eb28277f8e6d60fede93a822ede9eb7f01a5,1335682,,,,,,,,,,,,,,,,,,,,,,,,,,,,,,,,,,,,,,,,,,,,,,,,,,,,,,,,,,,,,TN,TN
autoland,4060512,13,77a9707257b88d3b15060667769a2def98a71cff,windows10-64-shippable-qr,True,False,,|c|o|l|d| |f|i|s|s|i|o|n| |i|n|t|e|r|a|c|t|i|v|e| |w|e|b|r|e|n|d|e|r|,102210fe594ee9b33d82058545b1ed14f4c8206e,LastVisualChange,reddit-billgates-post-1.posts,True,reddit-billgates-post-1.posts LastVisualChange opt cold fission webrender,,77,ms,firefox,,1798297952,2023-11-21 21:47:24,524.9,62f686461927825493253d0f82a43804b3eddf71,1335911,,,,,,,,,,,,,,,,,,,,,,,,,,,,,,,,,,,,,,,,,,,,,,,,,,,,,,,,,,,,,TN,TN
autoland,4060512,13,77a9707257b88d3b15060667769a2def98a71cff,windows10-64-shippable-qr,True,False,,|c|o|l|d| |f|i|s|s|i|o|n| |i|n|t|e|r|a|c|t|i|v|e| |w|e|b|r|e|n|d|e|r|,102210fe594ee9b33d82058545b1ed14f4c8206e,LastVisualChange,reddit-billgates-post-1.posts,True,reddit-billgates-post-1.posts LastVisualChange opt cold fission webrender,,77,ms,firefox,,1798319977,2023-11-21 21:50:11,517.5,ef0b50d89a7f6107932087c2c1adc2f6fd9ab06a,1335914,,,,,,,,,,,,,,,,,,,,,,,,,,,,,,,,,,,,,,,,,,,,,,,,,,,,,,,,,,,,,TN,TN
autoland,4060512,13,77a9707257b88d3b15060667769a2def98a71cff,windows10-64-shippable-qr,True,False,,|c|o|l|d| |f|i|s|s|i|o|n| |i|n|t|e|r|a|c|t|i|v|e| |w|e|b|r|e|n|d|e|r|,102210fe594ee9b33d82058545b1ed14f4c8206e,LastVisualChange,reddit-billgates-post-1.posts,True,reddit-billgates-post-1.posts LastVisualChange opt cold fission webrender,,77,ms,firefox,,1798434620,2023-11-21 21:52:47,525.8,f1790974c5ecfa33fe7799087c80dba8b83fb78c,1335917,,,,,,,,,,,,,,,,,,,,,,,,,,,,,,,,,,,,,,,,,,,,,,,,,,,,,,,,,,,,,TN,TN
autoland,4060512,13,77a9707257b88d3b15060667769a2def98a71cff,windows10-64-shippable-qr,True,False,,|c|o|l|d| |f|i|s|s|i|o|n| |i|n|t|e|r|a|c|t|i|v|e| |w|e|b|r|e|n|d|e|r|,102210fe594ee9b33d82058545b1ed14f4c8206e,LastVisualChange,reddit-billgates-post-1.posts,True,reddit-billgates-post-1.posts LastVisualChange opt cold fission webrender,,77,ms,firefox,,1798361526,2023-11-22 01:56:32,501.7,7dc6122ebd68b46a9d4320c40c86f20c2b78984a,1336017,,,,,,,,,,,,,,,,,,,,,,,,,,,,,,,,,,,,,,,,,,,,,,,,,,,,,,,,,,,,,TN,TN
autoland,4060512,13,77a9707257b88d3b15060667769a2def98a71cff,windows10-64-shippable-qr,True,False,,|c|o|l|d| |f|i|s|s|i|o|n| |i|n|t|e|r|a|c|t|i|v|e| |w|e|b|r|e|n|d|e|r|,102210fe594ee9b33d82058545b1ed14f4c8206e,LastVisualChange,reddit-billgates-post-1.posts,True,reddit-billgates-post-1.posts LastVisualChange opt cold fission webrender,,77,ms,firefox,,1798476494,2023-11-22 05:59:37,521.2,ed20a8b98a8f2d8593dbbbd9b5df993e3e91433f,1336060,,,,,,,,,,,,,,,,,,,,,,,,,,,,,,,,,,,,,,,,,,,,,,,,,,,,,,,,,,,,,TN,TN
autoland,4060512,13,77a9707257b88d3b15060667769a2def98a71cff,windows10-64-shippable-qr,True,False,,|c|o|l|d| |f|i|s|s|i|o|n| |i|n|t|e|r|a|c|t|i|v|e| |w|e|b|r|e|n|d|e|r|,102210fe594ee9b33d82058545b1ed14f4c8206e,LastVisualChange,reddit-billgates-post-1.posts,True,reddit-billgates-post-1.posts LastVisualChange opt cold fission webrender,,77,ms,firefox,,1798509543,2023-11-22 07:16:13,505.9,0222787eb3244ffb2e62210f697d039bdef46036,1336076,,,,,,,,,,,,,,,,,,,,,,,,,,,,,,,,,,,,,,,,,,,,,,,,,,,,,,,,,,,,,TN,TN
autoland,4060512,13,77a9707257b88d3b15060667769a2def98a71cff,windows10-64-shippable-qr,True,False,,|c|o|l|d| |f|i|s|s|i|o|n| |i|n|t|e|r|a|c|t|i|v|e| |w|e|b|r|e|n|d|e|r|,102210fe594ee9b33d82058545b1ed14f4c8206e,LastVisualChange,reddit-billgates-post-1.posts,True,reddit-billgates-post-1.posts LastVisualChange opt cold fission webrender,,77,ms,firefox,,1798813511,2023-11-22 13:00:34,539.3,b90083f581e182455cf23aaacb125b728b3ccb32,1336296,,,,,,,,,,,,,,,,,,,,,,,,,,,,,,,,,,,,,,,,,,,,,,,,,,,,,,,,,,,,,TN,TN
autoland,4060512,13,77a9707257b88d3b15060667769a2def98a71cff,windows10-64-shippable-qr,True,False,,|c|o|l|d| |f|i|s|s|i|o|n| |i|n|t|e|r|a|c|t|i|v|e| |w|e|b|r|e|n|d|e|r|,102210fe594ee9b33d82058545b1ed14f4c8206e,LastVisualChange,reddit-billgates-post-1.posts,True,reddit-billgates-post-1.posts LastVisualChange opt cold fission webrender,,77,ms,firefox,,1799459997,2023-11-22 16:04:36,504.4,3d393874d4d797a664c536c3da3fef33489e9287,1336396,,,,,,,,,,,,,,,,,,,,,,,,,,,,,,,,,,,,,,,,,,,,,,,,,,,,,,,,,,,,,TN,TN
autoland,4060512,13,77a9707257b88d3b15060667769a2def98a71cff,windows10-64-shippable-qr,True,False,,|c|o|l|d| |f|i|s|s|i|o|n| |i|n|t|e|r|a|c|t|i|v|e| |w|e|b|r|e|n|d|e|r|,102210fe594ee9b33d82058545b1ed14f4c8206e,LastVisualChange,reddit-billgates-post-1.posts,True,reddit-billgates-post-1.posts LastVisualChange opt cold fission webrender,,77,ms,firefox,,1799330513,2023-11-22 16:08:48,507.3,823341e5f5121d198fed2a8fc4d2abd6e68951d8,1336398,,,,,,,,,,,,,,,,,,,,,,,,,,,,,,,,,,,,,,,,,,,,,,,,,,,,,,,,,,,,,TN,TN
autoland,4060512,13,77a9707257b88d3b15060667769a2def98a71cff,windows10-64-shippable-qr,True,False,,|c|o|l|d| |f|i|s|s|i|o|n| |i|n|t|e|r|a|c|t|i|v|e| |w|e|b|r|e|n|d|e|r|,102210fe594ee9b33d82058545b1ed14f4c8206e,LastVisualChange,reddit-billgates-post-1.posts,True,reddit-billgates-post-1.posts LastVisualChange opt cold fission webrender,,77,ms,firefox,,1798848526,2023-11-22 16:22:37,515.7,f4fae08660c1f3323af7bdef3ed152a3d34bc751,1336410,,,,,,,,,,,,,,,,,,,,,,,,,,,,,,,,,,,,,,,,,,,,,,,,,,,,,,,,,,,,,TN,TN
autoland,4060512,13,77a9707257b88d3b15060667769a2def98a71cff,windows10-64-shippable-qr,True,False,,|c|o|l|d| |f|i|s|s|i|o|n| |i|n|t|e|r|a|c|t|i|v|e| |w|e|b|r|e|n|d|e|r|,102210fe594ee9b33d82058545b1ed14f4c8206e,LastVisualChange,reddit-billgates-post-1.posts,True,reddit-billgates-post-1.posts LastVisualChange opt cold fission webrender,,77,ms,firefox,,1799080811,2023-11-22 19:14:54,522.5,bcdbc1e5d9a7c0fea2fcdc91ab0eebe908b34ece,1336555,,,,,,,,,,,,,,,,,,,,,,,,,,,,,,,,,,,,,,,,,,,,,,,,,,,,,,,,,,,,,TN,TN
autoland,4060512,13,77a9707257b88d3b15060667769a2def98a71cff,windows10-64-shippable-qr,True,False,,|c|o|l|d| |f|i|s|s|i|o|n| |i|n|t|e|r|a|c|t|i|v|e| |w|e|b|r|e|n|d|e|r|,102210fe594ee9b33d82058545b1ed14f4c8206e,LastVisualChange,reddit-billgates-post-1.posts,True,reddit-billgates-post-1.posts LastVisualChange opt cold fission webrender,,77,ms,firefox,,1799433833,2023-11-22 19:54:40,519.3,417b9a914e84789562a33c0f87dffc79ab476132,1336588,,,,,,,,,,,,,,,,,,,,,,,,,,,,,,,,,,,,,,,,,,,,,,,,,,,,,,,,,,,,,TN,TN
autoland,4060512,13,77a9707257b88d3b15060667769a2def98a71cff,windows10-64-shippable-qr,True,False,,|c|o|l|d| |f|i|s|s|i|o|n| |i|n|t|e|r|a|c|t|i|v|e| |w|e|b|r|e|n|d|e|r|,102210fe594ee9b33d82058545b1ed14f4c8206e,LastVisualChange,reddit-billgates-post-1.posts,True,reddit-billgates-post-1.posts LastVisualChange opt cold fission webrender,,77,ms,firefox,,1799402599,2023-11-22 19:56:19,491.6,28e1518994cbbad28b51800e62abeb93ad9fbb03,1336589,,,,,,,,,,,,,,,,,,,,,,,,,,,,,,,,,,,,,,,,,,,,,,,,,,,,,,,,,,,,,TN,TN
autoland,4060512,13,77a9707257b88d3b15060667769a2def98a71cff,windows10-64-shippable-qr,True,False,,|c|o|l|d| |f|i|s|s|i|o|n| |i|n|t|e|r|a|c|t|i|v|e| |w|e|b|r|e|n|d|e|r|,102210fe594ee9b33d82058545b1ed14f4c8206e,LastVisualChange,reddit-billgates-post-1.posts,True,reddit-billgates-post-1.posts LastVisualChange opt cold fission webrender,,77,ms,firefox,,1799177396,2023-11-22 23:02:09,518.9,3122924cd341ff55738fd6a06d4bd708010c15e4,1336681,,,,,,,,,,,,,,,,,,,,,,,,,,,,,,,,,,,,,,,,,,,,,,,,,,,,,,,,,,,,,TN,TN
autoland,4060512,13,77a9707257b88d3b15060667769a2def98a71cff,windows10-64-shippable-qr,True,False,,|c|o|l|d| |f|i|s|s|i|o|n| |i|n|t|e|r|a|c|t|i|v|e| |w|e|b|r|e|n|d|e|r|,102210fe594ee9b33d82058545b1ed14f4c8206e,LastVisualChange,reddit-billgates-post-1.posts,True,reddit-billgates-post-1.posts LastVisualChange opt cold fission webrender,,77,ms,firefox,,1800131734,2023-11-23 02:36:04,515.3,ad28a3a25b2a199ffa143a0f35905438495a0931,1336744,,,,,,,,,,,,,,,,,,,,,,,,,,,,,,,,,,,,,,,,,,,,,,,,,,,,,,,,,,,,,TN,TN
autoland,4060512,13,77a9707257b88d3b15060667769a2def98a71cff,windows10-64-shippable-qr,True,False,,|c|o|l|d| |f|i|s|s|i|o|n| |i|n|t|e|r|a|c|t|i|v|e| |w|e|b|r|e|n|d|e|r|,102210fe594ee9b33d82058545b1ed14f4c8206e,LastVisualChange,reddit-billgates-post-1.posts,True,reddit-billgates-post-1.posts LastVisualChange opt cold fission webrender,,77,ms,firefox,,1799372380,2023-11-23 04:10:29,515.2,8366d9b1b0ca63aa3b706dd53ce23f052221c11b,1336756,,,,,,,,,,,,,,,,,,,,,,,,,,,,,,,,,,,,,,,,,,,,,,,,,,,,,,,,,,,,,TN,TN
autoland,4060512,13,77a9707257b88d3b15060667769a2def98a71cff,windows10-64-shippable-qr,True,False,,|c|o|l|d| |f|i|s|s|i|o|n| |i|n|t|e|r|a|c|t|i|v|e| |w|e|b|r|e|n|d|e|r|,102210fe594ee9b33d82058545b1ed14f4c8206e,LastVisualChange,reddit-billgates-post-1.posts,True,reddit-billgates-post-1.posts LastVisualChange opt cold fission webrender,,77,ms,firefox,,1799497169,2023-11-23 08:19:48,498.2,023a5c518562ad97c805915ae5addfcad59d1223,1336795,,,,,,,,,,,,,,,,,,,,,,,,,,,,,,,,,,,,,,,,,,,,,,,,,,,,,,,,,,,,,TN,TN
autoland,4060512,13,77a9707257b88d3b15060667769a2def98a71cff,windows10-64-shippable-qr,True,False,,|c|o|l|d| |f|i|s|s|i|o|n| |i|n|t|e|r|a|c|t|i|v|e| |w|e|b|r|e|n|d|e|r|,102210fe594ee9b33d82058545b1ed14f4c8206e,LastVisualChange,reddit-billgates-post-1.posts,True,reddit-billgates-post-1.posts LastVisualChange opt cold fission webrender,,77,ms,firefox,,1799626324,2023-11-23 10:10:14,495.5,7392664630b156e348b2a77aef6fdd70004c9b47,1336839,,,,,,,,,,,,,,,,,,,,,,,,,,,,,,,,,,,,,,,,,,,,,,,,,,,,,,,,,,,,,TN,TN
autoland,4060512,13,77a9707257b88d3b15060667769a2def98a71cff,windows10-64-shippable-qr,True,False,,|c|o|l|d| |f|i|s|s|i|o|n| |i|n|t|e|r|a|c|t|i|v|e| |w|e|b|r|e|n|d|e|r|,102210fe594ee9b33d82058545b1ed14f4c8206e,LastVisualChange,reddit-billgates-post-1.posts,True,reddit-billgates-post-1.posts LastVisualChange opt cold fission webrender,,77,ms,firefox,,1800201375,2023-11-23 14:15:32,495.0,ef4f4ed6516d3a46177c934be7a763ff8f2f9ac7,1336997,,,,,,,,,,,,,,,,,,,,,,,,,,,,,,,,,,,,,,,,,,,,,,,,,,,,,,,,,,,,,TN,TN
autoland,4060512,13,77a9707257b88d3b15060667769a2def98a71cff,windows10-64-shippable-qr,True,False,,|c|o|l|d| |f|i|s|s|i|o|n| |i|n|t|e|r|a|c|t|i|v|e| |w|e|b|r|e|n|d|e|r|,102210fe594ee9b33d82058545b1ed14f4c8206e,LastVisualChange,reddit-billgates-post-1.posts,True,reddit-billgates-post-1.posts LastVisualChange opt cold fission webrender,,77,ms,firefox,,1800280493,2023-11-23 14:16:51,528.9,82dbcd75918f0eb33795da023e71e8241f428bbe,1336999,,,,,,,,,,,,,,,,,,,,,,,,,,,,,,,,,,,,,,,,,,,,,,,,,,,,,,,,,,,,,TN,TN
autoland,4060512,13,77a9707257b88d3b15060667769a2def98a71cff,windows10-64-shippable-qr,True,False,,|c|o|l|d| |f|i|s|s|i|o|n| |i|n|t|e|r|a|c|t|i|v|e| |w|e|b|r|e|n|d|e|r|,102210fe594ee9b33d82058545b1ed14f4c8206e,LastVisualChange,reddit-billgates-post-1.posts,True,reddit-billgates-post-1.posts LastVisualChange opt cold fission webrender,,77,ms,firefox,,1799992544,2023-11-23 15:57:23,508.9,872aa271adfdb73a79c09de279f0001bf419850c,1337066,,,,,,,,,,,,,,,,,,,,,,,,,,,,,,,,,,,,,,,,,,,,,,,,,,,,,,,,,,,,,TN,TN
autoland,4060512,13,77a9707257b88d3b15060667769a2def98a71cff,windows10-64-shippable-qr,True,False,,|c|o|l|d| |f|i|s|s|i|o|n| |i|n|t|e|r|a|c|t|i|v|e| |w|e|b|r|e|n|d|e|r|,102210fe594ee9b33d82058545b1ed14f4c8206e,LastVisualChange,reddit-billgates-post-1.posts,True,reddit-billgates-post-1.posts LastVisualChange opt cold fission webrender,,77,ms,firefox,,1800186955,2023-11-23 19:02:08,531.7,40bc8612037f1efc2ea0a5ff2a12b8d8b3a86f72,1337209,,,,,,,,,,,,,,,,,,,,,,,,,,,,,,,,,,,,,,,,,,,,,,,,,,,,,,,,,,,,,TN,TN
autoland,4060512,13,77a9707257b88d3b15060667769a2def98a71cff,windows10-64-shippable-qr,True,False,,|c|o|l|d| |f|i|s|s|i|o|n| |i|n|t|e|r|a|c|t|i|v|e| |w|e|b|r|e|n|d|e|r|,102210fe594ee9b33d82058545b1ed14f4c8206e,LastVisualChange,reddit-billgates-post-1.posts,True,reddit-billgates-post-1.posts LastVisualChange opt cold fission webrender,,77,ms,firefox,,1800249289,2023-11-23 19:11:00,510.8,84d22a46a333ec5fdfd6664fe37443349d696922,1337217,,,,,,,,,,,,,,,,,,,,,,,,,,,,,,,,,,,,,,,,,,,,,,,,,,,,,,,,,,,,,TN,TN
autoland,4060512,13,77a9707257b88d3b15060667769a2def98a71cff,windows10-64-shippable-qr,True,False,,|c|o|l|d| |f|i|s|s|i|o|n| |i|n|t|e|r|a|c|t|i|v|e| |w|e|b|r|e|n|d|e|r|,102210fe594ee9b33d82058545b1ed14f4c8206e,LastVisualChange,reddit-billgates-post-1.posts,True,reddit-billgates-post-1.posts LastVisualChange opt cold fission webrender,,77,ms,firefox,,1800052157,2023-11-23 19:58:47,508.6,180501fca2278e97c30e09ab097da1cb514f5ca1,1337231,,,,,,,,,,,,,,,,,,,,,,,,,,,,,,,,,,,,,,,,,,,,,,,,,,,,,,,,,,,,,TN,TN
autoland,4060512,13,77a9707257b88d3b15060667769a2def98a71cff,windows10-64-shippable-qr,True,False,,|c|o|l|d| |f|i|s|s|i|o|n| |i|n|t|e|r|a|c|t|i|v|e| |w|e|b|r|e|n|d|e|r|,102210fe594ee9b33d82058545b1ed14f4c8206e,LastVisualChange,reddit-billgates-post-1.posts,True,reddit-billgates-post-1.posts LastVisualChange opt cold fission webrender,,77,ms,firefox,,1800070892,2023-11-23 23:50:52,518.4,29d489a7e05adef3300e076dd1c46d14928ddf24,1337321,,,,,,,,,,,,,,,,,,,,,,,,,,,,,,,,,,,,,,,,,,,,,,,,,,,,,,,,,,,,,TN,TN
autoland,4060512,13,77a9707257b88d3b15060667769a2def98a71cff,windows10-64-shippable-qr,True,False,,|c|o|l|d| |f|i|s|s|i|o|n| |i|n|t|e|r|a|c|t|i|v|e| |w|e|b|r|e|n|d|e|r|,102210fe594ee9b33d82058545b1ed14f4c8206e,LastVisualChange,reddit-billgates-post-1.posts,True,reddit-billgates-post-1.posts LastVisualChange opt cold fission webrender,,77,ms,firefox,,1800284131,2023-11-24 05:36:58,547.9,dbd1a6aef0a74dc60875a4904d9eddb5ca9afbb7,1337356,,,,,,,,,,,,,,,,,,,,,,,,,,,,,,,,,,,,,,,,,,,,,,,,,,,,,,,,,,,,,TN,TN
autoland,4060512,13,77a9707257b88d3b15060667769a2def98a71cff,windows10-64-shippable-qr,True,False,,|c|o|l|d| |f|i|s|s|i|o|n| |i|n|t|e|r|a|c|t|i|v|e| |w|e|b|r|e|n|d|e|r|,102210fe594ee9b33d82058545b1ed14f4c8206e,LastVisualChange,reddit-billgates-post-1.posts,True,reddit-billgates-post-1.posts LastVisualChange opt cold fission webrender,,77,ms,firefox,,1800479032,2023-11-24 09:28:03,494.0,8bec1f302a76929843c944e27b75ddcbf1f21954,1337436,,,,,,,,,,,,,,,,,,,,,,,,,,,,,,,,,,,,,,,,,,,,,,,,,,,,,,,,,,,,,TN,TN
autoland,4060512,13,77a9707257b88d3b15060667769a2def98a71cff,windows10-64-shippable-qr,True,False,,|c|o|l|d| |f|i|s|s|i|o|n| |i|n|t|e|r|a|c|t|i|v|e| |w|e|b|r|e|n|d|e|r|,102210fe594ee9b33d82058545b1ed14f4c8206e,LastVisualChange,reddit-billgates-post-1.posts,True,reddit-billgates-post-1.posts LastVisualChange opt cold fission webrender,,77,ms,firefox,,1800533751,2023-11-24 13:31:32,508.6,1e01aa4b558aff87267a6384c318e6963b66a0d8,1337559,,,,,,,,,,,,,,,,,,,,,,,,,,,,,,,,,,,,,,,,,,,,,,,,,,,,,,,,,,,,,TN,TN
autoland,4060512,13,77a9707257b88d3b15060667769a2def98a71cff,windows10-64-shippable-qr,True,False,,|c|o|l|d| |f|i|s|s|i|o|n| |i|n|t|e|r|a|c|t|i|v|e| |w|e|b|r|e|n|d|e|r|,102210fe594ee9b33d82058545b1ed14f4c8206e,LastVisualChange,reddit-billgates-post-1.posts,True,reddit-billgates-post-1.posts LastVisualChange opt cold fission webrender,,77,ms,firefox,,1800523781,2023-11-24 14:07:25,524.2,6354cfb105a6c9a46216d5c8ea95ee463892366e,1337582,,,,,,,,,,,,,,,,,,,,,,,,,,,,,,,,,,,,,,,,,,,,,,,,,,,,,,,,,,,,,TN,TN
autoland,4060512,13,77a9707257b88d3b15060667769a2def98a71cff,windows10-64-shippable-qr,True,False,,|c|o|l|d| |f|i|s|s|i|o|n| |i|n|t|e|r|a|c|t|i|v|e| |w|e|b|r|e|n|d|e|r|,102210fe594ee9b33d82058545b1ed14f4c8206e,LastVisualChange,reddit-billgates-post-1.posts,True,reddit-billgates-post-1.posts LastVisualChange opt cold fission webrender,,77,ms,firefox,,1800754993,2023-11-24 21:51:55,512.2,f905e9024322370d02da128ab9ea37861774f2a5,1337759,,,,,,,,,,,,,,,,,,,,,,,,,,,,,,,,,,,,,,,,,,,,,,,,,,,,,,,,,,,,,TN,TN
autoland,4060512,13,77a9707257b88d3b15060667769a2def98a71cff,windows10-64-shippable-qr,True,False,,|c|o|l|d| |f|i|s|s|i|o|n| |i|n|t|e|r|a|c|t|i|v|e| |w|e|b|r|e|n|d|e|r|,102210fe594ee9b33d82058545b1ed14f4c8206e,LastVisualChange,reddit-billgates-post-1.posts,True,reddit-billgates-post-1.posts LastVisualChange opt cold fission webrender,,77,ms,firefox,,1800649627,2023-11-24 21:54:25,525.8,8875acba4f482b90d60501b953fb4530b361bd8f,1337760,,,,,,,,,,,,,,,,,,,,,,,,,,,,,,,,,,,,,,,,,,,,,,,,,,,,,,,,,,,,,TN,TN
autoland,4060512,13,77a9707257b88d3b15060667769a2def98a71cff,windows10-64-shippable-qr,True,False,,|c|o|l|d| |f|i|s|s|i|o|n| |i|n|t|e|r|a|c|t|i|v|e| |w|e|b|r|e|n|d|e|r|,102210fe594ee9b33d82058545b1ed14f4c8206e,LastVisualChange,reddit-billgates-post-1.posts,True,reddit-billgates-post-1.posts LastVisualChange opt cold fission webrender,,77,ms,firefox,,1800745966,2023-11-25 04:13:26,541.2,a137631f73ce188671f50c5225295d64d427fec2,1337799,,,,,,,,,,,,,,,,,,,,,,,,,,,,,,,,,,,,,,,,,,,,,,,,,,,,,,,,,,,,,TN,TN
autoland,4060512,13,77a9707257b88d3b15060667769a2def98a71cff,windows10-64-shippable-qr,True,False,,|c|o|l|d| |f|i|s|s|i|o|n| |i|n|t|e|r|a|c|t|i|v|e| |w|e|b|r|e|n|d|e|r|,102210fe594ee9b33d82058545b1ed14f4c8206e,LastVisualChange,reddit-billgates-post-1.posts,True,reddit-billgates-post-1.posts LastVisualChange opt cold fission webrender,,77,ms,firefox,,1800844218,2023-11-25 09:26:54,507.9,860c52f225fa7410ed4a4bf3bd0eb0846483e08d,1337840,,,,,,,,,,,,,,,,,,,,,,,,,,,,,,,,,,,,,,,,,,,,,,,,,,,,,,,,,,,,,TN,TN
autoland,4060512,13,77a9707257b88d3b15060667769a2def98a71cff,windows10-64-shippable-qr,True,False,,|c|o|l|d| |f|i|s|s|i|o|n| |i|n|t|e|r|a|c|t|i|v|e| |w|e|b|r|e|n|d|e|r|,102210fe594ee9b33d82058545b1ed14f4c8206e,LastVisualChange,reddit-billgates-post-1.posts,True,reddit-billgates-post-1.posts LastVisualChange opt cold fission webrender,,77,ms,firefox,,1800889129,2023-11-25 14:41:03,522.9,2ff68fa9f49916065f4ebb7a74c0940bf425f396,1337869,,,,,,,,,,,,,,,,,,,,,,,,,,,,,,,,,,,,,,,,,,,,,,,,,,,,,,,,,,,,,TN,TN
autoland,4060512,13,77a9707257b88d3b15060667769a2def98a71cff,windows10-64-shippable-qr,True,False,,|c|o|l|d| |f|i|s|s|i|o|n| |i|n|t|e|r|a|c|t|i|v|e| |w|e|b|r|e|n|d|e|r|,102210fe594ee9b33d82058545b1ed14f4c8206e,LastVisualChange,reddit-billgates-post-1.posts,True,reddit-billgates-post-1.posts LastVisualChange opt cold fission webrender,,77,ms,firefox,,1801002736,2023-11-26 15:57:31,512.1,0cd5e7d76f8ac3e26423c36c9d06f91a310dab45,1337946,,,,,,,,,,,,,,,,,,,,,,,,,,,,,,,,,,,,,,,,,,,,,,,,,,,,,,,,,,,,,TN,TN
autoland,4060512,13,77a9707257b88d3b15060667769a2def98a71cff,windows10-64-shippable-qr,True,False,,|c|o|l|d| |f|i|s|s|i|o|n| |i|n|t|e|r|a|c|t|i|v|e| |w|e|b|r|e|n|d|e|r|,102210fe594ee9b33d82058545b1ed14f4c8206e,LastVisualChange,reddit-billgates-post-1.posts,True,reddit-billgates-post-1.posts LastVisualChange opt cold fission webrender,,77,ms,firefox,,1801030219,2023-11-26 18:39:37,527.9,ffaaa99c517223770b014031e25b54d585f95ef2,1337950,,,,,,,,,,,,,,,,,,,,,,,,,,,,,,,,,,,,,,,,,,,,,,,,,,,,,,,,,,,,,TN,TN
autoland,4060512,13,77a9707257b88d3b15060667769a2def98a71cff,windows10-64-shippable-qr,True,False,,|c|o|l|d| |f|i|s|s|i|o|n| |i|n|t|e|r|a|c|t|i|v|e| |w|e|b|r|e|n|d|e|r|,102210fe594ee9b33d82058545b1ed14f4c8206e,LastVisualChange,reddit-billgates-post-1.posts,True,reddit-billgates-post-1.posts LastVisualChange opt cold fission webrender,,77,ms,firefox,,1801190523,2023-11-27 01:49:37,504.3,edf9292c0bc9c671afa4de12648c16622e9d418c,1337984,,,,,,,,,,,,,,,,,,,,,,,,,,,,,,,,,,,,,,,,,,,,,,,,,,,,,,,,,,,,,TN,TN
autoland,4060512,13,77a9707257b88d3b15060667769a2def98a71cff,windows10-64-shippable-qr,True,False,,|c|o|l|d| |f|i|s|s|i|o|n| |i|n|t|e|r|a|c|t|i|v|e| |w|e|b|r|e|n|d|e|r|,102210fe594ee9b33d82058545b1ed14f4c8206e,LastVisualChange,reddit-billgates-post-1.posts,True,reddit-billgates-post-1.posts LastVisualChange opt cold fission webrender,,77,ms,firefox,,1801961494,2023-11-27 03:19:14,526.8,600b27fdf4a03735007bce03c5c2617adeeb1416,1337993,,,,,,,,,,,,,,,,,,,,,,,,,,,,,,,,,,,,,,,,,,,,,,,,,,,,,,,,,,,,,TN,TN
autoland,4060512,13,77a9707257b88d3b15060667769a2def98a71cff,windows10-64-shippable-qr,True,False,,|c|o|l|d| |f|i|s|s|i|o|n| |i|n|t|e|r|a|c|t|i|v|e| |w|e|b|r|e|n|d|e|r|,102210fe594ee9b33d82058545b1ed14f4c8206e,LastVisualChange,reddit-billgates-post-1.posts,True,reddit-billgates-post-1.posts LastVisualChange opt cold fission webrender,,77,ms,firefox,,1801399787,2023-11-27 10:22:36,505.2,c1a92ff5b44e8a296b847ed428ebeec04f7f8f72,1338085,,,,,,,,,,,,,,,,,,,,,,,,,,,,,,,,,,,,,,,,,,,,,,,,,,,,,,,,,,,,,TN,TN
autoland,4060512,13,77a9707257b88d3b15060667769a2def98a71cff,windows10-64-shippable-qr,True,False,,|c|o|l|d| |f|i|s|s|i|o|n| |i|n|t|e|r|a|c|t|i|v|e| |w|e|b|r|e|n|d|e|r|,102210fe594ee9b33d82058545b1ed14f4c8206e,LastVisualChange,reddit-billgates-post-1.posts,True,reddit-billgates-post-1.posts LastVisualChange opt cold fission webrender,,77,ms,firefox,,1801900896,2023-11-27 14:03:54,513.5,3a166ac6c074ba6311e10b4a679ed7951f8c7046,1338213,,,,,,,,,,,,,,,,,,,,,,,,,,,,,,,,,,,,,,,,,,,,,,,,,,,,,,,,,,,,,TN,TN
autoland,4060512,13,77a9707257b88d3b15060667769a2def98a71cff,windows10-64-shippable-qr,True,False,,|c|o|l|d| |f|i|s|s|i|o|n| |i|n|t|e|r|a|c|t|i|v|e| |w|e|b|r|e|n|d|e|r|,102210fe594ee9b33d82058545b1ed14f4c8206e,LastVisualChange,reddit-billgates-post-1.posts,True,reddit-billgates-post-1.posts LastVisualChange opt cold fission webrender,,77,ms,firefox,,1801911683,2023-11-27 14:04:48,495.2,ab3f06ef0efa62a6f988339fc477cd5c937a0f91,1338214,,,,,,,,,,,,,,,,,,,,,,,,,,,,,,,,,,,,,,,,,,,,,,,,,,,,,,,,,,,,,TN,TN
autoland,4060512,13,77a9707257b88d3b15060667769a2def98a71cff,windows10-64-shippable-qr,True,False,,|c|o|l|d| |f|i|s|s|i|o|n| |i|n|t|e|r|a|c|t|i|v|e| |w|e|b|r|e|n|d|e|r|,102210fe594ee9b33d82058545b1ed14f4c8206e,LastVisualChange,reddit-billgates-post-1.posts,True,reddit-billgates-post-1.posts LastVisualChange opt cold fission webrender,,77,ms,firefox,,1801446219,2023-11-27 14:05:43,504.2,9ca2bcf6799b1a5f71d2d58db26f6b6c16a90427,1338215,,,,,,,,,,,,,,,,,,,,,,,,,,,,,,,,,,,,,,,,,,,,,,,,,,,,,,,,,,,,,TN,TN
autoland,4060512,13,77a9707257b88d3b15060667769a2def98a71cff,windows10-64-shippable-qr,True,False,,|c|o|l|d| |f|i|s|s|i|o|n| |i|n|t|e|r|a|c|t|i|v|e| |w|e|b|r|e|n|d|e|r|,102210fe594ee9b33d82058545b1ed14f4c8206e,LastVisualChange,reddit-billgates-post-1.posts,True,reddit-billgates-post-1.posts LastVisualChange opt cold fission webrender,,77,ms,firefox,,1801932262,2023-11-27 15:33:40,490.1,019c38ef6a2fb136b3ab9b94384971863607fba4,1338282,,,,,,,,,,,,,,,,,,,,,,,,,,,,,,,,,,,,,,,,,,,,,,,,,,,,,,,,,,,,,TN,TN
autoland,4060512,13,77a9707257b88d3b15060667769a2def98a71cff,windows10-64-shippable-qr,True,False,,|c|o|l|d| |f|i|s|s|i|o|n| |i|n|t|e|r|a|c|t|i|v|e| |w|e|b|r|e|n|d|e|r|,102210fe594ee9b33d82058545b1ed14f4c8206e,LastVisualChange,reddit-billgates-post-1.posts,True,reddit-billgates-post-1.posts LastVisualChange opt cold fission webrender,,77,ms,firefox,,1801873531,2023-11-27 15:42:45,503.6,e98889428f47cd8a7d6f3132b25982d107cff514,1338288,,,,,,,,,,,,,,,,,,,,,,,,,,,,,,,,,,,,,,,,,,,,,,,,,,,,,,,,,,,,,TN,TN
autoland,4060512,13,77a9707257b88d3b15060667769a2def98a71cff,windows10-64-shippable-qr,True,False,,|c|o|l|d| |f|i|s|s|i|o|n| |i|n|t|e|r|a|c|t|i|v|e| |w|e|b|r|e|n|d|e|r|,102210fe594ee9b33d82058545b1ed14f4c8206e,LastVisualChange,reddit-billgates-post-1.posts,True,reddit-billgates-post-1.posts LastVisualChange opt cold fission webrender,,77,ms,firefox,,1801631003,2023-11-27 17:34:20,508.8,6aa54d6d7cbf1a46e62c6765c489a940322b6bca,1338399,,,,,,,,,,,,,,,,,,,,,,,,,,,,,,,,,,,,,,,,,,,,,,,,,,,,,,,,,,,,,TN,TN
autoland,4060512,13,77a9707257b88d3b15060667769a2def98a71cff,windows10-64-shippable-qr,True,False,,|c|o|l|d| |f|i|s|s|i|o|n| |i|n|t|e|r|a|c|t|i|v|e| |w|e|b|r|e|n|d|e|r|,102210fe594ee9b33d82058545b1ed14f4c8206e,LastVisualChange,reddit-billgates-post-1.posts,True,reddit-billgates-post-1.posts LastVisualChange opt cold fission webrender,,77,ms,firefox,,1801801490,2023-11-27 20:49:55,535.0,5be201dbf09fac369541142298547108c80b52dd,1338533,,,,,,,,,,,,,,,,,,,,,,,,,,,,,,,,,,,,,,,,,,,,,,,,,,,,,,,,,,,,,TN,TN
autoland,4060512,13,77a9707257b88d3b15060667769a2def98a71cff,windows10-64-shippable-qr,True,False,,|c|o|l|d| |f|i|s|s|i|o|n| |i|n|t|e|r|a|c|t|i|v|e| |w|e|b|r|e|n|d|e|r|,102210fe594ee9b33d82058545b1ed14f4c8206e,LastVisualChange,reddit-billgates-post-1.posts,True,reddit-billgates-post-1.posts LastVisualChange opt cold fission webrender,,77,ms,firefox,,1801989994,2023-11-28 05:10:16,514.8,fbcb2af38cdaecde2b2da1efc0fc49b82fa9749e,1338781,,,,,,,,,,,,,,,,,,,,,,,,,,,,,,,,,,,,,,,,,,,,,,,,,,,,,,,,,,,,,TN,TN
autoland,4060512,13,77a9707257b88d3b15060667769a2def98a71cff,windows10-64-shippable-qr,True,False,,|c|o|l|d| |f|i|s|s|i|o|n| |i|n|t|e|r|a|c|t|i|v|e| |w|e|b|r|e|n|d|e|r|,102210fe594ee9b33d82058545b1ed14f4c8206e,LastVisualChange,reddit-billgates-post-1.posts,True,reddit-billgates-post-1.posts LastVisualChange opt cold fission webrender,,77,ms,firefox,,1802106617,2023-11-28 08:42:21,504.3,785b3d438fe5a8cba4caf5f4a2ed7250d324096c,1338855,,,,,,,,,,,,,,,,,,,,,,,,,,,,,,,,,,,,,,,,,,,,,,,,,,,,,,,,,,,,,TN,TN
autoland,4060512,13,77a9707257b88d3b15060667769a2def98a71cff,windows10-64-shippable-qr,True,False,,|c|o|l|d| |f|i|s|s|i|o|n| |i|n|t|e|r|a|c|t|i|v|e| |w|e|b|r|e|n|d|e|r|,102210fe594ee9b33d82058545b1ed14f4c8206e,LastVisualChange,reddit-billgates-post-1.posts,True,reddit-billgates-post-1.posts LastVisualChange opt cold fission webrender,,77,ms,firefox,,1802194203,2023-11-28 13:17:34,483.7,1957c4453ab1dfba8b7820dbf2fe772220e6eedc,1339007,,,,,,,,,,,,,,,,,,,,,,,,,,,,,,,,,,,,,,,,,,,,,,,,,,,,,,,,,,,,,TN,TN
autoland,4060512,13,77a9707257b88d3b15060667769a2def98a71cff,windows10-64-shippable-qr,True,False,,|c|o|l|d| |f|i|s|s|i|o|n| |i|n|t|e|r|a|c|t|i|v|e| |w|e|b|r|e|n|d|e|r|,102210fe594ee9b33d82058545b1ed14f4c8206e,LastVisualChange,reddit-billgates-post-1.posts,True,reddit-billgates-post-1.posts LastVisualChange opt cold fission webrender,,77,ms,firefox,,1802446354,2023-11-28 14:12:32,515.7,0745c3e29ba3856c91cbae74bd41d2135137bfd0,1339043,,,,,,,,,,,,,,,,,,,,,,,,,,,,,,,,,,,,,,,,,,,,,,,,,,,,,,,,,,,,,TN,TN
autoland,4060512,13,77a9707257b88d3b15060667769a2def98a71cff,windows10-64-shippable-qr,True,False,,|c|o|l|d| |f|i|s|s|i|o|n| |i|n|t|e|r|a|c|t|i|v|e| |w|e|b|r|e|n|d|e|r|,102210fe594ee9b33d82058545b1ed14f4c8206e,LastVisualChange,reddit-billgates-post-1.posts,True,reddit-billgates-post-1.posts LastVisualChange opt cold fission webrender,,77,ms,firefox,,1802640739,2023-11-28 16:53:43,519.5,c1578c9d7374f0a4d2f60dd492afff5058476d7c,1339126,,,,,,,,,,,,,,,,,,,,,,,,,,,,,,,,,,,,,,,,,,,,,,,,,,,,,,,,,,,,,TN,TN
autoland,4060512,13,77a9707257b88d3b15060667769a2def98a71cff,windows10-64-shippable-qr,True,False,,|c|o|l|d| |f|i|s|s|i|o|n| |i|n|t|e|r|a|c|t|i|v|e| |w|e|b|r|e|n|d|e|r|,102210fe594ee9b33d82058545b1ed14f4c8206e,LastVisualChange,reddit-billgates-post-1.posts,True,reddit-billgates-post-1.posts LastVisualChange opt cold fission webrender,,77,ms,firefox,,1802754949,2023-11-28 16:54:57,538.5,811f3fca797dc74faed8ca9ae123fb8b16a88701,1339130,,,,,,,,,,,,,,,,,,,,,,,,,,,,,,,,,,,,,,,,,,,,,,,,,,,,,,,,,,,,,TN,TN
autoland,4060512,13,77a9707257b88d3b15060667769a2def98a71cff,windows10-64-shippable-qr,True,False,,|c|o|l|d| |f|i|s|s|i|o|n| |i|n|t|e|r|a|c|t|i|v|e| |w|e|b|r|e|n|d|e|r|,102210fe594ee9b33d82058545b1ed14f4c8206e,LastVisualChange,reddit-billgates-post-1.posts,True,reddit-billgates-post-1.posts LastVisualChange opt cold fission webrender,,77,ms,firefox,,1802515773,2023-11-28 17:36:07,485.5,691b7e1a899214d8685841da762bd2b2415fa569,1339183,,,,,,,,,,,,,,,,,,,,,,,,,,,,,,,,,,,,,,,,,,,,,,,,,,,,,,,,,,,,,TN,TN
autoland,4060512,13,77a9707257b88d3b15060667769a2def98a71cff,windows10-64-shippable-qr,True,False,,|c|o|l|d| |f|i|s|s|i|o|n| |i|n|t|e|r|a|c|t|i|v|e| |w|e|b|r|e|n|d|e|r|,102210fe594ee9b33d82058545b1ed14f4c8206e,LastVisualChange,reddit-billgates-post-1.posts,True,reddit-billgates-post-1.posts LastVisualChange opt cold fission webrender,,77,ms,firefox,,1802529689,2023-11-28 21:29:24,509.3,000fea3a9ed37b16c009c76e8af859a50c9234dc,1339366,,,,,,,,,,,,,,,,,,,,,,,,,,,,,,,,,,,,,,,,,,,,,,,,,,,,,,,,,,,,,TN,TN
autoland,4060512,13,77a9707257b88d3b15060667769a2def98a71cff,windows10-64-shippable-qr,True,False,,|c|o|l|d| |f|i|s|s|i|o|n| |i|n|t|e|r|a|c|t|i|v|e| |w|e|b|r|e|n|d|e|r|,102210fe594ee9b33d82058545b1ed14f4c8206e,LastVisualChange,reddit-billgates-post-1.posts,True,reddit-billgates-post-1.posts LastVisualChange opt cold fission webrender,,77,ms,firefox,,1802612492,2023-11-29 01:28:26,514.4,a162f6ee0eef32a68c73ddb77aa04efda3afeb7c,1339520,,,,,,,,,,,,,,,,,,,,,,,,,,,,,,,,,,,,,,,,,,,,,,,,,,,,,,,,,,,,,TN,TN
autoland,4060512,13,77a9707257b88d3b15060667769a2def98a71cff,windows10-64-shippable-qr,True,False,,|c|o|l|d| |f|i|s|s|i|o|n| |i|n|t|e|r|a|c|t|i|v|e| |w|e|b|r|e|n|d|e|r|,102210fe594ee9b33d82058545b1ed14f4c8206e,LastVisualChange,reddit-billgates-post-1.posts,True,reddit-billgates-post-1.posts LastVisualChange opt cold fission webrender,,77,ms,firefox,,1802896857,2023-11-29 06:56:45,518.3,b675f0a9e569a63bedb249150a2be6b3e15197f9,1339623,,,,,,,,,,,,,,,,,,,,,,,,,,,,,,,,,,,,,,,,,,,,,,,,,,,,,,,,,,,,,TN,TN
autoland,4060512,13,77a9707257b88d3b15060667769a2def98a71cff,windows10-64-shippable-qr,True,False,,|c|o|l|d| |f|i|s|s|i|o|n| |i|n|t|e|r|a|c|t|i|v|e| |w|e|b|r|e|n|d|e|r|,102210fe594ee9b33d82058545b1ed14f4c8206e,LastVisualChange,reddit-billgates-post-1.posts,True,reddit-billgates-post-1.posts LastVisualChange opt cold fission webrender,,77,ms,firefox,,1802932738,2023-11-29 09:02:39,548.6,66c2fb78dfe25ce9af21d0e1dd82f62dbb5da53f,1339662,,,,,,,,,,,,,,,,,,,,,,,,,,,,,,,,,,,,,,,,,,,,,,,,,,,,,,,,,,,,,TN,TN
autoland,4060512,13,77a9707257b88d3b15060667769a2def98a71cff,windows10-64-shippable-qr,True,False,,|c|o|l|d| |f|i|s|s|i|o|n| |i|n|t|e|r|a|c|t|i|v|e| |w|e|b|r|e|n|d|e|r|,102210fe594ee9b33d82058545b1ed14f4c8206e,LastVisualChange,reddit-billgates-post-1.posts,True,reddit-billgates-post-1.posts LastVisualChange opt cold fission webrender,,77,ms,firefox,,1803083454,2023-11-29 13:11:23,505.4,be2b109ddbb7f38c98c25b3c79c036f6f06f81fb,1339776,,,,,,,,,,,,,,,,,,,,,,,,,,,,,,,,,,,,,,,,,,,,,,,,,,,,,,,,,,,,,TN,TN
autoland,4060512,13,77a9707257b88d3b15060667769a2def98a71cff,windows10-64-shippable-qr,True,False,,|c|o|l|d| |f|i|s|s|i|o|n| |i|n|t|e|r|a|c|t|i|v|e| |w|e|b|r|e|n|d|e|r|,102210fe594ee9b33d82058545b1ed14f4c8206e,LastVisualChange,reddit-billgates-post-1.posts,True,reddit-billgates-post-1.posts LastVisualChange opt cold fission webrender,,77,ms,firefox,,1803779864,2023-11-29 13:16:15,521.8,74f50e5d5557c1a8977dbafaa1f73d141c2380a8,1339778,,,,,,,,,,,,,,,,,,,,,,,,,,,,,,,,,,,,,,,,,,,,,,,,,,,,,,,,,,,,,TN,TN
autoland,4060512,13,77a9707257b88d3b15060667769a2def98a71cff,windows10-64-shippable-qr,True,False,,|c|o|l|d| |f|i|s|s|i|o|n| |i|n|t|e|r|a|c|t|i|v|e| |w|e|b|r|e|n|d|e|r|,102210fe594ee9b33d82058545b1ed14f4c8206e,LastVisualChange,reddit-billgates-post-1.posts,True,reddit-billgates-post-1.posts LastVisualChange opt cold fission webrender,,77,ms,firefox,,1803495651,2023-11-29 13:25:22,557.9,f5a30ad398a0617b6209b0fb871a4aa1c87ed26c,1339781,,,,,,,,,,,,,,,,,,,,,,,,,,,,,,,,,,,,,,,,,,,,,,,,,,,,,,,,,,,,,TN,TN
autoland,4060512,13,77a9707257b88d3b15060667769a2def98a71cff,windows10-64-shippable-qr,True,False,,|c|o|l|d| |f|i|s|s|i|o|n| |i|n|t|e|r|a|c|t|i|v|e| |w|e|b|r|e|n|d|e|r|,102210fe594ee9b33d82058545b1ed14f4c8206e,LastVisualChange,reddit-billgates-post-1.posts,True,reddit-billgates-post-1.posts LastVisualChange opt cold fission webrender,,77,ms,firefox,,1803488787,2023-11-29 14:26:21,515.8,e85c84028c440fb186322761a11035030f0eb94a,1339813,,,,,,,,,,,,,,,,,,,,,,,,,,,,,,,,,,,,,,,,,,,,,,,,,,,,,,,,,,,,,TN,TN
autoland,4060512,13,77a9707257b88d3b15060667769a2def98a71cff,windows10-64-shippable-qr,True,False,,|c|o|l|d| |f|i|s|s|i|o|n| |i|n|t|e|r|a|c|t|i|v|e| |w|e|b|r|e|n|d|e|r|,102210fe594ee9b33d82058545b1ed14f4c8206e,LastVisualChange,reddit-billgates-post-1.posts,True,reddit-billgates-post-1.posts LastVisualChange opt cold fission webrender,,77,ms,firefox,,1803527081,2023-11-29 14:33:23,511.6,fd253d27e64ec2f0a321ef83bffbcf28392e9f88,1339819,,,,,,,,,,,,,,,,,,,,,,,,,,,,,,,,,,,,,,,,,,,,,,,,,,,,,,,,,,,,,TN,TN
autoland,4060512,13,77a9707257b88d3b15060667769a2def98a71cff,windows10-64-shippable-qr,True,False,,|c|o|l|d| |f|i|s|s|i|o|n| |i|n|t|e|r|a|c|t|i|v|e| |w|e|b|r|e|n|d|e|r|,102210fe594ee9b33d82058545b1ed14f4c8206e,LastVisualChange,reddit-billgates-post-1.posts,True,reddit-billgates-post-1.posts LastVisualChange opt cold fission webrender,,77,ms,firefox,,1803645253,2023-11-29 14:35:24,532.6,dd4895b622d097df1c1335545c2b0b884709db00,1339824,,,,,,,,,,,,,,,,,,,,,,,,,,,,,,,,,,,,,,,,,,,,,,,,,,,,,,,,,,,,,TN,TN
autoland,4060512,13,77a9707257b88d3b15060667769a2def98a71cff,windows10-64-shippable-qr,True,False,,|c|o|l|d| |f|i|s|s|i|o|n| |i|n|t|e|r|a|c|t|i|v|e| |w|e|b|r|e|n|d|e|r|,102210fe594ee9b33d82058545b1ed14f4c8206e,LastVisualChange,reddit-billgates-post-1.posts,True,reddit-billgates-post-1.posts LastVisualChange opt cold fission webrender,,77,ms,firefox,,1803761571,2023-11-29 14:36:19,518.5,4c5b2b4298575e99e99d7203ecdb33fe66c65358,1339826,,,,,,,,,,,,,,,,,,,,,,,,,,,,,,,,,,,,,,,,,,,,,,,,,,,,,,,,,,,,,TN,TN
autoland,4060512,13,77a9707257b88d3b15060667769a2def98a71cff,windows10-64-shippable-qr,True,False,,|c|o|l|d| |f|i|s|s|i|o|n| |i|n|t|e|r|a|c|t|i|v|e| |w|e|b|r|e|n|d|e|r|,102210fe594ee9b33d82058545b1ed14f4c8206e,LastVisualChange,reddit-billgates-post-1.posts,True,reddit-billgates-post-1.posts LastVisualChange opt cold fission webrender,,77,ms,firefox,,1803212825,2023-11-29 17:15:33,534.5,0008fcc93b9b4a6aa22e3abf1888be08024320e9,1339929,,,,,,,,,,,,,,,,,,,,,,,,,,,,,,,,,,,,,,,,,,,,,,,,,,,,,,,,,,,,,TN,TN
autoland,4060512,13,77a9707257b88d3b15060667769a2def98a71cff,windows10-64-shippable-qr,True,False,,|c|o|l|d| |f|i|s|s|i|o|n| |i|n|t|e|r|a|c|t|i|v|e| |w|e|b|r|e|n|d|e|r|,102210fe594ee9b33d82058545b1ed14f4c8206e,LastVisualChange,reddit-billgates-post-1.posts,True,reddit-billgates-post-1.posts LastVisualChange opt cold fission webrender,,77,ms,firefox,,1803298170,2023-11-29 22:52:27,519.0,65a0553b296ae1432e5d18c3d2d607cacbb0a35e,1340166,,,,,,,,,,,,,,,,,,,,,,,,,,,,,,,,,,,,,,,,,,,,,,,,,,,,,,,,,,,,,TN,TN
autoland,4060512,13,77a9707257b88d3b15060667769a2def98a71cff,windows10-64-shippable-qr,True,False,,|c|o|l|d| |f|i|s|s|i|o|n| |i|n|t|e|r|a|c|t|i|v|e| |w|e|b|r|e|n|d|e|r|,102210fe594ee9b33d82058545b1ed14f4c8206e,LastVisualChange,reddit-billgates-post-1.posts,True,reddit-billgates-post-1.posts LastVisualChange opt cold fission webrender,,77,ms,firefox,,1803310334,2023-11-29 22:59:56,574.5,4bbe309179a5869e893e8f9ed2b110ef00ccec95,1340178,,,,,,,,,,,,,,,,,,,,,,,,,,,,,,,,,,,,,,,,,,,,,,,,,,,,,,,,,,,,,TN,TN
autoland,4060512,13,77a9707257b88d3b15060667769a2def98a71cff,windows10-64-shippable-qr,True,False,,|c|o|l|d| |f|i|s|s|i|o|n| |i|n|t|e|r|a|c|t|i|v|e| |w|e|b|r|e|n|d|e|r|,102210fe594ee9b33d82058545b1ed14f4c8206e,LastVisualChange,reddit-billgates-post-1.posts,True,reddit-billgates-post-1.posts LastVisualChange opt cold fission webrender,,77,ms,firefox,,1803453616,2023-11-29 23:02:37,535.1,7e08f5f9cbb4e38b3579328b49609d065203415a,1340181,,,,,,,,,,,,,,,,,,,,,,,,,,,,,,,,,,,,,,,,,,,,,,,,,,,,,,,,,,,,,TN,TN
autoland,4060512,13,77a9707257b88d3b15060667769a2def98a71cff,windows10-64-shippable-qr,True,False,,|c|o|l|d| |f|i|s|s|i|o|n| |i|n|t|e|r|a|c|t|i|v|e| |w|e|b|r|e|n|d|e|r|,102210fe594ee9b33d82058545b1ed14f4c8206e,LastVisualChange,reddit-billgates-post-1.posts,True,reddit-billgates-post-1.posts LastVisualChange opt cold fission webrender,,77,ms,firefox,,1803637993,2023-11-29 23:03:31,504.9,48f667e357c8e6dea764cb3ad69d2bce2f1e093b,1340182,,,,,,,,,,,,,,,,,,,,,,,,,,,,,,,,,,,,,,,,,,,,,,,,,,,,,,,,,,,,,TN,TN
autoland,4060512,13,77a9707257b88d3b15060667769a2def98a71cff,windows10-64-shippable-qr,True,False,,|c|o|l|d| |f|i|s|s|i|o|n| |i|n|t|e|r|a|c|t|i|v|e| |w|e|b|r|e|n|d|e|r|,102210fe594ee9b33d82058545b1ed14f4c8206e,LastVisualChange,reddit-billgates-post-1.posts,True,reddit-billgates-post-1.posts LastVisualChange opt cold fission webrender,,77,ms,firefox,,1803427875,2023-11-30 04:33:01,507.5,556c8b22cbbbcc165c42b2c52ebdfd01be3cee6b,1340302,,,,,,,,,,,,,,,,,,,,,,,,,,,,,,,,,,,,,,,,,,,,,,,,,,,,,,,,,,,,,TN,TN
autoland,4060512,13,77a9707257b88d3b15060667769a2def98a71cff,windows10-64-shippable-qr,True,False,,|c|o|l|d| |f|i|s|s|i|o|n| |i|n|t|e|r|a|c|t|i|v|e| |w|e|b|r|e|n|d|e|r|,102210fe594ee9b33d82058545b1ed14f4c8206e,LastVisualChange,reddit-billgates-post-1.posts,True,reddit-billgates-post-1.posts LastVisualChange opt cold fission webrender,,77,ms,firefox,,1804016302,2023-11-30 13:07:37,531.7,120432262a8cb73f69c8d683b4ddec3a037cbd91,1340520,,,,,,,,,,,,,,,,,,,,,,,,,,,,,,,,,,,,,,,,,,,,,,,,,,,,,,,,,,,,,TN,TN
autoland,4060512,13,77a9707257b88d3b15060667769a2def98a71cff,windows10-64-shippable-qr,True,False,,|c|o|l|d| |f|i|s|s|i|o|n| |i|n|t|e|r|a|c|t|i|v|e| |w|e|b|r|e|n|d|e|r|,102210fe594ee9b33d82058545b1ed14f4c8206e,LastVisualChange,reddit-billgates-post-1.posts,True,reddit-billgates-post-1.posts LastVisualChange opt cold fission webrender,,77,ms,firefox,,1804107292,2023-11-30 13:51:04,512.3,1d1fb9d5a4974d94e8c317f226c962fd351eae27,1340541,,,,,,,,,,,,,,,,,,,,,,,,,,,,,,,,,,,,,,,,,,,,,,,,,,,,,,,,,,,,,TN,TN
autoland,4060512,13,77a9707257b88d3b15060667769a2def98a71cff,windows10-64-shippable-qr,True,False,,|c|o|l|d| |f|i|s|s|i|o|n| |i|n|t|e|r|a|c|t|i|v|e| |w|e|b|r|e|n|d|e|r|,102210fe594ee9b33d82058545b1ed14f4c8206e,LastVisualChange,reddit-billgates-post-1.posts,True,reddit-billgates-post-1.posts LastVisualChange opt cold fission webrender,,77,ms,firefox,,1804403645,2023-11-30 16:04:41,479.0,fc19848f02cea14c4cf8e366ff394ce03a4f08d6,1340656,,,,,,,,,,,,,,,,,,,,,,,,,,,,,,,,,,,,,,,,,,,,,,,,,,,,,,,,,,,,,TN,TN
autoland,4060512,13,77a9707257b88d3b15060667769a2def98a71cff,windows10-64-shippable-qr,True,False,,|c|o|l|d| |f|i|s|s|i|o|n| |i|n|t|e|r|a|c|t|i|v|e| |w|e|b|r|e|n|d|e|r|,102210fe594ee9b33d82058545b1ed14f4c8206e,LastVisualChange,reddit-billgates-post-1.posts,True,reddit-billgates-post-1.posts LastVisualChange opt cold fission webrender,,77,ms,firefox,,1804376142,2023-11-30 16:12:44,535.2,cfbcbcd48790bbc8b8a901aeacef87a2bd174e5c,1340664,,,,,,,,,,,,,,,,,,,,,,,,,,,,,,,,,,,,,,,,,,,,,,,,,,,,,,,,,,,,,TN,TN
autoland,4060512,13,77a9707257b88d3b15060667769a2def98a71cff,windows10-64-shippable-qr,True,False,,|c|o|l|d| |f|i|s|s|i|o|n| |i|n|t|e|r|a|c|t|i|v|e| |w|e|b|r|e|n|d|e|r|,102210fe594ee9b33d82058545b1ed14f4c8206e,LastVisualChange,reddit-billgates-post-1.posts,True,reddit-billgates-post-1.posts LastVisualChange opt cold fission webrender,,77,ms,firefox,,1804168797,2023-11-30 17:04:12,511.5,3ec1ddf45e5a6562bd1d81fe4144541880bf3a24,1340716,,,,,,,,,,,,,,,,,,,,,,,,,,,,,,,,,,,,,,,,,,,,,,,,,,,,,,,,,,,,,TN,TN
autoland,4060512,13,77a9707257b88d3b15060667769a2def98a71cff,windows10-64-shippable-qr,True,False,,|c|o|l|d| |f|i|s|s|i|o|n| |i|n|t|e|r|a|c|t|i|v|e| |w|e|b|r|e|n|d|e|r|,102210fe594ee9b33d82058545b1ed14f4c8206e,LastVisualChange,reddit-billgates-post-1.posts,True,reddit-billgates-post-1.posts LastVisualChange opt cold fission webrender,,77,ms,firefox,,1804409112,2023-11-30 17:37:56,485.2,8dde1f563468bd246dff71c96a31d7f075ce7d56,1340742,,,,,,,,,,,,,,,,,,,,,,,,,,,,,,,,,,,,,,,,,,,,,,,,,,,,,,,,,,,,,TN,TN
autoland,4060512,13,77a9707257b88d3b15060667769a2def98a71cff,windows10-64-shippable-qr,True,False,,|c|o|l|d| |f|i|s|s|i|o|n| |i|n|t|e|r|a|c|t|i|v|e| |w|e|b|r|e|n|d|e|r|,102210fe594ee9b33d82058545b1ed14f4c8206e,LastVisualChange,reddit-billgates-post-1.posts,True,reddit-billgates-post-1.posts LastVisualChange opt cold fission webrender,,77,ms,firefox,,1804439704,2023-11-30 17:40:15,507.3,df0f4cc6bda107aa2615bb366ec2b7d26773e889,1340743,,,,,,,,,,,,,,,,,,,,,,,,,,,,,,,,,,,,,,,,,,,,,,,,,,,,,,,,,,,,,TN,TN
autoland,4060512,13,77a9707257b88d3b15060667769a2def98a71cff,windows10-64-shippable-qr,True,False,,|c|o|l|d| |f|i|s|s|i|o|n| |i|n|t|e|r|a|c|t|i|v|e| |w|e|b|r|e|n|d|e|r|,102210fe594ee9b33d82058545b1ed14f4c8206e,LastVisualChange,reddit-billgates-post-1.posts,True,reddit-billgates-post-1.posts LastVisualChange opt cold fission webrender,,77,ms,firefox,,1804199539,2023-11-30 20:20:14,528.7,620e49ab6438e8c933133e9b4eb7a11188514a70,1340881,,,,,,,,,,,,,,,,,,,,,,,,,,,,,,,,,,,,,,,,,,,,,,,,,,,,,,,,,,,,,TN,TN
autoland,4060512,13,77a9707257b88d3b15060667769a2def98a71cff,windows10-64-shippable-qr,True,False,,|c|o|l|d| |f|i|s|s|i|o|n| |i|n|t|e|r|a|c|t|i|v|e| |w|e|b|r|e|n|d|e|r|,102210fe594ee9b33d82058545b1ed14f4c8206e,LastVisualChange,reddit-billgates-post-1.posts,True,reddit-billgates-post-1.posts LastVisualChange opt cold fission webrender,,77,ms,firefox,,1804233889,2023-11-30 22:54:04,501.7,68378d2409bc693ef00f3f157ecaea7067df7edc,1340995,,,,,,,,,,,,,,,,,,,,,,,,,,,,,,,,,,,,,,,,,,,,,,,,,,,,,,,,,,,,,TN,TN
autoland,4060512,13,77a9707257b88d3b15060667769a2def98a71cff,windows10-64-shippable-qr,True,False,,|c|o|l|d| |f|i|s|s|i|o|n| |i|n|t|e|r|a|c|t|i|v|e| |w|e|b|r|e|n|d|e|r|,102210fe594ee9b33d82058545b1ed14f4c8206e,LastVisualChange,reddit-billgates-post-1.posts,True,reddit-billgates-post-1.posts LastVisualChange opt cold fission webrender,,77,ms,firefox,,1804255554,2023-12-01 03:29:20,517.6,a1795b069cc23fbcb93366d99b3ddfb8664f054c,1341103,,,,,,,,,,,,,,,,,,,,,,,,,,,,,,,,,,,,,,,,,,,,,,,,,,,,,,,,,,,,,TN,TN
autoland,4060512,13,77a9707257b88d3b15060667769a2def98a71cff,windows10-64-shippable-qr,True,False,,|c|o|l|d| |f|i|s|s|i|o|n| |i|n|t|e|r|a|c|t|i|v|e| |w|e|b|r|e|n|d|e|r|,102210fe594ee9b33d82058545b1ed14f4c8206e,LastVisualChange,reddit-billgates-post-1.posts,True,reddit-billgates-post-1.posts LastVisualChange opt cold fission webrender,,77,ms,firefox,,1804445117,2023-12-01 07:13:54,520.0,81869d55a8d7b3d1d573810ab4e99f63cbe11a8a,1341156,,,,,,,,,,,,,,,,,,,,,,,,,,,,,,,,,,,,,,,,,,,,,,,,,,,,,,,,,,,,,TN,TN
autoland,4060512,13,77a9707257b88d3b15060667769a2def98a71cff,windows10-64-shippable-qr,True,False,,|c|o|l|d| |f|i|s|s|i|o|n| |i|n|t|e|r|a|c|t|i|v|e| |w|e|b|r|e|n|d|e|r|,102210fe594ee9b33d82058545b1ed14f4c8206e,LastVisualChange,reddit-billgates-post-1.posts,True,reddit-billgates-post-1.posts LastVisualChange opt cold fission webrender,,77,ms,firefox,,1804486770,2023-12-01 11:47:02,511.5,7440634a33a31738fc145eeac0bb47bc73fc64a0,1341285,,,,,,,,,,,,,,,,,,,,,,,,,,,,,,,,,,,,,,,,,,,,,,,,,,,,,,,,,,,,,TN,TN
autoland,4060512,13,77a9707257b88d3b15060667769a2def98a71cff,windows10-64-shippable-qr,True,False,,|c|o|l|d| |f|i|s|s|i|o|n| |i|n|t|e|r|a|c|t|i|v|e| |w|e|b|r|e|n|d|e|r|,102210fe594ee9b33d82058545b1ed14f4c8206e,LastVisualChange,reddit-billgates-post-1.posts,True,reddit-billgates-post-1.posts LastVisualChange opt cold fission webrender,,77,ms,firefox,,1804528634,2023-12-01 14:17:01,528.5,22b9561cfef1c56a9940f5117d7ff6a754861629,1341402,,,,,,,,,,,,,,,,,,,,,,,,,,,,,,,,,,,,,,,,,,,,,,,,,,,,,,,,,,,,,TN,TN
autoland,4060512,13,77a9707257b88d3b15060667769a2def98a71cff,windows10-64-shippable-qr,True,False,,|c|o|l|d| |f|i|s|s|i|o|n| |i|n|t|e|r|a|c|t|i|v|e| |w|e|b|r|e|n|d|e|r|,102210fe594ee9b33d82058545b1ed14f4c8206e,LastVisualChange,reddit-billgates-post-1.posts,True,reddit-billgates-post-1.posts LastVisualChange opt cold fission webrender,,77,ms,firefox,,1804558911,2023-12-01 17:28:20,495.9,efe09552a4d3540f0639e50d023f74997921fa37,1341534,,,,,,,,,,,,,,,,,,,,,,,,,,,,,,,,,,,,,,,,,,,,,,,,,,,,,,,,,,,,,TN,TN
autoland,4060512,13,77a9707257b88d3b15060667769a2def98a71cff,windows10-64-shippable-qr,True,False,,|c|o|l|d| |f|i|s|s|i|o|n| |i|n|t|e|r|a|c|t|i|v|e| |w|e|b|r|e|n|d|e|r|,102210fe594ee9b33d82058545b1ed14f4c8206e,LastVisualChange,reddit-billgates-post-1.posts,True,reddit-billgates-post-1.posts LastVisualChange opt cold fission webrender,,77,ms,firefox,,1804740620,2023-12-01 19:21:29,522.3,395e2da83ee8013844620d77f01730af2164eafc,1341607,,,,,,,,,,,,,,,,,,,,,,,,,,,,,,,,,,,,,,,,,,,,,,,,,,,,,,,,,,,,,TN,TN
autoland,4060512,13,77a9707257b88d3b15060667769a2def98a71cff,windows10-64-shippable-qr,True,False,,|c|o|l|d| |f|i|s|s|i|o|n| |i|n|t|e|r|a|c|t|i|v|e| |w|e|b|r|e|n|d|e|r|,102210fe594ee9b33d82058545b1ed14f4c8206e,LastVisualChange,reddit-billgates-post-1.posts,True,reddit-billgates-post-1.posts LastVisualChange opt cold fission webrender,,77,ms,firefox,,1804820372,2023-12-01 19:22:33,520.4,79ab6b2ca205df8f3aea4a749d7f81c062b9d1cb,1341609,,,,,,,,,,,,,,,,,,,,,,,,,,,,,,,,,,,,,,,,,,,,,,,,,,,,,,,,,,,,,TN,TN
autoland,4060512,13,77a9707257b88d3b15060667769a2def98a71cff,windows10-64-shippable-qr,True,False,,|c|o|l|d| |f|i|s|s|i|o|n| |i|n|t|e|r|a|c|t|i|v|e| |w|e|b|r|e|n|d|e|r|,102210fe594ee9b33d82058545b1ed14f4c8206e,LastVisualChange,reddit-billgates-post-1.posts,True,reddit-billgates-post-1.posts LastVisualChange opt cold fission webrender,,77,ms,firefox,,1804759841,2023-12-01 19:31:46,513.6,97bd03fdb1bec86b388b3393aa328608da4b388d,1341619,,,,,,,,,,,,,,,,,,,,,,,,,,,,,,,,,,,,,,,,,,,,,,,,,,,,,,,,,,,,,TN,TN
autoland,4060512,13,77a9707257b88d3b15060667769a2def98a71cff,windows10-64-shippable-qr,True,False,,|c|o|l|d| |f|i|s|s|i|o|n| |i|n|t|e|r|a|c|t|i|v|e| |w|e|b|r|e|n|d|e|r|,102210fe594ee9b33d82058545b1ed14f4c8206e,LastVisualChange,reddit-billgates-post-1.posts,True,reddit-billgates-post-1.posts LastVisualChange opt cold fission webrender,,77,ms,firefox,,1804801971,2023-12-01 20:03:19,505.9,9f4e654aca48bbf21fe893213989c7eef3cac4d7,1341635,,,,,,,,,,,,,,,,,,,,,,,,,,,,,,,,,,,,,,,,,,,,,,,,,,,,,,,,,,,,,TN,TN
autoland,4060512,13,77a9707257b88d3b15060667769a2def98a71cff,windows10-64-shippable-qr,True,False,,|c|o|l|d| |f|i|s|s|i|o|n| |i|n|t|e|r|a|c|t|i|v|e| |w|e|b|r|e|n|d|e|r|,102210fe594ee9b33d82058545b1ed14f4c8206e,LastVisualChange,reddit-billgates-post-1.posts,True,reddit-billgates-post-1.posts LastVisualChange opt cold fission webrender,,77,ms,firefox,,1804632793,2023-12-01 20:34:55,501.5,a5a9381a759e44485d639727614ceb2b77851c90,1341661,,,,,,,,,,,,,,,,,,,,,,,,,,,,,,,,,,,,,,,,,,,,,,,,,,,,,,,,,,,,,TN,TN
autoland,4060512,13,77a9707257b88d3b15060667769a2def98a71cff,windows10-64-shippable-qr,True,False,,|c|o|l|d| |f|i|s|s|i|o|n| |i|n|t|e|r|a|c|t|i|v|e| |w|e|b|r|e|n|d|e|r|,102210fe594ee9b33d82058545b1ed14f4c8206e,LastVisualChange,reddit-billgates-post-1.posts,True,reddit-billgates-post-1.posts LastVisualChange opt cold fission webrender,,77,ms,firefox,,1804777179,2023-12-01 20:38:14,501.3,31ee979a197aa22bdbd9ddf747e6adccea5b591d,1341662,,,,,,,,,,,,,,,,,,,,,,,,,,,,,,,,,,,,,,,,,,,,,,,,,,,,,,,,,,,,,TN,TN
autoland,4060512,13,77a9707257b88d3b15060667769a2def98a71cff,windows10-64-shippable-qr,True,False,,|c|o|l|d| |f|i|s|s|i|o|n| |i|n|t|e|r|a|c|t|i|v|e| |w|e|b|r|e|n|d|e|r|,102210fe594ee9b33d82058545b1ed14f4c8206e,LastVisualChange,reddit-billgates-post-1.posts,True,reddit-billgates-post-1.posts LastVisualChange opt cold fission webrender,,77,ms,firefox,,1804783033,2023-12-01 20:38:14,508.1,31ee979a197aa22bdbd9ddf747e6adccea5b591d,1341662,,,,,,,,,,,,,,,,,,,,,,,,,,,,,,,,,,,,,,,,,,,,,,,,,,,,,,,,,,,,,TN,TN
autoland,4060512,13,77a9707257b88d3b15060667769a2def98a71cff,windows10-64-shippable-qr,True,False,,|c|o|l|d| |f|i|s|s|i|o|n| |i|n|t|e|r|a|c|t|i|v|e| |w|e|b|r|e|n|d|e|r|,102210fe594ee9b33d82058545b1ed14f4c8206e,LastVisualChange,reddit-billgates-post-1.posts,True,reddit-billgates-post-1.posts LastVisualChange opt cold fission webrender,,77,ms,firefox,,1804757282,2023-12-01 20:53:45,505.1,2a52041afc10652845d2b12c671546363922fbdd,1341673,,,,,,,,,,,,,,,,,,,,,,,,,,,,,,,,,,,,,,,,,,,,,,,,,,,,,,,,,,,,,TN,TN
autoland,4060512,13,77a9707257b88d3b15060667769a2def98a71cff,windows10-64-shippable-qr,True,False,,|c|o|l|d| |f|i|s|s|i|o|n| |i|n|t|e|r|a|c|t|i|v|e| |w|e|b|r|e|n|d|e|r|,102210fe594ee9b33d82058545b1ed14f4c8206e,LastVisualChange,reddit-billgates-post-1.posts,True,reddit-billgates-post-1.posts LastVisualChange opt cold fission webrender,,77,ms,firefox,,1804807620,2023-12-01 23:29:44,514.9,387f8657fe91f06ad2988f2381601d3f55533a9b,1341770,,,,,,,,,,,,,,,,,,,,,,,,,,,,,,,,,,,,,,,,,,,,,,,,,,,,,,,,,,,,,TN,TN
autoland,4060512,13,77a9707257b88d3b15060667769a2def98a71cff,windows10-64-shippable-qr,True,False,,|c|o|l|d| |f|i|s|s|i|o|n| |i|n|t|e|r|a|c|t|i|v|e| |w|e|b|r|e|n|d|e|r|,102210fe594ee9b33d82058545b1ed14f4c8206e,LastVisualChange,reddit-billgates-post-1.posts,True,reddit-billgates-post-1.posts LastVisualChange opt cold fission webrender,,77,ms,firefox,,1804816313,2023-12-01 23:35:18,508.2,b2c7644e41eb5e082bf26a7b02cf780d20bada1c,1341772,,,,,,,,,,,,,,,,,,,,,,,,,,,,,,,,,,,,,,,,,,,,,,,,,,,,,,,,,,,,,TN,TN
autoland,4060512,13,77a9707257b88d3b15060667769a2def98a71cff,windows10-64-shippable-qr,True,False,,|c|o|l|d| |f|i|s|s|i|o|n| |i|n|t|e|r|a|c|t|i|v|e| |w|e|b|r|e|n|d|e|r|,102210fe594ee9b33d82058545b1ed14f4c8206e,LastVisualChange,reddit-billgates-post-1.posts,True,reddit-billgates-post-1.posts LastVisualChange opt cold fission webrender,,77,ms,firefox,,1804724064,2023-12-02 01:52:53,504.0,bf4c1083cec10076ccbf07f2cfc3e18b04d0bf72,1341816,,,,,,,,,,,,,,,,,,,,,,,,,,,,,,,,,,,,,,,,,,,,,,,,,,,,,,,,,,,,,TN,TN
autoland,4060512,13,77a9707257b88d3b15060667769a2def98a71cff,windows10-64-shippable-qr,True,False,,|c|o|l|d| |f|i|s|s|i|o|n| |i|n|t|e|r|a|c|t|i|v|e| |w|e|b|r|e|n|d|e|r|,102210fe594ee9b33d82058545b1ed14f4c8206e,LastVisualChange,reddit-billgates-post-1.posts,True,reddit-billgates-post-1.posts LastVisualChange opt cold fission webrender,,77,ms,firefox,,1804854380,2023-12-02 08:10:23,517.7,965cddb8421900af69da86a586e617bf7dec3b56,1341832,,,,,,,,,,,,,,,,,,,,,,,,,,,,,,,,,,,,,,,,,,,,,,,,,,,,,,,,,,,,,TN,TN
autoland,4060512,13,77a9707257b88d3b15060667769a2def98a71cff,windows10-64-shippable-qr,True,False,,|c|o|l|d| |f|i|s|s|i|o|n| |i|n|t|e|r|a|c|t|i|v|e| |w|e|b|r|e|n|d|e|r|,102210fe594ee9b33d82058545b1ed14f4c8206e,LastVisualChange,reddit-billgates-post-1.posts,True,reddit-billgates-post-1.posts LastVisualChange opt cold fission webrender,,77,ms,firefox,,1804946281,2023-12-02 14:39:28,503.6,2d582fee4916ee442de05970cc77f7be702c22a2,1341863,,,,,,,,,,,,,,,,,,,,,,,,,,,,,,,,,,,,,,,,,,,,,,,,,,,,,,,,,,,,,TN,TN
autoland,4060512,13,77a9707257b88d3b15060667769a2def98a71cff,windows10-64-shippable-qr,True,False,,|c|o|l|d| |f|i|s|s|i|o|n| |i|n|t|e|r|a|c|t|i|v|e| |w|e|b|r|e|n|d|e|r|,102210fe594ee9b33d82058545b1ed14f4c8206e,LastVisualChange,reddit-billgates-post-1.posts,True,reddit-billgates-post-1.posts LastVisualChange opt cold fission webrender,,77,ms,firefox,,1805020816,2023-12-02 18:55:31,512.6,d5a2cb7b9272b5c9cdfe4a0397c570ce5f9260bf,1341891,,,,,,,,,,,,,,,,,,,,,,,,,,,,,,,,,,,,,,,,,,,,,,,,,,,,,,,,,,,,,TN,TN
autoland,4060512,13,77a9707257b88d3b15060667769a2def98a71cff,windows10-64-shippable-qr,True,False,,|c|o|l|d| |f|i|s|s|i|o|n| |i|n|t|e|r|a|c|t|i|v|e| |w|e|b|r|e|n|d|e|r|,102210fe594ee9b33d82058545b1ed14f4c8206e,LastVisualChange,reddit-billgates-post-1.posts,True,reddit-billgates-post-1.posts LastVisualChange opt cold fission webrender,,77,ms,firefox,,1805072567,2023-12-03 00:49:27,536.6,fe75ab906c798b6697934b3789355dceb5748966,1341930,,,,,,,,,,,,,,,,,,,,,,,,,,,,,,,,,,,,,,,,,,,,,,,,,,,,,,,,,,,,,TN,TN
autoland,4060512,13,77a9707257b88d3b15060667769a2def98a71cff,windows10-64-shippable-qr,True,False,,|c|o|l|d| |f|i|s|s|i|o|n| |i|n|t|e|r|a|c|t|i|v|e| |w|e|b|r|e|n|d|e|r|,102210fe594ee9b33d82058545b1ed14f4c8206e,LastVisualChange,reddit-billgates-post-1.posts,True,reddit-billgates-post-1.posts LastVisualChange opt cold fission webrender,,77,ms,firefox,,1805110494,2023-12-03 05:05:07,494.7,8e959a7ded5f111e711c06a6728f76d3bd660699,1341942,,,,,,,,,,,,,,,,,,,,,,,,,,,,,,,,,,,,,,,,,,,,,,,,,,,,,,,,,,,,,TN,TN
autoland,4060512,13,77a9707257b88d3b15060667769a2def98a71cff,windows10-64-shippable-qr,True,False,,|c|o|l|d| |f|i|s|s|i|o|n| |i|n|t|e|r|a|c|t|i|v|e| |w|e|b|r|e|n|d|e|r|,102210fe594ee9b33d82058545b1ed14f4c8206e,LastVisualChange,reddit-billgates-post-1.posts,True,reddit-billgates-post-1.posts LastVisualChange opt cold fission webrender,,77,ms,firefox,,1805225908,2023-12-03 10:45:57,508.7,5d84c395021682cc2af1bf5da98c205cfbc32f76,1341997,,,,,,,,,,,,,,,,,,,,,,,,,,,,,,,,,,,,,,,,,,,,,,,,,,,,,,,,,,,,,TN,TN
autoland,4060512,13,77a9707257b88d3b15060667769a2def98a71cff,windows10-64-shippable-qr,True,False,,|c|o|l|d| |f|i|s|s|i|o|n| |i|n|t|e|r|a|c|t|i|v|e| |w|e|b|r|e|n|d|e|r|,102210fe594ee9b33d82058545b1ed14f4c8206e,LastVisualChange,reddit-billgates-post-1.posts,True,reddit-billgates-post-1.posts LastVisualChange opt cold fission webrender,,77,ms,firefox,,1805242360,2023-12-03 12:21:22,504.6,3445cc3f842050a3cdfc4da74ce254df933f7e7b,1342011,,,,,,,,,,,,,,,,,,,,,,,,,,,,,,,,,,,,,,,,,,,,,,,,,,,,,,,,,,,,,TN,TN
autoland,4060512,13,77a9707257b88d3b15060667769a2def98a71cff,windows10-64-shippable-qr,True,False,,|c|o|l|d| |f|i|s|s|i|o|n| |i|n|t|e|r|a|c|t|i|v|e| |w|e|b|r|e|n|d|e|r|,102210fe594ee9b33d82058545b1ed14f4c8206e,LastVisualChange,reddit-billgates-post-1.posts,True,reddit-billgates-post-1.posts LastVisualChange opt cold fission webrender,,77,ms,firefox,,1805296761,2023-12-03 18:05:44,511.2,8038f0b90bbd46dcb74eaaddf1fd1c6871dc4426,1342033,,,,,,,,,,,,,,,,,,,,,,,,,,,,,,,,,,,,,,,,,,,,,,,,,,,,,,,,,,,,,TN,TN
autoland,4060512,13,77a9707257b88d3b15060667769a2def98a71cff,windows10-64-shippable-qr,True,False,,|c|o|l|d| |f|i|s|s|i|o|n| |i|n|t|e|r|a|c|t|i|v|e| |w|e|b|r|e|n|d|e|r|,102210fe594ee9b33d82058545b1ed14f4c8206e,LastVisualChange,reddit-billgates-post-1.posts,True,reddit-billgates-post-1.posts LastVisualChange opt cold fission webrender,,77,ms,firefox,,1805408455,2023-12-04 01:54:51,487.7,369922cc5c4efad6c87b13600325eb5a989cde81,1342108,,,,,,,,,,,,,,,,,,,,,,,,,,,,,,,,,,,,,,,,,,,,,,,,,,,,,,,,,,,,,TN,TN
autoland,4060512,13,77a9707257b88d3b15060667769a2def98a71cff,windows10-64-shippable-qr,True,False,,|c|o|l|d| |f|i|s|s|i|o|n| |i|n|t|e|r|a|c|t|i|v|e| |w|e|b|r|e|n|d|e|r|,102210fe594ee9b33d82058545b1ed14f4c8206e,LastVisualChange,reddit-billgates-post-1.posts,True,reddit-billgates-post-1.posts LastVisualChange opt cold fission webrender,,77,ms,firefox,,1805675168,2023-12-04 11:05:28,518.7,223106736a61f5cc112b0cc9d38ab1f63e034f89,1342238,,,,,,,,,,,,,,,,,,,,,,,,,,,,,,,,,,,,,,,,,,,,,,,,,,,,,,,,,,,,,TN,TN
autoland,4060512,13,77a9707257b88d3b15060667769a2def98a71cff,windows10-64-shippable-qr,True,False,,|c|o|l|d| |f|i|s|s|i|o|n| |i|n|t|e|r|a|c|t|i|v|e| |w|e|b|r|e|n|d|e|r|,102210fe594ee9b33d82058545b1ed14f4c8206e,LastVisualChange,reddit-billgates-post-1.posts,True,reddit-billgates-post-1.posts LastVisualChange opt cold fission webrender,,77,ms,firefox,,1805660866,2023-12-04 11:06:23,535.4,20b709d0fa5633c408dd900f830b09af96c0465d,1342240,,,,,,,,,,,,,,,,,,,,,,,,,,,,,,,,,,,,,,,,,,,,,,,,,,,,,,,,,,,,,TN,TN
autoland,4060512,13,77a9707257b88d3b15060667769a2def98a71cff,windows10-64-shippable-qr,True,False,,|c|o|l|d| |f|i|s|s|i|o|n| |i|n|t|e|r|a|c|t|i|v|e| |w|e|b|r|e|n|d|e|r|,102210fe594ee9b33d82058545b1ed14f4c8206e,LastVisualChange,reddit-billgates-post-1.posts,True,reddit-billgates-post-1.posts LastVisualChange opt cold fission webrender,,77,ms,firefox,,1806207885,2023-12-04 13:16:38,474.9,97f759dedbc9028323bba1817bba400e8c09e9de,1342301,,,,,,,,,,,,,,,,,,,,,,,,,,,,,,,,,,,,,,,,,,,,,,,,,,,,,,,,,,,,,TN,TN
autoland,4060512,13,77a9707257b88d3b15060667769a2def98a71cff,windows10-64-shippable-qr,True,False,,|c|o|l|d| |f|i|s|s|i|o|n| |i|n|t|e|r|a|c|t|i|v|e| |w|e|b|r|e|n|d|e|r|,102210fe594ee9b33d82058545b1ed14f4c8206e,LastVisualChange,reddit-billgates-post-1.posts,True,reddit-billgates-post-1.posts LastVisualChange opt cold fission webrender,,77,ms,firefox,,1806219043,2023-12-04 13:59:28,546.7,4f1343fb977425ae4f66a42bd000c5fe434b9902,1342330,,,,,,,,,,,,,,,,,,,,,,,,,,,,,,,,,,,,,,,,,,,,,,,,,,,,,,,,,,,,,TN,TN
autoland,4060512,13,77a9707257b88d3b15060667769a2def98a71cff,windows10-64-shippable-qr,True,False,,|c|o|l|d| |f|i|s|s|i|o|n| |i|n|t|e|r|a|c|t|i|v|e| |w|e|b|r|e|n|d|e|r|,102210fe594ee9b33d82058545b1ed14f4c8206e,LastVisualChange,reddit-billgates-post-1.posts,True,reddit-billgates-post-1.posts LastVisualChange opt cold fission webrender,,77,ms,firefox,,1806191099,2023-12-04 14:24:03,514.1,c937411c15e54bfe69abb088c2721fec07a2d5a4,1342356,,,,,,,,,,,,,,,,,,,,,,,,,,,,,,,,,,,,,,,,,,,,,,,,,,,,,,,,,,,,,TN,TN
autoland,4060512,13,77a9707257b88d3b15060667769a2def98a71cff,windows10-64-shippable-qr,True,False,,|c|o|l|d| |f|i|s|s|i|o|n| |i|n|t|e|r|a|c|t|i|v|e| |w|e|b|r|e|n|d|e|r|,102210fe594ee9b33d82058545b1ed14f4c8206e,LastVisualChange,reddit-billgates-post-1.posts,True,reddit-billgates-post-1.posts LastVisualChange opt cold fission webrender,,77,ms,firefox,,1806188106,2023-12-04 14:29:26,485.6,1512f0acb58b18405278e4c90a67e3007f15f786,1342361,,,,,,,,,,,,,,,,,,,,,,,,,,,,,,,,,,,,,,,,,,,,,,,,,,,,,,,,,,,,,TN,TN
autoland,4060512,13,77a9707257b88d3b15060667769a2def98a71cff,windows10-64-shippable-qr,True,False,,|c|o|l|d| |f|i|s|s|i|o|n| |i|n|t|e|r|a|c|t|i|v|e| |w|e|b|r|e|n|d|e|r|,102210fe594ee9b33d82058545b1ed14f4c8206e,LastVisualChange,reddit-billgates-post-1.posts,True,reddit-billgates-post-1.posts LastVisualChange opt cold fission webrender,,77,ms,firefox,,1805771302,2023-12-04 14:54:31,545.9,38094e01a744c421fe469d9a01cbfe12a1ee949b,1342377,,,,,,,,,,,,,,,,,,,,,,,,,,,,,,,,,,,,,,,,,,,,,,,,,,,,,,,,,,,,,TN,TN
autoland,4060512,13,77a9707257b88d3b15060667769a2def98a71cff,windows10-64-shippable-qr,True,False,,|c|o|l|d| |f|i|s|s|i|o|n| |i|n|t|e|r|a|c|t|i|v|e| |w|e|b|r|e|n|d|e|r|,102210fe594ee9b33d82058545b1ed14f4c8206e,LastVisualChange,reddit-billgates-post-1.posts,True,reddit-billgates-post-1.posts LastVisualChange opt cold fission webrender,,77,ms,firefox,,1805906511,2023-12-04 19:05:48,509.3,72ca57fdc9feb1e9765ce2cc4f26b6b60135122f,1342587,,,,,,,,,,,,,,,,,,,,,,,,,,,,,,,,,,,,,,,,,,,,,,,,,,,,,,,,,,,,,TN,TN
autoland,4060512,13,77a9707257b88d3b15060667769a2def98a71cff,windows10-64-shippable-qr,True,False,,|c|o|l|d| |f|i|s|s|i|o|n| |i|n|t|e|r|a|c|t|i|v|e| |w|e|b|r|e|n|d|e|r|,102210fe594ee9b33d82058545b1ed14f4c8206e,LastVisualChange,reddit-billgates-post-1.posts,True,reddit-billgates-post-1.posts LastVisualChange opt cold fission webrender,,77,ms,firefox,,1806043400,2023-12-04 22:13:56,517.9,3d0a5f6fd8b4a0537cb85ae502a4be6cafec1c23,1342750,,,,,,,,,,,,,,,,,,,,,,,,,,,,,,,,,,,,,,,,,,,,,,,,,,,,,,,,,,,,,TN,TN
autoland,4060512,13,77a9707257b88d3b15060667769a2def98a71cff,windows10-64-shippable-qr,True,False,,|c|o|l|d| |f|i|s|s|i|o|n| |i|n|t|e|r|a|c|t|i|v|e| |w|e|b|r|e|n|d|e|r|,102210fe594ee9b33d82058545b1ed14f4c8206e,LastVisualChange,reddit-billgates-post-1.posts,True,reddit-billgates-post-1.posts LastVisualChange opt cold fission webrender,,77,ms,firefox,,1806143992,2023-12-05 02:36:15,495.2,39486bb8305a2e3128c6ecd97d33378744922507,1342897,,,,,,,,,,,,,,,,,,,,,,,,,,,,,,,,,,,,,,,,,,,,,,,,,,,,,,,,,,,,,TN,TN
autoland,4060512,13,77a9707257b88d3b15060667769a2def98a71cff,windows10-64-shippable-qr,True,False,,|c|o|l|d| |f|i|s|s|i|o|n| |i|n|t|e|r|a|c|t|i|v|e| |w|e|b|r|e|n|d|e|r|,102210fe594ee9b33d82058545b1ed14f4c8206e,LastVisualChange,reddit-billgates-post-1.posts,True,reddit-billgates-post-1.posts LastVisualChange opt cold fission webrender,,77,ms,firefox,,1806170922,2023-12-05 03:50:36,535.8,775ade8b04da775ad41d5d135baae415863a874c,1342908,,,,,,,,,,,,,,,,,,,,,,,,,,,,,,,,,,,,,,,,,,,,,,,,,,,,,,,,,,,,,TN,TN
autoland,4060512,13,77a9707257b88d3b15060667769a2def98a71cff,windows10-64-shippable-qr,True,False,,|c|o|l|d| |f|i|s|s|i|o|n| |i|n|t|e|r|a|c|t|i|v|e| |w|e|b|r|e|n|d|e|r|,102210fe594ee9b33d82058545b1ed14f4c8206e,LastVisualChange,reddit-billgates-post-1.posts,True,reddit-billgates-post-1.posts LastVisualChange opt cold fission webrender,,77,ms,firefox,,1806293877,2023-12-05 08:48:01,515.5,429e8cc8473b4c76828d06e2f07abbeb9dbebd81,1342965,,,,,,,,,,,,,,,,,,,,,,,,,,,,,,,,,,,,,,,,,,,,,,,,,,,,,,,,,,,,,TN,TN
autoland,4060512,13,77a9707257b88d3b15060667769a2def98a71cff,windows10-64-shippable-qr,True,False,,|c|o|l|d| |f|i|s|s|i|o|n| |i|n|t|e|r|a|c|t|i|v|e| |w|e|b|r|e|n|d|e|r|,102210fe594ee9b33d82058545b1ed14f4c8206e,LastVisualChange,reddit-billgates-post-1.posts,True,reddit-billgates-post-1.posts LastVisualChange opt cold fission webrender,,77,ms,firefox,,1806379611,2023-12-05 11:07:31,519.1,10602eb918edd2ccf85a22fb60b3dc62c845c42a,1343031,,,,,,,,,,,,,,,,,,,,,,,,,,,,,,,,,,,,,,,,,,,,,,,,,,,,,,,,,,,,,TN,TN
autoland,4060512,13,77a9707257b88d3b15060667769a2def98a71cff,windows10-64-shippable-qr,True,False,,|c|o|l|d| |f|i|s|s|i|o|n| |i|n|t|e|r|a|c|t|i|v|e| |w|e|b|r|e|n|d|e|r|,102210fe594ee9b33d82058545b1ed14f4c8206e,LastVisualChange,reddit-billgates-post-1.posts,True,reddit-billgates-post-1.posts LastVisualChange opt cold fission webrender,,77,ms,firefox,,1806931091,2023-12-05 14:09:06,531.7,91c058c18c2a5e76a0f90fce266b0fcbe74f5ad3,1343100,,,,,,,,,,,,,,,,,,,,,,,,,,,,,,,,,,,,,,,,,,,,,,,,,,,,,,,,,,,,,TN,TN
autoland,4060512,13,77a9707257b88d3b15060667769a2def98a71cff,windows10-64-shippable-qr,True,False,,|c|o|l|d| |f|i|s|s|i|o|n| |i|n|t|e|r|a|c|t|i|v|e| |w|e|b|r|e|n|d|e|r|,102210fe594ee9b33d82058545b1ed14f4c8206e,LastVisualChange,reddit-billgates-post-1.posts,True,reddit-billgates-post-1.posts LastVisualChange opt cold fission webrender,,77,ms,firefox,,1806966481,2023-12-05 14:30:17,479.2,d7ec576e1046afdd1d78ec401cb31a844b623ce9,1343108,,,,,,,,,,,,,,,,,,,,,,,,,,,,,,,,,,,,,,,,,,,,,,,,,,,,,,,,,,,,,TN,TN
autoland,4060512,13,77a9707257b88d3b15060667769a2def98a71cff,windows10-64-shippable-qr,True,False,,|c|o|l|d| |f|i|s|s|i|o|n| |i|n|t|e|r|a|c|t|i|v|e| |w|e|b|r|e|n|d|e|r|,102210fe594ee9b33d82058545b1ed14f4c8206e,LastVisualChange,reddit-billgates-post-1.posts,True,reddit-billgates-post-1.posts LastVisualChange opt cold fission webrender,,77,ms,firefox,,1806480526,2023-12-05 15:11:37,515.8,e603b8b016d76de025bea02bfdc1e0590166c2c0,1343145,,,,,,,,,,,,,,,,,,,,,,,,,,,,,,,,,,,,,,,,,,,,,,,,,,,,,,,,,,,,,TN,TN
autoland,4060512,13,77a9707257b88d3b15060667769a2def98a71cff,windows10-64-shippable-qr,True,False,,|c|o|l|d| |f|i|s|s|i|o|n| |i|n|t|e|r|a|c|t|i|v|e| |w|e|b|r|e|n|d|e|r|,102210fe594ee9b33d82058545b1ed14f4c8206e,LastVisualChange,reddit-billgates-post-1.posts,True,reddit-billgates-post-1.posts LastVisualChange opt cold fission webrender,,77,ms,firefox,,1806608680,2023-12-05 16:28:46,497.2,91bda8b5915b84ed6533a6620f955f271dc5aac3,1343203,,,,,,,,,,,,,,,,,,,,,,,,,,,,,,,,,,,,,,,,,,,,,,,,,,,,,,,,,,,,,TN,TN
autoland,4060512,13,77a9707257b88d3b15060667769a2def98a71cff,windows10-64-shippable-qr,True,False,,|c|o|l|d| |f|i|s|s|i|o|n| |i|n|t|e|r|a|c|t|i|v|e| |w|e|b|r|e|n|d|e|r|,102210fe594ee9b33d82058545b1ed14f4c8206e,LastVisualChange,reddit-billgates-post-1.posts,True,reddit-billgates-post-1.posts LastVisualChange opt cold fission webrender,,77,ms,firefox,,1806713465,2023-12-05 20:37:35,525.1,f778448a1da5f0622c4361d37810461a035f4627,1343409,,,,,,,,,,,,,,,,,,,,,,,,,,,,,,,,,,,,,,,,,,,,,,,,,,,,,,,,,,,,,TN,TN
autoland,4060512,13,77a9707257b88d3b15060667769a2def98a71cff,windows10-64-shippable-qr,True,False,,|c|o|l|d| |f|i|s|s|i|o|n| |i|n|t|e|r|a|c|t|i|v|e| |w|e|b|r|e|n|d|e|r|,102210fe594ee9b33d82058545b1ed14f4c8206e,LastVisualChange,reddit-billgates-post-1.posts,True,reddit-billgates-post-1.posts LastVisualChange opt cold fission webrender,,77,ms,firefox,,1806813514,2023-12-05 21:38:52,535.8,177375e24d1352ab203de0ac3aa53003c5d0ffd2,1343440,,,,,,,,,,,,,,,,,,,,,,,,,,,,,,,,,,,,,,,,,,,,,,,,,,,,,,,,,,,,,TN,TN
autoland,4060512,13,77a9707257b88d3b15060667769a2def98a71cff,windows10-64-shippable-qr,True,False,,|c|o|l|d| |f|i|s|s|i|o|n| |i|n|t|e|r|a|c|t|i|v|e| |w|e|b|r|e|n|d|e|r|,102210fe594ee9b33d82058545b1ed14f4c8206e,LastVisualChange,reddit-billgates-post-1.posts,True,reddit-billgates-post-1.posts LastVisualChange opt cold fission webrender,,77,ms,firefox,,1806897332,2023-12-06 02:13:38,526.6,30004166d9f2cc3399da68e8762c35b1b886c0dc,1343563,,,,,,,,,,,,,,,,,,,,,,,,,,,,,,,,,,,,,,,,,,,,,,,,,,,,,,,,,,,,,TN,TN
autoland,4060512,13,77a9707257b88d3b15060667769a2def98a71cff,windows10-64-shippable-qr,True,False,,|c|o|l|d| |f|i|s|s|i|o|n| |i|n|t|e|r|a|c|t|i|v|e| |w|e|b|r|e|n|d|e|r|,102210fe594ee9b33d82058545b1ed14f4c8206e,LastVisualChange,reddit-billgates-post-1.posts,True,reddit-billgates-post-1.posts LastVisualChange opt cold fission webrender,,77,ms,firefox,,1807026706,2023-12-06 09:09:58,510.2,63afa0f8febdc8b199d998d50bb76fc8f7945c3e,1343650,,,,,,,,,,,,,,,,,,,,,,,,,,,,,,,,,,,,,,,,,,,,,,,,,,,,,,,,,,,,,TN,TN
autoland,4060512,13,77a9707257b88d3b15060667769a2def98a71cff,windows10-64-shippable-qr,True,False,,|c|o|l|d| |f|i|s|s|i|o|n| |i|n|t|e|r|a|c|t|i|v|e| |w|e|b|r|e|n|d|e|r|,102210fe594ee9b33d82058545b1ed14f4c8206e,LastVisualChange,reddit-billgates-post-1.posts,True,reddit-billgates-post-1.posts LastVisualChange opt cold fission webrender,,77,ms,firefox,,1807565735,2023-12-06 11:41:32,533.1,bd72dc9af1136390dd2d815e8d54aaeccb716364,1343706,,,,,,,,,,,,,,,,,,,,,,,,,,,,,,,,,,,,,,,,,,,,,,,,,,,,,,,,,,,,,TN,TN
autoland,4060512,13,77a9707257b88d3b15060667769a2def98a71cff,windows10-64-shippable-qr,True,False,,|c|o|l|d| |f|i|s|s|i|o|n| |i|n|t|e|r|a|c|t|i|v|e| |w|e|b|r|e|n|d|e|r|,102210fe594ee9b33d82058545b1ed14f4c8206e,LastVisualChange,reddit-billgates-post-1.posts,True,reddit-billgates-post-1.posts LastVisualChange opt cold fission webrender,,77,ms,firefox,,1807556018,2023-12-06 13:05:41,554.3,2f3297d504f3c523b74f99bff2204116513e0d48,1343730,,,,,,,,,,,,,,,,,,,,,,,,,,,,,,,,,,,,,,,,,,,,,,,,,,,,,,,,,,,,,TN,TN
autoland,4060512,13,77a9707257b88d3b15060667769a2def98a71cff,windows10-64-shippable-qr,True,False,,|c|o|l|d| |f|i|s|s|i|o|n| |i|n|t|e|r|a|c|t|i|v|e| |w|e|b|r|e|n|d|e|r|,102210fe594ee9b33d82058545b1ed14f4c8206e,LastVisualChange,reddit-billgates-post-1.posts,True,reddit-billgates-post-1.posts LastVisualChange opt cold fission webrender,,77,ms,firefox,,1807120787,2023-12-06 13:42:54,511.4,52f516546de7ac66228e074000877d32ebf093af,1343745,,,,,,,,,,,,,,,,,,,,,,,,,,,,,,,,,,,,,,,,,,,,,,,,,,,,,,,,,,,,,TN,TN
autoland,4060512,13,77a9707257b88d3b15060667769a2def98a71cff,windows10-64-shippable-qr,True,False,,|c|o|l|d| |f|i|s|s|i|o|n| |i|n|t|e|r|a|c|t|i|v|e| |w|e|b|r|e|n|d|e|r|,102210fe594ee9b33d82058545b1ed14f4c8206e,LastVisualChange,reddit-billgates-post-1.posts,True,reddit-billgates-post-1.posts LastVisualChange opt cold fission webrender,,77,ms,firefox,,1807145014,2023-12-06 14:11:26,515.6,a035ddfc75fc597cd1df3c347d2cbbc50568f884,1343771,,,,,,,,,,,,,,,,,,,,,,,,,,,,,,,,,,,,,,,,,,,,,,,,,,,,,,,,,,,,,TN,TN
autoland,4060512,13,77a9707257b88d3b15060667769a2def98a71cff,windows10-64-shippable-qr,True,False,,|c|o|l|d| |f|i|s|s|i|o|n| |i|n|t|e|r|a|c|t|i|v|e| |w|e|b|r|e|n|d|e|r|,102210fe594ee9b33d82058545b1ed14f4c8206e,LastVisualChange,reddit-billgates-post-1.posts,True,reddit-billgates-post-1.posts LastVisualChange opt cold fission webrender,,77,ms,firefox,,1807535287,2023-12-06 16:34:41,512.5,a69c40accbf099d041417ce4da9b82829f044167,1343891,,,,,,,,,,,,,,,,,,,,,,,,,,,,,,,,,,,,,,,,,,,,,,,,,,,,,,,,,,,,,TN,TN
autoland,4060512,13,77a9707257b88d3b15060667769a2def98a71cff,windows10-64-shippable-qr,True,False,,|c|o|l|d| |f|i|s|s|i|o|n| |i|n|t|e|r|a|c|t|i|v|e| |w|e|b|r|e|n|d|e|r|,102210fe594ee9b33d82058545b1ed14f4c8206e,LastVisualChange,reddit-billgates-post-1.posts,True,reddit-billgates-post-1.posts LastVisualChange opt cold fission webrender,,77,ms,firefox,,1807547427,2023-12-06 16:56:14,495.3,ef4b8028299fa2b731c2ac785839a0bba06025d9,1343908,,,,,,,,,,,,,,,,,,,,,,,,,,,,,,,,,,,,,,,,,,,,,,,,,,,,,,,,,,,,,TN,TN
autoland,4060512,13,77a9707257b88d3b15060667769a2def98a71cff,windows10-64-shippable-qr,True,False,,|c|o|l|d| |f|i|s|s|i|o|n| |i|n|t|e|r|a|c|t|i|v|e| |w|e|b|r|e|n|d|e|r|,102210fe594ee9b33d82058545b1ed14f4c8206e,LastVisualChange,reddit-billgates-post-1.posts,True,reddit-billgates-post-1.posts LastVisualChange opt cold fission webrender,,77,ms,firefox,,1807293955,2023-12-06 18:17:17,535.9,ab110e2fcc6ab3c8e078fe970b109f482069386e,1343990,,,,,,,,,,,,,,,,,,,,,,,,,,,,,,,,,,,,,,,,,,,,,,,,,,,,,,,,,,,,,TN,TN
autoland,4060512,13,77a9707257b88d3b15060667769a2def98a71cff,windows10-64-shippable-qr,True,False,,|c|o|l|d| |f|i|s|s|i|o|n| |i|n|t|e|r|a|c|t|i|v|e| |w|e|b|r|e|n|d|e|r|,102210fe594ee9b33d82058545b1ed14f4c8206e,LastVisualChange,reddit-billgates-post-1.posts,True,reddit-billgates-post-1.posts LastVisualChange opt cold fission webrender,,77,ms,firefox,,1807412603,2023-12-06 22:50:02,512.8,f3fc0213f527ba806a10092bbadec34e00dbe4f6,1344189,,,,,,,,,,,,,,,,,,,,,,,,,,,,,,,,,,,,,,,,,,,,,,,,,,,,,,,,,,,,,TN,TN
autoland,4060512,13,77a9707257b88d3b15060667769a2def98a71cff,windows10-64-shippable-qr,True,False,,|c|o|l|d| |f|i|s|s|i|o|n| |i|n|t|e|r|a|c|t|i|v|e| |w|e|b|r|e|n|d|e|r|,102210fe594ee9b33d82058545b1ed14f4c8206e,LastVisualChange,reddit-billgates-post-1.posts,True,reddit-billgates-post-1.posts LastVisualChange opt cold fission webrender,,77,ms,firefox,,1809123346,2023-12-06 22:54:11,501.4,b374469160e96d367aea7903f41f46e35ea4367e,1344192,,,,,,,,,,,,,,,,,,,,,,,,,,,,,,,,,,,,,,,,,,,,,,,,,,,,,,,,,,,,,TN,TN
autoland,4060512,13,77a9707257b88d3b15060667769a2def98a71cff,windows10-64-shippable-qr,True,False,,|c|o|l|d| |f|i|s|s|i|o|n| |i|n|t|e|r|a|c|t|i|v|e| |w|e|b|r|e|n|d|e|r|,102210fe594ee9b33d82058545b1ed14f4c8206e,LastVisualChange,reddit-billgates-post-1.posts,True,reddit-billgates-post-1.posts LastVisualChange opt cold fission webrender,,77,ms,firefox,,1809123275,2023-12-06 23:04:12,511.3,9f7a6c8fac1a3a794e57edd09140ec7437233948,1344199,,,,,,,,,,,,,,,,,,,,,,,,,,,,,,,,,,,,,,,,,,,,,,,,,,,,,,,,,,,,,TN,TN
autoland,4060512,13,77a9707257b88d3b15060667769a2def98a71cff,windows10-64-shippable-qr,True,False,,|c|o|l|d| |f|i|s|s|i|o|n| |i|n|t|e|r|a|c|t|i|v|e| |w|e|b|r|e|n|d|e|r|,102210fe594ee9b33d82058545b1ed14f4c8206e,LastVisualChange,reddit-billgates-post-1.posts,True,reddit-billgates-post-1.posts LastVisualChange opt cold fission webrender,,77,ms,firefox,,1809125385,2023-12-06 23:56:20,514.3,a19bd77c0c9a5bb83c0edb78ab9b9717ecbc6a44,1344220,,,,,,,,,,,,,,,,,,,,,,,,,,,,,,,,,,,,,,,,,,,,,,,,,,,,,,,,,,,,,TN,TN
autoland,4060512,13,77a9707257b88d3b15060667769a2def98a71cff,windows10-64-shippable-qr,True,False,,|c|o|l|d| |f|i|s|s|i|o|n| |i|n|t|e|r|a|c|t|i|v|e| |w|e|b|r|e|n|d|e|r|,102210fe594ee9b33d82058545b1ed14f4c8206e,LastVisualChange,reddit-billgates-post-1.posts,True,reddit-billgates-post-1.posts LastVisualChange opt cold fission webrender,,77,ms,firefox,,1809125709,2023-12-07 00:22:33,509.1,106f09ba0e1bda47ca3757bdf49b33f0392b470e,1344228,,,,,,,,,,,,,,,,,,,,,,,,,,,,,,,,,,,,,,,,,,,,,,,,,,,,,,,,,,,,,TN,TN
autoland,4060512,13,77a9707257b88d3b15060667769a2def98a71cff,windows10-64-shippable-qr,True,False,,|c|o|l|d| |f|i|s|s|i|o|n| |i|n|t|e|r|a|c|t|i|v|e| |w|e|b|r|e|n|d|e|r|,102210fe594ee9b33d82058545b1ed14f4c8206e,LastVisualChange,reddit-billgates-post-1.posts,True,reddit-billgates-post-1.posts LastVisualChange opt cold fission webrender,,77,ms,firefox,,1809122306,2023-12-07 01:14:59,508.1,888c7376364ae38ca20ddd2889041bab35f21205,1344245,,,,,,,,,,,,,,,,,,,,,,,,,,,,,,,,,,,,,,,,,,,,,,,,,,,,,,,,,,,,,TN,TN
autoland,4060512,13,77a9707257b88d3b15060667769a2def98a71cff,windows10-64-shippable-qr,True,False,,|c|o|l|d| |f|i|s|s|i|o|n| |i|n|t|e|r|a|c|t|i|v|e| |w|e|b|r|e|n|d|e|r|,102210fe594ee9b33d82058545b1ed14f4c8206e,LastVisualChange,reddit-billgates-post-1.posts,True,reddit-billgates-post-1.posts LastVisualChange opt cold fission webrender,,77,ms,firefox,,1809123310,2023-12-07 01:18:21,501.6,f7e938ac6494716884f20e7f6186849b7646658a,1344246,,,,,,,,,,,,,,,,,,,,,,,,,,,,,,,,,,,,,,,,,,,,,,,,,,,,,,,,,,,,,TN,TN
autoland,4060512,13,77a9707257b88d3b15060667769a2def98a71cff,windows10-64-shippable-qr,True,False,,|c|o|l|d| |f|i|s|s|i|o|n| |i|n|t|e|r|a|c|t|i|v|e| |w|e|b|r|e|n|d|e|r|,102210fe594ee9b33d82058545b1ed14f4c8206e,LastVisualChange,reddit-billgates-post-1.posts,True,reddit-billgates-post-1.posts LastVisualChange opt cold fission webrender,,77,ms,firefox,,1809123380,2023-12-07 01:28:54,521.2,f3c421ea40164f86bd34f384d504e50fd6c16190,1344253,,,,,,,,,,,,,,,,,,,,,,,,,,,,,,,,,,,,,,,,,,,,,,,,,,,,,,,,,,,,,TN,TN
autoland,4060512,13,77a9707257b88d3b15060667769a2def98a71cff,windows10-64-shippable-qr,True,False,,|c|o|l|d| |f|i|s|s|i|o|n| |i|n|t|e|r|a|c|t|i|v|e| |w|e|b|r|e|n|d|e|r|,102210fe594ee9b33d82058545b1ed14f4c8206e,LastVisualChange,reddit-billgates-post-1.posts,True,reddit-billgates-post-1.posts LastVisualChange opt cold fission webrender,,77,ms,firefox,,1808461154,2023-12-07 02:13:26,539.5,9259a4ff84a40f3ba6516914e0b3a56b8d0c1f6c,1344265,,,,,,,,,,,,,,,,,,,,,,,,,,,,,,,,,,,,,,,,,,,,,,,,,,,,,,,,,,,,,TN,TN
autoland,4060512,13,77a9707257b88d3b15060667769a2def98a71cff,windows10-64-shippable-qr,True,False,,|c|o|l|d| |f|i|s|s|i|o|n| |i|n|t|e|r|a|c|t|i|v|e| |w|e|b|r|e|n|d|e|r|,102210fe594ee9b33d82058545b1ed14f4c8206e,LastVisualChange,reddit-billgates-post-1.posts,True,reddit-billgates-post-1.posts LastVisualChange opt cold fission webrender,,77,ms,firefox,,1808477837,2023-12-07 02:14:19,498.1,a69f0b0ab3518bb6ff95e488df4d7fb3c442e0fb,1344266,,,,,,,,,,,,,,,,,,,,,,,,,,,,,,,,,,,,,,,,,,,,,,,,,,,,,,,,,,,,,TN,TN
autoland,4060512,13,77a9707257b88d3b15060667769a2def98a71cff,windows10-64-shippable-qr,True,False,,|c|o|l|d| |f|i|s|s|i|o|n| |i|n|t|e|r|a|c|t|i|v|e| |w|e|b|r|e|n|d|e|r|,102210fe594ee9b33d82058545b1ed14f4c8206e,LastVisualChange,reddit-billgates-post-1.posts,True,reddit-billgates-post-1.posts LastVisualChange opt cold fission webrender,,77,ms,firefox,,1807525831,2023-12-07 04:18:34,566.6,93a04e8835aaaf359b24f47f54d622f7d36fd813,1344290,,,,,,,,,,,,,,,,,,,,,,,,,,,,,,,,,,,,,,,,,,,,,,,,,,,,,,,,,,,,,TN,TN
autoland,4060512,13,77a9707257b88d3b15060667769a2def98a71cff,windows10-64-shippable-qr,True,False,,|c|o|l|d| |f|i|s|s|i|o|n| |i|n|t|e|r|a|c|t|i|v|e| |w|e|b|r|e|n|d|e|r|,102210fe594ee9b33d82058545b1ed14f4c8206e,LastVisualChange,reddit-billgates-post-1.posts,True,reddit-billgates-post-1.posts LastVisualChange opt cold fission webrender,,77,ms,firefox,,1809124446,2023-12-07 04:28:12,508.7,bf303be135c75bed641d8b53d4f70636184b3eb8,1344294,,,,,,,,,,,,,,,,,,,,,,,,,,,,,,,,,,,,,,,,,,,,,,,,,,,,,,,,,,,,,TN,TN
autoland,4060512,13,77a9707257b88d3b15060667769a2def98a71cff,windows10-64-shippable-qr,True,False,,|c|o|l|d| |f|i|s|s|i|o|n| |i|n|t|e|r|a|c|t|i|v|e| |w|e|b|r|e|n|d|e|r|,102210fe594ee9b33d82058545b1ed14f4c8206e,LastVisualChange,reddit-billgates-post-1.posts,True,reddit-billgates-post-1.posts LastVisualChange opt cold fission webrender,,77,ms,firefox,,1809123000,2023-12-07 04:34:47,529.0,bfb856ad1937a7c93b9a66dda255384fb856f743,1344295,,,,,,,,,,,,,,,,,,,,,,,,,,,,,,,,,,,,,,,,,,,,,,,,,,,,,,,,,,,,,TN,TN
autoland,4060512,13,77a9707257b88d3b15060667769a2def98a71cff,windows10-64-shippable-qr,True,False,,|c|o|l|d| |f|i|s|s|i|o|n| |i|n|t|e|r|a|c|t|i|v|e| |w|e|b|r|e|n|d|e|r|,102210fe594ee9b33d82058545b1ed14f4c8206e,LastVisualChange,reddit-billgates-post-1.posts,True,reddit-billgates-post-1.posts LastVisualChange opt cold fission webrender,,77,ms,firefox,,1809121631,2023-12-07 04:54:33,497.8,963b7e553ef0e6d3ff525dc8f160d8eb5c8330bd,1344296,,,,,,,,,,,,,,,,,,,,,,,,,,,,,,,,,,,,,,,,,,,,,,,,,,,,,,,,,,,,,TN,TN
autoland,4060512,13,77a9707257b88d3b15060667769a2def98a71cff,windows10-64-shippable-qr,True,False,,|c|o|l|d| |f|i|s|s|i|o|n| |i|n|t|e|r|a|c|t|i|v|e| |w|e|b|r|e|n|d|e|r|,102210fe594ee9b33d82058545b1ed14f4c8206e,LastVisualChange,reddit-billgates-post-1.posts,True,reddit-billgates-post-1.posts LastVisualChange opt cold fission webrender,,77,ms,firefox,,1809105770,2023-12-07 05:27:11,508.5,fc13accbfb24f9c843083900b00a90f05c19f284,1344300,,,,,,,,,,,,,,,,,,,,,,,,,,,,,,,,,,,,,,,,,,,,,,,,,,,,,,,,,,,,,TN,TN
autoland,4060512,13,77a9707257b88d3b15060667769a2def98a71cff,windows10-64-shippable-qr,True,False,,|c|o|l|d| |f|i|s|s|i|o|n| |i|n|t|e|r|a|c|t|i|v|e| |w|e|b|r|e|n|d|e|r|,102210fe594ee9b33d82058545b1ed14f4c8206e,LastVisualChange,reddit-billgates-post-1.posts,True,reddit-billgates-post-1.posts LastVisualChange opt cold fission webrender,,77,ms,firefox,,1809125890,2023-12-07 06:18:21,508.5,6bd9b7d691bc83f5b47d4b004542fe749318d8f2,1344310,,,,,,,,,,,,,,,,,,,,,,,,,,,,,,,,,,,,,,,,,,,,,,,,,,,,,,,,,,,,,TN,TN
autoland,4060512,13,77a9707257b88d3b15060667769a2def98a71cff,windows10-64-shippable-qr,True,False,,|c|o|l|d| |f|i|s|s|i|o|n| |i|n|t|e|r|a|c|t|i|v|e| |w|e|b|r|e|n|d|e|r|,102210fe594ee9b33d82058545b1ed14f4c8206e,LastVisualChange,reddit-billgates-post-1.posts,True,reddit-billgates-post-1.posts LastVisualChange opt cold fission webrender,,77,ms,firefox,,1809125453,2023-12-07 06:40:48,525.2,67f8b12335fd14975462afecda7a116e92c45eba,1344314,,,,,,,,,,,,,,,,,,,,,,,,,,,,,,,,,,,,,,,,,,,,,,,,,,,,,,,,,,,,,TN,TN
autoland,4060512,13,77a9707257b88d3b15060667769a2def98a71cff,windows10-64-shippable-qr,True,False,,|c|o|l|d| |f|i|s|s|i|o|n| |i|n|t|e|r|a|c|t|i|v|e| |w|e|b|r|e|n|d|e|r|,102210fe594ee9b33d82058545b1ed14f4c8206e,LastVisualChange,reddit-billgates-post-1.posts,True,reddit-billgates-post-1.posts LastVisualChange opt cold fission webrender,,77,ms,firefox,,1809123481,2023-12-07 06:41:40,541.7,4e2f1b350ee91e138a52dbcf467c2f91ca971bac,1344315,,,,,,,,,,,,,,,,,,,,,,,,,,,,,,,,,,,,,,,,,,,,,,,,,,,,,,,,,,,,,TN,TN
autoland,4060512,13,77a9707257b88d3b15060667769a2def98a71cff,windows10-64-shippable-qr,True,False,,|c|o|l|d| |f|i|s|s|i|o|n| |i|n|t|e|r|a|c|t|i|v|e| |w|e|b|r|e|n|d|e|r|,102210fe594ee9b33d82058545b1ed14f4c8206e,LastVisualChange,reddit-billgates-post-1.posts,True,reddit-billgates-post-1.posts LastVisualChange opt cold fission webrender,,77,ms,firefox,,1809124268,2023-12-07 07:00:39,528.4,d7790e92122129f537d9dcbe098193b6f840cbca,1344317,,,,,,,,,,,,,,,,,,,,,,,,,,,,,,,,,,,,,,,,,,,,,,,,,,,,,,,,,,,,,TN,TN
autoland,4060512,13,77a9707257b88d3b15060667769a2def98a71cff,windows10-64-shippable-qr,True,False,,|c|o|l|d| |f|i|s|s|i|o|n| |i|n|t|e|r|a|c|t|i|v|e| |w|e|b|r|e|n|d|e|r|,102210fe594ee9b33d82058545b1ed14f4c8206e,LastVisualChange,reddit-billgates-post-1.posts,True,reddit-billgates-post-1.posts LastVisualChange opt cold fission webrender,,77,ms,firefox,,1809125849,2023-12-07 08:10:14,501.7,c2f47ac0fbb6436bece8ad2dc50a504ccde7c774,1344329,,,,,,,,,,,,,,,,,,,,,,,,,,,,,,,,,,,,,,,,,,,,,,,,,,,,,,,,,,,,,TN,TN
autoland,4060512,13,77a9707257b88d3b15060667769a2def98a71cff,windows10-64-shippable-qr,True,False,,|c|o|l|d| |f|i|s|s|i|o|n| |i|n|t|e|r|a|c|t|i|v|e| |w|e|b|r|e|n|d|e|r|,102210fe594ee9b33d82058545b1ed14f4c8206e,LastVisualChange,reddit-billgates-post-1.posts,True,reddit-billgates-post-1.posts LastVisualChange opt cold fission webrender,,77,ms,firefox,,1807674067,2023-12-07 09:07:30,497.8,f5d904bee3fe6c9e79061b56c8499b6154f7d3ff,1344349,,,,,,,,,,,,,,,,,,,,,,,,,,,,,,,,,,,,,,,,,,,,,,,,,,,,,,,,,,,,,TN,TN
autoland,4060512,13,77a9707257b88d3b15060667769a2def98a71cff,windows10-64-shippable-qr,True,False,,|c|o|l|d| |f|i|s|s|i|o|n| |i|n|t|e|r|a|c|t|i|v|e| |w|e|b|r|e|n|d|e|r|,102210fe594ee9b33d82058545b1ed14f4c8206e,LastVisualChange,reddit-billgates-post-1.posts,True,reddit-billgates-post-1.posts LastVisualChange opt cold fission webrender,,77,ms,firefox,,1809122240,2023-12-07 11:49:47,518.4,59f5c1b05b863d8524c97a20e49132a5eca2753a,1344428,,,,,,,,,,,,,,,,,,,,,,,,,,,,,,,,,,,,,,,,,,,,,,,,,,,,,,,,,,,,,TN,TN
autoland,4060512,13,77a9707257b88d3b15060667769a2def98a71cff,windows10-64-shippable-qr,True,False,,|c|o|l|d| |f|i|s|s|i|o|n| |i|n|t|e|r|a|c|t|i|v|e| |w|e|b|r|e|n|d|e|r|,102210fe594ee9b33d82058545b1ed14f4c8206e,LastVisualChange,reddit-billgates-post-1.posts,True,reddit-billgates-post-1.posts LastVisualChange opt cold fission webrender,,77,ms,firefox,,1809145440,2023-12-07 11:52:26,518.7,99e226ce1286214f8abc62d473577a491ea42fb0,1344431,,,,,,,,,,,,,,,,,,,,,,,,,,,,,,,,,,,,,,,,,,,,,,,,,,,,,,,,,,,,,TN,TN
autoland,4060512,13,77a9707257b88d3b15060667769a2def98a71cff,windows10-64-shippable-qr,True,False,,|c|o|l|d| |f|i|s|s|i|o|n| |i|n|t|e|r|a|c|t|i|v|e| |w|e|b|r|e|n|d|e|r|,102210fe594ee9b33d82058545b1ed14f4c8206e,LastVisualChange,reddit-billgates-post-1.posts,True,reddit-billgates-post-1.posts LastVisualChange opt cold fission webrender,,77,ms,firefox,,1809123422,2023-12-07 11:53:21,491.3,5e31e3db84e907445272d87274e53780e94d85e5,1344432,,,,,,,,,,,,,,,,,,,,,,,,,,,,,,,,,,,,,,,,,,,,,,,,,,,,,,,,,,,,,TN,TN
autoland,4060512,13,77a9707257b88d3b15060667769a2def98a71cff,windows10-64-shippable-qr,True,False,,|c|o|l|d| |f|i|s|s|i|o|n| |i|n|t|e|r|a|c|t|i|v|e| |w|e|b|r|e|n|d|e|r|,102210fe594ee9b33d82058545b1ed14f4c8206e,LastVisualChange,reddit-billgates-post-1.posts,True,reddit-billgates-post-1.posts LastVisualChange opt cold fission webrender,,77,ms,firefox,,1809122205,2023-12-07 11:54:17,502.0,9f19024ea72b947377a5337c9c14e55a62211bff,1344433,,,,,,,,,,,,,,,,,,,,,,,,,,,,,,,,,,,,,,,,,,,,,,,,,,,,,,,,,,,,,TN,TN
autoland,4060512,13,77a9707257b88d3b15060667769a2def98a71cff,windows10-64-shippable-qr,True,False,,|c|o|l|d| |f|i|s|s|i|o|n| |i|n|t|e|r|a|c|t|i|v|e| |w|e|b|r|e|n|d|e|r|,102210fe594ee9b33d82058545b1ed14f4c8206e,LastVisualChange,reddit-billgates-post-1.posts,True,reddit-billgates-post-1.posts LastVisualChange opt cold fission webrender,,77,ms,firefox,,1809125669,2023-12-07 11:54:17,535.3,9f19024ea72b947377a5337c9c14e55a62211bff,1344433,,,,,,,,,,,,,,,,,,,,,,,,,,,,,,,,,,,,,,,,,,,,,,,,,,,,,,,,,,,,,TN,TN
autoland,4060512,13,77a9707257b88d3b15060667769a2def98a71cff,windows10-64-shippable-qr,True,False,,|c|o|l|d| |f|i|s|s|i|o|n| |i|n|t|e|r|a|c|t|i|v|e| |w|e|b|r|e|n|d|e|r|,102210fe594ee9b33d82058545b1ed14f4c8206e,LastVisualChange,reddit-billgates-post-1.posts,True,reddit-billgates-post-1.posts LastVisualChange opt cold fission webrender,,77,ms,firefox,,1809125554,2023-12-07 12:15:50,521.8,63450ec33b5bb5a254bba4d95a8a99d096da6452,1344444,,,,,,,,,,,,,,,,,,,,,,,,,,,,,,,,,,,,,,,,,,,,,,,,,,,,,,,,,,,,,TN,TN
autoland,4060512,13,77a9707257b88d3b15060667769a2def98a71cff,windows10-64-shippable-qr,True,False,,|c|o|l|d| |f|i|s|s|i|o|n| |i|n|t|e|r|a|c|t|i|v|e| |w|e|b|r|e|n|d|e|r|,102210fe594ee9b33d82058545b1ed14f4c8206e,LastVisualChange,reddit-billgates-post-1.posts,True,reddit-billgates-post-1.posts LastVisualChange opt cold fission webrender,,77,ms,firefox,,1809124379,2023-12-07 12:23:45,515.1,80cad169f5e1a03ab5f366c42b6c11d0bc68bd12,1344450,,,,,,,,,,,,,,,,,,,,,,,,,,,,,,,,,,,,,,,,,,,,,,,,,,,,,,,,,,,,,TN,TN
autoland,4060512,13,77a9707257b88d3b15060667769a2def98a71cff,windows10-64-shippable-qr,True,False,,|c|o|l|d| |f|i|s|s|i|o|n| |i|n|t|e|r|a|c|t|i|v|e| |w|e|b|r|e|n|d|e|r|,102210fe594ee9b33d82058545b1ed14f4c8206e,LastVisualChange,reddit-billgates-post-1.posts,True,reddit-billgates-post-1.posts LastVisualChange opt cold fission webrender,,77,ms,firefox,,1809126406,2023-12-07 12:42:25,533.4,18f480ff3ebb61e9b3fa4461c830f2dae6f48cd4,1344452,,,,,,,,,,,,,,,,,,,,,,,,,,,,,,,,,,,,,,,,,,,,,,,,,,,,,,,,,,,,,TN,TN
autoland,4060512,13,77a9707257b88d3b15060667769a2def98a71cff,windows10-64-shippable-qr,True,False,,|c|o|l|d| |f|i|s|s|i|o|n| |i|n|t|e|r|a|c|t|i|v|e| |w|e|b|r|e|n|d|e|r|,102210fe594ee9b33d82058545b1ed14f4c8206e,LastVisualChange,reddit-billgates-post-1.posts,True,reddit-billgates-post-1.posts LastVisualChange opt cold fission webrender,,77,ms,firefox,,1809647694,2023-12-07 12:42:25,526.0,18f480ff3ebb61e9b3fa4461c830f2dae6f48cd4,1344452,,,,,,,,,,,,,,,,,,,,,,,,,,,,,,,,,,,,,,,,,,,,,,,,,,,,,,,,,,,,,TN,TN
autoland,4060512,13,77a9707257b88d3b15060667769a2def98a71cff,windows10-64-shippable-qr,True,False,,|c|o|l|d| |f|i|s|s|i|o|n| |i|n|t|e|r|a|c|t|i|v|e| |w|e|b|r|e|n|d|e|r|,102210fe594ee9b33d82058545b1ed14f4c8206e,LastVisualChange,reddit-billgates-post-1.posts,True,reddit-billgates-post-1.posts LastVisualChange opt cold fission webrender,,77,ms,firefox,,1809647797,2023-12-07 12:42:25,474.5,18f480ff3ebb61e9b3fa4461c830f2dae6f48cd4,1344452,,,,,,,,,,,,,,,,,,,,,,,,,,,,,,,,,,,,,,,,,,,,,,,,,,,,,,,,,,,,,TN,TN
autoland,4060512,13,77a9707257b88d3b15060667769a2def98a71cff,windows10-64-shippable-qr,True,False,,|c|o|l|d| |f|i|s|s|i|o|n| |i|n|t|e|r|a|c|t|i|v|e| |w|e|b|r|e|n|d|e|r|,102210fe594ee9b33d82058545b1ed14f4c8206e,LastVisualChange,reddit-billgates-post-1.posts,True,reddit-billgates-post-1.posts LastVisualChange opt cold fission webrender,,77,ms,firefox,,1809647867,2023-12-07 12:42:25,507.0,18f480ff3ebb61e9b3fa4461c830f2dae6f48cd4,1344452,,,,,,,,,,,,,,,,,,,,,,,,,,,,,,,,,,,,,,,,,,,,,,,,,,,,,,,,,,,,,TN,TN
autoland,4060512,13,77a9707257b88d3b15060667769a2def98a71cff,windows10-64-shippable-qr,True,False,,|c|o|l|d| |f|i|s|s|i|o|n| |i|n|t|e|r|a|c|t|i|v|e| |w|e|b|r|e|n|d|e|r|,102210fe594ee9b33d82058545b1ed14f4c8206e,LastVisualChange,reddit-billgates-post-1.posts,True,reddit-billgates-post-1.posts LastVisualChange opt cold fission webrender,,77,ms,firefox,,1809124522,2023-12-07 12:44:35,568.5,6767f1605049012cccf15d42c103b63d8efd8313,1344453,,,,,,,,,,,,,,,,,,,,,,,,,,,,,,,,,,,,,,,,,,,,,,,,,,,,,,,,,,,,,TN,TN
autoland,4060512,13,77a9707257b88d3b15060667769a2def98a71cff,windows10-64-shippable-qr,True,False,,|c|o|l|d| |f|i|s|s|i|o|n| |i|n|t|e|r|a|c|t|i|v|e| |w|e|b|r|e|n|d|e|r|,102210fe594ee9b33d82058545b1ed14f4c8206e,LastVisualChange,reddit-billgates-post-1.posts,True,reddit-billgates-post-1.posts LastVisualChange opt cold fission webrender,,77,ms,firefox,,1809647573,2023-12-07 12:44:35,578.8,6767f1605049012cccf15d42c103b63d8efd8313,1344453,,,,,,,,,,,,,,,,,,,,,,,,,,,,,,,,,,,,,,,,,,,,,,,,,,,,,,,,,,,,,TN,TN
autoland,4060512,13,77a9707257b88d3b15060667769a2def98a71cff,windows10-64-shippable-qr,True,False,,|c|o|l|d| |f|i|s|s|i|o|n| |i|n|t|e|r|a|c|t|i|v|e| |w|e|b|r|e|n|d|e|r|,102210fe594ee9b33d82058545b1ed14f4c8206e,LastVisualChange,reddit-billgates-post-1.posts,True,reddit-billgates-post-1.posts LastVisualChange opt cold fission webrender,,77,ms,firefox,,1809647596,2023-12-07 12:44:35,579.2,6767f1605049012cccf15d42c103b63d8efd8313,1344453,,,,,,,,,,,,,,,,,,,,,,,,,,,,,,,,,,,,,,,,,,,,,,,,,,,,,,,,,,,,,TN,TN
autoland,4060512,13,77a9707257b88d3b15060667769a2def98a71cff,windows10-64-shippable-qr,True,False,,|c|o|l|d| |f|i|s|s|i|o|n| |i|n|t|e|r|a|c|t|i|v|e| |w|e|b|r|e|n|d|e|r|,102210fe594ee9b33d82058545b1ed14f4c8206e,LastVisualChange,reddit-billgates-post-1.posts,True,reddit-billgates-post-1.posts LastVisualChange opt cold fission webrender,,77,ms,firefox,,1809647534,2023-12-07 12:44:35,579.4,6767f1605049012cccf15d42c103b63d8efd8313,1344453,,,,,,,,,,,,,,,,,,,,,,,,,,,,,,,,,,,,,,,,,,,,,,,,,,,,,,,,,,,,,TN,TN
autoland,4060512,13,77a9707257b88d3b15060667769a2def98a71cff,windows10-64-shippable-qr,True,False,,|c|o|l|d| |f|i|s|s|i|o|n| |i|n|t|e|r|a|c|t|i|v|e| |w|e|b|r|e|n|d|e|r|,102210fe594ee9b33d82058545b1ed14f4c8206e,LastVisualChange,reddit-billgates-post-1.posts,True,reddit-billgates-post-1.posts LastVisualChange opt cold fission webrender,,77,ms,firefox,,1807734262,2023-12-07 12:51:56,585.5,bea12a00706c3b2951d467008996bf7e89d17e5b,1344456,573.47,mozilla-ldap/bacasandrei@mozilla.com,f5d904bee3fe6c9e79061b56c8499b6154f7d3ff,40603.0,10.46,,519.17,2023-12-11 12:08:18.741296,False,13.0,13.0,,,,1344349.0,2.0,1344456.0,2.0,mozilla-ldap/bacasandrei@mozilla.com,77a9707257b88d3b15060667769a2def98a71cff,,windows10-64-shippable-qr,,autoland,2023-12-15 17:21:52.173995,,1.0,54.3,185323.0,ms,,,40603.0,102210fe594ee9b33d82058545b1ed14f4c8206e,,True,False,bacasandrei@mozilla.com,,,bacasandrei@mozilla.com,2023-12-08 17:21:52.173995,,,LastVisualChange,OK,True,bea12a00706c3b2951d467008996bf7e89d17e5b,40625.0,,,,False,,10.04,reddit-billgates-post-1.posts,"cold, fission, webrender",,"cold, fission, interactive, webrender",2023-12-13 17:21:52.173995,TP,TP
autoland,4060512,13,77a9707257b88d3b15060667769a2def98a71cff,windows10-64-shippable-qr,True,False,,|c|o|l|d| |f|i|s|s|i|o|n| |i|n|t|e|r|a|c|t|i|v|e| |w|e|b|r|e|n|d|e|r|,102210fe594ee9b33d82058545b1ed14f4c8206e,LastVisualChange,reddit-billgates-post-1.posts,True,reddit-billgates-post-1.posts LastVisualChange opt cold fission webrender,,77,ms,firefox,,1809122909,2023-12-07 12:55:26,584.7,e44fcbb7d50738ba8c1e9724e72a58ad3f4b9c1a,1344457,,,,,,,,,,,,,,,,,,,,,,,,,,,,,,,,,,,,,,,,,,,,,,,,,,,,,,,,,,,,,TN,TN
autoland,4060512,13,77a9707257b88d3b15060667769a2def98a71cff,windows10-64-shippable-qr,True,False,,|c|o|l|d| |f|i|s|s|i|o|n| |i|n|t|e|r|a|c|t|i|v|e| |w|e|b|r|e|n|d|e|r|,102210fe594ee9b33d82058545b1ed14f4c8206e,LastVisualChange,reddit-billgates-post-1.posts,True,reddit-billgates-post-1.posts LastVisualChange opt cold fission webrender,,77,ms,firefox,,1809122419,2023-12-07 13:02:59,584.0,6d1dc7be555230d157a41c320674cf9c2a94f4ff,1344460,,,,,,,,,,,,,,,,,,,,,,,,,,,,,,,,,,,,,,,,,,,,,,,,,,,,,,,,,,,,,TN,TN
autoland,4060512,13,77a9707257b88d3b15060667769a2def98a71cff,windows10-64-shippable-qr,True,False,,|c|o|l|d| |f|i|s|s|i|o|n| |i|n|t|e|r|a|c|t|i|v|e| |w|e|b|r|e|n|d|e|r|,102210fe594ee9b33d82058545b1ed14f4c8206e,LastVisualChange,reddit-billgates-post-1.posts,True,reddit-billgates-post-1.posts LastVisualChange opt cold fission webrender,,77,ms,firefox,,1808406447,2023-12-07 13:24:55,565.4,ee83b5ce89b76ccac425ff061ab7b9242f847931,1344468,,,,,,,,,,,,,,,,,,,,,,,,,,,,,,,,,,,,,,,,,,,,,,,,,,,,,,,,,,,,,TN,TN
autoland,4060512,13,77a9707257b88d3b15060667769a2def98a71cff,windows10-64-shippable-qr,True,False,,|c|o|l|d| |f|i|s|s|i|o|n| |i|n|t|e|r|a|c|t|i|v|e| |w|e|b|r|e|n|d|e|r|,102210fe594ee9b33d82058545b1ed14f4c8206e,LastVisualChange,reddit-billgates-post-1.posts,True,reddit-billgates-post-1.posts LastVisualChange opt cold fission webrender,,77,ms,firefox,,1808427701,2023-12-07 13:38:59,561.8,47051dc8963377742b4656efbc924fdb4e2faf6f,1344471,,,,,,,,,,,,,,,,,,,,,,,,,,,,,,,,,,,,,,,,,,,,,,,,,,,,,,,,,,,,,TN,TN
autoland,4060512,13,77a9707257b88d3b15060667769a2def98a71cff,windows10-64-shippable-qr,True,False,,|c|o|l|d| |f|i|s|s|i|o|n| |i|n|t|e|r|a|c|t|i|v|e| |w|e|b|r|e|n|d|e|r|,102210fe594ee9b33d82058545b1ed14f4c8206e,LastVisualChange,reddit-billgates-post-1.posts,True,reddit-billgates-post-1.posts LastVisualChange opt cold fission webrender,,77,ms,firefox,,1808066244,2023-12-07 21:41:48,582.7,797281d7e3b5fdd5f6a033248fec7bd885227546,1344786,,,,,,,,,,,,,,,,,,,,,,,,,,,,,,,,,,,,,,,,,,,,,,,,,,,,,,,,,,,,,TN,TN
autoland,4060512,13,77a9707257b88d3b15060667769a2def98a71cff,windows10-64-shippable-qr,True,False,,|c|o|l|d| |f|i|s|s|i|o|n| |i|n|t|e|r|a|c|t|i|v|e| |w|e|b|r|e|n|d|e|r|,102210fe594ee9b33d82058545b1ed14f4c8206e,LastVisualChange,reddit-billgates-post-1.posts,True,reddit-billgates-post-1.posts LastVisualChange opt cold fission webrender,,77,ms,firefox,,1808457217,2023-12-07 21:42:43,571.8,75e0ede09503eccf1cbef8632f794d1929320b8c,1344787,,,,,,,,,,,,,,,,,,,,,,,,,,,,,,,,,,,,,,,,,,,,,,,,,,,,,,,,,,,,,TN,TN
autoland,4060512,13,77a9707257b88d3b15060667769a2def98a71cff,windows10-64-shippable-qr,True,False,,|c|o|l|d| |f|i|s|s|i|o|n| |i|n|t|e|r|a|c|t|i|v|e| |w|e|b|r|e|n|d|e|r|,102210fe594ee9b33d82058545b1ed14f4c8206e,LastVisualChange,reddit-billgates-post-1.posts,True,reddit-billgates-post-1.posts LastVisualChange opt cold fission webrender,,77,ms,firefox,,1808418683,2023-12-07 21:43:35,582.1,a9e008e57ceeb52687048bd12fae3896ec5ac4a3,1344788,,,,,,,,,,,,,,,,,,,,,,,,,,,,,,,,,,,,,,,,,,,,,,,,,,,,,,,,,,,,,TN,TN
autoland,4060512,13,77a9707257b88d3b15060667769a2def98a71cff,windows10-64-shippable-qr,True,False,,|c|o|l|d| |f|i|s|s|i|o|n| |i|n|t|e|r|a|c|t|i|v|e| |w|e|b|r|e|n|d|e|r|,102210fe594ee9b33d82058545b1ed14f4c8206e,LastVisualChange,reddit-billgates-post-1.posts,True,reddit-billgates-post-1.posts LastVisualChange opt cold fission webrender,,77,ms,firefox,,1808166971,2023-12-07 22:56:27,572.3,c34126c5e2a85c81e511c7c4017e7f2694ddce13,1344823,,,,,,,,,,,,,,,,,,,,,,,,,,,,,,,,,,,,,,,,,,,,,,,,,,,,,,,,,,,,,TN,TN
autoland,4060512,13,77a9707257b88d3b15060667769a2def98a71cff,windows10-64-shippable-qr,True,False,,|c|o|l|d| |f|i|s|s|i|o|n| |i|n|t|e|r|a|c|t|i|v|e| |w|e|b|r|e|n|d|e|r|,102210fe594ee9b33d82058545b1ed14f4c8206e,LastVisualChange,reddit-billgates-post-1.posts,True,reddit-billgates-post-1.posts LastVisualChange opt cold fission webrender,,77,ms,firefox,,1808343793,2023-12-08 04:49:01,575.3,3152110c63b5c99048b0651867ecf7723aa5ddf8,1344948,,,,,,,,,,,,,,,,,,,,,,,,,,,,,,,,,,,,,,,,,,,,,,,,,,,,,,,,,,,,,TN,TN
autoland,4060512,13,77a9707257b88d3b15060667769a2def98a71cff,windows10-64-shippable-qr,True,False,,|c|o|l|d| |f|i|s|s|i|o|n| |i|n|t|e|r|a|c|t|i|v|e| |w|e|b|r|e|n|d|e|r|,102210fe594ee9b33d82058545b1ed14f4c8206e,LastVisualChange,reddit-billgates-post-1.posts,True,reddit-billgates-post-1.posts LastVisualChange opt cold fission webrender,,77,ms,firefox,,1808517860,2023-12-08 09:01:47,569.0,ff785fa504232b935c33c7d8c38a1cdc2f8d2d35,1345044,,,,,,,,,,,,,,,,,,,,,,,,,,,,,,,,,,,,,,,,,,,,,,,,,,,,,,,,,,,,,TN,TN
autoland,4060512,13,77a9707257b88d3b15060667769a2def98a71cff,windows10-64-shippable-qr,True,False,,|c|o|l|d| |f|i|s|s|i|o|n| |i|n|t|e|r|a|c|t|i|v|e| |w|e|b|r|e|n|d|e|r|,102210fe594ee9b33d82058545b1ed14f4c8206e,LastVisualChange,reddit-billgates-post-1.posts,True,reddit-billgates-post-1.posts LastVisualChange opt cold fission webrender,,77,ms,firefox,,1808872716,2023-12-08 14:53:30,548.8,84f194823b719420c22157f7e540e660397a17f2,1345173,,,,,,,,,,,,,,,,,,,,,,,,,,,,,,,,,,,,,,,,,,,,,,,,,,,,,,,,,,,,,TN,TN
autoland,4060512,13,77a9707257b88d3b15060667769a2def98a71cff,windows10-64-shippable-qr,True,False,,|c|o|l|d| |f|i|s|s|i|o|n| |i|n|t|e|r|a|c|t|i|v|e| |w|e|b|r|e|n|d|e|r|,102210fe594ee9b33d82058545b1ed14f4c8206e,LastVisualChange,reddit-billgates-post-1.posts,True,reddit-billgates-post-1.posts LastVisualChange opt cold fission webrender,,77,ms,firefox,,1809030795,2023-12-08 20:09:00,584.6,6f5601bcf5ef9fa22b46e44e1d5e34893a04fc9e,1345337,,,,,,,,,,,,,,,,,,,,,,,,,,,,,,,,,,,,,,,,,,,,,,,,,,,,,,,,,,,,,TN,TN
autoland,4060512,13,77a9707257b88d3b15060667769a2def98a71cff,windows10-64-shippable-qr,True,False,,|c|o|l|d| |f|i|s|s|i|o|n| |i|n|t|e|r|a|c|t|i|v|e| |w|e|b|r|e|n|d|e|r|,102210fe594ee9b33d82058545b1ed14f4c8206e,LastVisualChange,reddit-billgates-post-1.posts,True,reddit-billgates-post-1.posts LastVisualChange opt cold fission webrender,,77,ms,firefox,,1809043492,2023-12-09 00:35:37,582.3,5e7ca7b9c60d764540bfc20b243ffaa67dfbfaa9,1345495,,,,,,,,,,,,,,,,,,,,,,,,,,,,,,,,,,,,,,,,,,,,,,,,,,,,,,,,,,,,,TN,TN
autoland,4060512,13,77a9707257b88d3b15060667769a2def98a71cff,windows10-64-shippable-qr,True,False,,|c|o|l|d| |f|i|s|s|i|o|n| |i|n|t|e|r|a|c|t|i|v|e| |w|e|b|r|e|n|d|e|r|,102210fe594ee9b33d82058545b1ed14f4c8206e,LastVisualChange,reddit-billgates-post-1.posts,True,reddit-billgates-post-1.posts LastVisualChange opt cold fission webrender,,77,ms,firefox,,1809059756,2023-12-09 00:36:34,545.9,9536c8afccb6fe6adb81c34e04ad22608a1cc454,1345496,,,,,,,,,,,,,,,,,,,,,,,,,,,,,,,,,,,,,,,,,,,,,,,,,,,,,,,,,,,,,TN,TN
autoland,4060512,13,77a9707257b88d3b15060667769a2def98a71cff,windows10-64-shippable-qr,True,False,,|c|o|l|d| |f|i|s|s|i|o|n| |i|n|t|e|r|a|c|t|i|v|e| |w|e|b|r|e|n|d|e|r|,102210fe594ee9b33d82058545b1ed14f4c8206e,LastVisualChange,reddit-billgates-post-1.posts,True,reddit-billgates-post-1.posts LastVisualChange opt cold fission webrender,,77,ms,firefox,,1809223764,2023-12-09 11:58:04,566.0,ce53d4215ca91122e12f63ca196acefc22a8d98c,1345582,,,,,,,,,,,,,,,,,,,,,,,,,,,,,,,,,,,,,,,,,,,,,,,,,,,,,,,,,,,,,TN,TN
autoland,4060512,13,77a9707257b88d3b15060667769a2def98a71cff,windows10-64-shippable-qr,True,False,,|c|o|l|d| |f|i|s|s|i|o|n| |i|n|t|e|r|a|c|t|i|v|e| |w|e|b|r|e|n|d|e|r|,102210fe594ee9b33d82058545b1ed14f4c8206e,LastVisualChange,reddit-billgates-post-1.posts,True,reddit-billgates-post-1.posts LastVisualChange opt cold fission webrender,,77,ms,firefox,,1809271889,2023-12-09 16:44:21,561.7,199c3dc51f2dd8c55a3346ac587238e6376b7236,1345611,,,,,,,,,,,,,,,,,,,,,,,,,,,,,,,,,,,,,,,,,,,,,,,,,,,,,,,,,,,,,TN,TN
autoland,4060512,13,77a9707257b88d3b15060667769a2def98a71cff,windows10-64-shippable-qr,True,False,,|c|o|l|d| |f|i|s|s|i|o|n| |i|n|t|e|r|a|c|t|i|v|e| |w|e|b|r|e|n|d|e|r|,102210fe594ee9b33d82058545b1ed14f4c8206e,LastVisualChange,reddit-billgates-post-1.posts,True,reddit-billgates-post-1.posts LastVisualChange opt cold fission webrender,,77,ms,firefox,,1809368034,2023-12-10 03:19:38,575.3,815bf21f166b5019bdab6ec104bc2f4475a7b553,1345657,,,,,,,,,,,,,,,,,,,,,,,,,,,,,,,,,,,,,,,,,,,,,,,,,,,,,,,,,,,,,TN,TN
autoland,4060512,13,77a9707257b88d3b15060667769a2def98a71cff,windows10-64-shippable-qr,True,False,,|c|o|l|d| |f|i|s|s|i|o|n| |i|n|t|e|r|a|c|t|i|v|e| |w|e|b|r|e|n|d|e|r|,102210fe594ee9b33d82058545b1ed14f4c8206e,LastVisualChange,reddit-billgates-post-1.posts,True,reddit-billgates-post-1.posts LastVisualChange opt cold fission webrender,,77,ms,firefox,,1809489610,2023-12-11 00:42:11,566.2,d4ee61633ce965862e2ee27be32e8a58344a7b03,1345765,,,,,,,,,,,,,,,,,,,,,,,,,,,,,,,,,,,,,,,,,,,,,,,,,,,,,,,,,,,,,TN,TN
autoland,4060512,13,77a9707257b88d3b15060667769a2def98a71cff,windows10-64-shippable-qr,True,False,,|c|o|l|d| |f|i|s|s|i|o|n| |i|n|t|e|r|a|c|t|i|v|e| |w|e|b|r|e|n|d|e|r|,102210fe594ee9b33d82058545b1ed14f4c8206e,LastVisualChange,reddit-billgates-post-1.posts,True,reddit-billgates-post-1.posts LastVisualChange opt cold fission webrender,,77,ms,firefox,,1809538896,2023-12-11 06:57:03,561.7,e84648aa607a32b9e4bbd2378f5a7caf9e31264a,1345835,,,,,,,,,,,,,,,,,,,,,,,,,,,,,,,,,,,,,,,,,,,,,,,,,,,,,,,,,,,,,TN,TN
autoland,4060512,13,77a9707257b88d3b15060667769a2def98a71cff,windows10-64-shippable-qr,True,False,,|c|o|l|d| |f|i|s|s|i|o|n| |i|n|t|e|r|a|c|t|i|v|e| |w|e|b|r|e|n|d|e|r|,102210fe594ee9b33d82058545b1ed14f4c8206e,LastVisualChange,reddit-billgates-post-1.posts,True,reddit-billgates-post-1.posts LastVisualChange opt cold fission webrender,,77,ms,firefox,,1809578141,2023-12-11 09:13:41,558.4,25a3d6c779f3ef9a9220e2d972c18f2e5a039cb2,1345868,,,,,,,,,,,,,,,,,,,,,,,,,,,,,,,,,,,,,,,,,,,,,,,,,,,,,,,,,,,,,TN,TN
autoland,4060512,13,77a9707257b88d3b15060667769a2def98a71cff,windows10-64-shippable-qr,True,False,,|c|o|l|d| |f|i|s|s|i|o|n| |i|n|t|e|r|a|c|t|i|v|e| |w|e|b|r|e|n|d|e|r|,102210fe594ee9b33d82058545b1ed14f4c8206e,LastVisualChange,reddit-billgates-post-1.posts,True,reddit-billgates-post-1.posts LastVisualChange opt cold fission webrender,,77,ms,firefox,,1809730823,2023-12-11 13:39:55,582.3,46d1ac4f2e9c8c9c173c430225737701542931bb,1346049,,,,,,,,,,,,,,,,,,,,,,,,,,,,,,,,,,,,,,,,,,,,,,,,,,,,,,,,,,,,,TN,TN
autoland,4060512,13,77a9707257b88d3b15060667769a2def98a71cff,windows10-64-shippable-qr,True,False,,|c|o|l|d| |f|i|s|s|i|o|n| |i|n|t|e|r|a|c|t|i|v|e| |w|e|b|r|e|n|d|e|r|,102210fe594ee9b33d82058545b1ed14f4c8206e,LastVisualChange,reddit-billgates-post-1.posts,True,reddit-billgates-post-1.posts LastVisualChange opt cold fission webrender,,77,ms,firefox,,1810175658,2023-12-11 13:42:36,562.5,4a4a406091cd38a7f1c47c0603c7b4dfb4aecd36,1346052,,,,,,,,,,,,,,,,,,,,,,,,,,,,,,,,,,,,,,,,,,,,,,,,,,,,,,,,,,,,,TN,TN
autoland,4060512,13,77a9707257b88d3b15060667769a2def98a71cff,windows10-64-shippable-qr,True,False,,|c|o|l|d| |f|i|s|s|i|o|n| |i|n|t|e|r|a|c|t|i|v|e| |w|e|b|r|e|n|d|e|r|,102210fe594ee9b33d82058545b1ed14f4c8206e,LastVisualChange,reddit-billgates-post-1.posts,True,reddit-billgates-post-1.posts LastVisualChange opt cold fission webrender,,77,ms,firefox,,1810139523,2023-12-11 13:54:53,565.8,2e39f61cacdfbdc31348aa972854eddb30572c10,1346062,,,,,,,,,,,,,,,,,,,,,,,,,,,,,,,,,,,,,,,,,,,,,,,,,,,,,,,,,,,,,TN,TN
autoland,4060512,13,77a9707257b88d3b15060667769a2def98a71cff,windows10-64-shippable-qr,True,False,,|c|o|l|d| |f|i|s|s|i|o|n| |i|n|t|e|r|a|c|t|i|v|e| |w|e|b|r|e|n|d|e|r|,102210fe594ee9b33d82058545b1ed14f4c8206e,LastVisualChange,reddit-billgates-post-1.posts,True,reddit-billgates-post-1.posts LastVisualChange opt cold fission webrender,,77,ms,firefox,,1810142841,2023-12-11 14:00:48,559.0,148b695e58fcfac3de4d0c3b3507d3a86d2bfb87,1346066,,,,,,,,,,,,,,,,,,,,,,,,,,,,,,,,,,,,,,,,,,,,,,,,,,,,,,,,,,,,,TN,TN
autoland,4060512,13,77a9707257b88d3b15060667769a2def98a71cff,windows10-64-shippable-qr,True,False,,|c|o|l|d| |f|i|s|s|i|o|n| |i|n|t|e|r|a|c|t|i|v|e| |w|e|b|r|e|n|d|e|r|,102210fe594ee9b33d82058545b1ed14f4c8206e,LastVisualChange,reddit-billgates-post-1.posts,True,reddit-billgates-post-1.posts LastVisualChange opt cold fission webrender,,77,ms,firefox,,1810159007,2023-12-11 14:11:51,559.1,a1e3aa7070c3265a2460dd9f59444244ab30a373,1346073,,,,,,,,,,,,,,,,,,,,,,,,,,,,,,,,,,,,,,,,,,,,,,,,,,,,,,,,,,,,,TN,TN
autoland,4060512,13,77a9707257b88d3b15060667769a2def98a71cff,windows10-64-shippable-qr,True,False,,|c|o|l|d| |f|i|s|s|i|o|n| |i|n|t|e|r|a|c|t|i|v|e| |w|e|b|r|e|n|d|e|r|,102210fe594ee9b33d82058545b1ed14f4c8206e,LastVisualChange,reddit-billgates-post-1.posts,True,reddit-billgates-post-1.posts LastVisualChange opt cold fission webrender,,77,ms,firefox,,1809794275,2023-12-11 15:49:45,572.0,fbda7db8e39b50ebf5ed7092f81706bd1d8c91ab,1346158,,,,,,,,,,,,,,,,,,,,,,,,,,,,,,,,,,,,,,,,,,,,,,,,,,,,,,,,,,,,,TN,TN
autoland,4060512,13,77a9707257b88d3b15060667769a2def98a71cff,windows10-64-shippable-qr,True,False,,|c|o|l|d| |f|i|s|s|i|o|n| |i|n|t|e|r|a|c|t|i|v|e| |w|e|b|r|e|n|d|e|r|,102210fe594ee9b33d82058545b1ed14f4c8206e,LastVisualChange,reddit-billgates-post-1.posts,True,reddit-billgates-post-1.posts LastVisualChange opt cold fission webrender,,77,ms,firefox,,1809889699,2023-12-11 18:22:43,572.4,8043d7693dbaf145c601652e0b8947d55f399fd8,1346298,,,,,,,,,,,,,,,,,,,,,,,,,,,,,,,,,,,,,,,,,,,,,,,,,,,,,,,,,,,,,TN,TN
autoland,4060512,13,77a9707257b88d3b15060667769a2def98a71cff,windows10-64-shippable-qr,True,False,,|c|o|l|d| |f|i|s|s|i|o|n| |i|n|t|e|r|a|c|t|i|v|e| |w|e|b|r|e|n|d|e|r|,102210fe594ee9b33d82058545b1ed14f4c8206e,LastVisualChange,reddit-billgates-post-1.posts,True,reddit-billgates-post-1.posts LastVisualChange opt cold fission webrender,,77,ms,firefox,,1809949941,2023-12-11 21:32:13,562.5,c2126b815d283d4d848e431071fa77e023b06eb2,1346462,,,,,,,,,,,,,,,,,,,,,,,,,,,,,,,,,,,,,,,,,,,,,,,,,,,,,,,,,,,,,TN,TN
autoland,4060512,13,77a9707257b88d3b15060667769a2def98a71cff,windows10-64-shippable-qr,True,False,,|c|o|l|d| |f|i|s|s|i|o|n| |i|n|t|e|r|a|c|t|i|v|e| |w|e|b|r|e|n|d|e|r|,102210fe594ee9b33d82058545b1ed14f4c8206e,LastVisualChange,reddit-billgates-post-1.posts,True,reddit-billgates-post-1.posts LastVisualChange opt cold fission webrender,,77,ms,firefox,,1810034345,2023-12-12 01:33:17,572.2,6e08bc24f0ba8814dfda465963c22d139bf6e80b,1346620,,,,,,,,,,,,,,,,,,,,,,,,,,,,,,,,,,,,,,,,,,,,,,,,,,,,,,,,,,,,,TN,TN
autoland,4060512,13,77a9707257b88d3b15060667769a2def98a71cff,windows10-64-shippable-qr,True,False,,|c|o|l|d| |f|i|s|s|i|o|n| |i|n|t|e|r|a|c|t|i|v|e| |w|e|b|r|e|n|d|e|r|,102210fe594ee9b33d82058545b1ed14f4c8206e,LastVisualChange,reddit-billgates-post-1.posts,True,reddit-billgates-post-1.posts LastVisualChange opt cold fission webrender,,77,ms,firefox,,1810128088,2023-12-12 04:01:22,555.7,55cd203304b8d5343dd941d772085dc25fd278c4,1346691,,,,,,,,,,,,,,,,,,,,,,,,,,,,,,,,,,,,,,,,,,,,,,,,,,,,,,,,,,,,,TN,TN
autoland,4060512,13,77a9707257b88d3b15060667769a2def98a71cff,windows10-64-shippable-qr,True,False,,|c|o|l|d| |f|i|s|s|i|o|n| |i|n|t|e|r|a|c|t|i|v|e| |w|e|b|r|e|n|d|e|r|,102210fe594ee9b33d82058545b1ed14f4c8206e,LastVisualChange,reddit-billgates-post-1.posts,True,reddit-billgates-post-1.posts LastVisualChange opt cold fission webrender,,77,ms,firefox,,1810235935,2023-12-12 08:08:04,578.7,64c2a5cd2e5c12acc49f695acaca7fc074be00ef,1346735,,,,,,,,,,,,,,,,,,,,,,,,,,,,,,,,,,,,,,,,,,,,,,,,,,,,,,,,,,,,,TN,TN
autoland,4060512,13,77a9707257b88d3b15060667769a2def98a71cff,windows10-64-shippable-qr,True,False,,|c|o|l|d| |f|i|s|s|i|o|n| |i|n|t|e|r|a|c|t|i|v|e| |w|e|b|r|e|n|d|e|r|,102210fe594ee9b33d82058545b1ed14f4c8206e,LastVisualChange,reddit-billgates-post-1.posts,True,reddit-billgates-post-1.posts LastVisualChange opt cold fission webrender,,77,ms,firefox,,1810406508,2023-12-12 13:15:06,559.1,378226435d1f217637869bc238a2bff9ae584e04,1346892,,,,,,,,,,,,,,,,,,,,,,,,,,,,,,,,,,,,,,,,,,,,,,,,,,,,,,,,,,,,,TN,TN
autoland,4060512,13,77a9707257b88d3b15060667769a2def98a71cff,windows10-64-shippable-qr,True,False,,|c|o|l|d| |f|i|s|s|i|o|n| |i|n|t|e|r|a|c|t|i|v|e| |w|e|b|r|e|n|d|e|r|,102210fe594ee9b33d82058545b1ed14f4c8206e,LastVisualChange,reddit-billgates-post-1.posts,True,reddit-billgates-post-1.posts LastVisualChange opt cold fission webrender,,77,ms,firefox,,1810424204,2023-12-12 13:20:17,559.0,661e5ee3675f09044e67f461631530ae9bc19953,1346894,,,,,,,,,,,,,,,,,,,,,,,,,,,,,,,,,,,,,,,,,,,,,,,,,,,,,,,,,,,,,TN,TN
autoland,4060512,13,77a9707257b88d3b15060667769a2def98a71cff,windows10-64-shippable-qr,True,False,,|c|o|l|d| |f|i|s|s|i|o|n| |i|n|t|e|r|a|c|t|i|v|e| |w|e|b|r|e|n|d|e|r|,102210fe594ee9b33d82058545b1ed14f4c8206e,LastVisualChange,reddit-billgates-post-1.posts,True,reddit-billgates-post-1.posts LastVisualChange opt cold fission webrender,,77,ms,firefox,,1810542763,2023-12-12 17:56:51,565.8,89856dfbbbb09660fd0b56d3d9ba6f60c823c81f,1347131,,,,,,,,,,,,,,,,,,,,,,,,,,,,,,,,,,,,,,,,,,,,,,,,,,,,,,,,,,,,,TN,TN
autoland,4060512,13,77a9707257b88d3b15060667769a2def98a71cff,windows10-64-shippable-qr,True,False,,|c|o|l|d| |f|i|s|s|i|o|n| |i|n|t|e|r|a|c|t|i|v|e| |w|e|b|r|e|n|d|e|r|,102210fe594ee9b33d82058545b1ed14f4c8206e,LastVisualChange,reddit-billgates-post-1.posts,True,reddit-billgates-post-1.posts LastVisualChange opt cold fission webrender,,77,ms,firefox,,1810570779,2023-12-12 18:39:48,565.2,b7336e3f433e4055ba8a7fcb5c2f756e0e9b59ef,1347165,,,,,,,,,,,,,,,,,,,,,,,,,,,,,,,,,,,,,,,,,,,,,,,,,,,,,,,,,,,,,TN,TN
autoland,4060512,13,77a9707257b88d3b15060667769a2def98a71cff,windows10-64-shippable-qr,True,False,,|c|o|l|d| |f|i|s|s|i|o|n| |i|n|t|e|r|a|c|t|i|v|e| |w|e|b|r|e|n|d|e|r|,102210fe594ee9b33d82058545b1ed14f4c8206e,LastVisualChange,reddit-billgates-post-1.posts,True,reddit-billgates-post-1.posts LastVisualChange opt cold fission webrender,,77,ms,firefox,,1810628454,2023-12-12 20:06:07,593.1,7272d706196d83e16ea8366481dce5127407ba4d,1347223,,,,,,,,,,,,,,,,,,,,,,,,,,,,,,,,,,,,,,,,,,,,,,,,,,,,,,,,,,,,,TN,TN
autoland,4060512,13,77a9707257b88d3b15060667769a2def98a71cff,windows10-64-shippable-qr,True,False,,|c|o|l|d| |f|i|s|s|i|o|n| |i|n|t|e|r|a|c|t|i|v|e| |w|e|b|r|e|n|d|e|r|,102210fe594ee9b33d82058545b1ed14f4c8206e,LastVisualChange,reddit-billgates-post-1.posts,True,reddit-billgates-post-1.posts LastVisualChange opt cold fission webrender,,77,ms,firefox,,1810747660,2023-12-13 00:40:28,586.1,f823ab1d9a00b627089b75899e588823b584a9c4,1347426,,,,,,,,,,,,,,,,,,,,,,,,,,,,,,,,,,,,,,,,,,,,,,,,,,,,,,,,,,,,,TN,TN
autoland,4060512,13,77a9707257b88d3b15060667769a2def98a71cff,windows10-64-shippable-qr,True,False,,|c|o|l|d| |f|i|s|s|i|o|n| |i|n|t|e|r|a|c|t|i|v|e| |w|e|b|r|e|n|d|e|r|,102210fe594ee9b33d82058545b1ed14f4c8206e,LastVisualChange,reddit-billgates-post-1.posts,True,reddit-billgates-post-1.posts LastVisualChange opt cold fission webrender,,77,ms,firefox,,1810799219,2023-12-13 01:59:28,565.5,c7169e7d15af250d7b1ffb91c072a4b2309457c1,1347482,,,,,,,,,,,,,,,,,,,,,,,,,,,,,,,,,,,,,,,,,,,,,,,,,,,,,,,,,,,,,TN,TN
autoland,4060512,13,77a9707257b88d3b15060667769a2def98a71cff,windows10-64-shippable-qr,True,False,,|c|o|l|d| |f|i|s|s|i|o|n| |i|n|t|e|r|a|c|t|i|v|e| |w|e|b|r|e|n|d|e|r|,102210fe594ee9b33d82058545b1ed14f4c8206e,LastVisualChange,reddit-billgates-post-1.posts,True,reddit-billgates-post-1.posts LastVisualChange opt cold fission webrender,,77,ms,firefox,,1810842589,2023-12-13 03:53:55,565.8,de73ddb24c16e91d220095612fc21b6636e51f81,1347525,,,,,,,,,,,,,,,,,,,,,,,,,,,,,,,,,,,,,,,,,,,,,,,,,,,,,,,,,,,,,TN,TN
autoland,4060512,13,77a9707257b88d3b15060667769a2def98a71cff,windows10-64-shippable-qr,True,False,,|c|o|l|d| |f|i|s|s|i|o|n| |i|n|t|e|r|a|c|t|i|v|e| |w|e|b|r|e|n|d|e|r|,102210fe594ee9b33d82058545b1ed14f4c8206e,LastVisualChange,reddit-billgates-post-1.posts,True,reddit-billgates-post-1.posts LastVisualChange opt cold fission webrender,,77,ms,firefox,,1810884610,2023-12-13 08:08:28,568.6,de61802013d3eabd67e8f7c4382ab95c650835ba,1347584,,,,,,,,,,,,,,,,,,,,,,,,,,,,,,,,,,,,,,,,,,,,,,,,,,,,,,,,,,,,,TN,TN
autoland,4060512,13,77a9707257b88d3b15060667769a2def98a71cff,windows10-64-shippable-qr,True,False,,|c|o|l|d| |f|i|s|s|i|o|n| |i|n|t|e|r|a|c|t|i|v|e| |w|e|b|r|e|n|d|e|r|,102210fe594ee9b33d82058545b1ed14f4c8206e,LastVisualChange,reddit-billgates-post-1.posts,True,reddit-billgates-post-1.posts LastVisualChange opt cold fission webrender,,77,ms,firefox,,1810954993,2023-12-13 10:08:23,552.6,12f45306a093afef1d1ed86121d9fcd9e8c69e15,1347641,,,,,,,,,,,,,,,,,,,,,,,,,,,,,,,,,,,,,,,,,,,,,,,,,,,,,,,,,,,,,TN,TN
autoland,4060512,13,77a9707257b88d3b15060667769a2def98a71cff,windows10-64-shippable-qr,True,False,,|c|o|l|d| |f|i|s|s|i|o|n| |i|n|t|e|r|a|c|t|i|v|e| |w|e|b|r|e|n|d|e|r|,102210fe594ee9b33d82058545b1ed14f4c8206e,LastVisualChange,reddit-billgates-post-1.posts,True,reddit-billgates-post-1.posts LastVisualChange opt cold fission webrender,,77,ms,firefox,,1811433259,2023-12-13 11:56:46,590.0,86021bfb36c3767a431a670a48505835ae7413cf,1347715,,,,,,,,,,,,,,,,,,,,,,,,,,,,,,,,,,,,,,,,,,,,,,,,,,,,,,,,,,,,,TN,TN
autoland,4060512,13,77a9707257b88d3b15060667769a2def98a71cff,windows10-64-shippable-qr,True,False,,|c|o|l|d| |f|i|s|s|i|o|n| |i|n|t|e|r|a|c|t|i|v|e| |w|e|b|r|e|n|d|e|r|,102210fe594ee9b33d82058545b1ed14f4c8206e,LastVisualChange,reddit-billgates-post-1.posts,True,reddit-billgates-post-1.posts LastVisualChange opt cold fission webrender,,77,ms,firefox,,1811437696,2023-12-13 11:58:25,568.2,fd1dd6b4ce421a61e2258a1d2712f3193f997c0a,1347716,,,,,,,,,,,,,,,,,,,,,,,,,,,,,,,,,,,,,,,,,,,,,,,,,,,,,,,,,,,,,TN,TN
autoland,4060512,13,77a9707257b88d3b15060667769a2def98a71cff,windows10-64-shippable-qr,True,False,,|c|o|l|d| |f|i|s|s|i|o|n| |i|n|t|e|r|a|c|t|i|v|e| |w|e|b|r|e|n|d|e|r|,102210fe594ee9b33d82058545b1ed14f4c8206e,LastVisualChange,reddit-billgates-post-1.posts,True,reddit-billgates-post-1.posts LastVisualChange opt cold fission webrender,,77,ms,firefox,,1811048403,2023-12-13 13:51:07,585.4,a54a846dda9a20948451fa14e9ebbd3bb19c826c,1347765,,,,,,,,,,,,,,,,,,,,,,,,,,,,,,,,,,,,,,,,,,,,,,,,,,,,,,,,,,,,,TN,TN
autoland,4060512,13,77a9707257b88d3b15060667769a2def98a71cff,windows10-64-shippable-qr,True,False,,|c|o|l|d| |f|i|s|s|i|o|n| |i|n|t|e|r|a|c|t|i|v|e| |w|e|b|r|e|n|d|e|r|,102210fe594ee9b33d82058545b1ed14f4c8206e,LastVisualChange,reddit-billgates-post-1.posts,True,reddit-billgates-post-1.posts LastVisualChange opt cold fission webrender,,77,ms,firefox,,1811129348,2023-12-13 17:42:49,561.7,951b244454e1790b94e5fa8474efc7fb8c990e28,1347961,,,,,,,,,,,,,,,,,,,,,,,,,,,,,,,,,,,,,,,,,,,,,,,,,,,,,,,,,,,,,TN,TN
autoland,4060512,13,77a9707257b88d3b15060667769a2def98a71cff,windows10-64-shippable-qr,True,False,,|c|o|l|d| |f|i|s|s|i|o|n| |i|n|t|e|r|a|c|t|i|v|e| |w|e|b|r|e|n|d|e|r|,102210fe594ee9b33d82058545b1ed14f4c8206e,LastVisualChange,reddit-billgates-post-1.posts,True,reddit-billgates-post-1.posts LastVisualChange opt cold fission webrender,,77,ms,firefox,,1811452723,2023-12-13 19:13:20,545.7,e9933f26f0f34b5bcd3500f5780efd5cce45b9f8,1348064,,,,,,,,,,,,,,,,,,,,,,,,,,,,,,,,,,,,,,,,,,,,,,,,,,,,,,,,,,,,,TN,TN
autoland,4060512,13,77a9707257b88d3b15060667769a2def98a71cff,windows10-64-shippable-qr,True,False,,|c|o|l|d| |f|i|s|s|i|o|n| |i|n|t|e|r|a|c|t|i|v|e| |w|e|b|r|e|n|d|e|r|,102210fe594ee9b33d82058545b1ed14f4c8206e,LastVisualChange,reddit-billgates-post-1.posts,True,reddit-billgates-post-1.posts LastVisualChange opt cold fission webrender,,77,ms,firefox,,1811465897,2023-12-13 19:30:00,562.2,32d5edd3ad279bbcc378b59e2b3d2cc93a57737c,1348065,,,,,,,,,,,,,,,,,,,,,,,,,,,,,,,,,,,,,,,,,,,,,,,,,,,,,,,,,,,,,TN,TN
autoland,4060512,13,77a9707257b88d3b15060667769a2def98a71cff,windows10-64-shippable-qr,True,False,,|c|o|l|d| |f|i|s|s|i|o|n| |i|n|t|e|r|a|c|t|i|v|e| |w|e|b|r|e|n|d|e|r|,102210fe594ee9b33d82058545b1ed14f4c8206e,LastVisualChange,reddit-billgates-post-1.posts,True,reddit-billgates-post-1.posts LastVisualChange opt cold fission webrender,,77,ms,firefox,,1811253445,2023-12-13 20:42:40,578.8,b89dc85aa7e47069b80251ce43d7d66c034a5b88,1348117,,,,,,,,,,,,,,,,,,,,,,,,,,,,,,,,,,,,,,,,,,,,,,,,,,,,,,,,,,,,,TN,TN
autoland,4060512,13,77a9707257b88d3b15060667769a2def98a71cff,windows10-64-shippable-qr,True,False,,|c|o|l|d| |f|i|s|s|i|o|n| |i|n|t|e|r|a|c|t|i|v|e| |w|e|b|r|e|n|d|e|r|,102210fe594ee9b33d82058545b1ed14f4c8206e,LastVisualChange,reddit-billgates-post-1.posts,True,reddit-billgates-post-1.posts LastVisualChange opt cold fission webrender,,77,ms,firefox,,1811377117,2023-12-14 01:23:55,558.8,12888ec6533c4e6ec49c2d7081e67ac660129ab6,1348332,,,,,,,,,,,,,,,,,,,,,,,,,,,,,,,,,,,,,,,,,,,,,,,,,,,,,,,,,,,,,TN,TN
autoland,4060512,13,77a9707257b88d3b15060667769a2def98a71cff,windows10-64-shippable-qr,True,False,,|c|o|l|d| |f|i|s|s|i|o|n| |i|n|t|e|r|a|c|t|i|v|e| |w|e|b|r|e|n|d|e|r|,102210fe594ee9b33d82058545b1ed14f4c8206e,LastVisualChange,reddit-billgates-post-1.posts,True,reddit-billgates-post-1.posts LastVisualChange opt cold fission webrender,,77,ms,firefox,,1811482362,2023-12-14 06:57:49,575.5,3af75f3310fc53f70cba7e6c5a7e7bec2d3381dc,1348404,,,,,,,,,,,,,,,,,,,,,,,,,,,,,,,,,,,,,,,,,,,,,,,,,,,,,,,,,,,,,TN,TN
autoland,4060512,13,77a9707257b88d3b15060667769a2def98a71cff,windows10-64-shippable-qr,True,False,,|c|o|l|d| |f|i|s|s|i|o|n| |i|n|t|e|r|a|c|t|i|v|e| |w|e|b|r|e|n|d|e|r|,102210fe594ee9b33d82058545b1ed14f4c8206e,LastVisualChange,reddit-billgates-post-1.posts,True,reddit-billgates-post-1.posts LastVisualChange opt cold fission webrender,,77,ms,firefox,,1811634246,2023-12-14 09:15:58,569.2,1c0fd259312d4631a0d1a7e0ea0560cff577beba,1348457,,,,,,,,,,,,,,,,,,,,,,,,,,,,,,,,,,,,,,,,,,,,,,,,,,,,,,,,,,,,,TN,TN
autoland,4060512,13,77a9707257b88d3b15060667769a2def98a71cff,windows10-64-shippable-qr,True,False,,|c|o|l|d| |f|i|s|s|i|o|n| |i|n|t|e|r|a|c|t|i|v|e| |w|e|b|r|e|n|d|e|r|,102210fe594ee9b33d82058545b1ed14f4c8206e,LastVisualChange,reddit-billgates-post-1.posts,True,reddit-billgates-post-1.posts LastVisualChange opt cold fission webrender,,77,ms,firefox,,1811741329,2023-12-14 13:22:59,566.3,31a1108bee2768e6f329db2b083b5066b2c83def,1348529,,,,,,,,,,,,,,,,,,,,,,,,,,,,,,,,,,,,,,,,,,,,,,,,,,,,,,,,,,,,,TN,TN
autoland,4060512,13,77a9707257b88d3b15060667769a2def98a71cff,windows10-64-shippable-qr,True,False,,|c|o|l|d| |f|i|s|s|i|o|n| |i|n|t|e|r|a|c|t|i|v|e| |w|e|b|r|e|n|d|e|r|,102210fe594ee9b33d82058545b1ed14f4c8206e,LastVisualChange,reddit-billgates-post-1.posts,True,reddit-billgates-post-1.posts LastVisualChange opt cold fission webrender,,77,ms,firefox,,1811847948,2023-12-14 15:25:58,581.5,44c4e62a38e1a18cd9c3cdc37be672c5b2eccb06,1348605,,,,,,,,,,,,,,,,,,,,,,,,,,,,,,,,,,,,,,,,,,,,,,,,,,,,,,,,,,,,,TN,TN
autoland,4060512,13,77a9707257b88d3b15060667769a2def98a71cff,windows10-64-shippable-qr,True,False,,|c|o|l|d| |f|i|s|s|i|o|n| |i|n|t|e|r|a|c|t|i|v|e| |w|e|b|r|e|n|d|e|r|,102210fe594ee9b33d82058545b1ed14f4c8206e,LastVisualChange,reddit-billgates-post-1.posts,True,reddit-billgates-post-1.posts LastVisualChange opt cold fission webrender,,77,ms,firefox,,1812359679,2023-12-14 19:23:56,593.0,78c7be7943b18dd539b6178da71c8c4a66089305,1348840,,,,,,,,,,,,,,,,,,,,,,,,,,,,,,,,,,,,,,,,,,,,,,,,,,,,,,,,,,,,,TN,TN
autoland,4060512,13,77a9707257b88d3b15060667769a2def98a71cff,windows10-64-shippable-qr,True,False,,|c|o|l|d| |f|i|s|s|i|o|n| |i|n|t|e|r|a|c|t|i|v|e| |w|e|b|r|e|n|d|e|r|,102210fe594ee9b33d82058545b1ed14f4c8206e,LastVisualChange,reddit-billgates-post-1.posts,True,reddit-billgates-post-1.posts LastVisualChange opt cold fission webrender,,77,ms,firefox,,1812017797,2023-12-14 19:45:40,555.2,5b5faa47b870a45949438e5959b9ef04204a9bac,1348855,,,,,,,,,,,,,,,,,,,,,,,,,,,,,,,,,,,,,,,,,,,,,,,,,,,,,,,,,,,,,TN,TN
autoland,4060512,13,77a9707257b88d3b15060667769a2def98a71cff,windows10-64-shippable-qr,True,False,,|c|o|l|d| |f|i|s|s|i|o|n| |i|n|t|e|r|a|c|t|i|v|e| |w|e|b|r|e|n|d|e|r|,102210fe594ee9b33d82058545b1ed14f4c8206e,LastVisualChange,reddit-billgates-post-1.posts,True,reddit-billgates-post-1.posts LastVisualChange opt cold fission webrender,,77,ms,firefox,,1812180840,2023-12-14 21:45:13,555.4,04ae3a53d7df39b7ef7380e872889038951a9e63,1348957,,,,,,,,,,,,,,,,,,,,,,,,,,,,,,,,,,,,,,,,,,,,,,,,,,,,,,,,,,,,,TN,TN
autoland,4060512,13,77a9707257b88d3b15060667769a2def98a71cff,windows10-64-shippable-qr,True,False,,|c|o|l|d| |f|i|s|s|i|o|n| |i|n|t|e|r|a|c|t|i|v|e| |w|e|b|r|e|n|d|e|r|,102210fe594ee9b33d82058545b1ed14f4c8206e,LastVisualChange,reddit-billgates-post-1.posts,True,reddit-billgates-post-1.posts LastVisualChange opt cold fission webrender,,77,ms,firefox,,1812298289,2023-12-15 01:58:19,562.1,efffe49c7c1c0f6b54d9f752224880e07e588f36,1349130,,,,,,,,,,,,,,,,,,,,,,,,,,,,,,,,,,,,,,,,,,,,,,,,,,,,,,,,,,,,,TN,TN
autoland,4060512,13,77a9707257b88d3b15060667769a2def98a71cff,windows10-64-shippable-qr,True,False,,|c|o|l|d| |f|i|s|s|i|o|n| |i|n|t|e|r|a|c|t|i|v|e| |w|e|b|r|e|n|d|e|r|,102210fe594ee9b33d82058545b1ed14f4c8206e,LastVisualChange,reddit-billgates-post-1.posts,True,reddit-billgates-post-1.posts LastVisualChange opt cold fission webrender,,77,ms,firefox,,1812473948,2023-12-15 11:00:39,572.1,d3a29d02b3dd8d8cfbfff6fcad00d94226e102e8,1349239,,,,,,,,,,,,,,,,,,,,,,,,,,,,,,,,,,,,,,,,,,,,,,,,,,,,,,,,,,,,,TN,TN
autoland,4060512,13,77a9707257b88d3b15060667769a2def98a71cff,windows10-64-shippable-qr,True,False,,|c|o|l|d| |f|i|s|s|i|o|n| |i|n|t|e|r|a|c|t|i|v|e| |w|e|b|r|e|n|d|e|r|,102210fe594ee9b33d82058545b1ed14f4c8206e,LastVisualChange,reddit-billgates-post-1.posts,True,reddit-billgates-post-1.posts LastVisualChange opt cold fission webrender,,77,ms,firefox,,1813090252,2023-12-15 11:33:40,559.3,1b43e68405d00eda15832b113572cef3c3f91d0b,1349256,,,,,,,,,,,,,,,,,,,,,,,,,,,,,,,,,,,,,,,,,,,,,,,,,,,,,,,,,,,,,TN,TN
autoland,4060512,13,77a9707257b88d3b15060667769a2def98a71cff,windows10-64-shippable-qr,True,False,,|c|o|l|d| |f|i|s|s|i|o|n| |i|n|t|e|r|a|c|t|i|v|e| |w|e|b|r|e|n|d|e|r|,102210fe594ee9b33d82058545b1ed14f4c8206e,LastVisualChange,reddit-billgates-post-1.posts,True,reddit-billgates-post-1.posts LastVisualChange opt cold fission webrender,,77,ms,firefox,,1813071854,2023-12-15 13:11:42,555.1,52110e0439924fde2539fa4e09821a9381655c91,1349281,,,,,,,,,,,,,,,,,,,,,,,,,,,,,,,,,,,,,,,,,,,,,,,,,,,,,,,,,,,,,TN,TN
autoland,4060512,13,77a9707257b88d3b15060667769a2def98a71cff,windows10-64-shippable-qr,True,False,,|c|o|l|d| |f|i|s|s|i|o|n| |i|n|t|e|r|a|c|t|i|v|e| |w|e|b|r|e|n|d|e|r|,102210fe594ee9b33d82058545b1ed14f4c8206e,LastVisualChange,reddit-billgates-post-1.posts,True,reddit-billgates-post-1.posts LastVisualChange opt cold fission webrender,,77,ms,firefox,,1812598548,2023-12-15 15:09:59,574.4,8fd04cb03fbd84435d9834d1de340c2f64e013bb,1349331,,,,,,,,,,,,,,,,,,,,,,,,,,,,,,,,,,,,,,,,,,,,,,,,,,,,,,,,,,,,,TN,TN
autoland,4060512,13,77a9707257b88d3b15060667769a2def98a71cff,windows10-64-shippable-qr,True,False,,|c|o|l|d| |f|i|s|s|i|o|n| |i|n|t|e|r|a|c|t|i|v|e| |w|e|b|r|e|n|d|e|r|,102210fe594ee9b33d82058545b1ed14f4c8206e,LastVisualChange,reddit-billgates-post-1.posts,True,reddit-billgates-post-1.posts LastVisualChange opt cold fission webrender,,77,ms,firefox,,1812855655,2023-12-15 20:18:56,569.2,8f1a041ed5a88918a5fe585c89ffabd9450bc0ef,1349528,,,,,,,,,,,,,,,,,,,,,,,,,,,,,,,,,,,,,,,,,,,,,,,,,,,,,,,,,,,,,TN,TN
autoland,4060512,13,77a9707257b88d3b15060667769a2def98a71cff,windows10-64-shippable-qr,True,False,,|c|o|l|d| |f|i|s|s|i|o|n| |i|n|t|e|r|a|c|t|i|v|e| |w|e|b|r|e|n|d|e|r|,102210fe594ee9b33d82058545b1ed14f4c8206e,LastVisualChange,reddit-billgates-post-1.posts,True,reddit-billgates-post-1.posts LastVisualChange opt cold fission webrender,,77,ms,firefox,,1813088765,2023-12-15 21:55:29,565.2,44e8ffbec880bf30f09db0da6825bbe4fc3e1352,1349589,,,,,,,,,,,,,,,,,,,,,,,,,,,,,,,,,,,,,,,,,,,,,,,,,,,,,,,,,,,,,TN,TN
autoland,4060512,13,77a9707257b88d3b15060667769a2def98a71cff,windows10-64-shippable-qr,True,False,,|c|o|l|d| |f|i|s|s|i|o|n| |i|n|t|e|r|a|c|t|i|v|e| |w|e|b|r|e|n|d|e|r|,102210fe594ee9b33d82058545b1ed14f4c8206e,LastVisualChange,reddit-billgates-post-1.posts,True,reddit-billgates-post-1.posts LastVisualChange opt cold fission webrender,,77,ms,firefox,,1813020012,2023-12-15 22:23:20,575.5,cb0fb07166b17b6a9b02be0ce0b759a8ee337c3d,1349599,,,,,,,,,,,,,,,,,,,,,,,,,,,,,,,,,,,,,,,,,,,,,,,,,,,,,,,,,,,,,TN,TN
autoland,4060512,13,77a9707257b88d3b15060667769a2def98a71cff,windows10-64-shippable-qr,True,False,,|c|o|l|d| |f|i|s|s|i|o|n| |i|n|t|e|r|a|c|t|i|v|e| |w|e|b|r|e|n|d|e|r|,102210fe594ee9b33d82058545b1ed14f4c8206e,LastVisualChange,reddit-billgates-post-1.posts,True,reddit-billgates-post-1.posts LastVisualChange opt cold fission webrender,,77,ms,firefox,,1813005121,2023-12-16 02:28:17,567.9,33b0a0fecfd912ef3f540060b5e13f54db31d5cd,1349675,,,,,,,,,,,,,,,,,,,,,,,,,,,,,,,,,,,,,,,,,,,,,,,,,,,,,,,,,,,,,TN,TN
autoland,4060512,13,77a9707257b88d3b15060667769a2def98a71cff,windows10-64-shippable-qr,True,False,,|c|o|l|d| |f|i|s|s|i|o|n| |i|n|t|e|r|a|c|t|i|v|e| |w|e|b|r|e|n|d|e|r|,102210fe594ee9b33d82058545b1ed14f4c8206e,LastVisualChange,reddit-billgates-post-1.posts,True,reddit-billgates-post-1.posts LastVisualChange opt cold fission webrender,,77,ms,firefox,,1813161885,2023-12-16 14:03:11,568.3,6d6d4867b0f48dce26d871d94c5f74f5a8ac6aaf,1349726,,,,,,,,,,,,,,,,,,,,,,,,,,,,,,,,,,,,,,,,,,,,,,,,,,,,,,,,,,,,,TN,TN
autoland,4060512,13,77a9707257b88d3b15060667769a2def98a71cff,windows10-64-shippable-qr,True,False,,|c|o|l|d| |f|i|s|s|i|o|n| |i|n|t|e|r|a|c|t|i|v|e| |w|e|b|r|e|n|d|e|r|,102210fe594ee9b33d82058545b1ed14f4c8206e,LastVisualChange,reddit-billgates-post-1.posts,True,reddit-billgates-post-1.posts LastVisualChange opt cold fission webrender,,77,ms,firefox,,1813337096,2023-12-17 06:27:55,578.7,2d19e1f44e562ba1bb3be1f4b8f95b9884d9b07d,1349827,,,,,,,,,,,,,,,,,,,,,,,,,,,,,,,,,,,,,,,,,,,,,,,,,,,,,,,,,,,,,TN,TN
autoland,4060512,13,77a9707257b88d3b15060667769a2def98a71cff,windows10-64-shippable-qr,True,False,,|c|o|l|d| |f|i|s|s|i|o|n| |i|n|t|e|r|a|c|t|i|v|e| |w|e|b|r|e|n|d|e|r|,102210fe594ee9b33d82058545b1ed14f4c8206e,LastVisualChange,reddit-billgates-post-1.posts,True,reddit-billgates-post-1.posts LastVisualChange opt cold fission webrender,,77,ms,firefox,,1813443004,2023-12-17 14:26:46,572.6,ab5e2f241728caa5dc020e829b1045df55247758,1349862,,,,,,,,,,,,,,,,,,,,,,,,,,,,,,,,,,,,,,,,,,,,,,,,,,,,,,,,,,,,,TN,TN
autoland,4060512,13,77a9707257b88d3b15060667769a2def98a71cff,windows10-64-shippable-qr,True,False,,|c|o|l|d| |f|i|s|s|i|o|n| |i|n|t|e|r|a|c|t|i|v|e| |w|e|b|r|e|n|d|e|r|,102210fe594ee9b33d82058545b1ed14f4c8206e,LastVisualChange,reddit-billgates-post-1.posts,True,reddit-billgates-post-1.posts LastVisualChange opt cold fission webrender,,77,ms,firefox,,1813533626,2023-12-18 01:43:16,555.6,b46057158b0694677a8174089de1cb8929d3116b,1349993,,,,,,,,,,,,,,,,,,,,,,,,,,,,,,,,,,,,,,,,,,,,,,,,,,,,,,,,,,,,,TN,TN
autoland,4060512,13,77a9707257b88d3b15060667769a2def98a71cff,windows10-64-shippable-qr,True,False,,|c|o|l|d| |f|i|s|s|i|o|n| |i|n|t|e|r|a|c|t|i|v|e| |w|e|b|r|e|n|d|e|r|,102210fe594ee9b33d82058545b1ed14f4c8206e,LastVisualChange,reddit-billgates-post-1.posts,True,reddit-billgates-post-1.posts LastVisualChange opt cold fission webrender,,77,ms,firefox,,1813572423,2023-12-18 05:48:57,559.4,1d2ed0b2947385e77bd609220eb0e453b44d4cb3,1350028,,,,,,,,,,,,,,,,,,,,,,,,,,,,,,,,,,,,,,,,,,,,,,,,,,,,,,,,,,,,,TN,TN
autoland,4060512,13,77a9707257b88d3b15060667769a2def98a71cff,windows10-64-shippable-qr,True,False,,|c|o|l|d| |f|i|s|s|i|o|n| |i|n|t|e|r|a|c|t|i|v|e| |w|e|b|r|e|n|d|e|r|,102210fe594ee9b33d82058545b1ed14f4c8206e,LastVisualChange,reddit-billgates-post-1.posts,True,reddit-billgates-post-1.posts LastVisualChange opt cold fission webrender,,77,ms,firefox,,1813679517,2023-12-18 10:08:52,582.4,1f7904968650806af8d68bbc64a717bac22df318,1350088,,,,,,,,,,,,,,,,,,,,,,,,,,,,,,,,,,,,,,,,,,,,,,,,,,,,,,,,,,,,,TN,TN
autoland,4060512,13,77a9707257b88d3b15060667769a2def98a71cff,windows10-64-shippable-qr,True,False,,|c|o|l|d| |f|i|s|s|i|o|n| |i|n|t|e|r|a|c|t|i|v|e| |w|e|b|r|e|n|d|e|r|,102210fe594ee9b33d82058545b1ed14f4c8206e,LastVisualChange,reddit-billgates-post-1.posts,True,reddit-billgates-post-1.posts LastVisualChange opt cold fission webrender,,77,ms,firefox,,1813700937,2023-12-18 10:23:12,555.4,ba2e5b5e061b5024cc487a16c7e553de9e5e8a2d,1350096,,,,,,,,,,,,,,,,,,,,,,,,,,,,,,,,,,,,,,,,,,,,,,,,,,,,,,,,,,,,,TN,TN
autoland,4060512,13,77a9707257b88d3b15060667769a2def98a71cff,windows10-64-shippable-qr,True,False,,|c|o|l|d| |f|i|s|s|i|o|n| |i|n|t|e|r|a|c|t|i|v|e| |w|e|b|r|e|n|d|e|r|,102210fe594ee9b33d82058545b1ed14f4c8206e,LastVisualChange,reddit-billgates-post-1.posts,True,reddit-billgates-post-1.posts LastVisualChange opt cold fission webrender,,77,ms,firefox,,1813784083,2023-12-18 14:56:17,569.2,8942476b2dcd0a89abfb3183ea577d611785e77e,1350212,,,,,,,,,,,,,,,,,,,,,,,,,,,,,,,,,,,,,,,,,,,,,,,,,,,,,,,,,,,,,TN,TN
autoland,4060512,13,77a9707257b88d3b15060667769a2def98a71cff,windows10-64-shippable-qr,True,False,,|c|o|l|d| |f|i|s|s|i|o|n| |i|n|t|e|r|a|c|t|i|v|e| |w|e|b|r|e|n|d|e|r|,102210fe594ee9b33d82058545b1ed14f4c8206e,LastVisualChange,reddit-billgates-post-1.posts,True,reddit-billgates-post-1.posts LastVisualChange opt cold fission webrender,,77,ms,firefox,,1813834257,2023-12-18 15:53:23,596.9,e409a860d27d9dbd962eb6568c1700e2aa2716aa,1350255,,,,,,,,,,,,,,,,,,,,,,,,,,,,,,,,,,,,,,,,,,,,,,,,,,,,,,,,,,,,,TN,TN
autoland,4060512,13,77a9707257b88d3b15060667769a2def98a71cff,windows10-64-shippable-qr,True,False,,|c|o|l|d| |f|i|s|s|i|o|n| |i|n|t|e|r|a|c|t|i|v|e| |w|e|b|r|e|n|d|e|r|,102210fe594ee9b33d82058545b1ed14f4c8206e,LastVisualChange,reddit-billgates-post-1.posts,True,reddit-billgates-post-1.posts LastVisualChange opt cold fission webrender,,77,ms,firefox,,1813910343,2023-12-18 18:13:05,578.7,c909d207f316bf0512f63f8262872083353a6ef5,1350369,,,,,,,,,,,,,,,,,,,,,,,,,,,,,,,,,,,,,,,,,,,,,,,,,,,,,,,,,,,,,TN,TN
autoland,4060512,13,77a9707257b88d3b15060667769a2def98a71cff,windows10-64-shippable-qr,True,False,,|c|o|l|d| |f|i|s|s|i|o|n| |i|n|t|e|r|a|c|t|i|v|e| |w|e|b|r|e|n|d|e|r|,102210fe594ee9b33d82058545b1ed14f4c8206e,LastVisualChange,reddit-billgates-post-1.posts,True,reddit-billgates-post-1.posts LastVisualChange opt cold fission webrender,,77,ms,firefox,,1813997914,2023-12-18 20:47:25,579.5,593e78a41c38b062baab03b6280366f86d0d233c,1350523,,,,,,,,,,,,,,,,,,,,,,,,,,,,,,,,,,,,,,,,,,,,,,,,,,,,,,,,,,,,,TN,TN
autoland,4060512,13,77a9707257b88d3b15060667769a2def98a71cff,windows10-64-shippable-qr,True,False,,|c|o|l|d| |f|i|s|s|i|o|n| |i|n|t|e|r|a|c|t|i|v|e| |w|e|b|r|e|n|d|e|r|,102210fe594ee9b33d82058545b1ed14f4c8206e,LastVisualChange,reddit-billgates-post-1.posts,True,reddit-billgates-post-1.posts LastVisualChange opt cold fission webrender,,77,ms,firefox,,1814113948,2023-12-19 00:56:17,579.1,4bc62630a431fca569dfb1add5eee214dcdd091c,1350695,,,,,,,,,,,,,,,,,,,,,,,,,,,,,,,,,,,,,,,,,,,,,,,,,,,,,,,,,,,,,TN,TN
autoland,4060512,13,77a9707257b88d3b15060667769a2def98a71cff,windows10-64-shippable-qr,True,False,,|c|o|l|d| |f|i|s|s|i|o|n| |i|n|t|e|r|a|c|t|i|v|e| |w|e|b|r|e|n|d|e|r|,102210fe594ee9b33d82058545b1ed14f4c8206e,LastVisualChange,reddit-billgates-post-1.posts,True,reddit-billgates-post-1.posts LastVisualChange opt cold fission webrender,,77,ms,firefox,,1814120482,2023-12-19 02:00:57,572.2,7e32f178b02fef938f803492c4bfd6d897ffcb21,1350710,,,,,,,,,,,,,,,,,,,,,,,,,,,,,,,,,,,,,,,,,,,,,,,,,,,,,,,,,,,,,TN,TN
autoland,4060512,13,77a9707257b88d3b15060667769a2def98a71cff,windows10-64-shippable-qr,True,False,,|c|o|l|d| |f|i|s|s|i|o|n| |i|n|t|e|r|a|c|t|i|v|e| |w|e|b|r|e|n|d|e|r|,102210fe594ee9b33d82058545b1ed14f4c8206e,LastVisualChange,reddit-billgates-post-1.posts,True,reddit-billgates-post-1.posts LastVisualChange opt cold fission webrender,,77,ms,firefox,,1814203791,2023-12-19 06:19:40,565.6,05b607c3bbe6ca02e9133ecb969e033fd3d7959e,1350758,,,,,,,,,,,,,,,,,,,,,,,,,,,,,,,,,,,,,,,,,,,,,,,,,,,,,,,,,,,,,TN,TN
autoland,4060512,13,77a9707257b88d3b15060667769a2def98a71cff,windows10-64-shippable-qr,True,False,,|c|o|l|d| |f|i|s|s|i|o|n| |i|n|t|e|r|a|c|t|i|v|e| |w|e|b|r|e|n|d|e|r|,102210fe594ee9b33d82058545b1ed14f4c8206e,LastVisualChange,reddit-billgates-post-1.posts,True,reddit-billgates-post-1.posts LastVisualChange opt cold fission webrender,,77,ms,firefox,,1814292183,2023-12-19 10:31:52,558.6,8efb8cc3558006677c6d18fcf41c3445498e257c,1350823,,,,,,,,,,,,,,,,,,,,,,,,,,,,,,,,,,,,,,,,,,,,,,,,,,,,,,,,,,,,,TN,TN
autoland,4060512,13,77a9707257b88d3b15060667769a2def98a71cff,windows10-64-shippable-qr,True,False,,|c|o|l|d| |f|i|s|s|i|o|n| |i|n|t|e|r|a|c|t|i|v|e| |w|e|b|r|e|n|d|e|r|,102210fe594ee9b33d82058545b1ed14f4c8206e,LastVisualChange,reddit-billgates-post-1.posts,True,reddit-billgates-post-1.posts LastVisualChange opt cold fission webrender,,77,ms,firefox,,1814369761,2023-12-19 10:59:27,575.5,e382d15d709c00d2fc941c2d6e9344b826246c27,1350835,,,,,,,,,,,,,,,,,,,,,,,,,,,,,,,,,,,,,,,,,,,,,,,,,,,,,,,,,,,,,TN,TN
autoland,4060512,13,77a9707257b88d3b15060667769a2def98a71cff,windows10-64-shippable-qr,True,False,,|c|o|l|d| |f|i|s|s|i|o|n| |i|n|t|e|r|a|c|t|i|v|e| |w|e|b|r|e|n|d|e|r|,102210fe594ee9b33d82058545b1ed14f4c8206e,LastVisualChange,reddit-billgates-post-1.posts,True,reddit-billgates-post-1.posts LastVisualChange opt cold fission webrender,,77,ms,firefox,,1814894898,2023-12-19 13:19:02,588.0,be64555d77f881872b0f03c41f3ab33631d3ac01,1350903,,,,,,,,,,,,,,,,,,,,,,,,,,,,,,,,,,,,,,,,,,,,,,,,,,,,,,,,,,,,,TN,TN
autoland,4060512,13,77a9707257b88d3b15060667769a2def98a71cff,windows10-64-shippable-qr,True,False,,|c|o|l|d| |f|i|s|s|i|o|n| |i|n|t|e|r|a|c|t|i|v|e| |w|e|b|r|e|n|d|e|r|,102210fe594ee9b33d82058545b1ed14f4c8206e,LastVisualChange,reddit-billgates-post-1.posts,True,reddit-billgates-post-1.posts LastVisualChange opt cold fission webrender,,77,ms,firefox,,1814956037,2023-12-19 13:50:50,575.5,b6f6bcaf2283fe3a010ced1fe192f3a3f164b583,1350921,,,,,,,,,,,,,,,,,,,,,,,,,,,,,,,,,,,,,,,,,,,,,,,,,,,,,,,,,,,,,TN,TN
autoland,4060512,13,77a9707257b88d3b15060667769a2def98a71cff,windows10-64-shippable-qr,True,False,,|c|o|l|d| |f|i|s|s|i|o|n| |i|n|t|e|r|a|c|t|i|v|e| |w|e|b|r|e|n|d|e|r|,102210fe594ee9b33d82058545b1ed14f4c8206e,LastVisualChange,reddit-billgates-post-1.posts,True,reddit-billgates-post-1.posts LastVisualChange opt cold fission webrender,,77,ms,firefox,,1814944957,2023-12-19 13:51:47,558.8,3e5f50c1f3ddf4e4cdc9218c20a6fda61fb8072f,1350923,,,,,,,,,,,,,,,,,,,,,,,,,,,,,,,,,,,,,,,,,,,,,,,,,,,,,,,,,,,,,TN,TN
autoland,4060512,13,77a9707257b88d3b15060667769a2def98a71cff,windows10-64-shippable-qr,True,False,,|c|o|l|d| |f|i|s|s|i|o|n| |i|n|t|e|r|a|c|t|i|v|e| |w|e|b|r|e|n|d|e|r|,102210fe594ee9b33d82058545b1ed14f4c8206e,LastVisualChange,reddit-billgates-post-1.posts,True,reddit-billgates-post-1.posts LastVisualChange opt cold fission webrender,,77,ms,firefox,,1814540754,2023-12-19 15:05:00,574.9,58a9c7e82a58e7e951a669f0634901963c5ed696,1350969,,,,,,,,,,,,,,,,,,,,,,,,,,,,,,,,,,,,,,,,,,,,,,,,,,,,,,,,,,,,,TN,TN
autoland,4060512,13,77a9707257b88d3b15060667769a2def98a71cff,windows10-64-shippable-qr,True,False,,|c|o|l|d| |f|i|s|s|i|o|n| |i|n|t|e|r|a|c|t|i|v|e| |w|e|b|r|e|n|d|e|r|,102210fe594ee9b33d82058545b1ed14f4c8206e,LastVisualChange,reddit-billgates-post-1.posts,True,reddit-billgates-post-1.posts LastVisualChange opt cold fission webrender,,77,ms,firefox,,1814522802,2023-12-19 15:55:04,552.5,ffd610f5a3bc262042d0839f354a1cf0cc9d5dff,1351025,,,,,,,,,,,,,,,,,,,,,,,,,,,,,,,,,,,,,,,,,,,,,,,,,,,,,,,,,,,,,TN,TN
autoland,4060512,13,77a9707257b88d3b15060667769a2def98a71cff,windows10-64-shippable-qr,True,False,,|c|o|l|d| |f|i|s|s|i|o|n| |i|n|t|e|r|a|c|t|i|v|e| |w|e|b|r|e|n|d|e|r|,102210fe594ee9b33d82058545b1ed14f4c8206e,LastVisualChange,reddit-billgates-post-1.posts,True,reddit-billgates-post-1.posts LastVisualChange opt cold fission webrender,,77,ms,firefox,,1814657532,2023-12-19 20:21:31,565.5,b50326daf412a23a363c8ca18b03b1dcede121ff,1351238,,,,,,,,,,,,,,,,,,,,,,,,,,,,,,,,,,,,,,,,,,,,,,,,,,,,,,,,,,,,,TN,TN
autoland,4060512,13,77a9707257b88d3b15060667769a2def98a71cff,windows10-64-shippable-qr,True,False,,|c|o|l|d| |f|i|s|s|i|o|n| |i|n|t|e|r|a|c|t|i|v|e| |w|e|b|r|e|n|d|e|r|,102210fe594ee9b33d82058545b1ed14f4c8206e,LastVisualChange,reddit-billgates-post-1.posts,True,reddit-billgates-post-1.posts LastVisualChange opt cold fission webrender,,77,ms,firefox,,1814678710,2023-12-19 21:18:40,598.6,31eaa2b1cf1b61e0b8868c53cf6bdbfc14805942,1351276,,,,,,,,,,,,,,,,,,,,,,,,,,,,,,,,,,,,,,,,,,,,,,,,,,,,,,,,,,,,,TN,TN
autoland,4060512,13,77a9707257b88d3b15060667769a2def98a71cff,windows10-64-shippable-qr,True,False,,|c|o|l|d| |f|i|s|s|i|o|n| |i|n|t|e|r|a|c|t|i|v|e| |w|e|b|r|e|n|d|e|r|,102210fe594ee9b33d82058545b1ed14f4c8206e,LastVisualChange,reddit-billgates-post-1.posts,True,reddit-billgates-post-1.posts LastVisualChange opt cold fission webrender,,77,ms,firefox,,1814845019,2023-12-20 02:06:01,542.1,9ac6d461916454c17cd8c7dfc7f73401ef3da12a,1351432,,,,,,,,,,,,,,,,,,,,,,,,,,,,,,,,,,,,,,,,,,,,,,,,,,,,,,,,,,,,,TN,TN
autoland,4060512,13,77a9707257b88d3b15060667769a2def98a71cff,windows10-64-shippable-qr,True,False,,|c|o|l|d| |f|i|s|s|i|o|n| |i|n|t|e|r|a|c|t|i|v|e| |w|e|b|r|e|n|d|e|r|,102210fe594ee9b33d82058545b1ed14f4c8206e,LastVisualChange,reddit-billgates-post-1.posts,True,reddit-billgates-post-1.posts LastVisualChange opt cold fission webrender,,77,ms,firefox,,1814927499,2023-12-20 04:26:18,562.5,e3bf6261f6fc31e78c716c97399a60f6f575ebcd,1351473,,,,,,,,,,,,,,,,,,,,,,,,,,,,,,,,,,,,,,,,,,,,,,,,,,,,,,,,,,,,,TN,TN
autoland,4060512,13,77a9707257b88d3b15060667769a2def98a71cff,windows10-64-shippable-qr,True,False,,|c|o|l|d| |f|i|s|s|i|o|n| |i|n|t|e|r|a|c|t|i|v|e| |w|e|b|r|e|n|d|e|r|,102210fe594ee9b33d82058545b1ed14f4c8206e,LastVisualChange,reddit-billgates-post-1.posts,True,reddit-billgates-post-1.posts LastVisualChange opt cold fission webrender,,77,ms,firefox,,1815080942,2023-12-20 09:15:46,566.2,4d6eabdc6228d414c7043c4fabdddfd95a3afb0e,1351517,,,,,,,,,,,,,,,,,,,,,,,,,,,,,,,,,,,,,,,,,,,,,,,,,,,,,,,,,,,,,TN,TN
autoland,4060512,13,77a9707257b88d3b15060667769a2def98a71cff,windows10-64-shippable-qr,True,False,,|c|o|l|d| |f|i|s|s|i|o|n| |i|n|t|e|r|a|c|t|i|v|e| |w|e|b|r|e|n|d|e|r|,102210fe594ee9b33d82058545b1ed14f4c8206e,LastVisualChange,reddit-billgates-post-1.posts,True,reddit-billgates-post-1.posts LastVisualChange opt cold fission webrender,,77,ms,firefox,,1815175627,2023-12-20 13:10:00,578.5,97f2e0f6b821072bc498a3bc7921831eb6d10d38,1351639,,,,,,,,,,,,,,,,,,,,,,,,,,,,,,,,,,,,,,,,,,,,,,,,,,,,,,,,,,,,,TN,TN
autoland,4060512,13,77a9707257b88d3b15060667769a2def98a71cff,windows10-64-shippable-qr,True,False,,|c|o|l|d| |f|i|s|s|i|o|n| |i|n|t|e|r|a|c|t|i|v|e| |w|e|b|r|e|n|d|e|r|,102210fe594ee9b33d82058545b1ed14f4c8206e,LastVisualChange,reddit-billgates-post-1.posts,True,reddit-billgates-post-1.posts LastVisualChange opt cold fission webrender,,77,ms,firefox,,1815367596,2023-12-20 17:43:19,585.9,c12f6936509f05b3caad77d4cb4b783a38761897,1351821,,,,,,,,,,,,,,,,,,,,,,,,,,,,,,,,,,,,,,,,,,,,,,,,,,,,,,,,,,,,,TN,TN
autoland,4060512,13,77a9707257b88d3b15060667769a2def98a71cff,windows10-64-shippable-qr,True,False,,|c|o|l|d| |f|i|s|s|i|o|n| |i|n|t|e|r|a|c|t|i|v|e| |w|e|b|r|e|n|d|e|r|,102210fe594ee9b33d82058545b1ed14f4c8206e,LastVisualChange,reddit-billgates-post-1.posts,True,reddit-billgates-post-1.posts LastVisualChange opt cold fission webrender,,77,ms,firefox,,1815477801,2023-12-20 21:55:32,556.1,aa4d4fecaf969d49a7ecf2568e3dda25cd2a7f1d,1352017,,,,,,,,,,,,,,,,,,,,,,,,,,,,,,,,,,,,,,,,,,,,,,,,,,,,,,,,,,,,,TN,TN
autoland,4060512,13,77a9707257b88d3b15060667769a2def98a71cff,windows10-64-shippable-qr,True,False,,|c|o|l|d| |f|i|s|s|i|o|n| |i|n|t|e|r|a|c|t|i|v|e| |w|e|b|r|e|n|d|e|r|,102210fe594ee9b33d82058545b1ed14f4c8206e,LastVisualChange,reddit-billgates-post-1.posts,True,reddit-billgates-post-1.posts LastVisualChange opt cold fission webrender,,77,ms,firefox,,1815499461,2023-12-20 21:58:53,572.8,dfc7e32798343d88b72708bf68fc966d1e088330,1352020,,,,,,,,,,,,,,,,,,,,,,,,,,,,,,,,,,,,,,,,,,,,,,,,,,,,,,,,,,,,,TN,TN
autoland,4060512,13,77a9707257b88d3b15060667769a2def98a71cff,windows10-64-shippable-qr,True,False,,|c|o|l|d| |f|i|s|s|i|o|n| |i|n|t|e|r|a|c|t|i|v|e| |w|e|b|r|e|n|d|e|r|,102210fe594ee9b33d82058545b1ed14f4c8206e,LastVisualChange,reddit-billgates-post-1.posts,True,reddit-billgates-post-1.posts LastVisualChange opt cold fission webrender,,77,ms,firefox,,1815588233,2023-12-21 03:06:09,547.6,37657c7691664026e54babf7d1cf608fe58a92fb,1352135,,,,,,,,,,,,,,,,,,,,,,,,,,,,,,,,,,,,,,,,,,,,,,,,,,,,,,,,,,,,,TN,TN
autoland,4060512,13,77a9707257b88d3b15060667769a2def98a71cff,windows10-64-shippable-qr,True,False,,|c|o|l|d| |f|i|s|s|i|o|n| |i|n|t|e|r|a|c|t|i|v|e| |w|e|b|r|e|n|d|e|r|,102210fe594ee9b33d82058545b1ed14f4c8206e,LastVisualChange,reddit-billgates-post-1.posts,True,reddit-billgates-post-1.posts LastVisualChange opt cold fission webrender,,77,ms,firefox,,1815672354,2023-12-21 06:56:11,559.2,2339ef37f5863c45acf6280581ec0994b40f11d5,1352164,,,,,,,,,,,,,,,,,,,,,,,,,,,,,,,,,,,,,,,,,,,,,,,,,,,,,,,,,,,,,TN,TN
autoland,4060512,13,77a9707257b88d3b15060667769a2def98a71cff,windows10-64-shippable-qr,True,False,,|c|o|l|d| |f|i|s|s|i|o|n| |i|n|t|e|r|a|c|t|i|v|e| |w|e|b|r|e|n|d|e|r|,102210fe594ee9b33d82058545b1ed14f4c8206e,LastVisualChange,reddit-billgates-post-1.posts,True,reddit-billgates-post-1.posts LastVisualChange opt cold fission webrender,,77,ms,firefox,,1815783554,2023-12-21 11:39:11,574.7,5e551f2bacc3d6a8294dcb0273e8299cf7a17e2d,1352265,,,,,,,,,,,,,,,,,,,,,,,,,,,,,,,,,,,,,,,,,,,,,,,,,,,,,,,,,,,,,TN,TN
autoland,4060512,13,77a9707257b88d3b15060667769a2def98a71cff,windows10-64-shippable-qr,True,False,,|c|o|l|d| |f|i|s|s|i|o|n| |i|n|t|e|r|a|c|t|i|v|e| |w|e|b|r|e|n|d|e|r|,102210fe594ee9b33d82058545b1ed14f4c8206e,LastVisualChange,reddit-billgates-post-1.posts,True,reddit-billgates-post-1.posts LastVisualChange opt cold fission webrender,,77,ms,firefox,,1815809193,2023-12-21 13:05:54,578.2,8b474eeffbe09d0e5e30675fa595293863b0db34,1352315,,,,,,,,,,,,,,,,,,,,,,,,,,,,,,,,,,,,,,,,,,,,,,,,,,,,,,,,,,,,,TN,TN
autoland,4060512,13,77a9707257b88d3b15060667769a2def98a71cff,windows10-64-shippable-qr,True,False,,|c|o|l|d| |f|i|s|s|i|o|n| |i|n|t|e|r|a|c|t|i|v|e| |w|e|b|r|e|n|d|e|r|,102210fe594ee9b33d82058545b1ed14f4c8206e,LastVisualChange,reddit-billgates-post-1.posts,True,reddit-billgates-post-1.posts LastVisualChange opt cold fission webrender,,77,ms,firefox,,1816079831,2023-12-21 18:00:27,569.3,e685307ecb90f0e91ef9f3781b3614b7308384b9,1352454,,,,,,,,,,,,,,,,,,,,,,,,,,,,,,,,,,,,,,,,,,,,,,,,,,,,,,,,,,,,,TN,TN
autoland,4060512,13,77a9707257b88d3b15060667769a2def98a71cff,windows10-64-shippable-qr,True,False,,|c|o|l|d| |f|i|s|s|i|o|n| |i|n|t|e|r|a|c|t|i|v|e| |w|e|b|r|e|n|d|e|r|,102210fe594ee9b33d82058545b1ed14f4c8206e,LastVisualChange,reddit-billgates-post-1.posts,True,reddit-billgates-post-1.posts LastVisualChange opt cold fission webrender,,77,ms,firefox,,1816064589,2023-12-21 18:17:05,562.3,14c89fd054c7ac54bac01a4fcb619d5dff3cc6ef,1352468,,,,,,,,,,,,,,,,,,,,,,,,,,,,,,,,,,,,,,,,,,,,,,,,,,,,,,,,,,,,,TN,TN
autoland,4060512,13,77a9707257b88d3b15060667769a2def98a71cff,windows10-64-shippable-qr,True,False,,|c|o|l|d| |f|i|s|s|i|o|n| |i|n|t|e|r|a|c|t|i|v|e| |w|e|b|r|e|n|d|e|r|,102210fe594ee9b33d82058545b1ed14f4c8206e,LastVisualChange,reddit-billgates-post-1.posts,True,reddit-billgates-post-1.posts LastVisualChange opt cold fission webrender,,77,ms,firefox,,1816163562,2023-12-21 22:08:07,579.4,e20257bfa3ef6e394b6669c19aa1a165ee73fefa,1352650,,,,,,,,,,,,,,,,,,,,,,,,,,,,,,,,,,,,,,,,,,,,,,,,,,,,,,,,,,,,,TN,TN
autoland,4060512,13,77a9707257b88d3b15060667769a2def98a71cff,windows10-64-shippable-qr,True,False,,|c|o|l|d| |f|i|s|s|i|o|n| |i|n|t|e|r|a|c|t|i|v|e| |w|e|b|r|e|n|d|e|r|,102210fe594ee9b33d82058545b1ed14f4c8206e,LastVisualChange,reddit-billgates-post-1.posts,True,reddit-billgates-post-1.posts LastVisualChange opt cold fission webrender,,77,ms,firefox,,1816238590,2023-12-22 08:16:59,566.1,6814c9419790a8ee7c93cac282a82a11d93d16ba,1352807,,,,,,,,,,,,,,,,,,,,,,,,,,,,,,,,,,,,,,,,,,,,,,,,,,,,,,,,,,,,,TN,TN
autoland,4060512,13,77a9707257b88d3b15060667769a2def98a71cff,windows10-64-shippable-qr,True,False,,|c|o|l|d| |f|i|s|s|i|o|n| |i|n|t|e|r|a|c|t|i|v|e| |w|e|b|r|e|n|d|e|r|,102210fe594ee9b33d82058545b1ed14f4c8206e,LastVisualChange,reddit-billgates-post-1.posts,True,reddit-billgates-post-1.posts LastVisualChange opt cold fission webrender,,77,ms,firefox,,1816352987,2023-12-22 13:33:45,575.9,3189af86c93aef59c4fc9363b40f92eb4ef0358f,1352859,,,,,,,,,,,,,,,,,,,,,,,,,,,,,,,,,,,,,,,,,,,,,,,,,,,,,,,,,,,,,TN,TN
autoland,4060512,13,77a9707257b88d3b15060667769a2def98a71cff,windows10-64-shippable-qr,True,False,,|c|o|l|d| |f|i|s|s|i|o|n| |i|n|t|e|r|a|c|t|i|v|e| |w|e|b|r|e|n|d|e|r|,102210fe594ee9b33d82058545b1ed14f4c8206e,LastVisualChange,reddit-billgates-post-1.posts,True,reddit-billgates-post-1.posts LastVisualChange opt cold fission webrender,,77,ms,firefox,,1816376625,2023-12-22 13:41:08,568.3,8cd1fc9da2b45034679cc880c08d91e84d8e9516,1352862,,,,,,,,,,,,,,,,,,,,,,,,,,,,,,,,,,,,,,,,,,,,,,,,,,,,,,,,,,,,,TN,TN
autoland,4060512,13,77a9707257b88d3b15060667769a2def98a71cff,windows10-64-shippable-qr,True,False,,|c|o|l|d| |f|i|s|s|i|o|n| |i|n|t|e|r|a|c|t|i|v|e| |w|e|b|r|e|n|d|e|r|,102210fe594ee9b33d82058545b1ed14f4c8206e,LastVisualChange,reddit-billgates-post-1.posts,True,reddit-billgates-post-1.posts LastVisualChange opt cold fission webrender,,77,ms,firefox,,1816482156,2023-12-22 19:27:05,589.6,ac9f813bbc0f39b5e52be4229972795f2ca6309b,1353028,,,,,,,,,,,,,,,,,,,,,,,,,,,,,,,,,,,,,,,,,,,,,,,,,,,,,,,,,,,,,TN,TN
autoland,4060512,13,77a9707257b88d3b15060667769a2def98a71cff,windows10-64-shippable-qr,True,False,,|c|o|l|d| |f|i|s|s|i|o|n| |i|n|t|e|r|a|c|t|i|v|e| |w|e|b|r|e|n|d|e|r|,102210fe594ee9b33d82058545b1ed14f4c8206e,LastVisualChange,reddit-billgates-post-1.posts,True,reddit-billgates-post-1.posts LastVisualChange opt cold fission webrender,,77,ms,firefox,,1816584074,2023-12-23 00:08:27,551.2,58581f618255e51b846d0792b6abc3e5c2c67d51,1353154,,,,,,,,,,,,,,,,,,,,,,,,,,,,,,,,,,,,,,,,,,,,,,,,,,,,,,,,,,,,,TN,TN
autoland,4060512,13,77a9707257b88d3b15060667769a2def98a71cff,windows10-64-shippable-qr,True,False,,|c|o|l|d| |f|i|s|s|i|o|n| |i|n|t|e|r|a|c|t|i|v|e| |w|e|b|r|e|n|d|e|r|,102210fe594ee9b33d82058545b1ed14f4c8206e,LastVisualChange,reddit-billgates-post-1.posts,True,reddit-billgates-post-1.posts LastVisualChange opt cold fission webrender,,77,ms,firefox,,1816636557,2023-12-23 05:47:03,569.5,8b92fb4e3f41d856629818bd2ecfc25bed23a643,1353193,,,,,,,,,,,,,,,,,,,,,,,,,,,,,,,,,,,,,,,,,,,,,,,,,,,,,,,,,,,,,TN,TN
autoland,4060512,13,77a9707257b88d3b15060667769a2def98a71cff,windows10-64-shippable-qr,True,False,,|c|o|l|d| |f|i|s|s|i|o|n| |i|n|t|e|r|a|c|t|i|v|e| |w|e|b|r|e|n|d|e|r|,102210fe594ee9b33d82058545b1ed14f4c8206e,LastVisualChange,reddit-billgates-post-1.posts,True,reddit-billgates-post-1.posts LastVisualChange opt cold fission webrender,,77,ms,firefox,,1816679267,2023-12-23 08:44:57,568.4,6f7de1b98becd7269380a213d3eff367b81efe72,1353213,,,,,,,,,,,,,,,,,,,,,,,,,,,,,,,,,,,,,,,,,,,,,,,,,,,,,,,,,,,,,TN,TN
autoland,4060512,13,77a9707257b88d3b15060667769a2def98a71cff,windows10-64-shippable-qr,True,False,,|c|o|l|d| |f|i|s|s|i|o|n| |i|n|t|e|r|a|c|t|i|v|e| |w|e|b|r|e|n|d|e|r|,102210fe594ee9b33d82058545b1ed14f4c8206e,LastVisualChange,reddit-billgates-post-1.posts,True,reddit-billgates-post-1.posts LastVisualChange opt cold fission webrender,,77,ms,firefox,,1816769683,2023-12-23 15:53:06,568.9,e6f85355d2f352d6bc64a11372bc8efc1ced07b8,1353251,,,,,,,,,,,,,,,,,,,,,,,,,,,,,,,,,,,,,,,,,,,,,,,,,,,,,,,,,,,,,TN,TN
autoland,4060512,13,77a9707257b88d3b15060667769a2def98a71cff,windows10-64-shippable-qr,True,False,,|c|o|l|d| |f|i|s|s|i|o|n| |i|n|t|e|r|a|c|t|i|v|e| |w|e|b|r|e|n|d|e|r|,102210fe594ee9b33d82058545b1ed14f4c8206e,LastVisualChange,reddit-billgates-post-1.posts,True,reddit-billgates-post-1.posts LastVisualChange opt cold fission webrender,,77,ms,firefox,,1816840793,2023-12-24 06:04:04,580.5,0f896a4a54629904c55cc5e18aa1f6e387c9a697,1353282,,,,,,,,,,,,,,,,,,,,,,,,,,,,,,,,,,,,,,,,,,,,,,,,,,,,,,,,,,,,,TN,TN
autoland,4060512,13,77a9707257b88d3b15060667769a2def98a71cff,windows10-64-shippable-qr,True,False,,|c|o|l|d| |f|i|s|s|i|o|n| |i|n|t|e|r|a|c|t|i|v|e| |w|e|b|r|e|n|d|e|r|,102210fe594ee9b33d82058545b1ed14f4c8206e,LastVisualChange,reddit-billgates-post-1.posts,True,reddit-billgates-post-1.posts LastVisualChange opt cold fission webrender,,77,ms,firefox,,1816922755,2023-12-24 13:46:59,551.6,a15215077df33152e936203ec411ea07343a3f36,1353302,,,,,,,,,,,,,,,,,,,,,,,,,,,,,,,,,,,,,,,,,,,,,,,,,,,,,,,,,,,,,TN,TN
autoland,4060512,13,77a9707257b88d3b15060667769a2def98a71cff,windows10-64-shippable-qr,True,False,,|c|o|l|d| |f|i|s|s|i|o|n| |i|n|t|e|r|a|c|t|i|v|e| |w|e|b|r|e|n|d|e|r|,102210fe594ee9b33d82058545b1ed14f4c8206e,LastVisualChange,reddit-billgates-post-1.posts,True,reddit-billgates-post-1.posts LastVisualChange opt cold fission webrender,,77,ms,firefox,,1816979673,2023-12-24 18:13:48,559.2,65471d13c8aaa5b3c5aa872ca12360b7f26ad6e0,1353317,,,,,,,,,,,,,,,,,,,,,,,,,,,,,,,,,,,,,,,,,,,,,,,,,,,,,,,,,,,,,TN,TN
autoland,4060512,13,77a9707257b88d3b15060667769a2def98a71cff,windows10-64-shippable-qr,True,False,,|c|o|l|d| |f|i|s|s|i|o|n| |i|n|t|e|r|a|c|t|i|v|e| |w|e|b|r|e|n|d|e|r|,102210fe594ee9b33d82058545b1ed14f4c8206e,LastVisualChange,reddit-billgates-post-1.posts,True,reddit-billgates-post-1.posts LastVisualChange opt cold fission webrender,,77,ms,firefox,,1817044373,2023-12-25 01:21:58,585.4,29784c387017c900dc842f070d5cd88464dfc494,1353335,,,,,,,,,,,,,,,,,,,,,,,,,,,,,,,,,,,,,,,,,,,,,,,,,,,,,,,,,,,,,TN,TN
autoland,4060512,13,77a9707257b88d3b15060667769a2def98a71cff,windows10-64-shippable-qr,True,False,,|c|o|l|d| |f|i|s|s|i|o|n| |i|n|t|e|r|a|c|t|i|v|e| |w|e|b|r|e|n|d|e|r|,102210fe594ee9b33d82058545b1ed14f4c8206e,LastVisualChange,reddit-billgates-post-1.posts,True,reddit-billgates-post-1.posts LastVisualChange opt cold fission webrender,,77,ms,firefox,,1817082546,2023-12-25 05:53:22,559.0,f69f493b2f3cde5ef4b46b9675cfd4708287666e,1353343,,,,,,,,,,,,,,,,,,,,,,,,,,,,,,,,,,,,,,,,,,,,,,,,,,,,,,,,,,,,,TN,TN
autoland,4060512,13,77a9707257b88d3b15060667769a2def98a71cff,windows10-64-shippable-qr,True,False,,|c|o|l|d| |f|i|s|s|i|o|n| |i|n|t|e|r|a|c|t|i|v|e| |w|e|b|r|e|n|d|e|r|,102210fe594ee9b33d82058545b1ed14f4c8206e,LastVisualChange,reddit-billgates-post-1.posts,True,reddit-billgates-post-1.posts LastVisualChange opt cold fission webrender,,77,ms,firefox,,1817175081,2023-12-25 12:57:04,542.3,b9600c5aa59e300200656691d1f1997593caafbd,1353372,,,,,,,,,,,,,,,,,,,,,,,,,,,,,,,,,,,,,,,,,,,,,,,,,,,,,,,,,,,,,TN,TN
autoland,4060512,13,77a9707257b88d3b15060667769a2def98a71cff,windows10-64-shippable-qr,True,False,,|c|o|l|d| |f|i|s|s|i|o|n| |i|n|t|e|r|a|c|t|i|v|e| |w|e|b|r|e|n|d|e|r|,102210fe594ee9b33d82058545b1ed14f4c8206e,LastVisualChange,reddit-billgates-post-1.posts,True,reddit-billgates-post-1.posts LastVisualChange opt cold fission webrender,,77,ms,firefox,,1817195368,2023-12-25 17:10:06,565.7,fdd85a789550f85e20e7b7128f2b3316cbc76640,1353386,,,,,,,,,,,,,,,,,,,,,,,,,,,,,,,,,,,,,,,,,,,,,,,,,,,,,,,,,,,,,TN,TN
autoland,4060512,13,77a9707257b88d3b15060667769a2def98a71cff,windows10-64-shippable-qr,True,False,,|c|o|l|d| |f|i|s|s|i|o|n| |i|n|t|e|r|a|c|t|i|v|e| |w|e|b|r|e|n|d|e|r|,102210fe594ee9b33d82058545b1ed14f4c8206e,LastVisualChange,reddit-billgates-post-1.posts,True,reddit-billgates-post-1.posts LastVisualChange opt cold fission webrender,,77,ms,firefox,,1817233373,2023-12-25 21:32:12,572.6,ba6abbd36b496501cea141e17b61af674a18e279,1353402,,,,,,,,,,,,,,,,,,,,,,,,,,,,,,,,,,,,,,,,,,,,,,,,,,,,,,,,,,,,,TN,TN
autoland,4060512,13,77a9707257b88d3b15060667769a2def98a71cff,windows10-64-shippable-qr,True,False,,|c|o|l|d| |f|i|s|s|i|o|n| |i|n|t|e|r|a|c|t|i|v|e| |w|e|b|r|e|n|d|e|r|,102210fe594ee9b33d82058545b1ed14f4c8206e,LastVisualChange,reddit-billgates-post-1.posts,True,reddit-billgates-post-1.posts LastVisualChange opt cold fission webrender,,77,ms,firefox,441391339.0,1817284328,2023-12-26 03:31:03,576.3,280c0b4dd9140984e6177c89f5858ceac6ae0107,1353431,,,,,,,,,,,,,,,,,,,,,,,,,,,,,,,,,,,,,,,,,,,,,,,,,,,,,,,,,,,,,TN,TN
autoland,4060512,13,77a9707257b88d3b15060667769a2def98a71cff,windows10-64-shippable-qr,True,False,,|c|o|l|d| |f|i|s|s|i|o|n| |i|n|t|e|r|a|c|t|i|v|e| |w|e|b|r|e|n|d|e|r|,102210fe594ee9b33d82058545b1ed14f4c8206e,LastVisualChange,reddit-billgates-post-1.posts,True,reddit-billgates-post-1.posts LastVisualChange opt cold fission webrender,,77,ms,firefox,441401687.0,1817378074,2023-12-26 07:50:55,592.3,7503b1d6a430d23303b6ec356b3388951a1eca83,1353461,,,,,,,,,,,,,,,,,,,,,,,,,,,,,,,,,,,,,,,,,,,,,,,,,,,,,,,,,,,,,TN,TN
autoland,4060512,13,77a9707257b88d3b15060667769a2def98a71cff,windows10-64-shippable-qr,True,False,,|c|o|l|d| |f|i|s|s|i|o|n| |i|n|t|e|r|a|c|t|i|v|e| |w|e|b|r|e|n|d|e|r|,102210fe594ee9b33d82058545b1ed14f4c8206e,LastVisualChange,reddit-billgates-post-1.posts,True,reddit-billgates-post-1.posts LastVisualChange opt cold fission webrender,,77,ms,firefox,441423590.0,1817457678,2023-12-26 11:52:29,558.6,807f04c86e5d02f04afa662ade3d505a80a4f660,1353488,,,,,,,,,,,,,,,,,,,,,,,,,,,,,,,,,,,,,,,,,,,,,,,,,,,,,,,,,,,,,TN,TN
autoland,4060512,13,77a9707257b88d3b15060667769a2def98a71cff,windows10-64-shippable-qr,True,False,,|c|o|l|d| |f|i|s|s|i|o|n| |i|n|t|e|r|a|c|t|i|v|e| |w|e|b|r|e|n|d|e|r|,102210fe594ee9b33d82058545b1ed14f4c8206e,LastVisualChange,reddit-billgates-post-1.posts,True,reddit-billgates-post-1.posts LastVisualChange opt cold fission webrender,,77,ms,firefox,441452065.0,1817554931,2023-12-27 02:56:18,589.2,6d9a0abd0a3c26f4337aff723c15795fe91fe884,1353555,,,,,,,,,,,,,,,,,,,,,,,,,,,,,,,,,,,,,,,,,,,,,,,,,,,,,,,,,,,,,TN,TN
autoland,4060512,13,77a9707257b88d3b15060667769a2def98a71cff,windows10-64-shippable-qr,True,False,,|c|o|l|d| |f|i|s|s|i|o|n| |i|n|t|e|r|a|c|t|i|v|e| |w|e|b|r|e|n|d|e|r|,102210fe594ee9b33d82058545b1ed14f4c8206e,LastVisualChange,reddit-billgates-post-1.posts,True,reddit-billgates-post-1.posts LastVisualChange opt cold fission webrender,,77,ms,firefox,441493285.0,1817735262,2023-12-27 14:58:54,538.5,856e86584c4c811f064f93e2b734dd374c787eaf,1353654,,,,,,,,,,,,,,,,,,,,,,,,,,,,,,,,,,,,,,,,,,,,,,,,,,,,,,,,,,,,,TN,TN
autoland,4060512,13,77a9707257b88d3b15060667769a2def98a71cff,windows10-64-shippable-qr,True,False,,|c|o|l|d| |f|i|s|s|i|o|n| |i|n|t|e|r|a|c|t|i|v|e| |w|e|b|r|e|n|d|e|r|,102210fe594ee9b33d82058545b1ed14f4c8206e,LastVisualChange,reddit-billgates-post-1.posts,True,reddit-billgates-post-1.posts LastVisualChange opt cold fission webrender,,77,ms,firefox,441511226.0,1817830532,2023-12-27 20:22:55,555.4,97a27d8a860d5bd8ab2962d2f0e5e376287e527c,1353722,,,,,,,,,,,,,,,,,,,,,,,,,,,,,,,,,,,,,,,,,,,,,,,,,,,,,,,,,,,,,TN,TN
autoland,4060512,13,77a9707257b88d3b15060667769a2def98a71cff,windows10-64-shippable-qr,True,False,,|c|o|l|d| |f|i|s|s|i|o|n| |i|n|t|e|r|a|c|t|i|v|e| |w|e|b|r|e|n|d|e|r|,102210fe594ee9b33d82058545b1ed14f4c8206e,LastVisualChange,reddit-billgates-post-1.posts,True,reddit-billgates-post-1.posts LastVisualChange opt cold fission webrender,,77,ms,firefox,441528506.0,1817907201,2023-12-28 01:36:38,562.3,00fe06571a66e6773ca7801e6747493299cf4bda,1353793,,,,,,,,,,,,,,,,,,,,,,,,,,,,,,,,,,,,,,,,,,,,,,,,,,,,,,,,,,,,,TN,TN
autoland,4060512,13,77a9707257b88d3b15060667769a2def98a71cff,windows10-64-shippable-qr,True,False,,|c|o|l|d| |f|i|s|s|i|o|n| |i|n|t|e|r|a|c|t|i|v|e| |w|e|b|r|e|n|d|e|r|,102210fe594ee9b33d82058545b1ed14f4c8206e,LastVisualChange,reddit-billgates-post-1.posts,True,reddit-billgates-post-1.posts LastVisualChange opt cold fission webrender,,77,ms,firefox,441558885.0,1818121099,2023-12-28 13:32:35,545.5,10aa7423789835a7dbd24b0b44ad1ae2ad77b59b,1353834,,,,,,,,,,,,,,,,,,,,,,,,,,,,,,,,,,,,,,,,,,,,,,,,,,,,,,,,,,,,,TN,TN
autoland,4060512,13,77a9707257b88d3b15060667769a2def98a71cff,windows10-64-shippable-qr,True,False,,|c|o|l|d| |f|i|s|s|i|o|n| |i|n|t|e|r|a|c|t|i|v|e| |w|e|b|r|e|n|d|e|r|,102210fe594ee9b33d82058545b1ed14f4c8206e,LastVisualChange,reddit-billgates-post-1.posts,True,reddit-billgates-post-1.posts LastVisualChange opt cold fission webrender,,77,ms,firefox,441574670.0,1818173815,2023-12-28 17:48:27,535.3,659e4e8345823ce8331b67df6c3865b76063e2c2,1353939,,,,,,,,,,,,,,,,,,,,,,,,,,,,,,,,,,,,,,,,,,,,,,,,,,,,,,,,,,,,,TN,TN
autoland,4060512,13,77a9707257b88d3b15060667769a2def98a71cff,windows10-64-shippable-qr,True,False,,|c|o|l|d| |f|i|s|s|i|o|n| |i|n|t|e|r|a|c|t|i|v|e| |w|e|b|r|e|n|d|e|r|,102210fe594ee9b33d82058545b1ed14f4c8206e,LastVisualChange,reddit-billgates-post-1.posts,True,reddit-billgates-post-1.posts LastVisualChange opt cold fission webrender,,77,ms,firefox,441601304.0,1818263255,2023-12-28 23:04:44,564.8,0bd8678e10b6f0eb1d7e16cfe010ca8856e2bfcc,1354003,,,,,,,,,,,,,,,,,,,,,,,,,,,,,,,,,,,,,,,,,,,,,,,,,,,,,,,,,,,,,TN,TN
autoland,4060512,13,77a9707257b88d3b15060667769a2def98a71cff,windows10-64-shippable-qr,True,False,,|c|o|l|d| |f|i|s|s|i|o|n| |i|n|t|e|r|a|c|t|i|v|e| |w|e|b|r|e|n|d|e|r|,102210fe594ee9b33d82058545b1ed14f4c8206e,LastVisualChange,reddit-billgates-post-1.posts,True,reddit-billgates-post-1.posts LastVisualChange opt cold fission webrender,,77,ms,firefox,441710753.0,1818699227,2023-12-28 23:05:25,578.8,94b0152f259ce9de504474454b05fc7c8bbfc2d7,1354004,,,,,,,,,,,,,,,,,,,,,,,,,,,,,,,,,,,,,,,,,,,,,,,,,,,,,,,,,,,,,TN,TN
autoland,4060512,13,77a9707257b88d3b15060667769a2def98a71cff,windows10-64-shippable-qr,True,False,,|c|o|l|d| |f|i|s|s|i|o|n| |i|n|t|e|r|a|c|t|i|v|e| |w|e|b|r|e|n|d|e|r|,102210fe594ee9b33d82058545b1ed14f4c8206e,LastVisualChange,reddit-billgates-post-1.posts,True,reddit-billgates-post-1.posts LastVisualChange opt cold fission webrender,,77,ms,firefox,441710475.0,1818688246,2023-12-29 00:42:39,558.5,3044b295163bf51b01ccef2119d14af563f23a89,1354024,,,,,,,,,,,,,,,,,,,,,,,,,,,,,,,,,,,,,,,,,,,,,,,,,,,,,,,,,,,,,TN,TN
autoland,4060512,13,77a9707257b88d3b15060667769a2def98a71cff,windows10-64-shippable-qr,True,False,,|c|o|l|d| |f|i|s|s|i|o|n| |i|n|t|e|r|a|c|t|i|v|e| |w|e|b|r|e|n|d|e|r|,102210fe594ee9b33d82058545b1ed14f4c8206e,LastVisualChange,reddit-billgates-post-1.posts,True,reddit-billgates-post-1.posts LastVisualChange opt cold fission webrender,,77,ms,firefox,441618119.0,1818370389,2023-12-29 05:51:26,542.4,25b973ec90316da3daa35b031e4a4e089d70443a,1354078,,,,,,,,,,,,,,,,,,,,,,,,,,,,,,,,,,,,,,,,,,,,,,,,,,,,,,,,,,,,,TN,TN
autoland,4060512,13,77a9707257b88d3b15060667769a2def98a71cff,windows10-64-shippable-qr,True,False,,|c|o|l|d| |f|i|s|s|i|o|n| |i|n|t|e|r|a|c|t|i|v|e| |w|e|b|r|e|n|d|e|r|,102210fe594ee9b33d82058545b1ed14f4c8206e,LastVisualChange,reddit-billgates-post-1.posts,True,reddit-billgates-post-1.posts LastVisualChange opt cold fission webrender,,77,ms,firefox,441663265.0,1818492911,2023-12-29 14:24:04,548.1,4d00abb11b573ff386a9f02816ff81f2030e6dfe,1354164,,,,,,,,,,,,,,,,,,,,,,,,,,,,,,,,,,,,,,,,,,,,,,,,,,,,,,,,,,,,,TN,TN
autoland,4060512,13,77a9707257b88d3b15060667769a2def98a71cff,windows10-64-shippable-qr,True,False,,|c|o|l|d| |f|i|s|s|i|o|n| |i|n|t|e|r|a|c|t|i|v|e| |w|e|b|r|e|n|d|e|r|,102210fe594ee9b33d82058545b1ed14f4c8206e,LastVisualChange,reddit-billgates-post-1.posts,True,reddit-billgates-post-1.posts LastVisualChange opt cold fission webrender,,77,ms,firefox,441670401.0,1818524154,2023-12-29 16:09:29,542.1,52b5c5b51719976906d668db1cd59b2b49315565,1354179,,,,,,,,,,,,,,,,,,,,,,,,,,,,,,,,,,,,,,,,,,,,,,,,,,,,,,,,,,,,,TN,TN
autoland,4060512,13,77a9707257b88d3b15060667769a2def98a71cff,windows10-64-shippable-qr,True,False,,|c|o|l|d| |f|i|s|s|i|o|n| |i|n|t|e|r|a|c|t|i|v|e| |w|e|b|r|e|n|d|e|r|,102210fe594ee9b33d82058545b1ed14f4c8206e,LastVisualChange,reddit-billgates-post-1.posts,True,reddit-billgates-post-1.posts LastVisualChange opt cold fission webrender,,77,ms,firefox,441691590.0,1818600501,2023-12-29 20:10:09,572.3,8d822c618985176a1d4ebc4eedcd5a388e798418,1354279,,,,,,,,,,,,,,,,,,,,,,,,,,,,,,,,,,,,,,,,,,,,,,,,,,,,,,,,,,,,,TN,TN
autoland,4060512,13,77a9707257b88d3b15060667769a2def98a71cff,windows10-64-shippable-qr,True,False,,|c|o|l|d| |f|i|s|s|i|o|n| |i|n|t|e|r|a|c|t|i|v|e| |w|e|b|r|e|n|d|e|r|,102210fe594ee9b33d82058545b1ed14f4c8206e,LastVisualChange,reddit-billgates-post-1.posts,True,reddit-billgates-post-1.posts LastVisualChange opt cold fission webrender,,77,ms,firefox,441708040.0,1818660896,2023-12-30 03:46:41,564.3,15c3c77f07b45a04b27a42ab403aadaaed857fff,1354316,,,,,,,,,,,,,,,,,,,,,,,,,,,,,,,,,,,,,,,,,,,,,,,,,,,,,,,,,,,,,TN,TN
autoland,4060512,13,77a9707257b88d3b15060667769a2def98a71cff,windows10-64-shippable-qr,True,False,,|c|o|l|d| |f|i|s|s|i|o|n| |i|n|t|e|r|a|c|t|i|v|e| |w|e|b|r|e|n|d|e|r|,102210fe594ee9b33d82058545b1ed14f4c8206e,LastVisualChange,reddit-billgates-post-1.posts,True,reddit-billgates-post-1.posts LastVisualChange opt cold fission webrender,,77,ms,firefox,441717783.0,1818723726,2023-12-30 08:00:00,558.8,9660032084db64efbe9cbbf4c47a38d0a6c36c9f,1354351,,,,,,,,,,,,,,,,,,,,,,,,,,,,,,,,,,,,,,,,,,,,,,,,,,,,,,,,,,,,,TN,TN
autoland,4060512,13,77a9707257b88d3b15060667769a2def98a71cff,windows10-64-shippable-qr,True,False,,|c|o|l|d| |f|i|s|s|i|o|n| |i|n|t|e|r|a|c|t|i|v|e| |w|e|b|r|e|n|d|e|r|,102210fe594ee9b33d82058545b1ed14f4c8206e,LastVisualChange,reddit-billgates-post-1.posts,True,reddit-billgates-post-1.posts LastVisualChange opt cold fission webrender,,77,ms,firefox,441744820.0,1818816286,2023-12-30 12:53:05,610.0,94ab264a143c3086d948c401c047297f01b76527,1354380,,,,,,,,,,,,,,,,,,,,,,,,,,,,,,,,,,,,,,,,,,,,,,,,,,,,,,,,,,,,,TN,TN
autoland,4060512,13,77a9707257b88d3b15060667769a2def98a71cff,windows10-64-shippable-qr,True,False,,|c|o|l|d| |f|i|s|s|i|o|n| |i|n|t|e|r|a|c|t|i|v|e| |w|e|b|r|e|n|d|e|r|,102210fe594ee9b33d82058545b1ed14f4c8206e,LastVisualChange,reddit-billgates-post-1.posts,True,reddit-billgates-post-1.posts LastVisualChange opt cold fission webrender,,77,ms,firefox,441760304.0,1818912320,2023-12-30 17:18:37,588.8,3e9c9290e422e1f39255953e22e3d8bfe8234425,1354396,,,,,,,,,,,,,,,,,,,,,,,,,,,,,,,,,,,,,,,,,,,,,,,,,,,,,,,,,,,,,TN,TN
autoland,4060512,13,77a9707257b88d3b15060667769a2def98a71cff,windows10-64-shippable-qr,True,False,,|c|o|l|d| |f|i|s|s|i|o|n| |i|n|t|e|r|a|c|t|i|v|e| |w|e|b|r|e|n|d|e|r|,102210fe594ee9b33d82058545b1ed14f4c8206e,LastVisualChange,reddit-billgates-post-1.posts,True,reddit-billgates-post-1.posts LastVisualChange opt cold fission webrender,,77,ms,firefox,441778238.0,1818972592,2023-12-31 00:47:53,571.9,be0bfc7f906523649c68f45d4b25ca752bfc701c,1354421,,,,,,,,,,,,,,,,,,,,,,,,,,,,,,,,,,,,,,,,,,,,,,,,,,,,,,,,,,,,,TN,TN
autoland,4060512,13,77a9707257b88d3b15060667769a2def98a71cff,windows10-64-shippable-qr,True,False,,|c|o|l|d| |f|i|s|s|i|o|n| |i|n|t|e|r|a|c|t|i|v|e| |w|e|b|r|e|n|d|e|r|,102210fe594ee9b33d82058545b1ed14f4c8206e,LastVisualChange,reddit-billgates-post-1.posts,True,reddit-billgates-post-1.posts LastVisualChange opt cold fission webrender,,77,ms,firefox,441810477.0,1819126787,2023-12-31 16:29:03,569.4,30b0d1ecdc26a3e4753bef7807739106282ed827,1354470,,,,,,,,,,,,,,,,,,,,,,,,,,,,,,,,,,,,,,,,,,,,,,,,,,,,,,,,,,,,,TN,TN
autoland,4060512,13,77a9707257b88d3b15060667769a2def98a71cff,windows10-64-shippable-qr,True,False,,|c|o|l|d| |f|i|s|s|i|o|n| |i|n|t|e|r|a|c|t|i|v|e| |w|e|b|r|e|n|d|e|r|,102210fe594ee9b33d82058545b1ed14f4c8206e,LastVisualChange,reddit-billgates-post-1.posts,True,reddit-billgates-post-1.posts LastVisualChange opt cold fission webrender,,77,ms,firefox,441824120.0,1819194988,2023-12-31 21:56:05,568.2,430d1a5b377307a1050c23ae96cab333c5a33be8,1354489,,,,,,,,,,,,,,,,,,,,,,,,,,,,,,,,,,,,,,,,,,,,,,,,,,,,,,,,,,,,,TN,TN
autoland,4060512,13,77a9707257b88d3b15060667769a2def98a71cff,windows10-64-shippable-qr,True,False,,|c|o|l|d| |f|i|s|s|i|o|n| |i|n|t|e|r|a|c|t|i|v|e| |w|e|b|r|e|n|d|e|r|,102210fe594ee9b33d82058545b1ed14f4c8206e,LastVisualChange,reddit-billgates-post-1.posts,True,reddit-billgates-post-1.posts LastVisualChange opt cold fission webrender,,77,ms,firefox,441853990.0,1819336960,2024-01-01 15:22:20,549.1,da3b8f5f832d95192044762406363fda8d55ef19,1354571,,,,,,,,,,,,,,,,,,,,,,,,,,,,,,,,,,,,,,,,,,,,,,,,,,,,,,,,,,,,,TN,TN
autoland,4060512,13,77a9707257b88d3b15060667769a2def98a71cff,windows10-64-shippable-qr,True,False,,|c|o|l|d| |f|i|s|s|i|o|n| |i|n|t|e|r|a|c|t|i|v|e| |w|e|b|r|e|n|d|e|r|,102210fe594ee9b33d82058545b1ed14f4c8206e,LastVisualChange,reddit-billgates-post-1.posts,True,reddit-billgates-post-1.posts LastVisualChange opt cold fission webrender,,77,ms,firefox,441854732.0,1819348491,2024-01-01 20:27:36,558.7,42461c8e1289d1829e0902914b12524c1fffa0a1,1354574,,,,,,,,,,,,,,,,,,,,,,,,,,,,,,,,,,,,,,,,,,,,,,,,,,,,,,,,,,,,,TN,TN
autoland,4060512,13,77a9707257b88d3b15060667769a2def98a71cff,windows10-64-shippable-qr,True,False,,|c|o|l|d| |f|i|s|s|i|o|n| |i|n|t|e|r|a|c|t|i|v|e| |w|e|b|r|e|n|d|e|r|,102210fe594ee9b33d82058545b1ed14f4c8206e,LastVisualChange,reddit-billgates-post-1.posts,True,reddit-billgates-post-1.posts LastVisualChange opt cold fission webrender,,77,ms,firefox,441877430.0,1819444029,2024-01-02 07:16:40,575.5,60c369c930dc96abae06a2e0ad6833a3574b803f,1354603,,,,,,,,,,,,,,,,,,,,,,,,,,,,,,,,,,,,,,,,,,,,,,,,,,,,,,,,,,,,,TN,TN
autoland,4060512,13,77a9707257b88d3b15060667769a2def98a71cff,windows10-64-shippable-qr,True,False,,|c|o|l|d| |f|i|s|s|i|o|n| |i|n|t|e|r|a|c|t|i|v|e| |w|e|b|r|e|n|d|e|r|,102210fe594ee9b33d82058545b1ed14f4c8206e,LastVisualChange,reddit-billgates-post-1.posts,True,reddit-billgates-post-1.posts LastVisualChange opt cold fission webrender,,77,ms,firefox,441981093.0,1819844963,2024-01-02 07:48:01,565.7,3e05dc8db1ec11547dde5a9576bfa988ec85e008,1354607,,,,,,,,,,,,,,,,,,,,,,,,,,,,,,,,,,,,,,,,,,,,,,,,,,,,,,,,,,,,,TN,TN
autoland,4060512,13,77a9707257b88d3b15060667769a2def98a71cff,windows10-64-shippable-qr,True,False,,|c|o|l|d| |f|i|s|s|i|o|n| |i|n|t|e|r|a|c|t|i|v|e| |w|e|b|r|e|n|d|e|r|,102210fe594ee9b33d82058545b1ed14f4c8206e,LastVisualChange,reddit-billgates-post-1.posts,True,reddit-billgates-post-1.posts LastVisualChange opt cold fission webrender,,77,ms,firefox,441981253.0,1819868491,2024-01-02 07:56:01,572.5,88de278b4ca970bf360b8c46789f60f0f7373dd6,1354609,,,,,,,,,,,,,,,,,,,,,,,,,,,,,,,,,,,,,,,,,,,,,,,,,,,,,,,,,,,,,TN,TN
autoland,4060512,13,77a9707257b88d3b15060667769a2def98a71cff,windows10-64-shippable-qr,True,False,,|c|o|l|d| |f|i|s|s|i|o|n| |i|n|t|e|r|a|c|t|i|v|e| |w|e|b|r|e|n|d|e|r|,102210fe594ee9b33d82058545b1ed14f4c8206e,LastVisualChange,reddit-billgates-post-1.posts,True,reddit-billgates-post-1.posts LastVisualChange opt cold fission webrender,,77,ms,firefox,441982870.0,1819871136,2024-01-02 10:31:22,568.3,1ca3d1972e2da3c924dd8d01116dd1bc30797306,1354659,,,,,,,,,,,,,,,,,,,,,,,,,,,,,,,,,,,,,,,,,,,,,,,,,,,,,,,,,,,,,TN,TN
autoland,4060512,13,77a9707257b88d3b15060667769a2def98a71cff,windows10-64-shippable-qr,True,False,,|c|o|l|d| |f|i|s|s|i|o|n| |i|n|t|e|r|a|c|t|i|v|e| |w|e|b|r|e|n|d|e|r|,102210fe594ee9b33d82058545b1ed14f4c8206e,LastVisualChange,reddit-billgates-post-1.posts,True,reddit-billgates-post-1.posts LastVisualChange opt cold fission webrender,,77,ms,firefox,441907447.0,1819551920,2024-01-02 11:19:41,552.1,399d9781e72b3a4a01e67c7f902f80c9df9da386,1354672,,,,,,,,,,,,,,,,,,,,,,,,,,,,,,,,,,,,,,,,,,,,,,,,,,,,,,,,,,,,,TN,TN
autoland,4060512,13,77a9707257b88d3b15060667769a2def98a71cff,windows10-64-shippable-qr,True,False,,|c|o|l|d| |f|i|s|s|i|o|n| |i|n|t|e|r|a|c|t|i|v|e| |w|e|b|r|e|n|d|e|r|,102210fe594ee9b33d82058545b1ed14f4c8206e,LastVisualChange,reddit-billgates-post-1.posts,True,reddit-billgates-post-1.posts LastVisualChange opt cold fission webrender,,77,ms,firefox,441938424.0,1819662193,2024-01-02 15:21:54,578.4,9f15f6c0236cc27aa82549841609068645c13445,1354784,,,,,,,,,,,,,,,,,,,,,,,,,,,,,,,,,,,,,,,,,,,,,,,,,,,,,,,,,,,,,TN,TN
autoland,4060512,13,77a9707257b88d3b15060667769a2def98a71cff,windows10-64-shippable-qr,True,False,,|c|o|l|d| |f|i|s|s|i|o|n| |i|n|t|e|r|a|c|t|i|v|e| |w|e|b|r|e|n|d|e|r|,102210fe594ee9b33d82058545b1ed14f4c8206e,LastVisualChange,reddit-billgates-post-1.posts,True,reddit-billgates-post-1.posts LastVisualChange opt cold fission webrender,,77,ms,firefox,441931812.0,1819626487,2024-01-02 15:38:43,575.0,c44f0d09630a8cf36dac42c4eb31bf2a9395bf90,1354794,,,,,,,,,,,,,,,,,,,,,,,,,,,,,,,,,,,,,,,,,,,,,,,,,,,,,,,,,,,,,TN,TN
autoland,4060512,13,77a9707257b88d3b15060667769a2def98a71cff,windows10-64-shippable-qr,True,False,,|c|o|l|d| |f|i|s|s|i|o|n| |i|n|t|e|r|a|c|t|i|v|e| |w|e|b|r|e|n|d|e|r|,102210fe594ee9b33d82058545b1ed14f4c8206e,LastVisualChange,reddit-billgates-post-1.posts,True,reddit-billgates-post-1.posts LastVisualChange opt cold fission webrender,,77,ms,firefox,441958433.0,1819770436,2024-01-02 20:40:29,608.1,cc67c788cded515a24f96c72c8a12b87a2cd1b3a,1354935,,,,,,,,,,,,,,,,,,,,,,,,,,,,,,,,,,,,,,,,,,,,,,,,,,,,,,,,,,,,,TN,TN
autoland,4060512,13,77a9707257b88d3b15060667769a2def98a71cff,windows10-64-shippable-qr,True,False,,|c|o|l|d| |f|i|s|s|i|o|n| |i|n|t|e|r|a|c|t|i|v|e| |w|e|b|r|e|n|d|e|r|,102210fe594ee9b33d82058545b1ed14f4c8206e,LastVisualChange,reddit-billgates-post-1.posts,True,reddit-billgates-post-1.posts LastVisualChange opt cold fission webrender,,77,ms,firefox,441995552.0,1819923927,2024-01-03 08:18:49,579.2,655286516798565db497786ca92d9a8f7f7744bf,1355061,,,,,,,,,,,,,,,,,,,,,,,,,,,,,,,,,,,,,,,,,,,,,,,,,,,,,,,,,,,,,TN,TN
autoland,4060512,13,77a9707257b88d3b15060667769a2def98a71cff,windows10-64-shippable-qr,True,False,,|c|o|l|d| |f|i|s|s|i|o|n| |i|n|t|e|r|a|c|t|i|v|e| |w|e|b|r|e|n|d|e|r|,102210fe594ee9b33d82058545b1ed14f4c8206e,LastVisualChange,reddit-billgates-post-1.posts,True,reddit-billgates-post-1.posts LastVisualChange opt cold fission webrender,,77,ms,firefox,442029917.0,1819993604,2024-01-03 12:27:12,565.4,9ea90dc23395fc3e2d9d2bd18598cc49434eeff1,1355126,,,,,,,,,,,,,,,,,,,,,,,,,,,,,,,,,,,,,,,,,,,,,,,,,,,,,,,,,,,,,TN,TN
autoland,4060512,13,77a9707257b88d3b15060667769a2def98a71cff,windows10-64-shippable-qr,True,False,,|c|o|l|d| |f|i|s|s|i|o|n| |i|n|t|e|r|a|c|t|i|v|e| |w|e|b|r|e|n|d|e|r|,102210fe594ee9b33d82058545b1ed14f4c8206e,LastVisualChange,reddit-billgates-post-1.posts,True,reddit-billgates-post-1.posts LastVisualChange opt cold fission webrender,,77,ms,firefox,442053523.0,1820113326,2024-01-03 16:19:36,613.2,6aab4af4cab879cc95debd549578bc909a21cff7,1355230,,,,,,,,,,,,,,,,,,,,,,,,,,,,,,,,,,,,,,,,,,,,,,,,,,,,,,,,,,,,,TN,TN
autoland,4060512,13,77a9707257b88d3b15060667769a2def98a71cff,windows10-64-shippable-qr,True,False,,|c|o|l|d| |f|i|s|s|i|o|n| |i|n|t|e|r|a|c|t|i|v|e| |w|e|b|r|e|n|d|e|r|,102210fe594ee9b33d82058545b1ed14f4c8206e,LastVisualChange,reddit-billgates-post-1.posts,True,reddit-billgates-post-1.posts LastVisualChange opt cold fission webrender,,77,ms,firefox,442075836.0,1820220869,2024-01-03 20:41:01,545.9,c5a68fbf81d038a69c4e9be728d50030fd0d6271,1355381,,,,,,,,,,,,,,,,,,,,,,,,,,,,,,,,,,,,,,,,,,,,,,,,,,,,,,,,,,,,,TN,TN
autoland,4060512,13,77a9707257b88d3b15060667769a2def98a71cff,windows10-64-shippable-qr,True,False,,|c|o|l|d| |f|i|s|s|i|o|n| |i|n|t|e|r|a|c|t|i|v|e| |w|e|b|r|e|n|d|e|r|,102210fe594ee9b33d82058545b1ed14f4c8206e,LastVisualChange,reddit-billgates-post-1.posts,True,reddit-billgates-post-1.posts LastVisualChange opt cold fission webrender,,77,ms,firefox,442076116.0,1820257082,2024-01-03 20:57:48,561.4,d071b2f4ff07e1815cfa6650ffafb87c9b7e9fb1,1355389,,,,,,,,,,,,,,,,,,,,,,,,,,,,,,,,,,,,,,,,,,,,,,,,,,,,,,,,,,,,,TN,TN
autoland,4060512,13,77a9707257b88d3b15060667769a2def98a71cff,windows10-64-shippable-qr,True,False,,|c|o|l|d| |f|i|s|s|i|o|n| |i|n|t|e|r|a|c|t|i|v|e| |w|e|b|r|e|n|d|e|r|,102210fe594ee9b33d82058545b1ed14f4c8206e,LastVisualChange,reddit-billgates-post-1.posts,True,reddit-billgates-post-1.posts LastVisualChange opt cold fission webrender,,77,ms,firefox,442097793.0,1820315201,2024-01-04 01:41:43,568.7,99d5c9d12fe8a000d9b092346826d2101720ee5f,1355473,,,,,,,,,,,,,,,,,,,,,,,,,,,,,,,,,,,,,,,,,,,,,,,,,,,,,,,,,,,,,TN,TN
autoland,4060512,13,77a9707257b88d3b15060667769a2def98a71cff,windows10-64-shippable-qr,True,False,,|c|o|l|d| |f|i|s|s|i|o|n| |i|n|t|e|r|a|c|t|i|v|e| |w|e|b|r|e|n|d|e|r|,102210fe594ee9b33d82058545b1ed14f4c8206e,LastVisualChange,reddit-billgates-post-1.posts,True,reddit-billgates-post-1.posts LastVisualChange opt cold fission webrender,,77,ms,firefox,442108902.0,1820375898,2024-01-04 05:54:21,562.7,c285a1e59436529ca8d4acd4acf55d45e4277b1b,1355496,,,,,,,,,,,,,,,,,,,,,,,,,,,,,,,,,,,,,,,,,,,,,,,,,,,,,,,,,,,,,TN,TN
autoland,4060512,13,77a9707257b88d3b15060667769a2def98a71cff,windows10-64-shippable-qr,True,False,,|c|o|l|d| |f|i|s|s|i|o|n| |i|n|t|e|r|a|c|t|i|v|e| |w|e|b|r|e|n|d|e|r|,102210fe594ee9b33d82058545b1ed14f4c8206e,LastVisualChange,reddit-billgates-post-1.posts,True,reddit-billgates-post-1.posts LastVisualChange opt cold fission webrender,,77,ms,firefox,442141267.0,1820496837,2024-01-04 11:10:14,572.0,740351987a4ee46ea2c571e5824e859680bda968,1355581,,,,,,,,,,,,,,,,,,,,,,,,,,,,,,,,,,,,,,,,,,,,,,,,,,,,,,,,,,,,,TN,TN
autoland,4060512,13,77a9707257b88d3b15060667769a2def98a71cff,windows10-64-shippable-qr,True,False,,|c|o|l|d| |f|i|s|s|i|o|n| |i|n|t|e|r|a|c|t|i|v|e| |w|e|b|r|e|n|d|e|r|,102210fe594ee9b33d82058545b1ed14f4c8206e,LastVisualChange,reddit-billgates-post-1.posts,True,reddit-billgates-post-1.posts LastVisualChange opt cold fission webrender,,77,ms,firefox,442179017.0,1820671896,2024-01-04 15:17:03,535.7,45533d2448ef281f6e604ca7626c0a6ecce3e188,1355683,,,,,,,,,,,,,,,,,,,,,,,,,,,,,,,,,,,,,,,,,,,,,,,,,,,,,,,,,,,,,TN,TN
autoland,4060512,13,77a9707257b88d3b15060667769a2def98a71cff,windows10-64-shippable-qr,True,False,,|c|o|l|d| |f|i|s|s|i|o|n| |i|n|t|e|r|a|c|t|i|v|e| |w|e|b|r|e|n|d|e|r|,102210fe594ee9b33d82058545b1ed14f4c8206e,LastVisualChange,reddit-billgates-post-1.posts,True,reddit-billgates-post-1.posts LastVisualChange opt cold fission webrender,,77,ms,firefox,442173750.0,1820586471,2024-01-04 15:42:51,562.5,0a133d5fd15504b371307e44739e8f97c80096b9,1355702,,,,,,,,,,,,,,,,,,,,,,,,,,,,,,,,,,,,,,,,,,,,,,,,,,,,,,,,,,,,,TN,TN
autoland,4060512,13,77a9707257b88d3b15060667769a2def98a71cff,windows10-64-shippable-qr,True,False,,|c|o|l|d| |f|i|s|s|i|o|n| |i|n|t|e|r|a|c|t|i|v|e| |w|e|b|r|e|n|d|e|r|,102210fe594ee9b33d82058545b1ed14f4c8206e,LastVisualChange,reddit-billgates-post-1.posts,True,reddit-billgates-post-1.posts LastVisualChange opt cold fission webrender,,77,ms,firefox,442200442.0,1820731156,2024-01-04 19:37:18,579.0,048b65210703dec3aec972f180b52548b2664f7d,1355859,,,,,,,,,,,,,,,,,,,,,,,,,,,,,,,,,,,,,,,,,,,,,,,,,,,,,,,,,,,,,TN,TN
autoland,4060512,13,77a9707257b88d3b15060667769a2def98a71cff,windows10-64-shippable-qr,True,False,,|c|o|l|d| |f|i|s|s|i|o|n| |i|n|t|e|r|a|c|t|i|v|e| |w|e|b|r|e|n|d|e|r|,102210fe594ee9b33d82058545b1ed14f4c8206e,LastVisualChange,reddit-billgates-post-1.posts,True,reddit-billgates-post-1.posts LastVisualChange opt cold fission webrender,,77,ms,firefox,442254273.0,1821048613,2024-01-04 20:17:07,562.1,e3fea180f63a43f43dcc79e23886260f8127de0b,1355885,,,,,,,,,,,,,,,,,,,,,,,,,,,,,,,,,,,,,,,,,,,,,,,,,,,,,,,,,,,,,TN,TN
autoland,4060512,13,77a9707257b88d3b15060667769a2def98a71cff,windows10-64-shippable-qr,True,False,,|c|o|l|d| |f|i|s|s|i|o|n| |i|n|t|e|r|a|c|t|i|v|e| |w|e|b|r|e|n|d|e|r|,102210fe594ee9b33d82058545b1ed14f4c8206e,LastVisualChange,reddit-billgates-post-1.posts,True,reddit-billgates-post-1.posts LastVisualChange opt cold fission webrender,,77,ms,firefox,442254424.0,1821054597,2024-01-04 20:21:02,585.3,db832cc2d4e687b96654cf986f58183ba6ec8190,1355889,,,,,,,,,,,,,,,,,,,,,,,,,,,,,,,,,,,,,,,,,,,,,,,,,,,,,,,,,,,,,TN,TN
autoland,4060512,13,77a9707257b88d3b15060667769a2def98a71cff,windows10-64-shippable-qr,True,False,,|c|o|l|d| |f|i|s|s|i|o|n| |i|n|t|e|r|a|c|t|i|v|e| |w|e|b|r|e|n|d|e|r|,102210fe594ee9b33d82058545b1ed14f4c8206e,LastVisualChange,reddit-billgates-post-1.posts,True,reddit-billgates-post-1.posts LastVisualChange opt cold fission webrender,,77,ms,firefox,442238458.0,1820924876,2024-01-05 00:18:01,600.3,84d53ee96a81d7e514d24d1fb3160e91d9cee533,1356034,,,,,,,,,,,,,,,,,,,,,,,,,,,,,,,,,,,,,,,,,,,,,,,,,,,,,,,,,,,,,TN,TN
autoland,4060512,13,77a9707257b88d3b15060667769a2def98a71cff,windows10-64-shippable-qr,True,False,,|c|o|l|d| |f|i|s|s|i|o|n| |i|n|t|e|r|a|c|t|i|v|e| |w|e|b|r|e|n|d|e|r|,102210fe594ee9b33d82058545b1ed14f4c8206e,LastVisualChange,reddit-billgates-post-1.posts,True,reddit-billgates-post-1.posts LastVisualChange opt cold fission webrender,,77,ms,firefox,442239175.0,1820964743,2024-01-05 00:22:57,562.1,fab155eb519c68377a585ffdc537174653ab847b,1356036,,,,,,,,,,,,,,,,,,,,,,,,,,,,,,,,,,,,,,,,,,,,,,,,,,,,,,,,,,,,,TN,TN
autoland,4060512,13,77a9707257b88d3b15060667769a2def98a71cff,windows10-64-shippable-qr,True,False,,|c|o|l|d| |f|i|s|s|i|o|n| |i|n|t|e|r|a|c|t|i|v|e| |w|e|b|r|e|n|d|e|r|,102210fe594ee9b33d82058545b1ed14f4c8206e,LastVisualChange,reddit-billgates-post-1.posts,True,reddit-billgates-post-1.posts LastVisualChange opt cold fission webrender,,77,ms,firefox,442253744.0,1821037299,2024-01-05 04:43:02,593.5,376266ac23d50822ae8c18d60d1577f0b89b7c03,1356081,,,,,,,,,,,,,,,,,,,,,,,,,,,,,,,,,,,,,,,,,,,,,,,,,,,,,,,,,,,,,TN,TN
autoland,4060512,13,77a9707257b88d3b15060667769a2def98a71cff,windows10-64-shippable-qr,True,False,,|c|o|l|d| |f|i|s|s|i|o|n| |i|n|t|e|r|a|c|t|i|v|e| |w|e|b|r|e|n|d|e|r|,102210fe594ee9b33d82058545b1ed14f4c8206e,LastVisualChange,reddit-billgates-post-1.posts,True,reddit-billgates-post-1.posts LastVisualChange opt cold fission webrender,,77,ms,firefox,442267315.0,1821093203,2024-01-05 08:43:49,562.6,fa9bfcd5f0dbd19a8aaafddc25f6f73e4bcfd484,1356147,,,,,,,,,,,,,,,,,,,,,,,,,,,,,,,,,,,,,,,,,,,,,,,,,,,,,,,,,,,,,TN,TN
autoland,4060512,13,77a9707257b88d3b15060667769a2def98a71cff,windows10-64-shippable-qr,True,False,,|c|o|l|d| |f|i|s|s|i|o|n| |i|n|t|e|r|a|c|t|i|v|e| |w|e|b|r|e|n|d|e|r|,102210fe594ee9b33d82058545b1ed14f4c8206e,LastVisualChange,reddit-billgates-post-1.posts,True,reddit-billgates-post-1.posts LastVisualChange opt cold fission webrender,,77,ms,firefox,442306068.0,1821201469,2024-01-05 12:49:29,571.9,30bc5759ffcd80a2febc0a054214a3c910d31aea,1356208,,,,,,,,,,,,,,,,,,,,,,,,,,,,,,,,,,,,,,,,,,,,,,,,,,,,,,,,,,,,,TN,TN
autoland,4060512,13,77a9707257b88d3b15060667769a2def98a71cff,windows10-64-shippable-qr,True,False,,|c|o|l|d| |f|i|s|s|i|o|n| |i|n|t|e|r|a|c|t|i|v|e| |w|e|b|r|e|n|d|e|r|,102210fe594ee9b33d82058545b1ed14f4c8206e,LastVisualChange,reddit-billgates-post-1.posts,True,reddit-billgates-post-1.posts LastVisualChange opt cold fission webrender,,77,ms,firefox,442336761.0,1821327296,2024-01-05 17:02:32,589.2,d2e417f0f208016a0a4e369e822a12e20ef4fc5f,1356351,,,,,,,,,,,,,,,,,,,,,,,,,,,,,,,,,,,,,,,,,,,,,,,,,,,,,,,,,,,,,TN,TN
autoland,4060512,13,77a9707257b88d3b15060667769a2def98a71cff,windows10-64-shippable-qr,True,False,,|c|o|l|d| |f|i|s|s|i|o|n| |i|n|t|e|r|a|c|t|i|v|e| |w|e|b|r|e|n|d|e|r|,102210fe594ee9b33d82058545b1ed14f4c8206e,LastVisualChange,reddit-billgates-post-1.posts,True,reddit-billgates-post-1.posts LastVisualChange opt cold fission webrender,,77,ms,firefox,442359705.0,1821463387,2024-01-05 19:52:18,558.9,567f5a81c44108f44c4e694af42be8f209da4c0a,1356444,,,,,,,,,,,,,,,,,,,,,,,,,,,,,,,,,,,,,,,,,,,,,,,,,,,,,,,,,,,,,TN,TN
autoland,4060512,13,77a9707257b88d3b15060667769a2def98a71cff,windows10-64-shippable-qr,True,False,,|c|o|l|d| |f|i|s|s|i|o|n| |i|n|t|e|r|a|c|t|i|v|e| |w|e|b|r|e|n|d|e|r|,102210fe594ee9b33d82058545b1ed14f4c8206e,LastVisualChange,reddit-billgates-post-1.posts,True,reddit-billgates-post-1.posts LastVisualChange opt cold fission webrender,,77,ms,firefox,442389675.0,1821563121,2024-01-05 22:36:58,562.2,0dece7636f83e4d8e406c0f28d75ab83079a80d8,1356512,,,,,,,,,,,,,,,,,,,,,,,,,,,,,,,,,,,,,,,,,,,,,,,,,,,,,,,,,,,,,TN,TN
autoland,4060512,13,77a9707257b88d3b15060667769a2def98a71cff,windows10-64-shippable-qr,True,False,,|c|o|l|d| |f|i|s|s|i|o|n| |i|n|t|e|r|a|c|t|i|v|e| |w|e|b|r|e|n|d|e|r|,102210fe594ee9b33d82058545b1ed14f4c8206e,LastVisualChange,reddit-billgates-post-1.posts,True,reddit-billgates-post-1.posts LastVisualChange opt cold fission webrender,,77,ms,firefox,442390643.0,1821581538,2024-01-05 22:37:55,548.5,d6443c86506e0e25a31501bde35b4baf10cbf339,1356513,,,,,,,,,,,,,,,,,,,,,,,,,,,,,,,,,,,,,,,,,,,,,,,,,,,,,,,,,,,,,TN,TN
autoland,4060512,13,77a9707257b88d3b15060667769a2def98a71cff,windows10-64-shippable-qr,True,False,,|c|o|l|d| |f|i|s|s|i|o|n| |i|n|t|e|r|a|c|t|i|v|e| |w|e|b|r|e|n|d|e|r|,102210fe594ee9b33d82058545b1ed14f4c8206e,LastVisualChange,reddit-billgates-post-1.posts,True,reddit-billgates-post-1.posts LastVisualChange opt cold fission webrender,,77,ms,firefox,442380431.0,1821492946,2024-01-06 00:04:36,584.7,2a86438878465bd10e251c52285e2455425bfeb9,1356549,,,,,,,,,,,,,,,,,,,,,,,,,,,,,,,,,,,,,,,,,,,,,,,,,,,,,,,,,,,,,TN,TN
autoland,4060512,13,77a9707257b88d3b15060667769a2def98a71cff,windows10-64-shippable-qr,True,False,,|c|o|l|d| |f|i|s|s|i|o|n| |i|n|t|e|r|a|c|t|i|v|e| |w|e|b|r|e|n|d|e|r|,102210fe594ee9b33d82058545b1ed14f4c8206e,LastVisualChange,reddit-billgates-post-1.posts,True,reddit-billgates-post-1.posts LastVisualChange opt cold fission webrender,,77,ms,firefox,442381703.0,1821510475,2024-01-06 00:21:54,572.4,ce6cf7dcf8b16c2a478f122f8bab575231c99881,1356554,,,,,,,,,,,,,,,,,,,,,,,,,,,,,,,,,,,,,,,,,,,,,,,,,,,,,,,,,,,,,TN,TN
autoland,4060512,13,77a9707257b88d3b15060667769a2def98a71cff,windows10-64-shippable-qr,True,False,,|c|o|l|d| |f|i|s|s|i|o|n| |i|n|t|e|r|a|c|t|i|v|e| |w|e|b|r|e|n|d|e|r|,102210fe594ee9b33d82058545b1ed14f4c8206e,LastVisualChange,reddit-billgates-post-1.posts,True,reddit-billgates-post-1.posts LastVisualChange opt cold fission webrender,,77,ms,firefox,442417920.0,1821692622,2024-01-06 12:48:14,581.6,b54f34f26a3a753076473795a42574f426a960ee,1356631,,,,,,,,,,,,,,,,,,,,,,,,,,,,,,,,,,,,,,,,,,,,,,,,,,,,,,,,,,,,,TN,TN
autoland,4060512,13,77a9707257b88d3b15060667769a2def98a71cff,windows10-64-shippable-qr,True,False,,|c|o|l|d| |f|i|s|s|i|o|n| |i|n|t|e|r|a|c|t|i|v|e| |w|e|b|r|e|n|d|e|r|,102210fe594ee9b33d82058545b1ed14f4c8206e,LastVisualChange,reddit-billgates-post-1.posts,True,reddit-billgates-post-1.posts LastVisualChange opt cold fission webrender,,77,ms,firefox,442426960.0,1821741555,2024-01-06 17:09:10,542.8,d6318b034527ed62918fa4fd893f093c084a6ccb,1356650,,,,,,,,,,,,,,,,,,,,,,,,,,,,,,,,,,,,,,,,,,,,,,,,,,,,,,,,,,,,,TN,TN
autoland,4060512,13,77a9707257b88d3b15060667769a2def98a71cff,windows10-64-shippable-qr,True,False,,|c|o|l|d| |f|i|s|s|i|o|n| |i|n|t|e|r|a|c|t|i|v|e| |w|e|b|r|e|n|d|e|r|,102210fe594ee9b33d82058545b1ed14f4c8206e,LastVisualChange,reddit-billgates-post-1.posts,True,reddit-billgates-post-1.posts LastVisualChange opt cold fission webrender,,77,ms,firefox,442442194.0,1821804259,2024-01-06 21:44:09,542.5,1d9422a3e1d878f2f2c54ef4e836faabebfdfc9a,1356666,,,,,,,,,,,,,,,,,,,,,,,,,,,,,,,,,,,,,,,,,,,,,,,,,,,,,,,,,,,,,TN,TN
autoland,4060512,13,77a9707257b88d3b15060667769a2def98a71cff,windows10-64-shippable-qr,True,False,,|c|o|l|d| |f|i|s|s|i|o|n| |i|n|t|e|r|a|c|t|i|v|e| |w|e|b|r|e|n|d|e|r|,102210fe594ee9b33d82058545b1ed14f4c8206e,LastVisualChange,reddit-billgates-post-1.posts,True,reddit-billgates-post-1.posts LastVisualChange opt cold fission webrender,,77,ms,firefox,442482326.0,1822026336,2024-01-07 23:26:49,566.1,47fc814524de5c30dfd7711cf3eda088303ad905,1356765,,,,,,,,,,,,,,,,,,,,,,,,,,,,,,,,,,,,,,,,,,,,,,,,,,,,,,,,,,,,,TN,TN
autoland,4060512,13,77a9707257b88d3b15060667769a2def98a71cff,windows10-64-shippable-qr,True,False,,|c|o|l|d| |f|i|s|s|i|o|n| |i|n|t|e|r|a|c|t|i|v|e| |w|e|b|r|e|n|d|e|r|,102210fe594ee9b33d82058545b1ed14f4c8206e,LastVisualChange,reddit-billgates-post-1.posts,True,reddit-billgates-post-1.posts LastVisualChange opt cold fission webrender,,77,ms,firefox,442486778.0,1822053752,2024-01-08 02:39:55,591.0,750c44842f26873f40a2d09bc4ee94ecc4c39997,1356771,,,,,,,,,,,,,,,,,,,,,,,,,,,,,,,,,,,,,,,,,,,,,,,,,,,,,,,,,,,,,TN,TN
autoland,4060512,13,77a9707257b88d3b15060667769a2def98a71cff,windows10-64-shippable-qr,True,False,,|c|o|l|d| |f|i|s|s|i|o|n| |i|n|t|e|r|a|c|t|i|v|e| |w|e|b|r|e|n|d|e|r|,102210fe594ee9b33d82058545b1ed14f4c8206e,LastVisualChange,reddit-billgates-post-1.posts,True,reddit-billgates-post-1.posts LastVisualChange opt cold fission webrender,,77,ms,firefox,442532202.0,1822203126,2024-01-08 11:59:03,575.1,f0a524f0a0085554a1bfdfe1320ee1e87caf7a94,1356886,,,,,,,,,,,,,,,,,,,,,,,,,,,,,,,,,,,,,,,,,,,,,,,,,,,,,,,,,,,,,TN,TN
autoland,4060512,13,77a9707257b88d3b15060667769a2def98a71cff,windows10-64-shippable-qr,True,False,,|c|o|l|d| |f|i|s|s|i|o|n| |i|n|t|e|r|a|c|t|i|v|e| |w|e|b|r|e|n|d|e|r|,102210fe594ee9b33d82058545b1ed14f4c8206e,LastVisualChange,reddit-billgates-post-1.posts,True,reddit-billgates-post-1.posts LastVisualChange opt cold fission webrender,,77,ms,firefox,442640473.0,1822671602,2024-01-08 13:59:36,579.3,3b8b6ba44de3870a21b3f250a24e6eae455bf564,1356959,,,,,,,,,,,,,,,,,,,,,,,,,,,,,,,,,,,,,,,,,,,,,,,,,,,,,,,,,,,,,TN,TN
autoland,4060512,13,77a9707257b88d3b15060667769a2def98a71cff,windows10-64-shippable-qr,True,False,,|c|o|l|d| |f|i|s|s|i|o|n| |i|n|t|e|r|a|c|t|i|v|e| |w|e|b|r|e|n|d|e|r|,102210fe594ee9b33d82058545b1ed14f4c8206e,LastVisualChange,reddit-billgates-post-1.posts,True,reddit-billgates-post-1.posts LastVisualChange opt cold fission webrender,,77,ms,firefox,442640898.0,1822682209,2024-01-08 14:18:59,575.5,c0b65b260d5fbb61bfacc80d014afb017086dc3d,1356978,,,,,,,,,,,,,,,,,,,,,,,,,,,,,,,,,,,,,,,,,,,,,,,,,,,,,,,,,,,,,TN,TN
autoland,4060512,13,77a9707257b88d3b15060667769a2def98a71cff,windows10-64-shippable-qr,True,False,,|c|o|l|d| |f|i|s|s|i|o|n| |i|n|t|e|r|a|c|t|i|v|e| |w|e|b|r|e|n|d|e|r|,102210fe594ee9b33d82058545b1ed14f4c8206e,LastVisualChange,reddit-billgates-post-1.posts,True,reddit-billgates-post-1.posts LastVisualChange opt cold fission webrender,,77,ms,firefox,442641444.0,1822735624,2024-01-08 15:17:36,554.8,7613e62377713778fccf1bbcf2d0d974a9d54d62,1357023,,,,,,,,,,,,,,,,,,,,,,,,,,,,,,,,,,,,,,,,,,,,,,,,,,,,,,,,,,,,,TN,TN
autoland,4060512,13,77a9707257b88d3b15060667769a2def98a71cff,windows10-64-shippable-qr,True,False,,|c|o|l|d| |f|i|s|s|i|o|n| |i|n|t|e|r|a|c|t|i|v|e| |w|e|b|r|e|n|d|e|r|,102210fe594ee9b33d82058545b1ed14f4c8206e,LastVisualChange,reddit-billgates-post-1.posts,True,reddit-billgates-post-1.posts LastVisualChange opt cold fission webrender,,77,ms,firefox,442641006.0,1822696837,2024-01-08 15:20:01,562.3,96dbd42557569de364e38f42a4d6592922dc824e,1357024,,,,,,,,,,,,,,,,,,,,,,,,,,,,,,,,,,,,,,,,,,,,,,,,,,,,,,,,,,,,,TN,TN
autoland,4060512,13,77a9707257b88d3b15060667769a2def98a71cff,windows10-64-shippable-qr,True,False,,|c|o|l|d| |f|i|s|s|i|o|n| |i|n|t|e|r|a|c|t|i|v|e| |w|e|b|r|e|n|d|e|r|,102210fe594ee9b33d82058545b1ed14f4c8206e,LastVisualChange,reddit-billgates-post-1.posts,True,reddit-billgates-post-1.posts LastVisualChange opt cold fission webrender,,77,ms,firefox,442564904.0,1822378509,2024-01-08 15:57:02,548.9,fa142c3f71b8a5f5e5781fe41471dc1528cecd75,1357053,,,,,,,,,,,,,,,,,,,,,,,,,,,,,,,,,,,,,,,,,,,,,,,,,,,,,,,,,,,,,TN,TN
autoland,4060512,13,77a9707257b88d3b15060667769a2def98a71cff,windows10-64-shippable-qr,True,False,,|c|o|l|d| |f|i|s|s|i|o|n| |i|n|t|e|r|a|c|t|i|v|e| |w|e|b|r|e|n|d|e|r|,102210fe594ee9b33d82058545b1ed14f4c8206e,LastVisualChange,reddit-billgates-post-1.posts,True,reddit-billgates-post-1.posts LastVisualChange opt cold fission webrender,,77,ms,firefox,442641084.0,1822705786,2024-01-08 16:27:18,555.2,f94198e20472275db87efe7b903db30b13a368d6,1357067,,,,,,,,,,,,,,,,,,,,,,,,,,,,,,,,,,,,,,,,,,,,,,,,,,,,,,,,,,,,,TN,TN
autoland,4060512,13,77a9707257b88d3b15060667769a2def98a71cff,windows10-64-shippable-qr,True,False,,|c|o|l|d| |f|i|s|s|i|o|n| |i|n|t|e|r|a|c|t|i|v|e| |w|e|b|r|e|n|d|e|r|,102210fe594ee9b33d82058545b1ed14f4c8206e,LastVisualChange,reddit-billgates-post-1.posts,True,reddit-billgates-post-1.posts LastVisualChange opt cold fission webrender,,77,ms,firefox,442641882.0,1822754004,2024-01-08 16:28:27,559.5,60f04fbada705752ff9cfd6d7f18f73b71d812b7,1357071,,,,,,,,,,,,,,,,,,,,,,,,,,,,,,,,,,,,,,,,,,,,,,,,,,,,,,,,,,,,,TN,TN
autoland,4060512,13,77a9707257b88d3b15060667769a2def98a71cff,windows10-64-shippable-qr,True,False,,|c|o|l|d| |f|i|s|s|i|o|n| |i|n|t|e|r|a|c|t|i|v|e| |w|e|b|r|e|n|d|e|r|,102210fe594ee9b33d82058545b1ed14f4c8206e,LastVisualChange,reddit-billgates-post-1.posts,True,reddit-billgates-post-1.posts LastVisualChange opt cold fission webrender,,77,ms,firefox,442597581.0,1822467805,2024-01-08 20:04:05,572.6,41ae953b02271ceda653046c5072bfe0329c7e96,1357175,,,,,,,,,,,,,,,,,,,,,,,,,,,,,,,,,,,,,,,,,,,,,,,,,,,,,,,,,,,,,TN,TN
autoland,4060512,13,77a9707257b88d3b15060667769a2def98a71cff,windows10-64-shippable-qr,True,False,,|c|o|l|d| |f|i|s|s|i|o|n| |i|n|t|e|r|a|c|t|i|v|e| |w|e|b|r|e|n|d|e|r|,102210fe594ee9b33d82058545b1ed14f4c8206e,LastVisualChange,reddit-billgates-post-1.posts,True,reddit-billgates-post-1.posts LastVisualChange opt cold fission webrender,,77,ms,firefox,442641420.0,1822733228,2024-01-08 21:33:29,561.8,4dc4f0070bb9c1118742b60f998c761de468ca6e,1357225,,,,,,,,,,,,,,,,,,,,,,,,,,,,,,,,,,,,,,,,,,,,,,,,,,,,,,,,,,,,,TN,TN
autoland,4060512,13,77a9707257b88d3b15060667769a2def98a71cff,windows10-64-shippable-qr,True,False,,|c|o|l|d| |f|i|s|s|i|o|n| |i|n|t|e|r|a|c|t|i|v|e| |w|e|b|r|e|n|d|e|r|,102210fe594ee9b33d82058545b1ed14f4c8206e,LastVisualChange,reddit-billgates-post-1.posts,True,reddit-billgates-post-1.posts LastVisualChange opt cold fission webrender,,77,ms,firefox,442641115.0,1822708662,2024-01-08 21:39:10,552.5,ebfdca0b0aecf8d9304a25f7913ec89b746a6ec1,1357230,,,,,,,,,,,,,,,,,,,,,,,,,,,,,,,,,,,,,,,,,,,,,,,,,,,,,,,,,,,,,TN,TN
autoland,4060512,13,77a9707257b88d3b15060667769a2def98a71cff,windows10-64-shippable-qr,True,False,,|c|o|l|d| |f|i|s|s|i|o|n| |i|n|t|e|r|a|c|t|i|v|e| |w|e|b|r|e|n|d|e|r|,102210fe594ee9b33d82058545b1ed14f4c8206e,LastVisualChange,reddit-billgates-post-1.posts,True,reddit-billgates-post-1.posts LastVisualChange opt cold fission webrender,,77,ms,firefox,442630876.0,1822618178,2024-01-09 02:28:42,559.1,ea866029ce2e23f03843038e1fd8ba7ca9ea30bb,1357330,,,,,,,,,,,,,,,,,,,,,,,,,,,,,,,,,,,,,,,,,,,,,,,,,,,,,,,,,,,,,TN,TN
autoland,4060512,13,77a9707257b88d3b15060667769a2def98a71cff,windows10-64-shippable-qr,True,False,,|c|o|l|d| |f|i|s|s|i|o|n| |i|n|t|e|r|a|c|t|i|v|e| |w|e|b|r|e|n|d|e|r|,102210fe594ee9b33d82058545b1ed14f4c8206e,LastVisualChange,reddit-billgates-post-1.posts,True,reddit-billgates-post-1.posts LastVisualChange opt cold fission webrender,,77,ms,firefox,442688182.0,1822934261,2024-01-09 11:20:33,558.4,b29d6ace45f4ca84cd58b15ab4430194755a7056,1357465,,,,,,,,,,,,,,,,,,,,,,,,,,,,,,,,,,,,,,,,,,,,,,,,,,,,,,,,,,,,,TN,TN
autoland,4060512,13,77a9707257b88d3b15060667769a2def98a71cff,windows10-64-shippable-qr,True,False,,|c|o|l|d| |f|i|s|s|i|o|n| |i|n|t|e|r|a|c|t|i|v|e| |w|e|b|r|e|n|d|e|r|,102210fe594ee9b33d82058545b1ed14f4c8206e,LastVisualChange,reddit-billgates-post-1.posts,True,reddit-billgates-post-1.posts LastVisualChange opt cold fission webrender,,77,ms,firefox,442689445.0,1822943327,2024-01-09 11:56:06,549.4,051ee8b6b5420d6e2ef877ed6ff3a70306257659,1357476,,,,,,,,,,,,,,,,,,,,,,,,,,,,,,,,,,,,,,,,,,,,,,,,,,,,,,,,,,,,,TN,TN
autoland,4060512,13,77a9707257b88d3b15060667769a2def98a71cff,windows10-64-shippable-qr,True,False,,|c|o|l|d| |f|i|s|s|i|o|n| |i|n|t|e|r|a|c|t|i|v|e| |w|e|b|r|e|n|d|e|r|,102210fe594ee9b33d82058545b1ed14f4c8206e,LastVisualChange,reddit-billgates-post-1.posts,True,reddit-billgates-post-1.posts LastVisualChange opt cold fission webrender,,77,ms,firefox,442778949.0,1823392061,2024-01-09 14:07:58,565.3,0184455feb69351f7ba6e6a9bc02f7417c5c6475,1357525,,,,,,,,,,,,,,,,,,,,,,,,,,,,,,,,,,,,,,,,,,,,,,,,,,,,,,,,,,,,,TN,TN
autoland,4060512,13,77a9707257b88d3b15060667769a2def98a71cff,windows10-64-shippable-qr,True,False,,|c|o|l|d| |f|i|s|s|i|o|n| |i|n|t|e|r|a|c|t|i|v|e| |w|e|b|r|e|n|d|e|r|,102210fe594ee9b33d82058545b1ed14f4c8206e,LastVisualChange,reddit-billgates-post-1.posts,True,reddit-billgates-post-1.posts LastVisualChange opt cold fission webrender,,77,ms,firefox,442782891.0,1823404645,2024-01-09 14:34:37,555.9,183931c45d316e57ad9529199745dd0005a44f8a,1357538,,,,,,,,,,,,,,,,,,,,,,,,,,,,,,,,,,,,,,,,,,,,,,,,,,,,,,,,,,,,,TN,TN
autoland,4060512,13,77a9707257b88d3b15060667769a2def98a71cff,windows10-64-shippable-qr,True,False,,|c|o|l|d| |f|i|s|s|i|o|n| |i|n|t|e|r|a|c|t|i|v|e| |w|e|b|r|e|n|d|e|r|,102210fe594ee9b33d82058545b1ed14f4c8206e,LastVisualChange,reddit-billgates-post-1.posts,True,reddit-billgates-post-1.posts LastVisualChange opt cold fission webrender,,77,ms,firefox,442727328.0,1823105278,2024-01-09 16:23:43,551.8,39da72deac75c8026ae23df612934a7fc7c3693a,1357611,,,,,,,,,,,,,,,,,,,,,,,,,,,,,,,,,,,,,,,,,,,,,,,,,,,,,,,,,,,,,TN,TN
autoland,4060512,13,77a9707257b88d3b15060667769a2def98a71cff,windows10-64-shippable-qr,True,False,,|c|o|l|d| |f|i|s|s|i|o|n| |i|n|t|e|r|a|c|t|i|v|e| |w|e|b|r|e|n|d|e|r|,102210fe594ee9b33d82058545b1ed14f4c8206e,LastVisualChange,reddit-billgates-post-1.posts,True,reddit-billgates-post-1.posts LastVisualChange opt cold fission webrender,,77,ms,firefox,442727686.0,1823126226,2024-01-09 17:04:21,552.7,65446098ef641575f65d67f1db14e51401e565de,1357636,,,,,,,,,,,,,,,,,,,,,,,,,,,,,,,,,,,,,,,,,,,,,,,,,,,,,,,,,,,,,TN,TN
autoland,4060512,13,77a9707257b88d3b15060667769a2def98a71cff,windows10-64-shippable-qr,True,False,,|c|o|l|d| |f|i|s|s|i|o|n| |i|n|t|e|r|a|c|t|i|v|e| |w|e|b|r|e|n|d|e|r|,102210fe594ee9b33d82058545b1ed14f4c8206e,LastVisualChange,reddit-billgates-post-1.posts,True,reddit-billgates-post-1.posts LastVisualChange opt cold fission webrender,,77,ms,firefox,442767455.0,1823329804,2024-01-09 23:58:45,584.4,33d47d05c368a7b03c3843f70deb11c351eab0e7,1357896,,,,,,,,,,,,,,,,,,,,,,,,,,,,,,,,,,,,,,,,,,,,,,,,,,,,,,,,,,,,,TN,TN
autoland,4060512,13,77a9707257b88d3b15060667769a2def98a71cff,windows10-64-shippable-qr,True,False,,|c|o|l|d| |f|i|s|s|i|o|n| |i|n|t|e|r|a|c|t|i|v|e| |w|e|b|r|e|n|d|e|r|,102210fe594ee9b33d82058545b1ed14f4c8206e,LastVisualChange,reddit-billgates-post-1.posts,True,reddit-billgates-post-1.posts LastVisualChange opt cold fission webrender,,77,ms,firefox,442918488.0,1824004055,2024-01-10 01:41:22,579.4,c208c35aa08ce571b9fe86e213c1e1b443e8b7c0,1357928,,,,,,,,,,,,,,,,,,,,,,,,,,,,,,,,,,,,,,,,,,,,,,,,,,,,,,,,,,,,,TN,TN
autoland,4060512,13,77a9707257b88d3b15060667769a2def98a71cff,windows10-64-shippable-qr,True,False,,|c|o|l|d| |f|i|s|s|i|o|n| |i|n|t|e|r|a|c|t|i|v|e| |w|e|b|r|e|n|d|e|r|,102210fe594ee9b33d82058545b1ed14f4c8206e,LastVisualChange,reddit-billgates-post-1.posts,True,reddit-billgates-post-1.posts LastVisualChange opt cold fission webrender,,77,ms,firefox,442918328.0,1823994103,2024-01-10 02:03:50,554.9,03be6a45140bf15382b04777d0e3abf02d7af112,1357936,,,,,,,,,,,,,,,,,,,,,,,,,,,,,,,,,,,,,,,,,,,,,,,,,,,,,,,,,,,,,TN,TN
autoland,4060512,13,77a9707257b88d3b15060667769a2def98a71cff,windows10-64-shippable-qr,True,False,,|c|o|l|d| |f|i|s|s|i|o|n| |i|n|t|e|r|a|c|t|i|v|e| |w|e|b|r|e|n|d|e|r|,102210fe594ee9b33d82058545b1ed14f4c8206e,LastVisualChange,reddit-billgates-post-1.posts,True,reddit-billgates-post-1.posts LastVisualChange opt cold fission webrender,,77,ms,firefox,442794526.0,1823490735,2024-01-10 06:33:00,562.0,8d93c10892064c983f5603645b9f6db6494fac24,1357998,,,,,,,,,,,,,,,,,,,,,,,,,,,,,,,,,,,,,,,,,,,,,,,,,,,,,,,,,,,,,TN,TN
autoland,4060512,13,77a9707257b88d3b15060667769a2def98a71cff,windows10-64-shippable-qr,True,False,,|c|o|l|d| |f|i|s|s|i|o|n| |i|n|t|e|r|a|c|t|i|v|e| |w|e|b|r|e|n|d|e|r|,102210fe594ee9b33d82058545b1ed14f4c8206e,LastVisualChange,reddit-billgates-post-1.posts,True,reddit-billgates-post-1.posts LastVisualChange opt cold fission webrender,,77,ms,firefox,442818489.0,1823596118,2024-01-10 10:37:21,572.1,c892e00c62dbbeba07a14640ce9baf3a7c27383d,1358093,,,,,,,,,,,,,,,,,,,,,,,,,,,,,,,,,,,,,,,,,,,,,,,,,,,,,,,,,,,,,TN,TN
autoland,4060512,13,77a9707257b88d3b15060667769a2def98a71cff,windows10-64-shippable-qr,True,False,,|c|o|l|d| |f|i|s|s|i|o|n| |i|n|t|e|r|a|c|t|i|v|e| |w|e|b|r|e|n|d|e|r|,102210fe594ee9b33d82058545b1ed14f4c8206e,LastVisualChange,reddit-billgates-post-1.posts,True,reddit-billgates-post-1.posts LastVisualChange opt cold fission webrender,,77,ms,firefox,442840116.0,1823642616,2024-01-10 11:50:05,545.5,645f7ed438fb8172e3e4db34d3d7821251ae066c,1358132,,,,,,,,,,,,,,,,,,,,,,,,,,,,,,,,,,,,,,,,,,,,,,,,,,,,,,,,,,,,,TN,TN
autoland,4060512,13,77a9707257b88d3b15060667769a2def98a71cff,windows10-64-shippable-qr,True,False,,|c|o|l|d| |f|i|s|s|i|o|n| |i|n|t|e|r|a|c|t|i|v|e| |w|e|b|r|e|n|d|e|r|,102210fe594ee9b33d82058545b1ed14f4c8206e,LastVisualChange,reddit-billgates-post-1.posts,True,reddit-billgates-post-1.posts LastVisualChange opt cold fission webrender,,77,ms,firefox,442860512.0,1823717653,2024-01-10 15:53:53,565.3,abbd6756776d8ea1ff22b8a5ee76e1417583f893,1358258,,,,,,,,,,,,,,,,,,,,,,,,,,,,,,,,,,,,,,,,,,,,,,,,,,,,,,,,,,,,,TN,TN
autoland,4060512,13,77a9707257b88d3b15060667769a2def98a71cff,windows10-64-shippable-qr,True,False,,|c|o|l|d| |f|i|s|s|i|o|n| |i|n|t|e|r|a|c|t|i|v|e| |w|e|b|r|e|n|d|e|r|,102210fe594ee9b33d82058545b1ed14f4c8206e,LastVisualChange,reddit-billgates-post-1.posts,True,reddit-billgates-post-1.posts LastVisualChange opt cold fission webrender,,77,ms,firefox,442919113.0,1824030092,2024-01-10 17:13:27,565.8,a6a3c60d31894fa2c788c6498b98e529a6ce0202,1358311,,,,,,,,,,,,,,,,,,,,,,,,,,,,,,,,,,,,,,,,,,,,,,,,,,,,,,,,,,,,,TN,TN
autoland,4060512,13,77a9707257b88d3b15060667769a2def98a71cff,windows10-64-shippable-qr,True,False,,|c|o|l|d| |f|i|s|s|i|o|n| |i|n|t|e|r|a|c|t|i|v|e| |w|e|b|r|e|n|d|e|r|,102210fe594ee9b33d82058545b1ed14f4c8206e,LastVisualChange,reddit-billgates-post-1.posts,True,reddit-billgates-post-1.posts LastVisualChange opt cold fission webrender,,77,ms,firefox,442918992.0,1824018082,2024-01-10 17:16:57,562.3,cefca88dbb5f5ddbed3d4d2d541ce66924187b3f,1358312,,,,,,,,,,,,,,,,,,,,,,,,,,,,,,,,,,,,,,,,,,,,,,,,,,,,,,,,,,,,,TN,TN
autoland,4060512,13,77a9707257b88d3b15060667769a2def98a71cff,windows10-64-shippable-qr,True,False,,|c|o|l|d| |f|i|s|s|i|o|n| |i|n|t|e|r|a|c|t|i|v|e| |w|e|b|r|e|n|d|e|r|,102210fe594ee9b33d82058545b1ed14f4c8206e,LastVisualChange,reddit-billgates-post-1.posts,True,reddit-billgates-post-1.posts LastVisualChange opt cold fission webrender,,77,ms,firefox,442918851.0,1824017766,2024-01-10 17:17:38,589.5,8ce5b5a3f4cb435bbade6c5ce303b682c2624aca,1358313,,,,,,,,,,,,,,,,,,,,,,,,,,,,,,,,,,,,,,,,,,,,,,,,,,,,,,,,,,,,,TN,TN
autoland,4060512,13,77a9707257b88d3b15060667769a2def98a71cff,windows10-64-shippable-qr,True,False,,|c|o|l|d| |f|i|s|s|i|o|n| |i|n|t|e|r|a|c|t|i|v|e| |w|e|b|r|e|n|d|e|r|,102210fe594ee9b33d82058545b1ed14f4c8206e,LastVisualChange,reddit-billgates-post-1.posts,True,reddit-billgates-post-1.posts LastVisualChange opt cold fission webrender,,77,ms,firefox,442883793.0,1823841190,2024-01-10 20:02:55,542.5,13107fcd50cf2795a397cd8d72ce290a0b34a909,1358406,,,,,,,,,,,,,,,,,,,,,,,,,,,,,,,,,,,,,,,,,,,,,,,,,,,,,,,,,,,,,TN,TN
autoland,4060512,13,77a9707257b88d3b15060667769a2def98a71cff,windows10-64-shippable-qr,True,False,,|c|o|l|d| |f|i|s|s|i|o|n| |i|n|t|e|r|a|c|t|i|v|e| |w|e|b|r|e|n|d|e|r|,102210fe594ee9b33d82058545b1ed14f4c8206e,LastVisualChange,reddit-billgates-post-1.posts,True,reddit-billgates-post-1.posts LastVisualChange opt cold fission webrender,,77,ms,firefox,442907914.0,1823960726,2024-01-11 01:22:24,545.9,1a93f0a64a7f897212da58c5753433922e0953cb,1358548,,,,,,,,,,,,,,,,,,,,,,,,,,,,,,,,,,,,,,,,,,,,,,,,,,,,,,,,,,,,,TN,TN
autoland,4060512,13,77a9707257b88d3b15060667769a2def98a71cff,windows10-64-shippable-qr,True,False,,|c|o|l|d| |f|i|s|s|i|o|n| |i|n|t|e|r|a|c|t|i|v|e| |w|e|b|r|e|n|d|e|r|,102210fe594ee9b33d82058545b1ed14f4c8206e,LastVisualChange,reddit-billgates-post-1.posts,True,reddit-billgates-post-1.posts LastVisualChange opt cold fission webrender,,77,ms,firefox,442930694.0,1824058126,2024-01-11 07:34:58,568.7,53b379d2ca1da12d341d8c9f8e59575152c88b27,1358622,,,,,,,,,,,,,,,,,,,,,,,,,,,,,,,,,,,,,,,,,,,,,,,,,,,,,,,,,,,,,TN,TN
autoland,4060512,13,77a9707257b88d3b15060667769a2def98a71cff,windows10-64-shippable-qr,True,False,,|c|o|l|d| |f|i|s|s|i|o|n| |i|n|t|e|r|a|c|t|i|v|e| |w|e|b|r|e|n|d|e|r|,102210fe594ee9b33d82058545b1ed14f4c8206e,LastVisualChange,reddit-billgates-post-1.posts,True,reddit-billgates-post-1.posts LastVisualChange opt cold fission webrender,,77,ms,firefox,442935827.0,1824078256,2024-01-11 09:13:52,582.5,0bd36479d605b1a8748ee37096ff0d54383f0402,1358650,,,,,,,,,,,,,,,,,,,,,,,,,,,,,,,,,,,,,,,,,,,,,,,,,,,,,,,,,,,,,TN,TN
autoland,4060512,13,77a9707257b88d3b15060667769a2def98a71cff,windows10-64-shippable-qr,True,False,,|c|o|l|d| |f|i|s|s|i|o|n| |i|n|t|e|r|a|c|t|i|v|e| |w|e|b|r|e|n|d|e|r|,102210fe594ee9b33d82058545b1ed14f4c8206e,LastVisualChange,reddit-billgates-post-1.posts,True,reddit-billgates-post-1.posts LastVisualChange opt cold fission webrender,,77,ms,firefox,442973242.0,1824217634,2024-01-11 13:33:40,565.3,9e9da9a3335070604e4d44a2a97d897ca73a4c16,1358737,,,,,,,,,,,,,,,,,,,,,,,,,,,,,,,,,,,,,,,,,,,,,,,,,,,,,,,,,,,,,TN,TN
autoland,4060512,13,77a9707257b88d3b15060667769a2def98a71cff,windows10-64-shippable-qr,True,False,,|c|o|l|d| |f|i|s|s|i|o|n| |i|n|t|e|r|a|c|t|i|v|e| |w|e|b|r|e|n|d|e|r|,102210fe594ee9b33d82058545b1ed14f4c8206e,LastVisualChange,reddit-billgates-post-1.posts,True,reddit-billgates-post-1.posts LastVisualChange opt cold fission webrender,,77,ms,firefox,442987153.0,1824273269,2024-01-11 15:31:24,571.6,0fbc415c1704aee17dbd065e8d41e057993f1797,1358816,,,,,,,,,,,,,,,,,,,,,,,,,,,,,,,,,,,,,,,,,,,,,,,,,,,,,,,,,,,,,TN,TN
autoland,4060512,13,77a9707257b88d3b15060667769a2def98a71cff,windows10-64-shippable-qr,True,False,,|c|o|l|d| |f|i|s|s|i|o|n| |i|n|t|e|r|a|c|t|i|v|e| |w|e|b|r|e|n|d|e|r|,102210fe594ee9b33d82058545b1ed14f4c8206e,LastVisualChange,reddit-billgates-post-1.posts,True,reddit-billgates-post-1.posts LastVisualChange opt cold fission webrender,,77,ms,firefox,443076041.0,1824758144,2024-01-11 18:18:15,601.7,c968fa42e944e86d2ef0e1790169260c72d1767b,1358919,,,,,,,,,,,,,,,,,,,,,,,,,,,,,,,,,,,,,,,,,,,,,,,,,,,,,,,,,,,,,TN,TN
autoland,4060512,13,77a9707257b88d3b15060667769a2def98a71cff,windows10-64-shippable-qr,True,False,,|c|o|l|d| |f|i|s|s|i|o|n| |i|n|t|e|r|a|c|t|i|v|e| |w|e|b|r|e|n|d|e|r|,102210fe594ee9b33d82058545b1ed14f4c8206e,LastVisualChange,reddit-billgates-post-1.posts,True,reddit-billgates-post-1.posts LastVisualChange opt cold fission webrender,,77,ms,firefox,443072010.0,1824740272,2024-01-11 18:24:24,568.3,c742a756f169303b59bc595b6ad84ce7314a1789,1358925,,,,,,,,,,,,,,,,,,,,,,,,,,,,,,,,,,,,,,,,,,,,,,,,,,,,,,,,,,,,,TN,TN
autoland,4060512,13,77a9707257b88d3b15060667769a2def98a71cff,windows10-64-shippable-qr,True,False,,|c|o|l|d| |f|i|s|s|i|o|n| |i|n|t|e|r|a|c|t|i|v|e| |w|e|b|r|e|n|d|e|r|,102210fe594ee9b33d82058545b1ed14f4c8206e,LastVisualChange,reddit-billgates-post-1.posts,True,reddit-billgates-post-1.posts LastVisualChange opt cold fission webrender,,77,ms,firefox,443028282.0,1824428994,2024-01-11 19:45:18,568.5,51d3d025e7fa3113193da45b9c1b1d792060a4c3,1358981,,,,,,,,,,,,,,,,,,,,,,,,,,,,,,,,,,,,,,,,,,,,,,,,,,,,,,,,,,,,,TN,TN
autoland,4060512,13,77a9707257b88d3b15060667769a2def98a71cff,windows10-64-shippable-qr,True,False,,|c|o|l|d| |f|i|s|s|i|o|n| |i|n|t|e|r|a|c|t|i|v|e| |w|e|b|r|e|n|d|e|r|,102210fe594ee9b33d82058545b1ed14f4c8206e,LastVisualChange,reddit-billgates-post-1.posts,True,reddit-billgates-post-1.posts LastVisualChange opt cold fission webrender,,77,ms,firefox,443070373.0,1824669668,2024-01-11 19:53:37,548.4,dfcfa98a7e21b51e5559d4bee58d465a40576f31,1358986,,,,,,,,,,,,,,,,,,,,,,,,,,,,,,,,,,,,,,,,,,,,,,,,,,,,,,,,,,,,,TN,TN
autoland,4060512,13,77a9707257b88d3b15060667769a2def98a71cff,windows10-64-shippable-qr,True,False,,|c|o|l|d| |f|i|s|s|i|o|n| |i|n|t|e|r|a|c|t|i|v|e| |w|e|b|r|e|n|d|e|r|,102210fe594ee9b33d82058545b1ed14f4c8206e,LastVisualChange,reddit-billgates-post-1.posts,True,reddit-billgates-post-1.posts LastVisualChange opt cold fission webrender,,77,ms,firefox,443022341.0,1824408990,2024-01-11 20:05:09,569.2,8f1e9e2c902a89cfb9f9ea20307fb3ee8a91a4af,1358995,,,,,,,,,,,,,,,,,,,,,,,,,,,,,,,,,,,,,,,,,,,,,,,,,,,,,,,,,,,,,TN,TN
autoland,4060512,13,77a9707257b88d3b15060667769a2def98a71cff,windows10-64-shippable-qr,True,False,,|c|o|l|d| |f|i|s|s|i|o|n| |i|n|t|e|r|a|c|t|i|v|e| |w|e|b|r|e|n|d|e|r|,102210fe594ee9b33d82058545b1ed14f4c8206e,LastVisualChange,reddit-billgates-post-1.posts,True,reddit-billgates-post-1.posts LastVisualChange opt cold fission webrender,,77,ms,firefox,443056749.0,1824587388,2024-01-12 01:35:24,548.8,1d2ccbe0bb6db4d9628b16914b33c5dc5e9406dc,1359176,,,,,,,,,,,,,,,,,,,,,,,,,,,,,,,,,,,,,,,,,,,,,,,,,,,,,,,,,,,,,TN,TN
autoland,4060512,13,77a9707257b88d3b15060667769a2def98a71cff,windows10-64-shippable-qr,True,False,,|c|o|l|d| |f|i|s|s|i|o|n| |i|n|t|e|r|a|c|t|i|v|e| |w|e|b|r|e|n|d|e|r|,102210fe594ee9b33d82058545b1ed14f4c8206e,LastVisualChange,reddit-billgates-post-1.posts,True,reddit-billgates-post-1.posts LastVisualChange opt cold fission webrender,,77,ms,firefox,443070755.0,1824690145,2024-01-12 05:09:20,569.3,1dc9f987063cf678f5c26e7534eadc8bfd186fa9,1359210,,,,,,,,,,,,,,,,,,,,,,,,,,,,,,,,,,,,,,,,,,,,,,,,,,,,,,,,,,,,,TN,TN
autoland,4060512,13,77a9707257b88d3b15060667769a2def98a71cff,windows10-64-shippable-qr,True,False,,|c|o|l|d| |f|i|s|s|i|o|n| |i|n|t|e|r|a|c|t|i|v|e| |w|e|b|r|e|n|d|e|r|,102210fe594ee9b33d82058545b1ed14f4c8206e,LastVisualChange,reddit-billgates-post-1.posts,True,reddit-billgates-post-1.posts LastVisualChange opt cold fission webrender,,77,ms,firefox,443100201.0,1824876288,2024-01-12 09:17:33,575.3,734e2e027196a9d64120ebf11a01a1b03e494d43,1359269,,,,,,,,,,,,,,,,,,,,,,,,,,,,,,,,,,,,,,,,,,,,,,,,,,,,,,,,,,,,,TN,TN
autoland,4060512,13,77a9707257b88d3b15060667769a2def98a71cff,windows10-64-shippable-qr,True,False,,|c|o|l|d| |f|i|s|s|i|o|n| |i|n|t|e|r|a|c|t|i|v|e| |w|e|b|r|e|n|d|e|r|,102210fe594ee9b33d82058545b1ed14f4c8206e,LastVisualChange,reddit-billgates-post-1.posts,True,reddit-billgates-post-1.posts LastVisualChange opt cold fission webrender,,77,ms,firefox,443099384.0,1824860094,2024-01-12 09:50:00,565.7,04e959fcffc3608cfdc8e3812cac822a94eb7f79,1359287,,,,,,,,,,,,,,,,,,,,,,,,,,,,,,,,,,,,,,,,,,,,,,,,,,,,,,,,,,,,,TN,TN
autoland,4060512,13,77a9707257b88d3b15060667769a2def98a71cff,windows10-64-shippable-qr,True,False,,|c|o|l|d| |f|i|s|s|i|o|n| |i|n|t|e|r|a|c|t|i|v|e| |w|e|b|r|e|n|d|e|r|,102210fe594ee9b33d82058545b1ed14f4c8206e,LastVisualChange,reddit-billgates-post-1.posts,True,reddit-billgates-post-1.posts LastVisualChange opt cold fission webrender,,77,ms,firefox,443195154.0,1825367473,2024-01-12 13:49:10,614.5,897e093ce0acdad2e945ff5f23e6d89f77ac22a2,1359374,,,,,,,,,,,,,,,,,,,,,,,,,,,,,,,,,,,,,,,,,,,,,,,,,,,,,,,,,,,,,TN,TN
autoland,4060512,13,77a9707257b88d3b15060667769a2def98a71cff,windows10-64-shippable-qr,True,False,,|c|o|l|d| |f|i|s|s|i|o|n| |i|n|t|e|r|a|c|t|i|v|e| |w|e|b|r|e|n|d|e|r|,102210fe594ee9b33d82058545b1ed14f4c8206e,LastVisualChange,reddit-billgates-post-1.posts,True,reddit-billgates-post-1.posts LastVisualChange opt cold fission webrender,,77,ms,firefox,443134866.0,1825054639,2024-01-12 13:58:07,562.0,ce67ec7f0570e0dbbb4af59d868791341b3ae825,1359382,,,,,,,,,,,,,,,,,,,,,,,,,,,,,,,,,,,,,,,,,,,,,,,,,,,,,,,,,,,,,TN,TN
autoland,4060512,13,77a9707257b88d3b15060667769a2def98a71cff,windows10-64-shippable-qr,True,False,,|c|o|l|d| |f|i|s|s|i|o|n| |i|n|t|e|r|a|c|t|i|v|e| |w|e|b|r|e|n|d|e|r|,102210fe594ee9b33d82058545b1ed14f4c8206e,LastVisualChange,reddit-billgates-post-1.posts,True,reddit-billgates-post-1.posts LastVisualChange opt cold fission webrender,,77,ms,firefox,443140183.0,1825104832,2024-01-12 15:59:03,572.0,ca885660ea6d70595474b1663ce6806f7a86a6ea,1359473,,,,,,,,,,,,,,,,,,,,,,,,,,,,,,,,,,,,,,,,,,,,,,,,,,,,,,,,,,,,,TN,TN
autoland,4060512,13,77a9707257b88d3b15060667769a2def98a71cff,windows10-64-shippable-qr,True,False,,|c|o|l|d| |f|i|s|s|i|o|n| |i|n|t|e|r|a|c|t|i|v|e| |w|e|b|r|e|n|d|e|r|,102210fe594ee9b33d82058545b1ed14f4c8206e,LastVisualChange,reddit-billgates-post-1.posts,True,reddit-billgates-post-1.posts LastVisualChange opt cold fission webrender,,77,ms,firefox,443164039.0,1825204588,2024-01-12 19:38:29,571.9,00f949eecc1be917553e235f582aeb7e1e1146fd,1359666,,,,,,,,,,,,,,,,,,,,,,,,,,,,,,,,,,,,,,,,,,,,,,,,,,,,,,,,,,,,,TN,TN
autoland,4060512,13,77a9707257b88d3b15060667769a2def98a71cff,windows10-64-shippable-qr,True,False,,|c|o|l|d| |f|i|s|s|i|o|n| |i|n|t|e|r|a|c|t|i|v|e| |w|e|b|r|e|n|d|e|r|,102210fe594ee9b33d82058545b1ed14f4c8206e,LastVisualChange,reddit-billgates-post-1.posts,True,reddit-billgates-post-1.posts LastVisualChange opt cold fission webrender,,77,ms,firefox,443195268.0,1825375201,2024-01-12 22:22:32,565.8,941c30d075424ce679789d63701ca84aa524da86,1359751,,,,,,,,,,,,,,,,,,,,,,,,,,,,,,,,,,,,,,,,,,,,,,,,,,,,,,,,,,,,,TN,TN
autoland,4060512,13,77a9707257b88d3b15060667769a2def98a71cff,windows10-64-shippable-qr,True,False,,|c|o|l|d| |f|i|s|s|i|o|n| |i|n|t|e|r|a|c|t|i|v|e| |w|e|b|r|e|n|d|e|r|,102210fe594ee9b33d82058545b1ed14f4c8206e,LastVisualChange,reddit-billgates-post-1.posts,True,reddit-billgates-post-1.posts LastVisualChange opt cold fission webrender,,77,ms,firefox,443193815.0,1825339483,2024-01-12 22:24:41,559.0,e9c1463b56151bf940fe442f91aeabc8a811573d,1359754,,,,,,,,,,,,,,,,,,,,,,,,,,,,,,,,,,,,,,,,,,,,,,,,,,,,,,,,,,,,,TN,TN
autoland,4060512,13,77a9707257b88d3b15060667769a2def98a71cff,windows10-64-shippable-qr,True,False,,|c|o|l|d| |f|i|s|s|i|o|n| |i|n|t|e|r|a|c|t|i|v|e| |w|e|b|r|e|n|d|e|r|,102210fe594ee9b33d82058545b1ed14f4c8206e,LastVisualChange,reddit-billgates-post-1.posts,True,reddit-billgates-post-1.posts LastVisualChange opt cold fission webrender,,77,ms,firefox,443184853.0,1825288849,2024-01-12 23:40:01,538.9,53d4d65c33f1a556689dd9de738b173142e52749,1359778,,,,,,,,,,,,,,,,,,,,,,,,,,,,,,,,,,,,,,,,,,,,,,,,,,,,,,,,,,,,,TN,TN
autoland,4060512,13,77a9707257b88d3b15060667769a2def98a71cff,windows10-64-shippable-qr,True,False,,|c|o|l|d| |f|i|s|s|i|o|n| |i|n|t|e|r|a|c|t|i|v|e| |w|e|b|r|e|n|d|e|r|,102210fe594ee9b33d82058545b1ed14f4c8206e,LastVisualChange,reddit-billgates-post-1.posts,True,reddit-billgates-post-1.posts LastVisualChange opt cold fission webrender,,77,ms,firefox,443207760.0,1825435001,2024-01-13 08:47:40,555.5,1c1cef3dae75411dbe9bc03547274f506cade636,1359844,,,,,,,,,,,,,,,,,,,,,,,,,,,,,,,,,,,,,,,,,,,,,,,,,,,,,,,,,,,,,TN,TN
autoland,4060512,13,77a9707257b88d3b15060667769a2def98a71cff,windows10-64-shippable-qr,True,False,,|c|o|l|d| |f|i|s|s|i|o|n| |i|n|t|e|r|a|c|t|i|v|e| |w|e|b|r|e|n|d|e|r|,102210fe594ee9b33d82058545b1ed14f4c8206e,LastVisualChange,reddit-billgates-post-1.posts,True,reddit-billgates-post-1.posts LastVisualChange opt cold fission webrender,,77,ms,firefox,443229738.0,1825523349,2024-01-13 14:38:07,554.5,9e96d1447f6c77f15bcd1c7fa432cefae4418038,1359886,,,,,,,,,,,,,,,,,,,,,,,,,,,,,,,,,,,,,,,,,,,,,,,,,,,,,,,,,,,,,TN,TN
autoland,4060512,13,77a9707257b88d3b15060667769a2def98a71cff,windows10-64-shippable-qr,True,False,,|c|o|l|d| |f|i|s|s|i|o|n| |i|n|t|e|r|a|c|t|i|v|e| |w|e|b|r|e|n|d|e|r|,102210fe594ee9b33d82058545b1ed14f4c8206e,LastVisualChange,reddit-billgates-post-1.posts,True,reddit-billgates-post-1.posts LastVisualChange opt cold fission webrender,,77,ms,firefox,443249302.0,1825604646,2024-01-13 23:22:39,565.7,05b08c9f9a5822b969513dda16d5f55e322ade4f,1359908,,,,,,,,,,,,,,,,,,,,,,,,,,,,,,,,,,,,,,,,,,,,,,,,,,,,,,,,,,,,,TN,TN
autoland,4060512,13,77a9707257b88d3b15060667769a2def98a71cff,windows10-64-shippable-qr,True,False,,|c|o|l|d| |f|i|s|s|i|o|n| |i|n|t|e|r|a|c|t|i|v|e| |w|e|b|r|e|n|d|e|r|,102210fe594ee9b33d82058545b1ed14f4c8206e,LastVisualChange,reddit-billgates-post-1.posts,True,reddit-billgates-post-1.posts LastVisualChange opt cold fission webrender,,77,ms,firefox,443275462.0,1825758213,2024-01-14 13:25:52,550.0,b24d63d72f77a64fe5d8bce6420b88e7e0c4d9da,1359942,,,,,,,,,,,,,,,,,,,,,,,,,,,,,,,,,,,,,,,,,,,,,,,,,,,,,,,,,,,,,TN,TN
autoland,4060512,13,77a9707257b88d3b15060667769a2def98a71cff,windows10-64-shippable-qr,True,False,,|c|o|l|d| |f|i|s|s|i|o|n| |i|n|t|e|r|a|c|t|i|v|e| |w|e|b|r|e|n|d|e|r|,102210fe594ee9b33d82058545b1ed14f4c8206e,LastVisualChange,reddit-billgates-post-1.posts,True,reddit-billgates-post-1.posts LastVisualChange opt cold fission webrender,,77,ms,firefox,443301152.0,1825861548,2024-01-15 05:08:04,547.2,de4567bec5231630b24dbc8a0f117c108e274afc,1360013,,,,,,,,,,,,,,,,,,,,,,,,,,,,,,,,,,,,,,,,,,,,,,,,,,,,,,,,,,,,,TN,TN
autoland,4060512,13,77a9707257b88d3b15060667769a2def98a71cff,windows10-64-shippable-qr,True,False,,|c|o|l|d| |f|i|s|s|i|o|n| |i|n|t|e|r|a|c|t|i|v|e| |w|e|b|r|e|n|d|e|r|,102210fe594ee9b33d82058545b1ed14f4c8206e,LastVisualChange,reddit-billgates-post-1.posts,True,reddit-billgates-post-1.posts LastVisualChange opt cold fission webrender,,77,ms,firefox,443302973.0,1825877510,2024-01-15 06:43:10,566.2,fed0bf16c40eba956c10bb3214420acaf75ee212,1360023,,,,,,,,,,,,,,,,,,,,,,,,,,,,,,,,,,,,,,,,,,,,,,,,,,,,,,,,,,,,,TN,TN
autoland,4060512,13,77a9707257b88d3b15060667769a2def98a71cff,windows10-64-shippable-qr,True,False,,|c|o|l|d| |f|i|s|s|i|o|n| |i|n|t|e|r|a|c|t|i|v|e| |w|e|b|r|e|n|d|e|r|,102210fe594ee9b33d82058545b1ed14f4c8206e,LastVisualChange,reddit-billgates-post-1.posts,True,reddit-billgates-post-1.posts LastVisualChange opt cold fission webrender,,77,ms,firefox,443334552.0,1825990051,2024-01-15 11:02:38,572.5,43598f45eee98e83ea2f55ce9a36e000770cf985,1360080,,,,,,,,,,,,,,,,,,,,,,,,,,,,,,,,,,,,,,,,,,,,,,,,,,,,,,,,,,,,,TN,TN
autoland,4060512,13,77a9707257b88d3b15060667769a2def98a71cff,windows10-64-shippable-qr,True,False,,|c|o|l|d| |f|i|s|s|i|o|n| |i|n|t|e|r|a|c|t|i|v|e| |w|e|b|r|e|n|d|e|r|,102210fe594ee9b33d82058545b1ed14f4c8206e,LastVisualChange,reddit-billgates-post-1.posts,True,reddit-billgates-post-1.posts LastVisualChange opt cold fission webrender,,77,ms,firefox,443343662.0,1826035991,2024-01-15 13:01:22,589.4,253b1ef032b4e35683449c7af5d9effaa417e813,1360125,,,,,,,,,,,,,,,,,,,,,,,,,,,,,,,,,,,,,,,,,,,,,,,,,,,,,,,,,,,,,TN,TN
autoland,4060512,13,77a9707257b88d3b15060667769a2def98a71cff,windows10-64-shippable-qr,True,False,,|c|o|l|d| |f|i|s|s|i|o|n| |i|n|t|e|r|a|c|t|i|v|e| |w|e|b|r|e|n|d|e|r|,102210fe594ee9b33d82058545b1ed14f4c8206e,LastVisualChange,reddit-billgates-post-1.posts,True,reddit-billgates-post-1.posts LastVisualChange opt cold fission webrender,,77,ms,firefox,443431052.0,1826461997,2024-01-15 13:14:28,539.1,96407685e7579866b7cb890b16c2d05cde908fed,1360129,,,,,,,,,,,,,,,,,,,,,,,,,,,,,,,,,,,,,,,,,,,,,,,,,,,,,,,,,,,,,TN,TN
autoland,4060512,13,77a9707257b88d3b15060667769a2def98a71cff,windows10-64-shippable-qr,True,False,,|c|o|l|d| |f|i|s|s|i|o|n| |i|n|t|e|r|a|c|t|i|v|e| |w|e|b|r|e|n|d|e|r|,102210fe594ee9b33d82058545b1ed14f4c8206e,LastVisualChange,reddit-billgates-post-1.posts,True,reddit-billgates-post-1.posts LastVisualChange opt cold fission webrender,,77,ms,firefox,443430471.0,1826410228,2024-01-15 14:24:27,562.4,8188051a080f272a706f8fb169248c4677069f6b,1360138,,,,,,,,,,,,,,,,,,,,,,,,,,,,,,,,,,,,,,,,,,,,,,,,,,,,,,,,,,,,,TN,TN
autoland,4060512,13,77a9707257b88d3b15060667769a2def98a71cff,windows10-64-shippable-qr,True,False,,|c|o|l|d| |f|i|s|s|i|o|n| |i|n|t|e|r|a|c|t|i|v|e| |w|e|b|r|e|n|d|e|r|,102210fe594ee9b33d82058545b1ed14f4c8206e,LastVisualChange,reddit-billgates-post-1.posts,True,reddit-billgates-post-1.posts LastVisualChange opt cold fission webrender,,77,ms,firefox,443430662.0,1826416738,2024-01-15 16:25:19,554.8,c99a236b215f1a49f9abf0d88cc6217ddc6d0623,1360277,,,,,,,,,,,,,,,,,,,,,,,,,,,,,,,,,,,,,,,,,,,,,,,,,,,,,,,,,,,,,TN,TN
autoland,4060512,13,77a9707257b88d3b15060667769a2def98a71cff,windows10-64-shippable-qr,True,False,,|c|o|l|d| |f|i|s|s|i|o|n| |i|n|t|e|r|a|c|t|i|v|e| |w|e|b|r|e|n|d|e|r|,102210fe594ee9b33d82058545b1ed14f4c8206e,LastVisualChange,reddit-billgates-post-1.posts,True,reddit-billgates-post-1.posts LastVisualChange opt cold fission webrender,,77,ms,firefox,443430746.0,1826455531,2024-01-15 16:26:09,562.9,dc36bc5a45acf968a84adb6249e9193a2307c43e,1360279,,,,,,,,,,,,,,,,,,,,,,,,,,,,,,,,,,,,,,,,,,,,,,,,,,,,,,,,,,,,,TN,TN
autoland,4060512,13,77a9707257b88d3b15060667769a2def98a71cff,windows10-64-shippable-qr,True,False,,|c|o|l|d| |f|i|s|s|i|o|n| |i|n|t|e|r|a|c|t|i|v|e| |w|e|b|r|e|n|d|e|r|,102210fe594ee9b33d82058545b1ed14f4c8206e,LastVisualChange,reddit-billgates-post-1.posts,True,reddit-billgates-post-1.posts LastVisualChange opt cold fission webrender,,77,ms,firefox,443369518.0,1826143103,2024-01-15 16:45:21,555.0,a9ede7f8216422a86a2b25e0696d884c8a069b78,1360291,,,,,,,,,,,,,,,,,,,,,,,,,,,,,,,,,,,,,,,,,,,,,,,,,,,,,,,,,,,,,TN,TN
autoland,4060512,13,77a9707257b88d3b15060667769a2def98a71cff,windows10-64-shippable-qr,True,False,,|c|o|l|d| |f|i|s|s|i|o|n| |i|n|t|e|r|a|c|t|i|v|e| |w|e|b|r|e|n|d|e|r|,102210fe594ee9b33d82058545b1ed14f4c8206e,LastVisualChange,reddit-billgates-post-1.posts,True,reddit-billgates-post-1.posts LastVisualChange opt cold fission webrender,,77,ms,firefox,443406735.0,1826289889,2024-01-15 21:04:35,552.1,8a68c5a8cac8300a140767d36eaed293e8f2664c,1360446,,,,,,,,,,,,,,,,,,,,,,,,,,,,,,,,,,,,,,,,,,,,,,,,,,,,,,,,,,,,,TN,TN
autoland,4060512,13,77a9707257b88d3b15060667769a2def98a71cff,windows10-64-shippable-qr,True,False,,|c|o|l|d| |f|i|s|s|i|o|n| |i|n|t|e|r|a|c|t|i|v|e| |w|e|b|r|e|n|d|e|r|,102210fe594ee9b33d82058545b1ed14f4c8206e,LastVisualChange,reddit-billgates-post-1.posts,True,reddit-billgates-post-1.posts LastVisualChange opt cold fission webrender,,77,ms,firefox,443424865.0,1826365488,2024-01-16 02:30:18,565.5,02d1a62ad90af487d859bc4971a43862dceeda6e,1360561,,,,,,,,,,,,,,,,,,,,,,,,,,,,,,,,,,,,,,,,,,,,,,,,,,,,,,,,,,,,,TN,TN
autoland,4060512,13,77a9707257b88d3b15060667769a2def98a71cff,windows10-64-shippable-qr,True,False,,|c|o|l|d| |f|i|s|s|i|o|n| |i|n|t|e|r|a|c|t|i|v|e| |w|e|b|r|e|n|d|e|r|,102210fe594ee9b33d82058545b1ed14f4c8206e,LastVisualChange,reddit-billgates-post-1.posts,True,reddit-billgates-post-1.posts LastVisualChange opt cold fission webrender,,77,ms,firefox,443428757.0,1826386558,2024-01-16 03:41:09,574.5,70cdba288eb3585a65e68748b4aecfe615cf92e8,1360576,,,,,,,,,,,,,,,,,,,,,,,,,,,,,,,,,,,,,,,,,,,,,,,,,,,,,,,,,,,,,TN,TN
autoland,4060512,13,77a9707257b88d3b15060667769a2def98a71cff,windows10-64-shippable-qr,True,False,,|c|o|l|d| |f|i|s|s|i|o|n| |i|n|t|e|r|a|c|t|i|v|e| |w|e|b|r|e|n|d|e|r|,102210fe594ee9b33d82058545b1ed14f4c8206e,LastVisualChange,reddit-billgates-post-1.posts,True,reddit-billgates-post-1.posts LastVisualChange opt cold fission webrender,,77,ms,firefox,443449466.0,1826542305,2024-01-16 08:02:14,565.6,f2c924263ffece6d0b30e6a52dfd32792c5bf5ab,1360634,,,,,,,,,,,,,,,,,,,,,,,,,,,,,,,,,,,,,,,,,,,,,,,,,,,,,,,,,,,,,TN,TN
autoland,4060512,13,77a9707257b88d3b15060667769a2def98a71cff,windows10-64-shippable-qr,True,False,,|c|o|l|d| |f|i|s|s|i|o|n| |i|n|t|e|r|a|c|t|i|v|e| |w|e|b|r|e|n|d|e|r|,102210fe594ee9b33d82058545b1ed14f4c8206e,LastVisualChange,reddit-billgates-post-1.posts,True,reddit-billgates-post-1.posts LastVisualChange opt cold fission webrender,,77,ms,firefox,443486618.0,1826647426,2024-01-16 12:14:54,552.5,b7a792b71de6beb8e167d10494fa1c387f55f9c2,1360755,,,,,,,,,,,,,,,,,,,,,,,,,,,,,,,,,,,,,,,,,,,,,,,,,,,,,,,,,,,,,TN,TN
autoland,4060512,13,77a9707257b88d3b15060667769a2def98a71cff,windows10-64-shippable-qr,True,False,,|c|o|l|d| |f|i|s|s|i|o|n| |i|n|t|e|r|a|c|t|i|v|e| |w|e|b|r|e|n|d|e|r|,102210fe594ee9b33d82058545b1ed14f4c8206e,LastVisualChange,reddit-billgates-post-1.posts,True,reddit-billgates-post-1.posts LastVisualChange opt cold fission webrender,,77,ms,firefox,443576213.0,1827070526,2024-01-16 16:07:16,545.9,07af0d2b5ced38fc72f57fb9619e9e8430edc630,1360917,,,,,,,,,,,,,,,,,,,,,,,,,,,,,,,,,,,,,,,,,,,,,,,,,,,,,,,,,,,,,TN,TN
autoland,4060512,13,77a9707257b88d3b15060667769a2def98a71cff,windows10-64-shippable-qr,True,False,,|c|o|l|d| |f|i|s|s|i|o|n| |i|n|t|e|r|a|c|t|i|v|e| |w|e|b|r|e|n|d|e|r|,102210fe594ee9b33d82058545b1ed14f4c8206e,LastVisualChange,reddit-billgates-post-1.posts,True,reddit-billgates-post-1.posts LastVisualChange opt cold fission webrender,,77,ms,firefox,443574532.0,1827056216,2024-01-16 16:09:52,556.1,63082f3bb107e1a4f6692ea836f8812a9af8f74c,1360920,,,,,,,,,,,,,,,,,,,,,,,,,,,,,,,,,,,,,,,,,,,,,,,,,,,,,,,,,,,,,TN,TN
autoland,4060512,13,77a9707257b88d3b15060667769a2def98a71cff,windows10-64-shippable-qr,True,False,,|c|o|l|d| |f|i|s|s|i|o|n| |i|n|t|e|r|a|c|t|i|v|e| |w|e|b|r|e|n|d|e|r|,102210fe594ee9b33d82058545b1ed14f4c8206e,LastVisualChange,reddit-billgates-post-1.posts,True,reddit-billgates-post-1.posts LastVisualChange opt cold fission webrender,,77,ms,firefox,443506418.0,1826749129,2024-01-16 16:10:42,569.0,c57d859580d036c47f9c0140e247b012211f6475,1360921,,,,,,,,,,,,,,,,,,,,,,,,,,,,,,,,,,,,,,,,,,,,,,,,,,,,,,,,,,,,,TN,TN
autoland,4060512,13,77a9707257b88d3b15060667769a2def98a71cff,windows10-64-shippable-qr,True,False,,|c|o|l|d| |f|i|s|s|i|o|n| |i|n|t|e|r|a|c|t|i|v|e| |w|e|b|r|e|n|d|e|r|,102210fe594ee9b33d82058545b1ed14f4c8206e,LastVisualChange,reddit-billgates-post-1.posts,True,reddit-billgates-post-1.posts LastVisualChange opt cold fission webrender,,77,ms,firefox,443521564.0,1826824241,2024-01-16 18:47:57,559.4,70d83d705e48aa6e7e7f765142176e775044db26,1361053,,,,,,,,,,,,,,,,,,,,,,,,,,,,,,,,,,,,,,,,,,,,,,,,,,,,,,,,,,,,,TN,TN
autoland,4060512,13,77a9707257b88d3b15060667769a2def98a71cff,windows10-64-shippable-qr,True,False,,|c|o|l|d| |f|i|s|s|i|o|n| |i|n|t|e|r|a|c|t|i|v|e| |w|e|b|r|e|n|d|e|r|,102210fe594ee9b33d82058545b1ed14f4c8206e,LastVisualChange,reddit-billgates-post-1.posts,True,reddit-billgates-post-1.posts LastVisualChange opt cold fission webrender,,77,ms,firefox,443540699.0,1826880280,2024-01-16 21:05:47,559.0,be11cd2890f611f1552236eed7ffe53fba913a46,1361171,,,,,,,,,,,,,,,,,,,,,,,,,,,,,,,,,,,,,,,,,,,,,,,,,,,,,,,,,,,,,TN,TN
autoland,4060512,13,77a9707257b88d3b15060667769a2def98a71cff,windows10-64-shippable-qr,True,False,,|c|o|l|d| |f|i|s|s|i|o|n| |i|n|t|e|r|a|c|t|i|v|e| |w|e|b|r|e|n|d|e|r|,102210fe594ee9b33d82058545b1ed14f4c8206e,LastVisualChange,reddit-billgates-post-1.posts,True,reddit-billgates-post-1.posts LastVisualChange opt cold fission webrender,,77,ms,firefox,443576279.0,1827085028,2024-01-16 21:13:17,565.5,e14244196def7be57366bd3c3b31e7218266e883,1361177,,,,,,,,,,,,,,,,,,,,,,,,,,,,,,,,,,,,,,,,,,,,,,,,,,,,,,,,,,,,,TN,TN
autoland,4060512,13,77a9707257b88d3b15060667769a2def98a71cff,windows10-64-shippable-qr,True,False,,|c|o|l|d| |f|i|s|s|i|o|n| |i|n|t|e|r|a|c|t|i|v|e| |w|e|b|r|e|n|d|e|r|,102210fe594ee9b33d82058545b1ed14f4c8206e,LastVisualChange,reddit-billgates-post-1.posts,True,reddit-billgates-post-1.posts LastVisualChange opt cold fission webrender,,77,ms,firefox,443580780.0,1827115365,2024-01-16 21:16:43,583.2,7a65679aabcf9e5a522b9fbd3463109e4b2946c2,1361180,,,,,,,,,,,,,,,,,,,,,,,,,,,,,,,,,,,,,,,,,,,,,,,,,,,,,,,,,,,,,TN,TN
autoland,4060512,13,77a9707257b88d3b15060667769a2def98a71cff,windows10-64-shippable-qr,True,False,,|c|o|l|d| |f|i|s|s|i|o|n| |i|n|t|e|r|a|c|t|i|v|e| |w|e|b|r|e|n|d|e|r|,102210fe594ee9b33d82058545b1ed14f4c8206e,LastVisualChange,reddit-billgates-post-1.posts,True,reddit-billgates-post-1.posts LastVisualChange opt cold fission webrender,,77,ms,firefox,443556076.0,1826961547,2024-01-17 00:27:37,572.1,2425c93f20f61b806df955141332d7cb553c6efb,1361277,,,,,,,,,,,,,,,,,,,,,,,,,,,,,,,,,,,,,,,,,,,,,,,,,,,,,,,,,,,,,TN,TN
autoland,4060512,13,77a9707257b88d3b15060667769a2def98a71cff,windows10-64-shippable-qr,True,False,,|c|o|l|d| |f|i|s|s|i|o|n| |i|n|t|e|r|a|c|t|i|v|e| |w|e|b|r|e|n|d|e|r|,102210fe594ee9b33d82058545b1ed14f4c8206e,LastVisualChange,reddit-billgates-post-1.posts,True,reddit-billgates-post-1.posts LastVisualChange opt cold fission webrender,,77,ms,firefox,443576461.0,1827105395,2024-01-17 05:04:36,600.1,71000174812fc0992b6793e53ac5f11f1b87bdc0,1361364,,,,,,,,,,,,,,,,,,,,,,,,,,,,,,,,,,,,,,,,,,,,,,,,,,,,,,,,,,,,,TN,TN
autoland,4060512,13,77a9707257b88d3b15060667769a2def98a71cff,windows10-64-shippable-qr,True,False,,|c|o|l|d| |f|i|s|s|i|o|n| |i|n|t|e|r|a|c|t|i|v|e| |w|e|b|r|e|n|d|e|r|,102210fe594ee9b33d82058545b1ed14f4c8206e,LastVisualChange,reddit-billgates-post-1.posts,True,reddit-billgates-post-1.posts LastVisualChange opt cold fission webrender,,77,ms,firefox,443617997.0,1827270135,2024-01-17 09:39:35,565.9,504ffc20d2ebb35be48357830d614ec96765c802,1361428,,,,,,,,,,,,,,,,,,,,,,,,,,,,,,,,,,,,,,,,,,,,,,,,,,,,,,,,,,,,,TN,TN
autoland,4060512,13,77a9707257b88d3b15060667769a2def98a71cff,windows10-64-shippable-qr,True,False,,|c|o|l|d| |f|i|s|s|i|o|n| |i|n|t|e|r|a|c|t|i|v|e| |w|e|b|r|e|n|d|e|r|,102210fe594ee9b33d82058545b1ed14f4c8206e,LastVisualChange,reddit-billgates-post-1.posts,True,reddit-billgates-post-1.posts LastVisualChange opt cold fission webrender,,77,ms,firefox,443628464.0,1827290632,2024-01-17 11:04:44,548.7,362d9aca9e101b9ee8f7efe2a7c456e245e6313c,1361499,,,,,,,,,,,,,,,,,,,,,,,,,,,,,,,,,,,,,,,,,,,,,,,,,,,,,,,,,,,,,TN,TN
autoland,4060512,13,77a9707257b88d3b15060667769a2def98a71cff,windows10-64-shippable-qr,True,False,,|c|o|l|d| |f|i|s|s|i|o|n| |i|n|t|e|r|a|c|t|i|v|e| |w|e|b|r|e|n|d|e|r|,102210fe594ee9b33d82058545b1ed14f4c8206e,LastVisualChange,reddit-billgates-post-1.posts,True,reddit-billgates-post-1.posts LastVisualChange opt cold fission webrender,,77,ms,firefox,443750314.0,1827869367,2024-01-17 14:10:14,562.7,a4394526f54b75a6396802e446f5c6741b17bfdd,1361593,,,,,,,,,,,,,,,,,,,,,,,,,,,,,,,,,,,,,,,,,,,,,,,,,,,,,,,,,,,,,TN,TN
autoland,4060512,13,77a9707257b88d3b15060667769a2def98a71cff,windows10-64-shippable-qr,True,False,,|c|o|l|d| |f|i|s|s|i|o|n| |i|n|t|e|r|a|c|t|i|v|e| |w|e|b|r|e|n|d|e|r|,102210fe594ee9b33d82058545b1ed14f4c8206e,LastVisualChange,reddit-billgates-post-1.posts,True,reddit-billgates-post-1.posts LastVisualChange opt cold fission webrender,,77,ms,firefox,443737019.0,1827814721,2024-01-17 14:11:04,558.9,51ded5545163f1a0a3ff3790e9a25c0351e5d7b6,1361596,,,,,,,,,,,,,,,,,,,,,,,,,,,,,,,,,,,,,,,,,,,,,,,,,,,,,,,,,,,,,TN,TN
autoland,4060512,13,77a9707257b88d3b15060667769a2def98a71cff,windows10-64-shippable-qr,True,False,,|c|o|l|d| |f|i|s|s|i|o|n| |i|n|t|e|r|a|c|t|i|v|e| |w|e|b|r|e|n|d|e|r|,102210fe594ee9b33d82058545b1ed14f4c8206e,LastVisualChange,reddit-billgates-post-1.posts,True,reddit-billgates-post-1.posts LastVisualChange opt cold fission webrender,,77,ms,firefox,443677964.0,1827454817,2024-01-17 15:07:48,569.2,848e3e2acdf34af9e6862b8a77a8d1ea39c48098,1361632,,,,,,,,,,,,,,,,,,,,,,,,,,,,,,,,,,,,,,,,,,,,,,,,,,,,,,,,,,,,,TN,TN
autoland,4060512,13,77a9707257b88d3b15060667769a2def98a71cff,windows10-64-shippable-qr,True,False,,|c|o|l|d| |f|i|s|s|i|o|n| |i|n|t|e|r|a|c|t|i|v|e| |w|e|b|r|e|n|d|e|r|,102210fe594ee9b33d82058545b1ed14f4c8206e,LastVisualChange,reddit-billgates-post-1.posts,True,reddit-billgates-post-1.posts LastVisualChange opt cold fission webrender,,77,ms,firefox,443671998.0,1827419712,2024-01-17 15:18:54,558.7,a11dab561c63102a4ed97f42068f448ec332c652,1361644,,,,,,,,,,,,,,,,,,,,,,,,,,,,,,,,,,,,,,,,,,,,,,,,,,,,,,,,,,,,,TN,TN
autoland,4060512,13,77a9707257b88d3b15060667769a2def98a71cff,windows10-64-shippable-qr,True,False,,|c|o|l|d| |f|i|s|s|i|o|n| |i|n|t|e|r|a|c|t|i|v|e| |w|e|b|r|e|n|d|e|r|,102210fe594ee9b33d82058545b1ed14f4c8206e,LastVisualChange,reddit-billgates-post-1.posts,True,reddit-billgates-post-1.posts LastVisualChange opt cold fission webrender,,77,ms,firefox,443715694.0,1827654517,2024-01-17 23:49:06,569.2,fe239ad8a8aea4198d356ae3ab92415c5237b530,1361957,,,,,,,,,,,,,,,,,,,,,,,,,,,,,,,,,,,,,,,,,,,,,,,,,,,,,,,,,,,,,TN,TN
autoland,4060512,13,77a9707257b88d3b15060667769a2def98a71cff,windows10-64-shippable-qr,True,False,,|c|o|l|d| |f|i|s|s|i|o|n| |i|n|t|e|r|a|c|t|i|v|e| |w|e|b|r|e|n|d|e|r|,102210fe594ee9b33d82058545b1ed14f4c8206e,LastVisualChange,reddit-billgates-post-1.posts,True,reddit-billgates-post-1.posts LastVisualChange opt cold fission webrender,,77,ms,firefox,443716055.0,1827671440,2024-01-17 23:52:50,555.8,79a6322a49b2f811fe674c1802ab75b99d9c95a3,1361961,,,,,,,,,,,,,,,,,,,,,,,,,,,,,,,,,,,,,,,,,,,,,,,,,,,,,,,,,,,,,TN,TN
autoland,4060512,13,77a9707257b88d3b15060667769a2def98a71cff,windows10-64-shippable-qr,True,False,,|c|o|l|d| |f|i|s|s|i|o|n| |i|n|t|e|r|a|c|t|i|v|e| |w|e|b|r|e|n|d|e|r|,102210fe594ee9b33d82058545b1ed14f4c8206e,LastVisualChange,reddit-billgates-post-1.posts,True,reddit-billgates-post-1.posts LastVisualChange opt cold fission webrender,,77,ms,firefox,443727719.0,1827763696,2024-01-18 01:49:32,579.0,c38d482445a0c034ac7b8fc0219092fccdbc58b2,1362034,,,,,,,,,,,,,,,,,,,,,,,,,,,,,,,,,,,,,,,,,,,,,,,,,,,,,,,,,,,,,TN,TN
autoland,4060512,13,77a9707257b88d3b15060667769a2def98a71cff,windows10-64-shippable-qr,True,False,,|c|o|l|d| |f|i|s|s|i|o|n| |i|n|t|e|r|a|c|t|i|v|e| |w|e|b|r|e|n|d|e|r|,102210fe594ee9b33d82058545b1ed14f4c8206e,LastVisualChange,reddit-billgates-post-1.posts,True,reddit-billgates-post-1.posts LastVisualChange opt cold fission webrender,,77,ms,firefox,443757438.0,1827904079,2024-01-18 06:50:06,600.6,a505d6315623943fb581b7f21beece40fc6faf17,1362092,,,,,,,,,,,,,,,,,,,,,,,,,,,,,,,,,,,,,,,,,,,,,,,,,,,,,,,,,,,,,TN,TN
autoland,4060512,13,77a9707257b88d3b15060667769a2def98a71cff,windows10-64-shippable-qr,True,False,,|c|o|l|d| |f|i|s|s|i|o|n| |i|n|t|e|r|a|c|t|i|v|e| |w|e|b|r|e|n|d|e|r|,102210fe594ee9b33d82058545b1ed14f4c8206e,LastVisualChange,reddit-billgates-post-1.posts,True,reddit-billgates-post-1.posts LastVisualChange opt cold fission webrender,,77,ms,firefox,443789635.0,1828073693,2024-01-18 10:52:50,562.1,0688ca401470034e41e10f2480620e88cac2700f,1362184,,,,,,,,,,,,,,,,,,,,,,,,,,,,,,,,,,,,,,,,,,,,,,,,,,,,,,,,,,,,,TN,TN
autoland,4060512,13,77a9707257b88d3b15060667769a2def98a71cff,windows10-64-shippable-qr,True,False,,|c|o|l|d| |f|i|s|s|i|o|n| |i|n|t|e|r|a|c|t|i|v|e| |w|e|b|r|e|n|d|e|r|,102210fe594ee9b33d82058545b1ed14f4c8206e,LastVisualChange,reddit-billgates-post-1.posts,True,reddit-billgates-post-1.posts LastVisualChange opt cold fission webrender,,77,ms,firefox,443897248.0,1828655629,2024-01-18 11:51:21,562.1,b0cfcec88155f8d78471d5ec65ef775e7f6b2eb5,1362206,,,,,,,,,,,,,,,,,,,,,,,,,,,,,,,,,,,,,,,,,,,,,,,,,,,,,,,,,,,,,TN,TN
autoland,4060512,13,77a9707257b88d3b15060667769a2def98a71cff,windows10-64-shippable-qr,True,False,,|c|o|l|d| |f|i|s|s|i|o|n| |i|n|t|e|r|a|c|t|i|v|e| |w|e|b|r|e|n|d|e|r|,102210fe594ee9b33d82058545b1ed14f4c8206e,LastVisualChange,reddit-billgates-post-1.posts,True,reddit-billgates-post-1.posts LastVisualChange opt cold fission webrender,,77,ms,firefox,443894799.0,1828638369,2024-01-18 11:53:45,579.3,be072303feafdac9f5574eb97613a65b9784d9b7,1362207,,,,,,,,,,,,,,,,,,,,,,,,,,,,,,,,,,,,,,,,,,,,,,,,,,,,,,,,,,,,,TN,TN
autoland,4060512,13,77a9707257b88d3b15060667769a2def98a71cff,windows10-64-shippable-qr,True,False,,|c|o|l|d| |f|i|s|s|i|o|n| |i|n|t|e|r|a|c|t|i|v|e| |w|e|b|r|e|n|d|e|r|,102210fe594ee9b33d82058545b1ed14f4c8206e,LastVisualChange,reddit-billgates-post-1.posts,True,reddit-billgates-post-1.posts LastVisualChange opt cold fission webrender,,77,ms,firefox,443801332.0,1828163526,2024-01-18 13:21:23,549.0,68ff26df33468fe750b39f175b43b8507718ece4,1362232,,,,,,,,,,,,,,,,,,,,,,,,,,,,,,,,,,,,,,,,,,,,,,,,,,,,,,,,,,,,,TN,TN
autoland,4060512,13,77a9707257b88d3b15060667769a2def98a71cff,windows10-64-shippable-qr,True,False,,|c|o|l|d| |f|i|s|s|i|o|n| |i|n|t|e|r|a|c|t|i|v|e| |w|e|b|r|e|n|d|e|r|,102210fe594ee9b33d82058545b1ed14f4c8206e,LastVisualChange,reddit-billgates-post-1.posts,True,reddit-billgates-post-1.posts LastVisualChange opt cold fission webrender,,77,ms,firefox,443893939.0,1828611305,2024-01-18 16:01:44,598.4,b3320921a0a66b56eb50ebd3bd8baf0ebd8d44d2,1362331,,,,,,,,,,,,,,,,,,,,,,,,,,,,,,,,,,,,,,,,,,,,,,,,,,,,,,,,,,,,,TN,TN
autoland,4060512,13,77a9707257b88d3b15060667769a2def98a71cff,windows10-64-shippable-qr,True,False,,|c|o|l|d| |f|i|s|s|i|o|n| |i|n|t|e|r|a|c|t|i|v|e| |w|e|b|r|e|n|d|e|r|,102210fe594ee9b33d82058545b1ed14f4c8206e,LastVisualChange,reddit-billgates-post-1.posts,True,reddit-billgates-post-1.posts LastVisualChange opt cold fission webrender,,77,ms,firefox,443894652.0,1828628626,2024-01-18 16:29:27,595.6,da092d881d44f60e7c5ae33f596dcdf706117ced,1362347,,,,,,,,,,,,,,,,,,,,,,,,,,,,,,,,,,,,,,,,,,,,,,,,,,,,,,,,,,,,,TN,TN
autoland,4060512,13,77a9707257b88d3b15060667769a2def98a71cff,windows10-64-shippable-qr,True,False,,|c|o|l|d| |f|i|s|s|i|o|n| |i|n|t|e|r|a|c|t|i|v|e| |w|e|b|r|e|n|d|e|r|,102210fe594ee9b33d82058545b1ed14f4c8206e,LastVisualChange,reddit-billgates-post-1.posts,True,reddit-billgates-post-1.posts LastVisualChange opt cold fission webrender,,77,ms,firefox,443829895.0,1828338884,2024-01-18 17:52:02,575.2,2b70f662a79773d519e78f0b8b64723a20b1e788,1362427,,,,,,,,,,,,,,,,,,,,,,,,,,,,,,,,,,,,,,,,,,,,,,,,,,,,,,,,,,,,,TN,TN
autoland,4060512,13,77a9707257b88d3b15060667769a2def98a71cff,windows10-64-shippable-qr,True,False,,|c|o|l|d| |f|i|s|s|i|o|n| |i|n|t|e|r|a|c|t|i|v|e| |w|e|b|r|e|n|d|e|r|,102210fe594ee9b33d82058545b1ed14f4c8206e,LastVisualChange,reddit-billgates-post-1.posts,True,reddit-billgates-post-1.posts LastVisualChange opt cold fission webrender,,77,ms,firefox,443872185.0,1828489322,2024-01-18 23:10:50,562.1,ef9ad6a28dae5d4efbe723dde5068cfdde493918,1362632,,,,,,,,,,,,,,,,,,,,,,,,,,,,,,,,,,,,,,,,,,,,,,,,,,,,,,,,,,,,,TN,TN
autoland,4060512,13,77a9707257b88d3b15060667769a2def98a71cff,windows10-64-shippable-qr,True,False,,|c|o|l|d| |f|i|s|s|i|o|n| |i|n|t|e|r|a|c|t|i|v|e| |w|e|b|r|e|n|d|e|r|,102210fe594ee9b33d82058545b1ed14f4c8206e,LastVisualChange,reddit-billgates-post-1.posts,True,reddit-billgates-post-1.posts LastVisualChange opt cold fission webrender,,77,ms,firefox,443876360.0,1828514989,2024-01-18 23:17:45,588.8,5624cd2e1525fd15b148c44ce2106fce74d6f297,1362637,,,,,,,,,,,,,,,,,,,,,,,,,,,,,,,,,,,,,,,,,,,,,,,,,,,,,,,,,,,,,TN,TN
autoland,4060512,13,77a9707257b88d3b15060667769a2def98a71cff,windows10-64-shippable-qr,True,False,,|c|o|l|d| |f|i|s|s|i|o|n| |i|n|t|e|r|a|c|t|i|v|e| |w|e|b|r|e|n|d|e|r|,102210fe594ee9b33d82058545b1ed14f4c8206e,LastVisualChange,reddit-billgates-post-1.posts,True,reddit-billgates-post-1.posts LastVisualChange opt cold fission webrender,,77,ms,firefox,443896530.0,1828642833,2024-01-19 04:17:47,559.2,b6393478fdf670fcce10fd4334c2601561eaea5d,1362724,,,,,,,,,,,,,,,,,,,,,,,,,,,,,,,,,,,,,,,,,,,,,,,,,,,,,,,,,,,,,TN,TN
autoland,4060512,13,77a9707257b88d3b15060667769a2def98a71cff,windows10-64-shippable-qr,True,False,,|c|o|l|d| |f|i|s|s|i|o|n| |i|n|t|e|r|a|c|t|i|v|e| |w|e|b|r|e|n|d|e|r|,102210fe594ee9b33d82058545b1ed14f4c8206e,LastVisualChange,reddit-billgates-post-1.posts,True,reddit-billgates-post-1.posts LastVisualChange opt cold fission webrender,,77,ms,firefox,443935145.0,1828752478,2024-01-19 10:07:40,575.4,99bf71eaca444aa371e7c84536a1b8aa434ef205,1362807,,,,,,,,,,,,,,,,,,,,,,,,,,,,,,,,,,,,,,,,,,,,,,,,,,,,,,,,,,,,,TN,TN
autoland,4060512,13,77a9707257b88d3b15060667769a2def98a71cff,windows10-64-shippable-qr,True,False,,|c|o|l|d| |f|i|s|s|i|o|n| |i|n|t|e|r|a|c|t|i|v|e| |w|e|b|r|e|n|d|e|r|,102210fe594ee9b33d82058545b1ed14f4c8206e,LastVisualChange,reddit-billgates-post-1.posts,True,reddit-billgates-post-1.posts LastVisualChange opt cold fission webrender,,77,ms,firefox,443936208.0,1828781020,2024-01-19 10:28:03,558.5,7459e9088955262e4430e24661d856acc7ca8929,1362814,,,,,,,,,,,,,,,,,,,,,,,,,,,,,,,,,,,,,,,,,,,,,,,,,,,,,,,,,,,,,TN,TN
autoland,4060512,13,77a9707257b88d3b15060667769a2def98a71cff,windows10-64-shippable-qr,True,False,,|c|o|l|d| |f|i|s|s|i|o|n| |i|n|t|e|r|a|c|t|i|v|e| |w|e|b|r|e|n|d|e|r|,102210fe594ee9b33d82058545b1ed14f4c8206e,LastVisualChange,reddit-billgates-post-1.posts,True,reddit-billgates-post-1.posts LastVisualChange opt cold fission webrender,,77,ms,firefox,444013274.0,1829306748,2024-01-19 13:26:37,579.5,4ec2b9afc62ae7c623f8c0ab5ced5f9ce44bcc0c,1362882,,,,,,,,,,,,,,,,,,,,,,,,,,,,,,,,,,,,,,,,,,,,,,,,,,,,,,,,,,,,,TN,TN
autoland,4060512,13,77a9707257b88d3b15060667769a2def98a71cff,windows10-64-shippable-qr,True,False,,|c|o|l|d| |f|i|s|s|i|o|n| |i|n|t|e|r|a|c|t|i|v|e| |w|e|b|r|e|n|d|e|r|,102210fe594ee9b33d82058545b1ed14f4c8206e,LastVisualChange,reddit-billgates-post-1.posts,True,reddit-billgates-post-1.posts LastVisualChange opt cold fission webrender,,77,ms,firefox,443955673.0,1828887835,2024-01-19 14:55:23,578.2,3aabb457a4630b878d121ef2eb9d2f0448847a6b,1362913,,,,,,,,,,,,,,,,,,,,,,,,,,,,,,,,,,,,,,,,,,,,,,,,,,,,,,,,,,,,,TN,TN
autoland,4060512,13,77a9707257b88d3b15060667769a2def98a71cff,windows10-64-shippable-qr,True,False,,|c|o|l|d| |f|i|s|s|i|o|n| |i|n|t|e|r|a|c|t|i|v|e| |w|e|b|r|e|n|d|e|r|,102210fe594ee9b33d82058545b1ed14f4c8206e,LastVisualChange,reddit-billgates-post-1.posts,True,reddit-billgates-post-1.posts LastVisualChange opt cold fission webrender,,77,ms,firefox,443979230.0,1828989658,2024-01-19 19:17:59,558.6,1ccd394332683308e570afe9039275d8e79be900,1363113,,,,,,,,,,,,,,,,,,,,,,,,,,,,,,,,,,,,,,,,,,,,,,,,,,,,,,,,,,,,,TN,TN
autoland,4060512,13,77a9707257b88d3b15060667769a2def98a71cff,windows10-64-shippable-qr,True,False,,|c|o|l|d| |f|i|s|s|i|o|n| |i|n|t|e|r|a|c|t|i|v|e| |w|e|b|r|e|n|d|e|r|,102210fe594ee9b33d82058545b1ed14f4c8206e,LastVisualChange,reddit-billgates-post-1.posts,True,reddit-billgates-post-1.posts LastVisualChange opt cold fission webrender,,77,ms,firefox,444005464.0,1829206252,2024-01-20 00:04:44,562.3,6d2ef7f226a0360135c1955b8805bd41d9af41e4,1363285,,,,,,,,,,,,,,,,,,,,,,,,,,,,,,,,,,,,,,,,,,,,,,,,,,,,,,,,,,,,,TN,TN
autoland,4060512,13,77a9707257b88d3b15060667769a2def98a71cff,windows10-64-shippable-qr,True,False,,|c|o|l|d| |f|i|s|s|i|o|n| |i|n|t|e|r|a|c|t|i|v|e| |w|e|b|r|e|n|d|e|r|,102210fe594ee9b33d82058545b1ed14f4c8206e,LastVisualChange,reddit-billgates-post-1.posts,True,reddit-billgates-post-1.posts LastVisualChange opt cold fission webrender,,77,ms,firefox,444012851.0,1829299765,2024-01-20 04:18:19,549.0,5471899cc9d0a7dfda174e9d7cfc986c2820eff8,1363367,,,,,,,,,,,,,,,,,,,,,,,,,,,,,,,,,,,,,,,,,,,,,,,,,,,,,,,,,,,,,TN,TN
autoland,4060512,13,77a9707257b88d3b15060667769a2def98a71cff,windows10-64-shippable-qr,True,False,,|c|o|l|d| |f|i|s|s|i|o|n| |i|n|t|e|r|a|c|t|i|v|e| |w|e|b|r|e|n|d|e|r|,102210fe594ee9b33d82058545b1ed14f4c8206e,LastVisualChange,reddit-billgates-post-1.posts,True,reddit-billgates-post-1.posts LastVisualChange opt cold fission webrender,,77,ms,firefox,444041053.0,1829485178,2024-01-21 00:59:25,579.0,4f4fa003a90f9d818ecfa36474300a11af18be25,1363463,,,,,,,,,,,,,,,,,,,,,,,,,,,,,,,,,,,,,,,,,,,,,,,,,,,,,,,,,,,,,TN,TN
autoland,4060512,13,77a9707257b88d3b15060667769a2def98a71cff,windows10-64-shippable-qr,True,False,,|c|o|l|d| |f|i|s|s|i|o|n| |i|n|t|e|r|a|c|t|i|v|e| |w|e|b|r|e|n|d|e|r|,102210fe594ee9b33d82058545b1ed14f4c8206e,LastVisualChange,reddit-billgates-post-1.posts,True,reddit-billgates-post-1.posts LastVisualChange opt cold fission webrender,,77,ms,firefox,444068734.0,1829585752,2024-01-21 14:36:57,568.3,0361c1f29babcfb2f10e1646dffe72cd452a3df4,1363517,,,,,,,,,,,,,,,,,,,,,,,,,,,,,,,,,,,,,,,,,,,,,,,,,,,,,,,,,,,,,TN,TN
autoland,4060512,13,77a9707257b88d3b15060667769a2def98a71cff,windows10-64-shippable-qr,True,False,,|c|o|l|d| |f|i|s|s|i|o|n| |i|n|t|e|r|a|c|t|i|v|e| |w|e|b|r|e|n|d|e|r|,102210fe594ee9b33d82058545b1ed14f4c8206e,LastVisualChange,reddit-billgates-post-1.posts,True,reddit-billgates-post-1.posts LastVisualChange opt cold fission webrender,,77,ms,firefox,444097908.0,1829701837,2024-01-22 07:43:27,569.1,6b4a069fe37d2413229dda3b61ccaf7b8f3a5f5d,1363663,,,,,,,,,,,,,,,,,,,,,,,,,,,,,,,,,,,,,,,,,,,,,,,,,,,,,,,,,,,,,TN,TN
autoland,4060512,13,77a9707257b88d3b15060667769a2def98a71cff,windows10-64-shippable-qr,True,False,,|c|o|l|d| |f|i|s|s|i|o|n| |i|n|t|e|r|a|c|t|i|v|e| |w|e|b|r|e|n|d|e|r|,102210fe594ee9b33d82058545b1ed14f4c8206e,LastVisualChange,reddit-billgates-post-1.posts,True,reddit-billgates-post-1.posts LastVisualChange opt cold fission webrender,,77,ms,firefox,444256703.0,1830377940,2024-01-22 09:29:20,562.2,f2c793f1a792004e2561484f40df1c1d0f3bce55,1363693,,,,,,,,,,,,,,,,,,,,,,,,,,,,,,,,,,,,,,,,,,,,,,,,,,,,,,,,,,,,,TN,TN
autoland,4060512,13,77a9707257b88d3b15060667769a2def98a71cff,windows10-64-shippable-qr,True,False,,|c|o|l|d| |f|i|s|s|i|o|n| |i|n|t|e|r|a|c|t|i|v|e| |w|e|b|r|e|n|d|e|r|,102210fe594ee9b33d82058545b1ed14f4c8206e,LastVisualChange,reddit-billgates-post-1.posts,True,reddit-billgates-post-1.posts LastVisualChange opt cold fission webrender,,77,ms,firefox,444256553.0,1830371264,2024-01-22 09:55:26,567.8,4de25e9a950057c7f2f7ca5b4730c41df1d2bfe1,1363706,,,,,,,,,,,,,,,,,,,,,,,,,,,,,,,,,,,,,,,,,,,,,,,,,,,,,,,,,,,,,TN,TN
autoland,4060512,13,77a9707257b88d3b15060667769a2def98a71cff,windows10-64-shippable-qr,True,False,,|c|o|l|d| |f|i|s|s|i|o|n| |i|n|t|e|r|a|c|t|i|v|e| |w|e|b|r|e|n|d|e|r|,102210fe594ee9b33d82058545b1ed14f4c8206e,LastVisualChange,reddit-billgates-post-1.posts,True,reddit-billgates-post-1.posts LastVisualChange opt cold fission webrender,,77,ms,firefox,444125983.0,1829840086,2024-01-22 10:58:56,559.0,095c9da9e10fc012c2e6a7d929fdcc7c03d09373,1363731,,,,,,,,,,,,,,,,,,,,,,,,,,,,,,,,,,,,,,,,,,,,,,,,,,,,,,,,,,,,,TN,TN
autoland,4060512,13,77a9707257b88d3b15060667769a2def98a71cff,windows10-64-shippable-qr,True,False,,|c|o|l|d| |f|i|s|s|i|o|n| |i|n|t|e|r|a|c|t|i|v|e| |w|e|b|r|e|n|d|e|r|,102210fe594ee9b33d82058545b1ed14f4c8206e,LastVisualChange,reddit-billgates-post-1.posts,True,reddit-billgates-post-1.posts LastVisualChange opt cold fission webrender,,77,ms,firefox,444162883.0,1829954174,2024-01-22 15:24:53,582.0,58cedc1e4ff28881f9ebd1749feaa24edbded9ce,1363894,,,,,,,,,,,,,,,,,,,,,,,,,,,,,,,,,,,,,,,,,,,,,,,,,,,,,,,,,,,,,TN,TN
autoland,4060512,13,77a9707257b88d3b15060667769a2def98a71cff,windows10-64-shippable-qr,True,False,,|c|o|l|d| |f|i|s|s|i|o|n| |i|n|t|e|r|a|c|t|i|v|e| |w|e|b|r|e|n|d|e|r|,102210fe594ee9b33d82058545b1ed14f4c8206e,LastVisualChange,reddit-billgates-post-1.posts,True,reddit-billgates-post-1.posts LastVisualChange opt cold fission webrender,,77,ms,firefox,444170212.0,1830029800,2024-01-22 15:55:20,576.2,82dfbdd770bc54674f82bae256dae683772884af,1363920,,,,,,,,,,,,,,,,,,,,,,,,,,,,,,,,,,,,,,,,,,,,,,,,,,,,,,,,,,,,,TN,TN
autoland,4060512,13,77a9707257b88d3b15060667769a2def98a71cff,windows10-64-shippable-qr,True,False,,|c|o|l|d| |f|i|s|s|i|o|n| |i|n|t|e|r|a|c|t|i|v|e| |w|e|b|r|e|n|d|e|r|,102210fe594ee9b33d82058545b1ed14f4c8206e,LastVisualChange,reddit-billgates-post-1.posts,True,reddit-billgates-post-1.posts LastVisualChange opt cold fission webrender,,77,ms,firefox,444198959.0,1830117413,2024-01-22 18:55:34,584.8,ef71d190cd57de7a178f312b29fc104e6e3e98d4,1364078,,,,,,,,,,,,,,,,,,,,,,,,,,,,,,,,,,,,,,,,,,,,,,,,,,,,,,,,,,,,,TN,TN
autoland,4060512,13,77a9707257b88d3b15060667769a2def98a71cff,windows10-64-shippable-qr,True,False,,|c|o|l|d| |f|i|s|s|i|o|n| |i|n|t|e|r|a|c|t|i|v|e| |w|e|b|r|e|n|d|e|r|,102210fe594ee9b33d82058545b1ed14f4c8206e,LastVisualChange,reddit-billgates-post-1.posts,True,reddit-billgates-post-1.posts LastVisualChange opt cold fission webrender,,77,ms,firefox,444233979.0,1830243288,2024-01-22 22:04:08,548.5,06bafd5cf7f34e757edddf2def6a98003c6b1643,1364244,,,,,,,,,,,,,,,,,,,,,,,,,,,,,,,,,,,,,,,,,,,,,,,,,,,,,,,,,,,,,TN,TN
autoland,4060512,13,77a9707257b88d3b15060667769a2def98a71cff,windows10-64-shippable-qr,True,False,,|c|o|l|d| |f|i|s|s|i|o|n| |i|n|t|e|r|a|c|t|i|v|e| |w|e|b|r|e|n|d|e|r|,102210fe594ee9b33d82058545b1ed14f4c8206e,LastVisualChange,reddit-billgates-post-1.posts,True,reddit-billgates-post-1.posts LastVisualChange opt cold fission webrender,,77,ms,firefox,444241327.0,1830285583,2024-01-23 00:22:14,598.2,43fa5aa71c8c00288a4fe686f0e4bf72e2f5f28d,1364332,,,,,,,,,,,,,,,,,,,,,,,,,,,,,,,,,,,,,,,,,,,,,,,,,,,,,,,,,,,,,TN,TN
autoland,4060512,13,77a9707257b88d3b15060667769a2def98a71cff,windows10-64-shippable-qr,True,False,,|c|o|l|d| |f|i|s|s|i|o|n| |i|n|t|e|r|a|c|t|i|v|e| |w|e|b|r|e|n|d|e|r|,102210fe594ee9b33d82058545b1ed14f4c8206e,LastVisualChange,reddit-billgates-post-1.posts,True,reddit-billgates-post-1.posts LastVisualChange opt cold fission webrender,,77,ms,firefox,444261308.0,1830424906,2024-01-23 05:54:31,541.6,fcdb6404eb0234c50bf85922bacad525da6851d5,1364408,,,,,,,,,,,,,,,,,,,,,,,,,,,,,,,,,,,,,,,,,,,,,,,,,,,,,,,,,,,,,TN,TN
autoland,4060512,13,77a9707257b88d3b15060667769a2def98a71cff,windows10-64-shippable-qr,True,False,,|c|o|l|d| |f|i|s|s|i|o|n| |i|n|t|e|r|a|c|t|i|v|e| |w|e|b|r|e|n|d|e|r|,102210fe594ee9b33d82058545b1ed14f4c8206e,LastVisualChange,reddit-billgates-post-1.posts,True,reddit-billgates-post-1.posts LastVisualChange opt cold fission webrender,,77,ms,firefox,444308752.0,1830644370,2024-01-23 14:14:29,568.5,296f1b67a4750aa2166832b5b9d8ba0eee6fe635,1364570,,,,,,,,,,,,,,,,,,,,,,,,,,,,,,,,,,,,,,,,,,,,,,,,,,,,,,,,,,,,,TN,TN
autoland,4060512,13,77a9707257b88d3b15060667769a2def98a71cff,windows10-64-shippable-qr,True,False,,|c|o|l|d| |f|i|s|s|i|o|n| |i|n|t|e|r|a|c|t|i|v|e| |w|e|b|r|e|n|d|e|r|,102210fe594ee9b33d82058545b1ed14f4c8206e,LastVisualChange,reddit-billgates-post-1.posts,True,reddit-billgates-post-1.posts LastVisualChange opt cold fission webrender,,77,ms,firefox,444318568.0,1830675291,2024-01-23 14:50:16,559.1,f3efca74da0f43269bd8ac07e2a5d27e89c4d7c3,1364607,,,,,,,,,,,,,,,,,,,,,,,,,,,,,,,,,,,,,,,,,,,,,,,,,,,,,,,,,,,,,TN,TN
autoland,4060512,13,77a9707257b88d3b15060667769a2def98a71cff,windows10-64-shippable-qr,True,False,,|c|o|l|d| |f|i|s|s|i|o|n| |i|n|t|e|r|a|c|t|i|v|e| |w|e|b|r|e|n|d|e|r|,102210fe594ee9b33d82058545b1ed14f4c8206e,LastVisualChange,reddit-billgates-post-1.posts,True,reddit-billgates-post-1.posts LastVisualChange opt cold fission webrender,,77,ms,firefox,444393716.0,1831081640,2024-01-23 15:33:06,588.5,cd7ab7cab97da5debfab77a966f3a8522c3dd916,1364661,,,,,,,,,,,,,,,,,,,,,,,,,,,,,,,,,,,,,,,,,,,,,,,,,,,,,,,,,,,,,TN,TN
autoland,4060512,13,77a9707257b88d3b15060667769a2def98a71cff,windows10-64-shippable-qr,True,False,,|c|o|l|d| |f|i|s|s|i|o|n| |i|n|t|e|r|a|c|t|i|v|e| |w|e|b|r|e|n|d|e|r|,102210fe594ee9b33d82058545b1ed14f4c8206e,LastVisualChange,reddit-billgates-post-1.posts,True,reddit-billgates-post-1.posts LastVisualChange opt cold fission webrender,,77,ms,firefox,444394280.0,1831092776,2024-01-23 15:33:54,555.7,c46a7cea75e6f516fea201de317fd0ebc3c20de2,1364664,,,,,,,,,,,,,,,,,,,,,,,,,,,,,,,,,,,,,,,,,,,,,,,,,,,,,,,,,,,,,TN,TN
autoland,4060512,13,77a9707257b88d3b15060667769a2def98a71cff,windows10-64-shippable-qr,True,False,,|c|o|l|d| |f|i|s|s|i|o|n| |i|n|t|e|r|a|c|t|i|v|e| |w|e|b|r|e|n|d|e|r|,102210fe594ee9b33d82058545b1ed14f4c8206e,LastVisualChange,reddit-billgates-post-1.posts,True,reddit-billgates-post-1.posts LastVisualChange opt cold fission webrender,,77,ms,firefox,444325722.0,1830782545,2024-01-23 16:09:55,559.1,936300bf2ee78e086143fb3718e2c0af755385b0,1364702,,,,,,,,,,,,,,,,,,,,,,,,,,,,,,,,,,,,,,,,,,,,,,,,,,,,,,,,,,,,,TN,TN
autoland,4060512,13,77a9707257b88d3b15060667769a2def98a71cff,windows10-64-shippable-qr,True,False,,|c|o|l|d| |f|i|s|s|i|o|n| |i|n|t|e|r|a|c|t|i|v|e| |w|e|b|r|e|n|d|e|r|,102210fe594ee9b33d82058545b1ed14f4c8206e,LastVisualChange,reddit-billgates-post-1.posts,True,reddit-billgates-post-1.posts LastVisualChange opt cold fission webrender,,77,ms,firefox,444345485.0,1830870179,2024-01-23 19:03:54,558.8,ec71bc6778c4bdb9b4a93283fc0a3d3f302eb89e,1364834,,,,,,,,,,,,,,,,,,,,,,,,,,,,,,,,,,,,,,,,,,,,,,,,,,,,,,,,,,,,,TN,TN
autoland,4060512,13,77a9707257b88d3b15060667769a2def98a71cff,windows10-64-shippable-qr,True,False,,|c|o|l|d| |f|i|s|s|i|o|n| |i|n|t|e|r|a|c|t|i|v|e| |w|e|b|r|e|n|d|e|r|,102210fe594ee9b33d82058545b1ed14f4c8206e,LastVisualChange,reddit-billgates-post-1.posts,True,reddit-billgates-post-1.posts LastVisualChange opt cold fission webrender,,77,ms,firefox,444372765.0,1831007842,2024-01-23 22:21:15,572.2,25e5c4ea04b149ffa31cda5c4d75559df5369612,1365024,,,,,,,,,,,,,,,,,,,,,,,,,,,,,,,,,,,,,,,,,,,,,,,,,,,,,,,,,,,,,TN,TN
autoland,4060512,13,77a9707257b88d3b15060667769a2def98a71cff,windows10-64-shippable-qr,True,False,,|c|o|l|d| |f|i|s|s|i|o|n| |i|n|t|e|r|a|c|t|i|v|e| |w|e|b|r|e|n|d|e|r|,102210fe594ee9b33d82058545b1ed14f4c8206e,LastVisualChange,reddit-billgates-post-1.posts,True,reddit-billgates-post-1.posts LastVisualChange opt cold fission webrender,,77,ms,firefox,444546786.0,1831809268,2024-01-24 01:36:46,553.8,9d584197c87fdcf2d80ad4dd2989ead88349b0c8,1365186,,,,,,,,,,,,,,,,,,,,,,,,,,,,,,,,,,,,,,,,,,,,,,,,,,,,,,,,,,,,,TN,TN
autoland,4060512,13,77a9707257b88d3b15060667769a2def98a71cff,windows10-64-shippable-qr,True,False,,|c|o|l|d| |f|i|s|s|i|o|n| |i|n|t|e|r|a|c|t|i|v|e| |w|e|b|r|e|n|d|e|r|,102210fe594ee9b33d82058545b1ed14f4c8206e,LastVisualChange,reddit-billgates-post-1.posts,True,reddit-billgates-post-1.posts LastVisualChange opt cold fission webrender,,77,ms,firefox,444390485.0,1831058235,2024-01-24 02:38:58,545.5,a0389da68b91e5a92b02ccd9e65991bffb5d5771,1365197,,,,,,,,,,,,,,,,,,,,,,,,,,,,,,,,,,,,,,,,,,,,,,,,,,,,,,,,,,,,,TN,TN
autoland,4060512,13,77a9707257b88d3b15060667769a2def98a71cff,windows10-64-shippable-qr,True,False,,|c|o|l|d| |f|i|s|s|i|o|n| |i|n|t|e|r|a|c|t|i|v|e| |w|e|b|r|e|n|d|e|r|,102210fe594ee9b33d82058545b1ed14f4c8206e,LastVisualChange,reddit-billgates-post-1.posts,True,reddit-billgates-post-1.posts LastVisualChange opt cold fission webrender,,77,ms,firefox,444406506.0,1831151088,2024-01-24 06:43:12,562.7,eed6f8e8fe3af01f49be74cc1be72d51e5a0933f,1365260,,,,,,,,,,,,,,,,,,,,,,,,,,,,,,,,,,,,,,,,,,,,,,,,,,,,,,,,,,,,,TN,TN
autoland,4060512,13,77a9707257b88d3b15060667769a2def98a71cff,windows10-64-shippable-qr,True,False,,|c|o|l|d| |f|i|s|s|i|o|n| |i|n|t|e|r|a|c|t|i|v|e| |w|e|b|r|e|n|d|e|r|,102210fe594ee9b33d82058545b1ed14f4c8206e,LastVisualChange,reddit-billgates-post-1.posts,True,reddit-billgates-post-1.posts LastVisualChange opt cold fission webrender,,77,ms,firefox,444406816.0,1831166695,2024-01-24 06:57:11,552.9,7079db6b8da9081aee6b0ce96b68f368efec3277,1365262,,,,,,,,,,,,,,,,,,,,,,,,,,,,,,,,,,,,,,,,,,,,,,,,,,,,,,,,,,,,,TN,TN
autoland,4060512,13,77a9707257b88d3b15060667769a2def98a71cff,windows10-64-shippable-qr,True,False,,|c|o|l|d| |f|i|s|s|i|o|n| |i|n|t|e|r|a|c|t|i|v|e| |w|e|b|r|e|n|d|e|r|,102210fe594ee9b33d82058545b1ed14f4c8206e,LastVisualChange,reddit-billgates-post-1.posts,True,reddit-billgates-post-1.posts LastVisualChange opt cold fission webrender,,77,ms,firefox,444458496.0,1831347543,2024-01-24 11:40:35,552.5,ce20634f32a1b78384fbbc028b4f86266056e7fb,1365369,,,,,,,,,,,,,,,,,,,,,,,,,,,,,,,,,,,,,,,,,,,,,,,,,,,,,,,,,,,,,TN,TN
autoland,4060512,13,77a9707257b88d3b15060667769a2def98a71cff,windows10-64-shippable-qr,True,False,,|c|o|l|d| |f|i|s|s|i|o|n| |i|n|t|e|r|a|c|t|i|v|e| |w|e|b|r|e|n|d|e|r|,102210fe594ee9b33d82058545b1ed14f4c8206e,LastVisualChange,reddit-billgates-post-1.posts,True,reddit-billgates-post-1.posts LastVisualChange opt cold fission webrender,,77,ms,firefox,444547917.0,1831846156,2024-01-24 13:36:01,591.4,be8632f7e7d18102bb10385103f6cef2a0615b03,1365437,,,,,,,,,,,,,,,,,,,,,,,,,,,,,,,,,,,,,,,,,,,,,,,,,,,,,,,,,,,,,TN,TN
autoland,4060512,13,77a9707257b88d3b15060667769a2def98a71cff,windows10-64-shippable-qr,True,False,,|c|o|l|d| |f|i|s|s|i|o|n| |i|n|t|e|r|a|c|t|i|v|e| |w|e|b|r|e|n|d|e|r|,102210fe594ee9b33d82058545b1ed14f4c8206e,LastVisualChange,reddit-billgates-post-1.posts,True,reddit-billgates-post-1.posts LastVisualChange opt cold fission webrender,,77,ms,firefox,444547089.0,1831825867,2024-01-24 14:06:56,568.8,848327e627b55c5a1265d68591ecf4c756ce58e5,1365454,,,,,,,,,,,,,,,,,,,,,,,,,,,,,,,,,,,,,,,,,,,,,,,,,,,,,,,,,,,,,TN,TN
autoland,4060512,13,77a9707257b88d3b15060667769a2def98a71cff,windows10-64-shippable-qr,True,False,,|c|o|l|d| |f|i|s|s|i|o|n| |i|n|t|e|r|a|c|t|i|v|e| |w|e|b|r|e|n|d|e|r|,102210fe594ee9b33d82058545b1ed14f4c8206e,LastVisualChange,reddit-billgates-post-1.posts,True,reddit-billgates-post-1.posts LastVisualChange opt cold fission webrender,,77,ms,firefox,444487505.0,1831510442,2024-01-24 16:03:05,579.3,150dd33322ea6d34c4829f8e67efe7e37be8c48e,1365533,,,,,,,,,,,,,,,,,,,,,,,,,,,,,,,,,,,,,,,,,,,,,,,,,,,,,,,,,,,,,TN,TN
autoland,4060512,13,77a9707257b88d3b15060667769a2def98a71cff,windows10-64-shippable-qr,True,False,,|c|o|l|d| |f|i|s|s|i|o|n| |i|n|t|e|r|a|c|t|i|v|e| |w|e|b|r|e|n|d|e|r|,102210fe594ee9b33d82058545b1ed14f4c8206e,LastVisualChange,reddit-billgates-post-1.posts,True,reddit-billgates-post-1.posts LastVisualChange opt cold fission webrender,,77,ms,firefox,444505506.0,1831599465,2024-01-24 18:01:21,578.1,e22428605dbb49942204564b03db80f474ea35ba,1365677,,,,,,,,,,,,,,,,,,,,,,,,,,,,,,,,,,,,,,,,,,,,,,,,,,,,,,,,,,,,,TN,TN
autoland,4060512,13,77a9707257b88d3b15060667769a2def98a71cff,windows10-64-shippable-qr,True,False,,|c|o|l|d| |f|i|s|s|i|o|n| |i|n|t|e|r|a|c|t|i|v|e| |w|e|b|r|e|n|d|e|r|,102210fe594ee9b33d82058545b1ed14f4c8206e,LastVisualChange,reddit-billgates-post-1.posts,True,reddit-billgates-post-1.posts LastVisualChange opt cold fission webrender,,77,ms,firefox,444530309.0,1831719405,2024-01-24 22:08:16,555.8,b8b82bd9546fe4e63cd5e9d29248d87665c548b8,1365907,,,,,,,,,,,,,,,,,,,,,,,,,,,,,,,,,,,,,,,,,,,,,,,,,,,,,,,,,,,,,TN,TN
autoland,4060512,13,77a9707257b88d3b15060667769a2def98a71cff,windows10-64-shippable-qr,True,False,,|c|o|l|d| |f|i|s|s|i|o|n| |i|n|t|e|r|a|c|t|i|v|e| |w|e|b|r|e|n|d|e|r|,102210fe594ee9b33d82058545b1ed14f4c8206e,LastVisualChange,reddit-billgates-post-1.posts,True,reddit-billgates-post-1.posts LastVisualChange opt cold fission webrender,,77,ms,firefox,444547749.0,1831838901,2024-01-25 05:05:51,552.3,ce5606473bf95f0899f69034525766ca9d0ed749,1366048,,,,,,,,,,,,,,,,,,,,,,,,,,,,,,,,,,,,,,,,,,,,,,,,,,,,,,,,,,,,,TN,TN
autoland,4060512,13,77a9707257b88d3b15060667769a2def98a71cff,windows10-64-shippable-qr,True,False,,|c|o|l|d| |f|i|s|s|i|o|n| |i|n|t|e|r|a|c|t|i|v|e| |w|e|b|r|e|n|d|e|r|,102210fe594ee9b33d82058545b1ed14f4c8206e,LastVisualChange,reddit-billgates-post-1.posts,True,reddit-billgates-post-1.posts LastVisualChange opt cold fission webrender,,77,ms,firefox,444564072.0,1831901715,2024-01-25 07:56:38,566.1,c0289f78466cf0bf8a6871ef3417c180aab77e07,1366087,,,,,,,,,,,,,,,,,,,,,,,,,,,,,,,,,,,,,,,,,,,,,,,,,,,,,,,,,,,,,TN,TN
autoland,4060512,13,77a9707257b88d3b15060667769a2def98a71cff,windows10-64-shippable-qr,True,False,,|c|o|l|d| |f|i|s|s|i|o|n| |i|n|t|e|r|a|c|t|i|v|e| |w|e|b|r|e|n|d|e|r|,102210fe594ee9b33d82058545b1ed14f4c8206e,LastVisualChange,reddit-billgates-post-1.posts,True,reddit-billgates-post-1.posts LastVisualChange opt cold fission webrender,,77,ms,firefox,444598226.0,1832035921,2024-01-25 12:05:33,575.3,c746000752516a4b8ede1f6a5c7b2f4be12a33d7,1366202,,,,,,,,,,,,,,,,,,,,,,,,,,,,,,,,,,,,,,,,,,,,,,,,,,,,,,,,,,,,,TN,TN
autoland,4060512,13,77a9707257b88d3b15060667769a2def98a71cff,windows10-64-shippable-qr,True,False,,|c|o|l|d| |f|i|s|s|i|o|n| |i|n|t|e|r|a|c|t|i|v|e| |w|e|b|r|e|n|d|e|r|,102210fe594ee9b33d82058545b1ed14f4c8206e,LastVisualChange,reddit-billgates-post-1.posts,True,reddit-billgates-post-1.posts LastVisualChange opt cold fission webrender,,77,ms,firefox,444619188.0,1832147451,2024-01-25 15:26:29,569.3,34f197ce93a24d93523617eba67ecee2e990c37c,1366326,,,,,,,,,,,,,,,,,,,,,,,,,,,,,,,,,,,,,,,,,,,,,,,,,,,,,,,,,,,,,TN,TN
autoland,4060512,13,77a9707257b88d3b15060667769a2def98a71cff,windows10-64-shippable-qr,True,False,,|c|o|l|d| |f|i|s|s|i|o|n| |i|n|t|e|r|a|c|t|i|v|e| |w|e|b|r|e|n|d|e|r|,102210fe594ee9b33d82058545b1ed14f4c8206e,LastVisualChange,reddit-billgates-post-1.posts,True,reddit-billgates-post-1.posts LastVisualChange opt cold fission webrender,,77,ms,firefox,444651444.0,1832354230,2024-01-25 20:50:47,581.3,dd2a416c0c76b4cc9f6161d6be89aa7356e4eae5,1366563,,,,,,,,,,,,,,,,,,,,,,,,,,,,,,,,,,,,,,,,,,,,,,,,,,,,,,,,,,,,,TN,TN
autoland,4060512,13,77a9707257b88d3b15060667769a2def98a71cff,windows10-64-shippable-qr,True,False,,|c|o|l|d| |f|i|s|s|i|o|n| |i|n|t|e|r|a|c|t|i|v|e| |w|e|b|r|e|n|d|e|r|,102210fe594ee9b33d82058545b1ed14f4c8206e,LastVisualChange,reddit-billgates-post-1.posts,True,reddit-billgates-post-1.posts LastVisualChange opt cold fission webrender,,77,ms,firefox,444651150.0,1832333030,2024-01-25 20:51:29,592.3,5da1e842ef70c74d8ed72128e460f75b633fae95,1366564,,,,,,,,,,,,,,,,,,,,,,,,,,,,,,,,,,,,,,,,,,,,,,,,,,,,,,,,,,,,,TN,TN
autoland,4060512,13,77a9707257b88d3b15060667769a2def98a71cff,windows10-64-shippable-qr,True,False,,|c|o|l|d| |f|i|s|s|i|o|n| |i|n|t|e|r|a|c|t|i|v|e| |w|e|b|r|e|n|d|e|r|,102210fe594ee9b33d82058545b1ed14f4c8206e,LastVisualChange,reddit-billgates-post-1.posts,True,reddit-billgates-post-1.posts LastVisualChange opt cold fission webrender,,77,ms,firefox,444688534.0,1832510295,2024-01-26 03:41:27,572.2,a412d893c38f632f34b44a9c5b3fd8cc30bb87be,1366751,,,,,,,,,,,,,,,,,,,,,,,,,,,,,,,,,,,,,,,,,,,,,,,,,,,,,,,,,,,,,TN,TN
autoland,4060512,13,77a9707257b88d3b15060667769a2def98a71cff,windows10-64-shippable-qr,True,False,,|c|o|l|d| |f|i|s|s|i|o|n| |i|n|t|e|r|a|c|t|i|v|e| |w|e|b|r|e|n|d|e|r|,102210fe594ee9b33d82058545b1ed14f4c8206e,LastVisualChange,reddit-billgates-post-1.posts,True,reddit-billgates-post-1.posts LastVisualChange opt cold fission webrender,,77,ms,firefox,444743702.0,1832731972,2024-01-26 11:04:34,585.8,18f5823716e4c35d7c899d2ce4be7fcd66cab9d0,1366921,,,,,,,,,,,,,,,,,,,,,,,,,,,,,,,,,,,,,,,,,,,,,,,,,,,,,,,,,,,,,TN,TN
autoland,4060512,13,77a9707257b88d3b15060667769a2def98a71cff,windows10-64-shippable-qr,True,False,,|c|o|l|d| |f|i|s|s|i|o|n| |i|n|t|e|r|a|c|t|i|v|e| |w|e|b|r|e|n|d|e|r|,102210fe594ee9b33d82058545b1ed14f4c8206e,LastVisualChange,reddit-billgates-post-1.posts,True,reddit-billgates-post-1.posts LastVisualChange opt cold fission webrender,,77,ms,firefox,444784448.0,1832939067,2024-01-26 15:49:43,561.6,19005661ad786853d186a7d3434e6c290bccaa95,1367044,,,,,,,,,,,,,,,,,,,,,,,,,,,,,,,,,,,,,,,,,,,,,,,,,,,,,,,,,,,,,TN,TN
autoland,4060512,13,77a9707257b88d3b15060667769a2def98a71cff,windows10-64-shippable-qr,True,False,,|c|o|l|d| |f|i|s|s|i|o|n| |i|n|t|e|r|a|c|t|i|v|e| |w|e|b|r|e|n|d|e|r|,102210fe594ee9b33d82058545b1ed14f4c8206e,LastVisualChange,reddit-billgates-post-1.posts,True,reddit-billgates-post-1.posts LastVisualChange opt cold fission webrender,,77,ms,firefox,444785743.0,1832964805,2024-01-26 15:52:38,558.5,4641c3dcf0c3cfbdc8976f2fcc6898107149e19e,1367050,,,,,,,,,,,,,,,,,,,,,,,,,,,,,,,,,,,,,,,,,,,,,,,,,,,,,,,,,,,,,TN,TN
autoland,4060512,13,77a9707257b88d3b15060667769a2def98a71cff,windows10-64-shippable-qr,True,False,,|c|o|l|d| |f|i|s|s|i|o|n| |i|n|t|e|r|a|c|t|i|v|e| |w|e|b|r|e|n|d|e|r|,102210fe594ee9b33d82058545b1ed14f4c8206e,LastVisualChange,reddit-billgates-post-1.posts,True,reddit-billgates-post-1.posts LastVisualChange opt cold fission webrender,,77,ms,firefox,444817066.0,1833144095,2024-01-26 20:02:47,568.9,38fb47dac16804e3d5c8211277f084198e43de88,1367207,,,,,,,,,,,,,,,,,,,,,,,,,,,,,,,,,,,,,,,,,,,,,,,,,,,,,,,,,,,,,TN,TN
autoland,4060512,13,77a9707257b88d3b15060667769a2def98a71cff,windows10-64-shippable-qr,True,False,,|c|o|l|d| |f|i|s|s|i|o|n| |i|n|t|e|r|a|c|t|i|v|e| |w|e|b|r|e|n|d|e|r|,102210fe594ee9b33d82058545b1ed14f4c8206e,LastVisualChange,reddit-billgates-post-1.posts,True,reddit-billgates-post-1.posts LastVisualChange opt cold fission webrender,,77,ms,firefox,444810503.0,1833095807,2024-01-26 20:05:08,558.5,ac4906fa040ce76ad5ea8f73caf83045f291b613,1367213,,,,,,,,,,,,,,,,,,,,,,,,,,,,,,,,,,,,,,,,,,,,,,,,,,,,,,,,,,,,,TN,TN
autoland,4060512,13,77a9707257b88d3b15060667769a2def98a71cff,windows10-64-shippable-qr,True,False,,|c|o|l|d| |f|i|s|s|i|o|n| |i|n|t|e|r|a|c|t|i|v|e| |w|e|b|r|e|n|d|e|r|,102210fe594ee9b33d82058545b1ed14f4c8206e,LastVisualChange,reddit-billgates-post-1.posts,True,reddit-billgates-post-1.posts LastVisualChange opt cold fission webrender,,77,ms,firefox,444836233.0,1833235665,2024-01-27 00:32:58,575.7,99babcb9f349f4d91fe26290269d9d25fc1bbd04,1367362,,,,,,,,,,,,,,,,,,,,,,,,,,,,,,,,,,,,,,,,,,,,,,,,,,,,,,,,,,,,,TN,TN
autoland,4060512,13,77a9707257b88d3b15060667769a2def98a71cff,windows10-64-shippable-qr,True,False,,|c|o|l|d| |f|i|s|s|i|o|n| |i|n|t|e|r|a|c|t|i|v|e| |w|e|b|r|e|n|d|e|r|,102210fe594ee9b33d82058545b1ed14f4c8206e,LastVisualChange,reddit-billgates-post-1.posts,True,reddit-billgates-post-1.posts LastVisualChange opt cold fission webrender,,77,ms,firefox,444853858.0,1833424520,2024-01-27 06:05:38,610.5,1e79d9e65ec0577bb7d698c86edc6f35b4f92ce8,1367422,,,,,,,,,,,,,,,,,,,,,,,,,,,,,,,,,,,,,,,,,,,,,,,,,,,,,,,,,,,,,TN,TN
autoland,4060512,13,77a9707257b88d3b15060667769a2def98a71cff,windows10-64-shippable-qr,True,False,,|c|o|l|d| |f|i|s|s|i|o|n| |i|n|t|e|r|a|c|t|i|v|e| |w|e|b|r|e|n|d|e|r|,102210fe594ee9b33d82058545b1ed14f4c8206e,LastVisualChange,reddit-billgates-post-1.posts,True,reddit-billgates-post-1.posts LastVisualChange opt cold fission webrender,,77,ms,firefox,444882242.0,1833607406,2024-01-27 14:01:44,559.2,09a1abcfcfb73aa1ae9781d2816102729c0f82a6,1367473,,,,,,,,,,,,,,,,,,,,,,,,,,,,,,,,,,,,,,,,,,,,,,,,,,,,,,,,,,,,,TN,TN
autoland,4060512,13,77a9707257b88d3b15060667769a2def98a71cff,windows10-64-shippable-qr,True,False,,|c|o|l|d| |f|i|s|s|i|o|n| |i|n|t|e|r|a|c|t|i|v|e| |w|e|b|r|e|n|d|e|r|,102210fe594ee9b33d82058545b1ed14f4c8206e,LastVisualChange,reddit-billgates-post-1.posts,True,reddit-billgates-post-1.posts LastVisualChange opt cold fission webrender,,77,ms,firefox,444900569.0,1833734326,2024-01-28 01:17:56,559.5,2e376c0d1662606cf6811ab3ff138b784d465291,1367530,,,,,,,,,,,,,,,,,,,,,,,,,,,,,,,,,,,,,,,,,,,,,,,,,,,,,,,,,,,,,TN,TN
autoland,4060512,13,77a9707257b88d3b15060667769a2def98a71cff,windows10-64-shippable-qr,True,False,,|c|o|l|d| |f|i|s|s|i|o|n| |i|n|t|e|r|a|c|t|i|v|e| |w|e|b|r|e|n|d|e|r|,102210fe594ee9b33d82058545b1ed14f4c8206e,LastVisualChange,reddit-billgates-post-1.posts,True,reddit-billgates-post-1.posts LastVisualChange opt cold fission webrender,,77,ms,firefox,444905078.0,1833761617,2024-01-28 06:00:30,569.0,0f372a16b1e1e959f46701e4210f6a6eaf4e40ec,1367545,,,,,,,,,,,,,,,,,,,,,,,,,,,,,,,,,,,,,,,,,,,,,,,,,,,,,,,,,,,,,TN,TN
autoland,4060512,13,77a9707257b88d3b15060667769a2def98a71cff,windows10-64-shippable-qr,True,False,,|c|o|l|d| |f|i|s|s|i|o|n| |i|n|t|e|r|a|c|t|i|v|e| |w|e|b|r|e|n|d|e|r|,102210fe594ee9b33d82058545b1ed14f4c8206e,LastVisualChange,reddit-billgates-post-1.posts,True,reddit-billgates-post-1.posts LastVisualChange opt cold fission webrender,,77,ms,firefox,444937735.0,1833905269,2024-01-28 10:01:02,585.2,9b32d8116833ab08f4e3f0b18c12587ac1f9360b,1367556,,,,,,,,,,,,,,,,,,,,,,,,,,,,,,,,,,,,,,,,,,,,,,,,,,,,,,,,,,,,,TN,TN
autoland,4060512,13,77a9707257b88d3b15060667769a2def98a71cff,windows10-64-shippable-qr,True,False,,|c|o|l|d| |f|i|s|s|i|o|n| |i|n|t|e|r|a|c|t|i|v|e| |w|e|b|r|e|n|d|e|r|,102210fe594ee9b33d82058545b1ed14f4c8206e,LastVisualChange,reddit-billgates-post-1.posts,True,reddit-billgates-post-1.posts LastVisualChange opt cold fission webrender,,77,ms,firefox,444947233.0,1833986249,2024-01-28 14:31:15,559.1,13780f5cb2f5d698f35a23f2fafa1593ef7affe9,1367584,,,,,,,,,,,,,,,,,,,,,,,,,,,,,,,,,,,,,,,,,,,,,,,,,,,,,,,,,,,,,TN,TN
autoland,4060512,13,77a9707257b88d3b15060667769a2def98a71cff,windows10-64-shippable-qr,True,False,,|c|o|l|d| |f|i|s|s|i|o|n| |i|n|t|e|r|a|c|t|i|v|e| |w|e|b|r|e|n|d|e|r|,102210fe594ee9b33d82058545b1ed14f4c8206e,LastVisualChange,reddit-billgates-post-1.posts,True,reddit-billgates-post-1.posts LastVisualChange opt cold fission webrender,,77,ms,firefox,444969882.0,1834092230,2024-01-29 01:40:26,575.7,852acff05fb8be21502af8fc12cceeb2baa70dd7,1367631,,,,,,,,,,,,,,,,,,,,,,,,,,,,,,,,,,,,,,,,,,,,,,,,,,,,,,,,,,,,,TN,TN
autoland,4060512,13,77a9707257b88d3b15060667769a2def98a71cff,windows10-64-shippable-qr,True,False,,|c|o|l|d| |f|i|s|s|i|o|n| |i|n|t|e|r|a|c|t|i|v|e| |w|e|b|r|e|n|d|e|r|,102210fe594ee9b33d82058545b1ed14f4c8206e,LastVisualChange,reddit-billgates-post-1.posts,True,reddit-billgates-post-1.posts LastVisualChange opt cold fission webrender,,77,ms,firefox,445012455.0,1834307055,2024-01-29 10:50:01,568.0,fce9e73861891da48d1a0b85240491fa3e042f8b,1367743,,,,,,,,,,,,,,,,,,,,,,,,,,,,,,,,,,,,,,,,,,,,,,,,,,,,,,,,,,,,,TN,TN
autoland,4060512,13,77a9707257b88d3b15060667769a2def98a71cff,windows10-64-shippable-qr,True,False,,|c|o|l|d| |f|i|s|s|i|o|n| |i|n|t|e|r|a|c|t|i|v|e| |w|e|b|r|e|n|d|e|r|,102210fe594ee9b33d82058545b1ed14f4c8206e,LastVisualChange,reddit-billgates-post-1.posts,True,reddit-billgates-post-1.posts LastVisualChange opt cold fission webrender,,77,ms,firefox,445046042.0,1834436487,2024-01-29 14:53:09,555.5,97de3c8a7931e01c1a1c1cf6ac90a580607b77c9,1367876,,,,,,,,,,,,,,,,,,,,,,,,,,,,,,,,,,,,,,,,,,,,,,,,,,,,,,,,,,,,,TN,TN
autoland,4060512,13,77a9707257b88d3b15060667769a2def98a71cff,windows10-64-shippable-qr,True,False,,|c|o|l|d| |f|i|s|s|i|o|n| |i|n|t|e|r|a|c|t|i|v|e| |w|e|b|r|e|n|d|e|r|,102210fe594ee9b33d82058545b1ed14f4c8206e,LastVisualChange,reddit-billgates-post-1.posts,True,reddit-billgates-post-1.posts LastVisualChange opt cold fission webrender,,77,ms,firefox,445060594.0,1834475737,2024-01-29 14:59:33,551.9,8e91f5176c0f6e1689a893ed34d5046dbbd1122e,1367883,,,,,,,,,,,,,,,,,,,,,,,,,,,,,,,,,,,,,,,,,,,,,,,,,,,,,,,,,,,,,TN,TN
autoland,4060512,13,77a9707257b88d3b15060667769a2def98a71cff,windows10-64-shippable-qr,True,False,,|c|o|l|d| |f|i|s|s|i|o|n| |i|n|t|e|r|a|c|t|i|v|e| |w|e|b|r|e|n|d|e|r|,102210fe594ee9b33d82058545b1ed14f4c8206e,LastVisualChange,reddit-billgates-post-1.posts,True,reddit-billgates-post-1.posts LastVisualChange opt cold fission webrender,,77,ms,firefox,445074534.0,1834572349,2024-01-29 17:46:45,589.9,8913eab3409d19e1cf1a2c19f256256c293b3154,1368035,,,,,,,,,,,,,,,,,,,,,,,,,,,,,,,,,,,,,,,,,,,,,,,,,,,,,,,,,,,,,TN,TN
autoland,4060512,13,77a9707257b88d3b15060667769a2def98a71cff,windows10-64-shippable-qr,True,False,,|c|o|l|d| |f|i|s|s|i|o|n| |i|n|t|e|r|a|c|t|i|v|e| |w|e|b|r|e|n|d|e|r|,102210fe594ee9b33d82058545b1ed14f4c8206e,LastVisualChange,reddit-billgates-post-1.posts,True,reddit-billgates-post-1.posts LastVisualChange opt cold fission webrender,,77,ms,firefox,445097021.0,1834653735,2024-01-29 21:21:15,558.6,57a27d8b6d2a7f1f5c1ec710e4a09422fb9c05e1,1368229,,,,,,,,,,,,,,,,,,,,,,,,,,,,,,,,,,,,,,,,,,,,,,,,,,,,,,,,,,,,,TN,TN
autoland,4060512,13,77a9707257b88d3b15060667769a2def98a71cff,windows10-64-shippable-qr,True,False,,|c|o|l|d| |f|i|s|s|i|o|n| |i|n|t|e|r|a|c|t|i|v|e| |w|e|b|r|e|n|d|e|r|,102210fe594ee9b33d82058545b1ed14f4c8206e,LastVisualChange,reddit-billgates-post-1.posts,True,reddit-billgates-post-1.posts LastVisualChange opt cold fission webrender,,77,ms,firefox,445126049.0,1834817317,2024-01-29 23:10:28,594.6,b762b1918611946f2efce40512efc3b9e5dffeb4,1368268,,,,,,,,,,,,,,,,,,,,,,,,,,,,,,,,,,,,,,,,,,,,,,,,,,,,,,,,,,,,,TN,TN
autoland,4060512,13,77a9707257b88d3b15060667769a2def98a71cff,windows10-64-shippable-qr,True,False,,|c|o|l|d| |f|i|s|s|i|o|n| |i|n|t|e|r|a|c|t|i|v|e| |w|e|b|r|e|n|d|e|r|,102210fe594ee9b33d82058545b1ed14f4c8206e,LastVisualChange,reddit-billgates-post-1.posts,True,reddit-billgates-post-1.posts LastVisualChange opt cold fission webrender,,77,ms,firefox,445125307.0,1834784786,2024-01-29 23:11:10,567.9,cf44126862404cba2f62cb4052b457b4a17052c2,1368269,,,,,,,,,,,,,,,,,,,,,,,,,,,,,,,,,,,,,,,,,,,,,,,,,,,,,,,,,,,,,TN,TN
autoland,4060512,13,77a9707257b88d3b15060667769a2def98a71cff,windows10-64-shippable-qr,True,False,,|c|o|l|d| |f|i|s|s|i|o|n| |i|n|t|e|r|a|c|t|i|v|e| |w|e|b|r|e|n|d|e|r|,102210fe594ee9b33d82058545b1ed14f4c8206e,LastVisualChange,reddit-billgates-post-1.posts,True,reddit-billgates-post-1.posts LastVisualChange opt cold fission webrender,,77,ms,firefox,445116181.0,1834734919,2024-01-30 01:21:53,560.5,265910d5bfe79cc856e1c18d9e403fed38ee5a79,1368286,,,,,,,,,,,,,,,,,,,,,,,,,,,,,,,,,,,,,,,,,,,,,,,,,,,,,,,,,,,,,TN,TN
autoland,4060512,13,77a9707257b88d3b15060667769a2def98a71cff,windows10-64-shippable-qr,True,False,,|c|o|l|d| |f|i|s|s|i|o|n| |i|n|t|e|r|a|c|t|i|v|e| |w|e|b|r|e|n|d|e|r|,102210fe594ee9b33d82058545b1ed14f4c8206e,LastVisualChange,reddit-billgates-post-1.posts,True,reddit-billgates-post-1.posts LastVisualChange opt cold fission webrender,,77,ms,firefox,445291862.0,1835769145,2024-01-30 02:38:36,575.6,ab57d25172caf6ccb530b4064f03630a54325d5d,1368358,,,,,,,,,,,,,,,,,,,,,,,,,,,,,,,,,,,,,,,,,,,,,,,,,,,,,,,,,,,,,TN,TN
autoland,4060512,13,77a9707257b88d3b15060667769a2def98a71cff,windows10-64-shippable-qr,True,False,,|c|o|l|d| |f|i|s|s|i|o|n| |i|n|t|e|r|a|c|t|i|v|e| |w|e|b|r|e|n|d|e|r|,102210fe594ee9b33d82058545b1ed14f4c8206e,LastVisualChange,reddit-billgates-post-1.posts,True,reddit-billgates-post-1.posts LastVisualChange opt cold fission webrender,,77,ms,firefox,445283332.0,1835722174,2024-01-30 02:48:40,562.8,5d6eda16e0084bfea54586bd3a7cecf7c6a2c86b,1368362,,,,,,,,,,,,,,,,,,,,,,,,,,,,,,,,,,,,,,,,,,,,,,,,,,,,,,,,,,,,,TN,TN
autoland,4060512,13,77a9707257b88d3b15060667769a2def98a71cff,windows10-64-shippable-qr,True,False,,|c|o|l|d| |f|i|s|s|i|o|n| |i|n|t|e|r|a|c|t|i|v|e| |w|e|b|r|e|n|d|e|r|,102210fe594ee9b33d82058545b1ed14f4c8206e,LastVisualChange,reddit-billgates-post-1.posts,True,reddit-billgates-post-1.posts LastVisualChange opt cold fission webrender,,77,ms,firefox,445190545.0,1835348156,2024-01-30 13:09:07,559.3,a9528d76a91bc50db12b4a18830536bb25a6e378,1368599,,,,,,,,,,,,,,,,,,,,,,,,,,,,,,,,,,,,,,,,,,,,,,,,,,,,,,,,,,,,,TN,TN
autoland,4060512,13,77a9707257b88d3b15060667769a2def98a71cff,windows10-64-shippable-qr,True,False,,|c|o|l|d| |f|i|s|s|i|o|n| |i|n|t|e|r|a|c|t|i|v|e| |w|e|b|r|e|n|d|e|r|,102210fe594ee9b33d82058545b1ed14f4c8206e,LastVisualChange,reddit-billgates-post-1.posts,True,reddit-billgates-post-1.posts LastVisualChange opt cold fission webrender,,77,ms,firefox,445186827.0,1835246448,2024-01-30 13:14:31,546.1,91338712d82fcf42896cfc451e6341a5b95963b8,1368603,,,,,,,,,,,,,,,,,,,,,,,,,,,,,,,,,,,,,,,,,,,,,,,,,,,,,,,,,,,,,TN,TN
autoland,4060512,13,77a9707257b88d3b15060667769a2def98a71cff,windows10-64-shippable-qr,True,False,,|c|o|l|d| |f|i|s|s|i|o|n| |i|n|t|e|r|a|c|t|i|v|e| |w|e|b|r|e|n|d|e|r|,102210fe594ee9b33d82058545b1ed14f4c8206e,LastVisualChange,reddit-billgates-post-1.posts,True,reddit-billgates-post-1.posts LastVisualChange opt cold fission webrender,,77,ms,firefox,445287265.0,1835744222,2024-01-30 13:22:04,561.7,5eb08718b0d730bce22d08716392a14c090bbc8c,1368619,,,,,,,,,,,,,,,,,,,,,,,,,,,,,,,,,,,,,,,,,,,,,,,,,,,,,,,,,,,,,TN,TN
autoland,4060512,13,77a9707257b88d3b15060667769a2def98a71cff,windows10-64-shippable-qr,True,False,,|c|o|l|d| |f|i|s|s|i|o|n| |i|n|t|e|r|a|c|t|i|v|e| |w|e|b|r|e|n|d|e|r|,102210fe594ee9b33d82058545b1ed14f4c8206e,LastVisualChange,reddit-billgates-post-1.posts,True,reddit-billgates-post-1.posts LastVisualChange opt cold fission webrender,,77,ms,firefox,445283262.0,1835716694,2024-01-30 13:22:56,566.2,303334fc1459c8674765c0b5561251b283be50b9,1368620,,,,,,,,,,,,,,,,,,,,,,,,,,,,,,,,,,,,,,,,,,,,,,,,,,,,,,,,,,,,,TN,TN
autoland,4060512,13,77a9707257b88d3b15060667769a2def98a71cff,windows10-64-shippable-qr,True,False,,|c|o|l|d| |f|i|s|s|i|o|n| |i|n|t|e|r|a|c|t|i|v|e| |w|e|b|r|e|n|d|e|r|,102210fe594ee9b33d82058545b1ed14f4c8206e,LastVisualChange,reddit-billgates-post-1.posts,True,reddit-billgates-post-1.posts LastVisualChange opt cold fission webrender,,77,ms,firefox,445196229.0,1835431464,2024-01-30 14:29:15,549.4,1ac69623ae79a621c0035377f0841b1ba83070c1,1368655,,,,,,,,,,,,,,,,,,,,,,,,,,,,,,,,,,,,,,,,,,,,,,,,,,,,,,,,,,,,,TN,TN
autoland,4060512,13,77a9707257b88d3b15060667769a2def98a71cff,windows10-64-shippable-qr,True,False,,|c|o|l|d| |f|i|s|s|i|o|n| |i|n|t|e|r|a|c|t|i|v|e| |w|e|b|r|e|n|d|e|r|,102210fe594ee9b33d82058545b1ed14f4c8206e,LastVisualChange,reddit-billgates-post-1.posts,True,reddit-billgates-post-1.posts LastVisualChange opt cold fission webrender,,77,ms,firefox,445238107.0,1835449817,2024-01-30 18:56:21,587.0,a3dd43748dcdec6a27a5c140bfd611d463cd9acf,1368858,,,,,,,,,,,,,,,,,,,,,,,,,,,,,,,,,,,,,,,,,,,,,,,,,,,,,,,,,,,,,TN,TN
autoland,4060512,13,77a9707257b88d3b15060667769a2def98a71cff,windows10-64-shippable-qr,True,False,,|c|o|l|d| |f|i|s|s|i|o|n| |i|n|t|e|r|a|c|t|i|v|e| |w|e|b|r|e|n|d|e|r|,102210fe594ee9b33d82058545b1ed14f4c8206e,LastVisualChange,reddit-billgates-post-1.posts,True,reddit-billgates-post-1.posts LastVisualChange opt cold fission webrender,,77,ms,firefox,445249536.0,1835518308,2024-01-30 20:08:25,559.4,06b0ce1a9748e18deb48466efed01c1f5a8ff984,1368918,,,,,,,,,,,,,,,,,,,,,,,,,,,,,,,,,,,,,,,,,,,,,,,,,,,,,,,,,,,,,TN,TN
autoland,4060512,13,77a9707257b88d3b15060667769a2def98a71cff,windows10-64-shippable-qr,True,False,,|c|o|l|d| |f|i|s|s|i|o|n| |i|n|t|e|r|a|c|t|i|v|e| |w|e|b|r|e|n|d|e|r|,102210fe594ee9b33d82058545b1ed14f4c8206e,LastVisualChange,reddit-billgates-post-1.posts,True,reddit-billgates-post-1.posts LastVisualChange opt cold fission webrender,,77,ms,firefox,445292805.0,1835810914,2024-01-30 20:13:45,542.8,63688f915f53e04177a572d08a5064a8a019c0ba,1368925,,,,,,,,,,,,,,,,,,,,,,,,,,,,,,,,,,,,,,,,,,,,,,,,,,,,,,,,,,,,,TN,TN
autoland,4060512,13,77a9707257b88d3b15060667769a2def98a71cff,windows10-64-shippable-qr,True,False,,|c|o|l|d| |f|i|s|s|i|o|n| |i|n|t|e|r|a|c|t|i|v|e| |w|e|b|r|e|n|d|e|r|,102210fe594ee9b33d82058545b1ed14f4c8206e,LastVisualChange,reddit-billgates-post-1.posts,True,reddit-billgates-post-1.posts LastVisualChange opt cold fission webrender,,77,ms,firefox,445291775.0,1835761144,2024-01-30 20:14:27,578.9,e2dede5cbdb79929f778f477a6c8b412f31ea798,1368926,,,,,,,,,,,,,,,,,,,,,,,,,,,,,,,,,,,,,,,,,,,,,,,,,,,,,,,,,,,,,TN,TN
autoland,4060512,13,77a9707257b88d3b15060667769a2def98a71cff,windows10-64-shippable-qr,True,False,,|c|o|l|d| |f|i|s|s|i|o|n| |i|n|t|e|r|a|c|t|i|v|e| |w|e|b|r|e|n|d|e|r|,102210fe594ee9b33d82058545b1ed14f4c8206e,LastVisualChange,reddit-billgates-post-1.posts,True,reddit-billgates-post-1.posts LastVisualChange opt cold fission webrender,,77,ms,firefox,445276081.0,1835649929,2024-01-31 00:31:01,562.1,e35109546c3cb0f5957a604c27f5f1dd2b7f81c0,1369086,,,,,,,,,,,,,,,,,,,,,,,,,,,,,,,,,,,,,,,,,,,,,,,,,,,,,,,,,,,,,TN,TN
autoland,4060512,13,77a9707257b88d3b15060667769a2def98a71cff,windows10-64-shippable-qr,True,False,,|c|o|l|d| |f|i|s|s|i|o|n| |i|n|t|e|r|a|c|t|i|v|e| |w|e|b|r|e|n|d|e|r|,102210fe594ee9b33d82058545b1ed14f4c8206e,LastVisualChange,reddit-billgates-post-1.posts,True,reddit-billgates-post-1.posts LastVisualChange opt cold fission webrender,,77,ms,firefox,445278527.0,1835682864,2024-01-31 00:32:30,547.9,2cac2f68bfdcfc9012c537044bc475f076bda7b0,1369088,,,,,,,,,,,,,,,,,,,,,,,,,,,,,,,,,,,,,,,,,,,,,,,,,,,,,,,,,,,,,TN,TN
autoland,4060512,13,77a9707257b88d3b15060667769a2def98a71cff,windows10-64-shippable-qr,True,False,,|c|o|l|d| |f|i|s|s|i|o|n| |i|n|t|e|r|a|c|t|i|v|e| |w|e|b|r|e|n|d|e|r|,102210fe594ee9b33d82058545b1ed14f4c8206e,LastVisualChange,reddit-billgates-post-1.posts,True,reddit-billgates-post-1.posts LastVisualChange opt cold fission webrender,,77,ms,firefox,445447064.0,1836454774,2024-01-31 02:25:46,538.1,4bad0524f4b8414b9df64413ea27b7af4ec48644,1369133,,,,,,,,,,,,,,,,,,,,,,,,,,,,,,,,,,,,,,,,,,,,,,,,,,,,,,,,,,,,,TN,TN
autoland,4060512,13,77a9707257b88d3b15060667769a2def98a71cff,windows10-64-shippable-qr,True,False,,|c|o|l|d| |f|i|s|s|i|o|n| |i|n|t|e|r|a|c|t|i|v|e| |w|e|b|r|e|n|d|e|r|,102210fe594ee9b33d82058545b1ed14f4c8206e,LastVisualChange,reddit-billgates-post-1.posts,True,reddit-billgates-post-1.posts LastVisualChange opt cold fission webrender,,77,ms,firefox,445454096.0,1836535606,2024-01-31 02:44:42,559.3,6c256fa0d22a5793a40b8ab6aafb34d0dd55cffb,1369143,,,,,,,,,,,,,,,,,,,,,,,,,,,,,,,,,,,,,,,,,,,,,,,,,,,,,,,,,,,,,TN,TN
autoland,4060512,13,77a9707257b88d3b15060667769a2def98a71cff,windows10-64-shippable-qr,True,False,,|c|o|l|d| |f|i|s|s|i|o|n| |i|n|t|e|r|a|c|t|i|v|e| |w|e|b|r|e|n|d|e|r|,102210fe594ee9b33d82058545b1ed14f4c8206e,LastVisualChange,reddit-billgates-post-1.posts,True,reddit-billgates-post-1.posts LastVisualChange opt cold fission webrender,,77,ms,firefox,445294753.0,1835816296,2024-01-31 05:59:52,585.8,5f6f60ae2125dc46d98b4b9276bce2d562d1f1bf,1369182,,,,,,,,,,,,,,,,,,,,,,,,,,,,,,,,,,,,,,,,,,,,,,,,,,,,,,,,,,,,,TN,TN
autoland,4060512,13,77a9707257b88d3b15060667769a2def98a71cff,windows10-64-shippable-qr,True,False,,|c|o|l|d| |f|i|s|s|i|o|n| |i|n|t|e|r|a|c|t|i|v|e| |w|e|b|r|e|n|d|e|r|,102210fe594ee9b33d82058545b1ed14f4c8206e,LastVisualChange,reddit-billgates-post-1.posts,True,reddit-billgates-post-1.posts LastVisualChange opt cold fission webrender,,77,ms,firefox,445323976.0,1835953439,2024-01-31 10:01:40,555.3,201f8fe705d53181047778d1c0722017bab79e95,1369265,,,,,,,,,,,,,,,,,,,,,,,,,,,,,,,,,,,,,,,,,,,,,,,,,,,,,,,,,,,,,TN,TN
autoland,4060512,13,77a9707257b88d3b15060667769a2def98a71cff,windows10-64-shippable-qr,True,False,,|c|o|l|d| |f|i|s|s|i|o|n| |i|n|t|e|r|a|c|t|i|v|e| |w|e|b|r|e|n|d|e|r|,102210fe594ee9b33d82058545b1ed14f4c8206e,LastVisualChange,reddit-billgates-post-1.posts,True,reddit-billgates-post-1.posts LastVisualChange opt cold fission webrender,,77,ms,firefox,445348411.0,1836038995,2024-01-31 13:01:30,555.4,5e52e144df4112277cfdda903747f83f1f147385,1369309,,,,,,,,,,,,,,,,,,,,,,,,,,,,,,,,,,,,,,,,,,,,,,,,,,,,,,,,,,,,,TN,TN
autoland,4060512,13,77a9707257b88d3b15060667769a2def98a71cff,windows10-64-shippable-qr,True,False,,|c|o|l|d| |f|i|s|s|i|o|n| |i|n|t|e|r|a|c|t|i|v|e| |w|e|b|r|e|n|d|e|r|,102210fe594ee9b33d82058545b1ed14f4c8206e,LastVisualChange,reddit-billgates-post-1.posts,True,reddit-billgates-post-1.posts LastVisualChange opt cold fission webrender,,77,ms,firefox,445454383.0,1836565333,2024-01-31 15:58:13,584.2,b7dab3b0d3f470193a71c5bea19ee5fbaa6530f1,1369399,,,,,,,,,,,,,,,,,,,,,,,,,,,,,,,,,,,,,,,,,,,,,,,,,,,,,,,,,,,,,TN,TN
autoland,4060512,13,77a9707257b88d3b15060667769a2def98a71cff,windows10-64-shippable-qr,True,False,,|c|o|l|d| |f|i|s|s|i|o|n| |i|n|t|e|r|a|c|t|i|v|e| |w|e|b|r|e|n|d|e|r|,102210fe594ee9b33d82058545b1ed14f4c8206e,LastVisualChange,reddit-billgates-post-1.posts,True,reddit-billgates-post-1.posts LastVisualChange opt cold fission webrender,,77,ms,firefox,445453822.0,1836486898,2024-01-31 16:10:27,576.4,e5ffa1d00efcd98c1b4b7d4587f0ba8ea89a0db2,1369414,,,,,,,,,,,,,,,,,,,,,,,,,,,,,,,,,,,,,,,,,,,,,,,,,,,,,,,,,,,,,TN,TN
autoland,4060512,13,77a9707257b88d3b15060667769a2def98a71cff,windows10-64-shippable-qr,True,False,,|c|o|l|d| |f|i|s|s|i|o|n| |i|n|t|e|r|a|c|t|i|v|e| |w|e|b|r|e|n|d|e|r|,102210fe594ee9b33d82058545b1ed14f4c8206e,LastVisualChange,reddit-billgates-post-1.posts,True,reddit-billgates-post-1.posts LastVisualChange opt cold fission webrender,,77,ms,firefox,445392517.0,1836195777,2024-01-31 17:27:18,601.2,a0bd6c4162065e8caa2b60ce8082f77d53221fb7,1369495,,,,,,,,,,,,,,,,,,,,,,,,,,,,,,,,,,,,,,,,,,,,,,,,,,,,,,,,,,,,,TN,TN
autoland,4060512,13,77a9707257b88d3b15060667769a2def98a71cff,windows10-64-shippable-qr,True,False,,|c|o|l|d| |f|i|s|s|i|o|n| |i|n|t|e|r|a|c|t|i|v|e| |w|e|b|r|e|n|d|e|r|,102210fe594ee9b33d82058545b1ed14f4c8206e,LastVisualChange,reddit-billgates-post-1.posts,True,reddit-billgates-post-1.posts LastVisualChange opt cold fission webrender,,77,ms,firefox,445454176.0,1836549472,2024-01-31 18:16:51,555.6,51cfd5dc22d96a1bf9482904157e76f085fa7da7,1369525,,,,,,,,,,,,,,,,,,,,,,,,,,,,,,,,,,,,,,,,,,,,,,,,,,,,,,,,,,,,,TN,TN
autoland,4060512,13,77a9707257b88d3b15060667769a2def98a71cff,windows10-64-shippable-qr,True,False,,|c|o|l|d| |f|i|s|s|i|o|n| |i|n|t|e|r|a|c|t|i|v|e| |w|e|b|r|e|n|d|e|r|,102210fe594ee9b33d82058545b1ed14f4c8206e,LastVisualChange,reddit-billgates-post-1.posts,True,reddit-billgates-post-1.posts LastVisualChange opt cold fission webrender,,77,ms,firefox,445453884.0,1836494630,2024-01-31 18:17:34,563.2,e0dd05f7816f3194d0a0a1d44ea0ebc55454b442,1369526,,,,,,,,,,,,,,,,,,,,,,,,,,,,,,,,,,,,,,,,,,,,,,,,,,,,,,,,,,,,,TN,TN
autoland,4060512,13,77a9707257b88d3b15060667769a2def98a71cff,windows10-64-shippable-qr,True,False,,|c|o|l|d| |f|i|s|s|i|o|n| |i|n|t|e|r|a|c|t|i|v|e| |w|e|b|r|e|n|d|e|r|,102210fe594ee9b33d82058545b1ed14f4c8206e,LastVisualChange,reddit-billgates-post-1.posts,True,reddit-billgates-post-1.posts LastVisualChange opt cold fission webrender,,77,ms,firefox,445454269.0,1836563365,2024-01-31 18:17:34,541.8,e0dd05f7816f3194d0a0a1d44ea0ebc55454b442,1369526,,,,,,,,,,,,,,,,,,,,,,,,,,,,,,,,,,,,,,,,,,,,,,,,,,,,,,,,,,,,,TN,TN
autoland,4060512,13,77a9707257b88d3b15060667769a2def98a71cff,windows10-64-shippable-qr,True,False,,|c|o|l|d| |f|i|s|s|i|o|n| |i|n|t|e|r|a|c|t|i|v|e| |w|e|b|r|e|n|d|e|r|,102210fe594ee9b33d82058545b1ed14f4c8206e,LastVisualChange,reddit-billgates-post-1.posts,True,reddit-billgates-post-1.posts LastVisualChange opt cold fission webrender,,77,ms,firefox,445454475.0,1836576338,2024-01-31 18:24:40,568.2,79a0d8770b55cb81f688dd50a56f2c84295b70f2,1369535,,,,,,,,,,,,,,,,,,,,,,,,,,,,,,,,,,,,,,,,,,,,,,,,,,,,,,,,,,,,,TN,TN
autoland,4060512,13,77a9707257b88d3b15060667769a2def98a71cff,windows10-64-shippable-qr,True,False,,|c|o|l|d| |f|i|s|s|i|o|n| |i|n|t|e|r|a|c|t|i|v|e| |w|e|b|r|e|n|d|e|r|,102210fe594ee9b33d82058545b1ed14f4c8206e,LastVisualChange,reddit-billgates-post-1.posts,True,reddit-billgates-post-1.posts LastVisualChange opt cold fission webrender,,77,ms,firefox,445398613.0,1836250538,2024-01-31 18:39:44,562.2,6bfab7427c326136417b187f0df7a7c63528daa3,1369546,,,,,,,,,,,,,,,,,,,,,,,,,,,,,,,,,,,,,,,,,,,,,,,,,,,,,,,,,,,,,TN,TN
autoland,4060512,13,77a9707257b88d3b15060667769a2def98a71cff,windows10-64-shippable-qr,True,False,,|c|o|l|d| |f|i|s|s|i|o|n| |i|n|t|e|r|a|c|t|i|v|e| |w|e|b|r|e|n|d|e|r|,102210fe594ee9b33d82058545b1ed14f4c8206e,LastVisualChange,reddit-billgates-post-1.posts,True,reddit-billgates-post-1.posts LastVisualChange opt cold fission webrender,,77,ms,firefox,445430913.0,1836360784,2024-01-31 21:40:54,615.9,2ee5ce9b3c67b7e972b0dff7348ea32cb570880e,1369676,,,,,,,,,,,,,,,,,,,,,,,,,,,,,,,,,,,,,,,,,,,,,,,,,,,,,,,,,,,,,TN,TN
autoland,4060512,13,77a9707257b88d3b15060667769a2def98a71cff,windows10-64-shippable-qr,True,False,,|c|o|l|d| |f|i|s|s|i|o|n| |i|n|t|e|r|a|c|t|i|v|e| |w|e|b|r|e|n|d|e|r|,102210fe594ee9b33d82058545b1ed14f4c8206e,LastVisualChange,reddit-billgates-post-1.posts,True,reddit-billgates-post-1.posts LastVisualChange opt cold fission webrender,,77,ms,firefox,445445253.0,1836435113,2024-02-01 02:14:37,569.4,6db2a1e04f4120175d3aad9831795823a4269aab,1369822,,,,,,,,,,,,,,,,,,,,,,,,,,,,,,,,,,,,,,,,,,,,,,,,,,,,,,,,,,,,,TN,TN
autoland,4060512,13,77a9707257b88d3b15060667769a2def98a71cff,windows10-64-shippable-qr,True,False,,|c|o|l|d| |f|i|s|s|i|o|n| |i|n|t|e|r|a|c|t|i|v|e| |w|e|b|r|e|n|d|e|r|,102210fe594ee9b33d82058545b1ed14f4c8206e,LastVisualChange,reddit-billgates-post-1.posts,True,reddit-billgates-post-1.posts LastVisualChange opt cold fission webrender,,77,ms,firefox,445462986.0,1836590411,2024-02-01 06:47:17,565.7,959c3318d5c3f3881746455c2c584be49bb179b6,1369862,,,,,,,,,,,,,,,,,,,,,,,,,,,,,,,,,,,,,,,,,,,,,,,,,,,,,,,,,,,,,TN,TN
autoland,4060512,13,77a9707257b88d3b15060667769a2def98a71cff,windows10-64-shippable-qr,True,False,,|c|o|l|d| |f|i|s|s|i|o|n| |i|n|t|e|r|a|c|t|i|v|e| |w|e|b|r|e|n|d|e|r|,102210fe594ee9b33d82058545b1ed14f4c8206e,LastVisualChange,reddit-billgates-post-1.posts,True,reddit-billgates-post-1.posts LastVisualChange opt cold fission webrender,,77,ms,firefox,445502502.0,1836708379,2024-02-01 11:14:36,565.4,a6957fa936149dccf133bd99e165c5879c2cb4d5,1370007,,,,,,,,,,,,,,,,,,,,,,,,,,,,,,,,,,,,,,,,,,,,,,,,,,,,,,,,,,,,,TN,TN
autoland,4060512,13,77a9707257b88d3b15060667769a2def98a71cff,windows10-64-shippable-qr,True,False,,|c|o|l|d| |f|i|s|s|i|o|n| |i|n|t|e|r|a|c|t|i|v|e| |w|e|b|r|e|n|d|e|r|,102210fe594ee9b33d82058545b1ed14f4c8206e,LastVisualChange,reddit-billgates-post-1.posts,True,reddit-billgates-post-1.posts LastVisualChange opt cold fission webrender,,77,ms,firefox,445526602.0,1836772507,2024-02-01 13:09:51,584.8,93a67689b8581caaa6d429ea7105abf0dc55e98f,1370065,,,,,,,,,,,,,,,,,,,,,,,,,,,,,,,,,,,,,,,,,,,,,,,,,,,,,,,,,,,,,TN,TN
autoland,4060512,13,77a9707257b88d3b15060667769a2def98a71cff,windows10-64-shippable-qr,True,False,,|c|o|l|d| |f|i|s|s|i|o|n| |i|n|t|e|r|a|c|t|i|v|e| |w|e|b|r|e|n|d|e|r|,102210fe594ee9b33d82058545b1ed14f4c8206e,LastVisualChange,reddit-billgates-post-1.posts,True,reddit-billgates-post-1.posts LastVisualChange opt cold fission webrender,,77,ms,firefox,445570306.0,1837057480,2024-02-01 17:13:14,565.0,f84c76f9460d8a2a4048954be483e24638c0f39c,1370273,,,,,,,,,,,,,,,,,,,,,,,,,,,,,,,,,,,,,,,,,,,,,,,,,,,,,,,,,,,,,TN,TN
autoland,4060512,13,77a9707257b88d3b15060667769a2def98a71cff,windows10-64-shippable-qr,True,False,,|c|o|l|d| |f|i|s|s|i|o|n| |i|n|t|e|r|a|c|t|i|v|e| |w|e|b|r|e|n|d|e|r|,102210fe594ee9b33d82058545b1ed14f4c8206e,LastVisualChange,reddit-billgates-post-1.posts,True,reddit-billgates-post-1.posts LastVisualChange opt cold fission webrender,,77,ms,firefox,445577359.0,1837061246,2024-02-01 18:09:58,585.3,854c462a083b4271435625134f95ce342e243ccb,1370333,,,,,,,,,,,,,,,,,,,,,,,,,,,,,,,,,,,,,,,,,,,,,,,,,,,,,,,,,,,,,TN,TN
autoland,4060512,13,77a9707257b88d3b15060667769a2def98a71cff,windows10-64-shippable-qr,True,False,,|c|o|l|d| |f|i|s|s|i|o|n| |i|n|t|e|r|a|c|t|i|v|e| |w|e|b|r|e|n|d|e|r|,102210fe594ee9b33d82058545b1ed14f4c8206e,LastVisualChange,reddit-billgates-post-1.posts,True,reddit-billgates-post-1.posts LastVisualChange opt cold fission webrender,,77,ms,firefox,445612910.0,1837151288,2024-02-01 22:12:05,555.9,144c524a091e2ed65d62b4911026d3400cea02fa,1370552,,,,,,,,,,,,,,,,,,,,,,,,,,,,,,,,,,,,,,,,,,,,,,,,,,,,,,,,,,,,,TN,TN
autoland,4060512,13,77a9707257b88d3b15060667769a2def98a71cff,windows10-64-shippable-qr,True,False,,|c|o|l|d| |f|i|s|s|i|o|n| |i|n|t|e|r|a|c|t|i|v|e| |w|e|b|r|e|n|d|e|r|,102210fe594ee9b33d82058545b1ed14f4c8206e,LastVisualChange,reddit-billgates-post-1.posts,True,reddit-billgates-post-1.posts LastVisualChange opt cold fission webrender,,77,ms,firefox,445616175.0,1837172835,2024-02-01 22:19:46,582.2,085a323ab16cb288d40fca29f6bb35d5d7e85753,1370561,,,,,,,,,,,,,,,,,,,,,,,,,,,,,,,,,,,,,,,,,,,,,,,,,,,,,,,,,,,,,TN,TN
autoland,4060512,13,77a9707257b88d3b15060667769a2def98a71cff,windows10-64-shippable-qr,True,False,,|c|o|l|d| |f|i|s|s|i|o|n| |i|n|t|e|r|a|c|t|i|v|e| |w|e|b|r|e|n|d|e|r|,102210fe594ee9b33d82058545b1ed14f4c8206e,LastVisualChange,reddit-billgates-post-1.posts,True,reddit-billgates-post-1.posts LastVisualChange opt cold fission webrender,,77,ms,firefox,445629498.0,1837247221,2024-02-02 02:49:20,586.8,dd4c0135beb5076b1a073f8d52507b724781d423,1370659,,,,,,,,,,,,,,,,,,,,,,,,,,,,,,,,,,,,,,,,,,,,,,,,,,,,,,,,,,,,,TN,TN
autoland,4060512,13,77a9707257b88d3b15060667769a2def98a71cff,windows10-64-shippable-qr,True,False,,|c|o|l|d| |f|i|s|s|i|o|n| |i|n|t|e|r|a|c|t|i|v|e| |w|e|b|r|e|n|d|e|r|,102210fe594ee9b33d82058545b1ed14f4c8206e,LastVisualChange,reddit-billgates-post-1.posts,True,reddit-billgates-post-1.posts LastVisualChange opt cold fission webrender,,77,ms,firefox,445703939.0,1837538843,2024-02-02 13:54:17,555.5,90d84a362f057a96158ef63f7aa96d639916e390,1370837,,,,,,,,,,,,,,,,,,,,,,,,,,,,,,,,,,,,,,,,,,,,,,,,,,,,,,,,,,,,,TN,TN
autoland,4060512,13,77a9707257b88d3b15060667769a2def98a71cff,windows10-64-shippable-qr,True,False,,|c|o|l|d| |f|i|s|s|i|o|n| |i|n|t|e|r|a|c|t|i|v|e| |w|e|b|r|e|n|d|e|r|,102210fe594ee9b33d82058545b1ed14f4c8206e,LastVisualChange,reddit-billgates-post-1.posts,True,reddit-billgates-post-1.posts LastVisualChange opt cold fission webrender,,77,ms,firefox,445792017.0,1837987043,2024-02-02 13:58:28,572.4,85d4a93d2fce8e976fce8c0e6ae573731793a21d,1370841,,,,,,,,,,,,,,,,,,,,,,,,,,,,,,,,,,,,,,,,,,,,,,,,,,,,,,,,,,,,,TN,TN
autoland,4060512,13,77a9707257b88d3b15060667769a2def98a71cff,windows10-64-shippable-qr,True,False,,|c|o|l|d| |f|i|s|s|i|o|n| |i|n|t|e|r|a|c|t|i|v|e| |w|e|b|r|e|n|d|e|r|,102210fe594ee9b33d82058545b1ed14f4c8206e,LastVisualChange,reddit-billgates-post-1.posts,True,reddit-billgates-post-1.posts LastVisualChange opt cold fission webrender,,77,ms,firefox,445720595.0,1837621831,2024-02-02 14:44:09,560.6,2d3365b1475ea6b0234b76a4ccfefc8c11e491a0,1370872,,,,,,,,,,,,,,,,,,,,,,,,,,,,,,,,,,,,,,,,,,,,,,,,,,,,,,,,,,,,,TN,TN
autoland,4060512,13,77a9707257b88d3b15060667769a2def98a71cff,windows10-64-shippable-qr,True,False,,|c|o|l|d| |f|i|s|s|i|o|n| |i|n|t|e|r|a|c|t|i|v|e| |w|e|b|r|e|n|d|e|r|,102210fe594ee9b33d82058545b1ed14f4c8206e,LastVisualChange,reddit-billgates-post-1.posts,True,reddit-billgates-post-1.posts LastVisualChange opt cold fission webrender,,77,ms,firefox,445765828.0,1837858057,2024-02-02 19:53:24,591.8,67f13af428e383eb2f3472448564da31a6cd3eae,1371106,,,,,,,,,,,,,,,,,,,,,,,,,,,,,,,,,,,,,,,,,,,,,,,,,,,,,,,,,,,,,TN,TN
autoland,4060512,13,77a9707257b88d3b15060667769a2def98a71cff,windows10-64-shippable-qr,True,False,,|c|o|l|d| |f|i|s|s|i|o|n| |i|n|t|e|r|a|c|t|i|v|e| |w|e|b|r|e|n|d|e|r|,102210fe594ee9b33d82058545b1ed14f4c8206e,LastVisualChange,reddit-billgates-post-1.posts,True,reddit-billgates-post-1.posts LastVisualChange opt cold fission webrender,,77,ms,firefox,445774200.0,1837891932,2024-02-02 21:53:09,583.8,0a89948ba0c00bf10f2fb02375bb347cffbdc1e1,1371183,,,,,,,,,,,,,,,,,,,,,,,,,,,,,,,,,,,,,,,,,,,,,,,,,,,,,,,,,,,,,TN,TN
autoland,4060512,13,77a9707257b88d3b15060667769a2def98a71cff,windows10-64-shippable-qr,True,False,,|c|o|l|d| |f|i|s|s|i|o|n| |i|n|t|e|r|a|c|t|i|v|e| |w|e|b|r|e|n|d|e|r|,102210fe594ee9b33d82058545b1ed14f4c8206e,LastVisualChange,reddit-billgates-post-1.posts,True,reddit-billgates-post-1.posts LastVisualChange opt cold fission webrender,,77,ms,firefox,445787151.0,1837964197,2024-02-03 02:32:07,575.4,b9172a6f32d47b58f805d7cdc242ba32e55cb4a6,1371314,,,,,,,,,,,,,,,,,,,,,,,,,,,,,,,,,,,,,,,,,,,,,,,,,,,,,,,,,,,,,TN,TN
autoland,4060512,13,77a9707257b88d3b15060667769a2def98a71cff,windows10-64-shippable-qr,True,False,,|c|o|l|d| |f|i|s|s|i|o|n| |i|n|t|e|r|a|c|t|i|v|e| |w|e|b|r|e|n|d|e|r|,102210fe594ee9b33d82058545b1ed14f4c8206e,LastVisualChange,reddit-billgates-post-1.posts,True,reddit-billgates-post-1.posts LastVisualChange opt cold fission webrender,,77,ms,firefox,445797861.0,1838005661,2024-02-03 06:48:17,615.7,f8d442e9495d595bd8d4c6cbd272480f9d0dbfb5,1371333,,,,,,,,,,,,,,,,,,,,,,,,,,,,,,,,,,,,,,,,,,,,,,,,,,,,,,,,,,,,,TN,TN
autoland,4060512,13,77a9707257b88d3b15060667769a2def98a71cff,windows10-64-shippable-qr,True,False,,|c|o|l|d| |f|i|s|s|i|o|n| |i|n|t|e|r|a|c|t|i|v|e| |w|e|b|r|e|n|d|e|r|,102210fe594ee9b33d82058545b1ed14f4c8206e,LastVisualChange,reddit-billgates-post-1.posts,True,reddit-billgates-post-1.posts LastVisualChange opt cold fission webrender,,77,ms,firefox,445809619.0,1838048283,2024-02-03 09:08:28,550.7,6c316fd08b2f2ac6443dd8193a52f819df23ce2e,1371368,,,,,,,,,,,,,,,,,,,,,,,,,,,,,,,,,,,,,,,,,,,,,,,,,,,,,,,,,,,,,TN,TN
autoland,4060512,13,77a9707257b88d3b15060667769a2def98a71cff,windows10-64-shippable-qr,True,False,,|c|o|l|d| |f|i|s|s|i|o|n| |i|n|t|e|r|a|c|t|i|v|e| |w|e|b|r|e|n|d|e|r|,102210fe594ee9b33d82058545b1ed14f4c8206e,LastVisualChange,reddit-billgates-post-1.posts,True,reddit-billgates-post-1.posts LastVisualChange opt cold fission webrender,,77,ms,firefox,445835607.0,1838170659,2024-02-03 16:51:05,572.3,234a8e0fb95fc4c3f978bc6c198667481d3115da,1371417,,,,,,,,,,,,,,,,,,,,,,,,,,,,,,,,,,,,,,,,,,,,,,,,,,,,,,,,,,,,,TN,TN
autoland,4060512,13,77a9707257b88d3b15060667769a2def98a71cff,windows10-64-shippable-qr,True,False,,|c|o|l|d| |f|i|s|s|i|o|n| |i|n|t|e|r|a|c|t|i|v|e| |w|e|b|r|e|n|d|e|r|,102210fe594ee9b33d82058545b1ed14f4c8206e,LastVisualChange,reddit-billgates-post-1.posts,True,reddit-billgates-post-1.posts LastVisualChange opt cold fission webrender,,77,ms,firefox,445850444.0,1838248290,2024-02-04 01:32:05,608.1,7a5ad9c8b72b8e9fbc0f63d91a955bff54216958,1371481,,,,,,,,,,,,,,,,,,,,,,,,,,,,,,,,,,,,,,,,,,,,,,,,,,,,,,,,,,,,,TN,TN
autoland,4060512,13,77a9707257b88d3b15060667769a2def98a71cff,windows10-64-shippable-qr,True,False,,|c|o|l|d| |f|i|s|s|i|o|n| |i|n|t|e|r|a|c|t|i|v|e| |w|e|b|r|e|n|d|e|r|,102210fe594ee9b33d82058545b1ed14f4c8206e,LastVisualChange,reddit-billgates-post-1.posts,True,reddit-billgates-post-1.posts LastVisualChange opt cold fission webrender,,77,ms,firefox,445878863.0,1838416850,2024-02-04 11:04:08,605.8,eb281b3fd4660b5e7e7d1e77f7ebe3182c28569d,1371513,,,,,,,,,,,,,,,,,,,,,,,,,,,,,,,,,,,,,,,,,,,,,,,,,,,,,,,,,,,,,TN,TN
autoland,4060512,13,77a9707257b88d3b15060667769a2def98a71cff,windows10-64-shippable-qr,True,False,,|c|o|l|d| |f|i|s|s|i|o|n| |i|n|t|e|r|a|c|t|i|v|e| |w|e|b|r|e|n|d|e|r|,102210fe594ee9b33d82058545b1ed14f4c8206e,LastVisualChange,reddit-billgates-post-1.posts,True,reddit-billgates-post-1.posts LastVisualChange opt cold fission webrender,,77,ms,firefox,445890111.0,1838579540,2024-02-04 18:26:12,564.4,6cb794603d85d30882e94931d5c7cba2c609e8dd,1371541,,,,,,,,,,,,,,,,,,,,,,,,,,,,,,,,,,,,,,,,,,,,,,,,,,,,,,,,,,,,,TN,TN
autoland,4060512,13,77a9707257b88d3b15060667769a2def98a71cff,windows10-64-shippable-qr,True,False,,|c|o|l|d| |f|i|s|s|i|o|n| |i|n|t|e|r|a|c|t|i|v|e| |w|e|b|r|e|n|d|e|r|,102210fe594ee9b33d82058545b1ed14f4c8206e,LastVisualChange,reddit-billgates-post-1.posts,True,reddit-billgates-post-1.posts LastVisualChange opt cold fission webrender,,77,ms,firefox,445908077.0,1838655181,2024-02-05 01:14:58,574.3,778e884de4e5ecb46e2d212a6f5f4a13e465a3a4,1371575,,,,,,,,,,,,,,,,,,,,,,,,,,,,,,,,,,,,,,,,,,,,,,,,,,,,,,,,,,,,,TN,TN
autoland,4060512,13,77a9707257b88d3b15060667769a2def98a71cff,windows10-64-shippable-qr,True,False,,|c|o|l|d| |f|i|s|s|i|o|n| |i|n|t|e|r|a|c|t|i|v|e| |w|e|b|r|e|n|d|e|r|,102210fe594ee9b33d82058545b1ed14f4c8206e,LastVisualChange,reddit-billgates-post-1.posts,True,reddit-billgates-post-1.posts LastVisualChange opt cold fission webrender,,77,ms,firefox,445914878.0,1838696402,2024-02-05 06:38:18,565.3,9ca12d444230411e2168420a584a7f95e90c1f97,1371605,,,,,,,,,,,,,,,,,,,,,,,,,,,,,,,,,,,,,,,,,,,,,,,,,,,,,,,,,,,,,TN,TN
autoland,4060512,13,77a9707257b88d3b15060667769a2def98a71cff,windows10-64-shippable-qr,True,False,,|c|o|l|d| |f|i|s|s|i|o|n| |i|n|t|e|r|a|c|t|i|v|e| |w|e|b|r|e|n|d|e|r|,102210fe594ee9b33d82058545b1ed14f4c8206e,LastVisualChange,reddit-billgates-post-1.posts,True,reddit-billgates-post-1.posts LastVisualChange opt cold fission webrender,,77,ms,firefox,445953790.0,1838827657,2024-02-05 11:13:48,2018.7,e026ce62cd3a8700c3c5fb7495521391420d3ef6,1371747,,,,,,,,,,,,,,,,,,,,,,,,,,,,,,,,,,,,,,,,,,,,,,,,,,,,,,,,,,,,,TN,TN
autoland,4060512,13,77a9707257b88d3b15060667769a2def98a71cff,windows10-64-shippable-qr,True,False,,|c|o|l|d| |f|i|s|s|i|o|n| |i|n|t|e|r|a|c|t|i|v|e| |w|e|b|r|e|n|d|e|r|,102210fe594ee9b33d82058545b1ed14f4c8206e,LastVisualChange,reddit-billgates-post-1.posts,True,reddit-billgates-post-1.posts LastVisualChange opt cold fission webrender,,77,ms,firefox,445996456.0,1838955254,2024-02-05 15:06:21,572.1,d67e058935bae8bfad9fb5868b225926a25cb64a,1371897,,,,,,,,,,,,,,,,,,,,,,,,,,,,,,,,,,,,,,,,,,,,,,,,,,,,,,,,,,,,,TN,TN
autoland,4060512,13,77a9707257b88d3b15060667769a2def98a71cff,windows10-64-shippable-qr,True,False,,|c|o|l|d| |f|i|s|s|i|o|n| |i|n|t|e|r|a|c|t|i|v|e| |w|e|b|r|e|n|d|e|r|,102210fe594ee9b33d82058545b1ed14f4c8206e,LastVisualChange,reddit-billgates-post-1.posts,True,reddit-billgates-post-1.posts LastVisualChange opt cold fission webrender,,77,ms,firefox,446078999.0,1839380651,2024-02-05 17:21:25,1999.3,a3f956419067fa1803aa9210eb8252a3fc3daefa,1372043,,,,,,,,,,,,,,,,,,,,,,,,,,,,,,,,,,,,,,,,,,,,,,,,,,,,,,,,,,,,,TN,TN
autoland,4060512,13,77a9707257b88d3b15060667769a2def98a71cff,windows10-64-shippable-qr,True,False,,|c|o|l|d| |f|i|s|s|i|o|n| |i|n|t|e|r|a|c|t|i|v|e| |w|e|b|r|e|n|d|e|r|,102210fe594ee9b33d82058545b1ed14f4c8206e,LastVisualChange,reddit-billgates-post-1.posts,True,reddit-billgates-post-1.posts LastVisualChange opt cold fission webrender,,77,ms,firefox,446081542.0,1839413676,2024-02-05 17:33:45,579.3,ae1411029bf854cc5f5d7da7a72697df01667583,1372057,,,,,,,,,,,,,,,,,,,,,,,,,,,,,,,,,,,,,,,,,,,,,,,,,,,,,,,,,,,,,TN,TN
autoland,4060512,13,77a9707257b88d3b15060667769a2def98a71cff,windows10-64-shippable-qr,True,False,,|c|o|l|d| |f|i|s|s|i|o|n| |i|n|t|e|r|a|c|t|i|v|e| |w|e|b|r|e|n|d|e|r|,102210fe594ee9b33d82058545b1ed14f4c8206e,LastVisualChange,reddit-billgates-post-1.posts,True,reddit-billgates-post-1.posts LastVisualChange opt cold fission webrender,,77,ms,firefox,446025062.0,1839049782,2024-02-05 18:46:19,552.3,9559ddacce7e802c8bda80f0f58d6cfd6cdd2948,1372136,,,,,,,,,,,,,,,,,,,,,,,,,,,,,,,,,,,,,,,,,,,,,,,,,,,,,,,,,,,,,TN,TN
autoland,4060512,13,77a9707257b88d3b15060667769a2def98a71cff,windows10-64-shippable-qr,True,False,,|c|o|l|d| |f|i|s|s|i|o|n| |i|n|t|e|r|a|c|t|i|v|e| |w|e|b|r|e|n|d|e|r|,102210fe594ee9b33d82058545b1ed14f4c8206e,LastVisualChange,reddit-billgates-post-1.posts,True,reddit-billgates-post-1.posts LastVisualChange opt cold fission webrender,,77,ms,firefox,446061493.0,1839192814,2024-02-05 23:26:30,579.0,9f16b642b137c1390a012556c58e9f957a816ef6,1372325,,,,,,,,,,,,,,,,,,,,,,,,,,,,,,,,,,,,,,,,,,,,,,,,,,,,,,,,,,,,,TN,TN
autoland,4060512,13,77a9707257b88d3b15060667769a2def98a71cff,windows10-64-shippable-qr,True,False,,|c|o|l|d| |f|i|s|s|i|o|n| |i|n|t|e|r|a|c|t|i|v|e| |w|e|b|r|e|n|d|e|r|,102210fe594ee9b33d82058545b1ed14f4c8206e,LastVisualChange,reddit-billgates-post-1.posts,True,reddit-billgates-post-1.posts LastVisualChange opt cold fission webrender,,77,ms,firefox,446073853.0,1839263978,2024-02-06 03:53:00,570.1,1995789cfffa08b612d3571d2e8596837f772a49,1372390,,,,,,,,,,,,,,,,,,,,,,,,,,,,,,,,,,,,,,,,,,,,,,,,,,,,,,,,,,,,,TN,TN
autoland,4060512,13,77a9707257b88d3b15060667769a2def98a71cff,windows10-64-shippable-qr,True,False,,|c|o|l|d| |f|i|s|s|i|o|n| |i|n|t|e|r|a|c|t|i|v|e| |w|e|b|r|e|n|d|e|r|,102210fe594ee9b33d82058545b1ed14f4c8206e,LastVisualChange,reddit-billgates-post-1.posts,True,reddit-billgates-post-1.posts LastVisualChange opt cold fission webrender,,77,ms,firefox,446094937.0,1839462744,2024-02-06 07:31:17,559.2,df0b9539f5604a9aefc6916ce6ecf2e52670b78b,1372455,,,,,,,,,,,,,,,,,,,,,,,,,,,,,,,,,,,,,,,,,,,,,,,,,,,,,,,,,,,,,TN,TN
autoland,4060512,13,77a9707257b88d3b15060667769a2def98a71cff,windows10-64-shippable-qr,True,False,,|c|o|l|d| |f|i|s|s|i|o|n| |i|n|t|e|r|a|c|t|i|v|e| |w|e|b|r|e|n|d|e|r|,102210fe594ee9b33d82058545b1ed14f4c8206e,LastVisualChange,reddit-billgates-post-1.posts,True,reddit-billgates-post-1.posts LastVisualChange opt cold fission webrender,,77,ms,firefox,446146792.0,1839639695,2024-02-06 11:44:40,588.4,c48ca61bc9255db0107d377c103a752265b60eb8,1372588,,,,,,,,,,,,,,,,,,,,,,,,,,,,,,,,,,,,,,,,,,,,,,,,,,,,,,,,,,,,,TN,TN
autoland,4060512,13,77a9707257b88d3b15060667769a2def98a71cff,windows10-64-shippable-qr,True,False,,|c|o|l|d| |f|i|s|s|i|o|n| |i|n|t|e|r|a|c|t|i|v|e| |w|e|b|r|e|n|d|e|r|,102210fe594ee9b33d82058545b1ed14f4c8206e,LastVisualChange,reddit-billgates-post-1.posts,True,reddit-billgates-post-1.posts LastVisualChange opt cold fission webrender,,77,ms,firefox,446208082.0,1839866182,2024-02-06 17:15:13,571.6,79b38383448166074627506218757a9881ca5679,1372809,,,,,,,,,,,,,,,,,,,,,,,,,,,,,,,,,,,,,,,,,,,,,,,,,,,,,,,,,,,,,TN,TN
autoland,4060512,13,77a9707257b88d3b15060667769a2def98a71cff,windows10-64-shippable-qr,True,False,,|c|o|l|d| |f|i|s|s|i|o|n| |i|n|t|e|r|a|c|t|i|v|e| |w|e|b|r|e|n|d|e|r|,102210fe594ee9b33d82058545b1ed14f4c8206e,LastVisualChange,reddit-billgates-post-1.posts,True,reddit-billgates-post-1.posts LastVisualChange opt cold fission webrender,,77,ms,firefox,446215414.0,1839904744,2024-02-06 17:24:04,604.5,1f93ea2744765ca11b90874574cc12168d3828a5,1372818,,,,,,,,,,,,,,,,,,,,,,,,,,,,,,,,,,,,,,,,,,,,,,,,,,,,,,,,,,,,,TN,TN
autoland,4060512,13,77a9707257b88d3b15060667769a2def98a71cff,windows10-64-shippable-qr,True,False,,|c|o|l|d| |f|i|s|s|i|o|n| |i|n|t|e|r|a|c|t|i|v|e| |w|e|b|r|e|n|d|e|r|,102210fe594ee9b33d82058545b1ed14f4c8206e,LastVisualChange,reddit-billgates-post-1.posts,True,reddit-billgates-post-1.posts LastVisualChange opt cold fission webrender,,77,ms,firefox,446283260.0,1840296402,2024-02-06 18:54:58,562.4,7b42121a4f48dfc82d82b04a831204e7b9fa7cdb,1372905,,,,,,,,,,,,,,,,,,,,,,,,,,,,,,,,,,,,,,,,,,,,,,,,,,,,,,,,,,,,,TN,TN
autoland,4060512,13,77a9707257b88d3b15060667769a2def98a71cff,windows10-64-shippable-qr,True,False,,|c|o|l|d| |f|i|s|s|i|o|n| |i|n|t|e|r|a|c|t|i|v|e| |w|e|b|r|e|n|d|e|r|,102210fe594ee9b33d82058545b1ed14f4c8206e,LastVisualChange,reddit-billgates-post-1.posts,True,reddit-billgates-post-1.posts LastVisualChange opt cold fission webrender,,77,ms,firefox,446279807.0,1840262142,2024-02-06 18:55:39,600.2,e3c76a18de2b4456900f94551dae44407d64eaa3,1372906,,,,,,,,,,,,,,,,,,,,,,,,,,,,,,,,,,,,,,,,,,,,,,,,,,,,,,,,,,,,,TN,TN
autoland,4060512,13,77a9707257b88d3b15060667769a2def98a71cff,windows10-64-shippable-qr,True,False,,|c|o|l|d| |f|i|s|s|i|o|n| |i|n|t|e|r|a|c|t|i|v|e| |w|e|b|r|e|n|d|e|r|,102210fe594ee9b33d82058545b1ed14f4c8206e,LastVisualChange,reddit-billgates-post-1.posts,True,reddit-billgates-post-1.posts LastVisualChange opt cold fission webrender,,77,ms,firefox,446278337.0,1840245873,2024-02-07 04:17:01,557.1,1d87eb92ed10d04dccab53b631b14010ca09beb6,1373159,,,,,,,,,,,,,,,,,,,,,,,,,,,,,,,,,,,,,,,,,,,,,,,,,,,,,,,,,,,,,TN,TN
autoland,4060512,13,77a9707257b88d3b15060667769a2def98a71cff,windows10-64-shippable-qr,True,False,,|c|o|l|d| |f|i|s|s|i|o|n| |i|n|t|e|r|a|c|t|i|v|e| |w|e|b|r|e|n|d|e|r|,102210fe594ee9b33d82058545b1ed14f4c8206e,LastVisualChange,reddit-billgates-post-1.posts,True,reddit-billgates-post-1.posts LastVisualChange opt cold fission webrender,,77,ms,firefox,446280751.0,1840271532,2024-02-07 04:22:59,578.8,fce00cd55ffb9127f24e7e1d2186178f72429fce,1373168,,,,,,,,,,,,,,,,,,,,,,,,,,,,,,,,,,,,,,,,,,,,,,,,,,,,,,,,,,,,,TN,TN
autoland,4060512,13,77a9707257b88d3b15060667769a2def98a71cff,windows10-64-shippable-qr,True,False,,|c|o|l|d| |f|i|s|s|i|o|n| |i|n|t|e|r|a|c|t|i|v|e| |w|e|b|r|e|n|d|e|r|,102210fe594ee9b33d82058545b1ed14f4c8206e,LastVisualChange,reddit-billgates-post-1.posts,True,reddit-billgates-post-1.posts LastVisualChange opt cold fission webrender,,77,ms,firefox,446305818.0,1840394492,2024-02-07 08:54:39,572.6,df59ba0b3152fb8f6812b413bd2a6869bff469c1,1373246,,,,,,,,,,,,,,,,,,,,,,,,,,,,,,,,,,,,,,,,,,,,,,,,,,,,,,,,,,,,,TN,TN
autoland,4060512,13,77a9707257b88d3b15060667769a2def98a71cff,windows10-64-shippable-qr,True,False,,|c|o|l|d| |f|i|s|s|i|o|n| |i|n|t|e|r|a|c|t|i|v|e| |w|e|b|r|e|n|d|e|r|,102210fe594ee9b33d82058545b1ed14f4c8206e,LastVisualChange,reddit-billgates-post-1.posts,True,reddit-billgates-post-1.posts LastVisualChange opt cold fission webrender,,77,ms,firefox,446305352.0,1840386733,2024-02-07 09:01:16,565.8,ab5b008e36a4742d737a89c8cbfc1a69e2b76456,1373249,,,,,,,,,,,,,,,,,,,,,,,,,,,,,,,,,,,,,,,,,,,,,,,,,,,,,,,,,,,,,TN,TN
autoland,4060512,13,77a9707257b88d3b15060667769a2def98a71cff,windows10-64-shippable-qr,True,False,,|c|o|l|d| |f|i|s|s|i|o|n| |i|n|t|e|r|a|c|t|i|v|e| |w|e|b|r|e|n|d|e|r|,102210fe594ee9b33d82058545b1ed14f4c8206e,LastVisualChange,reddit-billgates-post-1.posts,True,reddit-billgates-post-1.posts LastVisualChange opt cold fission webrender,,77,ms,firefox,446357625.0,1840533726,2024-02-07 13:03:40,579.1,ec34bf3905e43d945effa45ba094092c7355d4b2,1373380,,,,,,,,,,,,,,,,,,,,,,,,,,,,,,,,,,,,,,,,,,,,,,,,,,,,,,,,,,,,,TN,TN
autoland,4060512,13,77a9707257b88d3b15060667769a2def98a71cff,windows10-64-shippable-qr,True,False,,|c|o|l|d| |f|i|s|s|i|o|n| |i|n|t|e|r|a|c|t|i|v|e| |w|e|b|r|e|n|d|e|r|,102210fe594ee9b33d82058545b1ed14f4c8206e,LastVisualChange,reddit-billgates-post-1.posts,True,reddit-billgates-post-1.posts LastVisualChange opt cold fission webrender,,77,ms,firefox,446374808.0,1840603953,2024-02-07 14:05:10,565.6,fdda8b6b095615f06fbef5c21ff9ad0a90927c83,1373437,,,,,,,,,,,,,,,,,,,,,,,,,,,,,,,,,,,,,,,,,,,,,,,,,,,,,,,,,,,,,TN,TN
autoland,4060512,13,77a9707257b88d3b15060667769a2def98a71cff,windows10-64-shippable-qr,True,False,,|c|o|l|d| |f|i|s|s|i|o|n| |i|n|t|e|r|a|c|t|i|v|e| |w|e|b|r|e|n|d|e|r|,102210fe594ee9b33d82058545b1ed14f4c8206e,LastVisualChange,reddit-billgates-post-1.posts,True,reddit-billgates-post-1.posts LastVisualChange opt cold fission webrender,,77,ms,firefox,446464422.0,1841010998,2024-02-07 16:25:30,561.9,1e73637ac83a296d733bc304b12c2e2f1ba09fe1,1373562,,,,,,,,,,,,,,,,,,,,,,,,,,,,,,,,,,,,,,,,,,,,,,,,,,,,,,,,,,,,,TN,TN
autoland,4060512,13,77a9707257b88d3b15060667769a2def98a71cff,windows10-64-shippable-qr,True,False,,|c|o|l|d| |f|i|s|s|i|o|n| |i|n|t|e|r|a|c|t|i|v|e| |w|e|b|r|e|n|d|e|r|,102210fe594ee9b33d82058545b1ed14f4c8206e,LastVisualChange,reddit-billgates-post-1.posts,True,reddit-billgates-post-1.posts LastVisualChange opt cold fission webrender,,77,ms,firefox,446465671.0,1841022583,2024-02-07 16:59:51,562.5,b2e92a2d742f43ad92c80b206b3db15a6256fdd8,1373603,,,,,,,,,,,,,,,,,,,,,,,,,,,,,,,,,,,,,,,,,,,,,,,,,,,,,,,,,,,,,TN,TN
autoland,4060512,13,77a9707257b88d3b15060667769a2def98a71cff,windows10-64-shippable-qr,True,False,,|c|o|l|d| |f|i|s|s|i|o|n| |i|n|t|e|r|a|c|t|i|v|e| |w|e|b|r|e|n|d|e|r|,102210fe594ee9b33d82058545b1ed14f4c8206e,LastVisualChange,reddit-billgates-post-1.posts,True,reddit-billgates-post-1.posts LastVisualChange opt cold fission webrender,,77,ms,firefox,446404609.0,1840716310,2024-02-07 17:25:01,552.1,fcafc196f2cef3d5c607edaa0f66c96cdf1708d6,1373622,,,,,,,,,,,,,,,,,,,,,,,,,,,,,,,,,,,,,,,,,,,,,,,,,,,,,,,,,,,,,TN,TN
autoland,4060512,13,77a9707257b88d3b15060667769a2def98a71cff,windows10-64-shippable-qr,True,False,,|c|o|l|d| |f|i|s|s|i|o|n| |i|n|t|e|r|a|c|t|i|v|e| |w|e|b|r|e|n|d|e|r|,102210fe594ee9b33d82058545b1ed14f4c8206e,LastVisualChange,reddit-billgates-post-1.posts,True,reddit-billgates-post-1.posts LastVisualChange opt cold fission webrender,,77,ms,firefox,446431665.0,1840844383,2024-02-07 21:31:39,549.4,0eee0e78f83c43165f612c4e7f3f7ff52d665b9c,1373826,,,,,,,,,,,,,,,,,,,,,,,,,,,,,,,,,,,,,,,,,,,,,,,,,,,,,,,,,,,,,TN,TN
autoland,4060512,13,77a9707257b88d3b15060667769a2def98a71cff,windows10-64-shippable-qr,True,False,,|c|o|l|d| |f|i|s|s|i|o|n| |i|n|t|e|r|a|c|t|i|v|e| |w|e|b|r|e|n|d|e|r|,102210fe594ee9b33d82058545b1ed14f4c8206e,LastVisualChange,reddit-billgates-post-1.posts,True,reddit-billgates-post-1.posts LastVisualChange opt cold fission webrender,,77,ms,firefox,446434847.0,1840866326,2024-02-07 21:36:53,551.9,1cb745ef034e9cd65d98c15632e13f5862e7390b,1373829,,,,,,,,,,,,,,,,,,,,,,,,,,,,,,,,,,,,,,,,,,,,,,,,,,,,,,,,,,,,,TN,TN
autoland,4060512,13,77a9707257b88d3b15060667769a2def98a71cff,windows10-64-shippable-qr,True,False,,|c|o|l|d| |f|i|s|s|i|o|n| |i|n|t|e|r|a|c|t|i|v|e| |w|e|b|r|e|n|d|e|r|,102210fe594ee9b33d82058545b1ed14f4c8206e,LastVisualChange,reddit-billgates-post-1.posts,True,reddit-billgates-post-1.posts LastVisualChange opt cold fission webrender,,77,ms,firefox,446456337.0,1840956544,2024-02-08 01:47:30,555.0,0cb1cb869761baae745081466c878e32a7d83888,1373927,,,,,,,,,,,,,,,,,,,,,,,,,,,,,,,,,,,,,,,,,,,,,,,,,,,,,,,,,,,,,TN,TN
autoland,4060512,13,77a9707257b88d3b15060667769a2def98a71cff,windows10-64-shippable-qr,True,False,,|c|o|l|d| |f|i|s|s|i|o|n| |i|n|t|e|r|a|c|t|i|v|e| |w|e|b|r|e|n|d|e|r|,102210fe594ee9b33d82058545b1ed14f4c8206e,LastVisualChange,reddit-billgates-post-1.posts,True,reddit-billgates-post-1.posts LastVisualChange opt cold fission webrender,,77,ms,firefox,446457930.0,1840978161,2024-02-08 02:38:53,551.6,bbcb9c75a4919aa67c2fc1ec689eb69d653990dd,1373953,,,,,,,,,,,,,,,,,,,,,,,,,,,,,,,,,,,,,,,,,,,,,,,,,,,,,,,,,,,,,TN,TN
autoland,4060512,13,77a9707257b88d3b15060667769a2def98a71cff,windows10-64-shippable-qr,True,False,,|c|o|l|d| |f|i|s|s|i|o|n| |i|n|t|e|r|a|c|t|i|v|e| |w|e|b|r|e|n|d|e|r|,102210fe594ee9b33d82058545b1ed14f4c8206e,LastVisualChange,reddit-billgates-post-1.posts,True,reddit-billgates-post-1.posts LastVisualChange opt cold fission webrender,,77,ms,firefox,446471699.0,1841063039,2024-02-08 07:03:19,582.1,344524bd7c755d7d7fcfca1d69503577b07db2b7,1374007,,,,,,,,,,,,,,,,,,,,,,,,,,,,,,,,,,,,,,,,,,,,,,,,,,,,,,,,,,,,,TN,TN
autoland,4060512,13,77a9707257b88d3b15060667769a2def98a71cff,windows10-64-shippable-qr,True,False,,|c|o|l|d| |f|i|s|s|i|o|n| |i|n|t|e|r|a|c|t|i|v|e| |w|e|b|r|e|n|d|e|r|,102210fe594ee9b33d82058545b1ed14f4c8206e,LastVisualChange,reddit-billgates-post-1.posts,True,reddit-billgates-post-1.posts LastVisualChange opt cold fission webrender,,77,ms,firefox,446530866.0,1841277939,2024-02-08 14:56:42,568.0,286029e09b16d8910d7110864541cdb9d4b84681,1374192,,,,,,,,,,,,,,,,,,,,,,,,,,,,,,,,,,,,,,,,,,,,,,,,,,,,,,,,,,,,,TN,TN
autoland,4060512,13,77a9707257b88d3b15060667769a2def98a71cff,windows10-64-shippable-qr,True,False,,|c|o|l|d| |f|i|s|s|i|o|n| |i|n|t|e|r|a|c|t|i|v|e| |w|e|b|r|e|n|d|e|r|,102210fe594ee9b33d82058545b1ed14f4c8206e,LastVisualChange,reddit-billgates-post-1.posts,True,reddit-billgates-post-1.posts LastVisualChange opt cold fission webrender,,77,ms,firefox,446535336.0,1841299356,2024-02-08 16:03:43,562.8,590071462358f92ff5d36dc8f99a472a45101fdb,1374244,,,,,,,,,,,,,,,,,,,,,,,,,,,,,,,,,,,,,,,,,,,,,,,,,,,,,,,,,,,,,TN,TN
autoland,4060512,13,77a9707257b88d3b15060667769a2def98a71cff,windows10-64-shippable-qr,True,False,,|c|o|l|d| |f|i|s|s|i|o|n| |i|n|t|e|r|a|c|t|i|v|e| |w|e|b|r|e|n|d|e|r|,102210fe594ee9b33d82058545b1ed14f4c8206e,LastVisualChange,reddit-billgates-post-1.posts,True,reddit-billgates-post-1.posts LastVisualChange opt cold fission webrender,,77,ms,firefox,446614534.0,1841616686,2024-02-08 16:06:07,1985.3,d1407828e12f283b72201d60546963da4142ff63,1374249,,,,,,,,,,,,,,,,,,,,,,,,,,,,,,,,,,,,,,,,,,,,,,,,,,,,,,,,,,,,,TN,TN
autoland,4060512,13,77a9707257b88d3b15060667769a2def98a71cff,windows10-64-shippable-qr,True,False,,|c|o|l|d| |f|i|s|s|i|o|n| |i|n|t|e|r|a|c|t|i|v|e| |w|e|b|r|e|n|d|e|r|,102210fe594ee9b33d82058545b1ed14f4c8206e,LastVisualChange,reddit-billgates-post-1.posts,True,reddit-billgates-post-1.posts LastVisualChange opt cold fission webrender,,77,ms,firefox,446614048.0,1841612927,2024-02-08 16:06:52,577.9,242972a790a380b96902a401bcdf1e8ad8152951,1374250,,,,,,,,,,,,,,,,,,,,,,,,,,,,,,,,,,,,,,,,,,,,,,,,,,,,,,,,,,,,,TN,TN
autoland,4060512,13,77a9707257b88d3b15060667769a2def98a71cff,windows10-64-shippable-qr,True,False,,|c|o|l|d| |f|i|s|s|i|o|n| |i|n|t|e|r|a|c|t|i|v|e| |w|e|b|r|e|n|d|e|r|,102210fe594ee9b33d82058545b1ed14f4c8206e,LastVisualChange,reddit-billgates-post-1.posts,True,reddit-billgates-post-1.posts LastVisualChange opt cold fission webrender,,77,ms,firefox,447377967.0,1844349330,2024-02-08 16:06:52,552.1,242972a790a380b96902a401bcdf1e8ad8152951,1374250,,,,,,,,,,,,,,,,,,,,,,,,,,,,,,,,,,,,,,,,,,,,,,,,,,,,,,,,,,,,,TN,TN
autoland,4060512,13,77a9707257b88d3b15060667769a2def98a71cff,windows10-64-shippable-qr,True,False,,|c|o|l|d| |f|i|s|s|i|o|n| |i|n|t|e|r|a|c|t|i|v|e| |w|e|b|r|e|n|d|e|r|,102210fe594ee9b33d82058545b1ed14f4c8206e,LastVisualChange,reddit-billgates-post-1.posts,True,reddit-billgates-post-1.posts LastVisualChange opt cold fission webrender,,77,ms,firefox,447377978.0,1844349471,2024-02-08 16:06:52,565.7,242972a790a380b96902a401bcdf1e8ad8152951,1374250,,,,,,,,,,,,,,,,,,,,,,,,,,,,,,,,,,,,,,,,,,,,,,,,,,,,,,,,,,,,,TN,TN
autoland,4060512,13,77a9707257b88d3b15060667769a2def98a71cff,windows10-64-shippable-qr,True,False,,|c|o|l|d| |f|i|s|s|i|o|n| |i|n|t|e|r|a|c|t|i|v|e| |w|e|b|r|e|n|d|e|r|,102210fe594ee9b33d82058545b1ed14f4c8206e,LastVisualChange,reddit-billgates-post-1.posts,True,reddit-billgates-post-1.posts LastVisualChange opt cold fission webrender,,77,ms,firefox,447378197.0,1844350780,2024-02-08 16:06:52,565.2,242972a790a380b96902a401bcdf1e8ad8152951,1374250,,,,,,,,,,,,,,,,,,,,,,,,,,,,,,,,,,,,,,,,,,,,,,,,,,,,,,,,,,,,,TN,TN
autoland,4060512,13,77a9707257b88d3b15060667769a2def98a71cff,windows10-64-shippable-qr,True,False,,|c|o|l|d| |f|i|s|s|i|o|n| |i|n|t|e|r|a|c|t|i|v|e| |w|e|b|r|e|n|d|e|r|,102210fe594ee9b33d82058545b1ed14f4c8206e,LastVisualChange,reddit-billgates-post-1.posts,True,reddit-billgates-post-1.posts LastVisualChange opt cold fission webrender,,77,ms,firefox,447378199.0,1844350856,2024-02-08 16:06:52,558.4,242972a790a380b96902a401bcdf1e8ad8152951,1374250,,,,,,,,,,,,,,,,,,,,,,,,,,,,,,,,,,,,,,,,,,,,,,,,,,,,,,,,,,,,,TN,TN
autoland,4060512,13,77a9707257b88d3b15060667769a2def98a71cff,windows10-64-shippable-qr,True,False,,|c|o|l|d| |f|i|s|s|i|o|n| |i|n|t|e|r|a|c|t|i|v|e| |w|e|b|r|e|n|d|e|r|,102210fe594ee9b33d82058545b1ed14f4c8206e,LastVisualChange,reddit-billgates-post-1.posts,True,reddit-billgates-post-1.posts LastVisualChange opt cold fission webrender,,77,ms,firefox,447528776.0,1844858754,2024-02-08 21:16:53,555.6,77563b1abe8e953aeadfa9e1ec1bc77d451e4f3a,1374496,,,,,,,,,,,,,,,,,,,,,,,,,,,,,,,,,,,,,,,,,,,,,,,,,,,,,,,,,,,,,TN,TN
autoland,4060512,13,77a9707257b88d3b15060667769a2def98a71cff,windows10-64-shippable-qr,True,False,,|c|o|l|d| |f|i|s|s|i|o|n| |i|n|t|e|r|a|c|t|i|v|e| |w|e|b|r|e|n|d|e|r|,102210fe594ee9b33d82058545b1ed14f4c8206e,LastVisualChange,reddit-billgates-post-1.posts,True,reddit-billgates-post-1.posts LastVisualChange opt cold fission webrender,,77,ms,firefox,447528778.0,1844858793,2024-02-08 21:16:53,555.4,77563b1abe8e953aeadfa9e1ec1bc77d451e4f3a,1374496,,,,,,,,,,,,,,,,,,,,,,,,,,,,,,,,,,,,,,,,,,,,,,,,,,,,,,,,,,,,,TN,TN
autoland,4060512,13,77a9707257b88d3b15060667769a2def98a71cff,windows10-64-shippable-qr,True,False,,|c|o|l|d| |f|i|s|s|i|o|n| |i|n|t|e|r|a|c|t|i|v|e| |w|e|b|r|e|n|d|e|r|,102210fe594ee9b33d82058545b1ed14f4c8206e,LastVisualChange,reddit-billgates-post-1.posts,True,reddit-billgates-post-1.posts LastVisualChange opt cold fission webrender,,77,ms,firefox,447528753.0,1844857999,2024-02-08 21:18:41,610.6,bd25bd316fa4296decfd3e4de387d9aab015727e,1374499,,,,,,,,,,,,,,,,,,,,,,,,,,,,,,,,,,,,,,,,,,,,,,,,,,,,,,,,,,,,,TN,TN
autoland,4060512,13,77a9707257b88d3b15060667769a2def98a71cff,windows10-64-shippable-qr,True,False,,|c|o|l|d| |f|i|s|s|i|o|n| |i|n|t|e|r|a|c|t|i|v|e| |w|e|b|r|e|n|d|e|r|,102210fe594ee9b33d82058545b1ed14f4c8206e,LastVisualChange,reddit-billgates-post-1.posts,True,reddit-billgates-post-1.posts LastVisualChange opt cold fission webrender,,77,ms,firefox,447528790.0,1844859079,2024-02-08 21:18:41,565.8,bd25bd316fa4296decfd3e4de387d9aab015727e,1374499,,,,,,,,,,,,,,,,,,,,,,,,,,,,,,,,,,,,,,,,,,,,,,,,,,,,,,,,,,,,,TN,TN
autoland,4060512,13,77a9707257b88d3b15060667769a2def98a71cff,windows10-64-shippable-qr,True,False,,|c|o|l|d| |f|i|s|s|i|o|n| |i|n|t|e|r|a|c|t|i|v|e| |w|e|b|r|e|n|d|e|r|,102210fe594ee9b33d82058545b1ed14f4c8206e,LastVisualChange,reddit-billgates-post-1.posts,True,reddit-billgates-post-1.posts LastVisualChange opt cold fission webrender,,77,ms,firefox,446591489.0,1841542346,2024-02-08 22:41:03,534.8,8b424277a5065ea04bc1818e9ba12a8b24c12008,1374550,,,,,,,,,,,,,,,,,,,,,,,,,,,,,,,,,,,,,,,,,,,,,,,,,,,,,,,,,,,,,TN,TN
autoland,4060512,13,77a9707257b88d3b15060667769a2def98a71cff,windows10-64-shippable-qr,True,False,,|c|o|l|d| |f|i|s|s|i|o|n| |i|n|t|e|r|a|c|t|i|v|e| |w|e|b|r|e|n|d|e|r|,102210fe594ee9b33d82058545b1ed14f4c8206e,LastVisualChange,reddit-billgates-post-1.posts,True,reddit-billgates-post-1.posts LastVisualChange opt cold fission webrender,,77,ms,firefox,447518499.0,1844805892,2024-02-08 22:41:03,557.7,8b424277a5065ea04bc1818e9ba12a8b24c12008,1374550,,,,,,,,,,,,,,,,,,,,,,,,,,,,,,,,,,,,,,,,,,,,,,,,,,,,,,,,,,,,,TN,TN
autoland,4060512,13,77a9707257b88d3b15060667769a2def98a71cff,windows10-64-shippable-qr,True,False,,|c|o|l|d| |f|i|s|s|i|o|n| |i|n|t|e|r|a|c|t|i|v|e| |w|e|b|r|e|n|d|e|r|,102210fe594ee9b33d82058545b1ed14f4c8206e,LastVisualChange,reddit-billgates-post-1.posts,True,reddit-billgates-post-1.posts LastVisualChange opt cold fission webrender,,77,ms,firefox,447518500.0,1844805978,2024-02-08 22:41:03,571.8,8b424277a5065ea04bc1818e9ba12a8b24c12008,1374550,,,,,,,,,,,,,,,,,,,,,,,,,,,,,,,,,,,,,,,,,,,,,,,,,,,,,,,,,,,,,TN,TN
autoland,4060512,13,77a9707257b88d3b15060667769a2def98a71cff,windows10-64-shippable-qr,True,False,,|c|o|l|d| |f|i|s|s|i|o|n| |i|n|t|e|r|a|c|t|i|v|e| |w|e|b|r|e|n|d|e|r|,102210fe594ee9b33d82058545b1ed14f4c8206e,LastVisualChange,reddit-billgates-post-1.posts,True,reddit-billgates-post-1.posts LastVisualChange opt cold fission webrender,,77,ms,firefox,447518503.0,1844806492,2024-02-08 22:41:03,703.0,8b424277a5065ea04bc1818e9ba12a8b24c12008,1374550,,,,,,,,,,,,,,,,,,,,,,,,,,,,,,,,,,,,,,,,,,,,,,,,,,,,,,,,,,,,,TN,TN
autoland,4060512,13,77a9707257b88d3b15060667769a2def98a71cff,windows10-64-shippable-qr,True,False,,|c|o|l|d| |f|i|s|s|i|o|n| |i|n|t|e|r|a|c|t|i|v|e| |w|e|b|r|e|n|d|e|r|,102210fe594ee9b33d82058545b1ed14f4c8206e,LastVisualChange,reddit-billgates-post-1.posts,True,reddit-billgates-post-1.posts LastVisualChange opt cold fission webrender,,77,ms,firefox,447518504.0,1844805943,2024-02-08 22:41:03,570.8,8b424277a5065ea04bc1818e9ba12a8b24c12008,1374550,,,,,,,,,,,,,,,,,,,,,,,,,,,,,,,,,,,,,,,,,,,,,,,,,,,,,,,,,,,,,TN,TN
autoland,4060512,13,77a9707257b88d3b15060667769a2def98a71cff,windows10-64-shippable-qr,True,False,,|c|o|l|d| |f|i|s|s|i|o|n| |i|n|t|e|r|a|c|t|i|v|e| |w|e|b|r|e|n|d|e|r|,102210fe594ee9b33d82058545b1ed14f4c8206e,LastVisualChange,reddit-billgates-post-1.posts,True,reddit-billgates-post-1.posts LastVisualChange opt cold fission webrender,,77,ms,firefox,446591631.0,1841542592,2024-02-08 23:27:55,542.6,ba6c8f006d21287c25440f5141e3eead45bd9f96,1374577,,,,,,,,,,,,,,,,,,,,,,,,,,,,,,,,,,,,,,,,,,,,,,,,,,,,,,,,,,,,,TN,TN
autoland,4060512,13,77a9707257b88d3b15060667769a2def98a71cff,windows10-64-shippable-qr,True,False,,|c|o|l|d| |f|i|s|s|i|o|n| |i|n|t|e|r|a|c|t|i|v|e| |w|e|b|r|e|n|d|e|r|,102210fe594ee9b33d82058545b1ed14f4c8206e,LastVisualChange,reddit-billgates-post-1.posts,True,reddit-billgates-post-1.posts LastVisualChange opt cold fission webrender,,77,ms,firefox,447528804.0,1844859232,2024-02-08 23:27:55,575.3,ba6c8f006d21287c25440f5141e3eead45bd9f96,1374577,,,,,,,,,,,,,,,,,,,,,,,,,,,,,,,,,,,,,,,,,,,,,,,,,,,,,,,,,,,,,TN,TN
autoland,4060512,13,77a9707257b88d3b15060667769a2def98a71cff,windows10-64-shippable-qr,True,False,,|c|o|l|d| |f|i|s|s|i|o|n| |i|n|t|e|r|a|c|t|i|v|e| |w|e|b|r|e|n|d|e|r|,102210fe594ee9b33d82058545b1ed14f4c8206e,LastVisualChange,reddit-billgates-post-1.posts,True,reddit-billgates-post-1.posts LastVisualChange opt cold fission webrender,,77,ms,firefox,447528808.0,1844859304,2024-02-08 23:27:55,582.0,ba6c8f006d21287c25440f5141e3eead45bd9f96,1374577,,,,,,,,,,,,,,,,,,,,,,,,,,,,,,,,,,,,,,,,,,,,,,,,,,,,,,,,,,,,,TN,TN
autoland,4060512,13,77a9707257b88d3b15060667769a2def98a71cff,windows10-64-shippable-qr,True,False,,|c|o|l|d| |f|i|s|s|i|o|n| |i|n|t|e|r|a|c|t|i|v|e| |w|e|b|r|e|n|d|e|r|,102210fe594ee9b33d82058545b1ed14f4c8206e,LastVisualChange,reddit-billgates-post-1.posts,True,reddit-billgates-post-1.posts LastVisualChange opt cold fission webrender,,77,ms,firefox,447528809.0,1844859293,2024-02-08 23:27:55,559.2,ba6c8f006d21287c25440f5141e3eead45bd9f96,1374577,,,,,,,,,,,,,,,,,,,,,,,,,,,,,,,,,,,,,,,,,,,,,,,,,,,,,,,,,,,,,TN,TN
autoland,4060512,13,77a9707257b88d3b15060667769a2def98a71cff,windows10-64-shippable-qr,True,False,,|c|o|l|d| |f|i|s|s|i|o|n| |i|n|t|e|r|a|c|t|i|v|e| |w|e|b|r|e|n|d|e|r|,102210fe594ee9b33d82058545b1ed14f4c8206e,LastVisualChange,reddit-billgates-post-1.posts,True,reddit-billgates-post-1.posts LastVisualChange opt cold fission webrender,,77,ms,firefox,446616685.0,1841633627,2024-02-09 04:08:21,572.7,b17a56f7d0a828b62b52f572c8237345bf64786f,1374660,,,,,,,,,,,,,,,,,,,,,,,,,,,,,,,,,,,,,,,,,,,,,,,,,,,,,,,,,,,,,TN,TN
autoland,4060512,13,77a9707257b88d3b15060667769a2def98a71cff,windows10-64-shippable-qr,True,False,,|c|o|l|d| |f|i|s|s|i|o|n| |i|n|t|e|r|a|c|t|i|v|e| |w|e|b|r|e|n|d|e|r|,102210fe594ee9b33d82058545b1ed14f4c8206e,LastVisualChange,reddit-billgates-post-1.posts,True,reddit-billgates-post-1.posts LastVisualChange opt cold fission webrender,,77,ms,firefox,446640153.0,1841735118,2024-02-09 08:27:03,531.7,7b81e807e547afd0cca0453e9697e58369ae5e92,1374718,,,,,,,,,,,,,,,,,,,,,,,,,,,,,,,,,,,,,,,,,,,,,,,,,,,,,,,,,,,,,TN,TN
autoland,4060512,13,77a9707257b88d3b15060667769a2def98a71cff,windows10-64-shippable-qr,True,False,,|c|o|l|d| |f|i|s|s|i|o|n| |i|n|t|e|r|a|c|t|i|v|e| |w|e|b|r|e|n|d|e|r|,102210fe594ee9b33d82058545b1ed14f4c8206e,LastVisualChange,reddit-billgates-post-1.posts,True,reddit-billgates-post-1.posts LastVisualChange opt cold fission webrender,,77,ms,firefox,446684966.0,1841892693,2024-02-09 11:56:29,555.4,045e453bba33077fb8d5641ca3706f3785ce14f5,1374806,,,,,,,,,,,,,,,,,,,,,,,,,,,,,,,,,,,,,,,,,,,,,,,,,,,,,,,,,,,,,TN,TN
autoland,4060512,13,77a9707257b88d3b15060667769a2def98a71cff,windows10-64-shippable-qr,True,False,,|c|o|l|d| |f|i|s|s|i|o|n| |i|n|t|e|r|a|c|t|i|v|e| |w|e|b|r|e|n|d|e|r|,102210fe594ee9b33d82058545b1ed14f4c8206e,LastVisualChange,reddit-billgates-post-1.posts,True,reddit-billgates-post-1.posts LastVisualChange opt cold fission webrender,,77,ms,firefox,446728578.0,1842031574,2024-02-09 16:09:01,607.7,193e6982f5a17f0fa7cced978df3079f87e4ad99,1374959,,,,,,,,,,,,,,,,,,,,,,,,,,,,,,,,,,,,,,,,,,,,,,,,,,,,,,,,,,,,,TN,TN
autoland,4060512,13,77a9707257b88d3b15060667769a2def98a71cff,windows10-64-shippable-qr,True,False,,|c|o|l|d| |f|i|s|s|i|o|n| |i|n|t|e|r|a|c|t|i|v|e| |w|e|b|r|e|n|d|e|r|,102210fe594ee9b33d82058545b1ed14f4c8206e,LastVisualChange,reddit-billgates-post-1.posts,True,reddit-billgates-post-1.posts LastVisualChange opt cold fission webrender,,77,ms,firefox,446741411.0,1842110701,2024-02-09 17:06:42,561.9,39d76f98160905dab2a294ece0e03ee8ba5ba4cc,1375009,,,,,,,,,,,,,,,,,,,,,,,,,,,,,,,,,,,,,,,,,,,,,,,,,,,,,,,,,,,,,TN,TN
autoland,4060512,13,77a9707257b88d3b15060667769a2def98a71cff,windows10-64-shippable-qr,True,False,,|c|o|l|d| |f|i|s|s|i|o|n| |i|n|t|e|r|a|c|t|i|v|e| |w|e|b|r|e|n|d|e|r|,102210fe594ee9b33d82058545b1ed14f4c8206e,LastVisualChange,reddit-billgates-post-1.posts,True,reddit-billgates-post-1.posts LastVisualChange opt cold fission webrender,,77,ms,firefox,446762647.0,1842188860,2024-02-09 21:47:15,596.1,0fb5f3212fd93e901bed6bb19bd8b63339869991,1375247,,,,,,,,,,,,,,,,,,,,,,,,,,,,,,,,,,,,,,,,,,,,,,,,,,,,,,,,,,,,,TN,TN
autoland,4060512,13,77a9707257b88d3b15060667769a2def98a71cff,windows10-64-shippable-qr,True,False,,|c|o|l|d| |f|i|s|s|i|o|n| |i|n|t|e|r|a|c|t|i|v|e| |w|e|b|r|e|n|d|e|r|,102210fe594ee9b33d82058545b1ed14f4c8206e,LastVisualChange,reddit-billgates-post-1.posts,True,reddit-billgates-post-1.posts LastVisualChange opt cold fission webrender,,77,ms,firefox,446787127.0,1842283319,2024-02-10 07:03:30,555.0,20876ae07c4b760464125773aa45200a98f34159,1375365,,,,,,,,,,,,,,,,,,,,,,,,,,,,,,,,,,,,,,,,,,,,,,,,,,,,,,,,,,,,,TN,TN
autoland,4060512,13,77a9707257b88d3b15060667769a2def98a71cff,windows10-64-shippable-qr,True,False,,|c|o|l|d| |f|i|s|s|i|o|n| |i|n|t|e|r|a|c|t|i|v|e| |w|e|b|r|e|n|d|e|r|,102210fe594ee9b33d82058545b1ed14f4c8206e,LastVisualChange,reddit-billgates-post-1.posts,True,reddit-billgates-post-1.posts LastVisualChange opt cold fission webrender,,77,ms,firefox,446811579.0,1842363021,2024-02-10 13:47:16,571.8,b09350ff8440d3ef5d3ac2b811bfe9a5d243196a,1375389,,,,,,,,,,,,,,,,,,,,,,,,,,,,,,,,,,,,,,,,,,,,,,,,,,,,,,,,,,,,,TN,TN
autoland,4060512,13,77a9707257b88d3b15060667769a2def98a71cff,windows10-64-shippable-qr,True,False,,|c|o|l|d| |f|i|s|s|i|o|n| |i|n|t|e|r|a|c|t|i|v|e| |w|e|b|r|e|n|d|e|r|,102210fe594ee9b33d82058545b1ed14f4c8206e,LastVisualChange,reddit-billgates-post-1.posts,True,reddit-billgates-post-1.posts LastVisualChange opt cold fission webrender,,77,ms,firefox,446821658.0,1842405151,2024-02-10 17:58:32,1972.9,f6690a5e6ceef6b384dc31d4485e790a4935508a,1375417,,,,,,,,,,,,,,,,,,,,,,,,,,,,,,,,,,,,,,,,,,,,,,,,,,,,,,,,,,,,,TN,TN
autoland,4060512,13,77a9707257b88d3b15060667769a2def98a71cff,windows10-64-shippable-qr,True,False,,|c|o|l|d| |f|i|s|s|i|o|n| |i|n|t|e|r|a|c|t|i|v|e| |w|e|b|r|e|n|d|e|r|,102210fe594ee9b33d82058545b1ed14f4c8206e,LastVisualChange,reddit-billgates-post-1.posts,True,reddit-billgates-post-1.posts LastVisualChange opt cold fission webrender,,77,ms,firefox,446840414.0,1842467676,2024-02-11 02:31:23,564.6,f92c77fccb76549171ecc809818a26b1eb883b43,1375439,,,,,,,,,,,,,,,,,,,,,,,,,,,,,,,,,,,,,,,,,,,,,,,,,,,,,,,,,,,,,TN,TN
autoland,4060512,13,77a9707257b88d3b15060667769a2def98a71cff,windows10-64-shippable-qr,True,False,,|c|o|l|d| |f|i|s|s|i|o|n| |i|n|t|e|r|a|c|t|i|v|e| |w|e|b|r|e|n|d|e|r|,102210fe594ee9b33d82058545b1ed14f4c8206e,LastVisualChange,reddit-billgates-post-1.posts,True,reddit-billgates-post-1.posts LastVisualChange opt cold fission webrender,,77,ms,firefox,446873638.0,1842615348,2024-02-11 15:25:51,596.3,13676fc9b0cd8461cb9863d3a2d1b9a696a9c0f5,1375518,,,,,,,,,,,,,,,,,,,,,,,,,,,,,,,,,,,,,,,,,,,,,,,,,,,,,,,,,,,,,TN,TN
autoland,4060512,13,77a9707257b88d3b15060667769a2def98a71cff,windows10-64-shippable-qr,True,False,,|c|o|l|d| |f|i|s|s|i|o|n| |i|n|t|e|r|a|c|t|i|v|e| |w|e|b|r|e|n|d|e|r|,102210fe594ee9b33d82058545b1ed14f4c8206e,LastVisualChange,reddit-billgates-post-1.posts,True,reddit-billgates-post-1.posts LastVisualChange opt cold fission webrender,,77,ms,firefox,446934973.0,1842876979,2024-02-12 14:26:47,597.4,d1700411923cc3f12ce388da3db2f024d7cc438d,1375793,,,,,,,,,,,,,,,,,,,,,,,,,,,,,,,,,,,,,,,,,,,,,,,,,,,,,,,,,,,,,TN,TN
autoland,4060512,13,77a9707257b88d3b15060667769a2def98a71cff,windows10-64-shippable-qr,True,False,,|c|o|l|d| |f|i|s|s|i|o|n| |i|n|t|e|r|a|c|t|i|v|e| |w|e|b|r|e|n|d|e|r|,102210fe594ee9b33d82058545b1ed14f4c8206e,LastVisualChange,reddit-billgates-post-1.posts,True,reddit-billgates-post-1.posts LastVisualChange opt cold fission webrender,,77,ms,firefox,447045454.0,1843233650,2024-02-12 15:03:24,589.4,1d7c6ca36b30093e9822c8c2e74db03474e093cd,1375832,,,,,,,,,,,,,,,,,,,,,,,,,,,,,,,,,,,,,,,,,,,,,,,,,,,,,,,,,,,,,TN,TN
autoland,4060512,13,77a9707257b88d3b15060667769a2def98a71cff,windows10-64-shippable-qr,True,False,,|c|o|l|d| |f|i|s|s|i|o|n| |i|n|t|e|r|a|c|t|i|v|e| |w|e|b|r|e|n|d|e|r|,102210fe594ee9b33d82058545b1ed14f4c8206e,LastVisualChange,reddit-billgates-post-1.posts,True,reddit-billgates-post-1.posts LastVisualChange opt cold fission webrender,,77,ms,firefox,447048604.0,1843239213,2024-02-12 15:04:07,565.6,39631cf9791b027f8480e62183e72f6daf8ae046,1375833,,,,,,,,,,,,,,,,,,,,,,,,,,,,,,,,,,,,,,,,,,,,,,,,,,,,,,,,,,,,,TN,TN
autoland,4060512,13,77a9707257b88d3b15060667769a2def98a71cff,windows10-64-shippable-qr,True,False,,|c|o|l|d| |f|i|s|s|i|o|n| |i|n|t|e|r|a|c|t|i|v|e| |w|e|b|r|e|n|d|e|r|,102210fe594ee9b33d82058545b1ed14f4c8206e,LastVisualChange,reddit-billgates-post-1.posts,True,reddit-billgates-post-1.posts LastVisualChange opt cold fission webrender,,77,ms,firefox,446944853.0,1842913641,2024-02-12 15:53:07,579.1,cab51450b6bd71ade4db0f49831f7e402b375b45,1375888,,,,,,,,,,,,,,,,,,,,,,,,,,,,,,,,,,,,,,,,,,,,,,,,,,,,,,,,,,,,,TN,TN
autoland,4060512,13,77a9707257b88d3b15060667769a2def98a71cff,windows10-64-shippable-qr,True,False,,|c|o|l|d| |f|i|s|s|i|o|n| |i|n|t|e|r|a|c|t|i|v|e| |w|e|b|r|e|n|d|e|r|,102210fe594ee9b33d82058545b1ed14f4c8206e,LastVisualChange,reddit-billgates-post-1.posts,True,reddit-billgates-post-1.posts LastVisualChange opt cold fission webrender,,77,ms,firefox,447044871.0,1843198952,2024-02-12 18:30:03,1948.6,753f8762281c81c9add69b918aa492348b16768f,1376028,,,,,,,,,,,,,,,,,,,,,,,,,,,,,,,,,,,,,,,,,,,,,,,,,,,,,,,,,,,,,TN,TN
autoland,4060512,13,77a9707257b88d3b15060667769a2def98a71cff,windows10-64-shippable-qr,True,False,,|c|o|l|d| |f|i|s|s|i|o|n| |i|n|t|e|r|a|c|t|i|v|e| |w|e|b|r|e|n|d|e|r|,102210fe594ee9b33d82058545b1ed14f4c8206e,LastVisualChange,reddit-billgates-post-1.posts,True,reddit-billgates-post-1.posts LastVisualChange opt cold fission webrender,,77,ms,firefox,447045210.0,1843206976,2024-02-12 18:31:48,565.4,86ac645e866184f4a0cbb7bcbebf05d1fd15b3b7,1376029,,,,,,,,,,,,,,,,,,,,,,,,,,,,,,,,,,,,,,,,,,,,,,,,,,,,,,,,,,,,,TN,TN
autoland,4060512,13,77a9707257b88d3b15060667769a2def98a71cff,windows10-64-shippable-qr,True,False,,|c|o|l|d| |f|i|s|s|i|o|n| |i|n|t|e|r|a|c|t|i|v|e| |w|e|b|r|e|n|d|e|r|,102210fe594ee9b33d82058545b1ed14f4c8206e,LastVisualChange,reddit-billgates-post-1.posts,True,reddit-billgates-post-1.posts LastVisualChange opt cold fission webrender,,77,ms,firefox,446978394.0,1842996574,2024-02-12 20:04:04,589.2,37ec3180a6cbce3bb2544f9a16b4ded4657c6eb6,1376093,,,,,,,,,,,,,,,,,,,,,,,,,,,,,,,,,,,,,,,,,,,,,,,,,,,,,,,,,,,,,TN,TN
autoland,4060512,13,77a9707257b88d3b15060667769a2def98a71cff,windows10-64-shippable-qr,True,False,,|c|o|l|d| |f|i|s|s|i|o|n| |i|n|t|e|r|a|c|t|i|v|e| |w|e|b|r|e|n|d|e|r|,102210fe594ee9b33d82058545b1ed14f4c8206e,LastVisualChange,reddit-billgates-post-1.posts,True,reddit-billgates-post-1.posts LastVisualChange opt cold fission webrender,,77,ms,firefox,446982539.0,1843012219,2024-02-12 20:15:07,617.9,995a3050d70cb954214be8710caa54a1794745ec,1376103,,,,,,,,,,,,,,,,,,,,,,,,,,,,,,,,,,,,,,,,,,,,,,,,,,,,,,,,,,,,,TN,TN
autoland,4060512,13,77a9707257b88d3b15060667769a2def98a71cff,windows10-64-shippable-qr,True,False,,|c|o|l|d| |f|i|s|s|i|o|n| |i|n|t|e|r|a|c|t|i|v|e| |w|e|b|r|e|n|d|e|r|,102210fe594ee9b33d82058545b1ed14f4c8206e,LastVisualChange,reddit-billgates-post-1.posts,True,reddit-billgates-post-1.posts LastVisualChange opt cold fission webrender,,77,ms,firefox,447045051.0,1843199470,2024-02-12 23:09:02,552.5,e7724c952412d5b322b1352d9665d9c956af76e8,1376230,,,,,,,,,,,,,,,,,,,,,,,,,,,,,,,,,,,,,,,,,,,,,,,,,,,,,,,,,,,,,TN,TN
autoland,4060512,13,77a9707257b88d3b15060667769a2def98a71cff,windows10-64-shippable-qr,True,False,,|c|o|l|d| |f|i|s|s|i|o|n| |i|n|t|e|r|a|c|t|i|v|e| |w|e|b|r|e|n|d|e|r|,102210fe594ee9b33d82058545b1ed14f4c8206e,LastVisualChange,reddit-billgates-post-1.posts,True,reddit-billgates-post-1.posts LastVisualChange opt cold fission webrender,,77,ms,firefox,447045302.0,1843228221,2024-02-12 23:09:49,559.2,81c51e73deee4f4acc645831425d6a915b7977e4,1376231,,,,,,,,,,,,,,,,,,,,,,,,,,,,,,,,,,,,,,,,,,,,,,,,,,,,,,,,,,,,,TN,TN
autoland,4060512,13,77a9707257b88d3b15060667769a2def98a71cff,windows10-64-shippable-qr,True,False,,|c|o|l|d| |f|i|s|s|i|o|n| |i|n|t|e|r|a|c|t|i|v|e| |w|e|b|r|e|n|d|e|r|,102210fe594ee9b33d82058545b1ed14f4c8206e,LastVisualChange,reddit-billgates-post-1.posts,True,reddit-billgates-post-1.posts LastVisualChange opt cold fission webrender,,77,ms,firefox,447022202.0,1843113104,2024-02-13 00:22:17,554.8,b316bafe790ef37c5585cadd21f6a2c8ebd749b9,1376256,,,,,,,,,,,,,,,,,,,,,,,,,,,,,,,,,,,,,,,,,,,,,,,,,,,,,,,,,,,,,TN,TN
autoland,4060512,13,77a9707257b88d3b15060667769a2def98a71cff,windows10-64-shippable-qr,True,False,,|c|o|l|d| |f|i|s|s|i|o|n| |i|n|t|e|r|a|c|t|i|v|e| |w|e|b|r|e|n|d|e|r|,102210fe594ee9b33d82058545b1ed14f4c8206e,LastVisualChange,reddit-billgates-post-1.posts,True,reddit-billgates-post-1.posts LastVisualChange opt cold fission webrender,,77,ms,firefox,447032515.0,1843153162,2024-02-13 02:51:29,1998.8,52fc8e3041c5f42dfa50438336b110a9a5e77f2b,1376298,,,,,,,,,,,,,,,,,,,,,,,,,,,,,,,,,,,,,,,,,,,,,,,,,,,,,,,,,,,,,TN,TN
autoland,4060512,13,77a9707257b88d3b15060667769a2def98a71cff,windows10-64-shippable-qr,True,False,,|c|o|l|d| |f|i|s|s|i|o|n| |i|n|t|e|r|a|c|t|i|v|e| |w|e|b|r|e|n|d|e|r|,102210fe594ee9b33d82058545b1ed14f4c8206e,LastVisualChange,reddit-billgates-post-1.posts,True,reddit-billgates-post-1.posts LastVisualChange opt cold fission webrender,,77,ms,firefox,447059372.0,1843285933,2024-02-13 06:57:28,564.6,5f6ad5b21119b4bbef2bc6c9153e0f7329c20ebe,1376370,,,,,,,,,,,,,,,,,,,,,,,,,,,,,,,,,,,,,,,,,,,,,,,,,,,,,,,,,,,,,TN,TN
autoland,4060512,13,77a9707257b88d3b15060667769a2def98a71cff,windows10-64-shippable-qr,True,False,,|c|o|l|d| |f|i|s|s|i|o|n| |i|n|t|e|r|a|c|t|i|v|e| |w|e|b|r|e|n|d|e|r|,102210fe594ee9b33d82058545b1ed14f4c8206e,LastVisualChange,reddit-billgates-post-1.posts,True,reddit-billgates-post-1.posts LastVisualChange opt cold fission webrender,,77,ms,firefox,447091694.0,1843378110,2024-02-13 09:49:45,1955.1,c5320acccd4a760b0ae41149fcdd8fe44b658ee7,1376447,,,,,,,,,,,,,,,,,,,,,,,,,,,,,,,,,,,,,,,,,,,,,,,,,,,,,,,,,,,,,TN,TN
autoland,4060512,13,77a9707257b88d3b15060667769a2def98a71cff,windows10-64-shippable-qr,True,False,,|c|o|l|d| |f|i|s|s|i|o|n| |i|n|t|e|r|a|c|t|i|v|e| |w|e|b|r|e|n|d|e|r|,102210fe594ee9b33d82058545b1ed14f4c8206e,LastVisualChange,reddit-billgates-post-1.posts,True,reddit-billgates-post-1.posts LastVisualChange opt cold fission webrender,,77,ms,firefox,447111736.0,1843467836,2024-02-13 13:45:34,571.9,0d474eb34652f4c47a16b6d83012c0f2e026dc00,1376559,,,,,,,,,,,,,,,,,,,,,,,,,,,,,,,,,,,,,,,,,,,,,,,,,,,,,,,,,,,,,TN,TN
autoland,4060512,13,77a9707257b88d3b15060667769a2def98a71cff,windows10-64-shippable-qr,True,False,,|c|o|l|d| |f|i|s|s|i|o|n| |i|n|t|e|r|a|c|t|i|v|e| |w|e|b|r|e|n|d|e|r|,102210fe594ee9b33d82058545b1ed14f4c8206e,LastVisualChange,reddit-billgates-post-1.posts,True,reddit-billgates-post-1.posts LastVisualChange opt cold fission webrender,,77,ms,firefox,447131438.0,1843545020,2024-02-13 16:46:39,590.3,17329a53b9f9a20247103958883a0ce7c42af78d,1376703,,,,,,,,,,,,,,,,,,,,,,,,,,,,,,,,,,,,,,,,,,,,,,,,,,,,,,,,,,,,,TN,TN
autoland,4060512,13,77a9707257b88d3b15060667769a2def98a71cff,windows10-64-shippable-qr,True,False,,|c|o|l|d| |f|i|s|s|i|o|n| |i|n|t|e|r|a|c|t|i|v|e| |w|e|b|r|e|n|d|e|r|,102210fe594ee9b33d82058545b1ed14f4c8206e,LastVisualChange,reddit-billgates-post-1.posts,True,reddit-billgates-post-1.posts LastVisualChange opt cold fission webrender,,77,ms,firefox,447196379.0,1843737444,2024-02-14 00:47:09,582.4,4a18caac75720f24abc9063ce8df5fa6b7948aa4,1376921,,,,,,,,,,,,,,,,,,,,,,,,,,,,,,,,,,,,,,,,,,,,,,,,,,,,,,,,,,,,,TN,TN
autoland,4060512,13,77a9707257b88d3b15060667769a2def98a71cff,windows10-64-shippable-qr,True,False,,|c|o|l|d| |f|i|s|s|i|o|n| |i|n|t|e|r|a|c|t|i|v|e| |w|e|b|r|e|n|d|e|r|,102210fe594ee9b33d82058545b1ed14f4c8206e,LastVisualChange,reddit-billgates-post-1.posts,True,reddit-billgates-post-1.posts LastVisualChange opt cold fission webrender,,77,ms,firefox,447199643.0,1843761427,2024-02-14 01:35:59,1981.5,aaaa3f2b8fed9e159a8b08e4263034e9a051be71,1376937,,,,,,,,,,,,,,,,,,,,,,,,,,,,,,,,,,,,,,,,,,,,,,,,,,,,,,,,,,,,,TN,TN
autoland,4060512,13,77a9707257b88d3b15060667769a2def98a71cff,windows10-64-shippable-qr,True,False,,|c|o|l|d| |f|i|s|s|i|o|n| |i|n|t|e|r|a|c|t|i|v|e| |w|e|b|r|e|n|d|e|r|,102210fe594ee9b33d82058545b1ed14f4c8206e,LastVisualChange,reddit-billgates-post-1.posts,True,reddit-billgates-post-1.posts LastVisualChange opt cold fission webrender,,77,ms,firefox,447217136.0,1843824301,2024-02-14 05:55:05,1992.9,1b24ea8c2e7e02f00bd61e8cd672da76b16c42a6,1376972,,,,,,,,,,,,,,,,,,,,,,,,,,,,,,,,,,,,,,,,,,,,,,,,,,,,,,,,,,,,,TN,TN
autoland,4060512,13,77a9707257b88d3b15060667769a2def98a71cff,windows10-64-shippable-qr,True,False,,|c|o|l|d| |f|i|s|s|i|o|n| |i|n|t|e|r|a|c|t|i|v|e| |w|e|b|r|e|n|d|e|r|,102210fe594ee9b33d82058545b1ed14f4c8206e,LastVisualChange,reddit-billgates-post-1.posts,True,reddit-billgates-post-1.posts LastVisualChange opt cold fission webrender,,77,ms,firefox,447274606.0,1843977250,2024-02-14 15:32:04,1965.7,dca10aca1871edfdba5107bc7766982b186d7f2c,1377071,,,,,,,,,,,,,,,,,,,,,,,,,,,,,,,,,,,,,,,,,,,,,,,,,,,,,,,,,,,,,TN,TN
autoland,4060512,13,77a9707257b88d3b15060667769a2def98a71cff,windows10-64-shippable-qr,True,False,,|c|o|l|d| |f|i|s|s|i|o|n| |i|n|t|e|r|a|c|t|i|v|e| |w|e|b|r|e|n|d|e|r|,102210fe594ee9b33d82058545b1ed14f4c8206e,LastVisualChange,reddit-billgates-post-1.posts,True,reddit-billgates-post-1.posts LastVisualChange opt cold fission webrender,,77,ms,firefox,447280337.0,1843998200,2024-02-14 15:37:30,562.7,2ea0fda6ec6ed02a530a3a4bb67fabb0d14d403f,1377078,,,,,,,,,,,,,,,,,,,,,,,,,,,,,,,,,,,,,,,,,,,,,,,,,,,,,,,,,,,,,TN,TN
autoland,4060512,13,77a9707257b88d3b15060667769a2def98a71cff,windows10-64-shippable-qr,True,False,,|c|o|l|d| |f|i|s|s|i|o|n| |i|n|t|e|r|a|c|t|i|v|e| |w|e|b|r|e|n|d|e|r|,102210fe594ee9b33d82058545b1ed14f4c8206e,LastVisualChange,reddit-billgates-post-1.posts,True,reddit-billgates-post-1.posts LastVisualChange opt cold fission webrender,,77,ms,firefox,447349272.0,1844243611,2024-02-14 17:52:22,583.3,466985b4c0ca5b200d4dac6fe17e528f81b1c8a7,1377119,,,,,,,,,,,,,,,,,,,,,,,,,,,,,,,,,,,,,,,,,,,,,,,,,,,,,,,,,,,,,TN,TN
autoland,4060512,13,77a9707257b88d3b15060667769a2def98a71cff,windows10-64-shippable-qr,True,False,,|c|o|l|d| |f|i|s|s|i|o|n| |i|n|t|e|r|a|c|t|i|v|e| |w|e|b|r|e|n|d|e|r|,102210fe594ee9b33d82058545b1ed14f4c8206e,LastVisualChange,reddit-billgates-post-1.posts,True,reddit-billgates-post-1.posts LastVisualChange opt cold fission webrender,,77,ms,firefox,447356487.0,1844286737,2024-02-14 17:53:01,546.3,223dbcb9e4a51eb75c8c9ed3cd201826a8600b3b,1377120,,,,,,,,,,,,,,,,,,,,,,,,,,,,,,,,,,,,,,,,,,,,,,,,,,,,,,,,,,,,,TN,TN
autoland,4060512,13,77a9707257b88d3b15060667769a2def98a71cff,windows10-64-shippable-qr,True,False,,|c|o|l|d| |f|i|s|s|i|o|n| |i|n|t|e|r|a|c|t|i|v|e| |w|e|b|r|e|n|d|e|r|,102210fe594ee9b33d82058545b1ed14f4c8206e,LastVisualChange,reddit-billgates-post-1.posts,True,reddit-billgates-post-1.posts LastVisualChange opt cold fission webrender,,77,ms,firefox,447312651.0,1844089454,2024-02-14 20:39:05,548.1,b0b34dab81d56b5e5ee526c9f44e926db4b27dce,1377195,,,,,,,,,,,,,,,,,,,,,,,,,,,,,,,,,,,,,,,,,,,,,,,,,,,,,,,,,,,,,TN,TN
autoland,4060512,13,77a9707257b88d3b15060667769a2def98a71cff,windows10-64-shippable-qr,True,False,,|c|o|l|d| |f|i|s|s|i|o|n| |i|n|t|e|r|a|c|t|i|v|e| |w|e|b|r|e|n|d|e|r|,102210fe594ee9b33d82058545b1ed14f4c8206e,LastVisualChange,reddit-billgates-post-1.posts,True,reddit-billgates-post-1.posts LastVisualChange opt cold fission webrender,,77,ms,firefox,447331713.0,1844157476,2024-02-15 00:51:05,585.5,981afc9a696a12b7e873eae165925138a2726efe,1377256,,,,,,,,,,,,,,,,,,,,,,,,,,,,,,,,,,,,,,,,,,,,,,,,,,,,,,,,,,,,,TN,TN
autoland,4060512,13,77a9707257b88d3b15060667769a2def98a71cff,windows10-64-shippable-qr,True,False,,|c|o|l|d| |f|i|s|s|i|o|n| |i|n|t|e|r|a|c|t|i|v|e| |w|e|b|r|e|n|d|e|r|,102210fe594ee9b33d82058545b1ed14f4c8206e,LastVisualChange,reddit-billgates-post-1.posts,True,reddit-billgates-post-1.posts LastVisualChange opt cold fission webrender,,77,ms,firefox,447348962.0,1844238168,2024-02-15 04:52:31,579.3,aa5fc411278d3beae081682cb31a2167257d3aed,1377304,,,,,,,,,,,,,,,,,,,,,,,,,,,,,,,,,,,,,,,,,,,,,,,,,,,,,,,,,,,,,TN,TN
autoland,4060512,13,77a9707257b88d3b15060667769a2def98a71cff,windows10-64-shippable-qr,True,False,,|c|o|l|d| |f|i|s|s|i|o|n| |i|n|t|e|r|a|c|t|i|v|e| |w|e|b|r|e|n|d|e|r|,102210fe594ee9b33d82058545b1ed14f4c8206e,LastVisualChange,reddit-billgates-post-1.posts,True,reddit-billgates-post-1.posts LastVisualChange opt cold fission webrender,,77,ms,firefox,447393764.0,1844398419,2024-02-15 12:49:34,1996.2,2b4e9ee6225f1183da45d24404e72f48e3803f08,1377375,,,,,,,,,,,,,,,,,,,,,,,,,,,,,,,,,,,,,,,,,,,,,,,,,,,,,,,,,,,,,TN,TN
autoland,4060512,13,77a9707257b88d3b15060667769a2def98a71cff,windows10-64-shippable-qr,True,False,,|c|o|l|d| |f|i|s|s|i|o|n| |i|n|t|e|r|a|c|t|i|v|e| |w|e|b|r|e|n|d|e|r|,102210fe594ee9b33d82058545b1ed14f4c8206e,LastVisualChange,reddit-billgates-post-1.posts,True,reddit-billgates-post-1.posts LastVisualChange opt cold fission webrender,,77,ms,firefox,447409418.0,1844460945,2024-02-15 16:23:45,2015.8,dbe553dd13b79a3c4821f203f3adca31fe71cc56,1377427,,,,,,,,,,,,,,,,,,,,,,,,,,,,,,,,,,,,,,,,,,,,,,,,,,,,,,,,,,,,,TN,TN
autoland,4060512,13,77a9707257b88d3b15060667769a2def98a71cff,windows10-64-shippable-qr,True,False,,|c|o|l|d| |f|i|s|s|i|o|n| |i|n|t|e|r|a|c|t|i|v|e| |w|e|b|r|e|n|d|e|r|,102210fe594ee9b33d82058545b1ed14f4c8206e,LastVisualChange,reddit-billgates-post-1.posts,True,reddit-billgates-post-1.posts LastVisualChange opt cold fission webrender,,77,ms,firefox,447473453.0,1844693130,2024-02-15 16:24:25,570.6,960b4f0570e98c1d761e11649d09838eb8123a33,1377428,,,,,,,,,,,,,,,,,,,,,,,,,,,,,,,,,,,,,,,,,,,,,,,,,,,,,,,,,,,,,TN,TN
autoland,4060512,13,77a9707257b88d3b15060667769a2def98a71cff,windows10-64-shippable-qr,True,False,,|c|o|l|d| |f|i|s|s|i|o|n| |i|n|t|e|r|a|c|t|i|v|e| |w|e|b|r|e|n|d|e|r|,102210fe594ee9b33d82058545b1ed14f4c8206e,LastVisualChange,reddit-billgates-post-1.posts,True,reddit-billgates-post-1.posts LastVisualChange opt cold fission webrender,,77,ms,firefox,447432428.0,1844550809,2024-02-15 20:44:46,592.6,02d5bc9805676f9a22f3cef50c86ddc38e7534d9,1377493,,,,,,,,,,,,,,,,,,,,,,,,,,,,,,,,,,,,,,,,,,,,,,,,,,,,,,,,,,,,,TN,TN
autoland,4060512,13,77a9707257b88d3b15060667769a2def98a71cff,windows10-64-shippable-qr,True,False,,|c|o|l|d| |f|i|s|s|i|o|n| |i|n|t|e|r|a|c|t|i|v|e| |w|e|b|r|e|n|d|e|r|,102210fe594ee9b33d82058545b1ed14f4c8206e,LastVisualChange,reddit-billgates-post-1.posts,True,reddit-billgates-post-1.posts LastVisualChange opt cold fission webrender,,77,ms,firefox,447449209.0,1844615272,2024-02-15 22:19:13,562.7,798af36e79586239c3954fe06796d9a27a353b92,1377518,,,,,,,,,,,,,,,,,,,,,,,,,,,,,,,,,,,,,,,,,,,,,,,,,,,,,,,,,,,,,TN,TN
autoland,4060512,13,77a9707257b88d3b15060667769a2def98a71cff,windows10-64-shippable-qr,True,False,,|c|o|l|d| |f|i|s|s|i|o|n| |i|n|t|e|r|a|c|t|i|v|e| |w|e|b|r|e|n|d|e|r|,102210fe594ee9b33d82058545b1ed14f4c8206e,LastVisualChange,reddit-billgates-post-1.posts,True,reddit-billgates-post-1.posts LastVisualChange opt cold fission webrender,,77,ms,firefox,447482269.0,1844717292,2024-02-16 06:24:45,554.9,861d200fe3e761e23bbb6ce556446725fb01cd43,1378006,,,,,,,,,,,,,,,,,,,,,,,,,,,,,,,,,,,,,,,,,,,,,,,,,,,,,,,,,,,,,TN,TN
autoland,4060512,13,77a9707257b88d3b15060667769a2def98a71cff,windows10-64-shippable-qr,True,False,,|c|o|l|d| |f|i|s|s|i|o|n| |i|n|t|e|r|a|c|t|i|v|e| |w|e|b|r|e|n|d|e|r|,102210fe594ee9b33d82058545b1ed14f4c8206e,LastVisualChange,reddit-billgates-post-1.posts,True,reddit-billgates-post-1.posts LastVisualChange opt cold fission webrender,,77,ms,firefox,447522226.0,1844830564,2024-02-16 14:55:53,565.8,313b43f262a908e7e012c7d19f326345a0863bae,1378386,,,,,,,,,,,,,,,,,,,,,,,,,,,,,,,,,,,,,,,,,,,,,,,,,,,,,,,,,,,,,TN,TN
autoland,4060512,13,77a9707257b88d3b15060667769a2def98a71cff,windows10-64-shippable-qr,True,False,,|c|o|l|d| |f|i|s|s|i|o|n| |i|n|t|e|r|a|c|t|i|v|e| |w|e|b|r|e|n|d|e|r|,102210fe594ee9b33d82058545b1ed14f4c8206e,LastVisualChange,reddit-billgates-post-1.posts,True,reddit-billgates-post-1.posts LastVisualChange opt cold fission webrender,,77,ms,firefox,447565117.0,1845031073,2024-02-17 16:55:38,585.5,2af34b4c9adf8c8defd3251b569af9c38cc0a429,1378583,,,,,,,,,,,,,,,,,,,,,,,,,,,,,,,,,,,,,,,,,,,,,,,,,,,,,,,,,,,,,TN,TN
autoland,4060512,13,77a9707257b88d3b15060667769a2def98a71cff,windows10-64-shippable-qr,True,False,,|c|o|l|d| |f|i|s|s|i|o|n| |i|n|t|e|r|a|c|t|i|v|e| |w|e|b|r|e|n|d|e|r|,102210fe594ee9b33d82058545b1ed14f4c8206e,LastVisualChange,reddit-billgates-post-1.posts,True,reddit-billgates-post-1.posts LastVisualChange opt cold fission webrender,,77,ms,firefox,447596015.0,1845209037,2024-02-19 03:31:58,457.3,fcdb3e9046c67688b2a5b8aeb6451b081b3b52ea,1378717,,,,,,,,,,,,,,,,,,,,,,,,,,,,,,,,,,,,,,,,,,,,,,,,,,,,,,,,,,,,,TN,TN
autoland,4060512,13,77a9707257b88d3b15060667769a2def98a71cff,windows10-64-shippable-qr,True,False,,|c|o|l|d| |f|i|s|s|i|o|n| |i|n|t|e|r|a|c|t|i|v|e| |w|e|b|r|e|n|d|e|r|,102210fe594ee9b33d82058545b1ed14f4c8206e,LastVisualChange,reddit-billgates-post-1.posts,True,reddit-billgates-post-1.posts LastVisualChange opt cold fission webrender,,77,ms,firefox,447617157.0,1845329902,2024-02-19 10:14:02,568.9,1dcfa194ad7d005175d431adf6ee3b93c00fb453,1378796,,,,,,,,,,,,,,,,,,,,,,,,,,,,,,,,,,,,,,,,,,,,,,,,,,,,,,,,,,,,,TN,TN
autoland,4060512,13,77a9707257b88d3b15060667769a2def98a71cff,windows10-64-shippable-qr,True,False,,|c|o|l|d| |f|i|s|s|i|o|n| |i|n|t|e|r|a|c|t|i|v|e| |w|e|b|r|e|n|d|e|r|,102210fe594ee9b33d82058545b1ed14f4c8206e,LastVisualChange,reddit-billgates-post-1.posts,True,reddit-billgates-post-1.posts LastVisualChange opt cold fission webrender,,77,ms,firefox,447641728.0,1845380293,2024-02-19 12:40:02,552.2,ac4ab326e785a5ad42ce51b54749c2bcce394916,1378838,,,,,,,,,,,,,,,,,,,,,,,,,,,,,,,,,,,,,,,,,,,,,,,,,,,,,,,,,,,,,TN,TN
autoland,4060512,13,77a9707257b88d3b15060667769a2def98a71cff,windows10-64-shippable-qr,True,False,,|c|o|l|d| |f|i|s|s|i|o|n| |i|n|t|e|r|a|c|t|i|v|e| |w|e|b|r|e|n|d|e|r|,102210fe594ee9b33d82058545b1ed14f4c8206e,LastVisualChange,reddit-billgates-post-1.posts,True,reddit-billgates-post-1.posts LastVisualChange opt cold fission webrender,,77,ms,firefox,447667605.0,1845443526,2024-02-19 16:50:13,2018.9,bef8b1b461b8524917fc01cd866e903290b1d7f6,1378949,,,,,,,,,,,,,,,,,,,,,,,,,,,,,,,,,,,,,,,,,,,,,,,,,,,,,,,,,,,,,TN,TN
autoland,4060512,13,77a9707257b88d3b15060667769a2def98a71cff,windows10-64-shippable-qr,True,False,,|c|o|l|d| |f|i|s|s|i|o|n| |i|n|t|e|r|a|c|t|i|v|e| |w|e|b|r|e|n|d|e|r|,102210fe594ee9b33d82058545b1ed14f4c8206e,LastVisualChange,reddit-billgates-post-1.posts,True,reddit-billgates-post-1.posts LastVisualChange opt cold fission webrender,,77,ms,firefox,447689065.0,1845506006,2024-02-19 20:56:27,1985.5,2f43b0ae1352efb25f67ffe4f86884c0eb959adb,1379008,,,,,,,,,,,,,,,,,,,,,,,,,,,,,,,,,,,,,,,,,,,,,,,,,,,,,,,,,,,,,TN,TN
autoland,4060512,13,77a9707257b88d3b15060667769a2def98a71cff,windows10-64-shippable-qr,True,False,,|c|o|l|d| |f|i|s|s|i|o|n| |i|n|t|e|r|a|c|t|i|v|e| |w|e|b|r|e|n|d|e|r|,102210fe594ee9b33d82058545b1ed14f4c8206e,LastVisualChange,reddit-billgates-post-1.posts,True,reddit-billgates-post-1.posts LastVisualChange opt cold fission webrender,,77,ms,firefox,447699672.0,1845555375,2024-02-19 22:19:49,579.1,e9309553f817fa164bde4c229fe12ae51207bed9,1379038,,,,,,,,,,,,,,,,,,,,,,,,,,,,,,,,,,,,,,,,,,,,,,,,,,,,,,,,,,,,,TN,TN
autoland,4060512,13,77a9707257b88d3b15060667769a2def98a71cff,windows10-64-shippable-qr,True,False,,|c|o|l|d| |f|i|s|s|i|o|n| |i|n|t|e|r|a|c|t|i|v|e| |w|e|b|r|e|n|d|e|r|,102210fe594ee9b33d82058545b1ed14f4c8206e,LastVisualChange,reddit-billgates-post-1.posts,True,reddit-billgates-post-1.posts LastVisualChange opt cold fission webrender,,77,ms,firefox,447716329.0,1845642751,2024-02-19 22:21:54,568.7,da0966c2c2d5b4f7c7f1b4d5702cd8c1f77e8633,1379039,,,,,,,,,,,,,,,,,,,,,,,,,,,,,,,,,,,,,,,,,,,,,,,,,,,,,,,,,,,,,TN,TN
autoland,4060512,13,77a9707257b88d3b15060667769a2def98a71cff,windows10-64-shippable-qr,True,False,,|c|o|l|d| |f|i|s|s|i|o|n| |i|n|t|e|r|a|c|t|i|v|e| |w|e|b|r|e|n|d|e|r|,102210fe594ee9b33d82058545b1ed14f4c8206e,LastVisualChange,reddit-billgates-post-1.posts,True,reddit-billgates-post-1.posts LastVisualChange opt cold fission webrender,,77,ms,firefox,447712414.0,1845604562,2024-02-20 03:01:00,562.7,ad2add2f3c608b924436c34684c1a775130e74ce,1379095,,,,,,,,,,,,,,,,,,,,,,,,,,,,,,,,,,,,,,,,,,,,,,,,,,,,,,,,,,,,,TN,TN
autoland,4060512,13,77a9707257b88d3b15060667769a2def98a71cff,windows10-64-shippable-qr,True,False,,|c|o|l|d| |f|i|s|s|i|o|n| |i|n|t|e|r|a|c|t|i|v|e| |w|e|b|r|e|n|d|e|r|,102210fe594ee9b33d82058545b1ed14f4c8206e,LastVisualChange,reddit-billgates-post-1.posts,True,reddit-billgates-post-1.posts LastVisualChange opt cold fission webrender,,77,ms,firefox,447732435.0,1845718941,2024-02-20 09:01:06,555.1,cc3c4937fb69e80b552b61a4f2dfd1405b518d89,1379152,,,,,,,,,,,,,,,,,,,,,,,,,,,,,,,,,,,,,,,,,,,,,,,,,,,,,,,,,,,,,TN,TN
autoland,4060512,13,77a9707257b88d3b15060667769a2def98a71cff,windows10-64-shippable-qr,True,False,,|c|o|l|d| |f|i|s|s|i|o|n| |i|n|t|e|r|a|c|t|i|v|e| |w|e|b|r|e|n|d|e|r|,102210fe594ee9b33d82058545b1ed14f4c8206e,LastVisualChange,reddit-billgates-post-1.posts,True,reddit-billgates-post-1.posts LastVisualChange opt cold fission webrender,,77,ms,firefox,447778566.0,1845896657,2024-02-20 16:46:59,590.2,0465723cfb4ca46ccf93d696eb564093a1d9f2e6,1379390,,,,,,,,,,,,,,,,,,,,,,,,,,,,,,,,,,,,,,,,,,,,,,,,,,,,,,,,,,,,,TN,TN
autoland,4060512,13,77a9707257b88d3b15060667769a2def98a71cff,windows10-64-shippable-qr,True,False,,|c|o|l|d| |f|i|s|s|i|o|n| |i|n|t|e|r|a|c|t|i|v|e| |w|e|b|r|e|n|d|e|r|,102210fe594ee9b33d82058545b1ed14f4c8206e,LastVisualChange,reddit-billgates-post-1.posts,True,reddit-billgates-post-1.posts LastVisualChange opt cold fission webrender,,77,ms,firefox,447801317.0,1845962978,2024-02-20 20:06:07,562.7,53f7baad39fc2408bc5c1ab6df97372a395730a4,1379528,,,,,,,,,,,,,,,,,,,,,,,,,,,,,,,,,,,,,,,,,,,,,,,,,,,,,,,,,,,,,TN,TN
autoland,4060512,13,77a9707257b88d3b15060667769a2def98a71cff,windows10-64-shippable-qr,True,False,,|c|o|l|d| |f|i|s|s|i|o|n| |i|n|t|e|r|a|c|t|i|v|e| |w|e|b|r|e|n|d|e|r|,102210fe594ee9b33d82058545b1ed14f4c8206e,LastVisualChange,reddit-billgates-post-1.posts,True,reddit-billgates-post-1.posts LastVisualChange opt cold fission webrender,,77,ms,firefox,447831867.0,1846062150,2024-02-21 00:08:41,562.0,05e1180d2aa04a8882ff66dfaeeb0705694f7a61,1379609,,,,,,,,,,,,,,,,,,,,,,,,,,,,,,,,,,,,,,,,,,,,,,,,,,,,,,,,,,,,,TN,TN
autoland,4060512,13,77a9707257b88d3b15060667769a2def98a71cff,windows10-64-shippable-qr,True,False,,|c|o|l|d| |f|i|s|s|i|o|n| |i|n|t|e|r|a|c|t|i|v|e| |w|e|b|r|e|n|d|e|r|,102210fe594ee9b33d82058545b1ed14f4c8206e,LastVisualChange,reddit-billgates-post-1.posts,True,reddit-billgates-post-1.posts LastVisualChange opt cold fission webrender,,77,ms,firefox,447833038.0,1846076311,2024-02-21 00:41:01,552.4,119078d182dd2557cd70eb6933abc1ecfb499edd,1379618,,,,,,,,,,,,,,,,,,,,,,,,,,,,,,,,,,,,,,,,,,,,,,,,,,,,,,,,,,,,,TN,TN
autoland,4060512,13,77a9707257b88d3b15060667769a2def98a71cff,windows10-64-shippable-qr,True,False,,|c|o|l|d| |f|i|s|s|i|o|n| |i|n|t|e|r|a|c|t|i|v|e| |w|e|b|r|e|n|d|e|r|,102210fe594ee9b33d82058545b1ed14f4c8206e,LastVisualChange,reddit-billgates-post-1.posts,True,reddit-billgates-post-1.posts LastVisualChange opt cold fission webrender,,77,ms,firefox,447846208.0,1846139558,2024-02-21 05:21:04,631.0,714d9f89093457451e3881a56b2477e958b70fe0,1379764,,,,,,,,,,,,,,,,,,,,,,,,,,,,,,,,,,,,,,,,,,,,,,,,,,,,,,,,,,,,,TN,TN
autoland,4060512,13,77a9707257b88d3b15060667769a2def98a71cff,windows10-64-shippable-qr,True,False,,|c|o|l|d| |f|i|s|s|i|o|n| |i|n|t|e|r|a|c|t|i|v|e| |w|e|b|r|e|n|d|e|r|,102210fe594ee9b33d82058545b1ed14f4c8206e,LastVisualChange,reddit-billgates-post-1.posts,True,reddit-billgates-post-1.posts LastVisualChange opt cold fission webrender,,77,ms,firefox,447877702.0,1846246280,2024-02-21 10:11:10,1985.9,764b93d1a22891bddaaec4e5f73836957d938bac,1379832,,,,,,,,,,,,,,,,,,,,,,,,,,,,,,,,,,,,,,,,,,,,,,,,,,,,,,,,,,,,,TN,TN
autoland,4060512,13,77a9707257b88d3b15060667769a2def98a71cff,windows10-64-shippable-qr,True,False,,|c|o|l|d| |f|i|s|s|i|o|n| |i|n|t|e|r|a|c|t|i|v|e| |w|e|b|r|e|n|d|e|r|,102210fe594ee9b33d82058545b1ed14f4c8206e,LastVisualChange,reddit-billgates-post-1.posts,True,reddit-billgates-post-1.posts LastVisualChange opt cold fission webrender,,77,ms,firefox,447884395.0,1846291609,2024-02-21 10:22:21,1989.6,24ffc625c71e9cb6e20c48936ac06da6ec066694,1379838,,,,,,,,,,,,,,,,,,,,,,,,,,,,,,,,,,,,,,,,,,,,,,,,,,,,,,,,,,,,,TN,TN
autoland,4060512,13,77a9707257b88d3b15060667769a2def98a71cff,windows10-64-shippable-qr,True,False,,|c|o|l|d| |f|i|s|s|i|o|n| |i|n|t|e|r|a|c|t|i|v|e| |w|e|b|r|e|n|d|e|r|,102210fe594ee9b33d82058545b1ed14f4c8206e,LastVisualChange,reddit-billgates-post-1.posts,True,reddit-billgates-post-1.posts LastVisualChange opt cold fission webrender,,77,ms,firefox,447914908.0,1846387447,2024-02-21 14:24:58,558.6,799f79fdcedba2bbccee86179c8b547894a16162,1379926,,,,,,,,,,,,,,,,,,,,,,,,,,,,,,,,,,,,,,,,,,,,,,,,,,,,,,,,,,,,,TN,TN
autoland,4060512,13,77a9707257b88d3b15060667769a2def98a71cff,windows10-64-shippable-qr,True,False,,|c|o|l|d| |f|i|s|s|i|o|n| |i|n|t|e|r|a|c|t|i|v|e| |w|e|b|r|e|n|d|e|r|,102210fe594ee9b33d82058545b1ed14f4c8206e,LastVisualChange,reddit-billgates-post-1.posts,True,reddit-billgates-post-1.posts LastVisualChange opt cold fission webrender,,77,ms,firefox,447921304.0,1846420620,2024-02-21 15:14:56,551.9,f8dd4015fa59fee3a1a74c00cd2393a9578e49f0,1379958,,,,,,,,,,,,,,,,,,,,,,,,,,,,,,,,,,,,,,,,,,,,,,,,,,,,,,,,,,,,,TN,TN
autoland,4060512,13,77a9707257b88d3b15060667769a2def98a71cff,windows10-64-shippable-qr,True,False,,|c|o|l|d| |f|i|s|s|i|o|n| |i|n|t|e|r|a|c|t|i|v|e| |w|e|b|r|e|n|d|e|r|,102210fe594ee9b33d82058545b1ed14f4c8206e,LastVisualChange,reddit-billgates-post-1.posts,True,reddit-billgates-post-1.posts LastVisualChange opt cold fission webrender,,77,ms,firefox,447956466.0,1846631963,2024-02-21 20:37:48,601.5,bec4dc4bd9ce0a51dab009936bc838963e3f16b3,1380197,,,,,,,,,,,,,,,,,,,,,,,,,,,,,,,,,,,,,,,,,,,,,,,,,,,,,,,,,,,,,TN,TN
autoland,4060512,13,77a9707257b88d3b15060667769a2def98a71cff,windows10-64-shippable-qr,True,False,,|c|o|l|d| |f|i|s|s|i|o|n| |i|n|t|e|r|a|c|t|i|v|e| |w|e|b|r|e|n|d|e|r|,102210fe594ee9b33d82058545b1ed14f4c8206e,LastVisualChange,reddit-billgates-post-1.posts,True,reddit-billgates-post-1.posts LastVisualChange opt cold fission webrender,,77,ms,firefox,447961845.0,1846692622,2024-02-21 20:47:55,572.5,31b9ef95a482db91c24a809eb6a64f2c0d7f8f9d,1380210,,,,,,,,,,,,,,,,,,,,,,,,,,,,,,,,,,,,,,,,,,,,,,,,,,,,,,,,,,,,,TN,TN
autoland,4060512,13,77a9707257b88d3b15060667769a2def98a71cff,windows10-64-shippable-qr,True,False,,|c|o|l|d| |f|i|s|s|i|o|n| |i|n|t|e|r|a|c|t|i|v|e| |w|e|b|r|e|n|d|e|r|,102210fe594ee9b33d82058545b1ed14f4c8206e,LastVisualChange,reddit-billgates-post-1.posts,True,reddit-billgates-post-1.posts LastVisualChange opt cold fission webrender,,77,ms,firefox,447993971.0,1846802396,2024-02-22 00:49:41,544.7,445c60e096fe3cdc8b7169881875c476febfe082,1380338,,,,,,,,,,,,,,,,,,,,,,,,,,,,,,,,,,,,,,,,,,,,,,,,,,,,,,,,,,,,,TN,TN
autoland,4060512,13,77a9707257b88d3b15060667769a2def98a71cff,windows10-64-shippable-qr,True,False,,|c|o|l|d| |f|i|s|s|i|o|n| |i|n|t|e|r|a|c|t|i|v|e| |w|e|b|r|e|n|d|e|r|,102210fe594ee9b33d82058545b1ed14f4c8206e,LastVisualChange,reddit-billgates-post-1.posts,True,reddit-billgates-post-1.posts LastVisualChange opt cold fission webrender,,77,ms,firefox,448161001.0,1847481221,2024-02-22 00:56:42,2032.7,c5e3b3132f32b45a2d65870d86690f854c5531fb,1380343,,,,,,,,,,,,,,,,,,,,,,,,,,,,,,,,,,,,,,,,,,,,,,,,,,,,,,,,,,,,,TN,TN
autoland,4060512,13,77a9707257b88d3b15060667769a2def98a71cff,windows10-64-shippable-qr,True,False,,|c|o|l|d| |f|i|s|s|i|o|n| |i|n|t|e|r|a|c|t|i|v|e| |w|e|b|r|e|n|d|e|r|,102210fe594ee9b33d82058545b1ed14f4c8206e,LastVisualChange,reddit-billgates-post-1.posts,True,reddit-billgates-post-1.posts LastVisualChange opt cold fission webrender,,77,ms,firefox,448161063.0,1847481028,2024-02-22 02:02:43,582.4,c5bcba5528449aa68d66ae69932dfb3ae2d19030,1380372,,,,,,,,,,,,,,,,,,,,,,,,,,,,,,,,,,,,,,,,,,,,,,,,,,,,,,,,,,,,,TN,TN
autoland,4060512,13,77a9707257b88d3b15060667769a2def98a71cff,windows10-64-shippable-qr,True,False,,|c|o|l|d| |f|i|s|s|i|o|n| |i|n|t|e|r|a|c|t|i|v|e| |w|e|b|r|e|n|d|e|r|,102210fe594ee9b33d82058545b1ed14f4c8206e,LastVisualChange,reddit-billgates-post-1.posts,True,reddit-billgates-post-1.posts LastVisualChange opt cold fission webrender,,77,ms,firefox,447998741.0,1846835227,2024-02-22 02:03:24,582.3,093d37f32ef033aa168508e96b9ec2e753850ccc,1380373,,,,,,,,,,,,,,,,,,,,,,,,,,,,,,,,,,,,,,,,,,,,,,,,,,,,,,,,,,,,,TN,TN
autoland,4060512,13,77a9707257b88d3b15060667769a2def98a71cff,windows10-64-shippable-qr,True,False,,|c|o|l|d| |f|i|s|s|i|o|n| |i|n|t|e|r|a|c|t|i|v|e| |w|e|b|r|e|n|d|e|r|,102210fe594ee9b33d82058545b1ed14f4c8206e,LastVisualChange,reddit-billgates-post-1.posts,True,reddit-billgates-post-1.posts LastVisualChange opt cold fission webrender,,77,ms,firefox,448017551.0,1846939958,2024-02-22 06:55:22,562.4,e32e8effe8493ec71ad7a3b2b043f7742905b2be,1380445,,,,,,,,,,,,,,,,,,,,,,,,,,,,,,,,,,,,,,,,,,,,,,,,,,,,,,,,,,,,,TN,TN
autoland,4060512,13,77a9707257b88d3b15060667769a2def98a71cff,windows10-64-shippable-qr,True,False,,|c|o|l|d| |f|i|s|s|i|o|n| |i|n|t|e|r|a|c|t|i|v|e| |w|e|b|r|e|n|d|e|r|,102210fe594ee9b33d82058545b1ed14f4c8206e,LastVisualChange,reddit-billgates-post-1.posts,True,reddit-billgates-post-1.posts LastVisualChange opt cold fission webrender,,77,ms,firefox,448039978.0,1846993195,2024-02-22 08:58:43,555.9,836800665817ebbf328952caef8477f135630733,1380488,,,,,,,,,,,,,,,,,,,,,,,,,,,,,,,,,,,,,,,,,,,,,,,,,,,,,,,,,,,,,TN,TN
autoland,4060512,13,77a9707257b88d3b15060667769a2def98a71cff,windows10-64-shippable-qr,True,False,,|c|o|l|d| |f|i|s|s|i|o|n| |i|n|t|e|r|a|c|t|i|v|e| |w|e|b|r|e|n|d|e|r|,102210fe594ee9b33d82058545b1ed14f4c8206e,LastVisualChange,reddit-billgates-post-1.posts,True,reddit-billgates-post-1.posts LastVisualChange opt cold fission webrender,,77,ms,firefox,448073734.0,1847155634,2024-02-22 12:54:00,586.7,583b3985eb0c0410cf6ebaf8e2f5c576185726c5,1380594,,,,,,,,,,,,,,,,,,,,,,,,,,,,,,,,,,,,,,,,,,,,,,,,,,,,,,,,,,,,,TN,TN
autoland,4060512,13,77a9707257b88d3b15060667769a2def98a71cff,windows10-64-shippable-qr,True,False,,|c|o|l|d| |f|i|s|s|i|o|n| |i|n|t|e|r|a|c|t|i|v|e| |w|e|b|r|e|n|d|e|r|,102210fe594ee9b33d82058545b1ed14f4c8206e,LastVisualChange,reddit-billgates-post-1.posts,True,reddit-billgates-post-1.posts LastVisualChange opt cold fission webrender,,77,ms,firefox,448166844.0,1847565243,2024-02-22 13:02:14,562.8,97926aad2648cc77b8f5753c0c31e56cb3ca5f7d,1380599,,,,,,,,,,,,,,,,,,,,,,,,,,,,,,,,,,,,,,,,,,,,,,,,,,,,,,,,,,,,,TN,TN
autoland,4060512,13,77a9707257b88d3b15060667769a2def98a71cff,windows10-64-shippable-qr,True,False,,|c|o|l|d| |f|i|s|s|i|o|n| |i|n|t|e|r|a|c|t|i|v|e| |w|e|b|r|e|n|d|e|r|,102210fe594ee9b33d82058545b1ed14f4c8206e,LastVisualChange,reddit-billgates-post-1.posts,True,reddit-billgates-post-1.posts LastVisualChange opt cold fission webrender,,77,ms,firefox,448166885.0,1847568346,2024-02-22 13:09:22,559.6,7bc8ecb228993ee2c97c23dca54d66d6419999dc,1380603,,,,,,,,,,,,,,,,,,,,,,,,,,,,,,,,,,,,,,,,,,,,,,,,,,,,,,,,,,,,,TN,TN
autoland,4060512,13,77a9707257b88d3b15060667769a2def98a71cff,windows10-64-shippable-qr,True,False,,|c|o|l|d| |f|i|s|s|i|o|n| |i|n|t|e|r|a|c|t|i|v|e| |w|e|b|r|e|n|d|e|r|,102210fe594ee9b33d82058545b1ed14f4c8206e,LastVisualChange,reddit-billgates-post-1.posts,True,reddit-billgates-post-1.posts LastVisualChange opt cold fission webrender,,77,ms,firefox,448166339.0,1847543129,2024-02-22 14:58:00,538.7,2d093d7624aece78778af6f1acee484f469f26d5,1380678,,,,,,,,,,,,,,,,,,,,,,,,,,,,,,,,,,,,,,,,,,,,,,,,,,,,,,,,,,,,,TN,TN
autoland,4060512,13,77a9707257b88d3b15060667769a2def98a71cff,windows10-64-shippable-qr,True,False,,|c|o|l|d| |f|i|s|s|i|o|n| |i|n|t|e|r|a|c|t|i|v|e| |w|e|b|r|e|n|d|e|r|,102210fe594ee9b33d82058545b1ed14f4c8206e,LastVisualChange,reddit-billgates-post-1.posts,True,reddit-billgates-post-1.posts LastVisualChange opt cold fission webrender,,77,ms,firefox,448166711.0,1847551655,2024-02-22 15:08:55,2015.7,eaba203b7e9f80d2f6f8c1e80a832c1401ae2b9f,1380688,,,,,,,,,,,,,,,,,,,,,,,,,,,,,,,,,,,,,,,,,,,,,,,,,,,,,,,,,,,,,TN,TN
autoland,4060512,13,77a9707257b88d3b15060667769a2def98a71cff,windows10-64-shippable-qr,True,False,,|c|o|l|d| |f|i|s|s|i|o|n| |i|n|t|e|r|a|c|t|i|v|e| |w|e|b|r|e|n|d|e|r|,102210fe594ee9b33d82058545b1ed14f4c8206e,LastVisualChange,reddit-billgates-post-1.posts,True,reddit-billgates-post-1.posts LastVisualChange opt cold fission webrender,,77,ms,firefox,448099728.0,1847251054,2024-02-22 16:54:14,603.3,51ea0932b27ba455533226277e6c6deeb38a8fd4,1380794,,,,,,,,,,,,,,,,,,,,,,,,,,,,,,,,,,,,,,,,,,,,,,,,,,,,,,,,,,,,,TN,TN
autoland,4060512,13,77a9707257b88d3b15060667769a2def98a71cff,windows10-64-shippable-qr,True,False,,|c|o|l|d| |f|i|s|s|i|o|n| |i|n|t|e|r|a|c|t|i|v|e| |w|e|b|r|e|n|d|e|r|,102210fe594ee9b33d82058545b1ed14f4c8206e,LastVisualChange,reddit-billgates-post-1.posts,True,reddit-billgates-post-1.posts LastVisualChange opt cold fission webrender,,77,ms,firefox,448101088.0,1847256754,2024-02-22 17:17:40,575.1,aac0a57bd987ca0633e2f48ca37f8564344749b9,1380806,,,,,,,,,,,,,,,,,,,,,,,,,,,,,,,,,,,,,,,,,,,,,,,,,,,,,,,,,,,,,TN,TN
autoland,4060512,13,77a9707257b88d3b15060667769a2def98a71cff,windows10-64-shippable-qr,True,False,,|c|o|l|d| |f|i|s|s|i|o|n| |i|n|t|e|r|a|c|t|i|v|e| |w|e|b|r|e|n|d|e|r|,102210fe594ee9b33d82058545b1ed14f4c8206e,LastVisualChange,reddit-billgates-post-1.posts,True,reddit-billgates-post-1.posts LastVisualChange opt cold fission webrender,,77,ms,firefox,448142899.0,1847398021,2024-02-22 21:59:43,542.3,1b60bca1b546c120891a0263bcdf7757d75178bc,1380998,,,,,,,,,,,,,,,,,,,,,,,,,,,,,,,,,,,,,,,,,,,,,,,,,,,,,,,,,,,,,TN,TN
autoland,4060512,13,77a9707257b88d3b15060667769a2def98a71cff,windows10-64-shippable-qr,True,False,,|c|o|l|d| |f|i|s|s|i|o|n| |i|n|t|e|r|a|c|t|i|v|e| |w|e|b|r|e|n|d|e|r|,102210fe594ee9b33d82058545b1ed14f4c8206e,LastVisualChange,reddit-billgates-post-1.posts,True,reddit-billgates-post-1.posts LastVisualChange opt cold fission webrender,,77,ms,firefox,448141455.0,1847394733,2024-02-22 22:05:44,1955.1,3157eece201c15988ff693f9746bc767ad633fa8,1381007,,,,,,,,,,,,,,,,,,,,,,,,,,,,,,,,,,,,,,,,,,,,,,,,,,,,,,,,,,,,,TN,TN
autoland,4060512,13,77a9707257b88d3b15060667769a2def98a71cff,windows10-64-shippable-qr,True,False,,|c|o|l|d| |f|i|s|s|i|o|n| |i|n|t|e|r|a|c|t|i|v|e| |w|e|b|r|e|n|d|e|r|,102210fe594ee9b33d82058545b1ed14f4c8206e,LastVisualChange,reddit-billgates-post-1.posts,True,reddit-billgates-post-1.posts LastVisualChange opt cold fission webrender,,77,ms,firefox,448164881.0,1847524810,2024-02-23 03:42:44,561.9,90d2dd7d6b48918404ecc4906e62fa106b4238a9,1381156,,,,,,,,,,,,,,,,,,,,,,,,,,,,,,,,,,,,,,,,,,,,,,,,,,,,,,,,,,,,,TN,TN
autoland,4060512,13,77a9707257b88d3b15060667769a2def98a71cff,windows10-64-shippable-qr,True,False,,|c|o|l|d| |f|i|s|s|i|o|n| |i|n|t|e|r|a|c|t|i|v|e| |w|e|b|r|e|n|d|e|r|,102210fe594ee9b33d82058545b1ed14f4c8206e,LastVisualChange,reddit-billgates-post-1.posts,True,reddit-billgates-post-1.posts LastVisualChange opt cold fission webrender,,77,ms,firefox,448175737.0,1847616000,2024-02-23 07:23:44,601.9,21d2a36f8f072b9b57adbeb73eca449f62093ca3,1381206,,,,,,,,,,,,,,,,,,,,,,,,,,,,,,,,,,,,,,,,,,,,,,,,,,,,,,,,,,,,,TN,TN
autoland,4060512,13,77a9707257b88d3b15060667769a2def98a71cff,windows10-64-shippable-qr,True,False,,|c|o|l|d| |f|i|s|s|i|o|n| |i|n|t|e|r|a|c|t|i|v|e| |w|e|b|r|e|n|d|e|r|,102210fe594ee9b33d82058545b1ed14f4c8206e,LastVisualChange,reddit-billgates-post-1.posts,True,reddit-billgates-post-1.posts LastVisualChange opt cold fission webrender,,77,ms,firefox,448223200.0,1847766899,2024-02-23 12:03:57,575.2,75e12d12d89c2d79200c0057830f9e0c37f973f5,1381319,,,,,,,,,,,,,,,,,,,,,,,,,,,,,,,,,,,,,,,,,,,,,,,,,,,,,,,,,,,,,TN,TN
autoland,4060512,13,77a9707257b88d3b15060667769a2def98a71cff,windows10-64-shippable-qr,True,False,,|c|o|l|d| |f|i|s|s|i|o|n| |i|n|t|e|r|a|c|t|i|v|e| |w|e|b|r|e|n|d|e|r|,102210fe594ee9b33d82058545b1ed14f4c8206e,LastVisualChange,reddit-billgates-post-1.posts,True,reddit-billgates-post-1.posts LastVisualChange opt cold fission webrender,,77,ms,firefox,448316312.0,1848161356,2024-02-23 14:24:56,582.8,80e08d441c6cb001610ee0f198a3dcf424bafd4f,1381381,,,,,,,,,,,,,,,,,,,,,,,,,,,,,,,,,,,,,,,,,,,,,,,,,,,,,,,,,,,,,TN,TN
autoland,4060512,13,77a9707257b88d3b15060667769a2def98a71cff,windows10-64-shippable-qr,True,False,,|c|o|l|d| |f|i|s|s|i|o|n| |i|n|t|e|r|a|c|t|i|v|e| |w|e|b|r|e|n|d|e|r|,102210fe594ee9b33d82058545b1ed14f4c8206e,LastVisualChange,reddit-billgates-post-1.posts,True,reddit-billgates-post-1.posts LastVisualChange opt cold fission webrender,,77,ms,firefox,448317254.0,1848174822,2024-02-23 14:54:44,548.3,a700ab961a223f6d614abe258766bed35dab027b,1381402,,,,,,,,,,,,,,,,,,,,,,,,,,,,,,,,,,,,,,,,,,,,,,,,,,,,,,,,,,,,,TN,TN
autoland,4060512,13,77a9707257b88d3b15060667769a2def98a71cff,windows10-64-shippable-qr,True,False,,|c|o|l|d| |f|i|s|s|i|o|n| |i|n|t|e|r|a|c|t|i|v|e| |w|e|b|r|e|n|d|e|r|,102210fe594ee9b33d82058545b1ed14f4c8206e,LastVisualChange,reddit-billgates-post-1.posts,True,reddit-billgates-post-1.posts LastVisualChange opt cold fission webrender,,77,ms,firefox,448245946.0,1847876230,2024-02-23 15:17:21,565.3,e2c67ce1b79f08538c8f70b2089d860802aa289e,1381416,,,,,,,,,,,,,,,,,,,,,,,,,,,,,,,,,,,,,,,,,,,,,,,,,,,,,,,,,,,,,TN,TN
autoland,4060512,13,77a9707257b88d3b15060667769a2def98a71cff,windows10-64-shippable-qr,True,False,,|c|o|l|d| |f|i|s|s|i|o|n| |i|n|t|e|r|a|c|t|i|v|e| |w|e|b|r|e|n|d|e|r|,102210fe594ee9b33d82058545b1ed14f4c8206e,LastVisualChange,reddit-billgates-post-1.posts,True,reddit-billgates-post-1.posts LastVisualChange opt cold fission webrender,,77,ms,firefox,448265270.0,1847963434,2024-02-23 18:14:32,588.6,dccf526bcc0afbf9f7abd33abff453ced5a76335,1381598,,,,,,,,,,,,,,,,,,,,,,,,,,,,,,,,,,,,,,,,,,,,,,,,,,,,,,,,,,,,,TN,TN
autoland,4060512,13,77a9707257b88d3b15060667769a2def98a71cff,windows10-64-shippable-qr,True,False,,|c|o|l|d| |f|i|s|s|i|o|n| |i|n|t|e|r|a|c|t|i|v|e| |w|e|b|r|e|n|d|e|r|,102210fe594ee9b33d82058545b1ed14f4c8206e,LastVisualChange,reddit-billgates-post-1.posts,True,reddit-billgates-post-1.posts LastVisualChange opt cold fission webrender,,77,ms,firefox,448317660.0,1848188895,2024-02-23 18:28:43,558.8,85863a9ea2f0fb7ef6aeecaafc6836e9ae4a8178,1381603,,,,,,,,,,,,,,,,,,,,,,,,,,,,,,,,,,,,,,,,,,,,,,,,,,,,,,,,,,,,,TN,TN
autoland,4060512,13,77a9707257b88d3b15060667769a2def98a71cff,windows10-64-shippable-qr,True,False,,|c|o|l|d| |f|i|s|s|i|o|n| |i|n|t|e|r|a|c|t|i|v|e| |w|e|b|r|e|n|d|e|r|,102210fe594ee9b33d82058545b1ed14f4c8206e,LastVisualChange,reddit-billgates-post-1.posts,True,reddit-billgates-post-1.posts LastVisualChange opt cold fission webrender,,77,ms,firefox,448317487.0,1848180093,2024-02-23 18:35:41,575.4,d2eef8673a91da595254a8300b7af61b8e569b63,1381609,,,,,,,,,,,,,,,,,,,,,,,,,,,,,,,,,,,,,,,,,,,,,,,,,,,,,,,,,,,,,TN,TN
autoland,4060512,13,77a9707257b88d3b15060667769a2def98a71cff,windows10-64-shippable-qr,True,False,,|c|o|l|d| |f|i|s|s|i|o|n| |i|n|t|e|r|a|c|t|i|v|e| |w|e|b|r|e|n|d|e|r|,102210fe594ee9b33d82058545b1ed14f4c8206e,LastVisualChange,reddit-billgates-post-1.posts,True,reddit-billgates-post-1.posts LastVisualChange opt cold fission webrender,,77,ms,firefox,448298100.0,1848056411,2024-02-23 22:24:23,596.9,8c239bb8c3fa84633497932b3d3a1d566f9e7581,1381790,,,,,,,,,,,,,,,,,,,,,,,,,,,,,,,,,,,,,,,,,,,,,,,,,,,,,,,,,,,,,TN,TN
autoland,4060512,13,77a9707257b88d3b15060667769a2def98a71cff,windows10-64-shippable-qr,True,False,,|c|o|l|d| |f|i|s|s|i|o|n| |i|n|t|e|r|a|c|t|i|v|e| |w|e|b|r|e|n|d|e|r|,102210fe594ee9b33d82058545b1ed14f4c8206e,LastVisualChange,reddit-billgates-post-1.posts,True,reddit-billgates-post-1.posts LastVisualChange opt cold fission webrender,,77,ms,firefox,448303958.0,1848085699,2024-02-23 22:37:13,551.9,fc1f91bbfd85565b6b9a06155b3d750dc17812f0,1381800,,,,,,,,,,,,,,,,,,,,,,,,,,,,,,,,,,,,,,,,,,,,,,,,,,,,,,,,,,,,,TN,TN
autoland,4060512,13,77a9707257b88d3b15060667769a2def98a71cff,windows10-64-shippable-qr,True,False,,|c|o|l|d| |f|i|s|s|i|o|n| |i|n|t|e|r|a|c|t|i|v|e| |w|e|b|r|e|n|d|e|r|,102210fe594ee9b33d82058545b1ed14f4c8206e,LastVisualChange,reddit-billgates-post-1.posts,True,reddit-billgates-post-1.posts LastVisualChange opt cold fission webrender,,77,ms,firefox,448315691.0,1848145299,2024-02-24 03:17:09,585.5,504cbf2189790d36f74d4fc454949d0c55a40c37,1381876,,,,,,,,,,,,,,,,,,,,,,,,,,,,,,,,,,,,,,,,,,,,,,,,,,,,,,,,,,,,,TN,TN
autoland,4060512,13,77a9707257b88d3b15060667769a2def98a71cff,windows10-64-shippable-qr,True,False,,|c|o|l|d| |f|i|s|s|i|o|n| |i|n|t|e|r|a|c|t|i|v|e| |w|e|b|r|e|n|d|e|r|,102210fe594ee9b33d82058545b1ed14f4c8206e,LastVisualChange,reddit-billgates-post-1.posts,True,reddit-billgates-post-1.posts LastVisualChange opt cold fission webrender,,77,ms,firefox,448326991.0,1848224619,2024-02-24 08:59:15,614.9,f571738470f98e8161bf79b269e333053dca32c4,1381906,,,,,,,,,,,,,,,,,,,,,,,,,,,,,,,,,,,,,,,,,,,,,,,,,,,,,,,,,,,,,TN,TN
autoland,4060512,13,77a9707257b88d3b15060667769a2def98a71cff,windows10-64-shippable-qr,True,False,,|c|o|l|d| |f|i|s|s|i|o|n| |i|n|t|e|r|a|c|t|i|v|e| |w|e|b|r|e|n|d|e|r|,102210fe594ee9b33d82058545b1ed14f4c8206e,LastVisualChange,reddit-billgates-post-1.posts,True,reddit-billgates-post-1.posts LastVisualChange opt cold fission webrender,,77,ms,firefox,448354126.0,1848315767,2024-02-24 18:15:08,576.2,fb873ef9e164e2ac423d266870ce82445945de97,1381948,,,,,,,,,,,,,,,,,,,,,,,,,,,,,,,,,,,,,,,,,,,,,,,,,,,,,,,,,,,,,TN,TN
autoland,4060512,13,77a9707257b88d3b15060667769a2def98a71cff,windows10-64-shippable-qr,True,False,,|c|o|l|d| |f|i|s|s|i|o|n| |i|n|t|e|r|a|c|t|i|v|e| |w|e|b|r|e|n|d|e|r|,102210fe594ee9b33d82058545b1ed14f4c8206e,LastVisualChange,reddit-billgates-post-1.posts,True,reddit-billgates-post-1.posts LastVisualChange opt cold fission webrender,,77,ms,firefox,448374805.0,1848374513,2024-02-25 01:06:55,563.6,fedd91b7af1e6b3c4a7d6f58b8bce94d55eb9d74,1381999,,,,,,,,,,,,,,,,,,,,,,,,,,,,,,,,,,,,,,,,,,,,,,,,,,,,,,,,,,,,,TN,TN
autoland,4060512,13,77a9707257b88d3b15060667769a2def98a71cff,windows10-64-shippable-qr,True,False,,|c|o|l|d| |f|i|s|s|i|o|n| |i|n|t|e|r|a|c|t|i|v|e| |w|e|b|r|e|n|d|e|r|,102210fe594ee9b33d82058545b1ed14f4c8206e,LastVisualChange,reddit-billgates-post-1.posts,True,reddit-billgates-post-1.posts LastVisualChange opt cold fission webrender,,77,ms,firefox,448413101.0,1848503225,2024-02-26 01:39:06,565.7,689cf8cf7e6b9b9ee5e599a77325de05487a5eed,1382090,,,,,,,,,,,,,,,,,,,,,,,,,,,,,,,,,,,,,,,,,,,,,,,,,,,,,,,,,,,,,TN,TN
autoland,4060512,13,77a9707257b88d3b15060667769a2def98a71cff,windows10-64-shippable-qr,True,False,,|c|o|l|d| |f|i|s|s|i|o|n| |i|n|t|e|r|a|c|t|i|v|e| |w|e|b|r|e|n|d|e|r|,102210fe594ee9b33d82058545b1ed14f4c8206e,LastVisualChange,reddit-billgates-post-1.posts,True,reddit-billgates-post-1.posts LastVisualChange opt cold fission webrender,,77,ms,firefox,448578154.0,1849150956,2024-02-26 08:26:30,552.1,3af6901e77d5b3f960f24207e6d8a296508c685c,1382148,,,,,,,,,,,,,,,,,,,,,,,,,,,,,,,,,,,,,,,,,,,,,,,,,,,,,,,,,,,,,TN,TN
autoland,4060512,13,77a9707257b88d3b15060667769a2def98a71cff,windows10-64-shippable-qr,True,False,,|c|o|l|d| |f|i|s|s|i|o|n| |i|n|t|e|r|a|c|t|i|v|e| |w|e|b|r|e|n|d|e|r|,102210fe594ee9b33d82058545b1ed14f4c8206e,LastVisualChange,reddit-billgates-post-1.posts,True,reddit-billgates-post-1.posts LastVisualChange opt cold fission webrender,,77,ms,firefox,448578021.0,1849144432,2024-02-26 08:29:13,586.0,9efb6f33056715dde89a576fe22714c2e6f3e7a9,1382149,,,,,,,,,,,,,,,,,,,,,,,,,,,,,,,,,,,,,,,,,,,,,,,,,,,,,,,,,,,,,TN,TN
autoland,4060512,13,77a9707257b88d3b15060667769a2def98a71cff,windows10-64-shippable-qr,True,False,,|c|o|l|d| |f|i|s|s|i|o|n| |i|n|t|e|r|a|c|t|i|v|e| |w|e|b|r|e|n|d|e|r|,102210fe594ee9b33d82058545b1ed14f4c8206e,LastVisualChange,reddit-billgates-post-1.posts,True,reddit-billgates-post-1.posts LastVisualChange opt cold fission webrender,,77,ms,firefox,448446794.0,1848634187,2024-02-26 10:31:50,606.6,8268ce246a04145ed6598e99b5d061a4e1ee3ca6,1382207,,,,,,,,,,,,,,,,,,,,,,,,,,,,,,,,,,,,,,,,,,,,,,,,,,,,,,,,,,,,,TN,TN
autoland,4060512,13,77a9707257b88d3b15060667769a2def98a71cff,windows10-64-shippable-qr,True,False,,|c|o|l|d| |f|i|s|s|i|o|n| |i|n|t|e|r|a|c|t|i|v|e| |w|e|b|r|e|n|d|e|r|,102210fe594ee9b33d82058545b1ed14f4c8206e,LastVisualChange,reddit-billgates-post-1.posts,True,reddit-billgates-post-1.posts LastVisualChange opt cold fission webrender,,77,ms,firefox,448577800.0,1849135601,2024-02-26 13:55:05,593.3,20ea3f74f4fe9153bbc8d976f6e5df94c464dc30,1382274,,,,,,,,,,,,,,,,,,,,,,,,,,,,,,,,,,,,,,,,,,,,,,,,,,,,,,,,,,,,,TN,TN
autoland,4060512,13,77a9707257b88d3b15060667769a2def98a71cff,windows10-64-shippable-qr,True,False,,|c|o|l|d| |f|i|s|s|i|o|n| |i|n|t|e|r|a|c|t|i|v|e| |w|e|b|r|e|n|d|e|r|,102210fe594ee9b33d82058545b1ed14f4c8206e,LastVisualChange,reddit-billgates-post-1.posts,True,reddit-billgates-post-1.posts LastVisualChange opt cold fission webrender,,77,ms,firefox,448578219.0,1849153901,2024-02-26 14:13:27,561.9,4dc477669dc382edf409e1b691b033c7243b97cd,1382289,,,,,,,,,,,,,,,,,,,,,,,,,,,,,,,,,,,,,,,,,,,,,,,,,,,,,,,,,,,,,TN,TN
autoland,4060512,13,77a9707257b88d3b15060667769a2def98a71cff,windows10-64-shippable-qr,True,False,,|c|o|l|d| |f|i|s|s|i|o|n| |i|n|t|e|r|a|c|t|i|v|e| |w|e|b|r|e|n|d|e|r|,102210fe594ee9b33d82058545b1ed14f4c8206e,LastVisualChange,reddit-billgates-post-1.posts,True,reddit-billgates-post-1.posts LastVisualChange opt cold fission webrender,,77,ms,firefox,448495322.0,1848774121,2024-02-26 14:40:18,1995.8,a5c1fbe78e431fe4a1db712f75edb33f6fd668e4,1382307,,,,,,,,,,,,,,,,,,,,,,,,,,,,,,,,,,,,,,,,,,,,,,,,,,,,,,,,,,,,,TN,TN
autoland,4060512,13,77a9707257b88d3b15060667769a2def98a71cff,windows10-64-shippable-qr,True,False,,|c|o|l|d| |f|i|s|s|i|o|n| |i|n|t|e|r|a|c|t|i|v|e| |w|e|b|r|e|n|d|e|r|,102210fe594ee9b33d82058545b1ed14f4c8206e,LastVisualChange,reddit-billgates-post-1.posts,True,reddit-billgates-post-1.posts LastVisualChange opt cold fission webrender,,77,ms,firefox,448489475.0,1848753259,2024-02-26 15:06:28,571.4,621c8480cd3562f3f61966b4219a0335ce72f698,1382323,,,,,,,,,,,,,,,,,,,,,,,,,,,,,,,,,,,,,,,,,,,,,,,,,,,,,,,,,,,,,TN,TN
autoland,4060512,13,77a9707257b88d3b15060667769a2def98a71cff,windows10-64-shippable-qr,True,False,,|c|o|l|d| |f|i|s|s|i|o|n| |i|n|t|e|r|a|c|t|i|v|e| |w|e|b|r|e|n|d|e|r|,102210fe594ee9b33d82058545b1ed14f4c8206e,LastVisualChange,reddit-billgates-post-1.posts,True,reddit-billgates-post-1.posts LastVisualChange opt cold fission webrender,,77,ms,firefox,448513627.0,1848881780,2024-02-26 18:24:43,579.1,b26d4c8d5e44cc544e259f32a62382902af6f7ff,1382496,,,,,,,,,,,,,,,,,,,,,,,,,,,,,,,,,,,,,,,,,,,,,,,,,,,,,,,,,,,,,TN,TN
autoland,4060512,13,77a9707257b88d3b15060667769a2def98a71cff,windows10-64-shippable-qr,True,False,,|c|o|l|d| |f|i|s|s|i|o|n| |i|n|t|e|r|a|c|t|i|v|e| |w|e|b|r|e|n|d|e|r|,102210fe594ee9b33d82058545b1ed14f4c8206e,LastVisualChange,reddit-billgates-post-1.posts,True,reddit-billgates-post-1.posts LastVisualChange opt cold fission webrender,,77,ms,firefox,448545814.0,1848965983,2024-02-26 22:27:48,542.2,2bd01d77bc4d2a1ad705bb1ecb8e793864a737ee,1382641,,,,,,,,,,,,,,,,,,,,,,,,,,,,,,,,,,,,,,,,,,,,,,,,,,,,,,,,,,,,,TN,TN
autoland,4060512,13,77a9707257b88d3b15060667769a2def98a71cff,windows10-64-shippable-qr,True,False,,|c|o|l|d| |f|i|s|s|i|o|n| |i|n|t|e|r|a|c|t|i|v|e| |w|e|b|r|e|n|d|e|r|,102210fe594ee9b33d82058545b1ed14f4c8206e,LastVisualChange,reddit-billgates-post-1.posts,True,reddit-billgates-post-1.posts LastVisualChange opt cold fission webrender,,77,ms,firefox,448546980.0,1848980742,2024-02-26 22:53:03,565.1,9fbcc8f23c0b7543b9146f0d90dd58ce36d32898,1382666,,,,,,,,,,,,,,,,,,,,,,,,,,,,,,,,,,,,,,,,,,,,,,,,,,,,,,,,,,,,,TN,TN
autoland,4060512,13,77a9707257b88d3b15060667769a2def98a71cff,windows10-64-shippable-qr,True,False,,|c|o|l|d| |f|i|s|s|i|o|n| |i|n|t|e|r|a|c|t|i|v|e| |w|e|b|r|e|n|d|e|r|,102210fe594ee9b33d82058545b1ed14f4c8206e,LastVisualChange,reddit-billgates-post-1.posts,True,reddit-billgates-post-1.posts LastVisualChange opt cold fission webrender,,77,ms,firefox,448571574.0,1849082166,2024-02-27 03:06:58,634.0,74094dc4022c8437eb87a7e25bf6433fb07a7fbb,1382765,,,,,,,,,,,,,,,,,,,,,,,,,,,,,,,,,,,,,,,,,,,,,,,,,,,,,,,,,,,,,TN,TN
autoland,4060512,13,77a9707257b88d3b15060667769a2def98a71cff,windows10-64-shippable-qr,True,False,,|c|o|l|d| |f|i|s|s|i|o|n| |i|n|t|e|r|a|c|t|i|v|e| |w|e|b|r|e|n|d|e|r|,102210fe594ee9b33d82058545b1ed14f4c8206e,LastVisualChange,reddit-billgates-post-1.posts,True,reddit-billgates-post-1.posts LastVisualChange opt cold fission webrender,,77,ms,firefox,448610696.0,1849294846,2024-02-27 10:31:28,573.0,f0fd4d27a58991220e91d1c086442a03b0a52117,1382887,,,,,,,,,,,,,,,,,,,,,,,,,,,,,,,,,,,,,,,,,,,,,,,,,,,,,,,,,,,,,TN,TN
autoland,4060512,13,77a9707257b88d3b15060667769a2def98a71cff,windows10-64-shippable-qr,True,False,,|c|o|l|d| |f|i|s|s|i|o|n| |i|n|t|e|r|a|c|t|i|v|e| |w|e|b|r|e|n|d|e|r|,102210fe594ee9b33d82058545b1ed14f4c8206e,LastVisualChange,reddit-billgates-post-1.posts,True,reddit-billgates-post-1.posts LastVisualChange opt cold fission webrender,,77,ms,firefox,448647750.0,1849418163,2024-02-27 13:59:53,555.1,32acc4e2db50b53733cfcf554a308ccc986925b5,1383025,,,,,,,,,,,,,,,,,,,,,,,,,,,,,,,,,,,,,,,,,,,,,,,,,,,,,,,,,,,,,TN,TN
autoland,4060512,13,77a9707257b88d3b15060667769a2def98a71cff,windows10-64-shippable-qr,True,False,,|c|o|l|d| |f|i|s|s|i|o|n| |i|n|t|e|r|a|c|t|i|v|e| |w|e|b|r|e|n|d|e|r|,102210fe594ee9b33d82058545b1ed14f4c8206e,LastVisualChange,reddit-billgates-post-1.posts,True,reddit-billgates-post-1.posts LastVisualChange opt cold fission webrender,,77,ms,firefox,448675883.0,1849536071,2024-02-27 19:00:03,625.4,149f61eecb69d6cf570be79260785c5b4a42e516,1383277,,,,,,,,,,,,,,,,,,,,,,,,,,,,,,,,,,,,,,,,,,,,,,,,,,,,,,,,,,,,,TN,TN
autoland,4060512,13,77a9707257b88d3b15060667769a2def98a71cff,windows10-64-shippable-qr,True,False,,|c|o|l|d| |f|i|s|s|i|o|n| |i|n|t|e|r|a|c|t|i|v|e| |w|e|b|r|e|n|d|e|r|,102210fe594ee9b33d82058545b1ed14f4c8206e,LastVisualChange,reddit-billgates-post-1.posts,True,reddit-billgates-post-1.posts LastVisualChange opt cold fission webrender,,77,ms,firefox,448703777.0,1849635011,2024-02-27 23:02:29,585.8,06645f775e47ea71f6dfa2daff5411ab31c5a629,1383416,,,,,,,,,,,,,,,,,,,,,,,,,,,,,,,,,,,,,,,,,,,,,,,,,,,,,,,,,,,,,TN,TN
autoland,4060512,13,77a9707257b88d3b15060667769a2def98a71cff,windows10-64-shippable-qr,True,False,,|c|o|l|d| |f|i|s|s|i|o|n| |i|n|t|e|r|a|c|t|i|v|e| |w|e|b|r|e|n|d|e|r|,102210fe594ee9b33d82058545b1ed14f4c8206e,LastVisualChange,reddit-billgates-post-1.posts,True,reddit-billgates-post-1.posts LastVisualChange opt cold fission webrender,,77,ms,firefox,448704782.0,1849643945,2024-02-27 23:18:10,588.6,c2895c7db175458e315a65fd8d5e9385e60a76d3,1383436,,,,,,,,,,,,,,,,,,,,,,,,,,,,,,,,,,,,,,,,,,,,,,,,,,,,,,,,,,,,,TN,TN
autoland,4060512,13,77a9707257b88d3b15060667769a2def98a71cff,windows10-64-shippable-qr,True,False,,|c|o|l|d| |f|i|s|s|i|o|n| |i|n|t|e|r|a|c|t|i|v|e| |w|e|b|r|e|n|d|e|r|,102210fe594ee9b33d82058545b1ed14f4c8206e,LastVisualChange,reddit-billgates-post-1.posts,True,reddit-billgates-post-1.posts LastVisualChange opt cold fission webrender,,77,ms,firefox,448721211.0,1849720058,2024-02-28 03:31:31,552.4,41ceb034dc709c821d837a321d2c5fb944bd4231,1383545,,,,,,,,,,,,,,,,,,,,,,,,,,,,,,,,,,,,,,,,,,,,,,,,,,,,,,,,,,,,,TN,TN
autoland,4060512,13,77a9707257b88d3b15060667769a2def98a71cff,windows10-64-shippable-qr,True,False,,|c|o|l|d| |f|i|s|s|i|o|n| |i|n|t|e|r|a|c|t|i|v|e| |w|e|b|r|e|n|d|e|r|,102210fe594ee9b33d82058545b1ed14f4c8206e,LastVisualChange,reddit-billgates-post-1.posts,True,reddit-billgates-post-1.posts LastVisualChange opt cold fission webrender,,77,ms,firefox,448744613.0,1849822708,2024-02-28 07:34:11,571.7,710f48d1638d076913089bfa3978b6a1efc1d842,1383600,,,,,,,,,,,,,,,,,,,,,,,,,,,,,,,,,,,,,,,,,,,,,,,,,,,,,,,,,,,,,TN,TN
autoland,4060512,13,77a9707257b88d3b15060667769a2def98a71cff,windows10-64-shippable-qr,True,False,,|c|o|l|d| |f|i|s|s|i|o|n| |i|n|t|e|r|a|c|t|i|v|e| |w|e|b|r|e|n|d|e|r|,102210fe594ee9b33d82058545b1ed14f4c8206e,LastVisualChange,reddit-billgates-post-1.posts,True,reddit-billgates-post-1.posts LastVisualChange opt cold fission webrender,,77,ms,firefox,448745426.0,1849832341,2024-02-28 08:18:18,552.1,85f3a9a2a4155f207064d78c57f79611f7332287,1383612,,,,,,,,,,,,,,,,,,,,,,,,,,,,,,,,,,,,,,,,,,,,,,,,,,,,,,,,,,,,,TN,TN
autoland,4060512,13,77a9707257b88d3b15060667769a2def98a71cff,windows10-64-shippable-qr,True,False,,|c|o|l|d| |f|i|s|s|i|o|n| |i|n|t|e|r|a|c|t|i|v|e| |w|e|b|r|e|n|d|e|r|,102210fe594ee9b33d82058545b1ed14f4c8206e,LastVisualChange,reddit-billgates-post-1.posts,True,reddit-billgates-post-1.posts LastVisualChange opt cold fission webrender,,77,ms,firefox,448805825.0,1850030726,2024-02-28 12:53:19,1982.5,2356949f5c6d9a4f229d012051bac51b3eb83aec,1383715,,,,,,,,,,,,,,,,,,,,,,,,,,,,,,,,,,,,,,,,,,,,,,,,,,,,,,,,,,,,,TN,TN
autoland,4060512,13,77a9707257b88d3b15060667769a2def98a71cff,windows10-64-shippable-qr,True,False,,|c|o|l|d| |f|i|s|s|i|o|n| |i|n|t|e|r|a|c|t|i|v|e| |w|e|b|r|e|n|d|e|r|,102210fe594ee9b33d82058545b1ed14f4c8206e,LastVisualChange,reddit-billgates-post-1.posts,True,reddit-billgates-post-1.posts LastVisualChange opt cold fission webrender,,77,ms,firefox,448800769.0,1850010401,2024-02-28 14:06:22,562.3,6583cb878dec05576053eaa9368a4eb5bbbbbedc,1383751,,,,,,,,,,,,,,,,,,,,,,,,,,,,,,,,,,,,,,,,,,,,,,,,,,,,,,,,,,,,,TN,TN
autoland,4060512,13,77a9707257b88d3b15060667769a2def98a71cff,windows10-64-shippable-qr,True,False,,|c|o|l|d| |f|i|s|s|i|o|n| |i|n|t|e|r|a|c|t|i|v|e| |w|e|b|r|e|n|d|e|r|,102210fe594ee9b33d82058545b1ed14f4c8206e,LastVisualChange,reddit-billgates-post-1.posts,True,reddit-billgates-post-1.posts LastVisualChange opt cold fission webrender,,77,ms,firefox,448914274.0,1850435002,2024-02-28 16:55:42,585.5,3f69b2549451d64ce2da31b3073267541ae38398,1383877,,,,,,,,,,,,,,,,,,,,,,,,,,,,,,,,,,,,,,,,,,,,,,,,,,,,,,,,,,,,,TN,TN
autoland,4060512,13,77a9707257b88d3b15060667769a2def98a71cff,windows10-64-shippable-qr,True,False,,|c|o|l|d| |f|i|s|s|i|o|n| |i|n|t|e|r|a|c|t|i|v|e| |w|e|b|r|e|n|d|e|r|,102210fe594ee9b33d82058545b1ed14f4c8206e,LastVisualChange,reddit-billgates-post-1.posts,True,reddit-billgates-post-1.posts LastVisualChange opt cold fission webrender,,77,ms,firefox,448917744.0,1850445163,2024-02-28 17:06:06,575.6,b281b2ba71defd226d3230f9c164786827f3de70,1383880,,,,,,,,,,,,,,,,,,,,,,,,,,,,,,,,,,,,,,,,,,,,,,,,,,,,,,,,,,,,,TN,TN
autoland,4060512,13,77a9707257b88d3b15060667769a2def98a71cff,windows10-64-shippable-qr,True,False,,|c|o|l|d| |f|i|s|s|i|o|n| |i|n|t|e|r|a|c|t|i|v|e| |w|e|b|r|e|n|d|e|r|,102210fe594ee9b33d82058545b1ed14f4c8206e,LastVisualChange,reddit-billgates-post-1.posts,True,reddit-billgates-post-1.posts LastVisualChange opt cold fission webrender,,77,ms,firefox,448824338.0,1850111818,2024-02-28 17:56:27,575.6,32ca524f7abf0664a2f0d882868c3e913297f446,1383890,,,,,,,,,,,,,,,,,,,,,,,,,,,,,,,,,,,,,,,,,,,,,,,,,,,,,,,,,,,,,TN,TN
autoland,4060512,13,77a9707257b88d3b15060667769a2def98a71cff,windows10-64-shippable-qr,True,False,,|c|o|l|d| |f|i|s|s|i|o|n| |i|n|t|e|r|a|c|t|i|v|e| |w|e|b|r|e|n|d|e|r|,102210fe594ee9b33d82058545b1ed14f4c8206e,LastVisualChange,reddit-billgates-post-1.posts,True,reddit-billgates-post-1.posts LastVisualChange opt cold fission webrender,,77,ms,firefox,448897686.0,1850339680,2024-02-29 00:51:41,572.8,cbef4527f79aadfe5c4dd940effe9b01df8734b1,1384174,,,,,,,,,,,,,,,,,,,,,,,,,,,,,,,,,,,,,,,,,,,,,,,,,,,,,,,,,,,,,TN,TN
autoland,4060512,13,77a9707257b88d3b15060667769a2def98a71cff,windows10-64-shippable-qr,True,False,,|c|o|l|d| |f|i|s|s|i|o|n| |i|n|t|e|r|a|c|t|i|v|e| |w|e|b|r|e|n|d|e|r|,102210fe594ee9b33d82058545b1ed14f4c8206e,LastVisualChange,reddit-billgates-post-1.posts,True,reddit-billgates-post-1.posts LastVisualChange opt cold fission webrender,,77,ms,firefox,448898218.0,1850343789,2024-02-29 01:20:40,2039.2,f21a5f54b6ecffa5b49d4944c32c752ea622e3c6,1384182,,,,,,,,,,,,,,,,,,,,,,,,,,,,,,,,,,,,,,,,,,,,,,,,,,,,,,,,,,,,,TN,TN
autoland,4060512,13,77a9707257b88d3b15060667769a2def98a71cff,windows10-64-shippable-qr,True,False,,|c|o|l|d| |f|i|s|s|i|o|n| |i|n|t|e|r|a|c|t|i|v|e| |w|e|b|r|e|n|d|e|r|,102210fe594ee9b33d82058545b1ed14f4c8206e,LastVisualChange,reddit-billgates-post-1.posts,True,reddit-billgates-post-1.posts LastVisualChange opt cold fission webrender,,77,ms,firefox,449058737.0,1851146135,2024-02-29 02:29:01,607.4,64915858a170d28a53a5fecf27f85f9c633ec87f,1384204,,,,,,,,,,,,,,,,,,,,,,,,,,,,,,,,,,,,,,,,,,,,,,,,,,,,,,,,,,,,,TN,TN
autoland,4060512,13,77a9707257b88d3b15060667769a2def98a71cff,windows10-64-shippable-qr,True,False,,|c|o|l|d| |f|i|s|s|i|o|n| |i|n|t|e|r|a|c|t|i|v|e| |w|e|b|r|e|n|d|e|r|,102210fe594ee9b33d82058545b1ed14f4c8206e,LastVisualChange,reddit-billgates-post-1.posts,True,reddit-billgates-post-1.posts LastVisualChange opt cold fission webrender,,77,ms,firefox,449058613.0,1851144758,2024-02-29 02:49:12,579.1,5640911065b0971e369a205bd76962548ee3cab6,1384218,,,,,,,,,,,,,,,,,,,,,,,,,,,,,,,,,,,,,,,,,,,,,,,,,,,,,,,,,,,,,TN,TN
autoland,4060512,13,77a9707257b88d3b15060667769a2def98a71cff,windows10-64-shippable-qr,True,False,,|c|o|l|d| |f|i|s|s|i|o|n| |i|n|t|e|r|a|c|t|i|v|e| |w|e|b|r|e|n|d|e|r|,102210fe594ee9b33d82058545b1ed14f4c8206e,LastVisualChange,reddit-billgates-post-1.posts,True,reddit-billgates-post-1.posts LastVisualChange opt cold fission webrender,,77,ms,firefox,448922008.0,1850481213,2024-02-29 06:49:17,572.0,bb7b045d24f7773df5e27742496f2c0bb95d780f,1384273,,,,,,,,,,,,,,,,,,,,,,,,,,,,,,,,,,,,,,,,,,,,,,,,,,,,,,,,,,,,,TN,TN
autoland,4060512,13,77a9707257b88d3b15060667769a2def98a71cff,windows10-64-shippable-qr,True,False,,|c|o|l|d| |f|i|s|s|i|o|n| |i|n|t|e|r|a|c|t|i|v|e| |w|e|b|r|e|n|d|e|r|,102210fe594ee9b33d82058545b1ed14f4c8206e,LastVisualChange,reddit-billgates-post-1.posts,True,reddit-billgates-post-1.posts LastVisualChange opt cold fission webrender,,77,ms,firefox,448952436.0,1850637252,2024-02-29 10:50:05,585.9,fbb087d5e5b8af76523b084cba81dc1be84c7fb4,1384399,,,,,,,,,,,,,,,,,,,,,,,,,,,,,,,,,,,,,,,,,,,,,,,,,,,,,,,,,,,,,TN,TN
autoland,4060512,13,77a9707257b88d3b15060667769a2def98a71cff,windows10-64-shippable-qr,True,False,,|c|o|l|d| |f|i|s|s|i|o|n| |i|n|t|e|r|a|c|t|i|v|e| |w|e|b|r|e|n|d|e|r|,102210fe594ee9b33d82058545b1ed14f4c8206e,LastVisualChange,reddit-billgates-post-1.posts,True,reddit-billgates-post-1.posts LastVisualChange opt cold fission webrender,,77,ms,firefox,448959495.0,1850672155,2024-02-29 13:22:41,1976.2,42781edfbf79030ca8e6f7c1584ebfc2bd31935c,1384414,,,,,,,,,,,,,,,,,,,,,,,,,,,,,,,,,,,,,,,,,,,,,,,,,,,,,,,,,,,,,TN,TN
autoland,4060512,13,77a9707257b88d3b15060667769a2def98a71cff,windows10-64-shippable-qr,True,False,,|c|o|l|d| |f|i|s|s|i|o|n| |i|n|t|e|r|a|c|t|i|v|e| |w|e|b|r|e|n|d|e|r|,102210fe594ee9b33d82058545b1ed14f4c8206e,LastVisualChange,reddit-billgates-post-1.posts,True,reddit-billgates-post-1.posts LastVisualChange opt cold fission webrender,,77,ms,firefox,448992614.0,1850823706,2024-02-29 17:24:54,581.6,4b82553ad6abc0079d2d7a0642c099ca93d1d156,1384673,,,,,,,,,,,,,,,,,,,,,,,,,,,,,,,,,,,,,,,,,,,,,,,,,,,,,,,,,,,,,TN,TN
autoland,4060512,13,77a9707257b88d3b15060667769a2def98a71cff,windows10-64-shippable-qr,True,False,,|c|o|l|d| |f|i|s|s|i|o|n| |i|n|t|e|r|a|c|t|i|v|e| |w|e|b|r|e|n|d|e|r|,102210fe594ee9b33d82058545b1ed14f4c8206e,LastVisualChange,reddit-billgates-post-1.posts,True,reddit-billgates-post-1.posts LastVisualChange opt cold fission webrender,,77,ms,firefox,448998523.0,1850859589,2024-02-29 17:36:34,2022.0,636cf8095a0f42555363480bc387b9a5aad03efe,1384681,,,,,,,,,,,,,,,,,,,,,,,,,,,,,,,,,,,,,,,,,,,,,,,,,,,,,,,,,,,,,TN,TN
autoland,4060512,13,77a9707257b88d3b15060667769a2def98a71cff,windows10-64-shippable-qr,True,False,,|c|o|l|d| |f|i|s|s|i|o|n| |i|n|t|e|r|a|c|t|i|v|e| |w|e|b|r|e|n|d|e|r|,102210fe594ee9b33d82058545b1ed14f4c8206e,LastVisualChange,reddit-billgates-post-1.posts,True,reddit-billgates-post-1.posts LastVisualChange opt cold fission webrender,,77,ms,firefox,449026908.0,1850959767,2024-02-29 21:50:05,1965.6,1a461feeeb4e7725855a242023e45625b9bddae4,1384804,,,,,,,,,,,,,,,,,,,,,,,,,,,,,,,,,,,,,,,,,,,,,,,,,,,,,,,,,,,,,TN,TN
autoland,4060512,13,77a9707257b88d3b15060667769a2def98a71cff,windows10-64-shippable-qr,True,False,,|c|o|l|d| |f|i|s|s|i|o|n| |i|n|t|e|r|a|c|t|i|v|e| |w|e|b|r|e|n|d|e|r|,102210fe594ee9b33d82058545b1ed14f4c8206e,LastVisualChange,reddit-billgates-post-1.posts,True,reddit-billgates-post-1.posts LastVisualChange opt cold fission webrender,,77,ms,firefox,449030335.0,1850996127,2024-02-29 21:57:41,568.8,415f94176c1508d1acb91186346a42009b378ca7,1384812,,,,,,,,,,,,,,,,,,,,,,,,,,,,,,,,,,,,,,,,,,,,,,,,,,,,,,,,,,,,,TN,TN
autoland,4060512,13,77a9707257b88d3b15060667769a2def98a71cff,windows10-64-shippable-qr,True,False,,|c|o|l|d| |f|i|s|s|i|o|n| |i|n|t|e|r|a|c|t|i|v|e| |w|e|b|r|e|n|d|e|r|,102210fe594ee9b33d82058545b1ed14f4c8206e,LastVisualChange,reddit-billgates-post-1.posts,True,reddit-billgates-post-1.posts LastVisualChange opt cold fission webrender,,77,ms,firefox,449054544.0,1851090863,2024-03-01 02:06:20,569.1,3ed1cc3830b2bb116e2875dedadc6ea20235768a,1385033,,,,,,,,,,,,,,,,,,,,,,,,,,,,,,,,,,,,,,,,,,,,,,,,,,,,,,,,,,,,,TN,TN
autoland,4060512,13,77a9707257b88d3b15060667769a2def98a71cff,windows10-64-shippable-qr,True,False,,|c|o|l|d| |f|i|s|s|i|o|n| |i|n|t|e|r|a|c|t|i|v|e| |w|e|b|r|e|n|d|e|r|,102210fe594ee9b33d82058545b1ed14f4c8206e,LastVisualChange,reddit-billgates-post-1.posts,True,reddit-billgates-post-1.posts LastVisualChange opt cold fission webrender,,77,ms,firefox,449054938.0,1851099814,2024-03-01 02:09:48,562.2,c726403b9a5aaed84563fd210952c3858369c756,1385038,,,,,,,,,,,,,,,,,,,,,,,,,,,,,,,,,,,,,,,,,,,,,,,,,,,,,,,,,,,,,TN,TN
autoland,4060512,13,77a9707257b88d3b15060667769a2def98a71cff,windows10-64-shippable-qr,True,False,,|c|o|l|d| |f|i|s|s|i|o|n| |i|n|t|e|r|a|c|t|i|v|e| |w|e|b|r|e|n|d|e|r|,102210fe594ee9b33d82058545b1ed14f4c8206e,LastVisualChange,reddit-billgates-post-1.posts,True,reddit-billgates-post-1.posts LastVisualChange opt cold fission webrender,,77,ms,firefox,449097125.0,1851282667,2024-03-01 11:09:10,565.1,b921bb1aee11c101ece321f78bcc56942889bac9,1385336,,,,,,,,,,,,,,,,,,,,,,,,,,,,,,,,,,,,,,,,,,,,,,,,,,,,,,,,,,,,,TN,TN
autoland,4060512,13,77a9707257b88d3b15060667769a2def98a71cff,windows10-64-shippable-qr,True,False,,|c|o|l|d| |f|i|s|s|i|o|n| |i|n|t|e|r|a|c|t|i|v|e| |w|e|b|r|e|n|d|e|r|,102210fe594ee9b33d82058545b1ed14f4c8206e,LastVisualChange,reddit-billgates-post-1.posts,True,reddit-billgates-post-1.posts LastVisualChange opt cold fission webrender,,77,ms,firefox,449141026.0,1851395153,2024-03-01 15:15:21,582.1,ab2f491c1f6a1907e3cd7de371a27940c1b7ae66,1385464,,,,,,,,,,,,,,,,,,,,,,,,,,,,,,,,,,,,,,,,,,,,,,,,,,,,,,,,,,,,,TN,TN
autoland,4060512,13,77a9707257b88d3b15060667769a2def98a71cff,windows10-64-shippable-qr,True,False,,|c|o|l|d| |f|i|s|s|i|o|n| |i|n|t|e|r|a|c|t|i|v|e| |w|e|b|r|e|n|d|e|r|,102210fe594ee9b33d82058545b1ed14f4c8206e,LastVisualChange,reddit-billgates-post-1.posts,True,reddit-billgates-post-1.posts LastVisualChange opt cold fission webrender,,77,ms,firefox,449140110.0,1851386412,2024-03-01 15:18:33,2015.4,179ceb82c9e5e6619e0a43e7c9a8682bff1f55ac,1385469,,,,,,,,,,,,,,,,,,,,,,,,,,,,,,,,,,,,,,,,,,,,,,,,,,,,,,,,,,,,,TN,TN
autoland,4060512,13,77a9707257b88d3b15060667769a2def98a71cff,windows10-64-shippable-qr,True,False,,|c|o|l|d| |f|i|s|s|i|o|n| |i|n|t|e|r|a|c|t|i|v|e| |w|e|b|r|e|n|d|e|r|,102210fe594ee9b33d82058545b1ed14f4c8206e,LastVisualChange,reddit-billgates-post-1.posts,True,reddit-billgates-post-1.posts LastVisualChange opt cold fission webrender,,77,ms,firefox,449160482.0,1851501784,2024-03-01 19:33:22,572.4,c12ee5058abff427e2fd65f86c453b2c0ef5c315,1385653,,,,,,,,,,,,,,,,,,,,,,,,,,,,,,,,,,,,,,,,,,,,,,,,,,,,,,,,,,,,,TN,TN
autoland,4060512,13,77a9707257b88d3b15060667769a2def98a71cff,windows10-64-shippable-qr,True,False,,|c|o|l|d| |f|i|s|s|i|o|n| |i|n|t|e|r|a|c|t|i|v|e| |w|e|b|r|e|n|d|e|r|,102210fe594ee9b33d82058545b1ed14f4c8206e,LastVisualChange,reddit-billgates-post-1.posts,True,reddit-billgates-post-1.posts LastVisualChange opt cold fission webrender,,77,ms,firefox,449200814.0,1851668615,2024-03-02 08:44:09,600.5,ac7b674e512d88788161e657fbc3371b8d955c65,1385889,,,,,,,,,,,,,,,,,,,,,,,,,,,,,,,,,,,,,,,,,,,,,,,,,,,,,,,,,,,,,TN,TN
autoland,4060512,13,77a9707257b88d3b15060667769a2def98a71cff,windows10-64-shippable-qr,True,False,,|c|o|l|d| |f|i|s|s|i|o|n| |i|n|t|e|r|a|c|t|i|v|e| |w|e|b|r|e|n|d|e|r|,102210fe594ee9b33d82058545b1ed14f4c8206e,LastVisualChange,reddit-billgates-post-1.posts,True,reddit-billgates-post-1.posts LastVisualChange opt cold fission webrender,,77,ms,firefox,449219943.0,1851738832,2024-03-02 12:50:07,591.5,6263d391d703f61cfd3ddbb3791adc628a603520,1385922,,,,,,,,,,,,,,,,,,,,,,,,,,,,,,,,,,,,,,,,,,,,,,,,,,,,,,,,,,,,,TN,TN
autoland,4060512,13,77a9707257b88d3b15060667769a2def98a71cff,windows10-64-shippable-qr,True,False,,|c|o|l|d| |f|i|s|s|i|o|n| |i|n|t|e|r|a|c|t|i|v|e| |w|e|b|r|e|n|d|e|r|,102210fe594ee9b33d82058545b1ed14f4c8206e,LastVisualChange,reddit-billgates-post-1.posts,True,reddit-billgates-post-1.posts LastVisualChange opt cold fission webrender,,77,ms,firefox,449249124.0,1851890934,2024-03-02 18:47:19,571.3,a2ddc20095d176734a72080712b366c74a36c934,1385949,,,,,,,,,,,,,,,,,,,,,,,,,,,,,,,,,,,,,,,,,,,,,,,,,,,,,,,,,,,,,TN,TN
autoland,4060512,13,77a9707257b88d3b15060667769a2def98a71cff,windows10-64-shippable-qr,True,False,,|c|o|l|d| |f|i|s|s|i|o|n| |i|n|t|e|r|a|c|t|i|v|e| |w|e|b|r|e|n|d|e|r|,102210fe594ee9b33d82058545b1ed14f4c8206e,LastVisualChange,reddit-billgates-post-1.posts,True,reddit-billgates-post-1.posts LastVisualChange opt cold fission webrender,,77,ms,firefox,449251762.0,1851909276,2024-03-02 19:45:31,601.9,8042d9f9b7b6eb6e6a6fbefba554c035ef6bbda1,1385954,,,,,,,,,,,,,,,,,,,,,,,,,,,,,,,,,,,,,,,,,,,,,,,,,,,,,,,,,,,,,TN,TN
autoland,4060512,13,77a9707257b88d3b15060667769a2def98a71cff,windows10-64-shippable-qr,True,False,,|c|o|l|d| |f|i|s|s|i|o|n| |i|n|t|e|r|a|c|t|i|v|e| |w|e|b|r|e|n|d|e|r|,102210fe594ee9b33d82058545b1ed14f4c8206e,LastVisualChange,reddit-billgates-post-1.posts,True,reddit-billgates-post-1.posts LastVisualChange opt cold fission webrender,,77,ms,firefox,449280154.0,1852003377,2024-03-03 01:04:11,483.1,c5ddc3b211e53221a5b12ce6c8a5a523bba3641f,1385990,,,,,,,,,,,,,,,,,,,,,,,,,,,,,,,,,,,,,,,,,,,,,,,,,,,,,,,,,,,,,TN,TN
autoland,4060512,13,77a9707257b88d3b15060667769a2def98a71cff,windows10-64-shippable-qr,True,False,,|c|o|l|d| |f|i|s|s|i|o|n| |i|n|t|e|r|a|c|t|i|v|e| |w|e|b|r|e|n|d|e|r|,102210fe594ee9b33d82058545b1ed14f4c8206e,LastVisualChange,reddit-billgates-post-1.posts,True,reddit-billgates-post-1.posts LastVisualChange opt cold fission webrender,,77,ms,firefox,449315552.0,1852127668,2024-03-03 12:29:51,589.6,62056fe89aac9d2f369746854f0e3a55ad7153d0,1386069,,,,,,,,,,,,,,,,,,,,,,,,,,,,,,,,,,,,,,,,,,,,,,,,,,,,,,,,,,,,,TN,TN
autoland,4060512,13,77a9707257b88d3b15060667769a2def98a71cff,windows10-64-shippable-qr,True,False,,|c|o|l|d| |f|i|s|s|i|o|n| |i|n|t|e|r|a|c|t|i|v|e| |w|e|b|r|e|n|d|e|r|,102210fe594ee9b33d82058545b1ed14f4c8206e,LastVisualChange,reddit-billgates-post-1.posts,True,reddit-billgates-post-1.posts LastVisualChange opt cold fission webrender,,77,ms,firefox,449344090.0,1852238084,2024-03-04 01:21:19,585.9,499cae53f42dfc8f376fd97d0a83c1f8e85e274c,1386148,,,,,,,,,,,,,,,,,,,,,,,,,,,,,,,,,,,,,,,,,,,,,,,,,,,,,,,,,,,,,TN,TN
autoland,4060512,13,77a9707257b88d3b15060667769a2def98a71cff,windows10-64-shippable-qr,True,False,,|c|o|l|d| |f|i|s|s|i|o|n| |i|n|t|e|r|a|c|t|i|v|e| |w|e|b|r|e|n|d|e|r|,102210fe594ee9b33d82058545b1ed14f4c8206e,LastVisualChange,reddit-billgates-post-1.posts,True,reddit-billgates-post-1.posts LastVisualChange opt cold fission webrender,,77,ms,firefox,449354995.0,1852283136,2024-03-04 06:32:50,565.6,79823348e9cf740dbe5ae11eb654b1a85ea0ecbc,1386182,,,,,,,,,,,,,,,,,,,,,,,,,,,,,,,,,,,,,,,,,,,,,,,,,,,,,,,,,,,,,TN,TN
autoland,4060512,13,77a9707257b88d3b15060667769a2def98a71cff,windows10-64-shippable-qr,True,False,,|c|o|l|d| |f|i|s|s|i|o|n| |i|n|t|e|r|a|c|t|i|v|e| |w|e|b|r|e|n|d|e|r|,102210fe594ee9b33d82058545b1ed14f4c8206e,LastVisualChange,reddit-billgates-post-1.posts,True,reddit-billgates-post-1.posts LastVisualChange opt cold fission webrender,,77,ms,firefox,449372725.0,1852368992,2024-03-04 08:48:22,578.7,54c13c0498731427f23aff4c7e87900a715761b0,1386226,,,,,,,,,,,,,,,,,,,,,,,,,,,,,,,,,,,,,,,,,,,,,,,,,,,,,,,,,,,,,TN,TN
autoland,4060512,13,77a9707257b88d3b15060667769a2def98a71cff,windows10-64-shippable-qr,True,False,,|c|o|l|d| |f|i|s|s|i|o|n| |i|n|t|e|r|a|c|t|i|v|e| |w|e|b|r|e|n|d|e|r|,102210fe594ee9b33d82058545b1ed14f4c8206e,LastVisualChange,reddit-billgates-post-1.posts,True,reddit-billgates-post-1.posts LastVisualChange opt cold fission webrender,,77,ms,firefox,449426714.0,1852501091,2024-03-04 12:51:58,539.5,938c019ec0d1f3f1c0932e575d8f9e9f4c387320,1386363,,,,,,,,,,,,,,,,,,,,,,,,,,,,,,,,,,,,,,,,,,,,,,,,,,,,,,,,,,,,,TN,TN
autoland,4060512,13,77a9707257b88d3b15060667769a2def98a71cff,windows10-64-shippable-qr,True,False,,|c|o|l|d| |f|i|s|s|i|o|n| |i|n|t|e|r|a|c|t|i|v|e| |w|e|b|r|e|n|d|e|r|,102210fe594ee9b33d82058545b1ed14f4c8206e,LastVisualChange,reddit-billgates-post-1.posts,True,reddit-billgates-post-1.posts LastVisualChange opt cold fission webrender,,77,ms,firefox,449545846.0,1852986415,2024-03-04 13:05:50,572.4,ebe362ea0bcdad9ff347eb250a8e26d408e47215,1386367,,,,,,,,,,,,,,,,,,,,,,,,,,,,,,,,,,,,,,,,,,,,,,,,,,,,,,,,,,,,,TN,TN
autoland,4060512,13,77a9707257b88d3b15060667769a2def98a71cff,windows10-64-shippable-qr,True,False,,|c|o|l|d| |f|i|s|s|i|o|n| |i|n|t|e|r|a|c|t|i|v|e| |w|e|b|r|e|n|d|e|r|,102210fe594ee9b33d82058545b1ed14f4c8206e,LastVisualChange,reddit-billgates-post-1.posts,True,reddit-billgates-post-1.posts LastVisualChange opt cold fission webrender,,77,ms,firefox,449545917.0,1852987678,2024-03-04 13:19:08,600.9,b277bde0552da0099eed99380ad5b8eaa6402a30,1386372,,,,,,,,,,,,,,,,,,,,,,,,,,,,,,,,,,,,,,,,,,,,,,,,,,,,,,,,,,,,,TN,TN
autoland,4060512,13,77a9707257b88d3b15060667769a2def98a71cff,windows10-64-shippable-qr,True,False,,|c|o|l|d| |f|i|s|s|i|o|n| |i|n|t|e|r|a|c|t|i|v|e| |w|e|b|r|e|n|d|e|r|,102210fe594ee9b33d82058545b1ed14f4c8206e,LastVisualChange,reddit-billgates-post-1.posts,True,reddit-billgates-post-1.posts LastVisualChange opt cold fission webrender,,77,ms,firefox,449439798.0,1852554093,2024-03-04 14:27:11,575.0,c90923a84670e17105b275c5be4a3c2842cb248e,1386418,,,,,,,,,,,,,,,,,,,,,,,,,,,,,,,,,,,,,,,,,,,,,,,,,,,,,,,,,,,,,TN,TN
autoland,4060512,13,77a9707257b88d3b15060667769a2def98a71cff,windows10-64-shippable-qr,True,False,,|c|o|l|d| |f|i|s|s|i|o|n| |i|n|t|e|r|a|c|t|i|v|e| |w|e|b|r|e|n|d|e|r|,102210fe594ee9b33d82058545b1ed14f4c8206e,LastVisualChange,reddit-billgates-post-1.posts,True,reddit-billgates-post-1.posts LastVisualChange opt cold fission webrender,,77,ms,firefox,449455150.0,1852617485,2024-03-04 16:31:41,568.9,6c8dfd2a5bcafec953d7303c1fc35ec76d05f6ac,1386528,,,,,,,,,,,,,,,,,,,,,,,,,,,,,,,,,,,,,,,,,,,,,,,,,,,,,,,,,,,,,TN,TN
autoland,4060512,13,77a9707257b88d3b15060667769a2def98a71cff,windows10-64-shippable-qr,True,False,,|c|o|l|d| |f|i|s|s|i|o|n| |i|n|t|e|r|a|c|t|i|v|e| |w|e|b|r|e|n|d|e|r|,102210fe594ee9b33d82058545b1ed14f4c8206e,LastVisualChange,reddit-billgates-post-1.posts,True,reddit-billgates-post-1.posts LastVisualChange opt cold fission webrender,,77,ms,firefox,449496899.0,1852796757,2024-03-04 20:31:42,590.1,430bda8b01b3b00b083a0034de19b12b032caf6b,1386698,,,,,,,,,,,,,,,,,,,,,,,,,,,,,,,,,,,,,,,,,,,,,,,,,,,,,,,,,,,,,TN,TN
autoland,4060512,13,77a9707257b88d3b15060667769a2def98a71cff,windows10-64-shippable-qr,True,False,,|c|o|l|d| |f|i|s|s|i|o|n| |i|n|t|e|r|a|c|t|i|v|e| |w|e|b|r|e|n|d|e|r|,102210fe594ee9b33d82058545b1ed14f4c8206e,LastVisualChange,reddit-billgates-post-1.posts,True,reddit-billgates-post-1.posts LastVisualChange opt cold fission webrender,,77,ms,firefox,449496062.0,1852784618,2024-03-04 21:16:05,561.9,5b706eb2187070200b3eecb6d99a95e750c3266e,1386717,,,,,,,,,,,,,,,,,,,,,,,,,,,,,,,,,,,,,,,,,,,,,,,,,,,,,,,,,,,,,TN,TN
autoland,4060512,13,77a9707257b88d3b15060667769a2def98a71cff,windows10-64-shippable-qr,True,False,,|c|o|l|d| |f|i|s|s|i|o|n| |i|n|t|e|r|a|c|t|i|v|e| |w|e|b|r|e|n|d|e|r|,102210fe594ee9b33d82058545b1ed14f4c8206e,LastVisualChange,reddit-billgates-post-1.posts,True,reddit-billgates-post-1.posts LastVisualChange opt cold fission webrender,,77,ms,firefox,449537587.0,1852903236,2024-03-05 01:28:34,1989.2,2b54764bcf2909b800951938d1f6fd47752c91b6,1386871,,,,,,,,,,,,,,,,,,,,,,,,,,,,,,,,,,,,,,,,,,,,,,,,,,,,,,,,,,,,,TN,TN
autoland,4060512,13,77a9707257b88d3b15060667769a2def98a71cff,windows10-64-shippable-qr,True,False,,|c|o|l|d| |f|i|s|s|i|o|n| |i|n|t|e|r|a|c|t|i|v|e| |w|e|b|r|e|n|d|e|r|,102210fe594ee9b33d82058545b1ed14f4c8206e,LastVisualChange,reddit-billgates-post-1.posts,True,reddit-billgates-post-1.posts LastVisualChange opt cold fission webrender,,77,ms,firefox,449549292.0,1853000776,2024-03-05 05:25:14,552.2,61bb37d1ba16985ef9e5cd99cd02912849f743a3,1386945,,,,,,,,,,,,,,,,,,,,,,,,,,,,,,,,,,,,,,,,,,,,,,,,,,,,,,,,,,,,,TN,TN
autoland,4060512,13,77a9707257b88d3b15060667769a2def98a71cff,windows10-64-shippable-qr,True,False,,|c|o|l|d| |f|i|s|s|i|o|n| |i|n|t|e|r|a|c|t|i|v|e| |w|e|b|r|e|n|d|e|r|,102210fe594ee9b33d82058545b1ed14f4c8206e,LastVisualChange,reddit-billgates-post-1.posts,True,reddit-billgates-post-1.posts LastVisualChange opt cold fission webrender,,77,ms,firefox,449576611.0,1853087890,2024-03-05 09:36:09,561.9,20859a1f25eb48ec31fdd24c0552b9fa83c5dcf2,1387072,,,,,,,,,,,,,,,,,,,,,,,,,,,,,,,,,,,,,,,,,,,,,,,,,,,,,,,,,,,,,TN,TN
autoland,4060512,13,77a9707257b88d3b15060667769a2def98a71cff,windows10-64-shippable-qr,True,False,,|c|o|l|d| |f|i|s|s|i|o|n| |i|n|t|e|r|a|c|t|i|v|e| |w|e|b|r|e|n|d|e|r|,102210fe594ee9b33d82058545b1ed14f4c8206e,LastVisualChange,reddit-billgates-post-1.posts,True,reddit-billgates-post-1.posts LastVisualChange opt cold fission webrender,,77,ms,firefox,449603312.0,1853170303,2024-03-05 11:43:18,569.3,300643546ea85a42a1f88a11595ebbb0b7157128,1387157,,,,,,,,,,,,,,,,,,,,,,,,,,,,,,,,,,,,,,,,,,,,,,,,,,,,,,,,,,,,,TN,TN
autoland,4060512,13,77a9707257b88d3b15060667769a2def98a71cff,windows10-64-shippable-qr,True,False,,|c|o|l|d| |f|i|s|s|i|o|n| |i|n|t|e|r|a|c|t|i|v|e| |w|e|b|r|e|n|d|e|r|,102210fe594ee9b33d82058545b1ed14f4c8206e,LastVisualChange,reddit-billgates-post-1.posts,True,reddit-billgates-post-1.posts LastVisualChange opt cold fission webrender,,77,ms,firefox,449725579.0,1853633817,2024-03-05 13:23:13,562.0,ce04bfaf8a42c978750bbc90600639374bf1293a,1387210,,,,,,,,,,,,,,,,,,,,,,,,,,,,,,,,,,,,,,,,,,,,,,,,,,,,,,,,,,,,,TN,TN
autoland,4060512,13,77a9707257b88d3b15060667769a2def98a71cff,windows10-64-shippable-qr,True,False,,|c|o|l|d| |f|i|s|s|i|o|n| |i|n|t|e|r|a|c|t|i|v|e| |w|e|b|r|e|n|d|e|r|,102210fe594ee9b33d82058545b1ed14f4c8206e,LastVisualChange,reddit-billgates-post-1.posts,True,reddit-billgates-post-1.posts LastVisualChange opt cold fission webrender,,77,ms,firefox,449724736.0,1853612231,2024-03-05 13:27:30,575.8,33e78b58e39fe602a8fcc6ab12a2f2bc513b66e3,1387213,,,,,,,,,,,,,,,,,,,,,,,,,,,,,,,,,,,,,,,,,,,,,,,,,,,,,,,,,,,,,TN,TN
autoland,4060512,13,77a9707257b88d3b15060667769a2def98a71cff,windows10-64-shippable-qr,True,False,,|c|o|l|d| |f|i|s|s|i|o|n| |i|n|t|e|r|a|c|t|i|v|e| |w|e|b|r|e|n|d|e|r|,102210fe594ee9b33d82058545b1ed14f4c8206e,LastVisualChange,reddit-billgates-post-1.posts,True,reddit-billgates-post-1.posts LastVisualChange opt cold fission webrender,,77,ms,firefox,449723952.0,1853592746,2024-03-05 14:21:00,606.6,4132892d754dddce6198ca04a7119f25a8ebfa9e,1387261,,,,,,,,,,,,,,,,,,,,,,,,,,,,,,,,,,,,,,,,,,,,,,,,,,,,,,,,,,,,,TN,TN
autoland,4060512,13,77a9707257b88d3b15060667769a2def98a71cff,windows10-64-shippable-qr,True,False,,|c|o|l|d| |f|i|s|s|i|o|n| |i|n|t|e|r|a|c|t|i|v|e| |w|e|b|r|e|n|d|e|r|,102210fe594ee9b33d82058545b1ed14f4c8206e,LastVisualChange,reddit-billgates-post-1.posts,True,reddit-billgates-post-1.posts LastVisualChange opt cold fission webrender,,77,ms,firefox,449724156.0,1853599897,2024-03-05 14:25:39,558.8,a01a55c90524c2dd692e9c4343b58f8cf797775f,1387264,,,,,,,,,,,,,,,,,,,,,,,,,,,,,,,,,,,,,,,,,,,,,,,,,,,,,,,,,,,,,TN,TN
autoland,4060512,13,77a9707257b88d3b15060667769a2def98a71cff,windows10-64-shippable-qr,True,False,,|c|o|l|d| |f|i|s|s|i|o|n| |i|n|t|e|r|a|c|t|i|v|e| |w|e|b|r|e|n|d|e|r|,102210fe594ee9b33d82058545b1ed14f4c8206e,LastVisualChange,reddit-billgates-post-1.posts,True,reddit-billgates-post-1.posts LastVisualChange opt cold fission webrender,,77,ms,firefox,449629317.0,1853246366,2024-03-05 15:52:09,572.7,adf17fc47c84c0fa237aecff550ba42344a5c629,1387348,,,,,,,,,,,,,,,,,,,,,,,,,,,,,,,,,,,,,,,,,,,,,,,,,,,,,,,,,,,,,TN,TN
autoland,4060512,13,77a9707257b88d3b15060667769a2def98a71cff,windows10-64-shippable-qr,True,False,,|c|o|l|d| |f|i|s|s|i|o|n| |i|n|t|e|r|a|c|t|i|v|e| |w|e|b|r|e|n|d|e|r|,102210fe594ee9b33d82058545b1ed14f4c8206e,LastVisualChange,reddit-billgates-post-1.posts,True,reddit-billgates-post-1.posts LastVisualChange opt cold fission webrender,,77,ms,firefox,449723742.0,1853574626,2024-03-05 18:29:32,559.2,592e22279f895d585e8f156ec76d4ad64c779ad0,1387494,,,,,,,,,,,,,,,,,,,,,,,,,,,,,,,,,,,,,,,,,,,,,,,,,,,,,,,,,,,,,TN,TN
autoland,4060512,13,77a9707257b88d3b15060667769a2def98a71cff,windows10-64-shippable-qr,True,False,,|c|o|l|d| |f|i|s|s|i|o|n| |i|n|t|e|r|a|c|t|i|v|e| |w|e|b|r|e|n|d|e|r|,102210fe594ee9b33d82058545b1ed14f4c8206e,LastVisualChange,reddit-billgates-post-1.posts,True,reddit-billgates-post-1.posts LastVisualChange opt cold fission webrender,,77,ms,firefox,449725497.0,1853625938,2024-03-05 18:30:41,565.4,867bf0a906009a7dd84967547a5fbb8e9bf6bb5f,1387498,,,,,,,,,,,,,,,,,,,,,,,,,,,,,,,,,,,,,,,,,,,,,,,,,,,,,,,,,,,,,TN,TN
autoland,4060512,13,77a9707257b88d3b15060667769a2def98a71cff,windows10-64-shippable-qr,True,False,,|c|o|l|d| |f|i|s|s|i|o|n| |i|n|t|e|r|a|c|t|i|v|e| |w|e|b|r|e|n|d|e|r|,102210fe594ee9b33d82058545b1ed14f4c8206e,LastVisualChange,reddit-billgates-post-1.posts,True,reddit-billgates-post-1.posts LastVisualChange opt cold fission webrender,,77,ms,firefox,449725738.0,1853638599,2024-03-05 18:33:24,565.5,b1dedc536b88c9f5c0e91eeb84892e9328eb67cb,1387501,,,,,,,,,,,,,,,,,,,,,,,,,,,,,,,,,,,,,,,,,,,,,,,,,,,,,,,,,,,,,TN,TN
autoland,4060512,13,77a9707257b88d3b15060667769a2def98a71cff,windows10-64-shippable-qr,True,False,,|c|o|l|d| |f|i|s|s|i|o|n| |i|n|t|e|r|a|c|t|i|v|e| |w|e|b|r|e|n|d|e|r|,102210fe594ee9b33d82058545b1ed14f4c8206e,LastVisualChange,reddit-billgates-post-1.posts,True,reddit-billgates-post-1.posts LastVisualChange opt cold fission webrender,,77,ms,firefox,449725438.0,1853621194,2024-03-05 18:34:14,578.6,8632754daac15f378926a4efb6bd274adfe643b3,1387502,,,,,,,,,,,,,,,,,,,,,,,,,,,,,,,,,,,,,,,,,,,,,,,,,,,,,,,,,,,,,TN,TN
autoland,4060512,13,77a9707257b88d3b15060667769a2def98a71cff,windows10-64-shippable-qr,True,False,,|c|o|l|d| |f|i|s|s|i|o|n| |i|n|t|e|r|a|c|t|i|v|e| |w|e|b|r|e|n|d|e|r|,102210fe594ee9b33d82058545b1ed14f4c8206e,LastVisualChange,reddit-billgates-post-1.posts,True,reddit-billgates-post-1.posts LastVisualChange opt cold fission webrender,,77,ms,firefox,449669792.0,1853377173,2024-03-05 19:23:59,578.6,c13ff57ddd8d6b9f971a631b45c6da97b3c14fb9,1387560,,,,,,,,,,,,,,,,,,,,,,,,,,,,,,,,,,,,,,,,,,,,,,,,,,,,,,,,,,,,,TN,TN
autoland,4060512,13,77a9707257b88d3b15060667769a2def98a71cff,windows10-64-shippable-qr,True,False,,|c|o|l|d| |f|i|s|s|i|o|n| |i|n|t|e|r|a|c|t|i|v|e| |w|e|b|r|e|n|d|e|r|,102210fe594ee9b33d82058545b1ed14f4c8206e,LastVisualChange,reddit-billgates-post-1.posts,True,reddit-billgates-post-1.posts LastVisualChange opt cold fission webrender,,77,ms,firefox,449688517.0,1853442460,2024-03-05 22:16:54,582.0,099f52f30c39008328dfbc02ff824310e082a8da,1387647,,,,,,,,,,,,,,,,,,,,,,,,,,,,,,,,,,,,,,,,,,,,,,,,,,,,,,,,,,,,,TN,TN
autoland,4060512,13,77a9707257b88d3b15060667769a2def98a71cff,windows10-64-shippable-qr,True,False,,|c|o|l|d| |f|i|s|s|i|o|n| |i|n|t|e|r|a|c|t|i|v|e| |w|e|b|r|e|n|d|e|r|,102210fe594ee9b33d82058545b1ed14f4c8206e,LastVisualChange,reddit-billgates-post-1.posts,True,reddit-billgates-post-1.posts LastVisualChange opt cold fission webrender,,77,ms,firefox,449713434.0,1853524243,2024-03-06 02:53:23,578.5,488c772c72746cdfbf99e927acee696c4d6a5aef,1387831,,,,,,,,,,,,,,,,,,,,,,,,,,,,,,,,,,,,,,,,,,,,,,,,,,,,,,,,,,,,,TN,TN
autoland,4060512,13,77a9707257b88d3b15060667769a2def98a71cff,windows10-64-shippable-qr,True,False,,|c|o|l|d| |f|i|s|s|i|o|n| |i|n|t|e|r|a|c|t|i|v|e| |w|e|b|r|e|n|d|e|r|,102210fe594ee9b33d82058545b1ed14f4c8206e,LastVisualChange,reddit-billgates-post-1.posts,True,reddit-billgates-post-1.posts LastVisualChange opt cold fission webrender,,77,ms,firefox,449803926.0,1853867147,2024-03-06 14:00:28,578.8,143c3925806ed35200c2a71e650e7e74f58520a7,1388157,,,,,,,,,,,,,,,,,,,,,,,,,,,,,,,,,,,,,,,,,,,,,,,,,,,,,,,,,,,,,TN,TN
autoland,4060512,13,77a9707257b88d3b15060667769a2def98a71cff,windows10-64-shippable-qr,True,False,,|c|o|l|d| |f|i|s|s|i|o|n| |i|n|t|e|r|a|c|t|i|v|e| |w|e|b|r|e|n|d|e|r|,102210fe594ee9b33d82058545b1ed14f4c8206e,LastVisualChange,reddit-billgates-post-1.posts,True,reddit-billgates-post-1.posts LastVisualChange opt cold fission webrender,,77,ms,firefox,449831828.0,1853977500,2024-03-06 18:03:03,571.5,03e6d6ff8bde56b645cfbc34dee452ff375ff3ca,1388329,,,,,,,,,,,,,,,,,,,,,,,,,,,,,,,,,,,,,,,,,,,,,,,,,,,,,,,,,,,,,TN,TN
autoland,4060512,13,77a9707257b88d3b15060667769a2def98a71cff,windows10-64-shippable-qr,True,False,,|c|o|l|d| |f|i|s|s|i|o|n| |i|n|t|e|r|a|c|t|i|v|e| |w|e|b|r|e|n|d|e|r|,102210fe594ee9b33d82058545b1ed14f4c8206e,LastVisualChange,reddit-billgates-post-1.posts,True,reddit-billgates-post-1.posts LastVisualChange opt cold fission webrender,,77,ms,firefox,449898698.0,1854330694,2024-03-06 18:04:52,585.2,2a33c6ffb867576c11fa7edb2e13b7bf5b39d650,1388332,,,,,,,,,,,,,,,,,,,,,,,,,,,,,,,,,,,,,,,,,,,,,,,,,,,,,,,,,,,,,TN,TN
autoland,4060512,13,77a9707257b88d3b15060667769a2def98a71cff,windows10-64-shippable-qr,True,False,,|c|o|l|d| |f|i|s|s|i|o|n| |i|n|t|e|r|a|c|t|i|v|e| |w|e|b|r|e|n|d|e|r|,102210fe594ee9b33d82058545b1ed14f4c8206e,LastVisualChange,reddit-billgates-post-1.posts,True,reddit-billgates-post-1.posts LastVisualChange opt cold fission webrender,,77,ms,firefox,449831522.0,1853966511,2024-03-06 18:05:41,568.7,f408182c4687f0490084c35cc766e637d0bdfd0f,1388333,,,,,,,,,,,,,,,,,,,,,,,,,,,,,,,,,,,,,,,,,,,,,,,,,,,,,,,,,,,,,TN,TN
autoland,4060512,13,77a9707257b88d3b15060667769a2def98a71cff,windows10-64-shippable-qr,True,False,,|c|o|l|d| |f|i|s|s|i|o|n| |i|n|t|e|r|a|c|t|i|v|e| |w|e|b|r|e|n|d|e|r|,102210fe594ee9b33d82058545b1ed14f4c8206e,LastVisualChange,reddit-billgates-post-1.posts,True,reddit-billgates-post-1.posts LastVisualChange opt cold fission webrender,,77,ms,firefox,449857458.0,1854091109,2024-03-06 20:32:27,565.8,cbcc69d30489c534df28a444097bd87fcf8d8352,1388530,,,,,,,,,,,,,,,,,,,,,,,,,,,,,,,,,,,,,,,,,,,,,,,,,,,,,,,,,,,,,TN,TN
autoland,4060512,13,77a9707257b88d3b15060667769a2def98a71cff,windows10-64-shippable-qr,True,False,,|c|o|l|d| |f|i|s|s|i|o|n| |i|n|t|e|r|a|c|t|i|v|e| |w|e|b|r|e|n|d|e|r|,102210fe594ee9b33d82058545b1ed14f4c8206e,LastVisualChange,reddit-billgates-post-1.posts,True,reddit-billgates-post-1.posts LastVisualChange opt cold fission webrender,,77,ms,firefox,449897699.0,1854318455,2024-03-06 22:04:29,573.0,fff42f9943259b806c262822a11bb3c2108a64a3,1388615,,,,,,,,,,,,,,,,,,,,,,,,,,,,,,,,,,,,,,,,,,,,,,,,,,,,,,,,,,,,,TN,TN
autoland,4060512,13,77a9707257b88d3b15060667769a2def98a71cff,windows10-64-shippable-qr,True,False,,|c|o|l|d| |f|i|s|s|i|o|n| |i|n|t|e|r|a|c|t|i|v|e| |w|e|b|r|e|n|d|e|r|,102210fe594ee9b33d82058545b1ed14f4c8206e,LastVisualChange,reddit-billgates-post-1.posts,True,reddit-billgates-post-1.posts LastVisualChange opt cold fission webrender,,77,ms,firefox,449897296.0,1854313903,2024-03-06 22:29:06,555.8,e7c0504a7b8d395173d0b7b8caf998da6d799fa0,1388634,,,,,,,,,,,,,,,,,,,,,,,,,,,,,,,,,,,,,,,,,,,,,,,,,,,,,,,,,,,,,TN,TN
autoland,4060512,13,77a9707257b88d3b15060667769a2def98a71cff,windows10-64-shippable-qr,True,False,,|c|o|l|d| |f|i|s|s|i|o|n| |i|n|t|e|r|a|c|t|i|v|e| |w|e|b|r|e|n|d|e|r|,102210fe594ee9b33d82058545b1ed14f4c8206e,LastVisualChange,reddit-billgates-post-1.posts,True,reddit-billgates-post-1.posts LastVisualChange opt cold fission webrender,,77,ms,firefox,449875903.0,1854148173,2024-03-06 22:58:04,555.5,98eadcb9210580189dd1cb9eb2cad1362b0c2835,1388664,,,,,,,,,,,,,,,,,,,,,,,,,,,,,,,,,,,,,,,,,,,,,,,,,,,,,,,,,,,,,TN,TN
autoland,4060512,13,77a9707257b88d3b15060667769a2def98a71cff,windows10-64-shippable-qr,True,False,,|c|o|l|d| |f|i|s|s|i|o|n| |i|n|t|e|r|a|c|t|i|v|e| |w|e|b|r|e|n|d|e|r|,102210fe594ee9b33d82058545b1ed14f4c8206e,LastVisualChange,reddit-billgates-post-1.posts,True,reddit-billgates-post-1.posts LastVisualChange opt cold fission webrender,,77,ms,firefox,449896529.0,1854285016,2024-03-07 03:21:51,555.4,62ed755b7c5e2b357e66b4f19a5419c685e87a47,1388820,,,,,,,,,,,,,,,,,,,,,,,,,,,,,,,,,,,,,,,,,,,,,,,,,,,,,,,,,,,,,TN,TN
autoland,4060512,13,77a9707257b88d3b15060667769a2def98a71cff,windows10-64-shippable-qr,True,False,,|c|o|l|d| |f|i|s|s|i|o|n| |i|n|t|e|r|a|c|t|i|v|e| |w|e|b|r|e|n|d|e|r|,102210fe594ee9b33d82058545b1ed14f4c8206e,LastVisualChange,reddit-billgates-post-1.posts,True,reddit-billgates-post-1.posts LastVisualChange opt cold fission webrender,,77,ms,firefox,449902313.0,1854350872,2024-03-07 06:37:03,569.1,d48a42b340b69771d9dc99ddf1303d3f88ae9165,1388849,,,,,,,,,,,,,,,,,,,,,,,,,,,,,,,,,,,,,,,,,,,,,,,,,,,,,,,,,,,,,TN,TN
autoland,4060512,13,77a9707257b88d3b15060667769a2def98a71cff,windows10-64-shippable-qr,True,False,,|c|o|l|d| |f|i|s|s|i|o|n| |i|n|t|e|r|a|c|t|i|v|e| |w|e|b|r|e|n|d|e|r|,102210fe594ee9b33d82058545b1ed14f4c8206e,LastVisualChange,reddit-billgates-post-1.posts,True,reddit-billgates-post-1.posts LastVisualChange opt cold fission webrender,,77,ms,firefox,449924214.0,1854438532,2024-03-07 10:49:51,585.9,cfe658475285f9b5c867bcbd191d2e1332df885e,1388876,,,,,,,,,,,,,,,,,,,,,,,,,,,,,,,,,,,,,,,,,,,,,,,,,,,,,,,,,,,,,TN,TN
autoland,4060512,13,77a9707257b88d3b15060667769a2def98a71cff,windows10-64-shippable-qr,True,False,,|c|o|l|d| |f|i|s|s|i|o|n| |i|n|t|e|r|a|c|t|i|v|e| |w|e|b|r|e|n|d|e|r|,102210fe594ee9b33d82058545b1ed14f4c8206e,LastVisualChange,reddit-billgates-post-1.posts,True,reddit-billgates-post-1.posts LastVisualChange opt cold fission webrender,,77,ms,firefox,449937367.0,1854487699,2024-03-07 13:27:03,600.7,0027da61966ddaf727a4c543b4541d0e175cb354,1388885,,,,,,,,,,,,,,,,,,,,,,,,,,,,,,,,,,,,,,,,,,,,,,,,,,,,,,,,,,,,,TN,TN
autoland,4060512,13,77a9707257b88d3b15060667769a2def98a71cff,windows10-64-shippable-qr,True,False,,|c|o|l|d| |f|i|s|s|i|o|n| |i|n|t|e|r|a|c|t|i|v|e| |w|e|b|r|e|n|d|e|r|,102210fe594ee9b33d82058545b1ed14f4c8206e,LastVisualChange,reddit-billgates-post-1.posts,True,reddit-billgates-post-1.posts LastVisualChange opt cold fission webrender,,77,ms,firefox,449979008.0,1854663607,2024-03-07 20:11:01,557.2,c9b3f598aa024ffbe096094ee8845222b7483c50,1389147,,,,,,,,,,,,,,,,,,,,,,,,,,,,,,,,,,,,,,,,,,,,,,,,,,,,,,,,,,,,,TN,TN
autoland,4060512,13,77a9707257b88d3b15060667769a2def98a71cff,windows10-64-shippable-qr,True,False,,|c|o|l|d| |f|i|s|s|i|o|n| |i|n|t|e|r|a|c|t|i|v|e| |w|e|b|r|e|n|d|e|r|,102210fe594ee9b33d82058545b1ed14f4c8206e,LastVisualChange,reddit-billgates-post-1.posts,True,reddit-billgates-post-1.posts LastVisualChange opt cold fission webrender,,77,ms,firefox,450018756.0,1854855435,2024-03-08 00:14:27,572.4,f9c5e71ad2de0632a1d833b02eb16cd13e4eabc1,1389377,,,,,,,,,,,,,,,,,,,,,,,,,,,,,,,,,,,,,,,,,,,,,,,,,,,,,,,,,,,,,TN,TN
autoland,4060512,13,77a9707257b88d3b15060667769a2def98a71cff,windows10-64-shippable-qr,True,False,,|c|o|l|d| |f|i|s|s|i|o|n| |i|n|t|e|r|a|c|t|i|v|e| |w|e|b|r|e|n|d|e|r|,102210fe594ee9b33d82058545b1ed14f4c8206e,LastVisualChange,reddit-billgates-post-1.posts,True,reddit-billgates-post-1.posts LastVisualChange opt cold fission webrender,,77,ms,firefox,450018413.0,1854842685,2024-03-08 01:03:56,585.6,ac5529a784bdd0522e58c4bcdb3293674601ac52,1389404,,,,,,,,,,,,,,,,,,,,,,,,,,,,,,,,,,,,,,,,,,,,,,,,,,,,,,,,,,,,,TN,TN
autoland,4060512,13,77a9707257b88d3b15060667769a2def98a71cff,windows10-64-shippable-qr,True,False,,|c|o|l|d| |f|i|s|s|i|o|n| |i|n|t|e|r|a|c|t|i|v|e| |w|e|b|r|e|n|d|e|r|,102210fe594ee9b33d82058545b1ed14f4c8206e,LastVisualChange,reddit-billgates-post-1.posts,True,reddit-billgates-post-1.posts LastVisualChange opt cold fission webrender,,77,ms,firefox,450054817.0,1855049097,2024-03-08 09:44:20,589.1,fe38c21e5d5ba7ab071d13411995b46f31d7862c,1389593,,,,,,,,,,,,,,,,,,,,,,,,,,,,,,,,,,,,,,,,,,,,,,,,,,,,,,,,,,,,,TN,TN
autoland,4060512,13,77a9707257b88d3b15060667769a2def98a71cff,windows10-64-shippable-qr,True,False,,|c|o|l|d| |f|i|s|s|i|o|n| |i|n|t|e|r|a|c|t|i|v|e| |w|e|b|r|e|n|d|e|r|,102210fe594ee9b33d82058545b1ed14f4c8206e,LastVisualChange,reddit-billgates-post-1.posts,True,reddit-billgates-post-1.posts LastVisualChange opt cold fission webrender,,77,ms,firefox,450078009.0,1855121964,2024-03-08 13:47:55,564.5,e38d79679348570701c9c0b244b0d905b241b83b,1389613,,,,,,,,,,,,,,,,,,,,,,,,,,,,,,,,,,,,,,,,,,,,,,,,,,,,,,,,,,,,,TN,TN
autoland,4060512,13,77a9707257b88d3b15060667769a2def98a71cff,windows10-64-shippable-qr,True,False,,|c|o|l|d| |f|i|s|s|i|o|n| |i|n|t|e|r|a|c|t|i|v|e| |w|e|b|r|e|n|d|e|r|,102210fe594ee9b33d82058545b1ed14f4c8206e,LastVisualChange,reddit-billgates-post-1.posts,True,reddit-billgates-post-1.posts LastVisualChange opt cold fission webrender,,77,ms,firefox,450096747.0,1855184761,2024-03-08 15:54:44,579.1,c306d54c8963e4dda4426d48bf41774947f5138d,1389685,,,,,,,,,,,,,,,,,,,,,,,,,,,,,,,,,,,,,,,,,,,,,,,,,,,,,,,,,,,,,TN,TN
autoland,4060512,13,77a9707257b88d3b15060667769a2def98a71cff,windows10-64-shippable-qr,True,False,,|c|o|l|d| |f|i|s|s|i|o|n| |i|n|t|e|r|a|c|t|i|v|e| |w|e|b|r|e|n|d|e|r|,102210fe594ee9b33d82058545b1ed14f4c8206e,LastVisualChange,reddit-billgates-post-1.posts,True,reddit-billgates-post-1.posts LastVisualChange opt cold fission webrender,,77,ms,firefox,450146260.0,1855417702,2024-03-09 00:01:41,557.7,e40628b4cd80f3469e6fb5836c1e513e3e058225,1390115,,,,,,,,,,,,,,,,,,,,,,,,,,,,,,,,,,,,,,,,,,,,,,,,,,,,,,,,,,,,,TN,TN
autoland,4060512,13,77a9707257b88d3b15060667769a2def98a71cff,windows10-64-shippable-qr,True,False,,|c|o|l|d| |f|i|s|s|i|o|n| |i|n|t|e|r|a|c|t|i|v|e| |w|e|b|r|e|n|d|e|r|,102210fe594ee9b33d82058545b1ed14f4c8206e,LastVisualChange,reddit-billgates-post-1.posts,True,reddit-billgates-post-1.posts LastVisualChange opt cold fission webrender,,77,ms,firefox,450147740.0,1855444083,2024-03-09 00:02:45,572.3,4d67ec80ce46b924295e599b81d0db0071664eca,1390116,,,,,,,,,,,,,,,,,,,,,,,,,,,,,,,,,,,,,,,,,,,,,,,,,,,,,,,,,,,,,TN,TN
autoland,4060512,13,77a9707257b88d3b15060667769a2def98a71cff,windows10-64-shippable-qr,True,False,,|c|o|l|d| |f|i|s|s|i|o|n| |i|n|t|e|r|a|c|t|i|v|e| |w|e|b|r|e|n|d|e|r|,102210fe594ee9b33d82058545b1ed14f4c8206e,LastVisualChange,reddit-billgates-post-1.posts,True,reddit-billgates-post-1.posts LastVisualChange opt cold fission webrender,,77,ms,firefox,450147366.0,1855430588,2024-03-09 00:03:40,552.1,fb2eeb44f22026d0a1c7b18f8cb0786169300c1b,1390117,,,,,,,,,,,,,,,,,,,,,,,,,,,,,,,,,,,,,,,,,,,,,,,,,,,,,,,,,,,,,TN,TN
autoland,4060512,13,77a9707257b88d3b15060667769a2def98a71cff,windows10-64-shippable-qr,True,False,,|c|o|l|d| |f|i|s|s|i|o|n| |i|n|t|e|r|a|c|t|i|v|e| |w|e|b|r|e|n|d|e|r|,102210fe594ee9b33d82058545b1ed14f4c8206e,LastVisualChange,reddit-billgates-post-1.posts,True,reddit-billgates-post-1.posts LastVisualChange opt cold fission webrender,,77,ms,firefox,450165851.0,1855516150,2024-03-09 05:38:15,2004.7,efb6c465b7de5cb34b029bb51e5b445952bdd9b2,1390162,,,,,,,,,,,,,,,,,,,,,,,,,,,,,,,,,,,,,,,,,,,,,,,,,,,,,,,,,,,,,TN,TN
autoland,4060512,13,77a9707257b88d3b15060667769a2def98a71cff,windows10-64-shippable-qr,True,False,,|c|o|l|d| |f|i|s|s|i|o|n| |i|n|t|e|r|a|c|t|i|v|e| |w|e|b|r|e|n|d|e|r|,102210fe594ee9b33d82058545b1ed14f4c8206e,LastVisualChange,reddit-billgates-post-1.posts,True,reddit-billgates-post-1.posts LastVisualChange opt cold fission webrender,,77,ms,firefox,450193850.0,1855602569,2024-03-09 10:41:02,565.8,1d530888568c2a44fc30d9b6567ab6195f238cb2,1390188,,,,,,,,,,,,,,,,,,,,,,,,,,,,,,,,,,,,,,,,,,,,,,,,,,,,,,,,,,,,,TN,TN
autoland,4060512,13,77a9707257b88d3b15060667769a2def98a71cff,windows10-64-shippable-qr,True,False,,|c|o|l|d| |f|i|s|s|i|o|n| |i|n|t|e|r|a|c|t|i|v|e| |w|e|b|r|e|n|d|e|r|,102210fe594ee9b33d82058545b1ed14f4c8206e,LastVisualChange,reddit-billgates-post-1.posts,True,reddit-billgates-post-1.posts LastVisualChange opt cold fission webrender,,77,ms,firefox,450206048.0,1855637278,2024-03-09 15:33:05,553.1,10af6b2ff03bd7512d53f3ed02f7e83dba7c57ba,1390221,,,,,,,,,,,,,,,,,,,,,,,,,,,,,,,,,,,,,,,,,,,,,,,,,,,,,,,,,,,,,TN,TN
autoland,4060512,13,77a9707257b88d3b15060667769a2def98a71cff,windows10-64-shippable-qr,True,False,,|c|o|l|d| |f|i|s|s|i|o|n| |i|n|t|e|r|a|c|t|i|v|e| |w|e|b|r|e|n|d|e|r|,102210fe594ee9b33d82058545b1ed14f4c8206e,LastVisualChange,reddit-billgates-post-1.posts,True,reddit-billgates-post-1.posts LastVisualChange opt cold fission webrender,,77,ms,firefox,450220939.0,1855691516,2024-03-09 20:59:44,582.1,9768cd53e66eef4a715150196cfa1138f7edf7ba,1390244,,,,,,,,,,,,,,,,,,,,,,,,,,,,,,,,,,,,,,,,,,,,,,,,,,,,,,,,,,,,,TN,TN
autoland,4060512,13,77a9707257b88d3b15060667769a2def98a71cff,windows10-64-shippable-qr,True,False,,|c|o|l|d| |f|i|s|s|i|o|n| |i|n|t|e|r|a|c|t|i|v|e| |w|e|b|r|e|n|d|e|r|,102210fe594ee9b33d82058545b1ed14f4c8206e,LastVisualChange,reddit-billgates-post-1.posts,True,reddit-billgates-post-1.posts LastVisualChange opt cold fission webrender,,77,ms,firefox,450254622.0,1855802349,2024-03-10 13:59:13,592.0,f8edec6de8b50f0f6809208600e5c8ab87dd12d4,1390283,,,,,,,,,,,,,,,,,,,,,,,,,,,,,,,,,,,,,,,,,,,,,,,,,,,,,,,,,,,,,TN,TN
autoland,4060512,13,77a9707257b88d3b15060667769a2def98a71cff,windows10-64-shippable-qr,True,False,,|c|o|l|d| |f|i|s|s|i|o|n| |i|n|t|e|r|a|c|t|i|v|e| |w|e|b|r|e|n|d|e|r|,102210fe594ee9b33d82058545b1ed14f4c8206e,LastVisualChange,reddit-billgates-post-1.posts,True,reddit-billgates-post-1.posts LastVisualChange opt cold fission webrender,,77,ms,firefox,450259797.0,1855830394,2024-03-10 18:05:45,568.6,059c20bed3da7a717ee144e4c2339499009d7c44,1390298,,,,,,,,,,,,,,,,,,,,,,,,,,,,,,,,,,,,,,,,,,,,,,,,,,,,,,,,,,,,,TN,TN
autoland,4060512,13,77a9707257b88d3b15060667769a2def98a71cff,windows10-64-shippable-qr,True,False,,|c|o|l|d| |f|i|s|s|i|o|n| |i|n|t|e|r|a|c|t|i|v|e| |w|e|b|r|e|n|d|e|r|,102210fe594ee9b33d82058545b1ed14f4c8206e,LastVisualChange,reddit-billgates-post-1.posts,True,reddit-billgates-post-1.posts LastVisualChange opt cold fission webrender,,77,ms,firefox,450282163.0,1855935913,2024-03-11 02:48:56,574.2,0f63ab5624960b1aa464bb2e3bd76c6cd196f186,1390365,,,,,,,,,,,,,,,,,,,,,,,,,,,,,,,,,,,,,,,,,,,,,,,,,,,,,,,,,,,,,TN,TN
autoland,4060512,13,77a9707257b88d3b15060667769a2def98a71cff,windows10-64-shippable-qr,True,False,,|c|o|l|d| |f|i|s|s|i|o|n| |i|n|t|e|r|a|c|t|i|v|e| |w|e|b|r|e|n|d|e|r|,102210fe594ee9b33d82058545b1ed14f4c8206e,LastVisualChange,reddit-billgates-post-1.posts,True,reddit-billgates-post-1.posts LastVisualChange opt cold fission webrender,,77,ms,firefox,450298138.0,1856002434,2024-03-11 09:18:44,578.2,343e945a502ea35f40687ffca3eab7543522fe79,1390442,,,,,,,,,,,,,,,,,,,,,,,,,,,,,,,,,,,,,,,,,,,,,,,,,,,,,,,,,,,,,TN,TN
autoland,4060512,13,77a9707257b88d3b15060667769a2def98a71cff,windows10-64-shippable-qr,True,False,,|c|o|l|d| |f|i|s|s|i|o|n| |i|n|t|e|r|a|c|t|i|v|e| |w|e|b|r|e|n|d|e|r|,102210fe594ee9b33d82058545b1ed14f4c8206e,LastVisualChange,reddit-billgates-post-1.posts,True,reddit-billgates-post-1.posts LastVisualChange opt cold fission webrender,,77,ms,firefox,450432500.0,1856508769,2024-03-11 09:24:54,561.4,2a132ae2427f76ce68c19e08ce3960465c65dc3a,1390444,,,,,,,,,,,,,,,,,,,,,,,,,,,,,,,,,,,,,,,,,,,,,,,,,,,,,,,,,,,,,TN,TN
autoland,4060512,13,77a9707257b88d3b15060667769a2def98a71cff,windows10-64-shippable-qr,True,False,,|c|o|l|d| |f|i|s|s|i|o|n| |i|n|t|e|r|a|c|t|i|v|e| |w|e|b|r|e|n|d|e|r|,102210fe594ee9b33d82058545b1ed14f4c8206e,LastVisualChange,reddit-billgates-post-1.posts,True,reddit-billgates-post-1.posts LastVisualChange opt cold fission webrender,,77,ms,firefox,450431002.0,1856504826,2024-03-11 09:48:07,595.8,2692de58a79eac06924d27eda115f3f14c8c206c,1390457,,,,,,,,,,,,,,,,,,,,,,,,,,,,,,,,,,,,,,,,,,,,,,,,,,,,,,,,,,,,,TN,TN
autoland,4060512,13,77a9707257b88d3b15060667769a2def98a71cff,windows10-64-shippable-qr,True,False,,|c|o|l|d| |f|i|s|s|i|o|n| |i|n|t|e|r|a|c|t|i|v|e| |w|e|b|r|e|n|d|e|r|,102210fe594ee9b33d82058545b1ed14f4c8206e,LastVisualChange,reddit-billgates-post-1.posts,True,reddit-billgates-post-1.posts LastVisualChange opt cold fission webrender,,77,ms,firefox,450427818.0,1856457211,2024-03-11 12:32:27,572.7,856a612ce3d555ad6ec378bc99e74accba55c54a,1390498,,,,,,,,,,,,,,,,,,,,,,,,,,,,,,,,,,,,,,,,,,,,,,,,,,,,,,,,,,,,,TN,TN
autoland,4060512,13,77a9707257b88d3b15060667769a2def98a71cff,windows10-64-shippable-qr,True,False,,|c|o|l|d| |f|i|s|s|i|o|n| |i|n|t|e|r|a|c|t|i|v|e| |w|e|b|r|e|n|d|e|r|,102210fe594ee9b33d82058545b1ed14f4c8206e,LastVisualChange,reddit-billgates-post-1.posts,True,reddit-billgates-post-1.posts LastVisualChange opt cold fission webrender,,77,ms,firefox,450428595.0,1856470833,2024-03-11 12:39:30,561.9,715d05429686085f90ae695d4bec02a707e3e4cc,1390500,,,,,,,,,,,,,,,,,,,,,,,,,,,,,,,,,,,,,,,,,,,,,,,,,,,,,,,,,,,,,TN,TN
autoland,4060512,13,77a9707257b88d3b15060667769a2def98a71cff,windows10-64-shippable-qr,True,False,,|c|o|l|d| |f|i|s|s|i|o|n| |i|n|t|e|r|a|c|t|i|v|e| |w|e|b|r|e|n|d|e|r|,102210fe594ee9b33d82058545b1ed14f4c8206e,LastVisualChange,reddit-billgates-post-1.posts,True,reddit-billgates-post-1.posts LastVisualChange opt cold fission webrender,,77,ms,firefox,450334462.0,1856126338,2024-03-11 13:24:20,2021.3,23b4081496822ae44a0f120f8429c0c57a864325,1390505,,,,,,,,,,,,,,,,,,,,,,,,,,,,,,,,,,,,,,,,,,,,,,,,,,,,,,,,,,,,,TN,TN
autoland,4060512,13,77a9707257b88d3b15060667769a2def98a71cff,windows10-64-shippable-qr,True,False,,|c|o|l|d| |f|i|s|s|i|o|n| |i|n|t|e|r|a|c|t|i|v|e| |w|e|b|r|e|n|d|e|r|,102210fe594ee9b33d82058545b1ed14f4c8206e,LastVisualChange,reddit-billgates-post-1.posts,True,reddit-billgates-post-1.posts LastVisualChange opt cold fission webrender,,77,ms,firefox,450341966.0,1856158053,2024-03-11 14:23:46,568.8,ec25d27f83b73ab4fbd93c737d29b732042c2139,1390552,,,,,,,,,,,,,,,,,,,,,,,,,,,,,,,,,,,,,,,,,,,,,,,,,,,,,,,,,,,,,TN,TN
autoland,4060512,13,77a9707257b88d3b15060667769a2def98a71cff,windows10-64-shippable-qr,True,False,,|c|o|l|d| |f|i|s|s|i|o|n| |i|n|t|e|r|a|c|t|i|v|e| |w|e|b|r|e|n|d|e|r|,102210fe594ee9b33d82058545b1ed14f4c8206e,LastVisualChange,reddit-billgates-post-1.posts,True,reddit-billgates-post-1.posts LastVisualChange opt cold fission webrender,,77,ms,firefox,450375667.0,1856274778,2024-03-11 18:03:14,559.2,b5f646ecf7f3ca586020974d36c3f4c4fca4a3a3,1390747,,,,,,,,,,,,,,,,,,,,,,,,,,,,,,,,,,,,,,,,,,,,,,,,,,,,,,,,,,,,,TN,TN
autoland,4060512,13,77a9707257b88d3b15060667769a2def98a71cff,windows10-64-shippable-qr,True,False,,|c|o|l|d| |f|i|s|s|i|o|n| |i|n|t|e|r|a|c|t|i|v|e| |w|e|b|r|e|n|d|e|r|,102210fe594ee9b33d82058545b1ed14f4c8206e,LastVisualChange,reddit-billgates-post-1.posts,True,reddit-billgates-post-1.posts LastVisualChange opt cold fission webrender,,77,ms,firefox,450392635.0,1856317058,2024-03-11 19:41:42,579.0,4984afdb79c55a76ef741d1667378c296f74240f,1390851,,,,,,,,,,,,,,,,,,,,,,,,,,,,,,,,,,,,,,,,,,,,,,,,,,,,,,,,,,,,,TN,TN
autoland,4060512,13,77a9707257b88d3b15060667769a2def98a71cff,windows10-64-shippable-qr,True,False,,|c|o|l|d| |f|i|s|s|i|o|n| |i|n|t|e|r|a|c|t|i|v|e| |w|e|b|r|e|n|d|e|r|,102210fe594ee9b33d82058545b1ed14f4c8206e,LastVisualChange,reddit-billgates-post-1.posts,True,reddit-billgates-post-1.posts LastVisualChange opt cold fission webrender,,77,ms,firefox,450429614.0,1856490775,2024-03-11 22:07:57,1998.4,b09474764fb5539e6a0804ccf511ccf5a4dab743,1391017,,,,,,,,,,,,,,,,,,,,,,,,,,,,,,,,,,,,,,,,,,,,,,,,,,,,,,,,,,,,,TN,TN
autoland,4060512,13,77a9707257b88d3b15060667769a2def98a71cff,windows10-64-shippable-qr,True,False,,|c|o|l|d| |f|i|s|s|i|o|n| |i|n|t|e|r|a|c|t|i|v|e| |w|e|b|r|e|n|d|e|r|,102210fe594ee9b33d82058545b1ed14f4c8206e,LastVisualChange,reddit-billgates-post-1.posts,True,reddit-billgates-post-1.posts LastVisualChange opt cold fission webrender,,77,ms,firefox,450432893.0,1856518099,2024-03-11 22:09:50,558.1,cc3717eca9f6e97d26aa079dfb5a0d95afffbbde,1391018,,,,,,,,,,,,,,,,,,,,,,,,,,,,,,,,,,,,,,,,,,,,,,,,,,,,,,,,,,,,,TN,TN
autoland,4060512,13,77a9707257b88d3b15060667769a2def98a71cff,windows10-64-shippable-qr,True,False,,|c|o|l|d| |f|i|s|s|i|o|n| |i|n|t|e|r|a|c|t|i|v|e| |w|e|b|r|e|n|d|e|r|,102210fe594ee9b33d82058545b1ed14f4c8206e,LastVisualChange,reddit-billgates-post-1.posts,True,reddit-billgates-post-1.posts LastVisualChange opt cold fission webrender,,77,ms,firefox,450430899.0,1856493897,2024-03-11 22:11:33,569.4,e7bb5a728361f4b05cdc970a020bbe0b89e1a10b,1391020,,,,,,,,,,,,,,,,,,,,,,,,,,,,,,,,,,,,,,,,,,,,,,,,,,,,,,,,,,,,,TN,TN
autoland,4060512,13,77a9707257b88d3b15060667769a2def98a71cff,windows10-64-shippable-qr,True,False,,|c|o|l|d| |f|i|s|s|i|o|n| |i|n|t|e|r|a|c|t|i|v|e| |w|e|b|r|e|n|d|e|r|,102210fe594ee9b33d82058545b1ed14f4c8206e,LastVisualChange,reddit-billgates-post-1.posts,True,reddit-billgates-post-1.posts LastVisualChange opt cold fission webrender,,77,ms,firefox,450428739.0,1856472931,2024-03-11 22:12:28,575.3,1aef65c426c611042b513e7e8af814f1191c7692,1391028,,,,,,,,,,,,,,,,,,,,,,,,,,,,,,,,,,,,,,,,,,,,,,,,,,,,,,,,,,,,,TN,TN
autoland,4060512,13,77a9707257b88d3b15060667769a2def98a71cff,windows10-64-shippable-qr,True,False,,|c|o|l|d| |f|i|s|s|i|o|n| |i|n|t|e|r|a|c|t|i|v|e| |w|e|b|r|e|n|d|e|r|,102210fe594ee9b33d82058545b1ed14f4c8206e,LastVisualChange,reddit-billgates-post-1.posts,True,reddit-billgates-post-1.posts LastVisualChange opt cold fission webrender,,77,ms,firefox,450424797.0,1856436533,2024-03-12 03:06:47,562.2,5dbe89396d7f52d57c4a21457fcf95d4e1ae24c3,1391174,,,,,,,,,,,,,,,,,,,,,,,,,,,,,,,,,,,,,,,,,,,,,,,,,,,,,,,,,,,,,TN,TN
autoland,4060512,13,77a9707257b88d3b15060667769a2def98a71cff,windows10-64-shippable-qr,True,False,,|c|o|l|d| |f|i|s|s|i|o|n| |i|n|t|e|r|a|c|t|i|v|e| |w|e|b|r|e|n|d|e|r|,102210fe594ee9b33d82058545b1ed14f4c8206e,LastVisualChange,reddit-billgates-post-1.posts,True,reddit-billgates-post-1.posts LastVisualChange opt cold fission webrender,,77,ms,firefox,450434055.0,1856533314,2024-03-12 07:06:36,568.8,45bdb06ed9f6ae6b675b169c0b4dbd488363098d,1391218,,,,,,,,,,,,,,,,,,,,,,,,,,,,,,,,,,,,,,,,,,,,,,,,,,,,,,,,,,,,,TN,TN
autoland,4060512,13,77a9707257b88d3b15060667769a2def98a71cff,windows10-64-shippable-qr,True,False,,|c|o|l|d| |f|i|s|s|i|o|n| |i|n|t|e|r|a|c|t|i|v|e| |w|e|b|r|e|n|d|e|r|,102210fe594ee9b33d82058545b1ed14f4c8206e,LastVisualChange,reddit-billgates-post-1.posts,True,reddit-billgates-post-1.posts LastVisualChange opt cold fission webrender,,77,ms,firefox,450572602.0,1857001443,2024-03-12 08:58:41,558.8,74baace7eeb366eee357e89b04dac7178961a2a9,1391222,,,,,,,,,,,,,,,,,,,,,,,,,,,,,,,,,,,,,,,,,,,,,,,,,,,,,,,,,,,,,TN,TN
autoland,4060512,13,77a9707257b88d3b15060667769a2def98a71cff,windows10-64-shippable-qr,True,False,,|c|o|l|d| |f|i|s|s|i|o|n| |i|n|t|e|r|a|c|t|i|v|e| |w|e|b|r|e|n|d|e|r|,102210fe594ee9b33d82058545b1ed14f4c8206e,LastVisualChange,reddit-billgates-post-1.posts,True,reddit-billgates-post-1.posts LastVisualChange opt cold fission webrender,,77,ms,firefox,450572659.0,1857002941,2024-03-12 09:05:05,572.5,3e91ddebfb8efe05daac1d48ac4a3d30e0ec1885,1391223,,,,,,,,,,,,,,,,,,,,,,,,,,,,,,,,,,,,,,,,,,,,,,,,,,,,,,,,,,,,,TN,TN
autoland,4060512,13,77a9707257b88d3b15060667769a2def98a71cff,windows10-64-shippable-qr,True,False,,|c|o|l|d| |f|i|s|s|i|o|n| |i|n|t|e|r|a|c|t|i|v|e| |w|e|b|r|e|n|d|e|r|,102210fe594ee9b33d82058545b1ed14f4c8206e,LastVisualChange,reddit-billgates-post-1.posts,True,reddit-billgates-post-1.posts LastVisualChange opt cold fission webrender,,77,ms,firefox,450465408.0,1856622446,2024-03-12 11:26:19,1979.1,8c1e5f6bca5a8f2ab2297cff5c736e61d3a3bd27,1391230,,,,,,,,,,,,,,,,,,,,,,,,,,,,,,,,,,,,,,,,,,,,,,,,,,,,,,,,,,,,,TN,TN
autoland,4060512,13,77a9707257b88d3b15060667769a2def98a71cff,windows10-64-shippable-qr,True,False,,|c|o|l|d| |f|i|s|s|i|o|n| |i|n|t|e|r|a|c|t|i|v|e| |w|e|b|r|e|n|d|e|r|,102210fe594ee9b33d82058545b1ed14f4c8206e,LastVisualChange,reddit-billgates-post-1.posts,True,reddit-billgates-post-1.posts LastVisualChange opt cold fission webrender,,77,ms,firefox,450499670.0,1856730406,2024-03-12 14:58:20,562.7,c93ce7649d8d7d874130caed9005d92be916b10e,1391396,,,,,,,,,,,,,,,,,,,,,,,,,,,,,,,,,,,,,,,,,,,,,,,,,,,,,,,,,,,,,TN,TN
autoland,4060512,13,77a9707257b88d3b15060667769a2def98a71cff,windows10-64-shippable-qr,True,False,,|c|o|l|d| |f|i|s|s|i|o|n| |i|n|t|e|r|a|c|t|i|v|e| |w|e|b|r|e|n|d|e|r|,102210fe594ee9b33d82058545b1ed14f4c8206e,LastVisualChange,reddit-billgates-post-1.posts,True,reddit-billgates-post-1.posts LastVisualChange opt cold fission webrender,,77,ms,firefox,450572790.0,1857020203,2024-03-12 15:04:24,559.3,48a907540cf263a7246d86efb7d4159c0b4597f5,1391401,,,,,,,,,,,,,,,,,,,,,,,,,,,,,,,,,,,,,,,,,,,,,,,,,,,,,,,,,,,,,TN,TN
autoland,4060512,13,77a9707257b88d3b15060667769a2def98a71cff,windows10-64-shippable-qr,True,False,,|c|o|l|d| |f|i|s|s|i|o|n| |i|n|t|e|r|a|c|t|i|v|e| |w|e|b|r|e|n|d|e|r|,102210fe594ee9b33d82058545b1ed14f4c8206e,LastVisualChange,reddit-billgates-post-1.posts,True,reddit-billgates-post-1.posts LastVisualChange opt cold fission webrender,,77,ms,firefox,450573362.0,1857026904,2024-03-12 15:07:58,569.7,06a229e6d63a6d3497e21a0c1fce3ed4d13e9733,1391404,,,,,,,,,,,,,,,,,,,,,,,,,,,,,,,,,,,,,,,,,,,,,,,,,,,,,,,,,,,,,TN,TN
autoland,4060512,13,77a9707257b88d3b15060667769a2def98a71cff,windows10-64-shippable-qr,True,False,,|c|o|l|d| |f|i|s|s|i|o|n| |i|n|t|e|r|a|c|t|i|v|e| |w|e|b|r|e|n|d|e|r|,102210fe594ee9b33d82058545b1ed14f4c8206e,LastVisualChange,reddit-billgates-post-1.posts,True,reddit-billgates-post-1.posts LastVisualChange opt cold fission webrender,,77,ms,firefox,450516160.0,1856795276,2024-03-12 19:37:06,575.3,d91b0606279d7c22a0119cdc8061cdeffe233787,1391673,,,,,,,,,,,,,,,,,,,,,,,,,,,,,,,,,,,,,,,,,,,,,,,,,,,,,,,,,,,,,TN,TN
autoland,4060512,13,77a9707257b88d3b15060667769a2def98a71cff,windows10-64-shippable-qr,True,False,,|c|o|l|d| |f|i|s|s|i|o|n| |i|n|t|e|r|a|c|t|i|v|e| |w|e|b|r|e|n|d|e|r|,102210fe594ee9b33d82058545b1ed14f4c8206e,LastVisualChange,reddit-billgates-post-1.posts,True,reddit-billgates-post-1.posts LastVisualChange opt cold fission webrender,,77,ms,firefox,450557842.0,1856944173,2024-03-12 23:13:34,551.9,bb96cef2989d78eaa9d2485bb379b29449a815b2,1391824,,,,,,,,,,,,,,,,,,,,,,,,,,,,,,,,,,,,,,,,,,,,,,,,,,,,,,,,,,,,,TN,TN
autoland,4060512,13,77a9707257b88d3b15060667769a2def98a71cff,windows10-64-shippable-qr,True,False,,|c|o|l|d| |f|i|s|s|i|o|n| |i|n|t|e|r|a|c|t|i|v|e| |w|e|b|r|e|n|d|e|r|,102210fe594ee9b33d82058545b1ed14f4c8206e,LastVisualChange,reddit-billgates-post-1.posts,True,reddit-billgates-post-1.posts LastVisualChange opt cold fission webrender,,77,ms,firefox,450587587.0,1857110807,2024-03-13 07:01:16,589.9,2dfb9f01e06f190da79fb195ea51dac2be58dde7,1392060,,,,,,,,,,,,,,,,,,,,,,,,,,,,,,,,,,,,,,,,,,,,,,,,,,,,,,,,,,,,,TN,TN
autoland,4060512,13,77a9707257b88d3b15060667769a2def98a71cff,windows10-64-shippable-qr,True,False,,|c|o|l|d| |f|i|s|s|i|o|n| |i|n|t|e|r|a|c|t|i|v|e| |w|e|b|r|e|n|d|e|r|,102210fe594ee9b33d82058545b1ed14f4c8206e,LastVisualChange,reddit-billgates-post-1.posts,True,reddit-billgates-post-1.posts LastVisualChange opt cold fission webrender,,77,ms,firefox,450619238.0,1857256366,2024-03-13 11:15:45,565.7,ae0da9180abdc1990832791041b323e05082f6f8,1392165,,,,,,,,,,,,,,,,,,,,,,,,,,,,,,,,,,,,,,,,,,,,,,,,,,,,,,,,,,,,,TN,TN
autoland,4060512,13,77a9707257b88d3b15060667769a2def98a71cff,windows10-64-shippable-qr,True,False,,|c|o|l|d| |f|i|s|s|i|o|n| |i|n|t|e|r|a|c|t|i|v|e| |w|e|b|r|e|n|d|e|r|,102210fe594ee9b33d82058545b1ed14f4c8206e,LastVisualChange,reddit-billgates-post-1.posts,True,reddit-billgates-post-1.posts LastVisualChange opt cold fission webrender,,77,ms,firefox,450643672.0,1857341141,2024-03-13 15:23:46,618.4,49e9b26b528b94a9db43d4b65112add1268f64fc,1392302,,,,,,,,,,,,,,,,,,,,,,,,,,,,,,,,,,,,,,,,,,,,,,,,,,,,,,,,,,,,,TN,TN
autoland,4060512,13,77a9707257b88d3b15060667769a2def98a71cff,windows10-64-shippable-qr,True,False,,|c|o|l|d| |f|i|s|s|i|o|n| |i|n|t|e|r|a|c|t|i|v|e| |w|e|b|r|e|n|d|e|r|,102210fe594ee9b33d82058545b1ed14f4c8206e,LastVisualChange,reddit-billgates-post-1.posts,True,reddit-billgates-post-1.posts LastVisualChange opt cold fission webrender,,77,ms,firefox,450643835.0,1857341466,2024-03-13 15:33:19,559.0,35c5c892ca1e96f731d20bc6edd310a5d4e13bad,1392307,,,,,,,,,,,,,,,,,,,,,,,,,,,,,,,,,,,,,,,,,,,,,,,,,,,,,,,,,,,,,TN,TN
autoland,4060512,13,77a9707257b88d3b15060667769a2def98a71cff,windows10-64-shippable-qr,True,False,,|c|o|l|d| |f|i|s|s|i|o|n| |i|n|t|e|r|a|c|t|i|v|e| |w|e|b|r|e|n|d|e|r|,102210fe594ee9b33d82058545b1ed14f4c8206e,LastVisualChange,reddit-billgates-post-1.posts,True,reddit-billgates-post-1.posts LastVisualChange opt cold fission webrender,,77,ms,firefox,450660178.0,1857442608,2024-03-13 18:41:03,567.5,ebcab57cf7cd8a64a561c831dc4d1bf6694f82b8,1392487,,,,,,,,,,,,,,,,,,,,,,,,,,,,,,,,,,,,,,,,,,,,,,,,,,,,,,,,,,,,,TN,TN
autoland,4060512,13,77a9707257b88d3b15060667769a2def98a71cff,windows10-64-shippable-qr,True,False,,|c|o|l|d| |f|i|s|s|i|o|n| |i|n|t|e|r|a|c|t|i|v|e| |w|e|b|r|e|n|d|e|r|,102210fe594ee9b33d82058545b1ed14f4c8206e,LastVisualChange,reddit-billgates-post-1.posts,True,reddit-billgates-post-1.posts LastVisualChange opt cold fission webrender,,77,ms,firefox,450679915.0,1857536267,2024-03-13 21:49:05,559.3,1f3b4df016ac965dd3a2c97cb547c495364fdeef,1392594,,,,,,,,,,,,,,,,,,,,,,,,,,,,,,,,,,,,,,,,,,,,,,,,,,,,,,,,,,,,,TN,TN
autoland,4060512,13,77a9707257b88d3b15060667769a2def98a71cff,windows10-64-shippable-qr,True,False,,|c|o|l|d| |f|i|s|s|i|o|n| |i|n|t|e|r|a|c|t|i|v|e| |w|e|b|r|e|n|d|e|r|,102210fe594ee9b33d82058545b1ed14f4c8206e,LastVisualChange,reddit-billgates-post-1.posts,True,reddit-billgates-post-1.posts LastVisualChange opt cold fission webrender,,77,ms,firefox,450712400.0,1857663738,2024-03-14 04:20:25,576.1,2333872b0f5028fa1f0e9236440fe58df07a0235,1392734,,,,,,,,,,,,,,,,,,,,,,,,,,,,,,,,,,,,,,,,,,,,,,,,,,,,,,,,,,,,,TN,TN
autoland,4060512,13,77a9707257b88d3b15060667769a2def98a71cff,windows10-64-shippable-qr,True,False,,|c|o|l|d| |f|i|s|s|i|o|n| |i|n|t|e|r|a|c|t|i|v|e| |w|e|b|r|e|n|d|e|r|,102210fe594ee9b33d82058545b1ed14f4c8206e,LastVisualChange,reddit-billgates-post-1.posts,True,reddit-billgates-post-1.posts LastVisualChange opt cold fission webrender,,77,ms,firefox,450725730.0,1857721466,2024-03-14 06:52:21,1958.7,0c82ff77321a85c36f1c5b27c99d25bad8603028,1392758,,,,,,,,,,,,,,,,,,,,,,,,,,,,,,,,,,,,,,,,,,,,,,,,,,,,,,,,,,,,,TN,TN
autoland,4060512,13,77a9707257b88d3b15060667769a2def98a71cff,windows10-64-shippable-qr,True,False,,|c|o|l|d| |f|i|s|s|i|o|n| |i|n|t|e|r|a|c|t|i|v|e| |w|e|b|r|e|n|d|e|r|,102210fe594ee9b33d82058545b1ed14f4c8206e,LastVisualChange,reddit-billgates-post-1.posts,True,reddit-billgates-post-1.posts LastVisualChange opt cold fission webrender,,77,ms,firefox,450758120.0,1857825875,2024-03-14 10:59:46,568.5,1f30bd08be619a6ea06444a2a6e36123f7baad65,1392883,,,,,,,,,,,,,,,,,,,,,,,,,,,,,,,,,,,,,,,,,,,,,,,,,,,,,,,,,,,,,TN,TN
autoland,4060512,13,77a9707257b88d3b15060667769a2def98a71cff,windows10-64-shippable-qr,True,False,,|c|o|l|d| |f|i|s|s|i|o|n| |i|n|t|e|r|a|c|t|i|v|e| |w|e|b|r|e|n|d|e|r|,102210fe594ee9b33d82058545b1ed14f4c8206e,LastVisualChange,reddit-billgates-post-1.posts,True,reddit-billgates-post-1.posts LastVisualChange opt cold fission webrender,,77,ms,firefox,450860612.0,1858344735,2024-03-14 14:03:42,555.1,bbf56ec305f01be8420bbfe6d13e34ec85bf45d6,1392963,,,,,,,,,,,,,,,,,,,,,,,,,,,,,,,,,,,,,,,,,,,,,,,,,,,,,,,,,,,,,TN,TN
autoland,4060512,13,77a9707257b88d3b15060667769a2def98a71cff,windows10-64-shippable-qr,True,False,,|c|o|l|d| |f|i|s|s|i|o|n| |i|n|t|e|r|a|c|t|i|v|e| |w|e|b|r|e|n|d|e|r|,102210fe594ee9b33d82058545b1ed14f4c8206e,LastVisualChange,reddit-billgates-post-1.posts,True,reddit-billgates-post-1.posts LastVisualChange opt cold fission webrender,,77,ms,firefox,450859763.0,1858323151,2024-03-14 14:08:54,581.7,284c6596726d5dc4300413356fa75acde7f6dedd,1392971,,,,,,,,,,,,,,,,,,,,,,,,,,,,,,,,,,,,,,,,,,,,,,,,,,,,,,,,,,,,,TN,TN
autoland,4060512,13,77a9707257b88d3b15060667769a2def98a71cff,windows10-64-shippable-qr,True,False,,|c|o|l|d| |f|i|s|s|i|o|n| |i|n|t|e|r|a|c|t|i|v|e| |w|e|b|r|e|n|d|e|r|,102210fe594ee9b33d82058545b1ed14f4c8206e,LastVisualChange,reddit-billgates-post-1.posts,True,reddit-billgates-post-1.posts LastVisualChange opt cold fission webrender,,77,ms,firefox,450860315.0,1858330746,2024-03-14 14:09:44,578.5,e172f064ce25ea0f25f8bd0f418f3370ee51e17f,1392974,,,,,,,,,,,,,,,,,,,,,,,,,,,,,,,,,,,,,,,,,,,,,,,,,,,,,,,,,,,,,TN,TN
autoland,4060512,13,77a9707257b88d3b15060667769a2def98a71cff,windows10-64-shippable-qr,True,False,,|c|o|l|d| |f|i|s|s|i|o|n| |i|n|t|e|r|a|c|t|i|v|e| |w|e|b|r|e|n|d|e|r|,102210fe594ee9b33d82058545b1ed14f4c8206e,LastVisualChange,reddit-billgates-post-1.posts,True,reddit-billgates-post-1.posts LastVisualChange opt cold fission webrender,,77,ms,firefox,450804732.0,1858000139,2024-03-14 17:45:33,591.9,e0d1a1dbfd5c36a2527b566ff831a989ca5ae5f5,1393195,,,,,,,,,,,,,,,,,,,,,,,,,,,,,,,,,,,,,,,,,,,,,,,,,,,,,,,,,,,,,TN,TN
autoland,4060512,13,77a9707257b88d3b15060667769a2def98a71cff,windows10-64-shippable-qr,True,False,,|c|o|l|d| |f|i|s|s|i|o|n| |i|n|t|e|r|a|c|t|i|v|e| |w|e|b|r|e|n|d|e|r|,102210fe594ee9b33d82058545b1ed14f4c8206e,LastVisualChange,reddit-billgates-post-1.posts,True,reddit-billgates-post-1.posts LastVisualChange opt cold fission webrender,,77,ms,firefox,450859858.0,1858323881,2024-03-14 20:45:39,575.3,02dd9b09a010712f21eedc050648369c27e2a8ef,1393290,,,,,,,,,,,,,,,,,,,,,,,,,,,,,,,,,,,,,,,,,,,,,,,,,,,,,,,,,,,,,TN,TN
autoland,4060512,13,77a9707257b88d3b15060667769a2def98a71cff,windows10-64-shippable-qr,True,False,,|c|o|l|d| |f|i|s|s|i|o|n| |i|n|t|e|r|a|c|t|i|v|e| |w|e|b|r|e|n|d|e|r|,102210fe594ee9b33d82058545b1ed14f4c8206e,LastVisualChange,reddit-billgates-post-1.posts,True,reddit-billgates-post-1.posts LastVisualChange opt cold fission webrender,,77,ms,firefox,450855650.0,1858304561,2024-03-14 20:46:30,595.5,65df374506551b71fd3759cdb913ccc38d3900ea,1393291,,,,,,,,,,,,,,,,,,,,,,,,,,,,,,,,,,,,,,,,,,,,,,,,,,,,,,,,,,,,,TN,TN
autoland,4060512,13,77a9707257b88d3b15060667769a2def98a71cff,windows10-64-shippable-qr,True,False,,|c|o|l|d| |f|i|s|s|i|o|n| |i|n|t|e|r|a|c|t|i|v|e| |w|e|b|r|e|n|d|e|r|,102210fe594ee9b33d82058545b1ed14f4c8206e,LastVisualChange,reddit-billgates-post-1.posts,True,reddit-billgates-post-1.posts LastVisualChange opt cold fission webrender,,77,ms,firefox,450827121.0,1858083766,2024-03-14 21:51:03,582.5,278273f1c1fdca23ad419f0bd277a616aa240d1e,1393332,,,,,,,,,,,,,,,,,,,,,,,,,,,,,,,,,,,,,,,,,,,,,,,,,,,,,,,,,,,,,TN,TN
autoland,4060512,13,77a9707257b88d3b15060667769a2def98a71cff,windows10-64-shippable-qr,True,False,,|c|o|l|d| |f|i|s|s|i|o|n| |i|n|t|e|r|a|c|t|i|v|e| |w|e|b|r|e|n|d|e|r|,102210fe594ee9b33d82058545b1ed14f4c8206e,LastVisualChange,reddit-billgates-post-1.posts,True,reddit-billgates-post-1.posts LastVisualChange opt cold fission webrender,,77,ms,firefox,450846882.0,1858154518,2024-03-15 00:00:33,581.6,e18af9ec05f36a6f63a2e3889d5bc27f11be4267,1393414,,,,,,,,,,,,,,,,,,,,,,,,,,,,,,,,,,,,,,,,,,,,,,,,,,,,,,,,,,,,,TN,TN
autoland,4060512,13,77a9707257b88d3b15060667769a2def98a71cff,windows10-64-shippable-qr,True,False,,|c|o|l|d| |f|i|s|s|i|o|n| |i|n|t|e|r|a|c|t|i|v|e| |w|e|b|r|e|n|d|e|r|,102210fe594ee9b33d82058545b1ed14f4c8206e,LastVisualChange,reddit-billgates-post-1.posts,True,reddit-billgates-post-1.posts LastVisualChange opt cold fission webrender,,77,ms,firefox,450980902.0,1858863289,2024-03-15 00:02:35,562.3,be3fca116905314a5c3ce1953ed6d67269b2ea13,1393418,,,,,,,,,,,,,,,,,,,,,,,,,,,,,,,,,,,,,,,,,,,,,,,,,,,,,,,,,,,,,TN,TN
autoland,4060512,13,77a9707257b88d3b15060667769a2def98a71cff,windows10-64-shippable-qr,True,False,,|c|o|l|d| |f|i|s|s|i|o|n| |i|n|t|e|r|a|c|t|i|v|e| |w|e|b|r|e|n|d|e|r|,102210fe594ee9b33d82058545b1ed14f4c8206e,LastVisualChange,reddit-billgates-post-1.posts,True,reddit-billgates-post-1.posts LastVisualChange opt cold fission webrender,,77,ms,firefox,450980924.0,1858867026,2024-03-15 00:03:24,588.1,a4b18fc0529b53bf1ce429dbb5bc790ea118db90,1393419,,,,,,,,,,,,,,,,,,,,,,,,,,,,,,,,,,,,,,,,,,,,,,,,,,,,,,,,,,,,,TN,TN
autoland,4060512,13,77a9707257b88d3b15060667769a2def98a71cff,windows10-64-shippable-qr,True,False,,|c|o|l|d| |f|i|s|s|i|o|n| |i|n|t|e|r|a|c|t|i|v|e| |w|e|b|r|e|n|d|e|r|,102210fe594ee9b33d82058545b1ed14f4c8206e,LastVisualChange,reddit-billgates-post-1.posts,True,reddit-billgates-post-1.posts LastVisualChange opt cold fission webrender,,77,ms,firefox,450864972.0,1858361597,2024-03-15 06:02:39,578.7,0eb2b661743e4b5d2ed6cf61116bc5ade9da405b,1393511,,,,,,,,,,,,,,,,,,,,,,,,,,,,,,,,,,,,,,,,,,,,,,,,,,,,,,,,,,,,,TN,TN
autoland,4060512,13,77a9707257b88d3b15060667769a2def98a71cff,windows10-64-shippable-qr,True,False,,|c|o|l|d| |f|i|s|s|i|o|n| |i|n|t|e|r|a|c|t|i|v|e| |w|e|b|r|e|n|d|e|r|,102210fe594ee9b33d82058545b1ed14f4c8206e,LastVisualChange,reddit-billgates-post-1.posts,True,reddit-billgates-post-1.posts LastVisualChange opt cold fission webrender,,77,ms,firefox,450894656.0,1858488909,2024-03-15 09:39:32,592.9,02d8b0bd788352c236ca20d0163498e5ee3faa07,1393552,,,,,,,,,,,,,,,,,,,,,,,,,,,,,,,,,,,,,,,,,,,,,,,,,,,,,,,,,,,,,TN,TN
autoland,4060512,13,77a9707257b88d3b15060667769a2def98a71cff,windows10-64-shippable-qr,True,False,,|c|o|l|d| |f|i|s|s|i|o|n| |i|n|t|e|r|a|c|t|i|v|e| |w|e|b|r|e|n|d|e|r|,102210fe594ee9b33d82058545b1ed14f4c8206e,LastVisualChange,reddit-billgates-post-1.posts,True,reddit-billgates-post-1.posts LastVisualChange opt cold fission webrender,,77,ms,firefox,450916746.0,1858576568,2024-03-15 14:14:34,575.7,4b69d32113781e4489234ce2c9cf8f5b5dcbce5a,1393636,,,,,,,,,,,,,,,,,,,,,,,,,,,,,,,,,,,,,,,,,,,,,,,,,,,,,,,,,,,,,TN,TN
autoland,4060512,13,77a9707257b88d3b15060667769a2def98a71cff,windows10-64-shippable-qr,True,False,,|c|o|l|d| |f|i|s|s|i|o|n| |i|n|t|e|r|a|c|t|i|v|e| |w|e|b|r|e|n|d|e|r|,102210fe594ee9b33d82058545b1ed14f4c8206e,LastVisualChange,reddit-billgates-post-1.posts,True,reddit-billgates-post-1.posts LastVisualChange opt cold fission webrender,,77,ms,firefox,450927438.0,1858621287,2024-03-15 16:14:11,562.6,eff5ebeb21a902d6ed24f356b4a4b41e89ff1172,1393715,,,,,,,,,,,,,,,,,,,,,,,,,,,,,,,,,,,,,,,,,,,,,,,,,,,,,,,,,,,,,TN,TN
autoland,4060512,13,77a9707257b88d3b15060667769a2def98a71cff,windows10-64-shippable-qr,True,False,,|c|o|l|d| |f|i|s|s|i|o|n| |i|n|t|e|r|a|c|t|i|v|e| |w|e|b|r|e|n|d|e|r|,102210fe594ee9b33d82058545b1ed14f4c8206e,LastVisualChange,reddit-billgates-post-1.posts,True,reddit-billgates-post-1.posts LastVisualChange opt cold fission webrender,,77,ms,firefox,450956455.0,1858728771,2024-03-15 20:55:49,568.8,f4367b1826eb51a4bbcde0cd6ae1a5b1644115d0,1393941,,,,,,,,,,,,,,,,,,,,,,,,,,,,,,,,,,,,,,,,,,,,,,,,,,,,,,,,,,,,,TN,TN
autoland,4060512,13,77a9707257b88d3b15060667769a2def98a71cff,windows10-64-shippable-qr,True,False,,|c|o|l|d| |f|i|s|s|i|o|n| |i|n|t|e|r|a|c|t|i|v|e| |w|e|b|r|e|n|d|e|r|,102210fe594ee9b33d82058545b1ed14f4c8206e,LastVisualChange,reddit-billgates-post-1.posts,True,reddit-billgates-post-1.posts LastVisualChange opt cold fission webrender,,77,ms,firefox,450975647.0,1858825606,2024-03-16 01:29:19,582.8,bbe046e25d1447071e399f377b669bbe9cbf3bf3,1394036,,,,,,,,,,,,,,,,,,,,,,,,,,,,,,,,,,,,,,,,,,,,,,,,,,,,,,,,,,,,,TN,TN
autoland,4060512,13,77a9707257b88d3b15060667769a2def98a71cff,windows10-64-shippable-qr,True,False,,|c|o|l|d| |f|i|s|s|i|o|n| |i|n|t|e|r|a|c|t|i|v|e| |w|e|b|r|e|n|d|e|r|,102210fe594ee9b33d82058545b1ed14f4c8206e,LastVisualChange,reddit-billgates-post-1.posts,True,reddit-billgates-post-1.posts LastVisualChange opt cold fission webrender,,77,ms,firefox,450982350.0,1858887025,2024-03-16 06:01:10,581.1,a7134d792577d5d0529bf81b769c32138f7bb0c0,1394058,,,,,,,,,,,,,,,,,,,,,,,,,,,,,,,,,,,,,,,,,,,,,,,,,,,,,,,,,,,,,TN,TN
autoland,4060512,13,77a9707257b88d3b15060667769a2def98a71cff,windows10-64-shippable-qr,True,False,,|c|o|l|d| |f|i|s|s|i|o|n| |i|n|t|e|r|a|c|t|i|v|e| |w|e|b|r|e|n|d|e|r|,102210fe594ee9b33d82058545b1ed14f4c8206e,LastVisualChange,reddit-billgates-post-1.posts,True,reddit-billgates-post-1.posts LastVisualChange opt cold fission webrender,,77,ms,firefox,451016890.0,1859006649,2024-03-16 15:16:53,589.0,a65344e02551e44aca46a84016a3a07cce9d23e6,1394103,,,,,,,,,,,,,,,,,,,,,,,,,,,,,,,,,,,,,,,,,,,,,,,,,,,,,,,,,,,,,TN,TN
autoland,4060512,13,77a9707257b88d3b15060667769a2def98a71cff,windows10-64-shippable-qr,True,False,,|c|o|l|d| |f|i|s|s|i|o|n| |i|n|t|e|r|a|c|t|i|v|e| |w|e|b|r|e|n|d|e|r|,102210fe594ee9b33d82058545b1ed14f4c8206e,LastVisualChange,reddit-billgates-post-1.posts,True,reddit-billgates-post-1.posts LastVisualChange opt cold fission webrender,,77,ms,firefox,451021854.0,1859047998,2024-03-16 21:40:10,587.8,bc06944d050ccff5aed2248b83d51d946814e90d,1394130,,,,,,,,,,,,,,,,,,,,,,,,,,,,,,,,,,,,,,,,,,,,,,,,,,,,,,,,,,,,,TN,TN
autoland,4060512,13,77a9707257b88d3b15060667769a2def98a71cff,windows10-64-shippable-qr,True,False,,|c|o|l|d| |f|i|s|s|i|o|n| |i|n|t|e|r|a|c|t|i|v|e| |w|e|b|r|e|n|d|e|r|,102210fe594ee9b33d82058545b1ed14f4c8206e,LastVisualChange,reddit-billgates-post-1.posts,True,reddit-billgates-post-1.posts LastVisualChange opt cold fission webrender,,77,ms,firefox,451042113.0,1859134252,2024-03-17 07:03:06,572.4,7ef716435af3dee46482a893f4a3b29a4d3faafe,1394146,,,,,,,,,,,,,,,,,,,,,,,,,,,,,,,,,,,,,,,,,,,,,,,,,,,,,,,,,,,,,TN,TN
autoland,4060512,13,77a9707257b88d3b15060667769a2def98a71cff,windows10-64-shippable-qr,True,False,,|c|o|l|d| |f|i|s|s|i|o|n| |i|n|t|e|r|a|c|t|i|v|e| |w|e|b|r|e|n|d|e|r|,102210fe594ee9b33d82058545b1ed14f4c8206e,LastVisualChange,reddit-billgates-post-1.posts,True,reddit-billgates-post-1.posts LastVisualChange opt cold fission webrender,,77,ms,firefox,451051350.0,1859159378,2024-03-17 13:56:17,551.9,47d63b18299914bf2eecdeb64fe8df0a52605aec,1394162,,,,,,,,,,,,,,,,,,,,,,,,,,,,,,,,,,,,,,,,,,,,,,,,,,,,,,,,,,,,,TN,TN
autoland,4060512,13,77a9707257b88d3b15060667769a2def98a71cff,windows10-64-shippable-qr,True,False,,|c|o|l|d| |f|i|s|s|i|o|n| |i|n|t|e|r|a|c|t|i|v|e| |w|e|b|r|e|n|d|e|r|,102210fe594ee9b33d82058545b1ed14f4c8206e,LastVisualChange,reddit-billgates-post-1.posts,True,reddit-billgates-post-1.posts LastVisualChange opt cold fission webrender,,77,ms,firefox,451056517.0,1859189298,2024-03-17 19:02:19,595.3,164fcac77feead59372521b0072049f25a4c9692,1394171,,,,,,,,,,,,,,,,,,,,,,,,,,,,,,,,,,,,,,,,,,,,,,,,,,,,,,,,,,,,,TN,TN
autoland,4060512,13,77a9707257b88d3b15060667769a2def98a71cff,windows10-64-shippable-qr,True,False,,|c|o|l|d| |f|i|s|s|i|o|n| |i|n|t|e|r|a|c|t|i|v|e| |w|e|b|r|e|n|d|e|r|,102210fe594ee9b33d82058545b1ed14f4c8206e,LastVisualChange,reddit-billgates-post-1.posts,True,reddit-billgates-post-1.posts LastVisualChange opt cold fission webrender,,77,ms,firefox,451076819.0,1859311399,2024-03-18 01:14:25,583.0,469d4a744966c133ae480dc66643d47b77aa3209,1394186,,,,,,,,,,,,,,,,,,,,,,,,,,,,,,,,,,,,,,,,,,,,,,,,,,,,,,,,,,,,,TN,TN
autoland,4060512,13,77a9707257b88d3b15060667769a2def98a71cff,windows10-64-shippable-qr,True,False,,|c|o|l|d| |f|i|s|s|i|o|n| |i|n|t|e|r|a|c|t|i|v|e| |w|e|b|r|e|n|d|e|r|,102210fe594ee9b33d82058545b1ed14f4c8206e,LastVisualChange,reddit-billgates-post-1.posts,True,reddit-billgates-post-1.posts LastVisualChange opt cold fission webrender,,77,ms,firefox,451088255.0,1859394729,2024-03-18 07:02:14,561.4,9ae71156ef3c731f44e2af8d1d9c34b7eb7c6c9b,1394207,,,,,,,,,,,,,,,,,,,,,,,,,,,,,,,,,,,,,,,,,,,,,,,,,,,,,,,,,,,,,TN,TN
autoland,4060512,13,77a9707257b88d3b15060667769a2def98a71cff,windows10-64-shippable-qr,True,False,,|c|o|l|d| |f|i|s|s|i|o|n| |i|n|t|e|r|a|c|t|i|v|e| |w|e|b|r|e|n|d|e|r|,102210fe594ee9b33d82058545b1ed14f4c8206e,LastVisualChange,reddit-billgates-post-1.posts,True,reddit-billgates-post-1.posts LastVisualChange opt cold fission webrender,,77,ms,firefox,451101250.0,1859449307,2024-03-18 09:15:45,569.0,d3946837037d31a7b6f83b1977e57c4ea384c904,1394248,,,,,,,,,,,,,,,,,,,,,,,,,,,,,,,,,,,,,,,,,,,,,,,,,,,,,,,,,,,,,TN,TN
autoland,4060512,13,77a9707257b88d3b15060667769a2def98a71cff,windows10-64-shippable-qr,True,False,,|c|o|l|d| |f|i|s|s|i|o|n| |i|n|t|e|r|a|c|t|i|v|e| |w|e|b|r|e|n|d|e|r|,102210fe594ee9b33d82058545b1ed14f4c8206e,LastVisualChange,reddit-billgates-post-1.posts,True,reddit-billgates-post-1.posts LastVisualChange opt cold fission webrender,,77,ms,firefox,451163131.0,1859674424,2024-03-18 16:13:31,1969.3,9a84c7a992c26cd844507c8b4a7215e1aa1dd56e,1394426,,,,,,,,,,,,,,,,,,,,,,,,,,,,,,,,,,,,,,,,,,,,,,,,,,,,,,,,,,,,,TN,TN
autoland,4060512,13,77a9707257b88d3b15060667769a2def98a71cff,windows10-64-shippable-qr,True,False,,|c|o|l|d| |f|i|s|s|i|o|n| |i|n|t|e|r|a|c|t|i|v|e| |w|e|b|r|e|n|d|e|r|,102210fe594ee9b33d82058545b1ed14f4c8206e,LastVisualChange,reddit-billgates-post-1.posts,True,reddit-billgates-post-1.posts LastVisualChange opt cold fission webrender,,77,ms,firefox,451196864.0,1859827440,2024-03-18 17:45:54,1965.6,ab4a4d632bcfcdcb0f37c6791a75467e73c47795,1394460,,,,,,,,,,,,,,,,,,,,,,,,,,,,,,,,,,,,,,,,,,,,,,,,,,,,,,,,,,,,,TN,TN
autoland,4060512,13,77a9707257b88d3b15060667769a2def98a71cff,windows10-64-shippable-qr,True,False,,|c|o|l|d| |f|i|s|s|i|o|n| |i|n|t|e|r|a|c|t|i|v|e| |w|e|b|r|e|n|d|e|r|,102210fe594ee9b33d82058545b1ed14f4c8206e,LastVisualChange,reddit-billgates-post-1.posts,True,reddit-billgates-post-1.posts LastVisualChange opt cold fission webrender,,77,ms,firefox,451199483.0,1859840844,2024-03-18 20:20:59,604.1,3d0c771e9c28d7bad460e8683406e4a832de5d93,1394525,,,,,,,,,,,,,,,,,,,,,,,,,,,,,,,,,,,,,,,,,,,,,,,,,,,,,,,,,,,,,TN,TN
autoland,4060512,13,77a9707257b88d3b15060667769a2def98a71cff,windows10-64-shippable-qr,True,False,,|c|o|l|d| |f|i|s|s|i|o|n| |i|n|t|e|r|a|c|t|i|v|e| |w|e|b|r|e|n|d|e|r|,102210fe594ee9b33d82058545b1ed14f4c8206e,LastVisualChange,reddit-billgates-post-1.posts,True,reddit-billgates-post-1.posts LastVisualChange opt cold fission webrender,,77,ms,firefox,451222200.0,1859936961,2024-03-19 01:00:45,572.1,0febedb51783638cc944e4b495547ccfedb4c43f,1394573,,,,,,,,,,,,,,,,,,,,,,,,,,,,,,,,,,,,,,,,,,,,,,,,,,,,,,,,,,,,,TN,TN
autoland,4060512,13,77a9707257b88d3b15060667769a2def98a71cff,windows10-64-shippable-qr,True,False,,|c|o|l|d| |f|i|s|s|i|o|n| |i|n|t|e|r|a|c|t|i|v|e| |w|e|b|r|e|n|d|e|r|,102210fe594ee9b33d82058545b1ed14f4c8206e,LastVisualChange,reddit-billgates-post-1.posts,True,reddit-billgates-post-1.posts LastVisualChange opt cold fission webrender,,77,ms,firefox,451224869.0,1859964716,2024-03-19 02:26:21,588.6,16ddc2d8ba870a73f3a200338e1400a51d2299c1,1394599,,,,,,,,,,,,,,,,,,,,,,,,,,,,,,,,,,,,,,,,,,,,,,,,,,,,,,,,,,,,,TN,TN
autoland,4060512,13,77a9707257b88d3b15060667769a2def98a71cff,windows10-64-shippable-qr,True,False,,|c|o|l|d| |f|i|s|s|i|o|n| |i|n|t|e|r|a|c|t|i|v|e| |w|e|b|r|e|n|d|e|r|,102210fe594ee9b33d82058545b1ed14f4c8206e,LastVisualChange,reddit-billgates-post-1.posts,True,reddit-billgates-post-1.posts LastVisualChange opt cold fission webrender,,77,ms,firefox,451244403.0,1860042385,2024-03-19 06:03:35,562.3,0fbe242e1d975dcdea4df1bc8187bd9ecfe80291,1394632,,,,,,,,,,,,,,,,,,,,,,,,,,,,,,,,,,,,,,,,,,,,,,,,,,,,,,,,,,,,,TN,TN
autoland,4060512,13,77a9707257b88d3b15060667769a2def98a71cff,windows10-64-shippable-qr,True,False,,|c|o|l|d| |f|i|s|s|i|o|n| |i|n|t|e|r|a|c|t|i|v|e| |w|e|b|r|e|n|d|e|r|,102210fe594ee9b33d82058545b1ed14f4c8206e,LastVisualChange,reddit-billgates-post-1.posts,True,reddit-billgates-post-1.posts LastVisualChange opt cold fission webrender,,77,ms,firefox,451283243.0,1860148606,2024-03-19 08:17:39,575.3,bd45b4ccb1292ec35d0fb6c623cb70b62fecd87b,1394665,,,,,,,,,,,,,,,,,,,,,,,,,,,,,,,,,,,,,,,,,,,,,,,,,,,,,,,,,,,,,TN,TN
autoland,4060512,13,77a9707257b88d3b15060667769a2def98a71cff,windows10-64-shippable-qr,True,False,,|c|o|l|d| |f|i|s|s|i|o|n| |i|n|t|e|r|a|c|t|i|v|e| |w|e|b|r|e|n|d|e|r|,102210fe594ee9b33d82058545b1ed14f4c8206e,LastVisualChange,reddit-billgates-post-1.posts,True,reddit-billgates-post-1.posts LastVisualChange opt cold fission webrender,,77,ms,firefox,451293882.0,1860182713,2024-03-19 11:15:16,578.6,a4280d9d04d7841f3a7286d7cb6d9667ed276e03,1394711,,,,,,,,,,,,,,,,,,,,,,,,,,,,,,,,,,,,,,,,,,,,,,,,,,,,,,,,,,,,,TN,TN
autoland,4060512,13,77a9707257b88d3b15060667769a2def98a71cff,windows10-64-shippable-qr,True,False,,|c|o|l|d| |f|i|s|s|i|o|n| |i|n|t|e|r|a|c|t|i|v|e| |w|e|b|r|e|n|d|e|r|,102210fe594ee9b33d82058545b1ed14f4c8206e,LastVisualChange,reddit-billgates-post-1.posts,True,reddit-billgates-post-1.posts LastVisualChange opt cold fission webrender,,77,ms,firefox,451321195.0,1860255322,2024-03-19 13:28:22,592.0,43d89580ba9c295f67bc3df94ba1aac23b435b63,1394763,,,,,,,,,,,,,,,,,,,,,,,,,,,,,,,,,,,,,,,,,,,,,,,,,,,,,,,,,,,,,TN,TN
autoland,4060512,13,77a9707257b88d3b15060667769a2def98a71cff,windows10-64-shippable-qr,True,False,,|c|o|l|d| |f|i|s|s|i|o|n| |i|n|t|e|r|a|c|t|i|v|e| |w|e|b|r|e|n|d|e|r|,102210fe594ee9b33d82058545b1ed14f4c8206e,LastVisualChange,reddit-billgates-post-1.posts,True,reddit-billgates-post-1.posts LastVisualChange opt cold fission webrender,,77,ms,firefox,451427488.0,1860763814,2024-03-19 17:01:41,572.7,f1fbe41260ccd8c334edcef9a356b9484bd15710,1394871,,,,,,,,,,,,,,,,,,,,,,,,,,,,,,,,,,,,,,,,,,,,,,,,,,,,,,,,,,,,,TN,TN
autoland,4060512,13,77a9707257b88d3b15060667769a2def98a71cff,windows10-64-shippable-qr,True,False,,|c|o|l|d| |f|i|s|s|i|o|n| |i|n|t|e|r|a|c|t|i|v|e| |w|e|b|r|e|n|d|e|r|,102210fe594ee9b33d82058545b1ed14f4c8206e,LastVisualChange,reddit-billgates-post-1.posts,True,reddit-billgates-post-1.posts LastVisualChange opt cold fission webrender,,77,ms,firefox,451428973.0,1860774035,2024-03-19 17:02:34,588.7,90c7bb425e9215f104b1646f0cb78f064eee85b8,1394872,,,,,,,,,,,,,,,,,,,,,,,,,,,,,,,,,,,,,,,,,,,,,,,,,,,,,,,,,,,,,TN,TN
autoland,4060512,13,77a9707257b88d3b15060667769a2def98a71cff,windows10-64-shippable-qr,True,False,,|c|o|l|d| |f|i|s|s|i|o|n| |i|n|t|e|r|a|c|t|i|v|e| |w|e|b|r|e|n|d|e|r|,102210fe594ee9b33d82058545b1ed14f4c8206e,LastVisualChange,reddit-billgates-post-1.posts,True,reddit-billgates-post-1.posts LastVisualChange opt cold fission webrender,,77,ms,firefox,451362534.0,1860429441,2024-03-19 17:03:22,555.0,3d4f500d317cd4c54e93299c01efed1c4354deb7,1394873,,,,,,,,,,,,,,,,,,,,,,,,,,,,,,,,,,,,,,,,,,,,,,,,,,,,,,,,,,,,,TN,TN
autoland,4060512,13,77a9707257b88d3b15060667769a2def98a71cff,windows10-64-shippable-qr,True,False,,|c|o|l|d| |f|i|s|s|i|o|n| |i|n|t|e|r|a|c|t|i|v|e| |w|e|b|r|e|n|d|e|r|,102210fe594ee9b33d82058545b1ed14f4c8206e,LastVisualChange,reddit-billgates-post-1.posts,True,reddit-billgates-post-1.posts LastVisualChange opt cold fission webrender,,77,ms,firefox,451425960.0,1860731018,2024-03-19 17:10:24,556.0,075d02b3d330cb754d21972246fd20adb3ec0b41,1394878,,,,,,,,,,,,,,,,,,,,,,,,,,,,,,,,,,,,,,,,,,,,,,,,,,,,,,,,,,,,,TN,TN
autoland,4060512,13,77a9707257b88d3b15060667769a2def98a71cff,windows10-64-shippable-qr,True,False,,|c|o|l|d| |f|i|s|s|i|o|n| |i|n|t|e|r|a|c|t|i|v|e| |w|e|b|r|e|n|d|e|r|,102210fe594ee9b33d82058545b1ed14f4c8206e,LastVisualChange,reddit-billgates-post-1.posts,True,reddit-billgates-post-1.posts LastVisualChange opt cold fission webrender,,77,ms,firefox,451427083.0,1860739918,2024-03-19 17:11:12,548.6,b2f4fc8e6b027e886b2e54c0810b8338eae1f9a0,1394879,,,,,,,,,,,,,,,,,,,,,,,,,,,,,,,,,,,,,,,,,,,,,,,,,,,,,,,,,,,,,TN,TN
autoland,4060512,13,77a9707257b88d3b15060667769a2def98a71cff,windows10-64-shippable-qr,True,False,,|c|o|l|d| |f|i|s|s|i|o|n| |i|n|t|e|r|a|c|t|i|v|e| |w|e|b|r|e|n|d|e|r|,102210fe594ee9b33d82058545b1ed14f4c8206e,LastVisualChange,reddit-billgates-post-1.posts,True,reddit-billgates-post-1.posts LastVisualChange opt cold fission webrender,,77,ms,firefox,451580829.0,1861373828,2024-03-19 19:46:44,594.0,a87db3b698e19b65bc001936fc7a8b80239a25dd,1394942,,,,,,,,,,,,,,,,,,,,,,,,,,,,,,,,,,,,,,,,,,,,,,,,,,,,,,,,,,,,,TN,TN
autoland,4060512,13,77a9707257b88d3b15060667769a2def98a71cff,windows10-64-shippable-qr,True,False,,|c|o|l|d| |f|i|s|s|i|o|n| |i|n|t|e|r|a|c|t|i|v|e| |w|e|b|r|e|n|d|e|r|,102210fe594ee9b33d82058545b1ed14f4c8206e,LastVisualChange,reddit-billgates-post-1.posts,True,reddit-billgates-post-1.posts LastVisualChange opt cold fission webrender,,77,ms,firefox,451580599.0,1861337826,2024-03-19 19:47:51,579.0,f5ac2d368c7d44f585bea0397dedcd879e2b8ab4,1394944,,,,,,,,,,,,,,,,,,,,,,,,,,,,,,,,,,,,,,,,,,,,,,,,,,,,,,,,,,,,,TN,TN
autoland,4060512,13,77a9707257b88d3b15060667769a2def98a71cff,windows10-64-shippable-qr,True,False,,|c|o|l|d| |f|i|s|s|i|o|n| |i|n|t|e|r|a|c|t|i|v|e| |w|e|b|r|e|n|d|e|r|,102210fe594ee9b33d82058545b1ed14f4c8206e,LastVisualChange,reddit-billgates-post-1.posts,True,reddit-billgates-post-1.posts LastVisualChange opt cold fission webrender,,77,ms,firefox,451378043.0,1860500913,2024-03-19 19:48:40,585.4,7c0de707e2a448dd3846c81f12ee9bae3ebca9d3,1394945,,,,,,,,,,,,,,,,,,,,,,,,,,,,,,,,,,,,,,,,,,,,,,,,,,,,,,,,,,,,,TN,TN
autoland,4060512,13,77a9707257b88d3b15060667769a2def98a71cff,windows10-64-shippable-qr,True,False,,|c|o|l|d| |f|i|s|s|i|o|n| |i|n|t|e|r|a|c|t|i|v|e| |w|e|b|r|e|n|d|e|r|,102210fe594ee9b33d82058545b1ed14f4c8206e,LastVisualChange,reddit-billgates-post-1.posts,True,reddit-billgates-post-1.posts LastVisualChange opt cold fission webrender,,77,ms,firefox,451425302.0,1860706047,2024-03-19 19:50:51,581.7,acccc0eb50c9a1111b4f152c608de7a230877385,1394948,,,,,,,,,,,,,,,,,,,,,,,,,,,,,,,,,,,,,,,,,,,,,,,,,,,,,,,,,,,,,TN,TN
autoland,4060512,13,77a9707257b88d3b15060667769a2def98a71cff,windows10-64-shippable-qr,True,False,,|c|o|l|d| |f|i|s|s|i|o|n| |i|n|t|e|r|a|c|t|i|v|e| |w|e|b|r|e|n|d|e|r|,102210fe594ee9b33d82058545b1ed14f4c8206e,LastVisualChange,reddit-billgates-post-1.posts,True,reddit-billgates-post-1.posts LastVisualChange opt cold fission webrender,,77,ms,firefox,451427215.0,1860750905,2024-03-19 19:55:18,569.2,8cd1f5a5caf1d710563af9a6e3a77a1371d35d0f,1394950,,,,,,,,,,,,,,,,,,,,,,,,,,,,,,,,,,,,,,,,,,,,,,,,,,,,,,,,,,,,,TN,TN
autoland,4060512,13,77a9707257b88d3b15060667769a2def98a71cff,windows10-64-shippable-qr,True,False,,|c|o|l|d| |f|i|s|s|i|o|n| |i|n|t|e|r|a|c|t|i|v|e| |w|e|b|r|e|n|d|e|r|,102210fe594ee9b33d82058545b1ed14f4c8206e,LastVisualChange,reddit-billgates-post-1.posts,True,reddit-billgates-post-1.posts LastVisualChange opt cold fission webrender,,77,ms,firefox,451410418.0,1860641807,2024-03-20 00:04:56,618.9,25a7b6dcdd27704494317e01334be69707ff521f,1395012,,,,,,,,,,,,,,,,,,,,,,,,,,,,,,,,,,,,,,,,,,,,,,,,,,,,,,,,,,,,,TN,TN
autoland,4060512,13,77a9707257b88d3b15060667769a2def98a71cff,windows10-64-shippable-qr,True,False,,|c|o|l|d| |f|i|s|s|i|o|n| |i|n|t|e|r|a|c|t|i|v|e| |w|e|b|r|e|n|d|e|r|,102210fe594ee9b33d82058545b1ed14f4c8206e,LastVisualChange,reddit-billgates-post-1.posts,True,reddit-billgates-post-1.posts LastVisualChange opt cold fission webrender,,77,ms,firefox,451433307.0,1860788508,2024-03-20 06:31:28,2019.3,dbb1856b4f3345f0353d4ea33ed0f83a90420827,1395067,,,,,,,,,,,,,,,,,,,,,,,,,,,,,,,,,,,,,,,,,,,,,,,,,,,,,,,,,,,,,TN,TN
autoland,4060512,13,77a9707257b88d3b15060667769a2def98a71cff,windows10-64-shippable-qr,True,False,,|c|o|l|d| |f|i|s|s|i|o|n| |i|n|t|e|r|a|c|t|i|v|e| |w|e|b|r|e|n|d|e|r|,102210fe594ee9b33d82058545b1ed14f4c8206e,LastVisualChange,reddit-billgates-post-1.posts,True,reddit-billgates-post-1.posts LastVisualChange opt cold fission webrender,,77,ms,firefox,451458951.0,1860894998,2024-03-20 10:14:04,592.6,89f62e190e69ddb95685488010b5807b31491168,1395103,,,,,,,,,,,,,,,,,,,,,,,,,,,,,,,,,,,,,,,,,,,,,,,,,,,,,,,,,,,,,TN,TN
autoland,4060512,13,77a9707257b88d3b15060667769a2def98a71cff,windows10-64-shippable-qr,True,False,,|c|o|l|d| |f|i|s|s|i|o|n| |i|n|t|e|r|a|c|t|i|v|e| |w|e|b|r|e|n|d|e|r|,102210fe594ee9b33d82058545b1ed14f4c8206e,LastVisualChange,reddit-billgates-post-1.posts,True,reddit-billgates-post-1.posts LastVisualChange opt cold fission webrender,,77,ms,firefox,451530510.0,1861096443,2024-03-20 14:37:05,672.5,533a3c2e587f7ea99fde847c499dbb77d1d7c623,1395197,,,,,,,,,,,,,,,,,,,,,,,,,,,,,,,,,,,,,,,,,,,,,,,,,,,,,,,,,,,,,TN,TN
autoland,4060512,13,77a9707257b88d3b15060667769a2def98a71cff,windows10-64-shippable-qr,True,False,,|c|o|l|d| |f|i|s|s|i|o|n| |i|n|t|e|r|a|c|t|i|v|e| |w|e|b|r|e|n|d|e|r|,102210fe594ee9b33d82058545b1ed14f4c8206e,LastVisualChange,reddit-billgates-post-1.posts,True,reddit-billgates-post-1.posts LastVisualChange opt cold fission webrender,,77,ms,firefox,451593970.0,1861398529,2024-03-20 21:30:57,581.7,7e65c2e3fa5893e80c6f6f8ef4deef5861f82edc,1395367,,,,,,,,,,,,,,,,,,,,,,,,,,,,,,,,,,,,,,,,,,,,,,,,,,,,,,,,,,,,,TN,TN
autoland,4060512,13,77a9707257b88d3b15060667769a2def98a71cff,windows10-64-shippable-qr,True,False,,|c|o|l|d| |f|i|s|s|i|o|n| |i|n|t|e|r|a|c|t|i|v|e| |w|e|b|r|e|n|d|e|r|,102210fe594ee9b33d82058545b1ed14f4c8206e,LastVisualChange,reddit-billgates-post-1.posts,True,reddit-billgates-post-1.posts LastVisualChange opt cold fission webrender,,77,ms,firefox,451610229.0,1861460903,2024-03-21 02:02:41,565.3,cd39ad6d1934b2a8d659607d5fc0c1f88df011ba,1395495,,,,,,,,,,,,,,,,,,,,,,,,,,,,,,,,,,,,,,,,,,,,,,,,,,,,,,,,,,,,,TN,TN
autoland,4060512,13,77a9707257b88d3b15060667769a2def98a71cff,windows10-64-shippable-qr,True,False,,|c|o|l|d| |f|i|s|s|i|o|n| |i|n|t|e|r|a|c|t|i|v|e| |w|e|b|r|e|n|d|e|r|,102210fe594ee9b33d82058545b1ed14f4c8206e,LastVisualChange,reddit-billgates-post-1.posts,True,reddit-billgates-post-1.posts LastVisualChange opt cold fission webrender,,77,ms,firefox,451643160.0,1861605675,2024-03-21 06:23:30,587.9,ed7ada93d4ad18f5c9f613bf5ce8d5f89bdaa140,1395640,,,,,,,,,,,,,,,,,,,,,,,,,,,,,,,,,,,,,,,,,,,,,,,,,,,,,,,,,,,,,TN,TN
autoland,4060512,13,77a9707257b88d3b15060667769a2def98a71cff,windows10-64-shippable-qr,True,False,,|c|o|l|d| |f|i|s|s|i|o|n| |i|n|t|e|r|a|c|t|i|v|e| |w|e|b|r|e|n|d|e|r|,102210fe594ee9b33d82058545b1ed14f4c8206e,LastVisualChange,reddit-billgates-post-1.posts,True,reddit-billgates-post-1.posts LastVisualChange opt cold fission webrender,,77,ms,firefox,451643331.0,1861609206,2024-03-21 08:38:48,592.1,335ba8ea2f56243d2cb6a5bc7aa4d0d0f3c415c7,1395685,,,,,,,,,,,,,,,,,,,,,,,,,,,,,,,,,,,,,,,,,,,,,,,,,,,,,,,,,,,,,TN,TN
autoland,4060512,13,77a9707257b88d3b15060667769a2def98a71cff,windows10-64-shippable-qr,True,False,,|c|o|l|d| |f|i|s|s|i|o|n| |i|n|t|e|r|a|c|t|i|v|e| |w|e|b|r|e|n|d|e|r|,102210fe594ee9b33d82058545b1ed14f4c8206e,LastVisualChange,reddit-billgates-post-1.posts,True,reddit-billgates-post-1.posts LastVisualChange opt cold fission webrender,,77,ms,firefox,451847763.0,1862288247,2024-03-21 08:42:18,576.2,42e0c42e5e1c3fc7c0ad70a25fb2ef3cc909e5d1,1395691,,,,,,,,,,,,,,,,,,,,,,,,,,,,,,,,,,,,,,,,,,,,,,,,,,,,,,,,,,,,,TN,TN
autoland,4060512,13,77a9707257b88d3b15060667769a2def98a71cff,windows10-64-shippable-qr,True,False,,|c|o|l|d| |f|i|s|s|i|o|n| |i|n|t|e|r|a|c|t|i|v|e| |w|e|b|r|e|n|d|e|r|,102210fe594ee9b33d82058545b1ed14f4c8206e,LastVisualChange,reddit-billgates-post-1.posts,True,reddit-billgates-post-1.posts LastVisualChange opt cold fission webrender,,77,ms,firefox,451847065.0,1862273333,2024-03-21 09:02:11,578.1,79b454f01f93f009791c6d78b151b86734acae05,1395725,,,,,,,,,,,,,,,,,,,,,,,,,,,,,,,,,,,,,,,,,,,,,,,,,,,,,,,,,,,,,TN,TN
autoland,4060512,13,77a9707257b88d3b15060667769a2def98a71cff,windows10-64-shippable-qr,True,False,,|c|o|l|d| |f|i|s|s|i|o|n| |i|n|t|e|r|a|c|t|i|v|e| |w|e|b|r|e|n|d|e|r|,102210fe594ee9b33d82058545b1ed14f4c8206e,LastVisualChange,reddit-billgates-post-1.posts,True,reddit-billgates-post-1.posts LastVisualChange opt cold fission webrender,,77,ms,firefox,451696775.0,1861798787,2024-03-21 12:46:07,565.7,d90b4451e543266ae9d98982a92dafa311c75db6,1395897,,,,,,,,,,,,,,,,,,,,,,,,,,,,,,,,,,,,,,,,,,,,,,,,,,,,,,,,,,,,,TN,TN
autoland,4060512,13,77a9707257b88d3b15060667769a2def98a71cff,windows10-64-shippable-qr,True,False,,|c|o|l|d| |f|i|s|s|i|o|n| |i|n|t|e|r|a|c|t|i|v|e| |w|e|b|r|e|n|d|e|r|,102210fe594ee9b33d82058545b1ed14f4c8206e,LastVisualChange,reddit-billgates-post-1.posts,True,reddit-billgates-post-1.posts LastVisualChange opt cold fission webrender,,77,ms,firefox,451699390.0,1861811429,2024-03-21 13:53:06,568.4,dbfd6042b4d2b3a3b509b22f41276fdfdd6a17b0,1395978,,,,,,,,,,,,,,,,,,,,,,,,,,,,,,,,,,,,,,,,,,,,,,,,,,,,,,,,,,,,,TN,TN
autoland,4060512,13,77a9707257b88d3b15060667769a2def98a71cff,windows10-64-shippable-qr,True,False,,|c|o|l|d| |f|i|s|s|i|o|n| |i|n|t|e|r|a|c|t|i|v|e| |w|e|b|r|e|n|d|e|r|,102210fe594ee9b33d82058545b1ed14f4c8206e,LastVisualChange,reddit-billgates-post-1.posts,True,reddit-billgates-post-1.posts LastVisualChange opt cold fission webrender,,77,ms,firefox,451741282.0,1861931613,2024-03-21 17:29:27,608.1,6a09c380e669a377e8254dd93ff3485ae0ec96c4,1396220,,,,,,,,,,,,,,,,,,,,,,,,,,,,,,,,,,,,,,,,,,,,,,,,,,,,,,,,,,,,,TN,TN
autoland,4060512,13,77a9707257b88d3b15060667769a2def98a71cff,windows10-64-shippable-qr,True,False,,|c|o|l|d| |f|i|s|s|i|o|n| |i|n|t|e|r|a|c|t|i|v|e| |w|e|b|r|e|n|d|e|r|,102210fe594ee9b33d82058545b1ed14f4c8206e,LastVisualChange,reddit-billgates-post-1.posts,True,reddit-billgates-post-1.posts LastVisualChange opt cold fission webrender,,77,ms,firefox,451844176.0,1862247842,2024-03-21 18:45:37,582.4,761aa95394f28659c52a30a4cf4bbb9de1bf1fcd,1396356,,,,,,,,,,,,,,,,,,,,,,,,,,,,,,,,,,,,,,,,,,,,,,,,,,,,,,,,,,,,,TN,TN
autoland,4060512,13,77a9707257b88d3b15060667769a2def98a71cff,windows10-64-shippable-qr,True,False,,|c|o|l|d| |f|i|s|s|i|o|n| |i|n|t|e|r|a|c|t|i|v|e| |w|e|b|r|e|n|d|e|r|,102210fe594ee9b33d82058545b1ed14f4c8206e,LastVisualChange,reddit-billgates-post-1.posts,True,reddit-billgates-post-1.posts LastVisualChange opt cold fission webrender,,77,ms,firefox,451845734.0,1862254550,2024-03-21 18:46:28,562.5,bb41b62cad53dc168eae7ef8e5dd62439925c999,1396358,,,,,,,,,,,,,,,,,,,,,,,,,,,,,,,,,,,,,,,,,,,,,,,,,,,,,,,,,,,,,TN,TN
autoland,4060512,13,77a9707257b88d3b15060667769a2def98a71cff,windows10-64-shippable-qr,True,False,,|c|o|l|d| |f|i|s|s|i|o|n| |i|n|t|e|r|a|c|t|i|v|e| |w|e|b|r|e|n|d|e|r|,102210fe594ee9b33d82058545b1ed14f4c8206e,LastVisualChange,reddit-billgates-post-1.posts,True,reddit-billgates-post-1.posts LastVisualChange opt cold fission webrender,,77,ms,firefox,451746856.0,1861971113,2024-03-21 18:47:13,573.1,c83258a2f5a9fd7b7107508c07827d9aa1a83035,1396360,,,,,,,,,,,,,,,,,,,,,,,,,,,,,,,,,,,,,,,,,,,,,,,,,,,,,,,,,,,,,TN,TN
autoland,4060512,13,77a9707257b88d3b15060667769a2def98a71cff,windows10-64-shippable-qr,True,False,,|c|o|l|d| |f|i|s|s|i|o|n| |i|n|t|e|r|a|c|t|i|v|e| |w|e|b|r|e|n|d|e|r|,102210fe594ee9b33d82058545b1ed14f4c8206e,LastVisualChange,reddit-billgates-post-1.posts,True,reddit-billgates-post-1.posts LastVisualChange opt cold fission webrender,,77,ms,firefox,451775949.0,1862087104,2024-03-21 21:19:12,568.9,3e3e5631944ec7d9d81a7c8ca0c3b5998ad044b3,1396573,,,,,,,,,,,,,,,,,,,,,,,,,,,,,,,,,,,,,,,,,,,,,,,,,,,,,,,,,,,,,TN,TN
autoland,4060512,13,77a9707257b88d3b15060667769a2def98a71cff,windows10-64-shippable-qr,True,False,,|c|o|l|d| |f|i|s|s|i|o|n| |i|n|t|e|r|a|c|t|i|v|e| |w|e|b|r|e|n|d|e|r|,102210fe594ee9b33d82058545b1ed14f4c8206e,LastVisualChange,reddit-billgates-post-1.posts,True,reddit-billgates-post-1.posts LastVisualChange opt cold fission webrender,,77,ms,firefox,451832307.0,1862205093,2024-03-22 02:33:11,568.6,a64d6cbeaa4f78ec1f700f6123469eb1b3a31608,1396939,,,,,,,,,,,,,,,,,,,,,,,,,,,,,,,,,,,,,,,,,,,,,,,,,,,,,,,,,,,,,TN,TN
autoland,4060512,13,77a9707257b88d3b15060667769a2def98a71cff,windows10-64-shippable-qr,True,False,,|c|o|l|d| |f|i|s|s|i|o|n| |i|n|t|e|r|a|c|t|i|v|e| |w|e|b|r|e|n|d|e|r|,102210fe594ee9b33d82058545b1ed14f4c8206e,LastVisualChange,reddit-billgates-post-1.posts,True,reddit-billgates-post-1.posts LastVisualChange opt cold fission webrender,,77,ms,firefox,451849034.0,1862303064,2024-03-22 05:34:14,596.3,5d6efea5e0bbc9c3cb2231d09450c2c7dd045122,1397066,,,,,,,,,,,,,,,,,,,,,,,,,,,,,,,,,,,,,,,,,,,,,,,,,,,,,,,,,,,,,TN,TN
autoland,4060512,13,77a9707257b88d3b15060667769a2def98a71cff,windows10-64-shippable-qr,True,False,,|c|o|l|d| |f|i|s|s|i|o|n| |i|n|t|e|r|a|c|t|i|v|e| |w|e|b|r|e|n|d|e|r|,102210fe594ee9b33d82058545b1ed14f4c8206e,LastVisualChange,reddit-billgates-post-1.posts,True,reddit-billgates-post-1.posts LastVisualChange opt cold fission webrender,,77,ms,firefox,451878353.0,1862465375,2024-03-22 10:08:21,606.1,48b19f0a3ca9e2d02e502182cb41095a870c3c30,1397249,,,,,,,,,,,,,,,,,,,,,,,,,,,,,,,,,,,,,,,,,,,,,,,,,,,,,,,,,,,,,TN,TN
autoland,4060512,13,77a9707257b88d3b15060667769a2def98a71cff,windows10-64-shippable-qr,True,False,,|c|o|l|d| |f|i|s|s|i|o|n| |i|n|t|e|r|a|c|t|i|v|e| |w|e|b|r|e|n|d|e|r|,102210fe594ee9b33d82058545b1ed14f4c8206e,LastVisualChange,reddit-billgates-post-1.posts,True,reddit-billgates-post-1.posts LastVisualChange opt cold fission webrender,,77,ms,firefox,451912565.0,1862585031,2024-03-22 13:22:55,581.4,640f274ba8d721083e3a62631c1c96e652d0965c,1397337,,,,,,,,,,,,,,,,,,,,,,,,,,,,,,,,,,,,,,,,,,,,,,,,,,,,,,,,,,,,,TN,TN
autoland,4060512,13,77a9707257b88d3b15060667769a2def98a71cff,windows10-64-shippable-qr,True,False,,|c|o|l|d| |f|i|s|s|i|o|n| |i|n|t|e|r|a|c|t|i|v|e| |w|e|b|r|e|n|d|e|r|,102210fe594ee9b33d82058545b1ed14f4c8206e,LastVisualChange,reddit-billgates-post-1.posts,True,reddit-billgates-post-1.posts LastVisualChange opt cold fission webrender,,77,ms,firefox,451951401.0,1862722252,2024-03-22 17:28:16,564.7,d12a19660d53686074475ffbbed160cc788ebe05,1397524,,,,,,,,,,,,,,,,,,,,,,,,,,,,,,,,,,,,,,,,,,,,,,,,,,,,,,,,,,,,,TN,TN
autoland,4060512,13,77a9707257b88d3b15060667769a2def98a71cff,windows10-64-shippable-qr,True,False,,|c|o|l|d| |f|i|s|s|i|o|n| |i|n|t|e|r|a|c|t|i|v|e| |w|e|b|r|e|n|d|e|r|,102210fe594ee9b33d82058545b1ed14f4c8206e,LastVisualChange,reddit-billgates-post-1.posts,True,reddit-billgates-post-1.posts LastVisualChange opt cold fission webrender,,77,ms,firefox,451972847.0,1862827030,2024-03-22 22:43:04,620.2,a008405a9171acdb92d2997564e16713185f054f,1397682,,,,,,,,,,,,,,,,,,,,,,,,,,,,,,,,,,,,,,,,,,,,,,,,,,,,,,,,,,,,,TN,TN
autoland,4060512,13,77a9707257b88d3b15060667769a2def98a71cff,windows10-64-shippable-qr,True,False,,|c|o|l|d| |f|i|s|s|i|o|n| |i|n|t|e|r|a|c|t|i|v|e| |w|e|b|r|e|n|d|e|r|,102210fe594ee9b33d82058545b1ed14f4c8206e,LastVisualChange,reddit-billgates-post-1.posts,True,reddit-billgates-post-1.posts LastVisualChange opt cold fission webrender,,77,ms,firefox,451985261.0,1862918421,2024-03-23 04:11:22,1972.7,341c752f9f931ed8ca1220eb7006bdfcd026038e,1397768,,,,,,,,,,,,,,,,,,,,,,,,,,,,,,,,,,,,,,,,,,,,,,,,,,,,,,,,,,,,,TN,TN
autoland,4060512,13,77a9707257b88d3b15060667769a2def98a71cff,windows10-64-shippable-qr,True,False,,|c|o|l|d| |f|i|s|s|i|o|n| |i|n|t|e|r|a|c|t|i|v|e| |w|e|b|r|e|n|d|e|r|,102210fe594ee9b33d82058545b1ed14f4c8206e,LastVisualChange,reddit-billgates-post-1.posts,True,reddit-billgates-post-1.posts LastVisualChange opt cold fission webrender,,77,ms,firefox,452000217.0,1862978410,2024-03-23 08:45:37,621.0,7575296d6781e483bc76a289f68623eb548baac4,1397819,,,,,,,,,,,,,,,,,,,,,,,,,,,,,,,,,,,,,,,,,,,,,,,,,,,,,,,,,,,,,TN,TN
autoland,4060512,13,77a9707257b88d3b15060667769a2def98a71cff,windows10-64-shippable-qr,True,False,,|c|o|l|d| |f|i|s|s|i|o|n| |i|n|t|e|r|a|c|t|i|v|e| |w|e|b|r|e|n|d|e|r|,102210fe594ee9b33d82058545b1ed14f4c8206e,LastVisualChange,reddit-billgates-post-1.posts,True,reddit-billgates-post-1.posts LastVisualChange opt cold fission webrender,,77,ms,firefox,452018944.0,1863047458,2024-03-23 13:51:59,578.1,47e43ed2bb6cad873900cd00ccf834a51f3dfe83,1397843,,,,,,,,,,,,,,,,,,,,,,,,,,,,,,,,,,,,,,,,,,,,,,,,,,,,,,,,,,,,,TN,TN
autoland,4060512,13,77a9707257b88d3b15060667769a2def98a71cff,windows10-64-shippable-qr,True,False,,|c|o|l|d| |f|i|s|s|i|o|n| |i|n|t|e|r|a|c|t|i|v|e| |w|e|b|r|e|n|d|e|r|,102210fe594ee9b33d82058545b1ed14f4c8206e,LastVisualChange,reddit-billgates-post-1.posts,True,reddit-billgates-post-1.posts LastVisualChange opt cold fission webrender,,77,ms,firefox,452029186.0,1863084349,2024-03-23 18:44:13,2001.5,69c342123c6fdb9190169823dd12a42a77559b9f,1397871,,,,,,,,,,,,,,,,,,,,,,,,,,,,,,,,,,,,,,,,,,,,,,,,,,,,,,,,,,,,,TN,TN
autoland,4060512,13,77a9707257b88d3b15060667769a2def98a71cff,windows10-64-shippable-qr,True,False,,|c|o|l|d| |f|i|s|s|i|o|n| |i|n|t|e|r|a|c|t|i|v|e| |w|e|b|r|e|n|d|e|r|,102210fe594ee9b33d82058545b1ed14f4c8206e,LastVisualChange,reddit-billgates-post-1.posts,True,reddit-billgates-post-1.posts LastVisualChange opt cold fission webrender,,77,ms,firefox,452047316.0,1863154887,2024-03-24 00:54:50,589.4,c43bc8bba8a808b2f5005002f96936afa3697b34,1397899,,,,,,,,,,,,,,,,,,,,,,,,,,,,,,,,,,,,,,,,,,,,,,,,,,,,,,,,,,,,,TN,TN
autoland,4060512,13,77a9707257b88d3b15060667769a2def98a71cff,windows10-64-shippable-qr,True,False,,|c|o|l|d| |f|i|s|s|i|o|n| |i|n|t|e|r|a|c|t|i|v|e| |w|e|b|r|e|n|d|e|r|,102210fe594ee9b33d82058545b1ed14f4c8206e,LastVisualChange,reddit-billgates-post-1.posts,True,reddit-billgates-post-1.posts LastVisualChange opt cold fission webrender,,77,ms,firefox,452053943.0,1863213023,2024-03-24 07:02:41,586.2,fa1b327e74e89e08f7fff24dbb35f11e48736aab,1397916,,,,,,,,,,,,,,,,,,,,,,,,,,,,,,,,,,,,,,,,,,,,,,,,,,,,,,,,,,,,,TN,TN
autoland,4060512,13,77a9707257b88d3b15060667769a2def98a71cff,windows10-64-shippable-qr,True,False,,|c|o|l|d| |f|i|s|s|i|o|n| |i|n|t|e|r|a|c|t|i|v|e| |w|e|b|r|e|n|d|e|r|,102210fe594ee9b33d82058545b1ed14f4c8206e,LastVisualChange,reddit-billgates-post-1.posts,True,reddit-billgates-post-1.posts LastVisualChange opt cold fission webrender,,77,ms,firefox,452077769.0,1863298751,2024-03-24 11:13:54,571.8,f0597fea22797603c0e45ec1c43433afa5ed6dcd,1397937,,,,,,,,,,,,,,,,,,,,,,,,,,,,,,,,,,,,,,,,,,,,,,,,,,,,,,,,,,,,,TN,TN
autoland,4060512,13,77a9707257b88d3b15060667769a2def98a71cff,windows10-64-shippable-qr,True,False,,|c|o|l|d| |f|i|s|s|i|o|n| |i|n|t|e|r|a|c|t|i|v|e| |w|e|b|r|e|n|d|e|r|,102210fe594ee9b33d82058545b1ed14f4c8206e,LastVisualChange,reddit-billgates-post-1.posts,True,reddit-billgates-post-1.posts LastVisualChange opt cold fission webrender,,77,ms,firefox,452092760.0,1863354322,2024-03-24 18:59:17,599.0,6ec4249c788c48dc30dfb8737228af711e49fde2,1397954,,,,,,,,,,,,,,,,,,,,,,,,,,,,,,,,,,,,,,,,,,,,,,,,,,,,,,,,,,,,,TN,TN
autoland,4060512,13,77a9707257b88d3b15060667769a2def98a71cff,windows10-64-shippable-qr,True,False,,|c|o|l|d| |f|i|s|s|i|o|n| |i|n|t|e|r|a|c|t|i|v|e| |w|e|b|r|e|n|d|e|r|,102210fe594ee9b33d82058545b1ed14f4c8206e,LastVisualChange,reddit-billgates-post-1.posts,True,reddit-billgates-post-1.posts LastVisualChange opt cold fission webrender,,77,ms,firefox,452107160.0,1863405762,2024-03-24 23:02:44,612.4,f16b84d2aab6142f8b4fd6de574e96c2f551ebc7,1397973,,,,,,,,,,,,,,,,,,,,,,,,,,,,,,,,,,,,,,,,,,,,,,,,,,,,,,,,,,,,,TN,TN
autoland,4060512,13,77a9707257b88d3b15060667769a2def98a71cff,windows10-64-shippable-qr,True,False,,|c|o|l|d| |f|i|s|s|i|o|n| |i|n|t|e|r|a|c|t|i|v|e| |w|e|b|r|e|n|d|e|r|,102210fe594ee9b33d82058545b1ed14f4c8206e,LastVisualChange,reddit-billgates-post-1.posts,True,reddit-billgates-post-1.posts LastVisualChange opt cold fission webrender,,77,ms,firefox,452116011.0,1863456053,2024-03-25 03:31:22,558.2,19d905446a32ebc5b281e61c8ee49718ee784a25,1397989,,,,,,,,,,,,,,,,,,,,,,,,,,,,,,,,,,,,,,,,,,,,,,,,,,,,,,,,,,,,,TN,TN
autoland,4060512,13,77a9707257b88d3b15060667769a2def98a71cff,windows10-64-shippable-qr,True,False,,|c|o|l|d| |f|i|s|s|i|o|n| |i|n|t|e|r|a|c|t|i|v|e| |w|e|b|r|e|n|d|e|r|,102210fe594ee9b33d82058545b1ed14f4c8206e,LastVisualChange,reddit-billgates-post-1.posts,True,reddit-billgates-post-1.posts LastVisualChange opt cold fission webrender,,77,ms,firefox,452137049.0,1863544258,2024-03-25 08:43:58,584.7,db7773c959d542b2327b7158f769c657e46e2992,1398035,,,,,,,,,,,,,,,,,,,,,,,,,,,,,,,,,,,,,,,,,,,,,,,,,,,,,,,,,,,,,TN,TN
autoland,4060512,13,77a9707257b88d3b15060667769a2def98a71cff,windows10-64-shippable-qr,True,False,,|c|o|l|d| |f|i|s|s|i|o|n| |i|n|t|e|r|a|c|t|i|v|e| |w|e|b|r|e|n|d|e|r|,102210fe594ee9b33d82058545b1ed14f4c8206e,LastVisualChange,reddit-billgates-post-1.posts,True,reddit-billgates-post-1.posts LastVisualChange opt cold fission webrender,,77,ms,firefox,452139625.0,1863563258,2024-03-25 09:25:18,591.6,71c813e27dff32e4664eb9116e60097837485bfb,1398057,,,,,,,,,,,,,,,,,,,,,,,,,,,,,,,,,,,,,,,,,,,,,,,,,,,,,,,,,,,,,TN,TN
autoland,4060512,13,77a9707257b88d3b15060667769a2def98a71cff,windows10-64-shippable-qr,True,False,,|c|o|l|d| |f|i|s|s|i|o|n| |i|n|t|e|r|a|c|t|i|v|e| |w|e|b|r|e|n|d|e|r|,102210fe594ee9b33d82058545b1ed14f4c8206e,LastVisualChange,reddit-billgates-post-1.posts,True,reddit-billgates-post-1.posts LastVisualChange opt cold fission webrender,,77,ms,firefox,452193079.0,1863740126,2024-03-25 13:40:37,612.0,5969005dae85cc8ac486b2f0bdbb7454b660f252,1398214,,,,,,,,,,,,,,,,,,,,,,,,,,,,,,,,,,,,,,,,,,,,,,,,,,,,,,,,,,,,,TN,TN
autoland,4060512,13,77a9707257b88d3b15060667769a2def98a71cff,windows10-64-shippable-qr,True,False,,|c|o|l|d| |f|i|s|s|i|o|n| |i|n|t|e|r|a|c|t|i|v|e| |w|e|b|r|e|n|d|e|r|,102210fe594ee9b33d82058545b1ed14f4c8206e,LastVisualChange,reddit-billgates-post-1.posts,True,reddit-billgates-post-1.posts LastVisualChange opt cold fission webrender,,77,ms,firefox,452194017.0,1863751929,2024-03-25 14:05:55,630.7,19dcff1ee3fcbb431110e0639c80a3ba51ee0a34,1398235,,,,,,,,,,,,,,,,,,,,,,,,,,,,,,,,,,,,,,,,,,,,,,,,,,,,,,,,,,,,,TN,TN
autoland,4060512,13,77a9707257b88d3b15060667769a2def98a71cff,windows10-64-shippable-qr,True,False,,|c|o|l|d| |f|i|s|s|i|o|n| |i|n|t|e|r|a|c|t|i|v|e| |w|e|b|r|e|n|d|e|r|,102210fe594ee9b33d82058545b1ed14f4c8206e,LastVisualChange,reddit-billgates-post-1.posts,True,reddit-billgates-post-1.posts LastVisualChange opt cold fission webrender,,77,ms,firefox,452299370.0,1864200757,2024-03-25 14:40:25,588.7,1ccfb1fee9008dff43ef927076a3c5188eb2e683,1398263,,,,,,,,,,,,,,,,,,,,,,,,,,,,,,,,,,,,,,,,,,,,,,,,,,,,,,,,,,,,,TN,TN
autoland,4060512,13,77a9707257b88d3b15060667769a2def98a71cff,windows10-64-shippable-qr,True,False,,|c|o|l|d| |f|i|s|s|i|o|n| |i|n|t|e|r|a|c|t|i|v|e| |w|e|b|r|e|n|d|e|r|,102210fe594ee9b33d82058545b1ed14f4c8206e,LastVisualChange,reddit-billgates-post-1.posts,True,reddit-billgates-post-1.posts LastVisualChange opt cold fission webrender,,77,ms,firefox,452298853.0,1864195808,2024-03-25 14:55:12,572.6,4c62ed2fd27692e962d9d0568404bbc956674765,1398275,,,,,,,,,,,,,,,,,,,,,,,,,,,,,,,,,,,,,,,,,,,,,,,,,,,,,,,,,,,,,TN,TN
autoland,4060512,13,77a9707257b88d3b15060667769a2def98a71cff,windows10-64-shippable-qr,True,False,,|c|o|l|d| |f|i|s|s|i|o|n| |i|n|t|e|r|a|c|t|i|v|e| |w|e|b|r|e|n|d|e|r|,102210fe594ee9b33d82058545b1ed14f4c8206e,LastVisualChange,reddit-billgates-post-1.posts,True,reddit-billgates-post-1.posts LastVisualChange opt cold fission webrender,,77,ms,firefox,452299667.0,1864216359,2024-03-25 16:24:33,581.9,83e8fe031f9498f26b15b45bed88798d2ec510d6,1398337,,,,,,,,,,,,,,,,,,,,,,,,,,,,,,,,,,,,,,,,,,,,,,,,,,,,,,,,,,,,,TN,TN
autoland,4060512,13,77a9707257b88d3b15060667769a2def98a71cff,windows10-64-shippable-qr,True,False,,|c|o|l|d| |f|i|s|s|i|o|n| |i|n|t|e|r|a|c|t|i|v|e| |w|e|b|r|e|n|d|e|r|,102210fe594ee9b33d82058545b1ed14f4c8206e,LastVisualChange,reddit-billgates-post-1.posts,True,reddit-billgates-post-1.posts LastVisualChange opt cold fission webrender,,77,ms,firefox,452299742.0,1864223750,2024-03-25 16:26:02,568.8,2bd9a68e0e0eed71138c8a8cd57f238938d37bad,1398338,,,,,,,,,,,,,,,,,,,,,,,,,,,,,,,,,,,,,,,,,,,,,,,,,,,,,,,,,,,,,TN,TN
autoland,4060512,13,77a9707257b88d3b15060667769a2def98a71cff,windows10-64-shippable-qr,True,False,,|c|o|l|d| |f|i|s|s|i|o|n| |i|n|t|e|r|a|c|t|i|v|e| |w|e|b|r|e|n|d|e|r|,102210fe594ee9b33d82058545b1ed14f4c8206e,LastVisualChange,reddit-billgates-post-1.posts,True,reddit-billgates-post-1.posts LastVisualChange opt cold fission webrender,,77,ms,firefox,452220307.0,1863890863,2024-03-25 17:00:38,558.4,9b5934ed0d6138133e3cab84d859a8e38bd43683,1398374,,,,,,,,,,,,,,,,,,,,,,,,,,,,,,,,,,,,,,,,,,,,,,,,,,,,,,,,,,,,,TN,TN
autoland,4060512,13,77a9707257b88d3b15060667769a2def98a71cff,windows10-64-shippable-qr,True,False,,|c|o|l|d| |f|i|s|s|i|o|n| |i|n|t|e|r|a|c|t|i|v|e| |w|e|b|r|e|n|d|e|r|,102210fe594ee9b33d82058545b1ed14f4c8206e,LastVisualChange,reddit-billgates-post-1.posts,True,reddit-billgates-post-1.posts LastVisualChange opt cold fission webrender,,77,ms,firefox,452241593.0,1863993491,2024-03-25 20:16:40,572.3,05ef22f3485b9acca72235e56c8e11abea982310,1398545,,,,,,,,,,,,,,,,,,,,,,,,,,,,,,,,,,,,,,,,,,,,,,,,,,,,,,,,,,,,,TN,TN
autoland,4060512,13,77a9707257b88d3b15060667769a2def98a71cff,windows10-64-shippable-qr,True,False,,|c|o|l|d| |f|i|s|s|i|o|n| |i|n|t|e|r|a|c|t|i|v|e| |w|e|b|r|e|n|d|e|r|,102210fe594ee9b33d82058545b1ed14f4c8206e,LastVisualChange,reddit-billgates-post-1.posts,True,reddit-billgates-post-1.posts LastVisualChange opt cold fission webrender,,77,ms,firefox,452273988.0,1864093132,2024-03-26 00:18:31,608.8,af6fe1ffacb6272ced1d27e874f376c671a19461,1398725,,,,,,,,,,,,,,,,,,,,,,,,,,,,,,,,,,,,,,,,,,,,,,,,,,,,,,,,,,,,,TN,TN
autoland,4060512,13,77a9707257b88d3b15060667769a2def98a71cff,windows10-64-shippable-qr,True,False,,|c|o|l|d| |f|i|s|s|i|o|n| |i|n|t|e|r|a|c|t|i|v|e| |w|e|b|r|e|n|d|e|r|,102210fe594ee9b33d82058545b1ed14f4c8206e,LastVisualChange,reddit-billgates-post-1.posts,True,reddit-billgates-post-1.posts LastVisualChange opt cold fission webrender,,77,ms,firefox,452284452.0,1864116798,2024-03-26 01:24:19,582.2,f0c093accca57074b185d7b3a5a76937ae8c57ed,1398741,,,,,,,,,,,,,,,,,,,,,,,,,,,,,,,,,,,,,,,,,,,,,,,,,,,,,,,,,,,,,TN,TN
autoland,4060512,13,77a9707257b88d3b15060667769a2def98a71cff,windows10-64-shippable-qr,True,False,,|c|o|l|d| |f|i|s|s|i|o|n| |i|n|t|e|r|a|c|t|i|v|e| |w|e|b|r|e|n|d|e|r|,102210fe594ee9b33d82058545b1ed14f4c8206e,LastVisualChange,reddit-billgates-post-1.posts,True,reddit-billgates-post-1.posts LastVisualChange opt cold fission webrender,,77,ms,firefox,452459110.0,1864881938,2024-03-26 04:41:36,614.7,1ae61dcda070d554cd7c9925dce2611bc43f0c02,1398794,,,,,,,,,,,,,,,,,,,,,,,,,,,,,,,,,,,,,,,,,,,,,,,,,,,,,,,,,,,,,TN,TN
autoland,4060512,13,77a9707257b88d3b15060667769a2def98a71cff,windows10-64-shippable-qr,True,False,,|c|o|l|d| |f|i|s|s|i|o|n| |i|n|t|e|r|a|c|t|i|v|e| |w|e|b|r|e|n|d|e|r|,102210fe594ee9b33d82058545b1ed14f4c8206e,LastVisualChange,reddit-billgates-post-1.posts,True,reddit-billgates-post-1.posts LastVisualChange opt cold fission webrender,,77,ms,firefox,452457572.0,1864827905,2024-03-26 04:44:39,575.8,c1b5b1e89360513f3c4b81679bb7a25e0482a533,1398796,,,,,,,,,,,,,,,,,,,,,,,,,,,,,,,,,,,,,,,,,,,,,,,,,,,,,,,,,,,,,TN,TN
autoland,4060512,13,77a9707257b88d3b15060667769a2def98a71cff,windows10-64-shippable-qr,True,False,,|c|o|l|d| |f|i|s|s|i|o|n| |i|n|t|e|r|a|c|t|i|v|e| |w|e|b|r|e|n|d|e|r|,102210fe594ee9b33d82058545b1ed14f4c8206e,LastVisualChange,reddit-billgates-post-1.posts,True,reddit-billgates-post-1.posts LastVisualChange opt cold fission webrender,,77,ms,firefox,452305611.0,1864251024,2024-03-26 06:19:49,2004.7,f76227b1c05f51b70e7d261e993b5cfa5fd8ee70,1398803,,,,,,,,,,,,,,,,,,,,,,,,,,,,,,,,,,,,,,,,,,,,,,,,,,,,,,,,,,,,,TN,TN
autoland,4060512,13,77a9707257b88d3b15060667769a2def98a71cff,windows10-64-shippable-qr,True,False,,|c|o|l|d| |f|i|s|s|i|o|n| |i|n|t|e|r|a|c|t|i|v|e| |w|e|b|r|e|n|d|e|r|,102210fe594ee9b33d82058545b1ed14f4c8206e,LastVisualChange,reddit-billgates-post-1.posts,True,reddit-billgates-post-1.posts LastVisualChange opt cold fission webrender,,77,ms,firefox,452320999.0,1864306959,2024-03-26 09:05:54,570.8,e02aed8fb19856047df1d2cb7de887404e2b6956,1398850,,,,,,,,,,,,,,,,,,,,,,,,,,,,,,,,,,,,,,,,,,,,,,,,,,,,,,,,,,,,,TN,TN
autoland,4060512,13,77a9707257b88d3b15060667769a2def98a71cff,windows10-64-shippable-qr,True,False,,|c|o|l|d| |f|i|s|s|i|o|n| |i|n|t|e|r|a|c|t|i|v|e| |w|e|b|r|e|n|d|e|r|,102210fe594ee9b33d82058545b1ed14f4c8206e,LastVisualChange,reddit-billgates-post-1.posts,True,reddit-billgates-post-1.posts LastVisualChange opt cold fission webrender,,77,ms,firefox,452458984.0,1864865647,2024-03-26 12:41:45,610.3,1710585070f00b71f9dc85559d71f4504cb8ffbf,1398957,,,,,,,,,,,,,,,,,,,,,,,,,,,,,,,,,,,,,,,,,,,,,,,,,,,,,,,,,,,,,TN,TN
autoland,4060512,13,77a9707257b88d3b15060667769a2def98a71cff,windows10-64-shippable-qr,True,False,,|c|o|l|d| |f|i|s|s|i|o|n| |i|n|t|e|r|a|c|t|i|v|e| |w|e|b|r|e|n|d|e|r|,102210fe594ee9b33d82058545b1ed14f4c8206e,LastVisualChange,reddit-billgates-post-1.posts,True,reddit-billgates-post-1.posts LastVisualChange opt cold fission webrender,,77,ms,firefox,452459691.0,1864893322,2024-03-26 12:54:29,1971.9,2e46f8032c78c727d5e4202817d08e677b5804b2,1398963,,,,,,,,,,,,,,,,,,,,,,,,,,,,,,,,,,,,,,,,,,,,,,,,,,,,,,,,,,,,,TN,TN
autoland,4060512,13,77a9707257b88d3b15060667769a2def98a71cff,windows10-64-shippable-qr,True,False,,|c|o|l|d| |f|i|s|s|i|o|n| |i|n|t|e|r|a|c|t|i|v|e| |w|e|b|r|e|n|d|e|r|,102210fe594ee9b33d82058545b1ed14f4c8206e,LastVisualChange,reddit-billgates-post-1.posts,True,reddit-billgates-post-1.posts LastVisualChange opt cold fission webrender,,77,ms,firefox,452350728.0,1864410542,2024-03-26 12:57:56,572.0,8bfc3595e66f8c45af3a35d0489015d7522799d3,1398965,,,,,,,,,,,,,,,,,,,,,,,,,,,,,,,,,,,,,,,,,,,,,,,,,,,,,,,,,,,,,TN,TN
autoland,4060512,13,77a9707257b88d3b15060667769a2def98a71cff,windows10-64-shippable-qr,True,False,,|c|o|l|d| |f|i|s|s|i|o|n| |i|n|t|e|r|a|c|t|i|v|e| |w|e|b|r|e|n|d|e|r|,102210fe594ee9b33d82058545b1ed14f4c8206e,LastVisualChange,reddit-billgates-post-1.posts,True,reddit-billgates-post-1.posts LastVisualChange opt cold fission webrender,,77,ms,firefox,452384821.0,1864523006,2024-03-26 16:59:38,578.4,a95909edf99f57b3e1ff98f748fd9e2ff57447da,1399161,,,,,,,,,,,,,,,,,,,,,,,,,,,,,,,,,,,,,,,,,,,,,,,,,,,,,,,,,,,,,TN,TN
autoland,4060512,13,77a9707257b88d3b15060667769a2def98a71cff,windows10-64-shippable-qr,True,False,,|c|o|l|d| |f|i|s|s|i|o|n| |i|n|t|e|r|a|c|t|i|v|e| |w|e|b|r|e|n|d|e|r|,102210fe594ee9b33d82058545b1ed14f4c8206e,LastVisualChange,reddit-billgates-post-1.posts,True,reddit-billgates-post-1.posts LastVisualChange opt cold fission webrender,,77,ms,firefox,452396906.0,1864560892,2024-03-26 17:44:32,582.8,a93eeb987e4a1e533ac94ec0d1703c6f9b52b9ef,1399196,,,,,,,,,,,,,,,,,,,,,,,,,,,,,,,,,,,,,,,,,,,,,,,,,,,,,,,,,,,,,TN,TN
autoland,4060512,13,77a9707257b88d3b15060667769a2def98a71cff,windows10-64-shippable-qr,True,False,,|c|o|l|d| |f|i|s|s|i|o|n| |i|n|t|e|r|a|c|t|i|v|e| |w|e|b|r|e|n|d|e|r|,102210fe594ee9b33d82058545b1ed14f4c8206e,LastVisualChange,reddit-billgates-post-1.posts,True,reddit-billgates-post-1.posts LastVisualChange opt cold fission webrender,,77,ms,firefox,452459770.0,1864900423,2024-03-26 18:41:01,617.7,883e713c301355d165c64ba2ea14c7656f777c11,1399241,,,,,,,,,,,,,,,,,,,,,,,,,,,,,,,,,,,,,,,,,,,,,,,,,,,,,,,,,,,,,TN,TN
autoland,4060512,13,77a9707257b88d3b15060667769a2def98a71cff,windows10-64-shippable-qr,True,False,,|c|o|l|d| |f|i|s|s|i|o|n| |i|n|t|e|r|a|c|t|i|v|e| |w|e|b|r|e|n|d|e|r|,102210fe594ee9b33d82058545b1ed14f4c8206e,LastVisualChange,reddit-billgates-post-1.posts,True,reddit-billgates-post-1.posts LastVisualChange opt cold fission webrender,,77,ms,firefox,452456546.0,1864824454,2024-03-26 18:41:57,562.2,4e4e3eb212c5618c3d27c5729b6dad691c4d3ca7,1399243,,,,,,,,,,,,,,,,,,,,,,,,,,,,,,,,,,,,,,,,,,,,,,,,,,,,,,,,,,,,,TN,TN
autoland,4060512,13,77a9707257b88d3b15060667769a2def98a71cff,windows10-64-shippable-qr,True,False,,|c|o|l|d| |f|i|s|s|i|o|n| |i|n|t|e|r|a|c|t|i|v|e| |w|e|b|r|e|n|d|e|r|,102210fe594ee9b33d82058545b1ed14f4c8206e,LastVisualChange,reddit-billgates-post-1.posts,True,reddit-billgates-post-1.posts LastVisualChange opt cold fission webrender,,77,ms,firefox,452406284.0,1864622322,2024-03-26 19:19:03,572.6,dfd96ba0e09153e6f98c22d8adcaf944059434ac,1399261,,,,,,,,,,,,,,,,,,,,,,,,,,,,,,,,,,,,,,,,,,,,,,,,,,,,,,,,,,,,,TN,TN
autoland,4060512,13,77a9707257b88d3b15060667769a2def98a71cff,windows10-64-shippable-qr,True,False,,|c|o|l|d| |f|i|s|s|i|o|n| |i|n|t|e|r|a|c|t|i|v|e| |w|e|b|r|e|n|d|e|r|,102210fe594ee9b33d82058545b1ed14f4c8206e,LastVisualChange,reddit-billgates-post-1.posts,True,reddit-billgates-post-1.posts LastVisualChange opt cold fission webrender,,77,ms,firefox,452461623.0,1864910229,2024-03-26 19:19:54,575.8,aa1041e84618525b4fff77ccce55ab917a531b1c,1399262,,,,,,,,,,,,,,,,,,,,,,,,,,,,,,,,,,,,,,,,,,,,,,,,,,,,,,,,,,,,,TN,TN
autoland,4060512,13,77a9707257b88d3b15060667769a2def98a71cff,windows10-64-shippable-qr,True,False,,|c|o|l|d| |f|i|s|s|i|o|n| |i|n|t|e|r|a|c|t|i|v|e| |w|e|b|r|e|n|d|e|r|,102210fe594ee9b33d82058545b1ed14f4c8206e,LastVisualChange,reddit-billgates-post-1.posts,True,reddit-billgates-post-1.posts LastVisualChange opt cold fission webrender,,77,ms,firefox,452458651.0,1864855850,2024-03-26 19:20:40,588.8,e59265cb671fad14d00aea4eb38d55c300d7c3ef,1399263,,,,,,,,,,,,,,,,,,,,,,,,,,,,,,,,,,,,,,,,,,,,,,,,,,,,,,,,,,,,,TN,TN
autoland,4060512,13,77a9707257b88d3b15060667769a2def98a71cff,windows10-64-shippable-qr,True,False,,|c|o|l|d| |f|i|s|s|i|o|n| |i|n|t|e|r|a|c|t|i|v|e| |w|e|b|r|e|n|d|e|r|,102210fe594ee9b33d82058545b1ed14f4c8206e,LastVisualChange,reddit-billgates-post-1.posts,True,reddit-billgates-post-1.posts LastVisualChange opt cold fission webrender,,77,ms,firefox,452438410.0,1864758776,2024-03-26 22:59:31,575.8,babb5943701ffb0ddb6991106d28f73ad2061bb6,1399480,,,,,,,,,,,,,,,,,,,,,,,,,,,,,,,,,,,,,,,,,,,,,,,,,,,,,,,,,,,,,TN,TN
autoland,4060512,13,77a9707257b88d3b15060667769a2def98a71cff,windows10-64-shippable-qr,True,False,,|c|o|l|d| |f|i|s|s|i|o|n| |i|n|t|e|r|a|c|t|i|v|e| |w|e|b|r|e|n|d|e|r|,102210fe594ee9b33d82058545b1ed14f4c8206e,LastVisualChange,reddit-billgates-post-1.posts,True,reddit-billgates-post-1.posts LastVisualChange opt cold fission webrender,,77,ms,firefox,452464171.0,1864920643,2024-03-27 06:25:00,599.2,1e79b6199559c2d8acfccdb5e9d5bc62033e6c15,1399622,,,,,,,,,,,,,,,,,,,,,,,,,,,,,,,,,,,,,,,,,,,,,,,,,,,,,,,,,,,,,TN,TN
autoland,4060512,13,77a9707257b88d3b15060667769a2def98a71cff,windows10-64-shippable-qr,True,False,,|c|o|l|d| |f|i|s|s|i|o|n| |i|n|t|e|r|a|c|t|i|v|e| |w|e|b|r|e|n|d|e|r|,102210fe594ee9b33d82058545b1ed14f4c8206e,LastVisualChange,reddit-billgates-post-1.posts,True,reddit-billgates-post-1.posts LastVisualChange opt cold fission webrender,,77,ms,firefox,452629400.0,1865579839,2024-03-27 06:38:16,572.3,622bd952017025edfe3b7763206ce176b1fd01a7,1399627,,,,,,,,,,,,,,,,,,,,,,,,,,,,,,,,,,,,,,,,,,,,,,,,,,,,,,,,,,,,,TN,TN
autoland,4060512,13,77a9707257b88d3b15060667769a2def98a71cff,windows10-64-shippable-qr,True,False,,|c|o|l|d| |f|i|s|s|i|o|n| |i|n|t|e|r|a|c|t|i|v|e| |w|e|b|r|e|n|d|e|r|,102210fe594ee9b33d82058545b1ed14f4c8206e,LastVisualChange,reddit-billgates-post-1.posts,True,reddit-billgates-post-1.posts LastVisualChange opt cold fission webrender,,77,ms,firefox,452630844.0,1865588591,2024-03-27 06:40:48,1991.7,b3b57606103afb4c7c6eb41d87b2ccb21add6030,1399631,,,,,,,,,,,,,,,,,,,,,,,,,,,,,,,,,,,,,,,,,,,,,,,,,,,,,,,,,,,,,TN,TN
autoland,4060512,13,77a9707257b88d3b15060667769a2def98a71cff,windows10-64-shippable-qr,True,False,,|c|o|l|d| |f|i|s|s|i|o|n| |i|n|t|e|r|a|c|t|i|v|e| |w|e|b|r|e|n|d|e|r|,102210fe594ee9b33d82058545b1ed14f4c8206e,LastVisualChange,reddit-billgates-post-1.posts,True,reddit-billgates-post-1.posts LastVisualChange opt cold fission webrender,,77,ms,firefox,452497605.0,1865057681,2024-03-27 09:31:11,571.9,7f2993771f48536c575137e4b51984ab6d3de136,1399694,,,,,,,,,,,,,,,,,,,,,,,,,,,,,,,,,,,,,,,,,,,,,,,,,,,,,,,,,,,,,TN,TN
autoland,4060512,13,77a9707257b88d3b15060667769a2def98a71cff,windows10-64-shippable-qr,True,False,,|c|o|l|d| |f|i|s|s|i|o|n| |i|n|t|e|r|a|c|t|i|v|e| |w|e|b|r|e|n|d|e|r|,102210fe594ee9b33d82058545b1ed14f4c8206e,LastVisualChange,reddit-billgates-post-1.posts,True,reddit-billgates-post-1.posts LastVisualChange opt cold fission webrender,,77,ms,firefox,452537009.0,1865222475,2024-03-27 13:38:48,558.6,bc7ca80e302a788b0c3cc63cb148c628351b4946,1399827,,,,,,,,,,,,,,,,,,,,,,,,,,,,,,,,,,,,,,,,,,,,,,,,,,,,,,,,,,,,,TN,TN
autoland,4060512,13,77a9707257b88d3b15060667769a2def98a71cff,windows10-64-shippable-qr,True,False,,|c|o|l|d| |f|i|s|s|i|o|n| |i|n|t|e|r|a|c|t|i|v|e| |w|e|b|r|e|n|d|e|r|,102210fe594ee9b33d82058545b1ed14f4c8206e,LastVisualChange,reddit-billgates-post-1.posts,True,reddit-billgates-post-1.posts LastVisualChange opt cold fission webrender,,77,ms,firefox,452554368.0,1865297738,2024-03-27 15:45:41,598.9,f8ac03b3c764017d5704deed413c8d35c99978fd,1399897,,,,,,,,,,,,,,,,,,,,,,,,,,,,,,,,,,,,,,,,,,,,,,,,,,,,,,,,,,,,,TN,TN
autoland,4060512,13,77a9707257b88d3b15060667769a2def98a71cff,windows10-64-shippable-qr,True,False,,|c|o|l|d| |f|i|s|s|i|o|n| |i|n|t|e|r|a|c|t|i|v|e| |w|e|b|r|e|n|d|e|r|,102210fe594ee9b33d82058545b1ed14f4c8206e,LastVisualChange,reddit-billgates-post-1.posts,True,reddit-billgates-post-1.posts LastVisualChange opt cold fission webrender,,77,ms,firefox,452565634.0,1865377202,2024-03-27 17:44:07,1991.7,5937312af5ae37b411939c2dcddbf6072d8d9cfc,1400012,,,,,,,,,,,,,,,,,,,,,,,,,,,,,,,,,,,,,,,,,,,,,,,,,,,,,,,,,,,,,TN,TN
autoland,4060512,13,77a9707257b88d3b15060667769a2def98a71cff,windows10-64-shippable-qr,True,False,,|c|o|l|d| |f|i|s|s|i|o|n| |i|n|t|e|r|a|c|t|i|v|e| |w|e|b|r|e|n|d|e|r|,102210fe594ee9b33d82058545b1ed14f4c8206e,LastVisualChange,reddit-billgates-post-1.posts,True,reddit-billgates-post-1.posts LastVisualChange opt cold fission webrender,,77,ms,firefox,452621375.0,1865533297,2024-03-28 01:10:01,623.0,b1cc62489fae8d475f67dec2d9abdf69e2d47614,1400291,,,,,,,,,,,,,,,,,,,,,,,,,,,,,,,,,,,,,,,,,,,,,,,,,,,,,,,,,,,,,TN,TN
autoland,4060512,13,77a9707257b88d3b15060667769a2def98a71cff,windows10-64-shippable-qr,True,False,,|c|o|l|d| |f|i|s|s|i|o|n| |i|n|t|e|r|a|c|t|i|v|e| |w|e|b|r|e|n|d|e|r|,102210fe594ee9b33d82058545b1ed14f4c8206e,LastVisualChange,reddit-billgates-post-1.posts,True,reddit-billgates-post-1.posts LastVisualChange opt cold fission webrender,,77,ms,firefox,452661710.0,1865681309,2024-03-28 09:47:39,583.0,1e7411c6b6399b5f5595f99e8d08576e473af625,1400442,,,,,,,,,,,,,,,,,,,,,,,,,,,,,,,,,,,,,,,,,,,,,,,,,,,,,,,,,,,,,TN,TN
autoland,4060512,13,77a9707257b88d3b15060667769a2def98a71cff,windows10-64-shippable-qr,True,False,,|c|o|l|d| |f|i|s|s|i|o|n| |i|n|t|e|r|a|c|t|i|v|e| |w|e|b|r|e|n|d|e|r|,102210fe594ee9b33d82058545b1ed14f4c8206e,LastVisualChange,reddit-billgates-post-1.posts,True,reddit-billgates-post-1.posts LastVisualChange opt cold fission webrender,,77,ms,firefox,452665549.0,1865696422,2024-03-28 10:32:02,589.1,55aaac6352fb1fbc44f600408b2bd5a63b4ae440,1400466,,,,,,,,,,,,,,,,,,,,,,,,,,,,,,,,,,,,,,,,,,,,,,,,,,,,,,,,,,,,,TN,TN
autoland,4060512,13,77a9707257b88d3b15060667769a2def98a71cff,windows10-64-shippable-qr,True,False,,|c|o|l|d| |f|i|s|s|i|o|n| |i|n|t|e|r|a|c|t|i|v|e| |w|e|b|r|e|n|d|e|r|,102210fe594ee9b33d82058545b1ed14f4c8206e,LastVisualChange,reddit-billgates-post-1.posts,True,reddit-billgates-post-1.posts LastVisualChange opt cold fission webrender,,77,ms,firefox,452779511.0,1866168743,2024-03-28 12:44:44,565.6,bbd8d31961c44a5970a51986b7c9a59266dce635,1400526,,,,,,,,,,,,,,,,,,,,,,,,,,,,,,,,,,,,,,,,,,,,,,,,,,,,,,,,,,,,,TN,TN
autoland,4060512,13,77a9707257b88d3b15060667769a2def98a71cff,windows10-64-shippable-qr,True,False,,|c|o|l|d| |f|i|s|s|i|o|n| |i|n|t|e|r|a|c|t|i|v|e| |w|e|b|r|e|n|d|e|r|,102210fe594ee9b33d82058545b1ed14f4c8206e,LastVisualChange,reddit-billgates-post-1.posts,True,reddit-billgates-post-1.posts LastVisualChange opt cold fission webrender,,77,ms,firefox,452780548.0,1866194082,2024-03-28 12:45:30,553.1,ace4b125b6e06909b7a5d35847873198b28f2d27,1400527,,,,,,,,,,,,,,,,,,,,,,,,,,,,,,,,,,,,,,,,,,,,,,,,,,,,,,,,,,,,,TN,TN
autoland,4060512,13,77a9707257b88d3b15060667769a2def98a71cff,windows10-64-shippable-qr,True,False,,|c|o|l|d| |f|i|s|s|i|o|n| |i|n|t|e|r|a|c|t|i|v|e| |w|e|b|r|e|n|d|e|r|,102210fe594ee9b33d82058545b1ed14f4c8206e,LastVisualChange,reddit-billgates-post-1.posts,True,reddit-billgates-post-1.posts LastVisualChange opt cold fission webrender,,77,ms,firefox,452705899.0,1865844663,2024-03-28 14:53:03,598.9,1c98db62bb1a20d26f812d28d86672158450e71c,1400606,,,,,,,,,,,,,,,,,,,,,,,,,,,,,,,,,,,,,,,,,,,,,,,,,,,,,,,,,,,,,TN,TN
autoland,4060512,13,77a9707257b88d3b15060667769a2def98a71cff,windows10-64-shippable-qr,True,False,,|c|o|l|d| |f|i|s|s|i|o|n| |i|n|t|e|r|a|c|t|i|v|e| |w|e|b|r|e|n|d|e|r|,102210fe594ee9b33d82058545b1ed14f4c8206e,LastVisualChange,reddit-billgates-post-1.posts,True,reddit-billgates-post-1.posts LastVisualChange opt cold fission webrender,,77,ms,firefox,452700226.0,1865821117,2024-03-28 15:08:02,572.8,2b1a58a2fa54e47a357b20bda28512cebd79f732,1400620,,,,,,,,,,,,,,,,,,,,,,,,,,,,,,,,,,,,,,,,,,,,,,,,,,,,,,,,,,,,,TN,TN
autoland,4060512,13,77a9707257b88d3b15060667769a2def98a71cff,windows10-64-shippable-qr,True,False,,|c|o|l|d| |f|i|s|s|i|o|n| |i|n|t|e|r|a|c|t|i|v|e| |w|e|b|r|e|n|d|e|r|,102210fe594ee9b33d82058545b1ed14f4c8206e,LastVisualChange,reddit-billgates-post-1.posts,True,reddit-billgates-post-1.posts LastVisualChange opt cold fission webrender,,77,ms,firefox,452780251.0,1866187152,2024-03-28 17:32:47,595.1,bae88db81951e0561249da8a92815ef5d459c933,1400723,,,,,,,,,,,,,,,,,,,,,,,,,,,,,,,,,,,,,,,,,,,,,,,,,,,,,,,,,,,,,TN,TN
autoland,4060512,13,77a9707257b88d3b15060667769a2def98a71cff,windows10-64-shippable-qr,True,False,,|c|o|l|d| |f|i|s|s|i|o|n| |i|n|t|e|r|a|c|t|i|v|e| |w|e|b|r|e|n|d|e|r|,102210fe594ee9b33d82058545b1ed14f4c8206e,LastVisualChange,reddit-billgates-post-1.posts,True,reddit-billgates-post-1.posts LastVisualChange opt cold fission webrender,,77,ms,firefox,452781403.0,1866205205,2024-03-28 17:34:56,597.2,94a8891bfbbf0ff89e380ac3f28e4f9782aca0ac,1400727,,,,,,,,,,,,,,,,,,,,,,,,,,,,,,,,,,,,,,,,,,,,,,,,,,,,,,,,,,,,,TN,TN
autoland,4060512,13,77a9707257b88d3b15060667769a2def98a71cff,windows10-64-shippable-qr,True,False,,|c|o|l|d| |f|i|s|s|i|o|n| |i|n|t|e|r|a|c|t|i|v|e| |w|e|b|r|e|n|d|e|r|,102210fe594ee9b33d82058545b1ed14f4c8206e,LastVisualChange,reddit-billgates-post-1.posts,True,reddit-billgates-post-1.posts LastVisualChange opt cold fission webrender,,77,ms,firefox,452736501.0,1865971508,2024-03-28 19:06:21,577.7,b9f38a3edd45f19c8f1f0e6f96e11dea269f3399,1400789,,,,,,,,,,,,,,,,,,,,,,,,,,,,,,,,,,,,,,,,,,,,,,,,,,,,,,,,,,,,,TN,TN
autoland,4060512,13,77a9707257b88d3b15060667769a2def98a71cff,windows10-64-shippable-qr,True,False,,|c|o|l|d| |f|i|s|s|i|o|n| |i|n|t|e|r|a|c|t|i|v|e| |w|e|b|r|e|n|d|e|r|,102210fe594ee9b33d82058545b1ed14f4c8206e,LastVisualChange,reddit-billgates-post-1.posts,True,reddit-billgates-post-1.posts LastVisualChange opt cold fission webrender,,77,ms,firefox,452759353.0,1866056117,2024-03-28 23:11:00,595.0,8b46ddebfb7e99c2dd8d13182e11398381eda976,1400928,,,,,,,,,,,,,,,,,,,,,,,,,,,,,,,,,,,,,,,,,,,,,,,,,,,,,,,,,,,,,TN,TN
autoland,4060512,13,77a9707257b88d3b15060667769a2def98a71cff,windows10-64-shippable-qr,True,False,,|c|o|l|d| |f|i|s|s|i|o|n| |i|n|t|e|r|a|c|t|i|v|e| |w|e|b|r|e|n|d|e|r|,102210fe594ee9b33d82058545b1ed14f4c8206e,LastVisualChange,reddit-billgates-post-1.posts,True,reddit-billgates-post-1.posts LastVisualChange opt cold fission webrender,,77,ms,firefox,452762582.0,1866080785,2024-03-29 00:03:22,589.5,28b4eaeb70285be21ee6612c4e891e41c7949b68,1400956,,,,,,,,,,,,,,,,,,,,,,,,,,,,,,,,,,,,,,,,,,,,,,,,,,,,,,,,,,,,,TN,TN
autoland,4060512,13,77a9707257b88d3b15060667769a2def98a71cff,windows10-64-shippable-qr,True,False,,|c|o|l|d| |f|i|s|s|i|o|n| |i|n|t|e|r|a|c|t|i|v|e| |w|e|b|r|e|n|d|e|r|,102210fe594ee9b33d82058545b1ed14f4c8206e,LastVisualChange,reddit-billgates-post-1.posts,True,reddit-billgates-post-1.posts LastVisualChange opt cold fission webrender,,77,ms,firefox,452777306.0,1866155735,2024-03-29 04:27:46,551.9,4120fb3d12f57159ca2e6809f555312e00adda5d,1401028,,,,,,,,,,,,,,,,,,,,,,,,,,,,,,,,,,,,,,,,,,,,,,,,,,,,,,,,,,,,,TN,TN
autoland,4060512,13,77a9707257b88d3b15060667769a2def98a71cff,windows10-64-shippable-qr,True,False,,|c|o|l|d| |f|i|s|s|i|o|n| |i|n|t|e|r|a|c|t|i|v|e| |w|e|b|r|e|n|d|e|r|,102210fe594ee9b33d82058545b1ed14f4c8206e,LastVisualChange,reddit-billgates-post-1.posts,True,reddit-billgates-post-1.posts LastVisualChange opt cold fission webrender,,77,ms,firefox,452828220.0,1866356055,2024-03-29 12:22:16,584.6,39124d8575b2fb025ca7fd37b91e052f28e88e67,1401116,,,,,,,,,,,,,,,,,,,,,,,,,,,,,,,,,,,,,,,,,,,,,,,,,,,,,,,,,,,,,TN,TN
autoland,4060512,13,77a9707257b88d3b15060667769a2def98a71cff,windows10-64-shippable-qr,True,False,,|c|o|l|d| |f|i|s|s|i|o|n| |i|n|t|e|r|a|c|t|i|v|e| |w|e|b|r|e|n|d|e|r|,102210fe594ee9b33d82058545b1ed14f4c8206e,LastVisualChange,reddit-billgates-post-1.posts,True,reddit-billgates-post-1.posts LastVisualChange opt cold fission webrender,,77,ms,firefox,452852611.0,1866421351,2024-03-29 16:11:04,575.2,33becba24b3c497daf0c1180e5c659ed3cc9028c,1401211,,,,,,,,,,,,,,,,,,,,,,,,,,,,,,,,,,,,,,,,,,,,,,,,,,,,,,,,,,,,,TN,TN
autoland,4060512,13,77a9707257b88d3b15060667769a2def98a71cff,windows10-64-shippable-qr,True,False,,|c|o|l|d| |f|i|s|s|i|o|n| |i|n|t|e|r|a|c|t|i|v|e| |w|e|b|r|e|n|d|e|r|,102210fe594ee9b33d82058545b1ed14f4c8206e,LastVisualChange,reddit-billgates-post-1.posts,True,reddit-billgates-post-1.posts LastVisualChange opt cold fission webrender,,77,ms,firefox,452880144.0,1866553386,2024-03-29 20:24:43,580.9,dd4f0b5931701d3aa7f7ed94fd3ba8c45816316c,1401326,,,,,,,,,,,,,,,,,,,,,,,,,,,,,,,,,,,,,,,,,,,,,,,,,,,,,,,,,,,,,TN,TN
autoland,4060512,13,77a9707257b88d3b15060667769a2def98a71cff,windows10-64-shippable-qr,True,False,,|c|o|l|d| |f|i|s|s|i|o|n| |i|n|t|e|r|a|c|t|i|v|e| |w|e|b|r|e|n|d|e|r|,102210fe594ee9b33d82058545b1ed14f4c8206e,LastVisualChange,reddit-billgates-post-1.posts,True,reddit-billgates-post-1.posts LastVisualChange opt cold fission webrender,,77,ms,firefox,452901256.0,1866681777,2024-03-30 04:38:25,1998.7,2fe1ab05c8fa00d73df88b20df9bc87301a46d46,1401437,,,,,,,,,,,,,,,,,,,,,,,,,,,,,,,,,,,,,,,,,,,,,,,,,,,,,,,,,,,,,TN,TN
autoland,4060512,13,77a9707257b88d3b15060667769a2def98a71cff,windows10-64-shippable-qr,True,False,,|c|o|l|d| |f|i|s|s|i|o|n| |i|n|t|e|r|a|c|t|i|v|e| |w|e|b|r|e|n|d|e|r|,102210fe594ee9b33d82058545b1ed14f4c8206e,LastVisualChange,reddit-billgates-post-1.posts,True,reddit-billgates-post-1.posts LastVisualChange opt cold fission webrender,,77,ms,firefox,452909627.0,1866720222,2024-03-30 08:43:08,583.5,3e1a0031f44e72f557f0ec79cf8423168b952d80,1401445,,,,,,,,,,,,,,,,,,,,,,,,,,,,,,,,,,,,,,,,,,,,,,,,,,,,,,,,,,,,,TN,TN
autoland,4060512,13,77a9707257b88d3b15060667769a2def98a71cff,windows10-64-shippable-qr,True,False,,|c|o|l|d| |f|i|s|s|i|o|n| |i|n|t|e|r|a|c|t|i|v|e| |w|e|b|r|e|n|d|e|r|,102210fe594ee9b33d82058545b1ed14f4c8206e,LastVisualChange,reddit-billgates-post-1.posts,True,reddit-billgates-post-1.posts LastVisualChange opt cold fission webrender,,77,ms,firefox,452934962.0,1866811865,2024-03-30 16:23:17,575.2,dea770591ed30035f88966bbf45cbbcc6557cdcc,1401476,,,,,,,,,,,,,,,,,,,,,,,,,,,,,,,,,,,,,,,,,,,,,,,,,,,,,,,,,,,,,TN,TN
autoland,4060512,13,77a9707257b88d3b15060667769a2def98a71cff,windows10-64-shippable-qr,True,False,,|c|o|l|d| |f|i|s|s|i|o|n| |i|n|t|e|r|a|c|t|i|v|e| |w|e|b|r|e|n|d|e|r|,102210fe594ee9b33d82058545b1ed14f4c8206e,LastVisualChange,reddit-billgates-post-1.posts,True,reddit-billgates-post-1.posts LastVisualChange opt cold fission webrender,,77,ms,firefox,452939642.0,1866833623,2024-03-30 17:37:54,582.0,d7916bbe3cb4118dd9464ef3af064b13b3b0d0c4,1401479,,,,,,,,,,,,,,,,,,,,,,,,,,,,,,,,,,,,,,,,,,,,,,,,,,,,,,,,,,,,,TN,TN
autoland,4060512,13,77a9707257b88d3b15060667769a2def98a71cff,windows10-64-shippable-qr,True,False,,|c|o|l|d| |f|i|s|s|i|o|n| |i|n|t|e|r|a|c|t|i|v|e| |w|e|b|r|e|n|d|e|r|,102210fe594ee9b33d82058545b1ed14f4c8206e,LastVisualChange,reddit-billgates-post-1.posts,True,reddit-billgates-post-1.posts LastVisualChange opt cold fission webrender,,77,ms,firefox,452966822.0,1866931704,2024-03-31 07:04:36,1999.1,579426b2f39c365731042d79d87533ac3f616461,1401509,,,,,,,,,,,,,,,,,,,,,,,,,,,,,,,,,,,,,,,,,,,,,,,,,,,,,,,,,,,,,TN,TN
autoland,4060512,13,77a9707257b88d3b15060667769a2def98a71cff,windows10-64-shippable-qr,True,False,,|c|o|l|d| |f|i|s|s|i|o|n| |i|n|t|e|r|a|c|t|i|v|e| |w|e|b|r|e|n|d|e|r|,102210fe594ee9b33d82058545b1ed14f4c8206e,LastVisualChange,reddit-billgates-post-1.posts,True,reddit-billgates-post-1.posts LastVisualChange opt cold fission webrender,,77,ms,firefox,452989910.0,1867017196,2024-03-31 14:47:20,573.0,dfc3fd176c4fcd62b5a28dcfedea3c509f24ebf5,1401533,,,,,,,,,,,,,,,,,,,,,,,,,,,,,,,,,,,,,,,,,,,,,,,,,,,,,,,,,,,,,TN,TN
autoland,4060512,13,77a9707257b88d3b15060667769a2def98a71cff,windows10-64-shippable-qr,True,False,,|c|o|l|d| |f|i|s|s|i|o|n| |i|n|t|e|r|a|c|t|i|v|e| |w|e|b|r|e|n|d|e|r|,102210fe594ee9b33d82058545b1ed14f4c8206e,LastVisualChange,reddit-billgates-post-1.posts,True,reddit-billgates-post-1.posts LastVisualChange opt cold fission webrender,,77,ms,firefox,452994722.0,1867040549,2024-03-31 19:03:22,584.4,334eacacff83840ceed0bb2077c0a2a527e491a5,1401545,,,,,,,,,,,,,,,,,,,,,,,,,,,,,,,,,,,,,,,,,,,,,,,,,,,,,,,,,,,,,TN,TN
autoland,4060512,13,77a9707257b88d3b15060667769a2def98a71cff,windows10-64-shippable-qr,True,False,,|c|o|l|d| |f|i|s|s|i|o|n| |i|n|t|e|r|a|c|t|i|v|e| |w|e|b|r|e|n|d|e|r|,102210fe594ee9b33d82058545b1ed14f4c8206e,LastVisualChange,reddit-billgates-post-1.posts,True,reddit-billgates-post-1.posts LastVisualChange opt cold fission webrender,,77,ms,firefox,453014954.0,1867119546,2024-04-01 07:03:36,574.4,5d97e037b69610f99c35f4bbd65d27bafc5605fc,1401600,,,,,,,,,,,,,,,,,,,,,,,,,,,,,,,,,,,,,,,,,,,,,,,,,,,,,,,,,,,,,TN,TN
autoland,4060512,13,77a9707257b88d3b15060667769a2def98a71cff,windows10-64-shippable-qr,True,False,,|c|o|l|d| |f|i|s|s|i|o|n| |i|n|t|e|r|a|c|t|i|v|e| |w|e|b|r|e|n|d|e|r|,102210fe594ee9b33d82058545b1ed14f4c8206e,LastVisualChange,reddit-billgates-post-1.posts,True,reddit-billgates-post-1.posts LastVisualChange opt cold fission webrender,,77,ms,firefox,453043185.0,1867203821,2024-04-01 11:30:18,2018.9,9546c05d8f57091e5d3e12129a49f11b8b027da7,1401661,,,,,,,,,,,,,,,,,,,,,,,,,,,,,,,,,,,,,,,,,,,,,,,,,,,,,,,,,,,,,TN,TN
autoland,4060512,13,77a9707257b88d3b15060667769a2def98a71cff,windows10-64-shippable-qr,True,False,,|c|o|l|d| |f|i|s|s|i|o|n| |i|n|t|e|r|a|c|t|i|v|e| |w|e|b|r|e|n|d|e|r|,102210fe594ee9b33d82058545b1ed14f4c8206e,LastVisualChange,reddit-billgates-post-1.posts,True,reddit-billgates-post-1.posts LastVisualChange opt cold fission webrender,,77,ms,firefox,453069633.0,1867252142,2024-04-01 13:16:41,572.2,26157b52a8c30d72d8e065cc4a8286633ee85b63,1401687,,,,,,,,,,,,,,,,,,,,,,,,,,,,,,,,,,,,,,,,,,,,,,,,,,,,,,,,,,,,,TN,TN
autoland,4060512,13,77a9707257b88d3b15060667769a2def98a71cff,windows10-64-shippable-qr,True,False,,|c|o|l|d| |f|i|s|s|i|o|n| |i|n|t|e|r|a|c|t|i|v|e| |w|e|b|r|e|n|d|e|r|,102210fe594ee9b33d82058545b1ed14f4c8206e,LastVisualChange,reddit-billgates-post-1.posts,True,reddit-billgates-post-1.posts LastVisualChange opt cold fission webrender,,77,ms,firefox,453089643.0,1867335205,2024-04-01 17:19:53,578.9,cdd16ab5df10333f1a1eb637ecf2692e15271d17,1401785,,,,,,,,,,,,,,,,,,,,,,,,,,,,,,,,,,,,,,,,,,,,,,,,,,,,,,,,,,,,,TN,TN
autoland,4060512,13,77a9707257b88d3b15060667769a2def98a71cff,windows10-64-shippable-qr,True,False,,|c|o|l|d| |f|i|s|s|i|o|n| |i|n|t|e|r|a|c|t|i|v|e| |w|e|b|r|e|n|d|e|r|,102210fe594ee9b33d82058545b1ed14f4c8206e,LastVisualChange,reddit-billgates-post-1.posts,True,reddit-billgates-post-1.posts LastVisualChange opt cold fission webrender,,77,ms,firefox,453094304.0,1867357726,2024-04-01 18:19:29,581.4,57354c5689ef8a5f598978d912570706445e1034,1401826,,,,,,,,,,,,,,,,,,,,,,,,,,,,,,,,,,,,,,,,,,,,,,,,,,,,,,,,,,,,,TN,TN
autoland,4060512,13,77a9707257b88d3b15060667769a2def98a71cff,windows10-64-shippable-qr,True,False,,|c|o|l|d| |f|i|s|s|i|o|n| |i|n|t|e|r|a|c|t|i|v|e| |w|e|b|r|e|n|d|e|r|,102210fe594ee9b33d82058545b1ed14f4c8206e,LastVisualChange,reddit-billgates-post-1.posts,True,reddit-billgates-post-1.posts LastVisualChange opt cold fission webrender,,77,ms,firefox,453137167.0,1867501734,2024-04-01 22:35:55,575.4,13111643fbf4557d26174a12b2cde1954182b0ab,1402004,,,,,,,,,,,,,,,,,,,,,,,,,,,,,,,,,,,,,,,,,,,,,,,,,,,,,,,,,,,,,TN,TN
autoland,4060512,13,77a9707257b88d3b15060667769a2def98a71cff,windows10-64-shippable-qr,True,False,,|c|o|l|d| |f|i|s|s|i|o|n| |i|n|t|e|r|a|c|t|i|v|e| |w|e|b|r|e|n|d|e|r|,102210fe594ee9b33d82058545b1ed14f4c8206e,LastVisualChange,reddit-billgates-post-1.posts,True,reddit-billgates-post-1.posts LastVisualChange opt cold fission webrender,,77,ms,firefox,453137094.0,1867501564,2024-04-01 22:39:43,570.9,e7ec5d35ae0d80f4a77b6705e1a393c637da672e,1402007,,,,,,,,,,,,,,,,,,,,,,,,,,,,,,,,,,,,,,,,,,,,,,,,,,,,,,,,,,,,,TN,TN
autoland,4060512,13,77a9707257b88d3b15060667769a2def98a71cff,windows10-64-shippable-qr,True,False,,|c|o|l|d| |f|i|s|s|i|o|n| |i|n|t|e|r|a|c|t|i|v|e| |w|e|b|r|e|n|d|e|r|,102210fe594ee9b33d82058545b1ed14f4c8206e,LastVisualChange,reddit-billgates-post-1.posts,True,reddit-billgates-post-1.posts LastVisualChange opt cold fission webrender,,77,ms,firefox,453149638.0,1867598493,2024-04-02 04:32:43,588.0,de086751acb845c252c37aab95a7e6b265df39a6,1402085,,,,,,,,,,,,,,,,,,,,,,,,,,,,,,,,,,,,,,,,,,,,,,,,,,,,,,,,,,,,,TN,TN
autoland,4060512,13,77a9707257b88d3b15060667769a2def98a71cff,windows10-64-shippable-qr,True,False,,|c|o|l|d| |f|i|s|s|i|o|n| |i|n|t|e|r|a|c|t|i|v|e| |w|e|b|r|e|n|d|e|r|,102210fe594ee9b33d82058545b1ed14f4c8206e,LastVisualChange,reddit-billgates-post-1.posts,True,reddit-billgates-post-1.posts LastVisualChange opt cold fission webrender,,77,ms,firefox,453172951.0,1867671621,2024-04-02 08:47:33,572.5,4df6842cb470c27ca949eaaa6d3a9b6b37d9c8fe,1402179,,,,,,,,,,,,,,,,,,,,,,,,,,,,,,,,,,,,,,,,,,,,,,,,,,,,,,,,,,,,,TN,TN
autoland,4060512,13,77a9707257b88d3b15060667769a2def98a71cff,windows10-64-shippable-qr,True,False,,|c|o|l|d| |f|i|s|s|i|o|n| |i|n|t|e|r|a|c|t|i|v|e| |w|e|b|r|e|n|d|e|r|,102210fe594ee9b33d82058545b1ed14f4c8206e,LastVisualChange,reddit-billgates-post-1.posts,True,reddit-billgates-post-1.posts LastVisualChange opt cold fission webrender,,77,ms,firefox,453174177.0,1867681093,2024-04-02 08:57:49,1998.9,52bb75377d06cfb305446ca966c7526c9c9729c7,1402180,,,,,,,,,,,,,,,,,,,,,,,,,,,,,,,,,,,,,,,,,,,,,,,,,,,,,,,,,,,,,TN,TN
autoland,4060512,13,77a9707257b88d3b15060667769a2def98a71cff,windows10-64-shippable-qr,True,False,,|c|o|l|d| |f|i|s|s|i|o|n| |i|n|t|e|r|a|c|t|i|v|e| |w|e|b|r|e|n|d|e|r|,102210fe594ee9b33d82058545b1ed14f4c8206e,LastVisualChange,reddit-billgates-post-1.posts,True,reddit-billgates-post-1.posts LastVisualChange opt cold fission webrender,,77,ms,firefox,453216735.0,1867866703,2024-04-02 13:00:14,542.4,1eb7fb5dab3b7003052fa7fa8e85566bd5fa2a73,1402287,,,,,,,,,,,,,,,,,,,,,,,,,,,,,,,,,,,,,,,,,,,,,,,,,,,,,,,,,,,,,TN,TN
autoland,4060512,13,77a9707257b88d3b15060667769a2def98a71cff,windows10-64-shippable-qr,True,False,,|c|o|l|d| |f|i|s|s|i|o|n| |i|n|t|e|r|a|c|t|i|v|e| |w|e|b|r|e|n|d|e|r|,102210fe594ee9b33d82058545b1ed14f4c8206e,LastVisualChange,reddit-billgates-post-1.posts,True,reddit-billgates-post-1.posts LastVisualChange opt cold fission webrender,,77,ms,firefox,453217273.0,1867875094,2024-04-02 13:21:01,593.8,083657141f799bed9b0e401403d144e76c1f3c63,1402293,,,,,,,,,,,,,,,,,,,,,,,,,,,,,,,,,,,,,,,,,,,,,,,,,,,,,,,,,,,,,TN,TN
autoland,4060512,13,77a9707257b88d3b15060667769a2def98a71cff,windows10-64-shippable-qr,True,False,,|c|o|l|d| |f|i|s|s|i|o|n| |i|n|t|e|r|a|c|t|i|v|e| |w|e|b|r|e|n|d|e|r|,102210fe594ee9b33d82058545b1ed14f4c8206e,LastVisualChange,reddit-billgates-post-1.posts,True,reddit-billgates-post-1.posts LastVisualChange opt cold fission webrender,,77,ms,firefox,453240888.0,1867966269,2024-04-02 16:51:17,568.1,b1212fb9438edc5930a3e8228dd52ff3c068031c,1402473,,,,,,,,,,,,,,,,,,,,,,,,,,,,,,,,,,,,,,,,,,,,,,,,,,,,,,,,,,,,,TN,TN
autoland,4060512,13,77a9707257b88d3b15060667769a2def98a71cff,windows10-64-shippable-qr,True,False,,|c|o|l|d| |f|i|s|s|i|o|n| |i|n|t|e|r|a|c|t|i|v|e| |w|e|b|r|e|n|d|e|r|,102210fe594ee9b33d82058545b1ed14f4c8206e,LastVisualChange,reddit-billgates-post-1.posts,True,reddit-billgates-post-1.posts LastVisualChange opt cold fission webrender,,77,ms,firefox,453263467.0,1868045222,2024-04-02 20:58:38,575.1,96cda2b1a568a48c3d201417fa49e8fc852ef641,1402671,,,,,,,,,,,,,,,,,,,,,,,,,,,,,,,,,,,,,,,,,,,,,,,,,,,,,,,,,,,,,TN,TN
autoland,4060512,13,77a9707257b88d3b15060667769a2def98a71cff,windows10-64-shippable-qr,True,False,,|c|o|l|d| |f|i|s|s|i|o|n| |i|n|t|e|r|a|c|t|i|v|e| |w|e|b|r|e|n|d|e|r|,102210fe594ee9b33d82058545b1ed14f4c8206e,LastVisualChange,reddit-billgates-post-1.posts,True,reddit-billgates-post-1.posts LastVisualChange opt cold fission webrender,,77,ms,firefox,453293360.0,1868172792,2024-04-02 20:59:25,565.7,f018182907189490b43f3e89c76cfe1851bf41e7,1402673,,,,,,,,,,,,,,,,,,,,,,,,,,,,,,,,,,,,,,,,,,,,,,,,,,,,,,,,,,,,,TN,TN
autoland,4060512,13,77a9707257b88d3b15060667769a2def98a71cff,windows10-64-shippable-qr,True,False,,|c|o|l|d| |f|i|s|s|i|o|n| |i|n|t|e|r|a|c|t|i|v|e| |w|e|b|r|e|n|d|e|r|,102210fe594ee9b33d82058545b1ed14f4c8206e,LastVisualChange,reddit-billgates-post-1.posts,True,reddit-billgates-post-1.posts LastVisualChange opt cold fission webrender,,77,ms,firefox,453293457.0,1868173628,2024-04-02 21:00:13,585.1,a6eb5bc4af4569aebf5617bde2573988578fb8a0,1402674,,,,,,,,,,,,,,,,,,,,,,,,,,,,,,,,,,,,,,,,,,,,,,,,,,,,,,,,,,,,,TN,TN
autoland,4060512,13,77a9707257b88d3b15060667769a2def98a71cff,windows10-64-shippable-qr,True,False,,|c|o|l|d| |f|i|s|s|i|o|n| |i|n|t|e|r|a|c|t|i|v|e| |w|e|b|r|e|n|d|e|r|,102210fe594ee9b33d82058545b1ed14f4c8206e,LastVisualChange,reddit-billgates-post-1.posts,True,reddit-billgates-post-1.posts LastVisualChange opt cold fission webrender,,77,ms,firefox,453280086.0,1868116805,2024-04-02 23:14:01,574.9,bfdc9733f80bab4558cf720975c00e2658b9b8c0,1402759,,,,,,,,,,,,,,,,,,,,,,,,,,,,,,,,,,,,,,,,,,,,,,,,,,,,,,,,,,,,,TN,TN
autoland,4060512,13,77a9707257b88d3b15060667769a2def98a71cff,windows10-64-shippable-qr,True,False,,|c|o|l|d| |f|i|s|s|i|o|n| |i|n|t|e|r|a|c|t|i|v|e| |w|e|b|r|e|n|d|e|r|,102210fe594ee9b33d82058545b1ed14f4c8206e,LastVisualChange,reddit-billgates-post-1.posts,True,reddit-billgates-post-1.posts LastVisualChange opt cold fission webrender,,77,ms,firefox,453285620.0,1868141264,2024-04-03 02:01:46,565.9,e9a6b1d9b2360abbda7261a5e023f1fdfaf1fbc4,1402833,,,,,,,,,,,,,,,,,,,,,,,,,,,,,,,,,,,,,,,,,,,,,,,,,,,,,,,,,,,,,TN,TN
autoland,4060512,13,77a9707257b88d3b15060667769a2def98a71cff,windows10-64-shippable-qr,True,False,,|c|o|l|d| |f|i|s|s|i|o|n| |i|n|t|e|r|a|c|t|i|v|e| |w|e|b|r|e|n|d|e|r|,102210fe594ee9b33d82058545b1ed14f4c8206e,LastVisualChange,reddit-billgates-post-1.posts,True,reddit-billgates-post-1.posts LastVisualChange opt cold fission webrender,,77,ms,firefox,453301398.0,1868215848,2024-04-03 06:21:18,602.5,c720e2e99bf375c24b09c0a1415f15ba911c56ce,1402898,,,,,,,,,,,,,,,,,,,,,,,,,,,,,,,,,,,,,,,,,,,,,,,,,,,,,,,,,,,,,TN,TN
autoland,4060512,13,77a9707257b88d3b15060667769a2def98a71cff,windows10-64-shippable-qr,True,False,,|c|o|l|d| |f|i|s|s|i|o|n| |i|n|t|e|r|a|c|t|i|v|e| |w|e|b|r|e|n|d|e|r|,102210fe594ee9b33d82058545b1ed14f4c8206e,LastVisualChange,reddit-billgates-post-1.posts,True,reddit-billgates-post-1.posts LastVisualChange opt cold fission webrender,,77,ms,firefox,453310264.0,1868251990,2024-04-03 08:00:33,565.9,8c92b17c7b2805a83d5a80fa103b82ae132d8320,1402944,,,,,,,,,,,,,,,,,,,,,,,,,,,,,,,,,,,,,,,,,,,,,,,,,,,,,,,,,,,,,TN,TN
autoland,4060512,13,77a9707257b88d3b15060667769a2def98a71cff,windows10-64-shippable-qr,True,False,,|c|o|l|d| |f|i|s|s|i|o|n| |i|n|t|e|r|a|c|t|i|v|e| |w|e|b|r|e|n|d|e|r|,102210fe594ee9b33d82058545b1ed14f4c8206e,LastVisualChange,reddit-billgates-post-1.posts,True,reddit-billgates-post-1.posts LastVisualChange opt cold fission webrender,,77,ms,firefox,453347704.0,1868352037,2024-04-03 12:19:12,572.4,81ea9950a766d85ced5d1db992689422649c3b26,1403087,,,,,,,,,,,,,,,,,,,,,,,,,,,,,,,,,,,,,,,,,,,,,,,,,,,,,,,,,,,,,TN,TN
autoland,4060512,13,77a9707257b88d3b15060667769a2def98a71cff,windows10-64-shippable-qr,True,False,,|c|o|l|d| |f|i|s|s|i|o|n| |i|n|t|e|r|a|c|t|i|v|e| |w|e|b|r|e|n|d|e|r|,102210fe594ee9b33d82058545b1ed14f4c8206e,LastVisualChange,reddit-billgates-post-1.posts,True,reddit-billgates-post-1.posts LastVisualChange opt cold fission webrender,,77,ms,firefox,453454905.0,1868728181,2024-04-03 16:14:29,1889.3,a9ffaf77a5b0635bebc58e9cf9c0fb26f5444d3d,1403253,,,,,,,,,,,,,,,,,,,,,,,,,,,,,,,,,,,,,,,,,,,,,,,,,,,,,,,,,,,,,TN,TN
autoland,4060512,13,77a9707257b88d3b15060667769a2def98a71cff,windows10-64-shippable-qr,True,False,,|c|o|l|d| |f|i|s|s|i|o|n| |i|n|t|e|r|a|c|t|i|v|e| |w|e|b|r|e|n|d|e|r|,102210fe594ee9b33d82058545b1ed14f4c8206e,LastVisualChange,reddit-billgates-post-1.posts,True,reddit-billgates-post-1.posts LastVisualChange opt cold fission webrender,,77,ms,firefox,453455663.0,1868731905,2024-04-03 16:15:23,1885.1,b27e71b032d1cc8cba63e44da1cee14deda5e942,1403255,,,,,,,,,,,,,,,,,,,,,,,,,,,,,,,,,,,,,,,,,,,,,,,,,,,,,,,,,,,,,TN,TN
autoland,4060512,13,77a9707257b88d3b15060667769a2def98a71cff,windows10-64-shippable-qr,True,False,,|c|o|l|d| |f|i|s|s|i|o|n| |i|n|t|e|r|a|c|t|i|v|e| |w|e|b|r|e|n|d|e|r|,102210fe594ee9b33d82058545b1ed14f4c8206e,LastVisualChange,reddit-billgates-post-1.posts,True,reddit-billgates-post-1.posts LastVisualChange opt cold fission webrender,,77,ms,firefox,453401460.0,1868547141,2024-04-03 19:17:19,571.6,26f475fb8d5ae5cb0b3bd5fb9d77aa7fc2df2665,1403406,,,,,,,,,,,,,,,,,,,,,,,,,,,,,,,,,,,,,,,,,,,,,,,,,,,,,,,,,,,,,TN,TN
autoland,4060512,13,77a9707257b88d3b15060667769a2def98a71cff,windows10-64-shippable-qr,True,False,,|c|o|l|d| |f|i|s|s|i|o|n| |i|n|t|e|r|a|c|t|i|v|e| |w|e|b|r|e|n|d|e|r|,102210fe594ee9b33d82058545b1ed14f4c8206e,LastVisualChange,reddit-billgates-post-1.posts,True,reddit-billgates-post-1.posts LastVisualChange opt cold fission webrender,,77,ms,firefox,453427998.0,1868637195,2024-04-03 23:35:22,584.7,aedb2756de7fa4089d89d53f49a007290003d58d,1403575,,,,,,,,,,,,,,,,,,,,,,,,,,,,,,,,,,,,,,,,,,,,,,,,,,,,,,,,,,,,,TN,TN
autoland,4060512,13,77a9707257b88d3b15060667769a2def98a71cff,windows10-64-shippable-qr,True,False,,|c|o|l|d| |f|i|s|s|i|o|n| |i|n|t|e|r|a|c|t|i|v|e| |w|e|b|r|e|n|d|e|r|,102210fe594ee9b33d82058545b1ed14f4c8206e,LastVisualChange,reddit-billgates-post-1.posts,True,reddit-billgates-post-1.posts LastVisualChange opt cold fission webrender,,77,ms,firefox,453451867.0,1868715056,2024-04-04 04:04:35,552.5,f2360b4c9b8a110f0b1c40841a767a47da5b85be,1403674,,,,,,,,,,,,,,,,,,,,,,,,,,,,,,,,,,,,,,,,,,,,,,,,,,,,,,,,,,,,,TN,TN
autoland,4060512,13,77a9707257b88d3b15060667769a2def98a71cff,windows10-64-shippable-qr,True,False,,|c|o|l|d| |f|i|s|s|i|o|n| |i|n|t|e|r|a|c|t|i|v|e| |w|e|b|r|e|n|d|e|r|,102210fe594ee9b33d82058545b1ed14f4c8206e,LastVisualChange,reddit-billgates-post-1.posts,True,reddit-billgates-post-1.posts LastVisualChange opt cold fission webrender,,77,ms,firefox,453475556.0,1868834945,2024-04-04 08:28:09,598.9,08ea8edc42ee204a4f50aae52417198c7a11d742,1403757,,,,,,,,,,,,,,,,,,,,,,,,,,,,,,,,,,,,,,,,,,,,,,,,,,,,,,,,,,,,,TN,TN
autoland,4060512,13,77a9707257b88d3b15060667769a2def98a71cff,windows10-64-shippable-qr,True,False,,|c|o|l|d| |f|i|s|s|i|o|n| |i|n|t|e|r|a|c|t|i|v|e| |w|e|b|r|e|n|d|e|r|,102210fe594ee9b33d82058545b1ed14f4c8206e,LastVisualChange,reddit-billgates-post-1.posts,True,reddit-billgates-post-1.posts LastVisualChange opt cold fission webrender,,77,ms,firefox,453512032.0,1869003753,2024-04-04 12:29:27,571.7,a260c2683052c9aa36748f1ded4e99c0d2bcf63e,1403877,,,,,,,,,,,,,,,,,,,,,,,,,,,,,,,,,,,,,,,,,,,,,,,,,,,,,,,,,,,,,TN,TN
autoland,4060512,13,77a9707257b88d3b15060667769a2def98a71cff,windows10-64-shippable-qr,True,False,,|c|o|l|d| |f|i|s|s|i|o|n| |i|n|t|e|r|a|c|t|i|v|e| |w|e|b|r|e|n|d|e|r|,102210fe594ee9b33d82058545b1ed14f4c8206e,LastVisualChange,reddit-billgates-post-1.posts,True,reddit-billgates-post-1.posts LastVisualChange opt cold fission webrender,,77,ms,firefox,453535352.0,1869095636,2024-04-04 15:41:47,591.5,e633b6ff34e81c89b87f1d4e3b18fcae399b3d37,1404042,,,,,,,,,,,,,,,,,,,,,,,,,,,,,,,,,,,,,,,,,,,,,,,,,,,,,,,,,,,,,TN,TN
autoland,4060512,13,77a9707257b88d3b15060667769a2def98a71cff,windows10-64-shippable-qr,True,False,,|c|o|l|d| |f|i|s|s|i|o|n| |i|n|t|e|r|a|c|t|i|v|e| |w|e|b|r|e|n|d|e|r|,102210fe594ee9b33d82058545b1ed14f4c8206e,LastVisualChange,reddit-billgates-post-1.posts,True,reddit-billgates-post-1.posts LastVisualChange opt cold fission webrender,,77,ms,firefox,453547741.0,1869156848,2024-04-04 17:55:39,1982.7,2b8e4c563c2fa403003707729e7fd66dd5909763,1404131,,,,,,,,,,,,,,,,,,,,,,,,,,,,,,,,,,,,,,,,,,,,,,,,,,,,,,,,,,,,,TN,TN
autoland,4060512,13,77a9707257b88d3b15060667769a2def98a71cff,windows10-64-shippable-qr,True,False,,|c|o|l|d| |f|i|s|s|i|o|n| |i|n|t|e|r|a|c|t|i|v|e| |w|e|b|r|e|n|d|e|r|,102210fe594ee9b33d82058545b1ed14f4c8206e,LastVisualChange,reddit-billgates-post-1.posts,True,reddit-billgates-post-1.posts LastVisualChange opt cold fission webrender,,77,ms,firefox,453577032.0,1869261600,2024-04-04 22:08:58,605.4,7689f9c266fcdf019b8bea308bf5569885d72ed3,1404331,,,,,,,,,,,,,,,,,,,,,,,,,,,,,,,,,,,,,,,,,,,,,,,,,,,,,,,,,,,,,TN,TN
autoland,4060512,13,77a9707257b88d3b15060667769a2def98a71cff,windows10-64-shippable-qr,True,False,,|c|o|l|d| |f|i|s|s|i|o|n| |i|n|t|e|r|a|c|t|i|v|e| |w|e|b|r|e|n|d|e|r|,102210fe594ee9b33d82058545b1ed14f4c8206e,LastVisualChange,reddit-billgates-post-1.posts,True,reddit-billgates-post-1.posts LastVisualChange opt cold fission webrender,,77,ms,firefox,453584508.0,1869296489,2024-04-05 00:24:01,598.7,8600529acb2a250f255ea4d80486fecb2b7dc31b,1404399,,,,,,,,,,,,,,,,,,,,,,,,,,,,,,,,,,,,,,,,,,,,,,,,,,,,,,,,,,,,,TN,TN
autoland,4060512,13,77a9707257b88d3b15060667769a2def98a71cff,windows10-64-shippable-qr,True,False,,|c|o|l|d| |f|i|s|s|i|o|n| |i|n|t|e|r|a|c|t|i|v|e| |w|e|b|r|e|n|d|e|r|,102210fe594ee9b33d82058545b1ed14f4c8206e,LastVisualChange,reddit-billgates-post-1.posts,True,reddit-billgates-post-1.posts LastVisualChange opt cold fission webrender,,77,ms,firefox,453599076.0,1869359717,2024-04-05 04:36:57,575.7,ea8ea972270ddb95f071f900f9199fb7ff95bb10,1404445,,,,,,,,,,,,,,,,,,,,,,,,,,,,,,,,,,,,,,,,,,,,,,,,,,,,,,,,,,,,,TN,TN
autoland,4060512,13,77a9707257b88d3b15060667769a2def98a71cff,windows10-64-shippable-qr,True,False,,|c|o|l|d| |f|i|s|s|i|o|n| |i|n|t|e|r|a|c|t|i|v|e| |w|e|b|r|e|n|d|e|r|,102210fe594ee9b33d82058545b1ed14f4c8206e,LastVisualChange,reddit-billgates-post-1.posts,True,reddit-billgates-post-1.posts LastVisualChange opt cold fission webrender,,77,ms,firefox,453621732.0,1869457467,2024-04-05 09:55:10,597.5,bb1591f8008a0b1f33fe132528ee339ab149082f,1404555,,,,,,,,,,,,,,,,,,,,,,,,,,,,,,,,,,,,,,,,,,,,,,,,,,,,,,,,,,,,,TN,TN
autoland,4060512,13,77a9707257b88d3b15060667769a2def98a71cff,windows10-64-shippable-qr,True,False,,|c|o|l|d| |f|i|s|s|i|o|n| |i|n|t|e|r|a|c|t|i|v|e| |w|e|b|r|e|n|d|e|r|,102210fe594ee9b33d82058545b1ed14f4c8206e,LastVisualChange,reddit-billgates-post-1.posts,True,reddit-billgates-post-1.posts LastVisualChange opt cold fission webrender,,77,ms,firefox,453655571.0,1869574267,2024-04-05 13:56:08,597.4,e25a9624d6d92e1a88da8b414e3ea781e4e25a07,1404693,,,,,,,,,,,,,,,,,,,,,,,,,,,,,,,,,,,,,,,,,,,,,,,,,,,,,,,,,,,,,TN,TN
autoland,4060512,13,77a9707257b88d3b15060667769a2def98a71cff,windows10-64-shippable-qr,True,False,,|c|o|l|d| |f|i|s|s|i|o|n| |i|n|t|e|r|a|c|t|i|v|e| |w|e|b|r|e|n|d|e|r|,102210fe594ee9b33d82058545b1ed14f4c8206e,LastVisualChange,reddit-billgates-post-1.posts,True,reddit-billgates-post-1.posts LastVisualChange opt cold fission webrender,,77,ms,firefox,453681239.0,1869672864,2024-04-05 18:34:00,571.9,c230ec8f9514326a6e5081ee8e2d677ccf10ab67,1404901,,,,,,,,,,,,,,,,,,,,,,,,,,,,,,,,,,,,,,,,,,,,,,,,,,,,,,,,,,,,,TN,TN
autoland,4060512,13,77a9707257b88d3b15060667769a2def98a71cff,windows10-64-shippable-qr,True,False,,|c|o|l|d| |f|i|s|s|i|o|n| |i|n|t|e|r|a|c|t|i|v|e| |w|e|b|r|e|n|d|e|r|,102210fe594ee9b33d82058545b1ed14f4c8206e,LastVisualChange,reddit-billgates-post-1.posts,True,reddit-billgates-post-1.posts LastVisualChange opt cold fission webrender,,77,ms,firefox,453700622.0,1869750029,2024-04-05 19:40:01,555.6,2168f88afb52aa0c93febc62156a315d08963dda,1404957,,,,,,,,,,,,,,,,,,,,,,,,,,,,,,,,,,,,,,,,,,,,,,,,,,,,,,,,,,,,,TN,TN
autoland,4060512,13,77a9707257b88d3b15060667769a2def98a71cff,windows10-64-shippable-qr,True,False,,|c|o|l|d| |f|i|s|s|i|o|n| |i|n|t|e|r|a|c|t|i|v|e| |w|e|b|r|e|n|d|e|r|,102210fe594ee9b33d82058545b1ed14f4c8206e,LastVisualChange,reddit-billgates-post-1.posts,True,reddit-billgates-post-1.posts LastVisualChange opt cold fission webrender,,77,ms,firefox,453731841.0,1869947479,2024-04-05 21:22:34,1975.2,1564b30ff7230370f1d96bdfc88b528c6dbf1f37,1405040,,,,,,,,,,,,,,,,,,,,,,,,,,,,,,,,,,,,,,,,,,,,,,,,,,,,,,,,,,,,,TN,TN
autoland,4060512,13,77a9707257b88d3b15060667769a2def98a71cff,windows10-64-shippable-qr,True,False,,|c|o|l|d| |f|i|s|s|i|o|n| |i|n|t|e|r|a|c|t|i|v|e| |w|e|b|r|e|n|d|e|r|,102210fe594ee9b33d82058545b1ed14f4c8206e,LastVisualChange,reddit-billgates-post-1.posts,True,reddit-billgates-post-1.posts LastVisualChange opt cold fission webrender,,77,ms,firefox,453711439.0,1869795846,2024-04-05 21:23:25,575.6,bcbab342eed82aec3d4dd40516bf07e1ee96e716,1405041,,,,,,,,,,,,,,,,,,,,,,,,,,,,,,,,,,,,,,,,,,,,,,,,,,,,,,,,,,,,,TN,TN
autoland,4060512,13,77a9707257b88d3b15060667769a2def98a71cff,windows10-64-shippable-qr,True,False,,|c|o|l|d| |f|i|s|s|i|o|n| |i|n|t|e|r|a|c|t|i|v|e| |w|e|b|r|e|n|d|e|r|,102210fe594ee9b33d82058545b1ed14f4c8206e,LastVisualChange,reddit-billgates-post-1.posts,True,reddit-billgates-post-1.posts LastVisualChange opt cold fission webrender,,77,ms,firefox,453730052.0,1869919452,2024-04-06 02:12:01,558.2,5695ee1969a8c3cddf47affcdc2358c67fa09729,1405161,,,,,,,,,,,,,,,,,,,,,,,,,,,,,,,,,,,,,,,,,,,,,,,,,,,,,,,,,,,,,TN,TN
autoland,4060512,13,77a9707257b88d3b15060667769a2def98a71cff,windows10-64-shippable-qr,True,False,,|c|o|l|d| |f|i|s|s|i|o|n| |i|n|t|e|r|a|c|t|i|v|e| |w|e|b|r|e|n|d|e|r|,102210fe594ee9b33d82058545b1ed14f4c8206e,LastVisualChange,reddit-billgates-post-1.posts,True,reddit-billgates-post-1.posts LastVisualChange opt cold fission webrender,,77,ms,firefox,453744679.0,1869994313,2024-04-06 08:07:05,568.6,9fc8fef3e3ad12973fa215fac0d8ce85b8476e0a,1405200,,,,,,,,,,,,,,,,,,,,,,,,,,,,,,,,,,,,,,,,,,,,,,,,,,,,,,,,,,,,,TN,TN
autoland,4060512,13,77a9707257b88d3b15060667769a2def98a71cff,windows10-64-shippable-qr,True,False,,|c|o|l|d| |f|i|s|s|i|o|n| |i|n|t|e|r|a|c|t|i|v|e| |w|e|b|r|e|n|d|e|r|,102210fe594ee9b33d82058545b1ed14f4c8206e,LastVisualChange,reddit-billgates-post-1.posts,True,reddit-billgates-post-1.posts LastVisualChange opt cold fission webrender,,77,ms,firefox,453804528.0,1870233522,2024-04-06 09:10:48,578.9,efb8ceaaddf1096a2a68534d60681deac7fbfbb7,1405212,,,,,,,,,,,,,,,,,,,,,,,,,,,,,,,,,,,,,,,,,,,,,,,,,,,,,,,,,,,,,TN,TN
autoland,4060512,13,77a9707257b88d3b15060667769a2def98a71cff,windows10-64-shippable-qr,True,False,,|c|o|l|d| |f|i|s|s|i|o|n| |i|n|t|e|r|a|c|t|i|v|e| |w|e|b|r|e|n|d|e|r|,102210fe594ee9b33d82058545b1ed14f4c8206e,LastVisualChange,reddit-billgates-post-1.posts,True,reddit-billgates-post-1.posts LastVisualChange opt cold fission webrender,,77,ms,firefox,453804494.0,1870231994,2024-04-06 09:11:43,578.5,1e56e647f8d57834bb7fa2d951e64b2fa4b3487f,1405213,,,,,,,,,,,,,,,,,,,,,,,,,,,,,,,,,,,,,,,,,,,,,,,,,,,,,,,,,,,,,TN,TN
autoland,4060512,13,77a9707257b88d3b15060667769a2def98a71cff,windows10-64-shippable-qr,True,False,,|c|o|l|d| |f|i|s|s|i|o|n| |i|n|t|e|r|a|c|t|i|v|e| |w|e|b|r|e|n|d|e|r|,102210fe594ee9b33d82058545b1ed14f4c8206e,LastVisualChange,reddit-billgates-post-1.posts,True,reddit-billgates-post-1.posts LastVisualChange opt cold fission webrender,,77,ms,firefox,453769389.0,1870090774,2024-04-06 12:49:36,568.4,0f5a5f081afbca1abac9185c32c792b9c3550264,1405245,,,,,,,,,,,,,,,,,,,,,,,,,,,,,,,,,,,,,,,,,,,,,,,,,,,,,,,,,,,,,TN,TN
autoland,4060512,13,77a9707257b88d3b15060667769a2def98a71cff,windows10-64-shippable-qr,True,False,,|c|o|l|d| |f|i|s|s|i|o|n| |i|n|t|e|r|a|c|t|i|v|e| |w|e|b|r|e|n|d|e|r|,102210fe594ee9b33d82058545b1ed14f4c8206e,LastVisualChange,reddit-billgates-post-1.posts,True,reddit-billgates-post-1.posts LastVisualChange opt cold fission webrender,,77,ms,firefox,453780541.0,1870143105,2024-04-06 19:13:32,603.1,3719e5d315bba4fd2d01a2bb964ff7d7c6521282,1405288,,,,,,,,,,,,,,,,,,,,,,,,,,,,,,,,,,,,,,,,,,,,,,,,,,,,,,,,,,,,,TN,TN
autoland,4060512,13,77a9707257b88d3b15060667769a2def98a71cff,windows10-64-shippable-qr,True,False,,|c|o|l|d| |f|i|s|s|i|o|n| |i|n|t|e|r|a|c|t|i|v|e| |w|e|b|r|e|n|d|e|r|,102210fe594ee9b33d82058545b1ed14f4c8206e,LastVisualChange,reddit-billgates-post-1.posts,True,reddit-billgates-post-1.posts LastVisualChange opt cold fission webrender,,77,ms,firefox,453795931.0,1870200514,2024-04-07 00:18:02,616.3,7362d727c60c8a1b15c8e7357969595c93c659c6,1405303,,,,,,,,,,,,,,,,,,,,,,,,,,,,,,,,,,,,,,,,,,,,,,,,,,,,,,,,,,,,,TN,TN
autoland,4060512,13,77a9707257b88d3b15060667769a2def98a71cff,windows10-64-shippable-qr,True,False,,|c|o|l|d| |f|i|s|s|i|o|n| |i|n|t|e|r|a|c|t|i|v|e| |w|e|b|r|e|n|d|e|r|,102210fe594ee9b33d82058545b1ed14f4c8206e,LastVisualChange,reddit-billgates-post-1.posts,True,reddit-billgates-post-1.posts LastVisualChange opt cold fission webrender,,77,ms,firefox,453827615.0,1870330562,2024-04-07 12:29:26,575.6,56daf0a3e72bc04ceb0b6d6a5e8b51b32333fe11,1405334,,,,,,,,,,,,,,,,,,,,,,,,,,,,,,,,,,,,,,,,,,,,,,,,,,,,,,,,,,,,,TN,TN
autoland,4060512,13,77a9707257b88d3b15060667769a2def98a71cff,windows10-64-shippable-qr,True,False,,|c|o|l|d| |f|i|s|s|i|o|n| |i|n|t|e|r|a|c|t|i|v|e| |w|e|b|r|e|n|d|e|r|,102210fe594ee9b33d82058545b1ed14f4c8206e,LastVisualChange,reddit-billgates-post-1.posts,True,reddit-billgates-post-1.posts LastVisualChange opt cold fission webrender,,77,ms,firefox,453837857.0,1870361988,2024-04-07 17:34:38,572.2,c59be65c8118a8e4c60719162c4426e511ee042c,1405352,,,,,,,,,,,,,,,,,,,,,,,,,,,,,,,,,,,,,,,,,,,,,,,,,,,,,,,,,,,,,TN,TN
autoland,4060512,13,77a9707257b88d3b15060667769a2def98a71cff,windows10-64-shippable-qr,True,False,,|c|o|l|d| |f|i|s|s|i|o|n| |i|n|t|e|r|a|c|t|i|v|e| |w|e|b|r|e|n|d|e|r|,102210fe594ee9b33d82058545b1ed14f4c8206e,LastVisualChange,reddit-billgates-post-1.posts,True,reddit-billgates-post-1.posts LastVisualChange opt cold fission webrender,,77,ms,firefox,453851312.0,1870421200,2024-04-07 22:40:32,605.6,a5f6bf0601900e20973b195443e8431788bf1494,1405368,,,,,,,,,,,,,,,,,,,,,,,,,,,,,,,,,,,,,,,,,,,,,,,,,,,,,,,,,,,,,TN,TN
autoland,4060512,13,77a9707257b88d3b15060667769a2def98a71cff,windows10-64-shippable-qr,True,False,,|c|o|l|d| |f|i|s|s|i|o|n| |i|n|t|e|r|a|c|t|i|v|e| |w|e|b|r|e|n|d|e|r|,102210fe594ee9b33d82058545b1ed14f4c8206e,LastVisualChange,reddit-billgates-post-1.posts,True,reddit-billgates-post-1.posts LastVisualChange opt cold fission webrender,,77,ms,firefox,454016973.0,1871083675,2024-04-08 00:16:58,2005.7,d61d36a30ac8194456d356ab948a2a962e330d3c,1405370,,,,,,,,,,,,,,,,,,,,,,,,,,,,,,,,,,,,,,,,,,,,,,,,,,,,,,,,,,,,,TN,TN
autoland,4060512,13,77a9707257b88d3b15060667769a2def98a71cff,windows10-64-shippable-qr,True,False,,|c|o|l|d| |f|i|s|s|i|o|n| |i|n|t|e|r|a|c|t|i|v|e| |w|e|b|r|e|n|d|e|r|,102210fe594ee9b33d82058545b1ed14f4c8206e,LastVisualChange,reddit-billgates-post-1.posts,True,reddit-billgates-post-1.posts LastVisualChange opt cold fission webrender,,77,ms,firefox,454006388.0,1871014889,2024-04-08 01:48:27,565.3,954dbbb81dcb5f155221a82c048a31260aad2f4f,1405376,,,,,,,,,,,,,,,,,,,,,,,,,,,,,,,,,,,,,,,,,,,,,,,,,,,,,,,,,,,,,TN,TN
autoland,4060512,13,77a9707257b88d3b15060667769a2def98a71cff,windows10-64-shippable-qr,True,False,,|c|o|l|d| |f|i|s|s|i|o|n| |i|n|t|e|r|a|c|t|i|v|e| |w|e|b|r|e|n|d|e|r|,102210fe594ee9b33d82058545b1ed14f4c8206e,LastVisualChange,reddit-billgates-post-1.posts,True,reddit-billgates-post-1.posts LastVisualChange opt cold fission webrender,,77,ms,firefox,453860276.0,1870473133,2024-04-08 04:43:41,576.2,93d08e6b3d615ead541eee15f876af2c74e90d53,1405385,,,,,,,,,,,,,,,,,,,,,,,,,,,,,,,,,,,,,,,,,,,,,,,,,,,,,,,,,,,,,TN,TN
autoland,4060512,13,77a9707257b88d3b15060667769a2def98a71cff,windows10-64-shippable-qr,True,False,,|c|o|l|d| |f|i|s|s|i|o|n| |i|n|t|e|r|a|c|t|i|v|e| |w|e|b|r|e|n|d|e|r|,102210fe594ee9b33d82058545b1ed14f4c8206e,LastVisualChange,reddit-billgates-post-1.posts,True,reddit-billgates-post-1.posts LastVisualChange opt cold fission webrender,,77,ms,firefox,453877126.0,1870542972,2024-04-08 09:12:14,612.1,7fdec039f49159c7769bb304ab5f0a97f9dde43f,1405465,,,,,,,,,,,,,,,,,,,,,,,,,,,,,,,,,,,,,,,,,,,,,,,,,,,,,,,,,,,,,TN,TN
autoland,4060512,13,77a9707257b88d3b15060667769a2def98a71cff,windows10-64-shippable-qr,True,False,,|c|o|l|d| |f|i|s|s|i|o|n| |i|n|t|e|r|a|c|t|i|v|e| |w|e|b|r|e|n|d|e|r|,102210fe594ee9b33d82058545b1ed14f4c8206e,LastVisualChange,reddit-billgates-post-1.posts,True,reddit-billgates-post-1.posts LastVisualChange opt cold fission webrender,,77,ms,firefox,454018007.0,1871112193,2024-04-08 09:14:11,572.6,83eae9239b46f03f52da5463ad71098ca7791ea0,1405468,,,,,,,,,,,,,,,,,,,,,,,,,,,,,,,,,,,,,,,,,,,,,,,,,,,,,,,,,,,,,TN,TN
autoland,4060512,13,77a9707257b88d3b15060667769a2def98a71cff,windows10-64-shippable-qr,True,False,,|c|o|l|d| |f|i|s|s|i|o|n| |i|n|t|e|r|a|c|t|i|v|e| |w|e|b|r|e|n|d|e|r|,102210fe594ee9b33d82058545b1ed14f4c8206e,LastVisualChange,reddit-billgates-post-1.posts,True,reddit-billgates-post-1.posts LastVisualChange opt cold fission webrender,,77,ms,firefox,454017821.0,1871094155,2024-04-08 09:15:02,582.0,8f90997050c158167089ac3c0b526920d3f7bb82,1405470,,,,,,,,,,,,,,,,,,,,,,,,,,,,,,,,,,,,,,,,,,,,,,,,,,,,,,,,,,,,,TN,TN
autoland,4060512,13,77a9707257b88d3b15060667769a2def98a71cff,windows10-64-shippable-qr,True,False,,|c|o|l|d| |f|i|s|s|i|o|n| |i|n|t|e|r|a|c|t|i|v|e| |w|e|b|r|e|n|d|e|r|,102210fe594ee9b33d82058545b1ed14f4c8206e,LastVisualChange,reddit-billgates-post-1.posts,True,reddit-billgates-post-1.posts LastVisualChange opt cold fission webrender,,77,ms,firefox,454015572.0,1871063621,2024-04-08 11:42:34,568.9,2d1a289ac036edc287917e987f17d8d1f1607f39,1405553,,,,,,,,,,,,,,,,,,,,,,,,,,,,,,,,,,,,,,,,,,,,,,,,,,,,,,,,,,,,,TN,TN
autoland,4060512,13,77a9707257b88d3b15060667769a2def98a71cff,windows10-64-shippable-qr,True,False,,|c|o|l|d| |f|i|s|s|i|o|n| |i|n|t|e|r|a|c|t|i|v|e| |w|e|b|r|e|n|d|e|r|,102210fe594ee9b33d82058545b1ed14f4c8206e,LastVisualChange,reddit-billgates-post-1.posts,True,reddit-billgates-post-1.posts LastVisualChange opt cold fission webrender,,77,ms,firefox,454006286.0,1871013219,2024-04-08 11:52:58,582.6,8aa3f0cfdd9cc43a71881956b4d48edd5af26a75,1405560,,,,,,,,,,,,,,,,,,,,,,,,,,,,,,,,,,,,,,,,,,,,,,,,,,,,,,,,,,,,,TN,TN
autoland,4060512,13,77a9707257b88d3b15060667769a2def98a71cff,windows10-64-shippable-qr,True,False,,|c|o|l|d| |f|i|s|s|i|o|n| |i|n|t|e|r|a|c|t|i|v|e| |w|e|b|r|e|n|d|e|r|,102210fe594ee9b33d82058545b1ed14f4c8206e,LastVisualChange,reddit-billgates-post-1.posts,True,reddit-billgates-post-1.posts LastVisualChange opt cold fission webrender,,77,ms,firefox,453912128.0,1870683162,2024-04-08 13:49:41,574.9,1b56c653a5ee3a14ec0955b092498999e9333bfa,1405618,,,,,,,,,,,,,,,,,,,,,,,,,,,,,,,,,,,,,,,,,,,,,,,,,,,,,,,,,,,,,TN,TN
autoland,4060512,13,77a9707257b88d3b15060667769a2def98a71cff,windows10-64-shippable-qr,True,False,,|c|o|l|d| |f|i|s|s|i|o|n| |i|n|t|e|r|a|c|t|i|v|e| |w|e|b|r|e|n|d|e|r|,102210fe594ee9b33d82058545b1ed14f4c8206e,LastVisualChange,reddit-billgates-post-1.posts,True,reddit-billgates-post-1.posts LastVisualChange opt cold fission webrender,,77,ms,firefox,454017017.0,1871087763,2024-04-08 16:11:07,554.9,a549052e0246a7e3e6baecb8a5f7263439d50fd0,1405753,,,,,,,,,,,,,,,,,,,,,,,,,,,,,,,,,,,,,,,,,,,,,,,,,,,,,,,,,,,,,TN,TN
autoland,4060512,13,77a9707257b88d3b15060667769a2def98a71cff,windows10-64-shippable-qr,True,False,,|c|o|l|d| |f|i|s|s|i|o|n| |i|n|t|e|r|a|c|t|i|v|e| |w|e|b|r|e|n|d|e|r|,102210fe594ee9b33d82058545b1ed14f4c8206e,LastVisualChange,reddit-billgates-post-1.posts,True,reddit-billgates-post-1.posts LastVisualChange opt cold fission webrender,,77,ms,firefox,454015194.0,1871062709,2024-04-08 16:13:31,552.1,001953f12562956ffc0597c918c17ede0f6ef2d7,1405755,,,,,,,,,,,,,,,,,,,,,,,,,,,,,,,,,,,,,,,,,,,,,,,,,,,,,,,,,,,,,TN,TN
autoland,4060512,13,77a9707257b88d3b15060667769a2def98a71cff,windows10-64-shippable-qr,True,False,,|c|o|l|d| |f|i|s|s|i|o|n| |i|n|t|e|r|a|c|t|i|v|e| |w|e|b|r|e|n|d|e|r|,102210fe594ee9b33d82058545b1ed14f4c8206e,LastVisualChange,reddit-billgates-post-1.posts,True,reddit-billgates-post-1.posts LastVisualChange opt cold fission webrender,,77,ms,firefox,453960252.0,1870833038,2024-04-08 19:08:45,454.9,79551503d77c8353439905d86ec3033546f0c874,1405880,,,,,,,,,,,,,,,,,,,,,,,,,,,,,,,,,,,,,,,,,,,,,,,,,,,,,,,,,,,,,TN,TN
autoland,4060512,13,77a9707257b88d3b15060667769a2def98a71cff,windows10-64-shippable-qr,True,False,,|c|o|l|d| |f|i|s|s|i|o|n| |i|n|t|e|r|a|c|t|i|v|e| |w|e|b|r|e|n|d|e|r|,102210fe594ee9b33d82058545b1ed14f4c8206e,LastVisualChange,reddit-billgates-post-1.posts,True,reddit-billgates-post-1.posts LastVisualChange opt cold fission webrender,,77,ms,firefox,453997885.0,1870976490,2024-04-08 23:24:57,588.2,c19d16f89e851b3d8052fb11a8e8f0ae3f4cb9b7,1406026,,,,,,,,,,,,,,,,,,,,,,,,,,,,,,,,,,,,,,,,,,,,,,,,,,,,,,,,,,,,,TN,TN
autoland,4060512,13,77a9707257b88d3b15060667769a2def98a71cff,windows10-64-shippable-qr,True,False,,|c|o|l|d| |f|i|s|s|i|o|n| |i|n|t|e|r|a|c|t|i|v|e| |w|e|b|r|e|n|d|e|r|,102210fe594ee9b33d82058545b1ed14f4c8206e,LastVisualChange,reddit-billgates-post-1.posts,True,reddit-billgates-post-1.posts LastVisualChange opt cold fission webrender,,77,ms,firefox,454020257.0,1871136374,2024-04-09 06:15:12,589.6,643848d855ebb8ab8d9d7009ca7ce9d21d267b34,1406147,,,,,,,,,,,,,,,,,,,,,,,,,,,,,,,,,,,,,,,,,,,,,,,,,,,,,,,,,,,,,TN,TN
autoland,4060512,13,77a9707257b88d3b15060667769a2def98a71cff,windows10-64-shippable-qr,True,False,,|c|o|l|d| |f|i|s|s|i|o|n| |i|n|t|e|r|a|c|t|i|v|e| |w|e|b|r|e|n|d|e|r|,102210fe594ee9b33d82058545b1ed14f4c8206e,LastVisualChange,reddit-billgates-post-1.posts,True,reddit-billgates-post-1.posts LastVisualChange opt cold fission webrender,,77,ms,firefox,454046518.0,1871226497,2024-04-09 10:19:15,559.0,7cd4aaac69823ebb7b440d4e14d05275ba50a073,1406264,,,,,,,,,,,,,,,,,,,,,,,,,,,,,,,,,,,,,,,,,,,,,,,,,,,,,,,,,,,,,TN,TN
autoland,4060512,13,77a9707257b88d3b15060667769a2def98a71cff,windows10-64-shippable-qr,True,False,,|c|o|l|d| |f|i|s|s|i|o|n| |i|n|t|e|r|a|c|t|i|v|e| |w|e|b|r|e|n|d|e|r|,102210fe594ee9b33d82058545b1ed14f4c8206e,LastVisualChange,reddit-billgates-post-1.posts,True,reddit-billgates-post-1.posts LastVisualChange opt cold fission webrender,,77,ms,firefox,454142660.0,1871740047,2024-04-09 13:18:22,568.5,d74b7b0696b5cf43a1196eb49d3ee3d6fd5be939,1406384,,,,,,,,,,,,,,,,,,,,,,,,,,,,,,,,,,,,,,,,,,,,,,,,,,,,,,,,,,,,,TN,TN
autoland,4060512,13,77a9707257b88d3b15060667769a2def98a71cff,windows10-64-shippable-qr,True,False,,|c|o|l|d| |f|i|s|s|i|o|n| |i|n|t|e|r|a|c|t|i|v|e| |w|e|b|r|e|n|d|e|r|,102210fe594ee9b33d82058545b1ed14f4c8206e,LastVisualChange,reddit-billgates-post-1.posts,True,reddit-billgates-post-1.posts LastVisualChange opt cold fission webrender,,77,ms,firefox,454141831.0,1871711776,2024-04-09 13:31:54,562.5,4f295f84763cdb0699eaf30eb9984e7fe1de74e5,1406402,,,,,,,,,,,,,,,,,,,,,,,,,,,,,,,,,,,,,,,,,,,,,,,,,,,,,,,,,,,,,TN,TN
autoland,4060512,13,77a9707257b88d3b15060667769a2def98a71cff,windows10-64-shippable-qr,True,False,,|c|o|l|d| |f|i|s|s|i|o|n| |i|n|t|e|r|a|c|t|i|v|e| |w|e|b|r|e|n|d|e|r|,102210fe594ee9b33d82058545b1ed14f4c8206e,LastVisualChange,reddit-billgates-post-1.posts,True,reddit-billgates-post-1.posts LastVisualChange opt cold fission webrender,,77,ms,firefox,454084748.0,1871420614,2024-04-09 14:26:21,565.4,34fef7e7706b912024aa3ba8826647e5ddc0a0ab,1406452,,,,,,,,,,,,,,,,,,,,,,,,,,,,,,,,,,,,,,,,,,,,,,,,,,,,,,,,,,,,,TN,TN
autoland,4060512,13,77a9707257b88d3b15060667769a2def98a71cff,windows10-64-shippable-qr,True,False,,|c|o|l|d| |f|i|s|s|i|o|n| |i|n|t|e|r|a|c|t|i|v|e| |w|e|b|r|e|n|d|e|r|,102210fe594ee9b33d82058545b1ed14f4c8206e,LastVisualChange,reddit-billgates-post-1.posts,True,reddit-billgates-post-1.posts LastVisualChange opt cold fission webrender,,77,ms,firefox,454142345.0,1871736139,2024-04-09 16:33:24,587.9,c3cd9a2f257b5976229a43d8d3cff6d96d02fe11,1406558,,,,,,,,,,,,,,,,,,,,,,,,,,,,,,,,,,,,,,,,,,,,,,,,,,,,,,,,,,,,,TN,TN
autoland,4060512,13,77a9707257b88d3b15060667769a2def98a71cff,windows10-64-shippable-qr,True,False,,|c|o|l|d| |f|i|s|s|i|o|n| |i|n|t|e|r|a|c|t|i|v|e| |w|e|b|r|e|n|d|e|r|,102210fe594ee9b33d82058545b1ed14f4c8206e,LastVisualChange,reddit-billgates-post-1.posts,True,reddit-billgates-post-1.posts LastVisualChange opt cold fission webrender,,77,ms,firefox,454141652.0,1871702781,2024-04-09 16:41:46,582.4,0952e6765442e7b623010cc9b7b52ebee241bd40,1406566,,,,,,,,,,,,,,,,,,,,,,,,,,,,,,,,,,,,,,,,,,,,,,,,,,,,,,,,,,,,,TN,TN
autoland,4060512,13,77a9707257b88d3b15060667769a2def98a71cff,windows10-64-shippable-qr,True,False,,|c|o|l|d| |f|i|s|s|i|o|n| |i|n|t|e|r|a|c|t|i|v|e| |w|e|b|r|e|n|d|e|r|,102210fe594ee9b33d82058545b1ed14f4c8206e,LastVisualChange,reddit-billgates-post-1.posts,True,reddit-billgates-post-1.posts LastVisualChange opt cold fission webrender,,77,ms,firefox,454089097.0,1871457565,2024-04-09 17:03:26,565.0,e3c9c90141d0f6b39792470ce489a5af6123cc15,1406581,,,,,,,,,,,,,,,,,,,,,,,,,,,,,,,,,,,,,,,,,,,,,,,,,,,,,,,,,,,,,TN,TN
autoland,4060512,13,77a9707257b88d3b15060667769a2def98a71cff,windows10-64-shippable-qr,True,False,,|c|o|l|d| |f|i|s|s|i|o|n| |i|n|t|e|r|a|c|t|i|v|e| |w|e|b|r|e|n|d|e|r|,102210fe594ee9b33d82058545b1ed14f4c8206e,LastVisualChange,reddit-billgates-post-1.posts,True,reddit-billgates-post-1.posts LastVisualChange opt cold fission webrender,,77,ms,firefox,454113227.0,1871544581,2024-04-09 20:18:20,592.3,42fe954d2d47356658d58a292876a6f15d6cbc51,1406718,,,,,,,,,,,,,,,,,,,,,,,,,,,,,,,,,,,,,,,,,,,,,,,,,,,,,,,,,,,,,TN,TN
autoland,4060512,13,77a9707257b88d3b15060667769a2def98a71cff,windows10-64-shippable-qr,True,False,,|c|o|l|d| |f|i|s|s|i|o|n| |i|n|t|e|r|a|c|t|i|v|e| |w|e|b|r|e|n|d|e|r|,102210fe594ee9b33d82058545b1ed14f4c8206e,LastVisualChange,reddit-billgates-post-1.posts,True,reddit-billgates-post-1.posts LastVisualChange opt cold fission webrender,,77,ms,firefox,454134977.0,1871654958,2024-04-10 00:18:40,572.5,c6228adca1a9c453ab8514c86ee26ee9a7903d27,1406841,,,,,,,,,,,,,,,,,,,,,,,,,,,,,,,,,,,,,,,,,,,,,,,,,,,,,,,,,,,,,TN,TN
autoland,4060512,13,77a9707257b88d3b15060667769a2def98a71cff,windows10-64-shippable-qr,True,False,,|c|o|l|d| |f|i|s|s|i|o|n| |i|n|t|e|r|a|c|t|i|v|e| |w|e|b|r|e|n|d|e|r|,102210fe594ee9b33d82058545b1ed14f4c8206e,LastVisualChange,reddit-billgates-post-1.posts,True,reddit-billgates-post-1.posts LastVisualChange opt cold fission webrender,,77,ms,firefox,454142057.0,1871725926,2024-04-10 05:00:45,568.5,a3f0d7e2d176a84f97e08088b78e1abe8da0a5f7,1406899,,,,,,,,,,,,,,,,,,,,,,,,,,,,,,,,,,,,,,,,,,,,,,,,,,,,,,,,,,,,,TN,TN
autoland,4060512,13,77a9707257b88d3b15060667769a2def98a71cff,windows10-64-shippable-qr,True,False,,|c|o|l|d| |f|i|s|s|i|o|n| |i|n|t|e|r|a|c|t|i|v|e| |w|e|b|r|e|n|d|e|r|,102210fe594ee9b33d82058545b1ed14f4c8206e,LastVisualChange,reddit-billgates-post-1.posts,True,reddit-billgates-post-1.posts LastVisualChange opt cold fission webrender,,77,ms,firefox,454158690.0,1871797547,2024-04-10 09:31:15,557.3,cb449d228d38790ba76f64d551817f6a804c044e,1406973,,,,,,,,,,,,,,,,,,,,,,,,,,,,,,,,,,,,,,,,,,,,,,,,,,,,,,,,,,,,,TN,TN
autoland,4060512,13,77a9707257b88d3b15060667769a2def98a71cff,windows10-64-shippable-qr,True,False,,|c|o|l|d| |f|i|s|s|i|o|n| |i|n|t|e|r|a|c|t|i|v|e| |w|e|b|r|e|n|d|e|r|,102210fe594ee9b33d82058545b1ed14f4c8206e,LastVisualChange,reddit-billgates-post-1.posts,True,reddit-billgates-post-1.posts LastVisualChange opt cold fission webrender,,77,ms,firefox,454267941.0,1872350565,2024-04-10 13:14:00,562.3,17662e43cc8542dd0a35b099169dfcc2b23b2d59,1407072,,,,,,,,,,,,,,,,,,,,,,,,,,,,,,,,,,,,,,,,,,,,,,,,,,,,,,,,,,,,,TN,TN
autoland,4060512,13,77a9707257b88d3b15060667769a2def98a71cff,windows10-64-shippable-qr,True,False,,|c|o|l|d| |f|i|s|s|i|o|n| |i|n|t|e|r|a|c|t|i|v|e| |w|e|b|r|e|n|d|e|r|,102210fe594ee9b33d82058545b1ed14f4c8206e,LastVisualChange,reddit-billgates-post-1.posts,True,reddit-billgates-post-1.posts LastVisualChange opt cold fission webrender,,77,ms,firefox,454189283.0,1871913500,2024-04-10 13:31:55,561.2,53228f89fadff09aff9d51b46652c77d94059014,1407087,,,,,,,,,,,,,,,,,,,,,,,,,,,,,,,,,,,,,,,,,,,,,,,,,,,,,,,,,,,,,TN,TN
autoland,4060512,13,77a9707257b88d3b15060667769a2def98a71cff,windows10-64-shippable-qr,True,False,,|c|o|l|d| |f|i|s|s|i|o|n| |i|n|t|e|r|a|c|t|i|v|e| |w|e|b|r|e|n|d|e|r|,102210fe594ee9b33d82058545b1ed14f4c8206e,LastVisualChange,reddit-billgates-post-1.posts,True,reddit-billgates-post-1.posts LastVisualChange opt cold fission webrender,,77,ms,firefox,454209586.0,1872023088,2024-04-10 17:21:37,575.7,a30d53cfa601940935af0c765cccbdde2178bb67,1407259,,,,,,,,,,,,,,,,,,,,,,,,,,,,,,,,,,,,,,,,,,,,,,,,,,,,,,,,,,,,,TN,TN
autoland,4060512,13,77a9707257b88d3b15060667769a2def98a71cff,windows10-64-shippable-qr,True,False,,|c|o|l|d| |f|i|s|s|i|o|n| |i|n|t|e|r|a|c|t|i|v|e| |w|e|b|r|e|n|d|e|r|,102210fe594ee9b33d82058545b1ed14f4c8206e,LastVisualChange,reddit-billgates-post-1.posts,True,reddit-billgates-post-1.posts LastVisualChange opt cold fission webrender,,77,ms,firefox,454268457.0,1872395141,2024-04-10 17:51:13,575.9,658f4b57b8ecb99f066d0c342241810adb16c5b7,1407289,,,,,,,,,,,,,,,,,,,,,,,,,,,,,,,,,,,,,,,,,,,,,,,,,,,,,,,,,,,,,TN,TN
autoland,4060512,13,77a9707257b88d3b15060667769a2def98a71cff,windows10-64-shippable-qr,True,False,,|c|o|l|d| |f|i|s|s|i|o|n| |i|n|t|e|r|a|c|t|i|v|e| |w|e|b|r|e|n|d|e|r|,102210fe594ee9b33d82058545b1ed14f4c8206e,LastVisualChange,reddit-billgates-post-1.posts,True,reddit-billgates-post-1.posts LastVisualChange opt cold fission webrender,,77,ms,firefox,454268127.0,1872361241,2024-04-10 18:14:03,601.8,df5d696fe260420dcfaa26f75edc59908f157545,1407304,,,,,,,,,,,,,,,,,,,,,,,,,,,,,,,,,,,,,,,,,,,,,,,,,,,,,,,,,,,,,TN,TN
autoland,4060512,13,77a9707257b88d3b15060667769a2def98a71cff,windows10-64-shippable-qr,True,False,,|c|o|l|d| |f|i|s|s|i|o|n| |i|n|t|e|r|a|c|t|i|v|e| |w|e|b|r|e|n|d|e|r|,102210fe594ee9b33d82058545b1ed14f4c8206e,LastVisualChange,reddit-billgates-post-1.posts,True,reddit-billgates-post-1.posts LastVisualChange opt cold fission webrender,,77,ms,firefox,454268360.0,1872378694,2024-04-10 19:30:38,572.1,399bfc5051b26618286e3ba39745bc52ad99fcbd,1407363,,,,,,,,,,,,,,,,,,,,,,,,,,,,,,,,,,,,,,,,,,,,,,,,,,,,,,,,,,,,,TN,TN
autoland,4060512,13,77a9707257b88d3b15060667769a2def98a71cff,windows10-64-shippable-qr,True,False,,|c|o|l|d| |f|i|s|s|i|o|n| |i|n|t|e|r|a|c|t|i|v|e| |w|e|b|r|e|n|d|e|r|,102210fe594ee9b33d82058545b1ed14f4c8206e,LastVisualChange,reddit-billgates-post-1.posts,True,reddit-billgates-post-1.posts LastVisualChange opt cold fission webrender,,77,ms,firefox,454267897.0,1872348800,2024-04-10 19:31:26,571.8,1b6bb55f1ad9e598178ec9d9e3659e43ae01f879,1407365,,,,,,,,,,,,,,,,,,,,,,,,,,,,,,,,,,,,,,,,,,,,,,,,,,,,,,,,,,,,,TN,TN
autoland,4060512,13,77a9707257b88d3b15060667769a2def98a71cff,windows10-64-shippable-qr,True,False,,|c|o|l|d| |f|i|s|s|i|o|n| |i|n|t|e|r|a|c|t|i|v|e| |w|e|b|r|e|n|d|e|r|,102210fe594ee9b33d82058545b1ed14f4c8206e,LastVisualChange,reddit-billgates-post-1.posts,True,reddit-billgates-post-1.posts LastVisualChange opt cold fission webrender,,77,ms,firefox,454235811.0,1872155839,2024-04-10 20:55:18,565.5,bc425d90bbe9987cc754323772553d4be3e6de83,1407422,,,,,,,,,,,,,,,,,,,,,,,,,,,,,,,,,,,,,,,,,,,,,,,,,,,,,,,,,,,,,TN,TN
autoland,4060512,13,77a9707257b88d3b15060667769a2def98a71cff,windows10-64-shippable-qr,True,False,,|c|o|l|d| |f|i|s|s|i|o|n| |i|n|t|e|r|a|c|t|i|v|e| |w|e|b|r|e|n|d|e|r|,102210fe594ee9b33d82058545b1ed14f4c8206e,LastVisualChange,reddit-billgates-post-1.posts,True,reddit-billgates-post-1.posts LastVisualChange opt cold fission webrender,,77,ms,firefox,454256538.0,1872284890,2024-04-11 01:15:30,579.3,1ae79ee05e2fe6a64e1916d65c78979921af1e5e,1407545,,,,,,,,,,,,,,,,,,,,,,,,,,,,,,,,,,,,,,,,,,,,,,,,,,,,,,,,,,,,,TN,TN
autoland,4060512,13,77a9707257b88d3b15060667769a2def98a71cff,windows10-64-shippable-qr,True,False,,|c|o|l|d| |f|i|s|s|i|o|n| |i|n|t|e|r|a|c|t|i|v|e| |w|e|b|r|e|n|d|e|r|,102210fe594ee9b33d82058545b1ed14f4c8206e,LastVisualChange,reddit-billgates-post-1.posts,True,reddit-billgates-post-1.posts LastVisualChange opt cold fission webrender,,77,ms,firefox,454275016.0,1872426363,2024-04-11 06:36:24,575.2,7a8a0223fffe0f06dd2e7aad79bf1920cf1430c0,1407612,,,,,,,,,,,,,,,,,,,,,,,,,,,,,,,,,,,,,,,,,,,,,,,,,,,,,,,,,,,,,TN,TN
autoland,4060512,13,77a9707257b88d3b15060667769a2def98a71cff,windows10-64-shippable-qr,True,False,,|c|o|l|d| |f|i|s|s|i|o|n| |i|n|t|e|r|a|c|t|i|v|e| |w|e|b|r|e|n|d|e|r|,102210fe594ee9b33d82058545b1ed14f4c8206e,LastVisualChange,reddit-billgates-post-1.posts,True,reddit-billgates-post-1.posts LastVisualChange opt cold fission webrender,,77,ms,firefox,454308556.0,1872646958,2024-04-11 11:27:44,1985.9,747c6705d00627b032063055173575d6e6043880,1407747,,,,,,,,,,,,,,,,,,,,,,,,,,,,,,,,,,,,,,,,,,,,,,,,,,,,,,,,,,,,,TN,TN
autoland,4060512,13,77a9707257b88d3b15060667769a2def98a71cff,windows10-64-shippable-qr,True,False,,|c|o|l|d| |f|i|s|s|i|o|n| |i|n|t|e|r|a|c|t|i|v|e| |w|e|b|r|e|n|d|e|r|,102210fe594ee9b33d82058545b1ed14f4c8206e,LastVisualChange,reddit-billgates-post-1.posts,True,reddit-billgates-post-1.posts LastVisualChange opt cold fission webrender,,77,ms,firefox,454325176.0,1872759516,2024-04-11 15:41:30,2038.7,bbca818d6385ef61c987f967ebccfe9df63fc36b,1407834,,,,,,,,,,,,,,,,,,,,,,,,,,,,,,,,,,,,,,,,,,,,,,,,,,,,,,,,,,,,,TN,TN
autoland,4060512,13,77a9707257b88d3b15060667769a2def98a71cff,windows10-64-shippable-qr,True,False,,|c|o|l|d| |f|i|s|s|i|o|n| |i|n|t|e|r|a|c|t|i|v|e| |w|e|b|r|e|n|d|e|r|,102210fe594ee9b33d82058545b1ed14f4c8206e,LastVisualChange,reddit-billgates-post-1.posts,True,reddit-billgates-post-1.posts LastVisualChange opt cold fission webrender,,77,ms,firefox,454375689.0,1873038190,2024-04-11 16:23:59,592.5,a6c95ed12e514ccf3e43f7cf11dfa317ab376543,1407894,,,,,,,,,,,,,,,,,,,,,,,,,,,,,,,,,,,,,,,,,,,,,,,,,,,,,,,,,,,,,TN,TN
autoland,4060512,13,77a9707257b88d3b15060667769a2def98a71cff,windows10-64-shippable-qr,True,False,,|c|o|l|d| |f|i|s|s|i|o|n| |i|n|t|e|r|a|c|t|i|v|e| |w|e|b|r|e|n|d|e|r|,102210fe594ee9b33d82058545b1ed14f4c8206e,LastVisualChange,reddit-billgates-post-1.posts,True,reddit-billgates-post-1.posts LastVisualChange opt cold fission webrender,,77,ms,firefox,454376819.0,1873055666,2024-04-11 16:26:59,2005.4,283a71abb547740e1fe56c6d669272379b47afcb,1407898,,,,,,,,,,,,,,,,,,,,,,,,,,,,,,,,,,,,,,,,,,,,,,,,,,,,,,,,,,,,,TN,TN
autoland,4060512,13,77a9707257b88d3b15060667769a2def98a71cff,windows10-64-shippable-qr,True,False,,|c|o|l|d| |f|i|s|s|i|o|n| |i|n|t|e|r|a|c|t|i|v|e| |w|e|b|r|e|n|d|e|r|,102210fe594ee9b33d82058545b1ed14f4c8206e,LastVisualChange,reddit-billgates-post-1.posts,True,reddit-billgates-post-1.posts LastVisualChange opt cold fission webrender,,77,ms,firefox,454339431.0,1872849824,2024-04-11 18:08:24,591.9,036ac9a41b52b5af1836d103d3a7aefad37e2b87,1407970,,,,,,,,,,,,,,,,,,,,,,,,,,,,,,,,,,,,,,,,,,,,,,,,,,,,,,,,,,,,,TN,TN
autoland,4060512,13,77a9707257b88d3b15060667769a2def98a71cff,windows10-64-shippable-qr,True,False,,|c|o|l|d| |f|i|s|s|i|o|n| |i|n|t|e|r|a|c|t|i|v|e| |w|e|b|r|e|n|d|e|r|,102210fe594ee9b33d82058545b1ed14f4c8206e,LastVisualChange,reddit-billgates-post-1.posts,True,reddit-billgates-post-1.posts LastVisualChange opt cold fission webrender,,77,ms,firefox,454371774.0,1872985614,2024-04-11 23:15:25,572.6,90ef908ff18573cca9f4f0e5d676df56875c68b5,1408175,,,,,,,,,,,,,,,,,,,,,,,,,,,,,,,,,,,,,,,,,,,,,,,,,,,,,,,,,,,,,TN,TN
autoland,4060512,13,77a9707257b88d3b15060667769a2def98a71cff,windows10-64-shippable-qr,True,False,,|c|o|l|d| |f|i|s|s|i|o|n| |i|n|t|e|r|a|c|t|i|v|e| |w|e|b|r|e|n|d|e|r|,102210fe594ee9b33d82058545b1ed14f4c8206e,LastVisualChange,reddit-billgates-post-1.posts,True,reddit-billgates-post-1.posts LastVisualChange opt cold fission webrender,,77,ms,firefox,454404680.0,1873192884,2024-04-12 14:13:45,572.1,be4463b26a49bdb9c791eaf7d0b41ff9eb0294d3,1408318,,,,,,,,,,,,,,,,,,,,,,,,,,,,,,,,,,,,,,,,,,,,,,,,,,,,,,,,,,,,,TN,TN
autoland,4060512,13,77a9707257b88d3b15060667769a2def98a71cff,windows10-64-shippable-qr,True,False,,|c|o|l|d| |f|i|s|s|i|o|n| |i|n|t|e|r|a|c|t|i|v|e| |w|e|b|r|e|n|d|e|r|,102210fe594ee9b33d82058545b1ed14f4c8206e,LastVisualChange,reddit-billgates-post-1.posts,True,reddit-billgates-post-1.posts LastVisualChange opt cold fission webrender,,77,ms,firefox,454423361.0,1873297775,2024-04-12 20:21:58,578.6,5e5bc998487f4e6ee9fe6fe52ca5eb66cd37de03,1408379,,,,,,,,,,,,,,,,,,,,,,,,,,,,,,,,,,,,,,,,,,,,,,,,,,,,,,,,,,,,,TN,TN
autoland,4060512,13,77a9707257b88d3b15060667769a2def98a71cff,windows10-64-shippable-qr,True,False,,|c|o|l|d| |f|i|s|s|i|o|n| |i|n|t|e|r|a|c|t|i|v|e| |w|e|b|r|e|n|d|e|r|,102210fe594ee9b33d82058545b1ed14f4c8206e,LastVisualChange,reddit-billgates-post-1.posts,True,reddit-billgates-post-1.posts LastVisualChange opt cold fission webrender,,77,ms,firefox,454440764.0,1873408486,2024-04-13 06:05:05,576.1,39657b697a7ffcda0f07cae917b68f1e84f57d54,1408439,,,,,,,,,,,,,,,,,,,,,,,,,,,,,,,,,,,,,,,,,,,,,,,,,,,,,,,,,,,,,TN,TN
autoland,4060512,13,77a9707257b88d3b15060667769a2def98a71cff,windows10-64-shippable-qr,True,False,,|c|o|l|d| |f|i|s|s|i|o|n| |i|n|t|e|r|a|c|t|i|v|e| |w|e|b|r|e|n|d|e|r|,102210fe594ee9b33d82058545b1ed14f4c8206e,LastVisualChange,reddit-billgates-post-1.posts,True,reddit-billgates-post-1.posts LastVisualChange opt cold fission webrender,,77,ms,firefox,454464269.0,1873513064,2024-04-13 20:36:37,575.3,1dc823d4e96db6fe0450fcb588466eff7038b4cc,1408512,,,,,,,,,,,,,,,,,,,,,,,,,,,,,,,,,,,,,,,,,,,,,,,,,,,,,,,,,,,,,TN,TN
autoland,4060512,13,77a9707257b88d3b15060667769a2def98a71cff,windows10-64-shippable-qr,True,False,,|c|o|l|d| |f|i|s|s|i|o|n| |i|n|t|e|r|a|c|t|i|v|e| |w|e|b|r|e|n|d|e|r|,102210fe594ee9b33d82058545b1ed14f4c8206e,LastVisualChange,reddit-billgates-post-1.posts,True,reddit-billgates-post-1.posts LastVisualChange opt cold fission webrender,,77,ms,firefox,454484844.0,1873661269,2024-04-14 12:41:18,589.2,25a22c2f939167a119d912b3fe61312db879d576,1408562,,,,,,,,,,,,,,,,,,,,,,,,,,,,,,,,,,,,,,,,,,,,,,,,,,,,,,,,,,,,,TN,TN
autoland,4060512,13,77a9707257b88d3b15060667769a2def98a71cff,windows10-64-shippable-qr,True,False,,|c|o|l|d| |f|i|s|s|i|o|n| |i|n|t|e|r|a|c|t|i|v|e| |w|e|b|r|e|n|d|e|r|,102210fe594ee9b33d82058545b1ed14f4c8206e,LastVisualChange,reddit-billgates-post-1.posts,True,reddit-billgates-post-1.posts LastVisualChange opt cold fission webrender,,77,ms,firefox,454505981.0,1873811493,2024-04-15 00:20:26,585.5,8c457b0d7626241855c3c025a2531eb5f00b8cfc,1408605,,,,,,,,,,,,,,,,,,,,,,,,,,,,,,,,,,,,,,,,,,,,,,,,,,,,,,,,,,,,,TN,TN
autoland,4060512,13,77a9707257b88d3b15060667769a2def98a71cff,windows10-64-shippable-qr,True,False,,|c|o|l|d| |f|i|s|s|i|o|n| |i|n|t|e|r|a|c|t|i|v|e| |w|e|b|r|e|n|d|e|r|,102210fe594ee9b33d82058545b1ed14f4c8206e,LastVisualChange,reddit-billgates-post-1.posts,True,reddit-billgates-post-1.posts LastVisualChange opt cold fission webrender,,77,ms,firefox,454512069.0,1873846498,2024-04-15 05:51:41,568.5,4b17d2a2a7ae64b3c8d364d200a6b97cc636dffd,1408627,,,,,,,,,,,,,,,,,,,,,,,,,,,,,,,,,,,,,,,,,,,,,,,,,,,,,,,,,,,,,TN,TN
autoland,4060512,13,77a9707257b88d3b15060667769a2def98a71cff,windows10-64-shippable-qr,True,False,,|c|o|l|d| |f|i|s|s|i|o|n| |i|n|t|e|r|a|c|t|i|v|e| |w|e|b|r|e|n|d|e|r|,102210fe594ee9b33d82058545b1ed14f4c8206e,LastVisualChange,reddit-billgates-post-1.posts,True,reddit-billgates-post-1.posts LastVisualChange opt cold fission webrender,,77,ms,firefox,454540083.0,1873977739,2024-04-15 10:25:42,1945.2,177f569e862519d4372977ba20b630f95e24ef1c,1408738,,,,,,,,,,,,,,,,,,,,,,,,,,,,,,,,,,,,,,,,,,,,,,,,,,,,,,,,,,,,,TN,TN
autoland,4060512,13,77a9707257b88d3b15060667769a2def98a71cff,windows10-64-shippable-qr,True,False,,|c|o|l|d| |f|i|s|s|i|o|n| |i|n|t|e|r|a|c|t|i|v|e| |w|e|b|r|e|n|d|e|r|,102210fe594ee9b33d82058545b1ed14f4c8206e,LastVisualChange,reddit-billgates-post-1.posts,True,reddit-billgates-post-1.posts LastVisualChange opt cold fission webrender,,77,ms,firefox,454575086.0,1874084428,2024-04-15 14:58:12,589.0,4897460458d13272e6016fd9e4c184c3c41cbd74,1408898,,,,,,,,,,,,,,,,,,,,,,,,,,,,,,,,,,,,,,,,,,,,,,,,,,,,,,,,,,,,,TN,TN
autoland,4060512,13,77a9707257b88d3b15060667769a2def98a71cff,windows10-64-shippable-qr,True,False,,|c|o|l|d| |f|i|s|s|i|o|n| |i|n|t|e|r|a|c|t|i|v|e| |w|e|b|r|e|n|d|e|r|,102210fe594ee9b33d82058545b1ed14f4c8206e,LastVisualChange,reddit-billgates-post-1.posts,True,reddit-billgates-post-1.posts LastVisualChange opt cold fission webrender,,77,ms,firefox,454611680.0,1874270849,2024-04-15 18:18:39,578.4,d49ecc17e4ae83fbccee8ffbe50a119039d1e408,1409057,,,,,,,,,,,,,,,,,,,,,,,,,,,,,,,,,,,,,,,,,,,,,,,,,,,,,,,,,,,,,TN,TN
autoland,4060512,13,77a9707257b88d3b15060667769a2def98a71cff,windows10-64-shippable-qr,True,False,,|c|o|l|d| |f|i|s|s|i|o|n| |i|n|t|e|r|a|c|t|i|v|e| |w|e|b|r|e|n|d|e|r|,102210fe594ee9b33d82058545b1ed14f4c8206e,LastVisualChange,reddit-billgates-post-1.posts,True,reddit-billgates-post-1.posts LastVisualChange opt cold fission webrender,,77,ms,firefox,454619723.0,1874319964,2024-04-15 20:13:44,572.4,8d488b7ac977a67ba128a580f6959fe058df2fe5,1409141,,,,,,,,,,,,,,,,,,,,,,,,,,,,,,,,,,,,,,,,,,,,,,,,,,,,,,,,,,,,,TN,TN
autoland,4060512,13,77a9707257b88d3b15060667769a2def98a71cff,windows10-64-shippable-qr,True,False,,|c|o|l|d| |f|i|s|s|i|o|n| |i|n|t|e|r|a|c|t|i|v|e| |w|e|b|r|e|n|d|e|r|,102210fe594ee9b33d82058545b1ed14f4c8206e,LastVisualChange,reddit-billgates-post-1.posts,True,reddit-billgates-post-1.posts LastVisualChange opt cold fission webrender,,77,ms,firefox,454632236.0,1874399669,2024-04-15 21:50:25,2035.4,547363a98ae60f0645c5cc21aeecffb7e0ddb047,1409212,,,,,,,,,,,,,,,,,,,,,,,,,,,,,,,,,,,,,,,,,,,,,,,,,,,,,,,,,,,,,TN,TN
autoland,4060512,13,77a9707257b88d3b15060667769a2def98a71cff,windows10-64-shippable-qr,True,False,,|c|o|l|d| |f|i|s|s|i|o|n| |i|n|t|e|r|a|c|t|i|v|e| |w|e|b|r|e|n|d|e|r|,102210fe594ee9b33d82058545b1ed14f4c8206e,LastVisualChange,reddit-billgates-post-1.posts,True,reddit-billgates-post-1.posts LastVisualChange opt cold fission webrender,,77,ms,firefox,454646256.0,1874455362,2024-04-16 00:41:18,581.5,5a31505f08c64efa6eb7a8ed02d5e9c0db448e37,1409277,,,,,,,,,,,,,,,,,,,,,,,,,,,,,,,,,,,,,,,,,,,,,,,,,,,,,,,,,,,,,TN,TN
autoland,4060512,13,77a9707257b88d3b15060667769a2def98a71cff,windows10-64-shippable-qr,True,False,,|c|o|l|d| |f|i|s|s|i|o|n| |i|n|t|e|r|a|c|t|i|v|e| |w|e|b|r|e|n|d|e|r|,102210fe594ee9b33d82058545b1ed14f4c8206e,LastVisualChange,reddit-billgates-post-1.posts,True,reddit-billgates-post-1.posts LastVisualChange opt cold fission webrender,,77,ms,firefox,454675848.0,1874580818,2024-04-16 05:04:40,607.7,69a1a1d802b357216fef131d6ad99816defddc1f,1409360,,,,,,,,,,,,,,,,,,,,,,,,,,,,,,,,,,,,,,,,,,,,,,,,,,,,,,,,,,,,,TN,TN
autoland,4060512,13,77a9707257b88d3b15060667769a2def98a71cff,windows10-64-shippable-qr,True,False,,|c|o|l|d| |f|i|s|s|i|o|n| |i|n|t|e|r|a|c|t|i|v|e| |w|e|b|r|e|n|d|e|r|,102210fe594ee9b33d82058545b1ed14f4c8206e,LastVisualChange,reddit-billgates-post-1.posts,True,reddit-billgates-post-1.posts LastVisualChange opt cold fission webrender,,77,ms,firefox,454698518.0,1874650776,2024-04-16 09:18:49,579.0,2949cb403e680d76f7bcb101117ceefeb480b064,1409480,,,,,,,,,,,,,,,,,,,,,,,,,,,,,,,,,,,,,,,,,,,,,,,,,,,,,,,,,,,,,TN,TN
autoland,4060512,13,77a9707257b88d3b15060667769a2def98a71cff,windows10-64-shippable-qr,True,False,,|c|o|l|d| |f|i|s|s|i|o|n| |i|n|t|e|r|a|c|t|i|v|e| |w|e|b|r|e|n|d|e|r|,102210fe594ee9b33d82058545b1ed14f4c8206e,LastVisualChange,reddit-billgates-post-1.posts,True,reddit-billgates-post-1.posts LastVisualChange opt cold fission webrender,,77,ms,firefox,454714006.0,1874722353,2024-04-16 13:28:04,578.7,11d1c89ad8b2dad0cee1caf733cd833e448945eb,1409649,,,,,,,,,,,,,,,,,,,,,,,,,,,,,,,,,,,,,,,,,,,,,,,,,,,,,,,,,,,,,TN,TN
autoland,4060512,13,77a9707257b88d3b15060667769a2def98a71cff,windows10-64-shippable-qr,True,False,,|c|o|l|d| |f|i|s|s|i|o|n| |i|n|t|e|r|a|c|t|i|v|e| |w|e|b|r|e|n|d|e|r|,102210fe594ee9b33d82058545b1ed14f4c8206e,LastVisualChange,reddit-billgates-post-1.posts,True,reddit-billgates-post-1.posts LastVisualChange opt cold fission webrender,,77,ms,firefox,454741374.0,1874899399,2024-04-16 17:33:30,589.1,12c7f0b00cd7ce4e2edde6ff37daf12e807388b1,1409875,,,,,,,,,,,,,,,,,,,,,,,,,,,,,,,,,,,,,,,,,,,,,,,,,,,,,,,,,,,,,TN,TN
autoland,4060512,13,77a9707257b88d3b15060667769a2def98a71cff,windows10-64-shippable-qr,True,False,,|c|o|l|d| |f|i|s|s|i|o|n| |i|n|t|e|r|a|c|t|i|v|e| |w|e|b|r|e|n|d|e|r|,102210fe594ee9b33d82058545b1ed14f4c8206e,LastVisualChange,reddit-billgates-post-1.posts,True,reddit-billgates-post-1.posts LastVisualChange opt cold fission webrender,,77,ms,firefox,454760314.0,1874977340,2024-04-16 20:13:25,586.0,852d3945e38d8d16c4cf17918e862882d7ef363c,1409984,,,,,,,,,,,,,,,,,,,,,,,,,,,,,,,,,,,,,,,,,,,,,,,,,,,,,,,,,,,,,TN,TN
autoland,4060512,13,77a9707257b88d3b15060667769a2def98a71cff,windows10-64-shippable-qr,True,False,,|c|o|l|d| |f|i|s|s|i|o|n| |i|n|t|e|r|a|c|t|i|v|e| |w|e|b|r|e|n|d|e|r|,102210fe594ee9b33d82058545b1ed14f4c8206e,LastVisualChange,reddit-billgates-post-1.posts,True,reddit-billgates-post-1.posts LastVisualChange opt cold fission webrender,,77,ms,firefox,454778168.0,1875068628,2024-04-17 00:00:12,592.4,3f5bf473ca3cf95233298d16ad833028500755e6,1410132,,,,,,,,,,,,,,,,,,,,,,,,,,,,,,,,,,,,,,,,,,,,,,,,,,,,,,,,,,,,,TN,TN
autoland,4060512,13,77a9707257b88d3b15060667769a2def98a71cff,windows10-64-shippable-qr,True,False,,|c|o|l|d| |f|i|s|s|i|o|n| |i|n|t|e|r|a|c|t|i|v|e| |w|e|b|r|e|n|d|e|r|,102210fe594ee9b33d82058545b1ed14f4c8206e,LastVisualChange,reddit-billgates-post-1.posts,True,reddit-billgates-post-1.posts LastVisualChange opt cold fission webrender,,77,ms,firefox,454795102.0,1875183562,2024-04-17 04:14:52,552.0,7900ea0538965c6aba695fd896a6e2833d781007,1410204,,,,,,,,,,,,,,,,,,,,,,,,,,,,,,,,,,,,,,,,,,,,,,,,,,,,,,,,,,,,,TN,TN
autoland,4060512,13,77a9707257b88d3b15060667769a2def98a71cff,windows10-64-shippable-qr,True,False,,|c|o|l|d| |f|i|s|s|i|o|n| |i|n|t|e|r|a|c|t|i|v|e| |w|e|b|r|e|n|d|e|r|,102210fe594ee9b33d82058545b1ed14f4c8206e,LastVisualChange,reddit-billgates-post-1.posts,True,reddit-billgates-post-1.posts LastVisualChange opt cold fission webrender,,77,ms,firefox,454825522.0,1875299054,2024-04-17 08:24:06,586.1,acabdf625d68e5d96c49e0eebb5c71f4286e5ffd,1410333,,,,,,,,,,,,,,,,,,,,,,,,,,,,,,,,,,,,,,,,,,,,,,,,,,,,,,,,,,,,,TN,TN
autoland,4060512,13,77a9707257b88d3b15060667769a2def98a71cff,windows10-64-shippable-qr,True,False,,|c|o|l|d| |f|i|s|s|i|o|n| |i|n|t|e|r|a|c|t|i|v|e| |w|e|b|r|e|n|d|e|r|,102210fe594ee9b33d82058545b1ed14f4c8206e,LastVisualChange,reddit-billgates-post-1.posts,True,reddit-billgates-post-1.posts LastVisualChange opt cold fission webrender,,77,ms,firefox,454960449.0,1875855899,2024-04-17 12:34:17,566.6,4bf7684679058a9cea70efbf2306566e43ddbd57,1410496,,,,,,,,,,,,,,,,,,,,,,,,,,,,,,,,,,,,,,,,,,,,,,,,,,,,,,,,,,,,,TN,TN
autoland,4060512,13,77a9707257b88d3b15060667769a2def98a71cff,windows10-64-shippable-qr,True,False,,|c|o|l|d| |f|i|s|s|i|o|n| |i|n|t|e|r|a|c|t|i|v|e| |w|e|b|r|e|n|d|e|r|,102210fe594ee9b33d82058545b1ed14f4c8206e,LastVisualChange,reddit-billgates-post-1.posts,True,reddit-billgates-post-1.posts LastVisualChange opt cold fission webrender,,77,ms,firefox,454959213.0,1875840038,2024-04-17 12:37:32,558.6,32f820922a96457623c5707ec70ed65ff3537597,1410498,,,,,,,,,,,,,,,,,,,,,,,,,,,,,,,,,,,,,,,,,,,,,,,,,,,,,,,,,,,,,TN,TN
autoland,4060512,13,77a9707257b88d3b15060667769a2def98a71cff,windows10-64-shippable-qr,True,False,,|c|o|l|d| |f|i|s|s|i|o|n| |i|n|t|e|r|a|c|t|i|v|e| |w|e|b|r|e|n|d|e|r|,102210fe594ee9b33d82058545b1ed14f4c8206e,LastVisualChange,reddit-billgates-post-1.posts,True,reddit-billgates-post-1.posts LastVisualChange opt cold fission webrender,,77,ms,firefox,454874215.0,1875477744,2024-04-17 13:57:03,568.3,57f6925a520cf97f4af35e42db00435e817475dc,1410569,,,,,,,,,,,,,,,,,,,,,,,,,,,,,,,,,,,,,,,,,,,,,,,,,,,,,,,,,,,,,TN,TN
autoland,4060512,13,77a9707257b88d3b15060667769a2def98a71cff,windows10-64-shippable-qr,True,False,,|c|o|l|d| |f|i|s|s|i|o|n| |i|n|t|e|r|a|c|t|i|v|e| |w|e|b|r|e|n|d|e|r|,102210fe594ee9b33d82058545b1ed14f4c8206e,LastVisualChange,reddit-billgates-post-1.posts,True,reddit-billgates-post-1.posts LastVisualChange opt cold fission webrender,,77,ms,firefox,454961312.0,1875870010,2024-04-17 13:58:01,561.9,9cb15fbf3387b57dedc490cfbdf02cf3837c4fd9,1410571,,,,,,,,,,,,,,,,,,,,,,,,,,,,,,,,,,,,,,,,,,,,,,,,,,,,,,,,,,,,,TN,TN
autoland,4060512,13,77a9707257b88d3b15060667769a2def98a71cff,windows10-64-shippable-qr,True,False,,|c|o|l|d| |f|i|s|s|i|o|n| |i|n|t|e|r|a|c|t|i|v|e| |w|e|b|r|e|n|d|e|r|,102210fe594ee9b33d82058545b1ed14f4c8206e,LastVisualChange,reddit-billgates-post-1.posts,True,reddit-billgates-post-1.posts LastVisualChange opt cold fission webrender,,77,ms,firefox,454961406.0,1875872416,2024-04-17 14:29:06,594.9,975f45b6eb35d30e4fb742aa8d34792a54cb42d7,1410605,,,,,,,,,,,,,,,,,,,,,,,,,,,,,,,,,,,,,,,,,,,,,,,,,,,,,,,,,,,,,TN,TN
autoland,4060512,13,77a9707257b88d3b15060667769a2def98a71cff,windows10-64-shippable-qr,True,False,,|c|o|l|d| |f|i|s|s|i|o|n| |i|n|t|e|r|a|c|t|i|v|e| |w|e|b|r|e|n|d|e|r|,102210fe594ee9b33d82058545b1ed14f4c8206e,LastVisualChange,reddit-billgates-post-1.posts,True,reddit-billgates-post-1.posts LastVisualChange opt cold fission webrender,,77,ms,firefox,454962253.0,1875884238,2024-04-17 16:46:44,549.4,1d9301697aa0ac99d1a7eba6aa3ddefa0327d4c6,1410713,,,,,,,,,,,,,,,,,,,,,,,,,,,,,,,,,,,,,,,,,,,,,,,,,,,,,,,,,,,,,TN,TN
autoland,4060512,13,77a9707257b88d3b15060667769a2def98a71cff,windows10-64-shippable-qr,True,False,,|c|o|l|d| |f|i|s|s|i|o|n| |i|n|t|e|r|a|c|t|i|v|e| |w|e|b|r|e|n|d|e|r|,102210fe594ee9b33d82058545b1ed14f4c8206e,LastVisualChange,reddit-billgates-post-1.posts,True,reddit-billgates-post-1.posts LastVisualChange opt cold fission webrender,,77,ms,firefox,454959342.0,1875842578,2024-04-17 16:47:37,571.9,d58df5e2d05c48b077fbc55bb4c851270a79904b,1410714,,,,,,,,,,,,,,,,,,,,,,,,,,,,,,,,,,,,,,,,,,,,,,,,,,,,,,,,,,,,,TN,TN
autoland,4060512,13,77a9707257b88d3b15060667769a2def98a71cff,windows10-64-shippable-qr,True,False,,|c|o|l|d| |f|i|s|s|i|o|n| |i|n|t|e|r|a|c|t|i|v|e| |w|e|b|r|e|n|d|e|r|,102210fe594ee9b33d82058545b1ed14f4c8206e,LastVisualChange,reddit-billgates-post-1.posts,True,reddit-billgates-post-1.posts LastVisualChange opt cold fission webrender,,77,ms,firefox,454896990.0,1875568870,2024-04-17 18:33:15,575.3,25500210a453fec07cc9d95612bbe778bae07f71,1410800,,,,,,,,,,,,,,,,,,,,,,,,,,,,,,,,,,,,,,,,,,,,,,,,,,,,,,,,,,,,,TN,TN
autoland,4060512,13,77a9707257b88d3b15060667769a2def98a71cff,windows10-64-shippable-qr,True,False,,|c|o|l|d| |f|i|s|s|i|o|n| |i|n|t|e|r|a|c|t|i|v|e| |w|e|b|r|e|n|d|e|r|,102210fe594ee9b33d82058545b1ed14f4c8206e,LastVisualChange,reddit-billgates-post-1.posts,True,reddit-billgates-post-1.posts LastVisualChange opt cold fission webrender,,77,ms,firefox,454938583.0,1875737809,2024-04-18 00:20:10,575.8,1bf7d54b4913d7994ed2ce4b07f0426fc70b4b7e,1411120,,,,,,,,,,,,,,,,,,,,,,,,,,,,,,,,,,,,,,,,,,,,,,,,,,,,,,,,,,,,,TN,TN
autoland,4060512,13,77a9707257b88d3b15060667769a2def98a71cff,windows10-64-shippable-qr,True,False,,|c|o|l|d| |f|i|s|s|i|o|n| |i|n|t|e|r|a|c|t|i|v|e| |w|e|b|r|e|n|d|e|r|,102210fe594ee9b33d82058545b1ed14f4c8206e,LastVisualChange,reddit-billgates-post-1.posts,True,reddit-billgates-post-1.posts LastVisualChange opt cold fission webrender,,77,ms,firefox,454954393.0,1875807870,2024-04-18 03:49:51,2029.1,12adf93b9ad4085d4f0b493c368533bb040dce46,1411204,,,,,,,,,,,,,,,,,,,,,,,,,,,,,,,,,,,,,,,,,,,,,,,,,,,,,,,,,,,,,TN,TN
autoland,4060512,13,77a9707257b88d3b15060667769a2def98a71cff,windows10-64-shippable-qr,True,False,,|c|o|l|d| |f|i|s|s|i|o|n| |i|n|t|e|r|a|c|t|i|v|e| |w|e|b|r|e|n|d|e|r|,102210fe594ee9b33d82058545b1ed14f4c8206e,LastVisualChange,reddit-billgates-post-1.posts,True,reddit-billgates-post-1.posts LastVisualChange opt cold fission webrender,,77,ms,firefox,454970453.0,1875914218,2024-04-18 07:53:55,591.9,d4cde5148929d0d9587580bca2d37027d7424348,1411277,,,,,,,,,,,,,,,,,,,,,,,,,,,,,,,,,,,,,,,,,,,,,,,,,,,,,,,,,,,,,TN,TN
autoland,4060512,13,77a9707257b88d3b15060667769a2def98a71cff,windows10-64-shippable-qr,True,False,,|c|o|l|d| |f|i|s|s|i|o|n| |i|n|t|e|r|a|c|t|i|v|e| |w|e|b|r|e|n|d|e|r|,102210fe594ee9b33d82058545b1ed14f4c8206e,LastVisualChange,reddit-billgates-post-1.posts,True,reddit-billgates-post-1.posts LastVisualChange opt cold fission webrender,,77,ms,firefox,455011285.0,1876086286,2024-04-18 12:14:33,582.5,123e0c272c21270c6f9a5e2fca3bfbc72c7b5ef9,1411435,,,,,,,,,,,,,,,,,,,,,,,,,,,,,,,,,,,,,,,,,,,,,,,,,,,,,,,,,,,,,TN,TN
autoland,4060512,13,77a9707257b88d3b15060667769a2def98a71cff,windows10-64-shippable-qr,True,False,,|c|o|l|d| |f|i|s|s|i|o|n| |i|n|t|e|r|a|c|t|i|v|e| |w|e|b|r|e|n|d|e|r|,102210fe594ee9b33d82058545b1ed14f4c8206e,LastVisualChange,reddit-billgates-post-1.posts,True,reddit-billgates-post-1.posts LastVisualChange opt cold fission webrender,,77,ms,firefox,455046987.0,1876232672,2024-04-18 15:42:46,555.7,257d3013546c7ec40031343c459162a0b69fa6f2,1411573,,,,,,,,,,,,,,,,,,,,,,,,,,,,,,,,,,,,,,,,,,,,,,,,,,,,,,,,,,,,,TN,TN
autoland,4060512,13,77a9707257b88d3b15060667769a2def98a71cff,windows10-64-shippable-qr,True,False,,|c|o|l|d| |f|i|s|s|i|o|n| |i|n|t|e|r|a|c|t|i|v|e| |w|e|b|r|e|n|d|e|r|,102210fe594ee9b33d82058545b1ed14f4c8206e,LastVisualChange,reddit-billgates-post-1.posts,True,reddit-billgates-post-1.posts LastVisualChange opt cold fission webrender,,77,ms,firefox,455065638.0,1876309254,2024-04-18 18:28:28,577.8,0f5d446707971afc1fab01c0a28b208101241b8a,1411727,,,,,,,,,,,,,,,,,,,,,,,,,,,,,,,,,,,,,,,,,,,,,,,,,,,,,,,,,,,,,TN,TN
autoland,4060512,13,77a9707257b88d3b15060667769a2def98a71cff,windows10-64-shippable-qr,True,False,,|c|o|l|d| |f|i|s|s|i|o|n| |i|n|t|e|r|a|c|t|i|v|e| |w|e|b|r|e|n|d|e|r|,102210fe594ee9b33d82058545b1ed14f4c8206e,LastVisualChange,reddit-billgates-post-1.posts,True,reddit-billgates-post-1.posts LastVisualChange opt cold fission webrender,,77,ms,firefox,455117240.0,1876753741,2024-04-18 18:38:31,579.0,1161842c1c20d7700df1b0815fc6ac6cb35706ab,1411735,,,,,,,,,,,,,,,,,,,,,,,,,,,,,,,,,,,,,,,,,,,,,,,,,,,,,,,,,,,,,TN,TN
autoland,4060512,13,77a9707257b88d3b15060667769a2def98a71cff,windows10-64-shippable-qr,True,False,,|c|o|l|d| |f|i|s|s|i|o|n| |i|n|t|e|r|a|c|t|i|v|e| |w|e|b|r|e|n|d|e|r|,102210fe594ee9b33d82058545b1ed14f4c8206e,LastVisualChange,reddit-billgates-post-1.posts,True,reddit-billgates-post-1.posts LastVisualChange opt cold fission webrender,,77,ms,firefox,455117785.0,1876761898,2024-04-18 18:49:22,595.1,83b9c7e20aec8a8544ef8cbe7b065c56df94db97,1411745,,,,,,,,,,,,,,,,,,,,,,,,,,,,,,,,,,,,,,,,,,,,,,,,,,,,,,,,,,,,,TN,TN
autoland,4060512,13,77a9707257b88d3b15060667769a2def98a71cff,windows10-64-shippable-qr,True,False,,|c|o|l|d| |f|i|s|s|i|o|n| |i|n|t|e|r|a|c|t|i|v|e| |w|e|b|r|e|n|d|e|r|,102210fe594ee9b33d82058545b1ed14f4c8206e,LastVisualChange,reddit-billgates-post-1.posts,True,reddit-billgates-post-1.posts LastVisualChange opt cold fission webrender,,77,ms,firefox,455116880.0,1876739370,2024-04-18 21:12:29,574.0,9f733bac89327bde042222de14857bc9838c6cdb,1411840,,,,,,,,,,,,,,,,,,,,,,,,,,,,,,,,,,,,,,,,,,,,,,,,,,,,,,,,,,,,,TN,TN
autoland,4060512,13,77a9707257b88d3b15060667769a2def98a71cff,windows10-64-shippable-qr,True,False,,|c|o|l|d| |f|i|s|s|i|o|n| |i|n|t|e|r|a|c|t|i|v|e| |w|e|b|r|e|n|d|e|r|,102210fe594ee9b33d82058545b1ed14f4c8206e,LastVisualChange,reddit-billgates-post-1.posts,True,reddit-billgates-post-1.posts LastVisualChange opt cold fission webrender,,77,ms,firefox,455111825.0,1876667434,2024-04-18 21:13:34,554.8,bb8f4afc1b2b8fb8965b67c3f8cc898cef63a5b3,1411843,,,,,,,,,,,,,,,,,,,,,,,,,,,,,,,,,,,,,,,,,,,,,,,,,,,,,,,,,,,,,TN,TN
autoland,4060512,13,77a9707257b88d3b15060667769a2def98a71cff,windows10-64-shippable-qr,True,False,,|c|o|l|d| |f|i|s|s|i|o|n| |i|n|t|e|r|a|c|t|i|v|e| |w|e|b|r|e|n|d|e|r|,102210fe594ee9b33d82058545b1ed14f4c8206e,LastVisualChange,reddit-billgates-post-1.posts,True,reddit-billgates-post-1.posts LastVisualChange opt cold fission webrender,,77,ms,firefox,455087851.0,1876450915,2024-04-18 21:15:15,565.5,eed297665148d999a1c59d7d6e66f6973e0dd84c,1411845,,,,,,,,,,,,,,,,,,,,,,,,,,,,,,,,,,,,,,,,,,,,,,,,,,,,,,,,,,,,,TN,TN
autoland,4060512,13,77a9707257b88d3b15060667769a2def98a71cff,windows10-64-shippable-qr,True,False,,|c|o|l|d| |f|i|s|s|i|o|n| |i|n|t|e|r|a|c|t|i|v|e| |w|e|b|r|e|n|d|e|r|,102210fe594ee9b33d82058545b1ed14f4c8206e,LastVisualChange,reddit-billgates-post-1.posts,True,reddit-billgates-post-1.posts LastVisualChange opt cold fission webrender,,77,ms,firefox,455109520.0,1876631798,2024-04-19 01:55:54,563.1,3e097fca93b9af809ad16ed1d5f0bdd874f8f8e2,1411981,,,,,,,,,,,,,,,,,,,,,,,,,,,,,,,,,,,,,,,,,,,,,,,,,,,,,,,,,,,,,TN,TN
autoland,4060512,13,77a9707257b88d3b15060667769a2def98a71cff,windows10-64-shippable-qr,True,False,,|c|o|l|d| |f|i|s|s|i|o|n| |i|n|t|e|r|a|c|t|i|v|e| |w|e|b|r|e|n|d|e|r|,102210fe594ee9b33d82058545b1ed14f4c8206e,LastVisualChange,reddit-billgates-post-1.posts,True,reddit-billgates-post-1.posts LastVisualChange opt cold fission webrender,,77,ms,firefox,455120045.0,1876799601,2024-04-19 06:08:52,603.0,99364906cd1d11016d0fc2dc03a8b7fd11705aa4,1412057,,,,,,,,,,,,,,,,,,,,,,,,,,,,,,,,,,,,,,,,,,,,,,,,,,,,,,,,,,,,,TN,TN
autoland,4060512,13,77a9707257b88d3b15060667769a2def98a71cff,windows10-64-shippable-qr,True,False,,|c|o|l|d| |f|i|s|s|i|o|n| |i|n|t|e|r|a|c|t|i|v|e| |w|e|b|r|e|n|d|e|r|,102210fe594ee9b33d82058545b1ed14f4c8206e,LastVisualChange,reddit-billgates-post-1.posts,True,reddit-billgates-post-1.posts LastVisualChange opt cold fission webrender,,77,ms,firefox,455148152.0,1876959950,2024-04-19 10:27:22,1982.6,465ebfc7da3d3a6de812574016249ab37ab8605c,1412150,,,,,,,,,,,,,,,,,,,,,,,,,,,,,,,,,,,,,,,,,,,,,,,,,,,,,,,,,,,,,TN,TN
autoland,4060512,13,77a9707257b88d3b15060667769a2def98a71cff,windows10-64-shippable-qr,True,False,,|c|o|l|d| |f|i|s|s|i|o|n| |i|n|t|e|r|a|c|t|i|v|e| |w|e|b|r|e|n|d|e|r|,102210fe594ee9b33d82058545b1ed14f4c8206e,LastVisualChange,reddit-billgates-post-1.posts,True,reddit-billgates-post-1.posts LastVisualChange opt cold fission webrender,,77,ms,firefox,455185360.0,1877091176,2024-04-19 14:48:08,574.5,4b196ac64ccbf1061ee2c2835e31fe8b071b9099,1412270,,,,,,,,,,,,,,,,,,,,,,,,,,,,,,,,,,,,,,,,,,,,,,,,,,,,,,,,,,,,,TN,TN
autoland,4060512,13,77a9707257b88d3b15060667769a2def98a71cff,windows10-64-shippable-qr,True,False,,|c|o|l|d| |f|i|s|s|i|o|n| |i|n|t|e|r|a|c|t|i|v|e| |w|e|b|r|e|n|d|e|r|,102210fe594ee9b33d82058545b1ed14f4c8206e,LastVisualChange,reddit-billgates-post-1.posts,True,reddit-billgates-post-1.posts LastVisualChange opt cold fission webrender,,77,ms,firefox,455214988.0,1877255884,2024-04-19 18:48:31,614.5,cf54488baa94dff90075eb1c2e96afc7353a4eee,1412477,,,,,,,,,,,,,,,,,,,,,,,,,,,,,,,,,,,,,,,,,,,,,,,,,,,,,,,,,,,,,TN,TN
autoland,4060512,13,77a9707257b88d3b15060667769a2def98a71cff,windows10-64-shippable-qr,True,False,,|c|o|l|d| |f|i|s|s|i|o|n| |i|n|t|e|r|a|c|t|i|v|e| |w|e|b|r|e|n|d|e|r|,102210fe594ee9b33d82058545b1ed14f4c8206e,LastVisualChange,reddit-billgates-post-1.posts,True,reddit-billgates-post-1.posts LastVisualChange opt cold fission webrender,,77,ms,firefox,455243081.0,1877432194,2024-04-19 22:58:06,575.6,fd56e5907d69d8a14032cc7ec308f013a266ee16,1412613,,,,,,,,,,,,,,,,,,,,,,,,,,,,,,,,,,,,,,,,,,,,,,,,,,,,,,,,,,,,,TN,TN
autoland,4060512,13,77a9707257b88d3b15060667769a2def98a71cff,windows10-64-shippable-qr,True,False,,|c|o|l|d| |f|i|s|s|i|o|n| |i|n|t|e|r|a|c|t|i|v|e| |w|e|b|r|e|n|d|e|r|,102210fe594ee9b33d82058545b1ed14f4c8206e,LastVisualChange,reddit-billgates-post-1.posts,True,reddit-billgates-post-1.posts LastVisualChange opt cold fission webrender,,77,ms,firefox,455253662.0,1877511014,2024-04-20 05:31:24,592.5,4797f0a19ccc6dca6f6aa6710f76967e23ba6276,1412701,,,,,,,,,,,,,,,,,,,,,,,,,,,,,,,,,,,,,,,,,,,,,,,,,,,,,,,,,,,,,TN,TN
autoland,4060512,13,77a9707257b88d3b15060667769a2def98a71cff,windows10-64-shippable-qr,True,False,,|c|o|l|d| |f|i|s|s|i|o|n| |i|n|t|e|r|a|c|t|i|v|e| |w|e|b|r|e|n|d|e|r|,102210fe594ee9b33d82058545b1ed14f4c8206e,LastVisualChange,reddit-billgates-post-1.posts,True,reddit-billgates-post-1.posts LastVisualChange opt cold fission webrender,,77,ms,firefox,455283768.0,1877628233,2024-04-20 15:42:35,643.5,f5d9ea237d971478f314e77299398079989b786c,1412749,,,,,,,,,,,,,,,,,,,,,,,,,,,,,,,,,,,,,,,,,,,,,,,,,,,,,,,,,,,,,TN,TN
autoland,4060512,13,77a9707257b88d3b15060667769a2def98a71cff,windows10-64-shippable-qr,True,False,,|c|o|l|d| |f|i|s|s|i|o|n| |i|n|t|e|r|a|c|t|i|v|e| |w|e|b|r|e|n|d|e|r|,102210fe594ee9b33d82058545b1ed14f4c8206e,LastVisualChange,reddit-billgates-post-1.posts,True,reddit-billgates-post-1.posts LastVisualChange opt cold fission webrender,,77,ms,firefox,455289403.0,1877669744,2024-04-21 00:18:25,562.1,65ceed609eb489d653eefc7e22fa34f869027a26,1412781,,,,,,,,,,,,,,,,,,,,,,,,,,,,,,,,,,,,,,,,,,,,,,,,,,,,,,,,,,,,,TN,TN
autoland,4060512,13,77a9707257b88d3b15060667769a2def98a71cff,windows10-64-shippable-qr,True,False,,|c|o|l|d| |f|i|s|s|i|o|n| |i|n|t|e|r|a|c|t|i|v|e| |w|e|b|r|e|n|d|e|r|,102210fe594ee9b33d82058545b1ed14f4c8206e,LastVisualChange,reddit-billgates-post-1.posts,True,reddit-billgates-post-1.posts LastVisualChange opt cold fission webrender,,77,ms,firefox,455326027.0,1877867571,2024-04-21 21:40:30,582.2,400d4e6908a3aef8f83ae4db204d62e3e028f704,1412843,,,,,,,,,,,,,,,,,,,,,,,,,,,,,,,,,,,,,,,,,,,,,,,,,,,,,,,,,,,,,TN,TN
autoland,4060512,13,77a9707257b88d3b15060667769a2def98a71cff,windows10-64-shippable-qr,True,False,,|c|o|l|d| |f|i|s|s|i|o|n| |i|n|t|e|r|a|c|t|i|v|e| |w|e|b|r|e|n|d|e|r|,102210fe594ee9b33d82058545b1ed14f4c8206e,LastVisualChange,reddit-billgates-post-1.posts,True,reddit-billgates-post-1.posts LastVisualChange opt cold fission webrender,,77,ms,firefox,455334824.0,1877950844,2024-04-22 04:00:04,577.7,d4a6129fdbbe32300d5069df6ce47dd92f665c96,1412913,,,,,,,,,,,,,,,,,,,,,,,,,,,,,,,,,,,,,,,,,,,,,,,,,,,,,,,,,,,,,TN,TN
autoland,4060512,13,77a9707257b88d3b15060667769a2def98a71cff,windows10-64-shippable-qr,True,False,,|c|o|l|d| |f|i|s|s|i|o|n| |i|n|t|e|r|a|c|t|i|v|e| |w|e|b|r|e|n|d|e|r|,102210fe594ee9b33d82058545b1ed14f4c8206e,LastVisualChange,reddit-billgates-post-1.posts,True,reddit-billgates-post-1.posts LastVisualChange opt cold fission webrender,,77,ms,firefox,455348770.0,1878020546,2024-04-22 08:07:09,585.6,5a83d047329402d960e6c402c6deb27927a436c9,1412944,,,,,,,,,,,,,,,,,,,,,,,,,,,,,,,,,,,,,,,,,,,,,,,,,,,,,,,,,,,,,TN,TN
autoland,4060512,13,77a9707257b88d3b15060667769a2def98a71cff,windows10-64-shippable-qr,True,False,,|c|o|l|d| |f|i|s|s|i|o|n| |i|n|t|e|r|a|c|t|i|v|e| |w|e|b|r|e|n|d|e|r|,102210fe594ee9b33d82058545b1ed14f4c8206e,LastVisualChange,reddit-billgates-post-1.posts,True,reddit-billgates-post-1.posts LastVisualChange opt cold fission webrender,,77,ms,firefox,455389483.0,1878172132,2024-04-22 12:07:57,568.3,1c34b0b26d5a556ee695c70bd744ca9f129f456e,1413048,,,,,,,,,,,,,,,,,,,,,,,,,,,,,,,,,,,,,,,,,,,,,,,,,,,,,,,,,,,,,TN,TN
autoland,4060512,13,77a9707257b88d3b15060667769a2def98a71cff,windows10-64-shippable-qr,True,False,,|c|o|l|d| |f|i|s|s|i|o|n| |i|n|t|e|r|a|c|t|i|v|e| |w|e|b|r|e|n|d|e|r|,102210fe594ee9b33d82058545b1ed14f4c8206e,LastVisualChange,reddit-billgates-post-1.posts,True,reddit-billgates-post-1.posts LastVisualChange opt cold fission webrender,,77,ms,firefox,455489668.0,1878670742,2024-04-22 15:49:08,578.6,074b8a59783fe1d8f28029851f978ffe9241e3ad,1413205,,,,,,,,,,,,,,,,,,,,,,,,,,,,,,,,,,,,,,,,,,,,,,,,,,,,,,,,,,,,,TN,TN
autoland,4060512,13,77a9707257b88d3b15060667769a2def98a71cff,windows10-64-shippable-qr,True,False,,|c|o|l|d| |f|i|s|s|i|o|n| |i|n|t|e|r|a|c|t|i|v|e| |w|e|b|r|e|n|d|e|r|,102210fe594ee9b33d82058545b1ed14f4c8206e,LastVisualChange,reddit-billgates-post-1.posts,True,reddit-billgates-post-1.posts LastVisualChange opt cold fission webrender,,77,ms,firefox,455489799.0,1878673115,2024-04-22 16:00:04,2025.9,936f17cdc5b5d160df1a4947540a1d24b6394d57,1413215,,,,,,,,,,,,,,,,,,,,,,,,,,,,,,,,,,,,,,,,,,,,,,,,,,,,,,,,,,,,,TN,TN
autoland,4060512,13,77a9707257b88d3b15060667769a2def98a71cff,windows10-64-shippable-qr,True,False,,|c|o|l|d| |f|i|s|s|i|o|n| |i|n|t|e|r|a|c|t|i|v|e| |w|e|b|r|e|n|d|e|r|,102210fe594ee9b33d82058545b1ed14f4c8206e,LastVisualChange,reddit-billgates-post-1.posts,True,reddit-billgates-post-1.posts LastVisualChange opt cold fission webrender,,77,ms,firefox,455438118.0,1878373089,2024-04-22 19:20:17,562.4,ed724b89a2c25252a6eab99f0fa48f85f2523b66,1413379,,,,,,,,,,,,,,,,,,,,,,,,,,,,,,,,,,,,,,,,,,,,,,,,,,,,,,,,,,,,,TN,TN
autoland,4060512,13,77a9707257b88d3b15060667769a2def98a71cff,windows10-64-shippable-qr,True,False,,|c|o|l|d| |f|i|s|s|i|o|n| |i|n|t|e|r|a|c|t|i|v|e| |w|e|b|r|e|n|d|e|r|,102210fe594ee9b33d82058545b1ed14f4c8206e,LastVisualChange,reddit-billgates-post-1.posts,True,reddit-billgates-post-1.posts LastVisualChange opt cold fission webrender,,77,ms,firefox,455469786.0,1878520476,2024-04-22 23:20:55,621.0,294255d7250372c7cd6256cb6d1da23325d1f728,1413581,,,,,,,,,,,,,,,,,,,,,,,,,,,,,,,,,,,,,,,,,,,,,,,,,,,,,,,,,,,,,TN,TN
autoland,4060512,13,77a9707257b88d3b15060667769a2def98a71cff,windows10-64-shippable-qr,True,False,,|c|o|l|d| |f|i|s|s|i|o|n| |i|n|t|e|r|a|c|t|i|v|e| |w|e|b|r|e|n|d|e|r|,102210fe594ee9b33d82058545b1ed14f4c8206e,LastVisualChange,reddit-billgates-post-1.posts,True,reddit-billgates-post-1.posts LastVisualChange opt cold fission webrender,,77,ms,firefox,455487951.0,1878642401,2024-04-23 03:59:43,535.4,074d29b6e81d7fbf5ac7dea664ffea6a59b41b80,1413693,,,,,,,,,,,,,,,,,,,,,,,,,,,,,,,,,,,,,,,,,,,,,,,,,,,,,,,,,,,,,TN,TN
autoland,4060512,13,77a9707257b88d3b15060667769a2def98a71cff,windows10-64-shippable-qr,True,False,,|c|o|l|d| |f|i|s|s|i|o|n| |i|n|t|e|r|a|c|t|i|v|e| |w|e|b|r|e|n|d|e|r|,102210fe594ee9b33d82058545b1ed14f4c8206e,LastVisualChange,reddit-billgates-post-1.posts,True,reddit-billgates-post-1.posts LastVisualChange opt cold fission webrender,,77,ms,firefox,455500680.0,1878745046,2024-04-23 08:01:00,562.5,5519716422b3e14060894caded45bac7a3aeb773,1413770,,,,,,,,,,,,,,,,,,,,,,,,,,,,,,,,,,,,,,,,,,,,,,,,,,,,,,,,,,,,,TN,TN
autoland,4060512,13,77a9707257b88d3b15060667769a2def98a71cff,windows10-64-shippable-qr,True,False,,|c|o|l|d| |f|i|s|s|i|o|n| |i|n|t|e|r|a|c|t|i|v|e| |w|e|b|r|e|n|d|e|r|,102210fe594ee9b33d82058545b1ed14f4c8206e,LastVisualChange,reddit-billgates-post-1.posts,True,reddit-billgates-post-1.posts LastVisualChange opt cold fission webrender,,77,ms,firefox,455540581.0,1878879699,2024-04-23 11:54:58,579.2,d0b5d121d8fc8ffddbec3e026a455ecfe0071347,1413921,,,,,,,,,,,,,,,,,,,,,,,,,,,,,,,,,,,,,,,,,,,,,,,,,,,,,,,,,,,,,TN,TN
autoland,4060512,13,77a9707257b88d3b15060667769a2def98a71cff,windows10-64-shippable-qr,True,False,,|c|o|l|d| |f|i|s|s|i|o|n| |i|n|t|e|r|a|c|t|i|v|e| |w|e|b|r|e|n|d|e|r|,102210fe594ee9b33d82058545b1ed14f4c8206e,LastVisualChange,reddit-billgates-post-1.posts,True,reddit-billgates-post-1.posts LastVisualChange opt cold fission webrender,,77,ms,firefox,455633253.0,1879465906,2024-04-23 13:23:36,584.5,3670eb21452ed6a6d994b7c9197e9eb8dce496fc,1413985,,,,,,,,,,,,,,,,,,,,,,,,,,,,,,,,,,,,,,,,,,,,,,,,,,,,,,,,,,,,,TN,TN
autoland,4060512,13,77a9707257b88d3b15060667769a2def98a71cff,windows10-64-shippable-qr,True,False,,|c|o|l|d| |f|i|s|s|i|o|n| |i|n|t|e|r|a|c|t|i|v|e| |w|e|b|r|e|n|d|e|r|,102210fe594ee9b33d82058545b1ed14f4c8206e,LastVisualChange,reddit-billgates-post-1.posts,True,reddit-billgates-post-1.posts LastVisualChange opt cold fission webrender,,77,ms,firefox,455633487.0,1879479613,2024-04-23 13:24:27,572.5,403992af097e07dbee379c1772c8ff1b21690142,1413988,,,,,,,,,,,,,,,,,,,,,,,,,,,,,,,,,,,,,,,,,,,,,,,,,,,,,,,,,,,,,TN,TN
autoland,4060512,13,77a9707257b88d3b15060667769a2def98a71cff,windows10-64-shippable-qr,True,False,,|c|o|l|d| |f|i|s|s|i|o|n| |i|n|t|e|r|a|c|t|i|v|e| |w|e|b|r|e|n|d|e|r|,102210fe594ee9b33d82058545b1ed14f4c8206e,LastVisualChange,reddit-billgates-post-1.posts,True,reddit-billgates-post-1.posts LastVisualChange opt cold fission webrender,,77,ms,firefox,455563285.0,1879044497,2024-04-23 15:44:45,576.4,058dc2e8394c7361874508e49f2bbbfc3173f1a9,1414120,,,,,,,,,,,,,,,,,,,,,,,,,,,,,,,,,,,,,,,,,,,,,,,,,,,,,,,,,,,,,TN,TN
autoland,4060512,13,77a9707257b88d3b15060667769a2def98a71cff,windows10-64-shippable-qr,True,False,,|c|o|l|d| |f|i|s|s|i|o|n| |i|n|t|e|r|a|c|t|i|v|e| |w|e|b|r|e|n|d|e|r|,102210fe594ee9b33d82058545b1ed14f4c8206e,LastVisualChange,reddit-billgates-post-1.posts,True,reddit-billgates-post-1.posts LastVisualChange opt cold fission webrender,,77,ms,firefox,455587471.0,1879207441,2024-04-23 18:21:27,566.0,1c40eb01d534a1c361c5c6fe0b3fdc64aed2c883,1414216,,,,,,,,,,,,,,,,,,,,,,,,,,,,,,,,,,,,,,,,,,,,,,,,,,,,,,,,,,,,,TN,TN
autoland,4060512,13,77a9707257b88d3b15060667769a2def98a71cff,windows10-64-shippable-qr,True,False,,|c|o|l|d| |f|i|s|s|i|o|n| |i|n|t|e|r|a|c|t|i|v|e| |w|e|b|r|e|n|d|e|r|,102210fe594ee9b33d82058545b1ed14f4c8206e,LastVisualChange,reddit-billgates-post-1.posts,True,reddit-billgates-post-1.posts LastVisualChange opt cold fission webrender,,77,ms,firefox,455614561.0,1879338102,2024-04-23 22:59:53,589.2,b516592332299274cdbcfd113f1d8a97cc0ee8af,1414419,,,,,,,,,,,,,,,,,,,,,,,,,,,,,,,,,,,,,,,,,,,,,,,,,,,,,,,,,,,,,TN,TN
autoland,4060512,13,77a9707257b88d3b15060667769a2def98a71cff,windows10-64-shippable-qr,True,False,,|c|o|l|d| |f|i|s|s|i|o|n| |i|n|t|e|r|a|c|t|i|v|e| |w|e|b|r|e|n|d|e|r|,102210fe594ee9b33d82058545b1ed14f4c8206e,LastVisualChange,reddit-billgates-post-1.posts,True,reddit-billgates-post-1.posts LastVisualChange opt cold fission webrender,,77,ms,firefox,455629142.0,1879417055,2024-04-24 03:55:37,597.0,3de3f9428f138bf269718fceb36c5112a195ca37,1414529,,,,,,,,,,,,,,,,,,,,,,,,,,,,,,,,,,,,,,,,,,,,,,,,,,,,,,,,,,,,,TN,TN
autoland,4060512,13,77a9707257b88d3b15060667769a2def98a71cff,windows10-64-shippable-qr,True,False,,|c|o|l|d| |f|i|s|s|i|o|n| |i|n|t|e|r|a|c|t|i|v|e| |w|e|b|r|e|n|d|e|r|,102210fe594ee9b33d82058545b1ed14f4c8206e,LastVisualChange,reddit-billgates-post-1.posts,True,reddit-billgates-post-1.posts LastVisualChange opt cold fission webrender,,77,ms,firefox,455653797.0,1879591407,2024-04-24 07:56:15,558.8,fd7d96cffddb9a76a1ecc148c3b284e8003fe6b9,1414632,,,,,,,,,,,,,,,,,,,,,,,,,,,,,,,,,,,,,,,,,,,,,,,,,,,,,,,,,,,,,TN,TN
autoland,4060512,13,77a9707257b88d3b15060667769a2def98a71cff,windows10-64-shippable-qr,True,False,,|c|o|l|d| |f|i|s|s|i|o|n| |i|n|t|e|r|a|c|t|i|v|e| |w|e|b|r|e|n|d|e|r|,102210fe594ee9b33d82058545b1ed14f4c8206e,LastVisualChange,reddit-billgates-post-1.posts,True,reddit-billgates-post-1.posts LastVisualChange opt cold fission webrender,,77,ms,firefox,455698924.0,1879776901,2024-04-24 12:15:38,575.7,87963547052db96296ae50e55c8266cbfc3bd922,1414844,,,,,,,,,,,,,,,,,,,,,,,,,,,,,,,,,,,,,,,,,,,,,,,,,,,,,,,,,,,,,TN,TN
autoland,4060512,13,77a9707257b88d3b15060667769a2def98a71cff,windows10-64-shippable-qr,True,False,,|c|o|l|d| |f|i|s|s|i|o|n| |i|n|t|e|r|a|c|t|i|v|e| |w|e|b|r|e|n|d|e|r|,102210fe594ee9b33d82058545b1ed14f4c8206e,LastVisualChange,reddit-billgates-post-1.posts,True,reddit-billgates-post-1.posts LastVisualChange opt cold fission webrender,,77,ms,firefox,455757961.0,146967,2024-04-25 00:20:54,586.0,ec5140ea1b1384a44d1ce6e0271fc97472399e96,1415370,,,,,,,,,,,,,,,,,,,,,,,,,,,,,,,,,,,,,,,,,,,,,,,,,,,,,,,,,,,,,TN,TN
autoland,4060512,13,77a9707257b88d3b15060667769a2def98a71cff,windows10-64-shippable-qr,True,False,,|c|o|l|d| |f|i|s|s|i|o|n| |i|n|t|e|r|a|c|t|i|v|e| |w|e|b|r|e|n|d|e|r|,102210fe594ee9b33d82058545b1ed14f4c8206e,LastVisualChange,reddit-billgates-post-1.posts,True,reddit-billgates-post-1.posts LastVisualChange opt cold fission webrender,,77,ms,firefox,455774574.0,212794,2024-04-25 02:34:18,2015.1,cffa531d3b2e833bda2b3f035d37edb92f838428,1415633,,,,,,,,,,,,,,,,,,,,,,,,,,,,,,,,,,,,,,,,,,,,,,,,,,,,,,,,,,,,,TN,TN
autoland,4060512,13,77a9707257b88d3b15060667769a2def98a71cff,windows10-64-shippable-qr,True,False,,|c|o|l|d| |f|i|s|s|i|o|n| |i|n|t|e|r|a|c|t|i|v|e| |w|e|b|r|e|n|d|e|r|,102210fe594ee9b33d82058545b1ed14f4c8206e,LastVisualChange,reddit-billgates-post-1.posts,True,reddit-billgates-post-1.posts LastVisualChange opt cold fission webrender,,77,ms,firefox,455789638.0,305828,2024-04-25 05:01:58,562.0,792c9892791495e8f13e77e5a78bfda83ab7a455,1415718,,,,,,,,,,,,,,,,,,,,,,,,,,,,,,,,,,,,,,,,,,,,,,,,,,,,,,,,,,,,,TN,TN
autoland,4060512,13,77a9707257b88d3b15060667769a2def98a71cff,windows10-64-shippable-qr,True,False,,|c|o|l|d| |f|i|s|s|i|o|n| |i|n|t|e|r|a|c|t|i|v|e| |w|e|b|r|e|n|d|e|r|,102210fe594ee9b33d82058545b1ed14f4c8206e,LastVisualChange,reddit-billgates-post-1.posts,True,reddit-billgates-post-1.posts LastVisualChange opt cold fission webrender,,77,ms,firefox,455809274.0,476096,2024-04-25 09:09:49,564.6,5b0d6bb6f3780aaf074d79548381fd6e7a565b85,1415822,,,,,,,,,,,,,,,,,,,,,,,,,,,,,,,,,,,,,,,,,,,,,,,,,,,,,,,,,,,,,TN,TN
autoland,4060512,13,77a9707257b88d3b15060667769a2def98a71cff,windows10-64-shippable-qr,True,False,,|c|o|l|d| |f|i|s|s|i|o|n| |i|n|t|e|r|a|c|t|i|v|e| |w|e|b|r|e|n|d|e|r|,102210fe594ee9b33d82058545b1ed14f4c8206e,LastVisualChange,reddit-billgates-post-1.posts,True,reddit-billgates-post-1.posts LastVisualChange opt cold fission webrender,,77,ms,firefox,455865182.0,683622,2024-04-25 13:10:04,548.8,88f7b12683ce863c6ca742ac14e176ee045383bd,1416008,,,,,,,,,,,,,,,,,,,,,,,,,,,,,,,,,,,,,,,,,,,,,,,,,,,,,,,,,,,,,TN,TN
autoland,4060512,13,77a9707257b88d3b15060667769a2def98a71cff,windows10-64-shippable-qr,True,False,,|c|o|l|d| |f|i|s|s|i|o|n| |i|n|t|e|r|a|c|t|i|v|e| |w|e|b|r|e|n|d|e|r|,102210fe594ee9b33d82058545b1ed14f4c8206e,LastVisualChange,reddit-billgates-post-1.posts,True,reddit-billgates-post-1.posts LastVisualChange opt cold fission webrender,,77,ms,firefox,455955485.0,1103955,2024-04-25 15:42:52,598.5,a913463932b70a4b7504d40b66173c0b20e76894,1416136,,,,,,,,,,,,,,,,,,,,,,,,,,,,,,,,,,,,,,,,,,,,,,,,,,,,,,,,,,,,,TN,TN
autoland,4060512,13,77a9707257b88d3b15060667769a2def98a71cff,windows10-64-shippable-qr,True,False,,|c|o|l|d| |f|i|s|s|i|o|n| |i|n|t|e|r|a|c|t|i|v|e| |w|e|b|r|e|n|d|e|r|,102210fe594ee9b33d82058545b1ed14f4c8206e,LastVisualChange,reddit-billgates-post-1.posts,True,reddit-billgates-post-1.posts LastVisualChange opt cold fission webrender,,77,ms,firefox,455956506.0,1118616,2024-04-25 15:59:28,554.8,b743d99059effb91581a29dcf6595a01d5c1716d,1416150,,,,,,,,,,,,,,,,,,,,,,,,,,,,,,,,,,,,,,,,,,,,,,,,,,,,,,,,,,,,,TN,TN
autoland,4060512,13,77a9707257b88d3b15060667769a2def98a71cff,windows10-64-shippable-qr,True,False,,|c|o|l|d| |f|i|s|s|i|o|n| |i|n|t|e|r|a|c|t|i|v|e| |w|e|b|r|e|n|d|e|r|,102210fe594ee9b33d82058545b1ed14f4c8206e,LastVisualChange,reddit-billgates-post-1.posts,True,reddit-billgates-post-1.posts LastVisualChange opt cold fission webrender,,77,ms,firefox,455879455.0,761196,2024-04-25 16:29:00,564.9,6611338ffbdafbbc5b82211b1c255353bdb30763,1416183,,,,,,,,,,,,,,,,,,,,,,,,,,,,,,,,,,,,,,,,,,,,,,,,,,,,,,,,,,,,,TN,TN
autoland,4060512,13,77a9707257b88d3b15060667769a2def98a71cff,windows10-64-shippable-qr,True,False,,|c|o|l|d| |f|i|s|s|i|o|n| |i|n|t|e|r|a|c|t|i|v|e| |w|e|b|r|e|n|d|e|r|,102210fe594ee9b33d82058545b1ed14f4c8206e,LastVisualChange,reddit-billgates-post-1.posts,True,reddit-billgates-post-1.posts LastVisualChange opt cold fission webrender,,77,ms,firefox,455929442.0,951499,2024-04-25 21:12:20,1996.0,6a497992821d53c3704819a4f43c6a7d3234c5a2,1416361,,,,,,,,,,,,,,,,,,,,,,,,,,,,,,,,,,,,,,,,,,,,,,,,,,,,,,,,,,,,,TN,TN
autoland,4060512,13,77a9707257b88d3b15060667769a2def98a71cff,windows10-64-shippable-qr,True,False,,|c|o|l|d| |f|i|s|s|i|o|n| |i|n|t|e|r|a|c|t|i|v|e| |w|e|b|r|e|n|d|e|r|,102210fe594ee9b33d82058545b1ed14f4c8206e,LastVisualChange,reddit-billgates-post-1.posts,True,reddit-billgates-post-1.posts LastVisualChange opt cold fission webrender,,77,ms,firefox,455944019.0,1025426,2024-04-26 01:33:24,564.9,b89431ee0f24bcb481d894ad21288e4f09e1960d,1416487,,,,,,,,,,,,,,,,,,,,,,,,,,,,,,,,,,,,,,,,,,,,,,,,,,,,,,,,,,,,,TN,TN
autoland,4060512,13,77a9707257b88d3b15060667769a2def98a71cff,windows10-64-shippable-qr,True,False,,|c|o|l|d| |f|i|s|s|i|o|n| |i|n|t|e|r|a|c|t|i|v|e| |w|e|b|r|e|n|d|e|r|,102210fe594ee9b33d82058545b1ed14f4c8206e,LastVisualChange,reddit-billgates-post-1.posts,True,reddit-billgates-post-1.posts LastVisualChange opt cold fission webrender,,77,ms,firefox,455960813.0,1141144,2024-04-26 05:34:38,567.9,ed2448d27fe2e034cd5804dc7310c3f72ac2eaa5,1416537,,,,,,,,,,,,,,,,,,,,,,,,,,,,,,,,,,,,,,,,,,,,,,,,,,,,,,,,,,,,,TN,TN
autoland,4060512,13,77a9707257b88d3b15060667769a2def98a71cff,windows10-64-shippable-qr,True,False,,|c|o|l|d| |f|i|s|s|i|o|n| |i|n|t|e|r|a|c|t|i|v|e| |w|e|b|r|e|n|d|e|r|,102210fe594ee9b33d82058545b1ed14f4c8206e,LastVisualChange,reddit-billgates-post-1.posts,True,reddit-billgates-post-1.posts LastVisualChange opt cold fission webrender,,77,ms,firefox,455998555.0,1307432,2024-04-26 09:39:43,571.5,c8be3827903b85cfb4313957b4f308f696d3b0fe,1416671,,,,,,,,,,,,,,,,,,,,,,,,,,,,,,,,,,,,,,,,,,,,,,,,,,,,,,,,,,,,,TN,TN
autoland,4060512,13,77a9707257b88d3b15060667769a2def98a71cff,windows10-64-shippable-qr,True,False,,|c|o|l|d| |f|i|s|s|i|o|n| |i|n|t|e|r|a|c|t|i|v|e| |w|e|b|r|e|n|d|e|r|,102210fe594ee9b33d82058545b1ed14f4c8206e,LastVisualChange,reddit-billgates-post-1.posts,True,reddit-billgates-post-1.posts LastVisualChange opt cold fission webrender,,77,ms,firefox,456031157.0,1423619,2024-04-26 13:51:38,579.4,462f013c08cacd7abfae1f2d1bf26354372a829f,1416831,,,,,,,,,,,,,,,,,,,,,,,,,,,,,,,,,,,,,,,,,,,,,,,,,,,,,,,,,,,,,TN,TN
autoland,4060512,13,77a9707257b88d3b15060667769a2def98a71cff,windows10-64-shippable-qr,True,False,,|c|o|l|d| |f|i|s|s|i|o|n| |i|n|t|e|r|a|c|t|i|v|e| |w|e|b|r|e|n|d|e|r|,102210fe594ee9b33d82058545b1ed14f4c8206e,LastVisualChange,reddit-billgates-post-1.posts,True,reddit-billgates-post-1.posts LastVisualChange opt cold fission webrender,,77,ms,firefox,456055966.0,1538139,2024-04-26 17:53:01,564.5,ed101e266315213d1ad0a423c49bade6ff5df172,1417003,,,,,,,,,,,,,,,,,,,,,,,,,,,,,,,,,,,,,,,,,,,,,,,,,,,,,,,,,,,,,TN,TN
autoland,4060512,13,77a9707257b88d3b15060667769a2def98a71cff,windows10-64-shippable-qr,True,False,,|c|o|l|d| |f|i|s|s|i|o|n| |i|n|t|e|r|a|c|t|i|v|e| |w|e|b|r|e|n|d|e|r|,102210fe594ee9b33d82058545b1ed14f4c8206e,LastVisualChange,reddit-billgates-post-1.posts,True,reddit-billgates-post-1.posts LastVisualChange opt cold fission webrender,,77,ms,firefox,456082654.0,1670137,2024-04-26 22:54:36,585.4,7b85c82d731ddab976c6abe7e54685cacaebba41,1417188,,,,,,,,,,,,,,,,,,,,,,,,,,,,,,,,,,,,,,,,,,,,,,,,,,,,,,,,,,,,,TN,TN
autoland,4060512,13,77a9707257b88d3b15060667769a2def98a71cff,windows10-64-shippable-qr,True,False,,|c|o|l|d| |f|i|s|s|i|o|n| |i|n|t|e|r|a|c|t|i|v|e| |w|e|b|r|e|n|d|e|r|,102210fe594ee9b33d82058545b1ed14f4c8206e,LastVisualChange,reddit-billgates-post-1.posts,True,reddit-billgates-post-1.posts LastVisualChange opt cold fission webrender,,77,ms,firefox,456094335.0,1754846,2024-04-27 03:46:15,1992.7,45defed78aafc90410c68310027bf771bcfc5968,1417229,,,,,,,,,,,,,,,,,,,,,,,,,,,,,,,,,,,,,,,,,,,,,,,,,,,,,,,,,,,,,TN,TN
autoland,4060512,13,77a9707257b88d3b15060667769a2def98a71cff,windows10-64-shippable-qr,True,False,,|c|o|l|d| |f|i|s|s|i|o|n| |i|n|t|e|r|a|c|t|i|v|e| |w|e|b|r|e|n|d|e|r|,102210fe594ee9b33d82058545b1ed14f4c8206e,LastVisualChange,reddit-billgates-post-1.posts,True,reddit-billgates-post-1.posts LastVisualChange opt cold fission webrender,,77,ms,firefox,456116501.0,1851763,2024-04-27 10:47:32,558.6,b694b588a2936a5c99a0ecf2d9d8fb6382a2bff4,1417256,,,,,,,,,,,,,,,,,,,,,,,,,,,,,,,,,,,,,,,,,,,,,,,,,,,,,,,,,,,,,TN,TN
autoland,4060512,13,77a9707257b88d3b15060667769a2def98a71cff,windows10-64-shippable-qr,True,False,,|c|o|l|d| |f|i|s|s|i|o|n| |i|n|t|e|r|a|c|t|i|v|e| |w|e|b|r|e|n|d|e|r|,102210fe594ee9b33d82058545b1ed14f4c8206e,LastVisualChange,reddit-billgates-post-1.posts,True,reddit-billgates-post-1.posts LastVisualChange opt cold fission webrender,,77,ms,firefox,456136424.0,1948544,2024-04-27 18:43:51,575.1,69bb72420e433fa8d66fff354e5ce90402289ac1,1417294,,,,,,,,,,,,,,,,,,,,,,,,,,,,,,,,,,,,,,,,,,,,,,,,,,,,,,,,,,,,,TN,TN
autoland,4060512,13,77a9707257b88d3b15060667769a2def98a71cff,windows10-64-shippable-qr,True,False,,|c|o|l|d| |f|i|s|s|i|o|n| |i|n|t|e|r|a|c|t|i|v|e| |w|e|b|r|e|n|d|e|r|,102210fe594ee9b33d82058545b1ed14f4c8206e,LastVisualChange,reddit-billgates-post-1.posts,True,reddit-billgates-post-1.posts LastVisualChange opt cold fission webrender,,77,ms,firefox,456151276.0,2018003,2024-04-27 22:45:22,596.1,8256dde0533523666a60914881f81717e1705f8a,1417317,,,,,,,,,,,,,,,,,,,,,,,,,,,,,,,,,,,,,,,,,,,,,,,,,,,,,,,,,,,,,TN,TN
autoland,4060512,13,77a9707257b88d3b15060667769a2def98a71cff,windows10-64-shippable-qr,True,False,,|c|o|l|d| |f|i|s|s|i|o|n| |i|n|t|e|r|a|c|t|i|v|e| |w|e|b|r|e|n|d|e|r|,102210fe594ee9b33d82058545b1ed14f4c8206e,LastVisualChange,reddit-billgates-post-1.posts,True,reddit-billgates-post-1.posts LastVisualChange opt cold fission webrender,,77,ms,firefox,456157180.0,2048419,2024-04-28 03:23:06,581.5,d1651fe33156a2aab5884ab1eaaaa8c5dd64631d,1417329,,,,,,,,,,,,,,,,,,,,,,,,,,,,,,,,,,,,,,,,,,,,,,,,,,,,,,,,,,,,,TN,TN
autoland,4060512,13,77a9707257b88d3b15060667769a2def98a71cff,windows10-64-shippable-qr,True,False,,|c|o|l|d| |f|i|s|s|i|o|n| |i|n|t|e|r|a|c|t|i|v|e| |w|e|b|r|e|n|d|e|r|,102210fe594ee9b33d82058545b1ed14f4c8206e,LastVisualChange,reddit-billgates-post-1.posts,True,reddit-billgates-post-1.posts LastVisualChange opt cold fission webrender,,77,ms,firefox,456181043.0,2150570,2024-04-28 10:04:44,562.3,e479324bc8bb9135d7a48ad8ebc677725f27de37,1417378,,,,,,,,,,,,,,,,,,,,,,,,,,,,,,,,,,,,,,,,,,,,,,,,,,,,,,,,,,,,,TN,TN
autoland,4060512,13,77a9707257b88d3b15060667769a2def98a71cff,windows10-64-shippable-qr,True,False,,|c|o|l|d| |f|i|s|s|i|o|n| |i|n|t|e|r|a|c|t|i|v|e| |w|e|b|r|e|n|d|e|r|,102210fe594ee9b33d82058545b1ed14f4c8206e,LastVisualChange,reddit-billgates-post-1.posts,True,reddit-billgates-post-1.posts LastVisualChange opt cold fission webrender,,77,ms,firefox,456187922.0,2184319,2024-04-28 14:13:44,2018.1,f157e5d64220507743654737cdd9b5e74f4f3ed5,1417383,,,,,,,,,,,,,,,,,,,,,,,,,,,,,,,,,,,,,,,,,,,,,,,,,,,,,,,,,,,,,TN,TN
autoland,4060512,13,77a9707257b88d3b15060667769a2def98a71cff,windows10-64-shippable-qr,True,False,,|c|o|l|d| |f|i|s|s|i|o|n| |i|n|t|e|r|a|c|t|i|v|e| |w|e|b|r|e|n|d|e|r|,102210fe594ee9b33d82058545b1ed14f4c8206e,LastVisualChange,reddit-billgates-post-1.posts,True,reddit-billgates-post-1.posts LastVisualChange opt cold fission webrender,,77,ms,firefox,456192012.0,2217377,2024-04-28 19:02:33,572.1,717a883474bedbbf5f420ffd52c76d3f6d4b910d,1417402,,,,,,,,,,,,,,,,,,,,,,,,,,,,,,,,,,,,,,,,,,,,,,,,,,,,,,,,,,,,,TN,TN
autoland,4060512,13,77a9707257b88d3b15060667769a2def98a71cff,windows10-64-shippable-qr,True,False,,|c|o|l|d| |f|i|s|s|i|o|n| |i|n|t|e|r|a|c|t|i|v|e| |w|e|b|r|e|n|d|e|r|,102210fe594ee9b33d82058545b1ed14f4c8206e,LastVisualChange,reddit-billgates-post-1.posts,True,reddit-billgates-post-1.posts LastVisualChange opt cold fission webrender,,77,ms,firefox,456208329.0,2287904,2024-04-29 00:22:43,609.3,0481d43263e16ab0b359e3c85888197704857817,1417434,,,,,,,,,,,,,,,,,,,,,,,,,,,,,,,,,,,,,,,,,,,,,,,,,,,,,,,,,,,,,TN,TN
autoland,4060512,13,77a9707257b88d3b15060667769a2def98a71cff,windows10-64-shippable-qr,True,False,,|c|o|l|d| |f|i|s|s|i|o|n| |i|n|t|e|r|a|c|t|i|v|e| |w|e|b|r|e|n|d|e|r|,102210fe594ee9b33d82058545b1ed14f4c8206e,LastVisualChange,reddit-billgates-post-1.posts,True,reddit-billgates-post-1.posts LastVisualChange opt cold fission webrender,,77,ms,firefox,456217099.0,2357918,2024-04-29 06:17:09,576.8,6b17c605c084e2db078b234e703a176d3b427fe1,1417456,,,,,,,,,,,,,,,,,,,,,,,,,,,,,,,,,,,,,,,,,,,,,,,,,,,,,,,,,,,,,TN,TN
autoland,4060512,13,77a9707257b88d3b15060667769a2def98a71cff,windows10-64-shippable-qr,True,False,,|c|o|l|d| |f|i|s|s|i|o|n| |i|n|t|e|r|a|c|t|i|v|e| |w|e|b|r|e|n|d|e|r|,102210fe594ee9b33d82058545b1ed14f4c8206e,LastVisualChange,reddit-billgates-post-1.posts,True,reddit-billgates-post-1.posts LastVisualChange opt cold fission webrender,,77,ms,firefox,456250526.0,2532263,2024-04-29 10:38:34,564.8,04a668ef9c909b54153526f6b4e28b4287e80664,1417565,,,,,,,,,,,,,,,,,,,,,,,,,,,,,,,,,,,,,,,,,,,,,,,,,,,,,,,,,,,,,TN,TN
autoland,4060512,13,77a9707257b88d3b15060667769a2def98a71cff,windows10-64-shippable-qr,True,False,,|c|o|l|d| |f|i|s|s|i|o|n| |i|n|t|e|r|a|c|t|i|v|e| |w|e|b|r|e|n|d|e|r|,102210fe594ee9b33d82058545b1ed14f4c8206e,LastVisualChange,reddit-billgates-post-1.posts,True,reddit-billgates-post-1.posts LastVisualChange opt cold fission webrender,,77,ms,firefox,456295088.0,2687701,2024-04-29 14:46:23,554.8,650dda9187436a12c66c2e81441e68e1d481e164,1417768,,,,,,,,,,,,,,,,,,,,,,,,,,,,,,,,,,,,,,,,,,,,,,,,,,,,,,,,,,,,,TN,TN
autoland,4060512,13,77a9707257b88d3b15060667769a2def98a71cff,windows10-64-shippable-qr,True,False,,|c|o|l|d| |f|i|s|s|i|o|n| |i|n|t|e|r|a|c|t|i|v|e| |w|e|b|r|e|n|d|e|r|,102210fe594ee9b33d82058545b1ed14f4c8206e,LastVisualChange,reddit-billgates-post-1.posts,True,reddit-billgates-post-1.posts LastVisualChange opt cold fission webrender,,77,ms,firefox,456379495.0,3145975,2024-04-29 14:47:47,575.6,efdaf7a2b304f9e71ba7b718af54373670cf6f93,1417771,,,,,,,,,,,,,,,,,,,,,,,,,,,,,,,,,,,,,,,,,,,,,,,,,,,,,,,,,,,,,TN,TN
autoland,4060512,13,77a9707257b88d3b15060667769a2def98a71cff,windows10-64-shippable-qr,True,False,,|c|o|l|d| |f|i|s|s|i|o|n| |i|n|t|e|r|a|c|t|i|v|e| |w|e|b|r|e|n|d|e|r|,102210fe594ee9b33d82058545b1ed14f4c8206e,LastVisualChange,reddit-billgates-post-1.posts,True,reddit-billgates-post-1.posts LastVisualChange opt cold fission webrender,,77,ms,firefox,456379836.0,3150113,2024-04-29 15:00:21,572.4,dc425d760d0918fee1c46e930cf3badd1f1f0fb9,1417778,,,,,,,,,,,,,,,,,,,,,,,,,,,,,,,,,,,,,,,,,,,,,,,,,,,,,,,,,,,,,TN,TN
autoland,4060512,13,77a9707257b88d3b15060667769a2def98a71cff,windows10-64-shippable-qr,True,False,,|c|o|l|d| |f|i|s|s|i|o|n| |i|n|t|e|r|a|c|t|i|v|e| |w|e|b|r|e|n|d|e|r|,102210fe594ee9b33d82058545b1ed14f4c8206e,LastVisualChange,reddit-billgates-post-1.posts,True,reddit-billgates-post-1.posts LastVisualChange opt cold fission webrender,,77,ms,firefox,456339287.0,2962836,2024-04-29 19:52:22,582.6,e9cdeeb2f957d210479897325c1d72ded8f512a4,1418020,,,,,,,,,,,,,,,,,,,,,,,,,,,,,,,,,,,,,,,,,,,,,,,,,,,,,,,,,,,,,TN,TN
autoland,4060512,13,77a9707257b88d3b15060667769a2def98a71cff,windows10-64-shippable-qr,True,False,,|c|o|l|d| |f|i|s|s|i|o|n| |i|n|t|e|r|a|c|t|i|v|e| |w|e|b|r|e|n|d|e|r|,102210fe594ee9b33d82058545b1ed14f4c8206e,LastVisualChange,reddit-billgates-post-1.posts,True,reddit-billgates-post-1.posts LastVisualChange opt cold fission webrender,,77,ms,firefox,456368071.0,3069909,2024-04-30 00:02:50,575.6,660a39c9cdc7fc3c728c5da5ccaa8856854fa346,1418169,,,,,,,,,,,,,,,,,,,,,,,,,,,,,,,,,,,,,,,,,,,,,,,,,,,,,,,,,,,,,TN,TN
autoland,4060512,13,77a9707257b88d3b15060667769a2def98a71cff,windows10-64-shippable-qr,True,False,,|c|o|l|d| |f|i|s|s|i|o|n| |i|n|t|e|r|a|c|t|i|v|e| |w|e|b|r|e|n|d|e|r|,102210fe594ee9b33d82058545b1ed14f4c8206e,LastVisualChange,reddit-billgates-post-1.posts,True,reddit-billgates-post-1.posts LastVisualChange opt cold fission webrender,,77,ms,firefox,456379296.0,3135163,2024-04-30 05:00:53,579.2,0c6cd807867dbaf592b3c7db4eef81220fe03acf,1418256,,,,,,,,,,,,,,,,,,,,,,,,,,,,,,,,,,,,,,,,,,,,,,,,,,,,,,,,,,,,,TN,TN
autoland,4060512,13,77a9707257b88d3b15060667769a2def98a71cff,windows10-64-shippable-qr,True,False,,|c|o|l|d| |f|i|s|s|i|o|n| |i|n|t|e|r|a|c|t|i|v|e| |w|e|b|r|e|n|d|e|r|,102210fe594ee9b33d82058545b1ed14f4c8206e,LastVisualChange,reddit-billgates-post-1.posts,True,reddit-billgates-post-1.posts LastVisualChange opt cold fission webrender,,77,ms,firefox,456398253.0,3242905,2024-04-30 09:02:30,562.5,5502377f2629549b2b7c5368c980d0487ed281d4,1418348,,,,,,,,,,,,,,,,,,,,,,,,,,,,,,,,,,,,,,,,,,,,,,,,,,,,,,,,,,,,,TN,TN
autoland,4060512,13,77a9707257b88d3b15060667769a2def98a71cff,windows10-64-shippable-qr,True,False,,|c|o|l|d| |f|i|s|s|i|o|n| |i|n|t|e|r|a|c|t|i|v|e| |w|e|b|r|e|n|d|e|r|,102210fe594ee9b33d82058545b1ed14f4c8206e,LastVisualChange,reddit-billgates-post-1.posts,True,reddit-billgates-post-1.posts LastVisualChange opt cold fission webrender,,77,ms,firefox,456524913.0,3982827,2024-04-30 09:34:04,551.3,26390589f165128dffd39f91181ed9c9daf7afaa,1418368,,,,,,,,,,,,,,,,,,,,,,,,,,,,,,,,,,,,,,,,,,,,,,,,,,,,,,,,,,,,,TN,TN
autoland,4060512,13,77a9707257b88d3b15060667769a2def98a71cff,windows10-64-shippable-qr,True,False,,|c|o|l|d| |f|i|s|s|i|o|n| |i|n|t|e|r|a|c|t|i|v|e| |w|e|b|r|e|n|d|e|r|,102210fe594ee9b33d82058545b1ed14f4c8206e,LastVisualChange,reddit-billgates-post-1.posts,True,reddit-billgates-post-1.posts LastVisualChange opt cold fission webrender,,77,ms,firefox,456524953.0,3984675,2024-04-30 10:38:29,568.7,d642b8b54c96cbe8ecce5112f12979726ab9eec9,1418396,,,,,,,,,,,,,,,,,,,,,,,,,,,,,,,,,,,,,,,,,,,,,,,,,,,,,,,,,,,,,TN,TN
autoland,4060512,13,77a9707257b88d3b15060667769a2def98a71cff,windows10-64-shippable-qr,True,False,,|c|o|l|d| |f|i|s|s|i|o|n| |i|n|t|e|r|a|c|t|i|v|e| |w|e|b|r|e|n|d|e|r|,102210fe594ee9b33d82058545b1ed14f4c8206e,LastVisualChange,reddit-billgates-post-1.posts,True,reddit-billgates-post-1.posts LastVisualChange opt cold fission webrender,,77,ms,firefox,456450255.0,3437736,2024-04-30 13:09:55,585.8,df31c6244c03bc65932fec706fefedf091587459,1418487,,,,,,,,,,,,,,,,,,,,,,,,,,,,,,,,,,,,,,,,,,,,,,,,,,,,,,,,,,,,,TN,TN
autoland,4060512,13,77a9707257b88d3b15060667769a2def98a71cff,windows10-64-shippable-qr,True,False,,|c|o|l|d| |f|i|s|s|i|o|n| |i|n|t|e|r|a|c|t|i|v|e| |w|e|b|r|e|n|d|e|r|,102210fe594ee9b33d82058545b1ed14f4c8206e,LastVisualChange,reddit-billgates-post-1.posts,True,reddit-billgates-post-1.posts LastVisualChange opt cold fission webrender,,77,ms,firefox,456525203.0,3990641,2024-04-30 15:40:12,1978.7,c6a1a0587644242ad8f8fc0bcf0a94c8e485fc19,1418640,,,,,,,,,,,,,,,,,,,,,,,,,,,,,,,,,,,,,,,,,,,,,,,,,,,,,,,,,,,,,TN,TN
autoland,4060512,13,77a9707257b88d3b15060667769a2def98a71cff,windows10-64-shippable-qr,True,False,,|c|o|l|d| |f|i|s|s|i|o|n| |i|n|t|e|r|a|c|t|i|v|e| |w|e|b|r|e|n|d|e|r|,102210fe594ee9b33d82058545b1ed14f4c8206e,LastVisualChange,reddit-billgates-post-1.posts,True,reddit-billgates-post-1.posts LastVisualChange opt cold fission webrender,,77,ms,firefox,456525428.0,3999539,2024-04-30 15:58:16,1985.6,ba7ae57dce0dd88946407baf4899d321ca533e03,1418659,,,,,,,,,,,,,,,,,,,,,,,,,,,,,,,,,,,,,,,,,,,,,,,,,,,,,,,,,,,,,TN,TN
autoland,4060512,13,77a9707257b88d3b15060667769a2def98a71cff,windows10-64-shippable-qr,True,False,,|c|o|l|d| |f|i|s|s|i|o|n| |i|n|t|e|r|a|c|t|i|v|e| |w|e|b|r|e|n|d|e|r|,102210fe594ee9b33d82058545b1ed14f4c8206e,LastVisualChange,reddit-billgates-post-1.posts,True,reddit-billgates-post-1.posts LastVisualChange opt cold fission webrender,,77,ms,firefox,456564142.0,4022898,2024-04-30 16:26:23,572.9,8f7500d7e530d9db7e5101922db97ea633705f4e,1418685,,,,,,,,,,,,,,,,,,,,,,,,,,,,,,,,,,,,,,,,,,,,,,,,,,,,,,,,,,,,,TN,TN
autoland,4060512,13,77a9707257b88d3b15060667769a2def98a71cff,windows10-64-shippable-qr,True,False,,|c|o|l|d| |f|i|s|s|i|o|n| |i|n|t|e|r|a|c|t|i|v|e| |w|e|b|r|e|n|d|e|r|,102210fe594ee9b33d82058545b1ed14f4c8206e,LastVisualChange,reddit-billgates-post-1.posts,True,reddit-billgates-post-1.posts LastVisualChange opt cold fission webrender,,77,ms,firefox,456483264.0,3960838,2024-04-30 19:24:53,565.0,ec8f015d7e7237118cd2c9633310bf3b43bc902b,1418797,,,,,,,,,,,,,,,,,,,,,,,,,,,,,,,,,,,,,,,,,,,,,,,,,,,,,,,,,,,,,TN,TN
autoland,4060512,13,77a9707257b88d3b15060667769a2def98a71cff,windows10-64-shippable-qr,True,False,,|c|o|l|d| |f|i|s|s|i|o|n| |i|n|t|e|r|a|c|t|i|v|e| |w|e|b|r|e|n|d|e|r|,102210fe594ee9b33d82058545b1ed14f4c8206e,LastVisualChange,reddit-billgates-post-1.posts,True,reddit-billgates-post-1.posts LastVisualChange opt cold fission webrender,,77,ms,firefox,456514500.0,3971565,2024-04-30 23:32:26,587.0,cd22a3f9463d7df724c7e17c83b6f9d8fe0dd54e,1418926,,,,,,,,,,,,,,,,,,,,,,,,,,,,,,,,,,,,,,,,,,,,,,,,,,,,,,,,,,,,,TN,TN
autoland,4060512,13,77a9707257b88d3b15060667769a2def98a71cff,windows10-64-shippable-qr,True,False,,|c|o|l|d| |f|i|s|s|i|o|n| |i|n|t|e|r|a|c|t|i|v|e| |w|e|b|r|e|n|d|e|r|,102210fe594ee9b33d82058545b1ed14f4c8206e,LastVisualChange,reddit-billgates-post-1.posts,True,reddit-billgates-post-1.posts LastVisualChange opt cold fission webrender,,77,ms,firefox,456524028.0,3973972,2024-05-01 03:47:22,575.0,5801de1f3daa092cf721149dc96e7b073c172a92,1419018,,,,,,,,,,,,,,,,,,,,,,,,,,,,,,,,,,,,,,,,,,,,,,,,,,,,,,,,,,,,,TN,TN
autoland,4060512,13,77a9707257b88d3b15060667769a2def98a71cff,windows10-64-shippable-qr,True,False,,|c|o|l|d| |f|i|s|s|i|o|n| |i|n|t|e|r|a|c|t|i|v|e| |w|e|b|r|e|n|d|e|r|,102210fe594ee9b33d82058545b1ed14f4c8206e,LastVisualChange,reddit-billgates-post-1.posts,True,reddit-billgates-post-1.posts LastVisualChange opt cold fission webrender,,77,ms,firefox,456540124.0,4001451,2024-05-01 07:50:28,568.3,287f670c824ebf9c8dbde990f795f92c94af4882,1419058,,,,,,,,,,,,,,,,,,,,,,,,,,,,,,,,,,,,,,,,,,,,,,,,,,,,,,,,,,,,,TN,TN
autoland,4060512,13,77a9707257b88d3b15060667769a2def98a71cff,windows10-64-shippable-qr,True,False,,|c|o|l|d| |f|i|s|s|i|o|n| |i|n|t|e|r|a|c|t|i|v|e| |w|e|b|r|e|n|d|e|r|,102210fe594ee9b33d82058545b1ed14f4c8206e,LastVisualChange,reddit-billgates-post-1.posts,True,reddit-billgates-post-1.posts LastVisualChange opt cold fission webrender,,77,ms,firefox,456581130.0,4097160,2024-05-01 18:27:07,578.7,0c09216614e40f92d253d63a3699eb680be6773a,1419281,,,,,,,,,,,,,,,,,,,,,,,,,,,,,,,,,,,,,,,,,,,,,,,,,,,,,,,,,,,,,TN,TN
autoland,4060512,13,77a9707257b88d3b15060667769a2def98a71cff,windows10-64-shippable-qr,True,False,,|c|o|l|d| |f|i|s|s|i|o|n| |i|n|t|e|r|a|c|t|i|v|e| |w|e|b|r|e|n|d|e|r|,102210fe594ee9b33d82058545b1ed14f4c8206e,LastVisualChange,reddit-billgates-post-1.posts,True,reddit-billgates-post-1.posts LastVisualChange opt cold fission webrender,,77,ms,firefox,456605342.0,4237198,2024-05-01 20:27:27,1968.5,b8f4a7d4d873dccbf25b9bc2f3510753c2b3fde7,1419379,,,,,,,,,,,,,,,,,,,,,,,,,,,,,,,,,,,,,,,,,,,,,,,,,,,,,,,,,,,,,TN,TN
autoland,4060512,13,77a9707257b88d3b15060667769a2def98a71cff,windows10-64-shippable-qr,True,False,,|c|o|l|d| |f|i|s|s|i|o|n| |i|n|t|e|r|a|c|t|i|v|e| |w|e|b|r|e|n|d|e|r|,102210fe594ee9b33d82058545b1ed14f4c8206e,LastVisualChange,reddit-billgates-post-1.posts,True,reddit-billgates-post-1.posts LastVisualChange opt cold fission webrender,,77,ms,firefox,456638320.0,4392148,2024-05-01 22:41:28,571.8,c20a8162786c1c65c5f6de523fe04ed01e365e70,1419434,,,,,,,,,,,,,,,,,,,,,,,,,,,,,,,,,,,,,,,,,,,,,,,,,,,,,,,,,,,,,TN,TN
autoland,4060512,13,77a9707257b88d3b15060667769a2def98a71cff,windows10-64-shippable-qr,True,False,,|c|o|l|d| |f|i|s|s|i|o|n| |i|n|t|e|r|a|c|t|i|v|e| |w|e|b|r|e|n|d|e|r|,102210fe594ee9b33d82058545b1ed14f4c8206e,LastVisualChange,reddit-billgates-post-1.posts,True,reddit-billgates-post-1.posts LastVisualChange opt cold fission webrender,,77,ms,firefox,456637355.0,4383446,2024-05-01 22:42:15,575.1,cc7310ddf9a3d299491efc7c2b1279cef8b05ae7,1419435,,,,,,,,,,,,,,,,,,,,,,,,,,,,,,,,,,,,,,,,,,,,,,,,,,,,,,,,,,,,,TN,TN
autoland,4060512,13,77a9707257b88d3b15060667769a2def98a71cff,windows10-64-shippable-qr,True,False,,|c|o|l|d| |f|i|s|s|i|o|n| |i|n|t|e|r|a|c|t|i|v|e| |w|e|b|r|e|n|d|e|r|,102210fe594ee9b33d82058545b1ed14f4c8206e,LastVisualChange,reddit-billgates-post-1.posts,True,reddit-billgates-post-1.posts LastVisualChange opt cold fission webrender,,77,ms,firefox,456638740.0,4406812,2024-05-01 22:43:04,575.3,f873ea171aa0a79e19d6d38f0801893b0fb7127f,1419437,,,,,,,,,,,,,,,,,,,,,,,,,,,,,,,,,,,,,,,,,,,,,,,,,,,,,,,,,,,,,TN,TN
autoland,4060512,13,77a9707257b88d3b15060667769a2def98a71cff,windows10-64-shippable-qr,True,False,,|c|o|l|d| |f|i|s|s|i|o|n| |i|n|t|e|r|a|c|t|i|v|e| |w|e|b|r|e|n|d|e|r|,102210fe594ee9b33d82058545b1ed14f4c8206e,LastVisualChange,reddit-billgates-post-1.posts,True,reddit-billgates-post-1.posts LastVisualChange opt cold fission webrender,,77,ms,firefox,456615902.0,4285432,2024-05-01 23:13:57,565.2,533fbd9c5056d0b2611e332cddafd7337193d64f,1419453,,,,,,,,,,,,,,,,,,,,,,,,,,,,,,,,,,,,,,,,,,,,,,,,,,,,,,,,,,,,,TN,TN
autoland,4060512,13,77a9707257b88d3b15060667769a2def98a71cff,windows10-64-shippable-qr,True,False,,|c|o|l|d| |f|i|s|s|i|o|n| |i|n|t|e|r|a|c|t|i|v|e| |w|e|b|r|e|n|d|e|r|,102210fe594ee9b33d82058545b1ed14f4c8206e,LastVisualChange,reddit-billgates-post-1.posts,True,reddit-billgates-post-1.posts LastVisualChange opt cold fission webrender,,77,ms,firefox,456638914.0,4413122,2024-05-02 04:22:12,594.8,dda5d5286866494223d6cc52382d52032d961218,1419529,,,,,,,,,,,,,,,,,,,,,,,,,,,,,,,,,,,,,,,,,,,,,,,,,,,,,,,,,,,,,TN,TN
autoland,4060512,13,77a9707257b88d3b15060667769a2def98a71cff,windows10-64-shippable-qr,True,False,,|c|o|l|d| |f|i|s|s|i|o|n| |i|n|t|e|r|a|c|t|i|v|e| |w|e|b|r|e|n|d|e|r|,102210fe594ee9b33d82058545b1ed14f4c8206e,LastVisualChange,reddit-billgates-post-1.posts,True,reddit-billgates-post-1.posts LastVisualChange opt cold fission webrender,,77,ms,firefox,456663596.0,4579613,2024-05-02 08:48:43,568.9,8f1e622a3413df009913d856f603c77b8e637efc,1419618,,,,,,,,,,,,,,,,,,,,,,,,,,,,,,,,,,,,,,,,,,,,,,,,,,,,,,,,,,,,,TN,TN
autoland,4060512,13,77a9707257b88d3b15060667769a2def98a71cff,windows10-64-shippable-qr,True,False,,|c|o|l|d| |f|i|s|s|i|o|n| |i|n|t|e|r|a|c|t|i|v|e| |w|e|b|r|e|n|d|e|r|,102210fe594ee9b33d82058545b1ed14f4c8206e,LastVisualChange,reddit-billgates-post-1.posts,True,reddit-billgates-post-1.posts LastVisualChange opt cold fission webrender,,77,ms,firefox,456699884.0,4783145,2024-05-02 12:53:32,568.9,ea25d02dac47e6880ab5b936adc308c24cbeab32,1419765,,,,,,,,,,,,,,,,,,,,,,,,,,,,,,,,,,,,,,,,,,,,,,,,,,,,,,,,,,,,,TN,TN
autoland,4060512,13,77a9707257b88d3b15060667769a2def98a71cff,windows10-64-shippable-qr,True,False,,|c|o|l|d| |f|i|s|s|i|o|n| |i|n|t|e|r|a|c|t|i|v|e| |w|e|b|r|e|n|d|e|r|,102210fe594ee9b33d82058545b1ed14f4c8206e,LastVisualChange,reddit-billgates-post-1.posts,True,reddit-billgates-post-1.posts LastVisualChange opt cold fission webrender,,77,ms,firefox,456721386.0,4876038,2024-05-02 15:44:03,568.4,91cfcfc5935b5ac51c36c1a08a064c33a2d96fd5,1419950,,,,,,,,,,,,,,,,,,,,,,,,,,,,,,,,,,,,,,,,,,,,,,,,,,,,,,,,,,,,,TN,TN
autoland,4060512,13,77a9707257b88d3b15060667769a2def98a71cff,windows10-64-shippable-qr,True,False,,|c|o|l|d| |f|i|s|s|i|o|n| |i|n|t|e|r|a|c|t|i|v|e| |w|e|b|r|e|n|d|e|r|,102210fe594ee9b33d82058545b1ed14f4c8206e,LastVisualChange,reddit-billgates-post-1.posts,True,reddit-billgates-post-1.posts LastVisualChange opt cold fission webrender,,77,ms,firefox,456738975.0,4976294,2024-05-02 17:57:36,585.3,3a0b95c0a8b3e334c5811a26420f39aaba7e5be3,1420053,,,,,,,,,,,,,,,,,,,,,,,,,,,,,,,,,,,,,,,,,,,,,,,,,,,,,,,,,,,,,TN,TN
autoland,4060512,13,77a9707257b88d3b15060667769a2def98a71cff,windows10-64-shippable-qr,True,False,,|c|o|l|d| |f|i|s|s|i|o|n| |i|n|t|e|r|a|c|t|i|v|e| |w|e|b|r|e|n|d|e|r|,102210fe594ee9b33d82058545b1ed14f4c8206e,LastVisualChange,reddit-billgates-post-1.posts,True,reddit-billgates-post-1.posts LastVisualChange opt cold fission webrender,,77,ms,firefox,456777421.0,5133391,2024-05-02 23:51:01,1995.6,f5cfc0ea73926b119ca193381efffbfa5859d867,1420328,,,,,,,,,,,,,,,,,,,,,,,,,,,,,,,,,,,,,,,,,,,,,,,,,,,,,,,,,,,,,TN,TN
autoland,4060512,13,77a9707257b88d3b15060667769a2def98a71cff,windows10-64-shippable-qr,True,False,,|c|o|l|d| |f|i|s|s|i|o|n| |i|n|t|e|r|a|c|t|i|v|e| |w|e|b|r|e|n|d|e|r|,102210fe594ee9b33d82058545b1ed14f4c8206e,LastVisualChange,reddit-billgates-post-1.posts,True,reddit-billgates-post-1.posts LastVisualChange opt cold fission webrender,,77,ms,firefox,456791724.0,5262392,2024-05-03 04:04:06,577.7,c5c13444d9afc38f2ee8d567a1a17f26a9b6659b,1420386,,,,,,,,,,,,,,,,,,,,,,,,,,,,,,,,,,,,,,,,,,,,,,,,,,,,,,,,,,,,,TN,TN
autoland,4060512,13,77a9707257b88d3b15060667769a2def98a71cff,windows10-64-shippable-qr,True,False,,|c|o|l|d| |f|i|s|s|i|o|n| |i|n|t|e|r|a|c|t|i|v|e| |w|e|b|r|e|n|d|e|r|,102210fe594ee9b33d82058545b1ed14f4c8206e,LastVisualChange,reddit-billgates-post-1.posts,True,reddit-billgates-post-1.posts LastVisualChange opt cold fission webrender,,77,ms,firefox,456817327.0,5359493,2024-05-03 08:10:40,2025.6,fd534101970b397f34b099196fabc43b927c7fcf,1420452,,,,,,,,,,,,,,,,,,,,,,,,,,,,,,,,,,,,,,,,,,,,,,,,,,,,,,,,,,,,,TN,TN
autoland,4060512,13,77a9707257b88d3b15060667769a2def98a71cff,windows10-64-shippable-qr,True,False,,|c|o|l|d| |f|i|s|s|i|o|n| |i|n|t|e|r|a|c|t|i|v|e| |w|e|b|r|e|n|d|e|r|,102210fe594ee9b33d82058545b1ed14f4c8206e,LastVisualChange,reddit-billgates-post-1.posts,True,reddit-billgates-post-1.posts LastVisualChange opt cold fission webrender,,77,ms,firefox,456870222.0,5625472,2024-05-03 12:18:12,565.5,e91d8e436dcc57f87d15822b1dc5b12644cb980e,1420590,,,,,,,,,,,,,,,,,,,,,,,,,,,,,,,,,,,,,,,,,,,,,,,,,,,,,,,,,,,,,TN,TN
autoland,4060512,13,77a9707257b88d3b15060667769a2def98a71cff,windows10-64-shippable-qr,True,False,,|c|o|l|d| |f|i|s|s|i|o|n| |i|n|t|e|r|a|c|t|i|v|e| |w|e|b|r|e|n|d|e|r|,102210fe594ee9b33d82058545b1ed14f4c8206e,LastVisualChange,reddit-billgates-post-1.posts,True,reddit-billgates-post-1.posts LastVisualChange opt cold fission webrender,,77,ms,firefox,456944923.0,6176336,2024-05-03 14:27:41,2009.5,e3c2a1a1c6f49f351ee44f96a5a16f7ba91bd9ea,1420712,,,,,,,,,,,,,,,,,,,,,,,,,,,,,,,,,,,,,,,,,,,,,,,,,,,,,,,,,,,,,TN,TN
autoland,4060512,13,77a9707257b88d3b15060667769a2def98a71cff,windows10-64-shippable-qr,True,False,,|c|o|l|d| |f|i|s|s|i|o|n| |i|n|t|e|r|a|c|t|i|v|e| |w|e|b|r|e|n|d|e|r|,102210fe594ee9b33d82058545b1ed14f4c8206e,LastVisualChange,reddit-billgates-post-1.posts,True,reddit-billgates-post-1.posts LastVisualChange opt cold fission webrender,,77,ms,firefox,456944749.0,6167215,2024-05-03 14:31:38,582.1,e22820789eaab8ed7ab2e189a831c85a008f0f58,1420719,,,,,,,,,,,,,,,,,,,,,,,,,,,,,,,,,,,,,,,,,,,,,,,,,,,,,,,,,,,,,TN,TN
autoland,4060512,13,77a9707257b88d3b15060667769a2def98a71cff,windows10-64-shippable-qr,True,False,,|c|o|l|d| |f|i|s|s|i|o|n| |i|n|t|e|r|a|c|t|i|v|e| |w|e|b|r|e|n|d|e|r|,102210fe594ee9b33d82058545b1ed14f4c8206e,LastVisualChange,reddit-billgates-post-1.posts,True,reddit-billgates-post-1.posts LastVisualChange opt cold fission webrender,,77,ms,firefox,456889828.0,5786812,2024-05-03 16:29:14,569.1,0a8a8f84140a331e815f8520a76a3c928e4486ea,1420823,,,,,,,,,,,,,,,,,,,,,,,,,,,,,,,,,,,,,,,,,,,,,,,,,,,,,,,,,,,,,TN,TN
autoland,4060512,13,77a9707257b88d3b15060667769a2def98a71cff,windows10-64-shippable-qr,True,False,,|c|o|l|d| |f|i|s|s|i|o|n| |i|n|t|e|r|a|c|t|i|v|e| |w|e|b|r|e|n|d|e|r|,102210fe594ee9b33d82058545b1ed14f4c8206e,LastVisualChange,reddit-billgates-post-1.posts,True,reddit-billgates-post-1.posts LastVisualChange opt cold fission webrender,,77,ms,firefox,456908938.0,5921490,2024-05-03 19:41:01,617.8,1e88e24f01e40c6d9b7e3f222f4fbb0d55c9639d,1420975,,,,,,,,,,,,,,,,,,,,,,,,,,,,,,,,,,,,,,,,,,,,,,,,,,,,,,,,,,,,,TN,TN
autoland,4060512,13,77a9707257b88d3b15060667769a2def98a71cff,windows10-64-shippable-qr,True,False,,|c|o|l|d| |f|i|s|s|i|o|n| |i|n|t|e|r|a|c|t|i|v|e| |w|e|b|r|e|n|d|e|r|,102210fe594ee9b33d82058545b1ed14f4c8206e,LastVisualChange,reddit-billgates-post-1.posts,True,reddit-billgates-post-1.posts LastVisualChange opt cold fission webrender,,77,ms,firefox,456935129.0,6084544,2024-05-04 00:06:35,575.3,b5ebcaf20c9cca5a0f4b965c398f0f26296df1b5,1421120,,,,,,,,,,,,,,,,,,,,,,,,,,,,,,,,,,,,,,,,,,,,,,,,,,,,,,,,,,,,,TN,TN
autoland,4060512,13,77a9707257b88d3b15060667769a2def98a71cff,windows10-64-shippable-qr,True,False,,|c|o|l|d| |f|i|s|s|i|o|n| |i|n|t|e|r|a|c|t|i|v|e| |w|e|b|r|e|n|d|e|r|,102210fe594ee9b33d82058545b1ed14f4c8206e,LastVisualChange,reddit-billgates-post-1.posts,True,reddit-billgates-post-1.posts LastVisualChange opt cold fission webrender,,77,ms,firefox,456959848.0,6234447,2024-05-04 09:19:48,592.4,a546ec29a8018c8e98e738460e9bdfd5d4003690,1421174,,,,,,,,,,,,,,,,,,,,,,,,,,,,,,,,,,,,,,,,,,,,,,,,,,,,,,,,,,,,,TN,TN
autoland,4060512,13,77a9707257b88d3b15060667769a2def98a71cff,windows10-64-shippable-qr,True,False,,|c|o|l|d| |f|i|s|s|i|o|n| |i|n|t|e|r|a|c|t|i|v|e| |w|e|b|r|e|n|d|e|r|,102210fe594ee9b33d82058545b1ed14f4c8206e,LastVisualChange,reddit-billgates-post-1.posts,True,reddit-billgates-post-1.posts LastVisualChange opt cold fission webrender,,77,ms,firefox,456979963.0,6339753,2024-05-04 19:44:42,588.8,422a6a673019bc0e2dfd459eceee9594246a0a9d,1421318,,,,,,,,,,,,,,,,,,,,,,,,,,,,,,,,,,,,,,,,,,,,,,,,,,,,,,,,,,,,,TN,TN
autoland,4060512,13,77a9707257b88d3b15060667769a2def98a71cff,windows10-64-shippable-qr,True,False,,|c|o|l|d| |f|i|s|s|i|o|n| |i|n|t|e|r|a|c|t|i|v|e| |w|e|b|r|e|n|d|e|r|,102210fe594ee9b33d82058545b1ed14f4c8206e,LastVisualChange,reddit-billgates-post-1.posts,True,reddit-billgates-post-1.posts LastVisualChange opt cold fission webrender,,77,ms,firefox,456996476.0,6411512,2024-05-05 00:17:27,571.8,1343ec609dea28acb4b297bebd481211e1742b11,1421344,,,,,,,,,,,,,,,,,,,,,,,,,,,,,,,,,,,,,,,,,,,,,,,,,,,,,,,,,,,,,TN,TN
autoland,4060512,13,77a9707257b88d3b15060667769a2def98a71cff,windows10-64-shippable-qr,True,False,,|c|o|l|d| |f|i|s|s|i|o|n| |i|n|t|e|r|a|c|t|i|v|e| |w|e|b|r|e|n|d|e|r|,102210fe594ee9b33d82058545b1ed14f4c8206e,LastVisualChange,reddit-billgates-post-1.posts,True,reddit-billgates-post-1.posts LastVisualChange opt cold fission webrender,,77,ms,firefox,457010629.0,6515184,2024-05-05 08:06:08,582.4,5c3e0ef9b916432dfc42f800c3c7997f58ae5a63,1421422,,,,,,,,,,,,,,,,,,,,,,,,,,,,,,,,,,,,,,,,,,,,,,,,,,,,,,,,,,,,,TN,TN
autoland,4060512,13,77a9707257b88d3b15060667769a2def98a71cff,windows10-64-shippable-qr,True,False,,|c|o|l|d| |f|i|s|s|i|o|n| |i|n|t|e|r|a|c|t|i|v|e| |w|e|b|r|e|n|d|e|r|,102210fe594ee9b33d82058545b1ed14f4c8206e,LastVisualChange,reddit-billgates-post-1.posts,True,reddit-billgates-post-1.posts LastVisualChange opt cold fission webrender,,77,ms,firefox,457031878.0,6628804,2024-05-05 13:09:56,592.5,286a373804e5360a54d51ec691ba7bfd02def155,1421444,,,,,,,,,,,,,,,,,,,,,,,,,,,,,,,,,,,,,,,,,,,,,,,,,,,,,,,,,,,,,TN,TN
autoland,4060512,13,77a9707257b88d3b15060667769a2def98a71cff,windows10-64-shippable-qr,True,False,,|c|o|l|d| |f|i|s|s|i|o|n| |i|n|t|e|r|a|c|t|i|v|e| |w|e|b|r|e|n|d|e|r|,102210fe594ee9b33d82058545b1ed14f4c8206e,LastVisualChange,reddit-billgates-post-1.posts,True,reddit-billgates-post-1.posts LastVisualChange opt cold fission webrender,,77,ms,firefox,457036692.0,6678837,2024-05-05 17:38:00,592.8,a6cb5ac7a79af000e99bf48f04ecb2943fcd3c68,1421459,,,,,,,,,,,,,,,,,,,,,,,,,,,,,,,,,,,,,,,,,,,,,,,,,,,,,,,,,,,,,TN,TN
autoland,4060512,13,77a9707257b88d3b15060667769a2def98a71cff,windows10-64-shippable-qr,True,False,,|c|o|l|d| |f|i|s|s|i|o|n| |i|n|t|e|r|a|c|t|i|v|e| |w|e|b|r|e|n|d|e|r|,102210fe594ee9b33d82058545b1ed14f4c8206e,LastVisualChange,reddit-billgates-post-1.posts,True,reddit-billgates-post-1.posts LastVisualChange opt cold fission webrender,,77,ms,firefox,457055625.0,6779277,2024-05-05 22:09:52,588.6,ea67e3b59c22cea8a2c797ce9a6608d3ddeaeca9,1421479,,,,,,,,,,,,,,,,,,,,,,,,,,,,,,,,,,,,,,,,,,,,,,,,,,,,,,,,,,,,,TN,TN
autoland,4060512,13,77a9707257b88d3b15060667769a2def98a71cff,windows10-64-shippable-qr,True,False,,|c|o|l|d| |f|i|s|s|i|o|n| |i|n|t|e|r|a|c|t|i|v|e| |w|e|b|r|e|n|d|e|r|,102210fe594ee9b33d82058545b1ed14f4c8206e,LastVisualChange,reddit-billgates-post-1.posts,True,reddit-billgates-post-1.posts LastVisualChange opt cold fission webrender,,77,ms,firefox,457221718.0,7549692,2024-05-06 03:26:48,578.9,35d94430dcd939821a6eb019d739ae0d4077b831,1421504,,,,,,,,,,,,,,,,,,,,,,,,,,,,,,,,,,,,,,,,,,,,,,,,,,,,,,,,,,,,,TN,TN
autoland,4060512,13,77a9707257b88d3b15060667769a2def98a71cff,windows10-64-shippable-qr,True,False,,|c|o|l|d| |f|i|s|s|i|o|n| |i|n|t|e|r|a|c|t|i|v|e| |w|e|b|r|e|n|d|e|r|,102210fe594ee9b33d82058545b1ed14f4c8206e,LastVisualChange,reddit-billgates-post-1.posts,True,reddit-billgates-post-1.posts LastVisualChange opt cold fission webrender,,77,ms,firefox,457071488.0,6898030,2024-05-06 07:31:35,569.3,65e120a9c1dcb9c8f1c8930e808b03aa149eaf40,1421524,,,,,,,,,,,,,,,,,,,,,,,,,,,,,,,,,,,,,,,,,,,,,,,,,,,,,,,,,,,,,TN,TN
autoland,4060512,13,77a9707257b88d3b15060667769a2def98a71cff,windows10-64-shippable-qr,True,False,,|c|o|l|d| |f|i|s|s|i|o|n| |i|n|t|e|r|a|c|t|i|v|e| |w|e|b|r|e|n|d|e|r|,102210fe594ee9b33d82058545b1ed14f4c8206e,LastVisualChange,reddit-billgates-post-1.posts,True,reddit-billgates-post-1.posts LastVisualChange opt cold fission webrender,,77,ms,firefox,457106754.0,7046045,2024-05-06 11:33:14,582.9,13b26e8e0e39998b30b388bb6f5d84c0e8067c03,1421623,,,,,,,,,,,,,,,,,,,,,,,,,,,,,,,,,,,,,,,,,,,,,,,,,,,,,,,,,,,,,TN,TN
autoland,4060512,13,77a9707257b88d3b15060667769a2def98a71cff,windows10-64-shippable-qr,True,False,,|c|o|l|d| |f|i|s|s|i|o|n| |i|n|t|e|r|a|c|t|i|v|e| |w|e|b|r|e|n|d|e|r|,102210fe594ee9b33d82058545b1ed14f4c8206e,LastVisualChange,reddit-billgates-post-1.posts,True,reddit-billgates-post-1.posts LastVisualChange opt cold fission webrender,,77,ms,firefox,457134073.0,7169157,2024-05-06 15:35:21,595.3,26e8012d5da938871783505e3753b681ab8cb186,1421812,,,,,,,,,,,,,,,,,,,,,,,,,,,,,,,,,,,,,,,,,,,,,,,,,,,,,,,,,,,,,TN,TN
autoland,4060512,13,77a9707257b88d3b15060667769a2def98a71cff,windows10-64-shippable-qr,True,False,,|c|o|l|d| |f|i|s|s|i|o|n| |i|n|t|e|r|a|c|t|i|v|e| |w|e|b|r|e|n|d|e|r|,102210fe594ee9b33d82058545b1ed14f4c8206e,LastVisualChange,reddit-billgates-post-1.posts,True,reddit-billgates-post-1.posts LastVisualChange opt cold fission webrender,,77,ms,firefox,457153235.0,7260852,2024-05-06 17:44:25,596.9,eb10b86b18adfc70952409e13993f834d33fa099,1421908,,,,,,,,,,,,,,,,,,,,,,,,,,,,,,,,,,,,,,,,,,,,,,,,,,,,,,,,,,,,,TN,TN
autoland,4060512,13,77a9707257b88d3b15060667769a2def98a71cff,windows10-64-shippable-qr,True,False,,|c|o|l|d| |f|i|s|s|i|o|n| |i|n|t|e|r|a|c|t|i|v|e| |w|e|b|r|e|n|d|e|r|,102210fe594ee9b33d82058545b1ed14f4c8206e,LastVisualChange,reddit-billgates-post-1.posts,True,reddit-billgates-post-1.posts LastVisualChange opt cold fission webrender,,77,ms,firefox,457179748.0,7355463,2024-05-06 20:39:16,1979.5,4c7b1942b455d9c365693e5584f7ea86c5b33615,1422073,,,,,,,,,,,,,,,,,,,,,,,,,,,,,,,,,,,,,,,,,,,,,,,,,,,,,,,,,,,,,TN,TN
autoland,4060512,13,77a9707257b88d3b15060667769a2def98a71cff,windows10-64-shippable-qr,True,False,,|c|o|l|d| |f|i|s|s|i|o|n| |i|n|t|e|r|a|c|t|i|v|e| |w|e|b|r|e|n|d|e|r|,102210fe594ee9b33d82058545b1ed14f4c8206e,LastVisualChange,reddit-billgates-post-1.posts,True,reddit-billgates-post-1.posts LastVisualChange opt cold fission webrender,,77,ms,firefox,457211662.0,7497124,2024-05-07 01:41:54,575.4,945bbd356b57424bcdb359e6d88c48cd03ff2c10,1422278,,,,,,,,,,,,,,,,,,,,,,,,,,,,,,,,,,,,,,,,,,,,,,,,,,,,,,,,,,,,,TN,TN
autoland,4060512,13,77a9707257b88d3b15060667769a2def98a71cff,windows10-64-shippable-qr,True,False,,|c|o|l|d| |f|i|s|s|i|o|n| |i|n|t|e|r|a|c|t|i|v|e| |w|e|b|r|e|n|d|e|r|,102210fe594ee9b33d82058545b1ed14f4c8206e,LastVisualChange,reddit-billgates-post-1.posts,True,reddit-billgates-post-1.posts LastVisualChange opt cold fission webrender,,77,ms,firefox,457231965.0,7592362,2024-05-07 06:04:59,2012.3,80150ac16109a11457c3103e68bf1c7ac29270c0,1422341,,,,,,,,,,,,,,,,,,,,,,,,,,,,,,,,,,,,,,,,,,,,,,,,,,,,,,,,,,,,,TN,TN
autoland,4060512,13,77a9707257b88d3b15060667769a2def98a71cff,windows10-64-shippable-qr,True,False,,|c|o|l|d| |f|i|s|s|i|o|n| |i|n|t|e|r|a|c|t|i|v|e| |w|e|b|r|e|n|d|e|r|,102210fe594ee9b33d82058545b1ed14f4c8206e,LastVisualChange,reddit-billgates-post-1.posts,True,reddit-billgates-post-1.posts LastVisualChange opt cold fission webrender,,77,ms,firefox,457279841.0,7793319,2024-05-07 10:41:19,568.6,641e15621e7bd2e0e8a2fab82d2b9838e386c3c4,1422484,,,,,,,,,,,,,,,,,,,,,,,,,,,,,,,,,,,,,,,,,,,,,,,,,,,,,,,,,,,,,TN,TN
autoland,4060512,13,77a9707257b88d3b15060667769a2def98a71cff,windows10-64-shippable-qr,True,False,,|c|o|l|d| |f|i|s|s|i|o|n| |i|n|t|e|r|a|c|t|i|v|e| |w|e|b|r|e|n|d|e|r|,102210fe594ee9b33d82058545b1ed14f4c8206e,LastVisualChange,reddit-billgates-post-1.posts,True,reddit-billgates-post-1.posts LastVisualChange opt cold fission webrender,,77,ms,firefox,457312142.0,7906011,2024-05-07 14:42:49,595.6,0041f761ddff5c598852d2b5cc41772a3a11cd0b,1422671,,,,,,,,,,,,,,,,,,,,,,,,,,,,,,,,,,,,,,,,,,,,,,,,,,,,,,,,,,,,,TN,TN
autoland,4060512,13,77a9707257b88d3b15060667769a2def98a71cff,windows10-64-shippable-qr,True,False,,|c|o|l|d| |f|i|s|s|i|o|n| |i|n|t|e|r|a|c|t|i|v|e| |w|e|b|r|e|n|d|e|r|,102210fe594ee9b33d82058545b1ed14f4c8206e,LastVisualChange,reddit-billgates-post-1.posts,True,reddit-billgates-post-1.posts LastVisualChange opt cold fission webrender,,77,ms,firefox,457353729.0,8163191,2024-05-07 18:25:44,1941.8,425b44586178edae02872c1fbc0220a0b4ff4c1d,1422943,,,,,,,,,,,,,,,,,,,,,,,,,,,,,,,,,,,,,,,,,,,,,,,,,,,,,,,,,,,,,TN,TN
autoland,4060512,13,77a9707257b88d3b15060667769a2def98a71cff,windows10-64-shippable-qr,True,False,,|c|o|l|d| |f|i|s|s|i|o|n| |i|n|t|e|r|a|c|t|i|v|e| |w|e|b|r|e|n|d|e|r|,102210fe594ee9b33d82058545b1ed14f4c8206e,LastVisualChange,reddit-billgates-post-1.posts,True,reddit-billgates-post-1.posts LastVisualChange opt cold fission webrender,,77,ms,firefox,457375801.0,8292940,2024-05-07 22:14:58,602.6,149e752fdb3fa75a3a02f55e7c7c91f7f704cf8a,1423124,,,,,,,,,,,,,,,,,,,,,,,,,,,,,,,,,,,,,,,,,,,,,,,,,,,,,,,,,,,,,TN,TN
autoland,4060512,13,77a9707257b88d3b15060667769a2def98a71cff,windows10-64-shippable-qr,True,False,,|c|o|l|d| |f|i|s|s|i|o|n| |i|n|t|e|r|a|c|t|i|v|e| |w|e|b|r|e|n|d|e|r|,102210fe594ee9b33d82058545b1ed14f4c8206e,LastVisualChange,reddit-billgates-post-1.posts,True,reddit-billgates-post-1.posts LastVisualChange opt cold fission webrender,,77,ms,firefox,457410001.0,8463709,2024-05-08 04:41:52,569.1,a0b3e2669a2dc49c467521cb9b7966ca05e3dbc3,1423269,,,,,,,,,,,,,,,,,,,,,,,,,,,,,,,,,,,,,,,,,,,,,,,,,,,,,,,,,,,,,TN,TN
autoland,4060512,13,77a9707257b88d3b15060667769a2def98a71cff,windows10-64-shippable-qr,True,False,,|c|o|l|d| |f|i|s|s|i|o|n| |i|n|t|e|r|a|c|t|i|v|e| |w|e|b|r|e|n|d|e|r|,102210fe594ee9b33d82058545b1ed14f4c8206e,LastVisualChange,reddit-billgates-post-1.posts,True,reddit-billgates-post-1.posts LastVisualChange opt cold fission webrender,,77,ms,firefox,457423217.0,8543106,2024-05-08 08:48:11,575.6,bec816ef2f2c29ed86b08bb592d6283618418e16,1423316,,,,,,,,,,,,,,,,,,,,,,,,,,,,,,,,,,,,,,,,,,,,,,,,,,,,,,,,,,,,,TN,TN
autoland,4060512,13,77a9707257b88d3b15060667769a2def98a71cff,windows10-64-shippable-qr,True,False,,|c|o|l|d| |f|i|s|s|i|o|n| |i|n|t|e|r|a|c|t|i|v|e| |w|e|b|r|e|n|d|e|r|,102210fe594ee9b33d82058545b1ed14f4c8206e,LastVisualChange,reddit-billgates-post-1.posts,True,reddit-billgates-post-1.posts LastVisualChange opt cold fission webrender,,77,ms,firefox,457470871.0,8720112,2024-05-08 13:09:13,579.4,ed7b6f65910afcd687ef5aaa25605666805796bb,1423417,,,,,,,,,,,,,,,,,,,,,,,,,,,,,,,,,,,,,,,,,,,,,,,,,,,,,,,,,,,,,TN,TN
