,revision,value,repository_name,signature_id,framework_id,signature_hash,machine_platform,should_alert,has_subtests,extra_options,tags,option_collection_hash,test,suite,lower_is_better,name,parent_signature,repository_id,measurement_unit,application,job_id,entry_id,push_timestamp,push_id,single_alert_new_value,single_alert_classifier,alert_summary_prev_push_revision,alert_summary_id,single_alert_amount_pct,single_alert_prev_value,alert_summary_first_triaged,alert_summary_framework,single_alert_series_signature_framework_id,single_alert_series_signature_suite_public_name,alert_summary_related_alerts,single_alert_taskcluster_metadata_retry_id,alert_summary_prev_push_id,alert_summary_status,single_alert_status,alert_summary_assignee_username,single_alert_prev_taskcluster_metadata_task_id,alert_summary_bug_number,alert_summary_bug_due_date,single_alert_series_signature_test_public_name,alert_summary_issue_tracker,single_alert_amount_abs,single_alert_id,single_alert_taskcluster_metadata_task_id,single_alert_backfill_record_total_backfills_successful,single_alert_summary_id,single_alert_prev_taskcluster_metadata_retry_id,single_alert_is_regression,single_alert_manually_created,single_alert_classifier_email,single_alert_backfill_record_total_backfills_failed,single_alert_backfill_record_total_actions_triggered,alert_summary_assignee_email,alert_summary_creation_timestamp,single_alert_prev_profile_url,alert_summary_notes,single_alert_noise_profile,single_alert_related_summary_id,alert_summary_bug_updated,single_alert_profile_url,single_alert_backfill_record_context,single_alert_starred,single_alert_backfill_record_total_backfills_in_progress,single_alert_t_value,single_alert_series_signature_suite,single_alert_backfill_record_status,single_alert_series_signature_tags,alert_summary_triage_due_date,alert_summary_status_general
0,1db51625512e546534a6a7352ff4ff3b9c48d713,0.1850558659217877,autoland,4060709,13,fd0dfc9511c4c123e048823de9954312c2b907c1,linux1804-64-shippable-qr,True,False,,|c|o|l|d| |f|i|s|s|i|o|n| |i|n|t|e|r|a|c|t|i|v|e| |w|e|b|r|e|n|d|e|r|,102210fe594ee9b33d82058545b1ed14f4c8206e,fcp,reddit-billgates-post-1.billg,True,reddit-billgates-post-1.billg fcp opt cold fission webrender,,77,ms,firefox,,1700010012,2023-05-24 10:49:25,1245770,,,,,,,,,,,,,,,,,,,,,,,,,,,,,,,,,,,,,,,,,,,,,,,,,TN
1,6a96bb1f430f92b83cc31f74db4e4c1f71e155e5,0.22229981378026065,autoland,4060709,13,fd0dfc9511c4c123e048823de9954312c2b907c1,linux1804-64-shippable-qr,True,False,,|c|o|l|d| |f|i|s|s|i|o|n| |i|n|t|e|r|a|c|t|i|v|e| |w|e|b|r|e|n|d|e|r|,102210fe594ee9b33d82058545b1ed14f4c8206e,fcp,reddit-billgates-post-1.billg,True,reddit-billgates-post-1.billg fcp opt cold fission webrender,,77,ms,firefox,,1700075142,2023-05-24 13:34:40,1245871,,,,,,,,,,,,,,,,,,,,,,,,,,,,,,,,,,,,,,,,,,,,,,,,,TN
2,b9da43bde2c92655235855f4bb966f7a2537eafa,0.18272811918063314,autoland,4060709,13,fd0dfc9511c4c123e048823de9954312c2b907c1,linux1804-64-shippable-qr,True,False,,|c|o|l|d| |f|i|s|s|i|o|n| |i|n|t|e|r|a|c|t|i|v|e| |w|e|b|r|e|n|d|e|r|,102210fe594ee9b33d82058545b1ed14f4c8206e,fcp,reddit-billgates-post-1.billg,True,reddit-billgates-post-1.billg fcp opt cold fission webrender,,77,ms,firefox,,1700192193,2023-05-24 17:26:23,1246058,,,,,,,,,,,,,,,,,,,,,,,,,,,,,,,,,,,,,,,,,,,,,,,,,TN
3,468123d0735b96f7486f1e1a4de373e3dd7520bd,0.2292830540037244,autoland,4060709,13,fd0dfc9511c4c123e048823de9954312c2b907c1,linux1804-64-shippable-qr,True,False,,|c|o|l|d| |f|i|s|s|i|o|n| |i|n|t|e|r|a|c|t|i|v|e| |w|e|b|r|e|n|d|e|r|,102210fe594ee9b33d82058545b1ed14f4c8206e,fcp,reddit-billgates-post-1.billg,True,reddit-billgates-post-1.billg fcp opt cold fission webrender,,77,ms,firefox,,1700295629,2023-05-24 21:30:03,1246204,,,,,,,,,,,,,,,,,,,,,,,,,,,,,,,,,,,,,,,,,,,,,,,,,TN
4,c1577427eba79d954813d300bfe6d4f09e0249f0,0.19436685288640598,autoland,4060709,13,fd0dfc9511c4c123e048823de9954312c2b907c1,linux1804-64-shippable-qr,True,False,,|c|o|l|d| |f|i|s|s|i|o|n| |i|n|t|e|r|a|c|t|i|v|e| |w|e|b|r|e|n|d|e|r|,102210fe594ee9b33d82058545b1ed14f4c8206e,fcp,reddit-billgates-post-1.billg,True,reddit-billgates-post-1.billg fcp opt cold fission webrender,,77,ms,firefox,,1700407680,2023-05-25 01:52:13,1246339,,,,,,,,,,,,,,,,,,,,,,,,,,,,,,,,,,,,,,,,,,,,,,,,,TN
5,ee3230b1fe26e5521d07465dcab71e75d586e422,0.19902234636871508,autoland,4060709,13,fd0dfc9511c4c123e048823de9954312c2b907c1,linux1804-64-shippable-qr,True,False,,|c|o|l|d| |f|i|s|s|i|o|n| |i|n|t|e|r|a|c|t|i|v|e| |w|e|b|r|e|n|d|e|r|,102210fe594ee9b33d82058545b1ed14f4c8206e,fcp,reddit-billgates-post-1.billg,True,reddit-billgates-post-1.billg fcp opt cold fission webrender,,77,ms,firefox,,1700462132,2023-05-25 06:53:28,1246434,,,,,,,,,,,,,,,,,,,,,,,,,,,,,,,,,,,,,,,,,,,,,,,,,TN
6,0cd7e9f3c07773af459b1d5676b4f14a1a4c2844,0.18272811918063314,autoland,4060709,13,fd0dfc9511c4c123e048823de9954312c2b907c1,linux1804-64-shippable-qr,True,False,,|c|o|l|d| |f|i|s|s|i|o|n| |i|n|t|e|r|a|c|t|i|v|e| |w|e|b|r|e|n|d|e|r|,102210fe594ee9b33d82058545b1ed14f4c8206e,fcp,reddit-billgates-post-1.billg,True,reddit-billgates-post-1.billg fcp opt cold fission webrender,,77,ms,firefox,,1700513467,2023-05-25 09:03:58,1246517,,,,,,,,,,,,,,,,,,,,,,,,,,,,,,,,,,,,,,,,,,,,,,,,,TN
7,09f3ed0c8776aaa707aab014022efa3a16e01a6e,0.26187150837988826,autoland,4060709,13,fd0dfc9511c4c123e048823de9954312c2b907c1,linux1804-64-shippable-qr,True,False,,|c|o|l|d| |f|i|s|s|i|o|n| |i|n|t|e|r|a|c|t|i|v|e| |w|e|b|r|e|n|d|e|r|,102210fe594ee9b33d82058545b1ed14f4c8206e,fcp,reddit-billgates-post-1.billg,True,reddit-billgates-post-1.billg fcp opt cold fission webrender,,77,ms,firefox,,1700626176,2023-05-25 13:17:19,1246661,,,,,,,,,,,,,,,,,,,,,,,,,,,,,,,,,,,,,,,,,,,,,,,,,TN
8,6e07dad252683bcc1ed82d6a973adda9b490af1f,0.15945065176908757,autoland,4060709,13,fd0dfc9511c4c123e048823de9954312c2b907c1,linux1804-64-shippable-qr,True,False,,|c|o|l|d| |f|i|s|s|i|o|n| |i|n|t|e|r|a|c|t|i|v|e| |w|e|b|r|e|n|d|e|r|,102210fe594ee9b33d82058545b1ed14f4c8206e,fcp,reddit-billgates-post-1.billg,True,reddit-billgates-post-1.billg fcp opt cold fission webrender,,77,ms,firefox,,1700651477,2023-05-25 13:25:13,1246670,,,,,,,,,,,,,,,,,,,,,,,,,,,,,,,,,,,,,,,,,,,,,,,,,TN
9,4971297a8917c4ce5f9136ebb0c82cde74eb50c4,0.19669459962756053,autoland,4060709,13,fd0dfc9511c4c123e048823de9954312c2b907c1,linux1804-64-shippable-qr,True,False,,|c|o|l|d| |f|i|s|s|i|o|n| |i|n|t|e|r|a|c|t|i|v|e| |w|e|b|r|e|n|d|e|r|,102210fe594ee9b33d82058545b1ed14f4c8206e,fcp,reddit-billgates-post-1.billg,True,reddit-billgates-post-1.billg fcp opt cold fission webrender,,77,ms,firefox,,1700739394,2023-05-25 17:00:24,1246837,,,,,,,,,,,,,,,,,,,,,,,,,,,,,,,,,,,,,,,,,,,,,,,,,TN
10,6d91b4ed2bb8fbe97d7f5fcf7cad0e6f2bb6ad2f,0.15246741154562382,autoland,4060709,13,fd0dfc9511c4c123e048823de9954312c2b907c1,linux1804-64-shippable-qr,True,False,,|c|o|l|d| |f|i|s|s|i|o|n| |i|n|t|e|r|a|c|t|i|v|e| |w|e|b|r|e|n|d|e|r|,102210fe594ee9b33d82058545b1ed14f4c8206e,fcp,reddit-billgates-post-1.billg,True,reddit-billgates-post-1.billg fcp opt cold fission webrender,,77,ms,firefox,,1700906558,2023-05-25 20:49:35,1247021,,,,,,,,,,,,,,,,,,,,,,,,,,,,,,,,,,,,,,,,,,,,,,,,,TN
11,d49f009b89ad3ae1616d96cb1d2d9234ef3f6cda,0.18738361266294223,autoland,4060709,13,fd0dfc9511c4c123e048823de9954312c2b907c1,linux1804-64-shippable-qr,True,False,,|c|o|l|d| |f|i|s|s|i|o|n| |i|n|t|e|r|a|c|t|i|v|e| |w|e|b|r|e|n|d|e|r|,102210fe594ee9b33d82058545b1ed14f4c8206e,fcp,reddit-billgates-post-1.billg,True,reddit-billgates-post-1.billg fcp opt cold fission webrender,,77,ms,firefox,,1701028513,2023-05-26 00:58:32,1247180,,,,,,,,,,,,,,,,,,,,,,,,,,,,,,,,,,,,,,,,,,,,,,,,,TN
12,ffc18acbe9c027a3d6c960322b40a9d0576af311,0.12453445065176905,autoland,4060709,13,fd0dfc9511c4c123e048823de9954312c2b907c1,linux1804-64-shippable-qr,True,False,,|c|o|l|d| |f|i|s|s|i|o|n| |i|n|t|e|r|a|c|t|i|v|e| |w|e|b|r|e|n|d|e|r|,102210fe594ee9b33d82058545b1ed14f4c8206e,fcp,reddit-billgates-post-1.billg,True,reddit-billgates-post-1.billg fcp opt cold fission webrender,,77,ms,firefox,,1701130098,2023-05-26 04:58:44,1247241,,,,,,,,,,,,,,,,,,,,,,,,,,,,,,,,,,,,,,,,,,,,,,,,,TN
13,35f77e2aafb53fdda81c118a9ea61aefdacd61b4,0.11755121042830541,autoland,4060709,13,fd0dfc9511c4c123e048823de9954312c2b907c1,linux1804-64-shippable-qr,True,False,,|c|o|l|d| |f|i|s|s|i|o|n| |i|n|t|e|r|a|c|t|i|v|e| |w|e|b|r|e|n|d|e|r|,102210fe594ee9b33d82058545b1ed14f4c8206e,fcp,reddit-billgates-post-1.billg,True,reddit-billgates-post-1.billg fcp opt cold fission webrender,,77,ms,firefox,,1701203010,2023-05-26 08:30:04,1247293,,,,,,,,,,,,,,,,,,,,,,,,,,,,,,,,,,,,,,,,,,,,,,,,,TN
14,3999253a6a3dc448416b9a73377e8599ca6bd022,0.14548417132216018,autoland,4060709,13,fd0dfc9511c4c123e048823de9954312c2b907c1,linux1804-64-shippable-qr,True,False,,|c|o|l|d| |f|i|s|s|i|o|n| |i|n|t|e|r|a|c|t|i|v|e| |w|e|b|r|e|n|d|e|r|,102210fe594ee9b33d82058545b1ed14f4c8206e,fcp,reddit-billgates-post-1.billg,True,reddit-billgates-post-1.billg fcp opt cold fission webrender,,77,ms,firefox,,1701333523,2023-05-26 12:58:50,1247437,,,,,,,,,,,,,,,,,,,,,,,,,,,,,,,,,,,,,,,,,,,,,,,,,TN
15,bb19012006135abc7ddd72be3cd269be7ef114b5,0.1664338919925512,autoland,4060709,13,fd0dfc9511c4c123e048823de9954312c2b907c1,linux1804-64-shippable-qr,True,False,,|c|o|l|d| |f|i|s|s|i|o|n| |i|n|t|e|r|a|c|t|i|v|e| |w|e|b|r|e|n|d|e|r|,102210fe594ee9b33d82058545b1ed14f4c8206e,fcp,reddit-billgates-post-1.billg,True,reddit-billgates-post-1.billg fcp opt cold fission webrender,,77,ms,firefox,,1701355761,2023-05-26 13:11:40,1247444,,,,,,,,,,,,,,,,,,,,,,,,,,,,,,,,,,,,,,,,,,,,,,,,,TN
16,8ca2ea7fe36515caaf70ddf90bfd2ee269f059cf,0.1222067039106145,autoland,4060709,13,fd0dfc9511c4c123e048823de9954312c2b907c1,linux1804-64-shippable-qr,True,False,,|c|o|l|d| |f|i|s|s|i|o|n| |i|n|t|e|r|a|c|t|i|v|e| |w|e|b|r|e|n|d|e|r|,102210fe594ee9b33d82058545b1ed14f4c8206e,fcp,reddit-billgates-post-1.billg,True,reddit-billgates-post-1.billg fcp opt cold fission webrender,,77,ms,firefox,,1701501731,2023-05-26 17:23:29,1247619,,,,,,,,,,,,,,,,,,,,,,,,,,,,,,,,,,,,,,,,,,,,,,,,,TN
17,f6b4fa0c88fefe367393867cc9b0a0a61ae30a86,0.1664338919925512,autoland,4060709,13,fd0dfc9511c4c123e048823de9954312c2b907c1,linux1804-64-shippable-qr,True,False,,|c|o|l|d| |f|i|s|s|i|o|n| |i|n|t|e|r|a|c|t|i|v|e| |w|e|b|r|e|n|d|e|r|,102210fe594ee9b33d82058545b1ed14f4c8206e,fcp,reddit-billgates-post-1.billg,True,reddit-billgates-post-1.billg fcp opt cold fission webrender,,77,ms,firefox,,1701793420,2023-05-26 18:57:45,1247663,,,,,,,,,,,,,,,,,,,,,,,,,,,,,,,,,,,,,,,,,,,,,,,,,TN
18,224c6165eeed35754ed2edb7bcf25308c5bb56bb,0.19203910614525144,autoland,4060709,13,fd0dfc9511c4c123e048823de9954312c2b907c1,linux1804-64-shippable-qr,True,False,,|c|o|l|d| |f|i|s|s|i|o|n| |i|n|t|e|r|a|c|t|i|v|e| |w|e|b|r|e|n|d|e|r|,102210fe594ee9b33d82058545b1ed14f4c8206e,fcp,reddit-billgates-post-1.billg,True,reddit-billgates-post-1.billg fcp opt cold fission webrender,,77,ms,firefox,,1701774133,2023-05-26 19:09:08,1247672,,,,,,,,,,,,,,,,,,,,,,,,,,,,,,,,,,,,,,,,,,,,,,,,,TN
19,fc6056442a0fa16146259cb730d4e34a16656952,0.15945065176908757,autoland,4060709,13,fd0dfc9511c4c123e048823de9954312c2b907c1,linux1804-64-shippable-qr,True,False,,|c|o|l|d| |f|i|s|s|i|o|n| |i|n|t|e|r|a|c|t|i|v|e| |w|e|b|r|e|n|d|e|r|,102210fe594ee9b33d82058545b1ed14f4c8206e,fcp,reddit-billgates-post-1.billg,True,reddit-billgates-post-1.billg fcp opt cold fission webrender,,77,ms,firefox,,1701595592,2023-05-26 19:44:57,1247712,,,,,,,,,,,,,,,,,,,,,,,,,,,,,,,,,,,,,,,,,,,,,,,,,TN
20,b45b68be3f9bae0da4d649a44e60c6cd175f2212,0.19902234636871508,autoland,4060709,13,fd0dfc9511c4c123e048823de9954312c2b907c1,linux1804-64-shippable-qr,True,False,,|c|o|l|d| |f|i|s|s|i|o|n| |i|n|t|e|r|a|c|t|i|v|e| |w|e|b|r|e|n|d|e|r|,102210fe594ee9b33d82058545b1ed14f4c8206e,fcp,reddit-billgates-post-1.billg,True,reddit-billgates-post-1.billg fcp opt cold fission webrender,,77,ms,firefox,,1701717779,2023-05-27 00:56:39,1247879,,,,,,,,,,,,,,,,,,,,,,,,,,,,,,,,,,,,,,,,,,,,,,,,,TN
21,6a941c8c6ff3290e530942915ee97161b670f15d,0.19669459962756053,autoland,4060709,13,fd0dfc9511c4c123e048823de9954312c2b907c1,linux1804-64-shippable-qr,True,False,,|c|o|l|d| |f|i|s|s|i|o|n| |i|n|t|e|r|a|c|t|i|v|e| |w|e|b|r|e|n|d|e|r|,102210fe594ee9b33d82058545b1ed14f4c8206e,fcp,reddit-billgates-post-1.billg,True,reddit-billgates-post-1.billg fcp opt cold fission webrender,,77,ms,firefox,,1701875774,2023-05-27 11:39:36,1247945,,,,,,,,,,,,,,,,,,,,,,,,,,,,,,,,,,,,,,,,,,,,,,,,,TN
22,531a15ae09d49e29c270830e9b873aa625a5a8c2,0.16177839851024212,autoland,4060709,13,fd0dfc9511c4c123e048823de9954312c2b907c1,linux1804-64-shippable-qr,True,False,,|c|o|l|d| |f|i|s|s|i|o|n| |i|n|t|e|r|a|c|t|i|v|e| |w|e|b|r|e|n|d|e|r|,102210fe594ee9b33d82058545b1ed14f4c8206e,fcp,reddit-billgates-post-1.billg,True,reddit-billgates-post-1.billg fcp opt cold fission webrender,,77,ms,firefox,,1701911761,2023-05-27 15:52:21,1247961,,,,,,,,,,,,,,,,,,,,,,,,,,,,,,,,,,,,,,,,,,,,,,,,,TN
23,47f0f49b40361f9c5bde3a5691dc5d65ec1e0061,0.20135009310986962,autoland,4060709,13,fd0dfc9511c4c123e048823de9954312c2b907c1,linux1804-64-shippable-qr,True,False,,|c|o|l|d| |f|i|s|s|i|o|n| |i|n|t|e|r|a|c|t|i|v|e| |w|e|b|r|e|n|d|e|r|,102210fe594ee9b33d82058545b1ed14f4c8206e,fcp,reddit-billgates-post-1.billg,True,reddit-billgates-post-1.billg fcp opt cold fission webrender,,77,ms,firefox,,1702035802,2023-05-28 20:46:15,1248031,,,,,,,,,,,,,,,,,,,,,,,,,,,,,,,,,,,,,,,,,,,,,,,,,TN
24,1f8f2142966233c5d8d437f93d361aa0cc2b36c6,0.19902234636871508,autoland,4060709,13,fd0dfc9511c4c123e048823de9954312c2b907c1,linux1804-64-shippable-qr,True,False,,|c|o|l|d| |f|i|s|s|i|o|n| |i|n|t|e|r|a|c|t|i|v|e| |w|e|b|r|e|n|d|e|r|,102210fe594ee9b33d82058545b1ed14f4c8206e,fcp,reddit-billgates-post-1.billg,True,reddit-billgates-post-1.billg fcp opt cold fission webrender,,77,ms,firefox,,1702069848,2023-05-29 02:12:22,1248080,,,,,,,,,,,,,,,,,,,,,,,,,,,,,,,,,,,,,,,,,,,,,,,,,TN
25,1565861edeebf64845658a3f48cb89fa4515bb68,0.14315642458100564,autoland,4060709,13,fd0dfc9511c4c123e048823de9954312c2b907c1,linux1804-64-shippable-qr,True,False,,|c|o|l|d| |f|i|s|s|i|o|n| |i|n|t|e|r|a|c|t|i|v|e| |w|e|b|r|e|n|d|e|r|,102210fe594ee9b33d82058545b1ed14f4c8206e,fcp,reddit-billgates-post-1.billg,True,reddit-billgates-post-1.billg fcp opt cold fission webrender,,77,ms,firefox,,1702125873,2023-05-29 06:50:24,1248115,,,,,,,,,,,,,,,,,,,,,,,,,,,,,,,,,,,,,,,,,,,,,,,,,TN
26,31915ad324761c4fe80dac65ca36f070ab2102a2,0.19669459962756053,autoland,4060709,13,fd0dfc9511c4c123e048823de9954312c2b907c1,linux1804-64-shippable-qr,True,False,,|c|o|l|d| |f|i|s|s|i|o|n| |i|n|t|e|r|a|c|t|i|v|e| |w|e|b|r|e|n|d|e|r|,102210fe594ee9b33d82058545b1ed14f4c8206e,fcp,reddit-billgates-post-1.billg,True,reddit-billgates-post-1.billg fcp opt cold fission webrender,,77,ms,firefox,,1702143592,2023-05-29 07:27:55,1248125,,,,,,,,,,,,,,,,,,,,,,,,,,,,,,,,,,,,,,,,,,,,,,,,,TN
27,fc5fe4c288f6b66527c3e44199ca2d8a6b8a11d8,0.2339385474860335,autoland,4060709,13,fd0dfc9511c4c123e048823de9954312c2b907c1,linux1804-64-shippable-qr,True,False,,|c|o|l|d| |f|i|s|s|i|o|n| |i|n|t|e|r|a|c|t|i|v|e| |w|e|b|r|e|n|d|e|r|,102210fe594ee9b33d82058545b1ed14f4c8206e,fcp,reddit-billgates-post-1.billg,True,reddit-billgates-post-1.billg fcp opt cold fission webrender,,77,ms,firefox,,1702525724,2023-05-29 13:34:49,1248241,,,,,,,,,,,,,,,,,,,,,,,,,,,,,,,,,,,,,,,,,,,,,,,,,TN
28,83f34deeebbf4c6c6ab5d535abf0d8b6681429a5,0.15479515828677837,autoland,4060709,13,fd0dfc9511c4c123e048823de9954312c2b907c1,linux1804-64-shippable-qr,True,False,,|c|o|l|d| |f|i|s|s|i|o|n| |i|n|t|e|r|a|c|t|i|v|e| |w|e|b|r|e|n|d|e|r|,102210fe594ee9b33d82058545b1ed14f4c8206e,fcp,reddit-billgates-post-1.billg,True,reddit-billgates-post-1.billg fcp opt cold fission webrender,,77,ms,firefox,,1702542570,2023-05-29 14:27:57,1248269,,,,,,,,,,,,,,,,,,,,,,,,,,,,,,,,,,,,,,,,,,,,,,,,,TN
29,e1a08bab18008646938a96dfab802d2471fcadc1,0.2339385474860335,autoland,4060709,13,fd0dfc9511c4c123e048823de9954312c2b907c1,linux1804-64-shippable-qr,True,False,,|c|o|l|d| |f|i|s|s|i|o|n| |i|n|t|e|r|a|c|t|i|v|e| |w|e|b|r|e|n|d|e|r|,102210fe594ee9b33d82058545b1ed14f4c8206e,fcp,reddit-billgates-post-1.billg,True,reddit-billgates-post-1.billg fcp opt cold fission webrender,,77,ms,firefox,,1702314324,2023-05-29 15:52:56,1248305,,,,,,,,,,,,,,,,,,,,,,,,,,,,,,,,,,,,,,,,,,,,,,,,,TN
30,496eefc6bee2519ce93df561b640b582e869b964,0.18971135940409678,autoland,4060709,13,fd0dfc9511c4c123e048823de9954312c2b907c1,linux1804-64-shippable-qr,True,False,,|c|o|l|d| |f|i|s|s|i|o|n| |i|n|t|e|r|a|c|t|i|v|e| |w|e|b|r|e|n|d|e|r|,102210fe594ee9b33d82058545b1ed14f4c8206e,fcp,reddit-billgates-post-1.billg,True,reddit-billgates-post-1.billg fcp opt cold fission webrender,,77,ms,firefox,,1702408189,2023-05-29 20:27:32,1248440,,,,,,,,,,,,,,,,,,,,,,,,,,,,,,,,,,,,,,,,,,,,,,,,,TN
31,f7d3e204b0fb015cf0fb51a08403e22986a2ae52,0.17807262569832405,autoland,4060709,13,fd0dfc9511c4c123e048823de9954312c2b907c1,linux1804-64-shippable-qr,True,False,,|c|o|l|d| |f|i|s|s|i|o|n| |i|n|t|e|r|a|c|t|i|v|e| |w|e|b|r|e|n|d|e|r|,102210fe594ee9b33d82058545b1ed14f4c8206e,fcp,reddit-billgates-post-1.billg,True,reddit-billgates-post-1.billg fcp opt cold fission webrender,,77,ms,firefox,,1702389686,2023-05-29 20:34:18,1248445,,,,,,,,,,,,,,,,,,,,,,,,,,,,,,,,,,,,,,,,,,,,,,,,,TN
32,82442b2d56d94c600cca707dd62ab7a19d68bbd2,0.16876163873370575,autoland,4060709,13,fd0dfc9511c4c123e048823de9954312c2b907c1,linux1804-64-shippable-qr,True,False,,|c|o|l|d| |f|i|s|s|i|o|n| |i|n|t|e|r|a|c|t|i|v|e| |w|e|b|r|e|n|d|e|r|,102210fe594ee9b33d82058545b1ed14f4c8206e,fcp,reddit-billgates-post-1.billg,True,reddit-billgates-post-1.billg fcp opt cold fission webrender,,77,ms,firefox,,1702480699,2023-05-30 01:15:28,1248536,,,,,,,,,,,,,,,,,,,,,,,,,,,,,,,,,,,,,,,,,,,,,,,,,TN
33,23a3b1b5a2b78d86456189221e567423206bc00a,0.11987895716945995,autoland,4060709,13,fd0dfc9511c4c123e048823de9954312c2b907c1,linux1804-64-shippable-qr,True,False,,|c|o|l|d| |f|i|s|s|i|o|n| |i|n|t|e|r|a|c|t|i|v|e| |w|e|b|r|e|n|d|e|r|,102210fe594ee9b33d82058545b1ed14f4c8206e,fcp,reddit-billgates-post-1.billg,True,reddit-billgates-post-1.billg fcp opt cold fission webrender,,77,ms,firefox,,1702572354,2023-05-30 06:58:06,1248601,,,,,,,,,,,,,,,,,,,,,,,,,,,,,,,,,,,,,,,,,,,,,,,,,TN
34,64b2487b96b949b3c6a787dfd17210f9998fb42e,0.11987895716945995,autoland,4060709,13,fd0dfc9511c4c123e048823de9954312c2b907c1,linux1804-64-shippable-qr,True,False,,|c|o|l|d| |f|i|s|s|i|o|n| |i|n|t|e|r|a|c|t|i|v|e| |w|e|b|r|e|n|d|e|r|,102210fe594ee9b33d82058545b1ed14f4c8206e,fcp,reddit-billgates-post-1.billg,True,reddit-billgates-post-1.billg fcp opt cold fission webrender,,77,ms,firefox,,1702598187,2023-05-30 07:49:46,1248618,,,,,,,,,,,,,,,,,,,,,,,,,,,,,,,,,,,,,,,,,,,,,,,,,TN
35,121d4440186ece5c7acf444a8879a3818d54fef5,0.22229981378026065,autoland,4060709,13,fd0dfc9511c4c123e048823de9954312c2b907c1,linux1804-64-shippable-qr,True,False,,|c|o|l|d| |f|i|s|s|i|o|n| |i|n|t|e|r|a|c|t|i|v|e| |w|e|b|r|e|n|d|e|r|,102210fe594ee9b33d82058545b1ed14f4c8206e,fcp,reddit-billgates-post-1.billg,True,reddit-billgates-post-1.billg fcp opt cold fission webrender,,77,ms,firefox,,1702732267,2023-05-30 12:05:20,1248752,,,,,,,,,,,,,,,,,,,,,,,,,,,,,,,,,,,,,,,,,,,,,,,,,TN
36,1c86169a6ab3a53190c7fca3fe2cefe2251e4cad,0.1571229050279329,autoland,4060709,13,fd0dfc9511c4c123e048823de9954312c2b907c1,linux1804-64-shippable-qr,True,False,,|c|o|l|d| |f|i|s|s|i|o|n| |i|n|t|e|r|a|c|t|i|v|e| |w|e|b|r|e|n|d|e|r|,102210fe594ee9b33d82058545b1ed14f4c8206e,fcp,reddit-billgates-post-1.billg,True,reddit-billgates-post-1.billg fcp opt cold fission webrender,,77,ms,firefox,,1703256016,2023-05-30 14:11:57,1248832,,,,,,,,,,,,,,,,,,,,,,,,,,,,,,,,,,,,,,,,,,,,,,,,,TN
37,2139914fff1c2bb8398578403a5d19f8ba7eab08,0.23161080074487894,autoland,4060709,13,fd0dfc9511c4c123e048823de9954312c2b907c1,linux1804-64-shippable-qr,True,False,,|c|o|l|d| |f|i|s|s|i|o|n| |i|n|t|e|r|a|c|t|i|v|e| |w|e|b|r|e|n|d|e|r|,102210fe594ee9b33d82058545b1ed14f4c8206e,fcp,reddit-billgates-post-1.billg,True,reddit-billgates-post-1.billg fcp opt cold fission webrender,,77,ms,firefox,,1703253205,2023-05-30 14:17:42,1248836,,,,,,,,,,,,,,,,,,,,,,,,,,,,,,,,,,,,,,,,,,,,,,,,,TN
38,25819f54f4eb2233a294e431c4f84f146fc2fa5f,0.16177839851024212,autoland,4060709,13,fd0dfc9511c4c123e048823de9954312c2b907c1,linux1804-64-shippable-qr,True,False,,|c|o|l|d| |f|i|s|s|i|o|n| |i|n|t|e|r|a|c|t|i|v|e| |w|e|b|r|e|n|d|e|r|,102210fe594ee9b33d82058545b1ed14f4c8206e,fcp,reddit-billgates-post-1.billg,True,reddit-billgates-post-1.billg fcp opt cold fission webrender,,77,ms,firefox,,1703283511,2023-05-30 14:18:36,1248839,,,,,,,,,,,,,,,,,,,,,,,,,,,,,,,,,,,,,,,,,,,,,,,,,TN
39,fe968fa39d7b2a02923dc930f6045d0c925149cc,0.21764432029795155,autoland,4060709,13,fd0dfc9511c4c123e048823de9954312c2b907c1,linux1804-64-shippable-qr,True,False,,|c|o|l|d| |f|i|s|s|i|o|n| |i|n|t|e|r|a|c|t|i|v|e| |w|e|b|r|e|n|d|e|r|,102210fe594ee9b33d82058545b1ed14f4c8206e,fcp,reddit-billgates-post-1.billg,True,reddit-billgates-post-1.billg fcp opt cold fission webrender,,77,ms,firefox,,1703271087,2023-05-30 14:20:30,1248840,,,,,,,,,,,,,,,,,,,,,,,,,,,,,,,,,,,,,,,,,,,,,,,,,TN
40,8ddf44b47ed68e786f1ca69913136fe2ddd7f1d2,0.2199720670391061,autoland,4060709,13,fd0dfc9511c4c123e048823de9954312c2b907c1,linux1804-64-shippable-qr,True,False,,|c|o|l|d| |f|i|s|s|i|o|n| |i|n|t|e|r|a|c|t|i|v|e| |w|e|b|r|e|n|d|e|r|,102210fe594ee9b33d82058545b1ed14f4c8206e,fcp,reddit-billgates-post-1.billg,True,reddit-billgates-post-1.billg fcp opt cold fission webrender,,77,ms,firefox,,1702804073,2023-05-30 15:20:14,1248888,,,,,,,,,,,,,,,,,,,,,,,,,,,,,,,,,,,,,,,,,,,,,,,,,TN
41,f283a65c051a837eb3b3eb004e258408b9aa8e53,0.20833333333333337,autoland,4060709,13,fd0dfc9511c4c123e048823de9954312c2b907c1,linux1804-64-shippable-qr,True,False,,|c|o|l|d| |f|i|s|s|i|o|n| |i|n|t|e|r|a|c|t|i|v|e| |w|e|b|r|e|n|d|e|r|,102210fe594ee9b33d82058545b1ed14f4c8206e,fcp,reddit-billgates-post-1.billg,True,reddit-billgates-post-1.billg fcp opt cold fission webrender,,77,ms,firefox,,1703240250,2023-05-30 17:40:00,1248971,,,,,,,,,,,,,,,,,,,,,,,,,,,,,,,,,,,,,,,,,,,,,,,,,TN
42,3be173a1e2614e622c6c3361b457b0c2b24ff6da,0.20367783985102417,autoland,4060709,13,fd0dfc9511c4c123e048823de9954312c2b907c1,linux1804-64-shippable-qr,True,False,,|c|o|l|d| |f|i|s|s|i|o|n| |i|n|t|e|r|a|c|t|i|v|e| |w|e|b|r|e|n|d|e|r|,102210fe594ee9b33d82058545b1ed14f4c8206e,fcp,reddit-billgates-post-1.billg,True,reddit-billgates-post-1.billg fcp opt cold fission webrender,,77,ms,firefox,,1703219492,2023-05-30 18:28:22,1249008,,,,,,,,,,,,,,,,,,,,,,,,,,,,,,,,,,,,,,,,,,,,,,,,,TN
43,361a866d206fd695b15823113863d449afb7c87d,0.19902234636871508,autoland,4060709,13,fd0dfc9511c4c123e048823de9954312c2b907c1,linux1804-64-shippable-qr,True,False,,|c|o|l|d| |f|i|s|s|i|o|n| |i|n|t|e|r|a|c|t|i|v|e| |w|e|b|r|e|n|d|e|r|,102210fe594ee9b33d82058545b1ed14f4c8206e,fcp,reddit-billgates-post-1.billg,True,reddit-billgates-post-1.billg fcp opt cold fission webrender,,77,ms,firefox,,1702896802,2023-05-30 19:20:55,1249050,,,,,,,,,,,,,,,,,,,,,,,,,,,,,,,,,,,,,,,,,,,,,,,,,TN
44,f9dad80c02c9517d8cb38311989dab88f1236015,0.26652700186219735,autoland,4060709,13,fd0dfc9511c4c123e048823de9954312c2b907c1,linux1804-64-shippable-qr,True,False,,|c|o|l|d| |f|i|s|s|i|o|n| |i|n|t|e|r|a|c|t|i|v|e| |w|e|b|r|e|n|d|e|r|,102210fe594ee9b33d82058545b1ed14f4c8206e,fcp,reddit-billgates-post-1.billg,True,reddit-billgates-post-1.billg fcp opt cold fission webrender,,77,ms,firefox,,1702914580,2023-05-30 19:21:44,1249051,,,,,,,,,,,,,,,,,,,,,,,,,,,,,,,,,,,,,,,,,,,,,,,,,TN
45,0ea1f0bff41ab8b0e92e4f35f3d6eaf801ad3fc0,0.23626629422718803,autoland,4060709,13,fd0dfc9511c4c123e048823de9954312c2b907c1,linux1804-64-shippable-qr,True,False,,|c|o|l|d| |f|i|s|s|i|o|n| |i|n|t|e|r|a|c|t|i|v|e| |w|e|b|r|e|n|d|e|r|,102210fe594ee9b33d82058545b1ed14f4c8206e,fcp,reddit-billgates-post-1.billg,True,reddit-billgates-post-1.billg fcp opt cold fission webrender,,77,ms,firefox,,1703052618,2023-05-30 22:16:30,1249172,,,,,,,,,,,,,,,,,,,,,,,,,,,,,,,,,,,,,,,,,,,,,,,,,TN
46,40997d8c121ee054ffe5df2c1a10d3a392f78c3c,0.23161080074487894,autoland,4060709,13,fd0dfc9511c4c123e048823de9954312c2b907c1,linux1804-64-shippable-qr,True,False,,|c|o|l|d| |f|i|s|s|i|o|n| |i|n|t|e|r|a|c|t|i|v|e| |w|e|b|r|e|n|d|e|r|,102210fe594ee9b33d82058545b1ed14f4c8206e,fcp,reddit-billgates-post-1.billg,True,reddit-billgates-post-1.billg fcp opt cold fission webrender,,77,ms,firefox,,1703140695,2023-05-31 02:21:54,1249255,,,,,,,,,,,,,,,,,,,,,,,,,,,,,,,,,,,,,,,,,,,,,,,,,TN
47,2317c21d7aeb68528ec7946980e7ca68d74c451a,0.1710893854748603,autoland,4060709,13,fd0dfc9511c4c123e048823de9954312c2b907c1,linux1804-64-shippable-qr,True,False,,|c|o|l|d| |f|i|s|s|i|o|n| |i|n|t|e|r|a|c|t|i|v|e| |w|e|b|r|e|n|d|e|r|,102210fe594ee9b33d82058545b1ed14f4c8206e,fcp,reddit-billgates-post-1.billg,True,reddit-billgates-post-1.billg fcp opt cold fission webrender,,77,ms,firefox,,1703387703,2023-05-31 09:56:26,1249439,,,,,,,,,,,,,,,,,,,,,,,,,,,,,,,,,,,,,,,,,,,,,,,,,TN
48,266547f5163fca069f3fb0846cfd9318a1beda07,0.15479515828677837,autoland,4060709,13,fd0dfc9511c4c123e048823de9954312c2b907c1,linux1804-64-shippable-qr,True,False,,|c|o|l|d| |f|i|s|s|i|o|n| |i|n|t|e|r|a|c|t|i|v|e| |w|e|b|r|e|n|d|e|r|,102210fe594ee9b33d82058545b1ed14f4c8206e,fcp,reddit-billgates-post-1.billg,True,reddit-billgates-post-1.billg fcp opt cold fission webrender,,77,ms,firefox,,1704272792,2023-05-31 12:33:14,1249509,,,,,,,,,,,,,,,,,,,,,,,,,,,,,,,,,,,,,,,,,,,,,,,,,TN
49,be003bc24d249ccbd427d8ba21ea81c4637f1cda,0.15479515828677837,autoland,4060709,13,fd0dfc9511c4c123e048823de9954312c2b907c1,linux1804-64-shippable-qr,True,False,,|c|o|l|d| |f|i|s|s|i|o|n| |i|n|t|e|r|a|c|t|i|v|e| |w|e|b|r|e|n|d|e|r|,102210fe594ee9b33d82058545b1ed14f4c8206e,fcp,reddit-billgates-post-1.billg,True,reddit-billgates-post-1.billg fcp opt cold fission webrender,,77,ms,firefox,,1704215355,2023-05-31 12:40:08,1249513,,,,,,,,,,,,,,,,,,,,,,,,,,,,,,,,,,,,,,,,,,,,,,,,,TN
50,7d2ea0789fc8c8538febac2643670ed4a46de087,0.23161080074487894,autoland,4060709,13,fd0dfc9511c4c123e048823de9954312c2b907c1,linux1804-64-shippable-qr,True,False,,|c|o|l|d| |f|i|s|s|i|o|n| |i|n|t|e|r|a|c|t|i|v|e| |w|e|b|r|e|n|d|e|r|,102210fe594ee9b33d82058545b1ed14f4c8206e,fcp,reddit-billgates-post-1.billg,True,reddit-billgates-post-1.billg fcp opt cold fission webrender,,77,ms,firefox,,1703670729,2023-05-31 14:02:33,1249550,,,,,,,,,,,,,,,,,,,,,,,,,,,,,,,,,,,,,,,,,,,,,,,,,TN
51,513ac812d28fbd668a0b4216f4f52aef38b29501,0.23626629422718803,autoland,4060709,13,fd0dfc9511c4c123e048823de9954312c2b907c1,linux1804-64-shippable-qr,True,False,,|c|o|l|d| |f|i|s|s|i|o|n| |i|n|t|e|r|a|c|t|i|v|e| |w|e|b|r|e|n|d|e|r|,102210fe594ee9b33d82058545b1ed14f4c8206e,fcp,reddit-billgates-post-1.billg,True,reddit-billgates-post-1.billg fcp opt cold fission webrender,,77,ms,firefox,,1703732098,2023-05-31 15:08:35,1249582,,,,,,,,,,,,,,,,,,,,,,,,,,,,,,,,,,,,,,,,,,,,,,,,,TN
52,b1a1fe06a88b8bdb3f1c5564d12f6798261f34f8,0.2246275605214153,autoland,4060709,13,fd0dfc9511c4c123e048823de9954312c2b907c1,linux1804-64-shippable-qr,True,False,,|c|o|l|d| |f|i|s|s|i|o|n| |i|n|t|e|r|a|c|t|i|v|e| |w|e|b|r|e|n|d|e|r|,102210fe594ee9b33d82058545b1ed14f4c8206e,fcp,reddit-billgates-post-1.billg,True,reddit-billgates-post-1.billg fcp opt cold fission webrender,,77,ms,firefox,,1703841099,2023-05-31 17:22:12,1249712,,,,,,,,,,,,,,,,,,,,,,,,,,,,,,,,,,,,,,,,,,,,,,,,,TN
53,acd631722a01cb363c4967477af9f240d35cd218,0.16177839851024212,autoland,4060709,13,fd0dfc9511c4c123e048823de9954312c2b907c1,linux1804-64-shippable-qr,True,False,,|c|o|l|d| |f|i|s|s|i|o|n| |i|n|t|e|r|a|c|t|i|v|e| |w|e|b|r|e|n|d|e|r|,102210fe594ee9b33d82058545b1ed14f4c8206e,fcp,reddit-billgates-post-1.billg,True,reddit-billgates-post-1.billg fcp opt cold fission webrender,,77,ms,firefox,,1703981115,2023-05-31 20:28:19,1249881,,,,,,,,,,,,,,,,,,,,,,,,,,,,,,,,,,,,,,,,,,,,,,,,,TN
54,3e57422d355fbd79bda3cc9af613485b3bdce01e,0.20135009310986962,autoland,4060709,13,fd0dfc9511c4c123e048823de9954312c2b907c1,linux1804-64-shippable-qr,True,False,,|c|o|l|d| |f|i|s|s|i|o|n| |i|n|t|e|r|a|c|t|i|v|e| |w|e|b|r|e|n|d|e|r|,102210fe594ee9b33d82058545b1ed14f4c8206e,fcp,reddit-billgates-post-1.billg,True,reddit-billgates-post-1.billg fcp opt cold fission webrender,,77,ms,firefox,,1704255662,2023-05-31 21:52:05,1249959,,,,,,,,,,,,,,,,,,,,,,,,,,,,,,,,,,,,,,,,,,,,,,,,,TN
55,1ee8fd36b1276fa713a4407e53085c5991e8ad2d,0.19669459962756053,autoland,4060709,13,fd0dfc9511c4c123e048823de9954312c2b907c1,linux1804-64-shippable-qr,True,False,,|c|o|l|d| |f|i|s|s|i|o|n| |i|n|t|e|r|a|c|t|i|v|e| |w|e|b|r|e|n|d|e|r|,102210fe594ee9b33d82058545b1ed14f4c8206e,fcp,reddit-billgates-post-1.billg,True,reddit-billgates-post-1.billg fcp opt cold fission webrender,,77,ms,firefox,,1704284919,2023-05-31 21:52:58,1249961,,,,,,,,,,,,,,,,,,,,,,,,,,,,,,,,,,,,,,,,,,,,,,,,,TN
56,69cd9d943489100b8424cf1b19b0646cbc9c317c,0.19203910614525144,autoland,4060709,13,fd0dfc9511c4c123e048823de9954312c2b907c1,linux1804-64-shippable-qr,True,False,,|c|o|l|d| |f|i|s|s|i|o|n| |i|n|t|e|r|a|c|t|i|v|e| |w|e|b|r|e|n|d|e|r|,102210fe594ee9b33d82058545b1ed14f4c8206e,fcp,reddit-billgates-post-1.billg,True,reddit-billgates-post-1.billg fcp opt cold fission webrender,,77,ms,firefox,,1704123482,2023-05-31 23:35:37,1250055,,,,,,,,,,,,,,,,,,,,,,,,,,,,,,,,,,,,,,,,,,,,,,,,,TN
57,5d6127a9b7ed37774d6403efd4ee1ec813503592,0.16177839851024212,autoland,4060709,13,fd0dfc9511c4c123e048823de9954312c2b907c1,linux1804-64-shippable-qr,True,False,,|c|o|l|d| |f|i|s|s|i|o|n| |i|n|t|e|r|a|c|t|i|v|e| |w|e|b|r|e|n|d|e|r|,102210fe594ee9b33d82058545b1ed14f4c8206e,fcp,reddit-billgates-post-1.billg,True,reddit-billgates-post-1.billg fcp opt cold fission webrender,,77,ms,firefox,,1704226511,2023-06-01 03:44:27,1250134,,,,,,,,,,,,,,,,,,,,,,,,,,,,,,,,,,,,,,,,,,,,,,,,,TN
58,310a02cb1216c0fafadcbc049aac0875871eab96,0.19203910614525144,autoland,4060709,13,fd0dfc9511c4c123e048823de9954312c2b907c1,linux1804-64-shippable-qr,True,False,,|c|o|l|d| |f|i|s|s|i|o|n| |i|n|t|e|r|a|c|t|i|v|e| |w|e|b|r|e|n|d|e|r|,102210fe594ee9b33d82058545b1ed14f4c8206e,fcp,reddit-billgates-post-1.billg,True,reddit-billgates-post-1.billg fcp opt cold fission webrender,,77,ms,firefox,,1704337595,2023-06-01 08:18:01,1250206,,,,,,,,,,,,,,,,,,,,,,,,,,,,,,,,,,,,,,,,,,,,,,,,,TN
59,3ee1184f75ef01c3b8b3acb826d84a189cac75ce,0.10824022346368711,autoland,4060709,13,fd0dfc9511c4c123e048823de9954312c2b907c1,linux1804-64-shippable-qr,True,False,,|c|o|l|d| |f|i|s|s|i|o|n| |i|n|t|e|r|a|c|t|i|v|e| |w|e|b|r|e|n|d|e|r|,102210fe594ee9b33d82058545b1ed14f4c8206e,fcp,reddit-billgates-post-1.billg,True,reddit-billgates-post-1.billg fcp opt cold fission webrender,,77,ms,firefox,,1704393844,2023-06-01 09:51:53,1250243,,,,,,,,,,,,,,,,,,,,,,,,,,,,,,,,,,,,,,,,,,,,,,,,,TN
60,01e7e891e3d0793f8a185fe99b6f8cc9c6ffa74e,0.20367783985102417,autoland,4060709,13,fd0dfc9511c4c123e048823de9954312c2b907c1,linux1804-64-shippable-qr,True,False,,|c|o|l|d| |f|i|s|s|i|o|n| |i|n|t|e|r|a|c|t|i|v|e| |w|e|b|r|e|n|d|e|r|,102210fe594ee9b33d82058545b1ed14f4c8206e,fcp,reddit-billgates-post-1.billg,True,reddit-billgates-post-1.billg fcp opt cold fission webrender,,77,ms,firefox,,1704591183,2023-06-01 13:54:39,1250379,,,,,,,,,,,,,,,,,,,,,,,,,,,,,,,,,,,,,,,,,,,,,,,,,TN
61,ae0f513f1d25aef3f79ad009b5f2dd7407536827,0.1571229050279329,autoland,4060709,13,fd0dfc9511c4c123e048823de9954312c2b907c1,linux1804-64-shippable-qr,True,False,,|c|o|l|d| |f|i|s|s|i|o|n| |i|n|t|e|r|a|c|t|i|v|e| |w|e|b|r|e|n|d|e|r|,102210fe594ee9b33d82058545b1ed14f4c8206e,fcp,reddit-billgates-post-1.billg,True,reddit-billgates-post-1.billg fcp opt cold fission webrender,,77,ms,firefox,,1704753930,2023-06-01 19:53:44,1250634,,,,,,,,,,,,,,,,,,,,,,,,,,,,,,,,,,,,,,,,,,,,,,,,,TN
62,9718fca142ae7765c8ca6c3616fab6e303225556,0.2688547486033519,autoland,4060709,13,fd0dfc9511c4c123e048823de9954312c2b907c1,linux1804-64-shippable-qr,True,False,,|c|o|l|d| |f|i|s|s|i|o|n| |i|n|t|e|r|a|c|t|i|v|e| |w|e|b|r|e|n|d|e|r|,102210fe594ee9b33d82058545b1ed14f4c8206e,fcp,reddit-billgates-post-1.billg,True,reddit-billgates-post-1.billg fcp opt cold fission webrender,,77,ms,firefox,,1704817379,2023-06-01 21:35:55,1250675,,,,,,,,,,,,,,,,,,,,,,,,,,,,,,,,,,,,,,,,,,,,,,,,,TN
63,c365694efc9c7ac4c2c010f9dc97afb7c80107ee,0.2246275605214153,autoland,4060709,13,fd0dfc9511c4c123e048823de9954312c2b907c1,linux1804-64-shippable-qr,True,False,,|c|o|l|d| |f|i|s|s|i|o|n| |i|n|t|e|r|a|c|t|i|v|e| |w|e|b|r|e|n|d|e|r|,102210fe594ee9b33d82058545b1ed14f4c8206e,fcp,reddit-billgates-post-1.billg,True,reddit-billgates-post-1.billg fcp opt cold fission webrender,,77,ms,firefox,,1704907235,2023-06-02 02:04:00,1250783,,,,,,,,,,,,,,,,,,,,,,,,,,,,,,,,,,,,,,,,,,,,,,,,,TN
64,5d642eb9394b5f5e9e9f0a4b6be492055e341e31,0.19902234636871508,autoland,4060709,13,fd0dfc9511c4c123e048823de9954312c2b907c1,linux1804-64-shippable-qr,True,False,,|c|o|l|d| |f|i|s|s|i|o|n| |i|n|t|e|r|a|c|t|i|v|e| |w|e|b|r|e|n|d|e|r|,102210fe594ee9b33d82058545b1ed14f4c8206e,fcp,reddit-billgates-post-1.billg,True,reddit-billgates-post-1.billg fcp opt cold fission webrender,,77,ms,firefox,,1705147667,2023-06-02 12:19:13,1250979,,,,,,,,,,,,,,,,,,,,,,,,,,,,,,,,,,,,,,,,,,,,,,,,,TN
65,e2c71d0ed1e8bb2b9752f78b13c31171d5dde3a9,0.15945065176908757,autoland,4060709,13,fd0dfc9511c4c123e048823de9954312c2b907c1,linux1804-64-shippable-qr,True,False,,|c|o|l|d| |f|i|s|s|i|o|n| |i|n|t|e|r|a|c|t|i|v|e| |w|e|b|r|e|n|d|e|r|,102210fe594ee9b33d82058545b1ed14f4c8206e,fcp,reddit-billgates-post-1.billg,True,reddit-billgates-post-1.billg fcp opt cold fission webrender,,77,ms,firefox,,1705175232,2023-06-02 13:27:34,1251019,,,,,,,,,,,,,,,,,,,,,,,,,,,,,,,,,,,,,,,,,,,,,,,,,TN
66,ad7e9e56836f2bd7e0668d322719f548e825a685,0.24092178770949724,autoland,4060709,13,fd0dfc9511c4c123e048823de9954312c2b907c1,linux1804-64-shippable-qr,True,False,,|c|o|l|d| |f|i|s|s|i|o|n| |i|n|t|e|r|a|c|t|i|v|e| |w|e|b|r|e|n|d|e|r|,102210fe594ee9b33d82058545b1ed14f4c8206e,fcp,reddit-billgates-post-1.billg,True,reddit-billgates-post-1.billg fcp opt cold fission webrender,,77,ms,firefox,,1705276388,2023-06-02 17:59:13,1251185,,,,,,,,,,,,,,,,,,,,,,,,,,,,,,,,,,,,,,,,,,,,,,,,,TN
67,8c3b1c60fde747fcb4e3421062a37b829d6acb9f,0.1804003724394786,autoland,4060709,13,fd0dfc9511c4c123e048823de9954312c2b907c1,linux1804-64-shippable-qr,True,False,,|c|o|l|d| |f|i|s|s|i|o|n| |i|n|t|e|r|a|c|t|i|v|e| |w|e|b|r|e|n|d|e|r|,102210fe594ee9b33d82058545b1ed14f4c8206e,fcp,reddit-billgates-post-1.billg,True,reddit-billgates-post-1.billg fcp opt cold fission webrender,,77,ms,firefox,,1705265603,2023-06-02 18:03:52,1251187,,,,,,,,,,,,,,,,,,,,,,,,,,,,,,,,,,,,,,,,,,,,,,,,,TN
68,b9f63a24bc677e4c6a1f9bc801c2e3bf44dbd6e8,0.24092178770949724,autoland,4060709,13,fd0dfc9511c4c123e048823de9954312c2b907c1,linux1804-64-shippable-qr,True,False,,|c|o|l|d| |f|i|s|s|i|o|n| |i|n|t|e|r|a|c|t|i|v|e| |w|e|b|r|e|n|d|e|r|,102210fe594ee9b33d82058545b1ed14f4c8206e,fcp,reddit-billgates-post-1.billg,True,reddit-billgates-post-1.billg fcp opt cold fission webrender,,77,ms,firefox,,1705373120,2023-06-02 22:18:32,1251308,,,,,,,,,,,,,,,,,,,,,,,,,,,,,,,,,,,,,,,,,,,,,,,,,TN
69,64bce9d136ae9b4bd5482515721d6daf2da53dc3,0.1664338919925512,autoland,4060709,13,fd0dfc9511c4c123e048823de9954312c2b907c1,linux1804-64-shippable-qr,True,False,,|c|o|l|d| |f|i|s|s|i|o|n| |i|n|t|e|r|a|c|t|i|v|e| |w|e|b|r|e|n|d|e|r|,102210fe594ee9b33d82058545b1ed14f4c8206e,fcp,reddit-billgates-post-1.billg,True,reddit-billgates-post-1.billg fcp opt cold fission webrender,,77,ms,firefox,,1705436802,2023-06-03 05:40:17,1251358,,,,,,,,,,,,,,,,,,,,,,,,,,,,,,,,,,,,,,,,,,,,,,,,,TN
70,7bc8c25b2935765c57adc63333c221bbe5067831,0.20833333333333337,autoland,4060709,13,fd0dfc9511c4c123e048823de9954312c2b907c1,linux1804-64-shippable-qr,True,False,,|c|o|l|d| |f|i|s|s|i|o|n| |i|n|t|e|r|a|c|t|i|v|e| |w|e|b|r|e|n|d|e|r|,102210fe594ee9b33d82058545b1ed14f4c8206e,fcp,reddit-billgates-post-1.billg,True,reddit-billgates-post-1.billg fcp opt cold fission webrender,,77,ms,firefox,,1705518687,2023-06-03 14:24:38,1251409,,,,,,,,,,,,,,,,,,,,,,,,,,,,,,,,,,,,,,,,,,,,,,,,,TN
71,b8f06acca6bf62e32647496ed613012fa4c27e9e,0.22229981378026065,autoland,4060709,13,fd0dfc9511c4c123e048823de9954312c2b907c1,linux1804-64-shippable-qr,True,False,,|c|o|l|d| |f|i|s|s|i|o|n| |i|n|t|e|r|a|c|t|i|v|e| |w|e|b|r|e|n|d|e|r|,102210fe594ee9b33d82058545b1ed14f4c8206e,fcp,reddit-billgates-post-1.billg,True,reddit-billgates-post-1.billg fcp opt cold fission webrender,,77,ms,firefox,,1705583666,2023-06-03 23:39:13,1251453,,,,,,,,,,,,,,,,,,,,,,,,,,,,,,,,,,,,,,,,,,,,,,,,,TN
72,00802389f336283602445d4f08e53b8bd09b43eb,0.19669459962756053,autoland,4060709,13,fd0dfc9511c4c123e048823de9954312c2b907c1,linux1804-64-shippable-qr,True,False,,|c|o|l|d| |f|i|s|s|i|o|n| |i|n|t|e|r|a|c|t|i|v|e| |w|e|b|r|e|n|d|e|r|,102210fe594ee9b33d82058545b1ed14f4c8206e,fcp,reddit-billgates-post-1.billg,True,reddit-billgates-post-1.billg fcp opt cold fission webrender,,77,ms,firefox,,1705665332,2023-06-04 11:53:44,1251481,,,,,,,,,,,,,,,,,,,,,,,,,,,,,,,,,,,,,,,,,,,,,,,,,TN
73,eeba3a3c20a4dc53210a44734b25d2c0870b6523,0.18738361266294223,autoland,4060709,13,fd0dfc9511c4c123e048823de9954312c2b907c1,linux1804-64-shippable-qr,True,False,,|c|o|l|d| |f|i|s|s|i|o|n| |i|n|t|e|r|a|c|t|i|v|e| |w|e|b|r|e|n|d|e|r|,102210fe594ee9b33d82058545b1ed14f4c8206e,fcp,reddit-billgates-post-1.billg,True,reddit-billgates-post-1.billg fcp opt cold fission webrender,,77,ms,firefox,,1705705401,2023-06-04 20:28:08,1251514,,,,,,,,,,,,,,,,,,,,,,,,,,,,,,,,,,,,,,,,,,,,,,,,,TN
74,f8fa7749f7bdc93fa3491918a4e8b0fb4db659eb,0.18272811918063314,autoland,4060709,13,fd0dfc9511c4c123e048823de9954312c2b907c1,linux1804-64-shippable-qr,True,False,,|c|o|l|d| |f|i|s|s|i|o|n| |i|n|t|e|r|a|c|t|i|v|e| |w|e|b|r|e|n|d|e|r|,102210fe594ee9b33d82058545b1ed14f4c8206e,fcp,reddit-billgates-post-1.billg,True,reddit-billgates-post-1.billg fcp opt cold fission webrender,,77,ms,firefox,,1705754156,2023-06-05 03:24:10,1251552,,,,,,,,,,,,,,,,,,,,,,,,,,,,,,,,,,,,,,,,,,,,,,,,,TN
75,61d4558543daf8b284b3194aba84289d6e31ad2f,0.19203910614525144,autoland,4060709,13,fd0dfc9511c4c123e048823de9954312c2b907c1,linux1804-64-shippable-qr,True,False,,|c|o|l|d| |f|i|s|s|i|o|n| |i|n|t|e|r|a|c|t|i|v|e| |w|e|b|r|e|n|d|e|r|,102210fe594ee9b33d82058545b1ed14f4c8206e,fcp,reddit-billgates-post-1.billg,True,reddit-billgates-post-1.billg fcp opt cold fission webrender,,77,ms,firefox,,1705788237,2023-06-05 08:05:57,1251588,,,,,,,,,,,,,,,,,,,,,,,,,,,,,,,,,,,,,,,,,,,,,,,,,TN
76,b4f58b5b89c23f507f450070978c31ce37ae0bfa,0.22229981378026065,autoland,4060709,13,fd0dfc9511c4c123e048823de9954312c2b907c1,linux1804-64-shippable-qr,True,False,,|c|o|l|d| |f|i|s|s|i|o|n| |i|n|t|e|r|a|c|t|i|v|e| |w|e|b|r|e|n|d|e|r|,102210fe594ee9b33d82058545b1ed14f4c8206e,fcp,reddit-billgates-post-1.billg,True,reddit-billgates-post-1.billg fcp opt cold fission webrender,,77,ms,firefox,,1706330280,2023-06-05 08:13:54,1251592,,,,,,,,,,,,,,,,,,,,,,,,,,,,,,,,,,,,,,,,,,,,,,,,,TN
77,1affd61c6142771ac7be203e33a442977866164b,0.18971135940409678,autoland,4060709,13,fd0dfc9511c4c123e048823de9954312c2b907c1,linux1804-64-shippable-qr,True,False,,|c|o|l|d| |f|i|s|s|i|o|n| |i|n|t|e|r|a|c|t|i|v|e| |w|e|b|r|e|n|d|e|r|,102210fe594ee9b33d82058545b1ed14f4c8206e,fcp,reddit-billgates-post-1.billg,True,reddit-billgates-post-1.billg fcp opt cold fission webrender,,77,ms,firefox,,1706341613,2023-06-05 09:41:40,1251624,,,,,,,,,,,,,,,,,,,,,,,,,,,,,,,,,,,,,,,,,,,,,,,,,TN
78,201365a3648ecab85ffce4e3930f9e9285ec3fbe,0.18272811918063314,autoland,4060709,13,fd0dfc9511c4c123e048823de9954312c2b907c1,linux1804-64-shippable-qr,True,False,,|c|o|l|d| |f|i|s|s|i|o|n| |i|n|t|e|r|a|c|t|i|v|e| |w|e|b|r|e|n|d|e|r|,102210fe594ee9b33d82058545b1ed14f4c8206e,fcp,reddit-billgates-post-1.billg,True,reddit-billgates-post-1.billg fcp opt cold fission webrender,,77,ms,firefox,,1706371586,2023-06-05 09:45:03,1251629,,,,,,,,,,,,,,,,,,,,,,,,,,,,,,,,,,,,,,,,,,,,,,,,,TN
79,95ed74f9ad6da76c6cf56a1db4cfe6afd6213af2,0.15945065176908757,autoland,4060709,13,fd0dfc9511c4c123e048823de9954312c2b907c1,linux1804-64-shippable-qr,True,False,,|c|o|l|d| |f|i|s|s|i|o|n| |i|n|t|e|r|a|c|t|i|v|e| |w|e|b|r|e|n|d|e|r|,102210fe594ee9b33d82058545b1ed14f4c8206e,fcp,reddit-billgates-post-1.billg,True,reddit-billgates-post-1.billg fcp opt cold fission webrender,,77,ms,firefox,,1706346865,2023-06-05 10:13:11,1251649,,,,,,,,,,,,,,,,,,,,,,,,,,,,,,,,,,,,,,,,,,,,,,,,,TN
80,6ad4019db2d5ac7bea3f12238282b70312e33b89,0.19902234636871508,autoland,4060709,13,fd0dfc9511c4c123e048823de9954312c2b907c1,linux1804-64-shippable-qr,True,False,,|c|o|l|d| |f|i|s|s|i|o|n| |i|n|t|e|r|a|c|t|i|v|e| |w|e|b|r|e|n|d|e|r|,102210fe594ee9b33d82058545b1ed14f4c8206e,fcp,reddit-billgates-post-1.billg,True,reddit-billgates-post-1.billg fcp opt cold fission webrender,,77,ms,firefox,,1706374585,2023-06-05 11:51:57,1251708,,,,,,,,,,,,,,,,,,,,,,,,,,,,,,,,,,,,,,,,,,,,,,,,,TN
81,00af548d93acc8c2c3ab652a04c882e3a80476a9,0.1571229050279329,autoland,4060709,13,fd0dfc9511c4c123e048823de9954312c2b907c1,linux1804-64-shippable-qr,True,False,,|c|o|l|d| |f|i|s|s|i|o|n| |i|n|t|e|r|a|c|t|i|v|e| |w|e|b|r|e|n|d|e|r|,102210fe594ee9b33d82058545b1ed14f4c8206e,fcp,reddit-billgates-post-1.billg,True,reddit-billgates-post-1.billg fcp opt cold fission webrender,,77,ms,firefox,,1705894193,2023-06-05 12:01:26,1251712,,,,,,,,,,,,,,,,,,,,,,,,,,,,,,,,,,,,,,,,,,,,,,,,,TN
82,c8df8c0bde6047b8fe23c9716940cbc1c07c2a65,0.16177839851024212,autoland,4060709,13,fd0dfc9511c4c123e048823de9954312c2b907c1,linux1804-64-shippable-qr,True,False,,|c|o|l|d| |f|i|s|s|i|o|n| |i|n|t|e|r|a|c|t|i|v|e| |w|e|b|r|e|n|d|e|r|,102210fe594ee9b33d82058545b1ed14f4c8206e,fcp,reddit-billgates-post-1.billg,True,reddit-billgates-post-1.billg fcp opt cold fission webrender,,77,ms,firefox,,1706022938,2023-06-05 16:13:31,1251888,,,,,,,,,,,,,,,,,,,,,,,,,,,,,,,,,,,,,,,,,,,,,,,,,TN
83,03d635b2bdb2041550924e64dc0dd20abf4499f9,0.19902234636871508,autoland,4060709,13,fd0dfc9511c4c123e048823de9954312c2b907c1,linux1804-64-shippable-qr,True,False,,|c|o|l|d| |f|i|s|s|i|o|n| |i|n|t|e|r|a|c|t|i|v|e| |w|e|b|r|e|n|d|e|r|,102210fe594ee9b33d82058545b1ed14f4c8206e,fcp,reddit-billgates-post-1.billg,True,reddit-billgates-post-1.billg fcp opt cold fission webrender,,77,ms,firefox,,1706057969,2023-06-05 16:43:43,1251915,,,,,,,,,,,,,,,,,,,,,,,,,,,,,,,,,,,,,,,,,,,,,,,,,TN
84,d73c2643092115d9b5859c16e121e421656264bc,0.19902234636871508,autoland,4060709,13,fd0dfc9511c4c123e048823de9954312c2b907c1,linux1804-64-shippable-qr,True,False,,|c|o|l|d| |f|i|s|s|i|o|n| |i|n|t|e|r|a|c|t|i|v|e| |w|e|b|r|e|n|d|e|r|,102210fe594ee9b33d82058545b1ed14f4c8206e,fcp,reddit-billgates-post-1.billg,True,reddit-billgates-post-1.billg fcp opt cold fission webrender,,77,ms,firefox,,1706161596,2023-06-05 20:14:05,1252060,,,,,,,,,,,,,,,,,,,,,,,,,,,,,,,,,,,,,,,,,,,,,,,,,TN
85,3a79e9a1c11da81af50cfb6e535537b5e8e7ce9f,0.19902234636871508,autoland,4060709,13,fd0dfc9511c4c123e048823de9954312c2b907c1,linux1804-64-shippable-qr,True,False,,|c|o|l|d| |f|i|s|s|i|o|n| |i|n|t|e|r|a|c|t|i|v|e| |w|e|b|r|e|n|d|e|r|,102210fe594ee9b33d82058545b1ed14f4c8206e,fcp,reddit-billgates-post-1.billg,True,reddit-billgates-post-1.billg fcp opt cold fission webrender,,77,ms,firefox,,1706254116,2023-06-05 22:25:10,1252165,,,,,,,,,,,,,,,,,,,,,,,,,,,,,,,,,,,,,,,,,,,,,,,,,TN
86,5e6e896228e55430e8e28f173cc439d598992d1d,0.2339385474860335,autoland,4060709,13,fd0dfc9511c4c123e048823de9954312c2b907c1,linux1804-64-shippable-qr,True,False,,|c|o|l|d| |f|i|s|s|i|o|n| |i|n|t|e|r|a|c|t|i|v|e| |w|e|b|r|e|n|d|e|r|,102210fe594ee9b33d82058545b1ed14f4c8206e,fcp,reddit-billgates-post-1.billg,True,reddit-billgates-post-1.billg fcp opt cold fission webrender,,77,ms,firefox,,1707141618,2023-06-06 07:23:00,1252318,,,,,,,,,,,,,,,,,,,,,,,,,,,,,,,,,,,,,,,,,,,,,,,,,TN
87,7974ac7e053aa00b02c6b9405b4fe87e6729456d,0.24976722532588458,autoland,4060709,13,fd0dfc9511c4c123e048823de9954312c2b907c1,linux1804-64-shippable-qr,True,False,,|c|o|l|d| |f|i|s|s|i|o|n| |i|n|t|e|r|a|c|t|i|v|e| |w|e|b|r|e|n|d|e|r|,102210fe594ee9b33d82058545b1ed14f4c8206e,fcp,reddit-billgates-post-1.billg,True,reddit-billgates-post-1.billg fcp opt cold fission webrender,,77,ms,firefox,,1706421135,2023-06-06 07:45:19,1252336,,,,,,,,,,,,,,,,,,,,,,,,,,,,,,,,,,,,,,,,,,,,,,,,,TN
88,847d7aa42cbef71e48427dda557da27be7b8a938,0.3552141527001862,autoland,4060709,13,fd0dfc9511c4c123e048823de9954312c2b907c1,linux1804-64-shippable-qr,True,False,,|c|o|l|d| |f|i|s|s|i|o|n| |i|n|t|e|r|a|c|t|i|v|e| |w|e|b|r|e|n|d|e|r|,102210fe594ee9b33d82058545b1ed14f4c8206e,fcp,reddit-billgates-post-1.billg,True,reddit-billgates-post-1.billg fcp opt cold fission webrender,,77,ms,firefox,,1706596670,2023-06-06 12:19:14,1252475,,,,,,,,,,,,,,,,,,,,,,,,,,,,,,,,,,,,,,,,,,,,,,,,,TN
89,b97c8d97b6469becb2138e0a621833d27aee5863,0.19483240223463683,autoland,4060709,13,fd0dfc9511c4c123e048823de9954312c2b907c1,linux1804-64-shippable-qr,True,False,,|c|o|l|d| |f|i|s|s|i|o|n| |i|n|t|e|r|a|c|t|i|v|e| |w|e|b|r|e|n|d|e|r|,102210fe594ee9b33d82058545b1ed14f4c8206e,fcp,reddit-billgates-post-1.billg,True,reddit-billgates-post-1.billg fcp opt cold fission webrender,,77,ms,firefox,,1707147469,2023-06-06 12:33:25,1252485,,,,,,,,,,,,,,,,,,,,,,,,,,,,,,,,,,,,,,,,,,,,,,,,,TN
90,d132c75f9ca2cdd84287910ccd9100989085f9e8,0.21671322160148976,autoland,4060709,13,fd0dfc9511c4c123e048823de9954312c2b907c1,linux1804-64-shippable-qr,True,False,,|c|o|l|d| |f|i|s|s|i|o|n| |i|n|t|e|r|a|c|t|i|v|e| |w|e|b|r|e|n|d|e|r|,102210fe594ee9b33d82058545b1ed14f4c8206e,fcp,reddit-billgates-post-1.billg,True,reddit-billgates-post-1.billg fcp opt cold fission webrender,,77,ms,firefox,,1707129825,2023-06-06 12:36:53,1252489,,,,,,,,,,,,,,,,,,,,,,,,,,,,,,,,,,,,,,,,,,,,,,,,,TN
91,51ecbed77cf45640a921f61934b70efadfb58982,0.20554003724394787,autoland,4060709,13,fd0dfc9511c4c123e048823de9954312c2b907c1,linux1804-64-shippable-qr,True,False,,|c|o|l|d| |f|i|s|s|i|o|n| |i|n|t|e|r|a|c|t|i|v|e| |w|e|b|r|e|n|d|e|r|,102210fe594ee9b33d82058545b1ed14f4c8206e,fcp,reddit-billgates-post-1.billg,True,reddit-billgates-post-1.billg fcp opt cold fission webrender,,77,ms,firefox,,1706685959,2023-06-06 15:07:26,1252589,,,,,,,,,,,,,,,,,,,,,,,,,,,,,,,,,,,,,,,,,,,,,,,,,TN
92,3e7d709ab2a3a86ff58f4406faa05e738ca49ec9,0.18761638733705766,autoland,4060709,13,fd0dfc9511c4c123e048823de9954312c2b907c1,linux1804-64-shippable-qr,True,False,,|c|o|l|d| |f|i|s|s|i|o|n| |i|n|t|e|r|a|c|t|i|v|e| |w|e|b|r|e|n|d|e|r|,102210fe594ee9b33d82058545b1ed14f4c8206e,fcp,reddit-billgates-post-1.billg,True,reddit-billgates-post-1.billg fcp opt cold fission webrender,,77,ms,firefox,,1706845337,2023-06-06 19:22:50,1252721,,,,,,,,,,,,,,,,,,,,,,,,,,,,,,,,,,,,,,,,,,,,,,,,,TN
93,9a56830b39f8d6802cef3772f81535d5f7bd475c,0.18924581005586594,autoland,4060709,13,fd0dfc9511c4c123e048823de9954312c2b907c1,linux1804-64-shippable-qr,True,False,,|c|o|l|d| |f|i|s|s|i|o|n| |i|n|t|e|r|a|c|t|i|v|e| |w|e|b|r|e|n|d|e|r|,102210fe594ee9b33d82058545b1ed14f4c8206e,fcp,reddit-billgates-post-1.billg,True,reddit-billgates-post-1.billg fcp opt cold fission webrender,,77,ms,firefox,,1706877032,2023-06-06 19:49:29,1252741,,,,,,,,,,,,,,,,,,,,,,,,,,,,,,,,,,,,,,,,,,,,,,,,,TN
94,3a8e0dd854b5d9349d96a17de81427442d412db9,0.22299813780260713,autoland,4060709,13,fd0dfc9511c4c123e048823de9954312c2b907c1,linux1804-64-shippable-qr,True,False,,|c|o|l|d| |f|i|s|s|i|o|n| |i|n|t|e|r|a|c|t|i|v|e| |w|e|b|r|e|n|d|e|r|,102210fe594ee9b33d82058545b1ed14f4c8206e,fcp,reddit-billgates-post-1.billg,True,reddit-billgates-post-1.billg fcp opt cold fission webrender,,77,ms,firefox,,1706961565,2023-06-06 22:47:19,1252831,,,,,,,,,,,,,,,,,,,,,,,,,,,,,,,,,,,,,,,,,,,,,,,,,TN
95,714383968fdbbcb6ef5ff4fc599e11ae386d09ce,0.2264897579143389,autoland,4060709,13,fd0dfc9511c4c123e048823de9954312c2b907c1,linux1804-64-shippable-qr,True,False,,|c|o|l|d| |f|i|s|s|i|o|n| |i|n|t|e|r|a|c|t|i|v|e| |w|e|b|r|e|n|d|e|r|,102210fe594ee9b33d82058545b1ed14f4c8206e,fcp,reddit-billgates-post-1.billg,True,reddit-billgates-post-1.billg fcp opt cold fission webrender,,77,ms,firefox,,1707061002,2023-06-07 02:52:45,1252906,,,,,,,,,,,,,,,,,,,,,,,,,,,,,,,,,,,,,,,,,,,,,,,,,TN
96,29928f29c7a08d81bf5a480f4678c4c90b0abc68,0.202048417132216,autoland,4060709,13,fd0dfc9511c4c123e048823de9954312c2b907c1,linux1804-64-shippable-qr,True,False,,|c|o|l|d| |f|i|s|s|i|o|n| |i|n|t|e|r|a|c|t|i|v|e| |w|e|b|r|e|n|d|e|r|,102210fe594ee9b33d82058545b1ed14f4c8206e,fcp,reddit-billgates-post-1.billg,True,reddit-billgates-post-1.billg fcp opt cold fission webrender,,77,ms,firefox,,1707203517,2023-06-07 06:55:53,1252967,,,,,,,,,,,,,,,,,,,,,,,,,,,,,,,,,,,,,,,,,,,,,,,,,TN
97,17472385b962b35b99a2c97f0c9b3f70604fab8a,0.14804469273743015,autoland,4060709,13,fd0dfc9511c4c123e048823de9954312c2b907c1,linux1804-64-shippable-qr,True,False,,|c|o|l|d| |f|i|s|s|i|o|n| |i|n|t|e|r|a|c|t|i|v|e| |w|e|b|r|e|n|d|e|r|,102210fe594ee9b33d82058545b1ed14f4c8206e,fcp,reddit-billgates-post-1.billg,True,reddit-billgates-post-1.billg fcp opt cold fission webrender,,77,ms,firefox,,1707814485,2023-06-07 08:38:12,1253010,,,,,,,,,,,,,,,,,,,,,,,,,,,,,,,,,,,,,,,,,,,,,,,,,TN
98,5ee71fd842f2101b638b15488f8e630293dacd51,0.18296089385474856,autoland,4060709,13,fd0dfc9511c4c123e048823de9954312c2b907c1,linux1804-64-shippable-qr,True,False,,|c|o|l|d| |f|i|s|s|i|o|n| |i|n|t|e|r|a|c|t|i|v|e| |w|e|b|r|e|n|d|e|r|,102210fe594ee9b33d82058545b1ed14f4c8206e,fcp,reddit-billgates-post-1.billg,True,reddit-billgates-post-1.billg fcp opt cold fission webrender,,77,ms,firefox,,1707746399,2023-06-07 08:45:52,1253014,,,,,,,,,,,,,,,,,,,,,,,,,,,,,,,,,,,,,,,,,,,,,,,,,TN
99,5c2039dcc9e34d981b3343ed3819d1f65ef07909,0.19762569832402233,autoland,4060709,13,fd0dfc9511c4c123e048823de9954312c2b907c1,linux1804-64-shippable-qr,True,False,,|c|o|l|d| |f|i|s|s|i|o|n| |i|n|t|e|r|a|c|t|i|v|e| |w|e|b|r|e|n|d|e|r|,102210fe594ee9b33d82058545b1ed14f4c8206e,fcp,reddit-billgates-post-1.billg,True,reddit-billgates-post-1.billg fcp opt cold fission webrender,,77,ms,firefox,,1707299507,2023-06-07 11:44:03,1253076,,,,,,,,,,,,,,,,,,,,,,,,,,,,,,,,,,,,,,,,,,,,,,,,,TN
100,ed7804ffc016687db27f68ab46e27c0ffefda3af,0.19809124767225328,autoland,4060709,13,fd0dfc9511c4c123e048823de9954312c2b907c1,linux1804-64-shippable-qr,True,False,,|c|o|l|d| |f|i|s|s|i|o|n| |i|n|t|e|r|a|c|t|i|v|e| |w|e|b|r|e|n|d|e|r|,102210fe594ee9b33d82058545b1ed14f4c8206e,fcp,reddit-billgates-post-1.billg,True,reddit-billgates-post-1.billg fcp opt cold fission webrender,,77,ms,firefox,,1707345348,2023-06-07 13:36:12,1253119,,,,,,,,,,,,,,,,,,,,,,,,,,,,,,,,,,,,,,,,,,,,,,,,,TN
101,1e9ddd307894fd2055ca49dcaa461478d0acea9e,0.20321229050279332,autoland,4060709,13,fd0dfc9511c4c123e048823de9954312c2b907c1,linux1804-64-shippable-qr,True,False,,|c|o|l|d| |f|i|s|s|i|o|n| |i|n|t|e|r|a|c|t|i|v|e| |w|e|b|r|e|n|d|e|r|,102210fe594ee9b33d82058545b1ed14f4c8206e,fcp,reddit-billgates-post-1.billg,True,reddit-billgates-post-1.billg fcp opt cold fission webrender,,77,ms,firefox,,1707428329,2023-06-07 16:40:09,1253256,,,,,,,,,,,,,,,,,,,,,,,,,,,,,,,,,,,,,,,,,,,,,,,,,TN
102,d777b008615418be897668f8099b9e68f6666a3c,0.22299813780260713,autoland,4060709,13,fd0dfc9511c4c123e048823de9954312c2b907c1,linux1804-64-shippable-qr,True,False,,|c|o|l|d| |f|i|s|s|i|o|n| |i|n|t|e|r|a|c|t|i|v|e| |w|e|b|r|e|n|d|e|r|,102210fe594ee9b33d82058545b1ed14f4c8206e,fcp,reddit-billgates-post-1.billg,True,reddit-billgates-post-1.billg fcp opt cold fission webrender,,77,ms,firefox,,1707564420,2023-06-07 20:51:47,1253401,,,,,,,,,,,,,,,,,,,,,,,,,,,,,,,,,,,,,,,,,,,,,,,,,TN
103,c18688c9011d0dc50b79d2f830dbf323c8c75604,0.1945996275605214,autoland,4060709,13,fd0dfc9511c4c123e048823de9954312c2b907c1,linux1804-64-shippable-qr,True,False,,|c|o|l|d| |f|i|s|s|i|o|n| |i|n|t|e|r|a|c|t|i|v|e| |w|e|b|r|e|n|d|e|r|,102210fe594ee9b33d82058545b1ed14f4c8206e,fcp,reddit-billgates-post-1.billg,True,reddit-billgates-post-1.billg fcp opt cold fission webrender,,77,ms,firefox,,1707633317,2023-06-07 22:54:42,1253472,,,,,,,,,,,,,,,,,,,,,,,,,,,,,,,,,,,,,,,,,,,,,,,,,TN
104,2b2fb0c1bd13f27bbd5094192791600a5e261c4b,0.270949720670391,autoland,4060709,13,fd0dfc9511c4c123e048823de9954312c2b907c1,linux1804-64-shippable-qr,True,False,,|c|o|l|d| |f|i|s|s|i|o|n| |i|n|t|e|r|a|c|t|i|v|e| |w|e|b|r|e|n|d|e|r|,102210fe594ee9b33d82058545b1ed14f4c8206e,fcp,reddit-billgates-post-1.billg,True,reddit-billgates-post-1.billg fcp opt cold fission webrender,,77,ms,firefox,,1707783700,2023-06-08 03:47:09,1253596,,,,,,,,,,,,,,,,,,,,,,,,,,,,,,,,,,,,,,,,,,,,,,,,,TN
105,d588d40904f7880592d27c083cb64d31864340cb,0.18063314711359402,autoland,4060709,13,fd0dfc9511c4c123e048823de9954312c2b907c1,linux1804-64-shippable-qr,True,False,,|c|o|l|d| |f|i|s|s|i|o|n| |i|n|t|e|r|a|c|t|i|v|e| |w|e|b|r|e|n|d|e|r|,102210fe594ee9b33d82058545b1ed14f4c8206e,fcp,reddit-billgates-post-1.billg,True,reddit-billgates-post-1.billg fcp opt cold fission webrender,,77,ms,firefox,,1707834729,2023-06-08 06:27:32,1253626,,,,,,,,,,,,,,,,,,,,,,,,,,,,,,,,,,,,,,,,,,,,,,,,,TN
106,a86d5a3f177d480362c07a9ed34166ae41840ab6,0.23929236499068907,autoland,4060709,13,fd0dfc9511c4c123e048823de9954312c2b907c1,linux1804-64-shippable-qr,True,False,,|c|o|l|d| |f|i|s|s|i|o|n| |i|n|t|e|r|a|c|t|i|v|e| |w|e|b|r|e|n|d|e|r|,102210fe594ee9b33d82058545b1ed14f4c8206e,fcp,reddit-billgates-post-1.billg,True,reddit-billgates-post-1.billg fcp opt cold fission webrender,,77,ms,firefox,,1707973968,2023-06-08 10:57:22,1253788,,,,,,,,,,,,,,,,,,,,,,,,,,,,,,,,,,,,,,,,,,,,,,,,,TN
107,c7b3905a77fb83c75344dddb5646c5c7f5d16714,0.2313780260707634,autoland,4060709,13,fd0dfc9511c4c123e048823de9954312c2b907c1,linux1804-64-shippable-qr,True,False,,|c|o|l|d| |f|i|s|s|i|o|n| |i|n|t|e|r|a|c|t|i|v|e| |w|e|b|r|e|n|d|e|r|,102210fe594ee9b33d82058545b1ed14f4c8206e,fcp,reddit-billgates-post-1.billg,True,reddit-billgates-post-1.billg fcp opt cold fission webrender,,77,ms,firefox,,1708342987,2023-06-08 21:44:04,1254265,,,,,,,,,,,,,,,,,,,,,,,,,,,,,,,,,,,,,,,,,,,,,,,,,TN
108,d18ffb52540958c2b12d76b4a392e12df3bc4280,0.19855679702048423,autoland,4060709,13,fd0dfc9511c4c123e048823de9954312c2b907c1,linux1804-64-shippable-qr,True,False,,|c|o|l|d| |f|i|s|s|i|o|n| |i|n|t|e|r|a|c|t|i|v|e| |w|e|b|r|e|n|d|e|r|,102210fe594ee9b33d82058545b1ed14f4c8206e,fcp,reddit-billgates-post-1.billg,True,reddit-billgates-post-1.billg fcp opt cold fission webrender,,77,ms,firefox,,1708420136,2023-06-09 02:20:20,1254350,,,,,,,,,,,,,,,,,,,,,,,,,,,,,,,,,,,,,,,,,,,,,,,,,TN
109,e76a7e9393add417bcf6a33d7e0c71909cc3c6d9,0.14813780260707632,autoland,4060709,13,fd0dfc9511c4c123e048823de9954312c2b907c1,linux1804-64-shippable-qr,True,False,,|c|o|l|d| |f|i|s|s|i|o|n| |i|n|t|e|r|a|c|t|i|v|e| |w|e|b|r|e|n|d|e|r|,102210fe594ee9b33d82058545b1ed14f4c8206e,fcp,reddit-billgates-post-1.billg,True,reddit-billgates-post-1.billg fcp opt cold fission webrender,,77,ms,firefox,,1708488583,2023-06-09 06:38:52,1254404,,,,,,,,,,,,,,,,,,,,,,,,,,,,,,,,,,,,,,,,,,,,,,,,,TN
110,16123ae006bde0652837ee005684f287424cafe8,0.1593924581005587,autoland,4060709,13,fd0dfc9511c4c123e048823de9954312c2b907c1,linux1804-64-shippable-qr,True,False,,|c|o|l|d| |f|i|s|s|i|o|n| |i|n|t|e|r|a|c|t|i|v|e| |w|e|b|r|e|n|d|e|r|,102210fe594ee9b33d82058545b1ed14f4c8206e,fcp,reddit-billgates-post-1.billg,True,reddit-billgates-post-1.billg fcp opt cold fission webrender,,77,ms,firefox,,1711744473,2023-06-09 06:55:19,1254412,,,,,,,,,,,,,,,,,,,,,,,,,,,,,,,,,,,,,,,,,,,,,,,,,TN
111,2aa0083aad1bb8200d90e9358ad25824410a252f,0.1414106145251397,autoland,4060709,13,fd0dfc9511c4c123e048823de9954312c2b907c1,linux1804-64-shippable-qr,True,False,,|c|o|l|d| |f|i|s|s|i|o|n| |i|n|t|e|r|a|c|t|i|v|e| |w|e|b|r|e|n|d|e|r|,102210fe594ee9b33d82058545b1ed14f4c8206e,fcp,reddit-billgates-post-1.billg,True,reddit-billgates-post-1.billg fcp opt cold fission webrender,,77,ms,firefox,,1711744382,2023-06-09 07:03:32,1254414,,,,,,,,,,,,,,,,,,,,,,,,,,,,,,,,,,,,,,,,,,,,,,,,,TN
112,7d3fb55b4418563edc478d110857dafc32d257e8,0.15758845437616387,autoland,4060709,13,fd0dfc9511c4c123e048823de9954312c2b907c1,linux1804-64-shippable-qr,True,False,,|c|o|l|d| |f|i|s|s|i|o|n| |i|n|t|e|r|a|c|t|i|v|e| |w|e|b|r|e|n|d|e|r|,102210fe594ee9b33d82058545b1ed14f4c8206e,fcp,reddit-billgates-post-1.billg,True,reddit-billgates-post-1.billg fcp opt cold fission webrender,,77,ms,firefox,,1711746703,2023-06-09 07:07:46,1254415,,,,,,,,,,,,,,,,,,,,,,,,,,,,,,,,,,,,,,,,,,,,,,,,,TN
113,ea10214aa35fdb709eb028918a2fa0b20d77cead,0.1559008379888268,autoland,4060709,13,fd0dfc9511c4c123e048823de9954312c2b907c1,linux1804-64-shippable-qr,True,False,,|c|o|l|d| |f|i|s|s|i|o|n| |i|n|t|e|r|a|c|t|i|v|e| |w|e|b|r|e|n|d|e|r|,102210fe594ee9b33d82058545b1ed14f4c8206e,fcp,reddit-billgates-post-1.billg,True,reddit-billgates-post-1.billg fcp opt cold fission webrender,,77,ms,firefox,,1711744751,2023-06-09 07:56:27,1254438,,,,,,,,,,,,,,,,,,,,,,,,,,,,,,,,,,,,,,,,,,,,,,,,,TN
114,3c2945946eff615776cf4e511604c2b0cff61bec,0.13809357541899436,autoland,4060709,13,fd0dfc9511c4c123e048823de9954312c2b907c1,linux1804-64-shippable-qr,True,False,,|c|o|l|d| |f|i|s|s|i|o|n| |i|n|t|e|r|a|c|t|i|v|e| |w|e|b|r|e|n|d|e|r|,102210fe594ee9b33d82058545b1ed14f4c8206e,fcp,reddit-billgates-post-1.billg,True,reddit-billgates-post-1.billg fcp opt cold fission webrender,,77,ms,firefox,,1711739862,2023-06-09 07:59:27,1254439,,,,,,,,,,,,,,,,,,,,,,,,,,,,,,,,,,,,,,,,,,,,,,,,,TN
115,f1b7c4df95b1ba4fac704ea419b6cc36c1b45bf2,0.14443668528864062,autoland,4060709,13,fd0dfc9511c4c123e048823de9954312c2b907c1,linux1804-64-shippable-qr,True,False,,|c|o|l|d| |f|i|s|s|i|o|n| |i|n|t|e|r|a|c|t|i|v|e| |w|e|b|r|e|n|d|e|r|,102210fe594ee9b33d82058545b1ed14f4c8206e,fcp,reddit-billgates-post-1.billg,True,reddit-billgates-post-1.billg fcp opt cold fission webrender,,77,ms,firefox,,1711745791,2023-06-09 08:28:28,1254457,,,,,,,,,,,,,,,,,,,,,,,,,,,,,,,,,,,,,,,,,,,,,,,,,TN
116,6453bd709950f540a9b961069fe05277eec38c4e,0.1778864059590316,autoland,4060709,13,fd0dfc9511c4c123e048823de9954312c2b907c1,linux1804-64-shippable-qr,True,False,,|c|o|l|d| |f|i|s|s|i|o|n| |i|n|t|e|r|a|c|t|i|v|e| |w|e|b|r|e|n|d|e|r|,102210fe594ee9b33d82058545b1ed14f4c8206e,fcp,reddit-billgates-post-1.billg,True,reddit-billgates-post-1.billg fcp opt cold fission webrender,,77,ms,firefox,,1708520283,2023-06-09 08:40:41,1254469,,,,,,,,,,,,,,,,,,,,,,,,,,,,,,,,,,,,,,,,,,,,,,,,,TN
117,5c7093b1d7310d3d4bb252508c6329ad8b0e9cd0,0.1624767225325885,autoland,4060709,13,fd0dfc9511c4c123e048823de9954312c2b907c1,linux1804-64-shippable-qr,True,False,,|c|o|l|d| |f|i|s|s|i|o|n| |i|n|t|e|r|a|c|t|i|v|e| |w|e|b|r|e|n|d|e|r|,102210fe594ee9b33d82058545b1ed14f4c8206e,fcp,reddit-billgates-post-1.billg,True,reddit-billgates-post-1.billg fcp opt cold fission webrender,,77,ms,firefox,,1711730951,2023-06-09 09:25:52,1254494,,,,,,,,,,,,,,,,,,,,,,,,,,,,,,,,,,,,,,,,,,,,,,,,,TN
118,f802574bae42612a04094c0eaf9f5ab11371ab41,0.1324487895716946,autoland,4060709,13,fd0dfc9511c4c123e048823de9954312c2b907c1,linux1804-64-shippable-qr,True,False,,|c|o|l|d| |f|i|s|s|i|o|n| |i|n|t|e|r|a|c|t|i|v|e| |w|e|b|r|e|n|d|e|r|,102210fe594ee9b33d82058545b1ed14f4c8206e,fcp,reddit-billgates-post-1.billg,True,reddit-billgates-post-1.billg fcp opt cold fission webrender,,77,ms,firefox,,1710273506,2023-06-09 11:19:03,1254547,,,,,,,,,,,,,,,,,,,,,,,,,,,,,,,,,,,,,,,,,,,,,,,,,TN
119,2766c50b0ce512090478d191cc788f3d6259b0f0,0.13850093109869643,autoland,4060709,13,fd0dfc9511c4c123e048823de9954312c2b907c1,linux1804-64-shippable-qr,True,False,,|c|o|l|d| |f|i|s|s|i|o|n| |i|n|t|e|r|a|c|t|i|v|e| |w|e|b|r|e|n|d|e|r|,102210fe594ee9b33d82058545b1ed14f4c8206e,fcp,reddit-billgates-post-1.billg,True,reddit-billgates-post-1.billg fcp opt cold fission webrender,,77,ms,firefox,,1710273627,2023-06-09 11:25:56,1254550,,,,,,,,,,,,,,,,,,,,,,,,,,,,,,,,,,,,,,,,,,,,,,,,,TN
120,73c167fba846d84ef338abfd7414d86eebbc3e6e,0.14990689013035385,autoland,4060709,13,fd0dfc9511c4c123e048823de9954312c2b907c1,linux1804-64-shippable-qr,True,False,,|c|o|l|d| |f|i|s|s|i|o|n| |i|n|t|e|r|a|c|t|i|v|e| |w|e|b|r|e|n|d|e|r|,102210fe594ee9b33d82058545b1ed14f4c8206e,fcp,reddit-billgates-post-1.billg,True,reddit-billgates-post-1.billg fcp opt cold fission webrender,,77,ms,firefox,,1710273595,2023-06-09 11:26:53,1254551,,,,,,,,,,,,,,,,,,,,,,,,,,,,,,,,,,,,,,,,,,,,,,,,,TN
121,beecbfd3307ef6a48568db006de4264bfb0893b0,0.13175046554934822,autoland,4060709,13,fd0dfc9511c4c123e048823de9954312c2b907c1,linux1804-64-shippable-qr,True,False,,|c|o|l|d| |f|i|s|s|i|o|n| |i|n|t|e|r|a|c|t|i|v|e| |w|e|b|r|e|n|d|e|r|,102210fe594ee9b33d82058545b1ed14f4c8206e,fcp,reddit-billgates-post-1.billg,True,reddit-billgates-post-1.billg fcp opt cold fission webrender,,77,ms,firefox,,1710273695,2023-06-09 11:27:47,1254552,,,,,,,,,,,,,,,,,,,,,,,,,,,,,,,,,,,,,,,,,,,,,,,,,TN
122,ab28af735ead63e396ff5165932930244c3949e9,0.1447858472998137,autoland,4060709,13,fd0dfc9511c4c123e048823de9954312c2b907c1,linux1804-64-shippable-qr,True,False,,|c|o|l|d| |f|i|s|s|i|o|n| |i|n|t|e|r|a|c|t|i|v|e| |w|e|b|r|e|n|d|e|r|,102210fe594ee9b33d82058545b1ed14f4c8206e,fcp,reddit-billgates-post-1.billg,True,reddit-billgates-post-1.billg fcp opt cold fission webrender,,77,ms,firefox,,1710273786,2023-06-09 11:28:38,1254553,,,,,,,,,,,,,,,,,,,,,,,,,,,,,,,,,,,,,,,,,,,,,,,,,TN
123,b2a1e760b23149650ac1c047f6529cbeae6deefe,0.12383612662942267,autoland,4060709,13,fd0dfc9511c4c123e048823de9954312c2b907c1,linux1804-64-shippable-qr,True,False,,|c|o|l|d| |f|i|s|s|i|o|n| |i|n|t|e|r|a|c|t|i|v|e| |w|e|b|r|e|n|d|e|r|,102210fe594ee9b33d82058545b1ed14f4c8206e,fcp,reddit-billgates-post-1.billg,True,reddit-billgates-post-1.billg fcp opt cold fission webrender,,77,ms,firefox,,1710273989,2023-06-09 11:29:42,1254554,,,,,,,,,,,,,,,,,,,,,,,,,,,,,,,,,,,,,,,,,,,,,,,,,TN
124,951284fe622cc3d375cade886ff33a9cb8f275fa,0.1692271880819367,autoland,4060709,13,fd0dfc9511c4c123e048823de9954312c2b907c1,linux1804-64-shippable-qr,True,False,,|c|o|l|d| |f|i|s|s|i|o|n| |i|n|t|e|r|a|c|t|i|v|e| |w|e|b|r|e|n|d|e|r|,102210fe594ee9b33d82058545b1ed14f4c8206e,fcp,reddit-billgates-post-1.billg,True,reddit-billgates-post-1.billg fcp opt cold fission webrender,,77,ms,firefox,,1710274060,2023-06-09 11:30:31,1254555,,,,,,,,,,,,,,,,,,,,,,,,,,,,,,,,,,,,,,,,,,,,,,,,,TN
125,d57d46ab673182e2d7cd5745d8060bdf0bf8072b,0.1354748603351955,autoland,4060709,13,fd0dfc9511c4c123e048823de9954312c2b907c1,linux1804-64-shippable-qr,True,False,,|c|o|l|d| |f|i|s|s|i|o|n| |i|n|t|e|r|a|c|t|i|v|e| |w|e|b|r|e|n|d|e|r|,102210fe594ee9b33d82058545b1ed14f4c8206e,fcp,reddit-billgates-post-1.billg,True,reddit-billgates-post-1.billg fcp opt cold fission webrender,,77,ms,firefox,,1710274081,2023-06-09 12:17:59,1254573,,,,,,,,,,,,,,,,,,,,,,,,,,,,,,,,,,,,,,,,,,,,,,,,,TN
126,7467d3da5f29eddf7cf135a00cef8cf87b5c6911,0.2562849162011174,autoland,4060709,13,fd0dfc9511c4c123e048823de9954312c2b907c1,linux1804-64-shippable-qr,True,False,,|c|o|l|d| |f|i|s|s|i|o|n| |i|n|t|e|r|a|c|t|i|v|e| |w|e|b|r|e|n|d|e|r|,102210fe594ee9b33d82058545b1ed14f4c8206e,fcp,reddit-billgates-post-1.billg,True,reddit-billgates-post-1.billg fcp opt cold fission webrender,,77,ms,firefox,,1708673315,2023-06-09 13:23:42,1254611,,,,,,,,,,,,,,,,,,,,,,,,,,,,,,,,,,,,,,,,,,,,,,,,,TN
127,e90aa9db27518d8530c3f8c040bf0e725197fab4,0.12802607076350092,autoland,4060709,13,fd0dfc9511c4c123e048823de9954312c2b907c1,linux1804-64-shippable-qr,True,False,,|c|o|l|d| |f|i|s|s|i|o|n| |i|n|t|e|r|a|c|t|i|v|e| |w|e|b|r|e|n|d|e|r|,102210fe594ee9b33d82058545b1ed14f4c8206e,fcp,reddit-billgates-post-1.billg,True,reddit-billgates-post-1.billg fcp opt cold fission webrender,,77,ms,firefox,,1710146286,2023-06-09 13:24:30,1254612,,,,,,,,,,,,,,,,,,,,,,,,,,,,,,,,,,,,,,,,,,,,,,,,,TN
128,0d88c6fe314b5f6b7fb7c2bcc6b4159e8d0b79ef,0.138268156424581,autoland,4060709,13,fd0dfc9511c4c123e048823de9954312c2b907c1,linux1804-64-shippable-qr,True,False,,|c|o|l|d| |f|i|s|s|i|o|n| |i|n|t|e|r|a|c|t|i|v|e| |w|e|b|r|e|n|d|e|r|,102210fe594ee9b33d82058545b1ed14f4c8206e,fcp,reddit-billgates-post-1.billg,True,reddit-billgates-post-1.billg fcp opt cold fission webrender,,77,ms,firefox,,1710146417,2023-06-09 13:28:09,1254615,,,,,,,,,,,,,,,,,,,,,,,,,,,,,,,,,,,,,,,,,,,,,,,,,TN
129,edab263e54de6f9d72374fcb9865851a9aa99675,0.12290502793296088,autoland,4060709,13,fd0dfc9511c4c123e048823de9954312c2b907c1,linux1804-64-shippable-qr,True,False,,|c|o|l|d| |f|i|s|s|i|o|n| |i|n|t|e|r|a|c|t|i|v|e| |w|e|b|r|e|n|d|e|r|,102210fe594ee9b33d82058545b1ed14f4c8206e,fcp,reddit-billgates-post-1.billg,True,reddit-billgates-post-1.billg fcp opt cold fission webrender,,77,ms,firefox,,1710146743,2023-06-09 13:41:40,1254627,,,,,,,,,,,,,,,,,,,,,,,,,,,,,,,,,,,,,,,,,,,,,,,,,TN
130,a1d9884cb81535fa49eb85e89520e48a240ee457,0.12337057728119183,autoland,4060709,13,fd0dfc9511c4c123e048823de9954312c2b907c1,linux1804-64-shippable-qr,True,False,,|c|o|l|d| |f|i|s|s|i|o|n| |i|n|t|e|r|a|c|t|i|v|e| |w|e|b|r|e|n|d|e|r|,102210fe594ee9b33d82058545b1ed14f4c8206e,fcp,reddit-billgates-post-1.billg,True,reddit-billgates-post-1.billg fcp opt cold fission webrender,,77,ms,firefox,,1710146702,2023-06-09 13:47:12,1254630,,,,,,,,,,,,,,,,,,,,,,,,,,,,,,,,,,,,,,,,,,,,,,,,,TN
131,97ed2fb9c5d3c74bc714274860714b468ef19a9a,0.11871508379888274,autoland,4060709,13,fd0dfc9511c4c123e048823de9954312c2b907c1,linux1804-64-shippable-qr,True,False,,|c|o|l|d| |f|i|s|s|i|o|n| |i|n|t|e|r|a|c|t|i|v|e| |w|e|b|r|e|n|d|e|r|,102210fe594ee9b33d82058545b1ed14f4c8206e,fcp,reddit-billgates-post-1.billg,True,reddit-billgates-post-1.billg fcp opt cold fission webrender,,77,ms,firefox,,1710146778,2023-06-09 14:13:26,1254648,,,,,,,,,,,,,,,,,,,,,,,,,,,,,,,,,,,,,,,,,,,,,,,,,TN
132,f03661a056f02858b81ad19bb858c319d21e4900,0.10684357541899447,autoland,4060709,13,fd0dfc9511c4c123e048823de9954312c2b907c1,linux1804-64-shippable-qr,True,False,,|c|o|l|d| |f|i|s|s|i|o|n| |i|n|t|e|r|a|c|t|i|v|e| |w|e|b|r|e|n|d|e|r|,102210fe594ee9b33d82058545b1ed14f4c8206e,fcp,reddit-billgates-post-1.billg,True,reddit-billgates-post-1.billg fcp opt cold fission webrender,,77,ms,firefox,,1710146955,2023-06-09 15:04:44,1254686,,,,,,,,,,,,,,,,,,,,,,,,,,,,,,,,,,,,,,,,,,,,,,,,,TN
133,535d3ce2b8822fc26171d9a89b40db1be7241144,0.10521415270018619,autoland,4060709,13,fd0dfc9511c4c123e048823de9954312c2b907c1,linux1804-64-shippable-qr,True,False,,|c|o|l|d| |f|i|s|s|i|o|n| |i|n|t|e|r|a|c|t|i|v|e| |w|e|b|r|e|n|d|e|r|,102210fe594ee9b33d82058545b1ed14f4c8206e,fcp,reddit-billgates-post-1.billg,True,reddit-billgates-post-1.billg fcp opt cold fission webrender,,77,ms,firefox,,1710146859,2023-06-09 15:09:25,1254691,,,,,,,,,,,,,,,,,,,,,,,,,,,,,,,,,,,,,,,,,,,,,,,,,TN
134,93bc7341a53c7354cbe8b68471021562a6a79e91,0.143854748603352,autoland,4060709,13,fd0dfc9511c4c123e048823de9954312c2b907c1,linux1804-64-shippable-qr,True,False,,|c|o|l|d| |f|i|s|s|i|o|n| |i|n|t|e|r|a|c|t|i|v|e| |w|e|b|r|e|n|d|e|r|,102210fe594ee9b33d82058545b1ed14f4c8206e,fcp,reddit-billgates-post-1.billg,True,reddit-billgates-post-1.billg fcp opt cold fission webrender,,77,ms,firefox,,1710146816,2023-06-09 15:36:30,1254715,,,,,,,,,,,,,,,,,,,,,,,,,,,,,,,,,,,,,,,,,,,,,,,,,TN
135,b09904ff2950a47afcb1191293304458e08e6ea6,0.11801675977653625,autoland,4060709,13,fd0dfc9511c4c123e048823de9954312c2b907c1,linux1804-64-shippable-qr,True,False,,|c|o|l|d| |f|i|s|s|i|o|n| |i|n|t|e|r|a|c|t|i|v|e| |w|e|b|r|e|n|d|e|r|,102210fe594ee9b33d82058545b1ed14f4c8206e,fcp,reddit-billgates-post-1.billg,True,reddit-billgates-post-1.billg fcp opt cold fission webrender,,77,ms,firefox,,1710146902,2023-06-09 15:38:57,1254718,,,,,,,,,,,,,,,,,,,,,,,,,,,,,,,,,,,,,,,,,,,,,,,,,TN
136,439e88bdf46b8545bcf3fbf4d1cac9bf084df91d,0.17085661080074488,autoland,4060709,13,fd0dfc9511c4c123e048823de9954312c2b907c1,linux1804-64-shippable-qr,True,False,,|c|o|l|d| |f|i|s|s|i|o|n| |i|n|t|e|r|a|c|t|i|v|e| |w|e|b|r|e|n|d|e|r|,102210fe594ee9b33d82058545b1ed14f4c8206e,fcp,reddit-billgates-post-1.billg,True,reddit-billgates-post-1.billg fcp opt cold fission webrender,,77,ms,firefox,,1708828641,2023-06-09 18:12:56,1254830,,,,,,,,,,,,,,,,,,,,,,,,,,,,,,,,,,,,,,,,,,,,,,,,,TN
137,07a0dce54c55b6d567ee60c38eefa2f2706be22f,0.11918063314711358,autoland,4060709,13,fd0dfc9511c4c123e048823de9954312c2b907c1,linux1804-64-shippable-qr,True,False,,|c|o|l|d| |f|i|s|s|i|o|n| |i|n|t|e|r|a|c|t|i|v|e| |w|e|b|r|e|n|d|e|r|,102210fe594ee9b33d82058545b1ed14f4c8206e,fcp,reddit-billgates-post-1.billg,True,reddit-billgates-post-1.billg fcp opt cold fission webrender,,77,ms,firefox,,1710146282,2023-06-09 18:44:14,1254864,,,,,,,,,,,,,,,,,,,,,,,,,,,,,,,,,,,,,,,,,,,,,,,,,TN
138,312de70171f245bee489f63339936bc3a7476f84,0.12081005586592175,autoland,4060709,13,fd0dfc9511c4c123e048823de9954312c2b907c1,linux1804-64-shippable-qr,True,False,,|c|o|l|d| |f|i|s|s|i|o|n| |i|n|t|e|r|a|c|t|i|v|e| |w|e|b|r|e|n|d|e|r|,102210fe594ee9b33d82058545b1ed14f4c8206e,fcp,reddit-billgates-post-1.billg,True,reddit-billgates-post-1.billg fcp opt cold fission webrender,,77,ms,firefox,,1710146600,2023-06-09 19:00:21,1254870,,,,,,,,,,,,,,,,,,,,,,,,,,,,,,,,,,,,,,,,,,,,,,,,,TN
139,434e8837b359bb8025772a2becb94f07f5d157f3,0.14827746741154557,autoland,4060709,13,fd0dfc9511c4c123e048823de9954312c2b907c1,linux1804-64-shippable-qr,True,False,,|c|o|l|d| |f|i|s|s|i|o|n| |i|n|t|e|r|a|c|t|i|v|e| |w|e|b|r|e|n|d|e|r|,102210fe594ee9b33d82058545b1ed14f4c8206e,fcp,reddit-billgates-post-1.billg,True,reddit-billgates-post-1.billg fcp opt cold fission webrender,,77,ms,firefox,,1710146237,2023-06-09 19:10:49,1254874,,,,,,,,,,,,,,,,,,,,,,,,,,,,,,,,,,,,,,,,,,,,,,,,,TN
140,7dcccba7de5ed444cc25538ded5b22806986a12c,0.1457169459962756,autoland,4060709,13,fd0dfc9511c4c123e048823de9954312c2b907c1,linux1804-64-shippable-qr,True,False,,|c|o|l|d| |f|i|s|s|i|o|n| |i|n|t|e|r|a|c|t|i|v|e| |w|e|b|r|e|n|d|e|r|,102210fe594ee9b33d82058545b1ed14f4c8206e,fcp,reddit-billgates-post-1.billg,True,reddit-billgates-post-1.billg fcp opt cold fission webrender,,77,ms,firefox,,1710146450,2023-06-09 19:45:36,1254901,,,,,,,,,,,,,,,,,,,,,,,,,,,,,,,,,,,,,,,,,,,,,,,,,TN
141,f642619224ee0a6891328bc289bd9cca70648790,0.12243947858472992,autoland,4060709,13,fd0dfc9511c4c123e048823de9954312c2b907c1,linux1804-64-shippable-qr,True,False,,|c|o|l|d| |f|i|s|s|i|o|n| |i|n|t|e|r|a|c|t|i|v|e| |w|e|b|r|e|n|d|e|r|,102210fe594ee9b33d82058545b1ed14f4c8206e,fcp,reddit-billgates-post-1.billg,True,reddit-billgates-post-1.billg fcp opt cold fission webrender,,77,ms,firefox,,1710146632,2023-06-09 19:46:25,1254902,,,,,,,,,,,,,,,,,,,,,,,,,,,,,,,,,,,,,,,,,,,,,,,,,TN
142,83ed2e01cccb8308dfa0ede8ddd6e4e296f309c3,0.13431098696461818,autoland,4060709,13,fd0dfc9511c4c123e048823de9954312c2b907c1,linux1804-64-shippable-qr,True,False,,|c|o|l|d| |f|i|s|s|i|o|n| |i|n|t|e|r|a|c|t|i|v|e| |w|e|b|r|e|n|d|e|r|,102210fe594ee9b33d82058545b1ed14f4c8206e,fcp,reddit-billgates-post-1.billg,True,reddit-billgates-post-1.billg fcp opt cold fission webrender,,77,ms,firefox,,1710146384,2023-06-09 19:47:19,1254904,,,,,,,,,,,,,,,,,,,,,,,,,,,,,,,,,,,,,,,,,,,,,,,,,TN
143,fa6acfa4e2bae4f00b08ea4d7f2257b592e1c6ab,0.10800744878957169,autoland,4060709,13,fd0dfc9511c4c123e048823de9954312c2b907c1,linux1804-64-shippable-qr,True,False,,|c|o|l|d| |f|i|s|s|i|o|n| |i|n|t|e|r|a|c|t|i|v|e| |w|e|b|r|e|n|d|e|r|,102210fe594ee9b33d82058545b1ed14f4c8206e,fcp,reddit-billgates-post-1.billg,True,reddit-billgates-post-1.billg fcp opt cold fission webrender,,77,ms,firefox,,1710146345,2023-06-09 19:48:41,1254906,,,,,,,,,,,,,,,,,,,,,,,,,,,,,,,,,,,,,,,,,,,,,,,,,TN
144,0a93458acd1e4b9d514739f6f783bceeba4dd2eb,0.13384543761638734,autoland,4060709,13,fd0dfc9511c4c123e048823de9954312c2b907c1,linux1804-64-shippable-qr,True,False,,|c|o|l|d| |f|i|s|s|i|o|n| |i|n|t|e|r|a|c|t|i|v|e| |w|e|b|r|e|n|d|e|r|,102210fe594ee9b33d82058545b1ed14f4c8206e,fcp,reddit-billgates-post-1.billg,True,reddit-billgates-post-1.billg fcp opt cold fission webrender,,77,ms,firefox,,1710146564,2023-06-09 19:50:48,1254908,,,,,,,,,,,,,,,,,,,,,,,,,,,,,,,,,,,,,,,,,,,,,,,,,TN
145,e9c370e5d69aeadc82f14467447981c13a1346bb,0.14269087523277468,autoland,4060709,13,fd0dfc9511c4c123e048823de9954312c2b907c1,linux1804-64-shippable-qr,True,False,,|c|o|l|d| |f|i|s|s|i|o|n| |i|n|t|e|r|a|c|t|i|v|e| |w|e|b|r|e|n|d|e|r|,102210fe594ee9b33d82058545b1ed14f4c8206e,fcp,reddit-billgates-post-1.billg,True,reddit-billgates-post-1.billg fcp opt cold fission webrender,,77,ms,firefox,,1710146511,2023-06-09 19:51:39,1254910,,,,,,,,,,,,,,,,,,,,,,,,,,,,,,,,,,,,,,,,,,,,,,,,,TN
146,14c10deaa83992232930103150b2cb2351a623a5,0.15479515828677837,autoland,4060709,13,fd0dfc9511c4c123e048823de9954312c2b907c1,linux1804-64-shippable-qr,True,False,,|c|o|l|d| |f|i|s|s|i|o|n| |i|n|t|e|r|a|c|t|i|v|e| |w|e|b|r|e|n|d|e|r|,102210fe594ee9b33d82058545b1ed14f4c8206e,fcp,reddit-billgates-post-1.billg,True,reddit-billgates-post-1.billg fcp opt cold fission webrender,,77,ms,firefox,,1708880985,2023-06-09 19:52:31,1254912,236.83,mozilla-ldap/aionescu@mozilla.com,439e88bdf46b8545bcf3fbf4d1cac9bf084df91d,38666.0,8.77,259.61,2023-06-13 10:01:45.783338,13.0,13.0,,,,1254830.0,4.0,4.0,mozilla-ldap/aionescu@mozilla.com,,,2023-06-19 15:38:34.981690,,1.0,-22.78,176501.0,,"(32,)",38666.0,,False,False,aionescu@mozilla.com,"(32,)","(4,)",aionescu@mozilla.com,2023-06-12 15:38:34.981690,,,OK,,,,"('[{""perf_datum_id"": 1708673315, ""value"": 280.6, ""job_id"": 418747908, ""push_id"": 1254611, ""push_timestamp"": ""2023-06-09T13:23:42"", ""push__revision"": ""7467d3da5f29eddf7cf135a00cef8cf87b5c6911""}, {""perf_datum_id"": 1708828641, ""value"": 243.9, ""job_id"": 418770527, ""push_id"": 1254830, ""push_timestamp"": ""2023-06-09T18:12:56"", ""push__revision"": ""439e88bdf46b8545bcf3fbf4d1cac9bf084df91d""}, {""perf_datum_id"": 1708880985, ""value"": 237.0, ""job_id"": 418780937, ""push_id"": 1254912, ""push_timestamp"": ""2023-06-09T19:52:31"", ""push__revision"": ""14c10deaa83992232930103150b2cb2351a623a5""}, {""perf_datum_id"": 1709002403, ""value"": 238.4, ""job_id"": 418804974, ""push_id"": 1255101, ""push_timestamp"": ""2023-06-10T01:55:58"", ""push__revision"": ""463e881a627c52313496a136abc6c038a4b92af6""}, {""perf_datum_id"": 1709103151, ""value"": 244.5, ""job_id"": 418828769, ""push_id"": 1255207, ""push_timestamp"": ""2023-06-10T13:36:02"", ""push__revision"": ""9c9d29101b3d0533b84b4e75dc06e89fcad3d31a""}]',)",False,"(0,)",8.13,reddit-billgates-post-1.billg,"(4,)","cold, fission, interactive, webrender",2023-06-15 15:38:34.981690,TP
147,c38216bb646c58ea2749ee48c36008717dbfb21f,0.12313780260707641,autoland,4060709,13,fd0dfc9511c4c123e048823de9954312c2b907c1,linux1804-64-shippable-qr,True,False,,|c|o|l|d| |f|i|s|s|i|o|n| |i|n|t|e|r|a|c|t|i|v|e| |w|e|b|r|e|n|d|e|r|,102210fe594ee9b33d82058545b1ed14f4c8206e,fcp,reddit-billgates-post-1.billg,True,reddit-billgates-post-1.billg fcp opt cold fission webrender,,77,ms,firefox,,1710147713,2023-06-09 22:32:00,1255012,,,,,,,,,,,,,,,,,,,,,,,,,,,,,,,,,,,,,,,,,,,,,,,,,TN
148,1de5c0e8f978094414733506b0822c7a97b298cc,0.11522346368715086,autoland,4060709,13,fd0dfc9511c4c123e048823de9954312c2b907c1,linux1804-64-shippable-qr,True,False,,|c|o|l|d| |f|i|s|s|i|o|n| |i|n|t|e|r|a|c|t|i|v|e| |w|e|b|r|e|n|d|e|r|,102210fe594ee9b33d82058545b1ed14f4c8206e,fcp,reddit-billgates-post-1.billg,True,reddit-billgates-post-1.billg fcp opt cold fission webrender,,77,ms,firefox,,1710147680,2023-06-09 22:38:36,1255014,,,,,,,,,,,,,,,,,,,,,,,,,,,,,,,,,,,,,,,,,,,,,,,,,TN
149,43f8f3725d2bdb638e23aab731b00c3e6ddb5d2b,0.12383612662942267,autoland,4060709,13,fd0dfc9511c4c123e048823de9954312c2b907c1,linux1804-64-shippable-qr,True,False,,|c|o|l|d| |f|i|s|s|i|o|n| |i|n|t|e|r|a|c|t|i|v|e| |w|e|b|r|e|n|d|e|r|,102210fe594ee9b33d82058545b1ed14f4c8206e,fcp,reddit-billgates-post-1.billg,True,reddit-billgates-post-1.billg fcp opt cold fission webrender,,77,ms,firefox,,1710147588,2023-06-09 22:39:27,1255015,,,,,,,,,,,,,,,,,,,,,,,,,,,,,,,,,,,,,,,,,,,,,,,,,TN
150,1b764dfae4382afffbb9d36714d97c4b798b529c,0.13570763500931105,autoland,4060709,13,fd0dfc9511c4c123e048823de9954312c2b907c1,linux1804-64-shippable-qr,True,False,,|c|o|l|d| |f|i|s|s|i|o|n| |i|n|t|e|r|a|c|t|i|v|e| |w|e|b|r|e|n|d|e|r|,102210fe594ee9b33d82058545b1ed14f4c8206e,fcp,reddit-billgates-post-1.billg,True,reddit-billgates-post-1.billg fcp opt cold fission webrender,,77,ms,firefox,,1710146934,2023-06-09 22:40:17,1255016,,,,,,,,,,,,,,,,,,,,,,,,,,,,,,,,,,,,,,,,,,,,,,,,,TN
151,885b1075d33c88adc7cb869cb25dbd1bd838f95f,0.12104283054003728,autoland,4060709,13,fd0dfc9511c4c123e048823de9954312c2b907c1,linux1804-64-shippable-qr,True,False,,|c|o|l|d| |f|i|s|s|i|o|n| |i|n|t|e|r|a|c|t|i|v|e| |w|e|b|r|e|n|d|e|r|,102210fe594ee9b33d82058545b1ed14f4c8206e,fcp,reddit-billgates-post-1.billg,True,reddit-billgates-post-1.billg fcp opt cold fission webrender,,77,ms,firefox,,1710147102,2023-06-09 22:50:09,1255017,,,,,,,,,,,,,,,,,,,,,,,,,,,,,,,,,,,,,,,,,,,,,,,,,TN
152,b050ec8a3a1814cb787e18386661ec20c403ab78,0.1315176908752328,autoland,4060709,13,fd0dfc9511c4c123e048823de9954312c2b907c1,linux1804-64-shippable-qr,True,False,,|c|o|l|d| |f|i|s|s|i|o|n| |i|n|t|e|r|a|c|t|i|v|e| |w|e|b|r|e|n|d|e|r|,102210fe594ee9b33d82058545b1ed14f4c8206e,fcp,reddit-billgates-post-1.billg,True,reddit-billgates-post-1.billg fcp opt cold fission webrender,,77,ms,firefox,,1710147005,2023-06-09 22:52:02,1255018,,,,,,,,,,,,,,,,,,,,,,,,,,,,,,,,,,,,,,,,,,,,,,,,,TN
153,8a51b5182df8306ee7a27cf903c92952adbd4bfe,0.13175046554934822,autoland,4060709,13,fd0dfc9511c4c123e048823de9954312c2b907c1,linux1804-64-shippable-qr,True,False,,|c|o|l|d| |f|i|s|s|i|o|n| |i|n|t|e|r|a|c|t|i|v|e| |w|e|b|r|e|n|d|e|r|,102210fe594ee9b33d82058545b1ed14f4c8206e,fcp,reddit-billgates-post-1.billg,True,reddit-billgates-post-1.billg fcp opt cold fission webrender,,77,ms,firefox,,1710147127,2023-06-09 23:31:49,1255030,,,,,,,,,,,,,,,,,,,,,,,,,,,,,,,,,,,,,,,,,,,,,,,,,TN
154,cb6adbea9cddb2f353604ee6d763690176ab1087,0.13687150837988826,autoland,4060709,13,fd0dfc9511c4c123e048823de9954312c2b907c1,linux1804-64-shippable-qr,True,False,,|c|o|l|d| |f|i|s|s|i|o|n| |i|n|t|e|r|a|c|t|i|v|e| |w|e|b|r|e|n|d|e|r|,102210fe594ee9b33d82058545b1ed14f4c8206e,fcp,reddit-billgates-post-1.billg,True,reddit-billgates-post-1.billg fcp opt cold fission webrender,,77,ms,firefox,,1710147069,2023-06-09 23:49:42,1255044,,,,,,,,,,,,,,,,,,,,,,,,,,,,,,,,,,,,,,,,,,,,,,,,,TN
155,d77516ef8a451fe5aa0510864a21404fb04e493d,0.11824953445065178,autoland,4060709,13,fd0dfc9511c4c123e048823de9954312c2b907c1,linux1804-64-shippable-qr,True,False,,|c|o|l|d| |f|i|s|s|i|o|n| |i|n|t|e|r|a|c|t|i|v|e| |w|e|b|r|e|n|d|e|r|,102210fe594ee9b33d82058545b1ed14f4c8206e,fcp,reddit-billgates-post-1.billg,True,reddit-billgates-post-1.billg fcp opt cold fission webrender,,77,ms,firefox,,1710147224,2023-06-09 23:50:35,1255047,,,,,,,,,,,,,,,,,,,,,,,,,,,,,,,,,,,,,,,,,,,,,,,,,TN
156,463e881a627c52313496a136abc6c038a4b92af6,0.15805400372439482,autoland,4060709,13,fd0dfc9511c4c123e048823de9954312c2b907c1,linux1804-64-shippable-qr,True,False,,|c|o|l|d| |f|i|s|s|i|o|n| |i|n|t|e|r|a|c|t|i|v|e| |w|e|b|r|e|n|d|e|r|,102210fe594ee9b33d82058545b1ed14f4c8206e,fcp,reddit-billgates-post-1.billg,True,reddit-billgates-post-1.billg fcp opt cold fission webrender,,77,ms,firefox,,1709002403,2023-06-10 01:55:58,1255101,,,,,,,,,,,,,,,,,,,,,,,,,,,,,,,,,,,,,,,,,,,,,,,,,TN
157,aaeb1189999770914bae195504faa362696cf341,0.11359404096834269,autoland,4060709,13,fd0dfc9511c4c123e048823de9954312c2b907c1,linux1804-64-shippable-qr,True,False,,|c|o|l|d| |f|i|s|s|i|o|n| |i|n|t|e|r|a|c|t|i|v|e| |w|e|b|r|e|n|d|e|r|,102210fe594ee9b33d82058545b1ed14f4c8206e,fcp,reddit-billgates-post-1.billg,True,reddit-billgates-post-1.billg fcp opt cold fission webrender,,77,ms,firefox,,1710197938,2023-06-10 04:28:04,1255126,,,,,,,,,,,,,,,,,,,,,,,,,,,,,,,,,,,,,,,,,,,,,,,,,TN
158,451b2700f6de37e90fce68f73abac9ab0eba0342,0.1277932960893855,autoland,4060709,13,fd0dfc9511c4c123e048823de9954312c2b907c1,linux1804-64-shippable-qr,True,False,,|c|o|l|d| |f|i|s|s|i|o|n| |i|n|t|e|r|a|c|t|i|v|e| |w|e|b|r|e|n|d|e|r|,102210fe594ee9b33d82058545b1ed14f4c8206e,fcp,reddit-billgates-post-1.billg,True,reddit-billgates-post-1.billg fcp opt cold fission webrender,,77,ms,firefox,,1710199207,2023-06-10 06:59:43,1255145,,,,,,,,,,,,,,,,,,,,,,,,,,,,,,,,,,,,,,,,,,,,,,,,,TN
159,9c9d29101b3d0533b84b4e75dc06e89fcad3d31a,0.17225325884543763,autoland,4060709,13,fd0dfc9511c4c123e048823de9954312c2b907c1,linux1804-64-shippable-qr,True,False,,|c|o|l|d| |f|i|s|s|i|o|n| |i|n|t|e|r|a|c|t|i|v|e| |w|e|b|r|e|n|d|e|r|,102210fe594ee9b33d82058545b1ed14f4c8206e,fcp,reddit-billgates-post-1.billg,True,reddit-billgates-post-1.billg fcp opt cold fission webrender,,77,ms,firefox,,1709103151,2023-06-10 13:36:02,1255207,,,,,,,,,,,,,,,,,,,,,,,,,,,,,,,,,,,,,,,,,,,,,,,,,TN
160,879c6932bb49782e5edfdbe48e93d997a2646d84,0.14152700186219747,autoland,4060709,13,fd0dfc9511c4c123e048823de9954312c2b907c1,linux1804-64-shippable-qr,True,False,,|c|o|l|d| |f|i|s|s|i|o|n| |i|n|t|e|r|a|c|t|i|v|e| |w|e|b|r|e|n|d|e|r|,102210fe594ee9b33d82058545b1ed14f4c8206e,fcp,reddit-billgates-post-1.billg,True,reddit-billgates-post-1.billg fcp opt cold fission webrender,,77,ms,firefox,,1709224514,2023-06-10 18:37:05,1255264,,,,,,,,,,,,,,,,,,,,,,,,,,,,,,,,,,,,,,,,,,,,,,,,,TN
161,711b87deb431206775bf67c5b0d04ace33eb3660,0.17434823091247675,autoland,4060709,13,fd0dfc9511c4c123e048823de9954312c2b907c1,linux1804-64-shippable-qr,True,False,,|c|o|l|d| |f|i|s|s|i|o|n| |i|n|t|e|r|a|c|t|i|v|e| |w|e|b|r|e|n|d|e|r|,102210fe594ee9b33d82058545b1ed14f4c8206e,fcp,reddit-billgates-post-1.billg,True,reddit-billgates-post-1.billg fcp opt cold fission webrender,,77,ms,firefox,,1709250709,2023-06-10 20:39:30,1255276,,,,,,,,,,,,,,,,,,,,,,,,,,,,,,,,,,,,,,,,,,,,,,,,,TN
162,3904ff924b73ed2df5a530453ab025bb1c2fdf90,0.159683426443203,autoland,4060709,13,fd0dfc9511c4c123e048823de9954312c2b907c1,linux1804-64-shippable-qr,True,False,,|c|o|l|d| |f|i|s|s|i|o|n| |i|n|t|e|r|a|c|t|i|v|e| |w|e|b|r|e|n|d|e|r|,102210fe594ee9b33d82058545b1ed14f4c8206e,fcp,reddit-billgates-post-1.billg,True,reddit-billgates-post-1.billg fcp opt cold fission webrender,,77,ms,firefox,,1709457231,2023-06-11 14:35:35,1255360,,,,,,,,,,,,,,,,,,,,,,,,,,,,,,,,,,,,,,,,,,,,,,,,,TN
163,af0665af954105365927736b6a65c4d28533bc4d,0.13710428305400368,autoland,4060709,13,fd0dfc9511c4c123e048823de9954312c2b907c1,linux1804-64-shippable-qr,True,False,,|c|o|l|d| |f|i|s|s|i|o|n| |i|n|t|e|r|a|c|t|i|v|e| |w|e|b|r|e|n|d|e|r|,102210fe594ee9b33d82058545b1ed14f4c8206e,fcp,reddit-billgates-post-1.billg,True,reddit-billgates-post-1.billg fcp opt cold fission webrender,,77,ms,firefox,,1709516642,2023-06-11 19:10:58,1255387,,,,,,,,,,,,,,,,,,,,,,,,,,,,,,,,,,,,,,,,,,,,,,,,,TN
164,c73c9ac3fe19822fcf08c5bd0bc112056008b4da,0.16480446927374304,autoland,4060709,13,fd0dfc9511c4c123e048823de9954312c2b907c1,linux1804-64-shippable-qr,True,False,,|c|o|l|d| |f|i|s|s|i|o|n| |i|n|t|e|r|a|c|t|i|v|e| |w|e|b|r|e|n|d|e|r|,102210fe594ee9b33d82058545b1ed14f4c8206e,fcp,reddit-billgates-post-1.billg,True,reddit-billgates-post-1.billg fcp opt cold fission webrender,,77,ms,firefox,,1709592414,2023-06-12 00:14:44,1255422,,,,,,,,,,,,,,,,,,,,,,,,,,,,,,,,,,,,,,,,,,,,,,,,,TN
165,25564434f810ceea8a17b730bd5498b0ca9856c4,0.14920856610800748,autoland,4060709,13,fd0dfc9511c4c123e048823de9954312c2b907c1,linux1804-64-shippable-qr,True,False,,|c|o|l|d| |f|i|s|s|i|o|n| |i|n|t|e|r|a|c|t|i|v|e| |w|e|b|r|e|n|d|e|r|,102210fe594ee9b33d82058545b1ed14f4c8206e,fcp,reddit-billgates-post-1.billg,True,reddit-billgates-post-1.billg fcp opt cold fission webrender,,77,ms,firefox,,1709641651,2023-06-12 04:46:29,1255461,,,,,,,,,,,,,,,,,,,,,,,,,,,,,,,,,,,,,,,,,,,,,,,,,TN
166,6c51face7335165a532e8f6b035a975ced1be55c,0.15363128491620115,autoland,4060709,13,fd0dfc9511c4c123e048823de9954312c2b907c1,linux1804-64-shippable-qr,True,False,,|c|o|l|d| |f|i|s|s|i|o|n| |i|n|t|e|r|a|c|t|i|v|e| |w|e|b|r|e|n|d|e|r|,102210fe594ee9b33d82058545b1ed14f4c8206e,fcp,reddit-billgates-post-1.billg,True,reddit-billgates-post-1.billg fcp opt cold fission webrender,,77,ms,firefox,,1709726162,2023-06-12 09:00:15,1255535,,,,,,,,,,,,,,,,,,,,,,,,,,,,,,,,,,,,,,,,,,,,,,,,,TN
167,1dc3aecfed3a924c48ee323c36ee1e783f836dd7,0.14152700186219747,autoland,4060709,13,fd0dfc9511c4c123e048823de9954312c2b907c1,linux1804-64-shippable-qr,True,False,,|c|o|l|d| |f|i|s|s|i|o|n| |i|n|t|e|r|a|c|t|i|v|e| |w|e|b|r|e|n|d|e|r|,102210fe594ee9b33d82058545b1ed14f4c8206e,fcp,reddit-billgates-post-1.billg,True,reddit-billgates-post-1.billg fcp opt cold fission webrender,,77,ms,firefox,,1709746136,2023-06-12 09:27:15,1255558,,,,,,,,,,,,,,,,,,,,,,,,,,,,,,,,,,,,,,,,,,,,,,,,,TN
168,ee618a493ff9c25c0ecb9dc6087a6179874541da,0.14594972067039103,autoland,4060709,13,fd0dfc9511c4c123e048823de9954312c2b907c1,linux1804-64-shippable-qr,True,False,,|c|o|l|d| |f|i|s|s|i|o|n| |i|n|t|e|r|a|c|t|i|v|e| |w|e|b|r|e|n|d|e|r|,102210fe594ee9b33d82058545b1ed14f4c8206e,fcp,reddit-billgates-post-1.billg,True,reddit-billgates-post-1.billg fcp opt cold fission webrender,,77,ms,firefox,,1709940739,2023-06-12 14:14:19,1255741,,,,,,,,,,,,,,,,,,,,,,,,,,,,,,,,,,,,,,,,,,,,,,,,,TN
169,53b4b785ae2a7f70257069e77b138fe36b53698a,0.14967411545623843,autoland,4060709,13,fd0dfc9511c4c123e048823de9954312c2b907c1,linux1804-64-shippable-qr,True,False,,|c|o|l|d| |f|i|s|s|i|o|n| |i|n|t|e|r|a|c|t|i|v|e| |w|e|b|r|e|n|d|e|r|,102210fe594ee9b33d82058545b1ed14f4c8206e,fcp,reddit-billgates-post-1.billg,True,reddit-billgates-post-1.billg fcp opt cold fission webrender,,77,ms,firefox,,1710050474,2023-06-12 17:28:50,1255840,,,,,,,,,,,,,,,,,,,,,,,,,,,,,,,,,,,,,,,,,,,,,,,,,TN
170,eff1078e2398a9021cd61a20eff8062a582128e2,0.13105214152700184,autoland,4060709,13,fd0dfc9511c4c123e048823de9954312c2b907c1,linux1804-64-shippable-qr,True,False,,|c|o|l|d| |f|i|s|s|i|o|n| |i|n|t|e|r|a|c|t|i|v|e| |w|e|b|r|e|n|d|e|r|,102210fe594ee9b33d82058545b1ed14f4c8206e,fcp,reddit-billgates-post-1.billg,True,reddit-billgates-post-1.billg fcp opt cold fission webrender,,77,ms,firefox,,1710185838,2023-06-12 21:22:21,1256012,,,,,,,,,,,,,,,,,,,,,,,,,,,,,,,,,,,,,,,,,,,,,,,,,TN
171,2bdaa9d6ac390362734ba199115ca10186243e87,0.1401303538175046,autoland,4060709,13,fd0dfc9511c4c123e048823de9954312c2b907c1,linux1804-64-shippable-qr,True,False,,|c|o|l|d| |f|i|s|s|i|o|n| |i|n|t|e|r|a|c|t|i|v|e| |w|e|b|r|e|n|d|e|r|,102210fe594ee9b33d82058545b1ed14f4c8206e,fcp,reddit-billgates-post-1.billg,True,reddit-billgates-post-1.billg fcp opt cold fission webrender,,77,ms,firefox,,1710259458,2023-06-13 02:32:41,1256169,,,,,,,,,,,,,,,,,,,,,,,,,,,,,,,,,,,,,,,,,,,,,,,,,TN
172,1a37acad51201ba77a18b0951d3a93bc8c9eebf7,0.17271880819366847,autoland,4060709,13,fd0dfc9511c4c123e048823de9954312c2b907c1,linux1804-64-shippable-qr,True,False,,|c|o|l|d| |f|i|s|s|i|o|n| |i|n|t|e|r|a|c|t|i|v|e| |w|e|b|r|e|n|d|e|r|,102210fe594ee9b33d82058545b1ed14f4c8206e,fcp,reddit-billgates-post-1.billg,True,reddit-billgates-post-1.billg fcp opt cold fission webrender,,77,ms,firefox,,1710325659,2023-06-13 05:20:45,1256212,,,,,,,,,,,,,,,,,,,,,,,,,,,,,,,,,,,,,,,,,,,,,,,,,TN
173,c7b5ae0c3e2d58a11af3dbe818dd67837d0ff44a,0.14967411545623843,autoland,4060709,13,fd0dfc9511c4c123e048823de9954312c2b907c1,linux1804-64-shippable-qr,True,False,,|c|o|l|d| |f|i|s|s|i|o|n| |i|n|t|e|r|a|c|t|i|v|e| |w|e|b|r|e|n|d|e|r|,102210fe594ee9b33d82058545b1ed14f4c8206e,fcp,reddit-billgates-post-1.billg,True,reddit-billgates-post-1.billg fcp opt cold fission webrender,,77,ms,firefox,,1710435958,2023-06-13 09:27:30,1256328,,,,,,,,,,,,,,,,,,,,,,,,,,,,,,,,,,,,,,,,,,,,,,,,,TN
174,2b9574ef0cc196618dae379b79b53958470216b3,0.1305865921787709,autoland,4060709,13,fd0dfc9511c4c123e048823de9954312c2b907c1,linux1804-64-shippable-qr,True,False,,|c|o|l|d| |f|i|s|s|i|o|n| |i|n|t|e|r|a|c|t|i|v|e| |w|e|b|r|e|n|d|e|r|,102210fe594ee9b33d82058545b1ed14f4c8206e,fcp,reddit-billgates-post-1.billg,True,reddit-billgates-post-1.billg fcp opt cold fission webrender,,77,ms,firefox,,1710440729,2023-06-13 10:02:00,1256346,,,,,,,,,,,,,,,,,,,,,,,,,,,,,,,,,,,,,,,,,,,,,,,,,TN
175,c664c5443475712b02f770a02883311bc7cc80c6,0.13989757914338918,autoland,4060709,13,fd0dfc9511c4c123e048823de9954312c2b907c1,linux1804-64-shippable-qr,True,False,,|c|o|l|d| |f|i|s|s|i|o|n| |i|n|t|e|r|a|c|t|i|v|e| |w|e|b|r|e|n|d|e|r|,102210fe594ee9b33d82058545b1ed14f4c8206e,fcp,reddit-billgates-post-1.billg,True,reddit-billgates-post-1.billg fcp opt cold fission webrender,,77,ms,firefox,,1710939324,2023-06-13 12:47:53,1256439,,,,,,,,,,,,,,,,,,,,,,,,,,,,,,,,,,,,,,,,,,,,,,,,,TN
176,e0c5d4002c779b972605e257db6a710408da603d,0.1682960893854749,autoland,4060709,13,fd0dfc9511c4c123e048823de9954312c2b907c1,linux1804-64-shippable-qr,True,False,,|c|o|l|d| |f|i|s|s|i|o|n| |i|n|t|e|r|a|c|t|i|v|e| |w|e|b|r|e|n|d|e|r|,102210fe594ee9b33d82058545b1ed14f4c8206e,fcp,reddit-billgates-post-1.billg,True,reddit-billgates-post-1.billg fcp opt cold fission webrender,,77,ms,firefox,,1710961538,2023-06-13 12:48:46,1256441,,,,,,,,,,,,,,,,,,,,,,,,,,,,,,,,,,,,,,,,,,,,,,,,,TN
177,8cd7aee6cae85ce9804794d4a45bc2f34aa04b66,0.17458100558659218,autoland,4060709,13,fd0dfc9511c4c123e048823de9954312c2b907c1,linux1804-64-shippable-qr,True,False,,|c|o|l|d| |f|i|s|s|i|o|n| |i|n|t|e|r|a|c|t|i|v|e| |w|e|b|r|e|n|d|e|r|,102210fe594ee9b33d82058545b1ed14f4c8206e,fcp,reddit-billgates-post-1.billg,True,reddit-billgates-post-1.billg fcp opt cold fission webrender,,77,ms,firefox,,1710526094,2023-06-13 13:01:33,1256450,,,,,,,,,,,,,,,,,,,,,,,,,,,,,,,,,,,,,,,,,,,,,,,,,TN
178,93520e8ffd9617b46d026ea530fde0169def3a80,0.16596834264432037,autoland,4060709,13,fd0dfc9511c4c123e048823de9954312c2b907c1,linux1804-64-shippable-qr,True,False,,|c|o|l|d| |f|i|s|s|i|o|n| |i|n|t|e|r|a|c|t|i|v|e| |w|e|b|r|e|n|d|e|r|,102210fe594ee9b33d82058545b1ed14f4c8206e,fcp,reddit-billgates-post-1.billg,True,reddit-billgates-post-1.billg fcp opt cold fission webrender,,77,ms,firefox,,1710642985,2023-06-13 16:01:20,1256570,,,,,,,,,,,,,,,,,,,,,,,,,,,,,,,,,,,,,,,,,,,,,,,,,TN
179,4bc380c5e43a824ca233967781ba2e23cd65ffb3,0.17783985102420863,autoland,4060709,13,fd0dfc9511c4c123e048823de9954312c2b907c1,linux1804-64-shippable-qr,True,False,,|c|o|l|d| |f|i|s|s|i|o|n| |i|n|t|e|r|a|c|t|i|v|e| |w|e|b|r|e|n|d|e|r|,102210fe594ee9b33d82058545b1ed14f4c8206e,fcp,reddit-billgates-post-1.billg,True,reddit-billgates-post-1.billg fcp opt cold fission webrender,,77,ms,firefox,,1710928342,2023-06-13 17:10:55,1256622,,,,,,,,,,,,,,,,,,,,,,,,,,,,,,,,,,,,,,,,,,,,,,,,,TN
180,1f345f63ab5a041a7f2c636003fc9201016e7051,0.1466480446927374,autoland,4060709,13,fd0dfc9511c4c123e048823de9954312c2b907c1,linux1804-64-shippable-qr,True,False,,|c|o|l|d| |f|i|s|s|i|o|n| |i|n|t|e|r|a|c|t|i|v|e| |w|e|b|r|e|n|d|e|r|,102210fe594ee9b33d82058545b1ed14f4c8206e,fcp,reddit-billgates-post-1.billg,True,reddit-billgates-post-1.billg fcp opt cold fission webrender,,77,ms,firefox,,1710899924,2023-06-13 17:25:10,1256628,,,,,,,,,,,,,,,,,,,,,,,,,,,,,,,,,,,,,,,,,,,,,,,,,TN
181,2d8fa86b279358b19ca794787248a9600c86ef5a,0.11429236499068895,autoland,4060709,13,fd0dfc9511c4c123e048823de9954312c2b907c1,linux1804-64-shippable-qr,True,False,,|c|o|l|d| |f|i|s|s|i|o|n| |i|n|t|e|r|a|c|t|i|v|e| |w|e|b|r|e|n|d|e|r|,102210fe594ee9b33d82058545b1ed14f4c8206e,fcp,reddit-billgates-post-1.billg,True,reddit-billgates-post-1.billg fcp opt cold fission webrender,,77,ms,firefox,,1710741173,2023-06-13 18:36:15,1256676,,,,,,,,,,,,,,,,,,,,,,,,,,,,,,,,,,,,,,,,,,,,,,,,,TN
182,0e2078b102ffd940ea83c3a5a8b1a176bdd3a8fb,0.1522346368715084,autoland,4060709,13,fd0dfc9511c4c123e048823de9954312c2b907c1,linux1804-64-shippable-qr,True,False,,|c|o|l|d| |f|i|s|s|i|o|n| |i|n|t|e|r|a|c|t|i|v|e| |w|e|b|r|e|n|d|e|r|,102210fe594ee9b33d82058545b1ed14f4c8206e,fcp,reddit-billgates-post-1.billg,True,reddit-billgates-post-1.billg fcp opt cold fission webrender,,77,ms,firefox,,1710838886,2023-06-13 22:49:33,1256827,,,,,,,,,,,,,,,,,,,,,,,,,,,,,,,,,,,,,,,,,,,,,,,,,TN
183,4c6c30b03e25cbd9d4dfc96f082e8cf241f51109,0.1692271880819367,autoland,4060709,13,fd0dfc9511c4c123e048823de9954312c2b907c1,linux1804-64-shippable-qr,True,False,,|c|o|l|d| |f|i|s|s|i|o|n| |i|n|t|e|r|a|c|t|i|v|e| |w|e|b|r|e|n|d|e|r|,102210fe594ee9b33d82058545b1ed14f4c8206e,fcp,reddit-billgates-post-1.billg,True,reddit-billgates-post-1.billg fcp opt cold fission webrender,,77,ms,firefox,,1710863994,2023-06-14 00:25:00,1256858,,,,,,,,,,,,,,,,,,,,,,,,,,,,,,,,,,,,,,,,,,,,,,,,,TN
184,b9e3497b939c3bdfee632c7297184b79cfeec9cc,0.1401303538175046,autoland,4060709,13,fd0dfc9511c4c123e048823de9954312c2b907c1,linux1804-64-shippable-qr,True,False,,|c|o|l|d| |f|i|s|s|i|o|n| |i|n|t|e|r|a|c|t|i|v|e| |w|e|b|r|e|n|d|e|r|,102210fe594ee9b33d82058545b1ed14f4c8206e,fcp,reddit-billgates-post-1.billg,True,reddit-billgates-post-1.billg fcp opt cold fission webrender,,77,ms,firefox,,1710940483,2023-06-14 05:14:15,1256948,,,,,,,,,,,,,,,,,,,,,,,,,,,,,,,,,,,,,,,,,,,,,,,,,TN
185,c6fa16c28b26a19d81b8853153057f32cec6f2fd,0.14455307262569828,autoland,4060709,13,fd0dfc9511c4c123e048823de9954312c2b907c1,linux1804-64-shippable-qr,True,False,,|c|o|l|d| |f|i|s|s|i|o|n| |i|n|t|e|r|a|c|t|i|v|e| |w|e|b|r|e|n|d|e|r|,102210fe594ee9b33d82058545b1ed14f4c8206e,fcp,reddit-billgates-post-1.billg,True,reddit-billgates-post-1.billg fcp opt cold fission webrender,,77,ms,firefox,,1711058252,2023-06-14 11:48:24,1257091,,,,,,,,,,,,,,,,,,,,,,,,,,,,,,,,,,,,,,,,,,,,,,,,,TN
186,928a5d849e038bf4277f06519f8f7ab3c94cc7ff,0.1571229050279329,autoland,4060709,13,fd0dfc9511c4c123e048823de9954312c2b907c1,linux1804-64-shippable-qr,True,False,,|c|o|l|d| |f|i|s|s|i|o|n| |i|n|t|e|r|a|c|t|i|v|e| |w|e|b|r|e|n|d|e|r|,102210fe594ee9b33d82058545b1ed14f4c8206e,fcp,reddit-billgates-post-1.billg,True,reddit-billgates-post-1.billg fcp opt cold fission webrender,,77,ms,firefox,,1711119551,2023-06-14 13:20:02,1257127,,,,,,,,,,,,,,,,,,,,,,,,,,,,,,,,,,,,,,,,,,,,,,,,,TN
187,029016670d4aed9df8e1718a7ab5d9d7ec471a98,0.16945996275605213,autoland,4060709,13,fd0dfc9511c4c123e048823de9954312c2b907c1,linux1804-64-shippable-qr,True,False,,|c|o|l|d| |f|i|s|s|i|o|n| |i|n|t|e|r|a|c|t|i|v|e| |w|e|b|r|e|n|d|e|r|,102210fe594ee9b33d82058545b1ed14f4c8206e,fcp,reddit-billgates-post-1.billg,True,reddit-billgates-post-1.billg fcp opt cold fission webrender,,77,ms,firefox,,1711707190,2023-06-14 13:53:45,1257145,,,,,,,,,,,,,,,,,,,,,,,,,,,,,,,,,,,,,,,,,,,,,,,,,TN
188,0accfdd3671420ce9a3da67370e1cb587c9a4161,0.15875232774674108,autoland,4060709,13,fd0dfc9511c4c123e048823de9954312c2b907c1,linux1804-64-shippable-qr,True,False,,|c|o|l|d| |f|i|s|s|i|o|n| |i|n|t|e|r|a|c|t|i|v|e| |w|e|b|r|e|n|d|e|r|,102210fe594ee9b33d82058545b1ed14f4c8206e,fcp,reddit-billgates-post-1.billg,True,reddit-billgates-post-1.billg fcp opt cold fission webrender,,77,ms,firefox,,1711708265,2023-06-14 14:11:42,1257150,,,,,,,,,,,,,,,,,,,,,,,,,,,,,,,,,,,,,,,,,,,,,,,,,TN
189,933dd3c3e1c8beb677df8e4d51b1e99b41599f65,0.1645716945996275,autoland,4060709,13,fd0dfc9511c4c123e048823de9954312c2b907c1,linux1804-64-shippable-qr,True,False,,|c|o|l|d| |f|i|s|s|i|o|n| |i|n|t|e|r|a|c|t|i|v|e| |w|e|b|r|e|n|d|e|r|,102210fe594ee9b33d82058545b1ed14f4c8206e,fcp,reddit-billgates-post-1.billg,True,reddit-billgates-post-1.billg fcp opt cold fission webrender,,77,ms,firefox,,1711323212,2023-06-14 17:41:50,1257281,,,,,,,,,,,,,,,,,,,,,,,,,,,,,,,,,,,,,,,,,,,,,,,,,TN
190,d730841eed9459e5541190a9525313fb1ff98e75,0.15270018621973924,autoland,4060709,13,fd0dfc9511c4c123e048823de9954312c2b907c1,linux1804-64-shippable-qr,True,False,,|c|o|l|d| |f|i|s|s|i|o|n| |i|n|t|e|r|a|c|t|i|v|e| |w|e|b|r|e|n|d|e|r|,102210fe594ee9b33d82058545b1ed14f4c8206e,fcp,reddit-billgates-post-1.billg,True,reddit-billgates-post-1.billg fcp opt cold fission webrender,,77,ms,firefox,,1711358164,2023-06-14 18:25:51,1257330,,,,,,,,,,,,,,,,,,,,,,,,,,,,,,,,,,,,,,,,,,,,,,,,,TN
191,9d6b12a756cbe33157704576e141c57a2d6e2bf5,0.15176908752327745,autoland,4060709,13,fd0dfc9511c4c123e048823de9954312c2b907c1,linux1804-64-shippable-qr,True,False,,|c|o|l|d| |f|i|s|s|i|o|n| |i|n|t|e|r|a|c|t|i|v|e| |w|e|b|r|e|n|d|e|r|,102210fe594ee9b33d82058545b1ed14f4c8206e,fcp,reddit-billgates-post-1.billg,True,reddit-billgates-post-1.billg fcp opt cold fission webrender,,77,ms,firefox,,1711662260,2023-06-14 18:37:02,1257344,,,,,,,,,,,,,,,,,,,,,,,,,,,,,,,,,,,,,,,,,,,,,,,,,TN
192,3e7bf8f8a9a8ecebd1c1bd851e35577660e48a97,0.12360335195530725,autoland,4060709,13,fd0dfc9511c4c123e048823de9954312c2b907c1,linux1804-64-shippable-qr,True,False,,|c|o|l|d| |f|i|s|s|i|o|n| |i|n|t|e|r|a|c|t|i|v|e| |w|e|b|r|e|n|d|e|r|,102210fe594ee9b33d82058545b1ed14f4c8206e,fcp,reddit-billgates-post-1.billg,True,reddit-billgates-post-1.billg fcp opt cold fission webrender,,77,ms,firefox,,1711694953,2023-06-14 18:39:05,1257346,,,,,,,,,,,,,,,,,,,,,,,,,,,,,,,,,,,,,,,,,,,,,,,,,TN
193,ff79aa6f7ba8605e7ea59acddd521284f75136e4,0.16713221601489758,autoland,4060709,13,fd0dfc9511c4c123e048823de9954312c2b907c1,linux1804-64-shippable-qr,True,False,,|c|o|l|d| |f|i|s|s|i|o|n| |i|n|t|e|r|a|c|t|i|v|e| |w|e|b|r|e|n|d|e|r|,102210fe594ee9b33d82058545b1ed14f4c8206e,fcp,reddit-billgates-post-1.billg,True,reddit-billgates-post-1.billg fcp opt cold fission webrender,,77,ms,firefox,,1711417791,2023-06-14 20:09:05,1257422,,,,,,,,,,,,,,,,,,,,,,,,,,,,,,,,,,,,,,,,,,,,,,,,,TN
194,4b1c6fc1fc0f3e664d546c4bf5c24f0c157bc2c5,0.13570763500931105,autoland,4060709,13,fd0dfc9511c4c123e048823de9954312c2b907c1,linux1804-64-shippable-qr,True,False,,|c|o|l|d| |f|i|s|s|i|o|n| |i|n|t|e|r|a|c|t|i|v|e| |w|e|b|r|e|n|d|e|r|,102210fe594ee9b33d82058545b1ed14f4c8206e,fcp,reddit-billgates-post-1.billg,True,reddit-billgates-post-1.billg fcp opt cold fission webrender,,77,ms,firefox,,1711521364,2023-06-14 21:46:45,1257512,,,,,,,,,,,,,,,,,,,,,,,,,,,,,,,,,,,,,,,,,,,,,,,,,TN
195,53e8e97bbe4e0c8fc4deff56e5b8d03391c0c023,0.15107076350093107,autoland,4060709,13,fd0dfc9511c4c123e048823de9954312c2b907c1,linux1804-64-shippable-qr,True,False,,|c|o|l|d| |f|i|s|s|i|o|n| |i|n|t|e|r|a|c|t|i|v|e| |w|e|b|r|e|n|d|e|r|,102210fe594ee9b33d82058545b1ed14f4c8206e,fcp,reddit-billgates-post-1.billg,True,reddit-billgates-post-1.billg fcp opt cold fission webrender,,77,ms,firefox,,1711627802,2023-06-15 01:50:09,1257663,,,,,,,,,,,,,,,,,,,,,,,,,,,,,,,,,,,,,,,,,,,,,,,,,TN
196,abf8f424d2d09f957d7ecd02af086a9b7adde3f8,0.14152700186219747,autoland,4060709,13,fd0dfc9511c4c123e048823de9954312c2b907c1,linux1804-64-shippable-qr,True,False,,|c|o|l|d| |f|i|s|s|i|o|n| |i|n|t|e|r|a|c|t|i|v|e| |w|e|b|r|e|n|d|e|r|,102210fe594ee9b33d82058545b1ed14f4c8206e,fcp,reddit-billgates-post-1.billg,True,reddit-billgates-post-1.billg fcp opt cold fission webrender,,77,ms,firefox,,1711646441,2023-06-15 02:43:47,1257688,,,,,,,,,,,,,,,,,,,,,,,,,,,,,,,,,,,,,,,,,,,,,,,,,TN
197,900ba46a6df5d5b6dde0d5de391246157de49c8a,0.167364990689013,autoland,4060709,13,fd0dfc9511c4c123e048823de9954312c2b907c1,linux1804-64-shippable-qr,True,False,,|c|o|l|d| |f|i|s|s|i|o|n| |i|n|t|e|r|a|c|t|i|v|e| |w|e|b|r|e|n|d|e|r|,102210fe594ee9b33d82058545b1ed14f4c8206e,fcp,reddit-billgates-post-1.billg,True,reddit-billgates-post-1.billg fcp opt cold fission webrender,,77,ms,firefox,,1711740265,2023-06-15 06:54:30,1257783,,,,,,,,,,,,,,,,,,,,,,,,,,,,,,,,,,,,,,,,,,,,,,,,,TN
198,6b660d3dd7840217e973e778bcb419a11c7a22b4,0.15549348230912474,autoland,4060709,13,fd0dfc9511c4c123e048823de9954312c2b907c1,linux1804-64-shippable-qr,True,False,,|c|o|l|d| |f|i|s|s|i|o|n| |i|n|t|e|r|a|c|t|i|v|e| |w|e|b|r|e|n|d|e|r|,102210fe594ee9b33d82058545b1ed14f4c8206e,fcp,reddit-billgates-post-1.billg,True,reddit-billgates-post-1.billg fcp opt cold fission webrender,,77,ms,firefox,,1712371042,2023-06-15 08:32:55,1257839,,,,,,,,,,,,,,,,,,,,,,,,,,,,,,,,,,,,,,,,,,,,,,,,,TN
199,6c42ef642d0b0708e9a2fa2638b6670e90ef2b3b,0.15875232774674108,autoland,4060709,13,fd0dfc9511c4c123e048823de9954312c2b907c1,linux1804-64-shippable-qr,True,False,,|c|o|l|d| |f|i|s|s|i|o|n| |i|n|t|e|r|a|c|t|i|v|e| |w|e|b|r|e|n|d|e|r|,102210fe594ee9b33d82058545b1ed14f4c8206e,fcp,reddit-billgates-post-1.billg,True,reddit-billgates-post-1.billg fcp opt cold fission webrender,,77,ms,firefox,,1712325150,2023-06-15 08:36:57,1257841,,,,,,,,,,,,,,,,,,,,,,,,,,,,,,,,,,,,,,,,,,,,,,,,,TN
200,86864bda9b5f7077819eb76b661bcefb89fd19fa,0.13943202979515834,autoland,4060709,13,fd0dfc9511c4c123e048823de9954312c2b907c1,linux1804-64-shippable-qr,True,False,,|c|o|l|d| |f|i|s|s|i|o|n| |i|n|t|e|r|a|c|t|i|v|e| |w|e|b|r|e|n|d|e|r|,102210fe594ee9b33d82058545b1ed14f4c8206e,fcp,reddit-billgates-post-1.billg,True,reddit-billgates-post-1.billg fcp opt cold fission webrender,,77,ms,firefox,,1711822453,2023-06-15 10:33:37,1257909,,,,,,,,,,,,,,,,,,,,,,,,,,,,,,,,,,,,,,,,,,,,,,,,,TN
201,02d601db620c1b64867202e025ce19938938a04f,0.14245810055865915,autoland,4060709,13,fd0dfc9511c4c123e048823de9954312c2b907c1,linux1804-64-shippable-qr,True,False,,|c|o|l|d| |f|i|s|s|i|o|n| |i|n|t|e|r|a|c|t|i|v|e| |w|e|b|r|e|n|d|e|r|,102210fe594ee9b33d82058545b1ed14f4c8206e,fcp,reddit-billgates-post-1.billg,True,reddit-billgates-post-1.billg fcp opt cold fission webrender,,77,ms,firefox,,1711944342,2023-06-15 14:40:40,1258053,,,,,,,,,,,,,,,,,,,,,,,,,,,,,,,,,,,,,,,,,,,,,,,,,TN
202,c71789b596556b921a7d6ce12b4102f252631c4b,0.1859869646182496,autoland,4060709,13,fd0dfc9511c4c123e048823de9954312c2b907c1,linux1804-64-shippable-qr,True,False,,|c|o|l|d| |f|i|s|s|i|o|n| |i|n|t|e|r|a|c|t|i|v|e| |w|e|b|r|e|n|d|e|r|,102210fe594ee9b33d82058545b1ed14f4c8206e,fcp,reddit-billgates-post-1.billg,True,reddit-billgates-post-1.billg fcp opt cold fission webrender,,77,ms,firefox,,1711962844,2023-06-15 14:52:05,1258066,,,,,,,,,,,,,,,,,,,,,,,,,,,,,,,,,,,,,,,,,,,,,,,,,TN
203,fcc729658406fdb39ee043ecc43584d2f6a0389d,0.14269087523277468,autoland,4060709,13,fd0dfc9511c4c123e048823de9954312c2b907c1,linux1804-64-shippable-qr,True,False,,|c|o|l|d| |f|i|s|s|i|o|n| |i|n|t|e|r|a|c|t|i|v|e| |w|e|b|r|e|n|d|e|r|,102210fe594ee9b33d82058545b1ed14f4c8206e,fcp,reddit-billgates-post-1.billg,True,reddit-billgates-post-1.billg fcp opt cold fission webrender,,77,ms,firefox,,1712364726,2023-06-15 15:04:41,1258080,,,,,,,,,,,,,,,,,,,,,,,,,,,,,,,,,,,,,,,,,,,,,,,,,TN
204,c882e1bf805b7149ed08a3dc0ebf5c5d2e35f114,0.14594972067039103,autoland,4060709,13,fd0dfc9511c4c123e048823de9954312c2b907c1,linux1804-64-shippable-qr,True,False,,|c|o|l|d| |f|i|s|s|i|o|n| |i|n|t|e|r|a|c|t|i|v|e| |w|e|b|r|e|n|d|e|r|,102210fe594ee9b33d82058545b1ed14f4c8206e,fcp,reddit-billgates-post-1.billg,True,reddit-billgates-post-1.billg fcp opt cold fission webrender,,77,ms,firefox,,1712355276,2023-06-15 15:12:55,1258088,,,,,,,,,,,,,,,,,,,,,,,,,,,,,,,,,,,,,,,,,,,,,,,,,TN
205,91738dd5bb441001f7837d0cae71c0be46925602,0.15828677839851024,autoland,4060709,13,fd0dfc9511c4c123e048823de9954312c2b907c1,linux1804-64-shippable-qr,True,False,,|c|o|l|d| |f|i|s|s|i|o|n| |i|n|t|e|r|a|c|t|i|v|e| |w|e|b|r|e|n|d|e|r|,102210fe594ee9b33d82058545b1ed14f4c8206e,fcp,reddit-billgates-post-1.billg,True,reddit-billgates-post-1.billg fcp opt cold fission webrender,,77,ms,firefox,,1712078906,2023-06-15 17:49:05,1258216,,,,,,,,,,,,,,,,,,,,,,,,,,,,,,,,,,,,,,,,,,,,,,,,,TN
206,ba00fe639072b671be556332e4628092d64d31df,0.14711359404096835,autoland,4060709,13,fd0dfc9511c4c123e048823de9954312c2b907c1,linux1804-64-shippable-qr,True,False,,|c|o|l|d| |f|i|s|s|i|o|n| |i|n|t|e|r|a|c|t|i|v|e| |w|e|b|r|e|n|d|e|r|,102210fe594ee9b33d82058545b1ed14f4c8206e,fcp,reddit-billgates-post-1.billg,True,reddit-billgates-post-1.billg fcp opt cold fission webrender,,77,ms,firefox,,1712186556,2023-06-15 20:51:19,1258374,,,,,,,,,,,,,,,,,,,,,,,,,,,,,,,,,,,,,,,,,,,,,,,,,TN
207,6bc2d3f9b1aaecde92c9388f00f3d564d136d00a,0.14525139664804465,autoland,4060709,13,fd0dfc9511c4c123e048823de9954312c2b907c1,linux1804-64-shippable-qr,True,False,,|c|o|l|d| |f|i|s|s|i|o|n| |i|n|t|e|r|a|c|t|i|v|e| |w|e|b|r|e|n|d|e|r|,102210fe594ee9b33d82058545b1ed14f4c8206e,fcp,reddit-billgates-post-1.billg,True,reddit-billgates-post-1.billg fcp opt cold fission webrender,,77,ms,firefox,,1712299607,2023-06-16 01:17:42,1258594,,,,,,,,,,,,,,,,,,,,,,,,,,,,,,,,,,,,,,,,,,,,,,,,,TN
208,6a640a4dd3245b82ce97d863bf842b0cd4089ce5,0.18924581005586594,autoland,4060709,13,fd0dfc9511c4c123e048823de9954312c2b907c1,linux1804-64-shippable-qr,True,False,,|c|o|l|d| |f|i|s|s|i|o|n| |i|n|t|e|r|a|c|t|i|v|e| |w|e|b|r|e|n|d|e|r|,102210fe594ee9b33d82058545b1ed14f4c8206e,fcp,reddit-billgates-post-1.billg,True,reddit-billgates-post-1.billg fcp opt cold fission webrender,,77,ms,firefox,,1712398789,2023-06-16 06:01:05,1258674,,,,,,,,,,,,,,,,,,,,,,,,,,,,,,,,,,,,,,,,,,,,,,,,,TN
209,34ee66e105968b161583947185cad1fcebdc6641,0.17621042830540035,autoland,4060709,13,fd0dfc9511c4c123e048823de9954312c2b907c1,linux1804-64-shippable-qr,True,False,,|c|o|l|d| |f|i|s|s|i|o|n| |i|n|t|e|r|a|c|t|i|v|e| |w|e|b|r|e|n|d|e|r|,102210fe594ee9b33d82058545b1ed14f4c8206e,fcp,reddit-billgates-post-1.billg,True,reddit-billgates-post-1.billg fcp opt cold fission webrender,,77,ms,firefox,,1712452902,2023-06-16 08:20:05,1258718,,,,,,,,,,,,,,,,,,,,,,,,,,,,,,,,,,,,,,,,,,,,,,,,,TN
210,439d02859a2ebe8406cb74f8d6c7b148011d1658,0.1794692737430167,autoland,4060709,13,fd0dfc9511c4c123e048823de9954312c2b907c1,linux1804-64-shippable-qr,True,False,,|c|o|l|d| |f|i|s|s|i|o|n| |i|n|t|e|r|a|c|t|i|v|e| |w|e|b|r|e|n|d|e|r|,102210fe594ee9b33d82058545b1ed14f4c8206e,fcp,reddit-billgates-post-1.billg,True,reddit-billgates-post-1.billg fcp opt cold fission webrender,,77,ms,firefox,,1712631042,2023-06-16 12:30:26,1258826,,,,,,,,,,,,,,,,,,,,,,,,,,,,,,,,,,,,,,,,,,,,,,,,,TN
211,1d8c3788eb6fa2e81d627829a32004244d0271df,0.1813314711359404,autoland,4060709,13,fd0dfc9511c4c123e048823de9954312c2b907c1,linux1804-64-shippable-qr,True,False,,|c|o|l|d| |f|i|s|s|i|o|n| |i|n|t|e|r|a|c|t|i|v|e| |w|e|b|r|e|n|d|e|r|,102210fe594ee9b33d82058545b1ed14f4c8206e,fcp,reddit-billgates-post-1.billg,True,reddit-billgates-post-1.billg fcp opt cold fission webrender,,77,ms,firefox,,1712663115,2023-06-16 14:03:27,1258891,,,,,,,,,,,,,,,,,,,,,,,,,,,,,,,,,,,,,,,,,,,,,,,,,TN
212,e59de52b8ebea2db606a46a888a941400375fe0f,0.17551210428305397,autoland,4060709,13,fd0dfc9511c4c123e048823de9954312c2b907c1,linux1804-64-shippable-qr,True,False,,|c|o|l|d| |f|i|s|s|i|o|n| |i|n|t|e|r|a|c|t|i|v|e| |w|e|b|r|e|n|d|e|r|,102210fe594ee9b33d82058545b1ed14f4c8206e,fcp,reddit-billgates-post-1.billg,True,reddit-billgates-post-1.billg fcp opt cold fission webrender,,77,ms,firefox,,1712813694,2023-06-16 16:55:49,1259018,,,,,,,,,,,,,,,,,,,,,,,,,,,,,,,,,,,,,,,,,,,,,,,,,TN
213,789349491e2fe15a39f350fe470db7d696989434,0.1841247672253259,autoland,4060709,13,fd0dfc9511c4c123e048823de9954312c2b907c1,linux1804-64-shippable-qr,True,False,,|c|o|l|d| |f|i|s|s|i|o|n| |i|n|t|e|r|a|c|t|i|v|e| |w|e|b|r|e|n|d|e|r|,102210fe594ee9b33d82058545b1ed14f4c8206e,fcp,reddit-billgates-post-1.billg,True,reddit-billgates-post-1.billg fcp opt cold fission webrender,,77,ms,firefox,,1712937705,2023-06-16 19:50:08,1259157,,,,,,,,,,,,,,,,,,,,,,,,,,,,,,,,,,,,,,,,,,,,,,,,,TN
214,901b7ccc8be5e49a1b9736555af9653d46de349e,0.14222532588454373,autoland,4060709,13,fd0dfc9511c4c123e048823de9954312c2b907c1,linux1804-64-shippable-qr,True,False,,|c|o|l|d| |f|i|s|s|i|o|n| |i|n|t|e|r|a|c|t|i|v|e| |w|e|b|r|e|n|d|e|r|,102210fe594ee9b33d82058545b1ed14f4c8206e,fcp,reddit-billgates-post-1.billg,True,reddit-billgates-post-1.billg fcp opt cold fission webrender,,77,ms,firefox,,1713033136,2023-06-17 00:30:00,1259314,,,,,,,,,,,,,,,,,,,,,,,,,,,,,,,,,,,,,,,,,,,,,,,,,TN
215,e0262ee6a9a7a642c11266a1e9cfa4bc3fbd4b3b,0.16573556797020483,autoland,4060709,13,fd0dfc9511c4c123e048823de9954312c2b907c1,linux1804-64-shippable-qr,True,False,,|c|o|l|d| |f|i|s|s|i|o|n| |i|n|t|e|r|a|c|t|i|v|e| |w|e|b|r|e|n|d|e|r|,102210fe594ee9b33d82058545b1ed14f4c8206e,fcp,reddit-billgates-post-1.billg,True,reddit-billgates-post-1.billg fcp opt cold fission webrender,,77,ms,firefox,,1713205986,2023-06-17 15:38:59,1259384,,,,,,,,,,,,,,,,,,,,,,,,,,,,,,,,,,,,,,,,,,,,,,,,,TN
216,72d2cda2651d8fe01c8649f60e0620bc794a87fe,0.14408752327746743,autoland,4060709,13,fd0dfc9511c4c123e048823de9954312c2b907c1,linux1804-64-shippable-qr,True,False,,|c|o|l|d| |f|i|s|s|i|o|n| |i|n|t|e|r|a|c|t|i|v|e| |w|e|b|r|e|n|d|e|r|,102210fe594ee9b33d82058545b1ed14f4c8206e,fcp,reddit-billgates-post-1.billg,True,reddit-billgates-post-1.billg fcp opt cold fission webrender,,77,ms,firefox,,1713324148,2023-06-17 23:38:11,1259423,,,,,,,,,,,,,,,,,,,,,,,,,,,,,,,,,,,,,,,,,,,,,,,,,TN
217,1634cff61cb0e270b9660ebdc234cfcf3fed2c68,0.15432960893854752,autoland,4060709,13,fd0dfc9511c4c123e048823de9954312c2b907c1,linux1804-64-shippable-qr,True,False,,|c|o|l|d| |f|i|s|s|i|o|n| |i|n|t|e|r|a|c|t|i|v|e| |w|e|b|r|e|n|d|e|r|,102210fe594ee9b33d82058545b1ed14f4c8206e,fcp,reddit-billgates-post-1.billg,True,reddit-billgates-post-1.billg fcp opt cold fission webrender,,77,ms,firefox,,1713463622,2023-06-18 11:39:33,1259465,,,,,,,,,,,,,,,,,,,,,,,,,,,,,,,,,,,,,,,,,,,,,,,,,TN
218,1c059369d43547f90439b0a44cc76b54a0a3af97,0.1738826815642458,autoland,4060709,13,fd0dfc9511c4c123e048823de9954312c2b907c1,linux1804-64-shippable-qr,True,False,,|c|o|l|d| |f|i|s|s|i|o|n| |i|n|t|e|r|a|c|t|i|v|e| |w|e|b|r|e|n|d|e|r|,102210fe594ee9b33d82058545b1ed14f4c8206e,fcp,reddit-billgates-post-1.billg,True,reddit-billgates-post-1.billg fcp opt cold fission webrender,,77,ms,firefox,,1713690731,2023-06-19 00:32:35,1259516,,,,,,,,,,,,,,,,,,,,,,,,,,,,,,,,,,,,,,,,,,,,,,,,,TN
219,a9e342522ebdb9602671208a06e988a285d3af18,0.16759776536312854,autoland,4060709,13,fd0dfc9511c4c123e048823de9954312c2b907c1,linux1804-64-shippable-qr,True,False,,|c|o|l|d| |f|i|s|s|i|o|n| |i|n|t|e|r|a|c|t|i|v|e| |w|e|b|r|e|n|d|e|r|,102210fe594ee9b33d82058545b1ed14f4c8206e,fcp,reddit-billgates-post-1.billg,True,reddit-billgates-post-1.billg fcp opt cold fission webrender,,77,ms,firefox,,1713762283,2023-06-19 05:49:35,1259544,,,,,,,,,,,,,,,,,,,,,,,,,,,,,,,,,,,,,,,,,,,,,,,,,TN
220,0274a8c06c67e5ee1dccdb4e151ccf0ec70af43f,0.17993482309124764,autoland,4060709,13,fd0dfc9511c4c123e048823de9954312c2b907c1,linux1804-64-shippable-qr,True,False,,|c|o|l|d| |f|i|s|s|i|o|n| |i|n|t|e|r|a|c|t|i|v|e| |w|e|b|r|e|n|d|e|r|,102210fe594ee9b33d82058545b1ed14f4c8206e,fcp,reddit-billgates-post-1.billg,True,reddit-billgates-post-1.billg fcp opt cold fission webrender,,77,ms,firefox,,1713826045,2023-06-19 09:32:15,1259616,,,,,,,,,,,,,,,,,,,,,,,,,,,,,,,,,,,,,,,,,,,,,,,,,TN
221,48e95e86f4c75db91d98b1e674c6fd254324b7a8,0.16014897579143395,autoland,4060709,13,fd0dfc9511c4c123e048823de9954312c2b907c1,linux1804-64-shippable-qr,True,False,,|c|o|l|d| |f|i|s|s|i|o|n| |i|n|t|e|r|a|c|t|i|v|e| |w|e|b|r|e|n|d|e|r|,102210fe594ee9b33d82058545b1ed14f4c8206e,fcp,reddit-billgates-post-1.billg,True,reddit-billgates-post-1.billg fcp opt cold fission webrender,,77,ms,firefox,,1714474887,2023-06-19 10:54:06,1259657,,,,,,,,,,,,,,,,,,,,,,,,,,,,,,,,,,,,,,,,,,,,,,,,,TN
222,dcc8fc79cd80d8e3ace9dc6687916b9f166455be,0.14501862197392923,autoland,4060709,13,fd0dfc9511c4c123e048823de9954312c2b907c1,linux1804-64-shippable-qr,True,False,,|c|o|l|d| |f|i|s|s|i|o|n| |i|n|t|e|r|a|c|t|i|v|e| |w|e|b|r|e|n|d|e|r|,102210fe594ee9b33d82058545b1ed14f4c8206e,fcp,reddit-billgates-post-1.billg,True,reddit-billgates-post-1.billg fcp opt cold fission webrender,,77,ms,firefox,,1714485992,2023-06-19 10:57:13,1259660,,,,,,,,,,,,,,,,,,,,,,,,,,,,,,,,,,,,,,,,,,,,,,,,,TN
223,bb1b615dd2ccf1843e88f66950b80af491bad37f,0.15083798882681565,autoland,4060709,13,fd0dfc9511c4c123e048823de9954312c2b907c1,linux1804-64-shippable-qr,True,False,,|c|o|l|d| |f|i|s|s|i|o|n| |i|n|t|e|r|a|c|t|i|v|e| |w|e|b|r|e|n|d|e|r|,102210fe594ee9b33d82058545b1ed14f4c8206e,fcp,reddit-billgates-post-1.billg,True,reddit-billgates-post-1.billg fcp opt cold fission webrender,,77,ms,firefox,,1714408248,2023-06-19 10:58:05,1259661,,,,,,,,,,,,,,,,,,,,,,,,,,,,,,,,,,,,,,,,,,,,,,,,,TN
224,f8a8efb71935a31e7e12603b4edf86b90ef2cf4f,0.14804469273743015,autoland,4060709,13,fd0dfc9511c4c123e048823de9954312c2b907c1,linux1804-64-shippable-qr,True,False,,|c|o|l|d| |f|i|s|s|i|o|n| |i|n|t|e|r|a|c|t|i|v|e| |w|e|b|r|e|n|d|e|r|,102210fe594ee9b33d82058545b1ed14f4c8206e,fcp,reddit-billgates-post-1.billg,True,reddit-billgates-post-1.billg fcp opt cold fission webrender,,77,ms,firefox,,1714430566,2023-06-19 11:22:46,1259677,,,,,,,,,,,,,,,,,,,,,,,,,,,,,,,,,,,,,,,,,,,,,,,,,TN
225,569ee35398db24e428d99ff22a6b9995a345395c,0.14641527001862198,autoland,4060709,13,fd0dfc9511c4c123e048823de9954312c2b907c1,linux1804-64-shippable-qr,True,False,,|c|o|l|d| |f|i|s|s|i|o|n| |i|n|t|e|r|a|c|t|i|v|e| |w|e|b|r|e|n|d|e|r|,102210fe594ee9b33d82058545b1ed14f4c8206e,fcp,reddit-billgates-post-1.billg,True,reddit-billgates-post-1.billg fcp opt cold fission webrender,,77,ms,firefox,,1714425086,2023-06-19 12:30:04,1259715,,,,,,,,,,,,,,,,,,,,,,,,,,,,,,,,,,,,,,,,,,,,,,,,,TN
226,5f1f0f5559e239e38d683a443db7f8649327d102,0.1352420856610801,autoland,4060709,13,fd0dfc9511c4c123e048823de9954312c2b907c1,linux1804-64-shippable-qr,True,False,,|c|o|l|d| |f|i|s|s|i|o|n| |i|n|t|e|r|a|c|t|i|v|e| |w|e|b|r|e|n|d|e|r|,102210fe594ee9b33d82058545b1ed14f4c8206e,fcp,reddit-billgates-post-1.billg,True,reddit-billgates-post-1.billg fcp opt cold fission webrender,,77,ms,firefox,,1714462882,2023-06-19 12:30:52,1259716,,,,,,,,,,,,,,,,,,,,,,,,,,,,,,,,,,,,,,,,,,,,,,,,,TN
227,89c8bf4e9209c0c4b1eb87efab68e96d6dbf8145,0.1852886405959031,autoland,4060709,13,fd0dfc9511c4c123e048823de9954312c2b907c1,linux1804-64-shippable-qr,True,False,,|c|o|l|d| |f|i|s|s|i|o|n| |i|n|t|e|r|a|c|t|i|v|e| |w|e|b|r|e|n|d|e|r|,102210fe594ee9b33d82058545b1ed14f4c8206e,fcp,reddit-billgates-post-1.billg,True,reddit-billgates-post-1.billg fcp opt cold fission webrender,,77,ms,firefox,,1713982872,2023-06-19 13:01:53,1259739,,,,,,,,,,,,,,,,,,,,,,,,,,,,,,,,,,,,,,,,,,,,,,,,,TN
228,7d4649658fedcc49e21d5f950f279ff9e9e9e03f,0.1645716945996275,autoland,4060709,13,fd0dfc9511c4c123e048823de9954312c2b907c1,linux1804-64-shippable-qr,True,False,,|c|o|l|d| |f|i|s|s|i|o|n| |i|n|t|e|r|a|c|t|i|v|e| |w|e|b|r|e|n|d|e|r|,102210fe594ee9b33d82058545b1ed14f4c8206e,fcp,reddit-billgates-post-1.billg,True,reddit-billgates-post-1.billg fcp opt cold fission webrender,,77,ms,firefox,,1714449664,2023-06-19 13:09:57,1259747,,,,,,,,,,,,,,,,,,,,,,,,,,,,,,,,,,,,,,,,,,,,,,,,,TN
229,ea38c77ffb12688592d8addb11d0b54e467e7547,0.16969273743016755,autoland,4060709,13,fd0dfc9511c4c123e048823de9954312c2b907c1,linux1804-64-shippable-qr,True,False,,|c|o|l|d| |f|i|s|s|i|o|n| |i|n|t|e|r|a|c|t|i|v|e| |w|e|b|r|e|n|d|e|r|,102210fe594ee9b33d82058545b1ed14f4c8206e,fcp,reddit-billgates-post-1.billg,True,reddit-billgates-post-1.billg fcp opt cold fission webrender,,77,ms,firefox,,1714493675,2023-06-19 13:22:58,1259760,,,,,,,,,,,,,,,,,,,,,,,,,,,,,,,,,,,,,,,,,,,,,,,,,TN
230,9ecde3181716f5d8ad265d976575224cc04b2887,0.1899441340782123,autoland,4060709,13,fd0dfc9511c4c123e048823de9954312c2b907c1,linux1804-64-shippable-qr,True,False,,|c|o|l|d| |f|i|s|s|i|o|n| |i|n|t|e|r|a|c|t|i|v|e| |w|e|b|r|e|n|d|e|r|,102210fe594ee9b33d82058545b1ed14f4c8206e,fcp,reddit-billgates-post-1.billg,True,reddit-billgates-post-1.billg fcp opt cold fission webrender,,77,ms,firefox,,1714054714,2023-06-19 16:21:16,1259851,,,,,,,,,,,,,,,,,,,,,,,,,,,,,,,,,,,,,,,,,,,,,,,,,TN
231,521a8641a60a464e937d010be64f785f88808019,0.18319366852886398,autoland,4060709,13,fd0dfc9511c4c123e048823de9954312c2b907c1,linux1804-64-shippable-qr,True,False,,|c|o|l|d| |f|i|s|s|i|o|n| |i|n|t|e|r|a|c|t|i|v|e| |w|e|b|r|e|n|d|e|r|,102210fe594ee9b33d82058545b1ed14f4c8206e,fcp,reddit-billgates-post-1.billg,True,reddit-billgates-post-1.billg fcp opt cold fission webrender,,77,ms,firefox,,1714393361,2023-06-19 16:50:43,1259866,,,,,,,,,,,,,,,,,,,,,,,,,,,,,,,,,,,,,,,,,,,,,,,,,TN
232,58b351a155c80d33d20f09d5854fd88f2b967464,0.17225325884543763,autoland,4060709,13,fd0dfc9511c4c123e048823de9954312c2b907c1,linux1804-64-shippable-qr,True,False,,|c|o|l|d| |f|i|s|s|i|o|n| |i|n|t|e|r|a|c|t|i|v|e| |w|e|b|r|e|n|d|e|r|,102210fe594ee9b33d82058545b1ed14f4c8206e,fcp,reddit-billgates-post-1.billg,True,reddit-billgates-post-1.billg fcp opt cold fission webrender,,77,ms,firefox,,1714348007,2023-06-19 16:52:27,1259868,,,,,,,,,,,,,,,,,,,,,,,,,,,,,,,,,,,,,,,,,,,,,,,,,TN
233,365aa505cf55da4d91335bc3d2d02e1be46eb4c4,0.1447858472998137,autoland,4060709,13,fd0dfc9511c4c123e048823de9954312c2b907c1,linux1804-64-shippable-qr,True,False,,|c|o|l|d| |f|i|s|s|i|o|n| |i|n|t|e|r|a|c|t|i|v|e| |w|e|b|r|e|n|d|e|r|,102210fe594ee9b33d82058545b1ed14f4c8206e,fcp,reddit-billgates-post-1.billg,True,reddit-billgates-post-1.billg fcp opt cold fission webrender,,77,ms,firefox,,1714351894,2023-06-19 17:24:35,1259880,,,,,,,,,,,,,,,,,,,,,,,,,,,,,,,,,,,,,,,,,,,,,,,,,TN
234,f7f17f9392c5b051c786828c0a61160f0f066291,0.17318435754189943,autoland,4060709,13,fd0dfc9511c4c123e048823de9954312c2b907c1,linux1804-64-shippable-qr,True,False,,|c|o|l|d| |f|i|s|s|i|o|n| |i|n|t|e|r|a|c|t|i|v|e| |w|e|b|r|e|n|d|e|r|,102210fe594ee9b33d82058545b1ed14f4c8206e,fcp,reddit-billgates-post-1.billg,True,reddit-billgates-post-1.billg fcp opt cold fission webrender,,77,ms,firefox,,1714439577,2023-06-19 17:28:51,1259884,,,,,,,,,,,,,,,,,,,,,,,,,,,,,,,,,,,,,,,,,,,,,,,,,TN
235,08f12e7fa5f04d9acf47a841046c192b3b6b9b71,0.15619180633147112,autoland,4060709,13,fd0dfc9511c4c123e048823de9954312c2b907c1,linux1804-64-shippable-qr,True,False,,|c|o|l|d| |f|i|s|s|i|o|n| |i|n|t|e|r|a|c|t|i|v|e| |w|e|b|r|e|n|d|e|r|,102210fe594ee9b33d82058545b1ed14f4c8206e,fcp,reddit-billgates-post-1.billg,True,reddit-billgates-post-1.billg fcp opt cold fission webrender,,77,ms,firefox,,1714299002,2023-06-19 17:29:47,1259885,,,,,,,,,,,,,,,,,,,,,,,,,,,,,,,,,,,,,,,,,,,,,,,,,TN
236,b040fff76ed7ecee270c125c9c3229c5e9ee1ff0,0.1391992551210428,autoland,4060709,13,fd0dfc9511c4c123e048823de9954312c2b907c1,linux1804-64-shippable-qr,True,False,,|c|o|l|d| |f|i|s|s|i|o|n| |i|n|t|e|r|a|c|t|i|v|e| |w|e|b|r|e|n|d|e|r|,102210fe594ee9b33d82058545b1ed14f4c8206e,fcp,reddit-billgates-post-1.billg,True,reddit-billgates-post-1.billg fcp opt cold fission webrender,,77,ms,firefox,,1714476363,2023-06-19 17:46:12,1259890,,,,,,,,,,,,,,,,,,,,,,,,,,,,,,,,,,,,,,,,,,,,,,,,,TN
237,5f266371028f0ed5fe633f259a012880a2a6df89,0.1599162011173184,autoland,4060709,13,fd0dfc9511c4c123e048823de9954312c2b907c1,linux1804-64-shippable-qr,True,False,,|c|o|l|d| |f|i|s|s|i|o|n| |i|n|t|e|r|a|c|t|i|v|e| |w|e|b|r|e|n|d|e|r|,102210fe594ee9b33d82058545b1ed14f4c8206e,fcp,reddit-billgates-post-1.billg,True,reddit-billgates-post-1.billg fcp opt cold fission webrender,,77,ms,firefox,,1714385186,2023-06-19 18:37:51,1259913,,,,,,,,,,,,,,,,,,,,,,,,,,,,,,,,,,,,,,,,,,,,,,,,,TN
238,03a00f2c2bc451f4edbf350398a03d2342d68101,0.17225325884543763,autoland,4060709,13,fd0dfc9511c4c123e048823de9954312c2b907c1,linux1804-64-shippable-qr,True,False,,|c|o|l|d| |f|i|s|s|i|o|n| |i|n|t|e|r|a|c|t|i|v|e| |w|e|b|r|e|n|d|e|r|,102210fe594ee9b33d82058545b1ed14f4c8206e,fcp,reddit-billgates-post-1.billg,True,reddit-billgates-post-1.billg fcp opt cold fission webrender,,77,ms,firefox,,1714298954,2023-06-19 18:48:22,1259919,,,,,,,,,,,,,,,,,,,,,,,,,,,,,,,,,,,,,,,,,,,,,,,,,TN
239,e06365982ef6b00590cb160ebe9f4978558d1052,0.14688081936685282,autoland,4060709,13,fd0dfc9511c4c123e048823de9954312c2b907c1,linux1804-64-shippable-qr,True,False,,|c|o|l|d| |f|i|s|s|i|o|n| |i|n|t|e|r|a|c|t|i|v|e| |w|e|b|r|e|n|d|e|r|,102210fe594ee9b33d82058545b1ed14f4c8206e,fcp,reddit-billgates-post-1.billg,True,reddit-billgates-post-1.billg fcp opt cold fission webrender,,77,ms,firefox,,1714111282,2023-06-19 19:03:14,1259928,,,,,,,,,,,,,,,,,,,,,,,,,,,,,,,,,,,,,,,,,,,,,,,,,TN
240,edef1940a6bd4d95b235e43b1cada493f561f78a,0.17434823091247675,autoland,4060709,13,fd0dfc9511c4c123e048823de9954312c2b907c1,linux1804-64-shippable-qr,True,False,,|c|o|l|d| |f|i|s|s|i|o|n| |i|n|t|e|r|a|c|t|i|v|e| |w|e|b|r|e|n|d|e|r|,102210fe594ee9b33d82058545b1ed14f4c8206e,fcp,reddit-billgates-post-1.billg,True,reddit-billgates-post-1.billg fcp opt cold fission webrender,,77,ms,firefox,,1714204644,2023-06-19 23:03:46,1260042,,,,,,,,,,,,,,,,,,,,,,,,,,,,,,,,,,,,,,,,,,,,,,,,,TN
241,a4b679a79f2fa00877013dfcc1a886078d728328,0.15549348230912474,autoland,4060709,13,fd0dfc9511c4c123e048823de9954312c2b907c1,linux1804-64-shippable-qr,True,False,,|c|o|l|d| |f|i|s|s|i|o|n| |i|n|t|e|r|a|c|t|i|v|e| |w|e|b|r|e|n|d|e|r|,102210fe594ee9b33d82058545b1ed14f4c8206e,fcp,reddit-billgates-post-1.billg,True,reddit-billgates-post-1.billg fcp opt cold fission webrender,,77,ms,firefox,,1714375552,2023-06-20 04:00:20,1260102,,,,,,,,,,,,,,,,,,,,,,,,,,,,,,,,,,,,,,,,,,,,,,,,,TN
242,ce5a84713c8b968709940f18f143d251da4fcb83,0.18342644320297952,autoland,4060709,13,fd0dfc9511c4c123e048823de9954312c2b907c1,linux1804-64-shippable-qr,True,False,,|c|o|l|d| |f|i|s|s|i|o|n| |i|n|t|e|r|a|c|t|i|v|e| |w|e|b|r|e|n|d|e|r|,102210fe594ee9b33d82058545b1ed14f4c8206e,fcp,reddit-billgates-post-1.billg,True,reddit-billgates-post-1.billg fcp opt cold fission webrender,,77,ms,firefox,,1714536570,2023-06-20 05:17:25,1260124,,,,,,,,,,,,,,,,,,,,,,,,,,,,,,,,,,,,,,,,,,,,,,,,,TN
243,caf02cdd31992e89c9bd81c5ec4d391070651f3a,0.18296089385474856,autoland,4060709,13,fd0dfc9511c4c123e048823de9954312c2b907c1,linux1804-64-shippable-qr,True,False,,|c|o|l|d| |f|i|s|s|i|o|n| |i|n|t|e|r|a|c|t|i|v|e| |w|e|b|r|e|n|d|e|r|,102210fe594ee9b33d82058545b1ed14f4c8206e,fcp,reddit-billgates-post-1.billg,True,reddit-billgates-post-1.billg fcp opt cold fission webrender,,77,ms,firefox,,1714555512,2023-06-20 09:18:46,1260213,,,,,,,,,,,,,,,,,,,,,,,,,,,,,,,,,,,,,,,,,,,,,,,,,TN
244,5ade2b37847325019878bde832493c342759d7eb,0.14897579143389195,autoland,4060709,13,fd0dfc9511c4c123e048823de9954312c2b907c1,linux1804-64-shippable-qr,True,False,,|c|o|l|d| |f|i|s|s|i|o|n| |i|n|t|e|r|a|c|t|i|v|e| |w|e|b|r|e|n|d|e|r|,102210fe594ee9b33d82058545b1ed14f4c8206e,fcp,reddit-billgates-post-1.billg,True,reddit-billgates-post-1.billg fcp opt cold fission webrender,,77,ms,firefox,,1714699764,2023-06-20 12:29:52,1260284,,,,,,,,,,,,,,,,,,,,,,,,,,,,,,,,,,,,,,,,,,,,,,,,,TN
245,2a357dfcda5c76e2730168adf7715a8b0fe64909,0.17877094972067042,autoland,4060709,13,fd0dfc9511c4c123e048823de9954312c2b907c1,linux1804-64-shippable-qr,True,False,,|c|o|l|d| |f|i|s|s|i|o|n| |i|n|t|e|r|a|c|t|i|v|e| |w|e|b|r|e|n|d|e|r|,102210fe594ee9b33d82058545b1ed14f4c8206e,fcp,reddit-billgates-post-1.billg,True,reddit-billgates-post-1.billg fcp opt cold fission webrender,,77,ms,firefox,,1715364372,2023-06-20 13:16:23,1260318,,,,,,,,,,,,,,,,,,,,,,,,,,,,,,,,,,,,,,,,,,,,,,,,,TN
246,45dc6efe7f01341ff7dbed8e768ddd2f1c6c20c5,0.1757448789571695,autoland,4060709,13,fd0dfc9511c4c123e048823de9954312c2b907c1,linux1804-64-shippable-qr,True,False,,|c|o|l|d| |f|i|s|s|i|o|n| |i|n|t|e|r|a|c|t|i|v|e| |w|e|b|r|e|n|d|e|r|,102210fe594ee9b33d82058545b1ed14f4c8206e,fcp,reddit-billgates-post-1.billg,True,reddit-billgates-post-1.billg fcp opt cold fission webrender,,77,ms,firefox,,1715347587,2023-06-20 13:20:46,1260323,,,,,,,,,,,,,,,,,,,,,,,,,,,,,,,,,,,,,,,,,,,,,,,,,TN
247,24de8014b48f55b1c907f6c3e01fd4d2a9dde27e,0.13570763500931105,autoland,4060709,13,fd0dfc9511c4c123e048823de9954312c2b907c1,linux1804-64-shippable-qr,True,False,,|c|o|l|d| |f|i|s|s|i|o|n| |i|n|t|e|r|a|c|t|i|v|e| |w|e|b|r|e|n|d|e|r|,102210fe594ee9b33d82058545b1ed14f4c8206e,fcp,reddit-billgates-post-1.billg,True,reddit-billgates-post-1.billg fcp opt cold fission webrender,,77,ms,firefox,,1715361351,2023-06-20 13:42:49,1260341,,,,,,,,,,,,,,,,,,,,,,,,,,,,,,,,,,,,,,,,,,,,,,,,,TN
248,1877c1e6db6f8a23c52ab9238c7f62d0b696f0ce,0.17062383612662946,autoland,4060709,13,fd0dfc9511c4c123e048823de9954312c2b907c1,linux1804-64-shippable-qr,True,False,,|c|o|l|d| |f|i|s|s|i|o|n| |i|n|t|e|r|a|c|t|i|v|e| |w|e|b|r|e|n|d|e|r|,102210fe594ee9b33d82058545b1ed14f4c8206e,fcp,reddit-billgates-post-1.billg,True,reddit-billgates-post-1.billg fcp opt cold fission webrender,,77,ms,firefox,,1714868219,2023-06-20 16:34:00,1260512,,,,,,,,,,,,,,,,,,,,,,,,,,,,,,,,,,,,,,,,,,,,,,,,,TN
249,2ad5c2418b372960126440af5aa568104de3bfb8,0.15851955307262566,autoland,4060709,13,fd0dfc9511c4c123e048823de9954312c2b907c1,linux1804-64-shippable-qr,True,False,,|c|o|l|d| |f|i|s|s|i|o|n| |i|n|t|e|r|a|c|t|i|v|e| |w|e|b|r|e|n|d|e|r|,102210fe594ee9b33d82058545b1ed14f4c8206e,fcp,reddit-billgates-post-1.billg,True,reddit-billgates-post-1.billg fcp opt cold fission webrender,,77,ms,firefox,,1714958451,2023-06-20 16:35:53,1260515,,,,,,,,,,,,,,,,,,,,,,,,,,,,,,,,,,,,,,,,,,,,,,,,,TN
250,143aa1574b8d50e4d2ddd1a2826b25a8418f13c1,0.2807262569832403,autoland,4060709,13,fd0dfc9511c4c123e048823de9954312c2b907c1,linux1804-64-shippable-qr,True,False,,|c|o|l|d| |f|i|s|s|i|o|n| |i|n|t|e|r|a|c|t|i|v|e| |w|e|b|r|e|n|d|e|r|,102210fe594ee9b33d82058545b1ed14f4c8206e,fcp,reddit-billgates-post-1.billg,True,reddit-billgates-post-1.billg fcp opt cold fission webrender,,77,ms,firefox,,1715246542,2023-06-21 00:51:29,1260862,,,,,,,,,,,,,,,,,,,,,,,,,,,,,,,,,,,,,,,,,,,,,,,,,TN
251,7bdf45ed2f6b565e69fdbc44285af78de3271a4e,0.1608472998137802,autoland,4060709,13,fd0dfc9511c4c123e048823de9954312c2b907c1,linux1804-64-shippable-qr,True,False,,|c|o|l|d| |f|i|s|s|i|o|n| |i|n|t|e|r|a|c|t|i|v|e| |w|e|b|r|e|n|d|e|r|,102210fe594ee9b33d82058545b1ed14f4c8206e,fcp,reddit-billgates-post-1.billg,True,reddit-billgates-post-1.billg fcp opt cold fission webrender,,77,ms,firefox,,1715305180,2023-06-21 02:28:11,1260905,,,,,,,,,,,,,,,,,,,,,,,,,,,,,,,,,,,,,,,,,,,,,,,,,TN
252,8a382f0bd3211346516d54c647d157320335a806,0.16038175046554937,autoland,4060709,13,fd0dfc9511c4c123e048823de9954312c2b907c1,linux1804-64-shippable-qr,True,False,,|c|o|l|d| |f|i|s|s|i|o|n| |i|n|t|e|r|a|c|t|i|v|e| |w|e|b|r|e|n|d|e|r|,102210fe594ee9b33d82058545b1ed14f4c8206e,fcp,reddit-billgates-post-1.billg,True,reddit-billgates-post-1.billg fcp opt cold fission webrender,,77,ms,firefox,,1715407849,2023-06-21 06:55:17,1260969,,,,,,,,,,,,,,,,,,,,,,,,,,,,,,,,,,,,,,,,,,,,,,,,,TN
253,4c90403735bebf09d72af91e99745cfcbbae2a35,0.14967411545623843,autoland,4060709,13,fd0dfc9511c4c123e048823de9954312c2b907c1,linux1804-64-shippable-qr,True,False,,|c|o|l|d| |f|i|s|s|i|o|n| |i|n|t|e|r|a|c|t|i|v|e| |w|e|b|r|e|n|d|e|r|,102210fe594ee9b33d82058545b1ed14f4c8206e,fcp,reddit-billgates-post-1.billg,True,reddit-billgates-post-1.billg fcp opt cold fission webrender,,77,ms,firefox,,1715431569,2023-06-21 07:34:24,1260998,,,,,,,,,,,,,,,,,,,,,,,,,,,,,,,,,,,,,,,,,,,,,,,,,TN
254,14edc9bcbe5615f748cdb086881c6b983aedf04d,0.17923649906890127,autoland,4060709,13,fd0dfc9511c4c123e048823de9954312c2b907c1,linux1804-64-shippable-qr,True,False,,|c|o|l|d| |f|i|s|s|i|o|n| |i|n|t|e|r|a|c|t|i|v|e| |w|e|b|r|e|n|d|e|r|,102210fe594ee9b33d82058545b1ed14f4c8206e,fcp,reddit-billgates-post-1.billg,True,reddit-billgates-post-1.billg fcp opt cold fission webrender,,77,ms,firefox,,1715611412,2023-06-21 12:20:35,1261182,,,,,,,,,,,,,,,,,,,,,,,,,,,,,,,,,,,,,,,,,,,,,,,,,TN
255,b94f3d418f54f964368486a65cd5d15e828867db,0.15945065176908757,autoland,4060709,13,fd0dfc9511c4c123e048823de9954312c2b907c1,linux1804-64-shippable-qr,True,False,,|c|o|l|d| |f|i|s|s|i|o|n| |i|n|t|e|r|a|c|t|i|v|e| |w|e|b|r|e|n|d|e|r|,102210fe594ee9b33d82058545b1ed14f4c8206e,fcp,reddit-billgates-post-1.billg,True,reddit-billgates-post-1.billg fcp opt cold fission webrender,,77,ms,firefox,,1715627287,2023-06-21 12:59:17,1261207,,,,,,,,,,,,,,,,,,,,,,,,,,,,,,,,,,,,,,,,,,,,,,,,,TN
256,702dc0aa87a8c3e4929277c1dc8220a7dd72418f,0.15921787709497204,autoland,4060709,13,fd0dfc9511c4c123e048823de9954312c2b907c1,linux1804-64-shippable-qr,True,False,,|c|o|l|d| |f|i|s|s|i|o|n| |i|n|t|e|r|a|c|t|i|v|e| |w|e|b|r|e|n|d|e|r|,102210fe594ee9b33d82058545b1ed14f4c8206e,fcp,reddit-billgates-post-1.billg,True,reddit-billgates-post-1.billg fcp opt cold fission webrender,,77,ms,firefox,,1715716495,2023-06-21 16:33:07,1261278,,,,,,,,,,,,,,,,,,,,,,,,,,,,,,,,,,,,,,,,,,,,,,,,,TN
257,78880280c2765ec0520ece3184fc8fdbac5b5356,0.1634078212290503,autoland,4060709,13,fd0dfc9511c4c123e048823de9954312c2b907c1,linux1804-64-shippable-qr,True,False,,|c|o|l|d| |f|i|s|s|i|o|n| |i|n|t|e|r|a|c|t|i|v|e| |w|e|b|r|e|n|d|e|r|,102210fe594ee9b33d82058545b1ed14f4c8206e,fcp,reddit-billgates-post-1.billg,True,reddit-billgates-post-1.billg fcp opt cold fission webrender,,77,ms,firefox,,1715910435,2023-06-21 20:43:57,1261541,,,,,,,,,,,,,,,,,,,,,,,,,,,,,,,,,,,,,,,,,,,,,,,,,TN
258,109834499ca10a69681c6868a23ec828dcf160cf,0.17318435754189943,autoland,4060709,13,fd0dfc9511c4c123e048823de9954312c2b907c1,linux1804-64-shippable-qr,True,False,,|c|o|l|d| |f|i|s|s|i|o|n| |i|n|t|e|r|a|c|t|i|v|e| |w|e|b|r|e|n|d|e|r|,102210fe594ee9b33d82058545b1ed14f4c8206e,fcp,reddit-billgates-post-1.billg,True,reddit-billgates-post-1.billg fcp opt cold fission webrender,,77,ms,firefox,,1716006091,2023-06-22 00:43:42,1261782,,,,,,,,,,,,,,,,,,,,,,,,,,,,,,,,,,,,,,,,,,,,,,,,,TN
259,57884604206ce9bb39718006eac660e6e32e5044,0.18063314711359402,autoland,4060709,13,fd0dfc9511c4c123e048823de9954312c2b907c1,linux1804-64-shippable-qr,True,False,,|c|o|l|d| |f|i|s|s|i|o|n| |i|n|t|e|r|a|c|t|i|v|e| |w|e|b|r|e|n|d|e|r|,102210fe594ee9b33d82058545b1ed14f4c8206e,fcp,reddit-billgates-post-1.billg,True,reddit-billgates-post-1.billg fcp opt cold fission webrender,,77,ms,firefox,,1716073646,2023-06-22 05:48:27,1261863,,,,,,,,,,,,,,,,,,,,,,,,,,,,,,,,,,,,,,,,,,,,,,,,,TN
260,45769d7ff3c64d7abfcfedd8f05bb7dcb442270c,0.16410614525139666,autoland,4060709,13,fd0dfc9511c4c123e048823de9954312c2b907c1,linux1804-64-shippable-qr,True,False,,|c|o|l|d| |f|i|s|s|i|o|n| |i|n|t|e|r|a|c|t|i|v|e| |w|e|b|r|e|n|d|e|r|,102210fe594ee9b33d82058545b1ed14f4c8206e,fcp,reddit-billgates-post-1.billg,True,reddit-billgates-post-1.billg fcp opt cold fission webrender,,77,ms,firefox,,1716104182,2023-06-22 07:29:35,1261886,,,,,,,,,,,,,,,,,,,,,,,,,,,,,,,,,,,,,,,,,,,,,,,,,TN
261,3d85ee9f4f736ebc38b26fed33c8681bb512aa92,0.1531657355679702,autoland,4060709,13,fd0dfc9511c4c123e048823de9954312c2b907c1,linux1804-64-shippable-qr,True,False,,|c|o|l|d| |f|i|s|s|i|o|n| |i|n|t|e|r|a|c|t|i|v|e| |w|e|b|r|e|n|d|e|r|,102210fe594ee9b33d82058545b1ed14f4c8206e,fcp,reddit-billgates-post-1.billg,True,reddit-billgates-post-1.billg fcp opt cold fission webrender,,77,ms,firefox,,1716207096,2023-06-22 11:39:08,1262053,,,,,,,,,,,,,,,,,,,,,,,,,,,,,,,,,,,,,,,,,,,,,,,,,TN
262,b9e51e69d0451a93822b61cc15d72666124f02dd,0.17178770949720668,autoland,4060709,13,fd0dfc9511c4c123e048823de9954312c2b907c1,linux1804-64-shippable-qr,True,False,,|c|o|l|d| |f|i|s|s|i|o|n| |i|n|t|e|r|a|c|t|i|v|e| |w|e|b|r|e|n|d|e|r|,102210fe594ee9b33d82058545b1ed14f4c8206e,fcp,reddit-billgates-post-1.billg,True,reddit-billgates-post-1.billg fcp opt cold fission webrender,,77,ms,firefox,,1716351808,2023-06-22 14:41:02,1262179,,,,,,,,,,,,,,,,,,,,,,,,,,,,,,,,,,,,,,,,,,,,,,,,,TN
263,3ca20b10728e84a6990e718a045dff56cc971095,0.16294227188081933,autoland,4060709,13,fd0dfc9511c4c123e048823de9954312c2b907c1,linux1804-64-shippable-qr,True,False,,|c|o|l|d| |f|i|s|s|i|o|n| |i|n|t|e|r|a|c|t|i|v|e| |w|e|b|r|e|n|d|e|r|,102210fe594ee9b33d82058545b1ed14f4c8206e,fcp,reddit-billgates-post-1.billg,True,reddit-billgates-post-1.billg fcp opt cold fission webrender,,77,ms,firefox,,1716723846,2023-06-22 16:17:16,1262281,,,,,,,,,,,,,,,,,,,,,,,,,,,,,,,,,,,,,,,,,,,,,,,,,TN
264,8319e8c25b28a1b598027e583d0b98267a83df3b,0.1531657355679702,autoland,4060709,13,fd0dfc9511c4c123e048823de9954312c2b907c1,linux1804-64-shippable-qr,True,False,,|c|o|l|d| |f|i|s|s|i|o|n| |i|n|t|e|r|a|c|t|i|v|e| |w|e|b|r|e|n|d|e|r|,102210fe594ee9b33d82058545b1ed14f4c8206e,fcp,reddit-billgates-post-1.billg,True,reddit-billgates-post-1.billg fcp opt cold fission webrender,,77,ms,firefox,,1716733918,2023-06-22 16:18:05,1262282,,,,,,,,,,,,,,,,,,,,,,,,,,,,,,,,,,,,,,,,,,,,,,,,,TN
265,ab974ebe59e520c7ccfb29a7f17742be7ae4f5e8,0.15107076350093107,autoland,4060709,13,fd0dfc9511c4c123e048823de9954312c2b907c1,linux1804-64-shippable-qr,True,False,,|c|o|l|d| |f|i|s|s|i|o|n| |i|n|t|e|r|a|c|t|i|v|e| |w|e|b|r|e|n|d|e|r|,102210fe594ee9b33d82058545b1ed14f4c8206e,fcp,reddit-billgates-post-1.billg,True,reddit-billgates-post-1.billg fcp opt cold fission webrender,,77,ms,firefox,,1716708272,2023-06-22 16:44:55,1262293,,,,,,,,,,,,,,,,,,,,,,,,,,,,,,,,,,,,,,,,,,,,,,,,,TN
266,3a16cb4731cdb6baad2db46ddec526fadb078136,0.16759776536312854,autoland,4060709,13,fd0dfc9511c4c123e048823de9954312c2b907c1,linux1804-64-shippable-qr,True,False,,|c|o|l|d| |f|i|s|s|i|o|n| |i|n|t|e|r|a|c|t|i|v|e| |w|e|b|r|e|n|d|e|r|,102210fe594ee9b33d82058545b1ed14f4c8206e,fcp,reddit-billgates-post-1.billg,True,reddit-billgates-post-1.billg fcp opt cold fission webrender,,77,ms,firefox,,1716711107,2023-06-22 17:07:52,1262300,,,,,,,,,,,,,,,,,,,,,,,,,,,,,,,,,,,,,,,,,,,,,,,,,TN
267,9a98c67180c5914db4ca78d4fc36d6d0721d24a9,0.16177839851024212,autoland,4060709,13,fd0dfc9511c4c123e048823de9954312c2b907c1,linux1804-64-shippable-qr,True,False,,|c|o|l|d| |f|i|s|s|i|o|n| |i|n|t|e|r|a|c|t|i|v|e| |w|e|b|r|e|n|d|e|r|,102210fe594ee9b33d82058545b1ed14f4c8206e,fcp,reddit-billgates-post-1.billg,True,reddit-billgates-post-1.billg fcp opt cold fission webrender,,77,ms,firefox,,1716437234,2023-06-22 18:48:21,1262325,,,,,,,,,,,,,,,,,,,,,,,,,,,,,,,,,,,,,,,,,,,,,,,,,TN
268,4b261191412d4972eaab59ddb358f2eef865280d,0.17714152700186214,autoland,4060709,13,fd0dfc9511c4c123e048823de9954312c2b907c1,linux1804-64-shippable-qr,True,False,,|c|o|l|d| |f|i|s|s|i|o|n| |i|n|t|e|r|a|c|t|i|v|e| |w|e|b|r|e|n|d|e|r|,102210fe594ee9b33d82058545b1ed14f4c8206e,fcp,reddit-billgates-post-1.billg,True,reddit-billgates-post-1.billg fcp opt cold fission webrender,,77,ms,firefox,,1716458244,2023-06-22 19:02:55,1262337,,,,,,,,,,,,,,,,,,,,,,,,,,,,,,,,,,,,,,,,,,,,,,,,,TN
269,ec702239c313d37f8ee8d6b4d9b78aba8d4b6580,0.1599162011173184,autoland,4060709,13,fd0dfc9511c4c123e048823de9954312c2b907c1,linux1804-64-shippable-qr,True,False,,|c|o|l|d| |f|i|s|s|i|o|n| |i|n|t|e|r|a|c|t|i|v|e| |w|e|b|r|e|n|d|e|r|,102210fe594ee9b33d82058545b1ed14f4c8206e,fcp,reddit-billgates-post-1.billg,True,reddit-billgates-post-1.billg fcp opt cold fission webrender,,77,ms,firefox,,1716558607,2023-06-22 22:58:49,1262495,,,,,,,,,,,,,,,,,,,,,,,,,,,,,,,,,,,,,,,,,,,,,,,,,TN
270,a9c0bee966a1e0b10528a9b41b3dcea34ee95b83,0.1599162011173184,autoland,4060709,13,fd0dfc9511c4c123e048823de9954312c2b907c1,linux1804-64-shippable-qr,True,False,,|c|o|l|d| |f|i|s|s|i|o|n| |i|n|t|e|r|a|c|t|i|v|e| |w|e|b|r|e|n|d|e|r|,102210fe594ee9b33d82058545b1ed14f4c8206e,fcp,reddit-billgates-post-1.billg,True,reddit-billgates-post-1.billg fcp opt cold fission webrender,,77,ms,firefox,,1716686497,2023-06-23 03:22:10,1262648,,,,,,,,,,,,,,,,,,,,,,,,,,,,,,,,,,,,,,,,,,,,,,,,,TN
271,e6ebe768e49bf43fc6465b297a817d1e4994af82,0.14315642458100564,autoland,4060709,13,fd0dfc9511c4c123e048823de9954312c2b907c1,linux1804-64-shippable-qr,True,False,,|c|o|l|d| |f|i|s|s|i|o|n| |i|n|t|e|r|a|c|t|i|v|e| |w|e|b|r|e|n|d|e|r|,102210fe594ee9b33d82058545b1ed14f4c8206e,fcp,reddit-billgates-post-1.billg,True,reddit-billgates-post-1.billg fcp opt cold fission webrender,,77,ms,firefox,,1716801443,2023-06-23 06:38:21,1262712,,,,,,,,,,,,,,,,,,,,,,,,,,,,,,,,,,,,,,,,,,,,,,,,,TN
272,bd328e6b49f984c8a1b8e2e0e0b2194267d023ac,0.12662942271880817,autoland,4060709,13,fd0dfc9511c4c123e048823de9954312c2b907c1,linux1804-64-shippable-qr,True,False,,|c|o|l|d| |f|i|s|s|i|o|n| |i|n|t|e|r|a|c|t|i|v|e| |w|e|b|r|e|n|d|e|r|,102210fe594ee9b33d82058545b1ed14f4c8206e,fcp,reddit-billgates-post-1.billg,True,reddit-billgates-post-1.billg fcp opt cold fission webrender,,77,ms,firefox,,1716999231,2023-06-23 10:04:46,1262825,,,,,,,,,,,,,,,,,,,,,,,,,,,,,,,,,,,,,,,,,,,,,,,,,TN
273,21d4902198ae482d7fd52735881f90fb09ffaa07,0.1466480446927374,autoland,4060709,13,fd0dfc9511c4c123e048823de9954312c2b907c1,linux1804-64-shippable-qr,True,False,,|c|o|l|d| |f|i|s|s|i|o|n| |i|n|t|e|r|a|c|t|i|v|e| |w|e|b|r|e|n|d|e|r|,102210fe594ee9b33d82058545b1ed14f4c8206e,fcp,reddit-billgates-post-1.billg,True,reddit-billgates-post-1.billg fcp opt cold fission webrender,,77,ms,firefox,,1717053186,2023-06-23 14:10:04,1262960,,,,,,,,,,,,,,,,,,,,,,,,,,,,,,,,,,,,,,,,,,,,,,,,,TN
274,801ba619d741b520231e6a0791457e7b44bef641,0.09078212290502796,autoland,4060709,13,fd0dfc9511c4c123e048823de9954312c2b907c1,linux1804-64-shippable-qr,True,False,,|c|o|l|d| |f|i|s|s|i|o|n| |i|n|t|e|r|a|c|t|i|v|e| |w|e|b|r|e|n|d|e|r|,102210fe594ee9b33d82058545b1ed14f4c8206e,fcp,reddit-billgates-post-1.billg,True,reddit-billgates-post-1.billg fcp opt cold fission webrender,,77,ms,firefox,,1717069373,2023-06-23 14:24:51,1262973,,,,,,,,,,,,,,,,,,,,,,,,,,,,,,,,,,,,,,,,,,,,,,,,,TN
275,efb1631077da0ef473b1fe37d64cd6f652c34f37,0.14548417132216018,autoland,4060709,13,fd0dfc9511c4c123e048823de9954312c2b907c1,linux1804-64-shippable-qr,True,False,,|c|o|l|d| |f|i|s|s|i|o|n| |i|n|t|e|r|a|c|t|i|v|e| |w|e|b|r|e|n|d|e|r|,102210fe594ee9b33d82058545b1ed14f4c8206e,fcp,reddit-billgates-post-1.billg,True,reddit-billgates-post-1.billg fcp opt cold fission webrender,,77,ms,firefox,,1717170627,2023-06-23 18:49:22,1263094,,,,,,,,,,,,,,,,,,,,,,,,,,,,,,,,,,,,,,,,,,,,,,,,,TN
276,3cfaf216653a2de7529a3bc74907ea4fecc21912,0.1710893854748603,autoland,4060709,13,fd0dfc9511c4c123e048823de9954312c2b907c1,linux1804-64-shippable-qr,True,False,,|c|o|l|d| |f|i|s|s|i|o|n| |i|n|t|e|r|a|c|t|i|v|e| |w|e|b|r|e|n|d|e|r|,102210fe594ee9b33d82058545b1ed14f4c8206e,fcp,reddit-billgates-post-1.billg,True,reddit-billgates-post-1.billg fcp opt cold fission webrender,,77,ms,firefox,,1717203314,2023-06-23 19:29:51,1263108,,,,,,,,,,,,,,,,,,,,,,,,,,,,,,,,,,,,,,,,,,,,,,,,,TN
277,45c221c4d7560f0ab2b6f7c4d113e2f96d73e994,0.154096834264432,autoland,4060709,13,fd0dfc9511c4c123e048823de9954312c2b907c1,linux1804-64-shippable-qr,True,False,,|c|o|l|d| |f|i|s|s|i|o|n| |i|n|t|e|r|a|c|t|i|v|e| |w|e|b|r|e|n|d|e|r|,102210fe594ee9b33d82058545b1ed14f4c8206e,fcp,reddit-billgates-post-1.billg,True,reddit-billgates-post-1.billg fcp opt cold fission webrender,,77,ms,firefox,,1717247479,2023-06-23 23:33:35,1263150,,,,,,,,,,,,,,,,,,,,,,,,,,,,,,,,,,,,,,,,,,,,,,,,,TN
278,31d5ffaf0b16a722c89e3bc6043d1a6dd2df4f59,0.16433891992551208,autoland,4060709,13,fd0dfc9511c4c123e048823de9954312c2b907c1,linux1804-64-shippable-qr,True,False,,|c|o|l|d| |f|i|s|s|i|o|n| |i|n|t|e|r|a|c|t|i|v|e| |w|e|b|r|e|n|d|e|r|,102210fe594ee9b33d82058545b1ed14f4c8206e,fcp,reddit-billgates-post-1.billg,True,reddit-billgates-post-1.billg fcp opt cold fission webrender,,77,ms,firefox,,1717368151,2023-06-24 17:55:21,1263267,,,,,,,,,,,,,,,,,,,,,,,,,,,,,,,,,,,,,,,,,,,,,,,,,TN
279,a529a3830f684519fc2c2ffb6fbe1b1e77930e71,0.15339851024208562,autoland,4060709,13,fd0dfc9511c4c123e048823de9954312c2b907c1,linux1804-64-shippable-qr,True,False,,|c|o|l|d| |f|i|s|s|i|o|n| |i|n|t|e|r|a|c|t|i|v|e| |w|e|b|r|e|n|d|e|r|,102210fe594ee9b33d82058545b1ed14f4c8206e,fcp,reddit-billgates-post-1.billg,True,reddit-billgates-post-1.billg fcp opt cold fission webrender,,77,ms,firefox,,1717492821,2023-06-25 11:25:42,1263317,,,,,,,,,,,,,,,,,,,,,,,,,,,,,,,,,,,,,,,,,,,,,,,,,TN
280,391b29854d65124c758af8d7a7765b53ec46b9bf,0.1522346368715084,autoland,4060709,13,fd0dfc9511c4c123e048823de9954312c2b907c1,linux1804-64-shippable-qr,True,False,,|c|o|l|d| |f|i|s|s|i|o|n| |i|n|t|e|r|a|c|t|i|v|e| |w|e|b|r|e|n|d|e|r|,102210fe594ee9b33d82058545b1ed14f4c8206e,fcp,reddit-billgates-post-1.billg,True,reddit-billgates-post-1.billg fcp opt cold fission webrender,,77,ms,firefox,,1717618568,2023-06-26 01:53:17,1263401,,,,,,,,,,,,,,,,,,,,,,,,,,,,,,,,,,,,,,,,,,,,,,,,,TN
281,b8784b3350a10d9ba119e133ba1afe2fa2862b64,0.12756052141527008,autoland,4060709,13,fd0dfc9511c4c123e048823de9954312c2b907c1,linux1804-64-shippable-qr,True,False,,|c|o|l|d| |f|i|s|s|i|o|n| |i|n|t|e|r|a|c|t|i|v|e| |w|e|b|r|e|n|d|e|r|,102210fe594ee9b33d82058545b1ed14f4c8206e,fcp,reddit-billgates-post-1.billg,True,reddit-billgates-post-1.billg fcp opt cold fission webrender,,77,ms,firefox,,1717709324,2023-06-26 08:39:50,1263470,,,,,,,,,,,,,,,,,,,,,,,,,,,,,,,,,,,,,,,,,,,,,,,,,TN
282,147bbf0910da38bd103a6cac5b77bca042225107,0.1494413407821229,autoland,4060709,13,fd0dfc9511c4c123e048823de9954312c2b907c1,linux1804-64-shippable-qr,True,False,,|c|o|l|d| |f|i|s|s|i|o|n| |i|n|t|e|r|a|c|t|i|v|e| |w|e|b|r|e|n|d|e|r|,102210fe594ee9b33d82058545b1ed14f4c8206e,fcp,reddit-billgates-post-1.billg,True,reddit-billgates-post-1.billg fcp opt cold fission webrender,,77,ms,firefox,,1717808098,2023-06-26 12:15:47,1263599,,,,,,,,,,,,,,,,,,,,,,,,,,,,,,,,,,,,,,,,,,,,,,,,,TN
283,0df3bf668e3f51bd027ba30815ee883bb23a0b77,0.17551210428305397,autoland,4060709,13,fd0dfc9511c4c123e048823de9954312c2b907c1,linux1804-64-shippable-qr,True,False,,|c|o|l|d| |f|i|s|s|i|o|n| |i|n|t|e|r|a|c|t|i|v|e| |w|e|b|r|e|n|d|e|r|,102210fe594ee9b33d82058545b1ed14f4c8206e,fcp,reddit-billgates-post-1.billg,True,reddit-billgates-post-1.billg fcp opt cold fission webrender,,77,ms,firefox,,1718349643,2023-06-26 12:52:40,1263636,,,,,,,,,,,,,,,,,,,,,,,,,,,,,,,,,,,,,,,,,,,,,,,,,TN
284,b6233acd02848323203feb0864cfc994aaa0f4f3,0.1503724394785847,autoland,4060709,13,fd0dfc9511c4c123e048823de9954312c2b907c1,linux1804-64-shippable-qr,True,False,,|c|o|l|d| |f|i|s|s|i|o|n| |i|n|t|e|r|a|c|t|i|v|e| |w|e|b|r|e|n|d|e|r|,102210fe594ee9b33d82058545b1ed14f4c8206e,fcp,reddit-billgates-post-1.billg,True,reddit-billgates-post-1.billg fcp opt cold fission webrender,,77,ms,firefox,,1718352880,2023-06-26 13:02:45,1263648,,,,,,,,,,,,,,,,,,,,,,,,,,,,,,,,,,,,,,,,,,,,,,,,,TN
285,a9a1430953c45602083b397b0d0bb8e55a69fa46,0.1419925512104283,autoland,4060709,13,fd0dfc9511c4c123e048823de9954312c2b907c1,linux1804-64-shippable-qr,True,False,,|c|o|l|d| |f|i|s|s|i|o|n| |i|n|t|e|r|a|c|t|i|v|e| |w|e|b|r|e|n|d|e|r|,102210fe594ee9b33d82058545b1ed14f4c8206e,fcp,reddit-billgates-post-1.billg,True,reddit-billgates-post-1.billg fcp opt cold fission webrender,,77,ms,firefox,,1717907450,2023-06-26 15:17:27,1263769,,,,,,,,,,,,,,,,,,,,,,,,,,,,,,,,,,,,,,,,,,,,,,,,,TN
286,43533d1489bc82330991d4cbac2d5b8e704b7558,0.13989757914338918,autoland,4060709,13,fd0dfc9511c4c123e048823de9954312c2b907c1,linux1804-64-shippable-qr,True,False,,|c|o|l|d| |f|i|s|s|i|o|n| |i|n|t|e|r|a|c|t|i|v|e| |w|e|b|r|e|n|d|e|r|,102210fe594ee9b33d82058545b1ed14f4c8206e,fcp,reddit-billgates-post-1.billg,True,reddit-billgates-post-1.billg fcp opt cold fission webrender,,77,ms,firefox,,1718079029,2023-06-26 19:17:54,1263990,,,,,,,,,,,,,,,,,,,,,,,,,,,,,,,,,,,,,,,,,,,,,,,,,TN
287,4bdb9438b18b4b7ad15d5f4f62fd67cad4308d62,0.1606145251396648,autoland,4060709,13,fd0dfc9511c4c123e048823de9954312c2b907c1,linux1804-64-shippable-qr,True,False,,|c|o|l|d| |f|i|s|s|i|o|n| |i|n|t|e|r|a|c|t|i|v|e| |w|e|b|r|e|n|d|e|r|,102210fe594ee9b33d82058545b1ed14f4c8206e,fcp,reddit-billgates-post-1.billg,True,reddit-billgates-post-1.billg fcp opt cold fission webrender,,77,ms,firefox,,1718212430,2023-06-26 23:32:18,1264157,,,,,,,,,,,,,,,,,,,,,,,,,,,,,,,,,,,,,,,,,,,,,,,,,TN
288,b34d04613ffa3abda9bcdd07fc5185a34cdc407b,0.16992551210428308,autoland,4060709,13,fd0dfc9511c4c123e048823de9954312c2b907c1,linux1804-64-shippable-qr,True,False,,|c|o|l|d| |f|i|s|s|i|o|n| |i|n|t|e|r|a|c|t|i|v|e| |w|e|b|r|e|n|d|e|r|,102210fe594ee9b33d82058545b1ed14f4c8206e,fcp,reddit-billgates-post-1.billg,True,reddit-billgates-post-1.billg fcp opt cold fission webrender,,77,ms,firefox,,1718239814,2023-06-26 23:58:56,1264185,,,,,,,,,,,,,,,,,,,,,,,,,,,,,,,,,,,,,,,,,,,,,,,,,TN
289,e0d8554167a0aad02af68198462e91dd05958593,0.14432029795158285,autoland,4060709,13,fd0dfc9511c4c123e048823de9954312c2b907c1,linux1804-64-shippable-qr,True,False,,|c|o|l|d| |f|i|s|s|i|o|n| |i|n|t|e|r|a|c|t|i|v|e| |w|e|b|r|e|n|d|e|r|,102210fe594ee9b33d82058545b1ed14f4c8206e,fcp,reddit-billgates-post-1.billg,True,reddit-billgates-post-1.billg fcp opt cold fission webrender,,77,ms,firefox,,1718333543,2023-06-27 04:20:21,1264240,,,,,,,,,,,,,,,,,,,,,,,,,,,,,,,,,,,,,,,,,,,,,,,,,TN
290,e963fffcb3a0375f0c08e6c62d4300cbf79fba0b,0.07844506517690875,autoland,4060709,13,fd0dfc9511c4c123e048823de9954312c2b907c1,linux1804-64-shippable-qr,True,False,,|c|o|l|d| |f|i|s|s|i|o|n| |i|n|t|e|r|a|c|t|i|v|e| |w|e|b|r|e|n|d|e|r|,102210fe594ee9b33d82058545b1ed14f4c8206e,fcp,reddit-billgates-post-1.billg,True,reddit-billgates-post-1.billg fcp opt cold fission webrender,,77,ms,firefox,,1718406551,2023-06-27 07:09:08,1264287,,,,,,,,,,,,,,,,,,,,,,,,,,,,,,,,,,,,,,,,,,,,,,,,,TN
291,96efb14c1b2e225253f22aae7b217fdd48b4cb9f,0.17225325884543763,autoland,4060709,13,fd0dfc9511c4c123e048823de9954312c2b907c1,linux1804-64-shippable-qr,True,False,,|c|o|l|d| |f|i|s|s|i|o|n| |i|n|t|e|r|a|c|t|i|v|e| |w|e|b|r|e|n|d|e|r|,102210fe594ee9b33d82058545b1ed14f4c8206e,fcp,reddit-billgates-post-1.billg,True,reddit-billgates-post-1.billg fcp opt cold fission webrender,,77,ms,firefox,,1718511263,2023-06-27 11:13:52,1264423,,,,,,,,,,,,,,,,,,,,,,,,,,,,,,,,,,,,,,,,,,,,,,,,,TN
292,c041b113d5acbf06ba2e6161d9a1ef4fa5b3636b,0.1268621973929237,autoland,4060709,13,fd0dfc9511c4c123e048823de9954312c2b907c1,linux1804-64-shippable-qr,True,False,,|c|o|l|d| |f|i|s|s|i|o|n| |i|n|t|e|r|a|c|t|i|v|e| |w|e|b|r|e|n|d|e|r|,102210fe594ee9b33d82058545b1ed14f4c8206e,fcp,reddit-billgates-post-1.billg,True,reddit-billgates-post-1.billg fcp opt cold fission webrender,,77,ms,firefox,,1718609637,2023-06-27 15:57:28,1264575,,,,,,,,,,,,,,,,,,,,,,,,,,,,,,,,,,,,,,,,,,,,,,,,,TN
293,da38525a017e6dd411f2c2ccd84d286d86bdad8d,0.143854748603352,autoland,4060709,13,fd0dfc9511c4c123e048823de9954312c2b907c1,linux1804-64-shippable-qr,True,False,,|c|o|l|d| |f|i|s|s|i|o|n| |i|n|t|e|r|a|c|t|i|v|e| |w|e|b|r|e|n|d|e|r|,102210fe594ee9b33d82058545b1ed14f4c8206e,fcp,reddit-billgates-post-1.billg,True,reddit-billgates-post-1.billg fcp opt cold fission webrender,,77,ms,firefox,,1718617530,2023-06-27 16:17:01,1264584,,,,,,,,,,,,,,,,,,,,,,,,,,,,,,,,,,,,,,,,,,,,,,,,,TN
294,80adb872a3d1e32f459e5cf3bc77e47008da925f,0.1389664804469274,autoland,4060709,13,fd0dfc9511c4c123e048823de9954312c2b907c1,linux1804-64-shippable-qr,True,False,,|c|o|l|d| |f|i|s|s|i|o|n| |i|n|t|e|r|a|c|t|i|v|e| |w|e|b|r|e|n|d|e|r|,102210fe594ee9b33d82058545b1ed14f4c8206e,fcp,reddit-billgates-post-1.billg,True,reddit-billgates-post-1.billg fcp opt cold fission webrender,,77,ms,firefox,,1718747231,2023-06-27 20:57:27,1264834,,,,,,,,,,,,,,,,,,,,,,,,,,,,,,,,,,,,,,,,,,,,,,,,,TN
295,591e3233df273509a8c0d0ccd1cc32795ae584dc,0.17225325884543763,autoland,4060709,13,fd0dfc9511c4c123e048823de9954312c2b907c1,linux1804-64-shippable-qr,True,False,,|c|o|l|d| |f|i|s|s|i|o|n| |i|n|t|e|r|a|c|t|i|v|e| |w|e|b|r|e|n|d|e|r|,102210fe594ee9b33d82058545b1ed14f4c8206e,fcp,reddit-billgates-post-1.billg,True,reddit-billgates-post-1.billg fcp opt cold fission webrender,,77,ms,firefox,,1718832111,2023-06-28 00:04:05,1264952,,,,,,,,,,,,,,,,,,,,,,,,,,,,,,,,,,,,,,,,,,,,,,,,,TN
296,ecb2997338f1c9a2059192ce04d01243537176b9,0.14688081936685282,autoland,4060709,13,fd0dfc9511c4c123e048823de9954312c2b907c1,linux1804-64-shippable-qr,True,False,,|c|o|l|d| |f|i|s|s|i|o|n| |i|n|t|e|r|a|c|t|i|v|e| |w|e|b|r|e|n|d|e|r|,102210fe594ee9b33d82058545b1ed14f4c8206e,fcp,reddit-billgates-post-1.billg,True,reddit-billgates-post-1.billg fcp opt cold fission webrender,,77,ms,firefox,,1718926174,2023-06-28 03:09:49,1265035,,,,,,,,,,,,,,,,,,,,,,,,,,,,,,,,,,,,,,,,,,,,,,,,,TN
297,51b6f36ff37d4b6906ec5cab830b1e283c6f7395,0.15293296089385466,autoland,4060709,13,fd0dfc9511c4c123e048823de9954312c2b907c1,linux1804-64-shippable-qr,True,False,,|c|o|l|d| |f|i|s|s|i|o|n| |i|n|t|e|r|a|c|t|i|v|e| |w|e|b|r|e|n|d|e|r|,102210fe594ee9b33d82058545b1ed14f4c8206e,fcp,reddit-billgates-post-1.billg,True,reddit-billgates-post-1.billg fcp opt cold fission webrender,,77,ms,firefox,,1719011998,2023-06-28 07:19:30,1265110,,,,,,,,,,,,,,,,,,,,,,,,,,,,,,,,,,,,,,,,,,,,,,,,,TN
298,3b7b3970a88459c11033effb61df89644e963bda,0.143854748603352,autoland,4060709,13,fd0dfc9511c4c123e048823de9954312c2b907c1,linux1804-64-shippable-qr,True,False,,|c|o|l|d| |f|i|s|s|i|o|n| |i|n|t|e|r|a|c|t|i|v|e| |w|e|b|r|e|n|d|e|r|,102210fe594ee9b33d82058545b1ed14f4c8206e,fcp,reddit-billgates-post-1.billg,True,reddit-billgates-post-1.billg fcp opt cold fission webrender,,77,ms,firefox,,1719106953,2023-06-28 11:29:09,1265214,,,,,,,,,,,,,,,,,,,,,,,,,,,,,,,,,,,,,,,,,,,,,,,,,TN
299,c20ba5651ee046629ef49efd2e49f6214c3ae520,0.1804003724394786,autoland,4060709,13,fd0dfc9511c4c123e048823de9954312c2b907c1,linux1804-64-shippable-qr,True,False,,|c|o|l|d| |f|i|s|s|i|o|n| |i|n|t|e|r|a|c|t|i|v|e| |w|e|b|r|e|n|d|e|r|,102210fe594ee9b33d82058545b1ed14f4c8206e,fcp,reddit-billgates-post-1.billg,True,reddit-billgates-post-1.billg fcp opt cold fission webrender,,77,ms,firefox,,1719194814,2023-06-28 14:16:43,1265309,,,,,,,,,,,,,,,,,,,,,,,,,,,,,,,,,,,,,,,,,,,,,,,,,TN
300,7f8cab56aed6b18878c445b25ab157c73db33453,0.19040968342644327,autoland,4060709,13,fd0dfc9511c4c123e048823de9954312c2b907c1,linux1804-64-shippable-qr,True,False,,|c|o|l|d| |f|i|s|s|i|o|n| |i|n|t|e|r|a|c|t|i|v|e| |w|e|b|r|e|n|d|e|r|,102210fe594ee9b33d82058545b1ed14f4c8206e,fcp,reddit-billgates-post-1.billg,True,reddit-billgates-post-1.billg fcp opt cold fission webrender,,77,ms,firefox,,1719577851,2023-06-28 17:30:42,1265469,,,,,,,,,,,,,,,,,,,,,,,,,,,,,,,,,,,,,,,,,,,,,,,,,TN
301,c5e56896abbfc645ab1dff9eba0e565d5904e98c,0.1380353817504656,autoland,4060709,13,fd0dfc9511c4c123e048823de9954312c2b907c1,linux1804-64-shippable-qr,True,False,,|c|o|l|d| |f|i|s|s|i|o|n| |i|n|t|e|r|a|c|t|i|v|e| |w|e|b|r|e|n|d|e|r|,102210fe594ee9b33d82058545b1ed14f4c8206e,fcp,reddit-billgates-post-1.billg,True,reddit-billgates-post-1.billg fcp opt cold fission webrender,,77,ms,firefox,,1719585391,2023-06-28 17:33:37,1265471,,,,,,,,,,,,,,,,,,,,,,,,,,,,,,,,,,,,,,,,,,,,,,,,,TN
302,0df511b69760b69959818e34e07aa74a0ad7061a,0.1599162011173184,autoland,4060709,13,fd0dfc9511c4c123e048823de9954312c2b907c1,linux1804-64-shippable-qr,True,False,,|c|o|l|d| |f|i|s|s|i|o|n| |i|n|t|e|r|a|c|t|i|v|e| |w|e|b|r|e|n|d|e|r|,102210fe594ee9b33d82058545b1ed14f4c8206e,fcp,reddit-billgates-post-1.billg,True,reddit-billgates-post-1.billg fcp opt cold fission webrender,,77,ms,firefox,,1719282757,2023-06-28 17:34:48,1265473,,,,,,,,,,,,,,,,,,,,,,,,,,,,,,,,,,,,,,,,,,,,,,,,,TN
303,3d01de27a80e9d17c671b0b47d83f082e36756e3,0.15479515828677837,autoland,4060709,13,fd0dfc9511c4c123e048823de9954312c2b907c1,linux1804-64-shippable-qr,True,False,,|c|o|l|d| |f|i|s|s|i|o|n| |i|n|t|e|r|a|c|t|i|v|e| |w|e|b|r|e|n|d|e|r|,102210fe594ee9b33d82058545b1ed14f4c8206e,fcp,reddit-billgates-post-1.billg,True,reddit-billgates-post-1.billg fcp opt cold fission webrender,,77,ms,firefox,,1719596143,2023-06-28 17:43:59,1265482,,,,,,,,,,,,,,,,,,,,,,,,,,,,,,,,,,,,,,,,,,,,,,,,,TN
304,be8d0f74f05a50e82bab53a7bb9d6b7a447d1be3,0.1813314711359404,autoland,4060709,13,fd0dfc9511c4c123e048823de9954312c2b907c1,linux1804-64-shippable-qr,True,False,,|c|o|l|d| |f|i|s|s|i|o|n| |i|n|t|e|r|a|c|t|i|v|e| |w|e|b|r|e|n|d|e|r|,102210fe594ee9b33d82058545b1ed14f4c8206e,fcp,reddit-billgates-post-1.billg,True,reddit-billgates-post-1.billg fcp opt cold fission webrender,,77,ms,firefox,,1719570889,2023-06-28 17:50:41,1265490,,,,,,,,,,,,,,,,,,,,,,,,,,,,,,,,,,,,,,,,,,,,,,,,,TN
305,d18ee9401610559d6724af1cf6a4ba7ca620f195,0.14618249534450656,autoland,4060709,13,fd0dfc9511c4c123e048823de9954312c2b907c1,linux1804-64-shippable-qr,True,False,,|c|o|l|d| |f|i|s|s|i|o|n| |i|n|t|e|r|a|c|t|i|v|e| |w|e|b|r|e|n|d|e|r|,102210fe594ee9b33d82058545b1ed14f4c8206e,fcp,reddit-billgates-post-1.billg,True,reddit-billgates-post-1.billg fcp opt cold fission webrender,,77,ms,firefox,,1719386840,2023-06-28 21:47:35,1265682,,,,,,,,,,,,,,,,,,,,,,,,,,,,,,,,,,,,,,,,,,,,,,,,,TN
306,bab00f4f94d567cf8ccf12e64f4e5cccc2ab6783,0.2518621973929236,autoland,4060709,13,fd0dfc9511c4c123e048823de9954312c2b907c1,linux1804-64-shippable-qr,True,False,,|c|o|l|d| |f|i|s|s|i|o|n| |i|n|t|e|r|a|c|t|i|v|e| |w|e|b|r|e|n|d|e|r|,102210fe594ee9b33d82058545b1ed14f4c8206e,fcp,reddit-billgates-post-1.billg,True,reddit-billgates-post-1.billg fcp opt cold fission webrender,,77,ms,firefox,,1719511137,2023-06-29 02:28:53,1265821,,,,,,,,,,,,,,,,,,,,,,,,,,,,,,,,,,,,,,,,,,,,,,,,,TN
307,046c4b8aaa8932f15825dc4decd3911bb048e7f5,0.14990689013035385,autoland,4060709,13,fd0dfc9511c4c123e048823de9954312c2b907c1,linux1804-64-shippable-qr,True,False,,|c|o|l|d| |f|i|s|s|i|o|n| |i|n|t|e|r|a|c|t|i|v|e| |w|e|b|r|e|n|d|e|r|,102210fe594ee9b33d82058545b1ed14f4c8206e,fcp,reddit-billgates-post-1.billg,True,reddit-billgates-post-1.billg fcp opt cold fission webrender,,77,ms,firefox,,1719687063,2023-06-29 08:54:52,1265934,,,,,,,,,,,,,,,,,,,,,,,,,,,,,,,,,,,,,,,,,,,,,,,,,TN
308,538e7a34c2f4c6822b182c662f0f4cdb1e609965,0.15479515828677837,autoland,4060709,13,fd0dfc9511c4c123e048823de9954312c2b907c1,linux1804-64-shippable-qr,True,False,,|c|o|l|d| |f|i|s|s|i|o|n| |i|n|t|e|r|a|c|t|i|v|e| |w|e|b|r|e|n|d|e|r|,102210fe594ee9b33d82058545b1ed14f4c8206e,fcp,reddit-billgates-post-1.billg,True,reddit-billgates-post-1.billg fcp opt cold fission webrender,,77,ms,firefox,,1720117071,2023-06-29 11:58:43,1266013,,,,,,,,,,,,,,,,,,,,,,,,,,,,,,,,,,,,,,,,,,,,,,,,,TN
309,729e4ffa06cf277175d86f49502ce67a383d09d2,0.13594040968342647,autoland,4060709,13,fd0dfc9511c4c123e048823de9954312c2b907c1,linux1804-64-shippable-qr,True,False,,|c|o|l|d| |f|i|s|s|i|o|n| |i|n|t|e|r|a|c|t|i|v|e| |w|e|b|r|e|n|d|e|r|,102210fe594ee9b33d82058545b1ed14f4c8206e,fcp,reddit-billgates-post-1.billg,True,reddit-billgates-post-1.billg fcp opt cold fission webrender,,77,ms,firefox,,1720109057,2023-06-29 12:23:15,1266022,,,,,,,,,,,,,,,,,,,,,,,,,,,,,,,,,,,,,,,,,,,,,,,,,TN
310,e784085dfb507c237319c40245ef0b32ddcf82b0,0.16177839851024212,autoland,4060709,13,fd0dfc9511c4c123e048823de9954312c2b907c1,linux1804-64-shippable-qr,True,False,,|c|o|l|d| |f|i|s|s|i|o|n| |i|n|t|e|r|a|c|t|i|v|e| |w|e|b|r|e|n|d|e|r|,102210fe594ee9b33d82058545b1ed14f4c8206e,fcp,reddit-billgates-post-1.billg,True,reddit-billgates-post-1.billg fcp opt cold fission webrender,,77,ms,firefox,,1719787238,2023-06-29 12:57:39,1266033,,,,,,,,,,,,,,,,,,,,,,,,,,,,,,,,,,,,,,,,,,,,,,,,,TN
311,573b87117fd3efdb12ffb05692f97323c07a9900,0.17807262569832405,autoland,4060709,13,fd0dfc9511c4c123e048823de9954312c2b907c1,linux1804-64-shippable-qr,True,False,,|c|o|l|d| |f|i|s|s|i|o|n| |i|n|t|e|r|a|c|t|i|v|e| |w|e|b|r|e|n|d|e|r|,102210fe594ee9b33d82058545b1ed14f4c8206e,fcp,reddit-billgates-post-1.billg,True,reddit-billgates-post-1.billg fcp opt cold fission webrender,,77,ms,firefox,,1719860163,2023-06-29 15:22:27,1266105,,,,,,,,,,,,,,,,,,,,,,,,,,,,,,,,,,,,,,,,,,,,,,,,,TN
312,c5ac7e957828eeda97a3af6fc706f41aa567e48e,0.1748137802607076,autoland,4060709,13,fd0dfc9511c4c123e048823de9954312c2b907c1,linux1804-64-shippable-qr,True,False,,|c|o|l|d| |f|i|s|s|i|o|n| |i|n|t|e|r|a|c|t|i|v|e| |w|e|b|r|e|n|d|e|r|,102210fe594ee9b33d82058545b1ed14f4c8206e,fcp,reddit-billgates-post-1.billg,True,reddit-billgates-post-1.billg fcp opt cold fission webrender,,77,ms,firefox,,1719941988,2023-06-29 19:36:56,1266292,,,,,,,,,,,,,,,,,,,,,,,,,,,,,,,,,,,,,,,,,,,,,,,,,TN
313,e37ddb3aa508e953837fbd08afec4a2aa6f7f5ed,0.1822625698324023,autoland,4060709,13,fd0dfc9511c4c123e048823de9954312c2b907c1,linux1804-64-shippable-qr,True,False,,|c|o|l|d| |f|i|s|s|i|o|n| |i|n|t|e|r|a|c|t|i|v|e| |w|e|b|r|e|n|d|e|r|,102210fe594ee9b33d82058545b1ed14f4c8206e,fcp,reddit-billgates-post-1.billg,True,reddit-billgates-post-1.billg fcp opt cold fission webrender,,77,ms,firefox,,1719964777,2023-06-29 20:41:17,1266342,,,,,,,,,,,,,,,,,,,,,,,,,,,,,,,,,,,,,,,,,,,,,,,,,TN
314,e547d8e238568d790c74653068edac30240a95c5,0.12290502793296088,autoland,4060709,13,fd0dfc9511c4c123e048823de9954312c2b907c1,linux1804-64-shippable-qr,True,False,,|c|o|l|d| |f|i|s|s|i|o|n| |i|n|t|e|r|a|c|t|i|v|e| |w|e|b|r|e|n|d|e|r|,102210fe594ee9b33d82058545b1ed14f4c8206e,fcp,reddit-billgates-post-1.billg,True,reddit-billgates-post-1.billg fcp opt cold fission webrender,,77,ms,firefox,,1720048459,2023-06-30 01:00:02,1266447,,,,,,,,,,,,,,,,,,,,,,,,,,,,,,,,,,,,,,,,,,,,,,,,,TN
315,9bc27d87fa29fd921612525cc37e24f0ec3ba76b,0.15828677839851024,autoland,4060709,13,fd0dfc9511c4c123e048823de9954312c2b907c1,linux1804-64-shippable-qr,True,False,,|c|o|l|d| |f|i|s|s|i|o|n| |i|n|t|e|r|a|c|t|i|v|e| |w|e|b|r|e|n|d|e|r|,102210fe594ee9b33d82058545b1ed14f4c8206e,fcp,reddit-billgates-post-1.billg,True,reddit-billgates-post-1.billg fcp opt cold fission webrender,,77,ms,firefox,,1720151833,2023-06-30 08:19:33,1266526,,,,,,,,,,,,,,,,,,,,,,,,,,,,,,,,,,,,,,,,,,,,,,,,,TN
316,0abcd848f8218f0e2d339bbd497ac60f4a3b752c,0.16177839851024212,autoland,4060709,13,fd0dfc9511c4c123e048823de9954312c2b907c1,linux1804-64-shippable-qr,True,False,,|c|o|l|d| |f|i|s|s|i|o|n| |i|n|t|e|r|a|c|t|i|v|e| |w|e|b|r|e|n|d|e|r|,102210fe594ee9b33d82058545b1ed14f4c8206e,fcp,reddit-billgates-post-1.billg,True,reddit-billgates-post-1.billg fcp opt cold fission webrender,,77,ms,firefox,,1720237414,2023-06-30 13:51:38,1266633,,,,,,,,,,,,,,,,,,,,,,,,,,,,,,,,,,,,,,,,,,,,,,,,,TN
317,8ee32af33954493677c04d2dad76681d20d37c02,0.17504655493482302,autoland,4060709,13,fd0dfc9511c4c123e048823de9954312c2b907c1,linux1804-64-shippable-qr,True,False,,|c|o|l|d| |f|i|s|s|i|o|n| |i|n|t|e|r|a|c|t|i|v|e| |w|e|b|r|e|n|d|e|r|,102210fe594ee9b33d82058545b1ed14f4c8206e,fcp,reddit-billgates-post-1.billg,True,reddit-billgates-post-1.billg fcp opt cold fission webrender,,77,ms,firefox,,1720352704,2023-07-01 00:00:49,1266825,,,,,,,,,,,,,,,,,,,,,,,,,,,,,,,,,,,,,,,,,,,,,,,,,TN
318,81b43c5e095f0b0407b6d1a8d4a7f92bf7115e5e,0.16666666666666663,autoland,4060709,13,fd0dfc9511c4c123e048823de9954312c2b907c1,linux1804-64-shippable-qr,True,False,,|c|o|l|d| |f|i|s|s|i|o|n| |i|n|t|e|r|a|c|t|i|v|e| |w|e|b|r|e|n|d|e|r|,102210fe594ee9b33d82058545b1ed14f4c8206e,fcp,reddit-billgates-post-1.billg,True,reddit-billgates-post-1.billg fcp opt cold fission webrender,,77,ms,firefox,,1720379513,2023-07-01 02:26:01,1266845,,,,,,,,,,,,,,,,,,,,,,,,,,,,,,,,,,,,,,,,,,,,,,,,,TN
319,e8ccd4d6629a5cde6dd4011e79c55630beb87376,0.18389199255121047,autoland,4060709,13,fd0dfc9511c4c123e048823de9954312c2b907c1,linux1804-64-shippable-qr,True,False,,|c|o|l|d| |f|i|s|s|i|o|n| |i|n|t|e|r|a|c|t|i|v|e| |w|e|b|r|e|n|d|e|r|,102210fe594ee9b33d82058545b1ed14f4c8206e,fcp,reddit-billgates-post-1.billg,True,reddit-billgates-post-1.billg fcp opt cold fission webrender,,77,ms,firefox,,1720471939,2023-07-02 04:09:27,1266929,,,,,,,,,,,,,,,,,,,,,,,,,,,,,,,,,,,,,,,,,,,,,,,,,TN
320,93c2b16409e05c7d2b654d2b5356a2b7742b0d18,0.15898510242085662,autoland,4060709,13,fd0dfc9511c4c123e048823de9954312c2b907c1,linux1804-64-shippable-qr,True,False,,|c|o|l|d| |f|i|s|s|i|o|n| |i|n|t|e|r|a|c|t|i|v|e| |w|e|b|r|e|n|d|e|r|,102210fe594ee9b33d82058545b1ed14f4c8206e,fcp,reddit-billgates-post-1.billg,True,reddit-billgates-post-1.billg fcp opt cold fission webrender,,77,ms,firefox,,1720537363,2023-07-02 10:13:29,1266947,,,,,,,,,,,,,,,,,,,,,,,,,,,,,,,,,,,,,,,,,,,,,,,,,TN
321,8a50b880c83f70597cd2951c74b7e9420d4b55c7,0.16014897579143395,autoland,4060709,13,fd0dfc9511c4c123e048823de9954312c2b907c1,linux1804-64-shippable-qr,True,False,,|c|o|l|d| |f|i|s|s|i|o|n| |i|n|t|e|r|a|c|t|i|v|e| |w|e|b|r|e|n|d|e|r|,102210fe594ee9b33d82058545b1ed14f4c8206e,fcp,reddit-billgates-post-1.billg,True,reddit-billgates-post-1.billg fcp opt cold fission webrender,,77,ms,firefox,,1720572949,2023-07-02 16:18:34,1266959,,,,,,,,,,,,,,,,,,,,,,,,,,,,,,,,,,,,,,,,,,,,,,,,,TN
322,03b04345a888d738f358fc74595aabb1dfb2685c,0.18878026070763498,autoland,4060709,13,fd0dfc9511c4c123e048823de9954312c2b907c1,linux1804-64-shippable-qr,True,False,,|c|o|l|d| |f|i|s|s|i|o|n| |i|n|t|e|r|a|c|t|i|v|e| |w|e|b|r|e|n|d|e|r|,102210fe594ee9b33d82058545b1ed14f4c8206e,fcp,reddit-billgates-post-1.billg,True,reddit-billgates-post-1.billg fcp opt cold fission webrender,,77,ms,firefox,,1720633484,2023-07-03 04:14:26,1267009,,,,,,,,,,,,,,,,,,,,,,,,,,,,,,,,,,,,,,,,,,,,,,,,,TN
323,3463727761e55956f8308f38f71b1654b79497ca,0.15898510242085662,autoland,4060709,13,fd0dfc9511c4c123e048823de9954312c2b907c1,linux1804-64-shippable-qr,True,False,,|c|o|l|d| |f|i|s|s|i|o|n| |i|n|t|e|r|a|c|t|i|v|e| |w|e|b|r|e|n|d|e|r|,102210fe594ee9b33d82058545b1ed14f4c8206e,fcp,reddit-billgates-post-1.billg,True,reddit-billgates-post-1.billg fcp opt cold fission webrender,,77,ms,firefox,,1720728905,2023-07-03 08:58:45,1267059,,,,,,,,,,,,,,,,,,,,,,,,,,,,,,,,,,,,,,,,,,,,,,,,,TN
324,90c1c72030a4d515720d44706816256c0a1e30a8,0.14618249534450656,autoland,4060709,13,fd0dfc9511c4c123e048823de9954312c2b907c1,linux1804-64-shippable-qr,True,False,,|c|o|l|d| |f|i|s|s|i|o|n| |i|n|t|e|r|a|c|t|i|v|e| |w|e|b|r|e|n|d|e|r|,102210fe594ee9b33d82058545b1ed14f4c8206e,fcp,reddit-billgates-post-1.billg,True,reddit-billgates-post-1.billg fcp opt cold fission webrender,,77,ms,firefox,,1720716600,2023-07-03 08:59:44,1267060,,,,,,,,,,,,,,,,,,,,,,,,,,,,,,,,,,,,,,,,,,,,,,,,,TN
325,9d50665254899d8431813bdc04178e6006ce6d59,0.17318435754189943,autoland,4060709,13,fd0dfc9511c4c123e048823de9954312c2b907c1,linux1804-64-shippable-qr,True,False,,|c|o|l|d| |f|i|s|s|i|o|n| |i|n|t|e|r|a|c|t|i|v|e| |w|e|b|r|e|n|d|e|r|,102210fe594ee9b33d82058545b1ed14f4c8206e,fcp,reddit-billgates-post-1.billg,True,reddit-billgates-post-1.billg fcp opt cold fission webrender,,77,ms,firefox,,1720753845,2023-07-03 14:20:46,1267108,,,,,,,,,,,,,,,,,,,,,,,,,,,,,,,,,,,,,,,,,,,,,,,,,TN
326,aeb5ae5a78c2b7650ac9946aa8d0f40e0cfe98bb,0.18575418994413406,autoland,4060709,13,fd0dfc9511c4c123e048823de9954312c2b907c1,linux1804-64-shippable-qr,True,False,,|c|o|l|d| |f|i|s|s|i|o|n| |i|n|t|e|r|a|c|t|i|v|e| |w|e|b|r|e|n|d|e|r|,102210fe594ee9b33d82058545b1ed14f4c8206e,fcp,reddit-billgates-post-1.billg,True,reddit-billgates-post-1.billg fcp opt cold fission webrender,,77,ms,firefox,,1720875873,2023-07-03 14:22:54,1267111,,,,,,,,,,,,,,,,,,,,,,,,,,,,,,,,,,,,,,,,,,,,,,,,,TN
327,a820608802f2194dfc19272bf19b7124a7349b79,0.1513035381750466,autoland,4060709,13,fd0dfc9511c4c123e048823de9954312c2b907c1,linux1804-64-shippable-qr,True,False,,|c|o|l|d| |f|i|s|s|i|o|n| |i|n|t|e|r|a|c|t|i|v|e| |w|e|b|r|e|n|d|e|r|,102210fe594ee9b33d82058545b1ed14f4c8206e,fcp,reddit-billgates-post-1.billg,True,reddit-billgates-post-1.billg fcp opt cold fission webrender,,77,ms,firefox,,1720836370,2023-07-04 00:08:48,1267203,,,,,,,,,,,,,,,,,,,,,,,,,,,,,,,,,,,,,,,,,,,,,,,,,TN
328,b2af19e5ff82fa8850262a0693f4941570a30474,0.16294227188081933,autoland,4060709,13,fd0dfc9511c4c123e048823de9954312c2b907c1,linux1804-64-shippable-qr,True,False,,|c|o|l|d| |f|i|s|s|i|o|n| |i|n|t|e|r|a|c|t|i|v|e| |w|e|b|r|e|n|d|e|r|,102210fe594ee9b33d82058545b1ed14f4c8206e,fcp,reddit-billgates-post-1.billg,True,reddit-billgates-post-1.billg fcp opt cold fission webrender,,77,ms,firefox,,1720894383,2023-07-04 04:57:05,1267245,,,,,,,,,,,,,,,,,,,,,,,,,,,,,,,,,,,,,,,,,,,,,,,,,TN
329,54bec48c8d6e571fdfbc0694895c371fd3fd08f9,0.14688081936685282,autoland,4060709,13,fd0dfc9511c4c123e048823de9954312c2b907c1,linux1804-64-shippable-qr,True,False,,|c|o|l|d| |f|i|s|s|i|o|n| |i|n|t|e|r|a|c|t|i|v|e| |w|e|b|r|e|n|d|e|r|,102210fe594ee9b33d82058545b1ed14f4c8206e,fcp,reddit-billgates-post-1.billg,True,reddit-billgates-post-1.billg fcp opt cold fission webrender,,77,ms,firefox,,1720912420,2023-07-04 07:10:31,1267272,,,,,,,,,,,,,,,,,,,,,,,,,,,,,,,,,,,,,,,,,,,,,,,,,TN
330,da13368ff947a55756c871582b1b13ffb6fa001d,0.13361266294227192,autoland,4060709,13,fd0dfc9511c4c123e048823de9954312c2b907c1,linux1804-64-shippable-qr,True,False,,|c|o|l|d| |f|i|s|s|i|o|n| |i|n|t|e|r|a|c|t|i|v|e| |w|e|b|r|e|n|d|e|r|,102210fe594ee9b33d82058545b1ed14f4c8206e,fcp,reddit-billgates-post-1.billg,True,reddit-billgates-post-1.billg fcp opt cold fission webrender,,77,ms,firefox,,1721052182,2023-07-04 11:21:51,1267342,,,,,,,,,,,,,,,,,,,,,,,,,,,,,,,,,,,,,,,,,,,,,,,,,TN
331,3aa1825bf09a37959e97ac4b5eaa3cc4b236b283,0.15013966480446927,autoland,4060709,13,fd0dfc9511c4c123e048823de9954312c2b907c1,linux1804-64-shippable-qr,True,False,,|c|o|l|d| |f|i|s|s|i|o|n| |i|n|t|e|r|a|c|t|i|v|e| |w|e|b|r|e|n|d|e|r|,102210fe594ee9b33d82058545b1ed14f4c8206e,fcp,reddit-billgates-post-1.billg,True,reddit-billgates-post-1.billg fcp opt cold fission webrender,,77,ms,firefox,,1721063576,2023-07-04 11:29:32,1267347,,,,,,,,,,,,,,,,,,,,,,,,,,,,,,,,,,,,,,,,,,,,,,,,,TN
332,11784c622930ff2f209c0b20dacc04fc8a7a1141,0.1578212290502794,autoland,4060709,13,fd0dfc9511c4c123e048823de9954312c2b907c1,linux1804-64-shippable-qr,True,False,,|c|o|l|d| |f|i|s|s|i|o|n| |i|n|t|e|r|a|c|t|i|v|e| |w|e|b|r|e|n|d|e|r|,102210fe594ee9b33d82058545b1ed14f4c8206e,fcp,reddit-billgates-post-1.billg,True,reddit-billgates-post-1.billg fcp opt cold fission webrender,,77,ms,firefox,,1721487027,2023-07-04 15:20:28,1267501,,,,,,,,,,,,,,,,,,,,,,,,,,,,,,,,,,,,,,,,,,,,,,,,,TN
333,0b10444298656eb14e13cce5c36dc43c4a4d1bf6,0.15619180633147112,autoland,4060709,13,fd0dfc9511c4c123e048823de9954312c2b907c1,linux1804-64-shippable-qr,True,False,,|c|o|l|d| |f|i|s|s|i|o|n| |i|n|t|e|r|a|c|t|i|v|e| |w|e|b|r|e|n|d|e|r|,102210fe594ee9b33d82058545b1ed14f4c8206e,fcp,reddit-billgates-post-1.billg,True,reddit-billgates-post-1.billg fcp opt cold fission webrender,,77,ms,firefox,,1721470471,2023-07-04 15:21:30,1267502,,,,,,,,,,,,,,,,,,,,,,,,,,,,,,,,,,,,,,,,,,,,,,,,,TN
334,cf717d6692eb6ff08bb1d0342645c7c6c1dcf8f7,0.12569832402234637,autoland,4060709,13,fd0dfc9511c4c123e048823de9954312c2b907c1,linux1804-64-shippable-qr,True,False,,|c|o|l|d| |f|i|s|s|i|o|n| |i|n|t|e|r|a|c|t|i|v|e| |w|e|b|r|e|n|d|e|r|,102210fe594ee9b33d82058545b1ed14f4c8206e,fcp,reddit-billgates-post-1.billg,True,reddit-billgates-post-1.billg fcp opt cold fission webrender,,77,ms,firefox,,1721148717,2023-07-04 15:22:25,1267503,,,,,,,,,,,,,,,,,,,,,,,,,,,,,,,,,,,,,,,,,,,,,,,,,TN
335,a8c47414f934fc13d47ba329f04089ab17eb2407,0.1710893854748603,autoland,4060709,13,fd0dfc9511c4c123e048823de9954312c2b907c1,linux1804-64-shippable-qr,True,False,,|c|o|l|d| |f|i|s|s|i|o|n| |i|n|t|e|r|a|c|t|i|v|e| |w|e|b|r|e|n|d|e|r|,102210fe594ee9b33d82058545b1ed14f4c8206e,fcp,reddit-billgates-post-1.billg,True,reddit-billgates-post-1.billg fcp opt cold fission webrender,,77,ms,firefox,,1721241290,2023-07-04 19:21:41,1267627,,,,,,,,,,,,,,,,,,,,,,,,,,,,,,,,,,,,,,,,,,,,,,,,,TN
336,3639b6891b332ea6c4ffea87bb2d1139c38b781d,0.18645251396648044,autoland,4060709,13,fd0dfc9511c4c123e048823de9954312c2b907c1,linux1804-64-shippable-qr,True,False,,|c|o|l|d| |f|i|s|s|i|o|n| |i|n|t|e|r|a|c|t|i|v|e| |w|e|b|r|e|n|d|e|r|,102210fe594ee9b33d82058545b1ed14f4c8206e,fcp,reddit-billgates-post-1.billg,True,reddit-billgates-post-1.billg fcp opt cold fission webrender,,77,ms,firefox,,1721358983,2023-07-04 23:33:38,1267723,,,,,,,,,,,,,,,,,,,,,,,,,,,,,,,,,,,,,,,,,,,,,,,,,TN
337,243ab04b37e31315f3db16a95bf6535124d9edda,0.13361266294227192,autoland,4060709,13,fd0dfc9511c4c123e048823de9954312c2b907c1,linux1804-64-shippable-qr,True,False,,|c|o|l|d| |f|i|s|s|i|o|n| |i|n|t|e|r|a|c|t|i|v|e| |w|e|b|r|e|n|d|e|r|,102210fe594ee9b33d82058545b1ed14f4c8206e,fcp,reddit-billgates-post-1.billg,True,reddit-billgates-post-1.billg fcp opt cold fission webrender,,77,ms,firefox,,1721448350,2023-07-05 03:49:13,1267756,,,,,,,,,,,,,,,,,,,,,,,,,,,,,,,,,,,,,,,,,,,,,,,,,TN
338,9ab7ea679b12d7e209ada3534abf7baf704fe9d4,0.1259310986964618,autoland,4060709,13,fd0dfc9511c4c123e048823de9954312c2b907c1,linux1804-64-shippable-qr,True,False,,|c|o|l|d| |f|i|s|s|i|o|n| |i|n|t|e|r|a|c|t|i|v|e| |w|e|b|r|e|n|d|e|r|,102210fe594ee9b33d82058545b1ed14f4c8206e,fcp,reddit-billgates-post-1.billg,True,reddit-billgates-post-1.billg fcp opt cold fission webrender,,77,ms,firefox,,1721537659,2023-07-05 07:58:23,1267796,,,,,,,,,,,,,,,,,,,,,,,,,,,,,,,,,,,,,,,,,,,,,,,,,TN
339,e3f62ea4e59393fe53784906952e9a1417688db1,0.12616387337057722,autoland,4060709,13,fd0dfc9511c4c123e048823de9954312c2b907c1,linux1804-64-shippable-qr,True,False,,|c|o|l|d| |f|i|s|s|i|o|n| |i|n|t|e|r|a|c|t|i|v|e| |w|e|b|r|e|n|d|e|r|,102210fe594ee9b33d82058545b1ed14f4c8206e,fcp,reddit-billgates-post-1.billg,True,reddit-billgates-post-1.billg fcp opt cold fission webrender,,77,ms,firefox,,1721573742,2023-07-05 09:46:48,1267838,,,,,,,,,,,,,,,,,,,,,,,,,,,,,,,,,,,,,,,,,,,,,,,,,TN
340,cee4ab20ddeef57e9b72447e753e72ed2eb244cf,0.16294227188081933,autoland,4060709,13,fd0dfc9511c4c123e048823de9954312c2b907c1,linux1804-64-shippable-qr,True,False,,|c|o|l|d| |f|i|s|s|i|o|n| |i|n|t|e|r|a|c|t|i|v|e| |w|e|b|r|e|n|d|e|r|,102210fe594ee9b33d82058545b1ed14f4c8206e,fcp,reddit-billgates-post-1.billg,True,reddit-billgates-post-1.billg fcp opt cold fission webrender,,77,ms,firefox,,1721699961,2023-07-05 14:18:53,1267963,,,,,,,,,,,,,,,,,,,,,,,,,,,,,,,,,,,,,,,,,,,,,,,,,TN
341,4613dfbe6bc2e60b1159da46db2edee3018423e1,0.1333798882681565,autoland,4060709,13,fd0dfc9511c4c123e048823de9954312c2b907c1,linux1804-64-shippable-qr,True,False,,|c|o|l|d| |f|i|s|s|i|o|n| |i|n|t|e|r|a|c|t|i|v|e| |w|e|b|r|e|n|d|e|r|,102210fe594ee9b33d82058545b1ed14f4c8206e,fcp,reddit-billgates-post-1.billg,True,reddit-billgates-post-1.billg fcp opt cold fission webrender,,77,ms,firefox,,1721719759,2023-07-05 14:38:06,1267976,,,,,,,,,,,,,,,,,,,,,,,,,,,,,,,,,,,,,,,,,,,,,,,,,TN
342,674dc1b6026b9fc62707f0df292dfaf1ba6557f1,0.12662942271880817,autoland,4060709,13,fd0dfc9511c4c123e048823de9954312c2b907c1,linux1804-64-shippable-qr,True,False,,|c|o|l|d| |f|i|s|s|i|o|n| |i|n|t|e|r|a|c|t|i|v|e| |w|e|b|r|e|n|d|e|r|,102210fe594ee9b33d82058545b1ed14f4c8206e,fcp,reddit-billgates-post-1.billg,True,reddit-billgates-post-1.billg fcp opt cold fission webrender,,77,ms,firefox,,1721872873,2023-07-05 18:29:49,1268132,,,,,,,,,,,,,,,,,,,,,,,,,,,,,,,,,,,,,,,,,,,,,,,,,TN
343,712427656ebd8d82b78a42d8e45b973aa7c220d7,0.14827746741154557,autoland,4060709,13,fd0dfc9511c4c123e048823de9954312c2b907c1,linux1804-64-shippable-qr,True,False,,|c|o|l|d| |f|i|s|s|i|o|n| |i|n|t|e|r|a|c|t|i|v|e| |w|e|b|r|e|n|d|e|r|,102210fe594ee9b33d82058545b1ed14f4c8206e,fcp,reddit-billgates-post-1.billg,True,reddit-billgates-post-1.billg fcp opt cold fission webrender,,77,ms,firefox,,1721909066,2023-07-05 21:03:11,1268236,,,,,,,,,,,,,,,,,,,,,,,,,,,,,,,,,,,,,,,,,,,,,,,,,TN
344,a0647e42fb1f509d753d2baacd7858b3ee9a8821,0.1822625698324023,autoland,4060709,13,fd0dfc9511c4c123e048823de9954312c2b907c1,linux1804-64-shippable-qr,True,False,,|c|o|l|d| |f|i|s|s|i|o|n| |i|n|t|e|r|a|c|t|i|v|e| |w|e|b|r|e|n|d|e|r|,102210fe594ee9b33d82058545b1ed14f4c8206e,fcp,reddit-billgates-post-1.billg,True,reddit-billgates-post-1.billg fcp opt cold fission webrender,,77,ms,firefox,,1722013812,2023-07-06 01:07:34,1268349,,,,,,,,,,,,,,,,,,,,,,,,,,,,,,,,,,,,,,,,,,,,,,,,,TN
345,1ba8085e68676425907973397d26e7417c1c4a74,0.14245810055865915,autoland,4060709,13,fd0dfc9511c4c123e048823de9954312c2b907c1,linux1804-64-shippable-qr,True,False,,|c|o|l|d| |f|i|s|s|i|o|n| |i|n|t|e|r|a|c|t|i|v|e| |w|e|b|r|e|n|d|e|r|,102210fe594ee9b33d82058545b1ed14f4c8206e,fcp,reddit-billgates-post-1.billg,True,reddit-billgates-post-1.billg fcp opt cold fission webrender,,77,ms,firefox,,1722091655,2023-07-06 06:12:07,1268405,,,,,,,,,,,,,,,,,,,,,,,,,,,,,,,,,,,,,,,,,,,,,,,,,TN
346,becc2fa2c186914b1a887e40e6f0e9a6643273eb,0.15432960893854752,autoland,4060709,13,fd0dfc9511c4c123e048823de9954312c2b907c1,linux1804-64-shippable-qr,True,False,,|c|o|l|d| |f|i|s|s|i|o|n| |i|n|t|e|r|a|c|t|i|v|e| |w|e|b|r|e|n|d|e|r|,102210fe594ee9b33d82058545b1ed14f4c8206e,fcp,reddit-billgates-post-1.billg,True,reddit-billgates-post-1.billg fcp opt cold fission webrender,,77,ms,firefox,,1722199655,2023-07-06 11:48:20,1268565,,,,,,,,,,,,,,,,,,,,,,,,,,,,,,,,,,,,,,,,,,,,,,,,,TN
347,5b919b11b30bcc659d499c9290a54c3f91d96bd2,0.16201117318435754,autoland,4060709,13,fd0dfc9511c4c123e048823de9954312c2b907c1,linux1804-64-shippable-qr,True,False,,|c|o|l|d| |f|i|s|s|i|o|n| |i|n|t|e|r|a|c|t|i|v|e| |w|e|b|r|e|n|d|e|r|,102210fe594ee9b33d82058545b1ed14f4c8206e,fcp,reddit-billgates-post-1.billg,True,reddit-billgates-post-1.billg fcp opt cold fission webrender,,77,ms,firefox,,1722218412,2023-07-06 12:38:53,1268598,,,,,,,,,,,,,,,,,,,,,,,,,,,,,,,,,,,,,,,,,,,,,,,,,TN
348,433f58fbe4180052220b584f15de1d1d6fda065a,0.17900372439478585,autoland,4060709,13,fd0dfc9511c4c123e048823de9954312c2b907c1,linux1804-64-shippable-qr,True,False,,|c|o|l|d| |f|i|s|s|i|o|n| |i|n|t|e|r|a|c|t|i|v|e| |w|e|b|r|e|n|d|e|r|,102210fe594ee9b33d82058545b1ed14f4c8206e,fcp,reddit-billgates-post-1.billg,True,reddit-billgates-post-1.billg fcp opt cold fission webrender,,77,ms,firefox,,1722357984,2023-07-06 16:43:39,1268777,,,,,,,,,,,,,,,,,,,,,,,,,,,,,,,,,,,,,,,,,,,,,,,,,TN
349,08f072ae172f3d48b0361ca0d34ead8a0b254e60,0.1156890130353817,autoland,4060709,13,fd0dfc9511c4c123e048823de9954312c2b907c1,linux1804-64-shippable-qr,True,False,,|c|o|l|d| |f|i|s|s|i|o|n| |i|n|t|e|r|a|c|t|i|v|e| |w|e|b|r|e|n|d|e|r|,102210fe594ee9b33d82058545b1ed14f4c8206e,fcp,reddit-billgates-post-1.billg,True,reddit-billgates-post-1.billg fcp opt cold fission webrender,,77,ms,firefox,,1722443451,2023-07-06 18:39:07,1268845,,,,,,,,,,,,,,,,,,,,,,,,,,,,,,,,,,,,,,,,,,,,,,,,,TN
350,2c6190b6ecb6ab8933a296c08e753c060a3c2e9b,0.22509310986964615,autoland,4060709,13,fd0dfc9511c4c123e048823de9954312c2b907c1,linux1804-64-shippable-qr,True,False,,|c|o|l|d| |f|i|s|s|i|o|n| |i|n|t|e|r|a|c|t|i|v|e| |w|e|b|r|e|n|d|e|r|,102210fe594ee9b33d82058545b1ed14f4c8206e,fcp,reddit-billgates-post-1.billg,True,reddit-billgates-post-1.billg fcp opt cold fission webrender,,77,ms,firefox,,1722511935,2023-07-06 20:44:41,1268939,,,,,,,,,,,,,,,,,,,,,,,,,,,,,,,,,,,,,,,,,,,,,,,,,TN
351,acd3d81337398ace5cd75f251f18da388ed281fa,0.1571229050279329,autoland,4060709,13,fd0dfc9511c4c123e048823de9954312c2b907c1,linux1804-64-shippable-qr,True,False,,|c|o|l|d| |f|i|s|s|i|o|n| |i|n|t|e|r|a|c|t|i|v|e| |w|e|b|r|e|n|d|e|r|,102210fe594ee9b33d82058545b1ed14f4c8206e,fcp,reddit-billgates-post-1.billg,True,reddit-billgates-post-1.billg fcp opt cold fission webrender,,77,ms,firefox,,1722639134,2023-07-07 00:51:02,1269038,,,,,,,,,,,,,,,,,,,,,,,,,,,,,,,,,,,,,,,,,,,,,,,,,TN
352,013763c5f493c6232cfa8502e7bcec4b151d9161,0.14618249534450656,autoland,4060709,13,fd0dfc9511c4c123e048823de9954312c2b907c1,linux1804-64-shippable-qr,True,False,,|c|o|l|d| |f|i|s|s|i|o|n| |i|n|t|e|r|a|c|t|i|v|e| |w|e|b|r|e|n|d|e|r|,102210fe594ee9b33d82058545b1ed14f4c8206e,fcp,reddit-billgates-post-1.billg,True,reddit-billgates-post-1.billg fcp opt cold fission webrender,,77,ms,firefox,,1722653349,2023-07-07 01:49:15,1269055,,,,,,,,,,,,,,,,,,,,,,,,,,,,,,,,,,,,,,,,,,,,,,,,,TN
353,e4d87ff75575880ea0c0fa09b316e360e4d9492f,0.16317504655493476,autoland,4060709,13,fd0dfc9511c4c123e048823de9954312c2b907c1,linux1804-64-shippable-qr,True,False,,|c|o|l|d| |f|i|s|s|i|o|n| |i|n|t|e|r|a|c|t|i|v|e| |w|e|b|r|e|n|d|e|r|,102210fe594ee9b33d82058545b1ed14f4c8206e,fcp,reddit-billgates-post-1.billg,True,reddit-billgates-post-1.billg fcp opt cold fission webrender,,77,ms,firefox,,1722699276,2023-07-07 06:17:26,1269097,,,,,,,,,,,,,,,,,,,,,,,,,,,,,,,,,,,,,,,,,,,,,,,,,TN
354,3a88b97290a0fe46c6fbfcf6dacd91c6b6900aeb,0.15945065176908757,autoland,4060709,13,fd0dfc9511c4c123e048823de9954312c2b907c1,linux1804-64-shippable-qr,True,False,,|c|o|l|d| |f|i|s|s|i|o|n| |i|n|t|e|r|a|c|t|i|v|e| |w|e|b|r|e|n|d|e|r|,102210fe594ee9b33d82058545b1ed14f4c8206e,fcp,reddit-billgates-post-1.billg,True,reddit-billgates-post-1.billg fcp opt cold fission webrender,,77,ms,firefox,,1722816364,2023-07-07 10:08:37,1269195,,,,,,,,,,,,,,,,,,,,,,,,,,,,,,,,,,,,,,,,,,,,,,,,,TN
355,fb62b8660fcaa40ecb0be50aa61ba8005dcbba27,0.16852886405959033,autoland,4060709,13,fd0dfc9511c4c123e048823de9954312c2b907c1,linux1804-64-shippable-qr,True,False,,|c|o|l|d| |f|i|s|s|i|o|n| |i|n|t|e|r|a|c|t|i|v|e| |w|e|b|r|e|n|d|e|r|,102210fe594ee9b33d82058545b1ed14f4c8206e,fcp,reddit-billgates-post-1.billg,True,reddit-billgates-post-1.billg fcp opt cold fission webrender,,77,ms,firefox,,1722883721,2023-07-07 14:06:48,1269286,,,,,,,,,,,,,,,,,,,,,,,,,,,,,,,,,,,,,,,,,,,,,,,,,TN
356,43977d30a10af8e193044a9aa578f2bc8b33edf7,0.13198324022346364,autoland,4060709,13,fd0dfc9511c4c123e048823de9954312c2b907c1,linux1804-64-shippable-qr,True,False,,|c|o|l|d| |f|i|s|s|i|o|n| |i|n|t|e|r|a|c|t|i|v|e| |w|e|b|r|e|n|d|e|r|,102210fe594ee9b33d82058545b1ed14f4c8206e,fcp,reddit-billgates-post-1.billg,True,reddit-billgates-post-1.billg fcp opt cold fission webrender,,77,ms,firefox,,1722954767,2023-07-07 16:51:44,1269420,,,,,,,,,,,,,,,,,,,,,,,,,,,,,,,,,,,,,,,,,,,,,,,,,TN
357,d2be18e8ce8cd63eaddb8f012d582a2863075164,0.15619180633147112,autoland,4060709,13,fd0dfc9511c4c123e048823de9954312c2b907c1,linux1804-64-shippable-qr,True,False,,|c|o|l|d| |f|i|s|s|i|o|n| |i|n|t|e|r|a|c|t|i|v|e| |w|e|b|r|e|n|d|e|r|,102210fe594ee9b33d82058545b1ed14f4c8206e,fcp,reddit-billgates-post-1.billg,True,reddit-billgates-post-1.billg fcp opt cold fission webrender,,77,ms,firefox,,1723213661,2023-07-08 02:51:52,1269678,,,,,,,,,,,,,,,,,,,,,,,,,,,,,,,,,,,,,,,,,,,,,,,,,TN
358,ef7d9ea0c3f751e7c525a136923c9c404c297b1f,0.1550279329608938,autoland,4060709,13,fd0dfc9511c4c123e048823de9954312c2b907c1,linux1804-64-shippable-qr,True,False,,|c|o|l|d| |f|i|s|s|i|o|n| |i|n|t|e|r|a|c|t|i|v|e| |w|e|b|r|e|n|d|e|r|,102210fe594ee9b33d82058545b1ed14f4c8206e,fcp,reddit-billgates-post-1.billg,True,reddit-billgates-post-1.billg fcp opt cold fission webrender,,77,ms,firefox,,1723240516,2023-07-08 06:55:09,1269687,,,,,,,,,,,,,,,,,,,,,,,,,,,,,,,,,,,,,,,,,,,,,,,,,TN
359,ee68eebc7bfd59157569f7de331974b06e765482,0.1559590316573557,autoland,4060709,13,fd0dfc9511c4c123e048823de9954312c2b907c1,linux1804-64-shippable-qr,True,False,,|c|o|l|d| |f|i|s|s|i|o|n| |i|n|t|e|r|a|c|t|i|v|e| |w|e|b|r|e|n|d|e|r|,102210fe594ee9b33d82058545b1ed14f4c8206e,fcp,reddit-billgates-post-1.billg,True,reddit-billgates-post-1.billg fcp opt cold fission webrender,,77,ms,firefox,,1723340929,2023-07-08 13:13:32,1269721,,,,,,,,,,,,,,,,,,,,,,,,,,,,,,,,,,,,,,,,,,,,,,,,,TN
360,3809d32977a2db97fd06c8fd3214256dc18af9a0,0.14734636871508378,autoland,4060709,13,fd0dfc9511c4c123e048823de9954312c2b907c1,linux1804-64-shippable-qr,True,False,,|c|o|l|d| |f|i|s|s|i|o|n| |i|n|t|e|r|a|c|t|i|v|e| |w|e|b|r|e|n|d|e|r|,102210fe594ee9b33d82058545b1ed14f4c8206e,fcp,reddit-billgates-post-1.billg,True,reddit-billgates-post-1.billg fcp opt cold fission webrender,,77,ms,firefox,,1723348373,2023-07-08 13:22:34,1269723,,,,,,,,,,,,,,,,,,,,,,,,,,,,,,,,,,,,,,,,,,,,,,,,,TN
361,3b3b41fc7f1dad97415448fb4652eb636903a02a,0.15107076350093107,autoland,4060709,13,fd0dfc9511c4c123e048823de9954312c2b907c1,linux1804-64-shippable-qr,True,False,,|c|o|l|d| |f|i|s|s|i|o|n| |i|n|t|e|r|a|c|t|i|v|e| |w|e|b|r|e|n|d|e|r|,102210fe594ee9b33d82058545b1ed14f4c8206e,fcp,reddit-billgates-post-1.billg,True,reddit-billgates-post-1.billg fcp opt cold fission webrender,,77,ms,firefox,,1723419267,2023-07-08 18:13:28,1269751,,,,,,,,,,,,,,,,,,,,,,,,,,,,,,,,,,,,,,,,,,,,,,,,,TN
362,47c72d2828f6f406fbe77758e1ae8cd7837af977,0.14455307262569828,autoland,4060709,13,fd0dfc9511c4c123e048823de9954312c2b907c1,linux1804-64-shippable-qr,True,False,,|c|o|l|d| |f|i|s|s|i|o|n| |i|n|t|e|r|a|c|t|i|v|e| |w|e|b|r|e|n|d|e|r|,102210fe594ee9b33d82058545b1ed14f4c8206e,fcp,reddit-billgates-post-1.billg,True,reddit-billgates-post-1.billg fcp opt cold fission webrender,,77,ms,firefox,,1723475953,2023-07-08 22:36:06,1269766,,,,,,,,,,,,,,,,,,,,,,,,,,,,,,,,,,,,,,,,,,,,,,,,,TN
363,2ac0f03815253b96c145a52b1762ed04c50f079d,0.1268621973929237,autoland,4060709,13,fd0dfc9511c4c123e048823de9954312c2b907c1,linux1804-64-shippable-qr,True,False,,|c|o|l|d| |f|i|s|s|i|o|n| |i|n|t|e|r|a|c|t|i|v|e| |w|e|b|r|e|n|d|e|r|,102210fe594ee9b33d82058545b1ed14f4c8206e,fcp,reddit-billgates-post-1.billg,True,reddit-billgates-post-1.billg fcp opt cold fission webrender,,77,ms,firefox,,1723514106,2023-07-09 03:04:33,1269805,,,,,,,,,,,,,,,,,,,,,,,,,,,,,,,,,,,,,,,,,,,,,,,,,TN
364,60d4eb46c8b40ab0cd000c9ef298c63c45539be7,0.13570763500931105,autoland,4060709,13,fd0dfc9511c4c123e048823de9954312c2b907c1,linux1804-64-shippable-qr,True,False,,|c|o|l|d| |f|i|s|s|i|o|n| |i|n|t|e|r|a|c|t|i|v|e| |w|e|b|r|e|n|d|e|r|,102210fe594ee9b33d82058545b1ed14f4c8206e,fcp,reddit-billgates-post-1.billg,True,reddit-billgates-post-1.billg fcp opt cold fission webrender,,77,ms,firefox,,1723576038,2023-07-09 11:37:17,1269836,,,,,,,,,,,,,,,,,,,,,,,,,,,,,,,,,,,,,,,,,,,,,,,,,TN
365,38657e8c266f862cee349b298d0679f6617a8a63,0.17341713221601485,autoland,4060709,13,fd0dfc9511c4c123e048823de9954312c2b907c1,linux1804-64-shippable-qr,True,False,,|c|o|l|d| |f|i|s|s|i|o|n| |i|n|t|e|r|a|c|t|i|v|e| |w|e|b|r|e|n|d|e|r|,102210fe594ee9b33d82058545b1ed14f4c8206e,fcp,reddit-billgates-post-1.billg,True,reddit-billgates-post-1.billg fcp opt cold fission webrender,,77,ms,firefox,,1723625396,2023-07-09 16:14:27,1269855,,,,,,,,,,,,,,,,,,,,,,,,,,,,,,,,,,,,,,,,,,,,,,,,,TN
366,91d2d276f13316b73f0fed743d543009fcfade03,0.14036312849162014,autoland,4060709,13,fd0dfc9511c4c123e048823de9954312c2b907c1,linux1804-64-shippable-qr,True,False,,|c|o|l|d| |f|i|s|s|i|o|n| |i|n|t|e|r|a|c|t|i|v|e| |w|e|b|r|e|n|d|e|r|,102210fe594ee9b33d82058545b1ed14f4c8206e,fcp,reddit-billgates-post-1.billg,True,reddit-billgates-post-1.billg fcp opt cold fission webrender,,77,ms,firefox,,1723650014,2023-07-09 17:38:49,1269870,,,,,,,,,,,,,,,,,,,,,,,,,,,,,,,,,,,,,,,,,,,,,,,,,TN
367,5497748101b60ab9149d6616e70cabc4c11c6cb5,0.14548417132216018,autoland,4060709,13,fd0dfc9511c4c123e048823de9954312c2b907c1,linux1804-64-shippable-qr,True,False,,|c|o|l|d| |f|i|s|s|i|o|n| |i|n|t|e|r|a|c|t|i|v|e| |w|e|b|r|e|n|d|e|r|,102210fe594ee9b33d82058545b1ed14f4c8206e,fcp,reddit-billgates-post-1.billg,True,reddit-billgates-post-1.billg fcp opt cold fission webrender,,77,ms,firefox,,1723728101,2023-07-09 22:03:27,1269918,,,,,,,,,,,,,,,,,,,,,,,,,,,,,,,,,,,,,,,,,,,,,,,,,TN
368,aaa3698312c56a08a7b405178ee462fe3c2a30e7,0.1608472998137802,autoland,4060709,13,fd0dfc9511c4c123e048823de9954312c2b907c1,linux1804-64-shippable-qr,True,False,,|c|o|l|d| |f|i|s|s|i|o|n| |i|n|t|e|r|a|c|t|i|v|e| |w|e|b|r|e|n|d|e|r|,102210fe594ee9b33d82058545b1ed14f4c8206e,fcp,reddit-billgates-post-1.billg,True,reddit-billgates-post-1.billg fcp opt cold fission webrender,,77,ms,firefox,,1723828041,2023-07-10 02:33:11,1269963,,,,,,,,,,,,,,,,,,,,,,,,,,,,,,,,,,,,,,,,,,,,,,,,,TN
369,7313b6429e48b58bd38ab3be47999be475f2ba6b,0.1606145251396648,autoland,4060709,13,fd0dfc9511c4c123e048823de9954312c2b907c1,linux1804-64-shippable-qr,True,False,,|c|o|l|d| |f|i|s|s|i|o|n| |i|n|t|e|r|a|c|t|i|v|e| |w|e|b|r|e|n|d|e|r|,102210fe594ee9b33d82058545b1ed14f4c8206e,fcp,reddit-billgates-post-1.billg,True,reddit-billgates-post-1.billg fcp opt cold fission webrender,,77,ms,firefox,,1723897859,2023-07-10 08:51:48,1270053,,,,,,,,,,,,,,,,,,,,,,,,,,,,,,,,,,,,,,,,,,,,,,,,,TN
370,70fb59178ff21c468afeb592869c28371401db6a,0.18016759776536317,autoland,4060709,13,fd0dfc9511c4c123e048823de9954312c2b907c1,linux1804-64-shippable-qr,True,False,,|c|o|l|d| |f|i|s|s|i|o|n| |i|n|t|e|r|a|c|t|i|v|e| |w|e|b|r|e|n|d|e|r|,102210fe594ee9b33d82058545b1ed14f4c8206e,fcp,reddit-billgates-post-1.billg,True,reddit-billgates-post-1.billg fcp opt cold fission webrender,,77,ms,firefox,,1724006073,2023-07-10 13:07:04,1270176,,,,,,,,,,,,,,,,,,,,,,,,,,,,,,,,,,,,,,,,,,,,,,,,,TN
371,e31033710cfe590d9e7deda75757f71ddef34207,0.15758845437616387,autoland,4060709,13,fd0dfc9511c4c123e048823de9954312c2b907c1,linux1804-64-shippable-qr,True,False,,|c|o|l|d| |f|i|s|s|i|o|n| |i|n|t|e|r|a|c|t|i|v|e| |w|e|b|r|e|n|d|e|r|,102210fe594ee9b33d82058545b1ed14f4c8206e,fcp,reddit-billgates-post-1.billg,True,reddit-billgates-post-1.billg fcp opt cold fission webrender,,77,ms,firefox,,1724034422,2023-07-10 14:01:57,1270199,,,,,,,,,,,,,,,,,,,,,,,,,,,,,,,,,,,,,,,,,,,,,,,,,TN
372,1c909f267af625b4c370b6735113e1cafc94bbad,0.16876163873370575,autoland,4060709,13,fd0dfc9511c4c123e048823de9954312c2b907c1,linux1804-64-shippable-qr,True,False,,|c|o|l|d| |f|i|s|s|i|o|n| |i|n|t|e|r|a|c|t|i|v|e| |w|e|b|r|e|n|d|e|r|,102210fe594ee9b33d82058545b1ed14f4c8206e,fcp,reddit-billgates-post-1.billg,True,reddit-billgates-post-1.billg fcp opt cold fission webrender,,77,ms,firefox,,1724202709,2023-07-10 18:14:55,1270330,,,,,,,,,,,,,,,,,,,,,,,,,,,,,,,,,,,,,,,,,,,,,,,,,TN
373,30b26799c81ba6f393a26ac1dec94fc65c700ae2,0.18389199255121047,autoland,4060709,13,fd0dfc9511c4c123e048823de9954312c2b907c1,linux1804-64-shippable-qr,True,False,,|c|o|l|d| |f|i|s|s|i|o|n| |i|n|t|e|r|a|c|t|i|v|e| |w|e|b|r|e|n|d|e|r|,102210fe594ee9b33d82058545b1ed14f4c8206e,fcp,reddit-billgates-post-1.billg,True,reddit-billgates-post-1.billg fcp opt cold fission webrender,,77,ms,firefox,,1724397822,2023-07-10 18:29:35,1270336,,,,,,,,,,,,,,,,,,,,,,,,,,,,,,,,,,,,,,,,,,,,,,,,,TN
374,96f24646390be39f604f0815e8fdc2560d4608be,0.12243947858472992,autoland,4060709,13,fd0dfc9511c4c123e048823de9954312c2b907c1,linux1804-64-shippable-qr,True,False,,|c|o|l|d| |f|i|s|s|i|o|n| |i|n|t|e|r|a|c|t|i|v|e| |w|e|b|r|e|n|d|e|r|,102210fe594ee9b33d82058545b1ed14f4c8206e,fcp,reddit-billgates-post-1.billg,True,reddit-billgates-post-1.billg fcp opt cold fission webrender,,77,ms,firefox,,1724406656,2023-07-10 18:33:19,1270340,,,,,,,,,,,,,,,,,,,,,,,,,,,,,,,,,,,,,,,,,,,,,,,,,TN
375,923b28f88778b9de2f2a694c75dcb313148c0fc5,0.16503724394785846,autoland,4060709,13,fd0dfc9511c4c123e048823de9954312c2b907c1,linux1804-64-shippable-qr,True,False,,|c|o|l|d| |f|i|s|s|i|o|n| |i|n|t|e|r|a|c|t|i|v|e| |w|e|b|r|e|n|d|e|r|,102210fe594ee9b33d82058545b1ed14f4c8206e,fcp,reddit-billgates-post-1.billg,True,reddit-billgates-post-1.billg fcp opt cold fission webrender,,77,ms,firefox,,1724262916,2023-07-10 19:48:56,1270385,,,,,,,,,,,,,,,,,,,,,,,,,,,,,,,,,,,,,,,,,,,,,,,,,TN
376,b6a3e16c65e1298418f1aaf966dd3071d644075b,0.14897579143389195,autoland,4060709,13,fd0dfc9511c4c123e048823de9954312c2b907c1,linux1804-64-shippable-qr,True,False,,|c|o|l|d| |f|i|s|s|i|o|n| |i|n|t|e|r|a|c|t|i|v|e| |w|e|b|r|e|n|d|e|r|,102210fe594ee9b33d82058545b1ed14f4c8206e,fcp,reddit-billgates-post-1.billg,True,reddit-billgates-post-1.billg fcp opt cold fission webrender,,77,ms,firefox,,1724338285,2023-07-11 01:42:54,1270560,,,,,,,,,,,,,,,,,,,,,,,,,,,,,,,,,,,,,,,,,,,,,,,,,TN
377,bd6b3707b0b4eb7dd36fd65f81325cd71a20ab43,0.19017690875232773,autoland,4060709,13,fd0dfc9511c4c123e048823de9954312c2b907c1,linux1804-64-shippable-qr,True,False,,|c|o|l|d| |f|i|s|s|i|o|n| |i|n|t|e|r|a|c|t|i|v|e| |w|e|b|r|e|n|d|e|r|,102210fe594ee9b33d82058545b1ed14f4c8206e,fcp,reddit-billgates-post-1.billg,True,reddit-billgates-post-1.billg fcp opt cold fission webrender,,77,ms,firefox,,1724433484,2023-07-11 06:35:00,1270619,,,,,,,,,,,,,,,,,,,,,,,,,,,,,,,,,,,,,,,,,,,,,,,,,TN
378,6f3d3f416c953a7c5f64b907c4afb5906a1868a3,0.18086592178770944,autoland,4060709,13,fd0dfc9511c4c123e048823de9954312c2b907c1,linux1804-64-shippable-qr,True,False,,|c|o|l|d| |f|i|s|s|i|o|n| |i|n|t|e|r|a|c|t|i|v|e| |w|e|b|r|e|n|d|e|r|,102210fe594ee9b33d82058545b1ed14f4c8206e,fcp,reddit-billgates-post-1.billg,True,reddit-billgates-post-1.billg fcp opt cold fission webrender,,77,ms,firefox,,1724485449,2023-07-11 08:55:46,1270644,,,,,,,,,,,,,,,,,,,,,,,,,,,,,,,,,,,,,,,,,,,,,,,,,TN
379,0c47c1159e0a060ee709f9f8f854bfad27f86c85,0.14827746741154557,autoland,4060709,13,fd0dfc9511c4c123e048823de9954312c2b907c1,linux1804-64-shippable-qr,True,False,,|c|o|l|d| |f|i|s|s|i|o|n| |i|n|t|e|r|a|c|t|i|v|e| |w|e|b|r|e|n|d|e|r|,102210fe594ee9b33d82058545b1ed14f4c8206e,fcp,reddit-billgates-post-1.billg,True,reddit-billgates-post-1.billg fcp opt cold fission webrender,,77,ms,firefox,,1724598420,2023-07-11 13:33:02,1270792,,,,,,,,,,,,,,,,,,,,,,,,,,,,,,,,,,,,,,,,,,,,,,,,,TN
380,3100a08eeee126bc592700ba015d42a4eeabd552,0.1757448789571695,autoland,4060709,13,fd0dfc9511c4c123e048823de9954312c2b907c1,linux1804-64-shippable-qr,True,False,,|c|o|l|d| |f|i|s|s|i|o|n| |i|n|t|e|r|a|c|t|i|v|e| |w|e|b|r|e|n|d|e|r|,102210fe594ee9b33d82058545b1ed14f4c8206e,fcp,reddit-billgates-post-1.billg,True,reddit-billgates-post-1.billg fcp opt cold fission webrender,,77,ms,firefox,,1724618125,2023-07-11 14:06:52,1270802,,,,,,,,,,,,,,,,,,,,,,,,,,,,,,,,,,,,,,,,,,,,,,,,,TN
381,87db7bb709335405232188624e8b3fa9990fd678,0.13663873370577273,autoland,4060709,13,fd0dfc9511c4c123e048823de9954312c2b907c1,linux1804-64-shippable-qr,True,False,,|c|o|l|d| |f|i|s|s|i|o|n| |i|n|t|e|r|a|c|t|i|v|e| |w|e|b|r|e|n|d|e|r|,102210fe594ee9b33d82058545b1ed14f4c8206e,fcp,reddit-billgates-post-1.billg,True,reddit-billgates-post-1.billg fcp opt cold fission webrender,,77,ms,firefox,,1724785310,2023-07-11 18:36:01,1270977,,,,,,,,,,,,,,,,,,,,,,,,,,,,,,,,,,,,,,,,,,,,,,,,,TN
382,799309422d5f66cd280bc2aa8f49a203faaf670f,0.1757448789571695,autoland,4060709,13,fd0dfc9511c4c123e048823de9954312c2b907c1,linux1804-64-shippable-qr,True,False,,|c|o|l|d| |f|i|s|s|i|o|n| |i|n|t|e|r|a|c|t|i|v|e| |w|e|b|r|e|n|d|e|r|,102210fe594ee9b33d82058545b1ed14f4c8206e,fcp,reddit-billgates-post-1.billg,True,reddit-billgates-post-1.billg fcp opt cold fission webrender,,77,ms,firefox,,1724853798,2023-07-11 22:00:07,1271127,,,,,,,,,,,,,,,,,,,,,,,,,,,,,,,,,,,,,,,,,,,,,,,,,TN
383,409794f954d9150f8da58e49d75898a655aca25d,0.14269087523277468,autoland,4060709,13,fd0dfc9511c4c123e048823de9954312c2b907c1,linux1804-64-shippable-qr,True,False,,|c|o|l|d| |f|i|s|s|i|o|n| |i|n|t|e|r|a|c|t|i|v|e| |w|e|b|r|e|n|d|e|r|,102210fe594ee9b33d82058545b1ed14f4c8206e,fcp,reddit-billgates-post-1.billg,True,reddit-billgates-post-1.billg fcp opt cold fission webrender,,77,ms,firefox,,1724939479,2023-07-12 03:43:13,1271221,,,,,,,,,,,,,,,,,,,,,,,,,,,,,,,,,,,,,,,,,,,,,,,,,TN
384,3df39b644daab1c941ea8f68e6f1e1018058b95e,0.1550279329608938,autoland,4060709,13,fd0dfc9511c4c123e048823de9954312c2b907c1,linux1804-64-shippable-qr,True,False,,|c|o|l|d| |f|i|s|s|i|o|n| |i|n|t|e|r|a|c|t|i|v|e| |w|e|b|r|e|n|d|e|r|,102210fe594ee9b33d82058545b1ed14f4c8206e,fcp,reddit-billgates-post-1.billg,True,reddit-billgates-post-1.billg fcp opt cold fission webrender,,77,ms,firefox,,1724998133,2023-07-12 07:41:52,1271289,,,,,,,,,,,,,,,,,,,,,,,,,,,,,,,,,,,,,,,,,,,,,,,,,TN
385,323cd57deb4d5a322c892f49b9141687d7561c0b,0.1624767225325885,autoland,4060709,13,fd0dfc9511c4c123e048823de9954312c2b907c1,linux1804-64-shippable-qr,True,False,,|c|o|l|d| |f|i|s|s|i|o|n| |i|n|t|e|r|a|c|t|i|v|e| |w|e|b|r|e|n|d|e|r|,102210fe594ee9b33d82058545b1ed14f4c8206e,fcp,reddit-billgates-post-1.billg,True,reddit-billgates-post-1.billg fcp opt cold fission webrender,,77,ms,firefox,,1725110440,2023-07-12 11:57:10,1271397,,,,,,,,,,,,,,,,,,,,,,,,,,,,,,,,,,,,,,,,,,,,,,,,,TN
386,09a138b12b3b18e85b4234788a6f92fa756908af,0.11149906890130357,autoland,4060709,13,fd0dfc9511c4c123e048823de9954312c2b907c1,linux1804-64-shippable-qr,True,False,,|c|o|l|d| |f|i|s|s|i|o|n| |i|n|t|e|r|a|c|t|i|v|e| |w|e|b|r|e|n|d|e|r|,102210fe594ee9b33d82058545b1ed14f4c8206e,fcp,reddit-billgates-post-1.billg,True,reddit-billgates-post-1.billg fcp opt cold fission webrender,,77,ms,firefox,,1725174663,2023-07-12 14:40:04,1271467,,,,,,,,,,,,,,,,,,,,,,,,,,,,,,,,,,,,,,,,,,,,,,,,,TN
387,5af60a4168846b5be7576faecbb5050fa6d965cf,0.17621042830540035,autoland,4060709,13,fd0dfc9511c4c123e048823de9954312c2b907c1,linux1804-64-shippable-qr,True,False,,|c|o|l|d| |f|i|s|s|i|o|n| |i|n|t|e|r|a|c|t|i|v|e| |w|e|b|r|e|n|d|e|r|,102210fe594ee9b33d82058545b1ed14f4c8206e,fcp,reddit-billgates-post-1.billg,True,reddit-billgates-post-1.billg fcp opt cold fission webrender,,77,ms,firefox,,1725259191,2023-07-12 19:44:39,1271665,,,,,,,,,,,,,,,,,,,,,,,,,,,,,,,,,,,,,,,,,,,,,,,,,TN
388,0724fde82b2fe250010f13a500b6c525eaf3abb5,0.12662942271880817,autoland,4060709,13,fd0dfc9511c4c123e048823de9954312c2b907c1,linux1804-64-shippable-qr,True,False,,|c|o|l|d| |f|i|s|s|i|o|n| |i|n|t|e|r|a|c|t|i|v|e| |w|e|b|r|e|n|d|e|r|,102210fe594ee9b33d82058545b1ed14f4c8206e,fcp,reddit-billgates-post-1.billg,True,reddit-billgates-post-1.billg fcp opt cold fission webrender,,77,ms,firefox,,1725381164,2023-07-13 04:00:14,1271916,,,,,,,,,,,,,,,,,,,,,,,,,,,,,,,,,,,,,,,,,,,,,,,,,TN
389,1bfb25414a090700f286cd06319e91cb9ac6e336,0.14036312849162014,autoland,4060709,13,fd0dfc9511c4c123e048823de9954312c2b907c1,linux1804-64-shippable-qr,True,False,,|c|o|l|d| |f|i|s|s|i|o|n| |i|n|t|e|r|a|c|t|i|v|e| |w|e|b|r|e|n|d|e|r|,102210fe594ee9b33d82058545b1ed14f4c8206e,fcp,reddit-billgates-post-1.billg,True,reddit-billgates-post-1.billg fcp opt cold fission webrender,,77,ms,firefox,,1725553690,2023-07-13 11:47:10,1272070,,,,,,,,,,,,,,,,,,,,,,,,,,,,,,,,,,,,,,,,,,,,,,,,,TN
390,411654dc3bffdf2358079fc20c662dc3c58a2363,0.15642458100558654,autoland,4060709,13,fd0dfc9511c4c123e048823de9954312c2b907c1,linux1804-64-shippable-qr,True,False,,|c|o|l|d| |f|i|s|s|i|o|n| |i|n|t|e|r|a|c|t|i|v|e| |w|e|b|r|e|n|d|e|r|,102210fe594ee9b33d82058545b1ed14f4c8206e,fcp,reddit-billgates-post-1.billg,True,reddit-billgates-post-1.billg fcp opt cold fission webrender,,77,ms,firefox,,1725676152,2023-07-13 14:50:19,1272192,,,,,,,,,,,,,,,,,,,,,,,,,,,,,,,,,,,,,,,,,,,,,,,,,TN
391,93efae7712c8170b189d6e2d626af9bc74ee9f33,0.1503724394785847,autoland,4060709,13,fd0dfc9511c4c123e048823de9954312c2b907c1,linux1804-64-shippable-qr,True,False,,|c|o|l|d| |f|i|s|s|i|o|n| |i|n|t|e|r|a|c|t|i|v|e| |w|e|b|r|e|n|d|e|r|,102210fe594ee9b33d82058545b1ed14f4c8206e,fcp,reddit-billgates-post-1.billg,True,reddit-billgates-post-1.billg fcp opt cold fission webrender,,77,ms,firefox,,1725804713,2023-07-13 19:23:25,1272383,,,,,,,,,,,,,,,,,,,,,,,,,,,,,,,,,,,,,,,,,,,,,,,,,TN
392,bbf3c24cbbc7b98b52113accc0c5cd377e1bb198,0.13966480446927376,autoland,4060709,13,fd0dfc9511c4c123e048823de9954312c2b907c1,linux1804-64-shippable-qr,True,False,,|c|o|l|d| |f|i|s|s|i|o|n| |i|n|t|e|r|a|c|t|i|v|e| |w|e|b|r|e|n|d|e|r|,102210fe594ee9b33d82058545b1ed14f4c8206e,fcp,reddit-billgates-post-1.billg,True,reddit-billgates-post-1.billg fcp opt cold fission webrender,,77,ms,firefox,,1725975061,2023-07-13 19:24:59,1272385,,,,,,,,,,,,,,,,,,,,,,,,,,,,,,,,,,,,,,,,,,,,,,,,,TN
393,1feed58581ba17fdd979df109fe14c7a2b3d9843,0.1559590316573557,autoland,4060709,13,fd0dfc9511c4c123e048823de9954312c2b907c1,linux1804-64-shippable-qr,True,False,,|c|o|l|d| |f|i|s|s|i|o|n| |i|n|t|e|r|a|c|t|i|v|e| |w|e|b|r|e|n|d|e|r|,102210fe594ee9b33d82058545b1ed14f4c8206e,fcp,reddit-billgates-post-1.billg,True,reddit-billgates-post-1.billg fcp opt cold fission webrender,,77,ms,firefox,,1726018663,2023-07-13 19:30:44,1272388,,,,,,,,,,,,,,,,,,,,,,,,,,,,,,,,,,,,,,,,,,,,,,,,,TN
394,d7363bddf2b82c4f02c60bf1f3236c1853a1d788,0.16177839851024212,autoland,4060709,13,fd0dfc9511c4c123e048823de9954312c2b907c1,linux1804-64-shippable-qr,True,False,,|c|o|l|d| |f|i|s|s|i|o|n| |i|n|t|e|r|a|c|t|i|v|e| |w|e|b|r|e|n|d|e|r|,102210fe594ee9b33d82058545b1ed14f4c8206e,fcp,reddit-billgates-post-1.billg,True,reddit-billgates-post-1.billg fcp opt cold fission webrender,,77,ms,firefox,,1725911170,2023-07-13 23:46:26,1272530,,,,,,,,,,,,,,,,,,,,,,,,,,,,,,,,,,,,,,,,,,,,,,,,,TN
395,ce811b4b8e62538cba1620fbe1f66b6963a00103,0.15642458100558654,autoland,4060709,13,fd0dfc9511c4c123e048823de9954312c2b907c1,linux1804-64-shippable-qr,True,False,,|c|o|l|d| |f|i|s|s|i|o|n| |i|n|t|e|r|a|c|t|i|v|e| |w|e|b|r|e|n|d|e|r|,102210fe594ee9b33d82058545b1ed14f4c8206e,fcp,reddit-billgates-post-1.billg,True,reddit-billgates-post-1.billg fcp opt cold fission webrender,,77,ms,firefox,,1725920777,2023-07-14 00:33:08,1272546,,,,,,,,,,,,,,,,,,,,,,,,,,,,,,,,,,,,,,,,,,,,,,,,,TN
396,196cda3a105202c8969a926a0637db0e0014c07d,0.17714152700186214,autoland,4060709,13,fd0dfc9511c4c123e048823de9954312c2b907c1,linux1804-64-shippable-qr,True,False,,|c|o|l|d| |f|i|s|s|i|o|n| |i|n|t|e|r|a|c|t|i|v|e| |w|e|b|r|e|n|d|e|r|,102210fe594ee9b33d82058545b1ed14f4c8206e,fcp,reddit-billgates-post-1.billg,True,reddit-billgates-post-1.billg fcp opt cold fission webrender,,77,ms,firefox,,1725988319,2023-07-14 05:34:55,1272621,,,,,,,,,,,,,,,,,,,,,,,,,,,,,,,,,,,,,,,,,,,,,,,,,TN
397,2c2b2040f7a3a963eaf19ecd574a96682fb4e6c3,0.14059590316573556,autoland,4060709,13,fd0dfc9511c4c123e048823de9954312c2b907c1,linux1804-64-shippable-qr,True,False,,|c|o|l|d| |f|i|s|s|i|o|n| |i|n|t|e|r|a|c|t|i|v|e| |w|e|b|r|e|n|d|e|r|,102210fe594ee9b33d82058545b1ed14f4c8206e,fcp,reddit-billgates-post-1.billg,True,reddit-billgates-post-1.billg fcp opt cold fission webrender,,77,ms,firefox,,1726108312,2023-07-14 08:41:57,1272676,,,,,,,,,,,,,,,,,,,,,,,,,,,,,,,,,,,,,,,,,,,,,,,,,TN
398,f04d14e8c457c340e7bb0c8955b7a42e3ed32c84,0.14362197392923648,autoland,4060709,13,fd0dfc9511c4c123e048823de9954312c2b907c1,linux1804-64-shippable-qr,True,False,,|c|o|l|d| |f|i|s|s|i|o|n| |i|n|t|e|r|a|c|t|i|v|e| |w|e|b|r|e|n|d|e|r|,102210fe594ee9b33d82058545b1ed14f4c8206e,fcp,reddit-billgates-post-1.billg,True,reddit-billgates-post-1.billg fcp opt cold fission webrender,,77,ms,firefox,,1726175648,2023-07-14 12:49:37,1272721,,,,,,,,,,,,,,,,,,,,,,,,,,,,,,,,,,,,,,,,,,,,,,,,,TN
399,379fa15b7cfddd1f92027d8c39b32706dc0f59a8,0.17225325884543763,autoland,4060709,13,fd0dfc9511c4c123e048823de9954312c2b907c1,linux1804-64-shippable-qr,True,False,,|c|o|l|d| |f|i|s|s|i|o|n| |i|n|t|e|r|a|c|t|i|v|e| |w|e|b|r|e|n|d|e|r|,102210fe594ee9b33d82058545b1ed14f4c8206e,fcp,reddit-billgates-post-1.billg,True,reddit-billgates-post-1.billg fcp opt cold fission webrender,,77,ms,firefox,,1726311297,2023-07-14 16:10:08,1272833,,,,,,,,,,,,,,,,,,,,,,,,,,,,,,,,,,,,,,,,,,,,,,,,,TN
400,f65db437bbbe4d54d073843c79519c0a373ada5c,0.15107076350093107,autoland,4060709,13,fd0dfc9511c4c123e048823de9954312c2b907c1,linux1804-64-shippable-qr,True,False,,|c|o|l|d| |f|i|s|s|i|o|n| |i|n|t|e|r|a|c|t|i|v|e| |w|e|b|r|e|n|d|e|r|,102210fe594ee9b33d82058545b1ed14f4c8206e,fcp,reddit-billgates-post-1.billg,True,reddit-billgates-post-1.billg fcp opt cold fission webrender,,77,ms,firefox,,1726467150,2023-07-14 21:22:48,1272987,,,,,,,,,,,,,,,,,,,,,,,,,,,,,,,,,,,,,,,,,,,,,,,,,TN
401,2fa0f2941257f51a55bcabee0f1913fe395266b0,0.15386405959031657,autoland,4060709,13,fd0dfc9511c4c123e048823de9954312c2b907c1,linux1804-64-shippable-qr,True,False,,|c|o|l|d| |f|i|s|s|i|o|n| |i|n|t|e|r|a|c|t|i|v|e| |w|e|b|r|e|n|d|e|r|,102210fe594ee9b33d82058545b1ed14f4c8206e,fcp,reddit-billgates-post-1.billg,True,reddit-billgates-post-1.billg fcp opt cold fission webrender,,77,ms,firefox,,1726492283,2023-07-14 22:30:09,1273018,,,,,,,,,,,,,,,,,,,,,,,,,,,,,,,,,,,,,,,,,,,,,,,,,TN
402,1e09c6aabfcd1088a923373e95d74f457e863755,0.172951582867784,autoland,4060709,13,fd0dfc9511c4c123e048823de9954312c2b907c1,linux1804-64-shippable-qr,True,False,,|c|o|l|d| |f|i|s|s|i|o|n| |i|n|t|e|r|a|c|t|i|v|e| |w|e|b|r|e|n|d|e|r|,102210fe594ee9b33d82058545b1ed14f4c8206e,fcp,reddit-billgates-post-1.billg,True,reddit-billgates-post-1.billg fcp opt cold fission webrender,,77,ms,firefox,,1726524959,2023-07-15 02:41:28,1273070,,,,,,,,,,,,,,,,,,,,,,,,,,,,,,,,,,,,,,,,,,,,,,,,,TN
403,3a71e5ba50017ceb558d246e6ea58f8d5a57a3af,0.1748137802607076,autoland,4060709,13,fd0dfc9511c4c123e048823de9954312c2b907c1,linux1804-64-shippable-qr,True,False,,|c|o|l|d| |f|i|s|s|i|o|n| |i|n|t|e|r|a|c|t|i|v|e| |w|e|b|r|e|n|d|e|r|,102210fe594ee9b33d82058545b1ed14f4c8206e,fcp,reddit-billgates-post-1.billg,True,reddit-billgates-post-1.billg fcp opt cold fission webrender,,77,ms,firefox,,1726587145,2023-07-15 12:36:57,1273110,,,,,,,,,,,,,,,,,,,,,,,,,,,,,,,,,,,,,,,,,,,,,,,,,TN
404,23e9067195200f00248b6c027bfae113965bf3ea,0.1692271880819367,autoland,4060709,13,fd0dfc9511c4c123e048823de9954312c2b907c1,linux1804-64-shippable-qr,True,False,,|c|o|l|d| |f|i|s|s|i|o|n| |i|n|t|e|r|a|c|t|i|v|e| |w|e|b|r|e|n|d|e|r|,102210fe594ee9b33d82058545b1ed14f4c8206e,fcp,reddit-billgates-post-1.billg,True,reddit-billgates-post-1.billg fcp opt cold fission webrender,,77,ms,firefox,,1726625735,2023-07-15 18:59:02,1273125,,,,,,,,,,,,,,,,,,,,,,,,,,,,,,,,,,,,,,,,,,,,,,,,,TN
405,29be5ceedcdd2e835a383389153d9264d9b81217,0.14804469273743015,autoland,4060709,13,fd0dfc9511c4c123e048823de9954312c2b907c1,linux1804-64-shippable-qr,True,False,,|c|o|l|d| |f|i|s|s|i|o|n| |i|n|t|e|r|a|c|t|i|v|e| |w|e|b|r|e|n|d|e|r|,102210fe594ee9b33d82058545b1ed14f4c8206e,fcp,reddit-billgates-post-1.billg,True,reddit-billgates-post-1.billg fcp opt cold fission webrender,,77,ms,firefox,,1726680284,2023-07-16 02:22:04,1273151,,,,,,,,,,,,,,,,,,,,,,,,,,,,,,,,,,,,,,,,,,,,,,,,,TN
406,2d64faa1590722f6ec14781ee5e175a2c875171c,0.15339851024208562,autoland,4060709,13,fd0dfc9511c4c123e048823de9954312c2b907c1,linux1804-64-shippable-qr,True,False,,|c|o|l|d| |f|i|s|s|i|o|n| |i|n|t|e|r|a|c|t|i|v|e| |w|e|b|r|e|n|d|e|r|,102210fe594ee9b33d82058545b1ed14f4c8206e,fcp,reddit-billgates-post-1.billg,True,reddit-billgates-post-1.billg fcp opt cold fission webrender,,77,ms,firefox,,1726773054,2023-07-16 17:40:24,1273186,,,,,,,,,,,,,,,,,,,,,,,,,,,,,,,,,,,,,,,,,,,,,,,,,TN
407,ef60c7cdcb76172f1caf579529cf9fb756de4dbd,0.1485102420856611,autoland,4060709,13,fd0dfc9511c4c123e048823de9954312c2b907c1,linux1804-64-shippable-qr,True,False,,|c|o|l|d| |f|i|s|s|i|o|n| |i|n|t|e|r|a|c|t|i|v|e| |w|e|b|r|e|n|d|e|r|,102210fe594ee9b33d82058545b1ed14f4c8206e,fcp,reddit-billgates-post-1.billg,True,reddit-billgates-post-1.billg fcp opt cold fission webrender,,77,ms,firefox,,1726893727,2023-07-17 10:08:58,1273362,,,,,,,,,,,,,,,,,,,,,,,,,,,,,,,,,,,,,,,,,,,,,,,,,TN
408,953e77c13acb077960f863612d3036a0d8724008,0.2039106145251397,autoland,4060709,13,fd0dfc9511c4c123e048823de9954312c2b907c1,linux1804-64-shippable-qr,True,False,,|c|o|l|d| |f|i|s|s|i|o|n| |i|n|t|e|r|a|c|t|i|v|e| |w|e|b|r|e|n|d|e|r|,102210fe594ee9b33d82058545b1ed14f4c8206e,fcp,reddit-billgates-post-1.billg,True,reddit-billgates-post-1.billg fcp opt cold fission webrender,,77,ms,firefox,,1727300390,2023-07-17 10:10:51,1273366,,,,,,,,,,,,,,,,,,,,,,,,,,,,,,,,,,,,,,,,,,,,,,,,,TN
409,2a006f66fd1958496f7cae9c174e45a5a5403b1d,0.1608472998137802,autoland,4060709,13,fd0dfc9511c4c123e048823de9954312c2b907c1,linux1804-64-shippable-qr,True,False,,|c|o|l|d| |f|i|s|s|i|o|n| |i|n|t|e|r|a|c|t|i|v|e| |w|e|b|r|e|n|d|e|r|,102210fe594ee9b33d82058545b1ed14f4c8206e,fcp,reddit-billgates-post-1.billg,True,reddit-billgates-post-1.billg fcp opt cold fission webrender,,77,ms,firefox,,1727336622,2023-07-17 11:01:52,1273381,,,,,,,,,,,,,,,,,,,,,,,,,,,,,,,,,,,,,,,,,,,,,,,,,TN
410,b80c658a6c19f373d458a6ca866c32d87a5f579b,0.18342644320297952,autoland,4060709,13,fd0dfc9511c4c123e048823de9954312c2b907c1,linux1804-64-shippable-qr,True,False,,|c|o|l|d| |f|i|s|s|i|o|n| |i|n|t|e|r|a|c|t|i|v|e| |w|e|b|r|e|n|d|e|r|,102210fe594ee9b33d82058545b1ed14f4c8206e,fcp,reddit-billgates-post-1.billg,True,reddit-billgates-post-1.billg fcp opt cold fission webrender,,77,ms,firefox,,1727239010,2023-07-17 13:42:26,1273443,,,,,,,,,,,,,,,,,,,,,,,,,,,,,,,,,,,,,,,,,,,,,,,,,TN
411,480a4843ee4329760fdea6dff2b457ff8cc95eb9,0.15363128491620115,autoland,4060709,13,fd0dfc9511c4c123e048823de9954312c2b907c1,linux1804-64-shippable-qr,True,False,,|c|o|l|d| |f|i|s|s|i|o|n| |i|n|t|e|r|a|c|t|i|v|e| |w|e|b|r|e|n|d|e|r|,102210fe594ee9b33d82058545b1ed14f4c8206e,fcp,reddit-billgates-post-1.billg,True,reddit-billgates-post-1.billg fcp opt cold fission webrender,,77,ms,firefox,,1727324681,2023-07-17 13:56:56,1273451,,,,,,,,,,,,,,,,,,,,,,,,,,,,,,,,,,,,,,,,,,,,,,,,,TN
412,e90e64d1c5a944feafdb48fe3527c9aeeac00ec9,0.1720204841713222,autoland,4060709,13,fd0dfc9511c4c123e048823de9954312c2b907c1,linux1804-64-shippable-qr,True,False,,|c|o|l|d| |f|i|s|s|i|o|n| |i|n|t|e|r|a|c|t|i|v|e| |w|e|b|r|e|n|d|e|r|,102210fe594ee9b33d82058545b1ed14f4c8206e,fcp,reddit-billgates-post-1.billg,True,reddit-billgates-post-1.billg fcp opt cold fission webrender,,77,ms,firefox,,1726956935,2023-07-17 14:30:30,1273474,,,,,,,,,,,,,,,,,,,,,,,,,,,,,,,,,,,,,,,,,,,,,,,,,TN
413,c59cb36c74f432b44e7148682b572301b05ed1e0,0.15432960893854752,autoland,4060709,13,fd0dfc9511c4c123e048823de9954312c2b907c1,linux1804-64-shippable-qr,True,False,,|c|o|l|d| |f|i|s|s|i|o|n| |i|n|t|e|r|a|c|t|i|v|e| |w|e|b|r|e|n|d|e|r|,102210fe594ee9b33d82058545b1ed14f4c8206e,fcp,reddit-billgates-post-1.billg,True,reddit-billgates-post-1.billg fcp opt cold fission webrender,,77,ms,firefox,,1727260851,2023-07-17 15:18:16,1273503,,,,,,,,,,,,,,,,,,,,,,,,,,,,,,,,,,,,,,,,,,,,,,,,,TN
414,80a9077fa5eadb649347ccfdf256cdc5c647f611,0.15619180633147112,autoland,4060709,13,fd0dfc9511c4c123e048823de9954312c2b907c1,linux1804-64-shippable-qr,True,False,,|c|o|l|d| |f|i|s|s|i|o|n| |i|n|t|e|r|a|c|t|i|v|e| |w|e|b|r|e|n|d|e|r|,102210fe594ee9b33d82058545b1ed14f4c8206e,fcp,reddit-billgates-post-1.billg,True,reddit-billgates-post-1.billg fcp opt cold fission webrender,,77,ms,firefox,,1727270919,2023-07-17 15:59:39,1273518,,,,,,,,,,,,,,,,,,,,,,,,,,,,,,,,,,,,,,,,,,,,,,,,,TN
415,01dc0385e5b93df37aef43d60cd1105523eae328,0.13989757914338918,autoland,4060709,13,fd0dfc9511c4c123e048823de9954312c2b907c1,linux1804-64-shippable-qr,True,False,,|c|o|l|d| |f|i|s|s|i|o|n| |i|n|t|e|r|a|c|t|i|v|e| |w|e|b|r|e|n|d|e|r|,102210fe594ee9b33d82058545b1ed14f4c8206e,fcp,reddit-billgates-post-1.billg,True,reddit-billgates-post-1.billg fcp opt cold fission webrender,,77,ms,firefox,,1727036529,2023-07-17 16:07:24,1273529,,,,,,,,,,,,,,,,,,,,,,,,,,,,,,,,,,,,,,,,,,,,,,,,,TN
416,49cff8f1d0b45289c21ac815c0e150bdf80b3e3c,0.16573556797020483,autoland,4060709,13,fd0dfc9511c4c123e048823de9954312c2b907c1,linux1804-64-shippable-qr,True,False,,|c|o|l|d| |f|i|s|s|i|o|n| |i|n|t|e|r|a|c|t|i|v|e| |w|e|b|r|e|n|d|e|r|,102210fe594ee9b33d82058545b1ed14f4c8206e,fcp,reddit-billgates-post-1.billg,True,reddit-billgates-post-1.billg fcp opt cold fission webrender,,77,ms,firefox,,1727273397,2023-07-17 16:23:13,1273535,,,,,,,,,,,,,,,,,,,,,,,,,,,,,,,,,,,,,,,,,,,,,,,,,TN
417,f2c1249026167b30c81eff3368093a442a915826,0.11336126629422716,autoland,4060709,13,fd0dfc9511c4c123e048823de9954312c2b907c1,linux1804-64-shippable-qr,True,False,,|c|o|l|d| |f|i|s|s|i|o|n| |i|n|t|e|r|a|c|t|i|v|e| |w|e|b|r|e|n|d|e|r|,102210fe594ee9b33d82058545b1ed14f4c8206e,fcp,reddit-billgates-post-1.billg,True,reddit-billgates-post-1.billg fcp opt cold fission webrender,,77,ms,firefox,,1727135909,2023-07-17 20:04:09,1273673,,,,,,,,,,,,,,,,,,,,,,,,,,,,,,,,,,,,,,,,,,,,,,,,,TN
418,bbea40f618ed9435d7c989dcb18dc1ba34d55d4c,0.14874301675977653,autoland,4060709,13,fd0dfc9511c4c123e048823de9954312c2b907c1,linux1804-64-shippable-qr,True,False,,|c|o|l|d| |f|i|s|s|i|o|n| |i|n|t|e|r|a|c|t|i|v|e| |w|e|b|r|e|n|d|e|r|,102210fe594ee9b33d82058545b1ed14f4c8206e,fcp,reddit-billgates-post-1.billg,True,reddit-billgates-post-1.billg fcp opt cold fission webrender,,77,ms,firefox,,1727208104,2023-07-17 23:40:15,1273797,,,,,,,,,,,,,,,,,,,,,,,,,,,,,,,,,,,,,,,,,,,,,,,,,TN
419,35e42e5979dac0b99828194869d5dc00365b37fb,0.1494413407821229,autoland,4060709,13,fd0dfc9511c4c123e048823de9954312c2b907c1,linux1804-64-shippable-qr,True,False,,|c|o|l|d| |f|i|s|s|i|o|n| |i|n|t|e|r|a|c|t|i|v|e| |w|e|b|r|e|n|d|e|r|,102210fe594ee9b33d82058545b1ed14f4c8206e,fcp,reddit-billgates-post-1.billg,True,reddit-billgates-post-1.billg fcp opt cold fission webrender,,77,ms,firefox,,1727284071,2023-07-18 04:33:35,1273869,,,,,,,,,,,,,,,,,,,,,,,,,,,,,,,,,,,,,,,,,,,,,,,,,TN
420,ff623ceacdca87e37ceaa8e2d7f2072d5a7ae7fb,0.08007448789571697,autoland,4060709,13,fd0dfc9511c4c123e048823de9954312c2b907c1,linux1804-64-shippable-qr,True,False,,|c|o|l|d| |f|i|s|s|i|o|n| |i|n|t|e|r|a|c|t|i|v|e| |w|e|b|r|e|n|d|e|r|,102210fe594ee9b33d82058545b1ed14f4c8206e,fcp,reddit-billgates-post-1.billg,True,reddit-billgates-post-1.billg fcp opt cold fission webrender,,77,ms,firefox,,1727433223,2023-07-18 08:33:44,1273935,,,,,,,,,,,,,,,,,,,,,,,,,,,,,,,,,,,,,,,,,,,,,,,,,TN
421,ed8bcaa0195e582a53b92eeac99b65a9c1f06da2,0.1776070763500931,autoland,4060709,13,fd0dfc9511c4c123e048823de9954312c2b907c1,linux1804-64-shippable-qr,True,False,,|c|o|l|d| |f|i|s|s|i|o|n| |i|n|t|e|r|a|c|t|i|v|e| |w|e|b|r|e|n|d|e|r|,102210fe594ee9b33d82058545b1ed14f4c8206e,fcp,reddit-billgates-post-1.billg,True,reddit-billgates-post-1.billg fcp opt cold fission webrender,,77,ms,firefox,,1727452298,2023-07-18 08:34:31,1273936,,,,,,,,,,,,,,,,,,,,,,,,,,,,,,,,,,,,,,,,,,,,,,,,,TN
422,bcffaa369c722f4ebfa7cb8af6a3fc605e2efa10,0.14897579143389195,autoland,4060709,13,fd0dfc9511c4c123e048823de9954312c2b907c1,linux1804-64-shippable-qr,True,False,,|c|o|l|d| |f|i|s|s|i|o|n| |i|n|t|e|r|a|c|t|i|v|e| |w|e|b|r|e|n|d|e|r|,102210fe594ee9b33d82058545b1ed14f4c8206e,fcp,reddit-billgates-post-1.billg,True,reddit-billgates-post-1.billg fcp opt cold fission webrender,,77,ms,firefox,,1727529656,2023-07-18 13:03:29,1274068,,,,,,,,,,,,,,,,,,,,,,,,,,,,,,,,,,,,,,,,,,,,,,,,,TN
423,0de8fdd9abfcc9f9019857d255157b5eb799f98b,0.1277932960893855,autoland,4060709,13,fd0dfc9511c4c123e048823de9954312c2b907c1,linux1804-64-shippable-qr,True,False,,|c|o|l|d| |f|i|s|s|i|o|n| |i|n|t|e|r|a|c|t|i|v|e| |w|e|b|r|e|n|d|e|r|,102210fe594ee9b33d82058545b1ed14f4c8206e,fcp,reddit-billgates-post-1.billg,True,reddit-billgates-post-1.billg fcp opt cold fission webrender,,77,ms,firefox,,1727553328,2023-07-18 13:45:23,1274096,,,,,,,,,,,,,,,,,,,,,,,,,,,,,,,,,,,,,,,,,,,,,,,,,TN
424,9330f8cb5765b67a89ac1427300f344a63d42cdc,0.14036312849162014,autoland,4060709,13,fd0dfc9511c4c123e048823de9954312c2b907c1,linux1804-64-shippable-qr,True,False,,|c|o|l|d| |f|i|s|s|i|o|n| |i|n|t|e|r|a|c|t|i|v|e| |w|e|b|r|e|n|d|e|r|,102210fe594ee9b33d82058545b1ed14f4c8206e,fcp,reddit-billgates-post-1.billg,True,reddit-billgates-post-1.billg fcp opt cold fission webrender,,77,ms,firefox,,1727665160,2023-07-18 17:24:29,1274230,,,,,,,,,,,,,,,,,,,,,,,,,,,,,,,,,,,,,,,,,,,,,,,,,TN
425,b39dcefbe15f24fbf00da64782588b71ef8277a6,0.1475791433891993,autoland,4060709,13,fd0dfc9511c4c123e048823de9954312c2b907c1,linux1804-64-shippable-qr,True,False,,|c|o|l|d| |f|i|s|s|i|o|n| |i|n|t|e|r|a|c|t|i|v|e| |w|e|b|r|e|n|d|e|r|,102210fe594ee9b33d82058545b1ed14f4c8206e,fcp,reddit-billgates-post-1.billg,True,reddit-billgates-post-1.billg fcp opt cold fission webrender,,77,ms,firefox,,1727810838,2023-07-18 22:22:09,1274408,,,,,,,,,,,,,,,,,,,,,,,,,,,,,,,,,,,,,,,,,,,,,,,,,TN
426,a8acb9b8880c2f1c2cf5891e5a20997a21d9d909,0.13431098696461818,autoland,4060709,13,fd0dfc9511c4c123e048823de9954312c2b907c1,linux1804-64-shippable-qr,True,False,,|c|o|l|d| |f|i|s|s|i|o|n| |i|n|t|e|r|a|c|t|i|v|e| |w|e|b|r|e|n|d|e|r|,102210fe594ee9b33d82058545b1ed14f4c8206e,fcp,reddit-billgates-post-1.billg,True,reddit-billgates-post-1.billg fcp opt cold fission webrender,,77,ms,firefox,,1727849964,2023-07-18 23:34:55,1274454,,,,,,,,,,,,,,,,,,,,,,,,,,,,,,,,,,,,,,,,,,,,,,,,,TN
427,49a85b3b07e07c1158f9cb0c1f58b67fc2d659f7,0.15363128491620115,autoland,4060709,13,fd0dfc9511c4c123e048823de9954312c2b907c1,linux1804-64-shippable-qr,True,False,,|c|o|l|d| |f|i|s|s|i|o|n| |i|n|t|e|r|a|c|t|i|v|e| |w|e|b|r|e|n|d|e|r|,102210fe594ee9b33d82058545b1ed14f4c8206e,fcp,reddit-billgates-post-1.billg,True,reddit-billgates-post-1.billg fcp opt cold fission webrender,,77,ms,firefox,,1727948156,2023-07-19 05:12:28,1274587,,,,,,,,,,,,,,,,,,,,,,,,,,,,,,,,,,,,,,,,,,,,,,,,,TN
428,140d21dede36ec0333dbfd36cf0d1320eee6cba4,0.1457169459962756,autoland,4060709,13,fd0dfc9511c4c123e048823de9954312c2b907c1,linux1804-64-shippable-qr,True,False,,|c|o|l|d| |f|i|s|s|i|o|n| |i|n|t|e|r|a|c|t|i|v|e| |w|e|b|r|e|n|d|e|r|,102210fe594ee9b33d82058545b1ed14f4c8206e,fcp,reddit-billgates-post-1.billg,True,reddit-billgates-post-1.billg fcp opt cold fission webrender,,77,ms,firefox,,1728004804,2023-07-19 08:12:16,1274646,,,,,,,,,,,,,,,,,,,,,,,,,,,,,,,,,,,,,,,,,,,,,,,,,TN
429,b8d9ace4647851e162743362d884084c81a969ab,0.15246741154562382,autoland,4060709,13,fd0dfc9511c4c123e048823de9954312c2b907c1,linux1804-64-shippable-qr,True,False,,|c|o|l|d| |f|i|s|s|i|o|n| |i|n|t|e|r|a|c|t|i|v|e| |w|e|b|r|e|n|d|e|r|,102210fe594ee9b33d82058545b1ed14f4c8206e,fcp,reddit-billgates-post-1.billg,True,reddit-billgates-post-1.billg fcp opt cold fission webrender,,77,ms,firefox,,1728243543,2023-07-19 12:13:12,1274744,,,,,,,,,,,,,,,,,,,,,,,,,,,,,,,,,,,,,,,,,,,,,,,,,TN
430,c0352b508434cf5db2d851fafc0d3a6f9eb7cc84,0.14152700186219747,autoland,4060709,13,fd0dfc9511c4c123e048823de9954312c2b907c1,linux1804-64-shippable-qr,True,False,,|c|o|l|d| |f|i|s|s|i|o|n| |i|n|t|e|r|a|c|t|i|v|e| |w|e|b|r|e|n|d|e|r|,102210fe594ee9b33d82058545b1ed14f4c8206e,fcp,reddit-billgates-post-1.billg,True,reddit-billgates-post-1.billg fcp opt cold fission webrender,,77,ms,firefox,,1728720190,2023-07-19 13:05:01,1274780,,,,,,,,,,,,,,,,,,,,,,,,,,,,,,,,,,,,,,,,,,,,,,,,,TN
431,b4b23feef55a5201adccb65558c2f936b437b03c,0.16713221601489758,autoland,4060709,13,fd0dfc9511c4c123e048823de9954312c2b907c1,linux1804-64-shippable-qr,True,False,,|c|o|l|d| |f|i|s|s|i|o|n| |i|n|t|e|r|a|c|t|i|v|e| |w|e|b|r|e|n|d|e|r|,102210fe594ee9b33d82058545b1ed14f4c8206e,fcp,reddit-billgates-post-1.billg,True,reddit-billgates-post-1.billg fcp opt cold fission webrender,,77,ms,firefox,,1728720325,2023-07-19 13:06:35,1274782,,,,,,,,,,,,,,,,,,,,,,,,,,,,,,,,,,,,,,,,,,,,,,,,,TN
432,c1d9936545b5ba143392d27280eb1d56af5ac580,0.14967411545623843,autoland,4060709,13,fd0dfc9511c4c123e048823de9954312c2b907c1,linux1804-64-shippable-qr,True,False,,|c|o|l|d| |f|i|s|s|i|o|n| |i|n|t|e|r|a|c|t|i|v|e| |w|e|b|r|e|n|d|e|r|,102210fe594ee9b33d82058545b1ed14f4c8206e,fcp,reddit-billgates-post-1.billg,True,reddit-billgates-post-1.billg fcp opt cold fission webrender,,77,ms,firefox,,1728342435,2023-07-19 14:37:00,1274851,,,,,,,,,,,,,,,,,,,,,,,,,,,,,,,,,,,,,,,,,,,,,,,,,TN
433,42e0b293b3a65df8406e58d9a703707f07ca64e3,0.17551210428305397,autoland,4060709,13,fd0dfc9511c4c123e048823de9954312c2b907c1,linux1804-64-shippable-qr,True,False,,|c|o|l|d| |f|i|s|s|i|o|n| |i|n|t|e|r|a|c|t|i|v|e| |w|e|b|r|e|n|d|e|r|,102210fe594ee9b33d82058545b1ed14f4c8206e,fcp,reddit-billgates-post-1.billg,True,reddit-billgates-post-1.billg fcp opt cold fission webrender,,77,ms,firefox,,1728769659,2023-07-19 16:22:57,1274925,,,,,,,,,,,,,,,,,,,,,,,,,,,,,,,,,,,,,,,,,,,,,,,,,TN
434,d05e7eb6194b6ed6a17fa804338e80e604d05426,0.11429236499068895,autoland,4060709,13,fd0dfc9511c4c123e048823de9954312c2b907c1,linux1804-64-shippable-qr,True,False,,|c|o|l|d| |f|i|s|s|i|o|n| |i|n|t|e|r|a|c|t|i|v|e| |w|e|b|r|e|n|d|e|r|,102210fe594ee9b33d82058545b1ed14f4c8206e,fcp,reddit-billgates-post-1.billg,True,reddit-billgates-post-1.billg fcp opt cold fission webrender,,77,ms,firefox,,1728778654,2023-07-19 16:24:52,1274926,,,,,,,,,,,,,,,,,,,,,,,,,,,,,,,,,,,,,,,,,,,,,,,,,TN
435,a4cb1e2b9e3d0583fb35c77b1b5a61823240d23a,0.15386405959031657,autoland,4060709,13,fd0dfc9511c4c123e048823de9954312c2b907c1,linux1804-64-shippable-qr,True,False,,|c|o|l|d| |f|i|s|s|i|o|n| |i|n|t|e|r|a|c|t|i|v|e| |w|e|b|r|e|n|d|e|r|,102210fe594ee9b33d82058545b1ed14f4c8206e,fcp,reddit-billgates-post-1.billg,True,reddit-billgates-post-1.billg fcp opt cold fission webrender,,77,ms,firefox,,1728613708,2023-07-19 18:46:51,1275034,,,,,,,,,,,,,,,,,,,,,,,,,,,,,,,,,,,,,,,,,,,,,,,,,TN
436,7d1e4a896dd81d294b7bccc7c20345d7c0432b47,0.17877094972067042,autoland,4060709,13,fd0dfc9511c4c123e048823de9954312c2b907c1,linux1804-64-shippable-qr,True,False,,|c|o|l|d| |f|i|s|s|i|o|n| |i|n|t|e|r|a|c|t|i|v|e| |w|e|b|r|e|n|d|e|r|,102210fe594ee9b33d82058545b1ed14f4c8206e,fcp,reddit-billgates-post-1.billg,True,reddit-billgates-post-1.billg fcp opt cold fission webrender,,77,ms,firefox,,1728663843,2023-07-19 22:17:04,1275176,,,,,,,,,,,,,,,,,,,,,,,,,,,,,,,,,,,,,,,,,,,,,,,,,TN
437,e73cc92e62dbaf2e2cdb70a1d9890da611a2b772,0.16154562383612658,autoland,4060709,13,fd0dfc9511c4c123e048823de9954312c2b907c1,linux1804-64-shippable-qr,True,False,,|c|o|l|d| |f|i|s|s|i|o|n| |i|n|t|e|r|a|c|t|i|v|e| |w|e|b|r|e|n|d|e|r|,102210fe594ee9b33d82058545b1ed14f4c8206e,fcp,reddit-billgates-post-1.billg,True,reddit-billgates-post-1.billg fcp opt cold fission webrender,,77,ms,firefox,,1728761241,2023-07-20 03:34:20,1275291,,,,,,,,,,,,,,,,,,,,,,,,,,,,,,,,,,,,,,,,,,,,,,,,,TN
438,9a6d93f12d75deb2d5f6662ca35347a774d7cd6f,0.16503724394785846,autoland,4060709,13,fd0dfc9511c4c123e048823de9954312c2b907c1,linux1804-64-shippable-qr,True,False,,|c|o|l|d| |f|i|s|s|i|o|n| |i|n|t|e|r|a|c|t|i|v|e| |w|e|b|r|e|n|d|e|r|,102210fe594ee9b33d82058545b1ed14f4c8206e,fcp,reddit-billgates-post-1.billg,True,reddit-billgates-post-1.billg fcp opt cold fission webrender,,77,ms,firefox,,1728927925,2023-07-20 07:42:09,1275344,,,,,,,,,,,,,,,,,,,,,,,,,,,,,,,,,,,,,,,,,,,,,,,,,TN
439,0278b86272728b17ade153f25ef5ec4442158066,0.16177839851024212,autoland,4060709,13,fd0dfc9511c4c123e048823de9954312c2b907c1,linux1804-64-shippable-qr,True,False,,|c|o|l|d| |f|i|s|s|i|o|n| |i|n|t|e|r|a|c|t|i|v|e| |w|e|b|r|e|n|d|e|r|,102210fe594ee9b33d82058545b1ed14f4c8206e,fcp,reddit-billgates-post-1.billg,True,reddit-billgates-post-1.billg fcp opt cold fission webrender,,77,ms,firefox,,1729021274,2023-07-20 12:22:04,1275437,,,,,,,,,,,,,,,,,,,,,,,,,,,,,,,,,,,,,,,,,,,,,,,,,TN
440,f33e1ce6dcf19e47952f3963c8e970c7c380acd2,0.16689944134078205,autoland,4060709,13,fd0dfc9511c4c123e048823de9954312c2b907c1,linux1804-64-shippable-qr,True,False,,|c|o|l|d| |f|i|s|s|i|o|n| |i|n|t|e|r|a|c|t|i|v|e| |w|e|b|r|e|n|d|e|r|,102210fe594ee9b33d82058545b1ed14f4c8206e,fcp,reddit-billgates-post-1.billg,True,reddit-billgates-post-1.billg fcp opt cold fission webrender,,77,ms,firefox,,1729490923,2023-07-20 13:21:00,1275460,,,,,,,,,,,,,,,,,,,,,,,,,,,,,,,,,,,,,,,,,,,,,,,,,TN
441,a90f231791f03487ec9a1beab731726e345264d3,0.1494413407821229,autoland,4060709,13,fd0dfc9511c4c123e048823de9954312c2b907c1,linux1804-64-shippable-qr,True,False,,|c|o|l|d| |f|i|s|s|i|o|n| |i|n|t|e|r|a|c|t|i|v|e| |w|e|b|r|e|n|d|e|r|,102210fe594ee9b33d82058545b1ed14f4c8206e,fcp,reddit-billgates-post-1.billg,True,reddit-billgates-post-1.billg fcp opt cold fission webrender,,77,ms,firefox,,1729473331,2023-07-20 13:24:59,1275463,,,,,,,,,,,,,,,,,,,,,,,,,,,,,,,,,,,,,,,,,,,,,,,,,TN
442,0bc898fe076442e9a552e9918f1b50ece1c87859,0.1475791433891993,autoland,4060709,13,fd0dfc9511c4c123e048823de9954312c2b907c1,linux1804-64-shippable-qr,True,False,,|c|o|l|d| |f|i|s|s|i|o|n| |i|n|t|e|r|a|c|t|i|v|e| |w|e|b|r|e|n|d|e|r|,102210fe594ee9b33d82058545b1ed14f4c8206e,fcp,reddit-billgates-post-1.billg,True,reddit-billgates-post-1.billg fcp opt cold fission webrender,,77,ms,firefox,,1729098402,2023-07-20 15:24:57,1275543,,,,,,,,,,,,,,,,,,,,,,,,,,,,,,,,,,,,,,,,,,,,,,,,,TN
443,61e3c35c5ec858d73be3f12db7911814c97662d1,0.14152700186219747,autoland,4060709,13,fd0dfc9511c4c123e048823de9954312c2b907c1,linux1804-64-shippable-qr,True,False,,|c|o|l|d| |f|i|s|s|i|o|n| |i|n|t|e|r|a|c|t|i|v|e| |w|e|b|r|e|n|d|e|r|,102210fe594ee9b33d82058545b1ed14f4c8206e,fcp,reddit-billgates-post-1.billg,True,reddit-billgates-post-1.billg fcp opt cold fission webrender,,77,ms,firefox,,1729451682,2023-07-20 15:49:41,1275563,,,,,,,,,,,,,,,,,,,,,,,,,,,,,,,,,,,,,,,,,,,,,,,,,TN
444,e19f10f18cc2b743954df29e6df658ad01a8d71f,0.14781191806331473,autoland,4060709,13,fd0dfc9511c4c123e048823de9954312c2b907c1,linux1804-64-shippable-qr,True,False,,|c|o|l|d| |f|i|s|s|i|o|n| |i|n|t|e|r|a|c|t|i|v|e| |w|e|b|r|e|n|d|e|r|,102210fe594ee9b33d82058545b1ed14f4c8206e,fcp,reddit-billgates-post-1.billg,True,reddit-billgates-post-1.billg fcp opt cold fission webrender,,77,ms,firefox,,1729498745,2023-07-20 15:57:36,1275568,,,,,,,,,,,,,,,,,,,,,,,,,,,,,,,,,,,,,,,,,,,,,,,,,TN
445,1474bffb9d2bc609c90f59cdbd875d90f152f78b,0.159683426443203,autoland,4060709,13,fd0dfc9511c4c123e048823de9954312c2b907c1,linux1804-64-shippable-qr,True,False,,|c|o|l|d| |f|i|s|s|i|o|n| |i|n|t|e|r|a|c|t|i|v|e| |w|e|b|r|e|n|d|e|r|,102210fe594ee9b33d82058545b1ed14f4c8206e,fcp,reddit-billgates-post-1.billg,True,reddit-billgates-post-1.billg fcp opt cold fission webrender,,77,ms,firefox,,1729278360,2023-07-20 19:57:27,1275751,,,,,,,,,,,,,,,,,,,,,,,,,,,,,,,,,,,,,,,,,,,,,,,,,TN
446,a81b4cfa355314c5644c5a1924408dd57a6451ba,0.1401303538175046,autoland,4060709,13,fd0dfc9511c4c123e048823de9954312c2b907c1,linux1804-64-shippable-qr,True,False,,|c|o|l|d| |f|i|s|s|i|o|n| |i|n|t|e|r|a|c|t|i|v|e| |w|e|b|r|e|n|d|e|r|,102210fe594ee9b33d82058545b1ed14f4c8206e,fcp,reddit-billgates-post-1.billg,True,reddit-billgates-post-1.billg fcp opt cold fission webrender,,77,ms,firefox,,1729403685,2023-07-20 23:58:39,1275867,,,,,,,,,,,,,,,,,,,,,,,,,,,,,,,,,,,,,,,,,,,,,,,,,TN
447,561b7f418a4da2b68cf411804f9a6dcc542bf5d4,0.17341713221601485,autoland,4060709,13,fd0dfc9511c4c123e048823de9954312c2b907c1,linux1804-64-shippable-qr,True,False,,|c|o|l|d| |f|i|s|s|i|o|n| |i|n|t|e|r|a|c|t|i|v|e| |w|e|b|r|e|n|d|e|r|,102210fe594ee9b33d82058545b1ed14f4c8206e,fcp,reddit-billgates-post-1.billg,True,reddit-billgates-post-1.billg fcp opt cold fission webrender,,77,ms,firefox,,1729430552,2023-07-21 02:12:29,1275913,,,,,,,,,,,,,,,,,,,,,,,,,,,,,,,,,,,,,,,,,,,,,,,,,TN
448,a2fe9197bad582dee22ed11cd3cec32073abcbb1,0.14967411545623843,autoland,4060709,13,fd0dfc9511c4c123e048823de9954312c2b907c1,linux1804-64-shippable-qr,True,False,,|c|o|l|d| |f|i|s|s|i|o|n| |i|n|t|e|r|a|c|t|i|v|e| |w|e|b|r|e|n|d|e|r|,102210fe594ee9b33d82058545b1ed14f4c8206e,fcp,reddit-billgates-post-1.billg,True,reddit-billgates-post-1.billg fcp opt cold fission webrender,,77,ms,firefox,,1729592989,2023-07-21 09:50:03,1276015,,,,,,,,,,,,,,,,,,,,,,,,,,,,,,,,,,,,,,,,,,,,,,,,,TN
449,9df47ce85e0472ca3ad7784cdf4c5640950ed7d9,0.16154562383612658,autoland,4060709,13,fd0dfc9511c4c123e048823de9954312c2b907c1,linux1804-64-shippable-qr,True,False,,|c|o|l|d| |f|i|s|s|i|o|n| |i|n|t|e|r|a|c|t|i|v|e| |w|e|b|r|e|n|d|e|r|,102210fe594ee9b33d82058545b1ed14f4c8206e,fcp,reddit-billgates-post-1.billg,True,reddit-billgates-post-1.billg fcp opt cold fission webrender,,77,ms,firefox,,1729670070,2023-07-21 13:55:08,1276152,,,,,,,,,,,,,,,,,,,,,,,,,,,,,,,,,,,,,,,,,,,,,,,,,TN
450,b545926f1ae26978c1d882b547b81c46cc2d13b1,0.15060521415270012,autoland,4060709,13,fd0dfc9511c4c123e048823de9954312c2b907c1,linux1804-64-shippable-qr,True,False,,|c|o|l|d| |f|i|s|s|i|o|n| |i|n|t|e|r|a|c|t|i|v|e| |w|e|b|r|e|n|d|e|r|,102210fe594ee9b33d82058545b1ed14f4c8206e,fcp,reddit-billgates-post-1.billg,True,reddit-billgates-post-1.billg fcp opt cold fission webrender,,77,ms,firefox,,1729973000,2023-07-21 14:57:13,1276194,,,,,,,,,,,,,,,,,,,,,,,,,,,,,,,,,,,,,,,,,,,,,,,,,TN
451,9fb23e77a86d962610c8be2392b3d05732b94847,0.1410614525139665,autoland,4060709,13,fd0dfc9511c4c123e048823de9954312c2b907c1,linux1804-64-shippable-qr,True,False,,|c|o|l|d| |f|i|s|s|i|o|n| |i|n|t|e|r|a|c|t|i|v|e| |w|e|b|r|e|n|d|e|r|,102210fe594ee9b33d82058545b1ed14f4c8206e,fcp,reddit-billgates-post-1.billg,True,reddit-billgates-post-1.billg fcp opt cold fission webrender,,77,ms,firefox,,1729965742,2023-07-21 15:37:35,1276218,,,,,,,,,,,,,,,,,,,,,,,,,,,,,,,,,,,,,,,,,,,,,,,,,TN
452,e289c1fd943bfc8c2973687da74a008f86d9e60f,0.1636405959031657,autoland,4060709,13,fd0dfc9511c4c123e048823de9954312c2b907c1,linux1804-64-shippable-qr,True,False,,|c|o|l|d| |f|i|s|s|i|o|n| |i|n|t|e|r|a|c|t|i|v|e| |w|e|b|r|e|n|d|e|r|,102210fe594ee9b33d82058545b1ed14f4c8206e,fcp,reddit-billgates-post-1.billg,True,reddit-billgates-post-1.billg fcp opt cold fission webrender,,77,ms,firefox,,1729753056,2023-07-21 17:11:12,1276290,,,,,,,,,,,,,,,,,,,,,,,,,,,,,,,,,,,,,,,,,,,,,,,,,TN
453,f13e959d38c7e8d9590bbc8d44f95149bbe180d1,0.1550279329608938,autoland,4060709,13,fd0dfc9511c4c123e048823de9954312c2b907c1,linux1804-64-shippable-qr,True,False,,|c|o|l|d| |f|i|s|s|i|o|n| |i|n|t|e|r|a|c|t|i|v|e| |w|e|b|r|e|n|d|e|r|,102210fe594ee9b33d82058545b1ed14f4c8206e,fcp,reddit-billgates-post-1.billg,True,reddit-billgates-post-1.billg fcp opt cold fission webrender,,77,ms,firefox,,1729868766,2023-07-21 21:17:12,1276495,,,,,,,,,,,,,,,,,,,,,,,,,,,,,,,,,,,,,,,,,,,,,,,,,TN
454,50344759578b6b2e1851c6a6133121c4d89b4f0d,0.284683426443203,autoland,4060709,13,fd0dfc9511c4c123e048823de9954312c2b907c1,linux1804-64-shippable-qr,True,False,,|c|o|l|d| |f|i|s|s|i|o|n| |i|n|t|e|r|a|c|t|i|v|e| |w|e|b|r|e|n|d|e|r|,102210fe594ee9b33d82058545b1ed14f4c8206e,fcp,reddit-billgates-post-1.billg,True,reddit-billgates-post-1.billg fcp opt cold fission webrender,,77,ms,firefox,,1729889907,2023-07-21 22:20:56,1276531,,,,,,,,,,,,,,,,,,,,,,,,,,,,,,,,,,,,,,,,,,,,,,,,,TN
455,e4939251f81ca8c6a2fb9db3bbd4416e04dff97d,0.15572625698324027,autoland,4060709,13,fd0dfc9511c4c123e048823de9954312c2b907c1,linux1804-64-shippable-qr,True,False,,|c|o|l|d| |f|i|s|s|i|o|n| |i|n|t|e|r|a|c|t|i|v|e| |w|e|b|r|e|n|d|e|r|,102210fe594ee9b33d82058545b1ed14f4c8206e,fcp,reddit-billgates-post-1.billg,True,reddit-billgates-post-1.billg fcp opt cold fission webrender,,77,ms,firefox,,1729946229,2023-07-22 03:42:46,1276588,,,,,,,,,,,,,,,,,,,,,,,,,,,,,,,,,,,,,,,,,,,,,,,,,TN
456,c95ec2e13d66e06547002bd008e87bea4f94c022,0.159683426443203,autoland,4060709,13,fd0dfc9511c4c123e048823de9954312c2b907c1,linux1804-64-shippable-qr,True,False,,|c|o|l|d| |f|i|s|s|i|o|n| |i|n|t|e|r|a|c|t|i|v|e| |w|e|b|r|e|n|d|e|r|,102210fe594ee9b33d82058545b1ed14f4c8206e,fcp,reddit-billgates-post-1.billg,True,reddit-billgates-post-1.billg fcp opt cold fission webrender,,77,ms,firefox,,1730010097,2023-07-22 08:58:42,1276620,,,,,,,,,,,,,,,,,,,,,,,,,,,,,,,,,,,,,,,,,,,,,,,,,TN
457,b16351df250c572a14efa126f7702fe104ac9fd7,0.17551210428305397,autoland,4060709,13,fd0dfc9511c4c123e048823de9954312c2b907c1,linux1804-64-shippable-qr,True,False,,|c|o|l|d| |f|i|s|s|i|o|n| |i|n|t|e|r|a|c|t|i|v|e| |w|e|b|r|e|n|d|e|r|,102210fe594ee9b33d82058545b1ed14f4c8206e,fcp,reddit-billgates-post-1.billg,True,reddit-billgates-post-1.billg fcp opt cold fission webrender,,77,ms,firefox,,1730097773,2023-07-22 14:13:52,1276645,,,,,,,,,,,,,,,,,,,,,,,,,,,,,,,,,,,,,,,,,,,,,,,,,TN
458,829bb0f62051beedfe5ba05f679d3b6c8e0d1a3b,0.14920856610800748,autoland,4060709,13,fd0dfc9511c4c123e048823de9954312c2b907c1,linux1804-64-shippable-qr,True,False,,|c|o|l|d| |f|i|s|s|i|o|n| |i|n|t|e|r|a|c|t|i|v|e| |w|e|b|r|e|n|d|e|r|,102210fe594ee9b33d82058545b1ed14f4c8206e,fcp,reddit-billgates-post-1.billg,True,reddit-billgates-post-1.billg fcp opt cold fission webrender,,77,ms,firefox,,1730209837,2023-07-23 02:59:53,1276677,,,,,,,,,,,,,,,,,,,,,,,,,,,,,,,,,,,,,,,,,,,,,,,,,TN
459,bd6c5007212e7ee9ecc312d4ef096252a9702033,0.17504655493482302,autoland,4060709,13,fd0dfc9511c4c123e048823de9954312c2b907c1,linux1804-64-shippable-qr,True,False,,|c|o|l|d| |f|i|s|s|i|o|n| |i|n|t|e|r|a|c|t|i|v|e| |w|e|b|r|e|n|d|e|r|,102210fe594ee9b33d82058545b1ed14f4c8206e,fcp,reddit-billgates-post-1.billg,True,reddit-billgates-post-1.billg fcp opt cold fission webrender,,77,ms,firefox,,1730270700,2023-07-23 12:16:45,1276689,,,,,,,,,,,,,,,,,,,,,,,,,,,,,,,,,,,,,,,,,,,,,,,,,TN
460,2fd3284df4616a8723f5b749c4652a682c7b5372,0.17062383612662946,autoland,4060709,13,fd0dfc9511c4c123e048823de9954312c2b907c1,linux1804-64-shippable-qr,True,False,,|c|o|l|d| |f|i|s|s|i|o|n| |i|n|t|e|r|a|c|t|i|v|e| |w|e|b|r|e|n|d|e|r|,102210fe594ee9b33d82058545b1ed14f4c8206e,fcp,reddit-billgates-post-1.billg,True,reddit-billgates-post-1.billg fcp opt cold fission webrender,,77,ms,firefox,,1730322228,2023-07-23 17:37:04,1276726,,,,,,,,,,,,,,,,,,,,,,,,,,,,,,,,,,,,,,,,,,,,,,,,,TN
461,7e5acc812edd3bcb93cfaf76eaab2c3fd6c4d274,0.15735567970204845,autoland,4060709,13,fd0dfc9511c4c123e048823de9954312c2b907c1,linux1804-64-shippable-qr,True,False,,|c|o|l|d| |f|i|s|s|i|o|n| |i|n|t|e|r|a|c|t|i|v|e| |w|e|b|r|e|n|d|e|r|,102210fe594ee9b33d82058545b1ed14f4c8206e,fcp,reddit-billgates-post-1.billg,True,reddit-billgates-post-1.billg fcp opt cold fission webrender,,77,ms,firefox,,1730403888,2023-07-24 00:19:00,1276767,,,,,,,,,,,,,,,,,,,,,,,,,,,,,,,,,,,,,,,,,,,,,,,,,TN
462,7b6332c9bce4487c1db3384523b5991fef31e28c,0.16713221601489758,autoland,4060709,13,fd0dfc9511c4c123e048823de9954312c2b907c1,linux1804-64-shippable-qr,True,False,,|c|o|l|d| |f|i|s|s|i|o|n| |i|n|t|e|r|a|c|t|i|v|e| |w|e|b|r|e|n|d|e|r|,102210fe594ee9b33d82058545b1ed14f4c8206e,fcp,reddit-billgates-post-1.billg,True,reddit-billgates-post-1.billg fcp opt cold fission webrender,,77,ms,firefox,,1730430275,2023-07-24 03:08:06,1276802,,,,,,,,,,,,,,,,,,,,,,,,,,,,,,,,,,,,,,,,,,,,,,,,,TN
463,91b590f6e608c6c3787304fa0010ce58519bde50,0.15805400372439482,autoland,4060709,13,fd0dfc9511c4c123e048823de9954312c2b907c1,linux1804-64-shippable-qr,True,False,,|c|o|l|d| |f|i|s|s|i|o|n| |i|n|t|e|r|a|c|t|i|v|e| |w|e|b|r|e|n|d|e|r|,102210fe594ee9b33d82058545b1ed14f4c8206e,fcp,reddit-billgates-post-1.billg,True,reddit-billgates-post-1.billg fcp opt cold fission webrender,,77,ms,firefox,,1730477483,2023-07-24 07:35:58,1276834,,,,,,,,,,,,,,,,,,,,,,,,,,,,,,,,,,,,,,,,,,,,,,,,,TN
464,b1a1263e67ce531d13e0a5e2e77c737b114e38b0,0.13663873370577273,autoland,4060709,13,fd0dfc9511c4c123e048823de9954312c2b907c1,linux1804-64-shippable-qr,True,False,,|c|o|l|d| |f|i|s|s|i|o|n| |i|n|t|e|r|a|c|t|i|v|e| |w|e|b|r|e|n|d|e|r|,102210fe594ee9b33d82058545b1ed14f4c8206e,fcp,reddit-billgates-post-1.billg,True,reddit-billgates-post-1.billg fcp opt cold fission webrender,,77,ms,firefox,,1730720804,2023-07-24 11:14:54,1276910,,,,,,,,,,,,,,,,,,,,,,,,,,,,,,,,,,,,,,,,,,,,,,,,,TN
465,23577cb64636c92dfc2f0a73ececd631f05b3414,0.1813314711359404,autoland,4060709,13,fd0dfc9511c4c123e048823de9954312c2b907c1,linux1804-64-shippable-qr,True,False,,|c|o|l|d| |f|i|s|s|i|o|n| |i|n|t|e|r|a|c|t|i|v|e| |w|e|b|r|e|n|d|e|r|,102210fe594ee9b33d82058545b1ed14f4c8206e,fcp,reddit-billgates-post-1.billg,True,reddit-billgates-post-1.billg fcp opt cold fission webrender,,77,ms,firefox,,1731048224,2023-07-24 12:11:00,1276938,,,,,,,,,,,,,,,,,,,,,,,,,,,,,,,,,,,,,,,,,,,,,,,,,TN
466,8f3d9e59939f99a34bb59db9bca3680462fbc7e9,0.1352420856610801,autoland,4060709,13,fd0dfc9511c4c123e048823de9954312c2b907c1,linux1804-64-shippable-qr,True,False,,|c|o|l|d| |f|i|s|s|i|o|n| |i|n|t|e|r|a|c|t|i|v|e| |w|e|b|r|e|n|d|e|r|,102210fe594ee9b33d82058545b1ed14f4c8206e,fcp,reddit-billgates-post-1.billg,True,reddit-billgates-post-1.billg fcp opt cold fission webrender,,77,ms,firefox,,1731003030,2023-07-24 12:15:49,1276939,,,,,,,,,,,,,,,,,,,,,,,,,,,,,,,,,,,,,,,,,,,,,,,,,TN
467,fcb2279fe7287100ede1a2fdd72043fbb1787a74,0.15479515828677837,autoland,4060709,13,fd0dfc9511c4c123e048823de9954312c2b907c1,linux1804-64-shippable-qr,True,False,,|c|o|l|d| |f|i|s|s|i|o|n| |i|n|t|e|r|a|c|t|i|v|e| |w|e|b|r|e|n|d|e|r|,102210fe594ee9b33d82058545b1ed14f4c8206e,fcp,reddit-billgates-post-1.billg,True,reddit-billgates-post-1.billg fcp opt cold fission webrender,,77,ms,firefox,,1731009340,2023-07-24 14:37:08,1277022,,,,,,,,,,,,,,,,,,,,,,,,,,,,,,,,,,,,,,,,,,,,,,,,,TN
468,2ec32cd8e72a81b580f53114dd636edb8b3ff177,0.14804469273743015,autoland,4060709,13,fd0dfc9511c4c123e048823de9954312c2b907c1,linux1804-64-shippable-qr,True,False,,|c|o|l|d| |f|i|s|s|i|o|n| |i|n|t|e|r|a|c|t|i|v|e| |w|e|b|r|e|n|d|e|r|,102210fe594ee9b33d82058545b1ed14f4c8206e,fcp,reddit-billgates-post-1.billg,True,reddit-billgates-post-1.billg fcp opt cold fission webrender,,77,ms,firefox,,1731011643,2023-07-24 14:56:47,1277037,,,,,,,,,,,,,,,,,,,,,,,,,,,,,,,,,,,,,,,,,,,,,,,,,TN
469,2483fdffbe5e3c051a32bcf141fb33e9803c0afc,0.15642458100558654,autoland,4060709,13,fd0dfc9511c4c123e048823de9954312c2b907c1,linux1804-64-shippable-qr,True,False,,|c|o|l|d| |f|i|s|s|i|o|n| |i|n|t|e|r|a|c|t|i|v|e| |w|e|b|r|e|n|d|e|r|,102210fe594ee9b33d82058545b1ed14f4c8206e,fcp,reddit-billgates-post-1.billg,True,reddit-billgates-post-1.billg fcp opt cold fission webrender,,77,ms,firefox,,1730764907,2023-07-24 16:02:50,1277068,,,,,,,,,,,,,,,,,,,,,,,,,,,,,,,,,,,,,,,,,,,,,,,,,TN
470,f9c12557d7a4e074be3fc45027ae8ffbb8f27aaf,0.15851955307262566,autoland,4060709,13,fd0dfc9511c4c123e048823de9954312c2b907c1,linux1804-64-shippable-qr,True,False,,|c|o|l|d| |f|i|s|s|i|o|n| |i|n|t|e|r|a|c|t|i|v|e| |w|e|b|r|e|n|d|e|r|,102210fe594ee9b33d82058545b1ed14f4c8206e,fcp,reddit-billgates-post-1.billg,True,reddit-billgates-post-1.billg fcp opt cold fission webrender,,77,ms,firefox,,1730863648,2023-07-24 19:16:11,1277230,,,,,,,,,,,,,,,,,,,,,,,,,,,,,,,,,,,,,,,,,,,,,,,,,TN
471,bd745245ac70d82630be9e971b5a9077b5f514e8,0.14688081936685282,autoland,4060709,13,fd0dfc9511c4c123e048823de9954312c2b907c1,linux1804-64-shippable-qr,True,False,,|c|o|l|d| |f|i|s|s|i|o|n| |i|n|t|e|r|a|c|t|i|v|e| |w|e|b|r|e|n|d|e|r|,102210fe594ee9b33d82058545b1ed14f4c8206e,fcp,reddit-billgates-post-1.billg,True,reddit-billgates-post-1.billg fcp opt cold fission webrender,,77,ms,firefox,,1730957665,2023-07-24 23:43:54,1277393,,,,,,,,,,,,,,,,,,,,,,,,,,,,,,,,,,,,,,,,,,,,,,,,,TN
472,1084bcb2a2550fee8fad1f0be69e603b6c8d67bd,0.16945996275605213,autoland,4060709,13,fd0dfc9511c4c123e048823de9954312c2b907c1,linux1804-64-shippable-qr,True,False,,|c|o|l|d| |f|i|s|s|i|o|n| |i|n|t|e|r|a|c|t|i|v|e| |w|e|b|r|e|n|d|e|r|,102210fe594ee9b33d82058545b1ed14f4c8206e,fcp,reddit-billgates-post-1.billg,True,reddit-billgates-post-1.billg fcp opt cold fission webrender,,77,ms,firefox,,1730970067,2023-07-25 00:28:34,1277414,,,,,,,,,,,,,,,,,,,,,,,,,,,,,,,,,,,,,,,,,,,,,,,,,TN
473,862d1cf3d7a17e3dde9bda49c5561ec902bb8136,0.13268156424581,autoland,4060709,13,fd0dfc9511c4c123e048823de9954312c2b907c1,linux1804-64-shippable-qr,True,False,,|c|o|l|d| |f|i|s|s|i|o|n| |i|n|t|e|r|a|c|t|i|v|e| |w|e|b|r|e|n|d|e|r|,102210fe594ee9b33d82058545b1ed14f4c8206e,fcp,reddit-billgates-post-1.billg,True,reddit-billgates-post-1.billg fcp opt cold fission webrender,,77,ms,firefox,,1731024675,2023-07-25 04:47:38,1277485,,,,,,,,,,,,,,,,,,,,,,,,,,,,,,,,,,,,,,,,,,,,,,,,,TN
474,45a52966f9649f4dc9b8bbb6a8e68cdcc63ee287,0.15549348230912474,autoland,4060709,13,fd0dfc9511c4c123e048823de9954312c2b907c1,linux1804-64-shippable-qr,True,False,,|c|o|l|d| |f|i|s|s|i|o|n| |i|n|t|e|r|a|c|t|i|v|e| |w|e|b|r|e|n|d|e|r|,102210fe594ee9b33d82058545b1ed14f4c8206e,fcp,reddit-billgates-post-1.billg,True,reddit-billgates-post-1.billg fcp opt cold fission webrender,,77,ms,firefox,,1731141161,2023-07-25 10:29:47,1277576,,,,,,,,,,,,,,,,,,,,,,,,,,,,,,,,,,,,,,,,,,,,,,,,,TN
475,1ae7562fa2353aa63871f769d4e0a1cdd9becf78,0.1559590316573557,autoland,4060709,13,fd0dfc9511c4c123e048823de9954312c2b907c1,linux1804-64-shippable-qr,True,False,,|c|o|l|d| |f|i|s|s|i|o|n| |i|n|t|e|r|a|c|t|i|v|e| |w|e|b|r|e|n|d|e|r|,102210fe594ee9b33d82058545b1ed14f4c8206e,fcp,reddit-billgates-post-1.billg,True,reddit-billgates-post-1.billg fcp opt cold fission webrender,,77,ms,firefox,,1731248394,2023-07-25 14:49:04,1277682,,,,,,,,,,,,,,,,,,,,,,,,,,,,,,,,,,,,,,,,,,,,,,,,,TN
476,c30662ce80ba57a0977cdeb03e776a28af4fa2fb,0.10079143389199258,autoland,4060709,13,fd0dfc9511c4c123e048823de9954312c2b907c1,linux1804-64-shippable-qr,True,False,,|c|o|l|d| |f|i|s|s|i|o|n| |i|n|t|e|r|a|c|t|i|v|e| |w|e|b|r|e|n|d|e|r|,102210fe594ee9b33d82058545b1ed14f4c8206e,fcp,reddit-billgates-post-1.billg,True,reddit-billgates-post-1.billg fcp opt cold fission webrender,,77,ms,firefox,,1731233876,2023-07-25 15:17:56,1277708,,,,,,,,,,,,,,,,,,,,,,,,,,,,,,,,,,,,,,,,,,,,,,,,,TN
477,9a2f59dbe5917068801919377341eb7c1ea2030d,0.15898510242085662,autoland,4060709,13,fd0dfc9511c4c123e048823de9954312c2b907c1,linux1804-64-shippable-qr,True,False,,|c|o|l|d| |f|i|s|s|i|o|n| |i|n|t|e|r|a|c|t|i|v|e| |w|e|b|r|e|n|d|e|r|,102210fe594ee9b33d82058545b1ed14f4c8206e,fcp,reddit-billgates-post-1.billg,True,reddit-billgates-post-1.billg fcp opt cold fission webrender,,77,ms,firefox,,1731429891,2023-07-25 23:05:26,1278011,,,,,,,,,,,,,,,,,,,,,,,,,,,,,,,,,,,,,,,,,,,,,,,,,TN
478,6a9aca2a1b89781175cdec2df700998fa9209282,0.2094972067039106,autoland,4060709,13,fd0dfc9511c4c123e048823de9954312c2b907c1,linux1804-64-shippable-qr,True,False,,|c|o|l|d| |f|i|s|s|i|o|n| |i|n|t|e|r|a|c|t|i|v|e| |w|e|b|r|e|n|d|e|r|,102210fe594ee9b33d82058545b1ed14f4c8206e,fcp,reddit-billgates-post-1.billg,True,reddit-billgates-post-1.billg fcp opt cold fission webrender,,77,ms,firefox,,1731479523,2023-07-26 02:26:30,1278087,,,,,,,,,,,,,,,,,,,,,,,,,,,,,,,,,,,,,,,,,,,,,,,,,TN
479,8470bc21f160f3c1fecb034308c203412e1fcb3c,0.20437616387337054,autoland,4060709,13,fd0dfc9511c4c123e048823de9954312c2b907c1,linux1804-64-shippable-qr,True,False,,|c|o|l|d| |f|i|s|s|i|o|n| |i|n|t|e|r|a|c|t|i|v|e| |w|e|b|r|e|n|d|e|r|,102210fe594ee9b33d82058545b1ed14f4c8206e,fcp,reddit-billgates-post-1.billg,True,reddit-billgates-post-1.billg fcp opt cold fission webrender,,77,ms,firefox,,1731533890,2023-07-26 06:49:07,1278154,,,,,,,,,,,,,,,,,,,,,,,,,,,,,,,,,,,,,,,,,,,,,,,,,TN
480,87846ae3f12d74bcc97619bea65453ce0aca0e54,0.1766759776536313,autoland,4060709,13,fd0dfc9511c4c123e048823de9954312c2b907c1,linux1804-64-shippable-qr,True,False,,|c|o|l|d| |f|i|s|s|i|o|n| |i|n|t|e|r|a|c|t|i|v|e| |w|e|b|r|e|n|d|e|r|,102210fe594ee9b33d82058545b1ed14f4c8206e,fcp,reddit-billgates-post-1.billg,True,reddit-billgates-post-1.billg fcp opt cold fission webrender,,77,ms,firefox,,1731580030,2023-07-26 09:35:06,1278218,,,,,,,,,,,,,,,,,,,,,,,,,,,,,,,,,,,,,,,,,,,,,,,,,TN
481,b65b154c05c37b796b5c0ef7cc01fd37ecfdea1c,0.17504655493482302,autoland,4060709,13,fd0dfc9511c4c123e048823de9954312c2b907c1,linux1804-64-shippable-qr,True,False,,|c|o|l|d| |f|i|s|s|i|o|n| |i|n|t|e|r|a|c|t|i|v|e| |w|e|b|r|e|n|d|e|r|,102210fe594ee9b33d82058545b1ed14f4c8206e,fcp,reddit-billgates-post-1.billg,True,reddit-billgates-post-1.billg fcp opt cold fission webrender,,77,ms,firefox,,1731734982,2023-07-26 15:38:17,1278401,,,,,,,,,,,,,,,,,,,,,,,,,,,,,,,,,,,,,,,,,,,,,,,,,TN
482,84a5d1af6f7ff3689a022412a1fbc2c6632a5f96,0.16666666666666663,autoland,4060709,13,fd0dfc9511c4c123e048823de9954312c2b907c1,linux1804-64-shippable-qr,True,False,,|c|o|l|d| |f|i|s|s|i|o|n| |i|n|t|e|r|a|c|t|i|v|e| |w|e|b|r|e|n|d|e|r|,102210fe594ee9b33d82058545b1ed14f4c8206e,fcp,reddit-billgates-post-1.billg,True,reddit-billgates-post-1.billg fcp opt cold fission webrender,,77,ms,firefox,,1731910403,2023-07-26 23:24:58,1278695,,,,,,,,,,,,,,,,,,,,,,,,,,,,,,,,,,,,,,,,,,,,,,,,,TN
483,3e5ffa17cbfe0cff1585c411714ca008dc6ae15e,0.1927374301675978,autoland,4060709,13,fd0dfc9511c4c123e048823de9954312c2b907c1,linux1804-64-shippable-qr,True,False,,|c|o|l|d| |f|i|s|s|i|o|n| |i|n|t|e|r|a|c|t|i|v|e| |w|e|b|r|e|n|d|e|r|,102210fe594ee9b33d82058545b1ed14f4c8206e,fcp,reddit-billgates-post-1.billg,True,reddit-billgates-post-1.billg fcp opt cold fission webrender,,77,ms,firefox,,1731972278,2023-07-27 01:40:00,1278764,,,,,,,,,,,,,,,,,,,,,,,,,,,,,,,,,,,,,,,,,,,,,,,,,TN
484,49616ee80814eb0968b0e2523383748fdb2c7aad,0.1475791433891993,autoland,4060709,13,fd0dfc9511c4c123e048823de9954312c2b907c1,linux1804-64-shippable-qr,True,False,,|c|o|l|d| |f|i|s|s|i|o|n| |i|n|t|e|r|a|c|t|i|v|e| |w|e|b|r|e|n|d|e|r|,102210fe594ee9b33d82058545b1ed14f4c8206e,fcp,reddit-billgates-post-1.billg,True,reddit-billgates-post-1.billg fcp opt cold fission webrender,,77,ms,firefox,,1732614688,2023-07-27 10:53:12,1278923,,,,,,,,,,,,,,,,,,,,,,,,,,,,,,,,,,,,,,,,,,,,,,,,,TN
485,84800a0d7e6ed9c82449cedd7ba57c2061572292,0.1664338919925512,autoland,4060709,13,fd0dfc9511c4c123e048823de9954312c2b907c1,linux1804-64-shippable-qr,True,False,,|c|o|l|d| |f|i|s|s|i|o|n| |i|n|t|e|r|a|c|t|i|v|e| |w|e|b|r|e|n|d|e|r|,102210fe594ee9b33d82058545b1ed14f4c8206e,fcp,reddit-billgates-post-1.billg,True,reddit-billgates-post-1.billg fcp opt cold fission webrender,,77,ms,firefox,,1732126926,2023-07-27 11:30:20,1278928,,,,,,,,,,,,,,,,,,,,,,,,,,,,,,,,,,,,,,,,,,,,,,,,,TN
486,481bfcb7b2201e1eb04cebbeee74480be11095cc,0.15456238361266295,autoland,4060709,13,fd0dfc9511c4c123e048823de9954312c2b907c1,linux1804-64-shippable-qr,True,False,,|c|o|l|d| |f|i|s|s|i|o|n| |i|n|t|e|r|a|c|t|i|v|e| |w|e|b|r|e|n|d|e|r|,102210fe594ee9b33d82058545b1ed14f4c8206e,fcp,reddit-billgates-post-1.billg,True,reddit-billgates-post-1.billg fcp opt cold fission webrender,,77,ms,firefox,,1732264955,2023-07-27 15:18:37,1279069,,,,,,,,,,,,,,,,,,,,,,,,,,,,,,,,,,,,,,,,,,,,,,,,,TN
487,f50f1984cd54c49748c94ebf3f3709aa4c582ead,0.1682960893854749,autoland,4060709,13,fd0dfc9511c4c123e048823de9954312c2b907c1,linux1804-64-shippable-qr,True,False,,|c|o|l|d| |f|i|s|s|i|o|n| |i|n|t|e|r|a|c|t|i|v|e| |w|e|b|r|e|n|d|e|r|,102210fe594ee9b33d82058545b1ed14f4c8206e,fcp,reddit-billgates-post-1.billg,True,reddit-billgates-post-1.billg fcp opt cold fission webrender,,77,ms,firefox,,1732417705,2023-07-27 19:34:25,1279276,,,,,,,,,,,,,,,,,,,,,,,,,,,,,,,,,,,,,,,,,,,,,,,,,TN
488,0b367e70ac913aeec6308d2b941cff4dc929cd22,0.17411545623836133,autoland,4060709,13,fd0dfc9511c4c123e048823de9954312c2b907c1,linux1804-64-shippable-qr,True,False,,|c|o|l|d| |f|i|s|s|i|o|n| |i|n|t|e|r|a|c|t|i|v|e| |w|e|b|r|e|n|d|e|r|,102210fe594ee9b33d82058545b1ed14f4c8206e,fcp,reddit-billgates-post-1.billg,True,reddit-billgates-post-1.billg fcp opt cold fission webrender,,77,ms,firefox,,1732487275,2023-07-27 23:35:22,1279407,,,,,,,,,,,,,,,,,,,,,,,,,,,,,,,,,,,,,,,,,,,,,,,,,TN
489,36ce680ea81ccb2f123f0f6831596185e6ea4e83,0.17737430167597767,autoland,4060709,13,fd0dfc9511c4c123e048823de9954312c2b907c1,linux1804-64-shippable-qr,True,False,,|c|o|l|d| |f|i|s|s|i|o|n| |i|n|t|e|r|a|c|t|i|v|e| |w|e|b|r|e|n|d|e|r|,102210fe594ee9b33d82058545b1ed14f4c8206e,fcp,reddit-billgates-post-1.billg,True,reddit-billgates-post-1.billg fcp opt cold fission webrender,,77,ms,firefox,,1732522038,2023-07-28 01:05:08,1279448,,,,,,,,,,,,,,,,,,,,,,,,,,,,,,,,,,,,,,,,,,,,,,,,,TN
490,10692fd51184d10f78fb0eb56090f3c55827b561,0.14082867783985098,autoland,4060709,13,fd0dfc9511c4c123e048823de9954312c2b907c1,linux1804-64-shippable-qr,True,False,,|c|o|l|d| |f|i|s|s|i|o|n| |i|n|t|e|r|a|c|t|i|v|e| |w|e|b|r|e|n|d|e|r|,102210fe594ee9b33d82058545b1ed14f4c8206e,fcp,reddit-billgates-post-1.billg,True,reddit-billgates-post-1.billg fcp opt cold fission webrender,,77,ms,firefox,,1732612078,2023-07-28 05:46:55,1279508,,,,,,,,,,,,,,,,,,,,,,,,,,,,,,,,,,,,,,,,,,,,,,,,,TN
491,af33198f4756b96446ab9cb00f77cc6e2b27f314,0.16317504655493476,autoland,4060709,13,fd0dfc9511c4c123e048823de9954312c2b907c1,linux1804-64-shippable-qr,True,False,,|c|o|l|d| |f|i|s|s|i|o|n| |i|n|t|e|r|a|c|t|i|v|e| |w|e|b|r|e|n|d|e|r|,102210fe594ee9b33d82058545b1ed14f4c8206e,fcp,reddit-billgates-post-1.billg,True,reddit-billgates-post-1.billg fcp opt cold fission webrender,,77,ms,firefox,,1732724467,2023-07-28 11:09:37,1279609,,,,,,,,,,,,,,,,,,,,,,,,,,,,,,,,,,,,,,,,,,,,,,,,,TN
492,148b5471e5886061d13d6a4fb357e0791b2afb34,0.14734636871508378,autoland,4060709,13,fd0dfc9511c4c123e048823de9954312c2b907c1,linux1804-64-shippable-qr,True,False,,|c|o|l|d| |f|i|s|s|i|o|n| |i|n|t|e|r|a|c|t|i|v|e| |w|e|b|r|e|n|d|e|r|,102210fe594ee9b33d82058545b1ed14f4c8206e,fcp,reddit-billgates-post-1.billg,True,reddit-billgates-post-1.billg fcp opt cold fission webrender,,77,ms,firefox,,1733032381,2023-07-28 13:57:10,1279692,,,,,,,,,,,,,,,,,,,,,,,,,,,,,,,,,,,,,,,,,,,,,,,,,TN
493,0f04283fe1434b754418b878f1af044b40bfa55d,0.18878026070763498,autoland,4060709,13,fd0dfc9511c4c123e048823de9954312c2b907c1,linux1804-64-shippable-qr,True,False,,|c|o|l|d| |f|i|s|s|i|o|n| |i|n|t|e|r|a|c|t|i|v|e| |w|e|b|r|e|n|d|e|r|,102210fe594ee9b33d82058545b1ed14f4c8206e,fcp,reddit-billgates-post-1.billg,True,reddit-billgates-post-1.billg fcp opt cold fission webrender,,77,ms,firefox,,1733032453,2023-07-28 14:25:46,1279708,,,,,,,,,,,,,,,,,,,,,,,,,,,,,,,,,,,,,,,,,,,,,,,,,TN
494,08098e30932d89da82f6e452fff88fee938088d7,0.17504655493482302,autoland,4060709,13,fd0dfc9511c4c123e048823de9954312c2b907c1,linux1804-64-shippable-qr,True,False,,|c|o|l|d| |f|i|s|s|i|o|n| |i|n|t|e|r|a|c|t|i|v|e| |w|e|b|r|e|n|d|e|r|,102210fe594ee9b33d82058545b1ed14f4c8206e,fcp,reddit-billgates-post-1.billg,True,reddit-billgates-post-1.billg fcp opt cold fission webrender,,77,ms,firefox,,1732810424,2023-07-28 14:46:21,1279720,,,,,,,,,,,,,,,,,,,,,,,,,,,,,,,,,,,,,,,,,,,,,,,,,TN
495,2f51f44f5da6afbdb8a587b03f47fcdc7b672475,0.16992551210428308,autoland,4060709,13,fd0dfc9511c4c123e048823de9954312c2b907c1,linux1804-64-shippable-qr,True,False,,|c|o|l|d| |f|i|s|s|i|o|n| |i|n|t|e|r|a|c|t|i|v|e| |w|e|b|r|e|n|d|e|r|,102210fe594ee9b33d82058545b1ed14f4c8206e,fcp,reddit-billgates-post-1.billg,True,reddit-billgates-post-1.billg fcp opt cold fission webrender,,77,ms,firefox,,1732933879,2023-07-28 18:48:27,1279862,,,,,,,,,,,,,,,,,,,,,,,,,,,,,,,,,,,,,,,,,,,,,,,,,TN
496,95255b6bb2d51d6c10d6a3471da82aeaf7512c0f,0.15898510242085662,autoland,4060709,13,fd0dfc9511c4c123e048823de9954312c2b907c1,linux1804-64-shippable-qr,True,False,,|c|o|l|d| |f|i|s|s|i|o|n| |i|n|t|e|r|a|c|t|i|v|e| |w|e|b|r|e|n|d|e|r|,102210fe594ee9b33d82058545b1ed14f4c8206e,fcp,reddit-billgates-post-1.billg,True,reddit-billgates-post-1.billg fcp opt cold fission webrender,,77,ms,firefox,,1732997306,2023-07-28 22:56:39,1279985,,,,,,,,,,,,,,,,,,,,,,,,,,,,,,,,,,,,,,,,,,,,,,,,,TN
497,1c410aed156878dc739ffdb4343c315fb0bb0a00,0.17411545623836133,autoland,4060709,13,fd0dfc9511c4c123e048823de9954312c2b907c1,linux1804-64-shippable-qr,True,False,,|c|o|l|d| |f|i|s|s|i|o|n| |i|n|t|e|r|a|c|t|i|v|e| |w|e|b|r|e|n|d|e|r|,102210fe594ee9b33d82058545b1ed14f4c8206e,fcp,reddit-billgates-post-1.billg,True,reddit-billgates-post-1.billg fcp opt cold fission webrender,,77,ms,firefox,,1733045017,2023-07-29 03:44:49,1280031,,,,,,,,,,,,,,,,,,,,,,,,,,,,,,,,,,,,,,,,,,,,,,,,,TN
498,5f1e1cd609f68ff20fbea6b02e5a3444f7dd303d,0.10986964618249528,autoland,4060709,13,fd0dfc9511c4c123e048823de9954312c2b907c1,linux1804-64-shippable-qr,True,False,,|c|o|l|d| |f|i|s|s|i|o|n| |i|n|t|e|r|a|c|t|i|v|e| |w|e|b|r|e|n|d|e|r|,102210fe594ee9b33d82058545b1ed14f4c8206e,fcp,reddit-billgates-post-1.billg,True,reddit-billgates-post-1.billg fcp opt cold fission webrender,,77,ms,firefox,,1733097976,2023-07-29 09:43:33,1280059,,,,,,,,,,,,,,,,,,,,,,,,,,,,,,,,,,,,,,,,,,,,,,,,,TN
499,9a9597eb50561ea739c8a26da45dcbad6557a326,0.14781191806331473,autoland,4060709,13,fd0dfc9511c4c123e048823de9954312c2b907c1,linux1804-64-shippable-qr,True,False,,|c|o|l|d| |f|i|s|s|i|o|n| |i|n|t|e|r|a|c|t|i|v|e| |w|e|b|r|e|n|d|e|r|,102210fe594ee9b33d82058545b1ed14f4c8206e,fcp,reddit-billgates-post-1.billg,True,reddit-billgates-post-1.billg fcp opt cold fission webrender,,77,ms,firefox,,1733188486,2023-07-30 01:23:54,1280105,,,,,,,,,,,,,,,,,,,,,,,,,,,,,,,,,,,,,,,,,,,,,,,,,TN
500,ce5b2b0d4bc01294b78eeb50a7738e0b5755b3a4,0.16480446927374304,autoland,4060709,13,fd0dfc9511c4c123e048823de9954312c2b907c1,linux1804-64-shippable-qr,True,False,,|c|o|l|d| |f|i|s|s|i|o|n| |i|n|t|e|r|a|c|t|i|v|e| |w|e|b|r|e|n|d|e|r|,102210fe594ee9b33d82058545b1ed14f4c8206e,fcp,reddit-billgates-post-1.billg,True,reddit-billgates-post-1.billg fcp opt cold fission webrender,,77,ms,firefox,,1733274109,2023-07-30 13:52:06,1280125,,,,,,,,,,,,,,,,,,,,,,,,,,,,,,,,,,,,,,,,,,,,,,,,,TN
501,91dd0dbb8e738b29e6f14bdbaaf28f2b1f531b2b,0.1457169459962756,autoland,4060709,13,fd0dfc9511c4c123e048823de9954312c2b907c1,linux1804-64-shippable-qr,True,False,,|c|o|l|d| |f|i|s|s|i|o|n| |i|n|t|e|r|a|c|t|i|v|e| |w|e|b|r|e|n|d|e|r|,102210fe594ee9b33d82058545b1ed14f4c8206e,fcp,reddit-billgates-post-1.billg,True,reddit-billgates-post-1.billg fcp opt cold fission webrender,,77,ms,firefox,,1733340540,2023-07-31 04:52:45,1280185,,,,,,,,,,,,,,,,,,,,,,,,,,,,,,,,,,,,,,,,,,,,,,,,,TN
502,2b4f8ad0cecd1e9ce287bf572fd28b8b94d91717,0.17923649906890127,autoland,4060709,13,fd0dfc9511c4c123e048823de9954312c2b907c1,linux1804-64-shippable-qr,True,False,,|c|o|l|d| |f|i|s|s|i|o|n| |i|n|t|e|r|a|c|t|i|v|e| |w|e|b|r|e|n|d|e|r|,102210fe594ee9b33d82058545b1ed14f4c8206e,fcp,reddit-billgates-post-1.billg,True,reddit-billgates-post-1.billg fcp opt cold fission webrender,,77,ms,firefox,,1733392907,2023-07-31 09:26:34,1280244,,,,,,,,,,,,,,,,,,,,,,,,,,,,,,,,,,,,,,,,,,,,,,,,,TN
503,805b1cd5321098059e548eed4aa9db6f43cd833e,0.13966480446927376,autoland,4060709,13,fd0dfc9511c4c123e048823de9954312c2b907c1,linux1804-64-shippable-qr,True,False,,|c|o|l|d| |f|i|s|s|i|o|n| |i|n|t|e|r|a|c|t|i|v|e| |w|e|b|r|e|n|d|e|r|,102210fe594ee9b33d82058545b1ed14f4c8206e,fcp,reddit-billgates-post-1.billg,True,reddit-billgates-post-1.billg fcp opt cold fission webrender,,77,ms,firefox,,1733448263,2023-07-31 10:39:42,1280276,,,,,,,,,,,,,,,,,,,,,,,,,,,,,,,,,,,,,,,,,,,,,,,,,TN
504,7cad7000bc1c51f14ca241ac2aa08ac299612b8c,0.16433891992551208,autoland,4060709,13,fd0dfc9511c4c123e048823de9954312c2b907c1,linux1804-64-shippable-qr,True,False,,|c|o|l|d| |f|i|s|s|i|o|n| |i|n|t|e|r|a|c|t|i|v|e| |w|e|b|r|e|n|d|e|r|,102210fe594ee9b33d82058545b1ed14f4c8206e,fcp,reddit-billgates-post-1.billg,True,reddit-billgates-post-1.billg fcp opt cold fission webrender,,77,ms,firefox,,1733645357,2023-07-31 14:45:15,1280380,,,,,,,,,,,,,,,,,,,,,,,,,,,,,,,,,,,,,,,,,,,,,,,,,TN
505,9e236040dbebcbd0457b0eeedbe2f9c748222f7e,0.18482309124767227,autoland,4060709,13,fd0dfc9511c4c123e048823de9954312c2b907c1,linux1804-64-shippable-qr,True,False,,|c|o|l|d| |f|i|s|s|i|o|n| |i|n|t|e|r|a|c|t|i|v|e| |w|e|b|r|e|n|d|e|r|,102210fe594ee9b33d82058545b1ed14f4c8206e,fcp,reddit-billgates-post-1.billg,True,reddit-billgates-post-1.billg fcp opt cold fission webrender,,77,ms,firefox,,1733939927,2023-07-31 14:55:33,1280390,,,,,,,,,,,,,,,,,,,,,,,,,,,,,,,,,,,,,,,,,,,,,,,,,TN
506,546ff8a87052dd519d6886aaf27a95450b6e4444,0.18365921787709494,autoland,4060709,13,fd0dfc9511c4c123e048823de9954312c2b907c1,linux1804-64-shippable-qr,True,False,,|c|o|l|d| |f|i|s|s|i|o|n| |i|n|t|e|r|a|c|t|i|v|e| |w|e|b|r|e|n|d|e|r|,102210fe594ee9b33d82058545b1ed14f4c8206e,fcp,reddit-billgates-post-1.billg,True,reddit-billgates-post-1.billg fcp opt cold fission webrender,,77,ms,firefox,,1733930175,2023-07-31 15:11:07,1280402,,,,,,,,,,,,,,,,,,,,,,,,,,,,,,,,,,,,,,,,,,,,,,,,,TN
507,0a238650aa096b0da883226d02d11fc5178541f3,0.18668528864059586,autoland,4060709,13,fd0dfc9511c4c123e048823de9954312c2b907c1,linux1804-64-shippable-qr,True,False,,|c|o|l|d| |f|i|s|s|i|o|n| |i|n|t|e|r|a|c|t|i|v|e| |w|e|b|r|e|n|d|e|r|,102210fe594ee9b33d82058545b1ed14f4c8206e,fcp,reddit-billgates-post-1.billg,True,reddit-billgates-post-1.billg fcp opt cold fission webrender,,77,ms,firefox,,1733624485,2023-07-31 16:08:26,1280438,,,,,,,,,,,,,,,,,,,,,,,,,,,,,,,,,,,,,,,,,,,,,,,,,TN
508,2d698aca1dece26df297dd085dbde9216e3b2e66,0.16527001862197388,autoland,4060709,13,fd0dfc9511c4c123e048823de9954312c2b907c1,linux1804-64-shippable-qr,True,False,,|c|o|l|d| |f|i|s|s|i|o|n| |i|n|t|e|r|a|c|t|i|v|e| |w|e|b|r|e|n|d|e|r|,102210fe594ee9b33d82058545b1ed14f4c8206e,fcp,reddit-billgates-post-1.billg,True,reddit-billgates-post-1.billg fcp opt cold fission webrender,,77,ms,firefox,,1733716718,2023-07-31 21:31:29,1280612,,,,,,,,,,,,,,,,,,,,,,,,,,,,,,,,,,,,,,,,,,,,,,,,,TN
509,28250de453513da3369c412cbce0f35b97146bec,0.18831471135940414,autoland,4060709,13,fd0dfc9511c4c123e048823de9954312c2b907c1,linux1804-64-shippable-qr,True,False,,|c|o|l|d| |f|i|s|s|i|o|n| |i|n|t|e|r|a|c|t|i|v|e| |w|e|b|r|e|n|d|e|r|,102210fe594ee9b33d82058545b1ed14f4c8206e,fcp,reddit-billgates-post-1.billg,True,reddit-billgates-post-1.billg fcp opt cold fission webrender,,77,ms,firefox,,1733730515,2023-07-31 21:34:42,1280618,,,,,,,,,,,,,,,,,,,,,,,,,,,,,,,,,,,,,,,,,,,,,,,,,TN
510,195161a06a7a71dbce0ee5e8ddb8c84f3cb03df7,0.18063314711359402,autoland,4060709,13,fd0dfc9511c4c123e048823de9954312c2b907c1,linux1804-64-shippable-qr,True,False,,|c|o|l|d| |f|i|s|s|i|o|n| |i|n|t|e|r|a|c|t|i|v|e| |w|e|b|r|e|n|d|e|r|,102210fe594ee9b33d82058545b1ed14f4c8206e,fcp,reddit-billgates-post-1.billg,True,reddit-billgates-post-1.billg fcp opt cold fission webrender,,77,ms,firefox,,1733793426,2023-07-31 23:41:21,1280694,,,,,,,,,,,,,,,,,,,,,,,,,,,,,,,,,,,,,,,,,,,,,,,,,TN
511,ca66ac527c958bd3f26f8c86f291fa85de21ec56,0.19320297951582865,autoland,4060709,13,fd0dfc9511c4c123e048823de9954312c2b907c1,linux1804-64-shippable-qr,True,False,,|c|o|l|d| |f|i|s|s|i|o|n| |i|n|t|e|r|a|c|t|i|v|e| |w|e|b|r|e|n|d|e|r|,102210fe594ee9b33d82058545b1ed14f4c8206e,fcp,reddit-billgates-post-1.billg,True,reddit-billgates-post-1.billg fcp opt cold fission webrender,,77,ms,firefox,,1733898894,2023-08-01 03:53:20,1280753,,,,,,,,,,,,,,,,,,,,,,,,,,,,,,,,,,,,,,,,,,,,,,,,,TN
512,d5ecff066adaf3a4029a970db93a9f23f1ed2587,0.17527932960893855,autoland,4060709,13,fd0dfc9511c4c123e048823de9954312c2b907c1,linux1804-64-shippable-qr,True,False,,|c|o|l|d| |f|i|s|s|i|o|n| |i|n|t|e|r|a|c|t|i|v|e| |w|e|b|r|e|n|d|e|r|,102210fe594ee9b33d82058545b1ed14f4c8206e,fcp,reddit-billgates-post-1.billg,True,reddit-billgates-post-1.billg fcp opt cold fission webrender,,77,ms,firefox,,1733885419,2023-08-01 04:02:13,1280758,,,,,,,,,,,,,,,,,,,,,,,,,,,,,,,,,,,,,,,,,,,,,,,,,TN
513,5201d6f4a7e8740bd42f08295800c15e0e18cd7e,0.1936685288640596,autoland,4060709,13,fd0dfc9511c4c123e048823de9954312c2b907c1,linux1804-64-shippable-qr,True,False,,|c|o|l|d| |f|i|s|s|i|o|n| |i|n|t|e|r|a|c|t|i|v|e| |w|e|b|r|e|n|d|e|r|,102210fe594ee9b33d82058545b1ed14f4c8206e,fcp,reddit-billgates-post-1.billg,True,reddit-billgates-post-1.billg fcp opt cold fission webrender,,77,ms,firefox,,1733986447,2023-08-01 08:15:56,1280812,,,,,,,,,,,,,,,,,,,,,,,,,,,,,,,,,,,,,,,,,,,,,,,,,TN
514,90b19e0d07e5d2cd137f135b860f0357df90e338,0.17318435754189943,autoland,4060709,13,fd0dfc9511c4c123e048823de9954312c2b907c1,linux1804-64-shippable-qr,True,False,,|c|o|l|d| |f|i|s|s|i|o|n| |i|n|t|e|r|a|c|t|i|v|e| |w|e|b|r|e|n|d|e|r|,102210fe594ee9b33d82058545b1ed14f4c8206e,fcp,reddit-billgates-post-1.billg,True,reddit-billgates-post-1.billg fcp opt cold fission webrender,,77,ms,firefox,,1734086559,2023-08-01 12:32:45,1280938,,,,,,,,,,,,,,,,,,,,,,,,,,,,,,,,,,,,,,,,,,,,,,,,,TN
515,61356e1447e3bb09709883f8b5806a201d39c5a4,0.16852886405959033,autoland,4060709,13,fd0dfc9511c4c123e048823de9954312c2b907c1,linux1804-64-shippable-qr,True,False,,|c|o|l|d| |f|i|s|s|i|o|n| |i|n|t|e|r|a|c|t|i|v|e| |w|e|b|r|e|n|d|e|r|,102210fe594ee9b33d82058545b1ed14f4c8206e,fcp,reddit-billgates-post-1.billg,True,reddit-billgates-post-1.billg fcp opt cold fission webrender,,77,ms,firefox,,1734106669,2023-08-01 12:49:44,1280953,,,,,,,,,,,,,,,,,,,,,,,,,,,,,,,,,,,,,,,,,,,,,,,,,TN
516,ea7df1f8976b5cdf0d7ddbc918c38d7fffcee983,0.18854748603351956,autoland,4060709,13,fd0dfc9511c4c123e048823de9954312c2b907c1,linux1804-64-shippable-qr,True,False,,|c|o|l|d| |f|i|s|s|i|o|n| |i|n|t|e|r|a|c|t|i|v|e| |w|e|b|r|e|n|d|e|r|,102210fe594ee9b33d82058545b1ed14f4c8206e,fcp,reddit-billgates-post-1.billg,True,reddit-billgates-post-1.billg fcp opt cold fission webrender,,77,ms,firefox,,1734180393,2023-08-01 15:48:38,1281058,,,,,,,,,,,,,,,,,,,,,,,,,,,,,,,,,,,,,,,,,,,,,,,,,TN
517,fd6f3d21ce3f450906d293c067fdadc62ea991a6,0.16433891992551208,autoland,4060709,13,fd0dfc9511c4c123e048823de9954312c2b907c1,linux1804-64-shippable-qr,True,False,,|c|o|l|d| |f|i|s|s|i|o|n| |i|n|t|e|r|a|c|t|i|v|e| |w|e|b|r|e|n|d|e|r|,102210fe594ee9b33d82058545b1ed14f4c8206e,fcp,reddit-billgates-post-1.billg,True,reddit-billgates-post-1.billg fcp opt cold fission webrender,,77,ms,firefox,,1734313479,2023-08-01 20:02:17,1281212,,,,,,,,,,,,,,,,,,,,,,,,,,,,,,,,,,,,,,,,,,,,,,,,,TN
518,323a980eddb18489b9d7de1ffeff427026574b4c,0.19343575418994408,autoland,4060709,13,fd0dfc9511c4c123e048823de9954312c2b907c1,linux1804-64-shippable-qr,True,False,,|c|o|l|d| |f|i|s|s|i|o|n| |i|n|t|e|r|a|c|t|i|v|e| |w|e|b|r|e|n|d|e|r|,102210fe594ee9b33d82058545b1ed14f4c8206e,fcp,reddit-billgates-post-1.billg,True,reddit-billgates-post-1.billg fcp opt cold fission webrender,,77,ms,firefox,,1734382624,2023-08-02 00:13:38,1281337,,,,,,,,,,,,,,,,,,,,,,,,,,,,,,,,,,,,,,,,,,,,,,,,,TN
519,7ee1dad073d03db2f730fd5c2baf77f37e458feb,0.17714152700186214,autoland,4060709,13,fd0dfc9511c4c123e048823de9954312c2b907c1,linux1804-64-shippable-qr,True,False,,|c|o|l|d| |f|i|s|s|i|o|n| |i|n|t|e|r|a|c|t|i|v|e| |w|e|b|r|e|n|d|e|r|,102210fe594ee9b33d82058545b1ed14f4c8206e,fcp,reddit-billgates-post-1.billg,True,reddit-billgates-post-1.billg fcp opt cold fission webrender,,77,ms,firefox,,1734499365,2023-08-02 06:07:22,1281414,,,,,,,,,,,,,,,,,,,,,,,,,,,,,,,,,,,,,,,,,,,,,,,,,TN
520,a8968f9e8cf0bba14f132004f11b34a8abb93165,0.15526070763500932,autoland,4060709,13,fd0dfc9511c4c123e048823de9954312c2b907c1,linux1804-64-shippable-qr,True,False,,|c|o|l|d| |f|i|s|s|i|o|n| |i|n|t|e|r|a|c|t|i|v|e| |w|e|b|r|e|n|d|e|r|,102210fe594ee9b33d82058545b1ed14f4c8206e,fcp,reddit-billgates-post-1.billg,True,reddit-billgates-post-1.billg fcp opt cold fission webrender,,77,ms,firefox,,1734483978,2023-08-02 06:35:09,1281421,,,,,,,,,,,,,,,,,,,,,,,,,,,,,,,,,,,,,,,,,,,,,,,,,TN
521,338c2c8d91af0f92fa1a7a3b5fb1830adb54b373,0.18831471135940414,autoland,4060709,13,fd0dfc9511c4c123e048823de9954312c2b907c1,linux1804-64-shippable-qr,True,False,,|c|o|l|d| |f|i|s|s|i|o|n| |i|n|t|e|r|a|c|t|i|v|e| |w|e|b|r|e|n|d|e|r|,102210fe594ee9b33d82058545b1ed14f4c8206e,fcp,reddit-billgates-post-1.billg,True,reddit-billgates-post-1.billg fcp opt cold fission webrender,,77,ms,firefox,,1734589643,2023-08-02 10:39:12,1281520,,,,,,,,,,,,,,,,,,,,,,,,,,,,,,,,,,,,,,,,,,,,,,,,,TN
522,b21c8906db6d0a7e0fbae7e609d90da9cf977fbb,0.16992551210428308,autoland,4060709,13,fd0dfc9511c4c123e048823de9954312c2b907c1,linux1804-64-shippable-qr,True,False,,|c|o|l|d| |f|i|s|s|i|o|n| |i|n|t|e|r|a|c|t|i|v|e| |w|e|b|r|e|n|d|e|r|,102210fe594ee9b33d82058545b1ed14f4c8206e,fcp,reddit-billgates-post-1.billg,True,reddit-billgates-post-1.billg fcp opt cold fission webrender,,77,ms,firefox,,1734631527,2023-08-02 12:59:29,1281568,,,,,,,,,,,,,,,,,,,,,,,,,,,,,,,,,,,,,,,,,,,,,,,,,TN
523,493b4e3a7627b3c038bbe926859df076a3342ea8,0.1720204841713222,autoland,4060709,13,fd0dfc9511c4c123e048823de9954312c2b907c1,linux1804-64-shippable-qr,True,False,,|c|o|l|d| |f|i|s|s|i|o|n| |i|n|t|e|r|a|c|t|i|v|e| |w|e|b|r|e|n|d|e|r|,102210fe594ee9b33d82058545b1ed14f4c8206e,fcp,reddit-billgates-post-1.billg,True,reddit-billgates-post-1.billg fcp opt cold fission webrender,,77,ms,firefox,,1735138316,2023-08-02 15:00:42,1281631,,,,,,,,,,,,,,,,,,,,,,,,,,,,,,,,,,,,,,,,,,,,,,,,,TN
524,5bbb73c8e08703a3e4c2b27d5e12e123ae7f8946,0.18831471135940414,autoland,4060709,13,fd0dfc9511c4c123e048823de9954312c2b907c1,linux1804-64-shippable-qr,True,False,,|c|o|l|d| |f|i|s|s|i|o|n| |i|n|t|e|r|a|c|t|i|v|e| |w|e|b|r|e|n|d|e|r|,102210fe594ee9b33d82058545b1ed14f4c8206e,fcp,reddit-billgates-post-1.billg,True,reddit-billgates-post-1.billg fcp opt cold fission webrender,,77,ms,firefox,,1735108939,2023-08-02 15:15:11,1281640,,,,,,,,,,,,,,,,,,,,,,,,,,,,,,,,,,,,,,,,,,,,,,,,,TN
525,90ca26ab8ee142d08164d3ed9761aa023bc4e2aa,0.17737430167597767,autoland,4060709,13,fd0dfc9511c4c123e048823de9954312c2b907c1,linux1804-64-shippable-qr,True,False,,|c|o|l|d| |f|i|s|s|i|o|n| |i|n|t|e|r|a|c|t|i|v|e| |w|e|b|r|e|n|d|e|r|,102210fe594ee9b33d82058545b1ed14f4c8206e,fcp,reddit-billgates-post-1.billg,True,reddit-billgates-post-1.billg fcp opt cold fission webrender,,77,ms,firefox,,1734717156,2023-08-02 16:29:38,1281697,,,,,,,,,,,,,,,,,,,,,,,,,,,,,,,,,,,,,,,,,,,,,,,,,TN
526,9836af94c959ecca4666d7f0c19125b41969ff65,0.15293296089385466,autoland,4060709,13,fd0dfc9511c4c123e048823de9954312c2b907c1,linux1804-64-shippable-qr,True,False,,|c|o|l|d| |f|i|s|s|i|o|n| |i|n|t|e|r|a|c|t|i|v|e| |w|e|b|r|e|n|d|e|r|,102210fe594ee9b33d82058545b1ed14f4c8206e,fcp,reddit-billgates-post-1.billg,True,reddit-billgates-post-1.billg fcp opt cold fission webrender,,77,ms,firefox,,1735019239,2023-08-03 00:54:50,1282044,,,,,,,,,,,,,,,,,,,,,,,,,,,,,,,,,,,,,,,,,,,,,,,,,TN
527,c37e853eb755f0f4110f01509516da8c93baf284,0.19785847299813775,autoland,4060709,13,fd0dfc9511c4c123e048823de9954312c2b907c1,linux1804-64-shippable-qr,True,False,,|c|o|l|d| |f|i|s|s|i|o|n| |i|n|t|e|r|a|c|t|i|v|e| |w|e|b|r|e|n|d|e|r|,102210fe594ee9b33d82058545b1ed14f4c8206e,fcp,reddit-billgates-post-1.billg,True,reddit-billgates-post-1.billg fcp opt cold fission webrender,,77,ms,firefox,,1735058461,2023-08-03 00:55:51,1282045,,,,,,,,,,,,,,,,,,,,,,,,,,,,,,,,,,,,,,,,,,,,,,,,,TN
528,1eb2f6905e74aa982d6b71bec524ccfde726bb7b,0.16806331471135938,autoland,4060709,13,fd0dfc9511c4c123e048823de9954312c2b907c1,linux1804-64-shippable-qr,True,False,,|c|o|l|d| |f|i|s|s|i|o|n| |i|n|t|e|r|a|c|t|i|v|e| |w|e|b|r|e|n|d|e|r|,102210fe594ee9b33d82058545b1ed14f4c8206e,fcp,reddit-billgates-post-1.billg,True,reddit-billgates-post-1.billg fcp opt cold fission webrender,,77,ms,firefox,,1735148947,2023-08-03 05:32:27,1282117,,,,,,,,,,,,,,,,,,,,,,,,,,,,,,,,,,,,,,,,,,,,,,,,,TN
529,6f55c55c40c70eff3b82d3129f516257598ea115,0.18179702048417135,autoland,4060709,13,fd0dfc9511c4c123e048823de9954312c2b907c1,linux1804-64-shippable-qr,True,False,,|c|o|l|d| |f|i|s|s|i|o|n| |i|n|t|e|r|a|c|t|i|v|e| |w|e|b|r|e|n|d|e|r|,102210fe594ee9b33d82058545b1ed14f4c8206e,fcp,reddit-billgates-post-1.billg,True,reddit-billgates-post-1.billg fcp opt cold fission webrender,,77,ms,firefox,,1735200167,2023-08-03 09:35:33,1282197,,,,,,,,,,,,,,,,,,,,,,,,,,,,,,,,,,,,,,,,,,,,,,,,,TN
530,9a8ae552959ec73c3546151f30d131552d64bce0,0.16596834264432037,autoland,4060709,13,fd0dfc9511c4c123e048823de9954312c2b907c1,linux1804-64-shippable-qr,True,False,,|c|o|l|d| |f|i|s|s|i|o|n| |i|n|t|e|r|a|c|t|i|v|e| |w|e|b|r|e|n|d|e|r|,102210fe594ee9b33d82058545b1ed14f4c8206e,fcp,reddit-billgates-post-1.billg,True,reddit-billgates-post-1.billg fcp opt cold fission webrender,,77,ms,firefox,,1735262956,2023-08-03 11:38:24,1282235,,,,,,,,,,,,,,,,,,,,,,,,,,,,,,,,,,,,,,,,,,,,,,,,,TN
531,b801323d1ecc3535a192916c7cb0575710458777,0.16224394785847296,autoland,4060709,13,fd0dfc9511c4c123e048823de9954312c2b907c1,linux1804-64-shippable-qr,True,False,,|c|o|l|d| |f|i|s|s|i|o|n| |i|n|t|e|r|a|c|t|i|v|e| |w|e|b|r|e|n|d|e|r|,102210fe594ee9b33d82058545b1ed14f4c8206e,fcp,reddit-billgates-post-1.billg,True,reddit-billgates-post-1.billg fcp opt cold fission webrender,,77,ms,firefox,,1735449932,2023-08-03 15:46:38,1282361,,,,,,,,,,,,,,,,,,,,,,,,,,,,,,,,,,,,,,,,,,,,,,,,,TN
532,58d067f89f59472dc1a89d573ccebb4850863efa,0.1918063314711359,autoland,4060709,13,fd0dfc9511c4c123e048823de9954312c2b907c1,linux1804-64-shippable-qr,True,False,,|c|o|l|d| |f|i|s|s|i|o|n| |i|n|t|e|r|a|c|t|i|v|e| |w|e|b|r|e|n|d|e|r|,102210fe594ee9b33d82058545b1ed14f4c8206e,fcp,reddit-billgates-post-1.billg,True,reddit-billgates-post-1.billg fcp opt cold fission webrender,,77,ms,firefox,,1735461204,2023-08-03 16:00:50,1282374,,,,,,,,,,,,,,,,,,,,,,,,,,,,,,,,,,,,,,,,,,,,,,,,,TN
533,8527a2500a35867e4319772e3be1f2756dfcfced,0.17458100558659218,autoland,4060709,13,fd0dfc9511c4c123e048823de9954312c2b907c1,linux1804-64-shippable-qr,True,False,,|c|o|l|d| |f|i|s|s|i|o|n| |i|n|t|e|r|a|c|t|i|v|e| |w|e|b|r|e|n|d|e|r|,102210fe594ee9b33d82058545b1ed14f4c8206e,fcp,reddit-billgates-post-1.billg,True,reddit-billgates-post-1.billg fcp opt cold fission webrender,,77,ms,firefox,,1735531762,2023-08-03 19:10:36,1282500,,,,,,,,,,,,,,,,,,,,,,,,,,,,,,,,,,,,,,,,,,,,,,,,,TN
534,3922ccc760667154aea7a174114abfacb17fe35e,0.16108007448789574,autoland,4060709,13,fd0dfc9511c4c123e048823de9954312c2b907c1,linux1804-64-shippable-qr,True,False,,|c|o|l|d| |f|i|s|s|i|o|n| |i|n|t|e|r|a|c|t|i|v|e| |w|e|b|r|e|n|d|e|r|,102210fe594ee9b33d82058545b1ed14f4c8206e,fcp,reddit-billgates-post-1.billg,True,reddit-billgates-post-1.billg fcp opt cold fission webrender,,77,ms,firefox,,1735635863,2023-08-03 22:02:40,1282606,,,,,,,,,,,,,,,,,,,,,,,,,,,,,,,,,,,,,,,,,,,,,,,,,TN
535,2b60f9868271a131fa342332b78f3968159fa46e,0.17923649906890127,autoland,4060709,13,fd0dfc9511c4c123e048823de9954312c2b907c1,linux1804-64-shippable-qr,True,False,,|c|o|l|d| |f|i|s|s|i|o|n| |i|n|t|e|r|a|c|t|i|v|e| |w|e|b|r|e|n|d|e|r|,102210fe594ee9b33d82058545b1ed14f4c8206e,fcp,reddit-billgates-post-1.billg,True,reddit-billgates-post-1.billg fcp opt cold fission webrender,,77,ms,firefox,,1735726401,2023-08-04 02:28:33,1282715,,,,,,,,,,,,,,,,,,,,,,,,,,,,,,,,,,,,,,,,,,,,,,,,,TN
536,94da8bb07baea6212776a4b3ddcebff2c08eab98,0.17504655493482302,autoland,4060709,13,fd0dfc9511c4c123e048823de9954312c2b907c1,linux1804-64-shippable-qr,True,False,,|c|o|l|d| |f|i|s|s|i|o|n| |i|n|t|e|r|a|c|t|i|v|e| |w|e|b|r|e|n|d|e|r|,102210fe594ee9b33d82058545b1ed14f4c8206e,fcp,reddit-billgates-post-1.billg,True,reddit-billgates-post-1.billg fcp opt cold fission webrender,,77,ms,firefox,,1735821712,2023-08-04 06:28:57,1282781,,,,,,,,,,,,,,,,,,,,,,,,,,,,,,,,,,,,,,,,,,,,,,,,,TN
537,386212864d07a46141ce5bca1ef4988cefa4bad7,0.1568901303538175,autoland,4060709,13,fd0dfc9511c4c123e048823de9954312c2b907c1,linux1804-64-shippable-qr,True,False,,|c|o|l|d| |f|i|s|s|i|o|n| |i|n|t|e|r|a|c|t|i|v|e| |w|e|b|r|e|n|d|e|r|,102210fe594ee9b33d82058545b1ed14f4c8206e,fcp,reddit-billgates-post-1.billg,True,reddit-billgates-post-1.billg fcp opt cold fission webrender,,77,ms,firefox,,1735853524,2023-08-04 09:04:37,1282830,,,,,,,,,,,,,,,,,,,,,,,,,,,,,,,,,,,,,,,,,,,,,,,,,TN
538,3a8e173a97d02ae7b0aa11e9ca6f35b1fe8fa926,0.17178770949720668,autoland,4060709,13,fd0dfc9511c4c123e048823de9954312c2b907c1,linux1804-64-shippable-qr,True,False,,|c|o|l|d| |f|i|s|s|i|o|n| |i|n|t|e|r|a|c|t|i|v|e| |w|e|b|r|e|n|d|e|r|,102210fe594ee9b33d82058545b1ed14f4c8206e,fcp,reddit-billgates-post-1.billg,True,reddit-billgates-post-1.billg fcp opt cold fission webrender,,77,ms,firefox,,1735984742,2023-08-04 13:05:51,1282936,,,,,,,,,,,,,,,,,,,,,,,,,,,,,,,,,,,,,,,,,,,,,,,,,TN
539,8b506ab414513f3320eb7747254e94b37808bb75,0.17807262569832405,autoland,4060709,13,fd0dfc9511c4c123e048823de9954312c2b907c1,linux1804-64-shippable-qr,True,False,,|c|o|l|d| |f|i|s|s|i|o|n| |i|n|t|e|r|a|c|t|i|v|e| |w|e|b|r|e|n|d|e|r|,102210fe594ee9b33d82058545b1ed14f4c8206e,fcp,reddit-billgates-post-1.billg,True,reddit-billgates-post-1.billg fcp opt cold fission webrender,,77,ms,firefox,,1736020116,2023-08-04 14:26:38,1282995,,,,,,,,,,,,,,,,,,,,,,,,,,,,,,,,,,,,,,,,,,,,,,,,,TN
540,e8c6dc4a318cb8af6210801b4271ea32ee9f324a,0.20437616387337054,autoland,4060709,13,fd0dfc9511c4c123e048823de9954312c2b907c1,linux1804-64-shippable-qr,True,False,,|c|o|l|d| |f|i|s|s|i|o|n| |i|n|t|e|r|a|c|t|i|v|e| |w|e|b|r|e|n|d|e|r|,102210fe594ee9b33d82058545b1ed14f4c8206e,fcp,reddit-billgates-post-1.billg,True,reddit-billgates-post-1.billg fcp opt cold fission webrender,,77,ms,firefox,,1736112515,2023-08-04 17:20:09,1283108,,,,,,,,,,,,,,,,,,,,,,,,,,,,,,,,,,,,,,,,,,,,,,,,,TN
541,de6dcf5a4c0eec5ef6847cde00ec5da4fcee2e8c,0.17271880819366847,autoland,4060709,13,fd0dfc9511c4c123e048823de9954312c2b907c1,linux1804-64-shippable-qr,True,False,,|c|o|l|d| |f|i|s|s|i|o|n| |i|n|t|e|r|a|c|t|i|v|e| |w|e|b|r|e|n|d|e|r|,102210fe594ee9b33d82058545b1ed14f4c8206e,fcp,reddit-billgates-post-1.billg,True,reddit-billgates-post-1.billg fcp opt cold fission webrender,,77,ms,firefox,,1736275268,2023-08-04 21:22:40,1283226,,,,,,,,,,,,,,,,,,,,,,,,,,,,,,,,,,,,,,,,,,,,,,,,,TN
542,421628bd5a5c1cf8c64cb86994b1e6dc738abb49,0.16992551210428308,autoland,4060709,13,fd0dfc9511c4c123e048823de9954312c2b907c1,linux1804-64-shippable-qr,True,False,,|c|o|l|d| |f|i|s|s|i|o|n| |i|n|t|e|r|a|c|t|i|v|e| |w|e|b|r|e|n|d|e|r|,102210fe594ee9b33d82058545b1ed14f4c8206e,fcp,reddit-billgates-post-1.billg,True,reddit-billgates-post-1.billg fcp opt cold fission webrender,,77,ms,firefox,,1736316252,2023-08-04 23:16:08,1283269,,,,,,,,,,,,,,,,,,,,,,,,,,,,,,,,,,,,,,,,,,,,,,,,,TN
543,9e73058ab4aadee7e12b26a9be296b2bbc04cf74,0.16224394785847296,autoland,4060709,13,fd0dfc9511c4c123e048823de9954312c2b907c1,linux1804-64-shippable-qr,True,False,,|c|o|l|d| |f|i|s|s|i|o|n| |i|n|t|e|r|a|c|t|i|v|e| |w|e|b|r|e|n|d|e|r|,102210fe594ee9b33d82058545b1ed14f4c8206e,fcp,reddit-billgates-post-1.billg,True,reddit-billgates-post-1.billg fcp opt cold fission webrender,,77,ms,firefox,,1736438124,2023-08-05 11:44:34,1283328,,,,,,,,,,,,,,,,,,,,,,,,,,,,,,,,,,,,,,,,,,,,,,,,,TN
544,b0538d39e8c853c9e07b359df9c740d5175e7077,0.1757448789571695,autoland,4060709,13,fd0dfc9511c4c123e048823de9954312c2b907c1,linux1804-64-shippable-qr,True,False,,|c|o|l|d| |f|i|s|s|i|o|n| |i|n|t|e|r|a|c|t|i|v|e| |w|e|b|r|e|n|d|e|r|,102210fe594ee9b33d82058545b1ed14f4c8206e,fcp,reddit-billgates-post-1.billg,True,reddit-billgates-post-1.billg fcp opt cold fission webrender,,77,ms,firefox,,1736463368,2023-08-05 16:15:02,1283346,,,,,,,,,,,,,,,,,,,,,,,,,,,,,,,,,,,,,,,,,,,,,,,,,TN
545,a777f43c4d9cabe80f2fc3aea6bf95c7e3e9c4c1,0.15153631284916202,autoland,4060709,13,fd0dfc9511c4c123e048823de9954312c2b907c1,linux1804-64-shippable-qr,True,False,,|c|o|l|d| |f|i|s|s|i|o|n| |i|n|t|e|r|a|c|t|i|v|e| |w|e|b|r|e|n|d|e|r|,102210fe594ee9b33d82058545b1ed14f4c8206e,fcp,reddit-billgates-post-1.billg,True,reddit-billgates-post-1.billg fcp opt cold fission webrender,,77,ms,firefox,,1736612143,2023-08-06 23:55:51,1283445,,,,,,,,,,,,,,,,,,,,,,,,,,,,,,,,,,,,,,,,,,,,,,,,,TN
546,a86a27857ef685b0547d023a29fb8c8bb3f8fc1d,0.18878026070763498,autoland,4060709,13,fd0dfc9511c4c123e048823de9954312c2b907c1,linux1804-64-shippable-qr,True,False,,|c|o|l|d| |f|i|s|s|i|o|n| |i|n|t|e|r|a|c|t|i|v|e| |w|e|b|r|e|n|d|e|r|,102210fe594ee9b33d82058545b1ed14f4c8206e,fcp,reddit-billgates-post-1.billg,True,reddit-billgates-post-1.billg fcp opt cold fission webrender,,77,ms,firefox,,1736651202,2023-08-07 02:09:17,1283462,,,,,,,,,,,,,,,,,,,,,,,,,,,,,,,,,,,,,,,,,,,,,,,,,TN
547,9555a7afb7209f87b299f3b014bb364b34f6e095,0.16433891992551208,autoland,4060709,13,fd0dfc9511c4c123e048823de9954312c2b907c1,linux1804-64-shippable-qr,True,False,,|c|o|l|d| |f|i|s|s|i|o|n| |i|n|t|e|r|a|c|t|i|v|e| |w|e|b|r|e|n|d|e|r|,102210fe594ee9b33d82058545b1ed14f4c8206e,fcp,reddit-billgates-post-1.billg,True,reddit-billgates-post-1.billg fcp opt cold fission webrender,,77,ms,firefox,,1737258558,2023-08-07 04:48:50,1283483,,,,,,,,,,,,,,,,,,,,,,,,,,,,,,,,,,,,,,,,,,,,,,,,,TN
548,4389f1c2b8cc83eafdc84eb81353a028baaebb55,0.19040968342644327,autoland,4060709,13,fd0dfc9511c4c123e048823de9954312c2b907c1,linux1804-64-shippable-qr,True,False,,|c|o|l|d| |f|i|s|s|i|o|n| |i|n|t|e|r|a|c|t|i|v|e| |w|e|b|r|e|n|d|e|r|,102210fe594ee9b33d82058545b1ed14f4c8206e,fcp,reddit-billgates-post-1.billg,True,reddit-billgates-post-1.billg fcp opt cold fission webrender,,77,ms,firefox,,1737257841,2023-08-07 04:55:58,1283484,,,,,,,,,,,,,,,,,,,,,,,,,,,,,,,,,,,,,,,,,,,,,,,,,TN
549,6d877fdb9a1e892fe6528a26aab81b53cfae55c5,0.16992551210428308,autoland,4060709,13,fd0dfc9511c4c123e048823de9954312c2b907c1,linux1804-64-shippable-qr,True,False,,|c|o|l|d| |f|i|s|s|i|o|n| |i|n|t|e|r|a|c|t|i|v|e| |w|e|b|r|e|n|d|e|r|,102210fe594ee9b33d82058545b1ed14f4c8206e,fcp,reddit-billgates-post-1.billg,True,reddit-billgates-post-1.billg fcp opt cold fission webrender,,77,ms,firefox,,1736700303,2023-08-07 06:19:47,1283519,,,,,,,,,,,,,,,,,,,,,,,,,,,,,,,,,,,,,,,,,,,,,,,,,TN
550,2f07664dbc304adeae1029ead0f4ab014aaa02a8,0.18459031657355685,autoland,4060709,13,fd0dfc9511c4c123e048823de9954312c2b907c1,linux1804-64-shippable-qr,True,False,,|c|o|l|d| |f|i|s|s|i|o|n| |i|n|t|e|r|a|c|t|i|v|e| |w|e|b|r|e|n|d|e|r|,102210fe594ee9b33d82058545b1ed14f4c8206e,fcp,reddit-billgates-post-1.billg,True,reddit-billgates-post-1.billg fcp opt cold fission webrender,,77,ms,firefox,,1736751718,2023-08-07 09:17:55,1283581,,,,,,,,,,,,,,,,,,,,,,,,,,,,,,,,,,,,,,,,,,,,,,,,,TN
551,d59d0a5038b29cdbcbb2d4b003d642a2617e297f,0.20554003724394787,autoland,4060709,13,fd0dfc9511c4c123e048823de9954312c2b907c1,linux1804-64-shippable-qr,True,False,,|c|o|l|d| |f|i|s|s|i|o|n| |i|n|t|e|r|a|c|t|i|v|e| |w|e|b|r|e|n|d|e|r|,102210fe594ee9b33d82058545b1ed14f4c8206e,fcp,reddit-billgates-post-1.billg,True,reddit-billgates-post-1.billg fcp opt cold fission webrender,,77,ms,firefox,,1736877313,2023-08-07 13:44:02,1283713,,,,,,,,,,,,,,,,,,,,,,,,,,,,,,,,,,,,,,,,,,,,,,,,,TN
552,617205b5b34e3efa0afc95d965a8404aef4ddb36,0.17132216014897572,autoland,4060709,13,fd0dfc9511c4c123e048823de9954312c2b907c1,linux1804-64-shippable-qr,True,False,,|c|o|l|d| |f|i|s|s|i|o|n| |i|n|t|e|r|a|c|t|i|v|e| |w|e|b|r|e|n|d|e|r|,102210fe594ee9b33d82058545b1ed14f4c8206e,fcp,reddit-billgates-post-1.billg,True,reddit-billgates-post-1.billg fcp opt cold fission webrender,,77,ms,firefox,,1737241066,2023-08-07 14:25:14,1283736,,,,,,,,,,,,,,,,,,,,,,,,,,,,,,,,,,,,,,,,,,,,,,,,,TN
553,6a6e81b1dfb459262cd93ce0448837be1183f628,0.15456238361266295,autoland,4060709,13,fd0dfc9511c4c123e048823de9954312c2b907c1,linux1804-64-shippable-qr,True,False,,|c|o|l|d| |f|i|s|s|i|o|n| |i|n|t|e|r|a|c|t|i|v|e| |w|e|b|r|e|n|d|e|r|,102210fe594ee9b33d82058545b1ed14f4c8206e,fcp,reddit-billgates-post-1.billg,True,reddit-billgates-post-1.billg fcp opt cold fission webrender,,77,ms,firefox,,1737248093,2023-08-07 14:37:37,1283747,,,,,,,,,,,,,,,,,,,,,,,,,,,,,,,,,,,,,,,,,,,,,,,,,TN
554,969534e114528550edbcaf30931bc5e255ac2475,0.18831471135940414,autoland,4060709,13,fd0dfc9511c4c123e048823de9954312c2b907c1,linux1804-64-shippable-qr,True,False,,|c|o|l|d| |f|i|s|s|i|o|n| |i|n|t|e|r|a|c|t|i|v|e| |w|e|b|r|e|n|d|e|r|,102210fe594ee9b33d82058545b1ed14f4c8206e,fcp,reddit-billgates-post-1.billg,True,reddit-billgates-post-1.billg fcp opt cold fission webrender,,77,ms,firefox,,1736970760,2023-08-07 16:46:35,1283815,,,,,,,,,,,,,,,,,,,,,,,,,,,,,,,,,,,,,,,,,,,,,,,,,TN
555,588b596bcb73c4c9cf235c8df1dc04fc9475c321,0.17527932960893855,autoland,4060709,13,fd0dfc9511c4c123e048823de9954312c2b907c1,linux1804-64-shippable-qr,True,False,,|c|o|l|d| |f|i|s|s|i|o|n| |i|n|t|e|r|a|c|t|i|v|e| |w|e|b|r|e|n|d|e|r|,102210fe594ee9b33d82058545b1ed14f4c8206e,fcp,reddit-billgates-post-1.billg,True,reddit-billgates-post-1.billg fcp opt cold fission webrender,,77,ms,firefox,,1737049920,2023-08-07 20:52:42,1283921,,,,,,,,,,,,,,,,,,,,,,,,,,,,,,,,,,,,,,,,,,,,,,,,,TN
556,0d1a783351f683e500d6e8f83d3dc430b2afdcbf,0.167364990689013,autoland,4060709,13,fd0dfc9511c4c123e048823de9954312c2b907c1,linux1804-64-shippable-qr,True,False,,|c|o|l|d| |f|i|s|s|i|o|n| |i|n|t|e|r|a|c|t|i|v|e| |w|e|b|r|e|n|d|e|r|,102210fe594ee9b33d82058545b1ed14f4c8206e,fcp,reddit-billgates-post-1.billg,True,reddit-billgates-post-1.billg fcp opt cold fission webrender,,77,ms,firefox,,1737078080,2023-08-07 21:31:10,1283941,,,,,,,,,,,,,,,,,,,,,,,,,,,,,,,,,,,,,,,,,,,,,,,,,TN
557,7053ad5afbc40a1a98d9e4e447c98e2fd6d70f04,0.17690875232774672,autoland,4060709,13,fd0dfc9511c4c123e048823de9954312c2b907c1,linux1804-64-shippable-qr,True,False,,|c|o|l|d| |f|i|s|s|i|o|n| |i|n|t|e|r|a|c|t|i|v|e| |w|e|b|r|e|n|d|e|r|,102210fe594ee9b33d82058545b1ed14f4c8206e,fcp,reddit-billgates-post-1.billg,True,reddit-billgates-post-1.billg fcp opt cold fission webrender,,77,ms,firefox,,1737206234,2023-08-08 01:47:48,1284029,,,,,,,,,,,,,,,,,,,,,,,,,,,,,,,,,,,,,,,,,,,,,,,,,TN
558,201950bdeb03d34c7ad70702b52d28c3e0f6a448,0.19203910614525144,autoland,4060709,13,fd0dfc9511c4c123e048823de9954312c2b907c1,linux1804-64-shippable-qr,True,False,,|c|o|l|d| |f|i|s|s|i|o|n| |i|n|t|e|r|a|c|t|i|v|e| |w|e|b|r|e|n|d|e|r|,102210fe594ee9b33d82058545b1ed14f4c8206e,fcp,reddit-billgates-post-1.billg,True,reddit-billgates-post-1.billg fcp opt cold fission webrender,,77,ms,firefox,,1737293566,2023-08-08 08:03:57,1284128,,,,,,,,,,,,,,,,,,,,,,,,,,,,,,,,,,,,,,,,,,,,,,,,,TN
559,d1fbe6c1f87656fb4f55677904f55f6df433ea9a,0.1871508379888268,autoland,4060709,13,fd0dfc9511c4c123e048823de9954312c2b907c1,linux1804-64-shippable-qr,True,False,,|c|o|l|d| |f|i|s|s|i|o|n| |i|n|t|e|r|a|c|t|i|v|e| |w|e|b|r|e|n|d|e|r|,102210fe594ee9b33d82058545b1ed14f4c8206e,fcp,reddit-billgates-post-1.billg,True,reddit-billgates-post-1.billg fcp opt cold fission webrender,,77,ms,firefox,,1737376115,2023-08-08 12:10:40,1284255,,,,,,,,,,,,,,,,,,,,,,,,,,,,,,,,,,,,,,,,,,,,,,,,,TN
560,062a5e5729067f579bd6d1ab2f1a3021d7fd291a,0.1636405959031657,autoland,4060709,13,fd0dfc9511c4c123e048823de9954312c2b907c1,linux1804-64-shippable-qr,True,False,,|c|o|l|d| |f|i|s|s|i|o|n| |i|n|t|e|r|a|c|t|i|v|e| |w|e|b|r|e|n|d|e|r|,102210fe594ee9b33d82058545b1ed14f4c8206e,fcp,reddit-billgates-post-1.billg,True,reddit-billgates-post-1.billg fcp opt cold fission webrender,,77,ms,firefox,,1737410532,2023-08-08 12:20:31,1284261,,,,,,,,,,,,,,,,,,,,,,,,,,,,,,,,,,,,,,,,,,,,,,,,,TN
561,855c69dcdcc457c3e5a54150cdd89a71a2527e2b,0.18854748603351956,autoland,4060709,13,fd0dfc9511c4c123e048823de9954312c2b907c1,linux1804-64-shippable-qr,True,False,,|c|o|l|d| |f|i|s|s|i|o|n| |i|n|t|e|r|a|c|t|i|v|e| |w|e|b|r|e|n|d|e|r|,102210fe594ee9b33d82058545b1ed14f4c8206e,fcp,reddit-billgates-post-1.billg,True,reddit-billgates-post-1.billg fcp opt cold fission webrender,,77,ms,firefox,,1737474613,2023-08-08 16:23:23,1284396,,,,,,,,,,,,,,,,,,,,,,,,,,,,,,,,,,,,,,,,,,,,,,,,,TN
562,b19ed5a6579d312e71c03201698107835378c612,0.14548417132216018,autoland,4060709,13,fd0dfc9511c4c123e048823de9954312c2b907c1,linux1804-64-shippable-qr,True,False,,|c|o|l|d| |f|i|s|s|i|o|n| |i|n|t|e|r|a|c|t|i|v|e| |w|e|b|r|e|n|d|e|r|,102210fe594ee9b33d82058545b1ed14f4c8206e,fcp,reddit-billgates-post-1.billg,True,reddit-billgates-post-1.billg fcp opt cold fission webrender,,77,ms,firefox,,1737611470,2023-08-08 18:03:32,1284479,,,,,,,,,,,,,,,,,,,,,,,,,,,,,,,,,,,,,,,,,,,,,,,,,TN
563,4abb9ce2fb8e4174171b3478d6f28b78bf3f214a,0.15083798882681565,autoland,4060709,13,fd0dfc9511c4c123e048823de9954312c2b907c1,linux1804-64-shippable-qr,True,False,,|c|o|l|d| |f|i|s|s|i|o|n| |i|n|t|e|r|a|c|t|i|v|e| |w|e|b|r|e|n|d|e|r|,102210fe594ee9b33d82058545b1ed14f4c8206e,fcp,reddit-billgates-post-1.billg,True,reddit-billgates-post-1.billg fcp opt cold fission webrender,,77,ms,firefox,,1737681292,2023-08-08 21:27:09,1284603,,,,,,,,,,,,,,,,,,,,,,,,,,,,,,,,,,,,,,,,,,,,,,,,,TN
564,25a29224e55d9a839d6fddde206208a453535ec8,0.1776070763500931,autoland,4060709,13,fd0dfc9511c4c123e048823de9954312c2b907c1,linux1804-64-shippable-qr,True,False,,|c|o|l|d| |f|i|s|s|i|o|n| |i|n|t|e|r|a|c|t|i|v|e| |w|e|b|r|e|n|d|e|r|,102210fe594ee9b33d82058545b1ed14f4c8206e,fcp,reddit-billgates-post-1.billg,True,reddit-billgates-post-1.billg fcp opt cold fission webrender,,77,ms,firefox,,1737768659,2023-08-09 02:34:29,1284750,,,,,,,,,,,,,,,,,,,,,,,,,,,,,,,,,,,,,,,,,,,,,,,,,TN
565,3951ba8d46ada1b519bccbff6c94ced52fd96cd0,0.17318435754189943,autoland,4060709,13,fd0dfc9511c4c123e048823de9954312c2b907c1,linux1804-64-shippable-qr,True,False,,|c|o|l|d| |f|i|s|s|i|o|n| |i|n|t|e|r|a|c|t|i|v|e| |w|e|b|r|e|n|d|e|r|,102210fe594ee9b33d82058545b1ed14f4c8206e,fcp,reddit-billgates-post-1.billg,True,reddit-billgates-post-1.billg fcp opt cold fission webrender,,77,ms,firefox,,1738479841,2023-08-09 11:39:18,1284953,,,,,,,,,,,,,,,,,,,,,,,,,,,,,,,,,,,,,,,,,,,,,,,,,TN
566,ed039eae768be7f3b20683997b4fe970d4b8bd82,0.15270018621973924,autoland,4060709,13,fd0dfc9511c4c123e048823de9954312c2b907c1,linux1804-64-shippable-qr,True,False,,|c|o|l|d| |f|i|s|s|i|o|n| |i|n|t|e|r|a|c|t|i|v|e| |w|e|b|r|e|n|d|e|r|,102210fe594ee9b33d82058545b1ed14f4c8206e,fcp,reddit-billgates-post-1.billg,True,reddit-billgates-post-1.billg fcp opt cold fission webrender,,77,ms,firefox,,1738491004,2023-08-09 11:55:28,1284958,,,,,,,,,,,,,,,,,,,,,,,,,,,,,,,,,,,,,,,,,,,,,,,,,TN
567,46b5603cd2b8de629b659ec8d44fc7b086782c46,0.15805400372439482,autoland,4060709,13,fd0dfc9511c4c123e048823de9954312c2b907c1,linux1804-64-shippable-qr,True,False,,|c|o|l|d| |f|i|s|s|i|o|n| |i|n|t|e|r|a|c|t|i|v|e| |w|e|b|r|e|n|d|e|r|,102210fe594ee9b33d82058545b1ed14f4c8206e,fcp,reddit-billgates-post-1.billg,True,reddit-billgates-post-1.billg fcp opt cold fission webrender,,77,ms,firefox,,1738002937,2023-08-09 13:49:06,1285020,,,,,,,,,,,,,,,,,,,,,,,,,,,,,,,,,,,,,,,,,,,,,,,,,TN
568,299828b58af2fd55f393babed8ea8db6425040df,0.1410614525139665,autoland,4060709,13,fd0dfc9511c4c123e048823de9954312c2b907c1,linux1804-64-shippable-qr,True,False,,|c|o|l|d| |f|i|s|s|i|o|n| |i|n|t|e|r|a|c|t|i|v|e| |w|e|b|r|e|n|d|e|r|,102210fe594ee9b33d82058545b1ed14f4c8206e,fcp,reddit-billgates-post-1.billg,True,reddit-billgates-post-1.billg fcp opt cold fission webrender,,77,ms,firefox,,1738200260,2023-08-09 17:29:37,1285186,,,,,,,,,,,,,,,,,,,,,,,,,,,,,,,,,,,,,,,,,,,,,,,,,TN
569,9766f63db97d1b85b2f2f47d2b3cb3ee3782ae85,0.08286778398510242,autoland,4060709,13,fd0dfc9511c4c123e048823de9954312c2b907c1,linux1804-64-shippable-qr,True,False,,|c|o|l|d| |f|i|s|s|i|o|n| |i|n|t|e|r|a|c|t|i|v|e| |w|e|b|r|e|n|d|e|r|,102210fe594ee9b33d82058545b1ed14f4c8206e,fcp,reddit-billgates-post-1.billg,True,reddit-billgates-post-1.billg fcp opt cold fission webrender,,77,ms,firefox,,1738301665,2023-08-09 20:56:32,1285337,,,,,,,,,,,,,,,,,,,,,,,,,,,,,,,,,,,,,,,,,,,,,,,,,TN
570,b2b54f91567d2de224314e03fc81ba6e815e2fa7,0.15549348230912474,autoland,4060709,13,fd0dfc9511c4c123e048823de9954312c2b907c1,linux1804-64-shippable-qr,True,False,,|c|o|l|d| |f|i|s|s|i|o|n| |i|n|t|e|r|a|c|t|i|v|e| |w|e|b|r|e|n|d|e|r|,102210fe594ee9b33d82058545b1ed14f4c8206e,fcp,reddit-billgates-post-1.billg,True,reddit-billgates-post-1.billg fcp opt cold fission webrender,,77,ms,firefox,,1738382268,2023-08-10 01:02:34,1285442,,,,,,,,,,,,,,,,,,,,,,,,,,,,,,,,,,,,,,,,,,,,,,,,,TN
571,7704c89f0e6bc2ca33282a228b42fb5cd7aa072c,0.17225325884543763,autoland,4060709,13,fd0dfc9511c4c123e048823de9954312c2b907c1,linux1804-64-shippable-qr,True,False,,|c|o|l|d| |f|i|s|s|i|o|n| |i|n|t|e|r|a|c|t|i|v|e| |w|e|b|r|e|n|d|e|r|,102210fe594ee9b33d82058545b1ed14f4c8206e,fcp,reddit-billgates-post-1.billg,True,reddit-billgates-post-1.billg fcp opt cold fission webrender,,77,ms,firefox,,1738419227,2023-08-10 02:22:08,1285454,,,,,,,,,,,,,,,,,,,,,,,,,,,,,,,,,,,,,,,,,,,,,,,,,TN
572,24eb42c9b3d9f910ba5afe124232608f70532552,0.17341713221601485,autoland,4060709,13,fd0dfc9511c4c123e048823de9954312c2b907c1,linux1804-64-shippable-qr,True,False,,|c|o|l|d| |f|i|s|s|i|o|n| |i|n|t|e|r|a|c|t|i|v|e| |w|e|b|r|e|n|d|e|r|,102210fe594ee9b33d82058545b1ed14f4c8206e,fcp,reddit-billgates-post-1.billg,True,reddit-billgates-post-1.billg fcp opt cold fission webrender,,77,ms,firefox,,1738527965,2023-08-10 06:54:21,1285524,,,,,,,,,,,,,,,,,,,,,,,,,,,,,,,,,,,,,,,,,,,,,,,,,TN
573,f688cd32ea991c3f0e62e19b43efc48cb4cc183a,0.14711359404096835,autoland,4060709,13,fd0dfc9511c4c123e048823de9954312c2b907c1,linux1804-64-shippable-qr,True,False,,|c|o|l|d| |f|i|s|s|i|o|n| |i|n|t|e|r|a|c|t|i|v|e| |w|e|b|r|e|n|d|e|r|,102210fe594ee9b33d82058545b1ed14f4c8206e,fcp,reddit-billgates-post-1.billg,True,reddit-billgates-post-1.billg fcp opt cold fission webrender,,77,ms,firefox,,1738547367,2023-08-10 07:38:16,1285542,,,,,,,,,,,,,,,,,,,,,,,,,,,,,,,,,,,,,,,,,,,,,,,,,TN
574,b544a2a999190b3345911b807fac8392e1360811,0.15735567970204845,autoland,4060709,13,fd0dfc9511c4c123e048823de9954312c2b907c1,linux1804-64-shippable-qr,True,False,,|c|o|l|d| |f|i|s|s|i|o|n| |i|n|t|e|r|a|c|t|i|v|e| |w|e|b|r|e|n|d|e|r|,102210fe594ee9b33d82058545b1ed14f4c8206e,fcp,reddit-billgates-post-1.billg,True,reddit-billgates-post-1.billg fcp opt cold fission webrender,,77,ms,firefox,,1738642748,2023-08-10 11:47:02,1285658,,,,,,,,,,,,,,,,,,,,,,,,,,,,,,,,,,,,,,,,,,,,,,,,,TN
575,11f47f2a1cf08c1e0b5bb6374f2a7dd1f49c8cac,0.125,autoland,4060709,13,fd0dfc9511c4c123e048823de9954312c2b907c1,linux1804-64-shippable-qr,True,False,,|c|o|l|d| |f|i|s|s|i|o|n| |i|n|t|e|r|a|c|t|i|v|e| |w|e|b|r|e|n|d|e|r|,102210fe594ee9b33d82058545b1ed14f4c8206e,fcp,reddit-billgates-post-1.billg,True,reddit-billgates-post-1.billg fcp opt cold fission webrender,,77,ms,firefox,,1738673666,2023-08-10 13:06:38,1285701,,,,,,,,,,,,,,,,,,,,,,,,,,,,,,,,,,,,,,,,,,,,,,,,,TN
576,5dd3cd2421b46ac8062d03aab70251276fd58962,0.15851955307262566,autoland,4060709,13,fd0dfc9511c4c123e048823de9954312c2b907c1,linux1804-64-shippable-qr,True,False,,|c|o|l|d| |f|i|s|s|i|o|n| |i|n|t|e|r|a|c|t|i|v|e| |w|e|b|r|e|n|d|e|r|,102210fe594ee9b33d82058545b1ed14f4c8206e,fcp,reddit-billgates-post-1.billg,True,reddit-billgates-post-1.billg fcp opt cold fission webrender,,77,ms,firefox,,1738999454,2023-08-10 15:43:03,1285787,,,,,,,,,,,,,,,,,,,,,,,,,,,,,,,,,,,,,,,,,,,,,,,,,TN
577,cb7f80daa8c82ee9dd68e66a2792421be67d2821,0.14897579143389195,autoland,4060709,13,fd0dfc9511c4c123e048823de9954312c2b907c1,linux1804-64-shippable-qr,True,False,,|c|o|l|d| |f|i|s|s|i|o|n| |i|n|t|e|r|a|c|t|i|v|e| |w|e|b|r|e|n|d|e|r|,102210fe594ee9b33d82058545b1ed14f4c8206e,fcp,reddit-billgates-post-1.billg,True,reddit-billgates-post-1.billg fcp opt cold fission webrender,,77,ms,firefox,,1738999504,2023-08-10 15:45:51,1285790,,,,,,,,,,,,,,,,,,,,,,,,,,,,,,,,,,,,,,,,,,,,,,,,,TN
578,42a4b2af29229dbfd0675767afaf6965d292e4a7,0.15526070763500932,autoland,4060709,13,fd0dfc9511c4c123e048823de9954312c2b907c1,linux1804-64-shippable-qr,True,False,,|c|o|l|d| |f|i|s|s|i|o|n| |i|n|t|e|r|a|c|t|i|v|e| |w|e|b|r|e|n|d|e|r|,102210fe594ee9b33d82058545b1ed14f4c8206e,fcp,reddit-billgates-post-1.billg,True,reddit-billgates-post-1.billg fcp opt cold fission webrender,,77,ms,firefox,,1738774735,2023-08-10 16:07:39,1285800,,,,,,,,,,,,,,,,,,,,,,,,,,,,,,,,,,,,,,,,,,,,,,,,,TN
579,fae9c8496544fb4597f4094d95b81fdefec01628,0.15642458100558654,autoland,4060709,13,fd0dfc9511c4c123e048823de9954312c2b907c1,linux1804-64-shippable-qr,True,False,,|c|o|l|d| |f|i|s|s|i|o|n| |i|n|t|e|r|a|c|t|i|v|e| |w|e|b|r|e|n|d|e|r|,102210fe594ee9b33d82058545b1ed14f4c8206e,fcp,reddit-billgates-post-1.billg,True,reddit-billgates-post-1.billg fcp opt cold fission webrender,,77,ms,firefox,,1738858656,2023-08-10 18:32:11,1285918,,,,,,,,,,,,,,,,,,,,,,,,,,,,,,,,,,,,,,,,,,,,,,,,,TN
580,389f1009f2db207be63aacd4c9c54990f9d1104b,0.1513035381750466,autoland,4060709,13,fd0dfc9511c4c123e048823de9954312c2b907c1,linux1804-64-shippable-qr,True,False,,|c|o|l|d| |f|i|s|s|i|o|n| |i|n|t|e|r|a|c|t|i|v|e| |w|e|b|r|e|n|d|e|r|,102210fe594ee9b33d82058545b1ed14f4c8206e,fcp,reddit-billgates-post-1.billg,True,reddit-billgates-post-1.billg fcp opt cold fission webrender,,77,ms,firefox,,1738965556,2023-08-10 21:59:13,1286074,,,,,,,,,,,,,,,,,,,,,,,,,,,,,,,,,,,,,,,,,,,,,,,,,TN
581,05da0ca6db46baad5f6e45489d80d5097053bb42,0.11266294227188078,autoland,4060709,13,fd0dfc9511c4c123e048823de9954312c2b907c1,linux1804-64-shippable-qr,True,False,,|c|o|l|d| |f|i|s|s|i|o|n| |i|n|t|e|r|a|c|t|i|v|e| |w|e|b|r|e|n|d|e|r|,102210fe594ee9b33d82058545b1ed14f4c8206e,fcp,reddit-billgates-post-1.billg,True,reddit-billgates-post-1.billg fcp opt cold fission webrender,,77,ms,firefox,,1739013360,2023-08-11 03:08:44,1286160,,,,,,,,,,,,,,,,,,,,,,,,,,,,,,,,,,,,,,,,,,,,,,,,,TN
582,efb44db563b1abcb74959e12c6ce8e577cd213f2,0.1559590316573557,autoland,4060709,13,fd0dfc9511c4c123e048823de9954312c2b907c1,linux1804-64-shippable-qr,True,False,,|c|o|l|d| |f|i|s|s|i|o|n| |i|n|t|e|r|a|c|t|i|v|e| |w|e|b|r|e|n|d|e|r|,102210fe594ee9b33d82058545b1ed14f4c8206e,fcp,reddit-billgates-post-1.billg,True,reddit-billgates-post-1.billg fcp opt cold fission webrender,,77,ms,firefox,,1739082878,2023-08-11 07:27:06,1286189,,,,,,,,,,,,,,,,,,,,,,,,,,,,,,,,,,,,,,,,,,,,,,,,,TN
583,cda91469ef2a9b195d09f702816a5f7aec451d02,0.055865921787709494,autoland,4060709,13,fd0dfc9511c4c123e048823de9954312c2b907c1,linux1804-64-shippable-qr,True,False,,|c|o|l|d| |f|i|s|s|i|o|n| |i|n|t|e|r|a|c|t|i|v|e| |w|e|b|r|e|n|d|e|r|,102210fe594ee9b33d82058545b1ed14f4c8206e,fcp,reddit-billgates-post-1.billg,True,reddit-billgates-post-1.billg fcp opt cold fission webrender,,77,ms,firefox,,1739113668,2023-08-11 08:27:25,1286199,,,,,,,,,,,,,,,,,,,,,,,,,,,,,,,,,,,,,,,,,,,,,,,,,TN
584,21aaca8e9cca74e93bf7c9c3a6c05b78a0d46a06,0.15828677839851024,autoland,4060709,13,fd0dfc9511c4c123e048823de9954312c2b907c1,linux1804-64-shippable-qr,True,False,,|c|o|l|d| |f|i|s|s|i|o|n| |i|n|t|e|r|a|c|t|i|v|e| |w|e|b|r|e|n|d|e|r|,102210fe594ee9b33d82058545b1ed14f4c8206e,fcp,reddit-billgates-post-1.billg,True,reddit-billgates-post-1.billg fcp opt cold fission webrender,,77,ms,firefox,,1739255835,2023-08-11 14:16:15,1286315,,,,,,,,,,,,,,,,,,,,,,,,,,,,,,,,,,,,,,,,,,,,,,,,,TN
585,16838b515ded4549918a4ebf3e3fa8a0b427e1f4,0.1417597765363129,autoland,4060709,13,fd0dfc9511c4c123e048823de9954312c2b907c1,linux1804-64-shippable-qr,True,False,,|c|o|l|d| |f|i|s|s|i|o|n| |i|n|t|e|r|a|c|t|i|v|e| |w|e|b|r|e|n|d|e|r|,102210fe594ee9b33d82058545b1ed14f4c8206e,fcp,reddit-billgates-post-1.billg,True,reddit-billgates-post-1.billg fcp opt cold fission webrender,,77,ms,firefox,,1739291984,2023-08-11 16:12:07,1286403,,,,,,,,,,,,,,,,,,,,,,,,,,,,,,,,,,,,,,,,,,,,,,,,,TN
586,700d98d93bde10f22824d5d41b863f4a108f832b,0.167364990689013,autoland,4060709,13,fd0dfc9511c4c123e048823de9954312c2b907c1,linux1804-64-shippable-qr,True,False,,|c|o|l|d| |f|i|s|s|i|o|n| |i|n|t|e|r|a|c|t|i|v|e| |w|e|b|r|e|n|d|e|r|,102210fe594ee9b33d82058545b1ed14f4c8206e,fcp,reddit-billgates-post-1.billg,True,reddit-billgates-post-1.billg fcp opt cold fission webrender,,77,ms,firefox,,1739408919,2023-08-11 20:27:04,1286565,,,,,,,,,,,,,,,,,,,,,,,,,,,,,,,,,,,,,,,,,,,,,,,,,TN
587,51c1600372ae1fc4b34d3f3d0d77d993ebba6dee,0.15013966480446927,autoland,4060709,13,fd0dfc9511c4c123e048823de9954312c2b907c1,linux1804-64-shippable-qr,True,False,,|c|o|l|d| |f|i|s|s|i|o|n| |i|n|t|e|r|a|c|t|i|v|e| |w|e|b|r|e|n|d|e|r|,102210fe594ee9b33d82058545b1ed14f4c8206e,fcp,reddit-billgates-post-1.billg,True,reddit-billgates-post-1.billg fcp opt cold fission webrender,,77,ms,firefox,,1739538518,2023-08-11 21:04:25,1286579,,,,,,,,,,,,,,,,,,,,,,,,,,,,,,,,,,,,,,,,,,,,,,,,,TN
588,d276fb10dd5967d5a7779c681e5fb051233edc53,0.1287243947858473,autoland,4060709,13,fd0dfc9511c4c123e048823de9954312c2b907c1,linux1804-64-shippable-qr,True,False,,|c|o|l|d| |f|i|s|s|i|o|n| |i|n|t|e|r|a|c|t|i|v|e| |w|e|b|r|e|n|d|e|r|,102210fe594ee9b33d82058545b1ed14f4c8206e,fcp,reddit-billgates-post-1.billg,True,reddit-billgates-post-1.billg fcp opt cold fission webrender,,77,ms,firefox,,1739549601,2023-08-11 21:21:38,1286581,,,,,,,,,,,,,,,,,,,,,,,,,,,,,,,,,,,,,,,,,,,,,,,,,TN
589,8dd752fc2bce87d04b7ae3bab02bb57d59c64e8a,0.15549348230912474,autoland,4060709,13,fd0dfc9511c4c123e048823de9954312c2b907c1,linux1804-64-shippable-qr,True,False,,|c|o|l|d| |f|i|s|s|i|o|n| |i|n|t|e|r|a|c|t|i|v|e| |w|e|b|r|e|n|d|e|r|,102210fe594ee9b33d82058545b1ed14f4c8206e,fcp,reddit-billgates-post-1.billg,True,reddit-billgates-post-1.billg fcp opt cold fission webrender,,77,ms,firefox,,1739568467,2023-08-12 05:14:02,1286635,,,,,,,,,,,,,,,,,,,,,,,,,,,,,,,,,,,,,,,,,,,,,,,,,TN
590,f20040ae7b2f3e1499ea3b90639fd96566103125,0.1287243947858473,autoland,4060709,13,fd0dfc9511c4c123e048823de9954312c2b907c1,linux1804-64-shippable-qr,True,False,,|c|o|l|d| |f|i|s|s|i|o|n| |i|n|t|e|r|a|c|t|i|v|e| |w|e|b|r|e|n|d|e|r|,102210fe594ee9b33d82058545b1ed14f4c8206e,fcp,reddit-billgates-post-1.billg,True,reddit-billgates-post-1.billg fcp opt cold fission webrender,,77,ms,firefox,,1739556870,2023-08-12 05:14:50,1286636,,,,,,,,,,,,,,,,,,,,,,,,,,,,,,,,,,,,,,,,,,,,,,,,,TN
591,6386291adbedd6140dfbf10b071e5cc82f5433a1,0.20530726256983234,autoland,4060709,13,fd0dfc9511c4c123e048823de9954312c2b907c1,linux1804-64-shippable-qr,True,False,,|c|o|l|d| |f|i|s|s|i|o|n| |i|n|t|e|r|a|c|t|i|v|e| |w|e|b|r|e|n|d|e|r|,102210fe594ee9b33d82058545b1ed14f4c8206e,fcp,reddit-billgates-post-1.billg,True,reddit-billgates-post-1.billg fcp opt cold fission webrender,,77,ms,firefox,,1739628073,2023-08-12 12:22:39,1286663,,,,,,,,,,,,,,,,,,,,,,,,,,,,,,,,,,,,,,,,,,,,,,,,,TN
592,9a15449ff274a89d15ae4d345601385b371c2dff,0.14082867783985098,autoland,4060709,13,fd0dfc9511c4c123e048823de9954312c2b907c1,linux1804-64-shippable-qr,True,False,,|c|o|l|d| |f|i|s|s|i|o|n| |i|n|t|e|r|a|c|t|i|v|e| |w|e|b|r|e|n|d|e|r|,102210fe594ee9b33d82058545b1ed14f4c8206e,fcp,reddit-billgates-post-1.billg,True,reddit-billgates-post-1.billg fcp opt cold fission webrender,,77,ms,firefox,,1739674415,2023-08-12 17:53:09,1286688,,,,,,,,,,,,,,,,,,,,,,,,,,,,,,,,,,,,,,,,,,,,,,,,,TN
593,dcf2ddfaffbf9900de8ba4a674708bf996d147b6,0.14990689013035385,autoland,4060709,13,fd0dfc9511c4c123e048823de9954312c2b907c1,linux1804-64-shippable-qr,True,False,,|c|o|l|d| |f|i|s|s|i|o|n| |i|n|t|e|r|a|c|t|i|v|e| |w|e|b|r|e|n|d|e|r|,102210fe594ee9b33d82058545b1ed14f4c8206e,fcp,reddit-billgates-post-1.billg,True,reddit-billgates-post-1.billg fcp opt cold fission webrender,,77,ms,firefox,,1739750848,2023-08-13 04:26:09,1286737,,,,,,,,,,,,,,,,,,,,,,,,,,,,,,,,,,,,,,,,,,,,,,,,,TN
594,cbfbab86b8f2ad4e39c90caa2d8e55102609b72d,0.1494413407821229,autoland,4060709,13,fd0dfc9511c4c123e048823de9954312c2b907c1,linux1804-64-shippable-qr,True,False,,|c|o|l|d| |f|i|s|s|i|o|n| |i|n|t|e|r|a|c|t|i|v|e| |w|e|b|r|e|n|d|e|r|,102210fe594ee9b33d82058545b1ed14f4c8206e,fcp,reddit-billgates-post-1.billg,True,reddit-billgates-post-1.billg fcp opt cold fission webrender,,77,ms,firefox,,1739833224,2023-08-13 16:54:11,1286762,,,,,,,,,,,,,,,,,,,,,,,,,,,,,,,,,,,,,,,,,,,,,,,,,TN
595,bdeed1276a3515d597485fc241f9757ff607a9d1,0.14315642458100564,autoland,4060709,13,fd0dfc9511c4c123e048823de9954312c2b907c1,linux1804-64-shippable-qr,True,False,,|c|o|l|d| |f|i|s|s|i|o|n| |i|n|t|e|r|a|c|t|i|v|e| |w|e|b|r|e|n|d|e|r|,102210fe594ee9b33d82058545b1ed14f4c8206e,fcp,reddit-billgates-post-1.billg,True,reddit-billgates-post-1.billg fcp opt cold fission webrender,,77,ms,firefox,,1739910315,2023-08-14 00:32:30,1286792,,,,,,,,,,,,,,,,,,,,,,,,,,,,,,,,,,,,,,,,,,,,,,,,,TN
596,a5bcd3edffd78b69932e1ea7c5dda0894107edaa,0.1692271880819367,autoland,4060709,13,fd0dfc9511c4c123e048823de9954312c2b907c1,linux1804-64-shippable-qr,True,False,,|c|o|l|d| |f|i|s|s|i|o|n| |i|n|t|e|r|a|c|t|i|v|e| |w|e|b|r|e|n|d|e|r|,102210fe594ee9b33d82058545b1ed14f4c8206e,fcp,reddit-billgates-post-1.billg,True,reddit-billgates-post-1.billg fcp opt cold fission webrender,,77,ms,firefox,,1739950537,2023-08-14 06:39:21,1286822,,,,,,,,,,,,,,,,,,,,,,,,,,,,,,,,,,,,,,,,,,,,,,,,,TN
597,64a1445ac4138d208b6412914b12fd0a2e9ff945,0.13198324022346364,autoland,4060709,13,fd0dfc9511c4c123e048823de9954312c2b907c1,linux1804-64-shippable-qr,True,False,,|c|o|l|d| |f|i|s|s|i|o|n| |i|n|t|e|r|a|c|t|i|v|e| |w|e|b|r|e|n|d|e|r|,102210fe594ee9b33d82058545b1ed14f4c8206e,fcp,reddit-billgates-post-1.billg,True,reddit-billgates-post-1.billg fcp opt cold fission webrender,,77,ms,firefox,,1740039822,2023-08-14 10:48:55,1286891,,,,,,,,,,,,,,,,,,,,,,,,,,,,,,,,,,,,,,,,,,,,,,,,,TN
598,966f06db181d109fbc6ac97a296ac28efbb8a5f2,0.16108007448789574,autoland,4060709,13,fd0dfc9511c4c123e048823de9954312c2b907c1,linux1804-64-shippable-qr,True,False,,|c|o|l|d| |f|i|s|s|i|o|n| |i|n|t|e|r|a|c|t|i|v|e| |w|e|b|r|e|n|d|e|r|,102210fe594ee9b33d82058545b1ed14f4c8206e,fcp,reddit-billgates-post-1.billg,True,reddit-billgates-post-1.billg fcp opt cold fission webrender,,77,ms,firefox,,1740079027,2023-08-14 14:03:37,1286990,,,,,,,,,,,,,,,,,,,,,,,,,,,,,,,,,,,,,,,,,,,,,,,,,TN
599,31e28d290422a1535f35bcc058af1c08f4c7359b,0.15083798882681565,autoland,4060709,13,fd0dfc9511c4c123e048823de9954312c2b907c1,linux1804-64-shippable-qr,True,False,,|c|o|l|d| |f|i|s|s|i|o|n| |i|n|t|e|r|a|c|t|i|v|e| |w|e|b|r|e|n|d|e|r|,102210fe594ee9b33d82058545b1ed14f4c8206e,fcp,reddit-billgates-post-1.billg,True,reddit-billgates-post-1.billg fcp opt cold fission webrender,,77,ms,firefox,,1740490554,2023-08-14 14:08:51,1286994,,,,,,,,,,,,,,,,,,,,,,,,,,,,,,,,,,,,,,,,,,,,,,,,,TN
600,8d9f5cc542b6dad03ce85719537d30c4469e20b1,0.15805400372439482,autoland,4060709,13,fd0dfc9511c4c123e048823de9954312c2b907c1,linux1804-64-shippable-qr,True,False,,|c|o|l|d| |f|i|s|s|i|o|n| |i|n|t|e|r|a|c|t|i|v|e| |w|e|b|r|e|n|d|e|r|,102210fe594ee9b33d82058545b1ed14f4c8206e,fcp,reddit-billgates-post-1.billg,True,reddit-billgates-post-1.billg fcp opt cold fission webrender,,77,ms,firefox,,1740474598,2023-08-14 14:09:39,1286995,,,,,,,,,,,,,,,,,,,,,,,,,,,,,,,,,,,,,,,,,,,,,,,,,TN
601,5b1987d52ae19ebe1b311fec0f664563b5bf198d,0.13943202979515834,autoland,4060709,13,fd0dfc9511c4c123e048823de9954312c2b907c1,linux1804-64-shippable-qr,True,False,,|c|o|l|d| |f|i|s|s|i|o|n| |i|n|t|e|r|a|c|t|i|v|e| |w|e|b|r|e|n|d|e|r|,102210fe594ee9b33d82058545b1ed14f4c8206e,fcp,reddit-billgates-post-1.billg,True,reddit-billgates-post-1.billg fcp opt cold fission webrender,,77,ms,firefox,,1740167077,2023-08-14 16:54:04,1287092,,,,,,,,,,,,,,,,,,,,,,,,,,,,,,,,,,,,,,,,,,,,,,,,,TN
602,e69719641442a9b020920854741bcc703d699bc9,0.1429236499068901,autoland,4060709,13,fd0dfc9511c4c123e048823de9954312c2b907c1,linux1804-64-shippable-qr,True,False,,|c|o|l|d| |f|i|s|s|i|o|n| |i|n|t|e|r|a|c|t|i|v|e| |w|e|b|r|e|n|d|e|r|,102210fe594ee9b33d82058545b1ed14f4c8206e,fcp,reddit-billgates-post-1.billg,True,reddit-billgates-post-1.billg fcp opt cold fission webrender,,77,ms,firefox,,1740463571,2023-08-14 18:39:26,1287157,,,,,,,,,,,,,,,,,,,,,,,,,,,,,,,,,,,,,,,,,,,,,,,,,TN
603,98ec3e8e37bd0c1dd0d57c0b66e97f6de4d5f66c,0.13756983240223464,autoland,4060709,13,fd0dfc9511c4c123e048823de9954312c2b907c1,linux1804-64-shippable-qr,True,False,,|c|o|l|d| |f|i|s|s|i|o|n| |i|n|t|e|r|a|c|t|i|v|e| |w|e|b|r|e|n|d|e|r|,102210fe594ee9b33d82058545b1ed14f4c8206e,fcp,reddit-billgates-post-1.billg,True,reddit-billgates-post-1.billg fcp opt cold fission webrender,,77,ms,firefox,,1740500341,2023-08-14 18:43:30,1287159,,,,,,,,,,,,,,,,,,,,,,,,,,,,,,,,,,,,,,,,,,,,,,,,,TN
604,7081c01a8f314a82bc3c055c11f0880dc2b706fb,0.11941340782122911,autoland,4060709,13,fd0dfc9511c4c123e048823de9954312c2b907c1,linux1804-64-shippable-qr,True,False,,|c|o|l|d| |f|i|s|s|i|o|n| |i|n|t|e|r|a|c|t|i|v|e| |w|e|b|r|e|n|d|e|r|,102210fe594ee9b33d82058545b1ed14f4c8206e,fcp,reddit-billgates-post-1.billg,True,reddit-billgates-post-1.billg fcp opt cold fission webrender,,77,ms,firefox,,1740295422,2023-08-14 21:20:15,1287268,,,,,,,,,,,,,,,,,,,,,,,,,,,,,,,,,,,,,,,,,,,,,,,,,TN
605,88ec6682eab1c5c36cb839c8db0156446559a1cb,0.1485102420856611,autoland,4060709,13,fd0dfc9511c4c123e048823de9954312c2b907c1,linux1804-64-shippable-qr,True,False,,|c|o|l|d| |f|i|s|s|i|o|n| |i|n|t|e|r|a|c|t|i|v|e| |w|e|b|r|e|n|d|e|r|,102210fe594ee9b33d82058545b1ed14f4c8206e,fcp,reddit-billgates-post-1.billg,True,reddit-billgates-post-1.billg fcp opt cold fission webrender,,77,ms,firefox,,1740363092,2023-08-14 23:25:21,1287331,,,,,,,,,,,,,,,,,,,,,,,,,,,,,,,,,,,,,,,,,,,,,,,,,TN
606,ef2753ba331b17b408096bfd42e83a91039b995d,0.17993482309124764,autoland,4060709,13,fd0dfc9511c4c123e048823de9954312c2b907c1,linux1804-64-shippable-qr,True,False,,|c|o|l|d| |f|i|s|s|i|o|n| |i|n|t|e|r|a|c|t|i|v|e| |w|e|b|r|e|n|d|e|r|,102210fe594ee9b33d82058545b1ed14f4c8206e,fcp,reddit-billgates-post-1.billg,True,reddit-billgates-post-1.billg fcp opt cold fission webrender,,77,ms,firefox,,1740429840,2023-08-15 03:40:03,1287395,,,,,,,,,,,,,,,,,,,,,,,,,,,,,,,,,,,,,,,,,,,,,,,,,TN
607,0038346134ec0c0912660c19edced48ff4c9996b,0.11475791433891991,autoland,4060709,13,fd0dfc9511c4c123e048823de9954312c2b907c1,linux1804-64-shippable-qr,True,False,,|c|o|l|d| |f|i|s|s|i|o|n| |i|n|t|e|r|a|c|t|i|v|e| |w|e|b|r|e|n|d|e|r|,102210fe594ee9b33d82058545b1ed14f4c8206e,fcp,reddit-billgates-post-1.billg,True,reddit-billgates-post-1.billg fcp opt cold fission webrender,,77,ms,firefox,,1740636353,2023-08-15 12:15:00,1287534,,,,,,,,,,,,,,,,,,,,,,,,,,,,,,,,,,,,,,,,,,,,,,,,,TN
608,34ea39f6bd8afd706e571c5a5c5557f8f02274c7,0.15386405959031657,autoland,4060709,13,fd0dfc9511c4c123e048823de9954312c2b907c1,linux1804-64-shippable-qr,True,False,,|c|o|l|d| |f|i|s|s|i|o|n| |i|n|t|e|r|a|c|t|i|v|e| |w|e|b|r|e|n|d|e|r|,102210fe594ee9b33d82058545b1ed14f4c8206e,fcp,reddit-billgates-post-1.billg,True,reddit-billgates-post-1.billg fcp opt cold fission webrender,,77,ms,firefox,,1740623934,2023-08-15 12:16:05,1287535,,,,,,,,,,,,,,,,,,,,,,,,,,,,,,,,,,,,,,,,,,,,,,,,,TN
609,e22b9fd845f91f33a25fd6da2d0f6c46e5a73fda,0.1305865921787709,autoland,4060709,13,fd0dfc9511c4c123e048823de9954312c2b907c1,linux1804-64-shippable-qr,True,False,,|c|o|l|d| |f|i|s|s|i|o|n| |i|n|t|e|r|a|c|t|i|v|e| |w|e|b|r|e|n|d|e|r|,102210fe594ee9b33d82058545b1ed14f4c8206e,fcp,reddit-billgates-post-1.billg,True,reddit-billgates-post-1.billg fcp opt cold fission webrender,,77,ms,firefox,,1741101896,2023-08-15 12:37:24,1287550,,,,,,,,,,,,,,,,,,,,,,,,,,,,,,,,,,,,,,,,,,,,,,,,,TN
610,98924afbd295dc09b62c5086c76b9e8ff5089521,0.18016759776536317,autoland,4060709,13,fd0dfc9511c4c123e048823de9954312c2b907c1,linux1804-64-shippable-qr,True,False,,|c|o|l|d| |f|i|s|s|i|o|n| |i|n|t|e|r|a|c|t|i|v|e| |w|e|b|r|e|n|d|e|r|,102210fe594ee9b33d82058545b1ed14f4c8206e,fcp,reddit-billgates-post-1.billg,True,reddit-billgates-post-1.billg fcp opt cold fission webrender,,77,ms,firefox,,1741116373,2023-08-15 12:57:24,1287555,,,,,,,,,,,,,,,,,,,,,,,,,,,,,,,,,,,,,,,,,,,,,,,,,TN
611,c01a1256082294777509d59591b44cc1a9a54101,0.125,autoland,4060709,13,fd0dfc9511c4c123e048823de9954312c2b907c1,linux1804-64-shippable-qr,True,False,,|c|o|l|d| |f|i|s|s|i|o|n| |i|n|t|e|r|a|c|t|i|v|e| |w|e|b|r|e|n|d|e|r|,102210fe594ee9b33d82058545b1ed14f4c8206e,fcp,reddit-billgates-post-1.billg,True,reddit-billgates-post-1.billg fcp opt cold fission webrender,,77,ms,firefox,,1740815898,2023-08-15 17:48:00,1287732,,,,,,,,,,,,,,,,,,,,,,,,,,,,,,,,,,,,,,,,,,,,,,,,,TN
612,b6d00af33f9f1879900a9ff148f77a03de4ca507,0.15107076350093107,autoland,4060709,13,fd0dfc9511c4c123e048823de9954312c2b907c1,linux1804-64-shippable-qr,True,False,,|c|o|l|d| |f|i|s|s|i|o|n| |i|n|t|e|r|a|c|t|i|v|e| |w|e|b|r|e|n|d|e|r|,102210fe594ee9b33d82058545b1ed14f4c8206e,fcp,reddit-billgates-post-1.billg,True,reddit-billgates-post-1.billg fcp opt cold fission webrender,,77,ms,firefox,,1740917657,2023-08-15 20:18:28,1287829,,,,,,,,,,,,,,,,,,,,,,,,,,,,,,,,,,,,,,,,,,,,,,,,,TN
613,d89c15eac4ec564501a3193bdcd58be7d02393c5,0.16689944134078205,autoland,4060709,13,fd0dfc9511c4c123e048823de9954312c2b907c1,linux1804-64-shippable-qr,True,False,,|c|o|l|d| |f|i|s|s|i|o|n| |i|n|t|e|r|a|c|t|i|v|e| |w|e|b|r|e|n|d|e|r|,102210fe594ee9b33d82058545b1ed14f4c8206e,fcp,reddit-billgates-post-1.billg,True,reddit-billgates-post-1.billg fcp opt cold fission webrender,,77,ms,firefox,,1741825285,2023-08-15 23:56:07,1287949,,,,,,,,,,,,,,,,,,,,,,,,,,,,,,,,,,,,,,,,,,,,,,,,,TN
614,e3e4e48f102fd5baecd164c042650d7ed05a3d4a,0.14269087523277468,autoland,4060709,13,fd0dfc9511c4c123e048823de9954312c2b907c1,linux1804-64-shippable-qr,True,False,,|c|o|l|d| |f|i|s|s|i|o|n| |i|n|t|e|r|a|c|t|i|v|e| |w|e|b|r|e|n|d|e|r|,102210fe594ee9b33d82058545b1ed14f4c8206e,fcp,reddit-billgates-post-1.billg,True,reddit-billgates-post-1.billg fcp opt cold fission webrender,,77,ms,firefox,,1741855055,2023-08-16 00:04:54,1287957,,,,,,,,,,,,,,,,,,,,,,,,,,,,,,,,,,,,,,,,,,,,,,,,,TN
615,af1979bb2dd22b96889d47af7852253d7f161693,0.18179702048417135,autoland,4060709,13,fd0dfc9511c4c123e048823de9954312c2b907c1,linux1804-64-shippable-qr,True,False,,|c|o|l|d| |f|i|s|s|i|o|n| |i|n|t|e|r|a|c|t|i|v|e| |w|e|b|r|e|n|d|e|r|,102210fe594ee9b33d82058545b1ed14f4c8206e,fcp,reddit-billgates-post-1.billg,True,reddit-billgates-post-1.billg fcp opt cold fission webrender,,77,ms,firefox,,1741035480,2023-08-16 01:44:13,1287987,,,,,,,,,,,,,,,,,,,,,,,,,,,,,,,,,,,,,,,,,,,,,,,,,TN
616,4d7123b9c5729f33db3288141ea7502fae3cbadc,0.15875232774674108,autoland,4060709,13,fd0dfc9511c4c123e048823de9954312c2b907c1,linux1804-64-shippable-qr,True,False,,|c|o|l|d| |f|i|s|s|i|o|n| |i|n|t|e|r|a|c|t|i|v|e| |w|e|b|r|e|n|d|e|r|,102210fe594ee9b33d82058545b1ed14f4c8206e,fcp,reddit-billgates-post-1.billg,True,reddit-billgates-post-1.billg fcp opt cold fission webrender,,77,ms,firefox,,1741140985,2023-08-16 06:09:24,1288100,,,,,,,,,,,,,,,,,,,,,,,,,,,,,,,,,,,,,,,,,,,,,,,,,TN
617,3ba3d3cb9bb7860efcbb623d34fc5d721fc7cfcb,0.13850093109869643,autoland,4060709,13,fd0dfc9511c4c123e048823de9954312c2b907c1,linux1804-64-shippable-qr,True,False,,|c|o|l|d| |f|i|s|s|i|o|n| |i|n|t|e|r|a|c|t|i|v|e| |w|e|b|r|e|n|d|e|r|,102210fe594ee9b33d82058545b1ed14f4c8206e,fcp,reddit-billgates-post-1.billg,True,reddit-billgates-post-1.billg fcp opt cold fission webrender,,77,ms,firefox,,1741185559,2023-08-16 07:28:11,1288129,,,,,,,,,,,,,,,,,,,,,,,,,,,,,,,,,,,,,,,,,,,,,,,,,TN
618,3cbe8cb45dab35d18ef4ffb5481be55dfabf47c7,0.10963687150837986,autoland,4060709,13,fd0dfc9511c4c123e048823de9954312c2b907c1,linux1804-64-shippable-qr,True,False,,|c|o|l|d| |f|i|s|s|i|o|n| |i|n|t|e|r|a|c|t|i|v|e| |w|e|b|r|e|n|d|e|r|,102210fe594ee9b33d82058545b1ed14f4c8206e,fcp,reddit-billgates-post-1.billg,True,reddit-billgates-post-1.billg fcp opt cold fission webrender,,77,ms,firefox,,1741294277,2023-08-16 10:40:28,1288233,,,,,,,,,,,,,,,,,,,,,,,,,,,,,,,,,,,,,,,,,,,,,,,,,TN
619,8a73ffb04e0b980e31fed0ef3226cec7dc161d52,0.13873370577281186,autoland,4060709,13,fd0dfc9511c4c123e048823de9954312c2b907c1,linux1804-64-shippable-qr,True,False,,|c|o|l|d| |f|i|s|s|i|o|n| |i|n|t|e|r|a|c|t|i|v|e| |w|e|b|r|e|n|d|e|r|,102210fe594ee9b33d82058545b1ed14f4c8206e,fcp,reddit-billgates-post-1.billg,True,reddit-billgates-post-1.billg fcp opt cold fission webrender,,77,ms,firefox,,1741769419,2023-08-16 12:28:12,1288290,,,,,,,,,,,,,,,,,,,,,,,,,,,,,,,,,,,,,,,,,,,,,,,,,TN
620,7122f40ccb24e35d458d3a857d77fe59f96a6f12,0.1389664804469274,autoland,4060709,13,fd0dfc9511c4c123e048823de9954312c2b907c1,linux1804-64-shippable-qr,True,False,,|c|o|l|d| |f|i|s|s|i|o|n| |i|n|t|e|r|a|c|t|i|v|e| |w|e|b|r|e|n|d|e|r|,102210fe594ee9b33d82058545b1ed14f4c8206e,fcp,reddit-billgates-post-1.billg,True,reddit-billgates-post-1.billg fcp opt cold fission webrender,,77,ms,firefox,,1741861640,2023-08-16 13:01:50,1288300,,,,,,,,,,,,,,,,,,,,,,,,,,,,,,,,,,,,,,,,,,,,,,,,,TN
621,1cafd355bbcf32aae501b9419edec5e7c8a59968,0.13105214152700184,autoland,4060709,13,fd0dfc9511c4c123e048823de9954312c2b907c1,linux1804-64-shippable-qr,True,False,,|c|o|l|d| |f|i|s|s|i|o|n| |i|n|t|e|r|a|c|t|i|v|e| |w|e|b|r|e|n|d|e|r|,102210fe594ee9b33d82058545b1ed14f4c8206e,fcp,reddit-billgates-post-1.billg,True,reddit-billgates-post-1.billg fcp opt cold fission webrender,,77,ms,firefox,,1741406152,2023-08-16 14:37:22,1288343,,,,,,,,,,,,,,,,,,,,,,,,,,,,,,,,,,,,,,,,,,,,,,,,,TN
622,76c2ef9d279ab62d4513c845d1c71e49aaf07d8c,0.1457169459962756,autoland,4060709,13,fd0dfc9511c4c123e048823de9954312c2b907c1,linux1804-64-shippable-qr,True,False,,|c|o|l|d| |f|i|s|s|i|o|n| |i|n|t|e|r|a|c|t|i|v|e| |w|e|b|r|e|n|d|e|r|,102210fe594ee9b33d82058545b1ed14f4c8206e,fcp,reddit-billgates-post-1.billg,True,reddit-billgates-post-1.billg fcp opt cold fission webrender,,77,ms,firefox,,1741778617,2023-08-16 17:18:17,1288437,,,,,,,,,,,,,,,,,,,,,,,,,,,,,,,,,,,,,,,,,,,,,,,,,TN
623,e679173f9fd8ae276789ca7302817d53d23baab4,0.1475791433891993,autoland,4060709,13,fd0dfc9511c4c123e048823de9954312c2b907c1,linux1804-64-shippable-qr,True,False,,|c|o|l|d| |f|i|s|s|i|o|n| |i|n|t|e|r|a|c|t|i|v|e| |w|e|b|r|e|n|d|e|r|,102210fe594ee9b33d82058545b1ed14f4c8206e,fcp,reddit-billgates-post-1.billg,True,reddit-billgates-post-1.billg fcp opt cold fission webrender,,77,ms,firefox,,1741846026,2023-08-16 17:19:17,1288439,,,,,,,,,,,,,,,,,,,,,,,,,,,,,,,,,,,,,,,,,,,,,,,,,TN
624,1c8dec8815d59d488dc44109a4361dcec573ec0a,0.12942271880819367,autoland,4060709,13,fd0dfc9511c4c123e048823de9954312c2b907c1,linux1804-64-shippable-qr,True,False,,|c|o|l|d| |f|i|s|s|i|o|n| |i|n|t|e|r|a|c|t|i|v|e| |w|e|b|r|e|n|d|e|r|,102210fe594ee9b33d82058545b1ed14f4c8206e,fcp,reddit-billgates-post-1.billg,True,reddit-billgates-post-1.billg fcp opt cold fission webrender,,77,ms,firefox,,1741603837,2023-08-16 18:57:22,1288496,,,,,,,,,,,,,,,,,,,,,,,,,,,,,,,,,,,,,,,,,,,,,,,,,TN
625,4e21d241af64f5d1f3b4796d48ab8d58a961f081,0.17900372439478585,autoland,4060709,13,fd0dfc9511c4c123e048823de9954312c2b907c1,linux1804-64-shippable-qr,True,False,,|c|o|l|d| |f|i|s|s|i|o|n| |i|n|t|e|r|a|c|t|i|v|e| |w|e|b|r|e|n|d|e|r|,102210fe594ee9b33d82058545b1ed14f4c8206e,fcp,reddit-billgates-post-1.billg,True,reddit-billgates-post-1.billg fcp opt cold fission webrender,,77,ms,firefox,,1741691961,2023-08-16 23:04:52,1288666,,,,,,,,,,,,,,,,,,,,,,,,,,,,,,,,,,,,,,,,,,,,,,,,,TN
626,200aa08042f1b584401fd4aca219d4b68edf7973,0.1634078212290503,autoland,4060709,13,fd0dfc9511c4c123e048823de9954312c2b907c1,linux1804-64-shippable-qr,True,False,,|c|o|l|d| |f|i|s|s|i|o|n| |i|n|t|e|r|a|c|t|i|v|e| |w|e|b|r|e|n|d|e|r|,102210fe594ee9b33d82058545b1ed14f4c8206e,fcp,reddit-billgates-post-1.billg,True,reddit-billgates-post-1.billg fcp opt cold fission webrender,,77,ms,firefox,,1741708095,2023-08-16 23:22:50,1288675,,,,,,,,,,,,,,,,,,,,,,,,,,,,,,,,,,,,,,,,,,,,,,,,,TN
627,18db2934736dc8d16e5b5840ec0b170aef5c0c3b,0.14315642458100564,autoland,4060709,13,fd0dfc9511c4c123e048823de9954312c2b907c1,linux1804-64-shippable-qr,True,False,,|c|o|l|d| |f|i|s|s|i|o|n| |i|n|t|e|r|a|c|t|i|v|e| |w|e|b|r|e|n|d|e|r|,102210fe594ee9b33d82058545b1ed14f4c8206e,fcp,reddit-billgates-post-1.billg,True,reddit-billgates-post-1.billg fcp opt cold fission webrender,,77,ms,firefox,,1741806116,2023-08-17 04:16:28,1288753,,,,,,,,,,,,,,,,,,,,,,,,,,,,,,,,,,,,,,,,,,,,,,,,,TN
628,bee27401511bf375891968a9ca78d7ef74d19962,0.1268621973929237,autoland,4060709,13,fd0dfc9511c4c123e048823de9954312c2b907c1,linux1804-64-shippable-qr,True,False,,|c|o|l|d| |f|i|s|s|i|o|n| |i|n|t|e|r|a|c|t|i|v|e| |w|e|b|r|e|n|d|e|r|,102210fe594ee9b33d82058545b1ed14f4c8206e,fcp,reddit-billgates-post-1.billg,True,reddit-billgates-post-1.billg fcp opt cold fission webrender,,77,ms,firefox,,1741930218,2023-08-17 08:24:55,1288813,,,,,,,,,,,,,,,,,,,,,,,,,,,,,,,,,,,,,,,,,,,,,,,,,TN
629,78e7cb2837e7dec0ef55a2f5f383625335ad2520,0.17714152700186214,autoland,4060709,13,fd0dfc9511c4c123e048823de9954312c2b907c1,linux1804-64-shippable-qr,True,False,,|c|o|l|d| |f|i|s|s|i|o|n| |i|n|t|e|r|a|c|t|i|v|e| |w|e|b|r|e|n|d|e|r|,102210fe594ee9b33d82058545b1ed14f4c8206e,fcp,reddit-billgates-post-1.billg,True,reddit-billgates-post-1.billg fcp opt cold fission webrender,,77,ms,firefox,,1741994462,2023-08-17 10:09:55,1288847,,,,,,,,,,,,,,,,,,,,,,,,,,,,,,,,,,,,,,,,,,,,,,,,,TN
630,776fbad509150f69418e1f44fa2580c651211253,0.16783054003724396,autoland,4060709,13,fd0dfc9511c4c123e048823de9954312c2b907c1,linux1804-64-shippable-qr,True,False,,|c|o|l|d| |f|i|s|s|i|o|n| |i|n|t|e|r|a|c|t|i|v|e| |w|e|b|r|e|n|d|e|r|,102210fe594ee9b33d82058545b1ed14f4c8206e,fcp,reddit-billgates-post-1.billg,True,reddit-billgates-post-1.billg fcp opt cold fission webrender,,77,ms,firefox,,1742088924,2023-08-17 14:34:38,1288953,,,,,,,,,,,,,,,,,,,,,,,,,,,,,,,,,,,,,,,,,,,,,,,,,TN
631,aac1f1d71d5251ffb80e7a22087e1c473e53069d,0.12290502793296088,autoland,4060709,13,fd0dfc9511c4c123e048823de9954312c2b907c1,linux1804-64-shippable-qr,True,False,,|c|o|l|d| |f|i|s|s|i|o|n| |i|n|t|e|r|a|c|t|i|v|e| |w|e|b|r|e|n|d|e|r|,102210fe594ee9b33d82058545b1ed14f4c8206e,fcp,reddit-billgates-post-1.billg,True,reddit-billgates-post-1.billg fcp opt cold fission webrender,,77,ms,firefox,,1742166999,2023-08-17 16:13:13,1289025,,,,,,,,,,,,,,,,,,,,,,,,,,,,,,,,,,,,,,,,,,,,,,,,,TN
632,d6e3a985fda44edfa84fae3ecc4b52e6b732f09e,0.13850093109869643,autoland,4060709,13,fd0dfc9511c4c123e048823de9954312c2b907c1,linux1804-64-shippable-qr,True,False,,|c|o|l|d| |f|i|s|s|i|o|n| |i|n|t|e|r|a|c|t|i|v|e| |w|e|b|r|e|n|d|e|r|,102210fe594ee9b33d82058545b1ed14f4c8206e,fcp,reddit-billgates-post-1.billg,True,reddit-billgates-post-1.billg fcp opt cold fission webrender,,77,ms,firefox,,1742573477,2023-08-17 18:39:00,1289103,,,,,,,,,,,,,,,,,,,,,,,,,,,,,,,,,,,,,,,,,,,,,,,,,TN
633,42f016209a0fa6eb7e2f00106a5dea63b63bf689,0.159683426443203,autoland,4060709,13,fd0dfc9511c4c123e048823de9954312c2b907c1,linux1804-64-shippable-qr,True,False,,|c|o|l|d| |f|i|s|s|i|o|n| |i|n|t|e|r|a|c|t|i|v|e| |w|e|b|r|e|n|d|e|r|,102210fe594ee9b33d82058545b1ed14f4c8206e,fcp,reddit-billgates-post-1.billg,True,reddit-billgates-post-1.billg fcp opt cold fission webrender,,77,ms,firefox,,1742646913,2023-08-17 18:44:39,1289111,,,,,,,,,,,,,,,,,,,,,,,,,,,,,,,,,,,,,,,,,,,,,,,,,TN
634,a317d1d25b687e15043cbc110d81765aeb149752,0.15456238361266295,autoland,4060709,13,fd0dfc9511c4c123e048823de9954312c2b907c1,linux1804-64-shippable-qr,True,False,,|c|o|l|d| |f|i|s|s|i|o|n| |i|n|t|e|r|a|c|t|i|v|e| |w|e|b|r|e|n|d|e|r|,102210fe594ee9b33d82058545b1ed14f4c8206e,fcp,reddit-billgates-post-1.billg,True,reddit-billgates-post-1.billg fcp opt cold fission webrender,,77,ms,firefox,,1742639088,2023-08-17 19:33:04,1289134,,,,,,,,,,,,,,,,,,,,,,,,,,,,,,,,,,,,,,,,,,,,,,,,,TN
635,e3a24ea4f8b0be504990cbc266d7af273804678e,0.1571229050279329,autoland,4060709,13,fd0dfc9511c4c123e048823de9954312c2b907c1,linux1804-64-shippable-qr,True,False,,|c|o|l|d| |f|i|s|s|i|o|n| |i|n|t|e|r|a|c|t|i|v|e| |w|e|b|r|e|n|d|e|r|,102210fe594ee9b33d82058545b1ed14f4c8206e,fcp,reddit-billgates-post-1.billg,True,reddit-billgates-post-1.billg fcp opt cold fission webrender,,77,ms,firefox,,1742342954,2023-08-17 19:44:04,1289144,,,,,,,,,,,,,,,,,,,,,,,,,,,,,,,,,,,,,,,,,,,,,,,,,TN
636,990790cb4b9bfd20fd7683f2815d50585f5dcba2,0.13780260707635006,autoland,4060709,13,fd0dfc9511c4c123e048823de9954312c2b907c1,linux1804-64-shippable-qr,True,False,,|c|o|l|d| |f|i|s|s|i|o|n| |i|n|t|e|r|a|c|t|i|v|e| |w|e|b|r|e|n|d|e|r|,102210fe594ee9b33d82058545b1ed14f4c8206e,fcp,reddit-billgates-post-1.billg,True,reddit-billgates-post-1.billg fcp opt cold fission webrender,,77,ms,firefox,,1742448201,2023-08-18 00:01:41,1289285,,,,,,,,,,,,,,,,,,,,,,,,,,,,,,,,,,,,,,,,,,,,,,,,,TN
637,deca2c956e89b8e65d2a1b0fcb79db8b991a7046,0.1457169459962756,autoland,4060709,13,fd0dfc9511c4c123e048823de9954312c2b907c1,linux1804-64-shippable-qr,True,False,,|c|o|l|d| |f|i|s|s|i|o|n| |i|n|t|e|r|a|c|t|i|v|e| |w|e|b|r|e|n|d|e|r|,102210fe594ee9b33d82058545b1ed14f4c8206e,fcp,reddit-billgates-post-1.billg,True,reddit-billgates-post-1.billg fcp opt cold fission webrender,,77,ms,firefox,,1742626431,2023-08-18 04:25:36,1289346,,,,,,,,,,,,,,,,,,,,,,,,,,,,,,,,,,,,,,,,,,,,,,,,,TN
638,87da0265a044885f5ed64cc9ce2b961721d2142e,0.1624767225325885,autoland,4060709,13,fd0dfc9511c4c123e048823de9954312c2b907c1,linux1804-64-shippable-qr,True,False,,|c|o|l|d| |f|i|s|s|i|o|n| |i|n|t|e|r|a|c|t|i|v|e| |w|e|b|r|e|n|d|e|r|,102210fe594ee9b33d82058545b1ed14f4c8206e,fcp,reddit-billgates-post-1.billg,True,reddit-billgates-post-1.billg fcp opt cold fission webrender,,77,ms,firefox,,1742658152,2023-08-18 05:21:52,1289351,,,,,,,,,,,,,,,,,,,,,,,,,,,,,,,,,,,,,,,,,,,,,,,,,TN
639,e2305368eaae41c8b47dd15f03addc2ec4fe0504,0.16317504655493476,autoland,4060709,13,fd0dfc9511c4c123e048823de9954312c2b907c1,linux1804-64-shippable-qr,True,False,,|c|o|l|d| |f|i|s|s|i|o|n| |i|n|t|e|r|a|c|t|i|v|e| |w|e|b|r|e|n|d|e|r|,102210fe594ee9b33d82058545b1ed14f4c8206e,fcp,reddit-billgates-post-1.billg,True,reddit-billgates-post-1.billg fcp opt cold fission webrender,,77,ms,firefox,,1742804722,2023-08-18 14:09:35,1289469,,,,,,,,,,,,,,,,,,,,,,,,,,,,,,,,,,,,,,,,,,,,,,,,,TN
640,62feb2305afdcba50bd84b58cd2ab152d53c61e7,0.14082867783985098,autoland,4060709,13,fd0dfc9511c4c123e048823de9954312c2b907c1,linux1804-64-shippable-qr,True,False,,|c|o|l|d| |f|i|s|s|i|o|n| |i|n|t|e|r|a|c|t|i|v|e| |w|e|b|r|e|n|d|e|r|,102210fe594ee9b33d82058545b1ed14f4c8206e,fcp,reddit-billgates-post-1.billg,True,reddit-billgates-post-1.billg fcp opt cold fission webrender,,77,ms,firefox,,1742946766,2023-08-18 19:46:30,1289627,,,,,,,,,,,,,,,,,,,,,,,,,,,,,,,,,,,,,,,,,,,,,,,,,TN
641,9814020284505cbc4a6075b3b7aba216be0632f8,0.15293296089385466,autoland,4060709,13,fd0dfc9511c4c123e048823de9954312c2b907c1,linux1804-64-shippable-qr,True,False,,|c|o|l|d| |f|i|s|s|i|o|n| |i|n|t|e|r|a|c|t|i|v|e| |w|e|b|r|e|n|d|e|r|,102210fe594ee9b33d82058545b1ed14f4c8206e,fcp,reddit-billgates-post-1.billg,True,reddit-billgates-post-1.billg fcp opt cold fission webrender,,77,ms,firefox,,1743059865,2023-08-19 05:41:08,1289731,,,,,,,,,,,,,,,,,,,,,,,,,,,,,,,,,,,,,,,,,,,,,,,,,TN
642,8fefefd6da577f8b3d842ea07120af9e964c09b5,0.12453445065176905,autoland,4060709,13,fd0dfc9511c4c123e048823de9954312c2b907c1,linux1804-64-shippable-qr,True,False,,|c|o|l|d| |f|i|s|s|i|o|n| |i|n|t|e|r|a|c|t|i|v|e| |w|e|b|r|e|n|d|e|r|,102210fe594ee9b33d82058545b1ed14f4c8206e,fcp,reddit-billgates-post-1.billg,True,reddit-billgates-post-1.billg fcp opt cold fission webrender,,77,ms,firefox,,1743121354,2023-08-19 11:55:58,1289750,,,,,,,,,,,,,,,,,,,,,,,,,,,,,,,,,,,,,,,,,,,,,,,,,TN
643,00ae001484c9ff1069878dc66b64e3cd07b706f4,0.1466480446927374,autoland,4060709,13,fd0dfc9511c4c123e048823de9954312c2b907c1,linux1804-64-shippable-qr,True,False,,|c|o|l|d| |f|i|s|s|i|o|n| |i|n|t|e|r|a|c|t|i|v|e| |w|e|b|r|e|n|d|e|r|,102210fe594ee9b33d82058545b1ed14f4c8206e,fcp,reddit-billgates-post-1.billg,True,reddit-billgates-post-1.billg fcp opt cold fission webrender,,77,ms,firefox,,1743140534,2023-08-19 16:49:23,1289762,,,,,,,,,,,,,,,,,,,,,,,,,,,,,,,,,,,,,,,,,,,,,,,,,TN
644,80d255ac1919800d21a7e2a610fbcd6fda43ed99,0.16038175046554937,autoland,4060709,13,fd0dfc9511c4c123e048823de9954312c2b907c1,linux1804-64-shippable-qr,True,False,,|c|o|l|d| |f|i|s|s|i|o|n| |i|n|t|e|r|a|c|t|i|v|e| |w|e|b|r|e|n|d|e|r|,102210fe594ee9b33d82058545b1ed14f4c8206e,fcp,reddit-billgates-post-1.billg,True,reddit-billgates-post-1.billg fcp opt cold fission webrender,,77,ms,firefox,,1743434875,2023-08-21 01:56:25,1289869,,,,,,,,,,,,,,,,,,,,,,,,,,,,,,,,,,,,,,,,,,,,,,,,,TN
645,a4b3b09ad08da2e5b588b641b24f767ff91e5912,0.13175046554934822,autoland,4060709,13,fd0dfc9511c4c123e048823de9954312c2b907c1,linux1804-64-shippable-qr,True,False,,|c|o|l|d| |f|i|s|s|i|o|n| |i|n|t|e|r|a|c|t|i|v|e| |w|e|b|r|e|n|d|e|r|,102210fe594ee9b33d82058545b1ed14f4c8206e,fcp,reddit-billgates-post-1.billg,True,reddit-billgates-post-1.billg fcp opt cold fission webrender,,77,ms,firefox,,1743500584,2023-08-21 07:01:47,1289886,,,,,,,,,,,,,,,,,,,,,,,,,,,,,,,,,,,,,,,,,,,,,,,,,TN
646,bc597f54f9cf91b3284e6f593c33ca79ec723077,0.13175046554934822,autoland,4060709,13,fd0dfc9511c4c123e048823de9954312c2b907c1,linux1804-64-shippable-qr,True,False,,|c|o|l|d| |f|i|s|s|i|o|n| |i|n|t|e|r|a|c|t|i|v|e| |w|e|b|r|e|n|d|e|r|,102210fe594ee9b33d82058545b1ed14f4c8206e,fcp,reddit-billgates-post-1.billg,True,reddit-billgates-post-1.billg fcp opt cold fission webrender,,77,ms,firefox,,1743677854,2023-08-21 15:24:43,1290025,,,,,,,,,,,,,,,,,,,,,,,,,,,,,,,,,,,,,,,,,,,,,,,,,TN
647,82b916987920b0a9e2071c575073cbcff078021a,0.14967411545623843,autoland,4060709,13,fd0dfc9511c4c123e048823de9954312c2b907c1,linux1804-64-shippable-qr,True,False,,|c|o|l|d| |f|i|s|s|i|o|n| |i|n|t|e|r|a|c|t|i|v|e| |w|e|b|r|e|n|d|e|r|,102210fe594ee9b33d82058545b1ed14f4c8206e,fcp,reddit-billgates-post-1.billg,True,reddit-billgates-post-1.billg fcp opt cold fission webrender,,77,ms,firefox,,1743742726,2023-08-21 19:46:12,1290082,,,,,,,,,,,,,,,,,,,,,,,,,,,,,,,,,,,,,,,,,,,,,,,,,TN
648,1bbf9fc4d2dc2a1ff3ccf67fb65cedc71fcc0291,0.15363128491620115,autoland,4060709,13,fd0dfc9511c4c123e048823de9954312c2b907c1,linux1804-64-shippable-qr,True,False,,|c|o|l|d| |f|i|s|s|i|o|n| |i|n|t|e|r|a|c|t|i|v|e| |w|e|b|r|e|n|d|e|r|,102210fe594ee9b33d82058545b1ed14f4c8206e,fcp,reddit-billgates-post-1.billg,True,reddit-billgates-post-1.billg fcp opt cold fission webrender,,77,ms,firefox,,1743821246,2023-08-22 01:01:20,1290123,,,,,,,,,,,,,,,,,,,,,,,,,,,,,,,,,,,,,,,,,,,,,,,,,TN
649,e5eaba75408ae99aad9253d54cd09efb8f5a50ec,0.1354748603351955,autoland,4060709,13,fd0dfc9511c4c123e048823de9954312c2b907c1,linux1804-64-shippable-qr,True,False,,|c|o|l|d| |f|i|s|s|i|o|n| |i|n|t|e|r|a|c|t|i|v|e| |w|e|b|r|e|n|d|e|r|,102210fe594ee9b33d82058545b1ed14f4c8206e,fcp,reddit-billgates-post-1.billg,True,reddit-billgates-post-1.billg fcp opt cold fission webrender,,77,ms,firefox,,1744446946,2023-08-22 11:00:38,1290200,,,,,,,,,,,,,,,,,,,,,,,,,,,,,,,,,,,,,,,,,,,,,,,,,TN
650,81c3a95411ab3d706659872a9aedef21494cac9c,0.17970204841713222,autoland,4060709,13,fd0dfc9511c4c123e048823de9954312c2b907c1,linux1804-64-shippable-qr,True,False,,|c|o|l|d| |f|i|s|s|i|o|n| |i|n|t|e|r|a|c|t|i|v|e| |w|e|b|r|e|n|d|e|r|,102210fe594ee9b33d82058545b1ed14f4c8206e,fcp,reddit-billgates-post-1.billg,True,reddit-billgates-post-1.billg fcp opt cold fission webrender,,77,ms,firefox,,1744027701,2023-08-22 11:50:17,1290203,,,,,,,,,,,,,,,,,,,,,,,,,,,,,,,,,,,,,,,,,,,,,,,,,TN
651,eccdb961d59ca1e4315f6b2d255d638be86d8f63,0.15921787709497204,autoland,4060709,13,fd0dfc9511c4c123e048823de9954312c2b907c1,linux1804-64-shippable-qr,True,False,,|c|o|l|d| |f|i|s|s|i|o|n| |i|n|t|e|r|a|c|t|i|v|e| |w|e|b|r|e|n|d|e|r|,102210fe594ee9b33d82058545b1ed14f4c8206e,fcp,reddit-billgates-post-1.billg,True,reddit-billgates-post-1.billg fcp opt cold fission webrender,,77,ms,firefox,,1744215491,2023-08-22 15:58:55,1290279,,,,,,,,,,,,,,,,,,,,,,,,,,,,,,,,,,,,,,,,,,,,,,,,,TN
652,ece9fb8fbedfa6acc08840151034f2468832c851,0.15363128491620115,autoland,4060709,13,fd0dfc9511c4c123e048823de9954312c2b907c1,linux1804-64-shippable-qr,True,False,,|c|o|l|d| |f|i|s|s|i|o|n| |i|n|t|e|r|a|c|t|i|v|e| |w|e|b|r|e|n|d|e|r|,102210fe594ee9b33d82058545b1ed14f4c8206e,fcp,reddit-billgates-post-1.billg,True,reddit-billgates-post-1.billg fcp opt cold fission webrender,,77,ms,firefox,,1744225565,2023-08-22 16:02:39,1290281,,,,,,,,,,,,,,,,,,,,,,,,,,,,,,,,,,,,,,,,,,,,,,,,,TN
653,a1487474ef2708086b96f2b3625f244382eb9f4a,0.1804003724394786,autoland,4060709,13,fd0dfc9511c4c123e048823de9954312c2b907c1,linux1804-64-shippable-qr,True,False,,|c|o|l|d| |f|i|s|s|i|o|n| |i|n|t|e|r|a|c|t|i|v|e| |w|e|b|r|e|n|d|e|r|,102210fe594ee9b33d82058545b1ed14f4c8206e,fcp,reddit-billgates-post-1.billg,True,reddit-billgates-post-1.billg fcp opt cold fission webrender,,77,ms,firefox,,1744315878,2023-08-22 20:17:58,1290386,,,,,,,,,,,,,,,,,,,,,,,,,,,,,,,,,,,,,,,,,,,,,,,,,TN
654,959c2f0abc19c494aba15ae7513fff9f59631cc1,0.14501862197392923,autoland,4060709,13,fd0dfc9511c4c123e048823de9954312c2b907c1,linux1804-64-shippable-qr,True,False,,|c|o|l|d| |f|i|s|s|i|o|n| |i|n|t|e|r|a|c|t|i|v|e| |w|e|b|r|e|n|d|e|r|,102210fe594ee9b33d82058545b1ed14f4c8206e,fcp,reddit-billgates-post-1.billg,True,reddit-billgates-post-1.billg fcp opt cold fission webrender,,77,ms,firefox,,1744354689,2023-08-22 22:10:32,1290435,,,,,,,,,,,,,,,,,,,,,,,,,,,,,,,,,,,,,,,,,,,,,,,,,TN
655,df1f27dc099011a97267a844e60b1350575fc73c,0.12267225325884545,autoland,4060709,13,fd0dfc9511c4c123e048823de9954312c2b907c1,linux1804-64-shippable-qr,True,False,,|c|o|l|d| |f|i|s|s|i|o|n| |i|n|t|e|r|a|c|t|i|v|e| |w|e|b|r|e|n|d|e|r|,102210fe594ee9b33d82058545b1ed14f4c8206e,fcp,reddit-billgates-post-1.billg,True,reddit-billgates-post-1.billg fcp opt cold fission webrender,,77,ms,firefox,,1744427046,2023-08-23 02:11:44,1290482,,,,,,,,,,,,,,,,,,,,,,,,,,,,,,,,,,,,,,,,,,,,,,,,,TN
656,991ab6dbc55b4783dc5a6f561a9cc22cb4408e38,0.14711359404096835,autoland,4060709,13,fd0dfc9511c4c123e048823de9954312c2b907c1,linux1804-64-shippable-qr,True,False,,|c|o|l|d| |f|i|s|s|i|o|n| |i|n|t|e|r|a|c|t|i|v|e| |w|e|b|r|e|n|d|e|r|,102210fe594ee9b33d82058545b1ed14f4c8206e,fcp,reddit-billgates-post-1.billg,True,reddit-billgates-post-1.billg fcp opt cold fission webrender,,77,ms,firefox,,1744529230,2023-08-23 06:45:25,1290546,,,,,,,,,,,,,,,,,,,,,,,,,,,,,,,,,,,,,,,,,,,,,,,,,TN
657,4a4d5e64aec5efa71e7c743f4c968544faee5332,0.16806331471135938,autoland,4060709,13,fd0dfc9511c4c123e048823de9954312c2b907c1,linux1804-64-shippable-qr,True,False,,|c|o|l|d| |f|i|s|s|i|o|n| |i|n|t|e|r|a|c|t|i|v|e| |w|e|b|r|e|n|d|e|r|,102210fe594ee9b33d82058545b1ed14f4c8206e,fcp,reddit-billgates-post-1.billg,True,reddit-billgates-post-1.billg fcp opt cold fission webrender,,77,ms,firefox,,1744547575,2023-08-23 07:14:41,1290556,,,,,,,,,,,,,,,,,,,,,,,,,,,,,,,,,,,,,,,,,,,,,,,,,TN
658,c3bfc7b73e9fc06ec28663e6501728233eb0d574,0.16014897579143395,autoland,4060709,13,fd0dfc9511c4c123e048823de9954312c2b907c1,linux1804-64-shippable-qr,True,False,,|c|o|l|d| |f|i|s|s|i|o|n| |i|n|t|e|r|a|c|t|i|v|e| |w|e|b|r|e|n|d|e|r|,102210fe594ee9b33d82058545b1ed14f4c8206e,fcp,reddit-billgates-post-1.billg,True,reddit-billgates-post-1.billg fcp opt cold fission webrender,,77,ms,firefox,,1744661185,2023-08-23 11:20:43,1290592,,,,,,,,,,,,,,,,,,,,,,,,,,,,,,,,,,,,,,,,,,,,,,,,,TN
659,a7db5ff392b1f3d18507813fbd65458438b3cbc4,0.15246741154562382,autoland,4060709,13,fd0dfc9511c4c123e048823de9954312c2b907c1,linux1804-64-shippable-qr,True,False,,|c|o|l|d| |f|i|s|s|i|o|n| |i|n|t|e|r|a|c|t|i|v|e| |w|e|b|r|e|n|d|e|r|,102210fe594ee9b33d82058545b1ed14f4c8206e,fcp,reddit-billgates-post-1.billg,True,reddit-billgates-post-1.billg fcp opt cold fission webrender,,77,ms,firefox,,1744759944,2023-08-23 15:20:56,1290685,,,,,,,,,,,,,,,,,,,,,,,,,,,,,,,,,,,,,,,,,,,,,,,,,TN
660,40a8041d06707a315c5f6e4b541dbe805bf34ec7,0.15805400372439482,autoland,4060709,13,fd0dfc9511c4c123e048823de9954312c2b907c1,linux1804-64-shippable-qr,True,False,,|c|o|l|d| |f|i|s|s|i|o|n| |i|n|t|e|r|a|c|t|i|v|e| |w|e|b|r|e|n|d|e|r|,102210fe594ee9b33d82058545b1ed14f4c8206e,fcp,reddit-billgates-post-1.billg,True,reddit-billgates-post-1.billg fcp opt cold fission webrender,,77,ms,firefox,,1744825287,2023-08-23 16:55:50,1290727,,,,,,,,,,,,,,,,,,,,,,,,,,,,,,,,,,,,,,,,,,,,,,,,,TN
661,b5371614cd5a3e19ca3e500a87546023aea8eb5d,0.14315642458100564,autoland,4060709,13,fd0dfc9511c4c123e048823de9954312c2b907c1,linux1804-64-shippable-qr,True,False,,|c|o|l|d| |f|i|s|s|i|o|n| |i|n|t|e|r|a|c|t|i|v|e| |w|e|b|r|e|n|d|e|r|,102210fe594ee9b33d82058545b1ed14f4c8206e,fcp,reddit-billgates-post-1.billg,True,reddit-billgates-post-1.billg fcp opt cold fission webrender,,77,ms,firefox,,1744887678,2023-08-23 20:58:03,1290847,,,,,,,,,,,,,,,,,,,,,,,,,,,,,,,,,,,,,,,,,,,,,,,,,TN
662,25936c5809e05c5b5d28810efdfb0af9bb2f1792,0.11149906890130357,autoland,4060709,13,fd0dfc9511c4c123e048823de9954312c2b907c1,linux1804-64-shippable-qr,True,False,,|c|o|l|d| |f|i|s|s|i|o|n| |i|n|t|e|r|a|c|t|i|v|e| |w|e|b|r|e|n|d|e|r|,102210fe594ee9b33d82058545b1ed14f4c8206e,fcp,reddit-billgates-post-1.billg,True,reddit-billgates-post-1.billg fcp opt cold fission webrender,,77,ms,firefox,,1744988217,2023-08-23 22:59:05,1290874,,,,,,,,,,,,,,,,,,,,,,,,,,,,,,,,,,,,,,,,,,,,,,,,,TN
663,332b088b314103bc02b008e08f1567f092cd6ca1,0.1475791433891993,autoland,4060709,13,fd0dfc9511c4c123e048823de9954312c2b907c1,linux1804-64-shippable-qr,True,False,,|c|o|l|d| |f|i|s|s|i|o|n| |i|n|t|e|r|a|c|t|i|v|e| |w|e|b|r|e|n|d|e|r|,102210fe594ee9b33d82058545b1ed14f4c8206e,fcp,reddit-billgates-post-1.billg,True,reddit-billgates-post-1.billg fcp opt cold fission webrender,,77,ms,firefox,,1745081582,2023-08-24 03:53:22,1290918,,,,,,,,,,,,,,,,,,,,,,,,,,,,,,,,,,,,,,,,,,,,,,,,,TN
664,fbbf71ea5127f6cc74aab13a3817349afe93580c,0.15200186219739298,autoland,4060709,13,fd0dfc9511c4c123e048823de9954312c2b907c1,linux1804-64-shippable-qr,True,False,,|c|o|l|d| |f|i|s|s|i|o|n| |i|n|t|e|r|a|c|t|i|v|e| |w|e|b|r|e|n|d|e|r|,102210fe594ee9b33d82058545b1ed14f4c8206e,fcp,reddit-billgates-post-1.billg,True,reddit-billgates-post-1.billg fcp opt cold fission webrender,,77,ms,firefox,,1745188712,2023-08-24 11:04:38,1291003,,,,,,,,,,,,,,,,,,,,,,,,,,,,,,,,,,,,,,,,,,,,,,,,,TN
665,9d2df5cf36fbb1712a62be68c4a309e2451e2d35,0.1222067039106145,autoland,4060709,13,fd0dfc9511c4c123e048823de9954312c2b907c1,linux1804-64-shippable-qr,True,False,,|c|o|l|d| |f|i|s|s|i|o|n| |i|n|t|e|r|a|c|t|i|v|e| |w|e|b|r|e|n|d|e|r|,102210fe594ee9b33d82058545b1ed14f4c8206e,fcp,reddit-billgates-post-1.billg,True,reddit-billgates-post-1.billg fcp opt cold fission webrender,,77,ms,firefox,,1745373960,2023-08-24 13:41:33,1291057,,,,,,,,,,,,,,,,,,,,,,,,,,,,,,,,,,,,,,,,,,,,,,,,,TN
666,6089e7f0fa57a29c6d080f135f65e146c34457d8,0.14874301675977653,autoland,4060709,13,fd0dfc9511c4c123e048823de9954312c2b907c1,linux1804-64-shippable-qr,True,False,,|c|o|l|d| |f|i|s|s|i|o|n| |i|n|t|e|r|a|c|t|i|v|e| |w|e|b|r|e|n|d|e|r|,102210fe594ee9b33d82058545b1ed14f4c8206e,fcp,reddit-billgates-post-1.billg,True,reddit-billgates-post-1.billg fcp opt cold fission webrender,,77,ms,firefox,,1745479551,2023-08-24 18:48:40,1291216,,,,,,,,,,,,,,,,,,,,,,,,,,,,,,,,,,,,,,,,,,,,,,,,,TN
667,0129f728663fcc0bcc1f816e006f1eb2635780e4,0.15363128491620115,autoland,4060709,13,fd0dfc9511c4c123e048823de9954312c2b907c1,linux1804-64-shippable-qr,True,False,,|c|o|l|d| |f|i|s|s|i|o|n| |i|n|t|e|r|a|c|t|i|v|e| |w|e|b|r|e|n|d|e|r|,102210fe594ee9b33d82058545b1ed14f4c8206e,fcp,reddit-billgates-post-1.billg,True,reddit-billgates-post-1.billg fcp opt cold fission webrender,,77,ms,firefox,,1745656648,2023-08-25 00:48:43,1291339,,,,,,,,,,,,,,,,,,,,,,,,,,,,,,,,,,,,,,,,,,,,,,,,,TN
668,e5ba3b52ebac2d2582cecd6122443fc024cd24c9,0.1522346368715084,autoland,4060709,13,fd0dfc9511c4c123e048823de9954312c2b907c1,linux1804-64-shippable-qr,True,False,,|c|o|l|d| |f|i|s|s|i|o|n| |i|n|t|e|r|a|c|t|i|v|e| |w|e|b|r|e|n|d|e|r|,102210fe594ee9b33d82058545b1ed14f4c8206e,fcp,reddit-billgates-post-1.billg,True,reddit-billgates-post-1.billg fcp opt cold fission webrender,,77,ms,firefox,,1745805101,2023-08-25 11:24:50,1291437,,,,,,,,,,,,,,,,,,,,,,,,,,,,,,,,,,,,,,,,,,,,,,,,,TN
669,059b77df2394c7caf1061e1b817e004878738efa,0.1380353817504656,autoland,4060709,13,fd0dfc9511c4c123e048823de9954312c2b907c1,linux1804-64-shippable-qr,True,False,,|c|o|l|d| |f|i|s|s|i|o|n| |i|n|t|e|r|a|c|t|i|v|e| |w|e|b|r|e|n|d|e|r|,102210fe594ee9b33d82058545b1ed14f4c8206e,fcp,reddit-billgates-post-1.billg,True,reddit-billgates-post-1.billg fcp opt cold fission webrender,,77,ms,firefox,,1745962527,2023-08-25 15:32:54,1291507,,,,,,,,,,,,,,,,,,,,,,,,,,,,,,,,,,,,,,,,,,,,,,,,,TN
670,47efe79717796bf6f3a70e5733e99a98b0d9fad4,0.16201117318435754,autoland,4060709,13,fd0dfc9511c4c123e048823de9954312c2b907c1,linux1804-64-shippable-qr,True,False,,|c|o|l|d| |f|i|s|s|i|o|n| |i|n|t|e|r|a|c|t|i|v|e| |w|e|b|r|e|n|d|e|r|,102210fe594ee9b33d82058545b1ed14f4c8206e,fcp,reddit-billgates-post-1.billg,True,reddit-billgates-post-1.billg fcp opt cold fission webrender,,77,ms,firefox,,1746083226,2023-08-25 19:36:02,1291599,,,,,,,,,,,,,,,,,,,,,,,,,,,,,,,,,,,,,,,,,,,,,,,,,TN
671,ddc3d1e9268d9abde51f1082490491f544286b16,0.15735567970204845,autoland,4060709,13,fd0dfc9511c4c123e048823de9954312c2b907c1,linux1804-64-shippable-qr,True,False,,|c|o|l|d| |f|i|s|s|i|o|n| |i|n|t|e|r|a|c|t|i|v|e| |w|e|b|r|e|n|d|e|r|,102210fe594ee9b33d82058545b1ed14f4c8206e,fcp,reddit-billgates-post-1.billg,True,reddit-billgates-post-1.billg fcp opt cold fission webrender,,77,ms,firefox,,1746221079,2023-08-26 03:22:14,1291695,,,,,,,,,,,,,,,,,,,,,,,,,,,,,,,,,,,,,,,,,,,,,,,,,TN
672,cc8d561a9b401f3ebfda56de56c018b287d8b340,0.13756983240223464,autoland,4060709,13,fd0dfc9511c4c123e048823de9954312c2b907c1,linux1804-64-shippable-qr,True,False,,|c|o|l|d| |f|i|s|s|i|o|n| |i|n|t|e|r|a|c|t|i|v|e| |w|e|b|r|e|n|d|e|r|,102210fe594ee9b33d82058545b1ed14f4c8206e,fcp,reddit-billgates-post-1.billg,True,reddit-billgates-post-1.billg fcp opt cold fission webrender,,77,ms,firefox,,1746383212,2023-08-26 13:17:30,1291872,,,,,,,,,,,,,,,,,,,,,,,,,,,,,,,,,,,,,,,,,,,,,,,,,TN
673,140288e1dd6073b83aa67b725aa9a96945374a82,0.1748137802607076,autoland,4060709,13,fd0dfc9511c4c123e048823de9954312c2b907c1,linux1804-64-shippable-qr,True,False,,|c|o|l|d| |f|i|s|s|i|o|n| |i|n|t|e|r|a|c|t|i|v|e| |w|e|b|r|e|n|d|e|r|,102210fe594ee9b33d82058545b1ed14f4c8206e,fcp,reddit-billgates-post-1.billg,True,reddit-billgates-post-1.billg fcp opt cold fission webrender,,77,ms,firefox,,1746590368,2023-08-26 23:47:49,1292019,,,,,,,,,,,,,,,,,,,,,,,,,,,,,,,,,,,,,,,,,,,,,,,,,TN
674,6aaf2cf582814f5a76c09fa2ac7cc760a5886134,0.1475791433891993,autoland,4060709,13,fd0dfc9511c4c123e048823de9954312c2b907c1,linux1804-64-shippable-qr,True,False,,|c|o|l|d| |f|i|s|s|i|o|n| |i|n|t|e|r|a|c|t|i|v|e| |w|e|b|r|e|n|d|e|r|,102210fe594ee9b33d82058545b1ed14f4c8206e,fcp,reddit-billgates-post-1.billg,True,reddit-billgates-post-1.billg fcp opt cold fission webrender,,77,ms,firefox,,1746723961,2023-08-27 23:31:15,1292080,,,,,,,,,,,,,,,,,,,,,,,,,,,,,,,,,,,,,,,,,,,,,,,,,TN
675,f8e518c6ab37a0144872f6158300e1de85034002,0.13477653631284914,autoland,4060709,13,fd0dfc9511c4c123e048823de9954312c2b907c1,linux1804-64-shippable-qr,True,False,,|c|o|l|d| |f|i|s|s|i|o|n| |i|n|t|e|r|a|c|t|i|v|e| |w|e|b|r|e|n|d|e|r|,102210fe594ee9b33d82058545b1ed14f4c8206e,fcp,reddit-billgates-post-1.billg,True,reddit-billgates-post-1.billg fcp opt cold fission webrender,,77,ms,firefox,,1746963799,2023-08-28 14:50:25,1292276,,,,,,,,,,,,,,,,,,,,,,,,,,,,,,,,,,,,,,,,,,,,,,,,,TN
676,7ef66afbcd94bc7787448a9d797ec662b02fe58a,0.14338919925512106,autoland,4060709,13,fd0dfc9511c4c123e048823de9954312c2b907c1,linux1804-64-shippable-qr,True,False,,|c|o|l|d| |f|i|s|s|i|o|n| |i|n|t|e|r|a|c|t|i|v|e| |w|e|b|r|e|n|d|e|r|,102210fe594ee9b33d82058545b1ed14f4c8206e,fcp,reddit-billgates-post-1.billg,True,reddit-billgates-post-1.billg fcp opt cold fission webrender,,77,ms,firefox,,1747057684,2023-08-28 18:02:15,1292360,,,,,,,,,,,,,,,,,,,,,,,,,,,,,,,,,,,,,,,,,,,,,,,,,TN
677,9451de3148827dbd587f22175b6c0453c7a605db,0.13966480446927376,autoland,4060709,13,fd0dfc9511c4c123e048823de9954312c2b907c1,linux1804-64-shippable-qr,True,False,,|c|o|l|d| |f|i|s|s|i|o|n| |i|n|t|e|r|a|c|t|i|v|e| |w|e|b|r|e|n|d|e|r|,102210fe594ee9b33d82058545b1ed14f4c8206e,fcp,reddit-billgates-post-1.billg,True,reddit-billgates-post-1.billg fcp opt cold fission webrender,,77,ms,firefox,,1747141028,2023-08-28 20:37:08,1292463,,,,,,,,,,,,,,,,,,,,,,,,,,,,,,,,,,,,,,,,,,,,,,,,,TN
678,4cca72b5cd903bbb8bdc66098aaeb1eb12d8dddd,0.17225325884543763,autoland,4060709,13,fd0dfc9511c4c123e048823de9954312c2b907c1,linux1804-64-shippable-qr,True,False,,|c|o|l|d| |f|i|s|s|i|o|n| |i|n|t|e|r|a|c|t|i|v|e| |w|e|b|r|e|n|d|e|r|,102210fe594ee9b33d82058545b1ed14f4c8206e,fcp,reddit-billgates-post-1.billg,True,reddit-billgates-post-1.billg fcp opt cold fission webrender,,77,ms,firefox,,1747251679,2023-08-29 02:20:20,1292618,,,,,,,,,,,,,,,,,,,,,,,,,,,,,,,,,,,,,,,,,,,,,,,,,TN
679,f79fe732a6b523e66f30e056118cdd2cff02a5ca,0.13291433891992555,autoland,4060709,13,fd0dfc9511c4c123e048823de9954312c2b907c1,linux1804-64-shippable-qr,True,False,,|c|o|l|d| |f|i|s|s|i|o|n| |i|n|t|e|r|a|c|t|i|v|e| |w|e|b|r|e|n|d|e|r|,102210fe594ee9b33d82058545b1ed14f4c8206e,fcp,reddit-billgates-post-1.billg,True,reddit-billgates-post-1.billg fcp opt cold fission webrender,,77,ms,firefox,,1747263590,2023-08-29 03:02:37,1292639,,,,,,,,,,,,,,,,,,,,,,,,,,,,,,,,,,,,,,,,,,,,,,,,,TN
680,801325776b1492f30ec6ac7c770000fa8c894d2a,0.13361266294227192,autoland,4060709,13,fd0dfc9511c4c123e048823de9954312c2b907c1,linux1804-64-shippable-qr,True,False,,|c|o|l|d| |f|i|s|s|i|o|n| |i|n|t|e|r|a|c|t|i|v|e| |w|e|b|r|e|n|d|e|r|,102210fe594ee9b33d82058545b1ed14f4c8206e,fcp,reddit-billgates-post-1.billg,True,reddit-billgates-post-1.billg fcp opt cold fission webrender,,77,ms,firefox,,1747352419,2023-08-29 07:11:54,1292691,,,,,,,,,,,,,,,,,,,,,,,,,,,,,,,,,,,,,,,,,,,,,,,,,TN
681,843a6e4db35622bdd606d6cdd7c0f1a05828a89e,0.13594040968342647,autoland,4060709,13,fd0dfc9511c4c123e048823de9954312c2b907c1,linux1804-64-shippable-qr,True,False,,|c|o|l|d| |f|i|s|s|i|o|n| |i|n|t|e|r|a|c|t|i|v|e| |w|e|b|r|e|n|d|e|r|,102210fe594ee9b33d82058545b1ed14f4c8206e,fcp,reddit-billgates-post-1.billg,True,reddit-billgates-post-1.billg fcp opt cold fission webrender,,77,ms,firefox,,1747489986,2023-08-29 11:18:23,1292770,,,,,,,,,,,,,,,,,,,,,,,,,,,,,,,,,,,,,,,,,,,,,,,,,TN
682,abe9789555b5960e5b395aba02b4891c388e4839,0.13407821229050276,autoland,4060709,13,fd0dfc9511c4c123e048823de9954312c2b907c1,linux1804-64-shippable-qr,True,False,,|c|o|l|d| |f|i|s|s|i|o|n| |i|n|t|e|r|a|c|t|i|v|e| |w|e|b|r|e|n|d|e|r|,102210fe594ee9b33d82058545b1ed14f4c8206e,fcp,reddit-billgates-post-1.billg,True,reddit-billgates-post-1.billg fcp opt cold fission webrender,,77,ms,firefox,,1747462311,2023-08-29 11:21:44,1292771,,,,,,,,,,,,,,,,,,,,,,,,,,,,,,,,,,,,,,,,,,,,,,,,,TN
683,0bb8944a5c2a783f353dc7595b2171844923a934,0.15945065176908757,autoland,4060709,13,fd0dfc9511c4c123e048823de9954312c2b907c1,linux1804-64-shippable-qr,True,False,,|c|o|l|d| |f|i|s|s|i|o|n| |i|n|t|e|r|a|c|t|i|v|e| |w|e|b|r|e|n|d|e|r|,102210fe594ee9b33d82058545b1ed14f4c8206e,fcp,reddit-billgates-post-1.billg,True,reddit-billgates-post-1.billg fcp opt cold fission webrender,,77,ms,firefox,,1747712092,2023-08-29 16:25:43,1292913,,,,,,,,,,,,,,,,,,,,,,,,,,,,,,,,,,,,,,,,,,,,,,,,,TN
684,ab673eef69bf3656d8814e2758dff9da25527e74,0.14734636871508378,autoland,4060709,13,fd0dfc9511c4c123e048823de9954312c2b907c1,linux1804-64-shippable-qr,True,False,,|c|o|l|d| |f|i|s|s|i|o|n| |i|n|t|e|r|a|c|t|i|v|e| |w|e|b|r|e|n|d|e|r|,102210fe594ee9b33d82058545b1ed14f4c8206e,fcp,reddit-billgates-post-1.billg,True,reddit-billgates-post-1.billg fcp opt cold fission webrender,,77,ms,firefox,,1747870465,2023-08-29 18:40:33,1292984,,,,,,,,,,,,,,,,,,,,,,,,,,,,,,,,,,,,,,,,,,,,,,,,,TN
685,cb5ac3a7a82f68e5ca26d454b7615329d487cdd1,0.125,autoland,4060709,13,fd0dfc9511c4c123e048823de9954312c2b907c1,linux1804-64-shippable-qr,True,False,,|c|o|l|d| |f|i|s|s|i|o|n| |i|n|t|e|r|a|c|t|i|v|e| |w|e|b|r|e|n|d|e|r|,102210fe594ee9b33d82058545b1ed14f4c8206e,fcp,reddit-billgates-post-1.billg,True,reddit-billgates-post-1.billg fcp opt cold fission webrender,,77,ms,firefox,,1747913730,2023-08-29 18:52:04,1292994,,,,,,,,,,,,,,,,,,,,,,,,,,,,,,,,,,,,,,,,,,,,,,,,,TN
686,16c71fac642647b97c85d086e54342a5addaaf13,0.14967411545623843,autoland,4060709,13,fd0dfc9511c4c123e048823de9954312c2b907c1,linux1804-64-shippable-qr,True,False,,|c|o|l|d| |f|i|s|s|i|o|n| |i|n|t|e|r|a|c|t|i|v|e| |w|e|b|r|e|n|d|e|r|,102210fe594ee9b33d82058545b1ed14f4c8206e,fcp,reddit-billgates-post-1.billg,True,reddit-billgates-post-1.billg fcp opt cold fission webrender,,77,ms,firefox,,1747796247,2023-08-29 20:54:58,1293039,,,,,,,,,,,,,,,,,,,,,,,,,,,,,,,,,,,,,,,,,,,,,,,,,TN
687,34dcd8f28e9a642600425b3383df225859ea91cd,0.11708566108007457,autoland,4060709,13,fd0dfc9511c4c123e048823de9954312c2b907c1,linux1804-64-shippable-qr,True,False,,|c|o|l|d| |f|i|s|s|i|o|n| |i|n|t|e|r|a|c|t|i|v|e| |w|e|b|r|e|n|d|e|r|,102210fe594ee9b33d82058545b1ed14f4c8206e,fcp,reddit-billgates-post-1.billg,True,reddit-billgates-post-1.billg fcp opt cold fission webrender,,77,ms,firefox,,1747863602,2023-08-30 01:49:26,1293133,,,,,,,,,,,,,,,,,,,,,,,,,,,,,,,,,,,,,,,,,,,,,,,,,TN
688,379bb5e39311a7878ea31b7eb0dd39fdef1ab15a,0.14525139664804465,autoland,4060709,13,fd0dfc9511c4c123e048823de9954312c2b907c1,linux1804-64-shippable-qr,True,False,,|c|o|l|d| |f|i|s|s|i|o|n| |i|n|t|e|r|a|c|t|i|v|e| |w|e|b|r|e|n|d|e|r|,102210fe594ee9b33d82058545b1ed14f4c8206e,fcp,reddit-billgates-post-1.billg,True,reddit-billgates-post-1.billg fcp opt cold fission webrender,,77,ms,firefox,,1748006718,2023-08-30 13:43:19,1293343,,,,,,,,,,,,,,,,,,,,,,,,,,,,,,,,,,,,,,,,,,,,,,,,,TN
689,f648d27187b6f45ac21ab6bf0ca9673dcfc55cf4,0.15665735567970207,autoland,4060709,13,fd0dfc9511c4c123e048823de9954312c2b907c1,linux1804-64-shippable-qr,True,False,,|c|o|l|d| |f|i|s|s|i|o|n| |i|n|t|e|r|a|c|t|i|v|e| |w|e|b|r|e|n|d|e|r|,102210fe594ee9b33d82058545b1ed14f4c8206e,fcp,reddit-billgates-post-1.billg,True,reddit-billgates-post-1.billg fcp opt cold fission webrender,,77,ms,firefox,,1748062516,2023-08-30 16:15:47,1293412,,,,,,,,,,,,,,,,,,,,,,,,,,,,,,,,,,,,,,,,,,,,,,,,,TN
690,7643e2c34ec4fce31fb741b2e7003adc7e547e36,0.12290502793296088,autoland,4060709,13,fd0dfc9511c4c123e048823de9954312c2b907c1,linux1804-64-shippable-qr,True,False,,|c|o|l|d| |f|i|s|s|i|o|n| |i|n|t|e|r|a|c|t|i|v|e| |w|e|b|r|e|n|d|e|r|,102210fe594ee9b33d82058545b1ed14f4c8206e,fcp,reddit-billgates-post-1.billg,True,reddit-billgates-post-1.billg fcp opt cold fission webrender,,77,ms,firefox,,1748152544,2023-08-30 20:58:03,1293585,,,,,,,,,,,,,,,,,,,,,,,,,,,,,,,,,,,,,,,,,,,,,,,,,TN
691,8db6a3b432759fd37b677c455c7d9ecedafd7e77,0.13105214152700184,autoland,4060709,13,fd0dfc9511c4c123e048823de9954312c2b907c1,linux1804-64-shippable-qr,True,False,,|c|o|l|d| |f|i|s|s|i|o|n| |i|n|t|e|r|a|c|t|i|v|e| |w|e|b|r|e|n|d|e|r|,102210fe594ee9b33d82058545b1ed14f4c8206e,fcp,reddit-billgates-post-1.billg,True,reddit-billgates-post-1.billg fcp opt cold fission webrender,,77,ms,firefox,,1748212740,2023-08-30 23:31:09,1293654,,,,,,,,,,,,,,,,,,,,,,,,,,,,,,,,,,,,,,,,,,,,,,,,,TN
692,bcc1470439818e29a38c29432af9fd130b8ec931,0.154096834264432,autoland,4060709,13,fd0dfc9511c4c123e048823de9954312c2b907c1,linux1804-64-shippable-qr,True,False,,|c|o|l|d| |f|i|s|s|i|o|n| |i|n|t|e|r|a|c|t|i|v|e| |w|e|b|r|e|n|d|e|r|,102210fe594ee9b33d82058545b1ed14f4c8206e,fcp,reddit-billgates-post-1.billg,True,reddit-billgates-post-1.billg fcp opt cold fission webrender,,77,ms,firefox,,1748240675,2023-08-31 03:36:38,1293720,,,,,,,,,,,,,,,,,,,,,,,,,,,,,,,,,,,,,,,,,,,,,,,,,TN
693,e2d1d56b4cb882f210d71f021a2f804a56d718e6,0.13594040968342647,autoland,4060709,13,fd0dfc9511c4c123e048823de9954312c2b907c1,linux1804-64-shippable-qr,True,False,,|c|o|l|d| |f|i|s|s|i|o|n| |i|n|t|e|r|a|c|t|i|v|e| |w|e|b|r|e|n|d|e|r|,102210fe594ee9b33d82058545b1ed14f4c8206e,fcp,reddit-billgates-post-1.billg,True,reddit-billgates-post-1.billg fcp opt cold fission webrender,,77,ms,firefox,,1748335046,2023-08-31 09:19:24,1293811,,,,,,,,,,,,,,,,,,,,,,,,,,,,,,,,,,,,,,,,,,,,,,,,,TN
694,79fd00522da11013e2076ceccfd842c54d2f0822,0.15432960893854752,autoland,4060709,13,fd0dfc9511c4c123e048823de9954312c2b907c1,linux1804-64-shippable-qr,True,False,,|c|o|l|d| |f|i|s|s|i|o|n| |i|n|t|e|r|a|c|t|i|v|e| |w|e|b|r|e|n|d|e|r|,102210fe594ee9b33d82058545b1ed14f4c8206e,fcp,reddit-billgates-post-1.billg,True,reddit-billgates-post-1.billg fcp opt cold fission webrender,,77,ms,firefox,,1748471542,2023-08-31 14:04:37,1293937,,,,,,,,,,,,,,,,,,,,,,,,,,,,,,,,,,,,,,,,,,,,,,,,,TN
695,bd48139a6966dfb067c7b31bdf2021bd85a1f6a9,0.16201117318435754,autoland,4060709,13,fd0dfc9511c4c123e048823de9954312c2b907c1,linux1804-64-shippable-qr,True,False,,|c|o|l|d| |f|i|s|s|i|o|n| |i|n|t|e|r|a|c|t|i|v|e| |w|e|b|r|e|n|d|e|r|,102210fe594ee9b33d82058545b1ed14f4c8206e,fcp,reddit-billgates-post-1.billg,True,reddit-billgates-post-1.billg fcp opt cold fission webrender,,77,ms,firefox,,1748622248,2023-08-31 18:09:30,1294069,,,,,,,,,,,,,,,,,,,,,,,,,,,,,,,,,,,,,,,,,,,,,,,,,TN
696,14117ed3c63a444931eb69e3a486bde4be07b6cc,0.19017690875232773,autoland,4060709,13,fd0dfc9511c4c123e048823de9954312c2b907c1,linux1804-64-shippable-qr,True,False,,|c|o|l|d| |f|i|s|s|i|o|n| |i|n|t|e|r|a|c|t|i|v|e| |w|e|b|r|e|n|d|e|r|,102210fe594ee9b33d82058545b1ed14f4c8206e,fcp,reddit-billgates-post-1.billg,True,reddit-billgates-post-1.billg fcp opt cold fission webrender,,77,ms,firefox,,1748805452,2023-08-31 19:30:57,1294120,,,,,,,,,,,,,,,,,,,,,,,,,,,,,,,,,,,,,,,,,,,,,,,,,TN
697,a0d77e120c268cc1e877891df07436c1128dde4f,0.1568901303538175,autoland,4060709,13,fd0dfc9511c4c123e048823de9954312c2b907c1,linux1804-64-shippable-qr,True,False,,|c|o|l|d| |f|i|s|s|i|o|n| |i|n|t|e|r|a|c|t|i|v|e| |w|e|b|r|e|n|d|e|r|,102210fe594ee9b33d82058545b1ed14f4c8206e,fcp,reddit-billgates-post-1.billg,True,reddit-billgates-post-1.billg fcp opt cold fission webrender,,77,ms,firefox,,1748674730,2023-08-31 19:33:29,1294123,,,,,,,,,,,,,,,,,,,,,,,,,,,,,,,,,,,,,,,,,,,,,,,,,TN
698,6433f4d865eef19ec6c2110009e4e3a281c59799,0.15339851024208562,autoland,4060709,13,fd0dfc9511c4c123e048823de9954312c2b907c1,linux1804-64-shippable-qr,True,False,,|c|o|l|d| |f|i|s|s|i|o|n| |i|n|t|e|r|a|c|t|i|v|e| |w|e|b|r|e|n|d|e|r|,102210fe594ee9b33d82058545b1ed14f4c8206e,fcp,reddit-billgates-post-1.billg,True,reddit-billgates-post-1.billg fcp opt cold fission webrender,,77,ms,firefox,,1748832417,2023-08-31 20:20:26,1294162,,,,,,,,,,,,,,,,,,,,,,,,,,,,,,,,,,,,,,,,,,,,,,,,,TN
699,d5b172f3396fca2c5326f7c289b87ec3ddd75533,0.13570763500931105,autoland,4060709,13,fd0dfc9511c4c123e048823de9954312c2b907c1,linux1804-64-shippable-qr,True,False,,|c|o|l|d| |f|i|s|s|i|o|n| |i|n|t|e|r|a|c|t|i|v|e| |w|e|b|r|e|n|d|e|r|,102210fe594ee9b33d82058545b1ed14f4c8206e,fcp,reddit-billgates-post-1.billg,True,reddit-billgates-post-1.billg fcp opt cold fission webrender,,77,ms,firefox,,1748846922,2023-08-31 20:42:50,1294180,,,,,,,,,,,,,,,,,,,,,,,,,,,,,,,,,,,,,,,,,,,,,,,,,TN
700,27ce38e0ae179241f6afc83c246df3113fc76eb5,0.17993482309124764,autoland,4060709,13,fd0dfc9511c4c123e048823de9954312c2b907c1,linux1804-64-shippable-qr,True,False,,|c|o|l|d| |f|i|s|s|i|o|n| |i|n|t|e|r|a|c|t|i|v|e| |w|e|b|r|e|n|d|e|r|,102210fe594ee9b33d82058545b1ed14f4c8206e,fcp,reddit-billgates-post-1.billg,True,reddit-billgates-post-1.billg fcp opt cold fission webrender,,77,ms,firefox,,1748746517,2023-09-01 00:39:38,1294315,,,,,,,,,,,,,,,,,,,,,,,,,,,,,,,,,,,,,,,,,,,,,,,,,TN
701,9034f1db1295f77ef75c8afa9ac280788649b1c4,0.1447858472998137,autoland,4060709,13,fd0dfc9511c4c123e048823de9954312c2b907c1,linux1804-64-shippable-qr,True,False,,|c|o|l|d| |f|i|s|s|i|o|n| |i|n|t|e|r|a|c|t|i|v|e| |w|e|b|r|e|n|d|e|r|,102210fe594ee9b33d82058545b1ed14f4c8206e,fcp,reddit-billgates-post-1.billg,True,reddit-billgates-post-1.billg fcp opt cold fission webrender,,77,ms,firefox,,1748768925,2023-09-01 01:00:26,1294322,,,,,,,,,,,,,,,,,,,,,,,,,,,,,,,,,,,,,,,,,,,,,,,,,TN
702,ae769caa17a3a27e7fed2cfd78ea439adf051dc8,0.14688081936685282,autoland,4060709,13,fd0dfc9511c4c123e048823de9954312c2b907c1,linux1804-64-shippable-qr,True,False,,|c|o|l|d| |f|i|s|s|i|o|n| |i|n|t|e|r|a|c|t|i|v|e| |w|e|b|r|e|n|d|e|r|,102210fe594ee9b33d82058545b1ed14f4c8206e,fcp,reddit-billgates-post-1.billg,True,reddit-billgates-post-1.billg fcp opt cold fission webrender,,77,ms,firefox,,1748908591,2023-09-01 06:26:09,1294426,,,,,,,,,,,,,,,,,,,,,,,,,,,,,,,,,,,,,,,,,,,,,,,,,TN
703,2e446d8859cc4a60faa49f68ed5445c534e47850,0.15921787709497204,autoland,4060709,13,fd0dfc9511c4c123e048823de9954312c2b907c1,linux1804-64-shippable-qr,True,False,,|c|o|l|d| |f|i|s|s|i|o|n| |i|n|t|e|r|a|c|t|i|v|e| |w|e|b|r|e|n|d|e|r|,102210fe594ee9b33d82058545b1ed14f4c8206e,fcp,reddit-billgates-post-1.billg,True,reddit-billgates-post-1.billg fcp opt cold fission webrender,,77,ms,firefox,,1749059079,2023-09-01 10:42:21,1294509,,,,,,,,,,,,,,,,,,,,,,,,,,,,,,,,,,,,,,,,,,,,,,,,,TN
704,dfc8a4578c404856f2c383d037d44dab021f40c3,0.14967411545623843,autoland,4060709,13,fd0dfc9511c4c123e048823de9954312c2b907c1,linux1804-64-shippable-qr,True,False,,|c|o|l|d| |f|i|s|s|i|o|n| |i|n|t|e|r|a|c|t|i|v|e| |w|e|b|r|e|n|d|e|r|,102210fe594ee9b33d82058545b1ed14f4c8206e,fcp,reddit-billgates-post-1.billg,True,reddit-billgates-post-1.billg fcp opt cold fission webrender,,77,ms,firefox,,1749545788,2023-09-01 11:07:42,1294519,,,,,,,,,,,,,,,,,,,,,,,,,,,,,,,,,,,,,,,,,,,,,,,,,TN
705,c12da820266b0537b4b77b3b9609c089eafd3e4d,0.1627094972067039,autoland,4060709,13,fd0dfc9511c4c123e048823de9954312c2b907c1,linux1804-64-shippable-qr,True,False,,|c|o|l|d| |f|i|s|s|i|o|n| |i|n|t|e|r|a|c|t|i|v|e| |w|e|b|r|e|n|d|e|r|,102210fe594ee9b33d82058545b1ed14f4c8206e,fcp,reddit-billgates-post-1.billg,True,reddit-billgates-post-1.billg fcp opt cold fission webrender,,77,ms,firefox,,1749541691,2023-09-01 11:44:03,1294531,,,,,,,,,,,,,,,,,,,,,,,,,,,,,,,,,,,,,,,,,,,,,,,,,TN
706,bf57203fdaf0f91ccecca73cc02286e5c20686be,0.15432960893854752,autoland,4060709,13,fd0dfc9511c4c123e048823de9954312c2b907c1,linux1804-64-shippable-qr,True,False,,|c|o|l|d| |f|i|s|s|i|o|n| |i|n|t|e|r|a|c|t|i|v|e| |w|e|b|r|e|n|d|e|r|,102210fe594ee9b33d82058545b1ed14f4c8206e,fcp,reddit-billgates-post-1.billg,True,reddit-billgates-post-1.billg fcp opt cold fission webrender,,77,ms,firefox,,1749091754,2023-09-01 11:44:59,1294532,,,,,,,,,,,,,,,,,,,,,,,,,,,,,,,,,,,,,,,,,,,,,,,,,TN
707,ad7684944accdb72fb27cae1118a774a95ed9c55,0.15828677839851024,autoland,4060709,13,fd0dfc9511c4c123e048823de9954312c2b907c1,linux1804-64-shippable-qr,True,False,,|c|o|l|d| |f|i|s|s|i|o|n| |i|n|t|e|r|a|c|t|i|v|e| |w|e|b|r|e|n|d|e|r|,102210fe594ee9b33d82058545b1ed14f4c8206e,fcp,reddit-billgates-post-1.billg,True,reddit-billgates-post-1.billg fcp opt cold fission webrender,,77,ms,firefox,,1749179354,2023-09-01 15:47:54,1294651,,,,,,,,,,,,,,,,,,,,,,,,,,,,,,,,,,,,,,,,,,,,,,,,,TN
708,fccf186ac4e88bf822ac830ba689a15017be05e1,0.14827746741154557,autoland,4060709,13,fd0dfc9511c4c123e048823de9954312c2b907c1,linux1804-64-shippable-qr,True,False,,|c|o|l|d| |f|i|s|s|i|o|n| |i|n|t|e|r|a|c|t|i|v|e| |w|e|b|r|e|n|d|e|r|,102210fe594ee9b33d82058545b1ed14f4c8206e,fcp,reddit-billgates-post-1.billg,True,reddit-billgates-post-1.billg fcp opt cold fission webrender,,77,ms,firefox,,1749219228,2023-09-01 17:12:14,1294691,,,,,,,,,,,,,,,,,,,,,,,,,,,,,,,,,,,,,,,,,,,,,,,,,TN
709,99eed791079c7b72126fee110226a0f9c519a053,0.1466480446927374,autoland,4060709,13,fd0dfc9511c4c123e048823de9954312c2b907c1,linux1804-64-shippable-qr,True,False,,|c|o|l|d| |f|i|s|s|i|o|n| |i|n|t|e|r|a|c|t|i|v|e| |w|e|b|r|e|n|d|e|r|,102210fe594ee9b33d82058545b1ed14f4c8206e,fcp,reddit-billgates-post-1.billg,True,reddit-billgates-post-1.billg fcp opt cold fission webrender,,77,ms,firefox,,1749496437,2023-09-02 01:00:47,1294900,,,,,,,,,,,,,,,,,,,,,,,,,,,,,,,,,,,,,,,,,,,,,,,,,TN
710,0d100cd406fac31edd725aaa2ca36c72593b7207,0.15293296089385466,autoland,4060709,13,fd0dfc9511c4c123e048823de9954312c2b907c1,linux1804-64-shippable-qr,True,False,,|c|o|l|d| |f|i|s|s|i|o|n| |i|n|t|e|r|a|c|t|i|v|e| |w|e|b|r|e|n|d|e|r|,102210fe594ee9b33d82058545b1ed14f4c8206e,fcp,reddit-billgates-post-1.billg,True,reddit-billgates-post-1.billg fcp opt cold fission webrender,,77,ms,firefox,,1749561162,2023-09-02 06:50:37,1294943,,,,,,,,,,,,,,,,,,,,,,,,,,,,,,,,,,,,,,,,,,,,,,,,,TN
711,66f85436a9395093f71f506f8cdc16623cbbb38e,0.15339851024208562,autoland,4060709,13,fd0dfc9511c4c123e048823de9954312c2b907c1,linux1804-64-shippable-qr,True,False,,|c|o|l|d| |f|i|s|s|i|o|n| |i|n|t|e|r|a|c|t|i|v|e| |w|e|b|r|e|n|d|e|r|,102210fe594ee9b33d82058545b1ed14f4c8206e,fcp,reddit-billgates-post-1.billg,True,reddit-billgates-post-1.billg fcp opt cold fission webrender,,77,ms,firefox,,1749615984,2023-09-02 11:43:51,1294960,,,,,,,,,,,,,,,,,,,,,,,,,,,,,,,,,,,,,,,,,,,,,,,,,TN
712,ee62282ee19c0c3cceebbdb2cd283127260a46d6,0.15665735567970207,autoland,4060709,13,fd0dfc9511c4c123e048823de9954312c2b907c1,linux1804-64-shippable-qr,True,False,,|c|o|l|d| |f|i|s|s|i|o|n| |i|n|t|e|r|a|c|t|i|v|e| |w|e|b|r|e|n|d|e|r|,102210fe594ee9b33d82058545b1ed14f4c8206e,fcp,reddit-billgates-post-1.billg,True,reddit-billgates-post-1.billg fcp opt cold fission webrender,,77,ms,firefox,,1749643869,2023-09-02 16:16:12,1294982,,,,,,,,,,,,,,,,,,,,,,,,,,,,,,,,,,,,,,,,,,,,,,,,,TN
713,e2d4c17692b7650a5aefa27823ab8cb72dc06fe6,0.1222067039106145,autoland,4060709,13,fd0dfc9511c4c123e048823de9954312c2b907c1,linux1804-64-shippable-qr,True,False,,|c|o|l|d| |f|i|s|s|i|o|n| |i|n|t|e|r|a|c|t|i|v|e| |w|e|b|r|e|n|d|e|r|,102210fe594ee9b33d82058545b1ed14f4c8206e,fcp,reddit-billgates-post-1.billg,True,reddit-billgates-post-1.billg fcp opt cold fission webrender,,77,ms,firefox,,1749842949,2023-09-03 15:28:00,1295071,,,,,,,,,,,,,,,,,,,,,,,,,,,,,,,,,,,,,,,,,,,,,,,,,TN
714,39747a728e31525f254d25d9fa323a491dda5b09,0.15246741154562382,autoland,4060709,13,fd0dfc9511c4c123e048823de9954312c2b907c1,linux1804-64-shippable-qr,True,False,,|c|o|l|d| |f|i|s|s|i|o|n| |i|n|t|e|r|a|c|t|i|v|e| |w|e|b|r|e|n|d|e|r|,102210fe594ee9b33d82058545b1ed14f4c8206e,fcp,reddit-billgates-post-1.billg,True,reddit-billgates-post-1.billg fcp opt cold fission webrender,,77,ms,firefox,,1749869621,2023-09-03 17:48:29,1295079,,,,,,,,,,,,,,,,,,,,,,,,,,,,,,,,,,,,,,,,,,,,,,,,,TN
715,9398dc74275ecd37eab02b496051302e67ce059f,0.13081936685288642,autoland,4060709,13,fd0dfc9511c4c123e048823de9954312c2b907c1,linux1804-64-shippable-qr,True,False,,|c|o|l|d| |f|i|s|s|i|o|n| |i|n|t|e|r|a|c|t|i|v|e| |w|e|b|r|e|n|d|e|r|,102210fe594ee9b33d82058545b1ed14f4c8206e,fcp,reddit-billgates-post-1.billg,True,reddit-billgates-post-1.billg fcp opt cold fission webrender,,77,ms,firefox,,1749972609,2023-09-04 00:54:15,1295103,,,,,,,,,,,,,,,,,,,,,,,,,,,,,,,,,,,,,,,,,,,,,,,,,TN
716,738c0a460acb30ab2ab419f4c0dc93fa9af200d6,0.1550279329608938,autoland,4060709,13,fd0dfc9511c4c123e048823de9954312c2b907c1,linux1804-64-shippable-qr,True,False,,|c|o|l|d| |f|i|s|s|i|o|n| |i|n|t|e|r|a|c|t|i|v|e| |w|e|b|r|e|n|d|e|r|,102210fe594ee9b33d82058545b1ed14f4c8206e,fcp,reddit-billgates-post-1.billg,True,reddit-billgates-post-1.billg fcp opt cold fission webrender,,77,ms,firefox,,1750035821,2023-09-04 05:09:42,1295121,,,,,,,,,,,,,,,,,,,,,,,,,,,,,,,,,,,,,,,,,,,,,,,,,TN
717,5378e223b13ecd8d32d6afddc956d8bdca322ef0,0.13291433891992555,autoland,4060709,13,fd0dfc9511c4c123e048823de9954312c2b907c1,linux1804-64-shippable-qr,True,False,,|c|o|l|d| |f|i|s|s|i|o|n| |i|n|t|e|r|a|c|t|i|v|e| |w|e|b|r|e|n|d|e|r|,102210fe594ee9b33d82058545b1ed14f4c8206e,fcp,reddit-billgates-post-1.billg,True,reddit-billgates-post-1.billg fcp opt cold fission webrender,,77,ms,firefox,,1750075275,2023-09-04 08:06:31,1295171,,,,,,,,,,,,,,,,,,,,,,,,,,,,,,,,,,,,,,,,,,,,,,,,,TN
718,16cc1aa2701e0b2cf32665cee19dc11308a4760a,0.16573556797020483,autoland,4060709,13,fd0dfc9511c4c123e048823de9954312c2b907c1,linux1804-64-shippable-qr,True,False,,|c|o|l|d| |f|i|s|s|i|o|n| |i|n|t|e|r|a|c|t|i|v|e| |w|e|b|r|e|n|d|e|r|,102210fe594ee9b33d82058545b1ed14f4c8206e,fcp,reddit-billgates-post-1.billg,True,reddit-billgates-post-1.billg fcp opt cold fission webrender,,77,ms,firefox,,1750201011,2023-09-04 12:17:38,1295286,,,,,,,,,,,,,,,,,,,,,,,,,,,,,,,,,,,,,,,,,,,,,,,,,TN
719,2c0ab3a7f1f3e1e095a0175f8a6096d10a311a5a,0.1475791433891993,autoland,4060709,13,fd0dfc9511c4c123e048823de9954312c2b907c1,linux1804-64-shippable-qr,True,False,,|c|o|l|d| |f|i|s|s|i|o|n| |i|n|t|e|r|a|c|t|i|v|e| |w|e|b|r|e|n|d|e|r|,102210fe594ee9b33d82058545b1ed14f4c8206e,fcp,reddit-billgates-post-1.billg,True,reddit-billgates-post-1.billg fcp opt cold fission webrender,,77,ms,firefox,,1750324492,2023-09-04 20:09:20,1295407,,,,,,,,,,,,,,,,,,,,,,,,,,,,,,,,,,,,,,,,,,,,,,,,,TN
720,530fe27f752d2f1fa88cd1013b419d7c1ca1a2e0,0.14897579143389195,autoland,4060709,13,fd0dfc9511c4c123e048823de9954312c2b907c1,linux1804-64-shippable-qr,True,False,,|c|o|l|d| |f|i|s|s|i|o|n| |i|n|t|e|r|a|c|t|i|v|e| |w|e|b|r|e|n|d|e|r|,102210fe594ee9b33d82058545b1ed14f4c8206e,fcp,reddit-billgates-post-1.billg,True,reddit-billgates-post-1.billg fcp opt cold fission webrender,,77,ms,firefox,,1750373829,2023-09-05 01:26:26,1295456,,,,,,,,,,,,,,,,,,,,,,,,,,,,,,,,,,,,,,,,,,,,,,,,,TN
721,55f5393d14f682f76c2d9f9c857c9f0890ee2a7f,0.13291433891992555,autoland,4060709,13,fd0dfc9511c4c123e048823de9954312c2b907c1,linux1804-64-shippable-qr,True,False,,|c|o|l|d| |f|i|s|s|i|o|n| |i|n|t|e|r|a|c|t|i|v|e| |w|e|b|r|e|n|d|e|r|,102210fe594ee9b33d82058545b1ed14f4c8206e,fcp,reddit-billgates-post-1.billg,True,reddit-billgates-post-1.billg fcp opt cold fission webrender,,77,ms,firefox,,1750484660,2023-09-05 06:45:05,1295504,,,,,,,,,,,,,,,,,,,,,,,,,,,,,,,,,,,,,,,,,,,,,,,,,TN
722,27708fc6f6648945c105baa6a5c63f9d62f265b5,0.1324487895716946,autoland,4060709,13,fd0dfc9511c4c123e048823de9954312c2b907c1,linux1804-64-shippable-qr,True,False,,|c|o|l|d| |f|i|s|s|i|o|n| |i|n|t|e|r|a|c|t|i|v|e| |w|e|b|r|e|n|d|e|r|,102210fe594ee9b33d82058545b1ed14f4c8206e,fcp,reddit-billgates-post-1.billg,True,reddit-billgates-post-1.billg fcp opt cold fission webrender,,77,ms,firefox,,1750584771,2023-09-05 11:29:45,1295622,,,,,,,,,,,,,,,,,,,,,,,,,,,,,,,,,,,,,,,,,,,,,,,,,TN
723,42d664dd03163fb19554f6e18c4163b8622b4401,0.14338919925512106,autoland,4060709,13,fd0dfc9511c4c123e048823de9954312c2b907c1,linux1804-64-shippable-qr,True,False,,|c|o|l|d| |f|i|s|s|i|o|n| |i|n|t|e|r|a|c|t|i|v|e| |w|e|b|r|e|n|d|e|r|,102210fe594ee9b33d82058545b1ed14f4c8206e,fcp,reddit-billgates-post-1.billg,True,reddit-billgates-post-1.billg fcp opt cold fission webrender,,77,ms,firefox,,1750594982,2023-09-05 11:45:39,1295627,,,,,,,,,,,,,,,,,,,,,,,,,,,,,,,,,,,,,,,,,,,,,,,,,TN
724,40053facf08c6ea9bc6a6f5ae223a6faa89ebc08,0.11545623836126628,autoland,4060709,13,fd0dfc9511c4c123e048823de9954312c2b907c1,linux1804-64-shippable-qr,True,False,,|c|o|l|d| |f|i|s|s|i|o|n| |i|n|t|e|r|a|c|t|i|v|e| |w|e|b|r|e|n|d|e|r|,102210fe594ee9b33d82058545b1ed14f4c8206e,fcp,reddit-billgates-post-1.billg,True,reddit-billgates-post-1.billg fcp opt cold fission webrender,,77,ms,firefox,,1750679698,2023-09-05 15:46:18,1295770,,,,,,,,,,,,,,,,,,,,,,,,,,,,,,,,,,,,,,,,,,,,,,,,,TN
725,08da3ca498f61eb9acb594038c5e764cfb37d735,0.143854748603352,autoland,4060709,13,fd0dfc9511c4c123e048823de9954312c2b907c1,linux1804-64-shippable-qr,True,False,,|c|o|l|d| |f|i|s|s|i|o|n| |i|n|t|e|r|a|c|t|i|v|e| |w|e|b|r|e|n|d|e|r|,102210fe594ee9b33d82058545b1ed14f4c8206e,fcp,reddit-billgates-post-1.billg,True,reddit-billgates-post-1.billg fcp opt cold fission webrender,,77,ms,firefox,,1750712841,2023-09-05 16:15:45,1295791,,,,,,,,,,,,,,,,,,,,,,,,,,,,,,,,,,,,,,,,,,,,,,,,,TN
726,e6278ccb302b74ca329c17e5d00508b795c54eec,0.15363128491620115,autoland,4060709,13,fd0dfc9511c4c123e048823de9954312c2b907c1,linux1804-64-shippable-qr,True,False,,|c|o|l|d| |f|i|s|s|i|o|n| |i|n|t|e|r|a|c|t|i|v|e| |w|e|b|r|e|n|d|e|r|,102210fe594ee9b33d82058545b1ed14f4c8206e,fcp,reddit-billgates-post-1.billg,True,reddit-billgates-post-1.billg fcp opt cold fission webrender,,77,ms,firefox,,1750804740,2023-09-05 19:25:11,1295926,,,,,,,,,,,,,,,,,,,,,,,,,,,,,,,,,,,,,,,,,,,,,,,,,TN
727,b34280e9a0872e3b3f0893cd3bd78bf94b421612,0.16317504655493476,autoland,4060709,13,fd0dfc9511c4c123e048823de9954312c2b907c1,linux1804-64-shippable-qr,True,False,,|c|o|l|d| |f|i|s|s|i|o|n| |i|n|t|e|r|a|c|t|i|v|e| |w|e|b|r|e|n|d|e|r|,102210fe594ee9b33d82058545b1ed14f4c8206e,fcp,reddit-billgates-post-1.billg,True,reddit-billgates-post-1.billg fcp opt cold fission webrender,,77,ms,firefox,,1750954796,2023-09-05 23:38:09,1296071,,,,,,,,,,,,,,,,,,,,,,,,,,,,,,,,,,,,,,,,,,,,,,,,,TN
728,ff7e2e9adbc1753b1f3e01a3f2eb8a91bb911418,0.15270018621973924,autoland,4060709,13,fd0dfc9511c4c123e048823de9954312c2b907c1,linux1804-64-shippable-qr,True,False,,|c|o|l|d| |f|i|s|s|i|o|n| |i|n|t|e|r|a|c|t|i|v|e| |w|e|b|r|e|n|d|e|r|,102210fe594ee9b33d82058545b1ed14f4c8206e,fcp,reddit-billgates-post-1.billg,True,reddit-billgates-post-1.billg fcp opt cold fission webrender,,77,ms,firefox,,1751003034,2023-09-06 00:54:53,1296116,,,,,,,,,,,,,,,,,,,,,,,,,,,,,,,,,,,,,,,,,,,,,,,,,TN
729,2db480f4c51c2178bf420a39b77d9392f7f5c6bf,0.1380353817504656,autoland,4060709,13,fd0dfc9511c4c123e048823de9954312c2b907c1,linux1804-64-shippable-qr,True,False,,|c|o|l|d| |f|i|s|s|i|o|n| |i|n|t|e|r|a|c|t|i|v|e| |w|e|b|r|e|n|d|e|r|,102210fe594ee9b33d82058545b1ed14f4c8206e,fcp,reddit-billgates-post-1.billg,True,reddit-billgates-post-1.billg fcp opt cold fission webrender,,77,ms,firefox,,1752052257,2023-09-06 03:07:52,1296153,,,,,,,,,,,,,,,,,,,,,,,,,,,,,,,,,,,,,,,,,,,,,,,,,TN
730,58584768dbb1a72cc624b914a0d8ddc4c6d60940,0.1324487895716946,autoland,4060709,13,fd0dfc9511c4c123e048823de9954312c2b907c1,linux1804-64-shippable-qr,True,False,,|c|o|l|d| |f|i|s|s|i|o|n| |i|n|t|e|r|a|c|t|i|v|e| |w|e|b|r|e|n|d|e|r|,102210fe594ee9b33d82058545b1ed14f4c8206e,fcp,reddit-billgates-post-1.billg,True,reddit-billgates-post-1.billg fcp opt cold fission webrender,,77,ms,firefox,,1752054631,2023-09-06 03:26:33,1296156,,,,,,,,,,,,,,,,,,,,,,,,,,,,,,,,,,,,,,,,,,,,,,,,,TN
731,369e38fa43bddf8e738f7d7ebcc5f3c4a74d89c2,0.14222532588454373,autoland,4060709,13,fd0dfc9511c4c123e048823de9954312c2b907c1,linux1804-64-shippable-qr,True,False,,|c|o|l|d| |f|i|s|s|i|o|n| |i|n|t|e|r|a|c|t|i|v|e| |w|e|b|r|e|n|d|e|r|,102210fe594ee9b33d82058545b1ed14f4c8206e,fcp,reddit-billgates-post-1.billg,True,reddit-billgates-post-1.billg fcp opt cold fission webrender,,77,ms,firefox,,1752052378,2023-09-06 03:50:16,1296161,,,,,,,,,,,,,,,,,,,,,,,,,,,,,,,,,,,,,,,,,,,,,,,,,TN
732,5c56b92baa65aa27df61f84718594767ef8f26f4,0.1571229050279329,autoland,4060709,13,fd0dfc9511c4c123e048823de9954312c2b907c1,linux1804-64-shippable-qr,True,False,,|c|o|l|d| |f|i|s|s|i|o|n| |i|n|t|e|r|a|c|t|i|v|e| |w|e|b|r|e|n|d|e|r|,102210fe594ee9b33d82058545b1ed14f4c8206e,fcp,reddit-billgates-post-1.billg,True,reddit-billgates-post-1.billg fcp opt cold fission webrender,,77,ms,firefox,,1751083862,2023-09-06 05:00:41,1296186,,,,,,,,,,,,,,,,,,,,,,,,,,,,,,,,,,,,,,,,,,,,,,,,,TN
733,1f1e8f5c546e5369f2e23a81eaf17ecb68a78e1c,0.16410614525139666,autoland,4060709,13,fd0dfc9511c4c123e048823de9954312c2b907c1,linux1804-64-shippable-qr,True,False,,|c|o|l|d| |f|i|s|s|i|o|n| |i|n|t|e|r|a|c|t|i|v|e| |w|e|b|r|e|n|d|e|r|,102210fe594ee9b33d82058545b1ed14f4c8206e,fcp,reddit-billgates-post-1.billg,True,reddit-billgates-post-1.billg fcp opt cold fission webrender,,77,ms,firefox,,1752052173,2023-09-06 07:00:29,1296212,,,,,,,,,,,,,,,,,,,,,,,,,,,,,,,,,,,,,,,,,,,,,,,,,TN
734,8b72bb550f87725450a5bddcbd33643c7680b4e1,0.13873370577281186,autoland,4060709,13,fd0dfc9511c4c123e048823de9954312c2b907c1,linux1804-64-shippable-qr,True,False,,|c|o|l|d| |f|i|s|s|i|o|n| |i|n|t|e|r|a|c|t|i|v|e| |w|e|b|r|e|n|d|e|r|,102210fe594ee9b33d82058545b1ed14f4c8206e,fcp,reddit-billgates-post-1.billg,True,reddit-billgates-post-1.billg fcp opt cold fission webrender,,77,ms,firefox,,1752051992,2023-09-06 07:32:47,1296219,,,,,,,,,,,,,,,,,,,,,,,,,,,,,,,,,,,,,,,,,,,,,,,,,TN
735,cee5a63949800c23b6e3e05171820320b507fe57,0.1559590316573557,autoland,4060709,13,fd0dfc9511c4c123e048823de9954312c2b907c1,linux1804-64-shippable-qr,True,False,,|c|o|l|d| |f|i|s|s|i|o|n| |i|n|t|e|r|a|c|t|i|v|e| |w|e|b|r|e|n|d|e|r|,102210fe594ee9b33d82058545b1ed14f4c8206e,fcp,reddit-billgates-post-1.billg,True,reddit-billgates-post-1.billg fcp opt cold fission webrender,,77,ms,firefox,,1752052310,2023-09-06 08:30:47,1296236,,,,,,,,,,,,,,,,,,,,,,,,,,,,,,,,,,,,,,,,,,,,,,,,,TN
736,1109b400168a4c704e4223ed3fb42a95cca3cb0e,0.16154562383612658,autoland,4060709,13,fd0dfc9511c4c123e048823de9954312c2b907c1,linux1804-64-shippable-qr,True,False,,|c|o|l|d| |f|i|s|s|i|o|n| |i|n|t|e|r|a|c|t|i|v|e| |w|e|b|r|e|n|d|e|r|,102210fe594ee9b33d82058545b1ed14f4c8206e,fcp,reddit-billgates-post-1.billg,True,reddit-billgates-post-1.billg fcp opt cold fission webrender,,77,ms,firefox,,1752051809,2023-09-06 08:53:26,1296248,,,,,,,,,,,,,,,,,,,,,,,,,,,,,,,,,,,,,,,,,,,,,,,,,TN
737,bcda86efab041a233296b0d228b4141180af6211,0.1447858472998137,autoland,4060709,13,fd0dfc9511c4c123e048823de9954312c2b907c1,linux1804-64-shippable-qr,True,False,,|c|o|l|d| |f|i|s|s|i|o|n| |i|n|t|e|r|a|c|t|i|v|e| |w|e|b|r|e|n|d|e|r|,102210fe594ee9b33d82058545b1ed14f4c8206e,fcp,reddit-billgates-post-1.billg,True,reddit-billgates-post-1.billg fcp opt cold fission webrender,,77,ms,firefox,,1752051845,2023-09-06 08:54:18,1296250,,,,,,,,,,,,,,,,,,,,,,,,,,,,,,,,,,,,,,,,,,,,,,,,,TN
738,6631a30338d3de03925f76afd071a29511729440,0.1419925512104283,autoland,4060709,13,fd0dfc9511c4c123e048823de9954312c2b907c1,linux1804-64-shippable-qr,True,False,,|c|o|l|d| |f|i|s|s|i|o|n| |i|n|t|e|r|a|c|t|i|v|e| |w|e|b|r|e|n|d|e|r|,102210fe594ee9b33d82058545b1ed14f4c8206e,fcp,reddit-billgates-post-1.billg,True,reddit-billgates-post-1.billg fcp opt cold fission webrender,,77,ms,firefox,,1751213333,2023-09-06 10:31:58,1296288,,,,,,,,,,,,,,,,,,,,,,,,,,,,,,,,,,,,,,,,,,,,,,,,,TN
739,8a47b48b706b8b131c6a1713deba7fe76dff915a,0.1370525553486448,autoland,4060709,13,fd0dfc9511c4c123e048823de9954312c2b907c1,linux1804-64-shippable-qr,True,False,,|c|o|l|d| |f|i|s|s|i|o|n| |i|n|t|e|r|a|c|t|i|v|e| |w|e|b|r|e|n|d|e|r|,102210fe594ee9b33d82058545b1ed14f4c8206e,fcp,reddit-billgates-post-1.billg,True,reddit-billgates-post-1.billg fcp opt cold fission webrender,,77,ms,firefox,,1752051890,2023-09-06 10:58:26,1296300,,,,,,,,,,,,,,,,,,,,,,,,,,,,,,,,,,,,,,,,,,,,,,,,,TN
740,3ccfd029bb7ad0acbb1f36e48d2366d9835a34eb,0.14918528864059588,autoland,4060709,13,fd0dfc9511c4c123e048823de9954312c2b907c1,linux1804-64-shippable-qr,True,False,,|c|o|l|d| |f|i|s|s|i|o|n| |i|n|t|e|r|a|c|t|i|v|e| |w|e|b|r|e|n|d|e|r|,102210fe594ee9b33d82058545b1ed14f4c8206e,fcp,reddit-billgates-post-1.billg,True,reddit-billgates-post-1.billg fcp opt cold fission webrender,,77,ms,firefox,,1752052191,2023-09-06 11:11:40,1296303,,,,,,,,,,,,,,,,,,,,,,,,,,,,,,,,,,,,,,,,,,,,,,,,,TN
741,7b7144975b319945642a90653847a06d03f111b7,0.13614408752327745,autoland,4060709,13,fd0dfc9511c4c123e048823de9954312c2b907c1,linux1804-64-shippable-qr,True,False,,|c|o|l|d| |f|i|s|s|i|o|n| |i|n|t|e|r|a|c|t|i|v|e| |w|e|b|r|e|n|d|e|r|,102210fe594ee9b33d82058545b1ed14f4c8206e,fcp,reddit-billgates-post-1.billg,True,reddit-billgates-post-1.billg fcp opt cold fission webrender,,77,ms,firefox,,1752060598,2023-09-06 11:12:44,1296304,,,,,,,,,,,,,,,,,,,,,,,,,,,,,,,,,,,,,,,,,,,,,,,,,TN
742,e43370e4259f61e0c264dbcef8b45e2862b3c5e8,0.15381233188495747,autoland,4060709,13,fd0dfc9511c4c123e048823de9954312c2b907c1,linux1804-64-shippable-qr,True,False,,|c|o|l|d| |f|i|s|s|i|o|n| |i|n|t|e|r|a|c|t|i|v|e| |w|e|b|r|e|n|d|e|r|,102210fe594ee9b33d82058545b1ed14f4c8206e,fcp,reddit-billgates-post-1.billg,True,reddit-billgates-post-1.billg fcp opt cold fission webrender,,77,ms,firefox,,1751236039,2023-09-06 11:18:29,1296309,,,,,,,,,,,,,,,,,,,,,,,,,,,,,,,,,,,,,,,,,,,,,,,,,TN
743,f00b92177a7856868b66f3ae5d79774d67defe25,0.14183736809435132,autoland,4060709,13,fd0dfc9511c4c123e048823de9954312c2b907c1,linux1804-64-shippable-qr,True,False,,|c|o|l|d| |f|i|s|s|i|o|n| |i|n|t|e|r|a|c|t|i|v|e| |w|e|b|r|e|n|d|e|r|,102210fe594ee9b33d82058545b1ed14f4c8206e,fcp,reddit-billgates-post-1.billg,True,reddit-billgates-post-1.billg fcp opt cold fission webrender,,77,ms,firefox,,1752052050,2023-09-06 11:46:15,1296321,,,,,,,,,,,,,,,,,,,,,,,,,,,,,,,,,,,,,,,,,,,,,,,,,TN
744,a64ea565143e0d7dfdb291c0ce68f7761d24980e,0.10381750465549344,autoland,4060709,13,fd0dfc9511c4c123e048823de9954312c2b907c1,linux1804-64-shippable-qr,True,False,,|c|o|l|d| |f|i|s|s|i|o|n| |i|n|t|e|r|a|c|t|i|v|e| |w|e|b|r|e|n|d|e|r|,102210fe594ee9b33d82058545b1ed14f4c8206e,fcp,reddit-billgates-post-1.billg,True,reddit-billgates-post-1.billg fcp opt cold fission webrender,,77,ms,firefox,,1752053100,2023-09-06 11:50:01,1296323,,,,,,,,,,,,,,,,,,,,,,,,,,,,,,,,,,,,,,,,,,,,,,,,,TN
745,1efdead581242a06398d33ea25040ec415b4051a,0.14432029795158285,autoland,4060709,13,fd0dfc9511c4c123e048823de9954312c2b907c1,linux1804-64-shippable-qr,True,False,,|c|o|l|d| |f|i|s|s|i|o|n| |i|n|t|e|r|a|c|t|i|v|e| |w|e|b|r|e|n|d|e|r|,102210fe594ee9b33d82058545b1ed14f4c8206e,fcp,reddit-billgates-post-1.billg,True,reddit-billgates-post-1.billg fcp opt cold fission webrender,,77,ms,firefox,,1751635848,2023-09-06 12:46:11,1296355,,,,,,,,,,,,,,,,,,,,,,,,,,,,,,,,,,,,,,,,,,,,,,,,,TN
746,90f7ca5b0ec6598e9a3298d82a4a34df06986322,0.1522346368715084,autoland,4060709,13,fd0dfc9511c4c123e048823de9954312c2b907c1,linux1804-64-shippable-qr,True,False,,|c|o|l|d| |f|i|s|s|i|o|n| |i|n|t|e|r|a|c|t|i|v|e| |w|e|b|r|e|n|d|e|r|,102210fe594ee9b33d82058545b1ed14f4c8206e,fcp,reddit-billgates-post-1.billg,True,reddit-billgates-post-1.billg fcp opt cold fission webrender,,77,ms,firefox,,1751654099,2023-09-06 12:47:02,1296356,,,,,,,,,,,,,,,,,,,,,,,,,,,,,,,,,,,,,,,,,,,,,,,,,TN
747,0315c2d875ca2a95bbb65ef4a1f7b75f72ed7263,0.1324487895716946,autoland,4060709,13,fd0dfc9511c4c123e048823de9954312c2b907c1,linux1804-64-shippable-qr,True,False,,|c|o|l|d| |f|i|s|s|i|o|n| |i|n|t|e|r|a|c|t|i|v|e| |w|e|b|r|e|n|d|e|r|,102210fe594ee9b33d82058545b1ed14f4c8206e,fcp,reddit-billgates-post-1.billg,True,reddit-billgates-post-1.billg fcp opt cold fission webrender,,77,ms,firefox,,1751327429,2023-09-06 14:28:21,1296418,,,,,,,,,,,,,,,,,,,,,,,,,,,,,,,,,,,,,,,,,,,,,,,,,TN
748,0489416a8aec949f888e29303c9bbe21ed1f99e7,0.14548417132216018,autoland,4060709,13,fd0dfc9511c4c123e048823de9954312c2b907c1,linux1804-64-shippable-qr,True,False,,|c|o|l|d| |f|i|s|s|i|o|n| |i|n|t|e|r|a|c|t|i|v|e| |w|e|b|r|e|n|d|e|r|,102210fe594ee9b33d82058545b1ed14f4c8206e,fcp,reddit-billgates-post-1.billg,True,reddit-billgates-post-1.billg fcp opt cold fission webrender,,77,ms,firefox,,1751645041,2023-09-06 16:46:52,1296506,,,,,,,,,,,,,,,,,,,,,,,,,,,,,,,,,,,,,,,,,,,,,,,,,TN
749,e7a99f508f56aad179face2013609fc9498d0c8f,0.14315642458100564,autoland,4060709,13,fd0dfc9511c4c123e048823de9954312c2b907c1,linux1804-64-shippable-qr,True,False,,|c|o|l|d| |f|i|s|s|i|o|n| |i|n|t|e|r|a|c|t|i|v|e| |w|e|b|r|e|n|d|e|r|,102210fe594ee9b33d82058545b1ed14f4c8206e,fcp,reddit-billgates-post-1.billg,True,reddit-billgates-post-1.billg fcp opt cold fission webrender,,77,ms,firefox,,1751601026,2023-09-06 16:49:32,1296508,,,,,,,,,,,,,,,,,,,,,,,,,,,,,,,,,,,,,,,,,,,,,,,,,TN
750,340378041fcfd986f6c0edb18a81efbc36f930c1,0.15619180633147112,autoland,4060709,13,fd0dfc9511c4c123e048823de9954312c2b907c1,linux1804-64-shippable-qr,True,False,,|c|o|l|d| |f|i|s|s|i|o|n| |i|n|t|e|r|a|c|t|i|v|e| |w|e|b|r|e|n|d|e|r|,102210fe594ee9b33d82058545b1ed14f4c8206e,fcp,reddit-billgates-post-1.billg,True,reddit-billgates-post-1.billg fcp opt cold fission webrender,,77,ms,firefox,,1751381337,2023-09-06 18:00:42,1296561,,,,,,,,,,,,,,,,,,,,,,,,,,,,,,,,,,,,,,,,,,,,,,,,,TN
751,6e5768f3fc480965c2b67e5006ad8351d30a27b2,0.14641527001862198,autoland,4060709,13,fd0dfc9511c4c123e048823de9954312c2b907c1,linux1804-64-shippable-qr,True,False,,|c|o|l|d| |f|i|s|s|i|o|n| |i|n|t|e|r|a|c|t|i|v|e| |w|e|b|r|e|n|d|e|r|,102210fe594ee9b33d82058545b1ed14f4c8206e,fcp,reddit-billgates-post-1.billg,True,reddit-billgates-post-1.billg fcp opt cold fission webrender,,77,ms,firefox,,1751472231,2023-09-06 21:18:27,1296699,,,,,,,,,,,,,,,,,,,,,,,,,,,,,,,,,,,,,,,,,,,,,,,,,TN
752,172ac46f5fd5a20a001b2cbed27df0ffb44ef6a6,0.14781191806331473,autoland,4060709,13,fd0dfc9511c4c123e048823de9954312c2b907c1,linux1804-64-shippable-qr,True,False,,|c|o|l|d| |f|i|s|s|i|o|n| |i|n|t|e|r|a|c|t|i|v|e| |w|e|b|r|e|n|d|e|r|,102210fe594ee9b33d82058545b1ed14f4c8206e,fcp,reddit-billgates-post-1.billg,True,reddit-billgates-post-1.billg fcp opt cold fission webrender,,77,ms,firefox,,1751588341,2023-09-07 02:02:33,1296842,,,,,,,,,,,,,,,,,,,,,,,,,,,,,,,,,,,,,,,,,,,,,,,,,TN
753,c8b40099127c273a58ba6defbe045c55752f0f64,0.1841247672253259,autoland,4060709,13,fd0dfc9511c4c123e048823de9954312c2b907c1,linux1804-64-shippable-qr,True,False,,|c|o|l|d| |f|i|s|s|i|o|n| |i|n|t|e|r|a|c|t|i|v|e| |w|e|b|r|e|n|d|e|r|,102210fe594ee9b33d82058545b1ed14f4c8206e,fcp,reddit-billgates-post-1.billg,True,reddit-billgates-post-1.billg fcp opt cold fission webrender,,77,ms,firefox,,1751663380,2023-09-07 05:47:53,1296880,,,,,,,,,,,,,,,,,,,,,,,,,,,,,,,,,,,,,,,,,,,,,,,,,TN
754,72c09a220d986d7af3fa78b07b9b87cd943f9ab5,0.16201117318435754,autoland,4060709,13,fd0dfc9511c4c123e048823de9954312c2b907c1,linux1804-64-shippable-qr,True,False,,|c|o|l|d| |f|i|s|s|i|o|n| |i|n|t|e|r|a|c|t|i|v|e| |w|e|b|r|e|n|d|e|r|,102210fe594ee9b33d82058545b1ed14f4c8206e,fcp,reddit-billgates-post-1.billg,True,reddit-billgates-post-1.billg fcp opt cold fission webrender,,77,ms,firefox,,1751777431,2023-09-07 10:02:59,1296967,,,,,,,,,,,,,,,,,,,,,,,,,,,,,,,,,,,,,,,,,,,,,,,,,TN
755,31aee1c71573016a4a40410e1c41adad2304c430,0.1513035381750466,autoland,4060709,13,fd0dfc9511c4c123e048823de9954312c2b907c1,linux1804-64-shippable-qr,True,False,,|c|o|l|d| |f|i|s|s|i|o|n| |i|n|t|e|r|a|c|t|i|v|e| |w|e|b|r|e|n|d|e|r|,102210fe594ee9b33d82058545b1ed14f4c8206e,fcp,reddit-billgates-post-1.billg,True,reddit-billgates-post-1.billg fcp opt cold fission webrender,,77,ms,firefox,,1751834843,2023-09-07 12:32:17,1297037,,,,,,,,,,,,,,,,,,,,,,,,,,,,,,,,,,,,,,,,,,,,,,,,,TN
756,be838735b3cf99411aaa287377f080810144f92d,0.13570763500931105,autoland,4060709,13,fd0dfc9511c4c123e048823de9954312c2b907c1,linux1804-64-shippable-qr,True,False,,|c|o|l|d| |f|i|s|s|i|o|n| |i|n|t|e|r|a|c|t|i|v|e| |w|e|b|r|e|n|d|e|r|,102210fe594ee9b33d82058545b1ed14f4c8206e,fcp,reddit-billgates-post-1.billg,True,reddit-billgates-post-1.billg fcp opt cold fission webrender,,77,ms,firefox,,1751913109,2023-09-07 16:05:38,1297179,,,,,,,,,,,,,,,,,,,,,,,,,,,,,,,,,,,,,,,,,,,,,,,,,TN
757,ab58e27cf5b6fa10352b2aab7515d67826afc2b7,0.07029795158286778,autoland,4060709,13,fd0dfc9511c4c123e048823de9954312c2b907c1,linux1804-64-shippable-qr,True,False,,|c|o|l|d| |f|i|s|s|i|o|n| |i|n|t|e|r|a|c|t|i|v|e| |w|e|b|r|e|n|d|e|r|,102210fe594ee9b33d82058545b1ed14f4c8206e,fcp,reddit-billgates-post-1.billg,True,reddit-billgates-post-1.billg fcp opt cold fission webrender,,77,ms,firefox,,1752312895,2023-09-07 16:07:31,1297180,,,,,,,,,,,,,,,,,,,,,,,,,,,,,,,,,,,,,,,,,,,,,,,,,TN
758,83e2fb4331f8fa061470e0f9823cdcdb78eb8a56,0.11964618249534453,autoland,4060709,13,fd0dfc9511c4c123e048823de9954312c2b907c1,linux1804-64-shippable-qr,True,False,,|c|o|l|d| |f|i|s|s|i|o|n| |i|n|t|e|r|a|c|t|i|v|e| |w|e|b|r|e|n|d|e|r|,102210fe594ee9b33d82058545b1ed14f4c8206e,fcp,reddit-billgates-post-1.billg,True,reddit-billgates-post-1.billg fcp opt cold fission webrender,,77,ms,firefox,,1752315567,2023-09-07 16:19:54,1297187,,,,,,,,,,,,,,,,,,,,,,,,,,,,,,,,,,,,,,,,,,,,,,,,,TN
759,25b4a7559a80b3970d88de68b2ac92420ca025c8,0.13570763500931105,autoland,4060709,13,fd0dfc9511c4c123e048823de9954312c2b907c1,linux1804-64-shippable-qr,True,False,,|c|o|l|d| |f|i|s|s|i|o|n| |i|n|t|e|r|a|c|t|i|v|e| |w|e|b|r|e|n|d|e|r|,102210fe594ee9b33d82058545b1ed14f4c8206e,fcp,reddit-billgates-post-1.billg,True,reddit-billgates-post-1.billg fcp opt cold fission webrender,,77,ms,firefox,,1752084249,2023-09-07 18:57:03,1297304,,,,,,,,,,,,,,,,,,,,,,,,,,,,,,,,,,,,,,,,,,,,,,,,,TN
760,6fb5507c20420498c1ebe5f2b6df35394d980f1c,0.1748137802607076,autoland,4060709,13,fd0dfc9511c4c123e048823de9954312c2b907c1,linux1804-64-shippable-qr,True,False,,|c|o|l|d| |f|i|s|s|i|o|n| |i|n|t|e|r|a|c|t|i|v|e| |w|e|b|r|e|n|d|e|r|,102210fe594ee9b33d82058545b1ed14f4c8206e,fcp,reddit-billgates-post-1.billg,True,reddit-billgates-post-1.billg fcp opt cold fission webrender,,77,ms,firefox,,1752180963,2023-09-07 23:16:45,1297446,,,,,,,,,,,,,,,,,,,,,,,,,,,,,,,,,,,,,,,,,,,,,,,,,TN
761,3096b15a785accc50f5e96ad64eed31ebd5ae045,0.1417597765363129,autoland,4060709,13,fd0dfc9511c4c123e048823de9954312c2b907c1,linux1804-64-shippable-qr,True,False,,|c|o|l|d| |f|i|s|s|i|o|n| |i|n|t|e|r|a|c|t|i|v|e| |w|e|b|r|e|n|d|e|r|,102210fe594ee9b33d82058545b1ed14f4c8206e,fcp,reddit-billgates-post-1.billg,True,reddit-billgates-post-1.billg fcp opt cold fission webrender,,77,ms,firefox,,1752200510,2023-09-07 23:39:19,1297453,,,,,,,,,,,,,,,,,,,,,,,,,,,,,,,,,,,,,,,,,,,,,,,,,TN
762,9cf29328d69c6278a4d9e184fcf79d33542cb600,0.15246741154562382,autoland,4060709,13,fd0dfc9511c4c123e048823de9954312c2b907c1,linux1804-64-shippable-qr,True,False,,|c|o|l|d| |f|i|s|s|i|o|n| |i|n|t|e|r|a|c|t|i|v|e| |w|e|b|r|e|n|d|e|r|,102210fe594ee9b33d82058545b1ed14f4c8206e,fcp,reddit-billgates-post-1.billg,True,reddit-billgates-post-1.billg fcp opt cold fission webrender,,77,ms,firefox,,1752292870,2023-09-08 04:28:36,1297535,,,,,,,,,,,,,,,,,,,,,,,,,,,,,,,,,,,,,,,,,,,,,,,,,TN
763,850826d930dbbaab76c864c8e0c815e741d335ec,0.15246741154562382,autoland,4060709,13,fd0dfc9511c4c123e048823de9954312c2b907c1,linux1804-64-shippable-qr,True,False,,|c|o|l|d| |f|i|s|s|i|o|n| |i|n|t|e|r|a|c|t|i|v|e| |w|e|b|r|e|n|d|e|r|,102210fe594ee9b33d82058545b1ed14f4c8206e,fcp,reddit-billgates-post-1.billg,True,reddit-billgates-post-1.billg fcp opt cold fission webrender,,77,ms,firefox,,1752387978,2023-09-08 08:33:18,1297602,,,,,,,,,,,,,,,,,,,,,,,,,,,,,,,,,,,,,,,,,,,,,,,,,TN
764,274b1d437629e97813d0b7fe7e8b4912cf84cf32,0.16108007448789574,autoland,4060709,13,fd0dfc9511c4c123e048823de9954312c2b907c1,linux1804-64-shippable-qr,True,False,,|c|o|l|d| |f|i|s|s|i|o|n| |i|n|t|e|r|a|c|t|i|v|e| |w|e|b|r|e|n|d|e|r|,102210fe594ee9b33d82058545b1ed14f4c8206e,fcp,reddit-billgates-post-1.billg,True,reddit-billgates-post-1.billg fcp opt cold fission webrender,,77,ms,firefox,,1752459439,2023-09-08 09:52:44,1297644,,,,,,,,,,,,,,,,,,,,,,,,,,,,,,,,,,,,,,,,,,,,,,,,,TN
765,822367e291b07b889b553a6beaa660fd1d4bf101,0.13500931098696467,autoland,4060709,13,fd0dfc9511c4c123e048823de9954312c2b907c1,linux1804-64-shippable-qr,True,False,,|c|o|l|d| |f|i|s|s|i|o|n| |i|n|t|e|r|a|c|t|i|v|e| |w|e|b|r|e|n|d|e|r|,102210fe594ee9b33d82058545b1ed14f4c8206e,fcp,reddit-billgates-post-1.billg,True,reddit-billgates-post-1.billg fcp opt cold fission webrender,,77,ms,firefox,,1752558050,2023-09-08 14:14:09,1297788,,,,,,,,,,,,,,,,,,,,,,,,,,,,,,,,,,,,,,,,,,,,,,,,,TN
766,bde2db6f12ce1100b2bbb4b10916f7be1cf90f3a,0.13500931098696467,autoland,4060709,13,fd0dfc9511c4c123e048823de9954312c2b907c1,linux1804-64-shippable-qr,True,False,,|c|o|l|d| |f|i|s|s|i|o|n| |i|n|t|e|r|a|c|t|i|v|e| |w|e|b|r|e|n|d|e|r|,102210fe594ee9b33d82058545b1ed14f4c8206e,fcp,reddit-billgates-post-1.billg,True,reddit-billgates-post-1.billg fcp opt cold fission webrender,,77,ms,firefox,,1752600194,2023-09-08 14:59:47,1297817,,,,,,,,,,,,,,,,,,,,,,,,,,,,,,,,,,,,,,,,,,,,,,,,,TN
767,27b2bca6565fd4a7d724617dc2a06ad4433d5e7d,0.14990689013035385,autoland,4060709,13,fd0dfc9511c4c123e048823de9954312c2b907c1,linux1804-64-shippable-qr,True,False,,|c|o|l|d| |f|i|s|s|i|o|n| |i|n|t|e|r|a|c|t|i|v|e| |w|e|b|r|e|n|d|e|r|,102210fe594ee9b33d82058545b1ed14f4c8206e,fcp,reddit-billgates-post-1.billg,True,reddit-billgates-post-1.billg fcp opt cold fission webrender,,77,ms,firefox,,1752707022,2023-09-08 18:04:40,1297929,,,,,,,,,,,,,,,,,,,,,,,,,,,,,,,,,,,,,,,,,,,,,,,,,TN
768,caabab6fd2b88b34f1344af40c555fed0a039949,0.14525139664804465,autoland,4060709,13,fd0dfc9511c4c123e048823de9954312c2b907c1,linux1804-64-shippable-qr,True,False,,|c|o|l|d| |f|i|s|s|i|o|n| |i|n|t|e|r|a|c|t|i|v|e| |w|e|b|r|e|n|d|e|r|,102210fe594ee9b33d82058545b1ed14f4c8206e,fcp,reddit-billgates-post-1.billg,True,reddit-billgates-post-1.billg fcp opt cold fission webrender,,77,ms,firefox,,1752842201,2023-09-08 22:44:42,1298112,,,,,,,,,,,,,,,,,,,,,,,,,,,,,,,,,,,,,,,,,,,,,,,,,TN
769,266305ba8989b3072ea042b1a3130ddfb89960e1,0.1429236499068901,autoland,4060709,13,fd0dfc9511c4c123e048823de9954312c2b907c1,linux1804-64-shippable-qr,True,False,,|c|o|l|d| |f|i|s|s|i|o|n| |i|n|t|e|r|a|c|t|i|v|e| |w|e|b|r|e|n|d|e|r|,102210fe594ee9b33d82058545b1ed14f4c8206e,fcp,reddit-billgates-post-1.billg,True,reddit-billgates-post-1.billg fcp opt cold fission webrender,,77,ms,firefox,,1752912846,2023-09-09 01:11:00,1298167,,,,,,,,,,,,,,,,,,,,,,,,,,,,,,,,,,,,,,,,,,,,,,,,,TN
770,02f7c436b43f486a8aec92c449f2df1fedf9226a,0.12267225325884545,autoland,4060709,13,fd0dfc9511c4c123e048823de9954312c2b907c1,linux1804-64-shippable-qr,True,False,,|c|o|l|d| |f|i|s|s|i|o|n| |i|n|t|e|r|a|c|t|i|v|e| |w|e|b|r|e|n|d|e|r|,102210fe594ee9b33d82058545b1ed14f4c8206e,fcp,reddit-billgates-post-1.billg,True,reddit-billgates-post-1.billg fcp opt cold fission webrender,,77,ms,firefox,,1752966359,2023-09-09 05:59:08,1298196,,,,,,,,,,,,,,,,,,,,,,,,,,,,,,,,,,,,,,,,,,,,,,,,,TN
771,52b4a28cd9d7623a471a02cb994a2aebbd5d7403,0.15805400372439482,autoland,4060709,13,fd0dfc9511c4c123e048823de9954312c2b907c1,linux1804-64-shippable-qr,True,False,,|c|o|l|d| |f|i|s|s|i|o|n| |i|n|t|e|r|a|c|t|i|v|e| |w|e|b|r|e|n|d|e|r|,102210fe594ee9b33d82058545b1ed14f4c8206e,fcp,reddit-billgates-post-1.billg,True,reddit-billgates-post-1.billg fcp opt cold fission webrender,,77,ms,firefox,,1753052465,2023-09-09 12:58:29,1298223,,,,,,,,,,,,,,,,,,,,,,,,,,,,,,,,,,,,,,,,,,,,,,,,,TN
772,df18c9cb1487f09a89e27eabbd0819691c70701b,0.1222067039106145,autoland,4060709,13,fd0dfc9511c4c123e048823de9954312c2b907c1,linux1804-64-shippable-qr,True,False,,|c|o|l|d| |f|i|s|s|i|o|n| |i|n|t|e|r|a|c|t|i|v|e| |w|e|b|r|e|n|d|e|r|,102210fe594ee9b33d82058545b1ed14f4c8206e,fcp,reddit-billgates-post-1.billg,True,reddit-billgates-post-1.billg fcp opt cold fission webrender,,77,ms,firefox,,1753200220,2023-09-09 23:18:35,1298263,,,,,,,,,,,,,,,,,,,,,,,,,,,,,,,,,,,,,,,,,,,,,,,,,TN
773,7faa89970aed2f2e16f538aba1a7465bb6a5ea20,0.17085661080074488,autoland,4060709,13,fd0dfc9511c4c123e048823de9954312c2b907c1,linux1804-64-shippable-qr,True,False,,|c|o|l|d| |f|i|s|s|i|o|n| |i|n|t|e|r|a|c|t|i|v|e| |w|e|b|r|e|n|d|e|r|,102210fe594ee9b33d82058545b1ed14f4c8206e,fcp,reddit-billgates-post-1.billg,True,reddit-billgates-post-1.billg fcp opt cold fission webrender,,77,ms,firefox,,1753254314,2023-09-10 03:51:10,1298271,,,,,,,,,,,,,,,,,,,,,,,,,,,,,,,,,,,,,,,,,,,,,,,,,TN
774,2e1c2dd8ef65a6914ebc4e0bc0a0a274c31e29bc,0.13291433891992555,autoland,4060709,13,fd0dfc9511c4c123e048823de9954312c2b907c1,linux1804-64-shippable-qr,True,False,,|c|o|l|d| |f|i|s|s|i|o|n| |i|n|t|e|r|a|c|t|i|v|e| |w|e|b|r|e|n|d|e|r|,102210fe594ee9b33d82058545b1ed14f4c8206e,fcp,reddit-billgates-post-1.billg,True,reddit-billgates-post-1.billg fcp opt cold fission webrender,,77,ms,firefox,,1753425427,2023-09-10 10:15:01,1298293,,,,,,,,,,,,,,,,,,,,,,,,,,,,,,,,,,,,,,,,,,,,,,,,,TN
775,640ad6a53cf88f878095f49f98b720a99c2762bd,0.13966480446927376,autoland,4060709,13,fd0dfc9511c4c123e048823de9954312c2b907c1,linux1804-64-shippable-qr,True,False,,|c|o|l|d| |f|i|s|s|i|o|n| |i|n|t|e|r|a|c|t|i|v|e| |w|e|b|r|e|n|d|e|r|,102210fe594ee9b33d82058545b1ed14f4c8206e,fcp,reddit-billgates-post-1.billg,True,reddit-billgates-post-1.billg fcp opt cold fission webrender,,77,ms,firefox,,1753498793,2023-09-10 12:24:34,1298303,,,,,,,,,,,,,,,,,,,,,,,,,,,,,,,,,,,,,,,,,,,,,,,,,TN
776,e91d172728590586e38bc431f3dc779479e365d5,0.14897579143389195,autoland,4060709,13,fd0dfc9511c4c123e048823de9954312c2b907c1,linux1804-64-shippable-qr,True,False,,|c|o|l|d| |f|i|s|s|i|o|n| |i|n|t|e|r|a|c|t|i|v|e| |w|e|b|r|e|n|d|e|r|,102210fe594ee9b33d82058545b1ed14f4c8206e,fcp,reddit-billgates-post-1.billg,True,reddit-billgates-post-1.billg fcp opt cold fission webrender,,77,ms,firefox,,1753607675,2023-09-10 16:24:53,1298313,,,,,,,,,,,,,,,,,,,,,,,,,,,,,,,,,,,,,,,,,,,,,,,,,TN
777,fff502a8f26bdfc51eada3cf32107848bff64a76,0.14990689013035385,autoland,4060709,13,fd0dfc9511c4c123e048823de9954312c2b907c1,linux1804-64-shippable-qr,True,False,,|c|o|l|d| |f|i|s|s|i|o|n| |i|n|t|e|r|a|c|t|i|v|e| |w|e|b|r|e|n|d|e|r|,102210fe594ee9b33d82058545b1ed14f4c8206e,fcp,reddit-billgates-post-1.billg,True,reddit-billgates-post-1.billg fcp opt cold fission webrender,,77,ms,firefox,,1753729406,2023-09-10 22:24:39,1298356,,,,,,,,,,,,,,,,,,,,,,,,,,,,,,,,,,,,,,,,,,,,,,,,,TN
778,5f5a3f190fdfa0947a671467171ab2b3cee62c38,0.14432029795158285,autoland,4060709,13,fd0dfc9511c4c123e048823de9954312c2b907c1,linux1804-64-shippable-qr,True,False,,|c|o|l|d| |f|i|s|s|i|o|n| |i|n|t|e|r|a|c|t|i|v|e| |w|e|b|r|e|n|d|e|r|,102210fe594ee9b33d82058545b1ed14f4c8206e,fcp,reddit-billgates-post-1.billg,True,reddit-billgates-post-1.billg fcp opt cold fission webrender,,77,ms,firefox,,1753835153,2023-09-11 04:00:08,1298396,,,,,,,,,,,,,,,,,,,,,,,,,,,,,,,,,,,,,,,,,,,,,,,,,TN
779,35ae39561912dad340dac47c7c1dc3af6ead952b,0.1841247672253259,autoland,4060709,13,fd0dfc9511c4c123e048823de9954312c2b907c1,linux1804-64-shippable-qr,True,False,,|c|o|l|d| |f|i|s|s|i|o|n| |i|n|t|e|r|a|c|t|i|v|e| |w|e|b|r|e|n|d|e|r|,102210fe594ee9b33d82058545b1ed14f4c8206e,fcp,reddit-billgates-post-1.billg,True,reddit-billgates-post-1.billg fcp opt cold fission webrender,,77,ms,firefox,,1753893037,2023-09-11 08:01:16,1298437,,,,,,,,,,,,,,,,,,,,,,,,,,,,,,,,,,,,,,,,,,,,,,,,,TN
780,16a377bb7b5f9713ac6a5fae21ce043c7de7cd67,0.1447858472998137,autoland,4060709,13,fd0dfc9511c4c123e048823de9954312c2b907c1,linux1804-64-shippable-qr,True,False,,|c|o|l|d| |f|i|s|s|i|o|n| |i|n|t|e|r|a|c|t|i|v|e| |w|e|b|r|e|n|d|e|r|,102210fe594ee9b33d82058545b1ed14f4c8206e,fcp,reddit-billgates-post-1.billg,True,reddit-billgates-post-1.billg fcp opt cold fission webrender,,77,ms,firefox,,1753968222,2023-09-11 10:09:23,1298486,,,,,,,,,,,,,,,,,,,,,,,,,,,,,,,,,,,,,,,,,,,,,,,,,TN
781,2ea4fd5d517a2b5edf081c9e2ccd8c014f6dc171,0.13175046554934822,autoland,4060709,13,fd0dfc9511c4c123e048823de9954312c2b907c1,linux1804-64-shippable-qr,True,False,,|c|o|l|d| |f|i|s|s|i|o|n| |i|n|t|e|r|a|c|t|i|v|e| |w|e|b|r|e|n|d|e|r|,102210fe594ee9b33d82058545b1ed14f4c8206e,fcp,reddit-billgates-post-1.billg,True,reddit-billgates-post-1.billg fcp opt cold fission webrender,,77,ms,firefox,,1754079145,2023-09-11 13:54:23,1298638,,,,,,,,,,,,,,,,,,,,,,,,,,,,,,,,,,,,,,,,,,,,,,,,,TN
782,f28ec98bf27ffbc0952af3f4ff0ffec4218a6554,0.1305865921787709,autoland,4060709,13,fd0dfc9511c4c123e048823de9954312c2b907c1,linux1804-64-shippable-qr,True,False,,|c|o|l|d| |f|i|s|s|i|o|n| |i|n|t|e|r|a|c|t|i|v|e| |w|e|b|r|e|n|d|e|r|,102210fe594ee9b33d82058545b1ed14f4c8206e,fcp,reddit-billgates-post-1.billg,True,reddit-billgates-post-1.billg fcp opt cold fission webrender,,77,ms,firefox,,1754258362,2023-09-11 17:41:44,1298761,,,,,,,,,,,,,,,,,,,,,,,,,,,,,,,,,,,,,,,,,,,,,,,,,TN
783,4a10a12f6006582e936c81baefda439d8f078729,0.15921787709497204,autoland,4060709,13,fd0dfc9511c4c123e048823de9954312c2b907c1,linux1804-64-shippable-qr,True,False,,|c|o|l|d| |f|i|s|s|i|o|n| |i|n|t|e|r|a|c|t|i|v|e| |w|e|b|r|e|n|d|e|r|,102210fe594ee9b33d82058545b1ed14f4c8206e,fcp,reddit-billgates-post-1.billg,True,reddit-billgates-post-1.billg fcp opt cold fission webrender,,77,ms,firefox,,1754370164,2023-09-11 21:44:17,1298874,,,,,,,,,,,,,,,,,,,,,,,,,,,,,,,,,,,,,,,,,,,,,,,,,TN
784,12882fe96164b756c60fff4549300977b85af06f,0.16480446927374304,autoland,4060709,13,fd0dfc9511c4c123e048823de9954312c2b907c1,linux1804-64-shippable-qr,True,False,,|c|o|l|d| |f|i|s|s|i|o|n| |i|n|t|e|r|a|c|t|i|v|e| |w|e|b|r|e|n|d|e|r|,102210fe594ee9b33d82058545b1ed14f4c8206e,fcp,reddit-billgates-post-1.billg,True,reddit-billgates-post-1.billg fcp opt cold fission webrender,,77,ms,firefox,,1754387578,2023-09-11 22:07:56,1298881,,,,,,,,,,,,,,,,,,,,,,,,,,,,,,,,,,,,,,,,,,,,,,,,,TN
785,cdcc536589320caec69ec36416058cd46b8d4178,0.1352420856610801,autoland,4060709,13,fd0dfc9511c4c123e048823de9954312c2b907c1,linux1804-64-shippable-qr,True,False,,|c|o|l|d| |f|i|s|s|i|o|n| |i|n|t|e|r|a|c|t|i|v|e| |w|e|b|r|e|n|d|e|r|,102210fe594ee9b33d82058545b1ed14f4c8206e,fcp,reddit-billgates-post-1.billg,True,reddit-billgates-post-1.billg fcp opt cold fission webrender,,77,ms,firefox,,1754535765,2023-09-12 02:35:45,1298976,,,,,,,,,,,,,,,,,,,,,,,,,,,,,,,,,,,,,,,,,,,,,,,,,TN
786,2e2360c55e7b421532f4d12b7a36a0e0f943a1e9,0.15851955307262566,autoland,4060709,13,fd0dfc9511c4c123e048823de9954312c2b907c1,linux1804-64-shippable-qr,True,False,,|c|o|l|d| |f|i|s|s|i|o|n| |i|n|t|e|r|a|c|t|i|v|e| |w|e|b|r|e|n|d|e|r|,102210fe594ee9b33d82058545b1ed14f4c8206e,fcp,reddit-billgates-post-1.billg,True,reddit-billgates-post-1.billg fcp opt cold fission webrender,,77,ms,firefox,,1754646826,2023-09-12 07:31:58,1299027,,,,,,,,,,,,,,,,,,,,,,,,,,,,,,,,,,,,,,,,,,,,,,,,,TN
787,4cca882e069d67c3a9a9064ac603b0dca23a5b39,0.12942271880819367,autoland,4060709,13,fd0dfc9511c4c123e048823de9954312c2b907c1,linux1804-64-shippable-qr,True,False,,|c|o|l|d| |f|i|s|s|i|o|n| |i|n|t|e|r|a|c|t|i|v|e| |w|e|b|r|e|n|d|e|r|,102210fe594ee9b33d82058545b1ed14f4c8206e,fcp,reddit-billgates-post-1.billg,True,reddit-billgates-post-1.billg fcp opt cold fission webrender,,77,ms,firefox,,1754776170,2023-09-12 11:48:24,1299122,,,,,,,,,,,,,,,,,,,,,,,,,,,,,,,,,,,,,,,,,,,,,,,,,TN
788,291b2b068eff119f82ed59b6c11d63f427f457fa,0.1417597765363129,autoland,4060709,13,fd0dfc9511c4c123e048823de9954312c2b907c1,linux1804-64-shippable-qr,True,False,,|c|o|l|d| |f|i|s|s|i|o|n| |i|n|t|e|r|a|c|t|i|v|e| |w|e|b|r|e|n|d|e|r|,102210fe594ee9b33d82058545b1ed14f4c8206e,fcp,reddit-billgates-post-1.billg,True,reddit-billgates-post-1.billg fcp opt cold fission webrender,,77,ms,firefox,,1755249177,2023-09-12 11:51:18,1299123,,,,,,,,,,,,,,,,,,,,,,,,,,,,,,,,,,,,,,,,,,,,,,,,,TN
789,f302f4a5371614cb2d42fbbe4ddfdd068aae146d,0.07355679702048418,autoland,4060709,13,fd0dfc9511c4c123e048823de9954312c2b907c1,linux1804-64-shippable-qr,True,False,,|c|o|l|d| |f|i|s|s|i|o|n| |i|n|t|e|r|a|c|t|i|v|e| |w|e|b|r|e|n|d|e|r|,102210fe594ee9b33d82058545b1ed14f4c8206e,fcp,reddit-billgates-post-1.billg,True,reddit-billgates-post-1.billg fcp opt cold fission webrender,,77,ms,firefox,,1754799389,2023-09-12 12:34:27,1299141,,,,,,,,,,,,,,,,,,,,,,,,,,,,,,,,,,,,,,,,,,,,,,,,,TN
790,1b3be6b61583c53c2cb899ffc91c921c022e8162,0.14408752327746743,autoland,4060709,13,fd0dfc9511c4c123e048823de9954312c2b907c1,linux1804-64-shippable-qr,True,False,,|c|o|l|d| |f|i|s|s|i|o|n| |i|n|t|e|r|a|c|t|i|v|e| |w|e|b|r|e|n|d|e|r|,102210fe594ee9b33d82058545b1ed14f4c8206e,fcp,reddit-billgates-post-1.billg,True,reddit-billgates-post-1.billg fcp opt cold fission webrender,,77,ms,firefox,,1754933146,2023-09-12 16:35:29,1299257,,,,,,,,,,,,,,,,,,,,,,,,,,,,,,,,,,,,,,,,,,,,,,,,,TN
791,c77f534dc9b99192eca371e3917ffc5b504bd055,0.1447858472998137,autoland,4060709,13,fd0dfc9511c4c123e048823de9954312c2b907c1,linux1804-64-shippable-qr,True,False,,|c|o|l|d| |f|i|s|s|i|o|n| |i|n|t|e|r|a|c|t|i|v|e| |w|e|b|r|e|n|d|e|r|,102210fe594ee9b33d82058545b1ed14f4c8206e,fcp,reddit-billgates-post-1.billg,True,reddit-billgates-post-1.billg fcp opt cold fission webrender,,77,ms,firefox,,1754973529,2023-09-12 17:51:01,1299297,,,,,,,,,,,,,,,,,,,,,,,,,,,,,,,,,,,,,,,,,,,,,,,,,TN
792,0339e9d43c22845d7589528bc8a08eee6b2d5c7a,0.14874301675977653,autoland,4060709,13,fd0dfc9511c4c123e048823de9954312c2b907c1,linux1804-64-shippable-qr,True,False,,|c|o|l|d| |f|i|s|s|i|o|n| |i|n|t|e|r|a|c|t|i|v|e| |w|e|b|r|e|n|d|e|r|,102210fe594ee9b33d82058545b1ed14f4c8206e,fcp,reddit-billgates-post-1.billg,True,reddit-billgates-post-1.billg fcp opt cold fission webrender,,77,ms,firefox,,1755148954,2023-09-12 22:44:58,1299446,,,,,,,,,,,,,,,,,,,,,,,,,,,,,,,,,,,,,,,,,,,,,,,,,TN
793,d238756ba039d0430074dea8fa1db0c2b75b8184,0.15851955307262566,autoland,4060709,13,fd0dfc9511c4c123e048823de9954312c2b907c1,linux1804-64-shippable-qr,True,False,,|c|o|l|d| |f|i|s|s|i|o|n| |i|n|t|e|r|a|c|t|i|v|e| |w|e|b|r|e|n|d|e|r|,102210fe594ee9b33d82058545b1ed14f4c8206e,fcp,reddit-billgates-post-1.billg,True,reddit-billgates-post-1.billg fcp opt cold fission webrender,,77,ms,firefox,,1755162450,2023-09-12 23:09:22,1299456,,,,,,,,,,,,,,,,,,,,,,,,,,,,,,,,,,,,,,,,,,,,,,,,,TN
794,daceab96e9588ecb729cc3648c7980f1d9928ef1,0.1550279329608938,autoland,4060709,13,fd0dfc9511c4c123e048823de9954312c2b907c1,linux1804-64-shippable-qr,True,False,,|c|o|l|d| |f|i|s|s|i|o|n| |i|n|t|e|r|a|c|t|i|v|e| |w|e|b|r|e|n|d|e|r|,102210fe594ee9b33d82058545b1ed14f4c8206e,fcp,reddit-billgates-post-1.billg,True,reddit-billgates-post-1.billg fcp opt cold fission webrender,,77,ms,firefox,,1755230407,2023-09-13 03:21:32,1299496,,,,,,,,,,,,,,,,,,,,,,,,,,,,,,,,,,,,,,,,,,,,,,,,,TN
795,00a66a4ea7d34e12302bd63f68a950cbff5a9ffa,0.1936685288640596,autoland,4060709,13,fd0dfc9511c4c123e048823de9954312c2b907c1,linux1804-64-shippable-qr,True,False,,|c|o|l|d| |f|i|s|s|i|o|n| |i|n|t|e|r|a|c|t|i|v|e| |w|e|b|r|e|n|d|e|r|,102210fe594ee9b33d82058545b1ed14f4c8206e,fcp,reddit-billgates-post-1.billg,True,reddit-billgates-post-1.billg fcp opt cold fission webrender,,77,ms,firefox,,1755295789,2023-09-13 08:07:28,1299529,,,,,,,,,,,,,,,,,,,,,,,,,,,,,,,,,,,,,,,,,,,,,,,,,TN
796,d495f0f008a3f8e3744708840003854f68717a05,0.10311918063314712,autoland,4060709,13,fd0dfc9511c4c123e048823de9954312c2b907c1,linux1804-64-shippable-qr,True,False,,|c|o|l|d| |f|i|s|s|i|o|n| |i|n|t|e|r|a|c|t|i|v|e| |w|e|b|r|e|n|d|e|r|,102210fe594ee9b33d82058545b1ed14f4c8206e,fcp,reddit-billgates-post-1.billg,True,reddit-billgates-post-1.billg fcp opt cold fission webrender,,77,ms,firefox,,1756055728,2023-09-13 08:35:12,1299543,,,,,,,,,,,,,,,,,,,,,,,,,,,,,,,,,,,,,,,,,,,,,,,,,TN
797,553a9965853cc36518deed2d2f9e4141c0e52ead,0.14525139664804465,autoland,4060709,13,fd0dfc9511c4c123e048823de9954312c2b907c1,linux1804-64-shippable-qr,True,False,,|c|o|l|d| |f|i|s|s|i|o|n| |i|n|t|e|r|a|c|t|i|v|e| |w|e|b|r|e|n|d|e|r|,102210fe594ee9b33d82058545b1ed14f4c8206e,fcp,reddit-billgates-post-1.billg,True,reddit-billgates-post-1.billg fcp opt cold fission webrender,,77,ms,firefox,,1756108165,2023-09-13 09:27:08,1299568,,,,,,,,,,,,,,,,,,,,,,,,,,,,,,,,,,,,,,,,,,,,,,,,,TN
798,1a4b8c41b3c3efb7f5870fb99730fc6b08a44cc1,0.1240689013035382,autoland,4060709,13,fd0dfc9511c4c123e048823de9954312c2b907c1,linux1804-64-shippable-qr,True,False,,|c|o|l|d| |f|i|s|s|i|o|n| |i|n|t|e|r|a|c|t|i|v|e| |w|e|b|r|e|n|d|e|r|,102210fe594ee9b33d82058545b1ed14f4c8206e,fcp,reddit-billgates-post-1.billg,True,reddit-billgates-post-1.billg fcp opt cold fission webrender,,77,ms,firefox,,1755450550,2023-09-13 11:26:03,1299625,,,,,,,,,,,,,,,,,,,,,,,,,,,,,,,,,,,,,,,,,,,,,,,,,TN
799,dc8f31b9bc187dab586c4f70cd2bfc3b0d5d6ae4,0.15572625698324027,autoland,4060709,13,fd0dfc9511c4c123e048823de9954312c2b907c1,linux1804-64-shippable-qr,True,False,,|c|o|l|d| |f|i|s|s|i|o|n| |i|n|t|e|r|a|c|t|i|v|e| |w|e|b|r|e|n|d|e|r|,102210fe594ee9b33d82058545b1ed14f4c8206e,fcp,reddit-billgates-post-1.billg,True,reddit-billgates-post-1.billg fcp opt cold fission webrender,,77,ms,firefox,,1756161208,2023-09-13 14:30:16,1299754,,,,,,,,,,,,,,,,,,,,,,,,,,,,,,,,,,,,,,,,,,,,,,,,,TN
800,7ac06c7aba78c22b33f18766dcab08b889a7864c,0.12313780260707641,autoland,4060709,13,fd0dfc9511c4c123e048823de9954312c2b907c1,linux1804-64-shippable-qr,True,False,,|c|o|l|d| |f|i|s|s|i|o|n| |i|n|t|e|r|a|c|t|i|v|e| |w|e|b|r|e|n|d|e|r|,102210fe594ee9b33d82058545b1ed14f4c8206e,fcp,reddit-billgates-post-1.billg,True,reddit-billgates-post-1.billg fcp opt cold fission webrender,,77,ms,firefox,,1756145047,2023-09-13 14:34:20,1299757,,,,,,,,,,,,,,,,,,,,,,,,,,,,,,,,,,,,,,,,,,,,,,,,,TN
801,49a7e292daad5c6727d745e6910b8bde5c3f59a6,0.17621042830540035,autoland,4060709,13,fd0dfc9511c4c123e048823de9954312c2b907c1,linux1804-64-shippable-qr,True,False,,|c|o|l|d| |f|i|s|s|i|o|n| |i|n|t|e|r|a|c|t|i|v|e| |w|e|b|r|e|n|d|e|r|,102210fe594ee9b33d82058545b1ed14f4c8206e,fcp,reddit-billgates-post-1.billg,True,reddit-billgates-post-1.billg fcp opt cold fission webrender,,77,ms,firefox,,1755600138,2023-09-13 15:38:40,1299802,,,,,,,,,,,,,,,,,,,,,,,,,,,,,,,,,,,,,,,,,,,,,,,,,TN
802,ce9c917d3e22a86f9e2a6fb5d5b68cd6d56fb687,0.14338919925512106,autoland,4060709,13,fd0dfc9511c4c123e048823de9954312c2b907c1,linux1804-64-shippable-qr,True,False,,|c|o|l|d| |f|i|s|s|i|o|n| |i|n|t|e|r|a|c|t|i|v|e| |w|e|b|r|e|n|d|e|r|,102210fe594ee9b33d82058545b1ed14f4c8206e,fcp,reddit-billgates-post-1.billg,True,reddit-billgates-post-1.billg fcp opt cold fission webrender,,77,ms,firefox,,1755638665,2023-09-13 16:07:42,1299823,,,,,,,,,,,,,,,,,,,,,,,,,,,,,,,,,,,,,,,,,,,,,,,,,TN
803,ab101a976da356370e4d513e38e73a1fa55b1597,0.1333798882681565,autoland,4060709,13,fd0dfc9511c4c123e048823de9954312c2b907c1,linux1804-64-shippable-qr,True,False,,|c|o|l|d| |f|i|s|s|i|o|n| |i|n|t|e|r|a|c|t|i|v|e| |w|e|b|r|e|n|d|e|r|,102210fe594ee9b33d82058545b1ed14f4c8206e,fcp,reddit-billgates-post-1.billg,True,reddit-billgates-post-1.billg fcp opt cold fission webrender,,77,ms,firefox,,1755854894,2023-09-13 20:42:18,1300022,,,,,,,,,,,,,,,,,,,,,,,,,,,,,,,,,,,,,,,,,,,,,,,,,TN
804,fc58fac540690555892621f6baed2284f400b915,0.1380353817504656,autoland,4060709,13,fd0dfc9511c4c123e048823de9954312c2b907c1,linux1804-64-shippable-qr,True,False,,|c|o|l|d| |f|i|s|s|i|o|n| |i|n|t|e|r|a|c|t|i|v|e| |w|e|b|r|e|n|d|e|r|,102210fe594ee9b33d82058545b1ed14f4c8206e,fcp,reddit-billgates-post-1.billg,True,reddit-billgates-post-1.billg fcp opt cold fission webrender,,77,ms,firefox,,1756176383,2023-09-13 22:03:21,1300077,,,,,,,,,,,,,,,,,,,,,,,,,,,,,,,,,,,,,,,,,,,,,,,,,TN
805,17e683a390bfaef02374d3553fd9e056c9c15927,0.13221601489757917,autoland,4060709,13,fd0dfc9511c4c123e048823de9954312c2b907c1,linux1804-64-shippable-qr,True,False,,|c|o|l|d| |f|i|s|s|i|o|n| |i|n|t|e|r|a|c|t|i|v|e| |w|e|b|r|e|n|d|e|r|,102210fe594ee9b33d82058545b1ed14f4c8206e,fcp,reddit-billgates-post-1.billg,True,reddit-billgates-post-1.billg fcp opt cold fission webrender,,77,ms,firefox,,1756154071,2023-09-13 22:40:28,1300094,,,,,,,,,,,,,,,,,,,,,,,,,,,,,,,,,,,,,,,,,,,,,,,,,TN
806,8f5a11c1eb0b7598d1415f6efa9c360191a423f8,0.1568901303538175,autoland,4060709,13,fd0dfc9511c4c123e048823de9954312c2b907c1,linux1804-64-shippable-qr,True,False,,|c|o|l|d| |f|i|s|s|i|o|n| |i|n|t|e|r|a|c|t|i|v|e| |w|e|b|r|e|n|d|e|r|,102210fe594ee9b33d82058545b1ed14f4c8206e,fcp,reddit-billgates-post-1.billg,True,reddit-billgates-post-1.billg fcp opt cold fission webrender,,77,ms,firefox,,1755933522,2023-09-13 23:14:42,1300119,,,,,,,,,,,,,,,,,,,,,,,,,,,,,,,,,,,,,,,,,,,,,,,,,TN
807,c57de172952ed6dfa84943bd2175574e4c87e92b,0.1457169459962756,autoland,4060709,13,fd0dfc9511c4c123e048823de9954312c2b907c1,linux1804-64-shippable-qr,True,False,,|c|o|l|d| |f|i|s|s|i|o|n| |i|n|t|e|r|a|c|t|i|v|e| |w|e|b|r|e|n|d|e|r|,102210fe594ee9b33d82058545b1ed14f4c8206e,fcp,reddit-billgates-post-1.billg,True,reddit-billgates-post-1.billg fcp opt cold fission webrender,,77,ms,firefox,,1756090606,2023-09-14 04:10:41,1300187,,,,,,,,,,,,,,,,,,,,,,,,,,,,,,,,,,,,,,,,,,,,,,,,,TN
808,69c7e9b937f817f1bee50511a690a35aa3b49793,0.12430167597765363,autoland,4060709,13,fd0dfc9511c4c123e048823de9954312c2b907c1,linux1804-64-shippable-qr,True,False,,|c|o|l|d| |f|i|s|s|i|o|n| |i|n|t|e|r|a|c|t|i|v|e| |w|e|b|r|e|n|d|e|r|,102210fe594ee9b33d82058545b1ed14f4c8206e,fcp,reddit-billgates-post-1.billg,True,reddit-billgates-post-1.billg fcp opt cold fission webrender,,77,ms,firefox,,1756307320,2023-09-14 09:30:23,1300302,,,,,,,,,,,,,,,,,,,,,,,,,,,,,,,,,,,,,,,,,,,,,,,,,TN
809,76116e6c2476f694d9cd5db9c69d9065e3b2cbbd,0.11824953445065178,autoland,4060709,13,fd0dfc9511c4c123e048823de9954312c2b907c1,linux1804-64-shippable-qr,True,False,,|c|o|l|d| |f|i|s|s|i|o|n| |i|n|t|e|r|a|c|t|i|v|e| |w|e|b|r|e|n|d|e|r|,102210fe594ee9b33d82058545b1ed14f4c8206e,fcp,reddit-billgates-post-1.billg,True,reddit-billgates-post-1.billg fcp opt cold fission webrender,,77,ms,firefox,,1756370566,2023-09-14 11:38:04,1300382,,,,,,,,,,,,,,,,,,,,,,,,,,,,,,,,,,,,,,,,,,,,,,,,,TN
810,3b93c8502571e31ff0926a4911fae422c3c2118c,0.14269087523277468,autoland,4060709,13,fd0dfc9511c4c123e048823de9954312c2b907c1,linux1804-64-shippable-qr,True,False,,|c|o|l|d| |f|i|s|s|i|o|n| |i|n|t|e|r|a|c|t|i|v|e| |w|e|b|r|e|n|d|e|r|,102210fe594ee9b33d82058545b1ed14f4c8206e,fcp,reddit-billgates-post-1.billg,True,reddit-billgates-post-1.billg fcp opt cold fission webrender,,77,ms,firefox,,1756539377,2023-09-14 15:44:34,1300523,,,,,,,,,,,,,,,,,,,,,,,,,,,,,,,,,,,,,,,,,,,,,,,,,TN
811,98de7bc404c3786a5459a205dea174bdf39d3dbf,0.1599162011173184,autoland,4060709,13,fd0dfc9511c4c123e048823de9954312c2b907c1,linux1804-64-shippable-qr,True,False,,|c|o|l|d| |f|i|s|s|i|o|n| |i|n|t|e|r|a|c|t|i|v|e| |w|e|b|r|e|n|d|e|r|,102210fe594ee9b33d82058545b1ed14f4c8206e,fcp,reddit-billgates-post-1.billg,True,reddit-billgates-post-1.billg fcp opt cold fission webrender,,77,ms,firefox,,1756585240,2023-09-14 16:38:11,1300546,,,,,,,,,,,,,,,,,,,,,,,,,,,,,,,,,,,,,,,,,,,,,,,,,TN
812,ecc245e6c1644825a53e0e4085347043a793a40f,0.14618249534450656,autoland,4060709,13,fd0dfc9511c4c123e048823de9954312c2b907c1,linux1804-64-shippable-qr,True,False,,|c|o|l|d| |f|i|s|s|i|o|n| |i|n|t|e|r|a|c|t|i|v|e| |w|e|b|r|e|n|d|e|r|,102210fe594ee9b33d82058545b1ed14f4c8206e,fcp,reddit-billgates-post-1.billg,True,reddit-billgates-post-1.billg fcp opt cold fission webrender,,77,ms,firefox,,1756663073,2023-09-14 20:51:49,1300732,,,,,,,,,,,,,,,,,,,,,,,,,,,,,,,,,,,,,,,,,,,,,,,,,TN
813,7bf127e6049ad217b3567e11ce2c53369aa3e9fb,0.17364990689013038,autoland,4060709,13,fd0dfc9511c4c123e048823de9954312c2b907c1,linux1804-64-shippable-qr,True,False,,|c|o|l|d| |f|i|s|s|i|o|n| |i|n|t|e|r|a|c|t|i|v|e| |w|e|b|r|e|n|d|e|r|,102210fe594ee9b33d82058545b1ed14f4c8206e,fcp,reddit-billgates-post-1.billg,True,reddit-billgates-post-1.billg fcp opt cold fission webrender,,77,ms,firefox,,1757530820,2023-09-15 00:25:19,1300840,,,,,,,,,,,,,,,,,,,,,,,,,,,,,,,,,,,,,,,,,,,,,,,,,TN
814,cfbd0bd9bc623276a862481e44bd71e1d57e2eac,0.16596834264432037,autoland,4060709,13,fd0dfc9511c4c123e048823de9954312c2b907c1,linux1804-64-shippable-qr,True,False,,|c|o|l|d| |f|i|s|s|i|o|n| |i|n|t|e|r|a|c|t|i|v|e| |w|e|b|r|e|n|d|e|r|,102210fe594ee9b33d82058545b1ed14f4c8206e,fcp,reddit-billgates-post-1.billg,True,reddit-billgates-post-1.billg fcp opt cold fission webrender,,77,ms,firefox,,1756800847,2023-09-15 00:53:43,1300850,,,,,,,,,,,,,,,,,,,,,,,,,,,,,,,,,,,,,,,,,,,,,,,,,TN
815,8f99acff4cbc8f25f158dc6ff079042f02768f05,0.15083798882681565,autoland,4060709,13,fd0dfc9511c4c123e048823de9954312c2b907c1,linux1804-64-shippable-qr,True,False,,|c|o|l|d| |f|i|s|s|i|o|n| |i|n|t|e|r|a|c|t|i|v|e| |w|e|b|r|e|n|d|e|r|,102210fe594ee9b33d82058545b1ed14f4c8206e,fcp,reddit-billgates-post-1.billg,True,reddit-billgates-post-1.billg fcp opt cold fission webrender,,77,ms,firefox,,1756919797,2023-09-15 06:04:49,1300927,,,,,,,,,,,,,,,,,,,,,,,,,,,,,,,,,,,,,,,,,,,,,,,,,TN
816,0a032c6f1d5da0740059f67c499e0e9f7ab88650,0.1364059590316573,autoland,4060709,13,fd0dfc9511c4c123e048823de9954312c2b907c1,linux1804-64-shippable-qr,True,False,,|c|o|l|d| |f|i|s|s|i|o|n| |i|n|t|e|r|a|c|t|i|v|e| |w|e|b|r|e|n|d|e|r|,102210fe594ee9b33d82058545b1ed14f4c8206e,fcp,reddit-billgates-post-1.billg,True,reddit-billgates-post-1.billg fcp opt cold fission webrender,,77,ms,firefox,,1756942800,2023-09-15 06:59:31,1300939,,,,,,,,,,,,,,,,,,,,,,,,,,,,,,,,,,,,,,,,,,,,,,,,,TN
817,29c4aff31f1dc95ad970b23a77b763265f1632c0,0.14874301675977653,autoland,4060709,13,fd0dfc9511c4c123e048823de9954312c2b907c1,linux1804-64-shippable-qr,True,False,,|c|o|l|d| |f|i|s|s|i|o|n| |i|n|t|e|r|a|c|t|i|v|e| |w|e|b|r|e|n|d|e|r|,102210fe594ee9b33d82058545b1ed14f4c8206e,fcp,reddit-billgates-post-1.billg,True,reddit-billgates-post-1.billg fcp opt cold fission webrender,,77,ms,firefox,,1757092533,2023-09-15 11:50:44,1301039,,,,,,,,,,,,,,,,,,,,,,,,,,,,,,,,,,,,,,,,,,,,,,,,,TN
818,079079610ac2a41dba72a91cbe2867519e2bc5bd,0.1305865921787709,autoland,4060709,13,fd0dfc9511c4c123e048823de9954312c2b907c1,linux1804-64-shippable-qr,True,False,,|c|o|l|d| |f|i|s|s|i|o|n| |i|n|t|e|r|a|c|t|i|v|e| |w|e|b|r|e|n|d|e|r|,102210fe594ee9b33d82058545b1ed14f4c8206e,fcp,reddit-billgates-post-1.billg,True,reddit-billgates-post-1.billg fcp opt cold fission webrender,,77,ms,firefox,,1757201708,2023-09-15 14:51:55,1301175,,,,,,,,,,,,,,,,,,,,,,,,,,,,,,,,,,,,,,,,,,,,,,,,,TN
819,fec6b3b46bc6439ac98e03aa73938deaf6323f5c,0.14827746741154557,autoland,4060709,13,fd0dfc9511c4c123e048823de9954312c2b907c1,linux1804-64-shippable-qr,True,False,,|c|o|l|d| |f|i|s|s|i|o|n| |i|n|t|e|r|a|c|t|i|v|e| |w|e|b|r|e|n|d|e|r|,102210fe594ee9b33d82058545b1ed14f4c8206e,fcp,reddit-billgates-post-1.billg,True,reddit-billgates-post-1.billg fcp opt cold fission webrender,,77,ms,firefox,,1757290294,2023-09-15 17:51:06,1301318,,,,,,,,,,,,,,,,,,,,,,,,,,,,,,,,,,,,,,,,,,,,,,,,,TN
820,99357ab2bb639918d2ea0e8f391494df18c24cb9,0.12732774674115455,autoland,4060709,13,fd0dfc9511c4c123e048823de9954312c2b907c1,linux1804-64-shippable-qr,True,False,,|c|o|l|d| |f|i|s|s|i|o|n| |i|n|t|e|r|a|c|t|i|v|e| |w|e|b|r|e|n|d|e|r|,102210fe594ee9b33d82058545b1ed14f4c8206e,fcp,reddit-billgates-post-1.billg,True,reddit-billgates-post-1.billg fcp opt cold fission webrender,,77,ms,firefox,,1757350101,2023-09-15 20:04:54,1301421,,,,,,,,,,,,,,,,,,,,,,,,,,,,,,,,,,,,,,,,,,,,,,,,,TN
821,aa4e3903740dfa0ed175c6ff18e57b8fbe82afd7,0.12732774674115455,autoland,4060709,13,fd0dfc9511c4c123e048823de9954312c2b907c1,linux1804-64-shippable-qr,True,False,,|c|o|l|d| |f|i|s|s|i|o|n| |i|n|t|e|r|a|c|t|i|v|e| |w|e|b|r|e|n|d|e|r|,102210fe594ee9b33d82058545b1ed14f4c8206e,fcp,reddit-billgates-post-1.billg,True,reddit-billgates-post-1.billg fcp opt cold fission webrender,,77,ms,firefox,,1757471363,2023-09-16 00:25:52,1301531,,,,,,,,,,,,,,,,,,,,,,,,,,,,,,,,,,,,,,,,,,,,,,,,,TN
822,69d0f600b52641dd114b02da128a162f86f09395,0.15805400372439482,autoland,4060709,13,fd0dfc9511c4c123e048823de9954312c2b907c1,linux1804-64-shippable-qr,True,False,,|c|o|l|d| |f|i|s|s|i|o|n| |i|n|t|e|r|a|c|t|i|v|e| |w|e|b|r|e|n|d|e|r|,102210fe594ee9b33d82058545b1ed14f4c8206e,fcp,reddit-billgates-post-1.billg,True,reddit-billgates-post-1.billg fcp opt cold fission webrender,,77,ms,firefox,,1757459231,2023-09-16 00:35:43,1301538,,,,,,,,,,,,,,,,,,,,,,,,,,,,,,,,,,,,,,,,,,,,,,,,,TN
823,7fcd45f7f407a0c756c8b8292b1df8d8162cdce6,0.12709497206703912,autoland,4060709,13,fd0dfc9511c4c123e048823de9954312c2b907c1,linux1804-64-shippable-qr,True,False,,|c|o|l|d| |f|i|s|s|i|o|n| |i|n|t|e|r|a|c|t|i|v|e| |w|e|b|r|e|n|d|e|r|,102210fe594ee9b33d82058545b1ed14f4c8206e,fcp,reddit-billgates-post-1.billg,True,reddit-billgates-post-1.billg fcp opt cold fission webrender,,77,ms,firefox,,1757560604,2023-09-16 05:54:34,1301559,,,,,,,,,,,,,,,,,,,,,,,,,,,,,,,,,,,,,,,,,,,,,,,,,TN
824,745d8130d1ac2d3e0ae51f2f22896853f0d34479,0.14129422718808193,autoland,4060709,13,fd0dfc9511c4c123e048823de9954312c2b907c1,linux1804-64-shippable-qr,True,False,,|c|o|l|d| |f|i|s|s|i|o|n| |i|n|t|e|r|a|c|t|i|v|e| |w|e|b|r|e|n|d|e|r|,102210fe594ee9b33d82058545b1ed14f4c8206e,fcp,reddit-billgates-post-1.billg,True,reddit-billgates-post-1.billg fcp opt cold fission webrender,,77,ms,firefox,,1757642173,2023-09-16 12:53:39,1301583,,,,,,,,,,,,,,,,,,,,,,,,,,,,,,,,,,,,,,,,,,,,,,,,,TN
825,a7bddb715bd51687e4f52876beeb747f6a19cb0d,0.15200186219739298,autoland,4060709,13,fd0dfc9511c4c123e048823de9954312c2b907c1,linux1804-64-shippable-qr,True,False,,|c|o|l|d| |f|i|s|s|i|o|n| |i|n|t|e|r|a|c|t|i|v|e| |w|e|b|r|e|n|d|e|r|,102210fe594ee9b33d82058545b1ed14f4c8206e,fcp,reddit-billgates-post-1.billg,True,reddit-billgates-post-1.billg fcp opt cold fission webrender,,77,ms,firefox,,1757674833,2023-09-16 18:13:35,1301606,,,,,,,,,,,,,,,,,,,,,,,,,,,,,,,,,,,,,,,,,,,,,,,,,TN
826,d1558269e35b364c189cb76982dfc3fdd465224b,0.14222532588454373,autoland,4060709,13,fd0dfc9511c4c123e048823de9954312c2b907c1,linux1804-64-shippable-qr,True,False,,|c|o|l|d| |f|i|s|s|i|o|n| |i|n|t|e|r|a|c|t|i|v|e| |w|e|b|r|e|n|d|e|r|,102210fe594ee9b33d82058545b1ed14f4c8206e,fcp,reddit-billgates-post-1.billg,True,reddit-billgates-post-1.billg fcp opt cold fission webrender,,77,ms,firefox,,1757797334,2023-09-17 06:44:56,1301647,,,,,,,,,,,,,,,,,,,,,,,,,,,,,,,,,,,,,,,,,,,,,,,,,TN
827,16afd66ac7be7ee4ffc61599d0241c28d47c74c7,0.11941340782122911,autoland,4060709,13,fd0dfc9511c4c123e048823de9954312c2b907c1,linux1804-64-shippable-qr,True,False,,|c|o|l|d| |f|i|s|s|i|o|n| |i|n|t|e|r|a|c|t|i|v|e| |w|e|b|r|e|n|d|e|r|,102210fe594ee9b33d82058545b1ed14f4c8206e,fcp,reddit-billgates-post-1.billg,True,reddit-billgates-post-1.billg fcp opt cold fission webrender,,77,ms,firefox,,1757866791,2023-09-17 09:36:28,1301654,,,,,,,,,,,,,,,,,,,,,,,,,,,,,,,,,,,,,,,,,,,,,,,,,TN
828,17a576f280a8e27d78d7247f1f451ca46a64d0f4,0.14897579143389195,autoland,4060709,13,fd0dfc9511c4c123e048823de9954312c2b907c1,linux1804-64-shippable-qr,True,False,,|c|o|l|d| |f|i|s|s|i|o|n| |i|n|t|e|r|a|c|t|i|v|e| |w|e|b|r|e|n|d|e|r|,102210fe594ee9b33d82058545b1ed14f4c8206e,fcp,reddit-billgates-post-1.billg,True,reddit-billgates-post-1.billg fcp opt cold fission webrender,,77,ms,firefox,,1757910773,2023-09-17 14:36:55,1301663,,,,,,,,,,,,,,,,,,,,,,,,,,,,,,,,,,,,,,,,,,,,,,,,,TN
829,76aa4dfe7e88c5e43988e15fd032c3b9678cfebd,0.12756052141527008,autoland,4060709,13,fd0dfc9511c4c123e048823de9954312c2b907c1,linux1804-64-shippable-qr,True,False,,|c|o|l|d| |f|i|s|s|i|o|n| |i|n|t|e|r|a|c|t|i|v|e| |w|e|b|r|e|n|d|e|r|,102210fe594ee9b33d82058545b1ed14f4c8206e,fcp,reddit-billgates-post-1.billg,True,reddit-billgates-post-1.billg fcp opt cold fission webrender,,77,ms,firefox,,1757950399,2023-09-17 18:44:53,1301677,,,,,,,,,,,,,,,,,,,,,,,,,,,,,,,,,,,,,,,,,,,,,,,,,TN
830,4333e71e3754938bc5beee5baabbfd6657869bc6,0.15921787709497204,autoland,4060709,13,fd0dfc9511c4c123e048823de9954312c2b907c1,linux1804-64-shippable-qr,True,False,,|c|o|l|d| |f|i|s|s|i|o|n| |i|n|t|e|r|a|c|t|i|v|e| |w|e|b|r|e|n|d|e|r|,102210fe594ee9b33d82058545b1ed14f4c8206e,fcp,reddit-billgates-post-1.billg,True,reddit-billgates-post-1.billg fcp opt cold fission webrender,,77,ms,firefox,,1758003269,2023-09-17 22:46:46,1301700,,,,,,,,,,,,,,,,,,,,,,,,,,,,,,,,,,,,,,,,,,,,,,,,,TN
831,d395f485b3a2b96c9d6f47f5167308b763c1891b,0.17341713221601485,autoland,4060709,13,fd0dfc9511c4c123e048823de9954312c2b907c1,linux1804-64-shippable-qr,True,False,,|c|o|l|d| |f|i|s|s|i|o|n| |i|n|t|e|r|a|c|t|i|v|e| |w|e|b|r|e|n|d|e|r|,102210fe594ee9b33d82058545b1ed14f4c8206e,fcp,reddit-billgates-post-1.billg,True,reddit-billgates-post-1.billg fcp opt cold fission webrender,,77,ms,firefox,,1758067059,2023-09-18 03:57:39,1301730,,,,,,,,,,,,,,,,,,,,,,,,,,,,,,,,,,,,,,,,,,,,,,,,,TN
832,11fb2a6e434951fbef0791563a159cbbdd42f4c8,0.125,autoland,4060709,13,fd0dfc9511c4c123e048823de9954312c2b907c1,linux1804-64-shippable-qr,True,False,,|c|o|l|d| |f|i|s|s|i|o|n| |i|n|t|e|r|a|c|t|i|v|e| |w|e|b|r|e|n|d|e|r|,102210fe594ee9b33d82058545b1ed14f4c8206e,fcp,reddit-billgates-post-1.billg,True,reddit-billgates-post-1.billg fcp opt cold fission webrender,,77,ms,firefox,,1758167653,2023-09-18 09:50:33,1301818,,,,,,,,,,,,,,,,,,,,,,,,,,,,,,,,,,,,,,,,,,,,,,,,,TN
833,7a51e2aa7d09aac78f5c93c25c65e83cb1272b7d,0.1513035381750466,autoland,4060709,13,fd0dfc9511c4c123e048823de9954312c2b907c1,linux1804-64-shippable-qr,True,False,,|c|o|l|d| |f|i|s|s|i|o|n| |i|n|t|e|r|a|c|t|i|v|e| |w|e|b|r|e|n|d|e|r|,102210fe594ee9b33d82058545b1ed14f4c8206e,fcp,reddit-billgates-post-1.billg,True,reddit-billgates-post-1.billg fcp opt cold fission webrender,,77,ms,firefox,,1758345012,2023-09-18 14:45:06,1301994,,,,,,,,,,,,,,,,,,,,,,,,,,,,,,,,,,,,,,,,,,,,,,,,,TN
834,44aa0c56427a5e659c7bec91e3b608472cb6f763,0.1720204841713222,autoland,4060709,13,fd0dfc9511c4c123e048823de9954312c2b907c1,linux1804-64-shippable-qr,True,False,,|c|o|l|d| |f|i|s|s|i|o|n| |i|n|t|e|r|a|c|t|i|v|e| |w|e|b|r|e|n|d|e|r|,102210fe594ee9b33d82058545b1ed14f4c8206e,fcp,reddit-billgates-post-1.billg,True,reddit-billgates-post-1.billg fcp opt cold fission webrender,,77,ms,firefox,,1758585741,2023-09-18 21:05:31,1302247,,,,,,,,,,,,,,,,,,,,,,,,,,,,,,,,,,,,,,,,,,,,,,,,,TN
835,924c329a0e3413e329eeab1cab9a2d1b09dc4711,0.1315176908752328,autoland,4060709,13,fd0dfc9511c4c123e048823de9954312c2b907c1,linux1804-64-shippable-qr,True,False,,|c|o|l|d| |f|i|s|s|i|o|n| |i|n|t|e|r|a|c|t|i|v|e| |w|e|b|r|e|n|d|e|r|,102210fe594ee9b33d82058545b1ed14f4c8206e,fcp,reddit-billgates-post-1.billg,True,reddit-billgates-post-1.billg fcp opt cold fission webrender,,77,ms,firefox,,1758771350,2023-09-18 21:07:39,1302250,,,,,,,,,,,,,,,,,,,,,,,,,,,,,,,,,,,,,,,,,,,,,,,,,TN
836,3a523925f8ff99d5984169d7fbae7e4d1fc1cd18,0.13198324022346364,autoland,4060709,13,fd0dfc9511c4c123e048823de9954312c2b907c1,linux1804-64-shippable-qr,True,False,,|c|o|l|d| |f|i|s|s|i|o|n| |i|n|t|e|r|a|c|t|i|v|e| |w|e|b|r|e|n|d|e|r|,102210fe594ee9b33d82058545b1ed14f4c8206e,fcp,reddit-billgates-post-1.billg,True,reddit-billgates-post-1.billg fcp opt cold fission webrender,,77,ms,firefox,,1758612617,2023-09-18 22:22:31,1302316,,,,,,,,,,,,,,,,,,,,,,,,,,,,,,,,,,,,,,,,,,,,,,,,,TN
837,b0769fdf63e5e9d7ac3ef647f895b15971a8dc99,0.13384543761638734,autoland,4060709,13,fd0dfc9511c4c123e048823de9954312c2b907c1,linux1804-64-shippable-qr,True,False,,|c|o|l|d| |f|i|s|s|i|o|n| |i|n|t|e|r|a|c|t|i|v|e| |w|e|b|r|e|n|d|e|r|,102210fe594ee9b33d82058545b1ed14f4c8206e,fcp,reddit-billgates-post-1.billg,True,reddit-billgates-post-1.billg fcp opt cold fission webrender,,77,ms,firefox,,1758655974,2023-09-19 00:36:20,1302387,,,,,,,,,,,,,,,,,,,,,,,,,,,,,,,,,,,,,,,,,,,,,,,,,TN
838,6589c0d4d3d3aaed578f6d60cc1831f6cdf79b7c,0.13733705772811922,autoland,4060709,13,fd0dfc9511c4c123e048823de9954312c2b907c1,linux1804-64-shippable-qr,True,False,,|c|o|l|d| |f|i|s|s|i|o|n| |i|n|t|e|r|a|c|t|i|v|e| |w|e|b|r|e|n|d|e|r|,102210fe594ee9b33d82058545b1ed14f4c8206e,fcp,reddit-billgates-post-1.billg,True,reddit-billgates-post-1.billg fcp opt cold fission webrender,,77,ms,firefox,,1758743341,2023-09-19 04:53:23,1302461,,,,,,,,,,,,,,,,,,,,,,,,,,,,,,,,,,,,,,,,,,,,,,,,,TN
839,0a60f8be5517ddc928471d4a378b46228773fbc5,0.11103351955307261,autoland,4060709,13,fd0dfc9511c4c123e048823de9954312c2b907c1,linux1804-64-shippable-qr,True,False,,|c|o|l|d| |f|i|s|s|i|o|n| |i|n|t|e|r|a|c|t|i|v|e| |w|e|b|r|e|n|d|e|r|,102210fe594ee9b33d82058545b1ed14f4c8206e,fcp,reddit-billgates-post-1.billg,True,reddit-billgates-post-1.billg fcp opt cold fission webrender,,77,ms,firefox,,1758854473,2023-09-19 06:42:05,1302480,,,,,,,,,,,,,,,,,,,,,,,,,,,,,,,,,,,,,,,,,,,,,,,,,TN
840,f257c2f8440fe82c3833f2d719a2bf3420df9120,0.13663873370577273,autoland,4060709,13,fd0dfc9511c4c123e048823de9954312c2b907c1,linux1804-64-shippable-qr,True,False,,|c|o|l|d| |f|i|s|s|i|o|n| |i|n|t|e|r|a|c|t|i|v|e| |w|e|b|r|e|n|d|e|r|,102210fe594ee9b33d82058545b1ed14f4c8206e,fcp,reddit-billgates-post-1.billg,True,reddit-billgates-post-1.billg fcp opt cold fission webrender,,77,ms,firefox,,1758913870,2023-09-19 10:00:51,1302573,,,,,,,,,,,,,,,,,,,,,,,,,,,,,,,,,,,,,,,,,,,,,,,,,TN
841,dd890d993c3039c40d9a50218bd3284a9810cc85,0.12616387337057722,autoland,4060709,13,fd0dfc9511c4c123e048823de9954312c2b907c1,linux1804-64-shippable-qr,True,False,,|c|o|l|d| |f|i|s|s|i|o|n| |i|n|t|e|r|a|c|t|i|v|e| |w|e|b|r|e|n|d|e|r|,102210fe594ee9b33d82058545b1ed14f4c8206e,fcp,reddit-billgates-post-1.billg,True,reddit-billgates-post-1.billg fcp opt cold fission webrender,,77,ms,firefox,,1759055432,2023-09-19 13:32:40,1302692,,,,,,,,,,,,,,,,,,,,,,,,,,,,,,,,,,,,,,,,,,,,,,,,,TN
842,e9e7852ce74f241f2a4f0ffac475410d0ea9a8a4,0.15200186219739298,autoland,4060709,13,fd0dfc9511c4c123e048823de9954312c2b907c1,linux1804-64-shippable-qr,True,False,,|c|o|l|d| |f|i|s|s|i|o|n| |i|n|t|e|r|a|c|t|i|v|e| |w|e|b|r|e|n|d|e|r|,102210fe594ee9b33d82058545b1ed14f4c8206e,fcp,reddit-billgates-post-1.billg,True,reddit-billgates-post-1.billg fcp opt cold fission webrender,,77,ms,firefox,,1759154894,2023-09-19 16:21:41,1302819,,,,,,,,,,,,,,,,,,,,,,,,,,,,,,,,,,,,,,,,,,,,,,,,,TN
843,f97675e331c2e3f8e3a7649cb722085b3360163c,0.15735567970204845,autoland,4060709,13,fd0dfc9511c4c123e048823de9954312c2b907c1,linux1804-64-shippable-qr,True,False,,|c|o|l|d| |f|i|s|s|i|o|n| |i|n|t|e|r|a|c|t|i|v|e| |w|e|b|r|e|n|d|e|r|,102210fe594ee9b33d82058545b1ed14f4c8206e,fcp,reddit-billgates-post-1.billg,True,reddit-billgates-post-1.billg fcp opt cold fission webrender,,77,ms,firefox,,1759309743,2023-09-19 20:31:47,1303015,,,,,,,,,,,,,,,,,,,,,,,,,,,,,,,,,,,,,,,,,,,,,,,,,TN
844,abf74735208c16d3b467c2acb344f3030fc5aacb,0.13454376163873372,autoland,4060709,13,fd0dfc9511c4c123e048823de9954312c2b907c1,linux1804-64-shippable-qr,True,False,,|c|o|l|d| |f|i|s|s|i|o|n| |i|n|t|e|r|a|c|t|i|v|e| |w|e|b|r|e|n|d|e|r|,102210fe594ee9b33d82058545b1ed14f4c8206e,fcp,reddit-billgates-post-1.billg,True,reddit-billgates-post-1.billg fcp opt cold fission webrender,,77,ms,firefox,,1759332000,2023-09-19 20:45:08,1303026,,,,,,,,,,,,,,,,,,,,,,,,,,,,,,,,,,,,,,,,,,,,,,,,,TN
845,71a9b5a8ec8503f993e8d7e8f1b2b98ff57ed283,0.15875232774674108,autoland,4060709,13,fd0dfc9511c4c123e048823de9954312c2b907c1,linux1804-64-shippable-qr,True,False,,|c|o|l|d| |f|i|s|s|i|o|n| |i|n|t|e|r|a|c|t|i|v|e| |w|e|b|r|e|n|d|e|r|,102210fe594ee9b33d82058545b1ed14f4c8206e,fcp,reddit-billgates-post-1.billg,True,reddit-billgates-post-1.billg fcp opt cold fission webrender,,77,ms,firefox,,1759440302,2023-09-20 00:59:14,1303207,,,,,,,,,,,,,,,,,,,,,,,,,,,,,,,,,,,,,,,,,,,,,,,,,TN
846,71c800e8074fa9f5e246acbf09097a0f15d4eb09,0.0700651769087523,autoland,4060709,13,fd0dfc9511c4c123e048823de9954312c2b907c1,linux1804-64-shippable-qr,True,False,,|c|o|l|d| |f|i|s|s|i|o|n| |i|n|t|e|r|a|c|t|i|v|e| |w|e|b|r|e|n|d|e|r|,102210fe594ee9b33d82058545b1ed14f4c8206e,fcp,reddit-billgates-post-1.billg,True,reddit-billgates-post-1.billg fcp opt cold fission webrender,,77,ms,firefox,,1759522880,2023-09-20 05:02:26,1303254,,,,,,,,,,,,,,,,,,,,,,,,,,,,,,,,,,,,,,,,,,,,,,,,,TN
847,2664490a1b4aeb2b2bd98c81ac43b68b1a24ea2f,0.17993482309124764,autoland,4060709,13,fd0dfc9511c4c123e048823de9954312c2b907c1,linux1804-64-shippable-qr,True,False,,|c|o|l|d| |f|i|s|s|i|o|n| |i|n|t|e|r|a|c|t|i|v|e| |w|e|b|r|e|n|d|e|r|,102210fe594ee9b33d82058545b1ed14f4c8206e,fcp,reddit-billgates-post-1.billg,True,reddit-billgates-post-1.billg fcp opt cold fission webrender,,77,ms,firefox,,1759627664,2023-09-20 09:03:21,1303343,,,,,,,,,,,,,,,,,,,,,,,,,,,,,,,,,,,,,,,,,,,,,,,,,TN
848,e11a98968ec15b84dc772d997bc0789a0a078549,0.13454376163873372,autoland,4060709,13,fd0dfc9511c4c123e048823de9954312c2b907c1,linux1804-64-shippable-qr,True,False,,|c|o|l|d| |f|i|s|s|i|o|n| |i|n|t|e|r|a|c|t|i|v|e| |w|e|b|r|e|n|d|e|r|,102210fe594ee9b33d82058545b1ed14f4c8206e,fcp,reddit-billgates-post-1.billg,True,reddit-billgates-post-1.billg fcp opt cold fission webrender,,77,ms,firefox,,1759696131,2023-09-20 10:40:44,1303401,,,,,,,,,,,,,,,,,,,,,,,,,,,,,,,,,,,,,,,,,,,,,,,,,TN
849,5baf76c5d8f19d35c8e7710816a726d92cfff8bb,0.15246741154562382,autoland,4060709,13,fd0dfc9511c4c123e048823de9954312c2b907c1,linux1804-64-shippable-qr,True,False,,|c|o|l|d| |f|i|s|s|i|o|n| |i|n|t|e|r|a|c|t|i|v|e| |w|e|b|r|e|n|d|e|r|,102210fe594ee9b33d82058545b1ed14f4c8206e,fcp,reddit-billgates-post-1.billg,True,reddit-billgates-post-1.billg fcp opt cold fission webrender,,77,ms,firefox,,1759833321,2023-09-20 14:03:46,1303541,,,,,,,,,,,,,,,,,,,,,,,,,,,,,,,,,,,,,,,,,,,,,,,,,TN
850,07c4a658632d6c11d371f974b56a6365212bef62,0.11918063314711358,autoland,4060709,13,fd0dfc9511c4c123e048823de9954312c2b907c1,linux1804-64-shippable-qr,True,False,,|c|o|l|d| |f|i|s|s|i|o|n| |i|n|t|e|r|a|c|t|i|v|e| |w|e|b|r|e|n|d|e|r|,102210fe594ee9b33d82058545b1ed14f4c8206e,fcp,reddit-billgates-post-1.billg,True,reddit-billgates-post-1.billg fcp opt cold fission webrender,,77,ms,firefox,,1759970836,2023-09-20 17:47:40,1303718,,,,,,,,,,,,,,,,,,,,,,,,,,,,,,,,,,,,,,,,,,,,,,,,,TN
851,137b5966e6ec0a63006a36cac0a3f1c4e3f5cefe,0.11801675977653625,autoland,4060709,13,fd0dfc9511c4c123e048823de9954312c2b907c1,linux1804-64-shippable-qr,True,False,,|c|o|l|d| |f|i|s|s|i|o|n| |i|n|t|e|r|a|c|t|i|v|e| |w|e|b|r|e|n|d|e|r|,102210fe594ee9b33d82058545b1ed14f4c8206e,fcp,reddit-billgates-post-1.billg,True,reddit-billgates-post-1.billg fcp opt cold fission webrender,,77,ms,firefox,,1760083046,2023-09-20 21:06:43,1303845,,,,,,,,,,,,,,,,,,,,,,,,,,,,,,,,,,,,,,,,,,,,,,,,,TN
852,a94c799a5be0d573f8c654b43966b4b772ded228,0.13081936685288642,autoland,4060709,13,fd0dfc9511c4c123e048823de9954312c2b907c1,linux1804-64-shippable-qr,True,False,,|c|o|l|d| |f|i|s|s|i|o|n| |i|n|t|e|r|a|c|t|i|v|e| |w|e|b|r|e|n|d|e|r|,102210fe594ee9b33d82058545b1ed14f4c8206e,fcp,reddit-billgates-post-1.billg,True,reddit-billgates-post-1.billg fcp opt cold fission webrender,,77,ms,firefox,,1760134030,2023-09-20 23:02:53,1303924,,,,,,,,,,,,,,,,,,,,,,,,,,,,,,,,,,,,,,,,,,,,,,,,,TN
853,7c6496f92bb0572d56513d645f3d6201f77a5653,0.14129422718808193,autoland,4060709,13,fd0dfc9511c4c123e048823de9954312c2b907c1,linux1804-64-shippable-qr,True,False,,|c|o|l|d| |f|i|s|s|i|o|n| |i|n|t|e|r|a|c|t|i|v|e| |w|e|b|r|e|n|d|e|r|,102210fe594ee9b33d82058545b1ed14f4c8206e,fcp,reddit-billgates-post-1.billg,True,reddit-billgates-post-1.billg fcp opt cold fission webrender,,77,ms,firefox,,1760242274,2023-09-21 04:47:54,1304025,,,,,,,,,,,,,,,,,,,,,,,,,,,,,,,,,,,,,,,,,,,,,,,,,TN
854,e98350675c5a294fe5c7a4138a5b16c4f6992907,0.1315176908752328,autoland,4060709,13,fd0dfc9511c4c123e048823de9954312c2b907c1,linux1804-64-shippable-qr,True,False,,|c|o|l|d| |f|i|s|s|i|o|n| |i|n|t|e|r|a|c|t|i|v|e| |w|e|b|r|e|n|d|e|r|,102210fe594ee9b33d82058545b1ed14f4c8206e,fcp,reddit-billgates-post-1.billg,True,reddit-billgates-post-1.billg fcp opt cold fission webrender,,77,ms,firefox,,1760368268,2023-09-21 08:45:10,1304121,,,,,,,,,,,,,,,,,,,,,,,,,,,,,,,,,,,,,,,,,,,,,,,,,TN
855,bd8d8c1ecad7cda50d42ce2dfde7fabc50a48948,0.15945065176908757,autoland,4060709,13,fd0dfc9511c4c123e048823de9954312c2b907c1,linux1804-64-shippable-qr,True,False,,|c|o|l|d| |f|i|s|s|i|o|n| |i|n|t|e|r|a|c|t|i|v|e| |w|e|b|r|e|n|d|e|r|,102210fe594ee9b33d82058545b1ed14f4c8206e,fcp,reddit-billgates-post-1.billg,True,reddit-billgates-post-1.billg fcp opt cold fission webrender,,77,ms,firefox,,1760499330,2023-09-21 12:54:54,1304268,,,,,,,,,,,,,,,,,,,,,,,,,,,,,,,,,,,,,,,,,,,,,,,,,TN
856,6e82382700fc8345a06dc3efd346a25826fa1bf2,0.1419925512104283,autoland,4060709,13,fd0dfc9511c4c123e048823de9954312c2b907c1,linux1804-64-shippable-qr,True,False,,|c|o|l|d| |f|i|s|s|i|o|n| |i|n|t|e|r|a|c|t|i|v|e| |w|e|b|r|e|n|d|e|r|,102210fe594ee9b33d82058545b1ed14f4c8206e,fcp,reddit-billgates-post-1.billg,True,reddit-billgates-post-1.billg fcp opt cold fission webrender,,77,ms,firefox,,1760554410,2023-09-21 14:02:07,1304316,,,,,,,,,,,,,,,,,,,,,,,,,,,,,,,,,,,,,,,,,,,,,,,,,TN
857,a2d7613e206fa711d809ee5dbffc2bf3ff8c75a4,0.14548417132216018,autoland,4060709,13,fd0dfc9511c4c123e048823de9954312c2b907c1,linux1804-64-shippable-qr,True,False,,|c|o|l|d| |f|i|s|s|i|o|n| |i|n|t|e|r|a|c|t|i|v|e| |w|e|b|r|e|n|d|e|r|,102210fe594ee9b33d82058545b1ed14f4c8206e,fcp,reddit-billgates-post-1.billg,True,reddit-billgates-post-1.billg fcp opt cold fission webrender,,77,ms,firefox,,1760891632,2023-09-21 15:38:38,1304385,,,,,,,,,,,,,,,,,,,,,,,,,,,,,,,,,,,,,,,,,,,,,,,,,TN
858,984c001954dbafa02f989a9529a8b8477999ea83,0.1283752327746741,autoland,4060709,13,fd0dfc9511c4c123e048823de9954312c2b907c1,linux1804-64-shippable-qr,True,False,,|c|o|l|d| |f|i|s|s|i|o|n| |i|n|t|e|r|a|c|t|i|v|e| |w|e|b|r|e|n|d|e|r|,102210fe594ee9b33d82058545b1ed14f4c8206e,fcp,reddit-billgates-post-1.billg,True,reddit-billgates-post-1.billg fcp opt cold fission webrender,,77,ms,firefox,,1760906045,2023-09-21 15:46:13,1304391,,,,,,,,,,,,,,,,,,,,,,,,,,,,,,,,,,,,,,,,,,,,,,,,,TN
859,3dbbf33d280bfd8c07b86b15238bbb6d1e1755db,0.13710428305400368,autoland,4060709,13,fd0dfc9511c4c123e048823de9954312c2b907c1,linux1804-64-shippable-qr,True,False,,|c|o|l|d| |f|i|s|s|i|o|n| |i|n|t|e|r|a|c|t|i|v|e| |w|e|b|r|e|n|d|e|r|,102210fe594ee9b33d82058545b1ed14f4c8206e,fcp,reddit-billgates-post-1.billg,True,reddit-billgates-post-1.billg fcp opt cold fission webrender,,77,ms,firefox,,1760920846,2023-09-21 15:48:43,1304392,,,,,,,,,,,,,,,,,,,,,,,,,,,,,,,,,,,,,,,,,,,,,,,,,TN
860,028b2e51863828f9d6a1e00a8c085845e63f72e0,0.14501862197392923,autoland,4060709,13,fd0dfc9511c4c123e048823de9954312c2b907c1,linux1804-64-shippable-qr,True,False,,|c|o|l|d| |f|i|s|s|i|o|n| |i|n|t|e|r|a|c|t|i|v|e| |w|e|b|r|e|n|d|e|r|,102210fe594ee9b33d82058545b1ed14f4c8206e,fcp,reddit-billgates-post-1.billg,True,reddit-billgates-post-1.billg fcp opt cold fission webrender,,77,ms,firefox,,1760909763,2023-09-21 16:35:46,1304430,,,,,,,,,,,,,,,,,,,,,,,,,,,,,,,,,,,,,,,,,,,,,,,,,TN
861,c3b23fbbe898130deb34c48569c8e7201ffabffb,0.19040968342644327,autoland,4060709,13,fd0dfc9511c4c123e048823de9954312c2b907c1,linux1804-64-shippable-qr,True,False,,|c|o|l|d| |f|i|s|s|i|o|n| |i|n|t|e|r|a|c|t|i|v|e| |w|e|b|r|e|n|d|e|r|,102210fe594ee9b33d82058545b1ed14f4c8206e,fcp,reddit-billgates-post-1.billg,True,reddit-billgates-post-1.billg fcp opt cold fission webrender,,77,ms,firefox,,1760881147,2023-09-21 17:31:33,1304471,,,,,,,,,,,,,,,,,,,,,,,,,,,,,,,,,,,,,,,,,,,,,,,,,TN
862,114bde678f299872db02fe1116ecfd3a7ada9381,0.14501862197392923,autoland,4060709,13,fd0dfc9511c4c123e048823de9954312c2b907c1,linux1804-64-shippable-qr,True,False,,|c|o|l|d| |f|i|s|s|i|o|n| |i|n|t|e|r|a|c|t|i|v|e| |w|e|b|r|e|n|d|e|r|,102210fe594ee9b33d82058545b1ed14f4c8206e,fcp,reddit-billgates-post-1.billg,True,reddit-billgates-post-1.billg fcp opt cold fission webrender,,77,ms,firefox,,1760687681,2023-09-21 18:54:27,1304515,,,,,,,,,,,,,,,,,,,,,,,,,,,,,,,,,,,,,,,,,,,,,,,,,TN
863,86fd71ad69b346f713966a8f18ec97a5b99a0aee,0.12104283054003728,autoland,4060709,13,fd0dfc9511c4c123e048823de9954312c2b907c1,linux1804-64-shippable-qr,True,False,,|c|o|l|d| |f|i|s|s|i|o|n| |i|n|t|e|r|a|c|t|i|v|e| |w|e|b|r|e|n|d|e|r|,102210fe594ee9b33d82058545b1ed14f4c8206e,fcp,reddit-billgates-post-1.billg,True,reddit-billgates-post-1.billg fcp opt cold fission webrender,,77,ms,firefox,,1760702560,2023-09-21 19:19:33,1304533,,,,,,,,,,,,,,,,,,,,,,,,,,,,,,,,,,,,,,,,,,,,,,,,,TN
864,efa8aa7a4f5484f349595a2c97ba6a2c6f214c66,0.11219739292364983,autoland,4060709,13,fd0dfc9511c4c123e048823de9954312c2b907c1,linux1804-64-shippable-qr,True,False,,|c|o|l|d| |f|i|s|s|i|o|n| |i|n|t|e|r|a|c|t|i|v|e| |w|e|b|r|e|n|d|e|r|,102210fe594ee9b33d82058545b1ed14f4c8206e,fcp,reddit-billgates-post-1.billg,True,reddit-billgates-post-1.billg fcp opt cold fission webrender,,77,ms,firefox,,1760783808,2023-09-21 23:47:59,1304690,,,,,,,,,,,,,,,,,,,,,,,,,,,,,,,,,,,,,,,,,,,,,,,,,TN
865,2de4a198348cc150a0c3ce328c42beade9646190,0.14688081936685282,autoland,4060709,13,fd0dfc9511c4c123e048823de9954312c2b907c1,linux1804-64-shippable-qr,True,False,,|c|o|l|d| |f|i|s|s|i|o|n| |i|n|t|e|r|a|c|t|i|v|e| |w|e|b|r|e|n|d|e|r|,102210fe594ee9b33d82058545b1ed14f4c8206e,fcp,reddit-billgates-post-1.billg,True,reddit-billgates-post-1.billg fcp opt cold fission webrender,,77,ms,firefox,,1760875714,2023-09-22 04:42:00,1304767,,,,,,,,,,,,,,,,,,,,,,,,,,,,,,,,,,,,,,,,,,,,,,,,,TN
866,6da1ce80e10cc6744801930434a44df21da87140,0.14338919925512106,autoland,4060709,13,fd0dfc9511c4c123e048823de9954312c2b907c1,linux1804-64-shippable-qr,True,False,,|c|o|l|d| |f|i|s|s|i|o|n| |i|n|t|e|r|a|c|t|i|v|e| |w|e|b|r|e|n|d|e|r|,102210fe594ee9b33d82058545b1ed14f4c8206e,fcp,reddit-billgates-post-1.billg,True,reddit-billgates-post-1.billg fcp opt cold fission webrender,,77,ms,firefox,,1761032702,2023-09-22 11:33:15,1304916,,,,,,,,,,,,,,,,,,,,,,,,,,,,,,,,,,,,,,,,,,,,,,,,,TN
867,d244d17a8e9ac94aa05c3bf0c2659104c7b15f76,0.09869646182495345,autoland,4060709,13,fd0dfc9511c4c123e048823de9954312c2b907c1,linux1804-64-shippable-qr,True,False,,|c|o|l|d| |f|i|s|s|i|o|n| |i|n|t|e|r|a|c|t|i|v|e| |w|e|b|r|e|n|d|e|r|,102210fe594ee9b33d82058545b1ed14f4c8206e,fcp,reddit-billgates-post-1.billg,True,reddit-billgates-post-1.billg fcp opt cold fission webrender,,77,ms,firefox,,1761113384,2023-09-22 15:35:17,1305037,,,,,,,,,,,,,,,,,,,,,,,,,,,,,,,,,,,,,,,,,,,,,,,,,TN
868,aee77156969b7d1f696e8952bc590e1449a16f85,0.11894785847299816,autoland,4060709,13,fd0dfc9511c4c123e048823de9954312c2b907c1,linux1804-64-shippable-qr,True,False,,|c|o|l|d| |f|i|s|s|i|o|n| |i|n|t|e|r|a|c|t|i|v|e| |w|e|b|r|e|n|d|e|r|,102210fe594ee9b33d82058545b1ed14f4c8206e,fcp,reddit-billgates-post-1.billg,True,reddit-billgates-post-1.billg fcp opt cold fission webrender,,77,ms,firefox,,1761132979,2023-09-22 16:10:00,1305065,,,,,,,,,,,,,,,,,,,,,,,,,,,,,,,,,,,,,,,,,,,,,,,,,TN
869,80cfc74bb77e6c4abfd0d70c51b274e4b036a05b,0.14711359404096835,autoland,4060709,13,fd0dfc9511c4c123e048823de9954312c2b907c1,linux1804-64-shippable-qr,True,False,,|c|o|l|d| |f|i|s|s|i|o|n| |i|n|t|e|r|a|c|t|i|v|e| |w|e|b|r|e|n|d|e|r|,102210fe594ee9b33d82058545b1ed14f4c8206e,fcp,reddit-billgates-post-1.billg,True,reddit-billgates-post-1.billg fcp opt cold fission webrender,,77,ms,firefox,,1761207767,2023-09-22 20:28:01,1305231,,,,,,,,,,,,,,,,,,,,,,,,,,,,,,,,,,,,,,,,,,,,,,,,,TN
870,5ce53217bf3e4d42db88aab74741654bfc634cc8,0.05516759776536312,autoland,4060709,13,fd0dfc9511c4c123e048823de9954312c2b907c1,linux1804-64-shippable-qr,True,False,,|c|o|l|d| |f|i|s|s|i|o|n| |i|n|t|e|r|a|c|t|i|v|e| |w|e|b|r|e|n|d|e|r|,102210fe594ee9b33d82058545b1ed14f4c8206e,fcp,reddit-billgates-post-1.billg,True,reddit-billgates-post-1.billg fcp opt cold fission webrender,,77,ms,firefox,,1761304451,2023-09-23 00:28:09,1305322,,,,,,,,,,,,,,,,,,,,,,,,,,,,,,,,,,,,,,,,,,,,,,,,,TN
871,1d9627a1274de78256ecdee1e8058e6b32392404,0.12290502793296088,autoland,4060709,13,fd0dfc9511c4c123e048823de9954312c2b907c1,linux1804-64-shippable-qr,True,False,,|c|o|l|d| |f|i|s|s|i|o|n| |i|n|t|e|r|a|c|t|i|v|e| |w|e|b|r|e|n|d|e|r|,102210fe594ee9b33d82058545b1ed14f4c8206e,fcp,reddit-billgates-post-1.billg,True,reddit-billgates-post-1.billg fcp opt cold fission webrender,,77,ms,firefox,,1761330041,2023-09-23 00:41:33,1305328,,,,,,,,,,,,,,,,,,,,,,,,,,,,,,,,,,,,,,,,,,,,,,,,,TN
872,e85748b0b9880ee586b2c155a4d84c1cdf3f31b4,0.15456238361266295,autoland,4060709,13,fd0dfc9511c4c123e048823de9954312c2b907c1,linux1804-64-shippable-qr,True,False,,|c|o|l|d| |f|i|s|s|i|o|n| |i|n|t|e|r|a|c|t|i|v|e| |w|e|b|r|e|n|d|e|r|,102210fe594ee9b33d82058545b1ed14f4c8206e,fcp,reddit-billgates-post-1.billg,True,reddit-billgates-post-1.billg fcp opt cold fission webrender,,77,ms,firefox,,1761426928,2023-09-23 16:39:34,1305402,,,,,,,,,,,,,,,,,,,,,,,,,,,,,,,,,,,,,,,,,,,,,,,,,TN
873,f4a2f296a2ea585882f2a2a627c036538eb875b0,0.1364059590316573,autoland,4060709,13,fd0dfc9511c4c123e048823de9954312c2b907c1,linux1804-64-shippable-qr,True,False,,|c|o|l|d| |f|i|s|s|i|o|n| |i|n|t|e|r|a|c|t|i|v|e| |w|e|b|r|e|n|d|e|r|,102210fe594ee9b33d82058545b1ed14f4c8206e,fcp,reddit-billgates-post-1.billg,True,reddit-billgates-post-1.billg fcp opt cold fission webrender,,77,ms,firefox,,1761480621,2023-09-23 21:16:13,1305420,,,,,,,,,,,,,,,,,,,,,,,,,,,,,,,,,,,,,,,,,,,,,,,,,TN
874,68035862c82691cc5ad039c1067c1fd24d048350,0.1513035381750466,autoland,4060709,13,fd0dfc9511c4c123e048823de9954312c2b907c1,linux1804-64-shippable-qr,True,False,,|c|o|l|d| |f|i|s|s|i|o|n| |i|n|t|e|r|a|c|t|i|v|e| |w|e|b|r|e|n|d|e|r|,102210fe594ee9b33d82058545b1ed14f4c8206e,fcp,reddit-billgates-post-1.billg,True,reddit-billgates-post-1.billg fcp opt cold fission webrender,,77,ms,firefox,,1761671497,2023-09-25 06:00:52,1305598,,,,,,,,,,,,,,,,,,,,,,,,,,,,,,,,,,,,,,,,,,,,,,,,,TN
875,27778dad58d148bf24097e327e55eb3b8631b902,0.15386405959031657,autoland,4060709,13,fd0dfc9511c4c123e048823de9954312c2b907c1,linux1804-64-shippable-qr,True,False,,|c|o|l|d| |f|i|s|s|i|o|n| |i|n|t|e|r|a|c|t|i|v|e| |w|e|b|r|e|n|d|e|r|,102210fe594ee9b33d82058545b1ed14f4c8206e,fcp,reddit-billgates-post-1.billg,True,reddit-billgates-post-1.billg fcp opt cold fission webrender,,77,ms,firefox,,1761709327,2023-09-25 08:45:06,1305656,,,,,,,,,,,,,,,,,,,,,,,,,,,,,,,,,,,,,,,,,,,,,,,,,TN
876,a8305ea48b4ca432c6e10ea45d475586512c6037,0.13035381750465547,autoland,4060709,13,fd0dfc9511c4c123e048823de9954312c2b907c1,linux1804-64-shippable-qr,True,False,,|c|o|l|d| |f|i|s|s|i|o|n| |i|n|t|e|r|a|c|t|i|v|e| |w|e|b|r|e|n|d|e|r|,102210fe594ee9b33d82058545b1ed14f4c8206e,fcp,reddit-billgates-post-1.billg,True,reddit-billgates-post-1.billg fcp opt cold fission webrender,,77,ms,firefox,,1762196191,2023-09-25 12:15:51,1305772,,,,,,,,,,,,,,,,,,,,,,,,,,,,,,,,,,,,,,,,,,,,,,,,,TN
877,a151165c8ba1e0a95cf626dc3f30b3fab32f12a5,0.11149906890130357,autoland,4060709,13,fd0dfc9511c4c123e048823de9954312c2b907c1,linux1804-64-shippable-qr,True,False,,|c|o|l|d| |f|i|s|s|i|o|n| |i|n|t|e|r|a|c|t|i|v|e| |w|e|b|r|e|n|d|e|r|,102210fe594ee9b33d82058545b1ed14f4c8206e,fcp,reddit-billgates-post-1.billg,True,reddit-billgates-post-1.billg fcp opt cold fission webrender,,77,ms,firefox,,1762215520,2023-09-25 12:29:44,1305784,,,,,,,,,,,,,,,,,,,,,,,,,,,,,,,,,,,,,,,,,,,,,,,,,TN
878,7095adada0469a26b7fb47fc05017c5d8b95e1fb,0.12511638733705777,autoland,4060709,13,fd0dfc9511c4c123e048823de9954312c2b907c1,linux1804-64-shippable-qr,True,False,,|c|o|l|d| |f|i|s|s|i|o|n| |i|n|t|e|r|a|c|t|i|v|e| |w|e|b|r|e|n|d|e|r|,102210fe594ee9b33d82058545b1ed14f4c8206e,fcp,reddit-billgates-post-1.billg,True,reddit-billgates-post-1.billg fcp opt cold fission webrender,,77,ms,firefox,,1762187122,2023-09-25 12:30:33,1305789,,,,,,,,,,,,,,,,,,,,,,,,,,,,,,,,,,,,,,,,,,,,,,,,,TN
879,9a8976307af6049000ae1a1623fd71bd62850a10,0.12430167597765363,autoland,4060709,13,fd0dfc9511c4c123e048823de9954312c2b907c1,linux1804-64-shippable-qr,True,False,,|c|o|l|d| |f|i|s|s|i|o|n| |i|n|t|e|r|a|c|t|i|v|e| |w|e|b|r|e|n|d|e|r|,102210fe594ee9b33d82058545b1ed14f4c8206e,fcp,reddit-billgates-post-1.billg,True,reddit-billgates-post-1.billg fcp opt cold fission webrender,,77,ms,firefox,,1761828026,2023-09-25 12:33:35,1305791,,,,,,,,,,,,,,,,,,,,,,,,,,,,,,,,,,,,,,,,,,,,,,,,,TN
880,6a7f708c3d0458c9b30efa2bdfde6e7812554d1e,0.1268621973929237,autoland,4060709,13,fd0dfc9511c4c123e048823de9954312c2b907c1,linux1804-64-shippable-qr,True,False,,|c|o|l|d| |f|i|s|s|i|o|n| |i|n|t|e|r|a|c|t|i|v|e| |w|e|b|r|e|n|d|e|r|,102210fe594ee9b33d82058545b1ed14f4c8206e,fcp,reddit-billgates-post-1.billg,True,reddit-billgates-post-1.billg fcp opt cold fission webrender,,77,ms,firefox,,1762066973,2023-09-25 20:45:54,1306210,,,,,,,,,,,,,,,,,,,,,,,,,,,,,,,,,,,,,,,,,,,,,,,,,TN
881,844608487349450c789be0794a915bb90d90b133,0.14129422718808193,autoland,4060709,13,fd0dfc9511c4c123e048823de9954312c2b907c1,linux1804-64-shippable-qr,True,False,,|c|o|l|d| |f|i|s|s|i|o|n| |i|n|t|e|r|a|c|t|i|v|e| |w|e|b|r|e|n|d|e|r|,102210fe594ee9b33d82058545b1ed14f4c8206e,fcp,reddit-billgates-post-1.billg,True,reddit-billgates-post-1.billg fcp opt cold fission webrender,,77,ms,firefox,,1762127144,2023-09-26 00:20:03,1306338,,,,,,,,,,,,,,,,,,,,,,,,,,,,,,,,,,,,,,,,,,,,,,,,,TN
882,956fe894deba1ba357c2699828221cda94a938a0,0.12825884543761634,autoland,4060709,13,fd0dfc9511c4c123e048823de9954312c2b907c1,linux1804-64-shippable-qr,True,False,,|c|o|l|d| |f|i|s|s|i|o|n| |i|n|t|e|r|a|c|t|i|v|e| |w|e|b|r|e|n|d|e|r|,102210fe594ee9b33d82058545b1ed14f4c8206e,fcp,reddit-billgates-post-1.billg,True,reddit-billgates-post-1.billg fcp opt cold fission webrender,,77,ms,firefox,,1762811508,2023-09-26 02:51:20,1306370,,,,,,,,,,,,,,,,,,,,,,,,,,,,,,,,,,,,,,,,,,,,,,,,,TN
883,d6b39ea73d85054019ddee8cf425a34c549015d5,0.1419925512104283,autoland,4060709,13,fd0dfc9511c4c123e048823de9954312c2b907c1,linux1804-64-shippable-qr,True,False,,|c|o|l|d| |f|i|s|s|i|o|n| |i|n|t|e|r|a|c|t|i|v|e| |w|e|b|r|e|n|d|e|r|,102210fe594ee9b33d82058545b1ed14f4c8206e,fcp,reddit-billgates-post-1.billg,True,reddit-billgates-post-1.billg fcp opt cold fission webrender,,77,ms,firefox,,1762814599,2023-09-26 02:57:49,1306372,,,,,,,,,,,,,,,,,,,,,,,,,,,,,,,,,,,,,,,,,,,,,,,,,TN
884,5c61430973af5452b01293947d0f76b758b97c28,0.13012104283054005,autoland,4060709,13,fd0dfc9511c4c123e048823de9954312c2b907c1,linux1804-64-shippable-qr,True,False,,|c|o|l|d| |f|i|s|s|i|o|n| |i|n|t|e|r|a|c|t|i|v|e| |w|e|b|r|e|n|d|e|r|,102210fe594ee9b33d82058545b1ed14f4c8206e,fcp,reddit-billgates-post-1.billg,True,reddit-billgates-post-1.billg fcp opt cold fission webrender,,77,ms,firefox,,1762220744,2023-09-26 05:18:37,1306392,,,,,,,,,,,,,,,,,,,,,,,,,,,,,,,,,,,,,,,,,,,,,,,,,TN
885,0b480081dd33a59f2e3c247ebf9eaa36c90a926a,0.11731843575418999,autoland,4060709,13,fd0dfc9511c4c123e048823de9954312c2b907c1,linux1804-64-shippable-qr,True,False,,|c|o|l|d| |f|i|s|s|i|o|n| |i|n|t|e|r|a|c|t|i|v|e| |w|e|b|r|e|n|d|e|r|,102210fe594ee9b33d82058545b1ed14f4c8206e,fcp,reddit-billgates-post-1.billg,True,reddit-billgates-post-1.billg fcp opt cold fission webrender,,77,ms,firefox,,1762826416,2023-09-26 07:22:43,1306422,,,,,,,,,,,,,,,,,,,,,,,,,,,,,,,,,,,,,,,,,,,,,,,,,TN
886,a7382d4a1a052e1b25d2ad2dd2bdbbf16ed3ecd7,0.13594040968342647,autoland,4060709,13,fd0dfc9511c4c123e048823de9954312c2b907c1,linux1804-64-shippable-qr,True,False,,|c|o|l|d| |f|i|s|s|i|o|n| |i|n|t|e|r|a|c|t|i|v|e| |w|e|b|r|e|n|d|e|r|,102210fe594ee9b33d82058545b1ed14f4c8206e,fcp,reddit-billgates-post-1.billg,True,reddit-billgates-post-1.billg fcp opt cold fission webrender,,77,ms,firefox,,1762843146,2023-09-26 07:47:07,1306433,,,,,,,,,,,,,,,,,,,,,,,,,,,,,,,,,,,,,,,,,,,,,,,,,TN
887,920e4f82b3485f132edc7f551ecd9334fa702021,0.12849162011173176,autoland,4060709,13,fd0dfc9511c4c123e048823de9954312c2b907c1,linux1804-64-shippable-qr,True,False,,|c|o|l|d| |f|i|s|s|i|o|n| |i|n|t|e|r|a|c|t|i|v|e| |w|e|b|r|e|n|d|e|r|,102210fe594ee9b33d82058545b1ed14f4c8206e,fcp,reddit-billgates-post-1.billg,True,reddit-billgates-post-1.billg fcp opt cold fission webrender,,77,ms,firefox,,1762286036,2023-09-26 07:48:07,1306435,,,,,,,,,,,,,,,,,,,,,,,,,,,,,,,,,,,,,,,,,,,,,,,,,TN
888,e60c3407f3620f94624c0ac7484a7d1b257be989,0.11266294227188078,autoland,4060709,13,fd0dfc9511c4c123e048823de9954312c2b907c1,linux1804-64-shippable-qr,True,False,,|c|o|l|d| |f|i|s|s|i|o|n| |i|n|t|e|r|a|c|t|i|v|e| |w|e|b|r|e|n|d|e|r|,102210fe594ee9b33d82058545b1ed14f4c8206e,fcp,reddit-billgates-post-1.billg,True,reddit-billgates-post-1.billg fcp opt cold fission webrender,,77,ms,firefox,,1762406134,2023-09-26 12:02:33,1306598,,,,,,,,,,,,,,,,,,,,,,,,,,,,,,,,,,,,,,,,,,,,,,,,,TN
889,f6c351ade4f28a1ce3843d0af7e5ec35b37a3576,0.143854748603352,autoland,4060709,13,fd0dfc9511c4c123e048823de9954312c2b907c1,linux1804-64-shippable-qr,True,False,,|c|o|l|d| |f|i|s|s|i|o|n| |i|n|t|e|r|a|c|t|i|v|e| |w|e|b|r|e|n|d|e|r|,102210fe594ee9b33d82058545b1ed14f4c8206e,fcp,reddit-billgates-post-1.billg,True,reddit-billgates-post-1.billg fcp opt cold fission webrender,,77,ms,firefox,,1762495727,2023-09-26 15:03:48,1306757,,,,,,,,,,,,,,,,,,,,,,,,,,,,,,,,,,,,,,,,,,,,,,,,,TN
890,7a98d860920f5f74014454ce20ec6739e8a16878,0.10032588454376162,autoland,4060709,13,fd0dfc9511c4c123e048823de9954312c2b907c1,linux1804-64-shippable-qr,True,False,,|c|o|l|d| |f|i|s|s|i|o|n| |i|n|t|e|r|a|c|t|i|v|e| |w|e|b|r|e|n|d|e|r|,102210fe594ee9b33d82058545b1ed14f4c8206e,fcp,reddit-billgates-post-1.billg,True,reddit-billgates-post-1.billg fcp opt cold fission webrender,,77,ms,firefox,,1762676701,2023-09-26 21:35:50,1307018,,,,,,,,,,,,,,,,,,,,,,,,,,,,,,,,,,,,,,,,,,,,,,,,,TN
891,583cfd323dab818e35dc1f15fa3e92a503e56e11,0.13361266294227192,autoland,4060709,13,fd0dfc9511c4c123e048823de9954312c2b907c1,linux1804-64-shippable-qr,True,False,,|c|o|l|d| |f|i|s|s|i|o|n| |i|n|t|e|r|a|c|t|i|v|e| |w|e|b|r|e|n|d|e|r|,102210fe594ee9b33d82058545b1ed14f4c8206e,fcp,reddit-billgates-post-1.billg,True,reddit-billgates-post-1.billg fcp opt cold fission webrender,,77,ms,firefox,,1762769110,2023-09-27 02:35:37,1307110,,,,,,,,,,,,,,,,,,,,,,,,,,,,,,,,,,,,,,,,,,,,,,,,,TN
892,82ae09837aed66d319e3280febbf971a401bd8a6,0.10684357541899447,autoland,4060709,13,fd0dfc9511c4c123e048823de9954312c2b907c1,linux1804-64-shippable-qr,True,False,,|c|o|l|d| |f|i|s|s|i|o|n| |i|n|t|e|r|a|c|t|i|v|e| |w|e|b|r|e|n|d|e|r|,102210fe594ee9b33d82058545b1ed14f4c8206e,fcp,reddit-billgates-post-1.billg,True,reddit-billgates-post-1.billg fcp opt cold fission webrender,,77,ms,firefox,,1762852863,2023-09-27 06:23:31,1307163,,,,,,,,,,,,,,,,,,,,,,,,,,,,,,,,,,,,,,,,,,,,,,,,,TN
893,a1a8c2eeff55a4651fa01530fa3ec3ab3bec9b31,0.1240689013035382,autoland,4060709,13,fd0dfc9511c4c123e048823de9954312c2b907c1,linux1804-64-shippable-qr,True,False,,|c|o|l|d| |f|i|s|s|i|o|n| |i|n|t|e|r|a|c|t|i|v|e| |w|e|b|r|e|n|d|e|r|,102210fe594ee9b33d82058545b1ed14f4c8206e,fcp,reddit-billgates-post-1.billg,True,reddit-billgates-post-1.billg fcp opt cold fission webrender,,77,ms,firefox,,1762990598,2023-09-27 10:25:54,1307283,,,,,,,,,,,,,,,,,,,,,,,,,,,,,,,,,,,,,,,,,,,,,,,,,TN
894,af764baf74a1dd0e0b863a8cf26c25266bdcbc14,0.10847299813780265,autoland,4060709,13,fd0dfc9511c4c123e048823de9954312c2b907c1,linux1804-64-shippable-qr,True,False,,|c|o|l|d| |f|i|s|s|i|o|n| |i|n|t|e|r|a|c|t|i|v|e| |w|e|b|r|e|n|d|e|r|,102210fe594ee9b33d82058545b1ed14f4c8206e,fcp,reddit-billgates-post-1.billg,True,reddit-billgates-post-1.billg fcp opt cold fission webrender,,77,ms,firefox,,1762969816,2023-09-27 10:32:06,1307289,,,,,,,,,,,,,,,,,,,,,,,,,,,,,,,,,,,,,,,,,,,,,,,,,TN
895,980fa29a4d6158b8727d4f95c9acc919dc65d05c,0.11312849162011174,autoland,4060709,13,fd0dfc9511c4c123e048823de9954312c2b907c1,linux1804-64-shippable-qr,True,False,,|c|o|l|d| |f|i|s|s|i|o|n| |i|n|t|e|r|a|c|t|i|v|e| |w|e|b|r|e|n|d|e|r|,102210fe594ee9b33d82058545b1ed14f4c8206e,fcp,reddit-billgates-post-1.billg,True,reddit-billgates-post-1.billg fcp opt cold fission webrender,,77,ms,firefox,,1763691479,2023-09-27 12:47:16,1307354,,,,,,,,,,,,,,,,,,,,,,,,,,,,,,,,,,,,,,,,,,,,,,,,,TN
896,b02ccb907221ffc44b9ebee03d8e03282071e929,0.14152700186219747,autoland,4060709,13,fd0dfc9511c4c123e048823de9954312c2b907c1,linux1804-64-shippable-qr,True,False,,|c|o|l|d| |f|i|s|s|i|o|n| |i|n|t|e|r|a|c|t|i|v|e| |w|e|b|r|e|n|d|e|r|,102210fe594ee9b33d82058545b1ed14f4c8206e,fcp,reddit-billgates-post-1.billg,True,reddit-billgates-post-1.billg fcp opt cold fission webrender,,77,ms,firefox,,1763697735,2023-09-27 12:48:19,1307357,,,,,,,,,,,,,,,,,,,,,,,,,,,,,,,,,,,,,,,,,,,,,,,,,TN
897,42b4fa32b69deff886ea9bc4f4f7fb94391b751a,0.1531657355679702,autoland,4060709,13,fd0dfc9511c4c123e048823de9954312c2b907c1,linux1804-64-shippable-qr,True,False,,|c|o|l|d| |f|i|s|s|i|o|n| |i|n|t|e|r|a|c|t|i|v|e| |w|e|b|r|e|n|d|e|r|,102210fe594ee9b33d82058545b1ed14f4c8206e,fcp,reddit-billgates-post-1.billg,True,reddit-billgates-post-1.billg fcp opt cold fission webrender,,77,ms,firefox,,1763185586,2023-09-27 14:48:02,1307439,,,,,,,,,,,,,,,,,,,,,,,,,,,,,,,,,,,,,,,,,,,,,,,,,TN
898,7768cf51f090145a9009fb37298f3c1da7d60a2f,0.1419925512104283,autoland,4060709,13,fd0dfc9511c4c123e048823de9954312c2b907c1,linux1804-64-shippable-qr,True,False,,|c|o|l|d| |f|i|s|s|i|o|n| |i|n|t|e|r|a|c|t|i|v|e| |w|e|b|r|e|n|d|e|r|,102210fe594ee9b33d82058545b1ed14f4c8206e,fcp,reddit-billgates-post-1.billg,True,reddit-billgates-post-1.billg fcp opt cold fission webrender,,77,ms,firefox,,1763308542,2023-09-27 17:53:51,1307581,,,,,,,,,,,,,,,,,,,,,,,,,,,,,,,,,,,,,,,,,,,,,,,,,TN
899,d60788c1a5064d4f45dd33001554cde650df86be,0.11592178770949724,autoland,4060709,13,fd0dfc9511c4c123e048823de9954312c2b907c1,linux1804-64-shippable-qr,True,False,,|c|o|l|d| |f|i|s|s|i|o|n| |i|n|t|e|r|a|c|t|i|v|e| |w|e|b|r|e|n|d|e|r|,102210fe594ee9b33d82058545b1ed14f4c8206e,fcp,reddit-billgates-post-1.billg,True,reddit-billgates-post-1.billg fcp opt cold fission webrender,,77,ms,firefox,,1763497181,2023-09-27 23:11:22,1307771,,,,,,,,,,,,,,,,,,,,,,,,,,,,,,,,,,,,,,,,,,,,,,,,,TN
900,d1fc71cc3817fe3529b10939ed53c1d395a346fa,0.12057728119180633,autoland,4060709,13,fd0dfc9511c4c123e048823de9954312c2b907c1,linux1804-64-shippable-qr,True,False,,|c|o|l|d| |f|i|s|s|i|o|n| |i|n|t|e|r|a|c|t|i|v|e| |w|e|b|r|e|n|d|e|r|,102210fe594ee9b33d82058545b1ed14f4c8206e,fcp,reddit-billgates-post-1.billg,True,reddit-billgates-post-1.billg fcp opt cold fission webrender,,77,ms,firefox,,1763675204,2023-09-28 04:14:46,1307836,,,,,,,,,,,,,,,,,,,,,,,,,,,,,,,,,,,,,,,,,,,,,,,,,TN
901,d330b8e9f58e1065d1ca63ac5f284f7d1865e83c,0.1259310986964618,autoland,4060709,13,fd0dfc9511c4c123e048823de9954312c2b907c1,linux1804-64-shippable-qr,True,False,,|c|o|l|d| |f|i|s|s|i|o|n| |i|n|t|e|r|a|c|t|i|v|e| |w|e|b|r|e|n|d|e|r|,102210fe594ee9b33d82058545b1ed14f4c8206e,fcp,reddit-billgates-post-1.billg,True,reddit-billgates-post-1.billg fcp opt cold fission webrender,,77,ms,firefox,,1763775183,2023-09-28 08:00:04,1307885,,,,,,,,,,,,,,,,,,,,,,,,,,,,,,,,,,,,,,,,,,,,,,,,,TN
902,a5fd40a8bf47afafdda240c7b8f1b1b911d2d937,0.11312849162011174,autoland,4060709,13,fd0dfc9511c4c123e048823de9954312c2b907c1,linux1804-64-shippable-qr,True,False,,|c|o|l|d| |f|i|s|s|i|o|n| |i|n|t|e|r|a|c|t|i|v|e| |w|e|b|r|e|n|d|e|r|,102210fe594ee9b33d82058545b1ed14f4c8206e,fcp,reddit-billgates-post-1.billg,True,reddit-billgates-post-1.billg fcp opt cold fission webrender,,77,ms,firefox,,1763896264,2023-09-28 11:44:43,1308037,,,,,,,,,,,,,,,,,,,,,,,,,,,,,,,,,,,,,,,,,,,,,,,,,TN
903,0df79cc60ea0ef86258f3b33d533c75e91805d8b,0.13081936685288642,autoland,4060709,13,fd0dfc9511c4c123e048823de9954312c2b907c1,linux1804-64-shippable-qr,True,False,,|c|o|l|d| |f|i|s|s|i|o|n| |i|n|t|e|r|a|c|t|i|v|e| |w|e|b|r|e|n|d|e|r|,102210fe594ee9b33d82058545b1ed14f4c8206e,fcp,reddit-billgates-post-1.billg,True,reddit-billgates-post-1.billg fcp opt cold fission webrender,,77,ms,firefox,,1764055718,2023-09-28 15:45:35,1308186,,,,,,,,,,,,,,,,,,,,,,,,,,,,,,,,,,,,,,,,,,,,,,,,,TN
904,a216736126b15f69ebee5d940a5c3394f95759cb,0.13989757914338918,autoland,4060709,13,fd0dfc9511c4c123e048823de9954312c2b907c1,linux1804-64-shippable-qr,True,False,,|c|o|l|d| |f|i|s|s|i|o|n| |i|n|t|e|r|a|c|t|i|v|e| |w|e|b|r|e|n|d|e|r|,102210fe594ee9b33d82058545b1ed14f4c8206e,fcp,reddit-billgates-post-1.billg,True,reddit-billgates-post-1.billg fcp opt cold fission webrender,,77,ms,firefox,,1764097073,2023-09-28 16:38:20,1308227,,,,,,,,,,,,,,,,,,,,,,,,,,,,,,,,,,,,,,,,,,,,,,,,,TN
905,cd324cfaf45936b4670a6c0d15cbfe22d0e2f609,0.12383612662942267,autoland,4060709,13,fd0dfc9511c4c123e048823de9954312c2b907c1,linux1804-64-shippable-qr,True,False,,|c|o|l|d| |f|i|s|s|i|o|n| |i|n|t|e|r|a|c|t|i|v|e| |w|e|b|r|e|n|d|e|r|,102210fe594ee9b33d82058545b1ed14f4c8206e,fcp,reddit-billgates-post-1.billg,True,reddit-billgates-post-1.billg fcp opt cold fission webrender,,77,ms,firefox,,1764176191,2023-09-28 19:24:36,1308380,,,,,,,,,,,,,,,,,,,,,,,,,,,,,,,,,,,,,,,,,,,,,,,,,TN
906,72bb9164219d9f54440ccfa7f55dc02f195190f9,0.08729050279329609,autoland,4060709,13,fd0dfc9511c4c123e048823de9954312c2b907c1,linux1804-64-shippable-qr,True,False,,|c|o|l|d| |f|i|s|s|i|o|n| |i|n|t|e|r|a|c|t|i|v|e| |w|e|b|r|e|n|d|e|r|,102210fe594ee9b33d82058545b1ed14f4c8206e,fcp,reddit-billgates-post-1.billg,True,reddit-billgates-post-1.billg fcp opt cold fission webrender,,77,ms,firefox,,1764286650,2023-09-28 22:48:25,1308491,,,,,,,,,,,,,,,,,,,,,,,,,,,,,,,,,,,,,,,,,,,,,,,,,TN
907,4fd1c7c2dcf2973c3285d981e74b08dee641a0fc,0.14152700186219747,autoland,4060709,13,fd0dfc9511c4c123e048823de9954312c2b907c1,linux1804-64-shippable-qr,True,False,,|c|o|l|d| |f|i|s|s|i|o|n| |i|n|t|e|r|a|c|t|i|v|e| |w|e|b|r|e|n|d|e|r|,102210fe594ee9b33d82058545b1ed14f4c8206e,fcp,reddit-billgates-post-1.billg,True,reddit-billgates-post-1.billg fcp opt cold fission webrender,,77,ms,firefox,,1764533204,2023-09-29 05:26:28,1308580,,,,,,,,,,,,,,,,,,,,,,,,,,,,,,,,,,,,,,,,,,,,,,,,,TN
908,6453cd78e4f187bc198e83900dd9937c3cc6d0fc,0.1503724394785847,autoland,4060709,13,fd0dfc9511c4c123e048823de9954312c2b907c1,linux1804-64-shippable-qr,True,False,,|c|o|l|d| |f|i|s|s|i|o|n| |i|n|t|e|r|a|c|t|i|v|e| |w|e|b|r|e|n|d|e|r|,102210fe594ee9b33d82058545b1ed14f4c8206e,fcp,reddit-billgates-post-1.billg,True,reddit-billgates-post-1.billg fcp opt cold fission webrender,,77,ms,firefox,,1764639773,2023-09-29 09:03:41,1308650,,,,,,,,,,,,,,,,,,,,,,,,,,,,,,,,,,,,,,,,,,,,,,,,,TN
909,dfea5c2f2737b0334921941ecd0f5f235432942e,0.14408752327746743,autoland,4060709,13,fd0dfc9511c4c123e048823de9954312c2b907c1,linux1804-64-shippable-qr,True,False,,|c|o|l|d| |f|i|s|s|i|o|n| |i|n|t|e|r|a|c|t|i|v|e| |w|e|b|r|e|n|d|e|r|,102210fe594ee9b33d82058545b1ed14f4c8206e,fcp,reddit-billgates-post-1.billg,True,reddit-billgates-post-1.billg fcp opt cold fission webrender,,77,ms,firefox,,1764748076,2023-09-29 13:06:51,1308761,,,,,,,,,,,,,,,,,,,,,,,,,,,,,,,,,,,,,,,,,,,,,,,,,TN
910,e2d3169fc579506294a164827b60ea38b9295bb1,0.12523277467411553,autoland,4060709,13,fd0dfc9511c4c123e048823de9954312c2b907c1,linux1804-64-shippable-qr,True,False,,|c|o|l|d| |f|i|s|s|i|o|n| |i|n|t|e|r|a|c|t|i|v|e| |w|e|b|r|e|n|d|e|r|,102210fe594ee9b33d82058545b1ed14f4c8206e,fcp,reddit-billgates-post-1.billg,True,reddit-billgates-post-1.billg fcp opt cold fission webrender,,77,ms,firefox,,1764833846,2023-09-29 14:43:48,1308803,,,,,,,,,,,,,,,,,,,,,,,,,,,,,,,,,,,,,,,,,,,,,,,,,TN
911,51fa8a3c99f0609ebc42be909905d3b3360c6909,0.15153631284916202,autoland,4060709,13,fd0dfc9511c4c123e048823de9954312c2b907c1,linux1804-64-shippable-qr,True,False,,|c|o|l|d| |f|i|s|s|i|o|n| |i|n|t|e|r|a|c|t|i|v|e| |w|e|b|r|e|n|d|e|r|,102210fe594ee9b33d82058545b1ed14f4c8206e,fcp,reddit-billgates-post-1.billg,True,reddit-billgates-post-1.billg fcp opt cold fission webrender,,77,ms,firefox,,1765179379,2023-09-29 17:22:14,1308879,,,,,,,,,,,,,,,,,,,,,,,,,,,,,,,,,,,,,,,,,,,,,,,,,TN
912,3677fd4aebcb91190a1d79fc4deeee12bf903671,0.12849162011173176,autoland,4060709,13,fd0dfc9511c4c123e048823de9954312c2b907c1,linux1804-64-shippable-qr,True,False,,|c|o|l|d| |f|i|s|s|i|o|n| |i|n|t|e|r|a|c|t|i|v|e| |w|e|b|r|e|n|d|e|r|,102210fe594ee9b33d82058545b1ed14f4c8206e,fcp,reddit-billgates-post-1.billg,True,reddit-billgates-post-1.billg fcp opt cold fission webrender,,77,ms,firefox,,1765197902,2023-09-29 17:23:30,1308882,,,,,,,,,,,,,,,,,,,,,,,,,,,,,,,,,,,,,,,,,,,,,,,,,TN
913,8068f7fac7d44e5f28fec14686fc33ad260de99d,0.1578212290502794,autoland,4060709,13,fd0dfc9511c4c123e048823de9954312c2b907c1,linux1804-64-shippable-qr,True,False,,|c|o|l|d| |f|i|s|s|i|o|n| |i|n|t|e|r|a|c|t|i|v|e| |w|e|b|r|e|n|d|e|r|,102210fe594ee9b33d82058545b1ed14f4c8206e,fcp,reddit-billgates-post-1.billg,True,reddit-billgates-post-1.billg fcp opt cold fission webrender,,77,ms,firefox,,1765192115,2023-09-29 17:37:10,1308888,,,,,,,,,,,,,,,,,,,,,,,,,,,,,,,,,,,,,,,,,,,,,,,,,TN
914,dbbfb173932c7a5d8d65faa382f881197bff8d18,0.12081005586592175,autoland,4060709,13,fd0dfc9511c4c123e048823de9954312c2b907c1,linux1804-64-shippable-qr,True,False,,|c|o|l|d| |f|i|s|s|i|o|n| |i|n|t|e|r|a|c|t|i|v|e| |w|e|b|r|e|n|d|e|r|,102210fe594ee9b33d82058545b1ed14f4c8206e,fcp,reddit-billgates-post-1.billg,True,reddit-billgates-post-1.billg fcp opt cold fission webrender,,77,ms,firefox,,1765172112,2023-09-29 17:38:01,1308889,,,,,,,,,,,,,,,,,,,,,,,,,,,,,,,,,,,,,,,,,,,,,,,,,TN
915,bcd2222b6b08b09cee468dff6e7f94400e02b303,0.13012104283054005,autoland,4060709,13,fd0dfc9511c4c123e048823de9954312c2b907c1,linux1804-64-shippable-qr,True,False,,|c|o|l|d| |f|i|s|s|i|o|n| |i|n|t|e|r|a|c|t|i|v|e| |w|e|b|r|e|n|d|e|r|,102210fe594ee9b33d82058545b1ed14f4c8206e,fcp,reddit-billgates-post-1.billg,True,reddit-billgates-post-1.billg fcp opt cold fission webrender,,77,ms,firefox,,1765203548,2023-09-29 22:04:24,1309030,,,,,,,,,,,,,,,,,,,,,,,,,,,,,,,,,,,,,,,,,,,,,,,,,TN
916,eee85ca883b58f7e7ed94e3a2e4ed573475159d4,0.16108007448789574,autoland,4060709,13,fd0dfc9511c4c123e048823de9954312c2b907c1,linux1804-64-shippable-qr,True,False,,|c|o|l|d| |f|i|s|s|i|o|n| |i|n|t|e|r|a|c|t|i|v|e| |w|e|b|r|e|n|d|e|r|,102210fe594ee9b33d82058545b1ed14f4c8206e,fcp,reddit-billgates-post-1.billg,True,reddit-billgates-post-1.billg fcp opt cold fission webrender,,77,ms,firefox,,1765117338,2023-09-29 22:10:32,1309031,,,,,,,,,,,,,,,,,,,,,,,,,,,,,,,,,,,,,,,,,,,,,,,,,TN
917,c0cfc8c5836260ab8706d5b737a4f4f654da4610,0.14920856610800748,autoland,4060709,13,fd0dfc9511c4c123e048823de9954312c2b907c1,linux1804-64-shippable-qr,True,False,,|c|o|l|d| |f|i|s|s|i|o|n| |i|n|t|e|r|a|c|t|i|v|e| |w|e|b|r|e|n|d|e|r|,102210fe594ee9b33d82058545b1ed14f4c8206e,fcp,reddit-billgates-post-1.billg,True,reddit-billgates-post-1.billg fcp opt cold fission webrender,,77,ms,firefox,,1765214875,2023-09-30 06:24:14,1309077,,,,,,,,,,,,,,,,,,,,,,,,,,,,,,,,,,,,,,,,,,,,,,,,,TN
918,0d5209658cf41a9d6d9f6c74890ecf69602525c4,0.16224394785847296,autoland,4060709,13,fd0dfc9511c4c123e048823de9954312c2b907c1,linux1804-64-shippable-qr,True,False,,|c|o|l|d| |f|i|s|s|i|o|n| |i|n|t|e|r|a|c|t|i|v|e| |w|e|b|r|e|n|d|e|r|,102210fe594ee9b33d82058545b1ed14f4c8206e,fcp,reddit-billgates-post-1.billg,True,reddit-billgates-post-1.billg fcp opt cold fission webrender,,77,ms,firefox,,1765326867,2023-09-30 15:09:24,1309133,,,,,,,,,,,,,,,,,,,,,,,,,,,,,,,,,,,,,,,,,,,,,,,,,TN
919,8c9ba927121cd7f1cb5b31ffb86addc4c34b59a8,0.14525139664804465,autoland,4060709,13,fd0dfc9511c4c123e048823de9954312c2b907c1,linux1804-64-shippable-qr,True,False,,|c|o|l|d| |f|i|s|s|i|o|n| |i|n|t|e|r|a|c|t|i|v|e| |w|e|b|r|e|n|d|e|r|,102210fe594ee9b33d82058545b1ed14f4c8206e,fcp,reddit-billgates-post-1.billg,True,reddit-billgates-post-1.billg fcp opt cold fission webrender,,77,ms,firefox,,1765338887,2023-09-30 15:56:32,1309136,,,,,,,,,,,,,,,,,,,,,,,,,,,,,,,,,,,,,,,,,,,,,,,,,TN
920,bacf4fcba00b9d708012b5c8144292e5362ed452,0.13128491620111737,autoland,4060709,13,fd0dfc9511c4c123e048823de9954312c2b907c1,linux1804-64-shippable-qr,True,False,,|c|o|l|d| |f|i|s|s|i|o|n| |i|n|t|e|r|a|c|t|i|v|e| |w|e|b|r|e|n|d|e|r|,102210fe594ee9b33d82058545b1ed14f4c8206e,fcp,reddit-billgates-post-1.billg,True,reddit-billgates-post-1.billg fcp opt cold fission webrender,,77,ms,firefox,,1765389226,2023-09-30 20:01:07,1309152,,,,,,,,,,,,,,,,,,,,,,,,,,,,,,,,,,,,,,,,,,,,,,,,,TN
921,b781e655236dff9086d1be5c4b59b0263a9cee56,0.14920856610800748,autoland,4060709,13,fd0dfc9511c4c123e048823de9954312c2b907c1,linux1804-64-shippable-qr,True,False,,|c|o|l|d| |f|i|s|s|i|o|n| |i|n|t|e|r|a|c|t|i|v|e| |w|e|b|r|e|n|d|e|r|,102210fe594ee9b33d82058545b1ed14f4c8206e,fcp,reddit-billgates-post-1.billg,True,reddit-billgates-post-1.billg fcp opt cold fission webrender,,77,ms,firefox,,1765431418,2023-10-01 02:27:22,1309171,,,,,,,,,,,,,,,,,,,,,,,,,,,,,,,,,,,,,,,,,,,,,,,,,TN
922,1abb269d873e8bda2c0fa1b4f26f481c89584ca6,0.12243947858472992,autoland,4060709,13,fd0dfc9511c4c123e048823de9954312c2b907c1,linux1804-64-shippable-qr,True,False,,|c|o|l|d| |f|i|s|s|i|o|n| |i|n|t|e|r|a|c|t|i|v|e| |w|e|b|r|e|n|d|e|r|,102210fe594ee9b33d82058545b1ed14f4c8206e,fcp,reddit-billgates-post-1.billg,True,reddit-billgates-post-1.billg fcp opt cold fission webrender,,77,ms,firefox,,1765543393,2023-10-01 15:08:35,1309237,,,,,,,,,,,,,,,,,,,,,,,,,,,,,,,,,,,,,,,,,,,,,,,,,TN
923,72adc901a818435f7ba23e492963c7e1bf526be1,0.13105214152700184,autoland,4060709,13,fd0dfc9511c4c123e048823de9954312c2b907c1,linux1804-64-shippable-qr,True,False,,|c|o|l|d| |f|i|s|s|i|o|n| |i|n|t|e|r|a|c|t|i|v|e| |w|e|b|r|e|n|d|e|r|,102210fe594ee9b33d82058545b1ed14f4c8206e,fcp,reddit-billgates-post-1.billg,True,reddit-billgates-post-1.billg fcp opt cold fission webrender,,77,ms,firefox,,1765583640,2023-10-01 19:57:41,1309256,,,,,,,,,,,,,,,,,,,,,,,,,,,,,,,,,,,,,,,,,,,,,,,,,TN
924,1c52958ae6ea59e32694986c0d6332b8171aca86,0.06866852886405961,autoland,4060709,13,fd0dfc9511c4c123e048823de9954312c2b907c1,linux1804-64-shippable-qr,True,False,,|c|o|l|d| |f|i|s|s|i|o|n| |i|n|t|e|r|a|c|t|i|v|e| |w|e|b|r|e|n|d|e|r|,102210fe594ee9b33d82058545b1ed14f4c8206e,fcp,reddit-billgates-post-1.billg,True,reddit-billgates-post-1.billg fcp opt cold fission webrender,,77,ms,firefox,,1765602118,2023-10-01 20:03:17,1309258,,,,,,,,,,,,,,,,,,,,,,,,,,,,,,,,,,,,,,,,,,,,,,,,,TN
925,55fc90da3cff35171d66e3dcf280575bef8c17a6,0.1203445065176908,autoland,4060709,13,fd0dfc9511c4c123e048823de9954312c2b907c1,linux1804-64-shippable-qr,True,False,,|c|o|l|d| |f|i|s|s|i|o|n| |i|n|t|e|r|a|c|t|i|v|e| |w|e|b|r|e|n|d|e|r|,102210fe594ee9b33d82058545b1ed14f4c8206e,fcp,reddit-billgates-post-1.billg,True,reddit-billgates-post-1.billg fcp opt cold fission webrender,,77,ms,firefox,,1765695289,2023-10-02 00:31:45,1309288,,,,,,,,,,,,,,,,,,,,,,,,,,,,,,,,,,,,,,,,,,,,,,,,,TN
926,318059aaa167779fcc844cbf085cb7ffacc47523,0.13454376163873372,autoland,4060709,13,fd0dfc9511c4c123e048823de9954312c2b907c1,linux1804-64-shippable-qr,True,False,,|c|o|l|d| |f|i|s|s|i|o|n| |i|n|t|e|r|a|c|t|i|v|e| |w|e|b|r|e|n|d|e|r|,102210fe594ee9b33d82058545b1ed14f4c8206e,fcp,reddit-billgates-post-1.billg,True,reddit-billgates-post-1.billg fcp opt cold fission webrender,,77,ms,firefox,,1765879284,2023-10-02 11:08:53,1309454,,,,,,,,,,,,,,,,,,,,,,,,,,,,,,,,,,,,,,,,,,,,,,,,,TN
927,d4e50ba4e3bb32cd117ee7c751c056f37b00e6f4,0.13454376163873372,autoland,4060709,13,fd0dfc9511c4c123e048823de9954312c2b907c1,linux1804-64-shippable-qr,True,False,,|c|o|l|d| |f|i|s|s|i|o|n| |i|n|t|e|r|a|c|t|i|v|e| |w|e|b|r|e|n|d|e|r|,102210fe594ee9b33d82058545b1ed14f4c8206e,fcp,reddit-billgates-post-1.billg,True,reddit-billgates-post-1.billg fcp opt cold fission webrender,,77,ms,firefox,,1766443080,2023-10-02 13:23:04,1309543,,,,,,,,,,,,,,,,,,,,,,,,,,,,,,,,,,,,,,,,,,,,,,,,,TN
928,1404f0f8f3636b099bf2bce17070418ad38f1890,0.10498137802607077,autoland,4060709,13,fd0dfc9511c4c123e048823de9954312c2b907c1,linux1804-64-shippable-qr,True,False,,|c|o|l|d| |f|i|s|s|i|o|n| |i|n|t|e|r|a|c|t|i|v|e| |w|e|b|r|e|n|d|e|r|,102210fe594ee9b33d82058545b1ed14f4c8206e,fcp,reddit-billgates-post-1.billg,True,reddit-billgates-post-1.billg fcp opt cold fission webrender,,77,ms,firefox,,1766362182,2023-10-02 13:24:00,1309544,,,,,,,,,,,,,,,,,,,,,,,,,,,,,,,,,,,,,,,,,,,,,,,,,TN
929,ee29ea36851a37d2f52579657e670838c92d0068,0.11964618249534453,autoland,4060709,13,fd0dfc9511c4c123e048823de9954312c2b907c1,linux1804-64-shippable-qr,True,False,,|c|o|l|d| |f|i|s|s|i|o|n| |i|n|t|e|r|a|c|t|i|v|e| |w|e|b|r|e|n|d|e|r|,102210fe594ee9b33d82058545b1ed14f4c8206e,fcp,reddit-billgates-post-1.billg,True,reddit-billgates-post-1.billg fcp opt cold fission webrender,,77,ms,firefox,,1766397714,2023-10-02 13:24:51,1309545,,,,,,,,,,,,,,,,,,,,,,,,,,,,,,,,,,,,,,,,,,,,,,,,,TN
930,db33a2d0d6c36f0c15318f1c5ffaa7498a1ee4f3,0.1352420856610801,autoland,4060709,13,fd0dfc9511c4c123e048823de9954312c2b907c1,linux1804-64-shippable-qr,True,False,,|c|o|l|d| |f|i|s|s|i|o|n| |i|n|t|e|r|a|c|t|i|v|e| |w|e|b|r|e|n|d|e|r|,102210fe594ee9b33d82058545b1ed14f4c8206e,fcp,reddit-billgates-post-1.billg,True,reddit-billgates-post-1.billg fcp opt cold fission webrender,,77,ms,firefox,,1766087791,2023-10-02 16:59:31,1309721,,,,,,,,,,,,,,,,,,,,,,,,,,,,,,,,,,,,,,,,,,,,,,,,,TN
931,0435b7e1340f2ced37216f0dd2fbf09a0a8f2cad,0.13221601489757917,autoland,4060709,13,fd0dfc9511c4c123e048823de9954312c2b907c1,linux1804-64-shippable-qr,True,False,,|c|o|l|d| |f|i|s|s|i|o|n| |i|n|t|e|r|a|c|t|i|v|e| |w|e|b|r|e|n|d|e|r|,102210fe594ee9b33d82058545b1ed14f4c8206e,fcp,reddit-billgates-post-1.billg,True,reddit-billgates-post-1.billg fcp opt cold fission webrender,,77,ms,firefox,,1766166210,2023-10-02 20:46:43,1309872,,,,,,,,,,,,,,,,,,,,,,,,,,,,,,,,,,,,,,,,,,,,,,,,,TN
932,53af11a26cb69e0616d9f481f988276e0a6da93e,0.11475791433891991,autoland,4060709,13,fd0dfc9511c4c123e048823de9954312c2b907c1,linux1804-64-shippable-qr,True,False,,|c|o|l|d| |f|i|s|s|i|o|n| |i|n|t|e|r|a|c|t|i|v|e| |w|e|b|r|e|n|d|e|r|,102210fe594ee9b33d82058545b1ed14f4c8206e,fcp,reddit-billgates-post-1.billg,True,reddit-billgates-post-1.billg fcp opt cold fission webrender,,77,ms,firefox,,1766413018,2023-10-03 05:01:50,1310080,,,,,,,,,,,,,,,,,,,,,,,,,,,,,,,,,,,,,,,,,,,,,,,,,TN
933,f003c74ca9f9399bc6db342491d997d682efc357,0.12849162011173176,autoland,4060709,13,fd0dfc9511c4c123e048823de9954312c2b907c1,linux1804-64-shippable-qr,True,False,,|c|o|l|d| |f|i|s|s|i|o|n| |i|n|t|e|r|a|c|t|i|v|e| |w|e|b|r|e|n|d|e|r|,102210fe594ee9b33d82058545b1ed14f4c8206e,fcp,reddit-billgates-post-1.billg,True,reddit-billgates-post-1.billg fcp opt cold fission webrender,,77,ms,firefox,,1766705843,2023-10-03 11:04:59,1310236,,,,,,,,,,,,,,,,,,,,,,,,,,,,,,,,,,,,,,,,,,,,,,,,,TN
934,e17d7235b6833e36a524263990347804df15c7fb,0.12453445065176905,autoland,4060709,13,fd0dfc9511c4c123e048823de9954312c2b907c1,linux1804-64-shippable-qr,True,False,,|c|o|l|d| |f|i|s|s|i|o|n| |i|n|t|e|r|a|c|t|i|v|e| |w|e|b|r|e|n|d|e|r|,102210fe594ee9b33d82058545b1ed14f4c8206e,fcp,reddit-billgates-post-1.billg,True,reddit-billgates-post-1.billg fcp opt cold fission webrender,,77,ms,firefox,,1766782116,2023-10-03 12:29:11,1310274,,,,,,,,,,,,,,,,,,,,,,,,,,,,,,,,,,,,,,,,,,,,,,,,,TN
935,b3b1aa7e76bca656376581afa36895bcaf2c2bca,0.13314711359404097,autoland,4060709,13,fd0dfc9511c4c123e048823de9954312c2b907c1,linux1804-64-shippable-qr,True,False,,|c|o|l|d| |f|i|s|s|i|o|n| |i|n|t|e|r|a|c|t|i|v|e| |w|e|b|r|e|n|d|e|r|,102210fe594ee9b33d82058545b1ed14f4c8206e,fcp,reddit-billgates-post-1.billg,True,reddit-billgates-post-1.billg fcp opt cold fission webrender,,77,ms,firefox,,1767220256,2023-10-03 15:17:19,1310382,,,,,,,,,,,,,,,,,,,,,,,,,,,,,,,,,,,,,,,,,,,,,,,,,TN
936,226b3a89b9be28eabc8c9c4dfebb5eac585c4a66,0.1324487895716946,autoland,4060709,13,fd0dfc9511c4c123e048823de9954312c2b907c1,linux1804-64-shippable-qr,True,False,,|c|o|l|d| |f|i|s|s|i|o|n| |i|n|t|e|r|a|c|t|i|v|e| |w|e|b|r|e|n|d|e|r|,102210fe594ee9b33d82058545b1ed14f4c8206e,fcp,reddit-billgates-post-1.billg,True,reddit-billgates-post-1.billg fcp opt cold fission webrender,,77,ms,firefox,,1767311092,2023-10-03 15:19:21,1310384,,,,,,,,,,,,,,,,,,,,,,,,,,,,,,,,,,,,,,,,,,,,,,,,,TN
937,b93578d846b3af884d0a623f8ce43e0183c8307f,0.1184823091247672,autoland,4060709,13,fd0dfc9511c4c123e048823de9954312c2b907c1,linux1804-64-shippable-qr,True,False,,|c|o|l|d| |f|i|s|s|i|o|n| |i|n|t|e|r|a|c|t|i|v|e| |w|e|b|r|e|n|d|e|r|,102210fe594ee9b33d82058545b1ed14f4c8206e,fcp,reddit-billgates-post-1.billg,True,reddit-billgates-post-1.billg fcp opt cold fission webrender,,77,ms,firefox,,1766901314,2023-10-03 16:51:48,1310439,,,,,,,,,,,,,,,,,,,,,,,,,,,,,,,,,,,,,,,,,,,,,,,,,TN
938,40e8e79805b33e9018a2ef43bb9b0edfd9bd0ec0,0.13081936685288642,autoland,4060709,13,fd0dfc9511c4c123e048823de9954312c2b907c1,linux1804-64-shippable-qr,True,False,,|c|o|l|d| |f|i|s|s|i|o|n| |i|n|t|e|r|a|c|t|i|v|e| |w|e|b|r|e|n|d|e|r|,102210fe594ee9b33d82058545b1ed14f4c8206e,fcp,reddit-billgates-post-1.billg,True,reddit-billgates-post-1.billg fcp opt cold fission webrender,,77,ms,firefox,,1767296064,2023-10-03 18:55:57,1310528,,,,,,,,,,,,,,,,,,,,,,,,,,,,,,,,,,,,,,,,,,,,,,,,,TN
939,629886ef61b65a57dcc4e49625313b4c6b8c8b7e,0.1354748603351955,autoland,4060709,13,fd0dfc9511c4c123e048823de9954312c2b907c1,linux1804-64-shippable-qr,True,False,,|c|o|l|d| |f|i|s|s|i|o|n| |i|n|t|e|r|a|c|t|i|v|e| |w|e|b|r|e|n|d|e|r|,102210fe594ee9b33d82058545b1ed14f4c8206e,fcp,reddit-billgates-post-1.billg,True,reddit-billgates-post-1.billg fcp opt cold fission webrender,,77,ms,firefox,,1767283303,2023-10-03 18:59:16,1310533,,,,,,,,,,,,,,,,,,,,,,,,,,,,,,,,,,,,,,,,,,,,,,,,,TN
940,422c0919f37048afb02dc4d87dfc018baa718a5b,0.13850093109869643,autoland,4060709,13,fd0dfc9511c4c123e048823de9954312c2b907c1,linux1804-64-shippable-qr,True,False,,|c|o|l|d| |f|i|s|s|i|o|n| |i|n|t|e|r|a|c|t|i|v|e| |w|e|b|r|e|n|d|e|r|,102210fe594ee9b33d82058545b1ed14f4c8206e,fcp,reddit-billgates-post-1.billg,True,reddit-billgates-post-1.billg fcp opt cold fission webrender,,77,ms,firefox,,1767077022,2023-10-03 20:26:11,1310584,,,,,,,,,,,,,,,,,,,,,,,,,,,,,,,,,,,,,,,,,,,,,,,,,TN
941,3fb508020251d2cb191f2d62714da25ec3f35118,0.15200186219739298,autoland,4060709,13,fd0dfc9511c4c123e048823de9954312c2b907c1,linux1804-64-shippable-qr,True,False,,|c|o|l|d| |f|i|s|s|i|o|n| |i|n|t|e|r|a|c|t|i|v|e| |w|e|b|r|e|n|d|e|r|,102210fe594ee9b33d82058545b1ed14f4c8206e,fcp,reddit-billgates-post-1.billg,True,reddit-billgates-post-1.billg fcp opt cold fission webrender,,77,ms,firefox,,1767138645,2023-10-04 00:09:44,1310704,,,,,,,,,,,,,,,,,,,,,,,,,,,,,,,,,,,,,,,,,,,,,,,,,TN
942,413c83e8ccdad48a5ea3e58243d8ec9bb8c317fd,0.11894785847299816,autoland,4060709,13,fd0dfc9511c4c123e048823de9954312c2b907c1,linux1804-64-shippable-qr,True,False,,|c|o|l|d| |f|i|s|s|i|o|n| |i|n|t|e|r|a|c|t|i|v|e| |w|e|b|r|e|n|d|e|r|,102210fe594ee9b33d82058545b1ed14f4c8206e,fcp,reddit-billgates-post-1.billg,True,reddit-billgates-post-1.billg fcp opt cold fission webrender,,77,ms,firefox,,1767328046,2023-10-04 04:52:48,1310758,,,,,,,,,,,,,,,,,,,,,,,,,,,,,,,,,,,,,,,,,,,,,,,,,TN
943,ee60a98b1285e84f8466d929dd7197b4cb9e3beb,0.13594040968342647,autoland,4060709,13,fd0dfc9511c4c123e048823de9954312c2b907c1,linux1804-64-shippable-qr,True,False,,|c|o|l|d| |f|i|s|s|i|o|n| |i|n|t|e|r|a|c|t|i|v|e| |w|e|b|r|e|n|d|e|r|,102210fe594ee9b33d82058545b1ed14f4c8206e,fcp,reddit-billgates-post-1.billg,True,reddit-billgates-post-1.billg fcp opt cold fission webrender,,77,ms,firefox,,1767388495,2023-10-04 07:37:17,1310806,,,,,,,,,,,,,,,,,,,,,,,,,,,,,,,,,,,,,,,,,,,,,,,,,TN
944,1c1b0e052b07035c225a9cfda5aa8f87ea21e372,0.14362197392923648,autoland,4060709,13,fd0dfc9511c4c123e048823de9954312c2b907c1,linux1804-64-shippable-qr,True,False,,|c|o|l|d| |f|i|s|s|i|o|n| |i|n|t|e|r|a|c|t|i|v|e| |w|e|b|r|e|n|d|e|r|,102210fe594ee9b33d82058545b1ed14f4c8206e,fcp,reddit-billgates-post-1.billg,True,reddit-billgates-post-1.billg fcp opt cold fission webrender,,77,ms,firefox,,1768108183,2023-10-04 09:49:47,1310877,,,,,,,,,,,,,,,,,,,,,,,,,,,,,,,,,,,,,,,,,,,,,,,,,TN
945,5bf3ad80b3ec559fbfff98aed41d9b68c097f72a,0.14618249534450656,autoland,4060709,13,fd0dfc9511c4c123e048823de9954312c2b907c1,linux1804-64-shippable-qr,True,False,,|c|o|l|d| |f|i|s|s|i|o|n| |i|n|t|e|r|a|c|t|i|v|e| |w|e|b|r|e|n|d|e|r|,102210fe594ee9b33d82058545b1ed14f4c8206e,fcp,reddit-billgates-post-1.billg,True,reddit-billgates-post-1.billg fcp opt cold fission webrender,,77,ms,firefox,,1768055760,2023-10-04 09:51:53,1310879,,,,,,,,,,,,,,,,,,,,,,,,,,,,,,,,,,,,,,,,,,,,,,,,,TN
946,c559095402a2380ba171d9c60662e36c8d5e948d,0.15805400372439482,autoland,4060709,13,fd0dfc9511c4c123e048823de9954312c2b907c1,linux1804-64-shippable-qr,True,False,,|c|o|l|d| |f|i|s|s|i|o|n| |i|n|t|e|r|a|c|t|i|v|e| |w|e|b|r|e|n|d|e|r|,102210fe594ee9b33d82058545b1ed14f4c8206e,fcp,reddit-billgates-post-1.billg,True,reddit-billgates-post-1.billg fcp opt cold fission webrender,,77,ms,firefox,,1767563879,2023-10-04 11:43:59,1310929,,,,,,,,,,,,,,,,,,,,,,,,,,,,,,,,,,,,,,,,,,,,,,,,,TN
947,764533656770292f05824c8125c45832ba08baa6,0.13407821229050276,autoland,4060709,13,fd0dfc9511c4c123e048823de9954312c2b907c1,linux1804-64-shippable-qr,True,False,,|c|o|l|d| |f|i|s|s|i|o|n| |i|n|t|e|r|a|c|t|i|v|e| |w|e|b|r|e|n|d|e|r|,102210fe594ee9b33d82058545b1ed14f4c8206e,fcp,reddit-billgates-post-1.billg,True,reddit-billgates-post-1.billg fcp opt cold fission webrender,,77,ms,firefox,,1767670492,2023-10-04 13:35:26,1311025,,,,,,,,,,,,,,,,,,,,,,,,,,,,,,,,,,,,,,,,,,,,,,,,,TN
948,ce4c0f200f3bbd6681a6313aebf0d64f7ea8afe5,0.13687150837988826,autoland,4060709,13,fd0dfc9511c4c123e048823de9954312c2b907c1,linux1804-64-shippable-qr,True,False,,|c|o|l|d| |f|i|s|s|i|o|n| |i|n|t|e|r|a|c|t|i|v|e| |w|e|b|r|e|n|d|e|r|,102210fe594ee9b33d82058545b1ed14f4c8206e,fcp,reddit-billgates-post-1.billg,True,reddit-billgates-post-1.billg fcp opt cold fission webrender,,77,ms,firefox,,1767719327,2023-10-04 16:58:39,1311191,,,,,,,,,,,,,,,,,,,,,,,,,,,,,,,,,,,,,,,,,,,,,,,,,TN
949,e557eb7d97ce665fd81c680ed136877f12572c13,0.14059590316573556,autoland,4060709,13,fd0dfc9511c4c123e048823de9954312c2b907c1,linux1804-64-shippable-qr,True,False,,|c|o|l|d| |f|i|s|s|i|o|n| |i|n|t|e|r|a|c|t|i|v|e| |w|e|b|r|e|n|d|e|r|,102210fe594ee9b33d82058545b1ed14f4c8206e,fcp,reddit-billgates-post-1.billg,True,reddit-billgates-post-1.billg fcp opt cold fission webrender,,77,ms,firefox,,1767870934,2023-10-04 20:54:48,1311395,,,,,,,,,,,,,,,,,,,,,,,,,,,,,,,,,,,,,,,,,,,,,,,,,TN
950,59f4df7189285072039d3a68afd88090443edb71,0.1578212290502794,autoland,4060709,13,fd0dfc9511c4c123e048823de9954312c2b907c1,linux1804-64-shippable-qr,True,False,,|c|o|l|d| |f|i|s|s|i|o|n| |i|n|t|e|r|a|c|t|i|v|e| |w|e|b|r|e|n|d|e|r|,102210fe594ee9b33d82058545b1ed14f4c8206e,fcp,reddit-billgates-post-1.billg,True,reddit-billgates-post-1.billg fcp opt cold fission webrender,,77,ms,firefox,,1767988133,2023-10-05 00:01:56,1311536,,,,,,,,,,,,,,,,,,,,,,,,,,,,,,,,,,,,,,,,,,,,,,,,,TN
951,c406ccc1889d7f77e187d219bc9800009e26c02e,0.14338919925512106,autoland,4060709,13,fd0dfc9511c4c123e048823de9954312c2b907c1,linux1804-64-shippable-qr,True,False,,|c|o|l|d| |f|i|s|s|i|o|n| |i|n|t|e|r|a|c|t|i|v|e| |w|e|b|r|e|n|d|e|r|,102210fe594ee9b33d82058545b1ed14f4c8206e,fcp,reddit-billgates-post-1.billg,True,reddit-billgates-post-1.billg fcp opt cold fission webrender,,77,ms,firefox,,1768089523,2023-10-05 04:15:14,1311596,,,,,,,,,,,,,,,,,,,,,,,,,,,,,,,,,,,,,,,,,,,,,,,,,TN
952,526604ee2cd434fcf94020c1c8b6b96d253a6e83,0.14967411545623843,autoland,4060709,13,fd0dfc9511c4c123e048823de9954312c2b907c1,linux1804-64-shippable-qr,True,False,,|c|o|l|d| |f|i|s|s|i|o|n| |i|n|t|e|r|a|c|t|i|v|e| |w|e|b|r|e|n|d|e|r|,102210fe594ee9b33d82058545b1ed14f4c8206e,fcp,reddit-billgates-post-1.billg,True,reddit-billgates-post-1.billg fcp opt cold fission webrender,,77,ms,firefox,,1768247369,2023-10-05 08:15:44,1311663,,,,,,,,,,,,,,,,,,,,,,,,,,,,,,,,,,,,,,,,,,,,,,,,,TN
953,352fa7471fb72db127fc25a7723d201abec7bd50,0.1419925512104283,autoland,4060709,13,fd0dfc9511c4c123e048823de9954312c2b907c1,linux1804-64-shippable-qr,True,False,,|c|o|l|d| |f|i|s|s|i|o|n| |i|n|t|e|r|a|c|t|i|v|e| |w|e|b|r|e|n|d|e|r|,102210fe594ee9b33d82058545b1ed14f4c8206e,fcp,reddit-billgates-post-1.billg,True,reddit-billgates-post-1.billg fcp opt cold fission webrender,,77,ms,firefox,,1768168976,2023-10-05 08:43:24,1311677,,,,,,,,,,,,,,,,,,,,,,,,,,,,,,,,,,,,,,,,,,,,,,,,,TN
954,071a248f1589b12a9d492997caf012ac6a813d61,0.14594972067039103,autoland,4060709,13,fd0dfc9511c4c123e048823de9954312c2b907c1,linux1804-64-shippable-qr,True,False,,|c|o|l|d| |f|i|s|s|i|o|n| |i|n|t|e|r|a|c|t|i|v|e| |w|e|b|r|e|n|d|e|r|,102210fe594ee9b33d82058545b1ed14f4c8206e,fcp,reddit-billgates-post-1.billg,True,reddit-billgates-post-1.billg fcp opt cold fission webrender,,77,ms,firefox,,1768348921,2023-10-05 13:03:19,1311840,,,,,,,,,,,,,,,,,,,,,,,,,,,,,,,,,,,,,,,,,,,,,,,,,TN
955,38a59b940c35dfab50ff2deda3fe6f27bfa99213,0.12942271880819367,autoland,4060709,13,fd0dfc9511c4c123e048823de9954312c2b907c1,linux1804-64-shippable-qr,True,False,,|c|o|l|d| |f|i|s|s|i|o|n| |i|n|t|e|r|a|c|t|i|v|e| |w|e|b|r|e|n|d|e|r|,102210fe594ee9b33d82058545b1ed14f4c8206e,fcp,reddit-billgates-post-1.billg,True,reddit-billgates-post-1.billg fcp opt cold fission webrender,,77,ms,firefox,,1768546009,2023-10-05 14:07:33,1311899,,,,,,,,,,,,,,,,,,,,,,,,,,,,,,,,,,,,,,,,,,,,,,,,,TN
956,def7651a06fb17bb344eaf48cc6daa6047be722e,0.1410614525139665,autoland,4060709,13,fd0dfc9511c4c123e048823de9954312c2b907c1,linux1804-64-shippable-qr,True,False,,|c|o|l|d| |f|i|s|s|i|o|n| |i|n|t|e|r|a|c|t|i|v|e| |w|e|b|r|e|n|d|e|r|,102210fe594ee9b33d82058545b1ed14f4c8206e,fcp,reddit-billgates-post-1.billg,True,reddit-billgates-post-1.billg fcp opt cold fission webrender,,77,ms,firefox,,1768647564,2023-10-05 17:18:24,1312069,,,,,,,,,,,,,,,,,,,,,,,,,,,,,,,,,,,,,,,,,,,,,,,,,TN
957,5cb270a4e6b6f0aa6cd6865b7f8daf75ad10263c,0.11871508379888274,autoland,4060709,13,fd0dfc9511c4c123e048823de9954312c2b907c1,linux1804-64-shippable-qr,True,False,,|c|o|l|d| |f|i|s|s|i|o|n| |i|n|t|e|r|a|c|t|i|v|e| |w|e|b|r|e|n|d|e|r|,102210fe594ee9b33d82058545b1ed14f4c8206e,fcp,reddit-billgates-post-1.billg,True,reddit-billgates-post-1.billg fcp opt cold fission webrender,,77,ms,firefox,,1768769943,2023-10-05 19:49:01,1312160,,,,,,,,,,,,,,,,,,,,,,,,,,,,,,,,,,,,,,,,,,,,,,,,,TN
958,461a9c98a535b9896e9d394bdfee72ce90cf7afd,0.13873370577281186,autoland,4060709,13,fd0dfc9511c4c123e048823de9954312c2b907c1,linux1804-64-shippable-qr,True,False,,|c|o|l|d| |f|i|s|s|i|o|n| |i|n|t|e|r|a|c|t|i|v|e| |w|e|b|r|e|n|d|e|r|,102210fe594ee9b33d82058545b1ed14f4c8206e,fcp,reddit-billgates-post-1.billg,True,reddit-billgates-post-1.billg fcp opt cold fission webrender,,77,ms,firefox,,1768920288,2023-10-06 01:08:36,1312319,,,,,,,,,,,,,,,,,,,,,,,,,,,,,,,,,,,,,,,,,,,,,,,,,TN
959,055e1badb79853e71fe9123f8e0c60a4381a1239,0.08798882681564246,autoland,4060709,13,fd0dfc9511c4c123e048823de9954312c2b907c1,linux1804-64-shippable-qr,True,False,,|c|o|l|d| |f|i|s|s|i|o|n| |i|n|t|e|r|a|c|t|i|v|e| |w|e|b|r|e|n|d|e|r|,102210fe594ee9b33d82058545b1ed14f4c8206e,fcp,reddit-billgates-post-1.billg,True,reddit-billgates-post-1.billg fcp opt cold fission webrender,,77,ms,firefox,,1768966839,2023-10-06 04:02:35,1312369,,,,,,,,,,,,,,,,,,,,,,,,,,,,,,,,,,,,,,,,,,,,,,,,,TN
960,00b027478170756439b780282f9cfdf15edea985,0.11987895716945995,autoland,4060709,13,fd0dfc9511c4c123e048823de9954312c2b907c1,linux1804-64-shippable-qr,True,False,,|c|o|l|d| |f|i|s|s|i|o|n| |i|n|t|e|r|a|c|t|i|v|e| |w|e|b|r|e|n|d|e|r|,102210fe594ee9b33d82058545b1ed14f4c8206e,fcp,reddit-billgates-post-1.billg,True,reddit-billgates-post-1.billg fcp opt cold fission webrender,,77,ms,firefox,,1769137826,2023-10-06 08:43:18,1312452,,,,,,,,,,,,,,,,,,,,,,,,,,,,,,,,,,,,,,,,,,,,,,,,,TN
961,9b362770f30bc360df921ba24ace5de8c387e631,0.1571229050279329,autoland,4060709,13,fd0dfc9511c4c123e048823de9954312c2b907c1,linux1804-64-shippable-qr,True,False,,|c|o|l|d| |f|i|s|s|i|o|n| |i|n|t|e|r|a|c|t|i|v|e| |w|e|b|r|e|n|d|e|r|,102210fe594ee9b33d82058545b1ed14f4c8206e,fcp,reddit-billgates-post-1.billg,True,reddit-billgates-post-1.billg fcp opt cold fission webrender,,77,ms,firefox,,1769191197,2023-10-06 12:06:22,1312537,,,,,,,,,,,,,,,,,,,,,,,,,,,,,,,,,,,,,,,,,,,,,,,,,TN
962,8de2cc7842d02711e15c523c1ef655d13a93d459,0.13221601489757917,autoland,4060709,13,fd0dfc9511c4c123e048823de9954312c2b907c1,linux1804-64-shippable-qr,True,False,,|c|o|l|d| |f|i|s|s|i|o|n| |i|n|t|e|r|a|c|t|i|v|e| |w|e|b|r|e|n|d|e|r|,102210fe594ee9b33d82058545b1ed14f4c8206e,fcp,reddit-billgates-post-1.billg,True,reddit-billgates-post-1.billg fcp opt cold fission webrender,,77,ms,firefox,,1769618026,2023-10-06 13:46:53,1312613,,,,,,,,,,,,,,,,,,,,,,,,,,,,,,,,,,,,,,,,,,,,,,,,,TN
963,200aa4c0347a88e2cc21215f1cbe2441ea2feed1,0.12639664804469275,autoland,4060709,13,fd0dfc9511c4c123e048823de9954312c2b907c1,linux1804-64-shippable-qr,True,False,,|c|o|l|d| |f|i|s|s|i|o|n| |i|n|t|e|r|a|c|t|i|v|e| |w|e|b|r|e|n|d|e|r|,102210fe594ee9b33d82058545b1ed14f4c8206e,fcp,reddit-billgates-post-1.billg,True,reddit-billgates-post-1.billg fcp opt cold fission webrender,,77,ms,firefox,,1769619964,2023-10-06 13:56:34,1312619,,,,,,,,,,,,,,,,,,,,,,,,,,,,,,,,,,,,,,,,,,,,,,,,,TN
964,c561ffa6099b97fd965811d77fd98de66c44d32b,0.13221601489757917,autoland,4060709,13,fd0dfc9511c4c123e048823de9954312c2b907c1,linux1804-64-shippable-qr,True,False,,|c|o|l|d| |f|i|s|s|i|o|n| |i|n|t|e|r|a|c|t|i|v|e| |w|e|b|r|e|n|d|e|r|,102210fe594ee9b33d82058545b1ed14f4c8206e,fcp,reddit-billgates-post-1.billg,True,reddit-billgates-post-1.billg fcp opt cold fission webrender,,77,ms,firefox,,1769503008,2023-10-06 19:00:40,1312844,,,,,,,,,,,,,,,,,,,,,,,,,,,,,,,,,,,,,,,,,,,,,,,,,TN
965,1d25ed23e85a3a9d0d9117997337757d0ff718a2,0.12197392923649908,autoland,4060709,13,fd0dfc9511c4c123e048823de9954312c2b907c1,linux1804-64-shippable-qr,True,False,,|c|o|l|d| |f|i|s|s|i|o|n| |i|n|t|e|r|a|c|t|i|v|e| |w|e|b|r|e|n|d|e|r|,102210fe594ee9b33d82058545b1ed14f4c8206e,fcp,reddit-billgates-post-1.billg,True,reddit-billgates-post-1.billg fcp opt cold fission webrender,,77,ms,firefox,,1769548577,2023-10-06 23:09:23,1312997,,,,,,,,,,,,,,,,,,,,,,,,,,,,,,,,,,,,,,,,,,,,,,,,,TN
966,4db29be9ee2947a3d67a996fefc3ff1cb94a6fcc,0.13012104283054005,autoland,4060709,13,fd0dfc9511c4c123e048823de9954312c2b907c1,linux1804-64-shippable-qr,True,False,,|c|o|l|d| |f|i|s|s|i|o|n| |i|n|t|e|r|a|c|t|i|v|e| |w|e|b|r|e|n|d|e|r|,102210fe594ee9b33d82058545b1ed14f4c8206e,fcp,reddit-billgates-post-1.billg,True,reddit-billgates-post-1.billg fcp opt cold fission webrender,,77,ms,firefox,,1769594207,2023-10-07 03:35:30,1313062,,,,,,,,,,,,,,,,,,,,,,,,,,,,,,,,,,,,,,,,,,,,,,,,,TN
967,c4c56469518a5ccc9349ed7d29a0d56eba776df6,0.11824953445065178,autoland,4060709,13,fd0dfc9511c4c123e048823de9954312c2b907c1,linux1804-64-shippable-qr,True,False,,|c|o|l|d| |f|i|s|s|i|o|n| |i|n|t|e|r|a|c|t|i|v|e| |w|e|b|r|e|n|d|e|r|,102210fe594ee9b33d82058545b1ed14f4c8206e,fcp,reddit-billgates-post-1.billg,True,reddit-billgates-post-1.billg fcp opt cold fission webrender,,77,ms,firefox,,1769650294,2023-10-07 06:02:53,1313071,,,,,,,,,,,,,,,,,,,,,,,,,,,,,,,,,,,,,,,,,,,,,,,,,TN
968,ef73c2e8cd831f2a46ff5704623db63232fd912d,0.16131284916201116,autoland,4060709,13,fd0dfc9511c4c123e048823de9954312c2b907c1,linux1804-64-shippable-qr,True,False,,|c|o|l|d| |f|i|s|s|i|o|n| |i|n|t|e|r|a|c|t|i|v|e| |w|e|b|r|e|n|d|e|r|,102210fe594ee9b33d82058545b1ed14f4c8206e,fcp,reddit-billgates-post-1.billg,True,reddit-billgates-post-1.billg fcp opt cold fission webrender,,77,ms,firefox,,1769754237,2023-10-07 13:52:35,1313122,,,,,,,,,,,,,,,,,,,,,,,,,,,,,,,,,,,,,,,,,,,,,,,,,TN
969,8db232d0f8c742a85eb803c996ef87edac9d5c81,0.13733705772811922,autoland,4060709,13,fd0dfc9511c4c123e048823de9954312c2b907c1,linux1804-64-shippable-qr,True,False,,|c|o|l|d| |f|i|s|s|i|o|n| |i|n|t|e|r|a|c|t|i|v|e| |w|e|b|r|e|n|d|e|r|,102210fe594ee9b33d82058545b1ed14f4c8206e,fcp,reddit-billgates-post-1.billg,True,reddit-billgates-post-1.billg fcp opt cold fission webrender,,77,ms,firefox,,1769811592,2023-10-07 18:43:49,1313149,,,,,,,,,,,,,,,,,,,,,,,,,,,,,,,,,,,,,,,,,,,,,,,,,TN
970,fba49989dde6aa32244c622fd43abe19a32128ae,0.11894785847299816,autoland,4060709,13,fd0dfc9511c4c123e048823de9954312c2b907c1,linux1804-64-shippable-qr,True,False,,|c|o|l|d| |f|i|s|s|i|o|n| |i|n|t|e|r|a|c|t|i|v|e| |w|e|b|r|e|n|d|e|r|,102210fe594ee9b33d82058545b1ed14f4c8206e,fcp,reddit-billgates-post-1.billg,True,reddit-billgates-post-1.billg fcp opt cold fission webrender,,77,ms,firefox,,1769879816,2023-10-07 23:15:17,1313184,,,,,,,,,,,,,,,,,,,,,,,,,,,,,,,,,,,,,,,,,,,,,,,,,TN
971,68e866f36130edd1c8de093ac6d8a0fb78006527,0.13850093109869643,autoland,4060709,13,fd0dfc9511c4c123e048823de9954312c2b907c1,linux1804-64-shippable-qr,True,False,,|c|o|l|d| |f|i|s|s|i|o|n| |i|n|t|e|r|a|c|t|i|v|e| |w|e|b|r|e|n|d|e|r|,102210fe594ee9b33d82058545b1ed14f4c8206e,fcp,reddit-billgates-post-1.billg,True,reddit-billgates-post-1.billg fcp opt cold fission webrender,,77,ms,firefox,,1769962054,2023-10-08 08:55:12,1313211,,,,,,,,,,,,,,,,,,,,,,,,,,,,,,,,,,,,,,,,,,,,,,,,,TN
972,38314c6dc43eed509bfa7c922dbbc4147ac2ce34,0.16131284916201116,autoland,4060709,13,fd0dfc9511c4c123e048823de9954312c2b907c1,linux1804-64-shippable-qr,True,False,,|c|o|l|d| |f|i|s|s|i|o|n| |i|n|t|e|r|a|c|t|i|v|e| |w|e|b|r|e|n|d|e|r|,102210fe594ee9b33d82058545b1ed14f4c8206e,fcp,reddit-billgates-post-1.billg,True,reddit-billgates-post-1.billg fcp opt cold fission webrender,,77,ms,firefox,,1770201375,2023-10-08 23:28:16,1313289,,,,,,,,,,,,,,,,,,,,,,,,,,,,,,,,,,,,,,,,,,,,,,,,,TN
973,d5fd5e481ff21f14c9771aa58f8fb378a8430cdf,0.10498137802607077,autoland,4060709,13,fd0dfc9511c4c123e048823de9954312c2b907c1,linux1804-64-shippable-qr,True,False,,|c|o|l|d| |f|i|s|s|i|o|n| |i|n|t|e|r|a|c|t|i|v|e| |w|e|b|r|e|n|d|e|r|,102210fe594ee9b33d82058545b1ed14f4c8206e,fcp,reddit-billgates-post-1.billg,True,reddit-billgates-post-1.billg fcp opt cold fission webrender,,77,ms,firefox,,1770267940,2023-10-09 04:48:12,1313332,,,,,,,,,,,,,,,,,,,,,,,,,,,,,,,,,,,,,,,,,,,,,,,,,TN
974,77c18c08c9ff87c6ff0e5b546ac609296d5e04db,0.11173184357541899,autoland,4060709,13,fd0dfc9511c4c123e048823de9954312c2b907c1,linux1804-64-shippable-qr,True,False,,|c|o|l|d| |f|i|s|s|i|o|n| |i|n|t|e|r|a|c|t|i|v|e| |w|e|b|r|e|n|d|e|r|,102210fe594ee9b33d82058545b1ed14f4c8206e,fcp,reddit-billgates-post-1.billg,True,reddit-billgates-post-1.billg fcp opt cold fission webrender,,77,ms,firefox,,1770443963,2023-10-09 08:48:33,1313413,,,,,,,,,,,,,,,,,,,,,,,,,,,,,,,,,,,,,,,,,,,,,,,,,TN
975,70c980c054e9a0693d3bee343b1235d47894163d,0.10451582867783982,autoland,4060709,13,fd0dfc9511c4c123e048823de9954312c2b907c1,linux1804-64-shippable-qr,True,False,,|c|o|l|d| |f|i|s|s|i|o|n| |i|n|t|e|r|a|c|t|i|v|e| |w|e|b|r|e|n|d|e|r|,102210fe594ee9b33d82058545b1ed14f4c8206e,fcp,reddit-billgates-post-1.billg,True,reddit-billgates-post-1.billg fcp opt cold fission webrender,,77,ms,firefox,,1770457782,2023-10-09 11:45:29,1313495,,,,,,,,,,,,,,,,,,,,,,,,,,,,,,,,,,,,,,,,,,,,,,,,,TN
976,86e82f01df51429edbb4cfa27823d4d71e7844ab,0.154096834264432,autoland,4060709,13,fd0dfc9511c4c123e048823de9954312c2b907c1,linux1804-64-shippable-qr,True,False,,|c|o|l|d| |f|i|s|s|i|o|n| |i|n|t|e|r|a|c|t|i|v|e| |w|e|b|r|e|n|d|e|r|,102210fe594ee9b33d82058545b1ed14f4c8206e,fcp,reddit-billgates-post-1.billg,True,reddit-billgates-post-1.billg fcp opt cold fission webrender,,77,ms,firefox,,1770571038,2023-10-09 16:17:23,1313678,,,,,,,,,,,,,,,,,,,,,,,,,,,,,,,,,,,,,,,,,,,,,,,,,TN
977,9591bcc532c4599dba688d3555c6a0135139c39a,0.13407821229050276,autoland,4060709,13,fd0dfc9511c4c123e048823de9954312c2b907c1,linux1804-64-shippable-qr,True,False,,|c|o|l|d| |f|i|s|s|i|o|n| |i|n|t|e|r|a|c|t|i|v|e| |w|e|b|r|e|n|d|e|r|,102210fe594ee9b33d82058545b1ed14f4c8206e,fcp,reddit-billgates-post-1.billg,True,reddit-billgates-post-1.billg fcp opt cold fission webrender,,77,ms,firefox,,1770612552,2023-10-09 16:47:54,1313694,,,,,,,,,,,,,,,,,,,,,,,,,,,,,,,,,,,,,,,,,,,,,,,,,TN
978,3d1ac3fb7670dd794589cae42735270de4266f4c,0.12569832402234637,autoland,4060709,13,fd0dfc9511c4c123e048823de9954312c2b907c1,linux1804-64-shippable-qr,True,False,,|c|o|l|d| |f|i|s|s|i|o|n| |i|n|t|e|r|a|c|t|i|v|e| |w|e|b|r|e|n|d|e|r|,102210fe594ee9b33d82058545b1ed14f4c8206e,fcp,reddit-billgates-post-1.billg,True,reddit-billgates-post-1.billg fcp opt cold fission webrender,,77,ms,firefox,,1770717031,2023-10-09 21:45:38,1313856,,,,,,,,,,,,,,,,,,,,,,,,,,,,,,,,,,,,,,,,,,,,,,,,,TN
979,935a0ba75b642adf295d7792f8ad8129f87e4c03,0.11545623836126628,autoland,4060709,13,fd0dfc9511c4c123e048823de9954312c2b907c1,linux1804-64-shippable-qr,True,False,,|c|o|l|d| |f|i|s|s|i|o|n| |i|n|t|e|r|a|c|t|i|v|e| |w|e|b|r|e|n|d|e|r|,102210fe594ee9b33d82058545b1ed14f4c8206e,fcp,reddit-billgates-post-1.billg,True,reddit-billgates-post-1.billg fcp opt cold fission webrender,,77,ms,firefox,,1770793195,2023-10-10 02:31:01,1313960,,,,,,,,,,,,,,,,,,,,,,,,,,,,,,,,,,,,,,,,,,,,,,,,,TN
980,de9287a68ed836a8fd2eb2ba90de0770a18c877a,0.1899441340782123,autoland,4060709,13,fd0dfc9511c4c123e048823de9954312c2b907c1,linux1804-64-shippable-qr,True,False,,|c|o|l|d| |f|i|s|s|i|o|n| |i|n|t|e|r|a|c|t|i|v|e| |w|e|b|r|e|n|d|e|r|,102210fe594ee9b33d82058545b1ed14f4c8206e,fcp,reddit-billgates-post-1.billg,True,reddit-billgates-post-1.billg fcp opt cold fission webrender,,77,ms,firefox,,1770844741,2023-10-10 06:35:36,1314004,,,,,,,,,,,,,,,,,,,,,,,,,,,,,,,,,,,,,,,,,,,,,,,,,TN
981,bec78f6e89cdb3b51ac879af75533217f38970cf,0.1240689013035382,autoland,4060709,13,fd0dfc9511c4c123e048823de9954312c2b907c1,linux1804-64-shippable-qr,True,False,,|c|o|l|d| |f|i|s|s|i|o|n| |i|n|t|e|r|a|c|t|i|v|e| |w|e|b|r|e|n|d|e|r|,102210fe594ee9b33d82058545b1ed14f4c8206e,fcp,reddit-billgates-post-1.billg,True,reddit-billgates-post-1.billg fcp opt cold fission webrender,,77,ms,firefox,,1770885634,2023-10-10 08:23:57,1314048,,,,,,,,,,,,,,,,,,,,,,,,,,,,,,,,,,,,,,,,,,,,,,,,,TN
982,7a4c861a2d10a6757c8844de9bd8f71c94cb6150,0.14059590316573556,autoland,4060709,13,fd0dfc9511c4c123e048823de9954312c2b907c1,linux1804-64-shippable-qr,True,False,,|c|o|l|d| |f|i|s|s|i|o|n| |i|n|t|e|r|a|c|t|i|v|e| |w|e|b|r|e|n|d|e|r|,102210fe594ee9b33d82058545b1ed14f4c8206e,fcp,reddit-billgates-post-1.billg,True,reddit-billgates-post-1.billg fcp opt cold fission webrender,,77,ms,firefox,,1771037547,2023-10-10 12:59:15,1314216,,,,,,,,,,,,,,,,,,,,,,,,,,,,,,,,,,,,,,,,,,,,,,,,,TN
983,fcde87df3b93db3d958e21f5a1824932b5a1e3af,0.15432960893854752,autoland,4060709,13,fd0dfc9511c4c123e048823de9954312c2b907c1,linux1804-64-shippable-qr,True,False,,|c|o|l|d| |f|i|s|s|i|o|n| |i|n|t|e|r|a|c|t|i|v|e| |w|e|b|r|e|n|d|e|r|,102210fe594ee9b33d82058545b1ed14f4c8206e,fcp,reddit-billgates-post-1.billg,True,reddit-billgates-post-1.billg fcp opt cold fission webrender,,77,ms,firefox,,1771496931,2023-10-10 13:04:52,1314219,,,,,,,,,,,,,,,,,,,,,,,,,,,,,,,,,,,,,,,,,,,,,,,,,TN
984,45b924a9f0ce3bb7897eba747182390358f0aab5,0.13477653631284914,autoland,4060709,13,fd0dfc9511c4c123e048823de9954312c2b907c1,linux1804-64-shippable-qr,True,False,,|c|o|l|d| |f|i|s|s|i|o|n| |i|n|t|e|r|a|c|t|i|v|e| |w|e|b|r|e|n|d|e|r|,102210fe594ee9b33d82058545b1ed14f4c8206e,fcp,reddit-billgates-post-1.billg,True,reddit-billgates-post-1.billg fcp opt cold fission webrender,,77,ms,firefox,,1771485034,2023-10-10 13:32:03,1314244,,,,,,,,,,,,,,,,,,,,,,,,,,,,,,,,,,,,,,,,,,,,,,,,,TN
985,a356f20620ff71f1baee4893e21927c48f8da223,0.1466480446927374,autoland,4060709,13,fd0dfc9511c4c123e048823de9954312c2b907c1,linux1804-64-shippable-qr,True,False,,|c|o|l|d| |f|i|s|s|i|o|n| |i|n|t|e|r|a|c|t|i|v|e| |w|e|b|r|e|n|d|e|r|,102210fe594ee9b33d82058545b1ed14f4c8206e,fcp,reddit-billgates-post-1.billg,True,reddit-billgates-post-1.billg fcp opt cold fission webrender,,77,ms,firefox,,1771461733,2023-10-10 14:21:52,1314283,,,,,,,,,,,,,,,,,,,,,,,,,,,,,,,,,,,,,,,,,,,,,,,,,TN
986,60af720985092b2072845a378ab68a4c3f98670a,0.13128491620111737,autoland,4060709,13,fd0dfc9511c4c123e048823de9954312c2b907c1,linux1804-64-shippable-qr,True,False,,|c|o|l|d| |f|i|s|s|i|o|n| |i|n|t|e|r|a|c|t|i|v|e| |w|e|b|r|e|n|d|e|r|,102210fe594ee9b33d82058545b1ed14f4c8206e,fcp,reddit-billgates-post-1.billg,True,reddit-billgates-post-1.billg fcp opt cold fission webrender,,77,ms,firefox,,1771429966,2023-10-10 14:39:22,1314303,,,,,,,,,,,,,,,,,,,,,,,,,,,,,,,,,,,,,,,,,,,,,,,,,TN
987,686073214e498a3ed6018f15d9cd093812f5ab6f,0.1268621973929237,autoland,4060709,13,fd0dfc9511c4c123e048823de9954312c2b907c1,linux1804-64-shippable-qr,True,False,,|c|o|l|d| |f|i|s|s|i|o|n| |i|n|t|e|r|a|c|t|i|v|e| |w|e|b|r|e|n|d|e|r|,102210fe594ee9b33d82058545b1ed14f4c8206e,fcp,reddit-billgates-post-1.billg,True,reddit-billgates-post-1.billg fcp opt cold fission webrender,,77,ms,firefox,,1771102770,2023-10-10 15:20:47,1314341,,,,,,,,,,,,,,,,,,,,,,,,,,,,,,,,,,,,,,,,,,,,,,,,,TN
988,e746122083e758920b17ca0fd4726093187f3715,0.15013966480446927,autoland,4060709,13,fd0dfc9511c4c123e048823de9954312c2b907c1,linux1804-64-shippable-qr,True,False,,|c|o|l|d| |f|i|s|s|i|o|n| |i|n|t|e|r|a|c|t|i|v|e| |w|e|b|r|e|n|d|e|r|,102210fe594ee9b33d82058545b1ed14f4c8206e,fcp,reddit-billgates-post-1.billg,True,reddit-billgates-post-1.billg fcp opt cold fission webrender,,77,ms,firefox,,1771253244,2023-10-10 18:56:17,1314490,,,,,,,,,,,,,,,,,,,,,,,,,,,,,,,,,,,,,,,,,,,,,,,,,TN
989,87e70bc255af9e53b979d8a91fda0c5a74ed85b2,0.09729981378026076,autoland,4060709,13,fd0dfc9511c4c123e048823de9954312c2b907c1,linux1804-64-shippable-qr,True,False,,|c|o|l|d| |f|i|s|s|i|o|n| |i|n|t|e|r|a|c|t|i|v|e| |w|e|b|r|e|n|d|e|r|,102210fe594ee9b33d82058545b1ed14f4c8206e,fcp,reddit-billgates-post-1.billg,True,reddit-billgates-post-1.billg fcp opt cold fission webrender,,77,ms,firefox,,1774110091,2023-10-10 19:04:17,1314502,,,,,,,,,,,,,,,,,,,,,,,,,,,,,,,,,,,,,,,,,,,,,,,,,TN
990,ab0707343d4b4ec30166f442493dc969d756dabd,0.11755121042830541,autoland,4060709,13,fd0dfc9511c4c123e048823de9954312c2b907c1,linux1804-64-shippable-qr,True,False,,|c|o|l|d| |f|i|s|s|i|o|n| |i|n|t|e|r|a|c|t|i|v|e| |w|e|b|r|e|n|d|e|r|,102210fe594ee9b33d82058545b1ed14f4c8206e,fcp,reddit-billgates-post-1.billg,True,reddit-billgates-post-1.billg fcp opt cold fission webrender,,77,ms,firefox,,1774110264,2023-10-10 19:05:09,1314504,,,,,,,,,,,,,,,,,,,,,,,,,,,,,,,,,,,,,,,,,,,,,,,,,TN
991,027bf09f41255b1657823c434189cfda7664cdcf,0.1042830540037244,autoland,4060709,13,fd0dfc9511c4c123e048823de9954312c2b907c1,linux1804-64-shippable-qr,True,False,,|c|o|l|d| |f|i|s|s|i|o|n| |i|n|t|e|r|a|c|t|i|v|e| |w|e|b|r|e|n|d|e|r|,102210fe594ee9b33d82058545b1ed14f4c8206e,fcp,reddit-billgates-post-1.billg,True,reddit-billgates-post-1.billg fcp opt cold fission webrender,,77,ms,firefox,,1774110039,2023-10-10 19:43:14,1314521,,,,,,,,,,,,,,,,,,,,,,,,,,,,,,,,,,,,,,,,,,,,,,,,,TN
992,3effe65ee908418b7d42f997ace1acd20f6fa64b,0.09008379888268153,autoland,4060709,13,fd0dfc9511c4c123e048823de9954312c2b907c1,linux1804-64-shippable-qr,True,False,,|c|o|l|d| |f|i|s|s|i|o|n| |i|n|t|e|r|a|c|t|i|v|e| |w|e|b|r|e|n|d|e|r|,102210fe594ee9b33d82058545b1ed14f4c8206e,fcp,reddit-billgates-post-1.billg,True,reddit-billgates-post-1.billg fcp opt cold fission webrender,,77,ms,firefox,,1774110955,2023-10-10 19:44:08,1314522,,,,,,,,,,,,,,,,,,,,,,,,,,,,,,,,,,,,,,,,,,,,,,,,,TN
993,9fe0ded4db5dc1df92114bcff7dd9b83e0d116ad,0.11871508379888274,autoland,4060709,13,fd0dfc9511c4c123e048823de9954312c2b907c1,linux1804-64-shippable-qr,True,False,,|c|o|l|d| |f|i|s|s|i|o|n| |i|n|t|e|r|a|c|t|i|v|e| |w|e|b|r|e|n|d|e|r|,102210fe594ee9b33d82058545b1ed14f4c8206e,fcp,reddit-billgates-post-1.billg,True,reddit-billgates-post-1.billg fcp opt cold fission webrender,,77,ms,firefox,,1774110652,2023-10-10 19:44:57,1314523,,,,,,,,,,,,,,,,,,,,,,,,,,,,,,,,,,,,,,,,,,,,,,,,,TN
994,f94dbdc2a2a107a85ee56a0de156eab567b0edc4,0.10265363128491617,autoland,4060709,13,fd0dfc9511c4c123e048823de9954312c2b907c1,linux1804-64-shippable-qr,True,False,,|c|o|l|d| |f|i|s|s|i|o|n| |i|n|t|e|r|a|c|t|i|v|e| |w|e|b|r|e|n|d|e|r|,102210fe594ee9b33d82058545b1ed14f4c8206e,fcp,reddit-billgates-post-1.billg,True,reddit-billgates-post-1.billg fcp opt cold fission webrender,,77,ms,firefox,,1774110924,2023-10-10 19:45:47,1314524,,,,,,,,,,,,,,,,,,,,,,,,,,,,,,,,,,,,,,,,,,,,,,,,,TN
995,c4f29639f3fe0ac9921399b6e0bf65a565b25b3f,0.1089385474860336,autoland,4060709,13,fd0dfc9511c4c123e048823de9954312c2b907c1,linux1804-64-shippable-qr,True,False,,|c|o|l|d| |f|i|s|s|i|o|n| |i|n|t|e|r|a|c|t|i|v|e| |w|e|b|r|e|n|d|e|r|,102210fe594ee9b33d82058545b1ed14f4c8206e,fcp,reddit-billgates-post-1.billg,True,reddit-billgates-post-1.billg fcp opt cold fission webrender,,77,ms,firefox,,1774110817,2023-10-10 20:44:30,1314538,,,,,,,,,,,,,,,,,,,,,,,,,,,,,,,,,,,,,,,,,,,,,,,,,TN
996,714922bce1eece4f1d1d25d2ff7af79b085560cd,0.11824953445065178,autoland,4060709,13,fd0dfc9511c4c123e048823de9954312c2b907c1,linux1804-64-shippable-qr,True,False,,|c|o|l|d| |f|i|s|s|i|o|n| |i|n|t|e|r|a|c|t|i|v|e| |w|e|b|r|e|n|d|e|r|,102210fe594ee9b33d82058545b1ed14f4c8206e,fcp,reddit-billgates-post-1.billg,True,reddit-billgates-post-1.billg fcp opt cold fission webrender,,77,ms,firefox,,1774110567,2023-10-10 21:39:05,1314578,,,,,,,,,,,,,,,,,,,,,,,,,,,,,,,,,,,,,,,,,,,,,,,,,TN
997,21dd9eaaec1ab50fb3aec5aa4a6e2d56744557c6,0.1364059590316573,autoland,4060709,13,fd0dfc9511c4c123e048823de9954312c2b907c1,linux1804-64-shippable-qr,True,False,,|c|o|l|d| |f|i|s|s|i|o|n| |i|n|t|e|r|a|c|t|i|v|e| |w|e|b|r|e|n|d|e|r|,102210fe594ee9b33d82058545b1ed14f4c8206e,fcp,reddit-billgates-post-1.billg,True,reddit-billgates-post-1.billg fcp opt cold fission webrender,,77,ms,firefox,,1774110596,2023-10-10 21:41:30,1314579,,,,,,,,,,,,,,,,,,,,,,,,,,,,,,,,,,,,,,,,,,,,,,,,,TN
998,715da9b02bea78315be8ff942502a74a771782f8,0.10730912476722532,autoland,4060709,13,fd0dfc9511c4c123e048823de9954312c2b907c1,linux1804-64-shippable-qr,True,False,,|c|o|l|d| |f|i|s|s|i|o|n| |i|n|t|e|r|a|c|t|i|v|e| |w|e|b|r|e|n|d|e|r|,102210fe594ee9b33d82058545b1ed14f4c8206e,fcp,reddit-billgates-post-1.billg,True,reddit-billgates-post-1.billg fcp opt cold fission webrender,,77,ms,firefox,,1774111077,2023-10-10 21:42:20,1314580,,,,,,,,,,,,,,,,,,,,,,,,,,,,,,,,,,,,,,,,,,,,,,,,,TN
999,6b468a667795d62c9f023b89c0417d92183982ce,0.08635940409683424,autoland,4060709,13,fd0dfc9511c4c123e048823de9954312c2b907c1,linux1804-64-shippable-qr,True,False,,|c|o|l|d| |f|i|s|s|i|o|n| |i|n|t|e|r|a|c|t|i|v|e| |w|e|b|r|e|n|d|e|r|,102210fe594ee9b33d82058545b1ed14f4c8206e,fcp,reddit-billgates-post-1.billg,True,reddit-billgates-post-1.billg fcp opt cold fission webrender,,77,ms,firefox,,1774111143,2023-10-10 21:43:11,1314582,,,,,,,,,,,,,,,,,,,,,,,,,,,,,,,,,,,,,,,,,,,,,,,,,TN
1000,dd39c7f4404db3a4708cde21463baabe752342b0,0.10777467411545627,autoland,4060709,13,fd0dfc9511c4c123e048823de9954312c2b907c1,linux1804-64-shippable-qr,True,False,,|c|o|l|d| |f|i|s|s|i|o|n| |i|n|t|e|r|a|c|t|i|v|e| |w|e|b|r|e|n|d|e|r|,102210fe594ee9b33d82058545b1ed14f4c8206e,fcp,reddit-billgates-post-1.billg,True,reddit-billgates-post-1.billg fcp opt cold fission webrender,,77,ms,firefox,,1774111280,2023-10-10 21:44:49,1314583,,,,,,,,,,,,,,,,,,,,,,,,,,,,,,,,,,,,,,,,,,,,,,,,,TN
1001,32a23612bb297f386b6239e7bff0be58b62b2f73,0.13873370577281186,autoland,4060709,13,fd0dfc9511c4c123e048823de9954312c2b907c1,linux1804-64-shippable-qr,True,False,,|c|o|l|d| |f|i|s|s|i|o|n| |i|n|t|e|r|a|c|t|i|v|e| |w|e|b|r|e|n|d|e|r|,102210fe594ee9b33d82058545b1ed14f4c8206e,fcp,reddit-billgates-post-1.billg,True,reddit-billgates-post-1.billg fcp opt cold fission webrender,,77,ms,firefox,,1771341212,2023-10-10 21:46:34,1314585,,,,,,,,,,,,,,,,,,,,,,,,,,,,,,,,,,,,,,,,,,,,,,,,,TN
1002,9d76a516a84822fd560d2b472d6acce6ae2fd65e,0.1352420856610801,autoland,4060709,13,fd0dfc9511c4c123e048823de9954312c2b907c1,linux1804-64-shippable-qr,True,False,,|c|o|l|d| |f|i|s|s|i|o|n| |i|n|t|e|r|a|c|t|i|v|e| |w|e|b|r|e|n|d|e|r|,102210fe594ee9b33d82058545b1ed14f4c8206e,fcp,reddit-billgates-post-1.billg,True,reddit-billgates-post-1.billg fcp opt cold fission webrender,,77,ms,firefox,,1774111679,2023-10-10 21:47:31,1314587,,,,,,,,,,,,,,,,,,,,,,,,,,,,,,,,,,,,,,,,,,,,,,,,,TN
1003,08d1791bf44b8b89f623a1934ad20e7cf59e2f87,0.12709497206703912,autoland,4060709,13,fd0dfc9511c4c123e048823de9954312c2b907c1,linux1804-64-shippable-qr,True,False,,|c|o|l|d| |f|i|s|s|i|o|n| |i|n|t|e|r|a|c|t|i|v|e| |w|e|b|r|e|n|d|e|r|,102210fe594ee9b33d82058545b1ed14f4c8206e,fcp,reddit-billgates-post-1.billg,True,reddit-billgates-post-1.billg fcp opt cold fission webrender,,77,ms,firefox,,1774112012,2023-10-10 22:02:45,1314597,,,,,,,,,,,,,,,,,,,,,,,,,,,,,,,,,,,,,,,,,,,,,,,,,TN
1004,865e00dab5845ee4c15e215dcb9e4edacfc7ef6a,0.12104283054003728,autoland,4060709,13,fd0dfc9511c4c123e048823de9954312c2b907c1,linux1804-64-shippable-qr,True,False,,|c|o|l|d| |f|i|s|s|i|o|n| |i|n|t|e|r|a|c|t|i|v|e| |w|e|b|r|e|n|d|e|r|,102210fe594ee9b33d82058545b1ed14f4c8206e,fcp,reddit-billgates-post-1.billg,True,reddit-billgates-post-1.billg fcp opt cold fission webrender,,77,ms,firefox,,1774111960,2023-10-10 22:08:36,1314602,,,,,,,,,,,,,,,,,,,,,,,,,,,,,,,,,,,,,,,,,,,,,,,,,TN
1005,49f6f80b7b47a7baa127920b4fad4f328bb7701e,0.14711359404096835,autoland,4060709,13,fd0dfc9511c4c123e048823de9954312c2b907c1,linux1804-64-shippable-qr,True,False,,|c|o|l|d| |f|i|s|s|i|o|n| |i|n|t|e|r|a|c|t|i|v|e| |w|e|b|r|e|n|d|e|r|,102210fe594ee9b33d82058545b1ed14f4c8206e,fcp,reddit-billgates-post-1.billg,True,reddit-billgates-post-1.billg fcp opt cold fission webrender,,77,ms,firefox,,1774111701,2023-10-10 22:50:14,1314629,,,,,,,,,,,,,,,,,,,,,,,,,,,,,,,,,,,,,,,,,,,,,,,,,TN
1006,4953e7db7d0848437a80a5b181a780dd6ab97eff,0.12430167597765363,autoland,4060709,13,fd0dfc9511c4c123e048823de9954312c2b907c1,linux1804-64-shippable-qr,True,False,,|c|o|l|d| |f|i|s|s|i|o|n| |i|n|t|e|r|a|c|t|i|v|e| |w|e|b|r|e|n|d|e|r|,102210fe594ee9b33d82058545b1ed14f4c8206e,fcp,reddit-billgates-post-1.billg,True,reddit-billgates-post-1.billg fcp opt cold fission webrender,,77,ms,firefox,,1774111909,2023-10-10 22:51:06,1314631,,,,,,,,,,,,,,,,,,,,,,,,,,,,,,,,,,,,,,,,,,,,,,,,,TN
1007,4199c8139be39bc8b91ba26b726cddeec2386aab,0.1315176908752328,autoland,4060709,13,fd0dfc9511c4c123e048823de9954312c2b907c1,linux1804-64-shippable-qr,True,False,,|c|o|l|d| |f|i|s|s|i|o|n| |i|n|t|e|r|a|c|t|i|v|e| |w|e|b|r|e|n|d|e|r|,102210fe594ee9b33d82058545b1ed14f4c8206e,fcp,reddit-billgates-post-1.billg,True,reddit-billgates-post-1.billg fcp opt cold fission webrender,,77,ms,firefox,,1774111843,2023-10-10 22:52:06,1314633,,,,,,,,,,,,,,,,,,,,,,,,,,,,,,,,,,,,,,,,,,,,,,,,,TN
1008,4cbf370b4e161705aff483b29af261dc56e5b2c9,0.13594040968342647,autoland,4060709,13,fd0dfc9511c4c123e048823de9954312c2b907c1,linux1804-64-shippable-qr,True,False,,|c|o|l|d| |f|i|s|s|i|o|n| |i|n|t|e|r|a|c|t|i|v|e| |w|e|b|r|e|n|d|e|r|,102210fe594ee9b33d82058545b1ed14f4c8206e,fcp,reddit-billgates-post-1.billg,True,reddit-billgates-post-1.billg fcp opt cold fission webrender,,77,ms,firefox,,1774111639,2023-10-10 22:54:23,1314635,,,,,,,,,,,,,,,,,,,,,,,,,,,,,,,,,,,,,,,,,,,,,,,,,TN
1009,8de005a8ee3ba989e57fc08f7162679b70696be2,0.07681564245810057,autoland,4060709,13,fd0dfc9511c4c123e048823de9954312c2b907c1,linux1804-64-shippable-qr,True,False,,|c|o|l|d| |f|i|s|s|i|o|n| |i|n|t|e|r|a|c|t|i|v|e| |w|e|b|r|e|n|d|e|r|,102210fe594ee9b33d82058545b1ed14f4c8206e,fcp,reddit-billgates-post-1.billg,True,reddit-billgates-post-1.billg fcp opt cold fission webrender,,77,ms,firefox,,1774112446,2023-10-10 23:07:26,1314637,,,,,,,,,,,,,,,,,,,,,,,,,,,,,,,,,,,,,,,,,,,,,,,,,TN
1010,64af05ee70913fd4a87b18ddd4c9feb0a003c410,0.11941340782122911,autoland,4060709,13,fd0dfc9511c4c123e048823de9954312c2b907c1,linux1804-64-shippable-qr,True,False,,|c|o|l|d| |f|i|s|s|i|o|n| |i|n|t|e|r|a|c|t|i|v|e| |w|e|b|r|e|n|d|e|r|,102210fe594ee9b33d82058545b1ed14f4c8206e,fcp,reddit-billgates-post-1.billg,True,reddit-billgates-post-1.billg fcp opt cold fission webrender,,77,ms,firefox,,1774112169,2023-10-10 23:08:51,1314638,,,,,,,,,,,,,,,,,,,,,,,,,,,,,,,,,,,,,,,,,,,,,,,,,TN
1011,6b874f1506e7256d52307d7c805b73daf98a96a7,0.10614525139664799,autoland,4060709,13,fd0dfc9511c4c123e048823de9954312c2b907c1,linux1804-64-shippable-qr,True,False,,|c|o|l|d| |f|i|s|s|i|o|n| |i|n|t|e|r|a|c|t|i|v|e| |w|e|b|r|e|n|d|e|r|,102210fe594ee9b33d82058545b1ed14f4c8206e,fcp,reddit-billgates-post-1.billg,True,reddit-billgates-post-1.billg fcp opt cold fission webrender,,77,ms,firefox,,1774112481,2023-10-10 23:09:49,1314639,,,,,,,,,,,,,,,,,,,,,,,,,,,,,,,,,,,,,,,,,,,,,,,,,TN
1012,14ab79d7d997f011c43a5d06aa8242aa53d541bf,0.1042830540037244,autoland,4060709,13,fd0dfc9511c4c123e048823de9954312c2b907c1,linux1804-64-shippable-qr,True,False,,|c|o|l|d| |f|i|s|s|i|o|n| |i|n|t|e|r|a|c|t|i|v|e| |w|e|b|r|e|n|d|e|r|,102210fe594ee9b33d82058545b1ed14f4c8206e,fcp,reddit-billgates-post-1.billg,True,reddit-billgates-post-1.billg fcp opt cold fission webrender,,77,ms,firefox,,1774113834,2023-10-10 23:53:07,1314676,,,,,,,,,,,,,,,,,,,,,,,,,,,,,,,,,,,,,,,,,,,,,,,,,TN
1013,88753a02fc62dc29db2d5f9f6c8eb7d599f6d39f,0.11595504123437084,autoland,4060709,13,fd0dfc9511c4c123e048823de9954312c2b907c1,linux1804-64-shippable-qr,True,False,,|c|o|l|d| |f|i|s|s|i|o|n| |i|n|t|e|r|a|c|t|i|v|e| |w|e|b|r|e|n|d|e|r|,102210fe594ee9b33d82058545b1ed14f4c8206e,fcp,reddit-billgates-post-1.billg,True,reddit-billgates-post-1.billg fcp opt cold fission webrender,,77,ms,firefox,,1772187948,2023-10-11 00:09:28,1314684,,,,,,,,,,,,,,,,,,,,,,,,,,,,,,,,,,,,,,,,,,,,,,,,,TN
1014,d96615dc7b30363d62e6f07d235da826838846bc,0.12849162011173176,autoland,4060709,13,fd0dfc9511c4c123e048823de9954312c2b907c1,linux1804-64-shippable-qr,True,False,,|c|o|l|d| |f|i|s|s|i|o|n| |i|n|t|e|r|a|c|t|i|v|e| |w|e|b|r|e|n|d|e|r|,102210fe594ee9b33d82058545b1ed14f4c8206e,fcp,reddit-billgates-post-1.billg,True,reddit-billgates-post-1.billg fcp opt cold fission webrender,,77,ms,firefox,,1772167537,2023-10-11 00:33:20,1314688,,,,,,,,,,,,,,,,,,,,,,,,,,,,,,,,,,,,,,,,,,,,,,,,,TN
1015,fb1c93363030ee78f4a3ea0da9854fb688a630b8,0.12243947858472992,autoland,4060709,13,fd0dfc9511c4c123e048823de9954312c2b907c1,linux1804-64-shippable-qr,True,False,,|c|o|l|d| |f|i|s|s|i|o|n| |i|n|t|e|r|a|c|t|i|v|e| |w|e|b|r|e|n|d|e|r|,102210fe594ee9b33d82058545b1ed14f4c8206e,fcp,reddit-billgates-post-1.billg,True,reddit-billgates-post-1.billg fcp opt cold fission webrender,,77,ms,firefox,,1771464602,2023-10-11 04:35:52,1314760,,,,,,,,,,,,,,,,,,,,,,,,,,,,,,,,,,,,,,,,,,,,,,,,,TN
1016,d677f2833f2cf056757a6a3cf8c2e8b4273fb788,0.13873370577281186,autoland,4060709,13,fd0dfc9511c4c123e048823de9954312c2b907c1,linux1804-64-shippable-qr,True,False,,|c|o|l|d| |f|i|s|s|i|o|n| |i|n|t|e|r|a|c|t|i|v|e| |w|e|b|r|e|n|d|e|r|,102210fe594ee9b33d82058545b1ed14f4c8206e,fcp,reddit-billgates-post-1.billg,True,reddit-billgates-post-1.billg fcp opt cold fission webrender,,77,ms,firefox,,1771528503,2023-10-11 05:18:39,1314767,,,,,,,,,,,,,,,,,,,,,,,,,,,,,,,,,,,,,,,,,,,,,,,,,TN
1017,2124c3eebcb12eb72e8ced7bfb3c8521a028af8d,0.12197392923649908,autoland,4060709,13,fd0dfc9511c4c123e048823de9954312c2b907c1,linux1804-64-shippable-qr,True,False,,|c|o|l|d| |f|i|s|s|i|o|n| |i|n|t|e|r|a|c|t|i|v|e| |w|e|b|r|e|n|d|e|r|,102210fe594ee9b33d82058545b1ed14f4c8206e,fcp,reddit-billgates-post-1.billg,True,reddit-billgates-post-1.billg fcp opt cold fission webrender,,77,ms,firefox,,1771643117,2023-10-11 09:29:42,1314864,,,,,,,,,,,,,,,,,,,,,,,,,,,,,,,,,,,,,,,,,,,,,,,,,TN
1018,e4751df31e7494090d14b0ab8ff52bab6c1391d7,0.11499068901303544,autoland,4060709,13,fd0dfc9511c4c123e048823de9954312c2b907c1,linux1804-64-shippable-qr,True,False,,|c|o|l|d| |f|i|s|s|i|o|n| |i|n|t|e|r|a|c|t|i|v|e| |w|e|b|r|e|n|d|e|r|,102210fe594ee9b33d82058545b1ed14f4c8206e,fcp,reddit-billgates-post-1.billg,True,reddit-billgates-post-1.billg fcp opt cold fission webrender,,77,ms,firefox,,1771650929,2023-10-11 10:39:45,1314918,,,,,,,,,,,,,,,,,,,,,,,,,,,,,,,,,,,,,,,,,,,,,,,,,TN
1019,2f6d9a971e1895c3186c6f2cdc2286c9f6e9694e,0.13687150837988826,autoland,4060709,13,fd0dfc9511c4c123e048823de9954312c2b907c1,linux1804-64-shippable-qr,True,False,,|c|o|l|d| |f|i|s|s|i|o|n| |i|n|t|e|r|a|c|t|i|v|e| |w|e|b|r|e|n|d|e|r|,102210fe594ee9b33d82058545b1ed14f4c8206e,fcp,reddit-billgates-post-1.billg,True,reddit-billgates-post-1.billg fcp opt cold fission webrender,,77,ms,firefox,,1771740196,2023-10-11 14:42:40,1315015,,,,,,,,,,,,,,,,,,,,,,,,,,,,,,,,,,,,,,,,,,,,,,,,,TN
1020,a710f6c3ab82ca81444f0478a4882217c3628bf0,0.13012104283054005,autoland,4060709,13,fd0dfc9511c4c123e048823de9954312c2b907c1,linux1804-64-shippable-qr,True,False,,|c|o|l|d| |f|i|s|s|i|o|n| |i|n|t|e|r|a|c|t|i|v|e| |w|e|b|r|e|n|d|e|r|,102210fe594ee9b33d82058545b1ed14f4c8206e,fcp,reddit-billgates-post-1.billg,True,reddit-billgates-post-1.billg fcp opt cold fission webrender,,77,ms,firefox,,1771760271,2023-10-11 15:07:05,1315029,,,,,,,,,,,,,,,,,,,,,,,,,,,,,,,,,,,,,,,,,,,,,,,,,TN
1021,be8d8e6ec4b7216d8dcb9b4ff8c8a413fc83da74,0.101024208566108,autoland,4060709,13,fd0dfc9511c4c123e048823de9954312c2b907c1,linux1804-64-shippable-qr,True,False,,|c|o|l|d| |f|i|s|s|i|o|n| |i|n|t|e|r|a|c|t|i|v|e| |w|e|b|r|e|n|d|e|r|,102210fe594ee9b33d82058545b1ed14f4c8206e,fcp,reddit-billgates-post-1.billg,True,reddit-billgates-post-1.billg fcp opt cold fission webrender,,77,ms,firefox,,1771811990,2023-10-11 17:21:18,1315168,,,,,,,,,,,,,,,,,,,,,,,,,,,,,,,,,,,,,,,,,,,,,,,,,TN
1022,dfe9eba9757679d9dda934ba7dd5798a0c3360fe,0.12337057728119183,autoland,4060709,13,fd0dfc9511c4c123e048823de9954312c2b907c1,linux1804-64-shippable-qr,True,False,,|c|o|l|d| |f|i|s|s|i|o|n| |i|n|t|e|r|a|c|t|i|v|e| |w|e|b|r|e|n|d|e|r|,102210fe594ee9b33d82058545b1ed14f4c8206e,fcp,reddit-billgates-post-1.billg,True,reddit-billgates-post-1.billg fcp opt cold fission webrender,,77,ms,firefox,,1771942174,2023-10-11 21:29:22,1315364,,,,,,,,,,,,,,,,,,,,,,,,,,,,,,,,,,,,,,,,,,,,,,,,,TN
1023,2cbc64e7dbb0cd771d39710e5c3f2ed9a7e02b50,0.13198324022346364,autoland,4060709,13,fd0dfc9511c4c123e048823de9954312c2b907c1,linux1804-64-shippable-qr,True,False,,|c|o|l|d| |f|i|s|s|i|o|n| |i|n|t|e|r|a|c|t|i|v|e| |w|e|b|r|e|n|d|e|r|,102210fe594ee9b33d82058545b1ed14f4c8206e,fcp,reddit-billgates-post-1.billg,True,reddit-billgates-post-1.billg fcp opt cold fission webrender,,77,ms,firefox,,1771952414,2023-10-11 21:41:54,1315372,,,,,,,,,,,,,,,,,,,,,,,,,,,,,,,,,,,,,,,,,,,,,,,,,TN
1024,c77a5d731bccf47b2b9f0714e44d5943f903d95e,0.13407821229050276,autoland,4060709,13,fd0dfc9511c4c123e048823de9954312c2b907c1,linux1804-64-shippable-qr,True,False,,|c|o|l|d| |f|i|s|s|i|o|n| |i|n|t|e|r|a|c|t|i|v|e| |w|e|b|r|e|n|d|e|r|,102210fe594ee9b33d82058545b1ed14f4c8206e,fcp,reddit-billgates-post-1.billg,True,reddit-billgates-post-1.billg fcp opt cold fission webrender,,77,ms,firefox,,1772151424,2023-10-12 04:10:05,1315494,,,,,,,,,,,,,,,,,,,,,,,,,,,,,,,,,,,,,,,,,,,,,,,,,TN
1025,d64dc6406137711ffbc7f0bc42f6794a1c4ad236,0.1522346368715084,autoland,4060709,13,fd0dfc9511c4c123e048823de9954312c2b907c1,linux1804-64-shippable-qr,True,False,,|c|o|l|d| |f|i|s|s|i|o|n| |i|n|t|e|r|a|c|t|i|v|e| |w|e|b|r|e|n|d|e|r|,102210fe594ee9b33d82058545b1ed14f4c8206e,fcp,reddit-billgates-post-1.billg,True,reddit-billgates-post-1.billg fcp opt cold fission webrender,,77,ms,firefox,,1772226280,2023-10-12 08:16:23,1315559,,,,,,,,,,,,,,,,,,,,,,,,,,,,,,,,,,,,,,,,,,,,,,,,,TN
1026,6eb785f75431f10faa331dabd429029e6dd1224e,0.11964618249534453,autoland,4060709,13,fd0dfc9511c4c123e048823de9954312c2b907c1,linux1804-64-shippable-qr,True,False,,|c|o|l|d| |f|i|s|s|i|o|n| |i|n|t|e|r|a|c|t|i|v|e| |w|e|b|r|e|n|d|e|r|,102210fe594ee9b33d82058545b1ed14f4c8206e,fcp,reddit-billgates-post-1.billg,True,reddit-billgates-post-1.billg fcp opt cold fission webrender,,77,ms,firefox,,1772290657,2023-10-12 09:32:06,1315613,,,,,,,,,,,,,,,,,,,,,,,,,,,,,,,,,,,,,,,,,,,,,,,,,TN
1027,c25b3a0b864c4419985106ff938b73a7e1a43cb0,0.15339851024208562,autoland,4060709,13,fd0dfc9511c4c123e048823de9954312c2b907c1,linux1804-64-shippable-qr,True,False,,|c|o|l|d| |f|i|s|s|i|o|n| |i|n|t|e|r|a|c|t|i|v|e| |w|e|b|r|e|n|d|e|r|,102210fe594ee9b33d82058545b1ed14f4c8206e,fcp,reddit-billgates-post-1.billg,True,reddit-billgates-post-1.billg fcp opt cold fission webrender,,77,ms,firefox,,1772808188,2023-10-12 09:47:02,1315625,,,,,,,,,,,,,,,,,,,,,,,,,,,,,,,,,,,,,,,,,,,,,,,,,TN
1028,9e5296fd6179caf9546e8478d7d34b22972ea0ed,0.1513035381750466,autoland,4060709,13,fd0dfc9511c4c123e048823de9954312c2b907c1,linux1804-64-shippable-qr,True,False,,|c|o|l|d| |f|i|s|s|i|o|n| |i|n|t|e|r|a|c|t|i|v|e| |w|e|b|r|e|n|d|e|r|,102210fe594ee9b33d82058545b1ed14f4c8206e,fcp,reddit-billgates-post-1.billg,True,reddit-billgates-post-1.billg fcp opt cold fission webrender,,77,ms,firefox,,1772783719,2023-10-12 09:59:06,1315630,,,,,,,,,,,,,,,,,,,,,,,,,,,,,,,,,,,,,,,,,,,,,,,,,TN
1029,d3c6163a42b6002297fdb7cbb78395ee4495a357,0.138268156424581,autoland,4060709,13,fd0dfc9511c4c123e048823de9954312c2b907c1,linux1804-64-shippable-qr,True,False,,|c|o|l|d| |f|i|s|s|i|o|n| |i|n|t|e|r|a|c|t|i|v|e| |w|e|b|r|e|n|d|e|r|,102210fe594ee9b33d82058545b1ed14f4c8206e,fcp,reddit-billgates-post-1.billg,True,reddit-billgates-post-1.billg fcp opt cold fission webrender,,77,ms,firefox,,1772412511,2023-10-12 12:42:22,1315709,,,,,,,,,,,,,,,,,,,,,,,,,,,,,,,,,,,,,,,,,,,,,,,,,TN
1030,c09a0d19d99b488a292e3583cd0bb488afc74173,0.11871508379888274,autoland,4060709,13,fd0dfc9511c4c123e048823de9954312c2b907c1,linux1804-64-shippable-qr,True,False,,|c|o|l|d| |f|i|s|s|i|o|n| |i|n|t|e|r|a|c|t|i|v|e| |w|e|b|r|e|n|d|e|r|,102210fe594ee9b33d82058545b1ed14f4c8206e,fcp,reddit-billgates-post-1.billg,True,reddit-billgates-post-1.billg fcp opt cold fission webrender,,77,ms,firefox,,1772494645,2023-10-12 17:01:35,1315902,,,,,,,,,,,,,,,,,,,,,,,,,,,,,,,,,,,,,,,,,,,,,,,,,TN
1031,a5369079cd89dd91a42689da9aad1fc607ef9146,0.14222532588454373,autoland,4060709,13,fd0dfc9511c4c123e048823de9954312c2b907c1,linux1804-64-shippable-qr,True,False,,|c|o|l|d| |f|i|s|s|i|o|n| |i|n|t|e|r|a|c|t|i|v|e| |w|e|b|r|e|n|d|e|r|,102210fe594ee9b33d82058545b1ed14f4c8206e,fcp,reddit-billgates-post-1.billg,True,reddit-billgates-post-1.billg fcp opt cold fission webrender,,77,ms,firefox,,1772517881,2023-10-12 17:02:35,1315903,,,,,,,,,,,,,,,,,,,,,,,,,,,,,,,,,,,,,,,,,,,,,,,,,TN
1032,b9478e8898d6397ccb0ca6d2f90b882083ef91d2,0.11708566108007457,autoland,4060709,13,fd0dfc9511c4c123e048823de9954312c2b907c1,linux1804-64-shippable-qr,True,False,,|c|o|l|d| |f|i|s|s|i|o|n| |i|n|t|e|r|a|c|t|i|v|e| |w|e|b|r|e|n|d|e|r|,102210fe594ee9b33d82058545b1ed14f4c8206e,fcp,reddit-billgates-post-1.billg,True,reddit-billgates-post-1.billg fcp opt cold fission webrender,,77,ms,firefox,,1772582124,2023-10-12 19:48:41,1316052,,,,,,,,,,,,,,,,,,,,,,,,,,,,,,,,,,,,,,,,,,,,,,,,,TN
1033,6769216667ff487b1442f654ee41dc5f12c23983,0.14618249534450656,autoland,4060709,13,fd0dfc9511c4c123e048823de9954312c2b907c1,linux1804-64-shippable-qr,True,False,,|c|o|l|d| |f|i|s|s|i|o|n| |i|n|t|e|r|a|c|t|i|v|e| |w|e|b|r|e|n|d|e|r|,102210fe594ee9b33d82058545b1ed14f4c8206e,fcp,reddit-billgates-post-1.billg,True,reddit-billgates-post-1.billg fcp opt cold fission webrender,,77,ms,firefox,,1772726989,2023-10-12 23:58:41,1316211,,,,,,,,,,,,,,,,,,,,,,,,,,,,,,,,,,,,,,,,,,,,,,,,,TN
1034,810153993fc0b06ce0eabae2602fc7f74ed9be18,0.12476722532588458,autoland,4060709,13,fd0dfc9511c4c123e048823de9954312c2b907c1,linux1804-64-shippable-qr,True,False,,|c|o|l|d| |f|i|s|s|i|o|n| |i|n|t|e|r|a|c|t|i|v|e| |w|e|b|r|e|n|d|e|r|,102210fe594ee9b33d82058545b1ed14f4c8206e,fcp,reddit-billgates-post-1.billg,True,reddit-billgates-post-1.billg fcp opt cold fission webrender,,77,ms,firefox,,1772816362,2023-10-13 06:04:39,1316292,,,,,,,,,,,,,,,,,,,,,,,,,,,,,,,,,,,,,,,,,,,,,,,,,TN
1035,930888998f68ddfb0f36d898e98305e459d7cbb2,0.1184823091247672,autoland,4060709,13,fd0dfc9511c4c123e048823de9954312c2b907c1,linux1804-64-shippable-qr,True,False,,|c|o|l|d| |f|i|s|s|i|o|n| |i|n|t|e|r|a|c|t|i|v|e| |w|e|b|r|e|n|d|e|r|,102210fe594ee9b33d82058545b1ed14f4c8206e,fcp,reddit-billgates-post-1.billg,True,reddit-billgates-post-1.billg fcp opt cold fission webrender,,77,ms,firefox,,1772831628,2023-10-13 06:28:51,1316299,,,,,,,,,,,,,,,,,,,,,,,,,,,,,,,,,,,,,,,,,,,,,,,,,TN
1036,0db2502d9e9503580a800e13235be8c02043bbc0,0.13268156424581,autoland,4060709,13,fd0dfc9511c4c123e048823de9954312c2b907c1,linux1804-64-shippable-qr,True,False,,|c|o|l|d| |f|i|s|s|i|o|n| |i|n|t|e|r|a|c|t|i|v|e| |w|e|b|r|e|n|d|e|r|,102210fe594ee9b33d82058545b1ed14f4c8206e,fcp,reddit-billgates-post-1.billg,True,reddit-billgates-post-1.billg fcp opt cold fission webrender,,77,ms,firefox,,1772989352,2023-10-13 10:45:16,1316413,,,,,,,,,,,,,,,,,,,,,,,,,,,,,,,,,,,,,,,,,,,,,,,,,TN
1037,8246d773a07ce105d3a9f92b96007867c7df3cc4,0.13454376163873372,autoland,4060709,13,fd0dfc9511c4c123e048823de9954312c2b907c1,linux1804-64-shippable-qr,True,False,,|c|o|l|d| |f|i|s|s|i|o|n| |i|n|t|e|r|a|c|t|i|v|e| |w|e|b|r|e|n|d|e|r|,102210fe594ee9b33d82058545b1ed14f4c8206e,fcp,reddit-billgates-post-1.billg,True,reddit-billgates-post-1.billg fcp opt cold fission webrender,,77,ms,firefox,,1773001153,2023-10-13 11:42:22,1316442,,,,,,,,,,,,,,,,,,,,,,,,,,,,,,,,,,,,,,,,,,,,,,,,,TN
1038,d92869043e48f272340ceae0f119dd775474cb62,0.14222532588454373,autoland,4060709,13,fd0dfc9511c4c123e048823de9954312c2b907c1,linux1804-64-shippable-qr,True,False,,|c|o|l|d| |f|i|s|s|i|o|n| |i|n|t|e|r|a|c|t|i|v|e| |w|e|b|r|e|n|d|e|r|,102210fe594ee9b33d82058545b1ed14f4c8206e,fcp,reddit-billgates-post-1.billg,True,reddit-billgates-post-1.billg fcp opt cold fission webrender,,77,ms,firefox,,1773363982,2023-10-13 14:26:35,1316557,,,,,,,,,,,,,,,,,,,,,,,,,,,,,,,,,,,,,,,,,,,,,,,,,TN
1039,0038344669650c895c3351ddfb62b9f89119d0e3,0.11196461824953441,autoland,4060709,13,fd0dfc9511c4c123e048823de9954312c2b907c1,linux1804-64-shippable-qr,True,False,,|c|o|l|d| |f|i|s|s|i|o|n| |i|n|t|e|r|a|c|t|i|v|e| |w|e|b|r|e|n|d|e|r|,102210fe594ee9b33d82058545b1ed14f4c8206e,fcp,reddit-billgates-post-1.billg,True,reddit-billgates-post-1.billg fcp opt cold fission webrender,,77,ms,firefox,,1773352440,2023-10-13 14:55:48,1316590,,,,,,,,,,,,,,,,,,,,,,,,,,,,,,,,,,,,,,,,,,,,,,,,,TN
1040,8adc92d3a6a8eeeefd63f98296c29907c3838316,0.14781191806331473,autoland,4060709,13,fd0dfc9511c4c123e048823de9954312c2b907c1,linux1804-64-shippable-qr,True,False,,|c|o|l|d| |f|i|s|s|i|o|n| |i|n|t|e|r|a|c|t|i|v|e| |w|e|b|r|e|n|d|e|r|,102210fe594ee9b33d82058545b1ed14f4c8206e,fcp,reddit-billgates-post-1.billg,True,reddit-billgates-post-1.billg fcp opt cold fission webrender,,77,ms,firefox,,1773079551,2023-10-13 15:49:30,1316607,,,,,,,,,,,,,,,,,,,,,,,,,,,,,,,,,,,,,,,,,,,,,,,,,TN
1041,9ba44fb4eeafba4229fe28a6f3b42c79d8d05692,0.1033519553072626,autoland,4060709,13,fd0dfc9511c4c123e048823de9954312c2b907c1,linux1804-64-shippable-qr,True,False,,|c|o|l|d| |f|i|s|s|i|o|n| |i|n|t|e|r|a|c|t|i|v|e| |w|e|b|r|e|n|d|e|r|,102210fe594ee9b33d82058545b1ed14f4c8206e,fcp,reddit-billgates-post-1.billg,True,reddit-billgates-post-1.billg fcp opt cold fission webrender,,77,ms,firefox,,1773068859,2023-10-13 16:11:23,1316611,,,,,,,,,,,,,,,,,,,,,,,,,,,,,,,,,,,,,,,,,,,,,,,,,TN
1042,bcd044cb6c313be98b766d19688066871ddaa6b3,0.13314711359404097,autoland,4060709,13,fd0dfc9511c4c123e048823de9954312c2b907c1,linux1804-64-shippable-qr,True,False,,|c|o|l|d| |f|i|s|s|i|o|n| |i|n|t|e|r|a|c|t|i|v|e| |w|e|b|r|e|n|d|e|r|,102210fe594ee9b33d82058545b1ed14f4c8206e,fcp,reddit-billgates-post-1.billg,True,reddit-billgates-post-1.billg fcp opt cold fission webrender,,77,ms,firefox,,1773316430,2023-10-14 00:40:19,1316857,,,,,,,,,,,,,,,,,,,,,,,,,,,,,,,,,,,,,,,,,,,,,,,,,TN
1043,19db6b0f6713fdb1f311426a7899070e3ca19d6b,0.14338919925512106,autoland,4060709,13,fd0dfc9511c4c123e048823de9954312c2b907c1,linux1804-64-shippable-qr,True,False,,|c|o|l|d| |f|i|s|s|i|o|n| |i|n|t|e|r|a|c|t|i|v|e| |w|e|b|r|e|n|d|e|r|,102210fe594ee9b33d82058545b1ed14f4c8206e,fcp,reddit-billgates-post-1.billg,True,reddit-billgates-post-1.billg fcp opt cold fission webrender,,77,ms,firefox,,1773360590,2023-10-14 05:14:50,1316873,,,,,,,,,,,,,,,,,,,,,,,,,,,,,,,,,,,,,,,,,,,,,,,,,TN
1044,1e870b95242b07bc4961bf7558d0703dd03814b3,0.11219739292364983,autoland,4060709,13,fd0dfc9511c4c123e048823de9954312c2b907c1,linux1804-64-shippable-qr,True,False,,|c|o|l|d| |f|i|s|s|i|o|n| |i|n|t|e|r|a|c|t|i|v|e| |w|e|b|r|e|n|d|e|r|,102210fe594ee9b33d82058545b1ed14f4c8206e,fcp,reddit-billgates-post-1.billg,True,reddit-billgates-post-1.billg fcp opt cold fission webrender,,77,ms,firefox,,1773404760,2023-10-14 09:25:57,1316895,,,,,,,,,,,,,,,,,,,,,,,,,,,,,,,,,,,,,,,,,,,,,,,,,TN
1045,3f99c563251ec523301e9d46e6904989fc827306,0.15432960893854752,autoland,4060709,13,fd0dfc9511c4c123e048823de9954312c2b907c1,linux1804-64-shippable-qr,True,False,,|c|o|l|d| |f|i|s|s|i|o|n| |i|n|t|e|r|a|c|t|i|v|e| |w|e|b|r|e|n|d|e|r|,102210fe594ee9b33d82058545b1ed14f4c8206e,fcp,reddit-billgates-post-1.billg,True,reddit-billgates-post-1.billg fcp opt cold fission webrender,,77,ms,firefox,,1773545579,2023-10-14 16:14:11,1316942,,,,,,,,,,,,,,,,,,,,,,,,,,,,,,,,,,,,,,,,,,,,,,,,,TN
1046,468469f54da6070a84314dc3c4ddcdfaca74b714,0.14059590316573556,autoland,4060709,13,fd0dfc9511c4c123e048823de9954312c2b907c1,linux1804-64-shippable-qr,True,False,,|c|o|l|d| |f|i|s|s|i|o|n| |i|n|t|e|r|a|c|t|i|v|e| |w|e|b|r|e|n|d|e|r|,102210fe594ee9b33d82058545b1ed14f4c8206e,fcp,reddit-billgates-post-1.billg,True,reddit-billgates-post-1.billg fcp opt cold fission webrender,,77,ms,firefox,,1773685297,2023-10-15 06:24:19,1316977,,,,,,,,,,,,,,,,,,,,,,,,,,,,,,,,,,,,,,,,,,,,,,,,,TN
1047,91657cb1296c904004ace38877b9ca91f502be3f,0.1305865921787709,autoland,4060709,13,fd0dfc9511c4c123e048823de9954312c2b907c1,linux1804-64-shippable-qr,True,False,,|c|o|l|d| |f|i|s|s|i|o|n| |i|n|t|e|r|a|c|t|i|v|e| |w|e|b|r|e|n|d|e|r|,102210fe594ee9b33d82058545b1ed14f4c8206e,fcp,reddit-billgates-post-1.billg,True,reddit-billgates-post-1.billg fcp opt cold fission webrender,,77,ms,firefox,,1773749503,2023-10-15 10:45:53,1317007,,,,,,,,,,,,,,,,,,,,,,,,,,,,,,,,,,,,,,,,,,,,,,,,,TN
1048,aba20bc488e22880b8ef5a89916ecabb51cee798,0.11126629422718814,autoland,4060709,13,fd0dfc9511c4c123e048823de9954312c2b907c1,linux1804-64-shippable-qr,True,False,,|c|o|l|d| |f|i|s|s|i|o|n| |i|n|t|e|r|a|c|t|i|v|e| |w|e|b|r|e|n|d|e|r|,102210fe594ee9b33d82058545b1ed14f4c8206e,fcp,reddit-billgates-post-1.billg,True,reddit-billgates-post-1.billg fcp opt cold fission webrender,,77,ms,firefox,,1773798357,2023-10-15 15:32:44,1317021,,,,,,,,,,,,,,,,,,,,,,,,,,,,,,,,,,,,,,,,,,,,,,,,,TN
1049,f3de6f924333ec7c359d81d9fb16a9fca07ee42e,0.14408752327746743,autoland,4060709,13,fd0dfc9511c4c123e048823de9954312c2b907c1,linux1804-64-shippable-qr,True,False,,|c|o|l|d| |f|i|s|s|i|o|n| |i|n|t|e|r|a|c|t|i|v|e| |w|e|b|r|e|n|d|e|r|,102210fe594ee9b33d82058545b1ed14f4c8206e,fcp,reddit-billgates-post-1.billg,True,reddit-billgates-post-1.billg fcp opt cold fission webrender,,77,ms,firefox,,1773907356,2023-10-16 01:55:37,1317071,,,,,,,,,,,,,,,,,,,,,,,,,,,,,,,,,,,,,,,,,,,,,,,,,TN
1050,e891ad8158b3106dceb2199ed2c74c0c2f05fa88,0.13966480446927376,autoland,4060709,13,fd0dfc9511c4c123e048823de9954312c2b907c1,linux1804-64-shippable-qr,True,False,,|c|o|l|d| |f|i|s|s|i|o|n| |i|n|t|e|r|a|c|t|i|v|e| |w|e|b|r|e|n|d|e|r|,102210fe594ee9b33d82058545b1ed14f4c8206e,fcp,reddit-billgates-post-1.billg,True,reddit-billgates-post-1.billg fcp opt cold fission webrender,,77,ms,firefox,,1773959793,2023-10-16 05:57:00,1317093,,,,,,,,,,,,,,,,,,,,,,,,,,,,,,,,,,,,,,,,,,,,,,,,,TN
1051,56bf1b814b61d03feb5af78e0597df5e42a3d9b1,0.11289571694599632,autoland,4060709,13,fd0dfc9511c4c123e048823de9954312c2b907c1,linux1804-64-shippable-qr,True,False,,|c|o|l|d| |f|i|s|s|i|o|n| |i|n|t|e|r|a|c|t|i|v|e| |w|e|b|r|e|n|d|e|r|,102210fe594ee9b33d82058545b1ed14f4c8206e,fcp,reddit-billgates-post-1.billg,True,reddit-billgates-post-1.billg fcp opt cold fission webrender,,77,ms,firefox,,1774716411,2023-10-16 08:23:09,1317139,,,,,,,,,,,,,,,,,,,,,,,,,,,,,,,,,,,,,,,,,,,,,,,,,TN
1052,fd6b422ae3e6288547b10ebdb73868dbf8146f3c,0.1339618249534451,autoland,4060709,13,fd0dfc9511c4c123e048823de9954312c2b907c1,linux1804-64-shippable-qr,True,False,,|c|o|l|d| |f|i|s|s|i|o|n| |i|n|t|e|r|a|c|t|i|v|e| |w|e|b|r|e|n|d|e|r|,102210fe594ee9b33d82058545b1ed14f4c8206e,fcp,reddit-billgates-post-1.billg,True,reddit-billgates-post-1.billg fcp opt cold fission webrender,,77,ms,firefox,,1774667222,2023-10-16 08:56:06,1317154,,,,,,,,,,,,,,,,,,,,,,,,,,,,,,,,,,,,,,,,,,,,,,,,,TN
1053,0ae489476d37cd7110a2ac3774b5cbcb97accfad,0.1485102420856611,autoland,4060709,13,fd0dfc9511c4c123e048823de9954312c2b907c1,linux1804-64-shippable-qr,True,False,,|c|o|l|d| |f|i|s|s|i|o|n| |i|n|t|e|r|a|c|t|i|v|e| |w|e|b|r|e|n|d|e|r|,102210fe594ee9b33d82058545b1ed14f4c8206e,fcp,reddit-billgates-post-1.billg,True,reddit-billgates-post-1.billg fcp opt cold fission webrender,,77,ms,firefox,,1774686649,2023-10-16 08:59:07,1317156,,,,,,,,,,,,,,,,,,,,,,,,,,,,,,,,,,,,,,,,,,,,,,,,,TN
1054,e009aa26b6f79e7e5af18000b983f6decaa90eed,0.13012104283054005,autoland,4060709,13,fd0dfc9511c4c123e048823de9954312c2b907c1,linux1804-64-shippable-qr,True,False,,|c|o|l|d| |f|i|s|s|i|o|n| |i|n|t|e|r|a|c|t|i|v|e| |w|e|b|r|e|n|d|e|r|,102210fe594ee9b33d82058545b1ed14f4c8206e,fcp,reddit-billgates-post-1.billg,True,reddit-billgates-post-1.billg fcp opt cold fission webrender,,77,ms,firefox,,1774095423,2023-10-16 10:06:37,1317197,,,,,,,,,,,,,,,,,,,,,,,,,,,,,,,,,,,,,,,,,,,,,,,,,TN
1055,8cb2f63a1e705ad6bf77a8f6dcb151aa3b67d2e6,0.10405027932960886,autoland,4060709,13,fd0dfc9511c4c123e048823de9954312c2b907c1,linux1804-64-shippable-qr,True,False,,|c|o|l|d| |f|i|s|s|i|o|n| |i|n|t|e|r|a|c|t|i|v|e| |w|e|b|r|e|n|d|e|r|,102210fe594ee9b33d82058545b1ed14f4c8206e,fcp,reddit-billgates-post-1.billg,True,reddit-billgates-post-1.billg fcp opt cold fission webrender,,77,ms,firefox,,1774143503,2023-10-16 11:25:28,1317241,,,,,,,,,,,,,,,,,,,,,,,,,,,,,,,,,,,,,,,,,,,,,,,,,TN
1056,e0dd0b10e8fd0ea751f11fb0a6548ad9b6780e16,0.13198324022346364,autoland,4060709,13,fd0dfc9511c4c123e048823de9954312c2b907c1,linux1804-64-shippable-qr,True,False,,|c|o|l|d| |f|i|s|s|i|o|n| |i|n|t|e|r|a|c|t|i|v|e| |w|e|b|r|e|n|d|e|r|,102210fe594ee9b33d82058545b1ed14f4c8206e,fcp,reddit-billgates-post-1.billg,True,reddit-billgates-post-1.billg fcp opt cold fission webrender,,77,ms,firefox,,1774275137,2023-10-16 15:34:18,1317419,,,,,,,,,,,,,,,,,,,,,,,,,,,,,,,,,,,,,,,,,,,,,,,,,TN
1057,36e5163d2528daaa5669d0f9284470b070c8882e,0.1259310986964618,autoland,4060709,13,fd0dfc9511c4c123e048823de9954312c2b907c1,linux1804-64-shippable-qr,True,False,,|c|o|l|d| |f|i|s|s|i|o|n| |i|n|t|e|r|a|c|t|i|v|e| |w|e|b|r|e|n|d|e|r|,102210fe594ee9b33d82058545b1ed14f4c8206e,fcp,reddit-billgates-post-1.billg,True,reddit-billgates-post-1.billg fcp opt cold fission webrender,,77,ms,firefox,,1774392990,2023-10-16 19:06:00,1317546,,,,,,,,,,,,,,,,,,,,,,,,,,,,,,,,,,,,,,,,,,,,,,,,,TN
1058,aeef1b6cce72a720b2929b2f6c4de35348378a73,0.13710428305400368,autoland,4060709,13,fd0dfc9511c4c123e048823de9954312c2b907c1,linux1804-64-shippable-qr,True,False,,|c|o|l|d| |f|i|s|s|i|o|n| |i|n|t|e|r|a|c|t|i|v|e| |w|e|b|r|e|n|d|e|r|,102210fe594ee9b33d82058545b1ed14f4c8206e,fcp,reddit-billgates-post-1.billg,True,reddit-billgates-post-1.billg fcp opt cold fission webrender,,77,ms,firefox,,1774706375,2023-10-16 22:21:52,1317658,,,,,,,,,,,,,,,,,,,,,,,,,,,,,,,,,,,,,,,,,,,,,,,,,TN
1059,0c243e4e632e879acf3987d71245084b00de62fb,0.14059590316573556,autoland,4060709,13,fd0dfc9511c4c123e048823de9954312c2b907c1,linux1804-64-shippable-qr,True,False,,|c|o|l|d| |f|i|s|s|i|o|n| |i|n|t|e|r|a|c|t|i|v|e| |w|e|b|r|e|n|d|e|r|,102210fe594ee9b33d82058545b1ed14f4c8206e,fcp,reddit-billgates-post-1.billg,True,reddit-billgates-post-1.billg fcp opt cold fission webrender,,77,ms,firefox,,1774726666,2023-10-16 22:29:18,1317664,,,,,,,,,,,,,,,,,,,,,,,,,,,,,,,,,,,,,,,,,,,,,,,,,TN
1060,e4bf7b3e037323072304a1b1327df57c4a54b560,0.1222067039106145,autoland,4060709,13,fd0dfc9511c4c123e048823de9954312c2b907c1,linux1804-64-shippable-qr,True,False,,|c|o|l|d| |f|i|s|s|i|o|n| |i|n|t|e|r|a|c|t|i|v|e| |w|e|b|r|e|n|d|e|r|,102210fe594ee9b33d82058545b1ed14f4c8206e,fcp,reddit-billgates-post-1.billg,True,reddit-billgates-post-1.billg fcp opt cold fission webrender,,77,ms,firefox,,1774560466,2023-10-17 00:17:31,1317700,,,,,,,,,,,,,,,,,,,,,,,,,,,,,,,,,,,,,,,,,,,,,,,,,TN
1061,896b283a3e7185d805f59d4dcb3d6bb89e9e62d8,0.12453445065176905,autoland,4060709,13,fd0dfc9511c4c123e048823de9954312c2b907c1,linux1804-64-shippable-qr,True,False,,|c|o|l|d| |f|i|s|s|i|o|n| |i|n|t|e|r|a|c|t|i|v|e| |w|e|b|r|e|n|d|e|r|,102210fe594ee9b33d82058545b1ed14f4c8206e,fcp,reddit-billgates-post-1.billg,True,reddit-billgates-post-1.billg fcp opt cold fission webrender,,77,ms,firefox,,1774743330,2023-10-17 05:18:57,1317768,,,,,,,,,,,,,,,,,,,,,,,,,,,,,,,,,,,,,,,,,,,,,,,,,TN
1062,ca60a5861d4a8bd5de1c8e5a9f76c9e35767c38c,0.12709497206703912,autoland,4060709,13,fd0dfc9511c4c123e048823de9954312c2b907c1,linux1804-64-shippable-qr,True,False,,|c|o|l|d| |f|i|s|s|i|o|n| |i|n|t|e|r|a|c|t|i|v|e| |w|e|b|r|e|n|d|e|r|,102210fe594ee9b33d82058545b1ed14f4c8206e,fcp,reddit-billgates-post-1.billg,True,reddit-billgates-post-1.billg fcp opt cold fission webrender,,77,ms,firefox,,1774757772,2023-10-17 06:01:55,1317782,,,,,,,,,,,,,,,,,,,,,,,,,,,,,,,,,,,,,,,,,,,,,,,,,TN
1063,d59eb47c0fe47f9dd6886090330bcd49c47262ce,0.13966480446927376,autoland,4060709,13,fd0dfc9511c4c123e048823de9954312c2b907c1,linux1804-64-shippable-qr,True,False,,|c|o|l|d| |f|i|s|s|i|o|n| |i|n|t|e|r|a|c|t|i|v|e| |w|e|b|r|e|n|d|e|r|,102210fe594ee9b33d82058545b1ed14f4c8206e,fcp,reddit-billgates-post-1.billg,True,reddit-billgates-post-1.billg fcp opt cold fission webrender,,77,ms,firefox,,1774865984,2023-10-17 10:34:28,1317920,,,,,,,,,,,,,,,,,,,,,,,,,,,,,,,,,,,,,,,,,,,,,,,,,TN
1064,9b7c81791d7f619271724e082934a933604e20da,0.138268156424581,autoland,4060709,13,fd0dfc9511c4c123e048823de9954312c2b907c1,linux1804-64-shippable-qr,True,False,,|c|o|l|d| |f|i|s|s|i|o|n| |i|n|t|e|r|a|c|t|i|v|e| |w|e|b|r|e|n|d|e|r|,102210fe594ee9b33d82058545b1ed14f4c8206e,fcp,reddit-billgates-post-1.billg,True,reddit-billgates-post-1.billg fcp opt cold fission webrender,,77,ms,firefox,,1774977967,2023-10-17 13:02:41,1318010,,,,,,,,,,,,,,,,,,,,,,,,,,,,,,,,,,,,,,,,,,,,,,,,,TN
1065,4df3ab50f61692827e109b3ba0bc095436aefc36,0.1634078212290503,autoland,4060709,13,fd0dfc9511c4c123e048823de9954312c2b907c1,linux1804-64-shippable-qr,True,False,,|c|o|l|d| |f|i|s|s|i|o|n| |i|n|t|e|r|a|c|t|i|v|e| |w|e|b|r|e|n|d|e|r|,102210fe594ee9b33d82058545b1ed14f4c8206e,fcp,reddit-billgates-post-1.billg,True,reddit-billgates-post-1.billg fcp opt cold fission webrender,,77,ms,firefox,,1775588723,2023-10-17 14:44:37,1318087,,,,,,,,,,,,,,,,,,,,,,,,,,,,,,,,,,,,,,,,,,,,,,,,,TN
1066,d08a4dbb9e1717c5718d158d2ccfbb8bd38ef48d,0.12825884543761634,autoland,4060709,13,fd0dfc9511c4c123e048823de9954312c2b907c1,linux1804-64-shippable-qr,True,False,,|c|o|l|d| |f|i|s|s|i|o|n| |i|n|t|e|r|a|c|t|i|v|e| |w|e|b|r|e|n|d|e|r|,102210fe594ee9b33d82058545b1ed14f4c8206e,fcp,reddit-billgates-post-1.billg,True,reddit-billgates-post-1.billg fcp opt cold fission webrender,,77,ms,firefox,,1775631250,2023-10-17 14:48:54,1318094,,,,,,,,,,,,,,,,,,,,,,,,,,,,,,,,,,,,,,,,,,,,,,,,,TN
1067,684641630402200d14bf5126668b97a4f280fe59,0.12104283054003728,autoland,4060709,13,fd0dfc9511c4c123e048823de9954312c2b907c1,linux1804-64-shippable-qr,True,False,,|c|o|l|d| |f|i|s|s|i|o|n| |i|n|t|e|r|a|c|t|i|v|e| |w|e|b|r|e|n|d|e|r|,102210fe594ee9b33d82058545b1ed14f4c8206e,fcp,reddit-billgates-post-1.billg,True,reddit-billgates-post-1.billg fcp opt cold fission webrender,,77,ms,firefox,,1775185730,2023-10-17 16:53:16,1318176,,,,,,,,,,,,,,,,,,,,,,,,,,,,,,,,,,,,,,,,,,,,,,,,,TN
1068,421ffc7aa24ace087dc2a09680943f412adc38ff,0.14920856610800748,autoland,4060709,13,fd0dfc9511c4c123e048823de9954312c2b907c1,linux1804-64-shippable-qr,True,False,,|c|o|l|d| |f|i|s|s|i|o|n| |i|n|t|e|r|a|c|t|i|v|e| |w|e|b|r|e|n|d|e|r|,102210fe594ee9b33d82058545b1ed14f4c8206e,fcp,reddit-billgates-post-1.billg,True,reddit-billgates-post-1.billg fcp opt cold fission webrender,,77,ms,firefox,,1775355054,2023-10-17 21:03:18,1318349,,,,,,,,,,,,,,,,,,,,,,,,,,,,,,,,,,,,,,,,,,,,,,,,,TN
1069,4091bed4a0aae7772537e08e6cb49bf0bc7434c9,0.13454376163873372,autoland,4060709,13,fd0dfc9511c4c123e048823de9954312c2b907c1,linux1804-64-shippable-qr,True,False,,|c|o|l|d| |f|i|s|s|i|o|n| |i|n|t|e|r|a|c|t|i|v|e| |w|e|b|r|e|n|d|e|r|,102210fe594ee9b33d82058545b1ed14f4c8206e,fcp,reddit-billgates-post-1.billg,True,reddit-billgates-post-1.billg fcp opt cold fission webrender,,77,ms,firefox,,1775372201,2023-10-17 21:04:13,1318350,,,,,,,,,,,,,,,,,,,,,,,,,,,,,,,,,,,,,,,,,,,,,,,,,TN
1070,ba691c21c968a48e1bd212426fcc20fa5f4c276d,0.14362197392923648,autoland,4060709,13,fd0dfc9511c4c123e048823de9954312c2b907c1,linux1804-64-shippable-qr,True,False,,|c|o|l|d| |f|i|s|s|i|o|n| |i|n|t|e|r|a|c|t|i|v|e| |w|e|b|r|e|n|d|e|r|,102210fe594ee9b33d82058545b1ed14f4c8206e,fcp,reddit-billgates-post-1.billg,True,reddit-billgates-post-1.billg fcp opt cold fission webrender,,77,ms,firefox,,1775562009,2023-10-18 01:40:11,1318466,,,,,,,,,,,,,,,,,,,,,,,,,,,,,,,,,,,,,,,,,,,,,,,,,TN
1071,47d77a0e86e138652fedb38962b9709f9c0fb98d,0.1333798882681565,autoland,4060709,13,fd0dfc9511c4c123e048823de9954312c2b907c1,linux1804-64-shippable-qr,True,False,,|c|o|l|d| |f|i|s|s|i|o|n| |i|n|t|e|r|a|c|t|i|v|e| |w|e|b|r|e|n|d|e|r|,102210fe594ee9b33d82058545b1ed14f4c8206e,fcp,reddit-billgates-post-1.billg,True,reddit-billgates-post-1.billg fcp opt cold fission webrender,,77,ms,firefox,,1775675250,2023-10-18 07:31:34,1318540,,,,,,,,,,,,,,,,,,,,,,,,,,,,,,,,,,,,,,,,,,,,,,,,,TN
1072,9e4f4dfc09522e65b6dfe0113cac8c8fba516089,0.14874301675977653,autoland,4060709,13,fd0dfc9511c4c123e048823de9954312c2b907c1,linux1804-64-shippable-qr,True,False,,|c|o|l|d| |f|i|s|s|i|o|n| |i|n|t|e|r|a|c|t|i|v|e| |w|e|b|r|e|n|d|e|r|,102210fe594ee9b33d82058545b1ed14f4c8206e,fcp,reddit-billgates-post-1.billg,True,reddit-billgates-post-1.billg fcp opt cold fission webrender,,77,ms,firefox,,1776624821,2023-10-18 07:54:20,1318546,,,,,,,,,,,,,,,,,,,,,,,,,,,,,,,,,,,,,,,,,,,,,,,,,TN
1073,ee3b3779af7fc81a53859fa92856ef9deae17a75,0.14408752327746743,autoland,4060709,13,fd0dfc9511c4c123e048823de9954312c2b907c1,linux1804-64-shippable-qr,True,False,,|c|o|l|d| |f|i|s|s|i|o|n| |i|n|t|e|r|a|c|t|i|v|e| |w|e|b|r|e|n|d|e|r|,102210fe594ee9b33d82058545b1ed14f4c8206e,fcp,reddit-billgates-post-1.billg,True,reddit-billgates-post-1.billg fcp opt cold fission webrender,,77,ms,firefox,,1776643083,2023-10-18 08:00:45,1318549,,,,,,,,,,,,,,,,,,,,,,,,,,,,,,,,,,,,,,,,,,,,,,,,,TN
1074,639c0da2250e38bb3102b66c6105aaf808e2a817,0.0577281191806332,autoland,4060709,13,fd0dfc9511c4c123e048823de9954312c2b907c1,linux1804-64-shippable-qr,True,False,,|c|o|l|d| |f|i|s|s|i|o|n| |i|n|t|e|r|a|c|t|i|v|e| |w|e|b|r|e|n|d|e|r|,102210fe594ee9b33d82058545b1ed14f4c8206e,fcp,reddit-billgates-post-1.billg,True,reddit-billgates-post-1.billg fcp opt cold fission webrender,,77,ms,firefox,,1775893090,2023-10-18 11:51:04,1318689,,,,,,,,,,,,,,,,,,,,,,,,,,,,,,,,,,,,,,,,,,,,,,,,,TN
1075,023ae54874d34eb300cdfa9630da4455cb406ad3,0.16527001862197388,autoland,4060709,13,fd0dfc9511c4c123e048823de9954312c2b907c1,linux1804-64-shippable-qr,True,False,,|c|o|l|d| |f|i|s|s|i|o|n| |i|n|t|e|r|a|c|t|i|v|e| |w|e|b|r|e|n|d|e|r|,102210fe594ee9b33d82058545b1ed14f4c8206e,fcp,reddit-billgates-post-1.billg,True,reddit-billgates-post-1.billg fcp opt cold fission webrender,,77,ms,firefox,,1776083721,2023-10-18 16:05:19,1318932,,,,,,,,,,,,,,,,,,,,,,,,,,,,,,,,,,,,,,,,,,,,,,,,,TN
1076,361e571454e94ba0cfa1a86d2a7f63a24455581c,0.10265363128491617,autoland,4060709,13,fd0dfc9511c4c123e048823de9954312c2b907c1,linux1804-64-shippable-qr,True,False,,|c|o|l|d| |f|i|s|s|i|o|n| |i|n|t|e|r|a|c|t|i|v|e| |w|e|b|r|e|n|d|e|r|,102210fe594ee9b33d82058545b1ed14f4c8206e,fcp,reddit-billgates-post-1.billg,True,reddit-billgates-post-1.billg fcp opt cold fission webrender,,77,ms,firefox,,1776157041,2023-10-18 16:32:33,1318947,,,,,,,,,,,,,,,,,,,,,,,,,,,,,,,,,,,,,,,,,,,,,,,,,TN
1077,77f05957a4fc15dc053469145b93089adfec3484,0.15060521415270012,autoland,4060709,13,fd0dfc9511c4c123e048823de9954312c2b907c1,linux1804-64-shippable-qr,True,False,,|c|o|l|d| |f|i|s|s|i|o|n| |i|n|t|e|r|a|c|t|i|v|e| |w|e|b|r|e|n|d|e|r|,102210fe594ee9b33d82058545b1ed14f4c8206e,fcp,reddit-billgates-post-1.billg,True,reddit-billgates-post-1.billg fcp opt cold fission webrender,,77,ms,firefox,,1776349700,2023-10-18 20:42:45,1319167,,,,,,,,,,,,,,,,,,,,,,,,,,,,,,,,,,,,,,,,,,,,,,,,,TN
1078,e059b0995a2a62238ca266c3ed9955434ac43517,0.14129422718808193,autoland,4060709,13,fd0dfc9511c4c123e048823de9954312c2b907c1,linux1804-64-shippable-qr,True,False,,|c|o|l|d| |f|i|s|s|i|o|n| |i|n|t|e|r|a|c|t|i|v|e| |w|e|b|r|e|n|d|e|r|,102210fe594ee9b33d82058545b1ed14f4c8206e,fcp,reddit-billgates-post-1.billg,True,reddit-billgates-post-1.billg fcp opt cold fission webrender,,77,ms,firefox,,1776320064,2023-10-18 20:46:18,1319169,,,,,,,,,,,,,,,,,,,,,,,,,,,,,,,,,,,,,,,,,,,,,,,,,TN
1079,beb80bb8c90921077e9c1130ad5a8e925dc060b7,0.15549348230912474,autoland,4060709,13,fd0dfc9511c4c123e048823de9954312c2b907c1,linux1804-64-shippable-qr,True,False,,|c|o|l|d| |f|i|s|s|i|o|n| |i|n|t|e|r|a|c|t|i|v|e| |w|e|b|r|e|n|d|e|r|,102210fe594ee9b33d82058545b1ed14f4c8206e,fcp,reddit-billgates-post-1.billg,True,reddit-billgates-post-1.billg fcp opt cold fission webrender,,77,ms,firefox,,1776417522,2023-10-18 23:25:14,1319276,,,,,,,,,,,,,,,,,,,,,,,,,,,,,,,,,,,,,,,,,,,,,,,,,TN
1080,53cee944c60ac3c237a9aa2dacd19aa6bde80c2a,0.12476722532588458,autoland,4060709,13,fd0dfc9511c4c123e048823de9954312c2b907c1,linux1804-64-shippable-qr,True,False,,|c|o|l|d| |f|i|s|s|i|o|n| |i|n|t|e|r|a|c|t|i|v|e| |w|e|b|r|e|n|d|e|r|,102210fe594ee9b33d82058545b1ed14f4c8206e,fcp,reddit-billgates-post-1.billg,True,reddit-billgates-post-1.billg fcp opt cold fission webrender,,77,ms,firefox,,1776583198,2023-10-19 04:23:12,1319373,,,,,,,,,,,,,,,,,,,,,,,,,,,,,,,,,,,,,,,,,,,,,,,,,TN
1081,a9a0ca5dc9605973d81ded607dfccd4d0a08dc68,0.12569832402234637,autoland,4060709,13,fd0dfc9511c4c123e048823de9954312c2b907c1,linux1804-64-shippable-qr,True,False,,|c|o|l|d| |f|i|s|s|i|o|n| |i|n|t|e|r|a|c|t|i|v|e| |w|e|b|r|e|n|d|e|r|,102210fe594ee9b33d82058545b1ed14f4c8206e,fcp,reddit-billgates-post-1.billg,True,reddit-billgates-post-1.billg fcp opt cold fission webrender,,77,ms,firefox,,1776747202,2023-10-19 08:39:29,1319455,,,,,,,,,,,,,,,,,,,,,,,,,,,,,,,,,,,,,,,,,,,,,,,,,TN
1082,2981b7bbee06c518301e1542545e92b6d80a8d0b,0.10288640595903165,autoland,4060709,13,fd0dfc9511c4c123e048823de9954312c2b907c1,linux1804-64-shippable-qr,True,False,,|c|o|l|d| |f|i|s|s|i|o|n| |i|n|t|e|r|a|c|t|i|v|e| |w|e|b|r|e|n|d|e|r|,102210fe594ee9b33d82058545b1ed14f4c8206e,fcp,reddit-billgates-post-1.billg,True,reddit-billgates-post-1.billg fcp opt cold fission webrender,,77,ms,firefox,,1776889063,2023-10-19 12:43:18,1319613,,,,,,,,,,,,,,,,,,,,,,,,,,,,,,,,,,,,,,,,,,,,,,,,,TN
1083,8be39770f68cb52d1a2b14bdf31a34f5e54212e8,0.1466480446927374,autoland,4060709,13,fd0dfc9511c4c123e048823de9954312c2b907c1,linux1804-64-shippable-qr,True,False,,|c|o|l|d| |f|i|s|s|i|o|n| |i|n|t|e|r|a|c|t|i|v|e| |w|e|b|r|e|n|d|e|r|,102210fe594ee9b33d82058545b1ed14f4c8206e,fcp,reddit-billgates-post-1.billg,True,reddit-billgates-post-1.billg fcp opt cold fission webrender,,77,ms,firefox,,1776860685,2023-10-19 12:48:25,1319617,,,,,,,,,,,,,,,,,,,,,,,,,,,,,,,,,,,,,,,,,,,,,,,,,TN
1084,fafeb43eefd13b4df24d6526d729b15fb42b7d27,0.10358472998137802,autoland,4060709,13,fd0dfc9511c4c123e048823de9954312c2b907c1,linux1804-64-shippable-qr,True,False,,|c|o|l|d| |f|i|s|s|i|o|n| |i|n|t|e|r|a|c|t|i|v|e| |w|e|b|r|e|n|d|e|r|,102210fe594ee9b33d82058545b1ed14f4c8206e,fcp,reddit-billgates-post-1.billg,True,reddit-billgates-post-1.billg fcp opt cold fission webrender,,77,ms,firefox,,1776958424,2023-10-19 17:06:19,1319833,,,,,,,,,,,,,,,,,,,,,,,,,,,,,,,,,,,,,,,,,,,,,,,,,TN
1085,6ae72d4d62c421303fd85fb0939f9baaa5594d83,0.1410614525139665,autoland,4060709,13,fd0dfc9511c4c123e048823de9954312c2b907c1,linux1804-64-shippable-qr,True,False,,|c|o|l|d| |f|i|s|s|i|o|n| |i|n|t|e|r|a|c|t|i|v|e| |w|e|b|r|e|n|d|e|r|,102210fe594ee9b33d82058545b1ed14f4c8206e,fcp,reddit-billgates-post-1.billg,True,reddit-billgates-post-1.billg fcp opt cold fission webrender,,77,ms,firefox,,1777223542,2023-10-19 20:56:13,1319988,,,,,,,,,,,,,,,,,,,,,,,,,,,,,,,,,,,,,,,,,,,,,,,,,TN
1086,b61e815058043ef79ba03f013bdf41ef57651fa5,0.1296554934823091,autoland,4060709,13,fd0dfc9511c4c123e048823de9954312c2b907c1,linux1804-64-shippable-qr,True,False,,|c|o|l|d| |f|i|s|s|i|o|n| |i|n|t|e|r|a|c|t|i|v|e| |w|e|b|r|e|n|d|e|r|,102210fe594ee9b33d82058545b1ed14f4c8206e,fcp,reddit-billgates-post-1.billg,True,reddit-billgates-post-1.billg fcp opt cold fission webrender,,77,ms,firefox,,1777217973,2023-10-19 20:58:51,1320000,,,,,,,,,,,,,,,,,,,,,,,,,,,,,,,,,,,,,,,,,,,,,,,,,TN
1087,b557109f1b5dd0a5c7be013c630945f886e17708,0.1513035381750466,autoland,4060709,13,fd0dfc9511c4c123e048823de9954312c2b907c1,linux1804-64-shippable-qr,True,False,,|c|o|l|d| |f|i|s|s|i|o|n| |i|n|t|e|r|a|c|t|i|v|e| |w|e|b|r|e|n|d|e|r|,102210fe594ee9b33d82058545b1ed14f4c8206e,fcp,reddit-billgates-post-1.billg,True,reddit-billgates-post-1.billg fcp opt cold fission webrender,,77,ms,firefox,,1777066463,2023-10-19 22:45:17,1320076,,,,,,,,,,,,,,,,,,,,,,,,,,,,,,,,,,,,,,,,,,,,,,,,,TN
1088,0546c85daa8d8b6f7a8c5a842fdf1a990215e249,0.15363128491620115,autoland,4060709,13,fd0dfc9511c4c123e048823de9954312c2b907c1,linux1804-64-shippable-qr,True,False,,|c|o|l|d| |f|i|s|s|i|o|n| |i|n|t|e|r|a|c|t|i|v|e| |w|e|b|r|e|n|d|e|r|,102210fe594ee9b33d82058545b1ed14f4c8206e,fcp,reddit-billgates-post-1.billg,True,reddit-billgates-post-1.billg fcp opt cold fission webrender,,77,ms,firefox,,1777109019,2023-10-19 22:59:16,1320081,,,,,,,,,,,,,,,,,,,,,,,,,,,,,,,,,,,,,,,,,,,,,,,,,TN
1089,dc0d913ecc2486cafc7a005d2fe6705f2c7da222,0.13850093109869643,autoland,4060709,13,fd0dfc9511c4c123e048823de9954312c2b907c1,linux1804-64-shippable-qr,True,False,,|c|o|l|d| |f|i|s|s|i|o|n| |i|n|t|e|r|a|c|t|i|v|e| |w|e|b|r|e|n|d|e|r|,102210fe594ee9b33d82058545b1ed14f4c8206e,fcp,reddit-billgates-post-1.billg,True,reddit-billgates-post-1.billg fcp opt cold fission webrender,,77,ms,firefox,,1777212656,2023-10-20 03:32:37,1320137,,,,,,,,,,,,,,,,,,,,,,,,,,,,,,,,,,,,,,,,,,,,,,,,,TN
1090,5ebf0b67d0519897b95e84598900434fe92b7abb,0.20228119180633142,autoland,4060709,13,fd0dfc9511c4c123e048823de9954312c2b907c1,linux1804-64-shippable-qr,True,False,,|c|o|l|d| |f|i|s|s|i|o|n| |i|n|t|e|r|a|c|t|i|v|e| |w|e|b|r|e|n|d|e|r|,102210fe594ee9b33d82058545b1ed14f4c8206e,fcp,reddit-billgates-post-1.billg,True,reddit-billgates-post-1.billg fcp opt cold fission webrender,,77,ms,firefox,,1777355429,2023-10-20 09:14:56,1320186,,,,,,,,,,,,,,,,,,,,,,,,,,,,,,,,,,,,,,,,,,,,,,,,,TN
1091,dfa7f17930eb1b48ff7435494924a0711114e40a,0.15549348230912474,autoland,4060709,13,fd0dfc9511c4c123e048823de9954312c2b907c1,linux1804-64-shippable-qr,True,False,,|c|o|l|d| |f|i|s|s|i|o|n| |i|n|t|e|r|a|c|t|i|v|e| |w|e|b|r|e|n|d|e|r|,102210fe594ee9b33d82058545b1ed14f4c8206e,fcp,reddit-billgates-post-1.billg,True,reddit-billgates-post-1.billg fcp opt cold fission webrender,,77,ms,firefox,,1777462665,2023-10-20 14:06:35,1320283,,,,,,,,,,,,,,,,,,,,,,,,,,,,,,,,,,,,,,,,,,,,,,,,,TN
1092,8f4fc4b6cc05c16482986671d19d546faf6cb212,0.12174115456238366,autoland,4060709,13,fd0dfc9511c4c123e048823de9954312c2b907c1,linux1804-64-shippable-qr,True,False,,|c|o|l|d| |f|i|s|s|i|o|n| |i|n|t|e|r|a|c|t|i|v|e| |w|e|b|r|e|n|d|e|r|,102210fe594ee9b33d82058545b1ed14f4c8206e,fcp,reddit-billgates-post-1.billg,True,reddit-billgates-post-1.billg fcp opt cold fission webrender,,77,ms,firefox,,1777443929,2023-10-20 15:24:34,1320314,,,,,,,,,,,,,,,,,,,,,,,,,,,,,,,,,,,,,,,,,,,,,,,,,TN
1093,f4da998c2ad5be8d29b4e2523b56d9d5e2a58984,0.12430167597765363,autoland,4060709,13,fd0dfc9511c4c123e048823de9954312c2b907c1,linux1804-64-shippable-qr,True,False,,|c|o|l|d| |f|i|s|s|i|o|n| |i|n|t|e|r|a|c|t|i|v|e| |w|e|b|r|e|n|d|e|r|,102210fe594ee9b33d82058545b1ed14f4c8206e,fcp,reddit-billgates-post-1.billg,True,reddit-billgates-post-1.billg fcp opt cold fission webrender,,77,ms,firefox,,1777536341,2023-10-20 21:24:05,1320380,,,,,,,,,,,,,,,,,,,,,,,,,,,,,,,,,,,,,,,,,,,,,,,,,TN
1094,4124eee4f58ca46e13cb937c757a2fe1875120f0,0.13663873370577273,autoland,4060709,13,fd0dfc9511c4c123e048823de9954312c2b907c1,linux1804-64-shippable-qr,True,False,,|c|o|l|d| |f|i|s|s|i|o|n| |i|n|t|e|r|a|c|t|i|v|e| |w|e|b|r|e|n|d|e|r|,102210fe594ee9b33d82058545b1ed14f4c8206e,fcp,reddit-billgates-post-1.billg,True,reddit-billgates-post-1.billg fcp opt cold fission webrender,,77,ms,firefox,,1777668287,2023-10-21 14:30:38,1320453,,,,,,,,,,,,,,,,,,,,,,,,,,,,,,,,,,,,,,,,,,,,,,,,,TN
1095,529ec79bcdfd6a273fe6607c2a34bcc93c009ec5,0.1720204841713222,autoland,4060709,13,fd0dfc9511c4c123e048823de9954312c2b907c1,linux1804-64-shippable-qr,True,False,,|c|o|l|d| |f|i|s|s|i|o|n| |i|n|t|e|r|a|c|t|i|v|e| |w|e|b|r|e|n|d|e|r|,102210fe594ee9b33d82058545b1ed14f4c8206e,fcp,reddit-billgates-post-1.billg,True,reddit-billgates-post-1.billg fcp opt cold fission webrender,,77,ms,firefox,,1777801293,2023-10-22 19:07:04,1320522,,,,,,,,,,,,,,,,,,,,,,,,,,,,,,,,,,,,,,,,,,,,,,,,,TN
1096,52f2e6e80f6f7d8ab6eaaa36c4aa47c5be27a7a1,0.1305865921787709,autoland,4060709,13,fd0dfc9511c4c123e048823de9954312c2b907c1,linux1804-64-shippable-qr,True,False,,|c|o|l|d| |f|i|s|s|i|o|n| |i|n|t|e|r|a|c|t|i|v|e| |w|e|b|r|e|n|d|e|r|,102210fe594ee9b33d82058545b1ed14f4c8206e,fcp,reddit-billgates-post-1.billg,True,reddit-billgates-post-1.billg fcp opt cold fission webrender,,77,ms,firefox,,1777913450,2023-10-22 21:46:31,1320539,,,,,,,,,,,,,,,,,,,,,,,,,,,,,,,,,,,,,,,,,,,,,,,,,TN
1097,f1426851ae3049d6f44ef0e9da7b601c73ea435a,0.11080074487895719,autoland,4060709,13,fd0dfc9511c4c123e048823de9954312c2b907c1,linux1804-64-shippable-qr,True,False,,|c|o|l|d| |f|i|s|s|i|o|n| |i|n|t|e|r|a|c|t|i|v|e| |w|e|b|r|e|n|d|e|r|,102210fe594ee9b33d82058545b1ed14f4c8206e,fcp,reddit-billgates-post-1.billg,True,reddit-billgates-post-1.billg fcp opt cold fission webrender,,77,ms,firefox,,1778820776,2023-10-23 09:45:25,1320692,,,,,,,,,,,,,,,,,,,,,,,,,,,,,,,,,,,,,,,,,,,,,,,,,TN
1098,3b1bb1524b9060ea54f96bef98b0c53eed1cb7e3,0.1550279329608938,autoland,4060709,13,fd0dfc9511c4c123e048823de9954312c2b907c1,linux1804-64-shippable-qr,True,False,,|c|o|l|d| |f|i|s|s|i|o|n| |i|n|t|e|r|a|c|t|i|v|e| |w|e|b|r|e|n|d|e|r|,102210fe594ee9b33d82058545b1ed14f4c8206e,fcp,reddit-billgates-post-1.billg,True,reddit-billgates-post-1.billg fcp opt cold fission webrender,,77,ms,firefox,,1778740215,2023-10-23 09:59:46,1320702,,,,,,,,,,,,,,,,,,,,,,,,,,,,,,,,,,,,,,,,,,,,,,,,,TN
1099,fe4e67ae521b5b29efef2be635e0085c2aad1448,0.14059590316573556,autoland,4060709,13,fd0dfc9511c4c123e048823de9954312c2b907c1,linux1804-64-shippable-qr,True,False,,|c|o|l|d| |f|i|s|s|i|o|n| |i|n|t|e|r|a|c|t|i|v|e| |w|e|b|r|e|n|d|e|r|,102210fe594ee9b33d82058545b1ed14f4c8206e,fcp,reddit-billgates-post-1.billg,True,reddit-billgates-post-1.billg fcp opt cold fission webrender,,77,ms,firefox,,1778924253,2023-10-23 10:46:08,1320734,,,,,,,,,,,,,,,,,,,,,,,,,,,,,,,,,,,,,,,,,,,,,,,,,TN
1100,acba8a75249bc2b26b143d4d2830575cf0d7bcc2,0.13384543761638734,autoland,4060709,13,fd0dfc9511c4c123e048823de9954312c2b907c1,linux1804-64-shippable-qr,True,False,,|c|o|l|d| |f|i|s|s|i|o|n| |i|n|t|e|r|a|c|t|i|v|e| |w|e|b|r|e|n|d|e|r|,102210fe594ee9b33d82058545b1ed14f4c8206e,fcp,reddit-billgates-post-1.billg,True,reddit-billgates-post-1.billg fcp opt cold fission webrender,,77,ms,firefox,,1778038276,2023-10-23 11:07:29,1320744,,,,,,,,,,,,,,,,,,,,,,,,,,,,,,,,,,,,,,,,,,,,,,,,,TN
1101,4c6d299e86ebe5d31f47c71505844335e119cf21,0.1389664804469274,autoland,4060709,13,fd0dfc9511c4c123e048823de9954312c2b907c1,linux1804-64-shippable-qr,True,False,,|c|o|l|d| |f|i|s|s|i|o|n| |i|n|t|e|r|a|c|t|i|v|e| |w|e|b|r|e|n|d|e|r|,102210fe594ee9b33d82058545b1ed14f4c8206e,fcp,reddit-billgates-post-1.billg,True,reddit-billgates-post-1.billg fcp opt cold fission webrender,,77,ms,firefox,,1778830895,2023-10-23 12:10:22,1320774,,,,,,,,,,,,,,,,,,,,,,,,,,,,,,,,,,,,,,,,,,,,,,,,,TN
1102,c858c7fc7c4b572acc8dfce2e3c4ff73fc2fa44f,0.1485102420856611,autoland,4060709,13,fd0dfc9511c4c123e048823de9954312c2b907c1,linux1804-64-shippable-qr,True,False,,|c|o|l|d| |f|i|s|s|i|o|n| |i|n|t|e|r|a|c|t|i|v|e| |w|e|b|r|e|n|d|e|r|,102210fe594ee9b33d82058545b1ed14f4c8206e,fcp,reddit-billgates-post-1.billg,True,reddit-billgates-post-1.billg fcp opt cold fission webrender,,77,ms,firefox,,1778857712,2023-10-23 12:15:00,1320776,,,,,,,,,,,,,,,,,,,,,,,,,,,,,,,,,,,,,,,,,,,,,,,,,TN
1103,818b5938920e6868a3f3b5a16b0c972bd8ec5cfc,0.1475791433891993,autoland,4060709,13,fd0dfc9511c4c123e048823de9954312c2b907c1,linux1804-64-shippable-qr,True,False,,|c|o|l|d| |f|i|s|s|i|o|n| |i|n|t|e|r|a|c|t|i|v|e| |w|e|b|r|e|n|d|e|r|,102210fe594ee9b33d82058545b1ed14f4c8206e,fcp,reddit-billgates-post-1.billg,True,reddit-billgates-post-1.billg fcp opt cold fission webrender,,77,ms,firefox,,1778146861,2023-10-23 12:26:53,1320781,,,,,,,,,,,,,,,,,,,,,,,,,,,,,,,,,,,,,,,,,,,,,,,,,TN
1104,82c0efe382655a52d0d24628862fa416c4f66c0a,0.1324487895716946,autoland,4060709,13,fd0dfc9511c4c123e048823de9954312c2b907c1,linux1804-64-shippable-qr,True,False,,|c|o|l|d| |f|i|s|s|i|o|n| |i|n|t|e|r|a|c|t|i|v|e| |w|e|b|r|e|n|d|e|r|,102210fe594ee9b33d82058545b1ed14f4c8206e,fcp,reddit-billgates-post-1.billg,True,reddit-billgates-post-1.billg fcp opt cold fission webrender,,77,ms,firefox,,1778876120,2023-10-23 13:41:17,1320840,,,,,,,,,,,,,,,,,,,,,,,,,,,,,,,,,,,,,,,,,,,,,,,,,TN
1105,02eefc6ff7a472c3443d7c9dce3479eb24a2c821,0.10451582867783982,autoland,4060709,13,fd0dfc9511c4c123e048823de9954312c2b907c1,linux1804-64-shippable-qr,True,False,,|c|o|l|d| |f|i|s|s|i|o|n| |i|n|t|e|r|a|c|t|i|v|e| |w|e|b|r|e|n|d|e|r|,102210fe594ee9b33d82058545b1ed14f4c8206e,fcp,reddit-billgates-post-1.billg,True,reddit-billgates-post-1.billg fcp opt cold fission webrender,,77,ms,firefox,,1778835971,2023-10-23 14:02:43,1320867,,,,,,,,,,,,,,,,,,,,,,,,,,,,,,,,,,,,,,,,,,,,,,,,,TN
1106,f222bdcd6517e233cb62a3164afd50fd17a55e62,0.14967411545623843,autoland,4060709,13,fd0dfc9511c4c123e048823de9954312c2b907c1,linux1804-64-shippable-qr,True,False,,|c|o|l|d| |f|i|s|s|i|o|n| |i|n|t|e|r|a|c|t|i|v|e| |w|e|b|r|e|n|d|e|r|,102210fe594ee9b33d82058545b1ed14f4c8206e,fcp,reddit-billgates-post-1.billg,True,reddit-billgates-post-1.billg fcp opt cold fission webrender,,77,ms,firefox,,1778506099,2023-10-23 15:48:05,1320978,,,,,,,,,,,,,,,,,,,,,,,,,,,,,,,,,,,,,,,,,,,,,,,,,TN
1107,00c1813123fd4ca7ec1446ebdabe2848814e550e,0.15060521415270012,autoland,4060709,13,fd0dfc9511c4c123e048823de9954312c2b907c1,linux1804-64-shippable-qr,True,False,,|c|o|l|d| |f|i|s|s|i|o|n| |i|n|t|e|r|a|c|t|i|v|e| |w|e|b|r|e|n|d|e|r|,102210fe594ee9b33d82058545b1ed14f4c8206e,fcp,reddit-billgates-post-1.billg,True,reddit-billgates-post-1.billg fcp opt cold fission webrender,,77,ms,firefox,,1778323516,2023-10-23 17:53:04,1321095,,,,,,,,,,,,,,,,,,,,,,,,,,,,,,,,,,,,,,,,,,,,,,,,,TN
1108,0fdbf0a455f26afa0a7a0390d6a380e318fce9d4,0.10824022346368711,autoland,4060709,13,fd0dfc9511c4c123e048823de9954312c2b907c1,linux1804-64-shippable-qr,True,False,,|c|o|l|d| |f|i|s|s|i|o|n| |i|n|t|e|r|a|c|t|i|v|e| |w|e|b|r|e|n|d|e|r|,102210fe594ee9b33d82058545b1ed14f4c8206e,fcp,reddit-billgates-post-1.billg,True,reddit-billgates-post-1.billg fcp opt cold fission webrender,,77,ms,firefox,,1778521272,2023-10-23 20:36:06,1321210,,,,,,,,,,,,,,,,,,,,,,,,,,,,,,,,,,,,,,,,,,,,,,,,,TN
1109,ed9d130c38a8858740845db8ec5c8bb7e68cce65,0.1624767225325885,autoland,4060709,13,fd0dfc9511c4c123e048823de9954312c2b907c1,linux1804-64-shippable-qr,True,False,,|c|o|l|d| |f|i|s|s|i|o|n| |i|n|t|e|r|a|c|t|i|v|e| |w|e|b|r|e|n|d|e|r|,102210fe594ee9b33d82058545b1ed14f4c8206e,fcp,reddit-billgates-post-1.billg,True,reddit-billgates-post-1.billg fcp opt cold fission webrender,,77,ms,firefox,,1778696715,2023-10-24 00:49:55,1321359,,,,,,,,,,,,,,,,,,,,,,,,,,,,,,,,,,,,,,,,,,,,,,,,,TN
1110,bcdbc81d4adffb0c3b1e04e1854e43cf49314d92,0.1315176908752328,autoland,4060709,13,fd0dfc9511c4c123e048823de9954312c2b907c1,linux1804-64-shippable-qr,True,False,,|c|o|l|d| |f|i|s|s|i|o|n| |i|n|t|e|r|a|c|t|i|v|e| |w|e|b|r|e|n|d|e|r|,102210fe594ee9b33d82058545b1ed14f4c8206e,fcp,reddit-billgates-post-1.billg,True,reddit-billgates-post-1.billg fcp opt cold fission webrender,,77,ms,firefox,,1778902536,2023-10-24 05:06:29,1321416,,,,,,,,,,,,,,,,,,,,,,,,,,,,,,,,,,,,,,,,,,,,,,,,,TN
1111,36a87a6432703a1f3a1f2a92756c90146a19e5f2,0.13314711359404097,autoland,4060709,13,fd0dfc9511c4c123e048823de9954312c2b907c1,linux1804-64-shippable-qr,True,False,,|c|o|l|d| |f|i|s|s|i|o|n| |i|n|t|e|r|a|c|t|i|v|e| |w|e|b|r|e|n|d|e|r|,102210fe594ee9b33d82058545b1ed14f4c8206e,fcp,reddit-billgates-post-1.billg,True,reddit-billgates-post-1.billg fcp opt cold fission webrender,,77,ms,firefox,,1778948488,2023-10-24 08:18:26,1321456,,,,,,,,,,,,,,,,,,,,,,,,,,,,,,,,,,,,,,,,,,,,,,,,,TN
1112,ea758c7008d76a67d75d4874bb1a1a00838f4128,0.12453445065176905,autoland,4060709,13,fd0dfc9511c4c123e048823de9954312c2b907c1,linux1804-64-shippable-qr,True,False,,|c|o|l|d| |f|i|s|s|i|o|n| |i|n|t|e|r|a|c|t|i|v|e| |w|e|b|r|e|n|d|e|r|,102210fe594ee9b33d82058545b1ed14f4c8206e,fcp,reddit-billgates-post-1.billg,True,reddit-billgates-post-1.billg fcp opt cold fission webrender,,77,ms,firefox,,1779073277,2023-10-24 12:23:09,1321565,,,,,,,,,,,,,,,,,,,,,,,,,,,,,,,,,,,,,,,,,,,,,,,,,TN
1113,0900a57bd906196091cc9315cc1480b9457b5089,0.11545623836126628,autoland,4060709,13,fd0dfc9511c4c123e048823de9954312c2b907c1,linux1804-64-shippable-qr,True,False,,|c|o|l|d| |f|i|s|s|i|o|n| |i|n|t|e|r|a|c|t|i|v|e| |w|e|b|r|e|n|d|e|r|,102210fe594ee9b33d82058545b1ed14f4c8206e,fcp,reddit-billgates-post-1.billg,True,reddit-billgates-post-1.billg fcp opt cold fission webrender,,77,ms,firefox,,1779705467,2023-10-24 13:05:55,1321592,,,,,,,,,,,,,,,,,,,,,,,,,,,,,,,,,,,,,,,,,,,,,,,,,TN
1114,f6e5fecee879e3d0cd8b2e91df7cfe30f2b5610c,0.14618249534450656,autoland,4060709,13,fd0dfc9511c4c123e048823de9954312c2b907c1,linux1804-64-shippable-qr,True,False,,|c|o|l|d| |f|i|s|s|i|o|n| |i|n|t|e|r|a|c|t|i|v|e| |w|e|b|r|e|n|d|e|r|,102210fe594ee9b33d82058545b1ed14f4c8206e,fcp,reddit-billgates-post-1.billg,True,reddit-billgates-post-1.billg fcp opt cold fission webrender,,77,ms,firefox,,1779711839,2023-10-24 13:09:05,1321594,,,,,,,,,,,,,,,,,,,,,,,,,,,,,,,,,,,,,,,,,,,,,,,,,TN
1115,eccda51a6f68b20cfe9af1e94b9336b9856b103e,0.15921787709497204,autoland,4060709,13,fd0dfc9511c4c123e048823de9954312c2b907c1,linux1804-64-shippable-qr,True,False,,|c|o|l|d| |f|i|s|s|i|o|n| |i|n|t|e|r|a|c|t|i|v|e| |w|e|b|r|e|n|d|e|r|,102210fe594ee9b33d82058545b1ed14f4c8206e,fcp,reddit-billgates-post-1.billg,True,reddit-billgates-post-1.billg fcp opt cold fission webrender,,77,ms,firefox,,1779214058,2023-10-24 13:48:19,1321616,,,,,,,,,,,,,,,,,,,,,,,,,,,,,,,,,,,,,,,,,,,,,,,,,TN
1116,b2dec8a51f6e781be65a730cfde18a11c9569f94,0.14082867783985098,autoland,4060709,13,fd0dfc9511c4c123e048823de9954312c2b907c1,linux1804-64-shippable-qr,True,False,,|c|o|l|d| |f|i|s|s|i|o|n| |i|n|t|e|r|a|c|t|i|v|e| |w|e|b|r|e|n|d|e|r|,102210fe594ee9b33d82058545b1ed14f4c8206e,fcp,reddit-billgates-post-1.billg,True,reddit-billgates-post-1.billg fcp opt cold fission webrender,,77,ms,firefox,,1779361302,2023-10-24 17:52:45,1321799,,,,,,,,,,,,,,,,,,,,,,,,,,,,,,,,,,,,,,,,,,,,,,,,,TN
1117,27ee97bc90986bde66dfb122cc4c8a6a3730e4a3,0.13035381750465547,autoland,4060709,13,fd0dfc9511c4c123e048823de9954312c2b907c1,linux1804-64-shippable-qr,True,False,,|c|o|l|d| |f|i|s|s|i|o|n| |i|n|t|e|r|a|c|t|i|v|e| |w|e|b|r|e|n|d|e|r|,102210fe594ee9b33d82058545b1ed14f4c8206e,fcp,reddit-billgates-post-1.billg,True,reddit-billgates-post-1.billg fcp opt cold fission webrender,,77,ms,firefox,,1779580591,2023-10-24 21:54:59,1321984,,,,,,,,,,,,,,,,,,,,,,,,,,,,,,,,,,,,,,,,,,,,,,,,,TN
1118,edfb4ab939a51c9dc131c959da539ef71f17cf5f,0.15619180633147112,autoland,4060709,13,fd0dfc9511c4c123e048823de9954312c2b907c1,linux1804-64-shippable-qr,True,False,,|c|o|l|d| |f|i|s|s|i|o|n| |i|n|t|e|r|a|c|t|i|v|e| |w|e|b|r|e|n|d|e|r|,102210fe594ee9b33d82058545b1ed14f4c8206e,fcp,reddit-billgates-post-1.billg,True,reddit-billgates-post-1.billg fcp opt cold fission webrender,,77,ms,firefox,,1779656076,2023-10-25 01:35:01,1322066,,,,,,,,,,,,,,,,,,,,,,,,,,,,,,,,,,,,,,,,,,,,,,,,,TN
1119,c00936a538d944ced81780de7e2670806145f0ec,0.13128491620111737,autoland,4060709,13,fd0dfc9511c4c123e048823de9954312c2b907c1,linux1804-64-shippable-qr,True,False,,|c|o|l|d| |f|i|s|s|i|o|n| |i|n|t|e|r|a|c|t|i|v|e| |w|e|b|r|e|n|d|e|r|,102210fe594ee9b33d82058545b1ed14f4c8206e,fcp,reddit-billgates-post-1.billg,True,reddit-billgates-post-1.billg fcp opt cold fission webrender,,77,ms,firefox,,1779741463,2023-10-25 05:46:17,1322115,,,,,,,,,,,,,,,,,,,,,,,,,,,,,,,,,,,,,,,,,,,,,,,,,TN
1120,03d61eb955a9ac6e3374ca4c5504edc41cd1aa4a,0.1429236499068901,autoland,4060709,13,fd0dfc9511c4c123e048823de9954312c2b907c1,linux1804-64-shippable-qr,True,False,,|c|o|l|d| |f|i|s|s|i|o|n| |i|n|t|e|r|a|c|t|i|v|e| |w|e|b|r|e|n|d|e|r|,102210fe594ee9b33d82058545b1ed14f4c8206e,fcp,reddit-billgates-post-1.billg,True,reddit-billgates-post-1.billg fcp opt cold fission webrender,,77,ms,firefox,,1779916105,2023-10-25 09:46:40,1322203,,,,,,,,,,,,,,,,,,,,,,,,,,,,,,,,,,,,,,,,,,,,,,,,,TN
1121,44697a7ca8612ae5a4807f530347c3df1d2c191a,0.12337057728119183,autoland,4060709,13,fd0dfc9511c4c123e048823de9954312c2b907c1,linux1804-64-shippable-qr,True,False,,|c|o|l|d| |f|i|s|s|i|o|n| |i|n|t|e|r|a|c|t|i|v|e| |w|e|b|r|e|n|d|e|r|,102210fe594ee9b33d82058545b1ed14f4c8206e,fcp,reddit-billgates-post-1.billg,True,reddit-billgates-post-1.billg fcp opt cold fission webrender,,77,ms,firefox,,1779980349,2023-10-25 12:40:12,1322280,,,,,,,,,,,,,,,,,,,,,,,,,,,,,,,,,,,,,,,,,,,,,,,,,TN
1122,b8c2a1837c16c66a12ef79eaf5545e92ae448768,0.11429236499068895,autoland,4060709,13,fd0dfc9511c4c123e048823de9954312c2b907c1,linux1804-64-shippable-qr,True,False,,|c|o|l|d| |f|i|s|s|i|o|n| |i|n|t|e|r|a|c|t|i|v|e| |w|e|b|r|e|n|d|e|r|,102210fe594ee9b33d82058545b1ed14f4c8206e,fcp,reddit-billgates-post-1.billg,True,reddit-billgates-post-1.billg fcp opt cold fission webrender,,77,ms,firefox,,1780133932,2023-10-25 16:42:09,1322418,,,,,,,,,,,,,,,,,,,,,,,,,,,,,,,,,,,,,,,,,,,,,,,,,TN
1123,691148c77012c40658cd4a6e4ee3ca178d1c1ca8,0.1578212290502794,autoland,4060709,13,fd0dfc9511c4c123e048823de9954312c2b907c1,linux1804-64-shippable-qr,True,False,,|c|o|l|d| |f|i|s|s|i|o|n| |i|n|t|e|r|a|c|t|i|v|e| |w|e|b|r|e|n|d|e|r|,102210fe594ee9b33d82058545b1ed14f4c8206e,fcp,reddit-billgates-post-1.billg,True,reddit-billgates-post-1.billg fcp opt cold fission webrender,,77,ms,firefox,,1780207567,2023-10-25 18:17:29,1322468,,,,,,,,,,,,,,,,,,,,,,,,,,,,,,,,,,,,,,,,,,,,,,,,,TN
1124,e6a52d2c9941178fa5113e3c7af81f561078c5f5,0.13780260707635006,autoland,4060709,13,fd0dfc9511c4c123e048823de9954312c2b907c1,linux1804-64-shippable-qr,True,False,,|c|o|l|d| |f|i|s|s|i|o|n| |i|n|t|e|r|a|c|t|i|v|e| |w|e|b|r|e|n|d|e|r|,102210fe594ee9b33d82058545b1ed14f4c8206e,fcp,reddit-billgates-post-1.billg,True,reddit-billgates-post-1.billg fcp opt cold fission webrender,,77,ms,firefox,,1780385777,2023-10-25 21:16:28,1322573,,,,,,,,,,,,,,,,,,,,,,,,,,,,,,,,,,,,,,,,,,,,,,,,,TN
1125,68373a168c7ca93b1aa9bb3016a1ffa9ad6b7aac,0.15083798882681565,autoland,4060709,13,fd0dfc9511c4c123e048823de9954312c2b907c1,linux1804-64-shippable-qr,True,False,,|c|o|l|d| |f|i|s|s|i|o|n| |i|n|t|e|r|a|c|t|i|v|e| |w|e|b|r|e|n|d|e|r|,102210fe594ee9b33d82058545b1ed14f4c8206e,fcp,reddit-billgates-post-1.billg,True,reddit-billgates-post-1.billg fcp opt cold fission webrender,,77,ms,firefox,,1780523725,2023-10-26 00:52:13,1322694,,,,,,,,,,,,,,,,,,,,,,,,,,,,,,,,,,,,,,,,,,,,,,,,,TN
1126,62489b97d11d4bb88f1184670849ed8c9dc61708,0.12709497206703912,autoland,4060709,13,fd0dfc9511c4c123e048823de9954312c2b907c1,linux1804-64-shippable-qr,True,False,,|c|o|l|d| |f|i|s|s|i|o|n| |i|n|t|e|r|a|c|t|i|v|e| |w|e|b|r|e|n|d|e|r|,102210fe594ee9b33d82058545b1ed14f4c8206e,fcp,reddit-billgates-post-1.billg,True,reddit-billgates-post-1.billg fcp opt cold fission webrender,,77,ms,firefox,,1780685095,2023-10-26 04:52:14,1322765,,,,,,,,,,,,,,,,,,,,,,,,,,,,,,,,,,,,,,,,,,,,,,,,,TN
1127,8923dca93b808a23856287229fc8f1c0c1d1e20e,0.12709497206703912,autoland,4060709,13,fd0dfc9511c4c123e048823de9954312c2b907c1,linux1804-64-shippable-qr,True,False,,|c|o|l|d| |f|i|s|s|i|o|n| |i|n|t|e|r|a|c|t|i|v|e| |w|e|b|r|e|n|d|e|r|,102210fe594ee9b33d82058545b1ed14f4c8206e,fcp,reddit-billgates-post-1.billg,True,reddit-billgates-post-1.billg fcp opt cold fission webrender,,77,ms,firefox,,1780798724,2023-10-26 09:06:19,1322848,,,,,,,,,,,,,,,,,,,,,,,,,,,,,,,,,,,,,,,,,,,,,,,,,TN
1128,4d2c1911361bbc41f63b4e807070a3d83596b70c,0.1354748603351955,autoland,4060709,13,fd0dfc9511c4c123e048823de9954312c2b907c1,linux1804-64-shippable-qr,True,False,,|c|o|l|d| |f|i|s|s|i|o|n| |i|n|t|e|r|a|c|t|i|v|e| |w|e|b|r|e|n|d|e|r|,102210fe594ee9b33d82058545b1ed14f4c8206e,fcp,reddit-billgates-post-1.billg,True,reddit-billgates-post-1.billg fcp opt cold fission webrender,,77,ms,firefox,,1780855673,2023-10-26 09:07:41,1322851,,,,,,,,,,,,,,,,,,,,,,,,,,,,,,,,,,,,,,,,,,,,,,,,,TN
1129,db6b75385ffe5e764d60c5842add31b3a90c0587,0.12616387337057722,autoland,4060709,13,fd0dfc9511c4c123e048823de9954312c2b907c1,linux1804-64-shippable-qr,True,False,,|c|o|l|d| |f|i|s|s|i|o|n| |i|n|t|e|r|a|c|t|i|v|e| |w|e|b|r|e|n|d|e|r|,102210fe594ee9b33d82058545b1ed14f4c8206e,fcp,reddit-billgates-post-1.billg,True,reddit-billgates-post-1.billg fcp opt cold fission webrender,,77,ms,firefox,,1780985510,2023-10-26 13:14:16,1322985,,,,,,,,,,,,,,,,,,,,,,,,,,,,,,,,,,,,,,,,,,,,,,,,,TN
1130,630864299a197bf416ac18d405063b7ec40c3644,0.13384543761638734,autoland,4060709,13,fd0dfc9511c4c123e048823de9954312c2b907c1,linux1804-64-shippable-qr,True,False,,|c|o|l|d| |f|i|s|s|i|o|n| |i|n|t|e|r|a|c|t|i|v|e| |w|e|b|r|e|n|d|e|r|,102210fe594ee9b33d82058545b1ed14f4c8206e,fcp,reddit-billgates-post-1.billg,True,reddit-billgates-post-1.billg fcp opt cold fission webrender,,77,ms,firefox,,1781026697,2023-10-26 13:50:58,1323009,,,,,,,,,,,,,,,,,,,,,,,,,,,,,,,,,,,,,,,,,,,,,,,,,TN
1131,945d53ccf09fe8c263a6a24db6604162a4707ff9,0.1240689013035382,autoland,4060709,13,fd0dfc9511c4c123e048823de9954312c2b907c1,linux1804-64-shippable-qr,True,False,,|c|o|l|d| |f|i|s|s|i|o|n| |i|n|t|e|r|a|c|t|i|v|e| |w|e|b|r|e|n|d|e|r|,102210fe594ee9b33d82058545b1ed14f4c8206e,fcp,reddit-billgates-post-1.billg,True,reddit-billgates-post-1.billg fcp opt cold fission webrender,,77,ms,firefox,,1781207490,2023-10-26 17:52:00,1323156,,,,,,,,,,,,,,,,,,,,,,,,,,,,,,,,,,,,,,,,,,,,,,,,,TN
1132,36c2d201b88e94ad4448c10d6d73ab2433ee0a46,0.11522346368715086,autoland,4060709,13,fd0dfc9511c4c123e048823de9954312c2b907c1,linux1804-64-shippable-qr,True,False,,|c|o|l|d| |f|i|s|s|i|o|n| |i|n|t|e|r|a|c|t|i|v|e| |w|e|b|r|e|n|d|e|r|,102210fe594ee9b33d82058545b1ed14f4c8206e,fcp,reddit-billgates-post-1.billg,True,reddit-billgates-post-1.billg fcp opt cold fission webrender,,77,ms,firefox,,1781626082,2023-10-26 17:59:55,1323163,,,,,,,,,,,,,,,,,,,,,,,,,,,,,,,,,,,,,,,,,,,,,,,,,TN
1133,a1dbe7d2099563e23614b7c0d0b0f6923ab447f7,0.10730912476722532,autoland,4060709,13,fd0dfc9511c4c123e048823de9954312c2b907c1,linux1804-64-shippable-qr,True,False,,|c|o|l|d| |f|i|s|s|i|o|n| |i|n|t|e|r|a|c|t|i|v|e| |w|e|b|r|e|n|d|e|r|,102210fe594ee9b33d82058545b1ed14f4c8206e,fcp,reddit-billgates-post-1.billg,True,reddit-billgates-post-1.billg fcp opt cold fission webrender,,77,ms,firefox,,1781241002,2023-10-26 19:25:04,1323220,,,,,,,,,,,,,,,,,,,,,,,,,,,,,,,,,,,,,,,,,,,,,,,,,TN
1134,a880804c93083962e65cea658b69a28c06528e8e,0.14036312849162014,autoland,4060709,13,fd0dfc9511c4c123e048823de9954312c2b907c1,linux1804-64-shippable-qr,True,False,,|c|o|l|d| |f|i|s|s|i|o|n| |i|n|t|e|r|a|c|t|i|v|e| |w|e|b|r|e|n|d|e|r|,102210fe594ee9b33d82058545b1ed14f4c8206e,fcp,reddit-billgates-post-1.billg,True,reddit-billgates-post-1.billg fcp opt cold fission webrender,,77,ms,firefox,,1781446629,2023-10-26 23:27:25,1323339,,,,,,,,,,,,,,,,,,,,,,,,,,,,,,,,,,,,,,,,,,,,,,,,,TN
1135,6d47bee6d52ee11125f54db9df7336cbe69593c0,0.14269087523277468,autoland,4060709,13,fd0dfc9511c4c123e048823de9954312c2b907c1,linux1804-64-shippable-qr,True,False,,|c|o|l|d| |f|i|s|s|i|o|n| |i|n|t|e|r|a|c|t|i|v|e| |w|e|b|r|e|n|d|e|r|,102210fe594ee9b33d82058545b1ed14f4c8206e,fcp,reddit-billgates-post-1.billg,True,reddit-billgates-post-1.billg fcp opt cold fission webrender,,77,ms,firefox,,1781454721,2023-10-27 00:10:25,1323363,,,,,,,,,,,,,,,,,,,,,,,,,,,,,,,,,,,,,,,,,,,,,,,,,TN
1136,4024630f5ffa1704a32f70c816f1003b0af9f105,0.1485102420856611,autoland,4060709,13,fd0dfc9511c4c123e048823de9954312c2b907c1,linux1804-64-shippable-qr,True,False,,|c|o|l|d| |f|i|s|s|i|o|n| |i|n|t|e|r|a|c|t|i|v|e| |w|e|b|r|e|n|d|e|r|,102210fe594ee9b33d82058545b1ed14f4c8206e,fcp,reddit-billgates-post-1.billg,True,reddit-billgates-post-1.billg fcp opt cold fission webrender,,77,ms,firefox,,1781632357,2023-10-27 05:17:25,1323421,,,,,,,,,,,,,,,,,,,,,,,,,,,,,,,,,,,,,,,,,,,,,,,,,TN
1137,6e09ac4a4c291480d5951adca6d1659a46f571b2,0.12942271880819367,autoland,4060709,13,fd0dfc9511c4c123e048823de9954312c2b907c1,linux1804-64-shippable-qr,True,False,,|c|o|l|d| |f|i|s|s|i|o|n| |i|n|t|e|r|a|c|t|i|v|e| |w|e|b|r|e|n|d|e|r|,102210fe594ee9b33d82058545b1ed14f4c8206e,fcp,reddit-billgates-post-1.billg,True,reddit-billgates-post-1.billg fcp opt cold fission webrender,,77,ms,firefox,,1781696320,2023-10-27 08:56:16,1323505,,,,,,,,,,,,,,,,,,,,,,,,,,,,,,,,,,,,,,,,,,,,,,,,,TN
1138,6013b7df2b9133416d4244ef4d45c492f215c3d0,0.143854748603352,autoland,4060709,13,fd0dfc9511c4c123e048823de9954312c2b907c1,linux1804-64-shippable-qr,True,False,,|c|o|l|d| |f|i|s|s|i|o|n| |i|n|t|e|r|a|c|t|i|v|e| |w|e|b|r|e|n|d|e|r|,102210fe594ee9b33d82058545b1ed14f4c8206e,fcp,reddit-billgates-post-1.billg,True,reddit-billgates-post-1.billg fcp opt cold fission webrender,,77,ms,firefox,,1781886398,2023-10-27 13:05:02,1323649,,,,,,,,,,,,,,,,,,,,,,,,,,,,,,,,,,,,,,,,,,,,,,,,,TN
1139,cda838e04db16590f96ddeaa7d7d54cc80e12a03,0.11638733705772808,autoland,4060709,13,fd0dfc9511c4c123e048823de9954312c2b907c1,linux1804-64-shippable-qr,True,False,,|c|o|l|d| |f|i|s|s|i|o|n| |i|n|t|e|r|a|c|t|i|v|e| |w|e|b|r|e|n|d|e|r|,102210fe594ee9b33d82058545b1ed14f4c8206e,fcp,reddit-billgates-post-1.billg,True,reddit-billgates-post-1.billg fcp opt cold fission webrender,,77,ms,firefox,,1781911849,2023-10-27 13:54:58,1323685,,,,,,,,,,,,,,,,,,,,,,,,,,,,,,,,,,,,,,,,,,,,,,,,,TN
1140,d4e3485d6f1d579bd3d64e8e2778f9f93a2ee587,0.1268621973929237,autoland,4060709,13,fd0dfc9511c4c123e048823de9954312c2b907c1,linux1804-64-shippable-qr,True,False,,|c|o|l|d| |f|i|s|s|i|o|n| |i|n|t|e|r|a|c|t|i|v|e| |w|e|b|r|e|n|d|e|r|,102210fe594ee9b33d82058545b1ed14f4c8206e,fcp,reddit-billgates-post-1.billg,True,reddit-billgates-post-1.billg fcp opt cold fission webrender,,77,ms,firefox,,1782531801,2023-10-27 16:27:11,1323775,,,,,,,,,,,,,,,,,,,,,,,,,,,,,,,,,,,,,,,,,,,,,,,,,TN
1141,a844b03832eeff18db233edb38c228f3911be765,0.143854748603352,autoland,4060709,13,fd0dfc9511c4c123e048823de9954312c2b907c1,linux1804-64-shippable-qr,True,False,,|c|o|l|d| |f|i|s|s|i|o|n| |i|n|t|e|r|a|c|t|i|v|e| |w|e|b|r|e|n|d|e|r|,102210fe594ee9b33d82058545b1ed14f4c8206e,fcp,reddit-billgates-post-1.billg,True,reddit-billgates-post-1.billg fcp opt cold fission webrender,,77,ms,firefox,,1782538195,2023-10-27 16:29:24,1323776,,,,,,,,,,,,,,,,,,,,,,,,,,,,,,,,,,,,,,,,,,,,,,,,,TN
1142,b6d6a9c84257af5a3d659491a2ab963896e70d0d,0.12988826815642462,autoland,4060709,13,fd0dfc9511c4c123e048823de9954312c2b907c1,linux1804-64-shippable-qr,True,False,,|c|o|l|d| |f|i|s|s|i|o|n| |i|n|t|e|r|a|c|t|i|v|e| |w|e|b|r|e|n|d|e|r|,102210fe594ee9b33d82058545b1ed14f4c8206e,fcp,reddit-billgates-post-1.billg,True,reddit-billgates-post-1.billg fcp opt cold fission webrender,,77,ms,firefox,,1782091608,2023-10-27 17:16:47,1323813,,,,,,,,,,,,,,,,,,,,,,,,,,,,,,,,,,,,,,,,,,,,,,,,,TN
1143,2744df17e06b25289ca5dd01128e6c4f237d7a7c,0.16131284916201116,autoland,4060709,13,fd0dfc9511c4c123e048823de9954312c2b907c1,linux1804-64-shippable-qr,True,False,,|c|o|l|d| |f|i|s|s|i|o|n| |i|n|t|e|r|a|c|t|i|v|e| |w|e|b|r|e|n|d|e|r|,102210fe594ee9b33d82058545b1ed14f4c8206e,fcp,reddit-billgates-post-1.billg,True,reddit-billgates-post-1.billg fcp opt cold fission webrender,,77,ms,firefox,,1782292513,2023-10-27 22:11:30,1323968,,,,,,,,,,,,,,,,,,,,,,,,,,,,,,,,,,,,,,,,,,,,,,,,,TN
1144,5c87acee8b894f06e4b248cb602b36ccfcef1615,0.11592178770949724,autoland,4060709,13,fd0dfc9511c4c123e048823de9954312c2b907c1,linux1804-64-shippable-qr,True,False,,|c|o|l|d| |f|i|s|s|i|o|n| |i|n|t|e|r|a|c|t|i|v|e| |w|e|b|r|e|n|d|e|r|,102210fe594ee9b33d82058545b1ed14f4c8206e,fcp,reddit-billgates-post-1.billg,True,reddit-billgates-post-1.billg fcp opt cold fission webrender,,77,ms,firefox,,1782350846,2023-10-27 23:12:32,1323985,,,,,,,,,,,,,,,,,,,,,,,,,,,,,,,,,,,,,,,,,,,,,,,,,TN
1145,0be08aa0812f81d5eb9f2235165d8478ebaf825b,0.15456238361266295,autoland,4060709,13,fd0dfc9511c4c123e048823de9954312c2b907c1,linux1804-64-shippable-qr,True,False,,|c|o|l|d| |f|i|s|s|i|o|n| |i|n|t|e|r|a|c|t|i|v|e| |w|e|b|r|e|n|d|e|r|,102210fe594ee9b33d82058545b1ed14f4c8206e,fcp,reddit-billgates-post-1.billg,True,reddit-billgates-post-1.billg fcp opt cold fission webrender,,77,ms,firefox,,1782471071,2023-10-28 03:14:30,1324017,,,,,,,,,,,,,,,,,,,,,,,,,,,,,,,,,,,,,,,,,,,,,,,,,TN
1146,da935aab57913c853df3002f297cc6eb76175828,0.14990689013035385,autoland,4060709,13,fd0dfc9511c4c123e048823de9954312c2b907c1,linux1804-64-shippable-qr,True,False,,|c|o|l|d| |f|i|s|s|i|o|n| |i|n|t|e|r|a|c|t|i|v|e| |w|e|b|r|e|n|d|e|r|,102210fe594ee9b33d82058545b1ed14f4c8206e,fcp,reddit-billgates-post-1.billg,True,reddit-billgates-post-1.billg fcp opt cold fission webrender,,77,ms,firefox,,1783039231,2023-10-29 17:34:24,1324194,,,,,,,,,,,,,,,,,,,,,,,,,,,,,,,,,,,,,,,,,,,,,,,,,TN
1147,61e57e6ba3b7e09a71062e7cdc44f395af832716,0.12430167597765363,autoland,4060709,13,fd0dfc9511c4c123e048823de9954312c2b907c1,linux1804-64-shippable-qr,True,False,,|c|o|l|d| |f|i|s|s|i|o|n| |i|n|t|e|r|a|c|t|i|v|e| |w|e|b|r|e|n|d|e|r|,102210fe594ee9b33d82058545b1ed14f4c8206e,fcp,reddit-billgates-post-1.billg,True,reddit-billgates-post-1.billg fcp opt cold fission webrender,,77,ms,firefox,,1783120634,2023-10-29 22:37:58,1324214,,,,,,,,,,,,,,,,,,,,,,,,,,,,,,,,,,,,,,,,,,,,,,,,,TN
1148,cfc1bbb8edcc79491d2e1267e84338d155b2ee3c,0.13198324022346364,autoland,4060709,13,fd0dfc9511c4c123e048823de9954312c2b907c1,linux1804-64-shippable-qr,True,False,,|c|o|l|d| |f|i|s|s|i|o|n| |i|n|t|e|r|a|c|t|i|v|e| |w|e|b|r|e|n|d|e|r|,102210fe594ee9b33d82058545b1ed14f4c8206e,fcp,reddit-billgates-post-1.billg,True,reddit-billgates-post-1.billg fcp opt cold fission webrender,,77,ms,firefox,,1783247707,2023-10-30 03:06:34,1324224,,,,,,,,,,,,,,,,,,,,,,,,,,,,,,,,,,,,,,,,,,,,,,,,,TN
1149,07ff1e2e4f656661631e6746f339e6232b59ebfd,0.14222532588454373,autoland,4060709,13,fd0dfc9511c4c123e048823de9954312c2b907c1,linux1804-64-shippable-qr,True,False,,|c|o|l|d| |f|i|s|s|i|o|n| |i|n|t|e|r|a|c|t|i|v|e| |w|e|b|r|e|n|d|e|r|,102210fe594ee9b33d82058545b1ed14f4c8206e,fcp,reddit-billgates-post-1.billg,True,reddit-billgates-post-1.billg fcp opt cold fission webrender,,77,ms,firefox,,1783324743,2023-10-30 07:08:15,1324243,,,,,,,,,,,,,,,,,,,,,,,,,,,,,,,,,,,,,,,,,,,,,,,,,TN
1150,667502cd02b265ad789b4ee291e456bac0e09235,0.1259310986964618,autoland,4060709,13,fd0dfc9511c4c123e048823de9954312c2b907c1,linux1804-64-shippable-qr,True,False,,|c|o|l|d| |f|i|s|s|i|o|n| |i|n|t|e|r|a|c|t|i|v|e| |w|e|b|r|e|n|d|e|r|,102210fe594ee9b33d82058545b1ed14f4c8206e,fcp,reddit-billgates-post-1.billg,True,reddit-billgates-post-1.billg fcp opt cold fission webrender,,77,ms,firefox,,1784240203,2023-10-30 09:49:11,1324304,,,,,,,,,,,,,,,,,,,,,,,,,,,,,,,,,,,,,,,,,,,,,,,,,TN
1151,5e0414b6e7a9fa6193d4558f3715934aab7c7891,0.13081936685288642,autoland,4060709,13,fd0dfc9511c4c123e048823de9954312c2b907c1,linux1804-64-shippable-qr,True,False,,|c|o|l|d| |f|i|s|s|i|o|n| |i|n|t|e|r|a|c|t|i|v|e| |w|e|b|r|e|n|d|e|r|,102210fe594ee9b33d82058545b1ed14f4c8206e,fcp,reddit-billgates-post-1.billg,True,reddit-billgates-post-1.billg fcp opt cold fission webrender,,77,ms,firefox,,1784166353,2023-10-30 10:32:34,1324328,,,,,,,,,,,,,,,,,,,,,,,,,,,,,,,,,,,,,,,,,,,,,,,,,TN
1152,9c6272da5dc92ff944d294d9a026bd42a408c784,0.10684357541899447,autoland,4060709,13,fd0dfc9511c4c123e048823de9954312c2b907c1,linux1804-64-shippable-qr,True,False,,|c|o|l|d| |f|i|s|s|i|o|n| |i|n|t|e|r|a|c|t|i|v|e| |w|e|b|r|e|n|d|e|r|,102210fe594ee9b33d82058545b1ed14f4c8206e,fcp,reddit-billgates-post-1.billg,True,reddit-billgates-post-1.billg fcp opt cold fission webrender,,77,ms,firefox,,1783483640,2023-10-30 12:36:41,1324389,,,,,,,,,,,,,,,,,,,,,,,,,,,,,,,,,,,,,,,,,,,,,,,,,TN
1153,d2a035a8329b5914bcd659ea1ea427c251c4d138,0.11266294227188078,autoland,4060709,13,fd0dfc9511c4c123e048823de9954312c2b907c1,linux1804-64-shippable-qr,True,False,,|c|o|l|d| |f|i|s|s|i|o|n| |i|n|t|e|r|a|c|t|i|v|e| |w|e|b|r|e|n|d|e|r|,102210fe594ee9b33d82058545b1ed14f4c8206e,fcp,reddit-billgates-post-1.billg,True,reddit-billgates-post-1.billg fcp opt cold fission webrender,,77,ms,firefox,,1783512691,2023-10-30 13:43:34,1324429,,,,,,,,,,,,,,,,,,,,,,,,,,,,,,,,,,,,,,,,,,,,,,,,,TN
1154,3b1635a4b3cbb3f1af8b8df29319ec738b2356d5,0.12057728119180633,autoland,4060709,13,fd0dfc9511c4c123e048823de9954312c2b907c1,linux1804-64-shippable-qr,True,False,,|c|o|l|d| |f|i|s|s|i|o|n| |i|n|t|e|r|a|c|t|i|v|e| |w|e|b|r|e|n|d|e|r|,102210fe594ee9b33d82058545b1ed14f4c8206e,fcp,reddit-billgates-post-1.billg,True,reddit-billgates-post-1.billg fcp opt cold fission webrender,,77,ms,firefox,,1784168778,2023-10-30 15:39:07,1324527,,,,,,,,,,,,,,,,,,,,,,,,,,,,,,,,,,,,,,,,,,,,,,,,,TN
1155,1b472d6498203a4f89b245e60fa313ec3e4886b2,0.14641527001862198,autoland,4060709,13,fd0dfc9511c4c123e048823de9954312c2b907c1,linux1804-64-shippable-qr,True,False,,|c|o|l|d| |f|i|s|s|i|o|n| |i|n|t|e|r|a|c|t|i|v|e| |w|e|b|r|e|n|d|e|r|,102210fe594ee9b33d82058545b1ed14f4c8206e,fcp,reddit-billgates-post-1.billg,True,reddit-billgates-post-1.billg fcp opt cold fission webrender,,77,ms,firefox,,1784190992,2023-10-30 15:46:43,1324534,,,,,,,,,,,,,,,,,,,,,,,,,,,,,,,,,,,,,,,,,,,,,,,,,TN
1156,277907757ae0f5c9f9a9b4b15473ec6f3eab7674,0.12337057728119183,autoland,4060709,13,fd0dfc9511c4c123e048823de9954312c2b907c1,linux1804-64-shippable-qr,True,False,,|c|o|l|d| |f|i|s|s|i|o|n| |i|n|t|e|r|a|c|t|i|v|e| |w|e|b|r|e|n|d|e|r|,102210fe594ee9b33d82058545b1ed14f4c8206e,fcp,reddit-billgates-post-1.billg,True,reddit-billgates-post-1.billg fcp opt cold fission webrender,,77,ms,firefox,,1783686978,2023-10-30 17:20:21,1324599,,,,,,,,,,,,,,,,,,,,,,,,,,,,,,,,,,,,,,,,,,,,,,,,,TN
1157,250d50a3e9aedba6c41312d2ce03b03eabac5c84,0.13361266294227192,autoland,4060709,13,fd0dfc9511c4c123e048823de9954312c2b907c1,linux1804-64-shippable-qr,True,False,,|c|o|l|d| |f|i|s|s|i|o|n| |i|n|t|e|r|a|c|t|i|v|e| |w|e|b|r|e|n|d|e|r|,102210fe594ee9b33d82058545b1ed14f4c8206e,fcp,reddit-billgates-post-1.billg,True,reddit-billgates-post-1.billg fcp opt cold fission webrender,,77,ms,firefox,,1783914580,2023-10-30 21:26:51,1324725,,,,,,,,,,,,,,,,,,,,,,,,,,,,,,,,,,,,,,,,,,,,,,,,,TN
1158,49bcf5f146b911757fd23c8fef4193c975f04403,0.159683426443203,autoland,4060709,13,fd0dfc9511c4c123e048823de9954312c2b907c1,linux1804-64-shippable-qr,True,False,,|c|o|l|d| |f|i|s|s|i|o|n| |i|n|t|e|r|a|c|t|i|v|e| |w|e|b|r|e|n|d|e|r|,102210fe594ee9b33d82058545b1ed14f4c8206e,fcp,reddit-billgates-post-1.billg,True,reddit-billgates-post-1.billg fcp opt cold fission webrender,,77,ms,firefox,,1784145281,2023-10-30 22:07:45,1324747,,,,,,,,,,,,,,,,,,,,,,,,,,,,,,,,,,,,,,,,,,,,,,,,,TN
1159,be34980d62f85760d6c6e963c70ae22f2ffc9461,0.1485102420856611,autoland,4060709,13,fd0dfc9511c4c123e048823de9954312c2b907c1,linux1804-64-shippable-qr,True,False,,|c|o|l|d| |f|i|s|s|i|o|n| |i|n|t|e|r|a|c|t|i|v|e| |w|e|b|r|e|n|d|e|r|,102210fe594ee9b33d82058545b1ed14f4c8206e,fcp,reddit-billgates-post-1.billg,True,reddit-billgates-post-1.billg fcp opt cold fission webrender,,77,ms,firefox,,1784091045,2023-10-30 22:14:50,1324750,,,,,,,,,,,,,,,,,,,,,,,,,,,,,,,,,,,,,,,,,,,,,,,,,TN
1160,9d87d8875f3012f1cb5e065b5861f41a29d1173c,0.14269087523277468,autoland,4060709,13,fd0dfc9511c4c123e048823de9954312c2b907c1,linux1804-64-shippable-qr,True,False,,|c|o|l|d| |f|i|s|s|i|o|n| |i|n|t|e|r|a|c|t|i|v|e| |w|e|b|r|e|n|d|e|r|,102210fe594ee9b33d82058545b1ed14f4c8206e,fcp,reddit-billgates-post-1.billg,True,reddit-billgates-post-1.billg fcp opt cold fission webrender,,77,ms,firefox,,1783959229,2023-10-30 22:47:24,1324763,,,,,,,,,,,,,,,,,,,,,,,,,,,,,,,,,,,,,,,,,,,,,,,,,TN
1161,88295a805fb918c5a40c57d9827608c50c65da1a,0.1184823091247672,autoland,4060709,13,fd0dfc9511c4c123e048823de9954312c2b907c1,linux1804-64-shippable-qr,True,False,,|c|o|l|d| |f|i|s|s|i|o|n| |i|n|t|e|r|a|c|t|i|v|e| |w|e|b|r|e|n|d|e|r|,102210fe594ee9b33d82058545b1ed14f4c8206e,fcp,reddit-billgates-post-1.billg,True,reddit-billgates-post-1.billg fcp opt cold fission webrender,,77,ms,firefox,,1784115608,2023-10-31 03:27:18,1324833,,,,,,,,,,,,,,,,,,,,,,,,,,,,,,,,,,,,,,,,,,,,,,,,,TN
1162,26a58e0274b4491ce07587bf329d30954bfa36a5,0.12918994413407825,autoland,4060709,13,fd0dfc9511c4c123e048823de9954312c2b907c1,linux1804-64-shippable-qr,True,False,,|c|o|l|d| |f|i|s|s|i|o|n| |i|n|t|e|r|a|c|t|i|v|e| |w|e|b|r|e|n|d|e|r|,102210fe594ee9b33d82058545b1ed14f4c8206e,fcp,reddit-billgates-post-1.billg,True,reddit-billgates-post-1.billg fcp opt cold fission webrender,,77,ms,firefox,,1784266045,2023-10-31 08:52:16,1324883,,,,,,,,,,,,,,,,,,,,,,,,,,,,,,,,,,,,,,,,,,,,,,,,,TN
1163,173608723df3997c0b39049e55f7e4f529974bd1,0.13291433891992555,autoland,4060709,13,fd0dfc9511c4c123e048823de9954312c2b907c1,linux1804-64-shippable-qr,True,False,,|c|o|l|d| |f|i|s|s|i|o|n| |i|n|t|e|r|a|c|t|i|v|e| |w|e|b|r|e|n|d|e|r|,102210fe594ee9b33d82058545b1ed14f4c8206e,fcp,reddit-billgates-post-1.billg,True,reddit-billgates-post-1.billg fcp opt cold fission webrender,,77,ms,firefox,,1784340479,2023-10-31 10:24:24,1324925,,,,,,,,,,,,,,,,,,,,,,,,,,,,,,,,,,,,,,,,,,,,,,,,,TN
1164,d93c1e224fa334cb0e1a4faf860be329181c1d60,0.11336126629422716,autoland,4060709,13,fd0dfc9511c4c123e048823de9954312c2b907c1,linux1804-64-shippable-qr,True,False,,|c|o|l|d| |f|i|s|s|i|o|n| |i|n|t|e|r|a|c|t|i|v|e| |w|e|b|r|e|n|d|e|r|,102210fe594ee9b33d82058545b1ed14f4c8206e,fcp,reddit-billgates-post-1.billg,True,reddit-billgates-post-1.billg fcp opt cold fission webrender,,77,ms,firefox,,1784536972,2023-10-31 14:28:55,1325039,,,,,,,,,,,,,,,,,,,,,,,,,,,,,,,,,,,,,,,,,,,,,,,,,TN
1165,955d8904ddef311f2bfcb090dc82218c9a650d49,0.19134078212290495,autoland,4060709,13,fd0dfc9511c4c123e048823de9954312c2b907c1,linux1804-64-shippable-qr,True,False,,|c|o|l|d| |f|i|s|s|i|o|n| |i|n|t|e|r|a|c|t|i|v|e| |w|e|b|r|e|n|d|e|r|,102210fe594ee9b33d82058545b1ed14f4c8206e,fcp,reddit-billgates-post-1.billg,True,reddit-billgates-post-1.billg fcp opt cold fission webrender,,77,ms,firefox,,1786738640,2023-10-31 14:37:24,1325042,,,,,,,,,,,,,,,,,,,,,,,,,,,,,,,,,,,,,,,,,,,,,,,,,TN
1166,8c251c7960286f4636a317cbd709af6ff7e7cbaf,0.15945065176908757,autoland,4060709,13,fd0dfc9511c4c123e048823de9954312c2b907c1,linux1804-64-shippable-qr,True,False,,|c|o|l|d| |f|i|s|s|i|o|n| |i|n|t|e|r|a|c|t|i|v|e| |w|e|b|r|e|n|d|e|r|,102210fe594ee9b33d82058545b1ed14f4c8206e,fcp,reddit-billgates-post-1.billg,True,reddit-billgates-post-1.billg fcp opt cold fission webrender,,77,ms,firefox,,1786738867,2023-10-31 14:53:39,1325055,,,,,,,,,,,,,,,,,,,,,,,,,,,,,,,,,,,,,,,,,,,,,,,,,TN
1167,c0dc436f3e963f715734f73b4c9cafced6730f29,0.1918063314711359,autoland,4060709,13,fd0dfc9511c4c123e048823de9954312c2b907c1,linux1804-64-shippable-qr,True,False,,|c|o|l|d| |f|i|s|s|i|o|n| |i|n|t|e|r|a|c|t|i|v|e| |w|e|b|r|e|n|d|e|r|,102210fe594ee9b33d82058545b1ed14f4c8206e,fcp,reddit-billgates-post-1.billg,True,reddit-billgates-post-1.billg fcp opt cold fission webrender,,77,ms,firefox,,1786738740,2023-10-31 15:03:25,1325066,,,,,,,,,,,,,,,,,,,,,,,,,,,,,,,,,,,,,,,,,,,,,,,,,TN
1168,2de6ef8eba0f77dab8053c08130030fef2d8f570,0.22020484171322163,autoland,4060709,13,fd0dfc9511c4c123e048823de9954312c2b907c1,linux1804-64-shippable-qr,True,False,,|c|o|l|d| |f|i|s|s|i|o|n| |i|n|t|e|r|a|c|t|i|v|e| |w|e|b|r|e|n|d|e|r|,102210fe594ee9b33d82058545b1ed14f4c8206e,fcp,reddit-billgates-post-1.billg,True,reddit-billgates-post-1.billg fcp opt cold fission webrender,,77,ms,firefox,,1786739293,2023-10-31 15:04:30,1325068,,,,,,,,,,,,,,,,,,,,,,,,,,,,,,,,,,,,,,,,,,,,,,,,,TN
1169,3c40605e3f9fe9d9daaae7b0a6547098036a76c3,0.18365921787709494,autoland,4060709,13,fd0dfc9511c4c123e048823de9954312c2b907c1,linux1804-64-shippable-qr,True,False,,|c|o|l|d| |f|i|s|s|i|o|n| |i|n|t|e|r|a|c|t|i|v|e| |w|e|b|r|e|n|d|e|r|,102210fe594ee9b33d82058545b1ed14f4c8206e,fcp,reddit-billgates-post-1.billg,True,reddit-billgates-post-1.billg fcp opt cold fission webrender,,77,ms,firefox,,1786738943,2023-10-31 15:10:06,1325073,,,,,,,,,,,,,,,,,,,,,,,,,,,,,,,,,,,,,,,,,,,,,,,,,TN
1170,7c942f4e0530d353c39d021b78606a44b82110a5,0.1945996275605214,autoland,4060709,13,fd0dfc9511c4c123e048823de9954312c2b907c1,linux1804-64-shippable-qr,True,False,,|c|o|l|d| |f|i|s|s|i|o|n| |i|n|t|e|r|a|c|t|i|v|e| |w|e|b|r|e|n|d|e|r|,102210fe594ee9b33d82058545b1ed14f4c8206e,fcp,reddit-billgates-post-1.billg,True,reddit-billgates-post-1.billg fcp opt cold fission webrender,,77,ms,firefox,,1786738095,2023-10-31 15:16:14,1325080,,,,,,,,,,,,,,,,,,,,,,,,,,,,,,,,,,,,,,,,,,,,,,,,,TN
1171,5372ed615a7df6b74bd7469c3fc581d65dce07c9,0.16527001862197388,autoland,4060709,13,fd0dfc9511c4c123e048823de9954312c2b907c1,linux1804-64-shippable-qr,True,False,,|c|o|l|d| |f|i|s|s|i|o|n| |i|n|t|e|r|a|c|t|i|v|e| |w|e|b|r|e|n|d|e|r|,102210fe594ee9b33d82058545b1ed14f4c8206e,fcp,reddit-billgates-post-1.billg,True,reddit-billgates-post-1.billg fcp opt cold fission webrender,,77,ms,firefox,,1786739505,2023-10-31 15:17:10,1325081,,,,,,,,,,,,,,,,,,,,,,,,,,,,,,,,,,,,,,,,,,,,,,,,,TN
1172,4712d595873a538c628ea09a2826c33e3f2e383d,0.15107076350093107,autoland,4060709,13,fd0dfc9511c4c123e048823de9954312c2b907c1,linux1804-64-shippable-qr,True,False,,|c|o|l|d| |f|i|s|s|i|o|n| |i|n|t|e|r|a|c|t|i|v|e| |w|e|b|r|e|n|d|e|r|,102210fe594ee9b33d82058545b1ed14f4c8206e,fcp,reddit-billgates-post-1.billg,True,reddit-billgates-post-1.billg fcp opt cold fission webrender,,77,ms,firefox,,1784564560,2023-10-31 15:46:12,1325101,,,,,,,,,,,,,,,,,,,,,,,,,,,,,,,,,,,,,,,,,,,,,,,,,TN
1173,38dab78cc65e6afc3bed9b337be78e6462c4c077,0.20437616387337054,autoland,4060709,13,fd0dfc9511c4c123e048823de9954312c2b907c1,linux1804-64-shippable-qr,True,False,,|c|o|l|d| |f|i|s|s|i|o|n| |i|n|t|e|r|a|c|t|i|v|e| |w|e|b|r|e|n|d|e|r|,102210fe594ee9b33d82058545b1ed14f4c8206e,fcp,reddit-billgates-post-1.billg,True,reddit-billgates-post-1.billg fcp opt cold fission webrender,,77,ms,firefox,,1786738906,2023-10-31 16:41:42,1325151,,,,,,,,,,,,,,,,,,,,,,,,,,,,,,,,,,,,,,,,,,,,,,,,,TN
1174,262e4a2b33fcdf80b36f91a241ad3e1021d48289,0.16759776536312854,autoland,4060709,13,fd0dfc9511c4c123e048823de9954312c2b907c1,linux1804-64-shippable-qr,True,False,,|c|o|l|d| |f|i|s|s|i|o|n| |i|n|t|e|r|a|c|t|i|v|e| |w|e|b|r|e|n|d|e|r|,102210fe594ee9b33d82058545b1ed14f4c8206e,fcp,reddit-billgates-post-1.billg,True,reddit-billgates-post-1.billg fcp opt cold fission webrender,,77,ms,firefox,,1786738674,2023-10-31 16:56:20,1325158,,,,,,,,,,,,,,,,,,,,,,,,,,,,,,,,,,,,,,,,,,,,,,,,,TN
1175,7e8fd83cad4cec68465e006e23a7076f55275817,0.1599162011173184,autoland,4060709,13,fd0dfc9511c4c123e048823de9954312c2b907c1,linux1804-64-shippable-qr,True,False,,|c|o|l|d| |f|i|s|s|i|o|n| |i|n|t|e|r|a|c|t|i|v|e| |w|e|b|r|e|n|d|e|r|,102210fe594ee9b33d82058545b1ed14f4c8206e,fcp,reddit-billgates-post-1.billg,True,reddit-billgates-post-1.billg fcp opt cold fission webrender,,77,ms,firefox,,1786739201,2023-10-31 17:06:19,1325165,,,,,,,,,,,,,,,,,,,,,,,,,,,,,,,,,,,,,,,,,,,,,,,,,TN
1176,92110a96624d21c17055a387dd4c2b519bd619fc,0.19948789571694592,autoland,4060709,13,fd0dfc9511c4c123e048823de9954312c2b907c1,linux1804-64-shippable-qr,True,False,,|c|o|l|d| |f|i|s|s|i|o|n| |i|n|t|e|r|a|c|t|i|v|e| |w|e|b|r|e|n|d|e|r|,102210fe594ee9b33d82058545b1ed14f4c8206e,fcp,reddit-billgates-post-1.billg,True,reddit-billgates-post-1.billg fcp opt cold fission webrender,,77,ms,firefox,,1786739272,2023-10-31 17:14:24,1325168,,,,,,,,,,,,,,,,,,,,,,,,,,,,,,,,,,,,,,,,,,,,,,,,,TN
1177,4fc6d2c75998ae6fcea2f75a12c3db5f6d1830b7,0.1599162011173184,autoland,4060709,13,fd0dfc9511c4c123e048823de9954312c2b907c1,linux1804-64-shippable-qr,True,False,,|c|o|l|d| |f|i|s|s|i|o|n| |i|n|t|e|r|a|c|t|i|v|e| |w|e|b|r|e|n|d|e|r|,102210fe594ee9b33d82058545b1ed14f4c8206e,fcp,reddit-billgates-post-1.billg,True,reddit-billgates-post-1.billg fcp opt cold fission webrender,,77,ms,firefox,,1786739527,2023-10-31 17:16:14,1325169,,,,,,,,,,,,,,,,,,,,,,,,,,,,,,,,,,,,,,,,,,,,,,,,,TN
1178,53b8e85e448692d10452b71d4956e6185441d1c5,0.19390130353817503,autoland,4060709,13,fd0dfc9511c4c123e048823de9954312c2b907c1,linux1804-64-shippable-qr,True,False,,|c|o|l|d| |f|i|s|s|i|o|n| |i|n|t|e|r|a|c|t|i|v|e| |w|e|b|r|e|n|d|e|r|,102210fe594ee9b33d82058545b1ed14f4c8206e,fcp,reddit-billgates-post-1.billg,True,reddit-billgates-post-1.billg fcp opt cold fission webrender,,77,ms,firefox,,1786739695,2023-10-31 17:23:24,1325172,,,,,,,,,,,,,,,,,,,,,,,,,,,,,,,,,,,,,,,,,,,,,,,,,TN
1179,64f094d50ccd52d6bc0d6f1447a0c1de982bf1c5,0.20158286778398515,autoland,4060709,13,fd0dfc9511c4c123e048823de9954312c2b907c1,linux1804-64-shippable-qr,True,False,,|c|o|l|d| |f|i|s|s|i|o|n| |i|n|t|e|r|a|c|t|i|v|e| |w|e|b|r|e|n|d|e|r|,102210fe594ee9b33d82058545b1ed14f4c8206e,fcp,reddit-billgates-post-1.billg,True,reddit-billgates-post-1.billg fcp opt cold fission webrender,,77,ms,firefox,,1786740317,2023-10-31 18:37:02,1325215,,,,,,,,,,,,,,,,,,,,,,,,,,,,,,,,,,,,,,,,,,,,,,,,,TN
1180,0f07f3f1bb3efa9a6ea58e464a4ee006987f8e71,0.13128491620111737,autoland,4060709,13,fd0dfc9511c4c123e048823de9954312c2b907c1,linux1804-64-shippable-qr,True,False,,|c|o|l|d| |f|i|s|s|i|o|n| |i|n|t|e|r|a|c|t|i|v|e| |w|e|b|r|e|n|d|e|r|,102210fe594ee9b33d82058545b1ed14f4c8206e,fcp,reddit-billgates-post-1.billg,True,reddit-billgates-post-1.billg fcp opt cold fission webrender,,77,ms,firefox,,1786739944,2023-10-31 19:01:12,1325226,,,,,,,,,,,,,,,,,,,,,,,,,,,,,,,,,,,,,,,,,,,,,,,,,TN
1181,8a24d6cde4acd8af72316981b68fce21d3bdf57e,0.17621042830540035,autoland,4060709,13,fd0dfc9511c4c123e048823de9954312c2b907c1,linux1804-64-shippable-qr,True,False,,|c|o|l|d| |f|i|s|s|i|o|n| |i|n|t|e|r|a|c|t|i|v|e| |w|e|b|r|e|n|d|e|r|,102210fe594ee9b33d82058545b1ed14f4c8206e,fcp,reddit-billgates-post-1.billg,True,reddit-billgates-post-1.billg fcp opt cold fission webrender,,77,ms,firefox,,1786739812,2023-10-31 20:02:14,1325255,,,,,,,,,,,,,,,,,,,,,,,,,,,,,,,,,,,,,,,,,,,,,,,,,TN
1182,5624631ba42eb404a5c5b4e50e9c4fbc826eef31,0.11638733705772808,autoland,4060709,13,fd0dfc9511c4c123e048823de9954312c2b907c1,linux1804-64-shippable-qr,True,False,,|c|o|l|d| |f|i|s|s|i|o|n| |i|n|t|e|r|a|c|t|i|v|e| |w|e|b|r|e|n|d|e|r|,102210fe594ee9b33d82058545b1ed14f4c8206e,fcp,reddit-billgates-post-1.billg,True,reddit-billgates-post-1.billg fcp opt cold fission webrender,,77,ms,firefox,,1784758674,2023-10-31 20:04:41,1325256,,,,,,,,,,,,,,,,,,,,,,,,,,,,,,,,,,,,,,,,,,,,,,,,,TN
1183,d57fa6d84f8372ff5cde1a181e269eb0ca752a2e,0.21298882681564246,autoland,4060709,13,fd0dfc9511c4c123e048823de9954312c2b907c1,linux1804-64-shippable-qr,True,False,,|c|o|l|d| |f|i|s|s|i|o|n| |i|n|t|e|r|a|c|t|i|v|e| |w|e|b|r|e|n|d|e|r|,102210fe594ee9b33d82058545b1ed14f4c8206e,fcp,reddit-billgates-post-1.billg,True,reddit-billgates-post-1.billg fcp opt cold fission webrender,,77,ms,firefox,,1786740547,2023-10-31 20:10:51,1325258,,,,,,,,,,,,,,,,,,,,,,,,,,,,,,,,,,,,,,,,,,,,,,,,,TN
1184,f2b72a126fc0afcd1fe19003c70d99f10cf7bde6,0.18971135940409678,autoland,4060709,13,fd0dfc9511c4c123e048823de9954312c2b907c1,linux1804-64-shippable-qr,True,False,,|c|o|l|d| |f|i|s|s|i|o|n| |i|n|t|e|r|a|c|t|i|v|e| |w|e|b|r|e|n|d|e|r|,102210fe594ee9b33d82058545b1ed14f4c8206e,fcp,reddit-billgates-post-1.billg,True,reddit-billgates-post-1.billg fcp opt cold fission webrender,,77,ms,firefox,,1786740674,2023-10-31 20:21:35,1325262,,,,,,,,,,,,,,,,,,,,,,,,,,,,,,,,,,,,,,,,,,,,,,,,,TN
1185,ec1ae79c683262b028e2dccb306c8bf77cfee877,0.20554003724394787,autoland,4060709,13,fd0dfc9511c4c123e048823de9954312c2b907c1,linux1804-64-shippable-qr,True,False,,|c|o|l|d| |f|i|s|s|i|o|n| |i|n|t|e|r|a|c|t|i|v|e| |w|e|b|r|e|n|d|e|r|,102210fe594ee9b33d82058545b1ed14f4c8206e,fcp,reddit-billgates-post-1.billg,True,reddit-billgates-post-1.billg fcp opt cold fission webrender,,77,ms,firefox,,1786742569,2023-10-31 20:41:22,1325268,,,,,,,,,,,,,,,,,,,,,,,,,,,,,,,,,,,,,,,,,,,,,,,,,TN
1186,090a376b26222e466bd2d2a71b1abfe2aa75a4fd,0.21904096834264442,autoland,4060709,13,fd0dfc9511c4c123e048823de9954312c2b907c1,linux1804-64-shippable-qr,True,False,,|c|o|l|d| |f|i|s|s|i|o|n| |i|n|t|e|r|a|c|t|i|v|e| |w|e|b|r|e|n|d|e|r|,102210fe594ee9b33d82058545b1ed14f4c8206e,fcp,reddit-billgates-post-1.billg,True,reddit-billgates-post-1.billg fcp opt cold fission webrender,,77,ms,firefox,,1786740580,2023-10-31 20:44:01,1325270,,,,,,,,,,,,,,,,,,,,,,,,,,,,,,,,,,,,,,,,,,,,,,,,,TN
1187,a83780eb40328d6c4faa4176fe710c7ae21529c9,0.1908752327746741,autoland,4060709,13,fd0dfc9511c4c123e048823de9954312c2b907c1,linux1804-64-shippable-qr,True,False,,|c|o|l|d| |f|i|s|s|i|o|n| |i|n|t|e|r|a|c|t|i|v|e| |w|e|b|r|e|n|d|e|r|,102210fe594ee9b33d82058545b1ed14f4c8206e,fcp,reddit-billgates-post-1.billg,True,reddit-billgates-post-1.billg fcp opt cold fission webrender,,77,ms,firefox,,1786741631,2023-10-31 20:49:45,1325273,,,,,,,,,,,,,,,,,,,,,,,,,,,,,,,,,,,,,,,,,,,,,,,,,TN
1188,b87eea9fe5488ba56c25fbf1370a7b48eec7714f,0.13756983240223464,autoland,4060709,13,fd0dfc9511c4c123e048823de9954312c2b907c1,linux1804-64-shippable-qr,True,False,,|c|o|l|d| |f|i|s|s|i|o|n| |i|n|t|e|r|a|c|t|i|v|e| |w|e|b|r|e|n|d|e|r|,102210fe594ee9b33d82058545b1ed14f4c8206e,fcp,reddit-billgates-post-1.billg,True,reddit-billgates-post-1.billg fcp opt cold fission webrender,,77,ms,firefox,,1786740827,2023-10-31 21:37:43,1325296,,,,,,,,,,,,,,,,,,,,,,,,,,,,,,,,,,,,,,,,,,,,,,,,,TN
1189,5bbef73fb95df36b4353139dbf6bf6377d750401,0.1878491620111732,autoland,4060709,13,fd0dfc9511c4c123e048823de9954312c2b907c1,linux1804-64-shippable-qr,True,False,,|c|o|l|d| |f|i|s|s|i|o|n| |i|n|t|e|r|a|c|t|i|v|e| |w|e|b|r|e|n|d|e|r|,102210fe594ee9b33d82058545b1ed14f4c8206e,fcp,reddit-billgates-post-1.billg,True,reddit-billgates-post-1.billg fcp opt cold fission webrender,,77,ms,firefox,,1786741310,2023-10-31 22:16:36,1325317,,,,,,,,,,,,,,,,,,,,,,,,,,,,,,,,,,,,,,,,,,,,,,,,,TN
1190,524b9ac30e28cdb40cac6d06b7b39bb1b5741b24,0.10288640595903165,autoland,4060709,13,fd0dfc9511c4c123e048823de9954312c2b907c1,linux1804-64-shippable-qr,True,False,,|c|o|l|d| |f|i|s|s|i|o|n| |i|n|t|e|r|a|c|t|i|v|e| |w|e|b|r|e|n|d|e|r|,102210fe594ee9b33d82058545b1ed14f4c8206e,fcp,reddit-billgates-post-1.billg,True,reddit-billgates-post-1.billg fcp opt cold fission webrender,,77,ms,firefox,,1786740910,2023-10-31 22:19:52,1325320,,,,,,,,,,,,,,,,,,,,,,,,,,,,,,,,,,,,,,,,,,,,,,,,,TN
1191,251055c46bfcc027766c9bdaccaaa919c3e6c8f6,0.22392923649906882,autoland,4060709,13,fd0dfc9511c4c123e048823de9954312c2b907c1,linux1804-64-shippable-qr,True,False,,|c|o|l|d| |f|i|s|s|i|o|n| |i|n|t|e|r|a|c|t|i|v|e| |w|e|b|r|e|n|d|e|r|,102210fe594ee9b33d82058545b1ed14f4c8206e,fcp,reddit-billgates-post-1.billg,True,reddit-billgates-post-1.billg fcp opt cold fission webrender,,77,ms,firefox,,1784858277,2023-10-31 22:59:03,1325343,268.66,mozilla-ldap/afinder@mozilla.com,5624631ba42eb404a5c5b4e50e9c4fbc826eef31,40093.0,18.01,227.65,2023-11-03 08:47:13.251288,13.0,13.0,,,,1325256.0,7.0,4.0,mozilla-ldap/afinder@mozilla.com,,,2023-11-10 00:36:14.105185,,1.0,41.01,182894.0,,,40093.0,,True,False,afinder@mozilla.com,,,afinder@mozilla.com,2023-11-03 00:36:14.105185,,,OK,,,,,False,,9.72,reddit-billgates-post-1.billg,,"cold, fission, interactive, webrender",2023-11-08 00:36:14.105185,TP
1192,887432e6f9cabb366e746e55700feccabc30d07c,0.2125232774674115,autoland,4060709,13,fd0dfc9511c4c123e048823de9954312c2b907c1,linux1804-64-shippable-qr,True,False,,|c|o|l|d| |f|i|s|s|i|o|n| |i|n|t|e|r|a|c|t|i|v|e| |w|e|b|r|e|n|d|e|r|,102210fe594ee9b33d82058545b1ed14f4c8206e,fcp,reddit-billgates-post-1.billg,True,reddit-billgates-post-1.billg fcp opt cold fission webrender,,77,ms,firefox,,1786832104,2023-10-31 23:52:27,1325361,,,,,,,,,,,,,,,,,,,,,,,,,,,,,,,,,,,,,,,,,,,,,,,,,TN
1193,e5e1bc9736a517370602f46173b32de9a0d7267a,0.23929236499068907,autoland,4060709,13,fd0dfc9511c4c123e048823de9954312c2b907c1,linux1804-64-shippable-qr,True,False,,|c|o|l|d| |f|i|s|s|i|o|n| |i|n|t|e|r|a|c|t|i|v|e| |w|e|b|r|e|n|d|e|r|,102210fe594ee9b33d82058545b1ed14f4c8206e,fcp,reddit-billgates-post-1.billg,True,reddit-billgates-post-1.billg fcp opt cold fission webrender,,77,ms,firefox,,1786811880,2023-11-01 00:09:08,1325365,,,,,,,,,,,,,,,,,,,,,,,,,,,,,,,,,,,,,,,,,,,,,,,,,TN
1194,103c13ea4383da913070b5037a2474179b22b2ca,0.25139664804469275,autoland,4060709,13,fd0dfc9511c4c123e048823de9954312c2b907c1,linux1804-64-shippable-qr,True,False,,|c|o|l|d| |f|i|s|s|i|o|n| |i|n|t|e|r|a|c|t|i|v|e| |w|e|b|r|e|n|d|e|r|,102210fe594ee9b33d82058545b1ed14f4c8206e,fcp,reddit-billgates-post-1.billg,True,reddit-billgates-post-1.billg fcp opt cold fission webrender,,77,ms,firefox,,1786911726,2023-11-01 00:42:45,1325396,,,,,,,,,,,,,,,,,,,,,,,,,,,,,,,,,,,,,,,,,,,,,,,,,TN
1195,b8422caa6745fb5111a427bc887c569afad6f5f8,0.22625698324022347,autoland,4060709,13,fd0dfc9511c4c123e048823de9954312c2b907c1,linux1804-64-shippable-qr,True,False,,|c|o|l|d| |f|i|s|s|i|o|n| |i|n|t|e|r|a|c|t|i|v|e| |w|e|b|r|e|n|d|e|r|,102210fe594ee9b33d82058545b1ed14f4c8206e,fcp,reddit-billgates-post-1.billg,True,reddit-billgates-post-1.billg fcp opt cold fission webrender,,77,ms,firefox,,1786813583,2023-11-01 00:46:40,1325401,,,,,,,,,,,,,,,,,,,,,,,,,,,,,,,,,,,,,,,,,,,,,,,,,TN
1196,7586888aa971fde82679cd8ae2fde268ba6c7b15,0.30702979515828666,autoland,4060709,13,fd0dfc9511c4c123e048823de9954312c2b907c1,linux1804-64-shippable-qr,True,False,,|c|o|l|d| |f|i|s|s|i|o|n| |i|n|t|e|r|a|c|t|i|v|e| |w|e|b|r|e|n|d|e|r|,102210fe594ee9b33d82058545b1ed14f4c8206e,fcp,reddit-billgates-post-1.billg,True,reddit-billgates-post-1.billg fcp opt cold fission webrender,,77,ms,firefox,,1786830781,2023-11-01 00:58:42,1325404,,,,,,,,,,,,,,,,,,,,,,,,,,,,,,,,,,,,,,,,,,,,,,,,,TN
1197,3cd293e8be738f20134bd63cc1b4d5019e9b2a63,0.26350093109869643,autoland,4060709,13,fd0dfc9511c4c123e048823de9954312c2b907c1,linux1804-64-shippable-qr,True,False,,|c|o|l|d| |f|i|s|s|i|o|n| |i|n|t|e|r|a|c|t|i|v|e| |w|e|b|r|e|n|d|e|r|,102210fe594ee9b33d82058545b1ed14f4c8206e,fcp,reddit-billgates-post-1.billg,True,reddit-billgates-post-1.billg fcp opt cold fission webrender,,77,ms,firefox,,1786830036,2023-11-01 01:09:18,1325408,,,,,,,,,,,,,,,,,,,,,,,,,,,,,,,,,,,,,,,,,,,,,,,,,TN
1198,cc2d7a60e797ccda49d1a49206bcded220dd6c4b,0.1315176908752328,autoland,4060709,13,fd0dfc9511c4c123e048823de9954312c2b907c1,linux1804-64-shippable-qr,True,False,,|c|o|l|d| |f|i|s|s|i|o|n| |i|n|t|e|r|a|c|t|i|v|e| |w|e|b|r|e|n|d|e|r|,102210fe594ee9b33d82058545b1ed14f4c8206e,fcp,reddit-billgates-post-1.billg,True,reddit-billgates-post-1.billg fcp opt cold fission webrender,,77,ms,firefox,,1786740877,2023-11-01 01:29:48,1325421,,,,,,,,,,,,,,,,,,,,,,,,,,,,,,,,,,,,,,,,,,,,,,,,,TN
1199,c89b6aa3b37bacd20df7f251595d5577c2a8ef89,0.26745810055865915,autoland,4060709,13,fd0dfc9511c4c123e048823de9954312c2b907c1,linux1804-64-shippable-qr,True,False,,|c|o|l|d| |f|i|s|s|i|o|n| |i|n|t|e|r|a|c|t|i|v|e| |w|e|b|r|e|n|d|e|r|,102210fe594ee9b33d82058545b1ed14f4c8206e,fcp,reddit-billgates-post-1.billg,True,reddit-billgates-post-1.billg fcp opt cold fission webrender,,77,ms,firefox,,1786810328,2023-11-01 01:34:55,1325424,,,,,,,,,,,,,,,,,,,,,,,,,,,,,,,,,,,,,,,,,,,,,,,,,TN
1200,a7200c4d402a2ac9407512a17978f59356d94470,0.24348230912476732,autoland,4060709,13,fd0dfc9511c4c123e048823de9954312c2b907c1,linux1804-64-shippable-qr,True,False,,|c|o|l|d| |f|i|s|s|i|o|n| |i|n|t|e|r|a|c|t|i|v|e| |w|e|b|r|e|n|d|e|r|,102210fe594ee9b33d82058545b1ed14f4c8206e,fcp,reddit-billgates-post-1.billg,True,reddit-billgates-post-1.billg fcp opt cold fission webrender,,77,ms,firefox,,1786812889,2023-11-01 01:35:52,1325425,,,,,,,,,,,,,,,,,,,,,,,,,,,,,,,,,,,,,,,,,,,,,,,,,TN
1201,b73ef4c8979fb0702de9f4bf2fdf986b1d0fd487,0.19762569832402233,autoland,4060709,13,fd0dfc9511c4c123e048823de9954312c2b907c1,linux1804-64-shippable-qr,True,False,,|c|o|l|d| |f|i|s|s|i|o|n| |i|n|t|e|r|a|c|t|i|v|e| |w|e|b|r|e|n|d|e|r|,102210fe594ee9b33d82058545b1ed14f4c8206e,fcp,reddit-billgates-post-1.billg,True,reddit-billgates-post-1.billg fcp opt cold fission webrender,,77,ms,firefox,,1785088774,2023-11-01 04:08:21,1325446,,,,,,,,,,,,,,,,,,,,,,,,,,,,,,,,,,,,,,,,,,,,,,,,,TN
1202,5db6f03a7c103189ba38ef4c4687a046566f4e5b,0.2292830540037244,autoland,4060709,13,fd0dfc9511c4c123e048823de9954312c2b907c1,linux1804-64-shippable-qr,True,False,,|c|o|l|d| |f|i|s|s|i|o|n| |i|n|t|e|r|a|c|t|i|v|e| |w|e|b|r|e|n|d|e|r|,102210fe594ee9b33d82058545b1ed14f4c8206e,fcp,reddit-billgates-post-1.billg,True,reddit-billgates-post-1.billg fcp opt cold fission webrender,,77,ms,firefox,,1785169333,2023-11-01 08:27:37,1325492,,,,,,,,,,,,,,,,,,,,,,,,,,,,,,,,,,,,,,,,,,,,,,,,,TN
1203,dee5e3c280a214c32ea4f7a2b6446bbe456ecb54,0.25768156424581,autoland,4060709,13,fd0dfc9511c4c123e048823de9954312c2b907c1,linux1804-64-shippable-qr,True,False,,|c|o|l|d| |f|i|s|s|i|o|n| |i|n|t|e|r|a|c|t|i|v|e| |w|e|b|r|e|n|d|e|r|,102210fe594ee9b33d82058545b1ed14f4c8206e,fcp,reddit-billgates-post-1.billg,True,reddit-billgates-post-1.billg fcp opt cold fission webrender,,77,ms,firefox,,1785427426,2023-11-01 15:00:09,1325661,,,,,,,,,,,,,,,,,,,,,,,,,,,,,,,,,,,,,,,,,,,,,,,,,TN
1204,3eea9367b17b3c112968a3f0e008b1005452bbdd,0.3007448789571694,autoland,4060709,13,fd0dfc9511c4c123e048823de9954312c2b907c1,linux1804-64-shippable-qr,True,False,,|c|o|l|d| |f|i|s|s|i|o|n| |i|n|t|e|r|a|c|t|i|v|e| |w|e|b|r|e|n|d|e|r|,102210fe594ee9b33d82058545b1ed14f4c8206e,fcp,reddit-billgates-post-1.billg,True,reddit-billgates-post-1.billg fcp opt cold fission webrender,,77,ms,firefox,,1785559356,2023-11-01 21:17:16,1325895,,,,,,,,,,,,,,,,,,,,,,,,,,,,,,,,,,,,,,,,,,,,,,,,,TN
1205,0ea21c7c9ab7dcf411a8094c876b12784bc6343c,0.236731843575419,autoland,4060709,13,fd0dfc9511c4c123e048823de9954312c2b907c1,linux1804-64-shippable-qr,True,False,,|c|o|l|d| |f|i|s|s|i|o|n| |i|n|t|e|r|a|c|t|i|v|e| |w|e|b|r|e|n|d|e|r|,102210fe594ee9b33d82058545b1ed14f4c8206e,fcp,reddit-billgates-post-1.billg,True,reddit-billgates-post-1.billg fcp opt cold fission webrender,,77,ms,firefox,,1785711596,2023-11-02 01:36:12,1325979,,,,,,,,,,,,,,,,,,,,,,,,,,,,,,,,,,,,,,,,,,,,,,,,,TN
1206,1fcf041bc427507f767a28519182263ab9925550,0.19110800744878953,autoland,4060709,13,fd0dfc9511c4c123e048823de9954312c2b907c1,linux1804-64-shippable-qr,True,False,,|c|o|l|d| |f|i|s|s|i|o|n| |i|n|t|e|r|a|c|t|i|v|e| |w|e|b|r|e|n|d|e|r|,102210fe594ee9b33d82058545b1ed14f4c8206e,fcp,reddit-billgates-post-1.billg,True,reddit-billgates-post-1.billg fcp opt cold fission webrender,,77,ms,firefox,,1785838745,2023-11-02 06:18:28,1326017,,,,,,,,,,,,,,,,,,,,,,,,,,,,,,,,,,,,,,,,,,,,,,,,,TN
1207,86b37d608b6dff619ef21dd6df25970d2f35504f,0.2134543761638733,autoland,4060709,13,fd0dfc9511c4c123e048823de9954312c2b907c1,linux1804-64-shippable-qr,True,False,,|c|o|l|d| |f|i|s|s|i|o|n| |i|n|t|e|r|a|c|t|i|v|e| |w|e|b|r|e|n|d|e|r|,102210fe594ee9b33d82058545b1ed14f4c8206e,fcp,reddit-billgates-post-1.billg,True,reddit-billgates-post-1.billg fcp opt cold fission webrender,,77,ms,firefox,,1785935554,2023-11-02 10:56:45,1326103,,,,,,,,,,,,,,,,,,,,,,,,,,,,,,,,,,,,,,,,,,,,,,,,,TN
1208,59754ae1b71386535d42979e577deaaad4aa522f,0.18296089385474856,autoland,4060709,13,fd0dfc9511c4c123e048823de9954312c2b907c1,linux1804-64-shippable-qr,True,False,,|c|o|l|d| |f|i|s|s|i|o|n| |i|n|t|e|r|a|c|t|i|v|e| |w|e|b|r|e|n|d|e|r|,102210fe594ee9b33d82058545b1ed14f4c8206e,fcp,reddit-billgates-post-1.billg,True,reddit-billgates-post-1.billg fcp opt cold fission webrender,,77,ms,firefox,,1785969043,2023-11-02 12:13:53,1326138,,,,,,,,,,,,,,,,,,,,,,,,,,,,,,,,,,,,,,,,,,,,,,,,,TN
1209,42ea9e037ab397f0632ce37f1bd8709b44ffa6ff,0.21508379888268148,autoland,4060709,13,fd0dfc9511c4c123e048823de9954312c2b907c1,linux1804-64-shippable-qr,True,False,,|c|o|l|d| |f|i|s|s|i|o|n| |i|n|t|e|r|a|c|t|i|v|e| |w|e|b|r|e|n|d|e|r|,102210fe594ee9b33d82058545b1ed14f4c8206e,fcp,reddit-billgates-post-1.billg,True,reddit-billgates-post-1.billg fcp opt cold fission webrender,,77,ms,firefox,,1786491795,2023-11-02 13:30:08,1326191,,,,,,,,,,,,,,,,,,,,,,,,,,,,,,,,,,,,,,,,,,,,,,,,,TN
1210,08cb433e982fa288536eb388ba3946a21ef856c1,0.2115921787709497,autoland,4060709,13,fd0dfc9511c4c123e048823de9954312c2b907c1,linux1804-64-shippable-qr,True,False,,|c|o|l|d| |f|i|s|s|i|o|n| |i|n|t|e|r|a|c|t|i|v|e| |w|e|b|r|e|n|d|e|r|,102210fe594ee9b33d82058545b1ed14f4c8206e,fcp,reddit-billgates-post-1.billg,True,reddit-billgates-post-1.billg fcp opt cold fission webrender,,77,ms,firefox,,1786497186,2023-11-02 13:48:11,1326209,,,,,,,,,,,,,,,,,,,,,,,,,,,,,,,,,,,,,,,,,,,,,,,,,TN
1211,b32fede7af3947e835399bab4d1d7f096517521f,0.21298882681564246,autoland,4060709,13,fd0dfc9511c4c123e048823de9954312c2b907c1,linux1804-64-shippable-qr,True,False,,|c|o|l|d| |f|i|s|s|i|o|n| |i|n|t|e|r|a|c|t|i|v|e| |w|e|b|r|e|n|d|e|r|,102210fe594ee9b33d82058545b1ed14f4c8206e,fcp,reddit-billgates-post-1.billg,True,reddit-billgates-post-1.billg fcp opt cold fission webrender,,77,ms,firefox,,1786139505,2023-11-02 15:35:11,1326301,,,,,,,,,,,,,,,,,,,,,,,,,,,,,,,,,,,,,,,,,,,,,,,,,TN
1212,94e5f553d8ee5632338645c8928e3cc1454d7b5b,0.25418994413407814,autoland,4060709,13,fd0dfc9511c4c123e048823de9954312c2b907c1,linux1804-64-shippable-qr,True,False,,|c|o|l|d| |f|i|s|s|i|o|n| |i|n|t|e|r|a|c|t|i|v|e| |w|e|b|r|e|n|d|e|r|,102210fe594ee9b33d82058545b1ed14f4c8206e,fcp,reddit-billgates-post-1.billg,True,reddit-billgates-post-1.billg fcp opt cold fission webrender,,77,ms,firefox,,1786286622,2023-11-02 19:35:23,1326465,,,,,,,,,,,,,,,,,,,,,,,,,,,,,,,,,,,,,,,,,,,,,,,,,TN
1213,e76a1dc1e2e5cfa536e6893665fb8d42d2669341,0.24115456238361266,autoland,4060709,13,fd0dfc9511c4c123e048823de9954312c2b907c1,linux1804-64-shippable-qr,True,False,,|c|o|l|d| |f|i|s|s|i|o|n| |i|n|t|e|r|a|c|t|i|v|e| |w|e|b|r|e|n|d|e|r|,102210fe594ee9b33d82058545b1ed14f4c8206e,fcp,reddit-billgates-post-1.billg,True,reddit-billgates-post-1.billg fcp opt cold fission webrender,,77,ms,firefox,,1786375070,2023-11-02 22:16:50,1326592,,,,,,,,,,,,,,,,,,,,,,,,,,,,,,,,,,,,,,,,,,,,,,,,,TN
1214,7398cacb1ad3e7be98ad07eff3a56fd050025c48,0.25418994413407814,autoland,4060709,13,fd0dfc9511c4c123e048823de9954312c2b907c1,linux1804-64-shippable-qr,True,False,,|c|o|l|d| |f|i|s|s|i|o|n| |i|n|t|e|r|a|c|t|i|v|e| |w|e|b|r|e|n|d|e|r|,102210fe594ee9b33d82058545b1ed14f4c8206e,fcp,reddit-billgates-post-1.billg,True,reddit-billgates-post-1.billg fcp opt cold fission webrender,,77,ms,firefox,,1786480878,2023-11-03 02:17:21,1326661,,,,,,,,,,,,,,,,,,,,,,,,,,,,,,,,,,,,,,,,,,,,,,,,,TN
1215,63221dffde4f2b6c134c16fb540dea75d856626d,0.22788640595903165,autoland,4060709,13,fd0dfc9511c4c123e048823de9954312c2b907c1,linux1804-64-shippable-qr,True,False,,|c|o|l|d| |f|i|s|s|i|o|n| |i|n|t|e|r|a|c|t|i|v|e| |w|e|b|r|e|n|d|e|r|,102210fe594ee9b33d82058545b1ed14f4c8206e,fcp,reddit-billgates-post-1.billg,True,reddit-billgates-post-1.billg fcp opt cold fission webrender,,77,ms,firefox,,1786541989,2023-11-03 06:29:48,1326720,,,,,,,,,,,,,,,,,,,,,,,,,,,,,,,,,,,,,,,,,,,,,,,,,TN
1216,fef2ab0f10caa08593c20e7febc4cec185670a4a,0.23254189944134074,autoland,4060709,13,fd0dfc9511c4c123e048823de9954312c2b907c1,linux1804-64-shippable-qr,True,False,,|c|o|l|d| |f|i|s|s|i|o|n| |i|n|t|e|r|a|c|t|i|v|e| |w|e|b|r|e|n|d|e|r|,102210fe594ee9b33d82058545b1ed14f4c8206e,fcp,reddit-billgates-post-1.billg,True,reddit-billgates-post-1.billg fcp opt cold fission webrender,,77,ms,firefox,,1786675188,2023-11-03 09:45:55,1326769,,,,,,,,,,,,,,,,,,,,,,,,,,,,,,,,,,,,,,,,,,,,,,,,,TN
1217,db8c28afe588aab0cd434e280a4614c075350cde,0.3836126629422719,autoland,4060709,13,fd0dfc9511c4c123e048823de9954312c2b907c1,linux1804-64-shippable-qr,True,False,,|c|o|l|d| |f|i|s|s|i|o|n| |i|n|t|e|r|a|c|t|i|v|e| |w|e|b|r|e|n|d|e|r|,102210fe594ee9b33d82058545b1ed14f4c8206e,fcp,reddit-billgates-post-1.billg,True,reddit-billgates-post-1.billg fcp opt cold fission webrender,,77,ms,firefox,,1786852088,2023-11-03 14:08:17,1326874,,,,,,,,,,,,,,,,,,,,,,,,,,,,,,,,,,,,,,,,,,,,,,,,,TN
1218,218b0b33b6bb55913c005cf174b1dcc8c1fb63ba,0.12313780260707641,autoland,4060709,13,fd0dfc9511c4c123e048823de9954312c2b907c1,linux1804-64-shippable-qr,True,False,,|c|o|l|d| |f|i|s|s|i|o|n| |i|n|t|e|r|a|c|t|i|v|e| |w|e|b|r|e|n|d|e|r|,102210fe594ee9b33d82058545b1ed14f4c8206e,fcp,reddit-billgates-post-1.billg,True,reddit-billgates-post-1.billg fcp opt cold fission webrender,,77,ms,firefox,,1787164456,2023-11-03 14:30:10,1326901,225.75,mozilla-ldap/aesanu@mozilla.com,db8c28afe588aab0cd434e280a4614c075350cde,40123.0,17.35,273.13,2023-11-06 09:20:22.454515,13.0,13.0,,,,1326874.0,4.0,4.0,mozilla-ldap/aesanu@mozilla.com,,,2023-11-13 19:16:49.432526,,1.0,-47.38,183326.0,,,40123.0,,False,False,aesanu@mozilla.com,,,aesanu@mozilla.com,2023-11-05 19:16:49.432526,,,OK,,,,,False,,9.06,reddit-billgates-post-1.billg,,"cold, fission, interactive, webrender",2023-11-09 19:16:49.432526,TP
1219,0896ccb4c8266515669efe20006dd62d7cc46e05,0.12290502793296088,autoland,4060709,13,fd0dfc9511c4c123e048823de9954312c2b907c1,linux1804-64-shippable-qr,True,False,,|c|o|l|d| |f|i|s|s|i|o|n| |i|n|t|e|r|a|c|t|i|v|e| |w|e|b|r|e|n|d|e|r|,102210fe594ee9b33d82058545b1ed14f4c8206e,fcp,reddit-billgates-post-1.billg,True,reddit-billgates-post-1.billg fcp opt cold fission webrender,,77,ms,firefox,,1787169808,2023-11-03 14:52:04,1326910,,,,,,,,,,,,,,,,,,,,,,,,,,,,,,,,,,,,,,,,,,,,,,,,,TN
1220,c1bbed9e33815cc111047e95375c6446ad566b5b,0.1955307262569832,autoland,4060709,13,fd0dfc9511c4c123e048823de9954312c2b907c1,linux1804-64-shippable-qr,True,False,,|c|o|l|d| |f|i|s|s|i|o|n| |i|n|t|e|r|a|c|t|i|v|e| |w|e|b|r|e|n|d|e|r|,102210fe594ee9b33d82058545b1ed14f4c8206e,fcp,reddit-billgates-post-1.billg,True,reddit-billgates-post-1.billg fcp opt cold fission webrender,,77,ms,firefox,,1786906920,2023-11-03 15:30:02,1326932,,,,,,,,,,,,,,,,,,,,,,,,,,,,,,,,,,,,,,,,,,,,,,,,,TN
1221,3483c8458f12814829ccacc001ce04923ce9c601,0.1324487895716946,autoland,4060709,13,fd0dfc9511c4c123e048823de9954312c2b907c1,linux1804-64-shippable-qr,True,False,,|c|o|l|d| |f|i|s|s|i|o|n| |i|n|t|e|r|a|c|t|i|v|e| |w|e|b|r|e|n|d|e|r|,102210fe594ee9b33d82058545b1ed14f4c8206e,fcp,reddit-billgates-post-1.billg,True,reddit-billgates-post-1.billg fcp opt cold fission webrender,,77,ms,firefox,,1786982056,2023-11-03 19:29:08,1327119,,,,,,,,,,,,,,,,,,,,,,,,,,,,,,,,,,,,,,,,,,,,,,,,,TN
1222,71b8373e6622cf42c02a4244f2c2629c6afed2db,0.09101489757914338,autoland,4060709,13,fd0dfc9511c4c123e048823de9954312c2b907c1,linux1804-64-shippable-qr,True,False,,|c|o|l|d| |f|i|s|s|i|o|n| |i|n|t|e|r|a|c|t|i|v|e| |w|e|b|r|e|n|d|e|r|,102210fe594ee9b33d82058545b1ed14f4c8206e,fcp,reddit-billgates-post-1.billg,True,reddit-billgates-post-1.billg fcp opt cold fission webrender,,77,ms,firefox,,1787113205,2023-11-04 00:04:01,1327246,,,,,,,,,,,,,,,,,,,,,,,,,,,,,,,,,,,,,,,,,,,,,,,,,TN
1223,fa8ebe703963d027ce9185c21a4e7bdc98f8cd68,0.10358472998137802,autoland,4060709,13,fd0dfc9511c4c123e048823de9954312c2b907c1,linux1804-64-shippable-qr,True,False,,|c|o|l|d| |f|i|s|s|i|o|n| |i|n|t|e|r|a|c|t|i|v|e| |w|e|b|r|e|n|d|e|r|,102210fe594ee9b33d82058545b1ed14f4c8206e,fcp,reddit-billgates-post-1.billg,True,reddit-billgates-post-1.billg fcp opt cold fission webrender,,77,ms,firefox,,1787131829,2023-11-04 01:35:30,1327271,,,,,,,,,,,,,,,,,,,,,,,,,,,,,,,,,,,,,,,,,,,,,,,,,TN
1224,f65c77517e3e8d32a23f3607a039a558abd2b12c,0.125,autoland,4060709,13,fd0dfc9511c4c123e048823de9954312c2b907c1,linux1804-64-shippable-qr,True,False,,|c|o|l|d| |f|i|s|s|i|o|n| |i|n|t|e|r|a|c|t|i|v|e| |w|e|b|r|e|n|d|e|r|,102210fe594ee9b33d82058545b1ed14f4c8206e,fcp,reddit-billgates-post-1.billg,True,reddit-billgates-post-1.billg fcp opt cold fission webrender,,77,ms,firefox,,1787217145,2023-11-04 08:24:01,1327306,,,,,,,,,,,,,,,,,,,,,,,,,,,,,,,,,,,,,,,,,,,,,,,,,TN
1225,90f5a1a99e4af4267d041ebe447fe2c0d6028eec,0.13477653631284914,autoland,4060709,13,fd0dfc9511c4c123e048823de9954312c2b907c1,linux1804-64-shippable-qr,True,False,,|c|o|l|d| |f|i|s|s|i|o|n| |i|n|t|e|r|a|c|t|i|v|e| |w|e|b|r|e|n|d|e|r|,102210fe594ee9b33d82058545b1ed14f4c8206e,fcp,reddit-billgates-post-1.billg,True,reddit-billgates-post-1.billg fcp opt cold fission webrender,,77,ms,firefox,,1787383235,2023-11-04 14:15:16,1327379,,,,,,,,,,,,,,,,,,,,,,,,,,,,,,,,,,,,,,,,,,,,,,,,,TN
1226,55a02a6f1e91945e24618f64bd61b9f3a0beeea0,0.14315642458100564,autoland,4060709,13,fd0dfc9511c4c123e048823de9954312c2b907c1,linux1804-64-shippable-qr,True,False,,|c|o|l|d| |f|i|s|s|i|o|n| |i|n|t|e|r|a|c|t|i|v|e| |w|e|b|r|e|n|d|e|r|,102210fe594ee9b33d82058545b1ed14f4c8206e,fcp,reddit-billgates-post-1.billg,True,reddit-billgates-post-1.billg fcp opt cold fission webrender,,77,ms,firefox,,1787435866,2023-11-04 18:45:40,1327418,,,,,,,,,,,,,,,,,,,,,,,,,,,,,,,,,,,,,,,,,,,,,,,,,TN
1227,c6d6218c85ae690d272c8b978051ec7c2718b1b2,0.13477653631284914,autoland,4060709,13,fd0dfc9511c4c123e048823de9954312c2b907c1,linux1804-64-shippable-qr,True,False,,|c|o|l|d| |f|i|s|s|i|o|n| |i|n|t|e|r|a|c|t|i|v|e| |w|e|b|r|e|n|d|e|r|,102210fe594ee9b33d82058545b1ed14f4c8206e,fcp,reddit-billgates-post-1.billg,True,reddit-billgates-post-1.billg fcp opt cold fission webrender,,77,ms,firefox,,1787500099,2023-11-04 23:01:16,1327454,,,,,,,,,,,,,,,,,,,,,,,,,,,,,,,,,,,,,,,,,,,,,,,,,TN
1228,6e473b5825d2acd52739d9cc4cdec6ea5e26c9d1,0.11499068901303544,autoland,4060709,13,fd0dfc9511c4c123e048823de9954312c2b907c1,linux1804-64-shippable-qr,True,False,,|c|o|l|d| |f|i|s|s|i|o|n| |i|n|t|e|r|a|c|t|i|v|e| |w|e|b|r|e|n|d|e|r|,102210fe594ee9b33d82058545b1ed14f4c8206e,fcp,reddit-billgates-post-1.billg,True,reddit-billgates-post-1.billg fcp opt cold fission webrender,,77,ms,firefox,,1787732562,2023-11-05 12:31:02,1327508,,,,,,,,,,,,,,,,,,,,,,,,,,,,,,,,,,,,,,,,,,,,,,,,,TN
1229,e4d362eebc148baf8432d0b013b6233995a2f16e,0.12197392923649908,autoland,4060709,13,fd0dfc9511c4c123e048823de9954312c2b907c1,linux1804-64-shippable-qr,True,False,,|c|o|l|d| |f|i|s|s|i|o|n| |i|n|t|e|r|a|c|t|i|v|e| |w|e|b|r|e|n|d|e|r|,102210fe594ee9b33d82058545b1ed14f4c8206e,fcp,reddit-billgates-post-1.billg,True,reddit-billgates-post-1.billg fcp opt cold fission webrender,,77,ms,firefox,,1787860262,2023-11-05 17:15:11,1327546,,,,,,,,,,,,,,,,,,,,,,,,,,,,,,,,,,,,,,,,,,,,,,,,,TN
1230,1995198e0bee1b9f7d4ac3a5286fb89a8305fa28,0.12081005586592175,autoland,4060709,13,fd0dfc9511c4c123e048823de9954312c2b907c1,linux1804-64-shippable-qr,True,False,,|c|o|l|d| |f|i|s|s|i|o|n| |i|n|t|e|r|a|c|t|i|v|e| |w|e|b|r|e|n|d|e|r|,102210fe594ee9b33d82058545b1ed14f4c8206e,fcp,reddit-billgates-post-1.billg,True,reddit-billgates-post-1.billg fcp opt cold fission webrender,,77,ms,firefox,,1787985819,2023-11-05 22:35:05,1327567,,,,,,,,,,,,,,,,,,,,,,,,,,,,,,,,,,,,,,,,,,,,,,,,,TN
1231,925231a8fb5eccf055afb3e9921596d8f990128b,0.11824953445065178,autoland,4060709,13,fd0dfc9511c4c123e048823de9954312c2b907c1,linux1804-64-shippable-qr,True,False,,|c|o|l|d| |f|i|s|s|i|o|n| |i|n|t|e|r|a|c|t|i|v|e| |w|e|b|r|e|n|d|e|r|,102210fe594ee9b33d82058545b1ed14f4c8206e,fcp,reddit-billgates-post-1.billg,True,reddit-billgates-post-1.billg fcp opt cold fission webrender,,77,ms,firefox,,1788203885,2023-11-06 03:28:15,1327590,,,,,,,,,,,,,,,,,,,,,,,,,,,,,,,,,,,,,,,,,,,,,,,,,TN
1232,58f61f19462af6371405866cd0506983856d5433,0.11103351955307261,autoland,4060709,13,fd0dfc9511c4c123e048823de9954312c2b907c1,linux1804-64-shippable-qr,True,False,,|c|o|l|d| |f|i|s|s|i|o|n| |i|n|t|e|r|a|c|t|i|v|e| |w|e|b|r|e|n|d|e|r|,102210fe594ee9b33d82058545b1ed14f4c8206e,fcp,reddit-billgates-post-1.billg,True,reddit-billgates-post-1.billg fcp opt cold fission webrender,,77,ms,firefox,,1788301359,2023-11-06 06:27:10,1327613,,,,,,,,,,,,,,,,,,,,,,,,,,,,,,,,,,,,,,,,,,,,,,,,,TN
1233,47130f8e8a79f36f7bea8cf4a4a19a3ef155e539,0.13943202979515834,autoland,4060709,13,fd0dfc9511c4c123e048823de9954312c2b907c1,linux1804-64-shippable-qr,True,False,,|c|o|l|d| |f|i|s|s|i|o|n| |i|n|t|e|r|a|c|t|i|v|e| |w|e|b|r|e|n|d|e|r|,102210fe594ee9b33d82058545b1ed14f4c8206e,fcp,reddit-billgates-post-1.billg,True,reddit-billgates-post-1.billg fcp opt cold fission webrender,,77,ms,firefox,,1788405225,2023-11-06 10:22:32,1327714,,,,,,,,,,,,,,,,,,,,,,,,,,,,,,,,,,,,,,,,,,,,,,,,,TN
1234,e85ef9b0c6ee61f9f14bf8b49cd5f6e0a5fac3d7,0.1494413407821229,autoland,4060709,13,fd0dfc9511c4c123e048823de9954312c2b907c1,linux1804-64-shippable-qr,True,False,,|c|o|l|d| |f|i|s|s|i|o|n| |i|n|t|e|r|a|c|t|i|v|e| |w|e|b|r|e|n|d|e|r|,102210fe594ee9b33d82058545b1ed14f4c8206e,fcp,reddit-billgates-post-1.billg,True,reddit-billgates-post-1.billg fcp opt cold fission webrender,,77,ms,firefox,,1788582965,2023-11-06 14:23:08,1327890,,,,,,,,,,,,,,,,,,,,,,,,,,,,,,,,,,,,,,,,,,,,,,,,,TN
1235,6d5e2f6a296345f3afbeecf2e34bf0f7da7c7991,0.11755121042830541,autoland,4060709,13,fd0dfc9511c4c123e048823de9954312c2b907c1,linux1804-64-shippable-qr,True,False,,|c|o|l|d| |f|i|s|s|i|o|n| |i|n|t|e|r|a|c|t|i|v|e| |w|e|b|r|e|n|d|e|r|,102210fe594ee9b33d82058545b1ed14f4c8206e,fcp,reddit-billgates-post-1.billg,True,reddit-billgates-post-1.billg fcp opt cold fission webrender,,77,ms,firefox,,1788755615,2023-11-06 17:39:09,1328028,,,,,,,,,,,,,,,,,,,,,,,,,,,,,,,,,,,,,,,,,,,,,,,,,TN
1236,503650406cb658c3bb6b55a44c03d5b95ae8ff5b,0.11708566108007457,autoland,4060709,13,fd0dfc9511c4c123e048823de9954312c2b907c1,linux1804-64-shippable-qr,True,False,,|c|o|l|d| |f|i|s|s|i|o|n| |i|n|t|e|r|a|c|t|i|v|e| |w|e|b|r|e|n|d|e|r|,102210fe594ee9b33d82058545b1ed14f4c8206e,fcp,reddit-billgates-post-1.billg,True,reddit-billgates-post-1.billg fcp opt cold fission webrender,,77,ms,firefox,,1789056508,2023-11-06 19:35:04,1328081,,,,,,,,,,,,,,,,,,,,,,,,,,,,,,,,,,,,,,,,,,,,,,,,,TN
1237,89a118c5878608de9ce47ac8182b338e6ef13c33,0.11941340782122911,autoland,4060709,13,fd0dfc9511c4c123e048823de9954312c2b907c1,linux1804-64-shippable-qr,True,False,,|c|o|l|d| |f|i|s|s|i|o|n| |i|n|t|e|r|a|c|t|i|v|e| |w|e|b|r|e|n|d|e|r|,102210fe594ee9b33d82058545b1ed14f4c8206e,fcp,reddit-billgates-post-1.billg,True,reddit-billgates-post-1.billg fcp opt cold fission webrender,,77,ms,firefox,,1789027664,2023-11-06 19:36:11,1328083,,,,,,,,,,,,,,,,,,,,,,,,,,,,,,,,,,,,,,,,,,,,,,,,,TN
1238,e8b0c1e18317249283d8b9f4dc462d8226397ac0,0.14455307262569828,autoland,4060709,13,fd0dfc9511c4c123e048823de9954312c2b907c1,linux1804-64-shippable-qr,True,False,,|c|o|l|d| |f|i|s|s|i|o|n| |i|n|t|e|r|a|c|t|i|v|e| |w|e|b|r|e|n|d|e|r|,102210fe594ee9b33d82058545b1ed14f4c8206e,fcp,reddit-billgates-post-1.billg,True,reddit-billgates-post-1.billg fcp opt cold fission webrender,,77,ms,firefox,,1790279364,2023-11-06 19:37:11,1328084,,,,,,,,,,,,,,,,,,,,,,,,,,,,,,,,,,,,,,,,,,,,,,,,,TN
1239,311803c2edc24aaca0e481dd4e94f72aba642ac7,0.09729981378026076,autoland,4060709,13,fd0dfc9511c4c123e048823de9954312c2b907c1,linux1804-64-shippable-qr,True,False,,|c|o|l|d| |f|i|s|s|i|o|n| |i|n|t|e|r|a|c|t|i|v|e| |w|e|b|r|e|n|d|e|r|,102210fe594ee9b33d82058545b1ed14f4c8206e,fcp,reddit-billgates-post-1.billg,True,reddit-billgates-post-1.billg fcp opt cold fission webrender,,77,ms,firefox,,1790276611,2023-11-06 19:39:13,1328085,,,,,,,,,,,,,,,,,,,,,,,,,,,,,,,,,,,,,,,,,,,,,,,,,TN
1240,d69113074ead31be06d4cacdff2ab24916843f59,0.13733705772811922,autoland,4060709,13,fd0dfc9511c4c123e048823de9954312c2b907c1,linux1804-64-shippable-qr,True,False,,|c|o|l|d| |f|i|s|s|i|o|n| |i|n|t|e|r|a|c|t|i|v|e| |w|e|b|r|e|n|d|e|r|,102210fe594ee9b33d82058545b1ed14f4c8206e,fcp,reddit-billgates-post-1.billg,True,reddit-billgates-post-1.billg fcp opt cold fission webrender,,77,ms,firefox,,1790276265,2023-11-06 19:40:05,1328086,,,,,,,,,,,,,,,,,,,,,,,,,,,,,,,,,,,,,,,,,,,,,,,,,TN
1241,3f4a69d7c8df7ed62a613ad7badd6e14258543b9,0.14082867783985098,autoland,4060709,13,fd0dfc9511c4c123e048823de9954312c2b907c1,linux1804-64-shippable-qr,True,False,,|c|o|l|d| |f|i|s|s|i|o|n| |i|n|t|e|r|a|c|t|i|v|e| |w|e|b|r|e|n|d|e|r|,102210fe594ee9b33d82058545b1ed14f4c8206e,fcp,reddit-billgates-post-1.billg,True,reddit-billgates-post-1.billg fcp opt cold fission webrender,,77,ms,firefox,,1790292812,2023-11-06 19:50:45,1328088,,,,,,,,,,,,,,,,,,,,,,,,,,,,,,,,,,,,,,,,,,,,,,,,,TN
1242,5e80679d91c573a029aa9cac459cee99f952016f,0.11964618249534453,autoland,4060709,13,fd0dfc9511c4c123e048823de9954312c2b907c1,linux1804-64-shippable-qr,True,False,,|c|o|l|d| |f|i|s|s|i|o|n| |i|n|t|e|r|a|c|t|i|v|e| |w|e|b|r|e|n|d|e|r|,102210fe594ee9b33d82058545b1ed14f4c8206e,fcp,reddit-billgates-post-1.billg,True,reddit-billgates-post-1.billg fcp opt cold fission webrender,,77,ms,firefox,,1790284446,2023-11-06 19:51:38,1328089,,,,,,,,,,,,,,,,,,,,,,,,,,,,,,,,,,,,,,,,,,,,,,,,,TN
1243,ffb99ffa3c65771df47bdf63bc01d231c1b8de95,0.1447858472998137,autoland,4060709,13,fd0dfc9511c4c123e048823de9954312c2b907c1,linux1804-64-shippable-qr,True,False,,|c|o|l|d| |f|i|s|s|i|o|n| |i|n|t|e|r|a|c|t|i|v|e| |w|e|b|r|e|n|d|e|r|,102210fe594ee9b33d82058545b1ed14f4c8206e,fcp,reddit-billgates-post-1.billg,True,reddit-billgates-post-1.billg fcp opt cold fission webrender,,77,ms,firefox,,1789066719,2023-11-06 19:52:32,1328090,,,,,,,,,,,,,,,,,,,,,,,,,,,,,,,,,,,,,,,,,,,,,,,,,TN
1244,14364903b3513c984be3affb09c263c89bd313c6,0.13687150837988826,autoland,4060709,13,fd0dfc9511c4c123e048823de9954312c2b907c1,linux1804-64-shippable-qr,True,False,,|c|o|l|d| |f|i|s|s|i|o|n| |i|n|t|e|r|a|c|t|i|v|e| |w|e|b|r|e|n|d|e|r|,102210fe594ee9b33d82058545b1ed14f4c8206e,fcp,reddit-billgates-post-1.billg,True,reddit-billgates-post-1.billg fcp opt cold fission webrender,,77,ms,firefox,,1788994235,2023-11-06 19:53:36,1328091,,,,,,,,,,,,,,,,,,,,,,,,,,,,,,,,,,,,,,,,,,,,,,,,,TN
1245,5f1ebbf346712cdc7542680ad9b5509717872d9f,0.13850093109869643,autoland,4060709,13,fd0dfc9511c4c123e048823de9954312c2b907c1,linux1804-64-shippable-qr,True,False,,|c|o|l|d| |f|i|s|s|i|o|n| |i|n|t|e|r|a|c|t|i|v|e| |w|e|b|r|e|n|d|e|r|,102210fe594ee9b33d82058545b1ed14f4c8206e,fcp,reddit-billgates-post-1.billg,True,reddit-billgates-post-1.billg fcp opt cold fission webrender,,77,ms,firefox,,1790287578,2023-11-06 20:03:08,1328094,,,,,,,,,,,,,,,,,,,,,,,,,,,,,,,,,,,,,,,,,,,,,,,,,TN
1246,8ac260a8088ca49db6fa77bd43680b1286c83f46,0.14455307262569828,autoland,4060709,13,fd0dfc9511c4c123e048823de9954312c2b907c1,linux1804-64-shippable-qr,True,False,,|c|o|l|d| |f|i|s|s|i|o|n| |i|n|t|e|r|a|c|t|i|v|e| |w|e|b|r|e|n|d|e|r|,102210fe594ee9b33d82058545b1ed14f4c8206e,fcp,reddit-billgates-post-1.billg,True,reddit-billgates-post-1.billg fcp opt cold fission webrender,,77,ms,firefox,,1790283058,2023-11-06 20:21:45,1328098,,,,,,,,,,,,,,,,,,,,,,,,,,,,,,,,,,,,,,,,,,,,,,,,,TN
1247,cfad60e16bc9ffd1123a5eb881ba42aaa60b9b18,0.12453445065176905,autoland,4060709,13,fd0dfc9511c4c123e048823de9954312c2b907c1,linux1804-64-shippable-qr,True,False,,|c|o|l|d| |f|i|s|s|i|o|n| |i|n|t|e|r|a|c|t|i|v|e| |w|e|b|r|e|n|d|e|r|,102210fe594ee9b33d82058545b1ed14f4c8206e,fcp,reddit-billgates-post-1.billg,True,reddit-billgates-post-1.billg fcp opt cold fission webrender,,77,ms,firefox,,1788847791,2023-11-06 20:45:17,1328100,,,,,,,,,,,,,,,,,,,,,,,,,,,,,,,,,,,,,,,,,,,,,,,,,TN
1248,3d3ebb5ba324f46a56703d790f17a9a2e454ae53,0.12825884543761634,autoland,4060709,13,fd0dfc9511c4c123e048823de9954312c2b907c1,linux1804-64-shippable-qr,True,False,,|c|o|l|d| |f|i|s|s|i|o|n| |i|n|t|e|r|a|c|t|i|v|e| |w|e|b|r|e|n|d|e|r|,102210fe594ee9b33d82058545b1ed14f4c8206e,fcp,reddit-billgates-post-1.billg,True,reddit-billgates-post-1.billg fcp opt cold fission webrender,,77,ms,firefox,,1790212739,2023-11-06 22:41:20,1328112,,,,,,,,,,,,,,,,,,,,,,,,,,,,,,,,,,,,,,,,,,,,,,,,,TN
1249,22dabeeceade4aa327f96451922ad2697af4bd81,0.11336126629422716,autoland,4060709,13,fd0dfc9511c4c123e048823de9954312c2b907c1,linux1804-64-shippable-qr,True,False,,|c|o|l|d| |f|i|s|s|i|o|n| |i|n|t|e|r|a|c|t|i|v|e| |w|e|b|r|e|n|d|e|r|,102210fe594ee9b33d82058545b1ed14f4c8206e,fcp,reddit-billgates-post-1.billg,True,reddit-billgates-post-1.billg fcp opt cold fission webrender,,77,ms,firefox,,1790213240,2023-11-06 22:42:13,1328113,,,,,,,,,,,,,,,,,,,,,,,,,,,,,,,,,,,,,,,,,,,,,,,,,TN
1250,352bc91163706c64c154a76e5f8cef749b955a20,0.12476722532588458,autoland,4060709,13,fd0dfc9511c4c123e048823de9954312c2b907c1,linux1804-64-shippable-qr,True,False,,|c|o|l|d| |f|i|s|s|i|o|n| |i|n|t|e|r|a|c|t|i|v|e| |w|e|b|r|e|n|d|e|r|,102210fe594ee9b33d82058545b1ed14f4c8206e,fcp,reddit-billgates-post-1.billg,True,reddit-billgates-post-1.billg fcp opt cold fission webrender,,77,ms,firefox,,1790213056,2023-11-06 22:47:15,1328114,,,,,,,,,,,,,,,,,,,,,,,,,,,,,,,,,,,,,,,,,,,,,,,,,TN
1251,45d2c2d6343e237f1890eba5bd19d5b37ba133e6,0.17178770949720668,autoland,4060709,13,fd0dfc9511c4c123e048823de9954312c2b907c1,linux1804-64-shippable-qr,True,False,,|c|o|l|d| |f|i|s|s|i|o|n| |i|n|t|e|r|a|c|t|i|v|e| |w|e|b|r|e|n|d|e|r|,102210fe594ee9b33d82058545b1ed14f4c8206e,fcp,reddit-billgates-post-1.billg,True,reddit-billgates-post-1.billg fcp opt cold fission webrender,,77,ms,firefox,,1790213350,2023-11-06 22:57:31,1328117,,,,,,,,,,,,,,,,,,,,,,,,,,,,,,,,,,,,,,,,,,,,,,,,,TN
1252,43b59cbb85aaf216a5e94928885da93afceadbe9,0.05353817504655495,autoland,4060709,13,fd0dfc9511c4c123e048823de9954312c2b907c1,linux1804-64-shippable-qr,True,False,,|c|o|l|d| |f|i|s|s|i|o|n| |i|n|t|e|r|a|c|t|i|v|e| |w|e|b|r|e|n|d|e|r|,102210fe594ee9b33d82058545b1ed14f4c8206e,fcp,reddit-billgates-post-1.billg,True,reddit-billgates-post-1.billg fcp opt cold fission webrender,,77,ms,firefox,,1790211284,2023-11-06 23:13:47,1328119,,,,,,,,,,,,,,,,,,,,,,,,,,,,,,,,,,,,,,,,,,,,,,,,,TN
1253,b94cf8b4d458998cb3ed56160bd04d8905245391,0.12057728119180633,autoland,4060709,13,fd0dfc9511c4c123e048823de9954312c2b907c1,linux1804-64-shippable-qr,True,False,,|c|o|l|d| |f|i|s|s|i|o|n| |i|n|t|e|r|a|c|t|i|v|e| |w|e|b|r|e|n|d|e|r|,102210fe594ee9b33d82058545b1ed14f4c8206e,fcp,reddit-billgates-post-1.billg,True,reddit-billgates-post-1.billg fcp opt cold fission webrender,,77,ms,firefox,,1790213472,2023-11-06 23:21:39,1328121,,,,,,,,,,,,,,,,,,,,,,,,,,,,,,,,,,,,,,,,,,,,,,,,,TN
1254,b67f6f17bf520d00fc9e23cc215fd03aec839c93,0.12709497206703912,autoland,4060709,13,fd0dfc9511c4c123e048823de9954312c2b907c1,linux1804-64-shippable-qr,True,False,,|c|o|l|d| |f|i|s|s|i|o|n| |i|n|t|e|r|a|c|t|i|v|e| |w|e|b|r|e|n|d|e|r|,102210fe594ee9b33d82058545b1ed14f4c8206e,fcp,reddit-billgates-post-1.billg,True,reddit-billgates-post-1.billg fcp opt cold fission webrender,,77,ms,firefox,,1790213213,2023-11-07 00:00:20,1328241,,,,,,,,,,,,,,,,,,,,,,,,,,,,,,,,,,,,,,,,,,,,,,,,,TN
1255,22256b82c89493a7c2988d3a553459619eb1874d,0.12383612662942267,autoland,4060709,13,fd0dfc9511c4c123e048823de9954312c2b907c1,linux1804-64-shippable-qr,True,False,,|c|o|l|d| |f|i|s|s|i|o|n| |i|n|t|e|r|a|c|t|i|v|e| |w|e|b|r|e|n|d|e|r|,102210fe594ee9b33d82058545b1ed14f4c8206e,fcp,reddit-billgates-post-1.billg,True,reddit-billgates-post-1.billg fcp opt cold fission webrender,,77,ms,firefox,,1790212870,2023-11-07 00:10:25,1328244,,,,,,,,,,,,,,,,,,,,,,,,,,,,,,,,,,,,,,,,,,,,,,,,,TN
1256,cc685dc9db5ee6a3f33efb0607ca72354addd71f,0.12802607076350092,autoland,4060709,13,fd0dfc9511c4c123e048823de9954312c2b907c1,linux1804-64-shippable-qr,True,False,,|c|o|l|d| |f|i|s|s|i|o|n| |i|n|t|e|r|a|c|t|i|v|e| |w|e|b|r|e|n|d|e|r|,102210fe594ee9b33d82058545b1ed14f4c8206e,fcp,reddit-billgates-post-1.billg,True,reddit-billgates-post-1.billg fcp opt cold fission webrender,,77,ms,firefox,,1790213128,2023-11-07 00:20:50,1328251,,,,,,,,,,,,,,,,,,,,,,,,,,,,,,,,,,,,,,,,,,,,,,,,,TN
1257,05f23c29b41cfcb7bfe0b081854260fa6d04388f,0.1296554934823091,autoland,4060709,13,fd0dfc9511c4c123e048823de9954312c2b907c1,linux1804-64-shippable-qr,True,False,,|c|o|l|d| |f|i|s|s|i|o|n| |i|n|t|e|r|a|c|t|i|v|e| |w|e|b|r|e|n|d|e|r|,102210fe594ee9b33d82058545b1ed14f4c8206e,fcp,reddit-billgates-post-1.billg,True,reddit-billgates-post-1.billg fcp opt cold fission webrender,,77,ms,firefox,,1788956776,2023-11-07 01:37:21,1328269,,,,,,,,,,,,,,,,,,,,,,,,,,,,,,,,,,,,,,,,,,,,,,,,,TN
1258,6e2a2b5bb5913d493da900bb833b117d23d8dae7,0.12313780260707641,autoland,4060709,13,fd0dfc9511c4c123e048823de9954312c2b907c1,linux1804-64-shippable-qr,True,False,,|c|o|l|d| |f|i|s|s|i|o|n| |i|n|t|e|r|a|c|t|i|v|e| |w|e|b|r|e|n|d|e|r|,102210fe594ee9b33d82058545b1ed14f4c8206e,fcp,reddit-billgates-post-1.billg,True,reddit-billgates-post-1.billg fcp opt cold fission webrender,,77,ms,firefox,,1790287728,2023-11-07 03:28:20,1328292,,,,,,,,,,,,,,,,,,,,,,,,,,,,,,,,,,,,,,,,,,,,,,,,,TN
1259,2516d38fcdfa499e0c7ff0a8aaea0a4322a9d6cb,0.1361731843575419,autoland,4060709,13,fd0dfc9511c4c123e048823de9954312c2b907c1,linux1804-64-shippable-qr,True,False,,|c|o|l|d| |f|i|s|s|i|o|n| |i|n|t|e|r|a|c|t|i|v|e| |w|e|b|r|e|n|d|e|r|,102210fe594ee9b33d82058545b1ed14f4c8206e,fcp,reddit-billgates-post-1.billg,True,reddit-billgates-post-1.billg fcp opt cold fission webrender,,77,ms,firefox,,1790286043,2023-11-07 04:39:53,1328299,,,,,,,,,,,,,,,,,,,,,,,,,,,,,,,,,,,,,,,,,,,,,,,,,TN
1260,5f6163941f402e507f0d384b9904f2a425a28d57,0.12383612662942267,autoland,4060709,13,fd0dfc9511c4c123e048823de9954312c2b907c1,linux1804-64-shippable-qr,True,False,,|c|o|l|d| |f|i|s|s|i|o|n| |i|n|t|e|r|a|c|t|i|v|e| |w|e|b|r|e|n|d|e|r|,102210fe594ee9b33d82058545b1ed14f4c8206e,fcp,reddit-billgates-post-1.billg,True,reddit-billgates-post-1.billg fcp opt cold fission webrender,,77,ms,firefox,,1789112487,2023-11-07 05:57:42,1328312,,,,,,,,,,,,,,,,,,,,,,,,,,,,,,,,,,,,,,,,,,,,,,,,,TN
1261,910d9a3cb77f09ec36ab615e00049c4e807280dd,0.1296554934823091,autoland,4060709,13,fd0dfc9511c4c123e048823de9954312c2b907c1,linux1804-64-shippable-qr,True,False,,|c|o|l|d| |f|i|s|s|i|o|n| |i|n|t|e|r|a|c|t|i|v|e| |w|e|b|r|e|n|d|e|r|,102210fe594ee9b33d82058545b1ed14f4c8206e,fcp,reddit-billgates-post-1.billg,True,reddit-billgates-post-1.billg fcp opt cold fission webrender,,77,ms,firefox,,1790290493,2023-11-07 06:37:41,1328316,,,,,,,,,,,,,,,,,,,,,,,,,,,,,,,,,,,,,,,,,,,,,,,,,TN
1262,e55915ea2f228d364110cbb3a233de8b0bc1fb5b,0.1305865921787709,autoland,4060709,13,fd0dfc9511c4c123e048823de9954312c2b907c1,linux1804-64-shippable-qr,True,False,,|c|o|l|d| |f|i|s|s|i|o|n| |i|n|t|e|r|a|c|t|i|v|e| |w|e|b|r|e|n|d|e|r|,102210fe594ee9b33d82058545b1ed14f4c8206e,fcp,reddit-billgates-post-1.billg,True,reddit-billgates-post-1.billg fcp opt cold fission webrender,,77,ms,firefox,,1790301993,2023-11-07 07:02:30,1328319,,,,,,,,,,,,,,,,,,,,,,,,,,,,,,,,,,,,,,,,,,,,,,,,,TN
1263,7a3978f0626b31f7d311cbc700a8ad6eef3c38a7,0.11545623836126628,autoland,4060709,13,fd0dfc9511c4c123e048823de9954312c2b907c1,linux1804-64-shippable-qr,True,False,,|c|o|l|d| |f|i|s|s|i|o|n| |i|n|t|e|r|a|c|t|i|v|e| |w|e|b|r|e|n|d|e|r|,102210fe594ee9b33d82058545b1ed14f4c8206e,fcp,reddit-billgates-post-1.billg,True,reddit-billgates-post-1.billg fcp opt cold fission webrender,,77,ms,firefox,,1789159305,2023-11-07 07:13:43,1328322,,,,,,,,,,,,,,,,,,,,,,,,,,,,,,,,,,,,,,,,,,,,,,,,,TN
1264,3a6678776d36c32f58fe521d73f09bbc1478cbbb,0.10963687150837986,autoland,4060709,13,fd0dfc9511c4c123e048823de9954312c2b907c1,linux1804-64-shippable-qr,True,False,,|c|o|l|d| |f|i|s|s|i|o|n| |i|n|t|e|r|a|c|t|i|v|e| |w|e|b|r|e|n|d|e|r|,102210fe594ee9b33d82058545b1ed14f4c8206e,fcp,reddit-billgates-post-1.billg,True,reddit-billgates-post-1.billg fcp opt cold fission webrender,,77,ms,firefox,,1789372124,2023-11-07 15:22:28,1328534,,,,,,,,,,,,,,,,,,,,,,,,,,,,,,,,,,,,,,,,,,,,,,,,,TN
1265,2f5322fade4338f844537e7e14979d023e4b7d48,0.19762569832402233,autoland,4060709,13,fd0dfc9511c4c123e048823de9954312c2b907c1,linux1804-64-shippable-qr,True,False,,|c|o|l|d| |f|i|s|s|i|o|n| |i|n|t|e|r|a|c|t|i|v|e| |w|e|b|r|e|n|d|e|r|,102210fe594ee9b33d82058545b1ed14f4c8206e,fcp,reddit-billgates-post-1.billg,True,reddit-billgates-post-1.billg fcp opt cold fission webrender,,77,ms,firefox,,1789530525,2023-11-07 20:38:50,1328596,,,,,,,,,,,,,,,,,,,,,,,,,,,,,,,,,,,,,,,,,,,,,,,,,TN
1266,a68dd6c75952b039fd90f5f3236f2bb2c5313d30,0.13175046554934822,autoland,4060709,13,fd0dfc9511c4c123e048823de9954312c2b907c1,linux1804-64-shippable-qr,True,False,,|c|o|l|d| |f|i|s|s|i|o|n| |i|n|t|e|r|a|c|t|i|v|e| |w|e|b|r|e|n|d|e|r|,102210fe594ee9b33d82058545b1ed14f4c8206e,fcp,reddit-billgates-post-1.billg,True,reddit-billgates-post-1.billg fcp opt cold fission webrender,,77,ms,firefox,,1789823595,2023-11-07 20:41:36,1328601,,,,,,,,,,,,,,,,,,,,,,,,,,,,,,,,,,,,,,,,,,,,,,,,,TN
1267,7ec4b8cb61720f01749a68ec9a3e7a9d62f9edca,0.1274441340782123,autoland,4060709,13,fd0dfc9511c4c123e048823de9954312c2b907c1,linux1804-64-shippable-qr,True,False,,|c|o|l|d| |f|i|s|s|i|o|n| |i|n|t|e|r|a|c|t|i|v|e| |w|e|b|r|e|n|d|e|r|,102210fe594ee9b33d82058545b1ed14f4c8206e,fcp,reddit-billgates-post-1.billg,True,reddit-billgates-post-1.billg fcp opt cold fission webrender,,77,ms,firefox,,1789841202,2023-11-07 20:42:28,1328602,,,,,,,,,,,,,,,,,,,,,,,,,,,,,,,,,,,,,,,,,,,,,,,,,TN
1268,0cb5b12aa2dffce0f3c4119e0e4a1bdeeb5bbd31,0.10591247672253257,autoland,4060709,13,fd0dfc9511c4c123e048823de9954312c2b907c1,linux1804-64-shippable-qr,True,False,,|c|o|l|d| |f|i|s|s|i|o|n| |i|n|t|e|r|a|c|t|i|v|e| |w|e|b|r|e|n|d|e|r|,102210fe594ee9b33d82058545b1ed14f4c8206e,fcp,reddit-billgates-post-1.billg,True,reddit-billgates-post-1.billg fcp opt cold fission webrender,,77,ms,firefox,,1789829658,2023-11-07 20:43:20,1328605,,,,,,,,,,,,,,,,,,,,,,,,,,,,,,,,,,,,,,,,,,,,,,,,,TN
1269,146ef5c46755802d7609ece035e0115301c936bd,0.15293296089385466,autoland,4060709,13,fd0dfc9511c4c123e048823de9954312c2b907c1,linux1804-64-shippable-qr,True,False,,|c|o|l|d| |f|i|s|s|i|o|n| |i|n|t|e|r|a|c|t|i|v|e| |w|e|b|r|e|n|d|e|r|,102210fe594ee9b33d82058545b1ed14f4c8206e,fcp,reddit-billgates-post-1.billg,True,reddit-billgates-post-1.billg fcp opt cold fission webrender,,77,ms,firefox,,1789630748,2023-11-07 23:09:36,1328770,,,,,,,,,,,,,,,,,,,,,,,,,,,,,,,,,,,,,,,,,,,,,,,,,TN
1270,bf0c12a3c9849d9076678237eb16ad1452df16bd,0.14315642458100564,autoland,4060709,13,fd0dfc9511c4c123e048823de9954312c2b907c1,linux1804-64-shippable-qr,True,False,,|c|o|l|d| |f|i|s|s|i|o|n| |i|n|t|e|r|a|c|t|i|v|e| |w|e|b|r|e|n|d|e|r|,102210fe594ee9b33d82058545b1ed14f4c8206e,fcp,reddit-billgates-post-1.billg,True,reddit-billgates-post-1.billg fcp opt cold fission webrender,,77,ms,firefox,,1790562547,2023-11-08 00:10:31,1328803,,,,,,,,,,,,,,,,,,,,,,,,,,,,,,,,,,,,,,,,,,,,,,,,,TN
1271,36cd4787833aa50ad51341da086befe9ab591119,0.12523277467411553,autoland,4060709,13,fd0dfc9511c4c123e048823de9954312c2b907c1,linux1804-64-shippable-qr,True,False,,|c|o|l|d| |f|i|s|s|i|o|n| |i|n|t|e|r|a|c|t|i|v|e| |w|e|b|r|e|n|d|e|r|,102210fe594ee9b33d82058545b1ed14f4c8206e,fcp,reddit-billgates-post-1.billg,True,reddit-billgates-post-1.billg fcp opt cold fission webrender,,77,ms,firefox,,1790545118,2023-11-08 00:11:37,1328804,,,,,,,,,,,,,,,,,,,,,,,,,,,,,,,,,,,,,,,,,,,,,,,,,TN
1272,54f6a0fa6c5ffe3ce0a5f981a4cdedc058256898,0.14641527001862198,autoland,4060709,13,fd0dfc9511c4c123e048823de9954312c2b907c1,linux1804-64-shippable-qr,True,False,,|c|o|l|d| |f|i|s|s|i|o|n| |i|n|t|e|r|a|c|t|i|v|e| |w|e|b|r|e|n|d|e|r|,102210fe594ee9b33d82058545b1ed14f4c8206e,fcp,reddit-billgates-post-1.billg,True,reddit-billgates-post-1.billg fcp opt cold fission webrender,,77,ms,firefox,,1789678070,2023-11-08 00:15:37,1328812,,,,,,,,,,,,,,,,,,,,,,,,,,,,,,,,,,,,,,,,,,,,,,,,,TN
1273,68721f0d6aec0facf9c8f271ea2bb2719348014a,0.13873370577281186,autoland,4060709,13,fd0dfc9511c4c123e048823de9954312c2b907c1,linux1804-64-shippable-qr,True,False,,|c|o|l|d| |f|i|s|s|i|o|n| |i|n|t|e|r|a|c|t|i|v|e| |w|e|b|r|e|n|d|e|r|,102210fe594ee9b33d82058545b1ed14f4c8206e,fcp,reddit-billgates-post-1.billg,True,reddit-billgates-post-1.billg fcp opt cold fission webrender,,77,ms,firefox,,1789855329,2023-11-08 05:24:12,1328912,,,,,,,,,,,,,,,,,,,,,,,,,,,,,,,,,,,,,,,,,,,,,,,,,TN
1274,578787894d0e996af4d743caf71b5501330fb2ab,0.11010242085661082,autoland,4060709,13,fd0dfc9511c4c123e048823de9954312c2b907c1,linux1804-64-shippable-qr,True,False,,|c|o|l|d| |f|i|s|s|i|o|n| |i|n|t|e|r|a|c|t|i|v|e| |w|e|b|r|e|n|d|e|r|,102210fe594ee9b33d82058545b1ed14f4c8206e,fcp,reddit-billgates-post-1.billg,True,reddit-billgates-post-1.billg fcp opt cold fission webrender,,77,ms,firefox,,1789962123,2023-11-08 09:44:01,1328973,,,,,,,,,,,,,,,,,,,,,,,,,,,,,,,,,,,,,,,,,,,,,,,,,TN
1275,e65fca949600e3163fd1befd6423958e0bc70029,0.12662942271880817,autoland,4060709,13,fd0dfc9511c4c123e048823de9954312c2b907c1,linux1804-64-shippable-qr,True,False,,|c|o|l|d| |f|i|s|s|i|o|n| |i|n|t|e|r|a|c|t|i|v|e| |w|e|b|r|e|n|d|e|r|,102210fe594ee9b33d82058545b1ed14f4c8206e,fcp,reddit-billgates-post-1.billg,True,reddit-billgates-post-1.billg fcp opt cold fission webrender,,77,ms,firefox,,1789987379,2023-11-08 09:46:58,1328975,,,,,,,,,,,,,,,,,,,,,,,,,,,,,,,,,,,,,,,,,,,,,,,,,TN
1276,41529cdc86384f74205666f1f5b781a95de98e58,0.13361266294227192,autoland,4060709,13,fd0dfc9511c4c123e048823de9954312c2b907c1,linux1804-64-shippable-qr,True,False,,|c|o|l|d| |f|i|s|s|i|o|n| |i|n|t|e|r|a|c|t|i|v|e| |w|e|b|r|e|n|d|e|r|,102210fe594ee9b33d82058545b1ed14f4c8206e,fcp,reddit-billgates-post-1.billg,True,reddit-billgates-post-1.billg fcp opt cold fission webrender,,77,ms,firefox,,1790649657,2023-11-08 11:14:55,1329030,,,,,,,,,,,,,,,,,,,,,,,,,,,,,,,,,,,,,,,,,,,,,,,,,TN
1277,008d97a8a9a984bfdc4a96e3ce3340b1b4e998ce,0.14432029795158285,autoland,4060709,13,fd0dfc9511c4c123e048823de9954312c2b907c1,linux1804-64-shippable-qr,True,False,,|c|o|l|d| |f|i|s|s|i|o|n| |i|n|t|e|r|a|c|t|i|v|e| |w|e|b|r|e|n|d|e|r|,102210fe594ee9b33d82058545b1ed14f4c8206e,fcp,reddit-billgates-post-1.billg,True,reddit-billgates-post-1.billg fcp opt cold fission webrender,,77,ms,firefox,,1790636368,2023-11-08 11:17:38,1329031,,,,,,,,,,,,,,,,,,,,,,,,,,,,,,,,,,,,,,,,,,,,,,,,,TN
1278,ae536a17c1ffbb830141240a38f81e032b6645ea,0.16038175046554937,autoland,4060709,13,fd0dfc9511c4c123e048823de9954312c2b907c1,linux1804-64-shippable-qr,True,False,,|c|o|l|d| |f|i|s|s|i|o|n| |i|n|t|e|r|a|c|t|i|v|e| |w|e|b|r|e|n|d|e|r|,102210fe594ee9b33d82058545b1ed14f4c8206e,fcp,reddit-billgates-post-1.billg,True,reddit-billgates-post-1.billg fcp opt cold fission webrender,,77,ms,firefox,,1790092798,2023-11-08 13:41:28,1329115,,,,,,,,,,,,,,,,,,,,,,,,,,,,,,,,,,,,,,,,,,,,,,,,,TN
1279,f1fb5f0afb5896b5c30e6a9b1439a9c4de4a3db2,0.13500931098696467,autoland,4060709,13,fd0dfc9511c4c123e048823de9954312c2b907c1,linux1804-64-shippable-qr,True,False,,|c|o|l|d| |f|i|s|s|i|o|n| |i|n|t|e|r|a|c|t|i|v|e| |w|e|b|r|e|n|d|e|r|,102210fe594ee9b33d82058545b1ed14f4c8206e,fcp,reddit-billgates-post-1.billg,True,reddit-billgates-post-1.billg fcp opt cold fission webrender,,77,ms,firefox,,1790178768,2023-11-08 17:45:21,1329261,,,,,,,,,,,,,,,,,,,,,,,,,,,,,,,,,,,,,,,,,,,,,,,,,TN
1280,9b044e3ed5981e128922152098934a6691bfcd97,0.12756052141527008,autoland,4060709,13,fd0dfc9511c4c123e048823de9954312c2b907c1,linux1804-64-shippable-qr,True,False,,|c|o|l|d| |f|i|s|s|i|o|n| |i|n|t|e|r|a|c|t|i|v|e| |w|e|b|r|e|n|d|e|r|,102210fe594ee9b33d82058545b1ed14f4c8206e,fcp,reddit-billgates-post-1.billg,True,reddit-billgates-post-1.billg fcp opt cold fission webrender,,77,ms,firefox,,1790389184,2023-11-08 23:10:55,1329500,,,,,,,,,,,,,,,,,,,,,,,,,,,,,,,,,,,,,,,,,,,,,,,,,TN
1281,fd3f50f4dce00592f4da8f972037ced4a0c9f5be,0.11545623836126628,autoland,4060709,13,fd0dfc9511c4c123e048823de9954312c2b907c1,linux1804-64-shippable-qr,True,False,,|c|o|l|d| |f|i|s|s|i|o|n| |i|n|t|e|r|a|c|t|i|v|e| |w|e|b|r|e|n|d|e|r|,102210fe594ee9b33d82058545b1ed14f4c8206e,fcp,reddit-billgates-post-1.billg,True,reddit-billgates-post-1.billg fcp opt cold fission webrender,,77,ms,firefox,,1790418520,2023-11-09 00:04:05,1329532,,,,,,,,,,,,,,,,,,,,,,,,,,,,,,,,,,,,,,,,,,,,,,,,,TN
1282,975206b939dc6e4f823a1a29c703dd586e4157b9,0.13710428305400368,autoland,4060709,13,fd0dfc9511c4c123e048823de9954312c2b907c1,linux1804-64-shippable-qr,True,False,,|c|o|l|d| |f|i|s|s|i|o|n| |i|n|t|e|r|a|c|t|i|v|e| |w|e|b|r|e|n|d|e|r|,102210fe594ee9b33d82058545b1ed14f4c8206e,fcp,reddit-billgates-post-1.billg,True,reddit-billgates-post-1.billg fcp opt cold fission webrender,,77,ms,firefox,,1790617889,2023-11-09 04:14:58,1329628,,,,,,,,,,,,,,,,,,,,,,,,,,,,,,,,,,,,,,,,,,,,,,,,,TN
1283,d0c4fdebcd36de1f0361cb29103afbf36e498521,0.16945996275605213,autoland,4060709,13,fd0dfc9511c4c123e048823de9954312c2b907c1,linux1804-64-shippable-qr,True,False,,|c|o|l|d| |f|i|s|s|i|o|n| |i|n|t|e|r|a|c|t|i|v|e| |w|e|b|r|e|n|d|e|r|,102210fe594ee9b33d82058545b1ed14f4c8206e,fcp,reddit-billgates-post-1.billg,True,reddit-billgates-post-1.billg fcp opt cold fission webrender,,77,ms,firefox,,1790730125,2023-11-09 08:18:01,1329688,,,,,,,,,,,,,,,,,,,,,,,,,,,,,,,,,,,,,,,,,,,,,,,,,TN
1284,5392006086fa6f66b9c2f5919b8c65d04cf44936,0.13384543761638734,autoland,4060709,13,fd0dfc9511c4c123e048823de9954312c2b907c1,linux1804-64-shippable-qr,True,False,,|c|o|l|d| |f|i|s|s|i|o|n| |i|n|t|e|r|a|c|t|i|v|e| |w|e|b|r|e|n|d|e|r|,102210fe594ee9b33d82058545b1ed14f4c8206e,fcp,reddit-billgates-post-1.billg,True,reddit-billgates-post-1.billg fcp opt cold fission webrender,,77,ms,firefox,,1790752618,2023-11-09 08:32:31,1329693,,,,,,,,,,,,,,,,,,,,,,,,,,,,,,,,,,,,,,,,,,,,,,,,,TN
1285,0d25aa82c9421a1a0e1d9bf224094a9feaa083c0,0.14455307262569828,autoland,4060709,13,fd0dfc9511c4c123e048823de9954312c2b907c1,linux1804-64-shippable-qr,True,False,,|c|o|l|d| |f|i|s|s|i|o|n| |i|n|t|e|r|a|c|t|i|v|e| |w|e|b|r|e|n|d|e|r|,102210fe594ee9b33d82058545b1ed14f4c8206e,fcp,reddit-billgates-post-1.billg,True,reddit-billgates-post-1.billg fcp opt cold fission webrender,,77,ms,firefox,,1790923677,2023-11-09 12:39:55,1329818,,,,,,,,,,,,,,,,,,,,,,,,,,,,,,,,,,,,,,,,,,,,,,,,,TN
1286,af9d30c92582a30a1e7987079e780e59aa69ab7b,0.11080074487895719,autoland,4060709,13,fd0dfc9511c4c123e048823de9954312c2b907c1,linux1804-64-shippable-qr,True,False,,|c|o|l|d| |f|i|s|s|i|o|n| |i|n|t|e|r|a|c|t|i|v|e| |w|e|b|r|e|n|d|e|r|,102210fe594ee9b33d82058545b1ed14f4c8206e,fcp,reddit-billgates-post-1.billg,True,reddit-billgates-post-1.billg fcp opt cold fission webrender,,77,ms,firefox,,1791000636,2023-11-09 13:52:13,1329843,,,,,,,,,,,,,,,,,,,,,,,,,,,,,,,,,,,,,,,,,,,,,,,,,TN
1287,1eda7f37f458e81d7c275eb0a3e1959cdfdb5053,0.1184823091247672,autoland,4060709,13,fd0dfc9511c4c123e048823de9954312c2b907c1,linux1804-64-shippable-qr,True,False,,|c|o|l|d| |f|i|s|s|i|o|n| |i|n|t|e|r|a|c|t|i|v|e| |w|e|b|r|e|n|d|e|r|,102210fe594ee9b33d82058545b1ed14f4c8206e,fcp,reddit-billgates-post-1.billg,True,reddit-billgates-post-1.billg fcp opt cold fission webrender,,77,ms,firefox,,1791110025,2023-11-09 18:06:54,1329987,,,,,,,,,,,,,,,,,,,,,,,,,,,,,,,,,,,,,,,,,,,,,,,,,TN
1288,938e6fc607623834483a5ab95019520814f10ee8,0.12639664804469275,autoland,4060709,13,fd0dfc9511c4c123e048823de9954312c2b907c1,linux1804-64-shippable-qr,True,False,,|c|o|l|d| |f|i|s|s|i|o|n| |i|n|t|e|r|a|c|t|i|v|e| |w|e|b|r|e|n|d|e|r|,102210fe594ee9b33d82058545b1ed14f4c8206e,fcp,reddit-billgates-post-1.billg,True,reddit-billgates-post-1.billg fcp opt cold fission webrender,,77,ms,firefox,,1791186809,2023-11-09 18:57:17,1330029,,,,,,,,,,,,,,,,,,,,,,,,,,,,,,,,,,,,,,,,,,,,,,,,,TN
1289,d3aff5d6c69730c6f26eb54b7e24fdd203480069,0.14641527001862198,autoland,4060709,13,fd0dfc9511c4c123e048823de9954312c2b907c1,linux1804-64-shippable-qr,True,False,,|c|o|l|d| |f|i|s|s|i|o|n| |i|n|t|e|r|a|c|t|i|v|e| |w|e|b|r|e|n|d|e|r|,102210fe594ee9b33d82058545b1ed14f4c8206e,fcp,reddit-billgates-post-1.billg,True,reddit-billgates-post-1.billg fcp opt cold fission webrender,,77,ms,firefox,,1791435647,2023-11-09 23:53:27,1330185,,,,,,,,,,,,,,,,,,,,,,,,,,,,,,,,,,,,,,,,,,,,,,,,,TN
1290,543c915fc8c6775cd665ad6ebe58df0f46e9198c,0.1475791433891993,autoland,4060709,13,fd0dfc9511c4c123e048823de9954312c2b907c1,linux1804-64-shippable-qr,True,False,,|c|o|l|d| |f|i|s|s|i|o|n| |i|n|t|e|r|a|c|t|i|v|e| |w|e|b|r|e|n|d|e|r|,102210fe594ee9b33d82058545b1ed14f4c8206e,fcp,reddit-billgates-post-1.billg,True,reddit-billgates-post-1.billg fcp opt cold fission webrender,,77,ms,firefox,,1791352829,2023-11-10 00:18:00,1330200,,,,,,,,,,,,,,,,,,,,,,,,,,,,,,,,,,,,,,,,,,,,,,,,,TN
1291,5fcc529533b87c657e0dd95ea8cdd37f7cbac5c0,0.11778398510242083,autoland,4060709,13,fd0dfc9511c4c123e048823de9954312c2b907c1,linux1804-64-shippable-qr,True,False,,|c|o|l|d| |f|i|s|s|i|o|n| |i|n|t|e|r|a|c|t|i|v|e| |w|e|b|r|e|n|d|e|r|,102210fe594ee9b33d82058545b1ed14f4c8206e,fcp,reddit-billgates-post-1.billg,True,reddit-billgates-post-1.billg fcp opt cold fission webrender,,77,ms,firefox,,1791580588,2023-11-10 06:00:15,1330263,,,,,,,,,,,,,,,,,,,,,,,,,,,,,,,,,,,,,,,,,,,,,,,,,TN
1292,2033848fe740a46b19d19b2689365e6d5122d399,0.11033519553072624,autoland,4060709,13,fd0dfc9511c4c123e048823de9954312c2b907c1,linux1804-64-shippable-qr,True,False,,|c|o|l|d| |f|i|s|s|i|o|n| |i|n|t|e|r|a|c|t|i|v|e| |w|e|b|r|e|n|d|e|r|,102210fe594ee9b33d82058545b1ed14f4c8206e,fcp,reddit-billgates-post-1.billg,True,reddit-billgates-post-1.billg fcp opt cold fission webrender,,77,ms,firefox,,1791728879,2023-11-10 10:16:47,1330353,,,,,,,,,,,,,,,,,,,,,,,,,,,,,,,,,,,,,,,,,,,,,,,,,TN
1293,e2c6fa08aa82b40d8316fc19e08ea45be70e9292,0.13012104283054005,autoland,4060709,13,fd0dfc9511c4c123e048823de9954312c2b907c1,linux1804-64-shippable-qr,True,False,,|c|o|l|d| |f|i|s|s|i|o|n| |i|n|t|e|r|a|c|t|i|v|e| |w|e|b|r|e|n|d|e|r|,102210fe594ee9b33d82058545b1ed14f4c8206e,fcp,reddit-billgates-post-1.billg,True,reddit-billgates-post-1.billg fcp opt cold fission webrender,,77,ms,firefox,,1791801635,2023-11-10 14:18:06,1330451,,,,,,,,,,,,,,,,,,,,,,,,,,,,,,,,,,,,,,,,,,,,,,,,,TN
1294,5333a7b4673f82c2a84b3bf4e2547ca4b7f058f1,0.10986964618249528,autoland,4060709,13,fd0dfc9511c4c123e048823de9954312c2b907c1,linux1804-64-shippable-qr,True,False,,|c|o|l|d| |f|i|s|s|i|o|n| |i|n|t|e|r|a|c|t|i|v|e| |w|e|b|r|e|n|d|e|r|,102210fe594ee9b33d82058545b1ed14f4c8206e,fcp,reddit-billgates-post-1.billg,True,reddit-billgates-post-1.billg fcp opt cold fission webrender,,77,ms,firefox,,1792235244,2023-11-10 14:36:50,1330458,,,,,,,,,,,,,,,,,,,,,,,,,,,,,,,,,,,,,,,,,,,,,,,,,TN
1295,b2f6c4b727ceb6bc9b6101de6557ff283ca94816,0.13035381750465547,autoland,4060709,13,fd0dfc9511c4c123e048823de9954312c2b907c1,linux1804-64-shippable-qr,True,False,,|c|o|l|d| |f|i|s|s|i|o|n| |i|n|t|e|r|a|c|t|i|v|e| |w|e|b|r|e|n|d|e|r|,102210fe594ee9b33d82058545b1ed14f4c8206e,fcp,reddit-billgates-post-1.billg,True,reddit-billgates-post-1.billg fcp opt cold fission webrender,,77,ms,firefox,,1792236740,2023-11-10 14:39:32,1330462,,,,,,,,,,,,,,,,,,,,,,,,,,,,,,,,,,,,,,,,,,,,,,,,,TN
1296,f90b853d9b0b112db86ff41fcce843afb13939ce,0.12174115456238366,autoland,4060709,13,fd0dfc9511c4c123e048823de9954312c2b907c1,linux1804-64-shippable-qr,True,False,,|c|o|l|d| |f|i|s|s|i|o|n| |i|n|t|e|r|a|c|t|i|v|e| |w|e|b|r|e|n|d|e|r|,102210fe594ee9b33d82058545b1ed14f4c8206e,fcp,reddit-billgates-post-1.billg,True,reddit-billgates-post-1.billg fcp opt cold fission webrender,,77,ms,firefox,,1791816526,2023-11-10 14:48:51,1330467,,,,,,,,,,,,,,,,,,,,,,,,,,,,,,,,,,,,,,,,,,,,,,,,,TN
1297,740891aba7f0d05a95960669bd6efe7b25177226,0.143854748603352,autoland,4060709,13,fd0dfc9511c4c123e048823de9954312c2b907c1,linux1804-64-shippable-qr,True,False,,|c|o|l|d| |f|i|s|s|i|o|n| |i|n|t|e|r|a|c|t|i|v|e| |w|e|b|r|e|n|d|e|r|,102210fe594ee9b33d82058545b1ed14f4c8206e,fcp,reddit-billgates-post-1.billg,True,reddit-billgates-post-1.billg fcp opt cold fission webrender,,77,ms,firefox,,1792116483,2023-11-10 23:46:31,1330635,,,,,,,,,,,,,,,,,,,,,,,,,,,,,,,,,,,,,,,,,,,,,,,,,TN
1298,94bbd4bd056a20549029ecbc07c9a4b5da968789,0.14315642458100564,autoland,4060709,13,fd0dfc9511c4c123e048823de9954312c2b907c1,linux1804-64-shippable-qr,True,False,,|c|o|l|d| |f|i|s|s|i|o|n| |i|n|t|e|r|a|c|t|i|v|e| |w|e|b|r|e|n|d|e|r|,102210fe594ee9b33d82058545b1ed14f4c8206e,fcp,reddit-billgates-post-1.billg,True,reddit-billgates-post-1.billg fcp opt cold fission webrender,,77,ms,firefox,,1792285409,2023-11-11 06:55:04,1330673,,,,,,,,,,,,,,,,,,,,,,,,,,,,,,,,,,,,,,,,,,,,,,,,,TN
1299,29fb30143955ee92cd789fd467326c47f82f7968,0.12639664804469275,autoland,4060709,13,fd0dfc9511c4c123e048823de9954312c2b907c1,linux1804-64-shippable-qr,True,False,,|c|o|l|d| |f|i|s|s|i|o|n| |i|n|t|e|r|a|c|t|i|v|e| |w|e|b|r|e|n|d|e|r|,102210fe594ee9b33d82058545b1ed14f4c8206e,fcp,reddit-billgates-post-1.billg,True,reddit-billgates-post-1.billg fcp opt cold fission webrender,,77,ms,firefox,,1792323550,2023-11-11 08:27:10,1330680,,,,,,,,,,,,,,,,,,,,,,,,,,,,,,,,,,,,,,,,,,,,,,,,,TN
1300,81243364a707b159122b0c5ee8e682567162117c,0.13081936685288642,autoland,4060709,13,fd0dfc9511c4c123e048823de9954312c2b907c1,linux1804-64-shippable-qr,True,False,,|c|o|l|d| |f|i|s|s|i|o|n| |i|n|t|e|r|a|c|t|i|v|e| |w|e|b|r|e|n|d|e|r|,102210fe594ee9b33d82058545b1ed14f4c8206e,fcp,reddit-billgates-post-1.billg,True,reddit-billgates-post-1.billg fcp opt cold fission webrender,,77,ms,firefox,,1792430028,2023-11-11 12:34:55,1330712,,,,,,,,,,,,,,,,,,,,,,,,,,,,,,,,,,,,,,,,,,,,,,,,,TN
1301,3c8320ef59532128e1a7589968f497f0efcabbaf,0.14967411545623843,autoland,4060709,13,fd0dfc9511c4c123e048823de9954312c2b907c1,linux1804-64-shippable-qr,True,False,,|c|o|l|d| |f|i|s|s|i|o|n| |i|n|t|e|r|a|c|t|i|v|e| |w|e|b|r|e|n|d|e|r|,102210fe594ee9b33d82058545b1ed14f4c8206e,fcp,reddit-billgates-post-1.billg,True,reddit-billgates-post-1.billg fcp opt cold fission webrender,,77,ms,firefox,,1792714933,2023-11-11 23:06:06,1330750,,,,,,,,,,,,,,,,,,,,,,,,,,,,,,,,,,,,,,,,,,,,,,,,,TN
1302,43bee97ffb8cfcea7412fb86386ea2cb2a1b9b49,0.11778398510242083,autoland,4060709,13,fd0dfc9511c4c123e048823de9954312c2b907c1,linux1804-64-shippable-qr,True,False,,|c|o|l|d| |f|i|s|s|i|o|n| |i|n|t|e|r|a|c|t|i|v|e| |w|e|b|r|e|n|d|e|r|,102210fe594ee9b33d82058545b1ed14f4c8206e,fcp,reddit-billgates-post-1.billg,True,reddit-billgates-post-1.billg fcp opt cold fission webrender,,77,ms,firefox,,1792785104,2023-11-12 05:45:19,1330766,,,,,,,,,,,,,,,,,,,,,,,,,,,,,,,,,,,,,,,,,,,,,,,,,TN
1303,211dc86c8f534a950af69434fa996976b566a6a0,0.11871508379888274,autoland,4060709,13,fd0dfc9511c4c123e048823de9954312c2b907c1,linux1804-64-shippable-qr,True,False,,|c|o|l|d| |f|i|s|s|i|o|n| |i|n|t|e|r|a|c|t|i|v|e| |w|e|b|r|e|n|d|e|r|,102210fe594ee9b33d82058545b1ed14f4c8206e,fcp,reddit-billgates-post-1.billg,True,reddit-billgates-post-1.billg fcp opt cold fission webrender,,77,ms,firefox,,1793075127,2023-11-13 00:59:12,1330865,,,,,,,,,,,,,,,,,,,,,,,,,,,,,,,,,,,,,,,,,,,,,,,,,TN
1304,25308a5c7e551cda7c3cfd77836eff8610462eae,0.14594972067039103,autoland,4060709,13,fd0dfc9511c4c123e048823de9954312c2b907c1,linux1804-64-shippable-qr,True,False,,|c|o|l|d| |f|i|s|s|i|o|n| |i|n|t|e|r|a|c|t|i|v|e| |w|e|b|r|e|n|d|e|r|,102210fe594ee9b33d82058545b1ed14f4c8206e,fcp,reddit-billgates-post-1.billg,True,reddit-billgates-post-1.billg fcp opt cold fission webrender,,77,ms,firefox,,1793202598,2023-11-13 10:08:58,1330949,,,,,,,,,,,,,,,,,,,,,,,,,,,,,,,,,,,,,,,,,,,,,,,,,TN
1305,076ac3911ce97e80547b7576a608d0faf34afa0b,0.11941340782122911,autoland,4060709,13,fd0dfc9511c4c123e048823de9954312c2b907c1,linux1804-64-shippable-qr,True,False,,|c|o|l|d| |f|i|s|s|i|o|n| |i|n|t|e|r|a|c|t|i|v|e| |w|e|b|r|e|n|d|e|r|,102210fe594ee9b33d82058545b1ed14f4c8206e,fcp,reddit-billgates-post-1.billg,True,reddit-billgates-post-1.billg fcp opt cold fission webrender,,77,ms,firefox,,1793752646,2023-11-13 13:46:12,1331038,,,,,,,,,,,,,,,,,,,,,,,,,,,,,,,,,,,,,,,,,,,,,,,,,TN
1306,3344f9adce95adb868093dd5732c536e6d291805,0.1364059590316573,autoland,4060709,13,fd0dfc9511c4c123e048823de9954312c2b907c1,linux1804-64-shippable-qr,True,False,,|c|o|l|d| |f|i|s|s|i|o|n| |i|n|t|e|r|a|c|t|i|v|e| |w|e|b|r|e|n|d|e|r|,102210fe594ee9b33d82058545b1ed14f4c8206e,fcp,reddit-billgates-post-1.billg,True,reddit-billgates-post-1.billg fcp opt cold fission webrender,,77,ms,firefox,,1793793054,2023-11-13 13:55:57,1331044,,,,,,,,,,,,,,,,,,,,,,,,,,,,,,,,,,,,,,,,,,,,,,,,,TN
1307,69230ff99fdf9f440bef8c61123bce26e14c86b0,0.1089385474860336,autoland,4060709,13,fd0dfc9511c4c123e048823de9954312c2b907c1,linux1804-64-shippable-qr,True,False,,|c|o|l|d| |f|i|s|s|i|o|n| |i|n|t|e|r|a|c|t|i|v|e| |w|e|b|r|e|n|d|e|r|,102210fe594ee9b33d82058545b1ed14f4c8206e,fcp,reddit-billgates-post-1.billg,True,reddit-billgates-post-1.billg fcp opt cold fission webrender,,77,ms,firefox,,1793797490,2023-11-13 14:06:51,1331048,,,,,,,,,,,,,,,,,,,,,,,,,,,,,,,,,,,,,,,,,,,,,,,,,TN
1308,54d191b31d03235c75592d07a8c538749933a18f,0.1389664804469274,autoland,4060709,13,fd0dfc9511c4c123e048823de9954312c2b907c1,linux1804-64-shippable-qr,True,False,,|c|o|l|d| |f|i|s|s|i|o|n| |i|n|t|e|r|a|c|t|i|v|e| |w|e|b|r|e|n|d|e|r|,102210fe594ee9b33d82058545b1ed14f4c8206e,fcp,reddit-billgates-post-1.billg,True,reddit-billgates-post-1.billg fcp opt cold fission webrender,,77,ms,firefox,,1793292702,2023-11-13 14:09:58,1331049,,,,,,,,,,,,,,,,,,,,,,,,,,,,,,,,,,,,,,,,,,,,,,,,,TN
1309,70f361f21a24a6e9fc53cb014e28172d360fa851,0.12011173184357538,autoland,4060709,13,fd0dfc9511c4c123e048823de9954312c2b907c1,linux1804-64-shippable-qr,True,False,,|c|o|l|d| |f|i|s|s|i|o|n| |i|n|t|e|r|a|c|t|i|v|e| |w|e|b|r|e|n|d|e|r|,102210fe594ee9b33d82058545b1ed14f4c8206e,fcp,reddit-billgates-post-1.billg,True,reddit-billgates-post-1.billg fcp opt cold fission webrender,,77,ms,firefox,,1793390758,2023-11-13 15:01:04,1331086,,,,,,,,,,,,,,,,,,,,,,,,,,,,,,,,,,,,,,,,,,,,,,,,,TN
1310,9850dc0fc0707517b3a304d673f219842e499cac,0.1324487895716946,autoland,4060709,13,fd0dfc9511c4c123e048823de9954312c2b907c1,linux1804-64-shippable-qr,True,False,,|c|o|l|d| |f|i|s|s|i|o|n| |i|n|t|e|r|a|c|t|i|v|e| |w|e|b|r|e|n|d|e|r|,102210fe594ee9b33d82058545b1ed14f4c8206e,fcp,reddit-billgates-post-1.billg,True,reddit-billgates-post-1.billg fcp opt cold fission webrender,,77,ms,firefox,,1793523746,2023-11-13 18:41:52,1331218,,,,,,,,,,,,,,,,,,,,,,,,,,,,,,,,,,,,,,,,,,,,,,,,,TN
1311,9d523f46c7d8642d6601894c5166ddcd17b6388a,0.1315176908752328,autoland,4060709,13,fd0dfc9511c4c123e048823de9954312c2b907c1,linux1804-64-shippable-qr,True,False,,|c|o|l|d| |f|i|s|s|i|o|n| |i|n|t|e|r|a|c|t|i|v|e| |w|e|b|r|e|n|d|e|r|,102210fe594ee9b33d82058545b1ed14f4c8206e,fcp,reddit-billgates-post-1.billg,True,reddit-billgates-post-1.billg fcp opt cold fission webrender,,77,ms,firefox,,1793674735,2023-11-13 22:35:59,1331378,,,,,,,,,,,,,,,,,,,,,,,,,,,,,,,,,,,,,,,,,,,,,,,,,TN
1312,2628fd55e661366941f56769829687c53da4669b,0.15363128491620115,autoland,4060709,13,fd0dfc9511c4c123e048823de9954312c2b907c1,linux1804-64-shippable-qr,True,False,,|c|o|l|d| |f|i|s|s|i|o|n| |i|n|t|e|r|a|c|t|i|v|e| |w|e|b|r|e|n|d|e|r|,102210fe594ee9b33d82058545b1ed14f4c8206e,fcp,reddit-billgates-post-1.billg,True,reddit-billgates-post-1.billg fcp opt cold fission webrender,,77,ms,firefox,,1793764079,2023-11-14 03:20:13,1331480,,,,,,,,,,,,,,,,,,,,,,,,,,,,,,,,,,,,,,,,,,,,,,,,,TN
1313,acdcddac0b907d2e59d6d0fa1f96fff98453093a,0.1503724394785847,autoland,4060709,13,fd0dfc9511c4c123e048823de9954312c2b907c1,linux1804-64-shippable-qr,True,False,,|c|o|l|d| |f|i|s|s|i|o|n| |i|n|t|e|r|a|c|t|i|v|e| |w|e|b|r|e|n|d|e|r|,102210fe594ee9b33d82058545b1ed14f4c8206e,fcp,reddit-billgates-post-1.billg,True,reddit-billgates-post-1.billg fcp opt cold fission webrender,,77,ms,firefox,,1793829172,2023-11-14 06:06:45,1331509,,,,,,,,,,,,,,,,,,,,,,,,,,,,,,,,,,,,,,,,,,,,,,,,,TN
1314,cb79861638fa94cb8c4df5b5e303dc4bd22f762c,0.11196461824953441,autoland,4060709,13,fd0dfc9511c4c123e048823de9954312c2b907c1,linux1804-64-shippable-qr,True,False,,|c|o|l|d| |f|i|s|s|i|o|n| |i|n|t|e|r|a|c|t|i|v|e| |w|e|b|r|e|n|d|e|r|,102210fe594ee9b33d82058545b1ed14f4c8206e,fcp,reddit-billgates-post-1.billg,True,reddit-billgates-post-1.billg fcp opt cold fission webrender,,77,ms,firefox,,1794072969,2023-11-14 15:09:42,1331752,,,,,,,,,,,,,,,,,,,,,,,,,,,,,,,,,,,,,,,,,,,,,,,,,TN
1315,1d700517893b09ca1438b9111ea148a71e7398ae,0.13756983240223464,autoland,4060709,13,fd0dfc9511c4c123e048823de9954312c2b907c1,linux1804-64-shippable-qr,True,False,,|c|o|l|d| |f|i|s|s|i|o|n| |i|n|t|e|r|a|c|t|i|v|e| |w|e|b|r|e|n|d|e|r|,102210fe594ee9b33d82058545b1ed14f4c8206e,fcp,reddit-billgates-post-1.billg,True,reddit-billgates-post-1.billg fcp opt cold fission webrender,,77,ms,firefox,,1794095553,2023-11-14 15:18:46,1331762,,,,,,,,,,,,,,,,,,,,,,,,,,,,,,,,,,,,,,,,,,,,,,,,,TN
1316,cee24679e2a2e085bdefdbd66106fa1a805db56d,0.17434823091247675,autoland,4060709,13,fd0dfc9511c4c123e048823de9954312c2b907c1,linux1804-64-shippable-qr,True,False,,|c|o|l|d| |f|i|s|s|i|o|n| |i|n|t|e|r|a|c|t|i|v|e| |w|e|b|r|e|n|d|e|r|,102210fe594ee9b33d82058545b1ed14f4c8206e,fcp,reddit-billgates-post-1.billg,True,reddit-billgates-post-1.billg fcp opt cold fission webrender,,77,ms,firefox,,1794217552,2023-11-14 18:32:45,1331906,,,,,,,,,,,,,,,,,,,,,,,,,,,,,,,,,,,,,,,,,,,,,,,,,TN
1317,45f7ef4749636f24bbab519e5d4e3851950ccacc,0.154096834264432,autoland,4060709,13,fd0dfc9511c4c123e048823de9954312c2b907c1,linux1804-64-shippable-qr,True,False,,|c|o|l|d| |f|i|s|s|i|o|n| |i|n|t|e|r|a|c|t|i|v|e| |w|e|b|r|e|n|d|e|r|,102210fe594ee9b33d82058545b1ed14f4c8206e,fcp,reddit-billgates-post-1.billg,True,reddit-billgates-post-1.billg fcp opt cold fission webrender,,77,ms,firefox,,1794311024,2023-11-14 20:17:49,1331971,,,,,,,,,,,,,,,,,,,,,,,,,,,,,,,,,,,,,,,,,,,,,,,,,TN
1318,0083ca2f4709e599083520545d538d1ee1b8356d,0.14594972067039103,autoland,4060709,13,fd0dfc9511c4c123e048823de9954312c2b907c1,linux1804-64-shippable-qr,True,False,,|c|o|l|d| |f|i|s|s|i|o|n| |i|n|t|e|r|a|c|t|i|v|e| |w|e|b|r|e|n|d|e|r|,102210fe594ee9b33d82058545b1ed14f4c8206e,fcp,reddit-billgates-post-1.billg,True,reddit-billgates-post-1.billg fcp opt cold fission webrender,,77,ms,firefox,,1794490971,2023-11-15 01:57:11,1332132,,,,,,,,,,,,,,,,,,,,,,,,,,,,,,,,,,,,,,,,,,,,,,,,,TN
1319,d9f2158d4d442a658bb2029948eeebd438457667,0.17271880819366847,autoland,4060709,13,fd0dfc9511c4c123e048823de9954312c2b907c1,linux1804-64-shippable-qr,True,False,,|c|o|l|d| |f|i|s|s|i|o|n| |i|n|t|e|r|a|c|t|i|v|e| |w|e|b|r|e|n|d|e|r|,102210fe594ee9b33d82058545b1ed14f4c8206e,fcp,reddit-billgates-post-1.billg,True,reddit-billgates-post-1.billg fcp opt cold fission webrender,,77,ms,firefox,,1794509517,2023-11-15 03:02:01,1332148,,,,,,,,,,,,,,,,,,,,,,,,,,,,,,,,,,,,,,,,,,,,,,,,,TN
1320,d12a09b7c773efc37f5d0e37cc52339e25f07b6c,0.13431098696461818,autoland,4060709,13,fd0dfc9511c4c123e048823de9954312c2b907c1,linux1804-64-shippable-qr,True,False,,|c|o|l|d| |f|i|s|s|i|o|n| |i|n|t|e|r|a|c|t|i|v|e| |w|e|b|r|e|n|d|e|r|,102210fe594ee9b33d82058545b1ed14f4c8206e,fcp,reddit-billgates-post-1.billg,True,reddit-billgates-post-1.billg fcp opt cold fission webrender,,77,ms,firefox,,1794599989,2023-11-15 07:02:46,1332195,,,,,,,,,,,,,,,,,,,,,,,,,,,,,,,,,,,,,,,,,,,,,,,,,TN
1321,571c293cedd28db6ac86fd553e2810f40e382e80,0.16154562383612658,autoland,4060709,13,fd0dfc9511c4c123e048823de9954312c2b907c1,linux1804-64-shippable-qr,True,False,,|c|o|l|d| |f|i|s|s|i|o|n| |i|n|t|e|r|a|c|t|i|v|e| |w|e|b|r|e|n|d|e|r|,102210fe594ee9b33d82058545b1ed14f4c8206e,fcp,reddit-billgates-post-1.billg,True,reddit-billgates-post-1.billg fcp opt cold fission webrender,,77,ms,firefox,,1794702410,2023-11-15 12:47:49,1332324,,,,,,,,,,,,,,,,,,,,,,,,,,,,,,,,,,,,,,,,,,,,,,,,,TN
1322,58fc056d56521455bb36e7bd4fcce81222093c75,0.14594972067039103,autoland,4060709,13,fd0dfc9511c4c123e048823de9954312c2b907c1,linux1804-64-shippable-qr,True,False,,|c|o|l|d| |f|i|s|s|i|o|n| |i|n|t|e|r|a|c|t|i|v|e| |w|e|b|r|e|n|d|e|r|,102210fe594ee9b33d82058545b1ed14f4c8206e,fcp,reddit-billgates-post-1.billg,True,reddit-billgates-post-1.billg fcp opt cold fission webrender,,77,ms,firefox,,1794793197,2023-11-15 15:33:52,1332438,,,,,,,,,,,,,,,,,,,,,,,,,,,,,,,,,,,,,,,,,,,,,,,,,TN
1323,497808953269f774584b606c234a60b31c92f137,0.12057728119180633,autoland,4060709,13,fd0dfc9511c4c123e048823de9954312c2b907c1,linux1804-64-shippable-qr,True,False,,|c|o|l|d| |f|i|s|s|i|o|n| |i|n|t|e|r|a|c|t|i|v|e| |w|e|b|r|e|n|d|e|r|,102210fe594ee9b33d82058545b1ed14f4c8206e,fcp,reddit-billgates-post-1.billg,True,reddit-billgates-post-1.billg fcp opt cold fission webrender,,77,ms,firefox,,1795179650,2023-11-15 16:29:36,1332499,,,,,,,,,,,,,,,,,,,,,,,,,,,,,,,,,,,,,,,,,,,,,,,,,TN
1324,aa00d6d7589c4174ecfcf5332944aa8a8ee720c3,0.15665735567970207,autoland,4060709,13,fd0dfc9511c4c123e048823de9954312c2b907c1,linux1804-64-shippable-qr,True,False,,|c|o|l|d| |f|i|s|s|i|o|n| |i|n|t|e|r|a|c|t|i|v|e| |w|e|b|r|e|n|d|e|r|,102210fe594ee9b33d82058545b1ed14f4c8206e,fcp,reddit-billgates-post-1.billg,True,reddit-billgates-post-1.billg fcp opt cold fission webrender,,77,ms,firefox,,1795187179,2023-11-15 16:34:55,1332507,,,,,,,,,,,,,,,,,,,,,,,,,,,,,,,,,,,,,,,,,,,,,,,,,TN
1325,a70ee84d8943b9a1eaaf0fb3a0df60a1595f5782,0.14501862197392923,autoland,4060709,13,fd0dfc9511c4c123e048823de9954312c2b907c1,linux1804-64-shippable-qr,True,False,,|c|o|l|d| |f|i|s|s|i|o|n| |i|n|t|e|r|a|c|t|i|v|e| |w|e|b|r|e|n|d|e|r|,102210fe594ee9b33d82058545b1ed14f4c8206e,fcp,reddit-billgates-post-1.billg,True,reddit-billgates-post-1.billg fcp opt cold fission webrender,,77,ms,firefox,,1794845120,2023-11-15 16:43:35,1332515,,,,,,,,,,,,,,,,,,,,,,,,,,,,,,,,,,,,,,,,,,,,,,,,,TN
1326,eb78feb610e5d895bd63b81693cde56dd08d82df,0.12616387337057722,autoland,4060709,13,fd0dfc9511c4c123e048823de9954312c2b907c1,linux1804-64-shippable-qr,True,False,,|c|o|l|d| |f|i|s|s|i|o|n| |i|n|t|e|r|a|c|t|i|v|e| |w|e|b|r|e|n|d|e|r|,102210fe594ee9b33d82058545b1ed14f4c8206e,fcp,reddit-billgates-post-1.billg,True,reddit-billgates-post-1.billg fcp opt cold fission webrender,,77,ms,firefox,,1795086044,2023-11-15 23:08:22,1332792,,,,,,,,,,,,,,,,,,,,,,,,,,,,,,,,,,,,,,,,,,,,,,,,,TN
1327,ffd7ebdedeacec6717a3e8904121052ebbe61fe6,0.12104283054003728,autoland,4060709,13,fd0dfc9511c4c123e048823de9954312c2b907c1,linux1804-64-shippable-qr,True,False,,|c|o|l|d| |f|i|s|s|i|o|n| |i|n|t|e|r|a|c|t|i|v|e| |w|e|b|r|e|n|d|e|r|,102210fe594ee9b33d82058545b1ed14f4c8206e,fcp,reddit-billgates-post-1.billg,True,reddit-billgates-post-1.billg fcp opt cold fission webrender,,77,ms,firefox,,1795261815,2023-11-16 09:33:00,1332997,,,,,,,,,,,,,,,,,,,,,,,,,,,,,,,,,,,,,,,,,,,,,,,,,TN
1328,71ef91d3bf98c6475cfe762c0152d5b31588182c,0.14804469273743015,autoland,4060709,13,fd0dfc9511c4c123e048823de9954312c2b907c1,linux1804-64-shippable-qr,True,False,,|c|o|l|d| |f|i|s|s|i|o|n| |i|n|t|e|r|a|c|t|i|v|e| |w|e|b|r|e|n|d|e|r|,102210fe594ee9b33d82058545b1ed14f4c8206e,fcp,reddit-billgates-post-1.billg,True,reddit-billgates-post-1.billg fcp opt cold fission webrender,,77,ms,firefox,,1795371384,2023-11-16 13:34:03,1333089,,,,,,,,,,,,,,,,,,,,,,,,,,,,,,,,,,,,,,,,,,,,,,,,,TN
1329,5dba86b1842a5256c2845d69a7cebd605267d535,0.14804469273743015,autoland,4060709,13,fd0dfc9511c4c123e048823de9954312c2b907c1,linux1804-64-shippable-qr,True,False,,|c|o|l|d| |f|i|s|s|i|o|n| |i|n|t|e|r|a|c|t|i|v|e| |w|e|b|r|e|n|d|e|r|,102210fe594ee9b33d82058545b1ed14f4c8206e,fcp,reddit-billgates-post-1.billg,True,reddit-billgates-post-1.billg fcp opt cold fission webrender,,77,ms,firefox,,1795417321,2023-11-16 15:30:11,1333183,,,,,,,,,,,,,,,,,,,,,,,,,,,,,,,,,,,,,,,,,,,,,,,,,TN
1330,53b2405c0e70ae3283dbbba0d568665110f0db23,0.15246741154562382,autoland,4060709,13,fd0dfc9511c4c123e048823de9954312c2b907c1,linux1804-64-shippable-qr,True,False,,|c|o|l|d| |f|i|s|s|i|o|n| |i|n|t|e|r|a|c|t|i|v|e| |w|e|b|r|e|n|d|e|r|,102210fe594ee9b33d82058545b1ed14f4c8206e,fcp,reddit-billgates-post-1.billg,True,reddit-billgates-post-1.billg fcp opt cold fission webrender,,77,ms,firefox,,1795534723,2023-11-16 20:27:49,1333335,,,,,,,,,,,,,,,,,,,,,,,,,,,,,,,,,,,,,,,,,,,,,,,,,TN
1331,3b45d04f6865b297c8b2548a2c24424c5e9467e9,0.1364059590316573,autoland,4060709,13,fd0dfc9511c4c123e048823de9954312c2b907c1,linux1804-64-shippable-qr,True,False,,|c|o|l|d| |f|i|s|s|i|o|n| |i|n|t|e|r|a|c|t|i|v|e| |w|e|b|r|e|n|d|e|r|,102210fe594ee9b33d82058545b1ed14f4c8206e,fcp,reddit-billgates-post-1.billg,True,reddit-billgates-post-1.billg fcp opt cold fission webrender,,77,ms,firefox,,1795610058,2023-11-16 23:04:46,1333418,,,,,,,,,,,,,,,,,,,,,,,,,,,,,,,,,,,,,,,,,,,,,,,,,TN
1332,8a71397fb808df79e78f3023bf95b46f7cc2d2a4,0.11592178770949724,autoland,4060709,13,fd0dfc9511c4c123e048823de9954312c2b907c1,linux1804-64-shippable-qr,True,False,,|c|o|l|d| |f|i|s|s|i|o|n| |i|n|t|e|r|a|c|t|i|v|e| |w|e|b|r|e|n|d|e|r|,102210fe594ee9b33d82058545b1ed14f4c8206e,fcp,reddit-billgates-post-1.billg,True,reddit-billgates-post-1.billg fcp opt cold fission webrender,,77,ms,firefox,,1795781131,2023-11-17 06:40:14,1333538,,,,,,,,,,,,,,,,,,,,,,,,,,,,,,,,,,,,,,,,,,,,,,,,,TN
1333,ff5810792fa57d1b0a1076b4c90b3a83ac0242ca,0.15572625698324027,autoland,4060709,13,fd0dfc9511c4c123e048823de9954312c2b907c1,linux1804-64-shippable-qr,True,False,,|c|o|l|d| |f|i|s|s|i|o|n| |i|n|t|e|r|a|c|t|i|v|e| |w|e|b|r|e|n|d|e|r|,102210fe594ee9b33d82058545b1ed14f4c8206e,fcp,reddit-billgates-post-1.billg,True,reddit-billgates-post-1.billg fcp opt cold fission webrender,,77,ms,firefox,,1795908283,2023-11-17 10:54:07,1333644,,,,,,,,,,,,,,,,,,,,,,,,,,,,,,,,,,,,,,,,,,,,,,,,,TN
1334,f3b46286b5bad609725e65f541d6609a1bafcbce,0.172951582867784,autoland,4060709,13,fd0dfc9511c4c123e048823de9954312c2b907c1,linux1804-64-shippable-qr,True,False,,|c|o|l|d| |f|i|s|s|i|o|n| |i|n|t|e|r|a|c|t|i|v|e| |w|e|b|r|e|n|d|e|r|,102210fe594ee9b33d82058545b1ed14f4c8206e,fcp,reddit-billgates-post-1.billg,True,reddit-billgates-post-1.billg fcp opt cold fission webrender,,77,ms,firefox,,1796076024,2023-11-17 15:35:00,1333770,,,,,,,,,,,,,,,,,,,,,,,,,,,,,,,,,,,,,,,,,,,,,,,,,TN
1335,b3bec7a68bb8ccbb4c637b64bec4dc0c806fecb3,0.14152700186219747,autoland,4060709,13,fd0dfc9511c4c123e048823de9954312c2b907c1,linux1804-64-shippable-qr,True,False,,|c|o|l|d| |f|i|s|s|i|o|n| |i|n|t|e|r|a|c|t|i|v|e| |w|e|b|r|e|n|d|e|r|,102210fe594ee9b33d82058545b1ed14f4c8206e,fcp,reddit-billgates-post-1.billg,True,reddit-billgates-post-1.billg fcp opt cold fission webrender,,77,ms,firefox,,1796207355,2023-11-17 21:05:40,1334007,,,,,,,,,,,,,,,,,,,,,,,,,,,,,,,,,,,,,,,,,,,,,,,,,TN
1336,391181d97b6bb5b53fe8a1186c8a1a85971812de,0.15665735567970207,autoland,4060709,13,fd0dfc9511c4c123e048823de9954312c2b907c1,linux1804-64-shippable-qr,True,False,,|c|o|l|d| |f|i|s|s|i|o|n| |i|n|t|e|r|a|c|t|i|v|e| |w|e|b|r|e|n|d|e|r|,102210fe594ee9b33d82058545b1ed14f4c8206e,fcp,reddit-billgates-post-1.billg,True,reddit-billgates-post-1.billg fcp opt cold fission webrender,,77,ms,firefox,,1796265538,2023-11-18 01:23:43,1334085,,,,,,,,,,,,,,,,,,,,,,,,,,,,,,,,,,,,,,,,,,,,,,,,,TN
1337,2cf1b902ea75e1237bbd69eaf02c889bc2924d10,0.16689944134078205,autoland,4060709,13,fd0dfc9511c4c123e048823de9954312c2b907c1,linux1804-64-shippable-qr,True,False,,|c|o|l|d| |f|i|s|s|i|o|n| |i|n|t|e|r|a|c|t|i|v|e| |w|e|b|r|e|n|d|e|r|,102210fe594ee9b33d82058545b1ed14f4c8206e,fcp,reddit-billgates-post-1.billg,True,reddit-billgates-post-1.billg fcp opt cold fission webrender,,77,ms,firefox,,1796433693,2023-11-18 14:15:26,1334153,,,,,,,,,,,,,,,,,,,,,,,,,,,,,,,,,,,,,,,,,,,,,,,,,TN
1338,98917be406eeca58f61d8aeaf62aa4cae5be2137,0.16573556797020483,autoland,4060709,13,fd0dfc9511c4c123e048823de9954312c2b907c1,linux1804-64-shippable-qr,True,False,,|c|o|l|d| |f|i|s|s|i|o|n| |i|n|t|e|r|a|c|t|i|v|e| |w|e|b|r|e|n|d|e|r|,102210fe594ee9b33d82058545b1ed14f4c8206e,fcp,reddit-billgates-post-1.billg,True,reddit-billgates-post-1.billg fcp opt cold fission webrender,,77,ms,firefox,,1796554880,2023-11-19 06:03:16,1334239,,,,,,,,,,,,,,,,,,,,,,,,,,,,,,,,,,,,,,,,,,,,,,,,,TN
1339,b403bb5b1c833d29961882402a090cf08f44c190,0.1692271880819367,autoland,4060709,13,fd0dfc9511c4c123e048823de9954312c2b907c1,linux1804-64-shippable-qr,True,False,,|c|o|l|d| |f|i|s|s|i|o|n| |i|n|t|e|r|a|c|t|i|v|e| |w|e|b|r|e|n|d|e|r|,102210fe594ee9b33d82058545b1ed14f4c8206e,fcp,reddit-billgates-post-1.billg,True,reddit-billgates-post-1.billg fcp opt cold fission webrender,,77,ms,firefox,,1796622175,2023-11-19 11:10:53,1334278,,,,,,,,,,,,,,,,,,,,,,,,,,,,,,,,,,,,,,,,,,,,,,,,,TN
1340,1044018d08bd15166ae94a05bf5299b0701f4109,0.15339851024208562,autoland,4060709,13,fd0dfc9511c4c123e048823de9954312c2b907c1,linux1804-64-shippable-qr,True,False,,|c|o|l|d| |f|i|s|s|i|o|n| |i|n|t|e|r|a|c|t|i|v|e| |w|e|b|r|e|n|d|e|r|,102210fe594ee9b33d82058545b1ed14f4c8206e,fcp,reddit-billgates-post-1.billg,True,reddit-billgates-post-1.billg fcp opt cold fission webrender,,77,ms,firefox,,1796683079,2023-11-19 15:28:11,1334290,,,,,,,,,,,,,,,,,,,,,,,,,,,,,,,,,,,,,,,,,,,,,,,,,TN
1341,bc206f18ecb2a36a3e014e37cf5265f04eb7db7c,0.13175046554934822,autoland,4060709,13,fd0dfc9511c4c123e048823de9954312c2b907c1,linux1804-64-shippable-qr,True,False,,|c|o|l|d| |f|i|s|s|i|o|n| |i|n|t|e|r|a|c|t|i|v|e| |w|e|b|r|e|n|d|e|r|,102210fe594ee9b33d82058545b1ed14f4c8206e,fcp,reddit-billgates-post-1.billg,True,reddit-billgates-post-1.billg fcp opt cold fission webrender,,77,ms,firefox,,1796871549,2023-11-19 15:33:21,1334291,,,,,,,,,,,,,,,,,,,,,,,,,,,,,,,,,,,,,,,,,,,,,,,,,TN
1342,73f60b8af6dadb15fb13d768baf6b4c3313d939b,0.14338919925512106,autoland,4060709,13,fd0dfc9511c4c123e048823de9954312c2b907c1,linux1804-64-shippable-qr,True,False,,|c|o|l|d| |f|i|s|s|i|o|n| |i|n|t|e|r|a|c|t|i|v|e| |w|e|b|r|e|n|d|e|r|,102210fe594ee9b33d82058545b1ed14f4c8206e,fcp,reddit-billgates-post-1.billg,True,reddit-billgates-post-1.billg fcp opt cold fission webrender,,77,ms,firefox,,1796853430,2023-11-20 01:53:49,1334371,,,,,,,,,,,,,,,,,,,,,,,,,,,,,,,,,,,,,,,,,,,,,,,,,TN
1343,86da25fdbc81a93ed888df6b8a9f7cc128fb9b5b,0.1417597765363129,autoland,4060709,13,fd0dfc9511c4c123e048823de9954312c2b907c1,linux1804-64-shippable-qr,True,False,,|c|o|l|d| |f|i|s|s|i|o|n| |i|n|t|e|r|a|c|t|i|v|e| |w|e|b|r|e|n|d|e|r|,102210fe594ee9b33d82058545b1ed14f4c8206e,fcp,reddit-billgates-post-1.billg,True,reddit-billgates-post-1.billg fcp opt cold fission webrender,,77,ms,firefox,,1796998473,2023-11-20 09:30:46,1334455,,,,,,,,,,,,,,,,,,,,,,,,,,,,,,,,,,,,,,,,,,,,,,,,,TN
1344,de35cb5de97565935b503eade2990b5c385c7293,0.14734636871508378,autoland,4060709,13,fd0dfc9511c4c123e048823de9954312c2b907c1,linux1804-64-shippable-qr,True,False,,|c|o|l|d| |f|i|s|s|i|o|n| |i|n|t|e|r|a|c|t|i|v|e| |w|e|b|r|e|n|d|e|r|,102210fe594ee9b33d82058545b1ed14f4c8206e,fcp,reddit-billgates-post-1.billg,True,reddit-billgates-post-1.billg fcp opt cold fission webrender,,77,ms,firefox,,1797104672,2023-11-20 12:44:46,1334619,,,,,,,,,,,,,,,,,,,,,,,,,,,,,,,,,,,,,,,,,,,,,,,,,TN
1345,38489d98c5bcdeb3759137e96ed433b4ced7b298,0.13105214152700184,autoland,4060709,13,fd0dfc9511c4c123e048823de9954312c2b907c1,linux1804-64-shippable-qr,True,False,,|c|o|l|d| |f|i|s|s|i|o|n| |i|n|t|e|r|a|c|t|i|v|e| |w|e|b|r|e|n|d|e|r|,102210fe594ee9b33d82058545b1ed14f4c8206e,fcp,reddit-billgates-post-1.billg,True,reddit-billgates-post-1.billg fcp opt cold fission webrender,,77,ms,firefox,,1797736469,2023-11-20 12:49:26,1334626,,,,,,,,,,,,,,,,,,,,,,,,,,,,,,,,,,,,,,,,,,,,,,,,,TN
1346,9b797f214f1999e79623b4afc161911d82bbf0b3,0.15246741154562382,autoland,4060709,13,fd0dfc9511c4c123e048823de9954312c2b907c1,linux1804-64-shippable-qr,True,False,,|c|o|l|d| |f|i|s|s|i|o|n| |i|n|t|e|r|a|c|t|i|v|e| |w|e|b|r|e|n|d|e|r|,102210fe594ee9b33d82058545b1ed14f4c8206e,fcp,reddit-billgates-post-1.billg,True,reddit-billgates-post-1.billg fcp opt cold fission webrender,,77,ms,firefox,,1797698569,2023-11-20 12:58:48,1334633,,,,,,,,,,,,,,,,,,,,,,,,,,,,,,,,,,,,,,,,,,,,,,,,,TN
1347,9517987e19427c2900046f62ca816d243d1f1403,0.15572625698324027,autoland,4060709,13,fd0dfc9511c4c123e048823de9954312c2b907c1,linux1804-64-shippable-qr,True,False,,|c|o|l|d| |f|i|s|s|i|o|n| |i|n|t|e|r|a|c|t|i|v|e| |w|e|b|r|e|n|d|e|r|,102210fe594ee9b33d82058545b1ed14f4c8206e,fcp,reddit-billgates-post-1.billg,True,reddit-billgates-post-1.billg fcp opt cold fission webrender,,77,ms,firefox,,1797698350,2023-11-20 13:01:35,1334636,,,,,,,,,,,,,,,,,,,,,,,,,,,,,,,,,,,,,,,,,,,,,,,,,TN
1348,f78453d754386d0000dae39e031b91b0d0c4b07f,0.14967411545623843,autoland,4060709,13,fd0dfc9511c4c123e048823de9954312c2b907c1,linux1804-64-shippable-qr,True,False,,|c|o|l|d| |f|i|s|s|i|o|n| |i|n|t|e|r|a|c|t|i|v|e| |w|e|b|r|e|n|d|e|r|,102210fe594ee9b33d82058545b1ed14f4c8206e,fcp,reddit-billgates-post-1.billg,True,reddit-billgates-post-1.billg fcp opt cold fission webrender,,77,ms,firefox,,1797262654,2023-11-20 16:13:55,1334757,,,,,,,,,,,,,,,,,,,,,,,,,,,,,,,,,,,,,,,,,,,,,,,,,TN
1349,a2089603188c4136890163ddd71b1d4e60e1c396,0.13873370577281186,autoland,4060709,13,fd0dfc9511c4c123e048823de9954312c2b907c1,linux1804-64-shippable-qr,True,False,,|c|o|l|d| |f|i|s|s|i|o|n| |i|n|t|e|r|a|c|t|i|v|e| |w|e|b|r|e|n|d|e|r|,102210fe594ee9b33d82058545b1ed14f4c8206e,fcp,reddit-billgates-post-1.billg,True,reddit-billgates-post-1.billg fcp opt cold fission webrender,,77,ms,firefox,,1797308838,2023-11-20 18:08:54,1334868,,,,,,,,,,,,,,,,,,,,,,,,,,,,,,,,,,,,,,,,,,,,,,,,,TN
1350,7b567ceeead73f84de62ab77b4b6c87450b347fa,0.1503724394785847,autoland,4060709,13,fd0dfc9511c4c123e048823de9954312c2b907c1,linux1804-64-shippable-qr,True,False,,|c|o|l|d| |f|i|s|s|i|o|n| |i|n|t|e|r|a|c|t|i|v|e| |w|e|b|r|e|n|d|e|r|,102210fe594ee9b33d82058545b1ed14f4c8206e,fcp,reddit-billgates-post-1.billg,True,reddit-billgates-post-1.billg fcp opt cold fission webrender,,77,ms,firefox,,1797586302,2023-11-20 23:09:27,1335119,,,,,,,,,,,,,,,,,,,,,,,,,,,,,,,,,,,,,,,,,,,,,,,,,TN
1351,b9fe9a49496aa38ca77c335f20236610ef01a582,0.16433891992551208,autoland,4060709,13,fd0dfc9511c4c123e048823de9954312c2b907c1,linux1804-64-shippable-qr,True,False,,|c|o|l|d| |f|i|s|s|i|o|n| |i|n|t|e|r|a|c|t|i|v|e| |w|e|b|r|e|n|d|e|r|,102210fe594ee9b33d82058545b1ed14f4c8206e,fcp,reddit-billgates-post-1.billg,True,reddit-billgates-post-1.billg fcp opt cold fission webrender,,77,ms,firefox,,1797658295,2023-11-21 01:49:39,1335206,,,,,,,,,,,,,,,,,,,,,,,,,,,,,,,,,,,,,,,,,,,,,,,,,TN
1352,fddad0a59b2d028b2147493bf9ba8cc953d9e3eb,0.11219739292364983,autoland,4060709,13,fd0dfc9511c4c123e048823de9954312c2b907c1,linux1804-64-shippable-qr,True,False,,|c|o|l|d| |f|i|s|s|i|o|n| |i|n|t|e|r|a|c|t|i|v|e| |w|e|b|r|e|n|d|e|r|,102210fe594ee9b33d82058545b1ed14f4c8206e,fcp,reddit-billgates-post-1.billg,True,reddit-billgates-post-1.billg fcp opt cold fission webrender,,77,ms,firefox,,1797783168,2023-11-21 08:38:33,1335289,,,,,,,,,,,,,,,,,,,,,,,,,,,,,,,,,,,,,,,,,,,,,,,,,TN
1353,1ff1d467cb8d49467127613245f448026cd7df9e,0.15828677839851024,autoland,4060709,13,fd0dfc9511c4c123e048823de9954312c2b907c1,linux1804-64-shippable-qr,True,False,,|c|o|l|d| |f|i|s|s|i|o|n| |i|n|t|e|r|a|c|t|i|v|e| |w|e|b|r|e|n|d|e|r|,102210fe594ee9b33d82058545b1ed14f4c8206e,fcp,reddit-billgates-post-1.billg,True,reddit-billgates-post-1.billg fcp opt cold fission webrender,,77,ms,firefox,,1797921505,2023-11-21 12:15:20,1335466,,,,,,,,,,,,,,,,,,,,,,,,,,,,,,,,,,,,,,,,,,,,,,,,,TN
1354,a5a183d53f8edc045639859ff059a5220516b33e,0.12616387337057722,autoland,4060709,13,fd0dfc9511c4c123e048823de9954312c2b907c1,linux1804-64-shippable-qr,True,False,,|c|o|l|d| |f|i|s|s|i|o|n| |i|n|t|e|r|a|c|t|i|v|e| |w|e|b|r|e|n|d|e|r|,102210fe594ee9b33d82058545b1ed14f4c8206e,fcp,reddit-billgates-post-1.billg,True,reddit-billgates-post-1.billg fcp opt cold fission webrender,,77,ms,firefox,,1798414251,2023-11-21 16:44:13,1335665,,,,,,,,,,,,,,,,,,,,,,,,,,,,,,,,,,,,,,,,,,,,,,,,,TN
1355,cbc5eb28277f8e6d60fede93a822ede9eb7f01a5,0.15339851024208562,autoland,4060709,13,fd0dfc9511c4c123e048823de9954312c2b907c1,linux1804-64-shippable-qr,True,False,,|c|o|l|d| |f|i|s|s|i|o|n| |i|n|t|e|r|a|c|t|i|v|e| |w|e|b|r|e|n|d|e|r|,102210fe594ee9b33d82058545b1ed14f4c8206e,fcp,reddit-billgates-post-1.billg,True,reddit-billgates-post-1.billg fcp opt cold fission webrender,,77,ms,firefox,,1798118104,2023-11-21 17:01:46,1335682,,,,,,,,,,,,,,,,,,,,,,,,,,,,,,,,,,,,,,,,,,,,,,,,,TN
1356,62f686461927825493253d0f82a43804b3eddf71,0.14920856610800748,autoland,4060709,13,fd0dfc9511c4c123e048823de9954312c2b907c1,linux1804-64-shippable-qr,True,False,,|c|o|l|d| |f|i|s|s|i|o|n| |i|n|t|e|r|a|c|t|i|v|e| |w|e|b|r|e|n|d|e|r|,102210fe594ee9b33d82058545b1ed14f4c8206e,fcp,reddit-billgates-post-1.billg,True,reddit-billgates-post-1.billg fcp opt cold fission webrender,,77,ms,firefox,,1798276924,2023-11-21 21:47:24,1335911,,,,,,,,,,,,,,,,,,,,,,,,,,,,,,,,,,,,,,,,,,,,,,,,,TN
1357,ef0b50d89a7f6107932087c2c1adc2f6fd9ab06a,0.1550279329608938,autoland,4060709,13,fd0dfc9511c4c123e048823de9954312c2b907c1,linux1804-64-shippable-qr,True,False,,|c|o|l|d| |f|i|s|s|i|o|n| |i|n|t|e|r|a|c|t|i|v|e| |w|e|b|r|e|n|d|e|r|,102210fe594ee9b33d82058545b1ed14f4c8206e,fcp,reddit-billgates-post-1.billg,True,reddit-billgates-post-1.billg fcp opt cold fission webrender,,77,ms,firefox,,1798260373,2023-11-21 21:50:11,1335914,,,,,,,,,,,,,,,,,,,,,,,,,,,,,,,,,,,,,,,,,,,,,,,,,TN
1358,f1790974c5ecfa33fe7799087c80dba8b83fb78c,0.1662011173184358,autoland,4060709,13,fd0dfc9511c4c123e048823de9954312c2b907c1,linux1804-64-shippable-qr,True,False,,|c|o|l|d| |f|i|s|s|i|o|n| |i|n|t|e|r|a|c|t|i|v|e| |w|e|b|r|e|n|d|e|r|,102210fe594ee9b33d82058545b1ed14f4c8206e,fcp,reddit-billgates-post-1.billg,True,reddit-billgates-post-1.billg fcp opt cold fission webrender,,77,ms,firefox,,1798410544,2023-11-21 21:52:47,1335917,,,,,,,,,,,,,,,,,,,,,,,,,,,,,,,,,,,,,,,,,,,,,,,,,TN
1359,7dc6122ebd68b46a9d4320c40c86f20c2b78984a,0.13687150837988826,autoland,4060709,13,fd0dfc9511c4c123e048823de9954312c2b907c1,linux1804-64-shippable-qr,True,False,,|c|o|l|d| |f|i|s|s|i|o|n| |i|n|t|e|r|a|c|t|i|v|e| |w|e|b|r|e|n|d|e|r|,102210fe594ee9b33d82058545b1ed14f4c8206e,fcp,reddit-billgates-post-1.billg,True,reddit-billgates-post-1.billg fcp opt cold fission webrender,,77,ms,firefox,,1798340938,2023-11-22 01:56:32,1336017,,,,,,,,,,,,,,,,,,,,,,,,,,,,,,,,,,,,,,,,,,,,,,,,,TN
1360,ed20a8b98a8f2d8593dbbbd9b5df993e3e91433f,0.13663873370577273,autoland,4060709,13,fd0dfc9511c4c123e048823de9954312c2b907c1,linux1804-64-shippable-qr,True,False,,|c|o|l|d| |f|i|s|s|i|o|n| |i|n|t|e|r|a|c|t|i|v|e| |w|e|b|r|e|n|d|e|r|,102210fe594ee9b33d82058545b1ed14f4c8206e,fcp,reddit-billgates-post-1.billg,True,reddit-billgates-post-1.billg fcp opt cold fission webrender,,77,ms,firefox,,1798432668,2023-11-22 05:59:37,1336060,,,,,,,,,,,,,,,,,,,,,,,,,,,,,,,,,,,,,,,,,,,,,,,,,TN
1361,0222787eb3244ffb2e62210f697d039bdef46036,0.1503724394785847,autoland,4060709,13,fd0dfc9511c4c123e048823de9954312c2b907c1,linux1804-64-shippable-qr,True,False,,|c|o|l|d| |f|i|s|s|i|o|n| |i|n|t|e|r|a|c|t|i|v|e| |w|e|b|r|e|n|d|e|r|,102210fe594ee9b33d82058545b1ed14f4c8206e,fcp,reddit-billgates-post-1.billg,True,reddit-billgates-post-1.billg fcp opt cold fission webrender,,77,ms,firefox,,1798459989,2023-11-22 07:16:13,1336076,,,,,,,,,,,,,,,,,,,,,,,,,,,,,,,,,,,,,,,,,,,,,,,,,TN
1362,b90083f581e182455cf23aaacb125b728b3ccb32,0.15013966480446927,autoland,4060709,13,fd0dfc9511c4c123e048823de9954312c2b907c1,linux1804-64-shippable-qr,True,False,,|c|o|l|d| |f|i|s|s|i|o|n| |i|n|t|e|r|a|c|t|i|v|e| |w|e|b|r|e|n|d|e|r|,102210fe594ee9b33d82058545b1ed14f4c8206e,fcp,reddit-billgates-post-1.billg,True,reddit-billgates-post-1.billg fcp opt cold fission webrender,,77,ms,firefox,,1798730528,2023-11-22 13:00:34,1336296,,,,,,,,,,,,,,,,,,,,,,,,,,,,,,,,,,,,,,,,,,,,,,,,,TN
1363,3d393874d4d797a664c536c3da3fef33489e9287,0.15642458100558654,autoland,4060709,13,fd0dfc9511c4c123e048823de9954312c2b907c1,linux1804-64-shippable-qr,True,False,,|c|o|l|d| |f|i|s|s|i|o|n| |i|n|t|e|r|a|c|t|i|v|e| |w|e|b|r|e|n|d|e|r|,102210fe594ee9b33d82058545b1ed14f4c8206e,fcp,reddit-billgates-post-1.billg,True,reddit-billgates-post-1.billg fcp opt cold fission webrender,,77,ms,firefox,,1799364407,2023-11-22 16:04:36,1336396,,,,,,,,,,,,,,,,,,,,,,,,,,,,,,,,,,,,,,,,,,,,,,,,,TN
1364,823341e5f5121d198fed2a8fc4d2abd6e68951d8,0.15176908752327745,autoland,4060709,13,fd0dfc9511c4c123e048823de9954312c2b907c1,linux1804-64-shippable-qr,True,False,,|c|o|l|d| |f|i|s|s|i|o|n| |i|n|t|e|r|a|c|t|i|v|e| |w|e|b|r|e|n|d|e|r|,102210fe594ee9b33d82058545b1ed14f4c8206e,fcp,reddit-billgates-post-1.billg,True,reddit-billgates-post-1.billg fcp opt cold fission webrender,,77,ms,firefox,,1799371620,2023-11-22 16:08:48,1336398,,,,,,,,,,,,,,,,,,,,,,,,,,,,,,,,,,,,,,,,,,,,,,,,,TN
1365,f4fae08660c1f3323af7bdef3ed152a3d34bc751,0.11312849162011174,autoland,4060709,13,fd0dfc9511c4c123e048823de9954312c2b907c1,linux1804-64-shippable-qr,True,False,,|c|o|l|d| |f|i|s|s|i|o|n| |i|n|t|e|r|a|c|t|i|v|e| |w|e|b|r|e|n|d|e|r|,102210fe594ee9b33d82058545b1ed14f4c8206e,fcp,reddit-billgates-post-1.billg,True,reddit-billgates-post-1.billg fcp opt cold fission webrender,,77,ms,firefox,,1798846815,2023-11-22 16:22:37,1336410,,,,,,,,,,,,,,,,,,,,,,,,,,,,,,,,,,,,,,,,,,,,,,,,,TN
1366,bcdbc1e5d9a7c0fea2fcdc91ab0eebe908b34ece,0.16596834264432037,autoland,4060709,13,fd0dfc9511c4c123e048823de9954312c2b907c1,linux1804-64-shippable-qr,True,False,,|c|o|l|d| |f|i|s|s|i|o|n| |i|n|t|e|r|a|c|t|i|v|e| |w|e|b|r|e|n|d|e|r|,102210fe594ee9b33d82058545b1ed14f4c8206e,fcp,reddit-billgates-post-1.billg,True,reddit-billgates-post-1.billg fcp opt cold fission webrender,,77,ms,firefox,,1799018291,2023-11-22 19:14:54,1336555,,,,,,,,,,,,,,,,,,,,,,,,,,,,,,,,,,,,,,,,,,,,,,,,,TN
1367,417b9a914e84789562a33c0f87dffc79ab476132,0.15060521415270012,autoland,4060709,13,fd0dfc9511c4c123e048823de9954312c2b907c1,linux1804-64-shippable-qr,True,False,,|c|o|l|d| |f|i|s|s|i|o|n| |i|n|t|e|r|a|c|t|i|v|e| |w|e|b|r|e|n|d|e|r|,102210fe594ee9b33d82058545b1ed14f4c8206e,fcp,reddit-billgates-post-1.billg,True,reddit-billgates-post-1.billg fcp opt cold fission webrender,,77,ms,firefox,,1799346710,2023-11-22 19:54:40,1336588,,,,,,,,,,,,,,,,,,,,,,,,,,,,,,,,,,,,,,,,,,,,,,,,,TN
1368,28e1518994cbbad28b51800e62abeb93ad9fbb03,0.14082867783985098,autoland,4060709,13,fd0dfc9511c4c123e048823de9954312c2b907c1,linux1804-64-shippable-qr,True,False,,|c|o|l|d| |f|i|s|s|i|o|n| |i|n|t|e|r|a|c|t|i|v|e| |w|e|b|r|e|n|d|e|r|,102210fe594ee9b33d82058545b1ed14f4c8206e,fcp,reddit-billgates-post-1.billg,True,reddit-billgates-post-1.billg fcp opt cold fission webrender,,77,ms,firefox,,1799334186,2023-11-22 19:56:19,1336589,,,,,,,,,,,,,,,,,,,,,,,,,,,,,,,,,,,,,,,,,,,,,,,,,TN
1369,3122924cd341ff55738fd6a06d4bd708010c15e4,0.1608472998137802,autoland,4060709,13,fd0dfc9511c4c123e048823de9954312c2b907c1,linux1804-64-shippable-qr,True,False,,|c|o|l|d| |f|i|s|s|i|o|n| |i|n|t|e|r|a|c|t|i|v|e| |w|e|b|r|e|n|d|e|r|,102210fe594ee9b33d82058545b1ed14f4c8206e,fcp,reddit-billgates-post-1.billg,True,reddit-billgates-post-1.billg fcp opt cold fission webrender,,77,ms,firefox,,1799155031,2023-11-22 23:02:09,1336681,,,,,,,,,,,,,,,,,,,,,,,,,,,,,,,,,,,,,,,,,,,,,,,,,TN
1370,ad28a3a25b2a199ffa143a0f35905438495a0931,0.15898510242085662,autoland,4060709,13,fd0dfc9511c4c123e048823de9954312c2b907c1,linux1804-64-shippable-qr,True,False,,|c|o|l|d| |f|i|s|s|i|o|n| |i|n|t|e|r|a|c|t|i|v|e| |w|e|b|r|e|n|d|e|r|,102210fe594ee9b33d82058545b1ed14f4c8206e,fcp,reddit-billgates-post-1.billg,True,reddit-billgates-post-1.billg fcp opt cold fission webrender,,77,ms,firefox,,1800142538,2023-11-23 02:36:04,1336744,,,,,,,,,,,,,,,,,,,,,,,,,,,,,,,,,,,,,,,,,,,,,,,,,TN
1371,8366d9b1b0ca63aa3b706dd53ce23f052221c11b,0.143854748603352,autoland,4060709,13,fd0dfc9511c4c123e048823de9954312c2b907c1,linux1804-64-shippable-qr,True,False,,|c|o|l|d| |f|i|s|s|i|o|n| |i|n|t|e|r|a|c|t|i|v|e| |w|e|b|r|e|n|d|e|r|,102210fe594ee9b33d82058545b1ed14f4c8206e,fcp,reddit-billgates-post-1.billg,True,reddit-billgates-post-1.billg fcp opt cold fission webrender,,77,ms,firefox,,1799382149,2023-11-23 04:10:29,1336756,,,,,,,,,,,,,,,,,,,,,,,,,,,,,,,,,,,,,,,,,,,,,,,,,TN
1372,023a5c518562ad97c805915ae5addfcad59d1223,0.13035381750465547,autoland,4060709,13,fd0dfc9511c4c123e048823de9954312c2b907c1,linux1804-64-shippable-qr,True,False,,|c|o|l|d| |f|i|s|s|i|o|n| |i|n|t|e|r|a|c|t|i|v|e| |w|e|b|r|e|n|d|e|r|,102210fe594ee9b33d82058545b1ed14f4c8206e,fcp,reddit-billgates-post-1.billg,True,reddit-billgates-post-1.billg fcp opt cold fission webrender,,77,ms,firefox,,1799484484,2023-11-23 08:19:48,1336795,,,,,,,,,,,,,,,,,,,,,,,,,,,,,,,,,,,,,,,,,,,,,,,,,TN
1373,7392664630b156e348b2a77aef6fdd70004c9b47,0.14082867783985098,autoland,4060709,13,fd0dfc9511c4c123e048823de9954312c2b907c1,linux1804-64-shippable-qr,True,False,,|c|o|l|d| |f|i|s|s|i|o|n| |i|n|t|e|r|a|c|t|i|v|e| |w|e|b|r|e|n|d|e|r|,102210fe594ee9b33d82058545b1ed14f4c8206e,fcp,reddit-billgates-post-1.billg,True,reddit-billgates-post-1.billg fcp opt cold fission webrender,,77,ms,firefox,,1799616979,2023-11-23 10:10:14,1336839,,,,,,,,,,,,,,,,,,,,,,,,,,,,,,,,,,,,,,,,,,,,,,,,,TN
1374,ef4f4ed6516d3a46177c934be7a763ff8f2f9ac7,0.17271880819366847,autoland,4060709,13,fd0dfc9511c4c123e048823de9954312c2b907c1,linux1804-64-shippable-qr,True,False,,|c|o|l|d| |f|i|s|s|i|o|n| |i|n|t|e|r|a|c|t|i|v|e| |w|e|b|r|e|n|d|e|r|,102210fe594ee9b33d82058545b1ed14f4c8206e,fcp,reddit-billgates-post-1.billg,True,reddit-billgates-post-1.billg fcp opt cold fission webrender,,77,ms,firefox,,1800216513,2023-11-23 14:15:32,1336997,,,,,,,,,,,,,,,,,,,,,,,,,,,,,,,,,,,,,,,,,,,,,,,,,TN
1375,82dbcd75918f0eb33795da023e71e8241f428bbe,0.1361731843575419,autoland,4060709,13,fd0dfc9511c4c123e048823de9954312c2b907c1,linux1804-64-shippable-qr,True,False,,|c|o|l|d| |f|i|s|s|i|o|n| |i|n|t|e|r|a|c|t|i|v|e| |w|e|b|r|e|n|d|e|r|,102210fe594ee9b33d82058545b1ed14f4c8206e,fcp,reddit-billgates-post-1.billg,True,reddit-billgates-post-1.billg fcp opt cold fission webrender,,77,ms,firefox,,1800225743,2023-11-23 14:16:51,1336999,,,,,,,,,,,,,,,,,,,,,,,,,,,,,,,,,,,,,,,,,,,,,,,,,TN
1376,872aa271adfdb73a79c09de279f0001bf419850c,0.14362197392923648,autoland,4060709,13,fd0dfc9511c4c123e048823de9954312c2b907c1,linux1804-64-shippable-qr,True,False,,|c|o|l|d| |f|i|s|s|i|o|n| |i|n|t|e|r|a|c|t|i|v|e| |w|e|b|r|e|n|d|e|r|,102210fe594ee9b33d82058545b1ed14f4c8206e,fcp,reddit-billgates-post-1.billg,True,reddit-billgates-post-1.billg fcp opt cold fission webrender,,77,ms,firefox,,1799877332,2023-11-23 15:57:23,1337066,,,,,,,,,,,,,,,,,,,,,,,,,,,,,,,,,,,,,,,,,,,,,,,,,TN
1377,40bc8612037f1efc2ea0a5ff2a12b8d8b3a86f72,0.159683426443203,autoland,4060709,13,fd0dfc9511c4c123e048823de9954312c2b907c1,linux1804-64-shippable-qr,True,False,,|c|o|l|d| |f|i|s|s|i|o|n| |i|n|t|e|r|a|c|t|i|v|e| |w|e|b|r|e|n|d|e|r|,102210fe594ee9b33d82058545b1ed14f4c8206e,fcp,reddit-billgates-post-1.billg,True,reddit-billgates-post-1.billg fcp opt cold fission webrender,,77,ms,firefox,,1800188651,2023-11-23 19:02:08,1337209,,,,,,,,,,,,,,,,,,,,,,,,,,,,,,,,,,,,,,,,,,,,,,,,,TN
1378,84d22a46a333ec5fdfd6664fe37443349d696922,0.11778398510242083,autoland,4060709,13,fd0dfc9511c4c123e048823de9954312c2b907c1,linux1804-64-shippable-qr,True,False,,|c|o|l|d| |f|i|s|s|i|o|n| |i|n|t|e|r|a|c|t|i|v|e| |w|e|b|r|e|n|d|e|r|,102210fe594ee9b33d82058545b1ed14f4c8206e,fcp,reddit-billgates-post-1.billg,True,reddit-billgates-post-1.billg fcp opt cold fission webrender,,77,ms,firefox,,1800207236,2023-11-23 19:11:00,1337217,,,,,,,,,,,,,,,,,,,,,,,,,,,,,,,,,,,,,,,,,,,,,,,,,TN
1379,180501fca2278e97c30e09ab097da1cb514f5ca1,0.19483240223463683,autoland,4060709,13,fd0dfc9511c4c123e048823de9954312c2b907c1,linux1804-64-shippable-qr,True,False,,|c|o|l|d| |f|i|s|s|i|o|n| |i|n|t|e|r|a|c|t|i|v|e| |w|e|b|r|e|n|d|e|r|,102210fe594ee9b33d82058545b1ed14f4c8206e,fcp,reddit-billgates-post-1.billg,True,reddit-billgates-post-1.billg fcp opt cold fission webrender,,77,ms,firefox,,1799955393,2023-11-23 19:58:47,1337231,,,,,,,,,,,,,,,,,,,,,,,,,,,,,,,,,,,,,,,,,,,,,,,,,TN
1380,29d489a7e05adef3300e076dd1c46d14928ddf24,0.13035381750465547,autoland,4060709,13,fd0dfc9511c4c123e048823de9954312c2b907c1,linux1804-64-shippable-qr,True,False,,|c|o|l|d| |f|i|s|s|i|o|n| |i|n|t|e|r|a|c|t|i|v|e| |w|e|b|r|e|n|d|e|r|,102210fe594ee9b33d82058545b1ed14f4c8206e,fcp,reddit-billgates-post-1.billg,True,reddit-billgates-post-1.billg fcp opt cold fission webrender,,77,ms,firefox,,1800027100,2023-11-23 23:50:52,1337321,,,,,,,,,,,,,,,,,,,,,,,,,,,,,,,,,,,,,,,,,,,,,,,,,TN
1381,dbd1a6aef0a74dc60875a4904d9eddb5ca9afbb7,0.1513035381750466,autoland,4060709,13,fd0dfc9511c4c123e048823de9954312c2b907c1,linux1804-64-shippable-qr,True,False,,|c|o|l|d| |f|i|s|s|i|o|n| |i|n|t|e|r|a|c|t|i|v|e| |w|e|b|r|e|n|d|e|r|,102210fe594ee9b33d82058545b1ed14f4c8206e,fcp,reddit-billgates-post-1.billg,True,reddit-billgates-post-1.billg fcp opt cold fission webrender,,77,ms,firefox,,1800240585,2023-11-24 05:36:58,1337356,,,,,,,,,,,,,,,,,,,,,,,,,,,,,,,,,,,,,,,,,,,,,,,,,TN
1382,8bec1f302a76929843c944e27b75ddcbf1f21954,0.12942271880819367,autoland,4060709,13,fd0dfc9511c4c123e048823de9954312c2b907c1,linux1804-64-shippable-qr,True,False,,|c|o|l|d| |f|i|s|s|i|o|n| |i|n|t|e|r|a|c|t|i|v|e| |w|e|b|r|e|n|d|e|r|,102210fe594ee9b33d82058545b1ed14f4c8206e,fcp,reddit-billgates-post-1.billg,True,reddit-billgates-post-1.billg fcp opt cold fission webrender,,77,ms,firefox,,1800365788,2023-11-24 09:28:03,1337436,,,,,,,,,,,,,,,,,,,,,,,,,,,,,,,,,,,,,,,,,,,,,,,,,TN
1383,1e01aa4b558aff87267a6384c318e6963b66a0d8,0.13454376163873372,autoland,4060709,13,fd0dfc9511c4c123e048823de9954312c2b907c1,linux1804-64-shippable-qr,True,False,,|c|o|l|d| |f|i|s|s|i|o|n| |i|n|t|e|r|a|c|t|i|v|e| |w|e|b|r|e|n|d|e|r|,102210fe594ee9b33d82058545b1ed14f4c8206e,fcp,reddit-billgates-post-1.billg,True,reddit-billgates-post-1.billg fcp opt cold fission webrender,,77,ms,firefox,,1800434953,2023-11-24 13:31:32,1337559,,,,,,,,,,,,,,,,,,,,,,,,,,,,,,,,,,,,,,,,,,,,,,,,,TN
1384,6354cfb105a6c9a46216d5c8ea95ee463892366e,0.13081936685288642,autoland,4060709,13,fd0dfc9511c4c123e048823de9954312c2b907c1,linux1804-64-shippable-qr,True,False,,|c|o|l|d| |f|i|s|s|i|o|n| |i|n|t|e|r|a|c|t|i|v|e| |w|e|b|r|e|n|d|e|r|,102210fe594ee9b33d82058545b1ed14f4c8206e,fcp,reddit-billgates-post-1.billg,True,reddit-billgates-post-1.billg fcp opt cold fission webrender,,77,ms,firefox,,1800463874,2023-11-24 14:07:25,1337582,,,,,,,,,,,,,,,,,,,,,,,,,,,,,,,,,,,,,,,,,,,,,,,,,TN
1385,f905e9024322370d02da128ab9ea37861774f2a5,0.11987895716945995,autoland,4060709,13,fd0dfc9511c4c123e048823de9954312c2b907c1,linux1804-64-shippable-qr,True,False,,|c|o|l|d| |f|i|s|s|i|o|n| |i|n|t|e|r|a|c|t|i|v|e| |w|e|b|r|e|n|d|e|r|,102210fe594ee9b33d82058545b1ed14f4c8206e,fcp,reddit-billgates-post-1.billg,True,reddit-billgates-post-1.billg fcp opt cold fission webrender,,77,ms,firefox,,1800751092,2023-11-24 21:51:55,1337759,,,,,,,,,,,,,,,,,,,,,,,,,,,,,,,,,,,,,,,,,,,,,,,,,TN
1386,8875acba4f482b90d60501b953fb4530b361bd8f,0.12174115456238366,autoland,4060709,13,fd0dfc9511c4c123e048823de9954312c2b907c1,linux1804-64-shippable-qr,True,False,,|c|o|l|d| |f|i|s|s|i|o|n| |i|n|t|e|r|a|c|t|i|v|e| |w|e|b|r|e|n|d|e|r|,102210fe594ee9b33d82058545b1ed14f4c8206e,fcp,reddit-billgates-post-1.billg,True,reddit-billgates-post-1.billg fcp opt cold fission webrender,,77,ms,firefox,,1800678037,2023-11-24 21:54:25,1337760,,,,,,,,,,,,,,,,,,,,,,,,,,,,,,,,,,,,,,,,,,,,,,,,,TN
1387,a137631f73ce188671f50c5225295d64d427fec2,0.18086592178770944,autoland,4060709,13,fd0dfc9511c4c123e048823de9954312c2b907c1,linux1804-64-shippable-qr,True,False,,|c|o|l|d| |f|i|s|s|i|o|n| |i|n|t|e|r|a|c|t|i|v|e| |w|e|b|r|e|n|d|e|r|,102210fe594ee9b33d82058545b1ed14f4c8206e,fcp,reddit-billgates-post-1.billg,True,reddit-billgates-post-1.billg fcp opt cold fission webrender,,77,ms,firefox,,1800741049,2023-11-25 04:13:26,1337799,,,,,,,,,,,,,,,,,,,,,,,,,,,,,,,,,,,,,,,,,,,,,,,,,TN
1388,860c52f225fa7410ed4a4bf3bd0eb0846483e08d,0.15246741154562382,autoland,4060709,13,fd0dfc9511c4c123e048823de9954312c2b907c1,linux1804-64-shippable-qr,True,False,,|c|o|l|d| |f|i|s|s|i|o|n| |i|n|t|e|r|a|c|t|i|v|e| |w|e|b|r|e|n|d|e|r|,102210fe594ee9b33d82058545b1ed14f4c8206e,fcp,reddit-billgates-post-1.billg,True,reddit-billgates-post-1.billg fcp opt cold fission webrender,,77,ms,firefox,,1800793055,2023-11-25 09:26:54,1337840,,,,,,,,,,,,,,,,,,,,,,,,,,,,,,,,,,,,,,,,,,,,,,,,,TN
1389,2ff68fa9f49916065f4ebb7a74c0940bf425f396,0.1361731843575419,autoland,4060709,13,fd0dfc9511c4c123e048823de9954312c2b907c1,linux1804-64-shippable-qr,True,False,,|c|o|l|d| |f|i|s|s|i|o|n| |i|n|t|e|r|a|c|t|i|v|e| |w|e|b|r|e|n|d|e|r|,102210fe594ee9b33d82058545b1ed14f4c8206e,fcp,reddit-billgates-post-1.billg,True,reddit-billgates-post-1.billg fcp opt cold fission webrender,,77,ms,firefox,,1800867519,2023-11-25 14:41:03,1337869,,,,,,,,,,,,,,,,,,,,,,,,,,,,,,,,,,,,,,,,,,,,,,,,,TN
1390,0cd5e7d76f8ac3e26423c36c9d06f91a310dab45,0.1852886405959031,autoland,4060709,13,fd0dfc9511c4c123e048823de9954312c2b907c1,linux1804-64-shippable-qr,True,False,,|c|o|l|d| |f|i|s|s|i|o|n| |i|n|t|e|r|a|c|t|i|v|e| |w|e|b|r|e|n|d|e|r|,102210fe594ee9b33d82058545b1ed14f4c8206e,fcp,reddit-billgates-post-1.billg,True,reddit-billgates-post-1.billg fcp opt cold fission webrender,,77,ms,firefox,,1801003126,2023-11-26 15:57:31,1337946,,,,,,,,,,,,,,,,,,,,,,,,,,,,,,,,,,,,,,,,,,,,,,,,,TN
1391,ffaaa99c517223770b014031e25b54d585f95ef2,0.12942271880819367,autoland,4060709,13,fd0dfc9511c4c123e048823de9954312c2b907c1,linux1804-64-shippable-qr,True,False,,|c|o|l|d| |f|i|s|s|i|o|n| |i|n|t|e|r|a|c|t|i|v|e| |w|e|b|r|e|n|d|e|r|,102210fe594ee9b33d82058545b1ed14f4c8206e,fcp,reddit-billgates-post-1.billg,True,reddit-billgates-post-1.billg fcp opt cold fission webrender,,77,ms,firefox,,1801033683,2023-11-26 18:39:37,1337950,,,,,,,,,,,,,,,,,,,,,,,,,,,,,,,,,,,,,,,,,,,,,,,,,TN
1392,edf9292c0bc9c671afa4de12648c16622e9d418c,0.16596834264432037,autoland,4060709,13,fd0dfc9511c4c123e048823de9954312c2b907c1,linux1804-64-shippable-qr,True,False,,|c|o|l|d| |f|i|s|s|i|o|n| |i|n|t|e|r|a|c|t|i|v|e| |w|e|b|r|e|n|d|e|r|,102210fe594ee9b33d82058545b1ed14f4c8206e,fcp,reddit-billgates-post-1.billg,True,reddit-billgates-post-1.billg fcp opt cold fission webrender,,77,ms,firefox,,1801191205,2023-11-27 01:49:37,1337984,,,,,,,,,,,,,,,,,,,,,,,,,,,,,,,,,,,,,,,,,,,,,,,,,TN
1393,600b27fdf4a03735007bce03c5c2617adeeb1416,0.1636405959031657,autoland,4060709,13,fd0dfc9511c4c123e048823de9954312c2b907c1,linux1804-64-shippable-qr,True,False,,|c|o|l|d| |f|i|s|s|i|o|n| |i|n|t|e|r|a|c|t|i|v|e| |w|e|b|r|e|n|d|e|r|,102210fe594ee9b33d82058545b1ed14f4c8206e,fcp,reddit-billgates-post-1.billg,True,reddit-billgates-post-1.billg fcp opt cold fission webrender,,77,ms,firefox,,1801877273,2023-11-27 03:19:14,1337993,,,,,,,,,,,,,,,,,,,,,,,,,,,,,,,,,,,,,,,,,,,,,,,,,TN
1394,c1a92ff5b44e8a296b847ed428ebeec04f7f8f72,0.13780260707635006,autoland,4060709,13,fd0dfc9511c4c123e048823de9954312c2b907c1,linux1804-64-shippable-qr,True,False,,|c|o|l|d| |f|i|s|s|i|o|n| |i|n|t|e|r|a|c|t|i|v|e| |w|e|b|r|e|n|d|e|r|,102210fe594ee9b33d82058545b1ed14f4c8206e,fcp,reddit-billgates-post-1.billg,True,reddit-billgates-post-1.billg fcp opt cold fission webrender,,77,ms,firefox,,1801341581,2023-11-27 10:22:36,1338085,,,,,,,,,,,,,,,,,,,,,,,,,,,,,,,,,,,,,,,,,,,,,,,,,TN
1395,3a166ac6c074ba6311e10b4a679ed7951f8c7046,0.0691340782122905,autoland,4060709,13,fd0dfc9511c4c123e048823de9954312c2b907c1,linux1804-64-shippable-qr,True,False,,|c|o|l|d| |f|i|s|s|i|o|n| |i|n|t|e|r|a|c|t|i|v|e| |w|e|b|r|e|n|d|e|r|,102210fe594ee9b33d82058545b1ed14f4c8206e,fcp,reddit-billgates-post-1.billg,True,reddit-billgates-post-1.billg fcp opt cold fission webrender,,77,ms,firefox,,1801907426,2023-11-27 14:03:54,1338213,,,,,,,,,,,,,,,,,,,,,,,,,,,,,,,,,,,,,,,,,,,,,,,,,TN
1396,ab3f06ef0efa62a6f988339fc477cd5c937a0f91,0.12430167597765363,autoland,4060709,13,fd0dfc9511c4c123e048823de9954312c2b907c1,linux1804-64-shippable-qr,True,False,,|c|o|l|d| |f|i|s|s|i|o|n| |i|n|t|e|r|a|c|t|i|v|e| |w|e|b|r|e|n|d|e|r|,102210fe594ee9b33d82058545b1ed14f4c8206e,fcp,reddit-billgates-post-1.billg,True,reddit-billgates-post-1.billg fcp opt cold fission webrender,,77,ms,firefox,,1801875695,2023-11-27 14:04:48,1338214,,,,,,,,,,,,,,,,,,,,,,,,,,,,,,,,,,,,,,,,,,,,,,,,,TN
1397,9ca2bcf6799b1a5f71d2d58db26f6b6c16a90427,0.14711359404096835,autoland,4060709,13,fd0dfc9511c4c123e048823de9954312c2b907c1,linux1804-64-shippable-qr,True,False,,|c|o|l|d| |f|i|s|s|i|o|n| |i|n|t|e|r|a|c|t|i|v|e| |w|e|b|r|e|n|d|e|r|,102210fe594ee9b33d82058545b1ed14f4c8206e,fcp,reddit-billgates-post-1.billg,True,reddit-billgates-post-1.billg fcp opt cold fission webrender,,77,ms,firefox,,1801412599,2023-11-27 14:05:43,1338215,,,,,,,,,,,,,,,,,,,,,,,,,,,,,,,,,,,,,,,,,,,,,,,,,TN
1398,019c38ef6a2fb136b3ab9b94384971863607fba4,0.15479515828677837,autoland,4060709,13,fd0dfc9511c4c123e048823de9954312c2b907c1,linux1804-64-shippable-qr,True,False,,|c|o|l|d| |f|i|s|s|i|o|n| |i|n|t|e|r|a|c|t|i|v|e| |w|e|b|r|e|n|d|e|r|,102210fe594ee9b33d82058545b1ed14f4c8206e,fcp,reddit-billgates-post-1.billg,True,reddit-billgates-post-1.billg fcp opt cold fission webrender,,77,ms,firefox,,1801895305,2023-11-27 15:33:40,1338282,,,,,,,,,,,,,,,,,,,,,,,,,,,,,,,,,,,,,,,,,,,,,,,,,TN
1399,e98889428f47cd8a7d6f3132b25982d107cff514,0.16224394785847296,autoland,4060709,13,fd0dfc9511c4c123e048823de9954312c2b907c1,linux1804-64-shippable-qr,True,False,,|c|o|l|d| |f|i|s|s|i|o|n| |i|n|t|e|r|a|c|t|i|v|e| |w|e|b|r|e|n|d|e|r|,102210fe594ee9b33d82058545b1ed14f4c8206e,fcp,reddit-billgates-post-1.billg,True,reddit-billgates-post-1.billg fcp opt cold fission webrender,,77,ms,firefox,,1801911339,2023-11-27 15:42:45,1338288,,,,,,,,,,,,,,,,,,,,,,,,,,,,,,,,,,,,,,,,,,,,,,,,,TN
1400,6aa54d6d7cbf1a46e62c6765c489a940322b6bca,0.08333333333333337,autoland,4060709,13,fd0dfc9511c4c123e048823de9954312c2b907c1,linux1804-64-shippable-qr,True,False,,|c|o|l|d| |f|i|s|s|i|o|n| |i|n|t|e|r|a|c|t|i|v|e| |w|e|b|r|e|n|d|e|r|,102210fe594ee9b33d82058545b1ed14f4c8206e,fcp,reddit-billgates-post-1.billg,True,reddit-billgates-post-1.billg fcp opt cold fission webrender,,77,ms,firefox,,1801557009,2023-11-27 17:34:20,1338399,,,,,,,,,,,,,,,,,,,,,,,,,,,,,,,,,,,,,,,,,,,,,,,,,TN
1401,5be201dbf09fac369541142298547108c80b52dd,0.14525139664804465,autoland,4060709,13,fd0dfc9511c4c123e048823de9954312c2b907c1,linux1804-64-shippable-qr,True,False,,|c|o|l|d| |f|i|s|s|i|o|n| |i|n|t|e|r|a|c|t|i|v|e| |w|e|b|r|e|n|d|e|r|,102210fe594ee9b33d82058545b1ed14f4c8206e,fcp,reddit-billgates-post-1.billg,True,reddit-billgates-post-1.billg fcp opt cold fission webrender,,77,ms,firefox,,1801612010,2023-11-27 20:49:55,1338533,,,,,,,,,,,,,,,,,,,,,,,,,,,,,,,,,,,,,,,,,,,,,,,,,TN
1402,fbcb2af38cdaecde2b2da1efc0fc49b82fa9749e,0.14152700186219747,autoland,4060709,13,fd0dfc9511c4c123e048823de9954312c2b907c1,linux1804-64-shippable-qr,True,False,,|c|o|l|d| |f|i|s|s|i|o|n| |i|n|t|e|r|a|c|t|i|v|e| |w|e|b|r|e|n|d|e|r|,102210fe594ee9b33d82058545b1ed14f4c8206e,fcp,reddit-billgates-post-1.billg,True,reddit-billgates-post-1.billg fcp opt cold fission webrender,,77,ms,firefox,,1801918426,2023-11-28 05:10:16,1338781,,,,,,,,,,,,,,,,,,,,,,,,,,,,,,,,,,,,,,,,,,,,,,,,,TN
1403,785b3d438fe5a8cba4caf5f4a2ed7250d324096c,0.143854748603352,autoland,4060709,13,fd0dfc9511c4c123e048823de9954312c2b907c1,linux1804-64-shippable-qr,True,False,,|c|o|l|d| |f|i|s|s|i|o|n| |i|n|t|e|r|a|c|t|i|v|e| |w|e|b|r|e|n|d|e|r|,102210fe594ee9b33d82058545b1ed14f4c8206e,fcp,reddit-billgates-post-1.billg,True,reddit-billgates-post-1.billg fcp opt cold fission webrender,,77,ms,firefox,,1801993482,2023-11-28 08:42:21,1338855,,,,,,,,,,,,,,,,,,,,,,,,,,,,,,,,,,,,,,,,,,,,,,,,,TN
1404,1957c4453ab1dfba8b7820dbf2fe772220e6eedc,0.24045623836126628,autoland,4060709,13,fd0dfc9511c4c123e048823de9954312c2b907c1,linux1804-64-shippable-qr,True,False,,|c|o|l|d| |f|i|s|s|i|o|n| |i|n|t|e|r|a|c|t|i|v|e| |w|e|b|r|e|n|d|e|r|,102210fe594ee9b33d82058545b1ed14f4c8206e,fcp,reddit-billgates-post-1.billg,True,reddit-billgates-post-1.billg fcp opt cold fission webrender,,77,ms,firefox,,1802130149,2023-11-28 13:17:34,1339007,,,,,,,,,,,,,,,,,,,,,,,,,,,,,,,,,,,,,,,,,,,,,,,,,TN
1405,0745c3e29ba3856c91cbae74bd41d2135137bfd0,0.16038175046554937,autoland,4060709,13,fd0dfc9511c4c123e048823de9954312c2b907c1,linux1804-64-shippable-qr,True,False,,|c|o|l|d| |f|i|s|s|i|o|n| |i|n|t|e|r|a|c|t|i|v|e| |w|e|b|r|e|n|d|e|r|,102210fe594ee9b33d82058545b1ed14f4c8206e,fcp,reddit-billgates-post-1.billg,True,reddit-billgates-post-1.billg fcp opt cold fission webrender,,77,ms,firefox,,1802207432,2023-11-28 14:12:32,1339043,,,,,,,,,,,,,,,,,,,,,,,,,,,,,,,,,,,,,,,,,,,,,,,,,TN
1406,c1578c9d7374f0a4d2f60dd492afff5058476d7c,0.12243947858472992,autoland,4060709,13,fd0dfc9511c4c123e048823de9954312c2b907c1,linux1804-64-shippable-qr,True,False,,|c|o|l|d| |f|i|s|s|i|o|n| |i|n|t|e|r|a|c|t|i|v|e| |w|e|b|r|e|n|d|e|r|,102210fe594ee9b33d82058545b1ed14f4c8206e,fcp,reddit-billgates-post-1.billg,True,reddit-billgates-post-1.billg fcp opt cold fission webrender,,77,ms,firefox,,1802638004,2023-11-28 16:53:43,1339126,,,,,,,,,,,,,,,,,,,,,,,,,,,,,,,,,,,,,,,,,,,,,,,,,TN
1407,811f3fca797dc74faed8ca9ae123fb8b16a88701,0.13361266294227192,autoland,4060709,13,fd0dfc9511c4c123e048823de9954312c2b907c1,linux1804-64-shippable-qr,True,False,,|c|o|l|d| |f|i|s|s|i|o|n| |i|n|t|e|r|a|c|t|i|v|e| |w|e|b|r|e|n|d|e|r|,102210fe594ee9b33d82058545b1ed14f4c8206e,fcp,reddit-billgates-post-1.billg,True,reddit-billgates-post-1.billg fcp opt cold fission webrender,,77,ms,firefox,,1802685304,2023-11-28 16:54:57,1339130,,,,,,,,,,,,,,,,,,,,,,,,,,,,,,,,,,,,,,,,,,,,,,,,,TN
1408,691b7e1a899214d8685841da762bd2b2415fa569,0.14734636871508378,autoland,4060709,13,fd0dfc9511c4c123e048823de9954312c2b907c1,linux1804-64-shippable-qr,True,False,,|c|o|l|d| |f|i|s|s|i|o|n| |i|n|t|e|r|a|c|t|i|v|e| |w|e|b|r|e|n|d|e|r|,102210fe594ee9b33d82058545b1ed14f4c8206e,fcp,reddit-billgates-post-1.billg,True,reddit-billgates-post-1.billg fcp opt cold fission webrender,,77,ms,firefox,,1802293962,2023-11-28 17:36:07,1339183,,,,,,,,,,,,,,,,,,,,,,,,,,,,,,,,,,,,,,,,,,,,,,,,,TN
1409,000fea3a9ed37b16c009c76e8af859a50c9234dc,0.14618249534450656,autoland,4060709,13,fd0dfc9511c4c123e048823de9954312c2b907c1,linux1804-64-shippable-qr,True,False,,|c|o|l|d| |f|i|s|s|i|o|n| |i|n|t|e|r|a|c|t|i|v|e| |w|e|b|r|e|n|d|e|r|,102210fe594ee9b33d82058545b1ed14f4c8206e,fcp,reddit-billgates-post-1.billg,True,reddit-billgates-post-1.billg fcp opt cold fission webrender,,77,ms,firefox,,1802462490,2023-11-28 21:29:24,1339366,,,,,,,,,,,,,,,,,,,,,,,,,,,,,,,,,,,,,,,,,,,,,,,,,TN
1410,a162f6ee0eef32a68c73ddb77aa04efda3afeb7c,0.16876163873370575,autoland,4060709,13,fd0dfc9511c4c123e048823de9954312c2b907c1,linux1804-64-shippable-qr,True,False,,|c|o|l|d| |f|i|s|s|i|o|n| |i|n|t|e|r|a|c|t|i|v|e| |w|e|b|r|e|n|d|e|r|,102210fe594ee9b33d82058545b1ed14f4c8206e,fcp,reddit-billgates-post-1.billg,True,reddit-billgates-post-1.billg fcp opt cold fission webrender,,77,ms,firefox,,1802574626,2023-11-29 01:28:26,1339520,,,,,,,,,,,,,,,,,,,,,,,,,,,,,,,,,,,,,,,,,,,,,,,,,TN
1411,b675f0a9e569a63bedb249150a2be6b3e15197f9,0.1645716945996275,autoland,4060709,13,fd0dfc9511c4c123e048823de9954312c2b907c1,linux1804-64-shippable-qr,True,False,,|c|o|l|d| |f|i|s|s|i|o|n| |i|n|t|e|r|a|c|t|i|v|e| |w|e|b|r|e|n|d|e|r|,102210fe594ee9b33d82058545b1ed14f4c8206e,fcp,reddit-billgates-post-1.billg,True,reddit-billgates-post-1.billg fcp opt cold fission webrender,,77,ms,firefox,,1802733809,2023-11-29 06:56:45,1339623,,,,,,,,,,,,,,,,,,,,,,,,,,,,,,,,,,,,,,,,,,,,,,,,,TN
1412,66c2fb78dfe25ce9af21d0e1dd82f62dbb5da53f,0.12546554934823095,autoland,4060709,13,fd0dfc9511c4c123e048823de9954312c2b907c1,linux1804-64-shippable-qr,True,False,,|c|o|l|d| |f|i|s|s|i|o|n| |i|n|t|e|r|a|c|t|i|v|e| |w|e|b|r|e|n|d|e|r|,102210fe594ee9b33d82058545b1ed14f4c8206e,fcp,reddit-billgates-post-1.billg,True,reddit-billgates-post-1.billg fcp opt cold fission webrender,,77,ms,firefox,,1802803676,2023-11-29 09:02:39,1339662,,,,,,,,,,,,,,,,,,,,,,,,,,,,,,,,,,,,,,,,,,,,,,,,,TN
1413,be2b109ddbb7f38c98c25b3c79c036f6f06f81fb,0.1513035381750466,autoland,4060709,13,fd0dfc9511c4c123e048823de9954312c2b907c1,linux1804-64-shippable-qr,True,False,,|c|o|l|d| |f|i|s|s|i|o|n| |i|n|t|e|r|a|c|t|i|v|e| |w|e|b|r|e|n|d|e|r|,102210fe594ee9b33d82058545b1ed14f4c8206e,fcp,reddit-billgates-post-1.billg,True,reddit-billgates-post-1.billg fcp opt cold fission webrender,,77,ms,firefox,,1802917252,2023-11-29 13:11:23,1339776,,,,,,,,,,,,,,,,,,,,,,,,,,,,,,,,,,,,,,,,,,,,,,,,,TN
1414,74f50e5d5557c1a8977dbafaa1f73d141c2380a8,0.17341713221601485,autoland,4060709,13,fd0dfc9511c4c123e048823de9954312c2b907c1,linux1804-64-shippable-qr,True,False,,|c|o|l|d| |f|i|s|s|i|o|n| |i|n|t|e|r|a|c|t|i|v|e| |w|e|b|r|e|n|d|e|r|,102210fe594ee9b33d82058545b1ed14f4c8206e,fcp,reddit-billgates-post-1.billg,True,reddit-billgates-post-1.billg fcp opt cold fission webrender,,77,ms,firefox,,1803383223,2023-11-29 13:16:15,1339778,,,,,,,,,,,,,,,,,,,,,,,,,,,,,,,,,,,,,,,,,,,,,,,,,TN
1415,f5a30ad398a0617b6209b0fb871a4aa1c87ed26c,0.16108007448789574,autoland,4060709,13,fd0dfc9511c4c123e048823de9954312c2b907c1,linux1804-64-shippable-qr,True,False,,|c|o|l|d| |f|i|s|s|i|o|n| |i|n|t|e|r|a|c|t|i|v|e| |w|e|b|r|e|n|d|e|r|,102210fe594ee9b33d82058545b1ed14f4c8206e,fcp,reddit-billgates-post-1.billg,True,reddit-billgates-post-1.billg fcp opt cold fission webrender,,77,ms,firefox,,1803374383,2023-11-29 13:25:22,1339781,,,,,,,,,,,,,,,,,,,,,,,,,,,,,,,,,,,,,,,,,,,,,,,,,TN
1416,e85c84028c440fb186322761a11035030f0eb94a,0.13035381750465547,autoland,4060709,13,fd0dfc9511c4c123e048823de9954312c2b907c1,linux1804-64-shippable-qr,True,False,,|c|o|l|d| |f|i|s|s|i|o|n| |i|n|t|e|r|a|c|t|i|v|e| |w|e|b|r|e|n|d|e|r|,102210fe594ee9b33d82058545b1ed14f4c8206e,fcp,reddit-billgates-post-1.billg,True,reddit-billgates-post-1.billg fcp opt cold fission webrender,,77,ms,firefox,,1803361108,2023-11-29 14:26:21,1339813,,,,,,,,,,,,,,,,,,,,,,,,,,,,,,,,,,,,,,,,,,,,,,,,,TN
1417,fd253d27e64ec2f0a321ef83bffbcf28392e9f88,0.17341713221601485,autoland,4060709,13,fd0dfc9511c4c123e048823de9954312c2b907c1,linux1804-64-shippable-qr,True,False,,|c|o|l|d| |f|i|s|s|i|o|n| |i|n|t|e|r|a|c|t|i|v|e| |w|e|b|r|e|n|d|e|r|,102210fe594ee9b33d82058545b1ed14f4c8206e,fcp,reddit-billgates-post-1.billg,True,reddit-billgates-post-1.billg fcp opt cold fission webrender,,77,ms,firefox,,1803365191,2023-11-29 14:33:23,1339819,,,,,,,,,,,,,,,,,,,,,,,,,,,,,,,,,,,,,,,,,,,,,,,,,TN
1418,dd4895b622d097df1c1335545c2b0b884709db00,0.14618249534450656,autoland,4060709,13,fd0dfc9511c4c123e048823de9954312c2b907c1,linux1804-64-shippable-qr,True,False,,|c|o|l|d| |f|i|s|s|i|o|n| |i|n|t|e|r|a|c|t|i|v|e| |w|e|b|r|e|n|d|e|r|,102210fe594ee9b33d82058545b1ed14f4c8206e,fcp,reddit-billgates-post-1.billg,True,reddit-billgates-post-1.billg fcp opt cold fission webrender,,77,ms,firefox,,1803412053,2023-11-29 14:35:24,1339824,,,,,,,,,,,,,,,,,,,,,,,,,,,,,,,,,,,,,,,,,,,,,,,,,TN
1419,4c5b2b4298575e99e99d7203ecdb33fe66c65358,0.06378026070763504,autoland,4060709,13,fd0dfc9511c4c123e048823de9954312c2b907c1,linux1804-64-shippable-qr,True,False,,|c|o|l|d| |f|i|s|s|i|o|n| |i|n|t|e|r|a|c|t|i|v|e| |w|e|b|r|e|n|d|e|r|,102210fe594ee9b33d82058545b1ed14f4c8206e,fcp,reddit-billgates-post-1.billg,True,reddit-billgates-post-1.billg fcp opt cold fission webrender,,77,ms,firefox,,1803335529,2023-11-29 14:36:19,1339826,,,,,,,,,,,,,,,,,,,,,,,,,,,,,,,,,,,,,,,,,,,,,,,,,TN
1420,0008fcc93b9b4a6aa22e3abf1888be08024320e9,0.1720204841713222,autoland,4060709,13,fd0dfc9511c4c123e048823de9954312c2b907c1,linux1804-64-shippable-qr,True,False,,|c|o|l|d| |f|i|s|s|i|o|n| |i|n|t|e|r|a|c|t|i|v|e| |w|e|b|r|e|n|d|e|r|,102210fe594ee9b33d82058545b1ed14f4c8206e,fcp,reddit-billgates-post-1.billg,True,reddit-billgates-post-1.billg fcp opt cold fission webrender,,77,ms,firefox,,1803065415,2023-11-29 17:15:33,1339929,,,,,,,,,,,,,,,,,,,,,,,,,,,,,,,,,,,,,,,,,,,,,,,,,TN
1421,65a0553b296ae1432e5d18c3d2d607cacbb0a35e,0.1655027932960894,autoland,4060709,13,fd0dfc9511c4c123e048823de9954312c2b907c1,linux1804-64-shippable-qr,True,False,,|c|o|l|d| |f|i|s|s|i|o|n| |i|n|t|e|r|a|c|t|i|v|e| |w|e|b|r|e|n|d|e|r|,102210fe594ee9b33d82058545b1ed14f4c8206e,fcp,reddit-billgates-post-1.billg,True,reddit-billgates-post-1.billg fcp opt cold fission webrender,,77,ms,firefox,,1803260782,2023-11-29 22:52:27,1340166,,,,,,,,,,,,,,,,,,,,,,,,,,,,,,,,,,,,,,,,,,,,,,,,,TN
1422,4bbe309179a5869e893e8f9ed2b110ef00ccec95,0.138268156424581,autoland,4060709,13,fd0dfc9511c4c123e048823de9954312c2b907c1,linux1804-64-shippable-qr,True,False,,|c|o|l|d| |f|i|s|s|i|o|n| |i|n|t|e|r|a|c|t|i|v|e| |w|e|b|r|e|n|d|e|r|,102210fe594ee9b33d82058545b1ed14f4c8206e,fcp,reddit-billgates-post-1.billg,True,reddit-billgates-post-1.billg fcp opt cold fission webrender,,77,ms,firefox,,1803270650,2023-11-29 22:59:56,1340178,,,,,,,,,,,,,,,,,,,,,,,,,,,,,,,,,,,,,,,,,,,,,,,,,TN
1423,7e08f5f9cbb4e38b3579328b49609d065203415a,0.13291433891992555,autoland,4060709,13,fd0dfc9511c4c123e048823de9954312c2b907c1,linux1804-64-shippable-qr,True,False,,|c|o|l|d| |f|i|s|s|i|o|n| |i|n|t|e|r|a|c|t|i|v|e| |w|e|b|r|e|n|d|e|r|,102210fe594ee9b33d82058545b1ed14f4c8206e,fcp,reddit-billgates-post-1.billg,True,reddit-billgates-post-1.billg fcp opt cold fission webrender,,77,ms,firefox,,1803435371,2023-11-29 23:02:37,1340181,,,,,,,,,,,,,,,,,,,,,,,,,,,,,,,,,,,,,,,,,,,,,,,,,TN
1424,48f667e357c8e6dea764cb3ad69d2bce2f1e093b,0.15432960893854752,autoland,4060709,13,fd0dfc9511c4c123e048823de9954312c2b907c1,linux1804-64-shippable-qr,True,False,,|c|o|l|d| |f|i|s|s|i|o|n| |i|n|t|e|r|a|c|t|i|v|e| |w|e|b|r|e|n|d|e|r|,102210fe594ee9b33d82058545b1ed14f4c8206e,fcp,reddit-billgates-post-1.billg,True,reddit-billgates-post-1.billg fcp opt cold fission webrender,,77,ms,firefox,,1803446683,2023-11-29 23:03:31,1340182,,,,,,,,,,,,,,,,,,,,,,,,,,,,,,,,,,,,,,,,,,,,,,,,,TN
1425,556c8b22cbbbcc165c42b2c52ebdfd01be3cee6b,0.14711359404096835,autoland,4060709,13,fd0dfc9511c4c123e048823de9954312c2b907c1,linux1804-64-shippable-qr,True,False,,|c|o|l|d| |f|i|s|s|i|o|n| |i|n|t|e|r|a|c|t|i|v|e| |w|e|b|r|e|n|d|e|r|,102210fe594ee9b33d82058545b1ed14f4c8206e,fcp,reddit-billgates-post-1.billg,True,reddit-billgates-post-1.billg fcp opt cold fission webrender,,77,ms,firefox,,1803427214,2023-11-30 04:33:01,1340302,,,,,,,,,,,,,,,,,,,,,,,,,,,,,,,,,,,,,,,,,,,,,,,,,TN
1426,43fc350794aaccc50748bce9b965590d842ef9ac,0.13943202979515834,autoland,4060709,13,fd0dfc9511c4c123e048823de9954312c2b907c1,linux1804-64-shippable-qr,True,False,,|c|o|l|d| |f|i|s|s|i|o|n| |i|n|t|e|r|a|c|t|i|v|e| |w|e|b|r|e|n|d|e|r|,102210fe594ee9b33d82058545b1ed14f4c8206e,fcp,reddit-billgates-post-1.billg,True,reddit-billgates-post-1.billg fcp opt cold fission webrender,,77,ms,firefox,,1803520303,2023-11-30 08:51:25,1340399,,,,,,,,,,,,,,,,,,,,,,,,,,,,,,,,,,,,,,,,,,,,,,,,,TN
1427,b33dd40c7ea956e89c10d4e8a54f9e869a431b64,0.14641527001862198,autoland,4060709,13,fd0dfc9511c4c123e048823de9954312c2b907c1,linux1804-64-shippable-qr,True,False,,|c|o|l|d| |f|i|s|s|i|o|n| |i|n|t|e|r|a|c|t|i|v|e| |w|e|b|r|e|n|d|e|r|,102210fe594ee9b33d82058545b1ed14f4c8206e,fcp,reddit-billgates-post-1.billg,True,reddit-billgates-post-1.billg fcp opt cold fission webrender,,77,ms,firefox,,1803552874,2023-11-30 08:52:22,1340400,,,,,,,,,,,,,,,,,,,,,,,,,,,,,,,,,,,,,,,,,,,,,,,,,TN
1428,120432262a8cb73f69c8d683b4ddec3a037cbd91,0.15549348230912474,autoland,4060709,13,fd0dfc9511c4c123e048823de9954312c2b907c1,linux1804-64-shippable-qr,True,False,,|c|o|l|d| |f|i|s|s|i|o|n| |i|n|t|e|r|a|c|t|i|v|e| |w|e|b|r|e|n|d|e|r|,102210fe594ee9b33d82058545b1ed14f4c8206e,fcp,reddit-billgates-post-1.billg,True,reddit-billgates-post-1.billg fcp opt cold fission webrender,,77,ms,firefox,,1803663764,2023-11-30 13:07:37,1340520,,,,,,,,,,,,,,,,,,,,,,,,,,,,,,,,,,,,,,,,,,,,,,,,,TN
1429,1d1fb9d5a4974d94e8c317f226c962fd351eae27,0.14455307262569828,autoland,4060709,13,fd0dfc9511c4c123e048823de9954312c2b907c1,linux1804-64-shippable-qr,True,False,,|c|o|l|d| |f|i|s|s|i|o|n| |i|n|t|e|r|a|c|t|i|v|e| |w|e|b|r|e|n|d|e|r|,102210fe594ee9b33d82058545b1ed14f4c8206e,fcp,reddit-billgates-post-1.billg,True,reddit-billgates-post-1.billg fcp opt cold fission webrender,,77,ms,firefox,,1803684766,2023-11-30 13:51:04,1340541,,,,,,,,,,,,,,,,,,,,,,,,,,,,,,,,,,,,,,,,,,,,,,,,,TN
1430,fc19848f02cea14c4cf8e366ff394ce03a4f08d6,0.14920856610800748,autoland,4060709,13,fd0dfc9511c4c123e048823de9954312c2b907c1,linux1804-64-shippable-qr,True,False,,|c|o|l|d| |f|i|s|s|i|o|n| |i|n|t|e|r|a|c|t|i|v|e| |w|e|b|r|e|n|d|e|r|,102210fe594ee9b33d82058545b1ed14f4c8206e,fcp,reddit-billgates-post-1.billg,True,reddit-billgates-post-1.billg fcp opt cold fission webrender,,77,ms,firefox,,1804185032,2023-11-30 16:04:41,1340656,,,,,,,,,,,,,,,,,,,,,,,,,,,,,,,,,,,,,,,,,,,,,,,,,TN
1431,cfbcbcd48790bbc8b8a901aeacef87a2bd174e5c,0.1296554934823091,autoland,4060709,13,fd0dfc9511c4c123e048823de9954312c2b907c1,linux1804-64-shippable-qr,True,False,,|c|o|l|d| |f|i|s|s|i|o|n| |i|n|t|e|r|a|c|t|i|v|e| |w|e|b|r|e|n|d|e|r|,102210fe594ee9b33d82058545b1ed14f4c8206e,fcp,reddit-billgates-post-1.billg,True,reddit-billgates-post-1.billg fcp opt cold fission webrender,,77,ms,firefox,,1804159476,2023-11-30 16:12:44,1340664,,,,,,,,,,,,,,,,,,,,,,,,,,,,,,,,,,,,,,,,,,,,,,,,,TN
1432,3ec1ddf45e5a6562bd1d81fe4144541880bf3a24,0.15828677839851024,autoland,4060709,13,fd0dfc9511c4c123e048823de9954312c2b907c1,linux1804-64-shippable-qr,True,False,,|c|o|l|d| |f|i|s|s|i|o|n| |i|n|t|e|r|a|c|t|i|v|e| |w|e|b|r|e|n|d|e|r|,102210fe594ee9b33d82058545b1ed14f4c8206e,fcp,reddit-billgates-post-1.billg,True,reddit-billgates-post-1.billg fcp opt cold fission webrender,,77,ms,firefox,,1803830191,2023-11-30 17:04:12,1340716,,,,,,,,,,,,,,,,,,,,,,,,,,,,,,,,,,,,,,,,,,,,,,,,,TN
1433,8dde1f563468bd246dff71c96a31d7f075ce7d56,0.1457169459962756,autoland,4060709,13,fd0dfc9511c4c123e048823de9954312c2b907c1,linux1804-64-shippable-qr,True,False,,|c|o|l|d| |f|i|s|s|i|o|n| |i|n|t|e|r|a|c|t|i|v|e| |w|e|b|r|e|n|d|e|r|,102210fe594ee9b33d82058545b1ed14f4c8206e,fcp,reddit-billgates-post-1.billg,True,reddit-billgates-post-1.billg fcp opt cold fission webrender,,77,ms,firefox,,1804172773,2023-11-30 17:37:56,1340742,,,,,,,,,,,,,,,,,,,,,,,,,,,,,,,,,,,,,,,,,,,,,,,,,TN
1434,df0f4cc6bda107aa2615bb366ec2b7d26773e889,0.1401303538175046,autoland,4060709,13,fd0dfc9511c4c123e048823de9954312c2b907c1,linux1804-64-shippable-qr,True,False,,|c|o|l|d| |f|i|s|s|i|o|n| |i|n|t|e|r|a|c|t|i|v|e| |w|e|b|r|e|n|d|e|r|,102210fe594ee9b33d82058545b1ed14f4c8206e,fcp,reddit-billgates-post-1.billg,True,reddit-billgates-post-1.billg fcp opt cold fission webrender,,77,ms,firefox,,1804195895,2023-11-30 17:40:15,1340743,,,,,,,,,,,,,,,,,,,,,,,,,,,,,,,,,,,,,,,,,,,,,,,,,TN
1435,620e49ab6438e8c933133e9b4eb7a11188514a70,0.15805400372439482,autoland,4060709,13,fd0dfc9511c4c123e048823de9954312c2b907c1,linux1804-64-shippable-qr,True,False,,|c|o|l|d| |f|i|s|s|i|o|n| |i|n|t|e|r|a|c|t|i|v|e| |w|e|b|r|e|n|d|e|r|,102210fe594ee9b33d82058545b1ed14f4c8206e,fcp,reddit-billgates-post-1.billg,True,reddit-billgates-post-1.billg fcp opt cold fission webrender,,77,ms,firefox,,1803916514,2023-11-30 20:20:14,1340881,,,,,,,,,,,,,,,,,,,,,,,,,,,,,,,,,,,,,,,,,,,,,,,,,TN
1436,e6f456e40dda9f799c2fef84edc219d26631e268,0.12104283054003728,autoland,4060709,13,fd0dfc9511c4c123e048823de9954312c2b907c1,linux1804-64-shippable-qr,True,False,,|c|o|l|d| |f|i|s|s|i|o|n| |i|n|t|e|r|a|c|t|i|v|e| |w|e|b|r|e|n|d|e|r|,102210fe594ee9b33d82058545b1ed14f4c8206e,fcp,reddit-billgates-post-1.billg,True,reddit-billgates-post-1.billg fcp opt cold fission webrender,,77,ms,firefox,,1804175637,2023-11-30 20:22:02,1340886,,,,,,,,,,,,,,,,,,,,,,,,,,,,,,,,,,,,,,,,,,,,,,,,,TN
1437,faeaf5bd4445bd6831e09956e6f78eb06629517d,0.1503724394785847,autoland,4060709,13,fd0dfc9511c4c123e048823de9954312c2b907c1,linux1804-64-shippable-qr,True,False,,|c|o|l|d| |f|i|s|s|i|o|n| |i|n|t|e|r|a|c|t|i|v|e| |w|e|b|r|e|n|d|e|r|,102210fe594ee9b33d82058545b1ed14f4c8206e,fcp,reddit-billgates-post-1.billg,True,reddit-billgates-post-1.billg fcp opt cold fission webrender,,77,ms,firefox,,1804145421,2023-11-30 20:24:49,1340888,,,,,,,,,,,,,,,,,,,,,,,,,,,,,,,,,,,,,,,,,,,,,,,,,TN
1438,68378d2409bc693ef00f3f157ecaea7067df7edc,0.15060521415270012,autoland,4060709,13,fd0dfc9511c4c123e048823de9954312c2b907c1,linux1804-64-shippable-qr,True,False,,|c|o|l|d| |f|i|s|s|i|o|n| |i|n|t|e|r|a|c|t|i|v|e| |w|e|b|r|e|n|d|e|r|,102210fe594ee9b33d82058545b1ed14f4c8206e,fcp,reddit-billgates-post-1.billg,True,reddit-billgates-post-1.billg fcp opt cold fission webrender,,77,ms,firefox,,1803990371,2023-11-30 22:54:04,1340995,,,,,,,,,,,,,,,,,,,,,,,,,,,,,,,,,,,,,,,,,,,,,,,,,TN
1439,a1795b069cc23fbcb93366d99b3ddfb8664f054c,0.1259310986964618,autoland,4060709,13,fd0dfc9511c4c123e048823de9954312c2b907c1,linux1804-64-shippable-qr,True,False,,|c|o|l|d| |f|i|s|s|i|o|n| |i|n|t|e|r|a|c|t|i|v|e| |w|e|b|r|e|n|d|e|r|,102210fe594ee9b33d82058545b1ed14f4c8206e,fcp,reddit-billgates-post-1.billg,True,reddit-billgates-post-1.billg fcp opt cold fission webrender,,77,ms,firefox,,1804093527,2023-12-01 03:29:20,1341103,,,,,,,,,,,,,,,,,,,,,,,,,,,,,,,,,,,,,,,,,,,,,,,,,TN
1440,81869d55a8d7b3d1d573810ab4e99f63cbe11a8a,0.14897579143389195,autoland,4060709,13,fd0dfc9511c4c123e048823de9954312c2b907c1,linux1804-64-shippable-qr,True,False,,|c|o|l|d| |f|i|s|s|i|o|n| |i|n|t|e|r|a|c|t|i|v|e| |w|e|b|r|e|n|d|e|r|,102210fe594ee9b33d82058545b1ed14f4c8206e,fcp,reddit-billgates-post-1.billg,True,reddit-billgates-post-1.billg fcp opt cold fission webrender,,77,ms,firefox,,1804220877,2023-12-01 07:13:54,1341156,,,,,,,,,,,,,,,,,,,,,,,,,,,,,,,,,,,,,,,,,,,,,,,,,TN
1441,7440634a33a31738fc145eeac0bb47bc73fc64a0,0.13710428305400368,autoland,4060709,13,fd0dfc9511c4c123e048823de9954312c2b907c1,linux1804-64-shippable-qr,True,False,,|c|o|l|d| |f|i|s|s|i|o|n| |i|n|t|e|r|a|c|t|i|v|e| |w|e|b|r|e|n|d|e|r|,102210fe594ee9b33d82058545b1ed14f4c8206e,fcp,reddit-billgates-post-1.billg,True,reddit-billgates-post-1.billg fcp opt cold fission webrender,,77,ms,firefox,,1804339240,2023-12-01 11:47:02,1341285,,,,,,,,,,,,,,,,,,,,,,,,,,,,,,,,,,,,,,,,,,,,,,,,,TN
1442,22b9561cfef1c56a9940f5117d7ff6a754861629,0.15921787709497204,autoland,4060709,13,fd0dfc9511c4c123e048823de9954312c2b907c1,linux1804-64-shippable-qr,True,False,,|c|o|l|d| |f|i|s|s|i|o|n| |i|n|t|e|r|a|c|t|i|v|e| |w|e|b|r|e|n|d|e|r|,102210fe594ee9b33d82058545b1ed14f4c8206e,fcp,reddit-billgates-post-1.billg,True,reddit-billgates-post-1.billg fcp opt cold fission webrender,,77,ms,firefox,,1804413834,2023-12-01 14:17:01,1341402,,,,,,,,,,,,,,,,,,,,,,,,,,,,,,,,,,,,,,,,,,,,,,,,,TN
1443,efe09552a4d3540f0639e50d023f74997921fa37,0.24674115456238355,autoland,4060709,13,fd0dfc9511c4c123e048823de9954312c2b907c1,linux1804-64-shippable-qr,True,False,,|c|o|l|d| |f|i|s|s|i|o|n| |i|n|t|e|r|a|c|t|i|v|e| |w|e|b|r|e|n|d|e|r|,102210fe594ee9b33d82058545b1ed14f4c8206e,fcp,reddit-billgates-post-1.billg,True,reddit-billgates-post-1.billg fcp opt cold fission webrender,,77,ms,firefox,,1804512847,2023-12-01 17:28:20,1341534,,,,,,,,,,,,,,,,,,,,,,,,,,,,,,,,,,,,,,,,,,,,,,,,,TN
1444,395e2da83ee8013844620d77f01730af2164eafc,0.13221601489757917,autoland,4060709,13,fd0dfc9511c4c123e048823de9954312c2b907c1,linux1804-64-shippable-qr,True,False,,|c|o|l|d| |f|i|s|s|i|o|n| |i|n|t|e|r|a|c|t|i|v|e| |w|e|b|r|e|n|d|e|r|,102210fe594ee9b33d82058545b1ed14f4c8206e,fcp,reddit-billgates-post-1.billg,True,reddit-billgates-post-1.billg fcp opt cold fission webrender,,77,ms,firefox,,1804775379,2023-12-01 19:21:29,1341607,,,,,,,,,,,,,,,,,,,,,,,,,,,,,,,,,,,,,,,,,,,,,,,,,TN
1445,79ab6b2ca205df8f3aea4a749d7f81c062b9d1cb,0.10986964618249528,autoland,4060709,13,fd0dfc9511c4c123e048823de9954312c2b907c1,linux1804-64-shippable-qr,True,False,,|c|o|l|d| |f|i|s|s|i|o|n| |i|n|t|e|r|a|c|t|i|v|e| |w|e|b|r|e|n|d|e|r|,102210fe594ee9b33d82058545b1ed14f4c8206e,fcp,reddit-billgates-post-1.billg,True,reddit-billgates-post-1.billg fcp opt cold fission webrender,,77,ms,firefox,,1804831218,2023-12-01 19:22:33,1341609,,,,,,,,,,,,,,,,,,,,,,,,,,,,,,,,,,,,,,,,,,,,,,,,,TN
1446,97bd03fdb1bec86b388b3393aa328608da4b388d,0.13361266294227192,autoland,4060709,13,fd0dfc9511c4c123e048823de9954312c2b907c1,linux1804-64-shippable-qr,True,False,,|c|o|l|d| |f|i|s|s|i|o|n| |i|n|t|e|r|a|c|t|i|v|e| |w|e|b|r|e|n|d|e|r|,102210fe594ee9b33d82058545b1ed14f4c8206e,fcp,reddit-billgates-post-1.billg,True,reddit-billgates-post-1.billg fcp opt cold fission webrender,,77,ms,firefox,,1804805286,2023-12-01 19:31:46,1341619,,,,,,,,,,,,,,,,,,,,,,,,,,,,,,,,,,,,,,,,,,,,,,,,,TN
1447,9f4e654aca48bbf21fe893213989c7eef3cac4d7,0.11382681564245811,autoland,4060709,13,fd0dfc9511c4c123e048823de9954312c2b907c1,linux1804-64-shippable-qr,True,False,,|c|o|l|d| |f|i|s|s|i|o|n| |i|n|t|e|r|a|c|t|i|v|e| |w|e|b|r|e|n|d|e|r|,102210fe594ee9b33d82058545b1ed14f4c8206e,fcp,reddit-billgates-post-1.billg,True,reddit-billgates-post-1.billg fcp opt cold fission webrender,,77,ms,firefox,,1804820011,2023-12-01 20:03:19,1341635,,,,,,,,,,,,,,,,,,,,,,,,,,,,,,,,,,,,,,,,,,,,,,,,,TN
1448,a5a9381a759e44485d639727614ceb2b77851c90,0.11662011173184361,autoland,4060709,13,fd0dfc9511c4c123e048823de9954312c2b907c1,linux1804-64-shippable-qr,True,False,,|c|o|l|d| |f|i|s|s|i|o|n| |i|n|t|e|r|a|c|t|i|v|e| |w|e|b|r|e|n|d|e|r|,102210fe594ee9b33d82058545b1ed14f4c8206e,fcp,reddit-billgates-post-1.billg,True,reddit-billgates-post-1.billg fcp opt cold fission webrender,,77,ms,firefox,,1804621107,2023-12-01 20:34:55,1341661,,,,,,,,,,,,,,,,,,,,,,,,,,,,,,,,,,,,,,,,,,,,,,,,,TN
1449,31ee979a197aa22bdbd9ddf747e6adccea5b591d,0.15549348230912474,autoland,4060709,13,fd0dfc9511c4c123e048823de9954312c2b907c1,linux1804-64-shippable-qr,True,False,,|c|o|l|d| |f|i|s|s|i|o|n| |i|n|t|e|r|a|c|t|i|v|e| |w|e|b|r|e|n|d|e|r|,102210fe594ee9b33d82058545b1ed14f4c8206e,fcp,reddit-billgates-post-1.billg,True,reddit-billgates-post-1.billg fcp opt cold fission webrender,,77,ms,firefox,,1804754292,2023-12-01 20:38:14,1341662,,,,,,,,,,,,,,,,,,,,,,,,,,,,,,,,,,,,,,,,,,,,,,,,,TN
1450,2a52041afc10652845d2b12c671546363922fbdd,0.10311918063314712,autoland,4060709,13,fd0dfc9511c4c123e048823de9954312c2b907c1,linux1804-64-shippable-qr,True,False,,|c|o|l|d| |f|i|s|s|i|o|n| |i|n|t|e|r|a|c|t|i|v|e| |w|e|b|r|e|n|d|e|r|,102210fe594ee9b33d82058545b1ed14f4c8206e,fcp,reddit-billgates-post-1.billg,True,reddit-billgates-post-1.billg fcp opt cold fission webrender,,77,ms,firefox,,1804789961,2023-12-01 20:53:45,1341673,,,,,,,,,,,,,,,,,,,,,,,,,,,,,,,,,,,,,,,,,,,,,,,,,TN
1451,387f8657fe91f06ad2988f2381601d3f55533a9b,0.12267225325884545,autoland,4060709,13,fd0dfc9511c4c123e048823de9954312c2b907c1,linux1804-64-shippable-qr,True,False,,|c|o|l|d| |f|i|s|s|i|o|n| |i|n|t|e|r|a|c|t|i|v|e| |w|e|b|r|e|n|d|e|r|,102210fe594ee9b33d82058545b1ed14f4c8206e,fcp,reddit-billgates-post-1.billg,True,reddit-billgates-post-1.billg fcp opt cold fission webrender,,77,ms,firefox,,1804771922,2023-12-01 23:29:44,1341770,,,,,,,,,,,,,,,,,,,,,,,,,,,,,,,,,,,,,,,,,,,,,,,,,TN
1452,b2c7644e41eb5e082bf26a7b02cf780d20bada1c,0.1429236499068901,autoland,4060709,13,fd0dfc9511c4c123e048823de9954312c2b907c1,linux1804-64-shippable-qr,True,False,,|c|o|l|d| |f|i|s|s|i|o|n| |i|n|t|e|r|a|c|t|i|v|e| |w|e|b|r|e|n|d|e|r|,102210fe594ee9b33d82058545b1ed14f4c8206e,fcp,reddit-billgates-post-1.billg,True,reddit-billgates-post-1.billg fcp opt cold fission webrender,,77,ms,firefox,,1804834288,2023-12-01 23:35:18,1341772,,,,,,,,,,,,,,,,,,,,,,,,,,,,,,,,,,,,,,,,,,,,,,,,,TN
1453,bf4c1083cec10076ccbf07f2cfc3e18b04d0bf72,0.10567970204841715,autoland,4060709,13,fd0dfc9511c4c123e048823de9954312c2b907c1,linux1804-64-shippable-qr,True,False,,|c|o|l|d| |f|i|s|s|i|o|n| |i|n|t|e|r|a|c|t|i|v|e| |w|e|b|r|e|n|d|e|r|,102210fe594ee9b33d82058545b1ed14f4c8206e,fcp,reddit-billgates-post-1.billg,True,reddit-billgates-post-1.billg fcp opt cold fission webrender,,77,ms,firefox,,1804723433,2023-12-02 01:52:53,1341816,,,,,,,,,,,,,,,,,,,,,,,,,,,,,,,,,,,,,,,,,,,,,,,,,TN
1454,965cddb8421900af69da86a586e617bf7dec3b56,0.13384543761638734,autoland,4060709,13,fd0dfc9511c4c123e048823de9954312c2b907c1,linux1804-64-shippable-qr,True,False,,|c|o|l|d| |f|i|s|s|i|o|n| |i|n|t|e|r|a|c|t|i|v|e| |w|e|b|r|e|n|d|e|r|,102210fe594ee9b33d82058545b1ed14f4c8206e,fcp,reddit-billgates-post-1.billg,True,reddit-billgates-post-1.billg fcp opt cold fission webrender,,77,ms,firefox,,1804848469,2023-12-02 08:10:23,1341832,,,,,,,,,,,,,,,,,,,,,,,,,,,,,,,,,,,,,,,,,,,,,,,,,TN
1455,2d582fee4916ee442de05970cc77f7be702c22a2,0.15153631284916202,autoland,4060709,13,fd0dfc9511c4c123e048823de9954312c2b907c1,linux1804-64-shippable-qr,True,False,,|c|o|l|d| |f|i|s|s|i|o|n| |i|n|t|e|r|a|c|t|i|v|e| |w|e|b|r|e|n|d|e|r|,102210fe594ee9b33d82058545b1ed14f4c8206e,fcp,reddit-billgates-post-1.billg,True,reddit-billgates-post-1.billg fcp opt cold fission webrender,,77,ms,firefox,,1804943922,2023-12-02 14:39:28,1341863,,,,,,,,,,,,,,,,,,,,,,,,,,,,,,,,,,,,,,,,,,,,,,,,,TN
1456,d5a2cb7b9272b5c9cdfe4a0397c570ce5f9260bf,0.11010242085661082,autoland,4060709,13,fd0dfc9511c4c123e048823de9954312c2b907c1,linux1804-64-shippable-qr,True,False,,|c|o|l|d| |f|i|s|s|i|o|n| |i|n|t|e|r|a|c|t|i|v|e| |w|e|b|r|e|n|d|e|r|,102210fe594ee9b33d82058545b1ed14f4c8206e,fcp,reddit-billgates-post-1.billg,True,reddit-billgates-post-1.billg fcp opt cold fission webrender,,77,ms,firefox,,1805013876,2023-12-02 18:55:31,1341891,,,,,,,,,,,,,,,,,,,,,,,,,,,,,,,,,,,,,,,,,,,,,,,,,TN
1457,fe75ab906c798b6697934b3789355dceb5748966,0.12104283054003728,autoland,4060709,13,fd0dfc9511c4c123e048823de9954312c2b907c1,linux1804-64-shippable-qr,True,False,,|c|o|l|d| |f|i|s|s|i|o|n| |i|n|t|e|r|a|c|t|i|v|e| |w|e|b|r|e|n|d|e|r|,102210fe594ee9b33d82058545b1ed14f4c8206e,fcp,reddit-billgates-post-1.billg,True,reddit-billgates-post-1.billg fcp opt cold fission webrender,,77,ms,firefox,,1805078764,2023-12-03 00:49:27,1341930,,,,,,,,,,,,,,,,,,,,,,,,,,,,,,,,,,,,,,,,,,,,,,,,,TN
1458,8e959a7ded5f111e711c06a6728f76d3bd660699,0.13361266294227192,autoland,4060709,13,fd0dfc9511c4c123e048823de9954312c2b907c1,linux1804-64-shippable-qr,True,False,,|c|o|l|d| |f|i|s|s|i|o|n| |i|n|t|e|r|a|c|t|i|v|e| |w|e|b|r|e|n|d|e|r|,102210fe594ee9b33d82058545b1ed14f4c8206e,fcp,reddit-billgates-post-1.billg,True,reddit-billgates-post-1.billg fcp opt cold fission webrender,,77,ms,firefox,,1805104962,2023-12-03 05:05:07,1341942,,,,,,,,,,,,,,,,,,,,,,,,,,,,,,,,,,,,,,,,,,,,,,,,,TN
1459,5d84c395021682cc2af1bf5da98c205cfbc32f76,0.14897579143389195,autoland,4060709,13,fd0dfc9511c4c123e048823de9954312c2b907c1,linux1804-64-shippable-qr,True,False,,|c|o|l|d| |f|i|s|s|i|o|n| |i|n|t|e|r|a|c|t|i|v|e| |w|e|b|r|e|n|d|e|r|,102210fe594ee9b33d82058545b1ed14f4c8206e,fcp,reddit-billgates-post-1.billg,True,reddit-billgates-post-1.billg fcp opt cold fission webrender,,77,ms,firefox,,1805211095,2023-12-03 10:45:57,1341997,,,,,,,,,,,,,,,,,,,,,,,,,,,,,,,,,,,,,,,,,,,,,,,,,TN
1460,3445cc3f842050a3cdfc4da74ce254df933f7e7b,0.12290502793296088,autoland,4060709,13,fd0dfc9511c4c123e048823de9954312c2b907c1,linux1804-64-shippable-qr,True,False,,|c|o|l|d| |f|i|s|s|i|o|n| |i|n|t|e|r|a|c|t|i|v|e| |w|e|b|r|e|n|d|e|r|,102210fe594ee9b33d82058545b1ed14f4c8206e,fcp,reddit-billgates-post-1.billg,True,reddit-billgates-post-1.billg fcp opt cold fission webrender,,77,ms,firefox,,1805236446,2023-12-03 12:21:22,1342011,,,,,,,,,,,,,,,,,,,,,,,,,,,,,,,,,,,,,,,,,,,,,,,,,TN
1461,8038f0b90bbd46dcb74eaaddf1fd1c6871dc4426,0.13128491620111737,autoland,4060709,13,fd0dfc9511c4c123e048823de9954312c2b907c1,linux1804-64-shippable-qr,True,False,,|c|o|l|d| |f|i|s|s|i|o|n| |i|n|t|e|r|a|c|t|i|v|e| |w|e|b|r|e|n|d|e|r|,102210fe594ee9b33d82058545b1ed14f4c8206e,fcp,reddit-billgates-post-1.billg,True,reddit-billgates-post-1.billg fcp opt cold fission webrender,,77,ms,firefox,,1805288324,2023-12-03 18:05:44,1342033,,,,,,,,,,,,,,,,,,,,,,,,,,,,,,,,,,,,,,,,,,,,,,,,,TN
1462,369922cc5c4efad6c87b13600325eb5a989cde81,0.14315642458100564,autoland,4060709,13,fd0dfc9511c4c123e048823de9954312c2b907c1,linux1804-64-shippable-qr,True,False,,|c|o|l|d| |f|i|s|s|i|o|n| |i|n|t|e|r|a|c|t|i|v|e| |w|e|b|r|e|n|d|e|r|,102210fe594ee9b33d82058545b1ed14f4c8206e,fcp,reddit-billgates-post-1.billg,True,reddit-billgates-post-1.billg fcp opt cold fission webrender,,77,ms,firefox,,1805416752,2023-12-04 01:54:51,1342108,,,,,,,,,,,,,,,,,,,,,,,,,,,,,,,,,,,,,,,,,,,,,,,,,TN
1463,223106736a61f5cc112b0cc9d38ab1f63e034f89,0.13500931098696467,autoland,4060709,13,fd0dfc9511c4c123e048823de9954312c2b907c1,linux1804-64-shippable-qr,True,False,,|c|o|l|d| |f|i|s|s|i|o|n| |i|n|t|e|r|a|c|t|i|v|e| |w|e|b|r|e|n|d|e|r|,102210fe594ee9b33d82058545b1ed14f4c8206e,fcp,reddit-billgates-post-1.billg,True,reddit-billgates-post-1.billg fcp opt cold fission webrender,,77,ms,firefox,,1805667388,2023-12-04 11:05:28,1342238,,,,,,,,,,,,,,,,,,,,,,,,,,,,,,,,,,,,,,,,,,,,,,,,,TN
1464,20b709d0fa5633c408dd900f830b09af96c0465d,0.1354748603351955,autoland,4060709,13,fd0dfc9511c4c123e048823de9954312c2b907c1,linux1804-64-shippable-qr,True,False,,|c|o|l|d| |f|i|s|s|i|o|n| |i|n|t|e|r|a|c|t|i|v|e| |w|e|b|r|e|n|d|e|r|,102210fe594ee9b33d82058545b1ed14f4c8206e,fcp,reddit-billgates-post-1.billg,True,reddit-billgates-post-1.billg fcp opt cold fission webrender,,77,ms,firefox,,1805642620,2023-12-04 11:06:23,1342240,,,,,,,,,,,,,,,,,,,,,,,,,,,,,,,,,,,,,,,,,,,,,,,,,TN
1465,97f759dedbc9028323bba1817bba400e8c09e9de,0.1391992551210428,autoland,4060709,13,fd0dfc9511c4c123e048823de9954312c2b907c1,linux1804-64-shippable-qr,True,False,,|c|o|l|d| |f|i|s|s|i|o|n| |i|n|t|e|r|a|c|t|i|v|e| |w|e|b|r|e|n|d|e|r|,102210fe594ee9b33d82058545b1ed14f4c8206e,fcp,reddit-billgates-post-1.billg,True,reddit-billgates-post-1.billg fcp opt cold fission webrender,,77,ms,firefox,,1806175766,2023-12-04 13:16:38,1342301,,,,,,,,,,,,,,,,,,,,,,,,,,,,,,,,,,,,,,,,,,,,,,,,,TN
1466,4f1343fb977425ae4f66a42bd000c5fe434b9902,0.12430167597765363,autoland,4060709,13,fd0dfc9511c4c123e048823de9954312c2b907c1,linux1804-64-shippable-qr,True,False,,|c|o|l|d| |f|i|s|s|i|o|n| |i|n|t|e|r|a|c|t|i|v|e| |w|e|b|r|e|n|d|e|r|,102210fe594ee9b33d82058545b1ed14f4c8206e,fcp,reddit-billgates-post-1.billg,True,reddit-billgates-post-1.billg fcp opt cold fission webrender,,77,ms,firefox,,1806169490,2023-12-04 13:59:28,1342330,,,,,,,,,,,,,,,,,,,,,,,,,,,,,,,,,,,,,,,,,,,,,,,,,TN
1467,c937411c15e54bfe69abb088c2721fec07a2d5a4,0.13454376163873372,autoland,4060709,13,fd0dfc9511c4c123e048823de9954312c2b907c1,linux1804-64-shippable-qr,True,False,,|c|o|l|d| |f|i|s|s|i|o|n| |i|n|t|e|r|a|c|t|i|v|e| |w|e|b|r|e|n|d|e|r|,102210fe594ee9b33d82058545b1ed14f4c8206e,fcp,reddit-billgates-post-1.billg,True,reddit-billgates-post-1.billg fcp opt cold fission webrender,,77,ms,firefox,,1806157859,2023-12-04 14:24:03,1342356,,,,,,,,,,,,,,,,,,,,,,,,,,,,,,,,,,,,,,,,,,,,,,,,,TN
1468,1512f0acb58b18405278e4c90a67e3007f15f786,0.10172253258845437,autoland,4060709,13,fd0dfc9511c4c123e048823de9954312c2b907c1,linux1804-64-shippable-qr,True,False,,|c|o|l|d| |f|i|s|s|i|o|n| |i|n|t|e|r|a|c|t|i|v|e| |w|e|b|r|e|n|d|e|r|,102210fe594ee9b33d82058545b1ed14f4c8206e,fcp,reddit-billgates-post-1.billg,True,reddit-billgates-post-1.billg fcp opt cold fission webrender,,77,ms,firefox,,1806156382,2023-12-04 14:29:26,1342361,,,,,,,,,,,,,,,,,,,,,,,,,,,,,,,,,,,,,,,,,,,,,,,,,TN
1469,38094e01a744c421fe469d9a01cbfe12a1ee949b,0.13966480446927376,autoland,4060709,13,fd0dfc9511c4c123e048823de9954312c2b907c1,linux1804-64-shippable-qr,True,False,,|c|o|l|d| |f|i|s|s|i|o|n| |i|n|t|e|r|a|c|t|i|v|e| |w|e|b|r|e|n|d|e|r|,102210fe594ee9b33d82058545b1ed14f4c8206e,fcp,reddit-billgates-post-1.billg,True,reddit-billgates-post-1.billg fcp opt cold fission webrender,,77,ms,firefox,,1805756755,2023-12-04 14:54:31,1342377,,,,,,,,,,,,,,,,,,,,,,,,,,,,,,,,,,,,,,,,,,,,,,,,,TN
1470,3d0a5f6fd8b4a0537cb85ae502a4be6cafec1c23,0.15758845437616387,autoland,4060709,13,fd0dfc9511c4c123e048823de9954312c2b907c1,linux1804-64-shippable-qr,True,False,,|c|o|l|d| |f|i|s|s|i|o|n| |i|n|t|e|r|a|c|t|i|v|e| |w|e|b|r|e|n|d|e|r|,102210fe594ee9b33d82058545b1ed14f4c8206e,fcp,reddit-billgates-post-1.billg,True,reddit-billgates-post-1.billg fcp opt cold fission webrender,,77,ms,firefox,,1806044670,2023-12-04 22:13:56,1342750,,,,,,,,,,,,,,,,,,,,,,,,,,,,,,,,,,,,,,,,,,,,,,,,,TN
1471,39486bb8305a2e3128c6ecd97d33378744922507,0.1305865921787709,autoland,4060709,13,fd0dfc9511c4c123e048823de9954312c2b907c1,linux1804-64-shippable-qr,True,False,,|c|o|l|d| |f|i|s|s|i|o|n| |i|n|t|e|r|a|c|t|i|v|e| |w|e|b|r|e|n|d|e|r|,102210fe594ee9b33d82058545b1ed14f4c8206e,fcp,reddit-billgates-post-1.billg,True,reddit-billgates-post-1.billg fcp opt cold fission webrender,,77,ms,firefox,,1806143897,2023-12-05 02:36:15,1342897,,,,,,,,,,,,,,,,,,,,,,,,,,,,,,,,,,,,,,,,,,,,,,,,,TN
1472,775ade8b04da775ad41d5d135baae415863a874c,0.15386405959031657,autoland,4060709,13,fd0dfc9511c4c123e048823de9954312c2b907c1,linux1804-64-shippable-qr,True,False,,|c|o|l|d| |f|i|s|s|i|o|n| |i|n|t|e|r|a|c|t|i|v|e| |w|e|b|r|e|n|d|e|r|,102210fe594ee9b33d82058545b1ed14f4c8206e,fcp,reddit-billgates-post-1.billg,True,reddit-billgates-post-1.billg fcp opt cold fission webrender,,77,ms,firefox,,1806193232,2023-12-05 03:50:36,1342908,,,,,,,,,,,,,,,,,,,,,,,,,,,,,,,,,,,,,,,,,,,,,,,,,TN
1473,429e8cc8473b4c76828d06e2f07abbeb9dbebd81,0.12942271880819367,autoland,4060709,13,fd0dfc9511c4c123e048823de9954312c2b907c1,linux1804-64-shippable-qr,True,False,,|c|o|l|d| |f|i|s|s|i|o|n| |i|n|t|e|r|a|c|t|i|v|e| |w|e|b|r|e|n|d|e|r|,102210fe594ee9b33d82058545b1ed14f4c8206e,fcp,reddit-billgates-post-1.billg,True,reddit-billgates-post-1.billg fcp opt cold fission webrender,,77,ms,firefox,,1806353523,2023-12-05 08:48:01,1342965,,,,,,,,,,,,,,,,,,,,,,,,,,,,,,,,,,,,,,,,,,,,,,,,,TN
1474,10602eb918edd2ccf85a22fb60b3dc62c845c42a,0.1324487895716946,autoland,4060709,13,fd0dfc9511c4c123e048823de9954312c2b907c1,linux1804-64-shippable-qr,True,False,,|c|o|l|d| |f|i|s|s|i|o|n| |i|n|t|e|r|a|c|t|i|v|e| |w|e|b|r|e|n|d|e|r|,102210fe594ee9b33d82058545b1ed14f4c8206e,fcp,reddit-billgates-post-1.billg,True,reddit-billgates-post-1.billg fcp opt cold fission webrender,,77,ms,firefox,,1806368431,2023-12-05 11:07:31,1343031,,,,,,,,,,,,,,,,,,,,,,,,,,,,,,,,,,,,,,,,,,,,,,,,,TN
1475,91c058c18c2a5e76a0f90fce266b0fcbe74f5ad3,0.09171322160148976,autoland,4060709,13,fd0dfc9511c4c123e048823de9954312c2b907c1,linux1804-64-shippable-qr,True,False,,|c|o|l|d| |f|i|s|s|i|o|n| |i|n|t|e|r|a|c|t|i|v|e| |w|e|b|r|e|n|d|e|r|,102210fe594ee9b33d82058545b1ed14f4c8206e,fcp,reddit-billgates-post-1.billg,True,reddit-billgates-post-1.billg fcp opt cold fission webrender,,77,ms,firefox,,1806957624,2023-12-05 14:09:06,1343100,,,,,,,,,,,,,,,,,,,,,,,,,,,,,,,,,,,,,,,,,,,,,,,,,TN
1476,d7ec576e1046afdd1d78ec401cb31a844b623ce9,0.11918063314711358,autoland,4060709,13,fd0dfc9511c4c123e048823de9954312c2b907c1,linux1804-64-shippable-qr,True,False,,|c|o|l|d| |f|i|s|s|i|o|n| |i|n|t|e|r|a|c|t|i|v|e| |w|e|b|r|e|n|d|e|r|,102210fe594ee9b33d82058545b1ed14f4c8206e,fcp,reddit-billgates-post-1.billg,True,reddit-billgates-post-1.billg fcp opt cold fission webrender,,77,ms,firefox,,1806930663,2023-12-05 14:30:17,1343108,,,,,,,,,,,,,,,,,,,,,,,,,,,,,,,,,,,,,,,,,,,,,,,,,TN
1477,e603b8b016d76de025bea02bfdc1e0590166c2c0,0.1410614525139665,autoland,4060709,13,fd0dfc9511c4c123e048823de9954312c2b907c1,linux1804-64-shippable-qr,True,False,,|c|o|l|d| |f|i|s|s|i|o|n| |i|n|t|e|r|a|c|t|i|v|e| |w|e|b|r|e|n|d|e|r|,102210fe594ee9b33d82058545b1ed14f4c8206e,fcp,reddit-billgates-post-1.billg,True,reddit-billgates-post-1.billg fcp opt cold fission webrender,,77,ms,firefox,,1806478085,2023-12-05 15:11:37,1343145,,,,,,,,,,,,,,,,,,,,,,,,,,,,,,,,,,,,,,,,,,,,,,,,,TN
1478,91bda8b5915b84ed6533a6620f955f271dc5aac3,0.15875232774674108,autoland,4060709,13,fd0dfc9511c4c123e048823de9954312c2b907c1,linux1804-64-shippable-qr,True,False,,|c|o|l|d| |f|i|s|s|i|o|n| |i|n|t|e|r|a|c|t|i|v|e| |w|e|b|r|e|n|d|e|r|,102210fe594ee9b33d82058545b1ed14f4c8206e,fcp,reddit-billgates-post-1.billg,True,reddit-billgates-post-1.billg fcp opt cold fission webrender,,77,ms,firefox,,1806510182,2023-12-05 16:28:46,1343203,,,,,,,,,,,,,,,,,,,,,,,,,,,,,,,,,,,,,,,,,,,,,,,,,TN
1479,f778448a1da5f0622c4361d37810461a035f4627,0.10358472998137802,autoland,4060709,13,fd0dfc9511c4c123e048823de9954312c2b907c1,linux1804-64-shippable-qr,True,False,,|c|o|l|d| |f|i|s|s|i|o|n| |i|n|t|e|r|a|c|t|i|v|e| |w|e|b|r|e|n|d|e|r|,102210fe594ee9b33d82058545b1ed14f4c8206e,fcp,reddit-billgates-post-1.billg,True,reddit-billgates-post-1.billg fcp opt cold fission webrender,,77,ms,firefox,,1806708682,2023-12-05 20:37:35,1343409,,,,,,,,,,,,,,,,,,,,,,,,,,,,,,,,,,,,,,,,,,,,,,,,,TN
1480,177375e24d1352ab203de0ac3aa53003c5d0ffd2,0.13850093109869643,autoland,4060709,13,fd0dfc9511c4c123e048823de9954312c2b907c1,linux1804-64-shippable-qr,True,False,,|c|o|l|d| |f|i|s|s|i|o|n| |i|n|t|e|r|a|c|t|i|v|e| |w|e|b|r|e|n|d|e|r|,102210fe594ee9b33d82058545b1ed14f4c8206e,fcp,reddit-billgates-post-1.billg,True,reddit-billgates-post-1.billg fcp opt cold fission webrender,,77,ms,firefox,,1806759534,2023-12-05 21:38:52,1343440,,,,,,,,,,,,,,,,,,,,,,,,,,,,,,,,,,,,,,,,,,,,,,,,,TN
1481,30004166d9f2cc3399da68e8762c35b1b886c0dc,0.1352420856610801,autoland,4060709,13,fd0dfc9511c4c123e048823de9954312c2b907c1,linux1804-64-shippable-qr,True,False,,|c|o|l|d| |f|i|s|s|i|o|n| |i|n|t|e|r|a|c|t|i|v|e| |w|e|b|r|e|n|d|e|r|,102210fe594ee9b33d82058545b1ed14f4c8206e,fcp,reddit-billgates-post-1.billg,True,reddit-billgates-post-1.billg fcp opt cold fission webrender,,77,ms,firefox,,1806897469,2023-12-06 02:13:38,1343563,,,,,,,,,,,,,,,,,,,,,,,,,,,,,,,,,,,,,,,,,,,,,,,,,TN
1482,63afa0f8febdc8b199d998d50bb76fc8f7945c3e,0.11545623836126628,autoland,4060709,13,fd0dfc9511c4c123e048823de9954312c2b907c1,linux1804-64-shippable-qr,True,False,,|c|o|l|d| |f|i|s|s|i|o|n| |i|n|t|e|r|a|c|t|i|v|e| |w|e|b|r|e|n|d|e|r|,102210fe594ee9b33d82058545b1ed14f4c8206e,fcp,reddit-billgates-post-1.billg,True,reddit-billgates-post-1.billg fcp opt cold fission webrender,,77,ms,firefox,,1807027779,2023-12-06 09:09:58,1343650,,,,,,,,,,,,,,,,,,,,,,,,,,,,,,,,,,,,,,,,,,,,,,,,,TN
1483,bd72dc9af1136390dd2d815e8d54aaeccb716364,0.15153631284916202,autoland,4060709,13,fd0dfc9511c4c123e048823de9954312c2b907c1,linux1804-64-shippable-qr,True,False,,|c|o|l|d| |f|i|s|s|i|o|n| |i|n|t|e|r|a|c|t|i|v|e| |w|e|b|r|e|n|d|e|r|,102210fe594ee9b33d82058545b1ed14f4c8206e,fcp,reddit-billgates-post-1.billg,True,reddit-billgates-post-1.billg fcp opt cold fission webrender,,77,ms,firefox,,1807544142,2023-12-06 11:41:32,1343706,,,,,,,,,,,,,,,,,,,,,,,,,,,,,,,,,,,,,,,,,,,,,,,,,TN
1484,2f3297d504f3c523b74f99bff2204116513e0d48,0.12849162011173176,autoland,4060709,13,fd0dfc9511c4c123e048823de9954312c2b907c1,linux1804-64-shippable-qr,True,False,,|c|o|l|d| |f|i|s|s|i|o|n| |i|n|t|e|r|a|c|t|i|v|e| |w|e|b|r|e|n|d|e|r|,102210fe594ee9b33d82058545b1ed14f4c8206e,fcp,reddit-billgates-post-1.billg,True,reddit-billgates-post-1.billg fcp opt cold fission webrender,,77,ms,firefox,,1807548704,2023-12-06 13:05:41,1343730,,,,,,,,,,,,,,,,,,,,,,,,,,,,,,,,,,,,,,,,,,,,,,,,,TN
1485,52f516546de7ac66228e074000877d32ebf093af,0.1361731843575419,autoland,4060709,13,fd0dfc9511c4c123e048823de9954312c2b907c1,linux1804-64-shippable-qr,True,False,,|c|o|l|d| |f|i|s|s|i|o|n| |i|n|t|e|r|a|c|t|i|v|e| |w|e|b|r|e|n|d|e|r|,102210fe594ee9b33d82058545b1ed14f4c8206e,fcp,reddit-billgates-post-1.billg,True,reddit-billgates-post-1.billg fcp opt cold fission webrender,,77,ms,firefox,,1807122667,2023-12-06 13:42:54,1343745,,,,,,,,,,,,,,,,,,,,,,,,,,,,,,,,,,,,,,,,,,,,,,,,,TN
1486,a035ddfc75fc597cd1df3c347d2cbbc50568f884,0.1156890130353817,autoland,4060709,13,fd0dfc9511c4c123e048823de9954312c2b907c1,linux1804-64-shippable-qr,True,False,,|c|o|l|d| |f|i|s|s|i|o|n| |i|n|t|e|r|a|c|t|i|v|e| |w|e|b|r|e|n|d|e|r|,102210fe594ee9b33d82058545b1ed14f4c8206e,fcp,reddit-billgates-post-1.billg,True,reddit-billgates-post-1.billg fcp opt cold fission webrender,,77,ms,firefox,,1807132342,2023-12-06 14:11:26,1343771,,,,,,,,,,,,,,,,,,,,,,,,,,,,,,,,,,,,,,,,,,,,,,,,,TN
1487,a69c40accbf099d041417ce4da9b82829f044167,0.13500931098696467,autoland,4060709,13,fd0dfc9511c4c123e048823de9954312c2b907c1,linux1804-64-shippable-qr,True,False,,|c|o|l|d| |f|i|s|s|i|o|n| |i|n|t|e|r|a|c|t|i|v|e| |w|e|b|r|e|n|d|e|r|,102210fe594ee9b33d82058545b1ed14f4c8206e,fcp,reddit-billgates-post-1.billg,True,reddit-billgates-post-1.billg fcp opt cold fission webrender,,77,ms,firefox,,1807534112,2023-12-06 16:34:41,1343891,,,,,,,,,,,,,,,,,,,,,,,,,,,,,,,,,,,,,,,,,,,,,,,,,TN
1488,ef4b8028299fa2b731c2ac785839a0bba06025d9,0.13687150837988826,autoland,4060709,13,fd0dfc9511c4c123e048823de9954312c2b907c1,linux1804-64-shippable-qr,True,False,,|c|o|l|d| |f|i|s|s|i|o|n| |i|n|t|e|r|a|c|t|i|v|e| |w|e|b|r|e|n|d|e|r|,102210fe594ee9b33d82058545b1ed14f4c8206e,fcp,reddit-billgates-post-1.billg,True,reddit-billgates-post-1.billg fcp opt cold fission webrender,,77,ms,firefox,,1807561095,2023-12-06 16:56:14,1343908,,,,,,,,,,,,,,,,,,,,,,,,,,,,,,,,,,,,,,,,,,,,,,,,,TN
1489,ab110e2fcc6ab3c8e078fe970b109f482069386e,0.14618249534450656,autoland,4060709,13,fd0dfc9511c4c123e048823de9954312c2b907c1,linux1804-64-shippable-qr,True,False,,|c|o|l|d| |f|i|s|s|i|o|n| |i|n|t|e|r|a|c|t|i|v|e| |w|e|b|r|e|n|d|e|r|,102210fe594ee9b33d82058545b1ed14f4c8206e,fcp,reddit-billgates-post-1.billg,True,reddit-billgates-post-1.billg fcp opt cold fission webrender,,77,ms,firefox,,1807304489,2023-12-06 18:17:17,1343990,,,,,,,,,,,,,,,,,,,,,,,,,,,,,,,,,,,,,,,,,,,,,,,,,TN
1490,f3fc0213f527ba806a10092bbadec34e00dbe4f6,0.12383612662942267,autoland,4060709,13,fd0dfc9511c4c123e048823de9954312c2b907c1,linux1804-64-shippable-qr,True,False,,|c|o|l|d| |f|i|s|s|i|o|n| |i|n|t|e|r|a|c|t|i|v|e| |w|e|b|r|e|n|d|e|r|,102210fe594ee9b33d82058545b1ed14f4c8206e,fcp,reddit-billgates-post-1.billg,True,reddit-billgates-post-1.billg fcp opt cold fission webrender,,77,ms,firefox,,1807428907,2023-12-06 22:50:02,1344189,,,,,,,,,,,,,,,,,,,,,,,,,,,,,,,,,,,,,,,,,,,,,,,,,TN
1491,9259a4ff84a40f3ba6516914e0b3a56b8d0c1f6c,0.1419925512104283,autoland,4060709,13,fd0dfc9511c4c123e048823de9954312c2b907c1,linux1804-64-shippable-qr,True,False,,|c|o|l|d| |f|i|s|s|i|o|n| |i|n|t|e|r|a|c|t|i|v|e| |w|e|b|r|e|n|d|e|r|,102210fe594ee9b33d82058545b1ed14f4c8206e,fcp,reddit-billgates-post-1.billg,True,reddit-billgates-post-1.billg fcp opt cold fission webrender,,77,ms,firefox,,1808440496,2023-12-07 02:13:26,1344265,,,,,,,,,,,,,,,,,,,,,,,,,,,,,,,,,,,,,,,,,,,,,,,,,TN
1492,a69f0b0ab3518bb6ff95e488df4d7fb3c442e0fb,0.11662011173184361,autoland,4060709,13,fd0dfc9511c4c123e048823de9954312c2b907c1,linux1804-64-shippable-qr,True,False,,|c|o|l|d| |f|i|s|s|i|o|n| |i|n|t|e|r|a|c|t|i|v|e| |w|e|b|r|e|n|d|e|r|,102210fe594ee9b33d82058545b1ed14f4c8206e,fcp,reddit-billgates-post-1.billg,True,reddit-billgates-post-1.billg fcp opt cold fission webrender,,77,ms,firefox,,1808468339,2023-12-07 02:14:19,1344266,,,,,,,,,,,,,,,,,,,,,,,,,,,,,,,,,,,,,,,,,,,,,,,,,TN
1493,93a04e8835aaaf359b24f47f54d622f7d36fd813,0.1296554934823091,autoland,4060709,13,fd0dfc9511c4c123e048823de9954312c2b907c1,linux1804-64-shippable-qr,True,False,,|c|o|l|d| |f|i|s|s|i|o|n| |i|n|t|e|r|a|c|t|i|v|e| |w|e|b|r|e|n|d|e|r|,102210fe594ee9b33d82058545b1ed14f4c8206e,fcp,reddit-billgates-post-1.billg,True,reddit-billgates-post-1.billg fcp opt cold fission webrender,,77,ms,firefox,,1807520115,2023-12-07 04:18:34,1344290,,,,,,,,,,,,,,,,,,,,,,,,,,,,,,,,,,,,,,,,,,,,,,,,,TN
1494,bf303be135c75bed641d8b53d4f70636184b3eb8,0.12639664804469275,autoland,4060709,13,fd0dfc9511c4c123e048823de9954312c2b907c1,linux1804-64-shippable-qr,True,False,,|c|o|l|d| |f|i|s|s|i|o|n| |i|n|t|e|r|a|c|t|i|v|e| |w|e|b|r|e|n|d|e|r|,102210fe594ee9b33d82058545b1ed14f4c8206e,fcp,reddit-billgates-post-1.billg,True,reddit-billgates-post-1.billg fcp opt cold fission webrender,,77,ms,firefox,,1808935867,2023-12-07 04:28:12,1344294,,,,,,,,,,,,,,,,,,,,,,,,,,,,,,,,,,,,,,,,,,,,,,,,,TN
1495,bfb856ad1937a7c93b9a66dda255384fb856f743,0.12732774674115455,autoland,4060709,13,fd0dfc9511c4c123e048823de9954312c2b907c1,linux1804-64-shippable-qr,True,False,,|c|o|l|d| |f|i|s|s|i|o|n| |i|n|t|e|r|a|c|t|i|v|e| |w|e|b|r|e|n|d|e|r|,102210fe594ee9b33d82058545b1ed14f4c8206e,fcp,reddit-billgates-post-1.billg,True,reddit-billgates-post-1.billg fcp opt cold fission webrender,,77,ms,firefox,,1809001738,2023-12-07 04:34:47,1344295,,,,,,,,,,,,,,,,,,,,,,,,,,,,,,,,,,,,,,,,,,,,,,,,,TN
1496,963b7e553ef0e6d3ff525dc8f160d8eb5c8330bd,0.11638733705772808,autoland,4060709,13,fd0dfc9511c4c123e048823de9954312c2b907c1,linux1804-64-shippable-qr,True,False,,|c|o|l|d| |f|i|s|s|i|o|n| |i|n|t|e|r|a|c|t|i|v|e| |w|e|b|r|e|n|d|e|r|,102210fe594ee9b33d82058545b1ed14f4c8206e,fcp,reddit-billgates-post-1.billg,True,reddit-billgates-post-1.billg fcp opt cold fission webrender,,77,ms,firefox,,1808940083,2023-12-07 04:54:33,1344296,,,,,,,,,,,,,,,,,,,,,,,,,,,,,,,,,,,,,,,,,,,,,,,,,TN
1497,fc13accbfb24f9c843083900b00a90f05c19f284,0.11312849162011174,autoland,4060709,13,fd0dfc9511c4c123e048823de9954312c2b907c1,linux1804-64-shippable-qr,True,False,,|c|o|l|d| |f|i|s|s|i|o|n| |i|n|t|e|r|a|c|t|i|v|e| |w|e|b|r|e|n|d|e|r|,102210fe594ee9b33d82058545b1ed14f4c8206e,fcp,reddit-billgates-post-1.billg,True,reddit-billgates-post-1.billg fcp opt cold fission webrender,,77,ms,firefox,,1808865402,2023-12-07 05:27:11,1344300,,,,,,,,,,,,,,,,,,,,,,,,,,,,,,,,,,,,,,,,,,,,,,,,,TN
1498,6bd9b7d691bc83f5b47d4b004542fe749318d8f2,0.1380353817504656,autoland,4060709,13,fd0dfc9511c4c123e048823de9954312c2b907c1,linux1804-64-shippable-qr,True,False,,|c|o|l|d| |f|i|s|s|i|o|n| |i|n|t|e|r|a|c|t|i|v|e| |w|e|b|r|e|n|d|e|r|,102210fe594ee9b33d82058545b1ed14f4c8206e,fcp,reddit-billgates-post-1.billg,True,reddit-billgates-post-1.billg fcp opt cold fission webrender,,77,ms,firefox,,1808935243,2023-12-07 06:18:21,1344310,,,,,,,,,,,,,,,,,,,,,,,,,,,,,,,,,,,,,,,,,,,,,,,,,TN
1499,67f8b12335fd14975462afecda7a116e92c45eba,0.1315176908752328,autoland,4060709,13,fd0dfc9511c4c123e048823de9954312c2b907c1,linux1804-64-shippable-qr,True,False,,|c|o|l|d| |f|i|s|s|i|o|n| |i|n|t|e|r|a|c|t|i|v|e| |w|e|b|r|e|n|d|e|r|,102210fe594ee9b33d82058545b1ed14f4c8206e,fcp,reddit-billgates-post-1.billg,True,reddit-billgates-post-1.billg fcp opt cold fission webrender,,77,ms,firefox,,1809002567,2023-12-07 06:40:48,1344314,,,,,,,,,,,,,,,,,,,,,,,,,,,,,,,,,,,,,,,,,,,,,,,,,TN
1500,4e2f1b350ee91e138a52dbcf467c2f91ca971bac,0.1352420856610801,autoland,4060709,13,fd0dfc9511c4c123e048823de9954312c2b907c1,linux1804-64-shippable-qr,True,False,,|c|o|l|d| |f|i|s|s|i|o|n| |i|n|t|e|r|a|c|t|i|v|e| |w|e|b|r|e|n|d|e|r|,102210fe594ee9b33d82058545b1ed14f4c8206e,fcp,reddit-billgates-post-1.billg,True,reddit-billgates-post-1.billg fcp opt cold fission webrender,,77,ms,firefox,,1808932341,2023-12-07 06:41:40,1344315,,,,,,,,,,,,,,,,,,,,,,,,,,,,,,,,,,,,,,,,,,,,,,,,,TN
1501,d7790e92122129f537d9dcbe098193b6f840cbca,0.1391992551210428,autoland,4060709,13,fd0dfc9511c4c123e048823de9954312c2b907c1,linux1804-64-shippable-qr,True,False,,|c|o|l|d| |f|i|s|s|i|o|n| |i|n|t|e|r|a|c|t|i|v|e| |w|e|b|r|e|n|d|e|r|,102210fe594ee9b33d82058545b1ed14f4c8206e,fcp,reddit-billgates-post-1.billg,True,reddit-billgates-post-1.billg fcp opt cold fission webrender,,77,ms,firefox,,1809002338,2023-12-07 07:00:39,1344317,,,,,,,,,,,,,,,,,,,,,,,,,,,,,,,,,,,,,,,,,,,,,,,,,TN
1502,c2f47ac0fbb6436bece8ad2dc50a504ccde7c774,0.11755121042830541,autoland,4060709,13,fd0dfc9511c4c123e048823de9954312c2b907c1,linux1804-64-shippable-qr,True,False,,|c|o|l|d| |f|i|s|s|i|o|n| |i|n|t|e|r|a|c|t|i|v|e| |w|e|b|r|e|n|d|e|r|,102210fe594ee9b33d82058545b1ed14f4c8206e,fcp,reddit-billgates-post-1.billg,True,reddit-billgates-post-1.billg fcp opt cold fission webrender,,77,ms,firefox,,1809001615,2023-12-07 08:10:14,1344329,,,,,,,,,,,,,,,,,,,,,,,,,,,,,,,,,,,,,,,,,,,,,,,,,TN
1503,f5d904bee3fe6c9e79061b56c8499b6154f7d3ff,0.11359404096834269,autoland,4060709,13,fd0dfc9511c4c123e048823de9954312c2b907c1,linux1804-64-shippable-qr,True,False,,|c|o|l|d| |f|i|s|s|i|o|n| |i|n|t|e|r|a|c|t|i|v|e| |w|e|b|r|e|n|d|e|r|,102210fe594ee9b33d82058545b1ed14f4c8206e,fcp,reddit-billgates-post-1.billg,True,reddit-billgates-post-1.billg fcp opt cold fission webrender,,77,ms,firefox,,1807615325,2023-12-07 09:07:30,1344349,,,,,,,,,,,,,,,,,,,,,,,,,,,,,,,,,,,,,,,,,,,,,,,,,TN
1504,59f5c1b05b863d8524c97a20e49132a5eca2753a,0.11336126629422716,autoland,4060709,13,fd0dfc9511c4c123e048823de9954312c2b907c1,linux1804-64-shippable-qr,True,False,,|c|o|l|d| |f|i|s|s|i|o|n| |i|n|t|e|r|a|c|t|i|v|e| |w|e|b|r|e|n|d|e|r|,102210fe594ee9b33d82058545b1ed14f4c8206e,fcp,reddit-billgates-post-1.billg,True,reddit-billgates-post-1.billg fcp opt cold fission webrender,,77,ms,firefox,,1808865111,2023-12-07 11:49:47,1344428,,,,,,,,,,,,,,,,,,,,,,,,,,,,,,,,,,,,,,,,,,,,,,,,,TN
1505,99e226ce1286214f8abc62d473577a491ea42fb0,0.11638733705772808,autoland,4060709,13,fd0dfc9511c4c123e048823de9954312c2b907c1,linux1804-64-shippable-qr,True,False,,|c|o|l|d| |f|i|s|s|i|o|n| |i|n|t|e|r|a|c|t|i|v|e| |w|e|b|r|e|n|d|e|r|,102210fe594ee9b33d82058545b1ed14f4c8206e,fcp,reddit-billgates-post-1.billg,True,reddit-billgates-post-1.billg fcp opt cold fission webrender,,77,ms,firefox,,1808865307,2023-12-07 11:52:26,1344431,,,,,,,,,,,,,,,,,,,,,,,,,,,,,,,,,,,,,,,,,,,,,,,,,TN
1506,5e31e3db84e907445272d87274e53780e94d85e5,0.0996275605214153,autoland,4060709,13,fd0dfc9511c4c123e048823de9954312c2b907c1,linux1804-64-shippable-qr,True,False,,|c|o|l|d| |f|i|s|s|i|o|n| |i|n|t|e|r|a|c|t|i|v|e| |w|e|b|r|e|n|d|e|r|,102210fe594ee9b33d82058545b1ed14f4c8206e,fcp,reddit-billgates-post-1.billg,True,reddit-billgates-post-1.billg fcp opt cold fission webrender,,77,ms,firefox,,1808865360,2023-12-07 11:53:21,1344432,,,,,,,,,,,,,,,,,,,,,,,,,,,,,,,,,,,,,,,,,,,,,,,,,TN
1507,9f19024ea72b947377a5337c9c14e55a62211bff,0.11685288640595903,autoland,4060709,13,fd0dfc9511c4c123e048823de9954312c2b907c1,linux1804-64-shippable-qr,True,False,,|c|o|l|d| |f|i|s|s|i|o|n| |i|n|t|e|r|a|c|t|i|v|e| |w|e|b|r|e|n|d|e|r|,102210fe594ee9b33d82058545b1ed14f4c8206e,fcp,reddit-billgates-post-1.billg,True,reddit-billgates-post-1.billg fcp opt cold fission webrender,,77,ms,firefox,,1808863864,2023-12-07 11:54:17,1344433,,,,,,,,,,,,,,,,,,,,,,,,,,,,,,,,,,,,,,,,,,,,,,,,,TN
1508,63450ec33b5bb5a254bba4d95a8a99d096da6452,0.11894785847299816,autoland,4060709,13,fd0dfc9511c4c123e048823de9954312c2b907c1,linux1804-64-shippable-qr,True,False,,|c|o|l|d| |f|i|s|s|i|o|n| |i|n|t|e|r|a|c|t|i|v|e| |w|e|b|r|e|n|d|e|r|,102210fe594ee9b33d82058545b1ed14f4c8206e,fcp,reddit-billgates-post-1.billg,True,reddit-billgates-post-1.billg fcp opt cold fission webrender,,77,ms,firefox,,1808863940,2023-12-07 12:15:50,1344444,,,,,,,,,,,,,,,,,,,,,,,,,,,,,,,,,,,,,,,,,,,,,,,,,TN
1509,518de58d5daad81c35b50e5b645661bf9b3a0f96,0.09892923649906893,autoland,4060709,13,fd0dfc9511c4c123e048823de9954312c2b907c1,linux1804-64-shippable-qr,True,False,,|c|o|l|d| |f|i|s|s|i|o|n| |i|n|t|e|r|a|c|t|i|v|e| |w|e|b|r|e|n|d|e|r|,102210fe594ee9b33d82058545b1ed14f4c8206e,fcp,reddit-billgates-post-1.billg,True,reddit-billgates-post-1.billg fcp opt cold fission webrender,,77,ms,firefox,,1808864414,2023-12-07 12:19:27,1344447,,,,,,,,,,,,,,,,,,,,,,,,,,,,,,,,,,,,,,,,,,,,,,,,,TN
1510,80cad169f5e1a03ab5f366c42b6c11d0bc68bd12,0.11941340782122911,autoland,4060709,13,fd0dfc9511c4c123e048823de9954312c2b907c1,linux1804-64-shippable-qr,True,False,,|c|o|l|d| |f|i|s|s|i|o|n| |i|n|t|e|r|a|c|t|i|v|e| |w|e|b|r|e|n|d|e|r|,102210fe594ee9b33d82058545b1ed14f4c8206e,fcp,reddit-billgates-post-1.billg,True,reddit-billgates-post-1.billg fcp opt cold fission webrender,,77,ms,firefox,,1808864003,2023-12-07 12:23:45,1344450,,,,,,,,,,,,,,,,,,,,,,,,,,,,,,,,,,,,,,,,,,,,,,,,,TN
1511,18f480ff3ebb61e9b3fa4461c830f2dae6f48cd4,0.1153980446927374,autoland,4060709,13,fd0dfc9511c4c123e048823de9954312c2b907c1,linux1804-64-shippable-qr,True,False,,|c|o|l|d| |f|i|s|s|i|o|n| |i|n|t|e|r|a|c|t|i|v|e| |w|e|b|r|e|n|d|e|r|,102210fe594ee9b33d82058545b1ed14f4c8206e,fcp,reddit-billgates-post-1.billg,True,reddit-billgates-post-1.billg fcp opt cold fission webrender,,77,ms,firefox,,1808864470,2023-12-07 12:42:25,1344452,,,,,,,,,,,,,,,,,,,,,,,,,,,,,,,,,,,,,,,,,,,,,,,,,TN
1512,6767f1605049012cccf15d42c103b63d8efd8313,0.011871508379888263,autoland,4060709,13,fd0dfc9511c4c123e048823de9954312c2b907c1,linux1804-64-shippable-qr,True,False,,|c|o|l|d| |f|i|s|s|i|o|n| |i|n|t|e|r|a|c|t|i|v|e| |w|e|b|r|e|n|d|e|r|,102210fe594ee9b33d82058545b1ed14f4c8206e,fcp,reddit-billgates-post-1.billg,True,reddit-billgates-post-1.billg fcp opt cold fission webrender,,77,ms,firefox,,1808862985,2023-12-07 12:44:35,1344453,,,,,,,,,,,,,,,,,,,,,,,,,,,,,,,,,,,,,,,,,,,,,,,,,TN
1513,bea12a00706c3b2951d467008996bf7e89d17e5b,0.1503724394785847,autoland,4060709,13,fd0dfc9511c4c123e048823de9954312c2b907c1,linux1804-64-shippable-qr,True,False,,|c|o|l|d| |f|i|s|s|i|o|n| |i|n|t|e|r|a|c|t|i|v|e| |w|e|b|r|e|n|d|e|r|,102210fe594ee9b33d82058545b1ed14f4c8206e,fcp,reddit-billgates-post-1.billg,True,reddit-billgates-post-1.billg fcp opt cold fission webrender,,77,ms,firefox,,1807722980,2023-12-07 12:51:56,1344456,,,,,,,,,,,,,,,,,,,,,,,,,,,,,,,,,,,,,,,,,,,,,,,,,TN
1514,e44fcbb7d50738ba8c1e9724e72a58ad3f4b9c1a,0.11126629422718814,autoland,4060709,13,fd0dfc9511c4c123e048823de9954312c2b907c1,linux1804-64-shippable-qr,True,False,,|c|o|l|d| |f|i|s|s|i|o|n| |i|n|t|e|r|a|c|t|i|v|e| |w|e|b|r|e|n|d|e|r|,102210fe594ee9b33d82058545b1ed14f4c8206e,fcp,reddit-billgates-post-1.billg,True,reddit-billgates-post-1.billg fcp opt cold fission webrender,,77,ms,firefox,,1808865569,2023-12-07 12:55:26,1344457,,,,,,,,,,,,,,,,,,,,,,,,,,,,,,,,,,,,,,,,,,,,,,,,,TN
1515,6d1dc7be555230d157a41c320674cf9c2a94f4ff,0.14711359404096835,autoland,4060709,13,fd0dfc9511c4c123e048823de9954312c2b907c1,linux1804-64-shippable-qr,True,False,,|c|o|l|d| |f|i|s|s|i|o|n| |i|n|t|e|r|a|c|t|i|v|e| |w|e|b|r|e|n|d|e|r|,102210fe594ee9b33d82058545b1ed14f4c8206e,fcp,reddit-billgates-post-1.billg,True,reddit-billgates-post-1.billg fcp opt cold fission webrender,,77,ms,firefox,,1808864759,2023-12-07 13:02:59,1344460,,,,,,,,,,,,,,,,,,,,,,,,,,,,,,,,,,,,,,,,,,,,,,,,,TN
1516,ee83b5ce89b76ccac425ff061ab7b9242f847931,0.14525139664804465,autoland,4060709,13,fd0dfc9511c4c123e048823de9954312c2b907c1,linux1804-64-shippable-qr,True,False,,|c|o|l|d| |f|i|s|s|i|o|n| |i|n|t|e|r|a|c|t|i|v|e| |w|e|b|r|e|n|d|e|r|,102210fe594ee9b33d82058545b1ed14f4c8206e,fcp,reddit-billgates-post-1.billg,True,reddit-billgates-post-1.billg fcp opt cold fission webrender,,77,ms,firefox,,1808374493,2023-12-07 13:24:55,1344468,,,,,,,,,,,,,,,,,,,,,,,,,,,,,,,,,,,,,,,,,,,,,,,,,TN
1517,47051dc8963377742b4656efbc924fdb4e2faf6f,0.1287243947858473,autoland,4060709,13,fd0dfc9511c4c123e048823de9954312c2b907c1,linux1804-64-shippable-qr,True,False,,|c|o|l|d| |f|i|s|s|i|o|n| |i|n|t|e|r|a|c|t|i|v|e| |w|e|b|r|e|n|d|e|r|,102210fe594ee9b33d82058545b1ed14f4c8206e,fcp,reddit-billgates-post-1.billg,True,reddit-billgates-post-1.billg fcp opt cold fission webrender,,77,ms,firefox,,1808333740,2023-12-07 13:38:59,1344471,,,,,,,,,,,,,,,,,,,,,,,,,,,,,,,,,,,,,,,,,,,,,,,,,TN
1518,86eea6f5893cc797c622501ea8a8d4714bf5bfe6,0.11638733705772808,autoland,4060709,13,fd0dfc9511c4c123e048823de9954312c2b907c1,linux1804-64-shippable-qr,True,False,,|c|o|l|d| |f|i|s|s|i|o|n| |i|n|t|e|r|a|c|t|i|v|e| |w|e|b|r|e|n|d|e|r|,102210fe594ee9b33d82058545b1ed14f4c8206e,fcp,reddit-billgates-post-1.billg,True,reddit-billgates-post-1.billg fcp opt cold fission webrender,,77,ms,firefox,,1808309233,2023-12-07 14:19:42,1344486,,,,,,,,,,,,,,,,,,,,,,,,,,,,,,,,,,,,,,,,,,,,,,,,,TN
1519,6d46d01f4af40e60ef81eef9a5bd88afda7b7aab,0.11405959031657353,autoland,4060709,13,fd0dfc9511c4c123e048823de9954312c2b907c1,linux1804-64-shippable-qr,True,False,,|c|o|l|d| |f|i|s|s|i|o|n| |i|n|t|e|r|a|c|t|i|v|e| |w|e|b|r|e|n|d|e|r|,102210fe594ee9b33d82058545b1ed14f4c8206e,fcp,reddit-billgates-post-1.billg,True,reddit-billgates-post-1.billg fcp opt cold fission webrender,,77,ms,firefox,,1808427890,2023-12-07 14:20:39,1344488,,,,,,,,,,,,,,,,,,,,,,,,,,,,,,,,,,,,,,,,,,,,,,,,,TN
1520,797281d7e3b5fdd5f6a033248fec7bd885227546,0.13780260707635006,autoland,4060709,13,fd0dfc9511c4c123e048823de9954312c2b907c1,linux1804-64-shippable-qr,True,False,,|c|o|l|d| |f|i|s|s|i|o|n| |i|n|t|e|r|a|c|t|i|v|e| |w|e|b|r|e|n|d|e|r|,102210fe594ee9b33d82058545b1ed14f4c8206e,fcp,reddit-billgates-post-1.billg,True,reddit-billgates-post-1.billg fcp opt cold fission webrender,,77,ms,firefox,,1808064400,2023-12-07 21:41:48,1344786,,,,,,,,,,,,,,,,,,,,,,,,,,,,,,,,,,,,,,,,,,,,,,,,,TN
1521,75e0ede09503eccf1cbef8632f794d1929320b8c,0.10032588454376162,autoland,4060709,13,fd0dfc9511c4c123e048823de9954312c2b907c1,linux1804-64-shippable-qr,True,False,,|c|o|l|d| |f|i|s|s|i|o|n| |i|n|t|e|r|a|c|t|i|v|e| |w|e|b|r|e|n|d|e|r|,102210fe594ee9b33d82058545b1ed14f4c8206e,fcp,reddit-billgates-post-1.billg,True,reddit-billgates-post-1.billg fcp opt cold fission webrender,,77,ms,firefox,,1808463307,2023-12-07 21:42:43,1344787,,,,,,,,,,,,,,,,,,,,,,,,,,,,,,,,,,,,,,,,,,,,,,,,,TN
1522,a9e008e57ceeb52687048bd12fae3896ec5ac4a3,0.12616387337057722,autoland,4060709,13,fd0dfc9511c4c123e048823de9954312c2b907c1,linux1804-64-shippable-qr,True,False,,|c|o|l|d| |f|i|s|s|i|o|n| |i|n|t|e|r|a|c|t|i|v|e| |w|e|b|r|e|n|d|e|r|,102210fe594ee9b33d82058545b1ed14f4c8206e,fcp,reddit-billgates-post-1.billg,True,reddit-billgates-post-1.billg fcp opt cold fission webrender,,77,ms,firefox,,1808413515,2023-12-07 21:43:35,1344788,,,,,,,,,,,,,,,,,,,,,,,,,,,,,,,,,,,,,,,,,,,,,,,,,TN
1523,c34126c5e2a85c81e511c7c4017e7f2694ddce13,0.1184823091247672,autoland,4060709,13,fd0dfc9511c4c123e048823de9954312c2b907c1,linux1804-64-shippable-qr,True,False,,|c|o|l|d| |f|i|s|s|i|o|n| |i|n|t|e|r|a|c|t|i|v|e| |w|e|b|r|e|n|d|e|r|,102210fe594ee9b33d82058545b1ed14f4c8206e,fcp,reddit-billgates-post-1.billg,True,reddit-billgates-post-1.billg fcp opt cold fission webrender,,77,ms,firefox,,1808114847,2023-12-07 22:56:27,1344823,,,,,,,,,,,,,,,,,,,,,,,,,,,,,,,,,,,,,,,,,,,,,,,,,TN
1524,3152110c63b5c99048b0651867ecf7723aa5ddf8,0.14781191806331473,autoland,4060709,13,fd0dfc9511c4c123e048823de9954312c2b907c1,linux1804-64-shippable-qr,True,False,,|c|o|l|d| |f|i|s|s|i|o|n| |i|n|t|e|r|a|c|t|i|v|e| |w|e|b|r|e|n|d|e|r|,102210fe594ee9b33d82058545b1ed14f4c8206e,fcp,reddit-billgates-post-1.billg,True,reddit-billgates-post-1.billg fcp opt cold fission webrender,,77,ms,firefox,,1808405315,2023-12-08 04:49:01,1344948,,,,,,,,,,,,,,,,,,,,,,,,,,,,,,,,,,,,,,,,,,,,,,,,,TN
1525,ff785fa504232b935c33c7d8c38a1cdc2f8d2d35,0.11755121042830541,autoland,4060709,13,fd0dfc9511c4c123e048823de9954312c2b907c1,linux1804-64-shippable-qr,True,False,,|c|o|l|d| |f|i|s|s|i|o|n| |i|n|t|e|r|a|c|t|i|v|e| |w|e|b|r|e|n|d|e|r|,102210fe594ee9b33d82058545b1ed14f4c8206e,fcp,reddit-billgates-post-1.billg,True,reddit-billgates-post-1.billg fcp opt cold fission webrender,,77,ms,firefox,,1808588557,2023-12-08 09:01:47,1345044,,,,,,,,,,,,,,,,,,,,,,,,,,,,,,,,,,,,,,,,,,,,,,,,,TN
1526,84f194823b719420c22157f7e540e660397a17f2,0.14269087523277468,autoland,4060709,13,fd0dfc9511c4c123e048823de9954312c2b907c1,linux1804-64-shippable-qr,True,False,,|c|o|l|d| |f|i|s|s|i|o|n| |i|n|t|e|r|a|c|t|i|v|e| |w|e|b|r|e|n|d|e|r|,102210fe594ee9b33d82058545b1ed14f4c8206e,fcp,reddit-billgates-post-1.billg,True,reddit-billgates-post-1.billg fcp opt cold fission webrender,,77,ms,firefox,,1808699712,2023-12-08 14:53:30,1345173,,,,,,,,,,,,,,,,,,,,,,,,,,,,,,,,,,,,,,,,,,,,,,,,,TN
1527,6f5601bcf5ef9fa22b46e44e1d5e34893a04fc9e,0.11475791433891991,autoland,4060709,13,fd0dfc9511c4c123e048823de9954312c2b907c1,linux1804-64-shippable-qr,True,False,,|c|o|l|d| |f|i|s|s|i|o|n| |i|n|t|e|r|a|c|t|i|v|e| |w|e|b|r|e|n|d|e|r|,102210fe594ee9b33d82058545b1ed14f4c8206e,fcp,reddit-billgates-post-1.billg,True,reddit-billgates-post-1.billg fcp opt cold fission webrender,,77,ms,firefox,,1808837963,2023-12-08 20:09:00,1345337,,,,,,,,,,,,,,,,,,,,,,,,,,,,,,,,,,,,,,,,,,,,,,,,,TN
1528,5e7ca7b9c60d764540bfc20b243ffaa67dfbfaa9,0.13850093109869643,autoland,4060709,13,fd0dfc9511c4c123e048823de9954312c2b907c1,linux1804-64-shippable-qr,True,False,,|c|o|l|d| |f|i|s|s|i|o|n| |i|n|t|e|r|a|c|t|i|v|e| |w|e|b|r|e|n|d|e|r|,102210fe594ee9b33d82058545b1ed14f4c8206e,fcp,reddit-billgates-post-1.billg,True,reddit-billgates-post-1.billg fcp opt cold fission webrender,,77,ms,firefox,,1809013534,2023-12-09 00:35:37,1345495,,,,,,,,,,,,,,,,,,,,,,,,,,,,,,,,,,,,,,,,,,,,,,,,,TN
1529,9536c8afccb6fe6adb81c34e04ad22608a1cc454,0.12453445065176905,autoland,4060709,13,fd0dfc9511c4c123e048823de9954312c2b907c1,linux1804-64-shippable-qr,True,False,,|c|o|l|d| |f|i|s|s|i|o|n| |i|n|t|e|r|a|c|t|i|v|e| |w|e|b|r|e|n|d|e|r|,102210fe594ee9b33d82058545b1ed14f4c8206e,fcp,reddit-billgates-post-1.billg,True,reddit-billgates-post-1.billg fcp opt cold fission webrender,,77,ms,firefox,,1809033760,2023-12-09 00:36:34,1345496,,,,,,,,,,,,,,,,,,,,,,,,,,,,,,,,,,,,,,,,,,,,,,,,,TN
1530,ce53d4215ca91122e12f63ca196acefc22a8d98c,0.11662011173184361,autoland,4060709,13,fd0dfc9511c4c123e048823de9954312c2b907c1,linux1804-64-shippable-qr,True,False,,|c|o|l|d| |f|i|s|s|i|o|n| |i|n|t|e|r|a|c|t|i|v|e| |w|e|b|r|e|n|d|e|r|,102210fe594ee9b33d82058545b1ed14f4c8206e,fcp,reddit-billgates-post-1.billg,True,reddit-billgates-post-1.billg fcp opt cold fission webrender,,77,ms,firefox,,1809223469,2023-12-09 11:58:04,1345582,,,,,,,,,,,,,,,,,,,,,,,,,,,,,,,,,,,,,,,,,,,,,,,,,TN
1531,199c3dc51f2dd8c55a3346ac587238e6376b7236,0.13966480446927376,autoland,4060709,13,fd0dfc9511c4c123e048823de9954312c2b907c1,linux1804-64-shippable-qr,True,False,,|c|o|l|d| |f|i|s|s|i|o|n| |i|n|t|e|r|a|c|t|i|v|e| |w|e|b|r|e|n|d|e|r|,102210fe594ee9b33d82058545b1ed14f4c8206e,fcp,reddit-billgates-post-1.billg,True,reddit-billgates-post-1.billg fcp opt cold fission webrender,,77,ms,firefox,,1809264650,2023-12-09 16:44:21,1345611,,,,,,,,,,,,,,,,,,,,,,,,,,,,,,,,,,,,,,,,,,,,,,,,,TN
1532,037b4a8e4edce03936a64d9d073da41b8b1bd9fb,0.13175046554934822,autoland,4060709,13,fd0dfc9511c4c123e048823de9954312c2b907c1,linux1804-64-shippable-qr,True,False,,|c|o|l|d| |f|i|s|s|i|o|n| |i|n|t|e|r|a|c|t|i|v|e| |w|e|b|r|e|n|d|e|r|,102210fe594ee9b33d82058545b1ed14f4c8206e,fcp,reddit-billgates-post-1.billg,True,reddit-billgates-post-1.billg fcp opt cold fission webrender,,77,ms,firefox,,1809279674,2023-12-09 17:32:11,1345614,,,,,,,,,,,,,,,,,,,,,,,,,,,,,,,,,,,,,,,,,,,,,,,,,TN
1533,815bf21f166b5019bdab6ec104bc2f4475a7b553,0.14525139664804465,autoland,4060709,13,fd0dfc9511c4c123e048823de9954312c2b907c1,linux1804-64-shippable-qr,True,False,,|c|o|l|d| |f|i|s|s|i|o|n| |i|n|t|e|r|a|c|t|i|v|e| |w|e|b|r|e|n|d|e|r|,102210fe594ee9b33d82058545b1ed14f4c8206e,fcp,reddit-billgates-post-1.billg,True,reddit-billgates-post-1.billg fcp opt cold fission webrender,,77,ms,firefox,,1809363894,2023-12-10 03:19:38,1345657,,,,,,,,,,,,,,,,,,,,,,,,,,,,,,,,,,,,,,,,,,,,,,,,,TN
1534,d4ee61633ce965862e2ee27be32e8a58344a7b03,0.13361266294227192,autoland,4060709,13,fd0dfc9511c4c123e048823de9954312c2b907c1,linux1804-64-shippable-qr,True,False,,|c|o|l|d| |f|i|s|s|i|o|n| |i|n|t|e|r|a|c|t|i|v|e| |w|e|b|r|e|n|d|e|r|,102210fe594ee9b33d82058545b1ed14f4c8206e,fcp,reddit-billgates-post-1.billg,True,reddit-billgates-post-1.billg fcp opt cold fission webrender,,77,ms,firefox,,1809494447,2023-12-11 00:42:11,1345765,,,,,,,,,,,,,,,,,,,,,,,,,,,,,,,,,,,,,,,,,,,,,,,,,TN
1535,e84648aa607a32b9e4bbd2378f5a7caf9e31264a,0.0996275605214153,autoland,4060709,13,fd0dfc9511c4c123e048823de9954312c2b907c1,linux1804-64-shippable-qr,True,False,,|c|o|l|d| |f|i|s|s|i|o|n| |i|n|t|e|r|a|c|t|i|v|e| |w|e|b|r|e|n|d|e|r|,102210fe594ee9b33d82058545b1ed14f4c8206e,fcp,reddit-billgates-post-1.billg,True,reddit-billgates-post-1.billg fcp opt cold fission webrender,,77,ms,firefox,,1809536144,2023-12-11 06:57:03,1345835,,,,,,,,,,,,,,,,,,,,,,,,,,,,,,,,,,,,,,,,,,,,,,,,,TN
1536,25a3d6c779f3ef9a9220e2d972c18f2e5a039cb2,0.12174115456238366,autoland,4060709,13,fd0dfc9511c4c123e048823de9954312c2b907c1,linux1804-64-shippable-qr,True,False,,|c|o|l|d| |f|i|s|s|i|o|n| |i|n|t|e|r|a|c|t|i|v|e| |w|e|b|r|e|n|d|e|r|,102210fe594ee9b33d82058545b1ed14f4c8206e,fcp,reddit-billgates-post-1.billg,True,reddit-billgates-post-1.billg fcp opt cold fission webrender,,77,ms,firefox,,1809573840,2023-12-11 09:13:41,1345868,,,,,,,,,,,,,,,,,,,,,,,,,,,,,,,,,,,,,,,,,,,,,,,,,TN
1537,46d1ac4f2e9c8c9c173c430225737701542931bb,0.13966480446927376,autoland,4060709,13,fd0dfc9511c4c123e048823de9954312c2b907c1,linux1804-64-shippable-qr,True,False,,|c|o|l|d| |f|i|s|s|i|o|n| |i|n|t|e|r|a|c|t|i|v|e| |w|e|b|r|e|n|d|e|r|,102210fe594ee9b33d82058545b1ed14f4c8206e,fcp,reddit-billgates-post-1.billg,True,reddit-billgates-post-1.billg fcp opt cold fission webrender,,77,ms,firefox,,1809739487,2023-12-11 13:39:55,1346049,,,,,,,,,,,,,,,,,,,,,,,,,,,,,,,,,,,,,,,,,,,,,,,,,TN
1538,4a4a406091cd38a7f1c47c0603c7b4dfb4aecd36,0.11429236499068895,autoland,4060709,13,fd0dfc9511c4c123e048823de9954312c2b907c1,linux1804-64-shippable-qr,True,False,,|c|o|l|d| |f|i|s|s|i|o|n| |i|n|t|e|r|a|c|t|i|v|e| |w|e|b|r|e|n|d|e|r|,102210fe594ee9b33d82058545b1ed14f4c8206e,fcp,reddit-billgates-post-1.billg,True,reddit-billgates-post-1.billg fcp opt cold fission webrender,,77,ms,firefox,,1810117728,2023-12-11 13:42:36,1346052,,,,,,,,,,,,,,,,,,,,,,,,,,,,,,,,,,,,,,,,,,,,,,,,,TN
1539,2e39f61cacdfbdc31348aa972854eddb30572c10,0.11941340782122911,autoland,4060709,13,fd0dfc9511c4c123e048823de9954312c2b907c1,linux1804-64-shippable-qr,True,False,,|c|o|l|d| |f|i|s|s|i|o|n| |i|n|t|e|r|a|c|t|i|v|e| |w|e|b|r|e|n|d|e|r|,102210fe594ee9b33d82058545b1ed14f4c8206e,fcp,reddit-billgates-post-1.billg,True,reddit-billgates-post-1.billg fcp opt cold fission webrender,,77,ms,firefox,,1810164226,2023-12-11 13:54:53,1346062,,,,,,,,,,,,,,,,,,,,,,,,,,,,,,,,,,,,,,,,,,,,,,,,,TN
1540,148b695e58fcfac3de4d0c3b3507d3a86d2bfb87,0.13128491620111737,autoland,4060709,13,fd0dfc9511c4c123e048823de9954312c2b907c1,linux1804-64-shippable-qr,True,False,,|c|o|l|d| |f|i|s|s|i|o|n| |i|n|t|e|r|a|c|t|i|v|e| |w|e|b|r|e|n|d|e|r|,102210fe594ee9b33d82058545b1ed14f4c8206e,fcp,reddit-billgates-post-1.billg,True,reddit-billgates-post-1.billg fcp opt cold fission webrender,,77,ms,firefox,,1810149800,2023-12-11 14:00:48,1346066,,,,,,,,,,,,,,,,,,,,,,,,,,,,,,,,,,,,,,,,,,,,,,,,,TN
1541,a1e3aa7070c3265a2460dd9f59444244ab30a373,0.13175046554934822,autoland,4060709,13,fd0dfc9511c4c123e048823de9954312c2b907c1,linux1804-64-shippable-qr,True,False,,|c|o|l|d| |f|i|s|s|i|o|n| |i|n|t|e|r|a|c|t|i|v|e| |w|e|b|r|e|n|d|e|r|,102210fe594ee9b33d82058545b1ed14f4c8206e,fcp,reddit-billgates-post-1.billg,True,reddit-billgates-post-1.billg fcp opt cold fission webrender,,77,ms,firefox,,1810175259,2023-12-11 14:11:51,1346073,,,,,,,,,,,,,,,,,,,,,,,,,,,,,,,,,,,,,,,,,,,,,,,,,TN
1542,fbda7db8e39b50ebf5ed7092f81706bd1d8c91ab,0.1354748603351955,autoland,4060709,13,fd0dfc9511c4c123e048823de9954312c2b907c1,linux1804-64-shippable-qr,True,False,,|c|o|l|d| |f|i|s|s|i|o|n| |i|n|t|e|r|a|c|t|i|v|e| |w|e|b|r|e|n|d|e|r|,102210fe594ee9b33d82058545b1ed14f4c8206e,fcp,reddit-billgates-post-1.billg,True,reddit-billgates-post-1.billg fcp opt cold fission webrender,,77,ms,firefox,,1809805473,2023-12-11 15:49:45,1346158,,,,,,,,,,,,,,,,,,,,,,,,,,,,,,,,,,,,,,,,,,,,,,,,,TN
1543,8043d7693dbaf145c601652e0b8947d55f399fd8,0.13850093109869643,autoland,4060709,13,fd0dfc9511c4c123e048823de9954312c2b907c1,linux1804-64-shippable-qr,True,False,,|c|o|l|d| |f|i|s|s|i|o|n| |i|n|t|e|r|a|c|t|i|v|e| |w|e|b|r|e|n|d|e|r|,102210fe594ee9b33d82058545b1ed14f4c8206e,fcp,reddit-billgates-post-1.billg,True,reddit-billgates-post-1.billg fcp opt cold fission webrender,,77,ms,firefox,,1809878420,2023-12-11 18:22:43,1346298,,,,,,,,,,,,,,,,,,,,,,,,,,,,,,,,,,,,,,,,,,,,,,,,,TN
1544,c2126b815d283d4d848e431071fa77e023b06eb2,0.15363128491620115,autoland,4060709,13,fd0dfc9511c4c123e048823de9954312c2b907c1,linux1804-64-shippable-qr,True,False,,|c|o|l|d| |f|i|s|s|i|o|n| |i|n|t|e|r|a|c|t|i|v|e| |w|e|b|r|e|n|d|e|r|,102210fe594ee9b33d82058545b1ed14f4c8206e,fcp,reddit-billgates-post-1.billg,True,reddit-billgates-post-1.billg fcp opt cold fission webrender,,77,ms,firefox,,1809950907,2023-12-11 21:32:13,1346462,,,,,,,,,,,,,,,,,,,,,,,,,,,,,,,,,,,,,,,,,,,,,,,,,TN
1545,6e08bc24f0ba8814dfda465963c22d139bf6e80b,0.13081936685288642,autoland,4060709,13,fd0dfc9511c4c123e048823de9954312c2b907c1,linux1804-64-shippable-qr,True,False,,|c|o|l|d| |f|i|s|s|i|o|n| |i|n|t|e|r|a|c|t|i|v|e| |w|e|b|r|e|n|d|e|r|,102210fe594ee9b33d82058545b1ed14f4c8206e,fcp,reddit-billgates-post-1.billg,True,reddit-billgates-post-1.billg fcp opt cold fission webrender,,77,ms,firefox,,1810030788,2023-12-12 01:33:17,1346620,,,,,,,,,,,,,,,,,,,,,,,,,,,,,,,,,,,,,,,,,,,,,,,,,TN
1546,55cd203304b8d5343dd941d772085dc25fd278c4,0.12337057728119183,autoland,4060709,13,fd0dfc9511c4c123e048823de9954312c2b907c1,linux1804-64-shippable-qr,True,False,,|c|o|l|d| |f|i|s|s|i|o|n| |i|n|t|e|r|a|c|t|i|v|e| |w|e|b|r|e|n|d|e|r|,102210fe594ee9b33d82058545b1ed14f4c8206e,fcp,reddit-billgates-post-1.billg,True,reddit-billgates-post-1.billg fcp opt cold fission webrender,,77,ms,firefox,,1810142336,2023-12-12 04:01:22,1346691,,,,,,,,,,,,,,,,,,,,,,,,,,,,,,,,,,,,,,,,,,,,,,,,,TN
1547,64c2a5cd2e5c12acc49f695acaca7fc074be00ef,0.20274674115456248,autoland,4060709,13,fd0dfc9511c4c123e048823de9954312c2b907c1,linux1804-64-shippable-qr,True,False,,|c|o|l|d| |f|i|s|s|i|o|n| |i|n|t|e|r|a|c|t|i|v|e| |w|e|b|r|e|n|d|e|r|,102210fe594ee9b33d82058545b1ed14f4c8206e,fcp,reddit-billgates-post-1.billg,True,reddit-billgates-post-1.billg fcp opt cold fission webrender,,77,ms,firefox,,1810217049,2023-12-12 08:08:04,1346735,,,,,,,,,,,,,,,,,,,,,,,,,,,,,,,,,,,,,,,,,,,,,,,,,TN
1548,378226435d1f217637869bc238a2bff9ae584e04,0.13128491620111737,autoland,4060709,13,fd0dfc9511c4c123e048823de9954312c2b907c1,linux1804-64-shippable-qr,True,False,,|c|o|l|d| |f|i|s|s|i|o|n| |i|n|t|e|r|a|c|t|i|v|e| |w|e|b|r|e|n|d|e|r|,102210fe594ee9b33d82058545b1ed14f4c8206e,fcp,reddit-billgates-post-1.billg,True,reddit-billgates-post-1.billg fcp opt cold fission webrender,,77,ms,firefox,,1810362430,2023-12-12 13:15:06,1346892,,,,,,,,,,,,,,,,,,,,,,,,,,,,,,,,,,,,,,,,,,,,,,,,,TN
1549,661e5ee3675f09044e67f461631530ae9bc19953,0.12174115456238366,autoland,4060709,13,fd0dfc9511c4c123e048823de9954312c2b907c1,linux1804-64-shippable-qr,True,False,,|c|o|l|d| |f|i|s|s|i|o|n| |i|n|t|e|r|a|c|t|i|v|e| |w|e|b|r|e|n|d|e|r|,102210fe594ee9b33d82058545b1ed14f4c8206e,fcp,reddit-billgates-post-1.billg,True,reddit-billgates-post-1.billg fcp opt cold fission webrender,,77,ms,firefox,,1810367888,2023-12-12 13:20:17,1346894,,,,,,,,,,,,,,,,,,,,,,,,,,,,,,,,,,,,,,,,,,,,,,,,,TN
1550,89856dfbbbb09660fd0b56d3d9ba6f60c823c81f,0.13431098696461818,autoland,4060709,13,fd0dfc9511c4c123e048823de9954312c2b907c1,linux1804-64-shippable-qr,True,False,,|c|o|l|d| |f|i|s|s|i|o|n| |i|n|t|e|r|a|c|t|i|v|e| |w|e|b|r|e|n|d|e|r|,102210fe594ee9b33d82058545b1ed14f4c8206e,fcp,reddit-billgates-post-1.billg,True,reddit-billgates-post-1.billg fcp opt cold fission webrender,,77,ms,firefox,,1810522991,2023-12-12 17:56:51,1347131,,,,,,,,,,,,,,,,,,,,,,,,,,,,,,,,,,,,,,,,,,,,,,,,,TN
1551,b7336e3f433e4055ba8a7fcb5c2f756e0e9b59ef,0.13850093109869643,autoland,4060709,13,fd0dfc9511c4c123e048823de9954312c2b907c1,linux1804-64-shippable-qr,True,False,,|c|o|l|d| |f|i|s|s|i|o|n| |i|n|t|e|r|a|c|t|i|v|e| |w|e|b|r|e|n|d|e|r|,102210fe594ee9b33d82058545b1ed14f4c8206e,fcp,reddit-billgates-post-1.billg,True,reddit-billgates-post-1.billg fcp opt cold fission webrender,,77,ms,firefox,,1810574599,2023-12-12 18:39:48,1347165,,,,,,,,,,,,,,,,,,,,,,,,,,,,,,,,,,,,,,,,,,,,,,,,,TN
1552,7272d706196d83e16ea8366481dce5127407ba4d,0.13314711359404097,autoland,4060709,13,fd0dfc9511c4c123e048823de9954312c2b907c1,linux1804-64-shippable-qr,True,False,,|c|o|l|d| |f|i|s|s|i|o|n| |i|n|t|e|r|a|c|t|i|v|e| |w|e|b|r|e|n|d|e|r|,102210fe594ee9b33d82058545b1ed14f4c8206e,fcp,reddit-billgates-post-1.billg,True,reddit-billgates-post-1.billg fcp opt cold fission webrender,,77,ms,firefox,,1810608808,2023-12-12 20:06:07,1347223,,,,,,,,,,,,,,,,,,,,,,,,,,,,,,,,,,,,,,,,,,,,,,,,,TN
1553,f823ab1d9a00b627089b75899e588823b584a9c4,0.12895716945996272,autoland,4060709,13,fd0dfc9511c4c123e048823de9954312c2b907c1,linux1804-64-shippable-qr,True,False,,|c|o|l|d| |f|i|s|s|i|o|n| |i|n|t|e|r|a|c|t|i|v|e| |w|e|b|r|e|n|d|e|r|,102210fe594ee9b33d82058545b1ed14f4c8206e,fcp,reddit-billgates-post-1.billg,True,reddit-billgates-post-1.billg fcp opt cold fission webrender,,77,ms,firefox,,1810727169,2023-12-13 00:40:28,1347426,,,,,,,,,,,,,,,,,,,,,,,,,,,,,,,,,,,,,,,,,,,,,,,,,TN
1554,c7169e7d15af250d7b1ffb91c072a4b2309457c1,0.13454376163873372,autoland,4060709,13,fd0dfc9511c4c123e048823de9954312c2b907c1,linux1804-64-shippable-qr,True,False,,|c|o|l|d| |f|i|s|s|i|o|n| |i|n|t|e|r|a|c|t|i|v|e| |w|e|b|r|e|n|d|e|r|,102210fe594ee9b33d82058545b1ed14f4c8206e,fcp,reddit-billgates-post-1.billg,True,reddit-billgates-post-1.billg fcp opt cold fission webrender,,77,ms,firefox,,1810813225,2023-12-13 01:59:28,1347482,,,,,,,,,,,,,,,,,,,,,,,,,,,,,,,,,,,,,,,,,,,,,,,,,TN
1555,de73ddb24c16e91d220095612fc21b6636e51f81,0.14245810055865915,autoland,4060709,13,fd0dfc9511c4c123e048823de9954312c2b907c1,linux1804-64-shippable-qr,True,False,,|c|o|l|d| |f|i|s|s|i|o|n| |i|n|t|e|r|a|c|t|i|v|e| |w|e|b|r|e|n|d|e|r|,102210fe594ee9b33d82058545b1ed14f4c8206e,fcp,reddit-billgates-post-1.billg,True,reddit-billgates-post-1.billg fcp opt cold fission webrender,,77,ms,firefox,,1810826261,2023-12-13 03:53:55,1347525,,,,,,,,,,,,,,,,,,,,,,,,,,,,,,,,,,,,,,,,,,,,,,,,,TN
1556,de61802013d3eabd67e8f7c4382ab95c650835ba,0.0996275605214153,autoland,4060709,13,fd0dfc9511c4c123e048823de9954312c2b907c1,linux1804-64-shippable-qr,True,False,,|c|o|l|d| |f|i|s|s|i|o|n| |i|n|t|e|r|a|c|t|i|v|e| |w|e|b|r|e|n|d|e|r|,102210fe594ee9b33d82058545b1ed14f4c8206e,fcp,reddit-billgates-post-1.billg,True,reddit-billgates-post-1.billg fcp opt cold fission webrender,,77,ms,firefox,,1810880413,2023-12-13 08:08:28,1347584,,,,,,,,,,,,,,,,,,,,,,,,,,,,,,,,,,,,,,,,,,,,,,,,,TN
1557,12f45306a093afef1d1ed86121d9fcd9e8c69e15,0.10242085661080075,autoland,4060709,13,fd0dfc9511c4c123e048823de9954312c2b907c1,linux1804-64-shippable-qr,True,False,,|c|o|l|d| |f|i|s|s|i|o|n| |i|n|t|e|r|a|c|t|i|v|e| |w|e|b|r|e|n|d|e|r|,102210fe594ee9b33d82058545b1ed14f4c8206e,fcp,reddit-billgates-post-1.billg,True,reddit-billgates-post-1.billg fcp opt cold fission webrender,,77,ms,firefox,,1810962292,2023-12-13 10:08:23,1347641,,,,,,,,,,,,,,,,,,,,,,,,,,,,,,,,,,,,,,,,,,,,,,,,,TN
1558,86021bfb36c3767a431a670a48505835ae7413cf,0.11033519553072624,autoland,4060709,13,fd0dfc9511c4c123e048823de9954312c2b907c1,linux1804-64-shippable-qr,True,False,,|c|o|l|d| |f|i|s|s|i|o|n| |i|n|t|e|r|a|c|t|i|v|e| |w|e|b|r|e|n|d|e|r|,102210fe594ee9b33d82058545b1ed14f4c8206e,fcp,reddit-billgates-post-1.billg,True,reddit-billgates-post-1.billg fcp opt cold fission webrender,,77,ms,firefox,,1811434791,2023-12-13 11:56:46,1347715,,,,,,,,,,,,,,,,,,,,,,,,,,,,,,,,,,,,,,,,,,,,,,,,,TN
1559,fd1dd6b4ce421a61e2258a1d2712f3193f997c0a,0.1070763500931099,autoland,4060709,13,fd0dfc9511c4c123e048823de9954312c2b907c1,linux1804-64-shippable-qr,True,False,,|c|o|l|d| |f|i|s|s|i|o|n| |i|n|t|e|r|a|c|t|i|v|e| |w|e|b|r|e|n|d|e|r|,102210fe594ee9b33d82058545b1ed14f4c8206e,fcp,reddit-billgates-post-1.billg,True,reddit-billgates-post-1.billg fcp opt cold fission webrender,,77,ms,firefox,,1811440951,2023-12-13 11:58:25,1347716,,,,,,,,,,,,,,,,,,,,,,,,,,,,,,,,,,,,,,,,,,,,,,,,,TN
1560,a54a846dda9a20948451fa14e9ebbd3bb19c826c,0.12616387337057722,autoland,4060709,13,fd0dfc9511c4c123e048823de9954312c2b907c1,linux1804-64-shippable-qr,True,False,,|c|o|l|d| |f|i|s|s|i|o|n| |i|n|t|e|r|a|c|t|i|v|e| |w|e|b|r|e|n|d|e|r|,102210fe594ee9b33d82058545b1ed14f4c8206e,fcp,reddit-billgates-post-1.billg,True,reddit-billgates-post-1.billg fcp opt cold fission webrender,,77,ms,firefox,,1811040460,2023-12-13 13:51:07,1347765,,,,,,,,,,,,,,,,,,,,,,,,,,,,,,,,,,,,,,,,,,,,,,,,,TN
1561,951b244454e1790b94e5fa8474efc7fb8c990e28,0.11778398510242083,autoland,4060709,13,fd0dfc9511c4c123e048823de9954312c2b907c1,linux1804-64-shippable-qr,True,False,,|c|o|l|d| |f|i|s|s|i|o|n| |i|n|t|e|r|a|c|t|i|v|e| |w|e|b|r|e|n|d|e|r|,102210fe594ee9b33d82058545b1ed14f4c8206e,fcp,reddit-billgates-post-1.billg,True,reddit-billgates-post-1.billg fcp opt cold fission webrender,,77,ms,firefox,,1811119388,2023-12-13 17:42:49,1347961,,,,,,,,,,,,,,,,,,,,,,,,,,,,,,,,,,,,,,,,,,,,,,,,,TN
1562,e9933f26f0f34b5bcd3500f5780efd5cce45b9f8,0.11662011173184361,autoland,4060709,13,fd0dfc9511c4c123e048823de9954312c2b907c1,linux1804-64-shippable-qr,True,False,,|c|o|l|d| |f|i|s|s|i|o|n| |i|n|t|e|r|a|c|t|i|v|e| |w|e|b|r|e|n|d|e|r|,102210fe594ee9b33d82058545b1ed14f4c8206e,fcp,reddit-billgates-post-1.billg,True,reddit-billgates-post-1.billg fcp opt cold fission webrender,,77,ms,firefox,,1811422274,2023-12-13 19:13:20,1348064,,,,,,,,,,,,,,,,,,,,,,,,,,,,,,,,,,,,,,,,,,,,,,,,,TN
1563,32d5edd3ad279bbcc378b59e2b3d2cc93a57737c,0.09567039106145253,autoland,4060709,13,fd0dfc9511c4c123e048823de9954312c2b907c1,linux1804-64-shippable-qr,True,False,,|c|o|l|d| |f|i|s|s|i|o|n| |i|n|t|e|r|a|c|t|i|v|e| |w|e|b|r|e|n|d|e|r|,102210fe594ee9b33d82058545b1ed14f4c8206e,fcp,reddit-billgates-post-1.billg,True,reddit-billgates-post-1.billg fcp opt cold fission webrender,,77,ms,firefox,,1811427986,2023-12-13 19:30:00,1348065,,,,,,,,,,,,,,,,,,,,,,,,,,,,,,,,,,,,,,,,,,,,,,,,,TN
1564,b89dc85aa7e47069b80251ce43d7d66c034a5b88,0.16201117318435754,autoland,4060709,13,fd0dfc9511c4c123e048823de9954312c2b907c1,linux1804-64-shippable-qr,True,False,,|c|o|l|d| |f|i|s|s|i|o|n| |i|n|t|e|r|a|c|t|i|v|e| |w|e|b|r|e|n|d|e|r|,102210fe594ee9b33d82058545b1ed14f4c8206e,fcp,reddit-billgates-post-1.billg,True,reddit-billgates-post-1.billg fcp opt cold fission webrender,,77,ms,firefox,,1811251946,2023-12-13 20:42:40,1348117,,,,,,,,,,,,,,,,,,,,,,,,,,,,,,,,,,,,,,,,,,,,,,,,,TN
1565,12888ec6533c4e6ec49c2d7081e67ac660129ab6,0.1494413407821229,autoland,4060709,13,fd0dfc9511c4c123e048823de9954312c2b907c1,linux1804-64-shippable-qr,True,False,,|c|o|l|d| |f|i|s|s|i|o|n| |i|n|t|e|r|a|c|t|i|v|e| |w|e|b|r|e|n|d|e|r|,102210fe594ee9b33d82058545b1ed14f4c8206e,fcp,reddit-billgates-post-1.billg,True,reddit-billgates-post-1.billg fcp opt cold fission webrender,,77,ms,firefox,,1811372558,2023-12-14 01:23:55,1348332,,,,,,,,,,,,,,,,,,,,,,,,,,,,,,,,,,,,,,,,,,,,,,,,,TN
1566,3af75f3310fc53f70cba7e6c5a7e7bec2d3381dc,0.11731843575418999,autoland,4060709,13,fd0dfc9511c4c123e048823de9954312c2b907c1,linux1804-64-shippable-qr,True,False,,|c|o|l|d| |f|i|s|s|i|o|n| |i|n|t|e|r|a|c|t|i|v|e| |w|e|b|r|e|n|d|e|r|,102210fe594ee9b33d82058545b1ed14f4c8206e,fcp,reddit-billgates-post-1.billg,True,reddit-billgates-post-1.billg fcp opt cold fission webrender,,77,ms,firefox,,1811481502,2023-12-14 06:57:49,1348404,,,,,,,,,,,,,,,,,,,,,,,,,,,,,,,,,,,,,,,,,,,,,,,,,TN
1567,1c0fd259312d4631a0d1a7e0ea0560cff577beba,0.11382681564245811,autoland,4060709,13,fd0dfc9511c4c123e048823de9954312c2b907c1,linux1804-64-shippable-qr,True,False,,|c|o|l|d| |f|i|s|s|i|o|n| |i|n|t|e|r|a|c|t|i|v|e| |w|e|b|r|e|n|d|e|r|,102210fe594ee9b33d82058545b1ed14f4c8206e,fcp,reddit-billgates-post-1.billg,True,reddit-billgates-post-1.billg fcp opt cold fission webrender,,77,ms,firefox,,1811564708,2023-12-14 09:15:58,1348457,,,,,,,,,,,,,,,,,,,,,,,,,,,,,,,,,,,,,,,,,,,,,,,,,TN
1568,31a1108bee2768e6f329db2b083b5066b2c83def,0.14338919925512106,autoland,4060709,13,fd0dfc9511c4c123e048823de9954312c2b907c1,linux1804-64-shippable-qr,True,False,,|c|o|l|d| |f|i|s|s|i|o|n| |i|n|t|e|r|a|c|t|i|v|e| |w|e|b|r|e|n|d|e|r|,102210fe594ee9b33d82058545b1ed14f4c8206e,fcp,reddit-billgates-post-1.billg,True,reddit-billgates-post-1.billg fcp opt cold fission webrender,,77,ms,firefox,,1811726134,2023-12-14 13:22:59,1348529,,,,,,,,,,,,,,,,,,,,,,,,,,,,,,,,,,,,,,,,,,,,,,,,,TN
1569,44c4e62a38e1a18cd9c3cdc37be672c5b2eccb06,0.14618249534450656,autoland,4060709,13,fd0dfc9511c4c123e048823de9954312c2b907c1,linux1804-64-shippable-qr,True,False,,|c|o|l|d| |f|i|s|s|i|o|n| |i|n|t|e|r|a|c|t|i|v|e| |w|e|b|r|e|n|d|e|r|,102210fe594ee9b33d82058545b1ed14f4c8206e,fcp,reddit-billgates-post-1.billg,True,reddit-billgates-post-1.billg fcp opt cold fission webrender,,77,ms,firefox,,1811821297,2023-12-14 15:25:58,1348605,,,,,,,,,,,,,,,,,,,,,,,,,,,,,,,,,,,,,,,,,,,,,,,,,TN
1570,78c7be7943b18dd539b6178da71c8c4a66089305,0.11499068901303544,autoland,4060709,13,fd0dfc9511c4c123e048823de9954312c2b907c1,linux1804-64-shippable-qr,True,False,,|c|o|l|d| |f|i|s|s|i|o|n| |i|n|t|e|r|a|c|t|i|v|e| |w|e|b|r|e|n|d|e|r|,102210fe594ee9b33d82058545b1ed14f4c8206e,fcp,reddit-billgates-post-1.billg,True,reddit-billgates-post-1.billg fcp opt cold fission webrender,,77,ms,firefox,,1812350265,2023-12-14 19:23:56,1348840,,,,,,,,,,,,,,,,,,,,,,,,,,,,,,,,,,,,,,,,,,,,,,,,,TN
1571,5b5faa47b870a45949438e5959b9ef04204a9bac,0.138268156424581,autoland,4060709,13,fd0dfc9511c4c123e048823de9954312c2b907c1,linux1804-64-shippable-qr,True,False,,|c|o|l|d| |f|i|s|s|i|o|n| |i|n|t|e|r|a|c|t|i|v|e| |w|e|b|r|e|n|d|e|r|,102210fe594ee9b33d82058545b1ed14f4c8206e,fcp,reddit-billgates-post-1.billg,True,reddit-billgates-post-1.billg fcp opt cold fission webrender,,77,ms,firefox,,1812033142,2023-12-14 19:45:40,1348855,,,,,,,,,,,,,,,,,,,,,,,,,,,,,,,,,,,,,,,,,,,,,,,,,TN
1572,04ae3a53d7df39b7ef7380e872889038951a9e63,0.11662011173184361,autoland,4060709,13,fd0dfc9511c4c123e048823de9954312c2b907c1,linux1804-64-shippable-qr,True,False,,|c|o|l|d| |f|i|s|s|i|o|n| |i|n|t|e|r|a|c|t|i|v|e| |w|e|b|r|e|n|d|e|r|,102210fe594ee9b33d82058545b1ed14f4c8206e,fcp,reddit-billgates-post-1.billg,True,reddit-billgates-post-1.billg fcp opt cold fission webrender,,77,ms,firefox,,1812141032,2023-12-14 21:45:13,1348957,,,,,,,,,,,,,,,,,,,,,,,,,,,,,,,,,,,,,,,,,,,,,,,,,TN
1573,efffe49c7c1c0f6b54d9f752224880e07e588f36,0.11080074487895719,autoland,4060709,13,fd0dfc9511c4c123e048823de9954312c2b907c1,linux1804-64-shippable-qr,True,False,,|c|o|l|d| |f|i|s|s|i|o|n| |i|n|t|e|r|a|c|t|i|v|e| |w|e|b|r|e|n|d|e|r|,102210fe594ee9b33d82058545b1ed14f4c8206e,fcp,reddit-billgates-post-1.billg,True,reddit-billgates-post-1.billg fcp opt cold fission webrender,,77,ms,firefox,,1812287136,2023-12-15 01:58:19,1349130,,,,,,,,,,,,,,,,,,,,,,,,,,,,,,,,,,,,,,,,,,,,,,,,,TN
1574,d3a29d02b3dd8d8cfbfff6fcad00d94226e102e8,0.11615456238361266,autoland,4060709,13,fd0dfc9511c4c123e048823de9954312c2b907c1,linux1804-64-shippable-qr,True,False,,|c|o|l|d| |f|i|s|s|i|o|n| |i|n|t|e|r|a|c|t|i|v|e| |w|e|b|r|e|n|d|e|r|,102210fe594ee9b33d82058545b1ed14f4c8206e,fcp,reddit-billgates-post-1.billg,True,reddit-billgates-post-1.billg fcp opt cold fission webrender,,77,ms,firefox,,1812478472,2023-12-15 11:00:39,1349239,,,,,,,,,,,,,,,,,,,,,,,,,,,,,,,,,,,,,,,,,,,,,,,,,TN
1575,1b43e68405d00eda15832b113572cef3c3f91d0b,0.11452513966480449,autoland,4060709,13,fd0dfc9511c4c123e048823de9954312c2b907c1,linux1804-64-shippable-qr,True,False,,|c|o|l|d| |f|i|s|s|i|o|n| |i|n|t|e|r|a|c|t|i|v|e| |w|e|b|r|e|n|d|e|r|,102210fe594ee9b33d82058545b1ed14f4c8206e,fcp,reddit-billgates-post-1.billg,True,reddit-billgates-post-1.billg fcp opt cold fission webrender,,77,ms,firefox,,1813063006,2023-12-15 11:33:40,1349256,,,,,,,,,,,,,,,,,,,,,,,,,,,,,,,,,,,,,,,,,,,,,,,,,TN
1576,52110e0439924fde2539fa4e09821a9381655c91,0.12988826815642462,autoland,4060709,13,fd0dfc9511c4c123e048823de9954312c2b907c1,linux1804-64-shippable-qr,True,False,,|c|o|l|d| |f|i|s|s|i|o|n| |i|n|t|e|r|a|c|t|i|v|e| |w|e|b|r|e|n|d|e|r|,102210fe594ee9b33d82058545b1ed14f4c8206e,fcp,reddit-billgates-post-1.billg,True,reddit-billgates-post-1.billg fcp opt cold fission webrender,,77,ms,firefox,,1813083039,2023-12-15 13:11:42,1349281,,,,,,,,,,,,,,,,,,,,,,,,,,,,,,,,,,,,,,,,,,,,,,,,,TN
1577,8fd04cb03fbd84435d9834d1de340c2f64e013bb,0.13384543761638734,autoland,4060709,13,fd0dfc9511c4c123e048823de9954312c2b907c1,linux1804-64-shippable-qr,True,False,,|c|o|l|d| |f|i|s|s|i|o|n| |i|n|t|e|r|a|c|t|i|v|e| |w|e|b|r|e|n|d|e|r|,102210fe594ee9b33d82058545b1ed14f4c8206e,fcp,reddit-billgates-post-1.billg,True,reddit-billgates-post-1.billg fcp opt cold fission webrender,,77,ms,firefox,,1812585491,2023-12-15 15:09:59,1349331,,,,,,,,,,,,,,,,,,,,,,,,,,,,,,,,,,,,,,,,,,,,,,,,,TN
1578,8f1a041ed5a88918a5fe585c89ffabd9450bc0ef,0.15549348230912474,autoland,4060709,13,fd0dfc9511c4c123e048823de9954312c2b907c1,linux1804-64-shippable-qr,True,False,,|c|o|l|d| |f|i|s|s|i|o|n| |i|n|t|e|r|a|c|t|i|v|e| |w|e|b|r|e|n|d|e|r|,102210fe594ee9b33d82058545b1ed14f4c8206e,fcp,reddit-billgates-post-1.billg,True,reddit-billgates-post-1.billg fcp opt cold fission webrender,,77,ms,firefox,,1812828533,2023-12-15 20:18:56,1349528,,,,,,,,,,,,,,,,,,,,,,,,,,,,,,,,,,,,,,,,,,,,,,,,,TN
1579,44e8ffbec880bf30f09db0da6825bbe4fc3e1352,0.13198324022346364,autoland,4060709,13,fd0dfc9511c4c123e048823de9954312c2b907c1,linux1804-64-shippable-qr,True,False,,|c|o|l|d| |f|i|s|s|i|o|n| |i|n|t|e|r|a|c|t|i|v|e| |w|e|b|r|e|n|d|e|r|,102210fe594ee9b33d82058545b1ed14f4c8206e,fcp,reddit-billgates-post-1.billg,True,reddit-billgates-post-1.billg fcp opt cold fission webrender,,77,ms,firefox,,1813087155,2023-12-15 21:55:29,1349589,,,,,,,,,,,,,,,,,,,,,,,,,,,,,,,,,,,,,,,,,,,,,,,,,TN
1580,cb0fb07166b17b6a9b02be0ce0b759a8ee337c3d,0.1391992551210428,autoland,4060709,13,fd0dfc9511c4c123e048823de9954312c2b907c1,linux1804-64-shippable-qr,True,False,,|c|o|l|d| |f|i|s|s|i|o|n| |i|n|t|e|r|a|c|t|i|v|e| |w|e|b|r|e|n|d|e|r|,102210fe594ee9b33d82058545b1ed14f4c8206e,fcp,reddit-billgates-post-1.billg,True,reddit-billgates-post-1.billg fcp opt cold fission webrender,,77,ms,firefox,,1813021245,2023-12-15 22:23:20,1349599,,,,,,,,,,,,,,,,,,,,,,,,,,,,,,,,,,,,,,,,,,,,,,,,,TN
1581,33b0a0fecfd912ef3f540060b5e13f54db31d5cd,0.13407821229050276,autoland,4060709,13,fd0dfc9511c4c123e048823de9954312c2b907c1,linux1804-64-shippable-qr,True,False,,|c|o|l|d| |f|i|s|s|i|o|n| |i|n|t|e|r|a|c|t|i|v|e| |w|e|b|r|e|n|d|e|r|,102210fe594ee9b33d82058545b1ed14f4c8206e,fcp,reddit-billgates-post-1.billg,True,reddit-billgates-post-1.billg fcp opt cold fission webrender,,77,ms,firefox,,1812995099,2023-12-16 02:28:17,1349675,,,,,,,,,,,,,,,,,,,,,,,,,,,,,,,,,,,,,,,,,,,,,,,,,TN
1582,6d6d4867b0f48dce26d871d94c5f74f5a8ac6aaf,0.12732774674115455,autoland,4060709,13,fd0dfc9511c4c123e048823de9954312c2b907c1,linux1804-64-shippable-qr,True,False,,|c|o|l|d| |f|i|s|s|i|o|n| |i|n|t|e|r|a|c|t|i|v|e| |w|e|b|r|e|n|d|e|r|,102210fe594ee9b33d82058545b1ed14f4c8206e,fcp,reddit-billgates-post-1.billg,True,reddit-billgates-post-1.billg fcp opt cold fission webrender,,77,ms,firefox,,1813163173,2023-12-16 14:03:11,1349726,,,,,,,,,,,,,,,,,,,,,,,,,,,,,,,,,,,,,,,,,,,,,,,,,TN
1583,2d19e1f44e562ba1bb3be1f4b8f95b9884d9b07d,0.1184823091247672,autoland,4060709,13,fd0dfc9511c4c123e048823de9954312c2b907c1,linux1804-64-shippable-qr,True,False,,|c|o|l|d| |f|i|s|s|i|o|n| |i|n|t|e|r|a|c|t|i|v|e| |w|e|b|r|e|n|d|e|r|,102210fe594ee9b33d82058545b1ed14f4c8206e,fcp,reddit-billgates-post-1.billg,True,reddit-billgates-post-1.billg fcp opt cold fission webrender,,77,ms,firefox,,1813340966,2023-12-17 06:27:55,1349827,,,,,,,,,,,,,,,,,,,,,,,,,,,,,,,,,,,,,,,,,,,,,,,,,TN
1584,ab5e2f241728caa5dc020e829b1045df55247758,0.12639664804469275,autoland,4060709,13,fd0dfc9511c4c123e048823de9954312c2b907c1,linux1804-64-shippable-qr,True,False,,|c|o|l|d| |f|i|s|s|i|o|n| |i|n|t|e|r|a|c|t|i|v|e| |w|e|b|r|e|n|d|e|r|,102210fe594ee9b33d82058545b1ed14f4c8206e,fcp,reddit-billgates-post-1.billg,True,reddit-billgates-post-1.billg fcp opt cold fission webrender,,77,ms,firefox,,1813430574,2023-12-17 14:26:46,1349862,,,,,,,,,,,,,,,,,,,,,,,,,,,,,,,,,,,,,,,,,,,,,,,,,TN
1585,b46057158b0694677a8174089de1cb8929d3116b,0.12383612662942267,autoland,4060709,13,fd0dfc9511c4c123e048823de9954312c2b907c1,linux1804-64-shippable-qr,True,False,,|c|o|l|d| |f|i|s|s|i|o|n| |i|n|t|e|r|a|c|t|i|v|e| |w|e|b|r|e|n|d|e|r|,102210fe594ee9b33d82058545b1ed14f4c8206e,fcp,reddit-billgates-post-1.billg,True,reddit-billgates-post-1.billg fcp opt cold fission webrender,,77,ms,firefox,,1813528854,2023-12-18 01:43:16,1349993,,,,,,,,,,,,,,,,,,,,,,,,,,,,,,,,,,,,,,,,,,,,,,,,,TN
1586,1d2ed0b2947385e77bd609220eb0e453b44d4cb3,0.10567970204841715,autoland,4060709,13,fd0dfc9511c4c123e048823de9954312c2b907c1,linux1804-64-shippable-qr,True,False,,|c|o|l|d| |f|i|s|s|i|o|n| |i|n|t|e|r|a|c|t|i|v|e| |w|e|b|r|e|n|d|e|r|,102210fe594ee9b33d82058545b1ed14f4c8206e,fcp,reddit-billgates-post-1.billg,True,reddit-billgates-post-1.billg fcp opt cold fission webrender,,77,ms,firefox,,1813562857,2023-12-18 05:48:57,1350028,,,,,,,,,,,,,,,,,,,,,,,,,,,,,,,,,,,,,,,,,,,,,,,,,TN
1587,1f7904968650806af8d68bbc64a717bac22df318,0.16527001862197388,autoland,4060709,13,fd0dfc9511c4c123e048823de9954312c2b907c1,linux1804-64-shippable-qr,True,False,,|c|o|l|d| |f|i|s|s|i|o|n| |i|n|t|e|r|a|c|t|i|v|e| |w|e|b|r|e|n|d|e|r|,102210fe594ee9b33d82058545b1ed14f4c8206e,fcp,reddit-billgates-post-1.billg,True,reddit-billgates-post-1.billg fcp opt cold fission webrender,,77,ms,firefox,,1813665968,2023-12-18 10:08:52,1350088,,,,,,,,,,,,,,,,,,,,,,,,,,,,,,,,,,,,,,,,,,,,,,,,,TN
1588,ba2e5b5e061b5024cc487a16c7e553de9e5e8a2d,0.12709497206703912,autoland,4060709,13,fd0dfc9511c4c123e048823de9954312c2b907c1,linux1804-64-shippable-qr,True,False,,|c|o|l|d| |f|i|s|s|i|o|n| |i|n|t|e|r|a|c|t|i|v|e| |w|e|b|r|e|n|d|e|r|,102210fe594ee9b33d82058545b1ed14f4c8206e,fcp,reddit-billgates-post-1.billg,True,reddit-billgates-post-1.billg fcp opt cold fission webrender,,77,ms,firefox,,1813676226,2023-12-18 10:23:12,1350096,,,,,,,,,,,,,,,,,,,,,,,,,,,,,,,,,,,,,,,,,,,,,,,,,TN
1589,8942476b2dcd0a89abfb3183ea577d611785e77e,0.15642458100558654,autoland,4060709,13,fd0dfc9511c4c123e048823de9954312c2b907c1,linux1804-64-shippable-qr,True,False,,|c|o|l|d| |f|i|s|s|i|o|n| |i|n|t|e|r|a|c|t|i|v|e| |w|e|b|r|e|n|d|e|r|,102210fe594ee9b33d82058545b1ed14f4c8206e,fcp,reddit-billgates-post-1.billg,True,reddit-billgates-post-1.billg fcp opt cold fission webrender,,77,ms,firefox,,1813871638,2023-12-18 14:56:17,1350212,,,,,,,,,,,,,,,,,,,,,,,,,,,,,,,,,,,,,,,,,,,,,,,,,TN
1590,e409a860d27d9dbd962eb6568c1700e2aa2716aa,0.13663873370577273,autoland,4060709,13,fd0dfc9511c4c123e048823de9954312c2b907c1,linux1804-64-shippable-qr,True,False,,|c|o|l|d| |f|i|s|s|i|o|n| |i|n|t|e|r|a|c|t|i|v|e| |w|e|b|r|e|n|d|e|r|,102210fe594ee9b33d82058545b1ed14f4c8206e,fcp,reddit-billgates-post-1.billg,True,reddit-billgates-post-1.billg fcp opt cold fission webrender,,77,ms,firefox,,1813810193,2023-12-18 15:53:23,1350255,,,,,,,,,,,,,,,,,,,,,,,,,,,,,,,,,,,,,,,,,,,,,,,,,TN
1591,c909d207f316bf0512f63f8262872083353a6ef5,0.11801675977653625,autoland,4060709,13,fd0dfc9511c4c123e048823de9954312c2b907c1,linux1804-64-shippable-qr,True,False,,|c|o|l|d| |f|i|s|s|i|o|n| |i|n|t|e|r|a|c|t|i|v|e| |w|e|b|r|e|n|d|e|r|,102210fe594ee9b33d82058545b1ed14f4c8206e,fcp,reddit-billgates-post-1.billg,True,reddit-billgates-post-1.billg fcp opt cold fission webrender,,77,ms,firefox,,1813911873,2023-12-18 18:13:05,1350369,,,,,,,,,,,,,,,,,,,,,,,,,,,,,,,,,,,,,,,,,,,,,,,,,TN
1592,593e78a41c38b062baab03b6280366f86d0d233c,0.1324487895716946,autoland,4060709,13,fd0dfc9511c4c123e048823de9954312c2b907c1,linux1804-64-shippable-qr,True,False,,|c|o|l|d| |f|i|s|s|i|o|n| |i|n|t|e|r|a|c|t|i|v|e| |w|e|b|r|e|n|d|e|r|,102210fe594ee9b33d82058545b1ed14f4c8206e,fcp,reddit-billgates-post-1.billg,True,reddit-billgates-post-1.billg fcp opt cold fission webrender,,77,ms,firefox,,1814008190,2023-12-18 20:47:25,1350523,,,,,,,,,,,,,,,,,,,,,,,,,,,,,,,,,,,,,,,,,,,,,,,,,TN
1593,4bc62630a431fca569dfb1add5eee214dcdd091c,0.14338919925512106,autoland,4060709,13,fd0dfc9511c4c123e048823de9954312c2b907c1,linux1804-64-shippable-qr,True,False,,|c|o|l|d| |f|i|s|s|i|o|n| |i|n|t|e|r|a|c|t|i|v|e| |w|e|b|r|e|n|d|e|r|,102210fe594ee9b33d82058545b1ed14f4c8206e,fcp,reddit-billgates-post-1.billg,True,reddit-billgates-post-1.billg fcp opt cold fission webrender,,77,ms,firefox,,1814082703,2023-12-19 00:56:17,1350695,,,,,,,,,,,,,,,,,,,,,,,,,,,,,,,,,,,,,,,,,,,,,,,,,TN
1594,7e32f178b02fef938f803492c4bfd6d897ffcb21,0.11592178770949724,autoland,4060709,13,fd0dfc9511c4c123e048823de9954312c2b907c1,linux1804-64-shippable-qr,True,False,,|c|o|l|d| |f|i|s|s|i|o|n| |i|n|t|e|r|a|c|t|i|v|e| |w|e|b|r|e|n|d|e|r|,102210fe594ee9b33d82058545b1ed14f4c8206e,fcp,reddit-billgates-post-1.billg,True,reddit-billgates-post-1.billg fcp opt cold fission webrender,,77,ms,firefox,,1814101391,2023-12-19 02:00:57,1350710,,,,,,,,,,,,,,,,,,,,,,,,,,,,,,,,,,,,,,,,,,,,,,,,,TN
1595,05b607c3bbe6ca02e9133ecb969e033fd3d7959e,0.11638733705772808,autoland,4060709,13,fd0dfc9511c4c123e048823de9954312c2b907c1,linux1804-64-shippable-qr,True,False,,|c|o|l|d| |f|i|s|s|i|o|n| |i|n|t|e|r|a|c|t|i|v|e| |w|e|b|r|e|n|d|e|r|,102210fe594ee9b33d82058545b1ed14f4c8206e,fcp,reddit-billgates-post-1.billg,True,reddit-billgates-post-1.billg fcp opt cold fission webrender,,77,ms,firefox,,1814192278,2023-12-19 06:19:40,1350758,,,,,,,,,,,,,,,,,,,,,,,,,,,,,,,,,,,,,,,,,,,,,,,,,TN
1596,8efb8cc3558006677c6d18fcf41c3445498e257c,0.125,autoland,4060709,13,fd0dfc9511c4c123e048823de9954312c2b907c1,linux1804-64-shippable-qr,True,False,,|c|o|l|d| |f|i|s|s|i|o|n| |i|n|t|e|r|a|c|t|i|v|e| |w|e|b|r|e|n|d|e|r|,102210fe594ee9b33d82058545b1ed14f4c8206e,fcp,reddit-billgates-post-1.billg,True,reddit-billgates-post-1.billg fcp opt cold fission webrender,,77,ms,firefox,,1814287757,2023-12-19 10:31:52,1350823,,,,,,,,,,,,,,,,,,,,,,,,,,,,,,,,,,,,,,,,,,,,,,,,,TN
1597,e382d15d709c00d2fc941c2d6e9344b826246c27,0.1259310986964618,autoland,4060709,13,fd0dfc9511c4c123e048823de9954312c2b907c1,linux1804-64-shippable-qr,True,False,,|c|o|l|d| |f|i|s|s|i|o|n| |i|n|t|e|r|a|c|t|i|v|e| |w|e|b|r|e|n|d|e|r|,102210fe594ee9b33d82058545b1ed14f4c8206e,fcp,reddit-billgates-post-1.billg,True,reddit-billgates-post-1.billg fcp opt cold fission webrender,,77,ms,firefox,,1814358123,2023-12-19 10:59:27,1350835,,,,,,,,,,,,,,,,,,,,,,,,,,,,,,,,,,,,,,,,,,,,,,,,,TN
1598,be64555d77f881872b0f03c41f3ab33631d3ac01,0.15060521415270012,autoland,4060709,13,fd0dfc9511c4c123e048823de9954312c2b907c1,linux1804-64-shippable-qr,True,False,,|c|o|l|d| |f|i|s|s|i|o|n| |i|n|t|e|r|a|c|t|i|v|e| |w|e|b|r|e|n|d|e|r|,102210fe594ee9b33d82058545b1ed14f4c8206e,fcp,reddit-billgates-post-1.billg,True,reddit-billgates-post-1.billg fcp opt cold fission webrender,,77,ms,firefox,,1814913921,2023-12-19 13:19:02,1350903,,,,,,,,,,,,,,,,,,,,,,,,,,,,,,,,,,,,,,,,,,,,,,,,,TN
1599,b6f6bcaf2283fe3a010ced1fe192f3a3f164b583,0.13105214152700184,autoland,4060709,13,fd0dfc9511c4c123e048823de9954312c2b907c1,linux1804-64-shippable-qr,True,False,,|c|o|l|d| |f|i|s|s|i|o|n| |i|n|t|e|r|a|c|t|i|v|e| |w|e|b|r|e|n|d|e|r|,102210fe594ee9b33d82058545b1ed14f4c8206e,fcp,reddit-billgates-post-1.billg,True,reddit-billgates-post-1.billg fcp opt cold fission webrender,,77,ms,firefox,,1814926129,2023-12-19 13:50:50,1350921,,,,,,,,,,,,,,,,,,,,,,,,,,,,,,,,,,,,,,,,,,,,,,,,,TN
1600,3e5f50c1f3ddf4e4cdc9218c20a6fda61fb8072f,0.14315642458100564,autoland,4060709,13,fd0dfc9511c4c123e048823de9954312c2b907c1,linux1804-64-shippable-qr,True,False,,|c|o|l|d| |f|i|s|s|i|o|n| |i|n|t|e|r|a|c|t|i|v|e| |w|e|b|r|e|n|d|e|r|,102210fe594ee9b33d82058545b1ed14f4c8206e,fcp,reddit-billgates-post-1.billg,True,reddit-billgates-post-1.billg fcp opt cold fission webrender,,77,ms,firefox,,1814943464,2023-12-19 13:51:47,1350923,,,,,,,,,,,,,,,,,,,,,,,,,,,,,,,,,,,,,,,,,,,,,,,,,TN
1601,58a9c7e82a58e7e951a669f0634901963c5ed696,0.11801675977653625,autoland,4060709,13,fd0dfc9511c4c123e048823de9954312c2b907c1,linux1804-64-shippable-qr,True,False,,|c|o|l|d| |f|i|s|s|i|o|n| |i|n|t|e|r|a|c|t|i|v|e| |w|e|b|r|e|n|d|e|r|,102210fe594ee9b33d82058545b1ed14f4c8206e,fcp,reddit-billgates-post-1.billg,True,reddit-billgates-post-1.billg fcp opt cold fission webrender,,77,ms,firefox,,1814456092,2023-12-19 15:05:00,1350969,,,,,,,,,,,,,,,,,,,,,,,,,,,,,,,,,,,,,,,,,,,,,,,,,TN
1602,ffd610f5a3bc262042d0839f354a1cf0cc9d5dff,0.14362197392923648,autoland,4060709,13,fd0dfc9511c4c123e048823de9954312c2b907c1,linux1804-64-shippable-qr,True,False,,|c|o|l|d| |f|i|s|s|i|o|n| |i|n|t|e|r|a|c|t|i|v|e| |w|e|b|r|e|n|d|e|r|,102210fe594ee9b33d82058545b1ed14f4c8206e,fcp,reddit-billgates-post-1.billg,True,reddit-billgates-post-1.billg fcp opt cold fission webrender,,77,ms,firefox,,1814501026,2023-12-19 15:55:04,1351025,,,,,,,,,,,,,,,,,,,,,,,,,,,,,,,,,,,,,,,,,,,,,,,,,TN
1603,b50326daf412a23a363c8ca18b03b1dcede121ff,0.1578212290502794,autoland,4060709,13,fd0dfc9511c4c123e048823de9954312c2b907c1,linux1804-64-shippable-qr,True,False,,|c|o|l|d| |f|i|s|s|i|o|n| |i|n|t|e|r|a|c|t|i|v|e| |w|e|b|r|e|n|d|e|r|,102210fe594ee9b33d82058545b1ed14f4c8206e,fcp,reddit-billgates-post-1.billg,True,reddit-billgates-post-1.billg fcp opt cold fission webrender,,77,ms,firefox,,1814663465,2023-12-19 20:21:31,1351238,,,,,,,,,,,,,,,,,,,,,,,,,,,,,,,,,,,,,,,,,,,,,,,,,TN
1604,31eaa2b1cf1b61e0b8868c53cf6bdbfc14805942,0.14804469273743015,autoland,4060709,13,fd0dfc9511c4c123e048823de9954312c2b907c1,linux1804-64-shippable-qr,True,False,,|c|o|l|d| |f|i|s|s|i|o|n| |i|n|t|e|r|a|c|t|i|v|e| |w|e|b|r|e|n|d|e|r|,102210fe594ee9b33d82058545b1ed14f4c8206e,fcp,reddit-billgates-post-1.billg,True,reddit-billgates-post-1.billg fcp opt cold fission webrender,,77,ms,firefox,,1814678984,2023-12-19 21:18:40,1351276,,,,,,,,,,,,,,,,,,,,,,,,,,,,,,,,,,,,,,,,,,,,,,,,,TN
1605,9ac6d461916454c17cd8c7dfc7f73401ef3da12a,0.13291433891992555,autoland,4060709,13,fd0dfc9511c4c123e048823de9954312c2b907c1,linux1804-64-shippable-qr,True,False,,|c|o|l|d| |f|i|s|s|i|o|n| |i|n|t|e|r|a|c|t|i|v|e| |w|e|b|r|e|n|d|e|r|,102210fe594ee9b33d82058545b1ed14f4c8206e,fcp,reddit-billgates-post-1.billg,True,reddit-billgates-post-1.billg fcp opt cold fission webrender,,77,ms,firefox,,1814834019,2023-12-20 02:06:01,1351432,,,,,,,,,,,,,,,,,,,,,,,,,,,,,,,,,,,,,,,,,,,,,,,,,TN
1606,e3bf6261f6fc31e78c716c97399a60f6f575ebcd,0.1701582867783985,autoland,4060709,13,fd0dfc9511c4c123e048823de9954312c2b907c1,linux1804-64-shippable-qr,True,False,,|c|o|l|d| |f|i|s|s|i|o|n| |i|n|t|e|r|a|c|t|i|v|e| |w|e|b|r|e|n|d|e|r|,102210fe594ee9b33d82058545b1ed14f4c8206e,fcp,reddit-billgates-post-1.billg,True,reddit-billgates-post-1.billg fcp opt cold fission webrender,,77,ms,firefox,,1814898665,2023-12-20 04:26:18,1351473,,,,,,,,,,,,,,,,,,,,,,,,,,,,,,,,,,,,,,,,,,,,,,,,,TN
1607,4d6eabdc6228d414c7043c4fabdddfd95a3afb0e,0.1494413407821229,autoland,4060709,13,fd0dfc9511c4c123e048823de9954312c2b907c1,linux1804-64-shippable-qr,True,False,,|c|o|l|d| |f|i|s|s|i|o|n| |i|n|t|e|r|a|c|t|i|v|e| |w|e|b|r|e|n|d|e|r|,102210fe594ee9b33d82058545b1ed14f4c8206e,fcp,reddit-billgates-post-1.billg,True,reddit-billgates-post-1.billg fcp opt cold fission webrender,,77,ms,firefox,,1815039443,2023-12-20 09:15:46,1351517,,,,,,,,,,,,,,,,,,,,,,,,,,,,,,,,,,,,,,,,,,,,,,,,,TN
1608,97f2e0f6b821072bc498a3bc7921831eb6d10d38,0.14338919925512106,autoland,4060709,13,fd0dfc9511c4c123e048823de9954312c2b907c1,linux1804-64-shippable-qr,True,False,,|c|o|l|d| |f|i|s|s|i|o|n| |i|n|t|e|r|a|c|t|i|v|e| |w|e|b|r|e|n|d|e|r|,102210fe594ee9b33d82058545b1ed14f4c8206e,fcp,reddit-billgates-post-1.billg,True,reddit-billgates-post-1.billg fcp opt cold fission webrender,,77,ms,firefox,,1815162126,2023-12-20 13:10:00,1351639,,,,,,,,,,,,,,,,,,,,,,,,,,,,,,,,,,,,,,,,,,,,,,,,,TN
1609,c12f6936509f05b3caad77d4cb4b783a38761897,0.1559590316573557,autoland,4060709,13,fd0dfc9511c4c123e048823de9954312c2b907c1,linux1804-64-shippable-qr,True,False,,|c|o|l|d| |f|i|s|s|i|o|n| |i|n|t|e|r|a|c|t|i|v|e| |w|e|b|r|e|n|d|e|r|,102210fe594ee9b33d82058545b1ed14f4c8206e,fcp,reddit-billgates-post-1.billg,True,reddit-billgates-post-1.billg fcp opt cold fission webrender,,77,ms,firefox,,1815318679,2023-12-20 17:43:19,1351821,,,,,,,,,,,,,,,,,,,,,,,,,,,,,,,,,,,,,,,,,,,,,,,,,TN
1610,aa4d4fecaf969d49a7ecf2568e3dda25cd2a7f1d,0.16573556797020483,autoland,4060709,13,fd0dfc9511c4c123e048823de9954312c2b907c1,linux1804-64-shippable-qr,True,False,,|c|o|l|d| |f|i|s|s|i|o|n| |i|n|t|e|r|a|c|t|i|v|e| |w|e|b|r|e|n|d|e|r|,102210fe594ee9b33d82058545b1ed14f4c8206e,fcp,reddit-billgates-post-1.billg,True,reddit-billgates-post-1.billg fcp opt cold fission webrender,,77,ms,firefox,,1815469943,2023-12-20 21:55:32,1352017,,,,,,,,,,,,,,,,,,,,,,,,,,,,,,,,,,,,,,,,,,,,,,,,,TN
1611,dfc7e32798343d88b72708bf68fc966d1e088330,0.12662942271880817,autoland,4060709,13,fd0dfc9511c4c123e048823de9954312c2b907c1,linux1804-64-shippable-qr,True,False,,|c|o|l|d| |f|i|s|s|i|o|n| |i|n|t|e|r|a|c|t|i|v|e| |w|e|b|r|e|n|d|e|r|,102210fe594ee9b33d82058545b1ed14f4c8206e,fcp,reddit-billgates-post-1.billg,True,reddit-billgates-post-1.billg fcp opt cold fission webrender,,77,ms,firefox,,1815418384,2023-12-20 21:58:53,1352020,,,,,,,,,,,,,,,,,,,,,,,,,,,,,,,,,,,,,,,,,,,,,,,,,TN
1612,37657c7691664026e54babf7d1cf608fe58a92fb,0.15828677839851024,autoland,4060709,13,fd0dfc9511c4c123e048823de9954312c2b907c1,linux1804-64-shippable-qr,True,False,,|c|o|l|d| |f|i|s|s|i|o|n| |i|n|t|e|r|a|c|t|i|v|e| |w|e|b|r|e|n|d|e|r|,102210fe594ee9b33d82058545b1ed14f4c8206e,fcp,reddit-billgates-post-1.billg,True,reddit-billgates-post-1.billg fcp opt cold fission webrender,,77,ms,firefox,,1815583039,2023-12-21 03:06:09,1352135,,,,,,,,,,,,,,,,,,,,,,,,,,,,,,,,,,,,,,,,,,,,,,,,,TN
1613,2339ef37f5863c45acf6280581ec0994b40f11d5,0.14222532588454373,autoland,4060709,13,fd0dfc9511c4c123e048823de9954312c2b907c1,linux1804-64-shippable-qr,True,False,,|c|o|l|d| |f|i|s|s|i|o|n| |i|n|t|e|r|a|c|t|i|v|e| |w|e|b|r|e|n|d|e|r|,102210fe594ee9b33d82058545b1ed14f4c8206e,fcp,reddit-billgates-post-1.billg,True,reddit-billgates-post-1.billg fcp opt cold fission webrender,,77,ms,firefox,,1815653409,2023-12-21 06:56:11,1352164,,,,,,,,,,,,,,,,,,,,,,,,,,,,,,,,,,,,,,,,,,,,,,,,,TN
1614,5e551f2bacc3d6a8294dcb0273e8299cf7a17e2d,0.1522346368715084,autoland,4060709,13,fd0dfc9511c4c123e048823de9954312c2b907c1,linux1804-64-shippable-qr,True,False,,|c|o|l|d| |f|i|s|s|i|o|n| |i|n|t|e|r|a|c|t|i|v|e| |w|e|b|r|e|n|d|e|r|,102210fe594ee9b33d82058545b1ed14f4c8206e,fcp,reddit-billgates-post-1.billg,True,reddit-billgates-post-1.billg fcp opt cold fission webrender,,77,ms,firefox,,1815776742,2023-12-21 11:39:11,1352265,,,,,,,,,,,,,,,,,,,,,,,,,,,,,,,,,,,,,,,,,,,,,,,,,TN
1615,8b474eeffbe09d0e5e30675fa595293863b0db34,0.12546554934823095,autoland,4060709,13,fd0dfc9511c4c123e048823de9954312c2b907c1,linux1804-64-shippable-qr,True,False,,|c|o|l|d| |f|i|s|s|i|o|n| |i|n|t|e|r|a|c|t|i|v|e| |w|e|b|r|e|n|d|e|r|,102210fe594ee9b33d82058545b1ed14f4c8206e,fcp,reddit-billgates-post-1.billg,True,reddit-billgates-post-1.billg fcp opt cold fission webrender,,77,ms,firefox,,1815815354,2023-12-21 13:05:54,1352315,,,,,,,,,,,,,,,,,,,,,,,,,,,,,,,,,,,,,,,,,,,,,,,,,TN
1616,e685307ecb90f0e91ef9f3781b3614b7308384b9,0.1410614525139665,autoland,4060709,13,fd0dfc9511c4c123e048823de9954312c2b907c1,linux1804-64-shippable-qr,True,False,,|c|o|l|d| |f|i|s|s|i|o|n| |i|n|t|e|r|a|c|t|i|v|e| |w|e|b|r|e|n|d|e|r|,102210fe594ee9b33d82058545b1ed14f4c8206e,fcp,reddit-billgates-post-1.billg,True,reddit-billgates-post-1.billg fcp opt cold fission webrender,,77,ms,firefox,,1816013933,2023-12-21 18:00:27,1352454,,,,,,,,,,,,,,,,,,,,,,,,,,,,,,,,,,,,,,,,,,,,,,,,,TN
1617,14c89fd054c7ac54bac01a4fcb619d5dff3cc6ef,0.11429236499068895,autoland,4060709,13,fd0dfc9511c4c123e048823de9954312c2b907c1,linux1804-64-shippable-qr,True,False,,|c|o|l|d| |f|i|s|s|i|o|n| |i|n|t|e|r|a|c|t|i|v|e| |w|e|b|r|e|n|d|e|r|,102210fe594ee9b33d82058545b1ed14f4c8206e,fcp,reddit-billgates-post-1.billg,True,reddit-billgates-post-1.billg fcp opt cold fission webrender,,77,ms,firefox,,1816034269,2023-12-21 18:17:05,1352468,,,,,,,,,,,,,,,,,,,,,,,,,,,,,,,,,,,,,,,,,,,,,,,,,TN
1618,e20257bfa3ef6e394b6669c19aa1a165ee73fefa,0.13035381750465547,autoland,4060709,13,fd0dfc9511c4c123e048823de9954312c2b907c1,linux1804-64-shippable-qr,True,False,,|c|o|l|d| |f|i|s|s|i|o|n| |i|n|t|e|r|a|c|t|i|v|e| |w|e|b|r|e|n|d|e|r|,102210fe594ee9b33d82058545b1ed14f4c8206e,fcp,reddit-billgates-post-1.billg,True,reddit-billgates-post-1.billg fcp opt cold fission webrender,,77,ms,firefox,,1816137828,2023-12-21 22:08:07,1352650,,,,,,,,,,,,,,,,,,,,,,,,,,,,,,,,,,,,,,,,,,,,,,,,,TN
1619,6814c9419790a8ee7c93cac282a82a11d93d16ba,0.14408752327746743,autoland,4060709,13,fd0dfc9511c4c123e048823de9954312c2b907c1,linux1804-64-shippable-qr,True,False,,|c|o|l|d| |f|i|s|s|i|o|n| |i|n|t|e|r|a|c|t|i|v|e| |w|e|b|r|e|n|d|e|r|,102210fe594ee9b33d82058545b1ed14f4c8206e,fcp,reddit-billgates-post-1.billg,True,reddit-billgates-post-1.billg fcp opt cold fission webrender,,77,ms,firefox,,1816235329,2023-12-22 08:16:59,1352807,,,,,,,,,,,,,,,,,,,,,,,,,,,,,,,,,,,,,,,,,,,,,,,,,TN
1620,3189af86c93aef59c4fc9363b40f92eb4ef0358f,0.13361266294227192,autoland,4060709,13,fd0dfc9511c4c123e048823de9954312c2b907c1,linux1804-64-shippable-qr,True,False,,|c|o|l|d| |f|i|s|s|i|o|n| |i|n|t|e|r|a|c|t|i|v|e| |w|e|b|r|e|n|d|e|r|,102210fe594ee9b33d82058545b1ed14f4c8206e,fcp,reddit-billgates-post-1.billg,True,reddit-billgates-post-1.billg fcp opt cold fission webrender,,77,ms,firefox,,1816354835,2023-12-22 13:33:45,1352859,,,,,,,,,,,,,,,,,,,,,,,,,,,,,,,,,,,,,,,,,,,,,,,,,TN
1621,8cd1fc9da2b45034679cc880c08d91e84d8e9516,0.14455307262569828,autoland,4060709,13,fd0dfc9511c4c123e048823de9954312c2b907c1,linux1804-64-shippable-qr,True,False,,|c|o|l|d| |f|i|s|s|i|o|n| |i|n|t|e|r|a|c|t|i|v|e| |w|e|b|r|e|n|d|e|r|,102210fe594ee9b33d82058545b1ed14f4c8206e,fcp,reddit-billgates-post-1.billg,True,reddit-billgates-post-1.billg fcp opt cold fission webrender,,77,ms,firefox,,1816370550,2023-12-22 13:41:08,1352862,,,,,,,,,,,,,,,,,,,,,,,,,,,,,,,,,,,,,,,,,,,,,,,,,TN
1622,ac9f813bbc0f39b5e52be4229972795f2ca6309b,0.13407821229050276,autoland,4060709,13,fd0dfc9511c4c123e048823de9954312c2b907c1,linux1804-64-shippable-qr,True,False,,|c|o|l|d| |f|i|s|s|i|o|n| |i|n|t|e|r|a|c|t|i|v|e| |w|e|b|r|e|n|d|e|r|,102210fe594ee9b33d82058545b1ed14f4c8206e,fcp,reddit-billgates-post-1.billg,True,reddit-billgates-post-1.billg fcp opt cold fission webrender,,77,ms,firefox,,1816492722,2023-12-22 19:27:05,1353028,,,,,,,,,,,,,,,,,,,,,,,,,,,,,,,,,,,,,,,,,,,,,,,,,TN
1623,58581f618255e51b846d0792b6abc3e5c2c67d51,0.13035381750465547,autoland,4060709,13,fd0dfc9511c4c123e048823de9954312c2b907c1,linux1804-64-shippable-qr,True,False,,|c|o|l|d| |f|i|s|s|i|o|n| |i|n|t|e|r|a|c|t|i|v|e| |w|e|b|r|e|n|d|e|r|,102210fe594ee9b33d82058545b1ed14f4c8206e,fcp,reddit-billgates-post-1.billg,True,reddit-billgates-post-1.billg fcp opt cold fission webrender,,77,ms,firefox,,1816590892,2023-12-23 00:08:27,1353154,,,,,,,,,,,,,,,,,,,,,,,,,,,,,,,,,,,,,,,,,,,,,,,,,TN
1624,8b92fb4e3f41d856629818bd2ecfc25bed23a643,0.16387337057728124,autoland,4060709,13,fd0dfc9511c4c123e048823de9954312c2b907c1,linux1804-64-shippable-qr,True,False,,|c|o|l|d| |f|i|s|s|i|o|n| |i|n|t|e|r|a|c|t|i|v|e| |w|e|b|r|e|n|d|e|r|,102210fe594ee9b33d82058545b1ed14f4c8206e,fcp,reddit-billgates-post-1.billg,True,reddit-billgates-post-1.billg fcp opt cold fission webrender,,77,ms,firefox,,1816637807,2023-12-23 05:47:03,1353193,,,,,,,,,,,,,,,,,,,,,,,,,,,,,,,,,,,,,,,,,,,,,,,,,TN
1625,6f7de1b98becd7269380a213d3eff367b81efe72,0.143854748603352,autoland,4060709,13,fd0dfc9511c4c123e048823de9954312c2b907c1,linux1804-64-shippable-qr,True,False,,|c|o|l|d| |f|i|s|s|i|o|n| |i|n|t|e|r|a|c|t|i|v|e| |w|e|b|r|e|n|d|e|r|,102210fe594ee9b33d82058545b1ed14f4c8206e,fcp,reddit-billgates-post-1.billg,True,reddit-billgates-post-1.billg fcp opt cold fission webrender,,77,ms,firefox,,1816672982,2023-12-23 08:44:57,1353213,,,,,,,,,,,,,,,,,,,,,,,,,,,,,,,,,,,,,,,,,,,,,,,,,TN
1626,e6f85355d2f352d6bc64a11372bc8efc1ced07b8,0.14129422718808193,autoland,4060709,13,fd0dfc9511c4c123e048823de9954312c2b907c1,linux1804-64-shippable-qr,True,False,,|c|o|l|d| |f|i|s|s|i|o|n| |i|n|t|e|r|a|c|t|i|v|e| |w|e|b|r|e|n|d|e|r|,102210fe594ee9b33d82058545b1ed14f4c8206e,fcp,reddit-billgates-post-1.billg,True,reddit-billgates-post-1.billg fcp opt cold fission webrender,,77,ms,firefox,,1816763907,2023-12-23 15:53:06,1353251,,,,,,,,,,,,,,,,,,,,,,,,,,,,,,,,,,,,,,,,,,,,,,,,,TN
1627,0f896a4a54629904c55cc5e18aa1f6e387c9a697,0.14990689013035385,autoland,4060709,13,fd0dfc9511c4c123e048823de9954312c2b907c1,linux1804-64-shippable-qr,True,False,,|c|o|l|d| |f|i|s|s|i|o|n| |i|n|t|e|r|a|c|t|i|v|e| |w|e|b|r|e|n|d|e|r|,102210fe594ee9b33d82058545b1ed14f4c8206e,fcp,reddit-billgates-post-1.billg,True,reddit-billgates-post-1.billg fcp opt cold fission webrender,,77,ms,firefox,,1816836701,2023-12-24 06:04:04,1353282,,,,,,,,,,,,,,,,,,,,,,,,,,,,,,,,,,,,,,,,,,,,,,,,,TN
1628,a15215077df33152e936203ec411ea07343a3f36,0.1578212290502794,autoland,4060709,13,fd0dfc9511c4c123e048823de9954312c2b907c1,linux1804-64-shippable-qr,True,False,,|c|o|l|d| |f|i|s|s|i|o|n| |i|n|t|e|r|a|c|t|i|v|e| |w|e|b|r|e|n|d|e|r|,102210fe594ee9b33d82058545b1ed14f4c8206e,fcp,reddit-billgates-post-1.billg,True,reddit-billgates-post-1.billg fcp opt cold fission webrender,,77,ms,firefox,,1816916461,2023-12-24 13:46:59,1353302,,,,,,,,,,,,,,,,,,,,,,,,,,,,,,,,,,,,,,,,,,,,,,,,,TN
1629,65471d13c8aaa5b3c5aa872ca12360b7f26ad6e0,0.13012104283054005,autoland,4060709,13,fd0dfc9511c4c123e048823de9954312c2b907c1,linux1804-64-shippable-qr,True,False,,|c|o|l|d| |f|i|s|s|i|o|n| |i|n|t|e|r|a|c|t|i|v|e| |w|e|b|r|e|n|d|e|r|,102210fe594ee9b33d82058545b1ed14f4c8206e,fcp,reddit-billgates-post-1.billg,True,reddit-billgates-post-1.billg fcp opt cold fission webrender,,77,ms,firefox,,1816960220,2023-12-24 18:13:48,1353317,,,,,,,,,,,,,,,,,,,,,,,,,,,,,,,,,,,,,,,,,,,,,,,,,TN
1630,29784c387017c900dc842f070d5cd88464dfc494,0.13943202979515834,autoland,4060709,13,fd0dfc9511c4c123e048823de9954312c2b907c1,linux1804-64-shippable-qr,True,False,,|c|o|l|d| |f|i|s|s|i|o|n| |i|n|t|e|r|a|c|t|i|v|e| |w|e|b|r|e|n|d|e|r|,102210fe594ee9b33d82058545b1ed14f4c8206e,fcp,reddit-billgates-post-1.billg,True,reddit-billgates-post-1.billg fcp opt cold fission webrender,,77,ms,firefox,,1817038438,2023-12-25 01:21:58,1353335,,,,,,,,,,,,,,,,,,,,,,,,,,,,,,,,,,,,,,,,,,,,,,,,,TN
1631,f69f493b2f3cde5ef4b46b9675cfd4708287666e,0.13570763500931105,autoland,4060709,13,fd0dfc9511c4c123e048823de9954312c2b907c1,linux1804-64-shippable-qr,True,False,,|c|o|l|d| |f|i|s|s|i|o|n| |i|n|t|e|r|a|c|t|i|v|e| |w|e|b|r|e|n|d|e|r|,102210fe594ee9b33d82058545b1ed14f4c8206e,fcp,reddit-billgates-post-1.billg,True,reddit-billgates-post-1.billg fcp opt cold fission webrender,,77,ms,firefox,,1817078081,2023-12-25 05:53:22,1353343,,,,,,,,,,,,,,,,,,,,,,,,,,,,,,,,,,,,,,,,,,,,,,,,,TN
1632,b9600c5aa59e300200656691d1f1997593caafbd,0.15107076350093107,autoland,4060709,13,fd0dfc9511c4c123e048823de9954312c2b907c1,linux1804-64-shippable-qr,True,False,,|c|o|l|d| |f|i|s|s|i|o|n| |i|n|t|e|r|a|c|t|i|v|e| |w|e|b|r|e|n|d|e|r|,102210fe594ee9b33d82058545b1ed14f4c8206e,fcp,reddit-billgates-post-1.billg,True,reddit-billgates-post-1.billg fcp opt cold fission webrender,,77,ms,firefox,,1817166775,2023-12-25 12:57:04,1353372,,,,,,,,,,,,,,,,,,,,,,,,,,,,,,,,,,,,,,,,,,,,,,,,,TN
1633,fdd85a789550f85e20e7b7128f2b3316cbc76640,0.16480446927374304,autoland,4060709,13,fd0dfc9511c4c123e048823de9954312c2b907c1,linux1804-64-shippable-qr,True,False,,|c|o|l|d| |f|i|s|s|i|o|n| |i|n|t|e|r|a|c|t|i|v|e| |w|e|b|r|e|n|d|e|r|,102210fe594ee9b33d82058545b1ed14f4c8206e,fcp,reddit-billgates-post-1.billg,True,reddit-billgates-post-1.billg fcp opt cold fission webrender,,77,ms,firefox,,1817192457,2023-12-25 17:10:06,1353386,,,,,,,,,,,,,,,,,,,,,,,,,,,,,,,,,,,,,,,,,,,,,,,,,TN
1634,ba6abbd36b496501cea141e17b61af674a18e279,0.1608472998137802,autoland,4060709,13,fd0dfc9511c4c123e048823de9954312c2b907c1,linux1804-64-shippable-qr,True,False,,|c|o|l|d| |f|i|s|s|i|o|n| |i|n|t|e|r|a|c|t|i|v|e| |w|e|b|r|e|n|d|e|r|,102210fe594ee9b33d82058545b1ed14f4c8206e,fcp,reddit-billgates-post-1.billg,True,reddit-billgates-post-1.billg fcp opt cold fission webrender,,77,ms,firefox,,1817227509,2023-12-25 21:32:12,1353402,,,,,,,,,,,,,,,,,,,,,,,,,,,,,,,,,,,,,,,,,,,,,,,,,TN
1635,280c0b4dd9140984e6177c89f5858ceac6ae0107,0.14362197392923648,autoland,4060709,13,fd0dfc9511c4c123e048823de9954312c2b907c1,linux1804-64-shippable-qr,True,False,,|c|o|l|d| |f|i|s|s|i|o|n| |i|n|t|e|r|a|c|t|i|v|e| |w|e|b|r|e|n|d|e|r|,102210fe594ee9b33d82058545b1ed14f4c8206e,fcp,reddit-billgates-post-1.billg,True,reddit-billgates-post-1.billg fcp opt cold fission webrender,,77,ms,firefox,441391606.0,1817286557,2023-12-26 03:31:03,1353431,,,,,,,,,,,,,,,,,,,,,,,,,,,,,,,,,,,,,,,,,,,,,,,,,TN
1636,7503b1d6a430d23303b6ec356b3388951a1eca83,0.13733705772811922,autoland,4060709,13,fd0dfc9511c4c123e048823de9954312c2b907c1,linux1804-64-shippable-qr,True,False,,|c|o|l|d| |f|i|s|s|i|o|n| |i|n|t|e|r|a|c|t|i|v|e| |w|e|b|r|e|n|d|e|r|,102210fe594ee9b33d82058545b1ed14f4c8206e,fcp,reddit-billgates-post-1.billg,True,reddit-billgates-post-1.billg fcp opt cold fission webrender,,77,ms,firefox,441397858.0,1817351270,2023-12-26 07:50:55,1353461,,,,,,,,,,,,,,,,,,,,,,,,,,,,,,,,,,,,,,,,,,,,,,,,,TN
1637,807f04c86e5d02f04afa662ade3d505a80a4f660,0.11289571694599632,autoland,4060709,13,fd0dfc9511c4c123e048823de9954312c2b907c1,linux1804-64-shippable-qr,True,False,,|c|o|l|d| |f|i|s|s|i|o|n| |i|n|t|e|r|a|c|t|i|v|e| |w|e|b|r|e|n|d|e|r|,102210fe594ee9b33d82058545b1ed14f4c8206e,fcp,reddit-billgates-post-1.billg,True,reddit-billgates-post-1.billg fcp opt cold fission webrender,,77,ms,firefox,441423664.0,1817454624,2023-12-26 11:52:29,1353488,,,,,,,,,,,,,,,,,,,,,,,,,,,,,,,,,,,,,,,,,,,,,,,,,TN
1638,6d9a0abd0a3c26f4337aff723c15795fe91fe884,0.14432029795158285,autoland,4060709,13,fd0dfc9511c4c123e048823de9954312c2b907c1,linux1804-64-shippable-qr,True,False,,|c|o|l|d| |f|i|s|s|i|o|n| |i|n|t|e|r|a|c|t|i|v|e| |w|e|b|r|e|n|d|e|r|,102210fe594ee9b33d82058545b1ed14f4c8206e,fcp,reddit-billgates-post-1.billg,True,reddit-billgates-post-1.billg fcp opt cold fission webrender,,77,ms,firefox,441451276.0,1817544279,2023-12-27 02:56:18,1353555,,,,,,,,,,,,,,,,,,,,,,,,,,,,,,,,,,,,,,,,,,,,,,,,,TN
1639,856e86584c4c811f064f93e2b734dd374c787eaf,0.13454376163873372,autoland,4060709,13,fd0dfc9511c4c123e048823de9954312c2b907c1,linux1804-64-shippable-qr,True,False,,|c|o|l|d| |f|i|s|s|i|o|n| |i|n|t|e|r|a|c|t|i|v|e| |w|e|b|r|e|n|d|e|r|,102210fe594ee9b33d82058545b1ed14f4c8206e,fcp,reddit-billgates-post-1.billg,True,reddit-billgates-post-1.billg fcp opt cold fission webrender,,77,ms,firefox,441494262.0,1817775506,2023-12-27 14:58:54,1353654,,,,,,,,,,,,,,,,,,,,,,,,,,,,,,,,,,,,,,,,,,,,,,,,,TN
1640,97a27d8a860d5bd8ab2962d2f0e5e376287e527c,0.1485102420856611,autoland,4060709,13,fd0dfc9511c4c123e048823de9954312c2b907c1,linux1804-64-shippable-qr,True,False,,|c|o|l|d| |f|i|s|s|i|o|n| |i|n|t|e|r|a|c|t|i|v|e| |w|e|b|r|e|n|d|e|r|,102210fe594ee9b33d82058545b1ed14f4c8206e,fcp,reddit-billgates-post-1.billg,True,reddit-billgates-post-1.billg fcp opt cold fission webrender,,77,ms,firefox,441508854.0,1817822800,2023-12-27 20:22:55,1353722,,,,,,,,,,,,,,,,,,,,,,,,,,,,,,,,,,,,,,,,,,,,,,,,,TN
1641,00fe06571a66e6773ca7801e6747493299cf4bda,0.11219739292364983,autoland,4060709,13,fd0dfc9511c4c123e048823de9954312c2b907c1,linux1804-64-shippable-qr,True,False,,|c|o|l|d| |f|i|s|s|i|o|n| |i|n|t|e|r|a|c|t|i|v|e| |w|e|b|r|e|n|d|e|r|,102210fe594ee9b33d82058545b1ed14f4c8206e,fcp,reddit-billgates-post-1.billg,True,reddit-billgates-post-1.billg fcp opt cold fission webrender,,77,ms,firefox,441528227.0,1817909654,2023-12-28 01:36:38,1353793,,,,,,,,,,,,,,,,,,,,,,,,,,,,,,,,,,,,,,,,,,,,,,,,,TN
1642,10aa7423789835a7dbd24b0b44ad1ae2ad77b59b,0.11638733705772808,autoland,4060709,13,fd0dfc9511c4c123e048823de9954312c2b907c1,linux1804-64-shippable-qr,True,False,,|c|o|l|d| |f|i|s|s|i|o|n| |i|n|t|e|r|a|c|t|i|v|e| |w|e|b|r|e|n|d|e|r|,102210fe594ee9b33d82058545b1ed14f4c8206e,fcp,reddit-billgates-post-1.billg,True,reddit-billgates-post-1.billg fcp opt cold fission webrender,,77,ms,firefox,441553630.0,1818015005,2023-12-28 13:32:35,1353834,,,,,,,,,,,,,,,,,,,,,,,,,,,,,,,,,,,,,,,,,,,,,,,,,TN
1643,659e4e8345823ce8331b67df6c3865b76063e2c2,0.13431098696461818,autoland,4060709,13,fd0dfc9511c4c123e048823de9954312c2b907c1,linux1804-64-shippable-qr,True,False,,|c|o|l|d| |f|i|s|s|i|o|n| |i|n|t|e|r|a|c|t|i|v|e| |w|e|b|r|e|n|d|e|r|,102210fe594ee9b33d82058545b1ed14f4c8206e,fcp,reddit-billgates-post-1.billg,True,reddit-billgates-post-1.billg fcp opt cold fission webrender,,77,ms,firefox,441573622.0,1818170604,2023-12-28 17:48:27,1353939,,,,,,,,,,,,,,,,,,,,,,,,,,,,,,,,,,,,,,,,,,,,,,,,,TN
1644,0bd8678e10b6f0eb1d7e16cfe010ca8856e2bfcc,0.12802607076350092,autoland,4060709,13,fd0dfc9511c4c123e048823de9954312c2b907c1,linux1804-64-shippable-qr,True,False,,|c|o|l|d| |f|i|s|s|i|o|n| |i|n|t|e|r|a|c|t|i|v|e| |w|e|b|r|e|n|d|e|r|,102210fe594ee9b33d82058545b1ed14f4c8206e,fcp,reddit-billgates-post-1.billg,True,reddit-billgates-post-1.billg fcp opt cold fission webrender,,77,ms,firefox,441599048.0,1818255795,2023-12-28 23:04:44,1354003,,,,,,,,,,,,,,,,,,,,,,,,,,,,,,,,,,,,,,,,,,,,,,,,,TN
1645,94b0152f259ce9de504474454b05fc7c8bbfc2d7,0.13175046554934822,autoland,4060709,13,fd0dfc9511c4c123e048823de9954312c2b907c1,linux1804-64-shippable-qr,True,False,,|c|o|l|d| |f|i|s|s|i|o|n| |i|n|t|e|r|a|c|t|i|v|e| |w|e|b|r|e|n|d|e|r|,102210fe594ee9b33d82058545b1ed14f4c8206e,fcp,reddit-billgates-post-1.billg,True,reddit-billgates-post-1.billg fcp opt cold fission webrender,,77,ms,firefox,441709877.0,1818684392,2023-12-28 23:05:25,1354004,,,,,,,,,,,,,,,,,,,,,,,,,,,,,,,,,,,,,,,,,,,,,,,,,TN
1646,3044b295163bf51b01ccef2119d14af563f23a89,0.11103351955307261,autoland,4060709,13,fd0dfc9511c4c123e048823de9954312c2b907c1,linux1804-64-shippable-qr,True,False,,|c|o|l|d| |f|i|s|s|i|o|n| |i|n|t|e|r|a|c|t|i|v|e| |w|e|b|r|e|n|d|e|r|,102210fe594ee9b33d82058545b1ed14f4c8206e,fcp,reddit-billgates-post-1.billg,True,reddit-billgates-post-1.billg fcp opt cold fission webrender,,77,ms,firefox,441710149.0,1818694127,2023-12-29 00:42:39,1354024,,,,,,,,,,,,,,,,,,,,,,,,,,,,,,,,,,,,,,,,,,,,,,,,,TN
1647,25b973ec90316da3daa35b031e4a4e089d70443a,0.12616387337057722,autoland,4060709,13,fd0dfc9511c4c123e048823de9954312c2b907c1,linux1804-64-shippable-qr,True,False,,|c|o|l|d| |f|i|s|s|i|o|n| |i|n|t|e|r|a|c|t|i|v|e| |w|e|b|r|e|n|d|e|r|,102210fe594ee9b33d82058545b1ed14f4c8206e,fcp,reddit-billgates-post-1.billg,True,reddit-billgates-post-1.billg fcp opt cold fission webrender,,77,ms,firefox,441617231.0,1818359448,2023-12-29 05:51:26,1354078,,,,,,,,,,,,,,,,,,,,,,,,,,,,,,,,,,,,,,,,,,,,,,,,,TN
1648,4d00abb11b573ff386a9f02816ff81f2030e6dfe,0.138268156424581,autoland,4060709,13,fd0dfc9511c4c123e048823de9954312c2b907c1,linux1804-64-shippable-qr,True,False,,|c|o|l|d| |f|i|s|s|i|o|n| |i|n|t|e|r|a|c|t|i|v|e| |w|e|b|r|e|n|d|e|r|,102210fe594ee9b33d82058545b1ed14f4c8206e,fcp,reddit-billgates-post-1.billg,True,reddit-billgates-post-1.billg fcp opt cold fission webrender,,77,ms,firefox,441663144.0,1818494730,2023-12-29 14:24:04,1354164,,,,,,,,,,,,,,,,,,,,,,,,,,,,,,,,,,,,,,,,,,,,,,,,,TN
1649,52b5c5b51719976906d668db1cd59b2b49315565,0.11708566108007457,autoland,4060709,13,fd0dfc9511c4c123e048823de9954312c2b907c1,linux1804-64-shippable-qr,True,False,,|c|o|l|d| |f|i|s|s|i|o|n| |i|n|t|e|r|a|c|t|i|v|e| |w|e|b|r|e|n|d|e|r|,102210fe594ee9b33d82058545b1ed14f4c8206e,fcp,reddit-billgates-post-1.billg,True,reddit-billgates-post-1.billg fcp opt cold fission webrender,,77,ms,firefox,441670188.0,1818526846,2023-12-29 16:09:29,1354179,,,,,,,,,,,,,,,,,,,,,,,,,,,,,,,,,,,,,,,,,,,,,,,,,TN
1650,8d822c618985176a1d4ebc4eedcd5a388e798418,0.04841713221601496,autoland,4060709,13,fd0dfc9511c4c123e048823de9954312c2b907c1,linux1804-64-shippable-qr,True,False,,|c|o|l|d| |f|i|s|s|i|o|n| |i|n|t|e|r|a|c|t|i|v|e| |w|e|b|r|e|n|d|e|r|,102210fe594ee9b33d82058545b1ed14f4c8206e,fcp,reddit-billgates-post-1.billg,True,reddit-billgates-post-1.billg fcp opt cold fission webrender,,77,ms,firefox,441690690.0,1818591236,2023-12-29 20:10:09,1354279,,,,,,,,,,,,,,,,,,,,,,,,,,,,,,,,,,,,,,,,,,,,,,,,,TN
1651,15c3c77f07b45a04b27a42ab403aadaaed857fff,0.12267225325884545,autoland,4060709,13,fd0dfc9511c4c123e048823de9954312c2b907c1,linux1804-64-shippable-qr,True,False,,|c|o|l|d| |f|i|s|s|i|o|n| |i|n|t|e|r|a|c|t|i|v|e| |w|e|b|r|e|n|d|e|r|,102210fe594ee9b33d82058545b1ed14f4c8206e,fcp,reddit-billgates-post-1.billg,True,reddit-billgates-post-1.billg fcp opt cold fission webrender,,77,ms,firefox,441707735.0,1818661476,2023-12-30 03:46:41,1354316,,,,,,,,,,,,,,,,,,,,,,,,,,,,,,,,,,,,,,,,,,,,,,,,,TN
1652,9660032084db64efbe9cbbf4c47a38d0a6c36c9f,0.13989757914338918,autoland,4060709,13,fd0dfc9511c4c123e048823de9954312c2b907c1,linux1804-64-shippable-qr,True,False,,|c|o|l|d| |f|i|s|s|i|o|n| |i|n|t|e|r|a|c|t|i|v|e| |w|e|b|r|e|n|d|e|r|,102210fe594ee9b33d82058545b1ed14f4c8206e,fcp,reddit-billgates-post-1.billg,True,reddit-billgates-post-1.billg fcp opt cold fission webrender,,77,ms,firefox,441717458.0,1818723000,2023-12-30 08:00:00,1354351,,,,,,,,,,,,,,,,,,,,,,,,,,,,,,,,,,,,,,,,,,,,,,,,,TN
1653,94ab264a143c3086d948c401c047297f01b76527,0.13710428305400368,autoland,4060709,13,fd0dfc9511c4c123e048823de9954312c2b907c1,linux1804-64-shippable-qr,True,False,,|c|o|l|d| |f|i|s|s|i|o|n| |i|n|t|e|r|a|c|t|i|v|e| |w|e|b|r|e|n|d|e|r|,102210fe594ee9b33d82058545b1ed14f4c8206e,fcp,reddit-billgates-post-1.billg,True,reddit-billgates-post-1.billg fcp opt cold fission webrender,,77,ms,firefox,441744294.0,1818810123,2023-12-30 12:53:05,1354380,,,,,,,,,,,,,,,,,,,,,,,,,,,,,,,,,,,,,,,,,,,,,,,,,TN
1654,3e9c9290e422e1f39255953e22e3d8bfe8234425,0.15432960893854752,autoland,4060709,13,fd0dfc9511c4c123e048823de9954312c2b907c1,linux1804-64-shippable-qr,True,False,,|c|o|l|d| |f|i|s|s|i|o|n| |i|n|t|e|r|a|c|t|i|v|e| |w|e|b|r|e|n|d|e|r|,102210fe594ee9b33d82058545b1ed14f4c8206e,fcp,reddit-billgates-post-1.billg,True,reddit-billgates-post-1.billg fcp opt cold fission webrender,,77,ms,firefox,441759286.0,1818874652,2023-12-30 17:18:37,1354396,,,,,,,,,,,,,,,,,,,,,,,,,,,,,,,,,,,,,,,,,,,,,,,,,TN
1655,be0bfc7f906523649c68f45d4b25ca752bfc701c,0.1352420856610801,autoland,4060709,13,fd0dfc9511c4c123e048823de9954312c2b907c1,linux1804-64-shippable-qr,True,False,,|c|o|l|d| |f|i|s|s|i|o|n| |i|n|t|e|r|a|c|t|i|v|e| |w|e|b|r|e|n|d|e|r|,102210fe594ee9b33d82058545b1ed14f4c8206e,fcp,reddit-billgates-post-1.billg,True,reddit-billgates-post-1.billg fcp opt cold fission webrender,,77,ms,firefox,441778061.0,1818973064,2023-12-31 00:47:53,1354421,,,,,,,,,,,,,,,,,,,,,,,,,,,,,,,,,,,,,,,,,,,,,,,,,TN
1656,30b0d1ecdc26a3e4753bef7807739106282ed827,0.12616387337057722,autoland,4060709,13,fd0dfc9511c4c123e048823de9954312c2b907c1,linux1804-64-shippable-qr,True,False,,|c|o|l|d| |f|i|s|s|i|o|n| |i|n|t|e|r|a|c|t|i|v|e| |w|e|b|r|e|n|d|e|r|,102210fe594ee9b33d82058545b1ed14f4c8206e,fcp,reddit-billgates-post-1.billg,True,reddit-billgates-post-1.billg fcp opt cold fission webrender,,77,ms,firefox,441809683.0,1819127494,2023-12-31 16:29:03,1354470,,,,,,,,,,,,,,,,,,,,,,,,,,,,,,,,,,,,,,,,,,,,,,,,,TN
1657,430d1a5b377307a1050c23ae96cab333c5a33be8,0.1184823091247672,autoland,4060709,13,fd0dfc9511c4c123e048823de9954312c2b907c1,linux1804-64-shippable-qr,True,False,,|c|o|l|d| |f|i|s|s|i|o|n| |i|n|t|e|r|a|c|t|i|v|e| |w|e|b|r|e|n|d|e|r|,102210fe594ee9b33d82058545b1ed14f4c8206e,fcp,reddit-billgates-post-1.billg,True,reddit-billgates-post-1.billg fcp opt cold fission webrender,,77,ms,firefox,441823024.0,1819195058,2023-12-31 21:56:05,1354489,,,,,,,,,,,,,,,,,,,,,,,,,,,,,,,,,,,,,,,,,,,,,,,,,TN
1658,da3b8f5f832d95192044762406363fda8d55ef19,0.1222067039106145,autoland,4060709,13,fd0dfc9511c4c123e048823de9954312c2b907c1,linux1804-64-shippable-qr,True,False,,|c|o|l|d| |f|i|s|s|i|o|n| |i|n|t|e|r|a|c|t|i|v|e| |w|e|b|r|e|n|d|e|r|,102210fe594ee9b33d82058545b1ed14f4c8206e,fcp,reddit-billgates-post-1.billg,True,reddit-billgates-post-1.billg fcp opt cold fission webrender,,77,ms,firefox,441851222.0,1819331026,2024-01-01 15:22:20,1354571,,,,,,,,,,,,,,,,,,,,,,,,,,,,,,,,,,,,,,,,,,,,,,,,,TN
1659,42461c8e1289d1829e0902914b12524c1fffa0a1,0.14362197392923648,autoland,4060709,13,fd0dfc9511c4c123e048823de9954312c2b907c1,linux1804-64-shippable-qr,True,False,,|c|o|l|d| |f|i|s|s|i|o|n| |i|n|t|e|r|a|c|t|i|v|e| |w|e|b|r|e|n|d|e|r|,102210fe594ee9b33d82058545b1ed14f4c8206e,fcp,reddit-billgates-post-1.billg,True,reddit-billgates-post-1.billg fcp opt cold fission webrender,,77,ms,firefox,441852083.0,1819342709,2024-01-01 20:27:36,1354574,,,,,,,,,,,,,,,,,,,,,,,,,,,,,,,,,,,,,,,,,,,,,,,,,TN
1660,60c369c930dc96abae06a2e0ad6833a3574b803f,0.1240689013035382,autoland,4060709,13,fd0dfc9511c4c123e048823de9954312c2b907c1,linux1804-64-shippable-qr,True,False,,|c|o|l|d| |f|i|s|s|i|o|n| |i|n|t|e|r|a|c|t|i|v|e| |w|e|b|r|e|n|d|e|r|,102210fe594ee9b33d82058545b1ed14f4c8206e,fcp,reddit-billgates-post-1.billg,True,reddit-billgates-post-1.billg fcp opt cold fission webrender,,77,ms,firefox,441876821.0,1819441461,2024-01-02 07:16:40,1354603,,,,,,,,,,,,,,,,,,,,,,,,,,,,,,,,,,,,,,,,,,,,,,,,,TN
1661,3e05dc8db1ec11547dde5a9576bfa988ec85e008,0.15665735567970207,autoland,4060709,13,fd0dfc9511c4c123e048823de9954312c2b907c1,linux1804-64-shippable-qr,True,False,,|c|o|l|d| |f|i|s|s|i|o|n| |i|n|t|e|r|a|c|t|i|v|e| |w|e|b|r|e|n|d|e|r|,102210fe594ee9b33d82058545b1ed14f4c8206e,fcp,reddit-billgates-post-1.billg,True,reddit-billgates-post-1.billg fcp opt cold fission webrender,,77,ms,firefox,441981671.0,1819850240,2024-01-02 07:48:01,1354607,,,,,,,,,,,,,,,,,,,,,,,,,,,,,,,,,,,,,,,,,,,,,,,,,TN
1662,88de278b4ca970bf360b8c46789f60f0f7373dd6,0.13431098696461818,autoland,4060709,13,fd0dfc9511c4c123e048823de9954312c2b907c1,linux1804-64-shippable-qr,True,False,,|c|o|l|d| |f|i|s|s|i|o|n| |i|n|t|e|r|a|c|t|i|v|e| |w|e|b|r|e|n|d|e|r|,102210fe594ee9b33d82058545b1ed14f4c8206e,fcp,reddit-billgates-post-1.billg,True,reddit-billgates-post-1.billg fcp opt cold fission webrender,,77,ms,firefox,441975726.0,1819828619,2024-01-02 07:56:01,1354609,,,,,,,,,,,,,,,,,,,,,,,,,,,,,,,,,,,,,,,,,,,,,,,,,TN
1663,1ca3d1972e2da3c924dd8d01116dd1bc30797306,0.15013966480446927,autoland,4060709,13,fd0dfc9511c4c123e048823de9954312c2b907c1,linux1804-64-shippable-qr,True,False,,|c|o|l|d| |f|i|s|s|i|o|n| |i|n|t|e|r|a|c|t|i|v|e| |w|e|b|r|e|n|d|e|r|,102210fe594ee9b33d82058545b1ed14f4c8206e,fcp,reddit-billgates-post-1.billg,True,reddit-billgates-post-1.billg fcp opt cold fission webrender,,77,ms,firefox,441981339.0,1819847287,2024-01-02 10:31:22,1354659,,,,,,,,,,,,,,,,,,,,,,,,,,,,,,,,,,,,,,,,,,,,,,,,,TN
1664,399d9781e72b3a4a01e67c7f902f80c9df9da386,0.1417597765363129,autoland,4060709,13,fd0dfc9511c4c123e048823de9954312c2b907c1,linux1804-64-shippable-qr,True,False,,|c|o|l|d| |f|i|s|s|i|o|n| |i|n|t|e|r|a|c|t|i|v|e| |w|e|b|r|e|n|d|e|r|,102210fe594ee9b33d82058545b1ed14f4c8206e,fcp,reddit-billgates-post-1.billg,True,reddit-billgates-post-1.billg fcp opt cold fission webrender,,77,ms,firefox,441903740.0,1819531145,2024-01-02 11:19:41,1354672,,,,,,,,,,,,,,,,,,,,,,,,,,,,,,,,,,,,,,,,,,,,,,,,,TN
1665,9f15f6c0236cc27aa82549841609068645c13445,0.1070763500931099,autoland,4060709,13,fd0dfc9511c4c123e048823de9954312c2b907c1,linux1804-64-shippable-qr,True,False,,|c|o|l|d| |f|i|s|s|i|o|n| |i|n|t|e|r|a|c|t|i|v|e| |w|e|b|r|e|n|d|e|r|,102210fe594ee9b33d82058545b1ed14f4c8206e,fcp,reddit-billgates-post-1.billg,True,reddit-billgates-post-1.billg fcp opt cold fission webrender,,77,ms,firefox,441931145.0,1819620329,2024-01-02 15:21:54,1354784,,,,,,,,,,,,,,,,,,,,,,,,,,,,,,,,,,,,,,,,,,,,,,,,,TN
1666,c44f0d09630a8cf36dac42c4eb31bf2a9395bf90,0.10661080074487894,autoland,4060709,13,fd0dfc9511c4c123e048823de9954312c2b907c1,linux1804-64-shippable-qr,True,False,,|c|o|l|d| |f|i|s|s|i|o|n| |i|n|t|e|r|a|c|t|i|v|e| |w|e|b|r|e|n|d|e|r|,102210fe594ee9b33d82058545b1ed14f4c8206e,fcp,reddit-billgates-post-1.billg,True,reddit-billgates-post-1.billg fcp opt cold fission webrender,,77,ms,firefox,441936979.0,1819673523,2024-01-02 15:38:43,1354794,,,,,,,,,,,,,,,,,,,,,,,,,,,,,,,,,,,,,,,,,,,,,,,,,TN
1667,cc67c788cded515a24f96c72c8a12b87a2cd1b3a,0.14734636871508378,autoland,4060709,13,fd0dfc9511c4c123e048823de9954312c2b907c1,linux1804-64-shippable-qr,True,False,,|c|o|l|d| |f|i|s|s|i|o|n| |i|n|t|e|r|a|c|t|i|v|e| |w|e|b|r|e|n|d|e|r|,102210fe594ee9b33d82058545b1ed14f4c8206e,fcp,reddit-billgates-post-1.billg,True,reddit-billgates-post-1.billg fcp opt cold fission webrender,,77,ms,firefox,441957010.0,1819756134,2024-01-02 20:40:29,1354935,,,,,,,,,,,,,,,,,,,,,,,,,,,,,,,,,,,,,,,,,,,,,,,,,TN
1668,655286516798565db497786ca92d9a8f7f7744bf,0.12430167597765363,autoland,4060709,13,fd0dfc9511c4c123e048823de9954312c2b907c1,linux1804-64-shippable-qr,True,False,,|c|o|l|d| |f|i|s|s|i|o|n| |i|n|t|e|r|a|c|t|i|v|e| |w|e|b|r|e|n|d|e|r|,102210fe594ee9b33d82058545b1ed14f4c8206e,fcp,reddit-billgates-post-1.billg,True,reddit-billgates-post-1.billg fcp opt cold fission webrender,,77,ms,firefox,441991778.0,1819902125,2024-01-03 08:18:49,1355061,,,,,,,,,,,,,,,,,,,,,,,,,,,,,,,,,,,,,,,,,,,,,,,,,TN
1669,9ea90dc23395fc3e2d9d2bd18598cc49434eeff1,0.11824953445065178,autoland,4060709,13,fd0dfc9511c4c123e048823de9954312c2b907c1,linux1804-64-shippable-qr,True,False,,|c|o|l|d| |f|i|s|s|i|o|n| |i|n|t|e|r|a|c|t|i|v|e| |w|e|b|r|e|n|d|e|r|,102210fe594ee9b33d82058545b1ed14f4c8206e,fcp,reddit-billgates-post-1.billg,True,reddit-billgates-post-1.billg fcp opt cold fission webrender,,77,ms,firefox,442028746.0,1819991054,2024-01-03 12:27:12,1355126,,,,,,,,,,,,,,,,,,,,,,,,,,,,,,,,,,,,,,,,,,,,,,,,,TN
1670,6aab4af4cab879cc95debd549578bc909a21cff7,0.13733705772811922,autoland,4060709,13,fd0dfc9511c4c123e048823de9954312c2b907c1,linux1804-64-shippable-qr,True,False,,|c|o|l|d| |f|i|s|s|i|o|n| |i|n|t|e|r|a|c|t|i|v|e| |w|e|b|r|e|n|d|e|r|,102210fe594ee9b33d82058545b1ed14f4c8206e,fcp,reddit-billgates-post-1.billg,True,reddit-billgates-post-1.billg fcp opt cold fission webrender,,77,ms,firefox,442050405.0,1820084422,2024-01-03 16:19:36,1355230,,,,,,,,,,,,,,,,,,,,,,,,,,,,,,,,,,,,,,,,,,,,,,,,,TN
1671,c5a68fbf81d038a69c4e9be728d50030fd0d6271,0.19017690875232773,autoland,4060709,13,fd0dfc9511c4c123e048823de9954312c2b907c1,linux1804-64-shippable-qr,True,False,,|c|o|l|d| |f|i|s|s|i|o|n| |i|n|t|e|r|a|c|t|i|v|e| |w|e|b|r|e|n|d|e|r|,102210fe594ee9b33d82058545b1ed14f4c8206e,fcp,reddit-billgates-post-1.billg,True,reddit-billgates-post-1.billg fcp opt cold fission webrender,,77,ms,firefox,442074151.0,1820209438,2024-01-03 20:41:01,1355381,,,,,,,,,,,,,,,,,,,,,,,,,,,,,,,,,,,,,,,,,,,,,,,,,TN
1672,d071b2f4ff07e1815cfa6650ffafb87c9b7e9fb1,0.13733705772811922,autoland,4060709,13,fd0dfc9511c4c123e048823de9954312c2b907c1,linux1804-64-shippable-qr,True,False,,|c|o|l|d| |f|i|s|s|i|o|n| |i|n|t|e|r|a|c|t|i|v|e| |w|e|b|r|e|n|d|e|r|,102210fe594ee9b33d82058545b1ed14f4c8206e,fcp,reddit-billgates-post-1.billg,True,reddit-billgates-post-1.billg fcp opt cold fission webrender,,77,ms,firefox,442075158.0,1820217005,2024-01-03 20:57:48,1355389,,,,,,,,,,,,,,,,,,,,,,,,,,,,,,,,,,,,,,,,,,,,,,,,,TN
1673,99d5c9d12fe8a000d9b092346826d2101720ee5f,0.11824953445065178,autoland,4060709,13,fd0dfc9511c4c123e048823de9954312c2b907c1,linux1804-64-shippable-qr,True,False,,|c|o|l|d| |f|i|s|s|i|o|n| |i|n|t|e|r|a|c|t|i|v|e| |w|e|b|r|e|n|d|e|r|,102210fe594ee9b33d82058545b1ed14f4c8206e,fcp,reddit-billgates-post-1.billg,True,reddit-billgates-post-1.billg fcp opt cold fission webrender,,77,ms,firefox,442096154.0,1820306811,2024-01-04 01:41:43,1355473,,,,,,,,,,,,,,,,,,,,,,,,,,,,,,,,,,,,,,,,,,,,,,,,,TN
1674,c285a1e59436529ca8d4acd4acf55d45e4277b1b,0.12011173184357538,autoland,4060709,13,fd0dfc9511c4c123e048823de9954312c2b907c1,linux1804-64-shippable-qr,True,False,,|c|o|l|d| |f|i|s|s|i|o|n| |i|n|t|e|r|a|c|t|i|v|e| |w|e|b|r|e|n|d|e|r|,102210fe594ee9b33d82058545b1ed14f4c8206e,fcp,reddit-billgates-post-1.billg,True,reddit-billgates-post-1.billg fcp opt cold fission webrender,,77,ms,firefox,442108299.0,1820367351,2024-01-04 05:54:21,1355496,,,,,,,,,,,,,,,,,,,,,,,,,,,,,,,,,,,,,,,,,,,,,,,,,TN
1675,740351987a4ee46ea2c571e5824e859680bda968,0.11336126629422716,autoland,4060709,13,fd0dfc9511c4c123e048823de9954312c2b907c1,linux1804-64-shippable-qr,True,False,,|c|o|l|d| |f|i|s|s|i|o|n| |i|n|t|e|r|a|c|t|i|v|e| |w|e|b|r|e|n|d|e|r|,102210fe594ee9b33d82058545b1ed14f4c8206e,fcp,reddit-billgates-post-1.billg,True,reddit-billgates-post-1.billg fcp opt cold fission webrender,,77,ms,firefox,442138623.0,1820484301,2024-01-04 11:10:14,1355581,,,,,,,,,,,,,,,,,,,,,,,,,,,,,,,,,,,,,,,,,,,,,,,,,TN
1676,45533d2448ef281f6e604ca7626c0a6ecce3e188,0.11592178770949724,autoland,4060709,13,fd0dfc9511c4c123e048823de9954312c2b907c1,linux1804-64-shippable-qr,True,False,,|c|o|l|d| |f|i|s|s|i|o|n| |i|n|t|e|r|a|c|t|i|v|e| |w|e|b|r|e|n|d|e|r|,102210fe594ee9b33d82058545b1ed14f4c8206e,fcp,reddit-billgates-post-1.billg,True,reddit-billgates-post-1.billg fcp opt cold fission webrender,,77,ms,firefox,442175919.0,1820603314,2024-01-04 15:17:03,1355683,,,,,,,,,,,,,,,,,,,,,,,,,,,,,,,,,,,,,,,,,,,,,,,,,TN
1677,0a133d5fd15504b371307e44739e8f97c80096b9,0.16945996275605213,autoland,4060709,13,fd0dfc9511c4c123e048823de9954312c2b907c1,linux1804-64-shippable-qr,True,False,,|c|o|l|d| |f|i|s|s|i|o|n| |i|n|t|e|r|a|c|t|i|v|e| |w|e|b|r|e|n|d|e|r|,102210fe594ee9b33d82058545b1ed14f4c8206e,fcp,reddit-billgates-post-1.billg,True,reddit-billgates-post-1.billg fcp opt cold fission webrender,,77,ms,firefox,442172727.0,1820588522,2024-01-04 15:42:51,1355702,,,,,,,,,,,,,,,,,,,,,,,,,,,,,,,,,,,,,,,,,,,,,,,,,TN
1678,048b65210703dec3aec972f180b52548b2664f7d,0.1391992551210428,autoland,4060709,13,fd0dfc9511c4c123e048823de9954312c2b907c1,linux1804-64-shippable-qr,True,False,,|c|o|l|d| |f|i|s|s|i|o|n| |i|n|t|e|r|a|c|t|i|v|e| |w|e|b|r|e|n|d|e|r|,102210fe594ee9b33d82058545b1ed14f4c8206e,fcp,reddit-billgates-post-1.billg,True,reddit-billgates-post-1.billg fcp opt cold fission webrender,,77,ms,firefox,442201382.0,1820757031,2024-01-04 19:37:18,1355859,,,,,,,,,,,,,,,,,,,,,,,,,,,,,,,,,,,,,,,,,,,,,,,,,TN
1679,e3fea180f63a43f43dcc79e23886260f8127de0b,0.13291433891992555,autoland,4060709,13,fd0dfc9511c4c123e048823de9954312c2b907c1,linux1804-64-shippable-qr,True,False,,|c|o|l|d| |f|i|s|s|i|o|n| |i|n|t|e|r|a|c|t|i|v|e| |w|e|b|r|e|n|d|e|r|,102210fe594ee9b33d82058545b1ed14f4c8206e,fcp,reddit-billgates-post-1.billg,True,reddit-billgates-post-1.billg fcp opt cold fission webrender,,77,ms,firefox,442253807.0,1821026457,2024-01-04 20:17:07,1355885,,,,,,,,,,,,,,,,,,,,,,,,,,,,,,,,,,,,,,,,,,,,,,,,,TN
1680,db832cc2d4e687b96654cf986f58183ba6ec8190,0.13128491620111737,autoland,4060709,13,fd0dfc9511c4c123e048823de9954312c2b907c1,linux1804-64-shippable-qr,True,False,,|c|o|l|d| |f|i|s|s|i|o|n| |i|n|t|e|r|a|c|t|i|v|e| |w|e|b|r|e|n|d|e|r|,102210fe594ee9b33d82058545b1ed14f4c8206e,fcp,reddit-billgates-post-1.billg,True,reddit-billgates-post-1.billg fcp opt cold fission webrender,,77,ms,firefox,442251387.0,1821002374,2024-01-04 20:21:02,1355889,,,,,,,,,,,,,,,,,,,,,,,,,,,,,,,,,,,,,,,,,,,,,,,,,TN
1681,84d53ee96a81d7e514d24d1fb3160e91d9cee533,0.13268156424581,autoland,4060709,13,fd0dfc9511c4c123e048823de9954312c2b907c1,linux1804-64-shippable-qr,True,False,,|c|o|l|d| |f|i|s|s|i|o|n| |i|n|t|e|r|a|c|t|i|v|e| |w|e|b|r|e|n|d|e|r|,102210fe594ee9b33d82058545b1ed14f4c8206e,fcp,reddit-billgates-post-1.billg,True,reddit-billgates-post-1.billg fcp opt cold fission webrender,,77,ms,firefox,442237867.0,1820906729,2024-01-05 00:18:01,1356034,,,,,,,,,,,,,,,,,,,,,,,,,,,,,,,,,,,,,,,,,,,,,,,,,TN
1682,fab155eb519c68377a585ffdc537174653ab847b,0.125,autoland,4060709,13,fd0dfc9511c4c123e048823de9954312c2b907c1,linux1804-64-shippable-qr,True,False,,|c|o|l|d| |f|i|s|s|i|o|n| |i|n|t|e|r|a|c|t|i|v|e| |w|e|b|r|e|n|d|e|r|,102210fe594ee9b33d82058545b1ed14f4c8206e,fcp,reddit-billgates-post-1.billg,True,reddit-billgates-post-1.billg fcp opt cold fission webrender,,77,ms,firefox,442239363.0,1820919811,2024-01-05 00:22:57,1356036,,,,,,,,,,,,,,,,,,,,,,,,,,,,,,,,,,,,,,,,,,,,,,,,,TN
1683,376266ac23d50822ae8c18d60d1577f0b89b7c03,0.12360335195530725,autoland,4060709,13,fd0dfc9511c4c123e048823de9954312c2b907c1,linux1804-64-shippable-qr,True,False,,|c|o|l|d| |f|i|s|s|i|o|n| |i|n|t|e|r|a|c|t|i|v|e| |w|e|b|r|e|n|d|e|r|,102210fe594ee9b33d82058545b1ed14f4c8206e,fcp,reddit-billgates-post-1.billg,True,reddit-billgates-post-1.billg fcp opt cold fission webrender,,77,ms,firefox,442250860.0,1820996819,2024-01-05 04:43:02,1356081,,,,,,,,,,,,,,,,,,,,,,,,,,,,,,,,,,,,,,,,,,,,,,,,,TN
1684,fa9bfcd5f0dbd19a8aaafddc25f6f73e4bcfd484,0.1354748603351955,autoland,4060709,13,fd0dfc9511c4c123e048823de9954312c2b907c1,linux1804-64-shippable-qr,True,False,,|c|o|l|d| |f|i|s|s|i|o|n| |i|n|t|e|r|a|c|t|i|v|e| |w|e|b|r|e|n|d|e|r|,102210fe594ee9b33d82058545b1ed14f4c8206e,fcp,reddit-billgates-post-1.billg,True,reddit-billgates-post-1.billg fcp opt cold fission webrender,,77,ms,firefox,442266341.0,1821084560,2024-01-05 08:43:49,1356147,,,,,,,,,,,,,,,,,,,,,,,,,,,,,,,,,,,,,,,,,,,,,,,,,TN
1685,30bc5759ffcd80a2febc0a054214a3c910d31aea,0.1324487895716946,autoland,4060709,13,fd0dfc9511c4c123e048823de9954312c2b907c1,linux1804-64-shippable-qr,True,False,,|c|o|l|d| |f|i|s|s|i|o|n| |i|n|t|e|r|a|c|t|i|v|e| |w|e|b|r|e|n|d|e|r|,102210fe594ee9b33d82058545b1ed14f4c8206e,fcp,reddit-billgates-post-1.billg,True,reddit-billgates-post-1.billg fcp opt cold fission webrender,,77,ms,firefox,442314698.0,1821238502,2024-01-05 12:49:29,1356208,,,,,,,,,,,,,,,,,,,,,,,,,,,,,,,,,,,,,,,,,,,,,,,,,TN
1686,d2e417f0f208016a0a4e369e822a12e20ef4fc5f,0.10963687150837986,autoland,4060709,13,fd0dfc9511c4c123e048823de9954312c2b907c1,linux1804-64-shippable-qr,True,False,,|c|o|l|d| |f|i|s|s|i|o|n| |i|n|t|e|r|a|c|t|i|v|e| |w|e|b|r|e|n|d|e|r|,102210fe594ee9b33d82058545b1ed14f4c8206e,fcp,reddit-billgates-post-1.billg,True,reddit-billgates-post-1.billg fcp opt cold fission webrender,,77,ms,firefox,442335391.0,1821315618,2024-01-05 17:02:32,1356351,,,,,,,,,,,,,,,,,,,,,,,,,,,,,,,,,,,,,,,,,,,,,,,,,TN
1687,567f5a81c44108f44c4e694af42be8f209da4c0a,0.12942271880819367,autoland,4060709,13,fd0dfc9511c4c123e048823de9954312c2b907c1,linux1804-64-shippable-qr,True,False,,|c|o|l|d| |f|i|s|s|i|o|n| |i|n|t|e|r|a|c|t|i|v|e| |w|e|b|r|e|n|d|e|r|,102210fe594ee9b33d82058545b1ed14f4c8206e,fcp,reddit-billgates-post-1.billg,True,reddit-billgates-post-1.billg fcp opt cold fission webrender,,77,ms,firefox,442352823.0,1821390596,2024-01-05 19:52:18,1356444,,,,,,,,,,,,,,,,,,,,,,,,,,,,,,,,,,,,,,,,,,,,,,,,,TN
1688,0dece7636f83e4d8e406c0f28d75ab83079a80d8,0.14920856610800748,autoland,4060709,13,fd0dfc9511c4c123e048823de9954312c2b907c1,linux1804-64-shippable-qr,True,False,,|c|o|l|d| |f|i|s|s|i|o|n| |i|n|t|e|r|a|c|t|i|v|e| |w|e|b|r|e|n|d|e|r|,102210fe594ee9b33d82058545b1ed14f4c8206e,fcp,reddit-billgates-post-1.billg,True,reddit-billgates-post-1.billg fcp opt cold fission webrender,,77,ms,firefox,442389800.0,1821568779,2024-01-05 22:36:58,1356512,,,,,,,,,,,,,,,,,,,,,,,,,,,,,,,,,,,,,,,,,,,,,,,,,TN
1689,d6443c86506e0e25a31501bde35b4baf10cbf339,0.13105214152700184,autoland,4060709,13,fd0dfc9511c4c123e048823de9954312c2b907c1,linux1804-64-shippable-qr,True,False,,|c|o|l|d| |f|i|s|s|i|o|n| |i|n|t|e|r|a|c|t|i|v|e| |w|e|b|r|e|n|d|e|r|,102210fe594ee9b33d82058545b1ed14f4c8206e,fcp,reddit-billgates-post-1.billg,True,reddit-billgates-post-1.billg fcp opt cold fission webrender,,77,ms,firefox,442389612.0,1821561630,2024-01-05 22:37:55,1356513,,,,,,,,,,,,,,,,,,,,,,,,,,,,,,,,,,,,,,,,,,,,,,,,,TN
1690,2a86438878465bd10e251c52285e2455425bfeb9,0.09008379888268153,autoland,4060709,13,fd0dfc9511c4c123e048823de9954312c2b907c1,linux1804-64-shippable-qr,True,False,,|c|o|l|d| |f|i|s|s|i|o|n| |i|n|t|e|r|a|c|t|i|v|e| |w|e|b|r|e|n|d|e|r|,102210fe594ee9b33d82058545b1ed14f4c8206e,fcp,reddit-billgates-post-1.billg,True,reddit-billgates-post-1.billg fcp opt cold fission webrender,,77,ms,firefox,442379951.0,1821490812,2024-01-06 00:04:36,1356549,,,,,,,,,,,,,,,,,,,,,,,,,,,,,,,,,,,,,,,,,,,,,,,,,TN
1691,ce6cf7dcf8b16c2a478f122f8bab575231c99881,0.16945996275605213,autoland,4060709,13,fd0dfc9511c4c123e048823de9954312c2b907c1,linux1804-64-shippable-qr,True,False,,|c|o|l|d| |f|i|s|s|i|o|n| |i|n|t|e|r|a|c|t|i|v|e| |w|e|b|r|e|n|d|e|r|,102210fe594ee9b33d82058545b1ed14f4c8206e,fcp,reddit-billgates-post-1.billg,True,reddit-billgates-post-1.billg fcp opt cold fission webrender,,77,ms,firefox,442382124.0,1821508032,2024-01-06 00:21:54,1356554,,,,,,,,,,,,,,,,,,,,,,,,,,,,,,,,,,,,,,,,,,,,,,,,,TN
1692,b54f34f26a3a753076473795a42574f426a960ee,0.14711359404096835,autoland,4060709,13,fd0dfc9511c4c123e048823de9954312c2b907c1,linux1804-64-shippable-qr,True,False,,|c|o|l|d| |f|i|s|s|i|o|n| |i|n|t|e|r|a|c|t|i|v|e| |w|e|b|r|e|n|d|e|r|,102210fe594ee9b33d82058545b1ed14f4c8206e,fcp,reddit-billgates-post-1.billg,True,reddit-billgates-post-1.billg fcp opt cold fission webrender,,77,ms,firefox,442417513.0,1821690762,2024-01-06 12:48:14,1356631,,,,,,,,,,,,,,,,,,,,,,,,,,,,,,,,,,,,,,,,,,,,,,,,,TN
1693,d6318b034527ed62918fa4fd893f093c084a6ccb,0.06773743016759776,autoland,4060709,13,fd0dfc9511c4c123e048823de9954312c2b907c1,linux1804-64-shippable-qr,True,False,,|c|o|l|d| |f|i|s|s|i|o|n| |i|n|t|e|r|a|c|t|i|v|e| |w|e|b|r|e|n|d|e|r|,102210fe594ee9b33d82058545b1ed14f4c8206e,fcp,reddit-billgates-post-1.billg,True,reddit-billgates-post-1.billg fcp opt cold fission webrender,,77,ms,firefox,442426237.0,1821734038,2024-01-06 17:09:10,1356650,,,,,,,,,,,,,,,,,,,,,,,,,,,,,,,,,,,,,,,,,,,,,,,,,TN
1694,1d9422a3e1d878f2f2c54ef4e836faabebfdfc9a,0.10777467411545627,autoland,4060709,13,fd0dfc9511c4c123e048823de9954312c2b907c1,linux1804-64-shippable-qr,True,False,,|c|o|l|d| |f|i|s|s|i|o|n| |i|n|t|e|r|a|c|t|i|v|e| |w|e|b|r|e|n|d|e|r|,102210fe594ee9b33d82058545b1ed14f4c8206e,fcp,reddit-billgates-post-1.billg,True,reddit-billgates-post-1.billg fcp opt cold fission webrender,,77,ms,firefox,442441089.0,1821800327,2024-01-06 21:44:09,1356666,,,,,,,,,,,,,,,,,,,,,,,,,,,,,,,,,,,,,,,,,,,,,,,,,TN
1695,47fc814524de5c30dfd7711cf3eda088303ad905,0.14315642458100564,autoland,4060709,13,fd0dfc9511c4c123e048823de9954312c2b907c1,linux1804-64-shippable-qr,True,False,,|c|o|l|d| |f|i|s|s|i|o|n| |i|n|t|e|r|a|c|t|i|v|e| |w|e|b|r|e|n|d|e|r|,102210fe594ee9b33d82058545b1ed14f4c8206e,fcp,reddit-billgates-post-1.billg,True,reddit-billgates-post-1.billg fcp opt cold fission webrender,,77,ms,firefox,442481818.0,1822021454,2024-01-07 23:26:49,1356765,,,,,,,,,,,,,,,,,,,,,,,,,,,,,,,,,,,,,,,,,,,,,,,,,TN
1696,750c44842f26873f40a2d09bc4ee94ecc4c39997,0.11103351955307261,autoland,4060709,13,fd0dfc9511c4c123e048823de9954312c2b907c1,linux1804-64-shippable-qr,True,False,,|c|o|l|d| |f|i|s|s|i|o|n| |i|n|t|e|r|a|c|t|i|v|e| |w|e|b|r|e|n|d|e|r|,102210fe594ee9b33d82058545b1ed14f4c8206e,fcp,reddit-billgates-post-1.billg,True,reddit-billgates-post-1.billg fcp opt cold fission webrender,,77,ms,firefox,442486053.0,1822046209,2024-01-08 02:39:55,1356771,,,,,,,,,,,,,,,,,,,,,,,,,,,,,,,,,,,,,,,,,,,,,,,,,TN
1697,f0a524f0a0085554a1bfdfe1320ee1e87caf7a94,0.11545623836126628,autoland,4060709,13,fd0dfc9511c4c123e048823de9954312c2b907c1,linux1804-64-shippable-qr,True,False,,|c|o|l|d| |f|i|s|s|i|o|n| |i|n|t|e|r|a|c|t|i|v|e| |w|e|b|r|e|n|d|e|r|,102210fe594ee9b33d82058545b1ed14f4c8206e,fcp,reddit-billgates-post-1.billg,True,reddit-billgates-post-1.billg fcp opt cold fission webrender,,77,ms,firefox,442539121.0,1822249461,2024-01-08 11:59:03,1356886,,,,,,,,,,,,,,,,,,,,,,,,,,,,,,,,,,,,,,,,,,,,,,,,,TN
1698,c0b65b260d5fbb61bfacc80d014afb017086dc3d,0.14548417132216018,autoland,4060709,13,fd0dfc9511c4c123e048823de9954312c2b907c1,linux1804-64-shippable-qr,True,False,,|c|o|l|d| |f|i|s|s|i|o|n| |i|n|t|e|r|a|c|t|i|v|e| |w|e|b|r|e|n|d|e|r|,102210fe594ee9b33d82058545b1ed14f4c8206e,fcp,reddit-billgates-post-1.billg,True,reddit-billgates-post-1.billg fcp opt cold fission webrender,,77,ms,firefox,442640058.0,1822679848,2024-01-08 14:18:59,1356978,,,,,,,,,,,,,,,,,,,,,,,,,,,,,,,,,,,,,,,,,,,,,,,,,TN
1699,7613e62377713778fccf1bbcf2d0d974a9d54d62,0.13314711359404097,autoland,4060709,13,fd0dfc9511c4c123e048823de9954312c2b907c1,linux1804-64-shippable-qr,True,False,,|c|o|l|d| |f|i|s|s|i|o|n| |i|n|t|e|r|a|c|t|i|v|e| |w|e|b|r|e|n|d|e|r|,102210fe594ee9b33d82058545b1ed14f4c8206e,fcp,reddit-billgates-post-1.billg,True,reddit-billgates-post-1.billg fcp opt cold fission webrender,,77,ms,firefox,442640616.0,1822710541,2024-01-08 15:17:36,1357023,,,,,,,,,,,,,,,,,,,,,,,,,,,,,,,,,,,,,,,,,,,,,,,,,TN
1700,96dbd42557569de364e38f42a4d6592922dc824e,0.12895716945996272,autoland,4060709,13,fd0dfc9511c4c123e048823de9954312c2b907c1,linux1804-64-shippable-qr,True,False,,|c|o|l|d| |f|i|s|s|i|o|n| |i|n|t|e|r|a|c|t|i|v|e| |w|e|b|r|e|n|d|e|r|,102210fe594ee9b33d82058545b1ed14f4c8206e,fcp,reddit-billgates-post-1.billg,True,reddit-billgates-post-1.billg fcp opt cold fission webrender,,77,ms,firefox,442640328.0,1822689826,2024-01-08 15:20:01,1357024,,,,,,,,,,,,,,,,,,,,,,,,,,,,,,,,,,,,,,,,,,,,,,,,,TN
1701,fa142c3f71b8a5f5e5781fe41471dc1528cecd75,0.15176908752327745,autoland,4060709,13,fd0dfc9511c4c123e048823de9954312c2b907c1,linux1804-64-shippable-qr,True,False,,|c|o|l|d| |f|i|s|s|i|o|n| |i|n|t|e|r|a|c|t|i|v|e| |w|e|b|r|e|n|d|e|r|,102210fe594ee9b33d82058545b1ed14f4c8206e,fcp,reddit-billgates-post-1.billg,True,reddit-billgates-post-1.billg fcp opt cold fission webrender,,77,ms,firefox,442563886.0,1822350763,2024-01-08 15:57:02,1357053,,,,,,,,,,,,,,,,,,,,,,,,,,,,,,,,,,,,,,,,,,,,,,,,,TN
1702,41ae953b02271ceda653046c5072bfe0329c7e96,0.13431098696461818,autoland,4060709,13,fd0dfc9511c4c123e048823de9954312c2b907c1,linux1804-64-shippable-qr,True,False,,|c|o|l|d| |f|i|s|s|i|o|n| |i|n|t|e|r|a|c|t|i|v|e| |w|e|b|r|e|n|d|e|r|,102210fe594ee9b33d82058545b1ed14f4c8206e,fcp,reddit-billgates-post-1.billg,True,reddit-billgates-post-1.billg fcp opt cold fission webrender,,77,ms,firefox,442593672.0,1822441790,2024-01-08 20:04:05,1357175,,,,,,,,,,,,,,,,,,,,,,,,,,,,,,,,,,,,,,,,,,,,,,,,,TN
1703,4dc4f0070bb9c1118742b60f998c761de468ca6e,0.14967411545623843,autoland,4060709,13,fd0dfc9511c4c123e048823de9954312c2b907c1,linux1804-64-shippable-qr,True,False,,|c|o|l|d| |f|i|s|s|i|o|n| |i|n|t|e|r|a|c|t|i|v|e| |w|e|b|r|e|n|d|e|r|,102210fe594ee9b33d82058545b1ed14f4c8206e,fcp,reddit-billgates-post-1.billg,True,reddit-billgates-post-1.billg fcp opt cold fission webrender,,77,ms,firefox,442639427.0,1822665134,2024-01-08 21:33:29,1357225,,,,,,,,,,,,,,,,,,,,,,,,,,,,,,,,,,,,,,,,,,,,,,,,,TN
1704,ebfdca0b0aecf8d9304a25f7913ec89b746a6ec1,0.11452513966480449,autoland,4060709,13,fd0dfc9511c4c123e048823de9954312c2b907c1,linux1804-64-shippable-qr,True,False,,|c|o|l|d| |f|i|s|s|i|o|n| |i|n|t|e|r|a|c|t|i|v|e| |w|e|b|r|e|n|d|e|r|,102210fe594ee9b33d82058545b1ed14f4c8206e,fcp,reddit-billgates-post-1.billg,True,reddit-billgates-post-1.billg fcp opt cold fission webrender,,77,ms,firefox,442641734.0,1822739235,2024-01-08 21:39:10,1357230,,,,,,,,,,,,,,,,,,,,,,,,,,,,,,,,,,,,,,,,,,,,,,,,,TN
1705,ea866029ce2e23f03843038e1fd8ba7ca9ea30bb,0.1333798882681565,autoland,4060709,13,fd0dfc9511c4c123e048823de9954312c2b907c1,linux1804-64-shippable-qr,True,False,,|c|o|l|d| |f|i|s|s|i|o|n| |i|n|t|e|r|a|c|t|i|v|e| |w|e|b|r|e|n|d|e|r|,102210fe594ee9b33d82058545b1ed14f4c8206e,fcp,reddit-billgates-post-1.billg,True,reddit-billgates-post-1.billg fcp opt cold fission webrender,,77,ms,firefox,442630661.0,1822618381,2024-01-09 02:28:42,1357330,,,,,,,,,,,,,,,,,,,,,,,,,,,,,,,,,,,,,,,,,,,,,,,,,TN
1706,051ee8b6b5420d6e2ef877ed6ff3a70306257659,0.12849162011173176,autoland,4060709,13,fd0dfc9511c4c123e048823de9954312c2b907c1,linux1804-64-shippable-qr,True,False,,|c|o|l|d| |f|i|s|s|i|o|n| |i|n|t|e|r|a|c|t|i|v|e| |w|e|b|r|e|n|d|e|r|,102210fe594ee9b33d82058545b1ed14f4c8206e,fcp,reddit-billgates-post-1.billg,True,reddit-billgates-post-1.billg fcp opt cold fission webrender,,77,ms,firefox,442686093.0,1822920532,2024-01-09 11:56:06,1357476,,,,,,,,,,,,,,,,,,,,,,,,,,,,,,,,,,,,,,,,,,,,,,,,,TN
1707,0184455feb69351f7ba6e6a9bc02f7417c5c6475,0.11638733705772808,autoland,4060709,13,fd0dfc9511c4c123e048823de9954312c2b907c1,linux1804-64-shippable-qr,True,False,,|c|o|l|d| |f|i|s|s|i|o|n| |i|n|t|e|r|a|c|t|i|v|e| |w|e|b|r|e|n|d|e|r|,102210fe594ee9b33d82058545b1ed14f4c8206e,fcp,reddit-billgates-post-1.billg,True,reddit-billgates-post-1.billg fcp opt cold fission webrender,,77,ms,firefox,442784009.0,1823447830,2024-01-09 14:07:58,1357525,,,,,,,,,,,,,,,,,,,,,,,,,,,,,,,,,,,,,,,,,,,,,,,,,TN
1708,183931c45d316e57ad9529199745dd0005a44f8a,0.11894785847299816,autoland,4060709,13,fd0dfc9511c4c123e048823de9954312c2b907c1,linux1804-64-shippable-qr,True,False,,|c|o|l|d| |f|i|s|s|i|o|n| |i|n|t|e|r|a|c|t|i|v|e| |w|e|b|r|e|n|d|e|r|,102210fe594ee9b33d82058545b1ed14f4c8206e,fcp,reddit-billgates-post-1.billg,True,reddit-billgates-post-1.billg fcp opt cold fission webrender,,77,ms,firefox,442781536.0,1823439485,2024-01-09 14:34:37,1357538,,,,,,,,,,,,,,,,,,,,,,,,,,,,,,,,,,,,,,,,,,,,,,,,,TN
1709,39da72deac75c8026ae23df612934a7fc7c3693a,0.10730912476722532,autoland,4060709,13,fd0dfc9511c4c123e048823de9954312c2b907c1,linux1804-64-shippable-qr,True,False,,|c|o|l|d| |f|i|s|s|i|o|n| |i|n|t|e|r|a|c|t|i|v|e| |w|e|b|r|e|n|d|e|r|,102210fe594ee9b33d82058545b1ed14f4c8206e,fcp,reddit-billgates-post-1.billg,True,reddit-billgates-post-1.billg fcp opt cold fission webrender,,77,ms,firefox,442723810.0,1823106655,2024-01-09 16:23:43,1357611,,,,,,,,,,,,,,,,,,,,,,,,,,,,,,,,,,,,,,,,,,,,,,,,,TN
1710,65446098ef641575f65d67f1db14e51401e565de,0.1296554934823091,autoland,4060709,13,fd0dfc9511c4c123e048823de9954312c2b907c1,linux1804-64-shippable-qr,True,False,,|c|o|l|d| |f|i|s|s|i|o|n| |i|n|t|e|r|a|c|t|i|v|e| |w|e|b|r|e|n|d|e|r|,102210fe594ee9b33d82058545b1ed14f4c8206e,fcp,reddit-billgates-post-1.billg,True,reddit-billgates-post-1.billg fcp opt cold fission webrender,,77,ms,firefox,442726365.0,1823128390,2024-01-09 17:04:21,1357636,,,,,,,,,,,,,,,,,,,,,,,,,,,,,,,,,,,,,,,,,,,,,,,,,TN
1711,199101385cfb15dcb58d0abdf1204d8bd155b53f,0.11173184357541899,autoland,4060709,13,fd0dfc9511c4c123e048823de9954312c2b907c1,linux1804-64-shippable-qr,True,False,,|c|o|l|d| |f|i|s|s|i|o|n| |i|n|t|e|r|a|c|t|i|v|e| |w|e|b|r|e|n|d|e|r|,102210fe594ee9b33d82058545b1ed14f4c8206e,fcp,reddit-billgates-post-1.billg,True,reddit-billgates-post-1.billg fcp opt cold fission webrender,,77,ms,firefox,442779727.0,1823398227,2024-01-09 20:39:11,1357761,,,,,,,,,,,,,,,,,,,,,,,,,,,,,,,,,,,,,,,,,,,,,,,,,TN
1712,d4ff02b92c066b55eaedf705b0bec7eab81178b7,0.1333798882681565,autoland,4060709,13,fd0dfc9511c4c123e048823de9954312c2b907c1,linux1804-64-shippable-qr,True,False,,|c|o|l|d| |f|i|s|s|i|o|n| |i|n|t|e|r|a|c|t|i|v|e| |w|e|b|r|e|n|d|e|r|,102210fe594ee9b33d82058545b1ed14f4c8206e,fcp,reddit-billgates-post-1.billg,True,reddit-billgates-post-1.billg fcp opt cold fission webrender,,77,ms,firefox,442780764.0,1823422771,2024-01-09 20:46:16,1357768,,,,,,,,,,,,,,,,,,,,,,,,,,,,,,,,,,,,,,,,,,,,,,,,,TN
1713,33d47d05c368a7b03c3843f70deb11c351eab0e7,0.1070763500931099,autoland,4060709,13,fd0dfc9511c4c123e048823de9954312c2b907c1,linux1804-64-shippable-qr,True,False,,|c|o|l|d| |f|i|s|s|i|o|n| |i|n|t|e|r|a|c|t|i|v|e| |w|e|b|r|e|n|d|e|r|,102210fe594ee9b33d82058545b1ed14f4c8206e,fcp,reddit-billgates-post-1.billg,True,reddit-billgates-post-1.billg fcp opt cold fission webrender,,77,ms,firefox,442766481.0,1823320695,2024-01-09 23:58:45,1357896,,,,,,,,,,,,,,,,,,,,,,,,,,,,,,,,,,,,,,,,,,,,,,,,,TN
1714,c208c35aa08ce571b9fe86e213c1e1b443e8b7c0,0.1354748603351955,autoland,4060709,13,fd0dfc9511c4c123e048823de9954312c2b907c1,linux1804-64-shippable-qr,True,False,,|c|o|l|d| |f|i|s|s|i|o|n| |i|n|t|e|r|a|c|t|i|v|e| |w|e|b|r|e|n|d|e|r|,102210fe594ee9b33d82058545b1ed14f4c8206e,fcp,reddit-billgates-post-1.billg,True,reddit-billgates-post-1.billg fcp opt cold fission webrender,,77,ms,firefox,442916808.0,1823999682,2024-01-10 01:41:22,1357928,,,,,,,,,,,,,,,,,,,,,,,,,,,,,,,,,,,,,,,,,,,,,,,,,TN
1715,03be6a45140bf15382b04777d0e3abf02d7af112,0.12732774674115455,autoland,4060709,13,fd0dfc9511c4c123e048823de9954312c2b907c1,linux1804-64-shippable-qr,True,False,,|c|o|l|d| |f|i|s|s|i|o|n| |i|n|t|e|r|a|c|t|i|v|e| |w|e|b|r|e|n|d|e|r|,102210fe594ee9b33d82058545b1ed14f4c8206e,fcp,reddit-billgates-post-1.billg,True,reddit-billgates-post-1.billg fcp opt cold fission webrender,,77,ms,firefox,442917460.0,1824019260,2024-01-10 02:03:50,1357936,,,,,,,,,,,,,,,,,,,,,,,,,,,,,,,,,,,,,,,,,,,,,,,,,TN
1716,645f7ed438fb8172e3e4db34d3d7821251ae066c,0.09148044692737434,autoland,4060709,13,fd0dfc9511c4c123e048823de9954312c2b907c1,linux1804-64-shippable-qr,True,False,,|c|o|l|d| |f|i|s|s|i|o|n| |i|n|t|e|r|a|c|t|i|v|e| |w|e|b|r|e|n|d|e|r|,102210fe594ee9b33d82058545b1ed14f4c8206e,fcp,reddit-billgates-post-1.billg,True,reddit-billgates-post-1.billg fcp opt cold fission webrender,,77,ms,firefox,442830842.0,1823620820,2024-01-10 11:50:05,1358132,,,,,,,,,,,,,,,,,,,,,,,,,,,,,,,,,,,,,,,,,,,,,,,,,TN
1717,abbd6756776d8ea1ff22b8a5ee76e1417583f893,0.11894785847299816,autoland,4060709,13,fd0dfc9511c4c123e048823de9954312c2b907c1,linux1804-64-shippable-qr,True,False,,|c|o|l|d| |f|i|s|s|i|o|n| |i|n|t|e|r|a|c|t|i|v|e| |w|e|b|r|e|n|d|e|r|,102210fe594ee9b33d82058545b1ed14f4c8206e,fcp,reddit-billgates-post-1.billg,True,reddit-billgates-post-1.billg fcp opt cold fission webrender,,77,ms,firefox,442859284.0,1823712123,2024-01-10 15:53:53,1358258,,,,,,,,,,,,,,,,,,,,,,,,,,,,,,,,,,,,,,,,,,,,,,,,,TN
1718,a6a3c60d31894fa2c788c6498b98e529a6ce0202,0.11662011173184361,autoland,4060709,13,fd0dfc9511c4c123e048823de9954312c2b907c1,linux1804-64-shippable-qr,True,False,,|c|o|l|d| |f|i|s|s|i|o|n| |i|n|t|e|r|a|c|t|i|v|e| |w|e|b|r|e|n|d|e|r|,102210fe594ee9b33d82058545b1ed14f4c8206e,fcp,reddit-billgates-post-1.billg,True,reddit-billgates-post-1.billg fcp opt cold fission webrender,,77,ms,firefox,442916925.0,1824016592,2024-01-10 17:13:27,1358311,,,,,,,,,,,,,,,,,,,,,,,,,,,,,,,,,,,,,,,,,,,,,,,,,TN
1719,cefca88dbb5f5ddbed3d4d2d541ce66924187b3f,0.11906424581005592,autoland,4060709,13,fd0dfc9511c4c123e048823de9954312c2b907c1,linux1804-64-shippable-qr,True,False,,|c|o|l|d| |f|i|s|s|i|o|n| |i|n|t|e|r|a|c|t|i|v|e| |w|e|b|r|e|n|d|e|r|,102210fe594ee9b33d82058545b1ed14f4c8206e,fcp,reddit-billgates-post-1.billg,True,reddit-billgates-post-1.billg fcp opt cold fission webrender,,77,ms,firefox,442952819.0,1824143959,2024-01-10 17:16:57,1358312,,,,,,,,,,,,,,,,,,,,,,,,,,,,,,,,,,,,,,,,,,,,,,,,,TN
1720,8ce5b5a3f4cb435bbade6c5ce303b682c2624aca,0.13594040968342647,autoland,4060709,13,fd0dfc9511c4c123e048823de9954312c2b907c1,linux1804-64-shippable-qr,True,False,,|c|o|l|d| |f|i|s|s|i|o|n| |i|n|t|e|r|a|c|t|i|v|e| |w|e|b|r|e|n|d|e|r|,102210fe594ee9b33d82058545b1ed14f4c8206e,fcp,reddit-billgates-post-1.billg,True,reddit-billgates-post-1.billg fcp opt cold fission webrender,,77,ms,firefox,442916728.0,1823992777,2024-01-10 17:17:38,1358313,,,,,,,,,,,,,,,,,,,,,,,,,,,,,,,,,,,,,,,,,,,,,,,,,TN
1721,1a93f0a64a7f897212da58c5753433922e0953cb,0.15013966480446927,autoland,4060709,13,fd0dfc9511c4c123e048823de9954312c2b907c1,linux1804-64-shippable-qr,True,False,,|c|o|l|d| |f|i|s|s|i|o|n| |i|n|t|e|r|a|c|t|i|v|e| |w|e|b|r|e|n|d|e|r|,102210fe594ee9b33d82058545b1ed14f4c8206e,fcp,reddit-billgates-post-1.billg,True,reddit-billgates-post-1.billg fcp opt cold fission webrender,,77,ms,firefox,442906847.0,1823949224,2024-01-11 01:22:24,1358548,,,,,,,,,,,,,,,,,,,,,,,,,,,,,,,,,,,,,,,,,,,,,,,,,TN
1722,53b379d2ca1da12d341d8c9f8e59575152c88b27,0.1014897579143389,autoland,4060709,13,fd0dfc9511c4c123e048823de9954312c2b907c1,linux1804-64-shippable-qr,True,False,,|c|o|l|d| |f|i|s|s|i|o|n| |i|n|t|e|r|a|c|t|i|v|e| |w|e|b|r|e|n|d|e|r|,102210fe594ee9b33d82058545b1ed14f4c8206e,fcp,reddit-billgates-post-1.billg,True,reddit-billgates-post-1.billg fcp opt cold fission webrender,,77,ms,firefox,442928582.0,1824048519,2024-01-11 07:34:58,1358622,,,,,,,,,,,,,,,,,,,,,,,,,,,,,,,,,,,,,,,,,,,,,,,,,TN
1723,0bd36479d605b1a8748ee37096ff0d54383f0402,0.11359404096834269,autoland,4060709,13,fd0dfc9511c4c123e048823de9954312c2b907c1,linux1804-64-shippable-qr,True,False,,|c|o|l|d| |f|i|s|s|i|o|n| |i|n|t|e|r|a|c|t|i|v|e| |w|e|b|r|e|n|d|e|r|,102210fe594ee9b33d82058545b1ed14f4c8206e,fcp,reddit-billgates-post-1.billg,True,reddit-billgates-post-1.billg fcp opt cold fission webrender,,77,ms,firefox,442936268.0,1824080716,2024-01-11 09:13:52,1358650,,,,,,,,,,,,,,,,,,,,,,,,,,,,,,,,,,,,,,,,,,,,,,,,,TN
1724,c968fa42e944e86d2ef0e1790169260c72d1767b,0.11824953445065178,autoland,4060709,13,fd0dfc9511c4c123e048823de9954312c2b907c1,linux1804-64-shippable-qr,True,False,,|c|o|l|d| |f|i|s|s|i|o|n| |i|n|t|e|r|a|c|t|i|v|e| |w|e|b|r|e|n|d|e|r|,102210fe594ee9b33d82058545b1ed14f4c8206e,fcp,reddit-billgates-post-1.billg,True,reddit-billgates-post-1.billg fcp opt cold fission webrender,,77,ms,firefox,443070593.0,1824716627,2024-01-11 18:18:15,1358919,,,,,,,,,,,,,,,,,,,,,,,,,,,,,,,,,,,,,,,,,,,,,,,,,TN
1725,c742a756f169303b59bc595b6ad84ce7314a1789,0.13314711359404097,autoland,4060709,13,fd0dfc9511c4c123e048823de9954312c2b907c1,linux1804-64-shippable-qr,True,False,,|c|o|l|d| |f|i|s|s|i|o|n| |i|n|t|e|r|a|c|t|i|v|e| |w|e|b|r|e|n|d|e|r|,102210fe594ee9b33d82058545b1ed14f4c8206e,fcp,reddit-billgates-post-1.billg,True,reddit-billgates-post-1.billg fcp opt cold fission webrender,,77,ms,firefox,443070256.0,1824697858,2024-01-11 18:24:24,1358925,,,,,,,,,,,,,,,,,,,,,,,,,,,,,,,,,,,,,,,,,,,,,,,,,TN
1726,51d3d025e7fa3113193da45b9c1b1d792060a4c3,0.13291433891992555,autoland,4060709,13,fd0dfc9511c4c123e048823de9954312c2b907c1,linux1804-64-shippable-qr,True,False,,|c|o|l|d| |f|i|s|s|i|o|n| |i|n|t|e|r|a|c|t|i|v|e| |w|e|b|r|e|n|d|e|r|,102210fe594ee9b33d82058545b1ed14f4c8206e,fcp,reddit-billgates-post-1.billg,True,reddit-billgates-post-1.billg fcp opt cold fission webrender,,77,ms,firefox,443019171.0,1824395668,2024-01-11 19:45:18,1358981,,,,,,,,,,,,,,,,,,,,,,,,,,,,,,,,,,,,,,,,,,,,,,,,,TN
1727,dfcfa98a7e21b51e5559d4bee58d465a40576f31,0.11452513966480449,autoland,4060709,13,fd0dfc9511c4c123e048823de9954312c2b907c1,linux1804-64-shippable-qr,True,False,,|c|o|l|d| |f|i|s|s|i|o|n| |i|n|t|e|r|a|c|t|i|v|e| |w|e|b|r|e|n|d|e|r|,102210fe594ee9b33d82058545b1ed14f4c8206e,fcp,reddit-billgates-post-1.billg,True,reddit-billgates-post-1.billg fcp opt cold fission webrender,,77,ms,firefox,443069652.0,1824668776,2024-01-11 19:53:37,1358986,,,,,,,,,,,,,,,,,,,,,,,,,,,,,,,,,,,,,,,,,,,,,,,,,TN
1728,8f1e9e2c902a89cfb9f9ea20307fb3ee8a91a4af,0.11918063314711358,autoland,4060709,13,fd0dfc9511c4c123e048823de9954312c2b907c1,linux1804-64-shippable-qr,True,False,,|c|o|l|d| |f|i|s|s|i|o|n| |i|n|t|e|r|a|c|t|i|v|e| |w|e|b|r|e|n|d|e|r|,102210fe594ee9b33d82058545b1ed14f4c8206e,fcp,reddit-billgates-post-1.billg,True,reddit-billgates-post-1.billg fcp opt cold fission webrender,,77,ms,firefox,443020791.0,1824412441,2024-01-11 20:05:09,1358995,,,,,,,,,,,,,,,,,,,,,,,,,,,,,,,,,,,,,,,,,,,,,,,,,TN
1729,1d2ccbe0bb6db4d9628b16914b33c5dc5e9406dc,0.11662011173184361,autoland,4060709,13,fd0dfc9511c4c123e048823de9954312c2b907c1,linux1804-64-shippable-qr,True,False,,|c|o|l|d| |f|i|s|s|i|o|n| |i|n|t|e|r|a|c|t|i|v|e| |w|e|b|r|e|n|d|e|r|,102210fe594ee9b33d82058545b1ed14f4c8206e,fcp,reddit-billgates-post-1.billg,True,reddit-billgates-post-1.billg fcp opt cold fission webrender,,77,ms,firefox,443056037.0,1824573182,2024-01-12 01:35:24,1359176,,,,,,,,,,,,,,,,,,,,,,,,,,,,,,,,,,,,,,,,,,,,,,,,,TN
1730,1dc9f987063cf678f5c26e7534eadc8bfd186fa9,0.13105214152700184,autoland,4060709,13,fd0dfc9511c4c123e048823de9954312c2b907c1,linux1804-64-shippable-qr,True,False,,|c|o|l|d| |f|i|s|s|i|o|n| |i|n|t|e|r|a|c|t|i|v|e| |w|e|b|r|e|n|d|e|r|,102210fe594ee9b33d82058545b1ed14f4c8206e,fcp,reddit-billgates-post-1.billg,True,reddit-billgates-post-1.billg fcp opt cold fission webrender,,77,ms,firefox,443072355.0,1824740443,2024-01-12 05:09:20,1359210,,,,,,,,,,,,,,,,,,,,,,,,,,,,,,,,,,,,,,,,,,,,,,,,,TN
1731,734e2e027196a9d64120ebf11a01a1b03e494d43,0.14874301675977653,autoland,4060709,13,fd0dfc9511c4c123e048823de9954312c2b907c1,linux1804-64-shippable-qr,True,False,,|c|o|l|d| |f|i|s|s|i|o|n| |i|n|t|e|r|a|c|t|i|v|e| |w|e|b|r|e|n|d|e|r|,102210fe594ee9b33d82058545b1ed14f4c8206e,fcp,reddit-billgates-post-1.billg,True,reddit-billgates-post-1.billg fcp opt cold fission webrender,,77,ms,firefox,443098275.0,1824861226,2024-01-12 09:17:33,1359269,,,,,,,,,,,,,,,,,,,,,,,,,,,,,,,,,,,,,,,,,,,,,,,,,TN
1732,04e959fcffc3608cfdc8e3812cac822a94eb7f79,0.12802607076350092,autoland,4060709,13,fd0dfc9511c4c123e048823de9954312c2b907c1,linux1804-64-shippable-qr,True,False,,|c|o|l|d| |f|i|s|s|i|o|n| |i|n|t|e|r|a|c|t|i|v|e| |w|e|b|r|e|n|d|e|r|,102210fe594ee9b33d82058545b1ed14f4c8206e,fcp,reddit-billgates-post-1.billg,True,reddit-billgates-post-1.billg fcp opt cold fission webrender,,77,ms,firefox,443100019.0,1824886121,2024-01-12 09:50:00,1359287,,,,,,,,,,,,,,,,,,,,,,,,,,,,,,,,,,,,,,,,,,,,,,,,,TN
1733,897e093ce0acdad2e945ff5f23e6d89f77ac22a2,0.14338919925512106,autoland,4060709,13,fd0dfc9511c4c123e048823de9954312c2b907c1,linux1804-64-shippable-qr,True,False,,|c|o|l|d| |f|i|s|s|i|o|n| |i|n|t|e|r|a|c|t|i|v|e| |w|e|b|r|e|n|d|e|r|,102210fe594ee9b33d82058545b1ed14f4c8206e,fcp,reddit-billgates-post-1.billg,True,reddit-billgates-post-1.billg fcp opt cold fission webrender,,77,ms,firefox,443194748.0,1825356930,2024-01-12 13:49:10,1359374,,,,,,,,,,,,,,,,,,,,,,,,,,,,,,,,,,,,,,,,,,,,,,,,,TN
1734,ce67ec7f0570e0dbbb4af59d868791341b3ae825,0.13663873370577273,autoland,4060709,13,fd0dfc9511c4c123e048823de9954312c2b907c1,linux1804-64-shippable-qr,True,False,,|c|o|l|d| |f|i|s|s|i|o|n| |i|n|t|e|r|a|c|t|i|v|e| |w|e|b|r|e|n|d|e|r|,102210fe594ee9b33d82058545b1ed14f4c8206e,fcp,reddit-billgates-post-1.billg,True,reddit-billgates-post-1.billg fcp opt cold fission webrender,,77,ms,firefox,443126535.0,1824988991,2024-01-12 13:58:07,1359382,,,,,,,,,,,,,,,,,,,,,,,,,,,,,,,,,,,,,,,,,,,,,,,,,TN
1735,ca885660ea6d70595474b1663ce6806f7a86a6ea,0.13594040968342647,autoland,4060709,13,fd0dfc9511c4c123e048823de9954312c2b907c1,linux1804-64-shippable-qr,True,False,,|c|o|l|d| |f|i|s|s|i|o|n| |i|n|t|e|r|a|c|t|i|v|e| |w|e|b|r|e|n|d|e|r|,102210fe594ee9b33d82058545b1ed14f4c8206e,fcp,reddit-billgates-post-1.billg,True,reddit-billgates-post-1.billg fcp opt cold fission webrender,,77,ms,firefox,443138480.0,1825084534,2024-01-12 15:59:03,1359473,,,,,,,,,,,,,,,,,,,,,,,,,,,,,,,,,,,,,,,,,,,,,,,,,TN
1736,00f949eecc1be917553e235f582aeb7e1e1146fd,0.11405959031657353,autoland,4060709,13,fd0dfc9511c4c123e048823de9954312c2b907c1,linux1804-64-shippable-qr,True,False,,|c|o|l|d| |f|i|s|s|i|o|n| |i|n|t|e|r|a|c|t|i|v|e| |w|e|b|r|e|n|d|e|r|,102210fe594ee9b33d82058545b1ed14f4c8206e,fcp,reddit-billgates-post-1.billg,True,reddit-billgates-post-1.billg fcp opt cold fission webrender,,77,ms,firefox,443166148.0,1825231316,2024-01-12 19:38:29,1359666,,,,,,,,,,,,,,,,,,,,,,,,,,,,,,,,,,,,,,,,,,,,,,,,,TN
1737,941c30d075424ce679789d63701ca84aa524da86,0.13594040968342647,autoland,4060709,13,fd0dfc9511c4c123e048823de9954312c2b907c1,linux1804-64-shippable-qr,True,False,,|c|o|l|d| |f|i|s|s|i|o|n| |i|n|t|e|r|a|c|t|i|v|e| |w|e|b|r|e|n|d|e|r|,102210fe594ee9b33d82058545b1ed14f4c8206e,fcp,reddit-billgates-post-1.billg,True,reddit-billgates-post-1.billg fcp opt cold fission webrender,,77,ms,firefox,443194909.0,1825370568,2024-01-12 22:22:32,1359751,,,,,,,,,,,,,,,,,,,,,,,,,,,,,,,,,,,,,,,,,,,,,,,,,TN
1738,e9c1463b56151bf940fe442f91aeabc8a811573d,0.9999999999999999,autoland,4060709,13,fd0dfc9511c4c123e048823de9954312c2b907c1,linux1804-64-shippable-qr,True,False,,|c|o|l|d| |f|i|s|s|i|o|n| |i|n|t|e|r|a|c|t|i|v|e| |w|e|b|r|e|n|d|e|r|,102210fe594ee9b33d82058545b1ed14f4c8206e,fcp,reddit-billgates-post-1.billg,True,reddit-billgates-post-1.billg fcp opt cold fission webrender,,77,ms,firefox,443189304.0,1825324665,2024-01-12 22:24:41,1359754,,,,,,,,,,,,,,,,,,,,,,,,,,,,,,,,,,,,,,,,,,,,,,,,,TN
1739,53d4d65c33f1a556689dd9de738b173142e52749,0.14129422718808193,autoland,4060709,13,fd0dfc9511c4c123e048823de9954312c2b907c1,linux1804-64-shippable-qr,True,False,,|c|o|l|d| |f|i|s|s|i|o|n| |i|n|t|e|r|a|c|t|i|v|e| |w|e|b|r|e|n|d|e|r|,102210fe594ee9b33d82058545b1ed14f4c8206e,fcp,reddit-billgates-post-1.billg,True,reddit-billgates-post-1.billg fcp opt cold fission webrender,,77,ms,firefox,443184331.0,1825275297,2024-01-12 23:40:01,1359778,,,,,,,,,,,,,,,,,,,,,,,,,,,,,,,,,,,,,,,,,,,,,,,,,TN
1740,1c1cef3dae75411dbe9bc03547274f506cade636,0.11755121042830541,autoland,4060709,13,fd0dfc9511c4c123e048823de9954312c2b907c1,linux1804-64-shippable-qr,True,False,,|c|o|l|d| |f|i|s|s|i|o|n| |i|n|t|e|r|a|c|t|i|v|e| |w|e|b|r|e|n|d|e|r|,102210fe594ee9b33d82058545b1ed14f4c8206e,fcp,reddit-billgates-post-1.billg,True,reddit-billgates-post-1.billg fcp opt cold fission webrender,,77,ms,firefox,443204293.0,1825420235,2024-01-13 08:47:40,1359844,,,,,,,,,,,,,,,,,,,,,,,,,,,,,,,,,,,,,,,,,,,,,,,,,TN
1741,9e96d1447f6c77f15bcd1c7fa432cefae4418038,0.11708566108007457,autoland,4060709,13,fd0dfc9511c4c123e048823de9954312c2b907c1,linux1804-64-shippable-qr,True,False,,|c|o|l|d| |f|i|s|s|i|o|n| |i|n|t|e|r|a|c|t|i|v|e| |w|e|b|r|e|n|d|e|r|,102210fe594ee9b33d82058545b1ed14f4c8206e,fcp,reddit-billgates-post-1.billg,True,reddit-billgates-post-1.billg fcp opt cold fission webrender,,77,ms,firefox,443228225.0,1825512641,2024-01-13 14:38:07,1359886,,,,,,,,,,,,,,,,,,,,,,,,,,,,,,,,,,,,,,,,,,,,,,,,,TN
1742,05b08c9f9a5822b969513dda16d5f55e322ade4f,0.10218808193668533,autoland,4060709,13,fd0dfc9511c4c123e048823de9954312c2b907c1,linux1804-64-shippable-qr,True,False,,|c|o|l|d| |f|i|s|s|i|o|n| |i|n|t|e|r|a|c|t|i|v|e| |w|e|b|r|e|n|d|e|r|,102210fe594ee9b33d82058545b1ed14f4c8206e,fcp,reddit-billgates-post-1.billg,True,reddit-billgates-post-1.billg fcp opt cold fission webrender,,77,ms,firefox,443248446.0,1825599005,2024-01-13 23:22:39,1359908,,,,,,,,,,,,,,,,,,,,,,,,,,,,,,,,,,,,,,,,,,,,,,,,,TN
1743,b24d63d72f77a64fe5d8bce6420b88e7e0c4d9da,0.14827746741154557,autoland,4060709,13,fd0dfc9511c4c123e048823de9954312c2b907c1,linux1804-64-shippable-qr,True,False,,|c|o|l|d| |f|i|s|s|i|o|n| |i|n|t|e|r|a|c|t|i|v|e| |w|e|b|r|e|n|d|e|r|,102210fe594ee9b33d82058545b1ed14f4c8206e,fcp,reddit-billgates-post-1.billg,True,reddit-billgates-post-1.billg fcp opt cold fission webrender,,77,ms,firefox,443275889.0,1825766802,2024-01-14 13:25:52,1359942,,,,,,,,,,,,,,,,,,,,,,,,,,,,,,,,,,,,,,,,,,,,,,,,,TN
1744,de4567bec5231630b24dbc8a0f117c108e274afc,0.12174115456238366,autoland,4060709,13,fd0dfc9511c4c123e048823de9954312c2b907c1,linux1804-64-shippable-qr,True,False,,|c|o|l|d| |f|i|s|s|i|o|n| |i|n|t|e|r|a|c|t|i|v|e| |w|e|b|r|e|n|d|e|r|,102210fe594ee9b33d82058545b1ed14f4c8206e,fcp,reddit-billgates-post-1.billg,True,reddit-billgates-post-1.billg fcp opt cold fission webrender,,77,ms,firefox,443299411.0,1825861009,2024-01-15 05:08:04,1360013,,,,,,,,,,,,,,,,,,,,,,,,,,,,,,,,,,,,,,,,,,,,,,,,,TN
1745,fed0bf16c40eba956c10bb3214420acaf75ee212,0.11173184357541899,autoland,4060709,13,fd0dfc9511c4c123e048823de9954312c2b907c1,linux1804-64-shippable-qr,True,False,,|c|o|l|d| |f|i|s|s|i|o|n| |i|n|t|e|r|a|c|t|i|v|e| |w|e|b|r|e|n|d|e|r|,102210fe594ee9b33d82058545b1ed14f4c8206e,fcp,reddit-billgates-post-1.billg,True,reddit-billgates-post-1.billg fcp opt cold fission webrender,,77,ms,firefox,443303597.0,1825888822,2024-01-15 06:43:10,1360023,,,,,,,,,,,,,,,,,,,,,,,,,,,,,,,,,,,,,,,,,,,,,,,,,TN
1746,43598f45eee98e83ea2f55ce9a36e000770cf985,0.12639664804469275,autoland,4060709,13,fd0dfc9511c4c123e048823de9954312c2b907c1,linux1804-64-shippable-qr,True,False,,|c|o|l|d| |f|i|s|s|i|o|n| |i|n|t|e|r|a|c|t|i|v|e| |w|e|b|r|e|n|d|e|r|,102210fe594ee9b33d82058545b1ed14f4c8206e,fcp,reddit-billgates-post-1.billg,True,reddit-billgates-post-1.billg fcp opt cold fission webrender,,77,ms,firefox,443331807.0,1825991696,2024-01-15 11:02:38,1360080,,,,,,,,,,,,,,,,,,,,,,,,,,,,,,,,,,,,,,,,,,,,,,,,,TN
1747,253b1ef032b4e35683449c7af5d9effaa417e813,0.12011173184357538,autoland,4060709,13,fd0dfc9511c4c123e048823de9954312c2b907c1,linux1804-64-shippable-qr,True,False,,|c|o|l|d| |f|i|s|s|i|o|n| |i|n|t|e|r|a|c|t|i|v|e| |w|e|b|r|e|n|d|e|r|,102210fe594ee9b33d82058545b1ed14f4c8206e,fcp,reddit-billgates-post-1.billg,True,reddit-billgates-post-1.billg fcp opt cold fission webrender,,77,ms,firefox,443343487.0,1826043919,2024-01-15 13:01:22,1360125,,,,,,,,,,,,,,,,,,,,,,,,,,,,,,,,,,,,,,,,,,,,,,,,,TN
1748,96407685e7579866b7cb890b16c2d05cde908fed,0.11964618249534453,autoland,4060709,13,fd0dfc9511c4c123e048823de9954312c2b907c1,linux1804-64-shippable-qr,True,False,,|c|o|l|d| |f|i|s|s|i|o|n| |i|n|t|e|r|a|c|t|i|v|e| |w|e|b|r|e|n|d|e|r|,102210fe594ee9b33d82058545b1ed14f4c8206e,fcp,reddit-billgates-post-1.billg,True,reddit-billgates-post-1.billg fcp opt cold fission webrender,,77,ms,firefox,443430552.0,1826465777,2024-01-15 13:14:28,1360129,,,,,,,,,,,,,,,,,,,,,,,,,,,,,,,,,,,,,,,,,,,,,,,,,TN
1749,8188051a080f272a706f8fb169248c4677069f6b,0.1466480446927374,autoland,4060709,13,fd0dfc9511c4c123e048823de9954312c2b907c1,linux1804-64-shippable-qr,True,False,,|c|o|l|d| |f|i|s|s|i|o|n| |i|n|t|e|r|a|c|t|i|v|e| |w|e|b|r|e|n|d|e|r|,102210fe594ee9b33d82058545b1ed14f4c8206e,fcp,reddit-billgates-post-1.billg,True,reddit-billgates-post-1.billg fcp opt cold fission webrender,,77,ms,firefox,443430023.0,1826407987,2024-01-15 14:24:27,1360138,,,,,,,,,,,,,,,,,,,,,,,,,,,,,,,,,,,,,,,,,,,,,,,,,TN
1750,c99a236b215f1a49f9abf0d88cc6217ddc6d0623,0.1212756052141527,autoland,4060709,13,fd0dfc9511c4c123e048823de9954312c2b907c1,linux1804-64-shippable-qr,True,False,,|c|o|l|d| |f|i|s|s|i|o|n| |i|n|t|e|r|a|c|t|i|v|e| |w|e|b|r|e|n|d|e|r|,102210fe594ee9b33d82058545b1ed14f4c8206e,fcp,reddit-billgates-post-1.billg,True,reddit-billgates-post-1.billg fcp opt cold fission webrender,,77,ms,firefox,443430070.0,1826415691,2024-01-15 16:25:19,1360277,,,,,,,,,,,,,,,,,,,,,,,,,,,,,,,,,,,,,,,,,,,,,,,,,TN
1751,dc36bc5a45acf968a84adb6249e9193a2307c43e,0.11266294227188078,autoland,4060709,13,fd0dfc9511c4c123e048823de9954312c2b907c1,linux1804-64-shippable-qr,True,False,,|c|o|l|d| |f|i|s|s|i|o|n| |i|n|t|e|r|a|c|t|i|v|e| |w|e|b|r|e|n|d|e|r|,102210fe594ee9b33d82058545b1ed14f4c8206e,fcp,reddit-billgates-post-1.billg,True,reddit-billgates-post-1.billg fcp opt cold fission webrender,,77,ms,firefox,443430427.0,1826464008,2024-01-15 16:26:09,1360279,,,,,,,,,,,,,,,,,,,,,,,,,,,,,,,,,,,,,,,,,,,,,,,,,TN
1752,a9ede7f8216422a86a2b25e0696d884c8a069b78,0.12476722532588458,autoland,4060709,13,fd0dfc9511c4c123e048823de9954312c2b907c1,linux1804-64-shippable-qr,True,False,,|c|o|l|d| |f|i|s|s|i|o|n| |i|n|t|e|r|a|c|t|i|v|e| |w|e|b|r|e|n|d|e|r|,102210fe594ee9b33d82058545b1ed14f4c8206e,fcp,reddit-billgates-post-1.billg,True,reddit-billgates-post-1.billg fcp opt cold fission webrender,,77,ms,firefox,443369179.0,1826185733,2024-01-15 16:45:21,1360291,,,,,,,,,,,,,,,,,,,,,,,,,,,,,,,,,,,,,,,,,,,,,,,,,TN
1753,8a68c5a8cac8300a140767d36eaed293e8f2664c,0.10265363128491617,autoland,4060709,13,fd0dfc9511c4c123e048823de9954312c2b907c1,linux1804-64-shippable-qr,True,False,,|c|o|l|d| |f|i|s|s|i|o|n| |i|n|t|e|r|a|c|t|i|v|e| |w|e|b|r|e|n|d|e|r|,102210fe594ee9b33d82058545b1ed14f4c8206e,fcp,reddit-billgates-post-1.billg,True,reddit-billgates-post-1.billg fcp opt cold fission webrender,,77,ms,firefox,443410176.0,1826297772,2024-01-15 21:04:35,1360446,,,,,,,,,,,,,,,,,,,,,,,,,,,,,,,,,,,,,,,,,,,,,,,,,TN
1754,02d1a62ad90af487d859bc4971a43862dceeda6e,0.11289571694599632,autoland,4060709,13,fd0dfc9511c4c123e048823de9954312c2b907c1,linux1804-64-shippable-qr,True,False,,|c|o|l|d| |f|i|s|s|i|o|n| |i|n|t|e|r|a|c|t|i|v|e| |w|e|b|r|e|n|d|e|r|,102210fe594ee9b33d82058545b1ed14f4c8206e,fcp,reddit-billgates-post-1.billg,True,reddit-billgates-post-1.billg fcp opt cold fission webrender,,77,ms,firefox,443421933.0,1826360314,2024-01-16 02:30:18,1360561,,,,,,,,,,,,,,,,,,,,,,,,,,,,,,,,,,,,,,,,,,,,,,,,,TN
1755,70cdba288eb3585a65e68748b4aecfe615cf92e8,0.13221601489757917,autoland,4060709,13,fd0dfc9511c4c123e048823de9954312c2b907c1,linux1804-64-shippable-qr,True,False,,|c|o|l|d| |f|i|s|s|i|o|n| |i|n|t|e|r|a|c|t|i|v|e| |w|e|b|r|e|n|d|e|r|,102210fe594ee9b33d82058545b1ed14f4c8206e,fcp,reddit-billgates-post-1.billg,True,reddit-billgates-post-1.billg fcp opt cold fission webrender,,77,ms,firefox,443427792.0,1826382021,2024-01-16 03:41:09,1360576,,,,,,,,,,,,,,,,,,,,,,,,,,,,,,,,,,,,,,,,,,,,,,,,,TN
1756,f2c924263ffece6d0b30e6a52dfd32792c5bf5ab,0.11149906890130357,autoland,4060709,13,fd0dfc9511c4c123e048823de9954312c2b907c1,linux1804-64-shippable-qr,True,False,,|c|o|l|d| |f|i|s|s|i|o|n| |i|n|t|e|r|a|c|t|i|v|e| |w|e|b|r|e|n|d|e|r|,102210fe594ee9b33d82058545b1ed14f4c8206e,fcp,reddit-billgates-post-1.billg,True,reddit-billgates-post-1.billg fcp opt cold fission webrender,,77,ms,firefox,443447466.0,1826527935,2024-01-16 08:02:14,1360634,,,,,,,,,,,,,,,,,,,,,,,,,,,,,,,,,,,,,,,,,,,,,,,,,TN
1757,b7a792b71de6beb8e167d10494fa1c387f55f9c2,0.11475791433891991,autoland,4060709,13,fd0dfc9511c4c123e048823de9954312c2b907c1,linux1804-64-shippable-qr,True,False,,|c|o|l|d| |f|i|s|s|i|o|n| |i|n|t|e|r|a|c|t|i|v|e| |w|e|b|r|e|n|d|e|r|,102210fe594ee9b33d82058545b1ed14f4c8206e,fcp,reddit-billgates-post-1.billg,True,reddit-billgates-post-1.billg fcp opt cold fission webrender,,77,ms,firefox,443485371.0,1826648973,2024-01-16 12:14:54,1360755,,,,,,,,,,,,,,,,,,,,,,,,,,,,,,,,,,,,,,,,,,,,,,,,,TN
1758,07af0d2b5ced38fc72f57fb9619e9e8430edc630,0.10614525139664799,autoland,4060709,13,fd0dfc9511c4c123e048823de9954312c2b907c1,linux1804-64-shippable-qr,True,False,,|c|o|l|d| |f|i|s|s|i|o|n| |i|n|t|e|r|a|c|t|i|v|e| |w|e|b|r|e|n|d|e|r|,102210fe594ee9b33d82058545b1ed14f4c8206e,fcp,reddit-billgates-post-1.billg,True,reddit-billgates-post-1.billg fcp opt cold fission webrender,,77,ms,firefox,443570721.0,1827051506,2024-01-16 16:07:16,1360917,,,,,,,,,,,,,,,,,,,,,,,,,,,,,,,,,,,,,,,,,,,,,,,,,TN
1759,63082f3bb107e1a4f6692ea836f8812a9af8f74c,0.14152700186219747,autoland,4060709,13,fd0dfc9511c4c123e048823de9954312c2b907c1,linux1804-64-shippable-qr,True,False,,|c|o|l|d| |f|i|s|s|i|o|n| |i|n|t|e|r|a|c|t|i|v|e| |w|e|b|r|e|n|d|e|r|,102210fe594ee9b33d82058545b1ed14f4c8206e,fcp,reddit-billgates-post-1.billg,True,reddit-billgates-post-1.billg fcp opt cold fission webrender,,77,ms,firefox,443570849.0,1827056408,2024-01-16 16:09:52,1360920,,,,,,,,,,,,,,,,,,,,,,,,,,,,,,,,,,,,,,,,,,,,,,,,,TN
1760,c57d859580d036c47f9c0140e247b012211f6475,0.12313780260707641,autoland,4060709,13,fd0dfc9511c4c123e048823de9954312c2b907c1,linux1804-64-shippable-qr,True,False,,|c|o|l|d| |f|i|s|s|i|o|n| |i|n|t|e|r|a|c|t|i|v|e| |w|e|b|r|e|n|d|e|r|,102210fe594ee9b33d82058545b1ed14f4c8206e,fcp,reddit-billgates-post-1.billg,True,reddit-billgates-post-1.billg fcp opt cold fission webrender,,77,ms,firefox,443504452.0,1826736012,2024-01-16 16:10:42,1360921,,,,,,,,,,,,,,,,,,,,,,,,,,,,,,,,,,,,,,,,,,,,,,,,,TN
1761,70d83d705e48aa6e7e7f765142176e775044db26,0.11312849162011174,autoland,4060709,13,fd0dfc9511c4c123e048823de9954312c2b907c1,linux1804-64-shippable-qr,True,False,,|c|o|l|d| |f|i|s|s|i|o|n| |i|n|t|e|r|a|c|t|i|v|e| |w|e|b|r|e|n|d|e|r|,102210fe594ee9b33d82058545b1ed14f4c8206e,fcp,reddit-billgates-post-1.billg,True,reddit-billgates-post-1.billg fcp opt cold fission webrender,,77,ms,firefox,443521437.0,1826834328,2024-01-16 18:47:57,1361053,,,,,,,,,,,,,,,,,,,,,,,,,,,,,,,,,,,,,,,,,,,,,,,,,TN
1762,be11cd2890f611f1552236eed7ffe53fba913a46,0.12569832402234637,autoland,4060709,13,fd0dfc9511c4c123e048823de9954312c2b907c1,linux1804-64-shippable-qr,True,False,,|c|o|l|d| |f|i|s|s|i|o|n| |i|n|t|e|r|a|c|t|i|v|e| |w|e|b|r|e|n|d|e|r|,102210fe594ee9b33d82058545b1ed14f4c8206e,fcp,reddit-billgates-post-1.billg,True,reddit-billgates-post-1.billg fcp opt cold fission webrender,,77,ms,firefox,443538974.0,1826875725,2024-01-16 21:05:47,1361171,,,,,,,,,,,,,,,,,,,,,,,,,,,,,,,,,,,,,,,,,,,,,,,,,TN
1763,e14244196def7be57366bd3c3b31e7218266e883,0.1203445065176908,autoland,4060709,13,fd0dfc9511c4c123e048823de9954312c2b907c1,linux1804-64-shippable-qr,True,False,,|c|o|l|d| |f|i|s|s|i|o|n| |i|n|t|e|r|a|c|t|i|v|e| |w|e|b|r|e|n|d|e|r|,102210fe594ee9b33d82058545b1ed14f4c8206e,fcp,reddit-billgates-post-1.billg,True,reddit-billgates-post-1.billg fcp opt cold fission webrender,,77,ms,firefox,443575228.0,1827120557,2024-01-16 21:13:17,1361177,,,,,,,,,,,,,,,,,,,,,,,,,,,,,,,,,,,,,,,,,,,,,,,,,TN
1764,7a65679aabcf9e5a522b9fbd3463109e4b2946c2,0.13081936685288642,autoland,4060709,13,fd0dfc9511c4c123e048823de9954312c2b907c1,linux1804-64-shippable-qr,True,False,,|c|o|l|d| |f|i|s|s|i|o|n| |i|n|t|e|r|a|c|t|i|v|e| |w|e|b|r|e|n|d|e|r|,102210fe594ee9b33d82058545b1ed14f4c8206e,fcp,reddit-billgates-post-1.billg,True,reddit-billgates-post-1.billg fcp opt cold fission webrender,,77,ms,firefox,443561823.0,1827006630,2024-01-16 21:16:43,1361180,,,,,,,,,,,,,,,,,,,,,,,,,,,,,,,,,,,,,,,,,,,,,,,,,TN
1765,2425c93f20f61b806df955141332d7cb553c6efb,0.13477653631284914,autoland,4060709,13,fd0dfc9511c4c123e048823de9954312c2b907c1,linux1804-64-shippable-qr,True,False,,|c|o|l|d| |f|i|s|s|i|o|n| |i|n|t|e|r|a|c|t|i|v|e| |w|e|b|r|e|n|d|e|r|,102210fe594ee9b33d82058545b1ed14f4c8206e,fcp,reddit-billgates-post-1.billg,True,reddit-billgates-post-1.billg fcp opt cold fission webrender,,77,ms,firefox,443555271.0,1826952352,2024-01-17 00:27:37,1361277,,,,,,,,,,,,,,,,,,,,,,,,,,,,,,,,,,,,,,,,,,,,,,,,,TN
1766,71000174812fc0992b6793e53ac5f11f1b87bdc0,0.10824022346368711,autoland,4060709,13,fd0dfc9511c4c123e048823de9954312c2b907c1,linux1804-64-shippable-qr,True,False,,|c|o|l|d| |f|i|s|s|i|o|n| |i|n|t|e|r|a|c|t|i|v|e| |w|e|b|r|e|n|d|e|r|,102210fe594ee9b33d82058545b1ed14f4c8206e,fcp,reddit-billgates-post-1.billg,True,reddit-billgates-post-1.billg fcp opt cold fission webrender,,77,ms,firefox,443573045.0,1827107027,2024-01-17 05:04:36,1361364,,,,,,,,,,,,,,,,,,,,,,,,,,,,,,,,,,,,,,,,,,,,,,,,,TN
1767,504ffc20d2ebb35be48357830d614ec96765c802,0.11336126629422716,autoland,4060709,13,fd0dfc9511c4c123e048823de9954312c2b907c1,linux1804-64-shippable-qr,True,False,,|c|o|l|d| |f|i|s|s|i|o|n| |i|n|t|e|r|a|c|t|i|v|e| |w|e|b|r|e|n|d|e|r|,102210fe594ee9b33d82058545b1ed14f4c8206e,fcp,reddit-billgates-post-1.billg,True,reddit-billgates-post-1.billg fcp opt cold fission webrender,,77,ms,firefox,443604717.0,1827214151,2024-01-17 09:39:35,1361428,,,,,,,,,,,,,,,,,,,,,,,,,,,,,,,,,,,,,,,,,,,,,,,,,TN
1768,362d9aca9e101b9ee8f7efe2a7c456e245e6313c,0.1259310986964618,autoland,4060709,13,fd0dfc9511c4c123e048823de9954312c2b907c1,linux1804-64-shippable-qr,True,False,,|c|o|l|d| |f|i|s|s|i|o|n| |i|n|t|e|r|a|c|t|i|v|e| |w|e|b|r|e|n|d|e|r|,102210fe594ee9b33d82058545b1ed14f4c8206e,fcp,reddit-billgates-post-1.billg,True,reddit-billgates-post-1.billg fcp opt cold fission webrender,,77,ms,firefox,443624998.0,1827246328,2024-01-17 11:04:44,1361499,,,,,,,,,,,,,,,,,,,,,,,,,,,,,,,,,,,,,,,,,,,,,,,,,TN
1769,a4394526f54b75a6396802e446f5c6741b17bfdd,0.1429236499068901,autoland,4060709,13,fd0dfc9511c4c123e048823de9954312c2b907c1,linux1804-64-shippable-qr,True,False,,|c|o|l|d| |f|i|s|s|i|o|n| |i|n|t|e|r|a|c|t|i|v|e| |w|e|b|r|e|n|d|e|r|,102210fe594ee9b33d82058545b1ed14f4c8206e,fcp,reddit-billgates-post-1.billg,True,reddit-billgates-post-1.billg fcp opt cold fission webrender,,77,ms,firefox,443737716.0,1827862148,2024-01-17 14:10:14,1361593,,,,,,,,,,,,,,,,,,,,,,,,,,,,,,,,,,,,,,,,,,,,,,,,,TN
1770,51ded5545163f1a0a3ff3790e9a25c0351e5d7b6,0.12453445065176905,autoland,4060709,13,fd0dfc9511c4c123e048823de9954312c2b907c1,linux1804-64-shippable-qr,True,False,,|c|o|l|d| |f|i|s|s|i|o|n| |i|n|t|e|r|a|c|t|i|v|e| |w|e|b|r|e|n|d|e|r|,102210fe594ee9b33d82058545b1ed14f4c8206e,fcp,reddit-billgates-post-1.billg,True,reddit-billgates-post-1.billg fcp opt cold fission webrender,,77,ms,firefox,443729569.0,1827780743,2024-01-17 14:11:04,1361596,,,,,,,,,,,,,,,,,,,,,,,,,,,,,,,,,,,,,,,,,,,,,,,,,TN
1771,848e3e2acdf34af9e6862b8a77a8d1ea39c48098,0.12197392923649908,autoland,4060709,13,fd0dfc9511c4c123e048823de9954312c2b907c1,linux1804-64-shippable-qr,True,False,,|c|o|l|d| |f|i|s|s|i|o|n| |i|n|t|e|r|a|c|t|i|v|e| |w|e|b|r|e|n|d|e|r|,102210fe594ee9b33d82058545b1ed14f4c8206e,fcp,reddit-billgates-post-1.billg,True,reddit-billgates-post-1.billg fcp opt cold fission webrender,,77,ms,firefox,443665253.0,1827440844,2024-01-17 15:07:48,1361632,,,,,,,,,,,,,,,,,,,,,,,,,,,,,,,,,,,,,,,,,,,,,,,,,TN
1772,a11dab561c63102a4ed97f42068f448ec332c652,0.11778398510242083,autoland,4060709,13,fd0dfc9511c4c123e048823de9954312c2b907c1,linux1804-64-shippable-qr,True,False,,|c|o|l|d| |f|i|s|s|i|o|n| |i|n|t|e|r|a|c|t|i|v|e| |w|e|b|r|e|n|d|e|r|,102210fe594ee9b33d82058545b1ed14f4c8206e,fcp,reddit-billgates-post-1.billg,True,reddit-billgates-post-1.billg fcp opt cold fission webrender,,77,ms,firefox,443666749.0,1827449240,2024-01-17 15:18:54,1361644,,,,,,,,,,,,,,,,,,,,,,,,,,,,,,,,,,,,,,,,,,,,,,,,,TN
1773,fe239ad8a8aea4198d356ae3ab92415c5237b530,0.13943202979515834,autoland,4060709,13,fd0dfc9511c4c123e048823de9954312c2b907c1,linux1804-64-shippable-qr,True,False,,|c|o|l|d| |f|i|s|s|i|o|n| |i|n|t|e|r|a|c|t|i|v|e| |w|e|b|r|e|n|d|e|r|,102210fe594ee9b33d82058545b1ed14f4c8206e,fcp,reddit-billgates-post-1.billg,True,reddit-billgates-post-1.billg fcp opt cold fission webrender,,77,ms,firefox,443714415.0,1827636728,2024-01-17 23:49:06,1361957,,,,,,,,,,,,,,,,,,,,,,,,,,,,,,,,,,,,,,,,,,,,,,,,,TN
1774,79a6322a49b2f811fe674c1802ab75b99d9c95a3,0.14711359404096835,autoland,4060709,13,fd0dfc9511c4c123e048823de9954312c2b907c1,linux1804-64-shippable-qr,True,False,,|c|o|l|d| |f|i|s|s|i|o|n| |i|n|t|e|r|a|c|t|i|v|e| |w|e|b|r|e|n|d|e|r|,102210fe594ee9b33d82058545b1ed14f4c8206e,fcp,reddit-billgates-post-1.billg,True,reddit-billgates-post-1.billg fcp opt cold fission webrender,,77,ms,firefox,443715037.0,1827656819,2024-01-17 23:52:50,1361961,,,,,,,,,,,,,,,,,,,,,,,,,,,,,,,,,,,,,,,,,,,,,,,,,TN
1775,c38d482445a0c034ac7b8fc0219092fccdbc58b2,0.16014897579143395,autoland,4060709,13,fd0dfc9511c4c123e048823de9954312c2b907c1,linux1804-64-shippable-qr,True,False,,|c|o|l|d| |f|i|s|s|i|o|n| |i|n|t|e|r|a|c|t|i|v|e| |w|e|b|r|e|n|d|e|r|,102210fe594ee9b33d82058545b1ed14f4c8206e,fcp,reddit-billgates-post-1.billg,True,reddit-billgates-post-1.billg fcp opt cold fission webrender,,77,ms,firefox,443726560.0,1827762875,2024-01-18 01:49:32,1362034,,,,,,,,,,,,,,,,,,,,,,,,,,,,,,,,,,,,,,,,,,,,,,,,,TN
1776,a505d6315623943fb581b7f21beece40fc6faf17,0.13594040968342647,autoland,4060709,13,fd0dfc9511c4c123e048823de9954312c2b907c1,linux1804-64-shippable-qr,True,False,,|c|o|l|d| |f|i|s|s|i|o|n| |i|n|t|e|r|a|c|t|i|v|e| |w|e|b|r|e|n|d|e|r|,102210fe594ee9b33d82058545b1ed14f4c8206e,fcp,reddit-billgates-post-1.billg,True,reddit-billgates-post-1.billg fcp opt cold fission webrender,,77,ms,firefox,443757108.0,1827921605,2024-01-18 06:50:06,1362092,,,,,,,,,,,,,,,,,,,,,,,,,,,,,,,,,,,,,,,,,,,,,,,,,TN
1777,0688ca401470034e41e10f2480620e88cac2700f,0.13594040968342647,autoland,4060709,13,fd0dfc9511c4c123e048823de9954312c2b907c1,linux1804-64-shippable-qr,True,False,,|c|o|l|d| |f|i|s|s|i|o|n| |i|n|t|e|r|a|c|t|i|v|e| |w|e|b|r|e|n|d|e|r|,102210fe594ee9b33d82058545b1ed14f4c8206e,fcp,reddit-billgates-post-1.billg,True,reddit-billgates-post-1.billg fcp opt cold fission webrender,,77,ms,firefox,443781647.0,1828050858,2024-01-18 10:52:50,1362184,,,,,,,,,,,,,,,,,,,,,,,,,,,,,,,,,,,,,,,,,,,,,,,,,TN
1778,b0cfcec88155f8d78471d5ec65ef775e7f6b2eb5,0.13407821229050276,autoland,4060709,13,fd0dfc9511c4c123e048823de9954312c2b907c1,linux1804-64-shippable-qr,True,False,,|c|o|l|d| |f|i|s|s|i|o|n| |i|n|t|e|r|a|c|t|i|v|e| |w|e|b|r|e|n|d|e|r|,102210fe594ee9b33d82058545b1ed14f4c8206e,fcp,reddit-billgates-post-1.billg,True,reddit-billgates-post-1.billg fcp opt cold fission webrender,,77,ms,firefox,443894410.0,1828638797,2024-01-18 11:51:21,1362206,,,,,,,,,,,,,,,,,,,,,,,,,,,,,,,,,,,,,,,,,,,,,,,,,TN
1779,be072303feafdac9f5574eb97613a65b9784d9b7,0.14152700186219747,autoland,4060709,13,fd0dfc9511c4c123e048823de9954312c2b907c1,linux1804-64-shippable-qr,True,False,,|c|o|l|d| |f|i|s|s|i|o|n| |i|n|t|e|r|a|c|t|i|v|e| |w|e|b|r|e|n|d|e|r|,102210fe594ee9b33d82058545b1ed14f4c8206e,fcp,reddit-billgates-post-1.billg,True,reddit-billgates-post-1.billg fcp opt cold fission webrender,,77,ms,firefox,443891047.0,1828613936,2024-01-18 11:53:45,1362207,,,,,,,,,,,,,,,,,,,,,,,,,,,,,,,,,,,,,,,,,,,,,,,,,TN
1780,68ff26df33468fe750b39f175b43b8507718ece4,0.09031657355679706,autoland,4060709,13,fd0dfc9511c4c123e048823de9954312c2b907c1,linux1804-64-shippable-qr,True,False,,|c|o|l|d| |f|i|s|s|i|o|n| |i|n|t|e|r|a|c|t|i|v|e| |w|e|b|r|e|n|d|e|r|,102210fe594ee9b33d82058545b1ed14f4c8206e,fcp,reddit-billgates-post-1.billg,True,reddit-billgates-post-1.billg fcp opt cold fission webrender,,77,ms,firefox,443799890.0,1828174222,2024-01-18 13:21:23,1362232,,,,,,,,,,,,,,,,,,,,,,,,,,,,,,,,,,,,,,,,,,,,,,,,,TN
1781,b3320921a0a66b56eb50ebd3bd8baf0ebd8d44d2,0.01000931098696467,autoland,4060709,13,fd0dfc9511c4c123e048823de9954312c2b907c1,linux1804-64-shippable-qr,True,False,,|c|o|l|d| |f|i|s|s|i|o|n| |i|n|t|e|r|a|c|t|i|v|e| |w|e|b|r|e|n|d|e|r|,102210fe594ee9b33d82058545b1ed14f4c8206e,fcp,reddit-billgates-post-1.billg,True,reddit-billgates-post-1.billg fcp opt cold fission webrender,,77,ms,firefox,443890926.0,1828599220,2024-01-18 16:01:44,1362331,,,,,,,,,,,,,,,,,,,,,,,,,,,,,,,,,,,,,,,,,,,,,,,,,TN
1782,da092d881d44f60e7c5ae33f596dcdf706117ced,0.09148044692737434,autoland,4060709,13,fd0dfc9511c4c123e048823de9954312c2b907c1,linux1804-64-shippable-qr,True,False,,|c|o|l|d| |f|i|s|s|i|o|n| |i|n|t|e|r|a|c|t|i|v|e| |w|e|b|r|e|n|d|e|r|,102210fe594ee9b33d82058545b1ed14f4c8206e,fcp,reddit-billgates-post-1.billg,True,reddit-billgates-post-1.billg fcp opt cold fission webrender,,77,ms,firefox,443890849.0,1828592284,2024-01-18 16:29:27,1362347,,,,,,,,,,,,,,,,,,,,,,,,,,,,,,,,,,,,,,,,,,,,,,,,,TN
1783,2b70f662a79773d519e78f0b8b64723a20b1e788,0.09916201117318435,autoland,4060709,13,fd0dfc9511c4c123e048823de9954312c2b907c1,linux1804-64-shippable-qr,True,False,,|c|o|l|d| |f|i|s|s|i|o|n| |i|n|t|e|r|a|c|t|i|v|e| |w|e|b|r|e|n|d|e|r|,102210fe594ee9b33d82058545b1ed14f4c8206e,fcp,reddit-billgates-post-1.billg,True,reddit-billgates-post-1.billg fcp opt cold fission webrender,,77,ms,firefox,443828812.0,1828313240,2024-01-18 17:52:02,1362427,,,,,,,,,,,,,,,,,,,,,,,,,,,,,,,,,,,,,,,,,,,,,,,,,TN
1784,ef9ad6a28dae5d4efbe723dde5068cfdde493918,0.11987895716945995,autoland,4060709,13,fd0dfc9511c4c123e048823de9954312c2b907c1,linux1804-64-shippable-qr,True,False,,|c|o|l|d| |f|i|s|s|i|o|n| |i|n|t|e|r|a|c|t|i|v|e| |w|e|b|r|e|n|d|e|r|,102210fe594ee9b33d82058545b1ed14f4c8206e,fcp,reddit-billgates-post-1.billg,True,reddit-billgates-post-1.billg fcp opt cold fission webrender,,77,ms,firefox,443871520.0,1828475775,2024-01-18 23:10:50,1362632,,,,,,,,,,,,,,,,,,,,,,,,,,,,,,,,,,,,,,,,,,,,,,,,,TN
1785,5624cd2e1525fd15b148c44ce2106fce74d6f297,0.12011173184357538,autoland,4060709,13,fd0dfc9511c4c123e048823de9954312c2b907c1,linux1804-64-shippable-qr,True,False,,|c|o|l|d| |f|i|s|s|i|o|n| |i|n|t|e|r|a|c|t|i|v|e| |w|e|b|r|e|n|d|e|r|,102210fe594ee9b33d82058545b1ed14f4c8206e,fcp,reddit-billgates-post-1.billg,True,reddit-billgates-post-1.billg fcp opt cold fission webrender,,77,ms,firefox,443873088.0,1828507285,2024-01-18 23:17:45,1362637,,,,,,,,,,,,,,,,,,,,,,,,,,,,,,,,,,,,,,,,,,,,,,,,,TN
1786,b6393478fdf670fcce10fd4334c2601561eaea5d,0.10288640595903165,autoland,4060709,13,fd0dfc9511c4c123e048823de9954312c2b907c1,linux1804-64-shippable-qr,True,False,,|c|o|l|d| |f|i|s|s|i|o|n| |i|n|t|e|r|a|c|t|i|v|e| |w|e|b|r|e|n|d|e|r|,102210fe594ee9b33d82058545b1ed14f4c8206e,fcp,reddit-billgates-post-1.billg,True,reddit-billgates-post-1.billg fcp opt cold fission webrender,,77,ms,firefox,443893622.0,1828625622,2024-01-19 04:17:47,1362724,,,,,,,,,,,,,,,,,,,,,,,,,,,,,,,,,,,,,,,,,,,,,,,,,TN
1787,99bf71eaca444aa371e7c84536a1b8aa434ef205,0.11685288640595903,autoland,4060709,13,fd0dfc9511c4c123e048823de9954312c2b907c1,linux1804-64-shippable-qr,True,False,,|c|o|l|d| |f|i|s|s|i|o|n| |i|n|t|e|r|a|c|t|i|v|e| |w|e|b|r|e|n|d|e|r|,102210fe594ee9b33d82058545b1ed14f4c8206e,fcp,reddit-billgates-post-1.billg,True,reddit-billgates-post-1.billg fcp opt cold fission webrender,,77,ms,firefox,443924983.0,1828745434,2024-01-19 10:07:40,1362807,,,,,,,,,,,,,,,,,,,,,,,,,,,,,,,,,,,,,,,,,,,,,,,,,TN
1788,7459e9088955262e4430e24661d856acc7ca8929,0.12849162011173176,autoland,4060709,13,fd0dfc9511c4c123e048823de9954312c2b907c1,linux1804-64-shippable-qr,True,False,,|c|o|l|d| |f|i|s|s|i|o|n| |i|n|t|e|r|a|c|t|i|v|e| |w|e|b|r|e|n|d|e|r|,102210fe594ee9b33d82058545b1ed14f4c8206e,fcp,reddit-billgates-post-1.billg,True,reddit-billgates-post-1.billg fcp opt cold fission webrender,,77,ms,firefox,443928891.0,1828781296,2024-01-19 10:28:03,1362814,,,,,,,,,,,,,,,,,,,,,,,,,,,,,,,,,,,,,,,,,,,,,,,,,TN
1789,4ec2b9afc62ae7c623f8c0ab5ced5f9ce44bcc0c,0.12290502793296088,autoland,4060709,13,fd0dfc9511c4c123e048823de9954312c2b907c1,linux1804-64-shippable-qr,True,False,,|c|o|l|d| |f|i|s|s|i|o|n| |i|n|t|e|r|a|c|t|i|v|e| |w|e|b|r|e|n|d|e|r|,102210fe594ee9b33d82058545b1ed14f4c8206e,fcp,reddit-billgates-post-1.billg,True,reddit-billgates-post-1.billg fcp opt cold fission webrender,,77,ms,firefox,444013213.0,1829308164,2024-01-19 13:26:37,1362882,,,,,,,,,,,,,,,,,,,,,,,,,,,,,,,,,,,,,,,,,,,,,,,,,TN
1790,3aabb457a4630b878d121ef2eb9d2f0448847a6b,0.1222067039106145,autoland,4060709,13,fd0dfc9511c4c123e048823de9954312c2b907c1,linux1804-64-shippable-qr,True,False,,|c|o|l|d| |f|i|s|s|i|o|n| |i|n|t|e|r|a|c|t|i|v|e| |w|e|b|r|e|n|d|e|r|,102210fe594ee9b33d82058545b1ed14f4c8206e,fcp,reddit-billgates-post-1.billg,True,reddit-billgates-post-1.billg fcp opt cold fission webrender,,77,ms,firefox,443957591.0,1828885999,2024-01-19 14:55:23,1362913,,,,,,,,,,,,,,,,,,,,,,,,,,,,,,,,,,,,,,,,,,,,,,,,,TN
1791,1ccd394332683308e570afe9039275d8e79be900,0.13989757914338918,autoland,4060709,13,fd0dfc9511c4c123e048823de9954312c2b907c1,linux1804-64-shippable-qr,True,False,,|c|o|l|d| |f|i|s|s|i|o|n| |i|n|t|e|r|a|c|t|i|v|e| |w|e|b|r|e|n|d|e|r|,102210fe594ee9b33d82058545b1ed14f4c8206e,fcp,reddit-billgates-post-1.billg,True,reddit-billgates-post-1.billg fcp opt cold fission webrender,,77,ms,firefox,443979873.0,1828993608,2024-01-19 19:17:59,1363113,,,,,,,,,,,,,,,,,,,,,,,,,,,,,,,,,,,,,,,,,,,,,,,,,TN
1792,6d2ef7f226a0360135c1955b8805bd41d9af41e4,0.12988826815642462,autoland,4060709,13,fd0dfc9511c4c123e048823de9954312c2b907c1,linux1804-64-shippable-qr,True,False,,|c|o|l|d| |f|i|s|s|i|o|n| |i|n|t|e|r|a|c|t|i|v|e| |w|e|b|r|e|n|d|e|r|,102210fe594ee9b33d82058545b1ed14f4c8206e,fcp,reddit-billgates-post-1.billg,True,reddit-billgates-post-1.billg fcp opt cold fission webrender,,77,ms,firefox,444004363.0,1829206091,2024-01-20 00:04:44,1363285,,,,,,,,,,,,,,,,,,,,,,,,,,,,,,,,,,,,,,,,,,,,,,,,,TN
1793,5471899cc9d0a7dfda174e9d7cfc986c2820eff8,0.14455307262569828,autoland,4060709,13,fd0dfc9511c4c123e048823de9954312c2b907c1,linux1804-64-shippable-qr,True,False,,|c|o|l|d| |f|i|s|s|i|o|n| |i|n|t|e|r|a|c|t|i|v|e| |w|e|b|r|e|n|d|e|r|,102210fe594ee9b33d82058545b1ed14f4c8206e,fcp,reddit-billgates-post-1.billg,True,reddit-billgates-post-1.billg fcp opt cold fission webrender,,77,ms,firefox,444012237.0,1829290702,2024-01-20 04:18:19,1363367,,,,,,,,,,,,,,,,,,,,,,,,,,,,,,,,,,,,,,,,,,,,,,,,,TN
1794,4f4fa003a90f9d818ecfa36474300a11af18be25,0.1184823091247672,autoland,4060709,13,fd0dfc9511c4c123e048823de9954312c2b907c1,linux1804-64-shippable-qr,True,False,,|c|o|l|d| |f|i|s|s|i|o|n| |i|n|t|e|r|a|c|t|i|v|e| |w|e|b|r|e|n|d|e|r|,102210fe594ee9b33d82058545b1ed14f4c8206e,fcp,reddit-billgates-post-1.billg,True,reddit-billgates-post-1.billg fcp opt cold fission webrender,,77,ms,firefox,444040586.0,1829480868,2024-01-21 00:59:25,1363463,,,,,,,,,,,,,,,,,,,,,,,,,,,,,,,,,,,,,,,,,,,,,,,,,TN
1795,0361c1f29babcfb2f10e1646dffe72cd452a3df4,0.12756052141527008,autoland,4060709,13,fd0dfc9511c4c123e048823de9954312c2b907c1,linux1804-64-shippable-qr,True,False,,|c|o|l|d| |f|i|s|s|i|o|n| |i|n|t|e|r|a|c|t|i|v|e| |w|e|b|r|e|n|d|e|r|,102210fe594ee9b33d82058545b1ed14f4c8206e,fcp,reddit-billgates-post-1.billg,True,reddit-billgates-post-1.billg fcp opt cold fission webrender,,77,ms,firefox,444068170.0,1829582000,2024-01-21 14:36:57,1363517,,,,,,,,,,,,,,,,,,,,,,,,,,,,,,,,,,,,,,,,,,,,,,,,,TN
1796,6b4a069fe37d2413229dda3b61ccaf7b8f3a5f5d,0.11801675977653625,autoland,4060709,13,fd0dfc9511c4c123e048823de9954312c2b907c1,linux1804-64-shippable-qr,True,False,,|c|o|l|d| |f|i|s|s|i|o|n| |i|n|t|e|r|a|c|t|i|v|e| |w|e|b|r|e|n|d|e|r|,102210fe594ee9b33d82058545b1ed14f4c8206e,fcp,reddit-billgates-post-1.billg,True,reddit-billgates-post-1.billg fcp opt cold fission webrender,,77,ms,firefox,444097733.0,1829704395,2024-01-22 07:43:27,1363663,,,,,,,,,,,,,,,,,,,,,,,,,,,,,,,,,,,,,,,,,,,,,,,,,TN
1797,f2c793f1a792004e2561484f40df1c1d0f3bce55,0.13500931098696467,autoland,4060709,13,fd0dfc9511c4c123e048823de9954312c2b907c1,linux1804-64-shippable-qr,True,False,,|c|o|l|d| |f|i|s|s|i|o|n| |i|n|t|e|r|a|c|t|i|v|e| |w|e|b|r|e|n|d|e|r|,102210fe594ee9b33d82058545b1ed14f4c8206e,fcp,reddit-billgates-post-1.billg,True,reddit-billgates-post-1.billg fcp opt cold fission webrender,,77,ms,firefox,444255881.0,1830368372,2024-01-22 09:29:20,1363693,,,,,,,,,,,,,,,,,,,,,,,,,,,,,,,,,,,,,,,,,,,,,,,,,TN
1798,4de25e9a950057c7f2f7ca5b4730c41df1d2bfe1,0.1315176908752328,autoland,4060709,13,fd0dfc9511c4c123e048823de9954312c2b907c1,linux1804-64-shippable-qr,True,False,,|c|o|l|d| |f|i|s|s|i|o|n| |i|n|t|e|r|a|c|t|i|v|e| |w|e|b|r|e|n|d|e|r|,102210fe594ee9b33d82058545b1ed14f4c8206e,fcp,reddit-billgates-post-1.billg,True,reddit-billgates-post-1.billg fcp opt cold fission webrender,,77,ms,firefox,444246474.0,1830344045,2024-01-22 09:55:26,1363706,,,,,,,,,,,,,,,,,,,,,,,,,,,,,,,,,,,,,,,,,,,,,,,,,TN
1799,095c9da9e10fc012c2e6a7d929fdcc7c03d09373,0.11871508379888274,autoland,4060709,13,fd0dfc9511c4c123e048823de9954312c2b907c1,linux1804-64-shippable-qr,True,False,,|c|o|l|d| |f|i|s|s|i|o|n| |i|n|t|e|r|a|c|t|i|v|e| |w|e|b|r|e|n|d|e|r|,102210fe594ee9b33d82058545b1ed14f4c8206e,fcp,reddit-billgates-post-1.billg,True,reddit-billgates-post-1.billg fcp opt cold fission webrender,,77,ms,firefox,444122077.0,1829780975,2024-01-22 10:58:56,1363731,,,,,,,,,,,,,,,,,,,,,,,,,,,,,,,,,,,,,,,,,,,,,,,,,TN
1800,58cedc1e4ff28881f9ebd1749feaa24edbded9ce,0.10451582867783982,autoland,4060709,13,fd0dfc9511c4c123e048823de9954312c2b907c1,linux1804-64-shippable-qr,True,False,,|c|o|l|d| |f|i|s|s|i|o|n| |i|n|t|e|r|a|c|t|i|v|e| |w|e|b|r|e|n|d|e|r|,102210fe594ee9b33d82058545b1ed14f4c8206e,fcp,reddit-billgates-post-1.billg,True,reddit-billgates-post-1.billg fcp opt cold fission webrender,,77,ms,firefox,444162499.0,1829938948,2024-01-22 15:24:53,1363894,,,,,,,,,,,,,,,,,,,,,,,,,,,,,,,,,,,,,,,,,,,,,,,,,TN
1801,82dfbdd770bc54674f82bae256dae683772884af,0.11731843575418999,autoland,4060709,13,fd0dfc9511c4c123e048823de9954312c2b907c1,linux1804-64-shippable-qr,True,False,,|c|o|l|d| |f|i|s|s|i|o|n| |i|n|t|e|r|a|c|t|i|v|e| |w|e|b|r|e|n|d|e|r|,102210fe594ee9b33d82058545b1ed14f4c8206e,fcp,reddit-billgates-post-1.billg,True,reddit-billgates-post-1.billg fcp opt cold fission webrender,,77,ms,firefox,444167712.0,1830029244,2024-01-22 15:55:20,1363920,,,,,,,,,,,,,,,,,,,,,,,,,,,,,,,,,,,,,,,,,,,,,,,,,TN
1802,ef71d190cd57de7a178f312b29fc104e6e3e98d4,0.14594972067039103,autoland,4060709,13,fd0dfc9511c4c123e048823de9954312c2b907c1,linux1804-64-shippable-qr,True,False,,|c|o|l|d| |f|i|s|s|i|o|n| |i|n|t|e|r|a|c|t|i|v|e| |w|e|b|r|e|n|d|e|r|,102210fe594ee9b33d82058545b1ed14f4c8206e,fcp,reddit-billgates-post-1.billg,True,reddit-billgates-post-1.billg fcp opt cold fission webrender,,77,ms,firefox,444197956.0,1830088970,2024-01-22 18:55:34,1364078,,,,,,,,,,,,,,,,,,,,,,,,,,,,,,,,,,,,,,,,,,,,,,,,,TN
1803,06bafd5cf7f34e757edddf2def6a98003c6b1643,0.1089385474860336,autoland,4060709,13,fd0dfc9511c4c123e048823de9954312c2b907c1,linux1804-64-shippable-qr,True,False,,|c|o|l|d| |f|i|s|s|i|o|n| |i|n|t|e|r|a|c|t|i|v|e| |w|e|b|r|e|n|d|e|r|,102210fe594ee9b33d82058545b1ed14f4c8206e,fcp,reddit-billgates-post-1.billg,True,reddit-billgates-post-1.billg fcp opt cold fission webrender,,77,ms,firefox,444240741.0,1830274944,2024-01-22 22:04:08,1364244,,,,,,,,,,,,,,,,,,,,,,,,,,,,,,,,,,,,,,,,,,,,,,,,,TN
1804,43fa5aa71c8c00288a4fe686f0e4bf72e2f5f28d,0.1494413407821229,autoland,4060709,13,fd0dfc9511c4c123e048823de9954312c2b907c1,linux1804-64-shippable-qr,True,False,,|c|o|l|d| |f|i|s|s|i|o|n| |i|n|t|e|r|a|c|t|i|v|e| |w|e|b|r|e|n|d|e|r|,102210fe594ee9b33d82058545b1ed14f4c8206e,fcp,reddit-billgates-post-1.billg,True,reddit-billgates-post-1.billg fcp opt cold fission webrender,,77,ms,firefox,444244587.0,1830304710,2024-01-23 00:22:14,1364332,,,,,,,,,,,,,,,,,,,,,,,,,,,,,,,,,,,,,,,,,,,,,,,,,TN
1805,fcdb6404eb0234c50bf85922bacad525da6851d5,0.13454376163873372,autoland,4060709,13,fd0dfc9511c4c123e048823de9954312c2b907c1,linux1804-64-shippable-qr,True,False,,|c|o|l|d| |f|i|s|s|i|o|n| |i|n|t|e|r|a|c|t|i|v|e| |w|e|b|r|e|n|d|e|r|,102210fe594ee9b33d82058545b1ed14f4c8206e,fcp,reddit-billgates-post-1.billg,True,reddit-billgates-post-1.billg fcp opt cold fission webrender,,77,ms,firefox,444259874.0,1830394602,2024-01-23 05:54:31,1364408,,,,,,,,,,,,,,,,,,,,,,,,,,,,,,,,,,,,,,,,,,,,,,,,,TN
1806,296f1b67a4750aa2166832b5b9d8ba0eee6fe635,0.13570763500931105,autoland,4060709,13,fd0dfc9511c4c123e048823de9954312c2b907c1,linux1804-64-shippable-qr,True,False,,|c|o|l|d| |f|i|s|s|i|o|n| |i|n|t|e|r|a|c|t|i|v|e| |w|e|b|r|e|n|d|e|r|,102210fe594ee9b33d82058545b1ed14f4c8206e,fcp,reddit-billgates-post-1.billg,True,reddit-billgates-post-1.billg fcp opt cold fission webrender,,77,ms,firefox,444307652.0,1830589169,2024-01-23 14:14:29,1364570,,,,,,,,,,,,,,,,,,,,,,,,,,,,,,,,,,,,,,,,,,,,,,,,,TN
1807,f3efca74da0f43269bd8ac07e2a5d27e89c4d7c3,0.14245810055865915,autoland,4060709,13,fd0dfc9511c4c123e048823de9954312c2b907c1,linux1804-64-shippable-qr,True,False,,|c|o|l|d| |f|i|s|s|i|o|n| |i|n|t|e|r|a|c|t|i|v|e| |w|e|b|r|e|n|d|e|r|,102210fe594ee9b33d82058545b1ed14f4c8206e,fcp,reddit-billgates-post-1.billg,True,reddit-billgates-post-1.billg fcp opt cold fission webrender,,77,ms,firefox,444329350.0,1830759698,2024-01-23 14:50:16,1364607,,,,,,,,,,,,,,,,,,,,,,,,,,,,,,,,,,,,,,,,,,,,,,,,,TN
1808,cd7ab7cab97da5debfab77a966f3a8522c3dd916,0.13756983240223464,autoland,4060709,13,fd0dfc9511c4c123e048823de9954312c2b907c1,linux1804-64-shippable-qr,True,False,,|c|o|l|d| |f|i|s|s|i|o|n| |i|n|t|e|r|a|c|t|i|v|e| |w|e|b|r|e|n|d|e|r|,102210fe594ee9b33d82058545b1ed14f4c8206e,fcp,reddit-billgates-post-1.billg,True,reddit-billgates-post-1.billg fcp opt cold fission webrender,,77,ms,firefox,444393270.0,1831086032,2024-01-23 15:33:06,1364661,,,,,,,,,,,,,,,,,,,,,,,,,,,,,,,,,,,,,,,,,,,,,,,,,TN
1809,c46a7cea75e6f516fea201de317fd0ebc3c20de2,0.1333798882681565,autoland,4060709,13,fd0dfc9511c4c123e048823de9954312c2b907c1,linux1804-64-shippable-qr,True,False,,|c|o|l|d| |f|i|s|s|i|o|n| |i|n|t|e|r|a|c|t|i|v|e| |w|e|b|r|e|n|d|e|r|,102210fe594ee9b33d82058545b1ed14f4c8206e,fcp,reddit-billgates-post-1.billg,True,reddit-billgates-post-1.billg fcp opt cold fission webrender,,77,ms,firefox,444391641.0,1831078541,2024-01-23 15:33:54,1364664,,,,,,,,,,,,,,,,,,,,,,,,,,,,,,,,,,,,,,,,,,,,,,,,,TN
1810,936300bf2ee78e086143fb3718e2c0af755385b0,0.13221601489757917,autoland,4060709,13,fd0dfc9511c4c123e048823de9954312c2b907c1,linux1804-64-shippable-qr,True,False,,|c|o|l|d| |f|i|s|s|i|o|n| |i|n|t|e|r|a|c|t|i|v|e| |w|e|b|r|e|n|d|e|r|,102210fe594ee9b33d82058545b1ed14f4c8206e,fcp,reddit-billgates-post-1.billg,True,reddit-billgates-post-1.billg fcp opt cold fission webrender,,77,ms,firefox,444325064.0,1830698795,2024-01-23 16:09:55,1364702,,,,,,,,,,,,,,,,,,,,,,,,,,,,,,,,,,,,,,,,,,,,,,,,,TN
1811,ec71bc6778c4bdb9b4a93283fc0a3d3f302eb89e,0.10358472998137802,autoland,4060709,13,fd0dfc9511c4c123e048823de9954312c2b907c1,linux1804-64-shippable-qr,True,False,,|c|o|l|d| |f|i|s|s|i|o|n| |i|n|t|e|r|a|c|t|i|v|e| |w|e|b|r|e|n|d|e|r|,102210fe594ee9b33d82058545b1ed14f4c8206e,fcp,reddit-billgates-post-1.billg,True,reddit-billgates-post-1.billg fcp opt cold fission webrender,,77,ms,firefox,444341816.0,1830835620,2024-01-23 19:03:54,1364834,,,,,,,,,,,,,,,,,,,,,,,,,,,,,,,,,,,,,,,,,,,,,,,,,TN
1812,25e5c4ea04b149ffa31cda5c4d75559df5369612,0.11755121042830541,autoland,4060709,13,fd0dfc9511c4c123e048823de9954312c2b907c1,linux1804-64-shippable-qr,True,False,,|c|o|l|d| |f|i|s|s|i|o|n| |i|n|t|e|r|a|c|t|i|v|e| |w|e|b|r|e|n|d|e|r|,102210fe594ee9b33d82058545b1ed14f4c8206e,fcp,reddit-billgates-post-1.billg,True,reddit-billgates-post-1.billg fcp opt cold fission webrender,,77,ms,firefox,444372351.0,1830995623,2024-01-23 22:21:15,1365024,,,,,,,,,,,,,,,,,,,,,,,,,,,,,,,,,,,,,,,,,,,,,,,,,TN
1813,9d584197c87fdcf2d80ad4dd2989ead88349b0c8,0.15526070763500932,autoland,4060709,13,fd0dfc9511c4c123e048823de9954312c2b907c1,linux1804-64-shippable-qr,True,False,,|c|o|l|d| |f|i|s|s|i|o|n| |i|n|t|e|r|a|c|t|i|v|e| |w|e|b|r|e|n|d|e|r|,102210fe594ee9b33d82058545b1ed14f4c8206e,fcp,reddit-billgates-post-1.billg,True,reddit-billgates-post-1.billg fcp opt cold fission webrender,,77,ms,firefox,444546256.0,1831803013,2024-01-24 01:36:46,1365186,,,,,,,,,,,,,,,,,,,,,,,,,,,,,,,,,,,,,,,,,,,,,,,,,TN
1814,a0389da68b91e5a92b02ccd9e65991bffb5d5771,0.13756983240223464,autoland,4060709,13,fd0dfc9511c4c123e048823de9954312c2b907c1,linux1804-64-shippable-qr,True,False,,|c|o|l|d| |f|i|s|s|i|o|n| |i|n|t|e|r|a|c|t|i|v|e| |w|e|b|r|e|n|d|e|r|,102210fe594ee9b33d82058545b1ed14f4c8206e,fcp,reddit-billgates-post-1.billg,True,reddit-billgates-post-1.billg fcp opt cold fission webrender,,77,ms,firefox,444388984.0,1831050932,2024-01-24 02:38:58,1365197,,,,,,,,,,,,,,,,,,,,,,,,,,,,,,,,,,,,,,,,,,,,,,,,,TN
1815,eed6f8e8fe3af01f49be74cc1be72d51e5a0933f,0.11638733705772808,autoland,4060709,13,fd0dfc9511c4c123e048823de9954312c2b907c1,linux1804-64-shippable-qr,True,False,,|c|o|l|d| |f|i|s|s|i|o|n| |i|n|t|e|r|a|c|t|i|v|e| |w|e|b|r|e|n|d|e|r|,102210fe594ee9b33d82058545b1ed14f4c8206e,fcp,reddit-billgates-post-1.billg,True,reddit-billgates-post-1.billg fcp opt cold fission webrender,,77,ms,firefox,444405110.0,1831142120,2024-01-24 06:43:12,1365260,,,,,,,,,,,,,,,,,,,,,,,,,,,,,,,,,,,,,,,,,,,,,,,,,TN
1816,7079db6b8da9081aee6b0ce96b68f368efec3277,0.1287243947858473,autoland,4060709,13,fd0dfc9511c4c123e048823de9954312c2b907c1,linux1804-64-shippable-qr,True,False,,|c|o|l|d| |f|i|s|s|i|o|n| |i|n|t|e|r|a|c|t|i|v|e| |w|e|b|r|e|n|d|e|r|,102210fe594ee9b33d82058545b1ed14f4c8206e,fcp,reddit-billgates-post-1.billg,True,reddit-billgates-post-1.billg fcp opt cold fission webrender,,77,ms,firefox,444408291.0,1831165960,2024-01-24 06:57:11,1365262,,,,,,,,,,,,,,,,,,,,,,,,,,,,,,,,,,,,,,,,,,,,,,,,,TN
1817,ce20634f32a1b78384fbbc028b4f86266056e7fb,0.14967411545623843,autoland,4060709,13,fd0dfc9511c4c123e048823de9954312c2b907c1,linux1804-64-shippable-qr,True,False,,|c|o|l|d| |f|i|s|s|i|o|n| |i|n|t|e|r|a|c|t|i|v|e| |w|e|b|r|e|n|d|e|r|,102210fe594ee9b33d82058545b1ed14f4c8206e,fcp,reddit-billgates-post-1.billg,True,reddit-billgates-post-1.billg fcp opt cold fission webrender,,77,ms,firefox,444452807.0,1831353103,2024-01-24 11:40:35,1365369,,,,,,,,,,,,,,,,,,,,,,,,,,,,,,,,,,,,,,,,,,,,,,,,,TN
1818,be8632f7e7d18102bb10385103f6cef2a0615b03,0.12639664804469275,autoland,4060709,13,fd0dfc9511c4c123e048823de9954312c2b907c1,linux1804-64-shippable-qr,True,False,,|c|o|l|d| |f|i|s|s|i|o|n| |i|n|t|e|r|a|c|t|i|v|e| |w|e|b|r|e|n|d|e|r|,102210fe594ee9b33d82058545b1ed14f4c8206e,fcp,reddit-billgates-post-1.billg,True,reddit-billgates-post-1.billg fcp opt cold fission webrender,,77,ms,firefox,444548335.0,1831831545,2024-01-24 13:36:01,1365437,,,,,,,,,,,,,,,,,,,,,,,,,,,,,,,,,,,,,,,,,,,,,,,,,TN
1819,848327e627b55c5a1265d68591ecf4c756ce58e5,0.13291433891992555,autoland,4060709,13,fd0dfc9511c4c123e048823de9954312c2b907c1,linux1804-64-shippable-qr,True,False,,|c|o|l|d| |f|i|s|s|i|o|n| |i|n|t|e|r|a|c|t|i|v|e| |w|e|b|r|e|n|d|e|r|,102210fe594ee9b33d82058545b1ed14f4c8206e,fcp,reddit-billgates-post-1.billg,True,reddit-billgates-post-1.billg fcp opt cold fission webrender,,77,ms,firefox,444620208.0,1832175607,2024-01-24 14:06:56,1365454,,,,,,,,,,,,,,,,,,,,,,,,,,,,,,,,,,,,,,,,,,,,,,,,,TN
1820,150dd33322ea6d34c4829f8e67efe7e37be8c48e,0.11964618249534453,autoland,4060709,13,fd0dfc9511c4c123e048823de9954312c2b907c1,linux1804-64-shippable-qr,True,False,,|c|o|l|d| |f|i|s|s|i|o|n| |i|n|t|e|r|a|c|t|i|v|e| |w|e|b|r|e|n|d|e|r|,102210fe594ee9b33d82058545b1ed14f4c8206e,fcp,reddit-billgates-post-1.billg,True,reddit-billgates-post-1.billg fcp opt cold fission webrender,,77,ms,firefox,444486475.0,1831498803,2024-01-24 16:03:05,1365533,,,,,,,,,,,,,,,,,,,,,,,,,,,,,,,,,,,,,,,,,,,,,,,,,TN
1821,e22428605dbb49942204564b03db80f474ea35ba,0.1240689013035382,autoland,4060709,13,fd0dfc9511c4c123e048823de9954312c2b907c1,linux1804-64-shippable-qr,True,False,,|c|o|l|d| |f|i|s|s|i|o|n| |i|n|t|e|r|a|c|t|i|v|e| |w|e|b|r|e|n|d|e|r|,102210fe594ee9b33d82058545b1ed14f4c8206e,fcp,reddit-billgates-post-1.billg,True,reddit-billgates-post-1.billg fcp opt cold fission webrender,,77,ms,firefox,444503717.0,1831580982,2024-01-24 18:01:21,1365677,,,,,,,,,,,,,,,,,,,,,,,,,,,,,,,,,,,,,,,,,,,,,,,,,TN
1822,c0289f78466cf0bf8a6871ef3417c180aab77e07,0.11149906890130357,autoland,4060709,13,fd0dfc9511c4c123e048823de9954312c2b907c1,linux1804-64-shippable-qr,True,False,,|c|o|l|d| |f|i|s|s|i|o|n| |i|n|t|e|r|a|c|t|i|v|e| |w|e|b|r|e|n|d|e|r|,102210fe594ee9b33d82058545b1ed14f4c8206e,fcp,reddit-billgates-post-1.billg,True,reddit-billgates-post-1.billg fcp opt cold fission webrender,,77,ms,firefox,444568572.0,1831909532,2024-01-25 07:56:38,1366087,,,,,,,,,,,,,,,,,,,,,,,,,,,,,,,,,,,,,,,,,,,,,,,,,TN
1823,34f197ce93a24d93523617eba67ecee2e990c37c,0.1391992551210428,autoland,4060709,13,fd0dfc9511c4c123e048823de9954312c2b907c1,linux1804-64-shippable-qr,True,False,,|c|o|l|d| |f|i|s|s|i|o|n| |i|n|t|e|r|a|c|t|i|v|e| |w|e|b|r|e|n|d|e|r|,102210fe594ee9b33d82058545b1ed14f4c8206e,fcp,reddit-billgates-post-1.billg,True,reddit-billgates-post-1.billg fcp opt cold fission webrender,,77,ms,firefox,444618884.0,1832149254,2024-01-25 15:26:29,1366326,,,,,,,,,,,,,,,,,,,,,,,,,,,,,,,,,,,,,,,,,,,,,,,,,TN
1824,a412d893c38f632f34b44a9c5b3fd8cc30bb87be,0.11126629422718814,autoland,4060709,13,fd0dfc9511c4c123e048823de9954312c2b907c1,linux1804-64-shippable-qr,True,False,,|c|o|l|d| |f|i|s|s|i|o|n| |i|n|t|e|r|a|c|t|i|v|e| |w|e|b|r|e|n|d|e|r|,102210fe594ee9b33d82058545b1ed14f4c8206e,fcp,reddit-billgates-post-1.billg,True,reddit-billgates-post-1.billg fcp opt cold fission webrender,,77,ms,firefox,444688092.0,1832510191,2024-01-26 03:41:27,1366751,,,,,,,,,,,,,,,,,,,,,,,,,,,,,,,,,,,,,,,,,,,,,,,,,TN
1825,18f5823716e4c35d7c899d2ce4be7fcd66cab9d0,0.11592178770949724,autoland,4060709,13,fd0dfc9511c4c123e048823de9954312c2b907c1,linux1804-64-shippable-qr,True,False,,|c|o|l|d| |f|i|s|s|i|o|n| |i|n|t|e|r|a|c|t|i|v|e| |w|e|b|r|e|n|d|e|r|,102210fe594ee9b33d82058545b1ed14f4c8206e,fcp,reddit-billgates-post-1.billg,True,reddit-billgates-post-1.billg fcp opt cold fission webrender,,77,ms,firefox,444791115.0,1832988795,2024-01-26 11:04:34,1366921,,,,,,,,,,,,,,,,,,,,,,,,,,,,,,,,,,,,,,,,,,,,,,,,,TN
1826,19005661ad786853d186a7d3434e6c290bccaa95,0.11173184357541899,autoland,4060709,13,fd0dfc9511c4c123e048823de9954312c2b907c1,linux1804-64-shippable-qr,True,False,,|c|o|l|d| |f|i|s|s|i|o|n| |i|n|t|e|r|a|c|t|i|v|e| |w|e|b|r|e|n|d|e|r|,102210fe594ee9b33d82058545b1ed14f4c8206e,fcp,reddit-billgates-post-1.billg,True,reddit-billgates-post-1.billg fcp opt cold fission webrender,,77,ms,firefox,444785283.0,1832941906,2024-01-26 15:49:43,1367044,,,,,,,,,,,,,,,,,,,,,,,,,,,,,,,,,,,,,,,,,,,,,,,,,TN
1827,4641c3dcf0c3cfbdc8976f2fcc6898107149e19e,0.10730912476722532,autoland,4060709,13,fd0dfc9511c4c123e048823de9954312c2b907c1,linux1804-64-shippable-qr,True,False,,|c|o|l|d| |f|i|s|s|i|o|n| |i|n|t|e|r|a|c|t|i|v|e| |w|e|b|r|e|n|d|e|r|,102210fe594ee9b33d82058545b1ed14f4c8206e,fcp,reddit-billgates-post-1.billg,True,reddit-billgates-post-1.billg fcp opt cold fission webrender,,77,ms,firefox,444784997.0,1832935130,2024-01-26 15:52:38,1367050,,,,,,,,,,,,,,,,,,,,,,,,,,,,,,,,,,,,,,,,,,,,,,,,,TN
1828,38fb47dac16804e3d5c8211277f084198e43de88,0.14129422718808193,autoland,4060709,13,fd0dfc9511c4c123e048823de9954312c2b907c1,linux1804-64-shippable-qr,True,False,,|c|o|l|d| |f|i|s|s|i|o|n| |i|n|t|e|r|a|c|t|i|v|e| |w|e|b|r|e|n|d|e|r|,102210fe594ee9b33d82058545b1ed14f4c8206e,fcp,reddit-billgates-post-1.billg,True,reddit-billgates-post-1.billg fcp opt cold fission webrender,,77,ms,firefox,444810844.0,1833091329,2024-01-26 20:02:47,1367207,,,,,,,,,,,,,,,,,,,,,,,,,,,,,,,,,,,,,,,,,,,,,,,,,TN
1829,ac4906fa040ce76ad5ea8f73caf83045f291b613,0.12337057728119183,autoland,4060709,13,fd0dfc9511c4c123e048823de9954312c2b907c1,linux1804-64-shippable-qr,True,False,,|c|o|l|d| |f|i|s|s|i|o|n| |i|n|t|e|r|a|c|t|i|v|e| |w|e|b|r|e|n|d|e|r|,102210fe594ee9b33d82058545b1ed14f4c8206e,fcp,reddit-billgates-post-1.billg,True,reddit-billgates-post-1.billg fcp opt cold fission webrender,,77,ms,firefox,444816623.0,1833141018,2024-01-26 20:05:08,1367213,,,,,,,,,,,,,,,,,,,,,,,,,,,,,,,,,,,,,,,,,,,,,,,,,TN
1830,99babcb9f349f4d91fe26290269d9d25fc1bbd04,0.12895716945996272,autoland,4060709,13,fd0dfc9511c4c123e048823de9954312c2b907c1,linux1804-64-shippable-qr,True,False,,|c|o|l|d| |f|i|s|s|i|o|n| |i|n|t|e|r|a|c|t|i|v|e| |w|e|b|r|e|n|d|e|r|,102210fe594ee9b33d82058545b1ed14f4c8206e,fcp,reddit-billgates-post-1.billg,True,reddit-billgates-post-1.billg fcp opt cold fission webrender,,77,ms,firefox,444834927.0,1833226242,2024-01-27 00:32:58,1367362,,,,,,,,,,,,,,,,,,,,,,,,,,,,,,,,,,,,,,,,,,,,,,,,,TN
1831,1e79d9e65ec0577bb7d698c86edc6f35b4f92ce8,0.1364059590316573,autoland,4060709,13,fd0dfc9511c4c123e048823de9954312c2b907c1,linux1804-64-shippable-qr,True,False,,|c|o|l|d| |f|i|s|s|i|o|n| |i|n|t|e|r|a|c|t|i|v|e| |w|e|b|r|e|n|d|e|r|,102210fe594ee9b33d82058545b1ed14f4c8206e,fcp,reddit-billgates-post-1.billg,True,reddit-billgates-post-1.billg fcp opt cold fission webrender,,77,ms,firefox,444846396.0,1833387075,2024-01-27 06:05:38,1367422,,,,,,,,,,,,,,,,,,,,,,,,,,,,,,,,,,,,,,,,,,,,,,,,,TN
1832,09a1abcfcfb73aa1ae9781d2816102729c0f82a6,0.11149906890130357,autoland,4060709,13,fd0dfc9511c4c123e048823de9954312c2b907c1,linux1804-64-shippable-qr,True,False,,|c|o|l|d| |f|i|s|s|i|o|n| |i|n|t|e|r|a|c|t|i|v|e| |w|e|b|r|e|n|d|e|r|,102210fe594ee9b33d82058545b1ed14f4c8206e,fcp,reddit-billgates-post-1.billg,True,reddit-billgates-post-1.billg fcp opt cold fission webrender,,77,ms,firefox,444879313.0,1833585885,2024-01-27 14:01:44,1367473,,,,,,,,,,,,,,,,,,,,,,,,,,,,,,,,,,,,,,,,,,,,,,,,,TN
1833,2e376c0d1662606cf6811ab3ff138b784d465291,0.10521415270018619,autoland,4060709,13,fd0dfc9511c4c123e048823de9954312c2b907c1,linux1804-64-shippable-qr,True,False,,|c|o|l|d| |f|i|s|s|i|o|n| |i|n|t|e|r|a|c|t|i|v|e| |w|e|b|r|e|n|d|e|r|,102210fe594ee9b33d82058545b1ed14f4c8206e,fcp,reddit-billgates-post-1.billg,True,reddit-billgates-post-1.billg fcp opt cold fission webrender,,77,ms,firefox,444948071.0,1833996707,2024-01-28 01:17:56,1367530,,,,,,,,,,,,,,,,,,,,,,,,,,,,,,,,,,,,,,,,,,,,,,,,,TN
1834,0f372a16b1e1e959f46701e4210f6a6eaf4e40ec,0.13035381750465547,autoland,4060709,13,fd0dfc9511c4c123e048823de9954312c2b907c1,linux1804-64-shippable-qr,True,False,,|c|o|l|d| |f|i|s|s|i|o|n| |i|n|t|e|r|a|c|t|i|v|e| |w|e|b|r|e|n|d|e|r|,102210fe594ee9b33d82058545b1ed14f4c8206e,fcp,reddit-billgates-post-1.billg,True,reddit-billgates-post-1.billg fcp opt cold fission webrender,,77,ms,firefox,444904572.0,1833756494,2024-01-28 06:00:30,1367545,,,,,,,,,,,,,,,,,,,,,,,,,,,,,,,,,,,,,,,,,,,,,,,,,TN
1835,9b32d8116833ab08f4e3f0b18c12587ac1f9360b,0.11731843575418999,autoland,4060709,13,fd0dfc9511c4c123e048823de9954312c2b907c1,linux1804-64-shippable-qr,True,False,,|c|o|l|d| |f|i|s|s|i|o|n| |i|n|t|e|r|a|c|t|i|v|e| |w|e|b|r|e|n|d|e|r|,102210fe594ee9b33d82058545b1ed14f4c8206e,fcp,reddit-billgates-post-1.billg,True,reddit-billgates-post-1.billg fcp opt cold fission webrender,,77,ms,firefox,444948387.0,1833996966,2024-01-28 10:01:02,1367556,,,,,,,,,,,,,,,,,,,,,,,,,,,,,,,,,,,,,,,,,,,,,,,,,TN
1836,13780f5cb2f5d698f35a23f2fafa1593ef7affe9,0.1033519553072626,autoland,4060709,13,fd0dfc9511c4c123e048823de9954312c2b907c1,linux1804-64-shippable-qr,True,False,,|c|o|l|d| |f|i|s|s|i|o|n| |i|n|t|e|r|a|c|t|i|v|e| |w|e|b|r|e|n|d|e|r|,102210fe594ee9b33d82058545b1ed14f4c8206e,fcp,reddit-billgates-post-1.billg,True,reddit-billgates-post-1.billg fcp opt cold fission webrender,,77,ms,firefox,444946059.0,1833968977,2024-01-28 14:31:15,1367584,,,,,,,,,,,,,,,,,,,,,,,,,,,,,,,,,,,,,,,,,,,,,,,,,TN
1837,852acff05fb8be21502af8fc12cceeb2baa70dd7,0.11592178770949724,autoland,4060709,13,fd0dfc9511c4c123e048823de9954312c2b907c1,linux1804-64-shippable-qr,True,False,,|c|o|l|d| |f|i|s|s|i|o|n| |i|n|t|e|r|a|c|t|i|v|e| |w|e|b|r|e|n|d|e|r|,102210fe594ee9b33d82058545b1ed14f4c8206e,fcp,reddit-billgates-post-1.billg,True,reddit-billgates-post-1.billg fcp opt cold fission webrender,,77,ms,firefox,444970159.0,1834102621,2024-01-29 01:40:26,1367631,,,,,,,,,,,,,,,,,,,,,,,,,,,,,,,,,,,,,,,,,,,,,,,,,TN
1838,fce9e73861891da48d1a0b85240491fa3e042f8b,0.12476722532588458,autoland,4060709,13,fd0dfc9511c4c123e048823de9954312c2b907c1,linux1804-64-shippable-qr,True,False,,|c|o|l|d| |f|i|s|s|i|o|n| |i|n|t|e|r|a|c|t|i|v|e| |w|e|b|r|e|n|d|e|r|,102210fe594ee9b33d82058545b1ed14f4c8206e,fcp,reddit-billgates-post-1.billg,True,reddit-billgates-post-1.billg fcp opt cold fission webrender,,77,ms,firefox,445008187.0,1834277982,2024-01-29 10:50:01,1367743,,,,,,,,,,,,,,,,,,,,,,,,,,,,,,,,,,,,,,,,,,,,,,,,,TN
1839,97de3c8a7931e01c1a1c1cf6ac90a580607b77c9,0.11056797020484177,autoland,4060709,13,fd0dfc9511c4c123e048823de9954312c2b907c1,linux1804-64-shippable-qr,True,False,,|c|o|l|d| |f|i|s|s|i|o|n| |i|n|t|e|r|a|c|t|i|v|e| |w|e|b|r|e|n|d|e|r|,102210fe594ee9b33d82058545b1ed14f4c8206e,fcp,reddit-billgates-post-1.billg,True,reddit-billgates-post-1.billg fcp opt cold fission webrender,,77,ms,firefox,445062278.0,1834518916,2024-01-29 14:53:09,1367876,,,,,,,,,,,,,,,,,,,,,,,,,,,,,,,,,,,,,,,,,,,,,,,,,TN
1840,8e91f5176c0f6e1689a893ed34d5046dbbd1122e,0.11033519553072624,autoland,4060709,13,fd0dfc9511c4c123e048823de9954312c2b907c1,linux1804-64-shippable-qr,True,False,,|c|o|l|d| |f|i|s|s|i|o|n| |i|n|t|e|r|a|c|t|i|v|e| |w|e|b|r|e|n|d|e|r|,102210fe594ee9b33d82058545b1ed14f4c8206e,fcp,reddit-billgates-post-1.billg,True,reddit-billgates-post-1.billg fcp opt cold fission webrender,,77,ms,firefox,445044071.0,1834416912,2024-01-29 14:59:33,1367883,,,,,,,,,,,,,,,,,,,,,,,,,,,,,,,,,,,,,,,,,,,,,,,,,TN
1841,8913eab3409d19e1cf1a2c19f256256c293b3154,0.13128491620111737,autoland,4060709,13,fd0dfc9511c4c123e048823de9954312c2b907c1,linux1804-64-shippable-qr,True,False,,|c|o|l|d| |f|i|s|s|i|o|n| |i|n|t|e|r|a|c|t|i|v|e| |w|e|b|r|e|n|d|e|r|,102210fe594ee9b33d82058545b1ed14f4c8206e,fcp,reddit-billgates-post-1.billg,True,reddit-billgates-post-1.billg fcp opt cold fission webrender,,77,ms,firefox,445073943.0,1834552921,2024-01-29 17:46:45,1368035,,,,,,,,,,,,,,,,,,,,,,,,,,,,,,,,,,,,,,,,,,,,,,,,,TN
1842,57a27d8b6d2a7f1f5c1ec710e4a09422fb9c05e1,0.12662942271880817,autoland,4060709,13,fd0dfc9511c4c123e048823de9954312c2b907c1,linux1804-64-shippable-qr,True,False,,|c|o|l|d| |f|i|s|s|i|o|n| |i|n|t|e|r|a|c|t|i|v|e| |w|e|b|r|e|n|d|e|r|,102210fe594ee9b33d82058545b1ed14f4c8206e,fcp,reddit-billgates-post-1.billg,True,reddit-billgates-post-1.billg fcp opt cold fission webrender,,77,ms,firefox,445099357.0,1834669290,2024-01-29 21:21:15,1368229,,,,,,,,,,,,,,,,,,,,,,,,,,,,,,,,,,,,,,,,,,,,,,,,,TN
1843,b762b1918611946f2efce40512efc3b9e5dffeb4,0.09520484171322163,autoland,4060709,13,fd0dfc9511c4c123e048823de9954312c2b907c1,linux1804-64-shippable-qr,True,False,,|c|o|l|d| |f|i|s|s|i|o|n| |i|n|t|e|r|a|c|t|i|v|e| |w|e|b|r|e|n|d|e|r|,102210fe594ee9b33d82058545b1ed14f4c8206e,fcp,reddit-billgates-post-1.billg,True,reddit-billgates-post-1.billg fcp opt cold fission webrender,,77,ms,firefox,445124112.0,1834780242,2024-01-29 23:10:28,1368268,,,,,,,,,,,,,,,,,,,,,,,,,,,,,,,,,,,,,,,,,,,,,,,,,TN
1844,cf44126862404cba2f62cb4052b457b4a17052c2,0.1324487895716946,autoland,4060709,13,fd0dfc9511c4c123e048823de9954312c2b907c1,linux1804-64-shippable-qr,True,False,,|c|o|l|d| |f|i|s|s|i|o|n| |i|n|t|e|r|a|c|t|i|v|e| |w|e|b|r|e|n|d|e|r|,102210fe594ee9b33d82058545b1ed14f4c8206e,fcp,reddit-billgates-post-1.billg,True,reddit-billgates-post-1.billg fcp opt cold fission webrender,,77,ms,firefox,445127144.0,1834827130,2024-01-29 23:11:10,1368269,,,,,,,,,,,,,,,,,,,,,,,,,,,,,,,,,,,,,,,,,,,,,,,,,TN
1845,265910d5bfe79cc856e1c18d9e403fed38ee5a79,0.11126629422718814,autoland,4060709,13,fd0dfc9511c4c123e048823de9954312c2b907c1,linux1804-64-shippable-qr,True,False,,|c|o|l|d| |f|i|s|s|i|o|n| |i|n|t|e|r|a|c|t|i|v|e| |w|e|b|r|e|n|d|e|r|,102210fe594ee9b33d82058545b1ed14f4c8206e,fcp,reddit-billgates-post-1.billg,True,reddit-billgates-post-1.billg fcp opt cold fission webrender,,77,ms,firefox,445115270.0,1834753389,2024-01-30 01:21:53,1368286,,,,,,,,,,,,,,,,,,,,,,,,,,,,,,,,,,,,,,,,,,,,,,,,,TN
1846,ab57d25172caf6ccb530b4064f03630a54325d5d,0.12267225325884545,autoland,4060709,13,fd0dfc9511c4c123e048823de9954312c2b907c1,linux1804-64-shippable-qr,True,False,,|c|o|l|d| |f|i|s|s|i|o|n| |i|n|t|e|r|a|c|t|i|v|e| |w|e|b|r|e|n|d|e|r|,102210fe594ee9b33d82058545b1ed14f4c8206e,fcp,reddit-billgates-post-1.billg,True,reddit-billgates-post-1.billg fcp opt cold fission webrender,,77,ms,firefox,445291290.0,1835796989,2024-01-30 02:38:36,1368358,,,,,,,,,,,,,,,,,,,,,,,,,,,,,,,,,,,,,,,,,,,,,,,,,TN
1847,5d6eda16e0084bfea54586bd3a7cecf7c6a2c86b,0.11033519553072624,autoland,4060709,13,fd0dfc9511c4c123e048823de9954312c2b907c1,linux1804-64-shippable-qr,True,False,,|c|o|l|d| |f|i|s|s|i|o|n| |i|n|t|e|r|a|c|t|i|v|e| |w|e|b|r|e|n|d|e|r|,102210fe594ee9b33d82058545b1ed14f4c8206e,fcp,reddit-billgates-post-1.billg,True,reddit-billgates-post-1.billg fcp opt cold fission webrender,,77,ms,firefox,445291347.0,1835804393,2024-01-30 02:48:40,1368362,,,,,,,,,,,,,,,,,,,,,,,,,,,,,,,,,,,,,,,,,,,,,,,,,TN
1848,a9528d76a91bc50db12b4a18830536bb25a6e378,0.12011173184357538,autoland,4060709,13,fd0dfc9511c4c123e048823de9954312c2b907c1,linux1804-64-shippable-qr,True,False,,|c|o|l|d| |f|i|s|s|i|o|n| |i|n|t|e|r|a|c|t|i|v|e| |w|e|b|r|e|n|d|e|r|,102210fe594ee9b33d82058545b1ed14f4c8206e,fcp,reddit-billgates-post-1.billg,True,reddit-billgates-post-1.billg fcp opt cold fission webrender,,77,ms,firefox,445188831.0,1835395921,2024-01-30 13:09:07,1368599,,,,,,,,,,,,,,,,,,,,,,,,,,,,,,,,,,,,,,,,,,,,,,,,,TN
1849,91338712d82fcf42896cfc451e6341a5b95963b8,0.08752327746741156,autoland,4060709,13,fd0dfc9511c4c123e048823de9954312c2b907c1,linux1804-64-shippable-qr,True,False,,|c|o|l|d| |f|i|s|s|i|o|n| |i|n|t|e|r|a|c|t|i|v|e| |w|e|b|r|e|n|d|e|r|,102210fe594ee9b33d82058545b1ed14f4c8206e,fcp,reddit-billgates-post-1.billg,True,reddit-billgates-post-1.billg fcp opt cold fission webrender,,77,ms,firefox,445186040.0,1835251977,2024-01-30 13:14:31,1368603,,,,,,,,,,,,,,,,,,,,,,,,,,,,,,,,,,,,,,,,,,,,,,,,,TN
1850,5eb08718b0d730bce22d08716392a14c090bbc8c,0.13500931098696467,autoland,4060709,13,fd0dfc9511c4c123e048823de9954312c2b907c1,linux1804-64-shippable-qr,True,False,,|c|o|l|d| |f|i|s|s|i|o|n| |i|n|t|e|r|a|c|t|i|v|e| |w|e|b|r|e|n|d|e|r|,102210fe594ee9b33d82058545b1ed14f4c8206e,fcp,reddit-billgates-post-1.billg,True,reddit-billgates-post-1.billg fcp opt cold fission webrender,,77,ms,firefox,445283159.0,1835716722,2024-01-30 13:22:04,1368619,,,,,,,,,,,,,,,,,,,,,,,,,,,,,,,,,,,,,,,,,,,,,,,,,TN
1851,303334fc1459c8674765c0b5561251b283be50b9,0.12732774674115455,autoland,4060709,13,fd0dfc9511c4c123e048823de9954312c2b907c1,linux1804-64-shippable-qr,True,False,,|c|o|l|d| |f|i|s|s|i|o|n| |i|n|t|e|r|a|c|t|i|v|e| |w|e|b|r|e|n|d|e|r|,102210fe594ee9b33d82058545b1ed14f4c8206e,fcp,reddit-billgates-post-1.billg,True,reddit-billgates-post-1.billg fcp opt cold fission webrender,,77,ms,firefox,445291032.0,1835764551,2024-01-30 13:22:56,1368620,,,,,,,,,,,,,,,,,,,,,,,,,,,,,,,,,,,,,,,,,,,,,,,,,TN
1852,1ac69623ae79a621c0035377f0841b1ba83070c1,0.11289571694599632,autoland,4060709,13,fd0dfc9511c4c123e048823de9954312c2b907c1,linux1804-64-shippable-qr,True,False,,|c|o|l|d| |f|i|s|s|i|o|n| |i|n|t|e|r|a|c|t|i|v|e| |w|e|b|r|e|n|d|e|r|,102210fe594ee9b33d82058545b1ed14f4c8206e,fcp,reddit-billgates-post-1.billg,True,reddit-billgates-post-1.billg fcp opt cold fission webrender,,77,ms,firefox,445201138.0,1835457015,2024-01-30 14:29:15,1368655,,,,,,,,,,,,,,,,,,,,,,,,,,,,,,,,,,,,,,,,,,,,,,,,,TN
1853,a3dd43748dcdec6a27a5c140bfd611d463cd9acf,0.12756052141527008,autoland,4060709,13,fd0dfc9511c4c123e048823de9954312c2b907c1,linux1804-64-shippable-qr,True,False,,|c|o|l|d| |f|i|s|s|i|o|n| |i|n|t|e|r|a|c|t|i|v|e| |w|e|b|r|e|n|d|e|r|,102210fe594ee9b33d82058545b1ed14f4c8206e,fcp,reddit-billgates-post-1.billg,True,reddit-billgates-post-1.billg fcp opt cold fission webrender,,77,ms,firefox,445237188.0,1835477398,2024-01-30 18:56:21,1368858,,,,,,,,,,,,,,,,,,,,,,,,,,,,,,,,,,,,,,,,,,,,,,,,,TN
1854,06b0ce1a9748e18deb48466efed01c1f5a8ff984,0.11010242085661082,autoland,4060709,13,fd0dfc9511c4c123e048823de9954312c2b907c1,linux1804-64-shippable-qr,True,False,,|c|o|l|d| |f|i|s|s|i|o|n| |i|n|t|e|r|a|c|t|i|v|e| |w|e|b|r|e|n|d|e|r|,102210fe594ee9b33d82058545b1ed14f4c8206e,fcp,reddit-billgates-post-1.billg,True,reddit-billgates-post-1.billg fcp opt cold fission webrender,,77,ms,firefox,445248509.0,1835525169,2024-01-30 20:08:25,1368918,,,,,,,,,,,,,,,,,,,,,,,,,,,,,,,,,,,,,,,,,,,,,,,,,TN
1855,63688f915f53e04177a572d08a5064a8a019c0ba,0.09473929236499068,autoland,4060709,13,fd0dfc9511c4c123e048823de9954312c2b907c1,linux1804-64-shippable-qr,True,False,,|c|o|l|d| |f|i|s|s|i|o|n| |i|n|t|e|r|a|c|t|i|v|e| |w|e|b|r|e|n|d|e|r|,102210fe594ee9b33d82058545b1ed14f4c8206e,fcp,reddit-billgates-post-1.billg,True,reddit-billgates-post-1.billg fcp opt cold fission webrender,,77,ms,firefox,445291128.0,1835776570,2024-01-30 20:13:45,1368925,,,,,,,,,,,,,,,,,,,,,,,,,,,,,,,,,,,,,,,,,,,,,,,,,TN
1856,e2dede5cbdb79929f778f477a6c8b412f31ea798,0.125,autoland,4060709,13,fd0dfc9511c4c123e048823de9954312c2b907c1,linux1804-64-shippable-qr,True,False,,|c|o|l|d| |f|i|s|s|i|o|n| |i|n|t|e|r|a|c|t|i|v|e| |w|e|b|r|e|n|d|e|r|,102210fe594ee9b33d82058545b1ed14f4c8206e,fcp,reddit-billgates-post-1.billg,True,reddit-billgates-post-1.billg fcp opt cold fission webrender,,77,ms,firefox,445290843.0,1835758190,2024-01-30 20:14:27,1368926,,,,,,,,,,,,,,,,,,,,,,,,,,,,,,,,,,,,,,,,,,,,,,,,,TN
1857,e35109546c3cb0f5957a604c27f5f1dd2b7f81c0,0.13221601489757917,autoland,4060709,13,fd0dfc9511c4c123e048823de9954312c2b907c1,linux1804-64-shippable-qr,True,False,,|c|o|l|d| |f|i|s|s|i|o|n| |i|n|t|e|r|a|c|t|i|v|e| |w|e|b|r|e|n|d|e|r|,102210fe594ee9b33d82058545b1ed14f4c8206e,fcp,reddit-billgates-post-1.billg,True,reddit-billgates-post-1.billg fcp opt cold fission webrender,,77,ms,firefox,445280198.0,1835686234,2024-01-31 00:31:01,1369086,,,,,,,,,,,,,,,,,,,,,,,,,,,,,,,,,,,,,,,,,,,,,,,,,TN
1858,2cac2f68bfdcfc9012c537044bc475f076bda7b0,0.13384543761638734,autoland,4060709,13,fd0dfc9511c4c123e048823de9954312c2b907c1,linux1804-64-shippable-qr,True,False,,|c|o|l|d| |f|i|s|s|i|o|n| |i|n|t|e|r|a|c|t|i|v|e| |w|e|b|r|e|n|d|e|r|,102210fe594ee9b33d82058545b1ed14f4c8206e,fcp,reddit-billgates-post-1.billg,True,reddit-billgates-post-1.billg fcp opt cold fission webrender,,77,ms,firefox,445276960.0,1835670081,2024-01-31 00:32:30,1369088,,,,,,,,,,,,,,,,,,,,,,,,,,,,,,,,,,,,,,,,,,,,,,,,,TN
1859,4bad0524f4b8414b9df64413ea27b7af4ec48644,0.11755121042830541,autoland,4060709,13,fd0dfc9511c4c123e048823de9954312c2b907c1,linux1804-64-shippable-qr,True,False,,|c|o|l|d| |f|i|s|s|i|o|n| |i|n|t|e|r|a|c|t|i|v|e| |w|e|b|r|e|n|d|e|r|,102210fe594ee9b33d82058545b1ed14f4c8206e,fcp,reddit-billgates-post-1.billg,True,reddit-billgates-post-1.billg fcp opt cold fission webrender,,77,ms,firefox,445447149.0,1836493648,2024-01-31 02:25:46,1369133,,,,,,,,,,,,,,,,,,,,,,,,,,,,,,,,,,,,,,,,,,,,,,,,,TN
1860,6c256fa0d22a5793a40b8ab6aafb34d0dd55cffb,0.12639664804469275,autoland,4060709,13,fd0dfc9511c4c123e048823de9954312c2b907c1,linux1804-64-shippable-qr,True,False,,|c|o|l|d| |f|i|s|s|i|o|n| |i|n|t|e|r|a|c|t|i|v|e| |w|e|b|r|e|n|d|e|r|,102210fe594ee9b33d82058545b1ed14f4c8206e,fcp,reddit-billgates-post-1.billg,True,reddit-billgates-post-1.billg fcp opt cold fission webrender,,77,ms,firefox,445454343.0,1836585823,2024-01-31 02:44:42,1369143,,,,,,,,,,,,,,,,,,,,,,,,,,,,,,,,,,,,,,,,,,,,,,,,,TN
1861,5f6f60ae2125dc46d98b4b9276bce2d562d1f1bf,0.10870577281191807,autoland,4060709,13,fd0dfc9511c4c123e048823de9954312c2b907c1,linux1804-64-shippable-qr,True,False,,|c|o|l|d| |f|i|s|s|i|o|n| |i|n|t|e|r|a|c|t|i|v|e| |w|e|b|r|e|n|d|e|r|,102210fe594ee9b33d82058545b1ed14f4c8206e,fcp,reddit-billgates-post-1.billg,True,reddit-billgates-post-1.billg fcp opt cold fission webrender,,77,ms,firefox,445293604.0,1835854581,2024-01-31 05:59:52,1369182,,,,,,,,,,,,,,,,,,,,,,,,,,,,,,,,,,,,,,,,,,,,,,,,,TN
1862,201f8fe705d53181047778d1c0722017bab79e95,0.14734636871508378,autoland,4060709,13,fd0dfc9511c4c123e048823de9954312c2b907c1,linux1804-64-shippable-qr,True,False,,|c|o|l|d| |f|i|s|s|i|o|n| |i|n|t|e|r|a|c|t|i|v|e| |w|e|b|r|e|n|d|e|r|,102210fe594ee9b33d82058545b1ed14f4c8206e,fcp,reddit-billgates-post-1.billg,True,reddit-billgates-post-1.billg fcp opt cold fission webrender,,77,ms,firefox,445320566.0,1835970167,2024-01-31 10:01:40,1369265,,,,,,,,,,,,,,,,,,,,,,,,,,,,,,,,,,,,,,,,,,,,,,,,,TN
1863,5e52e144df4112277cfdda903747f83f1f147385,0.09194599627560524,autoland,4060709,13,fd0dfc9511c4c123e048823de9954312c2b907c1,linux1804-64-shippable-qr,True,False,,|c|o|l|d| |f|i|s|s|i|o|n| |i|n|t|e|r|a|c|t|i|v|e| |w|e|b|r|e|n|d|e|r|,102210fe594ee9b33d82058545b1ed14f4c8206e,fcp,reddit-billgates-post-1.billg,True,reddit-billgates-post-1.billg fcp opt cold fission webrender,,77,ms,firefox,445346931.0,1836032523,2024-01-31 13:01:30,1369309,,,,,,,,,,,,,,,,,,,,,,,,,,,,,,,,,,,,,,,,,,,,,,,,,TN
1864,b7dab3b0d3f470193a71c5bea19ee5fbaa6530f1,0.1380353817504656,autoland,4060709,13,fd0dfc9511c4c123e048823de9954312c2b907c1,linux1804-64-shippable-qr,True,False,,|c|o|l|d| |f|i|s|s|i|o|n| |i|n|t|e|r|a|c|t|i|v|e| |w|e|b|r|e|n|d|e|r|,102210fe594ee9b33d82058545b1ed14f4c8206e,fcp,reddit-billgates-post-1.billg,True,reddit-billgates-post-1.billg fcp opt cold fission webrender,,77,ms,firefox,445453386.0,1836515205,2024-01-31 15:58:13,1369399,,,,,,,,,,,,,,,,,,,,,,,,,,,,,,,,,,,,,,,,,,,,,,,,,TN
1865,e5ffa1d00efcd98c1b4b7d4587f0ba8ea89a0db2,0.138268156424581,autoland,4060709,13,fd0dfc9511c4c123e048823de9954312c2b907c1,linux1804-64-shippable-qr,True,False,,|c|o|l|d| |f|i|s|s|i|o|n| |i|n|t|e|r|a|c|t|i|v|e| |w|e|b|r|e|n|d|e|r|,102210fe594ee9b33d82058545b1ed14f4c8206e,fcp,reddit-billgates-post-1.billg,True,reddit-billgates-post-1.billg fcp opt cold fission webrender,,77,ms,firefox,445446806.0,1836455627,2024-01-31 16:10:27,1369414,,,,,,,,,,,,,,,,,,,,,,,,,,,,,,,,,,,,,,,,,,,,,,,,,TN
1866,a0bd6c4162065e8caa2b60ce8082f77d53221fb7,0.13291433891992555,autoland,4060709,13,fd0dfc9511c4c123e048823de9954312c2b907c1,linux1804-64-shippable-qr,True,False,,|c|o|l|d| |f|i|s|s|i|o|n| |i|n|t|e|r|a|c|t|i|v|e| |w|e|b|r|e|n|d|e|r|,102210fe594ee9b33d82058545b1ed14f4c8206e,fcp,reddit-billgates-post-1.billg,True,reddit-billgates-post-1.billg fcp opt cold fission webrender,,77,ms,firefox,445386930.0,1836164338,2024-01-31 17:27:18,1369495,,,,,,,,,,,,,,,,,,,,,,,,,,,,,,,,,,,,,,,,,,,,,,,,,TN
1867,51cfd5dc22d96a1bf9482904157e76f085fa7da7,0.15526070763500932,autoland,4060709,13,fd0dfc9511c4c123e048823de9954312c2b907c1,linux1804-64-shippable-qr,True,False,,|c|o|l|d| |f|i|s|s|i|o|n| |i|n|t|e|r|a|c|t|i|v|e| |w|e|b|r|e|n|d|e|r|,102210fe594ee9b33d82058545b1ed14f4c8206e,fcp,reddit-billgates-post-1.billg,True,reddit-billgates-post-1.billg fcp opt cold fission webrender,,77,ms,firefox,445457397.0,1836603503,2024-01-31 18:16:51,1369525,,,,,,,,,,,,,,,,,,,,,,,,,,,,,,,,,,,,,,,,,,,,,,,,,TN
1868,e0dd05f7816f3194d0a0a1d44ea0ebc55454b442,0.13233240223463683,autoland,4060709,13,fd0dfc9511c4c123e048823de9954312c2b907c1,linux1804-64-shippable-qr,True,False,,|c|o|l|d| |f|i|s|s|i|o|n| |i|n|t|e|r|a|c|t|i|v|e| |w|e|b|r|e|n|d|e|r|,102210fe594ee9b33d82058545b1ed14f4c8206e,fcp,reddit-billgates-post-1.billg,True,reddit-billgates-post-1.billg fcp opt cold fission webrender,,77,ms,firefox,445446858.0,1836464056,2024-01-31 18:17:34,1369526,,,,,,,,,,,,,,,,,,,,,,,,,,,,,,,,,,,,,,,,,,,,,,,,,TN
1869,79a0d8770b55cb81f688dd50a56f2c84295b70f2,0.13035381750465547,autoland,4060709,13,fd0dfc9511c4c123e048823de9954312c2b907c1,linux1804-64-shippable-qr,True,False,,|c|o|l|d| |f|i|s|s|i|o|n| |i|n|t|e|r|a|c|t|i|v|e| |w|e|b|r|e|n|d|e|r|,102210fe594ee9b33d82058545b1ed14f4c8206e,fcp,reddit-billgates-post-1.billg,True,reddit-billgates-post-1.billg fcp opt cold fission webrender,,77,ms,firefox,445453982.0,1836569049,2024-01-31 18:24:40,1369535,,,,,,,,,,,,,,,,,,,,,,,,,,,,,,,,,,,,,,,,,,,,,,,,,TN
1870,6bfab7427c326136417b187f0df7a7c63528daa3,0.08472998137802606,autoland,4060709,13,fd0dfc9511c4c123e048823de9954312c2b907c1,linux1804-64-shippable-qr,True,False,,|c|o|l|d| |f|i|s|s|i|o|n| |i|n|t|e|r|a|c|t|i|v|e| |w|e|b|r|e|n|d|e|r|,102210fe594ee9b33d82058545b1ed14f4c8206e,fcp,reddit-billgates-post-1.billg,True,reddit-billgates-post-1.billg fcp opt cold fission webrender,,77,ms,firefox,445398157.0,1836209356,2024-01-31 18:39:44,1369546,,,,,,,,,,,,,,,,,,,,,,,,,,,,,,,,,,,,,,,,,,,,,,,,,TN
1871,2ee5ce9b3c67b7e972b0dff7348ea32cb570880e,0.12546554934823095,autoland,4060709,13,fd0dfc9511c4c123e048823de9954312c2b907c1,linux1804-64-shippable-qr,True,False,,|c|o|l|d| |f|i|s|s|i|o|n| |i|n|t|e|r|a|c|t|i|v|e| |w|e|b|r|e|n|d|e|r|,102210fe594ee9b33d82058545b1ed14f4c8206e,fcp,reddit-billgates-post-1.billg,True,reddit-billgates-post-1.billg fcp opt cold fission webrender,,77,ms,firefox,445429558.0,1836360216,2024-01-31 21:40:54,1369676,,,,,,,,,,,,,,,,,,,,,,,,,,,,,,,,,,,,,,,,,,,,,,,,,TN
1872,6db2a1e04f4120175d3aad9831795823a4269aab,0.1315176908752328,autoland,4060709,13,fd0dfc9511c4c123e048823de9954312c2b907c1,linux1804-64-shippable-qr,True,False,,|c|o|l|d| |f|i|s|s|i|o|n| |i|n|t|e|r|a|c|t|i|v|e| |w|e|b|r|e|n|d|e|r|,102210fe594ee9b33d82058545b1ed14f4c8206e,fcp,reddit-billgates-post-1.billg,True,reddit-billgates-post-1.billg fcp opt cold fission webrender,,77,ms,firefox,445445995.0,1836444358,2024-02-01 02:14:37,1369822,,,,,,,,,,,,,,,,,,,,,,,,,,,,,,,,,,,,,,,,,,,,,,,,,TN
1873,959c3318d5c3f3881746455c2c584be49bb179b6,0.13594040968342647,autoland,4060709,13,fd0dfc9511c4c123e048823de9954312c2b907c1,linux1804-64-shippable-qr,True,False,,|c|o|l|d| |f|i|s|s|i|o|n| |i|n|t|e|r|a|c|t|i|v|e| |w|e|b|r|e|n|d|e|r|,102210fe594ee9b33d82058545b1ed14f4c8206e,fcp,reddit-billgates-post-1.billg,True,reddit-billgates-post-1.billg fcp opt cold fission webrender,,77,ms,firefox,445463410.0,1836724917,2024-02-01 06:47:17,1369862,,,,,,,,,,,,,,,,,,,,,,,,,,,,,,,,,,,,,,,,,,,,,,,,,TN
1874,a6957fa936149dccf133bd99e165c5879c2cb4d5,0.143854748603352,autoland,4060709,13,fd0dfc9511c4c123e048823de9954312c2b907c1,linux1804-64-shippable-qr,True,False,,|c|o|l|d| |f|i|s|s|i|o|n| |i|n|t|e|r|a|c|t|i|v|e| |w|e|b|r|e|n|d|e|r|,102210fe594ee9b33d82058545b1ed14f4c8206e,fcp,reddit-billgates-post-1.billg,True,reddit-billgates-post-1.billg fcp opt cold fission webrender,,77,ms,firefox,445496425.0,1836754620,2024-02-01 11:14:36,1370007,,,,,,,,,,,,,,,,,,,,,,,,,,,,,,,,,,,,,,,,,,,,,,,,,TN
1875,93a67689b8581caaa6d429ea7105abf0dc55e98f,0.10125698324022347,autoland,4060709,13,fd0dfc9511c4c123e048823de9954312c2b907c1,linux1804-64-shippable-qr,True,False,,|c|o|l|d| |f|i|s|s|i|o|n| |i|n|t|e|r|a|c|t|i|v|e| |w|e|b|r|e|n|d|e|r|,102210fe594ee9b33d82058545b1ed14f4c8206e,fcp,reddit-billgates-post-1.billg,True,reddit-billgates-post-1.billg fcp opt cold fission webrender,,77,ms,firefox,445520488.0,1836786140,2024-02-01 13:09:51,1370065,,,,,,,,,,,,,,,,,,,,,,,,,,,,,,,,,,,,,,,,,,,,,,,,,TN
1876,f84c76f9460d8a2a4048954be483e24638c0f39c,0.07751396648044695,autoland,4060709,13,fd0dfc9511c4c123e048823de9954312c2b907c1,linux1804-64-shippable-qr,True,False,,|c|o|l|d| |f|i|s|s|i|o|n| |i|n|t|e|r|a|c|t|i|v|e| |w|e|b|r|e|n|d|e|r|,102210fe594ee9b33d82058545b1ed14f4c8206e,fcp,reddit-billgates-post-1.billg,True,reddit-billgates-post-1.billg fcp opt cold fission webrender,,77,ms,firefox,445575651.0,1837159506,2024-02-01 17:13:14,1370273,,,,,,,,,,,,,,,,,,,,,,,,,,,,,,,,,,,,,,,,,,,,,,,,,TN
1877,854c462a083b4271435625134f95ce342e243ccb,0.13687150837988826,autoland,4060709,13,fd0dfc9511c4c123e048823de9954312c2b907c1,linux1804-64-shippable-qr,True,False,,|c|o|l|d| |f|i|s|s|i|o|n| |i|n|t|e|r|a|c|t|i|v|e| |w|e|b|r|e|n|d|e|r|,102210fe594ee9b33d82058545b1ed14f4c8206e,fcp,reddit-billgates-post-1.billg,True,reddit-billgates-post-1.billg fcp opt cold fission webrender,,77,ms,firefox,445598918.0,1837186327,2024-02-01 18:09:58,1370333,,,,,,,,,,,,,,,,,,,,,,,,,,,,,,,,,,,,,,,,,,,,,,,,,TN
1878,144c524a091e2ed65d62b4911026d3400cea02fa,0.13268156424581,autoland,4060709,13,fd0dfc9511c4c123e048823de9954312c2b907c1,linux1804-64-shippable-qr,True,False,,|c|o|l|d| |f|i|s|s|i|o|n| |i|n|t|e|r|a|c|t|i|v|e| |w|e|b|r|e|n|d|e|r|,102210fe594ee9b33d82058545b1ed14f4c8206e,fcp,reddit-billgates-post-1.billg,True,reddit-billgates-post-1.billg fcp opt cold fission webrender,,77,ms,firefox,445614317.0,1837204060,2024-02-01 22:12:05,1370552,,,,,,,,,,,,,,,,,,,,,,,,,,,,,,,,,,,,,,,,,,,,,,,,,TN
1879,085a323ab16cb288d40fca29f6bb35d5d7e85753,0.12616387337057722,autoland,4060709,13,fd0dfc9511c4c123e048823de9954312c2b907c1,linux1804-64-shippable-qr,True,False,,|c|o|l|d| |f|i|s|s|i|o|n| |i|n|t|e|r|a|c|t|i|v|e| |w|e|b|r|e|n|d|e|r|,102210fe594ee9b33d82058545b1ed14f4c8206e,fcp,reddit-billgates-post-1.billg,True,reddit-billgates-post-1.billg fcp opt cold fission webrender,,77,ms,firefox,445620149.0,1837210553,2024-02-01 22:19:46,1370561,,,,,,,,,,,,,,,,,,,,,,,,,,,,,,,,,,,,,,,,,,,,,,,,,TN
1880,dd4c0135beb5076b1a073f8d52507b724781d423,0.1315176908752328,autoland,4060709,13,fd0dfc9511c4c123e048823de9954312c2b907c1,linux1804-64-shippable-qr,True,False,,|c|o|l|d| |f|i|s|s|i|o|n| |i|n|t|e|r|a|c|t|i|v|e| |w|e|b|r|e|n|d|e|r|,102210fe594ee9b33d82058545b1ed14f4c8206e,fcp,reddit-billgates-post-1.billg,True,reddit-billgates-post-1.billg fcp opt cold fission webrender,,77,ms,firefox,445626597.0,1837238122,2024-02-02 02:49:20,1370659,,,,,,,,,,,,,,,,,,,,,,,,,,,,,,,,,,,,,,,,,,,,,,,,,TN
1881,90d84a362f057a96158ef63f7aa96d639916e390,0.12616387337057722,autoland,4060709,13,fd0dfc9511c4c123e048823de9954312c2b907c1,linux1804-64-shippable-qr,True,False,,|c|o|l|d| |f|i|s|s|i|o|n| |i|n|t|e|r|a|c|t|i|v|e| |w|e|b|r|e|n|d|e|r|,102210fe594ee9b33d82058545b1ed14f4c8206e,fcp,reddit-billgates-post-1.billg,True,reddit-billgates-post-1.billg fcp opt cold fission webrender,,77,ms,firefox,445719830.0,1837705009,2024-02-02 13:54:17,1370837,,,,,,,,,,,,,,,,,,,,,,,,,,,,,,,,,,,,,,,,,,,,,,,,,TN
1882,85d4a93d2fce8e976fce8c0e6ae573731793a21d,0.1608472998137802,autoland,4060709,13,fd0dfc9511c4c123e048823de9954312c2b907c1,linux1804-64-shippable-qr,True,False,,|c|o|l|d| |f|i|s|s|i|o|n| |i|n|t|e|r|a|c|t|i|v|e| |w|e|b|r|e|n|d|e|r|,102210fe594ee9b33d82058545b1ed14f4c8206e,fcp,reddit-billgates-post-1.billg,True,reddit-billgates-post-1.billg fcp opt cold fission webrender,,77,ms,firefox,445790793.0,1837980253,2024-02-02 13:58:28,1370841,,,,,,,,,,,,,,,,,,,,,,,,,,,,,,,,,,,,,,,,,,,,,,,,,TN
1883,2d3365b1475ea6b0234b76a4ccfefc8c11e491a0,0.11429236499068895,autoland,4060709,13,fd0dfc9511c4c123e048823de9954312c2b907c1,linux1804-64-shippable-qr,True,False,,|c|o|l|d| |f|i|s|s|i|o|n| |i|n|t|e|r|a|c|t|i|v|e| |w|e|b|r|e|n|d|e|r|,102210fe594ee9b33d82058545b1ed14f4c8206e,fcp,reddit-billgates-post-1.billg,True,reddit-billgates-post-1.billg fcp opt cold fission webrender,,77,ms,firefox,445708621.0,1837569947,2024-02-02 14:44:09,1370872,,,,,,,,,,,,,,,,,,,,,,,,,,,,,,,,,,,,,,,,,,,,,,,,,TN
1884,67f13af428e383eb2f3472448564da31a6cd3eae,0.12290502793296088,autoland,4060709,13,fd0dfc9511c4c123e048823de9954312c2b907c1,linux1804-64-shippable-qr,True,False,,|c|o|l|d| |f|i|s|s|i|o|n| |i|n|t|e|r|a|c|t|i|v|e| |w|e|b|r|e|n|d|e|r|,102210fe594ee9b33d82058545b1ed14f4c8206e,fcp,reddit-billgates-post-1.billg,True,reddit-billgates-post-1.billg fcp opt cold fission webrender,,77,ms,firefox,445750662.0,1837829913,2024-02-02 19:53:24,1371106,,,,,,,,,,,,,,,,,,,,,,,,,,,,,,,,,,,,,,,,,,,,,,,,,TN
1885,0a89948ba0c00bf10f2fb02375bb347cffbdc1e1,0.08985102420856611,autoland,4060709,13,fd0dfc9511c4c123e048823de9954312c2b907c1,linux1804-64-shippable-qr,True,False,,|c|o|l|d| |f|i|s|s|i|o|n| |i|n|t|e|r|a|c|t|i|v|e| |w|e|b|r|e|n|d|e|r|,102210fe594ee9b33d82058545b1ed14f4c8206e,fcp,reddit-billgates-post-1.billg,True,reddit-billgates-post-1.billg fcp opt cold fission webrender,,77,ms,firefox,445773470.0,1837888558,2024-02-02 21:53:09,1371183,,,,,,,,,,,,,,,,,,,,,,,,,,,,,,,,,,,,,,,,,,,,,,,,,TN
1886,b9172a6f32d47b58f805d7cdc242ba32e55cb4a6,0.11778398510242083,autoland,4060709,13,fd0dfc9511c4c123e048823de9954312c2b907c1,linux1804-64-shippable-qr,True,False,,|c|o|l|d| |f|i|s|s|i|o|n| |i|n|t|e|r|a|c|t|i|v|e| |w|e|b|r|e|n|d|e|r|,102210fe594ee9b33d82058545b1ed14f4c8206e,fcp,reddit-billgates-post-1.billg,True,reddit-billgates-post-1.billg fcp opt cold fission webrender,,77,ms,firefox,445785609.0,1837958164,2024-02-03 02:32:07,1371314,,,,,,,,,,,,,,,,,,,,,,,,,,,,,,,,,,,,,,,,,,,,,,,,,TN
1887,f8d442e9495d595bd8d4c6cbd272480f9d0dbfb5,0.11801675977653625,autoland,4060709,13,fd0dfc9511c4c123e048823de9954312c2b907c1,linux1804-64-shippable-qr,True,False,,|c|o|l|d| |f|i|s|s|i|o|n| |i|n|t|e|r|a|c|t|i|v|e| |w|e|b|r|e|n|d|e|r|,102210fe594ee9b33d82058545b1ed14f4c8206e,fcp,reddit-billgates-post-1.billg,True,reddit-billgates-post-1.billg fcp opt cold fission webrender,,77,ms,firefox,445796897.0,1838001068,2024-02-03 06:48:17,1371333,,,,,,,,,,,,,,,,,,,,,,,,,,,,,,,,,,,,,,,,,,,,,,,,,TN
1888,6c316fd08b2f2ac6443dd8193a52f819df23ce2e,0.10405027932960886,autoland,4060709,13,fd0dfc9511c4c123e048823de9954312c2b907c1,linux1804-64-shippable-qr,True,False,,|c|o|l|d| |f|i|s|s|i|o|n| |i|n|t|e|r|a|c|t|i|v|e| |w|e|b|r|e|n|d|e|r|,102210fe594ee9b33d82058545b1ed14f4c8206e,fcp,reddit-billgates-post-1.billg,True,reddit-billgates-post-1.billg fcp opt cold fission webrender,,77,ms,firefox,445808572.0,1838038705,2024-02-03 09:08:28,1371368,,,,,,,,,,,,,,,,,,,,,,,,,,,,,,,,,,,,,,,,,,,,,,,,,TN
1889,234a8e0fb95fc4c3f978bc6c198667481d3115da,0.12546554934823095,autoland,4060709,13,fd0dfc9511c4c123e048823de9954312c2b907c1,linux1804-64-shippable-qr,True,False,,|c|o|l|d| |f|i|s|s|i|o|n| |i|n|t|e|r|a|c|t|i|v|e| |w|e|b|r|e|n|d|e|r|,102210fe594ee9b33d82058545b1ed14f4c8206e,fcp,reddit-billgates-post-1.billg,True,reddit-billgates-post-1.billg fcp opt cold fission webrender,,77,ms,firefox,445831435.0,1838123255,2024-02-03 16:51:05,1371417,,,,,,,,,,,,,,,,,,,,,,,,,,,,,,,,,,,,,,,,,,,,,,,,,TN
1890,7a5ad9c8b72b8e9fbc0f63d91a955bff54216958,0.10684357541899447,autoland,4060709,13,fd0dfc9511c4c123e048823de9954312c2b907c1,linux1804-64-shippable-qr,True,False,,|c|o|l|d| |f|i|s|s|i|o|n| |i|n|t|e|r|a|c|t|i|v|e| |w|e|b|r|e|n|d|e|r|,102210fe594ee9b33d82058545b1ed14f4c8206e,fcp,reddit-billgates-post-1.billg,True,reddit-billgates-post-1.billg fcp opt cold fission webrender,,77,ms,firefox,445850194.0,1838247683,2024-02-04 01:32:05,1371481,,,,,,,,,,,,,,,,,,,,,,,,,,,,,,,,,,,,,,,,,,,,,,,,,TN
1891,eb281b3fd4660b5e7e7d1e77f7ebe3182c28569d,0.10940409683426444,autoland,4060709,13,fd0dfc9511c4c123e048823de9954312c2b907c1,linux1804-64-shippable-qr,True,False,,|c|o|l|d| |f|i|s|s|i|o|n| |i|n|t|e|r|a|c|t|i|v|e| |w|e|b|r|e|n|d|e|r|,102210fe594ee9b33d82058545b1ed14f4c8206e,fcp,reddit-billgates-post-1.billg,True,reddit-billgates-post-1.billg fcp opt cold fission webrender,,77,ms,firefox,445877467.0,1838401508,2024-02-04 11:04:08,1371513,,,,,,,,,,,,,,,,,,,,,,,,,,,,,,,,,,,,,,,,,,,,,,,,,TN
1892,6cb794603d85d30882e94931d5c7cba2c609e8dd,0.1042830540037244,autoland,4060709,13,fd0dfc9511c4c123e048823de9954312c2b907c1,linux1804-64-shippable-qr,True,False,,|c|o|l|d| |f|i|s|s|i|o|n| |i|n|t|e|r|a|c|t|i|v|e| |w|e|b|r|e|n|d|e|r|,102210fe594ee9b33d82058545b1ed14f4c8206e,fcp,reddit-billgates-post-1.billg,True,reddit-billgates-post-1.billg fcp opt cold fission webrender,,77,ms,firefox,445890020.0,1838578623,2024-02-04 18:26:12,1371541,,,,,,,,,,,,,,,,,,,,,,,,,,,,,,,,,,,,,,,,,,,,,,,,,TN
1893,778e884de4e5ecb46e2d212a6f5f4a13e465a3a4,0.11149906890130357,autoland,4060709,13,fd0dfc9511c4c123e048823de9954312c2b907c1,linux1804-64-shippable-qr,True,False,,|c|o|l|d| |f|i|s|s|i|o|n| |i|n|t|e|r|a|c|t|i|v|e| |w|e|b|r|e|n|d|e|r|,102210fe594ee9b33d82058545b1ed14f4c8206e,fcp,reddit-billgates-post-1.billg,True,reddit-billgates-post-1.billg fcp opt cold fission webrender,,77,ms,firefox,445907864.0,1838654848,2024-02-05 01:14:58,1371575,,,,,,,,,,,,,,,,,,,,,,,,,,,,,,,,,,,,,,,,,,,,,,,,,TN
1894,9ca12d444230411e2168420a584a7f95e90c1f97,0.11894785847299816,autoland,4060709,13,fd0dfc9511c4c123e048823de9954312c2b907c1,linux1804-64-shippable-qr,True,False,,|c|o|l|d| |f|i|s|s|i|o|n| |i|n|t|e|r|a|c|t|i|v|e| |w|e|b|r|e|n|d|e|r|,102210fe594ee9b33d82058545b1ed14f4c8206e,fcp,reddit-billgates-post-1.billg,True,reddit-billgates-post-1.billg fcp opt cold fission webrender,,77,ms,firefox,445914113.0,1838688386,2024-02-05 06:38:18,1371605,,,,,,,,,,,,,,,,,,,,,,,,,,,,,,,,,,,,,,,,,,,,,,,,,TN
1895,e026ce62cd3a8700c3c5fb7495521391420d3ef6,0.13477653631284914,autoland,4060709,13,fd0dfc9511c4c123e048823de9954312c2b907c1,linux1804-64-shippable-qr,True,False,,|c|o|l|d| |f|i|s|s|i|o|n| |i|n|t|e|r|a|c|t|i|v|e| |w|e|b|r|e|n|d|e|r|,102210fe594ee9b33d82058545b1ed14f4c8206e,fcp,reddit-billgates-post-1.billg,True,reddit-billgates-post-1.billg fcp opt cold fission webrender,,77,ms,firefox,445953340.0,1838829970,2024-02-05 11:13:48,1371747,,,,,,,,,,,,,,,,,,,,,,,,,,,,,,,,,,,,,,,,,,,,,,,,,TN
1896,d67e058935bae8bfad9fb5868b225926a25cb64a,0.12150837988826813,autoland,4060709,13,fd0dfc9511c4c123e048823de9954312c2b907c1,linux1804-64-shippable-qr,True,False,,|c|o|l|d| |f|i|s|s|i|o|n| |i|n|t|e|r|a|c|t|i|v|e| |w|e|b|r|e|n|d|e|r|,102210fe594ee9b33d82058545b1ed14f4c8206e,fcp,reddit-billgates-post-1.billg,True,reddit-billgates-post-1.billg fcp opt cold fission webrender,,77,ms,firefox,445988159.0,1838926385,2024-02-05 15:06:21,1371897,,,,,,,,,,,,,,,,,,,,,,,,,,,,,,,,,,,,,,,,,,,,,,,,,TN
1897,a3f956419067fa1803aa9210eb8252a3fc3daefa,0.08868715083798884,autoland,4060709,13,fd0dfc9511c4c123e048823de9954312c2b907c1,linux1804-64-shippable-qr,True,False,,|c|o|l|d| |f|i|s|s|i|o|n| |i|n|t|e|r|a|c|t|i|v|e| |w|e|b|r|e|n|d|e|r|,102210fe594ee9b33d82058545b1ed14f4c8206e,fcp,reddit-billgates-post-1.billg,True,reddit-billgates-post-1.billg fcp opt cold fission webrender,,77,ms,firefox,446078872.0,1839387167,2024-02-05 17:21:25,1372043,,,,,,,,,,,,,,,,,,,,,,,,,,,,,,,,,,,,,,,,,,,,,,,,,TN
1898,ae1411029bf854cc5f5d7da7a72697df01667583,0.13989757914338918,autoland,4060709,13,fd0dfc9511c4c123e048823de9954312c2b907c1,linux1804-64-shippable-qr,True,False,,|c|o|l|d| |f|i|s|s|i|o|n| |i|n|t|e|r|a|c|t|i|v|e| |w|e|b|r|e|n|d|e|r|,102210fe594ee9b33d82058545b1ed14f4c8206e,fcp,reddit-billgates-post-1.billg,True,reddit-billgates-post-1.billg fcp opt cold fission webrender,,77,ms,firefox,446080393.0,1839414206,2024-02-05 17:33:45,1372057,,,,,,,,,,,,,,,,,,,,,,,,,,,,,,,,,,,,,,,,,,,,,,,,,TN
1899,9559ddacce7e802c8bda80f0f58d6cfd6cdd2948,0.11429236499068895,autoland,4060709,13,fd0dfc9511c4c123e048823de9954312c2b907c1,linux1804-64-shippable-qr,True,False,,|c|o|l|d| |f|i|s|s|i|o|n| |i|n|t|e|r|a|c|t|i|v|e| |w|e|b|r|e|n|d|e|r|,102210fe594ee9b33d82058545b1ed14f4c8206e,fcp,reddit-billgates-post-1.billg,True,reddit-billgates-post-1.billg fcp opt cold fission webrender,,77,ms,firefox,446032739.0,1839086408,2024-02-05 18:46:19,1372136,,,,,,,,,,,,,,,,,,,,,,,,,,,,,,,,,,,,,,,,,,,,,,,,,TN
1900,9f16b642b137c1390a012556c58e9f957a816ef6,0.12569832402234637,autoland,4060709,13,fd0dfc9511c4c123e048823de9954312c2b907c1,linux1804-64-shippable-qr,True,False,,|c|o|l|d| |f|i|s|s|i|o|n| |i|n|t|e|r|a|c|t|i|v|e| |w|e|b|r|e|n|d|e|r|,102210fe594ee9b33d82058545b1ed14f4c8206e,fcp,reddit-billgates-post-1.billg,True,reddit-billgates-post-1.billg fcp opt cold fission webrender,,77,ms,firefox,446060766.0,1839184241,2024-02-05 23:26:30,1372325,,,,,,,,,,,,,,,,,,,,,,,,,,,,,,,,,,,,,,,,,,,,,,,,,TN
1901,1995789cfffa08b612d3571d2e8596837f772a49,0.08915270018621979,autoland,4060709,13,fd0dfc9511c4c123e048823de9954312c2b907c1,linux1804-64-shippable-qr,True,False,,|c|o|l|d| |f|i|s|s|i|o|n| |i|n|t|e|r|a|c|t|i|v|e| |w|e|b|r|e|n|d|e|r|,102210fe594ee9b33d82058545b1ed14f4c8206e,fcp,reddit-billgates-post-1.billg,True,reddit-billgates-post-1.billg fcp opt cold fission webrender,,77,ms,firefox,446073601.0,1839261875,2024-02-06 03:53:00,1372390,,,,,,,,,,,,,,,,,,,,,,,,,,,,,,,,,,,,,,,,,,,,,,,,,TN
1902,df0b9539f5604a9aefc6916ce6ecf2e52670b78b,0.1268621973929237,autoland,4060709,13,fd0dfc9511c4c123e048823de9954312c2b907c1,linux1804-64-shippable-qr,True,False,,|c|o|l|d| |f|i|s|s|i|o|n| |i|n|t|e|r|a|c|t|i|v|e| |w|e|b|r|e|n|d|e|r|,102210fe594ee9b33d82058545b1ed14f4c8206e,fcp,reddit-billgates-post-1.billg,True,reddit-billgates-post-1.billg fcp opt cold fission webrender,,77,ms,firefox,446092768.0,1839455488,2024-02-06 07:31:17,1372455,,,,,,,,,,,,,,,,,,,,,,,,,,,,,,,,,,,,,,,,,,,,,,,,,TN
1903,c48ca61bc9255db0107d377c103a752265b60eb8,0.11871508379888274,autoland,4060709,13,fd0dfc9511c4c123e048823de9954312c2b907c1,linux1804-64-shippable-qr,True,False,,|c|o|l|d| |f|i|s|s|i|o|n| |i|n|t|e|r|a|c|t|i|v|e| |w|e|b|r|e|n|d|e|r|,102210fe594ee9b33d82058545b1ed14f4c8206e,fcp,reddit-billgates-post-1.billg,True,reddit-billgates-post-1.billg fcp opt cold fission webrender,,77,ms,firefox,446143434.0,1839625428,2024-02-06 11:44:40,1372588,,,,,,,,,,,,,,,,,,,,,,,,,,,,,,,,,,,,,,,,,,,,,,,,,TN
1904,79b38383448166074627506218757a9881ca5679,0.10614525139664799,autoland,4060709,13,fd0dfc9511c4c123e048823de9954312c2b907c1,linux1804-64-shippable-qr,True,False,,|c|o|l|d| |f|i|s|s|i|o|n| |i|n|t|e|r|a|c|t|i|v|e| |w|e|b|r|e|n|d|e|r|,102210fe594ee9b33d82058545b1ed14f4c8206e,fcp,reddit-billgates-post-1.billg,True,reddit-billgates-post-1.billg fcp opt cold fission webrender,,77,ms,firefox,446226551.0,1839943911,2024-02-06 17:15:13,1372809,,,,,,,,,,,,,,,,,,,,,,,,,,,,,,,,,,,,,,,,,,,,,,,,,TN
1905,1f93ea2744765ca11b90874574cc12168d3828a5,0.1203445065176908,autoland,4060709,13,fd0dfc9511c4c123e048823de9954312c2b907c1,linux1804-64-shippable-qr,True,False,,|c|o|l|d| |f|i|s|s|i|o|n| |i|n|t|e|r|a|c|t|i|v|e| |w|e|b|r|e|n|d|e|r|,102210fe594ee9b33d82058545b1ed14f4c8206e,fcp,reddit-billgates-post-1.billg,True,reddit-billgates-post-1.billg fcp opt cold fission webrender,,77,ms,firefox,446213925.0,1839915859,2024-02-06 17:24:04,1372818,,,,,,,,,,,,,,,,,,,,,,,,,,,,,,,,,,,,,,,,,,,,,,,,,TN
1906,7b42121a4f48dfc82d82b04a831204e7b9fa7cdb,0.14455307262569828,autoland,4060709,13,fd0dfc9511c4c123e048823de9954312c2b907c1,linux1804-64-shippable-qr,True,False,,|c|o|l|d| |f|i|s|s|i|o|n| |i|n|t|e|r|a|c|t|i|v|e| |w|e|b|r|e|n|d|e|r|,102210fe594ee9b33d82058545b1ed14f4c8206e,fcp,reddit-billgates-post-1.billg,True,reddit-billgates-post-1.billg fcp opt cold fission webrender,,77,ms,firefox,446280208.0,1840294541,2024-02-06 18:54:58,1372905,,,,,,,,,,,,,,,,,,,,,,,,,,,,,,,,,,,,,,,,,,,,,,,,,TN
1907,e3c76a18de2b4456900f94551dae44407d64eaa3,0.11871508379888274,autoland,4060709,13,fd0dfc9511c4c123e048823de9954312c2b907c1,linux1804-64-shippable-qr,True,False,,|c|o|l|d| |f|i|s|s|i|o|n| |i|n|t|e|r|a|c|t|i|v|e| |w|e|b|r|e|n|d|e|r|,102210fe594ee9b33d82058545b1ed14f4c8206e,fcp,reddit-billgates-post-1.billg,True,reddit-billgates-post-1.billg fcp opt cold fission webrender,,77,ms,firefox,446279735.0,1840273039,2024-02-06 18:55:39,1372906,,,,,,,,,,,,,,,,,,,,,,,,,,,,,,,,,,,,,,,,,,,,,,,,,TN
1908,1d87eb92ed10d04dccab53b631b14010ca09beb6,0.11824953445065178,autoland,4060709,13,fd0dfc9511c4c123e048823de9954312c2b907c1,linux1804-64-shippable-qr,True,False,,|c|o|l|d| |f|i|s|s|i|o|n| |i|n|t|e|r|a|c|t|i|v|e| |w|e|b|r|e|n|d|e|r|,102210fe594ee9b33d82058545b1ed14f4c8206e,fcp,reddit-billgates-post-1.billg,True,reddit-billgates-post-1.billg fcp opt cold fission webrender,,77,ms,firefox,446278042.0,1840258500,2024-02-07 04:17:01,1373159,,,,,,,,,,,,,,,,,,,,,,,,,,,,,,,,,,,,,,,,,,,,,,,,,TN
1909,fce00cd55ffb9127f24e7e1d2186178f72429fce,0.14874301675977653,autoland,4060709,13,fd0dfc9511c4c123e048823de9954312c2b907c1,linux1804-64-shippable-qr,True,False,,|c|o|l|d| |f|i|s|s|i|o|n| |i|n|t|e|r|a|c|t|i|v|e| |w|e|b|r|e|n|d|e|r|,102210fe594ee9b33d82058545b1ed14f4c8206e,fcp,reddit-billgates-post-1.billg,True,reddit-billgates-post-1.billg fcp opt cold fission webrender,,77,ms,firefox,446281009.0,1840298267,2024-02-07 04:22:59,1373168,,,,,,,,,,,,,,,,,,,,,,,,,,,,,,,,,,,,,,,,,,,,,,,,,TN
1910,df59ba0b3152fb8f6812b413bd2a6869bff469c1,0.12616387337057722,autoland,4060709,13,fd0dfc9511c4c123e048823de9954312c2b907c1,linux1804-64-shippable-qr,True,False,,|c|o|l|d| |f|i|s|s|i|o|n| |i|n|t|e|r|a|c|t|i|v|e| |w|e|b|r|e|n|d|e|r|,102210fe594ee9b33d82058545b1ed14f4c8206e,fcp,reddit-billgates-post-1.billg,True,reddit-billgates-post-1.billg fcp opt cold fission webrender,,77,ms,firefox,446304555.0,1840429320,2024-02-07 08:54:39,1373246,,,,,,,,,,,,,,,,,,,,,,,,,,,,,,,,,,,,,,,,,,,,,,,,,TN
1911,ab5b008e36a4742d737a89c8cbfc1a69e2b76456,0.1361731843575419,autoland,4060709,13,fd0dfc9511c4c123e048823de9954312c2b907c1,linux1804-64-shippable-qr,True,False,,|c|o|l|d| |f|i|s|s|i|o|n| |i|n|t|e|r|a|c|t|i|v|e| |w|e|b|r|e|n|d|e|r|,102210fe594ee9b33d82058545b1ed14f4c8206e,fcp,reddit-billgates-post-1.billg,True,reddit-billgates-post-1.billg fcp opt cold fission webrender,,77,ms,firefox,446304036.0,1840379551,2024-02-07 09:01:16,1373249,,,,,,,,,,,,,,,,,,,,,,,,,,,,,,,,,,,,,,,,,,,,,,,,,TN
1912,ec34bf3905e43d945effa45ba094092c7355d4b2,0.21461824953445063,autoland,4060709,13,fd0dfc9511c4c123e048823de9954312c2b907c1,linux1804-64-shippable-qr,True,False,,|c|o|l|d| |f|i|s|s|i|o|n| |i|n|t|e|r|a|c|t|i|v|e| |w|e|b|r|e|n|d|e|r|,102210fe594ee9b33d82058545b1ed14f4c8206e,fcp,reddit-billgates-post-1.billg,True,reddit-billgates-post-1.billg fcp opt cold fission webrender,,77,ms,firefox,446359463.0,1840543507,2024-02-07 13:03:40,1373380,,,,,,,,,,,,,,,,,,,,,,,,,,,,,,,,,,,,,,,,,,,,,,,,,TN
1913,fdda8b6b095615f06fbef5c21ff9ad0a90927c83,0.10405027932960886,autoland,4060709,13,fd0dfc9511c4c123e048823de9954312c2b907c1,linux1804-64-shippable-qr,True,False,,|c|o|l|d| |f|i|s|s|i|o|n| |i|n|t|e|r|a|c|t|i|v|e| |w|e|b|r|e|n|d|e|r|,102210fe594ee9b33d82058545b1ed14f4c8206e,fcp,reddit-billgates-post-1.billg,True,reddit-billgates-post-1.billg fcp opt cold fission webrender,,77,ms,firefox,446365313.0,1840588338,2024-02-07 14:05:10,1373437,,,,,,,,,,,,,,,,,,,,,,,,,,,,,,,,,,,,,,,,,,,,,,,,,TN
1914,1e73637ac83a296d733bc304b12c2e2f1ba09fe1,0.13966480446927376,autoland,4060709,13,fd0dfc9511c4c123e048823de9954312c2b907c1,linux1804-64-shippable-qr,True,False,,|c|o|l|d| |f|i|s|s|i|o|n| |i|n|t|e|r|a|c|t|i|v|e| |w|e|b|r|e|n|d|e|r|,102210fe594ee9b33d82058545b1ed14f4c8206e,fcp,reddit-billgates-post-1.billg,True,reddit-billgates-post-1.billg fcp opt cold fission webrender,,77,ms,firefox,446463132.0,1841021692,2024-02-07 16:25:30,1373562,,,,,,,,,,,,,,,,,,,,,,,,,,,,,,,,,,,,,,,,,,,,,,,,,TN
1915,b2e92a2d742f43ad92c80b206b3db15a6256fdd8,0.13105214152700184,autoland,4060709,13,fd0dfc9511c4c123e048823de9954312c2b907c1,linux1804-64-shippable-qr,True,False,,|c|o|l|d| |f|i|s|s|i|o|n| |i|n|t|e|r|a|c|t|i|v|e| |w|e|b|r|e|n|d|e|r|,102210fe594ee9b33d82058545b1ed14f4c8206e,fcp,reddit-billgates-post-1.billg,True,reddit-billgates-post-1.billg fcp opt cold fission webrender,,77,ms,firefox,446464286.0,1841026797,2024-02-07 16:59:51,1373603,,,,,,,,,,,,,,,,,,,,,,,,,,,,,,,,,,,,,,,,,,,,,,,,,TN
1916,fcafc196f2cef3d5c607edaa0f66c96cdf1708d6,0.12011173184357538,autoland,4060709,13,fd0dfc9511c4c123e048823de9954312c2b907c1,linux1804-64-shippable-qr,True,False,,|c|o|l|d| |f|i|s|s|i|o|n| |i|n|t|e|r|a|c|t|i|v|e| |w|e|b|r|e|n|d|e|r|,102210fe594ee9b33d82058545b1ed14f4c8206e,fcp,reddit-billgates-post-1.billg,True,reddit-billgates-post-1.billg fcp opt cold fission webrender,,77,ms,firefox,446409812.0,1840752952,2024-02-07 17:25:01,1373622,,,,,,,,,,,,,,,,,,,,,,,,,,,,,,,,,,,,,,,,,,,,,,,,,TN
1917,0eee0e78f83c43165f612c4e7f3f7ff52d665b9c,0.11312849162011174,autoland,4060709,13,fd0dfc9511c4c123e048823de9954312c2b907c1,linux1804-64-shippable-qr,True,False,,|c|o|l|d| |f|i|s|s|i|o|n| |i|n|t|e|r|a|c|t|i|v|e| |w|e|b|r|e|n|d|e|r|,102210fe594ee9b33d82058545b1ed14f4c8206e,fcp,reddit-billgates-post-1.billg,True,reddit-billgates-post-1.billg fcp opt cold fission webrender,,77,ms,firefox,446430652.0,1840838820,2024-02-07 21:31:39,1373826,,,,,,,,,,,,,,,,,,,,,,,,,,,,,,,,,,,,,,,,,,,,,,,,,TN
1918,1cb745ef034e9cd65d98c15632e13f5862e7390b,0.11941340782122911,autoland,4060709,13,fd0dfc9511c4c123e048823de9954312c2b907c1,linux1804-64-shippable-qr,True,False,,|c|o|l|d| |f|i|s|s|i|o|n| |i|n|t|e|r|a|c|t|i|v|e| |w|e|b|r|e|n|d|e|r|,102210fe594ee9b33d82058545b1ed14f4c8206e,fcp,reddit-billgates-post-1.billg,True,reddit-billgates-post-1.billg fcp opt cold fission webrender,,77,ms,firefox,446431019.0,1840847128,2024-02-07 21:36:53,1373829,,,,,,,,,,,,,,,,,,,,,,,,,,,,,,,,,,,,,,,,,,,,,,,,,TN
1919,0cb1cb869761baae745081466c878e32a7d83888,0.11871508379888274,autoland,4060709,13,fd0dfc9511c4c123e048823de9954312c2b907c1,linux1804-64-shippable-qr,True,False,,|c|o|l|d| |f|i|s|s|i|o|n| |i|n|t|e|r|a|c|t|i|v|e| |w|e|b|r|e|n|d|e|r|,102210fe594ee9b33d82058545b1ed14f4c8206e,fcp,reddit-billgates-post-1.billg,True,reddit-billgates-post-1.billg fcp opt cold fission webrender,,77,ms,firefox,446455720.0,1840954997,2024-02-08 01:47:30,1373927,,,,,,,,,,,,,,,,,,,,,,,,,,,,,,,,,,,,,,,,,,,,,,,,,TN
1920,bbcb9c75a4919aa67c2fc1ec689eb69d653990dd,0.11173184357541899,autoland,4060709,13,fd0dfc9511c4c123e048823de9954312c2b907c1,linux1804-64-shippable-qr,True,False,,|c|o|l|d| |f|i|s|s|i|o|n| |i|n|t|e|r|a|c|t|i|v|e| |w|e|b|r|e|n|d|e|r|,102210fe594ee9b33d82058545b1ed14f4c8206e,fcp,reddit-billgates-post-1.billg,True,reddit-billgates-post-1.billg fcp opt cold fission webrender,,77,ms,firefox,446457457.0,1840973506,2024-02-08 02:38:53,1373953,,,,,,,,,,,,,,,,,,,,,,,,,,,,,,,,,,,,,,,,,,,,,,,,,TN
1921,344524bd7c755d7d7fcfca1d69503577b07db2b7,0.13361266294227192,autoland,4060709,13,fd0dfc9511c4c123e048823de9954312c2b907c1,linux1804-64-shippable-qr,True,False,,|c|o|l|d| |f|i|s|s|i|o|n| |i|n|t|e|r|a|c|t|i|v|e| |w|e|b|r|e|n|d|e|r|,102210fe594ee9b33d82058545b1ed14f4c8206e,fcp,reddit-billgates-post-1.billg,True,reddit-billgates-post-1.billg fcp opt cold fission webrender,,77,ms,firefox,446471378.0,1841059718,2024-02-08 07:03:19,1374007,,,,,,,,,,,,,,,,,,,,,,,,,,,,,,,,,,,,,,,,,,,,,,,,,TN
1922,286029e09b16d8910d7110864541cdb9d4b84681,0.12011173184357538,autoland,4060709,13,fd0dfc9511c4c123e048823de9954312c2b907c1,linux1804-64-shippable-qr,True,False,,|c|o|l|d| |f|i|s|s|i|o|n| |i|n|t|e|r|a|c|t|i|v|e| |w|e|b|r|e|n|d|e|r|,102210fe594ee9b33d82058545b1ed14f4c8206e,fcp,reddit-billgates-post-1.billg,True,reddit-billgates-post-1.billg fcp opt cold fission webrender,,77,ms,firefox,446530477.0,1841277033,2024-02-08 14:56:42,1374192,,,,,,,,,,,,,,,,,,,,,,,,,,,,,,,,,,,,,,,,,,,,,,,,,TN
1923,590071462358f92ff5d36dc8f99a472a45101fdb,0.12197392923649908,autoland,4060709,13,fd0dfc9511c4c123e048823de9954312c2b907c1,linux1804-64-shippable-qr,True,False,,|c|o|l|d| |f|i|s|s|i|o|n| |i|n|t|e|r|a|c|t|i|v|e| |w|e|b|r|e|n|d|e|r|,102210fe594ee9b33d82058545b1ed14f4c8206e,fcp,reddit-billgates-post-1.billg,True,reddit-billgates-post-1.billg fcp opt cold fission webrender,,77,ms,firefox,446534598.0,1841297447,2024-02-08 16:03:43,1374244,,,,,,,,,,,,,,,,,,,,,,,,,,,,,,,,,,,,,,,,,,,,,,,,,TN
1924,d1407828e12f283b72201d60546963da4142ff63,0.1964618249534451,autoland,4060709,13,fd0dfc9511c4c123e048823de9954312c2b907c1,linux1804-64-shippable-qr,True,False,,|c|o|l|d| |f|i|s|s|i|o|n| |i|n|t|e|r|a|c|t|i|v|e| |w|e|b|r|e|n|d|e|r|,102210fe594ee9b33d82058545b1ed14f4c8206e,fcp,reddit-billgates-post-1.billg,True,reddit-billgates-post-1.billg fcp opt cold fission webrender,,77,ms,firefox,446618628.0,1841651527,2024-02-08 16:06:07,1374249,,,,,,,,,,,,,,,,,,,,,,,,,,,,,,,,,,,,,,,,,,,,,,,,,TN
1925,242972a790a380b96902a401bcdf1e8ad8152951,0.12197392923649908,autoland,4060709,13,fd0dfc9511c4c123e048823de9954312c2b907c1,linux1804-64-shippable-qr,True,False,,|c|o|l|d| |f|i|s|s|i|o|n| |i|n|t|e|r|a|c|t|i|v|e| |w|e|b|r|e|n|d|e|r|,102210fe594ee9b33d82058545b1ed14f4c8206e,fcp,reddit-billgates-post-1.billg,True,reddit-billgates-post-1.billg fcp opt cold fission webrender,,77,ms,firefox,446618550.0,1841647577,2024-02-08 16:06:52,1374250,,,,,,,,,,,,,,,,,,,,,,,,,,,,,,,,,,,,,,,,,,,,,,,,,TN
1926,8b424277a5065ea04bc1818e9ba12a8b24c12008,0.12150837988826813,autoland,4060709,13,fd0dfc9511c4c123e048823de9954312c2b907c1,linux1804-64-shippable-qr,True,False,,|c|o|l|d| |f|i|s|s|i|o|n| |i|n|t|e|r|a|c|t|i|v|e| |w|e|b|r|e|n|d|e|r|,102210fe594ee9b33d82058545b1ed14f4c8206e,fcp,reddit-billgates-post-1.billg,True,reddit-billgates-post-1.billg fcp opt cold fission webrender,,77,ms,firefox,446588438.0,1841513728,2024-02-08 22:41:03,1374550,,,,,,,,,,,,,,,,,,,,,,,,,,,,,,,,,,,,,,,,,,,,,,,,,TN
1927,ba6c8f006d21287c25440f5141e3eead45bd9f96,0.13012104283054005,autoland,4060709,13,fd0dfc9511c4c123e048823de9954312c2b907c1,linux1804-64-shippable-qr,True,False,,|c|o|l|d| |f|i|s|s|i|o|n| |i|n|t|e|r|a|c|t|i|v|e| |w|e|b|r|e|n|d|e|r|,102210fe594ee9b33d82058545b1ed14f4c8206e,fcp,reddit-billgates-post-1.billg,True,reddit-billgates-post-1.billg fcp opt cold fission webrender,,77,ms,firefox,446590658.0,1841536464,2024-02-08 23:27:55,1374577,,,,,,,,,,,,,,,,,,,,,,,,,,,,,,,,,,,,,,,,,,,,,,,,,TN
1928,b17a56f7d0a828b62b52f572c8237345bf64786f,0.14688081936685282,autoland,4060709,13,fd0dfc9511c4c123e048823de9954312c2b907c1,linux1804-64-shippable-qr,True,False,,|c|o|l|d| |f|i|s|s|i|o|n| |i|n|t|e|r|a|c|t|i|v|e| |w|e|b|r|e|n|d|e|r|,102210fe594ee9b33d82058545b1ed14f4c8206e,fcp,reddit-billgates-post-1.billg,True,reddit-billgates-post-1.billg fcp opt cold fission webrender,,77,ms,firefox,446616206.0,1841634760,2024-02-09 04:08:21,1374660,,,,,,,,,,,,,,,,,,,,,,,,,,,,,,,,,,,,,,,,,,,,,,,,,TN
1929,7b81e807e547afd0cca0453e9697e58369ae5e92,0.10172253258845437,autoland,4060709,13,fd0dfc9511c4c123e048823de9954312c2b907c1,linux1804-64-shippable-qr,True,False,,|c|o|l|d| |f|i|s|s|i|o|n| |i|n|t|e|r|a|c|t|i|v|e| |w|e|b|r|e|n|d|e|r|,102210fe594ee9b33d82058545b1ed14f4c8206e,fcp,reddit-billgates-post-1.billg,True,reddit-billgates-post-1.billg fcp opt cold fission webrender,,77,ms,firefox,446638534.0,1841725189,2024-02-09 08:27:03,1374718,,,,,,,,,,,,,,,,,,,,,,,,,,,,,,,,,,,,,,,,,,,,,,,,,TN
1930,045e453bba33077fb8d5641ca3706f3785ce14f5,0.11522346368715086,autoland,4060709,13,fd0dfc9511c4c123e048823de9954312c2b907c1,linux1804-64-shippable-qr,True,False,,|c|o|l|d| |f|i|s|s|i|o|n| |i|n|t|e|r|a|c|t|i|v|e| |w|e|b|r|e|n|d|e|r|,102210fe594ee9b33d82058545b1ed14f4c8206e,fcp,reddit-billgates-post-1.billg,True,reddit-billgates-post-1.billg fcp opt cold fission webrender,,77,ms,firefox,446671847.0,1841860997,2024-02-09 11:56:29,1374806,,,,,,,,,,,,,,,,,,,,,,,,,,,,,,,,,,,,,,,,,,,,,,,,,TN
1931,193e6982f5a17f0fa7cced978df3079f87e4ad99,0.09753258845437618,autoland,4060709,13,fd0dfc9511c4c123e048823de9954312c2b907c1,linux1804-64-shippable-qr,True,False,,|c|o|l|d| |f|i|s|s|i|o|n| |i|n|t|e|r|a|c|t|i|v|e| |w|e|b|r|e|n|d|e|r|,102210fe594ee9b33d82058545b1ed14f4c8206e,fcp,reddit-billgates-post-1.billg,True,reddit-billgates-post-1.billg fcp opt cold fission webrender,,77,ms,firefox,446723073.0,1842014913,2024-02-09 16:09:01,1374959,,,,,,,,,,,,,,,,,,,,,,,,,,,,,,,,,,,,,,,,,,,,,,,,,TN
1932,39d76f98160905dab2a294ece0e03ee8ba5ba4cc,0.10195530726256985,autoland,4060709,13,fd0dfc9511c4c123e048823de9954312c2b907c1,linux1804-64-shippable-qr,True,False,,|c|o|l|d| |f|i|s|s|i|o|n| |i|n|t|e|r|a|c|t|i|v|e| |w|e|b|r|e|n|d|e|r|,102210fe594ee9b33d82058545b1ed14f4c8206e,fcp,reddit-billgates-post-1.billg,True,reddit-billgates-post-1.billg fcp opt cold fission webrender,,77,ms,firefox,446732406.0,1842058158,2024-02-09 17:06:42,1375009,,,,,,,,,,,,,,,,,,,,,,,,,,,,,,,,,,,,,,,,,,,,,,,,,TN
1933,0fb5f3212fd93e901bed6bb19bd8b63339869991,0.101024208566108,autoland,4060709,13,fd0dfc9511c4c123e048823de9954312c2b907c1,linux1804-64-shippable-qr,True,False,,|c|o|l|d| |f|i|s|s|i|o|n| |i|n|t|e|r|a|c|t|i|v|e| |w|e|b|r|e|n|d|e|r|,102210fe594ee9b33d82058545b1ed14f4c8206e,fcp,reddit-billgates-post-1.billg,True,reddit-billgates-post-1.billg fcp opt cold fission webrender,,77,ms,firefox,446760521.0,1842183260,2024-02-09 21:47:15,1375247,,,,,,,,,,,,,,,,,,,,,,,,,,,,,,,,,,,,,,,,,,,,,,,,,TN
1934,20876ae07c4b760464125773aa45200a98f34159,0.12546554934823095,autoland,4060709,13,fd0dfc9511c4c123e048823de9954312c2b907c1,linux1804-64-shippable-qr,True,False,,|c|o|l|d| |f|i|s|s|i|o|n| |i|n|t|e|r|a|c|t|i|v|e| |w|e|b|r|e|n|d|e|r|,102210fe594ee9b33d82058545b1ed14f4c8206e,fcp,reddit-billgates-post-1.billg,True,reddit-billgates-post-1.billg fcp opt cold fission webrender,,77,ms,firefox,446786751.0,1842281375,2024-02-10 07:03:30,1375365,,,,,,,,,,,,,,,,,,,,,,,,,,,,,,,,,,,,,,,,,,,,,,,,,TN
1935,b09350ff8440d3ef5d3ac2b811bfe9a5d243196a,0.0982309124767225,autoland,4060709,13,fd0dfc9511c4c123e048823de9954312c2b907c1,linux1804-64-shippable-qr,True,False,,|c|o|l|d| |f|i|s|s|i|o|n| |i|n|t|e|r|a|c|t|i|v|e| |w|e|b|r|e|n|d|e|r|,102210fe594ee9b33d82058545b1ed14f4c8206e,fcp,reddit-billgates-post-1.billg,True,reddit-billgates-post-1.billg fcp opt cold fission webrender,,77,ms,firefox,446814389.0,1842375910,2024-02-10 13:47:16,1375389,,,,,,,,,,,,,,,,,,,,,,,,,,,,,,,,,,,,,,,,,,,,,,,,,TN
1936,f6690a5e6ceef6b384dc31d4485e790a4935508a,0.09892923649906893,autoland,4060709,13,fd0dfc9511c4c123e048823de9954312c2b907c1,linux1804-64-shippable-qr,True,False,,|c|o|l|d| |f|i|s|s|i|o|n| |i|n|t|e|r|a|c|t|i|v|e| |w|e|b|r|e|n|d|e|r|,102210fe594ee9b33d82058545b1ed14f4c8206e,fcp,reddit-billgates-post-1.billg,True,reddit-billgates-post-1.billg fcp opt cold fission webrender,,77,ms,firefox,446820016.0,1842398862,2024-02-10 17:58:32,1375417,,,,,,,,,,,,,,,,,,,,,,,,,,,,,,,,,,,,,,,,,,,,,,,,,TN
1937,f92c77fccb76549171ecc809818a26b1eb883b43,0.10242085661080075,autoland,4060709,13,fd0dfc9511c4c123e048823de9954312c2b907c1,linux1804-64-shippable-qr,True,False,,|c|o|l|d| |f|i|s|s|i|o|n| |i|n|t|e|r|a|c|t|i|v|e| |w|e|b|r|e|n|d|e|r|,102210fe594ee9b33d82058545b1ed14f4c8206e,fcp,reddit-billgates-post-1.billg,True,reddit-billgates-post-1.billg fcp opt cold fission webrender,,77,ms,firefox,446840014.0,1842466180,2024-02-11 02:31:23,1375439,,,,,,,,,,,,,,,,,,,,,,,,,,,,,,,,,,,,,,,,,,,,,,,,,TN
1938,13676fc9b0cd8461cb9863d3a2d1b9a696a9c0f5,0.11871508379888274,autoland,4060709,13,fd0dfc9511c4c123e048823de9954312c2b907c1,linux1804-64-shippable-qr,True,False,,|c|o|l|d| |f|i|s|s|i|o|n| |i|n|t|e|r|a|c|t|i|v|e| |w|e|b|r|e|n|d|e|r|,102210fe594ee9b33d82058545b1ed14f4c8206e,fcp,reddit-billgates-post-1.billg,True,reddit-billgates-post-1.billg fcp opt cold fission webrender,,77,ms,firefox,446873032.0,1842608464,2024-02-11 15:25:51,1375518,,,,,,,,,,,,,,,,,,,,,,,,,,,,,,,,,,,,,,,,,,,,,,,,,TN
1939,1d7c6ca36b30093e9822c8c2e74db03474e093cd,0.12383612662942267,autoland,4060709,13,fd0dfc9511c4c123e048823de9954312c2b907c1,linux1804-64-shippable-qr,True,False,,|c|o|l|d| |f|i|s|s|i|o|n| |i|n|t|e|r|a|c|t|i|v|e| |w|e|b|r|e|n|d|e|r|,102210fe594ee9b33d82058545b1ed14f4c8206e,fcp,reddit-billgates-post-1.billg,True,reddit-billgates-post-1.billg fcp opt cold fission webrender,,77,ms,firefox,447044260.0,1843193483,2024-02-12 15:03:24,1375832,,,,,,,,,,,,,,,,,,,,,,,,,,,,,,,,,,,,,,,,,,,,,,,,,TN
1940,39631cf9791b027f8480e62183e72f6daf8ae046,0.13431098696461818,autoland,4060709,13,fd0dfc9511c4c123e048823de9954312c2b907c1,linux1804-64-shippable-qr,True,False,,|c|o|l|d| |f|i|s|s|i|o|n| |i|n|t|e|r|a|c|t|i|v|e| |w|e|b|r|e|n|d|e|r|,102210fe594ee9b33d82058545b1ed14f4c8206e,fcp,reddit-billgates-post-1.billg,True,reddit-billgates-post-1.billg fcp opt cold fission webrender,,77,ms,firefox,447044408.0,1843207908,2024-02-12 15:04:07,1375833,,,,,,,,,,,,,,,,,,,,,,,,,,,,,,,,,,,,,,,,,,,,,,,,,TN
1941,cab51450b6bd71ade4db0f49831f7e402b375b45,0.11638733705772808,autoland,4060709,13,fd0dfc9511c4c123e048823de9954312c2b907c1,linux1804-64-shippable-qr,True,False,,|c|o|l|d| |f|i|s|s|i|o|n| |i|n|t|e|r|a|c|t|i|v|e| |w|e|b|r|e|n|d|e|r|,102210fe594ee9b33d82058545b1ed14f4c8206e,fcp,reddit-billgates-post-1.billg,True,reddit-billgates-post-1.billg fcp opt cold fission webrender,,77,ms,firefox,446944312.0,1842913494,2024-02-12 15:53:07,1375888,,,,,,,,,,,,,,,,,,,,,,,,,,,,,,,,,,,,,,,,,,,,,,,,,TN
1942,753f8762281c81c9add69b918aa492348b16768f,0.11801675977653625,autoland,4060709,13,fd0dfc9511c4c123e048823de9954312c2b907c1,linux1804-64-shippable-qr,True,False,,|c|o|l|d| |f|i|s|s|i|o|n| |i|n|t|e|r|a|c|t|i|v|e| |w|e|b|r|e|n|d|e|r|,102210fe594ee9b33d82058545b1ed14f4c8206e,fcp,reddit-billgates-post-1.billg,True,reddit-billgates-post-1.billg fcp opt cold fission webrender,,77,ms,firefox,447046170.0,1843216544,2024-02-12 18:30:03,1376028,,,,,,,,,,,,,,,,,,,,,,,,,,,,,,,,,,,,,,,,,,,,,,,,,TN
1943,86ac645e866184f4a0cbb7bcbebf05d1fd15b3b7,0.14967411545623843,autoland,4060709,13,fd0dfc9511c4c123e048823de9954312c2b907c1,linux1804-64-shippable-qr,True,False,,|c|o|l|d| |f|i|s|s|i|o|n| |i|n|t|e|r|a|c|t|i|v|e| |w|e|b|r|e|n|d|e|r|,102210fe594ee9b33d82058545b1ed14f4c8206e,fcp,reddit-billgates-post-1.billg,True,reddit-billgates-post-1.billg fcp opt cold fission webrender,,77,ms,firefox,447050135.0,1843226967,2024-02-12 18:31:48,1376029,,,,,,,,,,,,,,,,,,,,,,,,,,,,,,,,,,,,,,,,,,,,,,,,,TN
1944,37ec3180a6cbce3bb2544f9a16b4ded4657c6eb6,0.16759776536312854,autoland,4060709,13,fd0dfc9511c4c123e048823de9954312c2b907c1,linux1804-64-shippable-qr,True,False,,|c|o|l|d| |f|i|s|s|i|o|n| |i|n|t|e|r|a|c|t|i|v|e| |w|e|b|r|e|n|d|e|r|,102210fe594ee9b33d82058545b1ed14f4c8206e,fcp,reddit-billgates-post-1.billg,True,reddit-billgates-post-1.billg fcp opt cold fission webrender,,77,ms,firefox,446973720.0,1842988981,2024-02-12 20:04:04,1376093,,,,,,,,,,,,,,,,,,,,,,,,,,,,,,,,,,,,,,,,,,,,,,,,,TN
1945,995a3050d70cb954214be8710caa54a1794745ec,0.13687150837988826,autoland,4060709,13,fd0dfc9511c4c123e048823de9954312c2b907c1,linux1804-64-shippable-qr,True,False,,|c|o|l|d| |f|i|s|s|i|o|n| |i|n|t|e|r|a|c|t|i|v|e| |w|e|b|r|e|n|d|e|r|,102210fe594ee9b33d82058545b1ed14f4c8206e,fcp,reddit-billgates-post-1.billg,True,reddit-billgates-post-1.billg fcp opt cold fission webrender,,77,ms,firefox,446977723.0,1843033893,2024-02-12 20:15:07,1376103,,,,,,,,,,,,,,,,,,,,,,,,,,,,,,,,,,,,,,,,,,,,,,,,,TN
1946,e7724c952412d5b322b1352d9665d9c956af76e8,0.09939478584729977,autoland,4060709,13,fd0dfc9511c4c123e048823de9954312c2b907c1,linux1804-64-shippable-qr,True,False,,|c|o|l|d| |f|i|s|s|i|o|n| |i|n|t|e|r|a|c|t|i|v|e| |w|e|b|r|e|n|d|e|r|,102210fe594ee9b33d82058545b1ed14f4c8206e,fcp,reddit-billgates-post-1.billg,True,reddit-billgates-post-1.billg fcp opt cold fission webrender,,77,ms,firefox,447033140.0,1843169587,2024-02-12 23:09:02,1376230,,,,,,,,,,,,,,,,,,,,,,,,,,,,,,,,,,,,,,,,,,,,,,,,,TN
1947,81c51e73deee4f4acc645831425d6a915b7977e4,0.11615456238361266,autoland,4060709,13,fd0dfc9511c4c123e048823de9954312c2b907c1,linux1804-64-shippable-qr,True,False,,|c|o|l|d| |f|i|s|s|i|o|n| |i|n|t|e|r|a|c|t|i|v|e| |w|e|b|r|e|n|d|e|r|,102210fe594ee9b33d82058545b1ed14f4c8206e,fcp,reddit-billgates-post-1.billg,True,reddit-billgates-post-1.billg fcp opt cold fission webrender,,77,ms,firefox,447035156.0,1843174627,2024-02-12 23:09:49,1376231,,,,,,,,,,,,,,,,,,,,,,,,,,,,,,,,,,,,,,,,,,,,,,,,,TN
1948,b316bafe790ef37c5585cadd21f6a2c8ebd749b9,0.0332867783985103,autoland,4060709,13,fd0dfc9511c4c123e048823de9954312c2b907c1,linux1804-64-shippable-qr,True,False,,|c|o|l|d| |f|i|s|s|i|o|n| |i|n|t|e|r|a|c|t|i|v|e| |w|e|b|r|e|n|d|e|r|,102210fe594ee9b33d82058545b1ed14f4c8206e,fcp,reddit-billgates-post-1.billg,True,reddit-billgates-post-1.billg fcp opt cold fission webrender,,77,ms,firefox,447022738.0,1843119464,2024-02-13 00:22:17,1376256,,,,,,,,,,,,,,,,,,,,,,,,,,,,,,,,,,,,,,,,,,,,,,,,,TN
1949,52fc8e3041c5f42dfa50438336b110a9a5e77f2b,0.1156890130353817,autoland,4060709,13,fd0dfc9511c4c123e048823de9954312c2b907c1,linux1804-64-shippable-qr,True,False,,|c|o|l|d| |f|i|s|s|i|o|n| |i|n|t|e|r|a|c|t|i|v|e| |w|e|b|r|e|n|d|e|r|,102210fe594ee9b33d82058545b1ed14f4c8206e,fcp,reddit-billgates-post-1.billg,True,reddit-billgates-post-1.billg fcp opt cold fission webrender,,77,ms,firefox,447033010.0,1843157103,2024-02-13 02:51:29,1376298,,,,,,,,,,,,,,,,,,,,,,,,,,,,,,,,,,,,,,,,,,,,,,,,,TN
1950,5f6ad5b21119b4bbef2bc6c9153e0f7329c20ebe,0.11592178770949724,autoland,4060709,13,fd0dfc9511c4c123e048823de9954312c2b907c1,linux1804-64-shippable-qr,True,False,,|c|o|l|d| |f|i|s|s|i|o|n| |i|n|t|e|r|a|c|t|i|v|e| |w|e|b|r|e|n|d|e|r|,102210fe594ee9b33d82058545b1ed14f4c8206e,fcp,reddit-billgates-post-1.billg,True,reddit-billgates-post-1.billg fcp opt cold fission webrender,,77,ms,firefox,447058093.0,1843274597,2024-02-13 06:57:28,1376370,,,,,,,,,,,,,,,,,,,,,,,,,,,,,,,,,,,,,,,,,,,,,,,,,TN
1951,c5320acccd4a760b0ae41149fcdd8fe44b658ee7,0.11941340782122911,autoland,4060709,13,fd0dfc9511c4c123e048823de9954312c2b907c1,linux1804-64-shippable-qr,True,False,,|c|o|l|d| |f|i|s|s|i|o|n| |i|n|t|e|r|a|c|t|i|v|e| |w|e|b|r|e|n|d|e|r|,102210fe594ee9b33d82058545b1ed14f4c8206e,fcp,reddit-billgates-post-1.billg,True,reddit-billgates-post-1.billg fcp opt cold fission webrender,,77,ms,firefox,447083139.0,1843356103,2024-02-13 09:49:45,1376447,,,,,,,,,,,,,,,,,,,,,,,,,,,,,,,,,,,,,,,,,,,,,,,,,TN
1952,0d474eb34652f4c47a16b6d83012c0f2e026dc00,0.10684357541899447,autoland,4060709,13,fd0dfc9511c4c123e048823de9954312c2b907c1,linux1804-64-shippable-qr,True,False,,|c|o|l|d| |f|i|s|s|i|o|n| |i|n|t|e|r|a|c|t|i|v|e| |w|e|b|r|e|n|d|e|r|,102210fe594ee9b33d82058545b1ed14f4c8206e,fcp,reddit-billgates-post-1.billg,True,reddit-billgates-post-1.billg fcp opt cold fission webrender,,77,ms,firefox,447111952.0,1843471344,2024-02-13 13:45:34,1376559,,,,,,,,,,,,,,,,,,,,,,,,,,,,,,,,,,,,,,,,,,,,,,,,,TN
1953,17329a53b9f9a20247103958883a0ce7c42af78d,0.11522346368715086,autoland,4060709,13,fd0dfc9511c4c123e048823de9954312c2b907c1,linux1804-64-shippable-qr,True,False,,|c|o|l|d| |f|i|s|s|i|o|n| |i|n|t|e|r|a|c|t|i|v|e| |w|e|b|r|e|n|d|e|r|,102210fe594ee9b33d82058545b1ed14f4c8206e,fcp,reddit-billgates-post-1.billg,True,reddit-billgates-post-1.billg fcp opt cold fission webrender,,77,ms,firefox,447130962.0,1843543414,2024-02-13 16:46:39,1376703,,,,,,,,,,,,,,,,,,,,,,,,,,,,,,,,,,,,,,,,,,,,,,,,,TN
1954,4a18caac75720f24abc9063ce8df5fa6b7948aa4,0.09916201117318435,autoland,4060709,13,fd0dfc9511c4c123e048823de9954312c2b907c1,linux1804-64-shippable-qr,True,False,,|c|o|l|d| |f|i|s|s|i|o|n| |i|n|t|e|r|a|c|t|i|v|e| |w|e|b|r|e|n|d|e|r|,102210fe594ee9b33d82058545b1ed14f4c8206e,fcp,reddit-billgates-post-1.billg,True,reddit-billgates-post-1.billg fcp opt cold fission webrender,,77,ms,firefox,447196061.0,1843736877,2024-02-14 00:47:09,1376921,,,,,,,,,,,,,,,,,,,,,,,,,,,,,,,,,,,,,,,,,,,,,,,,,TN
1955,aaaa3f2b8fed9e159a8b08e4263034e9a051be71,0.13966480446927376,autoland,4060709,13,fd0dfc9511c4c123e048823de9954312c2b907c1,linux1804-64-shippable-qr,True,False,,|c|o|l|d| |f|i|s|s|i|o|n| |i|n|t|e|r|a|c|t|i|v|e| |w|e|b|r|e|n|d|e|r|,102210fe594ee9b33d82058545b1ed14f4c8206e,fcp,reddit-billgates-post-1.billg,True,reddit-billgates-post-1.billg fcp opt cold fission webrender,,77,ms,firefox,447199276.0,1843760741,2024-02-14 01:35:59,1376937,,,,,,,,,,,,,,,,,,,,,,,,,,,,,,,,,,,,,,,,,,,,,,,,,TN
1956,1b24ea8c2e7e02f00bd61e8cd672da76b16c42a6,0.10265363128491617,autoland,4060709,13,fd0dfc9511c4c123e048823de9954312c2b907c1,linux1804-64-shippable-qr,True,False,,|c|o|l|d| |f|i|s|s|i|o|n| |i|n|t|e|r|a|c|t|i|v|e| |w|e|b|r|e|n|d|e|r|,102210fe594ee9b33d82058545b1ed14f4c8206e,fcp,reddit-billgates-post-1.billg,True,reddit-billgates-post-1.billg fcp opt cold fission webrender,,77,ms,firefox,447215298.0,1843819824,2024-02-14 05:55:05,1376972,,,,,,,,,,,,,,,,,,,,,,,,,,,,,,,,,,,,,,,,,,,,,,,,,TN
1957,dca10aca1871edfdba5107bc7766982b186d7f2c,0.09869646182495345,autoland,4060709,13,fd0dfc9511c4c123e048823de9954312c2b907c1,linux1804-64-shippable-qr,True,False,,|c|o|l|d| |f|i|s|s|i|o|n| |i|n|t|e|r|a|c|t|i|v|e| |w|e|b|r|e|n|d|e|r|,102210fe594ee9b33d82058545b1ed14f4c8206e,fcp,reddit-billgates-post-1.billg,True,reddit-billgates-post-1.billg fcp opt cold fission webrender,,77,ms,firefox,447273708.0,1843973848,2024-02-14 15:32:04,1377071,,,,,,,,,,,,,,,,,,,,,,,,,,,,,,,,,,,,,,,,,,,,,,,,,TN
1958,2ea0fda6ec6ed02a530a3a4bb67fabb0d14d403f,0.11475791433891991,autoland,4060709,13,fd0dfc9511c4c123e048823de9954312c2b907c1,linux1804-64-shippable-qr,True,False,,|c|o|l|d| |f|i|s|s|i|o|n| |i|n|t|e|r|a|c|t|i|v|e| |w|e|b|r|e|n|d|e|r|,102210fe594ee9b33d82058545b1ed14f4c8206e,fcp,reddit-billgates-post-1.billg,True,reddit-billgates-post-1.billg fcp opt cold fission webrender,,77,ms,firefox,447284507.0,1844023665,2024-02-14 15:37:30,1377078,,,,,,,,,,,,,,,,,,,,,,,,,,,,,,,,,,,,,,,,,,,,,,,,,TN
1959,466985b4c0ca5b200d4dac6fe17e528f81b1c8a7,0.1259310986964618,autoland,4060709,13,fd0dfc9511c4c123e048823de9954312c2b907c1,linux1804-64-shippable-qr,True,False,,|c|o|l|d| |f|i|s|s|i|o|n| |i|n|t|e|r|a|c|t|i|v|e| |w|e|b|r|e|n|d|e|r|,102210fe594ee9b33d82058545b1ed14f4c8206e,fcp,reddit-billgates-post-1.billg,True,reddit-billgates-post-1.billg fcp opt cold fission webrender,,77,ms,firefox,447348523.0,1844257136,2024-02-14 17:52:22,1377119,,,,,,,,,,,,,,,,,,,,,,,,,,,,,,,,,,,,,,,,,,,,,,,,,TN
1960,223dbcb9e4a51eb75c8c9ed3cd201826a8600b3b,0.15526070763500932,autoland,4060709,13,fd0dfc9511c4c123e048823de9954312c2b907c1,linux1804-64-shippable-qr,True,False,,|c|o|l|d| |f|i|s|s|i|o|n| |i|n|t|e|r|a|c|t|i|v|e| |w|e|b|r|e|n|d|e|r|,102210fe594ee9b33d82058545b1ed14f4c8206e,fcp,reddit-billgates-post-1.billg,True,reddit-billgates-post-1.billg fcp opt cold fission webrender,,77,ms,firefox,447350720.0,1844265261,2024-02-14 17:53:01,1377120,,,,,,,,,,,,,,,,,,,,,,,,,,,,,,,,,,,,,,,,,,,,,,,,,TN
1961,b0b34dab81d56b5e5ee526c9f44e926db4b27dce,0.12662942271880817,autoland,4060709,13,fd0dfc9511c4c123e048823de9954312c2b907c1,linux1804-64-shippable-qr,True,False,,|c|o|l|d| |f|i|s|s|i|o|n| |i|n|t|e|r|a|c|t|i|v|e| |w|e|b|r|e|n|d|e|r|,102210fe594ee9b33d82058545b1ed14f4c8206e,fcp,reddit-billgates-post-1.billg,True,reddit-billgates-post-1.billg fcp opt cold fission webrender,,77,ms,firefox,447311098.0,1844088528,2024-02-14 20:39:05,1377195,,,,,,,,,,,,,,,,,,,,,,,,,,,,,,,,,,,,,,,,,,,,,,,,,TN
1962,981afc9a696a12b7e873eae165925138a2726efe,0.11103351955307261,autoland,4060709,13,fd0dfc9511c4c123e048823de9954312c2b907c1,linux1804-64-shippable-qr,True,False,,|c|o|l|d| |f|i|s|s|i|o|n| |i|n|t|e|r|a|c|t|i|v|e| |w|e|b|r|e|n|d|e|r|,102210fe594ee9b33d82058545b1ed14f4c8206e,fcp,reddit-billgates-post-1.billg,True,reddit-billgates-post-1.billg fcp opt cold fission webrender,,77,ms,firefox,447332192.0,1844163443,2024-02-15 00:51:05,1377256,,,,,,,,,,,,,,,,,,,,,,,,,,,,,,,,,,,,,,,,,,,,,,,,,TN
1963,aa5fc411278d3beae081682cb31a2167257d3aed,0.12523277467411553,autoland,4060709,13,fd0dfc9511c4c123e048823de9954312c2b907c1,linux1804-64-shippable-qr,True,False,,|c|o|l|d| |f|i|s|s|i|o|n| |i|n|t|e|r|a|c|t|i|v|e| |w|e|b|r|e|n|d|e|r|,102210fe594ee9b33d82058545b1ed14f4c8206e,fcp,reddit-billgates-post-1.billg,True,reddit-billgates-post-1.billg fcp opt cold fission webrender,,77,ms,firefox,447347978.0,1844229790,2024-02-15 04:52:31,1377304,,,,,,,,,,,,,,,,,,,,,,,,,,,,,,,,,,,,,,,,,,,,,,,,,TN
1964,2b4e9ee6225f1183da45d24404e72f48e3803f08,0.09031657355679706,autoland,4060709,13,fd0dfc9511c4c123e048823de9954312c2b907c1,linux1804-64-shippable-qr,True,False,,|c|o|l|d| |f|i|s|s|i|o|n| |i|n|t|e|r|a|c|t|i|v|e| |w|e|b|r|e|n|d|e|r|,102210fe594ee9b33d82058545b1ed14f4c8206e,fcp,reddit-billgates-post-1.billg,True,reddit-billgates-post-1.billg fcp opt cold fission webrender,,77,ms,firefox,447389395.0,1844384209,2024-02-15 12:49:34,1377375,,,,,,,,,,,,,,,,,,,,,,,,,,,,,,,,,,,,,,,,,,,,,,,,,TN
1965,dbe553dd13b79a3c4821f203f3adca31fe71cc56,0.08472998137802606,autoland,4060709,13,fd0dfc9511c4c123e048823de9954312c2b907c1,linux1804-64-shippable-qr,True,False,,|c|o|l|d| |f|i|s|s|i|o|n| |i|n|t|e|r|a|c|t|i|v|e| |w|e|b|r|e|n|d|e|r|,102210fe594ee9b33d82058545b1ed14f4c8206e,fcp,reddit-billgates-post-1.billg,True,reddit-billgates-post-1.billg fcp opt cold fission webrender,,77,ms,firefox,447407240.0,1844448139,2024-02-15 16:23:45,1377427,,,,,,,,,,,,,,,,,,,,,,,,,,,,,,,,,,,,,,,,,,,,,,,,,TN
1966,960b4f0570e98c1d761e11649d09838eb8123a33,0.09194599627560524,autoland,4060709,13,fd0dfc9511c4c123e048823de9954312c2b907c1,linux1804-64-shippable-qr,True,False,,|c|o|l|d| |f|i|s|s|i|o|n| |i|n|t|e|r|a|c|t|i|v|e| |w|e|b|r|e|n|d|e|r|,102210fe594ee9b33d82058545b1ed14f4c8206e,fcp,reddit-billgates-post-1.billg,True,reddit-billgates-post-1.billg fcp opt cold fission webrender,,77,ms,firefox,447479991.0,1844710896,2024-02-15 16:24:25,1377428,,,,,,,,,,,,,,,,,,,,,,,,,,,,,,,,,,,,,,,,,,,,,,,,,TN
1967,02d5bc9805676f9a22f3cef50c86ddc38e7534d9,0.11103351955307261,autoland,4060709,13,fd0dfc9511c4c123e048823de9954312c2b907c1,linux1804-64-shippable-qr,True,False,,|c|o|l|d| |f|i|s|s|i|o|n| |i|n|t|e|r|a|c|t|i|v|e| |w|e|b|r|e|n|d|e|r|,102210fe594ee9b33d82058545b1ed14f4c8206e,fcp,reddit-billgates-post-1.billg,True,reddit-billgates-post-1.billg fcp opt cold fission webrender,,77,ms,firefox,447430519.0,1844544364,2024-02-15 20:44:46,1377493,,,,,,,,,,,,,,,,,,,,,,,,,,,,,,,,,,,,,,,,,,,,,,,,,TN
1968,798af36e79586239c3954fe06796d9a27a353b92,0.10567970204841715,autoland,4060709,13,fd0dfc9511c4c123e048823de9954312c2b907c1,linux1804-64-shippable-qr,True,False,,|c|o|l|d| |f|i|s|s|i|o|n| |i|n|t|e|r|a|c|t|i|v|e| |w|e|b|r|e|n|d|e|r|,102210fe594ee9b33d82058545b1ed14f4c8206e,fcp,reddit-billgates-post-1.billg,True,reddit-billgates-post-1.billg fcp opt cold fission webrender,,77,ms,firefox,447437609.0,1844593276,2024-02-15 22:19:13,1377518,,,,,,,,,,,,,,,,,,,,,,,,,,,,,,,,,,,,,,,,,,,,,,,,,TN
1969,861d200fe3e761e23bbb6ce556446725fb01cd43,0.12546554934823095,autoland,4060709,13,fd0dfc9511c4c123e048823de9954312c2b907c1,linux1804-64-shippable-qr,True,False,,|c|o|l|d| |f|i|s|s|i|o|n| |i|n|t|e|r|a|c|t|i|v|e| |w|e|b|r|e|n|d|e|r|,102210fe594ee9b33d82058545b1ed14f4c8206e,fcp,reddit-billgates-post-1.billg,True,reddit-billgates-post-1.billg fcp opt cold fission webrender,,77,ms,firefox,447484739.0,1844727233,2024-02-16 06:24:45,1378006,,,,,,,,,,,,,,,,,,,,,,,,,,,,,,,,,,,,,,,,,,,,,,,,,TN
1970,313b43f262a908e7e012c7d19f326345a0863bae,0.0996275605214153,autoland,4060709,13,fd0dfc9511c4c123e048823de9954312c2b907c1,linux1804-64-shippable-qr,True,False,,|c|o|l|d| |f|i|s|s|i|o|n| |i|n|t|e|r|a|c|t|i|v|e| |w|e|b|r|e|n|d|e|r|,102210fe594ee9b33d82058545b1ed14f4c8206e,fcp,reddit-billgates-post-1.billg,True,reddit-billgates-post-1.billg fcp opt cold fission webrender,,77,ms,firefox,447521543.0,1844825972,2024-02-16 14:55:53,1378386,,,,,,,,,,,,,,,,,,,,,,,,,,,,,,,,,,,,,,,,,,,,,,,,,TN
1971,2af34b4c9adf8c8defd3251b569af9c38cc0a429,0.13198324022346364,autoland,4060709,13,fd0dfc9511c4c123e048823de9954312c2b907c1,linux1804-64-shippable-qr,True,False,,|c|o|l|d| |f|i|s|s|i|o|n| |i|n|t|e|r|a|c|t|i|v|e| |w|e|b|r|e|n|d|e|r|,102210fe594ee9b33d82058545b1ed14f4c8206e,fcp,reddit-billgates-post-1.billg,True,reddit-billgates-post-1.billg fcp opt cold fission webrender,,77,ms,firefox,447564526.0,1845027083,2024-02-17 16:55:38,1378583,,,,,,,,,,,,,,,,,,,,,,,,,,,,,,,,,,,,,,,,,,,,,,,,,TN
1972,fcdb3e9046c67688b2a5b8aeb6451b081b3b52ea,0.12150837988826813,autoland,4060709,13,fd0dfc9511c4c123e048823de9954312c2b907c1,linux1804-64-shippable-qr,True,False,,|c|o|l|d| |f|i|s|s|i|o|n| |i|n|t|e|r|a|c|t|i|v|e| |w|e|b|r|e|n|d|e|r|,102210fe594ee9b33d82058545b1ed14f4c8206e,fcp,reddit-billgates-post-1.billg,True,reddit-billgates-post-1.billg fcp opt cold fission webrender,,77,ms,firefox,447595495.0,1845200164,2024-02-19 03:31:58,1378717,,,,,,,,,,,,,,,,,,,,,,,,,,,,,,,,,,,,,,,,,,,,,,,,,TN
1973,1dcfa194ad7d005175d431adf6ee3b93c00fb453,0.11662011173184361,autoland,4060709,13,fd0dfc9511c4c123e048823de9954312c2b907c1,linux1804-64-shippable-qr,True,False,,|c|o|l|d| |f|i|s|s|i|o|n| |i|n|t|e|r|a|c|t|i|v|e| |w|e|b|r|e|n|d|e|r|,102210fe594ee9b33d82058545b1ed14f4c8206e,fcp,reddit-billgates-post-1.billg,True,reddit-billgates-post-1.billg fcp opt cold fission webrender,,77,ms,firefox,447615045.0,1845354343,2024-02-19 10:14:02,1378796,,,,,,,,,,,,,,,,,,,,,,,,,,,,,,,,,,,,,,,,,,,,,,,,,TN
1974,ac4ab326e785a5ad42ce51b54749c2bcce394916,0.10684357541899447,autoland,4060709,13,fd0dfc9511c4c123e048823de9954312c2b907c1,linux1804-64-shippable-qr,True,False,,|c|o|l|d| |f|i|s|s|i|o|n| |i|n|t|e|r|a|c|t|i|v|e| |w|e|b|r|e|n|d|e|r|,102210fe594ee9b33d82058545b1ed14f4c8206e,fcp,reddit-billgates-post-1.billg,True,reddit-billgates-post-1.billg fcp opt cold fission webrender,,77,ms,firefox,447638792.0,1845376321,2024-02-19 12:40:02,1378838,,,,,,,,,,,,,,,,,,,,,,,,,,,,,,,,,,,,,,,,,,,,,,,,,TN
1975,bef8b1b461b8524917fc01cd866e903290b1d7f6,0.12546554934823095,autoland,4060709,13,fd0dfc9511c4c123e048823de9954312c2b907c1,linux1804-64-shippable-qr,True,False,,|c|o|l|d| |f|i|s|s|i|o|n| |i|n|t|e|r|a|c|t|i|v|e| |w|e|b|r|e|n|d|e|r|,102210fe594ee9b33d82058545b1ed14f4c8206e,fcp,reddit-billgates-post-1.billg,True,reddit-billgates-post-1.billg fcp opt cold fission webrender,,77,ms,firefox,447667997.0,1845448443,2024-02-19 16:50:13,1378949,,,,,,,,,,,,,,,,,,,,,,,,,,,,,,,,,,,,,,,,,,,,,,,,,TN
1976,2f43b0ae1352efb25f67ffe4f86884c0eb959adb,0.10684357541899447,autoland,4060709,13,fd0dfc9511c4c123e048823de9954312c2b907c1,linux1804-64-shippable-qr,True,False,,|c|o|l|d| |f|i|s|s|i|o|n| |i|n|t|e|r|a|c|t|i|v|e| |w|e|b|r|e|n|d|e|r|,102210fe594ee9b33d82058545b1ed14f4c8206e,fcp,reddit-billgates-post-1.billg,True,reddit-billgates-post-1.billg fcp opt cold fission webrender,,77,ms,firefox,447688005.0,1845502587,2024-02-19 20:56:27,1379008,,,,,,,,,,,,,,,,,,,,,,,,,,,,,,,,,,,,,,,,,,,,,,,,,TN
1977,e9309553f817fa164bde4c229fe12ae51207bed9,0.1203445065176908,autoland,4060709,13,fd0dfc9511c4c123e048823de9954312c2b907c1,linux1804-64-shippable-qr,True,False,,|c|o|l|d| |f|i|s|s|i|o|n| |i|n|t|e|r|a|c|t|i|v|e| |w|e|b|r|e|n|d|e|r|,102210fe594ee9b33d82058545b1ed14f4c8206e,fcp,reddit-billgates-post-1.billg,True,reddit-billgates-post-1.billg fcp opt cold fission webrender,,77,ms,firefox,447698130.0,1845547141,2024-02-19 22:19:49,1379038,,,,,,,,,,,,,,,,,,,,,,,,,,,,,,,,,,,,,,,,,,,,,,,,,TN
1978,da0966c2c2d5b4f7c7f1b4d5702cd8c1f77e8633,0.1033519553072626,autoland,4060709,13,fd0dfc9511c4c123e048823de9954312c2b907c1,linux1804-64-shippable-qr,True,False,,|c|o|l|d| |f|i|s|s|i|o|n| |i|n|t|e|r|a|c|t|i|v|e| |w|e|b|r|e|n|d|e|r|,102210fe594ee9b33d82058545b1ed14f4c8206e,fcp,reddit-billgates-post-1.billg,True,reddit-billgates-post-1.billg fcp opt cold fission webrender,,77,ms,firefox,447716029.0,1845643869,2024-02-19 22:21:54,1379039,,,,,,,,,,,,,,,,,,,,,,,,,,,,,,,,,,,,,,,,,,,,,,,,,TN
1979,ad2add2f3c608b924436c34684c1a775130e74ce,0.1296554934823091,autoland,4060709,13,fd0dfc9511c4c123e048823de9954312c2b907c1,linux1804-64-shippable-qr,True,False,,|c|o|l|d| |f|i|s|s|i|o|n| |i|n|t|e|r|a|c|t|i|v|e| |w|e|b|r|e|n|d|e|r|,102210fe594ee9b33d82058545b1ed14f4c8206e,fcp,reddit-billgates-post-1.billg,True,reddit-billgates-post-1.billg fcp opt cold fission webrender,,77,ms,firefox,447712017.0,1845607132,2024-02-20 03:01:00,1379095,,,,,,,,,,,,,,,,,,,,,,,,,,,,,,,,,,,,,,,,,,,,,,,,,TN
1980,cc3c4937fb69e80b552b61a4f2dfd1405b518d89,0.13291433891992555,autoland,4060709,13,fd0dfc9511c4c123e048823de9954312c2b907c1,linux1804-64-shippable-qr,True,False,,|c|o|l|d| |f|i|s|s|i|o|n| |i|n|t|e|r|a|c|t|i|v|e| |w|e|b|r|e|n|d|e|r|,102210fe594ee9b33d82058545b1ed14f4c8206e,fcp,reddit-billgates-post-1.billg,True,reddit-billgates-post-1.billg fcp opt cold fission webrender,,77,ms,firefox,447728374.0,1845701328,2024-02-20 09:01:06,1379152,,,,,,,,,,,,,,,,,,,,,,,,,,,,,,,,,,,,,,,,,,,,,,,,,TN
1981,0465723cfb4ca46ccf93d696eb564093a1d9f2e6,0.1287243947858473,autoland,4060709,13,fd0dfc9511c4c123e048823de9954312c2b907c1,linux1804-64-shippable-qr,True,False,,|c|o|l|d| |f|i|s|s|i|o|n| |i|n|t|e|r|a|c|t|i|v|e| |w|e|b|r|e|n|d|e|r|,102210fe594ee9b33d82058545b1ed14f4c8206e,fcp,reddit-billgates-post-1.billg,True,reddit-billgates-post-1.billg fcp opt cold fission webrender,,77,ms,firefox,447775476.0,1845888642,2024-02-20 16:46:59,1379390,,,,,,,,,,,,,,,,,,,,,,,,,,,,,,,,,,,,,,,,,,,,,,,,,TN
1982,53f7baad39fc2408bc5c1ab6df97372a395730a4,0.12453445065176905,autoland,4060709,13,fd0dfc9511c4c123e048823de9954312c2b907c1,linux1804-64-shippable-qr,True,False,,|c|o|l|d| |f|i|s|s|i|o|n| |i|n|t|e|r|a|c|t|i|v|e| |w|e|b|r|e|n|d|e|r|,102210fe594ee9b33d82058545b1ed14f4c8206e,fcp,reddit-billgates-post-1.billg,True,reddit-billgates-post-1.billg fcp opt cold fission webrender,,77,ms,firefox,447802399.0,1845966887,2024-02-20 20:06:07,1379528,,,,,,,,,,,,,,,,,,,,,,,,,,,,,,,,,,,,,,,,,,,,,,,,,TN
1983,05e1180d2aa04a8882ff66dfaeeb0705694f7a61,0.10847299813780265,autoland,4060709,13,fd0dfc9511c4c123e048823de9954312c2b907c1,linux1804-64-shippable-qr,True,False,,|c|o|l|d| |f|i|s|s|i|o|n| |i|n|t|e|r|a|c|t|i|v|e| |w|e|b|r|e|n|d|e|r|,102210fe594ee9b33d82058545b1ed14f4c8206e,fcp,reddit-billgates-post-1.billg,True,reddit-billgates-post-1.billg fcp opt cold fission webrender,,77,ms,firefox,447830355.0,1846049548,2024-02-21 00:08:41,1379609,,,,,,,,,,,,,,,,,,,,,,,,,,,,,,,,,,,,,,,,,,,,,,,,,TN
1984,119078d182dd2557cd70eb6933abc1ecfb499edd,0.11382681564245811,autoland,4060709,13,fd0dfc9511c4c123e048823de9954312c2b907c1,linux1804-64-shippable-qr,True,False,,|c|o|l|d| |f|i|s|s|i|o|n| |i|n|t|e|r|a|c|t|i|v|e| |w|e|b|r|e|n|d|e|r|,102210fe594ee9b33d82058545b1ed14f4c8206e,fcp,reddit-billgates-post-1.billg,True,reddit-billgates-post-1.billg fcp opt cold fission webrender,,77,ms,firefox,447832468.0,1846072714,2024-02-21 00:41:01,1379618,,,,,,,,,,,,,,,,,,,,,,,,,,,,,,,,,,,,,,,,,,,,,,,,,TN
1985,714d9f89093457451e3881a56b2477e958b70fe0,0.11429236499068895,autoland,4060709,13,fd0dfc9511c4c123e048823de9954312c2b907c1,linux1804-64-shippable-qr,True,False,,|c|o|l|d| |f|i|s|s|i|o|n| |i|n|t|e|r|a|c|t|i|v|e| |w|e|b|r|e|n|d|e|r|,102210fe594ee9b33d82058545b1ed14f4c8206e,fcp,reddit-billgates-post-1.billg,True,reddit-billgates-post-1.billg fcp opt cold fission webrender,,77,ms,firefox,447845960.0,1846138649,2024-02-21 05:21:04,1379764,,,,,,,,,,,,,,,,,,,,,,,,,,,,,,,,,,,,,,,,,,,,,,,,,TN
1986,764b93d1a22891bddaaec4e5f73836957d938bac,0.11010242085661082,autoland,4060709,13,fd0dfc9511c4c123e048823de9954312c2b907c1,linux1804-64-shippable-qr,True,False,,|c|o|l|d| |f|i|s|s|i|o|n| |i|n|t|e|r|a|c|t|i|v|e| |w|e|b|r|e|n|d|e|r|,102210fe594ee9b33d82058545b1ed14f4c8206e,fcp,reddit-billgates-post-1.billg,True,reddit-billgates-post-1.billg fcp opt cold fission webrender,,77,ms,firefox,447877116.0,1846264932,2024-02-21 10:11:10,1379832,,,,,,,,,,,,,,,,,,,,,,,,,,,,,,,,,,,,,,,,,,,,,,,,,TN
1987,24ffc625c71e9cb6e20c48936ac06da6ec066694,0.09753258845437618,autoland,4060709,13,fd0dfc9511c4c123e048823de9954312c2b907c1,linux1804-64-shippable-qr,True,False,,|c|o|l|d| |f|i|s|s|i|o|n| |i|n|t|e|r|a|c|t|i|v|e| |w|e|b|r|e|n|d|e|r|,102210fe594ee9b33d82058545b1ed14f4c8206e,fcp,reddit-billgates-post-1.billg,True,reddit-billgates-post-1.billg fcp opt cold fission webrender,,77,ms,firefox,447877923.0,1846274605,2024-02-21 10:22:21,1379838,,,,,,,,,,,,,,,,,,,,,,,,,,,,,,,,,,,,,,,,,,,,,,,,,TN
1988,799f79fdcedba2bbccee86179c8b547894a16162,0.11545623836126628,autoland,4060709,13,fd0dfc9511c4c123e048823de9954312c2b907c1,linux1804-64-shippable-qr,True,False,,|c|o|l|d| |f|i|s|s|i|o|n| |i|n|t|e|r|a|c|t|i|v|e| |w|e|b|r|e|n|d|e|r|,102210fe594ee9b33d82058545b1ed14f4c8206e,fcp,reddit-billgates-post-1.billg,True,reddit-billgates-post-1.billg fcp opt cold fission webrender,,77,ms,firefox,447924025.0,1846440101,2024-02-21 14:24:58,1379926,,,,,,,,,,,,,,,,,,,,,,,,,,,,,,,,,,,,,,,,,,,,,,,,,TN
1989,f8dd4015fa59fee3a1a74c00cd2393a9578e49f0,0.10824022346368711,autoland,4060709,13,fd0dfc9511c4c123e048823de9954312c2b907c1,linux1804-64-shippable-qr,True,False,,|c|o|l|d| |f|i|s|s|i|o|n| |i|n|t|e|r|a|c|t|i|v|e| |w|e|b|r|e|n|d|e|r|,102210fe594ee9b33d82058545b1ed14f4c8206e,fcp,reddit-billgates-post-1.billg,True,reddit-billgates-post-1.billg fcp opt cold fission webrender,,77,ms,firefox,447920069.0,1846417411,2024-02-21 15:14:56,1379958,,,,,,,,,,,,,,,,,,,,,,,,,,,,,,,,,,,,,,,,,,,,,,,,,TN
1990,bec4dc4bd9ce0a51dab009936bc838963e3f16b3,0.11615456238361266,autoland,4060709,13,fd0dfc9511c4c123e048823de9954312c2b907c1,linux1804-64-shippable-qr,True,False,,|c|o|l|d| |f|i|s|s|i|o|n| |i|n|t|e|r|a|c|t|i|v|e| |w|e|b|r|e|n|d|e|r|,102210fe594ee9b33d82058545b1ed14f4c8206e,fcp,reddit-billgates-post-1.billg,True,reddit-billgates-post-1.billg fcp opt cold fission webrender,,77,ms,firefox,447959086.0,1846682006,2024-02-21 20:37:48,1380197,,,,,,,,,,,,,,,,,,,,,,,,,,,,,,,,,,,,,,,,,,,,,,,,,TN
1991,31b9ef95a482db91c24a809eb6a64f2c0d7f8f9d,0.10917132216014902,autoland,4060709,13,fd0dfc9511c4c123e048823de9954312c2b907c1,linux1804-64-shippable-qr,True,False,,|c|o|l|d| |f|i|s|s|i|o|n| |i|n|t|e|r|a|c|t|i|v|e| |w|e|b|r|e|n|d|e|r|,102210fe594ee9b33d82058545b1ed14f4c8206e,fcp,reddit-billgates-post-1.billg,True,reddit-billgates-post-1.billg fcp opt cold fission webrender,,77,ms,firefox,447962123.0,1846696151,2024-02-21 20:47:55,1380210,,,,,,,,,,,,,,,,,,,,,,,,,,,,,,,,,,,,,,,,,,,,,,,,,TN
1992,445c60e096fe3cdc8b7169881875c476febfe082,0.11522346368715086,autoland,4060709,13,fd0dfc9511c4c123e048823de9954312c2b907c1,linux1804-64-shippable-qr,True,False,,|c|o|l|d| |f|i|s|s|i|o|n| |i|n|t|e|r|a|c|t|i|v|e| |w|e|b|r|e|n|d|e|r|,102210fe594ee9b33d82058545b1ed14f4c8206e,fcp,reddit-billgates-post-1.billg,True,reddit-billgates-post-1.billg fcp opt cold fission webrender,,77,ms,firefox,447994830.0,1846810024,2024-02-22 00:49:41,1380338,,,,,,,,,,,,,,,,,,,,,,,,,,,,,,,,,,,,,,,,,,,,,,,,,TN
1993,c5e3b3132f32b45a2d65870d86690f854c5531fb,0.15107076350093107,autoland,4060709,13,fd0dfc9511c4c123e048823de9954312c2b907c1,linux1804-64-shippable-qr,True,False,,|c|o|l|d| |f|i|s|s|i|o|n| |i|n|t|e|r|a|c|t|i|v|e| |w|e|b|r|e|n|d|e|r|,102210fe594ee9b33d82058545b1ed14f4c8206e,fcp,reddit-billgates-post-1.billg,True,reddit-billgates-post-1.billg fcp opt cold fission webrender,,77,ms,firefox,448166061.0,1847570520,2024-02-22 00:56:42,1380343,,,,,,,,,,,,,,,,,,,,,,,,,,,,,,,,,,,,,,,,,,,,,,,,,TN
1994,c5bcba5528449aa68d66ae69932dfb3ae2d19030,0.14152700186219747,autoland,4060709,13,fd0dfc9511c4c123e048823de9954312c2b907c1,linux1804-64-shippable-qr,True,False,,|c|o|l|d| |f|i|s|s|i|o|n| |i|n|t|e|r|a|c|t|i|v|e| |w|e|b|r|e|n|d|e|r|,102210fe594ee9b33d82058545b1ed14f4c8206e,fcp,reddit-billgates-post-1.billg,True,reddit-billgates-post-1.billg fcp opt cold fission webrender,,77,ms,firefox,448166593.0,1847583987,2024-02-22 02:02:43,1380372,,,,,,,,,,,,,,,,,,,,,,,,,,,,,,,,,,,,,,,,,,,,,,,,,TN
1995,093d37f32ef033aa168508e96b9ec2e753850ccc,0.14362197392923648,autoland,4060709,13,fd0dfc9511c4c123e048823de9954312c2b907c1,linux1804-64-shippable-qr,True,False,,|c|o|l|d| |f|i|s|s|i|o|n| |i|n|t|e|r|a|c|t|i|v|e| |w|e|b|r|e|n|d|e|r|,102210fe594ee9b33d82058545b1ed14f4c8206e,fcp,reddit-billgates-post-1.billg,True,reddit-billgates-post-1.billg fcp opt cold fission webrender,,77,ms,firefox,447999218.0,1846854446,2024-02-22 02:03:24,1380373,,,,,,,,,,,,,,,,,,,,,,,,,,,,,,,,,,,,,,,,,,,,,,,,,TN
1996,e32e8effe8493ec71ad7a3b2b043f7742905b2be,0.0935754189944134,autoland,4060709,13,fd0dfc9511c4c123e048823de9954312c2b907c1,linux1804-64-shippable-qr,True,False,,|c|o|l|d| |f|i|s|s|i|o|n| |i|n|t|e|r|a|c|t|i|v|e| |w|e|b|r|e|n|d|e|r|,102210fe594ee9b33d82058545b1ed14f4c8206e,fcp,reddit-billgates-post-1.billg,True,reddit-billgates-post-1.billg fcp opt cold fission webrender,,77,ms,firefox,448015375.0,1846930165,2024-02-22 06:55:22,1380445,,,,,,,,,,,,,,,,,,,,,,,,,,,,,,,,,,,,,,,,,,,,,,,,,TN
1997,836800665817ebbf328952caef8477f135630733,0.11685288640595903,autoland,4060709,13,fd0dfc9511c4c123e048823de9954312c2b907c1,linux1804-64-shippable-qr,True,False,,|c|o|l|d| |f|i|s|s|i|o|n| |i|n|t|e|r|a|c|t|i|v|e| |w|e|b|r|e|n|d|e|r|,102210fe594ee9b33d82058545b1ed14f4c8206e,fcp,reddit-billgates-post-1.billg,True,reddit-billgates-post-1.billg fcp opt cold fission webrender,,77,ms,firefox,448047061.0,1847025868,2024-02-22 08:58:43,1380488,,,,,,,,,,,,,,,,,,,,,,,,,,,,,,,,,,,,,,,,,,,,,,,,,TN
1998,583b3985eb0c0410cf6ebaf8e2f5c576185726c5,0.11149906890130357,autoland,4060709,13,fd0dfc9511c4c123e048823de9954312c2b907c1,linux1804-64-shippable-qr,True,False,,|c|o|l|d| |f|i|s|s|i|o|n| |i|n|t|e|r|a|c|t|i|v|e| |w|e|b|r|e|n|d|e|r|,102210fe594ee9b33d82058545b1ed14f4c8206e,fcp,reddit-billgates-post-1.billg,True,reddit-billgates-post-1.billg fcp opt cold fission webrender,,77,ms,firefox,448072086.0,1847141746,2024-02-22 12:54:00,1380594,,,,,,,,,,,,,,,,,,,,,,,,,,,,,,,,,,,,,,,,,,,,,,,,,TN
1999,97926aad2648cc77b8f5753c0c31e56cb3ca5f7d,0.11964618249534453,autoland,4060709,13,fd0dfc9511c4c123e048823de9954312c2b907c1,linux1804-64-shippable-qr,True,False,,|c|o|l|d| |f|i|s|s|i|o|n| |i|n|t|e|r|a|c|t|i|v|e| |w|e|b|r|e|n|d|e|r|,102210fe594ee9b33d82058545b1ed14f4c8206e,fcp,reddit-billgates-post-1.billg,True,reddit-billgates-post-1.billg fcp opt cold fission webrender,,77,ms,firefox,448166115.0,1847575906,2024-02-22 13:02:14,1380599,,,,,,,,,,,,,,,,,,,,,,,,,,,,,,,,,,,,,,,,,,,,,,,,,TN
2000,7bc8ecb228993ee2c97c23dca54d66d6419999dc,0.10800744878957169,autoland,4060709,13,fd0dfc9511c4c123e048823de9954312c2b907c1,linux1804-64-shippable-qr,True,False,,|c|o|l|d| |f|i|s|s|i|o|n| |i|n|t|e|r|a|c|t|i|v|e| |w|e|b|r|e|n|d|e|r|,102210fe594ee9b33d82058545b1ed14f4c8206e,fcp,reddit-billgates-post-1.billg,True,reddit-billgates-post-1.billg fcp opt cold fission webrender,,77,ms,firefox,448165994.0,1847559253,2024-02-22 13:09:22,1380603,,,,,,,,,,,,,,,,,,,,,,,,,,,,,,,,,,,,,,,,,,,,,,,,,TN
2001,2d093d7624aece78778af6f1acee484f469f26d5,0.12639664804469275,autoland,4060709,13,fd0dfc9511c4c123e048823de9954312c2b907c1,linux1804-64-shippable-qr,True,False,,|c|o|l|d| |f|i|s|s|i|o|n| |i|n|t|e|r|a|c|t|i|v|e| |w|e|b|r|e|n|d|e|r|,102210fe594ee9b33d82058545b1ed14f4c8206e,fcp,reddit-billgates-post-1.billg,True,reddit-billgates-post-1.billg fcp opt cold fission webrender,,77,ms,firefox,448167418.0,1847594046,2024-02-22 14:58:00,1380678,,,,,,,,,,,,,,,,,,,,,,,,,,,,,,,,,,,,,,,,,,,,,,,,,TN
2002,eaba203b7e9f80d2f6f8c1e80a832c1401ae2b9f,0.0751862197392924,autoland,4060709,13,fd0dfc9511c4c123e048823de9954312c2b907c1,linux1804-64-shippable-qr,True,False,,|c|o|l|d| |f|i|s|s|i|o|n| |i|n|t|e|r|a|c|t|i|v|e| |w|e|b|r|e|n|d|e|r|,102210fe594ee9b33d82058545b1ed14f4c8206e,fcp,reddit-billgates-post-1.billg,True,reddit-billgates-post-1.billg fcp opt cold fission webrender,,77,ms,firefox,448165747.0,1847537445,2024-02-22 15:08:55,1380688,,,,,,,,,,,,,,,,,,,,,,,,,,,,,,,,,,,,,,,,,,,,,,,,,TN
2003,51ea0932b27ba455533226277e6c6deeb38a8fd4,0.10125698324022347,autoland,4060709,13,fd0dfc9511c4c123e048823de9954312c2b907c1,linux1804-64-shippable-qr,True,False,,|c|o|l|d| |f|i|s|s|i|o|n| |i|n|t|e|r|a|c|t|i|v|e| |w|e|b|r|e|n|d|e|r|,102210fe594ee9b33d82058545b1ed14f4c8206e,fcp,reddit-billgates-post-1.billg,True,reddit-billgates-post-1.billg fcp opt cold fission webrender,,77,ms,firefox,448097097.0,1847244199,2024-02-22 16:54:14,1380794,,,,,,,,,,,,,,,,,,,,,,,,,,,,,,,,,,,,,,,,,,,,,,,,,TN
2004,aac0a57bd987ca0633e2f48ca37f8564344749b9,0.10567970204841715,autoland,4060709,13,fd0dfc9511c4c123e048823de9954312c2b907c1,linux1804-64-shippable-qr,True,False,,|c|o|l|d| |f|i|s|s|i|o|n| |i|n|t|e|r|a|c|t|i|v|e| |w|e|b|r|e|n|d|e|r|,102210fe594ee9b33d82058545b1ed14f4c8206e,fcp,reddit-billgates-post-1.billg,True,reddit-billgates-post-1.billg fcp opt cold fission webrender,,77,ms,firefox,448101534.0,1847261669,2024-02-22 17:17:40,1380806,,,,,,,,,,,,,,,,,,,,,,,,,,,,,,,,,,,,,,,,,,,,,,,,,TN
2005,1b60bca1b546c120891a0263bcdf7757d75178bc,0.14036312849162014,autoland,4060709,13,fd0dfc9511c4c123e048823de9954312c2b907c1,linux1804-64-shippable-qr,True,False,,|c|o|l|d| |f|i|s|s|i|o|n| |i|n|t|e|r|a|c|t|i|v|e| |w|e|b|r|e|n|d|e|r|,102210fe594ee9b33d82058545b1ed14f4c8206e,fcp,reddit-billgates-post-1.billg,True,reddit-billgates-post-1.billg fcp opt cold fission webrender,,77,ms,firefox,448137900.0,1847388511,2024-02-22 21:59:43,1380998,,,,,,,,,,,,,,,,,,,,,,,,,,,,,,,,,,,,,,,,,,,,,,,,,TN
2006,3157eece201c15988ff693f9746bc767ad633fa8,0.12383612662942267,autoland,4060709,13,fd0dfc9511c4c123e048823de9954312c2b907c1,linux1804-64-shippable-qr,True,False,,|c|o|l|d| |f|i|s|s|i|o|n| |i|n|t|e|r|a|c|t|i|v|e| |w|e|b|r|e|n|d|e|r|,102210fe594ee9b33d82058545b1ed14f4c8206e,fcp,reddit-billgates-post-1.billg,True,reddit-billgates-post-1.billg fcp opt cold fission webrender,,77,ms,firefox,448138506.0,1847406337,2024-02-22 22:05:44,1381007,,,,,,,,,,,,,,,,,,,,,,,,,,,,,,,,,,,,,,,,,,,,,,,,,TN
2007,90d2dd7d6b48918404ecc4906e62fa106b4238a9,0.11918063314711358,autoland,4060709,13,fd0dfc9511c4c123e048823de9954312c2b907c1,linux1804-64-shippable-qr,True,False,,|c|o|l|d| |f|i|s|s|i|o|n| |i|n|t|e|r|a|c|t|i|v|e| |w|e|b|r|e|n|d|e|r|,102210fe594ee9b33d82058545b1ed14f4c8206e,fcp,reddit-billgates-post-1.billg,True,reddit-billgates-post-1.billg fcp opt cold fission webrender,,77,ms,firefox,448162221.0,1847498062,2024-02-23 03:42:44,1381156,,,,,,,,,,,,,,,,,,,,,,,,,,,,,,,,,,,,,,,,,,,,,,,,,TN
2008,21d2a36f8f072b9b57adbeb73eca449f62093ca3,0.1364059590316573,autoland,4060709,13,fd0dfc9511c4c123e048823de9954312c2b907c1,linux1804-64-shippable-qr,True,False,,|c|o|l|d| |f|i|s|s|i|o|n| |i|n|t|e|r|a|c|t|i|v|e| |w|e|b|r|e|n|d|e|r|,102210fe594ee9b33d82058545b1ed14f4c8206e,fcp,reddit-billgates-post-1.billg,True,reddit-billgates-post-1.billg fcp opt cold fission webrender,,77,ms,firefox,448174268.0,1847608640,2024-02-23 07:23:44,1381206,,,,,,,,,,,,,,,,,,,,,,,,,,,,,,,,,,,,,,,,,,,,,,,,,TN
2009,75e12d12d89c2d79200c0057830f9e0c37f973f5,0.10265363128491617,autoland,4060709,13,fd0dfc9511c4c123e048823de9954312c2b907c1,linux1804-64-shippable-qr,True,False,,|c|o|l|d| |f|i|s|s|i|o|n| |i|n|t|e|r|a|c|t|i|v|e| |w|e|b|r|e|n|d|e|r|,102210fe594ee9b33d82058545b1ed14f4c8206e,fcp,reddit-billgates-post-1.billg,True,reddit-billgates-post-1.billg fcp opt cold fission webrender,,77,ms,firefox,448216689.0,1847746283,2024-02-23 12:03:57,1381319,,,,,,,,,,,,,,,,,,,,,,,,,,,,,,,,,,,,,,,,,,,,,,,,,TN
2010,80e08d441c6cb001610ee0f198a3dcf424bafd4f,0.11824953445065178,autoland,4060709,13,fd0dfc9511c4c123e048823de9954312c2b907c1,linux1804-64-shippable-qr,True,False,,|c|o|l|d| |f|i|s|s|i|o|n| |i|n|t|e|r|a|c|t|i|v|e| |w|e|b|r|e|n|d|e|r|,102210fe594ee9b33d82058545b1ed14f4c8206e,fcp,reddit-billgates-post-1.billg,True,reddit-billgates-post-1.billg fcp opt cold fission webrender,,77,ms,firefox,448316877.0,1848185267,2024-02-23 14:24:56,1381381,,,,,,,,,,,,,,,,,,,,,,,,,,,,,,,,,,,,,,,,,,,,,,,,,TN
2011,a700ab961a223f6d614abe258766bed35dab027b,0.13384543761638734,autoland,4060709,13,fd0dfc9511c4c123e048823de9954312c2b907c1,linux1804-64-shippable-qr,True,False,,|c|o|l|d| |f|i|s|s|i|o|n| |i|n|t|e|r|a|c|t|i|v|e| |w|e|b|r|e|n|d|e|r|,102210fe594ee9b33d82058545b1ed14f4c8206e,fcp,reddit-billgates-post-1.billg,True,reddit-billgates-post-1.billg fcp opt cold fission webrender,,77,ms,firefox,448317127.0,1848193435,2024-02-23 14:54:44,1381402,,,,,,,,,,,,,,,,,,,,,,,,,,,,,,,,,,,,,,,,,,,,,,,,,TN
2012,e2c67ce1b79f08538c8f70b2089d860802aa289e,0.11755121042830541,autoland,4060709,13,fd0dfc9511c4c123e048823de9954312c2b907c1,linux1804-64-shippable-qr,True,False,,|c|o|l|d| |f|i|s|s|i|o|n| |i|n|t|e|r|a|c|t|i|v|e| |w|e|b|r|e|n|d|e|r|,102210fe594ee9b33d82058545b1ed14f4c8206e,fcp,reddit-billgates-post-1.billg,True,reddit-billgates-post-1.billg fcp opt cold fission webrender,,77,ms,firefox,448240041.0,1847857609,2024-02-23 15:17:21,1381416,,,,,,,,,,,,,,,,,,,,,,,,,,,,,,,,,,,,,,,,,,,,,,,,,TN
2013,dccf526bcc0afbf9f7abd33abff453ced5a76335,0.12732774674115455,autoland,4060709,13,fd0dfc9511c4c123e048823de9954312c2b907c1,linux1804-64-shippable-qr,True,False,,|c|o|l|d| |f|i|s|s|i|o|n| |i|n|t|e|r|a|c|t|i|v|e| |w|e|b|r|e|n|d|e|r|,102210fe594ee9b33d82058545b1ed14f4c8206e,fcp,reddit-billgates-post-1.billg,True,reddit-billgates-post-1.billg fcp opt cold fission webrender,,77,ms,firefox,448262561.0,1847951404,2024-02-23 18:14:32,1381598,,,,,,,,,,,,,,,,,,,,,,,,,,,,,,,,,,,,,,,,,,,,,,,,,TN
2014,85863a9ea2f0fb7ef6aeecaafc6836e9ae4a8178,0.125,autoland,4060709,13,fd0dfc9511c4c123e048823de9954312c2b907c1,linux1804-64-shippable-qr,True,False,,|c|o|l|d| |f|i|s|s|i|o|n| |i|n|t|e|r|a|c|t|i|v|e| |w|e|b|r|e|n|d|e|r|,102210fe594ee9b33d82058545b1ed14f4c8206e,fcp,reddit-billgates-post-1.billg,True,reddit-billgates-post-1.billg fcp opt cold fission webrender,,77,ms,firefox,448316814.0,1848180903,2024-02-23 18:28:43,1381603,,,,,,,,,,,,,,,,,,,,,,,,,,,,,,,,,,,,,,,,,,,,,,,,,TN
2015,d2eef8673a91da595254a8300b7af61b8e569b63,0.10265363128491617,autoland,4060709,13,fd0dfc9511c4c123e048823de9954312c2b907c1,linux1804-64-shippable-qr,True,False,,|c|o|l|d| |f|i|s|s|i|o|n| |i|n|t|e|r|a|c|t|i|v|e| |w|e|b|r|e|n|d|e|r|,102210fe594ee9b33d82058545b1ed14f4c8206e,fcp,reddit-billgates-post-1.billg,True,reddit-billgates-post-1.billg fcp opt cold fission webrender,,77,ms,firefox,448316711.0,1848167760,2024-02-23 18:35:41,1381609,,,,,,,,,,,,,,,,,,,,,,,,,,,,,,,,,,,,,,,,,,,,,,,,,TN
2016,8c239bb8c3fa84633497932b3d3a1d566f9e7581,0.12825884543761634,autoland,4060709,13,fd0dfc9511c4c123e048823de9954312c2b907c1,linux1804-64-shippable-qr,True,False,,|c|o|l|d| |f|i|s|s|i|o|n| |i|n|t|e|r|a|c|t|i|v|e| |w|e|b|r|e|n|d|e|r|,102210fe594ee9b33d82058545b1ed14f4c8206e,fcp,reddit-billgates-post-1.billg,True,reddit-billgates-post-1.billg fcp opt cold fission webrender,,77,ms,firefox,448298918.0,1848063213,2024-02-23 22:24:23,1381790,,,,,,,,,,,,,,,,,,,,,,,,,,,,,,,,,,,,,,,,,,,,,,,,,TN
2017,fc1f91bbfd85565b6b9a06155b3d750dc17812f0,0.1324487895716946,autoland,4060709,13,fd0dfc9511c4c123e048823de9954312c2b907c1,linux1804-64-shippable-qr,True,False,,|c|o|l|d| |f|i|s|s|i|o|n| |i|n|t|e|r|a|c|t|i|v|e| |w|e|b|r|e|n|d|e|r|,102210fe594ee9b33d82058545b1ed14f4c8206e,fcp,reddit-billgates-post-1.billg,True,reddit-billgates-post-1.billg fcp opt cold fission webrender,,77,ms,firefox,448301093.0,1848071309,2024-02-23 22:37:13,1381800,,,,,,,,,,,,,,,,,,,,,,,,,,,,,,,,,,,,,,,,,,,,,,,,,TN
2018,504cbf2189790d36f74d4fc454949d0c55a40c37,0.11731843575418999,autoland,4060709,13,fd0dfc9511c4c123e048823de9954312c2b907c1,linux1804-64-shippable-qr,True,False,,|c|o|l|d| |f|i|s|s|i|o|n| |i|n|t|e|r|a|c|t|i|v|e| |w|e|b|r|e|n|d|e|r|,102210fe594ee9b33d82058545b1ed14f4c8206e,fcp,reddit-billgates-post-1.billg,True,reddit-billgates-post-1.billg fcp opt cold fission webrender,,77,ms,firefox,448315326.0,1848141916,2024-02-24 03:17:09,1381876,,,,,,,,,,,,,,,,,,,,,,,,,,,,,,,,,,,,,,,,,,,,,,,,,TN
2019,f571738470f98e8161bf79b269e333053dca32c4,0.13384543761638734,autoland,4060709,13,fd0dfc9511c4c123e048823de9954312c2b907c1,linux1804-64-shippable-qr,True,False,,|c|o|l|d| |f|i|s|s|i|o|n| |i|n|t|e|r|a|c|t|i|v|e| |w|e|b|r|e|n|d|e|r|,102210fe594ee9b33d82058545b1ed14f4c8206e,fcp,reddit-billgates-post-1.billg,True,reddit-billgates-post-1.billg fcp opt cold fission webrender,,77,ms,firefox,448326341.0,1848217158,2024-02-24 08:59:15,1381906,,,,,,,,,,,,,,,,,,,,,,,,,,,,,,,,,,,,,,,,,,,,,,,,,TN
2020,fb873ef9e164e2ac423d266870ce82445945de97,0.12895716945996272,autoland,4060709,13,fd0dfc9511c4c123e048823de9954312c2b907c1,linux1804-64-shippable-qr,True,False,,|c|o|l|d| |f|i|s|s|i|o|n| |i|n|t|e|r|a|c|t|i|v|e| |w|e|b|r|e|n|d|e|r|,102210fe594ee9b33d82058545b1ed14f4c8206e,fcp,reddit-billgates-post-1.billg,True,reddit-billgates-post-1.billg fcp opt cold fission webrender,,77,ms,firefox,448353744.0,1848312301,2024-02-24 18:15:08,1381948,,,,,,,,,,,,,,,,,,,,,,,,,,,,,,,,,,,,,,,,,,,,,,,,,TN
2021,fedd91b7af1e6b3c4a7d6f58b8bce94d55eb9d74,0.0756517690875233,autoland,4060709,13,fd0dfc9511c4c123e048823de9954312c2b907c1,linux1804-64-shippable-qr,True,False,,|c|o|l|d| |f|i|s|s|i|o|n| |i|n|t|e|r|a|c|t|i|v|e| |w|e|b|r|e|n|d|e|r|,102210fe594ee9b33d82058545b1ed14f4c8206e,fcp,reddit-billgates-post-1.billg,True,reddit-billgates-post-1.billg fcp opt cold fission webrender,,77,ms,firefox,448375009.0,1848376067,2024-02-25 01:06:55,1381999,,,,,,,,,,,,,,,,,,,,,,,,,,,,,,,,,,,,,,,,,,,,,,,,,TN
2022,689cf8cf7e6b9b9ee5e599a77325de05487a5eed,0.12616387337057722,autoland,4060709,13,fd0dfc9511c4c123e048823de9954312c2b907c1,linux1804-64-shippable-qr,True,False,,|c|o|l|d| |f|i|s|s|i|o|n| |i|n|t|e|r|a|c|t|i|v|e| |w|e|b|r|e|n|d|e|r|,102210fe594ee9b33d82058545b1ed14f4c8206e,fcp,reddit-billgates-post-1.billg,True,reddit-billgates-post-1.billg fcp opt cold fission webrender,,77,ms,firefox,448412582.0,1848522268,2024-02-26 01:39:06,1382090,,,,,,,,,,,,,,,,,,,,,,,,,,,,,,,,,,,,,,,,,,,,,,,,,TN
2023,3af6901e77d5b3f960f24207e6d8a296508c685c,0.11475791433891991,autoland,4060709,13,fd0dfc9511c4c123e048823de9954312c2b907c1,linux1804-64-shippable-qr,True,False,,|c|o|l|d| |f|i|s|s|i|o|n| |i|n|t|e|r|a|c|t|i|v|e| |w|e|b|r|e|n|d|e|r|,102210fe594ee9b33d82058545b1ed14f4c8206e,fcp,reddit-billgates-post-1.billg,True,reddit-billgates-post-1.billg fcp opt cold fission webrender,,77,ms,firefox,448578312.0,1849156256,2024-02-26 08:26:30,1382148,,,,,,,,,,,,,,,,,,,,,,,,,,,,,,,,,,,,,,,,,,,,,,,,,TN
2024,9efb6f33056715dde89a576fe22714c2e6f3e7a9,0.14408752327746743,autoland,4060709,13,fd0dfc9511c4c123e048823de9954312c2b907c1,linux1804-64-shippable-qr,True,False,,|c|o|l|d| |f|i|s|s|i|o|n| |i|n|t|e|r|a|c|t|i|v|e| |w|e|b|r|e|n|d|e|r|,102210fe594ee9b33d82058545b1ed14f4c8206e,fcp,reddit-billgates-post-1.billg,True,reddit-billgates-post-1.billg fcp opt cold fission webrender,,77,ms,firefox,448572591.0,1849089639,2024-02-26 08:29:13,1382149,,,,,,,,,,,,,,,,,,,,,,,,,,,,,,,,,,,,,,,,,,,,,,,,,TN
2025,8268ce246a04145ed6598e99b5d061a4e1ee3ca6,0.09427374301675978,autoland,4060709,13,fd0dfc9511c4c123e048823de9954312c2b907c1,linux1804-64-shippable-qr,True,False,,|c|o|l|d| |f|i|s|s|i|o|n| |i|n|t|e|r|a|c|t|i|v|e| |w|e|b|r|e|n|d|e|r|,102210fe594ee9b33d82058545b1ed14f4c8206e,fcp,reddit-billgates-post-1.billg,True,reddit-billgates-post-1.billg fcp opt cold fission webrender,,77,ms,firefox,448447533.0,1848644530,2024-02-26 10:31:50,1382207,,,,,,,,,,,,,,,,,,,,,,,,,,,,,,,,,,,,,,,,,,,,,,,,,TN
2026,20ea3f74f4fe9153bbc8d976f6e5df94c464dc30,0.13081936685288642,autoland,4060709,13,fd0dfc9511c4c123e048823de9954312c2b907c1,linux1804-64-shippable-qr,True,False,,|c|o|l|d| |f|i|s|s|i|o|n| |i|n|t|e|r|a|c|t|i|v|e| |w|e|b|r|e|n|d|e|r|,102210fe594ee9b33d82058545b1ed14f4c8206e,fcp,reddit-billgates-post-1.billg,True,reddit-billgates-post-1.billg fcp opt cold fission webrender,,77,ms,firefox,448577856.0,1849143149,2024-02-26 13:55:05,1382274,,,,,,,,,,,,,,,,,,,,,,,,,,,,,,,,,,,,,,,,,,,,,,,,,TN
2027,4dc477669dc382edf409e1b691b033c7243b97cd,0.12639664804469275,autoland,4060709,13,fd0dfc9511c4c123e048823de9954312c2b907c1,linux1804-64-shippable-qr,True,False,,|c|o|l|d| |f|i|s|s|i|o|n| |i|n|t|e|r|a|c|t|i|v|e| |w|e|b|r|e|n|d|e|r|,102210fe594ee9b33d82058545b1ed14f4c8206e,fcp,reddit-billgates-post-1.billg,True,reddit-billgates-post-1.billg fcp opt cold fission webrender,,77,ms,firefox,448577081.0,1849131091,2024-02-26 14:13:27,1382289,,,,,,,,,,,,,,,,,,,,,,,,,,,,,,,,,,,,,,,,,,,,,,,,,TN
2028,a5c1fbe78e431fe4a1db712f75edb33f6fd668e4,0.12825884543761634,autoland,4060709,13,fd0dfc9511c4c123e048823de9954312c2b907c1,linux1804-64-shippable-qr,True,False,,|c|o|l|d| |f|i|s|s|i|o|n| |i|n|t|e|r|a|c|t|i|v|e| |w|e|b|r|e|n|d|e|r|,102210fe594ee9b33d82058545b1ed14f4c8206e,fcp,reddit-billgates-post-1.billg,True,reddit-billgates-post-1.billg fcp opt cold fission webrender,,77,ms,firefox,448485423.0,1848728216,2024-02-26 14:40:18,1382307,,,,,,,,,,,,,,,,,,,,,,,,,,,,,,,,,,,,,,,,,,,,,,,,,TN
2029,621c8480cd3562f3f61966b4219a0335ce72f698,0.11219739292364983,autoland,4060709,13,fd0dfc9511c4c123e048823de9954312c2b907c1,linux1804-64-shippable-qr,True,False,,|c|o|l|d| |f|i|s|s|i|o|n| |i|n|t|e|r|a|c|t|i|v|e| |w|e|b|r|e|n|d|e|r|,102210fe594ee9b33d82058545b1ed14f4c8206e,fcp,reddit-billgates-post-1.billg,True,reddit-billgates-post-1.billg fcp opt cold fission webrender,,77,ms,firefox,448488769.0,1848750854,2024-02-26 15:06:28,1382323,,,,,,,,,,,,,,,,,,,,,,,,,,,,,,,,,,,,,,,,,,,,,,,,,TN
2030,b26d4c8d5e44cc544e259f32a62382902af6f7ff,0.1391992551210428,autoland,4060709,13,fd0dfc9511c4c123e048823de9954312c2b907c1,linux1804-64-shippable-qr,True,False,,|c|o|l|d| |f|i|s|s|i|o|n| |i|n|t|e|r|a|c|t|i|v|e| |w|e|b|r|e|n|d|e|r|,102210fe594ee9b33d82058545b1ed14f4c8206e,fcp,reddit-billgates-post-1.billg,True,reddit-billgates-post-1.billg fcp opt cold fission webrender,,77,ms,firefox,448510587.0,1848876348,2024-02-26 18:24:43,1382496,,,,,,,,,,,,,,,,,,,,,,,,,,,,,,,,,,,,,,,,,,,,,,,,,TN
2031,2bd01d77bc4d2a1ad705bb1ecb8e793864a737ee,0.11429236499068895,autoland,4060709,13,fd0dfc9511c4c123e048823de9954312c2b907c1,linux1804-64-shippable-qr,True,False,,|c|o|l|d| |f|i|s|s|i|o|n| |i|n|t|e|r|a|c|t|i|v|e| |w|e|b|r|e|n|d|e|r|,102210fe594ee9b33d82058545b1ed14f4c8206e,fcp,reddit-billgates-post-1.billg,True,reddit-billgates-post-1.billg fcp opt cold fission webrender,,77,ms,firefox,448543548.0,1848959904,2024-02-26 22:27:48,1382641,,,,,,,,,,,,,,,,,,,,,,,,,,,,,,,,,,,,,,,,,,,,,,,,,TN
2032,9fbcc8f23c0b7543b9146f0d90dd58ce36d32898,0.1352420856610801,autoland,4060709,13,fd0dfc9511c4c123e048823de9954312c2b907c1,linux1804-64-shippable-qr,True,False,,|c|o|l|d| |f|i|s|s|i|o|n| |i|n|t|e|r|a|c|t|i|v|e| |w|e|b|r|e|n|d|e|r|,102210fe594ee9b33d82058545b1ed14f4c8206e,fcp,reddit-billgates-post-1.billg,True,reddit-billgates-post-1.billg fcp opt cold fission webrender,,77,ms,firefox,448545197.0,1848967313,2024-02-26 22:53:03,1382666,,,,,,,,,,,,,,,,,,,,,,,,,,,,,,,,,,,,,,,,,,,,,,,,,TN
2033,74094dc4022c8437eb87a7e25bf6433fb07a7fbb,0.09008379888268153,autoland,4060709,13,fd0dfc9511c4c123e048823de9954312c2b907c1,linux1804-64-shippable-qr,True,False,,|c|o|l|d| |f|i|s|s|i|o|n| |i|n|t|e|r|a|c|t|i|v|e| |w|e|b|r|e|n|d|e|r|,102210fe594ee9b33d82058545b1ed14f4c8206e,fcp,reddit-billgates-post-1.billg,True,reddit-billgates-post-1.billg fcp opt cold fission webrender,,77,ms,firefox,448569988.0,1849080270,2024-02-27 03:06:58,1382765,,,,,,,,,,,,,,,,,,,,,,,,,,,,,,,,,,,,,,,,,,,,,,,,,TN
2034,f0fd4d27a58991220e91d1c086442a03b0a52117,0.13081936685288642,autoland,4060709,13,fd0dfc9511c4c123e048823de9954312c2b907c1,linux1804-64-shippable-qr,True,False,,|c|o|l|d| |f|i|s|s|i|o|n| |i|n|t|e|r|a|c|t|i|v|e| |w|e|b|r|e|n|d|e|r|,102210fe594ee9b33d82058545b1ed14f4c8206e,fcp,reddit-billgates-post-1.billg,True,reddit-billgates-post-1.billg fcp opt cold fission webrender,,77,ms,firefox,448606992.0,1849321161,2024-02-27 10:31:28,1382887,,,,,,,,,,,,,,,,,,,,,,,,,,,,,,,,,,,,,,,,,,,,,,,,,TN
2035,32acc4e2db50b53733cfcf554a308ccc986925b5,0.11592178770949724,autoland,4060709,13,fd0dfc9511c4c123e048823de9954312c2b907c1,linux1804-64-shippable-qr,True,False,,|c|o|l|d| |f|i|s|s|i|o|n| |i|n|t|e|r|a|c|t|i|v|e| |w|e|b|r|e|n|d|e|r|,102210fe594ee9b33d82058545b1ed14f4c8206e,fcp,reddit-billgates-post-1.billg,True,reddit-billgates-post-1.billg fcp opt cold fission webrender,,77,ms,firefox,448639961.0,1849390879,2024-02-27 13:59:53,1383025,,,,,,,,,,,,,,,,,,,,,,,,,,,,,,,,,,,,,,,,,,,,,,,,,TN
2036,149f61eecb69d6cf570be79260785c5b4a42e516,0.12988826815642462,autoland,4060709,13,fd0dfc9511c4c123e048823de9954312c2b907c1,linux1804-64-shippable-qr,True,False,,|c|o|l|d| |f|i|s|s|i|o|n| |i|n|t|e|r|a|c|t|i|v|e| |w|e|b|r|e|n|d|e|r|,102210fe594ee9b33d82058545b1ed14f4c8206e,fcp,reddit-billgates-post-1.billg,True,reddit-billgates-post-1.billg fcp opt cold fission webrender,,77,ms,firefox,448673223.0,1849527561,2024-02-27 19:00:03,1383277,,,,,,,,,,,,,,,,,,,,,,,,,,,,,,,,,,,,,,,,,,,,,,,,,TN
2037,06645f775e47ea71f6dfa2daff5411ab31c5a629,0.09171322160148976,autoland,4060709,13,fd0dfc9511c4c123e048823de9954312c2b907c1,linux1804-64-shippable-qr,True,False,,|c|o|l|d| |f|i|s|s|i|o|n| |i|n|t|e|r|a|c|t|i|v|e| |w|e|b|r|e|n|d|e|r|,102210fe594ee9b33d82058545b1ed14f4c8206e,fcp,reddit-billgates-post-1.billg,True,reddit-billgates-post-1.billg fcp opt cold fission webrender,,77,ms,firefox,448702652.0,1849627245,2024-02-27 23:02:29,1383416,,,,,,,,,,,,,,,,,,,,,,,,,,,,,,,,,,,,,,,,,,,,,,,,,TN
2038,c2895c7db175458e315a65fd8d5e9385e60a76d3,0.1380353817504656,autoland,4060709,13,fd0dfc9511c4c123e048823de9954312c2b907c1,linux1804-64-shippable-qr,True,False,,|c|o|l|d| |f|i|s|s|i|o|n| |i|n|t|e|r|a|c|t|i|v|e| |w|e|b|r|e|n|d|e|r|,102210fe594ee9b33d82058545b1ed14f4c8206e,fcp,reddit-billgates-post-1.billg,True,reddit-billgates-post-1.billg fcp opt cold fission webrender,,77,ms,firefox,448705252.0,1849653471,2024-02-27 23:18:10,1383436,,,,,,,,,,,,,,,,,,,,,,,,,,,,,,,,,,,,,,,,,,,,,,,,,TN
2039,41ceb034dc709c821d837a321d2c5fb944bd4231,0.12430167597765363,autoland,4060709,13,fd0dfc9511c4c123e048823de9954312c2b907c1,linux1804-64-shippable-qr,True,False,,|c|o|l|d| |f|i|s|s|i|o|n| |i|n|t|e|r|a|c|t|i|v|e| |w|e|b|r|e|n|d|e|r|,102210fe594ee9b33d82058545b1ed14f4c8206e,fcp,reddit-billgates-post-1.billg,True,reddit-billgates-post-1.billg fcp opt cold fission webrender,,77,ms,firefox,448720439.0,1849715564,2024-02-28 03:31:31,1383545,,,,,,,,,,,,,,,,,,,,,,,,,,,,,,,,,,,,,,,,,,,,,,,,,TN
2040,710f48d1638d076913089bfa3978b6a1efc1d842,0.08356610800744879,autoland,4060709,13,fd0dfc9511c4c123e048823de9954312c2b907c1,linux1804-64-shippable-qr,True,False,,|c|o|l|d| |f|i|s|s|i|o|n| |i|n|t|e|r|a|c|t|i|v|e| |w|e|b|r|e|n|d|e|r|,102210fe594ee9b33d82058545b1ed14f4c8206e,fcp,reddit-billgates-post-1.billg,True,reddit-billgates-post-1.billg fcp opt cold fission webrender,,77,ms,firefox,448740188.0,1849801607,2024-02-28 07:34:11,1383600,,,,,,,,,,,,,,,,,,,,,,,,,,,,,,,,,,,,,,,,,,,,,,,,,TN
2041,85f3a9a2a4155f207064d78c57f79611f7332287,0.12267225325884545,autoland,4060709,13,fd0dfc9511c4c123e048823de9954312c2b907c1,linux1804-64-shippable-qr,True,False,,|c|o|l|d| |f|i|s|s|i|o|n| |i|n|t|e|r|a|c|t|i|v|e| |w|e|b|r|e|n|d|e|r|,102210fe594ee9b33d82058545b1ed14f4c8206e,fcp,reddit-billgates-post-1.billg,True,reddit-billgates-post-1.billg fcp opt cold fission webrender,,77,ms,firefox,448744982.0,1849825422,2024-02-28 08:18:18,1383612,,,,,,,,,,,,,,,,,,,,,,,,,,,,,,,,,,,,,,,,,,,,,,,,,TN
2042,2356949f5c6d9a4f229d012051bac51b3eb83aec,0.1410614525139665,autoland,4060709,13,fd0dfc9511c4c123e048823de9954312c2b907c1,linux1804-64-shippable-qr,True,False,,|c|o|l|d| |f|i|s|s|i|o|n| |i|n|t|e|r|a|c|t|i|v|e| |w|e|b|r|e|n|d|e|r|,102210fe594ee9b33d82058545b1ed14f4c8206e,fcp,reddit-billgates-post-1.billg,True,reddit-billgates-post-1.billg fcp opt cold fission webrender,,77,ms,firefox,448794404.0,1849983636,2024-02-28 12:53:19,1383715,,,,,,,,,,,,,,,,,,,,,,,,,,,,,,,,,,,,,,,,,,,,,,,,,TN
2043,6583cb878dec05576053eaa9368a4eb5bbbbbedc,0.14688081936685282,autoland,4060709,13,fd0dfc9511c4c123e048823de9954312c2b907c1,linux1804-64-shippable-qr,True,False,,|c|o|l|d| |f|i|s|s|i|o|n| |i|n|t|e|r|a|c|t|i|v|e| |w|e|b|r|e|n|d|e|r|,102210fe594ee9b33d82058545b1ed14f4c8206e,fcp,reddit-billgates-post-1.billg,True,reddit-billgates-post-1.billg fcp opt cold fission webrender,,77,ms,firefox,448800986.0,1850012169,2024-02-28 14:06:22,1383751,,,,,,,,,,,,,,,,,,,,,,,,,,,,,,,,,,,,,,,,,,,,,,,,,TN
2044,3f69b2549451d64ce2da31b3073267541ae38398,0.11103351955307261,autoland,4060709,13,fd0dfc9511c4c123e048823de9954312c2b907c1,linux1804-64-shippable-qr,True,False,,|c|o|l|d| |f|i|s|s|i|o|n| |i|n|t|e|r|a|c|t|i|v|e| |w|e|b|r|e|n|d|e|r|,102210fe594ee9b33d82058545b1ed14f4c8206e,fcp,reddit-billgates-post-1.billg,True,reddit-billgates-post-1.billg fcp opt cold fission webrender,,77,ms,firefox,448918880.0,1850468465,2024-02-28 16:55:42,1383877,,,,,,,,,,,,,,,,,,,,,,,,,,,,,,,,,,,,,,,,,,,,,,,,,TN
2045,b281b2ba71defd226d3230f9c164786827f3de70,0.1324487895716946,autoland,4060709,13,fd0dfc9511c4c123e048823de9954312c2b907c1,linux1804-64-shippable-qr,True,False,,|c|o|l|d| |f|i|s|s|i|o|n| |i|n|t|e|r|a|c|t|i|v|e| |w|e|b|r|e|n|d|e|r|,102210fe594ee9b33d82058545b1ed14f4c8206e,fcp,reddit-billgates-post-1.billg,True,reddit-billgates-post-1.billg fcp opt cold fission webrender,,77,ms,firefox,448913323.0,1850462422,2024-02-28 17:06:06,1383880,,,,,,,,,,,,,,,,,,,,,,,,,,,,,,,,,,,,,,,,,,,,,,,,,TN
2046,32ca524f7abf0664a2f0d882868c3e913297f446,0.14734636871508378,autoland,4060709,13,fd0dfc9511c4c123e048823de9954312c2b907c1,linux1804-64-shippable-qr,True,False,,|c|o|l|d| |f|i|s|s|i|o|n| |i|n|t|e|r|a|c|t|i|v|e| |w|e|b|r|e|n|d|e|r|,102210fe594ee9b33d82058545b1ed14f4c8206e,fcp,reddit-billgates-post-1.billg,True,reddit-billgates-post-1.billg fcp opt cold fission webrender,,77,ms,firefox,448823865.0,1850111361,2024-02-28 17:56:27,1383890,,,,,,,,,,,,,,,,,,,,,,,,,,,,,,,,,,,,,,,,,,,,,,,,,TN
2047,da466faa7aee60bdeeca32b0767a1f0b9b964272,0.1240689013035382,autoland,4060709,13,fd0dfc9511c4c123e048823de9954312c2b907c1,linux1804-64-shippable-qr,True,False,,|c|o|l|d| |f|i|s|s|i|o|n| |i|n|t|e|r|a|c|t|i|v|e| |w|e|b|r|e|n|d|e|r|,102210fe594ee9b33d82058545b1ed14f4c8206e,fcp,reddit-billgates-post-1.billg,True,reddit-billgates-post-1.billg fcp opt cold fission webrender,,77,ms,firefox,448862179.0,1850264721,2024-02-28 20:42:42,1384009,,,,,,,,,,,,,,,,,,,,,,,,,,,,,,,,,,,,,,,,,,,,,,,,,TN
2048,cbef4527f79aadfe5c4dd940effe9b01df8734b1,0.1513035381750466,autoland,4060709,13,fd0dfc9511c4c123e048823de9954312c2b907c1,linux1804-64-shippable-qr,True,False,,|c|o|l|d| |f|i|s|s|i|o|n| |i|n|t|e|r|a|c|t|i|v|e| |w|e|b|r|e|n|d|e|r|,102210fe594ee9b33d82058545b1ed14f4c8206e,fcp,reddit-billgates-post-1.billg,True,reddit-billgates-post-1.billg fcp opt cold fission webrender,,77,ms,firefox,448896030.0,1850337920,2024-02-29 00:51:41,1384174,,,,,,,,,,,,,,,,,,,,,,,,,,,,,,,,,,,,,,,,,,,,,,,,,TN
2049,f21a5f54b6ecffa5b49d4944c32c752ea622e3c6,0.12756052141527008,autoland,4060709,13,fd0dfc9511c4c123e048823de9954312c2b907c1,linux1804-64-shippable-qr,True,False,,|c|o|l|d| |f|i|s|s|i|o|n| |i|n|t|e|r|a|c|t|i|v|e| |w|e|b|r|e|n|d|e|r|,102210fe594ee9b33d82058545b1ed14f4c8206e,fcp,reddit-billgates-post-1.billg,True,reddit-billgates-post-1.billg fcp opt cold fission webrender,,77,ms,firefox,448900296.0,1850378223,2024-02-29 01:20:40,1384182,,,,,,,,,,,,,,,,,,,,,,,,,,,,,,,,,,,,,,,,,,,,,,,,,TN
2050,64915858a170d28a53a5fecf27f85f9c633ec87f,0.1333798882681565,autoland,4060709,13,fd0dfc9511c4c123e048823de9954312c2b907c1,linux1804-64-shippable-qr,True,False,,|c|o|l|d| |f|i|s|s|i|o|n| |i|n|t|e|r|a|c|t|i|v|e| |w|e|b|r|e|n|d|e|r|,102210fe594ee9b33d82058545b1ed14f4c8206e,fcp,reddit-billgates-post-1.billg,True,reddit-billgates-post-1.billg fcp opt cold fission webrender,,77,ms,firefox,449058192.0,1851142262,2024-02-29 02:29:01,1384204,,,,,,,,,,,,,,,,,,,,,,,,,,,,,,,,,,,,,,,,,,,,,,,,,TN
2051,5640911065b0971e369a205bd76962548ee3cab6,0.16573556797020483,autoland,4060709,13,fd0dfc9511c4c123e048823de9954312c2b907c1,linux1804-64-shippable-qr,True,False,,|c|o|l|d| |f|i|s|s|i|o|n| |i|n|t|e|r|a|c|t|i|v|e| |w|e|b|r|e|n|d|e|r|,102210fe594ee9b33d82058545b1ed14f4c8206e,fcp,reddit-billgates-post-1.billg,True,reddit-billgates-post-1.billg fcp opt cold fission webrender,,77,ms,firefox,449058324.0,1851146779,2024-02-29 02:49:12,1384218,,,,,,,,,,,,,,,,,,,,,,,,,,,,,,,,,,,,,,,,,,,,,,,,,TN
2052,bb7b045d24f7773df5e27742496f2c0bb95d780f,0.11196461824953441,autoland,4060709,13,fd0dfc9511c4c123e048823de9954312c2b907c1,linux1804-64-shippable-qr,True,False,,|c|o|l|d| |f|i|s|s|i|o|n| |i|n|t|e|r|a|c|t|i|v|e| |w|e|b|r|e|n|d|e|r|,102210fe594ee9b33d82058545b1ed14f4c8206e,fcp,reddit-billgates-post-1.billg,True,reddit-billgates-post-1.billg fcp opt cold fission webrender,,77,ms,firefox,448921135.0,1850485320,2024-02-29 06:49:17,1384273,,,,,,,,,,,,,,,,,,,,,,,,,,,,,,,,,,,,,,,,,,,,,,,,,TN
2053,fbb087d5e5b8af76523b084cba81dc1be84c7fb4,0.1419925512104283,autoland,4060709,13,fd0dfc9511c4c123e048823de9954312c2b907c1,linux1804-64-shippable-qr,True,False,,|c|o|l|d| |f|i|s|s|i|o|n| |i|n|t|e|r|a|c|t|i|v|e| |w|e|b|r|e|n|d|e|r|,102210fe594ee9b33d82058545b1ed14f4c8206e,fcp,reddit-billgates-post-1.billg,True,reddit-billgates-post-1.billg fcp opt cold fission webrender,,77,ms,firefox,448944677.0,1850609044,2024-02-29 10:50:05,1384399,,,,,,,,,,,,,,,,,,,,,,,,,,,,,,,,,,,,,,,,,,,,,,,,,TN
2054,42781edfbf79030ca8e6f7c1584ebfc2bd31935c,0.10661080074487894,autoland,4060709,13,fd0dfc9511c4c123e048823de9954312c2b907c1,linux1804-64-shippable-qr,True,False,,|c|o|l|d| |f|i|s|s|i|o|n| |i|n|t|e|r|a|c|t|i|v|e| |w|e|b|r|e|n|d|e|r|,102210fe594ee9b33d82058545b1ed14f4c8206e,fcp,reddit-billgates-post-1.billg,True,reddit-billgates-post-1.billg fcp opt cold fission webrender,,77,ms,firefox,448958328.0,1850697862,2024-02-29 13:22:41,1384414,,,,,,,,,,,,,,,,,,,,,,,,,,,,,,,,,,,,,,,,,,,,,,,,,TN
2055,4b82553ad6abc0079d2d7a0642c099ca93d1d156,0.11755121042830541,autoland,4060709,13,fd0dfc9511c4c123e048823de9954312c2b907c1,linux1804-64-shippable-qr,True,False,,|c|o|l|d| |f|i|s|s|i|o|n| |i|n|t|e|r|a|c|t|i|v|e| |w|e|b|r|e|n|d|e|r|,102210fe594ee9b33d82058545b1ed14f4c8206e,fcp,reddit-billgates-post-1.billg,True,reddit-billgates-post-1.billg fcp opt cold fission webrender,,77,ms,firefox,448990599.0,1850815645,2024-02-29 17:24:54,1384673,,,,,,,,,,,,,,,,,,,,,,,,,,,,,,,,,,,,,,,,,,,,,,,,,TN
2056,636cf8095a0f42555363480bc387b9a5aad03efe,0.12476722532588458,autoland,4060709,13,fd0dfc9511c4c123e048823de9954312c2b907c1,linux1804-64-shippable-qr,True,False,,|c|o|l|d| |f|i|s|s|i|o|n| |i|n|t|e|r|a|c|t|i|v|e| |w|e|b|r|e|n|d|e|r|,102210fe594ee9b33d82058545b1ed14f4c8206e,fcp,reddit-billgates-post-1.billg,True,reddit-billgates-post-1.billg fcp opt cold fission webrender,,77,ms,firefox,448994737.0,1850860925,2024-02-29 17:36:34,1384681,,,,,,,,,,,,,,,,,,,,,,,,,,,,,,,,,,,,,,,,,,,,,,,,,TN
2057,1a461feeeb4e7725855a242023e45625b9bddae4,0.13850093109869643,autoland,4060709,13,fd0dfc9511c4c123e048823de9954312c2b907c1,linux1804-64-shippable-qr,True,False,,|c|o|l|d| |f|i|s|s|i|o|n| |i|n|t|e|r|a|c|t|i|v|e| |w|e|b|r|e|n|d|e|r|,102210fe594ee9b33d82058545b1ed14f4c8206e,fcp,reddit-billgates-post-1.billg,True,reddit-billgates-post-1.billg fcp opt cold fission webrender,,77,ms,firefox,449023355.0,1850948439,2024-02-29 21:50:05,1384804,,,,,,,,,,,,,,,,,,,,,,,,,,,,,,,,,,,,,,,,,,,,,,,,,TN
2058,415f94176c1508d1acb91186346a42009b378ca7,0.10474860335195535,autoland,4060709,13,fd0dfc9511c4c123e048823de9954312c2b907c1,linux1804-64-shippable-qr,True,False,,|c|o|l|d| |f|i|s|s|i|o|n| |i|n|t|e|r|a|c|t|i|v|e| |w|e|b|r|e|n|d|e|r|,102210fe594ee9b33d82058545b1ed14f4c8206e,fcp,reddit-billgates-post-1.billg,True,reddit-billgates-post-1.billg fcp opt cold fission webrender,,77,ms,firefox,449028968.0,1850977175,2024-02-29 21:57:41,1384812,,,,,,,,,,,,,,,,,,,,,,,,,,,,,,,,,,,,,,,,,,,,,,,,,TN
2059,3ed1cc3830b2bb116e2875dedadc6ea20235768a,0.14315642458100564,autoland,4060709,13,fd0dfc9511c4c123e048823de9954312c2b907c1,linux1804-64-shippable-qr,True,False,,|c|o|l|d| |f|i|s|s|i|o|n| |i|n|t|e|r|a|c|t|i|v|e| |w|e|b|r|e|n|d|e|r|,102210fe594ee9b33d82058545b1ed14f4c8206e,fcp,reddit-billgates-post-1.billg,True,reddit-billgates-post-1.billg fcp opt cold fission webrender,,77,ms,firefox,449053361.0,1851086632,2024-03-01 02:06:20,1385033,,,,,,,,,,,,,,,,,,,,,,,,,,,,,,,,,,,,,,,,,,,,,,,,,TN
2060,c726403b9a5aaed84563fd210952c3858369c756,0.13594040968342647,autoland,4060709,13,fd0dfc9511c4c123e048823de9954312c2b907c1,linux1804-64-shippable-qr,True,False,,|c|o|l|d| |f|i|s|s|i|o|n| |i|n|t|e|r|a|c|t|i|v|e| |w|e|b|r|e|n|d|e|r|,102210fe594ee9b33d82058545b1ed14f4c8206e,fcp,reddit-billgates-post-1.billg,True,reddit-billgates-post-1.billg fcp opt cold fission webrender,,77,ms,firefox,449054074.0,1851107870,2024-03-01 02:09:48,1385038,,,,,,,,,,,,,,,,,,,,,,,,,,,,,,,,,,,,,,,,,,,,,,,,,TN
2061,b921bb1aee11c101ece321f78bcc56942889bac9,0.12011173184357538,autoland,4060709,13,fd0dfc9511c4c123e048823de9954312c2b907c1,linux1804-64-shippable-qr,True,False,,|c|o|l|d| |f|i|s|s|i|o|n| |i|n|t|e|r|a|c|t|i|v|e| |w|e|b|r|e|n|d|e|r|,102210fe594ee9b33d82058545b1ed14f4c8206e,fcp,reddit-billgates-post-1.billg,True,reddit-billgates-post-1.billg fcp opt cold fission webrender,,77,ms,firefox,449098887.0,1851305766,2024-03-01 11:09:10,1385336,,,,,,,,,,,,,,,,,,,,,,,,,,,,,,,,,,,,,,,,,,,,,,,,,TN
2062,ab2f491c1f6a1907e3cd7de371a27940c1b7ae66,0.1401303538175046,autoland,4060709,13,fd0dfc9511c4c123e048823de9954312c2b907c1,linux1804-64-shippable-qr,True,False,,|c|o|l|d| |f|i|s|s|i|o|n| |i|n|t|e|r|a|c|t|i|v|e| |w|e|b|r|e|n|d|e|r|,102210fe594ee9b33d82058545b1ed14f4c8206e,fcp,reddit-billgates-post-1.billg,True,reddit-billgates-post-1.billg fcp opt cold fission webrender,,77,ms,firefox,449139304.0,1851392863,2024-03-01 15:15:21,1385464,,,,,,,,,,,,,,,,,,,,,,,,,,,,,,,,,,,,,,,,,,,,,,,,,TN
2063,179ceb82c9e5e6619e0a43e7c9a8682bff1f55ac,0.1240689013035382,autoland,4060709,13,fd0dfc9511c4c123e048823de9954312c2b907c1,linux1804-64-shippable-qr,True,False,,|c|o|l|d| |f|i|s|s|i|o|n| |i|n|t|e|r|a|c|t|i|v|e| |w|e|b|r|e|n|d|e|r|,102210fe594ee9b33d82058545b1ed14f4c8206e,fcp,reddit-billgates-post-1.billg,True,reddit-billgates-post-1.billg fcp opt cold fission webrender,,77,ms,firefox,449138323.0,1851380848,2024-03-01 15:18:33,1385469,,,,,,,,,,,,,,,,,,,,,,,,,,,,,,,,,,,,,,,,,,,,,,,,,TN
2064,c12ee5058abff427e2fd65f86c453b2c0ef5c315,0.12453445065176905,autoland,4060709,13,fd0dfc9511c4c123e048823de9954312c2b907c1,linux1804-64-shippable-qr,True,False,,|c|o|l|d| |f|i|s|s|i|o|n| |i|n|t|e|r|a|c|t|i|v|e| |w|e|b|r|e|n|d|e|r|,102210fe594ee9b33d82058545b1ed14f4c8206e,fcp,reddit-billgates-post-1.billg,True,reddit-billgates-post-1.billg fcp opt cold fission webrender,,77,ms,firefox,449160207.0,1851508655,2024-03-01 19:33:22,1385653,,,,,,,,,,,,,,,,,,,,,,,,,,,,,,,,,,,,,,,,,,,,,,,,,TN
2065,ac7b674e512d88788161e657fbc3371b8d955c65,0.12802607076350092,autoland,4060709,13,fd0dfc9511c4c123e048823de9954312c2b907c1,linux1804-64-shippable-qr,True,False,,|c|o|l|d| |f|i|s|s|i|o|n| |i|n|t|e|r|a|c|t|i|v|e| |w|e|b|r|e|n|d|e|r|,102210fe594ee9b33d82058545b1ed14f4c8206e,fcp,reddit-billgates-post-1.billg,True,reddit-billgates-post-1.billg fcp opt cold fission webrender,,77,ms,firefox,449197055.0,1851643323,2024-03-02 08:44:09,1385889,,,,,,,,,,,,,,,,,,,,,,,,,,,,,,,,,,,,,,,,,,,,,,,,,TN
2066,a2ddc20095d176734a72080712b366c74a36c934,0.12616387337057722,autoland,4060709,13,fd0dfc9511c4c123e048823de9954312c2b907c1,linux1804-64-shippable-qr,True,False,,|c|o|l|d| |f|i|s|s|i|o|n| |i|n|t|e|r|a|c|t|i|v|e| |w|e|b|r|e|n|d|e|r|,102210fe594ee9b33d82058545b1ed14f4c8206e,fcp,reddit-billgates-post-1.billg,True,reddit-billgates-post-1.billg fcp opt cold fission webrender,,77,ms,firefox,449248214.0,1851886131,2024-03-02 18:47:19,1385949,,,,,,,,,,,,,,,,,,,,,,,,,,,,,,,,,,,,,,,,,,,,,,,,,TN
2067,8042d9f9b7b6eb6e6a6fbefba554c035ef6bbda1,0.1222067039106145,autoland,4060709,13,fd0dfc9511c4c123e048823de9954312c2b907c1,linux1804-64-shippable-qr,True,False,,|c|o|l|d| |f|i|s|s|i|o|n| |i|n|t|e|r|a|c|t|i|v|e| |w|e|b|r|e|n|d|e|r|,102210fe594ee9b33d82058545b1ed14f4c8206e,fcp,reddit-billgates-post-1.billg,True,reddit-billgates-post-1.billg fcp opt cold fission webrender,,77,ms,firefox,449251788.0,1851910322,2024-03-02 19:45:31,1385954,,,,,,,,,,,,,,,,,,,,,,,,,,,,,,,,,,,,,,,,,,,,,,,,,TN
2068,c5ddc3b211e53221a5b12ce6c8a5a523bba3641f,0.12337057728119183,autoland,4060709,13,fd0dfc9511c4c123e048823de9954312c2b907c1,linux1804-64-shippable-qr,True,False,,|c|o|l|d| |f|i|s|s|i|o|n| |i|n|t|e|r|a|c|t|i|v|e| |w|e|b|r|e|n|d|e|r|,102210fe594ee9b33d82058545b1ed14f4c8206e,fcp,reddit-billgates-post-1.billg,True,reddit-billgates-post-1.billg fcp opt cold fission webrender,,77,ms,firefox,449277322.0,1851988297,2024-03-03 01:04:11,1385990,,,,,,,,,,,,,,,,,,,,,,,,,,,,,,,,,,,,,,,,,,,,,,,,,TN
2069,62056fe89aac9d2f369746854f0e3a55ad7153d0,0.1378801986343885,autoland,4060709,13,fd0dfc9511c4c123e048823de9954312c2b907c1,linux1804-64-shippable-qr,True,False,,|c|o|l|d| |f|i|s|s|i|o|n| |i|n|t|e|r|a|c|t|i|v|e| |w|e|b|r|e|n|d|e|r|,102210fe594ee9b33d82058545b1ed14f4c8206e,fcp,reddit-billgates-post-1.billg,True,reddit-billgates-post-1.billg fcp opt cold fission webrender,,77,ms,firefox,449314134.0,1852122194,2024-03-03 12:29:51,1386069,,,,,,,,,,,,,,,,,,,,,,,,,,,,,,,,,,,,,,,,,,,,,,,,,TN
2070,499cae53f42dfc8f376fd97d0a83c1f8e85e274c,0.11149906890130357,autoland,4060709,13,fd0dfc9511c4c123e048823de9954312c2b907c1,linux1804-64-shippable-qr,True,False,,|c|o|l|d| |f|i|s|s|i|o|n| |i|n|t|e|r|a|c|t|i|v|e| |w|e|b|r|e|n|d|e|r|,102210fe594ee9b33d82058545b1ed14f4c8206e,fcp,reddit-billgates-post-1.billg,True,reddit-billgates-post-1.billg fcp opt cold fission webrender,,77,ms,firefox,449342919.0,1852224099,2024-03-04 01:21:19,1386148,,,,,,,,,,,,,,,,,,,,,,,,,,,,,,,,,,,,,,,,,,,,,,,,,TN
2071,79823348e9cf740dbe5ae11eb654b1a85ea0ecbc,0.12057728119180633,autoland,4060709,13,fd0dfc9511c4c123e048823de9954312c2b907c1,linux1804-64-shippable-qr,True,False,,|c|o|l|d| |f|i|s|s|i|o|n| |i|n|t|e|r|a|c|t|i|v|e| |w|e|b|r|e|n|d|e|r|,102210fe594ee9b33d82058545b1ed14f4c8206e,fcp,reddit-billgates-post-1.billg,True,reddit-billgates-post-1.billg fcp opt cold fission webrender,,77,ms,firefox,449354350.0,1852277415,2024-03-04 06:32:50,1386182,,,,,,,,,,,,,,,,,,,,,,,,,,,,,,,,,,,,,,,,,,,,,,,,,TN
2072,54c13c0498731427f23aff4c7e87900a715761b0,0.14245810055865915,autoland,4060709,13,fd0dfc9511c4c123e048823de9954312c2b907c1,linux1804-64-shippable-qr,True,False,,|c|o|l|d| |f|i|s|s|i|o|n| |i|n|t|e|r|a|c|t|i|v|e| |w|e|b|r|e|n|d|e|r|,102210fe594ee9b33d82058545b1ed14f4c8206e,fcp,reddit-billgates-post-1.billg,True,reddit-billgates-post-1.billg fcp opt cold fission webrender,,77,ms,firefox,449368851.0,1852344196,2024-03-04 08:48:22,1386226,,,,,,,,,,,,,,,,,,,,,,,,,,,,,,,,,,,,,,,,,,,,,,,,,TN
2073,938c019ec0d1f3f1c0932e575d8f9e9f4c387320,0.1401303538175046,autoland,4060709,13,fd0dfc9511c4c123e048823de9954312c2b907c1,linux1804-64-shippable-qr,True,False,,|c|o|l|d| |f|i|s|s|i|o|n| |i|n|t|e|r|a|c|t|i|v|e| |w|e|b|r|e|n|d|e|r|,102210fe594ee9b33d82058545b1ed14f4c8206e,fcp,reddit-billgates-post-1.billg,True,reddit-billgates-post-1.billg fcp opt cold fission webrender,,77,ms,firefox,449418590.0,1852477278,2024-03-04 12:51:58,1386363,,,,,,,,,,,,,,,,,,,,,,,,,,,,,,,,,,,,,,,,,,,,,,,,,TN
2074,ebe362ea0bcdad9ff347eb250a8e26d408e47215,0.15432960893854752,autoland,4060709,13,fd0dfc9511c4c123e048823de9954312c2b907c1,linux1804-64-shippable-qr,True,False,,|c|o|l|d| |f|i|s|s|i|o|n| |i|n|t|e|r|a|c|t|i|v|e| |w|e|b|r|e|n|d|e|r|,102210fe594ee9b33d82058545b1ed14f4c8206e,fcp,reddit-billgates-post-1.billg,True,reddit-billgates-post-1.billg fcp opt cold fission webrender,,77,ms,firefox,449544119.0,1852991351,2024-03-04 13:05:50,1386367,,,,,,,,,,,,,,,,,,,,,,,,,,,,,,,,,,,,,,,,,,,,,,,,,TN
2075,b277bde0552da0099eed99380ad5b8eaa6402a30,0.12150837988826813,autoland,4060709,13,fd0dfc9511c4c123e048823de9954312c2b907c1,linux1804-64-shippable-qr,True,False,,|c|o|l|d| |f|i|s|s|i|o|n| |i|n|t|e|r|a|c|t|i|v|e| |w|e|b|r|e|n|d|e|r|,102210fe594ee9b33d82058545b1ed14f4c8206e,fcp,reddit-billgates-post-1.billg,True,reddit-billgates-post-1.billg fcp opt cold fission webrender,,77,ms,firefox,449544043.0,1852982047,2024-03-04 13:19:08,1386372,,,,,,,,,,,,,,,,,,,,,,,,,,,,,,,,,,,,,,,,,,,,,,,,,TN
2076,c90923a84670e17105b275c5be4a3c2842cb248e,0.14408752327746743,autoland,4060709,13,fd0dfc9511c4c123e048823de9954312c2b907c1,linux1804-64-shippable-qr,True,False,,|c|o|l|d| |f|i|s|s|i|o|n| |i|n|t|e|r|a|c|t|i|v|e| |w|e|b|r|e|n|d|e|r|,102210fe594ee9b33d82058545b1ed14f4c8206e,fcp,reddit-billgates-post-1.billg,True,reddit-billgates-post-1.billg fcp opt cold fission webrender,,77,ms,firefox,449433122.0,1852529179,2024-03-04 14:27:11,1386418,,,,,,,,,,,,,,,,,,,,,,,,,,,,,,,,,,,,,,,,,,,,,,,,,TN
2077,6c8dfd2a5bcafec953d7303c1fc35ec76d05f6ac,0.15432960893854752,autoland,4060709,13,fd0dfc9511c4c123e048823de9954312c2b907c1,linux1804-64-shippable-qr,True,False,,|c|o|l|d| |f|i|s|s|i|o|n| |i|n|t|e|r|a|c|t|i|v|e| |w|e|b|r|e|n|d|e|r|,102210fe594ee9b33d82058545b1ed14f4c8206e,fcp,reddit-billgates-post-1.billg,True,reddit-billgates-post-1.billg fcp opt cold fission webrender,,77,ms,firefox,449452183.0,1852600034,2024-03-04 16:31:41,1386528,,,,,,,,,,,,,,,,,,,,,,,,,,,,,,,,,,,,,,,,,,,,,,,,,TN
2078,430bda8b01b3b00b083a0034de19b12b032caf6b,0.138268156424581,autoland,4060709,13,fd0dfc9511c4c123e048823de9954312c2b907c1,linux1804-64-shippable-qr,True,False,,|c|o|l|d| |f|i|s|s|i|o|n| |i|n|t|e|r|a|c|t|i|v|e| |w|e|b|r|e|n|d|e|r|,102210fe594ee9b33d82058545b1ed14f4c8206e,fcp,reddit-billgates-post-1.billg,True,reddit-billgates-post-1.billg fcp opt cold fission webrender,,77,ms,firefox,449490906.0,1852767463,2024-03-04 20:31:42,1386698,,,,,,,,,,,,,,,,,,,,,,,,,,,,,,,,,,,,,,,,,,,,,,,,,TN
2079,5b706eb2187070200b3eecb6d99a95e750c3266e,0.12360335195530725,autoland,4060709,13,fd0dfc9511c4c123e048823de9954312c2b907c1,linux1804-64-shippable-qr,True,False,,|c|o|l|d| |f|i|s|s|i|o|n| |i|n|t|e|r|a|c|t|i|v|e| |w|e|b|r|e|n|d|e|r|,102210fe594ee9b33d82058545b1ed14f4c8206e,fcp,reddit-billgates-post-1.billg,True,reddit-billgates-post-1.billg fcp opt cold fission webrender,,77,ms,firefox,449495680.0,1852782477,2024-03-04 21:16:05,1386717,,,,,,,,,,,,,,,,,,,,,,,,,,,,,,,,,,,,,,,,,,,,,,,,,TN
2080,2b54764bcf2909b800951938d1f6fd47752c91b6,0.12825884543761634,autoland,4060709,13,fd0dfc9511c4c123e048823de9954312c2b907c1,linux1804-64-shippable-qr,True,False,,|c|o|l|d| |f|i|s|s|i|o|n| |i|n|t|e|r|a|c|t|i|v|e| |w|e|b|r|e|n|d|e|r|,102210fe594ee9b33d82058545b1ed14f4c8206e,fcp,reddit-billgates-post-1.billg,True,reddit-billgates-post-1.billg fcp opt cold fission webrender,,77,ms,firefox,449535770.0,1852914969,2024-03-05 01:28:34,1386871,,,,,,,,,,,,,,,,,,,,,,,,,,,,,,,,,,,,,,,,,,,,,,,,,TN
2081,61bb37d1ba16985ef9e5cd99cd02912849f743a3,0.09753258845437618,autoland,4060709,13,fd0dfc9511c4c123e048823de9954312c2b907c1,linux1804-64-shippable-qr,True,False,,|c|o|l|d| |f|i|s|s|i|o|n| |i|n|t|e|r|a|c|t|i|v|e| |w|e|b|r|e|n|d|e|r|,102210fe594ee9b33d82058545b1ed14f4c8206e,fcp,reddit-billgates-post-1.billg,True,reddit-billgates-post-1.billg fcp opt cold fission webrender,,77,ms,firefox,449549829.0,1853014358,2024-03-05 05:25:14,1386945,,,,,,,,,,,,,,,,,,,,,,,,,,,,,,,,,,,,,,,,,,,,,,,,,TN
2082,20859a1f25eb48ec31fdd24c0552b9fa83c5dcf2,0.17458100558659218,autoland,4060709,13,fd0dfc9511c4c123e048823de9954312c2b907c1,linux1804-64-shippable-qr,True,False,,|c|o|l|d| |f|i|s|s|i|o|n| |i|n|t|e|r|a|c|t|i|v|e| |w|e|b|r|e|n|d|e|r|,102210fe594ee9b33d82058545b1ed14f4c8206e,fcp,reddit-billgates-post-1.billg,True,reddit-billgates-post-1.billg fcp opt cold fission webrender,,77,ms,firefox,449575773.0,1853082613,2024-03-05 09:36:09,1387072,,,,,,,,,,,,,,,,,,,,,,,,,,,,,,,,,,,,,,,,,,,,,,,,,TN
2083,300643546ea85a42a1f88a11595ebbb0b7157128,0.12639664804469275,autoland,4060709,13,fd0dfc9511c4c123e048823de9954312c2b907c1,linux1804-64-shippable-qr,True,False,,|c|o|l|d| |f|i|s|s|i|o|n| |i|n|t|e|r|a|c|t|i|v|e| |w|e|b|r|e|n|d|e|r|,102210fe594ee9b33d82058545b1ed14f4c8206e,fcp,reddit-billgates-post-1.billg,True,reddit-billgates-post-1.billg fcp opt cold fission webrender,,77,ms,firefox,449602476.0,1853167423,2024-03-05 11:43:18,1387157,,,,,,,,,,,,,,,,,,,,,,,,,,,,,,,,,,,,,,,,,,,,,,,,,TN
2084,ce04bfaf8a42c978750bbc90600639374bf1293a,0.14874301675977653,autoland,4060709,13,fd0dfc9511c4c123e048823de9954312c2b907c1,linux1804-64-shippable-qr,True,False,,|c|o|l|d| |f|i|s|s|i|o|n| |i|n|t|e|r|a|c|t|i|v|e| |w|e|b|r|e|n|d|e|r|,102210fe594ee9b33d82058545b1ed14f4c8206e,fcp,reddit-billgates-post-1.billg,True,reddit-billgates-post-1.billg fcp opt cold fission webrender,,77,ms,firefox,449723648.0,1853627898,2024-03-05 13:23:13,1387210,,,,,,,,,,,,,,,,,,,,,,,,,,,,,,,,,,,,,,,,,,,,,,,,,TN
2085,33e78b58e39fe602a8fcc6ab12a2f2bc513b66e3,0.159683426443203,autoland,4060709,13,fd0dfc9511c4c123e048823de9954312c2b907c1,linux1804-64-shippable-qr,True,False,,|c|o|l|d| |f|i|s|s|i|o|n| |i|n|t|e|r|a|c|t|i|v|e| |w|e|b|r|e|n|d|e|r|,102210fe594ee9b33d82058545b1ed14f4c8206e,fcp,reddit-billgates-post-1.billg,True,reddit-billgates-post-1.billg fcp opt cold fission webrender,,77,ms,firefox,449720781.0,1853596479,2024-03-05 13:27:30,1387213,,,,,,,,,,,,,,,,,,,,,,,,,,,,,,,,,,,,,,,,,,,,,,,,,TN
2086,4132892d754dddce6198ca04a7119f25a8ebfa9e,0.14548417132216018,autoland,4060709,13,fd0dfc9511c4c123e048823de9954312c2b907c1,linux1804-64-shippable-qr,True,False,,|c|o|l|d| |f|i|s|s|i|o|n| |i|n|t|e|r|a|c|t|i|v|e| |w|e|b|r|e|n|d|e|r|,102210fe594ee9b33d82058545b1ed14f4c8206e,fcp,reddit-billgates-post-1.billg,True,reddit-billgates-post-1.billg fcp opt cold fission webrender,,77,ms,firefox,449723603.0,1853622160,2024-03-05 14:21:00,1387261,,,,,,,,,,,,,,,,,,,,,,,,,,,,,,,,,,,,,,,,,,,,,,,,,TN
2087,a01a55c90524c2dd692e9c4343b58f8cf797775f,0.16014897579143395,autoland,4060709,13,fd0dfc9511c4c123e048823de9954312c2b907c1,linux1804-64-shippable-qr,True,False,,|c|o|l|d| |f|i|s|s|i|o|n| |i|n|t|e|r|a|c|t|i|v|e| |w|e|b|r|e|n|d|e|r|,102210fe594ee9b33d82058545b1ed14f4c8206e,fcp,reddit-billgates-post-1.billg,True,reddit-billgates-post-1.billg fcp opt cold fission webrender,,77,ms,firefox,449711855.0,1853517087,2024-03-05 14:25:39,1387264,,,,,,,,,,,,,,,,,,,,,,,,,,,,,,,,,,,,,,,,,,,,,,,,,TN
2088,adf17fc47c84c0fa237aecff550ba42344a5c629,0.13594040968342647,autoland,4060709,13,fd0dfc9511c4c123e048823de9954312c2b907c1,linux1804-64-shippable-qr,True,False,,|c|o|l|d| |f|i|s|s|i|o|n| |i|n|t|e|r|a|c|t|i|v|e| |w|e|b|r|e|n|d|e|r|,102210fe594ee9b33d82058545b1ed14f4c8206e,fcp,reddit-billgates-post-1.billg,True,reddit-billgates-post-1.billg fcp opt cold fission webrender,,77,ms,firefox,449629456.0,1853248306,2024-03-05 15:52:09,1387348,,,,,,,,,,,,,,,,,,,,,,,,,,,,,,,,,,,,,,,,,,,,,,,,,TN
2089,592e22279f895d585e8f156ec76d4ad64c779ad0,0.1503724394785847,autoland,4060709,13,fd0dfc9511c4c123e048823de9954312c2b907c1,linux1804-64-shippable-qr,True,False,,|c|o|l|d| |f|i|s|s|i|o|n| |i|n|t|e|r|a|c|t|i|v|e| |w|e|b|r|e|n|d|e|r|,102210fe594ee9b33d82058545b1ed14f4c8206e,fcp,reddit-billgates-post-1.billg,True,reddit-billgates-post-1.billg fcp opt cold fission webrender,,77,ms,firefox,449718981.0,1853554406,2024-03-05 18:29:32,1387494,,,,,,,,,,,,,,,,,,,,,,,,,,,,,,,,,,,,,,,,,,,,,,,,,TN
2090,867bf0a906009a7dd84967547a5fbb8e9bf6bb5f,0.13175046554934822,autoland,4060709,13,fd0dfc9511c4c123e048823de9954312c2b907c1,linux1804-64-shippable-qr,True,False,,|c|o|l|d| |f|i|s|s|i|o|n| |i|n|t|e|r|a|c|t|i|v|e| |w|e|b|r|e|n|d|e|r|,102210fe594ee9b33d82058545b1ed14f4c8206e,fcp,reddit-billgates-post-1.billg,True,reddit-billgates-post-1.billg fcp opt cold fission webrender,,77,ms,firefox,449724550.0,1853646330,2024-03-05 18:30:41,1387498,,,,,,,,,,,,,,,,,,,,,,,,,,,,,,,,,,,,,,,,,,,,,,,,,TN
2091,b1dedc536b88c9f5c0e91eeb84892e9328eb67cb,0.1417597765363129,autoland,4060709,13,fd0dfc9511c4c123e048823de9954312c2b907c1,linux1804-64-shippable-qr,True,False,,|c|o|l|d| |f|i|s|s|i|o|n| |i|n|t|e|r|a|c|t|i|v|e| |w|e|b|r|e|n|d|e|r|,102210fe594ee9b33d82058545b1ed14f4c8206e,fcp,reddit-billgates-post-1.billg,True,reddit-billgates-post-1.billg fcp opt cold fission webrender,,77,ms,firefox,449724647.0,1853663813,2024-03-05 18:33:24,1387501,,,,,,,,,,,,,,,,,,,,,,,,,,,,,,,,,,,,,,,,,,,,,,,,,TN
2092,8632754daac15f378926a4efb6bd274adfe643b3,0.15107076350093107,autoland,4060709,13,fd0dfc9511c4c123e048823de9954312c2b907c1,linux1804-64-shippable-qr,True,False,,|c|o|l|d| |f|i|s|s|i|o|n| |i|n|t|e|r|a|c|t|i|v|e| |w|e|b|r|e|n|d|e|r|,102210fe594ee9b33d82058545b1ed14f4c8206e,fcp,reddit-billgates-post-1.billg,True,reddit-billgates-post-1.billg fcp opt cold fission webrender,,77,ms,firefox,449721429.0,1853601439,2024-03-05 18:34:14,1387502,,,,,,,,,,,,,,,,,,,,,,,,,,,,,,,,,,,,,,,,,,,,,,,,,TN
2093,c13ff57ddd8d6b9f971a631b45c6da97b3c14fb9,0.1636405959031657,autoland,4060709,13,fd0dfc9511c4c123e048823de9954312c2b907c1,linux1804-64-shippable-qr,True,False,,|c|o|l|d| |f|i|s|s|i|o|n| |i|n|t|e|r|a|c|t|i|v|e| |w|e|b|r|e|n|d|e|r|,102210fe594ee9b33d82058545b1ed14f4c8206e,fcp,reddit-billgates-post-1.billg,True,reddit-billgates-post-1.billg fcp opt cold fission webrender,,77,ms,firefox,449664852.0,1853350924,2024-03-05 19:23:59,1387560,,,,,,,,,,,,,,,,,,,,,,,,,,,,,,,,,,,,,,,,,,,,,,,,,TN
2094,099f52f30c39008328dfbc02ff824310e082a8da,0.1634078212290503,autoland,4060709,13,fd0dfc9511c4c123e048823de9954312c2b907c1,linux1804-64-shippable-qr,True,False,,|c|o|l|d| |f|i|s|s|i|o|n| |i|n|t|e|r|a|c|t|i|v|e| |w|e|b|r|e|n|d|e|r|,102210fe594ee9b33d82058545b1ed14f4c8206e,fcp,reddit-billgates-post-1.billg,True,reddit-billgates-post-1.billg fcp opt cold fission webrender,,77,ms,firefox,449684696.0,1853431885,2024-03-05 22:16:54,1387647,,,,,,,,,,,,,,,,,,,,,,,,,,,,,,,,,,,,,,,,,,,,,,,,,TN
2095,488c772c72746cdfbf99e927acee696c4d6a5aef,0.1203445065176908,autoland,4060709,13,fd0dfc9511c4c123e048823de9954312c2b907c1,linux1804-64-shippable-qr,True,False,,|c|o|l|d| |f|i|s|s|i|o|n| |i|n|t|e|r|a|c|t|i|v|e| |w|e|b|r|e|n|d|e|r|,102210fe594ee9b33d82058545b1ed14f4c8206e,fcp,reddit-billgates-post-1.billg,True,reddit-billgates-post-1.billg fcp opt cold fission webrender,,77,ms,firefox,449713165.0,1853543147,2024-03-06 02:53:23,1387831,,,,,,,,,,,,,,,,,,,,,,,,,,,,,,,,,,,,,,,,,,,,,,,,,TN
2096,143c3925806ed35200c2a71e650e7e74f58520a7,0.14618249534450656,autoland,4060709,13,fd0dfc9511c4c123e048823de9954312c2b907c1,linux1804-64-shippable-qr,True,False,,|c|o|l|d| |f|i|s|s|i|o|n| |i|n|t|e|r|a|c|t|i|v|e| |w|e|b|r|e|n|d|e|r|,102210fe594ee9b33d82058545b1ed14f4c8206e,fcp,reddit-billgates-post-1.billg,True,reddit-billgates-post-1.billg fcp opt cold fission webrender,,77,ms,firefox,449794194.0,1853831741,2024-03-06 14:00:28,1388157,,,,,,,,,,,,,,,,,,,,,,,,,,,,,,,,,,,,,,,,,,,,,,,,,TN
2097,03e6d6ff8bde56b645cfbc34dee452ff375ff3ca,0.14548417132216018,autoland,4060709,13,fd0dfc9511c4c123e048823de9954312c2b907c1,linux1804-64-shippable-qr,True,False,,|c|o|l|d| |f|i|s|s|i|o|n| |i|n|t|e|r|a|c|t|i|v|e| |w|e|b|r|e|n|d|e|r|,102210fe594ee9b33d82058545b1ed14f4c8206e,fcp,reddit-billgates-post-1.billg,True,reddit-billgates-post-1.billg fcp opt cold fission webrender,,77,ms,firefox,449828600.0,1853944395,2024-03-06 18:03:03,1388329,,,,,,,,,,,,,,,,,,,,,,,,,,,,,,,,,,,,,,,,,,,,,,,,,TN
2098,2a33c6ffb867576c11fa7edb2e13b7bf5b39d650,0.13594040968342647,autoland,4060709,13,fd0dfc9511c4c123e048823de9954312c2b907c1,linux1804-64-shippable-qr,True,False,,|c|o|l|d| |f|i|s|s|i|o|n| |i|n|t|e|r|a|c|t|i|v|e| |w|e|b|r|e|n|d|e|r|,102210fe594ee9b33d82058545b1ed14f4c8206e,fcp,reddit-billgates-post-1.billg,True,reddit-billgates-post-1.billg fcp opt cold fission webrender,,77,ms,firefox,449900618.0,1854331191,2024-03-06 18:04:52,1388332,,,,,,,,,,,,,,,,,,,,,,,,,,,,,,,,,,,,,,,,,,,,,,,,,TN
2099,f408182c4687f0490084c35cc766e637d0bdfd0f,0.12267225325884545,autoland,4060709,13,fd0dfc9511c4c123e048823de9954312c2b907c1,linux1804-64-shippable-qr,True,False,,|c|o|l|d| |f|i|s|s|i|o|n| |i|n|t|e|r|a|c|t|i|v|e| |w|e|b|r|e|n|d|e|r|,102210fe594ee9b33d82058545b1ed14f4c8206e,fcp,reddit-billgates-post-1.billg,True,reddit-billgates-post-1.billg fcp opt cold fission webrender,,77,ms,firefox,449829640.0,1853973371,2024-03-06 18:05:41,1388333,,,,,,,,,,,,,,,,,,,,,,,,,,,,,,,,,,,,,,,,,,,,,,,,,TN
2100,cbcc69d30489c534df28a444097bd87fcf8d8352,0.1627094972067039,autoland,4060709,13,fd0dfc9511c4c123e048823de9954312c2b907c1,linux1804-64-shippable-qr,True,False,,|c|o|l|d| |f|i|s|s|i|o|n| |i|n|t|e|r|a|c|t|i|v|e| |w|e|b|r|e|n|d|e|r|,102210fe594ee9b33d82058545b1ed14f4c8206e,fcp,reddit-billgates-post-1.billg,True,reddit-billgates-post-1.billg fcp opt cold fission webrender,,77,ms,firefox,449849402.0,1854050183,2024-03-06 20:32:27,1388530,,,,,,,,,,,,,,,,,,,,,,,,,,,,,,,,,,,,,,,,,,,,,,,,,TN
2101,fff42f9943259b806c262822a11bb3c2108a64a3,0.14594972067039103,autoland,4060709,13,fd0dfc9511c4c123e048823de9954312c2b907c1,linux1804-64-shippable-qr,True,False,,|c|o|l|d| |f|i|s|s|i|o|n| |i|n|t|e|r|a|c|t|i|v|e| |w|e|b|r|e|n|d|e|r|,102210fe594ee9b33d82058545b1ed14f4c8206e,fcp,reddit-billgates-post-1.billg,True,reddit-billgates-post-1.billg fcp opt cold fission webrender,,77,ms,firefox,449897208.0,1854311992,2024-03-06 22:04:29,1388615,,,,,,,,,,,,,,,,,,,,,,,,,,,,,,,,,,,,,,,,,,,,,,,,,TN
2102,e7c0504a7b8d395173d0b7b8caf998da6d799fa0,0.11731843575418999,autoland,4060709,13,fd0dfc9511c4c123e048823de9954312c2b907c1,linux1804-64-shippable-qr,True,False,,|c|o|l|d| |f|i|s|s|i|o|n| |i|n|t|e|r|a|c|t|i|v|e| |w|e|b|r|e|n|d|e|r|,102210fe594ee9b33d82058545b1ed14f4c8206e,fcp,reddit-billgates-post-1.billg,True,reddit-billgates-post-1.billg fcp opt cold fission webrender,,77,ms,firefox,449899809.0,1854325666,2024-03-06 22:29:06,1388634,,,,,,,,,,,,,,,,,,,,,,,,,,,,,,,,,,,,,,,,,,,,,,,,,TN
2103,98eadcb9210580189dd1cb9eb2cad1362b0c2835,0.11801675977653625,autoland,4060709,13,fd0dfc9511c4c123e048823de9954312c2b907c1,linux1804-64-shippable-qr,True,False,,|c|o|l|d| |f|i|s|s|i|o|n| |i|n|t|e|r|a|c|t|i|v|e| |w|e|b|r|e|n|d|e|r|,102210fe594ee9b33d82058545b1ed14f4c8206e,fcp,reddit-billgates-post-1.billg,True,reddit-billgates-post-1.billg fcp opt cold fission webrender,,77,ms,firefox,449875119.0,1854149565,2024-03-06 22:58:04,1388664,,,,,,,,,,,,,,,,,,,,,,,,,,,,,,,,,,,,,,,,,,,,,,,,,TN
2104,62ed755b7c5e2b357e66b4f19a5419c685e87a47,0.14490223463687146,autoland,4060709,13,fd0dfc9511c4c123e048823de9954312c2b907c1,linux1804-64-shippable-qr,True,False,,|c|o|l|d| |f|i|s|s|i|o|n| |i|n|t|e|r|a|c|t|i|v|e| |w|e|b|r|e|n|d|e|r|,102210fe594ee9b33d82058545b1ed14f4c8206e,fcp,reddit-billgates-post-1.billg,True,reddit-billgates-post-1.billg fcp opt cold fission webrender,,77,ms,firefox,449893291.0,1854250362,2024-03-07 03:21:51,1388820,,,,,,,,,,,,,,,,,,,,,,,,,,,,,,,,,,,,,,,,,,,,,,,,,TN
2105,9915fb51518cb1eb95085f456c49bfb73ae8126d,0.14641527001862198,autoland,4060709,13,fd0dfc9511c4c123e048823de9954312c2b907c1,linux1804-64-shippable-qr,True,False,,|c|o|l|d| |f|i|s|s|i|o|n| |i|n|t|e|r|a|c|t|i|v|e| |w|e|b|r|e|n|d|e|r|,102210fe594ee9b33d82058545b1ed14f4c8206e,fcp,reddit-billgates-post-1.billg,True,reddit-billgates-post-1.billg fcp opt cold fission webrender,,77,ms,firefox,451853923.0,1862334718,2024-03-07 03:27:00,1388824,,,,,,,,,,,,,,,,,,,,,,,,,,,,,,,,,,,,,,,,,,,,,,,,,TN
2106,3e8634526d9a1ae432b07bacf1288c9e15008eb6,0.13314711359404097,autoland,4060709,13,fd0dfc9511c4c123e048823de9954312c2b907c1,linux1804-64-shippable-qr,True,False,,|c|o|l|d| |f|i|s|s|i|o|n| |i|n|t|e|r|a|c|t|i|v|e| |w|e|b|r|e|n|d|e|r|,102210fe594ee9b33d82058545b1ed14f4c8206e,fcp,reddit-billgates-post-1.billg,True,reddit-billgates-post-1.billg fcp opt cold fission webrender,,77,ms,firefox,451853924.0,1862334753,2024-03-07 04:10:05,1388832,,,,,,,,,,,,,,,,,,,,,,,,,,,,,,,,,,,,,,,,,,,,,,,,,TN
2107,d9c6cd169312c8d1f5d2f96615de956681e9684f,0.12197392923649908,autoland,4060709,13,fd0dfc9511c4c123e048823de9954312c2b907c1,linux1804-64-shippable-qr,True,False,,|c|o|l|d| |f|i|s|s|i|o|n| |i|n|t|e|r|a|c|t|i|v|e| |w|e|b|r|e|n|d|e|r|,102210fe594ee9b33d82058545b1ed14f4c8206e,fcp,reddit-billgates-post-1.billg,True,reddit-billgates-post-1.billg fcp opt cold fission webrender,,77,ms,firefox,451853974.0,1862334793,2024-03-07 05:14:50,1388840,,,,,,,,,,,,,,,,,,,,,,,,,,,,,,,,,,,,,,,,,,,,,,,,,TN
2108,e91a65ccf1f0ff1cfaaf04f44a55263db148ef06,0.1401303538175046,autoland,4060709,13,fd0dfc9511c4c123e048823de9954312c2b907c1,linux1804-64-shippable-qr,True,False,,|c|o|l|d| |f|i|s|s|i|o|n| |i|n|t|e|r|a|c|t|i|v|e| |w|e|b|r|e|n|d|e|r|,102210fe594ee9b33d82058545b1ed14f4c8206e,fcp,reddit-billgates-post-1.billg,True,reddit-billgates-post-1.billg fcp opt cold fission webrender,,77,ms,firefox,451853976.0,1862334838,2024-03-07 05:18:29,1388842,,,,,,,,,,,,,,,,,,,,,,,,,,,,,,,,,,,,,,,,,,,,,,,,,TN
2109,d57da3d63783b8d8e513030563631f0788d05dab,0.14641527001862198,autoland,4060709,13,fd0dfc9511c4c123e048823de9954312c2b907c1,linux1804-64-shippable-qr,True,False,,|c|o|l|d| |f|i|s|s|i|o|n| |i|n|t|e|r|a|c|t|i|v|e| |w|e|b|r|e|n|d|e|r|,102210fe594ee9b33d82058545b1ed14f4c8206e,fcp,reddit-billgates-post-1.billg,True,reddit-billgates-post-1.billg fcp opt cold fission webrender,,77,ms,firefox,451853984.0,1862335115,2024-03-07 05:21:43,1388844,,,,,,,,,,,,,,,,,,,,,,,,,,,,,,,,,,,,,,,,,,,,,,,,,TN
2110,cb88e52676eb64961e17da44354737d76db1e174,0.14874301675977653,autoland,4060709,13,fd0dfc9511c4c123e048823de9954312c2b907c1,linux1804-64-shippable-qr,True,False,,|c|o|l|d| |f|i|s|s|i|o|n| |i|n|t|e|r|a|c|t|i|v|e| |w|e|b|r|e|n|d|e|r|,102210fe594ee9b33d82058545b1ed14f4c8206e,fcp,reddit-billgates-post-1.billg,True,reddit-billgates-post-1.billg fcp opt cold fission webrender,,77,ms,firefox,451853982.0,1862335136,2024-03-07 05:30:13,1388846,,,,,,,,,,,,,,,,,,,,,,,,,,,,,,,,,,,,,,,,,,,,,,,,,TN
2111,d48a42b340b69771d9dc99ddf1303d3f88ae9165,0.12465083798882681,autoland,4060709,13,fd0dfc9511c4c123e048823de9954312c2b907c1,linux1804-64-shippable-qr,True,False,,|c|o|l|d| |f|i|s|s|i|o|n| |i|n|t|e|r|a|c|t|i|v|e| |w|e|b|r|e|n|d|e|r|,102210fe594ee9b33d82058545b1ed14f4c8206e,fcp,reddit-billgates-post-1.billg,True,reddit-billgates-post-1.billg fcp opt cold fission webrender,,77,ms,firefox,449901436.0,1854344139,2024-03-07 06:37:03,1388849,,,,,,,,,,,,,,,,,,,,,,,,,,,,,,,,,,,,,,,,,,,,,,,,,TN
2112,8bf8d6ea3dc0c5893607c2f2d9089957142511fa,0.10474860335195535,autoland,4060709,13,fd0dfc9511c4c123e048823de9954312c2b907c1,linux1804-64-shippable-qr,True,False,,|c|o|l|d| |f|i|s|s|i|o|n| |i|n|t|e|r|a|c|t|i|v|e| |w|e|b|r|e|n|d|e|r|,102210fe594ee9b33d82058545b1ed14f4c8206e,fcp,reddit-billgates-post-1.billg,True,reddit-billgates-post-1.billg fcp opt cold fission webrender,,77,ms,firefox,451864483.0,1862384685,2024-03-07 07:02:02,1388851,,,,,,,,,,,,,,,,,,,,,,,,,,,,,,,,,,,,,,,,,,,,,,,,,TN
2113,2ddec06f77d47123eb344bfe1352bbf35ecddea5,0.15270018621973924,autoland,4060709,13,fd0dfc9511c4c123e048823de9954312c2b907c1,linux1804-64-shippable-qr,True,False,,|c|o|l|d| |f|i|s|s|i|o|n| |i|n|t|e|r|a|c|t|i|v|e| |w|e|b|r|e|n|d|e|r|,102210fe594ee9b33d82058545b1ed14f4c8206e,fcp,reddit-billgates-post-1.billg,True,reddit-billgates-post-1.billg fcp opt cold fission webrender,,77,ms,firefox,451864511.0,1862385378,2024-03-07 08:54:45,1388855,,,,,,,,,,,,,,,,,,,,,,,,,,,,,,,,,,,,,,,,,,,,,,,,,TN
2114,cc74b9804f73afc7dddc6162de40a0220e82e12a,0.11941340782122911,autoland,4060709,13,fd0dfc9511c4c123e048823de9954312c2b907c1,linux1804-64-shippable-qr,True,False,,|c|o|l|d| |f|i|s|s|i|o|n| |i|n|t|e|r|a|c|t|i|v|e| |w|e|b|r|e|n|d|e|r|,102210fe594ee9b33d82058545b1ed14f4c8206e,fcp,reddit-billgates-post-1.billg,True,reddit-billgates-post-1.billg fcp opt cold fission webrender,,77,ms,firefox,451865109.0,1862393508,2024-03-07 09:00:27,1388857,,,,,,,,,,,,,,,,,,,,,,,,,,,,,,,,,,,,,,,,,,,,,,,,,TN
2115,d87c020105f8b06dbc9fe45465774891e854e6c3,0.12383612662942267,autoland,4060709,13,fd0dfc9511c4c123e048823de9954312c2b907c1,linux1804-64-shippable-qr,True,False,,|c|o|l|d| |f|i|s|s|i|o|n| |i|n|t|e|r|a|c|t|i|v|e| |w|e|b|r|e|n|d|e|r|,102210fe594ee9b33d82058545b1ed14f4c8206e,fcp,reddit-billgates-post-1.billg,True,reddit-billgates-post-1.billg fcp opt cold fission webrender,,77,ms,firefox,451872085.0,1862459300,2024-03-07 09:51:56,1388862,,,,,,,,,,,,,,,,,,,,,,,,,,,,,,,,,,,,,,,,,,,,,,,,,TN
2116,83a61c8ae7da12778ad2eac71d99640e3a678234,0.14827746741154557,autoland,4060709,13,fd0dfc9511c4c123e048823de9954312c2b907c1,linux1804-64-shippable-qr,True,False,,|c|o|l|d| |f|i|s|s|i|o|n| |i|n|t|e|r|a|c|t|i|v|e| |w|e|b|r|e|n|d|e|r|,102210fe594ee9b33d82058545b1ed14f4c8206e,fcp,reddit-billgates-post-1.billg,True,reddit-billgates-post-1.billg fcp opt cold fission webrender,,77,ms,firefox,451865008.0,1862390120,2024-03-07 10:01:59,1388865,,,,,,,,,,,,,,,,,,,,,,,,,,,,,,,,,,,,,,,,,,,,,,,,,TN
2117,d274bac69a2587c60862e3a7fd145faa3e34af20,0.13128491620111737,autoland,4060709,13,fd0dfc9511c4c123e048823de9954312c2b907c1,linux1804-64-shippable-qr,True,False,,|c|o|l|d| |f|i|s|s|i|o|n| |i|n|t|e|r|a|c|t|i|v|e| |w|e|b|r|e|n|d|e|r|,102210fe594ee9b33d82058545b1ed14f4c8206e,fcp,reddit-billgates-post-1.billg,True,reddit-billgates-post-1.billg fcp opt cold fission webrender,,77,ms,firefox,451864936.0,1862388430,2024-03-07 10:07:27,1388867,,,,,,,,,,,,,,,,,,,,,,,,,,,,,,,,,,,,,,,,,,,,,,,,,TN
2118,18dde41563b13fb1f03c54f70efb0c2cd11ae166,0.11755121042830541,autoland,4060709,13,fd0dfc9511c4c123e048823de9954312c2b907c1,linux1804-64-shippable-qr,True,False,,|c|o|l|d| |f|i|s|s|i|o|n| |i|n|t|e|r|a|c|t|i|v|e| |w|e|b|r|e|n|d|e|r|,102210fe594ee9b33d82058545b1ed14f4c8206e,fcp,reddit-billgates-post-1.billg,True,reddit-billgates-post-1.billg fcp opt cold fission webrender,,77,ms,firefox,451869615.0,1862417188,2024-03-07 10:10:48,1388868,,,,,,,,,,,,,,,,,,,,,,,,,,,,,,,,,,,,,,,,,,,,,,,,,TN
2119,e1470984952894bd293df04c68240fd835d57f7c,0.15246741154562382,autoland,4060709,13,fd0dfc9511c4c123e048823de9954312c2b907c1,linux1804-64-shippable-qr,True,False,,|c|o|l|d| |f|i|s|s|i|o|n| |i|n|t|e|r|a|c|t|i|v|e| |w|e|b|r|e|n|d|e|r|,102210fe594ee9b33d82058545b1ed14f4c8206e,fcp,reddit-billgates-post-1.billg,True,reddit-billgates-post-1.billg fcp opt cold fission webrender,,77,ms,firefox,451864199.0,1862383062,2024-03-07 10:14:47,1388869,,,,,,,,,,,,,,,,,,,,,,,,,,,,,,,,,,,,,,,,,,,,,,,,,TN
2120,fdd447a68b687995e390300036d32e85d1ae1186,0.11615456238361266,autoland,4060709,13,fd0dfc9511c4c123e048823de9954312c2b907c1,linux1804-64-shippable-qr,True,False,,|c|o|l|d| |f|i|s|s|i|o|n| |i|n|t|e|r|a|c|t|i|v|e| |w|e|b|r|e|n|d|e|r|,102210fe594ee9b33d82058545b1ed14f4c8206e,fcp,reddit-billgates-post-1.billg,True,reddit-billgates-post-1.billg fcp opt cold fission webrender,,77,ms,firefox,451864771.0,1862386403,2024-03-07 10:17:09,1388870,,,,,,,,,,,,,,,,,,,,,,,,,,,,,,,,,,,,,,,,,,,,,,,,,TN
2121,5e941e9079ec9c59ff07079511ce200262764b45,0.14036312849162014,autoland,4060709,13,fd0dfc9511c4c123e048823de9954312c2b907c1,linux1804-64-shippable-qr,True,False,,|c|o|l|d| |f|i|s|s|i|o|n| |i|n|t|e|r|a|c|t|i|v|e| |w|e|b|r|e|n|d|e|r|,102210fe594ee9b33d82058545b1ed14f4c8206e,fcp,reddit-billgates-post-1.billg,True,reddit-billgates-post-1.billg fcp opt cold fission webrender,,77,ms,firefox,451854101.0,1862337091,2024-03-07 10:18:27,1388871,,,,,,,,,,,,,,,,,,,,,,,,,,,,,,,,,,,,,,,,,,,,,,,,,TN
2122,20014fe22fc507eb7cadf89698a0900ed1af3325,0.1410614525139665,autoland,4060709,13,fd0dfc9511c4c123e048823de9954312c2b907c1,linux1804-64-shippable-qr,True,False,,|c|o|l|d| |f|i|s|s|i|o|n| |i|n|t|e|r|a|c|t|i|v|e| |w|e|b|r|e|n|d|e|r|,102210fe594ee9b33d82058545b1ed14f4c8206e,fcp,reddit-billgates-post-1.billg,True,reddit-billgates-post-1.billg fcp opt cold fission webrender,,77,ms,firefox,451865003.0,1862389861,2024-03-07 10:24:15,1388872,,,,,,,,,,,,,,,,,,,,,,,,,,,,,,,,,,,,,,,,,,,,,,,,,TN
2123,dd6e68ada72ac74cbb57785d5ef5ba7d897c1a25,0.12662942271880817,autoland,4060709,13,fd0dfc9511c4c123e048823de9954312c2b907c1,linux1804-64-shippable-qr,True,False,,|c|o|l|d| |f|i|s|s|i|o|n| |i|n|t|e|r|a|c|t|i|v|e| |w|e|b|r|e|n|d|e|r|,102210fe594ee9b33d82058545b1ed14f4c8206e,fcp,reddit-billgates-post-1.billg,True,reddit-billgates-post-1.billg fcp opt cold fission webrender,,77,ms,firefox,451867936.0,1862410266,2024-03-07 10:28:19,1388874,,,,,,,,,,,,,,,,,,,,,,,,,,,,,,,,,,,,,,,,,,,,,,,,,TN
2124,edf70c42e48dc0cae548d11970b5d565e3ec4244,0.11359404096834269,autoland,4060709,13,fd0dfc9511c4c123e048823de9954312c2b907c1,linux1804-64-shippable-qr,True,False,,|c|o|l|d| |f|i|s|s|i|o|n| |i|n|t|e|r|a|c|t|i|v|e| |w|e|b|r|e|n|d|e|r|,102210fe594ee9b33d82058545b1ed14f4c8206e,fcp,reddit-billgates-post-1.billg,True,reddit-billgates-post-1.billg fcp opt cold fission webrender,,77,ms,firefox,451867754.0,1862409205,2024-03-07 10:31:52,1388875,,,,,,,,,,,,,,,,,,,,,,,,,,,,,,,,,,,,,,,,,,,,,,,,,TN
2125,cfe658475285f9b5c867bcbd191d2e1332df885e,0.13384543761638734,autoland,4060709,13,fd0dfc9511c4c123e048823de9954312c2b907c1,linux1804-64-shippable-qr,True,False,,|c|o|l|d| |f|i|s|s|i|o|n| |i|n|t|e|r|a|c|t|i|v|e| |w|e|b|r|e|n|d|e|r|,102210fe594ee9b33d82058545b1ed14f4c8206e,fcp,reddit-billgates-post-1.billg,True,reddit-billgates-post-1.billg fcp opt cold fission webrender,,77,ms,firefox,449922588.0,1854434996,2024-03-07 10:49:51,1388876,,,,,,,,,,,,,,,,,,,,,,,,,,,,,,,,,,,,,,,,,,,,,,,,,TN
2126,761e8b58691f463518b88dd494241487dde74635,0.11894785847299816,autoland,4060709,13,fd0dfc9511c4c123e048823de9954312c2b907c1,linux1804-64-shippable-qr,True,False,,|c|o|l|d| |f|i|s|s|i|o|n| |i|n|t|e|r|a|c|t|i|v|e| |w|e|b|r|e|n|d|e|r|,102210fe594ee9b33d82058545b1ed14f4c8206e,fcp,reddit-billgates-post-1.billg,True,reddit-billgates-post-1.billg fcp opt cold fission webrender,,77,ms,firefox,451864203.0,1862383024,2024-03-07 11:04:30,1388877,,,,,,,,,,,,,,,,,,,,,,,,,,,,,,,,,,,,,,,,,,,,,,,,,TN
2127,1ea75ed91b6706d3ff95a22584770974f7dba477,0.14804469273743015,autoland,4060709,13,fd0dfc9511c4c123e048823de9954312c2b907c1,linux1804-64-shippable-qr,True,False,,|c|o|l|d| |f|i|s|s|i|o|n| |i|n|t|e|r|a|c|t|i|v|e| |w|e|b|r|e|n|d|e|r|,102210fe594ee9b33d82058545b1ed14f4c8206e,fcp,reddit-billgates-post-1.billg,True,reddit-billgates-post-1.billg fcp opt cold fission webrender,,77,ms,firefox,451865602.0,1862399820,2024-03-07 11:46:13,1388879,,,,,,,,,,,,,,,,,,,,,,,,,,,,,,,,,,,,,,,,,,,,,,,,,TN
2128,c7b74318bb9b5bda4d1c958ec00ae74716e05d30,0.12918994413407825,autoland,4060709,13,fd0dfc9511c4c123e048823de9954312c2b907c1,linux1804-64-shippable-qr,True,False,,|c|o|l|d| |f|i|s|s|i|o|n| |i|n|t|e|r|a|c|t|i|v|e| |w|e|b|r|e|n|d|e|r|,102210fe594ee9b33d82058545b1ed14f4c8206e,fcp,reddit-billgates-post-1.billg,True,reddit-billgates-post-1.billg fcp opt cold fission webrender,,77,ms,firefox,451866051.0,1862400853,2024-03-07 12:55:09,1388881,,,,,,,,,,,,,,,,,,,,,,,,,,,,,,,,,,,,,,,,,,,,,,,,,TN
2129,9f05ae95930173f3d0f4c587bce3d2cc3fdf999e,0.12942271880819367,autoland,4060709,13,fd0dfc9511c4c123e048823de9954312c2b907c1,linux1804-64-shippable-qr,True,False,,|c|o|l|d| |f|i|s|s|i|o|n| |i|n|t|e|r|a|c|t|i|v|e| |w|e|b|r|e|n|d|e|r|,102210fe594ee9b33d82058545b1ed14f4c8206e,fcp,reddit-billgates-post-1.billg,True,reddit-billgates-post-1.billg fcp opt cold fission webrender,,77,ms,firefox,451716131.0,1861868292,2024-03-07 13:08:36,1388882,,,,,,,,,,,,,,,,,,,,,,,,,,,,,,,,,,,,,,,,,,,,,,,,,TN
2130,ac201b421175a8234e26d930c1b7f03aab8bd03e,0.14036312849162014,autoland,4060709,13,fd0dfc9511c4c123e048823de9954312c2b907c1,linux1804-64-shippable-qr,True,False,,|c|o|l|d| |f|i|s|s|i|o|n| |i|n|t|e|r|a|c|t|i|v|e| |w|e|b|r|e|n|d|e|r|,102210fe594ee9b33d82058545b1ed14f4c8206e,fcp,reddit-billgates-post-1.billg,True,reddit-billgates-post-1.billg fcp opt cold fission webrender,,77,ms,firefox,451721185.0,1861882527,2024-03-07 13:09:29,1388884,,,,,,,,,,,,,,,,,,,,,,,,,,,,,,,,,,,,,,,,,,,,,,,,,TN
2131,0027da61966ddaf727a4c543b4541d0e175cb354,0.125,autoland,4060709,13,fd0dfc9511c4c123e048823de9954312c2b907c1,linux1804-64-shippable-qr,True,False,,|c|o|l|d| |f|i|s|s|i|o|n| |i|n|t|e|r|a|c|t|i|v|e| |w|e|b|r|e|n|d|e|r|,102210fe594ee9b33d82058545b1ed14f4c8206e,fcp,reddit-billgates-post-1.billg,True,reddit-billgates-post-1.billg fcp opt cold fission webrender,,77,ms,firefox,449935884.0,1854480144,2024-03-07 13:27:03,1388885,,,,,,,,,,,,,,,,,,,,,,,,,,,,,,,,,,,,,,,,,,,,,,,,,TN
2132,6b348bd2c7277fe8632e11bc007b54b20f7571a6,0.15141992551210426,autoland,4060709,13,fd0dfc9511c4c123e048823de9954312c2b907c1,linux1804-64-shippable-qr,True,False,,|c|o|l|d| |f|i|s|s|i|o|n| |i|n|t|e|r|a|c|t|i|v|e| |w|e|b|r|e|n|d|e|r|,102210fe594ee9b33d82058545b1ed14f4c8206e,fcp,reddit-billgates-post-1.billg,True,reddit-billgates-post-1.billg fcp opt cold fission webrender,,77,ms,firefox,451707457.0,1861838190,2024-03-07 13:32:20,1388886,,,,,,,,,,,,,,,,,,,,,,,,,,,,,,,,,,,,,,,,,,,,,,,,,TN
2133,07dd459b919a9ce8d494b375094391816ec3c998,0.13559124767225328,autoland,4060709,13,fd0dfc9511c4c123e048823de9954312c2b907c1,linux1804-64-shippable-qr,True,False,,|c|o|l|d| |f|i|s|s|i|o|n| |i|n|t|e|r|a|c|t|i|v|e| |w|e|b|r|e|n|d|e|r|,102210fe594ee9b33d82058545b1ed14f4c8206e,fcp,reddit-billgates-post-1.billg,True,reddit-billgates-post-1.billg fcp opt cold fission webrender,,77,ms,firefox,451709270.0,1861843681,2024-03-07 13:33:11,1388887,,,,,,,,,,,,,,,,,,,,,,,,,,,,,,,,,,,,,,,,,,,,,,,,,TN
2134,395699555a9d8a7a28b199f18fbb28dea2c619cb,0.12790968342644315,autoland,4060709,13,fd0dfc9511c4c123e048823de9954312c2b907c1,linux1804-64-shippable-qr,True,False,,|c|o|l|d| |f|i|s|s|i|o|n| |i|n|t|e|r|a|c|t|i|v|e| |w|e|b|r|e|n|d|e|r|,102210fe594ee9b33d82058545b1ed14f4c8206e,fcp,reddit-billgates-post-1.billg,True,reddit-billgates-post-1.billg fcp opt cold fission webrender,,77,ms,firefox,451709309.0,1861843917,2024-03-07 13:34:53,1388889,,,,,,,,,,,,,,,,,,,,,,,,,,,,,,,,,,,,,,,,,,,,,,,,,TN
2135,0f647bca33ff1c4dfbac280bda1805c81a57410e,0.12488361266294223,autoland,4060709,13,fd0dfc9511c4c123e048823de9954312c2b907c1,linux1804-64-shippable-qr,True,False,,|c|o|l|d| |f|i|s|s|i|o|n| |i|n|t|e|r|a|c|t|i|v|e| |w|e|b|r|e|n|d|e|r|,102210fe594ee9b33d82058545b1ed14f4c8206e,fcp,reddit-billgates-post-1.billg,True,reddit-billgates-post-1.billg fcp opt cold fission webrender,,77,ms,firefox,451707365.0,1861837179,2024-03-07 13:36:37,1388890,,,,,,,,,,,,,,,,,,,,,,,,,,,,,,,,,,,,,,,,,,,,,,,,,TN
2136,9b6db778a341d331d86980124f28c22bdc75048d,0.13838454376163867,autoland,4060709,13,fd0dfc9511c4c123e048823de9954312c2b907c1,linux1804-64-shippable-qr,True,False,,|c|o|l|d| |f|i|s|s|i|o|n| |i|n|t|e|r|a|c|t|i|v|e| |w|e|b|r|e|n|d|e|r|,102210fe594ee9b33d82058545b1ed14f4c8206e,fcp,reddit-billgates-post-1.billg,True,reddit-billgates-post-1.billg fcp opt cold fission webrender,,77,ms,firefox,451706270.0,1861830608,2024-03-07 15:10:21,1388900,,,,,,,,,,,,,,,,,,,,,,,,,,,,,,,,,,,,,,,,,,,,,,,,,TN
2137,1f6cc82b26b6c85b1c9496f5e3977008a384be93,0.11662011173184361,autoland,4060709,13,fd0dfc9511c4c123e048823de9954312c2b907c1,linux1804-64-shippable-qr,True,False,,|c|o|l|d| |f|i|s|s|i|o|n| |i|n|t|e|r|a|c|t|i|v|e| |w|e|b|r|e|n|d|e|r|,102210fe594ee9b33d82058545b1ed14f4c8206e,fcp,reddit-billgates-post-1.billg,True,reddit-billgates-post-1.billg fcp opt cold fission webrender,,77,ms,firefox,451706123.0,1861830369,2024-03-07 15:17:15,1388901,,,,,,,,,,,,,,,,,,,,,,,,,,,,,,,,,,,,,,,,,,,,,,,,,TN
2138,dce52d34bd91c0993996055c8249602733b2e8ec,0.13419459962756053,autoland,4060709,13,fd0dfc9511c4c123e048823de9954312c2b907c1,linux1804-64-shippable-qr,True,False,,|c|o|l|d| |f|i|s|s|i|o|n| |i|n|t|e|r|a|c|t|i|v|e| |w|e|b|r|e|n|d|e|r|,102210fe594ee9b33d82058545b1ed14f4c8206e,fcp,reddit-billgates-post-1.billg,True,reddit-billgates-post-1.billg fcp opt cold fission webrender,,77,ms,firefox,451688707.0,1861769897,2024-03-07 15:19:01,1388903,,,,,,,,,,,,,,,,,,,,,,,,,,,,,,,,,,,,,,,,,,,,,,,,,TN
2139,3e4982fb319e77d865d82d4ad4663e3bdf81467b,0.12546554934823095,autoland,4060709,13,fd0dfc9511c4c123e048823de9954312c2b907c1,linux1804-64-shippable-qr,True,False,,|c|o|l|d| |f|i|s|s|i|o|n| |i|n|t|e|r|a|c|t|i|v|e| |w|e|b|r|e|n|d|e|r|,102210fe594ee9b33d82058545b1ed14f4c8206e,fcp,reddit-billgates-post-1.billg,True,reddit-billgates-post-1.billg fcp opt cold fission webrender,,77,ms,firefox,451713230.0,1861855511,2024-03-07 15:19:56,1388904,,,,,,,,,,,,,,,,,,,,,,,,,,,,,,,,,,,,,,,,,,,,,,,,,TN
2140,06da66b2e5909e8056c64a49919bd1f9ee9864c4,0.14187616387337054,autoland,4060709,13,fd0dfc9511c4c123e048823de9954312c2b907c1,linux1804-64-shippable-qr,True,False,,|c|o|l|d| |f|i|s|s|i|o|n| |i|n|t|e|r|a|c|t|i|v|e| |w|e|b|r|e|n|d|e|r|,102210fe594ee9b33d82058545b1ed14f4c8206e,fcp,reddit-billgates-post-1.billg,True,reddit-billgates-post-1.billg fcp opt cold fission webrender,,77,ms,firefox,451706595.0,1861831947,2024-03-07 15:20:47,1388905,,,,,,,,,,,,,,,,,,,,,,,,,,,,,,,,,,,,,,,,,,,,,,,,,TN
2141,013ba6428db7ae41167c46310f1a0d77b3106e54,0.12860800744878953,autoland,4060709,13,fd0dfc9511c4c123e048823de9954312c2b907c1,linux1804-64-shippable-qr,True,False,,|c|o|l|d| |f|i|s|s|i|o|n| |i|n|t|e|r|a|c|t|i|v|e| |w|e|b|r|e|n|d|e|r|,102210fe594ee9b33d82058545b1ed14f4c8206e,fcp,reddit-billgates-post-1.billg,True,reddit-billgates-post-1.billg fcp opt cold fission webrender,,77,ms,firefox,451688695.0,1861770004,2024-03-07 15:21:39,1388906,,,,,,,,,,,,,,,,,,,,,,,,,,,,,,,,,,,,,,,,,,,,,,,,,TN
2142,13644ef7ee35a0e7f197e43ecaaa6b9c19eeb20d,0.1553770949720671,autoland,4060709,13,fd0dfc9511c4c123e048823de9954312c2b907c1,linux1804-64-shippable-qr,True,False,,|c|o|l|d| |f|i|s|s|i|o|n| |i|n|t|e|r|a|c|t|i|v|e| |w|e|b|r|e|n|d|e|r|,102210fe594ee9b33d82058545b1ed14f4c8206e,fcp,reddit-billgates-post-1.billg,True,reddit-billgates-post-1.billg fcp opt cold fission webrender,,77,ms,firefox,451710639.0,1861846048,2024-03-07 15:22:31,1388907,,,,,,,,,,,,,,,,,,,,,,,,,,,,,,,,,,,,,,,,,,,,,,,,,TN
2143,93ef5617898def081a447d5c51bde1dd050497bb,0.14711359404096835,autoland,4060709,13,fd0dfc9511c4c123e048823de9954312c2b907c1,linux1804-64-shippable-qr,True,False,,|c|o|l|d| |f|i|s|s|i|o|n| |i|n|t|e|r|a|c|t|i|v|e| |w|e|b|r|e|n|d|e|r|,102210fe594ee9b33d82058545b1ed14f4c8206e,fcp,reddit-billgates-post-1.billg,True,reddit-billgates-post-1.billg fcp opt cold fission webrender,,77,ms,firefox,451708693.0,1861842021,2024-03-07 15:23:20,1388908,,,,,,,,,,,,,,,,,,,,,,,,,,,,,,,,,,,,,,,,,,,,,,,,,TN
2144,02aeca6d94b127379287a276a0f0d7958dc4efaa,0.10928770949720668,autoland,4060709,13,fd0dfc9511c4c123e048823de9954312c2b907c1,linux1804-64-shippable-qr,True,False,,|c|o|l|d| |f|i|s|s|i|o|n| |i|n|t|e|r|a|c|t|i|v|e| |w|e|b|r|e|n|d|e|r|,102210fe594ee9b33d82058545b1ed14f4c8206e,fcp,reddit-billgates-post-1.billg,True,reddit-billgates-post-1.billg fcp opt cold fission webrender,,77,ms,firefox,451707230.0,1861835481,2024-03-07 15:24:18,1388909,,,,,,,,,,,,,,,,,,,,,,,,,,,,,,,,,,,,,,,,,,,,,,,,,TN
2145,4814d25e4bcba50f9dc63c30b2ae0e71c6302352,0.11708566108007457,autoland,4060709,13,fd0dfc9511c4c123e048823de9954312c2b907c1,linux1804-64-shippable-qr,True,False,,|c|o|l|d| |f|i|s|s|i|o|n| |i|n|t|e|r|a|c|t|i|v|e| |w|e|b|r|e|n|d|e|r|,102210fe594ee9b33d82058545b1ed14f4c8206e,fcp,reddit-billgates-post-1.billg,True,reddit-billgates-post-1.billg fcp opt cold fission webrender,,77,ms,firefox,451622077.0,1861519050,2024-03-07 16:33:05,1388968,,,,,,,,,,,,,,,,,,,,,,,,,,,,,,,,,,,,,,,,,,,,,,,,,TN
2146,7aeebef4941d96083d763e51a0852c646ff07c86,0.0996275605214153,autoland,4060709,13,fd0dfc9511c4c123e048823de9954312c2b907c1,linux1804-64-shippable-qr,True,False,,|c|o|l|d| |f|i|s|s|i|o|n| |i|n|t|e|r|a|c|t|i|v|e| |w|e|b|r|e|n|d|e|r|,102210fe594ee9b33d82058545b1ed14f4c8206e,fcp,reddit-billgates-post-1.billg,True,reddit-billgates-post-1.billg fcp opt cold fission webrender,,77,ms,firefox,451639238.0,1861579963,2024-03-07 16:53:46,1388971,,,,,,,,,,,,,,,,,,,,,,,,,,,,,,,,,,,,,,,,,,,,,,,,,TN
2147,e7281576567562c045eba058013864843a68d5f0,0.13221601489757917,autoland,4060709,13,fd0dfc9511c4c123e048823de9954312c2b907c1,linux1804-64-shippable-qr,True,False,,|c|o|l|d| |f|i|s|s|i|o|n| |i|n|t|e|r|a|c|t|i|v|e| |w|e|b|r|e|n|d|e|r|,102210fe594ee9b33d82058545b1ed14f4c8206e,fcp,reddit-billgates-post-1.billg,True,reddit-billgates-post-1.billg fcp opt cold fission webrender,,77,ms,firefox,451643478.0,1861609875,2024-03-07 16:59:56,1388976,,,,,,,,,,,,,,,,,,,,,,,,,,,,,,,,,,,,,,,,,,,,,,,,,TN
2148,79c505b1fb01180d2160bbf105be8fab8e34904d,0.14338919925512106,autoland,4060709,13,fd0dfc9511c4c123e048823de9954312c2b907c1,linux1804-64-shippable-qr,True,False,,|c|o|l|d| |f|i|s|s|i|o|n| |i|n|t|e|r|a|c|t|i|v|e| |w|e|b|r|e|n|d|e|r|,102210fe594ee9b33d82058545b1ed14f4c8206e,fcp,reddit-billgates-post-1.billg,True,reddit-billgates-post-1.billg fcp opt cold fission webrender,,77,ms,firefox,451640949.0,1861605438,2024-03-07 17:08:29,1388985,,,,,,,,,,,,,,,,,,,,,,,,,,,,,,,,,,,,,,,,,,,,,,,,,TN
2149,c2d7d253c14a80d48a8c082d13063f9fe02a3507,0.1324487895716946,autoland,4060709,13,fd0dfc9511c4c123e048823de9954312c2b907c1,linux1804-64-shippable-qr,True,False,,|c|o|l|d| |f|i|s|s|i|o|n| |i|n|t|e|r|a|c|t|i|v|e| |w|e|b|r|e|n|d|e|r|,102210fe594ee9b33d82058545b1ed14f4c8206e,fcp,reddit-billgates-post-1.billg,True,reddit-billgates-post-1.billg fcp opt cold fission webrender,,77,ms,firefox,451639764.0,1861585990,2024-03-07 17:10:12,1388988,,,,,,,,,,,,,,,,,,,,,,,,,,,,,,,,,,,,,,,,,,,,,,,,,TN
2150,db166f0115c4eb3a6a37cc2e1218293acc7f074b,0.14362197392923648,autoland,4060709,13,fd0dfc9511c4c123e048823de9954312c2b907c1,linux1804-64-shippable-qr,True,False,,|c|o|l|d| |f|i|s|s|i|o|n| |i|n|t|e|r|a|c|t|i|v|e| |w|e|b|r|e|n|d|e|r|,102210fe594ee9b33d82058545b1ed14f4c8206e,fcp,reddit-billgates-post-1.billg,True,reddit-billgates-post-1.billg fcp opt cold fission webrender,,77,ms,firefox,451638866.0,1861576546,2024-03-07 17:21:18,1389000,,,,,,,,,,,,,,,,,,,,,,,,,,,,,,,,,,,,,,,,,,,,,,,,,TN
2151,a6417e10e864f144a71bcf347b5823ded609f862,0.13105214152700184,autoland,4060709,13,fd0dfc9511c4c123e048823de9954312c2b907c1,linux1804-64-shippable-qr,True,False,,|c|o|l|d| |f|i|s|s|i|o|n| |i|n|t|e|r|a|c|t|i|v|e| |w|e|b|r|e|n|d|e|r|,102210fe594ee9b33d82058545b1ed14f4c8206e,fcp,reddit-billgates-post-1.billg,True,reddit-billgates-post-1.billg fcp opt cold fission webrender,,77,ms,firefox,451622083.0,1861519111,2024-03-07 17:52:49,1389030,,,,,,,,,,,,,,,,,,,,,,,,,,,,,,,,,,,,,,,,,,,,,,,,,TN
2152,b2a5371a431d24bd1fe855b9337252dd92d32c9a,0.11592178770949724,autoland,4060709,13,fd0dfc9511c4c123e048823de9954312c2b907c1,linux1804-64-shippable-qr,True,False,,|c|o|l|d| |f|i|s|s|i|o|n| |i|n|t|e|r|a|c|t|i|v|e| |w|e|b|r|e|n|d|e|r|,102210fe594ee9b33d82058545b1ed14f4c8206e,fcp,reddit-billgates-post-1.billg,True,reddit-billgates-post-1.billg fcp opt cold fission webrender,,77,ms,firefox,451640860.0,1861603753,2024-03-07 17:56:44,1389035,,,,,,,,,,,,,,,,,,,,,,,,,,,,,,,,,,,,,,,,,,,,,,,,,TN
2153,5b09a3195ae2f800996dcf908fcf35ee62ab5ee8,0.14618249534450656,autoland,4060709,13,fd0dfc9511c4c123e048823de9954312c2b907c1,linux1804-64-shippable-qr,True,False,,|c|o|l|d| |f|i|s|s|i|o|n| |i|n|t|e|r|a|c|t|i|v|e| |w|e|b|r|e|n|d|e|r|,102210fe594ee9b33d82058545b1ed14f4c8206e,fcp,reddit-billgates-post-1.billg,True,reddit-billgates-post-1.billg fcp opt cold fission webrender,,77,ms,firefox,451639036.0,1861577261,2024-03-07 18:22:55,1389059,,,,,,,,,,,,,,,,,,,,,,,,,,,,,,,,,,,,,,,,,,,,,,,,,TN
2154,bb9ba7b5fcaa0aabf3eef97148e3d0e223464458,0.16596834264432037,autoland,4060709,13,fd0dfc9511c4c123e048823de9954312c2b907c1,linux1804-64-shippable-qr,True,False,,|c|o|l|d| |f|i|s|s|i|o|n| |i|n|t|e|r|a|c|t|i|v|e| |w|e|b|r|e|n|d|e|r|,102210fe594ee9b33d82058545b1ed14f4c8206e,fcp,reddit-billgates-post-1.billg,True,reddit-billgates-post-1.billg fcp opt cold fission webrender,,77,ms,firefox,451638702.0,1861576092,2024-03-07 18:35:12,1389066,,,,,,,,,,,,,,,,,,,,,,,,,,,,,,,,,,,,,,,,,,,,,,,,,TN
2155,8d3d77af1a21a4f929d53579bc71ee4f2da0fe44,0.11778398510242083,autoland,4060709,13,fd0dfc9511c4c123e048823de9954312c2b907c1,linux1804-64-shippable-qr,True,False,,|c|o|l|d| |f|i|s|s|i|o|n| |i|n|t|e|r|a|c|t|i|v|e| |w|e|b|r|e|n|d|e|r|,102210fe594ee9b33d82058545b1ed14f4c8206e,fcp,reddit-billgates-post-1.billg,True,reddit-billgates-post-1.billg fcp opt cold fission webrender,,77,ms,firefox,451638642.0,1861575609,2024-03-07 19:02:15,1389086,,,,,,,,,,,,,,,,,,,,,,,,,,,,,,,,,,,,,,,,,,,,,,,,,TN
2156,09e4ca5c18b60dfca2c8f42392f7c5a29ee2862c,0.1419925512104283,autoland,4060709,13,fd0dfc9511c4c123e048823de9954312c2b907c1,linux1804-64-shippable-qr,True,False,,|c|o|l|d| |f|i|s|s|i|o|n| |i|n|t|e|r|a|c|t|i|v|e| |w|e|b|r|e|n|d|e|r|,102210fe594ee9b33d82058545b1ed14f4c8206e,fcp,reddit-billgates-post-1.billg,True,reddit-billgates-post-1.billg fcp opt cold fission webrender,,77,ms,firefox,451638684.0,1861576008,2024-03-07 19:03:54,1389088,,,,,,,,,,,,,,,,,,,,,,,,,,,,,,,,,,,,,,,,,,,,,,,,,TN
2157,5997871462575c733876e041b59be2b5097806fe,0.1156890130353817,autoland,4060709,13,fd0dfc9511c4c123e048823de9954312c2b907c1,linux1804-64-shippable-qr,True,False,,|c|o|l|d| |f|i|s|s|i|o|n| |i|n|t|e|r|a|c|t|i|v|e| |w|e|b|r|e|n|d|e|r|,102210fe594ee9b33d82058545b1ed14f4c8206e,fcp,reddit-billgates-post-1.billg,True,reddit-billgates-post-1.billg fcp opt cold fission webrender,,77,ms,firefox,451643324.0,1861609813,2024-03-07 19:06:18,1389090,,,,,,,,,,,,,,,,,,,,,,,,,,,,,,,,,,,,,,,,,,,,,,,,,TN
2158,3f7b865cce5618cc33c13bd14b5b0ef1de3ef56f,0.15060521415270012,autoland,4060709,13,fd0dfc9511c4c123e048823de9954312c2b907c1,linux1804-64-shippable-qr,True,False,,|c|o|l|d| |f|i|s|s|i|o|n| |i|n|t|e|r|a|c|t|i|v|e| |w|e|b|r|e|n|d|e|r|,102210fe594ee9b33d82058545b1ed14f4c8206e,fcp,reddit-billgates-post-1.billg,True,reddit-billgates-post-1.billg fcp opt cold fission webrender,,77,ms,firefox,451622088.0,1861518893,2024-03-07 19:50:42,1389127,,,,,,,,,,,,,,,,,,,,,,,,,,,,,,,,,,,,,,,,,,,,,,,,,TN
2159,cf755d27fb6937544256d0c4bb2663f1ce9824b1,0.0996275605214153,autoland,4060709,13,fd0dfc9511c4c123e048823de9954312c2b907c1,linux1804-64-shippable-qr,True,False,,|c|o|l|d| |f|i|s|s|i|o|n| |i|n|t|e|r|a|c|t|i|v|e| |w|e|b|r|e|n|d|e|r|,102210fe594ee9b33d82058545b1ed14f4c8206e,fcp,reddit-billgates-post-1.billg,True,reddit-billgates-post-1.billg fcp opt cold fission webrender,,77,ms,firefox,451639035.0,1861577226,2024-03-07 20:01:05,1389136,,,,,,,,,,,,,,,,,,,,,,,,,,,,,,,,,,,,,,,,,,,,,,,,,TN
2160,4ba7067b7ca0a8c7e42fcf72178370b813da066f,0.12662942271880817,autoland,4060709,13,fd0dfc9511c4c123e048823de9954312c2b907c1,linux1804-64-shippable-qr,True,False,,|c|o|l|d| |f|i|s|s|i|o|n| |i|n|t|e|r|a|c|t|i|v|e| |w|e|b|r|e|n|d|e|r|,102210fe594ee9b33d82058545b1ed14f4c8206e,fcp,reddit-billgates-post-1.billg,True,reddit-billgates-post-1.billg fcp opt cold fission webrender,,77,ms,firefox,451638699.0,1861576343,2024-03-07 20:10:08,1389145,,,,,,,,,,,,,,,,,,,,,,,,,,,,,,,,,,,,,,,,,,,,,,,,,TN
2161,c9b3f598aa024ffbe096094ee8845222b7483c50,0.12313780260707641,autoland,4060709,13,fd0dfc9511c4c123e048823de9954312c2b907c1,linux1804-64-shippable-qr,True,False,,|c|o|l|d| |f|i|s|s|i|o|n| |i|n|t|e|r|a|c|t|i|v|e| |w|e|b|r|e|n|d|e|r|,102210fe594ee9b33d82058545b1ed14f4c8206e,fcp,reddit-billgates-post-1.billg,True,reddit-billgates-post-1.billg fcp opt cold fission webrender,,77,ms,firefox,449988671.0,1854706366,2024-03-07 20:11:01,1389147,,,,,,,,,,,,,,,,,,,,,,,,,,,,,,,,,,,,,,,,,,,,,,,,,TN
2162,c61f6c3b2e0e6be84cd4c55ad846897237a766ef,0.09287709497206703,autoland,4060709,13,fd0dfc9511c4c123e048823de9954312c2b907c1,linux1804-64-shippable-qr,True,False,,|c|o|l|d| |f|i|s|s|i|o|n| |i|n|t|e|r|a|c|t|i|v|e| |w|e|b|r|e|n|d|e|r|,102210fe594ee9b33d82058545b1ed14f4c8206e,fcp,reddit-billgates-post-1.billg,True,reddit-billgates-post-1.billg fcp opt cold fission webrender,,77,ms,firefox,451638853.0,1861576304,2024-03-07 20:13:59,1389153,,,,,,,,,,,,,,,,,,,,,,,,,,,,,,,,,,,,,,,,,,,,,,,,,TN
2163,14a2e9154a95738300b6817953eca0f164cd7333,0.12546554934823095,autoland,4060709,13,fd0dfc9511c4c123e048823de9954312c2b907c1,linux1804-64-shippable-qr,True,False,,|c|o|l|d| |f|i|s|s|i|o|n| |i|n|t|e|r|a|c|t|i|v|e| |w|e|b|r|e|n|d|e|r|,102210fe594ee9b33d82058545b1ed14f4c8206e,fcp,reddit-billgates-post-1.billg,True,reddit-billgates-post-1.billg fcp opt cold fission webrender,,77,ms,firefox,451638931.0,1861576824,2024-03-07 20:15:26,1389154,,,,,,,,,,,,,,,,,,,,,,,,,,,,,,,,,,,,,,,,,,,,,,,,,TN
2164,712436cc2800982e8249e729136c249dbf7e0589,0.12569832402234637,autoland,4060709,13,fd0dfc9511c4c123e048823de9954312c2b907c1,linux1804-64-shippable-qr,True,False,,|c|o|l|d| |f|i|s|s|i|o|n| |i|n|t|e|r|a|c|t|i|v|e| |w|e|b|r|e|n|d|e|r|,102210fe594ee9b33d82058545b1ed14f4c8206e,fcp,reddit-billgates-post-1.billg,True,reddit-billgates-post-1.billg fcp opt cold fission webrender,,77,ms,firefox,451622115.0,1861520023,2024-03-07 20:45:55,1389189,,,,,,,,,,,,,,,,,,,,,,,,,,,,,,,,,,,,,,,,,,,,,,,,,TN
2165,1706d3050f8c120afd16dd92b095e811add72078,0.1466480446927374,autoland,4060709,13,fd0dfc9511c4c123e048823de9954312c2b907c1,linux1804-64-shippable-qr,True,False,,|c|o|l|d| |f|i|s|s|i|o|n| |i|n|t|e|r|a|c|t|i|v|e| |w|e|b|r|e|n|d|e|r|,102210fe594ee9b33d82058545b1ed14f4c8206e,fcp,reddit-billgates-post-1.billg,True,reddit-billgates-post-1.billg fcp opt cold fission webrender,,77,ms,firefox,451639435.0,1861581803,2024-03-07 20:48:48,1389199,,,,,,,,,,,,,,,,,,,,,,,,,,,,,,,,,,,,,,,,,,,,,,,,,TN
2166,f9a9cf0f60d4c963ad449c8f34ee2074a5be5bf1,0.14548417132216018,autoland,4060709,13,fd0dfc9511c4c123e048823de9954312c2b907c1,linux1804-64-shippable-qr,True,False,,|c|o|l|d| |f|i|s|s|i|o|n| |i|n|t|e|r|a|c|t|i|v|e| |w|e|b|r|e|n|d|e|r|,102210fe594ee9b33d82058545b1ed14f4c8206e,fcp,reddit-billgates-post-1.billg,True,reddit-billgates-post-1.billg fcp opt cold fission webrender,,77,ms,firefox,451639728.0,1861586076,2024-03-07 21:02:08,1389211,,,,,,,,,,,,,,,,,,,,,,,,,,,,,,,,,,,,,,,,,,,,,,,,,TN
2167,badb2e5ed6981d0a36824afb5710907afd1d545e,0.13384543761638734,autoland,4060709,13,fd0dfc9511c4c123e048823de9954312c2b907c1,linux1804-64-shippable-qr,True,False,,|c|o|l|d| |f|i|s|s|i|o|n| |i|n|t|e|r|a|c|t|i|v|e| |w|e|b|r|e|n|d|e|r|,102210fe594ee9b33d82058545b1ed14f4c8206e,fcp,reddit-billgates-post-1.billg,True,reddit-billgates-post-1.billg fcp opt cold fission webrender,,77,ms,firefox,451373034.0,1860475654,2024-03-07 22:10:58,1389260,,,,,,,,,,,,,,,,,,,,,,,,,,,,,,,,,,,,,,,,,,,,,,,,,TN
2168,3caff3bcb5f32b8fcb2c35fed3fd8688764a72c4,0.11359404096834269,autoland,4060709,13,fd0dfc9511c4c123e048823de9954312c2b907c1,linux1804-64-shippable-qr,True,False,,|c|o|l|d| |f|i|s|s|i|o|n| |i|n|t|e|r|a|c|t|i|v|e| |w|e|b|r|e|n|d|e|r|,102210fe594ee9b33d82058545b1ed14f4c8206e,fcp,reddit-billgates-post-1.billg,True,reddit-billgates-post-1.billg fcp opt cold fission webrender,,77,ms,firefox,451356131.0,1860399608,2024-03-07 22:17:35,1389267,,,,,,,,,,,,,,,,,,,,,,,,,,,,,,,,,,,,,,,,,,,,,,,,,TN
2169,58b2d4019b72d7d6300dd13d66c65b338ef96a15,0.11918063314711358,autoland,4060709,13,fd0dfc9511c4c123e048823de9954312c2b907c1,linux1804-64-shippable-qr,True,False,,|c|o|l|d| |f|i|s|s|i|o|n| |i|n|t|e|r|a|c|t|i|v|e| |w|e|b|r|e|n|d|e|r|,102210fe594ee9b33d82058545b1ed14f4c8206e,fcp,reddit-billgates-post-1.billg,True,reddit-billgates-post-1.billg fcp opt cold fission webrender,,77,ms,firefox,451356152.0,1860399540,2024-03-07 22:18:25,1389268,,,,,,,,,,,,,,,,,,,,,,,,,,,,,,,,,,,,,,,,,,,,,,,,,TN
2170,9d984b2868ec1de9949be974e71f73cba9e949ad,0.11499068901303544,autoland,4060709,13,fd0dfc9511c4c123e048823de9954312c2b907c1,linux1804-64-shippable-qr,True,False,,|c|o|l|d| |f|i|s|s|i|o|n| |i|n|t|e|r|a|c|t|i|v|e| |w|e|b|r|e|n|d|e|r|,102210fe594ee9b33d82058545b1ed14f4c8206e,fcp,reddit-billgates-post-1.billg,True,reddit-billgates-post-1.billg fcp opt cold fission webrender,,77,ms,firefox,451356122.0,1860399783,2024-03-07 22:19:20,1389270,,,,,,,,,,,,,,,,,,,,,,,,,,,,,,,,,,,,,,,,,,,,,,,,,TN
2171,e29cc26a7f910bc88331b129651ab1e0991a20c2,0.13221601489757917,autoland,4060709,13,fd0dfc9511c4c123e048823de9954312c2b907c1,linux1804-64-shippable-qr,True,False,,|c|o|l|d| |f|i|s|s|i|o|n| |i|n|t|e|r|a|c|t|i|v|e| |w|e|b|r|e|n|d|e|r|,102210fe594ee9b33d82058545b1ed14f4c8206e,fcp,reddit-billgates-post-1.billg,True,reddit-billgates-post-1.billg fcp opt cold fission webrender,,77,ms,firefox,451356132.0,1860400044,2024-03-07 22:20:16,1389272,,,,,,,,,,,,,,,,,,,,,,,,,,,,,,,,,,,,,,,,,,,,,,,,,TN
2172,511dfc6ab20fe612aa3fc72d767083b5fac900fa,0.13419459962756053,autoland,4060709,13,fd0dfc9511c4c123e048823de9954312c2b907c1,linux1804-64-shippable-qr,True,False,,|c|o|l|d| |f|i|s|s|i|o|n| |i|n|t|e|r|a|c|t|i|v|e| |w|e|b|r|e|n|d|e|r|,102210fe594ee9b33d82058545b1ed14f4c8206e,fcp,reddit-billgates-post-1.billg,True,reddit-billgates-post-1.billg fcp opt cold fission webrender,,77,ms,firefox,451356137.0,1860399552,2024-03-07 22:21:24,1389273,,,,,,,,,,,,,,,,,,,,,,,,,,,,,,,,,,,,,,,,,,,,,,,,,TN
2173,549c1a139afc3d152bc7ee811cd03f1618179765,0.12756052141527008,autoland,4060709,13,fd0dfc9511c4c123e048823de9954312c2b907c1,linux1804-64-shippable-qr,True,False,,|c|o|l|d| |f|i|s|s|i|o|n| |i|n|t|e|r|a|c|t|i|v|e| |w|e|b|r|e|n|d|e|r|,102210fe594ee9b33d82058545b1ed14f4c8206e,fcp,reddit-billgates-post-1.billg,True,reddit-billgates-post-1.billg fcp opt cold fission webrender,,77,ms,firefox,451356147.0,1860400319,2024-03-07 22:58:38,1389300,,,,,,,,,,,,,,,,,,,,,,,,,,,,,,,,,,,,,,,,,,,,,,,,,TN
2174,52a1681d4a82fc42120210428226bbda3f6ed2cd,0.12849162011173176,autoland,4060709,13,fd0dfc9511c4c123e048823de9954312c2b907c1,linux1804-64-shippable-qr,True,False,,|c|o|l|d| |f|i|s|s|i|o|n| |i|n|t|e|r|a|c|t|i|v|e| |w|e|b|r|e|n|d|e|r|,102210fe594ee9b33d82058545b1ed14f4c8206e,fcp,reddit-billgates-post-1.billg,True,reddit-billgates-post-1.billg fcp opt cold fission webrender,,77,ms,firefox,451356165.0,1860400178,2024-03-07 23:51:38,1389344,,,,,,,,,,,,,,,,,,,,,,,,,,,,,,,,,,,,,,,,,,,,,,,,,TN
2175,2bab5cb074696f595965c080b9ac9c2a1627893d,0.13198324022346364,autoland,4060709,13,fd0dfc9511c4c123e048823de9954312c2b907c1,linux1804-64-shippable-qr,True,False,,|c|o|l|d| |f|i|s|s|i|o|n| |i|n|t|e|r|a|c|t|i|v|e| |w|e|b|r|e|n|d|e|r|,102210fe594ee9b33d82058545b1ed14f4c8206e,fcp,reddit-billgates-post-1.billg,True,reddit-billgates-post-1.billg fcp opt cold fission webrender,,77,ms,firefox,451356167.0,1860399950,2024-03-08 00:09:04,1389370,,,,,,,,,,,,,,,,,,,,,,,,,,,,,,,,,,,,,,,,,,,,,,,,,TN
2176,f9c5e71ad2de0632a1d833b02eb16cd13e4eabc1,0.14455307262569828,autoland,4060709,13,fd0dfc9511c4c123e048823de9954312c2b907c1,linux1804-64-shippable-qr,True,False,,|c|o|l|d| |f|i|s|s|i|o|n| |i|n|t|e|r|a|c|t|i|v|e| |w|e|b|r|e|n|d|e|r|,102210fe594ee9b33d82058545b1ed14f4c8206e,fcp,reddit-billgates-post-1.billg,True,reddit-billgates-post-1.billg fcp opt cold fission webrender,,77,ms,firefox,450011220.0,1854804795,2024-03-08 00:14:27,1389377,,,,,,,,,,,,,,,,,,,,,,,,,,,,,,,,,,,,,,,,,,,,,,,,,TN
2177,937a51dbe70c7beefb7b10341f820951ef7ee66a,0.10079143389199258,autoland,4060709,13,fd0dfc9511c4c123e048823de9954312c2b907c1,linux1804-64-shippable-qr,True,False,,|c|o|l|d| |f|i|s|s|i|o|n| |i|n|t|e|r|a|c|t|i|v|e| |w|e|b|r|e|n|d|e|r|,102210fe594ee9b33d82058545b1ed14f4c8206e,fcp,reddit-billgates-post-1.billg,True,reddit-billgates-post-1.billg fcp opt cold fission webrender,,77,ms,firefox,451356206.0,1860400482,2024-03-08 00:16:24,1389378,,,,,,,,,,,,,,,,,,,,,,,,,,,,,,,,,,,,,,,,,,,,,,,,,TN
2178,5e1f89a51b11e9f85f7d480aefac9c401db9f64f,0.11382681564245811,autoland,4060709,13,fd0dfc9511c4c123e048823de9954312c2b907c1,linux1804-64-shippable-qr,True,False,,|c|o|l|d| |f|i|s|s|i|o|n| |i|n|t|e|r|a|c|t|i|v|e| |w|e|b|r|e|n|d|e|r|,102210fe594ee9b33d82058545b1ed14f4c8206e,fcp,reddit-billgates-post-1.billg,True,reddit-billgates-post-1.billg fcp opt cold fission webrender,,77,ms,firefox,451356218.0,1860400613,2024-03-08 00:37:21,1389384,,,,,,,,,,,,,,,,,,,,,,,,,,,,,,,,,,,,,,,,,,,,,,,,,TN
2179,ac5529a784bdd0522e58c4bcdb3293674601ac52,0.127250155183116,autoland,4060709,13,fd0dfc9511c4c123e048823de9954312c2b907c1,linux1804-64-shippable-qr,True,False,,|c|o|l|d| |f|i|s|s|i|o|n| |i|n|t|e|r|a|c|t|i|v|e| |w|e|b|r|e|n|d|e|r|,102210fe594ee9b33d82058545b1ed14f4c8206e,fcp,reddit-billgates-post-1.billg,True,reddit-billgates-post-1.billg fcp opt cold fission webrender,,77,ms,firefox,450021202.0,1854873992,2024-03-08 01:03:56,1389404,,,,,,,,,,,,,,,,,,,,,,,,,,,,,,,,,,,,,,,,,,,,,,,,,TN
2180,bf480ef2bdbfed23fd59d0f754f58c5aa93e3ca6,0.12081005586592175,autoland,4060709,13,fd0dfc9511c4c123e048823de9954312c2b907c1,linux1804-64-shippable-qr,True,False,,|c|o|l|d| |f|i|s|s|i|o|n| |i|n|t|e|r|a|c|t|i|v|e| |w|e|b|r|e|n|d|e|r|,102210fe594ee9b33d82058545b1ed14f4c8206e,fcp,reddit-billgates-post-1.billg,True,reddit-billgates-post-1.billg fcp opt cold fission webrender,,77,ms,firefox,451356166.0,1860400119,2024-03-08 08:40:46,1389582,,,,,,,,,,,,,,,,,,,,,,,,,,,,,,,,,,,,,,,,,,,,,,,,,TN
2181,fa450c016c48462cabafdd6d357da518682e1c29,0.154096834264432,autoland,4060709,13,fd0dfc9511c4c123e048823de9954312c2b907c1,linux1804-64-shippable-qr,True,False,,|c|o|l|d| |f|i|s|s|i|o|n| |i|n|t|e|r|a|c|t|i|v|e| |w|e|b|r|e|n|d|e|r|,102210fe594ee9b33d82058545b1ed14f4c8206e,fcp,reddit-billgates-post-1.billg,True,reddit-billgates-post-1.billg fcp opt cold fission webrender,,77,ms,firefox,451356168.0,1860400214,2024-03-08 08:53:32,1389584,,,,,,,,,,,,,,,,,,,,,,,,,,,,,,,,,,,,,,,,,,,,,,,,,TN
2182,a08aed3b2eb3bc92e5aa8d2a965fb1127f7ae5ba,0.1624767225325885,autoland,4060709,13,fd0dfc9511c4c123e048823de9954312c2b907c1,linux1804-64-shippable-qr,True,False,,|c|o|l|d| |f|i|s|s|i|o|n| |i|n|t|e|r|a|c|t|i|v|e| |w|e|b|r|e|n|d|e|r|,102210fe594ee9b33d82058545b1ed14f4c8206e,fcp,reddit-billgates-post-1.billg,True,reddit-billgates-post-1.billg fcp opt cold fission webrender,,77,ms,firefox,451356197.0,1860399992,2024-03-08 08:54:23,1389585,,,,,,,,,,,,,,,,,,,,,,,,,,,,,,,,,,,,,,,,,,,,,,,,,TN
2183,8ae768068bd7567097cb296930e3643ce1fdff9f,0.13594040968342647,autoland,4060709,13,fd0dfc9511c4c123e048823de9954312c2b907c1,linux1804-64-shippable-qr,True,False,,|c|o|l|d| |f|i|s|s|i|o|n| |i|n|t|e|r|a|c|t|i|v|e| |w|e|b|r|e|n|d|e|r|,102210fe594ee9b33d82058545b1ed14f4c8206e,fcp,reddit-billgates-post-1.billg,True,reddit-billgates-post-1.billg fcp opt cold fission webrender,,77,ms,firefox,451356204.0,1860400358,2024-03-08 08:55:40,1389586,,,,,,,,,,,,,,,,,,,,,,,,,,,,,,,,,,,,,,,,,,,,,,,,,TN
2184,f6e655b847ff41584b50d4897dee99cfc1095bff,0.12523277467411553,autoland,4060709,13,fd0dfc9511c4c123e048823de9954312c2b907c1,linux1804-64-shippable-qr,True,False,,|c|o|l|d| |f|i|s|s|i|o|n| |i|n|t|e|r|a|c|t|i|v|e| |w|e|b|r|e|n|d|e|r|,102210fe594ee9b33d82058545b1ed14f4c8206e,fcp,reddit-billgates-post-1.billg,True,reddit-billgates-post-1.billg fcp opt cold fission webrender,,77,ms,firefox,451356205.0,1860400539,2024-03-08 08:56:30,1389587,,,,,,,,,,,,,,,,,,,,,,,,,,,,,,,,,,,,,,,,,,,,,,,,,TN
2185,4c5285764100fef7429262fb418cb665ea747427,0.15153631284916202,autoland,4060709,13,fd0dfc9511c4c123e048823de9954312c2b907c1,linux1804-64-shippable-qr,True,False,,|c|o|l|d| |f|i|s|s|i|o|n| |i|n|t|e|r|a|c|t|i|v|e| |w|e|b|r|e|n|d|e|r|,102210fe594ee9b33d82058545b1ed14f4c8206e,fcp,reddit-billgates-post-1.billg,True,reddit-billgates-post-1.billg fcp opt cold fission webrender,,77,ms,firefox,451356208.0,1860400436,2024-03-08 09:00:10,1389588,,,,,,,,,,,,,,,,,,,,,,,,,,,,,,,,,,,,,,,,,,,,,,,,,TN
2186,8a936faee760859d530e2fbc7d8ac3d0294385b5,0.1608472998137802,autoland,4060709,13,fd0dfc9511c4c123e048823de9954312c2b907c1,linux1804-64-shippable-qr,True,False,,|c|o|l|d| |f|i|s|s|i|o|n| |i|n|t|e|r|a|c|t|i|v|e| |w|e|b|r|e|n|d|e|r|,102210fe594ee9b33d82058545b1ed14f4c8206e,fcp,reddit-billgates-post-1.billg,True,reddit-billgates-post-1.billg fcp opt cold fission webrender,,77,ms,firefox,451356215.0,1860400394,2024-03-08 09:14:43,1389589,,,,,,,,,,,,,,,,,,,,,,,,,,,,,,,,,,,,,,,,,,,,,,,,,TN
2187,f3ad3844002bda25d6609f07a0947c049bfeb413,0.12523277467411553,autoland,4060709,13,fd0dfc9511c4c123e048823de9954312c2b907c1,linux1804-64-shippable-qr,True,False,,|c|o|l|d| |f|i|s|s|i|o|n| |i|n|t|e|r|a|c|t|i|v|e| |w|e|b|r|e|n|d|e|r|,102210fe594ee9b33d82058545b1ed14f4c8206e,fcp,reddit-billgates-post-1.billg,True,reddit-billgates-post-1.billg fcp opt cold fission webrender,,77,ms,firefox,451356212.0,1860400764,2024-03-08 09:34:09,1389591,,,,,,,,,,,,,,,,,,,,,,,,,,,,,,,,,,,,,,,,,,,,,,,,,TN
2188,caf25f875227c49e86a1889f6da8dff5e8e0e55f,0.12918994413407825,autoland,4060709,13,fd0dfc9511c4c123e048823de9954312c2b907c1,linux1804-64-shippable-qr,True,False,,|c|o|l|d| |f|i|s|s|i|o|n| |i|n|t|e|r|a|c|t|i|v|e| |w|e|b|r|e|n|d|e|r|,102210fe594ee9b33d82058545b1ed14f4c8206e,fcp,reddit-billgates-post-1.billg,True,reddit-billgates-post-1.billg fcp opt cold fission webrender,,77,ms,firefox,451356216.0,1860400712,2024-03-08 09:43:30,1389592,,,,,,,,,,,,,,,,,,,,,,,,,,,,,,,,,,,,,,,,,,,,,,,,,TN
2189,fe38c21e5d5ba7ab071d13411995b46f31d7862c,0.15270018621973924,autoland,4060709,13,fd0dfc9511c4c123e048823de9954312c2b907c1,linux1804-64-shippable-qr,True,False,,|c|o|l|d| |f|i|s|s|i|o|n| |i|n|t|e|r|a|c|t|i|v|e| |w|e|b|r|e|n|d|e|r|,102210fe594ee9b33d82058545b1ed14f4c8206e,fcp,reddit-billgates-post-1.billg,True,reddit-billgates-post-1.billg fcp opt cold fission webrender,,77,ms,firefox,450052244.0,1855021111,2024-03-08 09:44:20,1389593,,,,,,,,,,,,,,,,,,,,,,,,,,,,,,,,,,,,,,,,,,,,,,,,,TN
2190,3f762ddc6f508c5b8be6c3f8b4ae8a50d7b3c24e,0.12476722532588458,autoland,4060709,13,fd0dfc9511c4c123e048823de9954312c2b907c1,linux1804-64-shippable-qr,True,False,,|c|o|l|d| |f|i|s|s|i|o|n| |i|n|t|e|r|a|c|t|i|v|e| |w|e|b|r|e|n|d|e|r|,102210fe594ee9b33d82058545b1ed14f4c8206e,fcp,reddit-billgates-post-1.billg,True,reddit-billgates-post-1.billg fcp opt cold fission webrender,,77,ms,firefox,451356105.0,1860399438,2024-03-08 11:01:59,1389599,,,,,,,,,,,,,,,,,,,,,,,,,,,,,,,,,,,,,,,,,,,,,,,,,TN
2191,31978f6f4be1b3c852a910e8d932b916b33c3f32,0.1389664804469274,autoland,4060709,13,fd0dfc9511c4c123e048823de9954312c2b907c1,linux1804-64-shippable-qr,True,False,,|c|o|l|d| |f|i|s|s|i|o|n| |i|n|t|e|r|a|c|t|i|v|e| |w|e|b|r|e|n|d|e|r|,102210fe594ee9b33d82058545b1ed14f4c8206e,fcp,reddit-billgates-post-1.billg,True,reddit-billgates-post-1.billg fcp opt cold fission webrender,,77,ms,firefox,451356112.0,1860398857,2024-03-08 11:03:06,1389600,,,,,,,,,,,,,,,,,,,,,,,,,,,,,,,,,,,,,,,,,,,,,,,,,TN
2192,82f92a0ae9b1cd80fb4c0aaaf69dd5885456a821,0.13477653631284914,autoland,4060709,13,fd0dfc9511c4c123e048823de9954312c2b907c1,linux1804-64-shippable-qr,True,False,,|c|o|l|d| |f|i|s|s|i|o|n| |i|n|t|e|r|a|c|t|i|v|e| |w|e|b|r|e|n|d|e|r|,102210fe594ee9b33d82058545b1ed14f4c8206e,fcp,reddit-billgates-post-1.billg,True,reddit-billgates-post-1.billg fcp opt cold fission webrender,,77,ms,firefox,451356111.0,1860398501,2024-03-08 11:27:57,1389601,,,,,,,,,,,,,,,,,,,,,,,,,,,,,,,,,,,,,,,,,,,,,,,,,TN
2193,94321c63dcf47e20ec09156fbb4c23a892cdb480,0.11266294227188078,autoland,4060709,13,fd0dfc9511c4c123e048823de9954312c2b907c1,linux1804-64-shippable-qr,True,False,,|c|o|l|d| |f|i|s|s|i|o|n| |i|n|t|e|r|a|c|t|i|v|e| |w|e|b|r|e|n|d|e|r|,102210fe594ee9b33d82058545b1ed14f4c8206e,fcp,reddit-billgates-post-1.billg,True,reddit-billgates-post-1.billg fcp opt cold fission webrender,,77,ms,firefox,451356121.0,1860399258,2024-03-08 11:29:31,1389602,,,,,,,,,,,,,,,,,,,,,,,,,,,,,,,,,,,,,,,,,,,,,,,,,TN
2194,b7cc85b852b9e1ef2dffd2f6cf345d66deb97d0b,0.14641527001862198,autoland,4060709,13,fd0dfc9511c4c123e048823de9954312c2b907c1,linux1804-64-shippable-qr,True,False,,|c|o|l|d| |f|i|s|s|i|o|n| |i|n|t|e|r|a|c|t|i|v|e| |w|e|b|r|e|n|d|e|r|,102210fe594ee9b33d82058545b1ed14f4c8206e,fcp,reddit-billgates-post-1.billg,True,reddit-billgates-post-1.billg fcp opt cold fission webrender,,77,ms,firefox,451356123.0,1860399499,2024-03-08 11:50:32,1389604,,,,,,,,,,,,,,,,,,,,,,,,,,,,,,,,,,,,,,,,,,,,,,,,,TN
2195,4eb67922b9780b6774aa6f2601e8b46e0c82d71f,0.11243016759776536,autoland,4060709,13,fd0dfc9511c4c123e048823de9954312c2b907c1,linux1804-64-shippable-qr,True,False,,|c|o|l|d| |f|i|s|s|i|o|n| |i|n|t|e|r|a|c|t|i|v|e| |w|e|b|r|e|n|d|e|r|,102210fe594ee9b33d82058545b1ed14f4c8206e,fcp,reddit-billgates-post-1.billg,True,reddit-billgates-post-1.billg fcp opt cold fission webrender,,77,ms,firefox,451356135.0,1860399689,2024-03-08 11:54:36,1389605,,,,,,,,,,,,,,,,,,,,,,,,,,,,,,,,,,,,,,,,,,,,,,,,,TN
2196,54b3d06f92fc0139d3ddf6f54976e8b268e0d32c,0.12267225325884545,autoland,4060709,13,fd0dfc9511c4c123e048823de9954312c2b907c1,linux1804-64-shippable-qr,True,False,,|c|o|l|d| |f|i|s|s|i|o|n| |i|n|t|e|r|a|c|t|i|v|e| |w|e|b|r|e|n|d|e|r|,102210fe594ee9b33d82058545b1ed14f4c8206e,fcp,reddit-billgates-post-1.billg,True,reddit-billgates-post-1.billg fcp opt cold fission webrender,,77,ms,firefox,451356146.0,1860399857,2024-03-08 12:37:43,1389607,,,,,,,,,,,,,,,,,,,,,,,,,,,,,,,,,,,,,,,,,,,,,,,,,TN
2197,ad3398beea9e54092dadaca9bc39cfd15db6ca48,0.11685288640595903,autoland,4060709,13,fd0dfc9511c4c123e048823de9954312c2b907c1,linux1804-64-shippable-qr,True,False,,|c|o|l|d| |f|i|s|s|i|o|n| |i|n|t|e|r|a|c|t|i|v|e| |w|e|b|r|e|n|d|e|r|,102210fe594ee9b33d82058545b1ed14f4c8206e,fcp,reddit-billgates-post-1.billg,True,reddit-billgates-post-1.billg fcp opt cold fission webrender,,77,ms,firefox,451356155.0,1860399733,2024-03-08 13:21:58,1389609,,,,,,,,,,,,,,,,,,,,,,,,,,,,,,,,,,,,,,,,,,,,,,,,,TN
2198,a4e5280859c0c1dc1f3adf8cf20a79b371a68d1e,0.13663873370577273,autoland,4060709,13,fd0dfc9511c4c123e048823de9954312c2b907c1,linux1804-64-shippable-qr,True,False,,|c|o|l|d| |f|i|s|s|i|o|n| |i|n|t|e|r|a|c|t|i|v|e| |w|e|b|r|e|n|d|e|r|,102210fe594ee9b33d82058545b1ed14f4c8206e,fcp,reddit-billgates-post-1.billg,True,reddit-billgates-post-1.billg fcp opt cold fission webrender,,77,ms,firefox,451356174.0,1860399918,2024-03-08 13:30:03,1389611,,,,,,,,,,,,,,,,,,,,,,,,,,,,,,,,,,,,,,,,,,,,,,,,,TN
2199,e38d79679348570701c9c0b244b0d905b241b83b,0.14711359404096835,autoland,4060709,13,fd0dfc9511c4c123e048823de9954312c2b907c1,linux1804-64-shippable-qr,True,False,,|c|o|l|d| |f|i|s|s|i|o|n| |i|n|t|e|r|a|c|t|i|v|e| |w|e|b|r|e|n|d|e|r|,102210fe594ee9b33d82058545b1ed14f4c8206e,fcp,reddit-billgates-post-1.billg,True,reddit-billgates-post-1.billg fcp opt cold fission webrender,,77,ms,firefox,450076968.0,1855110704,2024-03-08 13:47:55,1389613,,,,,,,,,,,,,,,,,,,,,,,,,,,,,,,,,,,,,,,,,,,,,,,,,TN
2200,c306d54c8963e4dda4426d48bf41774947f5138d,0.16596834264432037,autoland,4060709,13,fd0dfc9511c4c123e048823de9954312c2b907c1,linux1804-64-shippable-qr,True,False,,|c|o|l|d| |f|i|s|s|i|o|n| |i|n|t|e|r|a|c|t|i|v|e| |w|e|b|r|e|n|d|e|r|,102210fe594ee9b33d82058545b1ed14f4c8206e,fcp,reddit-billgates-post-1.billg,True,reddit-billgates-post-1.billg fcp opt cold fission webrender,,77,ms,firefox,450093714.0,1855163436,2024-03-08 15:54:44,1389685,,,,,,,,,,,,,,,,,,,,,,,,,,,,,,,,,,,,,,,,,,,,,,,,,TN
2201,e40628b4cd80f3469e6fb5836c1e513e3e058225,0.15432960893854752,autoland,4060709,13,fd0dfc9511c4c123e048823de9954312c2b907c1,linux1804-64-shippable-qr,True,False,,|c|o|l|d| |f|i|s|s|i|o|n| |i|n|t|e|r|a|c|t|i|v|e| |w|e|b|r|e|n|d|e|r|,102210fe594ee9b33d82058545b1ed14f4c8206e,fcp,reddit-billgates-post-1.billg,True,reddit-billgates-post-1.billg fcp opt cold fission webrender,,77,ms,firefox,450145859.0,1855417507,2024-03-09 00:01:41,1390115,,,,,,,,,,,,,,,,,,,,,,,,,,,,,,,,,,,,,,,,,,,,,,,,,TN
2202,4d67ec80ce46b924295e599b81d0db0071664eca,0.14827746741154557,autoland,4060709,13,fd0dfc9511c4c123e048823de9954312c2b907c1,linux1804-64-shippable-qr,True,False,,|c|o|l|d| |f|i|s|s|i|o|n| |i|n|t|e|r|a|c|t|i|v|e| |w|e|b|r|e|n|d|e|r|,102210fe594ee9b33d82058545b1ed14f4c8206e,fcp,reddit-billgates-post-1.billg,True,reddit-billgates-post-1.billg fcp opt cold fission webrender,,77,ms,firefox,450146529.0,1855441355,2024-03-09 00:02:45,1390116,,,,,,,,,,,,,,,,,,,,,,,,,,,,,,,,,,,,,,,,,,,,,,,,,TN
2203,fb2eeb44f22026d0a1c7b18f8cb0786169300c1b,0.12383612662942267,autoland,4060709,13,fd0dfc9511c4c123e048823de9954312c2b907c1,linux1804-64-shippable-qr,True,False,,|c|o|l|d| |f|i|s|s|i|o|n| |i|n|t|e|r|a|c|t|i|v|e| |w|e|b|r|e|n|d|e|r|,102210fe594ee9b33d82058545b1ed14f4c8206e,fcp,reddit-billgates-post-1.billg,True,reddit-billgates-post-1.billg fcp opt cold fission webrender,,77,ms,firefox,450146713.0,1855449340,2024-03-09 00:03:40,1390117,,,,,,,,,,,,,,,,,,,,,,,,,,,,,,,,,,,,,,,,,,,,,,,,,TN
2204,efb6c465b7de5cb34b029bb51e5b445952bdd9b2,0.14641527001862198,autoland,4060709,13,fd0dfc9511c4c123e048823de9954312c2b907c1,linux1804-64-shippable-qr,True,False,,|c|o|l|d| |f|i|s|s|i|o|n| |i|n|t|e|r|a|c|t|i|v|e| |w|e|b|r|e|n|d|e|r|,102210fe594ee9b33d82058545b1ed14f4c8206e,fcp,reddit-billgates-post-1.billg,True,reddit-billgates-post-1.billg fcp opt cold fission webrender,,77,ms,firefox,450165475.0,1855515917,2024-03-09 05:38:15,1390162,,,,,,,,,,,,,,,,,,,,,,,,,,,,,,,,,,,,,,,,,,,,,,,,,TN
2205,1d530888568c2a44fc30d9b6567ab6195f238cb2,0.12476722532588458,autoland,4060709,13,fd0dfc9511c4c123e048823de9954312c2b907c1,linux1804-64-shippable-qr,True,False,,|c|o|l|d| |f|i|s|s|i|o|n| |i|n|t|e|r|a|c|t|i|v|e| |w|e|b|r|e|n|d|e|r|,102210fe594ee9b33d82058545b1ed14f4c8206e,fcp,reddit-billgates-post-1.billg,True,reddit-billgates-post-1.billg fcp opt cold fission webrender,,77,ms,firefox,450190535.0,1855594264,2024-03-09 10:41:02,1390188,,,,,,,,,,,,,,,,,,,,,,,,,,,,,,,,,,,,,,,,,,,,,,,,,TN
2206,10af6b2ff03bd7512d53f3ed02f7e83dba7c57ba,0.1296554934823091,autoland,4060709,13,fd0dfc9511c4c123e048823de9954312c2b907c1,linux1804-64-shippable-qr,True,False,,|c|o|l|d| |f|i|s|s|i|o|n| |i|n|t|e|r|a|c|t|i|v|e| |w|e|b|r|e|n|d|e|r|,102210fe594ee9b33d82058545b1ed14f4c8206e,fcp,reddit-billgates-post-1.billg,True,reddit-billgates-post-1.billg fcp opt cold fission webrender,,77,ms,firefox,450205828.0,1855637725,2024-03-09 15:33:05,1390221,,,,,,,,,,,,,,,,,,,,,,,,,,,,,,,,,,,,,,,,,,,,,,,,,TN
2207,9768cd53e66eef4a715150196cfa1138f7edf7ba,0.12880198634388562,autoland,4060709,13,fd0dfc9511c4c123e048823de9954312c2b907c1,linux1804-64-shippable-qr,True,False,,|c|o|l|d| |f|i|s|s|i|o|n| |i|n|t|e|r|a|c|t|i|v|e| |w|e|b|r|e|n|d|e|r|,102210fe594ee9b33d82058545b1ed14f4c8206e,fcp,reddit-billgates-post-1.billg,True,reddit-billgates-post-1.billg fcp opt cold fission webrender,,77,ms,firefox,450217156.0,1855670886,2024-03-09 20:59:44,1390244,,,,,,,,,,,,,,,,,,,,,,,,,,,,,,,,,,,,,,,,,,,,,,,,,TN
2208,f8edec6de8b50f0f6809208600e5c8ab87dd12d4,0.15083798882681565,autoland,4060709,13,fd0dfc9511c4c123e048823de9954312c2b907c1,linux1804-64-shippable-qr,True,False,,|c|o|l|d| |f|i|s|s|i|o|n| |i|n|t|e|r|a|c|t|i|v|e| |w|e|b|r|e|n|d|e|r|,102210fe594ee9b33d82058545b1ed14f4c8206e,fcp,reddit-billgates-post-1.billg,True,reddit-billgates-post-1.billg fcp opt cold fission webrender,,77,ms,firefox,450254454.0,1855803789,2024-03-10 13:59:13,1390283,,,,,,,,,,,,,,,,,,,,,,,,,,,,,,,,,,,,,,,,,,,,,,,,,TN
2209,059c20bed3da7a717ee144e4c2339499009d7c44,0.13081936685288642,autoland,4060709,13,fd0dfc9511c4c123e048823de9954312c2b907c1,linux1804-64-shippable-qr,True,False,,|c|o|l|d| |f|i|s|s|i|o|n| |i|n|t|e|r|a|c|t|i|v|e| |w|e|b|r|e|n|d|e|r|,102210fe594ee9b33d82058545b1ed14f4c8206e,fcp,reddit-billgates-post-1.billg,True,reddit-billgates-post-1.billg fcp opt cold fission webrender,,77,ms,firefox,450259455.0,1855825323,2024-03-10 18:05:45,1390298,,,,,,,,,,,,,,,,,,,,,,,,,,,,,,,,,,,,,,,,,,,,,,,,,TN
2210,0f63ab5624960b1aa464bb2e3bd76c6cd196f186,0.12453445065176905,autoland,4060709,13,fd0dfc9511c4c123e048823de9954312c2b907c1,linux1804-64-shippable-qr,True,False,,|c|o|l|d| |f|i|s|s|i|o|n| |i|n|t|e|r|a|c|t|i|v|e| |w|e|b|r|e|n|d|e|r|,102210fe594ee9b33d82058545b1ed14f4c8206e,fcp,reddit-billgates-post-1.billg,True,reddit-billgates-post-1.billg fcp opt cold fission webrender,,77,ms,firefox,450280250.0,1855926242,2024-03-11 02:48:56,1390365,,,,,,,,,,,,,,,,,,,,,,,,,,,,,,,,,,,,,,,,,,,,,,,,,TN
2211,343e945a502ea35f40687ffca3eab7543522fe79,0.11824953445065178,autoland,4060709,13,fd0dfc9511c4c123e048823de9954312c2b907c1,linux1804-64-shippable-qr,True,False,,|c|o|l|d| |f|i|s|s|i|o|n| |i|n|t|e|r|a|c|t|i|v|e| |w|e|b|r|e|n|d|e|r|,102210fe594ee9b33d82058545b1ed14f4c8206e,fcp,reddit-billgates-post-1.billg,True,reddit-billgates-post-1.billg fcp opt cold fission webrender,,77,ms,firefox,450298895.0,1856005718,2024-03-11 09:18:44,1390442,,,,,,,,,,,,,,,,,,,,,,,,,,,,,,,,,,,,,,,,,,,,,,,,,TN
2212,2a132ae2427f76ce68c19e08ce3960465c65dc3a,0.13081936685288642,autoland,4060709,13,fd0dfc9511c4c123e048823de9954312c2b907c1,linux1804-64-shippable-qr,True,False,,|c|o|l|d| |f|i|s|s|i|o|n| |i|n|t|e|r|a|c|t|i|v|e| |w|e|b|r|e|n|d|e|r|,102210fe594ee9b33d82058545b1ed14f4c8206e,fcp,reddit-billgates-post-1.billg,True,reddit-billgates-post-1.billg fcp opt cold fission webrender,,77,ms,firefox,450428370.0,1856509086,2024-03-11 09:24:54,1390444,,,,,,,,,,,,,,,,,,,,,,,,,,,,,,,,,,,,,,,,,,,,,,,,,TN
2213,2692de58a79eac06924d27eda115f3f14c8c206c,0.15875232774674108,autoland,4060709,13,fd0dfc9511c4c123e048823de9954312c2b907c1,linux1804-64-shippable-qr,True,False,,|c|o|l|d| |f|i|s|s|i|o|n| |i|n|t|e|r|a|c|t|i|v|e| |w|e|b|r|e|n|d|e|r|,102210fe594ee9b33d82058545b1ed14f4c8206e,fcp,reddit-billgates-post-1.billg,True,reddit-billgates-post-1.billg fcp opt cold fission webrender,,77,ms,firefox,450428005.0,1856475503,2024-03-11 09:48:07,1390457,,,,,,,,,,,,,,,,,,,,,,,,,,,,,,,,,,,,,,,,,,,,,,,,,TN
2214,856a612ce3d555ad6ec378bc99e74accba55c54a,0.15060521415270012,autoland,4060709,13,fd0dfc9511c4c123e048823de9954312c2b907c1,linux1804-64-shippable-qr,True,False,,|c|o|l|d| |f|i|s|s|i|o|n| |i|n|t|e|r|a|c|t|i|v|e| |w|e|b|r|e|n|d|e|r|,102210fe594ee9b33d82058545b1ed14f4c8206e,fcp,reddit-billgates-post-1.billg,True,reddit-billgates-post-1.billg fcp opt cold fission webrender,,77,ms,firefox,450424659.0,1856436578,2024-03-11 12:32:27,1390498,,,,,,,,,,,,,,,,,,,,,,,,,,,,,,,,,,,,,,,,,,,,,,,,,TN
2215,715d05429686085f90ae695d4bec02a707e3e4cc,0.16108007448789574,autoland,4060709,13,fd0dfc9511c4c123e048823de9954312c2b907c1,linux1804-64-shippable-qr,True,False,,|c|o|l|d| |f|i|s|s|i|o|n| |i|n|t|e|r|a|c|t|i|v|e| |w|e|b|r|e|n|d|e|r|,102210fe594ee9b33d82058545b1ed14f4c8206e,fcp,reddit-billgates-post-1.billg,True,reddit-billgates-post-1.billg fcp opt cold fission webrender,,77,ms,firefox,450427908.0,1856465863,2024-03-11 12:39:30,1390500,,,,,,,,,,,,,,,,,,,,,,,,,,,,,,,,,,,,,,,,,,,,,,,,,TN
2216,23b4081496822ae44a0f120f8429c0c57a864325,0.11801675977653625,autoland,4060709,13,fd0dfc9511c4c123e048823de9954312c2b907c1,linux1804-64-shippable-qr,True,False,,|c|o|l|d| |f|i|s|s|i|o|n| |i|n|t|e|r|a|c|t|i|v|e| |w|e|b|r|e|n|d|e|r|,102210fe594ee9b33d82058545b1ed14f4c8206e,fcp,reddit-billgates-post-1.billg,True,reddit-billgates-post-1.billg fcp opt cold fission webrender,,77,ms,firefox,450332216.0,1856117269,2024-03-11 13:24:20,1390505,,,,,,,,,,,,,,,,,,,,,,,,,,,,,,,,,,,,,,,,,,,,,,,,,TN
2217,ec25d27f83b73ab4fbd93c737d29b732042c2139,0.12150837988826813,autoland,4060709,13,fd0dfc9511c4c123e048823de9954312c2b907c1,linux1804-64-shippable-qr,True,False,,|c|o|l|d| |f|i|s|s|i|o|n| |i|n|t|e|r|a|c|t|i|v|e| |w|e|b|r|e|n|d|e|r|,102210fe594ee9b33d82058545b1ed14f4c8206e,fcp,reddit-billgates-post-1.billg,True,reddit-billgates-post-1.billg fcp opt cold fission webrender,,77,ms,firefox,450339405.0,1856151681,2024-03-11 14:23:46,1390552,,,,,,,,,,,,,,,,,,,,,,,,,,,,,,,,,,,,,,,,,,,,,,,,,TN
2218,b5f646ecf7f3ca586020974d36c3f4c4fca4a3a3,0.14245810055865915,autoland,4060709,13,fd0dfc9511c4c123e048823de9954312c2b907c1,linux1804-64-shippable-qr,True,False,,|c|o|l|d| |f|i|s|s|i|o|n| |i|n|t|e|r|a|c|t|i|v|e| |w|e|b|r|e|n|d|e|r|,102210fe594ee9b33d82058545b1ed14f4c8206e,fcp,reddit-billgates-post-1.billg,True,reddit-billgates-post-1.billg fcp opt cold fission webrender,,77,ms,firefox,450370446.0,1856266595,2024-03-11 18:03:14,1390747,,,,,,,,,,,,,,,,,,,,,,,,,,,,,,,,,,,,,,,,,,,,,,,,,TN
2219,4984afdb79c55a76ef741d1667378c296f74240f,0.13710428305400368,autoland,4060709,13,fd0dfc9511c4c123e048823de9954312c2b907c1,linux1804-64-shippable-qr,True,False,,|c|o|l|d| |f|i|s|s|i|o|n| |i|n|t|e|r|a|c|t|i|v|e| |w|e|b|r|e|n|d|e|r|,102210fe594ee9b33d82058545b1ed14f4c8206e,fcp,reddit-billgates-post-1.billg,True,reddit-billgates-post-1.billg fcp opt cold fission webrender,,77,ms,firefox,450391774.0,1856317243,2024-03-11 19:41:42,1390851,,,,,,,,,,,,,,,,,,,,,,,,,,,,,,,,,,,,,,,,,,,,,,,,,TN
2220,b09474764fb5539e6a0804ccf511ccf5a4dab743,0.15246741154562382,autoland,4060709,13,fd0dfc9511c4c123e048823de9954312c2b907c1,linux1804-64-shippable-qr,True,False,,|c|o|l|d| |f|i|s|s|i|o|n| |i|n|t|e|r|a|c|t|i|v|e| |w|e|b|r|e|n|d|e|r|,102210fe594ee9b33d82058545b1ed14f4c8206e,fcp,reddit-billgates-post-1.billg,True,reddit-billgates-post-1.billg fcp opt cold fission webrender,,77,ms,firefox,450428640.0,1856532422,2024-03-11 22:07:57,1391017,,,,,,,,,,,,,,,,,,,,,,,,,,,,,,,,,,,,,,,,,,,,,,,,,TN
2221,cc3717eca9f6e97d26aa079dfb5a0d95afffbbde,0.12895716945996272,autoland,4060709,13,fd0dfc9511c4c123e048823de9954312c2b907c1,linux1804-64-shippable-qr,True,False,,|c|o|l|d| |f|i|s|s|i|o|n| |i|n|t|e|r|a|c|t|i|v|e| |w|e|b|r|e|n|d|e|r|,102210fe594ee9b33d82058545b1ed14f4c8206e,fcp,reddit-billgates-post-1.billg,True,reddit-billgates-post-1.billg fcp opt cold fission webrender,,77,ms,firefox,450428215.0,1856484564,2024-03-11 22:09:50,1391018,,,,,,,,,,,,,,,,,,,,,,,,,,,,,,,,,,,,,,,,,,,,,,,,,TN
2222,e7bb5a728361f4b05cdc970a020bbe0b89e1a10b,0.12569832402234637,autoland,4060709,13,fd0dfc9511c4c123e048823de9954312c2b907c1,linux1804-64-shippable-qr,True,False,,|c|o|l|d| |f|i|s|s|i|o|n| |i|n|t|e|r|a|c|t|i|v|e| |w|e|b|r|e|n|d|e|r|,102210fe594ee9b33d82058545b1ed14f4c8206e,fcp,reddit-billgates-post-1.billg,True,reddit-billgates-post-1.billg fcp opt cold fission webrender,,77,ms,firefox,450428311.0,1856497389,2024-03-11 22:11:33,1391020,,,,,,,,,,,,,,,,,,,,,,,,,,,,,,,,,,,,,,,,,,,,,,,,,TN
2223,1aef65c426c611042b513e7e8af814f1191c7692,0.16852886405959033,autoland,4060709,13,fd0dfc9511c4c123e048823de9954312c2b907c1,linux1804-64-shippable-qr,True,False,,|c|o|l|d| |f|i|s|s|i|o|n| |i|n|t|e|r|a|c|t|i|v|e| |w|e|b|r|e|n|d|e|r|,102210fe594ee9b33d82058545b1ed14f4c8206e,fcp,reddit-billgates-post-1.billg,True,reddit-billgates-post-1.billg fcp opt cold fission webrender,,77,ms,firefox,450428521.0,1856529818,2024-03-11 22:12:28,1391028,,,,,,,,,,,,,,,,,,,,,,,,,,,,,,,,,,,,,,,,,,,,,,,,,TN
2224,5dbe89396d7f52d57c4a21457fcf95d4e1ae24c3,0.15107076350093107,autoland,4060709,13,fd0dfc9511c4c123e048823de9954312c2b907c1,linux1804-64-shippable-qr,True,False,,|c|o|l|d| |f|i|s|s|i|o|n| |i|n|t|e|r|a|c|t|i|v|e| |w|e|b|r|e|n|d|e|r|,102210fe594ee9b33d82058545b1ed14f4c8206e,fcp,reddit-billgates-post-1.billg,True,reddit-billgates-post-1.billg fcp opt cold fission webrender,,77,ms,firefox,450425250.0,1856443575,2024-03-12 03:06:47,1391174,,,,,,,,,,,,,,,,,,,,,,,,,,,,,,,,,,,,,,,,,,,,,,,,,TN
2225,45bdb06ed9f6ae6b675b169c0b4dbd488363098d,0.1268621973929237,autoland,4060709,13,fd0dfc9511c4c123e048823de9954312c2b907c1,linux1804-64-shippable-qr,True,False,,|c|o|l|d| |f|i|s|s|i|o|n| |i|n|t|e|r|a|c|t|i|v|e| |w|e|b|r|e|n|d|e|r|,102210fe594ee9b33d82058545b1ed14f4c8206e,fcp,reddit-billgates-post-1.billg,True,reddit-billgates-post-1.billg fcp opt cold fission webrender,,77,ms,firefox,450433342.0,1856541741,2024-03-12 07:06:36,1391218,,,,,,,,,,,,,,,,,,,,,,,,,,,,,,,,,,,,,,,,,,,,,,,,,TN
2226,74baace7eeb366eee357e89b04dac7178961a2a9,0.15805400372439482,autoland,4060709,13,fd0dfc9511c4c123e048823de9954312c2b907c1,linux1804-64-shippable-qr,True,False,,|c|o|l|d| |f|i|s|s|i|o|n| |i|n|t|e|r|a|c|t|i|v|e| |w|e|b|r|e|n|d|e|r|,102210fe594ee9b33d82058545b1ed14f4c8206e,fcp,reddit-billgates-post-1.billg,True,reddit-billgates-post-1.billg fcp opt cold fission webrender,,77,ms,firefox,450571897.0,1857027746,2024-03-12 08:58:41,1391222,,,,,,,,,,,,,,,,,,,,,,,,,,,,,,,,,,,,,,,,,,,,,,,,,TN
2227,3e91ddebfb8efe05daac1d48ac4a3d30e0ec1885,0.14432029795158285,autoland,4060709,13,fd0dfc9511c4c123e048823de9954312c2b907c1,linux1804-64-shippable-qr,True,False,,|c|o|l|d| |f|i|s|s|i|o|n| |i|n|t|e|r|a|c|t|i|v|e| |w|e|b|r|e|n|d|e|r|,102210fe594ee9b33d82058545b1ed14f4c8206e,fcp,reddit-billgates-post-1.billg,True,reddit-billgates-post-1.billg fcp opt cold fission webrender,,77,ms,firefox,450571711.0,1856998963,2024-03-12 09:05:05,1391223,,,,,,,,,,,,,,,,,,,,,,,,,,,,,,,,,,,,,,,,,,,,,,,,,TN
2228,8c1e5f6bca5a8f2ab2297cff5c736e61d3a3bd27,0.13733705772811922,autoland,4060709,13,fd0dfc9511c4c123e048823de9954312c2b907c1,linux1804-64-shippable-qr,True,False,,|c|o|l|d| |f|i|s|s|i|o|n| |i|n|t|e|r|a|c|t|i|v|e| |w|e|b|r|e|n|d|e|r|,102210fe594ee9b33d82058545b1ed14f4c8206e,fcp,reddit-billgates-post-1.billg,True,reddit-billgates-post-1.billg fcp opt cold fission webrender,,77,ms,firefox,450458315.0,1856605579,2024-03-12 11:26:19,1391230,,,,,,,,,,,,,,,,,,,,,,,,,,,,,,,,,,,,,,,,,,,,,,,,,TN
2229,c93ce7649d8d7d874130caed9005d92be916b10e,0.0,autoland,4060709,13,fd0dfc9511c4c123e048823de9954312c2b907c1,linux1804-64-shippable-qr,True,False,,|c|o|l|d| |f|i|s|s|i|o|n| |i|n|t|e|r|a|c|t|i|v|e| |w|e|b|r|e|n|d|e|r|,102210fe594ee9b33d82058545b1ed14f4c8206e,fcp,reddit-billgates-post-1.billg,True,reddit-billgates-post-1.billg fcp opt cold fission webrender,,77,ms,firefox,450496045.0,1856713483,2024-03-12 14:58:20,1391396,,,,,,,,,,,,,,,,,,,,,,,,,,,,,,,,,,,,,,,,,,,,,,,,,TN
2230,48a907540cf263a7246d86efb7d4159c0b4597f5,0.125,autoland,4060709,13,fd0dfc9511c4c123e048823de9954312c2b907c1,linux1804-64-shippable-qr,True,False,,|c|o|l|d| |f|i|s|s|i|o|n| |i|n|t|e|r|a|c|t|i|v|e| |w|e|b|r|e|n|d|e|r|,102210fe594ee9b33d82058545b1ed14f4c8206e,fcp,reddit-billgates-post-1.billg,True,reddit-billgates-post-1.billg fcp opt cold fission webrender,,77,ms,firefox,450571593.0,1856996356,2024-03-12 15:04:24,1391401,,,,,,,,,,,,,,,,,,,,,,,,,,,,,,,,,,,,,,,,,,,,,,,,,TN
2231,06a229e6d63a6d3497e21a0c1fce3ed4d13e9733,0.16852886405959033,autoland,4060709,13,fd0dfc9511c4c123e048823de9954312c2b907c1,linux1804-64-shippable-qr,True,False,,|c|o|l|d| |f|i|s|s|i|o|n| |i|n|t|e|r|a|c|t|i|v|e| |w|e|b|r|e|n|d|e|r|,102210fe594ee9b33d82058545b1ed14f4c8206e,fcp,reddit-billgates-post-1.billg,True,reddit-billgates-post-1.billg fcp opt cold fission webrender,,77,ms,firefox,450571820.0,1857020151,2024-03-12 15:07:58,1391404,,,,,,,,,,,,,,,,,,,,,,,,,,,,,,,,,,,,,,,,,,,,,,,,,TN
2232,d91b0606279d7c22a0119cdc8061cdeffe233787,0.12174115456238366,autoland,4060709,13,fd0dfc9511c4c123e048823de9954312c2b907c1,linux1804-64-shippable-qr,True,False,,|c|o|l|d| |f|i|s|s|i|o|n| |i|n|t|e|r|a|c|t|i|v|e| |w|e|b|r|e|n|d|e|r|,102210fe594ee9b33d82058545b1ed14f4c8206e,fcp,reddit-billgates-post-1.billg,True,reddit-billgates-post-1.billg fcp opt cold fission webrender,,77,ms,firefox,450514849.0,1856789057,2024-03-12 19:37:06,1391673,,,,,,,,,,,,,,,,,,,,,,,,,,,,,,,,,,,,,,,,,,,,,,,,,TN
2233,bb96cef2989d78eaa9d2485bb379b29449a815b2,0.15526070763500932,autoland,4060709,13,fd0dfc9511c4c123e048823de9954312c2b907c1,linux1804-64-shippable-qr,True,False,,|c|o|l|d| |f|i|s|s|i|o|n| |i|n|t|e|r|a|c|t|i|v|e| |w|e|b|r|e|n|d|e|r|,102210fe594ee9b33d82058545b1ed14f4c8206e,fcp,reddit-billgates-post-1.billg,True,reddit-billgates-post-1.billg fcp opt cold fission webrender,,77,ms,firefox,450551792.0,1856925399,2024-03-12 23:13:34,1391824,,,,,,,,,,,,,,,,,,,,,,,,,,,,,,,,,,,,,,,,,,,,,,,,,TN
2234,2dfb9f01e06f190da79fb195ea51dac2be58dde7,0.11871508379888274,autoland,4060709,13,fd0dfc9511c4c123e048823de9954312c2b907c1,linux1804-64-shippable-qr,True,False,,|c|o|l|d| |f|i|s|s|i|o|n| |i|n|t|e|r|a|c|t|i|v|e| |w|e|b|r|e|n|d|e|r|,102210fe594ee9b33d82058545b1ed14f4c8206e,fcp,reddit-billgates-post-1.billg,True,reddit-billgates-post-1.billg fcp opt cold fission webrender,,77,ms,firefox,450582611.0,1857049117,2024-03-13 07:01:16,1392060,,,,,,,,,,,,,,,,,,,,,,,,,,,,,,,,,,,,,,,,,,,,,,,,,TN
2235,ae0da9180abdc1990832791041b323e05082f6f8,0.12476722532588458,autoland,4060709,13,fd0dfc9511c4c123e048823de9954312c2b907c1,linux1804-64-shippable-qr,True,False,,|c|o|l|d| |f|i|s|s|i|o|n| |i|n|t|e|r|a|c|t|i|v|e| |w|e|b|r|e|n|d|e|r|,102210fe594ee9b33d82058545b1ed14f4c8206e,fcp,reddit-billgates-post-1.billg,True,reddit-billgates-post-1.billg fcp opt cold fission webrender,,77,ms,firefox,450613099.0,1857218543,2024-03-13 11:15:45,1392165,,,,,,,,,,,,,,,,,,,,,,,,,,,,,,,,,,,,,,,,,,,,,,,,,TN
2236,49e9b26b528b94a9db43d4b65112add1268f64fc,0.10684357541899447,autoland,4060709,13,fd0dfc9511c4c123e048823de9954312c2b907c1,linux1804-64-shippable-qr,True,False,,|c|o|l|d| |f|i|s|s|i|o|n| |i|n|t|e|r|a|c|t|i|v|e| |w|e|b|r|e|n|d|e|r|,102210fe594ee9b33d82058545b1ed14f4c8206e,fcp,reddit-billgates-post-1.billg,True,reddit-billgates-post-1.billg fcp opt cold fission webrender,,77,ms,firefox,450641927.0,1857334026,2024-03-13 15:23:46,1392302,,,,,,,,,,,,,,,,,,,,,,,,,,,,,,,,,,,,,,,,,,,,,,,,,TN
2237,35c5c892ca1e96f731d20bc6edd310a5d4e13bad,0.11871508379888274,autoland,4060709,13,fd0dfc9511c4c123e048823de9954312c2b907c1,linux1804-64-shippable-qr,True,False,,|c|o|l|d| |f|i|s|s|i|o|n| |i|n|t|e|r|a|c|t|i|v|e| |w|e|b|r|e|n|d|e|r|,102210fe594ee9b33d82058545b1ed14f4c8206e,fcp,reddit-billgates-post-1.billg,True,reddit-billgates-post-1.billg fcp opt cold fission webrender,,77,ms,firefox,450646276.0,1857361397,2024-03-13 15:33:19,1392307,,,,,,,,,,,,,,,,,,,,,,,,,,,,,,,,,,,,,,,,,,,,,,,,,TN
2238,ebcab57cf7cd8a64a561c831dc4d1bf6694f82b8,0.1599162011173184,autoland,4060709,13,fd0dfc9511c4c123e048823de9954312c2b907c1,linux1804-64-shippable-qr,True,False,,|c|o|l|d| |f|i|s|s|i|o|n| |i|n|t|e|r|a|c|t|i|v|e| |w|e|b|r|e|n|d|e|r|,102210fe594ee9b33d82058545b1ed14f4c8206e,fcp,reddit-billgates-post-1.billg,True,reddit-billgates-post-1.billg fcp opt cold fission webrender,,77,ms,firefox,450658495.0,1857434974,2024-03-13 18:41:03,1392487,,,,,,,,,,,,,,,,,,,,,,,,,,,,,,,,,,,,,,,,,,,,,,,,,TN
2239,1f3b4df016ac965dd3a2c97cb547c495364fdeef,0.1354748603351955,autoland,4060709,13,fd0dfc9511c4c123e048823de9954312c2b907c1,linux1804-64-shippable-qr,True,False,,|c|o|l|d| |f|i|s|s|i|o|n| |i|n|t|e|r|a|c|t|i|v|e| |w|e|b|r|e|n|d|e|r|,102210fe594ee9b33d82058545b1ed14f4c8206e,fcp,reddit-billgates-post-1.billg,True,reddit-billgates-post-1.billg fcp opt cold fission webrender,,77,ms,firefox,450677751.0,1857539288,2024-03-13 21:49:05,1392594,,,,,,,,,,,,,,,,,,,,,,,,,,,,,,,,,,,,,,,,,,,,,,,,,TN
2240,2333872b0f5028fa1f0e9236440fe58df07a0235,0.13477653631284914,autoland,4060709,13,fd0dfc9511c4c123e048823de9954312c2b907c1,linux1804-64-shippable-qr,True,False,,|c|o|l|d| |f|i|s|s|i|o|n| |i|n|t|e|r|a|c|t|i|v|e| |w|e|b|r|e|n|d|e|r|,102210fe594ee9b33d82058545b1ed14f4c8206e,fcp,reddit-billgates-post-1.billg,True,reddit-billgates-post-1.billg fcp opt cold fission webrender,,77,ms,firefox,450710457.0,1857654662,2024-03-14 04:20:25,1392734,,,,,,,,,,,,,,,,,,,,,,,,,,,,,,,,,,,,,,,,,,,,,,,,,TN
2241,0c82ff77321a85c36f1c5b27c99d25bad8603028,0.15176908752327745,autoland,4060709,13,fd0dfc9511c4c123e048823de9954312c2b907c1,linux1804-64-shippable-qr,True,False,,|c|o|l|d| |f|i|s|s|i|o|n| |i|n|t|e|r|a|c|t|i|v|e| |w|e|b|r|e|n|d|e|r|,102210fe594ee9b33d82058545b1ed14f4c8206e,fcp,reddit-billgates-post-1.billg,True,reddit-billgates-post-1.billg fcp opt cold fission webrender,,77,ms,firefox,450724229.0,1857714856,2024-03-14 06:52:21,1392758,,,,,,,,,,,,,,,,,,,,,,,,,,,,,,,,,,,,,,,,,,,,,,,,,TN
2242,1f30bd08be619a6ea06444a2a6e36123f7baad65,0.138268156424581,autoland,4060709,13,fd0dfc9511c4c123e048823de9954312c2b907c1,linux1804-64-shippable-qr,True,False,,|c|o|l|d| |f|i|s|s|i|o|n| |i|n|t|e|r|a|c|t|i|v|e| |w|e|b|r|e|n|d|e|r|,102210fe594ee9b33d82058545b1ed14f4c8206e,fcp,reddit-billgates-post-1.billg,True,reddit-billgates-post-1.billg fcp opt cold fission webrender,,77,ms,firefox,450761404.0,1857840600,2024-03-14 10:59:46,1392883,,,,,,,,,,,,,,,,,,,,,,,,,,,,,,,,,,,,,,,,,,,,,,,,,TN
2243,bbf56ec305f01be8420bbfe6d13e34ec85bf45d6,0.143854748603352,autoland,4060709,13,fd0dfc9511c4c123e048823de9954312c2b907c1,linux1804-64-shippable-qr,True,False,,|c|o|l|d| |f|i|s|s|i|o|n| |i|n|t|e|r|a|c|t|i|v|e| |w|e|b|r|e|n|d|e|r|,102210fe594ee9b33d82058545b1ed14f4c8206e,fcp,reddit-billgates-post-1.billg,True,reddit-billgates-post-1.billg fcp opt cold fission webrender,,77,ms,firefox,450859346.0,1858320285,2024-03-14 14:03:42,1392963,,,,,,,,,,,,,,,,,,,,,,,,,,,,,,,,,,,,,,,,,,,,,,,,,TN
2244,284c6596726d5dc4300413356fa75acde7f6dedd,0.15851955307262566,autoland,4060709,13,fd0dfc9511c4c123e048823de9954312c2b907c1,linux1804-64-shippable-qr,True,False,,|c|o|l|d| |f|i|s|s|i|o|n| |i|n|t|e|r|a|c|t|i|v|e| |w|e|b|r|e|n|d|e|r|,102210fe594ee9b33d82058545b1ed14f4c8206e,fcp,reddit-billgates-post-1.billg,True,reddit-billgates-post-1.billg fcp opt cold fission webrender,,77,ms,firefox,450859651.0,1858340972,2024-03-14 14:08:54,1392971,,,,,,,,,,,,,,,,,,,,,,,,,,,,,,,,,,,,,,,,,,,,,,,,,TN
2245,e172f064ce25ea0f25f8bd0f418f3370ee51e17f,0.14338919925512106,autoland,4060709,13,fd0dfc9511c4c123e048823de9954312c2b907c1,linux1804-64-shippable-qr,True,False,,|c|o|l|d| |f|i|s|s|i|o|n| |i|n|t|e|r|a|c|t|i|v|e| |w|e|b|r|e|n|d|e|r|,102210fe594ee9b33d82058545b1ed14f4c8206e,fcp,reddit-billgates-post-1.billg,True,reddit-billgates-post-1.billg fcp opt cold fission webrender,,77,ms,firefox,450859437.0,1858337683,2024-03-14 14:09:44,1392974,,,,,,,,,,,,,,,,,,,,,,,,,,,,,,,,,,,,,,,,,,,,,,,,,TN
2246,e0d1a1dbfd5c36a2527b566ff831a989ca5ae5f5,0.15549348230912474,autoland,4060709,13,fd0dfc9511c4c123e048823de9954312c2b907c1,linux1804-64-shippable-qr,True,False,,|c|o|l|d| |f|i|s|s|i|o|n| |i|n|t|e|r|a|c|t|i|v|e| |w|e|b|r|e|n|d|e|r|,102210fe594ee9b33d82058545b1ed14f4c8206e,fcp,reddit-billgates-post-1.billg,True,reddit-billgates-post-1.billg fcp opt cold fission webrender,,77,ms,firefox,450804515.0,1857998605,2024-03-14 17:45:33,1393195,,,,,,,,,,,,,,,,,,,,,,,,,,,,,,,,,,,,,,,,,,,,,,,,,TN
2247,02dd9b09a010712f21eedc050648369c27e2a8ef,0.1184823091247672,autoland,4060709,13,fd0dfc9511c4c123e048823de9954312c2b907c1,linux1804-64-shippable-qr,True,False,,|c|o|l|d| |f|i|s|s|i|o|n| |i|n|t|e|r|a|c|t|i|v|e| |w|e|b|r|e|n|d|e|r|,102210fe594ee9b33d82058545b1ed14f4c8206e,fcp,reddit-billgates-post-1.billg,True,reddit-billgates-post-1.billg fcp opt cold fission webrender,,77,ms,firefox,450859978.0,1858351881,2024-03-14 20:45:39,1393290,,,,,,,,,,,,,,,,,,,,,,,,,,,,,,,,,,,,,,,,,,,,,,,,,TN
2248,65df374506551b71fd3759cdb913ccc38d3900ea,0.12802607076350092,autoland,4060709,13,fd0dfc9511c4c123e048823de9954312c2b907c1,linux1804-64-shippable-qr,True,False,,|c|o|l|d| |f|i|s|s|i|o|n| |i|n|t|e|r|a|c|t|i|v|e| |w|e|b|r|e|n|d|e|r|,102210fe594ee9b33d82058545b1ed14f4c8206e,fcp,reddit-billgates-post-1.billg,True,reddit-billgates-post-1.billg fcp opt cold fission webrender,,77,ms,firefox,450853211.0,1858290312,2024-03-14 20:46:30,1393291,,,,,,,,,,,,,,,,,,,,,,,,,,,,,,,,,,,,,,,,,,,,,,,,,TN
2249,278273f1c1fdca23ad419f0bd277a616aa240d1e,0.14315642458100564,autoland,4060709,13,fd0dfc9511c4c123e048823de9954312c2b907c1,linux1804-64-shippable-qr,True,False,,|c|o|l|d| |f|i|s|s|i|o|n| |i|n|t|e|r|a|c|t|i|v|e| |w|e|b|r|e|n|d|e|r|,102210fe594ee9b33d82058545b1ed14f4c8206e,fcp,reddit-billgates-post-1.billg,True,reddit-billgates-post-1.billg fcp opt cold fission webrender,,77,ms,firefox,450826747.0,1858083628,2024-03-14 21:51:03,1393332,,,,,,,,,,,,,,,,,,,,,,,,,,,,,,,,,,,,,,,,,,,,,,,,,TN
2250,e18af9ec05f36a6f63a2e3889d5bc27f11be4267,0.13873370577281186,autoland,4060709,13,fd0dfc9511c4c123e048823de9954312c2b907c1,linux1804-64-shippable-qr,True,False,,|c|o|l|d| |f|i|s|s|i|o|n| |i|n|t|e|r|a|c|t|i|v|e| |w|e|b|r|e|n|d|e|r|,102210fe594ee9b33d82058545b1ed14f4c8206e,fcp,reddit-billgates-post-1.billg,True,reddit-billgates-post-1.billg fcp opt cold fission webrender,,77,ms,firefox,450846293.0,1858157451,2024-03-15 00:00:33,1393414,,,,,,,,,,,,,,,,,,,,,,,,,,,,,,,,,,,,,,,,,,,,,,,,,TN
2251,be3fca116905314a5c3ce1953ed6d67269b2ea13,0.1389664804469274,autoland,4060709,13,fd0dfc9511c4c123e048823de9954312c2b907c1,linux1804-64-shippable-qr,True,False,,|c|o|l|d| |f|i|s|s|i|o|n| |i|n|t|e|r|a|c|t|i|v|e| |w|e|b|r|e|n|d|e|r|,102210fe594ee9b33d82058545b1ed14f4c8206e,fcp,reddit-billgates-post-1.billg,True,reddit-billgates-post-1.billg fcp opt cold fission webrender,,77,ms,firefox,450979981.0,1858857365,2024-03-15 00:02:35,1393418,,,,,,,,,,,,,,,,,,,,,,,,,,,,,,,,,,,,,,,,,,,,,,,,,TN
2252,a4b18fc0529b53bf1ce429dbb5bc790ea118db90,0.1522346368715084,autoland,4060709,13,fd0dfc9511c4c123e048823de9954312c2b907c1,linux1804-64-shippable-qr,True,False,,|c|o|l|d| |f|i|s|s|i|o|n| |i|n|t|e|r|a|c|t|i|v|e| |w|e|b|r|e|n|d|e|r|,102210fe594ee9b33d82058545b1ed14f4c8206e,fcp,reddit-billgates-post-1.billg,True,reddit-billgates-post-1.billg fcp opt cold fission webrender,,77,ms,firefox,450980436.0,1858866843,2024-03-15 00:03:24,1393419,,,,,,,,,,,,,,,,,,,,,,,,,,,,,,,,,,,,,,,,,,,,,,,,,TN
2253,0eb2b661743e4b5d2ed6cf61116bc5ade9da405b,0.13361266294227192,autoland,4060709,13,fd0dfc9511c4c123e048823de9954312c2b907c1,linux1804-64-shippable-qr,True,False,,|c|o|l|d| |f|i|s|s|i|o|n| |i|n|t|e|r|a|c|t|i|v|e| |w|e|b|r|e|n|d|e|r|,102210fe594ee9b33d82058545b1ed14f4c8206e,fcp,reddit-billgates-post-1.billg,True,reddit-billgates-post-1.billg fcp opt cold fission webrender,,77,ms,firefox,450867778.0,1858379984,2024-03-15 06:02:39,1393511,,,,,,,,,,,,,,,,,,,,,,,,,,,,,,,,,,,,,,,,,,,,,,,,,TN
2254,02d8b0bd788352c236ca20d0163498e5ee3faa07,0.15851955307262566,autoland,4060709,13,fd0dfc9511c4c123e048823de9954312c2b907c1,linux1804-64-shippable-qr,True,False,,|c|o|l|d| |f|i|s|s|i|o|n| |i|n|t|e|r|a|c|t|i|v|e| |w|e|b|r|e|n|d|e|r|,102210fe594ee9b33d82058545b1ed14f4c8206e,fcp,reddit-billgates-post-1.billg,True,reddit-billgates-post-1.billg fcp opt cold fission webrender,,77,ms,firefox,450882000.0,1858443771,2024-03-15 09:39:32,1393552,,,,,,,,,,,,,,,,,,,,,,,,,,,,,,,,,,,,,,,,,,,,,,,,,TN
2255,4b69d32113781e4489234ce2c9cf8f5b5dcbce5a,0.11941340782122911,autoland,4060709,13,fd0dfc9511c4c123e048823de9954312c2b907c1,linux1804-64-shippable-qr,True,False,,|c|o|l|d| |f|i|s|s|i|o|n| |i|n|t|e|r|a|c|t|i|v|e| |w|e|b|r|e|n|d|e|r|,102210fe594ee9b33d82058545b1ed14f4c8206e,fcp,reddit-billgates-post-1.billg,True,reddit-billgates-post-1.billg fcp opt cold fission webrender,,77,ms,firefox,450908904.0,1858557792,2024-03-15 14:14:34,1393636,,,,,,,,,,,,,,,,,,,,,,,,,,,,,,,,,,,,,,,,,,,,,,,,,TN
2256,eff5ebeb21a902d6ed24f356b4a4b41e89ff1172,0.1599162011173184,autoland,4060709,13,fd0dfc9511c4c123e048823de9954312c2b907c1,linux1804-64-shippable-qr,True,False,,|c|o|l|d| |f|i|s|s|i|o|n| |i|n|t|e|r|a|c|t|i|v|e| |w|e|b|r|e|n|d|e|r|,102210fe594ee9b33d82058545b1ed14f4c8206e,fcp,reddit-billgates-post-1.billg,True,reddit-billgates-post-1.billg fcp opt cold fission webrender,,77,ms,firefox,450926516.0,1858608756,2024-03-15 16:14:11,1393715,,,,,,,,,,,,,,,,,,,,,,,,,,,,,,,,,,,,,,,,,,,,,,,,,TN
2257,f4367b1826eb51a4bbcde0cd6ae1a5b1644115d0,0.15479515828677837,autoland,4060709,13,fd0dfc9511c4c123e048823de9954312c2b907c1,linux1804-64-shippable-qr,True,False,,|c|o|l|d| |f|i|s|s|i|o|n| |i|n|t|e|r|a|c|t|i|v|e| |w|e|b|r|e|n|d|e|r|,102210fe594ee9b33d82058545b1ed14f4c8206e,fcp,reddit-billgates-post-1.billg,True,reddit-billgates-post-1.billg fcp opt cold fission webrender,,77,ms,firefox,450952736.0,1858716771,2024-03-15 20:55:49,1393941,,,,,,,,,,,,,,,,,,,,,,,,,,,,,,,,,,,,,,,,,,,,,,,,,TN
2258,bbe046e25d1447071e399f377b669bbe9cbf3bf3,0.13663873370577273,autoland,4060709,13,fd0dfc9511c4c123e048823de9954312c2b907c1,linux1804-64-shippable-qr,True,False,,|c|o|l|d| |f|i|s|s|i|o|n| |i|n|t|e|r|a|c|t|i|v|e| |w|e|b|r|e|n|d|e|r|,102210fe594ee9b33d82058545b1ed14f4c8206e,fcp,reddit-billgates-post-1.billg,True,reddit-billgates-post-1.billg fcp opt cold fission webrender,,77,ms,firefox,450975058.0,1858822180,2024-03-16 01:29:19,1394036,,,,,,,,,,,,,,,,,,,,,,,,,,,,,,,,,,,,,,,,,,,,,,,,,TN
2259,a7134d792577d5d0529bf81b769c32138f7bb0c0,0.14501862197392923,autoland,4060709,13,fd0dfc9511c4c123e048823de9954312c2b907c1,linux1804-64-shippable-qr,True,False,,|c|o|l|d| |f|i|s|s|i|o|n| |i|n|t|e|r|a|c|t|i|v|e| |w|e|b|r|e|n|d|e|r|,102210fe594ee9b33d82058545b1ed14f4c8206e,fcp,reddit-billgates-post-1.billg,True,reddit-billgates-post-1.billg fcp opt cold fission webrender,,77,ms,firefox,450981174.0,1858877925,2024-03-16 06:01:10,1394058,,,,,,,,,,,,,,,,,,,,,,,,,,,,,,,,,,,,,,,,,,,,,,,,,TN
2260,a65344e02551e44aca46a84016a3a07cce9d23e6,0.18645251396648044,autoland,4060709,13,fd0dfc9511c4c123e048823de9954312c2b907c1,linux1804-64-shippable-qr,True,False,,|c|o|l|d| |f|i|s|s|i|o|n| |i|n|t|e|r|a|c|t|i|v|e| |w|e|b|r|e|n|d|e|r|,102210fe594ee9b33d82058545b1ed14f4c8206e,fcp,reddit-billgates-post-1.billg,True,reddit-billgates-post-1.billg fcp opt cold fission webrender,,77,ms,firefox,451016308.0,1859003916,2024-03-16 15:16:53,1394103,,,,,,,,,,,,,,,,,,,,,,,,,,,,,,,,,,,,,,,,,,,,,,,,,TN
2261,bc06944d050ccff5aed2248b83d51d946814e90d,0.15013966480446927,autoland,4060709,13,fd0dfc9511c4c123e048823de9954312c2b907c1,linux1804-64-shippable-qr,True,False,,|c|o|l|d| |f|i|s|s|i|o|n| |i|n|t|e|r|a|c|t|i|v|e| |w|e|b|r|e|n|d|e|r|,102210fe594ee9b33d82058545b1ed14f4c8206e,fcp,reddit-billgates-post-1.billg,True,reddit-billgates-post-1.billg fcp opt cold fission webrender,,77,ms,firefox,451021549.0,1859041566,2024-03-16 21:40:10,1394130,,,,,,,,,,,,,,,,,,,,,,,,,,,,,,,,,,,,,,,,,,,,,,,,,TN
2262,7ef716435af3dee46482a893f4a3b29a4d3faafe,0.13500931098696467,autoland,4060709,13,fd0dfc9511c4c123e048823de9954312c2b907c1,linux1804-64-shippable-qr,True,False,,|c|o|l|d| |f|i|s|s|i|o|n| |i|n|t|e|r|a|c|t|i|v|e| |w|e|b|r|e|n|d|e|r|,102210fe594ee9b33d82058545b1ed14f4c8206e,fcp,reddit-billgates-post-1.billg,True,reddit-billgates-post-1.billg fcp opt cold fission webrender,,77,ms,firefox,451041632.0,1859126845,2024-03-17 07:03:06,1394146,,,,,,,,,,,,,,,,,,,,,,,,,,,,,,,,,,,,,,,,,,,,,,,,,TN
2263,47d63b18299914bf2eecdeb64fe8df0a52605aec,0.14734636871508378,autoland,4060709,13,fd0dfc9511c4c123e048823de9954312c2b907c1,linux1804-64-shippable-qr,True,False,,|c|o|l|d| |f|i|s|s|i|o|n| |i|n|t|e|r|a|c|t|i|v|e| |w|e|b|r|e|n|d|e|r|,102210fe594ee9b33d82058545b1ed14f4c8206e,fcp,reddit-billgates-post-1.billg,True,reddit-billgates-post-1.billg fcp opt cold fission webrender,,77,ms,firefox,451050789.0,1859152329,2024-03-17 13:56:17,1394162,,,,,,,,,,,,,,,,,,,,,,,,,,,,,,,,,,,,,,,,,,,,,,,,,TN
2264,164fcac77feead59372521b0072049f25a4c9692,0.14734636871508378,autoland,4060709,13,fd0dfc9511c4c123e048823de9954312c2b907c1,linux1804-64-shippable-qr,True,False,,|c|o|l|d| |f|i|s|s|i|o|n| |i|n|t|e|r|a|c|t|i|v|e| |w|e|b|r|e|n|d|e|r|,102210fe594ee9b33d82058545b1ed14f4c8206e,fcp,reddit-billgates-post-1.billg,True,reddit-billgates-post-1.billg fcp opt cold fission webrender,,77,ms,firefox,451055788.0,1859182141,2024-03-17 19:02:19,1394171,,,,,,,,,,,,,,,,,,,,,,,,,,,,,,,,,,,,,,,,,,,,,,,,,TN
2265,469d4a744966c133ae480dc66643d47b77aa3209,0.13966480446927376,autoland,4060709,13,fd0dfc9511c4c123e048823de9954312c2b907c1,linux1804-64-shippable-qr,True,False,,|c|o|l|d| |f|i|s|s|i|o|n| |i|n|t|e|r|a|c|t|i|v|e| |w|e|b|r|e|n|d|e|r|,102210fe594ee9b33d82058545b1ed14f4c8206e,fcp,reddit-billgates-post-1.billg,True,reddit-billgates-post-1.billg fcp opt cold fission webrender,,77,ms,firefox,451076330.0,1859301800,2024-03-18 01:14:25,1394186,,,,,,,,,,,,,,,,,,,,,,,,,,,,,,,,,,,,,,,,,,,,,,,,,TN
2266,9ae71156ef3c731f44e2af8d1d9c34b7eb7c6c9b,0.14711359404096835,autoland,4060709,13,fd0dfc9511c4c123e048823de9954312c2b907c1,linux1804-64-shippable-qr,True,False,,|c|o|l|d| |f|i|s|s|i|o|n| |i|n|t|e|r|a|c|t|i|v|e| |w|e|b|r|e|n|d|e|r|,102210fe594ee9b33d82058545b1ed14f4c8206e,fcp,reddit-billgates-post-1.billg,True,reddit-billgates-post-1.billg fcp opt cold fission webrender,,77,ms,firefox,451086288.0,1859387969,2024-03-18 07:02:14,1394207,,,,,,,,,,,,,,,,,,,,,,,,,,,,,,,,,,,,,,,,,,,,,,,,,TN
2267,d3946837037d31a7b6f83b1977e57c4ea384c904,0.1503724394785847,autoland,4060709,13,fd0dfc9511c4c123e048823de9954312c2b907c1,linux1804-64-shippable-qr,True,False,,|c|o|l|d| |f|i|s|s|i|o|n| |i|n|t|e|r|a|c|t|i|v|e| |w|e|b|r|e|n|d|e|r|,102210fe594ee9b33d82058545b1ed14f4c8206e,fcp,reddit-billgates-post-1.billg,True,reddit-billgates-post-1.billg fcp opt cold fission webrender,,77,ms,firefox,451100888.0,1859452784,2024-03-18 09:15:45,1394248,,,,,,,,,,,,,,,,,,,,,,,,,,,,,,,,,,,,,,,,,,,,,,,,,TN
2268,9a84c7a992c26cd844507c8b4a7215e1aa1dd56e,0.13198324022346364,autoland,4060709,13,fd0dfc9511c4c123e048823de9954312c2b907c1,linux1804-64-shippable-qr,True,False,,|c|o|l|d| |f|i|s|s|i|o|n| |i|n|t|e|r|a|c|t|i|v|e| |w|e|b|r|e|n|d|e|r|,102210fe594ee9b33d82058545b1ed14f4c8206e,fcp,reddit-billgates-post-1.billg,True,reddit-billgates-post-1.billg fcp opt cold fission webrender,,77,ms,firefox,451155894.0,1859648348,2024-03-18 16:13:31,1394426,,,,,,,,,,,,,,,,,,,,,,,,,,,,,,,,,,,,,,,,,,,,,,,,,TN
2269,ab4a4d632bcfcdcb0f37c6791a75467e73c47795,0.15432960893854752,autoland,4060709,13,fd0dfc9511c4c123e048823de9954312c2b907c1,linux1804-64-shippable-qr,True,False,,|c|o|l|d| |f|i|s|s|i|o|n| |i|n|t|e|r|a|c|t|i|v|e| |w|e|b|r|e|n|d|e|r|,102210fe594ee9b33d82058545b1ed14f4c8206e,fcp,reddit-billgates-post-1.billg,True,reddit-billgates-post-1.billg fcp opt cold fission webrender,,77,ms,firefox,451165947.0,1859707248,2024-03-18 17:45:54,1394460,,,,,,,,,,,,,,,,,,,,,,,,,,,,,,,,,,,,,,,,,,,,,,,,,TN
2270,3d0c771e9c28d7bad460e8683406e4a832de5d93,0.14897579143389195,autoland,4060709,13,fd0dfc9511c4c123e048823de9954312c2b907c1,linux1804-64-shippable-qr,True,False,,|c|o|l|d| |f|i|s|s|i|o|n| |i|n|t|e|r|a|c|t|i|v|e| |w|e|b|r|e|n|d|e|r|,102210fe594ee9b33d82058545b1ed14f4c8206e,fcp,reddit-billgates-post-1.billg,True,reddit-billgates-post-1.billg fcp opt cold fission webrender,,77,ms,firefox,451196285.0,1859823081,2024-03-18 20:20:59,1394525,,,,,,,,,,,,,,,,,,,,,,,,,,,,,,,,,,,,,,,,,,,,,,,,,TN
2271,0febedb51783638cc944e4b495547ccfedb4c43f,0.14432029795158285,autoland,4060709,13,fd0dfc9511c4c123e048823de9954312c2b907c1,linux1804-64-shippable-qr,True,False,,|c|o|l|d| |f|i|s|s|i|o|n| |i|n|t|e|r|a|c|t|i|v|e| |w|e|b|r|e|n|d|e|r|,102210fe594ee9b33d82058545b1ed14f4c8206e,fcp,reddit-billgates-post-1.billg,True,reddit-billgates-post-1.billg fcp opt cold fission webrender,,77,ms,firefox,451221527.0,1859935351,2024-03-19 01:00:45,1394573,,,,,,,,,,,,,,,,,,,,,,,,,,,,,,,,,,,,,,,,,,,,,,,,,TN
2272,0fbe242e1d975dcdea4df1bc8187bd9ecfe80291,0.13035381750465547,autoland,4060709,13,fd0dfc9511c4c123e048823de9954312c2b907c1,linux1804-64-shippable-qr,True,False,,|c|o|l|d| |f|i|s|s|i|o|n| |i|n|t|e|r|a|c|t|i|v|e| |w|e|b|r|e|n|d|e|r|,102210fe594ee9b33d82058545b1ed14f4c8206e,fcp,reddit-billgates-post-1.billg,True,reddit-billgates-post-1.billg fcp opt cold fission webrender,,77,ms,firefox,451248570.0,1860055939,2024-03-19 06:03:35,1394632,,,,,,,,,,,,,,,,,,,,,,,,,,,,,,,,,,,,,,,,,,,,,,,,,TN
2273,bd45b4ccb1292ec35d0fb6c623cb70b62fecd87b,0.1212756052141527,autoland,4060709,13,fd0dfc9511c4c123e048823de9954312c2b907c1,linux1804-64-shippable-qr,True,False,,|c|o|l|d| |f|i|s|s|i|o|n| |i|n|t|e|r|a|c|t|i|v|e| |w|e|b|r|e|n|d|e|r|,102210fe594ee9b33d82058545b1ed14f4c8206e,fcp,reddit-billgates-post-1.billg,True,reddit-billgates-post-1.billg fcp opt cold fission webrender,,77,ms,firefox,451256851.0,1860083709,2024-03-19 08:17:39,1394665,,,,,,,,,,,,,,,,,,,,,,,,,,,,,,,,,,,,,,,,,,,,,,,,,TN
2274,a4280d9d04d7841f3a7286d7cb6d9667ed276e03,0.14641527001862198,autoland,4060709,13,fd0dfc9511c4c123e048823de9954312c2b907c1,linux1804-64-shippable-qr,True,False,,|c|o|l|d| |f|i|s|s|i|o|n| |i|n|t|e|r|a|c|t|i|v|e| |w|e|b|r|e|n|d|e|r|,102210fe594ee9b33d82058545b1ed14f4c8206e,fcp,reddit-billgates-post-1.billg,True,reddit-billgates-post-1.billg fcp opt cold fission webrender,,77,ms,firefox,451288366.0,1860171123,2024-03-19 11:15:16,1394711,,,,,,,,,,,,,,,,,,,,,,,,,,,,,,,,,,,,,,,,,,,,,,,,,TN
2275,43d89580ba9c295f67bc3df94ba1aac23b435b63,0.14036312849162014,autoland,4060709,13,fd0dfc9511c4c123e048823de9954312c2b907c1,linux1804-64-shippable-qr,True,False,,|c|o|l|d| |f|i|s|s|i|o|n| |i|n|t|e|r|a|c|t|i|v|e| |w|e|b|r|e|n|d|e|r|,102210fe594ee9b33d82058545b1ed14f4c8206e,fcp,reddit-billgates-post-1.billg,True,reddit-billgates-post-1.billg fcp opt cold fission webrender,,77,ms,firefox,451320600.0,1860253847,2024-03-19 13:28:22,1394763,,,,,,,,,,,,,,,,,,,,,,,,,,,,,,,,,,,,,,,,,,,,,,,,,TN
2276,f1fbe41260ccd8c334edcef9a356b9484bd15710,0.12337057728119183,autoland,4060709,13,fd0dfc9511c4c123e048823de9954312c2b907c1,linux1804-64-shippable-qr,True,False,,|c|o|l|d| |f|i|s|s|i|o|n| |i|n|t|e|r|a|c|t|i|v|e| |w|e|b|r|e|n|d|e|r|,102210fe594ee9b33d82058545b1ed14f4c8206e,fcp,reddit-billgates-post-1.billg,True,reddit-billgates-post-1.billg fcp opt cold fission webrender,,77,ms,firefox,451423672.0,1860753375,2024-03-19 17:01:41,1394871,,,,,,,,,,,,,,,,,,,,,,,,,,,,,,,,,,,,,,,,,,,,,,,,,TN
2277,90c7bb425e9215f104b1646f0cb78f064eee85b8,0.1429236499068901,autoland,4060709,13,fd0dfc9511c4c123e048823de9954312c2b907c1,linux1804-64-shippable-qr,True,False,,|c|o|l|d| |f|i|s|s|i|o|n| |i|n|t|e|r|a|c|t|i|v|e| |w|e|b|r|e|n|d|e|r|,102210fe594ee9b33d82058545b1ed14f4c8206e,fcp,reddit-billgates-post-1.billg,True,reddit-billgates-post-1.billg fcp opt cold fission webrender,,77,ms,firefox,451425104.0,1860783125,2024-03-19 17:02:34,1394872,,,,,,,,,,,,,,,,,,,,,,,,,,,,,,,,,,,,,,,,,,,,,,,,,TN
2278,3d4f500d317cd4c54e93299c01efed1c4354deb7,0.16503724394785846,autoland,4060709,13,fd0dfc9511c4c123e048823de9954312c2b907c1,linux1804-64-shippable-qr,True,False,,|c|o|l|d| |f|i|s|s|i|o|n| |i|n|t|e|r|a|c|t|i|v|e| |w|e|b|r|e|n|d|e|r|,102210fe594ee9b33d82058545b1ed14f4c8206e,fcp,reddit-billgates-post-1.billg,True,reddit-billgates-post-1.billg fcp opt cold fission webrender,,77,ms,firefox,451361236.0,1860430069,2024-03-19 17:03:22,1394873,,,,,,,,,,,,,,,,,,,,,,,,,,,,,,,,,,,,,,,,,,,,,,,,,TN
2279,075d02b3d330cb754d21972246fd20adb3ec0b41,0.1419925512104283,autoland,4060709,13,fd0dfc9511c4c123e048823de9954312c2b907c1,linux1804-64-shippable-qr,True,False,,|c|o|l|d| |f|i|s|s|i|o|n| |i|n|t|e|r|a|c|t|i|v|e| |w|e|b|r|e|n|d|e|r|,102210fe594ee9b33d82058545b1ed14f4c8206e,fcp,reddit-billgates-post-1.billg,True,reddit-billgates-post-1.billg fcp opt cold fission webrender,,77,ms,firefox,451423883.0,1860757350,2024-03-19 17:10:24,1394878,,,,,,,,,,,,,,,,,,,,,,,,,,,,,,,,,,,,,,,,,,,,,,,,,TN
2280,b2f4fc8e6b027e886b2e54c0810b8338eae1f9a0,0.15479515828677837,autoland,4060709,13,fd0dfc9511c4c123e048823de9954312c2b907c1,linux1804-64-shippable-qr,True,False,,|c|o|l|d| |f|i|s|s|i|o|n| |i|n|t|e|r|a|c|t|i|v|e| |w|e|b|r|e|n|d|e|r|,102210fe594ee9b33d82058545b1ed14f4c8206e,fcp,reddit-billgates-post-1.billg,True,reddit-billgates-post-1.billg fcp opt cold fission webrender,,77,ms,firefox,451423537.0,1860738638,2024-03-19 17:11:12,1394879,,,,,,,,,,,,,,,,,,,,,,,,,,,,,,,,,,,,,,,,,,,,,,,,,TN
2281,a87db3b698e19b65bc001936fc7a8b80239a25dd,0.14990689013035385,autoland,4060709,13,fd0dfc9511c4c123e048823de9954312c2b907c1,linux1804-64-shippable-qr,True,False,,|c|o|l|d| |f|i|s|s|i|o|n| |i|n|t|e|r|a|c|t|i|v|e| |w|e|b|r|e|n|d|e|r|,102210fe594ee9b33d82058545b1ed14f4c8206e,fcp,reddit-billgates-post-1.billg,True,reddit-billgates-post-1.billg fcp opt cold fission webrender,,77,ms,firefox,451591334.0,1861398263,2024-03-19 19:46:44,1394942,,,,,,,,,,,,,,,,,,,,,,,,,,,,,,,,,,,,,,,,,,,,,,,,,TN
2282,f5ac2d368c7d44f585bea0397dedcd879e2b8ab4,0.1475791433891993,autoland,4060709,13,fd0dfc9511c4c123e048823de9954312c2b907c1,linux1804-64-shippable-qr,True,False,,|c|o|l|d| |f|i|s|s|i|o|n| |i|n|t|e|r|a|c|t|i|v|e| |w|e|b|r|e|n|d|e|r|,102210fe594ee9b33d82058545b1ed14f4c8206e,fcp,reddit-billgates-post-1.billg,True,reddit-billgates-post-1.billg fcp opt cold fission webrender,,77,ms,firefox,451584523.0,1861358882,2024-03-19 19:47:51,1394944,,,,,,,,,,,,,,,,,,,,,,,,,,,,,,,,,,,,,,,,,,,,,,,,,TN
2283,7c0de707e2a448dd3846c81f12ee9bae3ebca9d3,0.12150837988826813,autoland,4060709,13,fd0dfc9511c4c123e048823de9954312c2b907c1,linux1804-64-shippable-qr,True,False,,|c|o|l|d| |f|i|s|s|i|o|n| |i|n|t|e|r|a|c|t|i|v|e| |w|e|b|r|e|n|d|e|r|,102210fe594ee9b33d82058545b1ed14f4c8206e,fcp,reddit-billgates-post-1.billg,True,reddit-billgates-post-1.billg fcp opt cold fission webrender,,77,ms,firefox,451377543.0,1860504533,2024-03-19 19:48:40,1394945,,,,,,,,,,,,,,,,,,,,,,,,,,,,,,,,,,,,,,,,,,,,,,,,,TN
2284,acccc0eb50c9a1111b4f152c608de7a230877385,0.16596834264432037,autoland,4060709,13,fd0dfc9511c4c123e048823de9954312c2b907c1,linux1804-64-shippable-qr,True,False,,|c|o|l|d| |f|i|s|s|i|o|n| |i|n|t|e|r|a|c|t|i|v|e| |w|e|b|r|e|n|d|e|r|,102210fe594ee9b33d82058545b1ed14f4c8206e,fcp,reddit-billgates-post-1.billg,True,reddit-billgates-post-1.billg fcp opt cold fission webrender,,77,ms,firefox,451426491.0,1860788339,2024-03-19 19:50:51,1394948,,,,,,,,,,,,,,,,,,,,,,,,,,,,,,,,,,,,,,,,,,,,,,,,,TN
2285,8cd1f5a5caf1d710563af9a6e3a77a1371d35d0f,0.14990689013035385,autoland,4060709,13,fd0dfc9511c4c123e048823de9954312c2b907c1,linux1804-64-shippable-qr,True,False,,|c|o|l|d| |f|i|s|s|i|o|n| |i|n|t|e|r|a|c|t|i|v|e| |w|e|b|r|e|n|d|e|r|,102210fe594ee9b33d82058545b1ed14f4c8206e,fcp,reddit-billgates-post-1.billg,True,reddit-billgates-post-1.billg fcp opt cold fission webrender,,77,ms,firefox,451423417.0,1860701691,2024-03-19 19:55:18,1394950,,,,,,,,,,,,,,,,,,,,,,,,,,,,,,,,,,,,,,,,,,,,,,,,,TN
2286,25a7b6dcdd27704494317e01334be69707ff521f,0.15898510242085662,autoland,4060709,13,fd0dfc9511c4c123e048823de9954312c2b907c1,linux1804-64-shippable-qr,True,False,,|c|o|l|d| |f|i|s|s|i|o|n| |i|n|t|e|r|a|c|t|i|v|e| |w|e|b|r|e|n|d|e|r|,102210fe594ee9b33d82058545b1ed14f4c8206e,fcp,reddit-billgates-post-1.billg,True,reddit-billgates-post-1.billg fcp opt cold fission webrender,,77,ms,firefox,451409815.0,1860641585,2024-03-20 00:04:56,1395012,,,,,,,,,,,,,,,,,,,,,,,,,,,,,,,,,,,,,,,,,,,,,,,,,TN
2287,dbb1856b4f3345f0353d4ea33ed0f83a90420827,0.14594972067039103,autoland,4060709,13,fd0dfc9511c4c123e048823de9954312c2b907c1,linux1804-64-shippable-qr,True,False,,|c|o|l|d| |f|i|s|s|i|o|n| |i|n|t|e|r|a|c|t|i|v|e| |w|e|b|r|e|n|d|e|r|,102210fe594ee9b33d82058545b1ed14f4c8206e,fcp,reddit-billgates-post-1.billg,True,reddit-billgates-post-1.billg fcp opt cold fission webrender,,77,ms,firefox,451431449.0,1860805462,2024-03-20 06:31:28,1395067,,,,,,,,,,,,,,,,,,,,,,,,,,,,,,,,,,,,,,,,,,,,,,,,,TN
2288,89f62e190e69ddb95685488010b5807b31491168,0.1391992551210428,autoland,4060709,13,fd0dfc9511c4c123e048823de9954312c2b907c1,linux1804-64-shippable-qr,True,False,,|c|o|l|d| |f|i|s|s|i|o|n| |i|n|t|e|r|a|c|t|i|v|e| |w|e|b|r|e|n|d|e|r|,102210fe594ee9b33d82058545b1ed14f4c8206e,fcp,reddit-billgates-post-1.billg,True,reddit-billgates-post-1.billg fcp opt cold fission webrender,,77,ms,firefox,451458543.0,1860893945,2024-03-20 10:14:04,1395103,,,,,,,,,,,,,,,,,,,,,,,,,,,,,,,,,,,,,,,,,,,,,,,,,TN
2289,c831c4fb57a5247bedd50033fe2b46e3bfecea5b,0.14082867783985098,autoland,4060709,13,fd0dfc9511c4c123e048823de9954312c2b907c1,linux1804-64-shippable-qr,True,False,,|c|o|l|d| |f|i|s|s|i|o|n| |i|n|t|e|r|a|c|t|i|v|e| |w|e|b|r|e|n|d|e|r|,102210fe594ee9b33d82058545b1ed14f4c8206e,fcp,reddit-billgates-post-1.billg,True,reddit-billgates-post-1.billg fcp opt cold fission webrender,,77,ms,firefox,451619340.0,1861499257,2024-03-20 12:31:36,1395145,,,,,,,,,,,,,,,,,,,,,,,,,,,,,,,,,,,,,,,,,,,,,,,,,TN
2290,ba48b824fb4060555083e0d2dc4cb00a486d41ee,0.1571229050279329,autoland,4060709,13,fd0dfc9511c4c123e048823de9954312c2b907c1,linux1804-64-shippable-qr,True,False,,|c|o|l|d| |f|i|s|s|i|o|n| |i|n|t|e|r|a|c|t|i|v|e| |w|e|b|r|e|n|d|e|r|,102210fe594ee9b33d82058545b1ed14f4c8206e,fcp,reddit-billgates-post-1.billg,True,reddit-billgates-post-1.billg fcp opt cold fission webrender,,77,ms,firefox,451616819.0,1861486614,2024-03-20 13:25:25,1395170,,,,,,,,,,,,,,,,,,,,,,,,,,,,,,,,,,,,,,,,,,,,,,,,,TN
2291,8eb7b62278abdd1879878cc07955c579617203e5,0.1333798882681565,autoland,4060709,13,fd0dfc9511c4c123e048823de9954312c2b907c1,linux1804-64-shippable-qr,True,False,,|c|o|l|d| |f|i|s|s|i|o|n| |i|n|t|e|r|a|c|t|i|v|e| |w|e|b|r|e|n|d|e|r|,102210fe594ee9b33d82058545b1ed14f4c8206e,fcp,reddit-billgates-post-1.billg,True,reddit-billgates-post-1.billg fcp opt cold fission webrender,,77,ms,firefox,451628408.0,1861552415,2024-03-20 13:28:41,1395172,,,,,,,,,,,,,,,,,,,,,,,,,,,,,,,,,,,,,,,,,,,,,,,,,TN
2292,533a3c2e587f7ea99fde847c499dbb77d1d7c623,0.16014897579143395,autoland,4060709,13,fd0dfc9511c4c123e048823de9954312c2b907c1,linux1804-64-shippable-qr,True,False,,|c|o|l|d| |f|i|s|s|i|o|n| |i|n|t|e|r|a|c|t|i|v|e| |w|e|b|r|e|n|d|e|r|,102210fe594ee9b33d82058545b1ed14f4c8206e,fcp,reddit-billgates-post-1.billg,True,reddit-billgates-post-1.billg fcp opt cold fission webrender,,77,ms,firefox,451513168.0,1861042549,2024-03-20 14:37:05,1395197,,,,,,,,,,,,,,,,,,,,,,,,,,,,,,,,,,,,,,,,,,,,,,,,,TN
2293,abc6d755ba19ab107510d746a7774bdd92ee42a3,0.12337057728119183,autoland,4060709,13,fd0dfc9511c4c123e048823de9954312c2b907c1,linux1804-64-shippable-qr,True,False,,|c|o|l|d| |f|i|s|s|i|o|n| |i|n|t|e|r|a|c|t|i|v|e| |w|e|b|r|e|n|d|e|r|,102210fe594ee9b33d82058545b1ed14f4c8206e,fcp,reddit-billgates-post-1.billg,True,reddit-billgates-post-1.billg fcp opt cold fission webrender,,77,ms,firefox,451617028.0,1861494066,2024-03-20 14:58:00,1395213,,,,,,,,,,,,,,,,,,,,,,,,,,,,,,,,,,,,,,,,,,,,,,,,,TN
2294,44ee710d3a49501b5b000c7e0f6d2167c47ac041,0.16294227188081933,autoland,4060709,13,fd0dfc9511c4c123e048823de9954312c2b907c1,linux1804-64-shippable-qr,True,False,,|c|o|l|d| |f|i|s|s|i|o|n| |i|n|t|e|r|a|c|t|i|v|e| |w|e|b|r|e|n|d|e|r|,102210fe594ee9b33d82058545b1ed14f4c8206e,fcp,reddit-billgates-post-1.billg,True,reddit-billgates-post-1.billg fcp opt cold fission webrender,,77,ms,firefox,451537194.0,1861125459,2024-03-20 16:49:51,1395254,,,,,,,,,,,,,,,,,,,,,,,,,,,,,,,,,,,,,,,,,,,,,,,,,TN
2295,25852a1e2059b931608f1b67733e991b749a2b26,0.13966480446927376,autoland,4060709,13,fd0dfc9511c4c123e048823de9954312c2b907c1,linux1804-64-shippable-qr,True,False,,|c|o|l|d| |f|i|s|s|i|o|n| |i|n|t|e|r|a|c|t|i|v|e| |w|e|b|r|e|n|d|e|r|,102210fe594ee9b33d82058545b1ed14f4c8206e,fcp,reddit-billgates-post-1.billg,True,reddit-billgates-post-1.billg fcp opt cold fission webrender,,77,ms,firefox,451614894.0,1861477450,2024-03-20 18:56:27,1395304,,,,,,,,,,,,,,,,,,,,,,,,,,,,,,,,,,,,,,,,,,,,,,,,,TN
2296,a54ceb09cf6c6289a4353feb9c3cb771a7651bd0,0.15549348230912474,autoland,4060709,13,fd0dfc9511c4c123e048823de9954312c2b907c1,linux1804-64-shippable-qr,True,False,,|c|o|l|d| |f|i|s|s|i|o|n| |i|n|t|e|r|a|c|t|i|v|e| |w|e|b|r|e|n|d|e|r|,102210fe594ee9b33d82058545b1ed14f4c8206e,fcp,reddit-billgates-post-1.billg,True,reddit-billgates-post-1.billg fcp opt cold fission webrender,,77,ms,firefox,451552993.0,1861198219,2024-03-20 19:06:24,1395310,,,,,,,,,,,,,,,,,,,,,,,,,,,,,,,,,,,,,,,,,,,,,,,,,TN
2297,7e65c2e3fa5893e80c6f6f8ef4deef5861f82edc,0.18831471135940414,autoland,4060709,13,fd0dfc9511c4c123e048823de9954312c2b907c1,linux1804-64-shippable-qr,True,False,,|c|o|l|d| |f|i|s|s|i|o|n| |i|n|t|e|r|a|c|t|i|v|e| |w|e|b|r|e|n|d|e|r|,102210fe594ee9b33d82058545b1ed14f4c8206e,fcp,reddit-billgates-post-1.billg,True,reddit-billgates-post-1.billg fcp opt cold fission webrender,,77,ms,firefox,451593067.0,1861399921,2024-03-20 21:30:57,1395367,,,,,,,,,,,,,,,,,,,,,,,,,,,,,,,,,,,,,,,,,,,,,,,,,TN
2298,cd39ad6d1934b2a8d659607d5fc0c1f88df011ba,0.1324487895716946,autoland,4060709,13,fd0dfc9511c4c123e048823de9954312c2b907c1,linux1804-64-shippable-qr,True,False,,|c|o|l|d| |f|i|s|s|i|o|n| |i|n|t|e|r|a|c|t|i|v|e| |w|e|b|r|e|n|d|e|r|,102210fe594ee9b33d82058545b1ed14f4c8206e,fcp,reddit-billgates-post-1.billg,True,reddit-billgates-post-1.billg fcp opt cold fission webrender,,77,ms,firefox,451608067.0,1861447377,2024-03-21 02:02:41,1395495,,,,,,,,,,,,,,,,,,,,,,,,,,,,,,,,,,,,,,,,,,,,,,,,,TN
2299,ed7ada93d4ad18f5c9f613bf5ce8d5f89bdaa140,0.1391992551210428,autoland,4060709,13,fd0dfc9511c4c123e048823de9954312c2b907c1,linux1804-64-shippable-qr,True,False,,|c|o|l|d| |f|i|s|s|i|o|n| |i|n|t|e|r|a|c|t|i|v|e| |w|e|b|r|e|n|d|e|r|,102210fe594ee9b33d82058545b1ed14f4c8206e,fcp,reddit-billgates-post-1.billg,True,reddit-billgates-post-1.billg fcp opt cold fission webrender,,77,ms,firefox,451622305.0,1861525712,2024-03-21 06:23:30,1395640,,,,,,,,,,,,,,,,,,,,,,,,,,,,,,,,,,,,,,,,,,,,,,,,,TN
2300,335ba8ea2f56243d2cb6a5bc7aa4d0d0f3c415c7,0.1305865921787709,autoland,4060709,13,fd0dfc9511c4c123e048823de9954312c2b907c1,linux1804-64-shippable-qr,True,False,,|c|o|l|d| |f|i|s|s|i|o|n| |i|n|t|e|r|a|c|t|i|v|e| |w|e|b|r|e|n|d|e|r|,102210fe594ee9b33d82058545b1ed14f4c8206e,fcp,reddit-billgates-post-1.billg,True,reddit-billgates-post-1.billg fcp opt cold fission webrender,,77,ms,firefox,451640538.0,1861594197,2024-03-21 08:38:48,1395685,,,,,,,,,,,,,,,,,,,,,,,,,,,,,,,,,,,,,,,,,,,,,,,,,TN
2301,42e0c42e5e1c3fc7c0ad70a25fb2ef3cc909e5d1,0.12662942271880817,autoland,4060709,13,fd0dfc9511c4c123e048823de9954312c2b907c1,linux1804-64-shippable-qr,True,False,,|c|o|l|d| |f|i|s|s|i|o|n| |i|n|t|e|r|a|c|t|i|v|e| |w|e|b|r|e|n|d|e|r|,102210fe594ee9b33d82058545b1ed14f4c8206e,fcp,reddit-billgates-post-1.billg,True,reddit-billgates-post-1.billg fcp opt cold fission webrender,,77,ms,firefox,451844078.0,1862243983,2024-03-21 08:42:18,1395691,,,,,,,,,,,,,,,,,,,,,,,,,,,,,,,,,,,,,,,,,,,,,,,,,TN
2302,79b454f01f93f009791c6d78b151b86734acae05,0.12546554934823095,autoland,4060709,13,fd0dfc9511c4c123e048823de9954312c2b907c1,linux1804-64-shippable-qr,True,False,,|c|o|l|d| |f|i|s|s|i|o|n| |i|n|t|e|r|a|c|t|i|v|e| |w|e|b|r|e|n|d|e|r|,102210fe594ee9b33d82058545b1ed14f4c8206e,fcp,reddit-billgates-post-1.billg,True,reddit-billgates-post-1.billg fcp opt cold fission webrender,,77,ms,firefox,451846960.0,1862299896,2024-03-21 09:02:11,1395725,,,,,,,,,,,,,,,,,,,,,,,,,,,,,,,,,,,,,,,,,,,,,,,,,TN
2303,d90b4451e543266ae9d98982a92dafa311c75db6,0.15479515828677837,autoland,4060709,13,fd0dfc9511c4c123e048823de9954312c2b907c1,linux1804-64-shippable-qr,True,False,,|c|o|l|d| |f|i|s|s|i|o|n| |i|n|t|e|r|a|c|t|i|v|e| |w|e|b|r|e|n|d|e|r|,102210fe594ee9b33d82058545b1ed14f4c8206e,fcp,reddit-billgates-post-1.billg,True,reddit-billgates-post-1.billg fcp opt cold fission webrender,,77,ms,firefox,451690113.0,1861787003,2024-03-21 12:46:07,1395897,,,,,,,,,,,,,,,,,,,,,,,,,,,,,,,,,,,,,,,,,,,,,,,,,TN
2304,dbfd6042b4d2b3a3b509b22f41276fdfdd6a17b0,0.1410614525139665,autoland,4060709,13,fd0dfc9511c4c123e048823de9954312c2b907c1,linux1804-64-shippable-qr,True,False,,|c|o|l|d| |f|i|s|s|i|o|n| |i|n|t|e|r|a|c|t|i|v|e| |w|e|b|r|e|n|d|e|r|,102210fe594ee9b33d82058545b1ed14f4c8206e,fcp,reddit-billgates-post-1.billg,True,reddit-billgates-post-1.billg fcp opt cold fission webrender,,77,ms,firefox,451692105.0,1861800714,2024-03-21 13:53:06,1395978,,,,,,,,,,,,,,,,,,,,,,,,,,,,,,,,,,,,,,,,,,,,,,,,,TN
2305,6a09c380e669a377e8254dd93ff3485ae0ec96c4,0.14990689013035385,autoland,4060709,13,fd0dfc9511c4c123e048823de9954312c2b907c1,linux1804-64-shippable-qr,True,False,,|c|o|l|d| |f|i|s|s|i|o|n| |i|n|t|e|r|a|c|t|i|v|e| |w|e|b|r|e|n|d|e|r|,102210fe594ee9b33d82058545b1ed14f4c8206e,fcp,reddit-billgates-post-1.billg,True,reddit-billgates-post-1.billg fcp opt cold fission webrender,,77,ms,firefox,451743462.0,1861951772,2024-03-21 17:29:27,1396220,,,,,,,,,,,,,,,,,,,,,,,,,,,,,,,,,,,,,,,,,,,,,,,,,TN
2306,761aa95394f28659c52a30a4cf4bbb9de1bf1fcd,0.13477653631284914,autoland,4060709,13,fd0dfc9511c4c123e048823de9954312c2b907c1,linux1804-64-shippable-qr,True,False,,|c|o|l|d| |f|i|s|s|i|o|n| |i|n|t|e|r|a|c|t|i|v|e| |w|e|b|r|e|n|d|e|r|,102210fe594ee9b33d82058545b1ed14f4c8206e,fcp,reddit-billgates-post-1.billg,True,reddit-billgates-post-1.billg fcp opt cold fission webrender,,77,ms,firefox,451844403.0,1862253701,2024-03-21 18:45:37,1396356,,,,,,,,,,,,,,,,,,,,,,,,,,,,,,,,,,,,,,,,,,,,,,,,,TN
2307,bb41b62cad53dc168eae7ef8e5dd62439925c999,0.13221601489757917,autoland,4060709,13,fd0dfc9511c4c123e048823de9954312c2b907c1,linux1804-64-shippable-qr,True,False,,|c|o|l|d| |f|i|s|s|i|o|n| |i|n|t|e|r|a|c|t|i|v|e| |w|e|b|r|e|n|d|e|r|,102210fe594ee9b33d82058545b1ed14f4c8206e,fcp,reddit-billgates-post-1.billg,True,reddit-billgates-post-1.billg fcp opt cold fission webrender,,77,ms,firefox,451845805.0,1862278983,2024-03-21 18:46:28,1396358,,,,,,,,,,,,,,,,,,,,,,,,,,,,,,,,,,,,,,,,,,,,,,,,,TN
2308,c83258a2f5a9fd7b7107508c07827d9aa1a83035,0.16387337057728124,autoland,4060709,13,fd0dfc9511c4c123e048823de9954312c2b907c1,linux1804-64-shippable-qr,True,False,,|c|o|l|d| |f|i|s|s|i|o|n| |i|n|t|e|r|a|c|t|i|v|e| |w|e|b|r|e|n|d|e|r|,102210fe594ee9b33d82058545b1ed14f4c8206e,fcp,reddit-billgates-post-1.billg,True,reddit-billgates-post-1.billg fcp opt cold fission webrender,,77,ms,firefox,451747589.0,1861992358,2024-03-21 18:47:13,1396360,,,,,,,,,,,,,,,,,,,,,,,,,,,,,,,,,,,,,,,,,,,,,,,,,TN
2309,3e3e5631944ec7d9d81a7c8ca0c3b5998ad044b3,0.11987895716945995,autoland,4060709,13,fd0dfc9511c4c123e048823de9954312c2b907c1,linux1804-64-shippable-qr,True,False,,|c|o|l|d| |f|i|s|s|i|o|n| |i|n|t|e|r|a|c|t|i|v|e| |w|e|b|r|e|n|d|e|r|,102210fe594ee9b33d82058545b1ed14f4c8206e,fcp,reddit-billgates-post-1.billg,True,reddit-billgates-post-1.billg fcp opt cold fission webrender,,77,ms,firefox,451769527.0,1862057991,2024-03-21 21:19:12,1396573,,,,,,,,,,,,,,,,,,,,,,,,,,,,,,,,,,,,,,,,,,,,,,,,,TN
2310,a64d6cbeaa4f78ec1f700f6123469eb1b3a31608,0.14711359404096835,autoland,4060709,13,fd0dfc9511c4c123e048823de9954312c2b907c1,linux1804-64-shippable-qr,True,False,,|c|o|l|d| |f|i|s|s|i|o|n| |i|n|t|e|r|a|c|t|i|v|e| |w|e|b|r|e|n|d|e|r|,102210fe594ee9b33d82058545b1ed14f4c8206e,fcp,reddit-billgates-post-1.billg,True,reddit-billgates-post-1.billg fcp opt cold fission webrender,,77,ms,firefox,451831225.0,1862200550,2024-03-22 02:33:11,1396939,,,,,,,,,,,,,,,,,,,,,,,,,,,,,,,,,,,,,,,,,,,,,,,,,TN
2311,5d6efea5e0bbc9c3cb2231d09450c2c7dd045122,0.1645716945996275,autoland,4060709,13,fd0dfc9511c4c123e048823de9954312c2b907c1,linux1804-64-shippable-qr,True,False,,|c|o|l|d| |f|i|s|s|i|o|n| |i|n|t|e|r|a|c|t|i|v|e| |w|e|b|r|e|n|d|e|r|,102210fe594ee9b33d82058545b1ed14f4c8206e,fcp,reddit-billgates-post-1.billg,True,reddit-billgates-post-1.billg fcp opt cold fission webrender,,77,ms,firefox,451847137.0,1862305693,2024-03-22 05:34:14,1397066,,,,,,,,,,,,,,,,,,,,,,,,,,,,,,,,,,,,,,,,,,,,,,,,,TN
2312,48b19f0a3ca9e2d02e502182cb41095a870c3c30,0.10986964618249528,autoland,4060709,13,fd0dfc9511c4c123e048823de9954312c2b907c1,linux1804-64-shippable-qr,True,False,,|c|o|l|d| |f|i|s|s|i|o|n| |i|n|t|e|r|a|c|t|i|v|e| |w|e|b|r|e|n|d|e|r|,102210fe594ee9b33d82058545b1ed14f4c8206e,fcp,reddit-billgates-post-1.billg,True,reddit-billgates-post-1.billg fcp opt cold fission webrender,,77,ms,firefox,451877021.0,1862472838,2024-03-22 10:08:21,1397249,,,,,,,,,,,,,,,,,,,,,,,,,,,,,,,,,,,,,,,,,,,,,,,,,TN
2313,640f274ba8d721083e3a62631c1c96e652d0965c,0.12290502793296088,autoland,4060709,13,fd0dfc9511c4c123e048823de9954312c2b907c1,linux1804-64-shippable-qr,True,False,,|c|o|l|d| |f|i|s|s|i|o|n| |i|n|t|e|r|a|c|t|i|v|e| |w|e|b|r|e|n|d|e|r|,102210fe594ee9b33d82058545b1ed14f4c8206e,fcp,reddit-billgates-post-1.billg,True,reddit-billgates-post-1.billg fcp opt cold fission webrender,,77,ms,firefox,451915005.0,1862597442,2024-03-22 13:22:55,1397337,,,,,,,,,,,,,,,,,,,,,,,,,,,,,,,,,,,,,,,,,,,,,,,,,TN
2314,d12a19660d53686074475ffbbed160cc788ebe05,0.13943202979515834,autoland,4060709,13,fd0dfc9511c4c123e048823de9954312c2b907c1,linux1804-64-shippable-qr,True,False,,|c|o|l|d| |f|i|s|s|i|o|n| |i|n|t|e|r|a|c|t|i|v|e| |w|e|b|r|e|n|d|e|r|,102210fe594ee9b33d82058545b1ed14f4c8206e,fcp,reddit-billgates-post-1.billg,True,reddit-billgates-post-1.billg fcp opt cold fission webrender,,77,ms,firefox,451951960.0,1862728086,2024-03-22 17:28:16,1397524,,,,,,,,,,,,,,,,,,,,,,,,,,,,,,,,,,,,,,,,,,,,,,,,,TN
2315,a008405a9171acdb92d2997564e16713185f054f,0.14920856610800748,autoland,4060709,13,fd0dfc9511c4c123e048823de9954312c2b907c1,linux1804-64-shippable-qr,True,False,,|c|o|l|d| |f|i|s|s|i|o|n| |i|n|t|e|r|a|c|t|i|v|e| |w|e|b|r|e|n|d|e|r|,102210fe594ee9b33d82058545b1ed14f4c8206e,fcp,reddit-billgates-post-1.billg,True,reddit-billgates-post-1.billg fcp opt cold fission webrender,,77,ms,firefox,451973213.0,1862831703,2024-03-22 22:43:04,1397682,,,,,,,,,,,,,,,,,,,,,,,,,,,,,,,,,,,,,,,,,,,,,,,,,TN
2316,341c752f9f931ed8ca1220eb7006bdfcd026038e,0.15083798882681565,autoland,4060709,13,fd0dfc9511c4c123e048823de9954312c2b907c1,linux1804-64-shippable-qr,True,False,,|c|o|l|d| |f|i|s|s|i|o|n| |i|n|t|e|r|a|c|t|i|v|e| |w|e|b|r|e|n|d|e|r|,102210fe594ee9b33d82058545b1ed14f4c8206e,fcp,reddit-billgates-post-1.billg,True,reddit-billgates-post-1.billg fcp opt cold fission webrender,,77,ms,firefox,451984430.0,1862906461,2024-03-23 04:11:22,1397768,,,,,,,,,,,,,,,,,,,,,,,,,,,,,,,,,,,,,,,,,,,,,,,,,TN
2317,7575296d6781e483bc76a289f68623eb548baac4,0.12942271880819367,autoland,4060709,13,fd0dfc9511c4c123e048823de9954312c2b907c1,linux1804-64-shippable-qr,True,False,,|c|o|l|d| |f|i|s|s|i|o|n| |i|n|t|e|r|a|c|t|i|v|e| |w|e|b|r|e|n|d|e|r|,102210fe594ee9b33d82058545b1ed14f4c8206e,fcp,reddit-billgates-post-1.billg,True,reddit-billgates-post-1.billg fcp opt cold fission webrender,,77,ms,firefox,451995775.0,1862960269,2024-03-23 08:45:37,1397819,,,,,,,,,,,,,,,,,,,,,,,,,,,,,,,,,,,,,,,,,,,,,,,,,TN
2318,47e43ed2bb6cad873900cd00ccf834a51f3dfe83,0.11662011173184361,autoland,4060709,13,fd0dfc9511c4c123e048823de9954312c2b907c1,linux1804-64-shippable-qr,True,False,,|c|o|l|d| |f|i|s|s|i|o|n| |i|n|t|e|r|a|c|t|i|v|e| |w|e|b|r|e|n|d|e|r|,102210fe594ee9b33d82058545b1ed14f4c8206e,fcp,reddit-billgates-post-1.billg,True,reddit-billgates-post-1.billg fcp opt cold fission webrender,,77,ms,firefox,452017736.0,1863038576,2024-03-23 13:51:59,1397843,,,,,,,,,,,,,,,,,,,,,,,,,,,,,,,,,,,,,,,,,,,,,,,,,TN
2319,69c342123c6fdb9190169823dd12a42a77559b9f,0.1259310986964618,autoland,4060709,13,fd0dfc9511c4c123e048823de9954312c2b907c1,linux1804-64-shippable-qr,True,False,,|c|o|l|d| |f|i|s|s|i|o|n| |i|n|t|e|r|a|c|t|i|v|e| |w|e|b|r|e|n|d|e|r|,102210fe594ee9b33d82058545b1ed14f4c8206e,fcp,reddit-billgates-post-1.billg,True,reddit-billgates-post-1.billg fcp opt cold fission webrender,,77,ms,firefox,452028132.0,1863079887,2024-03-23 18:44:13,1397871,,,,,,,,,,,,,,,,,,,,,,,,,,,,,,,,,,,,,,,,,,,,,,,,,TN
2320,c43bc8bba8a808b2f5005002f96936afa3697b34,0.16433891992551208,autoland,4060709,13,fd0dfc9511c4c123e048823de9954312c2b907c1,linux1804-64-shippable-qr,True,False,,|c|o|l|d| |f|i|s|s|i|o|n| |i|n|t|e|r|a|c|t|i|v|e| |w|e|b|r|e|n|d|e|r|,102210fe594ee9b33d82058545b1ed14f4c8206e,fcp,reddit-billgates-post-1.billg,True,reddit-billgates-post-1.billg fcp opt cold fission webrender,,77,ms,firefox,452047057.0,1863152439,2024-03-24 00:54:50,1397899,,,,,,,,,,,,,,,,,,,,,,,,,,,,,,,,,,,,,,,,,,,,,,,,,TN
2321,fa1b327e74e89e08f7fff24dbb35f11e48736aab,0.17527932960893855,autoland,4060709,13,fd0dfc9511c4c123e048823de9954312c2b907c1,linux1804-64-shippable-qr,True,False,,|c|o|l|d| |f|i|s|s|i|o|n| |i|n|t|e|r|a|c|t|i|v|e| |w|e|b|r|e|n|d|e|r|,102210fe594ee9b33d82058545b1ed14f4c8206e,fcp,reddit-billgates-post-1.billg,True,reddit-billgates-post-1.billg fcp opt cold fission webrender,,77,ms,firefox,452055596.0,1863220449,2024-03-24 07:02:41,1397916,,,,,,,,,,,,,,,,,,,,,,,,,,,,,,,,,,,,,,,,,,,,,,,,,TN
2322,f0597fea22797603c0e45ec1c43433afa5ed6dcd,0.13314711359404097,autoland,4060709,13,fd0dfc9511c4c123e048823de9954312c2b907c1,linux1804-64-shippable-qr,True,False,,|c|o|l|d| |f|i|s|s|i|o|n| |i|n|t|e|r|a|c|t|i|v|e| |w|e|b|r|e|n|d|e|r|,102210fe594ee9b33d82058545b1ed14f4c8206e,fcp,reddit-billgates-post-1.billg,True,reddit-billgates-post-1.billg fcp opt cold fission webrender,,77,ms,firefox,452075091.0,1863287524,2024-03-24 11:13:54,1397937,,,,,,,,,,,,,,,,,,,,,,,,,,,,,,,,,,,,,,,,,,,,,,,,,TN
2323,6ec4249c788c48dc30dfb8737228af711e49fde2,0.1522346368715084,autoland,4060709,13,fd0dfc9511c4c123e048823de9954312c2b907c1,linux1804-64-shippable-qr,True,False,,|c|o|l|d| |f|i|s|s|i|o|n| |i|n|t|e|r|a|c|t|i|v|e| |w|e|b|r|e|n|d|e|r|,102210fe594ee9b33d82058545b1ed14f4c8206e,fcp,reddit-billgates-post-1.billg,True,reddit-billgates-post-1.billg fcp opt cold fission webrender,,77,ms,firefox,452092078.0,1863345736,2024-03-24 18:59:17,1397954,,,,,,,,,,,,,,,,,,,,,,,,,,,,,,,,,,,,,,,,,,,,,,,,,TN
2324,f16b84d2aab6142f8b4fd6de574e96c2f551ebc7,0.13780260707635006,autoland,4060709,13,fd0dfc9511c4c123e048823de9954312c2b907c1,linux1804-64-shippable-qr,True,False,,|c|o|l|d| |f|i|s|s|i|o|n| |i|n|t|e|r|a|c|t|i|v|e| |w|e|b|r|e|n|d|e|r|,102210fe594ee9b33d82058545b1ed14f4c8206e,fcp,reddit-billgates-post-1.billg,True,reddit-billgates-post-1.billg fcp opt cold fission webrender,,77,ms,firefox,452103485.0,1863389283,2024-03-24 23:02:44,1397973,,,,,,,,,,,,,,,,,,,,,,,,,,,,,,,,,,,,,,,,,,,,,,,,,TN
2325,19d905446a32ebc5b281e61c8ee49718ee784a25,0.14455307262569828,autoland,4060709,13,fd0dfc9511c4c123e048823de9954312c2b907c1,linux1804-64-shippable-qr,True,False,,|c|o|l|d| |f|i|s|s|i|o|n| |i|n|t|e|r|a|c|t|i|v|e| |w|e|b|r|e|n|d|e|r|,102210fe594ee9b33d82058545b1ed14f4c8206e,fcp,reddit-billgates-post-1.billg,True,reddit-billgates-post-1.billg fcp opt cold fission webrender,,77,ms,firefox,452115735.0,1863446133,2024-03-25 03:31:22,1397989,,,,,,,,,,,,,,,,,,,,,,,,,,,,,,,,,,,,,,,,,,,,,,,,,TN
2326,db7773c959d542b2327b7158f769c657e46e2992,0.14525139664804465,autoland,4060709,13,fd0dfc9511c4c123e048823de9954312c2b907c1,linux1804-64-shippable-qr,True,False,,|c|o|l|d| |f|i|s|s|i|o|n| |i|n|t|e|r|a|c|t|i|v|e| |w|e|b|r|e|n|d|e|r|,102210fe594ee9b33d82058545b1ed14f4c8206e,fcp,reddit-billgates-post-1.billg,True,reddit-billgates-post-1.billg fcp opt cold fission webrender,,77,ms,firefox,452134479.0,1863525250,2024-03-25 08:43:58,1398035,,,,,,,,,,,,,,,,,,,,,,,,,,,,,,,,,,,,,,,,,,,,,,,,,TN
2327,71c813e27dff32e4664eb9116e60097837485bfb,0.1361731843575419,autoland,4060709,13,fd0dfc9511c4c123e048823de9954312c2b907c1,linux1804-64-shippable-qr,True,False,,|c|o|l|d| |f|i|s|s|i|o|n| |i|n|t|e|r|a|c|t|i|v|e| |w|e|b|r|e|n|d|e|r|,102210fe594ee9b33d82058545b1ed14f4c8206e,fcp,reddit-billgates-post-1.billg,True,reddit-billgates-post-1.billg fcp opt cold fission webrender,,77,ms,firefox,452143860.0,1863641597,2024-03-25 09:25:18,1398057,,,,,,,,,,,,,,,,,,,,,,,,,,,,,,,,,,,,,,,,,,,,,,,,,TN
2328,5969005dae85cc8ac486b2f0bdbb7454b660f252,0.12523277467411553,autoland,4060709,13,fd0dfc9511c4c123e048823de9954312c2b907c1,linux1804-64-shippable-qr,True,False,,|c|o|l|d| |f|i|s|s|i|o|n| |i|n|t|e|r|a|c|t|i|v|e| |w|e|b|r|e|n|d|e|r|,102210fe594ee9b33d82058545b1ed14f4c8206e,fcp,reddit-billgates-post-1.billg,True,reddit-billgates-post-1.billg fcp opt cold fission webrender,,77,ms,firefox,452187760.0,1863711500,2024-03-25 13:40:37,1398214,,,,,,,,,,,,,,,,,,,,,,,,,,,,,,,,,,,,,,,,,,,,,,,,,TN
2329,19dcff1ee3fcbb431110e0639c80a3ba51ee0a34,0.12104283054003728,autoland,4060709,13,fd0dfc9511c4c123e048823de9954312c2b907c1,linux1804-64-shippable-qr,True,False,,|c|o|l|d| |f|i|s|s|i|o|n| |i|n|t|e|r|a|c|t|i|v|e| |w|e|b|r|e|n|d|e|r|,102210fe594ee9b33d82058545b1ed14f4c8206e,fcp,reddit-billgates-post-1.billg,True,reddit-billgates-post-1.billg fcp opt cold fission webrender,,77,ms,firefox,452192217.0,1863740056,2024-03-25 14:05:55,1398235,,,,,,,,,,,,,,,,,,,,,,,,,,,,,,,,,,,,,,,,,,,,,,,,,TN
2330,1ccfb1fee9008dff43ef927076a3c5188eb2e683,0.11964618249534453,autoland,4060709,13,fd0dfc9511c4c123e048823de9954312c2b907c1,linux1804-64-shippable-qr,True,False,,|c|o|l|d| |f|i|s|s|i|o|n| |i|n|t|e|r|a|c|t|i|v|e| |w|e|b|r|e|n|d|e|r|,102210fe594ee9b33d82058545b1ed14f4c8206e,fcp,reddit-billgates-post-1.billg,True,reddit-billgates-post-1.billg fcp opt cold fission webrender,,77,ms,firefox,452298534.0,1864238050,2024-03-25 14:40:25,1398263,,,,,,,,,,,,,,,,,,,,,,,,,,,,,,,,,,,,,,,,,,,,,,,,,TN
2331,4c62ed2fd27692e962d9d0568404bbc956674765,0.1389664804469274,autoland,4060709,13,fd0dfc9511c4c123e048823de9954312c2b907c1,linux1804-64-shippable-qr,True,False,,|c|o|l|d| |f|i|s|s|i|o|n| |i|n|t|e|r|a|c|t|i|v|e| |w|e|b|r|e|n|d|e|r|,102210fe594ee9b33d82058545b1ed14f4c8206e,fcp,reddit-billgates-post-1.billg,True,reddit-billgates-post-1.billg fcp opt cold fission webrender,,77,ms,firefox,452297712.0,1864218280,2024-03-25 14:55:12,1398275,,,,,,,,,,,,,,,,,,,,,,,,,,,,,,,,,,,,,,,,,,,,,,,,,TN
2332,83e8fe031f9498f26b15b45bed88798d2ec510d6,0.15363128491620115,autoland,4060709,13,fd0dfc9511c4c123e048823de9954312c2b907c1,linux1804-64-shippable-qr,True,False,,|c|o|l|d| |f|i|s|s|i|o|n| |i|n|t|e|r|a|c|t|i|v|e| |w|e|b|r|e|n|d|e|r|,102210fe594ee9b33d82058545b1ed14f4c8206e,fcp,reddit-billgates-post-1.billg,True,reddit-billgates-post-1.billg fcp opt cold fission webrender,,77,ms,firefox,452296977.0,1864199647,2024-03-25 16:24:33,1398337,,,,,,,,,,,,,,,,,,,,,,,,,,,,,,,,,,,,,,,,,,,,,,,,,TN
2333,2bd9a68e0e0eed71138c8a8cd57f238938d37bad,0.1531657355679702,autoland,4060709,13,fd0dfc9511c4c123e048823de9954312c2b907c1,linux1804-64-shippable-qr,True,False,,|c|o|l|d| |f|i|s|s|i|o|n| |i|n|t|e|r|a|c|t|i|v|e| |w|e|b|r|e|n|d|e|r|,102210fe594ee9b33d82058545b1ed14f4c8206e,fcp,reddit-billgates-post-1.billg,True,reddit-billgates-post-1.billg fcp opt cold fission webrender,,77,ms,firefox,452298277.0,1864227184,2024-03-25 16:26:02,1398338,,,,,,,,,,,,,,,,,,,,,,,,,,,,,,,,,,,,,,,,,,,,,,,,,TN
2334,9b5934ed0d6138133e3cab84d859a8e38bd43683,0.14245810055865915,autoland,4060709,13,fd0dfc9511c4c123e048823de9954312c2b907c1,linux1804-64-shippable-qr,True,False,,|c|o|l|d| |f|i|s|s|i|o|n| |i|n|t|e|r|a|c|t|i|v|e| |w|e|b|r|e|n|d|e|r|,102210fe594ee9b33d82058545b1ed14f4c8206e,fcp,reddit-billgates-post-1.billg,True,reddit-billgates-post-1.billg fcp opt cold fission webrender,,77,ms,firefox,452210368.0,1863867135,2024-03-25 17:00:38,1398374,,,,,,,,,,,,,,,,,,,,,,,,,,,,,,,,,,,,,,,,,,,,,,,,,TN
2335,05ef22f3485b9acca72235e56c8e11abea982310,0.11522346368715086,autoland,4060709,13,fd0dfc9511c4c123e048823de9954312c2b907c1,linux1804-64-shippable-qr,True,False,,|c|o|l|d| |f|i|s|s|i|o|n| |i|n|t|e|r|a|c|t|i|v|e| |w|e|b|r|e|n|d|e|r|,102210fe594ee9b33d82058545b1ed14f4c8206e,fcp,reddit-billgates-post-1.billg,True,reddit-billgates-post-1.billg fcp opt cold fission webrender,,77,ms,firefox,452237910.0,1863981992,2024-03-25 20:16:40,1398545,,,,,,,,,,,,,,,,,,,,,,,,,,,,,,,,,,,,,,,,,,,,,,,,,TN
2336,af6fe1ffacb6272ced1d27e874f376c671a19461,0.14082867783985098,autoland,4060709,13,fd0dfc9511c4c123e048823de9954312c2b907c1,linux1804-64-shippable-qr,True,False,,|c|o|l|d| |f|i|s|s|i|o|n| |i|n|t|e|r|a|c|t|i|v|e| |w|e|b|r|e|n|d|e|r|,102210fe594ee9b33d82058545b1ed14f4c8206e,fcp,reddit-billgates-post-1.billg,True,reddit-billgates-post-1.billg fcp opt cold fission webrender,,77,ms,firefox,452272567.0,1864085619,2024-03-26 00:18:31,1398725,,,,,,,,,,,,,,,,,,,,,,,,,,,,,,,,,,,,,,,,,,,,,,,,,TN
2337,f0c093accca57074b185d7b3a5a76937ae8c57ed,0.1287243947858473,autoland,4060709,13,fd0dfc9511c4c123e048823de9954312c2b907c1,linux1804-64-shippable-qr,True,False,,|c|o|l|d| |f|i|s|s|i|o|n| |i|n|t|e|r|a|c|t|i|v|e| |w|e|b|r|e|n|d|e|r|,102210fe594ee9b33d82058545b1ed14f4c8206e,fcp,reddit-billgates-post-1.billg,True,reddit-billgates-post-1.billg fcp opt cold fission webrender,,77,ms,firefox,452287418.0,1864138635,2024-03-26 01:24:19,1398741,,,,,,,,,,,,,,,,,,,,,,,,,,,,,,,,,,,,,,,,,,,,,,,,,TN
2338,1ae61dcda070d554cd7c9925dce2611bc43f0c02,0.13198324022346364,autoland,4060709,13,fd0dfc9511c4c123e048823de9954312c2b907c1,linux1804-64-shippable-qr,True,False,,|c|o|l|d| |f|i|s|s|i|o|n| |i|n|t|e|r|a|c|t|i|v|e| |w|e|b|r|e|n|d|e|r|,102210fe594ee9b33d82058545b1ed14f4c8206e,fcp,reddit-billgates-post-1.billg,True,reddit-billgates-post-1.billg fcp opt cold fission webrender,,77,ms,firefox,452454121.0,1864855996,2024-03-26 04:41:36,1398794,,,,,,,,,,,,,,,,,,,,,,,,,,,,,,,,,,,,,,,,,,,,,,,,,TN
2339,c1b5b1e89360513f3c4b81679bb7a25e0482a533,0.15176908752327745,autoland,4060709,13,fd0dfc9511c4c123e048823de9954312c2b907c1,linux1804-64-shippable-qr,True,False,,|c|o|l|d| |f|i|s|s|i|o|n| |i|n|t|e|r|a|c|t|i|v|e| |w|e|b|r|e|n|d|e|r|,102210fe594ee9b33d82058545b1ed14f4c8206e,fcp,reddit-billgates-post-1.billg,True,reddit-billgates-post-1.billg fcp opt cold fission webrender,,77,ms,firefox,452454499.0,1864871403,2024-03-26 04:44:39,1398796,,,,,,,,,,,,,,,,,,,,,,,,,,,,,,,,,,,,,,,,,,,,,,,,,TN
2340,f76227b1c05f51b70e7d261e993b5cfa5fd8ee70,0.14455307262569828,autoland,4060709,13,fd0dfc9511c4c123e048823de9954312c2b907c1,linux1804-64-shippable-qr,True,False,,|c|o|l|d| |f|i|s|s|i|o|n| |i|n|t|e|r|a|c|t|i|v|e| |w|e|b|r|e|n|d|e|r|,102210fe594ee9b33d82058545b1ed14f4c8206e,fcp,reddit-billgates-post-1.billg,True,reddit-billgates-post-1.billg fcp opt cold fission webrender,,77,ms,firefox,452301821.0,1864246829,2024-03-26 06:19:49,1398803,,,,,,,,,,,,,,,,,,,,,,,,,,,,,,,,,,,,,,,,,,,,,,,,,TN
2341,e02aed8fb19856047df1d2cb7de887404e2b6956,0.1410614525139665,autoland,4060709,13,fd0dfc9511c4c123e048823de9954312c2b907c1,linux1804-64-shippable-qr,True,False,,|c|o|l|d| |f|i|s|s|i|o|n| |i|n|t|e|r|a|c|t|i|v|e| |w|e|b|r|e|n|d|e|r|,102210fe594ee9b33d82058545b1ed14f4c8206e,fcp,reddit-billgates-post-1.billg,True,reddit-billgates-post-1.billg fcp opt cold fission webrender,,77,ms,firefox,452319694.0,1864298429,2024-03-26 09:05:54,1398850,,,,,,,,,,,,,,,,,,,,,,,,,,,,,,,,,,,,,,,,,,,,,,,,,TN
2342,1710585070f00b71f9dc85559d71f4504cb8ffbf,0.23091247672253257,autoland,4060709,13,fd0dfc9511c4c123e048823de9954312c2b907c1,linux1804-64-shippable-qr,True,False,,|c|o|l|d| |f|i|s|s|i|o|n| |i|n|t|e|r|a|c|t|i|v|e| |w|e|b|r|e|n|d|e|r|,102210fe594ee9b33d82058545b1ed14f4c8206e,fcp,reddit-billgates-post-1.billg,True,reddit-billgates-post-1.billg fcp opt cold fission webrender,,77,ms,firefox,452457391.0,1864901557,2024-03-26 12:41:45,1398957,,,,,,,,,,,,,,,,,,,,,,,,,,,,,,,,,,,,,,,,,,,,,,,,,TN
2343,2e46f8032c78c727d5e4202817d08e677b5804b2,0.1401303538175046,autoland,4060709,13,fd0dfc9511c4c123e048823de9954312c2b907c1,linux1804-64-shippable-qr,True,False,,|c|o|l|d| |f|i|s|s|i|o|n| |i|n|t|e|r|a|c|t|i|v|e| |w|e|b|r|e|n|d|e|r|,102210fe594ee9b33d82058545b1ed14f4c8206e,fcp,reddit-billgates-post-1.billg,True,reddit-billgates-post-1.billg fcp opt cold fission webrender,,77,ms,firefox,452456303.0,1864896433,2024-03-26 12:54:29,1398963,,,,,,,,,,,,,,,,,,,,,,,,,,,,,,,,,,,,,,,,,,,,,,,,,TN
2344,8bfc3595e66f8c45af3a35d0489015d7522799d3,0.13035381750465547,autoland,4060709,13,fd0dfc9511c4c123e048823de9954312c2b907c1,linux1804-64-shippable-qr,True,False,,|c|o|l|d| |f|i|s|s|i|o|n| |i|n|t|e|r|a|c|t|i|v|e| |w|e|b|r|e|n|d|e|r|,102210fe594ee9b33d82058545b1ed14f4c8206e,fcp,reddit-billgates-post-1.billg,True,reddit-billgates-post-1.billg fcp opt cold fission webrender,,77,ms,firefox,452350942.0,1864414025,2024-03-26 12:57:56,1398965,,,,,,,,,,,,,,,,,,,,,,,,,,,,,,,,,,,,,,,,,,,,,,,,,TN
2345,a95909edf99f57b3e1ff98f748fd9e2ff57447da,0.13175046554934822,autoland,4060709,13,fd0dfc9511c4c123e048823de9954312c2b907c1,linux1804-64-shippable-qr,True,False,,|c|o|l|d| |f|i|s|s|i|o|n| |i|n|t|e|r|a|c|t|i|v|e| |w|e|b|r|e|n|d|e|r|,102210fe594ee9b33d82058545b1ed14f4c8206e,fcp,reddit-billgates-post-1.billg,True,reddit-billgates-post-1.billg fcp opt cold fission webrender,,77,ms,firefox,452384613.0,1864555463,2024-03-26 16:59:38,1399161,,,,,,,,,,,,,,,,,,,,,,,,,,,,,,,,,,,,,,,,,,,,,,,,,TN
2346,a93eeb987e4a1e533ac94ec0d1703c6f9b52b9ef,0.1410614525139665,autoland,4060709,13,fd0dfc9511c4c123e048823de9954312c2b907c1,linux1804-64-shippable-qr,True,False,,|c|o|l|d| |f|i|s|s|i|o|n| |i|n|t|e|r|a|c|t|i|v|e| |w|e|b|r|e|n|d|e|r|,102210fe594ee9b33d82058545b1ed14f4c8206e,fcp,reddit-billgates-post-1.billg,True,reddit-billgates-post-1.billg fcp opt cold fission webrender,,77,ms,firefox,452392074.0,1864571237,2024-03-26 17:44:32,1399196,,,,,,,,,,,,,,,,,,,,,,,,,,,,,,,,,,,,,,,,,,,,,,,,,TN
2347,883e713c301355d165c64ba2ea14c7656f777c11,0.17923649906890127,autoland,4060709,13,fd0dfc9511c4c123e048823de9954312c2b907c1,linux1804-64-shippable-qr,True,False,,|c|o|l|d| |f|i|s|s|i|o|n| |i|n|t|e|r|a|c|t|i|v|e| |w|e|b|r|e|n|d|e|r|,102210fe594ee9b33d82058545b1ed14f4c8206e,fcp,reddit-billgates-post-1.billg,True,reddit-billgates-post-1.billg fcp opt cold fission webrender,,77,ms,firefox,452446030.0,1864794221,2024-03-26 18:41:01,1399241,,,,,,,,,,,,,,,,,,,,,,,,,,,,,,,,,,,,,,,,,,,,,,,,,TN
2348,4e4e3eb212c5618c3d27c5729b6dad691c4d3ca7,0.1457169459962756,autoland,4060709,13,fd0dfc9511c4c123e048823de9954312c2b907c1,linux1804-64-shippable-qr,True,False,,|c|o|l|d| |f|i|s|s|i|o|n| |i|n|t|e|r|a|c|t|i|v|e| |w|e|b|r|e|n|d|e|r|,102210fe594ee9b33d82058545b1ed14f4c8206e,fcp,reddit-billgates-post-1.billg,True,reddit-billgates-post-1.billg fcp opt cold fission webrender,,77,ms,firefox,452454758.0,1864884001,2024-03-26 18:41:57,1399243,,,,,,,,,,,,,,,,,,,,,,,,,,,,,,,,,,,,,,,,,,,,,,,,,TN
2349,dfd96ba0e09153e6f98c22d8adcaf944059434ac,0.13756983240223464,autoland,4060709,13,fd0dfc9511c4c123e048823de9954312c2b907c1,linux1804-64-shippable-qr,True,False,,|c|o|l|d| |f|i|s|s|i|o|n| |i|n|t|e|r|a|c|t|i|v|e| |w|e|b|r|e|n|d|e|r|,102210fe594ee9b33d82058545b1ed14f4c8206e,fcp,reddit-billgates-post-1.billg,True,reddit-billgates-post-1.billg fcp opt cold fission webrender,,77,ms,firefox,452410064.0,1864636614,2024-03-26 19:19:03,1399261,,,,,,,,,,,,,,,,,,,,,,,,,,,,,,,,,,,,,,,,,,,,,,,,,TN
2350,aa1041e84618525b4fff77ccce55ab917a531b1c,0.14152700186219747,autoland,4060709,13,fd0dfc9511c4c123e048823de9954312c2b907c1,linux1804-64-shippable-qr,True,False,,|c|o|l|d| |f|i|s|s|i|o|n| |i|n|t|e|r|a|c|t|i|v|e| |w|e|b|r|e|n|d|e|r|,102210fe594ee9b33d82058545b1ed14f4c8206e,fcp,reddit-billgates-post-1.billg,True,reddit-billgates-post-1.billg fcp opt cold fission webrender,,77,ms,firefox,452460008.0,1864919847,2024-03-26 19:19:54,1399262,,,,,,,,,,,,,,,,,,,,,,,,,,,,,,,,,,,,,,,,,,,,,,,,,TN
2351,e59265cb671fad14d00aea4eb38d55c300d7c3ef,0.15083798882681565,autoland,4060709,13,fd0dfc9511c4c123e048823de9954312c2b907c1,linux1804-64-shippable-qr,True,False,,|c|o|l|d| |f|i|s|s|i|o|n| |i|n|t|e|r|a|c|t|i|v|e| |w|e|b|r|e|n|d|e|r|,102210fe594ee9b33d82058545b1ed14f4c8206e,fcp,reddit-billgates-post-1.billg,True,reddit-billgates-post-1.billg fcp opt cold fission webrender,,77,ms,firefox,452453796.0,1864816312,2024-03-26 19:20:40,1399263,,,,,,,,,,,,,,,,,,,,,,,,,,,,,,,,,,,,,,,,,,,,,,,,,TN
2352,babb5943701ffb0ddb6991106d28f73ad2061bb6,0.13198324022346364,autoland,4060709,13,fd0dfc9511c4c123e048823de9954312c2b907c1,linux1804-64-shippable-qr,True,False,,|c|o|l|d| |f|i|s|s|i|o|n| |i|n|t|e|r|a|c|t|i|v|e| |w|e|b|r|e|n|d|e|r|,102210fe594ee9b33d82058545b1ed14f4c8206e,fcp,reddit-billgates-post-1.billg,True,reddit-billgates-post-1.billg fcp opt cold fission webrender,,77,ms,firefox,452431875.0,1864735025,2024-03-26 22:59:31,1399480,,,,,,,,,,,,,,,,,,,,,,,,,,,,,,,,,,,,,,,,,,,,,,,,,TN
2353,1e79b6199559c2d8acfccdb5e9d5bc62033e6c15,0.14269087523277468,autoland,4060709,13,fd0dfc9511c4c123e048823de9954312c2b907c1,linux1804-64-shippable-qr,True,False,,|c|o|l|d| |f|i|s|s|i|o|n| |i|n|t|e|r|a|c|t|i|v|e| |w|e|b|r|e|n|d|e|r|,102210fe594ee9b33d82058545b1ed14f4c8206e,fcp,reddit-billgates-post-1.billg,True,reddit-billgates-post-1.billg fcp opt cold fission webrender,,77,ms,firefox,452462696.0,1864944289,2024-03-27 06:25:00,1399622,,,,,,,,,,,,,,,,,,,,,,,,,,,,,,,,,,,,,,,,,,,,,,,,,TN
2354,622bd952017025edfe3b7763206ce176b1fd01a7,0.16992551210428308,autoland,4060709,13,fd0dfc9511c4c123e048823de9954312c2b907c1,linux1804-64-shippable-qr,True,False,,|c|o|l|d| |f|i|s|s|i|o|n| |i|n|t|e|r|a|c|t|i|v|e| |w|e|b|r|e|n|d|e|r|,102210fe594ee9b33d82058545b1ed14f4c8206e,fcp,reddit-billgates-post-1.billg,True,reddit-billgates-post-1.billg fcp opt cold fission webrender,,77,ms,firefox,452625442.0,1865559271,2024-03-27 06:38:16,1399627,,,,,,,,,,,,,,,,,,,,,,,,,,,,,,,,,,,,,,,,,,,,,,,,,TN
2355,b3b57606103afb4c7c6eb41d87b2ccb21add6030,0.11894785847299816,autoland,4060709,13,fd0dfc9511c4c123e048823de9954312c2b907c1,linux1804-64-shippable-qr,True,False,,|c|o|l|d| |f|i|s|s|i|o|n| |i|n|t|e|r|a|c|t|i|v|e| |w|e|b|r|e|n|d|e|r|,102210fe594ee9b33d82058545b1ed14f4c8206e,fcp,reddit-billgates-post-1.billg,True,reddit-billgates-post-1.billg fcp opt cold fission webrender,,77,ms,firefox,452628879.0,1865576907,2024-03-27 06:40:48,1399631,,,,,,,,,,,,,,,,,,,,,,,,,,,,,,,,,,,,,,,,,,,,,,,,,TN
2356,7f2993771f48536c575137e4b51984ab6d3de136,0.13477653631284914,autoland,4060709,13,fd0dfc9511c4c123e048823de9954312c2b907c1,linux1804-64-shippable-qr,True,False,,|c|o|l|d| |f|i|s|s|i|o|n| |i|n|t|e|r|a|c|t|i|v|e| |w|e|b|r|e|n|d|e|r|,102210fe594ee9b33d82058545b1ed14f4c8206e,fcp,reddit-billgates-post-1.billg,True,reddit-billgates-post-1.billg fcp opt cold fission webrender,,77,ms,firefox,452497924.0,1865064379,2024-03-27 09:31:11,1399694,,,,,,,,,,,,,,,,,,,,,,,,,,,,,,,,,,,,,,,,,,,,,,,,,TN
2357,bc7ca80e302a788b0c3cc63cb148c628351b4946,0.13081936685288642,autoland,4060709,13,fd0dfc9511c4c123e048823de9954312c2b907c1,linux1804-64-shippable-qr,True,False,,|c|o|l|d| |f|i|s|s|i|o|n| |i|n|t|e|r|a|c|t|i|v|e| |w|e|b|r|e|n|d|e|r|,102210fe594ee9b33d82058545b1ed14f4c8206e,fcp,reddit-billgates-post-1.billg,True,reddit-billgates-post-1.billg fcp opt cold fission webrender,,77,ms,firefox,452528131.0,1865179825,2024-03-27 13:38:48,1399827,,,,,,,,,,,,,,,,,,,,,,,,,,,,,,,,,,,,,,,,,,,,,,,,,TN
2358,f8ac03b3c764017d5704deed413c8d35c99978fd,0.13454376163873372,autoland,4060709,13,fd0dfc9511c4c123e048823de9954312c2b907c1,linux1804-64-shippable-qr,True,False,,|c|o|l|d| |f|i|s|s|i|o|n| |i|n|t|e|r|a|c|t|i|v|e| |w|e|b|r|e|n|d|e|r|,102210fe594ee9b33d82058545b1ed14f4c8206e,fcp,reddit-billgates-post-1.billg,True,reddit-billgates-post-1.billg fcp opt cold fission webrender,,77,ms,firefox,452547336.0,1865268290,2024-03-27 15:45:41,1399897,,,,,,,,,,,,,,,,,,,,,,,,,,,,,,,,,,,,,,,,,,,,,,,,,TN
2359,5937312af5ae37b411939c2dcddbf6072d8d9cfc,0.11475791433891991,autoland,4060709,13,fd0dfc9511c4c123e048823de9954312c2b907c1,linux1804-64-shippable-qr,True,False,,|c|o|l|d| |f|i|s|s|i|o|n| |i|n|t|e|r|a|c|t|i|v|e| |w|e|b|r|e|n|d|e|r|,102210fe594ee9b33d82058545b1ed14f4c8206e,fcp,reddit-billgates-post-1.billg,True,reddit-billgates-post-1.billg fcp opt cold fission webrender,,77,ms,firefox,452563542.0,1865368672,2024-03-27 17:44:07,1400012,,,,,,,,,,,,,,,,,,,,,,,,,,,,,,,,,,,,,,,,,,,,,,,,,TN
2360,b1cc62489fae8d475f67dec2d9abdf69e2d47614,0.143854748603352,autoland,4060709,13,fd0dfc9511c4c123e048823de9954312c2b907c1,linux1804-64-shippable-qr,True,False,,|c|o|l|d| |f|i|s|s|i|o|n| |i|n|t|e|r|a|c|t|i|v|e| |w|e|b|r|e|n|d|e|r|,102210fe594ee9b33d82058545b1ed14f4c8206e,fcp,reddit-billgates-post-1.billg,True,reddit-billgates-post-1.billg fcp opt cold fission webrender,,77,ms,firefox,452621728.0,1865545836,2024-03-28 01:10:01,1400291,,,,,,,,,,,,,,,,,,,,,,,,,,,,,,,,,,,,,,,,,,,,,,,,,TN
2361,1e7411c6b6399b5f5595f99e8d08576e473af625,0.1485102420856611,autoland,4060709,13,fd0dfc9511c4c123e048823de9954312c2b907c1,linux1804-64-shippable-qr,True,False,,|c|o|l|d| |f|i|s|s|i|o|n| |i|n|t|e|r|a|c|t|i|v|e| |w|e|b|r|e|n|d|e|r|,102210fe594ee9b33d82058545b1ed14f4c8206e,fcp,reddit-billgates-post-1.billg,True,reddit-billgates-post-1.billg fcp opt cold fission webrender,,77,ms,firefox,452658561.0,1865671397,2024-03-28 09:47:39,1400442,,,,,,,,,,,,,,,,,,,,,,,,,,,,,,,,,,,,,,,,,,,,,,,,,TN
2362,55aaac6352fb1fbc44f600408b2bd5a63b4ae440,0.12732774674115455,autoland,4060709,13,fd0dfc9511c4c123e048823de9954312c2b907c1,linux1804-64-shippable-qr,True,False,,|c|o|l|d| |f|i|s|s|i|o|n| |i|n|t|e|r|a|c|t|i|v|e| |w|e|b|r|e|n|d|e|r|,102210fe594ee9b33d82058545b1ed14f4c8206e,fcp,reddit-billgates-post-1.billg,True,reddit-billgates-post-1.billg fcp opt cold fission webrender,,77,ms,firefox,452665023.0,1865698145,2024-03-28 10:32:02,1400466,,,,,,,,,,,,,,,,,,,,,,,,,,,,,,,,,,,,,,,,,,,,,,,,,TN
2363,bbd8d31961c44a5970a51986b7c9a59266dce635,0.12849162011173176,autoland,4060709,13,fd0dfc9511c4c123e048823de9954312c2b907c1,linux1804-64-shippable-qr,True,False,,|c|o|l|d| |f|i|s|s|i|o|n| |i|n|t|e|r|a|c|t|i|v|e| |w|e|b|r|e|n|d|e|r|,102210fe594ee9b33d82058545b1ed14f4c8206e,fcp,reddit-billgates-post-1.billg,True,reddit-billgates-post-1.billg fcp opt cold fission webrender,,77,ms,firefox,452782197.0,1866217953,2024-03-28 12:44:44,1400526,,,,,,,,,,,,,,,,,,,,,,,,,,,,,,,,,,,,,,,,,,,,,,,,,TN
2364,ace4b125b6e06909b7a5d35847873198b28f2d27,0.15013966480446927,autoland,4060709,13,fd0dfc9511c4c123e048823de9954312c2b907c1,linux1804-64-shippable-qr,True,False,,|c|o|l|d| |f|i|s|s|i|o|n| |i|n|t|e|r|a|c|t|i|v|e| |w|e|b|r|e|n|d|e|r|,102210fe594ee9b33d82058545b1ed14f4c8206e,fcp,reddit-billgates-post-1.billg,True,reddit-billgates-post-1.billg fcp opt cold fission webrender,,77,ms,firefox,452778921.0,1866168179,2024-03-28 12:45:30,1400527,,,,,,,,,,,,,,,,,,,,,,,,,,,,,,,,,,,,,,,,,,,,,,,,,TN
2365,1c98db62bb1a20d26f812d28d86672158450e71c,0.14036312849162014,autoland,4060709,13,fd0dfc9511c4c123e048823de9954312c2b907c1,linux1804-64-shippable-qr,True,False,,|c|o|l|d| |f|i|s|s|i|o|n| |i|n|t|e|r|a|c|t|i|v|e| |w|e|b|r|e|n|d|e|r|,102210fe594ee9b33d82058545b1ed14f4c8206e,fcp,reddit-billgates-post-1.billg,True,reddit-billgates-post-1.billg fcp opt cold fission webrender,,77,ms,firefox,452703278.0,1865843634,2024-03-28 14:53:03,1400606,,,,,,,,,,,,,,,,,,,,,,,,,,,,,,,,,,,,,,,,,,,,,,,,,TN
2366,2b1a58a2fa54e47a357b20bda28512cebd79f732,0.13594040968342647,autoland,4060709,13,fd0dfc9511c4c123e048823de9954312c2b907c1,linux1804-64-shippable-qr,True,False,,|c|o|l|d| |f|i|s|s|i|o|n| |i|n|t|e|r|a|c|t|i|v|e| |w|e|b|r|e|n|d|e|r|,102210fe594ee9b33d82058545b1ed14f4c8206e,fcp,reddit-billgates-post-1.billg,True,reddit-billgates-post-1.billg fcp opt cold fission webrender,,77,ms,firefox,452701062.0,1865824763,2024-03-28 15:08:02,1400620,,,,,,,,,,,,,,,,,,,,,,,,,,,,,,,,,,,,,,,,,,,,,,,,,TN
2367,bae88db81951e0561249da8a92815ef5d459c933,0.13850093109869643,autoland,4060709,13,fd0dfc9511c4c123e048823de9954312c2b907c1,linux1804-64-shippable-qr,True,False,,|c|o|l|d| |f|i|s|s|i|o|n| |i|n|t|e|r|a|c|t|i|v|e| |w|e|b|r|e|n|d|e|r|,102210fe594ee9b33d82058545b1ed14f4c8206e,fcp,reddit-billgates-post-1.billg,True,reddit-billgates-post-1.billg fcp opt cold fission webrender,,77,ms,firefox,452778784.0,1866166221,2024-03-28 17:32:47,1400723,,,,,,,,,,,,,,,,,,,,,,,,,,,,,,,,,,,,,,,,,,,,,,,,,TN
2368,94a8891bfbbf0ff89e380ac3f28e4f9782aca0ac,0.14618249534450656,autoland,4060709,13,fd0dfc9511c4c123e048823de9954312c2b907c1,linux1804-64-shippable-qr,True,False,,|c|o|l|d| |f|i|s|s|i|o|n| |i|n|t|e|r|a|c|t|i|v|e| |w|e|b|r|e|n|d|e|r|,102210fe594ee9b33d82058545b1ed14f4c8206e,fcp,reddit-billgates-post-1.billg,True,reddit-billgates-post-1.billg fcp opt cold fission webrender,,77,ms,firefox,452780010.0,1866205467,2024-03-28 17:34:56,1400727,,,,,,,,,,,,,,,,,,,,,,,,,,,,,,,,,,,,,,,,,,,,,,,,,TN
2369,b9f38a3edd45f19c8f1f0e6f96e11dea269f3399,0.15642458100558654,autoland,4060709,13,fd0dfc9511c4c123e048823de9954312c2b907c1,linux1804-64-shippable-qr,True,False,,|c|o|l|d| |f|i|s|s|i|o|n| |i|n|t|e|r|a|c|t|i|v|e| |w|e|b|r|e|n|d|e|r|,102210fe594ee9b33d82058545b1ed14f4c8206e,fcp,reddit-billgates-post-1.billg,True,reddit-billgates-post-1.billg fcp opt cold fission webrender,,77,ms,firefox,452727514.0,1865941675,2024-03-28 19:06:21,1400789,,,,,,,,,,,,,,,,,,,,,,,,,,,,,,,,,,,,,,,,,,,,,,,,,TN
2370,8b46ddebfb7e99c2dd8d13182e11398381eda976,0.13361266294227192,autoland,4060709,13,fd0dfc9511c4c123e048823de9954312c2b907c1,linux1804-64-shippable-qr,True,False,,|c|o|l|d| |f|i|s|s|i|o|n| |i|n|t|e|r|a|c|t|i|v|e| |w|e|b|r|e|n|d|e|r|,102210fe594ee9b33d82058545b1ed14f4c8206e,fcp,reddit-billgates-post-1.billg,True,reddit-billgates-post-1.billg fcp opt cold fission webrender,,77,ms,firefox,452758154.0,1866047604,2024-03-28 23:11:00,1400928,,,,,,,,,,,,,,,,,,,,,,,,,,,,,,,,,,,,,,,,,,,,,,,,,TN
2371,28b4eaeb70285be21ee6612c4e891e41c7949b68,0.1305865921787709,autoland,4060709,13,fd0dfc9511c4c123e048823de9954312c2b907c1,linux1804-64-shippable-qr,True,False,,|c|o|l|d| |f|i|s|s|i|o|n| |i|n|t|e|r|a|c|t|i|v|e| |w|e|b|r|e|n|d|e|r|,102210fe594ee9b33d82058545b1ed14f4c8206e,fcp,reddit-billgates-post-1.billg,True,reddit-billgates-post-1.billg fcp opt cold fission webrender,,77,ms,firefox,452760835.0,1866068948,2024-03-29 00:03:22,1400956,,,,,,,,,,,,,,,,,,,,,,,,,,,,,,,,,,,,,,,,,,,,,,,,,TN
2372,4120fb3d12f57159ca2e6809f555312e00adda5d,0.1662011173184358,autoland,4060709,13,fd0dfc9511c4c123e048823de9954312c2b907c1,linux1804-64-shippable-qr,True,False,,|c|o|l|d| |f|i|s|s|i|o|n| |i|n|t|e|r|a|c|t|i|v|e| |w|e|b|r|e|n|d|e|r|,102210fe594ee9b33d82058545b1ed14f4c8206e,fcp,reddit-billgates-post-1.billg,True,reddit-billgates-post-1.billg fcp opt cold fission webrender,,77,ms,firefox,452776215.0,1866149191,2024-03-29 04:27:46,1401028,,,,,,,,,,,,,,,,,,,,,,,,,,,,,,,,,,,,,,,,,,,,,,,,,TN
2373,39124d8575b2fb025ca7fd37b91e052f28e88e67,0.13454376163873372,autoland,4060709,13,fd0dfc9511c4c123e048823de9954312c2b907c1,linux1804-64-shippable-qr,True,False,,|c|o|l|d| |f|i|s|s|i|o|n| |i|n|t|e|r|a|c|t|i|v|e| |w|e|b|r|e|n|d|e|r|,102210fe594ee9b33d82058545b1ed14f4c8206e,fcp,reddit-billgates-post-1.billg,True,reddit-billgates-post-1.billg fcp opt cold fission webrender,,77,ms,firefox,452829668.0,1866359691,2024-03-29 12:22:16,1401116,,,,,,,,,,,,,,,,,,,,,,,,,,,,,,,,,,,,,,,,,,,,,,,,,TN
2374,33becba24b3c497daf0c1180e5c659ed3cc9028c,0.1503724394785847,autoland,4060709,13,fd0dfc9511c4c123e048823de9954312c2b907c1,linux1804-64-shippable-qr,True,False,,|c|o|l|d| |f|i|s|s|i|o|n| |i|n|t|e|r|a|c|t|i|v|e| |w|e|b|r|e|n|d|e|r|,102210fe594ee9b33d82058545b1ed14f4c8206e,fcp,reddit-billgates-post-1.billg,True,reddit-billgates-post-1.billg fcp opt cold fission webrender,,77,ms,firefox,452852520.0,1866424474,2024-03-29 16:11:04,1401211,,,,,,,,,,,,,,,,,,,,,,,,,,,,,,,,,,,,,,,,,,,,,,,,,TN
2375,dd4f0b5931701d3aa7f7ed94fd3ba8c45816316c,0.13454376163873372,autoland,4060709,13,fd0dfc9511c4c123e048823de9954312c2b907c1,linux1804-64-shippable-qr,True,False,,|c|o|l|d| |f|i|s|s|i|o|n| |i|n|t|e|r|a|c|t|i|v|e| |w|e|b|r|e|n|d|e|r|,102210fe594ee9b33d82058545b1ed14f4c8206e,fcp,reddit-billgates-post-1.billg,True,reddit-billgates-post-1.billg fcp opt cold fission webrender,,77,ms,firefox,452881083.0,1866560717,2024-03-29 20:24:43,1401326,,,,,,,,,,,,,,,,,,,,,,,,,,,,,,,,,,,,,,,,,,,,,,,,,TN
2376,2fe1ab05c8fa00d73df88b20df9bc87301a46d46,0.125,autoland,4060709,13,fd0dfc9511c4c123e048823de9954312c2b907c1,linux1804-64-shippable-qr,True,False,,|c|o|l|d| |f|i|s|s|i|o|n| |i|n|t|e|r|a|c|t|i|v|e| |w|e|b|r|e|n|d|e|r|,102210fe594ee9b33d82058545b1ed14f4c8206e,fcp,reddit-billgates-post-1.billg,True,reddit-billgates-post-1.billg fcp opt cold fission webrender,,77,ms,firefox,452901185.0,1866681055,2024-03-30 04:38:25,1401437,,,,,,,,,,,,,,,,,,,,,,,,,,,,,,,,,,,,,,,,,,,,,,,,,TN
2377,3e1a0031f44e72f557f0ec79cf8423168b952d80,0.15386405959031657,autoland,4060709,13,fd0dfc9511c4c123e048823de9954312c2b907c1,linux1804-64-shippable-qr,True,False,,|c|o|l|d| |f|i|s|s|i|o|n| |i|n|t|e|r|a|c|t|i|v|e| |w|e|b|r|e|n|d|e|r|,102210fe594ee9b33d82058545b1ed14f4c8206e,fcp,reddit-billgates-post-1.billg,True,reddit-billgates-post-1.billg fcp opt cold fission webrender,,77,ms,firefox,452908955.0,1866711435,2024-03-30 08:43:08,1401445,,,,,,,,,,,,,,,,,,,,,,,,,,,,,,,,,,,,,,,,,,,,,,,,,TN
2378,dea770591ed30035f88966bbf45cbbcc6557cdcc,0.1391992551210428,autoland,4060709,13,fd0dfc9511c4c123e048823de9954312c2b907c1,linux1804-64-shippable-qr,True,False,,|c|o|l|d| |f|i|s|s|i|o|n| |i|n|t|e|r|a|c|t|i|v|e| |w|e|b|r|e|n|d|e|r|,102210fe594ee9b33d82058545b1ed14f4c8206e,fcp,reddit-billgates-post-1.billg,True,reddit-billgates-post-1.billg fcp opt cold fission webrender,,77,ms,firefox,452933601.0,1866806416,2024-03-30 16:23:17,1401476,,,,,,,,,,,,,,,,,,,,,,,,,,,,,,,,,,,,,,,,,,,,,,,,,TN
2379,d7916bbe3cb4118dd9464ef3af064b13b3b0d0c4,0.16666666666666663,autoland,4060709,13,fd0dfc9511c4c123e048823de9954312c2b907c1,linux1804-64-shippable-qr,True,False,,|c|o|l|d| |f|i|s|s|i|o|n| |i|n|t|e|r|a|c|t|i|v|e| |w|e|b|r|e|n|d|e|r|,102210fe594ee9b33d82058545b1ed14f4c8206e,fcp,reddit-billgates-post-1.billg,True,reddit-billgates-post-1.billg fcp opt cold fission webrender,,77,ms,firefox,452939288.0,1866832251,2024-03-30 17:37:54,1401479,,,,,,,,,,,,,,,,,,,,,,,,,,,,,,,,,,,,,,,,,,,,,,,,,TN
2380,579426b2f39c365731042d79d87533ac3f616461,0.11638733705772808,autoland,4060709,13,fd0dfc9511c4c123e048823de9954312c2b907c1,linux1804-64-shippable-qr,True,False,,|c|o|l|d| |f|i|s|s|i|o|n| |i|n|t|e|r|a|c|t|i|v|e| |w|e|b|r|e|n|d|e|r|,102210fe594ee9b33d82058545b1ed14f4c8206e,fcp,reddit-billgates-post-1.billg,True,reddit-billgates-post-1.billg fcp opt cold fission webrender,,77,ms,firefox,452966640.0,1866927801,2024-03-31 07:04:36,1401509,,,,,,,,,,,,,,,,,,,,,,,,,,,,,,,,,,,,,,,,,,,,,,,,,TN
2381,dfc3fd176c4fcd62b5a28dcfedea3c509f24ebf5,0.1380353817504656,autoland,4060709,13,fd0dfc9511c4c123e048823de9954312c2b907c1,linux1804-64-shippable-qr,True,False,,|c|o|l|d| |f|i|s|s|i|o|n| |i|n|t|e|r|a|c|t|i|v|e| |w|e|b|r|e|n|d|e|r|,102210fe594ee9b33d82058545b1ed14f4c8206e,fcp,reddit-billgates-post-1.billg,True,reddit-billgates-post-1.billg fcp opt cold fission webrender,,77,ms,firefox,452990127.0,1867019314,2024-03-31 14:47:20,1401533,,,,,,,,,,,,,,,,,,,,,,,,,,,,,,,,,,,,,,,,,,,,,,,,,TN
2382,334eacacff83840ceed0bb2077c0a2a527e491a5,0.1627094972067039,autoland,4060709,13,fd0dfc9511c4c123e048823de9954312c2b907c1,linux1804-64-shippable-qr,True,False,,|c|o|l|d| |f|i|s|s|i|o|n| |i|n|t|e|r|a|c|t|i|v|e| |w|e|b|r|e|n|d|e|r|,102210fe594ee9b33d82058545b1ed14f4c8206e,fcp,reddit-billgates-post-1.billg,True,reddit-billgates-post-1.billg fcp opt cold fission webrender,,77,ms,firefox,452993824.0,1867034933,2024-03-31 19:03:22,1401545,,,,,,,,,,,,,,,,,,,,,,,,,,,,,,,,,,,,,,,,,,,,,,,,,TN
2383,5d97e037b69610f99c35f4bbd65d27bafc5605fc,0.10870577281191807,autoland,4060709,13,fd0dfc9511c4c123e048823de9954312c2b907c1,linux1804-64-shippable-qr,True,False,,|c|o|l|d| |f|i|s|s|i|o|n| |i|n|t|e|r|a|c|t|i|v|e| |w|e|b|r|e|n|d|e|r|,102210fe594ee9b33d82058545b1ed14f4c8206e,fcp,reddit-billgates-post-1.billg,True,reddit-billgates-post-1.billg fcp opt cold fission webrender,,77,ms,firefox,453014554.0,1867118480,2024-04-01 07:03:36,1401600,,,,,,,,,,,,,,,,,,,,,,,,,,,,,,,,,,,,,,,,,,,,,,,,,TN
2384,9546c05d8f57091e5d3e12129a49f11b8b027da7,0.11708566108007457,autoland,4060709,13,fd0dfc9511c4c123e048823de9954312c2b907c1,linux1804-64-shippable-qr,True,False,,|c|o|l|d| |f|i|s|s|i|o|n| |i|n|t|e|r|a|c|t|i|v|e| |w|e|b|r|e|n|d|e|r|,102210fe594ee9b33d82058545b1ed14f4c8206e,fcp,reddit-billgates-post-1.billg,True,reddit-billgates-post-1.billg fcp opt cold fission webrender,,77,ms,firefox,453039268.0,1867192519,2024-04-01 11:30:18,1401661,,,,,,,,,,,,,,,,,,,,,,,,,,,,,,,,,,,,,,,,,,,,,,,,,TN
2385,26157b52a8c30d72d8e065cc4a8286633ee85b63,0.12081005586592175,autoland,4060709,13,fd0dfc9511c4c123e048823de9954312c2b907c1,linux1804-64-shippable-qr,True,False,,|c|o|l|d| |f|i|s|s|i|o|n| |i|n|t|e|r|a|c|t|i|v|e| |w|e|b|r|e|n|d|e|r|,102210fe594ee9b33d82058545b1ed14f4c8206e,fcp,reddit-billgates-post-1.billg,True,reddit-billgates-post-1.billg fcp opt cold fission webrender,,77,ms,firefox,453062427.0,1867240411,2024-04-01 13:16:41,1401687,,,,,,,,,,,,,,,,,,,,,,,,,,,,,,,,,,,,,,,,,,,,,,,,,TN
2386,cdd16ab5df10333f1a1eb637ecf2692e15271d17,0.1277932960893855,autoland,4060709,13,fd0dfc9511c4c123e048823de9954312c2b907c1,linux1804-64-shippable-qr,True,False,,|c|o|l|d| |f|i|s|s|i|o|n| |i|n|t|e|r|a|c|t|i|v|e| |w|e|b|r|e|n|d|e|r|,102210fe594ee9b33d82058545b1ed14f4c8206e,fcp,reddit-billgates-post-1.billg,True,reddit-billgates-post-1.billg fcp opt cold fission webrender,,77,ms,firefox,453086458.0,1867320429,2024-04-01 17:19:53,1401785,,,,,,,,,,,,,,,,,,,,,,,,,,,,,,,,,,,,,,,,,,,,,,,,,TN
2387,57354c5689ef8a5f598978d912570706445e1034,0.1485102420856611,autoland,4060709,13,fd0dfc9511c4c123e048823de9954312c2b907c1,linux1804-64-shippable-qr,True,False,,|c|o|l|d| |f|i|s|s|i|o|n| |i|n|t|e|r|a|c|t|i|v|e| |w|e|b|r|e|n|d|e|r|,102210fe594ee9b33d82058545b1ed14f4c8206e,fcp,reddit-billgates-post-1.billg,True,reddit-billgates-post-1.billg fcp opt cold fission webrender,,77,ms,firefox,453092291.0,1867352043,2024-04-01 18:19:29,1401826,,,,,,,,,,,,,,,,,,,,,,,,,,,,,,,,,,,,,,,,,,,,,,,,,TN
2388,13111643fbf4557d26174a12b2cde1954182b0ab,0.16014897579143395,autoland,4060709,13,fd0dfc9511c4c123e048823de9954312c2b907c1,linux1804-64-shippable-qr,True,False,,|c|o|l|d| |f|i|s|s|i|o|n| |i|n|t|e|r|a|c|t|i|v|e| |w|e|b|r|e|n|d|e|r|,102210fe594ee9b33d82058545b1ed14f4c8206e,fcp,reddit-billgates-post-1.billg,True,reddit-billgates-post-1.billg fcp opt cold fission webrender,,77,ms,firefox,453133019.0,1867512187,2024-04-01 22:35:55,1402004,,,,,,,,,,,,,,,,,,,,,,,,,,,,,,,,,,,,,,,,,,,,,,,,,TN
2389,e7ec5d35ae0d80f4a77b6705e1a393c637da672e,0.16480446927374304,autoland,4060709,13,fd0dfc9511c4c123e048823de9954312c2b907c1,linux1804-64-shippable-qr,True,False,,|c|o|l|d| |f|i|s|s|i|o|n| |i|n|t|e|r|a|c|t|i|v|e| |w|e|b|r|e|n|d|e|r|,102210fe594ee9b33d82058545b1ed14f4c8206e,fcp,reddit-billgates-post-1.billg,True,reddit-billgates-post-1.billg fcp opt cold fission webrender,,77,ms,firefox,453133493.0,1867529188,2024-04-01 22:39:43,1402007,,,,,,,,,,,,,,,,,,,,,,,,,,,,,,,,,,,,,,,,,,,,,,,,,TN
2390,de086751acb845c252c37aab95a7e6b265df39a6,0.12383612662942267,autoland,4060709,13,fd0dfc9511c4c123e048823de9954312c2b907c1,linux1804-64-shippable-qr,True,False,,|c|o|l|d| |f|i|s|s|i|o|n| |i|n|t|e|r|a|c|t|i|v|e| |w|e|b|r|e|n|d|e|r|,102210fe594ee9b33d82058545b1ed14f4c8206e,fcp,reddit-billgates-post-1.billg,True,reddit-billgates-post-1.billg fcp opt cold fission webrender,,77,ms,firefox,453147961.0,1867591524,2024-04-02 04:32:43,1402085,,,,,,,,,,,,,,,,,,,,,,,,,,,,,,,,,,,,,,,,,,,,,,,,,TN
2391,4df6842cb470c27ca949eaaa6d3a9b6b37d9c8fe,0.10521415270018619,autoland,4060709,13,fd0dfc9511c4c123e048823de9954312c2b907c1,linux1804-64-shippable-qr,True,False,,|c|o|l|d| |f|i|s|s|i|o|n| |i|n|t|e|r|a|c|t|i|v|e| |w|e|b|r|e|n|d|e|r|,102210fe594ee9b33d82058545b1ed14f4c8206e,fcp,reddit-billgates-post-1.billg,True,reddit-billgates-post-1.billg fcp opt cold fission webrender,,77,ms,firefox,453170868.0,1867663644,2024-04-02 08:47:33,1402179,,,,,,,,,,,,,,,,,,,,,,,,,,,,,,,,,,,,,,,,,,,,,,,,,TN
2392,52bb75377d06cfb305446ca966c7526c9c9729c7,0.15060521415270012,autoland,4060709,13,fd0dfc9511c4c123e048823de9954312c2b907c1,linux1804-64-shippable-qr,True,False,,|c|o|l|d| |f|i|s|s|i|o|n| |i|n|t|e|r|a|c|t|i|v|e| |w|e|b|r|e|n|d|e|r|,102210fe594ee9b33d82058545b1ed14f4c8206e,fcp,reddit-billgates-post-1.billg,True,reddit-billgates-post-1.billg fcp opt cold fission webrender,,77,ms,firefox,453171717.0,1867679525,2024-04-02 08:57:49,1402180,,,,,,,,,,,,,,,,,,,,,,,,,,,,,,,,,,,,,,,,,,,,,,,,,TN
2393,1eb7fb5dab3b7003052fa7fa8e85566bd5fa2a73,0.13966480446927376,autoland,4060709,13,fd0dfc9511c4c123e048823de9954312c2b907c1,linux1804-64-shippable-qr,True,False,,|c|o|l|d| |f|i|s|s|i|o|n| |i|n|t|e|r|a|c|t|i|v|e| |w|e|b|r|e|n|d|e|r|,102210fe594ee9b33d82058545b1ed14f4c8206e,fcp,reddit-billgates-post-1.billg,True,reddit-billgates-post-1.billg fcp opt cold fission webrender,,77,ms,firefox,453212500.0,1867830779,2024-04-02 13:00:14,1402287,,,,,,,,,,,,,,,,,,,,,,,,,,,,,,,,,,,,,,,,,,,,,,,,,TN
2394,083657141f799bed9b0e401403d144e76c1f3c63,0.11964618249534453,autoland,4060709,13,fd0dfc9511c4c123e048823de9954312c2b907c1,linux1804-64-shippable-qr,True,False,,|c|o|l|d| |f|i|s|s|i|o|n| |i|n|t|e|r|a|c|t|i|v|e| |w|e|b|r|e|n|d|e|r|,102210fe594ee9b33d82058545b1ed14f4c8206e,fcp,reddit-billgates-post-1.billg,True,reddit-billgates-post-1.billg fcp opt cold fission webrender,,77,ms,firefox,453216271.0,1867861303,2024-04-02 13:21:01,1402293,,,,,,,,,,,,,,,,,,,,,,,,,,,,,,,,,,,,,,,,,,,,,,,,,TN
2395,b1212fb9438edc5930a3e8228dd52ff3c068031c,0.15735567970204845,autoland,4060709,13,fd0dfc9511c4c123e048823de9954312c2b907c1,linux1804-64-shippable-qr,True,False,,|c|o|l|d| |f|i|s|s|i|o|n| |i|n|t|e|r|a|c|t|i|v|e| |w|e|b|r|e|n|d|e|r|,102210fe594ee9b33d82058545b1ed14f4c8206e,fcp,reddit-billgates-post-1.billg,True,reddit-billgates-post-1.billg fcp opt cold fission webrender,,77,ms,firefox,453239163.0,1867960019,2024-04-02 16:51:17,1402473,,,,,,,,,,,,,,,,,,,,,,,,,,,,,,,,,,,,,,,,,,,,,,,,,TN
2396,96cda2b1a568a48c3d201417fa49e8fc852ef641,0.1513035381750466,autoland,4060709,13,fd0dfc9511c4c123e048823de9954312c2b907c1,linux1804-64-shippable-qr,True,False,,|c|o|l|d| |f|i|s|s|i|o|n| |i|n|t|e|r|a|c|t|i|v|e| |w|e|b|r|e|n|d|e|r|,102210fe594ee9b33d82058545b1ed14f4c8206e,fcp,reddit-billgates-post-1.billg,True,reddit-billgates-post-1.billg fcp opt cold fission webrender,,77,ms,firefox,453277421.0,1868094968,2024-04-02 20:58:38,1402671,,,,,,,,,,,,,,,,,,,,,,,,,,,,,,,,,,,,,,,,,,,,,,,,,TN
2397,f018182907189490b43f3e89c76cfe1851bf41e7,0.15665735567970207,autoland,4060709,13,fd0dfc9511c4c123e048823de9954312c2b907c1,linux1804-64-shippable-qr,True,False,,|c|o|l|d| |f|i|s|s|i|o|n| |i|n|t|e|r|a|c|t|i|v|e| |w|e|b|r|e|n|d|e|r|,102210fe594ee9b33d82058545b1ed14f4c8206e,fcp,reddit-billgates-post-1.billg,True,reddit-billgates-post-1.billg fcp opt cold fission webrender,,77,ms,firefox,453288970.0,1868154213,2024-04-02 20:59:25,1402673,,,,,,,,,,,,,,,,,,,,,,,,,,,,,,,,,,,,,,,,,,,,,,,,,TN
2398,a6eb5bc4af4569aebf5617bde2573988578fb8a0,0.13756983240223464,autoland,4060709,13,fd0dfc9511c4c123e048823de9954312c2b907c1,linux1804-64-shippable-qr,True,False,,|c|o|l|d| |f|i|s|s|i|o|n| |i|n|t|e|r|a|c|t|i|v|e| |w|e|b|r|e|n|d|e|r|,102210fe594ee9b33d82058545b1ed14f4c8206e,fcp,reddit-billgates-post-1.billg,True,reddit-billgates-post-1.billg fcp opt cold fission webrender,,77,ms,firefox,453286766.0,1868148506,2024-04-02 21:00:13,1402674,,,,,,,,,,,,,,,,,,,,,,,,,,,,,,,,,,,,,,,,,,,,,,,,,TN
2399,bfdc9733f80bab4558cf720975c00e2658b9b8c0,0.159683426443203,autoland,4060709,13,fd0dfc9511c4c123e048823de9954312c2b907c1,linux1804-64-shippable-qr,True,False,,|c|o|l|d| |f|i|s|s|i|o|n| |i|n|t|e|r|a|c|t|i|v|e| |w|e|b|r|e|n|d|e|r|,102210fe594ee9b33d82058545b1ed14f4c8206e,fcp,reddit-billgates-post-1.billg,True,reddit-billgates-post-1.billg fcp opt cold fission webrender,,77,ms,firefox,453278216.0,1868103320,2024-04-02 23:14:01,1402759,,,,,,,,,,,,,,,,,,,,,,,,,,,,,,,,,,,,,,,,,,,,,,,,,TN
2400,e9a6b1d9b2360abbda7261a5e023f1fdfaf1fbc4,0.13128491620111737,autoland,4060709,13,fd0dfc9511c4c123e048823de9954312c2b907c1,linux1804-64-shippable-qr,True,False,,|c|o|l|d| |f|i|s|s|i|o|n| |i|n|t|e|r|a|c|t|i|v|e| |w|e|b|r|e|n|d|e|r|,102210fe594ee9b33d82058545b1ed14f4c8206e,fcp,reddit-billgates-post-1.billg,True,reddit-billgates-post-1.billg fcp opt cold fission webrender,,77,ms,firefox,453285135.0,1868134686,2024-04-03 02:01:46,1402833,,,,,,,,,,,,,,,,,,,,,,,,,,,,,,,,,,,,,,,,,,,,,,,,,TN
2401,c720e2e99bf375c24b09c0a1415f15ba911c56ce,0.1410614525139665,autoland,4060709,13,fd0dfc9511c4c123e048823de9954312c2b907c1,linux1804-64-shippable-qr,True,False,,|c|o|l|d| |f|i|s|s|i|o|n| |i|n|t|e|r|a|c|t|i|v|e| |w|e|b|r|e|n|d|e|r|,102210fe594ee9b33d82058545b1ed14f4c8206e,fcp,reddit-billgates-post-1.billg,True,reddit-billgates-post-1.billg fcp opt cold fission webrender,,77,ms,firefox,453301847.0,1868219971,2024-04-03 06:21:18,1402898,,,,,,,,,,,,,,,,,,,,,,,,,,,,,,,,,,,,,,,,,,,,,,,,,TN
2402,8c92b17c7b2805a83d5a80fa103b82ae132d8320,0.1354748603351955,autoland,4060709,13,fd0dfc9511c4c123e048823de9954312c2b907c1,linux1804-64-shippable-qr,True,False,,|c|o|l|d| |f|i|s|s|i|o|n| |i|n|t|e|r|a|c|t|i|v|e| |w|e|b|r|e|n|d|e|r|,102210fe594ee9b33d82058545b1ed14f4c8206e,fcp,reddit-billgates-post-1.billg,True,reddit-billgates-post-1.billg fcp opt cold fission webrender,,77,ms,firefox,453312554.0,1868265190,2024-04-03 08:00:33,1402944,,,,,,,,,,,,,,,,,,,,,,,,,,,,,,,,,,,,,,,,,,,,,,,,,TN
2403,81ea9950a766d85ced5d1db992689422649c3b26,0.11731843575418999,autoland,4060709,13,fd0dfc9511c4c123e048823de9954312c2b907c1,linux1804-64-shippable-qr,True,False,,|c|o|l|d| |f|i|s|s|i|o|n| |i|n|t|e|r|a|c|t|i|v|e| |w|e|b|r|e|n|d|e|r|,102210fe594ee9b33d82058545b1ed14f4c8206e,fcp,reddit-billgates-post-1.billg,True,reddit-billgates-post-1.billg fcp opt cold fission webrender,,77,ms,firefox,453347059.0,1868351107,2024-04-03 12:19:12,1403087,,,,,,,,,,,,,,,,,,,,,,,,,,,,,,,,,,,,,,,,,,,,,,,,,TN
2404,31ead35d5981bb6a0da919643013edfb0b8934b6,0.13035381750465547,autoland,4060709,13,fd0dfc9511c4c123e048823de9954312c2b907c1,linux1804-64-shippable-qr,True,False,,|c|o|l|d| |f|i|s|s|i|o|n| |i|n|t|e|r|a|c|t|i|v|e| |w|e|b|r|e|n|d|e|r|,102210fe594ee9b33d82058545b1ed14f4c8206e,fcp,reddit-billgates-post-1.billg,True,reddit-billgates-post-1.billg fcp opt cold fission webrender,,77,ms,firefox,453374547.0,1868451067,2024-04-03 15:08:48,1403194,,,,,,,,,,,,,,,,,,,,,,,,,,,,,,,,,,,,,,,,,,,,,,,,,TN
2405,a9ffaf77a5b0635bebc58e9cf9c0fb26f5444d3d,0.14036312849162014,autoland,4060709,13,fd0dfc9511c4c123e048823de9954312c2b907c1,linux1804-64-shippable-qr,True,False,,|c|o|l|d| |f|i|s|s|i|o|n| |i|n|t|e|r|a|c|t|i|v|e| |w|e|b|r|e|n|d|e|r|,102210fe594ee9b33d82058545b1ed14f4c8206e,fcp,reddit-billgates-post-1.billg,True,reddit-billgates-post-1.billg fcp opt cold fission webrender,,77,ms,firefox,453442923.0,1868686896,2024-04-03 16:14:29,1403253,,,,,,,,,,,,,,,,,,,,,,,,,,,,,,,,,,,,,,,,,,,,,,,,,TN
2406,b27e71b032d1cc8cba63e44da1cee14deda5e942,0.11219739292364983,autoland,4060709,13,fd0dfc9511c4c123e048823de9954312c2b907c1,linux1804-64-shippable-qr,True,False,,|c|o|l|d| |f|i|s|s|i|o|n| |i|n|t|e|r|a|c|t|i|v|e| |w|e|b|r|e|n|d|e|r|,102210fe594ee9b33d82058545b1ed14f4c8206e,fcp,reddit-billgates-post-1.billg,True,reddit-billgates-post-1.billg fcp opt cold fission webrender,,77,ms,firefox,453453702.0,1868725049,2024-04-03 16:15:23,1403255,,,,,,,,,,,,,,,,,,,,,,,,,,,,,,,,,,,,,,,,,,,,,,,,,TN
2407,26f475fb8d5ae5cb0b3bd5fb9d77aa7fc2df2665,0.13594040968342647,autoland,4060709,13,fd0dfc9511c4c123e048823de9954312c2b907c1,linux1804-64-shippable-qr,True,False,,|c|o|l|d| |f|i|s|s|i|o|n| |i|n|t|e|r|a|c|t|i|v|e| |w|e|b|r|e|n|d|e|r|,102210fe594ee9b33d82058545b1ed14f4c8206e,fcp,reddit-billgates-post-1.billg,True,reddit-billgates-post-1.billg fcp opt cold fission webrender,,77,ms,firefox,453397558.0,1868535109,2024-04-03 19:17:19,1403406,,,,,,,,,,,,,,,,,,,,,,,,,,,,,,,,,,,,,,,,,,,,,,,,,TN
2408,aedb2756de7fa4089d89d53f49a007290003d58d,0.1466480446927374,autoland,4060709,13,fd0dfc9511c4c123e048823de9954312c2b907c1,linux1804-64-shippable-qr,True,False,,|c|o|l|d| |f|i|s|s|i|o|n| |i|n|t|e|r|a|c|t|i|v|e| |w|e|b|r|e|n|d|e|r|,102210fe594ee9b33d82058545b1ed14f4c8206e,fcp,reddit-billgates-post-1.billg,True,reddit-billgates-post-1.billg fcp opt cold fission webrender,,77,ms,firefox,453419988.0,1868613748,2024-04-03 23:35:22,1403575,,,,,,,,,,,,,,,,,,,,,,,,,,,,,,,,,,,,,,,,,,,,,,,,,TN
2409,f2360b4c9b8a110f0b1c40841a767a47da5b85be,0.15270018621973924,autoland,4060709,13,fd0dfc9511c4c123e048823de9954312c2b907c1,linux1804-64-shippable-qr,True,False,,|c|o|l|d| |f|i|s|s|i|o|n| |i|n|t|e|r|a|c|t|i|v|e| |w|e|b|r|e|n|d|e|r|,102210fe594ee9b33d82058545b1ed14f4c8206e,fcp,reddit-billgates-post-1.billg,True,reddit-billgates-post-1.billg fcp opt cold fission webrender,,77,ms,firefox,453445840.0,1868720006,2024-04-04 04:04:35,1403674,,,,,,,,,,,,,,,,,,,,,,,,,,,,,,,,,,,,,,,,,,,,,,,,,TN
2410,08ea8edc42ee204a4f50aae52417198c7a11d742,0.13780260707635006,autoland,4060709,13,fd0dfc9511c4c123e048823de9954312c2b907c1,linux1804-64-shippable-qr,True,False,,|c|o|l|d| |f|i|s|s|i|o|n| |i|n|t|e|r|a|c|t|i|v|e| |w|e|b|r|e|n|d|e|r|,102210fe594ee9b33d82058545b1ed14f4c8206e,fcp,reddit-billgates-post-1.billg,True,reddit-billgates-post-1.billg fcp opt cold fission webrender,,77,ms,firefox,453474288.0,1868817597,2024-04-04 08:28:09,1403757,,,,,,,,,,,,,,,,,,,,,,,,,,,,,,,,,,,,,,,,,,,,,,,,,TN
2411,a260c2683052c9aa36748f1ded4e99c0d2bcf63e,0.15363128491620115,autoland,4060709,13,fd0dfc9511c4c123e048823de9954312c2b907c1,linux1804-64-shippable-qr,True,False,,|c|o|l|d| |f|i|s|s|i|o|n| |i|n|t|e|r|a|c|t|i|v|e| |w|e|b|r|e|n|d|e|r|,102210fe594ee9b33d82058545b1ed14f4c8206e,fcp,reddit-billgates-post-1.billg,True,reddit-billgates-post-1.billg fcp opt cold fission webrender,,77,ms,firefox,453508618.0,1868985971,2024-04-04 12:29:27,1403877,,,,,,,,,,,,,,,,,,,,,,,,,,,,,,,,,,,,,,,,,,,,,,,,,TN
2412,e633b6ff34e81c89b87f1d4e3b18fcae399b3d37,0.12313780260707641,autoland,4060709,13,fd0dfc9511c4c123e048823de9954312c2b907c1,linux1804-64-shippable-qr,True,False,,|c|o|l|d| |f|i|s|s|i|o|n| |i|n|t|e|r|a|c|t|i|v|e| |w|e|b|r|e|n|d|e|r|,102210fe594ee9b33d82058545b1ed14f4c8206e,fcp,reddit-billgates-post-1.billg,True,reddit-billgates-post-1.billg fcp opt cold fission webrender,,77,ms,firefox,453531551.0,1869079811,2024-04-04 15:41:47,1404042,,,,,,,,,,,,,,,,,,,,,,,,,,,,,,,,,,,,,,,,,,,,,,,,,TN
2413,2b8e4c563c2fa403003707729e7fd66dd5909763,0.15083798882681565,autoland,4060709,13,fd0dfc9511c4c123e048823de9954312c2b907c1,linux1804-64-shippable-qr,True,False,,|c|o|l|d| |f|i|s|s|i|o|n| |i|n|t|e|r|a|c|t|i|v|e| |w|e|b|r|e|n|d|e|r|,102210fe594ee9b33d82058545b1ed14f4c8206e,fcp,reddit-billgates-post-1.billg,True,reddit-billgates-post-1.billg fcp opt cold fission webrender,,77,ms,firefox,453545864.0,1869147347,2024-04-04 17:55:39,1404131,,,,,,,,,,,,,,,,,,,,,,,,,,,,,,,,,,,,,,,,,,,,,,,,,TN
2414,7689f9c266fcdf019b8bea308bf5569885d72ed3,0.15572625698324027,autoland,4060709,13,fd0dfc9511c4c123e048823de9954312c2b907c1,linux1804-64-shippable-qr,True,False,,|c|o|l|d| |f|i|s|s|i|o|n| |i|n|t|e|r|a|c|t|i|v|e| |w|e|b|r|e|n|d|e|r|,102210fe594ee9b33d82058545b1ed14f4c8206e,fcp,reddit-billgates-post-1.billg,True,reddit-billgates-post-1.billg fcp opt cold fission webrender,,77,ms,firefox,453575186.0,1869256703,2024-04-04 22:08:58,1404331,,,,,,,,,,,,,,,,,,,,,,,,,,,,,,,,,,,,,,,,,,,,,,,,,TN
2415,8600529acb2a250f255ea4d80486fecb2b7dc31b,0.1503724394785847,autoland,4060709,13,fd0dfc9511c4c123e048823de9954312c2b907c1,linux1804-64-shippable-qr,True,False,,|c|o|l|d| |f|i|s|s|i|o|n| |i|n|t|e|r|a|c|t|i|v|e| |w|e|b|r|e|n|d|e|r|,102210fe594ee9b33d82058545b1ed14f4c8206e,fcp,reddit-billgates-post-1.billg,True,reddit-billgates-post-1.billg fcp opt cold fission webrender,,77,ms,firefox,453584324.0,1869293871,2024-04-05 00:24:01,1404399,,,,,,,,,,,,,,,,,,,,,,,,,,,,,,,,,,,,,,,,,,,,,,,,,TN
2416,ea8ea972270ddb95f071f900f9199fb7ff95bb10,0.1692271880819367,autoland,4060709,13,fd0dfc9511c4c123e048823de9954312c2b907c1,linux1804-64-shippable-qr,True,False,,|c|o|l|d| |f|i|s|s|i|o|n| |i|n|t|e|r|a|c|t|i|v|e| |w|e|b|r|e|n|d|e|r|,102210fe594ee9b33d82058545b1ed14f4c8206e,fcp,reddit-billgates-post-1.billg,True,reddit-billgates-post-1.billg fcp opt cold fission webrender,,77,ms,firefox,453593704.0,1869336388,2024-04-05 04:36:57,1404445,,,,,,,,,,,,,,,,,,,,,,,,,,,,,,,,,,,,,,,,,,,,,,,,,TN
2417,bb1591f8008a0b1f33fe132528ee339ab149082f,0.1852886405959031,autoland,4060709,13,fd0dfc9511c4c123e048823de9954312c2b907c1,linux1804-64-shippable-qr,True,False,,|c|o|l|d| |f|i|s|s|i|o|n| |i|n|t|e|r|a|c|t|i|v|e| |w|e|b|r|e|n|d|e|r|,102210fe594ee9b33d82058545b1ed14f4c8206e,fcp,reddit-billgates-post-1.billg,True,reddit-billgates-post-1.billg fcp opt cold fission webrender,,77,ms,firefox,453618606.0,1869422241,2024-04-05 09:55:10,1404555,,,,,,,,,,,,,,,,,,,,,,,,,,,,,,,,,,,,,,,,,,,,,,,,,TN
2418,e25a9624d6d92e1a88da8b414e3ea781e4e25a07,0.14082867783985098,autoland,4060709,13,fd0dfc9511c4c123e048823de9954312c2b907c1,linux1804-64-shippable-qr,True,False,,|c|o|l|d| |f|i|s|s|i|o|n| |i|n|t|e|r|a|c|t|i|v|e| |w|e|b|r|e|n|d|e|r|,102210fe594ee9b33d82058545b1ed14f4c8206e,fcp,reddit-billgates-post-1.billg,True,reddit-billgates-post-1.billg fcp opt cold fission webrender,,77,ms,firefox,453654427.0,1869564106,2024-04-05 13:56:08,1404693,,,,,,,,,,,,,,,,,,,,,,,,,,,,,,,,,,,,,,,,,,,,,,,,,TN
2419,c230ec8f9514326a6e5081ee8e2d677ccf10ab67,0.11126629422718814,autoland,4060709,13,fd0dfc9511c4c123e048823de9954312c2b907c1,linux1804-64-shippable-qr,True,False,,|c|o|l|d| |f|i|s|s|i|o|n| |i|n|t|e|r|a|c|t|i|v|e| |w|e|b|r|e|n|d|e|r|,102210fe594ee9b33d82058545b1ed14f4c8206e,fcp,reddit-billgates-post-1.billg,True,reddit-billgates-post-1.billg fcp opt cold fission webrender,,77,ms,firefox,453680320.0,1869670418,2024-04-05 18:34:00,1404901,,,,,,,,,,,,,,,,,,,,,,,,,,,,,,,,,,,,,,,,,,,,,,,,,TN
2420,2168f88afb52aa0c93febc62156a315d08963dda,0.143854748603352,autoland,4060709,13,fd0dfc9511c4c123e048823de9954312c2b907c1,linux1804-64-shippable-qr,True,False,,|c|o|l|d| |f|i|s|s|i|o|n| |i|n|t|e|r|a|c|t|i|v|e| |w|e|b|r|e|n|d|e|r|,102210fe594ee9b33d82058545b1ed14f4c8206e,fcp,reddit-billgates-post-1.billg,True,reddit-billgates-post-1.billg fcp opt cold fission webrender,,77,ms,firefox,453694742.0,1869716835,2024-04-05 19:40:01,1404957,,,,,,,,,,,,,,,,,,,,,,,,,,,,,,,,,,,,,,,,,,,,,,,,,TN
2421,1564b30ff7230370f1d96bdfc88b528c6dbf1f37,0.1748137802607076,autoland,4060709,13,fd0dfc9511c4c123e048823de9954312c2b907c1,linux1804-64-shippable-qr,True,False,,|c|o|l|d| |f|i|s|s|i|o|n| |i|n|t|e|r|a|c|t|i|v|e| |w|e|b|r|e|n|d|e|r|,102210fe594ee9b33d82058545b1ed14f4c8206e,fcp,reddit-billgates-post-1.billg,True,reddit-billgates-post-1.billg fcp opt cold fission webrender,,77,ms,firefox,453731704.0,1869943967,2024-04-05 21:22:34,1405040,,,,,,,,,,,,,,,,,,,,,,,,,,,,,,,,,,,,,,,,,,,,,,,,,TN
2422,bcbab342eed82aec3d4dd40516bf07e1ee96e716,0.13756983240223464,autoland,4060709,13,fd0dfc9511c4c123e048823de9954312c2b907c1,linux1804-64-shippable-qr,True,False,,|c|o|l|d| |f|i|s|s|i|o|n| |i|n|t|e|r|a|c|t|i|v|e| |w|e|b|r|e|n|d|e|r|,102210fe594ee9b33d82058545b1ed14f4c8206e,fcp,reddit-billgates-post-1.billg,True,reddit-billgates-post-1.billg fcp opt cold fission webrender,,77,ms,firefox,453712353.0,1869837446,2024-04-05 21:23:25,1405041,,,,,,,,,,,,,,,,,,,,,,,,,,,,,,,,,,,,,,,,,,,,,,,,,TN
2423,5695ee1969a8c3cddf47affcdc2358c67fa09729,0.14269087523277468,autoland,4060709,13,fd0dfc9511c4c123e048823de9954312c2b907c1,linux1804-64-shippable-qr,True,False,,|c|o|l|d| |f|i|s|s|i|o|n| |i|n|t|e|r|a|c|t|i|v|e| |w|e|b|r|e|n|d|e|r|,102210fe594ee9b33d82058545b1ed14f4c8206e,fcp,reddit-billgates-post-1.billg,True,reddit-billgates-post-1.billg fcp opt cold fission webrender,,77,ms,firefox,453729588.0,1869914495,2024-04-06 02:12:01,1405161,,,,,,,,,,,,,,,,,,,,,,,,,,,,,,,,,,,,,,,,,,,,,,,,,TN
2424,9fc8fef3e3ad12973fa215fac0d8ce85b8476e0a,0.16503724394785846,autoland,4060709,13,fd0dfc9511c4c123e048823de9954312c2b907c1,linux1804-64-shippable-qr,True,False,,|c|o|l|d| |f|i|s|s|i|o|n| |i|n|t|e|r|a|c|t|i|v|e| |w|e|b|r|e|n|d|e|r|,102210fe594ee9b33d82058545b1ed14f4c8206e,fcp,reddit-billgates-post-1.billg,True,reddit-billgates-post-1.billg fcp opt cold fission webrender,,77,ms,firefox,453743454.0,1869986400,2024-04-06 08:07:05,1405200,,,,,,,,,,,,,,,,,,,,,,,,,,,,,,,,,,,,,,,,,,,,,,,,,TN
2425,efb8ceaaddf1096a2a68534d60681deac7fbfbb7,0.11708566108007457,autoland,4060709,13,fd0dfc9511c4c123e048823de9954312c2b907c1,linux1804-64-shippable-qr,True,False,,|c|o|l|d| |f|i|s|s|i|o|n| |i|n|t|e|r|a|c|t|i|v|e| |w|e|b|r|e|n|d|e|r|,102210fe594ee9b33d82058545b1ed14f4c8206e,fcp,reddit-billgates-post-1.billg,True,reddit-billgates-post-1.billg fcp opt cold fission webrender,,77,ms,firefox,453804650.0,1870241332,2024-04-06 09:10:48,1405212,,,,,,,,,,,,,,,,,,,,,,,,,,,,,,,,,,,,,,,,,,,,,,,,,TN
2426,1e56e647f8d57834bb7fa2d951e64b2fa4b3487f,0.11475791433891991,autoland,4060709,13,fd0dfc9511c4c123e048823de9954312c2b907c1,linux1804-64-shippable-qr,True,False,,|c|o|l|d| |f|i|s|s|i|o|n| |i|n|t|e|r|a|c|t|i|v|e| |w|e|b|r|e|n|d|e|r|,102210fe594ee9b33d82058545b1ed14f4c8206e,fcp,reddit-billgates-post-1.billg,True,reddit-billgates-post-1.billg fcp opt cold fission webrender,,77,ms,firefox,453804242.0,1870227430,2024-04-06 09:11:43,1405213,,,,,,,,,,,,,,,,,,,,,,,,,,,,,,,,,,,,,,,,,,,,,,,,,TN
2427,0f5a5f081afbca1abac9185c32c792b9c3550264,0.1268621973929237,autoland,4060709,13,fd0dfc9511c4c123e048823de9954312c2b907c1,linux1804-64-shippable-qr,True,False,,|c|o|l|d| |f|i|s|s|i|o|n| |i|n|t|e|r|a|c|t|i|v|e| |w|e|b|r|e|n|d|e|r|,102210fe594ee9b33d82058545b1ed14f4c8206e,fcp,reddit-billgates-post-1.billg,True,reddit-billgates-post-1.billg fcp opt cold fission webrender,,77,ms,firefox,453768719.0,1870082473,2024-04-06 12:49:36,1405245,,,,,,,,,,,,,,,,,,,,,,,,,,,,,,,,,,,,,,,,,,,,,,,,,TN
2428,3719e5d315bba4fd2d01a2bb964ff7d7c6521282,0.14501862197392923,autoland,4060709,13,fd0dfc9511c4c123e048823de9954312c2b907c1,linux1804-64-shippable-qr,True,False,,|c|o|l|d| |f|i|s|s|i|o|n| |i|n|t|e|r|a|c|t|i|v|e| |w|e|b|r|e|n|d|e|r|,102210fe594ee9b33d82058545b1ed14f4c8206e,fcp,reddit-billgates-post-1.billg,True,reddit-billgates-post-1.billg fcp opt cold fission webrender,,77,ms,firefox,453780678.0,1870143798,2024-04-06 19:13:32,1405288,,,,,,,,,,,,,,,,,,,,,,,,,,,,,,,,,,,,,,,,,,,,,,,,,TN
2429,7362d727c60c8a1b15c8e7357969595c93c659c6,0.14967411545623843,autoland,4060709,13,fd0dfc9511c4c123e048823de9954312c2b907c1,linux1804-64-shippable-qr,True,False,,|c|o|l|d| |f|i|s|s|i|o|n| |i|n|t|e|r|a|c|t|i|v|e| |w|e|b|r|e|n|d|e|r|,102210fe594ee9b33d82058545b1ed14f4c8206e,fcp,reddit-billgates-post-1.billg,True,reddit-billgates-post-1.billg fcp opt cold fission webrender,,77,ms,firefox,453795755.0,1870200296,2024-04-07 00:18:02,1405303,,,,,,,,,,,,,,,,,,,,,,,,,,,,,,,,,,,,,,,,,,,,,,,,,TN
2430,56daf0a3e72bc04ceb0b6d6a5e8b51b32333fe11,0.13943202979515834,autoland,4060709,13,fd0dfc9511c4c123e048823de9954312c2b907c1,linux1804-64-shippable-qr,True,False,,|c|o|l|d| |f|i|s|s|i|o|n| |i|n|t|e|r|a|c|t|i|v|e| |w|e|b|r|e|n|d|e|r|,102210fe594ee9b33d82058545b1ed14f4c8206e,fcp,reddit-billgates-post-1.billg,True,reddit-billgates-post-1.billg fcp opt cold fission webrender,,77,ms,firefox,453827345.0,1870325056,2024-04-07 12:29:26,1405334,,,,,,,,,,,,,,,,,,,,,,,,,,,,,,,,,,,,,,,,,,,,,,,,,TN
2431,c59be65c8118a8e4c60719162c4426e511ee042c,0.14827746741154557,autoland,4060709,13,fd0dfc9511c4c123e048823de9954312c2b907c1,linux1804-64-shippable-qr,True,False,,|c|o|l|d| |f|i|s|s|i|o|n| |i|n|t|e|r|a|c|t|i|v|e| |w|e|b|r|e|n|d|e|r|,102210fe594ee9b33d82058545b1ed14f4c8206e,fcp,reddit-billgates-post-1.billg,True,reddit-billgates-post-1.billg fcp opt cold fission webrender,,77,ms,firefox,453837320.0,1870361223,2024-04-07 17:34:38,1405352,,,,,,,,,,,,,,,,,,,,,,,,,,,,,,,,,,,,,,,,,,,,,,,,,TN
2432,a5f6bf0601900e20973b195443e8431788bf1494,0.14525139664804465,autoland,4060709,13,fd0dfc9511c4c123e048823de9954312c2b907c1,linux1804-64-shippable-qr,True,False,,|c|o|l|d| |f|i|s|s|i|o|n| |i|n|t|e|r|a|c|t|i|v|e| |w|e|b|r|e|n|d|e|r|,102210fe594ee9b33d82058545b1ed14f4c8206e,fcp,reddit-billgates-post-1.billg,True,reddit-billgates-post-1.billg fcp opt cold fission webrender,,77,ms,firefox,453850310.0,1870420744,2024-04-07 22:40:32,1405368,,,,,,,,,,,,,,,,,,,,,,,,,,,,,,,,,,,,,,,,,,,,,,,,,TN
2433,d61d36a30ac8194456d356ab948a2a962e330d3c,0.14711359404096835,autoland,4060709,13,fd0dfc9511c4c123e048823de9954312c2b907c1,linux1804-64-shippable-qr,True,False,,|c|o|l|d| |f|i|s|s|i|o|n| |i|n|t|e|r|a|c|t|i|v|e| |w|e|b|r|e|n|d|e|r|,102210fe594ee9b33d82058545b1ed14f4c8206e,fcp,reddit-billgates-post-1.billg,True,reddit-billgates-post-1.billg fcp opt cold fission webrender,,77,ms,firefox,454016054.0,1871093838,2024-04-08 00:16:58,1405370,,,,,,,,,,,,,,,,,,,,,,,,,,,,,,,,,,,,,,,,,,,,,,,,,TN
2434,954dbbb81dcb5f155221a82c048a31260aad2f4f,0.13570763500931105,autoland,4060709,13,fd0dfc9511c4c123e048823de9954312c2b907c1,linux1804-64-shippable-qr,True,False,,|c|o|l|d| |f|i|s|s|i|o|n| |i|n|t|e|r|a|c|t|i|v|e| |w|e|b|r|e|n|d|e|r|,102210fe594ee9b33d82058545b1ed14f4c8206e,fcp,reddit-billgates-post-1.billg,True,reddit-billgates-post-1.billg fcp opt cold fission webrender,,77,ms,firefox,454006524.0,1871027834,2024-04-08 01:48:27,1405376,,,,,,,,,,,,,,,,,,,,,,,,,,,,,,,,,,,,,,,,,,,,,,,,,TN
2435,93d08e6b3d615ead541eee15f876af2c74e90d53,0.11941340782122911,autoland,4060709,13,fd0dfc9511c4c123e048823de9954312c2b907c1,linux1804-64-shippable-qr,True,False,,|c|o|l|d| |f|i|s|s|i|o|n| |i|n|t|e|r|a|c|t|i|v|e| |w|e|b|r|e|n|d|e|r|,102210fe594ee9b33d82058545b1ed14f4c8206e,fcp,reddit-billgates-post-1.billg,True,reddit-billgates-post-1.billg fcp opt cold fission webrender,,77,ms,firefox,453859562.0,1870470854,2024-04-08 04:43:41,1405385,,,,,,,,,,,,,,,,,,,,,,,,,,,,,,,,,,,,,,,,,,,,,,,,,TN
2436,7fdec039f49159c7769bb304ab5f0a97f9dde43f,0.1315176908752328,autoland,4060709,13,fd0dfc9511c4c123e048823de9954312c2b907c1,linux1804-64-shippable-qr,True,False,,|c|o|l|d| |f|i|s|s|i|o|n| |i|n|t|e|r|a|c|t|i|v|e| |w|e|b|r|e|n|d|e|r|,102210fe594ee9b33d82058545b1ed14f4c8206e,fcp,reddit-billgates-post-1.billg,True,reddit-billgates-post-1.billg fcp opt cold fission webrender,,77,ms,firefox,453874881.0,1870534364,2024-04-08 09:12:14,1405465,,,,,,,,,,,,,,,,,,,,,,,,,,,,,,,,,,,,,,,,,,,,,,,,,TN
2437,83eae9239b46f03f52da5463ad71098ca7791ea0,0.14618249534450656,autoland,4060709,13,fd0dfc9511c4c123e048823de9954312c2b907c1,linux1804-64-shippable-qr,True,False,,|c|o|l|d| |f|i|s|s|i|o|n| |i|n|t|e|r|a|c|t|i|v|e| |w|e|b|r|e|n|d|e|r|,102210fe594ee9b33d82058545b1ed14f4c8206e,fcp,reddit-billgates-post-1.billg,True,reddit-billgates-post-1.billg fcp opt cold fission webrender,,77,ms,firefox,454016281.0,1871110881,2024-04-08 09:14:11,1405468,,,,,,,,,,,,,,,,,,,,,,,,,,,,,,,,,,,,,,,,,,,,,,,,,TN
2438,8f90997050c158167089ac3c0b526920d3f7bb82,0.13710428305400368,autoland,4060709,13,fd0dfc9511c4c123e048823de9954312c2b907c1,linux1804-64-shippable-qr,True,False,,|c|o|l|d| |f|i|s|s|i|o|n| |i|n|t|e|r|a|c|t|i|v|e| |w|e|b|r|e|n|d|e|r|,102210fe594ee9b33d82058545b1ed14f4c8206e,fcp,reddit-billgates-post-1.billg,True,reddit-billgates-post-1.billg fcp opt cold fission webrender,,77,ms,firefox,454015073.0,1871071784,2024-04-08 09:15:02,1405470,,,,,,,,,,,,,,,,,,,,,,,,,,,,,,,,,,,,,,,,,,,,,,,,,TN
2439,2d1a289ac036edc287917e987f17d8d1f1607f39,0.13431098696461818,autoland,4060709,13,fd0dfc9511c4c123e048823de9954312c2b907c1,linux1804-64-shippable-qr,True,False,,|c|o|l|d| |f|i|s|s|i|o|n| |i|n|t|e|r|a|c|t|i|v|e| |w|e|b|r|e|n|d|e|r|,102210fe594ee9b33d82058545b1ed14f4c8206e,fcp,reddit-billgates-post-1.billg,True,reddit-billgates-post-1.billg fcp opt cold fission webrender,,77,ms,firefox,454014439.0,1871057714,2024-04-08 11:42:34,1405553,,,,,,,,,,,,,,,,,,,,,,,,,,,,,,,,,,,,,,,,,,,,,,,,,TN
2440,8aa3f0cfdd9cc43a71881956b4d48edd5af26a75,0.14082867783985098,autoland,4060709,13,fd0dfc9511c4c123e048823de9954312c2b907c1,linux1804-64-shippable-qr,True,False,,|c|o|l|d| |f|i|s|s|i|o|n| |i|n|t|e|r|a|c|t|i|v|e| |w|e|b|r|e|n|d|e|r|,102210fe594ee9b33d82058545b1ed14f4c8206e,fcp,reddit-billgates-post-1.billg,True,reddit-billgates-post-1.billg fcp opt cold fission webrender,,77,ms,firefox,454006197.0,1871016774,2024-04-08 11:52:58,1405560,,,,,,,,,,,,,,,,,,,,,,,,,,,,,,,,,,,,,,,,,,,,,,,,,TN
2441,1b56c653a5ee3a14ec0955b092498999e9333bfa,0.14548417132216018,autoland,4060709,13,fd0dfc9511c4c123e048823de9954312c2b907c1,linux1804-64-shippable-qr,True,False,,|c|o|l|d| |f|i|s|s|i|o|n| |i|n|t|e|r|a|c|t|i|v|e| |w|e|b|r|e|n|d|e|r|,102210fe594ee9b33d82058545b1ed14f4c8206e,fcp,reddit-billgates-post-1.billg,True,reddit-billgates-post-1.billg fcp opt cold fission webrender,,77,ms,firefox,453907135.0,1870663337,2024-04-08 13:49:41,1405618,,,,,,,,,,,,,,,,,,,,,,,,,,,,,,,,,,,,,,,,,,,,,,,,,TN
2442,001953f12562956ffc0597c918c17ede0f6ef2d7,0.14269087523277468,autoland,4060709,13,fd0dfc9511c4c123e048823de9954312c2b907c1,linux1804-64-shippable-qr,True,False,,|c|o|l|d| |f|i|s|s|i|o|n| |i|n|t|e|r|a|c|t|i|v|e| |w|e|b|r|e|n|d|e|r|,102210fe594ee9b33d82058545b1ed14f4c8206e,fcp,reddit-billgates-post-1.billg,True,reddit-billgates-post-1.billg fcp opt cold fission webrender,,77,ms,firefox,454006073.0,1871014361,2024-04-08 16:13:31,1405755,,,,,,,,,,,,,,,,,,,,,,,,,,,,,,,,,,,,,,,,,,,,,,,,,TN
2443,79551503d77c8353439905d86ec3033546f0c874,0.1259310986964618,autoland,4060709,13,fd0dfc9511c4c123e048823de9954312c2b907c1,linux1804-64-shippable-qr,True,False,,|c|o|l|d| |f|i|s|s|i|o|n| |i|n|t|e|r|a|c|t|i|v|e| |w|e|b|r|e|n|d|e|r|,102210fe594ee9b33d82058545b1ed14f4c8206e,fcp,reddit-billgates-post-1.billg,True,reddit-billgates-post-1.billg fcp opt cold fission webrender,,77,ms,firefox,453957156.0,1870825448,2024-04-08 19:08:45,1405880,,,,,,,,,,,,,,,,,,,,,,,,,,,,,,,,,,,,,,,,,,,,,,,,,TN
2444,c19d16f89e851b3d8052fb11a8e8f0ae3f4cb9b7,0.11545623836126628,autoland,4060709,13,fd0dfc9511c4c123e048823de9954312c2b907c1,linux1804-64-shippable-qr,True,False,,|c|o|l|d| |f|i|s|s|i|o|n| |i|n|t|e|r|a|c|t|i|v|e| |w|e|b|r|e|n|d|e|r|,102210fe594ee9b33d82058545b1ed14f4c8206e,fcp,reddit-billgates-post-1.billg,True,reddit-billgates-post-1.billg fcp opt cold fission webrender,,77,ms,firefox,453992633.0,1870952414,2024-04-08 23:24:57,1406026,,,,,,,,,,,,,,,,,,,,,,,,,,,,,,,,,,,,,,,,,,,,,,,,,TN
2445,643848d855ebb8ab8d9d7009ca7ce9d21d267b34,0.14827746741154557,autoland,4060709,13,fd0dfc9511c4c123e048823de9954312c2b907c1,linux1804-64-shippable-qr,True,False,,|c|o|l|d| |f|i|s|s|i|o|n| |i|n|t|e|r|a|c|t|i|v|e| |w|e|b|r|e|n|d|e|r|,102210fe594ee9b33d82058545b1ed14f4c8206e,fcp,reddit-billgates-post-1.billg,True,reddit-billgates-post-1.billg fcp opt cold fission webrender,,77,ms,firefox,454019283.0,1871119820,2024-04-09 06:15:12,1406147,,,,,,,,,,,,,,,,,,,,,,,,,,,,,,,,,,,,,,,,,,,,,,,,,TN
2446,7cd4aaac69823ebb7b440d4e14d05275ba50a073,0.12523277467411553,autoland,4060709,13,fd0dfc9511c4c123e048823de9954312c2b907c1,linux1804-64-shippable-qr,True,False,,|c|o|l|d| |f|i|s|s|i|o|n| |i|n|t|e|r|a|c|t|i|v|e| |w|e|b|r|e|n|d|e|r|,102210fe594ee9b33d82058545b1ed14f4c8206e,fcp,reddit-billgates-post-1.billg,True,reddit-billgates-post-1.billg fcp opt cold fission webrender,,77,ms,firefox,454042917.0,1871234137,2024-04-09 10:19:15,1406264,,,,,,,,,,,,,,,,,,,,,,,,,,,,,,,,,,,,,,,,,,,,,,,,,TN
2447,d74b7b0696b5cf43a1196eb49d3ee3d6fd5be939,0.16666666666666663,autoland,4060709,13,fd0dfc9511c4c123e048823de9954312c2b907c1,linux1804-64-shippable-qr,True,False,,|c|o|l|d| |f|i|s|s|i|o|n| |i|n|t|e|r|a|c|t|i|v|e| |w|e|b|r|e|n|d|e|r|,102210fe594ee9b33d82058545b1ed14f4c8206e,fcp,reddit-billgates-post-1.billg,True,reddit-billgates-post-1.billg fcp opt cold fission webrender,,77,ms,firefox,454142439.0,1871752217,2024-04-09 13:18:22,1406384,,,,,,,,,,,,,,,,,,,,,,,,,,,,,,,,,,,,,,,,,,,,,,,,,TN
2448,4f295f84763cdb0699eaf30eb9984e7fe1de74e5,0.12988826815642462,autoland,4060709,13,fd0dfc9511c4c123e048823de9954312c2b907c1,linux1804-64-shippable-qr,True,False,,|c|o|l|d| |f|i|s|s|i|o|n| |i|n|t|e|r|a|c|t|i|v|e| |w|e|b|r|e|n|d|e|r|,102210fe594ee9b33d82058545b1ed14f4c8206e,fcp,reddit-billgates-post-1.billg,True,reddit-billgates-post-1.billg fcp opt cold fission webrender,,77,ms,firefox,454141737.0,1871744107,2024-04-09 13:31:54,1406402,,,,,,,,,,,,,,,,,,,,,,,,,,,,,,,,,,,,,,,,,,,,,,,,,TN
2449,34fef7e7706b912024aa3ba8826647e5ddc0a0ab,0.13291433891992555,autoland,4060709,13,fd0dfc9511c4c123e048823de9954312c2b907c1,linux1804-64-shippable-qr,True,False,,|c|o|l|d| |f|i|s|s|i|o|n| |i|n|t|e|r|a|c|t|i|v|e| |w|e|b|r|e|n|d|e|r|,102210fe594ee9b33d82058545b1ed14f4c8206e,fcp,reddit-billgates-post-1.billg,True,reddit-billgates-post-1.billg fcp opt cold fission webrender,,77,ms,firefox,454072771.0,1871358723,2024-04-09 14:26:21,1406452,,,,,,,,,,,,,,,,,,,,,,,,,,,,,,,,,,,,,,,,,,,,,,,,,TN
2450,c3cd9a2f257b5976229a43d8d3cff6d96d02fe11,0.172951582867784,autoland,4060709,13,fd0dfc9511c4c123e048823de9954312c2b907c1,linux1804-64-shippable-qr,True,False,,|c|o|l|d| |f|i|s|s|i|o|n| |i|n|t|e|r|a|c|t|i|v|e| |w|e|b|r|e|n|d|e|r|,102210fe594ee9b33d82058545b1ed14f4c8206e,fcp,reddit-billgates-post-1.billg,True,reddit-billgates-post-1.billg fcp opt cold fission webrender,,77,ms,firefox,454139789.0,1871685485,2024-04-09 16:33:24,1406558,,,,,,,,,,,,,,,,,,,,,,,,,,,,,,,,,,,,,,,,,,,,,,,,,TN
2451,0952e6765442e7b623010cc9b7b52ebee241bd40,0.143854748603352,autoland,4060709,13,fd0dfc9511c4c123e048823de9954312c2b907c1,linux1804-64-shippable-qr,True,False,,|c|o|l|d| |f|i|s|s|i|o|n| |i|n|t|e|r|a|c|t|i|v|e| |w|e|b|r|e|n|d|e|r|,102210fe594ee9b33d82058545b1ed14f4c8206e,fcp,reddit-billgates-post-1.billg,True,reddit-billgates-post-1.billg fcp opt cold fission webrender,,77,ms,firefox,454140338.0,1871721389,2024-04-09 16:41:46,1406566,,,,,,,,,,,,,,,,,,,,,,,,,,,,,,,,,,,,,,,,,,,,,,,,,TN
2452,e3c9c90141d0f6b39792470ce489a5af6123cc15,0.12569832402234637,autoland,4060709,13,fd0dfc9511c4c123e048823de9954312c2b907c1,linux1804-64-shippable-qr,True,False,,|c|o|l|d| |f|i|s|s|i|o|n| |i|n|t|e|r|a|c|t|i|v|e| |w|e|b|r|e|n|d|e|r|,102210fe594ee9b33d82058545b1ed14f4c8206e,fcp,reddit-billgates-post-1.billg,True,reddit-billgates-post-1.billg fcp opt cold fission webrender,,77,ms,firefox,454088269.0,1871454947,2024-04-09 17:03:26,1406581,,,,,,,,,,,,,,,,,,,,,,,,,,,,,,,,,,,,,,,,,,,,,,,,,TN
2453,42fe954d2d47356658d58a292876a6f15d6cbc51,0.13663873370577273,autoland,4060709,13,fd0dfc9511c4c123e048823de9954312c2b907c1,linux1804-64-shippable-qr,True,False,,|c|o|l|d| |f|i|s|s|i|o|n| |i|n|t|e|r|a|c|t|i|v|e| |w|e|b|r|e|n|d|e|r|,102210fe594ee9b33d82058545b1ed14f4c8206e,fcp,reddit-billgates-post-1.billg,True,reddit-billgates-post-1.billg fcp opt cold fission webrender,,77,ms,firefox,454111967.0,1871538107,2024-04-09 20:18:20,1406718,,,,,,,,,,,,,,,,,,,,,,,,,,,,,,,,,,,,,,,,,,,,,,,,,TN
2454,c6228adca1a9c453ab8514c86ee26ee9a7903d27,0.154096834264432,autoland,4060709,13,fd0dfc9511c4c123e048823de9954312c2b907c1,linux1804-64-shippable-qr,True,False,,|c|o|l|d| |f|i|s|s|i|o|n| |i|n|t|e|r|a|c|t|i|v|e| |w|e|b|r|e|n|d|e|r|,102210fe594ee9b33d82058545b1ed14f4c8206e,fcp,reddit-billgates-post-1.billg,True,reddit-billgates-post-1.billg fcp opt cold fission webrender,,77,ms,firefox,454132489.0,1871638218,2024-04-10 00:18:40,1406841,,,,,,,,,,,,,,,,,,,,,,,,,,,,,,,,,,,,,,,,,,,,,,,,,TN
2455,a3f0d7e2d176a84f97e08088b78e1abe8da0a5f7,0.14920856610800748,autoland,4060709,13,fd0dfc9511c4c123e048823de9954312c2b907c1,linux1804-64-shippable-qr,True,False,,|c|o|l|d| |f|i|s|s|i|o|n| |i|n|t|e|r|a|c|t|i|v|e| |w|e|b|r|e|n|d|e|r|,102210fe594ee9b33d82058545b1ed14f4c8206e,fcp,reddit-billgates-post-1.billg,True,reddit-billgates-post-1.billg fcp opt cold fission webrender,,77,ms,firefox,454140176.0,1871718474,2024-04-10 05:00:45,1406899,,,,,,,,,,,,,,,,,,,,,,,,,,,,,,,,,,,,,,,,,,,,,,,,,TN
2456,cb449d228d38790ba76f64d551817f6a804c044e,0.15246741154562382,autoland,4060709,13,fd0dfc9511c4c123e048823de9954312c2b907c1,linux1804-64-shippable-qr,True,False,,|c|o|l|d| |f|i|s|s|i|o|n| |i|n|t|e|r|a|c|t|i|v|e| |w|e|b|r|e|n|d|e|r|,102210fe594ee9b33d82058545b1ed14f4c8206e,fcp,reddit-billgates-post-1.billg,True,reddit-billgates-post-1.billg fcp opt cold fission webrender,,77,ms,firefox,454157548.0,1871827123,2024-04-10 09:31:15,1406973,,,,,,,,,,,,,,,,,,,,,,,,,,,,,,,,,,,,,,,,,,,,,,,,,TN
2457,17662e43cc8542dd0a35b099169dfcc2b23b2d59,0.13477653631284914,autoland,4060709,13,fd0dfc9511c4c123e048823de9954312c2b907c1,linux1804-64-shippable-qr,True,False,,|c|o|l|d| |f|i|s|s|i|o|n| |i|n|t|e|r|a|c|t|i|v|e| |w|e|b|r|e|n|d|e|r|,102210fe594ee9b33d82058545b1ed14f4c8206e,fcp,reddit-billgates-post-1.billg,True,reddit-billgates-post-1.billg fcp opt cold fission webrender,,77,ms,firefox,454265188.0,1872352158,2024-04-10 13:14:00,1407072,,,,,,,,,,,,,,,,,,,,,,,,,,,,,,,,,,,,,,,,,,,,,,,,,TN
2458,53228f89fadff09aff9d51b46652c77d94059014,0.17248603351955305,autoland,4060709,13,fd0dfc9511c4c123e048823de9954312c2b907c1,linux1804-64-shippable-qr,True,False,,|c|o|l|d| |f|i|s|s|i|o|n| |i|n|t|e|r|a|c|t|i|v|e| |w|e|b|r|e|n|d|e|r|,102210fe594ee9b33d82058545b1ed14f4c8206e,fcp,reddit-billgates-post-1.billg,True,reddit-billgates-post-1.billg fcp opt cold fission webrender,,77,ms,firefox,454191234.0,1871938151,2024-04-10 13:31:55,1407087,,,,,,,,,,,,,,,,,,,,,,,,,,,,,,,,,,,,,,,,,,,,,,,,,TN
2459,a30d53cfa601940935af0c765cccbdde2178bb67,0.138268156424581,autoland,4060709,13,fd0dfc9511c4c123e048823de9954312c2b907c1,linux1804-64-shippable-qr,True,False,,|c|o|l|d| |f|i|s|s|i|o|n| |i|n|t|e|r|a|c|t|i|v|e| |w|e|b|r|e|n|d|e|r|,102210fe594ee9b33d82058545b1ed14f4c8206e,fcp,reddit-billgates-post-1.billg,True,reddit-billgates-post-1.billg fcp opt cold fission webrender,,77,ms,firefox,454208172.0,1872029741,2024-04-10 17:21:37,1407259,,,,,,,,,,,,,,,,,,,,,,,,,,,,,,,,,,,,,,,,,,,,,,,,,TN
2460,658f4b57b8ecb99f066d0c342241810adb16c5b7,0.15828677839851024,autoland,4060709,13,fd0dfc9511c4c123e048823de9954312c2b907c1,linux1804-64-shippable-qr,True,False,,|c|o|l|d| |f|i|s|s|i|o|n| |i|n|t|e|r|a|c|t|i|v|e| |w|e|b|r|e|n|d|e|r|,102210fe594ee9b33d82058545b1ed14f4c8206e,fcp,reddit-billgates-post-1.billg,True,reddit-billgates-post-1.billg fcp opt cold fission webrender,,77,ms,firefox,454266217.0,1872397788,2024-04-10 17:51:13,1407289,,,,,,,,,,,,,,,,,,,,,,,,,,,,,,,,,,,,,,,,,,,,,,,,,TN
2461,df5d696fe260420dcfaa26f75edc59908f157545,0.12802607076350092,autoland,4060709,13,fd0dfc9511c4c123e048823de9954312c2b907c1,linux1804-64-shippable-qr,True,False,,|c|o|l|d| |f|i|s|s|i|o|n| |i|n|t|e|r|a|c|t|i|v|e| |w|e|b|r|e|n|d|e|r|,102210fe594ee9b33d82058545b1ed14f4c8206e,fcp,reddit-billgates-post-1.billg,True,reddit-billgates-post-1.billg fcp opt cold fission webrender,,77,ms,firefox,454266283.0,1872408358,2024-04-10 18:14:03,1407304,,,,,,,,,,,,,,,,,,,,,,,,,,,,,,,,,,,,,,,,,,,,,,,,,TN
2462,399bfc5051b26618286e3ba39745bc52ad99fcbd,0.13221601489757917,autoland,4060709,13,fd0dfc9511c4c123e048823de9954312c2b907c1,linux1804-64-shippable-qr,True,False,,|c|o|l|d| |f|i|s|s|i|o|n| |i|n|t|e|r|a|c|t|i|v|e| |w|e|b|r|e|n|d|e|r|,102210fe594ee9b33d82058545b1ed14f4c8206e,fcp,reddit-billgates-post-1.billg,True,reddit-billgates-post-1.billg fcp opt cold fission webrender,,77,ms,firefox,454265430.0,1872379100,2024-04-10 19:30:38,1407363,,,,,,,,,,,,,,,,,,,,,,,,,,,,,,,,,,,,,,,,,,,,,,,,,TN
2463,1b6bb55f1ad9e598178ec9d9e3659e43ae01f879,0.12104283054003728,autoland,4060709,13,fd0dfc9511c4c123e048823de9954312c2b907c1,linux1804-64-shippable-qr,True,False,,|c|o|l|d| |f|i|s|s|i|o|n| |i|n|t|e|r|a|c|t|i|v|e| |w|e|b|r|e|n|d|e|r|,102210fe594ee9b33d82058545b1ed14f4c8206e,fcp,reddit-billgates-post-1.billg,True,reddit-billgates-post-1.billg fcp opt cold fission webrender,,77,ms,firefox,454268072.0,1872424052,2024-04-10 19:31:26,1407365,,,,,,,,,,,,,,,,,,,,,,,,,,,,,,,,,,,,,,,,,,,,,,,,,TN
2464,bc425d90bbe9987cc754323772553d4be3e6de83,0.1287243947858473,autoland,4060709,13,fd0dfc9511c4c123e048823de9954312c2b907c1,linux1804-64-shippable-qr,True,False,,|c|o|l|d| |f|i|s|s|i|o|n| |i|n|t|e|r|a|c|t|i|v|e| |w|e|b|r|e|n|d|e|r|,102210fe594ee9b33d82058545b1ed14f4c8206e,fcp,reddit-billgates-post-1.billg,True,reddit-billgates-post-1.billg fcp opt cold fission webrender,,77,ms,firefox,454234728.0,1872156118,2024-04-10 20:55:18,1407422,,,,,,,,,,,,,,,,,,,,,,,,,,,,,,,,,,,,,,,,,,,,,,,,,TN
2465,1ae79ee05e2fe6a64e1916d65c78979921af1e5e,0.14548417132216018,autoland,4060709,13,fd0dfc9511c4c123e048823de9954312c2b907c1,linux1804-64-shippable-qr,True,False,,|c|o|l|d| |f|i|s|s|i|o|n| |i|n|t|e|r|a|c|t|i|v|e| |w|e|b|r|e|n|d|e|r|,102210fe594ee9b33d82058545b1ed14f4c8206e,fcp,reddit-billgates-post-1.billg,True,reddit-billgates-post-1.billg fcp opt cold fission webrender,,77,ms,firefox,454254766.0,1872264324,2024-04-11 01:15:30,1407545,,,,,,,,,,,,,,,,,,,,,,,,,,,,,,,,,,,,,,,,,,,,,,,,,TN
2466,7a8a0223fffe0f06dd2e7aad79bf1920cf1430c0,0.12011173184357538,autoland,4060709,13,fd0dfc9511c4c123e048823de9954312c2b907c1,linux1804-64-shippable-qr,True,False,,|c|o|l|d| |f|i|s|s|i|o|n| |i|n|t|e|r|a|c|t|i|v|e| |w|e|b|r|e|n|d|e|r|,102210fe594ee9b33d82058545b1ed14f4c8206e,fcp,reddit-billgates-post-1.billg,True,reddit-billgates-post-1.billg fcp opt cold fission webrender,,77,ms,firefox,454273585.0,1872444038,2024-04-11 06:36:24,1407612,,,,,,,,,,,,,,,,,,,,,,,,,,,,,,,,,,,,,,,,,,,,,,,,,TN
2467,747c6705d00627b032063055173575d6e6043880,0.11266294227188078,autoland,4060709,13,fd0dfc9511c4c123e048823de9954312c2b907c1,linux1804-64-shippable-qr,True,False,,|c|o|l|d| |f|i|s|s|i|o|n| |i|n|t|e|r|a|c|t|i|v|e| |w|e|b|r|e|n|d|e|r|,102210fe594ee9b33d82058545b1ed14f4c8206e,fcp,reddit-billgates-post-1.billg,True,reddit-billgates-post-1.billg fcp opt cold fission webrender,,77,ms,firefox,454305878.0,1872612598,2024-04-11 11:27:44,1407747,,,,,,,,,,,,,,,,,,,,,,,,,,,,,,,,,,,,,,,,,,,,,,,,,TN
2468,bbca818d6385ef61c987f967ebccfe9df63fc36b,0.14781191806331473,autoland,4060709,13,fd0dfc9511c4c123e048823de9954312c2b907c1,linux1804-64-shippable-qr,True,False,,|c|o|l|d| |f|i|s|s|i|o|n| |i|n|t|e|r|a|c|t|i|v|e| |w|e|b|r|e|n|d|e|r|,102210fe594ee9b33d82058545b1ed14f4c8206e,fcp,reddit-billgates-post-1.billg,True,reddit-billgates-post-1.billg fcp opt cold fission webrender,,77,ms,firefox,454329755.0,1872804897,2024-04-11 15:41:30,1407834,,,,,,,,,,,,,,,,,,,,,,,,,,,,,,,,,,,,,,,,,,,,,,,,,TN
2469,a6c95ed12e514ccf3e43f7cf11dfa317ab376543,0.11359404096834269,autoland,4060709,13,fd0dfc9511c4c123e048823de9954312c2b907c1,linux1804-64-shippable-qr,True,False,,|c|o|l|d| |f|i|s|s|i|o|n| |i|n|t|e|r|a|c|t|i|v|e| |w|e|b|r|e|n|d|e|r|,102210fe594ee9b33d82058545b1ed14f4c8206e,fcp,reddit-billgates-post-1.billg,True,reddit-billgates-post-1.billg fcp opt cold fission webrender,,77,ms,firefox,454375455.0,1873032940,2024-04-11 16:23:59,1407894,,,,,,,,,,,,,,,,,,,,,,,,,,,,,,,,,,,,,,,,,,,,,,,,,TN
2470,283a71abb547740e1fe56c6d669272379b47afcb,0.1531657355679702,autoland,4060709,13,fd0dfc9511c4c123e048823de9954312c2b907c1,linux1804-64-shippable-qr,True,False,,|c|o|l|d| |f|i|s|s|i|o|n| |i|n|t|e|r|a|c|t|i|v|e| |w|e|b|r|e|n|d|e|r|,102210fe594ee9b33d82058545b1ed14f4c8206e,fcp,reddit-billgates-post-1.billg,True,reddit-billgates-post-1.billg fcp opt cold fission webrender,,77,ms,firefox,454375605.0,1873039552,2024-04-11 16:26:59,1407898,,,,,,,,,,,,,,,,,,,,,,,,,,,,,,,,,,,,,,,,,,,,,,,,,TN
2471,036ac9a41b52b5af1836d103d3a7aefad37e2b87,0.11662011173184361,autoland,4060709,13,fd0dfc9511c4c123e048823de9954312c2b907c1,linux1804-64-shippable-qr,True,False,,|c|o|l|d| |f|i|s|s|i|o|n| |i|n|t|e|r|a|c|t|i|v|e| |w|e|b|r|e|n|d|e|r|,102210fe594ee9b33d82058545b1ed14f4c8206e,fcp,reddit-billgates-post-1.billg,True,reddit-billgates-post-1.billg fcp opt cold fission webrender,,77,ms,firefox,454338093.0,1872837209,2024-04-11 18:08:24,1407970,,,,,,,,,,,,,,,,,,,,,,,,,,,,,,,,,,,,,,,,,,,,,,,,,TN
2472,90ef908ff18573cca9f4f0e5d676df56875c68b5,0.15060521415270012,autoland,4060709,13,fd0dfc9511c4c123e048823de9954312c2b907c1,linux1804-64-shippable-qr,True,False,,|c|o|l|d| |f|i|s|s|i|o|n| |i|n|t|e|r|a|c|t|i|v|e| |w|e|b|r|e|n|d|e|r|,102210fe594ee9b33d82058545b1ed14f4c8206e,fcp,reddit-billgates-post-1.billg,True,reddit-billgates-post-1.billg fcp opt cold fission webrender,,77,ms,firefox,454367633.0,1872969528,2024-04-11 23:15:25,1408175,,,,,,,,,,,,,,,,,,,,,,,,,,,,,,,,,,,,,,,,,,,,,,,,,TN
2473,be4463b26a49bdb9c791eaf7d0b41ff9eb0294d3,0.12732774674115455,autoland,4060709,13,fd0dfc9511c4c123e048823de9954312c2b907c1,linux1804-64-shippable-qr,True,False,,|c|o|l|d| |f|i|s|s|i|o|n| |i|n|t|e|r|a|c|t|i|v|e| |w|e|b|r|e|n|d|e|r|,102210fe594ee9b33d82058545b1ed14f4c8206e,fcp,reddit-billgates-post-1.billg,True,reddit-billgates-post-1.billg fcp opt cold fission webrender,,77,ms,firefox,454404400.0,1873188101,2024-04-12 14:13:45,1408318,,,,,,,,,,,,,,,,,,,,,,,,,,,,,,,,,,,,,,,,,,,,,,,,,TN
2474,5e5bc998487f4e6ee9fe6fe52ca5eb66cd37de03,0.14338919925512106,autoland,4060709,13,fd0dfc9511c4c123e048823de9954312c2b907c1,linux1804-64-shippable-qr,True,False,,|c|o|l|d| |f|i|s|s|i|o|n| |i|n|t|e|r|a|c|t|i|v|e| |w|e|b|r|e|n|d|e|r|,102210fe594ee9b33d82058545b1ed14f4c8206e,fcp,reddit-billgates-post-1.billg,True,reddit-billgates-post-1.billg fcp opt cold fission webrender,,77,ms,firefox,454421889.0,1873287910,2024-04-12 20:21:58,1408379,,,,,,,,,,,,,,,,,,,,,,,,,,,,,,,,,,,,,,,,,,,,,,,,,TN
2475,39657b697a7ffcda0f07cae917b68f1e84f57d54,0.13477653631284914,autoland,4060709,13,fd0dfc9511c4c123e048823de9954312c2b907c1,linux1804-64-shippable-qr,True,False,,|c|o|l|d| |f|i|s|s|i|o|n| |i|n|t|e|r|a|c|t|i|v|e| |w|e|b|r|e|n|d|e|r|,102210fe594ee9b33d82058545b1ed14f4c8206e,fcp,reddit-billgates-post-1.billg,True,reddit-billgates-post-1.billg fcp opt cold fission webrender,,77,ms,firefox,454440643.0,1873408112,2024-04-13 06:05:05,1408439,,,,,,,,,,,,,,,,,,,,,,,,,,,,,,,,,,,,,,,,,,,,,,,,,TN
2476,1dc823d4e96db6fe0450fcb588466eff7038b4cc,0.12174115456238366,autoland,4060709,13,fd0dfc9511c4c123e048823de9954312c2b907c1,linux1804-64-shippable-qr,True,False,,|c|o|l|d| |f|i|s|s|i|o|n| |i|n|t|e|r|a|c|t|i|v|e| |w|e|b|r|e|n|d|e|r|,102210fe594ee9b33d82058545b1ed14f4c8206e,fcp,reddit-billgates-post-1.billg,True,reddit-billgates-post-1.billg fcp opt cold fission webrender,,77,ms,firefox,454463292.0,1873504440,2024-04-13 20:36:37,1408512,,,,,,,,,,,,,,,,,,,,,,,,,,,,,,,,,,,,,,,,,,,,,,,,,TN
2477,25a22c2f939167a119d912b3fe61312db879d576,0.12918994413407825,autoland,4060709,13,fd0dfc9511c4c123e048823de9954312c2b907c1,linux1804-64-shippable-qr,True,False,,|c|o|l|d| |f|i|s|s|i|o|n| |i|n|t|e|r|a|c|t|i|v|e| |w|e|b|r|e|n|d|e|r|,102210fe594ee9b33d82058545b1ed14f4c8206e,fcp,reddit-billgates-post-1.billg,True,reddit-billgates-post-1.billg fcp opt cold fission webrender,,77,ms,firefox,454484782.0,1873669412,2024-04-14 12:41:18,1408562,,,,,,,,,,,,,,,,,,,,,,,,,,,,,,,,,,,,,,,,,,,,,,,,,TN
2478,8c457b0d7626241855c3c025a2531eb5f00b8cfc,0.154096834264432,autoland,4060709,13,fd0dfc9511c4c123e048823de9954312c2b907c1,linux1804-64-shippable-qr,True,False,,|c|o|l|d| |f|i|s|s|i|o|n| |i|n|t|e|r|a|c|t|i|v|e| |w|e|b|r|e|n|d|e|r|,102210fe594ee9b33d82058545b1ed14f4c8206e,fcp,reddit-billgates-post-1.billg,True,reddit-billgates-post-1.billg fcp opt cold fission webrender,,77,ms,firefox,454505392.0,1873802913,2024-04-15 00:20:26,1408605,,,,,,,,,,,,,,,,,,,,,,,,,,,,,,,,,,,,,,,,,,,,,,,,,TN
2479,4b17d2a2a7ae64b3c8d364d200a6b97cc636dffd,0.14152700186219747,autoland,4060709,13,fd0dfc9511c4c123e048823de9954312c2b907c1,linux1804-64-shippable-qr,True,False,,|c|o|l|d| |f|i|s|s|i|o|n| |i|n|t|e|r|a|c|t|i|v|e| |w|e|b|r|e|n|d|e|r|,102210fe594ee9b33d82058545b1ed14f4c8206e,fcp,reddit-billgates-post-1.billg,True,reddit-billgates-post-1.billg fcp opt cold fission webrender,,77,ms,firefox,454513032.0,1873855825,2024-04-15 05:51:41,1408627,,,,,,,,,,,,,,,,,,,,,,,,,,,,,,,,,,,,,,,,,,,,,,,,,TN
2480,177f569e862519d4372977ba20b630f95e24ef1c,0.1333798882681565,autoland,4060709,13,fd0dfc9511c4c123e048823de9954312c2b907c1,linux1804-64-shippable-qr,True,False,,|c|o|l|d| |f|i|s|s|i|o|n| |i|n|t|e|r|a|c|t|i|v|e| |w|e|b|r|e|n|d|e|r|,102210fe594ee9b33d82058545b1ed14f4c8206e,fcp,reddit-billgates-post-1.billg,True,reddit-billgates-post-1.billg fcp opt cold fission webrender,,77,ms,firefox,454534604.0,1873951839,2024-04-15 10:25:42,1408738,,,,,,,,,,,,,,,,,,,,,,,,,,,,,,,,,,,,,,,,,,,,,,,,,TN
2481,4897460458d13272e6016fd9e4c184c3c41cbd74,0.1522346368715084,autoland,4060709,13,fd0dfc9511c4c123e048823de9954312c2b907c1,linux1804-64-shippable-qr,True,False,,|c|o|l|d| |f|i|s|s|i|o|n| |i|n|t|e|r|a|c|t|i|v|e| |w|e|b|r|e|n|d|e|r|,102210fe594ee9b33d82058545b1ed14f4c8206e,fcp,reddit-billgates-post-1.billg,True,reddit-billgates-post-1.billg fcp opt cold fission webrender,,77,ms,firefox,454571928.0,1874114781,2024-04-15 14:58:12,1408898,,,,,,,,,,,,,,,,,,,,,,,,,,,,,,,,,,,,,,,,,,,,,,,,,TN
2482,d49ecc17e4ae83fbccee8ffbe50a119039d1e408,0.11336126629422716,autoland,4060709,13,fd0dfc9511c4c123e048823de9954312c2b907c1,linux1804-64-shippable-qr,True,False,,|c|o|l|d| |f|i|s|s|i|o|n| |i|n|t|e|r|a|c|t|i|v|e| |w|e|b|r|e|n|d|e|r|,102210fe594ee9b33d82058545b1ed14f4c8206e,fcp,reddit-billgates-post-1.billg,True,reddit-billgates-post-1.billg fcp opt cold fission webrender,,77,ms,firefox,454601526.0,1874232223,2024-04-15 18:18:39,1409057,,,,,,,,,,,,,,,,,,,,,,,,,,,,,,,,,,,,,,,,,,,,,,,,,TN
2483,8d488b7ac977a67ba128a580f6959fe058df2fe5,0.2218342644320298,autoland,4060709,13,fd0dfc9511c4c123e048823de9954312c2b907c1,linux1804-64-shippable-qr,True,False,,|c|o|l|d| |f|i|s|s|i|o|n| |i|n|t|e|r|a|c|t|i|v|e| |w|e|b|r|e|n|d|e|r|,102210fe594ee9b33d82058545b1ed14f4c8206e,fcp,reddit-billgates-post-1.billg,True,reddit-billgates-post-1.billg fcp opt cold fission webrender,,77,ms,firefox,454618744.0,1874325021,2024-04-15 20:13:44,1409141,,,,,,,,,,,,,,,,,,,,,,,,,,,,,,,,,,,,,,,,,,,,,,,,,TN
2484,547363a98ae60f0645c5cc21aeecffb7e0ddb047,0.13943202979515834,autoland,4060709,13,fd0dfc9511c4c123e048823de9954312c2b907c1,linux1804-64-shippable-qr,True,False,,|c|o|l|d| |f|i|s|s|i|o|n| |i|n|t|e|r|a|c|t|i|v|e| |w|e|b|r|e|n|d|e|r|,102210fe594ee9b33d82058545b1ed14f4c8206e,fcp,reddit-billgates-post-1.billg,True,reddit-billgates-post-1.billg fcp opt cold fission webrender,,77,ms,firefox,454629949.0,1874384696,2024-04-15 21:50:25,1409212,,,,,,,,,,,,,,,,,,,,,,,,,,,,,,,,,,,,,,,,,,,,,,,,,TN
2485,5a31505f08c64efa6eb7a8ed02d5e9c0db448e37,0.1559590316573557,autoland,4060709,13,fd0dfc9511c4c123e048823de9954312c2b907c1,linux1804-64-shippable-qr,True,False,,|c|o|l|d| |f|i|s|s|i|o|n| |i|n|t|e|r|a|c|t|i|v|e| |w|e|b|r|e|n|d|e|r|,102210fe594ee9b33d82058545b1ed14f4c8206e,fcp,reddit-billgates-post-1.billg,True,reddit-billgates-post-1.billg fcp opt cold fission webrender,,77,ms,firefox,454645839.0,1874460377,2024-04-16 00:41:18,1409277,,,,,,,,,,,,,,,,,,,,,,,,,,,,,,,,,,,,,,,,,,,,,,,,,TN
2486,69a1a1d802b357216fef131d6ad99816defddc1f,0.14897579143389195,autoland,4060709,13,fd0dfc9511c4c123e048823de9954312c2b907c1,linux1804-64-shippable-qr,True,False,,|c|o|l|d| |f|i|s|s|i|o|n| |i|n|t|e|r|a|c|t|i|v|e| |w|e|b|r|e|n|d|e|r|,102210fe594ee9b33d82058545b1ed14f4c8206e,fcp,reddit-billgates-post-1.billg,True,reddit-billgates-post-1.billg fcp opt cold fission webrender,,77,ms,firefox,454665150.0,1874539449,2024-04-16 05:04:40,1409360,,,,,,,,,,,,,,,,,,,,,,,,,,,,,,,,,,,,,,,,,,,,,,,,,TN
2487,2949cb403e680d76f7bcb101117ceefeb480b064,0.13756983240223464,autoland,4060709,13,fd0dfc9511c4c123e048823de9954312c2b907c1,linux1804-64-shippable-qr,True,False,,|c|o|l|d| |f|i|s|s|i|o|n| |i|n|t|e|r|a|c|t|i|v|e| |w|e|b|r|e|n|d|e|r|,102210fe594ee9b33d82058545b1ed14f4c8206e,fcp,reddit-billgates-post-1.billg,True,reddit-billgates-post-1.billg fcp opt cold fission webrender,,77,ms,firefox,454693189.0,1874620853,2024-04-16 09:18:49,1409480,,,,,,,,,,,,,,,,,,,,,,,,,,,,,,,,,,,,,,,,,,,,,,,,,TN
2488,11d1c89ad8b2dad0cee1caf733cd833e448945eb,0.11149906890130357,autoland,4060709,13,fd0dfc9511c4c123e048823de9954312c2b907c1,linux1804-64-shippable-qr,True,False,,|c|o|l|d| |f|i|s|s|i|o|n| |i|n|t|e|r|a|c|t|i|v|e| |w|e|b|r|e|n|d|e|r|,102210fe594ee9b33d82058545b1ed14f4c8206e,fcp,reddit-billgates-post-1.billg,True,reddit-billgates-post-1.billg fcp opt cold fission webrender,,77,ms,firefox,454715295.0,1874733311,2024-04-16 13:28:04,1409649,,,,,,,,,,,,,,,,,,,,,,,,,,,,,,,,,,,,,,,,,,,,,,,,,TN
2489,12c7f0b00cd7ce4e2edde6ff37daf12e807388b1,0.1287243947858473,autoland,4060709,13,fd0dfc9511c4c123e048823de9954312c2b907c1,linux1804-64-shippable-qr,True,False,,|c|o|l|d| |f|i|s|s|i|o|n| |i|n|t|e|r|a|c|t|i|v|e| |w|e|b|r|e|n|d|e|r|,102210fe594ee9b33d82058545b1ed14f4c8206e,fcp,reddit-billgates-post-1.billg,True,reddit-billgates-post-1.billg fcp opt cold fission webrender,,77,ms,firefox,454738787.0,1874880625,2024-04-16 17:33:30,1409875,,,,,,,,,,,,,,,,,,,,,,,,,,,,,,,,,,,,,,,,,,,,,,,,,TN
2490,852d3945e38d8d16c4cf17918e862882d7ef363c,0.16154562383612658,autoland,4060709,13,fd0dfc9511c4c123e048823de9954312c2b907c1,linux1804-64-shippable-qr,True,False,,|c|o|l|d| |f|i|s|s|i|o|n| |i|n|t|e|r|a|c|t|i|v|e| |w|e|b|r|e|n|d|e|r|,102210fe594ee9b33d82058545b1ed14f4c8206e,fcp,reddit-billgates-post-1.billg,True,reddit-billgates-post-1.billg fcp opt cold fission webrender,,77,ms,firefox,454759194.0,1874968032,2024-04-16 20:13:25,1409984,,,,,,,,,,,,,,,,,,,,,,,,,,,,,,,,,,,,,,,,,,,,,,,,,TN
2491,3f5bf473ca3cf95233298d16ad833028500755e6,0.017690875232774683,autoland,4060709,13,fd0dfc9511c4c123e048823de9954312c2b907c1,linux1804-64-shippable-qr,True,False,,|c|o|l|d| |f|i|s|s|i|o|n| |i|n|t|e|r|a|c|t|i|v|e| |w|e|b|r|e|n|d|e|r|,102210fe594ee9b33d82058545b1ed14f4c8206e,fcp,reddit-billgates-post-1.billg,True,reddit-billgates-post-1.billg fcp opt cold fission webrender,,77,ms,firefox,454777167.0,1875059711,2024-04-17 00:00:12,1410132,,,,,,,,,,,,,,,,,,,,,,,,,,,,,,,,,,,,,,,,,,,,,,,,,TN
2492,7900ea0538965c6aba695fd896a6e2833d781007,0.12383612662942267,autoland,4060709,13,fd0dfc9511c4c123e048823de9954312c2b907c1,linux1804-64-shippable-qr,True,False,,|c|o|l|d| |f|i|s|s|i|o|n| |i|n|t|e|r|a|c|t|i|v|e| |w|e|b|r|e|n|d|e|r|,102210fe594ee9b33d82058545b1ed14f4c8206e,fcp,reddit-billgates-post-1.billg,True,reddit-billgates-post-1.billg fcp opt cold fission webrender,,77,ms,firefox,454796097.0,1875204035,2024-04-17 04:14:52,1410204,,,,,,,,,,,,,,,,,,,,,,,,,,,,,,,,,,,,,,,,,,,,,,,,,TN
2493,acabdf625d68e5d96c49e0eebb5c71f4286e5ffd,0.1503724394785847,autoland,4060709,13,fd0dfc9511c4c123e048823de9954312c2b907c1,linux1804-64-shippable-qr,True,False,,|c|o|l|d| |f|i|s|s|i|o|n| |i|n|t|e|r|a|c|t|i|v|e| |w|e|b|r|e|n|d|e|r|,102210fe594ee9b33d82058545b1ed14f4c8206e,fcp,reddit-billgates-post-1.billg,True,reddit-billgates-post-1.billg fcp opt cold fission webrender,,77,ms,firefox,454819777.0,1875280683,2024-04-17 08:24:06,1410333,,,,,,,,,,,,,,,,,,,,,,,,,,,,,,,,,,,,,,,,,,,,,,,,,TN
2494,05ad651d0c97009f3d906febefe9888c127c2660,0.1277932960893855,autoland,4060709,13,fd0dfc9511c4c123e048823de9954312c2b907c1,linux1804-64-shippable-qr,True,False,,|c|o|l|d| |f|i|s|s|i|o|n| |i|n|t|e|r|a|c|t|i|v|e| |w|e|b|r|e|n|d|e|r|,102210fe594ee9b33d82058545b1ed14f4c8206e,fcp,reddit-billgates-post-1.billg,True,reddit-billgates-post-1.billg fcp opt cold fission webrender,,77,ms,firefox,454853992.0,1875419318,2024-04-17 11:47:51,1410461,,,,,,,,,,,,,,,,,,,,,,,,,,,,,,,,,,,,,,,,,,,,,,,,,TN
2495,4bf7684679058a9cea70efbf2306566e43ddbd57,0.11522346368715086,autoland,4060709,13,fd0dfc9511c4c123e048823de9954312c2b907c1,linux1804-64-shippable-qr,True,False,,|c|o|l|d| |f|i|s|s|i|o|n| |i|n|t|e|r|a|c|t|i|v|e| |w|e|b|r|e|n|d|e|r|,102210fe594ee9b33d82058545b1ed14f4c8206e,fcp,reddit-billgates-post-1.billg,True,reddit-billgates-post-1.billg fcp opt cold fission webrender,,77,ms,firefox,454958888.0,1875877892,2024-04-17 12:34:17,1410496,,,,,,,,,,,,,,,,,,,,,,,,,,,,,,,,,,,,,,,,,,,,,,,,,TN
2496,32f820922a96457623c5707ec70ed65ff3537597,0.14548417132216018,autoland,4060709,13,fd0dfc9511c4c123e048823de9954312c2b907c1,linux1804-64-shippable-qr,True,False,,|c|o|l|d| |f|i|s|s|i|o|n| |i|n|t|e|r|a|c|t|i|v|e| |w|e|b|r|e|n|d|e|r|,102210fe594ee9b33d82058545b1ed14f4c8206e,fcp,reddit-billgates-post-1.billg,True,reddit-billgates-post-1.billg fcp opt cold fission webrender,,77,ms,firefox,454958609.0,1875862594,2024-04-17 12:37:32,1410498,,,,,,,,,,,,,,,,,,,,,,,,,,,,,,,,,,,,,,,,,,,,,,,,,TN
2497,57f6925a520cf97f4af35e42db00435e817475dc,0.15665735567970207,autoland,4060709,13,fd0dfc9511c4c123e048823de9954312c2b907c1,linux1804-64-shippable-qr,True,False,,|c|o|l|d| |f|i|s|s|i|o|n| |i|n|t|e|r|a|c|t|i|v|e| |w|e|b|r|e|n|d|e|r|,102210fe594ee9b33d82058545b1ed14f4c8206e,fcp,reddit-billgates-post-1.billg,True,reddit-billgates-post-1.billg fcp opt cold fission webrender,,77,ms,firefox,454873499.0,1875481409,2024-04-17 13:57:03,1410569,,,,,,,,,,,,,,,,,,,,,,,,,,,,,,,,,,,,,,,,,,,,,,,,,TN
2498,9cb15fbf3387b57dedc490cfbdf02cf3837c4fd9,0.1417597765363129,autoland,4060709,13,fd0dfc9511c4c123e048823de9954312c2b907c1,linux1804-64-shippable-qr,True,False,,|c|o|l|d| |f|i|s|s|i|o|n| |i|n|t|e|r|a|c|t|i|v|e| |w|e|b|r|e|n|d|e|r|,102210fe594ee9b33d82058545b1ed14f4c8206e,fcp,reddit-billgates-post-1.billg,True,reddit-billgates-post-1.billg fcp opt cold fission webrender,,77,ms,firefox,454958725.0,1875870265,2024-04-17 13:58:01,1410571,,,,,,,,,,,,,,,,,,,,,,,,,,,,,,,,,,,,,,,,,,,,,,,,,TN
2499,975f45b6eb35d30e4fb742aa8d34792a54cb42d7,0.12360335195530725,autoland,4060709,13,fd0dfc9511c4c123e048823de9954312c2b907c1,linux1804-64-shippable-qr,True,False,,|c|o|l|d| |f|i|s|s|i|o|n| |i|n|t|e|r|a|c|t|i|v|e| |w|e|b|r|e|n|d|e|r|,102210fe594ee9b33d82058545b1ed14f4c8206e,fcp,reddit-billgates-post-1.billg,True,reddit-billgates-post-1.billg fcp opt cold fission webrender,,77,ms,firefox,454950901.0,1875783130,2024-04-17 14:29:06,1410605,,,,,,,,,,,,,,,,,,,,,,,,,,,,,,,,,,,,,,,,,,,,,,,,,TN
2500,1d9301697aa0ac99d1a7eba6aa3ddefa0327d4c6,0.14338919925512106,autoland,4060709,13,fd0dfc9511c4c123e048823de9954312c2b907c1,linux1804-64-shippable-qr,True,False,,|c|o|l|d| |f|i|s|s|i|o|n| |i|n|t|e|r|a|c|t|i|v|e| |w|e|b|r|e|n|d|e|r|,102210fe594ee9b33d82058545b1ed14f4c8206e,fcp,reddit-billgates-post-1.billg,True,reddit-billgates-post-1.billg fcp opt cold fission webrender,,77,ms,firefox,454957518.0,1875843673,2024-04-17 16:46:44,1410713,,,,,,,,,,,,,,,,,,,,,,,,,,,,,,,,,,,,,,,,,,,,,,,,,TN
2501,d58df5e2d05c48b077fbc55bb4c851270a79904b,0.14059590316573556,autoland,4060709,13,fd0dfc9511c4c123e048823de9954312c2b907c1,linux1804-64-shippable-qr,True,False,,|c|o|l|d| |f|i|s|s|i|o|n| |i|n|t|e|r|a|c|t|i|v|e| |w|e|b|r|e|n|d|e|r|,102210fe594ee9b33d82058545b1ed14f4c8206e,fcp,reddit-billgates-post-1.billg,True,reddit-billgates-post-1.billg fcp opt cold fission webrender,,77,ms,firefox,454957074.0,1875827934,2024-04-17 16:47:37,1410714,,,,,,,,,,,,,,,,,,,,,,,,,,,,,,,,,,,,,,,,,,,,,,,,,TN
2502,25500210a453fec07cc9d95612bbe778bae07f71,0.1212756052141527,autoland,4060709,13,fd0dfc9511c4c123e048823de9954312c2b907c1,linux1804-64-shippable-qr,True,False,,|c|o|l|d| |f|i|s|s|i|o|n| |i|n|t|e|r|a|c|t|i|v|e| |w|e|b|r|e|n|d|e|r|,102210fe594ee9b33d82058545b1ed14f4c8206e,fcp,reddit-billgates-post-1.billg,True,reddit-billgates-post-1.billg fcp opt cold fission webrender,,77,ms,firefox,454894757.0,1875561355,2024-04-17 18:33:15,1410800,,,,,,,,,,,,,,,,,,,,,,,,,,,,,,,,,,,,,,,,,,,,,,,,,TN
2503,d35a7bf5f1fc33f0f83edc8fdcffd17131fd9b82,0.14338919925512106,autoland,4060709,13,fd0dfc9511c4c123e048823de9954312c2b907c1,linux1804-64-shippable-qr,True,False,,|c|o|l|d| |f|i|s|s|i|o|n| |i|n|t|e|r|a|c|t|i|v|e| |w|e|b|r|e|n|d|e|r|,102210fe594ee9b33d82058545b1ed14f4c8206e,fcp,reddit-billgates-post-1.billg,True,reddit-billgates-post-1.billg fcp opt cold fission webrender,,77,ms,firefox,454915723.0,1875646028,2024-04-17 20:25:11,1410917,,,,,,,,,,,,,,,,,,,,,,,,,,,,,,,,,,,,,,,,,,,,,,,,,TN
2504,1bf7d54b4913d7994ed2ce4b07f0426fc70b4b7e,0.14827746741154557,autoland,4060709,13,fd0dfc9511c4c123e048823de9954312c2b907c1,linux1804-64-shippable-qr,True,False,,|c|o|l|d| |f|i|s|s|i|o|n| |i|n|t|e|r|a|c|t|i|v|e| |w|e|b|r|e|n|d|e|r|,102210fe594ee9b33d82058545b1ed14f4c8206e,fcp,reddit-billgates-post-1.billg,True,reddit-billgates-post-1.billg fcp opt cold fission webrender,,77,ms,firefox,454936602.0,1875725658,2024-04-18 00:20:10,1411120,,,,,,,,,,,,,,,,,,,,,,,,,,,,,,,,,,,,,,,,,,,,,,,,,TN
2505,12adf93b9ad4085d4f0b493c368533bb040dce46,0.12546554934823095,autoland,4060709,13,fd0dfc9511c4c123e048823de9954312c2b907c1,linux1804-64-shippable-qr,True,False,,|c|o|l|d| |f|i|s|s|i|o|n| |i|n|t|e|r|a|c|t|i|v|e| |w|e|b|r|e|n|d|e|r|,102210fe594ee9b33d82058545b1ed14f4c8206e,fcp,reddit-billgates-post-1.billg,True,reddit-billgates-post-1.billg fcp opt cold fission webrender,,77,ms,firefox,454953843.0,1875799091,2024-04-18 03:49:51,1411204,,,,,,,,,,,,,,,,,,,,,,,,,,,,,,,,,,,,,,,,,,,,,,,,,TN
2506,d4cde5148929d0d9587580bca2d37027d7424348,0.154096834264432,autoland,4060709,13,fd0dfc9511c4c123e048823de9954312c2b907c1,linux1804-64-shippable-qr,True,False,,|c|o|l|d| |f|i|s|s|i|o|n| |i|n|t|e|r|a|c|t|i|v|e| |w|e|b|r|e|n|d|e|r|,102210fe594ee9b33d82058545b1ed14f4c8206e,fcp,reddit-billgates-post-1.billg,True,reddit-billgates-post-1.billg fcp opt cold fission webrender,,77,ms,firefox,454971021.0,1875916785,2024-04-18 07:53:55,1411277,,,,,,,,,,,,,,,,,,,,,,,,,,,,,,,,,,,,,,,,,,,,,,,,,TN
2507,123e0c272c21270c6f9a5e2fca3bfbc72c7b5ef9,0.12639664804469275,autoland,4060709,13,fd0dfc9511c4c123e048823de9954312c2b907c1,linux1804-64-shippable-qr,True,False,,|c|o|l|d| |f|i|s|s|i|o|n| |i|n|t|e|r|a|c|t|i|v|e| |w|e|b|r|e|n|d|e|r|,102210fe594ee9b33d82058545b1ed14f4c8206e,fcp,reddit-billgates-post-1.billg,True,reddit-billgates-post-1.billg fcp opt cold fission webrender,,77,ms,firefox,455004125.0,1876059274,2024-04-18 12:14:33,1411435,,,,,,,,,,,,,,,,,,,,,,,,,,,,,,,,,,,,,,,,,,,,,,,,,TN
2508,257d3013546c7ec40031343c459162a0b69fa6f2,0.12057728119180633,autoland,4060709,13,fd0dfc9511c4c123e048823de9954312c2b907c1,linux1804-64-shippable-qr,True,False,,|c|o|l|d| |f|i|s|s|i|o|n| |i|n|t|e|r|a|c|t|i|v|e| |w|e|b|r|e|n|d|e|r|,102210fe594ee9b33d82058545b1ed14f4c8206e,fcp,reddit-billgates-post-1.billg,True,reddit-billgates-post-1.billg fcp opt cold fission webrender,,77,ms,firefox,455049754.0,1876256201,2024-04-18 15:42:46,1411573,,,,,,,,,,,,,,,,,,,,,,,,,,,,,,,,,,,,,,,,,,,,,,,,,TN
2509,0f5d446707971afc1fab01c0a28b208101241b8a,0.13128491620111737,autoland,4060709,13,fd0dfc9511c4c123e048823de9954312c2b907c1,linux1804-64-shippable-qr,True,False,,|c|o|l|d| |f|i|s|s|i|o|n| |i|n|t|e|r|a|c|t|i|v|e| |w|e|b|r|e|n|d|e|r|,102210fe594ee9b33d82058545b1ed14f4c8206e,fcp,reddit-billgates-post-1.billg,True,reddit-billgates-post-1.billg fcp opt cold fission webrender,,77,ms,firefox,455062849.0,1876291749,2024-04-18 18:28:28,1411727,,,,,,,,,,,,,,,,,,,,,,,,,,,,,,,,,,,,,,,,,,,,,,,,,TN
2510,1161842c1c20d7700df1b0815fc6ac6cb35706ab,0.14711359404096835,autoland,4060709,13,fd0dfc9511c4c123e048823de9954312c2b907c1,linux1804-64-shippable-qr,True,False,,|c|o|l|d| |f|i|s|s|i|o|n| |i|n|t|e|r|a|c|t|i|v|e| |w|e|b|r|e|n|d|e|r|,102210fe594ee9b33d82058545b1ed14f4c8206e,fcp,reddit-billgates-post-1.billg,True,reddit-billgates-post-1.billg fcp opt cold fission webrender,,77,ms,firefox,455117012.0,1876765770,2024-04-18 18:38:31,1411735,,,,,,,,,,,,,,,,,,,,,,,,,,,,,,,,,,,,,,,,,,,,,,,,,TN
2511,83b9c7e20aec8a8544ef8cbe7b065c56df94db97,0.15363128491620115,autoland,4060709,13,fd0dfc9511c4c123e048823de9954312c2b907c1,linux1804-64-shippable-qr,True,False,,|c|o|l|d| |f|i|s|s|i|o|n| |i|n|t|e|r|a|c|t|i|v|e| |w|e|b|r|e|n|d|e|r|,102210fe594ee9b33d82058545b1ed14f4c8206e,fcp,reddit-billgates-post-1.billg,True,reddit-billgates-post-1.billg fcp opt cold fission webrender,,77,ms,firefox,455116205.0,1876743192,2024-04-18 18:49:22,1411745,,,,,,,,,,,,,,,,,,,,,,,,,,,,,,,,,,,,,,,,,,,,,,,,,TN
2512,9f733bac89327bde042222de14857bc9838c6cdb,0.14269087523277468,autoland,4060709,13,fd0dfc9511c4c123e048823de9954312c2b907c1,linux1804-64-shippable-qr,True,False,,|c|o|l|d| |f|i|s|s|i|o|n| |i|n|t|e|r|a|c|t|i|v|e| |w|e|b|r|e|n|d|e|r|,102210fe594ee9b33d82058545b1ed14f4c8206e,fcp,reddit-billgates-post-1.billg,True,reddit-billgates-post-1.billg fcp opt cold fission webrender,,77,ms,firefox,455116294.0,1876756602,2024-04-18 21:12:29,1411840,,,,,,,,,,,,,,,,,,,,,,,,,,,,,,,,,,,,,,,,,,,,,,,,,TN
2513,bb8f4afc1b2b8fb8965b67c3f8cc898cef63a5b3,0.1550279329608938,autoland,4060709,13,fd0dfc9511c4c123e048823de9954312c2b907c1,linux1804-64-shippable-qr,True,False,,|c|o|l|d| |f|i|s|s|i|o|n| |i|n|t|e|r|a|c|t|i|v|e| |w|e|b|r|e|n|d|e|r|,102210fe594ee9b33d82058545b1ed14f4c8206e,fcp,reddit-billgates-post-1.billg,True,reddit-billgates-post-1.billg fcp opt cold fission webrender,,77,ms,firefox,455111625.0,1876659571,2024-04-18 21:13:34,1411843,,,,,,,,,,,,,,,,,,,,,,,,,,,,,,,,,,,,,,,,,,,,,,,,,TN
2514,eed297665148d999a1c59d7d6e66f6973e0dd84c,0.14129422718808193,autoland,4060709,13,fd0dfc9511c4c123e048823de9954312c2b907c1,linux1804-64-shippable-qr,True,False,,|c|o|l|d| |f|i|s|s|i|o|n| |i|n|t|e|r|a|c|t|i|v|e| |w|e|b|r|e|n|d|e|r|,102210fe594ee9b33d82058545b1ed14f4c8206e,fcp,reddit-billgates-post-1.billg,True,reddit-billgates-post-1.billg fcp opt cold fission webrender,,77,ms,firefox,455086475.0,1876438907,2024-04-18 21:15:15,1411845,,,,,,,,,,,,,,,,,,,,,,,,,,,,,,,,,,,,,,,,,,,,,,,,,TN
2515,3e097fca93b9af809ad16ed1d5f0bdd874f8f8e2,0.12383612662942267,autoland,4060709,13,fd0dfc9511c4c123e048823de9954312c2b907c1,linux1804-64-shippable-qr,True,False,,|c|o|l|d| |f|i|s|s|i|o|n| |i|n|t|e|r|a|c|t|i|v|e| |w|e|b|r|e|n|d|e|r|,102210fe594ee9b33d82058545b1ed14f4c8206e,fcp,reddit-billgates-post-1.billg,True,reddit-billgates-post-1.billg fcp opt cold fission webrender,,77,ms,firefox,455109032.0,1876620312,2024-04-19 01:55:54,1411981,,,,,,,,,,,,,,,,,,,,,,,,,,,,,,,,,,,,,,,,,,,,,,,,,TN
2516,99364906cd1d11016d0fc2dc03a8b7fd11705aa4,0.11359404096834269,autoland,4060709,13,fd0dfc9511c4c123e048823de9954312c2b907c1,linux1804-64-shippable-qr,True,False,,|c|o|l|d| |f|i|s|s|i|o|n| |i|n|t|e|r|a|c|t|i|v|e| |w|e|b|r|e|n|d|e|r|,102210fe594ee9b33d82058545b1ed14f4c8206e,fcp,reddit-billgates-post-1.billg,True,reddit-billgates-post-1.billg fcp opt cold fission webrender,,77,ms,firefox,455118845.0,1876786797,2024-04-19 06:08:52,1412057,,,,,,,,,,,,,,,,,,,,,,,,,,,,,,,,,,,,,,,,,,,,,,,,,TN
2517,465ebfc7da3d3a6de812574016249ab37ab8605c,0.10661080074487894,autoland,4060709,13,fd0dfc9511c4c123e048823de9954312c2b907c1,linux1804-64-shippable-qr,True,False,,|c|o|l|d| |f|i|s|s|i|o|n| |i|n|t|e|r|a|c|t|i|v|e| |w|e|b|r|e|n|d|e|r|,102210fe594ee9b33d82058545b1ed14f4c8206e,fcp,reddit-billgates-post-1.billg,True,reddit-billgates-post-1.billg fcp opt cold fission webrender,,77,ms,firefox,455147407.0,1876984919,2024-04-19 10:27:22,1412150,,,,,,,,,,,,,,,,,,,,,,,,,,,,,,,,,,,,,,,,,,,,,,,,,TN
2518,4b196ac64ccbf1061ee2c2835e31fe8b071b9099,0.1354748603351955,autoland,4060709,13,fd0dfc9511c4c123e048823de9954312c2b907c1,linux1804-64-shippable-qr,True,False,,|c|o|l|d| |f|i|s|s|i|o|n| |i|n|t|e|r|a|c|t|i|v|e| |w|e|b|r|e|n|d|e|r|,102210fe594ee9b33d82058545b1ed14f4c8206e,fcp,reddit-billgates-post-1.billg,True,reddit-billgates-post-1.billg fcp opt cold fission webrender,,77,ms,firefox,455184832.0,1877108992,2024-04-19 14:48:08,1412270,,,,,,,,,,,,,,,,,,,,,,,,,,,,,,,,,,,,,,,,,,,,,,,,,TN
2519,cf54488baa94dff90075eb1c2e96afc7353a4eee,0.1364059590316573,autoland,4060709,13,fd0dfc9511c4c123e048823de9954312c2b907c1,linux1804-64-shippable-qr,True,False,,|c|o|l|d| |f|i|s|s|i|o|n| |i|n|t|e|r|a|c|t|i|v|e| |w|e|b|r|e|n|d|e|r|,102210fe594ee9b33d82058545b1ed14f4c8206e,fcp,reddit-billgates-post-1.billg,True,reddit-billgates-post-1.billg fcp opt cold fission webrender,,77,ms,firefox,455213733.0,1877247170,2024-04-19 18:48:31,1412477,,,,,,,,,,,,,,,,,,,,,,,,,,,,,,,,,,,,,,,,,,,,,,,,,TN
2520,fd56e5907d69d8a14032cc7ec308f013a266ee16,0.1494413407821229,autoland,4060709,13,fd0dfc9511c4c123e048823de9954312c2b907c1,linux1804-64-shippable-qr,True,False,,|c|o|l|d| |f|i|s|s|i|o|n| |i|n|t|e|r|a|c|t|i|v|e| |w|e|b|r|e|n|d|e|r|,102210fe594ee9b33d82058545b1ed14f4c8206e,fcp,reddit-billgates-post-1.billg,True,reddit-billgates-post-1.billg fcp opt cold fission webrender,,77,ms,firefox,455241422.0,1877424335,2024-04-19 22:58:06,1412613,,,,,,,,,,,,,,,,,,,,,,,,,,,,,,,,,,,,,,,,,,,,,,,,,TN
2521,4797f0a19ccc6dca6f6aa6710f76967e23ba6276,0.14408752327746743,autoland,4060709,13,fd0dfc9511c4c123e048823de9954312c2b907c1,linux1804-64-shippable-qr,True,False,,|c|o|l|d| |f|i|s|s|i|o|n| |i|n|t|e|r|a|c|t|i|v|e| |w|e|b|r|e|n|d|e|r|,102210fe594ee9b33d82058545b1ed14f4c8206e,fcp,reddit-billgates-post-1.billg,True,reddit-billgates-post-1.billg fcp opt cold fission webrender,,77,ms,firefox,455253308.0,1877506736,2024-04-20 05:31:24,1412701,,,,,,,,,,,,,,,,,,,,,,,,,,,,,,,,,,,,,,,,,,,,,,,,,TN
2522,f5d9ea237d971478f314e77299398079989b786c,0.12639664804469275,autoland,4060709,13,fd0dfc9511c4c123e048823de9954312c2b907c1,linux1804-64-shippable-qr,True,False,,|c|o|l|d| |f|i|s|s|i|o|n| |i|n|t|e|r|a|c|t|i|v|e| |w|e|b|r|e|n|d|e|r|,102210fe594ee9b33d82058545b1ed14f4c8206e,fcp,reddit-billgates-post-1.billg,True,reddit-billgates-post-1.billg fcp opt cold fission webrender,,77,ms,firefox,455283551.0,1877627998,2024-04-20 15:42:35,1412749,,,,,,,,,,,,,,,,,,,,,,,,,,,,,,,,,,,,,,,,,,,,,,,,,TN
2523,65ceed609eb489d653eefc7e22fa34f869027a26,0.14245810055865915,autoland,4060709,13,fd0dfc9511c4c123e048823de9954312c2b907c1,linux1804-64-shippable-qr,True,False,,|c|o|l|d| |f|i|s|s|i|o|n| |i|n|t|e|r|a|c|t|i|v|e| |w|e|b|r|e|n|d|e|r|,102210fe594ee9b33d82058545b1ed14f4c8206e,fcp,reddit-billgates-post-1.billg,True,reddit-billgates-post-1.billg fcp opt cold fission webrender,,77,ms,firefox,455288982.0,1877660504,2024-04-21 00:18:25,1412781,,,,,,,,,,,,,,,,,,,,,,,,,,,,,,,,,,,,,,,,,,,,,,,,,TN
2524,400d4e6908a3aef8f83ae4db204d62e3e028f704,0.13873370577281186,autoland,4060709,13,fd0dfc9511c4c123e048823de9954312c2b907c1,linux1804-64-shippable-qr,True,False,,|c|o|l|d| |f|i|s|s|i|o|n| |i|n|t|e|r|a|c|t|i|v|e| |w|e|b|r|e|n|d|e|r|,102210fe594ee9b33d82058545b1ed14f4c8206e,fcp,reddit-billgates-post-1.billg,True,reddit-billgates-post-1.billg fcp opt cold fission webrender,,77,ms,firefox,455324639.0,1877847642,2024-04-21 21:40:30,1412843,,,,,,,,,,,,,,,,,,,,,,,,,,,,,,,,,,,,,,,,,,,,,,,,,TN
2525,d4a6129fdbbe32300d5069df6ce47dd92f665c96,0.15270018621973924,autoland,4060709,13,fd0dfc9511c4c123e048823de9954312c2b907c1,linux1804-64-shippable-qr,True,False,,|c|o|l|d| |f|i|s|s|i|o|n| |i|n|t|e|r|a|c|t|i|v|e| |w|e|b|r|e|n|d|e|r|,102210fe594ee9b33d82058545b1ed14f4c8206e,fcp,reddit-billgates-post-1.billg,True,reddit-billgates-post-1.billg fcp opt cold fission webrender,,77,ms,firefox,455334613.0,1877946258,2024-04-22 04:00:04,1412913,,,,,,,,,,,,,,,,,,,,,,,,,,,,,,,,,,,,,,,,,,,,,,,,,TN
2526,5a83d047329402d960e6c402c6deb27927a436c9,0.1466480446927374,autoland,4060709,13,fd0dfc9511c4c123e048823de9954312c2b907c1,linux1804-64-shippable-qr,True,False,,|c|o|l|d| |f|i|s|s|i|o|n| |i|n|t|e|r|a|c|t|i|v|e| |w|e|b|r|e|n|d|e|r|,102210fe594ee9b33d82058545b1ed14f4c8206e,fcp,reddit-billgates-post-1.billg,True,reddit-billgates-post-1.billg fcp opt cold fission webrender,,77,ms,firefox,455346450.0,1878013907,2024-04-22 08:07:09,1412944,,,,,,,,,,,,,,,,,,,,,,,,,,,,,,,,,,,,,,,,,,,,,,,,,TN
2527,1c34b0b26d5a556ee695c70bd744ca9f129f456e,0.11638733705772808,autoland,4060709,13,fd0dfc9511c4c123e048823de9954312c2b907c1,linux1804-64-shippable-qr,True,False,,|c|o|l|d| |f|i|s|s|i|o|n| |i|n|t|e|r|a|c|t|i|v|e| |w|e|b|r|e|n|d|e|r|,102210fe594ee9b33d82058545b1ed14f4c8206e,fcp,reddit-billgates-post-1.billg,True,reddit-billgates-post-1.billg fcp opt cold fission webrender,,77,ms,firefox,455383159.0,1878159370,2024-04-22 12:07:57,1413048,,,,,,,,,,,,,,,,,,,,,,,,,,,,,,,,,,,,,,,,,,,,,,,,,TN
2528,074b8a59783fe1d8f28029851f978ffe9241e3ad,0.03864059590316571,autoland,4060709,13,fd0dfc9511c4c123e048823de9954312c2b907c1,linux1804-64-shippable-qr,True,False,,|c|o|l|d| |f|i|s|s|i|o|n| |i|n|t|e|r|a|c|t|i|v|e| |w|e|b|r|e|n|d|e|r|,102210fe594ee9b33d82058545b1ed14f4c8206e,fcp,reddit-billgates-post-1.billg,True,reddit-billgates-post-1.billg fcp opt cold fission webrender,,77,ms,firefox,455488375.0,1878660601,2024-04-22 15:49:08,1413205,,,,,,,,,,,,,,,,,,,,,,,,,,,,,,,,,,,,,,,,,,,,,,,,,TN
2529,936f17cdc5b5d160df1a4947540a1d24b6394d57,0.16387337057728124,autoland,4060709,13,fd0dfc9511c4c123e048823de9954312c2b907c1,linux1804-64-shippable-qr,True,False,,|c|o|l|d| |f|i|s|s|i|o|n| |i|n|t|e|r|a|c|t|i|v|e| |w|e|b|r|e|n|d|e|r|,102210fe594ee9b33d82058545b1ed14f4c8206e,fcp,reddit-billgates-post-1.billg,True,reddit-billgates-post-1.billg fcp opt cold fission webrender,,77,ms,firefox,455488579.0,1878670282,2024-04-22 16:00:04,1413215,,,,,,,,,,,,,,,,,,,,,,,,,,,,,,,,,,,,,,,,,,,,,,,,,TN
2530,ed724b89a2c25252a6eab99f0fa48f85f2523b66,0.11778398510242083,autoland,4060709,13,fd0dfc9511c4c123e048823de9954312c2b907c1,linux1804-64-shippable-qr,True,False,,|c|o|l|d| |f|i|s|s|i|o|n| |i|n|t|e|r|a|c|t|i|v|e| |w|e|b|r|e|n|d|e|r|,102210fe594ee9b33d82058545b1ed14f4c8206e,fcp,reddit-billgates-post-1.billg,True,reddit-billgates-post-1.billg fcp opt cold fission webrender,,77,ms,firefox,455436095.0,1878347522,2024-04-22 19:20:17,1413379,,,,,,,,,,,,,,,,,,,,,,,,,,,,,,,,,,,,,,,,,,,,,,,,,TN
2531,294255d7250372c7cd6256cb6d1da23325d1f728,0.14269087523277468,autoland,4060709,13,fd0dfc9511c4c123e048823de9954312c2b907c1,linux1804-64-shippable-qr,True,False,,|c|o|l|d| |f|i|s|s|i|o|n| |i|n|t|e|r|a|c|t|i|v|e| |w|e|b|r|e|n|d|e|r|,102210fe594ee9b33d82058545b1ed14f4c8206e,fcp,reddit-billgates-post-1.billg,True,reddit-billgates-post-1.billg fcp opt cold fission webrender,,77,ms,firefox,455470464.0,1878537534,2024-04-22 23:20:55,1413581,,,,,,,,,,,,,,,,,,,,,,,,,,,,,,,,,,,,,,,,,,,,,,,,,TN
2532,074d29b6e81d7fbf5ac7dea664ffea6a59b41b80,0.14432029795158285,autoland,4060709,13,fd0dfc9511c4c123e048823de9954312c2b907c1,linux1804-64-shippable-qr,True,False,,|c|o|l|d| |f|i|s|s|i|o|n| |i|n|t|e|r|a|c|t|i|v|e| |w|e|b|r|e|n|d|e|r|,102210fe594ee9b33d82058545b1ed14f4c8206e,fcp,reddit-billgates-post-1.billg,True,reddit-billgates-post-1.billg fcp opt cold fission webrender,,77,ms,firefox,455486389.0,1878617101,2024-04-23 03:59:43,1413693,,,,,,,,,,,,,,,,,,,,,,,,,,,,,,,,,,,,,,,,,,,,,,,,,TN
2533,5519716422b3e14060894caded45bac7a3aeb773,0.1389664804469274,autoland,4060709,13,fd0dfc9511c4c123e048823de9954312c2b907c1,linux1804-64-shippable-qr,True,False,,|c|o|l|d| |f|i|s|s|i|o|n| |i|n|t|e|r|a|c|t|i|v|e| |w|e|b|r|e|n|d|e|r|,102210fe594ee9b33d82058545b1ed14f4c8206e,fcp,reddit-billgates-post-1.billg,True,reddit-billgates-post-1.billg fcp opt cold fission webrender,,77,ms,firefox,455499189.0,1878743106,2024-04-23 08:01:00,1413770,,,,,,,,,,,,,,,,,,,,,,,,,,,,,,,,,,,,,,,,,,,,,,,,,TN
2534,d0b5d121d8fc8ffddbec3e026a455ecfe0071347,0.1364059590316573,autoland,4060709,13,fd0dfc9511c4c123e048823de9954312c2b907c1,linux1804-64-shippable-qr,True,False,,|c|o|l|d| |f|i|s|s|i|o|n| |i|n|t|e|r|a|c|t|i|v|e| |w|e|b|r|e|n|d|e|r|,102210fe594ee9b33d82058545b1ed14f4c8206e,fcp,reddit-billgates-post-1.billg,True,reddit-billgates-post-1.billg fcp opt cold fission webrender,,77,ms,firefox,455537779.0,1878864797,2024-04-23 11:54:58,1413921,,,,,,,,,,,,,,,,,,,,,,,,,,,,,,,,,,,,,,,,,,,,,,,,,TN
2535,3670eb21452ed6a6d994b7c9197e9eb8dce496fc,0.11243016759776536,autoland,4060709,13,fd0dfc9511c4c123e048823de9954312c2b907c1,linux1804-64-shippable-qr,True,False,,|c|o|l|d| |f|i|s|s|i|o|n| |i|n|t|e|r|a|c|t|i|v|e| |w|e|b|r|e|n|d|e|r|,102210fe594ee9b33d82058545b1ed14f4c8206e,fcp,reddit-billgates-post-1.billg,True,reddit-billgates-post-1.billg fcp opt cold fission webrender,,77,ms,firefox,455626972.0,1879401665,2024-04-23 13:23:36,1413985,,,,,,,,,,,,,,,,,,,,,,,,,,,,,,,,,,,,,,,,,,,,,,,,,TN
2536,403992af097e07dbee379c1772c8ff1b21690142,0.1447858472998137,autoland,4060709,13,fd0dfc9511c4c123e048823de9954312c2b907c1,linux1804-64-shippable-qr,True,False,,|c|o|l|d| |f|i|s|s|i|o|n| |i|n|t|e|r|a|c|t|i|v|e| |w|e|b|r|e|n|d|e|r|,102210fe594ee9b33d82058545b1ed14f4c8206e,fcp,reddit-billgates-post-1.billg,True,reddit-billgates-post-1.billg fcp opt cold fission webrender,,77,ms,firefox,455626873.0,1879391040,2024-04-23 13:24:27,1413988,,,,,,,,,,,,,,,,,,,,,,,,,,,,,,,,,,,,,,,,,,,,,,,,,TN
2537,058dc2e8394c7361874508e49f2bbbfc3173f1a9,0.15619180633147112,autoland,4060709,13,fd0dfc9511c4c123e048823de9954312c2b907c1,linux1804-64-shippable-qr,True,False,,|c|o|l|d| |f|i|s|s|i|o|n| |i|n|t|e|r|a|c|t|i|v|e| |w|e|b|r|e|n|d|e|r|,102210fe594ee9b33d82058545b1ed14f4c8206e,fcp,reddit-billgates-post-1.billg,True,reddit-billgates-post-1.billg fcp opt cold fission webrender,,77,ms,firefox,455568718.0,1879085445,2024-04-23 15:44:45,1414120,,,,,,,,,,,,,,,,,,,,,,,,,,,,,,,,,,,,,,,,,,,,,,,,,TN
2538,1c40eb01d534a1c361c5c6fe0b3fdc64aed2c883,0.13384543761638734,autoland,4060709,13,fd0dfc9511c4c123e048823de9954312c2b907c1,linux1804-64-shippable-qr,True,False,,|c|o|l|d| |f|i|s|s|i|o|n| |i|n|t|e|r|a|c|t|i|v|e| |w|e|b|r|e|n|d|e|r|,102210fe594ee9b33d82058545b1ed14f4c8206e,fcp,reddit-billgates-post-1.billg,True,reddit-billgates-post-1.billg fcp opt cold fission webrender,,77,ms,firefox,455578797.0,1879132934,2024-04-23 18:21:27,1414216,,,,,,,,,,,,,,,,,,,,,,,,,,,,,,,,,,,,,,,,,,,,,,,,,TN
2539,b516592332299274cdbcfd113f1d8a97cc0ee8af,0.12918994413407825,autoland,4060709,13,fd0dfc9511c4c123e048823de9954312c2b907c1,linux1804-64-shippable-qr,True,False,,|c|o|l|d| |f|i|s|s|i|o|n| |i|n|t|e|r|a|c|t|i|v|e| |w|e|b|r|e|n|d|e|r|,102210fe594ee9b33d82058545b1ed14f4c8206e,fcp,reddit-billgates-post-1.billg,True,reddit-billgates-post-1.billg fcp opt cold fission webrender,,77,ms,firefox,455613100.0,1879333319,2024-04-23 22:59:53,1414419,,,,,,,,,,,,,,,,,,,,,,,,,,,,,,,,,,,,,,,,,,,,,,,,,TN
2540,3de3f9428f138bf269718fceb36c5112a195ca37,0.12546554934823095,autoland,4060709,13,fd0dfc9511c4c123e048823de9954312c2b907c1,linux1804-64-shippable-qr,True,False,,|c|o|l|d| |f|i|s|s|i|o|n| |i|n|t|e|r|a|c|t|i|v|e| |w|e|b|r|e|n|d|e|r|,102210fe594ee9b33d82058545b1ed14f4c8206e,fcp,reddit-billgates-post-1.billg,True,reddit-billgates-post-1.billg fcp opt cold fission webrender,,77,ms,firefox,455628908.0,1879416435,2024-04-24 03:55:37,1414529,,,,,,,,,,,,,,,,,,,,,,,,,,,,,,,,,,,,,,,,,,,,,,,,,TN
2541,fd7d96cffddb9a76a1ecc148c3b284e8003fe6b9,0.12430167597765363,autoland,4060709,13,fd0dfc9511c4c123e048823de9954312c2b907c1,linux1804-64-shippable-qr,True,False,,|c|o|l|d| |f|i|s|s|i|o|n| |i|n|t|e|r|a|c|t|i|v|e| |w|e|b|r|e|n|d|e|r|,102210fe594ee9b33d82058545b1ed14f4c8206e,fcp,reddit-billgates-post-1.billg,True,reddit-billgates-post-1.billg fcp opt cold fission webrender,,77,ms,firefox,455651590.0,1879578318,2024-04-24 07:56:15,1414632,,,,,,,,,,,,,,,,,,,,,,,,,,,,,,,,,,,,,,,,,,,,,,,,,TN
2542,87963547052db96296ae50e55c8266cbfc3bd922,0.13989757914338918,autoland,4060709,13,fd0dfc9511c4c123e048823de9954312c2b907c1,linux1804-64-shippable-qr,True,False,,|c|o|l|d| |f|i|s|s|i|o|n| |i|n|t|e|r|a|c|t|i|v|e| |w|e|b|r|e|n|d|e|r|,102210fe594ee9b33d82058545b1ed14f4c8206e,fcp,reddit-billgates-post-1.billg,True,reddit-billgates-post-1.billg fcp opt cold fission webrender,,77,ms,firefox,455698847.0,1879789500,2024-04-24 12:15:38,1414844,,,,,,,,,,,,,,,,,,,,,,,,,,,,,,,,,,,,,,,,,,,,,,,,,TN
2543,ec5140ea1b1384a44d1ce6e0271fc97472399e96,0.14897579143389195,autoland,4060709,13,fd0dfc9511c4c123e048823de9954312c2b907c1,linux1804-64-shippable-qr,True,False,,|c|o|l|d| |f|i|s|s|i|o|n| |i|n|t|e|r|a|c|t|i|v|e| |w|e|b|r|e|n|d|e|r|,102210fe594ee9b33d82058545b1ed14f4c8206e,fcp,reddit-billgates-post-1.billg,True,reddit-billgates-post-1.billg fcp opt cold fission webrender,,77,ms,firefox,455750944.0,121162,2024-04-25 00:20:54,1415370,,,,,,,,,,,,,,,,,,,,,,,,,,,,,,,,,,,,,,,,,,,,,,,,,TN
2544,cffa531d3b2e833bda2b3f035d37edb92f838428,0.1380353817504656,autoland,4060709,13,fd0dfc9511c4c123e048823de9954312c2b907c1,linux1804-64-shippable-qr,True,False,,|c|o|l|d| |f|i|s|s|i|o|n| |i|n|t|e|r|a|c|t|i|v|e| |w|e|b|r|e|n|d|e|r|,102210fe594ee9b33d82058545b1ed14f4c8206e,fcp,reddit-billgates-post-1.billg,True,reddit-billgates-post-1.billg fcp opt cold fission webrender,,77,ms,firefox,455773611.0,214415,2024-04-25 02:34:18,1415633,,,,,,,,,,,,,,,,,,,,,,,,,,,,,,,,,,,,,,,,,,,,,,,,,TN
2545,792c9892791495e8f13e77e5a78bfda83ab7a455,0.1401303538175046,autoland,4060709,13,fd0dfc9511c4c123e048823de9954312c2b907c1,linux1804-64-shippable-qr,True,False,,|c|o|l|d| |f|i|s|s|i|o|n| |i|n|t|e|r|a|c|t|i|v|e| |w|e|b|r|e|n|d|e|r|,102210fe594ee9b33d82058545b1ed14f4c8206e,fcp,reddit-billgates-post-1.billg,True,reddit-billgates-post-1.billg fcp opt cold fission webrender,,77,ms,firefox,455788268.0,302308,2024-04-25 05:01:58,1415718,,,,,,,,,,,,,,,,,,,,,,,,,,,,,,,,,,,,,,,,,,,,,,,,,TN
2546,5b0d6bb6f3780aaf074d79548381fd6e7a565b85,0.15013966480446927,autoland,4060709,13,fd0dfc9511c4c123e048823de9954312c2b907c1,linux1804-64-shippable-qr,True,False,,|c|o|l|d| |f|i|s|s|i|o|n| |i|n|t|e|r|a|c|t|i|v|e| |w|e|b|r|e|n|d|e|r|,102210fe594ee9b33d82058545b1ed14f4c8206e,fcp,reddit-billgates-post-1.billg,True,reddit-billgates-post-1.billg fcp opt cold fission webrender,,77,ms,firefox,455808767.0,480804,2024-04-25 09:09:49,1415822,,,,,,,,,,,,,,,,,,,,,,,,,,,,,,,,,,,,,,,,,,,,,,,,,TN
2547,88f7b12683ce863c6ca742ac14e176ee045383bd,0.1475791433891993,autoland,4060709,13,fd0dfc9511c4c123e048823de9954312c2b907c1,linux1804-64-shippable-qr,True,False,,|c|o|l|d| |f|i|s|s|i|o|n| |i|n|t|e|r|a|c|t|i|v|e| |w|e|b|r|e|n|d|e|r|,102210fe594ee9b33d82058545b1ed14f4c8206e,fcp,reddit-billgates-post-1.billg,True,reddit-billgates-post-1.billg fcp opt cold fission webrender,,77,ms,firefox,455854170.0,640357,2024-04-25 13:10:04,1416008,,,,,,,,,,,,,,,,,,,,,,,,,,,,,,,,,,,,,,,,,,,,,,,,,TN
2548,a913463932b70a4b7504d40b66173c0b20e76894,0.10311918063314712,autoland,4060709,13,fd0dfc9511c4c123e048823de9954312c2b907c1,linux1804-64-shippable-qr,True,False,,|c|o|l|d| |f|i|s|s|i|o|n| |i|n|t|e|r|a|c|t|i|v|e| |w|e|b|r|e|n|d|e|r|,102210fe594ee9b33d82058545b1ed14f4c8206e,fcp,reddit-billgates-post-1.billg,True,reddit-billgates-post-1.billg fcp opt cold fission webrender,,77,ms,firefox,455953119.0,1080697,2024-04-25 15:42:52,1416136,,,,,,,,,,,,,,,,,,,,,,,,,,,,,,,,,,,,,,,,,,,,,,,,,TN
2549,b743d99059effb91581a29dcf6595a01d5c1716d,0.17062383612662946,autoland,4060709,13,fd0dfc9511c4c123e048823de9954312c2b907c1,linux1804-64-shippable-qr,True,False,,|c|o|l|d| |f|i|s|s|i|o|n| |i|n|t|e|r|a|c|t|i|v|e| |w|e|b|r|e|n|d|e|r|,102210fe594ee9b33d82058545b1ed14f4c8206e,fcp,reddit-billgates-post-1.billg,True,reddit-billgates-post-1.billg fcp opt cold fission webrender,,77,ms,firefox,455947231.0,1045096,2024-04-25 15:59:28,1416150,,,,,,,,,,,,,,,,,,,,,,,,,,,,,,,,,,,,,,,,,,,,,,,,,TN
2550,6611338ffbdafbbc5b82211b1c255353bdb30763,0.11918063314711358,autoland,4060709,13,fd0dfc9511c4c123e048823de9954312c2b907c1,linux1804-64-shippable-qr,True,False,,|c|o|l|d| |f|i|s|s|i|o|n| |i|n|t|e|r|a|c|t|i|v|e| |w|e|b|r|e|n|d|e|r|,102210fe594ee9b33d82058545b1ed14f4c8206e,fcp,reddit-billgates-post-1.billg,True,reddit-billgates-post-1.billg fcp opt cold fission webrender,,77,ms,firefox,455879061.0,761805,2024-04-25 16:29:00,1416183,,,,,,,,,,,,,,,,,,,,,,,,,,,,,,,,,,,,,,,,,,,,,,,,,TN
2551,6a497992821d53c3704819a4f43c6a7d3234c5a2,0.14804469273743015,autoland,4060709,13,fd0dfc9511c4c123e048823de9954312c2b907c1,linux1804-64-shippable-qr,True,False,,|c|o|l|d| |f|i|s|s|i|o|n| |i|n|t|e|r|a|c|t|i|v|e| |w|e|b|r|e|n|d|e|r|,102210fe594ee9b33d82058545b1ed14f4c8206e,fcp,reddit-billgates-post-1.billg,True,reddit-billgates-post-1.billg fcp opt cold fission webrender,,77,ms,firefox,455918975.0,903721,2024-04-25 21:12:20,1416361,,,,,,,,,,,,,,,,,,,,,,,,,,,,,,,,,,,,,,,,,,,,,,,,,TN
2552,b89431ee0f24bcb481d894ad21288e4f09e1960d,0.13431098696461818,autoland,4060709,13,fd0dfc9511c4c123e048823de9954312c2b907c1,linux1804-64-shippable-qr,True,False,,|c|o|l|d| |f|i|s|s|i|o|n| |i|n|t|e|r|a|c|t|i|v|e| |w|e|b|r|e|n|d|e|r|,102210fe594ee9b33d82058545b1ed14f4c8206e,fcp,reddit-billgates-post-1.billg,True,reddit-billgates-post-1.billg fcp opt cold fission webrender,,77,ms,firefox,455942707.0,1017246,2024-04-26 01:33:24,1416487,,,,,,,,,,,,,,,,,,,,,,,,,,,,,,,,,,,,,,,,,,,,,,,,,TN
2553,ed2448d27fe2e034cd5804dc7310c3f72ac2eaa5,0.1720204841713222,autoland,4060709,13,fd0dfc9511c4c123e048823de9954312c2b907c1,linux1804-64-shippable-qr,True,False,,|c|o|l|d| |f|i|s|s|i|o|n| |i|n|t|e|r|a|c|t|i|v|e| |w|e|b|r|e|n|d|e|r|,102210fe594ee9b33d82058545b1ed14f4c8206e,fcp,reddit-billgates-post-1.billg,True,reddit-billgates-post-1.billg fcp opt cold fission webrender,,77,ms,firefox,455955301.0,1102989,2024-04-26 05:34:38,1416537,,,,,,,,,,,,,,,,,,,,,,,,,,,,,,,,,,,,,,,,,,,,,,,,,TN
2554,c8be3827903b85cfb4313957b4f308f696d3b0fe,0.16177839851024212,autoland,4060709,13,fd0dfc9511c4c123e048823de9954312c2b907c1,linux1804-64-shippable-qr,True,False,,|c|o|l|d| |f|i|s|s|i|o|n| |i|n|t|e|r|a|c|t|i|v|e| |w|e|b|r|e|n|d|e|r|,102210fe594ee9b33d82058545b1ed14f4c8206e,fcp,reddit-billgates-post-1.billg,True,reddit-billgates-post-1.billg fcp opt cold fission webrender,,77,ms,firefox,455984707.0,1266160,2024-04-26 09:39:43,1416671,,,,,,,,,,,,,,,,,,,,,,,,,,,,,,,,,,,,,,,,,,,,,,,,,TN
2555,462f013c08cacd7abfae1f2d1bf26354372a829f,0.143854748603352,autoland,4060709,13,fd0dfc9511c4c123e048823de9954312c2b907c1,linux1804-64-shippable-qr,True,False,,|c|o|l|d| |f|i|s|s|i|o|n| |i|n|t|e|r|a|c|t|i|v|e| |w|e|b|r|e|n|d|e|r|,102210fe594ee9b33d82058545b1ed14f4c8206e,fcp,reddit-billgates-post-1.billg,True,reddit-billgates-post-1.billg fcp opt cold fission webrender,,77,ms,firefox,456023071.0,1379843,2024-04-26 13:51:38,1416831,,,,,,,,,,,,,,,,,,,,,,,,,,,,,,,,,,,,,,,,,,,,,,,,,TN
2556,ed101e266315213d1ad0a423c49bade6ff5df172,0.13570763500931105,autoland,4060709,13,fd0dfc9511c4c123e048823de9954312c2b907c1,linux1804-64-shippable-qr,True,False,,|c|o|l|d| |f|i|s|s|i|o|n| |i|n|t|e|r|a|c|t|i|v|e| |w|e|b|r|e|n|d|e|r|,102210fe594ee9b33d82058545b1ed14f4c8206e,fcp,reddit-billgates-post-1.billg,True,reddit-billgates-post-1.billg fcp opt cold fission webrender,,77,ms,firefox,456057757.0,1559023,2024-04-26 17:53:01,1417003,,,,,,,,,,,,,,,,,,,,,,,,,,,,,,,,,,,,,,,,,,,,,,,,,TN
2557,7b85c82d731ddab976c6abe7e54685cacaebba41,0.14338919925512106,autoland,4060709,13,fd0dfc9511c4c123e048823de9954312c2b907c1,linux1804-64-shippable-qr,True,False,,|c|o|l|d| |f|i|s|s|i|o|n| |i|n|t|e|r|a|c|t|i|v|e| |w|e|b|r|e|n|d|e|r|,102210fe594ee9b33d82058545b1ed14f4c8206e,fcp,reddit-billgates-post-1.billg,True,reddit-billgates-post-1.billg fcp opt cold fission webrender,,77,ms,firefox,456079651.0,1650749,2024-04-26 22:54:36,1417188,,,,,,,,,,,,,,,,,,,,,,,,,,,,,,,,,,,,,,,,,,,,,,,,,TN
2558,45defed78aafc90410c68310027bf771bcfc5968,0.1531657355679702,autoland,4060709,13,fd0dfc9511c4c123e048823de9954312c2b907c1,linux1804-64-shippable-qr,True,False,,|c|o|l|d| |f|i|s|s|i|o|n| |i|n|t|e|r|a|c|t|i|v|e| |w|e|b|r|e|n|d|e|r|,102210fe594ee9b33d82058545b1ed14f4c8206e,fcp,reddit-billgates-post-1.billg,True,reddit-billgates-post-1.billg fcp opt cold fission webrender,,77,ms,firefox,456093585.0,1740774,2024-04-27 03:46:15,1417229,,,,,,,,,,,,,,,,,,,,,,,,,,,,,,,,,,,,,,,,,,,,,,,,,TN
2559,b694b588a2936a5c99a0ecf2d9d8fb6382a2bff4,0.1315176908752328,autoland,4060709,13,fd0dfc9511c4c123e048823de9954312c2b907c1,linux1804-64-shippable-qr,True,False,,|c|o|l|d| |f|i|s|s|i|o|n| |i|n|t|e|r|a|c|t|i|v|e| |w|e|b|r|e|n|d|e|r|,102210fe594ee9b33d82058545b1ed14f4c8206e,fcp,reddit-billgates-post-1.billg,True,reddit-billgates-post-1.billg fcp opt cold fission webrender,,77,ms,firefox,456112602.0,1832589,2024-04-27 10:47:32,1417256,,,,,,,,,,,,,,,,,,,,,,,,,,,,,,,,,,,,,,,,,,,,,,,,,TN
2560,69bb72420e433fa8d66fff354e5ce90402289ac1,0.15060521415270012,autoland,4060709,13,fd0dfc9511c4c123e048823de9954312c2b907c1,linux1804-64-shippable-qr,True,False,,|c|o|l|d| |f|i|s|s|i|o|n| |i|n|t|e|r|a|c|t|i|v|e| |w|e|b|r|e|n|d|e|r|,102210fe594ee9b33d82058545b1ed14f4c8206e,fcp,reddit-billgates-post-1.billg,True,reddit-billgates-post-1.billg fcp opt cold fission webrender,,77,ms,firefox,456135826.0,1935486,2024-04-27 18:43:51,1417294,,,,,,,,,,,,,,,,,,,,,,,,,,,,,,,,,,,,,,,,,,,,,,,,,TN
2561,8256dde0533523666a60914881f81717e1705f8a,0.12616387337057722,autoland,4060709,13,fd0dfc9511c4c123e048823de9954312c2b907c1,linux1804-64-shippable-qr,True,False,,|c|o|l|d| |f|i|s|s|i|o|n| |i|n|t|e|r|a|c|t|i|v|e| |w|e|b|r|e|n|d|e|r|,102210fe594ee9b33d82058545b1ed14f4c8206e,fcp,reddit-billgates-post-1.billg,True,reddit-billgates-post-1.billg fcp opt cold fission webrender,,77,ms,firefox,456148980.0,2008476,2024-04-27 22:45:22,1417317,,,,,,,,,,,,,,,,,,,,,,,,,,,,,,,,,,,,,,,,,,,,,,,,,TN
2562,d1651fe33156a2aab5884ab1eaaaa8c5dd64631d,0.12756052141527008,autoland,4060709,13,fd0dfc9511c4c123e048823de9954312c2b907c1,linux1804-64-shippable-qr,True,False,,|c|o|l|d| |f|i|s|s|i|o|n| |i|n|t|e|r|a|c|t|i|v|e| |w|e|b|r|e|n|d|e|r|,102210fe594ee9b33d82058545b1ed14f4c8206e,fcp,reddit-billgates-post-1.billg,True,reddit-billgates-post-1.billg fcp opt cold fission webrender,,77,ms,firefox,456156693.0,2038674,2024-04-28 03:23:06,1417329,,,,,,,,,,,,,,,,,,,,,,,,,,,,,,,,,,,,,,,,,,,,,,,,,TN
2563,e479324bc8bb9135d7a48ad8ebc677725f27de37,0.1429236499068901,autoland,4060709,13,fd0dfc9511c4c123e048823de9954312c2b907c1,linux1804-64-shippable-qr,True,False,,|c|o|l|d| |f|i|s|s|i|o|n| |i|n|t|e|r|a|c|t|i|v|e| |w|e|b|r|e|n|d|e|r|,102210fe594ee9b33d82058545b1ed14f4c8206e,fcp,reddit-billgates-post-1.billg,True,reddit-billgates-post-1.billg fcp opt cold fission webrender,,77,ms,firefox,456178608.0,2136314,2024-04-28 10:04:44,1417378,,,,,,,,,,,,,,,,,,,,,,,,,,,,,,,,,,,,,,,,,,,,,,,,,TN
2564,f157e5d64220507743654737cdd9b5e74f4f3ed5,0.14641527001862198,autoland,4060709,13,fd0dfc9511c4c123e048823de9954312c2b907c1,linux1804-64-shippable-qr,True,False,,|c|o|l|d| |f|i|s|s|i|o|n| |i|n|t|e|r|a|c|t|i|v|e| |w|e|b|r|e|n|d|e|r|,102210fe594ee9b33d82058545b1ed14f4c8206e,fcp,reddit-billgates-post-1.billg,True,reddit-billgates-post-1.billg fcp opt cold fission webrender,,77,ms,firefox,456188459.0,2194574,2024-04-28 14:13:44,1417383,,,,,,,,,,,,,,,,,,,,,,,,,,,,,,,,,,,,,,,,,,,,,,,,,TN
2565,717a883474bedbbf5f420ffd52c76d3f6d4b910d,0.11196461824953441,autoland,4060709,13,fd0dfc9511c4c123e048823de9954312c2b907c1,linux1804-64-shippable-qr,True,False,,|c|o|l|d| |f|i|s|s|i|o|n| |i|n|t|e|r|a|c|t|i|v|e| |w|e|b|r|e|n|d|e|r|,102210fe594ee9b33d82058545b1ed14f4c8206e,fcp,reddit-billgates-post-1.billg,True,reddit-billgates-post-1.billg fcp opt cold fission webrender,,77,ms,firefox,456191645.0,2210408,2024-04-28 19:02:33,1417402,,,,,,,,,,,,,,,,,,,,,,,,,,,,,,,,,,,,,,,,,,,,,,,,,TN
2566,0481d43263e16ab0b359e3c85888197704857817,0.14897579143389195,autoland,4060709,13,fd0dfc9511c4c123e048823de9954312c2b907c1,linux1804-64-shippable-qr,True,False,,|c|o|l|d| |f|i|s|s|i|o|n| |i|n|t|e|r|a|c|t|i|v|e| |w|e|b|r|e|n|d|e|r|,102210fe594ee9b33d82058545b1ed14f4c8206e,fcp,reddit-billgates-post-1.billg,True,reddit-billgates-post-1.billg fcp opt cold fission webrender,,77,ms,firefox,456207769.0,2278943,2024-04-29 00:22:43,1417434,,,,,,,,,,,,,,,,,,,,,,,,,,,,,,,,,,,,,,,,,,,,,,,,,TN
2567,6b17c605c084e2db078b234e703a176d3b427fe1,0.15083798882681565,autoland,4060709,13,fd0dfc9511c4c123e048823de9954312c2b907c1,linux1804-64-shippable-qr,True,False,,|c|o|l|d| |f|i|s|s|i|o|n| |i|n|t|e|r|a|c|t|i|v|e| |w|e|b|r|e|n|d|e|r|,102210fe594ee9b33d82058545b1ed14f4c8206e,fcp,reddit-billgates-post-1.billg,True,reddit-billgates-post-1.billg fcp opt cold fission webrender,,77,ms,firefox,456215346.0,2347516,2024-04-29 06:17:09,1417456,,,,,,,,,,,,,,,,,,,,,,,,,,,,,,,,,,,,,,,,,,,,,,,,,TN
2568,04a668ef9c909b54153526f6b4e28b4287e80664,0.1380353817504656,autoland,4060709,13,fd0dfc9511c4c123e048823de9954312c2b907c1,linux1804-64-shippable-qr,True,False,,|c|o|l|d| |f|i|s|s|i|o|n| |i|n|t|e|r|a|c|t|i|v|e| |w|e|b|r|e|n|d|e|r|,102210fe594ee9b33d82058545b1ed14f4c8206e,fcp,reddit-billgates-post-1.billg,True,reddit-billgates-post-1.billg fcp opt cold fission webrender,,77,ms,firefox,456247474.0,2516310,2024-04-29 10:38:34,1417565,,,,,,,,,,,,,,,,,,,,,,,,,,,,,,,,,,,,,,,,,,,,,,,,,TN
2569,650dda9187436a12c66c2e81441e68e1d481e164,0.14432029795158285,autoland,4060709,13,fd0dfc9511c4c123e048823de9954312c2b907c1,linux1804-64-shippable-qr,True,False,,|c|o|l|d| |f|i|s|s|i|o|n| |i|n|t|e|r|a|c|t|i|v|e| |w|e|b|r|e|n|d|e|r|,102210fe594ee9b33d82058545b1ed14f4c8206e,fcp,reddit-billgates-post-1.billg,True,reddit-billgates-post-1.billg fcp opt cold fission webrender,,77,ms,firefox,456292304.0,2697898,2024-04-29 14:46:23,1417768,,,,,,,,,,,,,,,,,,,,,,,,,,,,,,,,,,,,,,,,,,,,,,,,,TN
2570,efdaf7a2b304f9e71ba7b718af54373670cf6f93,0.12174115456238366,autoland,4060709,13,fd0dfc9511c4c123e048823de9954312c2b907c1,linux1804-64-shippable-qr,True,False,,|c|o|l|d| |f|i|s|s|i|o|n| |i|n|t|e|r|a|c|t|i|v|e| |w|e|b|r|e|n|d|e|r|,102210fe594ee9b33d82058545b1ed14f4c8206e,fcp,reddit-billgates-post-1.billg,True,reddit-billgates-post-1.billg fcp opt cold fission webrender,,77,ms,firefox,456378736.0,3503148,2024-04-29 14:47:47,1417771,,,,,,,,,,,,,,,,,,,,,,,,,,,,,,,,,,,,,,,,,,,,,,,,,TN
2571,dc425d760d0918fee1c46e930cf3badd1f1f0fb9,0.16317504655493476,autoland,4060709,13,fd0dfc9511c4c123e048823de9954312c2b907c1,linux1804-64-shippable-qr,True,False,,|c|o|l|d| |f|i|s|s|i|o|n| |i|n|t|e|r|a|c|t|i|v|e| |w|e|b|r|e|n|d|e|r|,102210fe594ee9b33d82058545b1ed14f4c8206e,fcp,reddit-billgates-post-1.billg,True,reddit-billgates-post-1.billg fcp opt cold fission webrender,,77,ms,firefox,456379043.0,3545147,2024-04-29 15:00:21,1417778,,,,,,,,,,,,,,,,,,,,,,,,,,,,,,,,,,,,,,,,,,,,,,,,,TN
2572,fb9d21d9a3f911f1748f03b323b8358292a5588c,0.1599162011173184,autoland,4060709,13,fd0dfc9511c4c123e048823de9954312c2b907c1,linux1804-64-shippable-qr,True,False,,|c|o|l|d| |f|i|s|s|i|o|n| |i|n|t|e|r|a|c|t|i|v|e| |w|e|b|r|e|n|d|e|r|,102210fe594ee9b33d82058545b1ed14f4c8206e,fcp,reddit-billgates-post-1.billg,True,reddit-billgates-post-1.billg fcp opt cold fission webrender,,77,ms,firefox,456326246.0,2899025,2024-04-29 17:19:25,1417921,,,,,,,,,,,,,,,,,,,,,,,,,,,,,,,,,,,,,,,,,,,,,,,,,TN
2573,e9cdeeb2f957d210479897325c1d72ded8f512a4,0.1571229050279329,autoland,4060709,13,fd0dfc9511c4c123e048823de9954312c2b907c1,linux1804-64-shippable-qr,True,False,,|c|o|l|d| |f|i|s|s|i|o|n| |i|n|t|e|r|a|c|t|i|v|e| |w|e|b|r|e|n|d|e|r|,102210fe594ee9b33d82058545b1ed14f4c8206e,fcp,reddit-billgates-post-1.billg,True,reddit-billgates-post-1.billg fcp opt cold fission webrender,,77,ms,firefox,456342182.0,2986711,2024-04-29 19:52:22,1418020,,,,,,,,,,,,,,,,,,,,,,,,,,,,,,,,,,,,,,,,,,,,,,,,,TN
2574,660a39c9cdc7fc3c728c5da5ccaa8856854fa346,0.12337057728119183,autoland,4060709,13,fd0dfc9511c4c123e048823de9954312c2b907c1,linux1804-64-shippable-qr,True,False,,|c|o|l|d| |f|i|s|s|i|o|n| |i|n|t|e|r|a|c|t|i|v|e| |w|e|b|r|e|n|d|e|r|,102210fe594ee9b33d82058545b1ed14f4c8206e,fcp,reddit-billgates-post-1.billg,True,reddit-billgates-post-1.billg fcp opt cold fission webrender,,77,ms,firefox,456367774.0,3070579,2024-04-30 00:02:50,1418169,,,,,,,,,,,,,,,,,,,,,,,,,,,,,,,,,,,,,,,,,,,,,,,,,TN
2575,0c6cd807867dbaf592b3c7db4eef81220fe03acf,0.13384543761638734,autoland,4060709,13,fd0dfc9511c4c123e048823de9954312c2b907c1,linux1804-64-shippable-qr,True,False,,|c|o|l|d| |f|i|s|s|i|o|n| |i|n|t|e|r|a|c|t|i|v|e| |w|e|b|r|e|n|d|e|r|,102210fe594ee9b33d82058545b1ed14f4c8206e,fcp,reddit-billgates-post-1.billg,True,reddit-billgates-post-1.billg fcp opt cold fission webrender,,77,ms,firefox,456378587.0,3491682,2024-04-30 05:00:53,1418256,,,,,,,,,,,,,,,,,,,,,,,,,,,,,,,,,,,,,,,,,,,,,,,,,TN
2576,5502377f2629549b2b7c5368c980d0487ed281d4,0.1240689013035382,autoland,4060709,13,fd0dfc9511c4c123e048823de9954312c2b907c1,linux1804-64-shippable-qr,True,False,,|c|o|l|d| |f|i|s|s|i|o|n| |i|n|t|e|r|a|c|t|i|v|e| |w|e|b|r|e|n|d|e|r|,102210fe594ee9b33d82058545b1ed14f4c8206e,fcp,reddit-billgates-post-1.billg,True,reddit-billgates-post-1.billg fcp opt cold fission webrender,,77,ms,firefox,456395655.0,3553658,2024-04-30 09:02:30,1418348,,,,,,,,,,,,,,,,,,,,,,,,,,,,,,,,,,,,,,,,,,,,,,,,,TN
2577,26390589f165128dffd39f91181ed9c9daf7afaa,0.125,autoland,4060709,13,fd0dfc9511c4c123e048823de9954312c2b907c1,linux1804-64-shippable-qr,True,False,,|c|o|l|d| |f|i|s|s|i|o|n| |i|n|t|e|r|a|c|t|i|v|e| |w|e|b|r|e|n|d|e|r|,102210fe594ee9b33d82058545b1ed14f4c8206e,fcp,reddit-billgates-post-1.billg,True,reddit-billgates-post-1.billg fcp opt cold fission webrender,,77,ms,firefox,456525831.0,3848010,2024-04-30 09:34:04,1418368,,,,,,,,,,,,,,,,,,,,,,,,,,,,,,,,,,,,,,,,,,,,,,,,,TN
2578,d642b8b54c96cbe8ecce5112f12979726ab9eec9,0.12337057728119183,autoland,4060709,13,fd0dfc9511c4c123e048823de9954312c2b907c1,linux1804-64-shippable-qr,True,False,,|c|o|l|d| |f|i|s|s|i|o|n| |i|n|t|e|r|a|c|t|i|v|e| |w|e|b|r|e|n|d|e|r|,102210fe594ee9b33d82058545b1ed14f4c8206e,fcp,reddit-billgates-post-1.billg,True,reddit-billgates-post-1.billg fcp opt cold fission webrender,,77,ms,firefox,456525123.0,3844683,2024-04-30 10:38:29,1418396,,,,,,,,,,,,,,,,,,,,,,,,,,,,,,,,,,,,,,,,,,,,,,,,,TN
2579,df31c6244c03bc65932fec706fefedf091587459,0.11033519553072624,autoland,4060709,13,fd0dfc9511c4c123e048823de9954312c2b907c1,linux1804-64-shippable-qr,True,False,,|c|o|l|d| |f|i|s|s|i|o|n| |i|n|t|e|r|a|c|t|i|v|e| |w|e|b|r|e|n|d|e|r|,102210fe594ee9b33d82058545b1ed14f4c8206e,fcp,reddit-billgates-post-1.billg,True,reddit-billgates-post-1.billg fcp opt cold fission webrender,,77,ms,firefox,456437964.0,3571223,2024-04-30 13:09:55,1418487,,,,,,,,,,,,,,,,,,,,,,,,,,,,,,,,,,,,,,,,,,,,,,,,,TN
2580,c6a1a0587644242ad8f8fc0bcf0a94c8e485fc19,0.1389664804469274,autoland,4060709,13,fd0dfc9511c4c123e048823de9954312c2b907c1,linux1804-64-shippable-qr,True,False,,|c|o|l|d| |f|i|s|s|i|o|n| |i|n|t|e|r|a|c|t|i|v|e| |w|e|b|r|e|n|d|e|r|,102210fe594ee9b33d82058545b1ed14f4c8206e,fcp,reddit-billgates-post-1.billg,True,reddit-billgates-post-1.billg fcp opt cold fission webrender,,77,ms,firefox,456524542.0,3829748,2024-04-30 15:40:12,1418640,,,,,,,,,,,,,,,,,,,,,,,,,,,,,,,,,,,,,,,,,,,,,,,,,TN
2581,ba7ae57dce0dd88946407baf4899d321ca533e03,0.16131284916201116,autoland,4060709,13,fd0dfc9511c4c123e048823de9954312c2b907c1,linux1804-64-shippable-qr,True,False,,|c|o|l|d| |f|i|s|s|i|o|n| |i|n|t|e|r|a|c|t|i|v|e| |w|e|b|r|e|n|d|e|r|,102210fe594ee9b33d82058545b1ed14f4c8206e,fcp,reddit-billgates-post-1.billg,True,reddit-billgates-post-1.billg fcp opt cold fission webrender,,77,ms,firefox,456524706.0,3836231,2024-04-30 15:58:16,1418659,,,,,,,,,,,,,,,,,,,,,,,,,,,,,,,,,,,,,,,,,,,,,,,,,TN
2582,8f7500d7e530d9db7e5101922db97ea633705f4e,0.1447858472998137,autoland,4060709,13,fd0dfc9511c4c123e048823de9954312c2b907c1,linux1804-64-shippable-qr,True,False,,|c|o|l|d| |f|i|s|s|i|o|n| |i|n|t|e|r|a|c|t|i|v|e| |w|e|b|r|e|n|d|e|r|,102210fe594ee9b33d82058545b1ed14f4c8206e,fcp,reddit-billgates-post-1.billg,True,reddit-billgates-post-1.billg fcp opt cold fission webrender,,77,ms,firefox,456460941.0,3583608,2024-04-30 16:26:23,1418685,,,,,,,,,,,,,,,,,,,,,,,,,,,,,,,,,,,,,,,,,,,,,,,,,TN
2583,ec8f015d7e7237118cd2c9633310bf3b43bc902b,0.15526070763500932,autoland,4060709,13,fd0dfc9511c4c123e048823de9954312c2b907c1,linux1804-64-shippable-qr,True,False,,|c|o|l|d| |f|i|s|s|i|o|n| |i|n|t|e|r|a|c|t|i|v|e| |w|e|b|r|e|n|d|e|r|,102210fe594ee9b33d82058545b1ed14f4c8206e,fcp,reddit-billgates-post-1.billg,True,reddit-billgates-post-1.billg fcp opt cold fission webrender,,77,ms,firefox,456483133.0,3625121,2024-04-30 19:24:53,1418797,,,,,,,,,,,,,,,,,,,,,,,,,,,,,,,,,,,,,,,,,,,,,,,,,TN
2584,cd22a3f9463d7df724c7e17c83b6f9d8fe0dd54e,0.14990689013035385,autoland,4060709,13,fd0dfc9511c4c123e048823de9954312c2b907c1,linux1804-64-shippable-qr,True,False,,|c|o|l|d| |f|i|s|s|i|o|n| |i|n|t|e|r|a|c|t|i|v|e| |w|e|b|r|e|n|d|e|r|,102210fe594ee9b33d82058545b1ed14f4c8206e,fcp,reddit-billgates-post-1.billg,True,reddit-billgates-post-1.billg fcp opt cold fission webrender,,77,ms,firefox,456512897.0,3727356,2024-04-30 23:32:26,1418926,,,,,,,,,,,,,,,,,,,,,,,,,,,,,,,,,,,,,,,,,,,,,,,,,TN
2585,5801de1f3daa092cf721149dc96e7b073c172a92,0.15060521415270012,autoland,4060709,13,fd0dfc9511c4c123e048823de9954312c2b907c1,linux1804-64-shippable-qr,True,False,,|c|o|l|d| |f|i|s|s|i|o|n| |i|n|t|e|r|a|c|t|i|v|e| |w|e|b|r|e|n|d|e|r|,102210fe594ee9b33d82058545b1ed14f4c8206e,fcp,reddit-billgates-post-1.billg,True,reddit-billgates-post-1.billg fcp opt cold fission webrender,,77,ms,firefox,456523132.0,3813948,2024-05-01 03:47:22,1419018,,,,,,,,,,,,,,,,,,,,,,,,,,,,,,,,,,,,,,,,,,,,,,,,,TN
2586,287f670c824ebf9c8dbde990f795f92c94af4882,0.15945065176908757,autoland,4060709,13,fd0dfc9511c4c123e048823de9954312c2b907c1,linux1804-64-shippable-qr,True,False,,|c|o|l|d| |f|i|s|s|i|o|n| |i|n|t|e|r|a|c|t|i|v|e| |w|e|b|r|e|n|d|e|r|,102210fe594ee9b33d82058545b1ed14f4c8206e,fcp,reddit-billgates-post-1.billg,True,reddit-billgates-post-1.billg fcp opt cold fission webrender,,77,ms,firefox,456531801.0,3886087,2024-05-01 07:50:28,1419058,,,,,,,,,,,,,,,,,,,,,,,,,,,,,,,,,,,,,,,,,,,,,,,,,TN
2587,0c09216614e40f92d253d63a3699eb680be6773a,0.15735567970204845,autoland,4060709,13,fd0dfc9511c4c123e048823de9954312c2b907c1,linux1804-64-shippable-qr,True,False,,|c|o|l|d| |f|i|s|s|i|o|n| |i|n|t|e|r|a|c|t|i|v|e| |w|e|b|r|e|n|d|e|r|,102210fe594ee9b33d82058545b1ed14f4c8206e,fcp,reddit-billgates-post-1.billg,True,reddit-billgates-post-1.billg fcp opt cold fission webrender,,77,ms,firefox,456579049.0,4080841,2024-05-01 18:27:07,1419281,,,,,,,,,,,,,,,,,,,,,,,,,,,,,,,,,,,,,,,,,,,,,,,,,TN
2588,b8f4a7d4d873dccbf25b9bc2f3510753c2b3fde7,0.1333798882681565,autoland,4060709,13,fd0dfc9511c4c123e048823de9954312c2b907c1,linux1804-64-shippable-qr,True,False,,|c|o|l|d| |f|i|s|s|i|o|n| |i|n|t|e|r|a|c|t|i|v|e| |w|e|b|r|e|n|d|e|r|,102210fe594ee9b33d82058545b1ed14f4c8206e,fcp,reddit-billgates-post-1.billg,True,reddit-billgates-post-1.billg fcp opt cold fission webrender,,77,ms,firefox,456596171.0,4166575,2024-05-01 20:27:27,1419379,,,,,,,,,,,,,,,,,,,,,,,,,,,,,,,,,,,,,,,,,,,,,,,,,TN
2589,c20a8162786c1c65c5f6de523fe04ed01e365e70,0.12360335195530725,autoland,4060709,13,fd0dfc9511c4c123e048823de9954312c2b907c1,linux1804-64-shippable-qr,True,False,,|c|o|l|d| |f|i|s|s|i|o|n| |i|n|t|e|r|a|c|t|i|v|e| |w|e|b|r|e|n|d|e|r|,102210fe594ee9b33d82058545b1ed14f4c8206e,fcp,reddit-billgates-post-1.billg,True,reddit-billgates-post-1.billg fcp opt cold fission webrender,,77,ms,firefox,456635635.0,4359808,2024-05-01 22:41:28,1419434,,,,,,,,,,,,,,,,,,,,,,,,,,,,,,,,,,,,,,,,,,,,,,,,,TN
2590,cc7310ddf9a3d299491efc7c2b1279cef8b05ae7,0.14920856610800748,autoland,4060709,13,fd0dfc9511c4c123e048823de9954312c2b907c1,linux1804-64-shippable-qr,True,False,,|c|o|l|d| |f|i|s|s|i|o|n| |i|n|t|e|r|a|c|t|i|v|e| |w|e|b|r|e|n|d|e|r|,102210fe594ee9b33d82058545b1ed14f4c8206e,fcp,reddit-billgates-post-1.billg,True,reddit-billgates-post-1.billg fcp opt cold fission webrender,,77,ms,firefox,456635927.0,4427351,2024-05-01 22:42:15,1419435,,,,,,,,,,,,,,,,,,,,,,,,,,,,,,,,,,,,,,,,,,,,,,,,,TN
2591,f873ea171aa0a79e19d6d38f0801893b0fb7127f,0.15642458100558654,autoland,4060709,13,fd0dfc9511c4c123e048823de9954312c2b907c1,linux1804-64-shippable-qr,True,False,,|c|o|l|d| |f|i|s|s|i|o|n| |i|n|t|e|r|a|c|t|i|v|e| |w|e|b|r|e|n|d|e|r|,102210fe594ee9b33d82058545b1ed14f4c8206e,fcp,reddit-billgates-post-1.billg,True,reddit-billgates-post-1.billg fcp opt cold fission webrender,,77,ms,firefox,456635755.0,4378557,2024-05-01 22:43:04,1419437,,,,,,,,,,,,,,,,,,,,,,,,,,,,,,,,,,,,,,,,,,,,,,,,,TN
2592,533fbd9c5056d0b2611e332cddafd7337193d64f,0.11103351955307261,autoland,4060709,13,fd0dfc9511c4c123e048823de9954312c2b907c1,linux1804-64-shippable-qr,True,False,,|c|o|l|d| |f|i|s|s|i|o|n| |i|n|t|e|r|a|c|t|i|v|e| |w|e|b|r|e|n|d|e|r|,102210fe594ee9b33d82058545b1ed14f4c8206e,fcp,reddit-billgates-post-1.billg,True,reddit-billgates-post-1.billg fcp opt cold fission webrender,,77,ms,firefox,456615663.0,4292289,2024-05-01 23:13:57,1419453,,,,,,,,,,,,,,,,,,,,,,,,,,,,,,,,,,,,,,,,,,,,,,,,,TN
2593,dda5d5286866494223d6cc52382d52032d961218,0.13105214152700184,autoland,4060709,13,fd0dfc9511c4c123e048823de9954312c2b907c1,linux1804-64-shippable-qr,True,False,,|c|o|l|d| |f|i|s|s|i|o|n| |i|n|t|e|r|a|c|t|i|v|e| |w|e|b|r|e|n|d|e|r|,102210fe594ee9b33d82058545b1ed14f4c8206e,fcp,reddit-billgates-post-1.billg,True,reddit-billgates-post-1.billg fcp opt cold fission webrender,,77,ms,firefox,456635147.0,4350427,2024-05-02 04:22:12,1419529,,,,,,,,,,,,,,,,,,,,,,,,,,,,,,,,,,,,,,,,,,,,,,,,,TN
2594,8f1e622a3413df009913d856f603c77b8e637efc,0.15479515828677837,autoland,4060709,13,fd0dfc9511c4c123e048823de9954312c2b907c1,linux1804-64-shippable-qr,True,False,,|c|o|l|d| |f|i|s|s|i|o|n| |i|n|t|e|r|a|c|t|i|v|e| |w|e|b|r|e|n|d|e|r|,102210fe594ee9b33d82058545b1ed14f4c8206e,fcp,reddit-billgates-post-1.billg,True,reddit-billgates-post-1.billg fcp opt cold fission webrender,,77,ms,firefox,456659579.0,4551995,2024-05-02 08:48:43,1419618,,,,,,,,,,,,,,,,,,,,,,,,,,,,,,,,,,,,,,,,,,,,,,,,,TN
2595,ea25d02dac47e6880ab5b936adc308c24cbeab32,0.1419925512104283,autoland,4060709,13,fd0dfc9511c4c123e048823de9954312c2b907c1,linux1804-64-shippable-qr,True,False,,|c|o|l|d| |f|i|s|s|i|o|n| |i|n|t|e|r|a|c|t|i|v|e| |w|e|b|r|e|n|d|e|r|,102210fe594ee9b33d82058545b1ed14f4c8206e,fcp,reddit-billgates-post-1.billg,True,reddit-billgates-post-1.billg fcp opt cold fission webrender,,77,ms,firefox,456698283.0,4776599,2024-05-02 12:53:32,1419765,,,,,,,,,,,,,,,,,,,,,,,,,,,,,,,,,,,,,,,,,,,,,,,,,TN
2596,91cfcfc5935b5ac51c36c1a08a064c33a2d96fd5,0.14432029795158285,autoland,4060709,13,fd0dfc9511c4c123e048823de9954312c2b907c1,linux1804-64-shippable-qr,True,False,,|c|o|l|d| |f|i|s|s|i|o|n| |i|n|t|e|r|a|c|t|i|v|e| |w|e|b|r|e|n|d|e|r|,102210fe594ee9b33d82058545b1ed14f4c8206e,fcp,reddit-billgates-post-1.billg,True,reddit-billgates-post-1.billg fcp opt cold fission webrender,,77,ms,firefox,456720861.0,4883329,2024-05-02 15:44:03,1419950,,,,,,,,,,,,,,,,,,,,,,,,,,,,,,,,,,,,,,,,,,,,,,,,,TN
2597,3a0b95c0a8b3e334c5811a26420f39aaba7e5be3,0.1268621973929237,autoland,4060709,13,fd0dfc9511c4c123e048823de9954312c2b907c1,linux1804-64-shippable-qr,True,False,,|c|o|l|d| |f|i|s|s|i|o|n| |i|n|t|e|r|a|c|t|i|v|e| |w|e|b|r|e|n|d|e|r|,102210fe594ee9b33d82058545b1ed14f4c8206e,fcp,reddit-billgates-post-1.billg,True,reddit-billgates-post-1.billg fcp opt cold fission webrender,,77,ms,firefox,456738106.0,4975967,2024-05-02 17:57:36,1420053,,,,,,,,,,,,,,,,,,,,,,,,,,,,,,,,,,,,,,,,,,,,,,,,,TN
2598,f5cfc0ea73926b119ca193381efffbfa5859d867,0.14338919925512106,autoland,4060709,13,fd0dfc9511c4c123e048823de9954312c2b907c1,linux1804-64-shippable-qr,True,False,,|c|o|l|d| |f|i|s|s|i|o|n| |i|n|t|e|r|a|c|t|i|v|e| |w|e|b|r|e|n|d|e|r|,102210fe594ee9b33d82058545b1ed14f4c8206e,fcp,reddit-billgates-post-1.billg,True,reddit-billgates-post-1.billg fcp opt cold fission webrender,,77,ms,firefox,456779318.0,5153555,2024-05-02 23:51:01,1420328,,,,,,,,,,,,,,,,,,,,,,,,,,,,,,,,,,,,,,,,,,,,,,,,,TN
2599,c5c13444d9afc38f2ee8d567a1a17f26a9b6659b,0.14245810055865915,autoland,4060709,13,fd0dfc9511c4c123e048823de9954312c2b907c1,linux1804-64-shippable-qr,True,False,,|c|o|l|d| |f|i|s|s|i|o|n| |i|n|t|e|r|a|c|t|i|v|e| |w|e|b|r|e|n|d|e|r|,102210fe594ee9b33d82058545b1ed14f4c8206e,fcp,reddit-billgates-post-1.billg,True,reddit-billgates-post-1.billg fcp opt cold fission webrender,,77,ms,firefox,456789223.0,5222780,2024-05-03 04:04:06,1420386,,,,,,,,,,,,,,,,,,,,,,,,,,,,,,,,,,,,,,,,,,,,,,,,,TN
2600,fd534101970b397f34b099196fabc43b927c7fcf,0.12918994413407825,autoland,4060709,13,fd0dfc9511c4c123e048823de9954312c2b907c1,linux1804-64-shippable-qr,True,False,,|c|o|l|d| |f|i|s|s|i|o|n| |i|n|t|e|r|a|c|t|i|v|e| |w|e|b|r|e|n|d|e|r|,102210fe594ee9b33d82058545b1ed14f4c8206e,fcp,reddit-billgates-post-1.billg,True,reddit-billgates-post-1.billg fcp opt cold fission webrender,,77,ms,firefox,456818476.0,5389930,2024-05-03 08:10:40,1420452,,,,,,,,,,,,,,,,,,,,,,,,,,,,,,,,,,,,,,,,,,,,,,,,,TN
2601,e91d8e436dcc57f87d15822b1dc5b12644cb980e,0.1466480446927374,autoland,4060709,13,fd0dfc9511c4c123e048823de9954312c2b907c1,linux1804-64-shippable-qr,True,False,,|c|o|l|d| |f|i|s|s|i|o|n| |i|n|t|e|r|a|c|t|i|v|e| |w|e|b|r|e|n|d|e|r|,102210fe594ee9b33d82058545b1ed14f4c8206e,fcp,reddit-billgates-post-1.billg,True,reddit-billgates-post-1.billg fcp opt cold fission webrender,,77,ms,firefox,456849239.0,5508424,2024-05-03 12:18:12,1420590,,,,,,,,,,,,,,,,,,,,,,,,,,,,,,,,,,,,,,,,,,,,,,,,,TN
2602,e3c2a1a1c6f49f351ee44f96a5a16f7ba91bd9ea,0.1352420856610801,autoland,4060709,13,fd0dfc9511c4c123e048823de9954312c2b907c1,linux1804-64-shippable-qr,True,False,,|c|o|l|d| |f|i|s|s|i|o|n| |i|n|t|e|r|a|c|t|i|v|e| |w|e|b|r|e|n|d|e|r|,102210fe594ee9b33d82058545b1ed14f4c8206e,fcp,reddit-billgates-post-1.billg,True,reddit-billgates-post-1.billg fcp opt cold fission webrender,,77,ms,firefox,456941036.0,6130924,2024-05-03 14:27:41,1420712,,,,,,,,,,,,,,,,,,,,,,,,,,,,,,,,,,,,,,,,,,,,,,,,,TN
2603,e22820789eaab8ed7ab2e189a831c85a008f0f58,0.1380353817504656,autoland,4060709,13,fd0dfc9511c4c123e048823de9954312c2b907c1,linux1804-64-shippable-qr,True,False,,|c|o|l|d| |f|i|s|s|i|o|n| |i|n|t|e|r|a|c|t|i|v|e| |w|e|b|r|e|n|d|e|r|,102210fe594ee9b33d82058545b1ed14f4c8206e,fcp,reddit-billgates-post-1.billg,True,reddit-billgates-post-1.billg fcp opt cold fission webrender,,77,ms,firefox,456940905.0,6125916,2024-05-03 14:31:38,1420719,,,,,,,,,,,,,,,,,,,,,,,,,,,,,,,,,,,,,,,,,,,,,,,,,TN
2604,0a8a8f84140a331e815f8520a76a3c928e4486ea,0.13198324022346364,autoland,4060709,13,fd0dfc9511c4c123e048823de9954312c2b907c1,linux1804-64-shippable-qr,True,False,,|c|o|l|d| |f|i|s|s|i|o|n| |i|n|t|e|r|a|c|t|i|v|e| |w|e|b|r|e|n|d|e|r|,102210fe594ee9b33d82058545b1ed14f4c8206e,fcp,reddit-billgates-post-1.billg,True,reddit-billgates-post-1.billg fcp opt cold fission webrender,,77,ms,firefox,456887356.0,5769010,2024-05-03 16:29:14,1420823,,,,,,,,,,,,,,,,,,,,,,,,,,,,,,,,,,,,,,,,,,,,,,,,,TN
2605,1e88e24f01e40c6d9b7e3f222f4fbb0d55c9639d,0.15945065176908757,autoland,4060709,13,fd0dfc9511c4c123e048823de9954312c2b907c1,linux1804-64-shippable-qr,True,False,,|c|o|l|d| |f|i|s|s|i|o|n| |i|n|t|e|r|a|c|t|i|v|e| |w|e|b|r|e|n|d|e|r|,102210fe594ee9b33d82058545b1ed14f4c8206e,fcp,reddit-billgates-post-1.billg,True,reddit-billgates-post-1.billg fcp opt cold fission webrender,,77,ms,firefox,456908128.0,5939636,2024-05-03 19:41:01,1420975,,,,,,,,,,,,,,,,,,,,,,,,,,,,,,,,,,,,,,,,,,,,,,,,,TN
2606,b5ebcaf20c9cca5a0f4b965c398f0f26296df1b5,0.1240689013035382,autoland,4060709,13,fd0dfc9511c4c123e048823de9954312c2b907c1,linux1804-64-shippable-qr,True,False,,|c|o|l|d| |f|i|s|s|i|o|n| |i|n|t|e|r|a|c|t|i|v|e| |w|e|b|r|e|n|d|e|r|,102210fe594ee9b33d82058545b1ed14f4c8206e,fcp,reddit-billgates-post-1.billg,True,reddit-billgates-post-1.billg fcp opt cold fission webrender,,77,ms,firefox,456934460.0,6073747,2024-05-04 00:06:35,1421120,,,,,,,,,,,,,,,,,,,,,,,,,,,,,,,,,,,,,,,,,,,,,,,,,TN
2607,a546ec29a8018c8e98e738460e9bdfd5d4003690,0.1682960893854749,autoland,4060709,13,fd0dfc9511c4c123e048823de9954312c2b907c1,linux1804-64-shippable-qr,True,False,,|c|o|l|d| |f|i|s|s|i|o|n| |i|n|t|e|r|a|c|t|i|v|e| |w|e|b|r|e|n|d|e|r|,102210fe594ee9b33d82058545b1ed14f4c8206e,fcp,reddit-billgates-post-1.billg,True,reddit-billgates-post-1.billg fcp opt cold fission webrender,,77,ms,firefox,456960161.0,6282633,2024-05-04 09:19:48,1421174,,,,,,,,,,,,,,,,,,,,,,,,,,,,,,,,,,,,,,,,,,,,,,,,,TN
2608,422a6a673019bc0e2dfd459eceee9594246a0a9d,0.14152700186219747,autoland,4060709,13,fd0dfc9511c4c123e048823de9954312c2b907c1,linux1804-64-shippable-qr,True,False,,|c|o|l|d| |f|i|s|s|i|o|n| |i|n|t|e|r|a|c|t|i|v|e| |w|e|b|r|e|n|d|e|r|,102210fe594ee9b33d82058545b1ed14f4c8206e,fcp,reddit-billgates-post-1.billg,True,reddit-billgates-post-1.billg fcp opt cold fission webrender,,77,ms,firefox,456979564.0,6343383,2024-05-04 19:44:42,1421318,,,,,,,,,,,,,,,,,,,,,,,,,,,,,,,,,,,,,,,,,,,,,,,,,TN
2609,1343ec609dea28acb4b297bebd481211e1742b11,0.1757448789571695,autoland,4060709,13,fd0dfc9511c4c123e048823de9954312c2b907c1,linux1804-64-shippable-qr,True,False,,|c|o|l|d| |f|i|s|s|i|o|n| |i|n|t|e|r|a|c|t|i|v|e| |w|e|b|r|e|n|d|e|r|,102210fe594ee9b33d82058545b1ed14f4c8206e,fcp,reddit-billgates-post-1.billg,True,reddit-billgates-post-1.billg fcp opt cold fission webrender,,77,ms,firefox,456996340.0,6409482,2024-05-05 00:17:27,1421344,,,,,,,,,,,,,,,,,,,,,,,,,,,,,,,,,,,,,,,,,,,,,,,,,TN
2610,5c3e0ef9b916432dfc42f800c3c7997f58ae5a63,0.15013966480446927,autoland,4060709,13,fd0dfc9511c4c123e048823de9954312c2b907c1,linux1804-64-shippable-qr,True,False,,|c|o|l|d| |f|i|s|s|i|o|n| |i|n|t|e|r|a|c|t|i|v|e| |w|e|b|r|e|n|d|e|r|,102210fe594ee9b33d82058545b1ed14f4c8206e,fcp,reddit-billgates-post-1.billg,True,reddit-billgates-post-1.billg fcp opt cold fission webrender,,77,ms,firefox,457007602.0,6503485,2024-05-05 08:06:08,1421422,,,,,,,,,,,,,,,,,,,,,,,,,,,,,,,,,,,,,,,,,,,,,,,,,TN
2611,286a373804e5360a54d51ec691ba7bfd02def155,0.12662942271880817,autoland,4060709,13,fd0dfc9511c4c123e048823de9954312c2b907c1,linux1804-64-shippable-qr,True,False,,|c|o|l|d| |f|i|s|s|i|o|n| |i|n|t|e|r|a|c|t|i|v|e| |w|e|b|r|e|n|d|e|r|,102210fe594ee9b33d82058545b1ed14f4c8206e,fcp,reddit-billgates-post-1.billg,True,reddit-billgates-post-1.billg fcp opt cold fission webrender,,77,ms,firefox,457031505.0,6623725,2024-05-05 13:09:56,1421444,,,,,,,,,,,,,,,,,,,,,,,,,,,,,,,,,,,,,,,,,,,,,,,,,TN
2612,a6cb5ac7a79af000e99bf48f04ecb2943fcd3c68,0.12313780260707641,autoland,4060709,13,fd0dfc9511c4c123e048823de9954312c2b907c1,linux1804-64-shippable-qr,True,False,,|c|o|l|d| |f|i|s|s|i|o|n| |i|n|t|e|r|a|c|t|i|v|e| |w|e|b|r|e|n|d|e|r|,102210fe594ee9b33d82058545b1ed14f4c8206e,fcp,reddit-billgates-post-1.billg,True,reddit-billgates-post-1.billg fcp opt cold fission webrender,,77,ms,firefox,457036518.0,6675778,2024-05-05 17:38:00,1421459,,,,,,,,,,,,,,,,,,,,,,,,,,,,,,,,,,,,,,,,,,,,,,,,,TN
2613,ea67e3b59c22cea8a2c797ce9a6608d3ddeaeca9,0.14222532588454373,autoland,4060709,13,fd0dfc9511c4c123e048823de9954312c2b907c1,linux1804-64-shippable-qr,True,False,,|c|o|l|d| |f|i|s|s|i|o|n| |i|n|t|e|r|a|c|t|i|v|e| |w|e|b|r|e|n|d|e|r|,102210fe594ee9b33d82058545b1ed14f4c8206e,fcp,reddit-billgates-post-1.billg,True,reddit-billgates-post-1.billg fcp opt cold fission webrender,,77,ms,firefox,457054531.0,6767576,2024-05-05 22:09:52,1421479,,,,,,,,,,,,,,,,,,,,,,,,,,,,,,,,,,,,,,,,,,,,,,,,,TN
2614,ab041350c7569b831b00994a96625b9354dcf6b6,0.13268156424581,autoland,4060709,13,fd0dfc9511c4c123e048823de9954312c2b907c1,linux1804-64-shippable-qr,True,False,,|c|o|l|d| |f|i|s|s|i|o|n| |i|n|t|e|r|a|c|t|i|v|e| |w|e|b|r|e|n|d|e|r|,102210fe594ee9b33d82058545b1ed14f4c8206e,fcp,reddit-billgates-post-1.billg,True,reddit-billgates-post-1.billg fcp opt cold fission webrender,,77,ms,firefox,457060478.0,6828940,2024-05-06 03:19:39,1421502,,,,,,,,,,,,,,,,,,,,,,,,,,,,,,,,,,,,,,,,,,,,,,,,,TN
2615,35d94430dcd939821a6eb019d739ae0d4077b831,0.17970204841713222,autoland,4060709,13,fd0dfc9511c4c123e048823de9954312c2b907c1,linux1804-64-shippable-qr,True,False,,|c|o|l|d| |f|i|s|s|i|o|n| |i|n|t|e|r|a|c|t|i|v|e| |w|e|b|r|e|n|d|e|r|,102210fe594ee9b33d82058545b1ed14f4c8206e,fcp,reddit-billgates-post-1.billg,True,reddit-billgates-post-1.billg fcp opt cold fission webrender,,77,ms,firefox,457220188.0,7542342,2024-05-06 03:26:48,1421504,,,,,,,,,,,,,,,,,,,,,,,,,,,,,,,,,,,,,,,,,,,,,,,,,TN
2616,65e120a9c1dcb9c8f1c8930e808b03aa149eaf40,0.14315642458100564,autoland,4060709,13,fd0dfc9511c4c123e048823de9954312c2b907c1,linux1804-64-shippable-qr,True,False,,|c|o|l|d| |f|i|s|s|i|o|n| |i|n|t|e|r|a|c|t|i|v|e| |w|e|b|r|e|n|d|e|r|,102210fe594ee9b33d82058545b1ed14f4c8206e,fcp,reddit-billgates-post-1.billg,True,reddit-billgates-post-1.billg fcp opt cold fission webrender,,77,ms,firefox,457069560.0,6884517,2024-05-06 07:31:35,1421524,,,,,,,,,,,,,,,,,,,,,,,,,,,,,,,,,,,,,,,,,,,,,,,,,TN
2617,13b26e8e0e39998b30b388bb6f5d84c0e8067c03,0.13710428305400368,autoland,4060709,13,fd0dfc9511c4c123e048823de9954312c2b907c1,linux1804-64-shippable-qr,True,False,,|c|o|l|d| |f|i|s|s|i|o|n| |i|n|t|e|r|a|c|t|i|v|e| |w|e|b|r|e|n|d|e|r|,102210fe594ee9b33d82058545b1ed14f4c8206e,fcp,reddit-billgates-post-1.billg,True,reddit-billgates-post-1.billg fcp opt cold fission webrender,,77,ms,firefox,457100842.0,7016811,2024-05-06 11:33:14,1421623,,,,,,,,,,,,,,,,,,,,,,,,,,,,,,,,,,,,,,,,,,,,,,,,,TN
2618,26e8012d5da938871783505e3753b681ab8cb186,0.1354748603351955,autoland,4060709,13,fd0dfc9511c4c123e048823de9954312c2b907c1,linux1804-64-shippable-qr,True,False,,|c|o|l|d| |f|i|s|s|i|o|n| |i|n|t|e|r|a|c|t|i|v|e| |w|e|b|r|e|n|d|e|r|,102210fe594ee9b33d82058545b1ed14f4c8206e,fcp,reddit-billgates-post-1.billg,True,reddit-billgates-post-1.billg fcp opt cold fission webrender,,77,ms,firefox,457131567.0,7152054,2024-05-06 15:35:21,1421812,,,,,,,,,,,,,,,,,,,,,,,,,,,,,,,,,,,,,,,,,,,,,,,,,TN
2619,eb10b86b18adfc70952409e13993f834d33fa099,0.138268156424581,autoland,4060709,13,fd0dfc9511c4c123e048823de9954312c2b907c1,linux1804-64-shippable-qr,True,False,,|c|o|l|d| |f|i|s|s|i|o|n| |i|n|t|e|r|a|c|t|i|v|e| |w|e|b|r|e|n|d|e|r|,102210fe594ee9b33d82058545b1ed14f4c8206e,fcp,reddit-billgates-post-1.billg,True,reddit-billgates-post-1.billg fcp opt cold fission webrender,,77,ms,firefox,457150052.0,7240027,2024-05-06 17:44:25,1421908,,,,,,,,,,,,,,,,,,,,,,,,,,,,,,,,,,,,,,,,,,,,,,,,,TN
2620,4c7b1942b455d9c365693e5584f7ea86c5b33615,0.14501862197392923,autoland,4060709,13,fd0dfc9511c4c123e048823de9954312c2b907c1,linux1804-64-shippable-qr,True,False,,|c|o|l|d| |f|i|s|s|i|o|n| |i|n|t|e|r|a|c|t|i|v|e| |w|e|b|r|e|n|d|e|r|,102210fe594ee9b33d82058545b1ed14f4c8206e,fcp,reddit-billgates-post-1.billg,True,reddit-billgates-post-1.billg fcp opt cold fission webrender,,77,ms,firefox,457174613.0,7341796,2024-05-06 20:39:16,1422073,,,,,,,,,,,,,,,,,,,,,,,,,,,,,,,,,,,,,,,,,,,,,,,,,TN
2621,945bbd356b57424bcdb359e6d88c48cd03ff2c10,0.1513035381750466,autoland,4060709,13,fd0dfc9511c4c123e048823de9954312c2b907c1,linux1804-64-shippable-qr,True,False,,|c|o|l|d| |f|i|s|s|i|o|n| |i|n|t|e|r|a|c|t|i|v|e| |w|e|b|r|e|n|d|e|r|,102210fe594ee9b33d82058545b1ed14f4c8206e,fcp,reddit-billgates-post-1.billg,True,reddit-billgates-post-1.billg fcp opt cold fission webrender,,77,ms,firefox,457211156.0,7512118,2024-05-07 01:41:54,1422278,,,,,,,,,,,,,,,,,,,,,,,,,,,,,,,,,,,,,,,,,,,,,,,,,TN
2622,80150ac16109a11457c3103e68bf1c7ac29270c0,0.143854748603352,autoland,4060709,13,fd0dfc9511c4c123e048823de9954312c2b907c1,linux1804-64-shippable-qr,True,False,,|c|o|l|d| |f|i|s|s|i|o|n| |i|n|t|e|r|a|c|t|i|v|e| |w|e|b|r|e|n|d|e|r|,102210fe594ee9b33d82058545b1ed14f4c8206e,fcp,reddit-billgates-post-1.billg,True,reddit-billgates-post-1.billg fcp opt cold fission webrender,,77,ms,firefox,457224696.0,7568818,2024-05-07 06:04:59,1422341,,,,,,,,,,,,,,,,,,,,,,,,,,,,,,,,,,,,,,,,,,,,,,,,,TN
2623,641e15621e7bd2e0e8a2fab82d2b9838e386c3c4,0.15060521415270012,autoland,4060709,13,fd0dfc9511c4c123e048823de9954312c2b907c1,linux1804-64-shippable-qr,True,False,,|c|o|l|d| |f|i|s|s|i|o|n| |i|n|t|e|r|a|c|t|i|v|e| |w|e|b|r|e|n|d|e|r|,102210fe594ee9b33d82058545b1ed14f4c8206e,fcp,reddit-billgates-post-1.billg,True,reddit-billgates-post-1.billg fcp opt cold fission webrender,,77,ms,firefox,457281174.0,7789188,2024-05-07 10:41:19,1422484,,,,,,,,,,,,,,,,,,,,,,,,,,,,,,,,,,,,,,,,,,,,,,,,,TN
2624,0041f761ddff5c598852d2b5cc41772a3a11cd0b,0.12104283054003728,autoland,4060709,13,fd0dfc9511c4c123e048823de9954312c2b907c1,linux1804-64-shippable-qr,True,False,,|c|o|l|d| |f|i|s|s|i|o|n| |i|n|t|e|r|a|c|t|i|v|e| |w|e|b|r|e|n|d|e|r|,102210fe594ee9b33d82058545b1ed14f4c8206e,fcp,reddit-billgates-post-1.billg,True,reddit-billgates-post-1.billg fcp opt cold fission webrender,,77,ms,firefox,457313891.0,7945168,2024-05-07 14:42:49,1422671,,,,,,,,,,,,,,,,,,,,,,,,,,,,,,,,,,,,,,,,,,,,,,,,,TN
2625,425b44586178edae02872c1fbc0220a0b4ff4c1d,0.12057728119180633,autoland,4060709,13,fd0dfc9511c4c123e048823de9954312c2b907c1,linux1804-64-shippable-qr,True,False,,|c|o|l|d| |f|i|s|s|i|o|n| |i|n|t|e|r|a|c|t|i|v|e| |w|e|b|r|e|n|d|e|r|,102210fe594ee9b33d82058545b1ed14f4c8206e,fcp,reddit-billgates-post-1.billg,True,reddit-billgates-post-1.billg fcp opt cold fission webrender,,77,ms,firefox,457345828.0,8121561,2024-05-07 18:25:44,1422943,,,,,,,,,,,,,,,,,,,,,,,,,,,,,,,,,,,,,,,,,,,,,,,,,TN
2626,149e752fdb3fa75a3a02f55e7c7c91f7f704cf8a,0.1401303538175046,autoland,4060709,13,fd0dfc9511c4c123e048823de9954312c2b907c1,linux1804-64-shippable-qr,True,False,,|c|o|l|d| |f|i|s|s|i|o|n| |i|n|t|e|r|a|c|t|i|v|e| |w|e|b|r|e|n|d|e|r|,102210fe594ee9b33d82058545b1ed14f4c8206e,fcp,reddit-billgates-post-1.billg,True,reddit-billgates-post-1.billg fcp opt cold fission webrender,,77,ms,firefox,457371997.0,8305196,2024-05-07 22:14:58,1423124,,,,,,,,,,,,,,,,,,,,,,,,,,,,,,,,,,,,,,,,,,,,,,,,,TN
2627,a0b3e2669a2dc49c467521cb9b7966ca05e3dbc3,0.12523277467411553,autoland,4060709,13,fd0dfc9511c4c123e048823de9954312c2b907c1,linux1804-64-shippable-qr,True,False,,|c|o|l|d| |f|i|s|s|i|o|n| |i|n|t|e|r|a|c|t|i|v|e| |w|e|b|r|e|n|d|e|r|,102210fe594ee9b33d82058545b1ed14f4c8206e,fcp,reddit-billgates-post-1.billg,True,reddit-billgates-post-1.billg fcp opt cold fission webrender,,77,ms,firefox,457408815.0,8445061,2024-05-08 04:41:52,1423269,,,,,,,,,,,,,,,,,,,,,,,,,,,,,,,,,,,,,,,,,,,,,,,,,TN
2628,bec816ef2f2c29ed86b08bb592d6283618418e16,0.12662942271880817,autoland,4060709,13,fd0dfc9511c4c123e048823de9954312c2b907c1,linux1804-64-shippable-qr,True,False,,|c|o|l|d| |f|i|s|s|i|o|n| |i|n|t|e|r|a|c|t|i|v|e| |w|e|b|r|e|n|d|e|r|,102210fe594ee9b33d82058545b1ed14f4c8206e,fcp,reddit-billgates-post-1.billg,True,reddit-billgates-post-1.billg fcp opt cold fission webrender,,77,ms,firefox,457421274.0,8534906,2024-05-08 08:48:11,1423316,,,,,,,,,,,,,,,,,,,,,,,,,,,,,,,,,,,,,,,,,,,,,,,,,TN
2629,ed7b6f65910afcd687ef5aaa25605666805796bb,0.13710428305400368,autoland,4060709,13,fd0dfc9511c4c123e048823de9954312c2b907c1,linux1804-64-shippable-qr,True,False,,|c|o|l|d| |f|i|s|s|i|o|n| |i|n|t|e|r|a|c|t|i|v|e| |w|e|b|r|e|n|d|e|r|,102210fe594ee9b33d82058545b1ed14f4c8206e,fcp,reddit-billgates-post-1.billg,True,reddit-billgates-post-1.billg fcp opt cold fission webrender,,77,ms,firefox,457466502.0,8701719,2024-05-08 13:09:13,1423417,,,,,,,,,,,,,,,,,,,,,,,,,,,,,,,,,,,,,,,,,,,,,,,,,TN
