,revision,value,repository_name,signature_id,framework_id,signature_hash,machine_platform,should_alert,has_subtests,extra_options,tags,option_collection_hash,test,suite,lower_is_better,name,parent_signature,repository_id,measurement_unit,application,job_id,entry_id,push_timestamp,push_id,single_alert_new_value,single_alert_classifier,alert_summary_prev_push_revision,alert_summary_id,single_alert_amount_pct,single_alert_prev_value,alert_summary_first_triaged,alert_summary_framework,single_alert_series_signature_framework_id,single_alert_series_signature_suite_public_name,alert_summary_related_alerts,single_alert_taskcluster_metadata_retry_id,alert_summary_prev_push_id,alert_summary_status,single_alert_status,alert_summary_assignee_username,single_alert_prev_taskcluster_metadata_task_id,alert_summary_bug_number,alert_summary_bug_due_date,single_alert_series_signature_test_public_name,alert_summary_issue_tracker,single_alert_amount_abs,single_alert_id,single_alert_taskcluster_metadata_task_id,single_alert_backfill_record_total_backfills_successful,single_alert_summary_id,single_alert_prev_taskcluster_metadata_retry_id,single_alert_is_regression,single_alert_manually_created,single_alert_classifier_email,single_alert_backfill_record_total_backfills_failed,single_alert_backfill_record_total_actions_triggered,alert_summary_assignee_email,alert_summary_creation_timestamp,single_alert_prev_profile_url,alert_summary_notes,single_alert_noise_profile,single_alert_related_summary_id,alert_summary_bug_updated,single_alert_profile_url,single_alert_backfill_record_context,single_alert_starred,single_alert_backfill_record_total_backfills_in_progress,single_alert_t_value,single_alert_series_signature_suite,single_alert_backfill_record_status,single_alert_series_signature_tags,alert_summary_triage_due_date,alert_summary_status_general
0,1db51625512e546534a6a7352ff4ff3b9c48d713,0.29851332765734495,autoland,4366813,13,930eca14459531ff5483e56979276f480af08a6a,android-hw-a51-11-0-aarch64-shippable-qr,True,False,,|w|a|r|m| |w|e|b|r|e|n|d|e|r|,102210fe594ee9b33d82058545b1ed14f4c8206e,PerceptualSpeedIndex,ebay-kleinanzeigen,True,ebay-kleinanzeigen PerceptualSpeedIndex opt warm webrender,,77,ms,geckoview,,1700051069,2023-05-24 10:49:25,1245770,,,,,,,,,,,,,,,,,,,,,,,,,,,,,,,,,,,,,,,,,,,,,,,,,TN
1,6a96bb1f430f92b83cc31f74db4e4c1f71e155e5,0.2873796581308534,autoland,4366813,13,930eca14459531ff5483e56979276f480af08a6a,android-hw-a51-11-0-aarch64-shippable-qr,True,False,,|w|a|r|m| |w|e|b|r|e|n|d|e|r|,102210fe594ee9b33d82058545b1ed14f4c8206e,PerceptualSpeedIndex,ebay-kleinanzeigen,True,ebay-kleinanzeigen PerceptualSpeedIndex opt warm webrender,,77,ms,geckoview,,1700094352,2023-05-24 13:34:40,1245871,,,,,,,,,,,,,,,,,,,,,,,,,,,,,,,,,,,,,,,,,,,,,,,,,TN
2,b9da43bde2c92655235855f4bb966f7a2537eafa,0.3024428580784596,autoland,4366813,13,930eca14459531ff5483e56979276f480af08a6a,android-hw-a51-11-0-aarch64-shippable-qr,True,False,,|w|a|r|m| |w|e|b|r|e|n|d|e|r|,102210fe594ee9b33d82058545b1ed14f4c8206e,PerceptualSpeedIndex,ebay-kleinanzeigen,True,ebay-kleinanzeigen PerceptualSpeedIndex opt warm webrender,,77,ms,geckoview,,1700215912,2023-05-24 17:26:23,1246058,,,,,,,,,,,,,,,,,,,,,,,,,,,,,,,,,,,,,,,,,,,,,,,,,TN
3,468123d0735b96f7486f1e1a4de373e3dd7520bd,0.30899207544698415,autoland,4366813,13,930eca14459531ff5483e56979276f480af08a6a,android-hw-a51-11-0-aarch64-shippable-qr,True,False,,|w|a|r|m| |w|e|b|r|e|n|d|e|r|,102210fe594ee9b33d82058545b1ed14f4c8206e,PerceptualSpeedIndex,ebay-kleinanzeigen,True,ebay-kleinanzeigen PerceptualSpeedIndex opt warm webrender,,77,ms,geckoview,,1700353587,2023-05-24 21:30:03,1246204,,,,,,,,,,,,,,,,,,,,,,,,,,,,,,,,,,,,,,,,,,,,,,,,,TN
4,c1577427eba79d954813d300bfe6d4f09e0249f0,0.2854148929202961,autoland,4366813,13,930eca14459531ff5483e56979276f480af08a6a,android-hw-a51-11-0-aarch64-shippable-qr,True,False,,|w|a|r|m| |w|e|b|r|e|n|d|e|r|,102210fe594ee9b33d82058545b1ed14f4c8206e,PerceptualSpeedIndex,ebay-kleinanzeigen,True,ebay-kleinanzeigen PerceptualSpeedIndex opt warm webrender,,77,ms,geckoview,,1700420349,2023-05-25 01:52:13,1246339,,,,,,,,,,,,,,,,,,,,,,,,,,,,,,,,,,,,,,,,,,,,,,,,,TN
5,ee3230b1fe26e5521d07465dcab71e75d586e422,0.2782107538149191,autoland,4366813,13,930eca14459531ff5483e56979276f480af08a6a,android-hw-a51-11-0-aarch64-shippable-qr,True,False,,|w|a|r|m| |w|e|b|r|e|n|d|e|r|,102210fe594ee9b33d82058545b1ed14f4c8206e,PerceptualSpeedIndex,ebay-kleinanzeigen,True,ebay-kleinanzeigen PerceptualSpeedIndex opt warm webrender,,77,ms,geckoview,,1700478785,2023-05-25 06:53:28,1246434,,,,,,,,,,,,,,,,,,,,,,,,,,,,,,,,,,,,,,,,,,,,,,,,,TN
6,0cd7e9f3c07773af459b1d5676b4f14a1a4c2844,0.3142314493418037,autoland,4366813,13,930eca14459531ff5483e56979276f480af08a6a,android-hw-a51-11-0-aarch64-shippable-qr,True,False,,|w|a|r|m| |w|e|b|r|e|n|d|e|r|,102210fe594ee9b33d82058545b1ed14f4c8206e,PerceptualSpeedIndex,ebay-kleinanzeigen,True,ebay-kleinanzeigen PerceptualSpeedIndex opt warm webrender,,77,ms,geckoview,,1700526733,2023-05-25 09:03:58,1246517,,,,,,,,,,,,,,,,,,,,,,,,,,,,,,,,,,,,,,,,,,,,,,,,,TN
7,09f3ed0c8776aaa707aab014022efa3a16e01a6e,0.3096469971838366,autoland,4366813,13,930eca14459531ff5483e56979276f480af08a6a,android-hw-a51-11-0-aarch64-shippable-qr,True,False,,|w|a|r|m| |w|e|b|r|e|n|d|e|r|,102210fe594ee9b33d82058545b1ed14f4c8206e,PerceptualSpeedIndex,ebay-kleinanzeigen,True,ebay-kleinanzeigen PerceptualSpeedIndex opt warm webrender,,77,ms,geckoview,,1700665666,2023-05-25 13:17:19,1246661,,,,,,,,,,,,,,,,,,,,,,,,,,,,,,,,,,,,,,,,,,,,,,,,,TN
8,6e07dad252683bcc1ed82d6a973adda9b490af1f,0.3201257449734757,autoland,4366813,13,930eca14459531ff5483e56979276f480af08a6a,android-hw-a51-11-0-aarch64-shippable-qr,True,False,,|w|a|r|m| |w|e|b|r|e|n|d|e|r|,102210fe594ee9b33d82058545b1ed14f4c8206e,PerceptualSpeedIndex,ebay-kleinanzeigen,True,ebay-kleinanzeigen PerceptualSpeedIndex opt warm webrender,,77,ms,geckoview,,1700685834,2023-05-25 13:25:13,1246670,,,,,,,,,,,,,,,,,,,,,,,,,,,,,,,,,,,,,,,,,,,,,,,,,TN
9,4971297a8917c4ce5f9136ebb0c82cde74eb50c4,0.2854148929202961,autoland,4366813,13,930eca14459531ff5483e56979276f480af08a6a,android-hw-a51-11-0-aarch64-shippable-qr,True,False,,|w|a|r|m| |w|e|b|r|e|n|d|e|r|,102210fe594ee9b33d82058545b1ed14f4c8206e,PerceptualSpeedIndex,ebay-kleinanzeigen,True,ebay-kleinanzeigen PerceptualSpeedIndex opt warm webrender,,77,ms,geckoview,,1700758726,2023-05-25 17:00:24,1246837,,,,,,,,,,,,,,,,,,,,,,,,,,,,,,,,,,,,,,,,,,,,,,,,,TN
10,6d91b4ed2bb8fbe97d7f5fcf7cad0e6f2bb6ad2f,0.3325692579736722,autoland,4366813,13,930eca14459531ff5483e56979276f480af08a6a,android-hw-a51-11-0-aarch64-shippable-qr,True,False,,|w|a|r|m| |w|e|b|r|e|n|d|e|r|,102210fe594ee9b33d82058545b1ed14f4c8206e,PerceptualSpeedIndex,ebay-kleinanzeigen,True,ebay-kleinanzeigen PerceptualSpeedIndex opt warm webrender,,77,ms,geckoview,,1700927110,2023-05-25 20:49:35,1247021,,,,,,,,,,,,,,,,,,,,,,,,,,,,,,,,,,,,,,,,,,,,,,,,,TN
11,d49f009b89ad3ae1616d96cb1d2d9234ef3f6cda,0.3024428580784596,autoland,4366813,13,930eca14459531ff5483e56979276f480af08a6a,android-hw-a51-11-0-aarch64-shippable-qr,True,False,,|w|a|r|m| |w|e|b|r|e|n|d|e|r|,102210fe594ee9b33d82058545b1ed14f4c8206e,PerceptualSpeedIndex,ebay-kleinanzeigen,True,ebay-kleinanzeigen PerceptualSpeedIndex opt warm webrender,,77,ms,geckoview,,1701057924,2023-05-26 00:58:32,1247180,,,,,,,,,,,,,,,,,,,,,,,,,,,,,,,,,,,,,,,,,,,,,,,,,TN
12,ffc18acbe9c027a3d6c960322b40a9d0576af311,0.30571746676272193,autoland,4366813,13,930eca14459531ff5483e56979276f480af08a6a,android-hw-a51-11-0-aarch64-shippable-qr,True,False,,|w|a|r|m| |w|e|b|r|e|n|d|e|r|,102210fe594ee9b33d82058545b1ed14f4c8206e,PerceptualSpeedIndex,ebay-kleinanzeigen,True,ebay-kleinanzeigen PerceptualSpeedIndex opt warm webrender,,77,ms,geckoview,,1701146474,2023-05-26 04:58:44,1247241,,,,,,,,,,,,,,,,,,,,,,,,,,,,,,,,,,,,,,,,,,,,,,,,,TN
13,35f77e2aafb53fdda81c118a9ea61aefdacd61b4,0.3109568406575415,autoland,4366813,13,930eca14459531ff5483e56979276f480af08a6a,android-hw-a51-11-0-aarch64-shippable-qr,True,False,,|w|a|r|m| |w|e|b|r|e|n|d|e|r|,102210fe594ee9b33d82058545b1ed14f4c8206e,PerceptualSpeedIndex,ebay-kleinanzeigen,True,ebay-kleinanzeigen PerceptualSpeedIndex opt warm webrender,,77,ms,geckoview,,1701227375,2023-05-26 08:30:04,1247293,,,,,,,,,,,,,,,,,,,,,,,,,,,,,,,,,,,,,,,,,,,,,,,,,TN
14,3999253a6a3dc448416b9a73377e8599ca6bd022,0.30899207544698415,autoland,4366813,13,930eca14459531ff5483e56979276f480af08a6a,android-hw-a51-11-0-aarch64-shippable-qr,True,False,,|w|a|r|m| |w|e|b|r|e|n|d|e|r|,102210fe594ee9b33d82058545b1ed14f4c8206e,PerceptualSpeedIndex,ebay-kleinanzeigen,True,ebay-kleinanzeigen PerceptualSpeedIndex opt warm webrender,,77,ms,geckoview,,1701372569,2023-05-26 12:58:50,1247437,,,,,,,,,,,,,,,,,,,,,,,,,,,,,,,,,,,,,,,,,,,,,,,,,TN
15,bb19012006135abc7ddd72be3cd269be7ef114b5,0.316196214552361,autoland,4366813,13,930eca14459531ff5483e56979276f480af08a6a,android-hw-a51-11-0-aarch64-shippable-qr,True,False,,|w|a|r|m| |w|e|b|r|e|n|d|e|r|,102210fe594ee9b33d82058545b1ed14f4c8206e,PerceptualSpeedIndex,ebay-kleinanzeigen,True,ebay-kleinanzeigen PerceptualSpeedIndex opt warm webrender,,77,ms,geckoview,,1701383364,2023-05-26 13:11:40,1247444,,,,,,,,,,,,,,,,,,,,,,,,,,,,,,,,,,,,,,,,,,,,,,,,,TN
16,8ca2ea7fe36515caaf70ddf90bfd2ee269f059cf,0.2749361451306569,autoland,4366813,13,930eca14459531ff5483e56979276f480af08a6a,android-hw-a51-11-0-aarch64-shippable-qr,True,False,,|w|a|r|m| |w|e|b|r|e|n|d|e|r|,102210fe594ee9b33d82058545b1ed14f4c8206e,PerceptualSpeedIndex,ebay-kleinanzeigen,True,ebay-kleinanzeigen PerceptualSpeedIndex opt warm webrender,,77,ms,geckoview,,1701523114,2023-05-26 17:23:29,1247619,,,,,,,,,,,,,,,,,,,,,,,,,,,,,,,,,,,,,,,,,,,,,,,,,TN
17,fc6056442a0fa16146259cb730d4e34a16656952,0.32929464928941,autoland,4366813,13,930eca14459531ff5483e56979276f480af08a6a,android-hw-a51-11-0-aarch64-shippable-qr,True,False,,|w|a|r|m| |w|e|b|r|e|n|d|e|r|,102210fe594ee9b33d82058545b1ed14f4c8206e,PerceptualSpeedIndex,ebay-kleinanzeigen,True,ebay-kleinanzeigen PerceptualSpeedIndex opt warm webrender,,77,ms,geckoview,,1701617196,2023-05-26 19:44:57,1247712,,,,,,,,,,,,,,,,,,,,,,,,,,,,,,,,,,,,,,,,,,,,,,,,,TN
18,b45b68be3f9bae0da4d649a44e60c6cd175f2212,0.273626301656952,autoland,4366813,13,930eca14459531ff5483e56979276f480af08a6a,android-hw-a51-11-0-aarch64-shippable-qr,True,False,,|w|a|r|m| |w|e|b|r|e|n|d|e|r|,102210fe594ee9b33d82058545b1ed14f4c8206e,PerceptualSpeedIndex,ebay-kleinanzeigen,True,ebay-kleinanzeigen PerceptualSpeedIndex opt warm webrender,,77,ms,geckoview,,1701737767,2023-05-27 00:56:39,1247879,,,,,,,,,,,,,,,,,,,,,,,,,,,,,,,,,,,,,,,,,,,,,,,,,TN
19,6a941c8c6ff3290e530942915ee97161b670f15d,0.27886567555177155,autoland,4366813,13,930eca14459531ff5483e56979276f480af08a6a,android-hw-a51-11-0-aarch64-shippable-qr,True,False,,|w|a|r|m| |w|e|b|r|e|n|d|e|r|,102210fe594ee9b33d82058545b1ed14f4c8206e,PerceptualSpeedIndex,ebay-kleinanzeigen,True,ebay-kleinanzeigen PerceptualSpeedIndex opt warm webrender,,77,ms,geckoview,,1701884638,2023-05-27 11:39:36,1247945,,,,,,,,,,,,,,,,,,,,,,,,,,,,,,,,,,,,,,,,,,,,,,,,,TN
20,531a15ae09d49e29c270830e9b873aa625a5a8c2,0.30178793634160717,autoland,4366813,13,930eca14459531ff5483e56979276f480af08a6a,android-hw-a51-11-0-aarch64-shippable-qr,True,False,,|w|a|r|m| |w|e|b|r|e|n|d|e|r|,102210fe594ee9b33d82058545b1ed14f4c8206e,PerceptualSpeedIndex,ebay-kleinanzeigen,True,ebay-kleinanzeigen PerceptualSpeedIndex opt warm webrender,,77,ms,geckoview,,1701926629,2023-05-27 15:52:21,1247961,,,,,,,,,,,,,,,,,,,,,,,,,,,,,,,,,,,,,,,,,,,,,,,,,TN
21,47f0f49b40361f9c5bde3a5691dc5d65ec1e0061,0.2919641102888205,autoland,4366813,13,930eca14459531ff5483e56979276f480af08a6a,android-hw-a51-11-0-aarch64-shippable-qr,True,False,,|w|a|r|m| |w|e|b|r|e|n|d|e|r|,102210fe594ee9b33d82058545b1ed14f4c8206e,PerceptualSpeedIndex,ebay-kleinanzeigen,True,ebay-kleinanzeigen PerceptualSpeedIndex opt warm webrender,,77,ms,geckoview,,1702048026,2023-05-28 20:46:15,1248031,,,,,,,,,,,,,,,,,,,,,,,,,,,,,,,,,,,,,,,,,,,,,,,,,TN
22,1f8f2142966233c5d8d437f93d361aa0cc2b36c6,0.2841050494465912,autoland,4366813,13,930eca14459531ff5483e56979276f480af08a6a,android-hw-a51-11-0-aarch64-shippable-qr,True,False,,|w|a|r|m| |w|e|b|r|e|n|d|e|r|,102210fe594ee9b33d82058545b1ed14f4c8206e,PerceptualSpeedIndex,ebay-kleinanzeigen,True,ebay-kleinanzeigen PerceptualSpeedIndex opt warm webrender,,77,ms,geckoview,,1702083244,2023-05-29 02:12:22,1248080,,,,,,,,,,,,,,,,,,,,,,,,,,,,,,,,,,,,,,,,,,,,,,,,,TN
23,1565861edeebf64845658a3f48cb89fa4515bb68,0.2913091885519681,autoland,4366813,13,930eca14459531ff5483e56979276f480af08a6a,android-hw-a51-11-0-aarch64-shippable-qr,True,False,,|w|a|r|m| |w|e|b|r|e|n|d|e|r|,102210fe594ee9b33d82058545b1ed14f4c8206e,PerceptualSpeedIndex,ebay-kleinanzeigen,True,ebay-kleinanzeigen PerceptualSpeedIndex opt warm webrender,,77,ms,geckoview,,1702147649,2023-05-29 06:50:24,1248115,,,,,,,,,,,,,,,,,,,,,,,,,,,,,,,,,,,,,,,,,,,,,,,,,TN
24,31915ad324761c4fe80dac65ca36f070ab2102a2,0.2782107538149191,autoland,4366813,13,930eca14459531ff5483e56979276f480af08a6a,android-hw-a51-11-0-aarch64-shippable-qr,True,False,,|w|a|r|m| |w|e|b|r|e|n|d|e|r|,102210fe594ee9b33d82058545b1ed14f4c8206e,PerceptualSpeedIndex,ebay-kleinanzeigen,True,ebay-kleinanzeigen PerceptualSpeedIndex opt warm webrender,,77,ms,geckoview,,1702161902,2023-05-29 07:27:55,1248125,,,,,,,,,,,,,,,,,,,,,,,,,,,,,,,,,,,,,,,,,,,,,,,,,TN
25,e1a08bab18008646938a96dfab802d2471fcadc1,0.29392887549937785,autoland,4366813,13,930eca14459531ff5483e56979276f480af08a6a,android-hw-a51-11-0-aarch64-shippable-qr,True,False,,|w|a|r|m| |w|e|b|r|e|n|d|e|r|,102210fe594ee9b33d82058545b1ed14f4c8206e,PerceptualSpeedIndex,ebay-kleinanzeigen,True,ebay-kleinanzeigen PerceptualSpeedIndex opt warm webrender,,77,ms,geckoview,,1702330613,2023-05-29 15:52:56,1248305,,,,,,,,,,,,,,,,,,,,,,,,,,,,,,,,,,,,,,,,,,,,,,,,,TN
26,496eefc6bee2519ce93df561b640b582e869b964,0.2873796581308534,autoland,4366813,13,930eca14459531ff5483e56979276f480af08a6a,android-hw-a51-11-0-aarch64-shippable-qr,True,False,,|w|a|r|m| |w|e|b|r|e|n|d|e|r|,102210fe594ee9b33d82058545b1ed14f4c8206e,PerceptualSpeedIndex,ebay-kleinanzeigen,True,ebay-kleinanzeigen PerceptualSpeedIndex opt warm webrender,,77,ms,geckoview,,1702412134,2023-05-29 20:27:32,1248440,,,,,,,,,,,,,,,,,,,,,,,,,,,,,,,,,,,,,,,,,,,,,,,,,TN
27,f7d3e204b0fb015cf0fb51a08403e22986a2ae52,0.29851332765734495,autoland,4366813,13,930eca14459531ff5483e56979276f480af08a6a,android-hw-a51-11-0-aarch64-shippable-qr,True,False,,|w|a|r|m| |w|e|b|r|e|n|d|e|r|,102210fe594ee9b33d82058545b1ed14f4c8206e,PerceptualSpeedIndex,ebay-kleinanzeigen,True,ebay-kleinanzeigen PerceptualSpeedIndex opt warm webrender,,77,ms,geckoview,,1702420057,2023-05-29 20:34:18,1248445,,,,,,,,,,,,,,,,,,,,,,,,,,,,,,,,,,,,,,,,,,,,,,,,,TN
28,82442b2d56d94c600cca707dd62ab7a19d68bbd2,0.2945837972362303,autoland,4366813,13,930eca14459531ff5483e56979276f480af08a6a,android-hw-a51-11-0-aarch64-shippable-qr,True,False,,|w|a|r|m| |w|e|b|r|e|n|d|e|r|,102210fe594ee9b33d82058545b1ed14f4c8206e,PerceptualSpeedIndex,ebay-kleinanzeigen,True,ebay-kleinanzeigen PerceptualSpeedIndex opt warm webrender,,77,ms,geckoview,,1702495777,2023-05-30 01:15:28,1248536,,,,,,,,,,,,,,,,,,,,,,,,,,,,,,,,,,,,,,,,,,,,,,,,,TN
29,23a3b1b5a2b78d86456189221e567423206bc00a,0.28475997118344365,autoland,4366813,13,930eca14459531ff5483e56979276f480af08a6a,android-hw-a51-11-0-aarch64-shippable-qr,True,False,,|w|a|r|m| |w|e|b|r|e|n|d|e|r|,102210fe594ee9b33d82058545b1ed14f4c8206e,PerceptualSpeedIndex,ebay-kleinanzeigen,True,ebay-kleinanzeigen PerceptualSpeedIndex opt warm webrender,,77,ms,geckoview,,1702593855,2023-05-30 06:58:06,1248601,,,,,,,,,,,,,,,,,,,,,,,,,,,,,,,,,,,,,,,,,,,,,,,,,TN
30,64b2487b96b949b3c6a787dfd17210f9998fb42e,0.29523871897308274,autoland,4366813,13,930eca14459531ff5483e56979276f480af08a6a,android-hw-a51-11-0-aarch64-shippable-qr,True,False,,|w|a|r|m| |w|e|b|r|e|n|d|e|r|,102210fe594ee9b33d82058545b1ed14f4c8206e,PerceptualSpeedIndex,ebay-kleinanzeigen,True,ebay-kleinanzeigen PerceptualSpeedIndex opt warm webrender,,77,ms,geckoview,,1702612246,2023-05-30 07:49:46,1248618,,,,,,,,,,,,,,,,,,,,,,,,,,,,,,,,,,,,,,,,,,,,,,,,,TN
31,121d4440186ece5c7acf444a8879a3818d54fef5,0.28475997118344365,autoland,4366813,13,930eca14459531ff5483e56979276f480af08a6a,android-hw-a51-11-0-aarch64-shippable-qr,True,False,,|w|a|r|m| |w|e|b|r|e|n|d|e|r|,102210fe594ee9b33d82058545b1ed14f4c8206e,PerceptualSpeedIndex,ebay-kleinanzeigen,True,ebay-kleinanzeigen PerceptualSpeedIndex opt warm webrender,,77,ms,geckoview,,1702756242,2023-05-30 12:05:20,1248752,,,,,,,,,,,,,,,,,,,,,,,,,,,,,,,,,,,,,,,,,,,,,,,,,TN
32,8ddf44b47ed68e786f1ca69913136fe2ddd7f1d2,0.3306044927631149,autoland,4366813,13,930eca14459531ff5483e56979276f480af08a6a,android-hw-a51-11-0-aarch64-shippable-qr,True,False,,|w|a|r|m| |w|e|b|r|e|n|d|e|r|,102210fe594ee9b33d82058545b1ed14f4c8206e,PerceptualSpeedIndex,ebay-kleinanzeigen,True,ebay-kleinanzeigen PerceptualSpeedIndex opt warm webrender,,77,ms,geckoview,,1702833315,2023-05-30 15:20:14,1248888,,,,,,,,,,,,,,,,,,,,,,,,,,,,,,,,,,,,,,,,,,,,,,,,,TN
33,361a866d206fd695b15823113863d449afb7c87d,0.2769009103412142,autoland,4366813,13,930eca14459531ff5483e56979276f480af08a6a,android-hw-a51-11-0-aarch64-shippable-qr,True,False,,|w|a|r|m| |w|e|b|r|e|n|d|e|r|,102210fe594ee9b33d82058545b1ed14f4c8206e,PerceptualSpeedIndex,ebay-kleinanzeigen,True,ebay-kleinanzeigen PerceptualSpeedIndex opt warm webrender,,77,ms,geckoview,,1702925789,2023-05-30 19:20:55,1249050,,,,,,,,,,,,,,,,,,,,,,,,,,,,,,,,,,,,,,,,,,,,,,,,,TN
34,f9dad80c02c9517d8cb38311989dab88f1236015,0.29065426681511564,autoland,4366813,13,930eca14459531ff5483e56979276f480af08a6a,android-hw-a51-11-0-aarch64-shippable-qr,True,False,,|w|a|r|m| |w|e|b|r|e|n|d|e|r|,102210fe594ee9b33d82058545b1ed14f4c8206e,PerceptualSpeedIndex,ebay-kleinanzeigen,True,ebay-kleinanzeigen PerceptualSpeedIndex opt warm webrender,,77,ms,geckoview,,1702965258,2023-05-30 19:21:44,1249051,,,,,,,,,,,,,,,,,,,,,,,,,,,,,,,,,,,,,,,,,,,,,,,,,TN
35,0ea1f0bff41ab8b0e92e4f35f3d6eaf801ad3fc0,0.27886567555177155,autoland,4366813,13,930eca14459531ff5483e56979276f480af08a6a,android-hw-a51-11-0-aarch64-shippable-qr,True,False,,|w|a|r|m| |w|e|b|r|e|n|d|e|r|,102210fe594ee9b33d82058545b1ed14f4c8206e,PerceptualSpeedIndex,ebay-kleinanzeigen,True,ebay-kleinanzeigen PerceptualSpeedIndex opt warm webrender,,77,ms,geckoview,,1703091367,2023-05-30 22:16:30,1249172,,,,,,,,,,,,,,,,,,,,,,,,,,,,,,,,,,,,,,,,,,,,,,,,,TN
36,40997d8c121ee054ffe5df2c1a10d3a392f78c3c,0.29261903202567296,autoland,4366813,13,930eca14459531ff5483e56979276f480af08a6a,android-hw-a51-11-0-aarch64-shippable-qr,True,False,,|w|a|r|m| |w|e|b|r|e|n|d|e|r|,102210fe594ee9b33d82058545b1ed14f4c8206e,PerceptualSpeedIndex,ebay-kleinanzeigen,True,ebay-kleinanzeigen PerceptualSpeedIndex opt warm webrender,,77,ms,geckoview,,1703162158,2023-05-31 02:21:54,1249255,,,,,,,,,,,,,,,,,,,,,,,,,,,,,,,,,,,,,,,,,,,,,,,,,TN
37,2317c21d7aeb68528ec7946980e7ca68d74c451a,0.28934442334141075,autoland,4366813,13,930eca14459531ff5483e56979276f480af08a6a,android-hw-a51-11-0-aarch64-shippable-qr,True,False,,|w|a|r|m| |w|e|b|r|e|n|d|e|r|,102210fe594ee9b33d82058545b1ed14f4c8206e,PerceptualSpeedIndex,ebay-kleinanzeigen,True,ebay-kleinanzeigen PerceptualSpeedIndex opt warm webrender,,77,ms,geckoview,,1703456360,2023-05-31 09:56:26,1249439,,,,,,,,,,,,,,,,,,,,,,,,,,,,,,,,,,,,,,,,,,,,,,,,,TN
38,7d2ea0789fc8c8538febac2643670ed4a46de087,0.2644573973410178,autoland,4366813,13,930eca14459531ff5483e56979276f480af08a6a,android-hw-a51-11-0-aarch64-shippable-qr,True,False,,|w|a|r|m| |w|e|b|r|e|n|d|e|r|,102210fe594ee9b33d82058545b1ed14f4c8206e,PerceptualSpeedIndex,ebay-kleinanzeigen,True,ebay-kleinanzeigen PerceptualSpeedIndex opt warm webrender,,77,ms,geckoview,,1703720809,2023-05-31 14:02:33,1249550,,,,,,,,,,,,,,,,,,,,,,,,,,,,,,,,,,,,,,,,,,,,,,,,,TN
39,513ac812d28fbd668a0b4216f4f52aef38b29501,0.2808304407623289,autoland,4366813,13,930eca14459531ff5483e56979276f480af08a6a,android-hw-a51-11-0-aarch64-shippable-qr,True,False,,|w|a|r|m| |w|e|b|r|e|n|d|e|r|,102210fe594ee9b33d82058545b1ed14f4c8206e,PerceptualSpeedIndex,ebay-kleinanzeigen,True,ebay-kleinanzeigen PerceptualSpeedIndex opt warm webrender,,77,ms,geckoview,,1703776962,2023-05-31 15:08:35,1249582,,,,,,,,,,,,,,,,,,,,,,,,,,,,,,,,,,,,,,,,,,,,,,,,,TN
40,b1a1fe06a88b8bdb3f1c5564d12f6798261f34f8,0.18848647586613398,autoland,4366813,13,930eca14459531ff5483e56979276f480af08a6a,android-hw-a51-11-0-aarch64-shippable-qr,True,False,,|w|a|r|m| |w|e|b|r|e|n|d|e|r|,102210fe594ee9b33d82058545b1ed14f4c8206e,PerceptualSpeedIndex,ebay-kleinanzeigen,True,ebay-kleinanzeigen PerceptualSpeedIndex opt warm webrender,,77,ms,geckoview,,1703853718,2023-05-31 17:22:12,1249712,,,,,,,,,,,,,,,,,,,,,,,,,,,,,,,,,,,,,,,,,,,,,,,,,TN
41,acd631722a01cb363c4967477af9f240d35cd218,0.2965485624467876,autoland,4366813,13,930eca14459531ff5483e56979276f480af08a6a,android-hw-a51-11-0-aarch64-shippable-qr,True,False,,|w|a|r|m| |w|e|b|r|e|n|d|e|r|,102210fe594ee9b33d82058545b1ed14f4c8206e,PerceptualSpeedIndex,ebay-kleinanzeigen,True,ebay-kleinanzeigen PerceptualSpeedIndex opt warm webrender,,77,ms,geckoview,,1703998902,2023-05-31 20:28:19,1249881,,,,,,,,,,,,,,,,,,,,,,,,,,,,,,,,,,,,,,,,,,,,,,,,,TN
42,69cd9d943489100b8424cf1b19b0646cbc9c317c,0.28345012770973876,autoland,4366813,13,930eca14459531ff5483e56979276f480af08a6a,android-hw-a51-11-0-aarch64-shippable-qr,True,False,,|w|a|r|m| |w|e|b|r|e|n|d|e|r|,102210fe594ee9b33d82058545b1ed14f4c8206e,PerceptualSpeedIndex,ebay-kleinanzeigen,True,ebay-kleinanzeigen PerceptualSpeedIndex opt warm webrender,,77,ms,geckoview,,1704149299,2023-05-31 23:35:37,1250055,,,,,,,,,,,,,,,,,,,,,,,,,,,,,,,,,,,,,,,,,,,,,,,,,TN
43,5d6127a9b7ed37774d6403efd4ee1ec813503592,0.2913091885519681,autoland,4366813,13,930eca14459531ff5483e56979276f480af08a6a,android-hw-a51-11-0-aarch64-shippable-qr,True,False,,|w|a|r|m| |w|e|b|r|e|n|d|e|r|,102210fe594ee9b33d82058545b1ed14f4c8206e,PerceptualSpeedIndex,ebay-kleinanzeigen,True,ebay-kleinanzeigen PerceptualSpeedIndex opt warm webrender,,77,ms,geckoview,,1704228905,2023-06-01 03:44:27,1250134,,,,,,,,,,,,,,,,,,,,,,,,,,,,,,,,,,,,,,,,,,,,,,,,,TN
44,310a02cb1216c0fafadcbc049aac0875871eab96,0.27428122339380445,autoland,4366813,13,930eca14459531ff5483e56979276f480af08a6a,android-hw-a51-11-0-aarch64-shippable-qr,True,False,,|w|a|r|m| |w|e|b|r|e|n|d|e|r|,102210fe594ee9b33d82058545b1ed14f4c8206e,PerceptualSpeedIndex,ebay-kleinanzeigen,True,ebay-kleinanzeigen PerceptualSpeedIndex opt warm webrender,,77,ms,geckoview,,1704361770,2023-06-01 08:18:01,1250206,,,,,,,,,,,,,,,,,,,,,,,,,,,,,,,,,,,,,,,,,,,,,,,,,TN
45,3ee1184f75ef01c3b8b3acb826d84a189cac75ce,0.3188159014997708,autoland,4366813,13,930eca14459531ff5483e56979276f480af08a6a,android-hw-a51-11-0-aarch64-shippable-qr,True,False,,|w|a|r|m| |w|e|b|r|e|n|d|e|r|,102210fe594ee9b33d82058545b1ed14f4c8206e,PerceptualSpeedIndex,ebay-kleinanzeigen,True,ebay-kleinanzeigen PerceptualSpeedIndex opt warm webrender,,77,ms,geckoview,,1704414095,2023-06-01 09:51:53,1250243,,,,,,,,,,,,,,,,,,,,,,,,,,,,,,,,,,,,,,,,,,,,,,,,,TN
46,01e7e891e3d0793f8a185fe99b6f8cc9c6ffa74e,0.27559106686750934,autoland,4366813,13,930eca14459531ff5483e56979276f480af08a6a,android-hw-a51-11-0-aarch64-shippable-qr,True,False,,|w|a|r|m| |w|e|b|r|e|n|d|e|r|,102210fe594ee9b33d82058545b1ed14f4c8206e,PerceptualSpeedIndex,ebay-kleinanzeigen,True,ebay-kleinanzeigen PerceptualSpeedIndex opt warm webrender,,77,ms,geckoview,,1704622954,2023-06-01 13:54:39,1250379,,,,,,,,,,,,,,,,,,,,,,,,,,,,,,,,,,,,,,,,,,,,,,,,,TN
47,ae0f513f1d25aef3f79ad009b5f2dd7407536827,0.29261903202567296,autoland,4366813,13,930eca14459531ff5483e56979276f480af08a6a,android-hw-a51-11-0-aarch64-shippable-qr,True,False,,|w|a|r|m| |w|e|b|r|e|n|d|e|r|,102210fe594ee9b33d82058545b1ed14f4c8206e,PerceptualSpeedIndex,ebay-kleinanzeigen,True,ebay-kleinanzeigen PerceptualSpeedIndex opt warm webrender,,77,ms,geckoview,,1704813886,2023-06-01 19:53:44,1250634,,,,,,,,,,,,,,,,,,,,,,,,,,,,,,,,,,,,,,,,,,,,,,,,,TN
48,9718fca142ae7765c8ca6c3616fab6e303225556,0.2945837972362303,autoland,4366813,13,930eca14459531ff5483e56979276f480af08a6a,android-hw-a51-11-0-aarch64-shippable-qr,True,False,,|w|a|r|m| |w|e|b|r|e|n|d|e|r|,102210fe594ee9b33d82058545b1ed14f4c8206e,PerceptualSpeedIndex,ebay-kleinanzeigen,True,ebay-kleinanzeigen PerceptualSpeedIndex opt warm webrender,,77,ms,geckoview,,1704842139,2023-06-01 21:35:55,1250675,,,,,,,,,,,,,,,,,,,,,,,,,,,,,,,,,,,,,,,,,,,,,,,,,TN
49,c365694efc9c7ac4c2c010f9dc97afb7c80107ee,0.2945837972362303,autoland,4366813,13,930eca14459531ff5483e56979276f480af08a6a,android-hw-a51-11-0-aarch64-shippable-qr,True,False,,|w|a|r|m| |w|e|b|r|e|n|d|e|r|,102210fe594ee9b33d82058545b1ed14f4c8206e,PerceptualSpeedIndex,ebay-kleinanzeigen,True,ebay-kleinanzeigen PerceptualSpeedIndex opt warm webrender,,77,ms,geckoview,,1704943029,2023-06-02 02:04:00,1250783,,,,,,,,,,,,,,,,,,,,,,,,,,,,,,,,,,,,,,,,,,,,,,,,,TN
50,5d642eb9394b5f5e9e9f0a4b6be492055e341e31,0.26838692776213247,autoland,4366813,13,930eca14459531ff5483e56979276f480af08a6a,android-hw-a51-11-0-aarch64-shippable-qr,True,False,,|w|a|r|m| |w|e|b|r|e|n|d|e|r|,102210fe594ee9b33d82058545b1ed14f4c8206e,PerceptualSpeedIndex,ebay-kleinanzeigen,True,ebay-kleinanzeigen PerceptualSpeedIndex opt warm webrender,,77,ms,geckoview,,1705163568,2023-06-02 12:19:13,1250979,,,,,,,,,,,,,,,,,,,,,,,,,,,,,,,,,,,,,,,,,,,,,,,,,TN
51,e2c71d0ed1e8bb2b9752f78b13c31171d5dde3a9,0.2769009103412142,autoland,4366813,13,930eca14459531ff5483e56979276f480af08a6a,android-hw-a51-11-0-aarch64-shippable-qr,True,False,,|w|a|r|m| |w|e|b|r|e|n|d|e|r|,102210fe594ee9b33d82058545b1ed14f4c8206e,PerceptualSpeedIndex,ebay-kleinanzeigen,True,ebay-kleinanzeigen PerceptualSpeedIndex opt warm webrender,,77,ms,geckoview,,1705202458,2023-06-02 13:27:34,1251019,,,,,,,,,,,,,,,,,,,,,,,,,,,,,,,,,,,,,,,,,,,,,,,,,TN
52,ad7e9e56836f2bd7e0668d322719f548e825a685,0.2808304407623289,autoland,4366813,13,930eca14459531ff5483e56979276f480af08a6a,android-hw-a51-11-0-aarch64-shippable-qr,True,False,,|w|a|r|m| |w|e|b|r|e|n|d|e|r|,102210fe594ee9b33d82058545b1ed14f4c8206e,PerceptualSpeedIndex,ebay-kleinanzeigen,True,ebay-kleinanzeigen PerceptualSpeedIndex opt warm webrender,,77,ms,geckoview,,1705323581,2023-06-02 17:59:13,1251185,,,,,,,,,,,,,,,,,,,,,,,,,,,,,,,,,,,,,,,,,,,,,,,,,TN
53,8c3b1c60fde747fcb4e3421062a37b829d6acb9f,0.29720348418364007,autoland,4366813,13,930eca14459531ff5483e56979276f480af08a6a,android-hw-a51-11-0-aarch64-shippable-qr,True,False,,|w|a|r|m| |w|e|b|r|e|n|d|e|r|,102210fe594ee9b33d82058545b1ed14f4c8206e,PerceptualSpeedIndex,ebay-kleinanzeigen,True,ebay-kleinanzeigen PerceptualSpeedIndex opt warm webrender,,77,ms,geckoview,,1705293970,2023-06-02 18:03:52,1251187,,,,,,,,,,,,,,,,,,,,,,,,,,,,,,,,,,,,,,,,,,,,,,,,,TN
54,b9f63a24bc677e4c6a1f9bc801c2e3bf44dbd6e8,0.2913091885519681,autoland,4366813,13,930eca14459531ff5483e56979276f480af08a6a,android-hw-a51-11-0-aarch64-shippable-qr,True,False,,|w|a|r|m| |w|e|b|r|e|n|d|e|r|,102210fe594ee9b33d82058545b1ed14f4c8206e,PerceptualSpeedIndex,ebay-kleinanzeigen,True,ebay-kleinanzeigen PerceptualSpeedIndex opt warm webrender,,77,ms,geckoview,,1705401879,2023-06-02 22:18:32,1251308,,,,,,,,,,,,,,,,,,,,,,,,,,,,,,,,,,,,,,,,,,,,,,,,,TN
55,64bce9d136ae9b4bd5482515721d6daf2da53dc3,0.2690418494989849,autoland,4366813,13,930eca14459531ff5483e56979276f480af08a6a,android-hw-a51-11-0-aarch64-shippable-qr,True,False,,|w|a|r|m| |w|e|b|r|e|n|d|e|r|,102210fe594ee9b33d82058545b1ed14f4c8206e,PerceptualSpeedIndex,ebay-kleinanzeigen,True,ebay-kleinanzeigen PerceptualSpeedIndex opt warm webrender,,77,ms,geckoview,,1705448015,2023-06-03 05:40:17,1251358,,,,,,,,,,,,,,,,,,,,,,,,,,,,,,,,,,,,,,,,,,,,,,,,,TN
56,7bc8c25b2935765c57adc63333c221bbe5067831,0.29720348418364007,autoland,4366813,13,930eca14459531ff5483e56979276f480af08a6a,android-hw-a51-11-0-aarch64-shippable-qr,True,False,,|w|a|r|m| |w|e|b|r|e|n|d|e|r|,102210fe594ee9b33d82058545b1ed14f4c8206e,PerceptualSpeedIndex,ebay-kleinanzeigen,True,ebay-kleinanzeigen PerceptualSpeedIndex opt warm webrender,,77,ms,geckoview,,1705531859,2023-06-03 14:24:38,1251409,,,,,,,,,,,,,,,,,,,,,,,,,,,,,,,,,,,,,,,,,,,,,,,,,TN
57,b8f06acca6bf62e32647496ed613012fa4c27e9e,0.2841050494465912,autoland,4366813,13,930eca14459531ff5483e56979276f480af08a6a,android-hw-a51-11-0-aarch64-shippable-qr,True,False,,|w|a|r|m| |w|e|b|r|e|n|d|e|r|,102210fe594ee9b33d82058545b1ed14f4c8206e,PerceptualSpeedIndex,ebay-kleinanzeigen,True,ebay-kleinanzeigen PerceptualSpeedIndex opt warm webrender,,77,ms,geckoview,,1705592378,2023-06-03 23:39:13,1251453,,,,,,,,,,,,,,,,,,,,,,,,,,,,,,,,,,,,,,,,,,,,,,,,,TN
58,00802389f336283602445d4f08e53b8bd09b43eb,0.2978584059204925,autoland,4366813,13,930eca14459531ff5483e56979276f480af08a6a,android-hw-a51-11-0-aarch64-shippable-qr,True,False,,|w|a|r|m| |w|e|b|r|e|n|d|e|r|,102210fe594ee9b33d82058545b1ed14f4c8206e,PerceptualSpeedIndex,ebay-kleinanzeigen,True,ebay-kleinanzeigen PerceptualSpeedIndex opt warm webrender,,77,ms,geckoview,,1705677748,2023-06-04 11:53:44,1251481,,,,,,,,,,,,,,,,,,,,,,,,,,,,,,,,,,,,,,,,,,,,,,,,,TN
59,eeba3a3c20a4dc53210a44734b25d2c0870b6523,0.28017551902547644,autoland,4366813,13,930eca14459531ff5483e56979276f480af08a6a,android-hw-a51-11-0-aarch64-shippable-qr,True,False,,|w|a|r|m| |w|e|b|r|e|n|d|e|r|,102210fe594ee9b33d82058545b1ed14f4c8206e,PerceptualSpeedIndex,ebay-kleinanzeigen,True,ebay-kleinanzeigen PerceptualSpeedIndex opt warm webrender,,77,ms,geckoview,,1705718358,2023-06-04 20:28:08,1251514,,,,,,,,,,,,,,,,,,,,,,,,,,,,,,,,,,,,,,,,,,,,,,,,,TN
60,f8fa7749f7bdc93fa3491918a4e8b0fb4db659eb,0.2873796581308534,autoland,4366813,13,930eca14459531ff5483e56979276f480af08a6a,android-hw-a51-11-0-aarch64-shippable-qr,True,False,,|w|a|r|m| |w|e|b|r|e|n|d|e|r|,102210fe594ee9b33d82058545b1ed14f4c8206e,PerceptualSpeedIndex,ebay-kleinanzeigen,True,ebay-kleinanzeigen PerceptualSpeedIndex opt warm webrender,,77,ms,geckoview,,1705766767,2023-06-05 03:24:10,1251552,,,,,,,,,,,,,,,,,,,,,,,,,,,,,,,,,,,,,,,,,,,,,,,,,TN
61,61d4558543daf8b284b3194aba84289d6e31ad2f,0.3024428580784596,autoland,4366813,13,930eca14459531ff5483e56979276f480af08a6a,android-hw-a51-11-0-aarch64-shippable-qr,True,False,,|w|a|r|m| |w|e|b|r|e|n|d|e|r|,102210fe594ee9b33d82058545b1ed14f4c8206e,PerceptualSpeedIndex,ebay-kleinanzeigen,True,ebay-kleinanzeigen PerceptualSpeedIndex opt warm webrender,,77,ms,geckoview,,1705806452,2023-06-05 08:05:57,1251588,,,,,,,,,,,,,,,,,,,,,,,,,,,,,,,,,,,,,,,,,,,,,,,,,TN
62,00af548d93acc8c2c3ab652a04c882e3a80476a9,0.2958936407099352,autoland,4366813,13,930eca14459531ff5483e56979276f480af08a6a,android-hw-a51-11-0-aarch64-shippable-qr,True,False,,|w|a|r|m| |w|e|b|r|e|n|d|e|r|,102210fe594ee9b33d82058545b1ed14f4c8206e,PerceptualSpeedIndex,ebay-kleinanzeigen,True,ebay-kleinanzeigen PerceptualSpeedIndex opt warm webrender,,77,ms,geckoview,,1705924411,2023-06-05 12:01:26,1251712,,,,,,,,,,,,,,,,,,,,,,,,,,,,,,,,,,,,,,,,,,,,,,,,,TN
63,c8df8c0bde6047b8fe23c9716940cbc1c07c2a65,0.27559106686750934,autoland,4366813,13,930eca14459531ff5483e56979276f480af08a6a,android-hw-a51-11-0-aarch64-shippable-qr,True,False,,|w|a|r|m| |w|e|b|r|e|n|d|e|r|,102210fe594ee9b33d82058545b1ed14f4c8206e,PerceptualSpeedIndex,ebay-kleinanzeigen,True,ebay-kleinanzeigen PerceptualSpeedIndex opt warm webrender,,77,ms,geckoview,,1706092382,2023-06-05 16:13:31,1251888,,,,,,,,,,,,,,,,,,,,,,,,,,,,,,,,,,,,,,,,,,,,,,,,,TN
64,03d635b2bdb2041550924e64dc0dd20abf4499f9,0.2899993450782632,autoland,4366813,13,930eca14459531ff5483e56979276f480af08a6a,android-hw-a51-11-0-aarch64-shippable-qr,True,False,,|w|a|r|m| |w|e|b|r|e|n|d|e|r|,102210fe594ee9b33d82058545b1ed14f4c8206e,PerceptualSpeedIndex,ebay-kleinanzeigen,True,ebay-kleinanzeigen PerceptualSpeedIndex opt warm webrender,,77,ms,geckoview,,1706102239,2023-06-05 16:43:43,1251915,,,,,,,,,,,,,,,,,,,,,,,,,,,,,,,,,,,,,,,,,,,,,,,,,TN
65,d73c2643092115d9b5859c16e121e421656264bc,0.2965485624467876,autoland,4366813,13,930eca14459531ff5483e56979276f480af08a6a,android-hw-a51-11-0-aarch64-shippable-qr,True,False,,|w|a|r|m| |w|e|b|r|e|n|d|e|r|,102210fe594ee9b33d82058545b1ed14f4c8206e,PerceptualSpeedIndex,ebay-kleinanzeigen,True,ebay-kleinanzeigen PerceptualSpeedIndex opt warm webrender,,77,ms,geckoview,,1706260386,2023-06-05 20:14:05,1252060,,,,,,,,,,,,,,,,,,,,,,,,,,,,,,,,,,,,,,,,,,,,,,,,,TN
66,3a79e9a1c11da81af50cfb6e535537b5e8e7ce9f,0.26642216255157514,autoland,4366813,13,930eca14459531ff5483e56979276f480af08a6a,android-hw-a51-11-0-aarch64-shippable-qr,True,False,,|w|a|r|m| |w|e|b|r|e|n|d|e|r|,102210fe594ee9b33d82058545b1ed14f4c8206e,PerceptualSpeedIndex,ebay-kleinanzeigen,True,ebay-kleinanzeigen PerceptualSpeedIndex opt warm webrender,,77,ms,geckoview,,1706270371,2023-06-05 22:25:10,1252165,,,,,,,,,,,,,,,,,,,,,,,,,,,,,,,,,,,,,,,,,,,,,,,,,TN
67,7974ac7e053aa00b02c6b9405b4fe87e6729456d,0.29294649289409913,autoland,4366813,13,930eca14459531ff5483e56979276f480af08a6a,android-hw-a51-11-0-aarch64-shippable-qr,True,False,,|w|a|r|m| |w|e|b|r|e|n|d|e|r|,102210fe594ee9b33d82058545b1ed14f4c8206e,PerceptualSpeedIndex,ebay-kleinanzeigen,True,ebay-kleinanzeigen PerceptualSpeedIndex opt warm webrender,,77,ms,geckoview,,1706446737,2023-06-06 07:45:19,1252336,,,,,,,,,,,,,,,,,,,,,,,,,,,,,,,,,,,,,,,,,,,,,,,,,TN
68,847d7aa42cbef71e48427dda557da27be7b8a938,0.28724867378348284,autoland,4366813,13,930eca14459531ff5483e56979276f480af08a6a,android-hw-a51-11-0-aarch64-shippable-qr,True,False,,|w|a|r|m| |w|e|b|r|e|n|d|e|r|,102210fe594ee9b33d82058545b1ed14f4c8206e,PerceptualSpeedIndex,ebay-kleinanzeigen,True,ebay-kleinanzeigen PerceptualSpeedIndex opt warm webrender,,77,ms,geckoview,,1706631738,2023-06-06 12:19:14,1252475,,,,,,,,,,,,,,,,,,,,,,,,,,,,,,,,,,,,,,,,,,,,,,,,,TN
69,51ecbed77cf45640a921f61934b70efadfb58982,0.2789311677254568,autoland,4366813,13,930eca14459531ff5483e56979276f480af08a6a,android-hw-a51-11-0-aarch64-shippable-qr,True,False,,|w|a|r|m| |w|e|b|r|e|n|d|e|r|,102210fe594ee9b33d82058545b1ed14f4c8206e,PerceptualSpeedIndex,ebay-kleinanzeigen,True,ebay-kleinanzeigen PerceptualSpeedIndex opt warm webrender,,77,ms,geckoview,,1706723308,2023-06-06 15:07:26,1252589,,,,,,,,,,,,,,,,,,,,,,,,,,,,,,,,,,,,,,,,,,,,,,,,,TN
70,3e7d709ab2a3a86ff58f4406faa05e738ca49ec9,0.32392429104721987,autoland,4366813,13,930eca14459531ff5483e56979276f480af08a6a,android-hw-a51-11-0-aarch64-shippable-qr,True,False,,|w|a|r|m| |w|e|b|r|e|n|d|e|r|,102210fe594ee9b33d82058545b1ed14f4c8206e,PerceptualSpeedIndex,ebay-kleinanzeigen,True,ebay-kleinanzeigen PerceptualSpeedIndex opt warm webrender,,77,ms,geckoview,,1706883695,2023-06-06 19:22:50,1252721,,,,,,,,,,,,,,,,,,,,,,,,,,,,,,,,,,,,,,,,,,,,,,,,,TN
71,9a56830b39f8d6802cef3772f81535d5f7bd475c,0.28796908769402063,autoland,4366813,13,930eca14459531ff5483e56979276f480af08a6a,android-hw-a51-11-0-aarch64-shippable-qr,True,False,,|w|a|r|m| |w|e|b|r|e|n|d|e|r|,102210fe594ee9b33d82058545b1ed14f4c8206e,PerceptualSpeedIndex,ebay-kleinanzeigen,True,ebay-kleinanzeigen PerceptualSpeedIndex opt warm webrender,,77,ms,geckoview,,1706909837,2023-06-06 19:49:29,1252741,,,,,,,,,,,,,,,,,,,,,,,,,,,,,,,,,,,,,,,,,,,,,,,,,TN
72,3a8e0dd854b5d9349d96a17de81427442d412db9,0.28914794682035505,autoland,4366813,13,930eca14459531ff5483e56979276f480af08a6a,android-hw-a51-11-0-aarch64-shippable-qr,True,False,,|w|a|r|m| |w|e|b|r|e|n|d|e|r|,102210fe594ee9b33d82058545b1ed14f4c8206e,PerceptualSpeedIndex,ebay-kleinanzeigen,True,ebay-kleinanzeigen PerceptualSpeedIndex opt warm webrender,,77,ms,geckoview,,1706983684,2023-06-06 22:47:19,1252831,,,,,,,,,,,,,,,,,,,,,,,,,,,,,,,,,,,,,,,,,,,,,,,,,TN
73,714383968fdbbcb6ef5ff4fc599e11ae386d09ce,0.292881000720414,autoland,4366813,13,930eca14459531ff5483e56979276f480af08a6a,android-hw-a51-11-0-aarch64-shippable-qr,True,False,,|w|a|r|m| |w|e|b|r|e|n|d|e|r|,102210fe594ee9b33d82058545b1ed14f4c8206e,PerceptualSpeedIndex,ebay-kleinanzeigen,True,ebay-kleinanzeigen PerceptualSpeedIndex opt warm webrender,,77,ms,geckoview,,1707078853,2023-06-07 02:52:45,1252906,,,,,,,,,,,,,,,,,,,,,,,,,,,,,,,,,,,,,,,,,,,,,,,,,TN
74,29928f29c7a08d81bf5a480f4678c4c90b0abc68,0.28836204073613203,autoland,4366813,13,930eca14459531ff5483e56979276f480af08a6a,android-hw-a51-11-0-aarch64-shippable-qr,True,False,,|w|a|r|m| |w|e|b|r|e|n|d|e|r|,102210fe594ee9b33d82058545b1ed14f4c8206e,PerceptualSpeedIndex,ebay-kleinanzeigen,True,ebay-kleinanzeigen PerceptualSpeedIndex opt warm webrender,,77,ms,geckoview,,1707204289,2023-06-07 06:55:53,1252967,,,,,,,,,,,,,,,,,,,,,,,,,,,,,,,,,,,,,,,,,,,,,,,,,TN
75,5c2039dcc9e34d981b3343ed3819d1f65ef07909,0.27696640251489946,autoland,4366813,13,930eca14459531ff5483e56979276f480af08a6a,android-hw-a51-11-0-aarch64-shippable-qr,True,False,,|w|a|r|m| |w|e|b|r|e|n|d|e|r|,102210fe594ee9b33d82058545b1ed14f4c8206e,PerceptualSpeedIndex,ebay-kleinanzeigen,True,ebay-kleinanzeigen PerceptualSpeedIndex opt warm webrender,,77,ms,geckoview,,1707323707,2023-06-07 11:44:03,1253076,,,,,,,,,,,,,,,,,,,,,,,,,,,,,,,,,,,,,,,,,,,,,,,,,TN
76,ed7804ffc016687db27f68ab46e27c0ffefda3af,0.2909162355098567,autoland,4366813,13,930eca14459531ff5483e56979276f480af08a6a,android-hw-a51-11-0-aarch64-shippable-qr,True,False,,|w|a|r|m| |w|e|b|r|e|n|d|e|r|,102210fe594ee9b33d82058545b1ed14f4c8206e,PerceptualSpeedIndex,ebay-kleinanzeigen,True,ebay-kleinanzeigen PerceptualSpeedIndex opt warm webrender,,77,ms,geckoview,,1707371351,2023-06-07 13:36:12,1253119,,,,,,,,,,,,,,,,,,,,,,,,,,,,,,,,,,,,,,,,,,,,,,,,,TN
77,d777b008615418be897668f8099b9e68f6666a3c,0.2697622634095226,autoland,4366813,13,930eca14459531ff5483e56979276f480af08a6a,android-hw-a51-11-0-aarch64-shippable-qr,True,False,,|w|a|r|m| |w|e|b|r|e|n|d|e|r|,102210fe594ee9b33d82058545b1ed14f4c8206e,PerceptualSpeedIndex,ebay-kleinanzeigen,True,ebay-kleinanzeigen PerceptualSpeedIndex opt warm webrender,,77,ms,geckoview,,1707576668,2023-06-07 20:51:47,1253401,,,,,,,,,,,,,,,,,,,,,,,,,,,,,,,,,,,,,,,,,,,,,,,,,TN
78,c18688c9011d0dc50b79d2f830dbf323c8c75604,0.27310236426747014,autoland,4366813,13,930eca14459531ff5483e56979276f480af08a6a,android-hw-a51-11-0-aarch64-shippable-qr,True,False,,|w|a|r|m| |w|e|b|r|e|n|d|e|r|,102210fe594ee9b33d82058545b1ed14f4c8206e,PerceptualSpeedIndex,ebay-kleinanzeigen,True,ebay-kleinanzeigen PerceptualSpeedIndex opt warm webrender,,77,ms,geckoview,,1707654651,2023-06-07 22:54:42,1253472,,,,,,,,,,,,,,,,,,,,,,,,,,,,,,,,,,,,,,,,,,,,,,,,,TN
79,2b2fb0c1bd13f27bbd5094192791600a5e261c4b,0.2560743991093065,autoland,4366813,13,930eca14459531ff5483e56979276f480af08a6a,android-hw-a51-11-0-aarch64-shippable-qr,True,False,,|w|a|r|m| |w|e|b|r|e|n|d|e|r|,102210fe594ee9b33d82058545b1ed14f4c8206e,PerceptualSpeedIndex,ebay-kleinanzeigen,True,ebay-kleinanzeigen PerceptualSpeedIndex opt warm webrender,,77,ms,geckoview,,1707816130,2023-06-08 03:47:09,1253596,,,,,,,,,,,,,,,,,,,,,,,,,,,,,,,,,,,,,,,,,,,,,,,,,TN
80,d588d40904f7880592d27c083cb64d31864340cb,0.27598401990962074,autoland,4366813,13,930eca14459531ff5483e56979276f480af08a6a,android-hw-a51-11-0-aarch64-shippable-qr,True,False,,|w|a|r|m| |w|e|b|r|e|n|d|e|r|,102210fe594ee9b33d82058545b1ed14f4c8206e,PerceptualSpeedIndex,ebay-kleinanzeigen,True,ebay-kleinanzeigen PerceptualSpeedIndex opt warm webrender,,77,ms,geckoview,,1707856433,2023-06-08 06:27:32,1253626,,,,,,,,,,,,,,,,,,,,,,,,,,,,,,,,,,,,,,,,,,,,,,,,,TN
81,a86d5a3f177d480362c07a9ed34166ae41840ab6,0.30558648241535136,autoland,4366813,13,930eca14459531ff5483e56979276f480af08a6a,android-hw-a51-11-0-aarch64-shippable-qr,True,False,,|w|a|r|m| |w|e|b|r|e|n|d|e|r|,102210fe594ee9b33d82058545b1ed14f4c8206e,PerceptualSpeedIndex,ebay-kleinanzeigen,True,ebay-kleinanzeigen PerceptualSpeedIndex opt warm webrender,,77,ms,geckoview,,1707989900,2023-06-08 10:57:22,1253788,,,,,,,,,,,,,,,,,,,,,,,,,,,,,,,,,,,,,,,,,,,,,,,,,TN
82,c7b3905a77fb83c75344dddb5646c5c7f5d16714,0.2667496234200013,autoland,4366813,13,930eca14459531ff5483e56979276f480af08a6a,android-hw-a51-11-0-aarch64-shippable-qr,True,False,,|w|a|r|m| |w|e|b|r|e|n|d|e|r|,102210fe594ee9b33d82058545b1ed14f4c8206e,PerceptualSpeedIndex,ebay-kleinanzeigen,True,ebay-kleinanzeigen PerceptualSpeedIndex opt warm webrender,,77,ms,geckoview,,1708346971,2023-06-08 21:44:04,1254265,,,,,,,,,,,,,,,,,,,,,,,,,,,,,,,,,,,,,,,,,,,,,,,,,TN
83,d18ffb52540958c2b12d76b4a392e12df3bc4280,0.2668806077673719,autoland,4366813,13,930eca14459531ff5483e56979276f480af08a6a,android-hw-a51-11-0-aarch64-shippable-qr,True,False,,|w|a|r|m| |w|e|b|r|e|n|d|e|r|,102210fe594ee9b33d82058545b1ed14f4c8206e,PerceptualSpeedIndex,ebay-kleinanzeigen,True,ebay-kleinanzeigen PerceptualSpeedIndex opt warm webrender,,77,ms,geckoview,,1708428793,2023-06-09 02:20:20,1254350,,,,,,,,,,,,,,,,,,,,,,,,,,,,,,,,,,,,,,,,,,,,,,,,,TN
84,e76a7e9393add417bcf6a33d7e0c71909cc3c6d9,0.2566638286724736,autoland,4366813,13,930eca14459531ff5483e56979276f480af08a6a,android-hw-a51-11-0-aarch64-shippable-qr,True,False,,|w|a|r|m| |w|e|b|r|e|n|d|e|r|,102210fe594ee9b33d82058545b1ed14f4c8206e,PerceptualSpeedIndex,ebay-kleinanzeigen,True,ebay-kleinanzeigen PerceptualSpeedIndex opt warm webrender,,77,ms,geckoview,,1708502936,2023-06-09 06:38:52,1254404,,,,,,,,,,,,,,,,,,,,,,,,,,,,,,,,,,,,,,,,,,,,,,,,,TN
85,6453bd709950f540a9b961069fe05277eec38c4e,0.2718580129674504,autoland,4366813,13,930eca14459531ff5483e56979276f480af08a6a,android-hw-a51-11-0-aarch64-shippable-qr,True,False,,|w|a|r|m| |w|e|b|r|e|n|d|e|r|,102210fe594ee9b33d82058545b1ed14f4c8206e,PerceptualSpeedIndex,ebay-kleinanzeigen,True,ebay-kleinanzeigen PerceptualSpeedIndex opt warm webrender,,77,ms,geckoview,,1708540000,2023-06-09 08:40:41,1254469,,,,,,,,,,,,,,,,,,,,,,,,,,,,,,,,,,,,,,,,,,,,,,,,,TN
86,7467d3da5f29eddf7cf135a00cef8cf87b5c6911,0.2594799921409392,autoland,4366813,13,930eca14459531ff5483e56979276f480af08a6a,android-hw-a51-11-0-aarch64-shippable-qr,True,False,,|w|a|r|m| |w|e|b|r|e|n|d|e|r|,102210fe594ee9b33d82058545b1ed14f4c8206e,PerceptualSpeedIndex,ebay-kleinanzeigen,True,ebay-kleinanzeigen PerceptualSpeedIndex opt warm webrender,,77,ms,geckoview,,1708691058,2023-06-09 13:23:42,1254611,,,,,,,,,,,,,,,,,,,,,,,,,,,,,,,,,,,,,,,,,,,,,,,,,TN
87,439e88bdf46b8545bcf3fbf4d1cac9bf084df91d,0.28613530683083366,autoland,4366813,13,930eca14459531ff5483e56979276f480af08a6a,android-hw-a51-11-0-aarch64-shippable-qr,True,False,,|w|a|r|m| |w|e|b|r|e|n|d|e|r|,102210fe594ee9b33d82058545b1ed14f4c8206e,PerceptualSpeedIndex,ebay-kleinanzeigen,True,ebay-kleinanzeigen PerceptualSpeedIndex opt warm webrender,,77,ms,geckoview,,1708859654,2023-06-09 18:12:56,1254830,,,,,,,,,,,,,,,,,,,,,,,,,,,,,,,,,,,,,,,,,,,,,,,,,TN
88,14c10deaa83992232930103150b2cb2351a623a5,0.2725129347043028,autoland,4366813,13,930eca14459531ff5483e56979276f480af08a6a,android-hw-a51-11-0-aarch64-shippable-qr,True,False,,|w|a|r|m| |w|e|b|r|e|n|d|e|r|,102210fe594ee9b33d82058545b1ed14f4c8206e,PerceptualSpeedIndex,ebay-kleinanzeigen,True,ebay-kleinanzeigen PerceptualSpeedIndex opt warm webrender,,77,ms,geckoview,,1708906096,2023-06-09 19:52:31,1254912,,,,,,,,,,,,,,,,,,,,,,,,,,,,,,,,,,,,,,,,,,,,,,,,,TN
89,463e881a627c52313496a136abc6c038a4b92af6,0.29085074333617134,autoland,4366813,13,930eca14459531ff5483e56979276f480af08a6a,android-hw-a51-11-0-aarch64-shippable-qr,True,False,,|w|a|r|m| |w|e|b|r|e|n|d|e|r|,102210fe594ee9b33d82058545b1ed14f4c8206e,PerceptualSpeedIndex,ebay-kleinanzeigen,True,ebay-kleinanzeigen PerceptualSpeedIndex opt warm webrender,,77,ms,geckoview,,1709019663,2023-06-10 01:55:58,1255101,,,,,,,,,,,,,,,,,,,,,,,,,,,,,,,,,,,,,,,,,,,,,,,,,TN
90,9c9d29101b3d0533b84b4e75dc06e89fcad3d31a,0.27500163730434213,autoland,4366813,13,930eca14459531ff5483e56979276f480af08a6a,android-hw-a51-11-0-aarch64-shippable-qr,True,False,,|w|a|r|m| |w|e|b|r|e|n|d|e|r|,102210fe594ee9b33d82058545b1ed14f4c8206e,PerceptualSpeedIndex,ebay-kleinanzeigen,True,ebay-kleinanzeigen PerceptualSpeedIndex opt warm webrender,,77,ms,geckoview,,1709140510,2023-06-10 13:36:02,1255207,,,,,,,,,,,,,,,,,,,,,,,,,,,,,,,,,,,,,,,,,,,,,,,,,TN
91,879c6932bb49782e5edfdbe48e93d997a2646d84,0.27598401990962074,autoland,4366813,13,930eca14459531ff5483e56979276f480af08a6a,android-hw-a51-11-0-aarch64-shippable-qr,True,False,,|w|a|r|m| |w|e|b|r|e|n|d|e|r|,102210fe594ee9b33d82058545b1ed14f4c8206e,PerceptualSpeedIndex,ebay-kleinanzeigen,True,ebay-kleinanzeigen PerceptualSpeedIndex opt warm webrender,,77,ms,geckoview,,1709232125,2023-06-10 18:37:05,1255264,,,,,,,,,,,,,,,,,,,,,,,,,,,,,,,,,,,,,,,,,,,,,,,,,TN
92,711b87deb431206775bf67c5b0d04ace33eb3660,0.2594799921409392,autoland,4366813,13,930eca14459531ff5483e56979276f480af08a6a,android-hw-a51-11-0-aarch64-shippable-qr,True,False,,|w|a|r|m| |w|e|b|r|e|n|d|e|r|,102210fe594ee9b33d82058545b1ed14f4c8206e,PerceptualSpeedIndex,ebay-kleinanzeigen,True,ebay-kleinanzeigen PerceptualSpeedIndex opt warm webrender,,77,ms,geckoview,,1709266289,2023-06-10 20:39:30,1255276,,,,,,,,,,,,,,,,,,,,,,,,,,,,,,,,,,,,,,,,,,,,,,,,,TN
93,3904ff924b73ed2df5a530453ab025bb1c2fdf90,0.2724474425306177,autoland,4366813,13,930eca14459531ff5483e56979276f480af08a6a,android-hw-a51-11-0-aarch64-shippable-qr,True,False,,|w|a|r|m| |w|e|b|r|e|n|d|e|r|,102210fe594ee9b33d82058545b1ed14f4c8206e,PerceptualSpeedIndex,ebay-kleinanzeigen,True,ebay-kleinanzeigen PerceptualSpeedIndex opt warm webrender,,77,ms,geckoview,,1709481860,2023-06-11 14:35:35,1255360,,,,,,,,,,,,,,,,,,,,,,,,,,,,,,,,,,,,,,,,,,,,,,,,,TN
94,af0665af954105365927736b6a65c4d28533bc4d,0.2676665138515948,autoland,4366813,13,930eca14459531ff5483e56979276f480af08a6a,android-hw-a51-11-0-aarch64-shippable-qr,True,False,,|w|a|r|m| |w|e|b|r|e|n|d|e|r|,102210fe594ee9b33d82058545b1ed14f4c8206e,PerceptualSpeedIndex,ebay-kleinanzeigen,True,ebay-kleinanzeigen PerceptualSpeedIndex opt warm webrender,,77,ms,geckoview,,1709529829,2023-06-11 19:10:58,1255387,,,,,,,,,,,,,,,,,,,,,,,,,,,,,,,,,,,,,,,,,,,,,,,,,TN
95,c73c9ac3fe19822fcf08c5bd0bc112056008b4da,0.30342524068373833,autoland,4366813,13,930eca14459531ff5483e56979276f480af08a6a,android-hw-a51-11-0-aarch64-shippable-qr,True,False,,|w|a|r|m| |w|e|b|r|e|n|d|e|r|,102210fe594ee9b33d82058545b1ed14f4c8206e,PerceptualSpeedIndex,ebay-kleinanzeigen,True,ebay-kleinanzeigen PerceptualSpeedIndex opt warm webrender,,77,ms,geckoview,,1709605182,2023-06-12 00:14:44,1255422,,,,,,,,,,,,,,,,,,,,,,,,,,,,,,,,,,,,,,,,,,,,,,,,,TN
96,25564434f810ceea8a17b730bd5498b0ca9856c4,0.2631475538673129,autoland,4366813,13,930eca14459531ff5483e56979276f480af08a6a,android-hw-a51-11-0-aarch64-shippable-qr,True,False,,|w|a|r|m| |w|e|b|r|e|n|d|e|r|,102210fe594ee9b33d82058545b1ed14f4c8206e,PerceptualSpeedIndex,ebay-kleinanzeigen,True,ebay-kleinanzeigen PerceptualSpeedIndex opt warm webrender,,77,ms,geckoview,,1709652235,2023-06-12 04:46:29,1255461,,,,,,,,,,,,,,,,,,,,,,,,,,,,,,,,,,,,,,,,,,,,,,,,,TN
97,6c51face7335165a532e8f6b035a975ced1be55c,0.2841050494465912,autoland,4366813,13,930eca14459531ff5483e56979276f480af08a6a,android-hw-a51-11-0-aarch64-shippable-qr,True,False,,|w|a|r|m| |w|e|b|r|e|n|d|e|r|,102210fe594ee9b33d82058545b1ed14f4c8206e,PerceptualSpeedIndex,ebay-kleinanzeigen,True,ebay-kleinanzeigen PerceptualSpeedIndex opt warm webrender,,77,ms,geckoview,,1709755686,2023-06-12 09:00:15,1255535,,,,,,,,,,,,,,,,,,,,,,,,,,,,,,,,,,,,,,,,,,,,,,,,,TN
98,1dc3aecfed3a924c48ee323c36ee1e783f836dd7,0.25915253127251303,autoland,4366813,13,930eca14459531ff5483e56979276f480af08a6a,android-hw-a51-11-0-aarch64-shippable-qr,True,False,,|w|a|r|m| |w|e|b|r|e|n|d|e|r|,102210fe594ee9b33d82058545b1ed14f4c8206e,PerceptualSpeedIndex,ebay-kleinanzeigen,True,ebay-kleinanzeigen PerceptualSpeedIndex opt warm webrender,,77,ms,geckoview,,1709775524,2023-06-12 09:27:15,1255558,,,,,,,,,,,,,,,,,,,,,,,,,,,,,,,,,,,,,,,,,,,,,,,,,TN
99,ee618a493ff9c25c0ecb9dc6087a6179874541da,0.2657672408147227,autoland,4366813,13,930eca14459531ff5483e56979276f480af08a6a,android-hw-a51-11-0-aarch64-shippable-qr,True,False,,|w|a|r|m| |w|e|b|r|e|n|d|e|r|,102210fe594ee9b33d82058545b1ed14f4c8206e,PerceptualSpeedIndex,ebay-kleinanzeigen,True,ebay-kleinanzeigen PerceptualSpeedIndex opt warm webrender,,77,ms,geckoview,,1709983005,2023-06-12 14:14:19,1255741,,,,,,,,,,,,,,,,,,,,,,,,,,,,,,,,,,,,,,,,,,,,,,,,,TN
100,53b4b785ae2a7f70257069e77b138fe36b53698a,0.2600694217041064,autoland,4366813,13,930eca14459531ff5483e56979276f480af08a6a,android-hw-a51-11-0-aarch64-shippable-qr,True,False,,|w|a|r|m| |w|e|b|r|e|n|d|e|r|,102210fe594ee9b33d82058545b1ed14f4c8206e,PerceptualSpeedIndex,ebay-kleinanzeigen,True,ebay-kleinanzeigen PerceptualSpeedIndex opt warm webrender,,77,ms,geckoview,,1710065590,2023-06-12 17:28:50,1255840,,,,,,,,,,,,,,,,,,,,,,,,,,,,,,,,,,,,,,,,,,,,,,,,,TN
101,eff1078e2398a9021cd61a20eff8062a582128e2,0.2484118147881328,autoland,4366813,13,930eca14459531ff5483e56979276f480af08a6a,android-hw-a51-11-0-aarch64-shippable-qr,True,False,,|w|a|r|m| |w|e|b|r|e|n|d|e|r|,102210fe594ee9b33d82058545b1ed14f4c8206e,PerceptualSpeedIndex,ebay-kleinanzeigen,True,ebay-kleinanzeigen PerceptualSpeedIndex opt warm webrender,,77,ms,geckoview,,1710202539,2023-06-12 21:22:21,1256012,,,,,,,,,,,,,,,,,,,,,,,,,,,,,,,,,,,,,,,,,,,,,,,,,TN
102,2bdaa9d6ac390362734ba199115ca10186243e87,0.27179252079376526,autoland,4366813,13,930eca14459531ff5483e56979276f480af08a6a,android-hw-a51-11-0-aarch64-shippable-qr,True,False,,|w|a|r|m| |w|e|b|r|e|n|d|e|r|,102210fe594ee9b33d82058545b1ed14f4c8206e,PerceptualSpeedIndex,ebay-kleinanzeigen,True,ebay-kleinanzeigen PerceptualSpeedIndex opt warm webrender,,77,ms,geckoview,,1710275473,2023-06-13 02:32:41,1256169,,,,,,,,,,,,,,,,,,,,,,,,,,,,,,,,,,,,,,,,,,,,,,,,,TN
103,1a37acad51201ba77a18b0951d3a93bc8c9eebf7,0.3035562250311088,autoland,4366813,13,930eca14459531ff5483e56979276f480af08a6a,android-hw-a51-11-0-aarch64-shippable-qr,True,False,,|w|a|r|m| |w|e|b|r|e|n|d|e|r|,102210fe594ee9b33d82058545b1ed14f4c8206e,PerceptualSpeedIndex,ebay-kleinanzeigen,True,ebay-kleinanzeigen PerceptualSpeedIndex opt warm webrender,,77,ms,geckoview,,1710350160,2023-06-13 05:20:45,1256212,,,,,,,,,,,,,,,,,,,,,,,,,,,,,,,,,,,,,,,,,,,,,,,,,TN
104,c7b5ae0c3e2d58a11af3dbe818dd67837d0ff44a,0.2896063920361518,autoland,4366813,13,930eca14459531ff5483e56979276f480af08a6a,android-hw-a51-11-0-aarch64-shippable-qr,True,False,,|w|a|r|m| |w|e|b|r|e|n|d|e|r|,102210fe594ee9b33d82058545b1ed14f4c8206e,PerceptualSpeedIndex,ebay-kleinanzeigen,True,ebay-kleinanzeigen PerceptualSpeedIndex opt warm webrender,,77,ms,geckoview,,1710442593,2023-06-13 09:27:30,1256328,,,,,,,,,,,,,,,,,,,,,,,,,,,,,,,,,,,,,,,,,,,,,,,,,TN
105,2b9574ef0cc196618dae379b79b53958470216b3,0.25076953304080163,autoland,4366813,13,930eca14459531ff5483e56979276f480af08a6a,android-hw-a51-11-0-aarch64-shippable-qr,True,False,,|w|a|r|m| |w|e|b|r|e|n|d|e|r|,102210fe594ee9b33d82058545b1ed14f4c8206e,PerceptualSpeedIndex,ebay-kleinanzeigen,True,ebay-kleinanzeigen PerceptualSpeedIndex opt warm webrender,,77,ms,geckoview,,1710478014,2023-06-13 10:02:00,1256346,,,,,,,,,,,,,,,,,,,,,,,,,,,,,,,,,,,,,,,,,,,,,,,,,TN
106,8cd7aee6cae85ce9804794d4a45bc2f34aa04b66,0.25934900779356873,autoland,4366813,13,930eca14459531ff5483e56979276f480af08a6a,android-hw-a51-11-0-aarch64-shippable-qr,True,False,,|w|a|r|m| |w|e|b|r|e|n|d|e|r|,102210fe594ee9b33d82058545b1ed14f4c8206e,PerceptualSpeedIndex,ebay-kleinanzeigen,True,ebay-kleinanzeigen PerceptualSpeedIndex opt warm webrender,,77,ms,geckoview,,1710550791,2023-06-13 13:01:33,1256450,,,,,,,,,,,,,,,,,,,,,,,,,,,,,,,,,,,,,,,,,,,,,,,,,TN
107,93520e8ffd9617b46d026ea530fde0169def3a80,0.27578754338856504,autoland,4366813,13,930eca14459531ff5483e56979276f480af08a6a,android-hw-a51-11-0-aarch64-shippable-qr,True,False,,|w|a|r|m| |w|e|b|r|e|n|d|e|r|,102210fe594ee9b33d82058545b1ed14f4c8206e,PerceptualSpeedIndex,ebay-kleinanzeigen,True,ebay-kleinanzeigen PerceptualSpeedIndex opt warm webrender,,77,ms,geckoview,,1710672597,2023-06-13 16:01:20,1256570,,,,,,,,,,,,,,,,,,,,,,,,,,,,,,,,,,,,,,,,,,,,,,,,,TN
108,2d8fa86b279358b19ca794787248a9600c86ef5a,0.27159604427270945,autoland,4366813,13,930eca14459531ff5483e56979276f480af08a6a,android-hw-a51-11-0-aarch64-shippable-qr,True,False,,|w|a|r|m| |w|e|b|r|e|n|d|e|r|,102210fe594ee9b33d82058545b1ed14f4c8206e,PerceptualSpeedIndex,ebay-kleinanzeigen,True,ebay-kleinanzeigen PerceptualSpeedIndex opt warm webrender,,77,ms,geckoview,,1710747814,2023-06-13 18:36:15,1256676,,,,,,,,,,,,,,,,,,,,,,,,,,,,,,,,,,,,,,,,,,,,,,,,,TN
109,0e2078b102ffd940ea83c3a5a8b1a176bdd3a8fb,0.28115790163075516,autoland,4366813,13,930eca14459531ff5483e56979276f480af08a6a,android-hw-a51-11-0-aarch64-shippable-qr,True,False,,|w|a|r|m| |w|e|b|r|e|n|d|e|r|,102210fe594ee9b33d82058545b1ed14f4c8206e,PerceptualSpeedIndex,ebay-kleinanzeigen,True,ebay-kleinanzeigen PerceptualSpeedIndex opt warm webrender,,77,ms,geckoview,,1710850762,2023-06-13 22:49:33,1256827,,,,,,,,,,,,,,,,,,,,,,,,,,,,,,,,,,,,,,,,,,,,,,,,,TN
110,4c6c30b03e25cbd9d4dfc96f082e8cf241f51109,0.2768354181675291,autoland,4366813,13,930eca14459531ff5483e56979276f480af08a6a,android-hw-a51-11-0-aarch64-shippable-qr,True,False,,|w|a|r|m| |w|e|b|r|e|n|d|e|r|,102210fe594ee9b33d82058545b1ed14f4c8206e,PerceptualSpeedIndex,ebay-kleinanzeigen,True,ebay-kleinanzeigen PerceptualSpeedIndex opt warm webrender,,77,ms,geckoview,,1710873825,2023-06-14 00:25:00,1256858,,,,,,,,,,,,,,,,,,,,,,,,,,,,,,,,,,,,,,,,,,,,,,,,,TN
111,b9e3497b939c3bdfee632c7297184b79cfeec9cc,0.25862859388303094,autoland,4366813,13,930eca14459531ff5483e56979276f480af08a6a,android-hw-a51-11-0-aarch64-shippable-qr,True,False,,|w|a|r|m| |w|e|b|r|e|n|d|e|r|,102210fe594ee9b33d82058545b1ed14f4c8206e,PerceptualSpeedIndex,ebay-kleinanzeigen,True,ebay-kleinanzeigen PerceptualSpeedIndex opt warm webrender,,77,ms,geckoview,,1710972704,2023-06-14 05:14:15,1256948,,,,,,,,,,,,,,,,,,,,,,,,,,,,,,,,,,,,,,,,,,,,,,,,,TN
112,c6fa16c28b26a19d81b8853153057f32cec6f2fd,0.26419542864627676,autoland,4366813,13,930eca14459531ff5483e56979276f480af08a6a,android-hw-a51-11-0-aarch64-shippable-qr,True,False,,|w|a|r|m| |w|e|b|r|e|n|d|e|r|,102210fe594ee9b33d82058545b1ed14f4c8206e,PerceptualSpeedIndex,ebay-kleinanzeigen,True,ebay-kleinanzeigen PerceptualSpeedIndex opt warm webrender,,77,ms,geckoview,,1711113147,2023-06-14 11:48:24,1257091,,,,,,,,,,,,,,,,,,,,,,,,,,,,,,,,,,,,,,,,,,,,,,,,,TN
113,928a5d849e038bf4277f06519f8f7ab3c94cc7ff,0.280306503372847,autoland,4366813,13,930eca14459531ff5483e56979276f480af08a6a,android-hw-a51-11-0-aarch64-shippable-qr,True,False,,|w|a|r|m| |w|e|b|r|e|n|d|e|r|,102210fe594ee9b33d82058545b1ed14f4c8206e,PerceptualSpeedIndex,ebay-kleinanzeigen,True,ebay-kleinanzeigen PerceptualSpeedIndex opt warm webrender,,77,ms,geckoview,,1711138108,2023-06-14 13:20:02,1257127,,,,,,,,,,,,,,,,,,,,,,,,,,,,,,,,,,,,,,,,,,,,,,,,,TN
114,933dd3c3e1c8beb677df8e4d51b1e99b41599f65,0.27081013818848654,autoland,4366813,13,930eca14459531ff5483e56979276f480af08a6a,android-hw-a51-11-0-aarch64-shippable-qr,True,False,,|w|a|r|m| |w|e|b|r|e|n|d|e|r|,102210fe594ee9b33d82058545b1ed14f4c8206e,PerceptualSpeedIndex,ebay-kleinanzeigen,True,ebay-kleinanzeigen PerceptualSpeedIndex opt warm webrender,,77,ms,geckoview,,1711374566,2023-06-14 17:41:50,1257281,,,,,,,,,,,,,,,,,,,,,,,,,,,,,,,,,,,,,,,,,,,,,,,,,TN
115,d730841eed9459e5541190a9525313fb1ff98e75,0.25024559565131965,autoland,4366813,13,930eca14459531ff5483e56979276f480af08a6a,android-hw-a51-11-0-aarch64-shippable-qr,True,False,,|w|a|r|m| |w|e|b|r|e|n|d|e|r|,102210fe594ee9b33d82058545b1ed14f4c8206e,PerceptualSpeedIndex,ebay-kleinanzeigen,True,ebay-kleinanzeigen PerceptualSpeedIndex opt warm webrender,,77,ms,geckoview,,1711404783,2023-06-14 18:25:51,1257330,,,,,,,,,,,,,,,,,,,,,,,,,,,,,,,,,,,,,,,,,,,,,,,,,TN
116,ff79aa6f7ba8605e7ea59acddd521284f75136e4,0.2671425764621127,autoland,4366813,13,930eca14459531ff5483e56979276f480af08a6a,android-hw-a51-11-0-aarch64-shippable-qr,True,False,,|w|a|r|m| |w|e|b|r|e|n|d|e|r|,102210fe594ee9b33d82058545b1ed14f4c8206e,PerceptualSpeedIndex,ebay-kleinanzeigen,True,ebay-kleinanzeigen PerceptualSpeedIndex opt warm webrender,,77,ms,geckoview,,1711455735,2023-06-14 20:09:05,1257422,,,,,,,,,,,,,,,,,,,,,,,,,,,,,,,,,,,,,,,,,,,,,,,,,TN
117,4b1c6fc1fc0f3e664d546c4bf5c24f0c157bc2c5,0.26530879559892595,autoland,4366813,13,930eca14459531ff5483e56979276f480af08a6a,android-hw-a51-11-0-aarch64-shippable-qr,True,False,,|w|a|r|m| |w|e|b|r|e|n|d|e|r|,102210fe594ee9b33d82058545b1ed14f4c8206e,PerceptualSpeedIndex,ebay-kleinanzeigen,True,ebay-kleinanzeigen PerceptualSpeedIndex opt warm webrender,,77,ms,geckoview,,1711557519,2023-06-14 21:46:45,1257512,,,,,,,,,,,,,,,,,,,,,,,,,,,,,,,,,,,,,,,,,,,,,,,,,TN
118,53e8e97bbe4e0c8fc4deff56e5b8d03391c0c023,0.25155543912502454,autoland,4366813,13,930eca14459531ff5483e56979276f480af08a6a,android-hw-a51-11-0-aarch64-shippable-qr,True,False,,|w|a|r|m| |w|e|b|r|e|n|d|e|r|,102210fe594ee9b33d82058545b1ed14f4c8206e,PerceptualSpeedIndex,ebay-kleinanzeigen,True,ebay-kleinanzeigen PerceptualSpeedIndex opt warm webrender,,77,ms,geckoview,,1711642010,2023-06-15 01:50:09,1257663,,,,,,,,,,,,,,,,,,,,,,,,,,,,,,,,,,,,,,,,,,,,,,,,,TN
119,abf8f424d2d09f957d7ecd02af086a9b7adde3f8,0.25404414172506384,autoland,4366813,13,930eca14459531ff5483e56979276f480af08a6a,android-hw-a51-11-0-aarch64-shippable-qr,True,False,,|w|a|r|m| |w|e|b|r|e|n|d|e|r|,102210fe594ee9b33d82058545b1ed14f4c8206e,PerceptualSpeedIndex,ebay-kleinanzeigen,True,ebay-kleinanzeigen PerceptualSpeedIndex opt warm webrender,,77,ms,geckoview,,1711656255,2023-06-15 02:43:47,1257688,,,,,,,,,,,,,,,,,,,,,,,,,,,,,,,,,,,,,,,,,,,,,,,,,TN
120,900ba46a6df5d5b6dde0d5de391246157de49c8a,0.27467417643591585,autoland,4366813,13,930eca14459531ff5483e56979276f480af08a6a,android-hw-a51-11-0-aarch64-shippable-qr,True,False,,|w|a|r|m| |w|e|b|r|e|n|d|e|r|,102210fe594ee9b33d82058545b1ed14f4c8206e,PerceptualSpeedIndex,ebay-kleinanzeigen,True,ebay-kleinanzeigen PerceptualSpeedIndex opt warm webrender,,77,ms,geckoview,,1711764266,2023-06-15 06:54:30,1257783,,,,,,,,,,,,,,,,,,,,,,,,,,,,,,,,,,,,,,,,,,,,,,,,,TN
121,86864bda9b5f7077819eb76b661bcefb89fd19fa,0.2926845241993582,autoland,4366813,13,930eca14459531ff5483e56979276f480af08a6a,android-hw-a51-11-0-aarch64-shippable-qr,True,False,,|w|a|r|m| |w|e|b|r|e|n|d|e|r|,102210fe594ee9b33d82058545b1ed14f4c8206e,PerceptualSpeedIndex,ebay-kleinanzeigen,True,ebay-kleinanzeigen PerceptualSpeedIndex opt warm webrender,,77,ms,geckoview,,1711843704,2023-06-15 10:33:37,1257909,,,,,,,,,,,,,,,,,,,,,,,,,,,,,,,,,,,,,,,,,,,,,,,,,TN
122,02d601db620c1b64867202e025ce19938938a04f,0.25751522693038187,autoland,4366813,13,930eca14459531ff5483e56979276f480af08a6a,android-hw-a51-11-0-aarch64-shippable-qr,True,False,,|w|a|r|m| |w|e|b|r|e|n|d|e|r|,102210fe594ee9b33d82058545b1ed14f4c8206e,PerceptualSpeedIndex,ebay-kleinanzeigen,True,ebay-kleinanzeigen PerceptualSpeedIndex opt warm webrender,,77,ms,geckoview,,1712047979,2023-06-15 14:40:40,1258053,,,,,,,,,,,,,,,,,,,,,,,,,,,,,,,,,,,,,,,,,,,,,,,,,TN
123,c71789b596556b921a7d6ce12b4102f252631c4b,0.2943873207151746,autoland,4366813,13,930eca14459531ff5483e56979276f480af08a6a,android-hw-a51-11-0-aarch64-shippable-qr,True,False,,|w|a|r|m| |w|e|b|r|e|n|d|e|r|,102210fe594ee9b33d82058545b1ed14f4c8206e,PerceptualSpeedIndex,ebay-kleinanzeigen,True,ebay-kleinanzeigen PerceptualSpeedIndex opt warm webrender,,77,ms,geckoview,,1712089754,2023-06-15 14:52:05,1258066,,,,,,,,,,,,,,,,,,,,,,,,,,,,,,,,,,,,,,,,,,,,,,,,,TN
124,91738dd5bb441001f7837d0cae71c0be46925602,0.3108258563101709,autoland,4366813,13,930eca14459531ff5483e56979276f480af08a6a,android-hw-a51-11-0-aarch64-shippable-qr,True,False,,|w|a|r|m| |w|e|b|r|e|n|d|e|r|,102210fe594ee9b33d82058545b1ed14f4c8206e,PerceptualSpeedIndex,ebay-kleinanzeigen,True,ebay-kleinanzeigen PerceptualSpeedIndex opt warm webrender,,77,ms,geckoview,,1712133290,2023-06-15 17:49:05,1258216,,,,,,,,,,,,,,,,,,,,,,,,,,,,,,,,,,,,,,,,,,,,,,,,,TN
125,ba00fe639072b671be556332e4628092d64d31df,0.2629510773462572,autoland,4366813,13,930eca14459531ff5483e56979276f480af08a6a,android-hw-a51-11-0-aarch64-shippable-qr,True,False,,|w|a|r|m| |w|e|b|r|e|n|d|e|r|,102210fe594ee9b33d82058545b1ed14f4c8206e,PerceptualSpeedIndex,ebay-kleinanzeigen,True,ebay-kleinanzeigen PerceptualSpeedIndex opt warm webrender,,77,ms,geckoview,,1712212013,2023-06-15 20:51:19,1258374,,,,,,,,,,,,,,,,,,,,,,,,,,,,,,,,,,,,,,,,,,,,,,,,,TN
126,6bc2d3f9b1aaecde92c9388f00f3d564d136d00a,0.24598860436177872,autoland,4366813,13,930eca14459531ff5483e56979276f480af08a6a,android-hw-a51-11-0-aarch64-shippable-qr,True,False,,|w|a|r|m| |w|e|b|r|e|n|d|e|r|,102210fe594ee9b33d82058545b1ed14f4c8206e,PerceptualSpeedIndex,ebay-kleinanzeigen,True,ebay-kleinanzeigen PerceptualSpeedIndex opt warm webrender,,77,ms,geckoview,,1712315314,2023-06-16 01:17:42,1258594,,,,,,,,,,,,,,,,,,,,,,,,,,,,,,,,,,,,,,,,,,,,,,,,,TN
127,6a640a4dd3245b82ce97d863bf842b0cd4089ce5,0.24264850350383138,autoland,4366813,13,930eca14459531ff5483e56979276f480af08a6a,android-hw-a51-11-0-aarch64-shippable-qr,True,False,,|w|a|r|m| |w|e|b|r|e|n|d|e|r|,102210fe594ee9b33d82058545b1ed14f4c8206e,PerceptualSpeedIndex,ebay-kleinanzeigen,True,ebay-kleinanzeigen PerceptualSpeedIndex opt warm webrender,,77,ms,geckoview,,1712422413,2023-06-16 06:01:05,1258674,,,,,,,,,,,,,,,,,,,,,,,,,,,,,,,,,,,,,,,,,,,,,,,,,TN
128,34ee66e105968b161583947185cad1fcebdc6641,0.2762459886043618,autoland,4366813,13,930eca14459531ff5483e56979276f480af08a6a,android-hw-a51-11-0-aarch64-shippable-qr,True,False,,|w|a|r|m| |w|e|b|r|e|n|d|e|r|,102210fe594ee9b33d82058545b1ed14f4c8206e,PerceptualSpeedIndex,ebay-kleinanzeigen,True,ebay-kleinanzeigen PerceptualSpeedIndex opt warm webrender,,77,ms,geckoview,,1712486045,2023-06-16 08:20:05,1258718,,,,,,,,,,,,,,,,,,,,,,,,,,,,,,,,,,,,,,,,,,,,,,,,,TN
129,439d02859a2ebe8406cb74f8d6c7b148011d1658,0.25483004780928675,autoland,4366813,13,930eca14459531ff5483e56979276f480af08a6a,android-hw-a51-11-0-aarch64-shippable-qr,True,False,,|w|a|r|m| |w|e|b|r|e|n|d|e|r|,102210fe594ee9b33d82058545b1ed14f4c8206e,PerceptualSpeedIndex,ebay-kleinanzeigen,True,ebay-kleinanzeigen PerceptualSpeedIndex opt warm webrender,,77,ms,geckoview,,1712678324,2023-06-16 12:30:26,1258826,,,,,,,,,,,,,,,,,,,,,,,,,,,,,,,,,,,,,,,,,,,,,,,,,TN
130,1d8c3788eb6fa2e81d627829a32004244d0271df,0.2480188617460214,autoland,4366813,13,930eca14459531ff5483e56979276f480af08a6a,android-hw-a51-11-0-aarch64-shippable-qr,True,False,,|w|a|r|m| |w|e|b|r|e|n|d|e|r|,102210fe594ee9b33d82058545b1ed14f4c8206e,PerceptualSpeedIndex,ebay-kleinanzeigen,True,ebay-kleinanzeigen PerceptualSpeedIndex opt warm webrender,,77,ms,geckoview,,1712845801,2023-06-16 14:03:27,1258891,,,,,,,,,,,,,,,,,,,,,,,,,,,,,,,,,,,,,,,,,,,,,,,,,TN
131,e59de52b8ebea2db606a46a888a941400375fe0f,0.2852184163992404,autoland,4366813,13,930eca14459531ff5483e56979276f480af08a6a,android-hw-a51-11-0-aarch64-shippable-qr,True,False,,|w|a|r|m| |w|e|b|r|e|n|d|e|r|,102210fe594ee9b33d82058545b1ed14f4c8206e,PerceptualSpeedIndex,ebay-kleinanzeigen,True,ebay-kleinanzeigen PerceptualSpeedIndex opt warm webrender,,77,ms,geckoview,,1712894256,2023-06-16 16:55:49,1259018,,,,,,,,,,,,,,,,,,,,,,,,,,,,,,,,,,,,,,,,,,,,,,,,,TN
132,789349491e2fe15a39f350fe470db7d696989434,0.2963520859257319,autoland,4366813,13,930eca14459531ff5483e56979276f480af08a6a,android-hw-a51-11-0-aarch64-shippable-qr,True,False,,|w|a|r|m| |w|e|b|r|e|n|d|e|r|,102210fe594ee9b33d82058545b1ed14f4c8206e,PerceptualSpeedIndex,ebay-kleinanzeigen,True,ebay-kleinanzeigen PerceptualSpeedIndex opt warm webrender,,77,ms,geckoview,,1712981634,2023-06-16 19:50:08,1259157,,,,,,,,,,,,,,,,,,,,,,,,,,,,,,,,,,,,,,,,,,,,,,,,,TN
133,901b7ccc8be5e49a1b9736555af9653d46de349e,0.28495644770449935,autoland,4366813,13,930eca14459531ff5483e56979276f480af08a6a,android-hw-a51-11-0-aarch64-shippable-qr,True,False,,|w|a|r|m| |w|e|b|r|e|n|d|e|r|,102210fe594ee9b33d82058545b1ed14f4c8206e,PerceptualSpeedIndex,ebay-kleinanzeigen,True,ebay-kleinanzeigen PerceptualSpeedIndex opt warm webrender,,77,ms,geckoview,,1713053248,2023-06-17 00:30:00,1259314,,,,,,,,,,,,,,,,,,,,,,,,,,,,,,,,,,,,,,,,,,,,,,,,,TN
134,e0262ee6a9a7a642c11266a1e9cfa4bc3fbd4b3b,0.24127316785644115,autoland,4366813,13,930eca14459531ff5483e56979276f480af08a6a,android-hw-a51-11-0-aarch64-shippable-qr,True,False,,|w|a|r|m| |w|e|b|r|e|n|d|e|r|,102210fe594ee9b33d82058545b1ed14f4c8206e,PerceptualSpeedIndex,ebay-kleinanzeigen,True,ebay-kleinanzeigen PerceptualSpeedIndex opt warm webrender,,77,ms,geckoview,,1713223997,2023-06-17 15:38:59,1259384,,,,,,,,,,,,,,,,,,,,,,,,,,,,,,,,,,,,,,,,,,,,,,,,,TN
135,72d2cda2651d8fe01c8649f60e0620bc794a87fe,0.26282009299888665,autoland,4366813,13,930eca14459531ff5483e56979276f480af08a6a,android-hw-a51-11-0-aarch64-shippable-qr,True,False,,|w|a|r|m| |w|e|b|r|e|n|d|e|r|,102210fe594ee9b33d82058545b1ed14f4c8206e,PerceptualSpeedIndex,ebay-kleinanzeigen,True,ebay-kleinanzeigen PerceptualSpeedIndex opt warm webrender,,77,ms,geckoview,,1713337107,2023-06-17 23:38:11,1259423,,,,,,,,,,,,,,,,,,,,,,,,,,,,,,,,,,,,,,,,,,,,,,,,,TN
136,1634cff61cb0e270b9660ebdc234cfcf3fed2c68,0.2628855851725719,autoland,4366813,13,930eca14459531ff5483e56979276f480af08a6a,android-hw-a51-11-0-aarch64-shippable-qr,True,False,,|w|a|r|m| |w|e|b|r|e|n|d|e|r|,102210fe594ee9b33d82058545b1ed14f4c8206e,PerceptualSpeedIndex,ebay-kleinanzeigen,True,ebay-kleinanzeigen PerceptualSpeedIndex opt warm webrender,,77,ms,geckoview,,1713472183,2023-06-18 11:39:33,1259465,,,,,,,,,,,,,,,,,,,,,,,,,,,,,,,,,,,,,,,,,,,,,,,,,TN
137,1c059369d43547f90439b0a44cc76b54a0a3af97,0.2725129347043028,autoland,4366813,13,930eca14459531ff5483e56979276f480af08a6a,android-hw-a51-11-0-aarch64-shippable-qr,True,False,,|w|a|r|m| |w|e|b|r|e|n|d|e|r|,102210fe594ee9b33d82058545b1ed14f4c8206e,PerceptualSpeedIndex,ebay-kleinanzeigen,True,ebay-kleinanzeigen PerceptualSpeedIndex opt warm webrender,,77,ms,geckoview,,1713702005,2023-06-19 00:32:35,1259516,,,,,,,,,,,,,,,,,,,,,,,,,,,,,,,,,,,,,,,,,,,,,,,,,TN
138,a9e342522ebdb9602671208a06e988a285d3af18,0.27618049643067666,autoland,4366813,13,930eca14459531ff5483e56979276f480af08a6a,android-hw-a51-11-0-aarch64-shippable-qr,True,False,,|w|a|r|m| |w|e|b|r|e|n|d|e|r|,102210fe594ee9b33d82058545b1ed14f4c8206e,PerceptualSpeedIndex,ebay-kleinanzeigen,True,ebay-kleinanzeigen PerceptualSpeedIndex opt warm webrender,,77,ms,geckoview,,1713772983,2023-06-19 05:49:35,1259544,,,,,,,,,,,,,,,,,,,,,,,,,,,,,,,,,,,,,,,,,,,,,,,,,TN
139,0274a8c06c67e5ee1dccdb4e151ccf0ec70af43f,0.2524068373829327,autoland,4366813,13,930eca14459531ff5483e56979276f480af08a6a,android-hw-a51-11-0-aarch64-shippable-qr,True,False,,|w|a|r|m| |w|e|b|r|e|n|d|e|r|,102210fe594ee9b33d82058545b1ed14f4c8206e,PerceptualSpeedIndex,ebay-kleinanzeigen,True,ebay-kleinanzeigen PerceptualSpeedIndex opt warm webrender,,77,ms,geckoview,,1713951231,2023-06-19 09:32:15,1259616,,,,,,,,,,,,,,,,,,,,,,,,,,,,,,,,,,,,,,,,,,,,,,,,,TN
140,89c8bf4e9209c0c4b1eb87efab68e96d6dbf8145,0.2620996790883491,autoland,4366813,13,930eca14459531ff5483e56979276f480af08a6a,android-hw-a51-11-0-aarch64-shippable-qr,True,False,,|w|a|r|m| |w|e|b|r|e|n|d|e|r|,102210fe594ee9b33d82058545b1ed14f4c8206e,PerceptualSpeedIndex,ebay-kleinanzeigen,True,ebay-kleinanzeigen PerceptualSpeedIndex opt warm webrender,,77,ms,geckoview,,1713982648,2023-06-19 13:01:53,1259739,,,,,,,,,,,,,,,,,,,,,,,,,,,,,,,,,,,,,,,,,,,,,,,,,TN
141,9ecde3181716f5d8ad265d976575224cc04b2887,0.26412993647259153,autoland,4366813,13,930eca14459531ff5483e56979276f480af08a6a,android-hw-a51-11-0-aarch64-shippable-qr,True,False,,|w|a|r|m| |w|e|b|r|e|n|d|e|r|,102210fe594ee9b33d82058545b1ed14f4c8206e,PerceptualSpeedIndex,ebay-kleinanzeigen,True,ebay-kleinanzeigen PerceptualSpeedIndex opt warm webrender,,77,ms,geckoview,,1714070963,2023-06-19 16:21:16,1259851,,,,,,,,,,,,,,,,,,,,,,,,,,,,,,,,,,,,,,,,,,,,,,,,,TN
142,e06365982ef6b00590cb160ebe9f4978558d1052,0.28377758857816493,autoland,4366813,13,930eca14459531ff5483e56979276f480af08a6a,android-hw-a51-11-0-aarch64-shippable-qr,True,False,,|w|a|r|m| |w|e|b|r|e|n|d|e|r|,102210fe594ee9b33d82058545b1ed14f4c8206e,PerceptualSpeedIndex,ebay-kleinanzeigen,True,ebay-kleinanzeigen PerceptualSpeedIndex opt warm webrender,,77,ms,geckoview,,1714132711,2023-06-19 19:03:14,1259928,,,,,,,,,,,,,,,,,,,,,,,,,,,,,,,,,,,,,,,,,,,,,,,,,TN
143,edef1940a6bd4d95b235e43b1cada493f561f78a,0.2558779225882508,autoland,4366813,13,930eca14459531ff5483e56979276f480af08a6a,android-hw-a51-11-0-aarch64-shippable-qr,True,False,,|w|a|r|m| |w|e|b|r|e|n|d|e|r|,102210fe594ee9b33d82058545b1ed14f4c8206e,PerceptualSpeedIndex,ebay-kleinanzeigen,True,ebay-kleinanzeigen PerceptualSpeedIndex opt warm webrender,,77,ms,geckoview,,1714213674,2023-06-19 23:03:46,1260042,,,,,,,,,,,,,,,,,,,,,,,,,,,,,,,,,,,,,,,,,,,,,,,,,TN
144,a4b679a79f2fa00877013dfcc1a886078d728328,0.26373698343048013,autoland,4366813,13,930eca14459531ff5483e56979276f480af08a6a,android-hw-a51-11-0-aarch64-shippable-qr,True,False,,|w|a|r|m| |w|e|b|r|e|n|d|e|r|,102210fe594ee9b33d82058545b1ed14f4c8206e,PerceptualSpeedIndex,ebay-kleinanzeigen,True,ebay-kleinanzeigen PerceptualSpeedIndex opt warm webrender,,77,ms,geckoview,,1714376105,2023-06-20 04:00:20,1260102,,,,,,,,,,,,,,,,,,,,,,,,,,,,,,,,,,,,,,,,,,,,,,,,,TN
145,ce5a84713c8b968709940f18f143d251da4fcb83,0.2875106424782239,autoland,4366813,13,930eca14459531ff5483e56979276f480af08a6a,android-hw-a51-11-0-aarch64-shippable-qr,True,False,,|w|a|r|m| |w|e|b|r|e|n|d|e|r|,102210fe594ee9b33d82058545b1ed14f4c8206e,PerceptualSpeedIndex,ebay-kleinanzeigen,True,ebay-kleinanzeigen PerceptualSpeedIndex opt warm webrender,,77,ms,geckoview,,1714401381,2023-06-20 05:17:25,1260124,,,,,,,,,,,,,,,,,,,,,,,,,,,,,,,,,,,,,,,,,,,,,,,,,TN
146,caf02cdd31992e89c9bd81c5ec4d391070651f3a,0.2594799921409392,autoland,4366813,13,930eca14459531ff5483e56979276f480af08a6a,android-hw-a51-11-0-aarch64-shippable-qr,True,False,,|w|a|r|m| |w|e|b|r|e|n|d|e|r|,102210fe594ee9b33d82058545b1ed14f4c8206e,PerceptualSpeedIndex,ebay-kleinanzeigen,True,ebay-kleinanzeigen PerceptualSpeedIndex opt warm webrender,,77,ms,geckoview,,1714506320,2023-06-20 09:18:46,1260213,,,,,,,,,,,,,,,,,,,,,,,,,,,,,,,,,,,,,,,,,,,,,,,,,TN
147,5ade2b37847325019878bde832493c342759d7eb,0.25830113301460467,autoland,4366813,13,930eca14459531ff5483e56979276f480af08a6a,android-hw-a51-11-0-aarch64-shippable-qr,True,False,,|w|a|r|m| |w|e|b|r|e|n|d|e|r|,102210fe594ee9b33d82058545b1ed14f4c8206e,PerceptualSpeedIndex,ebay-kleinanzeigen,True,ebay-kleinanzeigen PerceptualSpeedIndex opt warm webrender,,77,ms,geckoview,,1714747645,2023-06-20 12:29:52,1260284,,,,,,,,,,,,,,,,,,,,,,,,,,,,,,,,,,,,,,,,,,,,,,,,,TN
148,1877c1e6db6f8a23c52ab9238c7f62d0b696f0ce,0.08533630231187372,autoland,4366813,13,930eca14459531ff5483e56979276f480af08a6a,android-hw-a51-11-0-aarch64-shippable-qr,True,False,,|w|a|r|m| |w|e|b|r|e|n|d|e|r|,102210fe594ee9b33d82058545b1ed14f4c8206e,PerceptualSpeedIndex,ebay-kleinanzeigen,True,ebay-kleinanzeigen PerceptualSpeedIndex opt warm webrender,,77,ms,geckoview,,1714901052,2023-06-20 16:34:00,1260512,1011.78,mozilla-ldap/cpeterson@mozilla.com,5ade2b37847325019878bde832493c342759d7eb,38826.0,21.58,1290.23,2023-06-23 06:09:23.075060,13.0,13.0,,|177347|177349|177339|177348|177418|177420|177422|177424|177503|177505|177507|177509|177511|177566|177567|177569|177571|177587|177589|177591|177594|177596|177598|177599|177605|177607|177609|177611|177613|177615|177618|177669|177680|177682|177685|177692|177694|177721|177723|177760|177765|177766|177767|177768|177769|177771|177777|177844|178156|178157|178171|178172|177417|177419|177421|177423|177502|177504|177506|177508|177510|177512|177568|177570|177572|177586|177588|177590|177592|177593|177595|177597|177600|177606|177608|177610|177612|177614|177616|177617|177620|177681|177683|177684|177686|177691|177693|177720|177722|,,1260284.0,4.0,4.0,mozilla-ldap/cpeterson@mozilla.com,,1812589.0,2023-06-29 07:53:17.318112,,1.0,-278.46,177546.0,,,38826.0,,False,False,cpeterson@mozilla.com,,,cpeterson@mozilla.com,2023-06-22 07:53:17.318112,,,OK,,2023-06-24 00:07:07.705516,,,False,,49.83,ebay-kleinanzeigen,,"warm, webrender",2023-06-27 07:53:17.318112,TP
149,2ad5c2418b372960126440af5aa568104de3bfb8,0.08173423275918534,autoland,4366813,13,930eca14459531ff5483e56979276f480af08a6a,android-hw-a51-11-0-aarch64-shippable-qr,True,False,,|w|a|r|m| |w|e|b|r|e|n|d|e|r|,102210fe594ee9b33d82058545b1ed14f4c8206e,PerceptualSpeedIndex,ebay-kleinanzeigen,True,ebay-kleinanzeigen PerceptualSpeedIndex opt warm webrender,,77,ms,geckoview,,1714929577,2023-06-20 16:35:53,1260515,,,,,,,,,,,,,,,,,,,,,,,,,,,,,,,,,,,,,,,,,,,,,,,,,TN
150,143aa1574b8d50e4d2ddd1a2826b25a8418f13c1,0.0706005632326937,autoland,4366813,13,930eca14459531ff5483e56979276f480af08a6a,android-hw-a51-11-0-aarch64-shippable-qr,True,False,,|w|a|r|m| |w|e|b|r|e|n|d|e|r|,102210fe594ee9b33d82058545b1ed14f4c8206e,PerceptualSpeedIndex,ebay-kleinanzeigen,True,ebay-kleinanzeigen PerceptualSpeedIndex opt warm webrender,,77,ms,geckoview,,1715272871,2023-06-21 00:51:29,1260862,,,,,,,,,,,,,,,,,,,,,,,,,,,,,,,,,,,,,,,,,,,,,,,,,TN
151,7bdf45ed2f6b565e69fdbc44285af78de3271a4e,0.0904446918593228,autoland,4366813,13,930eca14459531ff5483e56979276f480af08a6a,android-hw-a51-11-0-aarch64-shippable-qr,True,False,,|w|a|r|m| |w|e|b|r|e|n|d|e|r|,102210fe594ee9b33d82058545b1ed14f4c8206e,PerceptualSpeedIndex,ebay-kleinanzeigen,True,ebay-kleinanzeigen PerceptualSpeedIndex opt warm webrender,,77,ms,geckoview,,1715324071,2023-06-21 02:28:11,1260905,,,,,,,,,,,,,,,,,,,,,,,,,,,,,,,,,,,,,,,,,,,,,,,,,TN
152,8a382f0bd3211346516d54c647d157320335a806,0.08487785709607698,autoland,4366813,13,930eca14459531ff5483e56979276f480af08a6a,android-hw-a51-11-0-aarch64-shippable-qr,True,False,,|w|a|r|m| |w|e|b|r|e|n|d|e|r|,102210fe594ee9b33d82058545b1ed14f4c8206e,PerceptualSpeedIndex,ebay-kleinanzeigen,True,ebay-kleinanzeigen PerceptualSpeedIndex opt warm webrender,,77,ms,geckoview,,1715432900,2023-06-21 06:55:17,1260969,,,,,,,,,,,,,,,,,,,,,,,,,,,,,,,,,,,,,,,,,,,,,,,,,TN
153,4c90403735bebf09d72af91e99745cfcbbae2a35,0.08933132490667373,autoland,4366813,13,930eca14459531ff5483e56979276f480af08a6a,android-hw-a51-11-0-aarch64-shippable-qr,True,False,,|w|a|r|m| |w|e|b|r|e|n|d|e|r|,102210fe594ee9b33d82058545b1ed14f4c8206e,PerceptualSpeedIndex,ebay-kleinanzeigen,True,ebay-kleinanzeigen PerceptualSpeedIndex opt warm webrender,,77,ms,geckoview,,1715451215,2023-06-21 07:34:24,1260998,,,,,,,,,,,,,,,,,,,,,,,,,,,,,,,,,,,,,,,,,,,,,,,,,TN
154,14edc9bcbe5615f748cdb086881c6b983aedf04d,0.08579474752767047,autoland,4366813,13,930eca14459531ff5483e56979276f480af08a6a,android-hw-a51-11-0-aarch64-shippable-qr,True,False,,|w|a|r|m| |w|e|b|r|e|n|d|e|r|,102210fe594ee9b33d82058545b1ed14f4c8206e,PerceptualSpeedIndex,ebay-kleinanzeigen,True,ebay-kleinanzeigen PerceptualSpeedIndex opt warm webrender,,77,ms,geckoview,,1715635887,2023-06-21 12:20:35,1261182,,,,,,,,,,,,,,,,,,,,,,,,,,,,,,,,,,,,,,,,,,,,,,,,,TN
155,b94f3d418f54f964368486a65cd5d15e828867db,0.0929333944593621,autoland,4366813,13,930eca14459531ff5483e56979276f480af08a6a,android-hw-a51-11-0-aarch64-shippable-qr,True,False,,|w|a|r|m| |w|e|b|r|e|n|d|e|r|,102210fe594ee9b33d82058545b1ed14f4c8206e,PerceptualSpeedIndex,ebay-kleinanzeigen,True,ebay-kleinanzeigen PerceptualSpeedIndex opt warm webrender,,77,ms,geckoview,,1715644151,2023-06-21 12:59:17,1261207,,,,,,,,,,,,,,,,,,,,,,,,,,,,,,,,,,,,,,,,,,,,,,,,,TN
156,702dc0aa87a8c3e4929277c1dc8220a7dd72418f,0.07865610059597872,autoland,4366813,13,930eca14459531ff5483e56979276f480af08a6a,android-hw-a51-11-0-aarch64-shippable-qr,True,False,,|w|a|r|m| |w|e|b|r|e|n|d|e|r|,102210fe594ee9b33d82058545b1ed14f4c8206e,PerceptualSpeedIndex,ebay-kleinanzeigen,True,ebay-kleinanzeigen PerceptualSpeedIndex opt warm webrender,,77,ms,geckoview,,1715791930,2023-06-21 16:33:07,1261278,,,,,,,,,,,,,,,,,,,,,,,,,,,,,,,,,,,,,,,,,,,,,,,,,TN
157,78880280c2765ec0520ece3184fc8fdbac5b5356,0.08710459100137535,autoland,4366813,13,930eca14459531ff5483e56979276f480af08a6a,android-hw-a51-11-0-aarch64-shippable-qr,True,False,,|w|a|r|m| |w|e|b|r|e|n|d|e|r|,102210fe594ee9b33d82058545b1ed14f4c8206e,PerceptualSpeedIndex,ebay-kleinanzeigen,True,ebay-kleinanzeigen PerceptualSpeedIndex opt warm webrender,,77,ms,geckoview,,1715936436,2023-06-21 20:43:57,1261541,,,,,,,,,,,,,,,,,,,,,,,,,,,,,,,,,,,,,,,,,,,,,,,,,TN
158,109834499ca10a69681c6868a23ec828dcf160cf,0.07747724146964441,autoland,4366813,13,930eca14459531ff5483e56979276f480af08a6a,android-hw-a51-11-0-aarch64-shippable-qr,True,False,,|w|a|r|m| |w|e|b|r|e|n|d|e|r|,102210fe594ee9b33d82058545b1ed14f4c8206e,PerceptualSpeedIndex,ebay-kleinanzeigen,True,ebay-kleinanzeigen PerceptualSpeedIndex opt warm webrender,,77,ms,geckoview,,1716023079,2023-06-22 00:43:42,1261782,,,,,,,,,,,,,,,,,,,,,,,,,,,,,,,,,,,,,,,,,,,,,,,,,TN
159,57884604206ce9bb39718006eac660e6e32e5044,0.08618770056978187,autoland,4366813,13,930eca14459531ff5483e56979276f480af08a6a,android-hw-a51-11-0-aarch64-shippable-qr,True,False,,|w|a|r|m| |w|e|b|r|e|n|d|e|r|,102210fe594ee9b33d82058545b1ed14f4c8206e,PerceptualSpeedIndex,ebay-kleinanzeigen,True,ebay-kleinanzeigen PerceptualSpeedIndex opt warm webrender,,77,ms,geckoview,,1716089663,2023-06-22 05:48:27,1261863,,,,,,,,,,,,,,,,,,,,,,,,,,,,,,,,,,,,,,,,,,,,,,,,,TN
160,45769d7ff3c64d7abfcfedd8f05bb7dcb442270c,0.08684262230663431,autoland,4366813,13,930eca14459531ff5483e56979276f480af08a6a,android-hw-a51-11-0-aarch64-shippable-qr,True,False,,|w|a|r|m| |w|e|b|r|e|n|d|e|r|,102210fe594ee9b33d82058545b1ed14f4c8206e,PerceptualSpeedIndex,ebay-kleinanzeigen,True,ebay-kleinanzeigen PerceptualSpeedIndex opt warm webrender,,77,ms,geckoview,,1716124925,2023-06-22 07:29:35,1261886,,,,,,,,,,,,,,,,,,,,,,,,,,,,,,,,,,,,,,,,,,,,,,,,,TN
161,3d85ee9f4f736ebc38b26fed33c8681bb512aa92,0.0740061562643265,autoland,4366813,13,930eca14459531ff5483e56979276f480af08a6a,android-hw-a51-11-0-aarch64-shippable-qr,True,False,,|w|a|r|m| |w|e|b|r|e|n|d|e|r|,102210fe594ee9b33d82058545b1ed14f4c8206e,PerceptualSpeedIndex,ebay-kleinanzeigen,True,ebay-kleinanzeigen PerceptualSpeedIndex opt warm webrender,,77,ms,geckoview,,1716228662,2023-06-22 11:39:08,1262053,,,,,,,,,,,,,,,,,,,,,,,,,,,,,,,,,,,,,,,,,,,,,,,,,TN
162,b9e51e69d0451a93822b61cc15d72666124f02dd,0.08749754404348675,autoland,4366813,13,930eca14459531ff5483e56979276f480af08a6a,android-hw-a51-11-0-aarch64-shippable-qr,True,False,,|w|a|r|m| |w|e|b|r|e|n|d|e|r|,102210fe594ee9b33d82058545b1ed14f4c8206e,PerceptualSpeedIndex,ebay-kleinanzeigen,True,ebay-kleinanzeigen PerceptualSpeedIndex opt warm webrender,,77,ms,geckoview,,1716387757,2023-06-22 14:41:02,1262179,,,,,,,,,,,,,,,,,,,,,,,,,,,,,,,,,,,,,,,,,,,,,,,,,TN
163,9a98c67180c5914db4ca78d4fc36d6d0721d24a9,0.07839413190123778,autoland,4366813,13,930eca14459531ff5483e56979276f480af08a6a,android-hw-a51-11-0-aarch64-shippable-qr,True,False,,|w|a|r|m| |w|e|b|r|e|n|d|e|r|,102210fe594ee9b33d82058545b1ed14f4c8206e,PerceptualSpeedIndex,ebay-kleinanzeigen,True,ebay-kleinanzeigen PerceptualSpeedIndex opt warm webrender,,77,ms,geckoview,,1716485345,2023-06-22 18:48:21,1262325,,,,,,,,,,,,,,,,,,,,,,,,,,,,,,,,,,,,,,,,,,,,,,,,,TN
164,4b261191412d4972eaab59ddb358f2eef865280d,0.0873665596961164,autoland,4366813,13,930eca14459531ff5483e56979276f480af08a6a,android-hw-a51-11-0-aarch64-shippable-qr,True,False,,|w|a|r|m| |w|e|b|r|e|n|d|e|r|,102210fe594ee9b33d82058545b1ed14f4c8206e,PerceptualSpeedIndex,ebay-kleinanzeigen,True,ebay-kleinanzeigen PerceptualSpeedIndex opt warm webrender,,77,ms,geckoview,,1716467206,2023-06-22 19:02:55,1262337,,,,,,,,,,,,,,,,,,,,,,,,,,,,,,,,,,,,,,,,,,,,,,,,,TN
165,ec702239c313d37f8ee8d6b4d9b78aba8d4b6580,0.08219267797498209,autoland,4366813,13,930eca14459531ff5483e56979276f480af08a6a,android-hw-a51-11-0-aarch64-shippable-qr,True,False,,|w|a|r|m| |w|e|b|r|e|n|d|e|r|,102210fe594ee9b33d82058545b1ed14f4c8206e,PerceptualSpeedIndex,ebay-kleinanzeigen,True,ebay-kleinanzeigen PerceptualSpeedIndex opt warm webrender,,77,ms,geckoview,,1716598479,2023-06-22 22:58:49,1262495,,,,,,,,,,,,,,,,,,,,,,,,,,,,,,,,,,,,,,,,,,,,,,,,,TN
166,a9c0bee966a1e0b10528a9b41b3dcea34ee95b83,0.07806667103281162,autoland,4366813,13,930eca14459531ff5483e56979276f480af08a6a,android-hw-a51-11-0-aarch64-shippable-qr,True,False,,|w|a|r|m| |w|e|b|r|e|n|d|e|r|,102210fe594ee9b33d82058545b1ed14f4c8206e,PerceptualSpeedIndex,ebay-kleinanzeigen,True,ebay-kleinanzeigen PerceptualSpeedIndex opt warm webrender,,77,ms,geckoview,,1716697739,2023-06-23 03:22:10,1262648,,,,,,,,,,,,,,,,,,,,,,,,,,,,,,,,,,,,,,,,,,,,,,,,,TN
167,e6ebe768e49bf43fc6465b297a817d1e4994af82,0.0994171196542013,autoland,4366813,13,930eca14459531ff5483e56979276f480af08a6a,android-hw-a51-11-0-aarch64-shippable-qr,True,False,,|w|a|r|m| |w|e|b|r|e|n|d|e|r|,102210fe594ee9b33d82058545b1ed14f4c8206e,PerceptualSpeedIndex,ebay-kleinanzeigen,True,ebay-kleinanzeigen PerceptualSpeedIndex opt warm webrender,,77,ms,geckoview,,1716870055,2023-06-23 06:38:21,1262712,,,,,,,,,,,,,,,,,,,,,,,,,,,,,,,,,,,,,,,,,,,,,,,,,TN
168,bd328e6b49f984c8a1b8e2e0e0b2194267d023ac,0.11840985002292226,autoland,4366813,13,930eca14459531ff5483e56979276f480af08a6a,android-hw-a51-11-0-aarch64-shippable-qr,True,False,,|w|a|r|m| |w|e|b|r|e|n|d|e|r|,102210fe594ee9b33d82058545b1ed14f4c8206e,PerceptualSpeedIndex,ebay-kleinanzeigen,True,ebay-kleinanzeigen PerceptualSpeedIndex opt warm webrender,,77,ms,geckoview,,1717221858,2023-06-23 10:04:46,1262825,,,,,,,,,,,,,,,,,,,,,,,,,,,,,,,,,,,,,,,,,,,,,,,,,TN
169,21d4902198ae482d7fd52735881f90fb09ffaa07,0.07289278931167731,autoland,4366813,13,930eca14459531ff5483e56979276f480af08a6a,android-hw-a51-11-0-aarch64-shippable-qr,True,False,,|w|a|r|m| |w|e|b|r|e|n|d|e|r|,102210fe594ee9b33d82058545b1ed14f4c8206e,PerceptualSpeedIndex,ebay-kleinanzeigen,True,ebay-kleinanzeigen PerceptualSpeedIndex opt warm webrender,,77,ms,geckoview,,1717231102,2023-06-23 14:10:04,1262960,,,,,,,,,,,,,,,,,,,,,,,,,,,,,,,,,,,,,,,,,,,,,,,,,TN
170,801ba619d741b520231e6a0791457e7b44bef641,0.07511952321697557,autoland,4366813,13,930eca14459531ff5483e56979276f480af08a6a,android-hw-a51-11-0-aarch64-shippable-qr,True,False,,|w|a|r|m| |w|e|b|r|e|n|d|e|r|,102210fe594ee9b33d82058545b1ed14f4c8206e,PerceptualSpeedIndex,ebay-kleinanzeigen,True,ebay-kleinanzeigen PerceptualSpeedIndex opt warm webrender,,77,ms,geckoview,,1717233067,2023-06-23 14:24:51,1262973,,,,,,,,,,,,,,,,,,,,,,,,,,,,,,,,,,,,,,,,,,,,,,,,,TN
171,efb1631077da0ef473b1fe37d64cd6f652c34f37,0.1032156657279455,autoland,4366813,13,930eca14459531ff5483e56979276f480af08a6a,android-hw-a51-11-0-aarch64-shippable-qr,True,False,,|w|a|r|m| |w|e|b|r|e|n|d|e|r|,102210fe594ee9b33d82058545b1ed14f4c8206e,PerceptualSpeedIndex,ebay-kleinanzeigen,True,ebay-kleinanzeigen PerceptualSpeedIndex opt warm webrender,,77,ms,geckoview,,1717238222,2023-06-23 18:49:22,1263094,,,,,,,,,,,,,,,,,,,,,,,,,,,,,,,,,,,,,,,,,,,,,,,,,TN
172,3cfaf216653a2de7529a3bc74907ea4fecc21912,0.07944200668020174,autoland,4366813,13,930eca14459531ff5483e56979276f480af08a6a,android-hw-a51-11-0-aarch64-shippable-qr,True,False,,|w|a|r|m| |w|e|b|r|e|n|d|e|r|,102210fe594ee9b33d82058545b1ed14f4c8206e,PerceptualSpeedIndex,ebay-kleinanzeigen,True,ebay-kleinanzeigen PerceptualSpeedIndex opt warm webrender,,77,ms,geckoview,,1717240095,2023-06-23 19:29:51,1263108,,,,,,,,,,,,,,,,,,,,,,,,,,,,,,,,,,,,,,,,,,,,,,,,,TN
173,45c221c4d7560f0ab2b6f7c4d113e2f96d73e994,0.0854672866592443,autoland,4366813,13,930eca14459531ff5483e56979276f480af08a6a,android-hw-a51-11-0-aarch64-shippable-qr,True,False,,|w|a|r|m| |w|e|b|r|e|n|d|e|r|,102210fe594ee9b33d82058545b1ed14f4c8206e,PerceptualSpeedIndex,ebay-kleinanzeigen,True,ebay-kleinanzeigen PerceptualSpeedIndex opt warm webrender,,77,ms,geckoview,,1717262112,2023-06-23 23:33:35,1263150,,,,,,,,,,,,,,,,,,,,,,,,,,,,,,,,,,,,,,,,,,,,,,,,,TN
174,31d5ffaf0b16a722c89e3bc6043d1a6dd2df4f59,0.0749885388696051,autoland,4366813,13,930eca14459531ff5483e56979276f480af08a6a,android-hw-a51-11-0-aarch64-shippable-qr,True,False,,|w|a|r|m| |w|e|b|r|e|n|d|e|r|,102210fe594ee9b33d82058545b1ed14f4c8206e,PerceptualSpeedIndex,ebay-kleinanzeigen,True,ebay-kleinanzeigen PerceptualSpeedIndex opt warm webrender,,77,ms,geckoview,,1717387853,2023-06-24 17:55:21,1263267,,,,,,,,,,,,,,,,,,,,,,,,,,,,,,,,,,,,,,,,,,,,,,,,,TN
175,a529a3830f684519fc2c2ffb6fbe1b1e77930e71,0.07741174929595918,autoland,4366813,13,930eca14459531ff5483e56979276f480af08a6a,android-hw-a51-11-0-aarch64-shippable-qr,True,False,,|w|a|r|m| |w|e|b|r|e|n|d|e|r|,102210fe594ee9b33d82058545b1ed14f4c8206e,PerceptualSpeedIndex,ebay-kleinanzeigen,True,ebay-kleinanzeigen PerceptualSpeedIndex opt warm webrender,,77,ms,geckoview,,1717497604,2023-06-25 11:25:42,1263317,,,,,,,,,,,,,,,,,,,,,,,,,,,,,,,,,,,,,,,,,,,,,,,,,TN
176,391b29854d65124c758af8d7a7765b53ec46b9bf,0.08926583273298838,autoland,4366813,13,930eca14459531ff5483e56979276f480af08a6a,android-hw-a51-11-0-aarch64-shippable-qr,True,False,,|w|a|r|m| |w|e|b|r|e|n|d|e|r|,102210fe594ee9b33d82058545b1ed14f4c8206e,PerceptualSpeedIndex,ebay-kleinanzeigen,True,ebay-kleinanzeigen PerceptualSpeedIndex opt warm webrender,,77,ms,geckoview,,1717634131,2023-06-26 01:53:17,1263401,,,,,,,,,,,,,,,,,,,,,,,,,,,,,,,,,,,,,,,,,,,,,,,,,TN
177,b8784b3350a10d9ba119e133ba1afe2fa2862b64,0.07773921016438534,autoland,4366813,13,930eca14459531ff5483e56979276f480af08a6a,android-hw-a51-11-0-aarch64-shippable-qr,True,False,,|w|a|r|m| |w|e|b|r|e|n|d|e|r|,102210fe594ee9b33d82058545b1ed14f4c8206e,PerceptualSpeedIndex,ebay-kleinanzeigen,True,ebay-kleinanzeigen PerceptualSpeedIndex opt warm webrender,,77,ms,geckoview,,1717721034,2023-06-26 08:39:50,1263470,,,,,,,,,,,,,,,,,,,,,,,,,,,,,,,,,,,,,,,,,,,,,,,,,TN
178,147bbf0910da38bd103a6cac5b77bca042225107,0.08219267797498209,autoland,4366813,13,930eca14459531ff5483e56979276f480af08a6a,android-hw-a51-11-0-aarch64-shippable-qr,True,False,,|w|a|r|m| |w|e|b|r|e|n|d|e|r|,102210fe594ee9b33d82058545b1ed14f4c8206e,PerceptualSpeedIndex,ebay-kleinanzeigen,True,ebay-kleinanzeigen PerceptualSpeedIndex opt warm webrender,,77,ms,geckoview,,1717834765,2023-06-26 12:15:47,1263599,,,,,,,,,,,,,,,,,,,,,,,,,,,,,,,,,,,,,,,,,,,,,,,,,TN
179,a9a1430953c45602083b397b0d0bb8e55a69fa46,0.0812757875433886,autoland,4366813,13,930eca14459531ff5483e56979276f480af08a6a,android-hw-a51-11-0-aarch64-shippable-qr,True,False,,|w|a|r|m| |w|e|b|r|e|n|d|e|r|,102210fe594ee9b33d82058545b1ed14f4c8206e,PerceptualSpeedIndex,ebay-kleinanzeigen,True,ebay-kleinanzeigen PerceptualSpeedIndex opt warm webrender,,77,ms,geckoview,,1717970840,2023-06-26 15:17:27,1263769,,,,,,,,,,,,,,,,,,,,,,,,,,,,,,,,,,,,,,,,,,,,,,,,,TN
180,43533d1489bc82330991d4cbac2d5b8e704b7558,0.08782500491191303,autoland,4366813,13,930eca14459531ff5483e56979276f480af08a6a,android-hw-a51-11-0-aarch64-shippable-qr,True,False,,|w|a|r|m| |w|e|b|r|e|n|d|e|r|,102210fe594ee9b33d82058545b1ed14f4c8206e,PerceptualSpeedIndex,ebay-kleinanzeigen,True,ebay-kleinanzeigen PerceptualSpeedIndex opt warm webrender,,77,ms,geckoview,,1718091727,2023-06-26 19:17:54,1263990,,,,,,,,,,,,,,,,,,,,,,,,,,,,,,,,,,,,,,,,,,,,,,,,,TN
181,4bdb9438b18b4b7ad15d5f4f62fd67cad4308d62,0.08920034055930315,autoland,4366813,13,930eca14459531ff5483e56979276f480af08a6a,android-hw-a51-11-0-aarch64-shippable-qr,True,False,,|w|a|r|m| |w|e|b|r|e|n|d|e|r|,102210fe594ee9b33d82058545b1ed14f4c8206e,PerceptualSpeedIndex,ebay-kleinanzeigen,True,ebay-kleinanzeigen PerceptualSpeedIndex opt warm webrender,,77,ms,geckoview,,1718247749,2023-06-26 23:32:18,1264157,,,,,,,,,,,,,,,,,,,,,,,,,,,,,,,,,,,,,,,,,,,,,,,,,TN
182,b34d04613ffa3abda9bcdd07fc5185a34cdc407b,0.09791079965944072,autoland,4366813,13,930eca14459531ff5483e56979276f480af08a6a,android-hw-a51-11-0-aarch64-shippable-qr,True,False,,|w|a|r|m| |w|e|b|r|e|n|d|e|r|,102210fe594ee9b33d82058545b1ed14f4c8206e,PerceptualSpeedIndex,ebay-kleinanzeigen,True,ebay-kleinanzeigen PerceptualSpeedIndex opt warm webrender,,77,ms,geckoview,,1718251572,2023-06-26 23:58:56,1264185,,,,,,,,,,,,,,,,,,,,,,,,,,,,,,,,,,,,,,,,,,,,,,,,,TN
183,e0d8554167a0aad02af68198462e91dd05958593,0.10046499443316514,autoland,4366813,13,930eca14459531ff5483e56979276f480af08a6a,android-hw-a51-11-0-aarch64-shippable-qr,True,False,,|w|a|r|m| |w|e|b|r|e|n|d|e|r|,102210fe594ee9b33d82058545b1ed14f4c8206e,PerceptualSpeedIndex,ebay-kleinanzeigen,True,ebay-kleinanzeigen PerceptualSpeedIndex opt warm webrender,,77,ms,geckoview,,1718370064,2023-06-27 04:20:21,1264240,,,,,,,,,,,,,,,,,,,,,,,,,,,,,,,,,,,,,,,,,,,,,,,,,TN
184,e963fffcb3a0375f0c08e6c62d4300cbf79fba0b,0.08658065361189338,autoland,4366813,13,930eca14459531ff5483e56979276f480af08a6a,android-hw-a51-11-0-aarch64-shippable-qr,True,False,,|w|a|r|m| |w|e|b|r|e|n|d|e|r|,102210fe594ee9b33d82058545b1ed14f4c8206e,PerceptualSpeedIndex,ebay-kleinanzeigen,True,ebay-kleinanzeigen PerceptualSpeedIndex opt warm webrender,,77,ms,geckoview,,1718419149,2023-06-27 07:09:08,1264287,,,,,,,,,,,,,,,,,,,,,,,,,,,,,,,,,,,,,,,,,,,,,,,,,TN
185,96efb14c1b2e225253f22aae7b217fdd48b4cb9f,0.10131639269107351,autoland,4366813,13,930eca14459531ff5483e56979276f480af08a6a,android-hw-a51-11-0-aarch64-shippable-qr,True,False,,|w|a|r|m| |w|e|b|r|e|n|d|e|r|,102210fe594ee9b33d82058545b1ed14f4c8206e,PerceptualSpeedIndex,ebay-kleinanzeigen,True,ebay-kleinanzeigen PerceptualSpeedIndex opt warm webrender,,77,ms,geckoview,,1718526468,2023-06-27 11:13:52,1264423,,,,,,,,,,,,,,,,,,,,,,,,,,,,,,,,,,,,,,,,,,,,,,,,,TN
186,c041b113d5acbf06ba2e6161d9a1ef4fa5b3636b,0.098238260527867,autoland,4366813,13,930eca14459531ff5483e56979276f480af08a6a,android-hw-a51-11-0-aarch64-shippable-qr,True,False,,|w|a|r|m| |w|e|b|r|e|n|d|e|r|,102210fe594ee9b33d82058545b1ed14f4c8206e,PerceptualSpeedIndex,ebay-kleinanzeigen,True,ebay-kleinanzeigen PerceptualSpeedIndex opt warm webrender,,77,ms,geckoview,,1718631981,2023-06-27 15:57:28,1264575,,,,,,,,,,,,,,,,,,,,,,,,,,,,,,,,,,,,,,,,,,,,,,,,,TN
187,da38525a017e6dd411f2c2ccd84d286d86bdad8d,0.08527081013818849,autoland,4366813,13,930eca14459531ff5483e56979276f480af08a6a,android-hw-a51-11-0-aarch64-shippable-qr,True,False,,|w|a|r|m| |w|e|b|r|e|n|d|e|r|,102210fe594ee9b33d82058545b1ed14f4c8206e,PerceptualSpeedIndex,ebay-kleinanzeigen,True,ebay-kleinanzeigen PerceptualSpeedIndex opt warm webrender,,77,ms,geckoview,,1718646832,2023-06-27 16:17:01,1264584,,,,,,,,,,,,,,,,,,,,,,,,,,,,,,,,,,,,,,,,,,,,,,,,,TN
188,80adb872a3d1e32f459e5cf3bc77e47008da925f,0.08769402056454256,autoland,4366813,13,930eca14459531ff5483e56979276f480af08a6a,android-hw-a51-11-0-aarch64-shippable-qr,True,False,,|w|a|r|m| |w|e|b|r|e|n|d|e|r|,102210fe594ee9b33d82058545b1ed14f4c8206e,PerceptualSpeedIndex,ebay-kleinanzeigen,True,ebay-kleinanzeigen PerceptualSpeedIndex opt warm webrender,,77,ms,geckoview,,1718754188,2023-06-27 20:57:27,1264834,,,,,,,,,,,,,,,,,,,,,,,,,,,,,,,,,,,,,,,,,,,,,,,,,TN
189,591e3233df273509a8c0d0ccd1cc32795ae584dc,0.08330604492763116,autoland,4366813,13,930eca14459531ff5483e56979276f480af08a6a,android-hw-a51-11-0-aarch64-shippable-qr,True,False,,|w|a|r|m| |w|e|b|r|e|n|d|e|r|,102210fe594ee9b33d82058545b1ed14f4c8206e,PerceptualSpeedIndex,ebay-kleinanzeigen,True,ebay-kleinanzeigen PerceptualSpeedIndex opt warm webrender,,77,ms,geckoview,,1718854501,2023-06-28 00:04:05,1264952,,,,,,,,,,,,,,,,,,,,,,,,,,,,,,,,,,,,,,,,,,,,,,,,,TN
190,ecb2997338f1c9a2059192ce04d01243537176b9,0.08088283450127709,autoland,4366813,13,930eca14459531ff5483e56979276f480af08a6a,android-hw-a51-11-0-aarch64-shippable-qr,True,False,,|w|a|r|m| |w|e|b|r|e|n|d|e|r|,102210fe594ee9b33d82058545b1ed14f4c8206e,PerceptualSpeedIndex,ebay-kleinanzeigen,True,ebay-kleinanzeigen PerceptualSpeedIndex opt warm webrender,,77,ms,geckoview,,1718936266,2023-06-28 03:09:49,1265035,,,,,,,,,,,,,,,,,,,,,,,,,,,,,,,,,,,,,,,,,,,,,,,,,TN
191,51b6f36ff37d4b6906ec5cab830b1e283c6f7395,0.08330604492763116,autoland,4366813,13,930eca14459531ff5483e56979276f480af08a6a,android-hw-a51-11-0-aarch64-shippable-qr,True,False,,|w|a|r|m| |w|e|b|r|e|n|d|e|r|,102210fe594ee9b33d82058545b1ed14f4c8206e,PerceptualSpeedIndex,ebay-kleinanzeigen,True,ebay-kleinanzeigen PerceptualSpeedIndex opt warm webrender,,77,ms,geckoview,,1719026104,2023-06-28 07:19:30,1265110,,,,,,,,,,,,,,,,,,,,,,,,,,,,,,,,,,,,,,,,,,,,,,,,,TN
192,3b7b3970a88459c11033effb61df89644e963bda,0.09188551968039815,autoland,4366813,13,930eca14459531ff5483e56979276f480af08a6a,android-hw-a51-11-0-aarch64-shippable-qr,True,False,,|w|a|r|m| |w|e|b|r|e|n|d|e|r|,102210fe594ee9b33d82058545b1ed14f4c8206e,PerceptualSpeedIndex,ebay-kleinanzeigen,True,ebay-kleinanzeigen PerceptualSpeedIndex opt warm webrender,,77,ms,geckoview,,1719134195,2023-06-28 11:29:09,1265214,,,,,,,,,,,,,,,,,,,,,,,,,,,,,,,,,,,,,,,,,,,,,,,,,TN
193,c20ba5651ee046629ef49efd2e49f6214c3ae520,0.0856637631803,autoland,4366813,13,930eca14459531ff5483e56979276f480af08a6a,android-hw-a51-11-0-aarch64-shippable-qr,True,False,,|w|a|r|m| |w|e|b|r|e|n|d|e|r|,102210fe594ee9b33d82058545b1ed14f4c8206e,PerceptualSpeedIndex,ebay-kleinanzeigen,True,ebay-kleinanzeigen PerceptualSpeedIndex opt warm webrender,,77,ms,geckoview,,1719216856,2023-06-28 14:16:43,1265309,,,,,,,,,,,,,,,,,,,,,,,,,,,,,,,,,,,,,,,,,,,,,,,,,TN
194,0df511b69760b69959818e34e07aa74a0ad7061a,0.07963848320125744,autoland,4366813,13,930eca14459531ff5483e56979276f480af08a6a,android-hw-a51-11-0-aarch64-shippable-qr,True,False,,|w|a|r|m| |w|e|b|r|e|n|d|e|r|,102210fe594ee9b33d82058545b1ed14f4c8206e,PerceptualSpeedIndex,ebay-kleinanzeigen,True,ebay-kleinanzeigen PerceptualSpeedIndex opt warm webrender,,77,ms,geckoview,,1719299240,2023-06-28 17:34:48,1265473,,,,,,,,,,,,,,,,,,,,,,,,,,,,,,,,,,,,,,,,,,,,,,,,,TN
195,d18ee9401610559d6724af1cf6a4ba7ca620f195,0.09411225358569664,autoland,4366813,13,930eca14459531ff5483e56979276f480af08a6a,android-hw-a51-11-0-aarch64-shippable-qr,True,False,,|w|a|r|m| |w|e|b|r|e|n|d|e|r|,102210fe594ee9b33d82058545b1ed14f4c8206e,PerceptualSpeedIndex,ebay-kleinanzeigen,True,ebay-kleinanzeigen PerceptualSpeedIndex opt warm webrender,,77,ms,geckoview,,1719423368,2023-06-28 21:47:35,1265682,,,,,,,,,,,,,,,,,,,,,,,,,,,,,,,,,,,,,,,,,,,,,,,,,TN
196,bab00f4f94d567cf8ccf12e64f4e5cccc2ab6783,0.09764883096469967,autoland,4366813,13,930eca14459531ff5483e56979276f480af08a6a,android-hw-a51-11-0-aarch64-shippable-qr,True,False,,|w|a|r|m| |w|e|b|r|e|n|d|e|r|,102210fe594ee9b33d82058545b1ed14f4c8206e,PerceptualSpeedIndex,ebay-kleinanzeigen,True,ebay-kleinanzeigen PerceptualSpeedIndex opt warm webrender,,77,ms,geckoview,,1719538185,2023-06-29 02:28:53,1265821,,,,,,,,,,,,,,,,,,,,,,,,,,,,,,,,,,,,,,,,,,,,,,,,,TN
197,046c4b8aaa8932f15825dc4decd3911bb048e7f5,0.08022791276442465,autoland,4366813,13,930eca14459531ff5483e56979276f480af08a6a,android-hw-a51-11-0-aarch64-shippable-qr,True,False,,|w|a|r|m| |w|e|b|r|e|n|d|e|r|,102210fe594ee9b33d82058545b1ed14f4c8206e,PerceptualSpeedIndex,ebay-kleinanzeigen,True,ebay-kleinanzeigen PerceptualSpeedIndex opt warm webrender,,77,ms,geckoview,,1719701456,2023-06-29 08:54:52,1265934,,,,,,,,,,,,,,,,,,,,,,,,,,,,,,,,,,,,,,,,,,,,,,,,,TN
198,e784085dfb507c237319c40245ef0b32ddcf82b0,0.08389547449079837,autoland,4366813,13,930eca14459531ff5483e56979276f480af08a6a,android-hw-a51-11-0-aarch64-shippable-qr,True,False,,|w|a|r|m| |w|e|b|r|e|n|d|e|r|,102210fe594ee9b33d82058545b1ed14f4c8206e,PerceptualSpeedIndex,ebay-kleinanzeigen,True,ebay-kleinanzeigen PerceptualSpeedIndex opt warm webrender,,77,ms,geckoview,,1719799282,2023-06-29 12:57:39,1266033,,,,,,,,,,,,,,,,,,,,,,,,,,,,,,,,,,,,,,,,,,,,,,,,,TN
199,573b87117fd3efdb12ffb05692f97323c07a9900,0.07597092147488382,autoland,4366813,13,930eca14459531ff5483e56979276f480af08a6a,android-hw-a51-11-0-aarch64-shippable-qr,True,False,,|w|a|r|m| |w|e|b|r|e|n|d|e|r|,102210fe594ee9b33d82058545b1ed14f4c8206e,PerceptualSpeedIndex,ebay-kleinanzeigen,True,ebay-kleinanzeigen PerceptualSpeedIndex opt warm webrender,,77,ms,geckoview,,1719898370,2023-06-29 15:22:27,1266105,,,,,,,,,,,,,,,,,,,,,,,,,,,,,,,,,,,,,,,,,,,,,,,,,TN
200,c5ac7e957828eeda97a3af6fc706f41aa567e48e,0.08913484838561792,autoland,4366813,13,930eca14459531ff5483e56979276f480af08a6a,android-hw-a51-11-0-aarch64-shippable-qr,True,False,,|w|a|r|m| |w|e|b|r|e|n|d|e|r|,102210fe594ee9b33d82058545b1ed14f4c8206e,PerceptualSpeedIndex,ebay-kleinanzeigen,True,ebay-kleinanzeigen PerceptualSpeedIndex opt warm webrender,,77,ms,geckoview,,1719959232,2023-06-29 19:36:56,1266292,,,,,,,,,,,,,,,,,,,,,,,,,,,,,,,,,,,,,,,,,,,,,,,,,TN
201,e37ddb3aa508e953837fbd08afec4a2aa6f7f5ed,0.0831750605802607,autoland,4366813,13,930eca14459531ff5483e56979276f480af08a6a,android-hw-a51-11-0-aarch64-shippable-qr,True,False,,|w|a|r|m| |w|e|b|r|e|n|d|e|r|,102210fe594ee9b33d82058545b1ed14f4c8206e,PerceptualSpeedIndex,ebay-kleinanzeigen,True,ebay-kleinanzeigen PerceptualSpeedIndex opt warm webrender,,77,ms,geckoview,,1719978419,2023-06-29 20:41:17,1266342,,,,,,,,,,,,,,,,,,,,,,,,,,,,,,,,,,,,,,,,,,,,,,,,,TN
202,e547d8e238568d790c74653068edac30240a95c5,0.08382998231711314,autoland,4366813,13,930eca14459531ff5483e56979276f480af08a6a,android-hw-a51-11-0-aarch64-shippable-qr,True,False,,|w|a|r|m| |w|e|b|r|e|n|d|e|r|,102210fe594ee9b33d82058545b1ed14f4c8206e,PerceptualSpeedIndex,ebay-kleinanzeigen,True,ebay-kleinanzeigen PerceptualSpeedIndex opt warm webrender,,77,ms,geckoview,,1720059796,2023-06-30 01:00:02,1266447,,,,,,,,,,,,,,,,,,,,,,,,,,,,,,,,,,,,,,,,,,,,,,,,,TN
203,9bc27d87fa29fd921612525cc37e24f0ec3ba76b,0.08612220839609674,autoland,4366813,13,930eca14459531ff5483e56979276f480af08a6a,android-hw-a51-11-0-aarch64-shippable-qr,True,False,,|w|a|r|m| |w|e|b|r|e|n|d|e|r|,102210fe594ee9b33d82058545b1ed14f4c8206e,PerceptualSpeedIndex,ebay-kleinanzeigen,True,ebay-kleinanzeigen PerceptualSpeedIndex opt warm webrender,,77,ms,geckoview,,1720164591,2023-06-30 08:19:33,1266526,,,,,,,,,,,,,,,,,,,,,,,,,,,,,,,,,,,,,,,,,,,,,,,,,TN
204,0abcd848f8218f0e2d339bbd497ac60f4a3b752c,0.08487785709607698,autoland,4366813,13,930eca14459531ff5483e56979276f480af08a6a,android-hw-a51-11-0-aarch64-shippable-qr,True,False,,|w|a|r|m| |w|e|b|r|e|n|d|e|r|,102210fe594ee9b33d82058545b1ed14f4c8206e,PerceptualSpeedIndex,ebay-kleinanzeigen,True,ebay-kleinanzeigen PerceptualSpeedIndex opt warm webrender,,77,ms,geckoview,,1720251344,2023-06-30 13:51:38,1266633,,,,,,,,,,,,,,,,,,,,,,,,,,,,,,,,,,,,,,,,,,,,,,,,,TN
205,8ee32af33954493677c04d2dad76681d20d37c02,0.07924553015914604,autoland,4366813,13,930eca14459531ff5483e56979276f480af08a6a,android-hw-a51-11-0-aarch64-shippable-qr,True,False,,|w|a|r|m| |w|e|b|r|e|n|d|e|r|,102210fe594ee9b33d82058545b1ed14f4c8206e,PerceptualSpeedIndex,ebay-kleinanzeigen,True,ebay-kleinanzeigen PerceptualSpeedIndex opt warm webrender,,77,ms,geckoview,,1720367136,2023-07-01 00:00:49,1266825,,,,,,,,,,,,,,,,,,,,,,,,,,,,,,,,,,,,,,,,,,,,,,,,,TN
206,81b43c5e095f0b0407b6d1a8d4a7f92bf7115e5e,0.0948326674962342,autoland,4366813,13,930eca14459531ff5483e56979276f480af08a6a,android-hw-a51-11-0-aarch64-shippable-qr,True,False,,|w|a|r|m| |w|e|b|r|e|n|d|e|r|,102210fe594ee9b33d82058545b1ed14f4c8206e,PerceptualSpeedIndex,ebay-kleinanzeigen,True,ebay-kleinanzeigen PerceptualSpeedIndex opt warm webrender,,77,ms,geckoview,,1720391616,2023-07-01 02:26:01,1266845,,,,,,,,,,,,,,,,,,,,,,,,,,,,,,,,,,,,,,,,,,,,,,,,,TN
207,e8ccd4d6629a5cde6dd4011e79c55630beb87376,0.09732137009627351,autoland,4366813,13,930eca14459531ff5483e56979276f480af08a6a,android-hw-a51-11-0-aarch64-shippable-qr,True,False,,|w|a|r|m| |w|e|b|r|e|n|d|e|r|,102210fe594ee9b33d82058545b1ed14f4c8206e,PerceptualSpeedIndex,ebay-kleinanzeigen,True,ebay-kleinanzeigen PerceptualSpeedIndex opt warm webrender,,77,ms,geckoview,,1720491303,2023-07-02 04:09:27,1266929,,,,,,,,,,,,,,,,,,,,,,,,,,,,,,,,,,,,,,,,,,,,,,,,,TN
208,93c2b16409e05c7d2b654d2b5356a2b7742b0d18,0.07570895278014278,autoland,4366813,13,930eca14459531ff5483e56979276f480af08a6a,android-hw-a51-11-0-aarch64-shippable-qr,True,False,,|w|a|r|m| |w|e|b|r|e|n|d|e|r|,102210fe594ee9b33d82058545b1ed14f4c8206e,PerceptualSpeedIndex,ebay-kleinanzeigen,True,ebay-kleinanzeigen PerceptualSpeedIndex opt warm webrender,,77,ms,geckoview,,1720551899,2023-07-02 10:13:29,1266947,,,,,,,,,,,,,,,,,,,,,,,,,,,,,,,,,,,,,,,,,,,,,,,,,TN
209,8a50b880c83f70597cd2951c74b7e9420d4b55c7,0.0858602397013557,autoland,4366813,13,930eca14459531ff5483e56979276f480af08a6a,android-hw-a51-11-0-aarch64-shippable-qr,True,False,,|w|a|r|m| |w|e|b|r|e|n|d|e|r|,102210fe594ee9b33d82058545b1ed14f4c8206e,PerceptualSpeedIndex,ebay-kleinanzeigen,True,ebay-kleinanzeigen PerceptualSpeedIndex opt warm webrender,,77,ms,geckoview,,1720584287,2023-07-02 16:18:34,1266959,,,,,,,,,,,,,,,,,,,,,,,,,,,,,,,,,,,,,,,,,,,,,,,,,TN
210,03b04345a888d738f358fc74595aabb1dfb2685c,0.08985526229615559,autoland,4366813,13,930eca14459531ff5483e56979276f480af08a6a,android-hw-a51-11-0-aarch64-shippable-qr,True,False,,|w|a|r|m| |w|e|b|r|e|n|d|e|r|,102210fe594ee9b33d82058545b1ed14f4c8206e,PerceptualSpeedIndex,ebay-kleinanzeigen,True,ebay-kleinanzeigen PerceptualSpeedIndex opt warm webrender,,77,ms,geckoview,,1720645418,2023-07-03 04:14:26,1267009,,,,,,,,,,,,,,,,,,,,,,,,,,,,,,,,,,,,,,,,,,,,,,,,,TN
211,3463727761e55956f8308f38f71b1654b79497ca,0.114873272643919,autoland,4366813,13,930eca14459531ff5483e56979276f480af08a6a,android-hw-a51-11-0-aarch64-shippable-qr,True,False,,|w|a|r|m| |w|e|b|r|e|n|d|e|r|,102210fe594ee9b33d82058545b1ed14f4c8206e,PerceptualSpeedIndex,ebay-kleinanzeigen,True,ebay-kleinanzeigen PerceptualSpeedIndex opt warm webrender,,77,ms,geckoview,,1720694378,2023-07-03 08:58:45,1267059,,,,,,,,,,,,,,,,,,,,,,,,,,,,,,,,,,,,,,,,,,,,,,,,,TN
212,90c1c72030a4d515720d44706816256c0a1e30a8,0.09188551968039815,autoland,4366813,13,930eca14459531ff5483e56979276f480af08a6a,android-hw-a51-11-0-aarch64-shippable-qr,True,False,,|w|a|r|m| |w|e|b|r|e|n|d|e|r|,102210fe594ee9b33d82058545b1ed14f4c8206e,PerceptualSpeedIndex,ebay-kleinanzeigen,True,ebay-kleinanzeigen PerceptualSpeedIndex opt warm webrender,,77,ms,geckoview,,1720744854,2023-07-03 08:59:44,1267060,,,,,,,,,,,,,,,,,,,,,,,,,,,,,,,,,,,,,,,,,,,,,,,,,TN
213,9d50665254899d8431813bdc04178e6006ce6d59,0.0992206431331456,autoland,4366813,13,930eca14459531ff5483e56979276f480af08a6a,android-hw-a51-11-0-aarch64-shippable-qr,True,False,,|w|a|r|m| |w|e|b|r|e|n|d|e|r|,102210fe594ee9b33d82058545b1ed14f4c8206e,PerceptualSpeedIndex,ebay-kleinanzeigen,True,ebay-kleinanzeigen PerceptualSpeedIndex opt warm webrender,,77,ms,geckoview,,1720768629,2023-07-03 14:20:46,1267108,,,,,,,,,,,,,,,,,,,,,,,,,,,,,,,,,,,,,,,,,,,,,,,,,TN
214,a820608802f2194dfc19272bf19b7124a7349b79,0.07629838234330999,autoland,4366813,13,930eca14459531ff5483e56979276f480af08a6a,android-hw-a51-11-0-aarch64-shippable-qr,True,False,,|w|a|r|m| |w|e|b|r|e|n|d|e|r|,102210fe594ee9b33d82058545b1ed14f4c8206e,PerceptualSpeedIndex,ebay-kleinanzeigen,True,ebay-kleinanzeigen PerceptualSpeedIndex opt warm webrender,,77,ms,geckoview,,1720848182,2023-07-04 00:08:48,1267203,,,,,,,,,,,,,,,,,,,,,,,,,,,,,,,,,,,,,,,,,,,,,,,,,TN
215,b2af19e5ff82fa8850262a0693f4941570a30474,0.06915973541161835,autoland,4366813,13,930eca14459531ff5483e56979276f480af08a6a,android-hw-a51-11-0-aarch64-shippable-qr,True,False,,|w|a|r|m| |w|e|b|r|e|n|d|e|r|,102210fe594ee9b33d82058545b1ed14f4c8206e,PerceptualSpeedIndex,ebay-kleinanzeigen,True,ebay-kleinanzeigen PerceptualSpeedIndex opt warm webrender,,77,ms,geckoview,,1720890443,2023-07-04 04:57:05,1267245,,,,,,,,,,,,,,,,,,,,,,,,,,,,,,,,,,,,,,,,,,,,,,,,,TN
216,54bec48c8d6e571fdfbc0694895c371fd3fd08f9,0.08599122404872617,autoland,4366813,13,930eca14459531ff5483e56979276f480af08a6a,android-hw-a51-11-0-aarch64-shippable-qr,True,False,,|w|a|r|m| |w|e|b|r|e|n|d|e|r|,102210fe594ee9b33d82058545b1ed14f4c8206e,PerceptualSpeedIndex,ebay-kleinanzeigen,True,ebay-kleinanzeigen PerceptualSpeedIndex opt warm webrender,,77,ms,geckoview,,1720941446,2023-07-04 07:10:31,1267272,,,,,,,,,,,,,,,,,,,,,,,,,,,,,,,,,,,,,,,,,,,,,,,,,TN
217,da13368ff947a55756c871582b1b13ffb6fa001d,0.08992075446984082,autoland,4366813,13,930eca14459531ff5483e56979276f480af08a6a,android-hw-a51-11-0-aarch64-shippable-qr,True,False,,|w|a|r|m| |w|e|b|r|e|n|d|e|r|,102210fe594ee9b33d82058545b1ed14f4c8206e,PerceptualSpeedIndex,ebay-kleinanzeigen,True,ebay-kleinanzeigen PerceptualSpeedIndex opt warm webrender,,77,ms,geckoview,,1721068005,2023-07-04 11:21:51,1267342,,,,,,,,,,,,,,,,,,,,,,,,,,,,,,,,,,,,,,,,,,,,,,,,,TN
218,3aa1825bf09a37959e97ac4b5eaa3cc4b236b283,0.07243434409588057,autoland,4366813,13,930eca14459531ff5483e56979276f480af08a6a,android-hw-a51-11-0-aarch64-shippable-qr,True,False,,|w|a|r|m| |w|e|b|r|e|n|d|e|r|,102210fe594ee9b33d82058545b1ed14f4c8206e,PerceptualSpeedIndex,ebay-kleinanzeigen,True,ebay-kleinanzeigen PerceptualSpeedIndex opt warm webrender,,77,ms,geckoview,,1721088578,2023-07-04 11:29:32,1267347,,,,,,,,,,,,,,,,,,,,,,,,,,,,,,,,,,,,,,,,,,,,,,,,,TN
219,cf717d6692eb6ff08bb1d0342645c7c6c1dcf8f7,0.078983561464405,autoland,4366813,13,930eca14459531ff5483e56979276f480af08a6a,android-hw-a51-11-0-aarch64-shippable-qr,True,False,,|w|a|r|m| |w|e|b|r|e|n|d|e|r|,102210fe594ee9b33d82058545b1ed14f4c8206e,PerceptualSpeedIndex,ebay-kleinanzeigen,True,ebay-kleinanzeigen PerceptualSpeedIndex opt warm webrender,,77,ms,geckoview,,1721189776,2023-07-04 15:22:25,1267503,,,,,,,,,,,,,,,,,,,,,,,,,,,,,,,,,,,,,,,,,,,,,,,,,TN
220,a8c47414f934fc13d47ba329f04089ab17eb2407,0.08461588840133605,autoland,4366813,13,930eca14459531ff5483e56979276f480af08a6a,android-hw-a51-11-0-aarch64-shippable-qr,True,False,,|w|a|r|m| |w|e|b|r|e|n|d|e|r|,102210fe594ee9b33d82058545b1ed14f4c8206e,PerceptualSpeedIndex,ebay-kleinanzeigen,True,ebay-kleinanzeigen PerceptualSpeedIndex opt warm webrender,,77,ms,geckoview,,1721260775,2023-07-04 19:21:41,1267627,,,,,,,,,,,,,,,,,,,,,,,,,,,,,,,,,,,,,,,,,,,,,,,,,TN
221,3639b6891b332ea6c4ffea87bb2d1139c38b781d,0.09051018403300803,autoland,4366813,13,930eca14459531ff5483e56979276f480af08a6a,android-hw-a51-11-0-aarch64-shippable-qr,True,False,,|w|a|r|m| |w|e|b|r|e|n|d|e|r|,102210fe594ee9b33d82058545b1ed14f4c8206e,PerceptualSpeedIndex,ebay-kleinanzeigen,True,ebay-kleinanzeigen PerceptualSpeedIndex opt warm webrender,,77,ms,geckoview,,1721371486,2023-07-04 23:33:38,1267723,,,,,,,,,,,,,,,,,,,,,,,,,,,,,,,,,,,,,,,,,,,,,,,,,TN
222,243ab04b37e31315f3db16a95bf6535124d9edda,0.10852053179645038,autoland,4366813,13,930eca14459531ff5483e56979276f480af08a6a,android-hw-a51-11-0-aarch64-shippable-qr,True,False,,|w|a|r|m| |w|e|b|r|e|n|d|e|r|,102210fe594ee9b33d82058545b1ed14f4c8206e,PerceptualSpeedIndex,ebay-kleinanzeigen,True,ebay-kleinanzeigen PerceptualSpeedIndex opt warm webrender,,77,ms,geckoview,,1721505023,2023-07-05 03:49:13,1267756,,,,,,,,,,,,,,,,,,,,,,,,,,,,,,,,,,,,,,,,,,,,,,,,,TN
223,9ab7ea679b12d7e209ada3534abf7baf704fe9d4,0.0875630362171721,autoland,4366813,13,930eca14459531ff5483e56979276f480af08a6a,android-hw-a51-11-0-aarch64-shippable-qr,True,False,,|w|a|r|m| |w|e|b|r|e|n|d|e|r|,102210fe594ee9b33d82058545b1ed14f4c8206e,PerceptualSpeedIndex,ebay-kleinanzeigen,True,ebay-kleinanzeigen PerceptualSpeedIndex opt warm webrender,,77,ms,geckoview,,1721553095,2023-07-05 07:58:23,1267796,,,,,,,,,,,,,,,,,,,,,,,,,,,,,,,,,,,,,,,,,,,,,,,,,TN
224,e3f62ea4e59393fe53784906952e9a1417688db1,0.0992206431331456,autoland,4366813,13,930eca14459531ff5483e56979276f480af08a6a,android-hw-a51-11-0-aarch64-shippable-qr,True,False,,|w|a|r|m| |w|e|b|r|e|n|d|e|r|,102210fe594ee9b33d82058545b1ed14f4c8206e,PerceptualSpeedIndex,ebay-kleinanzeigen,True,ebay-kleinanzeigen PerceptualSpeedIndex opt warm webrender,,77,ms,geckoview,,1721592582,2023-07-05 09:46:48,1267838,,,,,,,,,,,,,,,,,,,,,,,,,,,,,,,,,,,,,,,,,,,,,,,,,TN
225,cee4ab20ddeef57e9b72447e753e72ed2eb244cf,0.0902482153382671,autoland,4366813,13,930eca14459531ff5483e56979276f480af08a6a,android-hw-a51-11-0-aarch64-shippable-qr,True,False,,|w|a|r|m| |w|e|b|r|e|n|d|e|r|,102210fe594ee9b33d82058545b1ed14f4c8206e,PerceptualSpeedIndex,ebay-kleinanzeigen,True,ebay-kleinanzeigen PerceptualSpeedIndex opt warm webrender,,77,ms,geckoview,,1721728576,2023-07-05 14:18:53,1267963,,,,,,,,,,,,,,,,,,,,,,,,,,,,,,,,,,,,,,,,,,,,,,,,,TN
226,4613dfbe6bc2e60b1159da46db2edee3018423e1,0.0862531927434671,autoland,4366813,13,930eca14459531ff5483e56979276f480af08a6a,android-hw-a51-11-0-aarch64-shippable-qr,True,False,,|w|a|r|m| |w|e|b|r|e|n|d|e|r|,102210fe594ee9b33d82058545b1ed14f4c8206e,PerceptualSpeedIndex,ebay-kleinanzeigen,True,ebay-kleinanzeigen PerceptualSpeedIndex opt warm webrender,,77,ms,geckoview,,1721821763,2023-07-05 14:38:06,1267976,,,,,,,,,,,,,,,,,,,,,,,,,,,,,,,,,,,,,,,,,,,,,,,,,TN
227,674dc1b6026b9fc62707f0df292dfaf1ba6557f1,0.07963848320125744,autoland,4366813,13,930eca14459531ff5483e56979276f480af08a6a,android-hw-a51-11-0-aarch64-shippable-qr,True,False,,|w|a|r|m| |w|e|b|r|e|n|d|e|r|,102210fe594ee9b33d82058545b1ed14f4c8206e,PerceptualSpeedIndex,ebay-kleinanzeigen,True,ebay-kleinanzeigen PerceptualSpeedIndex opt warm webrender,,77,ms,geckoview,,1721890254,2023-07-05 18:29:49,1268132,,,,,,,,,,,,,,,,,,,,,,,,,,,,,,,,,,,,,,,,,,,,,,,,,TN
228,712427656ebd8d82b78a42d8e45b973aa7c220d7,0.07361320322221498,autoland,4366813,13,930eca14459531ff5483e56979276f480af08a6a,android-hw-a51-11-0-aarch64-shippable-qr,True,False,,|w|a|r|m| |w|e|b|r|e|n|d|e|r|,102210fe594ee9b33d82058545b1ed14f4c8206e,PerceptualSpeedIndex,ebay-kleinanzeigen,True,ebay-kleinanzeigen PerceptualSpeedIndex opt warm webrender,,77,ms,geckoview,,1721916089,2023-07-05 21:03:11,1268236,,,,,,,,,,,,,,,,,,,,,,,,,,,,,,,,,,,,,,,,,,,,,,,,,TN
229,a0647e42fb1f509d753d2baacd7858b3ee9a8821,0.09974458052262758,autoland,4366813,13,930eca14459531ff5483e56979276f480af08a6a,android-hw-a51-11-0-aarch64-shippable-qr,True,False,,|w|a|r|m| |w|e|b|r|e|n|d|e|r|,102210fe594ee9b33d82058545b1ed14f4c8206e,PerceptualSpeedIndex,ebay-kleinanzeigen,True,ebay-kleinanzeigen PerceptualSpeedIndex opt warm webrender,,77,ms,geckoview,,1722023601,2023-07-06 01:07:34,1268349,,,,,,,,,,,,,,,,,,,,,,,,,,,,,,,,,,,,,,,,,,,,,,,,,TN
230,1ba8085e68676425907973397d26e7417c1c4a74,0.09424323793306699,autoland,4366813,13,930eca14459531ff5483e56979276f480af08a6a,android-hw-a51-11-0-aarch64-shippable-qr,True,False,,|w|a|r|m| |w|e|b|r|e|n|d|e|r|,102210fe594ee9b33d82058545b1ed14f4c8206e,PerceptualSpeedIndex,ebay-kleinanzeigen,True,ebay-kleinanzeigen PerceptualSpeedIndex opt warm webrender,,77,ms,geckoview,,1722092363,2023-07-06 06:12:07,1268405,,,,,,,,,,,,,,,,,,,,,,,,,,,,,,,,,,,,,,,,,,,,,,,,,TN
231,becc2fa2c186914b1a887e40e6f0e9a6643273eb,0.07407164843801162,autoland,4366813,13,930eca14459531ff5483e56979276f480af08a6a,android-hw-a51-11-0-aarch64-shippable-qr,True,False,,|w|a|r|m| |w|e|b|r|e|n|d|e|r|,102210fe594ee9b33d82058545b1ed14f4c8206e,PerceptualSpeedIndex,ebay-kleinanzeigen,True,ebay-kleinanzeigen PerceptualSpeedIndex opt warm webrender,,77,ms,geckoview,,1722218065,2023-07-06 11:48:20,1268565,,,,,,,,,,,,,,,,,,,,,,,,,,,,,,,,,,,,,,,,,,,,,,,,,TN
232,5b919b11b30bcc659d499c9290a54c3f91d96bd2,0.08723557534874582,autoland,4366813,13,930eca14459531ff5483e56979276f480af08a6a,android-hw-a51-11-0-aarch64-shippable-qr,True,False,,|w|a|r|m| |w|e|b|r|e|n|d|e|r|,102210fe594ee9b33d82058545b1ed14f4c8206e,PerceptualSpeedIndex,ebay-kleinanzeigen,True,ebay-kleinanzeigen PerceptualSpeedIndex opt warm webrender,,77,ms,geckoview,,1722235670,2023-07-06 12:38:53,1268598,,,,,,,,,,,,,,,,,,,,,,,,,,,,,,,,,,,,,,,,,,,,,,,,,TN
233,433f58fbe4180052220b584f15de1d1d6fda065a,0.08972427794878512,autoland,4366813,13,930eca14459531ff5483e56979276f480af08a6a,android-hw-a51-11-0-aarch64-shippable-qr,True,False,,|w|a|r|m| |w|e|b|r|e|n|d|e|r|,102210fe594ee9b33d82058545b1ed14f4c8206e,PerceptualSpeedIndex,ebay-kleinanzeigen,True,ebay-kleinanzeigen PerceptualSpeedIndex opt warm webrender,,77,ms,geckoview,,1722441594,2023-07-06 16:43:39,1268777,,,,,,,,,,,,,,,,,,,,,,,,,,,,,,,,,,,,,,,,,,,,,,,,,TN
234,08f072ae172f3d48b0361ca0d34ead8a0b254e60,0.07983495972231325,autoland,4366813,13,930eca14459531ff5483e56979276f480af08a6a,android-hw-a51-11-0-aarch64-shippable-qr,True,False,,|w|a|r|m| |w|e|b|r|e|n|d|e|r|,102210fe594ee9b33d82058545b1ed14f4c8206e,PerceptualSpeedIndex,ebay-kleinanzeigen,True,ebay-kleinanzeigen PerceptualSpeedIndex opt warm webrender,,77,ms,geckoview,,1722469405,2023-07-06 18:39:07,1268845,,,,,,,,,,,,,,,,,,,,,,,,,,,,,,,,,,,,,,,,,,,,,,,,,TN
235,2c6190b6ecb6ab8933a296c08e753c060a3c2e9b,0.0875630362171721,autoland,4366813,13,930eca14459531ff5483e56979276f480af08a6a,android-hw-a51-11-0-aarch64-shippable-qr,True,False,,|w|a|r|m| |w|e|b|r|e|n|d|e|r|,102210fe594ee9b33d82058545b1ed14f4c8206e,PerceptualSpeedIndex,ebay-kleinanzeigen,True,ebay-kleinanzeigen PerceptualSpeedIndex opt warm webrender,,77,ms,geckoview,,1722543813,2023-07-06 20:44:41,1268939,,,,,,,,,,,,,,,,,,,,,,,,,,,,,,,,,,,,,,,,,,,,,,,,,TN
236,acd3d81337398ace5cd75f251f18da388ed281fa,0.09686292488047676,autoland,4366813,13,930eca14459531ff5483e56979276f480af08a6a,android-hw-a51-11-0-aarch64-shippable-qr,True,False,,|w|a|r|m| |w|e|b|r|e|n|d|e|r|,102210fe594ee9b33d82058545b1ed14f4c8206e,PerceptualSpeedIndex,ebay-kleinanzeigen,True,ebay-kleinanzeigen PerceptualSpeedIndex opt warm webrender,,77,ms,geckoview,,1722643676,2023-07-07 00:51:02,1269038,,,,,,,,,,,,,,,,,,,,,,,,,,,,,,,,,,,,,,,,,,,,,,,,,TN
237,013763c5f493c6232cfa8502e7bcec4b151d9161,0.08134127971707383,autoland,4366813,13,930eca14459531ff5483e56979276f480af08a6a,android-hw-a51-11-0-aarch64-shippable-qr,True,False,,|w|a|r|m| |w|e|b|r|e|n|d|e|r|,102210fe594ee9b33d82058545b1ed14f4c8206e,PerceptualSpeedIndex,ebay-kleinanzeigen,True,ebay-kleinanzeigen PerceptualSpeedIndex opt warm webrender,,77,ms,geckoview,,1722661207,2023-07-07 01:49:15,1269055,,,,,,,,,,,,,,,,,,,,,,,,,,,,,,,,,,,,,,,,,,,,,,,,,TN
238,e4d87ff75575880ea0c0fa09b316e360e4d9492f,0.0753814919117165,autoland,4366813,13,930eca14459531ff5483e56979276f480af08a6a,android-hw-a51-11-0-aarch64-shippable-qr,True,False,,|w|a|r|m| |w|e|b|r|e|n|d|e|r|,102210fe594ee9b33d82058545b1ed14f4c8206e,PerceptualSpeedIndex,ebay-kleinanzeigen,True,ebay-kleinanzeigen PerceptualSpeedIndex opt warm webrender,,77,ms,geckoview,,1722708668,2023-07-07 06:17:26,1269097,,,,,,,,,,,,,,,,,,,,,,,,,,,,,,,,,,,,,,,,,,,,,,,,,TN
239,3a88b97290a0fe46c6fbfcf6dacd91c6b6900aeb,0.07950749885388697,autoland,4366813,13,930eca14459531ff5483e56979276f480af08a6a,android-hw-a51-11-0-aarch64-shippable-qr,True,False,,|w|a|r|m| |w|e|b|r|e|n|d|e|r|,102210fe594ee9b33d82058545b1ed14f4c8206e,PerceptualSpeedIndex,ebay-kleinanzeigen,True,ebay-kleinanzeigen PerceptualSpeedIndex opt warm webrender,,77,ms,geckoview,,1722843375,2023-07-07 10:08:37,1269195,,,,,,,,,,,,,,,,,,,,,,,,,,,,,,,,,,,,,,,,,,,,,,,,,TN
240,fb62b8660fcaa40ecb0be50aa61ba8005dcbba27,0.08402645883816884,autoland,4366813,13,930eca14459531ff5483e56979276f480af08a6a,android-hw-a51-11-0-aarch64-shippable-qr,True,False,,|w|a|r|m| |w|e|b|r|e|n|d|e|r|,102210fe594ee9b33d82058545b1ed14f4c8206e,PerceptualSpeedIndex,ebay-kleinanzeigen,True,ebay-kleinanzeigen PerceptualSpeedIndex opt warm webrender,,77,ms,geckoview,,1722900318,2023-07-07 14:06:48,1269286,,,,,,,,,,,,,,,,,,,,,,,,,,,,,,,,,,,,,,,,,,,,,,,,,TN
241,43977d30a10af8e193044a9aa578f2bc8b33edf7,0.08612220839609674,autoland,4366813,13,930eca14459531ff5483e56979276f480af08a6a,android-hw-a51-11-0-aarch64-shippable-qr,True,False,,|w|a|r|m| |w|e|b|r|e|n|d|e|r|,102210fe594ee9b33d82058545b1ed14f4c8206e,PerceptualSpeedIndex,ebay-kleinanzeigen,True,ebay-kleinanzeigen PerceptualSpeedIndex opt warm webrender,,77,ms,geckoview,,1723007686,2023-07-07 16:51:44,1269420,,,,,,,,,,,,,,,,,,,,,,,,,,,,,,,,,,,,,,,,,,,,,,,,,TN
242,d2be18e8ce8cd63eaddb8f012d582a2863075164,0.08782500491191303,autoland,4366813,13,930eca14459531ff5483e56979276f480af08a6a,android-hw-a51-11-0-aarch64-shippable-qr,True,False,,|w|a|r|m| |w|e|b|r|e|n|d|e|r|,102210fe594ee9b33d82058545b1ed14f4c8206e,PerceptualSpeedIndex,ebay-kleinanzeigen,True,ebay-kleinanzeigen PerceptualSpeedIndex opt warm webrender,,77,ms,geckoview,,1723221330,2023-07-08 02:51:52,1269678,,,,,,,,,,,,,,,,,,,,,,,,,,,,,,,,,,,,,,,,,,,,,,,,,TN
243,ef7d9ea0c3f751e7c525a136923c9c404c297b1f,0.08324055275394593,autoland,4366813,13,930eca14459531ff5483e56979276f480af08a6a,android-hw-a51-11-0-aarch64-shippable-qr,True,False,,|w|a|r|m| |w|e|b|r|e|n|d|e|r|,102210fe594ee9b33d82058545b1ed14f4c8206e,PerceptualSpeedIndex,ebay-kleinanzeigen,True,ebay-kleinanzeigen PerceptualSpeedIndex opt warm webrender,,77,ms,geckoview,,1723241893,2023-07-08 06:55:09,1269687,,,,,,,,,,,,,,,,,,,,,,,,,,,,,,,,,,,,,,,,,,,,,,,,,TN
244,ee68eebc7bfd59157569f7de331974b06e765482,0.0833715371013164,autoland,4366813,13,930eca14459531ff5483e56979276f480af08a6a,android-hw-a51-11-0-aarch64-shippable-qr,True,False,,|w|a|r|m| |w|e|b|r|e|n|d|e|r|,102210fe594ee9b33d82058545b1ed14f4c8206e,PerceptualSpeedIndex,ebay-kleinanzeigen,True,ebay-kleinanzeigen PerceptualSpeedIndex opt warm webrender,,77,ms,geckoview,,1723342248,2023-07-08 13:13:32,1269721,,,,,,,,,,,,,,,,,,,,,,,,,,,,,,,,,,,,,,,,,,,,,,,,,TN
245,3809d32977a2db97fd06c8fd3214256dc18af9a0,0.08952780142772943,autoland,4366813,13,930eca14459531ff5483e56979276f480af08a6a,android-hw-a51-11-0-aarch64-shippable-qr,True,False,,|w|a|r|m| |w|e|b|r|e|n|d|e|r|,102210fe594ee9b33d82058545b1ed14f4c8206e,PerceptualSpeedIndex,ebay-kleinanzeigen,True,ebay-kleinanzeigen PerceptualSpeedIndex opt warm webrender,,77,ms,geckoview,,1723346999,2023-07-08 13:22:34,1269723,,,,,,,,,,,,,,,,,,,,,,,,,,,,,,,,,,,,,,,,,,,,,,,,,TN
246,3b3b41fc7f1dad97415448fb4652eb636903a02a,0.08782500491191303,autoland,4366813,13,930eca14459531ff5483e56979276f480af08a6a,android-hw-a51-11-0-aarch64-shippable-qr,True,False,,|w|a|r|m| |w|e|b|r|e|n|d|e|r|,102210fe594ee9b33d82058545b1ed14f4c8206e,PerceptualSpeedIndex,ebay-kleinanzeigen,True,ebay-kleinanzeigen PerceptualSpeedIndex opt warm webrender,,77,ms,geckoview,,1723423334,2023-07-08 18:13:28,1269751,,,,,,,,,,,,,,,,,,,,,,,,,,,,,,,,,,,,,,,,,,,,,,,,,TN
247,47c72d2828f6f406fbe77758e1ae8cd7837af977,0.08939681708035896,autoland,4366813,13,930eca14459531ff5483e56979276f480af08a6a,android-hw-a51-11-0-aarch64-shippable-qr,True,False,,|w|a|r|m| |w|e|b|r|e|n|d|e|r|,102210fe594ee9b33d82058545b1ed14f4c8206e,PerceptualSpeedIndex,ebay-kleinanzeigen,True,ebay-kleinanzeigen PerceptualSpeedIndex opt warm webrender,,77,ms,geckoview,,1723480750,2023-07-08 22:36:06,1269766,,,,,,,,,,,,,,,,,,,,,,,,,,,,,,,,,,,,,,,,,,,,,,,,,TN
248,2ac0f03815253b96c145a52b1762ed04c50f079d,0.0839609666644836,autoland,4366813,13,930eca14459531ff5483e56979276f480af08a6a,android-hw-a51-11-0-aarch64-shippable-qr,True,False,,|w|a|r|m| |w|e|b|r|e|n|d|e|r|,102210fe594ee9b33d82058545b1ed14f4c8206e,PerceptualSpeedIndex,ebay-kleinanzeigen,True,ebay-kleinanzeigen PerceptualSpeedIndex opt warm webrender,,77,ms,geckoview,,1723516345,2023-07-09 03:04:33,1269805,,,,,,,,,,,,,,,,,,,,,,,,,,,,,,,,,,,,,,,,,,,,,,,,,TN
249,60d4eb46c8b40ab0cd000c9ef298c63c45539be7,0.07151745366428708,autoland,4366813,13,930eca14459531ff5483e56979276f480af08a6a,android-hw-a51-11-0-aarch64-shippable-qr,True,False,,|w|a|r|m| |w|e|b|r|e|n|d|e|r|,102210fe594ee9b33d82058545b1ed14f4c8206e,PerceptualSpeedIndex,ebay-kleinanzeigen,True,ebay-kleinanzeigen PerceptualSpeedIndex opt warm webrender,,77,ms,geckoview,,1723580128,2023-07-09 11:37:17,1269836,985.48,mozilla-ldap/aionescu@mozilla.com,2ac0f03815253b96c145a52b1762ed04c50f079d,38984.0,2.78,1013.66,2023-07-12 13:21:51.845495,13.0,13.0,,|178360|178361|178398|178400|178401|178402|,,1269805.0,5.0,4.0,mozilla-ldap/aionescu@mozilla.com,,1824886.0,2023-07-18 08:55:38.908402,,1.0,-28.17,178373.0,,,38984.0,,False,False,aionescu@mozilla.com,,,aionescu@mozilla.com,2023-07-11 08:55:38.908402,,,OK,,2023-07-13 13:29:49.867185,,,False,,8.51,ebay-kleinanzeigen,,"warm, webrender",2023-07-14 08:55:38.908402,SP
250,38657e8c266f862cee349b298d0679f6617a8a63,0.05619228502193985,autoland,4366813,13,930eca14459531ff5483e56979276f480af08a6a,android-hw-a51-11-0-aarch64-shippable-qr,True,False,,|w|a|r|m| |w|e|b|r|e|n|d|e|r|,102210fe594ee9b33d82058545b1ed14f4c8206e,PerceptualSpeedIndex,ebay-kleinanzeigen,True,ebay-kleinanzeigen PerceptualSpeedIndex opt warm webrender,,77,ms,geckoview,,1723638660,2023-07-09 16:14:27,1269855,,,,,,,,,,,,,,,,,,,,,,,,,,,,,,,,,,,,,,,,,,,,,,,,,TN
251,91d2d276f13316b73f0fed743d543009fcfade03,0.06241404152203811,autoland,4366813,13,930eca14459531ff5483e56979276f480af08a6a,android-hw-a51-11-0-aarch64-shippable-qr,True,False,,|w|a|r|m| |w|e|b|r|e|n|d|e|r|,102210fe594ee9b33d82058545b1ed14f4c8206e,PerceptualSpeedIndex,ebay-kleinanzeigen,True,ebay-kleinanzeigen PerceptualSpeedIndex opt warm webrender,,77,ms,geckoview,,1723648772,2023-07-09 17:38:49,1269870,,,,,,,,,,,,,,,,,,,,,,,,,,,,,,,,,,,,,,,,,,,,,,,,,TN
252,5497748101b60ab9149d6616e70cabc4c11c6cb5,0.06837382932739544,autoland,4366813,13,930eca14459531ff5483e56979276f480af08a6a,android-hw-a51-11-0-aarch64-shippable-qr,True,False,,|w|a|r|m| |w|e|b|r|e|n|d|e|r|,102210fe594ee9b33d82058545b1ed14f4c8206e,PerceptualSpeedIndex,ebay-kleinanzeigen,True,ebay-kleinanzeigen PerceptualSpeedIndex opt warm webrender,,77,ms,geckoview,,1723712639,2023-07-09 22:03:27,1269918,,,,,,,,,,,,,,,,,,,,,,,,,,,,,,,,,,,,,,,,,,,,,,,,,TN
253,aaa3698312c56a08a7b405178ee462fe3c2a30e7,0.07315475800641824,autoland,4366813,13,930eca14459531ff5483e56979276f480af08a6a,android-hw-a51-11-0-aarch64-shippable-qr,True,False,,|w|a|r|m| |w|e|b|r|e|n|d|e|r|,102210fe594ee9b33d82058545b1ed14f4c8206e,PerceptualSpeedIndex,ebay-kleinanzeigen,True,ebay-kleinanzeigen PerceptualSpeedIndex opt warm webrender,,77,ms,geckoview,,1723835894,2023-07-10 02:33:11,1269963,,,,,,,,,,,,,,,,,,,,,,,,,,,,,,,,,,,,,,,,,,,,,,,,,TN
254,7313b6429e48b58bd38ab3be47999be475f2ba6b,0.07191040670639859,autoland,4366813,13,930eca14459531ff5483e56979276f480af08a6a,android-hw-a51-11-0-aarch64-shippable-qr,True,False,,|w|a|r|m| |w|e|b|r|e|n|d|e|r|,102210fe594ee9b33d82058545b1ed14f4c8206e,PerceptualSpeedIndex,ebay-kleinanzeigen,True,ebay-kleinanzeigen PerceptualSpeedIndex opt warm webrender,,77,ms,geckoview,,1723908360,2023-07-10 08:51:48,1270053,,,,,,,,,,,,,,,,,,,,,,,,,,,,,,,,,,,,,,,,,,,,,,,,,TN
255,70fb59178ff21c468afeb592869c28371401db6a,0.0643133145589102,autoland,4366813,13,930eca14459531ff5483e56979276f480af08a6a,android-hw-a51-11-0-aarch64-shippable-qr,True,False,,|w|a|r|m| |w|e|b|r|e|n|d|e|r|,102210fe594ee9b33d82058545b1ed14f4c8206e,PerceptualSpeedIndex,ebay-kleinanzeigen,True,ebay-kleinanzeigen PerceptualSpeedIndex opt warm webrender,,77,ms,geckoview,,1724019975,2023-07-10 13:07:04,1270176,,,,,,,,,,,,,,,,,,,,,,,,,,,,,,,,,,,,,,,,,,,,,,,,,TN
256,e31033710cfe590d9e7deda75757f71ddef34207,0.06608160324841184,autoland,4366813,13,930eca14459531ff5483e56979276f480af08a6a,android-hw-a51-11-0-aarch64-shippable-qr,True,False,,|w|a|r|m| |w|e|b|r|e|n|d|e|r|,102210fe594ee9b33d82058545b1ed14f4c8206e,PerceptualSpeedIndex,ebay-kleinanzeigen,True,ebay-kleinanzeigen PerceptualSpeedIndex opt warm webrender,,77,ms,geckoview,,1724048424,2023-07-10 14:01:57,1270199,,,,,,,,,,,,,,,,,,,,,,,,,,,,,,,,,,,,,,,,,,,,,,,,,TN
257,1c909f267af625b4c370b6735113e1cafc94bbad,0.07236885192219533,autoland,4366813,13,930eca14459531ff5483e56979276f480af08a6a,android-hw-a51-11-0-aarch64-shippable-qr,True,False,,|w|a|r|m| |w|e|b|r|e|n|d|e|r|,102210fe594ee9b33d82058545b1ed14f4c8206e,PerceptualSpeedIndex,ebay-kleinanzeigen,True,ebay-kleinanzeigen PerceptualSpeedIndex opt warm webrender,,77,ms,geckoview,,1724193664,2023-07-10 18:14:55,1270330,,,,,,,,,,,,,,,,,,,,,,,,,,,,,,,,,,,,,,,,,,,,,,,,,TN
258,923b28f88778b9de2f2a694c75dcb313148c0fc5,0.07466107800117894,autoland,4366813,13,930eca14459531ff5483e56979276f480af08a6a,android-hw-a51-11-0-aarch64-shippable-qr,True,False,,|w|a|r|m| |w|e|b|r|e|n|d|e|r|,102210fe594ee9b33d82058545b1ed14f4c8206e,PerceptualSpeedIndex,ebay-kleinanzeigen,True,ebay-kleinanzeigen PerceptualSpeedIndex opt warm webrender,,77,ms,geckoview,,1724241994,2023-07-10 19:48:56,1270385,,,,,,,,,,,,,,,,,,,,,,,,,,,,,,,,,,,,,,,,,,,,,,,,,TN
259,b6a3e16c65e1298418f1aaf966dd3071d644075b,0.05940140153251683,autoland,4366813,13,930eca14459531ff5483e56979276f480af08a6a,android-hw-a51-11-0-aarch64-shippable-qr,True,False,,|w|a|r|m| |w|e|b|r|e|n|d|e|r|,102210fe594ee9b33d82058545b1ed14f4c8206e,PerceptualSpeedIndex,ebay-kleinanzeigen,True,ebay-kleinanzeigen PerceptualSpeedIndex opt warm webrender,,77,ms,geckoview,,1724342033,2023-07-11 01:42:54,1270560,,,,,,,,,,,,,,,,,,,,,,,,,,,,,,,,,,,,,,,,,,,,,,,,,TN
260,bd6b3707b0b4eb7dd36fd65f81325cd71a20ab43,0.06346191630100206,autoland,4366813,13,930eca14459531ff5483e56979276f480af08a6a,android-hw-a51-11-0-aarch64-shippable-qr,True,False,,|w|a|r|m| |w|e|b|r|e|n|d|e|r|,102210fe594ee9b33d82058545b1ed14f4c8206e,PerceptualSpeedIndex,ebay-kleinanzeigen,True,ebay-kleinanzeigen PerceptualSpeedIndex opt warm webrender,,77,ms,geckoview,,1724433265,2023-07-11 06:35:00,1270619,,,,,,,,,,,,,,,,,,,,,,,,,,,,,,,,,,,,,,,,,,,,,,,,,TN
261,6f3d3f416c953a7c5f64b907c4afb5906a1868a3,0.06319994760626113,autoland,4366813,13,930eca14459531ff5483e56979276f480af08a6a,android-hw-a51-11-0-aarch64-shippable-qr,True,False,,|w|a|r|m| |w|e|b|r|e|n|d|e|r|,102210fe594ee9b33d82058545b1ed14f4c8206e,PerceptualSpeedIndex,ebay-kleinanzeigen,True,ebay-kleinanzeigen PerceptualSpeedIndex opt warm webrender,,77,ms,geckoview,,1724501277,2023-07-11 08:55:46,1270644,,,,,,,,,,,,,,,,,,,,,,,,,,,,,,,,,,,,,,,,,,,,,,,,,TN
262,0c47c1159e0a060ee709f9f8f854bfad27f86c85,0.05848451110092345,autoland,4366813,13,930eca14459531ff5483e56979276f480af08a6a,android-hw-a51-11-0-aarch64-shippable-qr,True,False,,|w|a|r|m| |w|e|b|r|e|n|d|e|r|,102210fe594ee9b33d82058545b1ed14f4c8206e,PerceptualSpeedIndex,ebay-kleinanzeigen,True,ebay-kleinanzeigen PerceptualSpeedIndex opt warm webrender,,77,ms,geckoview,,1724600305,2023-07-11 13:33:02,1270792,,,,,,,,,,,,,,,,,,,,,,,,,,,,,,,,,,,,,,,,,,,,,,,,,TN
263,3100a08eeee126bc592700ba015d42a4eeabd552,0.06588512672735602,autoland,4366813,13,930eca14459531ff5483e56979276f480af08a6a,android-hw-a51-11-0-aarch64-shippable-qr,True,False,,|w|a|r|m| |w|e|b|r|e|n|d|e|r|,102210fe594ee9b33d82058545b1ed14f4c8206e,PerceptualSpeedIndex,ebay-kleinanzeigen,True,ebay-kleinanzeigen PerceptualSpeedIndex opt warm webrender,,77,ms,geckoview,,1724612352,2023-07-11 14:06:52,1270802,,,,,,,,,,,,,,,,,,,,,,,,,,,,,,,,,,,,,,,,,,,,,,,,,TN
264,87db7bb709335405232188624e8b3fa9990fd678,0.06359290064837253,autoland,4366813,13,930eca14459531ff5483e56979276f480af08a6a,android-hw-a51-11-0-aarch64-shippable-qr,True,False,,|w|a|r|m| |w|e|b|r|e|n|d|e|r|,102210fe594ee9b33d82058545b1ed14f4c8206e,PerceptualSpeedIndex,ebay-kleinanzeigen,True,ebay-kleinanzeigen PerceptualSpeedIndex opt warm webrender,,77,ms,geckoview,,1724801499,2023-07-11 18:36:01,1270977,,,,,,,,,,,,,,,,,,,,,,,,,,,,,,,,,,,,,,,,,,,,,,,,,TN
265,799309422d5f66cd280bc2aa8f49a203faaf670f,0.07557796843277231,autoland,4366813,13,930eca14459531ff5483e56979276f480af08a6a,android-hw-a51-11-0-aarch64-shippable-qr,True,False,,|w|a|r|m| |w|e|b|r|e|n|d|e|r|,102210fe594ee9b33d82058545b1ed14f4c8206e,PerceptualSpeedIndex,ebay-kleinanzeigen,True,ebay-kleinanzeigen PerceptualSpeedIndex opt warm webrender,,77,ms,geckoview,,1724887330,2023-07-11 22:00:07,1271127,,,,,,,,,,,,,,,,,,,,,,,,,,,,,,,,,,,,,,,,,,,,,,,,,TN
266,409794f954d9150f8da58e49d75898a655aca25d,0.07073154758006428,autoland,4366813,13,930eca14459531ff5483e56979276f480af08a6a,android-hw-a51-11-0-aarch64-shippable-qr,True,False,,|w|a|r|m| |w|e|b|r|e|n|d|e|r|,102210fe594ee9b33d82058545b1ed14f4c8206e,PerceptualSpeedIndex,ebay-kleinanzeigen,True,ebay-kleinanzeigen PerceptualSpeedIndex opt warm webrender,,77,ms,geckoview,,1724961964,2023-07-12 03:43:13,1271221,,,,,,,,,,,,,,,,,,,,,,,,,,,,,,,,,,,,,,,,,,,,,,,,,TN
267,3df39b644daab1c941ea8f68e6f1e1018058b95e,0.04885716156919251,autoland,4366813,13,930eca14459531ff5483e56979276f480af08a6a,android-hw-a51-11-0-aarch64-shippable-qr,True,False,,|w|a|r|m| |w|e|b|r|e|n|d|e|r|,102210fe594ee9b33d82058545b1ed14f4c8206e,PerceptualSpeedIndex,ebay-kleinanzeigen,True,ebay-kleinanzeigen PerceptualSpeedIndex opt warm webrender,,77,ms,geckoview,,1725005602,2023-07-12 07:41:52,1271289,,,,,,,,,,,,,,,,,,,,,,,,,,,,,,,,,,,,,,,,,,,,,,,,,TN
268,323cd57deb4d5a322c892f49b9141687d7561c0b,0.06516471281681846,autoland,4366813,13,930eca14459531ff5483e56979276f480af08a6a,android-hw-a51-11-0-aarch64-shippable-qr,True,False,,|w|a|r|m| |w|e|b|r|e|n|d|e|r|,102210fe594ee9b33d82058545b1ed14f4c8206e,PerceptualSpeedIndex,ebay-kleinanzeigen,True,ebay-kleinanzeigen PerceptualSpeedIndex opt warm webrender,,77,ms,geckoview,,1725142361,2023-07-12 11:57:10,1271397,,,,,,,,,,,,,,,,,,,,,,,,,,,,,,,,,,,,,,,,,,,,,,,,,TN
269,09a138b12b3b18e85b4234788a6f92fa756908af,0.07066605540637894,autoland,4366813,13,930eca14459531ff5483e56979276f480af08a6a,android-hw-a51-11-0-aarch64-shippable-qr,True,False,,|w|a|r|m| |w|e|b|r|e|n|d|e|r|,102210fe594ee9b33d82058545b1ed14f4c8206e,PerceptualSpeedIndex,ebay-kleinanzeigen,True,ebay-kleinanzeigen PerceptualSpeedIndex opt warm webrender,,77,ms,geckoview,,1725152141,2023-07-12 14:40:04,1271467,,,,,,,,,,,,,,,,,,,,,,,,,,,,,,,,,,,,,,,,,,,,,,,,,TN
270,5af60a4168846b5be7576faecbb5050fa6d965cf,0.0688977667168773,autoland,4366813,13,930eca14459531ff5483e56979276f480af08a6a,android-hw-a51-11-0-aarch64-shippable-qr,True,False,,|w|a|r|m| |w|e|b|r|e|n|d|e|r|,102210fe594ee9b33d82058545b1ed14f4c8206e,PerceptualSpeedIndex,ebay-kleinanzeigen,True,ebay-kleinanzeigen PerceptualSpeedIndex opt warm webrender,,77,ms,geckoview,,1725273721,2023-07-12 19:44:39,1271665,,,,,,,,,,,,,,,,,,,,,,,,,,,,,,,,,,,,,,,,,,,,,,,,,TN
271,0724fde82b2fe250010f13a500b6c525eaf3abb5,0.06667103281157905,autoland,4366813,13,930eca14459531ff5483e56979276f480af08a6a,android-hw-a51-11-0-aarch64-shippable-qr,True,False,,|w|a|r|m| |w|e|b|r|e|n|d|e|r|,102210fe594ee9b33d82058545b1ed14f4c8206e,PerceptualSpeedIndex,ebay-kleinanzeigen,True,ebay-kleinanzeigen PerceptualSpeedIndex opt warm webrender,,77,ms,geckoview,,1725394506,2023-07-13 04:00:14,1271916,,,,,,,,,,,,,,,,,,,,,,,,,,,,,,,,,,,,,,,,,,,,,,,,,TN
272,3170f4f57d01091d2a74fe40ee6f4ab8efa7351a,0.07328574235378871,autoland,4366813,13,930eca14459531ff5483e56979276f480af08a6a,android-hw-a51-11-0-aarch64-shippable-qr,True,False,,|w|a|r|m| |w|e|b|r|e|n|d|e|r|,102210fe594ee9b33d82058545b1ed14f4c8206e,PerceptualSpeedIndex,ebay-kleinanzeigen,True,ebay-kleinanzeigen PerceptualSpeedIndex opt warm webrender,,77,ms,geckoview,,1725460314,2023-07-13 08:20:37,1271978,,,,,,,,,,,,,,,,,,,,,,,,,,,,,,,,,,,,,,,,,,,,,,,,,TN
273,1bfb25414a090700f286cd06319e91cb9ac6e336,0.07112450062217568,autoland,4366813,13,930eca14459531ff5483e56979276f480af08a6a,android-hw-a51-11-0-aarch64-shippable-qr,True,False,,|w|a|r|m| |w|e|b|r|e|n|d|e|r|,102210fe594ee9b33d82058545b1ed14f4c8206e,PerceptualSpeedIndex,ebay-kleinanzeigen,True,ebay-kleinanzeigen PerceptualSpeedIndex opt warm webrender,,77,ms,geckoview,,1725591097,2023-07-13 11:47:10,1272070,,,,,,,,,,,,,,,,,,,,,,,,,,,,,,,,,,,,,,,,,,,,,,,,,TN
274,411654dc3bffdf2358079fc20c662dc3c58a2363,0.07138646931691672,autoland,4366813,13,930eca14459531ff5483e56979276f480af08a6a,android-hw-a51-11-0-aarch64-shippable-qr,True,False,,|w|a|r|m| |w|e|b|r|e|n|d|e|r|,102210fe594ee9b33d82058545b1ed14f4c8206e,PerceptualSpeedIndex,ebay-kleinanzeigen,True,ebay-kleinanzeigen PerceptualSpeedIndex opt warm webrender,,77,ms,geckoview,,1725749697,2023-07-13 14:50:19,1272192,,,,,,,,,,,,,,,,,,,,,,,,,,,,,,,,,,,,,,,,,,,,,,,,,TN
275,93efae7712c8170b189d6e2d626af9bc74ee9f33,0.07380967974327068,autoland,4366813,13,930eca14459531ff5483e56979276f480af08a6a,android-hw-a51-11-0-aarch64-shippable-qr,True,False,,|w|a|r|m| |w|e|b|r|e|n|d|e|r|,102210fe594ee9b33d82058545b1ed14f4c8206e,PerceptualSpeedIndex,ebay-kleinanzeigen,True,ebay-kleinanzeigen PerceptualSpeedIndex opt warm webrender,,77,ms,geckoview,,1725827676,2023-07-13 19:23:25,1272383,,,,,,,,,,,,,,,,,,,,,,,,,,,,,,,,,,,,,,,,,,,,,,,,,TN
276,d7363bddf2b82c4f02c60bf1f3236c1853a1d788,0.07223786757482487,autoland,4366813,13,930eca14459531ff5483e56979276f480af08a6a,android-hw-a51-11-0-aarch64-shippable-qr,True,False,,|w|a|r|m| |w|e|b|r|e|n|d|e|r|,102210fe594ee9b33d82058545b1ed14f4c8206e,PerceptualSpeedIndex,ebay-kleinanzeigen,True,ebay-kleinanzeigen PerceptualSpeedIndex opt warm webrender,,77,ms,geckoview,,1725915931,2023-07-13 23:46:26,1272530,,,,,,,,,,,,,,,,,,,,,,,,,,,,,,,,,,,,,,,,,,,,,,,,,TN
277,ce811b4b8e62538cba1620fbe1f66b6963a00103,0.08513982579081802,autoland,4366813,13,930eca14459531ff5483e56979276f480af08a6a,android-hw-a51-11-0-aarch64-shippable-qr,True,False,,|w|a|r|m| |w|e|b|r|e|n|d|e|r|,102210fe594ee9b33d82058545b1ed14f4c8206e,PerceptualSpeedIndex,ebay-kleinanzeigen,True,ebay-kleinanzeigen PerceptualSpeedIndex opt warm webrender,,77,ms,geckoview,,1725925981,2023-07-14 00:33:08,1272546,,,,,,,,,,,,,,,,,,,,,,,,,,,,,,,,,,,,,,,,,,,,,,,,,TN
278,196cda3a105202c8969a926a0637db0e0014c07d,0.06608160324841184,autoland,4366813,13,930eca14459531ff5483e56979276f480af08a6a,android-hw-a51-11-0-aarch64-shippable-qr,True,False,,|w|a|r|m| |w|e|b|r|e|n|d|e|r|,102210fe594ee9b33d82058545b1ed14f4c8206e,PerceptualSpeedIndex,ebay-kleinanzeigen,True,ebay-kleinanzeigen PerceptualSpeedIndex opt warm webrender,,77,ms,geckoview,,1725990225,2023-07-14 05:34:55,1272621,,,,,,,,,,,,,,,,,,,,,,,,,,,,,,,,,,,,,,,,,,,,,,,,,TN
279,2c2b2040f7a3a963eaf19ecd574a96682fb4e6c3,0.08880738751719164,autoland,4366813,13,930eca14459531ff5483e56979276f480af08a6a,android-hw-a51-11-0-aarch64-shippable-qr,True,False,,|w|a|r|m| |w|e|b|r|e|n|d|e|r|,102210fe594ee9b33d82058545b1ed14f4c8206e,PerceptualSpeedIndex,ebay-kleinanzeigen,True,ebay-kleinanzeigen PerceptualSpeedIndex opt warm webrender,,77,ms,geckoview,,1726051896,2023-07-14 08:41:57,1272676,,,,,,,,,,,,,,,,,,,,,,,,,,,,,,,,,,,,,,,,,,,,,,,,,TN
280,f04d14e8c457c340e7bb0c8955b7a42e3ed32c84,0.06077673717990706,autoland,4366813,13,930eca14459531ff5483e56979276f480af08a6a,android-hw-a51-11-0-aarch64-shippable-qr,True,False,,|w|a|r|m| |w|e|b|r|e|n|d|e|r|,102210fe594ee9b33d82058545b1ed14f4c8206e,PerceptualSpeedIndex,ebay-kleinanzeigen,True,ebay-kleinanzeigen PerceptualSpeedIndex opt warm webrender,,77,ms,geckoview,,1726239390,2023-07-14 12:49:37,1272721,,,,,,,,,,,,,,,,,,,,,,,,,,,,,,,,,,,,,,,,,,,,,,,,,TN
281,379fa15b7cfddd1f92027d8c39b32706dc0f59a8,0.06817735280633963,autoland,4366813,13,930eca14459531ff5483e56979276f480af08a6a,android-hw-a51-11-0-aarch64-shippable-qr,True,False,,|w|a|r|m| |w|e|b|r|e|n|d|e|r|,102210fe594ee9b33d82058545b1ed14f4c8206e,PerceptualSpeedIndex,ebay-kleinanzeigen,True,ebay-kleinanzeigen PerceptualSpeedIndex opt warm webrender,,77,ms,geckoview,,1726355316,2023-07-14 16:10:08,1272833,,,,,,,,,,,,,,,,,,,,,,,,,,,,,,,,,,,,,,,,,,,,,,,,,TN
282,f65db437bbbe4d54d073843c79519c0a373ada5c,0.0635274084746873,autoland,4366813,13,930eca14459531ff5483e56979276f480af08a6a,android-hw-a51-11-0-aarch64-shippable-qr,True,False,,|w|a|r|m| |w|e|b|r|e|n|d|e|r|,102210fe594ee9b33d82058545b1ed14f4c8206e,PerceptualSpeedIndex,ebay-kleinanzeigen,True,ebay-kleinanzeigen PerceptualSpeedIndex opt warm webrender,,77,ms,geckoview,,1726477146,2023-07-14 21:22:48,1272987,,,,,,,,,,,,,,,,,,,,,,,,,,,,,,,,,,,,,,,,,,,,,,,,,TN
283,2fa0f2941257f51a55bcabee0f1913fe395266b0,0.0620210884799266,autoland,4366813,13,930eca14459531ff5483e56979276f480af08a6a,android-hw-a51-11-0-aarch64-shippable-qr,True,False,,|w|a|r|m| |w|e|b|r|e|n|d|e|r|,102210fe594ee9b33d82058545b1ed14f4c8206e,PerceptualSpeedIndex,ebay-kleinanzeigen,True,ebay-kleinanzeigen PerceptualSpeedIndex opt warm webrender,,77,ms,geckoview,,1726497780,2023-07-14 22:30:09,1273018,,,,,,,,,,,,,,,,,,,,,,,,,,,,,,,,,,,,,,,,,,,,,,,,,TN
284,1e09c6aabfcd1088a923373e95d74f457e863755,0.05658523806405136,autoland,4366813,13,930eca14459531ff5483e56979276f480af08a6a,android-hw-a51-11-0-aarch64-shippable-qr,True,False,,|w|a|r|m| |w|e|b|r|e|n|d|e|r|,102210fe594ee9b33d82058545b1ed14f4c8206e,PerceptualSpeedIndex,ebay-kleinanzeigen,True,ebay-kleinanzeigen PerceptualSpeedIndex opt warm webrender,,77,ms,geckoview,,1726519799,2023-07-15 02:41:28,1273070,,,,,,,,,,,,,,,,,,,,,,,,,,,,,,,,,,,,,,,,,,,,,,,,,TN
285,3a71e5ba50017ceb558d246e6ea58f8d5a57a3af,0.05383456676927112,autoland,4366813,13,930eca14459531ff5483e56979276f480af08a6a,android-hw-a51-11-0-aarch64-shippable-qr,True,False,,|w|a|r|m| |w|e|b|r|e|n|d|e|r|,102210fe594ee9b33d82058545b1ed14f4c8206e,PerceptualSpeedIndex,ebay-kleinanzeigen,True,ebay-kleinanzeigen PerceptualSpeedIndex opt warm webrender,,77,ms,geckoview,,1726590423,2023-07-15 12:36:57,1273110,,,,,,,,,,,,,,,,,,,,,,,,,,,,,,,,,,,,,,,,,,,,,,,,,TN
286,23e9067195200f00248b6c027bfae113965bf3ea,0.0572401598009038,autoland,4366813,13,930eca14459531ff5483e56979276f480af08a6a,android-hw-a51-11-0-aarch64-shippable-qr,True,False,,|w|a|r|m| |w|e|b|r|e|n|d|e|r|,102210fe594ee9b33d82058545b1ed14f4c8206e,PerceptualSpeedIndex,ebay-kleinanzeigen,True,ebay-kleinanzeigen PerceptualSpeedIndex opt warm webrender,,77,ms,geckoview,,1726631724,2023-07-15 18:59:02,1273125,,,,,,,,,,,,,,,,,,,,,,,,,,,,,,,,,,,,,,,,,,,,,,,,,TN
287,29be5ceedcdd2e835a383389153d9264d9b81217,0.06058026065885136,autoland,4366813,13,930eca14459531ff5483e56979276f480af08a6a,android-hw-a51-11-0-aarch64-shippable-qr,True,False,,|w|a|r|m| |w|e|b|r|e|n|d|e|r|,102210fe594ee9b33d82058545b1ed14f4c8206e,PerceptualSpeedIndex,ebay-kleinanzeigen,True,ebay-kleinanzeigen PerceptualSpeedIndex opt warm webrender,,77,ms,geckoview,,1726675782,2023-07-16 02:22:04,1273151,,,,,,,,,,,,,,,,,,,,,,,,,,,,,,,,,,,,,,,,,,,,,,,,,TN
288,2d64faa1590722f6ec14781ee5e175a2c875171c,0.06437880673259544,autoland,4366813,13,930eca14459531ff5483e56979276f480af08a6a,android-hw-a51-11-0-aarch64-shippable-qr,True,False,,|w|a|r|m| |w|e|b|r|e|n|d|e|r|,102210fe594ee9b33d82058545b1ed14f4c8206e,PerceptualSpeedIndex,ebay-kleinanzeigen,True,ebay-kleinanzeigen PerceptualSpeedIndex opt warm webrender,,77,ms,geckoview,,1726770243,2023-07-16 17:40:24,1273186,,,,,,,,,,,,,,,,,,,,,,,,,,,,,,,,,,,,,,,,,,,,,,,,,TN
289,ef60c7cdcb76172f1caf579529cf9fb756de4dbd,0.06712947802737579,autoland,4366813,13,930eca14459531ff5483e56979276f480af08a6a,android-hw-a51-11-0-aarch64-shippable-qr,True,False,,|w|a|r|m| |w|e|b|r|e|n|d|e|r|,102210fe594ee9b33d82058545b1ed14f4c8206e,PerceptualSpeedIndex,ebay-kleinanzeigen,True,ebay-kleinanzeigen PerceptualSpeedIndex opt warm webrender,,77,ms,geckoview,,1726905555,2023-07-17 10:08:58,1273362,,,,,,,,,,,,,,,,,,,,,,,,,,,,,,,,,,,,,,,,,,,,,,,,,TN
290,e90e64d1c5a944feafdb48fe3527c9aeeac00ec9,0.06660554063789381,autoland,4366813,13,930eca14459531ff5483e56979276f480af08a6a,android-hw-a51-11-0-aarch64-shippable-qr,True,False,,|w|a|r|m| |w|e|b|r|e|n|d|e|r|,102210fe594ee9b33d82058545b1ed14f4c8206e,PerceptualSpeedIndex,ebay-kleinanzeigen,True,ebay-kleinanzeigen PerceptualSpeedIndex opt warm webrender,,77,ms,geckoview,,1726967041,2023-07-17 14:30:30,1273474,,,,,,,,,,,,,,,,,,,,,,,,,,,,,,,,,,,,,,,,,,,,,,,,,TN
291,01dc0385e5b93df37aef43d60cd1105523eae328,0.05822254240618252,autoland,4366813,13,930eca14459531ff5483e56979276f480af08a6a,android-hw-a51-11-0-aarch64-shippable-qr,True,False,,|w|a|r|m| |w|e|b|r|e|n|d|e|r|,102210fe594ee9b33d82058545b1ed14f4c8206e,PerceptualSpeedIndex,ebay-kleinanzeigen,True,ebay-kleinanzeigen PerceptualSpeedIndex opt warm webrender,,77,ms,geckoview,,1727059050,2023-07-17 16:07:24,1273529,,,,,,,,,,,,,,,,,,,,,,,,,,,,,,,,,,,,,,,,,,,,,,,,,TN
292,f2c1249026167b30c81eff3368093a442a915826,0.07092802410111998,autoland,4366813,13,930eca14459531ff5483e56979276f480af08a6a,android-hw-a51-11-0-aarch64-shippable-qr,True,False,,|w|a|r|m| |w|e|b|r|e|n|d|e|r|,102210fe594ee9b33d82058545b1ed14f4c8206e,PerceptualSpeedIndex,ebay-kleinanzeigen,True,ebay-kleinanzeigen PerceptualSpeedIndex opt warm webrender,,77,ms,geckoview,,1727148493,2023-07-17 20:04:09,1273673,,,,,,,,,,,,,,,,,,,,,,,,,,,,,,,,,,,,,,,,,,,,,,,,,TN
293,bbea40f618ed9435d7c989dcb18dc1ba34d55d4c,0.06863579802213637,autoland,4366813,13,930eca14459531ff5483e56979276f480af08a6a,android-hw-a51-11-0-aarch64-shippable-qr,True,False,,|w|a|r|m| |w|e|b|r|e|n|d|e|r|,102210fe594ee9b33d82058545b1ed14f4c8206e,PerceptualSpeedIndex,ebay-kleinanzeigen,True,ebay-kleinanzeigen PerceptualSpeedIndex opt warm webrender,,77,ms,geckoview,,1727217154,2023-07-17 23:40:15,1273797,,,,,,,,,,,,,,,,,,,,,,,,,,,,,,,,,,,,,,,,,,,,,,,,,TN
294,35e42e5979dac0b99828194869d5dc00365b37fb,0.06385486934311357,autoland,4366813,13,930eca14459531ff5483e56979276f480af08a6a,android-hw-a51-11-0-aarch64-shippable-qr,True,False,,|w|a|r|m| |w|e|b|r|e|n|d|e|r|,102210fe594ee9b33d82058545b1ed14f4c8206e,PerceptualSpeedIndex,ebay-kleinanzeigen,True,ebay-kleinanzeigen PerceptualSpeedIndex opt warm webrender,,77,ms,geckoview,,1727271821,2023-07-18 04:33:35,1273869,,,,,,,,,,,,,,,,,,,,,,,,,,,,,,,,,,,,,,,,,,,,,,,,,TN
295,ff623ceacdca87e37ceaa8e2d7f2072d5a7ae7fb,0.06025279979042508,autoland,4366813,13,930eca14459531ff5483e56979276f480af08a6a,android-hw-a51-11-0-aarch64-shippable-qr,True,False,,|w|a|r|m| |w|e|b|r|e|n|d|e|r|,102210fe594ee9b33d82058545b1ed14f4c8206e,PerceptualSpeedIndex,ebay-kleinanzeigen,True,ebay-kleinanzeigen PerceptualSpeedIndex opt warm webrender,,77,ms,geckoview,,1727396178,2023-07-18 08:33:44,1273935,,,,,,,,,,,,,,,,,,,,,,,,,,,,,,,,,,,,,,,,,,,,,,,,,TN
296,ed8bcaa0195e582a53b92eeac99b65a9c1f06da2,0.06562315803261509,autoland,4366813,13,930eca14459531ff5483e56979276f480af08a6a,android-hw-a51-11-0-aarch64-shippable-qr,True,False,,|w|a|r|m| |w|e|b|r|e|n|d|e|r|,102210fe594ee9b33d82058545b1ed14f4c8206e,PerceptualSpeedIndex,ebay-kleinanzeigen,True,ebay-kleinanzeigen PerceptualSpeedIndex opt warm webrender,,77,ms,geckoview,,1727390325,2023-07-18 08:34:31,1273936,,,,,,,,,,,,,,,,,,,,,,,,,,,,,,,,,,,,,,,,,,,,,,,,,TN
297,bcffaa369c722f4ebfa7cb8af6a3fc605e2efa10,0.063723884995743,autoland,4366813,13,930eca14459531ff5483e56979276f480af08a6a,android-hw-a51-11-0-aarch64-shippable-qr,True,False,,|w|a|r|m| |w|e|b|r|e|n|d|e|r|,102210fe594ee9b33d82058545b1ed14f4c8206e,PerceptualSpeedIndex,ebay-kleinanzeigen,True,ebay-kleinanzeigen PerceptualSpeedIndex opt warm webrender,,77,ms,geckoview,,1727532899,2023-07-18 13:03:29,1274068,,,,,,,,,,,,,,,,,,,,,,,,,,,,,,,,,,,,,,,,,,,,,,,,,TN
298,0de8fdd9abfcc9f9019857d255157b5eb799f98b,0.07413714061169685,autoland,4366813,13,930eca14459531ff5483e56979276f480af08a6a,android-hw-a51-11-0-aarch64-shippable-qr,True,False,,|w|a|r|m| |w|e|b|r|e|n|d|e|r|,102210fe594ee9b33d82058545b1ed14f4c8206e,PerceptualSpeedIndex,ebay-kleinanzeigen,True,ebay-kleinanzeigen PerceptualSpeedIndex opt warm webrender,,77,ms,geckoview,,1727595519,2023-07-18 13:45:23,1274096,,,,,,,,,,,,,,,,,,,,,,,,,,,,,,,,,,,,,,,,,,,,,,,,,TN
299,9330f8cb5765b67a89ac1427300f344a63d42cdc,0.062086580653611945,autoland,4366813,13,930eca14459531ff5483e56979276f480af08a6a,android-hw-a51-11-0-aarch64-shippable-qr,True,False,,|w|a|r|m| |w|e|b|r|e|n|d|e|r|,102210fe594ee9b33d82058545b1ed14f4c8206e,PerceptualSpeedIndex,ebay-kleinanzeigen,True,ebay-kleinanzeigen PerceptualSpeedIndex opt warm webrender,,77,ms,geckoview,,1727665011,2023-07-18 17:24:29,1274230,,,,,,,,,,,,,,,,,,,,,,,,,,,,,,,,,,,,,,,,,,,,,,,,,TN
300,b39dcefbe15f24fbf00da64782588b71ef8277a6,0.06044927631148078,autoland,4366813,13,930eca14459531ff5483e56979276f480af08a6a,android-hw-a51-11-0-aarch64-shippable-qr,True,False,,|w|a|r|m| |w|e|b|r|e|n|d|e|r|,102210fe594ee9b33d82058545b1ed14f4c8206e,PerceptualSpeedIndex,ebay-kleinanzeigen,True,ebay-kleinanzeigen PerceptualSpeedIndex opt warm webrender,,77,ms,geckoview,,1727808889,2023-07-18 22:22:09,1274408,,,,,,,,,,,,,,,,,,,,,,,,,,,,,,,,,,,,,,,,,,,,,,,,,TN
301,a8acb9b8880c2f1c2cf5891e5a20997a21d9d909,0.07099351627480521,autoland,4366813,13,930eca14459531ff5483e56979276f480af08a6a,android-hw-a51-11-0-aarch64-shippable-qr,True,False,,|w|a|r|m| |w|e|b|r|e|n|d|e|r|,102210fe594ee9b33d82058545b1ed14f4c8206e,PerceptualSpeedIndex,ebay-kleinanzeigen,True,ebay-kleinanzeigen PerceptualSpeedIndex opt warm webrender,,77,ms,geckoview,,1727842343,2023-07-18 23:34:55,1274454,,,,,,,,,,,,,,,,,,,,,,,,,,,,,,,,,,,,,,,,,,,,,,,,,TN
302,49a85b3b07e07c1158f9cb0c1f58b67fc2d659f7,0.06778439976422823,autoland,4366813,13,930eca14459531ff5483e56979276f480af08a6a,android-hw-a51-11-0-aarch64-shippable-qr,True,False,,|w|a|r|m| |w|e|b|r|e|n|d|e|r|,102210fe594ee9b33d82058545b1ed14f4c8206e,PerceptualSpeedIndex,ebay-kleinanzeigen,True,ebay-kleinanzeigen PerceptualSpeedIndex opt warm webrender,,77,ms,geckoview,,1727960298,2023-07-19 05:12:28,1274587,,,,,,,,,,,,,,,,,,,,,,,,,,,,,,,,,,,,,,,,,,,,,,,,,TN
303,140d21dede36ec0333dbfd36cf0d1320eee6cba4,0.0643133145589102,autoland,4366813,13,930eca14459531ff5483e56979276f480af08a6a,android-hw-a51-11-0-aarch64-shippable-qr,True,False,,|w|a|r|m| |w|e|b|r|e|n|d|e|r|,102210fe594ee9b33d82058545b1ed14f4c8206e,PerceptualSpeedIndex,ebay-kleinanzeigen,True,ebay-kleinanzeigen PerceptualSpeedIndex opt warm webrender,,77,ms,geckoview,,1728064049,2023-07-19 08:12:16,1274646,,,,,,,,,,,,,,,,,,,,,,,,,,,,,,,,,,,,,,,,,,,,,,,,,TN
304,b8d9ace4647851e162743362d884084c81a969ab,0.0791800379854608,autoland,4366813,13,930eca14459531ff5483e56979276f480af08a6a,android-hw-a51-11-0-aarch64-shippable-qr,True,False,,|w|a|r|m| |w|e|b|r|e|n|d|e|r|,102210fe594ee9b33d82058545b1ed14f4c8206e,PerceptualSpeedIndex,ebay-kleinanzeigen,True,ebay-kleinanzeigen PerceptualSpeedIndex opt warm webrender,,77,ms,geckoview,,1728276648,2023-07-19 12:13:12,1274744,,,,,,,,,,,,,,,,,,,,,,,,,,,,,,,,,,,,,,,,,,,,,,,,,TN
305,c1d9936545b5ba143392d27280eb1d56af5ac580,0.06955268845372975,autoland,4366813,13,930eca14459531ff5483e56979276f480af08a6a,android-hw-a51-11-0-aarch64-shippable-qr,True,False,,|w|a|r|m| |w|e|b|r|e|n|d|e|r|,102210fe594ee9b33d82058545b1ed14f4c8206e,PerceptualSpeedIndex,ebay-kleinanzeigen,True,ebay-kleinanzeigen PerceptualSpeedIndex opt warm webrender,,77,ms,geckoview,,1728556715,2023-07-19 14:37:00,1274851,,,,,,,,,,,,,,,,,,,,,,,,,,,,,,,,,,,,,,,,,,,,,,,,,TN
306,a4cb1e2b9e3d0583fb35c77b1b5a61823240d23a,0.06464077542733648,autoland,4366813,13,930eca14459531ff5483e56979276f480af08a6a,android-hw-a51-11-0-aarch64-shippable-qr,True,False,,|w|a|r|m| |w|e|b|r|e|n|d|e|r|,102210fe594ee9b33d82058545b1ed14f4c8206e,PerceptualSpeedIndex,ebay-kleinanzeigen,True,ebay-kleinanzeigen PerceptualSpeedIndex opt warm webrender,,77,ms,geckoview,,1728572707,2023-07-19 18:46:51,1275034,,,,,,,,,,,,,,,,,,,,,,,,,,,,,,,,,,,,,,,,,,,,,,,,,TN
307,7d1e4a896dd81d294b7bccc7c20345d7c0432b47,0.07577444495382801,autoland,4366813,13,930eca14459531ff5483e56979276f480af08a6a,android-hw-a51-11-0-aarch64-shippable-qr,True,False,,|w|a|r|m| |w|e|b|r|e|n|d|e|r|,102210fe594ee9b33d82058545b1ed14f4c8206e,PerceptualSpeedIndex,ebay-kleinanzeigen,True,ebay-kleinanzeigen PerceptualSpeedIndex opt warm webrender,,77,ms,geckoview,,1728669850,2023-07-19 22:17:04,1275176,,,,,,,,,,,,,,,,,,,,,,,,,,,,,,,,,,,,,,,,,,,,,,,,,TN
308,e73cc92e62dbaf2e2cdb70a1d9890da611a2b772,0.07138646931691672,autoland,4366813,13,930eca14459531ff5483e56979276f480af08a6a,android-hw-a51-11-0-aarch64-shippable-qr,True,False,,|w|a|r|m| |w|e|b|r|e|n|d|e|r|,102210fe594ee9b33d82058545b1ed14f4c8206e,PerceptualSpeedIndex,ebay-kleinanzeigen,True,ebay-kleinanzeigen PerceptualSpeedIndex opt warm webrender,,77,ms,geckoview,,1728784774,2023-07-20 03:34:20,1275291,,,,,,,,,,,,,,,,,,,,,,,,,,,,,,,,,,,,,,,,,,,,,,,,,TN
309,9a6d93f12d75deb2d5f6662ca35347a774d7cd6f,0.06339642412731683,autoland,4366813,13,930eca14459531ff5483e56979276f480af08a6a,android-hw-a51-11-0-aarch64-shippable-qr,True,False,,|w|a|r|m| |w|e|b|r|e|n|d|e|r|,102210fe594ee9b33d82058545b1ed14f4c8206e,PerceptualSpeedIndex,ebay-kleinanzeigen,True,ebay-kleinanzeigen PerceptualSpeedIndex opt warm webrender,,77,ms,geckoview,,1728933087,2023-07-20 07:42:09,1275344,,,,,,,,,,,,,,,,,,,,,,,,,,,,,,,,,,,,,,,,,,,,,,,,,TN
310,0278b86272728b17ade153f25ef5ec4442158066,0.08350252144868697,autoland,4366813,13,930eca14459531ff5483e56979276f480af08a6a,android-hw-a51-11-0-aarch64-shippable-qr,True,False,,|w|a|r|m| |w|e|b|r|e|n|d|e|r|,102210fe594ee9b33d82058545b1ed14f4c8206e,PerceptualSpeedIndex,ebay-kleinanzeigen,True,ebay-kleinanzeigen PerceptualSpeedIndex opt warm webrender,,77,ms,geckoview,,1729031214,2023-07-20 12:22:04,1275437,,,,,,,,,,,,,,,,,,,,,,,,,,,,,,,,,,,,,,,,,,,,,,,,,TN
311,0bc898fe076442e9a552e9918f1b50ece1c87859,0.07033859453795277,autoland,4366813,13,930eca14459531ff5483e56979276f480af08a6a,android-hw-a51-11-0-aarch64-shippable-qr,True,False,,|w|a|r|m| |w|e|b|r|e|n|d|e|r|,102210fe594ee9b33d82058545b1ed14f4c8206e,PerceptualSpeedIndex,ebay-kleinanzeigen,True,ebay-kleinanzeigen PerceptualSpeedIndex opt warm webrender,,77,ms,geckoview,,1729112675,2023-07-20 15:24:57,1275543,,,,,,,,,,,,,,,,,,,,,,,,,,,,,,,,,,,,,,,,,,,,,,,,,TN
312,1474bffb9d2bc609c90f59cdbd875d90f152f78b,0.06896325889056254,autoland,4366813,13,930eca14459531ff5483e56979276f480af08a6a,android-hw-a51-11-0-aarch64-shippable-qr,True,False,,|w|a|r|m| |w|e|b|r|e|n|d|e|r|,102210fe594ee9b33d82058545b1ed14f4c8206e,PerceptualSpeedIndex,ebay-kleinanzeigen,True,ebay-kleinanzeigen PerceptualSpeedIndex opt warm webrender,,77,ms,geckoview,,1729301136,2023-07-20 19:57:27,1275751,,,,,,,,,,,,,,,,,,,,,,,,,,,,,,,,,,,,,,,,,,,,,,,,,TN
313,a81b4cfa355314c5644c5a1924408dd57a6451ba,0.07263082061693626,autoland,4366813,13,930eca14459531ff5483e56979276f480af08a6a,android-hw-a51-11-0-aarch64-shippable-qr,True,False,,|w|a|r|m| |w|e|b|r|e|n|d|e|r|,102210fe594ee9b33d82058545b1ed14f4c8206e,PerceptualSpeedIndex,ebay-kleinanzeigen,True,ebay-kleinanzeigen PerceptualSpeedIndex opt warm webrender,,77,ms,geckoview,,1729396002,2023-07-20 23:58:39,1275867,,,,,,,,,,,,,,,,,,,,,,,,,,,,,,,,,,,,,,,,,,,,,,,,,TN
314,a2fe9197bad582dee22ed11cd3cec32073abcbb1,0.06359290064837253,autoland,4366813,13,930eca14459531ff5483e56979276f480af08a6a,android-hw-a51-11-0-aarch64-shippable-qr,True,False,,|w|a|r|m| |w|e|b|r|e|n|d|e|r|,102210fe594ee9b33d82058545b1ed14f4c8206e,PerceptualSpeedIndex,ebay-kleinanzeigen,True,ebay-kleinanzeigen PerceptualSpeedIndex opt warm webrender,,77,ms,geckoview,,1729611072,2023-07-21 09:50:03,1276015,,,,,,,,,,,,,,,,,,,,,,,,,,,,,,,,,,,,,,,,,,,,,,,,,TN
315,9df47ce85e0472ca3ad7784cdf4c5640950ed7d9,0.060121815443054616,autoland,4366813,13,930eca14459531ff5483e56979276f480af08a6a,android-hw-a51-11-0-aarch64-shippable-qr,True,False,,|w|a|r|m| |w|e|b|r|e|n|d|e|r|,102210fe594ee9b33d82058545b1ed14f4c8206e,PerceptualSpeedIndex,ebay-kleinanzeigen,True,ebay-kleinanzeigen PerceptualSpeedIndex opt warm webrender,,77,ms,geckoview,,1729674793,2023-07-21 13:55:08,1276152,,,,,,,,,,,,,,,,,,,,,,,,,,,,,,,,,,,,,,,,,,,,,,,,,TN
316,e289c1fd943bfc8c2973687da74a008f86d9e60f,0.06902875106424788,autoland,4366813,13,930eca14459531ff5483e56979276f480af08a6a,android-hw-a51-11-0-aarch64-shippable-qr,True,False,,|w|a|r|m| |w|e|b|r|e|n|d|e|r|,102210fe594ee9b33d82058545b1ed14f4c8206e,PerceptualSpeedIndex,ebay-kleinanzeigen,True,ebay-kleinanzeigen PerceptualSpeedIndex opt warm webrender,,77,ms,geckoview,,1729788775,2023-07-21 17:11:12,1276290,,,,,,,,,,,,,,,,,,,,,,,,,,,,,,,,,,,,,,,,,,,,,,,,,TN
317,f13e959d38c7e8d9590bbc8d44f95149bbe180d1,0.061890104132556245,autoland,4366813,13,930eca14459531ff5483e56979276f480af08a6a,android-hw-a51-11-0-aarch64-shippable-qr,True,False,,|w|a|r|m| |w|e|b|r|e|n|d|e|r|,102210fe594ee9b33d82058545b1ed14f4c8206e,PerceptualSpeedIndex,ebay-kleinanzeigen,True,ebay-kleinanzeigen PerceptualSpeedIndex opt warm webrender,,77,ms,geckoview,,1729873651,2023-07-21 21:17:12,1276495,,,,,,,,,,,,,,,,,,,,,,,,,,,,,,,,,,,,,,,,,,,,,,,,,TN
318,50344759578b6b2e1851c6a6133121c4d89b4f0d,0.058157050232497176,autoland,4366813,13,930eca14459531ff5483e56979276f480af08a6a,android-hw-a51-11-0-aarch64-shippable-qr,True,False,,|w|a|r|m| |w|e|b|r|e|n|d|e|r|,102210fe594ee9b33d82058545b1ed14f4c8206e,PerceptualSpeedIndex,ebay-kleinanzeigen,True,ebay-kleinanzeigen PerceptualSpeedIndex opt warm webrender,,77,ms,geckoview,,1729897364,2023-07-21 22:20:56,1276531,,,,,,,,,,,,,,,,,,,,,,,,,,,,,,,,,,,,,,,,,,,,,,,,,TN
319,e4939251f81ca8c6a2fb9db3bbd4416e04dff97d,0.07302377365904777,autoland,4366813,13,930eca14459531ff5483e56979276f480af08a6a,android-hw-a51-11-0-aarch64-shippable-qr,True,False,,|w|a|r|m| |w|e|b|r|e|n|d|e|r|,102210fe594ee9b33d82058545b1ed14f4c8206e,PerceptualSpeedIndex,ebay-kleinanzeigen,True,ebay-kleinanzeigen PerceptualSpeedIndex opt warm webrender,,77,ms,geckoview,,1729962228,2023-07-22 03:42:46,1276588,,,,,,,,,,,,,,,,,,,,,,,,,,,,,,,,,,,,,,,,,,,,,,,,,TN
320,c95ec2e13d66e06547002bd008e87bea4f94c022,0.06333093195363149,autoland,4366813,13,930eca14459531ff5483e56979276f480af08a6a,android-hw-a51-11-0-aarch64-shippable-qr,True,False,,|w|a|r|m| |w|e|b|r|e|n|d|e|r|,102210fe594ee9b33d82058545b1ed14f4c8206e,PerceptualSpeedIndex,ebay-kleinanzeigen,True,ebay-kleinanzeigen PerceptualSpeedIndex opt warm webrender,,77,ms,geckoview,,1730016912,2023-07-22 08:58:42,1276620,,,,,,,,,,,,,,,,,,,,,,,,,,,,,,,,,,,,,,,,,,,,,,,,,TN
321,b16351df250c572a14efa126f7702fe104ac9fd7,0.06968367280110033,autoland,4366813,13,930eca14459531ff5483e56979276f480af08a6a,android-hw-a51-11-0-aarch64-shippable-qr,True,False,,|w|a|r|m| |w|e|b|r|e|n|d|e|r|,102210fe594ee9b33d82058545b1ed14f4c8206e,PerceptualSpeedIndex,ebay-kleinanzeigen,True,ebay-kleinanzeigen PerceptualSpeedIndex opt warm webrender,,77,ms,geckoview,,1730141536,2023-07-22 14:13:52,1276645,,,,,,,,,,,,,,,,,,,,,,,,,,,,,,,,,,,,,,,,,,,,,,,,,TN
322,829bb0f62051beedfe5ba05f679d3b6c8e0d1a3b,0.06424782238522497,autoland,4366813,13,930eca14459531ff5483e56979276f480af08a6a,android-hw-a51-11-0-aarch64-shippable-qr,True,False,,|w|a|r|m| |w|e|b|r|e|n|d|e|r|,102210fe594ee9b33d82058545b1ed14f4c8206e,PerceptualSpeedIndex,ebay-kleinanzeigen,True,ebay-kleinanzeigen PerceptualSpeedIndex opt warm webrender,,77,ms,geckoview,,1730211269,2023-07-23 02:59:53,1276677,,,,,,,,,,,,,,,,,,,,,,,,,,,,,,,,,,,,,,,,,,,,,,,,,TN
323,bd6c5007212e7ee9ecc312d4ef096252a9702033,0.07872159276966406,autoland,4366813,13,930eca14459531ff5483e56979276f480af08a6a,android-hw-a51-11-0-aarch64-shippable-qr,True,False,,|w|a|r|m| |w|e|b|r|e|n|d|e|r|,102210fe594ee9b33d82058545b1ed14f4c8206e,PerceptualSpeedIndex,ebay-kleinanzeigen,True,ebay-kleinanzeigen PerceptualSpeedIndex opt warm webrender,,77,ms,geckoview,,1730274145,2023-07-23 12:16:45,1276689,,,,,,,,,,,,,,,,,,,,,,,,,,,,,,,,,,,,,,,,,,,,,,,,,TN
324,2fd3284df4616a8723f5b749c4652a682c7b5372,0.08252013884340825,autoland,4366813,13,930eca14459531ff5483e56979276f480af08a6a,android-hw-a51-11-0-aarch64-shippable-qr,True,False,,|w|a|r|m| |w|e|b|r|e|n|d|e|r|,102210fe594ee9b33d82058545b1ed14f4c8206e,PerceptualSpeedIndex,ebay-kleinanzeigen,True,ebay-kleinanzeigen PerceptualSpeedIndex opt warm webrender,,77,ms,geckoview,,1730322466,2023-07-23 17:37:04,1276726,,,,,,,,,,,,,,,,,,,,,,,,,,,,,,,,,,,,,,,,,,,,,,,,,TN
325,7e5acc812edd3bcb93cfaf76eaab2c3fd6c4d274,0.08042438928548035,autoland,4366813,13,930eca14459531ff5483e56979276f480af08a6a,android-hw-a51-11-0-aarch64-shippable-qr,True,False,,|w|a|r|m| |w|e|b|r|e|n|d|e|r|,102210fe594ee9b33d82058545b1ed14f4c8206e,PerceptualSpeedIndex,ebay-kleinanzeigen,True,ebay-kleinanzeigen PerceptualSpeedIndex opt warm webrender,,77,ms,geckoview,,1730399558,2023-07-24 00:19:00,1276767,,,,,,,,,,,,,,,,,,,,,,,,,,,,,,,,,,,,,,,,,,,,,,,,,TN
326,7b6332c9bce4487c1db3384523b5991fef31e28c,0.06870129019582161,autoland,4366813,13,930eca14459531ff5483e56979276f480af08a6a,android-hw-a51-11-0-aarch64-shippable-qr,True,False,,|w|a|r|m| |w|e|b|r|e|n|d|e|r|,102210fe594ee9b33d82058545b1ed14f4c8206e,PerceptualSpeedIndex,ebay-kleinanzeigen,True,ebay-kleinanzeigen PerceptualSpeedIndex opt warm webrender,,77,ms,geckoview,,1730435986,2023-07-24 03:08:06,1276802,,,,,,,,,,,,,,,,,,,,,,,,,,,,,,,,,,,,,,,,,,,,,,,,,TN
327,91b590f6e608c6c3787304fa0010ce58519bde50,0.06902875106424788,autoland,4366813,13,930eca14459531ff5483e56979276f480af08a6a,android-hw-a51-11-0-aarch64-shippable-qr,True,False,,|w|a|r|m| |w|e|b|r|e|n|d|e|r|,102210fe594ee9b33d82058545b1ed14f4c8206e,PerceptualSpeedIndex,ebay-kleinanzeigen,True,ebay-kleinanzeigen PerceptualSpeedIndex opt warm webrender,,77,ms,geckoview,,1730484961,2023-07-24 07:35:58,1276834,,,,,,,,,,,,,,,,,,,,,,,,,,,,,,,,,,,,,,,,,,,,,,,,,TN
328,b1a1263e67ce531d13e0a5e2e77c737b114e38b0,0.0743991093064379,autoland,4366813,13,930eca14459531ff5483e56979276f480af08a6a,android-hw-a51-11-0-aarch64-shippable-qr,True,False,,|w|a|r|m| |w|e|b|r|e|n|d|e|r|,102210fe594ee9b33d82058545b1ed14f4c8206e,PerceptualSpeedIndex,ebay-kleinanzeigen,True,ebay-kleinanzeigen PerceptualSpeedIndex opt warm webrender,,77,ms,geckoview,,1730668905,2023-07-24 11:14:54,1276910,,,,,,,,,,,,,,,,,,,,,,,,,,,,,,,,,,,,,,,,,,,,,,,,,TN
329,2483fdffbe5e3c051a32bcf141fb33e9803c0afc,0.054554980679808796,autoland,4366813,13,930eca14459531ff5483e56979276f480af08a6a,android-hw-a51-11-0-aarch64-shippable-qr,True,False,,|w|a|r|m| |w|e|b|r|e|n|d|e|r|,102210fe594ee9b33d82058545b1ed14f4c8206e,PerceptualSpeedIndex,ebay-kleinanzeigen,True,ebay-kleinanzeigen PerceptualSpeedIndex opt warm webrender,,77,ms,geckoview,,1730774023,2023-07-24 16:02:50,1277068,,,,,,,,,,,,,,,,,,,,,,,,,,,,,,,,,,,,,,,,,,,,,,,,,TN
330,f9c12557d7a4e074be3fc45027ae8ffbb8f27aaf,0.06509922064313323,autoland,4366813,13,930eca14459531ff5483e56979276f480af08a6a,android-hw-a51-11-0-aarch64-shippable-qr,True,False,,|w|a|r|m| |w|e|b|r|e|n|d|e|r|,102210fe594ee9b33d82058545b1ed14f4c8206e,PerceptualSpeedIndex,ebay-kleinanzeigen,True,ebay-kleinanzeigen PerceptualSpeedIndex opt warm webrender,,77,ms,geckoview,,1730876306,2023-07-24 19:16:11,1277230,,,,,,,,,,,,,,,,,,,,,,,,,,,,,,,,,,,,,,,,,,,,,,,,,TN
331,bd745245ac70d82630be9e971b5a9077b5f514e8,0.06333093195363149,autoland,4366813,13,930eca14459531ff5483e56979276f480af08a6a,android-hw-a51-11-0-aarch64-shippable-qr,True,False,,|w|a|r|m| |w|e|b|r|e|n|d|e|r|,102210fe594ee9b33d82058545b1ed14f4c8206e,PerceptualSpeedIndex,ebay-kleinanzeigen,True,ebay-kleinanzeigen PerceptualSpeedIndex opt warm webrender,,77,ms,geckoview,,1730961345,2023-07-24 23:43:54,1277393,,,,,,,,,,,,,,,,,,,,,,,,,,,,,,,,,,,,,,,,,,,,,,,,,TN
332,1084bcb2a2550fee8fad1f0be69e603b6c8d67bd,0.06902875106424788,autoland,4366813,13,930eca14459531ff5483e56979276f480af08a6a,android-hw-a51-11-0-aarch64-shippable-qr,True,False,,|w|a|r|m| |w|e|b|r|e|n|d|e|r|,102210fe594ee9b33d82058545b1ed14f4c8206e,PerceptualSpeedIndex,ebay-kleinanzeigen,True,ebay-kleinanzeigen PerceptualSpeedIndex opt warm webrender,,77,ms,geckoview,,1730974513,2023-07-25 00:28:34,1277414,,,,,,,,,,,,,,,,,,,,,,,,,,,,,,,,,,,,,,,,,,,,,,,,,TN
333,862d1cf3d7a17e3dde9bda49c5561ec902bb8136,0.060711245006221715,autoland,4366813,13,930eca14459531ff5483e56979276f480af08a6a,android-hw-a51-11-0-aarch64-shippable-qr,True,False,,|w|a|r|m| |w|e|b|r|e|n|d|e|r|,102210fe594ee9b33d82058545b1ed14f4c8206e,PerceptualSpeedIndex,ebay-kleinanzeigen,True,ebay-kleinanzeigen PerceptualSpeedIndex opt warm webrender,,77,ms,geckoview,,1731039943,2023-07-25 04:47:38,1277485,,,,,,,,,,,,,,,,,,,,,,,,,,,,,,,,,,,,,,,,,,,,,,,,,TN
334,45a52966f9649f4dc9b8bbb6a8e68cdcc63ee287,0.07184491453271336,autoland,4366813,13,930eca14459531ff5483e56979276f480af08a6a,android-hw-a51-11-0-aarch64-shippable-qr,True,False,,|w|a|r|m| |w|e|b|r|e|n|d|e|r|,102210fe594ee9b33d82058545b1ed14f4c8206e,PerceptualSpeedIndex,ebay-kleinanzeigen,True,ebay-kleinanzeigen PerceptualSpeedIndex opt warm webrender,,77,ms,geckoview,,1731153571,2023-07-25 10:29:47,1277576,,,,,,,,,,,,,,,,,,,,,,,,,,,,,,,,,,,,,,,,,,,,,,,,,TN
335,1ae7562fa2353aa63871f769d4e0a1cdd9becf78,0.0724998362695658,autoland,4366813,13,930eca14459531ff5483e56979276f480af08a6a,android-hw-a51-11-0-aarch64-shippable-qr,True,False,,|w|a|r|m| |w|e|b|r|e|n|d|e|r|,102210fe594ee9b33d82058545b1ed14f4c8206e,PerceptualSpeedIndex,ebay-kleinanzeigen,True,ebay-kleinanzeigen PerceptualSpeedIndex opt warm webrender,,77,ms,geckoview,,1731246890,2023-07-25 14:49:04,1277682,,,,,,,,,,,,,,,,,,,,,,,,,,,,,,,,,,,,,,,,,,,,,,,,,TN
336,c30662ce80ba57a0977cdeb03e776a28af4fa2fb,0.06025279979042508,autoland,4366813,13,930eca14459531ff5483e56979276f480af08a6a,android-hw-a51-11-0-aarch64-shippable-qr,True,False,,|w|a|r|m| |w|e|b|r|e|n|d|e|r|,102210fe594ee9b33d82058545b1ed14f4c8206e,PerceptualSpeedIndex,ebay-kleinanzeigen,True,ebay-kleinanzeigen PerceptualSpeedIndex opt warm webrender,,77,ms,geckoview,,1731268039,2023-07-25 15:17:56,1277708,,,,,,,,,,,,,,,,,,,,,,,,,,,,,,,,,,,,,,,,,,,,,,,,,TN
337,9a2f59dbe5917068801919377341eb7c1ea2030d,0.06902875106424788,autoland,4366813,13,930eca14459531ff5483e56979276f480af08a6a,android-hw-a51-11-0-aarch64-shippable-qr,True,False,,|w|a|r|m| |w|e|b|r|e|n|d|e|r|,102210fe594ee9b33d82058545b1ed14f4c8206e,PerceptualSpeedIndex,ebay-kleinanzeigen,True,ebay-kleinanzeigen PerceptualSpeedIndex opt warm webrender,,77,ms,geckoview,,1731438301,2023-07-25 23:05:26,1278011,,,,,,,,,,,,,,,,,,,,,,,,,,,,,,,,,,,,,,,,,,,,,,,,,TN
338,6a9aca2a1b89781175cdec2df700998fa9209282,0.07073154758006428,autoland,4366813,13,930eca14459531ff5483e56979276f480af08a6a,android-hw-a51-11-0-aarch64-shippable-qr,True,False,,|w|a|r|m| |w|e|b|r|e|n|d|e|r|,102210fe594ee9b33d82058545b1ed14f4c8206e,PerceptualSpeedIndex,ebay-kleinanzeigen,True,ebay-kleinanzeigen PerceptualSpeedIndex opt warm webrender,,77,ms,geckoview,,1731479941,2023-07-26 02:26:30,1278087,,,,,,,,,,,,,,,,,,,,,,,,,,,,,,,,,,,,,,,,,,,,,,,,,TN
339,8470bc21f160f3c1fecb034308c203412e1fcb3c,0.06758792324317242,autoland,4366813,13,930eca14459531ff5483e56979276f480af08a6a,android-hw-a51-11-0-aarch64-shippable-qr,True,False,,|w|a|r|m| |w|e|b|r|e|n|d|e|r|,102210fe594ee9b33d82058545b1ed14f4c8206e,PerceptualSpeedIndex,ebay-kleinanzeigen,True,ebay-kleinanzeigen PerceptualSpeedIndex opt warm webrender,,77,ms,geckoview,,1731546919,2023-07-26 06:49:07,1278154,,,,,,,,,,,,,,,,,,,,,,,,,,,,,,,,,,,,,,,,,,,,,,,,,TN
340,87846ae3f12d74bcc97619bea65453ce0aca0e54,0.05468596502717926,autoland,4366813,13,930eca14459531ff5483e56979276f480af08a6a,android-hw-a51-11-0-aarch64-shippable-qr,True,False,,|w|a|r|m| |w|e|b|r|e|n|d|e|r|,102210fe594ee9b33d82058545b1ed14f4c8206e,PerceptualSpeedIndex,ebay-kleinanzeigen,True,ebay-kleinanzeigen PerceptualSpeedIndex opt warm webrender,,77,ms,geckoview,,1731582967,2023-07-26 09:35:06,1278218,,,,,,,,,,,,,,,,,,,,,,,,,,,,,,,,,,,,,,,,,,,,,,,,,TN
341,b65b154c05c37b796b5c0ef7cc01fd37ecfdea1c,0.06470626760102172,autoland,4366813,13,930eca14459531ff5483e56979276f480af08a6a,android-hw-a51-11-0-aarch64-shippable-qr,True,False,,|w|a|r|m| |w|e|b|r|e|n|d|e|r|,102210fe594ee9b33d82058545b1ed14f4c8206e,PerceptualSpeedIndex,ebay-kleinanzeigen,True,ebay-kleinanzeigen PerceptualSpeedIndex opt warm webrender,,77,ms,geckoview,,1731753084,2023-07-26 15:38:17,1278401,,,,,,,,,,,,,,,,,,,,,,,,,,,,,,,,,,,,,,,,,,,,,,,,,TN
342,03e38eb3c09f9a7de47640e671486aa51216c461,0.053965551116641586,autoland,4366813,13,930eca14459531ff5483e56979276f480af08a6a,android-hw-a51-11-0-aarch64-shippable-qr,True,False,,|w|a|r|m| |w|e|b|r|e|n|d|e|r|,102210fe594ee9b33d82058545b1ed14f4c8206e,PerceptualSpeedIndex,ebay-kleinanzeigen,True,ebay-kleinanzeigen PerceptualSpeedIndex opt warm webrender,,77,ms,geckoview,,1731821111,2023-07-26 19:06:03,1278523,,,,,,,,,,,,,,,,,,,,,,,,,,,,,,,,,,,,,,,,,,,,,,,,,TN
343,84a5d1af6f7ff3689a022412a1fbc2c6632a5f96,0.0639203615167987,autoland,4366813,13,930eca14459531ff5483e56979276f480af08a6a,android-hw-a51-11-0-aarch64-shippable-qr,True,False,,|w|a|r|m| |w|e|b|r|e|n|d|e|r|,102210fe594ee9b33d82058545b1ed14f4c8206e,PerceptualSpeedIndex,ebay-kleinanzeigen,True,ebay-kleinanzeigen PerceptualSpeedIndex opt warm webrender,,77,ms,geckoview,,1731891488,2023-07-26 23:24:58,1278695,,,,,,,,,,,,,,,,,,,,,,,,,,,,,,,,,,,,,,,,,,,,,,,,,TN
344,3e5ffa17cbfe0cff1585c411714ca008dc6ae15e,0.07623289016962476,autoland,4366813,13,930eca14459531ff5483e56979276f480af08a6a,android-hw-a51-11-0-aarch64-shippable-qr,True,False,,|w|a|r|m| |w|e|b|r|e|n|d|e|r|,102210fe594ee9b33d82058545b1ed14f4c8206e,PerceptualSpeedIndex,ebay-kleinanzeigen,True,ebay-kleinanzeigen PerceptualSpeedIndex opt warm webrender,,77,ms,geckoview,,1731980063,2023-07-27 01:40:00,1278764,,,,,,,,,,,,,,,,,,,,,,,,,,,,,,,,,,,,,,,,,,,,,,,,,TN
345,84800a0d7e6ed9c82449cedd7ba57c2061572292,0.06405134586416927,autoland,4366813,13,930eca14459531ff5483e56979276f480af08a6a,android-hw-a51-11-0-aarch64-shippable-qr,True,False,,|w|a|r|m| |w|e|b|r|e|n|d|e|r|,102210fe594ee9b33d82058545b1ed14f4c8206e,PerceptualSpeedIndex,ebay-kleinanzeigen,True,ebay-kleinanzeigen PerceptualSpeedIndex opt warm webrender,,77,ms,geckoview,,1732135771,2023-07-27 11:30:20,1278928,,,,,,,,,,,,,,,,,,,,,,,,,,,,,,,,,,,,,,,,,,,,,,,,,TN
346,481bfcb7b2201e1eb04cebbeee74480be11095cc,0.06457528325365114,autoland,4366813,13,930eca14459531ff5483e56979276f480af08a6a,android-hw-a51-11-0-aarch64-shippable-qr,True,False,,|w|a|r|m| |w|e|b|r|e|n|d|e|r|,102210fe594ee9b33d82058545b1ed14f4c8206e,PerceptualSpeedIndex,ebay-kleinanzeigen,True,ebay-kleinanzeigen PerceptualSpeedIndex opt warm webrender,,77,ms,geckoview,,1732274451,2023-07-27 15:18:37,1279069,,,,,,,,,,,,,,,,,,,,,,,,,,,,,,,,,,,,,,,,,,,,,,,,,TN
347,f50f1984cd54c49748c94ebf3f3709aa4c582ead,0.053376121553474376,autoland,4366813,13,930eca14459531ff5483e56979276f480af08a6a,android-hw-a51-11-0-aarch64-shippable-qr,True,False,,|w|a|r|m| |w|e|b|r|e|n|d|e|r|,102210fe594ee9b33d82058545b1ed14f4c8206e,PerceptualSpeedIndex,ebay-kleinanzeigen,True,ebay-kleinanzeigen PerceptualSpeedIndex opt warm webrender,,77,ms,geckoview,,1732417943,2023-07-27 19:34:25,1279276,,,,,,,,,,,,,,,,,,,,,,,,,,,,,,,,,,,,,,,,,,,,,,,,,TN
348,0b367e70ac913aeec6308d2b941cff4dc929cd22,0.07014211801689696,autoland,4366813,13,930eca14459531ff5483e56979276f480af08a6a,android-hw-a51-11-0-aarch64-shippable-qr,True,False,,|w|a|r|m| |w|e|b|r|e|n|d|e|r|,102210fe594ee9b33d82058545b1ed14f4c8206e,PerceptualSpeedIndex,ebay-kleinanzeigen,True,ebay-kleinanzeigen PerceptualSpeedIndex opt warm webrender,,77,ms,geckoview,,1732506285,2023-07-27 23:35:22,1279407,,,,,,,,,,,,,,,,,,,,,,,,,,,,,,,,,,,,,,,,,,,,,,,,,TN
349,36ce680ea81ccb2f123f0f6831596185e6ea4e83,0.07800117885912627,autoland,4366813,13,930eca14459531ff5483e56979276f480af08a6a,android-hw-a51-11-0-aarch64-shippable-qr,True,False,,|w|a|r|m| |w|e|b|r|e|n|d|e|r|,102210fe594ee9b33d82058545b1ed14f4c8206e,PerceptualSpeedIndex,ebay-kleinanzeigen,True,ebay-kleinanzeigen PerceptualSpeedIndex opt warm webrender,,77,ms,geckoview,,1732535438,2023-07-28 01:05:08,1279448,,,,,,,,,,,,,,,,,,,,,,,,,,,,,,,,,,,,,,,,,,,,,,,,,TN
350,10692fd51184d10f78fb0eb56090f3c55827b561,0.05959787805357264,autoland,4366813,13,930eca14459531ff5483e56979276f480af08a6a,android-hw-a51-11-0-aarch64-shippable-qr,True,False,,|w|a|r|m| |w|e|b|r|e|n|d|e|r|,102210fe594ee9b33d82058545b1ed14f4c8206e,PerceptualSpeedIndex,ebay-kleinanzeigen,True,ebay-kleinanzeigen PerceptualSpeedIndex opt warm webrender,,77,ms,geckoview,,1732608282,2023-07-28 05:46:55,1279508,,,,,,,,,,,,,,,,,,,,,,,,,,,,,,,,,,,,,,,,,,,,,,,,,TN
351,af33198f4756b96446ab9cb00f77cc6e2b27f314,0.0641168380378545,autoland,4366813,13,930eca14459531ff5483e56979276f480af08a6a,android-hw-a51-11-0-aarch64-shippable-qr,True,False,,|w|a|r|m| |w|e|b|r|e|n|d|e|r|,102210fe594ee9b33d82058545b1ed14f4c8206e,PerceptualSpeedIndex,ebay-kleinanzeigen,True,ebay-kleinanzeigen PerceptualSpeedIndex opt warm webrender,,77,ms,geckoview,,1732784489,2023-07-28 11:09:37,1279609,,,,,,,,,,,,,,,,,,,,,,,,,,,,,,,,,,,,,,,,,,,,,,,,,TN
352,08098e30932d89da82f6e452fff88fee938088d7,0.06784989193791335,autoland,4366813,13,930eca14459531ff5483e56979276f480af08a6a,android-hw-a51-11-0-aarch64-shippable-qr,True,False,,|w|a|r|m| |w|e|b|r|e|n|d|e|r|,102210fe594ee9b33d82058545b1ed14f4c8206e,PerceptualSpeedIndex,ebay-kleinanzeigen,True,ebay-kleinanzeigen PerceptualSpeedIndex opt warm webrender,,77,ms,geckoview,,1732841061,2023-07-28 14:46:21,1279720,,,,,,,,,,,,,,,,,,,,,,,,,,,,,,,,,,,,,,,,,,,,,,,,,TN
353,2f51f44f5da6afbdb8a587b03f47fcdc7b672475,0.08003143624336895,autoland,4366813,13,930eca14459531ff5483e56979276f480af08a6a,android-hw-a51-11-0-aarch64-shippable-qr,True,False,,|w|a|r|m| |w|e|b|r|e|n|d|e|r|,102210fe594ee9b33d82058545b1ed14f4c8206e,PerceptualSpeedIndex,ebay-kleinanzeigen,True,ebay-kleinanzeigen PerceptualSpeedIndex opt warm webrender,,77,ms,geckoview,,1732921790,2023-07-28 18:48:27,1279862,,,,,,,,,,,,,,,,,,,,,,,,,,,,,,,,,,,,,,,,,,,,,,,,,TN
354,95255b6bb2d51d6c10d6a3471da82aeaf7512c0f,0.06876678236950684,autoland,4366813,13,930eca14459531ff5483e56979276f480af08a6a,android-hw-a51-11-0-aarch64-shippable-qr,True,False,,|w|a|r|m| |w|e|b|r|e|n|d|e|r|,102210fe594ee9b33d82058545b1ed14f4c8206e,PerceptualSpeedIndex,ebay-kleinanzeigen,True,ebay-kleinanzeigen PerceptualSpeedIndex opt warm webrender,,77,ms,geckoview,,1733001191,2023-07-28 22:56:39,1279985,,,,,,,,,,,,,,,,,,,,,,,,,,,,,,,,,,,,,,,,,,,,,,,,,TN
355,1c410aed156878dc739ffdb4343c315fb0bb0a00,0.06575414237998567,autoland,4366813,13,930eca14459531ff5483e56979276f480af08a6a,android-hw-a51-11-0-aarch64-shippable-qr,True,False,,|w|a|r|m| |w|e|b|r|e|n|d|e|r|,102210fe594ee9b33d82058545b1ed14f4c8206e,PerceptualSpeedIndex,ebay-kleinanzeigen,True,ebay-kleinanzeigen PerceptualSpeedIndex opt warm webrender,,77,ms,geckoview,,1733054267,2023-07-29 03:44:49,1280031,,,,,,,,,,,,,,,,,,,,,,,,,,,,,,,,,,,,,,,,,,,,,,,,,TN
356,5f1e1cd609f68ff20fbea6b02e5a3444f7dd303d,0.06575414237998567,autoland,4366813,13,930eca14459531ff5483e56979276f480af08a6a,android-hw-a51-11-0-aarch64-shippable-qr,True,False,,|w|a|r|m| |w|e|b|r|e|n|d|e|r|,102210fe594ee9b33d82058545b1ed14f4c8206e,PerceptualSpeedIndex,ebay-kleinanzeigen,True,ebay-kleinanzeigen PerceptualSpeedIndex opt warm webrender,,77,ms,geckoview,,1733111337,2023-07-29 09:43:33,1280059,,,,,,,,,,,,,,,,,,,,,,,,,,,,,,,,,,,,,,,,,,,,,,,,,TN
357,9a9597eb50561ea739c8a26da45dcbad6557a326,0.07904905363809023,autoland,4366813,13,930eca14459531ff5483e56979276f480af08a6a,android-hw-a51-11-0-aarch64-shippable-qr,True,False,,|w|a|r|m| |w|e|b|r|e|n|d|e|r|,102210fe594ee9b33d82058545b1ed14f4c8206e,PerceptualSpeedIndex,ebay-kleinanzeigen,True,ebay-kleinanzeigen PerceptualSpeedIndex opt warm webrender,,77,ms,geckoview,,1733192661,2023-07-30 01:23:54,1280105,,,,,,,,,,,,,,,,,,,,,,,,,,,,,,,,,,,,,,,,,,,,,,,,,TN
358,ce5b2b0d4bc01294b78eeb50a7738e0b5755b3a4,0.06306896325889055,autoland,4366813,13,930eca14459531ff5483e56979276f480af08a6a,android-hw-a51-11-0-aarch64-shippable-qr,True,False,,|w|a|r|m| |w|e|b|r|e|n|d|e|r|,102210fe594ee9b33d82058545b1ed14f4c8206e,PerceptualSpeedIndex,ebay-kleinanzeigen,True,ebay-kleinanzeigen PerceptualSpeedIndex opt warm webrender,,77,ms,geckoview,,1733275502,2023-07-30 13:52:06,1280125,,,,,,,,,,,,,,,,,,,,,,,,,,,,,,,,,,,,,,,,,,,,,,,,,TN
359,91dd0dbb8e738b29e6f14bdbaaf28f2b1f531b2b,0.06961818062741498,autoland,4366813,13,930eca14459531ff5483e56979276f480af08a6a,android-hw-a51-11-0-aarch64-shippable-qr,True,False,,|w|a|r|m| |w|e|b|r|e|n|d|e|r|,102210fe594ee9b33d82058545b1ed14f4c8206e,PerceptualSpeedIndex,ebay-kleinanzeigen,True,ebay-kleinanzeigen PerceptualSpeedIndex opt warm webrender,,77,ms,geckoview,,1733347440,2023-07-31 04:52:45,1280185,,,,,,,,,,,,,,,,,,,,,,,,,,,,,,,,,,,,,,,,,,,,,,,,,TN
360,2b4f8ad0cecd1e9ce287bf572fd28b8b94d91717,0.0681118606326544,autoland,4366813,13,930eca14459531ff5483e56979276f480af08a6a,android-hw-a51-11-0-aarch64-shippable-qr,True,False,,|w|a|r|m| |w|e|b|r|e|n|d|e|r|,102210fe594ee9b33d82058545b1ed14f4c8206e,PerceptualSpeedIndex,ebay-kleinanzeigen,True,ebay-kleinanzeigen PerceptualSpeedIndex opt warm webrender,,77,ms,geckoview,,1733478269,2023-07-31 09:26:34,1280244,,,,,,,,,,,,,,,,,,,,,,,,,,,,,,,,,,,,,,,,,,,,,,,,,TN
361,805b1cd5321098059e548eed4aa9db6f43cd833e,0.06863579802213637,autoland,4366813,13,930eca14459531ff5483e56979276f480af08a6a,android-hw-a51-11-0-aarch64-shippable-qr,True,False,,|w|a|r|m| |w|e|b|r|e|n|d|e|r|,102210fe594ee9b33d82058545b1ed14f4c8206e,PerceptualSpeedIndex,ebay-kleinanzeigen,True,ebay-kleinanzeigen PerceptualSpeedIndex opt warm webrender,,77,ms,geckoview,,1733480670,2023-07-31 10:39:42,1280276,,,,,,,,,,,,,,,,,,,,,,,,,,,,,,,,,,,,,,,,,,,,,,,,,TN
362,7cad7000bc1c51f14ca241ac2aa08ac299612b8c,0.06608160324841184,autoland,4366813,13,930eca14459531ff5483e56979276f480af08a6a,android-hw-a51-11-0-aarch64-shippable-qr,True,False,,|w|a|r|m| |w|e|b|r|e|n|d|e|r|,102210fe594ee9b33d82058545b1ed14f4c8206e,PerceptualSpeedIndex,ebay-kleinanzeigen,True,ebay-kleinanzeigen PerceptualSpeedIndex opt warm webrender,,77,ms,geckoview,,1733553998,2023-07-31 14:45:15,1280380,,,,,,,,,,,,,,,,,,,,,,,,,,,,,,,,,,,,,,,,,,,,,,,,,TN
363,0a238650aa096b0da883226d02d11fc5178541f3,0.06385486934311357,autoland,4366813,13,930eca14459531ff5483e56979276f480af08a6a,android-hw-a51-11-0-aarch64-shippable-qr,True,False,,|w|a|r|m| |w|e|b|r|e|n|d|e|r|,102210fe594ee9b33d82058545b1ed14f4c8206e,PerceptualSpeedIndex,ebay-kleinanzeigen,True,ebay-kleinanzeigen PerceptualSpeedIndex opt warm webrender,,77,ms,geckoview,,1733657291,2023-07-31 16:08:26,1280438,,,,,,,,,,,,,,,,,,,,,,,,,,,,,,,,,,,,,,,,,,,,,,,,,TN
364,2d698aca1dece26df297dd085dbde9216e3b2e66,0.07852511624860836,autoland,4366813,13,930eca14459531ff5483e56979276f480af08a6a,android-hw-a51-11-0-aarch64-shippable-qr,True,False,,|w|a|r|m| |w|e|b|r|e|n|d|e|r|,102210fe594ee9b33d82058545b1ed14f4c8206e,PerceptualSpeedIndex,ebay-kleinanzeigen,True,ebay-kleinanzeigen PerceptualSpeedIndex opt warm webrender,,77,ms,geckoview,,1733727603,2023-07-31 21:31:29,1280612,,,,,,,,,,,,,,,,,,,,,,,,,,,,,,,,,,,,,,,,,,,,,,,,,TN
365,28250de453513da3369c412cbce0f35b97146bec,0.09070666055406384,autoland,4366813,13,930eca14459531ff5483e56979276f480af08a6a,android-hw-a51-11-0-aarch64-shippable-qr,True,False,,|w|a|r|m| |w|e|b|r|e|n|d|e|r|,102210fe594ee9b33d82058545b1ed14f4c8206e,PerceptualSpeedIndex,ebay-kleinanzeigen,True,ebay-kleinanzeigen PerceptualSpeedIndex opt warm webrender,,77,ms,geckoview,,1733733185,2023-07-31 21:34:42,1280618,,,,,,,,,,,,,,,,,,,,,,,,,,,,,,,,,,,,,,,,,,,,,,,,,TN
366,195161a06a7a71dbce0ee5e8ddb8c84f3cb03df7,0.05200078590608426,autoland,4366813,13,930eca14459531ff5483e56979276f480af08a6a,android-hw-a51-11-0-aarch64-shippable-qr,True,False,,|w|a|r|m| |w|e|b|r|e|n|d|e|r|,102210fe594ee9b33d82058545b1ed14f4c8206e,PerceptualSpeedIndex,ebay-kleinanzeigen,True,ebay-kleinanzeigen PerceptualSpeedIndex opt warm webrender,,77,ms,geckoview,,1733797993,2023-07-31 23:41:21,1280694,,,,,,,,,,,,,,,,,,,,,,,,,,,,,,,,,,,,,,,,,,,,,,,,,TN
367,ca66ac527c958bd3f26f8c86f291fa85de21ec56,0.06509922064313323,autoland,4366813,13,930eca14459531ff5483e56979276f480af08a6a,android-hw-a51-11-0-aarch64-shippable-qr,True,False,,|w|a|r|m| |w|e|b|r|e|n|d|e|r|,102210fe594ee9b33d82058545b1ed14f4c8206e,PerceptualSpeedIndex,ebay-kleinanzeigen,True,ebay-kleinanzeigen PerceptualSpeedIndex opt warm webrender,,77,ms,geckoview,,1733909560,2023-08-01 03:53:20,1280753,,,,,,,,,,,,,,,,,,,,,,,,,,,,,,,,,,,,,,,,,,,,,,,,,TN
368,d5ecff066adaf3a4029a970db93a9f23f1ed2587,0.07210688322745429,autoland,4366813,13,930eca14459531ff5483e56979276f480af08a6a,android-hw-a51-11-0-aarch64-shippable-qr,True,False,,|w|a|r|m| |w|e|b|r|e|n|d|e|r|,102210fe594ee9b33d82058545b1ed14f4c8206e,PerceptualSpeedIndex,ebay-kleinanzeigen,True,ebay-kleinanzeigen PerceptualSpeedIndex opt warm webrender,,77,ms,geckoview,,1733926521,2023-08-01 04:02:13,1280758,,,,,,,,,,,,,,,,,,,,,,,,,,,,,,,,,,,,,,,,,,,,,,,,,TN
369,5201d6f4a7e8740bd42f08295800c15e0e18cd7e,0.06660554063789381,autoland,4366813,13,930eca14459531ff5483e56979276f480af08a6a,android-hw-a51-11-0-aarch64-shippable-qr,True,False,,|w|a|r|m| |w|e|b|r|e|n|d|e|r|,102210fe594ee9b33d82058545b1ed14f4c8206e,PerceptualSpeedIndex,ebay-kleinanzeigen,True,ebay-kleinanzeigen PerceptualSpeedIndex opt warm webrender,,77,ms,geckoview,,1733990569,2023-08-01 08:15:56,1280812,,,,,,,,,,,,,,,,,,,,,,,,,,,,,,,,,,,,,,,,,,,,,,,,,TN
370,b83cfea645752706c643567095d49b349cb9e610,0.061300674569388924,autoland,4366813,13,930eca14459531ff5483e56979276f480af08a6a,android-hw-a51-11-0-aarch64-shippable-qr,True,False,,|w|a|r|m| |w|e|b|r|e|n|d|e|r|,102210fe594ee9b33d82058545b1ed14f4c8206e,PerceptualSpeedIndex,ebay-kleinanzeigen,True,ebay-kleinanzeigen PerceptualSpeedIndex opt warm webrender,,77,ms,geckoview,,1734007448,2023-08-01 08:24:47,1280822,,,,,,,,,,,,,,,,,,,,,,,,,,,,,,,,,,,,,,,,,,,,,,,,,TN
371,90b19e0d07e5d2cd137f135b860f0357df90e338,0.06817735280633963,autoland,4366813,13,930eca14459531ff5483e56979276f480af08a6a,android-hw-a51-11-0-aarch64-shippable-qr,True,False,,|w|a|r|m| |w|e|b|r|e|n|d|e|r|,102210fe594ee9b33d82058545b1ed14f4c8206e,PerceptualSpeedIndex,ebay-kleinanzeigen,True,ebay-kleinanzeigen PerceptualSpeedIndex opt warm webrender,,77,ms,geckoview,,1734089783,2023-08-01 12:32:45,1280938,,,,,,,,,,,,,,,,,,,,,,,,,,,,,,,,,,,,,,,,,,,,,,,,,TN
372,61356e1447e3bb09709883f8b5806a201d39c5a4,0.08513982579081802,autoland,4366813,13,930eca14459531ff5483e56979276f480af08a6a,android-hw-a51-11-0-aarch64-shippable-qr,True,False,,|w|a|r|m| |w|e|b|r|e|n|d|e|r|,102210fe594ee9b33d82058545b1ed14f4c8206e,PerceptualSpeedIndex,ebay-kleinanzeigen,True,ebay-kleinanzeigen PerceptualSpeedIndex opt warm webrender,,77,ms,geckoview,,1734094322,2023-08-01 12:49:44,1280953,,,,,,,,,,,,,,,,,,,,,,,,,,,,,,,,,,,,,,,,,,,,,,,,,TN
373,ea7df1f8976b5cdf0d7ddbc918c38d7fffcee983,0.07453009365380836,autoland,4366813,13,930eca14459531ff5483e56979276f480af08a6a,android-hw-a51-11-0-aarch64-shippable-qr,True,False,,|w|a|r|m| |w|e|b|r|e|n|d|e|r|,102210fe594ee9b33d82058545b1ed14f4c8206e,PerceptualSpeedIndex,ebay-kleinanzeigen,True,ebay-kleinanzeigen PerceptualSpeedIndex opt warm webrender,,77,ms,geckoview,,1734156314,2023-08-01 15:48:38,1281058,,,,,,,,,,,,,,,,,,,,,,,,,,,,,,,,,,,,,,,,,,,,,,,,,TN
374,fd6f3d21ce3f450906d293c067fdadc62ea991a6,0.06444429890628067,autoland,4366813,13,930eca14459531ff5483e56979276f480af08a6a,android-hw-a51-11-0-aarch64-shippable-qr,True,False,,|w|a|r|m| |w|e|b|r|e|n|d|e|r|,102210fe594ee9b33d82058545b1ed14f4c8206e,PerceptualSpeedIndex,ebay-kleinanzeigen,True,ebay-kleinanzeigen PerceptualSpeedIndex opt warm webrender,,77,ms,geckoview,,1734320044,2023-08-01 20:02:17,1281212,,,,,,,,,,,,,,,,,,,,,,,,,,,,,,,,,,,,,,,,,,,,,,,,,TN
375,323a980eddb18489b9d7de1ffeff427026574b4c,0.06254502586940869,autoland,4366813,13,930eca14459531ff5483e56979276f480af08a6a,android-hw-a51-11-0-aarch64-shippable-qr,True,False,,|w|a|r|m| |w|e|b|r|e|n|d|e|r|,102210fe594ee9b33d82058545b1ed14f4c8206e,PerceptualSpeedIndex,ebay-kleinanzeigen,True,ebay-kleinanzeigen PerceptualSpeedIndex opt warm webrender,,77,ms,geckoview,,1734381727,2023-08-02 00:13:38,1281337,,,,,,,,,,,,,,,,,,,,,,,,,,,,,,,,,,,,,,,,,,,,,,,,,TN
376,7ee1dad073d03db2f730fd5c2baf77f37e458feb,0.06870129019582161,autoland,4366813,13,930eca14459531ff5483e56979276f480af08a6a,android-hw-a51-11-0-aarch64-shippable-qr,True,False,,|w|a|r|m| |w|e|b|r|e|n|d|e|r|,102210fe594ee9b33d82058545b1ed14f4c8206e,PerceptualSpeedIndex,ebay-kleinanzeigen,True,ebay-kleinanzeigen PerceptualSpeedIndex opt warm webrender,,77,ms,geckoview,,1734487371,2023-08-02 06:07:22,1281414,,,,,,,,,,,,,,,,,,,,,,,,,,,,,,,,,,,,,,,,,,,,,,,,,TN
377,a8968f9e8cf0bba14f132004f11b34a8abb93165,0.06837382932739544,autoland,4366813,13,930eca14459531ff5483e56979276f480af08a6a,android-hw-a51-11-0-aarch64-shippable-qr,True,False,,|w|a|r|m| |w|e|b|r|e|n|d|e|r|,102210fe594ee9b33d82058545b1ed14f4c8206e,PerceptualSpeedIndex,ebay-kleinanzeigen,True,ebay-kleinanzeigen PerceptualSpeedIndex opt warm webrender,,77,ms,geckoview,,1734482104,2023-08-02 06:35:09,1281421,,,,,,,,,,,,,,,,,,,,,,,,,,,,,,,,,,,,,,,,,,,,,,,,,TN
378,338c2c8d91af0f92fa1a7a3b5fb1830adb54b373,0.062283057174667644,autoland,4366813,13,930eca14459531ff5483e56979276f480af08a6a,android-hw-a51-11-0-aarch64-shippable-qr,True,False,,|w|a|r|m| |w|e|b|r|e|n|d|e|r|,102210fe594ee9b33d82058545b1ed14f4c8206e,PerceptualSpeedIndex,ebay-kleinanzeigen,True,ebay-kleinanzeigen PerceptualSpeedIndex opt warm webrender,,77,ms,geckoview,,1734626417,2023-08-02 10:39:12,1281520,,,,,,,,,,,,,,,,,,,,,,,,,,,,,,,,,,,,,,,,,,,,,,,,,TN
379,b21c8906db6d0a7e0fbae7e609d90da9cf977fbb,0.06496823629576265,autoland,4366813,13,930eca14459531ff5483e56979276f480af08a6a,android-hw-a51-11-0-aarch64-shippable-qr,True,False,,|w|a|r|m| |w|e|b|r|e|n|d|e|r|,102210fe594ee9b33d82058545b1ed14f4c8206e,PerceptualSpeedIndex,ebay-kleinanzeigen,True,ebay-kleinanzeigen PerceptualSpeedIndex opt warm webrender,,77,ms,geckoview,,1734640341,2023-08-02 12:59:29,1281568,,,,,,,,,,,,,,,,,,,,,,,,,,,,,,,,,,,,,,,,,,,,,,,,,TN
380,90ca26ab8ee142d08164d3ed9761aa023bc4e2aa,0.0812757875433886,autoland,4366813,13,930eca14459531ff5483e56979276f480af08a6a,android-hw-a51-11-0-aarch64-shippable-qr,True,False,,|w|a|r|m| |w|e|b|r|e|n|d|e|r|,102210fe594ee9b33d82058545b1ed14f4c8206e,PerceptualSpeedIndex,ebay-kleinanzeigen,True,ebay-kleinanzeigen PerceptualSpeedIndex opt warm webrender,,77,ms,geckoview,,1734800728,2023-08-02 16:29:38,1281697,,,,,,,,,,,,,,,,,,,,,,,,,,,,,,,,,,,,,,,,,,,,,,,,,TN
381,9836af94c959ecca4666d7f0c19125b41969ff65,0.06961818062741498,autoland,4366813,13,930eca14459531ff5483e56979276f480af08a6a,android-hw-a51-11-0-aarch64-shippable-qr,True,False,,|w|a|r|m| |w|e|b|r|e|n|d|e|r|,102210fe594ee9b33d82058545b1ed14f4c8206e,PerceptualSpeedIndex,ebay-kleinanzeigen,True,ebay-kleinanzeigen PerceptualSpeedIndex opt warm webrender,,77,ms,geckoview,,1735019279,2023-08-03 00:54:50,1282044,,,,,,,,,,,,,,,,,,,,,,,,,,,,,,,,,,,,,,,,,,,,,,,,,TN
382,c37e853eb755f0f4110f01509516da8c93baf284,0.07033859453795277,autoland,4366813,13,930eca14459531ff5483e56979276f480af08a6a,android-hw-a51-11-0-aarch64-shippable-qr,True,False,,|w|a|r|m| |w|e|b|r|e|n|d|e|r|,102210fe594ee9b33d82058545b1ed14f4c8206e,PerceptualSpeedIndex,ebay-kleinanzeigen,True,ebay-kleinanzeigen PerceptualSpeedIndex opt warm webrender,,77,ms,geckoview,,1735021251,2023-08-03 00:55:51,1282045,,,,,,,,,,,,,,,,,,,,,,,,,,,,,,,,,,,,,,,,,,,,,,,,,TN
383,1eb2f6905e74aa982d6b71bec524ccfde726bb7b,0.07367869539590022,autoland,4366813,13,930eca14459531ff5483e56979276f480af08a6a,android-hw-a51-11-0-aarch64-shippable-qr,True,False,,|w|a|r|m| |w|e|b|r|e|n|d|e|r|,102210fe594ee9b33d82058545b1ed14f4c8206e,PerceptualSpeedIndex,ebay-kleinanzeigen,True,ebay-kleinanzeigen PerceptualSpeedIndex opt warm webrender,,77,ms,geckoview,,1735147260,2023-08-03 05:32:27,1282117,,,,,,,,,,,,,,,,,,,,,,,,,,,,,,,,,,,,,,,,,,,,,,,,,TN
384,6f55c55c40c70eff3b82d3129f516257598ea115,0.06359290064837253,autoland,4366813,13,930eca14459531ff5483e56979276f480af08a6a,android-hw-a51-11-0-aarch64-shippable-qr,True,False,,|w|a|r|m| |w|e|b|r|e|n|d|e|r|,102210fe594ee9b33d82058545b1ed14f4c8206e,PerceptualSpeedIndex,ebay-kleinanzeigen,True,ebay-kleinanzeigen PerceptualSpeedIndex opt warm webrender,,77,ms,geckoview,,1735205273,2023-08-03 09:35:33,1282197,,,,,,,,,,,,,,,,,,,,,,,,,,,,,,,,,,,,,,,,,,,,,,,,,TN
385,9a8ae552959ec73c3546151f30d131552d64bce0,0.0706005632326937,autoland,4366813,13,930eca14459531ff5483e56979276f480af08a6a,android-hw-a51-11-0-aarch64-shippable-qr,True,False,,|w|a|r|m| |w|e|b|r|e|n|d|e|r|,102210fe594ee9b33d82058545b1ed14f4c8206e,PerceptualSpeedIndex,ebay-kleinanzeigen,True,ebay-kleinanzeigen PerceptualSpeedIndex opt warm webrender,,77,ms,geckoview,,1735269782,2023-08-03 11:38:24,1282235,,,,,,,,,,,,,,,,,,,,,,,,,,,,,,,,,,,,,,,,,,,,,,,,,TN
386,b801323d1ecc3535a192916c7cb0575710458777,0.054162027637697285,autoland,4366813,13,930eca14459531ff5483e56979276f480af08a6a,android-hw-a51-11-0-aarch64-shippable-qr,True,False,,|w|a|r|m| |w|e|b|r|e|n|d|e|r|,102210fe594ee9b33d82058545b1ed14f4c8206e,PerceptualSpeedIndex,ebay-kleinanzeigen,True,ebay-kleinanzeigen PerceptualSpeedIndex opt warm webrender,,77,ms,geckoview,,1735455581,2023-08-03 15:46:38,1282361,,,,,,,,,,,,,,,,,,,,,,,,,,,,,,,,,,,,,,,,,,,,,,,,,TN
387,58d067f89f59472dc1a89d573ccebb4850863efa,0.06863579802213637,autoland,4366813,13,930eca14459531ff5483e56979276f480af08a6a,android-hw-a51-11-0-aarch64-shippable-qr,True,False,,|w|a|r|m| |w|e|b|r|e|n|d|e|r|,102210fe594ee9b33d82058545b1ed14f4c8206e,PerceptualSpeedIndex,ebay-kleinanzeigen,True,ebay-kleinanzeigen PerceptualSpeedIndex opt warm webrender,,77,ms,geckoview,,1735466980,2023-08-03 16:00:50,1282374,,,,,,,,,,,,,,,,,,,,,,,,,,,,,,,,,,,,,,,,,,,,,,,,,TN
388,8527a2500a35867e4319772e3be1f2756dfcfced,0.059335909358831596,autoland,4366813,13,930eca14459531ff5483e56979276f480af08a6a,android-hw-a51-11-0-aarch64-shippable-qr,True,False,,|w|a|r|m| |w|e|b|r|e|n|d|e|r|,102210fe594ee9b33d82058545b1ed14f4c8206e,PerceptualSpeedIndex,ebay-kleinanzeigen,True,ebay-kleinanzeigen PerceptualSpeedIndex opt warm webrender,,77,ms,geckoview,,1735535898,2023-08-03 19:10:36,1282500,,,,,,,,,,,,,,,,,,,,,,,,,,,,,,,,,,,,,,,,,,,,,,,,,TN
389,3922ccc760667154aea7a174114abfacb17fe35e,0.0660161110747266,autoland,4366813,13,930eca14459531ff5483e56979276f480af08a6a,android-hw-a51-11-0-aarch64-shippable-qr,True,False,,|w|a|r|m| |w|e|b|r|e|n|d|e|r|,102210fe594ee9b33d82058545b1ed14f4c8206e,PerceptualSpeedIndex,ebay-kleinanzeigen,True,ebay-kleinanzeigen PerceptualSpeedIndex opt warm webrender,,77,ms,geckoview,,1735641643,2023-08-03 22:02:40,1282606,,,,,,,,,,,,,,,,,,,,,,,,,,,,,,,,,,,,,,,,,,,,,,,,,TN
390,2b60f9868271a131fa342332b78f3968159fa46e,0.05782958936407101,autoland,4366813,13,930eca14459531ff5483e56979276f480af08a6a,android-hw-a51-11-0-aarch64-shippable-qr,True,False,,|w|a|r|m| |w|e|b|r|e|n|d|e|r|,102210fe594ee9b33d82058545b1ed14f4c8206e,PerceptualSpeedIndex,ebay-kleinanzeigen,True,ebay-kleinanzeigen PerceptualSpeedIndex opt warm webrender,,77,ms,geckoview,,1735716604,2023-08-04 02:28:33,1282715,,,,,,,,,,,,,,,,,,,,,,,,,,,,,,,,,,,,,,,,,,,,,,,,,TN
391,94da8bb07baea6212776a4b3ddcebff2c08eab98,0.060711245006221715,autoland,4366813,13,930eca14459531ff5483e56979276f480af08a6a,android-hw-a51-11-0-aarch64-shippable-qr,True,False,,|w|a|r|m| |w|e|b|r|e|n|d|e|r|,102210fe594ee9b33d82058545b1ed14f4c8206e,PerceptualSpeedIndex,ebay-kleinanzeigen,True,ebay-kleinanzeigen PerceptualSpeedIndex opt warm webrender,,77,ms,geckoview,,1735820083,2023-08-04 06:28:57,1282781,,,,,,,,,,,,,,,,,,,,,,,,,,,,,,,,,,,,,,,,,,,,,,,,,TN
392,386212864d07a46141ce5bca1ef4988cefa4bad7,0.058550003274608686,autoland,4366813,13,930eca14459531ff5483e56979276f480af08a6a,android-hw-a51-11-0-aarch64-shippable-qr,True,False,,|w|a|r|m| |w|e|b|r|e|n|d|e|r|,102210fe594ee9b33d82058545b1ed14f4c8206e,PerceptualSpeedIndex,ebay-kleinanzeigen,True,ebay-kleinanzeigen PerceptualSpeedIndex opt warm webrender,,77,ms,geckoview,,1735858885,2023-08-04 09:04:37,1282830,,,,,,,,,,,,,,,,,,,,,,,,,,,,,,,,,,,,,,,,,,,,,,,,,TN
393,3a8e173a97d02ae7b0aa11e9ca6f35b1fe8fa926,0.06654004846420847,autoland,4366813,13,930eca14459531ff5483e56979276f480af08a6a,android-hw-a51-11-0-aarch64-shippable-qr,True,False,,|w|a|r|m| |w|e|b|r|e|n|d|e|r|,102210fe594ee9b33d82058545b1ed14f4c8206e,PerceptualSpeedIndex,ebay-kleinanzeigen,True,ebay-kleinanzeigen PerceptualSpeedIndex opt warm webrender,,77,ms,geckoview,,1735971328,2023-08-04 13:05:51,1282936,,,,,,,,,,,,,,,,,,,,,,,,,,,,,,,,,,,,,,,,,,,,,,,,,TN
394,8b506ab414513f3320eb7747254e94b37808bb75,0.07092802410111998,autoland,4366813,13,930eca14459531ff5483e56979276f480af08a6a,android-hw-a51-11-0-aarch64-shippable-qr,True,False,,|w|a|r|m| |w|e|b|r|e|n|d|e|r|,102210fe594ee9b33d82058545b1ed14f4c8206e,PerceptualSpeedIndex,ebay-kleinanzeigen,True,ebay-kleinanzeigen PerceptualSpeedIndex opt warm webrender,,77,ms,geckoview,,1736107482,2023-08-04 14:26:38,1282995,,,,,,,,,,,,,,,,,,,,,,,,,,,,,,,,,,,,,,,,,,,,,,,,,TN
395,e8c6dc4a318cb8af6210801b4271ea32ee9f324a,0.05586482415351368,autoland,4366813,13,930eca14459531ff5483e56979276f480af08a6a,android-hw-a51-11-0-aarch64-shippable-qr,True,False,,|w|a|r|m| |w|e|b|r|e|n|d|e|r|,102210fe594ee9b33d82058545b1ed14f4c8206e,PerceptualSpeedIndex,ebay-kleinanzeigen,True,ebay-kleinanzeigen PerceptualSpeedIndex opt warm webrender,,77,ms,geckoview,,1736143555,2023-08-04 17:20:09,1283108,,,,,,,,,,,,,,,,,,,,,,,,,,,,,,,,,,,,,,,,,,,,,,,,,TN
396,de6dcf5a4c0eec5ef6847cde00ec5da4fcee2e8c,0.060318291964110315,autoland,4366813,13,930eca14459531ff5483e56979276f480af08a6a,android-hw-a51-11-0-aarch64-shippable-qr,True,False,,|w|a|r|m| |w|e|b|r|e|n|d|e|r|,102210fe594ee9b33d82058545b1ed14f4c8206e,PerceptualSpeedIndex,ebay-kleinanzeigen,True,ebay-kleinanzeigen PerceptualSpeedIndex opt warm webrender,,77,ms,geckoview,,1736259375,2023-08-04 21:22:40,1283226,,,,,,,,,,,,,,,,,,,,,,,,,,,,,,,,,,,,,,,,,,,,,,,,,TN
397,421628bd5a5c1cf8c64cb86994b1e6dc738abb49,0.06699849368000521,autoland,4366813,13,930eca14459531ff5483e56979276f480af08a6a,android-hw-a51-11-0-aarch64-shippable-qr,True,False,,|w|a|r|m| |w|e|b|r|e|n|d|e|r|,102210fe594ee9b33d82058545b1ed14f4c8206e,PerceptualSpeedIndex,ebay-kleinanzeigen,True,ebay-kleinanzeigen PerceptualSpeedIndex opt warm webrender,,77,ms,geckoview,,1736307251,2023-08-04 23:16:08,1283269,,,,,,,,,,,,,,,,,,,,,,,,,,,,,,,,,,,,,,,,,,,,,,,,,TN
398,9e73058ab4aadee7e12b26a9be296b2bbc04cf74,0.06732595454843149,autoland,4366813,13,930eca14459531ff5483e56979276f480af08a6a,android-hw-a51-11-0-aarch64-shippable-qr,True,False,,|w|a|r|m| |w|e|b|r|e|n|d|e|r|,102210fe594ee9b33d82058545b1ed14f4c8206e,PerceptualSpeedIndex,ebay-kleinanzeigen,True,ebay-kleinanzeigen PerceptualSpeedIndex opt warm webrender,,77,ms,geckoview,,1736482792,2023-08-05 11:44:34,1283328,,,,,,,,,,,,,,,,,,,,,,,,,,,,,,,,,,,,,,,,,,,,,,,,,TN
399,b0538d39e8c853c9e07b359df9c740d5175e7077,0.06175911978518567,autoland,4366813,13,930eca14459531ff5483e56979276f480af08a6a,android-hw-a51-11-0-aarch64-shippable-qr,True,False,,|w|a|r|m| |w|e|b|r|e|n|d|e|r|,102210fe594ee9b33d82058545b1ed14f4c8206e,PerceptualSpeedIndex,ebay-kleinanzeigen,True,ebay-kleinanzeigen PerceptualSpeedIndex opt warm webrender,,77,ms,geckoview,,1736500194,2023-08-05 16:15:02,1283346,,,,,,,,,,,,,,,,,,,,,,,,,,,,,,,,,,,,,,,,,,,,,,,,,TN
400,a777f43c4d9cabe80f2fc3aea6bf95c7e3e9c4c1,0.062283057174667644,autoland,4366813,13,930eca14459531ff5483e56979276f480af08a6a,android-hw-a51-11-0-aarch64-shippable-qr,True,False,,|w|a|r|m| |w|e|b|r|e|n|d|e|r|,102210fe594ee9b33d82058545b1ed14f4c8206e,PerceptualSpeedIndex,ebay-kleinanzeigen,True,ebay-kleinanzeigen PerceptualSpeedIndex opt warm webrender,,77,ms,geckoview,,1736617212,2023-08-06 23:55:51,1283445,,,,,,,,,,,,,,,,,,,,,,,,,,,,,,,,,,,,,,,,,,,,,,,,,TN
401,a86a27857ef685b0547d023a29fb8c8bb3f8fc1d,0.06437880673259544,autoland,4366813,13,930eca14459531ff5483e56979276f480af08a6a,android-hw-a51-11-0-aarch64-shippable-qr,True,False,,|w|a|r|m| |w|e|b|r|e|n|d|e|r|,102210fe594ee9b33d82058545b1ed14f4c8206e,PerceptualSpeedIndex,ebay-kleinanzeigen,True,ebay-kleinanzeigen PerceptualSpeedIndex opt warm webrender,,77,ms,geckoview,,1736654591,2023-08-07 02:09:17,1283462,,,,,,,,,,,,,,,,,,,,,,,,,,,,,,,,,,,,,,,,,,,,,,,,,TN
402,6d877fdb9a1e892fe6528a26aab81b53cfae55c5,0.050363481563953094,autoland,4366813,13,930eca14459531ff5483e56979276f480af08a6a,android-hw-a51-11-0-aarch64-shippable-qr,True,False,,|w|a|r|m| |w|e|b|r|e|n|d|e|r|,102210fe594ee9b33d82058545b1ed14f4c8206e,PerceptualSpeedIndex,ebay-kleinanzeigen,True,ebay-kleinanzeigen PerceptualSpeedIndex opt warm webrender,,77,ms,geckoview,,1736719298,2023-08-07 06:19:47,1283519,,,,,,,,,,,,,,,,,,,,,,,,,,,,,,,,,,,,,,,,,,,,,,,,,TN
403,2f07664dbc304adeae1029ead0f4ab014aaa02a8,0.05462047285349403,autoland,4366813,13,930eca14459531ff5483e56979276f480af08a6a,android-hw-a51-11-0-aarch64-shippable-qr,True,False,,|w|a|r|m| |w|e|b|r|e|n|d|e|r|,102210fe594ee9b33d82058545b1ed14f4c8206e,PerceptualSpeedIndex,ebay-kleinanzeigen,True,ebay-kleinanzeigen PerceptualSpeedIndex opt warm webrender,,77,ms,geckoview,,1736844545,2023-08-07 09:17:55,1283581,,,,,,,,,,,,,,,,,,,,,,,,,,,,,,,,,,,,,,,,,,,,,,,,,TN
404,d59d0a5038b29cdbcbb2d4b003d642a2617e297f,0.06588512672735602,autoland,4366813,13,930eca14459531ff5483e56979276f480af08a6a,android-hw-a51-11-0-aarch64-shippable-qr,True,False,,|w|a|r|m| |w|e|b|r|e|n|d|e|r|,102210fe594ee9b33d82058545b1ed14f4c8206e,PerceptualSpeedIndex,ebay-kleinanzeigen,True,ebay-kleinanzeigen PerceptualSpeedIndex opt warm webrender,,77,ms,geckoview,,1736875530,2023-08-07 13:44:02,1283713,,,,,,,,,,,,,,,,,,,,,,,,,,,,,,,,,,,,,,,,,,,,,,,,,TN
405,969534e114528550edbcaf30931bc5e255ac2475,0.06044927631148078,autoland,4366813,13,930eca14459531ff5483e56979276f480af08a6a,android-hw-a51-11-0-aarch64-shippable-qr,True,False,,|w|a|r|m| |w|e|b|r|e|n|d|e|r|,102210fe594ee9b33d82058545b1ed14f4c8206e,PerceptualSpeedIndex,ebay-kleinanzeigen,True,ebay-kleinanzeigen PerceptualSpeedIndex opt warm webrender,,77,ms,geckoview,,1736964526,2023-08-07 16:46:35,1283815,,,,,,,,,,,,,,,,,,,,,,,,,,,,,,,,,,,,,,,,,,,,,,,,,TN
406,588b596bcb73c4c9cf235c8df1dc04fc9475c321,0.0572401598009038,autoland,4366813,13,930eca14459531ff5483e56979276f480af08a6a,android-hw-a51-11-0-aarch64-shippable-qr,True,False,,|w|a|r|m| |w|e|b|r|e|n|d|e|r|,102210fe594ee9b33d82058545b1ed14f4c8206e,PerceptualSpeedIndex,ebay-kleinanzeigen,True,ebay-kleinanzeigen PerceptualSpeedIndex opt warm webrender,,77,ms,geckoview,,1737056706,2023-08-07 20:52:42,1283921,,,,,,,,,,,,,,,,,,,,,,,,,,,,,,,,,,,,,,,,,,,,,,,,,TN
407,0d1a783351f683e500d6e8f83d3dc430b2afdcbf,0.08232366232235244,autoland,4366813,13,930eca14459531ff5483e56979276f480af08a6a,android-hw-a51-11-0-aarch64-shippable-qr,True,False,,|w|a|r|m| |w|e|b|r|e|n|d|e|r|,102210fe594ee9b33d82058545b1ed14f4c8206e,PerceptualSpeedIndex,ebay-kleinanzeigen,True,ebay-kleinanzeigen PerceptualSpeedIndex opt warm webrender,,77,ms,geckoview,,1737078159,2023-08-07 21:31:10,1283941,,,,,,,,,,,,,,,,,,,,,,,,,,,,,,,,,,,,,,,,,,,,,,,,,TN
408,7053ad5afbc40a1a98d9e4e447c98e2fd6d70f04,0.0639203615167987,autoland,4366813,13,930eca14459531ff5483e56979276f480af08a6a,android-hw-a51-11-0-aarch64-shippable-qr,True,False,,|w|a|r|m| |w|e|b|r|e|n|d|e|r|,102210fe594ee9b33d82058545b1ed14f4c8206e,PerceptualSpeedIndex,ebay-kleinanzeigen,True,ebay-kleinanzeigen PerceptualSpeedIndex opt warm webrender,,77,ms,geckoview,,1737207578,2023-08-08 01:47:48,1284029,,,,,,,,,,,,,,,,,,,,,,,,,,,,,,,,,,,,,,,,,,,,,,,,,TN
409,201950bdeb03d34c7ad70702b52d28c3e0f6a448,0.056716222411421824,autoland,4366813,13,930eca14459531ff5483e56979276f480af08a6a,android-hw-a51-11-0-aarch64-shippable-qr,True,False,,|w|a|r|m| |w|e|b|r|e|n|d|e|r|,102210fe594ee9b33d82058545b1ed14f4c8206e,PerceptualSpeedIndex,ebay-kleinanzeigen,True,ebay-kleinanzeigen PerceptualSpeedIndex opt warm webrender,,77,ms,geckoview,,1737299466,2023-08-08 08:03:57,1284128,,,,,,,,,,,,,,,,,,,,,,,,,,,,,,,,,,,,,,,,,,,,,,,,,TN
410,d1fbe6c1f87656fb4f55677904f55f6df433ea9a,0.05927041718514636,autoland,4366813,13,930eca14459531ff5483e56979276f480af08a6a,android-hw-a51-11-0-aarch64-shippable-qr,True,False,,|w|a|r|m| |w|e|b|r|e|n|d|e|r|,102210fe594ee9b33d82058545b1ed14f4c8206e,PerceptualSpeedIndex,ebay-kleinanzeigen,True,ebay-kleinanzeigen PerceptualSpeedIndex opt warm webrender,,77,ms,geckoview,,1737373629,2023-08-08 12:10:40,1284255,,,,,,,,,,,,,,,,,,,,,,,,,,,,,,,,,,,,,,,,,,,,,,,,,TN
411,062a5e5729067f579bd6d1ab2f1a3021d7fd291a,0.07570895278014278,autoland,4366813,13,930eca14459531ff5483e56979276f480af08a6a,android-hw-a51-11-0-aarch64-shippable-qr,True,False,,|w|a|r|m| |w|e|b|r|e|n|d|e|r|,102210fe594ee9b33d82058545b1ed14f4c8206e,PerceptualSpeedIndex,ebay-kleinanzeigen,True,ebay-kleinanzeigen PerceptualSpeedIndex opt warm webrender,,77,ms,geckoview,,1737375664,2023-08-08 12:20:31,1284261,,,,,,,,,,,,,,,,,,,,,,,,,,,,,,,,,,,,,,,,,,,,,,,,,TN
412,855c69dcdcc457c3e5a54150cdd89a71a2527e2b,0.05920492501146113,autoland,4366813,13,930eca14459531ff5483e56979276f480af08a6a,android-hw-a51-11-0-aarch64-shippable-qr,True,False,,|w|a|r|m| |w|e|b|r|e|n|d|e|r|,102210fe594ee9b33d82058545b1ed14f4c8206e,PerceptualSpeedIndex,ebay-kleinanzeigen,True,ebay-kleinanzeigen PerceptualSpeedIndex opt warm webrender,,77,ms,geckoview,,1737494953,2023-08-08 16:23:23,1284396,,,,,,,,,,,,,,,,,,,,,,,,,,,,,,,,,,,,,,,,,,,,,,,,,TN
413,b19ed5a6579d312e71c03201698107835378c612,0.0463684589691532,autoland,4366813,13,930eca14459531ff5483e56979276f480af08a6a,android-hw-a51-11-0-aarch64-shippable-qr,True,False,,|w|a|r|m| |w|e|b|r|e|n|d|e|r|,102210fe594ee9b33d82058545b1ed14f4c8206e,PerceptualSpeedIndex,ebay-kleinanzeigen,True,ebay-kleinanzeigen PerceptualSpeedIndex opt warm webrender,,77,ms,geckoview,,1737544842,2023-08-08 18:03:32,1284479,,,,,,,,,,,,,,,,,,,,,,,,,,,,,,,,,,,,,,,,,,,,,,,,,TN
414,4abb9ce2fb8e4174171b3478d6f28b78bf3f214a,0.05638876154299555,autoland,4366813,13,930eca14459531ff5483e56979276f480af08a6a,android-hw-a51-11-0-aarch64-shippable-qr,True,False,,|w|a|r|m| |w|e|b|r|e|n|d|e|r|,102210fe594ee9b33d82058545b1ed14f4c8206e,PerceptualSpeedIndex,ebay-kleinanzeigen,True,ebay-kleinanzeigen PerceptualSpeedIndex opt warm webrender,,77,ms,geckoview,,1737672787,2023-08-08 21:27:09,1284603,,,,,,,,,,,,,,,,,,,,,,,,,,,,,,,,,,,,,,,,,,,,,,,,,TN
415,25a29224e55d9a839d6fddde206208a453535ec8,0.058288034579867753,autoland,4366813,13,930eca14459531ff5483e56979276f480af08a6a,android-hw-a51-11-0-aarch64-shippable-qr,True,False,,|w|a|r|m| |w|e|b|r|e|n|d|e|r|,102210fe594ee9b33d82058545b1ed14f4c8206e,PerceptualSpeedIndex,ebay-kleinanzeigen,True,ebay-kleinanzeigen PerceptualSpeedIndex opt warm webrender,,77,ms,geckoview,,1737776676,2023-08-09 02:34:29,1284750,,,,,,,,,,,,,,,,,,,,,,,,,,,,,,,,,,,,,,,,,,,,,,,,,TN
416,46b5603cd2b8de629b659ec8d44fc7b086782c46,0.05887746414303496,autoland,4366813,13,930eca14459531ff5483e56979276f480af08a6a,android-hw-a51-11-0-aarch64-shippable-qr,True,False,,|w|a|r|m| |w|e|b|r|e|n|d|e|r|,102210fe594ee9b33d82058545b1ed14f4c8206e,PerceptualSpeedIndex,ebay-kleinanzeigen,True,ebay-kleinanzeigen PerceptualSpeedIndex opt warm webrender,,77,ms,geckoview,,1738005805,2023-08-09 13:49:06,1285020,,,,,,,,,,,,,,,,,,,,,,,,,,,,,,,,,,,,,,,,,,,,,,,,,TN
417,299828b58af2fd55f393babed8ea8db6425040df,0.04708887287969088,autoland,4366813,13,930eca14459531ff5483e56979276f480af08a6a,android-hw-a51-11-0-aarch64-shippable-qr,True,False,,|w|a|r|m| |w|e|b|r|e|n|d|e|r|,102210fe594ee9b33d82058545b1ed14f4c8206e,PerceptualSpeedIndex,ebay-kleinanzeigen,True,ebay-kleinanzeigen PerceptualSpeedIndex opt warm webrender,,77,ms,geckoview,,1738217375,2023-08-09 17:29:37,1285186,,,,,,,,,,,,,,,,,,,,,,,,,,,,,,,,,,,,,,,,,,,,,,,,,TN
418,9766f63db97d1b85b2f2f47d2b3cb3ee3782ae85,0.062283057174667644,autoland,4366813,13,930eca14459531ff5483e56979276f480af08a6a,android-hw-a51-11-0-aarch64-shippable-qr,True,False,,|w|a|r|m| |w|e|b|r|e|n|d|e|r|,102210fe594ee9b33d82058545b1ed14f4c8206e,PerceptualSpeedIndex,ebay-kleinanzeigen,True,ebay-kleinanzeigen PerceptualSpeedIndex opt warm webrender,,77,ms,geckoview,,1738302718,2023-08-09 20:56:32,1285337,,,,,,,,,,,,,,,,,,,,,,,,,,,,,,,,,,,,,,,,,,,,,,,,,TN
419,b2b54f91567d2de224314e03fc81ba6e815e2fa7,0.05520990241666124,autoland,4366813,13,930eca14459531ff5483e56979276f480af08a6a,android-hw-a51-11-0-aarch64-shippable-qr,True,False,,|w|a|r|m| |w|e|b|r|e|n|d|e|r|,102210fe594ee9b33d82058545b1ed14f4c8206e,PerceptualSpeedIndex,ebay-kleinanzeigen,True,ebay-kleinanzeigen PerceptualSpeedIndex opt warm webrender,,77,ms,geckoview,,1738401069,2023-08-10 01:02:34,1285442,,,,,,,,,,,,,,,,,,,,,,,,,,,,,,,,,,,,,,,,,,,,,,,,,TN
420,7704c89f0e6bc2ca33282a228b42fb5cd7aa072c,0.05625777719562519,autoland,4366813,13,930eca14459531ff5483e56979276f480af08a6a,android-hw-a51-11-0-aarch64-shippable-qr,True,False,,|w|a|r|m| |w|e|b|r|e|n|d|e|r|,102210fe594ee9b33d82058545b1ed14f4c8206e,PerceptualSpeedIndex,ebay-kleinanzeigen,True,ebay-kleinanzeigen PerceptualSpeedIndex opt warm webrender,,77,ms,geckoview,,1738426370,2023-08-10 02:22:08,1285454,,,,,,,,,,,,,,,,,,,,,,,,,,,,,,,,,,,,,,,,,,,,,,,,,TN
421,24eb42c9b3d9f910ba5afe124232608f70532552,0.055537363285087404,autoland,4366813,13,930eca14459531ff5483e56979276f480af08a6a,android-hw-a51-11-0-aarch64-shippable-qr,True,False,,|w|a|r|m| |w|e|b|r|e|n|d|e|r|,102210fe594ee9b33d82058545b1ed14f4c8206e,PerceptualSpeedIndex,ebay-kleinanzeigen,True,ebay-kleinanzeigen PerceptualSpeedIndex opt warm webrender,,77,ms,geckoview,,1738538797,2023-08-10 06:54:21,1285524,,,,,,,,,,,,,,,,,,,,,,,,,,,,,,,,,,,,,,,,,,,,,,,,,TN
422,f688cd32ea991c3f0e62e19b43efc48cb4cc183a,0.059335909358831596,autoland,4366813,13,930eca14459531ff5483e56979276f480af08a6a,android-hw-a51-11-0-aarch64-shippable-qr,True,False,,|w|a|r|m| |w|e|b|r|e|n|d|e|r|,102210fe594ee9b33d82058545b1ed14f4c8206e,PerceptualSpeedIndex,ebay-kleinanzeigen,True,ebay-kleinanzeigen PerceptualSpeedIndex opt warm webrender,,77,ms,geckoview,,1738559228,2023-08-10 07:38:16,1285542,,,,,,,,,,,,,,,,,,,,,,,,,,,,,,,,,,,,,,,,,,,,,,,,,TN
423,b544a2a999190b3345911b807fac8392e1360811,0.05763311284301531,autoland,4366813,13,930eca14459531ff5483e56979276f480af08a6a,android-hw-a51-11-0-aarch64-shippable-qr,True,False,,|w|a|r|m| |w|e|b|r|e|n|d|e|r|,102210fe594ee9b33d82058545b1ed14f4c8206e,PerceptualSpeedIndex,ebay-kleinanzeigen,True,ebay-kleinanzeigen PerceptualSpeedIndex opt warm webrender,,77,ms,geckoview,,1738650109,2023-08-10 11:47:02,1285658,,,,,,,,,,,,,,,,,,,,,,,,,,,,,,,,,,,,,,,,,,,,,,,,,TN
424,11f47f2a1cf08c1e0b5bb6374f2a7dd1f49c8cac,0.05881197196934973,autoland,4366813,13,930eca14459531ff5483e56979276f480af08a6a,android-hw-a51-11-0-aarch64-shippable-qr,True,False,,|w|a|r|m| |w|e|b|r|e|n|d|e|r|,102210fe594ee9b33d82058545b1ed14f4c8206e,PerceptualSpeedIndex,ebay-kleinanzeigen,True,ebay-kleinanzeigen PerceptualSpeedIndex opt warm webrender,,77,ms,geckoview,,1738683766,2023-08-10 13:06:38,1285701,,,,,,,,,,,,,,,,,,,,,,,,,,,,,,,,,,,,,,,,,,,,,,,,,TN
425,42a4b2af29229dbfd0675767afaf6965d292e4a7,0.05750212849564473,autoland,4366813,13,930eca14459531ff5483e56979276f480af08a6a,android-hw-a51-11-0-aarch64-shippable-qr,True,False,,|w|a|r|m| |w|e|b|r|e|n|d|e|r|,102210fe594ee9b33d82058545b1ed14f4c8206e,PerceptualSpeedIndex,ebay-kleinanzeigen,True,ebay-kleinanzeigen PerceptualSpeedIndex opt warm webrender,,77,ms,geckoview,,1738802148,2023-08-10 16:07:39,1285800,,,,,,,,,,,,,,,,,,,,,,,,,,,,,,,,,,,,,,,,,,,,,,,,,TN
426,fae9c8496544fb4597f4094d95b81fdefec01628,0.060514768485166015,autoland,4366813,13,930eca14459531ff5483e56979276f480af08a6a,android-hw-a51-11-0-aarch64-shippable-qr,True,False,,|w|a|r|m| |w|e|b|r|e|n|d|e|r|,102210fe594ee9b33d82058545b1ed14f4c8206e,PerceptualSpeedIndex,ebay-kleinanzeigen,True,ebay-kleinanzeigen PerceptualSpeedIndex opt warm webrender,,77,ms,geckoview,,1738846142,2023-08-10 18:32:11,1285918,,,,,,,,,,,,,,,,,,,,,,,,,,,,,,,,,,,,,,,,,,,,,,,,,TN
427,389f1009f2db207be63aacd4c9c54990f9d1104b,0.05186980155871368,autoland,4366813,13,930eca14459531ff5483e56979276f480af08a6a,android-hw-a51-11-0-aarch64-shippable-qr,True,False,,|w|a|r|m| |w|e|b|r|e|n|d|e|r|,102210fe594ee9b33d82058545b1ed14f4c8206e,PerceptualSpeedIndex,ebay-kleinanzeigen,True,ebay-kleinanzeigen PerceptualSpeedIndex opt warm webrender,,77,ms,geckoview,,1738949122,2023-08-10 21:59:13,1286074,,,,,,,,,,,,,,,,,,,,,,,,,,,,,,,,,,,,,,,,,,,,,,,,,TN
428,05da0ca6db46baad5f6e45489d80d5097053bb42,0.05645425371668089,autoland,4366813,13,930eca14459531ff5483e56979276f480af08a6a,android-hw-a51-11-0-aarch64-shippable-qr,True,False,,|w|a|r|m| |w|e|b|r|e|n|d|e|r|,102210fe594ee9b33d82058545b1ed14f4c8206e,PerceptualSpeedIndex,ebay-kleinanzeigen,True,ebay-kleinanzeigen PerceptualSpeedIndex opt warm webrender,,77,ms,geckoview,,1739000106,2023-08-11 03:08:44,1286160,,,,,,,,,,,,,,,,,,,,,,,,,,,,,,,,,,,,,,,,,,,,,,,,,TN
429,efb44db563b1abcb74959e12c6ce8e577cd213f2,0.056126792848254614,autoland,4366813,13,930eca14459531ff5483e56979276f480af08a6a,android-hw-a51-11-0-aarch64-shippable-qr,True,False,,|w|a|r|m| |w|e|b|r|e|n|d|e|r|,102210fe594ee9b33d82058545b1ed14f4c8206e,PerceptualSpeedIndex,ebay-kleinanzeigen,True,ebay-kleinanzeigen PerceptualSpeedIndex opt warm webrender,,77,ms,geckoview,,1739086145,2023-08-11 07:27:06,1286189,,,,,,,,,,,,,,,,,,,,,,,,,,,,,,,,,,,,,,,,,,,,,,,,,TN
430,cda91469ef2a9b195d09f702816a5f7aec451d02,0.07747724146964441,autoland,4366813,13,930eca14459531ff5483e56979276f480af08a6a,android-hw-a51-11-0-aarch64-shippable-qr,True,False,,|w|a|r|m| |w|e|b|r|e|n|d|e|r|,102210fe594ee9b33d82058545b1ed14f4c8206e,PerceptualSpeedIndex,ebay-kleinanzeigen,True,ebay-kleinanzeigen PerceptualSpeedIndex opt warm webrender,,77,ms,geckoview,,1739111792,2023-08-11 08:27:25,1286199,,,,,,,,,,,,,,,,,,,,,,,,,,,,,,,,,,,,,,,,,,,,,,,,,TN
431,21aaca8e9cca74e93bf7c9c3a6c05b78a0d46a06,0.05887746414303496,autoland,4366813,13,930eca14459531ff5483e56979276f480af08a6a,android-hw-a51-11-0-aarch64-shippable-qr,True,False,,|w|a|r|m| |w|e|b|r|e|n|d|e|r|,102210fe594ee9b33d82058545b1ed14f4c8206e,PerceptualSpeedIndex,ebay-kleinanzeigen,True,ebay-kleinanzeigen PerceptualSpeedIndex opt warm webrender,,77,ms,geckoview,,1739280196,2023-08-11 14:16:15,1286315,,,,,,,,,,,,,,,,,,,,,,,,,,,,,,,,,,,,,,,,,,,,,,,,,TN
432,16838b515ded4549918a4ebf3e3fa8a0b427e1f4,0.05579933197982845,autoland,4366813,13,930eca14459531ff5483e56979276f480af08a6a,android-hw-a51-11-0-aarch64-shippable-qr,True,False,,|w|a|r|m| |w|e|b|r|e|n|d|e|r|,102210fe594ee9b33d82058545b1ed14f4c8206e,PerceptualSpeedIndex,ebay-kleinanzeigen,True,ebay-kleinanzeigen PerceptualSpeedIndex opt warm webrender,,77,ms,geckoview,,1739336476,2023-08-11 16:12:07,1286403,,,,,,,,,,,,,,,,,,,,,,,,,,,,,,,,,,,,,,,,,,,,,,,,,TN
433,700d98d93bde10f22824d5d41b863f4a108f832b,0.06221756500098241,autoland,4366813,13,930eca14459531ff5483e56979276f480af08a6a,android-hw-a51-11-0-aarch64-shippable-qr,True,False,,|w|a|r|m| |w|e|b|r|e|n|d|e|r|,102210fe594ee9b33d82058545b1ed14f4c8206e,PerceptualSpeedIndex,ebay-kleinanzeigen,True,ebay-kleinanzeigen PerceptualSpeedIndex opt warm webrender,,77,ms,geckoview,,1739416385,2023-08-11 20:27:04,1286565,,,,,,,,,,,,,,,,,,,,,,,,,,,,,,,,,,,,,,,,,,,,,,,,,TN
434,8dd752fc2bce87d04b7ae3bab02bb57d59c64e8a,0.057109175453533334,autoland,4366813,13,930eca14459531ff5483e56979276f480af08a6a,android-hw-a51-11-0-aarch64-shippable-qr,True,False,,|w|a|r|m| |w|e|b|r|e|n|d|e|r|,102210fe594ee9b33d82058545b1ed14f4c8206e,PerceptualSpeedIndex,ebay-kleinanzeigen,True,ebay-kleinanzeigen PerceptualSpeedIndex opt warm webrender,,77,ms,geckoview,,1739544382,2023-08-12 05:14:02,1286635,,,,,,,,,,,,,,,,,,,,,,,,,,,,,,,,,,,,,,,,,,,,,,,,,TN
435,f20040ae7b2f3e1499ea3b90639fd96566103125,0.05940140153251683,autoland,4366813,13,930eca14459531ff5483e56979276f480af08a6a,android-hw-a51-11-0-aarch64-shippable-qr,True,False,,|w|a|r|m| |w|e|b|r|e|n|d|e|r|,102210fe594ee9b33d82058545b1ed14f4c8206e,PerceptualSpeedIndex,ebay-kleinanzeigen,True,ebay-kleinanzeigen PerceptualSpeedIndex opt warm webrender,,77,ms,geckoview,,1739561745,2023-08-12 05:14:50,1286636,,,,,,,,,,,,,,,,,,,,,,,,,,,,,,,,,,,,,,,,,,,,,,,,,TN
436,6386291adbedd6140dfbf10b071e5cc82f5433a1,0.062479533695723344,autoland,4366813,13,930eca14459531ff5483e56979276f480af08a6a,android-hw-a51-11-0-aarch64-shippable-qr,True,False,,|w|a|r|m| |w|e|b|r|e|n|d|e|r|,102210fe594ee9b33d82058545b1ed14f4c8206e,PerceptualSpeedIndex,ebay-kleinanzeigen,True,ebay-kleinanzeigen PerceptualSpeedIndex opt warm webrender,,77,ms,geckoview,,1739636797,2023-08-12 12:22:39,1286663,,,,,,,,,,,,,,,,,,,,,,,,,,,,,,,,,,,,,,,,,,,,,,,,,TN
437,9a15449ff274a89d15ae4d345601385b371c2dff,0.059728862400943106,autoland,4366813,13,930eca14459531ff5483e56979276f480af08a6a,android-hw-a51-11-0-aarch64-shippable-qr,True,False,,|w|a|r|m| |w|e|b|r|e|n|d|e|r|,102210fe594ee9b33d82058545b1ed14f4c8206e,PerceptualSpeedIndex,ebay-kleinanzeigen,True,ebay-kleinanzeigen PerceptualSpeedIndex opt warm webrender,,77,ms,geckoview,,1739682262,2023-08-12 17:53:09,1286688,,,,,,,,,,,,,,,,,,,,,,,,,,,,,,,,,,,,,,,,,,,,,,,,,TN
438,dcf2ddfaffbf9900de8ba4a674708bf996d147b6,0.06267601021677904,autoland,4366813,13,930eca14459531ff5483e56979276f480af08a6a,android-hw-a51-11-0-aarch64-shippable-qr,True,False,,|w|a|r|m| |w|e|b|r|e|n|d|e|r|,102210fe594ee9b33d82058545b1ed14f4c8206e,PerceptualSpeedIndex,ebay-kleinanzeigen,True,ebay-kleinanzeigen PerceptualSpeedIndex opt warm webrender,,77,ms,geckoview,,1739754136,2023-08-13 04:26:09,1286737,,,,,,,,,,,,,,,,,,,,,,,,,,,,,,,,,,,,,,,,,,,,,,,,,TN
439,cbfbab86b8f2ad4e39c90caa2d8e55102609b72d,0.05370358242190065,autoland,4366813,13,930eca14459531ff5483e56979276f480af08a6a,android-hw-a51-11-0-aarch64-shippable-qr,True,False,,|w|a|r|m| |w|e|b|r|e|n|d|e|r|,102210fe594ee9b33d82058545b1ed14f4c8206e,PerceptualSpeedIndex,ebay-kleinanzeigen,True,ebay-kleinanzeigen PerceptualSpeedIndex opt warm webrender,,77,ms,geckoview,,1739819371,2023-08-13 16:54:11,1286762,,,,,,,,,,,,,,,,,,,,,,,,,,,,,,,,,,,,,,,,,,,,,,,,,TN
440,bdeed1276a3515d597485fc241f9757ff607a9d1,0.06234854934835288,autoland,4366813,13,930eca14459531ff5483e56979276f480af08a6a,android-hw-a51-11-0-aarch64-shippable-qr,True,False,,|w|a|r|m| |w|e|b|r|e|n|d|e|r|,102210fe594ee9b33d82058545b1ed14f4c8206e,PerceptualSpeedIndex,ebay-kleinanzeigen,True,ebay-kleinanzeigen PerceptualSpeedIndex opt warm webrender,,77,ms,geckoview,,1739910538,2023-08-14 00:32:30,1286792,,,,,,,,,,,,,,,,,,,,,,,,,,,,,,,,,,,,,,,,,,,,,,,,,TN
441,a5bcd3edffd78b69932e1ea7c5dda0894107edaa,0.0572401598009038,autoland,4366813,13,930eca14459531ff5483e56979276f480af08a6a,android-hw-a51-11-0-aarch64-shippable-qr,True,False,,|w|a|r|m| |w|e|b|r|e|n|d|e|r|,102210fe594ee9b33d82058545b1ed14f4c8206e,PerceptualSpeedIndex,ebay-kleinanzeigen,True,ebay-kleinanzeigen PerceptualSpeedIndex opt warm webrender,,77,ms,geckoview,,1739958450,2023-08-14 06:39:21,1286822,,,,,,,,,,,,,,,,,,,,,,,,,,,,,,,,,,,,,,,,,,,,,,,,,TN
442,64a1445ac4138d208b6412914b12fd0a2e9ff945,0.060514768485166015,autoland,4366813,13,930eca14459531ff5483e56979276f480af08a6a,android-hw-a51-11-0-aarch64-shippable-qr,True,False,,|w|a|r|m| |w|e|b|r|e|n|d|e|r|,102210fe594ee9b33d82058545b1ed14f4c8206e,PerceptualSpeedIndex,ebay-kleinanzeigen,True,ebay-kleinanzeigen PerceptualSpeedIndex opt warm webrender,,77,ms,geckoview,,1740068331,2023-08-14 10:48:55,1286891,,,,,,,,,,,,,,,,,,,,,,,,,,,,,,,,,,,,,,,,,,,,,,,,,TN
443,966f06db181d109fbc6ac97a296ac28efbb8a5f2,0.05370358242190065,autoland,4366813,13,930eca14459531ff5483e56979276f480af08a6a,android-hw-a51-11-0-aarch64-shippable-qr,True,False,,|w|a|r|m| |w|e|b|r|e|n|d|e|r|,102210fe594ee9b33d82058545b1ed14f4c8206e,PerceptualSpeedIndex,ebay-kleinanzeigen,True,ebay-kleinanzeigen PerceptualSpeedIndex opt warm webrender,,77,ms,geckoview,,1740090656,2023-08-14 14:03:37,1286990,,,,,,,,,,,,,,,,,,,,,,,,,,,,,,,,,,,,,,,,,,,,,,,,,TN
444,5b1987d52ae19ebe1b311fec0f664563b5bf198d,0.06418233021153974,autoland,4366813,13,930eca14459531ff5483e56979276f480af08a6a,android-hw-a51-11-0-aarch64-shippable-qr,True,False,,|w|a|r|m| |w|e|b|r|e|n|d|e|r|,102210fe594ee9b33d82058545b1ed14f4c8206e,PerceptualSpeedIndex,ebay-kleinanzeigen,True,ebay-kleinanzeigen PerceptualSpeedIndex opt warm webrender,,77,ms,geckoview,,1740197158,2023-08-14 16:54:04,1287092,,,,,,,,,,,,,,,,,,,,,,,,,,,,,,,,,,,,,,,,,,,,,,,,,TN
445,7081c01a8f314a82bc3c055c11f0880dc2b706fb,0.062283057174667644,autoland,4366813,13,930eca14459531ff5483e56979276f480af08a6a,android-hw-a51-11-0-aarch64-shippable-qr,True,False,,|w|a|r|m| |w|e|b|r|e|n|d|e|r|,102210fe594ee9b33d82058545b1ed14f4c8206e,PerceptualSpeedIndex,ebay-kleinanzeigen,True,ebay-kleinanzeigen PerceptualSpeedIndex opt warm webrender,,77,ms,geckoview,,1740295670,2023-08-14 21:20:15,1287268,,,,,,,,,,,,,,,,,,,,,,,,,,,,,,,,,,,,,,,,,,,,,,,,,TN
446,88ec6682eab1c5c36cb839c8db0156446559a1cb,0.05999083109568404,autoland,4366813,13,930eca14459531ff5483e56979276f480af08a6a,android-hw-a51-11-0-aarch64-shippable-qr,True,False,,|w|a|r|m| |w|e|b|r|e|n|d|e|r|,102210fe594ee9b33d82058545b1ed14f4c8206e,PerceptualSpeedIndex,ebay-kleinanzeigen,True,ebay-kleinanzeigen PerceptualSpeedIndex opt warm webrender,,77,ms,geckoview,,1740363962,2023-08-14 23:25:21,1287331,,,,,,,,,,,,,,,,,,,,,,,,,,,,,,,,,,,,,,,,,,,,,,,,,TN
447,ef2753ba331b17b408096bfd42e83a91039b995d,0.06450979107996602,autoland,4366813,13,930eca14459531ff5483e56979276f480af08a6a,android-hw-a51-11-0-aarch64-shippable-qr,True,False,,|w|a|r|m| |w|e|b|r|e|n|d|e|r|,102210fe594ee9b33d82058545b1ed14f4c8206e,PerceptualSpeedIndex,ebay-kleinanzeigen,True,ebay-kleinanzeigen PerceptualSpeedIndex opt warm webrender,,77,ms,geckoview,,1740473383,2023-08-15 03:40:03,1287395,,,,,,,,,,,,,,,,,,,,,,,,,,,,,,,,,,,,,,,,,,,,,,,,,TN
448,0038346134ec0c0912660c19edced48ff4c9996b,0.06647455629052335,autoland,4366813,13,930eca14459531ff5483e56979276f480af08a6a,android-hw-a51-11-0-aarch64-shippable-qr,True,False,,|w|a|r|m| |w|e|b|r|e|n|d|e|r|,102210fe594ee9b33d82058545b1ed14f4c8206e,PerceptualSpeedIndex,ebay-kleinanzeigen,True,ebay-kleinanzeigen PerceptualSpeedIndex opt warm webrender,,77,ms,geckoview,,1740631870,2023-08-15 12:15:00,1287534,,,,,,,,,,,,,,,,,,,,,,,,,,,,,,,,,,,,,,,,,,,,,,,,,TN
449,34ea39f6bd8afd706e571c5a5c5557f8f02274c7,0.06883227454319207,autoland,4366813,13,930eca14459531ff5483e56979276f480af08a6a,android-hw-a51-11-0-aarch64-shippable-qr,True,False,,|w|a|r|m| |w|e|b|r|e|n|d|e|r|,102210fe594ee9b33d82058545b1ed14f4c8206e,PerceptualSpeedIndex,ebay-kleinanzeigen,True,ebay-kleinanzeigen PerceptualSpeedIndex opt warm webrender,,77,ms,geckoview,,1740631849,2023-08-15 12:16:05,1287535,,,,,,,,,,,,,,,,,,,,,,,,,,,,,,,,,,,,,,,,,,,,,,,,,TN
450,c01a1256082294777509d59591b44cc1a9a54101,0.06254502586940869,autoland,4366813,13,930eca14459531ff5483e56979276f480af08a6a,android-hw-a51-11-0-aarch64-shippable-qr,True,False,,|w|a|r|m| |w|e|b|r|e|n|d|e|r|,102210fe594ee9b33d82058545b1ed14f4c8206e,PerceptualSpeedIndex,ebay-kleinanzeigen,True,ebay-kleinanzeigen PerceptualSpeedIndex opt warm webrender,,77,ms,geckoview,,1740826659,2023-08-15 17:48:00,1287732,,,,,,,,,,,,,,,,,,,,,,,,,,,,,,,,,,,,,,,,,,,,,,,,,TN
451,b6d00af33f9f1879900a9ff148f77a03de4ca507,0.058288034579867753,autoland,4366813,13,930eca14459531ff5483e56979276f480af08a6a,android-hw-a51-11-0-aarch64-shippable-qr,True,False,,|w|a|r|m| |w|e|b|r|e|n|d|e|r|,102210fe594ee9b33d82058545b1ed14f4c8206e,PerceptualSpeedIndex,ebay-kleinanzeigen,True,ebay-kleinanzeigen PerceptualSpeedIndex opt warm webrender,,77,ms,geckoview,,1740928565,2023-08-15 20:18:28,1287829,,,,,,,,,,,,,,,,,,,,,,,,,,,,,,,,,,,,,,,,,,,,,,,,,TN
452,af1979bb2dd22b96889d47af7852253d7f161693,0.060318291964110315,autoland,4366813,13,930eca14459531ff5483e56979276f480af08a6a,android-hw-a51-11-0-aarch64-shippable-qr,True,False,,|w|a|r|m| |w|e|b|r|e|n|d|e|r|,102210fe594ee9b33d82058545b1ed14f4c8206e,PerceptualSpeedIndex,ebay-kleinanzeigen,True,ebay-kleinanzeigen PerceptualSpeedIndex opt warm webrender,,77,ms,geckoview,,1741045276,2023-08-16 01:44:13,1287987,,,,,,,,,,,,,,,,,,,,,,,,,,,,,,,,,,,,,,,,,,,,,,,,,TN
453,4d7123b9c5729f33db3288141ea7502fae3cbadc,0.08422293535922454,autoland,4366813,13,930eca14459531ff5483e56979276f480af08a6a,android-hw-a51-11-0-aarch64-shippable-qr,True,False,,|w|a|r|m| |w|e|b|r|e|n|d|e|r|,102210fe594ee9b33d82058545b1ed14f4c8206e,PerceptualSpeedIndex,ebay-kleinanzeigen,True,ebay-kleinanzeigen PerceptualSpeedIndex opt warm webrender,,77,ms,geckoview,,1741147833,2023-08-16 06:09:24,1288100,,,,,,,,,,,,,,,,,,,,,,,,,,,,,,,,,,,,,,,,,,,,,,,,,TN
454,3ba3d3cb9bb7860efcbb623d34fc5d721fc7cfcb,0.053965551116641586,autoland,4366813,13,930eca14459531ff5483e56979276f480af08a6a,android-hw-a51-11-0-aarch64-shippable-qr,True,False,,|w|a|r|m| |w|e|b|r|e|n|d|e|r|,102210fe594ee9b33d82058545b1ed14f4c8206e,PerceptualSpeedIndex,ebay-kleinanzeigen,True,ebay-kleinanzeigen PerceptualSpeedIndex opt warm webrender,,77,ms,geckoview,,1741191815,2023-08-16 07:28:11,1288129,,,,,,,,,,,,,,,,,,,,,,,,,,,,,,,,,,,,,,,,,,,,,,,,,TN
455,3cbe8cb45dab35d18ef4ffb5481be55dfabf47c7,0.061497151090444735,autoland,4366813,13,930eca14459531ff5483e56979276f480af08a6a,android-hw-a51-11-0-aarch64-shippable-qr,True,False,,|w|a|r|m| |w|e|b|r|e|n|d|e|r|,102210fe594ee9b33d82058545b1ed14f4c8206e,PerceptualSpeedIndex,ebay-kleinanzeigen,True,ebay-kleinanzeigen PerceptualSpeedIndex opt warm webrender,,77,ms,geckoview,,1741328180,2023-08-16 10:40:28,1288233,,,,,,,,,,,,,,,,,,,,,,,,,,,,,,,,,,,,,,,,,,,,,,,,,TN
456,1cafd355bbcf32aae501b9419edec5e7c8a59968,0.05789508153775624,autoland,4366813,13,930eca14459531ff5483e56979276f480af08a6a,android-hw-a51-11-0-aarch64-shippable-qr,True,False,,|w|a|r|m| |w|e|b|r|e|n|d|e|r|,102210fe594ee9b33d82058545b1ed14f4c8206e,PerceptualSpeedIndex,ebay-kleinanzeigen,True,ebay-kleinanzeigen PerceptualSpeedIndex opt warm webrender,,77,ms,geckoview,,1741521974,2023-08-16 14:37:22,1288343,,,,,,,,,,,,,,,,,,,,,,,,,,,,,,,,,,,,,,,,,,,,,,,,,TN
457,1c8dec8815d59d488dc44109a4361dcec573ec0a,0.05979435457462834,autoland,4366813,13,930eca14459531ff5483e56979276f480af08a6a,android-hw-a51-11-0-aarch64-shippable-qr,True,False,,|w|a|r|m| |w|e|b|r|e|n|d|e|r|,102210fe594ee9b33d82058545b1ed14f4c8206e,PerceptualSpeedIndex,ebay-kleinanzeigen,True,ebay-kleinanzeigen PerceptualSpeedIndex opt warm webrender,,77,ms,geckoview,,1741598316,2023-08-16 18:57:22,1288496,,,,,,,,,,,,,,,,,,,,,,,,,,,,,,,,,,,,,,,,,,,,,,,,,TN
458,4e21d241af64f5d1f3b4796d48ab8d58a961f081,0.06319994760626113,autoland,4366813,13,930eca14459531ff5483e56979276f480af08a6a,android-hw-a51-11-0-aarch64-shippable-qr,True,False,,|w|a|r|m| |w|e|b|r|e|n|d|e|r|,102210fe594ee9b33d82058545b1ed14f4c8206e,PerceptualSpeedIndex,ebay-kleinanzeigen,True,ebay-kleinanzeigen PerceptualSpeedIndex opt warm webrender,,77,ms,geckoview,,1741701149,2023-08-16 23:04:52,1288666,,,,,,,,,,,,,,,,,,,,,,,,,,,,,,,,,,,,,,,,,,,,,,,,,TN
459,200aa08042f1b584401fd4aca219d4b68edf7973,0.05750212849564473,autoland,4366813,13,930eca14459531ff5483e56979276f480af08a6a,android-hw-a51-11-0-aarch64-shippable-qr,True,False,,|w|a|r|m| |w|e|b|r|e|n|d|e|r|,102210fe594ee9b33d82058545b1ed14f4c8206e,PerceptualSpeedIndex,ebay-kleinanzeigen,True,ebay-kleinanzeigen PerceptualSpeedIndex opt warm webrender,,77,ms,geckoview,,1741707296,2023-08-16 23:22:50,1288675,,,,,,,,,,,,,,,,,,,,,,,,,,,,,,,,,,,,,,,,,,,,,,,,,TN
460,18db2934736dc8d16e5b5840ec0b170aef5c0c3b,0.09948261182788654,autoland,4366813,13,930eca14459531ff5483e56979276f480af08a6a,android-hw-a51-11-0-aarch64-shippable-qr,True,False,,|w|a|r|m| |w|e|b|r|e|n|d|e|r|,102210fe594ee9b33d82058545b1ed14f4c8206e,PerceptualSpeedIndex,ebay-kleinanzeigen,True,ebay-kleinanzeigen PerceptualSpeedIndex opt warm webrender,,77,ms,geckoview,,1741846234,2023-08-17 04:16:28,1288753,,,,,,,,,,,,,,,,,,,,,,,,,,,,,,,,,,,,,,,,,,,,,,,,,TN
461,bee27401511bf375891968a9ca78d7ef74d19962,0.059925338921998916,autoland,4366813,13,930eca14459531ff5483e56979276f480af08a6a,android-hw-a51-11-0-aarch64-shippable-qr,True,False,,|w|a|r|m| |w|e|b|r|e|n|d|e|r|,102210fe594ee9b33d82058545b1ed14f4c8206e,PerceptualSpeedIndex,ebay-kleinanzeigen,True,ebay-kleinanzeigen PerceptualSpeedIndex opt warm webrender,,77,ms,geckoview,,1741919790,2023-08-17 08:24:55,1288813,,,,,,,,,,,,,,,,,,,,,,,,,,,,,,,,,,,,,,,,,,,,,,,,,TN
462,78e7cb2837e7dec0ef55a2f5f383625335ad2520,0.051738817211343324,autoland,4366813,13,930eca14459531ff5483e56979276f480af08a6a,android-hw-a51-11-0-aarch64-shippable-qr,True,False,,|w|a|r|m| |w|e|b|r|e|n|d|e|r|,102210fe594ee9b33d82058545b1ed14f4c8206e,PerceptualSpeedIndex,ebay-kleinanzeigen,True,ebay-kleinanzeigen PerceptualSpeedIndex opt warm webrender,,77,ms,geckoview,,1741991315,2023-08-17 10:09:55,1288847,,,,,,,,,,,,,,,,,,,,,,,,,,,,,,,,,,,,,,,,,,,,,,,,,TN
463,776fbad509150f69418e1f44fa2580c651211253,0.06136616674307416,autoland,4366813,13,930eca14459531ff5483e56979276f480af08a6a,android-hw-a51-11-0-aarch64-shippable-qr,True,False,,|w|a|r|m| |w|e|b|r|e|n|d|e|r|,102210fe594ee9b33d82058545b1ed14f4c8206e,PerceptualSpeedIndex,ebay-kleinanzeigen,True,ebay-kleinanzeigen PerceptualSpeedIndex opt warm webrender,,77,ms,geckoview,,1742198947,2023-08-17 14:34:38,1288953,,,,,,,,,,,,,,,,,,,,,,,,,,,,,,,,,,,,,,,,,,,,,,,,,TN
464,aac1f1d71d5251ffb80e7a22087e1c473e53069d,0.06038378413779555,autoland,4366813,13,930eca14459531ff5483e56979276f480af08a6a,android-hw-a51-11-0-aarch64-shippable-qr,True,False,,|w|a|r|m| |w|e|b|r|e|n|d|e|r|,102210fe594ee9b33d82058545b1ed14f4c8206e,PerceptualSpeedIndex,ebay-kleinanzeigen,True,ebay-kleinanzeigen PerceptualSpeedIndex opt warm webrender,,77,ms,geckoview,,1742219754,2023-08-17 16:13:13,1289025,,,,,,,,,,,,,,,,,,,,,,,,,,,,,,,,,,,,,,,,,,,,,,,,,TN
465,e3a24ea4f8b0be504990cbc266d7af273804678e,0.05448948850612356,autoland,4366813,13,930eca14459531ff5483e56979276f480af08a6a,android-hw-a51-11-0-aarch64-shippable-qr,True,False,,|w|a|r|m| |w|e|b|r|e|n|d|e|r|,102210fe594ee9b33d82058545b1ed14f4c8206e,PerceptualSpeedIndex,ebay-kleinanzeigen,True,ebay-kleinanzeigen PerceptualSpeedIndex opt warm webrender,,77,ms,geckoview,,1742329778,2023-08-17 19:44:04,1289144,,,,,,,,,,,,,,,,,,,,,,,,,,,,,,,,,,,,,,,,,,,,,,,,,TN
466,deca2c956e89b8e65d2a1b0fcb79db8b991a7046,0.05763311284301531,autoland,4366813,13,930eca14459531ff5483e56979276f480af08a6a,android-hw-a51-11-0-aarch64-shippable-qr,True,False,,|w|a|r|m| |w|e|b|r|e|n|d|e|r|,102210fe594ee9b33d82058545b1ed14f4c8206e,PerceptualSpeedIndex,ebay-kleinanzeigen,True,ebay-kleinanzeigen PerceptualSpeedIndex opt warm webrender,,77,ms,geckoview,,1742633723,2023-08-18 04:25:36,1289346,,,,,,,,,,,,,,,,,,,,,,,,,,,,,,,,,,,,,,,,,,,,,,,,,TN
467,87da0265a044885f5ed64cc9ce2b961721d2142e,0.062479533695723344,autoland,4366813,13,930eca14459531ff5483e56979276f480af08a6a,android-hw-a51-11-0-aarch64-shippable-qr,True,False,,|w|a|r|m| |w|e|b|r|e|n|d|e|r|,102210fe594ee9b33d82058545b1ed14f4c8206e,PerceptualSpeedIndex,ebay-kleinanzeigen,True,ebay-kleinanzeigen PerceptualSpeedIndex opt warm webrender,,77,ms,geckoview,,1742658068,2023-08-18 05:21:52,1289351,,,,,,,,,,,,,,,,,,,,,,,,,,,,,,,,,,,,,,,,,,,,,,,,,TN
468,e2305368eaae41c8b47dd15f03addc2ec4fe0504,0.061300674569388924,autoland,4366813,13,930eca14459531ff5483e56979276f480af08a6a,android-hw-a51-11-0-aarch64-shippable-qr,True,False,,|w|a|r|m| |w|e|b|r|e|n|d|e|r|,102210fe594ee9b33d82058545b1ed14f4c8206e,PerceptualSpeedIndex,ebay-kleinanzeigen,True,ebay-kleinanzeigen PerceptualSpeedIndex opt warm webrender,,77,ms,geckoview,,1742819608,2023-08-18 14:09:35,1289469,,,,,,,,,,,,,,,,,,,,,,,,,,,,,,,,,,,,,,,,,,,,,,,,,TN
469,62feb2305afdcba50bd84b58cd2ab152d53c61e7,0.06293797891152009,autoland,4366813,13,930eca14459531ff5483e56979276f480af08a6a,android-hw-a51-11-0-aarch64-shippable-qr,True,False,,|w|a|r|m| |w|e|b|r|e|n|d|e|r|,102210fe594ee9b33d82058545b1ed14f4c8206e,PerceptualSpeedIndex,ebay-kleinanzeigen,True,ebay-kleinanzeigen PerceptualSpeedIndex opt warm webrender,,77,ms,geckoview,,1742944956,2023-08-18 19:46:30,1289627,,,,,,,,,,,,,,,,,,,,,,,,,,,,,,,,,,,,,,,,,,,,,,,,,TN
470,9814020284505cbc4a6075b3b7aba216be0632f8,0.06195559630624137,autoland,4366813,13,930eca14459531ff5483e56979276f480af08a6a,android-hw-a51-11-0-aarch64-shippable-qr,True,False,,|w|a|r|m| |w|e|b|r|e|n|d|e|r|,102210fe594ee9b33d82058545b1ed14f4c8206e,PerceptualSpeedIndex,ebay-kleinanzeigen,True,ebay-kleinanzeigen PerceptualSpeedIndex opt warm webrender,,77,ms,geckoview,,1743174362,2023-08-19 05:41:08,1289731,,,,,,,,,,,,,,,,,,,,,,,,,,,,,,,,,,,,,,,,,,,,,,,,,TN
471,8fefefd6da577f8b3d842ea07120af9e964c09b5,0.05782958936407101,autoland,4366813,13,930eca14459531ff5483e56979276f480af08a6a,android-hw-a51-11-0-aarch64-shippable-qr,True,False,,|w|a|r|m| |w|e|b|r|e|n|d|e|r|,102210fe594ee9b33d82058545b1ed14f4c8206e,PerceptualSpeedIndex,ebay-kleinanzeigen,True,ebay-kleinanzeigen PerceptualSpeedIndex opt warm webrender,,77,ms,geckoview,,1743178071,2023-08-19 11:55:58,1289750,,,,,,,,,,,,,,,,,,,,,,,,,,,,,,,,,,,,,,,,,,,,,,,,,TN
472,00ae001484c9ff1069878dc66b64e3cd07b706f4,0.060711245006221715,autoland,4366813,13,930eca14459531ff5483e56979276f480af08a6a,android-hw-a51-11-0-aarch64-shippable-qr,True,False,,|w|a|r|m| |w|e|b|r|e|n|d|e|r|,102210fe594ee9b33d82058545b1ed14f4c8206e,PerceptualSpeedIndex,ebay-kleinanzeigen,True,ebay-kleinanzeigen PerceptualSpeedIndex opt warm webrender,,77,ms,geckoview,,1743188225,2023-08-19 16:49:23,1289762,,,,,,,,,,,,,,,,,,,,,,,,,,,,,,,,,,,,,,,,,,,,,,,,,TN
473,80d255ac1919800d21a7e2a610fbcd6fda43ed99,0.056323269369310425,autoland,4366813,13,930eca14459531ff5483e56979276f480af08a6a,android-hw-a51-11-0-aarch64-shippable-qr,True,False,,|w|a|r|m| |w|e|b|r|e|n|d|e|r|,102210fe594ee9b33d82058545b1ed14f4c8206e,PerceptualSpeedIndex,ebay-kleinanzeigen,True,ebay-kleinanzeigen PerceptualSpeedIndex opt warm webrender,,77,ms,geckoview,,1743435591,2023-08-21 01:56:25,1289869,,,,,,,,,,,,,,,,,,,,,,,,,,,,,,,,,,,,,,,,,,,,,,,,,TN
474,a4b3b09ad08da2e5b588b641b24f767ff91e5912,0.05448948850612356,autoland,4366813,13,930eca14459531ff5483e56979276f480af08a6a,android-hw-a51-11-0-aarch64-shippable-qr,True,False,,|w|a|r|m| |w|e|b|r|e|n|d|e|r|,102210fe594ee9b33d82058545b1ed14f4c8206e,PerceptualSpeedIndex,ebay-kleinanzeigen,True,ebay-kleinanzeigen PerceptualSpeedIndex opt warm webrender,,77,ms,geckoview,,1743502221,2023-08-21 07:01:47,1289886,,,,,,,,,,,,,,,,,,,,,,,,,,,,,,,,,,,,,,,,,,,,,,,,,TN
475,bc597f54f9cf91b3284e6f593c33ca79ec723077,0.06843932150108067,autoland,4366813,13,930eca14459531ff5483e56979276f480af08a6a,android-hw-a51-11-0-aarch64-shippable-qr,True,False,,|w|a|r|m| |w|e|b|r|e|n|d|e|r|,102210fe594ee9b33d82058545b1ed14f4c8206e,PerceptualSpeedIndex,ebay-kleinanzeigen,True,ebay-kleinanzeigen PerceptualSpeedIndex opt warm webrender,,77,ms,geckoview,,1743694033,2023-08-21 15:24:43,1290025,,,,,,,,,,,,,,,,,,,,,,,,,,,,,,,,,,,,,,,,,,,,,,,,,TN
476,82b916987920b0a9e2071c575073cbcff078021a,0.05422751981138252,autoland,4366813,13,930eca14459531ff5483e56979276f480af08a6a,android-hw-a51-11-0-aarch64-shippable-qr,True,False,,|w|a|r|m| |w|e|b|r|e|n|d|e|r|,102210fe594ee9b33d82058545b1ed14f4c8206e,PerceptualSpeedIndex,ebay-kleinanzeigen,True,ebay-kleinanzeigen PerceptualSpeedIndex opt warm webrender,,77,ms,geckoview,,1743745606,2023-08-21 19:46:12,1290082,,,,,,,,,,,,,,,,,,,,,,,,,,,,,,,,,,,,,,,,,,,,,,,,,TN
477,1bbf9fc4d2dc2a1ff3ccf67fb65cedc71fcc0291,0.05881197196934973,autoland,4366813,13,930eca14459531ff5483e56979276f480af08a6a,android-hw-a51-11-0-aarch64-shippable-qr,True,False,,|w|a|r|m| |w|e|b|r|e|n|d|e|r|,102210fe594ee9b33d82058545b1ed14f4c8206e,PerceptualSpeedIndex,ebay-kleinanzeigen,True,ebay-kleinanzeigen PerceptualSpeedIndex opt warm webrender,,77,ms,geckoview,,1743826301,2023-08-22 01:01:20,1290123,,,,,,,,,,,,,,,,,,,,,,,,,,,,,,,,,,,,,,,,,,,,,,,,,TN
478,81c3a95411ab3d706659872a9aedef21494cac9c,0.05861549544829392,autoland,4366813,13,930eca14459531ff5483e56979276f480af08a6a,android-hw-a51-11-0-aarch64-shippable-qr,True,False,,|w|a|r|m| |w|e|b|r|e|n|d|e|r|,102210fe594ee9b33d82058545b1ed14f4c8206e,PerceptualSpeedIndex,ebay-kleinanzeigen,True,ebay-kleinanzeigen PerceptualSpeedIndex opt warm webrender,,77,ms,geckoview,,1744035661,2023-08-22 11:50:17,1290203,,,,,,,,,,,,,,,,,,,,,,,,,,,,,,,,,,,,,,,,,,,,,,,,,TN
479,eccdb961d59ca1e4315f6b2d255d638be86d8f63,0.06064575283253648,autoland,4366813,13,930eca14459531ff5483e56979276f480af08a6a,android-hw-a51-11-0-aarch64-shippable-qr,True,False,,|w|a|r|m| |w|e|b|r|e|n|d|e|r|,102210fe594ee9b33d82058545b1ed14f4c8206e,PerceptualSpeedIndex,ebay-kleinanzeigen,True,ebay-kleinanzeigen PerceptualSpeedIndex opt warm webrender,,77,ms,geckoview,,1744245367,2023-08-22 15:58:55,1290279,,,,,,,,,,,,,,,,,,,,,,,,,,,,,,,,,,,,,,,,,,,,,,,,,TN
480,ece9fb8fbedfa6acc08840151034f2468832c851,0.053769074595585775,autoland,4366813,13,930eca14459531ff5483e56979276f480af08a6a,android-hw-a51-11-0-aarch64-shippable-qr,True,False,,|w|a|r|m| |w|e|b|r|e|n|d|e|r|,102210fe594ee9b33d82058545b1ed14f4c8206e,PerceptualSpeedIndex,ebay-kleinanzeigen,True,ebay-kleinanzeigen PerceptualSpeedIndex opt warm webrender,,77,ms,geckoview,,1744216822,2023-08-22 16:02:39,1290281,,,,,,,,,,,,,,,,,,,,,,,,,,,,,,,,,,,,,,,,,,,,,,,,,TN
481,a1487474ef2708086b96f2b3625f244382eb9f4a,0.06175911978518567,autoland,4366813,13,930eca14459531ff5483e56979276f480af08a6a,android-hw-a51-11-0-aarch64-shippable-qr,True,False,,|w|a|r|m| |w|e|b|r|e|n|d|e|r|,102210fe594ee9b33d82058545b1ed14f4c8206e,PerceptualSpeedIndex,ebay-kleinanzeigen,True,ebay-kleinanzeigen PerceptualSpeedIndex opt warm webrender,,77,ms,geckoview,,1744306963,2023-08-22 20:17:58,1290386,,,,,,,,,,,,,,,,,,,,,,,,,,,,,,,,,,,,,,,,,,,,,,,,,TN
482,959c2f0abc19c494aba15ae7513fff9f59631cc1,0.06136616674307416,autoland,4366813,13,930eca14459531ff5483e56979276f480af08a6a,android-hw-a51-11-0-aarch64-shippable-qr,True,False,,|w|a|r|m| |w|e|b|r|e|n|d|e|r|,102210fe594ee9b33d82058545b1ed14f4c8206e,PerceptualSpeedIndex,ebay-kleinanzeigen,True,ebay-kleinanzeigen PerceptualSpeedIndex opt warm webrender,,77,ms,geckoview,,1744355819,2023-08-22 22:10:32,1290435,,,,,,,,,,,,,,,,,,,,,,,,,,,,,,,,,,,,,,,,,,,,,,,,,TN
483,df1f27dc099011a97267a844e60b1350575fc73c,0.055340886764031705,autoland,4366813,13,930eca14459531ff5483e56979276f480af08a6a,android-hw-a51-11-0-aarch64-shippable-qr,True,False,,|w|a|r|m| |w|e|b|r|e|n|d|e|r|,102210fe594ee9b33d82058545b1ed14f4c8206e,PerceptualSpeedIndex,ebay-kleinanzeigen,True,ebay-kleinanzeigen PerceptualSpeedIndex opt warm webrender,,77,ms,geckoview,,1744439520,2023-08-23 02:11:44,1290482,,,,,,,,,,,,,,,,,,,,,,,,,,,,,,,,,,,,,,,,,,,,,,,,,TN
484,991ab6dbc55b4783dc5a6f561a9cc22cb4408e38,0.05383456676927112,autoland,4366813,13,930eca14459531ff5483e56979276f480af08a6a,android-hw-a51-11-0-aarch64-shippable-qr,True,False,,|w|a|r|m| |w|e|b|r|e|n|d|e|r|,102210fe594ee9b33d82058545b1ed14f4c8206e,PerceptualSpeedIndex,ebay-kleinanzeigen,True,ebay-kleinanzeigen PerceptualSpeedIndex opt warm webrender,,77,ms,geckoview,,1744539743,2023-08-23 06:45:25,1290546,,,,,,,,,,,,,,,,,,,,,,,,,,,,,,,,,,,,,,,,,,,,,,,,,TN
485,4a4d5e64aec5efa71e7c743f4c968544faee5332,0.059925338921998916,autoland,4366813,13,930eca14459531ff5483e56979276f480af08a6a,android-hw-a51-11-0-aarch64-shippable-qr,True,False,,|w|a|r|m| |w|e|b|r|e|n|d|e|r|,102210fe594ee9b33d82058545b1ed14f4c8206e,PerceptualSpeedIndex,ebay-kleinanzeigen,True,ebay-kleinanzeigen PerceptualSpeedIndex opt warm webrender,,77,ms,geckoview,,1744555995,2023-08-23 07:14:41,1290556,,,,,,,,,,,,,,,,,,,,,,,,,,,,,,,,,,,,,,,,,,,,,,,,,TN
486,c3bfc7b73e9fc06ec28663e6501728233eb0d574,0.06929071975898882,autoland,4366813,13,930eca14459531ff5483e56979276f480af08a6a,android-hw-a51-11-0-aarch64-shippable-qr,True,False,,|w|a|r|m| |w|e|b|r|e|n|d|e|r|,102210fe594ee9b33d82058545b1ed14f4c8206e,PerceptualSpeedIndex,ebay-kleinanzeigen,True,ebay-kleinanzeigen PerceptualSpeedIndex opt warm webrender,,77,ms,geckoview,,1744669645,2023-08-23 11:20:43,1290592,,,,,,,,,,,,,,,,,,,,,,,,,,,,,,,,,,,,,,,,,,,,,,,,,TN
487,a7db5ff392b1f3d18507813fbd65458438b3cbc4,0.05782958936407101,autoland,4366813,13,930eca14459531ff5483e56979276f480af08a6a,android-hw-a51-11-0-aarch64-shippable-qr,True,False,,|w|a|r|m| |w|e|b|r|e|n|d|e|r|,102210fe594ee9b33d82058545b1ed14f4c8206e,PerceptualSpeedIndex,ebay-kleinanzeigen,True,ebay-kleinanzeigen PerceptualSpeedIndex opt warm webrender,,77,ms,geckoview,,1744777588,2023-08-23 15:20:56,1290685,,,,,,,,,,,,,,,,,,,,,,,,,,,,,,,,,,,,,,,,,,,,,,,,,TN
488,40a8041d06707a315c5f6e4b541dbe805bf34ec7,0.054947933721920306,autoland,4366813,13,930eca14459531ff5483e56979276f480af08a6a,android-hw-a51-11-0-aarch64-shippable-qr,True,False,,|w|a|r|m| |w|e|b|r|e|n|d|e|r|,102210fe594ee9b33d82058545b1ed14f4c8206e,PerceptualSpeedIndex,ebay-kleinanzeigen,True,ebay-kleinanzeigen PerceptualSpeedIndex opt warm webrender,,77,ms,geckoview,,1744816246,2023-08-23 16:55:50,1290727,,,,,,,,,,,,,,,,,,,,,,,,,,,,,,,,,,,,,,,,,,,,,,,,,TN
489,b5371614cd5a3e19ca3e500a87546023aea8eb5d,0.0685048136747658,autoland,4366813,13,930eca14459531ff5483e56979276f480af08a6a,android-hw-a51-11-0-aarch64-shippable-qr,True,False,,|w|a|r|m| |w|e|b|r|e|n|d|e|r|,102210fe594ee9b33d82058545b1ed14f4c8206e,PerceptualSpeedIndex,ebay-kleinanzeigen,True,ebay-kleinanzeigen PerceptualSpeedIndex opt warm webrender,,77,ms,geckoview,,1744906435,2023-08-23 20:58:03,1290847,,,,,,,,,,,,,,,,,,,,,,,,,,,,,,,,,,,,,,,,,,,,,,,,,TN
490,25936c5809e05c5b5d28810efdfb0af9bb2f1792,0.0620210884799266,autoland,4366813,13,930eca14459531ff5483e56979276f480af08a6a,android-hw-a51-11-0-aarch64-shippable-qr,True,False,,|w|a|r|m| |w|e|b|r|e|n|d|e|r|,102210fe594ee9b33d82058545b1ed14f4c8206e,PerceptualSpeedIndex,ebay-kleinanzeigen,True,ebay-kleinanzeigen PerceptualSpeedIndex opt warm webrender,,77,ms,geckoview,,1744994732,2023-08-23 22:59:05,1290874,,,,,,,,,,,,,,,,,,,,,,,,,,,,,,,,,,,,,,,,,,,,,,,,,TN
491,332b088b314103bc02b008e08f1567f092cd6ca1,0.06555766585892986,autoland,4366813,13,930eca14459531ff5483e56979276f480af08a6a,android-hw-a51-11-0-aarch64-shippable-qr,True,False,,|w|a|r|m| |w|e|b|r|e|n|d|e|r|,102210fe594ee9b33d82058545b1ed14f4c8206e,PerceptualSpeedIndex,ebay-kleinanzeigen,True,ebay-kleinanzeigen PerceptualSpeedIndex opt warm webrender,,77,ms,geckoview,,1745093216,2023-08-24 03:53:22,1290918,,,,,,,,,,,,,,,,,,,,,,,,,,,,,,,,,,,,,,,,,,,,,,,,,TN
492,fbbf71ea5127f6cc74aab13a3817349afe93580c,0.05200078590608426,autoland,4366813,13,930eca14459531ff5483e56979276f480af08a6a,android-hw-a51-11-0-aarch64-shippable-qr,True,False,,|w|a|r|m| |w|e|b|r|e|n|d|e|r|,102210fe594ee9b33d82058545b1ed14f4c8206e,PerceptualSpeedIndex,ebay-kleinanzeigen,True,ebay-kleinanzeigen PerceptualSpeedIndex opt warm webrender,,77,ms,geckoview,,1745198567,2023-08-24 11:04:38,1291003,,,,,,,,,,,,,,,,,,,,,,,,,,,,,,,,,,,,,,,,,,,,,,,,,TN
493,9d2df5cf36fbb1712a62be68c4a309e2451e2d35,0.06116969022201846,autoland,4366813,13,930eca14459531ff5483e56979276f480af08a6a,android-hw-a51-11-0-aarch64-shippable-qr,True,False,,|w|a|r|m| |w|e|b|r|e|n|d|e|r|,102210fe594ee9b33d82058545b1ed14f4c8206e,PerceptualSpeedIndex,ebay-kleinanzeigen,True,ebay-kleinanzeigen PerceptualSpeedIndex opt warm webrender,,77,ms,geckoview,,1745338092,2023-08-24 13:41:33,1291057,,,,,,,,,,,,,,,,,,,,,,,,,,,,,,,,,,,,,,,,,,,,,,,,,TN
494,6089e7f0fa57a29c6d080f135f65e146c34457d8,0.06261051804309381,autoland,4366813,13,930eca14459531ff5483e56979276f480af08a6a,android-hw-a51-11-0-aarch64-shippable-qr,True,False,,|w|a|r|m| |w|e|b|r|e|n|d|e|r|,102210fe594ee9b33d82058545b1ed14f4c8206e,PerceptualSpeedIndex,ebay-kleinanzeigen,True,ebay-kleinanzeigen PerceptualSpeedIndex opt warm webrender,,77,ms,geckoview,,1745495797,2023-08-24 18:48:40,1291216,,,,,,,,,,,,,,,,,,,,,,,,,,,,,,,,,,,,,,,,,,,,,,,,,TN
495,0129f728663fcc0bcc1f816e006f1eb2635780e4,0.05599580850088415,autoland,4366813,13,930eca14459531ff5483e56979276f480af08a6a,android-hw-a51-11-0-aarch64-shippable-qr,True,False,,|w|a|r|m| |w|e|b|r|e|n|d|e|r|,102210fe594ee9b33d82058545b1ed14f4c8206e,PerceptualSpeedIndex,ebay-kleinanzeigen,True,ebay-kleinanzeigen PerceptualSpeedIndex opt warm webrender,,77,ms,geckoview,,1745651395,2023-08-25 00:48:43,1291339,,,,,,,,,,,,,,,,,,,,,,,,,,,,,,,,,,,,,,,,,,,,,,,,,TN
496,e5ba3b52ebac2d2582cecd6122443fc024cd24c9,0.058942956316720196,autoland,4366813,13,930eca14459531ff5483e56979276f480af08a6a,android-hw-a51-11-0-aarch64-shippable-qr,True,False,,|w|a|r|m| |w|e|b|r|e|n|d|e|r|,102210fe594ee9b33d82058545b1ed14f4c8206e,PerceptualSpeedIndex,ebay-kleinanzeigen,True,ebay-kleinanzeigen PerceptualSpeedIndex opt warm webrender,,77,ms,geckoview,,1745816469,2023-08-25 11:24:50,1291437,,,,,,,,,,,,,,,,,,,,,,,,,,,,,,,,,,,,,,,,,,,,,,,,,TN
497,059b77df2394c7caf1061e1b817e004878738efa,0.054162027637697285,autoland,4366813,13,930eca14459531ff5483e56979276f480af08a6a,android-hw-a51-11-0-aarch64-shippable-qr,True,False,,|w|a|r|m| |w|e|b|r|e|n|d|e|r|,102210fe594ee9b33d82058545b1ed14f4c8206e,PerceptualSpeedIndex,ebay-kleinanzeigen,True,ebay-kleinanzeigen PerceptualSpeedIndex opt warm webrender,,77,ms,geckoview,,1746012371,2023-08-25 15:32:54,1291507,,,,,,,,,,,,,,,,,,,,,,,,,,,,,,,,,,,,,,,,,,,,,,,,,TN
498,47efe79717796bf6f3a70e5733e99a98b0d9fad4,0.07020761019058219,autoland,4366813,13,930eca14459531ff5483e56979276f480af08a6a,android-hw-a51-11-0-aarch64-shippable-qr,True,False,,|w|a|r|m| |w|e|b|r|e|n|d|e|r|,102210fe594ee9b33d82058545b1ed14f4c8206e,PerceptualSpeedIndex,ebay-kleinanzeigen,True,ebay-kleinanzeigen PerceptualSpeedIndex opt warm webrender,,77,ms,geckoview,,1746093182,2023-08-25 19:36:02,1291599,,,,,,,,,,,,,,,,,,,,,,,,,,,,,,,,,,,,,,,,,,,,,,,,,TN
499,ddc3d1e9268d9abde51f1082490491f544286b16,0.050559958085008794,autoland,4366813,13,930eca14459531ff5483e56979276f480af08a6a,android-hw-a51-11-0-aarch64-shippable-qr,True,False,,|w|a|r|m| |w|e|b|r|e|n|d|e|r|,102210fe594ee9b33d82058545b1ed14f4c8206e,PerceptualSpeedIndex,ebay-kleinanzeigen,True,ebay-kleinanzeigen PerceptualSpeedIndex opt warm webrender,,77,ms,geckoview,,1746237347,2023-08-26 03:22:14,1291695,,,,,,,,,,,,,,,,,,,,,,,,,,,,,,,,,,,,,,,,,,,,,,,,,TN
500,cc8d561a9b401f3ebfda56de56c018b287d8b340,0.05599580850088415,autoland,4366813,13,930eca14459531ff5483e56979276f480af08a6a,android-hw-a51-11-0-aarch64-shippable-qr,True,False,,|w|a|r|m| |w|e|b|r|e|n|d|e|r|,102210fe594ee9b33d82058545b1ed14f4c8206e,PerceptualSpeedIndex,ebay-kleinanzeigen,True,ebay-kleinanzeigen PerceptualSpeedIndex opt warm webrender,,77,ms,geckoview,,1746383256,2023-08-26 13:17:30,1291872,,,,,,,,,,,,,,,,,,,,,,,,,,,,,,,,,,,,,,,,,,,,,,,,,TN
501,140288e1dd6073b83aa67b725aa9a96945374a82,0.059925338921998916,autoland,4366813,13,930eca14459531ff5483e56979276f480af08a6a,android-hw-a51-11-0-aarch64-shippable-qr,True,False,,|w|a|r|m| |w|e|b|r|e|n|d|e|r|,102210fe594ee9b33d82058545b1ed14f4c8206e,PerceptualSpeedIndex,ebay-kleinanzeigen,True,ebay-kleinanzeigen PerceptualSpeedIndex opt warm webrender,,77,ms,geckoview,,1746597238,2023-08-26 23:47:49,1292019,,,,,,,,,,,,,,,,,,,,,,,,,,,,,,,,,,,,,,,,,,,,,,,,,TN
502,6aaf2cf582814f5a76c09fa2ac7cc760a5886134,0.054554980679808796,autoland,4366813,13,930eca14459531ff5483e56979276f480af08a6a,android-hw-a51-11-0-aarch64-shippable-qr,True,False,,|w|a|r|m| |w|e|b|r|e|n|d|e|r|,102210fe594ee9b33d82058545b1ed14f4c8206e,PerceptualSpeedIndex,ebay-kleinanzeigen,True,ebay-kleinanzeigen PerceptualSpeedIndex opt warm webrender,,77,ms,geckoview,,1746728876,2023-08-27 23:31:15,1292080,,,,,,,,,,,,,,,,,,,,,,,,,,,,,,,,,,,,,,,,,,,,,,,,,TN
503,2303dc7d775759ce8737630e7762c69d2beac062,0.15803261510249522,autoland,4366813,13,930eca14459531ff5483e56979276f480af08a6a,android-hw-a51-11-0-aarch64-shippable-qr,True,False,,|w|a|r|m| |w|e|b|r|e|n|d|e|r|,102210fe594ee9b33d82058545b1ed14f4c8206e,PerceptualSpeedIndex,ebay-kleinanzeigen,True,ebay-kleinanzeigen PerceptualSpeedIndex opt warm webrender,,77,ms,geckoview,,1746880479,2023-08-28 10:38:35,1292181,1118.58,mozilla-ldap/aionescu@mozilla.com,6aaf2cf582814f5a76c09fa2ac7cc760a5886134,39398.0,15.02,972.48,2023-08-30 11:43:43.790726,13.0,13.0,,,,1292080.0,2.0,2.0,mozilla-ldap/aionescu@mozilla.com,,,2023-09-06 04:03:55.325433,,1.0,146.1,180209.0,,,39398.0,,True,False,aionescu@mozilla.com,,,aionescu@mozilla.com,2023-08-30 04:03:55.325433,,,OUTLIERS,39406.0,,,,False,,28.06,ebay-kleinanzeigen,,"warm, webrender",2023-09-04 04:03:55.325433,TP
504,f8e518c6ab37a0144872f6158300e1de85034002,0.14663697688126265,autoland,4366813,13,930eca14459531ff5483e56979276f480af08a6a,android-hw-a51-11-0-aarch64-shippable-qr,True,False,,|w|a|r|m| |w|e|b|r|e|n|d|e|r|,102210fe594ee9b33d82058545b1ed14f4c8206e,PerceptualSpeedIndex,ebay-kleinanzeigen,True,ebay-kleinanzeigen PerceptualSpeedIndex opt warm webrender,,77,ms,geckoview,,1747020731,2023-08-28 14:50:25,1292276,,,,,,,,,,,,,,,,,,,,,,,,,,,,,,,,,,,,,,,,,,,,,,,,,TN
505,7ef66afbcd94bc7787448a9d797ec662b02fe58a,0.1679219333289671,autoland,4366813,13,930eca14459531ff5483e56979276f480af08a6a,android-hw-a51-11-0-aarch64-shippable-qr,True,False,,|w|a|r|m| |w|e|b|r|e|n|d|e|r|,102210fe594ee9b33d82058545b1ed14f4c8206e,PerceptualSpeedIndex,ebay-kleinanzeigen,True,ebay-kleinanzeigen PerceptualSpeedIndex opt warm webrender,,77,ms,geckoview,,1747061592,2023-08-28 18:02:15,1292360,,,,,,,,,,,,,,,,,,,,,,,,,,,,,,,,,,,,,,,,,,,,,,,,,TN
506,9451de3148827dbd587f22175b6c0453c7a605db,0.14434475080227904,autoland,4366813,13,930eca14459531ff5483e56979276f480af08a6a,android-hw-a51-11-0-aarch64-shippable-qr,True,False,,|w|a|r|m| |w|e|b|r|e|n|d|e|r|,102210fe594ee9b33d82058545b1ed14f4c8206e,PerceptualSpeedIndex,ebay-kleinanzeigen,True,ebay-kleinanzeigen PerceptualSpeedIndex opt warm webrender,,77,ms,geckoview,,1747150241,2023-08-28 20:37:08,1292463,,,,,,,,,,,,,,,,,,,,,,,,,,,,,,,,,,,,,,,,,,,,,,,,,TN
507,4cca72b5cd903bbb8bdc66098aaeb1eb12d8dddd,0.15613334206562313,autoland,4366813,13,930eca14459531ff5483e56979276f480af08a6a,android-hw-a51-11-0-aarch64-shippable-qr,True,False,,|w|a|r|m| |w|e|b|r|e|n|d|e|r|,102210fe594ee9b33d82058545b1ed14f4c8206e,PerceptualSpeedIndex,ebay-kleinanzeigen,True,ebay-kleinanzeigen PerceptualSpeedIndex opt warm webrender,,77,ms,geckoview,,1747254872,2023-08-29 02:20:20,1292618,,,,,,,,,,,,,,,,,,,,,,,,,,,,,,,,,,,,,,,,,,,,,,,,,TN
508,f79fe732a6b523e66f30e056118cdd2cff02a5ca,0.13707511952321705,autoland,4366813,13,930eca14459531ff5483e56979276f480af08a6a,android-hw-a51-11-0-aarch64-shippable-qr,True,False,,|w|a|r|m| |w|e|b|r|e|n|d|e|r|,102210fe594ee9b33d82058545b1ed14f4c8206e,PerceptualSpeedIndex,ebay-kleinanzeigen,True,ebay-kleinanzeigen PerceptualSpeedIndex opt warm webrender,,77,ms,geckoview,,1747266027,2023-08-29 03:02:37,1292639,,,,,,,,,,,,,,,,,,,,,,,,,,,,,,,,,,,,,,,,,,,,,,,,,TN
509,801325776b1492f30ec6ac7c770000fa8c894d2a,0.15423406902875114,autoland,4366813,13,930eca14459531ff5483e56979276f480af08a6a,android-hw-a51-11-0-aarch64-shippable-qr,True,False,,|w|a|r|m| |w|e|b|r|e|n|d|e|r|,102210fe594ee9b33d82058545b1ed14f4c8206e,PerceptualSpeedIndex,ebay-kleinanzeigen,True,ebay-kleinanzeigen PerceptualSpeedIndex opt warm webrender,,77,ms,geckoview,,1747352733,2023-08-29 07:11:54,1292691,,,,,,,,,,,,,,,,,,,,,,,,,,,,,,,,,,,,,,,,,,,,,,,,,TN
510,843a6e4db35622bdd606d6cdd7c0f1a05828a89e,0.14493418036544636,autoland,4366813,13,930eca14459531ff5483e56979276f480af08a6a,android-hw-a51-11-0-aarch64-shippable-qr,True,False,,|w|a|r|m| |w|e|b|r|e|n|d|e|r|,102210fe594ee9b33d82058545b1ed14f4c8206e,PerceptualSpeedIndex,ebay-kleinanzeigen,True,ebay-kleinanzeigen PerceptualSpeedIndex opt warm webrender,,77,ms,geckoview,,1747484956,2023-08-29 11:18:23,1292770,,,,,,,,,,,,,,,,,,,,,,,,,,,,,,,,,,,,,,,,,,,,,,,,,TN
511,abe9789555b5960e5b395aba02b4891c388e4839,0.15043552295500695,autoland,4366813,13,930eca14459531ff5483e56979276f480af08a6a,android-hw-a51-11-0-aarch64-shippable-qr,True,False,,|w|a|r|m| |w|e|b|r|e|n|d|e|r|,102210fe594ee9b33d82058545b1ed14f4c8206e,PerceptualSpeedIndex,ebay-kleinanzeigen,True,ebay-kleinanzeigen PerceptualSpeedIndex opt warm webrender,,77,ms,geckoview,,1747489921,2023-08-29 11:21:44,1292771,,,,,,,,,,,,,,,,,,,,,,,,,,,,,,,,,,,,,,,,,,,,,,,,,TN
512,0bb8944a5c2a783f353dc7595b2171844923a934,0.16975571419215407,autoland,4366813,13,930eca14459531ff5483e56979276f480af08a6a,android-hw-a51-11-0-aarch64-shippable-qr,True,False,,|w|a|r|m| |w|e|b|r|e|n|d|e|r|,102210fe594ee9b33d82058545b1ed14f4c8206e,PerceptualSpeedIndex,ebay-kleinanzeigen,True,ebay-kleinanzeigen PerceptualSpeedIndex opt warm webrender,,77,ms,geckoview,,1747699545,2023-08-29 16:25:43,1292913,,,,,,,,,,,,,,,,,,,,,,,,,,,,,,,,,,,,,,,,,,,,,,,,,TN
513,16c71fac642647b97c85d086e54342a5addaaf13,0.16621913681315081,autoland,4366813,13,930eca14459531ff5483e56979276f480af08a6a,android-hw-a51-11-0-aarch64-shippable-qr,True,False,,|w|a|r|m| |w|e|b|r|e|n|d|e|r|,102210fe594ee9b33d82058545b1ed14f4c8206e,PerceptualSpeedIndex,ebay-kleinanzeigen,True,ebay-kleinanzeigen PerceptualSpeedIndex opt warm webrender,,77,ms,geckoview,,1747826868,2023-08-29 20:54:58,1293039,,,,,,,,,,,,,,,,,,,,,,,,,,,,,,,,,,,,,,,,,,,,,,,,,TN
514,34dcd8f28e9a642600425b3383df225859ea91cd,0.1541685768550658,autoland,4366813,13,930eca14459531ff5483e56979276f480af08a6a,android-hw-a51-11-0-aarch64-shippable-qr,True,False,,|w|a|r|m| |w|e|b|r|e|n|d|e|r|,102210fe594ee9b33d82058545b1ed14f4c8206e,PerceptualSpeedIndex,ebay-kleinanzeigen,True,ebay-kleinanzeigen PerceptualSpeedIndex opt warm webrender,,77,ms,geckoview,,1747859342,2023-08-30 01:49:26,1293133,,,,,,,,,,,,,,,,,,,,,,,,,,,,,,,,,,,,,,,,,,,,,,,,,TN
515,379bb5e39311a7878ea31b7eb0dd39fdef1ab15a,0.16628462898683605,autoland,4366813,13,930eca14459531ff5483e56979276f480af08a6a,android-hw-a51-11-0-aarch64-shippable-qr,True,False,,|w|a|r|m| |w|e|b|r|e|n|d|e|r|,102210fe594ee9b33d82058545b1ed14f4c8206e,PerceptualSpeedIndex,ebay-kleinanzeigen,True,ebay-kleinanzeigen PerceptualSpeedIndex opt warm webrender,,77,ms,geckoview,,1748090287,2023-08-30 13:43:19,1293343,,,,,,,,,,,,,,,,,,,,,,,,,,,,,,,,,,,,,,,,,,,,,,,,,TN
516,7643e2c34ec4fce31fb741b2e7003adc7e547e36,0.15574038902351173,autoland,4366813,13,930eca14459531ff5483e56979276f480af08a6a,android-hw-a51-11-0-aarch64-shippable-qr,True,False,,|w|a|r|m| |w|e|b|r|e|n|d|e|r|,102210fe594ee9b33d82058545b1ed14f4c8206e,PerceptualSpeedIndex,ebay-kleinanzeigen,True,ebay-kleinanzeigen PerceptualSpeedIndex opt warm webrender,,77,ms,geckoview,,1748163532,2023-08-30 20:58:03,1293585,,,,,,,,,,,,,,,,,,,,,,,,,,,,,,,,,,,,,,,,,,,,,,,,,TN
517,8db6a3b432759fd37b677c455c7d9ecedafd7e77,0.16628462898683605,autoland,4366813,13,930eca14459531ff5483e56979276f480af08a6a,android-hw-a51-11-0-aarch64-shippable-qr,True,False,,|w|a|r|m| |w|e|b|r|e|n|d|e|r|,102210fe594ee9b33d82058545b1ed14f4c8206e,PerceptualSpeedIndex,ebay-kleinanzeigen,True,ebay-kleinanzeigen PerceptualSpeedIndex opt warm webrender,,77,ms,geckoview,,1748209435,2023-08-30 23:31:09,1293654,,,,,,,,,,,,,,,,,,,,,,,,,,,,,,,,,,,,,,,,,,,,,,,,,TN
518,bcc1470439818e29a38c29432af9fd130b8ec931,0.17270286200799012,autoland,4366813,13,930eca14459531ff5483e56979276f480af08a6a,android-hw-a51-11-0-aarch64-shippable-qr,True,False,,|w|a|r|m| |w|e|b|r|e|n|d|e|r|,102210fe594ee9b33d82058545b1ed14f4c8206e,PerceptualSpeedIndex,ebay-kleinanzeigen,True,ebay-kleinanzeigen PerceptualSpeedIndex opt warm webrender,,77,ms,geckoview,,1748254952,2023-08-31 03:36:38,1293720,,,,,,,,,,,,,,,,,,,,,,,,,,,,,,,,,,,,,,,,,,,,,,,,,TN
519,e2d1d56b4cb882f210d71f021a2f804a56d718e6,0.16785644115528198,autoland,4366813,13,930eca14459531ff5483e56979276f480af08a6a,android-hw-a51-11-0-aarch64-shippable-qr,True,False,,|w|a|r|m| |w|e|b|r|e|n|d|e|r|,102210fe594ee9b33d82058545b1ed14f4c8206e,PerceptualSpeedIndex,ebay-kleinanzeigen,True,ebay-kleinanzeigen PerceptualSpeedIndex opt warm webrender,,77,ms,geckoview,,1748343832,2023-08-31 09:19:24,1293811,,,,,,,,,,,,,,,,,,,,,,,,,,,,,,,,,,,,,,,,,,,,,,,,,TN
520,79fd00522da11013e2076ceccfd842c54d2f0822,0.15809810727618046,autoland,4366813,13,930eca14459531ff5483e56979276f480af08a6a,android-hw-a51-11-0-aarch64-shippable-qr,True,False,,|w|a|r|m| |w|e|b|r|e|n|d|e|r|,102210fe594ee9b33d82058545b1ed14f4c8206e,PerceptualSpeedIndex,ebay-kleinanzeigen,True,ebay-kleinanzeigen PerceptualSpeedIndex opt warm webrender,,77,ms,geckoview,,1748460648,2023-08-31 14:04:37,1293937,,,,,,,,,,,,,,,,,,,,,,,,,,,,,,,,,,,,,,,,,,,,,,,,,TN
521,bd48139a6966dfb067c7b31bdf2021bd85a1f6a9,0.15881852118671824,autoland,4366813,13,930eca14459531ff5483e56979276f480af08a6a,android-hw-a51-11-0-aarch64-shippable-qr,True,False,,|w|a|r|m| |w|e|b|r|e|n|d|e|r|,102210fe594ee9b33d82058545b1ed14f4c8206e,PerceptualSpeedIndex,ebay-kleinanzeigen,True,ebay-kleinanzeigen PerceptualSpeedIndex opt warm webrender,,77,ms,geckoview,,1748589970,2023-08-31 18:09:30,1294069,,,,,,,,,,,,,,,,,,,,,,,,,,,,,,,,,,,,,,,,,,,,,,,,,TN
522,a0d77e120c268cc1e877891df07436c1128dde4f,0.1664156133342065,autoland,4366813,13,930eca14459531ff5483e56979276f480af08a6a,android-hw-a51-11-0-aarch64-shippable-qr,True,False,,|w|a|r|m| |w|e|b|r|e|n|d|e|r|,102210fe594ee9b33d82058545b1ed14f4c8206e,PerceptualSpeedIndex,ebay-kleinanzeigen,True,ebay-kleinanzeigen PerceptualSpeedIndex opt warm webrender,,77,ms,geckoview,,1748646019,2023-08-31 19:33:29,1294123,,,,,,,,,,,,,,,,,,,,,,,,,,,,,,,,,,,,,,,,,,,,,,,,,TN
523,27ce38e0ae179241f6afc83c246df3113fc76eb5,0.16916628462898686,autoland,4366813,13,930eca14459531ff5483e56979276f480af08a6a,android-hw-a51-11-0-aarch64-shippable-qr,True,False,,|w|a|r|m| |w|e|b|r|e|n|d|e|r|,102210fe594ee9b33d82058545b1ed14f4c8206e,PerceptualSpeedIndex,ebay-kleinanzeigen,True,ebay-kleinanzeigen PerceptualSpeedIndex opt warm webrender,,77,ms,geckoview,,1748780429,2023-09-01 00:39:38,1294315,,,,,,,,,,,,,,,,,,,,,,,,,,,,,,,,,,,,,,,,,,,,,,,,,TN
524,9034f1db1295f77ef75c8afa9ac280788649b1c4,0.1802999541554784,autoland,4366813,13,930eca14459531ff5483e56979276f480af08a6a,android-hw-a51-11-0-aarch64-shippable-qr,True,False,,|w|a|r|m| |w|e|b|r|e|n|d|e|r|,102210fe594ee9b33d82058545b1ed14f4c8206e,PerceptualSpeedIndex,ebay-kleinanzeigen,True,ebay-kleinanzeigen PerceptualSpeedIndex opt warm webrender,,77,ms,geckoview,,1748763478,2023-09-01 01:00:26,1294322,,,,,,,,,,,,,,,,,,,,,,,,,,,,,,,,,,,,,,,,,,,,,,,,,TN
525,ae769caa17a3a27e7fed2cfd78ea439adf051dc8,0.1604558255288494,autoland,4366813,13,930eca14459531ff5483e56979276f480af08a6a,android-hw-a51-11-0-aarch64-shippable-qr,True,False,,|w|a|r|m| |w|e|b|r|e|n|d|e|r|,102210fe594ee9b33d82058545b1ed14f4c8206e,PerceptualSpeedIndex,ebay-kleinanzeigen,True,ebay-kleinanzeigen PerceptualSpeedIndex opt warm webrender,,77,ms,geckoview,,1748914290,2023-09-01 06:26:09,1294426,,,,,,,,,,,,,,,,,,,,,,,,,,,,,,,,,,,,,,,,,,,,,,,,,TN
526,2e446d8859cc4a60faa49f68ed5445c534e47850,0.15678826380247557,autoland,4366813,13,930eca14459531ff5483e56979276f480af08a6a,android-hw-a51-11-0-aarch64-shippable-qr,True,False,,|w|a|r|m| |w|e|b|r|e|n|d|e|r|,102210fe594ee9b33d82058545b1ed14f4c8206e,PerceptualSpeedIndex,ebay-kleinanzeigen,True,ebay-kleinanzeigen PerceptualSpeedIndex opt warm webrender,,77,ms,geckoview,,1749105943,2023-09-01 10:42:21,1294509,,,,,,,,,,,,,,,,,,,,,,,,,,,,,,,,,,,,,,,,,,,,,,,,,TN
527,bf57203fdaf0f91ccecca73cc02286e5c20686be,0.22693038181937264,autoland,4366813,13,930eca14459531ff5483e56979276f480af08a6a,android-hw-a51-11-0-aarch64-shippable-qr,True,False,,|w|a|r|m| |w|e|b|r|e|n|d|e|r|,102210fe594ee9b33d82058545b1ed14f4c8206e,PerceptualSpeedIndex,ebay-kleinanzeigen,True,ebay-kleinanzeigen PerceptualSpeedIndex opt warm webrender,,77,ms,geckoview,,1749108510,2023-09-01 11:44:59,1294532,,,,,,,,,,,,,,,,,,,,,,,,,,,,,,,,,,,,,,,,,,,,,,,,,TN
528,ad7684944accdb72fb27cae1118a774a95ed9c55,0.20289475407688784,autoland,4366813,13,930eca14459531ff5483e56979276f480af08a6a,android-hw-a51-11-0-aarch64-shippable-qr,True,False,,|w|a|r|m| |w|e|b|r|e|n|d|e|r|,102210fe594ee9b33d82058545b1ed14f4c8206e,PerceptualSpeedIndex,ebay-kleinanzeigen,True,ebay-kleinanzeigen PerceptualSpeedIndex opt warm webrender,,77,ms,geckoview,,1749223773,2023-09-01 15:47:54,1294651,,,,,,,,,,,,,,,,,,,,,,,,,,,,,,,,,,,,,,,,,,,,,,,,,TN
529,fccf186ac4e88bf822ac830ba689a15017be05e1,0.16477830899207546,autoland,4366813,13,930eca14459531ff5483e56979276f480af08a6a,android-hw-a51-11-0-aarch64-shippable-qr,True,False,,|w|a|r|m| |w|e|b|r|e|n|d|e|r|,102210fe594ee9b33d82058545b1ed14f4c8206e,PerceptualSpeedIndex,ebay-kleinanzeigen,True,ebay-kleinanzeigen PerceptualSpeedIndex opt warm webrender,,77,ms,geckoview,,1749249510,2023-09-01 17:12:14,1294691,,,,,,,,,,,,,,,,,,,,,,,,,,,,,,,,,,,,,,,,,,,,,,,,,TN
530,99eed791079c7b72126fee110226a0f9c519a053,0.15135241338660033,autoland,4366813,13,930eca14459531ff5483e56979276f480af08a6a,android-hw-a51-11-0-aarch64-shippable-qr,True,False,,|w|a|r|m| |w|e|b|r|e|n|d|e|r|,102210fe594ee9b33d82058545b1ed14f4c8206e,PerceptualSpeedIndex,ebay-kleinanzeigen,True,ebay-kleinanzeigen PerceptualSpeedIndex opt warm webrender,,77,ms,geckoview,,1749514688,2023-09-02 01:00:47,1294900,,,,,,,,,,,,,,,,,,,,,,,,,,,,,,,,,,,,,,,,,,,,,,,,,TN
531,0d100cd406fac31edd725aaa2ca36c72593b7207,0.16373043421311162,autoland,4366813,13,930eca14459531ff5483e56979276f480af08a6a,android-hw-a51-11-0-aarch64-shippable-qr,True,False,,|w|a|r|m| |w|e|b|r|e|n|d|e|r|,102210fe594ee9b33d82058545b1ed14f4c8206e,PerceptualSpeedIndex,ebay-kleinanzeigen,True,ebay-kleinanzeigen PerceptualSpeedIndex opt warm webrender,,77,ms,geckoview,,1749563808,2023-09-02 06:50:37,1294943,,,,,,,,,,,,,,,,,,,,,,,,,,,,,,,,,,,,,,,,,,,,,,,,,TN
532,66f85436a9395093f71f506f8cdc16623cbbb38e,0.16838037854476384,autoland,4366813,13,930eca14459531ff5483e56979276f480af08a6a,android-hw-a51-11-0-aarch64-shippable-qr,True,False,,|w|a|r|m| |w|e|b|r|e|n|d|e|r|,102210fe594ee9b33d82058545b1ed14f4c8206e,PerceptualSpeedIndex,ebay-kleinanzeigen,True,ebay-kleinanzeigen PerceptualSpeedIndex opt warm webrender,,77,ms,geckoview,,1749620961,2023-09-02 11:43:51,1294960,,,,,,,,,,,,,,,,,,,,,,,,,,,,,,,,,,,,,,,,,,,,,,,,,TN
533,ee62282ee19c0c3cceebbdb2cd283127260a46d6,0.16490929333944593,autoland,4366813,13,930eca14459531ff5483e56979276f480af08a6a,android-hw-a51-11-0-aarch64-shippable-qr,True,False,,|w|a|r|m| |w|e|b|r|e|n|d|e|r|,102210fe594ee9b33d82058545b1ed14f4c8206e,PerceptualSpeedIndex,ebay-kleinanzeigen,True,ebay-kleinanzeigen PerceptualSpeedIndex opt warm webrender,,77,ms,geckoview,,1749654915,2023-09-02 16:16:12,1294982,,,,,,,,,,,,,,,,,,,,,,,,,,,,,,,,,,,,,,,,,,,,,,,,,TN
534,e2d4c17692b7650a5aefa27823ab8cb72dc06fe6,0.1696247298447836,autoland,4366813,13,930eca14459531ff5483e56979276f480af08a6a,android-hw-a51-11-0-aarch64-shippable-qr,True,False,,|w|a|r|m| |w|e|b|r|e|n|d|e|r|,102210fe594ee9b33d82058545b1ed14f4c8206e,PerceptualSpeedIndex,ebay-kleinanzeigen,True,ebay-kleinanzeigen PerceptualSpeedIndex opt warm webrender,,77,ms,geckoview,,1749850096,2023-09-03 15:28:00,1295071,,,,,,,,,,,,,,,,,,,,,,,,,,,,,,,,,,,,,,,,,,,,,,,,,TN
535,39747a728e31525f254d25d9fa323a491dda5b09,0.17676337677647513,autoland,4366813,13,930eca14459531ff5483e56979276f480af08a6a,android-hw-a51-11-0-aarch64-shippable-qr,True,False,,|w|a|r|m| |w|e|b|r|e|n|d|e|r|,102210fe594ee9b33d82058545b1ed14f4c8206e,PerceptualSpeedIndex,ebay-kleinanzeigen,True,ebay-kleinanzeigen PerceptualSpeedIndex opt warm webrender,,77,ms,geckoview,,1749882357,2023-09-03 17:48:29,1295079,,,,,,,,,,,,,,,,,,,,,,,,,,,,,,,,,,,,,,,,,,,,,,,,,TN
536,9398dc74275ecd37eab02b496051302e67ce059f,0.17178597157639663,autoland,4366813,13,930eca14459531ff5483e56979276f480af08a6a,android-hw-a51-11-0-aarch64-shippable-qr,True,False,,|w|a|r|m| |w|e|b|r|e|n|d|e|r|,102210fe594ee9b33d82058545b1ed14f4c8206e,PerceptualSpeedIndex,ebay-kleinanzeigen,True,ebay-kleinanzeigen PerceptualSpeedIndex opt warm webrender,,77,ms,geckoview,,1749974784,2023-09-04 00:54:15,1295103,,,,,,,,,,,,,,,,,,,,,,,,,,,,,,,,,,,,,,,,,,,,,,,,,TN
537,738c0a460acb30ab2ab419f4c0dc93fa9af200d6,0.1723099089658786,autoland,4366813,13,930eca14459531ff5483e56979276f480af08a6a,android-hw-a51-11-0-aarch64-shippable-qr,True,False,,|w|a|r|m| |w|e|b|r|e|n|d|e|r|,102210fe594ee9b33d82058545b1ed14f4c8206e,PerceptualSpeedIndex,ebay-kleinanzeigen,True,ebay-kleinanzeigen PerceptualSpeedIndex opt warm webrender,,77,ms,geckoview,,1750041639,2023-09-04 05:09:42,1295121,,,,,,,,,,,,,,,,,,,,,,,,,,,,,,,,,,,,,,,,,,,,,,,,,TN
538,5378e223b13ecd8d32d6afddc956d8bdca322ef0,0.17106555766585896,autoland,4366813,13,930eca14459531ff5483e56979276f480af08a6a,android-hw-a51-11-0-aarch64-shippable-qr,True,False,,|w|a|r|m| |w|e|b|r|e|n|d|e|r|,102210fe594ee9b33d82058545b1ed14f4c8206e,PerceptualSpeedIndex,ebay-kleinanzeigen,True,ebay-kleinanzeigen PerceptualSpeedIndex opt warm webrender,,77,ms,geckoview,,1750070678,2023-09-04 08:06:31,1295171,,,,,,,,,,,,,,,,,,,,,,,,,,,,,,,,,,,,,,,,,,,,,,,,,TN
539,16cc1aa2701e0b2cf32665cee19dc11308a4760a,0.1654332307289279,autoland,4366813,13,930eca14459531ff5483e56979276f480af08a6a,android-hw-a51-11-0-aarch64-shippable-qr,True,False,,|w|a|r|m| |w|e|b|r|e|n|d|e|r|,102210fe594ee9b33d82058545b1ed14f4c8206e,PerceptualSpeedIndex,ebay-kleinanzeigen,True,ebay-kleinanzeigen PerceptualSpeedIndex opt warm webrender,,77,ms,geckoview,,1750211457,2023-09-04 12:17:38,1295286,,,,,,,,,,,,,,,,,,,,,,,,,,,,,,,,,,,,,,,,,,,,,,,,,TN
540,2c0ab3a7f1f3e1e095a0175f8a6096d10a311a5a,0.18730761673979968,autoland,4366813,13,930eca14459531ff5483e56979276f480af08a6a,android-hw-a51-11-0-aarch64-shippable-qr,True,False,,|w|a|r|m| |w|e|b|r|e|n|d|e|r|,102210fe594ee9b33d82058545b1ed14f4c8206e,PerceptualSpeedIndex,ebay-kleinanzeigen,True,ebay-kleinanzeigen PerceptualSpeedIndex opt warm webrender,,77,ms,geckoview,,1750327695,2023-09-04 20:09:20,1295407,,,,,,,,,,,,,,,,,,,,,,,,,,,,,,,,,,,,,,,,,,,,,,,,,TN
541,530fe27f752d2f1fa88cd1013b419d7c1ca1a2e0,0.17126203418691477,autoland,4366813,13,930eca14459531ff5483e56979276f480af08a6a,android-hw-a51-11-0-aarch64-shippable-qr,True,False,,|w|a|r|m| |w|e|b|r|e|n|d|e|r|,102210fe594ee9b33d82058545b1ed14f4c8206e,PerceptualSpeedIndex,ebay-kleinanzeigen,True,ebay-kleinanzeigen PerceptualSpeedIndex opt warm webrender,,77,ms,geckoview,,1750389034,2023-09-05 01:26:26,1295456,,,,,,,,,,,,,,,,,,,,,,,,,,,,,,,,,,,,,,,,,,,,,,,,,TN
542,55f5393d14f682f76c2d9f9c857c9f0890ee2a7f,0.16137271596044267,autoland,4366813,13,930eca14459531ff5483e56979276f480af08a6a,android-hw-a51-11-0-aarch64-shippable-qr,True,False,,|w|a|r|m| |w|e|b|r|e|n|d|e|r|,102210fe594ee9b33d82058545b1ed14f4c8206e,PerceptualSpeedIndex,ebay-kleinanzeigen,True,ebay-kleinanzeigen PerceptualSpeedIndex opt warm webrender,,77,ms,geckoview,,1750491370,2023-09-05 06:45:05,1295504,,,,,,,,,,,,,,,,,,,,,,,,,,,,,,,,,,,,,,,,,,,,,,,,,TN
543,27708fc6f6648945c105baa6a5c63f9d62f265b5,0.14840526557076428,autoland,4366813,13,930eca14459531ff5483e56979276f480af08a6a,android-hw-a51-11-0-aarch64-shippable-qr,True,False,,|w|a|r|m| |w|e|b|r|e|n|d|e|r|,102210fe594ee9b33d82058545b1ed14f4c8206e,PerceptualSpeedIndex,ebay-kleinanzeigen,True,ebay-kleinanzeigen PerceptualSpeedIndex opt warm webrender,,77,ms,geckoview,,1750594606,2023-09-05 11:29:45,1295622,,,,,,,,,,,,,,,,,,,,,,,,,,,,,,,,,,,,,,,,,,,,,,,,,TN
544,42d664dd03163fb19554f6e18c4163b8622b4401,0.15279324120767568,autoland,4366813,13,930eca14459531ff5483e56979276f480af08a6a,android-hw-a51-11-0-aarch64-shippable-qr,True,False,,|w|a|r|m| |w|e|b|r|e|n|d|e|r|,102210fe594ee9b33d82058545b1ed14f4c8206e,PerceptualSpeedIndex,ebay-kleinanzeigen,True,ebay-kleinanzeigen PerceptualSpeedIndex opt warm webrender,,77,ms,geckoview,,1750613822,2023-09-05 11:45:39,1295627,,,,,,,,,,,,,,,,,,,,,,,,,,,,,,,,,,,,,,,,,,,,,,,,,TN
545,40053facf08c6ea9bc6a6f5ae223a6faa89ebc08,0.2009299888663305,autoland,4366813,13,930eca14459531ff5483e56979276f480af08a6a,android-hw-a51-11-0-aarch64-shippable-qr,True,False,,|w|a|r|m| |w|e|b|r|e|n|d|e|r|,102210fe594ee9b33d82058545b1ed14f4c8206e,PerceptualSpeedIndex,ebay-kleinanzeigen,True,ebay-kleinanzeigen PerceptualSpeedIndex opt warm webrender,,77,ms,geckoview,,1750687849,2023-09-05 15:46:18,1295770,,,,,,,,,,,,,,,,,,,,,,,,,,,,,,,,,,,,,,,,,,,,,,,,,TN
546,08da3ca498f61eb9acb594038c5e764cfb37d735,0.15547842032877068,autoland,4366813,13,930eca14459531ff5483e56979276f480af08a6a,android-hw-a51-11-0-aarch64-shippable-qr,True,False,,|w|a|r|m| |w|e|b|r|e|n|d|e|r|,102210fe594ee9b33d82058545b1ed14f4c8206e,PerceptualSpeedIndex,ebay-kleinanzeigen,True,ebay-kleinanzeigen PerceptualSpeedIndex opt warm webrender,,77,ms,geckoview,,1750762846,2023-09-05 16:15:45,1295791,,,,,,,,,,,,,,,,,,,,,,,,,,,,,,,,,,,,,,,,,,,,,,,,,TN
547,e6278ccb302b74ca329c17e5d00508b795c54eec,0.1562643264129936,autoland,4366813,13,930eca14459531ff5483e56979276f480af08a6a,android-hw-a51-11-0-aarch64-shippable-qr,True,False,,|w|a|r|m| |w|e|b|r|e|n|d|e|r|,102210fe594ee9b33d82058545b1ed14f4c8206e,PerceptualSpeedIndex,ebay-kleinanzeigen,True,ebay-kleinanzeigen PerceptualSpeedIndex opt warm webrender,,77,ms,geckoview,,1750847908,2023-09-05 19:25:11,1295926,,,,,,,,,,,,,,,,,,,,,,,,,,,,,,,,,,,,,,,,,,,,,,,,,TN
548,b34280e9a0872e3b3f0893cd3bd78bf94b421612,0.1719169559237672,autoland,4366813,13,930eca14459531ff5483e56979276f480af08a6a,android-hw-a51-11-0-aarch64-shippable-qr,True,False,,|w|a|r|m| |w|e|b|r|e|n|d|e|r|,102210fe594ee9b33d82058545b1ed14f4c8206e,PerceptualSpeedIndex,ebay-kleinanzeigen,True,ebay-kleinanzeigen PerceptualSpeedIndex opt warm webrender,,77,ms,geckoview,,1750962874,2023-09-05 23:38:09,1296071,,,,,,,,,,,,,,,,,,,,,,,,,,,,,,,,,,,,,,,,,,,,,,,,,TN
549,ff7e2e9adbc1753b1f3e01a3f2eb8a91bb911418,0.15966991944462638,autoland,4366813,13,930eca14459531ff5483e56979276f480af08a6a,android-hw-a51-11-0-aarch64-shippable-qr,True,False,,|w|a|r|m| |w|e|b|r|e|n|d|e|r|,102210fe594ee9b33d82058545b1ed14f4c8206e,PerceptualSpeedIndex,ebay-kleinanzeigen,True,ebay-kleinanzeigen PerceptualSpeedIndex opt warm webrender,,77,ms,geckoview,,1751000190,2023-09-06 00:54:53,1296116,,,,,,,,,,,,,,,,,,,,,,,,,,,,,,,,,,,,,,,,,,,,,,,,,TN
550,5c56b92baa65aa27df61f84718594767ef8f26f4,0.16366494203942628,autoland,4366813,13,930eca14459531ff5483e56979276f480af08a6a,android-hw-a51-11-0-aarch64-shippable-qr,True,False,,|w|a|r|m| |w|e|b|r|e|n|d|e|r|,102210fe594ee9b33d82058545b1ed14f4c8206e,PerceptualSpeedIndex,ebay-kleinanzeigen,True,ebay-kleinanzeigen PerceptualSpeedIndex opt warm webrender,,77,ms,geckoview,,1751098664,2023-09-06 05:00:41,1296186,,,,,,,,,,,,,,,,,,,,,,,,,,,,,,,,,,,,,,,,,,,,,,,,,TN
551,6631a30338d3de03925f76afd071a29511729440,0.17997249328705223,autoland,4366813,13,930eca14459531ff5483e56979276f480af08a6a,android-hw-a51-11-0-aarch64-shippable-qr,True,False,,|w|a|r|m| |w|e|b|r|e|n|d|e|r|,102210fe594ee9b33d82058545b1ed14f4c8206e,PerceptualSpeedIndex,ebay-kleinanzeigen,True,ebay-kleinanzeigen PerceptualSpeedIndex opt warm webrender,,77,ms,geckoview,,1751241870,2023-09-06 10:31:58,1296288,,,,,,,,,,,,,,,,,,,,,,,,,,,,,,,,,,,,,,,,,,,,,,,,,TN
552,e43370e4259f61e0c264dbcef8b45e2862b3c5e8,0.17270286200799012,autoland,4366813,13,930eca14459531ff5483e56979276f480af08a6a,android-hw-a51-11-0-aarch64-shippable-qr,True,False,,|w|a|r|m| |w|e|b|r|e|n|d|e|r|,102210fe594ee9b33d82058545b1ed14f4c8206e,PerceptualSpeedIndex,ebay-kleinanzeigen,True,ebay-kleinanzeigen PerceptualSpeedIndex opt warm webrender,,77,ms,geckoview,,1751252175,2023-09-06 11:18:29,1296309,,,,,,,,,,,,,,,,,,,,,,,,,,,,,,,,,,,,,,,,,,,,,,,,,TN
553,0315c2d875ca2a95bbb65ef4a1f7b75f72ed7263,0.15888401336040348,autoland,4366813,13,930eca14459531ff5483e56979276f480af08a6a,android-hw-a51-11-0-aarch64-shippable-qr,True,False,,|w|a|r|m| |w|e|b|r|e|n|d|e|r|,102210fe594ee9b33d82058545b1ed14f4c8206e,PerceptualSpeedIndex,ebay-kleinanzeigen,True,ebay-kleinanzeigen PerceptualSpeedIndex opt warm webrender,,77,ms,geckoview,,1751304729,2023-09-06 14:28:21,1296418,,,,,,,,,,,,,,,,,,,,,,,,,,,,,,,,,,,,,,,,,,,,,,,,,TN
554,340378041fcfd986f6c0edb18a81efbc36f930c1,0.16477830899207546,autoland,4366813,13,930eca14459531ff5483e56979276f480af08a6a,android-hw-a51-11-0-aarch64-shippable-qr,True,False,,|w|a|r|m| |w|e|b|r|e|n|d|e|r|,102210fe594ee9b33d82058545b1ed14f4c8206e,PerceptualSpeedIndex,ebay-kleinanzeigen,True,ebay-kleinanzeigen PerceptualSpeedIndex opt warm webrender,,77,ms,geckoview,,1751387579,2023-09-06 18:00:42,1296561,,,,,,,,,,,,,,,,,,,,,,,,,,,,,,,,,,,,,,,,,,,,,,,,,TN
555,6e5768f3fc480965c2b67e5006ad8351d30a27b2,0.1570502324972166,autoland,4366813,13,930eca14459531ff5483e56979276f480af08a6a,android-hw-a51-11-0-aarch64-shippable-qr,True,False,,|w|a|r|m| |w|e|b|r|e|n|d|e|r|,102210fe594ee9b33d82058545b1ed14f4c8206e,PerceptualSpeedIndex,ebay-kleinanzeigen,True,ebay-kleinanzeigen PerceptualSpeedIndex opt warm webrender,,77,ms,geckoview,,1751474759,2023-09-06 21:18:27,1296699,,,,,,,,,,,,,,,,,,,,,,,,,,,,,,,,,,,,,,,,,,,,,,,,,TN
556,172ac46f5fd5a20a001b2cbed27df0ffb44ef6a6,0.16582618377103941,autoland,4366813,13,930eca14459531ff5483e56979276f480af08a6a,android-hw-a51-11-0-aarch64-shippable-qr,True,False,,|w|a|r|m| |w|e|b|r|e|n|d|e|r|,102210fe594ee9b33d82058545b1ed14f4c8206e,PerceptualSpeedIndex,ebay-kleinanzeigen,True,ebay-kleinanzeigen PerceptualSpeedIndex opt warm webrender,,77,ms,geckoview,,1751584400,2023-09-07 02:02:33,1296842,,,,,,,,,,,,,,,,,,,,,,,,,,,,,,,,,,,,,,,,,,,,,,,,,TN
557,c8b40099127c273a58ba6defbe045c55752f0f64,0.16648110550789186,autoland,4366813,13,930eca14459531ff5483e56979276f480af08a6a,android-hw-a51-11-0-aarch64-shippable-qr,True,False,,|w|a|r|m| |w|e|b|r|e|n|d|e|r|,102210fe594ee9b33d82058545b1ed14f4c8206e,PerceptualSpeedIndex,ebay-kleinanzeigen,True,ebay-kleinanzeigen PerceptualSpeedIndex opt warm webrender,,77,ms,geckoview,,1751663568,2023-09-07 05:47:53,1296880,,,,,,,,,,,,,,,,,,,,,,,,,,,,,,,,,,,,,,,,,,,,,,,,,TN
558,72c09a220d986d7af3fa78b07b9b87cd943f9ab5,0.16366494203942628,autoland,4366813,13,930eca14459531ff5483e56979276f480af08a6a,android-hw-a51-11-0-aarch64-shippable-qr,True,False,,|w|a|r|m| |w|e|b|r|e|n|d|e|r|,102210fe594ee9b33d82058545b1ed14f4c8206e,PerceptualSpeedIndex,ebay-kleinanzeigen,True,ebay-kleinanzeigen PerceptualSpeedIndex opt warm webrender,,77,ms,geckoview,,1751791166,2023-09-07 10:02:59,1296967,,,,,,,,,,,,,,,,,,,,,,,,,,,,,,,,,,,,,,,,,,,,,,,,,TN
559,31aee1c71573016a4a40410e1c41adad2304c430,0.17041063592900652,autoland,4366813,13,930eca14459531ff5483e56979276f480af08a6a,android-hw-a51-11-0-aarch64-shippable-qr,True,False,,|w|a|r|m| |w|e|b|r|e|n|d|e|r|,102210fe594ee9b33d82058545b1ed14f4c8206e,PerceptualSpeedIndex,ebay-kleinanzeigen,True,ebay-kleinanzeigen PerceptualSpeedIndex opt warm webrender,,77,ms,geckoview,,1751832250,2023-09-07 12:32:17,1297037,,,,,,,,,,,,,,,,,,,,,,,,,,,,,,,,,,,,,,,,,,,,,,,,,TN
560,be838735b3cf99411aaa287377f080810144f92d,0.05619228502193985,autoland,4366813,13,930eca14459531ff5483e56979276f480af08a6a,android-hw-a51-11-0-aarch64-shippable-qr,True,False,,|w|a|r|m| |w|e|b|r|e|n|d|e|r|,102210fe594ee9b33d82058545b1ed14f4c8206e,PerceptualSpeedIndex,ebay-kleinanzeigen,True,ebay-kleinanzeigen PerceptualSpeedIndex opt warm webrender,,77,ms,geckoview,,1751929349,2023-09-07 16:05:38,1297179,968.65,mozilla-ldap/aionescu@mozilla.com,31aee1c71573016a4a40410e1c41adad2304c430,39458.0,14.81,1137.05,2023-09-11 07:27:30.874582,13.0,13.0,,,,1297037.0,5.0,2.0,mozilla-ldap/aionescu@mozilla.com,,,2023-09-15 20:52:05.922381,,1.0,-168.4,180467.0,,,39458.0,,False,False,aionescu@mozilla.com,,,aionescu@mozilla.com,2023-09-08 20:52:05.922381,,39482,OUTLIERS,39482.0,,,,False,,42.27,ebay-kleinanzeigen,,"warm, webrender",2023-09-13 20:52:05.922381,SP
561,25b4a7559a80b3970d88de68b2ac92420ca025c8,0.061104198048333225,autoland,4366813,13,930eca14459531ff5483e56979276f480af08a6a,android-hw-a51-11-0-aarch64-shippable-qr,True,False,,|w|a|r|m| |w|e|b|r|e|n|d|e|r|,102210fe594ee9b33d82058545b1ed14f4c8206e,PerceptualSpeedIndex,ebay-kleinanzeigen,True,ebay-kleinanzeigen PerceptualSpeedIndex opt warm webrender,,77,ms,geckoview,,1752069089,2023-09-07 18:57:03,1297304,,,,,,,,,,,,,,,,,,,,,,,,,,,,,,,,,,,,,,,,,,,,,,,,,TN
562,6fb5507c20420498c1ebe5f2b6df35394d980f1c,0.05789508153775624,autoland,4366813,13,930eca14459531ff5483e56979276f480af08a6a,android-hw-a51-11-0-aarch64-shippable-qr,True,False,,|w|a|r|m| |w|e|b|r|e|n|d|e|r|,102210fe594ee9b33d82058545b1ed14f4c8206e,PerceptualSpeedIndex,ebay-kleinanzeigen,True,ebay-kleinanzeigen PerceptualSpeedIndex opt warm webrender,,77,ms,geckoview,,1752224632,2023-09-07 23:16:45,1297446,,,,,,,,,,,,,,,,,,,,,,,,,,,,,,,,,,,,,,,,,,,,,,,,,TN
563,3096b15a785accc50f5e96ad64eed31ebd5ae045,0.05167332503765798,autoland,4366813,13,930eca14459531ff5483e56979276f480af08a6a,android-hw-a51-11-0-aarch64-shippable-qr,True,False,,|w|a|r|m| |w|e|b|r|e|n|d|e|r|,102210fe594ee9b33d82058545b1ed14f4c8206e,PerceptualSpeedIndex,ebay-kleinanzeigen,True,ebay-kleinanzeigen PerceptualSpeedIndex opt warm webrender,,77,ms,geckoview,,1752199668,2023-09-07 23:39:19,1297453,,,,,,,,,,,,,,,,,,,,,,,,,,,,,,,,,,,,,,,,,,,,,,,,,TN
564,9cf29328d69c6278a4d9e184fcf79d33542cb600,0.05186980155871368,autoland,4366813,13,930eca14459531ff5483e56979276f480af08a6a,android-hw-a51-11-0-aarch64-shippable-qr,True,False,,|w|a|r|m| |w|e|b|r|e|n|d|e|r|,102210fe594ee9b33d82058545b1ed14f4c8206e,PerceptualSpeedIndex,ebay-kleinanzeigen,True,ebay-kleinanzeigen PerceptualSpeedIndex opt warm webrender,,77,ms,geckoview,,1752322359,2023-09-08 04:28:36,1297535,,,,,,,,,,,,,,,,,,,,,,,,,,,,,,,,,,,,,,,,,,,,,,,,,TN
565,850826d930dbbaab76c864c8e0c815e741d335ec,0.05501342589560554,autoland,4366813,13,930eca14459531ff5483e56979276f480af08a6a,android-hw-a51-11-0-aarch64-shippable-qr,True,False,,|w|a|r|m| |w|e|b|r|e|n|d|e|r|,102210fe594ee9b33d82058545b1ed14f4c8206e,PerceptualSpeedIndex,ebay-kleinanzeigen,True,ebay-kleinanzeigen PerceptualSpeedIndex opt warm webrender,,77,ms,geckoview,,1752385388,2023-09-08 08:33:18,1297602,,,,,,,,,,,,,,,,,,,,,,,,,,,,,,,,,,,,,,,,,,,,,,,,,TN
566,274b1d437629e97813d0b7fe7e8b4912cf84cf32,0.04813674765865483,autoland,4366813,13,930eca14459531ff5483e56979276f480af08a6a,android-hw-a51-11-0-aarch64-shippable-qr,True,False,,|w|a|r|m| |w|e|b|r|e|n|d|e|r|,102210fe594ee9b33d82058545b1ed14f4c8206e,PerceptualSpeedIndex,ebay-kleinanzeigen,True,ebay-kleinanzeigen PerceptualSpeedIndex opt warm webrender,,77,ms,geckoview,,1752526449,2023-09-08 09:52:44,1297644,,,,,,,,,,,,,,,,,,,,,,,,,,,,,,,,,,,,,,,,,,,,,,,,,TN
567,822367e291b07b889b553a6beaa660fd1d4bf101,0.06915973541161835,autoland,4366813,13,930eca14459531ff5483e56979276f480af08a6a,android-hw-a51-11-0-aarch64-shippable-qr,True,False,,|w|a|r|m| |w|e|b|r|e|n|d|e|r|,102210fe594ee9b33d82058545b1ed14f4c8206e,PerceptualSpeedIndex,ebay-kleinanzeigen,True,ebay-kleinanzeigen PerceptualSpeedIndex opt warm webrender,,77,ms,geckoview,,1752678863,2023-09-08 14:14:09,1297788,,,,,,,,,,,,,,,,,,,,,,,,,,,,,,,,,,,,,,,,,,,,,,,,,TN
568,bde2db6f12ce1100b2bbb4b10916f7be1cf90f3a,0.05782958936407101,autoland,4366813,13,930eca14459531ff5483e56979276f480af08a6a,android-hw-a51-11-0-aarch64-shippable-qr,True,False,,|w|a|r|m| |w|e|b|r|e|n|d|e|r|,102210fe594ee9b33d82058545b1ed14f4c8206e,PerceptualSpeedIndex,ebay-kleinanzeigen,True,ebay-kleinanzeigen PerceptualSpeedIndex opt warm webrender,,77,ms,geckoview,,1752686351,2023-09-08 14:59:47,1297817,,,,,,,,,,,,,,,,,,,,,,,,,,,,,,,,,,,,,,,,,,,,,,,,,TN
569,27b2bca6565fd4a7d724617dc2a06ad4433d5e7d,0.05383456676927112,autoland,4366813,13,930eca14459531ff5483e56979276f480af08a6a,android-hw-a51-11-0-aarch64-shippable-qr,True,False,,|w|a|r|m| |w|e|b|r|e|n|d|e|r|,102210fe594ee9b33d82058545b1ed14f4c8206e,PerceptualSpeedIndex,ebay-kleinanzeigen,True,ebay-kleinanzeigen PerceptualSpeedIndex opt warm webrender,,77,ms,geckoview,,1752711821,2023-09-08 18:04:40,1297929,,,,,,,,,,,,,,,,,,,,,,,,,,,,,,,,,,,,,,,,,,,,,,,,,TN
570,caabab6fd2b88b34f1344af40c555fed0a039949,0.04754731809548762,autoland,4366813,13,930eca14459531ff5483e56979276f480af08a6a,android-hw-a51-11-0-aarch64-shippable-qr,True,False,,|w|a|r|m| |w|e|b|r|e|n|d|e|r|,102210fe594ee9b33d82058545b1ed14f4c8206e,PerceptualSpeedIndex,ebay-kleinanzeigen,True,ebay-kleinanzeigen PerceptualSpeedIndex opt warm webrender,,77,ms,geckoview,,1752855736,2023-09-08 22:44:42,1298112,,,,,,,,,,,,,,,,,,,,,,,,,,,,,,,,,,,,,,,,,,,,,,,,,TN
571,266305ba8989b3072ea042b1a3130ddfb89960e1,0.061300674569388924,autoland,4366813,13,930eca14459531ff5483e56979276f480af08a6a,android-hw-a51-11-0-aarch64-shippable-qr,True,False,,|w|a|r|m| |w|e|b|r|e|n|d|e|r|,102210fe594ee9b33d82058545b1ed14f4c8206e,PerceptualSpeedIndex,ebay-kleinanzeigen,True,ebay-kleinanzeigen PerceptualSpeedIndex opt warm webrender,,77,ms,geckoview,,1752920174,2023-09-09 01:11:00,1298167,,,,,,,,,,,,,,,,,,,,,,,,,,,,,,,,,,,,,,,,,,,,,,,,,TN
572,02f7c436b43f486a8aec92c449f2df1fedf9226a,0.05003602069552693,autoland,4366813,13,930eca14459531ff5483e56979276f480af08a6a,android-hw-a51-11-0-aarch64-shippable-qr,True,False,,|w|a|r|m| |w|e|b|r|e|n|d|e|r|,102210fe594ee9b33d82058545b1ed14f4c8206e,PerceptualSpeedIndex,ebay-kleinanzeigen,True,ebay-kleinanzeigen PerceptualSpeedIndex opt warm webrender,,77,ms,geckoview,,1752967906,2023-09-09 05:59:08,1298196,,,,,,,,,,,,,,,,,,,,,,,,,,,,,,,,,,,,,,,,,,,,,,,,,TN
573,52b4a28cd9d7623a471a02cb994a2aebbd5d7403,0.05023249721658263,autoland,4366813,13,930eca14459531ff5483e56979276f480af08a6a,android-hw-a51-11-0-aarch64-shippable-qr,True,False,,|w|a|r|m| |w|e|b|r|e|n|d|e|r|,102210fe594ee9b33d82058545b1ed14f4c8206e,PerceptualSpeedIndex,ebay-kleinanzeigen,True,ebay-kleinanzeigen PerceptualSpeedIndex opt warm webrender,,77,ms,geckoview,,1753044838,2023-09-09 12:58:29,1298223,,,,,,,,,,,,,,,,,,,,,,,,,,,,,,,,,,,,,,,,,,,,,,,,,TN
574,df18c9cb1487f09a89e27eabbd0819691c70701b,0.05023249721658263,autoland,4366813,13,930eca14459531ff5483e56979276f480af08a6a,android-hw-a51-11-0-aarch64-shippable-qr,True,False,,|w|a|r|m| |w|e|b|r|e|n|d|e|r|,102210fe594ee9b33d82058545b1ed14f4c8206e,PerceptualSpeedIndex,ebay-kleinanzeigen,True,ebay-kleinanzeigen PerceptualSpeedIndex opt warm webrender,,77,ms,geckoview,,1753201901,2023-09-09 23:18:35,1298263,,,,,,,,,,,,,,,,,,,,,,,,,,,,,,,,,,,,,,,,,,,,,,,,,TN
575,7faa89970aed2f2e16f538aba1a7465bb6a5ea20,0.05324513720610391,autoland,4366813,13,930eca14459531ff5483e56979276f480af08a6a,android-hw-a51-11-0-aarch64-shippable-qr,True,False,,|w|a|r|m| |w|e|b|r|e|n|d|e|r|,102210fe594ee9b33d82058545b1ed14f4c8206e,PerceptualSpeedIndex,ebay-kleinanzeigen,True,ebay-kleinanzeigen PerceptualSpeedIndex opt warm webrender,,77,ms,geckoview,,1753281834,2023-09-10 03:51:10,1298271,,,,,,,,,,,,,,,,,,,,,,,,,,,,,,,,,,,,,,,,,,,,,,,,,TN
576,2e1c2dd8ef65a6914ebc4e0bc0a0a274c31e29bc,0.05167332503765798,autoland,4366813,13,930eca14459531ff5483e56979276f480af08a6a,android-hw-a51-11-0-aarch64-shippable-qr,True,False,,|w|a|r|m| |w|e|b|r|e|n|d|e|r|,102210fe594ee9b33d82058545b1ed14f4c8206e,PerceptualSpeedIndex,ebay-kleinanzeigen,True,ebay-kleinanzeigen PerceptualSpeedIndex opt warm webrender,,77,ms,geckoview,,1753418651,2023-09-10 10:15:01,1298293,,,,,,,,,,,,,,,,,,,,,,,,,,,,,,,,,,,,,,,,,,,,,,,,,TN
577,640ad6a53cf88f878095f49f98b720a99c2762bd,0.05678171458510706,autoland,4366813,13,930eca14459531ff5483e56979276f480af08a6a,android-hw-a51-11-0-aarch64-shippable-qr,True,False,,|w|a|r|m| |w|e|b|r|e|n|d|e|r|,102210fe594ee9b33d82058545b1ed14f4c8206e,PerceptualSpeedIndex,ebay-kleinanzeigen,True,ebay-kleinanzeigen PerceptualSpeedIndex opt warm webrender,,77,ms,geckoview,,1753518463,2023-09-10 12:24:34,1298303,,,,,,,,,,,,,,,,,,,,,,,,,,,,,,,,,,,,,,,,,,,,,,,,,TN
578,e91d172728590586e38bc431f3dc779479e365d5,0.06195559630624137,autoland,4366813,13,930eca14459531ff5483e56979276f480af08a6a,android-hw-a51-11-0-aarch64-shippable-qr,True,False,,|w|a|r|m| |w|e|b|r|e|n|d|e|r|,102210fe594ee9b33d82058545b1ed14f4c8206e,PerceptualSpeedIndex,ebay-kleinanzeigen,True,ebay-kleinanzeigen PerceptualSpeedIndex opt warm webrender,,77,ms,geckoview,,1753613987,2023-09-10 16:24:53,1298313,,,,,,,,,,,,,,,,,,,,,,,,,,,,,,,,,,,,,,,,,,,,,,,,,TN
579,fff502a8f26bdfc51eada3cf32107848bff64a76,0.06418233021153974,autoland,4366813,13,930eca14459531ff5483e56979276f480af08a6a,android-hw-a51-11-0-aarch64-shippable-qr,True,False,,|w|a|r|m| |w|e|b|r|e|n|d|e|r|,102210fe594ee9b33d82058545b1ed14f4c8206e,PerceptualSpeedIndex,ebay-kleinanzeigen,True,ebay-kleinanzeigen PerceptualSpeedIndex opt warm webrender,,77,ms,geckoview,,1753729651,2023-09-10 22:24:39,1298356,,,,,,,,,,,,,,,,,,,,,,,,,,,,,,,,,,,,,,,,,,,,,,,,,TN
580,5f5a3f190fdfa0947a671467171ab2b3cee62c38,0.05252472329556612,autoland,4366813,13,930eca14459531ff5483e56979276f480af08a6a,android-hw-a51-11-0-aarch64-shippable-qr,True,False,,|w|a|r|m| |w|e|b|r|e|n|d|e|r|,102210fe594ee9b33d82058545b1ed14f4c8206e,PerceptualSpeedIndex,ebay-kleinanzeigen,True,ebay-kleinanzeigen PerceptualSpeedIndex opt warm webrender,,77,ms,geckoview,,1753853218,2023-09-11 04:00:08,1298396,,,,,,,,,,,,,,,,,,,,,,,,,,,,,,,,,,,,,,,,,,,,,,,,,TN
581,35ae39561912dad340dac47c7c1dc3af6ead952b,0.04545156853755983,autoland,4366813,13,930eca14459531ff5483e56979276f480af08a6a,android-hw-a51-11-0-aarch64-shippable-qr,True,False,,|w|a|r|m| |w|e|b|r|e|n|d|e|r|,102210fe594ee9b33d82058545b1ed14f4c8206e,PerceptualSpeedIndex,ebay-kleinanzeigen,True,ebay-kleinanzeigen PerceptualSpeedIndex opt warm webrender,,77,ms,geckoview,,1753897362,2023-09-11 08:01:16,1298437,,,,,,,,,,,,,,,,,,,,,,,,,,,,,,,,,,,,,,,,,,,,,,,,,TN
582,16a377bb7b5f9713ac6a5fae21ce043c7de7cd67,0.04682690418494995,autoland,4366813,13,930eca14459531ff5483e56979276f480af08a6a,android-hw-a51-11-0-aarch64-shippable-qr,True,False,,|w|a|r|m| |w|e|b|r|e|n|d|e|r|,102210fe594ee9b33d82058545b1ed14f4c8206e,PerceptualSpeedIndex,ebay-kleinanzeigen,True,ebay-kleinanzeigen PerceptualSpeedIndex opt warm webrender,,77,ms,geckoview,,1754018837,2023-09-11 10:09:23,1298486,,,,,,,,,,,,,,,,,,,,,,,,,,,,,,,,,,,,,,,,,,,,,,,,,TN
583,2ea4fd5d517a2b5edf081c9e2ccd8c014f6dc171,0.0854672866592443,autoland,4366813,13,930eca14459531ff5483e56979276f480af08a6a,android-hw-a51-11-0-aarch64-shippable-qr,True,False,,|w|a|r|m| |w|e|b|r|e|n|d|e|r|,102210fe594ee9b33d82058545b1ed14f4c8206e,PerceptualSpeedIndex,ebay-kleinanzeigen,True,ebay-kleinanzeigen PerceptualSpeedIndex opt warm webrender,,77,ms,geckoview,,1754120686,2023-09-11 13:54:23,1298638,,,,,,,,,,,,,,,,,,,,,,,,,,,,,,,,,,,,,,,,,,,,,,,,,TN
584,f28ec98bf27ffbc0952af3f4ff0ffec4218a6554,0.05704368327984799,autoland,4366813,13,930eca14459531ff5483e56979276f480af08a6a,android-hw-a51-11-0-aarch64-shippable-qr,True,False,,|w|a|r|m| |w|e|b|r|e|n|d|e|r|,102210fe594ee9b33d82058545b1ed14f4c8206e,PerceptualSpeedIndex,ebay-kleinanzeigen,True,ebay-kleinanzeigen PerceptualSpeedIndex opt warm webrender,,77,ms,geckoview,,1754224379,2023-09-11 17:41:44,1298761,,,,,,,,,,,,,,,,,,,,,,,,,,,,,,,,,,,,,,,,,,,,,,,,,TN
585,4a10a12f6006582e936c81baefda439d8f078729,0.059532385879887406,autoland,4366813,13,930eca14459531ff5483e56979276f480af08a6a,android-hw-a51-11-0-aarch64-shippable-qr,True,False,,|w|a|r|m| |w|e|b|r|e|n|d|e|r|,102210fe594ee9b33d82058545b1ed14f4c8206e,PerceptualSpeedIndex,ebay-kleinanzeigen,True,ebay-kleinanzeigen PerceptualSpeedIndex opt warm webrender,,77,ms,geckoview,,1754400323,2023-09-11 21:44:17,1298874,,,,,,,,,,,,,,,,,,,,,,,,,,,,,,,,,,,,,,,,,,,,,,,,,TN
586,12882fe96164b756c60fff4549300977b85af06f,0.05442399633243822,autoland,4366813,13,930eca14459531ff5483e56979276f480af08a6a,android-hw-a51-11-0-aarch64-shippable-qr,True,False,,|w|a|r|m| |w|e|b|r|e|n|d|e|r|,102210fe594ee9b33d82058545b1ed14f4c8206e,PerceptualSpeedIndex,ebay-kleinanzeigen,True,ebay-kleinanzeigen PerceptualSpeedIndex opt warm webrender,,77,ms,geckoview,,1754381565,2023-09-11 22:07:56,1298881,,,,,,,,,,,,,,,,,,,,,,,,,,,,,,,,,,,,,,,,,,,,,,,,,TN
587,cdcc536589320caec69ec36416058cd46b8d4178,0.04119457724801889,autoland,4366813,13,930eca14459531ff5483e56979276f480af08a6a,android-hw-a51-11-0-aarch64-shippable-qr,True,False,,|w|a|r|m| |w|e|b|r|e|n|d|e|r|,102210fe594ee9b33d82058545b1ed14f4c8206e,PerceptualSpeedIndex,ebay-kleinanzeigen,True,ebay-kleinanzeigen PerceptualSpeedIndex opt warm webrender,,77,ms,geckoview,,1754519468,2023-09-12 02:35:45,1298976,,,,,,,,,,,,,,,,,,,,,,,,,,,,,,,,,,,,,,,,,,,,,,,,,TN
588,2e2360c55e7b421532f4d12b7a36a0e0f943a1e9,0.051738817211343324,autoland,4366813,13,930eca14459531ff5483e56979276f480af08a6a,android-hw-a51-11-0-aarch64-shippable-qr,True,False,,|w|a|r|m| |w|e|b|r|e|n|d|e|r|,102210fe594ee9b33d82058545b1ed14f4c8206e,PerceptualSpeedIndex,ebay-kleinanzeigen,True,ebay-kleinanzeigen PerceptualSpeedIndex opt warm webrender,,77,ms,geckoview,,1754644126,2023-09-12 07:31:58,1299027,,,,,,,,,,,,,,,,,,,,,,,,,,,,,,,,,,,,,,,,,,,,,,,,,TN
589,4cca882e069d67c3a9a9064ac603b0dca23a5b39,0.05062545025869414,autoland,4366813,13,930eca14459531ff5483e56979276f480af08a6a,android-hw-a51-11-0-aarch64-shippable-qr,True,False,,|w|a|r|m| |w|e|b|r|e|n|d|e|r|,102210fe594ee9b33d82058545b1ed14f4c8206e,PerceptualSpeedIndex,ebay-kleinanzeigen,True,ebay-kleinanzeigen PerceptualSpeedIndex opt warm webrender,,77,ms,geckoview,,1754760642,2023-09-12 11:48:24,1299122,,,,,,,,,,,,,,,,,,,,,,,,,,,,,,,,,,,,,,,,,,,,,,,,,TN
590,f302f4a5371614cb2d42fbbe4ddfdd068aae146d,0.057109175453533334,autoland,4366813,13,930eca14459531ff5483e56979276f480af08a6a,android-hw-a51-11-0-aarch64-shippable-qr,True,False,,|w|a|r|m| |w|e|b|r|e|n|d|e|r|,102210fe594ee9b33d82058545b1ed14f4c8206e,PerceptualSpeedIndex,ebay-kleinanzeigen,True,ebay-kleinanzeigen PerceptualSpeedIndex opt warm webrender,,77,ms,geckoview,,1754800254,2023-09-12 12:34:27,1299141,,,,,,,,,,,,,,,,,,,,,,,,,,,,,,,,,,,,,,,,,,,,,,,,,TN
591,1b3be6b61583c53c2cb899ffc91c921c022e8162,0.04584452157967123,autoland,4366813,13,930eca14459531ff5483e56979276f480af08a6a,android-hw-a51-11-0-aarch64-shippable-qr,True,False,,|w|a|r|m| |w|e|b|r|e|n|d|e|r|,102210fe594ee9b33d82058545b1ed14f4c8206e,PerceptualSpeedIndex,ebay-kleinanzeigen,True,ebay-kleinanzeigen PerceptualSpeedIndex opt warm webrender,,77,ms,geckoview,,1754910387,2023-09-12 16:35:29,1299257,,,,,,,,,,,,,,,,,,,,,,,,,,,,,,,,,,,,,,,,,,,,,,,,,TN
592,c77f534dc9b99192eca371e3917ffc5b504bd055,0.05226275460082519,autoland,4366813,13,930eca14459531ff5483e56979276f480af08a6a,android-hw-a51-11-0-aarch64-shippable-qr,True,False,,|w|a|r|m| |w|e|b|r|e|n|d|e|r|,102210fe594ee9b33d82058545b1ed14f4c8206e,PerceptualSpeedIndex,ebay-kleinanzeigen,True,ebay-kleinanzeigen PerceptualSpeedIndex opt warm webrender,,77,ms,geckoview,,1754983477,2023-09-12 17:51:01,1299297,,,,,,,,,,,,,,,,,,,,,,,,,,,,,,,,,,,,,,,,,,,,,,,,,TN
593,0339e9d43c22845d7589528bc8a08eee6b2d5c7a,0.06634357194315277,autoland,4366813,13,930eca14459531ff5483e56979276f480af08a6a,android-hw-a51-11-0-aarch64-shippable-qr,True,False,,|w|a|r|m| |w|e|b|r|e|n|d|e|r|,102210fe594ee9b33d82058545b1ed14f4c8206e,PerceptualSpeedIndex,ebay-kleinanzeigen,True,ebay-kleinanzeigen PerceptualSpeedIndex opt warm webrender,,77,ms,geckoview,,1755147843,2023-09-12 22:44:58,1299446,,,,,,,,,,,,,,,,,,,,,,,,,,,,,,,,,,,,,,,,,,,,,,,,,TN
594,d238756ba039d0430074dea8fa1db0c2b75b8184,0.046040998100726926,autoland,4366813,13,930eca14459531ff5483e56979276f480af08a6a,android-hw-a51-11-0-aarch64-shippable-qr,True,False,,|w|a|r|m| |w|e|b|r|e|n|d|e|r|,102210fe594ee9b33d82058545b1ed14f4c8206e,PerceptualSpeedIndex,ebay-kleinanzeigen,True,ebay-kleinanzeigen PerceptualSpeedIndex opt warm webrender,,77,ms,geckoview,,1755162564,2023-09-12 23:09:22,1299456,,,,,,,,,,,,,,,,,,,,,,,,,,,,,,,,,,,,,,,,,,,,,,,,,TN
595,daceab96e9588ecb729cc3648c7980f1d9928ef1,0.0660161110747266,autoland,4366813,13,930eca14459531ff5483e56979276f480af08a6a,android-hw-a51-11-0-aarch64-shippable-qr,True,False,,|w|a|r|m| |w|e|b|r|e|n|d|e|r|,102210fe594ee9b33d82058545b1ed14f4c8206e,PerceptualSpeedIndex,ebay-kleinanzeigen,True,ebay-kleinanzeigen PerceptualSpeedIndex opt warm webrender,,77,ms,geckoview,,1755227909,2023-09-13 03:21:32,1299496,,,,,,,,,,,,,,,,,,,,,,,,,,,,,,,,,,,,,,,,,,,,,,,,,TN
596,00a66a4ea7d34e12302bd63f68a950cbff5a9ffa,0.07944200668020174,autoland,4366813,13,930eca14459531ff5483e56979276f480af08a6a,android-hw-a51-11-0-aarch64-shippable-qr,True,False,,|w|a|r|m| |w|e|b|r|e|n|d|e|r|,102210fe594ee9b33d82058545b1ed14f4c8206e,PerceptualSpeedIndex,ebay-kleinanzeigen,True,ebay-kleinanzeigen PerceptualSpeedIndex opt warm webrender,,77,ms,geckoview,,1755301724,2023-09-13 08:07:28,1299529,,,,,,,,,,,,,,,,,,,,,,,,,,,,,,,,,,,,,,,,,,,,,,,,,TN
597,1a4b8c41b3c3efb7f5870fb99730fc6b08a44cc1,0.06444429890628067,autoland,4366813,13,930eca14459531ff5483e56979276f480af08a6a,android-hw-a51-11-0-aarch64-shippable-qr,True,False,,|w|a|r|m| |w|e|b|r|e|n|d|e|r|,102210fe594ee9b33d82058545b1ed14f4c8206e,PerceptualSpeedIndex,ebay-kleinanzeigen,True,ebay-kleinanzeigen PerceptualSpeedIndex opt warm webrender,,77,ms,geckoview,,1755481767,2023-09-13 11:26:03,1299625,,,,,,,,,,,,,,,,,,,,,,,,,,,,,,,,,,,,,,,,,,,,,,,,,TN
598,49a7e292daad5c6727d745e6910b8bde5c3f59a6,0.04728534940074658,autoland,4366813,13,930eca14459531ff5483e56979276f480af08a6a,android-hw-a51-11-0-aarch64-shippable-qr,True,False,,|w|a|r|m| |w|e|b|r|e|n|d|e|r|,102210fe594ee9b33d82058545b1ed14f4c8206e,PerceptualSpeedIndex,ebay-kleinanzeigen,True,ebay-kleinanzeigen PerceptualSpeedIndex opt warm webrender,,77,ms,geckoview,,1755609091,2023-09-13 15:38:40,1299802,,,,,,,,,,,,,,,,,,,,,,,,,,,,,,,,,,,,,,,,,,,,,,,,,TN
599,ce9c917d3e22a86f9e2a6fb5d5b68cd6d56fb687,0.04787477896391379,autoland,4366813,13,930eca14459531ff5483e56979276f480af08a6a,android-hw-a51-11-0-aarch64-shippable-qr,True,False,,|w|a|r|m| |w|e|b|r|e|n|d|e|r|,102210fe594ee9b33d82058545b1ed14f4c8206e,PerceptualSpeedIndex,ebay-kleinanzeigen,True,ebay-kleinanzeigen PerceptualSpeedIndex opt warm webrender,,77,ms,geckoview,,1755687584,2023-09-13 16:07:42,1299823,,,,,,,,,,,,,,,,,,,,,,,,,,,,,,,,,,,,,,,,,,,,,,,,,TN
600,ab101a976da356370e4d513e38e73a1fa55b1597,0.04505861549544832,autoland,4366813,13,930eca14459531ff5483e56979276f480af08a6a,android-hw-a51-11-0-aarch64-shippable-qr,True,False,,|w|a|r|m| |w|e|b|r|e|n|d|e|r|,102210fe594ee9b33d82058545b1ed14f4c8206e,PerceptualSpeedIndex,ebay-kleinanzeigen,True,ebay-kleinanzeigen PerceptualSpeedIndex opt warm webrender,,77,ms,geckoview,,1755899633,2023-09-13 20:42:18,1300022,,,,,,,,,,,,,,,,,,,,,,,,,,,,,,,,,,,,,,,,,,,,,,,,,TN
601,8f5a11c1eb0b7598d1415f6efa9c360191a423f8,0.059728862400943106,autoland,4366813,13,930eca14459531ff5483e56979276f480af08a6a,android-hw-a51-11-0-aarch64-shippable-qr,True,False,,|w|a|r|m| |w|e|b|r|e|n|d|e|r|,102210fe594ee9b33d82058545b1ed14f4c8206e,PerceptualSpeedIndex,ebay-kleinanzeigen,True,ebay-kleinanzeigen PerceptualSpeedIndex opt warm webrender,,77,ms,geckoview,,1755923756,2023-09-13 23:14:42,1300119,,,,,,,,,,,,,,,,,,,,,,,,,,,,,,,,,,,,,,,,,,,,,,,,,TN
602,c57de172952ed6dfa84943bd2175574e4c87e92b,0.05704368327984799,autoland,4366813,13,930eca14459531ff5483e56979276f480af08a6a,android-hw-a51-11-0-aarch64-shippable-qr,True,False,,|w|a|r|m| |w|e|b|r|e|n|d|e|r|,102210fe594ee9b33d82058545b1ed14f4c8206e,PerceptualSpeedIndex,ebay-kleinanzeigen,True,ebay-kleinanzeigen PerceptualSpeedIndex opt warm webrender,,77,ms,geckoview,,1756126838,2023-09-14 04:10:41,1300187,,,,,,,,,,,,,,,,,,,,,,,,,,,,,,,,,,,,,,,,,,,,,,,,,TN
603,69c7e9b937f817f1bee50511a690a35aa3b49793,0.051738817211343324,autoland,4366813,13,930eca14459531ff5483e56979276f480af08a6a,android-hw-a51-11-0-aarch64-shippable-qr,True,False,,|w|a|r|m| |w|e|b|r|e|n|d|e|r|,102210fe594ee9b33d82058545b1ed14f4c8206e,PerceptualSpeedIndex,ebay-kleinanzeigen,True,ebay-kleinanzeigen PerceptualSpeedIndex opt warm webrender,,77,ms,geckoview,,1756258384,2023-09-14 09:30:23,1300302,,,,,,,,,,,,,,,,,,,,,,,,,,,,,,,,,,,,,,,,,,,,,,,,,TN
604,76116e6c2476f694d9cd5db9c69d9065e3b2cbbd,0.06038378413779555,autoland,4366813,13,930eca14459531ff5483e56979276f480af08a6a,android-hw-a51-11-0-aarch64-shippable-qr,True,False,,|w|a|r|m| |w|e|b|r|e|n|d|e|r|,102210fe594ee9b33d82058545b1ed14f4c8206e,PerceptualSpeedIndex,ebay-kleinanzeigen,True,ebay-kleinanzeigen PerceptualSpeedIndex opt warm webrender,,77,ms,geckoview,,1756371854,2023-09-14 11:38:04,1300382,,,,,,,,,,,,,,,,,,,,,,,,,,,,,,,,,,,,,,,,,,,,,,,,,TN
605,3b93c8502571e31ff0926a4911fae422c3c2118c,0.05409653546401205,autoland,4366813,13,930eca14459531ff5483e56979276f480af08a6a,android-hw-a51-11-0-aarch64-shippable-qr,True,False,,|w|a|r|m| |w|e|b|r|e|n|d|e|r|,102210fe594ee9b33d82058545b1ed14f4c8206e,PerceptualSpeedIndex,ebay-kleinanzeigen,True,ebay-kleinanzeigen PerceptualSpeedIndex opt warm webrender,,77,ms,geckoview,,1756526701,2023-09-14 15:44:34,1300523,,,,,,,,,,,,,,,,,,,,,,,,,,,,,,,,,,,,,,,,,,,,,,,,,TN
606,98de7bc404c3786a5459a205dea174bdf39d3dbf,0.054751457200864495,autoland,4366813,13,930eca14459531ff5483e56979276f480af08a6a,android-hw-a51-11-0-aarch64-shippable-qr,True,False,,|w|a|r|m| |w|e|b|r|e|n|d|e|r|,102210fe594ee9b33d82058545b1ed14f4c8206e,PerceptualSpeedIndex,ebay-kleinanzeigen,True,ebay-kleinanzeigen PerceptualSpeedIndex opt warm webrender,,77,ms,geckoview,,1756557116,2023-09-14 16:38:11,1300546,,,,,,,,,,,,,,,,,,,,,,,,,,,,,,,,,,,,,,,,,,,,,,,,,TN
607,cfbd0bd9bc623276a862481e44bd71e1d57e2eac,0.052786691990307166,autoland,4366813,13,930eca14459531ff5483e56979276f480af08a6a,android-hw-a51-11-0-aarch64-shippable-qr,True,False,,|w|a|r|m| |w|e|b|r|e|n|d|e|r|,102210fe594ee9b33d82058545b1ed14f4c8206e,PerceptualSpeedIndex,ebay-kleinanzeigen,True,ebay-kleinanzeigen PerceptualSpeedIndex opt warm webrender,,77,ms,geckoview,,1756807504,2023-09-15 00:53:43,1300850,,,,,,,,,,,,,,,,,,,,,,,,,,,,,,,,,,,,,,,,,,,,,,,,,TN
608,8f99acff4cbc8f25f158dc6ff079042f02768f05,0.05042897373763844,autoland,4366813,13,930eca14459531ff5483e56979276f480af08a6a,android-hw-a51-11-0-aarch64-shippable-qr,True,False,,|w|a|r|m| |w|e|b|r|e|n|d|e|r|,102210fe594ee9b33d82058545b1ed14f4c8206e,PerceptualSpeedIndex,ebay-kleinanzeigen,True,ebay-kleinanzeigen PerceptualSpeedIndex opt warm webrender,,77,ms,geckoview,,1756924763,2023-09-15 06:04:49,1300927,,,,,,,,,,,,,,,,,,,,,,,,,,,,,,,,,,,,,,,,,,,,,,,,,TN
609,0a032c6f1d5da0740059f67c499e0e9f7ab88650,0.05756762066933008,autoland,4366813,13,930eca14459531ff5483e56979276f480af08a6a,android-hw-a51-11-0-aarch64-shippable-qr,True,False,,|w|a|r|m| |w|e|b|r|e|n|d|e|r|,102210fe594ee9b33d82058545b1ed14f4c8206e,PerceptualSpeedIndex,ebay-kleinanzeigen,True,ebay-kleinanzeigen PerceptualSpeedIndex opt warm webrender,,77,ms,geckoview,,1756967443,2023-09-15 06:59:31,1300939,,,,,,,,,,,,,,,,,,,,,,,,,,,,,,,,,,,,,,,,,,,,,,,,,TN
610,29c4aff31f1dc95ad970b23a77b763265f1632c0,0.057305651974589034,autoland,4366813,13,930eca14459531ff5483e56979276f480af08a6a,android-hw-a51-11-0-aarch64-shippable-qr,True,False,,|w|a|r|m| |w|e|b|r|e|n|d|e|r|,102210fe594ee9b33d82058545b1ed14f4c8206e,PerceptualSpeedIndex,ebay-kleinanzeigen,True,ebay-kleinanzeigen PerceptualSpeedIndex opt warm webrender,,77,ms,geckoview,,1757114407,2023-09-15 11:50:44,1301039,,,,,,,,,,,,,,,,,,,,,,,,,,,,,,,,,,,,,,,,,,,,,,,,,TN
611,953f367a5ef64eeb7654e6c62f3ac7fb2b4424a3,0.05750212849564473,autoland,4366813,13,930eca14459531ff5483e56979276f480af08a6a,android-hw-a51-11-0-aarch64-shippable-qr,True,False,,|w|a|r|m| |w|e|b|r|e|n|d|e|r|,102210fe594ee9b33d82058545b1ed14f4c8206e,PerceptualSpeedIndex,ebay-kleinanzeigen,True,ebay-kleinanzeigen PerceptualSpeedIndex opt warm webrender,,77,ms,geckoview,,1757134475,2023-09-15 12:28:36,1301070,,,,,,,,,,,,,,,,,,,,,,,,,,,,,,,,,,,,,,,,,,,,,,,,,TN
612,079079610ac2a41dba72a91cbe2867519e2bc5bd,0.044796646800707385,autoland,4366813,13,930eca14459531ff5483e56979276f480af08a6a,android-hw-a51-11-0-aarch64-shippable-qr,True,False,,|w|a|r|m| |w|e|b|r|e|n|d|e|r|,102210fe594ee9b33d82058545b1ed14f4c8206e,PerceptualSpeedIndex,ebay-kleinanzeigen,True,ebay-kleinanzeigen PerceptualSpeedIndex opt warm webrender,,77,ms,geckoview,,1757242997,2023-09-15 14:51:55,1301175,,,,,,,,,,,,,,,,,,,,,,,,,,,,,,,,,,,,,,,,,,,,,,,,,TN
613,fec6b3b46bc6439ac98e03aa73938deaf6323f5c,0.05579933197982845,autoland,4366813,13,930eca14459531ff5483e56979276f480af08a6a,android-hw-a51-11-0-aarch64-shippable-qr,True,False,,|w|a|r|m| |w|e|b|r|e|n|d|e|r|,102210fe594ee9b33d82058545b1ed14f4c8206e,PerceptualSpeedIndex,ebay-kleinanzeigen,True,ebay-kleinanzeigen PerceptualSpeedIndex opt warm webrender,,77,ms,geckoview,,1757286886,2023-09-15 17:51:06,1301318,,,,,,,,,,,,,,,,,,,,,,,,,,,,,,,,,,,,,,,,,,,,,,,,,TN
614,99357ab2bb639918d2ea0e8f391494df18c24cb9,0.04787477896391379,autoland,4366813,13,930eca14459531ff5483e56979276f480af08a6a,android-hw-a51-11-0-aarch64-shippable-qr,True,False,,|w|a|r|m| |w|e|b|r|e|n|d|e|r|,102210fe594ee9b33d82058545b1ed14f4c8206e,PerceptualSpeedIndex,ebay-kleinanzeigen,True,ebay-kleinanzeigen PerceptualSpeedIndex opt warm webrender,,77,ms,geckoview,,1757358434,2023-09-15 20:04:54,1301421,,,,,,,,,,,,,,,,,,,,,,,,,,,,,,,,,,,,,,,,,,,,,,,,,TN
615,aa4e3903740dfa0ed175c6ff18e57b8fbe82afd7,0.047809286790228556,autoland,4366813,13,930eca14459531ff5483e56979276f480af08a6a,android-hw-a51-11-0-aarch64-shippable-qr,True,False,,|w|a|r|m| |w|e|b|r|e|n|d|e|r|,102210fe594ee9b33d82058545b1ed14f4c8206e,PerceptualSpeedIndex,ebay-kleinanzeigen,True,ebay-kleinanzeigen PerceptualSpeedIndex opt warm webrender,,77,ms,geckoview,,1757459905,2023-09-16 00:25:52,1301531,,,,,,,,,,,,,,,,,,,,,,,,,,,,,,,,,,,,,,,,,,,,,,,,,TN
616,69d0f600b52641dd114b02da128a162f86f09395,0.05579933197982845,autoland,4366813,13,930eca14459531ff5483e56979276f480af08a6a,android-hw-a51-11-0-aarch64-shippable-qr,True,False,,|w|a|r|m| |w|e|b|r|e|n|d|e|r|,102210fe594ee9b33d82058545b1ed14f4c8206e,PerceptualSpeedIndex,ebay-kleinanzeigen,True,ebay-kleinanzeigen PerceptualSpeedIndex opt warm webrender,,77,ms,geckoview,,1757468530,2023-09-16 00:35:43,1301538,,,,,,,,,,,,,,,,,,,,,,,,,,,,,,,,,,,,,,,,,,,,,,,,,TN
617,7fcd45f7f407a0c756c8b8292b1df8d8162cdce6,0.046630427663894136,autoland,4366813,13,930eca14459531ff5483e56979276f480af08a6a,android-hw-a51-11-0-aarch64-shippable-qr,True,False,,|w|a|r|m| |w|e|b|r|e|n|d|e|r|,102210fe594ee9b33d82058545b1ed14f4c8206e,PerceptualSpeedIndex,ebay-kleinanzeigen,True,ebay-kleinanzeigen PerceptualSpeedIndex opt warm webrender,,77,ms,geckoview,,1757559676,2023-09-16 05:54:34,1301559,,,,,,,,,,,,,,,,,,,,,,,,,,,,,,,,,,,,,,,,,,,,,,,,,TN
618,745d8130d1ac2d3e0ae51f2f22896853f0d34479,0.04964306765341542,autoland,4366813,13,930eca14459531ff5483e56979276f480af08a6a,android-hw-a51-11-0-aarch64-shippable-qr,True,False,,|w|a|r|m| |w|e|b|r|e|n|d|e|r|,102210fe594ee9b33d82058545b1ed14f4c8206e,PerceptualSpeedIndex,ebay-kleinanzeigen,True,ebay-kleinanzeigen PerceptualSpeedIndex opt warm webrender,,77,ms,geckoview,,1757642345,2023-09-16 12:53:39,1301583,,,,,,,,,,,,,,,,,,,,,,,,,,,,,,,,,,,,,,,,,,,,,,,,,TN
619,a7bddb715bd51687e4f52876beeb747f6a19cb0d,0.054162027637697285,autoland,4366813,13,930eca14459531ff5483e56979276f480af08a6a,android-hw-a51-11-0-aarch64-shippable-qr,True,False,,|w|a|r|m| |w|e|b|r|e|n|d|e|r|,102210fe594ee9b33d82058545b1ed14f4c8206e,PerceptualSpeedIndex,ebay-kleinanzeigen,True,ebay-kleinanzeigen PerceptualSpeedIndex opt warm webrender,,77,ms,geckoview,,1757682603,2023-09-16 18:13:35,1301606,,,,,,,,,,,,,,,,,,,,,,,,,,,,,,,,,,,,,,,,,,,,,,,,,TN
620,d395f485b3a2b96c9d6f47f5167308b763c1891b,0.063723884995743,autoland,4366813,13,930eca14459531ff5483e56979276f480af08a6a,android-hw-a51-11-0-aarch64-shippable-qr,True,False,,|w|a|r|m| |w|e|b|r|e|n|d|e|r|,102210fe594ee9b33d82058545b1ed14f4c8206e,PerceptualSpeedIndex,ebay-kleinanzeigen,True,ebay-kleinanzeigen PerceptualSpeedIndex opt warm webrender,,77,ms,geckoview,,1758082868,2023-09-18 03:57:39,1301730,,,,,,,,,,,,,,,,,,,,,,,,,,,,,,,,,,,,,,,,,,,,,,,,,TN
621,11fb2a6e434951fbef0791563a159cbbdd42f4c8,0.05409653546401205,autoland,4366813,13,930eca14459531ff5483e56979276f480af08a6a,android-hw-a51-11-0-aarch64-shippable-qr,True,False,,|w|a|r|m| |w|e|b|r|e|n|d|e|r|,102210fe594ee9b33d82058545b1ed14f4c8206e,PerceptualSpeedIndex,ebay-kleinanzeigen,True,ebay-kleinanzeigen PerceptualSpeedIndex opt warm webrender,,77,ms,geckoview,,1758263111,2023-09-18 09:50:33,1301818,,,,,,,,,,,,,,,,,,,,,,,,,,,,,,,,,,,,,,,,,,,,,,,,,TN
622,44aa0c56427a5e659c7bec91e3b608472cb6f763,0.042831881590150056,autoland,4366813,13,930eca14459531ff5483e56979276f480af08a6a,android-hw-a51-11-0-aarch64-shippable-qr,True,False,,|w|a|r|m| |w|e|b|r|e|n|d|e|r|,102210fe594ee9b33d82058545b1ed14f4c8206e,PerceptualSpeedIndex,ebay-kleinanzeigen,True,ebay-kleinanzeigen PerceptualSpeedIndex opt warm webrender,,77,ms,geckoview,,1758595667,2023-09-18 21:05:31,1302247,,,,,,,,,,,,,,,,,,,,,,,,,,,,,,,,,,,,,,,,,,,,,,,,,TN
623,3a523925f8ff99d5984169d7fbae7e4d1fc1cd18,0.05331062937978914,autoland,4366813,13,930eca14459531ff5483e56979276f480af08a6a,android-hw-a51-11-0-aarch64-shippable-qr,True,False,,|w|a|r|m| |w|e|b|r|e|n|d|e|r|,102210fe594ee9b33d82058545b1ed14f4c8206e,PerceptualSpeedIndex,ebay-kleinanzeigen,True,ebay-kleinanzeigen PerceptualSpeedIndex opt warm webrender,,77,ms,geckoview,,1758627878,2023-09-18 22:22:31,1302316,,,,,,,,,,,,,,,,,,,,,,,,,,,,,,,,,,,,,,,,,,,,,,,,,TN
624,b0769fdf63e5e9d7ac3ef647f895b15971a8dc99,0.04885716156919251,autoland,4366813,13,930eca14459531ff5483e56979276f480af08a6a,android-hw-a51-11-0-aarch64-shippable-qr,True,False,,|w|a|r|m| |w|e|b|r|e|n|d|e|r|,102210fe594ee9b33d82058545b1ed14f4c8206e,PerceptualSpeedIndex,ebay-kleinanzeigen,True,ebay-kleinanzeigen PerceptualSpeedIndex opt warm webrender,,77,ms,geckoview,,1758679630,2023-09-19 00:36:20,1302387,,,,,,,,,,,,,,,,,,,,,,,,,,,,,,,,,,,,,,,,,,,,,,,,,TN
625,6589c0d4d3d3aaed578f6d60cc1831f6cdf79b7c,0.09136158229091629,autoland,4366813,13,930eca14459531ff5483e56979276f480af08a6a,android-hw-a51-11-0-aarch64-shippable-qr,True,False,,|w|a|r|m| |w|e|b|r|e|n|d|e|r|,102210fe594ee9b33d82058545b1ed14f4c8206e,PerceptualSpeedIndex,ebay-kleinanzeigen,True,ebay-kleinanzeigen PerceptualSpeedIndex opt warm webrender,,77,ms,geckoview,,1758775502,2023-09-19 04:53:23,1302461,,,,,,,,,,,,,,,,,,,,,,,,,,,,,,,,,,,,,,,,,,,,,,,,,TN
626,0a60f8be5517ddc928471d4a378b46228773fbc5,0.051345864169231814,autoland,4366813,13,930eca14459531ff5483e56979276f480af08a6a,android-hw-a51-11-0-aarch64-shippable-qr,True,False,,|w|a|r|m| |w|e|b|r|e|n|d|e|r|,102210fe594ee9b33d82058545b1ed14f4c8206e,PerceptualSpeedIndex,ebay-kleinanzeigen,True,ebay-kleinanzeigen PerceptualSpeedIndex opt warm webrender,,77,ms,geckoview,,1758844970,2023-09-19 06:42:05,1302480,,,,,,,,,,,,,,,,,,,,,,,,,,,,,,,,,,,,,,,,,,,,,,,,,TN
627,f257c2f8440fe82c3833f2d719a2bf3420df9120,0.04053965551116645,autoland,4366813,13,930eca14459531ff5483e56979276f480af08a6a,android-hw-a51-11-0-aarch64-shippable-qr,True,False,,|w|a|r|m| |w|e|b|r|e|n|d|e|r|,102210fe594ee9b33d82058545b1ed14f4c8206e,PerceptualSpeedIndex,ebay-kleinanzeigen,True,ebay-kleinanzeigen PerceptualSpeedIndex opt warm webrender,,77,ms,geckoview,,1758905613,2023-09-19 10:00:51,1302573,,,,,,,,,,,,,,,,,,,,,,,,,,,,,,,,,,,,,,,,,,,,,,,,,TN
628,dd890d993c3039c40d9a50218bd3284a9810cc85,0.04794027113759902,autoland,4366813,13,930eca14459531ff5483e56979276f480af08a6a,android-hw-a51-11-0-aarch64-shippable-qr,True,False,,|w|a|r|m| |w|e|b|r|e|n|d|e|r|,102210fe594ee9b33d82058545b1ed14f4c8206e,PerceptualSpeedIndex,ebay-kleinanzeigen,True,ebay-kleinanzeigen PerceptualSpeedIndex opt warm webrender,,77,ms,geckoview,,1759050277,2023-09-19 13:32:40,1302692,,,,,,,,,,,,,,,,,,,,,,,,,,,,,,,,,,,,,,,,,,,,,,,,,TN
629,e9e7852ce74f241f2a4f0ffac475410d0ea9a8a4,0.06398585369048404,autoland,4366813,13,930eca14459531ff5483e56979276f480af08a6a,android-hw-a51-11-0-aarch64-shippable-qr,True,False,,|w|a|r|m| |w|e|b|r|e|n|d|e|r|,102210fe594ee9b33d82058545b1ed14f4c8206e,PerceptualSpeedIndex,ebay-kleinanzeigen,True,ebay-kleinanzeigen PerceptualSpeedIndex opt warm webrender,,77,ms,geckoview,,1759174342,2023-09-19 16:21:41,1302819,,,,,,,,,,,,,,,,,,,,,,,,,,,,,,,,,,,,,,,,,,,,,,,,,TN
630,f97675e331c2e3f8e3a7649cb722085b3360163c,0.053769074595585775,autoland,4366813,13,930eca14459531ff5483e56979276f480af08a6a,android-hw-a51-11-0-aarch64-shippable-qr,True,False,,|w|a|r|m| |w|e|b|r|e|n|d|e|r|,102210fe594ee9b33d82058545b1ed14f4c8206e,PerceptualSpeedIndex,ebay-kleinanzeigen,True,ebay-kleinanzeigen PerceptualSpeedIndex opt warm webrender,,77,ms,geckoview,,1759350848,2023-09-19 20:31:47,1303015,,,,,,,,,,,,,,,,,,,,,,,,,,,,,,,,,,,,,,,,,,,,,,,,,TN
631,abf74735208c16d3b467c2acb344f3030fc5aacb,0.05501342589560554,autoland,4366813,13,930eca14459531ff5483e56979276f480af08a6a,android-hw-a51-11-0-aarch64-shippable-qr,True,False,,|w|a|r|m| |w|e|b|r|e|n|d|e|r|,102210fe594ee9b33d82058545b1ed14f4c8206e,PerceptualSpeedIndex,ebay-kleinanzeigen,True,ebay-kleinanzeigen PerceptualSpeedIndex opt warm webrender,,77,ms,geckoview,,1759329519,2023-09-19 20:45:08,1303026,,,,,,,,,,,,,,,,,,,,,,,,,,,,,,,,,,,,,,,,,,,,,,,,,TN
632,71a9b5a8ec8503f993e8d7e8f1b2b98ff57ed283,0.0465649354902089,autoland,4366813,13,930eca14459531ff5483e56979276f480af08a6a,android-hw-a51-11-0-aarch64-shippable-qr,True,False,,|w|a|r|m| |w|e|b|r|e|n|d|e|r|,102210fe594ee9b33d82058545b1ed14f4c8206e,PerceptualSpeedIndex,ebay-kleinanzeigen,True,ebay-kleinanzeigen PerceptualSpeedIndex opt warm webrender,,77,ms,geckoview,,1759442097,2023-09-20 00:59:14,1303207,,,,,,,,,,,,,,,,,,,,,,,,,,,,,,,,,,,,,,,,,,,,,,,,,TN
633,71c800e8074fa9f5e246acbf09097a0f15d4eb09,0.06437880673259544,autoland,4366813,13,930eca14459531ff5483e56979276f480af08a6a,android-hw-a51-11-0-aarch64-shippable-qr,True,False,,|w|a|r|m| |w|e|b|r|e|n|d|e|r|,102210fe594ee9b33d82058545b1ed14f4c8206e,PerceptualSpeedIndex,ebay-kleinanzeigen,True,ebay-kleinanzeigen PerceptualSpeedIndex opt warm webrender,,77,ms,geckoview,,1759530697,2023-09-20 05:02:26,1303254,,,,,,,,,,,,,,,,,,,,,,,,,,,,,,,,,,,,,,,,,,,,,,,,,TN
634,2664490a1b4aeb2b2bd98c81ac43b68b1a24ea2f,0.0658196345536709,autoland,4366813,13,930eca14459531ff5483e56979276f480af08a6a,android-hw-a51-11-0-aarch64-shippable-qr,True,False,,|w|a|r|m| |w|e|b|r|e|n|d|e|r|,102210fe594ee9b33d82058545b1ed14f4c8206e,PerceptualSpeedIndex,ebay-kleinanzeigen,True,ebay-kleinanzeigen PerceptualSpeedIndex opt warm webrender,,77,ms,geckoview,,1759636344,2023-09-20 09:03:21,1303343,,,,,,,,,,,,,,,,,,,,,,,,,,,,,,,,,,,,,,,,,,,,,,,,,TN
635,e11a98968ec15b84dc772d997bc0789a0a078549,0.063723884995743,autoland,4366813,13,930eca14459531ff5483e56979276f480af08a6a,android-hw-a51-11-0-aarch64-shippable-qr,True,False,,|w|a|r|m| |w|e|b|r|e|n|d|e|r|,102210fe594ee9b33d82058545b1ed14f4c8206e,PerceptualSpeedIndex,ebay-kleinanzeigen,True,ebay-kleinanzeigen PerceptualSpeedIndex opt warm webrender,,77,ms,geckoview,,1759776547,2023-09-20 10:40:44,1303401,,,,,,,,,,,,,,,,,,,,,,,,,,,,,,,,,,,,,,,,,,,,,,,,,TN
636,5baf76c5d8f19d35c8e7710816a726d92cfff8bb,0.07073154758006428,autoland,4366813,13,930eca14459531ff5483e56979276f480af08a6a,android-hw-a51-11-0-aarch64-shippable-qr,True,False,,|w|a|r|m| |w|e|b|r|e|n|d|e|r|,102210fe594ee9b33d82058545b1ed14f4c8206e,PerceptualSpeedIndex,ebay-kleinanzeigen,True,ebay-kleinanzeigen PerceptualSpeedIndex opt warm webrender,,77,ms,geckoview,,1759909392,2023-09-20 14:03:46,1303541,,,,,,,,,,,,,,,,,,,,,,,,,,,,,,,,,,,,,,,,,,,,,,,,,TN
637,07c4a658632d6c11d371f974b56a6365212bef62,0.05160783286397275,autoland,4366813,13,930eca14459531ff5483e56979276f480af08a6a,android-hw-a51-11-0-aarch64-shippable-qr,True,False,,|w|a|r|m| |w|e|b|r|e|n|d|e|r|,102210fe594ee9b33d82058545b1ed14f4c8206e,PerceptualSpeedIndex,ebay-kleinanzeigen,True,ebay-kleinanzeigen PerceptualSpeedIndex opt warm webrender,,77,ms,geckoview,,1760007968,2023-09-20 17:47:40,1303718,,,,,,,,,,,,,,,,,,,,,,,,,,,,,,,,,,,,,,,,,,,,,,,,,TN
638,137b5966e6ec0a63006a36cac0a3f1c4e3f5cefe,0.04708887287969088,autoland,4366813,13,930eca14459531ff5483e56979276f480af08a6a,android-hw-a51-11-0-aarch64-shippable-qr,True,False,,|w|a|r|m| |w|e|b|r|e|n|d|e|r|,102210fe594ee9b33d82058545b1ed14f4c8206e,PerceptualSpeedIndex,ebay-kleinanzeigen,True,ebay-kleinanzeigen PerceptualSpeedIndex opt warm webrender,,77,ms,geckoview,,1760089696,2023-09-20 21:06:43,1303845,,,,,,,,,,,,,,,,,,,,,,,,,,,,,,,,,,,,,,,,,,,,,,,,,TN
639,a94c799a5be0d573f8c654b43966b4b772ded228,0.04512410766913355,autoland,4366813,13,930eca14459531ff5483e56979276f480af08a6a,android-hw-a51-11-0-aarch64-shippable-qr,True,False,,|w|a|r|m| |w|e|b|r|e|n|d|e|r|,102210fe594ee9b33d82058545b1ed14f4c8206e,PerceptualSpeedIndex,ebay-kleinanzeigen,True,ebay-kleinanzeigen PerceptualSpeedIndex opt warm webrender,,77,ms,geckoview,,1760139918,2023-09-20 23:02:53,1303924,,,,,,,,,,,,,,,,,,,,,,,,,,,,,,,,,,,,,,,,,,,,,,,,,TN
640,7c6496f92bb0572d56513d645f3d6201f77a5653,0.05927041718514636,autoland,4366813,13,930eca14459531ff5483e56979276f480af08a6a,android-hw-a51-11-0-aarch64-shippable-qr,True,False,,|w|a|r|m| |w|e|b|r|e|n|d|e|r|,102210fe594ee9b33d82058545b1ed14f4c8206e,PerceptualSpeedIndex,ebay-kleinanzeigen,True,ebay-kleinanzeigen PerceptualSpeedIndex opt warm webrender,,77,ms,geckoview,,1760250538,2023-09-21 04:47:54,1304025,,,,,,,,,,,,,,,,,,,,,,,,,,,,,,,,,,,,,,,,,,,,,,,,,TN
641,e98350675c5a294fe5c7a4138a5b16c4f6992907,0.06280699456414962,autoland,4366813,13,930eca14459531ff5483e56979276f480af08a6a,android-hw-a51-11-0-aarch64-shippable-qr,True,False,,|w|a|r|m| |w|e|b|r|e|n|d|e|r|,102210fe594ee9b33d82058545b1ed14f4c8206e,PerceptualSpeedIndex,ebay-kleinanzeigen,True,ebay-kleinanzeigen PerceptualSpeedIndex opt warm webrender,,77,ms,geckoview,,1760389124,2023-09-21 08:45:10,1304121,,,,,,,,,,,,,,,,,,,,,,,,,,,,,,,,,,,,,,,,,,,,,,,,,TN
642,bd8d8c1ecad7cda50d42ce2dfde7fabc50a48948,0.05219726242713996,autoland,4366813,13,930eca14459531ff5483e56979276f480af08a6a,android-hw-a51-11-0-aarch64-shippable-qr,True,False,,|w|a|r|m| |w|e|b|r|e|n|d|e|r|,102210fe594ee9b33d82058545b1ed14f4c8206e,PerceptualSpeedIndex,ebay-kleinanzeigen,True,ebay-kleinanzeigen PerceptualSpeedIndex opt warm webrender,,77,ms,geckoview,,1760520479,2023-09-21 12:54:54,1304268,,,,,,,,,,,,,,,,,,,,,,,,,,,,,,,,,,,,,,,,,,,,,,,,,TN
643,6e82382700fc8345a06dc3efd346a25826fa1bf2,0.04990503634815635,autoland,4366813,13,930eca14459531ff5483e56979276f480af08a6a,android-hw-a51-11-0-aarch64-shippable-qr,True,False,,|w|a|r|m| |w|e|b|r|e|n|d|e|r|,102210fe594ee9b33d82058545b1ed14f4c8206e,PerceptualSpeedIndex,ebay-kleinanzeigen,True,ebay-kleinanzeigen PerceptualSpeedIndex opt warm webrender,,77,ms,geckoview,,1760548179,2023-09-21 14:02:07,1304316,,,,,,,,,,,,,,,,,,,,,,,,,,,,,,,,,,,,,,,,,,,,,,,,,TN
644,114bde678f299872db02fe1116ecfd3a7ada9381,0.049970528521841695,autoland,4366813,13,930eca14459531ff5483e56979276f480af08a6a,android-hw-a51-11-0-aarch64-shippable-qr,True,False,,|w|a|r|m| |w|e|b|r|e|n|d|e|r|,102210fe594ee9b33d82058545b1ed14f4c8206e,PerceptualSpeedIndex,ebay-kleinanzeigen,True,ebay-kleinanzeigen PerceptualSpeedIndex opt warm webrender,,77,ms,geckoview,,1760685876,2023-09-21 18:54:27,1304515,,,,,,,,,,,,,,,,,,,,,,,,,,,,,,,,,,,,,,,,,,,,,,,,,TN
645,86fd71ad69b346f713966a8f18ec97a5b99a0aee,0.05507891806929066,autoland,4366813,13,930eca14459531ff5483e56979276f480af08a6a,android-hw-a51-11-0-aarch64-shippable-qr,True,False,,|w|a|r|m| |w|e|b|r|e|n|d|e|r|,102210fe594ee9b33d82058545b1ed14f4c8206e,PerceptualSpeedIndex,ebay-kleinanzeigen,True,ebay-kleinanzeigen PerceptualSpeedIndex opt warm webrender,,77,ms,geckoview,,1760709273,2023-09-21 19:19:33,1304533,,,,,,,,,,,,,,,,,,,,,,,,,,,,,,,,,,,,,,,,,,,,,,,,,TN
646,efa8aa7a4f5484f349595a2c97ba6a2c6f214c66,0.06261051804309381,autoland,4366813,13,930eca14459531ff5483e56979276f480af08a6a,android-hw-a51-11-0-aarch64-shippable-qr,True,False,,|w|a|r|m| |w|e|b|r|e|n|d|e|r|,102210fe594ee9b33d82058545b1ed14f4c8206e,PerceptualSpeedIndex,ebay-kleinanzeigen,True,ebay-kleinanzeigen PerceptualSpeedIndex opt warm webrender,,77,ms,geckoview,,1760779009,2023-09-21 23:47:59,1304690,,,,,,,,,,,,,,,,,,,,,,,,,,,,,,,,,,,,,,,,,,,,,,,,,TN
647,2de4a198348cc150a0c3ce328c42beade9646190,0.0643133145589102,autoland,4366813,13,930eca14459531ff5483e56979276f480af08a6a,android-hw-a51-11-0-aarch64-shippable-qr,True,False,,|w|a|r|m| |w|e|b|r|e|n|d|e|r|,102210fe594ee9b33d82058545b1ed14f4c8206e,PerceptualSpeedIndex,ebay-kleinanzeigen,True,ebay-kleinanzeigen PerceptualSpeedIndex opt warm webrender,,77,ms,geckoview,,1760879762,2023-09-22 04:42:00,1304767,,,,,,,,,,,,,,,,,,,,,,,,,,,,,,,,,,,,,,,,,,,,,,,,,TN
648,6da1ce80e10cc6744801930434a44df21da87140,0.06018730761673985,autoland,4366813,13,930eca14459531ff5483e56979276f480af08a6a,android-hw-a51-11-0-aarch64-shippable-qr,True,False,,|w|a|r|m| |w|e|b|r|e|n|d|e|r|,102210fe594ee9b33d82058545b1ed14f4c8206e,PerceptualSpeedIndex,ebay-kleinanzeigen,True,ebay-kleinanzeigen PerceptualSpeedIndex opt warm webrender,,77,ms,geckoview,,1761056048,2023-09-22 11:33:15,1304916,,,,,,,,,,,,,,,,,,,,,,,,,,,,,,,,,,,,,,,,,,,,,,,,,TN
649,d244d17a8e9ac94aa05c3bf0c2659104c7b15f76,0.05049446591132356,autoland,4366813,13,930eca14459531ff5483e56979276f480af08a6a,android-hw-a51-11-0-aarch64-shippable-qr,True,False,,|w|a|r|m| |w|e|b|r|e|n|d|e|r|,102210fe594ee9b33d82058545b1ed14f4c8206e,PerceptualSpeedIndex,ebay-kleinanzeigen,True,ebay-kleinanzeigen PerceptualSpeedIndex opt warm webrender,,77,ms,geckoview,,1761148890,2023-09-22 15:35:17,1305037,,,,,,,,,,,,,,,,,,,,,,,,,,,,,,,,,,,,,,,,,,,,,,,,,TN
650,aee77156969b7d1f696e8952bc590e1449a16f85,0.0614316589167595,autoland,4366813,13,930eca14459531ff5483e56979276f480af08a6a,android-hw-a51-11-0-aarch64-shippable-qr,True,False,,|w|a|r|m| |w|e|b|r|e|n|d|e|r|,102210fe594ee9b33d82058545b1ed14f4c8206e,PerceptualSpeedIndex,ebay-kleinanzeigen,True,ebay-kleinanzeigen PerceptualSpeedIndex opt warm webrender,,77,ms,geckoview,,1761150029,2023-09-22 16:10:00,1305065,,,,,,,,,,,,,,,,,,,,,,,,,,,,,,,,,,,,,,,,,,,,,,,,,TN
651,80cfc74bb77e6c4abfd0d70c51b274e4b036a05b,0.06614709542209707,autoland,4366813,13,930eca14459531ff5483e56979276f480af08a6a,android-hw-a51-11-0-aarch64-shippable-qr,True,False,,|w|a|r|m| |w|e|b|r|e|n|d|e|r|,102210fe594ee9b33d82058545b1ed14f4c8206e,PerceptualSpeedIndex,ebay-kleinanzeigen,True,ebay-kleinanzeigen PerceptualSpeedIndex opt warm webrender,,77,ms,geckoview,,1761204680,2023-09-22 20:28:01,1305231,,,,,,,,,,,,,,,,,,,,,,,,,,,,,,,,,,,,,,,,,,,,,,,,,TN
652,5ce53217bf3e4d42db88aab74741654bfc634cc8,0.04866068504813681,autoland,4366813,13,930eca14459531ff5483e56979276f480af08a6a,android-hw-a51-11-0-aarch64-shippable-qr,True,False,,|w|a|r|m| |w|e|b|r|e|n|d|e|r|,102210fe594ee9b33d82058545b1ed14f4c8206e,PerceptualSpeedIndex,ebay-kleinanzeigen,True,ebay-kleinanzeigen PerceptualSpeedIndex opt warm webrender,,77,ms,geckoview,,1761307207,2023-09-23 00:28:09,1305322,,,,,,,,,,,,,,,,,,,,,,,,,,,,,,,,,,,,,,,,,,,,,,,,,TN
653,1d9627a1274de78256ecdee1e8058e6b32392404,0.05756762066933008,autoland,4366813,13,930eca14459531ff5483e56979276f480af08a6a,android-hw-a51-11-0-aarch64-shippable-qr,True,False,,|w|a|r|m| |w|e|b|r|e|n|d|e|r|,102210fe594ee9b33d82058545b1ed14f4c8206e,PerceptualSpeedIndex,ebay-kleinanzeigen,True,ebay-kleinanzeigen PerceptualSpeedIndex opt warm webrender,,77,ms,geckoview,,1761322415,2023-09-23 00:41:33,1305328,,,,,,,,,,,,,,,,,,,,,,,,,,,,,,,,,,,,,,,,,,,,,,,,,TN
654,e85748b0b9880ee586b2c155a4d84c1cdf3f31b4,0.06667103281157905,autoland,4366813,13,930eca14459531ff5483e56979276f480af08a6a,android-hw-a51-11-0-aarch64-shippable-qr,True,False,,|w|a|r|m| |w|e|b|r|e|n|d|e|r|,102210fe594ee9b33d82058545b1ed14f4c8206e,PerceptualSpeedIndex,ebay-kleinanzeigen,True,ebay-kleinanzeigen PerceptualSpeedIndex opt warm webrender,,77,ms,geckoview,,1761434047,2023-09-23 16:39:34,1305402,,,,,,,,,,,,,,,,,,,,,,,,,,,,,,,,,,,,,,,,,,,,,,,,,TN
655,f4a2f296a2ea585882f2a2a627c036538eb875b0,0.05390005894295635,autoland,4366813,13,930eca14459531ff5483e56979276f480af08a6a,android-hw-a51-11-0-aarch64-shippable-qr,True,False,,|w|a|r|m| |w|e|b|r|e|n|d|e|r|,102210fe594ee9b33d82058545b1ed14f4c8206e,PerceptualSpeedIndex,ebay-kleinanzeigen,True,ebay-kleinanzeigen PerceptualSpeedIndex opt warm webrender,,77,ms,geckoview,,1761481739,2023-09-23 21:16:13,1305420,,,,,,,,,,,,,,,,,,,,,,,,,,,,,,,,,,,,,,,,,,,,,,,,,TN
656,68035862c82691cc5ad039c1067c1fd24d048350,0.05226275460082519,autoland,4366813,13,930eca14459531ff5483e56979276f480af08a6a,android-hw-a51-11-0-aarch64-shippable-qr,True,False,,|w|a|r|m| |w|e|b|r|e|n|d|e|r|,102210fe594ee9b33d82058545b1ed14f4c8206e,PerceptualSpeedIndex,ebay-kleinanzeigen,True,ebay-kleinanzeigen PerceptualSpeedIndex opt warm webrender,,77,ms,geckoview,,1761674316,2023-09-25 06:00:52,1305598,,,,,,,,,,,,,,,,,,,,,,,,,,,,,,,,,,,,,,,,,,,,,,,,,TN
657,27778dad58d148bf24097e327e55eb3b8631b902,0.06595061890104137,autoland,4366813,13,930eca14459531ff5483e56979276f480af08a6a,android-hw-a51-11-0-aarch64-shippable-qr,True,False,,|w|a|r|m| |w|e|b|r|e|n|d|e|r|,102210fe594ee9b33d82058545b1ed14f4c8206e,PerceptualSpeedIndex,ebay-kleinanzeigen,True,ebay-kleinanzeigen PerceptualSpeedIndex opt warm webrender,,77,ms,geckoview,,1761718640,2023-09-25 08:45:06,1305656,,,,,,,,,,,,,,,,,,,,,,,,,,,,,,,,,,,,,,,,,,,,,,,,,TN
658,9a8976307af6049000ae1a1623fd71bd62850a10,0.05101840330080554,autoland,4366813,13,930eca14459531ff5483e56979276f480af08a6a,android-hw-a51-11-0-aarch64-shippable-qr,True,False,,|w|a|r|m| |w|e|b|r|e|n|d|e|r|,102210fe594ee9b33d82058545b1ed14f4c8206e,PerceptualSpeedIndex,ebay-kleinanzeigen,True,ebay-kleinanzeigen PerceptualSpeedIndex opt warm webrender,,77,ms,geckoview,,1761847340,2023-09-25 12:33:35,1305791,,,,,,,,,,,,,,,,,,,,,,,,,,,,,,,,,,,,,,,,,,,,,,,,,TN
659,6a7f708c3d0458c9b30efa2bdfde6e7812554d1e,0.05206627807976949,autoland,4366813,13,930eca14459531ff5483e56979276f480af08a6a,android-hw-a51-11-0-aarch64-shippable-qr,True,False,,|w|a|r|m| |w|e|b|r|e|n|d|e|r|,102210fe594ee9b33d82058545b1ed14f4c8206e,PerceptualSpeedIndex,ebay-kleinanzeigen,True,ebay-kleinanzeigen PerceptualSpeedIndex opt warm webrender,,77,ms,geckoview,,1762060185,2023-09-25 20:45:54,1306210,,,,,,,,,,,,,,,,,,,,,,,,,,,,,,,,,,,,,,,,,,,,,,,,,TN
660,844608487349450c789be0794a915bb90d90b133,0.04256991289540901,autoland,4366813,13,930eca14459531ff5483e56979276f480af08a6a,android-hw-a51-11-0-aarch64-shippable-qr,True,False,,|w|a|r|m| |w|e|b|r|e|n|d|e|r|,102210fe594ee9b33d82058545b1ed14f4c8206e,PerceptualSpeedIndex,ebay-kleinanzeigen,True,ebay-kleinanzeigen PerceptualSpeedIndex opt warm webrender,,77,ms,geckoview,,1762124038,2023-09-26 00:20:03,1306338,,,,,,,,,,,,,,,,,,,,,,,,,,,,,,,,,,,,,,,,,,,,,,,,,TN
661,5c61430973af5452b01293947d0f76b758b97c28,0.04866068504813681,autoland,4366813,13,930eca14459531ff5483e56979276f480af08a6a,android-hw-a51-11-0-aarch64-shippable-qr,True,False,,|w|a|r|m| |w|e|b|r|e|n|d|e|r|,102210fe594ee9b33d82058545b1ed14f4c8206e,PerceptualSpeedIndex,ebay-kleinanzeigen,True,ebay-kleinanzeigen PerceptualSpeedIndex opt warm webrender,,77,ms,geckoview,,1762212238,2023-09-26 05:18:37,1306392,,,,,,,,,,,,,,,,,,,,,,,,,,,,,,,,,,,,,,,,,,,,,,,,,TN
662,920e4f82b3485f132edc7f551ecd9334fa702021,0.048005763311284366,autoland,4366813,13,930eca14459531ff5483e56979276f480af08a6a,android-hw-a51-11-0-aarch64-shippable-qr,True,False,,|w|a|r|m| |w|e|b|r|e|n|d|e|r|,102210fe594ee9b33d82058545b1ed14f4c8206e,PerceptualSpeedIndex,ebay-kleinanzeigen,True,ebay-kleinanzeigen PerceptualSpeedIndex opt warm webrender,,77,ms,geckoview,,1762279937,2023-09-26 07:48:07,1306435,,,,,,,,,,,,,,,,,,,,,,,,,,,,,,,,,,,,,,,,,,,,,,,,,TN
663,e60c3407f3620f94624c0ac7484a7d1b257be989,0.06437880673259544,autoland,4366813,13,930eca14459531ff5483e56979276f480af08a6a,android-hw-a51-11-0-aarch64-shippable-qr,True,False,,|w|a|r|m| |w|e|b|r|e|n|d|e|r|,102210fe594ee9b33d82058545b1ed14f4c8206e,PerceptualSpeedIndex,ebay-kleinanzeigen,True,ebay-kleinanzeigen PerceptualSpeedIndex opt warm webrender,,77,ms,geckoview,,1762417801,2023-09-26 12:02:33,1306598,,,,,,,,,,,,,,,,,,,,,,,,,,,,,,,,,,,,,,,,,,,,,,,,,TN
664,f6c351ade4f28a1ce3843d0af7e5ec35b37a3576,0.047612810269172856,autoland,4366813,13,930eca14459531ff5483e56979276f480af08a6a,android-hw-a51-11-0-aarch64-shippable-qr,True,False,,|w|a|r|m| |w|e|b|r|e|n|d|e|r|,102210fe594ee9b33d82058545b1ed14f4c8206e,PerceptualSpeedIndex,ebay-kleinanzeigen,True,ebay-kleinanzeigen PerceptualSpeedIndex opt warm webrender,,77,ms,geckoview,,1762512136,2023-09-26 15:03:48,1306757,,,,,,,,,,,,,,,,,,,,,,,,,,,,,,,,,,,,,,,,,,,,,,,,,TN
665,7a98d860920f5f74014454ce20ec6739e8a16878,0.04852970070076623,autoland,4366813,13,930eca14459531ff5483e56979276f480af08a6a,android-hw-a51-11-0-aarch64-shippable-qr,True,False,,|w|a|r|m| |w|e|b|r|e|n|d|e|r|,102210fe594ee9b33d82058545b1ed14f4c8206e,PerceptualSpeedIndex,ebay-kleinanzeigen,True,ebay-kleinanzeigen PerceptualSpeedIndex opt warm webrender,,77,ms,geckoview,,1762688095,2023-09-26 21:35:50,1307018,,,,,,,,,,,,,,,,,,,,,,,,,,,,,,,,,,,,,,,,,,,,,,,,,TN
666,583cfd323dab818e35dc1f15fa3e92a503e56e11,0.04630296679546797,autoland,4366813,13,930eca14459531ff5483e56979276f480af08a6a,android-hw-a51-11-0-aarch64-shippable-qr,True,False,,|w|a|r|m| |w|e|b|r|e|n|d|e|r|,102210fe594ee9b33d82058545b1ed14f4c8206e,PerceptualSpeedIndex,ebay-kleinanzeigen,True,ebay-kleinanzeigen PerceptualSpeedIndex opt warm webrender,,77,ms,geckoview,,1762753174,2023-09-27 02:35:37,1307110,,,,,,,,,,,,,,,,,,,,,,,,,,,,,,,,,,,,,,,,,,,,,,,,,TN
667,82ae09837aed66d319e3280febbf971a401bd8a6,0.08382998231711314,autoland,4366813,13,930eca14459531ff5483e56979276f480af08a6a,android-hw-a51-11-0-aarch64-shippable-qr,True,False,,|w|a|r|m| |w|e|b|r|e|n|d|e|r|,102210fe594ee9b33d82058545b1ed14f4c8206e,PerceptualSpeedIndex,ebay-kleinanzeigen,True,ebay-kleinanzeigen PerceptualSpeedIndex opt warm webrender,,77,ms,geckoview,,1762864587,2023-09-27 06:23:31,1307163,,,,,,,,,,,,,,,,,,,,,,,,,,,,,,,,,,,,,,,,,,,,,,,,,TN
668,a1a8c2eeff55a4651fa01530fa3ec3ab3bec9b31,0.050952911127120304,autoland,4366813,13,930eca14459531ff5483e56979276f480af08a6a,android-hw-a51-11-0-aarch64-shippable-qr,True,False,,|w|a|r|m| |w|e|b|r|e|n|d|e|r|,102210fe594ee9b33d82058545b1ed14f4c8206e,PerceptualSpeedIndex,ebay-kleinanzeigen,True,ebay-kleinanzeigen PerceptualSpeedIndex opt warm webrender,,77,ms,geckoview,,1763014508,2023-09-27 10:25:54,1307283,,,,,,,,,,,,,,,,,,,,,,,,,,,,,,,,,,,,,,,,,,,,,,,,,TN
669,af764baf74a1dd0e0b863a8cf26c25266bdcbc14,0.05245923112188089,autoland,4366813,13,930eca14459531ff5483e56979276f480af08a6a,android-hw-a51-11-0-aarch64-shippable-qr,True,False,,|w|a|r|m| |w|e|b|r|e|n|d|e|r|,102210fe594ee9b33d82058545b1ed14f4c8206e,PerceptualSpeedIndex,ebay-kleinanzeigen,True,ebay-kleinanzeigen PerceptualSpeedIndex opt warm webrender,,77,ms,geckoview,,1763025057,2023-09-27 10:32:06,1307289,,,,,,,,,,,,,,,,,,,,,,,,,,,,,,,,,,,,,,,,,,,,,,,,,TN
670,42b4fa32b69deff886ea9bc4f4f7fb94391b751a,0.04682690418494995,autoland,4366813,13,930eca14459531ff5483e56979276f480af08a6a,android-hw-a51-11-0-aarch64-shippable-qr,True,False,,|w|a|r|m| |w|e|b|r|e|n|d|e|r|,102210fe594ee9b33d82058545b1ed14f4c8206e,PerceptualSpeedIndex,ebay-kleinanzeigen,True,ebay-kleinanzeigen PerceptualSpeedIndex opt warm webrender,,77,ms,geckoview,,1763203297,2023-09-27 14:48:02,1307439,,,,,,,,,,,,,,,,,,,,,,,,,,,,,,,,,,,,,,,,,,,,,,,,,TN
671,7768cf51f090145a9009fb37298f3c1da7d60a2f,0.045779029405985994,autoland,4366813,13,930eca14459531ff5483e56979276f480af08a6a,android-hw-a51-11-0-aarch64-shippable-qr,True,False,,|w|a|r|m| |w|e|b|r|e|n|d|e|r|,102210fe594ee9b33d82058545b1ed14f4c8206e,PerceptualSpeedIndex,ebay-kleinanzeigen,True,ebay-kleinanzeigen PerceptualSpeedIndex opt warm webrender,,77,ms,geckoview,,1763301974,2023-09-27 17:53:51,1307581,,,,,,,,,,,,,,,,,,,,,,,,,,,,,,,,,,,,,,,,,,,,,,,,,TN
672,d60788c1a5064d4f45dd33001554cde650df86be,0.04885716156919251,autoland,4366813,13,930eca14459531ff5483e56979276f480af08a6a,android-hw-a51-11-0-aarch64-shippable-qr,True,False,,|w|a|r|m| |w|e|b|r|e|n|d|e|r|,102210fe594ee9b33d82058545b1ed14f4c8206e,PerceptualSpeedIndex,ebay-kleinanzeigen,True,ebay-kleinanzeigen PerceptualSpeedIndex opt warm webrender,,77,ms,geckoview,,1763500596,2023-09-27 23:11:22,1307771,,,,,,,,,,,,,,,,,,,,,,,,,,,,,,,,,,,,,,,,,,,,,,,,,TN
673,d1fc71cc3817fe3529b10939ed53c1d395a346fa,0.049381098958674485,autoland,4366813,13,930eca14459531ff5483e56979276f480af08a6a,android-hw-a51-11-0-aarch64-shippable-qr,True,False,,|w|a|r|m| |w|e|b|r|e|n|d|e|r|,102210fe594ee9b33d82058545b1ed14f4c8206e,PerceptualSpeedIndex,ebay-kleinanzeigen,True,ebay-kleinanzeigen PerceptualSpeedIndex opt warm webrender,,77,ms,geckoview,,1763688862,2023-09-28 04:14:46,1307836,,,,,,,,,,,,,,,,,,,,,,,,,,,,,,,,,,,,,,,,,,,,,,,,,TN
674,d330b8e9f58e1065d1ca63ac5f284f7d1865e83c,0.048398716353395765,autoland,4366813,13,930eca14459531ff5483e56979276f480af08a6a,android-hw-a51-11-0-aarch64-shippable-qr,True,False,,|w|a|r|m| |w|e|b|r|e|n|d|e|r|,102210fe594ee9b33d82058545b1ed14f4c8206e,PerceptualSpeedIndex,ebay-kleinanzeigen,True,ebay-kleinanzeigen PerceptualSpeedIndex opt warm webrender,,77,ms,geckoview,,1763790400,2023-09-28 08:00:04,1307885,,,,,,,,,,,,,,,,,,,,,,,,,,,,,,,,,,,,,,,,,,,,,,,,,TN
675,a5fd40a8bf47afafdda240c7b8f1b1b911d2d937,0.04571353723230076,autoland,4366813,13,930eca14459531ff5483e56979276f480af08a6a,android-hw-a51-11-0-aarch64-shippable-qr,True,False,,|w|a|r|m| |w|e|b|r|e|n|d|e|r|,102210fe594ee9b33d82058545b1ed14f4c8206e,PerceptualSpeedIndex,ebay-kleinanzeigen,True,ebay-kleinanzeigen PerceptualSpeedIndex opt warm webrender,,77,ms,geckoview,,1763904633,2023-09-28 11:44:43,1308037,,,,,,,,,,,,,,,,,,,,,,,,,,,,,,,,,,,,,,,,,,,,,,,,,TN
676,0df79cc60ea0ef86258f3b33d533c75e91805d8b,0.04852970070076623,autoland,4366813,13,930eca14459531ff5483e56979276f480af08a6a,android-hw-a51-11-0-aarch64-shippable-qr,True,False,,|w|a|r|m| |w|e|b|r|e|n|d|e|r|,102210fe594ee9b33d82058545b1ed14f4c8206e,PerceptualSpeedIndex,ebay-kleinanzeigen,True,ebay-kleinanzeigen PerceptualSpeedIndex opt warm webrender,,77,ms,geckoview,,1764102226,2023-09-28 15:45:35,1308186,,,,,,,,,,,,,,,,,,,,,,,,,,,,,,,,,,,,,,,,,,,,,,,,,TN
677,a216736126b15f69ebee5d940a5c3394f95759cb,0.03909882769009099,autoland,4366813,13,930eca14459531ff5483e56979276f480af08a6a,android-hw-a51-11-0-aarch64-shippable-qr,True,False,,|w|a|r|m| |w|e|b|r|e|n|d|e|r|,102210fe594ee9b33d82058545b1ed14f4c8206e,PerceptualSpeedIndex,ebay-kleinanzeigen,True,ebay-kleinanzeigen PerceptualSpeedIndex opt warm webrender,,77,ms,geckoview,,1764086680,2023-09-28 16:38:20,1308227,,,,,,,,,,,,,,,,,,,,,,,,,,,,,,,,,,,,,,,,,,,,,,,,,TN
678,cd324cfaf45936b4670a6c0d15cbfe22d0e2f609,0.05442399633243822,autoland,4366813,13,930eca14459531ff5483e56979276f480af08a6a,android-hw-a51-11-0-aarch64-shippable-qr,True,False,,|w|a|r|m| |w|e|b|r|e|n|d|e|r|,102210fe594ee9b33d82058545b1ed14f4c8206e,PerceptualSpeedIndex,ebay-kleinanzeigen,True,ebay-kleinanzeigen PerceptualSpeedIndex opt warm webrender,,77,ms,geckoview,,1764170555,2023-09-28 19:24:36,1308380,,,,,,,,,,,,,,,,,,,,,,,,,,,,,,,,,,,,,,,,,,,,,,,,,TN
679,72bb9164219d9f54440ccfa7f55dc02f195190f9,0.05841901892723822,autoland,4366813,13,930eca14459531ff5483e56979276f480af08a6a,android-hw-a51-11-0-aarch64-shippable-qr,True,False,,|w|a|r|m| |w|e|b|r|e|n|d|e|r|,102210fe594ee9b33d82058545b1ed14f4c8206e,PerceptualSpeedIndex,ebay-kleinanzeigen,True,ebay-kleinanzeigen PerceptualSpeedIndex opt warm webrender,,77,ms,geckoview,,1764281399,2023-09-28 22:48:25,1308491,,,,,,,,,,,,,,,,,,,,,,,,,,,,,,,,,,,,,,,,,,,,,,,,,TN
680,4fd1c7c2dcf2973c3285d981e74b08dee641a0fc,0.0980417840068113,autoland,4366813,13,930eca14459531ff5483e56979276f480af08a6a,android-hw-a51-11-0-aarch64-shippable-qr,True,False,,|w|a|r|m| |w|e|b|r|e|n|d|e|r|,102210fe594ee9b33d82058545b1ed14f4c8206e,PerceptualSpeedIndex,ebay-kleinanzeigen,True,ebay-kleinanzeigen PerceptualSpeedIndex opt warm webrender,,77,ms,geckoview,,1764512669,2023-09-29 05:26:28,1308580,,,,,,,,,,,,,,,,,,,,,,,,,,,,,,,,,,,,,,,,,,,,,,,,,TN
681,6453cd78e4f187bc198e83900dd9937c3cc6d0fc,0.04767830244285809,autoland,4366813,13,930eca14459531ff5483e56979276f480af08a6a,android-hw-a51-11-0-aarch64-shippable-qr,True,False,,|w|a|r|m| |w|e|b|r|e|n|d|e|r|,102210fe594ee9b33d82058545b1ed14f4c8206e,PerceptualSpeedIndex,ebay-kleinanzeigen,True,ebay-kleinanzeigen PerceptualSpeedIndex opt warm webrender,,77,ms,geckoview,,1764595213,2023-09-29 09:03:41,1308650,,,,,,,,,,,,,,,,,,,,,,,,,,,,,,,,,,,,,,,,,,,,,,,,,TN
682,dfea5c2f2737b0334921941ecd0f5f235432942e,0.03431789901106819,autoland,4366813,13,930eca14459531ff5483e56979276f480af08a6a,android-hw-a51-11-0-aarch64-shippable-qr,True,False,,|w|a|r|m| |w|e|b|r|e|n|d|e|r|,102210fe594ee9b33d82058545b1ed14f4c8206e,PerceptualSpeedIndex,ebay-kleinanzeigen,True,ebay-kleinanzeigen PerceptualSpeedIndex opt warm webrender,,77,ms,geckoview,,1764756728,2023-09-29 13:06:51,1308761,,,,,,,,,,,,,,,,,,,,,,,,,,,,,,,,,,,,,,,,,,,,,,,,,TN
683,e2d3169fc579506294a164827b60ea38b9295bb1,0.04735084157443181,autoland,4366813,13,930eca14459531ff5483e56979276f480af08a6a,android-hw-a51-11-0-aarch64-shippable-qr,True,False,,|w|a|r|m| |w|e|b|r|e|n|d|e|r|,102210fe594ee9b33d82058545b1ed14f4c8206e,PerceptualSpeedIndex,ebay-kleinanzeigen,True,ebay-kleinanzeigen PerceptualSpeedIndex opt warm webrender,,77,ms,geckoview,,1764883024,2023-09-29 14:43:48,1308803,,,,,,,,,,,,,,,,,,,,,,,,,,,,,,,,,,,,,,,,,,,,,,,,,TN
684,c0cfc8c5836260ab8706d5b737a4f4f654da4610,0.04748182592180239,autoland,4366813,13,930eca14459531ff5483e56979276f480af08a6a,android-hw-a51-11-0-aarch64-shippable-qr,True,False,,|w|a|r|m| |w|e|b|r|e|n|d|e|r|,102210fe594ee9b33d82058545b1ed14f4c8206e,PerceptualSpeedIndex,ebay-kleinanzeigen,True,ebay-kleinanzeigen PerceptualSpeedIndex opt warm webrender,,77,ms,geckoview,,1765224577,2023-09-30 06:24:14,1309077,,,,,,,,,,,,,,,,,,,,,,,,,,,,,,,,,,,,,,,,,,,,,,,,,TN
685,0d5209658cf41a9d6d9f6c74890ecf69602525c4,0.06280699456414962,autoland,4366813,13,930eca14459531ff5483e56979276f480af08a6a,android-hw-a51-11-0-aarch64-shippable-qr,True,False,,|w|a|r|m| |w|e|b|r|e|n|d|e|r|,102210fe594ee9b33d82058545b1ed14f4c8206e,PerceptualSpeedIndex,ebay-kleinanzeigen,True,ebay-kleinanzeigen PerceptualSpeedIndex opt warm webrender,,77,ms,geckoview,,1765347470,2023-09-30 15:09:24,1309133,,,,,,,,,,,,,,,,,,,,,,,,,,,,,,,,,,,,,,,,,,,,,,,,,TN
686,8c9ba927121cd7f1cb5b31ffb86addc4c34b59a8,0.04139105376907459,autoland,4366813,13,930eca14459531ff5483e56979276f480af08a6a,android-hw-a51-11-0-aarch64-shippable-qr,True,False,,|w|a|r|m| |w|e|b|r|e|n|d|e|r|,102210fe594ee9b33d82058545b1ed14f4c8206e,PerceptualSpeedIndex,ebay-kleinanzeigen,True,ebay-kleinanzeigen PerceptualSpeedIndex opt warm webrender,,77,ms,geckoview,,1765351897,2023-09-30 15:56:32,1309136,,,,,,,,,,,,,,,,,,,,,,,,,,,,,,,,,,,,,,,,,,,,,,,,,TN
687,bacf4fcba00b9d708012b5c8144292e5362ed452,0.04296286593752041,autoland,4366813,13,930eca14459531ff5483e56979276f480af08a6a,android-hw-a51-11-0-aarch64-shippable-qr,True,False,,|w|a|r|m| |w|e|b|r|e|n|d|e|r|,102210fe594ee9b33d82058545b1ed14f4c8206e,PerceptualSpeedIndex,ebay-kleinanzeigen,True,ebay-kleinanzeigen PerceptualSpeedIndex opt warm webrender,,77,ms,geckoview,,1765380820,2023-09-30 20:01:07,1309152,,,,,,,,,,,,,,,,,,,,,,,,,,,,,,,,,,,,,,,,,,,,,,,,,TN
688,b781e655236dff9086d1be5c4b59b0263a9cee56,0.045189599842818784,autoland,4366813,13,930eca14459531ff5483e56979276f480af08a6a,android-hw-a51-11-0-aarch64-shippable-qr,True,False,,|w|a|r|m| |w|e|b|r|e|n|d|e|r|,102210fe594ee9b33d82058545b1ed14f4c8206e,PerceptualSpeedIndex,ebay-kleinanzeigen,True,ebay-kleinanzeigen PerceptualSpeedIndex opt warm webrender,,77,ms,geckoview,,1765439054,2023-10-01 02:27:22,1309171,,,,,,,,,,,,,,,,,,,,,,,,,,,,,,,,,,,,,,,,,,,,,,,,,TN
689,1abb269d873e8bda2c0fa1b4f26f481c89584ca6,0.05959787805357264,autoland,4366813,13,930eca14459531ff5483e56979276f480af08a6a,android-hw-a51-11-0-aarch64-shippable-qr,True,False,,|w|a|r|m| |w|e|b|r|e|n|d|e|r|,102210fe594ee9b33d82058545b1ed14f4c8206e,PerceptualSpeedIndex,ebay-kleinanzeigen,True,ebay-kleinanzeigen PerceptualSpeedIndex opt warm webrender,,77,ms,geckoview,,1765556243,2023-10-01 15:08:35,1309237,,,,,,,,,,,,,,,,,,,,,,,,,,,,,,,,,,,,,,,,,,,,,,,,,TN
690,72adc901a818435f7ba23e492963c7e1bf526be1,0.054358504158753096,autoland,4366813,13,930eca14459531ff5483e56979276f480af08a6a,android-hw-a51-11-0-aarch64-shippable-qr,True,False,,|w|a|r|m| |w|e|b|r|e|n|d|e|r|,102210fe594ee9b33d82058545b1ed14f4c8206e,PerceptualSpeedIndex,ebay-kleinanzeigen,True,ebay-kleinanzeigen PerceptualSpeedIndex opt warm webrender,,77,ms,geckoview,,1765604856,2023-10-01 19:57:41,1309256,,,,,,,,,,,,,,,,,,,,,,,,,,,,,,,,,,,,,,,,,,,,,,,,,TN
691,1c52958ae6ea59e32694986c0d6332b8171aca86,0.05527539459034647,autoland,4366813,13,930eca14459531ff5483e56979276f480af08a6a,android-hw-a51-11-0-aarch64-shippable-qr,True,False,,|w|a|r|m| |w|e|b|r|e|n|d|e|r|,102210fe594ee9b33d82058545b1ed14f4c8206e,PerceptualSpeedIndex,ebay-kleinanzeigen,True,ebay-kleinanzeigen PerceptualSpeedIndex opt warm webrender,,77,ms,geckoview,,1765607662,2023-10-01 20:03:17,1309258,,,,,,,,,,,,,,,,,,,,,,,,,,,,,,,,,,,,,,,,,,,,,,,,,TN
692,55fc90da3cff35171d66e3dcf280575bef8c17a6,0.06313445543257579,autoland,4366813,13,930eca14459531ff5483e56979276f480af08a6a,android-hw-a51-11-0-aarch64-shippable-qr,True,False,,|w|a|r|m| |w|e|b|r|e|n|d|e|r|,102210fe594ee9b33d82058545b1ed14f4c8206e,PerceptualSpeedIndex,ebay-kleinanzeigen,True,ebay-kleinanzeigen PerceptualSpeedIndex opt warm webrender,,77,ms,geckoview,,1765694328,2023-10-02 00:31:45,1309288,,,,,,,,,,,,,,,,,,,,,,,,,,,,,,,,,,,,,,,,,,,,,,,,,TN
693,318059aaa167779fcc844cbf085cb7ffacc47523,0.04099810072696308,autoland,4366813,13,930eca14459531ff5483e56979276f480af08a6a,android-hw-a51-11-0-aarch64-shippable-qr,True,False,,|w|a|r|m| |w|e|b|r|e|n|d|e|r|,102210fe594ee9b33d82058545b1ed14f4c8206e,PerceptualSpeedIndex,ebay-kleinanzeigen,True,ebay-kleinanzeigen PerceptualSpeedIndex opt warm webrender,,77,ms,geckoview,,1765911995,2023-10-02 11:08:53,1309454,,,,,,,,,,,,,,,,,,,,,,,,,,,,,,,,,,,,,,,,,,,,,,,,,TN
694,db33a2d0d6c36f0c15318f1c5ffaa7498a1ee4f3,0.04191499115855657,autoland,4366813,13,930eca14459531ff5483e56979276f480af08a6a,android-hw-a51-11-0-aarch64-shippable-qr,True,False,,|w|a|r|m| |w|e|b|r|e|n|d|e|r|,102210fe594ee9b33d82058545b1ed14f4c8206e,PerceptualSpeedIndex,ebay-kleinanzeigen,True,ebay-kleinanzeigen PerceptualSpeedIndex opt warm webrender,,77,ms,geckoview,,1766105011,2023-10-02 16:59:31,1309721,,,,,,,,,,,,,,,,,,,,,,,,,,,,,,,,,,,,,,,,,,,,,,,,,TN
695,0435b7e1340f2ced37216f0dd2fbf09a0a8f2cad,0.04748182592180239,autoland,4366813,13,930eca14459531ff5483e56979276f480af08a6a,android-hw-a51-11-0-aarch64-shippable-qr,True,False,,|w|a|r|m| |w|e|b|r|e|n|d|e|r|,102210fe594ee9b33d82058545b1ed14f4c8206e,PerceptualSpeedIndex,ebay-kleinanzeigen,True,ebay-kleinanzeigen PerceptualSpeedIndex opt warm webrender,,77,ms,geckoview,,1766162042,2023-10-02 20:46:43,1309872,,,,,,,,,,,,,,,,,,,,,,,,,,,,,,,,,,,,,,,,,,,,,,,,,TN
696,53af11a26cb69e0616d9f481f988276e0a6da93e,0.05363809024821542,autoland,4366813,13,930eca14459531ff5483e56979276f480af08a6a,android-hw-a51-11-0-aarch64-shippable-qr,True,False,,|w|a|r|m| |w|e|b|r|e|n|d|e|r|,102210fe594ee9b33d82058545b1ed14f4c8206e,PerceptualSpeedIndex,ebay-kleinanzeigen,True,ebay-kleinanzeigen PerceptualSpeedIndex opt warm webrender,,77,ms,geckoview,,1766404984,2023-10-03 05:01:50,1310080,,,,,,,,,,,,,,,,,,,,,,,,,,,,,,,,,,,,,,,,,,,,,,,,,TN
697,f003c74ca9f9399bc6db342491d997d682efc357,0.047612810269172856,autoland,4366813,13,930eca14459531ff5483e56979276f480af08a6a,android-hw-a51-11-0-aarch64-shippable-qr,True,False,,|w|a|r|m| |w|e|b|r|e|n|d|e|r|,102210fe594ee9b33d82058545b1ed14f4c8206e,PerceptualSpeedIndex,ebay-kleinanzeigen,True,ebay-kleinanzeigen PerceptualSpeedIndex opt warm webrender,,77,ms,geckoview,,1766692188,2023-10-03 11:04:59,1310236,,,,,,,,,,,,,,,,,,,,,,,,,,,,,,,,,,,,,,,,,,,,,,,,,TN
698,e17d7235b6833e36a524263990347804df15c7fb,0.05160783286397275,autoland,4366813,13,930eca14459531ff5483e56979276f480af08a6a,android-hw-a51-11-0-aarch64-shippable-qr,True,False,,|w|a|r|m| |w|e|b|r|e|n|d|e|r|,102210fe594ee9b33d82058545b1ed14f4c8206e,PerceptualSpeedIndex,ebay-kleinanzeigen,True,ebay-kleinanzeigen PerceptualSpeedIndex opt warm webrender,,77,ms,geckoview,,1766737326,2023-10-03 12:29:11,1310274,,,,,,,,,,,,,,,,,,,,,,,,,,,,,,,,,,,,,,,,,,,,,,,,,TN
699,b93578d846b3af884d0a623f8ce43e0183c8307f,0.07001113366952649,autoland,4366813,13,930eca14459531ff5483e56979276f480af08a6a,android-hw-a51-11-0-aarch64-shippable-qr,True,False,,|w|a|r|m| |w|e|b|r|e|n|d|e|r|,102210fe594ee9b33d82058545b1ed14f4c8206e,PerceptualSpeedIndex,ebay-kleinanzeigen,True,ebay-kleinanzeigen PerceptualSpeedIndex opt warm webrender,,77,ms,geckoview,,1766931531,2023-10-03 16:51:48,1310439,,,,,,,,,,,,,,,,,,,,,,,,,,,,,,,,,,,,,,,,,,,,,,,,,TN
700,422c0919f37048afb02dc4d87dfc018baa718a5b,0.051738817211343324,autoland,4366813,13,930eca14459531ff5483e56979276f480af08a6a,android-hw-a51-11-0-aarch64-shippable-qr,True,False,,|w|a|r|m| |w|e|b|r|e|n|d|e|r|,102210fe594ee9b33d82058545b1ed14f4c8206e,PerceptualSpeedIndex,ebay-kleinanzeigen,True,ebay-kleinanzeigen PerceptualSpeedIndex opt warm webrender,,77,ms,geckoview,,1767078078,2023-10-03 20:26:11,1310584,,,,,,,,,,,,,,,,,,,,,,,,,,,,,,,,,,,,,,,,,,,,,,,,,TN
701,3fb508020251d2cb191f2d62714da25ec3f35118,0.04414172506385494,autoland,4366813,13,930eca14459531ff5483e56979276f480af08a6a,android-hw-a51-11-0-aarch64-shippable-qr,True,False,,|w|a|r|m| |w|e|b|r|e|n|d|e|r|,102210fe594ee9b33d82058545b1ed14f4c8206e,PerceptualSpeedIndex,ebay-kleinanzeigen,True,ebay-kleinanzeigen PerceptualSpeedIndex opt warm webrender,,77,ms,geckoview,,1767141742,2023-10-04 00:09:44,1310704,,,,,,,,,,,,,,,,,,,,,,,,,,,,,,,,,,,,,,,,,,,,,,,,,TN
702,413c83e8ccdad48a5ea3e58243d8ec9bb8c317fd,0.053965551116641586,autoland,4366813,13,930eca14459531ff5483e56979276f480af08a6a,android-hw-a51-11-0-aarch64-shippable-qr,True,False,,|w|a|r|m| |w|e|b|r|e|n|d|e|r|,102210fe594ee9b33d82058545b1ed14f4c8206e,PerceptualSpeedIndex,ebay-kleinanzeigen,True,ebay-kleinanzeigen PerceptualSpeedIndex opt warm webrender,,77,ms,geckoview,,1767299473,2023-10-04 04:52:48,1310758,,,,,,,,,,,,,,,,,,,,,,,,,,,,,,,,,,,,,,,,,,,,,,,,,TN
703,ee60a98b1285e84f8466d929dd7197b4cb9e3beb,0.043814264195428665,autoland,4366813,13,930eca14459531ff5483e56979276f480af08a6a,android-hw-a51-11-0-aarch64-shippable-qr,True,False,,|w|a|r|m| |w|e|b|r|e|n|d|e|r|,102210fe594ee9b33d82058545b1ed14f4c8206e,PerceptualSpeedIndex,ebay-kleinanzeigen,True,ebay-kleinanzeigen PerceptualSpeedIndex opt warm webrender,,77,ms,geckoview,,1767392738,2023-10-04 07:37:17,1310806,,,,,,,,,,,,,,,,,,,,,,,,,,,,,,,,,,,,,,,,,,,,,,,,,TN
704,c559095402a2380ba171d9c60662e36c8d5e948d,0.05442399633243822,autoland,4366813,13,930eca14459531ff5483e56979276f480af08a6a,android-hw-a51-11-0-aarch64-shippable-qr,True,False,,|w|a|r|m| |w|e|b|r|e|n|d|e|r|,102210fe594ee9b33d82058545b1ed14f4c8206e,PerceptualSpeedIndex,ebay-kleinanzeigen,True,ebay-kleinanzeigen PerceptualSpeedIndex opt warm webrender,,77,ms,geckoview,,1767606546,2023-10-04 11:43:59,1310929,,,,,,,,,,,,,,,,,,,,,,,,,,,,,,,,,,,,,,,,,,,,,,,,,TN
705,764533656770292f05824c8125c45832ba08baa6,0.039819241600628774,autoland,4366813,13,930eca14459531ff5483e56979276f480af08a6a,android-hw-a51-11-0-aarch64-shippable-qr,True,False,,|w|a|r|m| |w|e|b|r|e|n|d|e|r|,102210fe594ee9b33d82058545b1ed14f4c8206e,PerceptualSpeedIndex,ebay-kleinanzeigen,True,ebay-kleinanzeigen PerceptualSpeedIndex opt warm webrender,,77,ms,geckoview,,1767633286,2023-10-04 13:35:26,1311025,,,,,,,,,,,,,,,,,,,,,,,,,,,,,,,,,,,,,,,,,,,,,,,,,TN
706,ce4c0f200f3bbd6681a6313aebf0d64f7ea8afe5,0.053376121553474376,autoland,4366813,13,930eca14459531ff5483e56979276f480af08a6a,android-hw-a51-11-0-aarch64-shippable-qr,True,False,,|w|a|r|m| |w|e|b|r|e|n|d|e|r|,102210fe594ee9b33d82058545b1ed14f4c8206e,PerceptualSpeedIndex,ebay-kleinanzeigen,True,ebay-kleinanzeigen PerceptualSpeedIndex opt warm webrender,,77,ms,geckoview,,1767756839,2023-10-04 16:58:39,1311191,,,,,,,,,,,,,,,,,,,,,,,,,,,,,,,,,,,,,,,,,,,,,,,,,TN
707,e557eb7d97ce665fd81c680ed136877f12572c13,0.04558255288493018,autoland,4366813,13,930eca14459531ff5483e56979276f480af08a6a,android-hw-a51-11-0-aarch64-shippable-qr,True,False,,|w|a|r|m| |w|e|b|r|e|n|d|e|r|,102210fe594ee9b33d82058545b1ed14f4c8206e,PerceptualSpeedIndex,ebay-kleinanzeigen,True,ebay-kleinanzeigen PerceptualSpeedIndex opt warm webrender,,77,ms,geckoview,,1767878275,2023-10-04 20:54:48,1311395,,,,,,,,,,,,,,,,,,,,,,,,,,,,,,,,,,,,,,,,,,,,,,,,,TN
708,59f4df7189285072039d3a68afd88090443edb71,0.04027768681642552,autoland,4366813,13,930eca14459531ff5483e56979276f480af08a6a,android-hw-a51-11-0-aarch64-shippable-qr,True,False,,|w|a|r|m| |w|e|b|r|e|n|d|e|r|,102210fe594ee9b33d82058545b1ed14f4c8206e,PerceptualSpeedIndex,ebay-kleinanzeigen,True,ebay-kleinanzeigen PerceptualSpeedIndex opt warm webrender,,77,ms,geckoview,,1768005317,2023-10-05 00:01:56,1311536,,,,,,,,,,,,,,,,,,,,,,,,,,,,,,,,,,,,,,,,,,,,,,,,,TN
709,c406ccc1889d7f77e187d219bc9800009e26c02e,0.043421311153317155,autoland,4366813,13,930eca14459531ff5483e56979276f480af08a6a,android-hw-a51-11-0-aarch64-shippable-qr,True,False,,|w|a|r|m| |w|e|b|r|e|n|d|e|r|,102210fe594ee9b33d82058545b1ed14f4c8206e,PerceptualSpeedIndex,ebay-kleinanzeigen,True,ebay-kleinanzeigen PerceptualSpeedIndex opt warm webrender,,77,ms,geckoview,,1768104632,2023-10-05 04:15:14,1311596,,,,,,,,,,,,,,,,,,,,,,,,,,,,,,,,,,,,,,,,,,,,,,,,,TN
710,526604ee2cd434fcf94020c1c8b6b96d253a6e83,0.04040867116379587,autoland,4366813,13,930eca14459531ff5483e56979276f480af08a6a,android-hw-a51-11-0-aarch64-shippable-qr,True,False,,|w|a|r|m| |w|e|b|r|e|n|d|e|r|,102210fe594ee9b33d82058545b1ed14f4c8206e,PerceptualSpeedIndex,ebay-kleinanzeigen,True,ebay-kleinanzeigen PerceptualSpeedIndex opt warm webrender,,77,ms,geckoview,,1768168903,2023-10-05 08:15:44,1311663,,,,,,,,,,,,,,,,,,,,,,,,,,,,,,,,,,,,,,,,,,,,,,,,,TN
711,352fa7471fb72db127fc25a7723d201abec7bd50,0.05383456676927112,autoland,4366813,13,930eca14459531ff5483e56979276f480af08a6a,android-hw-a51-11-0-aarch64-shippable-qr,True,False,,|w|a|r|m| |w|e|b|r|e|n|d|e|r|,102210fe594ee9b33d82058545b1ed14f4c8206e,PerceptualSpeedIndex,ebay-kleinanzeigen,True,ebay-kleinanzeigen PerceptualSpeedIndex opt warm webrender,,77,ms,geckoview,,1768177573,2023-10-05 08:43:24,1311677,,,,,,,,,,,,,,,,,,,,,,,,,,,,,,,,,,,,,,,,,,,,,,,,,TN
712,071a248f1589b12a9d492997caf012ac6a813d61,0.044600170279651574,autoland,4366813,13,930eca14459531ff5483e56979276f480af08a6a,android-hw-a51-11-0-aarch64-shippable-qr,True,False,,|w|a|r|m| |w|e|b|r|e|n|d|e|r|,102210fe594ee9b33d82058545b1ed14f4c8206e,PerceptualSpeedIndex,ebay-kleinanzeigen,True,ebay-kleinanzeigen PerceptualSpeedIndex opt warm webrender,,77,ms,geckoview,,1768321889,2023-10-05 13:03:19,1311840,,,,,,,,,,,,,,,,,,,,,,,,,,,,,,,,,,,,,,,,,,,,,,,,,TN
713,38a59b940c35dfab50ff2deda3fe6f27bfa99213,0.05023249721658263,autoland,4366813,13,930eca14459531ff5483e56979276f480af08a6a,android-hw-a51-11-0-aarch64-shippable-qr,True,False,,|w|a|r|m| |w|e|b|r|e|n|d|e|r|,102210fe594ee9b33d82058545b1ed14f4c8206e,PerceptualSpeedIndex,ebay-kleinanzeigen,True,ebay-kleinanzeigen PerceptualSpeedIndex opt warm webrender,,77,ms,geckoview,,1768395238,2023-10-05 14:07:33,1311899,,,,,,,,,,,,,,,,,,,,,,,,,,,,,,,,,,,,,,,,,,,,,,,,,TN
714,def7651a06fb17bb344eaf48cc6daa6047be722e,0.053376121553474376,autoland,4366813,13,930eca14459531ff5483e56979276f480af08a6a,android-hw-a51-11-0-aarch64-shippable-qr,True,False,,|w|a|r|m| |w|e|b|r|e|n|d|e|r|,102210fe594ee9b33d82058545b1ed14f4c8206e,PerceptualSpeedIndex,ebay-kleinanzeigen,True,ebay-kleinanzeigen PerceptualSpeedIndex opt warm webrender,,77,ms,geckoview,,1768637566,2023-10-05 17:18:24,1312069,,,,,,,,,,,,,,,,,,,,,,,,,,,,,,,,,,,,,,,,,,,,,,,,,TN
715,5cb270a4e6b6f0aa6cd6865b7f8daf75ad10263c,0.06398585369048404,autoland,4366813,13,930eca14459531ff5483e56979276f480af08a6a,android-hw-a51-11-0-aarch64-shippable-qr,True,False,,|w|a|r|m| |w|e|b|r|e|n|d|e|r|,102210fe594ee9b33d82058545b1ed14f4c8206e,PerceptualSpeedIndex,ebay-kleinanzeigen,True,ebay-kleinanzeigen PerceptualSpeedIndex opt warm webrender,,77,ms,geckoview,,1768782258,2023-10-05 19:49:01,1312160,,,,,,,,,,,,,,,,,,,,,,,,,,,,,,,,,,,,,,,,,,,,,,,,,TN
716,461a9c98a535b9896e9d394bdfee72ce90cf7afd,0.06359290064837253,autoland,4366813,13,930eca14459531ff5483e56979276f480af08a6a,android-hw-a51-11-0-aarch64-shippable-qr,True,False,,|w|a|r|m| |w|e|b|r|e|n|d|e|r|,102210fe594ee9b33d82058545b1ed14f4c8206e,PerceptualSpeedIndex,ebay-kleinanzeigen,True,ebay-kleinanzeigen PerceptualSpeedIndex opt warm webrender,,77,ms,geckoview,,1768924647,2023-10-06 01:08:36,1312319,,,,,,,,,,,,,,,,,,,,,,,,,,,,,,,,,,,,,,,,,,,,,,,,,TN
717,055e1badb79853e71fe9123f8e0c60a4381a1239,0.05252472329556612,autoland,4366813,13,930eca14459531ff5483e56979276f480af08a6a,android-hw-a51-11-0-aarch64-shippable-qr,True,False,,|w|a|r|m| |w|e|b|r|e|n|d|e|r|,102210fe594ee9b33d82058545b1ed14f4c8206e,PerceptualSpeedIndex,ebay-kleinanzeigen,True,ebay-kleinanzeigen PerceptualSpeedIndex opt warm webrender,,77,ms,geckoview,,1768997620,2023-10-06 04:02:35,1312369,,,,,,,,,,,,,,,,,,,,,,,,,,,,,,,,,,,,,,,,,,,,,,,,,TN
718,00b027478170756439b780282f9cfdf15edea985,0.060514768485166015,autoland,4366813,13,930eca14459531ff5483e56979276f480af08a6a,android-hw-a51-11-0-aarch64-shippable-qr,True,False,,|w|a|r|m| |w|e|b|r|e|n|d|e|r|,102210fe594ee9b33d82058545b1ed14f4c8206e,PerceptualSpeedIndex,ebay-kleinanzeigen,True,ebay-kleinanzeigen PerceptualSpeedIndex opt warm webrender,,77,ms,geckoview,,1769067738,2023-10-06 08:43:18,1312452,,,,,,,,,,,,,,,,,,,,,,,,,,,,,,,,,,,,,,,,,,,,,,,,,TN
719,9b362770f30bc360df921ba24ace5de8c387e631,0.05422751981138252,autoland,4366813,13,930eca14459531ff5483e56979276f480af08a6a,android-hw-a51-11-0-aarch64-shippable-qr,True,False,,|w|a|r|m| |w|e|b|r|e|n|d|e|r|,102210fe594ee9b33d82058545b1ed14f4c8206e,PerceptualSpeedIndex,ebay-kleinanzeigen,True,ebay-kleinanzeigen PerceptualSpeedIndex opt warm webrender,,77,ms,geckoview,,1769213383,2023-10-06 12:06:22,1312537,,,,,,,,,,,,,,,,,,,,,,,,,,,,,,,,,,,,,,,,,,,,,,,,,TN
720,c561ffa6099b97fd965811d77fd98de66c44d32b,0.058746479795664386,autoland,4366813,13,930eca14459531ff5483e56979276f480af08a6a,android-hw-a51-11-0-aarch64-shippable-qr,True,False,,|w|a|r|m| |w|e|b|r|e|n|d|e|r|,102210fe594ee9b33d82058545b1ed14f4c8206e,PerceptualSpeedIndex,ebay-kleinanzeigen,True,ebay-kleinanzeigen PerceptualSpeedIndex opt warm webrender,,77,ms,geckoview,,1769418779,2023-10-06 19:00:40,1312844,,,,,,,,,,,,,,,,,,,,,,,,,,,,,,,,,,,,,,,,,,,,,,,,,TN
721,1d25ed23e85a3a9d0d9117997337757d0ff718a2,0.05619228502193985,autoland,4366813,13,930eca14459531ff5483e56979276f480af08a6a,android-hw-a51-11-0-aarch64-shippable-qr,True,False,,|w|a|r|m| |w|e|b|r|e|n|d|e|r|,102210fe594ee9b33d82058545b1ed14f4c8206e,PerceptualSpeedIndex,ebay-kleinanzeigen,True,ebay-kleinanzeigen PerceptualSpeedIndex opt warm webrender,,77,ms,geckoview,,1769541354,2023-10-06 23:09:23,1312997,,,,,,,,,,,,,,,,,,,,,,,,,,,,,,,,,,,,,,,,,,,,,,,,,TN
722,4db29be9ee2947a3d67a996fefc3ff1cb94a6fcc,0.056519745890366124,autoland,4366813,13,930eca14459531ff5483e56979276f480af08a6a,android-hw-a51-11-0-aarch64-shippable-qr,True,False,,|w|a|r|m| |w|e|b|r|e|n|d|e|r|,102210fe594ee9b33d82058545b1ed14f4c8206e,PerceptualSpeedIndex,ebay-kleinanzeigen,True,ebay-kleinanzeigen PerceptualSpeedIndex opt warm webrender,,77,ms,geckoview,,1769615284,2023-10-07 03:35:30,1313062,,,,,,,,,,,,,,,,,,,,,,,,,,,,,,,,,,,,,,,,,,,,,,,,,TN
723,c4c56469518a5ccc9349ed7d29a0d56eba776df6,0.05586482415351368,autoland,4366813,13,930eca14459531ff5483e56979276f480af08a6a,android-hw-a51-11-0-aarch64-shippable-qr,True,False,,|w|a|r|m| |w|e|b|r|e|n|d|e|r|,102210fe594ee9b33d82058545b1ed14f4c8206e,PerceptualSpeedIndex,ebay-kleinanzeigen,True,ebay-kleinanzeigen PerceptualSpeedIndex opt warm webrender,,77,ms,geckoview,,1769643877,2023-10-07 06:02:53,1313071,,,,,,,,,,,,,,,,,,,,,,,,,,,,,,,,,,,,,,,,,,,,,,,,,TN
724,ef73c2e8cd831f2a46ff5704623db63232fd912d,0.0791800379854608,autoland,4366813,13,930eca14459531ff5483e56979276f480af08a6a,android-hw-a51-11-0-aarch64-shippable-qr,True,False,,|w|a|r|m| |w|e|b|r|e|n|d|e|r|,102210fe594ee9b33d82058545b1ed14f4c8206e,PerceptualSpeedIndex,ebay-kleinanzeigen,True,ebay-kleinanzeigen PerceptualSpeedIndex opt warm webrender,,77,ms,geckoview,,1769792532,2023-10-07 13:52:35,1313122,,,,,,,,,,,,,,,,,,,,,,,,,,,,,,,,,,,,,,,,,,,,,,,,,TN
725,8db232d0f8c742a85eb803c996ef87edac9d5c81,0.05272119981662193,autoland,4366813,13,930eca14459531ff5483e56979276f480af08a6a,android-hw-a51-11-0-aarch64-shippable-qr,True,False,,|w|a|r|m| |w|e|b|r|e|n|d|e|r|,102210fe594ee9b33d82058545b1ed14f4c8206e,PerceptualSpeedIndex,ebay-kleinanzeigen,True,ebay-kleinanzeigen PerceptualSpeedIndex opt warm webrender,,77,ms,geckoview,,1769808804,2023-10-07 18:43:49,1313149,,,,,,,,,,,,,,,,,,,,,,,,,,,,,,,,,,,,,,,,,,,,,,,,,TN
726,fba49989dde6aa32244c622fd43abe19a32128ae,0.05619228502193985,autoland,4366813,13,930eca14459531ff5483e56979276f480af08a6a,android-hw-a51-11-0-aarch64-shippable-qr,True,False,,|w|a|r|m| |w|e|b|r|e|n|d|e|r|,102210fe594ee9b33d82058545b1ed14f4c8206e,PerceptualSpeedIndex,ebay-kleinanzeigen,True,ebay-kleinanzeigen PerceptualSpeedIndex opt warm webrender,,77,ms,geckoview,,1769883813,2023-10-07 23:15:17,1313184,,,,,,,,,,,,,,,,,,,,,,,,,,,,,,,,,,,,,,,,,,,,,,,,,TN
727,68e866f36130edd1c8de093ac6d8a0fb78006527,0.05776409719038578,autoland,4366813,13,930eca14459531ff5483e56979276f480af08a6a,android-hw-a51-11-0-aarch64-shippable-qr,True,False,,|w|a|r|m| |w|e|b|r|e|n|d|e|r|,102210fe594ee9b33d82058545b1ed14f4c8206e,PerceptualSpeedIndex,ebay-kleinanzeigen,True,ebay-kleinanzeigen PerceptualSpeedIndex opt warm webrender,,77,ms,geckoview,,1769969991,2023-10-08 08:55:12,1313211,,,,,,,,,,,,,,,,,,,,,,,,,,,,,,,,,,,,,,,,,,,,,,,,,TN
728,38314c6dc43eed509bfa7c922dbbc4147ac2ce34,0.04774379461654332,autoland,4366813,13,930eca14459531ff5483e56979276f480af08a6a,android-hw-a51-11-0-aarch64-shippable-qr,True,False,,|w|a|r|m| |w|e|b|r|e|n|d|e|r|,102210fe594ee9b33d82058545b1ed14f4c8206e,PerceptualSpeedIndex,ebay-kleinanzeigen,True,ebay-kleinanzeigen PerceptualSpeedIndex opt warm webrender,,77,ms,geckoview,,1770209508,2023-10-08 23:28:16,1313289,,,,,,,,,,,,,,,,,,,,,,,,,,,,,,,,,,,,,,,,,,,,,,,,,TN
729,d5fd5e481ff21f14c9771aa58f8fb378a8430cdf,0.05462047285349403,autoland,4366813,13,930eca14459531ff5483e56979276f480af08a6a,android-hw-a51-11-0-aarch64-shippable-qr,True,False,,|w|a|r|m| |w|e|b|r|e|n|d|e|r|,102210fe594ee9b33d82058545b1ed14f4c8206e,PerceptualSpeedIndex,ebay-kleinanzeigen,True,ebay-kleinanzeigen PerceptualSpeedIndex opt warm webrender,,77,ms,geckoview,,1770267377,2023-10-09 04:48:12,1313332,,,,,,,,,,,,,,,,,,,,,,,,,,,,,,,,,,,,,,,,,,,,,,,,,TN
730,77c18c08c9ff87c6ff0e5b546ac609296d5e04db,0.05665073023773659,autoland,4366813,13,930eca14459531ff5483e56979276f480af08a6a,android-hw-a51-11-0-aarch64-shippable-qr,True,False,,|w|a|r|m| |w|e|b|r|e|n|d|e|r|,102210fe594ee9b33d82058545b1ed14f4c8206e,PerceptualSpeedIndex,ebay-kleinanzeigen,True,ebay-kleinanzeigen PerceptualSpeedIndex opt warm webrender,,77,ms,geckoview,,1770339044,2023-10-09 08:48:33,1313413,,,,,,,,,,,,,,,,,,,,,,,,,,,,,,,,,,,,,,,,,,,,,,,,,TN
731,70c980c054e9a0693d3bee343b1235d47894163d,0.052983168511362866,autoland,4366813,13,930eca14459531ff5483e56979276f480af08a6a,android-hw-a51-11-0-aarch64-shippable-qr,True,False,,|w|a|r|m| |w|e|b|r|e|n|d|e|r|,102210fe594ee9b33d82058545b1ed14f4c8206e,PerceptualSpeedIndex,ebay-kleinanzeigen,True,ebay-kleinanzeigen PerceptualSpeedIndex opt warm webrender,,77,ms,geckoview,,1770490422,2023-10-09 11:45:29,1313495,,,,,,,,,,,,,,,,,,,,,,,,,,,,,,,,,,,,,,,,,,,,,,,,,TN
732,86e82f01df51429edbb4cfa27823d4d71e7844ab,0.05108389547449088,autoland,4366813,13,930eca14459531ff5483e56979276f480af08a6a,android-hw-a51-11-0-aarch64-shippable-qr,True,False,,|w|a|r|m| |w|e|b|r|e|n|d|e|r|,102210fe594ee9b33d82058545b1ed14f4c8206e,PerceptualSpeedIndex,ebay-kleinanzeigen,True,ebay-kleinanzeigen PerceptualSpeedIndex opt warm webrender,,77,ms,geckoview,,1770645183,2023-10-09 16:17:23,1313678,,,,,,,,,,,,,,,,,,,,,,,,,,,,,,,,,,,,,,,,,,,,,,,,,TN
733,9591bcc532c4599dba688d3555c6a0135139c39a,0.05704368327984799,autoland,4366813,13,930eca14459531ff5483e56979276f480af08a6a,android-hw-a51-11-0-aarch64-shippable-qr,True,False,,|w|a|r|m| |w|e|b|r|e|n|d|e|r|,102210fe594ee9b33d82058545b1ed14f4c8206e,PerceptualSpeedIndex,ebay-kleinanzeigen,True,ebay-kleinanzeigen PerceptualSpeedIndex opt warm webrender,,77,ms,geckoview,,1770647389,2023-10-09 16:47:54,1313694,,,,,,,,,,,,,,,,,,,,,,,,,,,,,,,,,,,,,,,,,,,,,,,,,TN
734,3d1ac3fb7670dd794589cae42735270de4266f4c,0.04931560678498925,autoland,4366813,13,930eca14459531ff5483e56979276f480af08a6a,android-hw-a51-11-0-aarch64-shippable-qr,True,False,,|w|a|r|m| |w|e|b|r|e|n|d|e|r|,102210fe594ee9b33d82058545b1ed14f4c8206e,PerceptualSpeedIndex,ebay-kleinanzeigen,True,ebay-kleinanzeigen PerceptualSpeedIndex opt warm webrender,,77,ms,geckoview,,1770744863,2023-10-09 21:45:38,1313856,,,,,,,,,,,,,,,,,,,,,,,,,,,,,,,,,,,,,,,,,,,,,,,,,TN
735,935a0ba75b642adf295d7792f8ad8129f87e4c03,0.0526557076429367,autoland,4366813,13,930eca14459531ff5483e56979276f480af08a6a,android-hw-a51-11-0-aarch64-shippable-qr,True,False,,|w|a|r|m| |w|e|b|r|e|n|d|e|r|,102210fe594ee9b33d82058545b1ed14f4c8206e,PerceptualSpeedIndex,ebay-kleinanzeigen,True,ebay-kleinanzeigen PerceptualSpeedIndex opt warm webrender,,77,ms,geckoview,,1770789209,2023-10-10 02:31:01,1313960,,,,,,,,,,,,,,,,,,,,,,,,,,,,,,,,,,,,,,,,,,,,,,,,,TN
736,de9287a68ed836a8fd2eb2ba90de0770a18c877a,0.056716222411421824,autoland,4366813,13,930eca14459531ff5483e56979276f480af08a6a,android-hw-a51-11-0-aarch64-shippable-qr,True,False,,|w|a|r|m| |w|e|b|r|e|n|d|e|r|,102210fe594ee9b33d82058545b1ed14f4c8206e,PerceptualSpeedIndex,ebay-kleinanzeigen,True,ebay-kleinanzeigen PerceptualSpeedIndex opt warm webrender,,77,ms,geckoview,,1770845740,2023-10-10 06:35:36,1314004,,,,,,,,,,,,,,,,,,,,,,,,,,,,,,,,,,,,,,,,,,,,,,,,,TN
737,bec78f6e89cdb3b51ac879af75533217f38970cf,0.06765341541685765,autoland,4366813,13,930eca14459531ff5483e56979276f480af08a6a,android-hw-a51-11-0-aarch64-shippable-qr,True,False,,|w|a|r|m| |w|e|b|r|e|n|d|e|r|,102210fe594ee9b33d82058545b1ed14f4c8206e,PerceptualSpeedIndex,ebay-kleinanzeigen,True,ebay-kleinanzeigen PerceptualSpeedIndex opt warm webrender,,77,ms,geckoview,,1770893233,2023-10-10 08:23:57,1314048,,,,,,,,,,,,,,,,,,,,,,,,,,,,,,,,,,,,,,,,,,,,,,,,,TN
738,7a4c861a2d10a6757c8844de9bd8f71c94cb6150,0.04754731809548762,autoland,4366813,13,930eca14459531ff5483e56979276f480af08a6a,android-hw-a51-11-0-aarch64-shippable-qr,True,False,,|w|a|r|m| |w|e|b|r|e|n|d|e|r|,102210fe594ee9b33d82058545b1ed14f4c8206e,PerceptualSpeedIndex,ebay-kleinanzeigen,True,ebay-kleinanzeigen PerceptualSpeedIndex opt warm webrender,,77,ms,geckoview,,1771027256,2023-10-10 12:59:15,1314216,,,,,,,,,,,,,,,,,,,,,,,,,,,,,,,,,,,,,,,,,,,,,,,,,TN
739,686073214e498a3ed6018f15d9cd093812f5ab6f,0.05566834763245798,autoland,4366813,13,930eca14459531ff5483e56979276f480af08a6a,android-hw-a51-11-0-aarch64-shippable-qr,True,False,,|w|a|r|m| |w|e|b|r|e|n|d|e|r|,102210fe594ee9b33d82058545b1ed14f4c8206e,PerceptualSpeedIndex,ebay-kleinanzeigen,True,ebay-kleinanzeigen PerceptualSpeedIndex opt warm webrender,,77,ms,geckoview,,1771154946,2023-10-10 15:20:47,1314341,,,,,,,,,,,,,,,,,,,,,,,,,,,,,,,,,,,,,,,,,,,,,,,,,TN
740,e746122083e758920b17ca0fd4726093187f3715,0.05042897373763844,autoland,4366813,13,930eca14459531ff5483e56979276f480af08a6a,android-hw-a51-11-0-aarch64-shippable-qr,True,False,,|w|a|r|m| |w|e|b|r|e|n|d|e|r|,102210fe594ee9b33d82058545b1ed14f4c8206e,PerceptualSpeedIndex,ebay-kleinanzeigen,True,ebay-kleinanzeigen PerceptualSpeedIndex opt warm webrender,,77,ms,geckoview,,1771252671,2023-10-10 18:56:17,1314490,,,,,,,,,,,,,,,,,,,,,,,,,,,,,,,,,,,,,,,,,,,,,,,,,TN
741,32a23612bb297f386b6239e7bff0be58b62b2f73,0.05848451110092345,autoland,4366813,13,930eca14459531ff5483e56979276f480af08a6a,android-hw-a51-11-0-aarch64-shippable-qr,True,False,,|w|a|r|m| |w|e|b|r|e|n|d|e|r|,102210fe594ee9b33d82058545b1ed14f4c8206e,PerceptualSpeedIndex,ebay-kleinanzeigen,True,ebay-kleinanzeigen PerceptualSpeedIndex opt warm webrender,,77,ms,geckoview,,1771372622,2023-10-10 21:46:34,1314585,,,,,,,,,,,,,,,,,,,,,,,,,,,,,,,,,,,,,,,,,,,,,,,,,TN
742,fb1c93363030ee78f4a3ea0da9854fb688a630b8,0.06313445543257579,autoland,4366813,13,930eca14459531ff5483e56979276f480af08a6a,android-hw-a51-11-0-aarch64-shippable-qr,True,False,,|w|a|r|m| |w|e|b|r|e|n|d|e|r|,102210fe594ee9b33d82058545b1ed14f4c8206e,PerceptualSpeedIndex,ebay-kleinanzeigen,True,ebay-kleinanzeigen PerceptualSpeedIndex opt warm webrender,,77,ms,geckoview,,1771480121,2023-10-11 04:35:52,1314760,,,,,,,,,,,,,,,,,,,,,,,,,,,,,,,,,,,,,,,,,,,,,,,,,TN
743,d677f2833f2cf056757a6a3cf8c2e8b4273fb788,0.06483725194839218,autoland,4366813,13,930eca14459531ff5483e56979276f480af08a6a,android-hw-a51-11-0-aarch64-shippable-qr,True,False,,|w|a|r|m| |w|e|b|r|e|n|d|e|r|,102210fe594ee9b33d82058545b1ed14f4c8206e,PerceptualSpeedIndex,ebay-kleinanzeigen,True,ebay-kleinanzeigen PerceptualSpeedIndex opt warm webrender,,77,ms,geckoview,,1771477363,2023-10-11 05:18:39,1314767,,,,,,,,,,,,,,,,,,,,,,,,,,,,,,,,,,,,,,,,,,,,,,,,,TN
744,2124c3eebcb12eb72e8ced7bfb3c8521a028af8d,0.055930316327198915,autoland,4366813,13,930eca14459531ff5483e56979276f480af08a6a,android-hw-a51-11-0-aarch64-shippable-qr,True,False,,|w|a|r|m| |w|e|b|r|e|n|d|e|r|,102210fe594ee9b33d82058545b1ed14f4c8206e,PerceptualSpeedIndex,ebay-kleinanzeigen,True,ebay-kleinanzeigen PerceptualSpeedIndex opt warm webrender,,77,ms,geckoview,,1771670454,2023-10-11 09:29:42,1314864,,,,,,,,,,,,,,,,,,,,,,,,,,,,,,,,,,,,,,,,,,,,,,,,,TN
745,e4751df31e7494090d14b0ab8ff52bab6c1391d7,0.10753814919117177,autoland,4366813,13,930eca14459531ff5483e56979276f480af08a6a,android-hw-a51-11-0-aarch64-shippable-qr,True,False,,|w|a|r|m| |w|e|b|r|e|n|d|e|r|,102210fe594ee9b33d82058545b1ed14f4c8206e,PerceptualSpeedIndex,ebay-kleinanzeigen,True,ebay-kleinanzeigen PerceptualSpeedIndex opt warm webrender,,77,ms,geckoview,,1771689230,2023-10-11 10:39:45,1314918,,,,,,,,,,,,,,,,,,,,,,,,,,,,,,,,,,,,,,,,,,,,,,,,,TN
746,2f6d9a971e1895c3186c6f2cdc2286c9f6e9694e,0.0742026327853822,autoland,4366813,13,930eca14459531ff5483e56979276f480af08a6a,android-hw-a51-11-0-aarch64-shippable-qr,True,False,,|w|a|r|m| |w|e|b|r|e|n|d|e|r|,102210fe594ee9b33d82058545b1ed14f4c8206e,PerceptualSpeedIndex,ebay-kleinanzeigen,True,ebay-kleinanzeigen PerceptualSpeedIndex opt warm webrender,,77,ms,geckoview,,1771781665,2023-10-11 14:42:40,1315015,,,,,,,,,,,,,,,,,,,,,,,,,,,,,,,,,,,,,,,,,,,,,,,,,TN
747,a710f6c3ab82ca81444f0478a4882217c3628bf0,0.067718907590543,autoland,4366813,13,930eca14459531ff5483e56979276f480af08a6a,android-hw-a51-11-0-aarch64-shippable-qr,True,False,,|w|a|r|m| |w|e|b|r|e|n|d|e|r|,102210fe594ee9b33d82058545b1ed14f4c8206e,PerceptualSpeedIndex,ebay-kleinanzeigen,True,ebay-kleinanzeigen PerceptualSpeedIndex opt warm webrender,,77,ms,geckoview,,1771843066,2023-10-11 15:07:05,1315029,,,,,,,,,,,,,,,,,,,,,,,,,,,,,,,,,,,,,,,,,,,,,,,,,TN
748,be8d8e6ec4b7216d8dcb9b4ff8c8a413fc83da74,0.05101840330080554,autoland,4366813,13,930eca14459531ff5483e56979276f480af08a6a,android-hw-a51-11-0-aarch64-shippable-qr,True,False,,|w|a|r|m| |w|e|b|r|e|n|d|e|r|,102210fe594ee9b33d82058545b1ed14f4c8206e,PerceptualSpeedIndex,ebay-kleinanzeigen,True,ebay-kleinanzeigen PerceptualSpeedIndex opt warm webrender,,77,ms,geckoview,,1771855533,2023-10-11 17:21:18,1315168,,,,,,,,,,,,,,,,,,,,,,,,,,,,,,,,,,,,,,,,,,,,,,,,,TN
749,dfe9eba9757679d9dda934ba7dd5798a0c3360fe,0.05429301198506786,autoland,4366813,13,930eca14459531ff5483e56979276f480af08a6a,android-hw-a51-11-0-aarch64-shippable-qr,True,False,,|w|a|r|m| |w|e|b|r|e|n|d|e|r|,102210fe594ee9b33d82058545b1ed14f4c8206e,PerceptualSpeedIndex,ebay-kleinanzeigen,True,ebay-kleinanzeigen PerceptualSpeedIndex opt warm webrender,,77,ms,geckoview,,1771957684,2023-10-11 21:29:22,1315364,,,,,,,,,,,,,,,,,,,,,,,,,,,,,,,,,,,,,,,,,,,,,,,,,TN
750,2cbc64e7dbb0cd771d39710e5c3f2ed9a7e02b50,0.05579933197982845,autoland,4366813,13,930eca14459531ff5483e56979276f480af08a6a,android-hw-a51-11-0-aarch64-shippable-qr,True,False,,|w|a|r|m| |w|e|b|r|e|n|d|e|r|,102210fe594ee9b33d82058545b1ed14f4c8206e,PerceptualSpeedIndex,ebay-kleinanzeigen,True,ebay-kleinanzeigen PerceptualSpeedIndex opt warm webrender,,77,ms,geckoview,,1772015963,2023-10-11 21:41:54,1315372,,,,,,,,,,,,,,,,,,,,,,,,,,,,,,,,,,,,,,,,,,,,,,,,,TN
751,c77a5d731bccf47b2b9f0714e44d5943f903d95e,0.06699849368000521,autoland,4366813,13,930eca14459531ff5483e56979276f480af08a6a,android-hw-a51-11-0-aarch64-shippable-qr,True,False,,|w|a|r|m| |w|e|b|r|e|n|d|e|r|,102210fe594ee9b33d82058545b1ed14f4c8206e,PerceptualSpeedIndex,ebay-kleinanzeigen,True,ebay-kleinanzeigen PerceptualSpeedIndex opt warm webrender,,77,ms,geckoview,,1772170293,2023-10-12 04:10:05,1315494,,,,,,,,,,,,,,,,,,,,,,,,,,,,,,,,,,,,,,,,,,,,,,,,,TN
752,d64dc6406137711ffbc7f0bc42f6794a1c4ad236,0.05599580850088415,autoland,4366813,13,930eca14459531ff5483e56979276f480af08a6a,android-hw-a51-11-0-aarch64-shippable-qr,True,False,,|w|a|r|m| |w|e|b|r|e|n|d|e|r|,102210fe594ee9b33d82058545b1ed14f4c8206e,PerceptualSpeedIndex,ebay-kleinanzeigen,True,ebay-kleinanzeigen PerceptualSpeedIndex opt warm webrender,,77,ms,geckoview,,1772231582,2023-10-12 08:16:23,1315559,,,,,,,,,,,,,,,,,,,,,,,,,,,,,,,,,,,,,,,,,,,,,,,,,TN
753,6eb785f75431f10faa331dabd429029e6dd1224e,0.05304866068504821,autoland,4366813,13,930eca14459531ff5483e56979276f480af08a6a,android-hw-a51-11-0-aarch64-shippable-qr,True,False,,|w|a|r|m| |w|e|b|r|e|n|d|e|r|,102210fe594ee9b33d82058545b1ed14f4c8206e,PerceptualSpeedIndex,ebay-kleinanzeigen,True,ebay-kleinanzeigen PerceptualSpeedIndex opt warm webrender,,77,ms,geckoview,,1772264473,2023-10-12 09:32:06,1315613,,,,,,,,,,,,,,,,,,,,,,,,,,,,,,,,,,,,,,,,,,,,,,,,,TN
754,d3c6163a42b6002297fdb7cbb78395ee4495a357,0.05619228502193985,autoland,4366813,13,930eca14459531ff5483e56979276f480af08a6a,android-hw-a51-11-0-aarch64-shippable-qr,True,False,,|w|a|r|m| |w|e|b|r|e|n|d|e|r|,102210fe594ee9b33d82058545b1ed14f4c8206e,PerceptualSpeedIndex,ebay-kleinanzeigen,True,ebay-kleinanzeigen PerceptualSpeedIndex opt warm webrender,,77,ms,geckoview,,1772369093,2023-10-12 12:42:22,1315709,,,,,,,,,,,,,,,,,,,,,,,,,,,,,,,,,,,,,,,,,,,,,,,,,TN
755,c09a0d19d99b488a292e3583cd0bb488afc74173,0.0643133145589102,autoland,4366813,13,930eca14459531ff5483e56979276f480af08a6a,android-hw-a51-11-0-aarch64-shippable-qr,True,False,,|w|a|r|m| |w|e|b|r|e|n|d|e|r|,102210fe594ee9b33d82058545b1ed14f4c8206e,PerceptualSpeedIndex,ebay-kleinanzeigen,True,ebay-kleinanzeigen PerceptualSpeedIndex opt warm webrender,,77,ms,geckoview,,1772528677,2023-10-12 17:01:35,1315902,,,,,,,,,,,,,,,,,,,,,,,,,,,,,,,,,,,,,,,,,,,,,,,,,TN
756,a5369079cd89dd91a42689da9aad1fc607ef9146,0.06398585369048404,autoland,4366813,13,930eca14459531ff5483e56979276f480af08a6a,android-hw-a51-11-0-aarch64-shippable-qr,True,False,,|w|a|r|m| |w|e|b|r|e|n|d|e|r|,102210fe594ee9b33d82058545b1ed14f4c8206e,PerceptualSpeedIndex,ebay-kleinanzeigen,True,ebay-kleinanzeigen PerceptualSpeedIndex opt warm webrender,,77,ms,geckoview,,1772493880,2023-10-12 17:02:35,1315903,,,,,,,,,,,,,,,,,,,,,,,,,,,,,,,,,,,,,,,,,,,,,,,,,TN
757,b9478e8898d6397ccb0ca6d2f90b882083ef91d2,0.05442399633243822,autoland,4366813,13,930eca14459531ff5483e56979276f480af08a6a,android-hw-a51-11-0-aarch64-shippable-qr,True,False,,|w|a|r|m| |w|e|b|r|e|n|d|e|r|,102210fe594ee9b33d82058545b1ed14f4c8206e,PerceptualSpeedIndex,ebay-kleinanzeigen,True,ebay-kleinanzeigen PerceptualSpeedIndex opt warm webrender,,77,ms,geckoview,,1772594302,2023-10-12 19:48:41,1316052,,,,,,,,,,,,,,,,,,,,,,,,,,,,,,,,,,,,,,,,,,,,,,,,,TN
758,6769216667ff487b1442f654ee41dc5f12c23983,0.050756434606064604,autoland,4366813,13,930eca14459531ff5483e56979276f480af08a6a,android-hw-a51-11-0-aarch64-shippable-qr,True,False,,|w|a|r|m| |w|e|b|r|e|n|d|e|r|,102210fe594ee9b33d82058545b1ed14f4c8206e,PerceptualSpeedIndex,ebay-kleinanzeigen,True,ebay-kleinanzeigen PerceptualSpeedIndex opt warm webrender,,77,ms,geckoview,,1772726045,2023-10-12 23:58:41,1316211,,,,,,,,,,,,,,,,,,,,,,,,,,,,,,,,,,,,,,,,,,,,,,,,,TN
759,810153993fc0b06ce0eabae2602fc7f74ed9be18,0.059532385879887406,autoland,4366813,13,930eca14459531ff5483e56979276f480af08a6a,android-hw-a51-11-0-aarch64-shippable-qr,True,False,,|w|a|r|m| |w|e|b|r|e|n|d|e|r|,102210fe594ee9b33d82058545b1ed14f4c8206e,PerceptualSpeedIndex,ebay-kleinanzeigen,True,ebay-kleinanzeigen PerceptualSpeedIndex opt warm webrender,,77,ms,geckoview,,1772821154,2023-10-13 06:04:39,1316292,,,,,,,,,,,,,,,,,,,,,,,,,,,,,,,,,,,,,,,,,,,,,,,,,TN
760,930888998f68ddfb0f36d898e98305e459d7cbb2,0.05985984674831357,autoland,4366813,13,930eca14459531ff5483e56979276f480af08a6a,android-hw-a51-11-0-aarch64-shippable-qr,True,False,,|w|a|r|m| |w|e|b|r|e|n|d|e|r|,102210fe594ee9b33d82058545b1ed14f4c8206e,PerceptualSpeedIndex,ebay-kleinanzeigen,True,ebay-kleinanzeigen PerceptualSpeedIndex opt warm webrender,,77,ms,geckoview,,1772837952,2023-10-13 06:28:51,1316299,,,,,,,,,,,,,,,,,,,,,,,,,,,,,,,,,,,,,,,,,,,,,,,,,TN
761,0db2502d9e9503580a800e13235be8c02043bbc0,0.051345864169231814,autoland,4366813,13,930eca14459531ff5483e56979276f480af08a6a,android-hw-a51-11-0-aarch64-shippable-qr,True,False,,|w|a|r|m| |w|e|b|r|e|n|d|e|r|,102210fe594ee9b33d82058545b1ed14f4c8206e,PerceptualSpeedIndex,ebay-kleinanzeigen,True,ebay-kleinanzeigen PerceptualSpeedIndex opt warm webrender,,77,ms,geckoview,,1773037458,2023-10-13 10:45:16,1316413,,,,,,,,,,,,,,,,,,,,,,,,,,,,,,,,,,,,,,,,,,,,,,,,,TN
762,8246d773a07ce105d3a9f92b96007867c7df3cc4,0.04872617722182204,autoland,4366813,13,930eca14459531ff5483e56979276f480af08a6a,android-hw-a51-11-0-aarch64-shippable-qr,True,False,,|w|a|r|m| |w|e|b|r|e|n|d|e|r|,102210fe594ee9b33d82058545b1ed14f4c8206e,PerceptualSpeedIndex,ebay-kleinanzeigen,True,ebay-kleinanzeigen PerceptualSpeedIndex opt warm webrender,,77,ms,geckoview,,1773040349,2023-10-13 11:42:22,1316442,,,,,,,,,,,,,,,,,,,,,,,,,,,,,,,,,,,,,,,,,,,,,,,,,TN
763,8adc92d3a6a8eeeefd63f98296c29907c3838316,0.07197589888008382,autoland,4366813,13,930eca14459531ff5483e56979276f480af08a6a,android-hw-a51-11-0-aarch64-shippable-qr,True,False,,|w|a|r|m| |w|e|b|r|e|n|d|e|r|,102210fe594ee9b33d82058545b1ed14f4c8206e,PerceptualSpeedIndex,ebay-kleinanzeigen,True,ebay-kleinanzeigen PerceptualSpeedIndex opt warm webrender,,77,ms,geckoview,,1773145094,2023-10-13 15:49:30,1316607,,,,,,,,,,,,,,,,,,,,,,,,,,,,,,,,,,,,,,,,,,,,,,,,,TN
764,9ba44fb4eeafba4229fe28a6f3b42c79d8d05692,0.04584452157967123,autoland,4366813,13,930eca14459531ff5483e56979276f480af08a6a,android-hw-a51-11-0-aarch64-shippable-qr,True,False,,|w|a|r|m| |w|e|b|r|e|n|d|e|r|,102210fe594ee9b33d82058545b1ed14f4c8206e,PerceptualSpeedIndex,ebay-kleinanzeigen,True,ebay-kleinanzeigen PerceptualSpeedIndex opt warm webrender,,77,ms,geckoview,,1773124693,2023-10-13 16:11:23,1316611,,,,,,,,,,,,,,,,,,,,,,,,,,,,,,,,,,,,,,,,,,,,,,,,,TN
765,35e20e70da91e5ef4caee7c732541350343fe927,0.048398716353395765,autoland,4366813,13,930eca14459531ff5483e56979276f480af08a6a,android-hw-a51-11-0-aarch64-shippable-qr,True,False,,|w|a|r|m| |w|e|b|r|e|n|d|e|r|,102210fe594ee9b33d82058545b1ed14f4c8206e,PerceptualSpeedIndex,ebay-kleinanzeigen,True,ebay-kleinanzeigen PerceptualSpeedIndex opt warm webrender,,77,ms,geckoview,,1773231319,2023-10-13 20:17:54,1316790,,,,,,,,,,,,,,,,,,,,,,,,,,,,,,,,,,,,,,,,,,,,,,,,,TN
766,bcd044cb6c313be98b766d19688066871ddaa6b3,0.06221756500098241,autoland,4366813,13,930eca14459531ff5483e56979276f480af08a6a,android-hw-a51-11-0-aarch64-shippable-qr,True,False,,|w|a|r|m| |w|e|b|r|e|n|d|e|r|,102210fe594ee9b33d82058545b1ed14f4c8206e,PerceptualSpeedIndex,ebay-kleinanzeigen,True,ebay-kleinanzeigen PerceptualSpeedIndex opt warm webrender,,77,ms,geckoview,,1773320813,2023-10-14 00:40:19,1316857,,,,,,,,,,,,,,,,,,,,,,,,,,,,,,,,,,,,,,,,,,,,,,,,,TN
767,19db6b0f6713fdb1f311426a7899070e3ca19d6b,0.05946689370620217,autoland,4366813,13,930eca14459531ff5483e56979276f480af08a6a,android-hw-a51-11-0-aarch64-shippable-qr,True,False,,|w|a|r|m| |w|e|b|r|e|n|d|e|r|,102210fe594ee9b33d82058545b1ed14f4c8206e,PerceptualSpeedIndex,ebay-kleinanzeigen,True,ebay-kleinanzeigen PerceptualSpeedIndex opt warm webrender,,77,ms,geckoview,,1773354456,2023-10-14 05:14:50,1316873,,,,,,,,,,,,,,,,,,,,,,,,,,,,,,,,,,,,,,,,,,,,,,,,,TN
768,1e870b95242b07bc4961bf7558d0703dd03814b3,0.048005763311284366,autoland,4366813,13,930eca14459531ff5483e56979276f480af08a6a,android-hw-a51-11-0-aarch64-shippable-qr,True,False,,|w|a|r|m| |w|e|b|r|e|n|d|e|r|,102210fe594ee9b33d82058545b1ed14f4c8206e,PerceptualSpeedIndex,ebay-kleinanzeigen,True,ebay-kleinanzeigen PerceptualSpeedIndex opt warm webrender,,77,ms,geckoview,,1773404054,2023-10-14 09:25:57,1316895,,,,,,,,,,,,,,,,,,,,,,,,,,,,,,,,,,,,,,,,,,,,,,,,,TN
769,3f99c563251ec523301e9d46e6904989fc827306,0.05186980155871368,autoland,4366813,13,930eca14459531ff5483e56979276f480af08a6a,android-hw-a51-11-0-aarch64-shippable-qr,True,False,,|w|a|r|m| |w|e|b|r|e|n|d|e|r|,102210fe594ee9b33d82058545b1ed14f4c8206e,PerceptualSpeedIndex,ebay-kleinanzeigen,True,ebay-kleinanzeigen PerceptualSpeedIndex opt warm webrender,,77,ms,geckoview,,1773548204,2023-10-14 16:14:11,1316942,,,,,,,,,,,,,,,,,,,,,,,,,,,,,,,,,,,,,,,,,,,,,,,,,TN
770,468469f54da6070a84314dc3c4ddcdfaca74b714,0.05049446591132356,autoland,4366813,13,930eca14459531ff5483e56979276f480af08a6a,android-hw-a51-11-0-aarch64-shippable-qr,True,False,,|w|a|r|m| |w|e|b|r|e|n|d|e|r|,102210fe594ee9b33d82058545b1ed14f4c8206e,PerceptualSpeedIndex,ebay-kleinanzeigen,True,ebay-kleinanzeigen PerceptualSpeedIndex opt warm webrender,,77,ms,geckoview,,1773690218,2023-10-15 06:24:19,1316977,,,,,,,,,,,,,,,,,,,,,,,,,,,,,,,,,,,,,,,,,,,,,,,,,TN
771,91657cb1296c904004ace38877b9ca91f502be3f,0.04852970070076623,autoland,4366813,13,930eca14459531ff5483e56979276f480af08a6a,android-hw-a51-11-0-aarch64-shippable-qr,True,False,,|w|a|r|m| |w|e|b|r|e|n|d|e|r|,102210fe594ee9b33d82058545b1ed14f4c8206e,PerceptualSpeedIndex,ebay-kleinanzeigen,True,ebay-kleinanzeigen PerceptualSpeedIndex opt warm webrender,,77,ms,geckoview,,1773756902,2023-10-15 10:45:53,1317007,,,,,,,,,,,,,,,,,,,,,,,,,,,,,,,,,,,,,,,,,,,,,,,,,TN
772,aba20bc488e22880b8ef5a89916ecabb51cee798,0.046040998100726926,autoland,4366813,13,930eca14459531ff5483e56979276f480af08a6a,android-hw-a51-11-0-aarch64-shippable-qr,True,False,,|w|a|r|m| |w|e|b|r|e|n|d|e|r|,102210fe594ee9b33d82058545b1ed14f4c8206e,PerceptualSpeedIndex,ebay-kleinanzeigen,True,ebay-kleinanzeigen PerceptualSpeedIndex opt warm webrender,,77,ms,geckoview,,1773807354,2023-10-15 15:32:44,1317021,,,,,,,,,,,,,,,,,,,,,,,,,,,,,,,,,,,,,,,,,,,,,,,,,TN
773,f3de6f924333ec7c359d81d9fb16a9fca07ee42e,0.06254502586940869,autoland,4366813,13,930eca14459531ff5483e56979276f480af08a6a,android-hw-a51-11-0-aarch64-shippable-qr,True,False,,|w|a|r|m| |w|e|b|r|e|n|d|e|r|,102210fe594ee9b33d82058545b1ed14f4c8206e,PerceptualSpeedIndex,ebay-kleinanzeigen,True,ebay-kleinanzeigen PerceptualSpeedIndex opt warm webrender,,77,ms,geckoview,,1773912729,2023-10-16 01:55:37,1317071,,,,,,,,,,,,,,,,,,,,,,,,,,,,,,,,,,,,,,,,,,,,,,,,,TN
774,e891ad8158b3106dceb2199ed2c74c0c2f05fa88,0.039819241600628774,autoland,4366813,13,930eca14459531ff5483e56979276f480af08a6a,android-hw-a51-11-0-aarch64-shippable-qr,True,False,,|w|a|r|m| |w|e|b|r|e|n|d|e|r|,102210fe594ee9b33d82058545b1ed14f4c8206e,PerceptualSpeedIndex,ebay-kleinanzeigen,True,ebay-kleinanzeigen PerceptualSpeedIndex opt warm webrender,,77,ms,geckoview,,1773968479,2023-10-16 05:57:00,1317093,,,,,,,,,,,,,,,,,,,,,,,,,,,,,,,,,,,,,,,,,,,,,,,,,TN
775,e009aa26b6f79e7e5af18000b983f6decaa90eed,0.06680201715894951,autoland,4366813,13,930eca14459531ff5483e56979276f480af08a6a,android-hw-a51-11-0-aarch64-shippable-qr,True,False,,|w|a|r|m| |w|e|b|r|e|n|d|e|r|,102210fe594ee9b33d82058545b1ed14f4c8206e,PerceptualSpeedIndex,ebay-kleinanzeigen,True,ebay-kleinanzeigen PerceptualSpeedIndex opt warm webrender,,77,ms,geckoview,,1774182710,2023-10-16 10:06:37,1317197,,,,,,,,,,,,,,,,,,,,,,,,,,,,,,,,,,,,,,,,,,,,,,,,,TN
776,8cb2f63a1e705ad6bf77a8f6dcb151aa3b67d2e6,0.049381098958674485,autoland,4366813,13,930eca14459531ff5483e56979276f480af08a6a,android-hw-a51-11-0-aarch64-shippable-qr,True,False,,|w|a|r|m| |w|e|b|r|e|n|d|e|r|,102210fe594ee9b33d82058545b1ed14f4c8206e,PerceptualSpeedIndex,ebay-kleinanzeigen,True,ebay-kleinanzeigen PerceptualSpeedIndex opt warm webrender,,77,ms,geckoview,,1774210799,2023-10-16 11:25:28,1317241,,,,,,,,,,,,,,,,,,,,,,,,,,,,,,,,,,,,,,,,,,,,,,,,,TN
777,e0dd0b10e8fd0ea751f11fb0a6548ad9b6780e16,0.04532058419018925,autoland,4366813,13,930eca14459531ff5483e56979276f480af08a6a,android-hw-a51-11-0-aarch64-shippable-qr,True,False,,|w|a|r|m| |w|e|b|r|e|n|d|e|r|,102210fe594ee9b33d82058545b1ed14f4c8206e,PerceptualSpeedIndex,ebay-kleinanzeigen,True,ebay-kleinanzeigen PerceptualSpeedIndex opt warm webrender,,77,ms,geckoview,,1774261158,2023-10-16 15:34:18,1317419,,,,,,,,,,,,,,,,,,,,,,,,,,,,,,,,,,,,,,,,,,,,,,,,,TN
778,36e5163d2528daaa5669d0f9284470b070c8882e,0.06241404152203811,autoland,4366813,13,930eca14459531ff5483e56979276f480af08a6a,android-hw-a51-11-0-aarch64-shippable-qr,True,False,,|w|a|r|m| |w|e|b|r|e|n|d|e|r|,102210fe594ee9b33d82058545b1ed14f4c8206e,PerceptualSpeedIndex,ebay-kleinanzeigen,True,ebay-kleinanzeigen PerceptualSpeedIndex opt warm webrender,,77,ms,geckoview,,1774423522,2023-10-16 19:06:00,1317546,,,,,,,,,,,,,,,,,,,,,,,,,,,,,,,,,,,,,,,,,,,,,,,,,TN
779,e4bf7b3e037323072304a1b1327df57c4a54b560,0.047809286790228556,autoland,4366813,13,930eca14459531ff5483e56979276f480af08a6a,android-hw-a51-11-0-aarch64-shippable-qr,True,False,,|w|a|r|m| |w|e|b|r|e|n|d|e|r|,102210fe594ee9b33d82058545b1ed14f4c8206e,PerceptualSpeedIndex,ebay-kleinanzeigen,True,ebay-kleinanzeigen PerceptualSpeedIndex opt warm webrender,,77,ms,geckoview,,1774570802,2023-10-17 00:17:31,1317700,,,,,,,,,,,,,,,,,,,,,,,,,,,,,,,,,,,,,,,,,,,,,,,,,TN
780,896b283a3e7185d805f59d4dcb3d6bb89e9e62d8,0.043814264195428665,autoland,4366813,13,930eca14459531ff5483e56979276f480af08a6a,android-hw-a51-11-0-aarch64-shippable-qr,True,False,,|w|a|r|m| |w|e|b|r|e|n|d|e|r|,102210fe594ee9b33d82058545b1ed14f4c8206e,PerceptualSpeedIndex,ebay-kleinanzeigen,True,ebay-kleinanzeigen PerceptualSpeedIndex opt warm webrender,,77,ms,geckoview,,1774694363,2023-10-17 05:18:57,1317768,,,,,,,,,,,,,,,,,,,,,,,,,,,,,,,,,,,,,,,,,,,,,,,,,TN
781,ca60a5861d4a8bd5de1c8e5a9f76c9e35767c38c,0.05678171458510706,autoland,4366813,13,930eca14459531ff5483e56979276f480af08a6a,android-hw-a51-11-0-aarch64-shippable-qr,True,False,,|w|a|r|m| |w|e|b|r|e|n|d|e|r|,102210fe594ee9b33d82058545b1ed14f4c8206e,PerceptualSpeedIndex,ebay-kleinanzeigen,True,ebay-kleinanzeigen PerceptualSpeedIndex opt warm webrender,,77,ms,geckoview,,1774718101,2023-10-17 06:01:55,1317782,,,,,,,,,,,,,,,,,,,,,,,,,,,,,,,,,,,,,,,,,,,,,,,,,TN
782,d59eb47c0fe47f9dd6886090330bcd49c47262ce,0.07983495972231325,autoland,4366813,13,930eca14459531ff5483e56979276f480af08a6a,android-hw-a51-11-0-aarch64-shippable-qr,True,False,,|w|a|r|m| |w|e|b|r|e|n|d|e|r|,102210fe594ee9b33d82058545b1ed14f4c8206e,PerceptualSpeedIndex,ebay-kleinanzeigen,True,ebay-kleinanzeigen PerceptualSpeedIndex opt warm webrender,,77,ms,geckoview,,1774874366,2023-10-17 10:34:28,1317920,,,,,,,,,,,,,,,,,,,,,,,,,,,,,,,,,,,,,,,,,,,,,,,,,TN
783,9b7c81791d7f619271724e082934a933604e20da,0.05023249721658263,autoland,4366813,13,930eca14459531ff5483e56979276f480af08a6a,android-hw-a51-11-0-aarch64-shippable-qr,True,False,,|w|a|r|m| |w|e|b|r|e|n|d|e|r|,102210fe594ee9b33d82058545b1ed14f4c8206e,PerceptualSpeedIndex,ebay-kleinanzeigen,True,ebay-kleinanzeigen PerceptualSpeedIndex opt warm webrender,,77,ms,geckoview,,1774988204,2023-10-17 13:02:41,1318010,,,,,,,,,,,,,,,,,,,,,,,,,,,,,,,,,,,,,,,,,,,,,,,,,TN
784,684641630402200d14bf5126668b97a4f280fe59,0.15312070207610196,autoland,4366813,13,930eca14459531ff5483e56979276f480af08a6a,android-hw-a51-11-0-aarch64-shippable-qr,True,False,,|w|a|r|m| |w|e|b|r|e|n|d|e|r|,102210fe594ee9b33d82058545b1ed14f4c8206e,PerceptualSpeedIndex,ebay-kleinanzeigen,True,ebay-kleinanzeigen PerceptualSpeedIndex opt warm webrender,,77,ms,geckoview,,1775149328,2023-10-17 16:53:16,1318176,,,,,,,,,,,,,,,,,,,,,,,,,,,,,,,,,,,,,,,,,,,,,,,,,TN
785,421ffc7aa24ace087dc2a09680943f412adc38ff,0.04473115462702204,autoland,4366813,13,930eca14459531ff5483e56979276f480af08a6a,android-hw-a51-11-0-aarch64-shippable-qr,True,False,,|w|a|r|m| |w|e|b|r|e|n|d|e|r|,102210fe594ee9b33d82058545b1ed14f4c8206e,PerceptualSpeedIndex,ebay-kleinanzeigen,True,ebay-kleinanzeigen PerceptualSpeedIndex opt warm webrender,,77,ms,geckoview,,1775403681,2023-10-17 21:03:18,1318349,,,,,,,,,,,,,,,,,,,,,,,,,,,,,,,,,,,,,,,,,,,,,,,,,TN
786,4091bed4a0aae7772537e08e6cb49bf0bc7434c9,0.04047416333748122,autoland,4366813,13,930eca14459531ff5483e56979276f480af08a6a,android-hw-a51-11-0-aarch64-shippable-qr,True,False,,|w|a|r|m| |w|e|b|r|e|n|d|e|r|,102210fe594ee9b33d82058545b1ed14f4c8206e,PerceptualSpeedIndex,ebay-kleinanzeigen,True,ebay-kleinanzeigen PerceptualSpeedIndex opt warm webrender,,77,ms,geckoview,,1775390074,2023-10-17 21:04:13,1318350,,,,,,,,,,,,,,,,,,,,,,,,,,,,,,,,,,,,,,,,,,,,,,,,,TN
787,ba691c21c968a48e1bd212426fcc20fa5f4c276d,0.04152203811644506,autoland,4366813,13,930eca14459531ff5483e56979276f480af08a6a,android-hw-a51-11-0-aarch64-shippable-qr,True,False,,|w|a|r|m| |w|e|b|r|e|n|d|e|r|,102210fe594ee9b33d82058545b1ed14f4c8206e,PerceptualSpeedIndex,ebay-kleinanzeigen,True,ebay-kleinanzeigen PerceptualSpeedIndex opt warm webrender,,77,ms,geckoview,,1775566181,2023-10-18 01:40:11,1318466,,,,,,,,,,,,,,,,,,,,,,,,,,,,,,,,,,,,,,,,,,,,,,,,,TN
788,47d77a0e86e138652fedb38962b9709f9c0fb98d,0.04571353723230076,autoland,4366813,13,930eca14459531ff5483e56979276f480af08a6a,android-hw-a51-11-0-aarch64-shippable-qr,True,False,,|w|a|r|m| |w|e|b|r|e|n|d|e|r|,102210fe594ee9b33d82058545b1ed14f4c8206e,PerceptualSpeedIndex,ebay-kleinanzeigen,True,ebay-kleinanzeigen PerceptualSpeedIndex opt warm webrender,,77,ms,geckoview,,1775674714,2023-10-18 07:31:34,1318540,,,,,,,,,,,,,,,,,,,,,,,,,,,,,,,,,,,,,,,,,,,,,,,,,TN
789,639c0da2250e38bb3102b66c6105aaf808e2a817,0.04021219464274017,autoland,4366813,13,930eca14459531ff5483e56979276f480af08a6a,android-hw-a51-11-0-aarch64-shippable-qr,True,False,,|w|a|r|m| |w|e|b|r|e|n|d|e|r|,102210fe594ee9b33d82058545b1ed14f4c8206e,PerceptualSpeedIndex,ebay-kleinanzeigen,True,ebay-kleinanzeigen PerceptualSpeedIndex opt warm webrender,,77,ms,geckoview,,1775886319,2023-10-18 11:51:04,1318689,,,,,,,,,,,,,,,,,,,,,,,,,,,,,,,,,,,,,,,,,,,,,,,,,TN
790,023ae54874d34eb300cdfa9630da4455cb406ad3,0.034055930316327254,autoland,4366813,13,930eca14459531ff5483e56979276f480af08a6a,android-hw-a51-11-0-aarch64-shippable-qr,True,False,,|w|a|r|m| |w|e|b|r|e|n|d|e|r|,102210fe594ee9b33d82058545b1ed14f4c8206e,PerceptualSpeedIndex,ebay-kleinanzeigen,True,ebay-kleinanzeigen PerceptualSpeedIndex opt warm webrender,,77,ms,geckoview,,1776058726,2023-10-18 16:05:19,1318932,,,,,,,,,,,,,,,,,,,,,,,,,,,,,,,,,,,,,,,,,,,,,,,,,TN
791,361e571454e94ba0cfa1a86d2a7f63a24455581c,0.05678171458510706,autoland,4366813,13,930eca14459531ff5483e56979276f480af08a6a,android-hw-a51-11-0-aarch64-shippable-qr,True,False,,|w|a|r|m| |w|e|b|r|e|n|d|e|r|,102210fe594ee9b33d82058545b1ed14f4c8206e,PerceptualSpeedIndex,ebay-kleinanzeigen,True,ebay-kleinanzeigen PerceptualSpeedIndex opt warm webrender,,77,ms,geckoview,,1776085165,2023-10-18 16:32:33,1318947,,,,,,,,,,,,,,,,,,,,,,,,,,,,,,,,,,,,,,,,,,,,,,,,,TN
792,77f05957a4fc15dc053469145b93089adfec3484,0.08874189534350652,autoland,4366813,13,930eca14459531ff5483e56979276f480af08a6a,android-hw-a51-11-0-aarch64-shippable-qr,True,False,,|w|a|r|m| |w|e|b|r|e|n|d|e|r|,102210fe594ee9b33d82058545b1ed14f4c8206e,PerceptualSpeedIndex,ebay-kleinanzeigen,True,ebay-kleinanzeigen PerceptualSpeedIndex opt warm webrender,,77,ms,geckoview,,1776319162,2023-10-18 20:42:45,1319167,,,,,,,,,,,,,,,,,,,,,,,,,,,,,,,,,,,,,,,,,,,,,,,,,TN
793,e059b0995a2a62238ca266c3ed9955434ac43517,0.04630296679546797,autoland,4366813,13,930eca14459531ff5483e56979276f480af08a6a,android-hw-a51-11-0-aarch64-shippable-qr,True,False,,|w|a|r|m| |w|e|b|r|e|n|d|e|r|,102210fe594ee9b33d82058545b1ed14f4c8206e,PerceptualSpeedIndex,ebay-kleinanzeigen,True,ebay-kleinanzeigen PerceptualSpeedIndex opt warm webrender,,77,ms,geckoview,,1776289533,2023-10-18 20:46:18,1319169,,,,,,,,,,,,,,,,,,,,,,,,,,,,,,,,,,,,,,,,,,,,,,,,,TN
794,beb80bb8c90921077e9c1130ad5a8e925dc060b7,0.03634815639531075,autoland,4366813,13,930eca14459531ff5483e56979276f480af08a6a,android-hw-a51-11-0-aarch64-shippable-qr,True,False,,|w|a|r|m| |w|e|b|r|e|n|d|e|r|,102210fe594ee9b33d82058545b1ed14f4c8206e,PerceptualSpeedIndex,ebay-kleinanzeigen,True,ebay-kleinanzeigen PerceptualSpeedIndex opt warm webrender,,77,ms,geckoview,,1776420926,2023-10-18 23:25:14,1319276,,,,,,,,,,,,,,,,,,,,,,,,,,,,,,,,,,,,,,,,,,,,,,,,,TN
795,53cee944c60ac3c237a9aa2dacd19aa6bde80c2a,0.04099810072696308,autoland,4366813,13,930eca14459531ff5483e56979276f480af08a6a,android-hw-a51-11-0-aarch64-shippable-qr,True,False,,|w|a|r|m| |w|e|b|r|e|n|d|e|r|,102210fe594ee9b33d82058545b1ed14f4c8206e,PerceptualSpeedIndex,ebay-kleinanzeigen,True,ebay-kleinanzeigen PerceptualSpeedIndex opt warm webrender,,77,ms,geckoview,,1776636189,2023-10-19 04:23:12,1319373,,,,,,,,,,,,,,,,,,,,,,,,,,,,,,,,,,,,,,,,,,,,,,,,,TN
796,a9a0ca5dc9605973d81ded607dfccd4d0a08dc68,0.03615167987425505,autoland,4366813,13,930eca14459531ff5483e56979276f480af08a6a,android-hw-a51-11-0-aarch64-shippable-qr,True,False,,|w|a|r|m| |w|e|b|r|e|n|d|e|r|,102210fe594ee9b33d82058545b1ed14f4c8206e,PerceptualSpeedIndex,ebay-kleinanzeigen,True,ebay-kleinanzeigen PerceptualSpeedIndex opt warm webrender,,77,ms,geckoview,,1776753063,2023-10-19 08:39:29,1319455,,,,,,,,,,,,,,,,,,,,,,,,,,,,,,,,,,,,,,,,,,,,,,,,,TN
797,2981b7bbee06c518301e1542545e92b6d80a8d0b,0.051345864169231814,autoland,4366813,13,930eca14459531ff5483e56979276f480af08a6a,android-hw-a51-11-0-aarch64-shippable-qr,True,False,,|w|a|r|m| |w|e|b|r|e|n|d|e|r|,102210fe594ee9b33d82058545b1ed14f4c8206e,PerceptualSpeedIndex,ebay-kleinanzeigen,True,ebay-kleinanzeigen PerceptualSpeedIndex opt warm webrender,,77,ms,geckoview,,1776849279,2023-10-19 12:43:18,1319613,,,,,,,,,,,,,,,,,,,,,,,,,,,,,,,,,,,,,,,,,,,,,,,,,TN
798,8be39770f68cb52d1a2b14bdf31a34f5e54212e8,0.03333551640578958,autoland,4366813,13,930eca14459531ff5483e56979276f480af08a6a,android-hw-a51-11-0-aarch64-shippable-qr,True,False,,|w|a|r|m| |w|e|b|r|e|n|d|e|r|,102210fe594ee9b33d82058545b1ed14f4c8206e,PerceptualSpeedIndex,ebay-kleinanzeigen,True,ebay-kleinanzeigen PerceptualSpeedIndex opt warm webrender,,77,ms,geckoview,,1776871392,2023-10-19 12:48:25,1319617,,,,,,,,,,,,,,,,,,,,,,,,,,,,,,,,,,,,,,,,,,,,,,,,,TN
799,fafeb43eefd13b4df24d6526d729b15fb42b7d27,0.07885257711703453,autoland,4366813,13,930eca14459531ff5483e56979276f480af08a6a,android-hw-a51-11-0-aarch64-shippable-qr,True,False,,|w|a|r|m| |w|e|b|r|e|n|d|e|r|,102210fe594ee9b33d82058545b1ed14f4c8206e,PerceptualSpeedIndex,ebay-kleinanzeigen,True,ebay-kleinanzeigen PerceptualSpeedIndex opt warm webrender,,77,ms,geckoview,,1776948556,2023-10-19 17:06:19,1319833,,,,,,,,,,,,,,,,,,,,,,,,,,,,,,,,,,,,,,,,,,,,,,,,,TN
800,b557109f1b5dd0a5c7be013c630945f886e17708,0.03575872683214354,autoland,4366813,13,930eca14459531ff5483e56979276f480af08a6a,android-hw-a51-11-0-aarch64-shippable-qr,True,False,,|w|a|r|m| |w|e|b|r|e|n|d|e|r|,102210fe594ee9b33d82058545b1ed14f4c8206e,PerceptualSpeedIndex,ebay-kleinanzeigen,True,ebay-kleinanzeigen PerceptualSpeedIndex opt warm webrender,,77,ms,geckoview,,1777059441,2023-10-19 22:45:17,1320076,,,,,,,,,,,,,,,,,,,,,,,,,,,,,,,,,,,,,,,,,,,,,,,,,TN
801,0546c85daa8d8b6f7a8c5a842fdf1a990215e249,0.03281157901630749,autoland,4366813,13,930eca14459531ff5483e56979276f480af08a6a,android-hw-a51-11-0-aarch64-shippable-qr,True,False,,|w|a|r|m| |w|e|b|r|e|n|d|e|r|,102210fe594ee9b33d82058545b1ed14f4c8206e,PerceptualSpeedIndex,ebay-kleinanzeigen,True,ebay-kleinanzeigen PerceptualSpeedIndex opt warm webrender,,77,ms,geckoview,,1777080262,2023-10-19 22:59:16,1320081,,,,,,,,,,,,,,,,,,,,,,,,,,,,,,,,,,,,,,,,,,,,,,,,,TN
802,dc0d913ecc2486cafc7a005d2fe6705f2c7da222,0.04597550592704169,autoland,4366813,13,930eca14459531ff5483e56979276f480af08a6a,android-hw-a51-11-0-aarch64-shippable-qr,True,False,,|w|a|r|m| |w|e|b|r|e|n|d|e|r|,102210fe594ee9b33d82058545b1ed14f4c8206e,PerceptualSpeedIndex,ebay-kleinanzeigen,True,ebay-kleinanzeigen PerceptualSpeedIndex opt warm webrender,,77,ms,geckoview,,1777174880,2023-10-20 03:32:37,1320137,,,,,,,,,,,,,,,,,,,,,,,,,,,,,,,,,,,,,,,,,,,,,,,,,TN
803,5ebf0b67d0519897b95e84598900434fe92b7abb,0.0856637631803,autoland,4366813,13,930eca14459531ff5483e56979276f480af08a6a,android-hw-a51-11-0-aarch64-shippable-qr,True,False,,|w|a|r|m| |w|e|b|r|e|n|d|e|r|,102210fe594ee9b33d82058545b1ed14f4c8206e,PerceptualSpeedIndex,ebay-kleinanzeigen,True,ebay-kleinanzeigen PerceptualSpeedIndex opt warm webrender,,77,ms,geckoview,,1777379638,2023-10-20 09:14:56,1320186,,,,,,,,,,,,,,,,,,,,,,,,,,,,,,,,,,,,,,,,,,,,,,,,,TN
804,dfa7f17930eb1b48ff7435494924a0711114e40a,0.039033335516405754,autoland,4366813,13,930eca14459531ff5483e56979276f480af08a6a,android-hw-a51-11-0-aarch64-shippable-qr,True,False,,|w|a|r|m| |w|e|b|r|e|n|d|e|r|,102210fe594ee9b33d82058545b1ed14f4c8206e,PerceptualSpeedIndex,ebay-kleinanzeigen,True,ebay-kleinanzeigen PerceptualSpeedIndex opt warm webrender,,77,ms,geckoview,,1777429662,2023-10-20 14:06:35,1320283,,,,,,,,,,,,,,,,,,,,,,,,,,,,,,,,,,,,,,,,,,,,,,,,,TN
805,8f4fc4b6cc05c16482986671d19d546faf6cb212,0.07872159276966406,autoland,4366813,13,930eca14459531ff5483e56979276f480af08a6a,android-hw-a51-11-0-aarch64-shippable-qr,True,False,,|w|a|r|m| |w|e|b|r|e|n|d|e|r|,102210fe594ee9b33d82058545b1ed14f4c8206e,PerceptualSpeedIndex,ebay-kleinanzeigen,True,ebay-kleinanzeigen PerceptualSpeedIndex opt warm webrender,,77,ms,geckoview,,1777444250,2023-10-20 15:24:34,1320314,,,,,,,,,,,,,,,,,,,,,,,,,,,,,,,,,,,,,,,,,,,,,,,,,TN
806,f4da998c2ad5be8d29b4e2523b56d9d5e2a58984,0.03916431986377633,autoland,4366813,13,930eca14459531ff5483e56979276f480af08a6a,android-hw-a51-11-0-aarch64-shippable-qr,True,False,,|w|a|r|m| |w|e|b|r|e|n|d|e|r|,102210fe594ee9b33d82058545b1ed14f4c8206e,PerceptualSpeedIndex,ebay-kleinanzeigen,True,ebay-kleinanzeigen PerceptualSpeedIndex opt warm webrender,,77,ms,geckoview,,1777568718,2023-10-20 21:24:05,1320380,,,,,,,,,,,,,,,,,,,,,,,,,,,,,,,,,,,,,,,,,,,,,,,,,TN
807,4124eee4f58ca46e13cb937c757a2fe1875120f0,0.050756434606064604,autoland,4366813,13,930eca14459531ff5483e56979276f480af08a6a,android-hw-a51-11-0-aarch64-shippable-qr,True,False,,|w|a|r|m| |w|e|b|r|e|n|d|e|r|,102210fe594ee9b33d82058545b1ed14f4c8206e,PerceptualSpeedIndex,ebay-kleinanzeigen,True,ebay-kleinanzeigen PerceptualSpeedIndex opt warm webrender,,77,ms,geckoview,,1777680949,2023-10-21 14:30:38,1320453,,,,,,,,,,,,,,,,,,,,,,,,,,,,,,,,,,,,,,,,,,,,,,,,,TN
808,529ec79bcdfd6a273fe6607c2a34bcc93c009ec5,0.039229812037461564,autoland,4366813,13,930eca14459531ff5483e56979276f480af08a6a,android-hw-a51-11-0-aarch64-shippable-qr,True,False,,|w|a|r|m| |w|e|b|r|e|n|d|e|r|,102210fe594ee9b33d82058545b1ed14f4c8206e,PerceptualSpeedIndex,ebay-kleinanzeigen,True,ebay-kleinanzeigen PerceptualSpeedIndex opt warm webrender,,77,ms,geckoview,,1777791357,2023-10-22 19:07:04,1320522,,,,,,,,,,,,,,,,,,,,,,,,,,,,,,,,,,,,,,,,,,,,,,,,,TN
809,52f2e6e80f6f7d8ab6eaaa36c4aa47c5be27a7a1,0.05429301198506786,autoland,4366813,13,930eca14459531ff5483e56979276f480af08a6a,android-hw-a51-11-0-aarch64-shippable-qr,True,False,,|w|a|r|m| |w|e|b|r|e|n|d|e|r|,102210fe594ee9b33d82058545b1ed14f4c8206e,PerceptualSpeedIndex,ebay-kleinanzeigen,True,ebay-kleinanzeigen PerceptualSpeedIndex opt warm webrender,,77,ms,geckoview,,1777903899,2023-10-22 21:46:31,1320539,,,,,,,,,,,,,,,,,,,,,,,,,,,,,,,,,,,,,,,,,,,,,,,,,TN
810,acba8a75249bc2b26b143d4d2830575cf0d7bcc2,0.04270089724277948,autoland,4366813,13,930eca14459531ff5483e56979276f480af08a6a,android-hw-a51-11-0-aarch64-shippable-qr,True,False,,|w|a|r|m| |w|e|b|r|e|n|d|e|r|,102210fe594ee9b33d82058545b1ed14f4c8206e,PerceptualSpeedIndex,ebay-kleinanzeigen,True,ebay-kleinanzeigen PerceptualSpeedIndex opt warm webrender,,77,ms,geckoview,,1778070936,2023-10-23 11:07:29,1320744,,,,,,,,,,,,,,,,,,,,,,,,,,,,,,,,,,,,,,,,,,,,,,,,,TN
811,818b5938920e6868a3f3b5a16b0c972bd8ec5cfc,0.037657999869015746,autoland,4366813,13,930eca14459531ff5483e56979276f480af08a6a,android-hw-a51-11-0-aarch64-shippable-qr,True,False,,|w|a|r|m| |w|e|b|r|e|n|d|e|r|,102210fe594ee9b33d82058545b1ed14f4c8206e,PerceptualSpeedIndex,ebay-kleinanzeigen,True,ebay-kleinanzeigen PerceptualSpeedIndex opt warm webrender,,77,ms,geckoview,,1778099923,2023-10-23 12:26:53,1320781,,,,,,,,,,,,,,,,,,,,,,,,,,,,,,,,,,,,,,,,,,,,,,,,,TN
812,f222bdcd6517e233cb62a3164afd50fd17a55e62,0.03975374942694343,autoland,4366813,13,930eca14459531ff5483e56979276f480af08a6a,android-hw-a51-11-0-aarch64-shippable-qr,True,False,,|w|a|r|m| |w|e|b|r|e|n|d|e|r|,102210fe594ee9b33d82058545b1ed14f4c8206e,PerceptualSpeedIndex,ebay-kleinanzeigen,True,ebay-kleinanzeigen PerceptualSpeedIndex opt warm webrender,,77,ms,geckoview,,1778290710,2023-10-23 15:48:05,1320978,,,,,,,,,,,,,,,,,,,,,,,,,,,,,,,,,,,,,,,,,,,,,,,,,TN
813,00c1813123fd4ca7ec1446ebdabe2848814e550e,0.05147684851660228,autoland,4366813,13,930eca14459531ff5483e56979276f480af08a6a,android-hw-a51-11-0-aarch64-shippable-qr,True,False,,|w|a|r|m| |w|e|b|r|e|n|d|e|r|,102210fe594ee9b33d82058545b1ed14f4c8206e,PerceptualSpeedIndex,ebay-kleinanzeigen,True,ebay-kleinanzeigen PerceptualSpeedIndex opt warm webrender,,77,ms,geckoview,,1778361014,2023-10-23 17:53:04,1321095,,,,,,,,,,,,,,,,,,,,,,,,,,,,,,,,,,,,,,,,,,,,,,,,,TN
814,0fdbf0a455f26afa0a7a0390d6a380e318fce9d4,0.03634815639531075,autoland,4366813,13,930eca14459531ff5483e56979276f480af08a6a,android-hw-a51-11-0-aarch64-shippable-qr,True,False,,|w|a|r|m| |w|e|b|r|e|n|d|e|r|,102210fe594ee9b33d82058545b1ed14f4c8206e,PerceptualSpeedIndex,ebay-kleinanzeigen,True,ebay-kleinanzeigen PerceptualSpeedIndex opt warm webrender,,77,ms,geckoview,,1778497758,2023-10-23 20:36:06,1321210,,,,,,,,,,,,,,,,,,,,,,,,,,,,,,,,,,,,,,,,,,,,,,,,,TN
815,ed9d130c38a8858740845db8ec5c8bb7e68cce65,0.04335581897963192,autoland,4366813,13,930eca14459531ff5483e56979276f480af08a6a,android-hw-a51-11-0-aarch64-shippable-qr,True,False,,|w|a|r|m| |w|e|b|r|e|n|d|e|r|,102210fe594ee9b33d82058545b1ed14f4c8206e,PerceptualSpeedIndex,ebay-kleinanzeigen,True,ebay-kleinanzeigen PerceptualSpeedIndex opt warm webrender,,77,ms,geckoview,,1778699608,2023-10-24 00:49:55,1321359,,,,,,,,,,,,,,,,,,,,,,,,,,,,,,,,,,,,,,,,,,,,,,,,,TN
816,bcdbc81d4adffb0c3b1e04e1854e43cf49314d92,0.0396882572532582,autoland,4366813,13,930eca14459531ff5483e56979276f480af08a6a,android-hw-a51-11-0-aarch64-shippable-qr,True,False,,|w|a|r|m| |w|e|b|r|e|n|d|e|r|,102210fe594ee9b33d82058545b1ed14f4c8206e,PerceptualSpeedIndex,ebay-kleinanzeigen,True,ebay-kleinanzeigen PerceptualSpeedIndex opt warm webrender,,77,ms,geckoview,,1778835633,2023-10-24 05:06:29,1321416,,,,,,,,,,,,,,,,,,,,,,,,,,,,,,,,,,,,,,,,,,,,,,,,,TN
817,36a87a6432703a1f3a1f2a92756c90146a19e5f2,0.038443905953238544,autoland,4366813,13,930eca14459531ff5483e56979276f480af08a6a,android-hw-a51-11-0-aarch64-shippable-qr,True,False,,|w|a|r|m| |w|e|b|r|e|n|d|e|r|,102210fe594ee9b33d82058545b1ed14f4c8206e,PerceptualSpeedIndex,ebay-kleinanzeigen,True,ebay-kleinanzeigen PerceptualSpeedIndex opt warm webrender,,77,ms,geckoview,,1778941850,2023-10-24 08:18:26,1321456,,,,,,,,,,,,,,,,,,,,,,,,,,,,,,,,,,,,,,,,,,,,,,,,,TN
818,ea758c7008d76a67d75d4874bb1a1a00838f4128,0.027703189468858525,autoland,4366813,13,930eca14459531ff5483e56979276f480af08a6a,android-hw-a51-11-0-aarch64-shippable-qr,True,False,,|w|a|r|m| |w|e|b|r|e|n|d|e|r|,102210fe594ee9b33d82058545b1ed14f4c8206e,PerceptualSpeedIndex,ebay-kleinanzeigen,True,ebay-kleinanzeigen PerceptualSpeedIndex opt warm webrender,,77,ms,geckoview,,1779065652,2023-10-24 12:23:09,1321565,,,,,,,,,,,,,,,,,,,,,,,,,,,,,,,,,,,,,,,,,,,,,,,,,TN
819,eccda51a6f68b20cfe9af1e94b9336b9856b103e,0.042635405069094245,autoland,4366813,13,930eca14459531ff5483e56979276f480af08a6a,android-hw-a51-11-0-aarch64-shippable-qr,True,False,,|w|a|r|m| |w|e|b|r|e|n|d|e|r|,102210fe594ee9b33d82058545b1ed14f4c8206e,PerceptualSpeedIndex,ebay-kleinanzeigen,True,ebay-kleinanzeigen PerceptualSpeedIndex opt warm webrender,,77,ms,geckoview,,1779146248,2023-10-24 13:48:19,1321616,,,,,,,,,,,,,,,,,,,,,,,,,,,,,,,,,,,,,,,,,,,,,,,,,TN
820,b2dec8a51f6e781be65a730cfde18a11c9569f94,0.023380706005632357,autoland,4366813,13,930eca14459531ff5483e56979276f480af08a6a,android-hw-a51-11-0-aarch64-shippable-qr,True,False,,|w|a|r|m| |w|e|b|r|e|n|d|e|r|,102210fe594ee9b33d82058545b1ed14f4c8206e,PerceptualSpeedIndex,ebay-kleinanzeigen,True,ebay-kleinanzeigen PerceptualSpeedIndex opt warm webrender,,77,ms,geckoview,,1779382311,2023-10-24 17:52:45,1321799,,,,,,,,,,,,,,,,,,,,,,,,,,,,,,,,,,,,,,,,,,,,,,,,,TN
821,27ee97bc90986bde66dfb122cc4c8a6a3730e4a3,0.038050952911127145,autoland,4366813,13,930eca14459531ff5483e56979276f480af08a6a,android-hw-a51-11-0-aarch64-shippable-qr,True,False,,|w|a|r|m| |w|e|b|r|e|n|d|e|r|,102210fe594ee9b33d82058545b1ed14f4c8206e,PerceptualSpeedIndex,ebay-kleinanzeigen,True,ebay-kleinanzeigen PerceptualSpeedIndex opt warm webrender,,77,ms,geckoview,,1779563022,2023-10-24 21:54:59,1321984,,,,,,,,,,,,,,,,,,,,,,,,,,,,,,,,,,,,,,,,,,,,,,,,,TN
822,edfb4ab939a51c9dc131c959da539ef71f17cf5f,0.04093260855327796,autoland,4366813,13,930eca14459531ff5483e56979276f480af08a6a,android-hw-a51-11-0-aarch64-shippable-qr,True,False,,|w|a|r|m| |w|e|b|r|e|n|d|e|r|,102210fe594ee9b33d82058545b1ed14f4c8206e,PerceptualSpeedIndex,ebay-kleinanzeigen,True,ebay-kleinanzeigen PerceptualSpeedIndex opt warm webrender,,77,ms,geckoview,,1779660321,2023-10-25 01:35:01,1322066,,,,,,,,,,,,,,,,,,,,,,,,,,,,,,,,,,,,,,,,,,,,,,,,,TN
823,c00936a538d944ced81780de7e2670806145f0ec,0.038836858995350054,autoland,4366813,13,930eca14459531ff5483e56979276f480af08a6a,android-hw-a51-11-0-aarch64-shippable-qr,True,False,,|w|a|r|m| |w|e|b|r|e|n|d|e|r|,102210fe594ee9b33d82058545b1ed14f4c8206e,PerceptualSpeedIndex,ebay-kleinanzeigen,True,ebay-kleinanzeigen PerceptualSpeedIndex opt warm webrender,,77,ms,geckoview,,1779725679,2023-10-25 05:46:17,1322115,,,,,,,,,,,,,,,,,,,,,,,,,,,,,,,,,,,,,,,,,,,,,,,,,TN
824,03d61eb955a9ac6e3374ca4c5504edc41cd1aa4a,0.037461523347959935,autoland,4366813,13,930eca14459531ff5483e56979276f480af08a6a,android-hw-a51-11-0-aarch64-shippable-qr,True,False,,|w|a|r|m| |w|e|b|r|e|n|d|e|r|,102210fe594ee9b33d82058545b1ed14f4c8206e,PerceptualSpeedIndex,ebay-kleinanzeigen,True,ebay-kleinanzeigen PerceptualSpeedIndex opt warm webrender,,77,ms,geckoview,,1779967860,2023-10-25 09:46:40,1322203,,,,,,,,,,,,,,,,,,,,,,,,,,,,,,,,,,,,,,,,,,,,,,,,,TN
825,44697a7ca8612ae5a4807f530347c3df1d2c191a,0.04564804505861553,autoland,4366813,13,930eca14459531ff5483e56979276f480af08a6a,android-hw-a51-11-0-aarch64-shippable-qr,True,False,,|w|a|r|m| |w|e|b|r|e|n|d|e|r|,102210fe594ee9b33d82058545b1ed14f4c8206e,PerceptualSpeedIndex,ebay-kleinanzeigen,True,ebay-kleinanzeigen PerceptualSpeedIndex opt warm webrender,,77,ms,geckoview,,1780000509,2023-10-25 12:40:12,1322280,,,,,,,,,,,,,,,,,,,,,,,,,,,,,,,,,,,,,,,,,,,,,,,,,TN
826,b8c2a1837c16c66a12ef79eaf5545e92ae448768,0.04073613203222215,autoland,4366813,13,930eca14459531ff5483e56979276f480af08a6a,android-hw-a51-11-0-aarch64-shippable-qr,True,False,,|w|a|r|m| |w|e|b|r|e|n|d|e|r|,102210fe594ee9b33d82058545b1ed14f4c8206e,PerceptualSpeedIndex,ebay-kleinanzeigen,True,ebay-kleinanzeigen PerceptualSpeedIndex opt warm webrender,,77,ms,geckoview,,1780198970,2023-10-25 16:42:09,1322418,,,,,,,,,,,,,,,,,,,,,,,,,,,,,,,,,,,,,,,,,,,,,,,,,TN
827,691148c77012c40658cd4a6e4ee3ca178d1c1ca8,0.04748182592180239,autoland,4366813,13,930eca14459531ff5483e56979276f480af08a6a,android-hw-a51-11-0-aarch64-shippable-qr,True,False,,|w|a|r|m| |w|e|b|r|e|n|d|e|r|,102210fe594ee9b33d82058545b1ed14f4c8206e,PerceptualSpeedIndex,ebay-kleinanzeigen,True,ebay-kleinanzeigen PerceptualSpeedIndex opt warm webrender,,77,ms,geckoview,,1780207119,2023-10-25 18:17:29,1322468,,,,,,,,,,,,,,,,,,,,,,,,,,,,,,,,,,,,,,,,,,,,,,,,,TN
828,e6a52d2c9941178fa5113e3c7af81f561078c5f5,0.03137075119523225,autoland,4366813,13,930eca14459531ff5483e56979276f480af08a6a,android-hw-a51-11-0-aarch64-shippable-qr,True,False,,|w|a|r|m| |w|e|b|r|e|n|d|e|r|,102210fe594ee9b33d82058545b1ed14f4c8206e,PerceptualSpeedIndex,ebay-kleinanzeigen,True,ebay-kleinanzeigen PerceptualSpeedIndex opt warm webrender,,77,ms,geckoview,,1780413296,2023-10-25 21:16:28,1322573,,,,,,,,,,,,,,,,,,,,,,,,,,,,,,,,,,,,,,,,,,,,,,,,,TN
829,68373a168c7ca93b1aa9bb3016a1ffa9ad6b7aac,0.03333551640578958,autoland,4366813,13,930eca14459531ff5483e56979276f480af08a6a,android-hw-a51-11-0-aarch64-shippable-qr,True,False,,|w|a|r|m| |w|e|b|r|e|n|d|e|r|,102210fe594ee9b33d82058545b1ed14f4c8206e,PerceptualSpeedIndex,ebay-kleinanzeigen,True,ebay-kleinanzeigen PerceptualSpeedIndex opt warm webrender,,77,ms,geckoview,,1780549613,2023-10-26 00:52:13,1322694,,,,,,,,,,,,,,,,,,,,,,,,,,,,,,,,,,,,,,,,,,,,,,,,,TN
830,62489b97d11d4bb88f1184670849ed8c9dc61708,0.0438797563691139,autoland,4366813,13,930eca14459531ff5483e56979276f480af08a6a,android-hw-a51-11-0-aarch64-shippable-qr,True,False,,|w|a|r|m| |w|e|b|r|e|n|d|e|r|,102210fe594ee9b33d82058545b1ed14f4c8206e,PerceptualSpeedIndex,ebay-kleinanzeigen,True,ebay-kleinanzeigen PerceptualSpeedIndex opt warm webrender,,77,ms,geckoview,,1780713124,2023-10-26 04:52:14,1322765,,,,,,,,,,,,,,,,,,,,,,,,,,,,,,,,,,,,,,,,,,,,,,,,,TN
831,8923dca93b808a23856287229fc8f1c0c1d1e20e,0.036872093784792725,autoland,4366813,13,930eca14459531ff5483e56979276f480af08a6a,android-hw-a51-11-0-aarch64-shippable-qr,True,False,,|w|a|r|m| |w|e|b|r|e|n|d|e|r|,102210fe594ee9b33d82058545b1ed14f4c8206e,PerceptualSpeedIndex,ebay-kleinanzeigen,True,ebay-kleinanzeigen PerceptualSpeedIndex opt warm webrender,,77,ms,geckoview,,1780812241,2023-10-26 09:06:19,1322848,,,,,,,,,,,,,,,,,,,,,,,,,,,,,,,,,,,,,,,,,,,,,,,,,TN
832,4d2c1911361bbc41f63b4e807070a3d83596b70c,0.07787019451175592,autoland,4366813,13,930eca14459531ff5483e56979276f480af08a6a,android-hw-a51-11-0-aarch64-shippable-qr,True,False,,|w|a|r|m| |w|e|b|r|e|n|d|e|r|,102210fe594ee9b33d82058545b1ed14f4c8206e,PerceptualSpeedIndex,ebay-kleinanzeigen,True,ebay-kleinanzeigen PerceptualSpeedIndex opt warm webrender,,77,ms,geckoview,,1780859601,2023-10-26 09:07:41,1322851,,,,,,,,,,,,,,,,,,,,,,,,,,,,,,,,,,,,,,,,,,,,,,,,,TN
833,db6b75385ffe5e764d60c5842add31b3a90c0587,0.05239373894819577,autoland,4366813,13,930eca14459531ff5483e56979276f480af08a6a,android-hw-a51-11-0-aarch64-shippable-qr,True,False,,|w|a|r|m| |w|e|b|r|e|n|d|e|r|,102210fe594ee9b33d82058545b1ed14f4c8206e,PerceptualSpeedIndex,ebay-kleinanzeigen,True,ebay-kleinanzeigen PerceptualSpeedIndex opt warm webrender,,77,ms,geckoview,,1780991888,2023-10-26 13:14:16,1322985,,,,,,,,,,,,,,,,,,,,,,,,,,,,,,,,,,,,,,,,,,,,,,,,,TN
834,630864299a197bf416ac18d405063b7ec40c3644,0.02979893902678632,autoland,4366813,13,930eca14459531ff5483e56979276f480af08a6a,android-hw-a51-11-0-aarch64-shippable-qr,True,False,,|w|a|r|m| |w|e|b|r|e|n|d|e|r|,102210fe594ee9b33d82058545b1ed14f4c8206e,PerceptualSpeedIndex,ebay-kleinanzeigen,True,ebay-kleinanzeigen PerceptualSpeedIndex opt warm webrender,,77,ms,geckoview,,1781158547,2023-10-26 13:50:58,1323009,,,,,,,,,,,,,,,,,,,,,,,,,,,,,,,,,,,,,,,,,,,,,,,,,TN
835,945d53ccf09fe8c263a6a24db6604162a4707ff9,0.07118999279586091,autoland,4366813,13,930eca14459531ff5483e56979276f480af08a6a,android-hw-a51-11-0-aarch64-shippable-qr,True,False,,|w|a|r|m| |w|e|b|r|e|n|d|e|r|,102210fe594ee9b33d82058545b1ed14f4c8206e,PerceptualSpeedIndex,ebay-kleinanzeigen,True,ebay-kleinanzeigen PerceptualSpeedIndex opt warm webrender,,77,ms,geckoview,,1781226754,2023-10-26 17:52:00,1323156,,,,,,,,,,,,,,,,,,,,,,,,,,,,,,,,,,,,,,,,,,,,,,,,,TN
836,a1dbe7d2099563e23614b7c0d0b0f6923ab447f7,0.048005763311284366,autoland,4366813,13,930eca14459531ff5483e56979276f480af08a6a,android-hw-a51-11-0-aarch64-shippable-qr,True,False,,|w|a|r|m| |w|e|b|r|e|n|d|e|r|,102210fe594ee9b33d82058545b1ed14f4c8206e,PerceptualSpeedIndex,ebay-kleinanzeigen,True,ebay-kleinanzeigen PerceptualSpeedIndex opt warm webrender,,77,ms,geckoview,,1781253227,2023-10-26 19:25:04,1323220,,,,,,,,,,,,,,,,,,,,,,,,,,,,,,,,,,,,,,,,,,,,,,,,,TN
837,a880804c93083962e65cea658b69a28c06528e8e,0.030322876416268296,autoland,4366813,13,930eca14459531ff5483e56979276f480af08a6a,android-hw-a51-11-0-aarch64-shippable-qr,True,False,,|w|a|r|m| |w|e|b|r|e|n|d|e|r|,102210fe594ee9b33d82058545b1ed14f4c8206e,PerceptualSpeedIndex,ebay-kleinanzeigen,True,ebay-kleinanzeigen PerceptualSpeedIndex opt warm webrender,,77,ms,geckoview,,1781449570,2023-10-26 23:27:25,1323339,,,,,,,,,,,,,,,,,,,,,,,,,,,,,,,,,,,,,,,,,,,,,,,,,TN
838,6d47bee6d52ee11125f54db9df7336cbe69593c0,0.03058484511100923,autoland,4366813,13,930eca14459531ff5483e56979276f480af08a6a,android-hw-a51-11-0-aarch64-shippable-qr,True,False,,|w|a|r|m| |w|e|b|r|e|n|d|e|r|,102210fe594ee9b33d82058545b1ed14f4c8206e,PerceptualSpeedIndex,ebay-kleinanzeigen,True,ebay-kleinanzeigen PerceptualSpeedIndex opt warm webrender,,77,ms,geckoview,,1781464966,2023-10-27 00:10:25,1323363,,,,,,,,,,,,,,,,,,,,,,,,,,,,,,,,,,,,,,,,,,,,,,,,,TN
839,4024630f5ffa1704a32f70c816f1003b0af9f105,0.04558255288493018,autoland,4366813,13,930eca14459531ff5483e56979276f480af08a6a,android-hw-a51-11-0-aarch64-shippable-qr,True,False,,|w|a|r|m| |w|e|b|r|e|n|d|e|r|,102210fe594ee9b33d82058545b1ed14f4c8206e,PerceptualSpeedIndex,ebay-kleinanzeigen,True,ebay-kleinanzeigen PerceptualSpeedIndex opt warm webrender,,77,ms,geckoview,,1781626759,2023-10-27 05:17:25,1323421,,,,,,,,,,,,,,,,,,,,,,,,,,,,,,,,,,,,,,,,,,,,,,,,,TN
840,6e09ac4a4c291480d5951adca6d1659a46f571b2,0.04374877202174343,autoland,4366813,13,930eca14459531ff5483e56979276f480af08a6a,android-hw-a51-11-0-aarch64-shippable-qr,True,False,,|w|a|r|m| |w|e|b|r|e|n|d|e|r|,102210fe594ee9b33d82058545b1ed14f4c8206e,PerceptualSpeedIndex,ebay-kleinanzeigen,True,ebay-kleinanzeigen PerceptualSpeedIndex opt warm webrender,,77,ms,geckoview,,1781728582,2023-10-27 08:56:16,1323505,,,,,,,,,,,,,,,,,,,,,,,,,,,,,,,,,,,,,,,,,,,,,,,,,TN
841,6013b7df2b9133416d4244ef4d45c492f215c3d0,0.045189599842818784,autoland,4366813,13,930eca14459531ff5483e56979276f480af08a6a,android-hw-a51-11-0-aarch64-shippable-qr,True,False,,|w|a|r|m| |w|e|b|r|e|n|d|e|r|,102210fe594ee9b33d82058545b1ed14f4c8206e,PerceptualSpeedIndex,ebay-kleinanzeigen,True,ebay-kleinanzeigen PerceptualSpeedIndex opt warm webrender,,77,ms,geckoview,,1781892171,2023-10-27 13:05:02,1323649,,,,,,,,,,,,,,,,,,,,,,,,,,,,,,,,,,,,,,,,,,,,,,,,,TN
842,cda838e04db16590f96ddeaa7d7d54cc80e12a03,0.04505861549544832,autoland,4366813,13,930eca14459531ff5483e56979276f480af08a6a,android-hw-a51-11-0-aarch64-shippable-qr,True,False,,|w|a|r|m| |w|e|b|r|e|n|d|e|r|,102210fe594ee9b33d82058545b1ed14f4c8206e,PerceptualSpeedIndex,ebay-kleinanzeigen,True,ebay-kleinanzeigen PerceptualSpeedIndex opt warm webrender,,77,ms,geckoview,,1781918621,2023-10-27 13:54:58,1323685,,,,,,,,,,,,,,,,,,,,,,,,,,,,,,,,,,,,,,,,,,,,,,,,,TN
843,b6d6a9c84257af5a3d659491a2ab963896e70d0d,0.0373960311742747,autoland,4366813,13,930eca14459531ff5483e56979276f480af08a6a,android-hw-a51-11-0-aarch64-shippable-qr,True,False,,|w|a|r|m| |w|e|b|r|e|n|d|e|r|,102210fe594ee9b33d82058545b1ed14f4c8206e,PerceptualSpeedIndex,ebay-kleinanzeigen,True,ebay-kleinanzeigen PerceptualSpeedIndex opt warm webrender,,77,ms,geckoview,,1782066657,2023-10-27 17:16:47,1323813,,,,,,,,,,,,,,,,,,,,,,,,,,,,,,,,,,,,,,,,,,,,,,,,,TN
844,5c87acee8b894f06e4b248cb602b36ccfcef1615,0.07806667103281162,autoland,4366813,13,930eca14459531ff5483e56979276f480af08a6a,android-hw-a51-11-0-aarch64-shippable-qr,True,False,,|w|a|r|m| |w|e|b|r|e|n|d|e|r|,102210fe594ee9b33d82058545b1ed14f4c8206e,PerceptualSpeedIndex,ebay-kleinanzeigen,True,ebay-kleinanzeigen PerceptualSpeedIndex opt warm webrender,,77,ms,geckoview,,1782327229,2023-10-27 23:12:32,1323985,,,,,,,,,,,,,,,,,,,,,,,,,,,,,,,,,,,,,,,,,,,,,,,,,TN
845,0be08aa0812f81d5eb9f2235165d8478ebaf825b,0.03117427467417644,autoland,4366813,13,930eca14459531ff5483e56979276f480af08a6a,android-hw-a51-11-0-aarch64-shippable-qr,True,False,,|w|a|r|m| |w|e|b|r|e|n|d|e|r|,102210fe594ee9b33d82058545b1ed14f4c8206e,PerceptualSpeedIndex,ebay-kleinanzeigen,True,ebay-kleinanzeigen PerceptualSpeedIndex opt warm webrender,,77,ms,geckoview,,1782476888,2023-10-28 03:14:30,1324017,,,,,,,,,,,,,,,,,,,,,,,,,,,,,,,,,,,,,,,,,,,,,,,,,TN
846,da935aab57913c853df3002f297cc6eb76175828,0.03117427467417644,autoland,4366813,13,930eca14459531ff5483e56979276f480af08a6a,android-hw-a51-11-0-aarch64-shippable-qr,True,False,,|w|a|r|m| |w|e|b|r|e|n|d|e|r|,102210fe594ee9b33d82058545b1ed14f4c8206e,PerceptualSpeedIndex,ebay-kleinanzeigen,True,ebay-kleinanzeigen PerceptualSpeedIndex opt warm webrender,,77,ms,geckoview,,1783040264,2023-10-29 17:34:24,1324194,,,,,,,,,,,,,,,,,,,,,,,,,,,,,,,,,,,,,,,,,,,,,,,,,TN
847,61e57e6ba3b7e09a71062e7cdc44f395af832716,0.049381098958674485,autoland,4366813,13,930eca14459531ff5483e56979276f480af08a6a,android-hw-a51-11-0-aarch64-shippable-qr,True,False,,|w|a|r|m| |w|e|b|r|e|n|d|e|r|,102210fe594ee9b33d82058545b1ed14f4c8206e,PerceptualSpeedIndex,ebay-kleinanzeigen,True,ebay-kleinanzeigen PerceptualSpeedIndex opt warm webrender,,77,ms,geckoview,,1783127620,2023-10-29 22:37:58,1324214,,,,,,,,,,,,,,,,,,,,,,,,,,,,,,,,,,,,,,,,,,,,,,,,,TN
848,cfc1bbb8edcc79491d2e1267e84338d155b2ee3c,0.05481694937454973,autoland,4366813,13,930eca14459531ff5483e56979276f480af08a6a,android-hw-a51-11-0-aarch64-shippable-qr,True,False,,|w|a|r|m| |w|e|b|r|e|n|d|e|r|,102210fe594ee9b33d82058545b1ed14f4c8206e,PerceptualSpeedIndex,ebay-kleinanzeigen,True,ebay-kleinanzeigen PerceptualSpeedIndex opt warm webrender,,77,ms,geckoview,,1783242263,2023-10-30 03:06:34,1324224,,,,,,,,,,,,,,,,,,,,,,,,,,,,,,,,,,,,,,,,,,,,,,,,,TN
849,07ff1e2e4f656661631e6746f339e6232b59ebfd,0.03602069552688458,autoland,4366813,13,930eca14459531ff5483e56979276f480af08a6a,android-hw-a51-11-0-aarch64-shippable-qr,True,False,,|w|a|r|m| |w|e|b|r|e|n|d|e|r|,102210fe594ee9b33d82058545b1ed14f4c8206e,PerceptualSpeedIndex,ebay-kleinanzeigen,True,ebay-kleinanzeigen PerceptualSpeedIndex opt warm webrender,,77,ms,geckoview,,1783337450,2023-10-30 07:08:15,1324243,,,,,,,,,,,,,,,,,,,,,,,,,,,,,,,,,,,,,,,,,,,,,,,,,TN
850,9c6272da5dc92ff944d294d9a026bd42a408c784,0.08003143624336895,autoland,4366813,13,930eca14459531ff5483e56979276f480af08a6a,android-hw-a51-11-0-aarch64-shippable-qr,True,False,,|w|a|r|m| |w|e|b|r|e|n|d|e|r|,102210fe594ee9b33d82058545b1ed14f4c8206e,PerceptualSpeedIndex,ebay-kleinanzeigen,True,ebay-kleinanzeigen PerceptualSpeedIndex opt warm webrender,,77,ms,geckoview,,1783517978,2023-10-30 12:36:41,1324389,,,,,,,,,,,,,,,,,,,,,,,,,,,,,,,,,,,,,,,,,,,,,,,,,TN
851,d2a035a8329b5914bcd659ea1ea427c251c4d138,0.05010151286921216,autoland,4366813,13,930eca14459531ff5483e56979276f480af08a6a,android-hw-a51-11-0-aarch64-shippable-qr,True,False,,|w|a|r|m| |w|e|b|r|e|n|d|e|r|,102210fe594ee9b33d82058545b1ed14f4c8206e,PerceptualSpeedIndex,ebay-kleinanzeigen,True,ebay-kleinanzeigen PerceptualSpeedIndex opt warm webrender,,77,ms,geckoview,,1783597629,2023-10-30 13:43:34,1324429,,,,,,,,,,,,,,,,,,,,,,,,,,,,,,,,,,,,,,,,,,,,,,,,,TN
852,277907757ae0f5c9f9a9b4b15473ec6f3eab7674,0.07394066409064115,autoland,4366813,13,930eca14459531ff5483e56979276f480af08a6a,android-hw-a51-11-0-aarch64-shippable-qr,True,False,,|w|a|r|m| |w|e|b|r|e|n|d|e|r|,102210fe594ee9b33d82058545b1ed14f4c8206e,PerceptualSpeedIndex,ebay-kleinanzeigen,True,ebay-kleinanzeigen PerceptualSpeedIndex opt warm webrender,,77,ms,geckoview,,1783729554,2023-10-30 17:20:21,1324599,,,,,,,,,,,,,,,,,,,,,,,,,,,,,,,,,,,,,,,,,,,,,,,,,TN
853,250d50a3e9aedba6c41312d2ce03b03eabac5c84,0.07904905363809023,autoland,4366813,13,930eca14459531ff5483e56979276f480af08a6a,android-hw-a51-11-0-aarch64-shippable-qr,True,False,,|w|a|r|m| |w|e|b|r|e|n|d|e|r|,102210fe594ee9b33d82058545b1ed14f4c8206e,PerceptualSpeedIndex,ebay-kleinanzeigen,True,ebay-kleinanzeigen PerceptualSpeedIndex opt warm webrender,,77,ms,geckoview,,1783923483,2023-10-30 21:26:51,1324725,,,,,,,,,,,,,,,,,,,,,,,,,,,,,,,,,,,,,,,,,,,,,,,,,TN
854,9d87d8875f3012f1cb5e065b5861f41a29d1173c,0.030650337284694462,autoland,4366813,13,930eca14459531ff5483e56979276f480af08a6a,android-hw-a51-11-0-aarch64-shippable-qr,True,False,,|w|a|r|m| |w|e|b|r|e|n|d|e|r|,102210fe594ee9b33d82058545b1ed14f4c8206e,PerceptualSpeedIndex,ebay-kleinanzeigen,True,ebay-kleinanzeigen PerceptualSpeedIndex opt warm webrender,,77,ms,geckoview,,1783957177,2023-10-30 22:47:24,1324763,,,,,,,,,,,,,,,,,,,,,,,,,,,,,,,,,,,,,,,,,,,,,,,,,TN
855,88295a805fb918c5a40c57d9827608c50c65da1a,0.03202567293208469,autoland,4366813,13,930eca14459531ff5483e56979276f480af08a6a,android-hw-a51-11-0-aarch64-shippable-qr,True,False,,|w|a|r|m| |w|e|b|r|e|n|d|e|r|,102210fe594ee9b33d82058545b1ed14f4c8206e,PerceptualSpeedIndex,ebay-kleinanzeigen,True,ebay-kleinanzeigen PerceptualSpeedIndex opt warm webrender,,77,ms,geckoview,,1784105566,2023-10-31 03:27:18,1324833,,,,,,,,,,,,,,,,,,,,,,,,,,,,,,,,,,,,,,,,,,,,,,,,,TN
856,26a58e0274b4491ce07587bf329d30954bfa36a5,0.04813674765865483,autoland,4366813,13,930eca14459531ff5483e56979276f480af08a6a,android-hw-a51-11-0-aarch64-shippable-qr,True,False,,|w|a|r|m| |w|e|b|r|e|n|d|e|r|,102210fe594ee9b33d82058545b1ed14f4c8206e,PerceptualSpeedIndex,ebay-kleinanzeigen,True,ebay-kleinanzeigen PerceptualSpeedIndex opt warm webrender,,77,ms,geckoview,,1784285950,2023-10-31 08:52:16,1324883,,,,,,,,,,,,,,,,,,,,,,,,,,,,,,,,,,,,,,,,,,,,,,,,,TN
857,173608723df3997c0b39049e55f7e4f529974bd1,0.03516929726897633,autoland,4366813,13,930eca14459531ff5483e56979276f480af08a6a,android-hw-a51-11-0-aarch64-shippable-qr,True,False,,|w|a|r|m| |w|e|b|r|e|n|d|e|r|,102210fe594ee9b33d82058545b1ed14f4c8206e,PerceptualSpeedIndex,ebay-kleinanzeigen,True,ebay-kleinanzeigen PerceptualSpeedIndex opt warm webrender,,77,ms,geckoview,,1784390342,2023-10-31 10:24:24,1324925,,,,,,,,,,,,,,,,,,,,,,,,,,,,,,,,,,,,,,,,,,,,,,,,,TN
858,d93c1e224fa334cb0e1a4faf860be329181c1d60,0.06195559630624137,autoland,4366813,13,930eca14459531ff5483e56979276f480af08a6a,android-hw-a51-11-0-aarch64-shippable-qr,True,False,,|w|a|r|m| |w|e|b|r|e|n|d|e|r|,102210fe594ee9b33d82058545b1ed14f4c8206e,PerceptualSpeedIndex,ebay-kleinanzeigen,True,ebay-kleinanzeigen PerceptualSpeedIndex opt warm webrender,,77,ms,geckoview,,1784571456,2023-10-31 14:28:55,1325039,,,,,,,,,,,,,,,,,,,,,,,,,,,,,,,,,,,,,,,,,,,,,,,,,TN
859,4712d595873a538c628ea09a2826c33e3f2e383d,0.041260069421704126,autoland,4366813,13,930eca14459531ff5483e56979276f480af08a6a,android-hw-a51-11-0-aarch64-shippable-qr,True,False,,|w|a|r|m| |w|e|b|r|e|n|d|e|r|,102210fe594ee9b33d82058545b1ed14f4c8206e,PerceptualSpeedIndex,ebay-kleinanzeigen,True,ebay-kleinanzeigen PerceptualSpeedIndex opt warm webrender,,77,ms,geckoview,,1784580431,2023-10-31 15:46:12,1325101,,,,,,,,,,,,,,,,,,,,,,,,,,,,,,,,,,,,,,,,,,,,,,,,,TN
860,5624631ba42eb404a5c5b4e50e9c4fbc826eef31,0.04040867116379587,autoland,4366813,13,930eca14459531ff5483e56979276f480af08a6a,android-hw-a51-11-0-aarch64-shippable-qr,True,False,,|w|a|r|m| |w|e|b|r|e|n|d|e|r|,102210fe594ee9b33d82058545b1ed14f4c8206e,PerceptualSpeedIndex,ebay-kleinanzeigen,True,ebay-kleinanzeigen PerceptualSpeedIndex opt warm webrender,,77,ms,geckoview,,1784769014,2023-10-31 20:04:41,1325256,,,,,,,,,,,,,,,,,,,,,,,,,,,,,,,,,,,,,,,,,,,,,,,,,TN
861,251055c46bfcc027766c9bdaccaaa919c3e6c8f6,0.0349073285742354,autoland,4366813,13,930eca14459531ff5483e56979276f480af08a6a,android-hw-a51-11-0-aarch64-shippable-qr,True,False,,|w|a|r|m| |w|e|b|r|e|n|d|e|r|,102210fe594ee9b33d82058545b1ed14f4c8206e,PerceptualSpeedIndex,ebay-kleinanzeigen,True,ebay-kleinanzeigen PerceptualSpeedIndex opt warm webrender,,77,ms,geckoview,,1784864899,2023-10-31 22:59:03,1325343,,,,,,,,,,,,,,,,,,,,,,,,,,,,,,,,,,,,,,,,,,,,,,,,,TN
862,b73ef4c8979fb0702de9f4bf2fdf986b1d0fd487,0.03693758595847796,autoland,4366813,13,930eca14459531ff5483e56979276f480af08a6a,android-hw-a51-11-0-aarch64-shippable-qr,True,False,,|w|a|r|m| |w|e|b|r|e|n|d|e|r|,102210fe594ee9b33d82058545b1ed14f4c8206e,PerceptualSpeedIndex,ebay-kleinanzeigen,True,ebay-kleinanzeigen PerceptualSpeedIndex opt warm webrender,,77,ms,geckoview,,1785100662,2023-11-01 04:08:21,1325446,,,,,,,,,,,,,,,,,,,,,,,,,,,,,,,,,,,,,,,,,,,,,,,,,TN
863,5db6f03a7c103189ba38ef4c4687a046566f4e5b,0.034055930316327254,autoland,4366813,13,930eca14459531ff5483e56979276f480af08a6a,android-hw-a51-11-0-aarch64-shippable-qr,True,False,,|w|a|r|m| |w|e|b|r|e|n|d|e|r|,102210fe594ee9b33d82058545b1ed14f4c8206e,PerceptualSpeedIndex,ebay-kleinanzeigen,True,ebay-kleinanzeigen PerceptualSpeedIndex opt warm webrender,,77,ms,geckoview,,1785174817,2023-11-01 08:27:37,1325492,,,,,,,,,,,,,,,,,,,,,,,,,,,,,,,,,,,,,,,,,,,,,,,,,TN
864,dee5e3c280a214c32ea4f7a2b6446bbe456ecb54,0.04053965551116645,autoland,4366813,13,930eca14459531ff5483e56979276f480af08a6a,android-hw-a51-11-0-aarch64-shippable-qr,True,False,,|w|a|r|m| |w|e|b|r|e|n|d|e|r|,102210fe594ee9b33d82058545b1ed14f4c8206e,PerceptualSpeedIndex,ebay-kleinanzeigen,True,ebay-kleinanzeigen PerceptualSpeedIndex opt warm webrender,,77,ms,geckoview,,1785387778,2023-11-01 15:00:09,1325661,,,,,,,,,,,,,,,,,,,,,,,,,,,,,,,,,,,,,,,,,,,,,,,,,TN
865,3eea9367b17b3c112968a3f0e008b1005452bbdd,0.03261510249525179,autoland,4366813,13,930eca14459531ff5483e56979276f480af08a6a,android-hw-a51-11-0-aarch64-shippable-qr,True,False,,|w|a|r|m| |w|e|b|r|e|n|d|e|r|,102210fe594ee9b33d82058545b1ed14f4c8206e,PerceptualSpeedIndex,ebay-kleinanzeigen,True,ebay-kleinanzeigen PerceptualSpeedIndex opt warm webrender,,77,ms,geckoview,,1785579234,2023-11-01 21:17:16,1325895,,,,,,,,,,,,,,,,,,,,,,,,,,,,,,,,,,,,,,,,,,,,,,,,,TN
866,0ea21c7c9ab7dcf411a8094c876b12784bc6343c,0.03418691466369772,autoland,4366813,13,930eca14459531ff5483e56979276f480af08a6a,android-hw-a51-11-0-aarch64-shippable-qr,True,False,,|w|a|r|m| |w|e|b|r|e|n|d|e|r|,102210fe594ee9b33d82058545b1ed14f4c8206e,PerceptualSpeedIndex,ebay-kleinanzeigen,True,ebay-kleinanzeigen PerceptualSpeedIndex opt warm webrender,,77,ms,geckoview,,1785715876,2023-11-02 01:36:12,1325979,,,,,,,,,,,,,,,,,,,,,,,,,,,,,,,,,,,,,,,,,,,,,,,,,TN
867,1fcf041bc427507f767a28519182263ab9925550,0.03562774248477307,autoland,4366813,13,930eca14459531ff5483e56979276f480af08a6a,android-hw-a51-11-0-aarch64-shippable-qr,True,False,,|w|a|r|m| |w|e|b|r|e|n|d|e|r|,102210fe594ee9b33d82058545b1ed14f4c8206e,PerceptualSpeedIndex,ebay-kleinanzeigen,True,ebay-kleinanzeigen PerceptualSpeedIndex opt warm webrender,,77,ms,geckoview,,1785836368,2023-11-02 06:18:28,1326017,,,,,,,,,,,,,,,,,,,,,,,,,,,,,,,,,,,,,,,,,,,,,,,,,TN
868,86b37d608b6dff619ef21dd6df25970d2f35504f,0.034841836400550164,autoland,4366813,13,930eca14459531ff5483e56979276f480af08a6a,android-hw-a51-11-0-aarch64-shippable-qr,True,False,,|w|a|r|m| |w|e|b|r|e|n|d|e|r|,102210fe594ee9b33d82058545b1ed14f4c8206e,PerceptualSpeedIndex,ebay-kleinanzeigen,True,ebay-kleinanzeigen PerceptualSpeedIndex opt warm webrender,,77,ms,geckoview,,1785941319,2023-11-02 10:56:45,1326103,,,,,,,,,,,,,,,,,,,,,,,,,,,,,,,,,,,,,,,,,,,,,,,,,TN
869,59754ae1b71386535d42979e577deaaad4aa522f,0.06215207282729718,autoland,4366813,13,930eca14459531ff5483e56979276f480af08a6a,android-hw-a51-11-0-aarch64-shippable-qr,True,False,,|w|a|r|m| |w|e|b|r|e|n|d|e|r|,102210fe594ee9b33d82058545b1ed14f4c8206e,PerceptualSpeedIndex,ebay-kleinanzeigen,True,ebay-kleinanzeigen PerceptualSpeedIndex opt warm webrender,,77,ms,geckoview,,1785975576,2023-11-02 12:13:53,1326138,,,,,,,,,,,,,,,,,,,,,,,,,,,,,,,,,,,,,,,,,,,,,,,,,TN
870,b32fede7af3947e835399bab4d1d7f096517521f,0.019320191237147233,autoland,4366813,13,930eca14459531ff5483e56979276f480af08a6a,android-hw-a51-11-0-aarch64-shippable-qr,True,False,,|w|a|r|m| |w|e|b|r|e|n|d|e|r|,102210fe594ee9b33d82058545b1ed14f4c8206e,PerceptualSpeedIndex,ebay-kleinanzeigen,True,ebay-kleinanzeigen PerceptualSpeedIndex opt warm webrender,,77,ms,geckoview,,1786191449,2023-11-02 15:35:11,1326301,,,,,,,,,,,,,,,,,,,,,,,,,,,,,,,,,,,,,,,,,,,,,,,,,TN
871,94e5f553d8ee5632338645c8928e3cc1454d7b5b,0.037068570305848425,autoland,4366813,13,930eca14459531ff5483e56979276f480af08a6a,android-hw-a51-11-0-aarch64-shippable-qr,True,False,,|w|a|r|m| |w|e|b|r|e|n|d|e|r|,102210fe594ee9b33d82058545b1ed14f4c8206e,PerceptualSpeedIndex,ebay-kleinanzeigen,True,ebay-kleinanzeigen PerceptualSpeedIndex opt warm webrender,,77,ms,geckoview,,1786285039,2023-11-02 19:35:23,1326465,,,,,,,,,,,,,,,,,,,,,,,,,,,,,,,,,,,,,,,,,,,,,,,,,TN
872,e76a1dc1e2e5cfa536e6893665fb8d42d2669341,0.029864431200471553,autoland,4366813,13,930eca14459531ff5483e56979276f480af08a6a,android-hw-a51-11-0-aarch64-shippable-qr,True,False,,|w|a|r|m| |w|e|b|r|e|n|d|e|r|,102210fe594ee9b33d82058545b1ed14f4c8206e,PerceptualSpeedIndex,ebay-kleinanzeigen,True,ebay-kleinanzeigen PerceptualSpeedIndex opt warm webrender,,77,ms,geckoview,,1786383551,2023-11-02 22:16:50,1326592,,,,,,,,,,,,,,,,,,,,,,,,,,,,,,,,,,,,,,,,,,,,,,,,,TN
873,7398cacb1ad3e7be98ad07eff3a56fd050025c48,0.0658196345536709,autoland,4366813,13,930eca14459531ff5483e56979276f480af08a6a,android-hw-a51-11-0-aarch64-shippable-qr,True,False,,|w|a|r|m| |w|e|b|r|e|n|d|e|r|,102210fe594ee9b33d82058545b1ed14f4c8206e,PerceptualSpeedIndex,ebay-kleinanzeigen,True,ebay-kleinanzeigen PerceptualSpeedIndex opt warm webrender,,77,ms,geckoview,,1786476392,2023-11-03 02:17:21,1326661,,,,,,,,,,,,,,,,,,,,,,,,,,,,,,,,,,,,,,,,,,,,,,,,,TN
874,63221dffde4f2b6c134c16fb540dea75d856626d,0.04027768681642552,autoland,4366813,13,930eca14459531ff5483e56979276f480af08a6a,android-hw-a51-11-0-aarch64-shippable-qr,True,False,,|w|a|r|m| |w|e|b|r|e|n|d|e|r|,102210fe594ee9b33d82058545b1ed14f4c8206e,PerceptualSpeedIndex,ebay-kleinanzeigen,True,ebay-kleinanzeigen PerceptualSpeedIndex opt warm webrender,,77,ms,geckoview,,1786559464,2023-11-03 06:29:48,1326720,,,,,,,,,,,,,,,,,,,,,,,,,,,,,,,,,,,,,,,,,,,,,,,,,TN
875,fef2ab0f10caa08593c20e7febc4cec185670a4a,0.02940598598467481,autoland,4366813,13,930eca14459531ff5483e56979276f480af08a6a,android-hw-a51-11-0-aarch64-shippable-qr,True,False,,|w|a|r|m| |w|e|b|r|e|n|d|e|r|,102210fe594ee9b33d82058545b1ed14f4c8206e,PerceptualSpeedIndex,ebay-kleinanzeigen,True,ebay-kleinanzeigen PerceptualSpeedIndex opt warm webrender,,77,ms,geckoview,,1786781560,2023-11-03 09:45:55,1326769,,,,,,,,,,,,,,,,,,,,,,,,,,,,,,,,,,,,,,,,,,,,,,,,,TN
876,db8c28afe588aab0cd434e280a4614c075350cde,0.04053965551116645,autoland,4366813,13,930eca14459531ff5483e56979276f480af08a6a,android-hw-a51-11-0-aarch64-shippable-qr,True,False,,|w|a|r|m| |w|e|b|r|e|n|d|e|r|,102210fe594ee9b33d82058545b1ed14f4c8206e,PerceptualSpeedIndex,ebay-kleinanzeigen,True,ebay-kleinanzeigen PerceptualSpeedIndex opt warm webrender,,77,ms,geckoview,,1786798048,2023-11-03 14:08:17,1326874,,,,,,,,,,,,,,,,,,,,,,,,,,,,,,,,,,,,,,,,,,,,,,,,,TN
877,c1bbed9e33815cc111047e95375c6446ad566b5b,0.044403693758595875,autoland,4366813,13,930eca14459531ff5483e56979276f480af08a6a,android-hw-a51-11-0-aarch64-shippable-qr,True,False,,|w|a|r|m| |w|e|b|r|e|n|d|e|r|,102210fe594ee9b33d82058545b1ed14f4c8206e,PerceptualSpeedIndex,ebay-kleinanzeigen,True,ebay-kleinanzeigen PerceptualSpeedIndex opt warm webrender,,77,ms,geckoview,,1786960983,2023-11-03 15:30:02,1326932,,,,,,,,,,,,,,,,,,,,,,,,,,,,,,,,,,,,,,,,,,,,,,,,,TN
878,3483c8458f12814829ccacc001ce04923ce9c601,0.04329032680594669,autoland,4366813,13,930eca14459531ff5483e56979276f480af08a6a,android-hw-a51-11-0-aarch64-shippable-qr,True,False,,|w|a|r|m| |w|e|b|r|e|n|d|e|r|,102210fe594ee9b33d82058545b1ed14f4c8206e,PerceptualSpeedIndex,ebay-kleinanzeigen,True,ebay-kleinanzeigen PerceptualSpeedIndex opt warm webrender,,77,ms,geckoview,,1786994403,2023-11-03 19:29:08,1327119,,,,,,,,,,,,,,,,,,,,,,,,,,,,,,,,,,,,,,,,,,,,,,,,,TN
879,71b8373e6622cf42c02a4244f2c2629c6afed2db,0.04296286593752041,autoland,4366813,13,930eca14459531ff5483e56979276f480af08a6a,android-hw-a51-11-0-aarch64-shippable-qr,True,False,,|w|a|r|m| |w|e|b|r|e|n|d|e|r|,102210fe594ee9b33d82058545b1ed14f4c8206e,PerceptualSpeedIndex,ebay-kleinanzeigen,True,ebay-kleinanzeigen PerceptualSpeedIndex opt warm webrender,,77,ms,geckoview,,1787121044,2023-11-04 00:04:01,1327246,,,,,,,,,,,,,,,,,,,,,,,,,,,,,,,,,,,,,,,,,,,,,,,,,TN
880,fa8ebe703963d027ce9185c21a4e7bdc98f8cd68,0.029340493810989576,autoland,4366813,13,930eca14459531ff5483e56979276f480af08a6a,android-hw-a51-11-0-aarch64-shippable-qr,True,False,,|w|a|r|m| |w|e|b|r|e|n|d|e|r|,102210fe594ee9b33d82058545b1ed14f4c8206e,PerceptualSpeedIndex,ebay-kleinanzeigen,True,ebay-kleinanzeigen PerceptualSpeedIndex opt warm webrender,,77,ms,geckoview,,1787142792,2023-11-04 01:35:30,1327271,,,,,,,,,,,,,,,,,,,,,,,,,,,,,,,,,,,,,,,,,,,,,,,,,TN
881,f65c77517e3e8d32a23f3607a039a558abd2b12c,0.03143624336891748,autoland,4366813,13,930eca14459531ff5483e56979276f480af08a6a,android-hw-a51-11-0-aarch64-shippable-qr,True,False,,|w|a|r|m| |w|e|b|r|e|n|d|e|r|,102210fe594ee9b33d82058545b1ed14f4c8206e,PerceptualSpeedIndex,ebay-kleinanzeigen,True,ebay-kleinanzeigen PerceptualSpeedIndex opt warm webrender,,77,ms,geckoview,,1787223242,2023-11-04 08:24:01,1327306,,,,,,,,,,,,,,,,,,,,,,,,,,,,,,,,,,,,,,,,,,,,,,,,,TN
882,90f5a1a99e4af4267d041ebe447fe2c0d6028eec,0.033073547711048534,autoland,4366813,13,930eca14459531ff5483e56979276f480af08a6a,android-hw-a51-11-0-aarch64-shippable-qr,True,False,,|w|a|r|m| |w|e|b|r|e|n|d|e|r|,102210fe594ee9b33d82058545b1ed14f4c8206e,PerceptualSpeedIndex,ebay-kleinanzeigen,True,ebay-kleinanzeigen PerceptualSpeedIndex opt warm webrender,,77,ms,geckoview,,1787349287,2023-11-04 14:15:16,1327379,,,,,,,,,,,,,,,,,,,,,,,,,,,,,,,,,,,,,,,,,,,,,,,,,TN
883,55a02a6f1e91945e24618f64bd61b9f3a0beeea0,0.03379396162158621,autoland,4366813,13,930eca14459531ff5483e56979276f480af08a6a,android-hw-a51-11-0-aarch64-shippable-qr,True,False,,|w|a|r|m| |w|e|b|r|e|n|d|e|r|,102210fe594ee9b33d82058545b1ed14f4c8206e,PerceptualSpeedIndex,ebay-kleinanzeigen,True,ebay-kleinanzeigen PerceptualSpeedIndex opt warm webrender,,77,ms,geckoview,,1787440420,2023-11-04 18:45:40,1327418,,,,,,,,,,,,,,,,,,,,,,,,,,,,,,,,,,,,,,,,,,,,,,,,,TN
884,c6d6218c85ae690d272c8b978051ec7c2718b1b2,0.05606130067456938,autoland,4366813,13,930eca14459531ff5483e56979276f480af08a6a,android-hw-a51-11-0-aarch64-shippable-qr,True,False,,|w|a|r|m| |w|e|b|r|e|n|d|e|r|,102210fe594ee9b33d82058545b1ed14f4c8206e,PerceptualSpeedIndex,ebay-kleinanzeigen,True,ebay-kleinanzeigen PerceptualSpeedIndex opt warm webrender,,77,ms,geckoview,,1787510685,2023-11-04 23:01:16,1327454,,,,,,,,,,,,,,,,,,,,,,,,,,,,,,,,,,,,,,,,,,,,,,,,,TN
885,6e473b5825d2acd52739d9cc4cdec6ea5e26c9d1,0.0377889842163861,autoland,4366813,13,930eca14459531ff5483e56979276f480af08a6a,android-hw-a51-11-0-aarch64-shippable-qr,True,False,,|w|a|r|m| |w|e|b|r|e|n|d|e|r|,102210fe594ee9b33d82058545b1ed14f4c8206e,PerceptualSpeedIndex,ebay-kleinanzeigen,True,ebay-kleinanzeigen PerceptualSpeedIndex opt warm webrender,,77,ms,geckoview,,1787740166,2023-11-05 12:31:02,1327508,,,,,,,,,,,,,,,,,,,,,,,,,,,,,,,,,,,,,,,,,,,,,,,,,TN
886,e4d362eebc148baf8432d0b013b6233995a2f16e,0.035693234658458306,autoland,4366813,13,930eca14459531ff5483e56979276f480af08a6a,android-hw-a51-11-0-aarch64-shippable-qr,True,False,,|w|a|r|m| |w|e|b|r|e|n|d|e|r|,102210fe594ee9b33d82058545b1ed14f4c8206e,PerceptualSpeedIndex,ebay-kleinanzeigen,True,ebay-kleinanzeigen PerceptualSpeedIndex opt warm webrender,,77,ms,geckoview,,1787881230,2023-11-05 17:15:11,1327546,,,,,,,,,,,,,,,,,,,,,,,,,,,,,,,,,,,,,,,,,,,,,,,,,TN
887,1995198e0bee1b9f7d4ac3a5286fb89a8305fa28,0.04230794420066797,autoland,4366813,13,930eca14459531ff5483e56979276f480af08a6a,android-hw-a51-11-0-aarch64-shippable-qr,True,False,,|w|a|r|m| |w|e|b|r|e|n|d|e|r|,102210fe594ee9b33d82058545b1ed14f4c8206e,PerceptualSpeedIndex,ebay-kleinanzeigen,True,ebay-kleinanzeigen PerceptualSpeedIndex opt warm webrender,,77,ms,geckoview,,1787991783,2023-11-05 22:35:05,1327567,,,,,,,,,,,,,,,,,,,,,,,,,,,,,,,,,,,,,,,,,,,,,,,,,TN
888,925231a8fb5eccf055afb3e9921596d8f990128b,0.04093260855327796,autoland,4366813,13,930eca14459531ff5483e56979276f480af08a6a,android-hw-a51-11-0-aarch64-shippable-qr,True,False,,|w|a|r|m| |w|e|b|r|e|n|d|e|r|,102210fe594ee9b33d82058545b1ed14f4c8206e,PerceptualSpeedIndex,ebay-kleinanzeigen,True,ebay-kleinanzeigen PerceptualSpeedIndex opt warm webrender,,77,ms,geckoview,,1788241004,2023-11-06 03:28:15,1327590,,,,,,,,,,,,,,,,,,,,,,,,,,,,,,,,,,,,,,,,,,,,,,,,,TN
889,58f61f19462af6371405866cd0506983856d5433,0.03143624336891748,autoland,4366813,13,930eca14459531ff5483e56979276f480af08a6a,android-hw-a51-11-0-aarch64-shippable-qr,True,False,,|w|a|r|m| |w|e|b|r|e|n|d|e|r|,102210fe594ee9b33d82058545b1ed14f4c8206e,PerceptualSpeedIndex,ebay-kleinanzeigen,True,ebay-kleinanzeigen PerceptualSpeedIndex opt warm webrender,,77,ms,geckoview,,1788305282,2023-11-06 06:27:10,1327613,,,,,,,,,,,,,,,,,,,,,,,,,,,,,,,,,,,,,,,,,,,,,,,,,TN
890,47130f8e8a79f36f7bea8cf4a4a19a3ef155e539,0.0392953042111468,autoland,4366813,13,930eca14459531ff5483e56979276f480af08a6a,android-hw-a51-11-0-aarch64-shippable-qr,True,False,,|w|a|r|m| |w|e|b|r|e|n|d|e|r|,102210fe594ee9b33d82058545b1ed14f4c8206e,PerceptualSpeedIndex,ebay-kleinanzeigen,True,ebay-kleinanzeigen PerceptualSpeedIndex opt warm webrender,,77,ms,geckoview,,1788539421,2023-11-06 10:22:32,1327714,,,,,,,,,,,,,,,,,,,,,,,,,,,,,,,,,,,,,,,,,,,,,,,,,TN
891,e85ef9b0c6ee61f9f14bf8b49cd5f6e0a5fac3d7,0.034055930316327254,autoland,4366813,13,930eca14459531ff5483e56979276f480af08a6a,android-hw-a51-11-0-aarch64-shippable-qr,True,False,,|w|a|r|m| |w|e|b|r|e|n|d|e|r|,102210fe594ee9b33d82058545b1ed14f4c8206e,PerceptualSpeedIndex,ebay-kleinanzeigen,True,ebay-kleinanzeigen PerceptualSpeedIndex opt warm webrender,,77,ms,geckoview,,1788687221,2023-11-06 14:23:08,1327890,,,,,,,,,,,,,,,,,,,,,,,,,,,,,,,,,,,,,,,,,,,,,,,,,TN
892,6d5e2f6a296345f3afbeecf2e34bf0f7da7c7991,0.03752701552164517,autoland,4366813,13,930eca14459531ff5483e56979276f480af08a6a,android-hw-a51-11-0-aarch64-shippable-qr,True,False,,|w|a|r|m| |w|e|b|r|e|n|d|e|r|,102210fe594ee9b33d82058545b1ed14f4c8206e,PerceptualSpeedIndex,ebay-kleinanzeigen,True,ebay-kleinanzeigen PerceptualSpeedIndex opt warm webrender,,77,ms,geckoview,,1788774744,2023-11-06 17:39:09,1328028,,,,,,,,,,,,,,,,,,,,,,,,,,,,,,,,,,,,,,,,,,,,,,,,,TN
893,cfad60e16bc9ffd1123a5eb881ba42aaa60b9b18,0.030257384242582952,autoland,4366813,13,930eca14459531ff5483e56979276f480af08a6a,android-hw-a51-11-0-aarch64-shippable-qr,True,False,,|w|a|r|m| |w|e|b|r|e|n|d|e|r|,102210fe594ee9b33d82058545b1ed14f4c8206e,PerceptualSpeedIndex,ebay-kleinanzeigen,True,ebay-kleinanzeigen PerceptualSpeedIndex opt warm webrender,,77,ms,geckoview,,1788853279,2023-11-06 20:45:17,1328100,,,,,,,,,,,,,,,,,,,,,,,,,,,,,,,,,,,,,,,,,,,,,,,,,TN
894,05f23c29b41cfcb7bfe0b081854260fa6d04388f,0.03536577379003214,autoland,4366813,13,930eca14459531ff5483e56979276f480af08a6a,android-hw-a51-11-0-aarch64-shippable-qr,True,False,,|w|a|r|m| |w|e|b|r|e|n|d|e|r|,102210fe594ee9b33d82058545b1ed14f4c8206e,PerceptualSpeedIndex,ebay-kleinanzeigen,True,ebay-kleinanzeigen PerceptualSpeedIndex opt warm webrender,,77,ms,geckoview,,1788959193,2023-11-07 01:37:21,1328269,,,,,,,,,,,,,,,,,,,,,,,,,,,,,,,,,,,,,,,,,,,,,,,,,TN
895,5f6163941f402e507f0d384b9904f2a425a28d57,0.029733446853101086,autoland,4366813,13,930eca14459531ff5483e56979276f480af08a6a,android-hw-a51-11-0-aarch64-shippable-qr,True,False,,|w|a|r|m| |w|e|b|r|e|n|d|e|r|,102210fe594ee9b33d82058545b1ed14f4c8206e,PerceptualSpeedIndex,ebay-kleinanzeigen,True,ebay-kleinanzeigen PerceptualSpeedIndex opt warm webrender,,77,ms,geckoview,,1789122997,2023-11-07 05:57:42,1328312,,,,,,,,,,,,,,,,,,,,,,,,,,,,,,,,,,,,,,,,,,,,,,,,,TN
896,7a3978f0626b31f7d311cbc700a8ad6eef3c38a7,0.035496758137402606,autoland,4366813,13,930eca14459531ff5483e56979276f480af08a6a,android-hw-a51-11-0-aarch64-shippable-qr,True,False,,|w|a|r|m| |w|e|b|r|e|n|d|e|r|,102210fe594ee9b33d82058545b1ed14f4c8206e,PerceptualSpeedIndex,ebay-kleinanzeigen,True,ebay-kleinanzeigen PerceptualSpeedIndex opt warm webrender,,77,ms,geckoview,,1789158717,2023-11-07 07:13:43,1328322,,,,,,,,,,,,,,,,,,,,,,,,,,,,,,,,,,,,,,,,,,,,,,,,,TN
897,3a6678776d36c32f58fe521d73f09bbc1478cbbb,0.033662977274215744,autoland,4366813,13,930eca14459531ff5483e56979276f480af08a6a,android-hw-a51-11-0-aarch64-shippable-qr,True,False,,|w|a|r|m| |w|e|b|r|e|n|d|e|r|,102210fe594ee9b33d82058545b1ed14f4c8206e,PerceptualSpeedIndex,ebay-kleinanzeigen,True,ebay-kleinanzeigen PerceptualSpeedIndex opt warm webrender,,77,ms,geckoview,,1789402718,2023-11-07 15:22:28,1328534,,,,,,,,,,,,,,,,,,,,,,,,,,,,,,,,,,,,,,,,,,,,,,,,,TN
898,2f5322fade4338f844537e7e14979d023e4b7d48,0.027899665989914224,autoland,4366813,13,930eca14459531ff5483e56979276f480af08a6a,android-hw-a51-11-0-aarch64-shippable-qr,True,False,,|w|a|r|m| |w|e|b|r|e|n|d|e|r|,102210fe594ee9b33d82058545b1ed14f4c8206e,PerceptualSpeedIndex,ebay-kleinanzeigen,True,ebay-kleinanzeigen PerceptualSpeedIndex opt warm webrender,,77,ms,geckoview,,1789517143,2023-11-07 20:38:50,1328596,,,,,,,,,,,,,,,,,,,,,,,,,,,,,,,,,,,,,,,,,,,,,,,,,TN
899,146ef5c46755802d7609ece035e0115301c936bd,0.04453467810596634,autoland,4366813,13,930eca14459531ff5483e56979276f480af08a6a,android-hw-a51-11-0-aarch64-shippable-qr,True,False,,|w|a|r|m| |w|e|b|r|e|n|d|e|r|,102210fe594ee9b33d82058545b1ed14f4c8206e,PerceptualSpeedIndex,ebay-kleinanzeigen,True,ebay-kleinanzeigen PerceptualSpeedIndex opt warm webrender,,77,ms,geckoview,,1789637432,2023-11-07 23:09:36,1328770,,,,,,,,,,,,,,,,,,,,,,,,,,,,,,,,,,,,,,,,,,,,,,,,,TN
900,54f6a0fa6c5ffe3ce0a5f981a4cdedc058256898,0.018992730368720956,autoland,4366813,13,930eca14459531ff5483e56979276f480af08a6a,android-hw-a51-11-0-aarch64-shippable-qr,True,False,,|w|a|r|m| |w|e|b|r|e|n|d|e|r|,102210fe594ee9b33d82058545b1ed14f4c8206e,PerceptualSpeedIndex,ebay-kleinanzeigen,True,ebay-kleinanzeigen PerceptualSpeedIndex opt warm webrender,,77,ms,geckoview,,1789691994,2023-11-08 00:15:37,1328812,,,,,,,,,,,,,,,,,,,,,,,,,,,,,,,,,,,,,,,,,,,,,,,,,TN
901,68721f0d6aec0facf9c8f271ea2bb2719348014a,0.018206824284498047,autoland,4366813,13,930eca14459531ff5483e56979276f480af08a6a,android-hw-a51-11-0-aarch64-shippable-qr,True,False,,|w|a|r|m| |w|e|b|r|e|n|d|e|r|,102210fe594ee9b33d82058545b1ed14f4c8206e,PerceptualSpeedIndex,ebay-kleinanzeigen,True,ebay-kleinanzeigen PerceptualSpeedIndex opt warm webrender,,77,ms,geckoview,,1789830531,2023-11-08 05:24:12,1328912,,,,,,,,,,,,,,,,,,,,,,,,,,,,,,,,,,,,,,,,,,,,,,,,,TN
902,578787894d0e996af4d743caf71b5501330fb2ab,0.015325168642347231,autoland,4366813,13,930eca14459531ff5483e56979276f480af08a6a,android-hw-a51-11-0-aarch64-shippable-qr,True,False,,|w|a|r|m| |w|e|b|r|e|n|d|e|r|,102210fe594ee9b33d82058545b1ed14f4c8206e,PerceptualSpeedIndex,ebay-kleinanzeigen,True,ebay-kleinanzeigen PerceptualSpeedIndex opt warm webrender,,77,ms,geckoview,,1790001169,2023-11-08 09:44:01,1328973,,,,,,,,,,,,,,,,,,,,,,,,,,,,,,,,,,,,,,,,,,,,,,,,,TN
903,e65fca949600e3163fd1befd6423958e0bc70029,0.019385683410832355,autoland,4366813,13,930eca14459531ff5483e56979276f480af08a6a,android-hw-a51-11-0-aarch64-shippable-qr,True,False,,|w|a|r|m| |w|e|b|r|e|n|d|e|r|,102210fe594ee9b33d82058545b1ed14f4c8206e,PerceptualSpeedIndex,ebay-kleinanzeigen,True,ebay-kleinanzeigen PerceptualSpeedIndex opt warm webrender,,77,ms,geckoview,,1790025654,2023-11-08 09:46:58,1328975,,,,,,,,,,,,,,,,,,,,,,,,,,,,,,,,,,,,,,,,,,,,,,,,,TN
904,ae536a17c1ffbb830141240a38f81e032b6645ea,0.05697819110616287,autoland,4366813,13,930eca14459531ff5483e56979276f480af08a6a,android-hw-a51-11-0-aarch64-shippable-qr,True,False,,|w|a|r|m| |w|e|b|r|e|n|d|e|r|,102210fe594ee9b33d82058545b1ed14f4c8206e,PerceptualSpeedIndex,ebay-kleinanzeigen,True,ebay-kleinanzeigen PerceptualSpeedIndex opt warm webrender,,77,ms,geckoview,,1790099117,2023-11-08 13:41:28,1329115,,,,,,,,,,,,,,,,,,,,,,,,,,,,,,,,,,,,,,,,,,,,,,,,,TN
905,f1fb5f0afb5896b5c30e6a9b1439a9c4de4a3db2,0.028685572074137133,autoland,4366813,13,930eca14459531ff5483e56979276f480af08a6a,android-hw-a51-11-0-aarch64-shippable-qr,True,False,,|w|a|r|m| |w|e|b|r|e|n|d|e|r|,102210fe594ee9b33d82058545b1ed14f4c8206e,PerceptualSpeedIndex,ebay-kleinanzeigen,True,ebay-kleinanzeigen PerceptualSpeedIndex opt warm webrender,,77,ms,geckoview,,1790193577,2023-11-08 17:45:21,1329261,,,,,,,,,,,,,,,,,,,,,,,,,,,,,,,,,,,,,,,,,,,,,,,,,TN
906,9b044e3ed5981e128922152098934a6691bfcd97,0.036282664221625516,autoland,4366813,13,930eca14459531ff5483e56979276f480af08a6a,android-hw-a51-11-0-aarch64-shippable-qr,True,False,,|w|a|r|m| |w|e|b|r|e|n|d|e|r|,102210fe594ee9b33d82058545b1ed14f4c8206e,PerceptualSpeedIndex,ebay-kleinanzeigen,True,ebay-kleinanzeigen PerceptualSpeedIndex opt warm webrender,,77,ms,geckoview,,1790425572,2023-11-08 23:10:55,1329500,,,,,,,,,,,,,,,,,,,,,,,,,,,,,,,,,,,,,,,,,,,,,,,,,TN
907,fd3f50f4dce00592f4da8f972037ced4a0c9f5be,0.04466566245333681,autoland,4366813,13,930eca14459531ff5483e56979276f480af08a6a,android-hw-a51-11-0-aarch64-shippable-qr,True,False,,|w|a|r|m| |w|e|b|r|e|n|d|e|r|,102210fe594ee9b33d82058545b1ed14f4c8206e,PerceptualSpeedIndex,ebay-kleinanzeigen,True,ebay-kleinanzeigen PerceptualSpeedIndex opt warm webrender,,77,ms,geckoview,,1790428774,2023-11-09 00:04:05,1329532,,,,,,,,,,,,,,,,,,,,,,,,,,,,,,,,,,,,,,,,,,,,,,,,,TN
908,975206b939dc6e4f823a1a29c703dd586e4157b9,0.03143624336891748,autoland,4366813,13,930eca14459531ff5483e56979276f480af08a6a,android-hw-a51-11-0-aarch64-shippable-qr,True,False,,|w|a|r|m| |w|e|b|r|e|n|d|e|r|,102210fe594ee9b33d82058545b1ed14f4c8206e,PerceptualSpeedIndex,ebay-kleinanzeigen,True,ebay-kleinanzeigen PerceptualSpeedIndex opt warm webrender,,77,ms,geckoview,,1790623526,2023-11-09 04:14:58,1329628,,,,,,,,,,,,,,,,,,,,,,,,,,,,,,,,,,,,,,,,,,,,,,,,,TN
909,d0c4fdebcd36de1f0361cb29103afbf36e498521,0.017813871242386536,autoland,4366813,13,930eca14459531ff5483e56979276f480af08a6a,android-hw-a51-11-0-aarch64-shippable-qr,True,False,,|w|a|r|m| |w|e|b|r|e|n|d|e|r|,102210fe594ee9b33d82058545b1ed14f4c8206e,PerceptualSpeedIndex,ebay-kleinanzeigen,True,ebay-kleinanzeigen PerceptualSpeedIndex opt warm webrender,,77,ms,geckoview,,1790741392,2023-11-09 08:18:01,1329688,,,,,,,,,,,,,,,,,,,,,,,,,,,,,,,,,,,,,,,,,,,,,,,,,TN
910,5392006086fa6f66b9c2f5919b8c65d04cf44936,0.011264653873862107,autoland,4366813,13,930eca14459531ff5483e56979276f480af08a6a,android-hw-a51-11-0-aarch64-shippable-qr,True,False,,|w|a|r|m| |w|e|b|r|e|n|d|e|r|,102210fe594ee9b33d82058545b1ed14f4c8206e,PerceptualSpeedIndex,ebay-kleinanzeigen,True,ebay-kleinanzeigen PerceptualSpeedIndex opt warm webrender,,77,ms,geckoview,,1790765132,2023-11-09 08:32:31,1329693,,,,,,,,,,,,,,,,,,,,,,,,,,,,,,,,,,,,,,,,,,,,,,,,,TN
911,0d25aa82c9421a1a0e1d9bf224094a9feaa083c0,0.028685572074137133,autoland,4366813,13,930eca14459531ff5483e56979276f480af08a6a,android-hw-a51-11-0-aarch64-shippable-qr,True,False,,|w|a|r|m| |w|e|b|r|e|n|d|e|r|,102210fe594ee9b33d82058545b1ed14f4c8206e,PerceptualSpeedIndex,ebay-kleinanzeigen,True,ebay-kleinanzeigen PerceptualSpeedIndex opt warm webrender,,77,ms,geckoview,,1790934428,2023-11-09 12:39:55,1329818,,,,,,,,,,,,,,,,,,,,,,,,,,,,,,,,,,,,,,,,,,,,,,,,,TN
912,af9d30c92582a30a1e7987079e780e59aa69ab7b,0.020040605147684798,autoland,4366813,13,930eca14459531ff5483e56979276f480af08a6a,android-hw-a51-11-0-aarch64-shippable-qr,True,False,,|w|a|r|m| |w|e|b|r|e|n|d|e|r|,102210fe594ee9b33d82058545b1ed14f4c8206e,PerceptualSpeedIndex,ebay-kleinanzeigen,True,ebay-kleinanzeigen PerceptualSpeedIndex opt warm webrender,,77,ms,geckoview,,1790967679,2023-11-09 13:52:13,1329843,,,,,,,,,,,,,,,,,,,,,,,,,,,,,,,,,,,,,,,,,,,,,,,,,TN
913,1eda7f37f458e81d7c275eb0a3e1959cdfdb5053,0.01571812168445874,autoland,4366813,13,930eca14459531ff5483e56979276f480af08a6a,android-hw-a51-11-0-aarch64-shippable-qr,True,False,,|w|a|r|m| |w|e|b|r|e|n|d|e|r|,102210fe594ee9b33d82058545b1ed14f4c8206e,PerceptualSpeedIndex,ebay-kleinanzeigen,True,ebay-kleinanzeigen PerceptualSpeedIndex opt warm webrender,,77,ms,geckoview,,1791120409,2023-11-09 18:06:54,1329987,,,,,,,,,,,,,,,,,,,,,,,,,,,,,,,,,,,,,,,,,,,,,,,,,TN
914,938e6fc607623834483a5ab95019520814f10ee8,0.018927238195035723,autoland,4366813,13,930eca14459531ff5483e56979276f480af08a6a,android-hw-a51-11-0-aarch64-shippable-qr,True,False,,|w|a|r|m| |w|e|b|r|e|n|d|e|r|,102210fe594ee9b33d82058545b1ed14f4c8206e,PerceptualSpeedIndex,ebay-kleinanzeigen,True,ebay-kleinanzeigen PerceptualSpeedIndex opt warm webrender,,77,ms,geckoview,,1791153116,2023-11-09 18:57:17,1330029,,,,,,,,,,,,,,,,,,,,,,,,,,,,,,,,,,,,,,,,,,,,,,,,,TN
915,d3aff5d6c69730c6f26eb54b7e24fdd203480069,0.027965158163599457,autoland,4366813,13,930eca14459531ff5483e56979276f480af08a6a,android-hw-a51-11-0-aarch64-shippable-qr,True,False,,|w|a|r|m| |w|e|b|r|e|n|d|e|r|,102210fe594ee9b33d82058545b1ed14f4c8206e,PerceptualSpeedIndex,ebay-kleinanzeigen,True,ebay-kleinanzeigen PerceptualSpeedIndex opt warm webrender,,77,ms,geckoview,,1791330541,2023-11-09 23:53:27,1330185,,,,,,,,,,,,,,,,,,,,,,,,,,,,,,,,,,,,,,,,,,,,,,,,,TN
916,543c915fc8c6775cd665ad6ebe58df0f46e9198c,0.021808893837186427,autoland,4366813,13,930eca14459531ff5483e56979276f480af08a6a,android-hw-a51-11-0-aarch64-shippable-qr,True,False,,|w|a|r|m| |w|e|b|r|e|n|d|e|r|,102210fe594ee9b33d82058545b1ed14f4c8206e,PerceptualSpeedIndex,ebay-kleinanzeigen,True,ebay-kleinanzeigen PerceptualSpeedIndex opt warm webrender,,77,ms,geckoview,,1791371707,2023-11-10 00:18:00,1330200,,,,,,,,,,,,,,,,,,,,,,,,,,,,,,,,,,,,,,,,,,,,,,,,,TN
917,5fcc529533b87c657e0dd95ea8cdd37f7cbac5c0,0.016242059073940718,autoland,4366813,13,930eca14459531ff5483e56979276f480af08a6a,android-hw-a51-11-0-aarch64-shippable-qr,True,False,,|w|a|r|m| |w|e|b|r|e|n|d|e|r|,102210fe594ee9b33d82058545b1ed14f4c8206e,PerceptualSpeedIndex,ebay-kleinanzeigen,True,ebay-kleinanzeigen PerceptualSpeedIndex opt warm webrender,,77,ms,geckoview,,1791574317,2023-11-10 06:00:15,1330263,,,,,,,,,,,,,,,,,,,,,,,,,,,,,,,,,,,,,,,,,,,,,,,,,TN
918,2033848fe740a46b19d19b2689365e6d5122d399,0.03143624336891748,autoland,4366813,13,930eca14459531ff5483e56979276f480af08a6a,android-hw-a51-11-0-aarch64-shippable-qr,True,False,,|w|a|r|m| |w|e|b|r|e|n|d|e|r|,102210fe594ee9b33d82058545b1ed14f4c8206e,PerceptualSpeedIndex,ebay-kleinanzeigen,True,ebay-kleinanzeigen PerceptualSpeedIndex opt warm webrender,,77,ms,geckoview,,1791768096,2023-11-10 10:16:47,1330353,,,,,,,,,,,,,,,,,,,,,,,,,,,,,,,,,,,,,,,,,,,,,,,,,TN
919,e2c6fa08aa82b40d8316fc19e08ea45be70e9292,0.018796253847665145,autoland,4366813,13,930eca14459531ff5483e56979276f480af08a6a,android-hw-a51-11-0-aarch64-shippable-qr,True,False,,|w|a|r|m| |w|e|b|r|e|n|d|e|r|,102210fe594ee9b33d82058545b1ed14f4c8206e,PerceptualSpeedIndex,ebay-kleinanzeigen,True,ebay-kleinanzeigen PerceptualSpeedIndex opt warm webrender,,77,ms,geckoview,,1792021605,2023-11-10 14:18:06,1330451,,,,,,,,,,,,,,,,,,,,,,,,,,,,,,,,,,,,,,,,,,,,,,,,,TN
920,f90b853d9b0b112db86ff41fcce843afb13939ce,0.02364267470037329,autoland,4366813,13,930eca14459531ff5483e56979276f480af08a6a,android-hw-a51-11-0-aarch64-shippable-qr,True,False,,|w|a|r|m| |w|e|b|r|e|n|d|e|r|,102210fe594ee9b33d82058545b1ed14f4c8206e,PerceptualSpeedIndex,ebay-kleinanzeigen,True,ebay-kleinanzeigen PerceptualSpeedIndex opt warm webrender,,77,ms,geckoview,,1792124478,2023-11-10 14:48:51,1330467,,,,,,,,,,,,,,,,,,,,,,,,,,,,,,,,,,,,,,,,,,,,,,,,,TN
921,740891aba7f0d05a95960669bd6efe7b25177226,0.014735739079180132,autoland,4366813,13,930eca14459531ff5483e56979276f480af08a6a,android-hw-a51-11-0-aarch64-shippable-qr,True,False,,|w|a|r|m| |w|e|b|r|e|n|d|e|r|,102210fe594ee9b33d82058545b1ed14f4c8206e,PerceptualSpeedIndex,ebay-kleinanzeigen,True,ebay-kleinanzeigen PerceptualSpeedIndex opt warm webrender,,77,ms,geckoview,,1792152065,2023-11-10 23:46:31,1330635,,,,,,,,,,,,,,,,,,,,,,,,,,,,,,,,,,,,,,,,,,,,,,,,,TN
922,94bbd4bd056a20549029ecbc07c9a4b5da968789,0.02089200340559305,autoland,4366813,13,930eca14459531ff5483e56979276f480af08a6a,android-hw-a51-11-0-aarch64-shippable-qr,True,False,,|w|a|r|m| |w|e|b|r|e|n|d|e|r|,102210fe594ee9b33d82058545b1ed14f4c8206e,PerceptualSpeedIndex,ebay-kleinanzeigen,True,ebay-kleinanzeigen PerceptualSpeedIndex opt warm webrender,,77,ms,geckoview,,1792290972,2023-11-11 06:55:04,1330673,,,,,,,,,,,,,,,,,,,,,,,,,,,,,,,,,,,,,,,,,,,,,,,,,TN
923,29fb30143955ee92cd789fd467326c47f82f7968,0.01886174602135049,autoland,4366813,13,930eca14459531ff5483e56979276f480af08a6a,android-hw-a51-11-0-aarch64-shippable-qr,True,False,,|w|a|r|m| |w|e|b|r|e|n|d|e|r|,102210fe594ee9b33d82058545b1ed14f4c8206e,PerceptualSpeedIndex,ebay-kleinanzeigen,True,ebay-kleinanzeigen PerceptualSpeedIndex opt warm webrender,,77,ms,geckoview,,1792337516,2023-11-11 08:27:10,1330680,,,,,,,,,,,,,,,,,,,,,,,,,,,,,,,,,,,,,,,,,,,,,,,,,TN
924,81243364a707b159122b0c5ee8e682567162117c,0.018534285152924213,autoland,4366813,13,930eca14459531ff5483e56979276f480af08a6a,android-hw-a51-11-0-aarch64-shippable-qr,True,False,,|w|a|r|m| |w|e|b|r|e|n|d|e|r|,102210fe594ee9b33d82058545b1ed14f4c8206e,PerceptualSpeedIndex,ebay-kleinanzeigen,True,ebay-kleinanzeigen PerceptualSpeedIndex opt warm webrender,,77,ms,geckoview,,1792473921,2023-11-11 12:34:55,1330712,,,,,,,,,,,,,,,,,,,,,,,,,,,,,,,,,,,,,,,,,,,,,,,,,TN
925,3c8320ef59532128e1a7589968f497f0efcabbaf,0.03634815639531075,autoland,4366813,13,930eca14459531ff5483e56979276f480af08a6a,android-hw-a51-11-0-aarch64-shippable-qr,True,False,,|w|a|r|m| |w|e|b|r|e|n|d|e|r|,102210fe594ee9b33d82058545b1ed14f4c8206e,PerceptualSpeedIndex,ebay-kleinanzeigen,True,ebay-kleinanzeigen PerceptualSpeedIndex opt warm webrender,,77,ms,geckoview,,1792718749,2023-11-11 23:06:06,1330750,,,,,,,,,,,,,,,,,,,,,,,,,,,,,,,,,,,,,,,,,,,,,,,,,TN
926,43bee97ffb8cfcea7412fb86386ea2cb2a1b9b49,0.019516667758202932,autoland,4366813,13,930eca14459531ff5483e56979276f480af08a6a,android-hw-a51-11-0-aarch64-shippable-qr,True,False,,|w|a|r|m| |w|e|b|r|e|n|d|e|r|,102210fe594ee9b33d82058545b1ed14f4c8206e,PerceptualSpeedIndex,ebay-kleinanzeigen,True,ebay-kleinanzeigen PerceptualSpeedIndex opt warm webrender,,77,ms,geckoview,,1792786935,2023-11-12 05:45:19,1330766,,,,,,,,,,,,,,,,,,,,,,,,,,,,,,,,,,,,,,,,,,,,,,,,,TN
927,211dc86c8f534a950af69434fa996976b566a6a0,0.023904643395114333,autoland,4366813,13,930eca14459531ff5483e56979276f480af08a6a,android-hw-a51-11-0-aarch64-shippable-qr,True,False,,|w|a|r|m| |w|e|b|r|e|n|d|e|r|,102210fe594ee9b33d82058545b1ed14f4c8206e,PerceptualSpeedIndex,ebay-kleinanzeigen,True,ebay-kleinanzeigen PerceptualSpeedIndex opt warm webrender,,77,ms,geckoview,,1793077838,2023-11-13 00:59:12,1330865,,,,,,,,,,,,,,,,,,,,,,,,,,,,,,,,,,,,,,,,,,,,,,,,,TN
928,25308a5c7e551cda7c3cfd77836eff8610462eae,0.021022987752963518,autoland,4366813,13,930eca14459531ff5483e56979276f480af08a6a,android-hw-a51-11-0-aarch64-shippable-qr,True,False,,|w|a|r|m| |w|e|b|r|e|n|d|e|r|,102210fe594ee9b33d82058545b1ed14f4c8206e,PerceptualSpeedIndex,ebay-kleinanzeigen,True,ebay-kleinanzeigen PerceptualSpeedIndex opt warm webrender,,77,ms,geckoview,,1793700610,2023-11-13 10:08:58,1330949,,,,,,,,,,,,,,,,,,,,,,,,,,,,,,,,,,,,,,,,,,,,,,,,,TN
929,54d191b31d03235c75592d07a8c538749933a18f,0.023118737310891313,autoland,4366813,13,930eca14459531ff5483e56979276f480af08a6a,android-hw-a51-11-0-aarch64-shippable-qr,True,False,,|w|a|r|m| |w|e|b|r|e|n|d|e|r|,102210fe594ee9b33d82058545b1ed14f4c8206e,PerceptualSpeedIndex,ebay-kleinanzeigen,True,ebay-kleinanzeigen PerceptualSpeedIndex opt warm webrender,,77,ms,geckoview,,1793737306,2023-11-13 14:09:58,1331049,,,,,,,,,,,,,,,,,,,,,,,,,,,,,,,,,,,,,,,,,,,,,,,,,TN
930,70f361f21a24a6e9fc53cb014e28172d360fa851,0.022005370358242127,autoland,4366813,13,930eca14459531ff5483e56979276f480af08a6a,android-hw-a51-11-0-aarch64-shippable-qr,True,False,,|w|a|r|m| |w|e|b|r|e|n|d|e|r|,102210fe594ee9b33d82058545b1ed14f4c8206e,PerceptualSpeedIndex,ebay-kleinanzeigen,True,ebay-kleinanzeigen PerceptualSpeedIndex opt warm webrender,,77,ms,geckoview,,1793750091,2023-11-13 15:01:04,1331086,,,,,,,,,,,,,,,,,,,,,,,,,,,,,,,,,,,,,,,,,,,,,,,,,TN
931,9d523f46c7d8642d6601894c5166ddcd17b6388a,0.022005370358242127,autoland,4366813,13,930eca14459531ff5483e56979276f480af08a6a,android-hw-a51-11-0-aarch64-shippable-qr,True,False,,|w|a|r|m| |w|e|b|r|e|n|d|e|r|,102210fe594ee9b33d82058545b1ed14f4c8206e,PerceptualSpeedIndex,ebay-kleinanzeigen,True,ebay-kleinanzeigen PerceptualSpeedIndex opt warm webrender,,77,ms,geckoview,,1793755266,2023-11-13 22:35:59,1331378,,,,,,,,,,,,,,,,,,,,,,,,,,,,,,,,,,,,,,,,,,,,,,,,,TN
932,2628fd55e661366941f56769829687c53da4669b,0.026458838168838872,autoland,4366813,13,930eca14459531ff5483e56979276f480af08a6a,android-hw-a51-11-0-aarch64-shippable-qr,True,False,,|w|a|r|m| |w|e|b|r|e|n|d|e|r|,102210fe594ee9b33d82058545b1ed14f4c8206e,PerceptualSpeedIndex,ebay-kleinanzeigen,True,ebay-kleinanzeigen PerceptualSpeedIndex opt warm webrender,,77,ms,geckoview,,1793803849,2023-11-14 03:20:13,1331480,,,,,,,,,,,,,,,,,,,,,,,,,,,,,,,,,,,,,,,,,,,,,,,,,TN
933,acdcddac0b907d2e59d6d0fa1f96fff98453093a,0.026589822516209338,autoland,4366813,13,930eca14459531ff5483e56979276f480af08a6a,android-hw-a51-11-0-aarch64-shippable-qr,True,False,,|w|a|r|m| |w|e|b|r|e|n|d|e|r|,102210fe594ee9b33d82058545b1ed14f4c8206e,PerceptualSpeedIndex,ebay-kleinanzeigen,True,ebay-kleinanzeigen PerceptualSpeedIndex opt warm webrender,,77,ms,geckoview,,1793835477,2023-11-14 06:06:45,1331509,,,,,,,,,,,,,,,,,,,,,,,,,,,,,,,,,,,,,,,,,,,,,,,,,TN
934,cb79861638fa94cb8c4df5b5e303dc4bd22f762c,0.02344619817931759,autoland,4366813,13,930eca14459531ff5483e56979276f480af08a6a,android-hw-a51-11-0-aarch64-shippable-qr,True,False,,|w|a|r|m| |w|e|b|r|e|n|d|e|r|,102210fe594ee9b33d82058545b1ed14f4c8206e,PerceptualSpeedIndex,ebay-kleinanzeigen,True,ebay-kleinanzeigen PerceptualSpeedIndex opt warm webrender,,77,ms,geckoview,,1794118693,2023-11-14 15:09:42,1331752,,,,,,,,,,,,,,,,,,,,,,,,,,,,,,,,,,,,,,,,,,,,,,,,,TN
935,1d700517893b09ca1438b9111ea148a71e7398ae,0.012836466042307926,autoland,4366813,13,930eca14459531ff5483e56979276f480af08a6a,android-hw-a51-11-0-aarch64-shippable-qr,True,False,,|w|a|r|m| |w|e|b|r|e|n|d|e|r|,102210fe594ee9b33d82058545b1ed14f4c8206e,PerceptualSpeedIndex,ebay-kleinanzeigen,True,ebay-kleinanzeigen PerceptualSpeedIndex opt warm webrender,,77,ms,geckoview,,1794105707,2023-11-14 15:18:46,1331762,,,,,,,,,,,,,,,,,,,,,,,,,,,,,,,,,,,,,,,,,,,,,,,,,TN
936,cee24679e2a2e085bdefdbd66106fa1a805db56d,0.03850939812692389,autoland,4366813,13,930eca14459531ff5483e56979276f480af08a6a,android-hw-a51-11-0-aarch64-shippable-qr,True,False,,|w|a|r|m| |w|e|b|r|e|n|d|e|r|,102210fe594ee9b33d82058545b1ed14f4c8206e,PerceptualSpeedIndex,ebay-kleinanzeigen,True,ebay-kleinanzeigen PerceptualSpeedIndex opt warm webrender,,77,ms,geckoview,,1794228607,2023-11-14 18:32:45,1331906,,,,,,,,,,,,,,,,,,,,,,,,,,,,,,,,,,,,,,,,,,,,,,,,,TN
937,45f7ef4749636f24bbab519e5d4e3851950ccacc,0.023904643395114333,autoland,4366813,13,930eca14459531ff5483e56979276f480af08a6a,android-hw-a51-11-0-aarch64-shippable-qr,True,False,,|w|a|r|m| |w|e|b|r|e|n|d|e|r|,102210fe594ee9b33d82058545b1ed14f4c8206e,PerceptualSpeedIndex,ebay-kleinanzeigen,True,ebay-kleinanzeigen PerceptualSpeedIndex opt warm webrender,,77,ms,geckoview,,1794341717,2023-11-14 20:17:49,1331971,,,,,,,,,,,,,,,,,,,,,,,,,,,,,,,,,,,,,,,,,,,,,,,,,TN
938,0083ca2f4709e599083520545d538d1ee1b8356d,0.03379396162158621,autoland,4366813,13,930eca14459531ff5483e56979276f480af08a6a,android-hw-a51-11-0-aarch64-shippable-qr,True,False,,|w|a|r|m| |w|e|b|r|e|n|d|e|r|,102210fe594ee9b33d82058545b1ed14f4c8206e,PerceptualSpeedIndex,ebay-kleinanzeigen,True,ebay-kleinanzeigen PerceptualSpeedIndex opt warm webrender,,77,ms,geckoview,,1794499457,2023-11-15 01:57:11,1332132,,,,,,,,,,,,,,,,,,,,,,,,,,,,,,,,,,,,,,,,,,,,,,,,,TN
939,d9f2158d4d442a658bb2029948eeebd438457667,0.03523478944266156,autoland,4366813,13,930eca14459531ff5483e56979276f480af08a6a,android-hw-a51-11-0-aarch64-shippable-qr,True,False,,|w|a|r|m| |w|e|b|r|e|n|d|e|r|,102210fe594ee9b33d82058545b1ed14f4c8206e,PerceptualSpeedIndex,ebay-kleinanzeigen,True,ebay-kleinanzeigen PerceptualSpeedIndex opt warm webrender,,77,ms,geckoview,,1794540562,2023-11-15 03:02:01,1332148,,,,,,,,,,,,,,,,,,,,,,,,,,,,,,,,,,,,,,,,,,,,,,,,,TN
940,d12a09b7c773efc37f5d0e37cc52339e25f07b6c,0.03615167987425505,autoland,4366813,13,930eca14459531ff5483e56979276f480af08a6a,android-hw-a51-11-0-aarch64-shippable-qr,True,False,,|w|a|r|m| |w|e|b|r|e|n|d|e|r|,102210fe594ee9b33d82058545b1ed14f4c8206e,PerceptualSpeedIndex,ebay-kleinanzeigen,True,ebay-kleinanzeigen PerceptualSpeedIndex opt warm webrender,,77,ms,geckoview,,1794604383,2023-11-15 07:02:46,1332195,,,,,,,,,,,,,,,,,,,,,,,,,,,,,,,,,,,,,,,,,,,,,,,,,TN
941,571c293cedd28db6ac86fd553e2810f40e382e80,0.01807583993712747,autoland,4366813,13,930eca14459531ff5483e56979276f480af08a6a,android-hw-a51-11-0-aarch64-shippable-qr,True,False,,|w|a|r|m| |w|e|b|r|e|n|d|e|r|,102210fe594ee9b33d82058545b1ed14f4c8206e,PerceptualSpeedIndex,ebay-kleinanzeigen,True,ebay-kleinanzeigen PerceptualSpeedIndex opt warm webrender,,77,ms,geckoview,,1794724833,2023-11-15 12:47:49,1332324,,,,,,,,,,,,,,,,,,,,,,,,,,,,,,,,,,,,,,,,,,,,,,,,,TN
942,58fc056d56521455bb36e7bd4fcce81222093c75,0.04152203811644506,autoland,4366813,13,930eca14459531ff5483e56979276f480af08a6a,android-hw-a51-11-0-aarch64-shippable-qr,True,False,,|w|a|r|m| |w|e|b|r|e|n|d|e|r|,102210fe594ee9b33d82058545b1ed14f4c8206e,PerceptualSpeedIndex,ebay-kleinanzeigen,True,ebay-kleinanzeigen PerceptualSpeedIndex opt warm webrender,,77,ms,geckoview,,1794833512,2023-11-15 15:33:52,1332438,,,,,,,,,,,,,,,,,,,,,,,,,,,,,,,,,,,,,,,,,,,,,,,,,TN
943,a70ee84d8943b9a1eaaf0fb3a0df60a1595f5782,0.03254961032156656,autoland,4366813,13,930eca14459531ff5483e56979276f480af08a6a,android-hw-a51-11-0-aarch64-shippable-qr,True,False,,|w|a|r|m| |w|e|b|r|e|n|d|e|r|,102210fe594ee9b33d82058545b1ed14f4c8206e,PerceptualSpeedIndex,ebay-kleinanzeigen,True,ebay-kleinanzeigen PerceptualSpeedIndex opt warm webrender,,77,ms,geckoview,,1794856607,2023-11-15 16:43:35,1332515,,,,,,,,,,,,,,,,,,,,,,,,,,,,,,,,,,,,,,,,,,,,,,,,,TN
944,eb78feb610e5d895bd63b81693cde56dd08d82df,0.026589822516209338,autoland,4366813,13,930eca14459531ff5483e56979276f480af08a6a,android-hw-a51-11-0-aarch64-shippable-qr,True,False,,|w|a|r|m| |w|e|b|r|e|n|d|e|r|,102210fe594ee9b33d82058545b1ed14f4c8206e,PerceptualSpeedIndex,ebay-kleinanzeigen,True,ebay-kleinanzeigen PerceptualSpeedIndex opt warm webrender,,77,ms,geckoview,,1795103314,2023-11-15 23:08:22,1332792,,,,,,,,,,,,,,,,,,,,,,,,,,,,,,,,,,,,,,,,,,,,,,,,,TN
945,ffd7ebdedeacec6717a3e8904121052ebbe61fe6,0.03543126596371726,autoland,4366813,13,930eca14459531ff5483e56979276f480af08a6a,android-hw-a51-11-0-aarch64-shippable-qr,True,False,,|w|a|r|m| |w|e|b|r|e|n|d|e|r|,102210fe594ee9b33d82058545b1ed14f4c8206e,PerceptualSpeedIndex,ebay-kleinanzeigen,True,ebay-kleinanzeigen PerceptualSpeedIndex opt warm webrender,,77,ms,geckoview,,1795253618,2023-11-16 09:33:00,1332997,,,,,,,,,,,,,,,,,,,,,,,,,,,,,,,,,,,,,,,,,,,,,,,,,TN
946,71ef91d3bf98c6475cfe762c0152d5b31588182c,0.03399043814264202,autoland,4366813,13,930eca14459531ff5483e56979276f480af08a6a,android-hw-a51-11-0-aarch64-shippable-qr,True,False,,|w|a|r|m| |w|e|b|r|e|n|d|e|r|,102210fe594ee9b33d82058545b1ed14f4c8206e,PerceptualSpeedIndex,ebay-kleinanzeigen,True,ebay-kleinanzeigen PerceptualSpeedIndex opt warm webrender,,77,ms,geckoview,,1795386548,2023-11-16 13:34:03,1333089,,,,,,,,,,,,,,,,,,,,,,,,,,,,,,,,,,,,,,,,,,,,,,,,,TN
947,5dba86b1842a5256c2845d69a7cebd605267d535,0.03399043814264202,autoland,4366813,13,930eca14459531ff5483e56979276f480af08a6a,android-hw-a51-11-0-aarch64-shippable-qr,True,False,,|w|a|r|m| |w|e|b|r|e|n|d|e|r|,102210fe594ee9b33d82058545b1ed14f4c8206e,PerceptualSpeedIndex,ebay-kleinanzeigen,True,ebay-kleinanzeigen PerceptualSpeedIndex opt warm webrender,,77,ms,geckoview,,1795443219,2023-11-16 15:30:11,1333183,,,,,,,,,,,,,,,,,,,,,,,,,,,,,,,,,,,,,,,,,,,,,,,,,TN
948,53b2405c0e70ae3283dbbba0d568665110f0db23,0.03995022594799924,autoland,4366813,13,930eca14459531ff5483e56979276f480af08a6a,android-hw-a51-11-0-aarch64-shippable-qr,True,False,,|w|a|r|m| |w|e|b|r|e|n|d|e|r|,102210fe594ee9b33d82058545b1ed14f4c8206e,PerceptualSpeedIndex,ebay-kleinanzeigen,True,ebay-kleinanzeigen PerceptualSpeedIndex opt warm webrender,,77,ms,geckoview,,1795554575,2023-11-16 20:27:49,1333335,,,,,,,,,,,,,,,,,,,,,,,,,,,,,,,,,,,,,,,,,,,,,,,,,TN
949,3b45d04f6865b297c8b2548a2c24424c5e9467e9,0.03870587464797959,autoland,4366813,13,930eca14459531ff5483e56979276f480af08a6a,android-hw-a51-11-0-aarch64-shippable-qr,True,False,,|w|a|r|m| |w|e|b|r|e|n|d|e|r|,102210fe594ee9b33d82058545b1ed14f4c8206e,PerceptualSpeedIndex,ebay-kleinanzeigen,True,ebay-kleinanzeigen PerceptualSpeedIndex opt warm webrender,,77,ms,geckoview,,1795611655,2023-11-16 23:04:46,1333418,,,,,,,,,,,,,,,,,,,,,,,,,,,,,,,,,,,,,,,,,,,,,,,,,TN
950,8a71397fb808df79e78f3023bf95b46f7cc2d2a4,0.024690549479337243,autoland,4366813,13,930eca14459531ff5483e56979276f480af08a6a,android-hw-a51-11-0-aarch64-shippable-qr,True,False,,|w|a|r|m| |w|e|b|r|e|n|d|e|r|,102210fe594ee9b33d82058545b1ed14f4c8206e,PerceptualSpeedIndex,ebay-kleinanzeigen,True,ebay-kleinanzeigen PerceptualSpeedIndex opt warm webrender,,77,ms,geckoview,,1795788402,2023-11-17 06:40:14,1333538,,,,,,,,,,,,,,,,,,,,,,,,,,,,,,,,,,,,,,,,,,,,,,,,,TN
951,ff5810792fa57d1b0a1076b4c90b3a83ac0242ca,0.02121946427401933,autoland,4366813,13,930eca14459531ff5483e56979276f480af08a6a,android-hw-a51-11-0-aarch64-shippable-qr,True,False,,|w|a|r|m| |w|e|b|r|e|n|d|e|r|,102210fe594ee9b33d82058545b1ed14f4c8206e,PerceptualSpeedIndex,ebay-kleinanzeigen,True,ebay-kleinanzeigen PerceptualSpeedIndex opt warm webrender,,77,ms,geckoview,,1795955849,2023-11-17 10:54:07,1333644,,,,,,,,,,,,,,,,,,,,,,,,,,,,,,,,,,,,,,,,,,,,,,,,,TN
952,f3b46286b5bad609725e65f541d6609a1bafcbce,0.023184229484576657,autoland,4366813,13,930eca14459531ff5483e56979276f480af08a6a,android-hw-a51-11-0-aarch64-shippable-qr,True,False,,|w|a|r|m| |w|e|b|r|e|n|d|e|r|,102210fe594ee9b33d82058545b1ed14f4c8206e,PerceptualSpeedIndex,ebay-kleinanzeigen,True,ebay-kleinanzeigen PerceptualSpeedIndex opt warm webrender,,77,ms,geckoview,,1796143050,2023-11-17 15:35:00,1333770,,,,,,,,,,,,,,,,,,,,,,,,,,,,,,,,,,,,,,,,,,,,,,,,,TN
953,b3bec7a68bb8ccbb4c637b64bec4dc0c806fecb3,0.027899665989914224,autoland,4366813,13,930eca14459531ff5483e56979276f480af08a6a,android-hw-a51-11-0-aarch64-shippable-qr,True,False,,|w|a|r|m| |w|e|b|r|e|n|d|e|r|,102210fe594ee9b33d82058545b1ed14f4c8206e,PerceptualSpeedIndex,ebay-kleinanzeigen,True,ebay-kleinanzeigen PerceptualSpeedIndex opt warm webrender,,77,ms,geckoview,,1796215574,2023-11-17 21:05:40,1334007,,,,,,,,,,,,,,,,,,,,,,,,,,,,,,,,,,,,,,,,,,,,,,,,,TN
954,391181d97b6bb5b53fe8a1186c8a1a85971812de,0.04289737376383529,autoland,4366813,13,930eca14459531ff5483e56979276f480af08a6a,android-hw-a51-11-0-aarch64-shippable-qr,True,False,,|w|a|r|m| |w|e|b|r|e|n|d|e|r|,102210fe594ee9b33d82058545b1ed14f4c8206e,PerceptualSpeedIndex,ebay-kleinanzeigen,True,ebay-kleinanzeigen PerceptualSpeedIndex opt warm webrender,,77,ms,geckoview,,1796271519,2023-11-18 01:23:43,1334085,,,,,,,,,,,,,,,,,,,,,,,,,,,,,,,,,,,,,,,,,,,,,,,,,TN
955,2cf1b902ea75e1237bbd69eaf02c889bc2924d10,0.027572205121487947,autoland,4366813,13,930eca14459531ff5483e56979276f480af08a6a,android-hw-a51-11-0-aarch64-shippable-qr,True,False,,|w|a|r|m| |w|e|b|r|e|n|d|e|r|,102210fe594ee9b33d82058545b1ed14f4c8206e,PerceptualSpeedIndex,ebay-kleinanzeigen,True,ebay-kleinanzeigen PerceptualSpeedIndex opt warm webrender,,77,ms,geckoview,,1796447853,2023-11-18 14:15:26,1334153,,,,,,,,,,,,,,,,,,,,,,,,,,,,,,,,,,,,,,,,,,,,,,,,,TN
956,98917be406eeca58f61d8aeaf62aa4cae5be2137,0.03582421900582877,autoland,4366813,13,930eca14459531ff5483e56979276f480af08a6a,android-hw-a51-11-0-aarch64-shippable-qr,True,False,,|w|a|r|m| |w|e|b|r|e|n|d|e|r|,102210fe594ee9b33d82058545b1ed14f4c8206e,PerceptualSpeedIndex,ebay-kleinanzeigen,True,ebay-kleinanzeigen PerceptualSpeedIndex opt warm webrender,,77,ms,geckoview,,1796558145,2023-11-19 06:03:16,1334239,,,,,,,,,,,,,,,,,,,,,,,,,,,,,,,,,,,,,,,,,,,,,,,,,TN
957,b403bb5b1c833d29961882402a090cf08f44c190,0.028489095553081434,autoland,4366813,13,930eca14459531ff5483e56979276f480af08a6a,android-hw-a51-11-0-aarch64-shippable-qr,True,False,,|w|a|r|m| |w|e|b|r|e|n|d|e|r|,102210fe594ee9b33d82058545b1ed14f4c8206e,PerceptualSpeedIndex,ebay-kleinanzeigen,True,ebay-kleinanzeigen PerceptualSpeedIndex opt warm webrender,,77,ms,geckoview,,1796635244,2023-11-19 11:10:53,1334278,,,,,,,,,,,,,,,,,,,,,,,,,,,,,,,,,,,,,,,,,,,,,,,,,TN
958,1044018d08bd15166ae94a05bf5299b0701f4109,0.04132556159538936,autoland,4366813,13,930eca14459531ff5483e56979276f480af08a6a,android-hw-a51-11-0-aarch64-shippable-qr,True,False,,|w|a|r|m| |w|e|b|r|e|n|d|e|r|,102210fe594ee9b33d82058545b1ed14f4c8206e,PerceptualSpeedIndex,ebay-kleinanzeigen,True,ebay-kleinanzeigen PerceptualSpeedIndex opt warm webrender,,77,ms,geckoview,,1796691672,2023-11-19 15:28:11,1334290,,,,,,,,,,,,,,,,,,,,,,,,,,,,,,,,,,,,,,,,,,,,,,,,,TN
959,73f60b8af6dadb15fb13d768baf6b4c3313d939b,0.024952518174078175,autoland,4366813,13,930eca14459531ff5483e56979276f480af08a6a,android-hw-a51-11-0-aarch64-shippable-qr,True,False,,|w|a|r|m| |w|e|b|r|e|n|d|e|r|,102210fe594ee9b33d82058545b1ed14f4c8206e,PerceptualSpeedIndex,ebay-kleinanzeigen,True,ebay-kleinanzeigen PerceptualSpeedIndex opt warm webrender,,77,ms,geckoview,,1796841553,2023-11-20 01:53:49,1334371,,,,,,,,,,,,,,,,,,,,,,,,,,,,,,,,,,,,,,,,,,,,,,,,,TN
960,86da25fdbc81a93ed888df6b8a9f7cc128fb9b5b,0.0421769598532975,autoland,4366813,13,930eca14459531ff5483e56979276f480af08a6a,android-hw-a51-11-0-aarch64-shippable-qr,True,False,,|w|a|r|m| |w|e|b|r|e|n|d|e|r|,102210fe594ee9b33d82058545b1ed14f4c8206e,PerceptualSpeedIndex,ebay-kleinanzeigen,True,ebay-kleinanzeigen PerceptualSpeedIndex opt warm webrender,,77,ms,geckoview,,1797010453,2023-11-20 09:30:46,1334455,,,,,,,,,,,,,,,,,,,,,,,,,,,,,,,,,,,,,,,,,,,,,,,,,TN
961,de35cb5de97565935b503eade2990b5c385c7293,0.035496758137402606,autoland,4366813,13,930eca14459531ff5483e56979276f480af08a6a,android-hw-a51-11-0-aarch64-shippable-qr,True,False,,|w|a|r|m| |w|e|b|r|e|n|d|e|r|,102210fe594ee9b33d82058545b1ed14f4c8206e,PerceptualSpeedIndex,ebay-kleinanzeigen,True,ebay-kleinanzeigen PerceptualSpeedIndex opt warm webrender,,77,ms,geckoview,,1797128758,2023-11-20 12:44:46,1334619,,,,,,,,,,,,,,,,,,,,,,,,,,,,,,,,,,,,,,,,,,,,,,,,,TN
962,f78453d754386d0000dae39e031b91b0d0c4b07f,0.038836858995350054,autoland,4366813,13,930eca14459531ff5483e56979276f480af08a6a,android-hw-a51-11-0-aarch64-shippable-qr,True,False,,|w|a|r|m| |w|e|b|r|e|n|d|e|r|,102210fe594ee9b33d82058545b1ed14f4c8206e,PerceptualSpeedIndex,ebay-kleinanzeigen,True,ebay-kleinanzeigen PerceptualSpeedIndex opt warm webrender,,77,ms,geckoview,,1797374607,2023-11-20 16:13:55,1334757,,,,,,,,,,,,,,,,,,,,,,,,,,,,,,,,,,,,,,,,,,,,,,,,,TN
963,a2089603188c4136890163ddd71b1d4e60e1c396,0.04060514768485168,autoland,4366813,13,930eca14459531ff5483e56979276f480af08a6a,android-hw-a51-11-0-aarch64-shippable-qr,True,False,,|w|a|r|m| |w|e|b|r|e|n|d|e|r|,102210fe594ee9b33d82058545b1ed14f4c8206e,PerceptualSpeedIndex,ebay-kleinanzeigen,True,ebay-kleinanzeigen PerceptualSpeedIndex opt warm webrender,,77,ms,geckoview,,1797397667,2023-11-20 18:08:54,1334868,,,,,,,,,,,,,,,,,,,,,,,,,,,,,,,,,,,,,,,,,,,,,,,,,TN
964,14824bbec824118481257c4b6ca5b6303a48cd56,0.03503831292160586,autoland,4366813,13,930eca14459531ff5483e56979276f480af08a6a,android-hw-a51-11-0-aarch64-shippable-qr,True,False,,|w|a|r|m| |w|e|b|r|e|n|d|e|r|,102210fe594ee9b33d82058545b1ed14f4c8206e,PerceptualSpeedIndex,ebay-kleinanzeigen,True,ebay-kleinanzeigen PerceptualSpeedIndex opt warm webrender,,77,ms,geckoview,,1799659073,2023-11-20 18:17:58,1334876,,,,,,,,,,,,,,,,,,,,,,,,,,,,,,,,,,,,,,,,,,,,,,,,,TN
965,6b5c80f3fd764927e6c8dadaeea14ab6209e426f,0.030322876416268296,autoland,4366813,13,930eca14459531ff5483e56979276f480af08a6a,android-hw-a51-11-0-aarch64-shippable-qr,True,False,,|w|a|r|m| |w|e|b|r|e|n|d|e|r|,102210fe594ee9b33d82058545b1ed14f4c8206e,PerceptualSpeedIndex,ebay-kleinanzeigen,True,ebay-kleinanzeigen PerceptualSpeedIndex opt warm webrender,,77,ms,geckoview,,1799734457,2023-11-20 18:42:57,1334895,,,,,,,,,,,,,,,,,,,,,,,,,,,,,,,,,,,,,,,,,,,,,,,,,TN
966,87e2f5b16af17b7152632edad4682dcf5fd8b350,0.03562774248477307,autoland,4366813,13,930eca14459531ff5483e56979276f480af08a6a,android-hw-a51-11-0-aarch64-shippable-qr,True,False,,|w|a|r|m| |w|e|b|r|e|n|d|e|r|,102210fe594ee9b33d82058545b1ed14f4c8206e,PerceptualSpeedIndex,ebay-kleinanzeigen,True,ebay-kleinanzeigen PerceptualSpeedIndex opt warm webrender,,77,ms,geckoview,,1799970674,2023-11-20 18:53:58,1334904,,,,,,,,,,,,,,,,,,,,,,,,,,,,,,,,,,,,,,,,,,,,,,,,,TN
967,21dbcdaf74de618291c685148894b9e3bdf50036,0.03661012509005179,autoland,4366813,13,930eca14459531ff5483e56979276f480af08a6a,android-hw-a51-11-0-aarch64-shippable-qr,True,False,,|w|a|r|m| |w|e|b|r|e|n|d|e|r|,102210fe594ee9b33d82058545b1ed14f4c8206e,PerceptualSpeedIndex,ebay-kleinanzeigen,True,ebay-kleinanzeigen PerceptualSpeedIndex opt warm webrender,,77,ms,geckoview,,1799634429,2023-11-20 18:58:21,1334907,,,,,,,,,,,,,,,,,,,,,,,,,,,,,,,,,,,,,,,,,,,,,,,,,TN
968,11a1bd4e725137cd132f81690e5ce092412d7fbc,0.04486213897439262,autoland,4366813,13,930eca14459531ff5483e56979276f480af08a6a,android-hw-a51-11-0-aarch64-shippable-qr,True,False,,|w|a|r|m| |w|e|b|r|e|n|d|e|r|,102210fe594ee9b33d82058545b1ed14f4c8206e,PerceptualSpeedIndex,ebay-kleinanzeigen,True,ebay-kleinanzeigen PerceptualSpeedIndex opt warm webrender,,77,ms,geckoview,,1799944041,2023-11-20 19:05:14,1334914,,,,,,,,,,,,,,,,,,,,,,,,,,,,,,,,,,,,,,,,,,,,,,,,,TN
969,f2422338235874feb497156d9044bae51e3c3ea5,0.03772349204270087,autoland,4366813,13,930eca14459531ff5483e56979276f480af08a6a,android-hw-a51-11-0-aarch64-shippable-qr,True,False,,|w|a|r|m| |w|e|b|r|e|n|d|e|r|,102210fe594ee9b33d82058545b1ed14f4c8206e,PerceptualSpeedIndex,ebay-kleinanzeigen,True,ebay-kleinanzeigen PerceptualSpeedIndex opt warm webrender,,77,ms,geckoview,,1799710562,2023-11-20 19:06:28,1334917,,,,,,,,,,,,,,,,,,,,,,,,,,,,,,,,,,,,,,,,,,,,,,,,,TN
970,a90c00b4d9d8b20a73e202a9da911754aa6d3404,0.05363809024821542,autoland,4366813,13,930eca14459531ff5483e56979276f480af08a6a,android-hw-a51-11-0-aarch64-shippable-qr,True,False,,|w|a|r|m| |w|e|b|r|e|n|d|e|r|,102210fe594ee9b33d82058545b1ed14f4c8206e,PerceptualSpeedIndex,ebay-kleinanzeigen,True,ebay-kleinanzeigen PerceptualSpeedIndex opt warm webrender,,77,ms,geckoview,,1799721943,2023-11-20 19:14:09,1334928,,,,,,,,,,,,,,,,,,,,,,,,,,,,,,,,,,,,,,,,,,,,,,,,,TN
971,e57621d60324506805f1f5d3c40266f9886872b7,0.038247429432182845,autoland,4366813,13,930eca14459531ff5483e56979276f480af08a6a,android-hw-a51-11-0-aarch64-shippable-qr,True,False,,|w|a|r|m| |w|e|b|r|e|n|d|e|r|,102210fe594ee9b33d82058545b1ed14f4c8206e,PerceptualSpeedIndex,ebay-kleinanzeigen,True,ebay-kleinanzeigen PerceptualSpeedIndex opt warm webrender,,77,ms,geckoview,,1799902874,2023-11-20 19:23:37,1334934,,,,,,,,,,,,,,,,,,,,,,,,,,,,,,,,,,,,,,,,,,,,,,,,,TN
972,6a6e9ae07a687e890432b61d982971d1456a4712,0.036675617263737026,autoland,4366813,13,930eca14459531ff5483e56979276f480af08a6a,android-hw-a51-11-0-aarch64-shippable-qr,True,False,,|w|a|r|m| |w|e|b|r|e|n|d|e|r|,102210fe594ee9b33d82058545b1ed14f4c8206e,PerceptualSpeedIndex,ebay-kleinanzeigen,True,ebay-kleinanzeigen PerceptualSpeedIndex opt warm webrender,,77,ms,geckoview,,1799971121,2023-11-20 19:32:12,1334947,,,,,,,,,,,,,,,,,,,,,,,,,,,,,,,,,,,,,,,,,,,,,,,,,TN
973,36c4a38c6d225c7315445718e62d4703c40c277a,0.03163271988997318,autoland,4366813,13,930eca14459531ff5483e56979276f480af08a6a,android-hw-a51-11-0-aarch64-shippable-qr,True,False,,|w|a|r|m| |w|e|b|r|e|n|d|e|r|,102210fe594ee9b33d82058545b1ed14f4c8206e,PerceptualSpeedIndex,ebay-kleinanzeigen,True,ebay-kleinanzeigen PerceptualSpeedIndex opt warm webrender,,77,ms,geckoview,,1799733255,2023-11-20 19:48:12,1334957,,,,,,,,,,,,,,,,,,,,,,,,,,,,,,,,,,,,,,,,,,,,,,,,,TN
974,568d77345180eb65e5184675875dc87d10d35351,0.0375925076953304,autoland,4366813,13,930eca14459531ff5483e56979276f480af08a6a,android-hw-a51-11-0-aarch64-shippable-qr,True,False,,|w|a|r|m| |w|e|b|r|e|n|d|e|r|,102210fe594ee9b33d82058545b1ed14f4c8206e,PerceptualSpeedIndex,ebay-kleinanzeigen,True,ebay-kleinanzeigen PerceptualSpeedIndex opt warm webrender,,77,ms,geckoview,,1799700872,2023-11-20 20:20:37,1334986,,,,,,,,,,,,,,,,,,,,,,,,,,,,,,,,,,,,,,,,,,,,,,,,,TN
975,57d38d110f72e27bab2456e5b81b5b080c266301,0.04093260855327796,autoland,4366813,13,930eca14459531ff5483e56979276f480af08a6a,android-hw-a51-11-0-aarch64-shippable-qr,True,False,,|w|a|r|m| |w|e|b|r|e|n|d|e|r|,102210fe594ee9b33d82058545b1ed14f4c8206e,PerceptualSpeedIndex,ebay-kleinanzeigen,True,ebay-kleinanzeigen PerceptualSpeedIndex opt warm webrender,,77,ms,geckoview,,1799970401,2023-11-20 20:48:29,1335011,,,,,,,,,,,,,,,,,,,,,,,,,,,,,,,,,,,,,,,,,,,,,,,,,TN
976,7a849caa2671dd02c1f9ee2814699f89c35ca99a,0.04315934245857622,autoland,4366813,13,930eca14459531ff5483e56979276f480af08a6a,android-hw-a51-11-0-aarch64-shippable-qr,True,False,,|w|a|r|m| |w|e|b|r|e|n|d|e|r|,102210fe594ee9b33d82058545b1ed14f4c8206e,PerceptualSpeedIndex,ebay-kleinanzeigen,True,ebay-kleinanzeigen PerceptualSpeedIndex opt warm webrender,,77,ms,geckoview,,1799631665,2023-11-20 21:00:44,1335028,,,,,,,,,,,,,,,,,,,,,,,,,,,,,,,,,,,,,,,,,,,,,,,,,TN
977,42604daaa4d12dc7ae0911491ab047b8600c1917,0.043224834632261455,autoland,4366813,13,930eca14459531ff5483e56979276f480af08a6a,android-hw-a51-11-0-aarch64-shippable-qr,True,False,,|w|a|r|m| |w|e|b|r|e|n|d|e|r|,102210fe594ee9b33d82058545b1ed14f4c8206e,PerceptualSpeedIndex,ebay-kleinanzeigen,True,ebay-kleinanzeigen PerceptualSpeedIndex opt warm webrender,,77,ms,geckoview,,1799629860,2023-11-20 21:03:26,1335029,,,,,,,,,,,,,,,,,,,,,,,,,,,,,,,,,,,,,,,,,,,,,,,,,TN
978,f6c594d1fcd7142d1e977e4ba63f30906888130e,0.042543716025934875,autoland,4366813,13,930eca14459531ff5483e56979276f480af08a6a,android-hw-a51-11-0-aarch64-shippable-qr,True,False,,|w|a|r|m| |w|e|b|r|e|n|d|e|r|,102210fe594ee9b33d82058545b1ed14f4c8206e,PerceptualSpeedIndex,ebay-kleinanzeigen,True,ebay-kleinanzeigen PerceptualSpeedIndex opt warm webrender,,77,ms,geckoview,,1799667473,2023-11-20 21:05:27,1335030,,,,,,,,,,,,,,,,,,,,,,,,,,,,,,,,,,,,,,,,,,,,,,,,,TN
979,d238dc5f29bd0251003e86f580984cf1171d8729,0.04845111009234393,autoland,4366813,13,930eca14459531ff5483e56979276f480af08a6a,android-hw-a51-11-0-aarch64-shippable-qr,True,False,,|w|a|r|m| |w|e|b|r|e|n|d|e|r|,102210fe594ee9b33d82058545b1ed14f4c8206e,PerceptualSpeedIndex,ebay-kleinanzeigen,True,ebay-kleinanzeigen PerceptualSpeedIndex opt warm webrender,,77,ms,geckoview,,1799960713,2023-11-20 21:07:46,1335031,,,,,,,,,,,,,,,,,,,,,,,,,,,,,,,,,,,,,,,,,,,,,,,,,TN
980,04214fe2efdbbdd3e95b68b002a32842f985b13b,0.04539917479861155,autoland,4366813,13,930eca14459531ff5483e56979276f480af08a6a,android-hw-a51-11-0-aarch64-shippable-qr,True,False,,|w|a|r|m| |w|e|b|r|e|n|d|e|r|,102210fe594ee9b33d82058545b1ed14f4c8206e,PerceptualSpeedIndex,ebay-kleinanzeigen,True,ebay-kleinanzeigen PerceptualSpeedIndex opt warm webrender,,77,ms,geckoview,,1799636970,2023-11-20 21:08:44,1335032,,,,,,,,,,,,,,,,,,,,,,,,,,,,,,,,,,,,,,,,,,,,,,,,,TN
981,9828830057c55444754c6f2ce75fb6f507347ebd,0.041561333420656266,autoland,4366813,13,930eca14459531ff5483e56979276f480af08a6a,android-hw-a51-11-0-aarch64-shippable-qr,True,False,,|w|a|r|m| |w|e|b|r|e|n|d|e|r|,102210fe594ee9b33d82058545b1ed14f4c8206e,PerceptualSpeedIndex,ebay-kleinanzeigen,True,ebay-kleinanzeigen PerceptualSpeedIndex opt warm webrender,,77,ms,geckoview,,1799624618,2023-11-20 21:09:43,1335033,,,,,,,,,,,,,,,,,,,,,,,,,,,,,,,,,,,,,,,,,,,,,,,,,TN
982,9763af9939468e874ac0d5f1c4ad2016e12ceafc,0.03816883882376054,autoland,4366813,13,930eca14459531ff5483e56979276f480af08a6a,android-hw-a51-11-0-aarch64-shippable-qr,True,False,,|w|a|r|m| |w|e|b|r|e|n|d|e|r|,102210fe594ee9b33d82058545b1ed14f4c8206e,PerceptualSpeedIndex,ebay-kleinanzeigen,True,ebay-kleinanzeigen PerceptualSpeedIndex opt warm webrender,,77,ms,geckoview,,1799956232,2023-11-20 21:44:10,1335067,,,,,,,,,,,,,,,,,,,,,,,,,,,,,,,,,,,,,,,,,,,,,,,,,TN
983,7b567ceeead73f84de62ab77b4b6c87450b347fa,0.039138122994302194,autoland,4366813,13,930eca14459531ff5483e56979276f480af08a6a,android-hw-a51-11-0-aarch64-shippable-qr,True,False,,|w|a|r|m| |w|e|b|r|e|n|d|e|r|,102210fe594ee9b33d82058545b1ed14f4c8206e,PerceptualSpeedIndex,ebay-kleinanzeigen,True,ebay-kleinanzeigen PerceptualSpeedIndex opt warm webrender,,77,ms,geckoview,,1797587471,2023-11-20 23:09:27,1335119,,,,,,,,,,,,,,,,,,,,,,,,,,,,,,,,,,,,,,,,,,,,,,,,,TN
984,c3c9e8ead0e2405e77a6b639beb10f0f12e753d4,0.03371755408562016,autoland,4366813,13,930eca14459531ff5483e56979276f480af08a6a,android-hw-a51-11-0-aarch64-shippable-qr,True,False,,|w|a|r|m| |w|e|b|r|e|n|d|e|r|,102210fe594ee9b33d82058545b1ed14f4c8206e,PerceptualSpeedIndex,ebay-kleinanzeigen,True,ebay-kleinanzeigen PerceptualSpeedIndex opt warm webrender,,77,ms,geckoview,,1800725537,2023-11-20 23:16:39,1335127,,,,,,,,,,,,,,,,,,,,,,,,,,,,,,,,,,,,,,,,,,,,,,,,,TN
985,a0bda3471d44d057dc7dccb9aa51e50e6f546259,0.04311568100945262,autoland,4366813,13,930eca14459531ff5483e56979276f480af08a6a,android-hw-a51-11-0-aarch64-shippable-qr,True,False,,|w|a|r|m| |w|e|b|r|e|n|d|e|r|,102210fe594ee9b33d82058545b1ed14f4c8206e,PerceptualSpeedIndex,ebay-kleinanzeigen,True,ebay-kleinanzeigen PerceptualSpeedIndex opt warm webrender,,77,ms,geckoview,,1800725409,2023-11-20 23:21:09,1335132,,,,,,,,,,,,,,,,,,,,,,,,,,,,,,,,,,,,,,,,,,,,,,,,,TN
986,de440757f159ce842a15573ec23e6bced779db73,0.04110725434977203,autoland,4366813,13,930eca14459531ff5483e56979276f480af08a6a,android-hw-a51-11-0-aarch64-shippable-qr,True,False,,|w|a|r|m| |w|e|b|r|e|n|d|e|r|,102210fe594ee9b33d82058545b1ed14f4c8206e,PerceptualSpeedIndex,ebay-kleinanzeigen,True,ebay-kleinanzeigen PerceptualSpeedIndex opt warm webrender,,77,ms,geckoview,,1800727118,2023-11-20 23:22:09,1335134,,,,,,,,,,,,,,,,,,,,,,,,,,,,,,,,,,,,,,,,,,,,,,,,,TN
987,f2558d4ebe41520695c83792fa6725511d388d7e,0.03991747986115657,autoland,4366813,13,930eca14459531ff5483e56979276f480af08a6a,android-hw-a51-11-0-aarch64-shippable-qr,True,False,,|w|a|r|m| |w|e|b|r|e|n|d|e|r|,102210fe594ee9b33d82058545b1ed14f4c8206e,PerceptualSpeedIndex,ebay-kleinanzeigen,True,ebay-kleinanzeigen PerceptualSpeedIndex opt warm webrender,,77,ms,geckoview,,1800727163,2023-11-20 23:24:05,1335138,,,,,,,,,,,,,,,,,,,,,,,,,,,,,,,,,,,,,,,,,,,,,,,,,TN
988,dde990208a4fa2791e4fc928b9155e3499e2a10f,0.03920798131289971,autoland,4366813,13,930eca14459531ff5483e56979276f480af08a6a,android-hw-a51-11-0-aarch64-shippable-qr,True,False,,|w|a|r|m| |w|e|b|r|e|n|d|e|r|,102210fe594ee9b33d82058545b1ed14f4c8206e,PerceptualSpeedIndex,ebay-kleinanzeigen,True,ebay-kleinanzeigen PerceptualSpeedIndex opt warm webrender,,77,ms,geckoview,,1800727317,2023-11-20 23:25:12,1335139,,,,,,,,,,,,,,,,,,,,,,,,,,,,,,,,,,,,,,,,,,,,,,,,,TN
989,4a6ed43174388497963a5e476b2b22e495ba088e,0.03842207522867691,autoland,4366813,13,930eca14459531ff5483e56979276f480af08a6a,android-hw-a51-11-0-aarch64-shippable-qr,True,False,,|w|a|r|m| |w|e|b|r|e|n|d|e|r|,102210fe594ee9b33d82058545b1ed14f4c8206e,PerceptualSpeedIndex,ebay-kleinanzeigen,True,ebay-kleinanzeigen PerceptualSpeedIndex opt warm webrender,,77,ms,geckoview,,1800727832,2023-11-20 23:26:11,1335141,,,,,,,,,,,,,,,,,,,,,,,,,,,,,,,,,,,,,,,,,,,,,,,,,TN
990,28d400b612e541c67c7c303113ab261f6463e848,0.04068155522081773,autoland,4366813,13,930eca14459531ff5483e56979276f480af08a6a,android-hw-a51-11-0-aarch64-shippable-qr,True,False,,|w|a|r|m| |w|e|b|r|e|n|d|e|r|,102210fe594ee9b33d82058545b1ed14f4c8206e,PerceptualSpeedIndex,ebay-kleinanzeigen,True,ebay-kleinanzeigen PerceptualSpeedIndex opt warm webrender,,77,ms,geckoview,,1800727639,2023-11-20 23:27:06,1335142,,,,,,,,,,,,,,,,,,,,,,,,,,,,,,,,,,,,,,,,,,,,,,,,,TN
991,8c758adbe3cbecd8c1ea1990921a78072254e6f3,0.03924072739974249,autoland,4366813,13,930eca14459531ff5483e56979276f480af08a6a,android-hw-a51-11-0-aarch64-shippable-qr,True,False,,|w|a|r|m| |w|e|b|r|e|n|d|e|r|,102210fe594ee9b33d82058545b1ed14f4c8206e,PerceptualSpeedIndex,ebay-kleinanzeigen,True,ebay-kleinanzeigen PerceptualSpeedIndex opt warm webrender,,77,ms,geckoview,,1800727891,2023-11-20 23:28:11,1335143,,,,,,,,,,,,,,,,,,,,,,,,,,,,,,,,,,,,,,,,,,,,,,,,,TN
992,79c2895d1a95f614a44752324211b0b1c4aac757,0.042013229419084475,autoland,4366813,13,930eca14459531ff5483e56979276f480af08a6a,android-hw-a51-11-0-aarch64-shippable-qr,True,False,,|w|a|r|m| |w|e|b|r|e|n|d|e|r|,102210fe594ee9b33d82058545b1ed14f4c8206e,PerceptualSpeedIndex,ebay-kleinanzeigen,True,ebay-kleinanzeigen PerceptualSpeedIndex opt warm webrender,,77,ms,geckoview,,1800727799,2023-11-20 23:29:25,1335147,,,,,,,,,,,,,,,,,,,,,,,,,,,,,,,,,,,,,,,,,,,,,,,,,TN
993,f729290c0a67cecd4d553075fd4eafdb5095824e,0.042406182461195874,autoland,4366813,13,930eca14459531ff5483e56979276f480af08a6a,android-hw-a51-11-0-aarch64-shippable-qr,True,False,,|w|a|r|m| |w|e|b|r|e|n|d|e|r|,102210fe594ee9b33d82058545b1ed14f4c8206e,PerceptualSpeedIndex,ebay-kleinanzeigen,True,ebay-kleinanzeigen PerceptualSpeedIndex opt warm webrender,,77,ms,geckoview,,1800727752,2023-11-20 23:30:20,1335149,,,,,,,,,,,,,,,,,,,,,,,,,,,,,,,,,,,,,,,,,,,,,,,,,TN
994,3549cd484a331268ff79a0c631528631af2bafb1,0.04999235924640333,autoland,4366813,13,930eca14459531ff5483e56979276f480af08a6a,android-hw-a51-11-0-aarch64-shippable-qr,True,False,,|w|a|r|m| |w|e|b|r|e|n|d|e|r|,102210fe594ee9b33d82058545b1ed14f4c8206e,PerceptualSpeedIndex,ebay-kleinanzeigen,True,ebay-kleinanzeigen PerceptualSpeedIndex opt warm webrender,,77,ms,geckoview,,1800728108,2023-11-20 23:31:15,1335150,,,,,,,,,,,,,,,,,,,,,,,,,,,,,,,,,,,,,,,,,,,,,,,,,TN
995,ceabf841630615d071eaa69d51a6ff59dfc4df15,0.04457833955508994,autoland,4366813,13,930eca14459531ff5483e56979276f480af08a6a,android-hw-a51-11-0-aarch64-shippable-qr,True,False,,|w|a|r|m| |w|e|b|r|e|n|d|e|r|,102210fe594ee9b33d82058545b1ed14f4c8206e,PerceptualSpeedIndex,ebay-kleinanzeigen,True,ebay-kleinanzeigen PerceptualSpeedIndex opt warm webrender,,77,ms,geckoview,,1800728382,2023-11-20 23:32:07,1335151,,,,,,,,,,,,,,,,,,,,,,,,,,,,,,,,,,,,,,,,,,,,,,,,,TN
996,8272ad0d7c2d4f69a556e19ef2775e98096e795e,0.041969567969960875,autoland,4366813,13,930eca14459531ff5483e56979276f480af08a6a,android-hw-a51-11-0-aarch64-shippable-qr,True,False,,|w|a|r|m| |w|e|b|r|e|n|d|e|r|,102210fe594ee9b33d82058545b1ed14f4c8206e,PerceptualSpeedIndex,ebay-kleinanzeigen,True,ebay-kleinanzeigen PerceptualSpeedIndex opt warm webrender,,77,ms,geckoview,,1800728783,2023-11-20 23:33:04,1335152,,,,,,,,,,,,,,,,,,,,,,,,,,,,,,,,,,,,,,,,,,,,,,,,,TN
997,2ebfbd12670fc8f9eef1b2de7e3426d8dc9ae0b1,0.03595520335319935,autoland,4366813,13,930eca14459531ff5483e56979276f480af08a6a,android-hw-a51-11-0-aarch64-shippable-qr,True,False,,|w|a|r|m| |w|e|b|r|e|n|d|e|r|,102210fe594ee9b33d82058545b1ed14f4c8206e,PerceptualSpeedIndex,ebay-kleinanzeigen,True,ebay-kleinanzeigen PerceptualSpeedIndex opt warm webrender,,77,ms,geckoview,,1800740371,2023-11-21 00:38:38,1335187,,,,,,,,,,,,,,,,,,,,,,,,,,,,,,,,,,,,,,,,,,,,,,,,,TN
998,3e089d41cd6b4037d794ae3c62110e68e18b12fb,0.0419804833322418,autoland,4366813,13,930eca14459531ff5483e56979276f480af08a6a,android-hw-a51-11-0-aarch64-shippable-qr,True,False,,|w|a|r|m| |w|e|b|r|e|n|d|e|r|,102210fe594ee9b33d82058545b1ed14f4c8206e,PerceptualSpeedIndex,ebay-kleinanzeigen,True,ebay-kleinanzeigen PerceptualSpeedIndex opt warm webrender,,77,ms,geckoview,,1800740416,2023-11-21 00:43:51,1335190,,,,,,,,,,,,,,,,,,,,,,,,,,,,,,,,,,,,,,,,,,,,,,,,,TN
999,b3de285b7406990f62fd129d6257bdb31290df49,0.03523478944266156,autoland,4366813,13,930eca14459531ff5483e56979276f480af08a6a,android-hw-a51-11-0-aarch64-shippable-qr,True,False,,|w|a|r|m| |w|e|b|r|e|n|d|e|r|,102210fe594ee9b33d82058545b1ed14f4c8206e,PerceptualSpeedIndex,ebay-kleinanzeigen,True,ebay-kleinanzeigen PerceptualSpeedIndex opt warm webrender,,77,ms,geckoview,,1800740538,2023-11-21 01:10:27,1335196,,,,,,,,,,,,,,,,,,,,,,,,,,,,,,,,,,,,,,,,,,,,,,,,,TN
1000,f625e0ae7d5516997a8417cfa922554159a32673,0.04211146767961227,autoland,4366813,13,930eca14459531ff5483e56979276f480af08a6a,android-hw-a51-11-0-aarch64-shippable-qr,True,False,,|w|a|r|m| |w|e|b|r|e|n|d|e|r|,102210fe594ee9b33d82058545b1ed14f4c8206e,PerceptualSpeedIndex,ebay-kleinanzeigen,True,ebay-kleinanzeigen PerceptualSpeedIndex opt warm webrender,,77,ms,geckoview,,1800740888,2023-11-21 01:11:21,1335197,,,,,,,,,,,,,,,,,,,,,,,,,,,,,,,,,,,,,,,,,,,,,,,,,TN
1001,b9fe9a49496aa38ca77c335f20236610ef01a582,0.046171982448097504,autoland,4366813,13,930eca14459531ff5483e56979276f480af08a6a,android-hw-a51-11-0-aarch64-shippable-qr,True,False,,|w|a|r|m| |w|e|b|r|e|n|d|e|r|,102210fe594ee9b33d82058545b1ed14f4c8206e,PerceptualSpeedIndex,ebay-kleinanzeigen,True,ebay-kleinanzeigen PerceptualSpeedIndex opt warm webrender,,77,ms,geckoview,,1797666196,2023-11-21 01:49:39,1335206,,,,,,,,,,,,,,,,,,,,,,,,,,,,,,,,,,,,,,,,,,,,,,,,,TN
1002,79bf2d9de350d54c62fbd880cf7e6f4ea3325ff1,0.04794027113759902,autoland,4366813,13,930eca14459531ff5483e56979276f480af08a6a,android-hw-a51-11-0-aarch64-shippable-qr,True,False,,|w|a|r|m| |w|e|b|r|e|n|d|e|r|,102210fe594ee9b33d82058545b1ed14f4c8206e,PerceptualSpeedIndex,ebay-kleinanzeigen,True,ebay-kleinanzeigen PerceptualSpeedIndex opt warm webrender,,77,ms,geckoview,,1799724654,2023-11-21 01:58:27,1335209,,,,,,,,,,,,,,,,,,,,,,,,,,,,,,,,,,,,,,,,,,,,,,,,,TN
1003,925b18f8e3b05d98a92d1ee942e6db374326fc89,0.03438339118475342,autoland,4366813,13,930eca14459531ff5483e56979276f480af08a6a,android-hw-a51-11-0-aarch64-shippable-qr,True,False,,|w|a|r|m| |w|e|b|r|e|n|d|e|r|,102210fe594ee9b33d82058545b1ed14f4c8206e,PerceptualSpeedIndex,ebay-kleinanzeigen,True,ebay-kleinanzeigen PerceptualSpeedIndex opt warm webrender,,77,ms,geckoview,,1799648698,2023-11-21 02:14:43,1335210,,,,,,,,,,,,,,,,,,,,,,,,,,,,,,,,,,,,,,,,,,,,,,,,,TN
1004,d7fd417affa6fd884339c722c0be7c53d3733ef1,0.04073613203222215,autoland,4366813,13,930eca14459531ff5483e56979276f480af08a6a,android-hw-a51-11-0-aarch64-shippable-qr,True,False,,|w|a|r|m| |w|e|b|r|e|n|d|e|r|,102210fe594ee9b33d82058545b1ed14f4c8206e,PerceptualSpeedIndex,ebay-kleinanzeigen,True,ebay-kleinanzeigen PerceptualSpeedIndex opt warm webrender,,77,ms,geckoview,,1799702221,2023-11-21 03:35:02,1335223,,,,,,,,,,,,,,,,,,,,,,,,,,,,,,,,,,,,,,,,,,,,,,,,,TN
1005,ef4b51874d9f4d46384f0e52f7c93bae11a6b7a6,0.04047416333748122,autoland,4366813,13,930eca14459531ff5483e56979276f480af08a6a,android-hw-a51-11-0-aarch64-shippable-qr,True,False,,|w|a|r|m| |w|e|b|r|e|n|d|e|r|,102210fe594ee9b33d82058545b1ed14f4c8206e,PerceptualSpeedIndex,ebay-kleinanzeigen,True,ebay-kleinanzeigen PerceptualSpeedIndex opt warm webrender,,77,ms,geckoview,,1799698680,2023-11-21 03:39:05,1335224,,,,,,,,,,,,,,,,,,,,,,,,,,,,,,,,,,,,,,,,,,,,,,,,,TN
1006,d0714a9f1f8fb77bddd44747d6c49c5ec1f4a57b,0.044600170279651574,autoland,4366813,13,930eca14459531ff5483e56979276f480af08a6a,android-hw-a51-11-0-aarch64-shippable-qr,True,False,,|w|a|r|m| |w|e|b|r|e|n|d|e|r|,102210fe594ee9b33d82058545b1ed14f4c8206e,PerceptualSpeedIndex,ebay-kleinanzeigen,True,ebay-kleinanzeigen PerceptualSpeedIndex opt warm webrender,,77,ms,geckoview,,1799634914,2023-11-21 03:39:56,1335225,,,,,,,,,,,,,,,,,,,,,,,,,,,,,,,,,,,,,,,,,,,,,,,,,TN
1007,febac7705e6de5428a0c65e4979942a2238a57c0,0.03503831292160586,autoland,4366813,13,930eca14459531ff5483e56979276f480af08a6a,android-hw-a51-11-0-aarch64-shippable-qr,True,False,,|w|a|r|m| |w|e|b|r|e|n|d|e|r|,102210fe594ee9b33d82058545b1ed14f4c8206e,PerceptualSpeedIndex,ebay-kleinanzeigen,True,ebay-kleinanzeigen PerceptualSpeedIndex opt warm webrender,,77,ms,geckoview,,1799734390,2023-11-21 03:41:03,1335226,,,,,,,,,,,,,,,,,,,,,,,,,,,,,,,,,,,,,,,,,,,,,,,,,TN
1008,1b572005a7d47dd09df2cd86f34e45b63c688225,0.05422751981138252,autoland,4366813,13,930eca14459531ff5483e56979276f480af08a6a,android-hw-a51-11-0-aarch64-shippable-qr,True,False,,|w|a|r|m| |w|e|b|r|e|n|d|e|r|,102210fe594ee9b33d82058545b1ed14f4c8206e,PerceptualSpeedIndex,ebay-kleinanzeigen,True,ebay-kleinanzeigen PerceptualSpeedIndex opt warm webrender,,77,ms,geckoview,,1799683148,2023-11-21 04:00:51,1335231,,,,,,,,,,,,,,,,,,,,,,,,,,,,,,,,,,,,,,,,,,,,,,,,,TN
1009,72c4005eb1157d0bd153da7e81079da2f59291e1,0.03870587464797959,autoland,4366813,13,930eca14459531ff5483e56979276f480af08a6a,android-hw-a51-11-0-aarch64-shippable-qr,True,False,,|w|a|r|m| |w|e|b|r|e|n|d|e|r|,102210fe594ee9b33d82058545b1ed14f4c8206e,PerceptualSpeedIndex,ebay-kleinanzeigen,True,ebay-kleinanzeigen PerceptualSpeedIndex opt warm webrender,,77,ms,geckoview,,1799923673,2023-11-21 05:13:42,1335238,,,,,,,,,,,,,,,,,,,,,,,,,,,,,,,,,,,,,,,,,,,,,,,,,TN
1010,1816eff04e524d8c09b97af1e8ec3b54a5e4d9ae,0.04774379461654332,autoland,4366813,13,930eca14459531ff5483e56979276f480af08a6a,android-hw-a51-11-0-aarch64-shippable-qr,True,False,,|w|a|r|m| |w|e|b|r|e|n|d|e|r|,102210fe594ee9b33d82058545b1ed14f4c8206e,PerceptualSpeedIndex,ebay-kleinanzeigen,True,ebay-kleinanzeigen PerceptualSpeedIndex opt warm webrender,,77,ms,geckoview,,1799900291,2023-11-21 05:33:32,1335239,,,,,,,,,,,,,,,,,,,,,,,,,,,,,,,,,,,,,,,,,,,,,,,,,TN
1011,7a6f17636cf1b0a6bc8afd1eeffe26cfbc03c29d,0.04073613203222215,autoland,4366813,13,930eca14459531ff5483e56979276f480af08a6a,android-hw-a51-11-0-aarch64-shippable-qr,True,False,,|w|a|r|m| |w|e|b|r|e|n|d|e|r|,102210fe594ee9b33d82058545b1ed14f4c8206e,PerceptualSpeedIndex,ebay-kleinanzeigen,True,ebay-kleinanzeigen PerceptualSpeedIndex opt warm webrender,,77,ms,geckoview,,1799701256,2023-11-21 05:44:32,1335240,,,,,,,,,,,,,,,,,,,,,,,,,,,,,,,,,,,,,,,,,,,,,,,,,TN
1012,5a6b00c632b633474dd372a9561d8a8b894a899a,0.04211146767961227,autoland,4366813,13,930eca14459531ff5483e56979276f480af08a6a,android-hw-a51-11-0-aarch64-shippable-qr,True,False,,|w|a|r|m| |w|e|b|r|e|n|d|e|r|,102210fe594ee9b33d82058545b1ed14f4c8206e,PerceptualSpeedIndex,ebay-kleinanzeigen,True,ebay-kleinanzeigen PerceptualSpeedIndex opt warm webrender,,77,ms,geckoview,,1799888678,2023-11-21 07:01:39,1335251,,,,,,,,,,,,,,,,,,,,,,,,,,,,,,,,,,,,,,,,,,,,,,,,,TN
1013,4bce7496d00b1da30ea279ee5ba65a1f797f6a10,0.04073613203222215,autoland,4366813,13,930eca14459531ff5483e56979276f480af08a6a,android-hw-a51-11-0-aarch64-shippable-qr,True,False,,|w|a|r|m| |w|e|b|r|e|n|d|e|r|,102210fe594ee9b33d82058545b1ed14f4c8206e,PerceptualSpeedIndex,ebay-kleinanzeigen,True,ebay-kleinanzeigen PerceptualSpeedIndex opt warm webrender,,77,ms,geckoview,,1799713917,2023-11-21 07:09:25,1335252,,,,,,,,,,,,,,,,,,,,,,,,,,,,,,,,,,,,,,,,,,,,,,,,,TN
1014,2f11050c90d800d559c5d451ec0756058e896cea,0.036479140742681215,autoland,4366813,13,930eca14459531ff5483e56979276f480af08a6a,android-hw-a51-11-0-aarch64-shippable-qr,True,False,,|w|a|r|m| |w|e|b|r|e|n|d|e|r|,102210fe594ee9b33d82058545b1ed14f4c8206e,PerceptualSpeedIndex,ebay-kleinanzeigen,True,ebay-kleinanzeigen PerceptualSpeedIndex opt warm webrender,,77,ms,geckoview,,1799687548,2023-11-21 07:19:22,1335253,,,,,,,,,,,,,,,,,,,,,,,,,,,,,,,,,,,,,,,,,,,,,,,,,TN
1015,d152787632557c955aafeb6940066dbc4e5cda42,0.07760822581701488,autoland,4366813,13,930eca14459531ff5483e56979276f480af08a6a,android-hw-a51-11-0-aarch64-shippable-qr,True,False,,|w|a|r|m| |w|e|b|r|e|n|d|e|r|,102210fe594ee9b33d82058545b1ed14f4c8206e,PerceptualSpeedIndex,ebay-kleinanzeigen,True,ebay-kleinanzeigen PerceptualSpeedIndex opt warm webrender,,77,ms,geckoview,,1799709202,2023-11-21 07:42:07,1335260,,,,,,,,,,,,,,,,,,,,,,,,,,,,,,,,,,,,,,,,,,,,,,,,,TN
1016,be8e9a8eaa80a1bf3e6c6f2be2c9ebaebbeed439,0.041063592900648316,autoland,4366813,13,930eca14459531ff5483e56979276f480af08a6a,android-hw-a51-11-0-aarch64-shippable-qr,True,False,,|w|a|r|m| |w|e|b|r|e|n|d|e|r|,102210fe594ee9b33d82058545b1ed14f4c8206e,PerceptualSpeedIndex,ebay-kleinanzeigen,True,ebay-kleinanzeigen PerceptualSpeedIndex opt warm webrender,,77,ms,geckoview,,1799699454,2023-11-21 08:06:40,1335268,,,,,,,,,,,,,,,,,,,,,,,,,,,,,,,,,,,,,,,,,,,,,,,,,TN
1017,2ece04e240e248754e7403e1f4fad6462fc3fb62,0.048005763311284366,autoland,4366813,13,930eca14459531ff5483e56979276f480af08a6a,android-hw-a51-11-0-aarch64-shippable-qr,True,False,,|w|a|r|m| |w|e|b|r|e|n|d|e|r|,102210fe594ee9b33d82058545b1ed14f4c8206e,PerceptualSpeedIndex,ebay-kleinanzeigen,True,ebay-kleinanzeigen PerceptualSpeedIndex opt warm webrender,,77,ms,geckoview,,1799669081,2023-11-21 08:08:10,1335269,,,,,,,,,,,,,,,,,,,,,,,,,,,,,,,,,,,,,,,,,,,,,,,,,TN
1018,f22c07289232f24881c60168934a3605bbe59d7a,0.0396882572532582,autoland,4366813,13,930eca14459531ff5483e56979276f480af08a6a,android-hw-a51-11-0-aarch64-shippable-qr,True,False,,|w|a|r|m| |w|e|b|r|e|n|d|e|r|,102210fe594ee9b33d82058545b1ed14f4c8206e,PerceptualSpeedIndex,ebay-kleinanzeigen,True,ebay-kleinanzeigen PerceptualSpeedIndex opt warm webrender,,77,ms,geckoview,,1799666729,2023-11-21 08:28:52,1335280,,,,,,,,,,,,,,,,,,,,,,,,,,,,,,,,,,,,,,,,,,,,,,,,,TN
1019,fddad0a59b2d028b2147493bf9ba8cc953d9e3eb,0.038640382474294355,autoland,4366813,13,930eca14459531ff5483e56979276f480af08a6a,android-hw-a51-11-0-aarch64-shippable-qr,True,False,,|w|a|r|m| |w|e|b|r|e|n|d|e|r|,102210fe594ee9b33d82058545b1ed14f4c8206e,PerceptualSpeedIndex,ebay-kleinanzeigen,True,ebay-kleinanzeigen PerceptualSpeedIndex opt warm webrender,,77,ms,geckoview,,1797808562,2023-11-21 08:38:33,1335289,,,,,,,,,,,,,,,,,,,,,,,,,,,,,,,,,,,,,,,,,,,,,,,,,TN
1020,1ff1d467cb8d49467127613245f448026cd7df9e,0.04139105376907459,autoland,4366813,13,930eca14459531ff5483e56979276f480af08a6a,android-hw-a51-11-0-aarch64-shippable-qr,True,False,,|w|a|r|m| |w|e|b|r|e|n|d|e|r|,102210fe594ee9b33d82058545b1ed14f4c8206e,PerceptualSpeedIndex,ebay-kleinanzeigen,True,ebay-kleinanzeigen PerceptualSpeedIndex opt warm webrender,,77,ms,geckoview,,1797962107,2023-11-21 12:15:20,1335466,,,,,,,,,,,,,,,,,,,,,,,,,,,,,,,,,,,,,,,,,,,,,,,,,TN
1021,cbc5eb28277f8e6d60fede93a822ede9eb7f01a5,0.0438797563691139,autoland,4366813,13,930eca14459531ff5483e56979276f480af08a6a,android-hw-a51-11-0-aarch64-shippable-qr,True,False,,|w|a|r|m| |w|e|b|r|e|n|d|e|r|,102210fe594ee9b33d82058545b1ed14f4c8206e,PerceptualSpeedIndex,ebay-kleinanzeigen,True,ebay-kleinanzeigen PerceptualSpeedIndex opt warm webrender,,77,ms,geckoview,,1798299807,2023-11-21 17:01:46,1335682,,,,,,,,,,,,,,,,,,,,,,,,,,,,,,,,,,,,,,,,,,,,,,,,,TN
1022,62f686461927825493253d0f82a43804b3eddf71,0.032680594668937135,autoland,4366813,13,930eca14459531ff5483e56979276f480af08a6a,android-hw-a51-11-0-aarch64-shippable-qr,True,False,,|w|a|r|m| |w|e|b|r|e|n|d|e|r|,102210fe594ee9b33d82058545b1ed14f4c8206e,PerceptualSpeedIndex,ebay-kleinanzeigen,True,ebay-kleinanzeigen PerceptualSpeedIndex opt warm webrender,,77,ms,geckoview,,1798393036,2023-11-21 21:47:24,1335911,,,,,,,,,,,,,,,,,,,,,,,,,,,,,,,,,,,,,,,,,,,,,,,,,TN
1023,ef0b50d89a7f6107932087c2c1adc2f6fd9ab06a,0.031108782500491206,autoland,4366813,13,930eca14459531ff5483e56979276f480af08a6a,android-hw-a51-11-0-aarch64-shippable-qr,True,False,,|w|a|r|m| |w|e|b|r|e|n|d|e|r|,102210fe594ee9b33d82058545b1ed14f4c8206e,PerceptualSpeedIndex,ebay-kleinanzeigen,True,ebay-kleinanzeigen PerceptualSpeedIndex opt warm webrender,,77,ms,geckoview,,1798420155,2023-11-21 21:50:11,1335914,,,,,,,,,,,,,,,,,,,,,,,,,,,,,,,,,,,,,,,,,,,,,,,,,TN
1024,7dc6122ebd68b46a9d4320c40c86f20c2b78984a,0.04643395114283844,autoland,4366813,13,930eca14459531ff5483e56979276f480af08a6a,android-hw-a51-11-0-aarch64-shippable-qr,True,False,,|w|a|r|m| |w|e|b|r|e|n|d|e|r|,102210fe594ee9b33d82058545b1ed14f4c8206e,PerceptualSpeedIndex,ebay-kleinanzeigen,True,ebay-kleinanzeigen PerceptualSpeedIndex opt warm webrender,,77,ms,geckoview,,1798426520,2023-11-22 01:56:32,1336017,,,,,,,,,,,,,,,,,,,,,,,,,,,,,,,,,,,,,,,,,,,,,,,,,TN
1025,ed20a8b98a8f2d8593dbbbd9b5df993e3e91433f,0.04073613203222215,autoland,4366813,13,930eca14459531ff5483e56979276f480af08a6a,android-hw-a51-11-0-aarch64-shippable-qr,True,False,,|w|a|r|m| |w|e|b|r|e|n|d|e|r|,102210fe594ee9b33d82058545b1ed14f4c8206e,PerceptualSpeedIndex,ebay-kleinanzeigen,True,ebay-kleinanzeigen PerceptualSpeedIndex opt warm webrender,,77,ms,geckoview,,1798470892,2023-11-22 05:59:37,1336060,,,,,,,,,,,,,,,,,,,,,,,,,,,,,,,,,,,,,,,,,,,,,,,,,TN
1026,0222787eb3244ffb2e62210f697d039bdef46036,0.07007662584321173,autoland,4366813,13,930eca14459531ff5483e56979276f480af08a6a,android-hw-a51-11-0-aarch64-shippable-qr,True,False,,|w|a|r|m| |w|e|b|r|e|n|d|e|r|,102210fe594ee9b33d82058545b1ed14f4c8206e,PerceptualSpeedIndex,ebay-kleinanzeigen,True,ebay-kleinanzeigen PerceptualSpeedIndex opt warm webrender,,77,ms,geckoview,,1798496295,2023-11-22 07:16:13,1336076,,,,,,,,,,,,,,,,,,,,,,,,,,,,,,,,,,,,,,,,,,,,,,,,,TN
1027,b90083f581e182455cf23aaacb125b728b3ccb32,0.0377889842163861,autoland,4366813,13,930eca14459531ff5483e56979276f480af08a6a,android-hw-a51-11-0-aarch64-shippable-qr,True,False,,|w|a|r|m| |w|e|b|r|e|n|d|e|r|,102210fe594ee9b33d82058545b1ed14f4c8206e,PerceptualSpeedIndex,ebay-kleinanzeigen,True,ebay-kleinanzeigen PerceptualSpeedIndex opt warm webrender,,77,ms,geckoview,,1798826130,2023-11-22 13:00:34,1336296,,,,,,,,,,,,,,,,,,,,,,,,,,,,,,,,,,,,,,,,,,,,,,,,,TN
1028,f4fae08660c1f3323af7bdef3ed152a3d34bc751,0.03634815639531075,autoland,4366813,13,930eca14459531ff5483e56979276f480af08a6a,android-hw-a51-11-0-aarch64-shippable-qr,True,False,,|w|a|r|m| |w|e|b|r|e|n|d|e|r|,102210fe594ee9b33d82058545b1ed14f4c8206e,PerceptualSpeedIndex,ebay-kleinanzeigen,True,ebay-kleinanzeigen PerceptualSpeedIndex opt warm webrender,,77,ms,geckoview,,1798941193,2023-11-22 16:22:37,1336410,,,,,,,,,,,,,,,,,,,,,,,,,,,,,,,,,,,,,,,,,,,,,,,,,TN
1029,bcdbc1e5d9a7c0fea2fcdc91ab0eebe908b34ece,0.053179645032418676,autoland,4366813,13,930eca14459531ff5483e56979276f480af08a6a,android-hw-a51-11-0-aarch64-shippable-qr,True,False,,|w|a|r|m| |w|e|b|r|e|n|d|e|r|,102210fe594ee9b33d82058545b1ed14f4c8206e,PerceptualSpeedIndex,ebay-kleinanzeigen,True,ebay-kleinanzeigen PerceptualSpeedIndex opt warm webrender,,77,ms,geckoview,,1798998927,2023-11-22 19:14:54,1336555,,,,,,,,,,,,,,,,,,,,,,,,,,,,,,,,,,,,,,,,,,,,,,,,,TN
1030,3122924cd341ff55738fd6a06d4bd708010c15e4,0.030650337284694462,autoland,4366813,13,930eca14459531ff5483e56979276f480af08a6a,android-hw-a51-11-0-aarch64-shippable-qr,True,False,,|w|a|r|m| |w|e|b|r|e|n|d|e|r|,102210fe594ee9b33d82058545b1ed14f4c8206e,PerceptualSpeedIndex,ebay-kleinanzeigen,True,ebay-kleinanzeigen PerceptualSpeedIndex opt warm webrender,,77,ms,geckoview,,1799157535,2023-11-22 23:02:09,1336681,,,,,,,,,,,,,,,,,,,,,,,,,,,,,,,,,,,,,,,,,,,,,,,,,TN
1031,8366d9b1b0ca63aa3b706dd53ce23f052221c11b,0.05462047285349403,autoland,4366813,13,930eca14459531ff5483e56979276f480af08a6a,android-hw-a51-11-0-aarch64-shippable-qr,True,False,,|w|a|r|m| |w|e|b|r|e|n|d|e|r|,102210fe594ee9b33d82058545b1ed14f4c8206e,PerceptualSpeedIndex,ebay-kleinanzeigen,True,ebay-kleinanzeigen PerceptualSpeedIndex opt warm webrender,,77,ms,geckoview,,1799376314,2023-11-23 04:10:29,1336756,,,,,,,,,,,,,,,,,,,,,,,,,,,,,,,,,,,,,,,,,,,,,,,,,TN
1032,023a5c518562ad97c805915ae5addfcad59d1223,0.03137075119523225,autoland,4366813,13,930eca14459531ff5483e56979276f480af08a6a,android-hw-a51-11-0-aarch64-shippable-qr,True,False,,|w|a|r|m| |w|e|b|r|e|n|d|e|r|,102210fe594ee9b33d82058545b1ed14f4c8206e,PerceptualSpeedIndex,ebay-kleinanzeigen,True,ebay-kleinanzeigen PerceptualSpeedIndex opt warm webrender,,77,ms,geckoview,,1799509153,2023-11-23 08:19:48,1336795,,,,,,,,,,,,,,,,,,,,,,,,,,,,,,,,,,,,,,,,,,,,,,,,,TN
1033,7392664630b156e348b2a77aef6fdd70004c9b47,0.027572205121487947,autoland,4366813,13,930eca14459531ff5483e56979276f480af08a6a,android-hw-a51-11-0-aarch64-shippable-qr,True,False,,|w|a|r|m| |w|e|b|r|e|n|d|e|r|,102210fe594ee9b33d82058545b1ed14f4c8206e,PerceptualSpeedIndex,ebay-kleinanzeigen,True,ebay-kleinanzeigen PerceptualSpeedIndex opt warm webrender,,77,ms,geckoview,,1799598247,2023-11-23 10:10:14,1336839,,,,,,,,,,,,,,,,,,,,,,,,,,,,,,,,,,,,,,,,,,,,,,,,,TN
1034,872aa271adfdb73a79c09de279f0001bf419850c,0.0415875302901304,autoland,4366813,13,930eca14459531ff5483e56979276f480af08a6a,android-hw-a51-11-0-aarch64-shippable-qr,True,False,,|w|a|r|m| |w|e|b|r|e|n|d|e|r|,102210fe594ee9b33d82058545b1ed14f4c8206e,PerceptualSpeedIndex,ebay-kleinanzeigen,True,ebay-kleinanzeigen PerceptualSpeedIndex opt warm webrender,,77,ms,geckoview,,1800016786,2023-11-23 15:57:23,1337066,,,,,,,,,,,,,,,,,,,,,,,,,,,,,,,,,,,,,,,,,,,,,,,,,TN
1035,180501fca2278e97c30e09ab097da1cb514f5ca1,0.04132556159538936,autoland,4366813,13,930eca14459531ff5483e56979276f480af08a6a,android-hw-a51-11-0-aarch64-shippable-qr,True,False,,|w|a|r|m| |w|e|b|r|e|n|d|e|r|,102210fe594ee9b33d82058545b1ed14f4c8206e,PerceptualSpeedIndex,ebay-kleinanzeigen,True,ebay-kleinanzeigen PerceptualSpeedIndex opt warm webrender,,77,ms,geckoview,,1800031870,2023-11-23 19:58:47,1337231,,,,,,,,,,,,,,,,,,,,,,,,,,,,,,,,,,,,,,,,,,,,,,,,,TN
1036,29d489a7e05adef3300e076dd1c46d14928ddf24,0.06588512672735602,autoland,4366813,13,930eca14459531ff5483e56979276f480af08a6a,android-hw-a51-11-0-aarch64-shippable-qr,True,False,,|w|a|r|m| |w|e|b|r|e|n|d|e|r|,102210fe594ee9b33d82058545b1ed14f4c8206e,PerceptualSpeedIndex,ebay-kleinanzeigen,True,ebay-kleinanzeigen PerceptualSpeedIndex opt warm webrender,,77,ms,geckoview,,1800071615,2023-11-23 23:50:52,1337321,,,,,,,,,,,,,,,,,,,,,,,,,,,,,,,,,,,,,,,,,,,,,,,,,TN
1037,dbd1a6aef0a74dc60875a4904d9eddb5ca9afbb7,0.0394917807322025,autoland,4366813,13,930eca14459531ff5483e56979276f480af08a6a,android-hw-a51-11-0-aarch64-shippable-qr,True,False,,|w|a|r|m| |w|e|b|r|e|n|d|e|r|,102210fe594ee9b33d82058545b1ed14f4c8206e,PerceptualSpeedIndex,ebay-kleinanzeigen,True,ebay-kleinanzeigen PerceptualSpeedIndex opt warm webrender,,77,ms,geckoview,,1800223519,2023-11-24 05:36:58,1337356,,,,,,,,,,,,,,,,,,,,,,,,,,,,,,,,,,,,,,,,,,,,,,,,,TN
1038,8bec1f302a76929843c944e27b75ddcbf1f21954,0.04329032680594669,autoland,4366813,13,930eca14459531ff5483e56979276f480af08a6a,android-hw-a51-11-0-aarch64-shippable-qr,True,False,,|w|a|r|m| |w|e|b|r|e|n|d|e|r|,102210fe594ee9b33d82058545b1ed14f4c8206e,PerceptualSpeedIndex,ebay-kleinanzeigen,True,ebay-kleinanzeigen PerceptualSpeedIndex opt warm webrender,,77,ms,geckoview,,1800614274,2023-11-24 09:28:03,1337436,,,,,,,,,,,,,,,,,,,,,,,,,,,,,,,,,,,,,,,,,,,,,,,,,TN
1039,1e01aa4b558aff87267a6384c318e6963b66a0d8,0.05206627807976949,autoland,4366813,13,930eca14459531ff5483e56979276f480af08a6a,android-hw-a51-11-0-aarch64-shippable-qr,True,False,,|w|a|r|m| |w|e|b|r|e|n|d|e|r|,102210fe594ee9b33d82058545b1ed14f4c8206e,PerceptualSpeedIndex,ebay-kleinanzeigen,True,ebay-kleinanzeigen PerceptualSpeedIndex opt warm webrender,,77,ms,geckoview,,1800710187,2023-11-24 13:31:32,1337559,,,,,,,,,,,,,,,,,,,,,,,,,,,,,,,,,,,,,,,,,,,,,,,,,TN
1040,6354cfb105a6c9a46216d5c8ea95ee463892366e,0.04008121029536971,autoland,4366813,13,930eca14459531ff5483e56979276f480af08a6a,android-hw-a51-11-0-aarch64-shippable-qr,True,False,,|w|a|r|m| |w|e|b|r|e|n|d|e|r|,102210fe594ee9b33d82058545b1ed14f4c8206e,PerceptualSpeedIndex,ebay-kleinanzeigen,True,ebay-kleinanzeigen PerceptualSpeedIndex opt warm webrender,,77,ms,geckoview,,1800716727,2023-11-24 14:07:25,1337582,,,,,,,,,,,,,,,,,,,,,,,,,,,,,,,,,,,,,,,,,,,,,,,,,TN
1041,8875acba4f482b90d60501b953fb4530b361bd8f,0.039229812037461564,autoland,4366813,13,930eca14459531ff5483e56979276f480af08a6a,android-hw-a51-11-0-aarch64-shippable-qr,True,False,,|w|a|r|m| |w|e|b|r|e|n|d|e|r|,102210fe594ee9b33d82058545b1ed14f4c8206e,PerceptualSpeedIndex,ebay-kleinanzeigen,True,ebay-kleinanzeigen PerceptualSpeedIndex opt warm webrender,,77,ms,geckoview,,1800758467,2023-11-24 21:54:25,1337760,,,,,,,,,,,,,,,,,,,,,,,,,,,,,,,,,,,,,,,,,,,,,,,,,TN
1042,a137631f73ce188671f50c5225295d64d427fec2,0.03431789901106819,autoland,4366813,13,930eca14459531ff5483e56979276f480af08a6a,android-hw-a51-11-0-aarch64-shippable-qr,True,False,,|w|a|r|m| |w|e|b|r|e|n|d|e|r|,102210fe594ee9b33d82058545b1ed14f4c8206e,PerceptualSpeedIndex,ebay-kleinanzeigen,True,ebay-kleinanzeigen PerceptualSpeedIndex opt warm webrender,,77,ms,geckoview,,1800759296,2023-11-25 04:13:26,1337799,,,,,,,,,,,,,,,,,,,,,,,,,,,,,,,,,,,,,,,,,,,,,,,,,TN
1043,860c52f225fa7410ed4a4bf3bd0eb0846483e08d,0.055930316327198915,autoland,4366813,13,930eca14459531ff5483e56979276f480af08a6a,android-hw-a51-11-0-aarch64-shippable-qr,True,False,,|w|a|r|m| |w|e|b|r|e|n|d|e|r|,102210fe594ee9b33d82058545b1ed14f4c8206e,PerceptualSpeedIndex,ebay-kleinanzeigen,True,ebay-kleinanzeigen PerceptualSpeedIndex opt warm webrender,,77,ms,geckoview,,1800803896,2023-11-25 09:26:54,1337840,,,,,,,,,,,,,,,,,,,,,,,,,,,,,,,,,,,,,,,,,,,,,,,,,TN
1044,2ff68fa9f49916065f4ebb7a74c0940bf425f396,0.03772349204270087,autoland,4366813,13,930eca14459531ff5483e56979276f480af08a6a,android-hw-a51-11-0-aarch64-shippable-qr,True,False,,|w|a|r|m| |w|e|b|r|e|n|d|e|r|,102210fe594ee9b33d82058545b1ed14f4c8206e,PerceptualSpeedIndex,ebay-kleinanzeigen,True,ebay-kleinanzeigen PerceptualSpeedIndex opt warm webrender,,77,ms,geckoview,,1800902587,2023-11-25 14:41:03,1337869,,,,,,,,,,,,,,,,,,,,,,,,,,,,,,,,,,,,,,,,,,,,,,,,,TN
1045,0cd5e7d76f8ac3e26423c36c9d06f91a310dab45,0.05029798939026786,autoland,4366813,13,930eca14459531ff5483e56979276f480af08a6a,android-hw-a51-11-0-aarch64-shippable-qr,True,False,,|w|a|r|m| |w|e|b|r|e|n|d|e|r|,102210fe594ee9b33d82058545b1ed14f4c8206e,PerceptualSpeedIndex,ebay-kleinanzeigen,True,ebay-kleinanzeigen PerceptualSpeedIndex opt warm webrender,,77,ms,geckoview,,1801022968,2023-11-26 15:57:31,1337946,,,,,,,,,,,,,,,,,,,,,,,,,,,,,,,,,,,,,,,,,,,,,,,,,TN
1046,ffaaa99c517223770b014031e25b54d585f95ef2,0.04610649027441227,autoland,4366813,13,930eca14459531ff5483e56979276f480af08a6a,android-hw-a51-11-0-aarch64-shippable-qr,True,False,,|w|a|r|m| |w|e|b|r|e|n|d|e|r|,102210fe594ee9b33d82058545b1ed14f4c8206e,PerceptualSpeedIndex,ebay-kleinanzeigen,True,ebay-kleinanzeigen PerceptualSpeedIndex opt warm webrender,,77,ms,geckoview,,1801041164,2023-11-26 18:39:37,1337950,,,,,,,,,,,,,,,,,,,,,,,,,,,,,,,,,,,,,,,,,,,,,,,,,TN
1047,edf9292c0bc9c671afa4de12648c16622e9d418c,0.037854476390071445,autoland,4366813,13,930eca14459531ff5483e56979276f480af08a6a,android-hw-a51-11-0-aarch64-shippable-qr,True,False,,|w|a|r|m| |w|e|b|r|e|n|d|e|r|,102210fe594ee9b33d82058545b1ed14f4c8206e,PerceptualSpeedIndex,ebay-kleinanzeigen,True,ebay-kleinanzeigen PerceptualSpeedIndex opt warm webrender,,77,ms,geckoview,,1801195365,2023-11-27 01:49:37,1337984,,,,,,,,,,,,,,,,,,,,,,,,,,,,,,,,,,,,,,,,,,,,,,,,,TN
1048,c1a92ff5b44e8a296b847ed428ebeec04f7f8f72,0.06293797891152009,autoland,4366813,13,930eca14459531ff5483e56979276f480af08a6a,android-hw-a51-11-0-aarch64-shippable-qr,True,False,,|w|a|r|m| |w|e|b|r|e|n|d|e|r|,102210fe594ee9b33d82058545b1ed14f4c8206e,PerceptualSpeedIndex,ebay-kleinanzeigen,True,ebay-kleinanzeigen PerceptualSpeedIndex opt warm webrender,,77,ms,geckoview,,1801614336,2023-11-27 10:22:36,1338085,,,,,,,,,,,,,,,,,,,,,,,,,,,,,,,,,,,,,,,,,,,,,,,,,TN
1049,9ca2bcf6799b1a5f71d2d58db26f6b6c16a90427,0.042438928548038546,autoland,4366813,13,930eca14459531ff5483e56979276f480af08a6a,android-hw-a51-11-0-aarch64-shippable-qr,True,False,,|w|a|r|m| |w|e|b|r|e|n|d|e|r|,102210fe594ee9b33d82058545b1ed14f4c8206e,PerceptualSpeedIndex,ebay-kleinanzeigen,True,ebay-kleinanzeigen PerceptualSpeedIndex opt warm webrender,,77,ms,geckoview,,1801799457,2023-11-27 14:05:43,1338215,,,,,,,,,,,,,,,,,,,,,,,,,,,,,,,,,,,,,,,,,,,,,,,,,TN
1050,6aa54d6d7cbf1a46e62c6765c489a940322b6bca,0.05023249721658263,autoland,4366813,13,930eca14459531ff5483e56979276f480af08a6a,android-hw-a51-11-0-aarch64-shippable-qr,True,False,,|w|a|r|m| |w|e|b|r|e|n|d|e|r|,102210fe594ee9b33d82058545b1ed14f4c8206e,PerceptualSpeedIndex,ebay-kleinanzeigen,True,ebay-kleinanzeigen PerceptualSpeedIndex opt warm webrender,,77,ms,geckoview,,1801838481,2023-11-27 17:34:20,1338399,,,,,,,,,,,,,,,,,,,,,,,,,,,,,,,,,,,,,,,,,,,,,,,,,TN
1051,fbcb2af38cdaecde2b2da1efc0fc49b82fa9749e,0.03798546073744191,autoland,4366813,13,930eca14459531ff5483e56979276f480af08a6a,android-hw-a51-11-0-aarch64-shippable-qr,True,False,,|w|a|r|m| |w|e|b|r|e|n|d|e|r|,102210fe594ee9b33d82058545b1ed14f4c8206e,PerceptualSpeedIndex,ebay-kleinanzeigen,True,ebay-kleinanzeigen PerceptualSpeedIndex opt warm webrender,,77,ms,geckoview,,1801900079,2023-11-28 05:10:16,1338781,,,,,,,,,,,,,,,,,,,,,,,,,,,,,,,,,,,,,,,,,,,,,,,,,TN
1052,785b3d438fe5a8cba4caf5f4a2ed7250d324096c,0.04034317899011064,autoland,4366813,13,930eca14459531ff5483e56979276f480af08a6a,android-hw-a51-11-0-aarch64-shippable-qr,True,False,,|w|a|r|m| |w|e|b|r|e|n|d|e|r|,102210fe594ee9b33d82058545b1ed14f4c8206e,PerceptualSpeedIndex,ebay-kleinanzeigen,True,ebay-kleinanzeigen PerceptualSpeedIndex opt warm webrender,,77,ms,geckoview,,1801999907,2023-11-28 08:42:21,1338855,,,,,,,,,,,,,,,,,,,,,,,,,,,,,,,,,,,,,,,,,,,,,,,,,TN
1053,1957c4453ab1dfba8b7820dbf2fe772220e6eedc,0.03176370423734365,autoland,4366813,13,930eca14459531ff5483e56979276f480af08a6a,android-hw-a51-11-0-aarch64-shippable-qr,True,False,,|w|a|r|m| |w|e|b|r|e|n|d|e|r|,102210fe594ee9b33d82058545b1ed14f4c8206e,PerceptualSpeedIndex,ebay-kleinanzeigen,True,ebay-kleinanzeigen PerceptualSpeedIndex opt warm webrender,,77,ms,geckoview,,1802134733,2023-11-28 13:17:34,1339007,,,,,,,,,,,,,,,,,,,,,,,,,,,,,,,,,,,,,,,,,,,,,,,,,TN
1054,0745c3e29ba3856c91cbae74bd41d2135137bfd0,0.03444888335843865,autoland,4366813,13,930eca14459531ff5483e56979276f480af08a6a,android-hw-a51-11-0-aarch64-shippable-qr,True,False,,|w|a|r|m| |w|e|b|r|e|n|d|e|r|,102210fe594ee9b33d82058545b1ed14f4c8206e,PerceptualSpeedIndex,ebay-kleinanzeigen,True,ebay-kleinanzeigen PerceptualSpeedIndex opt warm webrender,,77,ms,geckoview,,1802240064,2023-11-28 14:12:32,1339043,,,,,,,,,,,,,,,,,,,,,,,,,,,,,,,,,,,,,,,,,,,,,,,,,TN
1055,691b7e1a899214d8685841da762bd2b2415fa569,0.04551706071124506,autoland,4366813,13,930eca14459531ff5483e56979276f480af08a6a,android-hw-a51-11-0-aarch64-shippable-qr,True,False,,|w|a|r|m| |w|e|b|r|e|n|d|e|r|,102210fe594ee9b33d82058545b1ed14f4c8206e,PerceptualSpeedIndex,ebay-kleinanzeigen,True,ebay-kleinanzeigen PerceptualSpeedIndex opt warm webrender,,77,ms,geckoview,,1802356913,2023-11-28 17:36:07,1339183,,,,,,,,,,,,,,,,,,,,,,,,,,,,,,,,,,,,,,,,,,,,,,,,,TN
1056,000fea3a9ed37b16c009c76e8af859a50c9234dc,0.030846813805750162,autoland,4366813,13,930eca14459531ff5483e56979276f480af08a6a,android-hw-a51-11-0-aarch64-shippable-qr,True,False,,|w|a|r|m| |w|e|b|r|e|n|d|e|r|,102210fe594ee9b33d82058545b1ed14f4c8206e,PerceptualSpeedIndex,ebay-kleinanzeigen,True,ebay-kleinanzeigen PerceptualSpeedIndex opt warm webrender,,77,ms,geckoview,,1802484772,2023-11-28 21:29:24,1339366,,,,,,,,,,,,,,,,,,,,,,,,,,,,,,,,,,,,,,,,,,,,,,,,,TN
1057,a162f6ee0eef32a68c73ddb77aa04efda3afeb7c,0.05966337022725787,autoland,4366813,13,930eca14459531ff5483e56979276f480af08a6a,android-hw-a51-11-0-aarch64-shippable-qr,True,False,,|w|a|r|m| |w|e|b|r|e|n|d|e|r|,102210fe594ee9b33d82058545b1ed14f4c8206e,PerceptualSpeedIndex,ebay-kleinanzeigen,True,ebay-kleinanzeigen PerceptualSpeedIndex opt warm webrender,,77,ms,geckoview,,1802587713,2023-11-29 01:28:26,1339520,,,,,,,,,,,,,,,,,,,,,,,,,,,,,,,,,,,,,,,,,,,,,,,,,TN
1058,b675f0a9e569a63bedb249150a2be6b3e15197f9,0.035693234658458306,autoland,4366813,13,930eca14459531ff5483e56979276f480af08a6a,android-hw-a51-11-0-aarch64-shippable-qr,True,False,,|w|a|r|m| |w|e|b|r|e|n|d|e|r|,102210fe594ee9b33d82058545b1ed14f4c8206e,PerceptualSpeedIndex,ebay-kleinanzeigen,True,ebay-kleinanzeigen PerceptualSpeedIndex opt warm webrender,,77,ms,geckoview,,1802734761,2023-11-29 06:56:45,1339623,,,,,,,,,,,,,,,,,,,,,,,,,,,,,,,,,,,,,,,,,,,,,,,,,TN
1059,66c2fb78dfe25ce9af21d0e1dd82f62dbb5da53f,0.03602069552688458,autoland,4366813,13,930eca14459531ff5483e56979276f480af08a6a,android-hw-a51-11-0-aarch64-shippable-qr,True,False,,|w|a|r|m| |w|e|b|r|e|n|d|e|r|,102210fe594ee9b33d82058545b1ed14f4c8206e,PerceptualSpeedIndex,ebay-kleinanzeigen,True,ebay-kleinanzeigen PerceptualSpeedIndex opt warm webrender,,77,ms,geckoview,,1802845564,2023-11-29 09:02:39,1339662,,,,,,,,,,,,,,,,,,,,,,,,,,,,,,,,,,,,,,,,,,,,,,,,,TN
1060,be2b109ddbb7f38c98c25b3c79c036f6f06f81fb,0.03313903988473377,autoland,4366813,13,930eca14459531ff5483e56979276f480af08a6a,android-hw-a51-11-0-aarch64-shippable-qr,True,False,,|w|a|r|m| |w|e|b|r|e|n|d|e|r|,102210fe594ee9b33d82058545b1ed14f4c8206e,PerceptualSpeedIndex,ebay-kleinanzeigen,True,ebay-kleinanzeigen PerceptualSpeedIndex opt warm webrender,,77,ms,geckoview,,1802936489,2023-11-29 13:11:23,1339776,,,,,,,,,,,,,,,,,,,,,,,,,,,,,,,,,,,,,,,,,,,,,,,,,TN
1061,0008fcc93b9b4a6aa22e3abf1888be08024320e9,0.031305259021546905,autoland,4366813,13,930eca14459531ff5483e56979276f480af08a6a,android-hw-a51-11-0-aarch64-shippable-qr,True,False,,|w|a|r|m| |w|e|b|r|e|n|d|e|r|,102210fe594ee9b33d82058545b1ed14f4c8206e,PerceptualSpeedIndex,ebay-kleinanzeigen,True,ebay-kleinanzeigen PerceptualSpeedIndex opt warm webrender,,77,ms,geckoview,,1803099029,2023-11-29 17:15:33,1339929,,,,,,,,,,,,,,,,,,,,,,,,,,,,,,,,,,,,,,,,,,,,,,,,,TN
1062,65a0553b296ae1432e5d18c3d2d607cacbb0a35e,0.04191499115855657,autoland,4366813,13,930eca14459531ff5483e56979276f480af08a6a,android-hw-a51-11-0-aarch64-shippable-qr,True,False,,|w|a|r|m| |w|e|b|r|e|n|d|e|r|,102210fe594ee9b33d82058545b1ed14f4c8206e,PerceptualSpeedIndex,ebay-kleinanzeigen,True,ebay-kleinanzeigen PerceptualSpeedIndex opt warm webrender,,77,ms,geckoview,,1803263862,2023-11-29 22:52:27,1340166,,,,,,,,,,,,,,,,,,,,,,,,,,,,,,,,,,,,,,,,,,,,,,,,,TN
1063,4bbe309179a5869e893e8f9ed2b110ef00ccec95,0.030322876416268296,autoland,4366813,13,930eca14459531ff5483e56979276f480af08a6a,android-hw-a51-11-0-aarch64-shippable-qr,True,False,,|w|a|r|m| |w|e|b|r|e|n|d|e|r|,102210fe594ee9b33d82058545b1ed14f4c8206e,PerceptualSpeedIndex,ebay-kleinanzeigen,True,ebay-kleinanzeigen PerceptualSpeedIndex opt warm webrender,,77,ms,geckoview,,1803283419,2023-11-29 22:59:56,1340178,,,,,,,,,,,,,,,,,,,,,,,,,,,,,,,,,,,,,,,,,,,,,,,,,TN
1064,556c8b22cbbbcc165c42b2c52ebdfd01be3cee6b,0.032091165105769925,autoland,4366813,13,930eca14459531ff5483e56979276f480af08a6a,android-hw-a51-11-0-aarch64-shippable-qr,True,False,,|w|a|r|m| |w|e|b|r|e|n|d|e|r|,102210fe594ee9b33d82058545b1ed14f4c8206e,PerceptualSpeedIndex,ebay-kleinanzeigen,True,ebay-kleinanzeigen PerceptualSpeedIndex opt warm webrender,,77,ms,geckoview,,1803420413,2023-11-30 04:33:01,1340302,,,,,,,,,,,,,,,,,,,,,,,,,,,,,,,,,,,,,,,,,,,,,,,,,TN
1065,423046d6c3a5eee3ab51f25a3ab7b836b64d0d30,0.03909882769009099,autoland,4366813,13,930eca14459531ff5483e56979276f480af08a6a,android-hw-a51-11-0-aarch64-shippable-qr,True,False,,|w|a|r|m| |w|e|b|r|e|n|d|e|r|,102210fe594ee9b33d82058545b1ed14f4c8206e,PerceptualSpeedIndex,ebay-kleinanzeigen,True,ebay-kleinanzeigen PerceptualSpeedIndex opt warm webrender,,77,ms,geckoview,,1803430968,2023-11-30 04:50:42,1340324,,,,,,,,,,,,,,,,,,,,,,,,,,,,,,,,,,,,,,,,,,,,,,,,,TN
1066,43fc350794aaccc50748bce9b965590d842ef9ac,0.04355229550068773,autoland,4366813,13,930eca14459531ff5483e56979276f480af08a6a,android-hw-a51-11-0-aarch64-shippable-qr,True,False,,|w|a|r|m| |w|e|b|r|e|n|d|e|r|,102210fe594ee9b33d82058545b1ed14f4c8206e,PerceptualSpeedIndex,ebay-kleinanzeigen,True,ebay-kleinanzeigen PerceptualSpeedIndex opt warm webrender,,77,ms,geckoview,,1803534904,2023-11-30 08:51:25,1340399,,,,,,,,,,,,,,,,,,,,,,,,,,,,,,,,,,,,,,,,,,,,,,,,,TN
1067,b33dd40c7ea956e89c10d4e8a54f9e869a431b64,0.04112908507433366,autoland,4366813,13,930eca14459531ff5483e56979276f480af08a6a,android-hw-a51-11-0-aarch64-shippable-qr,True,False,,|w|a|r|m| |w|e|b|r|e|n|d|e|r|,102210fe594ee9b33d82058545b1ed14f4c8206e,PerceptualSpeedIndex,ebay-kleinanzeigen,True,ebay-kleinanzeigen PerceptualSpeedIndex opt warm webrender,,77,ms,geckoview,,1803569319,2023-11-30 08:52:22,1340400,,,,,,,,,,,,,,,,,,,,,,,,,,,,,,,,,,,,,,,,,,,,,,,,,TN
1068,120432262a8cb73f69c8d683b4ddec3a037cbd91,0.03536577379003214,autoland,4366813,13,930eca14459531ff5483e56979276f480af08a6a,android-hw-a51-11-0-aarch64-shippable-qr,True,False,,|w|a|r|m| |w|e|b|r|e|n|d|e|r|,102210fe594ee9b33d82058545b1ed14f4c8206e,PerceptualSpeedIndex,ebay-kleinanzeigen,True,ebay-kleinanzeigen PerceptualSpeedIndex opt warm webrender,,77,ms,geckoview,,1803843281,2023-11-30 13:07:37,1340520,,,,,,,,,,,,,,,,,,,,,,,,,,,,,,,,,,,,,,,,,,,,,,,,,TN
1069,1d1fb9d5a4974d94e8c317f226c962fd351eae27,0.04309385028489099,autoland,4366813,13,930eca14459531ff5483e56979276f480af08a6a,android-hw-a51-11-0-aarch64-shippable-qr,True,False,,|w|a|r|m| |w|e|b|r|e|n|d|e|r|,102210fe594ee9b33d82058545b1ed14f4c8206e,PerceptualSpeedIndex,ebay-kleinanzeigen,True,ebay-kleinanzeigen PerceptualSpeedIndex opt warm webrender,,77,ms,geckoview,,1803892158,2023-11-30 13:51:04,1340541,,,,,,,,,,,,,,,,,,,,,,,,,,,,,,,,,,,,,,,,,,,,,,,,,TN
1070,3ec1ddf45e5a6562bd1d81fe4144541880bf3a24,0.037265046826904236,autoland,4366813,13,930eca14459531ff5483e56979276f480af08a6a,android-hw-a51-11-0-aarch64-shippable-qr,True,False,,|w|a|r|m| |w|e|b|r|e|n|d|e|r|,102210fe594ee9b33d82058545b1ed14f4c8206e,PerceptualSpeedIndex,ebay-kleinanzeigen,True,ebay-kleinanzeigen PerceptualSpeedIndex opt warm webrender,,77,ms,geckoview,,1803933165,2023-11-30 17:04:12,1340716,,,,,,,,,,,,,,,,,,,,,,,,,,,,,,,,,,,,,,,,,,,,,,,,,TN
1071,620e49ab6438e8c933133e9b4eb7a11188514a70,0.019516667758202932,autoland,4366813,13,930eca14459531ff5483e56979276f480af08a6a,android-hw-a51-11-0-aarch64-shippable-qr,True,False,,|w|a|r|m| |w|e|b|r|e|n|d|e|r|,102210fe594ee9b33d82058545b1ed14f4c8206e,PerceptualSpeedIndex,ebay-kleinanzeigen,True,ebay-kleinanzeigen PerceptualSpeedIndex opt warm webrender,,77,ms,geckoview,,1803958209,2023-11-30 20:20:14,1340881,,,,,,,,,,,,,,,,,,,,,,,,,,,,,,,,,,,,,,,,,,,,,,,,,TN
1072,68378d2409bc693ef00f3f157ecaea7067df7edc,0.0349073285742354,autoland,4366813,13,930eca14459531ff5483e56979276f480af08a6a,android-hw-a51-11-0-aarch64-shippable-qr,True,False,,|w|a|r|m| |w|e|b|r|e|n|d|e|r|,102210fe594ee9b33d82058545b1ed14f4c8206e,PerceptualSpeedIndex,ebay-kleinanzeigen,True,ebay-kleinanzeigen PerceptualSpeedIndex opt warm webrender,,77,ms,geckoview,,1804016054,2023-11-30 22:54:04,1340995,,,,,,,,,,,,,,,,,,,,,,,,,,,,,,,,,,,,,,,,,,,,,,,,,TN
1073,a1795b069cc23fbcb93366d99b3ddfb8664f054c,0.01866526950029479,autoland,4366813,13,930eca14459531ff5483e56979276f480af08a6a,android-hw-a51-11-0-aarch64-shippable-qr,True,False,,|w|a|r|m| |w|e|b|r|e|n|d|e|r|,102210fe594ee9b33d82058545b1ed14f4c8206e,PerceptualSpeedIndex,ebay-kleinanzeigen,True,ebay-kleinanzeigen PerceptualSpeedIndex opt warm webrender,,77,ms,geckoview,,1804140207,2023-12-01 03:29:20,1341103,,,,,,,,,,,,,,,,,,,,,,,,,,,,,,,,,,,,,,,,,,,,,,,,,TN
1074,81869d55a8d7b3d1d573810ab4e99f63cbe11a8a,0.020761019058222585,autoland,4366813,13,930eca14459531ff5483e56979276f480af08a6a,android-hw-a51-11-0-aarch64-shippable-qr,True,False,,|w|a|r|m| |w|e|b|r|e|n|d|e|r|,102210fe594ee9b33d82058545b1ed14f4c8206e,PerceptualSpeedIndex,ebay-kleinanzeigen,True,ebay-kleinanzeigen PerceptualSpeedIndex opt warm webrender,,77,ms,geckoview,,1804233027,2023-12-01 07:13:54,1341156,,,,,,,,,,,,,,,,,,,,,,,,,,,,,,,,,,,,,,,,,,,,,,,,,TN
1075,7440634a33a31738fc145eeac0bb47bc73fc64a0,0.03274608684262237,autoland,4366813,13,930eca14459531ff5483e56979276f480af08a6a,android-hw-a51-11-0-aarch64-shippable-qr,True,False,,|w|a|r|m| |w|e|b|r|e|n|d|e|r|,102210fe594ee9b33d82058545b1ed14f4c8206e,PerceptualSpeedIndex,ebay-kleinanzeigen,True,ebay-kleinanzeigen PerceptualSpeedIndex opt warm webrender,,77,ms,geckoview,,1804382173,2023-12-01 11:47:02,1341285,,,,,,,,,,,,,,,,,,,,,,,,,,,,,,,,,,,,,,,,,,,,,,,,,TN
1076,22b9561cfef1c56a9940f5117d7ff6a754861629,0.02600039295304213,autoland,4366813,13,930eca14459531ff5483e56979276f480af08a6a,android-hw-a51-11-0-aarch64-shippable-qr,True,False,,|w|a|r|m| |w|e|b|r|e|n|d|e|r|,102210fe594ee9b33d82058545b1ed14f4c8206e,PerceptualSpeedIndex,ebay-kleinanzeigen,True,ebay-kleinanzeigen PerceptualSpeedIndex opt warm webrender,,77,ms,geckoview,,1804418463,2023-12-01 14:17:01,1341402,,,,,,,,,,,,,,,,,,,,,,,,,,,,,,,,,,,,,,,,,,,,,,,,,TN
1077,efe09552a4d3540f0639e50d023f74997921fa37,0.024494072958281543,autoland,4366813,13,930eca14459531ff5483e56979276f480af08a6a,android-hw-a51-11-0-aarch64-shippable-qr,True,False,,|w|a|r|m| |w|e|b|r|e|n|d|e|r|,102210fe594ee9b33d82058545b1ed14f4c8206e,PerceptualSpeedIndex,ebay-kleinanzeigen,True,ebay-kleinanzeigen PerceptualSpeedIndex opt warm webrender,,77,ms,geckoview,,1804537250,2023-12-01 17:28:20,1341534,,,,,,,,,,,,,,,,,,,,,,,,,,,,,,,,,,,,,,,,,,,,,,,,,TN
1078,a5a9381a759e44485d639727614ceb2b77851c90,0.030060907721527252,autoland,4366813,13,930eca14459531ff5483e56979276f480af08a6a,android-hw-a51-11-0-aarch64-shippable-qr,True,False,,|w|a|r|m| |w|e|b|r|e|n|d|e|r|,102210fe594ee9b33d82058545b1ed14f4c8206e,PerceptualSpeedIndex,ebay-kleinanzeigen,True,ebay-kleinanzeigen PerceptualSpeedIndex opt warm webrender,,77,ms,geckoview,,1804634416,2023-12-01 20:34:55,1341661,,,,,,,,,,,,,,,,,,,,,,,,,,,,,,,,,,,,,,,,,,,,,,,,,TN
1079,bf4c1083cec10076ccbf07f2cfc3e18b04d0bf72,0.021546925142445494,autoland,4366813,13,930eca14459531ff5483e56979276f480af08a6a,android-hw-a51-11-0-aarch64-shippable-qr,True,False,,|w|a|r|m| |w|e|b|r|e|n|d|e|r|,102210fe594ee9b33d82058545b1ed14f4c8206e,PerceptualSpeedIndex,ebay-kleinanzeigen,True,ebay-kleinanzeigen PerceptualSpeedIndex opt warm webrender,,77,ms,geckoview,,1804729500,2023-12-02 01:52:53,1341816,,,,,,,,,,,,,,,,,,,,,,,,,,,,,,,,,,,,,,,,,,,,,,,,,TN
1080,965cddb8421900af69da86a586e617bf7dec3b56,0.01728993385290456,autoland,4366813,13,930eca14459531ff5483e56979276f480af08a6a,android-hw-a51-11-0-aarch64-shippable-qr,True,False,,|w|a|r|m| |w|e|b|r|e|n|d|e|r|,102210fe594ee9b33d82058545b1ed14f4c8206e,PerceptualSpeedIndex,ebay-kleinanzeigen,True,ebay-kleinanzeigen PerceptualSpeedIndex opt warm webrender,,77,ms,geckoview,,1804857317,2023-12-02 08:10:23,1341832,,,,,,,,,,,,,,,,,,,,,,,,,,,,,,,,,,,,,,,,,,,,,,,,,TN
1081,2d582fee4916ee442de05970cc77f7be702c22a2,0.023315213831947013,autoland,4366813,13,930eca14459531ff5483e56979276f480af08a6a,android-hw-a51-11-0-aarch64-shippable-qr,True,False,,|w|a|r|m| |w|e|b|r|e|n|d|e|r|,102210fe594ee9b33d82058545b1ed14f4c8206e,PerceptualSpeedIndex,ebay-kleinanzeigen,True,ebay-kleinanzeigen PerceptualSpeedIndex opt warm webrender,,77,ms,geckoview,,1804965603,2023-12-02 14:39:28,1341863,,,,,,,,,,,,,,,,,,,,,,,,,,,,,,,,,,,,,,,,,,,,,,,,,TN
1082,d5a2cb7b9272b5c9cdfe4a0397c570ce5f9260bf,0.02285676861615038,autoland,4366813,13,930eca14459531ff5483e56979276f480af08a6a,android-hw-a51-11-0-aarch64-shippable-qr,True,False,,|w|a|r|m| |w|e|b|r|e|n|d|e|r|,102210fe594ee9b33d82058545b1ed14f4c8206e,PerceptualSpeedIndex,ebay-kleinanzeigen,True,ebay-kleinanzeigen PerceptualSpeedIndex opt warm webrender,,77,ms,geckoview,,1805026918,2023-12-02 18:55:31,1341891,,,,,,,,,,,,,,,,,,,,,,,,,,,,,,,,,,,,,,,,,,,,,,,,,TN
1083,fe75ab906c798b6697934b3789355dceb5748966,0.020106097321370142,autoland,4366813,13,930eca14459531ff5483e56979276f480af08a6a,android-hw-a51-11-0-aarch64-shippable-qr,True,False,,|w|a|r|m| |w|e|b|r|e|n|d|e|r|,102210fe594ee9b33d82058545b1ed14f4c8206e,PerceptualSpeedIndex,ebay-kleinanzeigen,True,ebay-kleinanzeigen PerceptualSpeedIndex opt warm webrender,,77,ms,geckoview,,1805081499,2023-12-03 00:49:27,1341930,,,,,,,,,,,,,,,,,,,,,,,,,,,,,,,,,,,,,,,,,,,,,,,,,TN
1084,8e959a7ded5f111e711c06a6728f76d3bd660699,0.05226275460082519,autoland,4366813,13,930eca14459531ff5483e56979276f480af08a6a,android-hw-a51-11-0-aarch64-shippable-qr,True,False,,|w|a|r|m| |w|e|b|r|e|n|d|e|r|,102210fe594ee9b33d82058545b1ed14f4c8206e,PerceptualSpeedIndex,ebay-kleinanzeigen,True,ebay-kleinanzeigen PerceptualSpeedIndex opt warm webrender,,77,ms,geckoview,,1805117147,2023-12-03 05:05:07,1341942,,,,,,,,,,,,,,,,,,,,,,,,,,,,,,,,,,,,,,,,,,,,,,,,,TN
1085,5d84c395021682cc2af1bf5da98c205cfbc32f76,0.024101119916170033,autoland,4366813,13,930eca14459531ff5483e56979276f480af08a6a,android-hw-a51-11-0-aarch64-shippable-qr,True,False,,|w|a|r|m| |w|e|b|r|e|n|d|e|r|,102210fe594ee9b33d82058545b1ed14f4c8206e,PerceptualSpeedIndex,ebay-kleinanzeigen,True,ebay-kleinanzeigen PerceptualSpeedIndex opt warm webrender,,77,ms,geckoview,,1805219375,2023-12-03 10:45:57,1341997,,,,,,,,,,,,,,,,,,,,,,,,,,,,,,,,,,,,,,,,,,,,,,,,,TN
1086,3445cc3f842050a3cdfc4da74ce254df933f7e7b,0.028882048595192833,autoland,4366813,13,930eca14459531ff5483e56979276f480af08a6a,android-hw-a51-11-0-aarch64-shippable-qr,True,False,,|w|a|r|m| |w|e|b|r|e|n|d|e|r|,102210fe594ee9b33d82058545b1ed14f4c8206e,PerceptualSpeedIndex,ebay-kleinanzeigen,True,ebay-kleinanzeigen PerceptualSpeedIndex opt warm webrender,,77,ms,geckoview,,1805246653,2023-12-03 12:21:22,1342011,,,,,,,,,,,,,,,,,,,,,,,,,,,,,,,,,,,,,,,,,,,,,,,,,TN
1087,8038f0b90bbd46dcb74eaaddf1fd1c6871dc4426,0.025541947737245385,autoland,4366813,13,930eca14459531ff5483e56979276f480af08a6a,android-hw-a51-11-0-aarch64-shippable-qr,True,False,,|w|a|r|m| |w|e|b|r|e|n|d|e|r|,102210fe594ee9b33d82058545b1ed14f4c8206e,PerceptualSpeedIndex,ebay-kleinanzeigen,True,ebay-kleinanzeigen PerceptualSpeedIndex opt warm webrender,,77,ms,geckoview,,1805301737,2023-12-03 18:05:44,1342033,,,,,,,,,,,,,,,,,,,,,,,,,,,,,,,,,,,,,,,,,,,,,,,,,TN
1088,369922cc5c4efad6c87b13600325eb5a989cde81,0.023118737310891313,autoland,4366813,13,930eca14459531ff5483e56979276f480af08a6a,android-hw-a51-11-0-aarch64-shippable-qr,True,False,,|w|a|r|m| |w|e|b|r|e|n|d|e|r|,102210fe594ee9b33d82058545b1ed14f4c8206e,PerceptualSpeedIndex,ebay-kleinanzeigen,True,ebay-kleinanzeigen PerceptualSpeedIndex opt warm webrender,,77,ms,geckoview,,1805413937,2023-12-04 01:54:51,1342108,,,,,,,,,,,,,,,,,,,,,,,,,,,,,,,,,,,,,,,,,,,,,,,,,TN
1089,223106736a61f5cc112b0cc9d38ab1f63e034f89,0.03143624336891748,autoland,4366813,13,930eca14459531ff5483e56979276f480af08a6a,android-hw-a51-11-0-aarch64-shippable-qr,True,False,,|w|a|r|m| |w|e|b|r|e|n|d|e|r|,102210fe594ee9b33d82058545b1ed14f4c8206e,PerceptualSpeedIndex,ebay-kleinanzeigen,True,ebay-kleinanzeigen PerceptualSpeedIndex opt warm webrender,,77,ms,geckoview,,1805672730,2023-12-04 11:05:28,1342238,,,,,,,,,,,,,,,,,,,,,,,,,,,,,,,,,,,,,,,,,,,,,,,,,TN
1090,20b709d0fa5633c408dd900f830b09af96c0465d,0.027572205121487947,autoland,4366813,13,930eca14459531ff5483e56979276f480af08a6a,android-hw-a51-11-0-aarch64-shippable-qr,True,False,,|w|a|r|m| |w|e|b|r|e|n|d|e|r|,102210fe594ee9b33d82058545b1ed14f4c8206e,PerceptualSpeedIndex,ebay-kleinanzeigen,True,ebay-kleinanzeigen PerceptualSpeedIndex opt warm webrender,,77,ms,geckoview,,1805656788,2023-12-04 11:06:23,1342240,,,,,,,,,,,,,,,,,,,,,,,,,,,,,,,,,,,,,,,,,,,,,,,,,TN
1091,38094e01a744c421fe469d9a01cbfe12a1ee949b,0.029864431200471553,autoland,4366813,13,930eca14459531ff5483e56979276f480af08a6a,android-hw-a51-11-0-aarch64-shippable-qr,True,False,,|w|a|r|m| |w|e|b|r|e|n|d|e|r|,102210fe594ee9b33d82058545b1ed14f4c8206e,PerceptualSpeedIndex,ebay-kleinanzeigen,True,ebay-kleinanzeigen PerceptualSpeedIndex opt warm webrender,,77,ms,geckoview,,1805902263,2023-12-04 14:54:31,1342377,,,,,,,,,,,,,,,,,,,,,,,,,,,,,,,,,,,,,,,,,,,,,,,,,TN
1092,72ca57fdc9feb1e9765ce2cc4f26b6b60135122f,0.030257384242582952,autoland,4366813,13,930eca14459531ff5483e56979276f480af08a6a,android-hw-a51-11-0-aarch64-shippable-qr,True,False,,|w|a|r|m| |w|e|b|r|e|n|d|e|r|,102210fe594ee9b33d82058545b1ed14f4c8206e,PerceptualSpeedIndex,ebay-kleinanzeigen,True,ebay-kleinanzeigen PerceptualSpeedIndex opt warm webrender,,77,ms,geckoview,,1806035290,2023-12-04 19:05:48,1342587,,,,,,,,,,,,,,,,,,,,,,,,,,,,,,,,,,,,,,,,,,,,,,,,,TN
1093,3d0a5f6fd8b4a0537cb85ae502a4be6cafec1c23,0.01768288689501607,autoland,4366813,13,930eca14459531ff5483e56979276f480af08a6a,android-hw-a51-11-0-aarch64-shippable-qr,True,False,,|w|a|r|m| |w|e|b|r|e|n|d|e|r|,102210fe594ee9b33d82058545b1ed14f4c8206e,PerceptualSpeedIndex,ebay-kleinanzeigen,True,ebay-kleinanzeigen PerceptualSpeedIndex opt warm webrender,,77,ms,geckoview,,1806082907,2023-12-04 22:13:56,1342750,,,,,,,,,,,,,,,,,,,,,,,,,,,,,,,,,,,,,,,,,,,,,,,,,TN
1094,39486bb8305a2e3128c6ecd97d33378744922507,0.021153972100333984,autoland,4366813,13,930eca14459531ff5483e56979276f480af08a6a,android-hw-a51-11-0-aarch64-shippable-qr,True,False,,|w|a|r|m| |w|e|b|r|e|n|d|e|r|,102210fe594ee9b33d82058545b1ed14f4c8206e,PerceptualSpeedIndex,ebay-kleinanzeigen,True,ebay-kleinanzeigen PerceptualSpeedIndex opt warm webrender,,77,ms,geckoview,,1806152341,2023-12-05 02:36:15,1342897,,,,,,,,,,,,,,,,,,,,,,,,,,,,,,,,,,,,,,,,,,,,,,,,,TN
1095,775ade8b04da775ad41d5d135baae415863a874c,0.028096142510969924,autoland,4366813,13,930eca14459531ff5483e56979276f480af08a6a,android-hw-a51-11-0-aarch64-shippable-qr,True,False,,|w|a|r|m| |w|e|b|r|e|n|d|e|r|,102210fe594ee9b33d82058545b1ed14f4c8206e,PerceptualSpeedIndex,ebay-kleinanzeigen,True,ebay-kleinanzeigen PerceptualSpeedIndex opt warm webrender,,77,ms,geckoview,,1806192137,2023-12-05 03:50:36,1342908,,,,,,,,,,,,,,,,,,,,,,,,,,,,,,,,,,,,,,,,,,,,,,,,,TN
1096,429e8cc8473b4c76828d06e2f07abbeb9dbebd81,0.03359748510053051,autoland,4366813,13,930eca14459531ff5483e56979276f480af08a6a,android-hw-a51-11-0-aarch64-shippable-qr,True,False,,|w|a|r|m| |w|e|b|r|e|n|d|e|r|,102210fe594ee9b33d82058545b1ed14f4c8206e,PerceptualSpeedIndex,ebay-kleinanzeigen,True,ebay-kleinanzeigen PerceptualSpeedIndex opt warm webrender,,77,ms,geckoview,,1806286140,2023-12-05 08:48:01,1342965,,,,,,,,,,,,,,,,,,,,,,,,,,,,,,,,,,,,,,,,,,,,,,,,,TN
1097,10602eb918edd2ccf85a22fb60b3dc62c845c42a,0.03333551640578958,autoland,4366813,13,930eca14459531ff5483e56979276f480af08a6a,android-hw-a51-11-0-aarch64-shippable-qr,True,False,,|w|a|r|m| |w|e|b|r|e|n|d|e|r|,102210fe594ee9b33d82058545b1ed14f4c8206e,PerceptualSpeedIndex,ebay-kleinanzeigen,True,ebay-kleinanzeigen PerceptualSpeedIndex opt warm webrender,,77,ms,geckoview,,1806375329,2023-12-05 11:07:31,1343031,,,,,,,,,,,,,,,,,,,,,,,,,,,,,,,,,,,,,,,,,,,,,,,,,TN
1098,e603b8b016d76de025bea02bfdc1e0590166c2c0,0.015325168642347231,autoland,4366813,13,930eca14459531ff5483e56979276f480af08a6a,android-hw-a51-11-0-aarch64-shippable-qr,True,False,,|w|a|r|m| |w|e|b|r|e|n|d|e|r|,102210fe594ee9b33d82058545b1ed14f4c8206e,PerceptualSpeedIndex,ebay-kleinanzeigen,True,ebay-kleinanzeigen PerceptualSpeedIndex opt warm webrender,,77,ms,geckoview,,1806563628,2023-12-05 15:11:37,1343145,,,,,,,,,,,,,,,,,,,,,,,,,,,,,,,,,,,,,,,,,,,,,,,,,TN
1099,91bda8b5915b84ed6533a6620f955f271dc5aac3,0.024690549479337243,autoland,4366813,13,930eca14459531ff5483e56979276f480af08a6a,android-hw-a51-11-0-aarch64-shippable-qr,True,False,,|w|a|r|m| |w|e|b|r|e|n|d|e|r|,102210fe594ee9b33d82058545b1ed14f4c8206e,PerceptualSpeedIndex,ebay-kleinanzeigen,True,ebay-kleinanzeigen PerceptualSpeedIndex opt warm webrender,,77,ms,geckoview,,1806632135,2023-12-05 16:28:46,1343203,,,,,,,,,,,,,,,,,,,,,,,,,,,,,,,,,,,,,,,,,,,,,,,,,TN
1100,f778448a1da5f0622c4361d37810461a035f4627,0.023315213831947013,autoland,4366813,13,930eca14459531ff5483e56979276f480af08a6a,android-hw-a51-11-0-aarch64-shippable-qr,True,False,,|w|a|r|m| |w|e|b|r|e|n|d|e|r|,102210fe594ee9b33d82058545b1ed14f4c8206e,PerceptualSpeedIndex,ebay-kleinanzeigen,True,ebay-kleinanzeigen PerceptualSpeedIndex opt warm webrender,,77,ms,geckoview,,1806721165,2023-12-05 20:37:35,1343409,,,,,,,,,,,,,,,,,,,,,,,,,,,,,,,,,,,,,,,,,,,,,,,,,TN
1101,177375e24d1352ab203de0ac3aa53003c5d0ffd2,0.04060514768485168,autoland,4366813,13,930eca14459531ff5483e56979276f480af08a6a,android-hw-a51-11-0-aarch64-shippable-qr,True,False,,|w|a|r|m| |w|e|b|r|e|n|d|e|r|,102210fe594ee9b33d82058545b1ed14f4c8206e,PerceptualSpeedIndex,ebay-kleinanzeigen,True,ebay-kleinanzeigen PerceptualSpeedIndex opt warm webrender,,77,ms,geckoview,,1806803638,2023-12-05 21:38:52,1343440,,,,,,,,,,,,,,,,,,,,,,,,,,,,,,,,,,,,,,,,,,,,,,,,,TN
1102,30004166d9f2cc3399da68e8762c35b1b886c0dc,0.022005370358242127,autoland,4366813,13,930eca14459531ff5483e56979276f480af08a6a,android-hw-a51-11-0-aarch64-shippable-qr,True,False,,|w|a|r|m| |w|e|b|r|e|n|d|e|r|,102210fe594ee9b33d82058545b1ed14f4c8206e,PerceptualSpeedIndex,ebay-kleinanzeigen,True,ebay-kleinanzeigen PerceptualSpeedIndex opt warm webrender,,77,ms,geckoview,,1806912615,2023-12-06 02:13:38,1343563,,,,,,,,,,,,,,,,,,,,,,,,,,,,,,,,,,,,,,,,,,,,,,,,,TN
1103,63afa0f8febdc8b199d998d50bb76fc8f7945c3e,0.019713144279258632,autoland,4366813,13,930eca14459531ff5483e56979276f480af08a6a,android-hw-a51-11-0-aarch64-shippable-qr,True,False,,|w|a|r|m| |w|e|b|r|e|n|d|e|r|,102210fe594ee9b33d82058545b1ed14f4c8206e,PerceptualSpeedIndex,ebay-kleinanzeigen,True,ebay-kleinanzeigen PerceptualSpeedIndex opt warm webrender,,77,ms,geckoview,,1807012030,2023-12-06 09:09:58,1343650,,,,,,,,,,,,,,,,,,,,,,,,,,,,,,,,,,,,,,,,,,,,,,,,,TN
1104,52f516546de7ac66228e074000877d32ebf093af,1.0,autoland,4366813,13,930eca14459531ff5483e56979276f480af08a6a,android-hw-a51-11-0-aarch64-shippable-qr,True,False,,|w|a|r|m| |w|e|b|r|e|n|d|e|r|,102210fe594ee9b33d82058545b1ed14f4c8206e,PerceptualSpeedIndex,ebay-kleinanzeigen,True,ebay-kleinanzeigen PerceptualSpeedIndex opt warm webrender,,77,ms,geckoview,,1807163256,2023-12-06 13:42:54,1343745,,,,,,,,,,,,,,,,,,,,,,,,,,,,,,,,,,,,,,,,,,,,,,,,,TN
1105,a035ddfc75fc597cd1df3c347d2cbbc50568f884,0.023380706005632357,autoland,4366813,13,930eca14459531ff5483e56979276f480af08a6a,android-hw-a51-11-0-aarch64-shippable-qr,True,False,,|w|a|r|m| |w|e|b|r|e|n|d|e|r|,102210fe594ee9b33d82058545b1ed14f4c8206e,PerceptualSpeedIndex,ebay-kleinanzeigen,True,ebay-kleinanzeigen PerceptualSpeedIndex opt warm webrender,,77,ms,geckoview,,1807136718,2023-12-06 14:11:26,1343771,,,,,,,,,,,,,,,,,,,,,,,,,,,,,,,,,,,,,,,,,,,,,,,,,TN
1106,ab110e2fcc6ab3c8e078fe970b109f482069386e,0.01807583993712747,autoland,4366813,13,930eca14459531ff5483e56979276f480af08a6a,android-hw-a51-11-0-aarch64-shippable-qr,True,False,,|w|a|r|m| |w|e|b|r|e|n|d|e|r|,102210fe594ee9b33d82058545b1ed14f4c8206e,PerceptualSpeedIndex,ebay-kleinanzeigen,True,ebay-kleinanzeigen PerceptualSpeedIndex opt warm webrender,,77,ms,geckoview,,1807287565,2023-12-06 18:17:17,1343990,,,,,,,,,,,,,,,,,,,,,,,,,,,,,,,,,,,,,,,,,,,,,,,,,TN
1107,f3fc0213f527ba806a10092bbadec34e00dbe4f6,0.051149387648176003,autoland,4366813,13,930eca14459531ff5483e56979276f480af08a6a,android-hw-a51-11-0-aarch64-shippable-qr,True,False,,|w|a|r|m| |w|e|b|r|e|n|d|e|r|,102210fe594ee9b33d82058545b1ed14f4c8206e,PerceptualSpeedIndex,ebay-kleinanzeigen,True,ebay-kleinanzeigen PerceptualSpeedIndex opt warm webrender,,77,ms,geckoview,,1807441588,2023-12-06 22:50:02,1344189,,,,,,,,,,,,,,,,,,,,,,,,,,,,,,,,,,,,,,,,,,,,,,,,,TN
1108,93a04e8835aaaf359b24f47f54d622f7d36fd813,0.053179645032418676,autoland,4366813,13,930eca14459531ff5483e56979276f480af08a6a,android-hw-a51-11-0-aarch64-shippable-qr,True,False,,|w|a|r|m| |w|e|b|r|e|n|d|e|r|,102210fe594ee9b33d82058545b1ed14f4c8206e,PerceptualSpeedIndex,ebay-kleinanzeigen,True,ebay-kleinanzeigen PerceptualSpeedIndex opt warm webrender,,77,ms,geckoview,,1807542365,2023-12-07 04:18:34,1344290,,,,,,,,,,,,,,,,,,,,,,,,,,,,,,,,,,,,,,,,,,,,,,,,,TN
1109,f5d904bee3fe6c9e79061b56c8499b6154f7d3ff,0.01689698081079316,autoland,4366813,13,930eca14459531ff5483e56979276f480af08a6a,android-hw-a51-11-0-aarch64-shippable-qr,True,False,,|w|a|r|m| |w|e|b|r|e|n|d|e|r|,102210fe594ee9b33d82058545b1ed14f4c8206e,PerceptualSpeedIndex,ebay-kleinanzeigen,True,ebay-kleinanzeigen PerceptualSpeedIndex opt warm webrender,,77,ms,geckoview,,1807634136,2023-12-07 09:07:30,1344349,,,,,,,,,,,,,,,,,,,,,,,,,,,,,,,,,,,,,,,,,,,,,,,,,TN
1110,bea12a00706c3b2951d467008996bf7e89d17e5b,0.03019189206889772,autoland,4366813,13,930eca14459531ff5483e56979276f480af08a6a,android-hw-a51-11-0-aarch64-shippable-qr,True,False,,|w|a|r|m| |w|e|b|r|e|n|d|e|r|,102210fe594ee9b33d82058545b1ed14f4c8206e,PerceptualSpeedIndex,ebay-kleinanzeigen,True,ebay-kleinanzeigen PerceptualSpeedIndex opt warm webrender,,77,ms,geckoview,,1807745889,2023-12-07 12:51:56,1344456,,,,,,,,,,,,,,,,,,,,,,,,,,,,,,,,,,,,,,,,,,,,,,,,,TN
1111,797281d7e3b5fdd5f6a033248fec7bd885227546,0.028882048595192833,autoland,4366813,13,930eca14459531ff5483e56979276f480af08a6a,android-hw-a51-11-0-aarch64-shippable-qr,True,False,,|w|a|r|m| |w|e|b|r|e|n|d|e|r|,102210fe594ee9b33d82058545b1ed14f4c8206e,PerceptualSpeedIndex,ebay-kleinanzeigen,True,ebay-kleinanzeigen PerceptualSpeedIndex opt warm webrender,,77,ms,geckoview,,1808091610,2023-12-07 21:41:48,1344786,,,,,,,,,,,,,,,,,,,,,,,,,,,,,,,,,,,,,,,,,,,,,,,,,TN
1112,c34126c5e2a85c81e511c7c4017e7f2694ddce13,0.021808893837186427,autoland,4366813,13,930eca14459531ff5483e56979276f480af08a6a,android-hw-a51-11-0-aarch64-shippable-qr,True,False,,|w|a|r|m| |w|e|b|r|e|n|d|e|r|,102210fe594ee9b33d82058545b1ed14f4c8206e,PerceptualSpeedIndex,ebay-kleinanzeigen,True,ebay-kleinanzeigen PerceptualSpeedIndex opt warm webrender,,77,ms,geckoview,,1808119207,2023-12-07 22:56:27,1344823,,,,,,,,,,,,,,,,,,,,,,,,,,,,,,,,,,,,,,,,,,,,,,,,,TN
1113,3152110c63b5c99048b0651867ecf7723aa5ddf8,0.02049905036348154,autoland,4366813,13,930eca14459531ff5483e56979276f480af08a6a,android-hw-a51-11-0-aarch64-shippable-qr,True,False,,|w|a|r|m| |w|e|b|r|e|n|d|e|r|,102210fe594ee9b33d82058545b1ed14f4c8206e,PerceptualSpeedIndex,ebay-kleinanzeigen,True,ebay-kleinanzeigen PerceptualSpeedIndex opt warm webrender,,77,ms,geckoview,,1808364540,2023-12-08 04:49:01,1344948,,,,,,,,,,,,,,,,,,,,,,,,,,,,,,,,,,,,,,,,,,,,,,,,,TN
1114,ff785fa504232b935c33c7d8c38a1cdc2f8d2d35,0.02940598598467481,autoland,4366813,13,930eca14459531ff5483e56979276f480af08a6a,android-hw-a51-11-0-aarch64-shippable-qr,True,False,,|w|a|r|m| |w|e|b|r|e|n|d|e|r|,102210fe594ee9b33d82058545b1ed14f4c8206e,PerceptualSpeedIndex,ebay-kleinanzeigen,True,ebay-kleinanzeigen PerceptualSpeedIndex opt warm webrender,,77,ms,geckoview,,1808509550,2023-12-08 09:01:47,1345044,,,,,,,,,,,,,,,,,,,,,,,,,,,,,,,,,,,,,,,,,,,,,,,,,TN
1115,84f194823b719420c22157f7e540e660397a17f2,0.02501801034776341,autoland,4366813,13,930eca14459531ff5483e56979276f480af08a6a,android-hw-a51-11-0-aarch64-shippable-qr,True,False,,|w|a|r|m| |w|e|b|r|e|n|d|e|r|,102210fe594ee9b33d82058545b1ed14f4c8206e,PerceptualSpeedIndex,ebay-kleinanzeigen,True,ebay-kleinanzeigen PerceptualSpeedIndex opt warm webrender,,77,ms,geckoview,,1808824788,2023-12-08 14:53:30,1345173,,,,,,,,,,,,,,,,,,,,,,,,,,,,,,,,,,,,,,,,,,,,,,,,,TN
1116,6f5601bcf5ef9fa22b46e44e1d5e34893a04fc9e,0.020957495579278285,autoland,4366813,13,930eca14459531ff5483e56979276f480af08a6a,android-hw-a51-11-0-aarch64-shippable-qr,True,False,,|w|a|r|m| |w|e|b|r|e|n|d|e|r|,102210fe594ee9b33d82058545b1ed14f4c8206e,PerceptualSpeedIndex,ebay-kleinanzeigen,True,ebay-kleinanzeigen PerceptualSpeedIndex opt warm webrender,,77,ms,geckoview,,1809006185,2023-12-08 20:09:00,1345337,,,,,,,,,,,,,,,,,,,,,,,,,,,,,,,,,,,,,,,,,,,,,,,,,TN
1117,5e7ca7b9c60d764540bfc20b243ffaa67dfbfaa9,0.019385683410832355,autoland,4366813,13,930eca14459531ff5483e56979276f480af08a6a,android-hw-a51-11-0-aarch64-shippable-qr,True,False,,|w|a|r|m| |w|e|b|r|e|n|d|e|r|,102210fe594ee9b33d82058545b1ed14f4c8206e,PerceptualSpeedIndex,ebay-kleinanzeigen,True,ebay-kleinanzeigen PerceptualSpeedIndex opt warm webrender,,77,ms,geckoview,,1809029767,2023-12-09 00:35:37,1345495,,,,,,,,,,,,,,,,,,,,,,,,,,,,,,,,,,,,,,,,,,,,,,,,,TN
1118,9536c8afccb6fe6adb81c34e04ad22608a1cc454,0.017027965158163627,autoland,4366813,13,930eca14459531ff5483e56979276f480af08a6a,android-hw-a51-11-0-aarch64-shippable-qr,True,False,,|w|a|r|m| |w|e|b|r|e|n|d|e|r|,102210fe594ee9b33d82058545b1ed14f4c8206e,PerceptualSpeedIndex,ebay-kleinanzeigen,True,ebay-kleinanzeigen PerceptualSpeedIndex opt warm webrender,,77,ms,geckoview,,1809048042,2023-12-09 00:36:34,1345496,,,,,,,,,,,,,,,,,,,,,,,,,,,,,,,,,,,,,,,,,,,,,,,,,TN
1119,ce53d4215ca91122e12f63ca196acefc22a8d98c,0.019778636452943865,autoland,4366813,13,930eca14459531ff5483e56979276f480af08a6a,android-hw-a51-11-0-aarch64-shippable-qr,True,False,,|w|a|r|m| |w|e|b|r|e|n|d|e|r|,102210fe594ee9b33d82058545b1ed14f4c8206e,PerceptualSpeedIndex,ebay-kleinanzeigen,True,ebay-kleinanzeigen PerceptualSpeedIndex opt warm webrender,,77,ms,geckoview,,1809228044,2023-12-09 11:58:04,1345582,,,,,,,,,,,,,,,,,,,,,,,,,,,,,,,,,,,,,,,,,,,,,,,,,TN
1120,199c3dc51f2dd8c55a3346ac587238e6376b7236,0.02063003471085212,autoland,4366813,13,930eca14459531ff5483e56979276f480af08a6a,android-hw-a51-11-0-aarch64-shippable-qr,True,False,,|w|a|r|m| |w|e|b|r|e|n|d|e|r|,102210fe594ee9b33d82058545b1ed14f4c8206e,PerceptualSpeedIndex,ebay-kleinanzeigen,True,ebay-kleinanzeigen PerceptualSpeedIndex opt warm webrender,,77,ms,geckoview,,1809270732,2023-12-09 16:44:21,1345611,,,,,,,,,,,,,,,,,,,,,,,,,,,,,,,,,,,,,,,,,,,,,,,,,TN
1121,037b4a8e4edce03936a64d9d073da41b8b1bd9fb,0.03202567293208469,autoland,4366813,13,930eca14459531ff5483e56979276f480af08a6a,android-hw-a51-11-0-aarch64-shippable-qr,True,False,,|w|a|r|m| |w|e|b|r|e|n|d|e|r|,102210fe594ee9b33d82058545b1ed14f4c8206e,PerceptualSpeedIndex,ebay-kleinanzeigen,True,ebay-kleinanzeigen PerceptualSpeedIndex opt warm webrender,,77,ms,geckoview,,1809290948,2023-12-09 17:32:11,1345614,,,,,,,,,,,,,,,,,,,,,,,,,,,,,,,,,,,,,,,,,,,,,,,,,TN
1122,815bf21f166b5019bdab6ec104bc2f4475a7b553,0.015456152989717697,autoland,4366813,13,930eca14459531ff5483e56979276f480af08a6a,android-hw-a51-11-0-aarch64-shippable-qr,True,False,,|w|a|r|m| |w|e|b|r|e|n|d|e|r|,102210fe594ee9b33d82058545b1ed14f4c8206e,PerceptualSpeedIndex,ebay-kleinanzeigen,True,ebay-kleinanzeigen PerceptualSpeedIndex opt warm webrender,,77,ms,geckoview,,1809371483,2023-12-10 03:19:38,1345657,,,,,,,,,,,,,,,,,,,,,,,,,,,,,,,,,,,,,,,,,,,,,,,,,TN
1123,d4ee61633ce965862e2ee27be32e8a58344a7b03,0.03176370423734365,autoland,4366813,13,930eca14459531ff5483e56979276f480af08a6a,android-hw-a51-11-0-aarch64-shippable-qr,True,False,,|w|a|r|m| |w|e|b|r|e|n|d|e|r|,102210fe594ee9b33d82058545b1ed14f4c8206e,PerceptualSpeedIndex,ebay-kleinanzeigen,True,ebay-kleinanzeigen PerceptualSpeedIndex opt warm webrender,,77,ms,geckoview,,1809497819,2023-12-11 00:42:11,1345765,,,,,,,,,,,,,,,,,,,,,,,,,,,,,,,,,,,,,,,,,,,,,,,,,TN
1124,e84648aa607a32b9e4bbd2378f5a7caf9e31264a,0.03215665727945505,autoland,4366813,13,930eca14459531ff5483e56979276f480af08a6a,android-hw-a51-11-0-aarch64-shippable-qr,True,False,,|w|a|r|m| |w|e|b|r|e|n|d|e|r|,102210fe594ee9b33d82058545b1ed14f4c8206e,PerceptualSpeedIndex,ebay-kleinanzeigen,True,ebay-kleinanzeigen PerceptualSpeedIndex opt warm webrender,,77,ms,geckoview,,1809538732,2023-12-11 06:57:03,1345835,,,,,,,,,,,,,,,,,,,,,,,,,,,,,,,,,,,,,,,,,,,,,,,,,TN
1125,25a3d6c779f3ef9a9220e2d972c18f2e5a039cb2,0.020433558189796308,autoland,4366813,13,930eca14459531ff5483e56979276f480af08a6a,android-hw-a51-11-0-aarch64-shippable-qr,True,False,,|w|a|r|m| |w|e|b|r|e|n|d|e|r|,102210fe594ee9b33d82058545b1ed14f4c8206e,PerceptualSpeedIndex,ebay-kleinanzeigen,True,ebay-kleinanzeigen PerceptualSpeedIndex opt warm webrender,,77,ms,geckoview,,1809590596,2023-12-11 09:13:41,1345868,,,,,,,,,,,,,,,,,,,,,,,,,,,,,,,,,,,,,,,,,,,,,,,,,TN
1126,46d1ac4f2e9c8c9c173c430225737701542931bb,0.06058026065885136,autoland,4366813,13,930eca14459531ff5483e56979276f480af08a6a,android-hw-a51-11-0-aarch64-shippable-qr,True,False,,|w|a|r|m| |w|e|b|r|e|n|d|e|r|,102210fe594ee9b33d82058545b1ed14f4c8206e,PerceptualSpeedIndex,ebay-kleinanzeigen,True,ebay-kleinanzeigen PerceptualSpeedIndex opt warm webrender,,77,ms,geckoview,,1809743995,2023-12-11 13:39:55,1346049,,,,,,,,,,,,,,,,,,,,,,,,,,,,,,,,,,,,,,,,,,,,,,,,,TN
1127,fbda7db8e39b50ebf5ed7092f81706bd1d8c91ab,0.04374877202174343,autoland,4366813,13,930eca14459531ff5483e56979276f480af08a6a,android-hw-a51-11-0-aarch64-shippable-qr,True,False,,|w|a|r|m| |w|e|b|r|e|n|d|e|r|,102210fe594ee9b33d82058545b1ed14f4c8206e,PerceptualSpeedIndex,ebay-kleinanzeigen,True,ebay-kleinanzeigen PerceptualSpeedIndex opt warm webrender,,77,ms,geckoview,,1809831822,2023-12-11 15:49:45,1346158,,,,,,,,,,,,,,,,,,,,,,,,,,,,,,,,,,,,,,,,,,,,,,,,,TN
1128,8043d7693dbaf145c601652e0b8947d55f399fd8,0.02167790948981596,autoland,4366813,13,930eca14459531ff5483e56979276f480af08a6a,android-hw-a51-11-0-aarch64-shippable-qr,True,False,,|w|a|r|m| |w|e|b|r|e|n|d|e|r|,102210fe594ee9b33d82058545b1ed14f4c8206e,PerceptualSpeedIndex,ebay-kleinanzeigen,True,ebay-kleinanzeigen PerceptualSpeedIndex opt warm webrender,,77,ms,geckoview,,1809883955,2023-12-11 18:22:43,1346298,,,,,,,,,,,,,,,,,,,,,,,,,,,,,,,,,,,,,,,,,,,,,,,,,TN
1129,c2126b815d283d4d848e431071fa77e023b06eb2,0.022922260789835613,autoland,4366813,13,930eca14459531ff5483e56979276f480af08a6a,android-hw-a51-11-0-aarch64-shippable-qr,True,False,,|w|a|r|m| |w|e|b|r|e|n|d|e|r|,102210fe594ee9b33d82058545b1ed14f4c8206e,PerceptualSpeedIndex,ebay-kleinanzeigen,True,ebay-kleinanzeigen PerceptualSpeedIndex opt warm webrender,,77,ms,geckoview,,1809969947,2023-12-11 21:32:13,1346462,,,,,,,,,,,,,,,,,,,,,,,,,,,,,,,,,,,,,,,,,,,,,,,,,TN
1130,6e08bc24f0ba8814dfda465963c22d139bf6e80b,0.023708166874058523,autoland,4366813,13,930eca14459531ff5483e56979276f480af08a6a,android-hw-a51-11-0-aarch64-shippable-qr,True,False,,|w|a|r|m| |w|e|b|r|e|n|d|e|r|,102210fe594ee9b33d82058545b1ed14f4c8206e,PerceptualSpeedIndex,ebay-kleinanzeigen,True,ebay-kleinanzeigen PerceptualSpeedIndex opt warm webrender,,77,ms,geckoview,,1810040496,2023-12-12 01:33:17,1346620,,,,,,,,,,,,,,,,,,,,,,,,,,,,,,,,,,,,,,,,,,,,,,,,,TN
1131,55cd203304b8d5343dd941d772085dc25fd278c4,0.040015718121684474,autoland,4366813,13,930eca14459531ff5483e56979276f480af08a6a,android-hw-a51-11-0-aarch64-shippable-qr,True,False,,|w|a|r|m| |w|e|b|r|e|n|d|e|r|,102210fe594ee9b33d82058545b1ed14f4c8206e,PerceptualSpeedIndex,ebay-kleinanzeigen,True,ebay-kleinanzeigen PerceptualSpeedIndex opt warm webrender,,77,ms,geckoview,,1810105981,2023-12-12 04:01:22,1346691,,,,,,,,,,,,,,,,,,,,,,,,,,,,,,,,,,,,,,,,,,,,,,,,,TN
1132,64c2a5cd2e5c12acc49f695acaca7fc074be00ef,0.030322876416268296,autoland,4366813,13,930eca14459531ff5483e56979276f480af08a6a,android-hw-a51-11-0-aarch64-shippable-qr,True,False,,|w|a|r|m| |w|e|b|r|e|n|d|e|r|,102210fe594ee9b33d82058545b1ed14f4c8206e,PerceptualSpeedIndex,ebay-kleinanzeigen,True,ebay-kleinanzeigen PerceptualSpeedIndex opt warm webrender,,77,ms,geckoview,,1810219846,2023-12-12 08:08:04,1346735,,,,,,,,,,,,,,,,,,,,,,,,,,,,,,,,,,,,,,,,,,,,,,,,,TN
1133,378226435d1f217637869bc238a2bff9ae584e04,0.03202567293208469,autoland,4366813,13,930eca14459531ff5483e56979276f480af08a6a,android-hw-a51-11-0-aarch64-shippable-qr,True,False,,|w|a|r|m| |w|e|b|r|e|n|d|e|r|,102210fe594ee9b33d82058545b1ed14f4c8206e,PerceptualSpeedIndex,ebay-kleinanzeigen,True,ebay-kleinanzeigen PerceptualSpeedIndex opt warm webrender,,77,ms,geckoview,,1810366234,2023-12-12 13:15:06,1346892,,,,,,,,,,,,,,,,,,,,,,,,,,,,,,,,,,,,,,,,,,,,,,,,,TN
1134,661e5ee3675f09044e67f461631530ae9bc19953,0.04394524854279913,autoland,4366813,13,930eca14459531ff5483e56979276f480af08a6a,android-hw-a51-11-0-aarch64-shippable-qr,True,False,,|w|a|r|m| |w|e|b|r|e|n|d|e|r|,102210fe594ee9b33d82058545b1ed14f4c8206e,PerceptualSpeedIndex,ebay-kleinanzeigen,True,ebay-kleinanzeigen PerceptualSpeedIndex opt warm webrender,,77,ms,geckoview,,1810371017,2023-12-12 13:20:17,1346894,,,,,,,,,,,,,,,,,,,,,,,,,,,,,,,,,,,,,,,,,,,,,,,,,TN
1135,89856dfbbbb09660fd0b56d3d9ba6f60c823c81f,0.0419804833322418,autoland,4366813,13,930eca14459531ff5483e56979276f480af08a6a,android-hw-a51-11-0-aarch64-shippable-qr,True,False,,|w|a|r|m| |w|e|b|r|e|n|d|e|r|,102210fe594ee9b33d82058545b1ed14f4c8206e,PerceptualSpeedIndex,ebay-kleinanzeigen,True,ebay-kleinanzeigen PerceptualSpeedIndex opt warm webrender,,77,ms,geckoview,,1810532648,2023-12-12 17:56:51,1347131,,,,,,,,,,,,,,,,,,,,,,,,,,,,,,,,,,,,,,,,,,,,,,,,,TN
1136,b7336e3f433e4055ba8a7fcb5c2f756e0e9b59ef,0.03582421900582877,autoland,4366813,13,930eca14459531ff5483e56979276f480af08a6a,android-hw-a51-11-0-aarch64-shippable-qr,True,False,,|w|a|r|m| |w|e|b|r|e|n|d|e|r|,102210fe594ee9b33d82058545b1ed14f4c8206e,PerceptualSpeedIndex,ebay-kleinanzeigen,True,ebay-kleinanzeigen PerceptualSpeedIndex opt warm webrender,,77,ms,geckoview,,1810573114,2023-12-12 18:39:48,1347165,,,,,,,,,,,,,,,,,,,,,,,,,,,,,,,,,,,,,,,,,,,,,,,,,TN
1137,7272d706196d83e16ea8366481dce5127407ba4d,0.023184229484576657,autoland,4366813,13,930eca14459531ff5483e56979276f480af08a6a,android-hw-a51-11-0-aarch64-shippable-qr,True,False,,|w|a|r|m| |w|e|b|r|e|n|d|e|r|,102210fe594ee9b33d82058545b1ed14f4c8206e,PerceptualSpeedIndex,ebay-kleinanzeigen,True,ebay-kleinanzeigen PerceptualSpeedIndex opt warm webrender,,77,ms,geckoview,,1810625546,2023-12-12 20:06:07,1347223,,,,,,,,,,,,,,,,,,,,,,,,,,,,,,,,,,,,,,,,,,,,,,,,,TN
1138,f823ab1d9a00b627089b75899e588823b584a9c4,0.0392953042111468,autoland,4366813,13,930eca14459531ff5483e56979276f480af08a6a,android-hw-a51-11-0-aarch64-shippable-qr,True,False,,|w|a|r|m| |w|e|b|r|e|n|d|e|r|,102210fe594ee9b33d82058545b1ed14f4c8206e,PerceptualSpeedIndex,ebay-kleinanzeigen,True,ebay-kleinanzeigen PerceptualSpeedIndex opt warm webrender,,77,ms,geckoview,,1810759719,2023-12-13 00:40:28,1347426,,,,,,,,,,,,,,,,,,,,,,,,,,,,,,,,,,,,,,,,,,,,,,,,,TN
1139,c7169e7d15af250d7b1ffb91c072a4b2309457c1,0.02167790948981596,autoland,4366813,13,930eca14459531ff5483e56979276f480af08a6a,android-hw-a51-11-0-aarch64-shippable-qr,True,False,,|w|a|r|m| |w|e|b|r|e|n|d|e|r|,102210fe594ee9b33d82058545b1ed14f4c8206e,PerceptualSpeedIndex,ebay-kleinanzeigen,True,ebay-kleinanzeigen PerceptualSpeedIndex opt warm webrender,,77,ms,geckoview,,1810811516,2023-12-13 01:59:28,1347482,,,,,,,,,,,,,,,,,,,,,,,,,,,,,,,,,,,,,,,,,,,,,,,,,TN
1140,de73ddb24c16e91d220095612fc21b6636e51f81,0.026589822516209338,autoland,4366813,13,930eca14459531ff5483e56979276f480af08a6a,android-hw-a51-11-0-aarch64-shippable-qr,True,False,,|w|a|r|m| |w|e|b|r|e|n|d|e|r|,102210fe594ee9b33d82058545b1ed14f4c8206e,PerceptualSpeedIndex,ebay-kleinanzeigen,True,ebay-kleinanzeigen PerceptualSpeedIndex opt warm webrender,,77,ms,geckoview,,1810852187,2023-12-13 03:53:55,1347525,,,,,,,,,,,,,,,,,,,,,,,,,,,,,,,,,,,,,,,,,,,,,,,,,TN
1141,de61802013d3eabd67e8f7c4382ab95c650835ba,0.030322876416268296,autoland,4366813,13,930eca14459531ff5483e56979276f480af08a6a,android-hw-a51-11-0-aarch64-shippable-qr,True,False,,|w|a|r|m| |w|e|b|r|e|n|d|e|r|,102210fe594ee9b33d82058545b1ed14f4c8206e,PerceptualSpeedIndex,ebay-kleinanzeigen,True,ebay-kleinanzeigen PerceptualSpeedIndex opt warm webrender,,77,ms,geckoview,,1810901111,2023-12-13 08:08:28,1347584,,,,,,,,,,,,,,,,,,,,,,,,,,,,,,,,,,,,,,,,,,,,,,,,,TN
1142,12f45306a093afef1d1ed86121d9fcd9e8c69e15,0.030650337284694462,autoland,4366813,13,930eca14459531ff5483e56979276f480af08a6a,android-hw-a51-11-0-aarch64-shippable-qr,True,False,,|w|a|r|m| |w|e|b|r|e|n|d|e|r|,102210fe594ee9b33d82058545b1ed14f4c8206e,PerceptualSpeedIndex,ebay-kleinanzeigen,True,ebay-kleinanzeigen PerceptualSpeedIndex opt warm webrender,,77,ms,geckoview,,1810974820,2023-12-13 10:08:23,1347641,,,,,,,,,,,,,,,,,,,,,,,,,,,,,,,,,,,,,,,,,,,,,,,,,TN
1143,a54a846dda9a20948451fa14e9ebbd3bb19c826c,0.0349073285742354,autoland,4366813,13,930eca14459531ff5483e56979276f480af08a6a,android-hw-a51-11-0-aarch64-shippable-qr,True,False,,|w|a|r|m| |w|e|b|r|e|n|d|e|r|,102210fe594ee9b33d82058545b1ed14f4c8206e,PerceptualSpeedIndex,ebay-kleinanzeigen,True,ebay-kleinanzeigen PerceptualSpeedIndex opt warm webrender,,77,ms,geckoview,,1811037281,2023-12-13 13:51:07,1347765,,,,,,,,,,,,,,,,,,,,,,,,,,,,,,,,,,,,,,,,,,,,,,,,,TN
1144,951b244454e1790b94e5fa8474efc7fb8c990e28,0.03176370423734365,autoland,4366813,13,930eca14459531ff5483e56979276f480af08a6a,android-hw-a51-11-0-aarch64-shippable-qr,True,False,,|w|a|r|m| |w|e|b|r|e|n|d|e|r|,102210fe594ee9b33d82058545b1ed14f4c8206e,PerceptualSpeedIndex,ebay-kleinanzeigen,True,ebay-kleinanzeigen PerceptualSpeedIndex opt warm webrender,,77,ms,geckoview,,1811131053,2023-12-13 17:42:49,1347961,,,,,,,,,,,,,,,,,,,,,,,,,,,,,,,,,,,,,,,,,,,,,,,,,TN
1145,b89dc85aa7e47069b80251ce43d7d66c034a5b88,0.029078525116248644,autoland,4366813,13,930eca14459531ff5483e56979276f480af08a6a,android-hw-a51-11-0-aarch64-shippable-qr,True,False,,|w|a|r|m| |w|e|b|r|e|n|d|e|r|,102210fe594ee9b33d82058545b1ed14f4c8206e,PerceptualSpeedIndex,ebay-kleinanzeigen,True,ebay-kleinanzeigen PerceptualSpeedIndex opt warm webrender,,77,ms,geckoview,,1811272096,2023-12-13 20:42:40,1348117,,,,,,,,,,,,,,,,,,,,,,,,,,,,,,,,,,,,,,,,,,,,,,,,,TN
1146,12888ec6533c4e6ec49c2d7081e67ac660129ab6,0.02567293208461585,autoland,4366813,13,930eca14459531ff5483e56979276f480af08a6a,android-hw-a51-11-0-aarch64-shippable-qr,True,False,,|w|a|r|m| |w|e|b|r|e|n|d|e|r|,102210fe594ee9b33d82058545b1ed14f4c8206e,PerceptualSpeedIndex,ebay-kleinanzeigen,True,ebay-kleinanzeigen PerceptualSpeedIndex opt warm webrender,,77,ms,geckoview,,1811385986,2023-12-14 01:23:55,1348332,,,,,,,,,,,,,,,,,,,,,,,,,,,,,,,,,,,,,,,,,,,,,,,,,TN
1147,3af75f3310fc53f70cba7e6c5a7e7bec2d3381dc,0.038247429432182845,autoland,4366813,13,930eca14459531ff5483e56979276f480af08a6a,android-hw-a51-11-0-aarch64-shippable-qr,True,False,,|w|a|r|m| |w|e|b|r|e|n|d|e|r|,102210fe594ee9b33d82058545b1ed14f4c8206e,PerceptualSpeedIndex,ebay-kleinanzeigen,True,ebay-kleinanzeigen PerceptualSpeedIndex opt warm webrender,,77,ms,geckoview,,1811488839,2023-12-14 06:57:49,1348404,,,,,,,,,,,,,,,,,,,,,,,,,,,,,,,,,,,,,,,,,,,,,,,,,TN
1148,1c0fd259312d4631a0d1a7e0ea0560cff577beba,0.023511690353002823,autoland,4366813,13,930eca14459531ff5483e56979276f480af08a6a,android-hw-a51-11-0-aarch64-shippable-qr,True,False,,|w|a|r|m| |w|e|b|r|e|n|d|e|r|,102210fe594ee9b33d82058545b1ed14f4c8206e,PerceptualSpeedIndex,ebay-kleinanzeigen,True,ebay-kleinanzeigen PerceptualSpeedIndex opt warm webrender,,77,ms,geckoview,,1811560269,2023-12-14 09:15:58,1348457,,,,,,,,,,,,,,,,,,,,,,,,,,,,,,,,,,,,,,,,,,,,,,,,,TN
1149,31a1108bee2768e6f329db2b083b5066b2c83def,0.02580391643198643,autoland,4366813,13,930eca14459531ff5483e56979276f480af08a6a,android-hw-a51-11-0-aarch64-shippable-qr,True,False,,|w|a|r|m| |w|e|b|r|e|n|d|e|r|,102210fe594ee9b33d82058545b1ed14f4c8206e,PerceptualSpeedIndex,ebay-kleinanzeigen,True,ebay-kleinanzeigen PerceptualSpeedIndex opt warm webrender,,77,ms,geckoview,,1811742057,2023-12-14 13:22:59,1348529,,,,,,,,,,,,,,,,,,,,,,,,,,,,,,,,,,,,,,,,,,,,,,,,,TN
1150,44c4e62a38e1a18cd9c3cdc37be672c5b2eccb06,0.02960246250573051,autoland,4366813,13,930eca14459531ff5483e56979276f480af08a6a,android-hw-a51-11-0-aarch64-shippable-qr,True,False,,|w|a|r|m| |w|e|b|r|e|n|d|e|r|,102210fe594ee9b33d82058545b1ed14f4c8206e,PerceptualSpeedIndex,ebay-kleinanzeigen,True,ebay-kleinanzeigen PerceptualSpeedIndex opt warm webrender,,77,ms,geckoview,,1811918249,2023-12-14 15:25:58,1348605,,,,,,,,,,,,,,,,,,,,,,,,,,,,,,,,,,,,,,,,,,,,,,,,,TN
1151,5b5faa47b870a45949438e5959b9ef04204a9bac,0.0528521841639924,autoland,4366813,13,930eca14459531ff5483e56979276f480af08a6a,android-hw-a51-11-0-aarch64-shippable-qr,True,False,,|w|a|r|m| |w|e|b|r|e|n|d|e|r|,102210fe594ee9b33d82058545b1ed14f4c8206e,PerceptualSpeedIndex,ebay-kleinanzeigen,True,ebay-kleinanzeigen PerceptualSpeedIndex opt warm webrender,,77,ms,geckoview,,1812040428,2023-12-14 19:45:40,1348855,,,,,,,,,,,,,,,,,,,,,,,,,,,,,,,,,,,,,,,,,,,,,,,,,TN
1152,04ae3a53d7df39b7ef7380e872889038951a9e63,0.05232824677451042,autoland,4366813,13,930eca14459531ff5483e56979276f480af08a6a,android-hw-a51-11-0-aarch64-shippable-qr,True,False,,|w|a|r|m| |w|e|b|r|e|n|d|e|r|,102210fe594ee9b33d82058545b1ed14f4c8206e,PerceptualSpeedIndex,ebay-kleinanzeigen,True,ebay-kleinanzeigen PerceptualSpeedIndex opt warm webrender,,77,ms,geckoview,,1812202356,2023-12-14 21:45:13,1348957,,,,,,,,,,,,,,,,,,,,,,,,,,,,,,,,,,,,,,,,,,,,,,,,,TN
1153,efffe49c7c1c0f6b54d9f752224880e07e588f36,0.01990962080031433,autoland,4366813,13,930eca14459531ff5483e56979276f480af08a6a,android-hw-a51-11-0-aarch64-shippable-qr,True,False,,|w|a|r|m| |w|e|b|r|e|n|d|e|r|,102210fe594ee9b33d82058545b1ed14f4c8206e,PerceptualSpeedIndex,ebay-kleinanzeigen,True,ebay-kleinanzeigen PerceptualSpeedIndex opt warm webrender,,77,ms,geckoview,,1812298089,2023-12-15 01:58:19,1349130,,,,,,,,,,,,,,,,,,,,,,,,,,,,,,,,,,,,,,,,,,,,,,,,,TN
1154,d3a29d02b3dd8d8cfbfff6fcad00d94226e102e8,0.0242321042635405,autoland,4366813,13,930eca14459531ff5483e56979276f480af08a6a,android-hw-a51-11-0-aarch64-shippable-qr,True,False,,|w|a|r|m| |w|e|b|r|e|n|d|e|r|,102210fe594ee9b33d82058545b1ed14f4c8206e,PerceptualSpeedIndex,ebay-kleinanzeigen,True,ebay-kleinanzeigen PerceptualSpeedIndex opt warm webrender,,77,ms,geckoview,,1812487367,2023-12-15 11:00:39,1349239,,,,,,,,,,,,,,,,,,,,,,,,,,,,,,,,,,,,,,,,,,,,,,,,,TN
1155,8fd04cb03fbd84435d9834d1de340c2f64e013bb,0.02763769729517318,autoland,4366813,13,930eca14459531ff5483e56979276f480af08a6a,android-hw-a51-11-0-aarch64-shippable-qr,True,False,,|w|a|r|m| |w|e|b|r|e|n|d|e|r|,102210fe594ee9b33d82058545b1ed14f4c8206e,PerceptualSpeedIndex,ebay-kleinanzeigen,True,ebay-kleinanzeigen PerceptualSpeedIndex opt warm webrender,,77,ms,geckoview,,1812722331,2023-12-15 15:09:59,1349331,,,,,,,,,,,,,,,,,,,,,,,,,,,,,,,,,,,,,,,,,,,,,,,,,TN
1156,8f1a041ed5a88918a5fe585c89ffabd9450bc0ef,0.01670050428973746,autoland,4366813,13,930eca14459531ff5483e56979276f480af08a6a,android-hw-a51-11-0-aarch64-shippable-qr,True,False,,|w|a|r|m| |w|e|b|r|e|n|d|e|r|,102210fe594ee9b33d82058545b1ed14f4c8206e,PerceptualSpeedIndex,ebay-kleinanzeigen,True,ebay-kleinanzeigen PerceptualSpeedIndex opt warm webrender,,77,ms,geckoview,,1812845895,2023-12-15 20:18:56,1349528,,,,,,,,,,,,,,,,,,,,,,,,,,,,,,,,,,,,,,,,,,,,,,,,,TN
1157,33b0a0fecfd912ef3f540060b5e13f54db31d5cd,0.03634815639531075,autoland,4366813,13,930eca14459531ff5483e56979276f480af08a6a,android-hw-a51-11-0-aarch64-shippable-qr,True,False,,|w|a|r|m| |w|e|b|r|e|n|d|e|r|,102210fe594ee9b33d82058545b1ed14f4c8206e,PerceptualSpeedIndex,ebay-kleinanzeigen,True,ebay-kleinanzeigen PerceptualSpeedIndex opt warm webrender,,77,ms,geckoview,,1813008839,2023-12-16 02:28:17,1349675,,,,,,,,,,,,,,,,,,,,,,,,,,,,,,,,,,,,,,,,,,,,,,,,,TN
1158,6d6d4867b0f48dce26d871d94c5f74f5a8ac6aaf,0.025279979042504452,autoland,4366813,13,930eca14459531ff5483e56979276f480af08a6a,android-hw-a51-11-0-aarch64-shippable-qr,True,False,,|w|a|r|m| |w|e|b|r|e|n|d|e|r|,102210fe594ee9b33d82058545b1ed14f4c8206e,PerceptualSpeedIndex,ebay-kleinanzeigen,True,ebay-kleinanzeigen PerceptualSpeedIndex opt warm webrender,,77,ms,geckoview,,1813168905,2023-12-16 14:03:11,1349726,,,,,,,,,,,,,,,,,,,,,,,,,,,,,,,,,,,,,,,,,,,,,,,,,TN
1159,2d19e1f44e562ba1bb3be1f4b8f95b9884d9b07d,0.02626236164778306,autoland,4366813,13,930eca14459531ff5483e56979276f480af08a6a,android-hw-a51-11-0-aarch64-shippable-qr,True,False,,|w|a|r|m| |w|e|b|r|e|n|d|e|r|,102210fe594ee9b33d82058545b1ed14f4c8206e,PerceptualSpeedIndex,ebay-kleinanzeigen,True,ebay-kleinanzeigen PerceptualSpeedIndex opt warm webrender,,77,ms,geckoview,,1813344579,2023-12-17 06:27:55,1349827,,,,,,,,,,,,,,,,,,,,,,,,,,,,,,,,,,,,,,,,,,,,,,,,,TN
1160,ab5e2f241728caa5dc020e829b1045df55247758,0.03176370423734365,autoland,4366813,13,930eca14459531ff5483e56979276f480af08a6a,android-hw-a51-11-0-aarch64-shippable-qr,True,False,,|w|a|r|m| |w|e|b|r|e|n|d|e|r|,102210fe594ee9b33d82058545b1ed14f4c8206e,PerceptualSpeedIndex,ebay-kleinanzeigen,True,ebay-kleinanzeigen PerceptualSpeedIndex opt warm webrender,,77,ms,geckoview,,1813438415,2023-12-17 14:26:46,1349862,,,,,,,,,,,,,,,,,,,,,,,,,,,,,,,,,,,,,,,,,,,,,,,,,TN
1161,b46057158b0694677a8174089de1cb8929d3116b,0.0330080555373633,autoland,4366813,13,930eca14459531ff5483e56979276f480af08a6a,android-hw-a51-11-0-aarch64-shippable-qr,True,False,,|w|a|r|m| |w|e|b|r|e|n|d|e|r|,102210fe594ee9b33d82058545b1ed14f4c8206e,PerceptualSpeedIndex,ebay-kleinanzeigen,True,ebay-kleinanzeigen PerceptualSpeedIndex opt warm webrender,,77,ms,geckoview,,1813532799,2023-12-18 01:43:16,1349993,,,,,,,,,,,,,,,,,,,,,,,,,,,,,,,,,,,,,,,,,,,,,,,,,TN
1162,1d2ed0b2947385e77bd609220eb0e453b44d4cb3,0.02462505730565201,autoland,4366813,13,930eca14459531ff5483e56979276f480af08a6a,android-hw-a51-11-0-aarch64-shippable-qr,True,False,,|w|a|r|m| |w|e|b|r|e|n|d|e|r|,102210fe594ee9b33d82058545b1ed14f4c8206e,PerceptualSpeedIndex,ebay-kleinanzeigen,True,ebay-kleinanzeigen PerceptualSpeedIndex opt warm webrender,,77,ms,geckoview,,1813564840,2023-12-18 05:48:57,1350028,,,,,,,,,,,,,,,,,,,,,,,,,,,,,,,,,,,,,,,,,,,,,,,,,TN
1163,1f7904968650806af8d68bbc64a717bac22df318,0.0347108520531797,autoland,4366813,13,930eca14459531ff5483e56979276f480af08a6a,android-hw-a51-11-0-aarch64-shippable-qr,True,False,,|w|a|r|m| |w|e|b|r|e|n|d|e|r|,102210fe594ee9b33d82058545b1ed14f4c8206e,PerceptualSpeedIndex,ebay-kleinanzeigen,True,ebay-kleinanzeigen PerceptualSpeedIndex opt warm webrender,,77,ms,geckoview,,1813702694,2023-12-18 10:08:52,1350088,,,,,,,,,,,,,,,,,,,,,,,,,,,,,,,,,,,,,,,,,,,,,,,,,TN
1164,8942476b2dcd0a89abfb3183ea577d611785e77e,0.018927238195035723,autoland,4366813,13,930eca14459531ff5483e56979276f480af08a6a,android-hw-a51-11-0-aarch64-shippable-qr,True,False,,|w|a|r|m| |w|e|b|r|e|n|d|e|r|,102210fe594ee9b33d82058545b1ed14f4c8206e,PerceptualSpeedIndex,ebay-kleinanzeigen,True,ebay-kleinanzeigen PerceptualSpeedIndex opt warm webrender,,77,ms,geckoview,,1813924383,2023-12-18 14:56:17,1350212,,,,,,,,,,,,,,,,,,,,,,,,,,,,,,,,,,,,,,,,,,,,,,,,,TN
1165,e409a860d27d9dbd962eb6568c1700e2aa2716aa,0.016569519942366884,autoland,4366813,13,930eca14459531ff5483e56979276f480af08a6a,android-hw-a51-11-0-aarch64-shippable-qr,True,False,,|w|a|r|m| |w|e|b|r|e|n|d|e|r|,102210fe594ee9b33d82058545b1ed14f4c8206e,PerceptualSpeedIndex,ebay-kleinanzeigen,True,ebay-kleinanzeigen PerceptualSpeedIndex opt warm webrender,,77,ms,geckoview,,1813941241,2023-12-18 15:53:23,1350255,,,,,,,,,,,,,,,,,,,,,,,,,,,,,,,,,,,,,,,,,,,,,,,,,TN
1166,c909d207f316bf0512f63f8262872083353a6ef5,0.02881655642150771,autoland,4366813,13,930eca14459531ff5483e56979276f480af08a6a,android-hw-a51-11-0-aarch64-shippable-qr,True,False,,|w|a|r|m| |w|e|b|r|e|n|d|e|r|,102210fe594ee9b33d82058545b1ed14f4c8206e,PerceptualSpeedIndex,ebay-kleinanzeigen,True,ebay-kleinanzeigen PerceptualSpeedIndex opt warm webrender,,77,ms,geckoview,,1813967024,2023-12-18 18:13:05,1350369,,,,,,,,,,,,,,,,,,,,,,,,,,,,,,,,,,,,,,,,,,,,,,,,,TN
1167,593e78a41c38b062baab03b6280366f86d0d233c,0.024559565131966776,autoland,4366813,13,930eca14459531ff5483e56979276f480af08a6a,android-hw-a51-11-0-aarch64-shippable-qr,True,False,,|w|a|r|m| |w|e|b|r|e|n|d|e|r|,102210fe594ee9b33d82058545b1ed14f4c8206e,PerceptualSpeedIndex,ebay-kleinanzeigen,True,ebay-kleinanzeigen PerceptualSpeedIndex opt warm webrender,,77,ms,geckoview,,1814005779,2023-12-18 20:47:25,1350523,,,,,,,,,,,,,,,,,,,,,,,,,,,,,,,,,,,,,,,,,,,,,,,,,TN
1168,4bc62630a431fca569dfb1add5eee214dcdd091c,0.02187438601087177,autoland,4366813,13,930eca14459531ff5483e56979276f480af08a6a,android-hw-a51-11-0-aarch64-shippable-qr,True,False,,|w|a|r|m| |w|e|b|r|e|n|d|e|r|,102210fe594ee9b33d82058545b1ed14f4c8206e,PerceptualSpeedIndex,ebay-kleinanzeigen,True,ebay-kleinanzeigen PerceptualSpeedIndex opt warm webrender,,77,ms,geckoview,,1814090390,2023-12-19 00:56:17,1350695,,,,,,,,,,,,,,,,,,,,,,,,,,,,,,,,,,,,,,,,,,,,,,,,,TN
1169,7e32f178b02fef938f803492c4bfd6d897ffcb21,0.033073547711048534,autoland,4366813,13,930eca14459531ff5483e56979276f480af08a6a,android-hw-a51-11-0-aarch64-shippable-qr,True,False,,|w|a|r|m| |w|e|b|r|e|n|d|e|r|,102210fe594ee9b33d82058545b1ed14f4c8206e,PerceptualSpeedIndex,ebay-kleinanzeigen,True,ebay-kleinanzeigen PerceptualSpeedIndex opt warm webrender,,77,ms,geckoview,,1814110238,2023-12-19 02:00:57,1350710,,,,,,,,,,,,,,,,,,,,,,,,,,,,,,,,,,,,,,,,,,,,,,,,,TN
1170,05b607c3bbe6ca02e9133ecb969e033fd3d7959e,0.027965158163599457,autoland,4366813,13,930eca14459531ff5483e56979276f480af08a6a,android-hw-a51-11-0-aarch64-shippable-qr,True,False,,|w|a|r|m| |w|e|b|r|e|n|d|e|r|,102210fe594ee9b33d82058545b1ed14f4c8206e,PerceptualSpeedIndex,ebay-kleinanzeigen,True,ebay-kleinanzeigen PerceptualSpeedIndex opt warm webrender,,77,ms,geckoview,,1814197148,2023-12-19 06:19:40,1350758,,,,,,,,,,,,,,,,,,,,,,,,,,,,,,,,,,,,,,,,,,,,,,,,,TN
1171,8efb8cc3558006677c6d18fcf41c3445498e257c,0.06555766585892986,autoland,4366813,13,930eca14459531ff5483e56979276f480af08a6a,android-hw-a51-11-0-aarch64-shippable-qr,True,False,,|w|a|r|m| |w|e|b|r|e|n|d|e|r|,102210fe594ee9b33d82058545b1ed14f4c8206e,PerceptualSpeedIndex,ebay-kleinanzeigen,True,ebay-kleinanzeigen PerceptualSpeedIndex opt warm webrender,,77,ms,geckoview,,1814296794,2023-12-19 10:31:52,1350823,,,,,,,,,,,,,,,,,,,,,,,,,,,,,,,,,,,,,,,,,,,,,,,,,TN
1172,e382d15d709c00d2fc941c2d6e9344b826246c27,0.06896325889056254,autoland,4366813,13,930eca14459531ff5483e56979276f480af08a6a,android-hw-a51-11-0-aarch64-shippable-qr,True,False,,|w|a|r|m| |w|e|b|r|e|n|d|e|r|,102210fe594ee9b33d82058545b1ed14f4c8206e,PerceptualSpeedIndex,ebay-kleinanzeigen,True,ebay-kleinanzeigen PerceptualSpeedIndex opt warm webrender,,77,ms,geckoview,,1814319779,2023-12-19 10:59:27,1350835,,,,,,,,,,,,,,,,,,,,,,,,,,,,,,,,,,,,,,,,,,,,,,,,,TN
1173,58a9c7e82a58e7e951a669f0634901963c5ed696,0.0244285807845962,autoland,4366813,13,930eca14459531ff5483e56979276f480af08a6a,android-hw-a51-11-0-aarch64-shippable-qr,True,False,,|w|a|r|m| |w|e|b|r|e|n|d|e|r|,102210fe594ee9b33d82058545b1ed14f4c8206e,PerceptualSpeedIndex,ebay-kleinanzeigen,True,ebay-kleinanzeigen PerceptualSpeedIndex opt warm webrender,,77,ms,geckoview,,1814548970,2023-12-19 15:05:00,1350969,,,,,,,,,,,,,,,,,,,,,,,,,,,,,,,,,,,,,,,,,,,,,,,,,TN
1174,ffd610f5a3bc262042d0839f354a1cf0cc9d5dff,0.02108847992664875,autoland,4366813,13,930eca14459531ff5483e56979276f480af08a6a,android-hw-a51-11-0-aarch64-shippable-qr,True,False,,|w|a|r|m| |w|e|b|r|e|n|d|e|r|,102210fe594ee9b33d82058545b1ed14f4c8206e,PerceptualSpeedIndex,ebay-kleinanzeigen,True,ebay-kleinanzeigen PerceptualSpeedIndex opt warm webrender,,77,ms,geckoview,,1814566283,2023-12-19 15:55:04,1351025,,,,,,,,,,,,,,,,,,,,,,,,,,,,,,,,,,,,,,,,,,,,,,,,,TN
1175,b50326daf412a23a363c8ca18b03b1dcede121ff,0.024559565131966776,autoland,4366813,13,930eca14459531ff5483e56979276f480af08a6a,android-hw-a51-11-0-aarch64-shippable-qr,True,False,,|w|a|r|m| |w|e|b|r|e|n|d|e|r|,102210fe594ee9b33d82058545b1ed14f4c8206e,PerceptualSpeedIndex,ebay-kleinanzeigen,True,ebay-kleinanzeigen PerceptualSpeedIndex opt warm webrender,,77,ms,geckoview,,1814647522,2023-12-19 20:21:31,1351238,,,,,,,,,,,,,,,,,,,,,,,,,,,,,,,,,,,,,,,,,,,,,,,,,TN
1176,31eaa2b1cf1b61e0b8868c53cf6bdbfc14805942,0.02501801034776341,autoland,4366813,13,930eca14459531ff5483e56979276f480af08a6a,android-hw-a51-11-0-aarch64-shippable-qr,True,False,,|w|a|r|m| |w|e|b|r|e|n|d|e|r|,102210fe594ee9b33d82058545b1ed14f4c8206e,PerceptualSpeedIndex,ebay-kleinanzeigen,True,ebay-kleinanzeigen PerceptualSpeedIndex opt warm webrender,,77,ms,geckoview,,1814686230,2023-12-19 21:18:40,1351276,,,,,,,,,,,,,,,,,,,,,,,,,,,,,,,,,,,,,,,,,,,,,,,,,TN
1177,9ac6d461916454c17cd8c7dfc7f73401ef3da12a,0.026917283384635504,autoland,4366813,13,930eca14459531ff5483e56979276f480af08a6a,android-hw-a51-11-0-aarch64-shippable-qr,True,False,,|w|a|r|m| |w|e|b|r|e|n|d|e|r|,102210fe594ee9b33d82058545b1ed14f4c8206e,PerceptualSpeedIndex,ebay-kleinanzeigen,True,ebay-kleinanzeigen PerceptualSpeedIndex opt warm webrender,,77,ms,geckoview,,1814849541,2023-12-20 02:06:01,1351432,,,,,,,,,,,,,,,,,,,,,,,,,,,,,,,,,,,,,,,,,,,,,,,,,TN
1178,e3bf6261f6fc31e78c716c97399a60f6f575ebcd,0.03916431986377633,autoland,4366813,13,930eca14459531ff5483e56979276f480af08a6a,android-hw-a51-11-0-aarch64-shippable-qr,True,False,,|w|a|r|m| |w|e|b|r|e|n|d|e|r|,102210fe594ee9b33d82058545b1ed14f4c8206e,PerceptualSpeedIndex,ebay-kleinanzeigen,True,ebay-kleinanzeigen PerceptualSpeedIndex opt warm webrender,,77,ms,geckoview,,1814938594,2023-12-20 04:26:18,1351473,,,,,,,,,,,,,,,,,,,,,,,,,,,,,,,,,,,,,,,,,,,,,,,,,TN
1179,4d6eabdc6228d414c7043c4fabdddfd95a3afb0e,0.021546925142445494,autoland,4366813,13,930eca14459531ff5483e56979276f480af08a6a,android-hw-a51-11-0-aarch64-shippable-qr,True,False,,|w|a|r|m| |w|e|b|r|e|n|d|e|r|,102210fe594ee9b33d82058545b1ed14f4c8206e,PerceptualSpeedIndex,ebay-kleinanzeigen,True,ebay-kleinanzeigen PerceptualSpeedIndex opt warm webrender,,77,ms,geckoview,,1815052599,2023-12-20 09:15:46,1351517,,,,,,,,,,,,,,,,,,,,,,,,,,,,,,,,,,,,,,,,,,,,,,,,,TN
1180,97f2e0f6b821072bc498a3bc7921831eb6d10d38,0.030322876416268296,autoland,4366813,13,930eca14459531ff5483e56979276f480af08a6a,android-hw-a51-11-0-aarch64-shippable-qr,True,False,,|w|a|r|m| |w|e|b|r|e|n|d|e|r|,102210fe594ee9b33d82058545b1ed14f4c8206e,PerceptualSpeedIndex,ebay-kleinanzeigen,True,ebay-kleinanzeigen PerceptualSpeedIndex opt warm webrender,,77,ms,geckoview,,1815167939,2023-12-20 13:10:00,1351639,,,,,,,,,,,,,,,,,,,,,,,,,,,,,,,,,,,,,,,,,,,,,,,,,TN
1181,c12f6936509f05b3caad77d4cb4b783a38761897,0.027899665989914224,autoland,4366813,13,930eca14459531ff5483e56979276f480af08a6a,android-hw-a51-11-0-aarch64-shippable-qr,True,False,,|w|a|r|m| |w|e|b|r|e|n|d|e|r|,102210fe594ee9b33d82058545b1ed14f4c8206e,PerceptualSpeedIndex,ebay-kleinanzeigen,True,ebay-kleinanzeigen PerceptualSpeedIndex opt warm webrender,,77,ms,geckoview,,1815324544,2023-12-20 17:43:19,1351821,,,,,,,,,,,,,,,,,,,,,,,,,,,,,,,,,,,,,,,,,,,,,,,,,TN
1182,aa4d4fecaf969d49a7ecf2568e3dda25cd2a7f1d,0.03196018075839935,autoland,4366813,13,930eca14459531ff5483e56979276f480af08a6a,android-hw-a51-11-0-aarch64-shippable-qr,True,False,,|w|a|r|m| |w|e|b|r|e|n|d|e|r|,102210fe594ee9b33d82058545b1ed14f4c8206e,PerceptualSpeedIndex,ebay-kleinanzeigen,True,ebay-kleinanzeigen PerceptualSpeedIndex opt warm webrender,,77,ms,geckoview,,1815434973,2023-12-20 21:55:32,1352017,,,,,,,,,,,,,,,,,,,,,,,,,,,,,,,,,,,,,,,,,,,,,,,,,TN
1183,dfc7e32798343d88b72708bf68fc966d1e088330,0.033073547711048534,autoland,4366813,13,930eca14459531ff5483e56979276f480af08a6a,android-hw-a51-11-0-aarch64-shippable-qr,True,False,,|w|a|r|m| |w|e|b|r|e|n|d|e|r|,102210fe594ee9b33d82058545b1ed14f4c8206e,PerceptualSpeedIndex,ebay-kleinanzeigen,True,ebay-kleinanzeigen PerceptualSpeedIndex opt warm webrender,,77,ms,geckoview,,1815498730,2023-12-20 21:58:53,1352020,,,,,,,,,,,,,,,,,,,,,,,,,,,,,,,,,,,,,,,,,,,,,,,,,TN
1184,37657c7691664026e54babf7d1cf608fe58a92fb,0.01728993385290456,autoland,4366813,13,930eca14459531ff5483e56979276f480af08a6a,android-hw-a51-11-0-aarch64-shippable-qr,True,False,,|w|a|r|m| |w|e|b|r|e|n|d|e|r|,102210fe594ee9b33d82058545b1ed14f4c8206e,PerceptualSpeedIndex,ebay-kleinanzeigen,True,ebay-kleinanzeigen PerceptualSpeedIndex opt warm webrender,,77,ms,geckoview,,1815587340,2023-12-21 03:06:09,1352135,,,,,,,,,,,,,,,,,,,,,,,,,,,,,,,,,,,,,,,,,,,,,,,,,TN
1185,2339ef37f5863c45acf6280581ec0994b40f11d5,0.0242321042635405,autoland,4366813,13,930eca14459531ff5483e56979276f480af08a6a,android-hw-a51-11-0-aarch64-shippable-qr,True,False,,|w|a|r|m| |w|e|b|r|e|n|d|e|r|,102210fe594ee9b33d82058545b1ed14f4c8206e,PerceptualSpeedIndex,ebay-kleinanzeigen,True,ebay-kleinanzeigen PerceptualSpeedIndex opt warm webrender,,77,ms,geckoview,,1815659536,2023-12-21 06:56:11,1352164,,,,,,,,,,,,,,,,,,,,,,,,,,,,,,,,,,,,,,,,,,,,,,,,,TN
1186,5e551f2bacc3d6a8294dcb0273e8299cf7a17e2d,0.026720806863579805,autoland,4366813,13,930eca14459531ff5483e56979276f480af08a6a,android-hw-a51-11-0-aarch64-shippable-qr,True,False,,|w|a|r|m| |w|e|b|r|e|n|d|e|r|,102210fe594ee9b33d82058545b1ed14f4c8206e,PerceptualSpeedIndex,ebay-kleinanzeigen,True,ebay-kleinanzeigen PerceptualSpeedIndex opt warm webrender,,77,ms,geckoview,,1815777302,2023-12-21 11:39:11,1352265,,,,,,,,,,,,,,,,,,,,,,,,,,,,,,,,,,,,,,,,,,,,,,,,,TN
1187,8b474eeffbe09d0e5e30675fa595293863b0db34,0.039229812037461564,autoland,4366813,13,930eca14459531ff5483e56979276f480af08a6a,android-hw-a51-11-0-aarch64-shippable-qr,True,False,,|w|a|r|m| |w|e|b|r|e|n|d|e|r|,102210fe594ee9b33d82058545b1ed14f4c8206e,PerceptualSpeedIndex,ebay-kleinanzeigen,True,ebay-kleinanzeigen PerceptualSpeedIndex opt warm webrender,,77,ms,geckoview,,1815858896,2023-12-21 13:05:54,1352315,,,,,,,,,,,,,,,,,,,,,,,,,,,,,,,,,,,,,,,,,,,,,,,,,TN
1188,e685307ecb90f0e91ef9f3781b3614b7308384b9,0.016176566900255374,autoland,4366813,13,930eca14459531ff5483e56979276f480af08a6a,android-hw-a51-11-0-aarch64-shippable-qr,True,False,,|w|a|r|m| |w|e|b|r|e|n|d|e|r|,102210fe594ee9b33d82058545b1ed14f4c8206e,PerceptualSpeedIndex,ebay-kleinanzeigen,True,ebay-kleinanzeigen PerceptualSpeedIndex opt warm webrender,,77,ms,geckoview,,1816044343,2023-12-21 18:00:27,1352454,,,,,,,,,,,,,,,,,,,,,,,,,,,,,,,,,,,,,,,,,,,,,,,,,TN
1189,14c89fd054c7ac54bac01a4fcb619d5dff3cc6ef,0.024887026000392942,autoland,4366813,13,930eca14459531ff5483e56979276f480af08a6a,android-hw-a51-11-0-aarch64-shippable-qr,True,False,,|w|a|r|m| |w|e|b|r|e|n|d|e|r|,102210fe594ee9b33d82058545b1ed14f4c8206e,PerceptualSpeedIndex,ebay-kleinanzeigen,True,ebay-kleinanzeigen PerceptualSpeedIndex opt warm webrender,,77,ms,geckoview,,1816058151,2023-12-21 18:17:05,1352468,,,,,,,,,,,,,,,,,,,,,,,,,,,,,,,,,,,,,,,,,,,,,,,,,TN
1190,e20257bfa3ef6e394b6669c19aa1a165ee73fefa,0.03896784334272063,autoland,4366813,13,930eca14459531ff5483e56979276f480af08a6a,android-hw-a51-11-0-aarch64-shippable-qr,True,False,,|w|a|r|m| |w|e|b|r|e|n|d|e|r|,102210fe594ee9b33d82058545b1ed14f4c8206e,PerceptualSpeedIndex,ebay-kleinanzeigen,True,ebay-kleinanzeigen PerceptualSpeedIndex opt warm webrender,,77,ms,geckoview,,1816152983,2023-12-21 22:08:07,1352650,,,,,,,,,,,,,,,,,,,,,,,,,,,,,,,,,,,,,,,,,,,,,,,,,TN
1191,6814c9419790a8ee7c93cac282a82a11d93d16ba,0.022987752963520847,autoland,4366813,13,930eca14459531ff5483e56979276f480af08a6a,android-hw-a51-11-0-aarch64-shippable-qr,True,False,,|w|a|r|m| |w|e|b|r|e|n|d|e|r|,102210fe594ee9b33d82058545b1ed14f4c8206e,PerceptualSpeedIndex,ebay-kleinanzeigen,True,ebay-kleinanzeigen PerceptualSpeedIndex opt warm webrender,,77,ms,geckoview,,1816264556,2023-12-22 08:16:59,1352807,,,,,,,,,,,,,,,,,,,,,,,,,,,,,,,,,,,,,,,,,,,,,,,,,TN
1192,3189af86c93aef59c4fc9363b40f92eb4ef0358f,0.035693234658458306,autoland,4366813,13,930eca14459531ff5483e56979276f480af08a6a,android-hw-a51-11-0-aarch64-shippable-qr,True,False,,|w|a|r|m| |w|e|b|r|e|n|d|e|r|,102210fe594ee9b33d82058545b1ed14f4c8206e,PerceptualSpeedIndex,ebay-kleinanzeigen,True,ebay-kleinanzeigen PerceptualSpeedIndex opt warm webrender,,77,ms,geckoview,,1816351640,2023-12-22 13:33:45,1352859,,,,,,,,,,,,,,,,,,,,,,,,,,,,,,,,,,,,,,,,,,,,,,,,,TN
1193,8cd1fc9da2b45034679cc880c08d91e84d8e9516,0.01748641037396026,autoland,4366813,13,930eca14459531ff5483e56979276f480af08a6a,android-hw-a51-11-0-aarch64-shippable-qr,True,False,,|w|a|r|m| |w|e|b|r|e|n|d|e|r|,102210fe594ee9b33d82058545b1ed14f4c8206e,PerceptualSpeedIndex,ebay-kleinanzeigen,True,ebay-kleinanzeigen PerceptualSpeedIndex opt warm webrender,,77,ms,geckoview,,1816447124,2023-12-22 13:41:08,1352862,,,,,,,,,,,,,,,,,,,,,,,,,,,,,,,,,,,,,,,,,,,,,,,,,TN
1194,ac9f813bbc0f39b5e52be4229972795f2ca6309b,0.028489095553081434,autoland,4366813,13,930eca14459531ff5483e56979276f480af08a6a,android-hw-a51-11-0-aarch64-shippable-qr,True,False,,|w|a|r|m| |w|e|b|r|e|n|d|e|r|,102210fe594ee9b33d82058545b1ed14f4c8206e,PerceptualSpeedIndex,ebay-kleinanzeigen,True,ebay-kleinanzeigen PerceptualSpeedIndex opt warm webrender,,77,ms,geckoview,,1816517312,2023-12-22 19:27:05,1353028,,,,,,,,,,,,,,,,,,,,,,,,,,,,,,,,,,,,,,,,,,,,,,,,,TN
1195,58581f618255e51b846d0792b6abc3e5c2c67d51,0.030060907721527252,autoland,4366813,13,930eca14459531ff5483e56979276f480af08a6a,android-hw-a51-11-0-aarch64-shippable-qr,True,False,,|w|a|r|m| |w|e|b|r|e|n|d|e|r|,102210fe594ee9b33d82058545b1ed14f4c8206e,PerceptualSpeedIndex,ebay-kleinanzeigen,True,ebay-kleinanzeigen PerceptualSpeedIndex opt warm webrender,,77,ms,geckoview,,1816592015,2023-12-23 00:08:27,1353154,,,,,,,,,,,,,,,,,,,,,,,,,,,,,,,,,,,,,,,,,,,,,,,,,TN
1196,8b92fb4e3f41d856629818bd2ecfc25bed23a643,0.022529307747724214,autoland,4366813,13,930eca14459531ff5483e56979276f480af08a6a,android-hw-a51-11-0-aarch64-shippable-qr,True,False,,|w|a|r|m| |w|e|b|r|e|n|d|e|r|,102210fe594ee9b33d82058545b1ed14f4c8206e,PerceptualSpeedIndex,ebay-kleinanzeigen,True,ebay-kleinanzeigen PerceptualSpeedIndex opt warm webrender,,77,ms,geckoview,,1816645458,2023-12-23 05:47:03,1353193,,,,,,,,,,,,,,,,,,,,,,,,,,,,,,,,,,,,,,,,,,,,,,,,,TN
1197,6f7de1b98becd7269380a213d3eff367b81efe72,0.021546925142445494,autoland,4366813,13,930eca14459531ff5483e56979276f480af08a6a,android-hw-a51-11-0-aarch64-shippable-qr,True,False,,|w|a|r|m| |w|e|b|r|e|n|d|e|r|,102210fe594ee9b33d82058545b1ed14f4c8206e,PerceptualSpeedIndex,ebay-kleinanzeigen,True,ebay-kleinanzeigen PerceptualSpeedIndex opt warm webrender,,77,ms,geckoview,,1816676479,2023-12-23 08:44:57,1353213,,,,,,,,,,,,,,,,,,,,,,,,,,,,,,,,,,,,,,,,,,,,,,,,,TN
1198,e6f85355d2f352d6bc64a11372bc8efc1ced07b8,0.03058484511100923,autoland,4366813,13,930eca14459531ff5483e56979276f480af08a6a,android-hw-a51-11-0-aarch64-shippable-qr,True,False,,|w|a|r|m| |w|e|b|r|e|n|d|e|r|,102210fe594ee9b33d82058545b1ed14f4c8206e,PerceptualSpeedIndex,ebay-kleinanzeigen,True,ebay-kleinanzeigen PerceptualSpeedIndex opt warm webrender,,77,ms,geckoview,,1816776148,2023-12-23 15:53:06,1353251,,,,,,,,,,,,,,,,,,,,,,,,,,,,,,,,,,,,,,,,,,,,,,,,,TN
1199,0f896a4a54629904c55cc5e18aa1f6e387c9a697,0.02803065033728469,autoland,4366813,13,930eca14459531ff5483e56979276f480af08a6a,android-hw-a51-11-0-aarch64-shippable-qr,True,False,,|w|a|r|m| |w|e|b|r|e|n|d|e|r|,102210fe594ee9b33d82058545b1ed14f4c8206e,PerceptualSpeedIndex,ebay-kleinanzeigen,True,ebay-kleinanzeigen PerceptualSpeedIndex opt warm webrender,,77,ms,geckoview,,1816844358,2023-12-24 06:04:04,1353282,,,,,,,,,,,,,,,,,,,,,,,,,,,,,,,,,,,,,,,,,,,,,,,,,TN
1200,a15215077df33152e936203ec411ea07343a3f36,0.019778636452943865,autoland,4366813,13,930eca14459531ff5483e56979276f480af08a6a,android-hw-a51-11-0-aarch64-shippable-qr,True,False,,|w|a|r|m| |w|e|b|r|e|n|d|e|r|,102210fe594ee9b33d82058545b1ed14f4c8206e,PerceptualSpeedIndex,ebay-kleinanzeigen,True,ebay-kleinanzeigen PerceptualSpeedIndex opt warm webrender,,77,ms,geckoview,,1816924638,2023-12-24 13:46:59,1353302,,,,,,,,,,,,,,,,,,,,,,,,,,,,,,,,,,,,,,,,,,,,,,,,,TN
1201,65471d13c8aaa5b3c5aa872ca12360b7f26ad6e0,0.026720806863579805,autoland,4366813,13,930eca14459531ff5483e56979276f480af08a6a,android-hw-a51-11-0-aarch64-shippable-qr,True,False,,|w|a|r|m| |w|e|b|r|e|n|d|e|r|,102210fe594ee9b33d82058545b1ed14f4c8206e,PerceptualSpeedIndex,ebay-kleinanzeigen,True,ebay-kleinanzeigen PerceptualSpeedIndex opt warm webrender,,77,ms,geckoview,,1816973958,2023-12-24 18:13:48,1353317,,,,,,,,,,,,,,,,,,,,,,,,,,,,,,,,,,,,,,,,,,,,,,,,,TN
1202,29784c387017c900dc842f070d5cd88464dfc494,0.030060907721527252,autoland,4366813,13,930eca14459531ff5483e56979276f480af08a6a,android-hw-a51-11-0-aarch64-shippable-qr,True,False,,|w|a|r|m| |w|e|b|r|e|n|d|e|r|,102210fe594ee9b33d82058545b1ed14f4c8206e,PerceptualSpeedIndex,ebay-kleinanzeigen,True,ebay-kleinanzeigen PerceptualSpeedIndex opt warm webrender,,77,ms,geckoview,,1817040733,2023-12-25 01:21:58,1353335,,,,,,,,,,,,,,,,,,,,,,,,,,,,,,,,,,,,,,,,,,,,,,,,,TN
1203,f69f493b2f3cde5ef4b46b9675cfd4708287666e,0.025869408605671662,autoland,4366813,13,930eca14459531ff5483e56979276f480af08a6a,android-hw-a51-11-0-aarch64-shippable-qr,True,False,,|w|a|r|m| |w|e|b|r|e|n|d|e|r|,102210fe594ee9b33d82058545b1ed14f4c8206e,PerceptualSpeedIndex,ebay-kleinanzeigen,True,ebay-kleinanzeigen PerceptualSpeedIndex opt warm webrender,,77,ms,geckoview,,1817084328,2023-12-25 05:53:22,1353343,,,,,,,,,,,,,,,,,,,,,,,,,,,,,,,,,,,,,,,,,,,,,,,,,TN
1204,b9600c5aa59e300200656691d1f1997593caafbd,0.020957495579278285,autoland,4366813,13,930eca14459531ff5483e56979276f480af08a6a,android-hw-a51-11-0-aarch64-shippable-qr,True,False,,|w|a|r|m| |w|e|b|r|e|n|d|e|r|,102210fe594ee9b33d82058545b1ed14f4c8206e,PerceptualSpeedIndex,ebay-kleinanzeigen,True,ebay-kleinanzeigen PerceptualSpeedIndex opt warm webrender,,77,ms,geckoview,,1817171940,2023-12-25 12:57:04,1353372,,,,,,,,,,,,,,,,,,,,,,,,,,,,,,,,,,,,,,,,,,,,,,,,,TN
1205,fdd85a789550f85e20e7b7128f2b3316cbc76640,0.024952518174078175,autoland,4366813,13,930eca14459531ff5483e56979276f480af08a6a,android-hw-a51-11-0-aarch64-shippable-qr,True,False,,|w|a|r|m| |w|e|b|r|e|n|d|e|r|,102210fe594ee9b33d82058545b1ed14f4c8206e,PerceptualSpeedIndex,ebay-kleinanzeigen,True,ebay-kleinanzeigen PerceptualSpeedIndex opt warm webrender,,77,ms,geckoview,,1817198193,2023-12-25 17:10:06,1353386,,,,,,,,,,,,,,,,,,,,,,,,,,,,,,,,,,,,,,,,,,,,,,,,,TN
1206,ba6abbd36b496501cea141e17b61af674a18e279,0.03261510249525179,autoland,4366813,13,930eca14459531ff5483e56979276f480af08a6a,android-hw-a51-11-0-aarch64-shippable-qr,True,False,,|w|a|r|m| |w|e|b|r|e|n|d|e|r|,102210fe594ee9b33d82058545b1ed14f4c8206e,PerceptualSpeedIndex,ebay-kleinanzeigen,True,ebay-kleinanzeigen PerceptualSpeedIndex opt warm webrender,,77,ms,geckoview,,1817237841,2023-12-25 21:32:12,1353402,,,,,,,,,,,,,,,,,,,,,,,,,,,,,,,,,,,,,,,,,,,,,,,,,TN
1207,280c0b4dd9140984e6177c89f5858ceac6ae0107,0.027768681642543758,autoland,4366813,13,930eca14459531ff5483e56979276f480af08a6a,android-hw-a51-11-0-aarch64-shippable-qr,True,False,,|w|a|r|m| |w|e|b|r|e|n|d|e|r|,102210fe594ee9b33d82058545b1ed14f4c8206e,PerceptualSpeedIndex,ebay-kleinanzeigen,True,ebay-kleinanzeigen PerceptualSpeedIndex opt warm webrender,,77,ms,geckoview,441391451.0,1817303613,2023-12-26 03:31:03,1353431,,,,,,,,,,,,,,,,,,,,,,,,,,,,,,,,,,,,,,,,,,,,,,,,,TN
1208,7503b1d6a430d23303b6ec356b3388951a1eca83,0.02724474425306178,autoland,4366813,13,930eca14459531ff5483e56979276f480af08a6a,android-hw-a51-11-0-aarch64-shippable-qr,True,False,,|w|a|r|m| |w|e|b|r|e|n|d|e|r|,102210fe594ee9b33d82058545b1ed14f4c8206e,PerceptualSpeedIndex,ebay-kleinanzeigen,True,ebay-kleinanzeigen PerceptualSpeedIndex opt warm webrender,,77,ms,geckoview,441397457.0,1817367912,2023-12-26 07:50:55,1353461,,,,,,,,,,,,,,,,,,,,,,,,,,,,,,,,,,,,,,,,,,,,,,,,,TN
1209,807f04c86e5d02f04afa662ade3d505a80a4f660,0.019582159931888166,autoland,4366813,13,930eca14459531ff5483e56979276f480af08a6a,android-hw-a51-11-0-aarch64-shippable-qr,True,False,,|w|a|r|m| |w|e|b|r|e|n|d|e|r|,102210fe594ee9b33d82058545b1ed14f4c8206e,PerceptualSpeedIndex,ebay-kleinanzeigen,True,ebay-kleinanzeigen PerceptualSpeedIndex opt warm webrender,,77,ms,geckoview,441423337.0,1817460674,2023-12-26 11:52:29,1353488,,,,,,,,,,,,,,,,,,,,,,,,,,,,,,,,,,,,,,,,,,,,,,,,,TN
1210,6d9a0abd0a3c26f4337aff723c15795fe91fe884,0.0284236033793962,autoland,4366813,13,930eca14459531ff5483e56979276f480af08a6a,android-hw-a51-11-0-aarch64-shippable-qr,True,False,,|w|a|r|m| |w|e|b|r|e|n|d|e|r|,102210fe594ee9b33d82058545b1ed14f4c8206e,PerceptualSpeedIndex,ebay-kleinanzeigen,True,ebay-kleinanzeigen PerceptualSpeedIndex opt warm webrender,,77,ms,geckoview,441451466.0,1817550750,2023-12-27 02:56:18,1353555,,,,,,,,,,,,,,,,,,,,,,,,,,,,,,,,,,,,,,,,,,,,,,,,,TN
1211,856e86584c4c811f064f93e2b734dd374c787eaf,0.06712947802737579,autoland,4366813,13,930eca14459531ff5483e56979276f480af08a6a,android-hw-a51-11-0-aarch64-shippable-qr,True,False,,|w|a|r|m| |w|e|b|r|e|n|d|e|r|,102210fe594ee9b33d82058545b1ed14f4c8206e,PerceptualSpeedIndex,ebay-kleinanzeigen,True,ebay-kleinanzeigen PerceptualSpeedIndex opt warm webrender,,77,ms,geckoview,441493024.0,1817773704,2023-12-27 14:58:54,1353654,,,,,,,,,,,,,,,,,,,,,,,,,,,,,,,,,,,,,,,,,,,,,,,,,TN
1212,97a27d8a860d5bd8ab2962d2f0e5e376287e527c,0.025148994695133986,autoland,4366813,13,930eca14459531ff5483e56979276f480af08a6a,android-hw-a51-11-0-aarch64-shippable-qr,True,False,,|w|a|r|m| |w|e|b|r|e|n|d|e|r|,102210fe594ee9b33d82058545b1ed14f4c8206e,PerceptualSpeedIndex,ebay-kleinanzeigen,True,ebay-kleinanzeigen PerceptualSpeedIndex opt warm webrender,,77,ms,geckoview,441507427.0,1817823613,2023-12-27 20:22:55,1353722,,,,,,,,,,,,,,,,,,,,,,,,,,,,,,,,,,,,,,,,,,,,,,,,,TN
1213,00fe06571a66e6773ca7801e6747493299cf4bda,0.029929923374156786,autoland,4366813,13,930eca14459531ff5483e56979276f480af08a6a,android-hw-a51-11-0-aarch64-shippable-qr,True,False,,|w|a|r|m| |w|e|b|r|e|n|d|e|r|,102210fe594ee9b33d82058545b1ed14f4c8206e,PerceptualSpeedIndex,ebay-kleinanzeigen,True,ebay-kleinanzeigen PerceptualSpeedIndex opt warm webrender,,77,ms,geckoview,441527808.0,1817905073,2023-12-28 01:36:38,1353793,,,,,,,,,,,,,,,,,,,,,,,,,,,,,,,,,,,,,,,,,,,,,,,,,TN
1214,10aa7423789835a7dbd24b0b44ad1ae2ad77b59b,0.022529307747724214,autoland,4366813,13,930eca14459531ff5483e56979276f480af08a6a,android-hw-a51-11-0-aarch64-shippable-qr,True,False,,|w|a|r|m| |w|e|b|r|e|n|d|e|r|,102210fe594ee9b33d82058545b1ed14f4c8206e,PerceptualSpeedIndex,ebay-kleinanzeigen,True,ebay-kleinanzeigen PerceptualSpeedIndex opt warm webrender,,77,ms,geckoview,441553190.0,1818017218,2023-12-28 13:32:35,1353834,,,,,,,,,,,,,,,,,,,,,,,,,,,,,,,,,,,,,,,,,,,,,,,,,TN
1215,659e4e8345823ce8331b67df6c3865b76063e2c2,0.9806143165891678,autoland,4366813,13,930eca14459531ff5483e56979276f480af08a6a,android-hw-a51-11-0-aarch64-shippable-qr,True,False,,|w|a|r|m| |w|e|b|r|e|n|d|e|r|,102210fe594ee9b33d82058545b1ed14f4c8206e,PerceptualSpeedIndex,ebay-kleinanzeigen,True,ebay-kleinanzeigen PerceptualSpeedIndex opt warm webrender,,77,ms,geckoview,441573769.0,1818170748,2023-12-28 17:48:27,1353939,,,,,,,,,,,,,,,,,,,,,,,,,,,,,,,,,,,,,,,,,,,,,,,,,TN
1216,0bd8678e10b6f0eb1d7e16cfe010ca8856e2bfcc,0.0375925076953304,autoland,4366813,13,930eca14459531ff5483e56979276f480af08a6a,android-hw-a51-11-0-aarch64-shippable-qr,True,False,,|w|a|r|m| |w|e|b|r|e|n|d|e|r|,102210fe594ee9b33d82058545b1ed14f4c8206e,PerceptualSpeedIndex,ebay-kleinanzeigen,True,ebay-kleinanzeigen PerceptualSpeedIndex opt warm webrender,,77,ms,geckoview,441601385.0,1818272675,2023-12-28 23:04:44,1354003,,,,,,,,,,,,,,,,,,,,,,,,,,,,,,,,,,,,,,,,,,,,,,,,,TN
1217,25b973ec90316da3daa35b031e4a4e089d70443a,0.0434868033270025,autoland,4366813,13,930eca14459531ff5483e56979276f480af08a6a,android-hw-a51-11-0-aarch64-shippable-qr,True,False,,|w|a|r|m| |w|e|b|r|e|n|d|e|r|,102210fe594ee9b33d82058545b1ed14f4c8206e,PerceptualSpeedIndex,ebay-kleinanzeigen,True,ebay-kleinanzeigen PerceptualSpeedIndex opt warm webrender,,77,ms,geckoview,441615564.0,1818358994,2023-12-29 05:51:26,1354078,,,,,,,,,,,,,,,,,,,,,,,,,,,,,,,,,,,,,,,,,,,,,,,,,TN
1218,4d00abb11b573ff386a9f02816ff81f2030e6dfe,0.024101119916170033,autoland,4366813,13,930eca14459531ff5483e56979276f480af08a6a,android-hw-a51-11-0-aarch64-shippable-qr,True,False,,|w|a|r|m| |w|e|b|r|e|n|d|e|r|,102210fe594ee9b33d82058545b1ed14f4c8206e,PerceptualSpeedIndex,ebay-kleinanzeigen,True,ebay-kleinanzeigen PerceptualSpeedIndex opt warm webrender,,77,ms,geckoview,441662628.0,1818556525,2023-12-29 14:24:04,1354164,,,,,,,,,,,,,,,,,,,,,,,,,,,,,,,,,,,,,,,,,,,,,,,,,TN
1219,52b5c5b51719976906d668db1cd59b2b49315565,0.023511690353002823,autoland,4366813,13,930eca14459531ff5483e56979276f480af08a6a,android-hw-a51-11-0-aarch64-shippable-qr,True,False,,|w|a|r|m| |w|e|b|r|e|n|d|e|r|,102210fe594ee9b33d82058545b1ed14f4c8206e,PerceptualSpeedIndex,ebay-kleinanzeigen,True,ebay-kleinanzeigen PerceptualSpeedIndex opt warm webrender,,77,ms,geckoview,441669165.0,1818573535,2023-12-29 16:09:29,1354179,,,,,,,,,,,,,,,,,,,,,,,,,,,,,,,,,,,,,,,,,,,,,,,,,TN
1220,8d822c618985176a1d4ebc4eedcd5a388e798418,0.02600039295304213,autoland,4366813,13,930eca14459531ff5483e56979276f480af08a6a,android-hw-a51-11-0-aarch64-shippable-qr,True,False,,|w|a|r|m| |w|e|b|r|e|n|d|e|r|,102210fe594ee9b33d82058545b1ed14f4c8206e,PerceptualSpeedIndex,ebay-kleinanzeigen,True,ebay-kleinanzeigen PerceptualSpeedIndex opt warm webrender,,77,ms,geckoview,441691068.0,1818597979,2023-12-29 20:10:09,1354279,,,,,,,,,,,,,,,,,,,,,,,,,,,,,,,,,,,,,,,,,,,,,,,,,TN
1221,15c3c77f07b45a04b27a42ab403aadaaed857fff,0.026786299037265038,autoland,4366813,13,930eca14459531ff5483e56979276f480af08a6a,android-hw-a51-11-0-aarch64-shippable-qr,True,False,,|w|a|r|m| |w|e|b|r|e|n|d|e|r|,102210fe594ee9b33d82058545b1ed14f4c8206e,PerceptualSpeedIndex,ebay-kleinanzeigen,True,ebay-kleinanzeigen PerceptualSpeedIndex opt warm webrender,,77,ms,geckoview,441706919.0,1818694959,2023-12-30 03:46:41,1354316,,,,,,,,,,,,,,,,,,,,,,,,,,,,,,,,,,,,,,,,,,,,,,,,,TN
1222,9660032084db64efbe9cbbf4c47a38d0a6c36c9f,0.039819241600628774,autoland,4366813,13,930eca14459531ff5483e56979276f480af08a6a,android-hw-a51-11-0-aarch64-shippable-qr,True,False,,|w|a|r|m| |w|e|b|r|e|n|d|e|r|,102210fe594ee9b33d82058545b1ed14f4c8206e,PerceptualSpeedIndex,ebay-kleinanzeigen,True,ebay-kleinanzeigen PerceptualSpeedIndex opt warm webrender,,77,ms,geckoview,441719139.0,1818741576,2023-12-30 08:00:00,1354351,,,,,,,,,,,,,,,,,,,,,,,,,,,,,,,,,,,,,,,,,,,,,,,,,TN
1223,94ab264a143c3086d948c401c047297f01b76527,0.03444888335843865,autoland,4366813,13,930eca14459531ff5483e56979276f480af08a6a,android-hw-a51-11-0-aarch64-shippable-qr,True,False,,|w|a|r|m| |w|e|b|r|e|n|d|e|r|,102210fe594ee9b33d82058545b1ed14f4c8206e,PerceptualSpeedIndex,ebay-kleinanzeigen,True,ebay-kleinanzeigen PerceptualSpeedIndex opt warm webrender,,77,ms,geckoview,441744263.0,1818814066,2023-12-30 12:53:05,1354380,,,,,,,,,,,,,,,,,,,,,,,,,,,,,,,,,,,,,,,,,,,,,,,,,TN
1224,3e9c9290e422e1f39255953e22e3d8bfe8234425,0.026982775558320737,autoland,4366813,13,930eca14459531ff5483e56979276f480af08a6a,android-hw-a51-11-0-aarch64-shippable-qr,True,False,,|w|a|r|m| |w|e|b|r|e|n|d|e|r|,102210fe594ee9b33d82058545b1ed14f4c8206e,PerceptualSpeedIndex,ebay-kleinanzeigen,True,ebay-kleinanzeigen PerceptualSpeedIndex opt warm webrender,,77,ms,geckoview,441757918.0,1818869122,2023-12-30 17:18:37,1354396,,,,,,,,,,,,,,,,,,,,,,,,,,,,,,,,,,,,,,,,,,,,,,,,,TN
1225,be0bfc7f906523649c68f45d4b25ca752bfc701c,0.025279979042504452,autoland,4366813,13,930eca14459531ff5483e56979276f480af08a6a,android-hw-a51-11-0-aarch64-shippable-qr,True,False,,|w|a|r|m| |w|e|b|r|e|n|d|e|r|,102210fe594ee9b33d82058545b1ed14f4c8206e,PerceptualSpeedIndex,ebay-kleinanzeigen,True,ebay-kleinanzeigen PerceptualSpeedIndex opt warm webrender,,77,ms,geckoview,441777817.0,1818978719,2023-12-31 00:47:53,1354421,,,,,,,,,,,,,,,,,,,,,,,,,,,,,,,,,,,,,,,,,,,,,,,,,TN
1226,30b0d1ecdc26a3e4753bef7807739106282ed827,0.025738424258301196,autoland,4366813,13,930eca14459531ff5483e56979276f480af08a6a,android-hw-a51-11-0-aarch64-shippable-qr,True,False,,|w|a|r|m| |w|e|b|r|e|n|d|e|r|,102210fe594ee9b33d82058545b1ed14f4c8206e,PerceptualSpeedIndex,ebay-kleinanzeigen,True,ebay-kleinanzeigen PerceptualSpeedIndex opt warm webrender,,77,ms,geckoview,441810068.0,1819134399,2023-12-31 16:29:03,1354470,,,,,,,,,,,,,,,,,,,,,,,,,,,,,,,,,,,,,,,,,,,,,,,,,TN
1227,430d1a5b377307a1050c23ae96cab333c5a33be8,0.023904643395114333,autoland,4366813,13,930eca14459531ff5483e56979276f480af08a6a,android-hw-a51-11-0-aarch64-shippable-qr,True,False,,|w|a|r|m| |w|e|b|r|e|n|d|e|r|,102210fe594ee9b33d82058545b1ed14f4c8206e,PerceptualSpeedIndex,ebay-kleinanzeigen,True,ebay-kleinanzeigen PerceptualSpeedIndex opt warm webrender,,77,ms,geckoview,441821898.0,1819204249,2023-12-31 21:56:05,1354489,,,,,,,,,,,,,,,,,,,,,,,,,,,,,,,,,,,,,,,,,,,,,,,,,TN
1228,da3b8f5f832d95192044762406363fda8d55ef19,0.03156722771628795,autoland,4366813,13,930eca14459531ff5483e56979276f480af08a6a,android-hw-a51-11-0-aarch64-shippable-qr,True,False,,|w|a|r|m| |w|e|b|r|e|n|d|e|r|,102210fe594ee9b33d82058545b1ed14f4c8206e,PerceptualSpeedIndex,ebay-kleinanzeigen,True,ebay-kleinanzeigen PerceptualSpeedIndex opt warm webrender,,77,ms,geckoview,441851140.0,1819306269,2024-01-01 15:22:20,1354571,,,,,,,,,,,,,,,,,,,,,,,,,,,,,,,,,,,,,,,,,,,,,,,,,TN
1229,42461c8e1289d1829e0902914b12524c1fffa0a1,0.022594799921409447,autoland,4366813,13,930eca14459531ff5483e56979276f480af08a6a,android-hw-a51-11-0-aarch64-shippable-qr,True,False,,|w|a|r|m| |w|e|b|r|e|n|d|e|r|,102210fe594ee9b33d82058545b1ed14f4c8206e,PerceptualSpeedIndex,ebay-kleinanzeigen,True,ebay-kleinanzeigen PerceptualSpeedIndex opt warm webrender,,77,ms,geckoview,441853351.0,1819350831,2024-01-01 20:27:36,1354574,,,,,,,,,,,,,,,,,,,,,,,,,,,,,,,,,,,,,,,,,,,,,,,,,TN
1230,60c369c930dc96abae06a2e0ad6833a3574b803f,0.023511690353002823,autoland,4366813,13,930eca14459531ff5483e56979276f480af08a6a,android-hw-a51-11-0-aarch64-shippable-qr,True,False,,|w|a|r|m| |w|e|b|r|e|n|d|e|r|,102210fe594ee9b33d82058545b1ed14f4c8206e,PerceptualSpeedIndex,ebay-kleinanzeigen,True,ebay-kleinanzeigen PerceptualSpeedIndex opt warm webrender,,77,ms,geckoview,441879484.0,1819461580,2024-01-02 07:16:40,1354603,,,,,,,,,,,,,,,,,,,,,,,,,,,,,,,,,,,,,,,,,,,,,,,,,TN
1231,399d9781e72b3a4a01e67c7f902f80c9df9da386,0.02167790948981596,autoland,4366813,13,930eca14459531ff5483e56979276f480af08a6a,android-hw-a51-11-0-aarch64-shippable-qr,True,False,,|w|a|r|m| |w|e|b|r|e|n|d|e|r|,102210fe594ee9b33d82058545b1ed14f4c8206e,PerceptualSpeedIndex,ebay-kleinanzeigen,True,ebay-kleinanzeigen PerceptualSpeedIndex opt warm webrender,,77,ms,geckoview,441904823.0,1819544365,2024-01-02 11:19:41,1354672,,,,,,,,,,,,,,,,,,,,,,,,,,,,,,,,,,,,,,,,,,,,,,,,,TN
1232,9f15f6c0236cc27aa82549841609068645c13445,0.03693758595847796,autoland,4366813,13,930eca14459531ff5483e56979276f480af08a6a,android-hw-a51-11-0-aarch64-shippable-qr,True,False,,|w|a|r|m| |w|e|b|r|e|n|d|e|r|,102210fe594ee9b33d82058545b1ed14f4c8206e,PerceptualSpeedIndex,ebay-kleinanzeigen,True,ebay-kleinanzeigen PerceptualSpeedIndex opt warm webrender,,77,ms,geckoview,441930300.0,1819708116,2024-01-02 15:21:54,1354784,,,,,,,,,,,,,,,,,,,,,,,,,,,,,,,,,,,,,,,,,,,,,,,,,TN
1233,c44f0d09630a8cf36dac42c4eb31bf2a9395bf90,0.02501801034776341,autoland,4366813,13,930eca14459531ff5483e56979276f480af08a6a,android-hw-a51-11-0-aarch64-shippable-qr,True,False,,|w|a|r|m| |w|e|b|r|e|n|d|e|r|,102210fe594ee9b33d82058545b1ed14f4c8206e,PerceptualSpeedIndex,ebay-kleinanzeigen,True,ebay-kleinanzeigen PerceptualSpeedIndex opt warm webrender,,77,ms,geckoview,441931724.0,1819718919,2024-01-02 15:38:43,1354794,,,,,,,,,,,,,,,,,,,,,,,,,,,,,,,,,,,,,,,,,,,,,,,,,TN
1234,cc67c788cded515a24f96c72c8a12b87a2cd1b3a,0.02082651123190782,autoland,4366813,13,930eca14459531ff5483e56979276f480af08a6a,android-hw-a51-11-0-aarch64-shippable-qr,True,False,,|w|a|r|m| |w|e|b|r|e|n|d|e|r|,102210fe594ee9b33d82058545b1ed14f4c8206e,PerceptualSpeedIndex,ebay-kleinanzeigen,True,ebay-kleinanzeigen PerceptualSpeedIndex opt warm webrender,,77,ms,geckoview,441956860.0,1819767111,2024-01-02 20:40:29,1354935,,,,,,,,,,,,,,,,,,,,,,,,,,,,,,,,,,,,,,,,,,,,,,,,,TN
1235,655286516798565db497786ca92d9a8f7f7744bf,0.026131377300412595,autoland,4366813,13,930eca14459531ff5483e56979276f480af08a6a,android-hw-a51-11-0-aarch64-shippable-qr,True,False,,|w|a|r|m| |w|e|b|r|e|n|d|e|r|,102210fe594ee9b33d82058545b1ed14f4c8206e,PerceptualSpeedIndex,ebay-kleinanzeigen,True,ebay-kleinanzeigen PerceptualSpeedIndex opt warm webrender,,77,ms,geckoview,441992138.0,1819916171,2024-01-03 08:18:49,1355061,,,,,,,,,,,,,,,,,,,,,,,,,,,,,,,,,,,,,,,,,,,,,,,,,TN
1236,9ea90dc23395fc3e2d9d2bd18598cc49434eeff1,0.026589822516209338,autoland,4366813,13,930eca14459531ff5483e56979276f480af08a6a,android-hw-a51-11-0-aarch64-shippable-qr,True,False,,|w|a|r|m| |w|e|b|r|e|n|d|e|r|,102210fe594ee9b33d82058545b1ed14f4c8206e,PerceptualSpeedIndex,ebay-kleinanzeigen,True,ebay-kleinanzeigen PerceptualSpeedIndex opt warm webrender,,77,ms,geckoview,442027945.0,1820001428,2024-01-03 12:27:12,1355126,,,,,,,,,,,,,,,,,,,,,,,,,,,,,,,,,,,,,,,,,,,,,,,,,TN
1237,6aab4af4cab879cc95debd549578bc909a21cff7,0.04505861549544832,autoland,4366813,13,930eca14459531ff5483e56979276f480af08a6a,android-hw-a51-11-0-aarch64-shippable-qr,True,False,,|w|a|r|m| |w|e|b|r|e|n|d|e|r|,102210fe594ee9b33d82058545b1ed14f4c8206e,PerceptualSpeedIndex,ebay-kleinanzeigen,True,ebay-kleinanzeigen PerceptualSpeedIndex opt warm webrender,,77,ms,geckoview,442052581.0,1820169606,2024-01-03 16:19:36,1355230,,,,,,,,,,,,,,,,,,,,,,,,,,,,,,,,,,,,,,,,,,,,,,,,,TN
1238,c5a68fbf81d038a69c4e9be728d50030fd0d6271,0.027310236426747014,autoland,4366813,13,930eca14459531ff5483e56979276f480af08a6a,android-hw-a51-11-0-aarch64-shippable-qr,True,False,,|w|a|r|m| |w|e|b|r|e|n|d|e|r|,102210fe594ee9b33d82058545b1ed14f4c8206e,PerceptualSpeedIndex,ebay-kleinanzeigen,True,ebay-kleinanzeigen PerceptualSpeedIndex opt warm webrender,,77,ms,geckoview,442074574.0,1820222066,2024-01-03 20:41:01,1355381,,,,,,,,,,,,,,,,,,,,,,,,,,,,,,,,,,,,,,,,,,,,,,,,,TN
1239,d071b2f4ff07e1815cfa6650ffafb87c9b7e9fb1,0.03235313380051086,autoland,4366813,13,930eca14459531ff5483e56979276f480af08a6a,android-hw-a51-11-0-aarch64-shippable-qr,True,False,,|w|a|r|m| |w|e|b|r|e|n|d|e|r|,102210fe594ee9b33d82058545b1ed14f4c8206e,PerceptualSpeedIndex,ebay-kleinanzeigen,True,ebay-kleinanzeigen PerceptualSpeedIndex opt warm webrender,,77,ms,geckoview,442074642.0,1820239470,2024-01-03 20:57:48,1355389,,,,,,,,,,,,,,,,,,,,,,,,,,,,,,,,,,,,,,,,,,,,,,,,,TN
1240,99d5c9d12fe8a000d9b092346826d2101720ee5f,0.018403300805553746,autoland,4366813,13,930eca14459531ff5483e56979276f480af08a6a,android-hw-a51-11-0-aarch64-shippable-qr,True,False,,|w|a|r|m| |w|e|b|r|e|n|d|e|r|,102210fe594ee9b33d82058545b1ed14f4c8206e,PerceptualSpeedIndex,ebay-kleinanzeigen,True,ebay-kleinanzeigen PerceptualSpeedIndex opt warm webrender,,77,ms,geckoview,442095918.0,1820309010,2024-01-04 01:41:43,1355473,,,,,,,,,,,,,,,,,,,,,,,,,,,,,,,,,,,,,,,,,,,,,,,,,TN
1241,c285a1e59436529ca8d4acd4acf55d45e4277b1b,0.02521448686881922,autoland,4366813,13,930eca14459531ff5483e56979276f480af08a6a,android-hw-a51-11-0-aarch64-shippable-qr,True,False,,|w|a|r|m| |w|e|b|r|e|n|d|e|r|,102210fe594ee9b33d82058545b1ed14f4c8206e,PerceptualSpeedIndex,ebay-kleinanzeigen,True,ebay-kleinanzeigen PerceptualSpeedIndex opt warm webrender,,77,ms,geckoview,442107904.0,1820370282,2024-01-04 05:54:21,1355496,,,,,,,,,,,,,,,,,,,,,,,,,,,,,,,,,,,,,,,,,,,,,,,,,TN
1242,740351987a4ee46ea2c571e5824e859680bda968,0.024297596437225732,autoland,4366813,13,930eca14459531ff5483e56979276f480af08a6a,android-hw-a51-11-0-aarch64-shippable-qr,True,False,,|w|a|r|m| |w|e|b|r|e|n|d|e|r|,102210fe594ee9b33d82058545b1ed14f4c8206e,PerceptualSpeedIndex,ebay-kleinanzeigen,True,ebay-kleinanzeigen PerceptualSpeedIndex opt warm webrender,,77,ms,geckoview,442138188.0,1820487848,2024-01-04 11:10:14,1355581,,,,,,,,,,,,,,,,,,,,,,,,,,,,,,,,,,,,,,,,,,,,,,,,,TN
1243,45533d2448ef281f6e604ca7626c0a6ecce3e188,0.019713144279258632,autoland,4366813,13,930eca14459531ff5483e56979276f480af08a6a,android-hw-a51-11-0-aarch64-shippable-qr,True,False,,|w|a|r|m| |w|e|b|r|e|n|d|e|r|,102210fe594ee9b33d82058545b1ed14f4c8206e,PerceptualSpeedIndex,ebay-kleinanzeigen,True,ebay-kleinanzeigen PerceptualSpeedIndex opt warm webrender,,77,ms,geckoview,442171952.0,1820676417,2024-01-04 15:17:03,1355683,,,,,,,,,,,,,,,,,,,,,,,,,,,,,,,,,,,,,,,,,,,,,,,,,TN
1244,0a133d5fd15504b371307e44739e8f97c80096b9,0.021415940795075028,autoland,4366813,13,930eca14459531ff5483e56979276f480af08a6a,android-hw-a51-11-0-aarch64-shippable-qr,True,False,,|w|a|r|m| |w|e|b|r|e|n|d|e|r|,102210fe594ee9b33d82058545b1ed14f4c8206e,PerceptualSpeedIndex,ebay-kleinanzeigen,True,ebay-kleinanzeigen PerceptualSpeedIndex opt warm webrender,,77,ms,geckoview,442180395.0,1820700922,2024-01-04 15:42:51,1355702,,,,,,,,,,,,,,,,,,,,,,,,,,,,,,,,,,,,,,,,,,,,,,,,,TN
1245,048b65210703dec3aec972f180b52548b2664f7d,0.032877071189992835,autoland,4366813,13,930eca14459531ff5483e56979276f480af08a6a,android-hw-a51-11-0-aarch64-shippable-qr,True,False,,|w|a|r|m| |w|e|b|r|e|n|d|e|r|,102210fe594ee9b33d82058545b1ed14f4c8206e,PerceptualSpeedIndex,ebay-kleinanzeigen,True,ebay-kleinanzeigen PerceptualSpeedIndex opt warm webrender,,77,ms,geckoview,442198714.0,1820737883,2024-01-04 19:37:18,1355859,,,,,,,,,,,,,,,,,,,,,,,,,,,,,,,,,,,,,,,,,,,,,,,,,TN
1246,84d53ee96a81d7e514d24d1fb3160e91d9cee533,0.03078132163206504,autoland,4366813,13,930eca14459531ff5483e56979276f480af08a6a,android-hw-a51-11-0-aarch64-shippable-qr,True,False,,|w|a|r|m| |w|e|b|r|e|n|d|e|r|,102210fe594ee9b33d82058545b1ed14f4c8206e,PerceptualSpeedIndex,ebay-kleinanzeigen,True,ebay-kleinanzeigen PerceptualSpeedIndex opt warm webrender,,77,ms,geckoview,442240354.0,1820929340,2024-01-05 00:18:01,1356034,,,,,,,,,,,,,,,,,,,,,,,,,,,,,,,,,,,,,,,,,,,,,,,,,TN
1247,fab155eb519c68377a585ffdc537174653ab847b,0.037657999869015746,autoland,4366813,13,930eca14459531ff5483e56979276f480af08a6a,android-hw-a51-11-0-aarch64-shippable-qr,True,False,,|w|a|r|m| |w|e|b|r|e|n|d|e|r|,102210fe594ee9b33d82058545b1ed14f4c8206e,PerceptualSpeedIndex,ebay-kleinanzeigen,True,ebay-kleinanzeigen PerceptualSpeedIndex opt warm webrender,,77,ms,geckoview,442239001.0,1820910625,2024-01-05 00:22:57,1356036,,,,,,,,,,,,,,,,,,,,,,,,,,,,,,,,,,,,,,,,,,,,,,,,,TN
1248,376266ac23d50822ae8c18d60d1577f0b89b7c03,0.05802606588512671,autoland,4366813,13,930eca14459531ff5483e56979276f480af08a6a,android-hw-a51-11-0-aarch64-shippable-qr,True,False,,|w|a|r|m| |w|e|b|r|e|n|d|e|r|,102210fe594ee9b33d82058545b1ed14f4c8206e,PerceptualSpeedIndex,ebay-kleinanzeigen,True,ebay-kleinanzeigen PerceptualSpeedIndex opt warm webrender,,77,ms,geckoview,442251138.0,1821004248,2024-01-05 04:43:02,1356081,,,,,,,,,,,,,,,,,,,,,,,,,,,,,,,,,,,,,,,,,,,,,,,,,TN
1249,fa9bfcd5f0dbd19a8aaafddc25f6f73e4bcfd484,0.020368066016111075,autoland,4366813,13,930eca14459531ff5483e56979276f480af08a6a,android-hw-a51-11-0-aarch64-shippable-qr,True,False,,|w|a|r|m| |w|e|b|r|e|n|d|e|r|,102210fe594ee9b33d82058545b1ed14f4c8206e,PerceptualSpeedIndex,ebay-kleinanzeigen,True,ebay-kleinanzeigen PerceptualSpeedIndex opt warm webrender,,77,ms,geckoview,442267356.0,1821101415,2024-01-05 08:43:49,1356147,,,,,,,,,,,,,,,,,,,,,,,,,,,,,,,,,,,,,,,,,,,,,,,,,TN
1250,30bc5759ffcd80a2febc0a054214a3c910d31aea,0.02501801034776341,autoland,4366813,13,930eca14459531ff5483e56979276f480af08a6a,android-hw-a51-11-0-aarch64-shippable-qr,True,False,,|w|a|r|m| |w|e|b|r|e|n|d|e|r|,102210fe594ee9b33d82058545b1ed14f4c8206e,PerceptualSpeedIndex,ebay-kleinanzeigen,True,ebay-kleinanzeigen PerceptualSpeedIndex opt warm webrender,,77,ms,geckoview,442305169.0,1821204812,2024-01-05 12:49:29,1356208,,,,,,,,,,,,,,,,,,,,,,,,,,,,,,,,,,,,,,,,,,,,,,,,,TN
1251,d2e417f0f208016a0a4e369e822a12e20ef4fc5f,0.021612417316130728,autoland,4366813,13,930eca14459531ff5483e56979276f480af08a6a,android-hw-a51-11-0-aarch64-shippable-qr,True,False,,|w|a|r|m| |w|e|b|r|e|n|d|e|r|,102210fe594ee9b33d82058545b1ed14f4c8206e,PerceptualSpeedIndex,ebay-kleinanzeigen,True,ebay-kleinanzeigen PerceptualSpeedIndex opt warm webrender,,77,ms,geckoview,442335214.0,1821370052,2024-01-05 17:02:32,1356351,,,,,,,,,,,,,,,,,,,,,,,,,,,,,,,,,,,,,,,,,,,,,,,,,TN
1252,567f5a81c44108f44c4e694af42be8f209da4c0a,0.06896325889056254,autoland,4366813,13,930eca14459531ff5483e56979276f480af08a6a,android-hw-a51-11-0-aarch64-shippable-qr,True,False,,|w|a|r|m| |w|e|b|r|e|n|d|e|r|,102210fe594ee9b33d82058545b1ed14f4c8206e,PerceptualSpeedIndex,ebay-kleinanzeigen,True,ebay-kleinanzeigen PerceptualSpeedIndex opt warm webrender,,77,ms,geckoview,442350638.0,1821394717,2024-01-05 19:52:18,1356444,,,,,,,,,,,,,,,,,,,,,,,,,,,,,,,,,,,,,,,,,,,,,,,,,TN
1253,2a86438878465bd10e251c52285e2455425bfeb9,0.02567293208461585,autoland,4366813,13,930eca14459531ff5483e56979276f480af08a6a,android-hw-a51-11-0-aarch64-shippable-qr,True,False,,|w|a|r|m| |w|e|b|r|e|n|d|e|r|,102210fe594ee9b33d82058545b1ed14f4c8206e,PerceptualSpeedIndex,ebay-kleinanzeigen,True,ebay-kleinanzeigen PerceptualSpeedIndex opt warm webrender,,77,ms,geckoview,442382512.0,1821518620,2024-01-06 00:04:36,1356549,,,,,,,,,,,,,,,,,,,,,,,,,,,,,,,,,,,,,,,,,,,,,,,,,TN
1254,ce6cf7dcf8b16c2a478f122f8bab575231c99881,0.02580391643198643,autoland,4366813,13,930eca14459531ff5483e56979276f480af08a6a,android-hw-a51-11-0-aarch64-shippable-qr,True,False,,|w|a|r|m| |w|e|b|r|e|n|d|e|r|,102210fe594ee9b33d82058545b1ed14f4c8206e,PerceptualSpeedIndex,ebay-kleinanzeigen,True,ebay-kleinanzeigen PerceptualSpeedIndex opt warm webrender,,77,ms,geckoview,442380876.0,1821505203,2024-01-06 00:21:54,1356554,,,,,,,,,,,,,,,,,,,,,,,,,,,,,,,,,,,,,,,,,,,,,,,,,TN
1255,b54f34f26a3a753076473795a42574f426a960ee,0.026851791210950382,autoland,4366813,13,930eca14459531ff5483e56979276f480af08a6a,android-hw-a51-11-0-aarch64-shippable-qr,True,False,,|w|a|r|m| |w|e|b|r|e|n|d|e|r|,102210fe594ee9b33d82058545b1ed14f4c8206e,PerceptualSpeedIndex,ebay-kleinanzeigen,True,ebay-kleinanzeigen PerceptualSpeedIndex opt warm webrender,,77,ms,geckoview,442417385.0,1821698455,2024-01-06 12:48:14,1356631,,,,,,,,,,,,,,,,,,,,,,,,,,,,,,,,,,,,,,,,,,,,,,,,,TN
1256,d6318b034527ed62918fa4fd893f093c084a6ccb,0.02822712685834039,autoland,4366813,13,930eca14459531ff5483e56979276f480af08a6a,android-hw-a51-11-0-aarch64-shippable-qr,True,False,,|w|a|r|m| |w|e|b|r|e|n|d|e|r|,102210fe594ee9b33d82058545b1ed14f4c8206e,PerceptualSpeedIndex,ebay-kleinanzeigen,True,ebay-kleinanzeigen PerceptualSpeedIndex opt warm webrender,,77,ms,geckoview,442424762.0,1821742406,2024-01-06 17:09:10,1356650,,,,,,,,,,,,,,,,,,,,,,,,,,,,,,,,,,,,,,,,,,,,,,,,,TN
1257,1d9422a3e1d878f2f2c54ef4e836faabebfdfc9a,0.020040605147684798,autoland,4366813,13,930eca14459531ff5483e56979276f480af08a6a,android-hw-a51-11-0-aarch64-shippable-qr,True,False,,|w|a|r|m| |w|e|b|r|e|n|d|e|r|,102210fe594ee9b33d82058545b1ed14f4c8206e,PerceptualSpeedIndex,ebay-kleinanzeigen,True,ebay-kleinanzeigen PerceptualSpeedIndex opt warm webrender,,77,ms,geckoview,442444238.0,1821810427,2024-01-06 21:44:09,1356666,,,,,,,,,,,,,,,,,,,,,,,,,,,,,,,,,,,,,,,,,,,,,,,,,TN
1258,47fc814524de5c30dfd7711cf3eda088303ad905,0.021415940795075028,autoland,4366813,13,930eca14459531ff5483e56979276f480af08a6a,android-hw-a51-11-0-aarch64-shippable-qr,True,False,,|w|a|r|m| |w|e|b|r|e|n|d|e|r|,102210fe594ee9b33d82058545b1ed14f4c8206e,PerceptualSpeedIndex,ebay-kleinanzeigen,True,ebay-kleinanzeigen PerceptualSpeedIndex opt warm webrender,,77,ms,geckoview,442482425.0,1822030712,2024-01-07 23:26:49,1356765,,,,,,,,,,,,,,,,,,,,,,,,,,,,,,,,,,,,,,,,,,,,,,,,,TN
1259,750c44842f26873f40a2d09bc4ee94ecc4c39997,0.02344619817931759,autoland,4366813,13,930eca14459531ff5483e56979276f480af08a6a,android-hw-a51-11-0-aarch64-shippable-qr,True,False,,|w|a|r|m| |w|e|b|r|e|n|d|e|r|,102210fe594ee9b33d82058545b1ed14f4c8206e,PerceptualSpeedIndex,ebay-kleinanzeigen,True,ebay-kleinanzeigen PerceptualSpeedIndex opt warm webrender,,77,ms,geckoview,442485982.0,1822053028,2024-01-08 02:39:55,1356771,,,,,,,,,,,,,,,,,,,,,,,,,,,,,,,,,,,,,,,,,,,,,,,,,TN
1260,f0a524f0a0085554a1bfdfe1320ee1e87caf7a94,0.02023708166874061,autoland,4366813,13,930eca14459531ff5483e56979276f480af08a6a,android-hw-a51-11-0-aarch64-shippable-qr,True,False,,|w|a|r|m| |w|e|b|r|e|n|d|e|r|,102210fe594ee9b33d82058545b1ed14f4c8206e,PerceptualSpeedIndex,ebay-kleinanzeigen,True,ebay-kleinanzeigen PerceptualSpeedIndex opt warm webrender,,77,ms,geckoview,442534064.0,1822218466,2024-01-08 11:59:03,1356886,,,,,,,,,,,,,,,,,,,,,,,,,,,,,,,,,,,,,,,,,,,,,,,,,TN
1261,fa142c3f71b8a5f5e5781fe41471dc1528cecd75,0.028161634684655268,autoland,4366813,13,930eca14459531ff5483e56979276f480af08a6a,android-hw-a51-11-0-aarch64-shippable-qr,True,False,,|w|a|r|m| |w|e|b|r|e|n|d|e|r|,102210fe594ee9b33d82058545b1ed14f4c8206e,PerceptualSpeedIndex,ebay-kleinanzeigen,True,ebay-kleinanzeigen PerceptualSpeedIndex opt warm webrender,,77,ms,geckoview,442557807.0,1822381524,2024-01-08 15:57:02,1357053,,,,,,,,,,,,,,,,,,,,,,,,,,,,,,,,,,,,,,,,,,,,,,,,,TN
1262,41ae953b02271ceda653046c5072bfe0329c7e96,0.025345471216189686,autoland,4366813,13,930eca14459531ff5483e56979276f480af08a6a,android-hw-a51-11-0-aarch64-shippable-qr,True,False,,|w|a|r|m| |w|e|b|r|e|n|d|e|r|,102210fe594ee9b33d82058545b1ed14f4c8206e,PerceptualSpeedIndex,ebay-kleinanzeigen,True,ebay-kleinanzeigen PerceptualSpeedIndex opt warm webrender,,77,ms,geckoview,442591314.0,1822449504,2024-01-08 20:04:05,1357175,,,,,,,,,,,,,,,,,,,,,,,,,,,,,,,,,,,,,,,,,,,,,,,,,TN
1263,ea866029ce2e23f03843038e1fd8ba7ca9ea30bb,0.02324972165826189,autoland,4366813,13,930eca14459531ff5483e56979276f480af08a6a,android-hw-a51-11-0-aarch64-shippable-qr,True,False,,|w|a|r|m| |w|e|b|r|e|n|d|e|r|,102210fe594ee9b33d82058545b1ed14f4c8206e,PerceptualSpeedIndex,ebay-kleinanzeigen,True,ebay-kleinanzeigen PerceptualSpeedIndex opt warm webrender,,77,ms,geckoview,442630135.0,1822619737,2024-01-09 02:28:42,1357330,,,,,,,,,,,,,,,,,,,,,,,,,,,,,,,,,,,,,,,,,,,,,,,,,TN
1264,b29d6ace45f4ca84cd58b15ab4430194755a7056,0.032287641626825625,autoland,4366813,13,930eca14459531ff5483e56979276f480af08a6a,android-hw-a51-11-0-aarch64-shippable-qr,True,False,,|w|a|r|m| |w|e|b|r|e|n|d|e|r|,102210fe594ee9b33d82058545b1ed14f4c8206e,PerceptualSpeedIndex,ebay-kleinanzeigen,True,ebay-kleinanzeigen PerceptualSpeedIndex opt warm webrender,,77,ms,geckoview,442682534.0,1822917974,2024-01-09 11:20:33,1357465,,,,,,,,,,,,,,,,,,,,,,,,,,,,,,,,,,,,,,,,,,,,,,,,,TN
1265,051ee8b6b5420d6e2ef877ed6ff3a70306257659,0.028751064247822367,autoland,4366813,13,930eca14459531ff5483e56979276f480af08a6a,android-hw-a51-11-0-aarch64-shippable-qr,True,False,,|w|a|r|m| |w|e|b|r|e|n|d|e|r|,102210fe594ee9b33d82058545b1ed14f4c8206e,PerceptualSpeedIndex,ebay-kleinanzeigen,True,ebay-kleinanzeigen PerceptualSpeedIndex opt warm webrender,,77,ms,geckoview,442685411.0,1822944798,2024-01-09 11:56:06,1357476,,,,,,,,,,,,,,,,,,,,,,,,,,,,,,,,,,,,,,,,,,,,,,,,,TN
1266,39da72deac75c8026ae23df612934a7fc7c3693a,0.02285676861615038,autoland,4366813,13,930eca14459531ff5483e56979276f480af08a6a,android-hw-a51-11-0-aarch64-shippable-qr,True,False,,|w|a|r|m| |w|e|b|r|e|n|d|e|r|,102210fe594ee9b33d82058545b1ed14f4c8206e,PerceptualSpeedIndex,ebay-kleinanzeigen,True,ebay-kleinanzeigen PerceptualSpeedIndex opt warm webrender,,77,ms,geckoview,442722260.0,1823095613,2024-01-09 16:23:43,1357611,,,,,,,,,,,,,,,,,,,,,,,,,,,,,,,,,,,,,,,,,,,,,,,,,TN
1267,65446098ef641575f65d67f1db14e51401e565de,0.023708166874058523,autoland,4366813,13,930eca14459531ff5483e56979276f480af08a6a,android-hw-a51-11-0-aarch64-shippable-qr,True,False,,|w|a|r|m| |w|e|b|r|e|n|d|e|r|,102210fe594ee9b33d82058545b1ed14f4c8206e,PerceptualSpeedIndex,ebay-kleinanzeigen,True,ebay-kleinanzeigen PerceptualSpeedIndex opt warm webrender,,77,ms,geckoview,442726151.0,1823107947,2024-01-09 17:04:21,1357636,,,,,,,,,,,,,,,,,,,,,,,,,,,,,,,,,,,,,,,,,,,,,,,,,TN
1268,b089f828d54fe4d5fff32c8f142a603bc9d51325,0.029078525116248644,autoland,4366813,13,930eca14459531ff5483e56979276f480af08a6a,android-hw-a51-11-0-aarch64-shippable-qr,True,False,,|w|a|r|m| |w|e|b|r|e|n|d|e|r|,102210fe594ee9b33d82058545b1ed14f4c8206e,PerceptualSpeedIndex,ebay-kleinanzeigen,True,ebay-kleinanzeigen PerceptualSpeedIndex opt warm webrender,,77,ms,geckoview,442750667.0,1823234453,2024-01-09 20:55:28,1357773,,,,,,,,,,,,,,,,,,,,,,,,,,,,,,,,,,,,,,,,,,,,,,,,,TN
1269,33d47d05c368a7b03c3843f70deb11c351eab0e7,0.037265046826904236,autoland,4366813,13,930eca14459531ff5483e56979276f480af08a6a,android-hw-a51-11-0-aarch64-shippable-qr,True,False,,|w|a|r|m| |w|e|b|r|e|n|d|e|r|,102210fe594ee9b33d82058545b1ed14f4c8206e,PerceptualSpeedIndex,ebay-kleinanzeigen,True,ebay-kleinanzeigen PerceptualSpeedIndex opt warm webrender,,77,ms,geckoview,442766294.0,1823335385,2024-01-09 23:58:45,1357896,,,,,,,,,,,,,,,,,,,,,,,,,,,,,,,,,,,,,,,,,,,,,,,,,TN
1270,8d93c10892064c983f5603645b9f6db6494fac24,0.13196672997576797,autoland,4366813,13,930eca14459531ff5483e56979276f480af08a6a,android-hw-a51-11-0-aarch64-shippable-qr,True,False,,|w|a|r|m| |w|e|b|r|e|n|d|e|r|,102210fe594ee9b33d82058545b1ed14f4c8206e,PerceptualSpeedIndex,ebay-kleinanzeigen,True,ebay-kleinanzeigen PerceptualSpeedIndex opt warm webrender,,77,ms,geckoview,442790192.0,1823469220,2024-01-10 06:33:00,1357998,1081.77,mozilla-ldap/afinder@mozilla.com,33d47d05c368a7b03c3843f70deb11c351eab0e7,40975.0,17.15,923.38,2024-01-12 18:41:22.501445,13.0,13.0,,,0.0,1357896.0,2.0,2.0,mozilla-ldap/afinder@mozilla.com,LYDSefY8RZWXEu2aIxkx0g,,2024-01-18 22:48:55.472826,,1.0,158.38,186984.0,VzCLBssjSVOHXxRsQRY9_g,,40975.0,0.0,True,False,afinder@mozilla.com,,,afinder@mozilla.com,2024-01-11 22:48:55.472826,,afinder: to check reassign to 40992 (03be6a45140bf),OUTLIERS,40992.0,,,,False,,44.94,ebay-kleinanzeigen,,"warm, webrender",2024-01-16 22:48:55.472826,TP
1271,c892e00c62dbbeba07a14640ce9baf3a7c27383d,0.134127971707381,autoland,4366813,13,930eca14459531ff5483e56979276f480af08a6a,android-hw-a51-11-0-aarch64-shippable-qr,True,False,,|w|a|r|m| |w|e|b|r|e|n|d|e|r|,102210fe594ee9b33d82058545b1ed14f4c8206e,PerceptualSpeedIndex,ebay-kleinanzeigen,True,ebay-kleinanzeigen PerceptualSpeedIndex opt warm webrender,,77,ms,geckoview,442816614.0,1823605292,2024-01-10 10:37:21,1358093,,,,,,,,,,,,,,,,,,,,,,,,,,,,,,,,,,,,,,,,,,,,,,,,,TN
1272,645f7ed438fb8172e3e4db34d3d7821251ae066c,0.127447769991486,autoland,4366813,13,930eca14459531ff5483e56979276f480af08a6a,android-hw-a51-11-0-aarch64-shippable-qr,True,False,,|w|a|r|m| |w|e|b|r|e|n|d|e|r|,102210fe594ee9b33d82058545b1ed14f4c8206e,PerceptualSpeedIndex,ebay-kleinanzeigen,True,ebay-kleinanzeigen PerceptualSpeedIndex opt warm webrender,,77,ms,geckoview,442830079.0,1823627022,2024-01-10 11:50:05,1358132,,,,,,,,,,,,,,,,,,,,,,,,,,,,,,,,,,,,,,,,,,,,,,,,,TN
1273,abbd6756776d8ea1ff22b8a5ee76e1417583f893,0.1330146047547318,autoland,4366813,13,930eca14459531ff5483e56979276f480af08a6a,android-hw-a51-11-0-aarch64-shippable-qr,True,False,,|w|a|r|m| |w|e|b|r|e|n|d|e|r|,102210fe594ee9b33d82058545b1ed14f4c8206e,PerceptualSpeedIndex,ebay-kleinanzeigen,True,ebay-kleinanzeigen PerceptualSpeedIndex opt warm webrender,,77,ms,geckoview,442858831.0,1823742883,2024-01-10 15:53:53,1358258,,,,,,,,,,,,,,,,,,,,,,,,,,,,,,,,,,,,,,,,,,,,,,,,,TN
1274,13107fcd50cf2795a397cd8d72ce290a0b34a909,0.11598663959656819,autoland,4366813,13,930eca14459531ff5483e56979276f480af08a6a,android-hw-a51-11-0-aarch64-shippable-qr,True,False,,|w|a|r|m| |w|e|b|r|e|n|d|e|r|,102210fe594ee9b33d82058545b1ed14f4c8206e,PerceptualSpeedIndex,ebay-kleinanzeigen,True,ebay-kleinanzeigen PerceptualSpeedIndex opt warm webrender,,77,ms,geckoview,442881141.0,1823839048,2024-01-10 20:02:55,1358406,,,,,,,,,,,,,,,,,,,,,,,,,,,,,,,,,,,,,,,,,,,,,,,,,TN
1275,1a93f0a64a7f897212da58c5753433922e0953cb,0.1261379265177811,autoland,4366813,13,930eca14459531ff5483e56979276f480af08a6a,android-hw-a51-11-0-aarch64-shippable-qr,True,False,,|w|a|r|m| |w|e|b|r|e|n|d|e|r|,102210fe594ee9b33d82058545b1ed14f4c8206e,PerceptualSpeedIndex,ebay-kleinanzeigen,True,ebay-kleinanzeigen PerceptualSpeedIndex opt warm webrender,,77,ms,geckoview,442906457.0,1823953090,2024-01-11 01:22:24,1358548,,,,,,,,,,,,,,,,,,,,,,,,,,,,,,,,,,,,,,,,,,,,,,,,,TN
1276,53b379d2ca1da12d341d8c9f8e59575152c88b27,0.1398257908179973,autoland,4366813,13,930eca14459531ff5483e56979276f480af08a6a,android-hw-a51-11-0-aarch64-shippable-qr,True,False,,|w|a|r|m| |w|e|b|r|e|n|d|e|r|,102210fe594ee9b33d82058545b1ed14f4c8206e,PerceptualSpeedIndex,ebay-kleinanzeigen,True,ebay-kleinanzeigen PerceptualSpeedIndex opt warm webrender,,77,ms,geckoview,442925569.0,1824058053,2024-01-11 07:34:58,1358622,,,,,,,,,,,,,,,,,,,,,,,,,,,,,,,,,,,,,,,,,,,,,,,,,TN
1277,0bd36479d605b1a8748ee37096ff0d54383f0402,0.12882310563887622,autoland,4366813,13,930eca14459531ff5483e56979276f480af08a6a,android-hw-a51-11-0-aarch64-shippable-qr,True,False,,|w|a|r|m| |w|e|b|r|e|n|d|e|r|,102210fe594ee9b33d82058545b1ed14f4c8206e,PerceptualSpeedIndex,ebay-kleinanzeigen,True,ebay-kleinanzeigen PerceptualSpeedIndex opt warm webrender,,77,ms,geckoview,442938128.0,1824113463,2024-01-11 09:13:52,1358650,,,,,,,,,,,,,,,,,,,,,,,,,,,,,,,,,,,,,,,,,,,,,,,,,TN
1278,9e9da9a3335070604e4d44a2a97d897ca73a4c16,0.12777523085991227,autoland,4366813,13,930eca14459531ff5483e56979276f480af08a6a,android-hw-a51-11-0-aarch64-shippable-qr,True,False,,|w|a|r|m| |w|e|b|r|e|n|d|e|r|,102210fe594ee9b33d82058545b1ed14f4c8206e,PerceptualSpeedIndex,ebay-kleinanzeigen,True,ebay-kleinanzeigen PerceptualSpeedIndex opt warm webrender,,77,ms,geckoview,442969633.0,1824201952,2024-01-11 13:33:40,1358737,,,,,,,,,,,,,,,,,,,,,,,,,,,,,,,,,,,,,,,,,,,,,,,,,TN
1279,0fbc415c1704aee17dbd065e8d41e057993f1797,0.13275263605999088,autoland,4366813,13,930eca14459531ff5483e56979276f480af08a6a,android-hw-a51-11-0-aarch64-shippable-qr,True,False,,|w|a|r|m| |w|e|b|r|e|n|d|e|r|,102210fe594ee9b33d82058545b1ed14f4c8206e,PerceptualSpeedIndex,ebay-kleinanzeigen,True,ebay-kleinanzeigen PerceptualSpeedIndex opt warm webrender,,77,ms,geckoview,442985422.0,1824288797,2024-01-11 15:31:24,1358816,,,,,,,,,,,,,,,,,,,,,,,,,,,,,,,,,,,,,,,,,,,,,,,,,TN
1280,51d3d025e7fa3113193da45b9c1b1d792060a4c3,0.1284301525967647,autoland,4366813,13,930eca14459531ff5483e56979276f480af08a6a,android-hw-a51-11-0-aarch64-shippable-qr,True,False,,|w|a|r|m| |w|e|b|r|e|n|d|e|r|,102210fe594ee9b33d82058545b1ed14f4c8206e,PerceptualSpeedIndex,ebay-kleinanzeigen,True,ebay-kleinanzeigen PerceptualSpeedIndex opt warm webrender,,77,ms,geckoview,443017219.0,1824392591,2024-01-11 19:45:18,1358981,,,,,,,,,,,,,,,,,,,,,,,,,,,,,,,,,,,,,,,,,,,,,,,,,TN
1281,8f1e9e2c902a89cfb9f9ea20307fb3ee8a91a4af,0.13425895605475147,autoland,4366813,13,930eca14459531ff5483e56979276f480af08a6a,android-hw-a51-11-0-aarch64-shippable-qr,True,False,,|w|a|r|m| |w|e|b|r|e|n|d|e|r|,102210fe594ee9b33d82058545b1ed14f4c8206e,PerceptualSpeedIndex,ebay-kleinanzeigen,True,ebay-kleinanzeigen PerceptualSpeedIndex opt warm webrender,,77,ms,geckoview,443023005.0,1824414563,2024-01-11 20:05:09,1358995,,,,,,,,,,,,,,,,,,,,,,,,,,,,,,,,,,,,,,,,,,,,,,,,,TN
1282,1d2ccbe0bb6db4d9628b16914b33c5dc5e9406dc,0.1257449734756697,autoland,4366813,13,930eca14459531ff5483e56979276f480af08a6a,android-hw-a51-11-0-aarch64-shippable-qr,True,False,,|w|a|r|m| |w|e|b|r|e|n|d|e|r|,102210fe594ee9b33d82058545b1ed14f4c8206e,PerceptualSpeedIndex,ebay-kleinanzeigen,True,ebay-kleinanzeigen PerceptualSpeedIndex opt warm webrender,,77,ms,geckoview,443054191.0,1824582666,2024-01-12 01:35:24,1359176,,,,,,,,,,,,,,,,,,,,,,,,,,,,,,,,,,,,,,,,,,,,,,,,,TN
1283,1dc9f987063cf678f5c26e7534eadc8bfd186fa9,0.1343244482284367,autoland,4366813,13,930eca14459531ff5483e56979276f480af08a6a,android-hw-a51-11-0-aarch64-shippable-qr,True,False,,|w|a|r|m| |w|e|b|r|e|n|d|e|r|,102210fe594ee9b33d82058545b1ed14f4c8206e,PerceptualSpeedIndex,ebay-kleinanzeigen,True,ebay-kleinanzeigen PerceptualSpeedIndex opt warm webrender,,77,ms,geckoview,443069737.0,1824669750,2024-01-12 05:09:20,1359210,,,,,,,,,,,,,,,,,,,,,,,,,,,,,,,,,,,,,,,,,,,,,,,,,TN
1284,734e2e027196a9d64120ebf11a01a1b03e494d43,0.13235968301787937,autoland,4366813,13,930eca14459531ff5483e56979276f480af08a6a,android-hw-a51-11-0-aarch64-shippable-qr,True,False,,|w|a|r|m| |w|e|b|r|e|n|d|e|r|,102210fe594ee9b33d82058545b1ed14f4c8206e,PerceptualSpeedIndex,ebay-kleinanzeigen,True,ebay-kleinanzeigen PerceptualSpeedIndex opt warm webrender,,77,ms,geckoview,443095917.0,1824841913,2024-01-12 09:17:33,1359269,,,,,,,,,,,,,,,,,,,,,,,,,,,,,,,,,,,,,,,,,,,,,,,,,TN
1285,04e959fcffc3608cfdc8e3812cac822a94eb7f79,0.12941253520204332,autoland,4366813,13,930eca14459531ff5483e56979276f480af08a6a,android-hw-a51-11-0-aarch64-shippable-qr,True,False,,|w|a|r|m| |w|e|b|r|e|n|d|e|r|,102210fe594ee9b33d82058545b1ed14f4c8206e,PerceptualSpeedIndex,ebay-kleinanzeigen,True,ebay-kleinanzeigen PerceptualSpeedIndex opt warm webrender,,77,ms,geckoview,443098402.0,1824864096,2024-01-12 09:50:00,1359287,,,,,,,,,,,,,,,,,,,,,,,,,,,,,,,,,,,,,,,,,,,,,,,,,TN
1286,ce67ec7f0570e0dbbb4af59d868791341b3ae825,0.12148798218612877,autoland,4366813,13,930eca14459531ff5483e56979276f480af08a6a,android-hw-a51-11-0-aarch64-shippable-qr,True,False,,|w|a|r|m| |w|e|b|r|e|n|d|e|r|,102210fe594ee9b33d82058545b1ed14f4c8206e,PerceptualSpeedIndex,ebay-kleinanzeigen,True,ebay-kleinanzeigen PerceptualSpeedIndex opt warm webrender,,77,ms,geckoview,443127432.0,1825002149,2024-01-12 13:58:07,1359382,,,,,,,,,,,,,,,,,,,,,,,,,,,,,,,,,,,,,,,,,,,,,,,,,TN
1287,ca885660ea6d70595474b1663ce6806f7a86a6ea,0.13419346388106612,autoland,4366813,13,930eca14459531ff5483e56979276f480af08a6a,android-hw-a51-11-0-aarch64-shippable-qr,True,False,,|w|a|r|m| |w|e|b|r|e|n|d|e|r|,102210fe594ee9b33d82058545b1ed14f4c8206e,PerceptualSpeedIndex,ebay-kleinanzeigen,True,ebay-kleinanzeigen PerceptualSpeedIndex opt warm webrender,,77,ms,geckoview,443139686.0,1825125841,2024-01-12 15:59:03,1359473,,,,,,,,,,,,,,,,,,,,,,,,,,,,,,,,,,,,,,,,,,,,,,,,,TN
1288,00f949eecc1be917553e235f582aeb7e1e1146fd,0.1468989455760037,autoland,4366813,13,930eca14459531ff5483e56979276f480af08a6a,android-hw-a51-11-0-aarch64-shippable-qr,True,False,,|w|a|r|m| |w|e|b|r|e|n|d|e|r|,102210fe594ee9b33d82058545b1ed14f4c8206e,PerceptualSpeedIndex,ebay-kleinanzeigen,True,ebay-kleinanzeigen PerceptualSpeedIndex opt warm webrender,,77,ms,geckoview,443164699.0,1825219610,2024-01-12 19:38:29,1359666,,,,,,,,,,,,,,,,,,,,,,,,,,,,,,,,,,,,,,,,,,,,,,,,,TN
1289,53d4d65c33f1a556689dd9de738b173142e52749,0.13059139432837774,autoland,4366813,13,930eca14459531ff5483e56979276f480af08a6a,android-hw-a51-11-0-aarch64-shippable-qr,True,False,,|w|a|r|m| |w|e|b|r|e|n|d|e|r|,102210fe594ee9b33d82058545b1ed14f4c8206e,PerceptualSpeedIndex,ebay-kleinanzeigen,True,ebay-kleinanzeigen PerceptualSpeedIndex opt warm webrender,,77,ms,geckoview,443184770.0,1825296893,2024-01-12 23:40:01,1359778,,,,,,,,,,,,,,,,,,,,,,,,,,,,,,,,,,,,,,,,,,,,,,,,,TN
1290,1c1cef3dae75411dbe9bc03547274f506cade636,0.13596175257056775,autoland,4366813,13,930eca14459531ff5483e56979276f480af08a6a,android-hw-a51-11-0-aarch64-shippable-qr,True,False,,|w|a|r|m| |w|e|b|r|e|n|d|e|r|,102210fe594ee9b33d82058545b1ed14f4c8206e,PerceptualSpeedIndex,ebay-kleinanzeigen,True,ebay-kleinanzeigen PerceptualSpeedIndex opt warm webrender,,77,ms,geckoview,443204800.0,1825431101,2024-01-13 08:47:40,1359844,,,,,,,,,,,,,,,,,,,,,,,,,,,,,,,,,,,,,,,,,,,,,,,,,TN
1291,9e96d1447f6c77f15bcd1c7fa432cefae4418038,0.13700962734953182,autoland,4366813,13,930eca14459531ff5483e56979276f480af08a6a,android-hw-a51-11-0-aarch64-shippable-qr,True,False,,|w|a|r|m| |w|e|b|r|e|n|d|e|r|,102210fe594ee9b33d82058545b1ed14f4c8206e,PerceptualSpeedIndex,ebay-kleinanzeigen,True,ebay-kleinanzeigen PerceptualSpeedIndex opt warm webrender,,77,ms,geckoview,443227669.0,1825541293,2024-01-13 14:38:07,1359886,,,,,,,,,,,,,,,,,,,,,,,,,,,,,,,,,,,,,,,,,,,,,,,,,TN
1292,05b08c9f9a5822b969513dda16d5f55e322ade4f,0.1444102429759644,autoland,4366813,13,930eca14459531ff5483e56979276f480af08a6a,android-hw-a51-11-0-aarch64-shippable-qr,True,False,,|w|a|r|m| |w|e|b|r|e|n|d|e|r|,102210fe594ee9b33d82058545b1ed14f4c8206e,PerceptualSpeedIndex,ebay-kleinanzeigen,True,ebay-kleinanzeigen PerceptualSpeedIndex opt warm webrender,,77,ms,geckoview,443248863.0,1825612925,2024-01-13 23:22:39,1359908,,,,,,,,,,,,,,,,,,,,,,,,,,,,,,,,,,,,,,,,,,,,,,,,,TN
1293,b24d63d72f77a64fe5d8bce6420b88e7e0c4d9da,0.12738227781780087,autoland,4366813,13,930eca14459531ff5483e56979276f480af08a6a,android-hw-a51-11-0-aarch64-shippable-qr,True,False,,|w|a|r|m| |w|e|b|r|e|n|d|e|r|,102210fe594ee9b33d82058545b1ed14f4c8206e,PerceptualSpeedIndex,ebay-kleinanzeigen,True,ebay-kleinanzeigen PerceptualSpeedIndex opt warm webrender,,77,ms,geckoview,443275250.0,1825766224,2024-01-14 13:25:52,1359942,,,,,,,,,,,,,,,,,,,,,,,,,,,,,,,,,,,,,,,,,,,,,,,,,TN
1294,de4567bec5231630b24dbc8a0f117c108e274afc,0.14224900124435136,autoland,4366813,13,930eca14459531ff5483e56979276f480af08a6a,android-hw-a51-11-0-aarch64-shippable-qr,True,False,,|w|a|r|m| |w|e|b|r|e|n|d|e|r|,102210fe594ee9b33d82058545b1ed14f4c8206e,PerceptualSpeedIndex,ebay-kleinanzeigen,True,ebay-kleinanzeigen PerceptualSpeedIndex opt warm webrender,,77,ms,geckoview,443298129.0,1825858797,2024-01-15 05:08:04,1360013,,,,,,,,,,,,,,,,,,,,,,,,,,,,,,,,,,,,,,,,,,,,,,,,,TN
1295,fed0bf16c40eba956c10bb3214420acaf75ee212,0.16490929333944593,autoland,4366813,13,930eca14459531ff5483e56979276f480af08a6a,android-hw-a51-11-0-aarch64-shippable-qr,True,False,,|w|a|r|m| |w|e|b|r|e|n|d|e|r|,102210fe594ee9b33d82058545b1ed14f4c8206e,PerceptualSpeedIndex,ebay-kleinanzeigen,True,ebay-kleinanzeigen PerceptualSpeedIndex opt warm webrender,,77,ms,geckoview,443302905.0,1825890110,2024-01-15 06:43:10,1360023,,,,,,,,,,,,,,,,,,,,,,,,,,,,,,,,,,,,,,,,,,,,,,,,,TN
1296,43598f45eee98e83ea2f55ce9a36e000770cf985,0.12712030912305983,autoland,4366813,13,930eca14459531ff5483e56979276f480af08a6a,android-hw-a51-11-0-aarch64-shippable-qr,True,False,,|w|a|r|m| |w|e|b|r|e|n|d|e|r|,102210fe594ee9b33d82058545b1ed14f4c8206e,PerceptualSpeedIndex,ebay-kleinanzeigen,True,ebay-kleinanzeigen PerceptualSpeedIndex opt warm webrender,,77,ms,geckoview,443332773.0,1825999722,2024-01-15 11:02:38,1360080,,,,,,,,,,,,,,,,,,,,,,,,,,,,,,,,,,,,,,,,,,,,,,,,,TN
1297,253b1ef032b4e35683449c7af5d9effaa417e813,0.13118082389154495,autoland,4366813,13,930eca14459531ff5483e56979276f480af08a6a,android-hw-a51-11-0-aarch64-shippable-qr,True,False,,|w|a|r|m| |w|e|b|r|e|n|d|e|r|,102210fe594ee9b33d82058545b1ed14f4c8206e,PerceptualSpeedIndex,ebay-kleinanzeigen,True,ebay-kleinanzeigen PerceptualSpeedIndex opt warm webrender,,77,ms,geckoview,443342998.0,1826047219,2024-01-15 13:01:22,1360125,,,,,,,,,,,,,,,,,,,,,,,,,,,,,,,,,,,,,,,,,,,,,,,,,TN
1298,a9ede7f8216422a86a2b25e0696d884c8a069b78,0.12816818390202378,autoland,4366813,13,930eca14459531ff5483e56979276f480af08a6a,android-hw-a51-11-0-aarch64-shippable-qr,True,False,,|w|a|r|m| |w|e|b|r|e|n|d|e|r|,102210fe594ee9b33d82058545b1ed14f4c8206e,PerceptualSpeedIndex,ebay-kleinanzeigen,True,ebay-kleinanzeigen PerceptualSpeedIndex opt warm webrender,,77,ms,geckoview,443368753.0,1826213370,2024-01-15 16:45:21,1360291,,,,,,,,,,,,,,,,,,,,,,,,,,,,,,,,,,,,,,,,,,,,,,,,,TN
1299,8a68c5a8cac8300a140767d36eaed293e8f2664c,0.128233676075709,autoland,4366813,13,930eca14459531ff5483e56979276f480af08a6a,android-hw-a51-11-0-aarch64-shippable-qr,True,False,,|w|a|r|m| |w|e|b|r|e|n|d|e|r|,102210fe594ee9b33d82058545b1ed14f4c8206e,PerceptualSpeedIndex,ebay-kleinanzeigen,True,ebay-kleinanzeigen PerceptualSpeedIndex opt warm webrender,,77,ms,geckoview,443405396.0,1826306181,2024-01-15 21:04:35,1360446,,,,,,,,,,,,,,,,,,,,,,,,,,,,,,,,,,,,,,,,,,,,,,,,,TN
1300,02d1a62ad90af487d859bc4971a43862dceeda6e,0.13576527604951205,autoland,4366813,13,930eca14459531ff5483e56979276f480af08a6a,android-hw-a51-11-0-aarch64-shippable-qr,True,False,,|w|a|r|m| |w|e|b|r|e|n|d|e|r|,102210fe594ee9b33d82058545b1ed14f4c8206e,PerceptualSpeedIndex,ebay-kleinanzeigen,True,ebay-kleinanzeigen PerceptualSpeedIndex opt warm webrender,,77,ms,geckoview,443424289.0,1826373946,2024-01-16 02:30:18,1360561,,,,,,,,,,,,,,,,,,,,,,,,,,,,,,,,,,,,,,,,,,,,,,,,,TN
1301,70cdba288eb3585a65e68748b4aecfe615cf92e8,0.13596175257056775,autoland,4366813,13,930eca14459531ff5483e56979276f480af08a6a,android-hw-a51-11-0-aarch64-shippable-qr,True,False,,|w|a|r|m| |w|e|b|r|e|n|d|e|r|,102210fe594ee9b33d82058545b1ed14f4c8206e,PerceptualSpeedIndex,ebay-kleinanzeigen,True,ebay-kleinanzeigen PerceptualSpeedIndex opt warm webrender,,77,ms,geckoview,443428618.0,1826467714,2024-01-16 03:41:09,1360576,,,,,,,,,,,,,,,,,,,,,,,,,,,,,,,,,,,,,,,,,,,,,,,,,TN
1302,f2c924263ffece6d0b30e6a52dfd32792c5bf5ab,0.13137730041260065,autoland,4366813,13,930eca14459531ff5483e56979276f480af08a6a,android-hw-a51-11-0-aarch64-shippable-qr,True,False,,|w|a|r|m| |w|e|b|r|e|n|d|e|r|,102210fe594ee9b33d82058545b1ed14f4c8206e,PerceptualSpeedIndex,ebay-kleinanzeigen,True,ebay-kleinanzeigen PerceptualSpeedIndex opt warm webrender,,77,ms,geckoview,443447698.0,1826540768,2024-01-16 08:02:14,1360634,,,,,,,,,,,,,,,,,,,,,,,,,,,,,,,,,,,,,,,,,,,,,,,,,TN
1303,b7a792b71de6beb8e167d10494fa1c387f55f9c2,0.13170476128102693,autoland,4366813,13,930eca14459531ff5483e56979276f480af08a6a,android-hw-a51-11-0-aarch64-shippable-qr,True,False,,|w|a|r|m| |w|e|b|r|e|n|d|e|r|,102210fe594ee9b33d82058545b1ed14f4c8206e,PerceptualSpeedIndex,ebay-kleinanzeigen,True,ebay-kleinanzeigen PerceptualSpeedIndex opt warm webrender,,77,ms,geckoview,443485871.0,1826663551,2024-01-16 12:14:54,1360755,,,,,,,,,,,,,,,,,,,,,,,,,,,,,,,,,,,,,,,,,,,,,,,,,TN
1304,c57d859580d036c47f9c0140e247b012211f6475,0.12888859781256146,autoland,4366813,13,930eca14459531ff5483e56979276f480af08a6a,android-hw-a51-11-0-aarch64-shippable-qr,True,False,,|w|a|r|m| |w|e|b|r|e|n|d|e|r|,102210fe594ee9b33d82058545b1ed14f4c8206e,PerceptualSpeedIndex,ebay-kleinanzeigen,True,ebay-kleinanzeigen PerceptualSpeedIndex opt warm webrender,,77,ms,geckoview,443505841.0,1826756743,2024-01-16 16:10:42,1360921,,,,,,,,,,,,,,,,,,,,,,,,,,,,,,,,,,,,,,,,,,,,,,,,,TN
1305,70d83d705e48aa6e7e7f765142176e775044db26,0.1436898290654266,autoland,4366813,13,930eca14459531ff5483e56979276f480af08a6a,android-hw-a51-11-0-aarch64-shippable-qr,True,False,,|w|a|r|m| |w|e|b|r|e|n|d|e|r|,102210fe594ee9b33d82058545b1ed14f4c8206e,PerceptualSpeedIndex,ebay-kleinanzeigen,True,ebay-kleinanzeigen PerceptualSpeedIndex opt warm webrender,,77,ms,geckoview,443520395.0,1826828845,2024-01-16 18:47:57,1361053,,,,,,,,,,,,,,,,,,,,,,,,,,,,,,,,,,,,,,,,,,,,,,,,,TN
1306,be11cd2890f611f1552236eed7ffe53fba913a46,0.14801231252865288,autoland,4366813,13,930eca14459531ff5483e56979276f480af08a6a,android-hw-a51-11-0-aarch64-shippable-qr,True,False,,|w|a|r|m| |w|e|b|r|e|n|d|e|r|,102210fe594ee9b33d82058545b1ed14f4c8206e,PerceptualSpeedIndex,ebay-kleinanzeigen,True,ebay-kleinanzeigen PerceptualSpeedIndex opt warm webrender,,77,ms,geckoview,443544520.0,1826908566,2024-01-16 21:05:47,1361171,,,,,,,,,,,,,,,,,,,,,,,,,,,,,,,,,,,,,,,,,,,,,,,,,TN
1307,2425c93f20f61b806df955141332d7cb553c6efb,0.12463160652302052,autoland,4366813,13,930eca14459531ff5483e56979276f480af08a6a,android-hw-a51-11-0-aarch64-shippable-qr,True,False,,|w|a|r|m| |w|e|b|r|e|n|d|e|r|,102210fe594ee9b33d82058545b1ed14f4c8206e,PerceptualSpeedIndex,ebay-kleinanzeigen,True,ebay-kleinanzeigen PerceptualSpeedIndex opt warm webrender,,77,ms,geckoview,443555666.0,1826976581,2024-01-17 00:27:37,1361277,,,,,,,,,,,,,,,,,,,,,,,,,,,,,,,,,,,,,,,,,,,,,,,,,TN
1308,71000174812fc0992b6793e53ac5f11f1b87bdc0,0.125548496954614,autoland,4366813,13,930eca14459531ff5483e56979276f480af08a6a,android-hw-a51-11-0-aarch64-shippable-qr,True,False,,|w|a|r|m| |w|e|b|r|e|n|d|e|r|,102210fe594ee9b33d82058545b1ed14f4c8206e,PerceptualSpeedIndex,ebay-kleinanzeigen,True,ebay-kleinanzeigen PerceptualSpeedIndex opt warm webrender,,77,ms,geckoview,443572863.0,1827072980,2024-01-17 05:04:36,1361364,,,,,,,,,,,,,,,,,,,,,,,,,,,,,,,,,,,,,,,,,,,,,,,,,TN
1309,504ffc20d2ebb35be48357830d614ec96765c802,0.14630951601283637,autoland,4366813,13,930eca14459531ff5483e56979276f480af08a6a,android-hw-a51-11-0-aarch64-shippable-qr,True,False,,|w|a|r|m| |w|e|b|r|e|n|d|e|r|,102210fe594ee9b33d82058545b1ed14f4c8206e,PerceptualSpeedIndex,ebay-kleinanzeigen,True,ebay-kleinanzeigen PerceptualSpeedIndex opt warm webrender,,77,ms,geckoview,443606806.0,1827194904,2024-01-17 09:39:35,1361428,,,,,,,,,,,,,,,,,,,,,,,,,,,,,,,,,,,,,,,,,,,,,,,,,TN
1310,362d9aca9e101b9ee8f7efe2a7c456e245e6313c,0.1251555439125025,autoland,4366813,13,930eca14459531ff5483e56979276f480af08a6a,android-hw-a51-11-0-aarch64-shippable-qr,True,False,,|w|a|r|m| |w|e|b|r|e|n|d|e|r|,102210fe594ee9b33d82058545b1ed14f4c8206e,PerceptualSpeedIndex,ebay-kleinanzeigen,True,ebay-kleinanzeigen PerceptualSpeedIndex opt warm webrender,,77,ms,geckoview,443624520.0,1827247298,2024-01-17 11:04:44,1361499,,,,,,,,,,,,,,,,,,,,,,,,,,,,,,,,,,,,,,,,,,,,,,,,,TN
1311,848e3e2acdf34af9e6862b8a77a8d1ea39c48098,0.13124631606523018,autoland,4366813,13,930eca14459531ff5483e56979276f480af08a6a,android-hw-a51-11-0-aarch64-shippable-qr,True,False,,|w|a|r|m| |w|e|b|r|e|n|d|e|r|,102210fe594ee9b33d82058545b1ed14f4c8206e,PerceptualSpeedIndex,ebay-kleinanzeigen,True,ebay-kleinanzeigen PerceptualSpeedIndex opt warm webrender,,77,ms,geckoview,443676442.0,1827451041,2024-01-17 15:07:48,1361632,,,,,,,,,,,,,,,,,,,,,,,,,,,,,,,,,,,,,,,,,,,,,,,,,TN
1312,a11dab561c63102a4ed97f42068f448ec332c652,0.13019844128626634,autoland,4366813,13,930eca14459531ff5483e56979276f480af08a6a,android-hw-a51-11-0-aarch64-shippable-qr,True,False,,|w|a|r|m| |w|e|b|r|e|n|d|e|r|,102210fe594ee9b33d82058545b1ed14f4c8206e,PerceptualSpeedIndex,ebay-kleinanzeigen,True,ebay-kleinanzeigen PerceptualSpeedIndex opt warm webrender,,77,ms,geckoview,443667962.0,1827436747,2024-01-17 15:18:54,1361644,,,,,,,,,,,,,,,,,,,,,,,,,,,,,,,,,,,,,,,,,,,,,,,,,TN
1313,fe239ad8a8aea4198d356ae3ab92415c5237b530,0.13111533171785983,autoland,4366813,13,930eca14459531ff5483e56979276f480af08a6a,android-hw-a51-11-0-aarch64-shippable-qr,True,False,,|w|a|r|m| |w|e|b|r|e|n|d|e|r|,102210fe594ee9b33d82058545b1ed14f4c8206e,PerceptualSpeedIndex,ebay-kleinanzeigen,True,ebay-kleinanzeigen PerceptualSpeedIndex opt warm webrender,,77,ms,geckoview,443714653.0,1827654308,2024-01-17 23:49:06,1361957,,,,,,,,,,,,,,,,,,,,,,,,,,,,,,,,,,,,,,,,,,,,,,,,,TN
1314,79a6322a49b2f811fe674c1802ab75b99d9c95a3,0.12659637173357785,autoland,4366813,13,930eca14459531ff5483e56979276f480af08a6a,android-hw-a51-11-0-aarch64-shippable-qr,True,False,,|w|a|r|m| |w|e|b|r|e|n|d|e|r|,102210fe594ee9b33d82058545b1ed14f4c8206e,PerceptualSpeedIndex,ebay-kleinanzeigen,True,ebay-kleinanzeigen PerceptualSpeedIndex opt warm webrender,,77,ms,geckoview,443716964.0,1827678287,2024-01-17 23:52:50,1361961,,,,,,,,,,,,,,,,,,,,,,,,,,,,,,,,,,,,,,,,,,,,,,,,,TN
1315,c38d482445a0c034ac7b8fc0219092fccdbc58b2,0.1234527473966861,autoland,4366813,13,930eca14459531ff5483e56979276f480af08a6a,android-hw-a51-11-0-aarch64-shippable-qr,True,False,,|w|a|r|m| |w|e|b|r|e|n|d|e|r|,102210fe594ee9b33d82058545b1ed14f4c8206e,PerceptualSpeedIndex,ebay-kleinanzeigen,True,ebay-kleinanzeigen PerceptualSpeedIndex opt warm webrender,,77,ms,geckoview,443726838.0,1827754757,2024-01-18 01:49:32,1362034,,,,,,,,,,,,,,,,,,,,,,,,,,,,,,,,,,,,,,,,,,,,,,,,,TN
1316,a505d6315623943fb581b7f21beece40fc6faf17,0.1284301525967647,autoland,4366813,13,930eca14459531ff5483e56979276f480af08a6a,android-hw-a51-11-0-aarch64-shippable-qr,True,False,,|w|a|r|m| |w|e|b|r|e|n|d|e|r|,102210fe594ee9b33d82058545b1ed14f4c8206e,PerceptualSpeedIndex,ebay-kleinanzeigen,True,ebay-kleinanzeigen PerceptualSpeedIndex opt warm webrender,,77,ms,geckoview,443756632.0,1827911211,2024-01-18 06:50:06,1362092,,,,,,,,,,,,,,,,,,,,,,,,,,,,,,,,,,,,,,,,,,,,,,,,,TN
1317,0688ca401470034e41e10f2480620e88cac2700f,0.12947802737572867,autoland,4366813,13,930eca14459531ff5483e56979276f480af08a6a,android-hw-a51-11-0-aarch64-shippable-qr,True,False,,|w|a|r|m| |w|e|b|r|e|n|d|e|r|,102210fe594ee9b33d82058545b1ed14f4c8206e,PerceptualSpeedIndex,ebay-kleinanzeigen,True,ebay-kleinanzeigen PerceptualSpeedIndex opt warm webrender,,77,ms,geckoview,443781337.0,1828071538,2024-01-18 10:52:50,1362184,,,,,,,,,,,,,,,,,,,,,,,,,,,,,,,,,,,,,,,,,,,,,,,,,TN
1318,68ff26df33468fe750b39f175b43b8507718ece4,0.12770973868622704,autoland,4366813,13,930eca14459531ff5483e56979276f480af08a6a,android-hw-a51-11-0-aarch64-shippable-qr,True,False,,|w|a|r|m| |w|e|b|r|e|n|d|e|r|,102210fe594ee9b33d82058545b1ed14f4c8206e,PerceptualSpeedIndex,ebay-kleinanzeigen,True,ebay-kleinanzeigen PerceptualSpeedIndex opt warm webrender,,77,ms,geckoview,443801944.0,1828168909,2024-01-18 13:21:23,1362232,,,,,,,,,,,,,,,,,,,,,,,,,,,,,,,,,,,,,,,,,,,,,,,,,TN
1319,2b70f662a79773d519e78f0b8b64723a20b1e788,0.12102953697033203,autoland,4366813,13,930eca14459531ff5483e56979276f480af08a6a,android-hw-a51-11-0-aarch64-shippable-qr,True,False,,|w|a|r|m| |w|e|b|r|e|n|d|e|r|,102210fe594ee9b33d82058545b1ed14f4c8206e,PerceptualSpeedIndex,ebay-kleinanzeigen,True,ebay-kleinanzeigen PerceptualSpeedIndex opt warm webrender,,77,ms,geckoview,443828301.0,1828359921,2024-01-18 17:52:02,1362427,,,,,,,,,,,,,,,,,,,,,,,,,,,,,,,,,,,,,,,,,,,,,,,,,TN
1320,ef9ad6a28dae5d4efbe723dde5068cfdde493918,0.14801231252865288,autoland,4366813,13,930eca14459531ff5483e56979276f480af08a6a,android-hw-a51-11-0-aarch64-shippable-qr,True,False,,|w|a|r|m| |w|e|b|r|e|n|d|e|r|,102210fe594ee9b33d82058545b1ed14f4c8206e,PerceptualSpeedIndex,ebay-kleinanzeigen,True,ebay-kleinanzeigen PerceptualSpeedIndex opt warm webrender,,77,ms,geckoview,443870270.0,1828476419,2024-01-18 23:10:50,1362632,,,,,,,,,,,,,,,,,,,,,,,,,,,,,,,,,,,,,,,,,,,,,,,,,TN
1321,5624cd2e1525fd15b148c44ce2106fce74d6f297,0.12770973868622704,autoland,4366813,13,930eca14459531ff5483e56979276f480af08a6a,android-hw-a51-11-0-aarch64-shippable-qr,True,False,,|w|a|r|m| |w|e|b|r|e|n|d|e|r|,102210fe594ee9b33d82058545b1ed14f4c8206e,PerceptualSpeedIndex,ebay-kleinanzeigen,True,ebay-kleinanzeigen PerceptualSpeedIndex opt warm webrender,,77,ms,geckoview,443871793.0,1828494359,2024-01-18 23:17:45,1362637,,,,,,,,,,,,,,,,,,,,,,,,,,,,,,,,,,,,,,,,,,,,,,,,,TN
1322,b6393478fdf670fcce10fd4334c2601561eaea5d,0.1305259021546925,autoland,4366813,13,930eca14459531ff5483e56979276f480af08a6a,android-hw-a51-11-0-aarch64-shippable-qr,True,False,,|w|a|r|m| |w|e|b|r|e|n|d|e|r|,102210fe594ee9b33d82058545b1ed14f4c8206e,PerceptualSpeedIndex,ebay-kleinanzeigen,True,ebay-kleinanzeigen PerceptualSpeedIndex opt warm webrender,,77,ms,geckoview,443894068.0,1828631463,2024-01-19 04:17:47,1362724,,,,,,,,,,,,,,,,,,,,,,,,,,,,,,,,,,,,,,,,,,,,,,,,,TN
1323,99bf71eaca444aa371e7c84536a1b8aa434ef205,0.13314558910210228,autoland,4366813,13,930eca14459531ff5483e56979276f480af08a6a,android-hw-a51-11-0-aarch64-shippable-qr,True,False,,|w|a|r|m| |w|e|b|r|e|n|d|e|r|,102210fe594ee9b33d82058545b1ed14f4c8206e,PerceptualSpeedIndex,ebay-kleinanzeigen,True,ebay-kleinanzeigen PerceptualSpeedIndex opt warm webrender,,77,ms,geckoview,443933099.0,1828780969,2024-01-19 10:07:40,1362807,,,,,,,,,,,,,,,,,,,,,,,,,,,,,,,,,,,,,,,,,,,,,,,,,TN
1324,7459e9088955262e4430e24661d856acc7ca8929,0.12666186390726308,autoland,4366813,13,930eca14459531ff5483e56979276f480af08a6a,android-hw-a51-11-0-aarch64-shippable-qr,True,False,,|w|a|r|m| |w|e|b|r|e|n|d|e|r|,102210fe594ee9b33d82058545b1ed14f4c8206e,PerceptualSpeedIndex,ebay-kleinanzeigen,True,ebay-kleinanzeigen PerceptualSpeedIndex opt warm webrender,,77,ms,geckoview,443927400.0,1828766200,2024-01-19 10:28:03,1362814,,,,,,,,,,,,,,,,,,,,,,,,,,,,,,,,,,,,,,,,,,,,,,,,,TN
1325,3aabb457a4630b878d121ef2eb9d2f0448847a6b,0.11840985002292226,autoland,4366813,13,930eca14459531ff5483e56979276f480af08a6a,android-hw-a51-11-0-aarch64-shippable-qr,True,False,,|w|a|r|m| |w|e|b|r|e|n|d|e|r|,102210fe594ee9b33d82058545b1ed14f4c8206e,PerceptualSpeedIndex,ebay-kleinanzeigen,True,ebay-kleinanzeigen PerceptualSpeedIndex opt warm webrender,,77,ms,geckoview,443955058.0,1828895138,2024-01-19 14:55:23,1362913,,,,,,,,,,,,,,,,,,,,,,,,,,,,,,,,,,,,,,,,,,,,,,,,,TN
1326,1ccd394332683308e570afe9039275d8e79be900,0.125548496954614,autoland,4366813,13,930eca14459531ff5483e56979276f480af08a6a,android-hw-a51-11-0-aarch64-shippable-qr,True,False,,|w|a|r|m| |w|e|b|r|e|n|d|e|r|,102210fe594ee9b33d82058545b1ed14f4c8206e,PerceptualSpeedIndex,ebay-kleinanzeigen,True,ebay-kleinanzeigen PerceptualSpeedIndex opt warm webrender,,77,ms,geckoview,443977470.0,1828990187,2024-01-19 19:17:59,1363113,,,,,,,,,,,,,,,,,,,,,,,,,,,,,,,,,,,,,,,,,,,,,,,,,TN
1327,6d2ef7f226a0360135c1955b8805bd41d9af41e4,0.12057109175453529,autoland,4366813,13,930eca14459531ff5483e56979276f480af08a6a,android-hw-a51-11-0-aarch64-shippable-qr,True,False,,|w|a|r|m| |w|e|b|r|e|n|d|e|r|,102210fe594ee9b33d82058545b1ed14f4c8206e,PerceptualSpeedIndex,ebay-kleinanzeigen,True,ebay-kleinanzeigen PerceptualSpeedIndex opt warm webrender,,77,ms,geckoview,444003572.0,1829202511,2024-01-20 00:04:44,1363285,,,,,,,,,,,,,,,,,,,,,,,,,,,,,,,,,,,,,,,,,,,,,,,,,TN
1328,5471899cc9d0a7dfda174e9d7cfc986c2820eff8,0.12509005173881727,autoland,4366813,13,930eca14459531ff5483e56979276f480af08a6a,android-hw-a51-11-0-aarch64-shippable-qr,True,False,,|w|a|r|m| |w|e|b|r|e|n|d|e|r|,102210fe594ee9b33d82058545b1ed14f4c8206e,PerceptualSpeedIndex,ebay-kleinanzeigen,True,ebay-kleinanzeigen PerceptualSpeedIndex opt warm webrender,,77,ms,geckoview,444011809.0,1829293905,2024-01-20 04:18:19,1363367,,,,,,,,,,,,,,,,,,,,,,,,,,,,,,,,,,,,,,,,,,,,,,,,,TN
1329,4f4fa003a90f9d818ecfa36474300a11af18be25,0.1293470430283582,autoland,4366813,13,930eca14459531ff5483e56979276f480af08a6a,android-hw-a51-11-0-aarch64-shippable-qr,True,False,,|w|a|r|m| |w|e|b|r|e|n|d|e|r|,102210fe594ee9b33d82058545b1ed14f4c8206e,PerceptualSpeedIndex,ebay-kleinanzeigen,True,ebay-kleinanzeigen PerceptualSpeedIndex opt warm webrender,,77,ms,geckoview,444041236.0,1829490854,2024-01-21 00:59:25,1363463,,,,,,,,,,,,,,,,,,,,,,,,,,,,,,,,,,,,,,,,,,,,,,,,,TN
1330,0361c1f29babcfb2f10e1646dffe72cd452a3df4,0.118868295238719,autoland,4366813,13,930eca14459531ff5483e56979276f480af08a6a,android-hw-a51-11-0-aarch64-shippable-qr,True,False,,|w|a|r|m| |w|e|b|r|e|n|d|e|r|,102210fe594ee9b33d82058545b1ed14f4c8206e,PerceptualSpeedIndex,ebay-kleinanzeigen,True,ebay-kleinanzeigen PerceptualSpeedIndex opt warm webrender,,77,ms,geckoview,444068349.0,1829592584,2024-01-21 14:36:57,1363517,,,,,,,,,,,,,,,,,,,,,,,,,,,,,,,,,,,,,,,,,,,,,,,,,TN
1331,6b4a069fe37d2413229dda3b61ccaf7b8f3a5f5d,0.13707511952321705,autoland,4366813,13,930eca14459531ff5483e56979276f480af08a6a,android-hw-a51-11-0-aarch64-shippable-qr,True,False,,|w|a|r|m| |w|e|b|r|e|n|d|e|r|,102210fe594ee9b33d82058545b1ed14f4c8206e,PerceptualSpeedIndex,ebay-kleinanzeigen,True,ebay-kleinanzeigen PerceptualSpeedIndex opt warm webrender,,77,ms,geckoview,444096835.0,1829703178,2024-01-22 07:43:27,1363663,,,,,,,,,,,,,,,,,,,,,,,,,,,,,,,,,,,,,,,,,,,,,,,,,TN
1332,095c9da9e10fc012c2e6a7d929fdcc7c03d09373,0.11899927958608958,autoland,4366813,13,930eca14459531ff5483e56979276f480af08a6a,android-hw-a51-11-0-aarch64-shippable-qr,True,False,,|w|a|r|m| |w|e|b|r|e|n|d|e|r|,102210fe594ee9b33d82058545b1ed14f4c8206e,PerceptualSpeedIndex,ebay-kleinanzeigen,True,ebay-kleinanzeigen PerceptualSpeedIndex opt warm webrender,,77,ms,geckoview,444121745.0,1829782409,2024-01-22 10:58:56,1363731,,,,,,,,,,,,,,,,,,,,,,,,,,,,,,,,,,,,,,,,,,,,,,,,,TN
1333,58cedc1e4ff28881f9ebd1749feaa24edbded9ce,0.14611303949178067,autoland,4366813,13,930eca14459531ff5483e56979276f480af08a6a,android-hw-a51-11-0-aarch64-shippable-qr,True,False,,|w|a|r|m| |w|e|b|r|e|n|d|e|r|,102210fe594ee9b33d82058545b1ed14f4c8206e,PerceptualSpeedIndex,ebay-kleinanzeigen,True,ebay-kleinanzeigen PerceptualSpeedIndex opt warm webrender,,77,ms,geckoview,444162726.0,1830057789,2024-01-22 15:24:53,1363894,,,,,,,,,,,,,,,,,,,,,,,,,,,,,,,,,,,,,,,,,,,,,,,,,TN
1334,82dfbdd770bc54674f82bae256dae683772884af,0.149387648176043,autoland,4366813,13,930eca14459531ff5483e56979276f480af08a6a,android-hw-a51-11-0-aarch64-shippable-qr,True,False,,|w|a|r|m| |w|e|b|r|e|n|d|e|r|,102210fe594ee9b33d82058545b1ed14f4c8206e,PerceptualSpeedIndex,ebay-kleinanzeigen,True,ebay-kleinanzeigen PerceptualSpeedIndex opt warm webrender,,77,ms,geckoview,444167078.0,1830068387,2024-01-22 15:55:20,1363920,,,,,,,,,,,,,,,,,,,,,,,,,,,,,,,,,,,,,,,,,,,,,,,,,TN
1335,ef71d190cd57de7a178f312b29fc104e6e3e98d4,0.15344816294452812,autoland,4366813,13,930eca14459531ff5483e56979276f480af08a6a,android-hw-a51-11-0-aarch64-shippable-qr,True,False,,|w|a|r|m| |w|e|b|r|e|n|d|e|r|,102210fe594ee9b33d82058545b1ed14f4c8206e,PerceptualSpeedIndex,ebay-kleinanzeigen,True,ebay-kleinanzeigen PerceptualSpeedIndex opt warm webrender,,77,ms,geckoview,444198727.0,1830108526,2024-01-22 18:55:34,1364078,,,,,,,,,,,,,,,,,,,,,,,,,,,,,,,,,,,,,,,,,,,,,,,,,TN
1336,06bafd5cf7f34e757edddf2def6a98003c6b1643,0.13275263605999088,autoland,4366813,13,930eca14459531ff5483e56979276f480af08a6a,android-hw-a51-11-0-aarch64-shippable-qr,True,False,,|w|a|r|m| |w|e|b|r|e|n|d|e|r|,102210fe594ee9b33d82058545b1ed14f4c8206e,PerceptualSpeedIndex,ebay-kleinanzeigen,True,ebay-kleinanzeigen PerceptualSpeedIndex opt warm webrender,,77,ms,geckoview,444230407.0,1830229215,2024-01-22 22:04:08,1364244,,,,,,,,,,,,,,,,,,,,,,,,,,,,,,,,,,,,,,,,,,,,,,,,,TN
1337,43fa5aa71c8c00288a4fe686f0e4bf72e2f5f28d,0.13864693169166298,autoland,4366813,13,930eca14459531ff5483e56979276f480af08a6a,android-hw-a51-11-0-aarch64-shippable-qr,True,False,,|w|a|r|m| |w|e|b|r|e|n|d|e|r|,102210fe594ee9b33d82058545b1ed14f4c8206e,PerceptualSpeedIndex,ebay-kleinanzeigen,True,ebay-kleinanzeigen PerceptualSpeedIndex opt warm webrender,,77,ms,geckoview,444241229.0,1830289668,2024-01-23 00:22:14,1364332,,,,,,,,,,,,,,,,,,,,,,,,,,,,,,,,,,,,,,,,,,,,,,,,,TN
1338,fcdb6404eb0234c50bf85922bacad525da6851d5,0.1410046499443317,autoland,4366813,13,930eca14459531ff5483e56979276f480af08a6a,android-hw-a51-11-0-aarch64-shippable-qr,True,False,,|w|a|r|m| |w|e|b|r|e|n|d|e|r|,102210fe594ee9b33d82058545b1ed14f4c8206e,PerceptualSpeedIndex,ebay-kleinanzeigen,True,ebay-kleinanzeigen PerceptualSpeedIndex opt warm webrender,,77,ms,geckoview,444259795.0,1830421936,2024-01-23 05:54:31,1364408,,,,,,,,,,,,,,,,,,,,,,,,,,,,,,,,,,,,,,,,,,,,,,,,,TN
1339,296f1b67a4750aa2166832b5b9d8ba0eee6fe635,0.12679284825463355,autoland,4366813,13,930eca14459531ff5483e56979276f480af08a6a,android-hw-a51-11-0-aarch64-shippable-qr,True,False,,|w|a|r|m| |w|e|b|r|e|n|d|e|r|,102210fe594ee9b33d82058545b1ed14f4c8206e,PerceptualSpeedIndex,ebay-kleinanzeigen,True,ebay-kleinanzeigen PerceptualSpeedIndex opt warm webrender,,77,ms,geckoview,444305987.0,1830605787,2024-01-23 14:14:29,1364570,,,,,,,,,,,,,,,,,,,,,,,,,,,,,,,,,,,,,,,,,,,,,,,,,TN
1340,f3efca74da0f43269bd8ac07e2a5d27e89c4d7c3,0.13078787084943355,autoland,4366813,13,930eca14459531ff5483e56979276f480af08a6a,android-hw-a51-11-0-aarch64-shippable-qr,True,False,,|w|a|r|m| |w|e|b|r|e|n|d|e|r|,102210fe594ee9b33d82058545b1ed14f4c8206e,PerceptualSpeedIndex,ebay-kleinanzeigen,True,ebay-kleinanzeigen PerceptualSpeedIndex opt warm webrender,,77,ms,geckoview,444318523.0,1830735515,2024-01-23 14:50:16,1364607,,,,,,,,,,,,,,,,,,,,,,,,,,,,,,,,,,,,,,,,,,,,,,,,,TN
1341,936300bf2ee78e086143fb3718e2c0af755385b0,0.13275263605999088,autoland,4366813,13,930eca14459531ff5483e56979276f480af08a6a,android-hw-a51-11-0-aarch64-shippable-qr,True,False,,|w|a|r|m| |w|e|b|r|e|n|d|e|r|,102210fe594ee9b33d82058545b1ed14f4c8206e,PerceptualSpeedIndex,ebay-kleinanzeigen,True,ebay-kleinanzeigen PerceptualSpeedIndex opt warm webrender,,77,ms,geckoview,444327004.0,1830745220,2024-01-23 16:09:55,1364702,,,,,,,,,,,,,,,,,,,,,,,,,,,,,,,,,,,,,,,,,,,,,,,,,TN
1342,ec71bc6778c4bdb9b4a93283fc0a3d3f302eb89e,0.13157377693365635,autoland,4366813,13,930eca14459531ff5483e56979276f480af08a6a,android-hw-a51-11-0-aarch64-shippable-qr,True,False,,|w|a|r|m| |w|e|b|r|e|n|d|e|r|,102210fe594ee9b33d82058545b1ed14f4c8206e,PerceptualSpeedIndex,ebay-kleinanzeigen,True,ebay-kleinanzeigen PerceptualSpeedIndex opt warm webrender,,77,ms,geckoview,444344001.0,1830854886,2024-01-23 19:03:54,1364834,,,,,,,,,,,,,,,,,,,,,,,,,,,,,,,,,,,,,,,,,,,,,,,,,TN
1343,25e5c4ea04b149ffa31cda5c4d75559df5369612,0.12312528652825994,autoland,4366813,13,930eca14459531ff5483e56979276f480af08a6a,android-hw-a51-11-0-aarch64-shippable-qr,True,False,,|w|a|r|m| |w|e|b|r|e|n|d|e|r|,102210fe594ee9b33d82058545b1ed14f4c8206e,PerceptualSpeedIndex,ebay-kleinanzeigen,True,ebay-kleinanzeigen PerceptualSpeedIndex opt warm webrender,,77,ms,geckoview,444370170.0,1830988219,2024-01-23 22:21:15,1365024,,,,,,,,,,,,,,,,,,,,,,,,,,,,,,,,,,,,,,,,,,,,,,,,,TN
1344,a0389da68b91e5a92b02ccd9e65991bffb5d5771,0.14585107079703985,autoland,4366813,13,930eca14459531ff5483e56979276f480af08a6a,android-hw-a51-11-0-aarch64-shippable-qr,True,False,,|w|a|r|m| |w|e|b|r|e|n|d|e|r|,102210fe594ee9b33d82058545b1ed14f4c8206e,PerceptualSpeedIndex,ebay-kleinanzeigen,True,ebay-kleinanzeigen PerceptualSpeedIndex opt warm webrender,,77,ms,geckoview,444388730.0,1831054073,2024-01-24 02:38:58,1365197,,,,,,,,,,,,,,,,,,,,,,,,,,,,,,,,,,,,,,,,,,,,,,,,,TN
1345,eed6f8e8fe3af01f49be74cc1be72d51e5a0933f,0.13249066736524984,autoland,4366813,13,930eca14459531ff5483e56979276f480af08a6a,android-hw-a51-11-0-aarch64-shippable-qr,True,False,,|w|a|r|m| |w|e|b|r|e|n|d|e|r|,102210fe594ee9b33d82058545b1ed14f4c8206e,PerceptualSpeedIndex,ebay-kleinanzeigen,True,ebay-kleinanzeigen PerceptualSpeedIndex opt warm webrender,,77,ms,geckoview,444402891.0,1831145157,2024-01-24 06:43:12,1365260,,,,,,,,,,,,,,,,,,,,,,,,,,,,,,,,,,,,,,,,,,,,,,,,,TN
1346,7079db6b8da9081aee6b0ce96b68f368efec3277,0.14185604820223985,autoland,4366813,13,930eca14459531ff5483e56979276f480af08a6a,android-hw-a51-11-0-aarch64-shippable-qr,True,False,,|w|a|r|m| |w|e|b|r|e|n|d|e|r|,102210fe594ee9b33d82058545b1ed14f4c8206e,PerceptualSpeedIndex,ebay-kleinanzeigen,True,ebay-kleinanzeigen PerceptualSpeedIndex opt warm webrender,,77,ms,geckoview,444406106.0,1831153315,2024-01-24 06:57:11,1365262,,,,,,,,,,,,,,,,,,,,,,,,,,,,,,,,,,,,,,,,,,,,,,,,,TN
1347,ce20634f32a1b78384fbbc028b4f86266056e7fb,0.19739341148732725,autoland,4366813,13,930eca14459531ff5483e56979276f480af08a6a,android-hw-a51-11-0-aarch64-shippable-qr,True,False,,|w|a|r|m| |w|e|b|r|e|n|d|e|r|,102210fe594ee9b33d82058545b1ed14f4c8206e,PerceptualSpeedIndex,ebay-kleinanzeigen,True,ebay-kleinanzeigen PerceptualSpeedIndex opt warm webrender,,77,ms,geckoview,444452282.0,1831349847,2024-01-24 11:40:35,1365369,,,,,,,,,,,,,,,,,,,,,,,,,,,,,,,,,,,,,,,,,,,,,,,,,TN
1348,150dd33322ea6d34c4829f8e67efe7e37be8c48e,0.12423865348090912,autoland,4366813,13,930eca14459531ff5483e56979276f480af08a6a,android-hw-a51-11-0-aarch64-shippable-qr,True,False,,|w|a|r|m| |w|e|b|r|e|n|d|e|r|,102210fe594ee9b33d82058545b1ed14f4c8206e,PerceptualSpeedIndex,ebay-kleinanzeigen,True,ebay-kleinanzeigen PerceptualSpeedIndex opt warm webrender,,77,ms,geckoview,444487157.0,1831537380,2024-01-24 16:03:05,1365533,,,,,,,,,,,,,,,,,,,,,,,,,,,,,,,,,,,,,,,,,,,,,,,,,TN
1349,e22428605dbb49942204564b03db80f474ea35ba,0.1345209247494924,autoland,4366813,13,930eca14459531ff5483e56979276f480af08a6a,android-hw-a51-11-0-aarch64-shippable-qr,True,False,,|w|a|r|m| |w|e|b|r|e|n|d|e|r|,102210fe594ee9b33d82058545b1ed14f4c8206e,PerceptualSpeedIndex,ebay-kleinanzeigen,True,ebay-kleinanzeigen PerceptualSpeedIndex opt warm webrender,,77,ms,geckoview,444506313.0,1831621723,2024-01-24 18:01:21,1365677,,,,,,,,,,,,,,,,,,,,,,,,,,,,,,,,,,,,,,,,,,,,,,,,,TN
1350,b8b82bd9546fe4e63cd5e9d29248d87665c548b8,0.13000196476521064,autoland,4366813,13,930eca14459531ff5483e56979276f480af08a6a,android-hw-a51-11-0-aarch64-shippable-qr,True,False,,|w|a|r|m| |w|e|b|r|e|n|d|e|r|,102210fe594ee9b33d82058545b1ed14f4c8206e,PerceptualSpeedIndex,ebay-kleinanzeigen,True,ebay-kleinanzeigen PerceptualSpeedIndex opt warm webrender,,77,ms,geckoview,444529230.0,1831725855,2024-01-24 22:08:16,1365907,,,,,,,,,,,,,,,,,,,,,,,,,,,,,,,,,,,,,,,,,,,,,,,,,TN
1351,ce5606473bf95f0899f69034525766ca9d0ed749,0.12698932477568925,autoland,4366813,13,930eca14459531ff5483e56979276f480af08a6a,android-hw-a51-11-0-aarch64-shippable-qr,True,False,,|w|a|r|m| |w|e|b|r|e|n|d|e|r|,102210fe594ee9b33d82058545b1ed14f4c8206e,PerceptualSpeedIndex,ebay-kleinanzeigen,True,ebay-kleinanzeigen PerceptualSpeedIndex opt warm webrender,,77,ms,geckoview,444546727.0,1831823459,2024-01-25 05:05:51,1366048,,,,,,,,,,,,,,,,,,,,,,,,,,,,,,,,,,,,,,,,,,,,,,,,,TN
1352,c0289f78466cf0bf8a6871ef3417c180aab77e07,0.13537232300740065,autoland,4366813,13,930eca14459531ff5483e56979276f480af08a6a,android-hw-a51-11-0-aarch64-shippable-qr,True,False,,|w|a|r|m| |w|e|b|r|e|n|d|e|r|,102210fe594ee9b33d82058545b1ed14f4c8206e,PerceptualSpeedIndex,ebay-kleinanzeigen,True,ebay-kleinanzeigen PerceptualSpeedIndex opt warm webrender,,77,ms,geckoview,444564965.0,1831899999,2024-01-25 07:56:38,1366087,,,,,,,,,,,,,,,,,,,,,,,,,,,,,,,,,,,,,,,,,,,,,,,,,TN
1353,c746000752516a4b8ede1f6a5c7b2f4be12a33d7,0.12620341869146645,autoland,4366813,13,930eca14459531ff5483e56979276f480af08a6a,android-hw-a51-11-0-aarch64-shippable-qr,True,False,,|w|a|r|m| |w|e|b|r|e|n|d|e|r|,102210fe594ee9b33d82058545b1ed14f4c8206e,PerceptualSpeedIndex,ebay-kleinanzeigen,True,ebay-kleinanzeigen PerceptualSpeedIndex opt warm webrender,,77,ms,geckoview,444597147.0,1832021404,2024-01-25 12:05:33,1366202,,,,,,,,,,,,,,,,,,,,,,,,,,,,,,,,,,,,,,,,,,,,,,,,,TN
1354,34f197ce93a24d93523617eba67ecee2e990c37c,0.12875761346519088,autoland,4366813,13,930eca14459531ff5483e56979276f480af08a6a,android-hw-a51-11-0-aarch64-shippable-qr,True,False,,|w|a|r|m| |w|e|b|r|e|n|d|e|r|,102210fe594ee9b33d82058545b1ed14f4c8206e,PerceptualSpeedIndex,ebay-kleinanzeigen,True,ebay-kleinanzeigen PerceptualSpeedIndex opt warm webrender,,77,ms,geckoview,444620097.0,1832183728,2024-01-25 15:26:29,1366326,,,,,,,,,,,,,,,,,,,,,,,,,,,,,,,,,,,,,,,,,,,,,,,,,TN
1355,dd2a416c0c76b4cc9f6161d6be89aa7356e4eae5,0.1350448621389745,autoland,4366813,13,930eca14459531ff5483e56979276f480af08a6a,android-hw-a51-11-0-aarch64-shippable-qr,True,False,,|w|a|r|m| |w|e|b|r|e|n|d|e|r|,102210fe594ee9b33d82058545b1ed14f4c8206e,PerceptualSpeedIndex,ebay-kleinanzeigen,True,ebay-kleinanzeigen PerceptualSpeedIndex opt warm webrender,,77,ms,geckoview,444651665.0,1832368705,2024-01-25 20:50:47,1366563,,,,,,,,,,,,,,,,,,,,,,,,,,,,,,,,,,,,,,,,,,,,,,,,,TN
1356,5da1e842ef70c74d8ed72128e460f75b633fae95,0.1379265177811252,autoland,4366813,13,930eca14459531ff5483e56979276f480af08a6a,android-hw-a51-11-0-aarch64-shippable-qr,True,False,,|w|a|r|m| |w|e|b|r|e|n|d|e|r|,102210fe594ee9b33d82058545b1ed14f4c8206e,PerceptualSpeedIndex,ebay-kleinanzeigen,True,ebay-kleinanzeigen PerceptualSpeedIndex opt warm webrender,,77,ms,geckoview,444651763.0,1832370211,2024-01-25 20:51:29,1366564,,,,,,,,,,,,,,,,,,,,,,,,,,,,,,,,,,,,,,,,,,,,,,,,,TN
1357,a412d893c38f632f34b44a9c5b3fd8cc30bb87be,0.14067718907590543,autoland,4366813,13,930eca14459531ff5483e56979276f480af08a6a,android-hw-a51-11-0-aarch64-shippable-qr,True,False,,|w|a|r|m| |w|e|b|r|e|n|d|e|r|,102210fe594ee9b33d82058545b1ed14f4c8206e,PerceptualSpeedIndex,ebay-kleinanzeigen,True,ebay-kleinanzeigen PerceptualSpeedIndex opt warm webrender,,77,ms,geckoview,444689490.0,1832522154,2024-01-26 03:41:27,1366751,,,,,,,,,,,,,,,,,,,,,,,,,,,,,,,,,,,,,,,,,,,,,,,,,TN
1358,18f5823716e4c35d7c899d2ce4be7fcd66cab9d0,0.11991617001768284,autoland,4366813,13,930eca14459531ff5483e56979276f480af08a6a,android-hw-a51-11-0-aarch64-shippable-qr,True,False,,|w|a|r|m| |w|e|b|r|e|n|d|e|r|,102210fe594ee9b33d82058545b1ed14f4c8206e,PerceptualSpeedIndex,ebay-kleinanzeigen,True,ebay-kleinanzeigen PerceptualSpeedIndex opt warm webrender,,77,ms,geckoview,444741227.0,1832746200,2024-01-26 11:04:34,1366921,,,,,,,,,,,,,,,,,,,,,,,,,,,,,,,,,,,,,,,,,,,,,,,,,TN
1359,19005661ad786853d186a7d3434e6c290bccaa95,0.14414827428122334,autoland,4366813,13,930eca14459531ff5483e56979276f480af08a6a,android-hw-a51-11-0-aarch64-shippable-qr,True,False,,|w|a|r|m| |w|e|b|r|e|n|d|e|r|,102210fe594ee9b33d82058545b1ed14f4c8206e,PerceptualSpeedIndex,ebay-kleinanzeigen,True,ebay-kleinanzeigen PerceptualSpeedIndex opt warm webrender,,77,ms,geckoview,444783828.0,1832955434,2024-01-26 15:49:43,1367044,,,,,,,,,,,,,,,,,,,,,,,,,,,,,,,,,,,,,,,,,,,,,,,,,TN
1360,4641c3dcf0c3cfbdc8976f2fcc6898107149e19e,0.12102953697033203,autoland,4366813,13,930eca14459531ff5483e56979276f480af08a6a,android-hw-a51-11-0-aarch64-shippable-qr,True,False,,|w|a|r|m| |w|e|b|r|e|n|d|e|r|,102210fe594ee9b33d82058545b1ed14f4c8206e,PerceptualSpeedIndex,ebay-kleinanzeigen,True,ebay-kleinanzeigen PerceptualSpeedIndex opt warm webrender,,77,ms,geckoview,444784103.0,1833006081,2024-01-26 15:52:38,1367050,,,,,,,,,,,,,,,,,,,,,,,,,,,,,,,,,,,,,,,,,,,,,,,,,TN
1361,38fb47dac16804e3d5c8211277f084198e43de88,0.13118082389154495,autoland,4366813,13,930eca14459531ff5483e56979276f480af08a6a,android-hw-a51-11-0-aarch64-shippable-qr,True,False,,|w|a|r|m| |w|e|b|r|e|n|d|e|r|,102210fe594ee9b33d82058545b1ed14f4c8206e,PerceptualSpeedIndex,ebay-kleinanzeigen,True,ebay-kleinanzeigen PerceptualSpeedIndex opt warm webrender,,77,ms,geckoview,444807817.0,1833086098,2024-01-26 20:02:47,1367207,,,,,,,,,,,,,,,,,,,,,,,,,,,,,,,,,,,,,,,,,,,,,,,,,TN
1362,ac4906fa040ce76ad5ea8f73caf83045f291b613,0.13294911258104658,autoland,4366813,13,930eca14459531ff5483e56979276f480af08a6a,android-hw-a51-11-0-aarch64-shippable-qr,True,False,,|w|a|r|m| |w|e|b|r|e|n|d|e|r|,102210fe594ee9b33d82058545b1ed14f4c8206e,PerceptualSpeedIndex,ebay-kleinanzeigen,True,ebay-kleinanzeigen PerceptualSpeedIndex opt warm webrender,,77,ms,geckoview,444807857.0,1833109251,2024-01-26 20:05:08,1367213,,,,,,,,,,,,,,,,,,,,,,,,,,,,,,,,,,,,,,,,,,,,,,,,,TN
1363,1e79d9e65ec0577bb7d698c86edc6f35b4f92ce8,0.13733708821795798,autoland,4366813,13,930eca14459531ff5483e56979276f480af08a6a,android-hw-a51-11-0-aarch64-shippable-qr,True,False,,|w|a|r|m| |w|e|b|r|e|n|d|e|r|,102210fe594ee9b33d82058545b1ed14f4c8206e,PerceptualSpeedIndex,ebay-kleinanzeigen,True,ebay-kleinanzeigen PerceptualSpeedIndex opt warm webrender,,77,ms,geckoview,444846633.0,1833397835,2024-01-27 06:05:38,1367422,,,,,,,,,,,,,,,,,,,,,,,,,,,,,,,,,,,,,,,,,,,,,,,,,TN
1364,09a1abcfcfb73aa1ae9781d2816102729c0f82a6,0.12620341869146645,autoland,4366813,13,930eca14459531ff5483e56979276f480af08a6a,android-hw-a51-11-0-aarch64-shippable-qr,True,False,,|w|a|r|m| |w|e|b|r|e|n|d|e|r|,102210fe594ee9b33d82058545b1ed14f4c8206e,PerceptualSpeedIndex,ebay-kleinanzeigen,True,ebay-kleinanzeigen PerceptualSpeedIndex opt warm webrender,,77,ms,geckoview,444879637.0,1833594317,2024-01-27 14:01:44,1367473,,,,,,,,,,,,,,,,,,,,,,,,,,,,,,,,,,,,,,,,,,,,,,,,,TN
1365,2e376c0d1662606cf6811ab3ff138b784d465291,0.128233676075709,autoland,4366813,13,930eca14459531ff5483e56979276f480af08a6a,android-hw-a51-11-0-aarch64-shippable-qr,True,False,,|w|a|r|m| |w|e|b|r|e|n|d|e|r|,102210fe594ee9b33d82058545b1ed14f4c8206e,PerceptualSpeedIndex,ebay-kleinanzeigen,True,ebay-kleinanzeigen PerceptualSpeedIndex opt warm webrender,,77,ms,geckoview,444900402.0,1833735539,2024-01-28 01:17:56,1367530,,,,,,,,,,,,,,,,,,,,,,,,,,,,,,,,,,,,,,,,,,,,,,,,,TN
1366,0f372a16b1e1e959f46701e4210f6a6eaf4e40ec,0.12790621520728274,autoland,4366813,13,930eca14459531ff5483e56979276f480af08a6a,android-hw-a51-11-0-aarch64-shippable-qr,True,False,,|w|a|r|m| |w|e|b|r|e|n|d|e|r|,102210fe594ee9b33d82058545b1ed14f4c8206e,PerceptualSpeedIndex,ebay-kleinanzeigen,True,ebay-kleinanzeigen PerceptualSpeedIndex opt warm webrender,,77,ms,geckoview,444904917.0,1833764278,2024-01-28 06:00:30,1367545,,,,,,,,,,,,,,,,,,,,,,,,,,,,,,,,,,,,,,,,,,,,,,,,,TN
1367,9b32d8116833ab08f4e3f0b18c12587ac1f9360b,0.12142249001244343,autoland,4366813,13,930eca14459531ff5483e56979276f480af08a6a,android-hw-a51-11-0-aarch64-shippable-qr,True,False,,|w|a|r|m| |w|e|b|r|e|n|d|e|r|,102210fe594ee9b33d82058545b1ed14f4c8206e,PerceptualSpeedIndex,ebay-kleinanzeigen,True,ebay-kleinanzeigen PerceptualSpeedIndex opt warm webrender,,77,ms,geckoview,444927264.0,1833842640,2024-01-28 10:01:02,1367556,,,,,,,,,,,,,,,,,,,,,,,,,,,,,,,,,,,,,,,,,,,,,,,,,TN
1368,13780f5cb2f5d698f35a23f2fafa1593ef7affe9,0.13740258039164321,autoland,4366813,13,930eca14459531ff5483e56979276f480af08a6a,android-hw-a51-11-0-aarch64-shippable-qr,True,False,,|w|a|r|m| |w|e|b|r|e|n|d|e|r|,102210fe594ee9b33d82058545b1ed14f4c8206e,PerceptualSpeedIndex,ebay-kleinanzeigen,True,ebay-kleinanzeigen PerceptualSpeedIndex opt warm webrender,,77,ms,geckoview,444945962.0,1834000067,2024-01-28 14:31:15,1367584,,,,,,,,,,,,,,,,,,,,,,,,,,,,,,,,,,,,,,,,,,,,,,,,,TN
1369,852acff05fb8be21502af8fc12cceeb2baa70dd7,0.11657606915973551,autoland,4366813,13,930eca14459531ff5483e56979276f480af08a6a,android-hw-a51-11-0-aarch64-shippable-qr,True,False,,|w|a|r|m| |w|e|b|r|e|n|d|e|r|,102210fe594ee9b33d82058545b1ed14f4c8206e,PerceptualSpeedIndex,ebay-kleinanzeigen,True,ebay-kleinanzeigen PerceptualSpeedIndex opt warm webrender,,77,ms,geckoview,444971034.0,1834107479,2024-01-29 01:40:26,1367631,,,,,,,,,,,,,,,,,,,,,,,,,,,,,,,,,,,,,,,,,,,,,,,,,TN
1370,97de3c8a7931e01c1a1c1cf6ac90a580607b77c9,0.13216320649682367,autoland,4366813,13,930eca14459531ff5483e56979276f480af08a6a,android-hw-a51-11-0-aarch64-shippable-qr,True,False,,|w|a|r|m| |w|e|b|r|e|n|d|e|r|,102210fe594ee9b33d82058545b1ed14f4c8206e,PerceptualSpeedIndex,ebay-kleinanzeigen,True,ebay-kleinanzeigen PerceptualSpeedIndex opt warm webrender,,77,ms,geckoview,445041374.0,1834465168,2024-01-29 14:53:09,1367876,,,,,,,,,,,,,,,,,,,,,,,,,,,,,,,,,,,,,,,,,,,,,,,,,TN
1371,8e91f5176c0f6e1689a893ed34d5046dbbd1122e,0.13628921343899403,autoland,4366813,13,930eca14459531ff5483e56979276f480af08a6a,android-hw-a51-11-0-aarch64-shippable-qr,True,False,,|w|a|r|m| |w|e|b|r|e|n|d|e|r|,102210fe594ee9b33d82058545b1ed14f4c8206e,PerceptualSpeedIndex,ebay-kleinanzeigen,True,ebay-kleinanzeigen PerceptualSpeedIndex opt warm webrender,,77,ms,geckoview,445045209.0,1834538775,2024-01-29 14:59:33,1367883,,,,,,,,,,,,,,,,,,,,,,,,,,,,,,,,,,,,,,,,,,,,,,,,,TN
1372,8913eab3409d19e1cf1a2c19f256256c293b3154,0.1251555439125025,autoland,4366813,13,930eca14459531ff5483e56979276f480af08a6a,android-hw-a51-11-0-aarch64-shippable-qr,True,False,,|w|a|r|m| |w|e|b|r|e|n|d|e|r|,102210fe594ee9b33d82058545b1ed14f4c8206e,PerceptualSpeedIndex,ebay-kleinanzeigen,True,ebay-kleinanzeigen PerceptualSpeedIndex opt warm webrender,,77,ms,geckoview,445073574.0,1834573878,2024-01-29 17:46:45,1368035,,,,,,,,,,,,,,,,,,,,,,,,,,,,,,,,,,,,,,,,,,,,,,,,,TN
1373,57a27d8b6d2a7f1f5c1ec710e4a09422fb9c05e1,0.10819307092802422,autoland,4366813,13,930eca14459531ff5483e56979276f480af08a6a,android-hw-a51-11-0-aarch64-shippable-qr,True,False,,|w|a|r|m| |w|e|b|r|e|n|d|e|r|,102210fe594ee9b33d82058545b1ed14f4c8206e,PerceptualSpeedIndex,ebay-kleinanzeigen,True,ebay-kleinanzeigen PerceptualSpeedIndex opt warm webrender,,77,ms,geckoview,445096823.0,1834664931,2024-01-29 21:21:15,1368229,,,,,,,,,,,,,,,,,,,,,,,,,,,,,,,,,,,,,,,,,,,,,,,,,TN
1374,265910d5bfe79cc856e1c18d9e403fed38ee5a79,0.10144737703844386,autoland,4366813,13,930eca14459531ff5483e56979276f480af08a6a,android-hw-a51-11-0-aarch64-shippable-qr,True,False,,|w|a|r|m| |w|e|b|r|e|n|d|e|r|,102210fe594ee9b33d82058545b1ed14f4c8206e,PerceptualSpeedIndex,ebay-kleinanzeigen,True,ebay-kleinanzeigen PerceptualSpeedIndex opt warm webrender,,77,ms,geckoview,445117173.0,1834750348,2024-01-30 01:21:53,1368286,,,,,,,,,,,,,,,,,,,,,,,,,,,,,,,,,,,,,,,,,,,,,,,,,TN
1375,a9528d76a91bc50db12b4a18830536bb25a6e378,0.10563887615429957,autoland,4366813,13,930eca14459531ff5483e56979276f480af08a6a,android-hw-a51-11-0-aarch64-shippable-qr,True,False,,|w|a|r|m| |w|e|b|r|e|n|d|e|r|,102210fe594ee9b33d82058545b1ed14f4c8206e,PerceptualSpeedIndex,ebay-kleinanzeigen,True,ebay-kleinanzeigen PerceptualSpeedIndex opt warm webrender,,77,ms,geckoview,445185557.0,1835226408,2024-01-30 13:09:07,1368599,,,,,,,,,,,,,,,,,,,,,,,,,,,,,,,,,,,,,,,,,,,,,,,,,TN
1376,91338712d82fcf42896cfc451e6341a5b95963b8,0.1079965944069683,autoland,4366813,13,930eca14459531ff5483e56979276f480af08a6a,android-hw-a51-11-0-aarch64-shippable-qr,True,False,,|w|a|r|m| |w|e|b|r|e|n|d|e|r|,102210fe594ee9b33d82058545b1ed14f4c8206e,PerceptualSpeedIndex,ebay-kleinanzeigen,True,ebay-kleinanzeigen PerceptualSpeedIndex opt warm webrender,,77,ms,geckoview,445189429.0,1835238742,2024-01-30 13:14:31,1368603,,,,,,,,,,,,,,,,,,,,,,,,,,,,,,,,,,,,,,,,,,,,,,,,,TN
1377,1ac69623ae79a621c0035377f0841b1ba83070c1,0.13583076822319728,autoland,4366813,13,930eca14459531ff5483e56979276f480af08a6a,android-hw-a51-11-0-aarch64-shippable-qr,True,False,,|w|a|r|m| |w|e|b|r|e|n|d|e|r|,102210fe594ee9b33d82058545b1ed14f4c8206e,PerceptualSpeedIndex,ebay-kleinanzeigen,True,ebay-kleinanzeigen PerceptualSpeedIndex opt warm webrender,,77,ms,geckoview,445197502.0,1835304554,2024-01-30 14:29:15,1368655,,,,,,,,,,,,,,,,,,,,,,,,,,,,,,,,,,,,,,,,,,,,,,,,,TN
1378,a3dd43748dcdec6a27a5c140bfd611d463cd9acf,0.12567948130198436,autoland,4366813,13,930eca14459531ff5483e56979276f480af08a6a,android-hw-a51-11-0-aarch64-shippable-qr,True,False,,|w|a|r|m| |w|e|b|r|e|n|d|e|r|,102210fe594ee9b33d82058545b1ed14f4c8206e,PerceptualSpeedIndex,ebay-kleinanzeigen,True,ebay-kleinanzeigen PerceptualSpeedIndex opt warm webrender,,77,ms,geckoview,445238785.0,1835459199,2024-01-30 18:56:21,1368858,,,,,,,,,,,,,,,,,,,,,,,,,,,,,,,,,,,,,,,,,,,,,,,,,TN
1379,06b0ce1a9748e18deb48466efed01c1f5a8ff984,0.11081275787543399,autoland,4366813,13,930eca14459531ff5483e56979276f480af08a6a,android-hw-a51-11-0-aarch64-shippable-qr,True,False,,|w|a|r|m| |w|e|b|r|e|n|d|e|r|,102210fe594ee9b33d82058545b1ed14f4c8206e,PerceptualSpeedIndex,ebay-kleinanzeigen,True,ebay-kleinanzeigen PerceptualSpeedIndex opt warm webrender,,77,ms,geckoview,445248976.0,1835522797,2024-01-30 20:08:25,1368918,,,,,,,,,,,,,,,,,,,,,,,,,,,,,,,,,,,,,,,,,,,,,,,,,TN
1380,e35109546c3cb0f5957a604c27f5f1dd2b7f81c0,0.1117951404807126,autoland,4366813,13,930eca14459531ff5483e56979276f480af08a6a,android-hw-a51-11-0-aarch64-shippable-qr,True,False,,|w|a|r|m| |w|e|b|r|e|n|d|e|r|,102210fe594ee9b33d82058545b1ed14f4c8206e,PerceptualSpeedIndex,ebay-kleinanzeigen,True,ebay-kleinanzeigen PerceptualSpeedIndex opt warm webrender,,77,ms,geckoview,445277296.0,1835690879,2024-01-31 00:31:01,1369086,,,,,,,,,,,,,,,,,,,,,,,,,,,,,,,,,,,,,,,,,,,,,,,,,TN
1381,2cac2f68bfdcfc9012c537044bc475f076bda7b0,0.1078001178859126,autoland,4366813,13,930eca14459531ff5483e56979276f480af08a6a,android-hw-a51-11-0-aarch64-shippable-qr,True,False,,|w|a|r|m| |w|e|b|r|e|n|d|e|r|,102210fe594ee9b33d82058545b1ed14f4c8206e,PerceptualSpeedIndex,ebay-kleinanzeigen,True,ebay-kleinanzeigen PerceptualSpeedIndex opt warm webrender,,77,ms,geckoview,445277125.0,1835670548,2024-01-31 00:32:30,1369088,,,,,,,,,,,,,,,,,,,,,,,,,,,,,,,,,,,,,,,,,,,,,,,,,TN
1382,5f6f60ae2125dc46d98b4b9276bce2d562d1f1bf,0.09908965878577514,autoland,4366813,13,930eca14459531ff5483e56979276f480af08a6a,android-hw-a51-11-0-aarch64-shippable-qr,True,False,,|w|a|r|m| |w|e|b|r|e|n|d|e|r|,102210fe594ee9b33d82058545b1ed14f4c8206e,PerceptualSpeedIndex,ebay-kleinanzeigen,True,ebay-kleinanzeigen PerceptualSpeedIndex opt warm webrender,,77,ms,geckoview,445294162.0,1835801297,2024-01-31 05:59:52,1369182,,,,,,,,,,,,,,,,,,,,,,,,,,,,,,,,,,,,,,,,,,,,,,,,,TN
1383,201f8fe705d53181047778d1c0722017bab79e95,0.10858602397013561,autoland,4366813,13,930eca14459531ff5483e56979276f480af08a6a,android-hw-a51-11-0-aarch64-shippable-qr,True,False,,|w|a|r|m| |w|e|b|r|e|n|d|e|r|,102210fe594ee9b33d82058545b1ed14f4c8206e,PerceptualSpeedIndex,ebay-kleinanzeigen,True,ebay-kleinanzeigen PerceptualSpeedIndex opt warm webrender,,77,ms,geckoview,445322428.0,1835962690,2024-01-31 10:01:40,1369265,,,,,,,,,,,,,,,,,,,,,,,,,,,,,,,,,,,,,,,,,,,,,,,,,TN
1384,5e52e144df4112277cfdda903747f83f1f147385,0.09712489357521781,autoland,4366813,13,930eca14459531ff5483e56979276f480af08a6a,android-hw-a51-11-0-aarch64-shippable-qr,True,False,,|w|a|r|m| |w|e|b|r|e|n|d|e|r|,102210fe594ee9b33d82058545b1ed14f4c8206e,PerceptualSpeedIndex,ebay-kleinanzeigen,True,ebay-kleinanzeigen PerceptualSpeedIndex opt warm webrender,,77,ms,geckoview,445347486.0,1836036293,2024-01-31 13:01:30,1369309,,,,,,,,,,,,,,,,,,,,,,,,,,,,,,,,,,,,,,,,,,,,,,,,,TN
1385,a0bd6c4162065e8caa2b60ce8082f77d53221fb7,0.12024363088610912,autoland,4366813,13,930eca14459531ff5483e56979276f480af08a6a,android-hw-a51-11-0-aarch64-shippable-qr,True,False,,|w|a|r|m| |w|e|b|r|e|n|d|e|r|,102210fe594ee9b33d82058545b1ed14f4c8206e,PerceptualSpeedIndex,ebay-kleinanzeigen,True,ebay-kleinanzeigen PerceptualSpeedIndex opt warm webrender,,77,ms,geckoview,445387641.0,1836188093,2024-01-31 17:27:18,1369495,,,,,,,,,,,,,,,,,,,,,,,,,,,,,,,,,,,,,,,,,,,,,,,,,TN
1386,6bfab7427c326136417b187f0df7a7c63528daa3,0.10478747789639142,autoland,4366813,13,930eca14459531ff5483e56979276f480af08a6a,android-hw-a51-11-0-aarch64-shippable-qr,True,False,,|w|a|r|m| |w|e|b|r|e|n|d|e|r|,102210fe594ee9b33d82058545b1ed14f4c8206e,PerceptualSpeedIndex,ebay-kleinanzeigen,True,ebay-kleinanzeigen PerceptualSpeedIndex opt warm webrender,,77,ms,geckoview,445397343.0,1836225127,2024-01-31 18:39:44,1369546,,,,,,,,,,,,,,,,,,,,,,,,,,,,,,,,,,,,,,,,,,,,,,,,,TN
1387,2ee5ce9b3c67b7e972b0dff7348ea32cb570880e,0.09967908834894235,autoland,4366813,13,930eca14459531ff5483e56979276f480af08a6a,android-hw-a51-11-0-aarch64-shippable-qr,True,False,,|w|a|r|m| |w|e|b|r|e|n|d|e|r|,102210fe594ee9b33d82058545b1ed14f4c8206e,PerceptualSpeedIndex,ebay-kleinanzeigen,True,ebay-kleinanzeigen PerceptualSpeedIndex opt warm webrender,,77,ms,geckoview,445430997.0,1836365064,2024-01-31 21:40:54,1369676,,,,,,,,,,,,,,,,,,,,,,,,,,,,,,,,,,,,,,,,,,,,,,,,,TN
1388,6db2a1e04f4120175d3aad9831795823a4269aab,0.10131639269107351,autoland,4366813,13,930eca14459531ff5483e56979276f480af08a6a,android-hw-a51-11-0-aarch64-shippable-qr,True,False,,|w|a|r|m| |w|e|b|r|e|n|d|e|r|,102210fe594ee9b33d82058545b1ed14f4c8206e,PerceptualSpeedIndex,ebay-kleinanzeigen,True,ebay-kleinanzeigen PerceptualSpeedIndex opt warm webrender,,77,ms,geckoview,445445761.0,1836444209,2024-02-01 02:14:37,1369822,,,,,,,,,,,,,,,,,,,,,,,,,,,,,,,,,,,,,,,,,,,,,,,,,TN
1389,959c3318d5c3f3881746455c2c584be49bb179b6,0.1280371995546533,autoland,4366813,13,930eca14459531ff5483e56979276f480af08a6a,android-hw-a51-11-0-aarch64-shippable-qr,True,False,,|w|a|r|m| |w|e|b|r|e|n|d|e|r|,102210fe594ee9b33d82058545b1ed14f4c8206e,PerceptualSpeedIndex,ebay-kleinanzeigen,True,ebay-kleinanzeigen PerceptualSpeedIndex opt warm webrender,,77,ms,geckoview,445462479.0,1836568998,2024-02-01 06:47:17,1369862,,,,,,,,,,,,,,,,,,,,,,,,,,,,,,,,,,,,,,,,,,,,,,,,,TN
1390,a6957fa936149dccf133bd99e165c5879c2cb4d5,0.11985067784399772,autoland,4366813,13,930eca14459531ff5483e56979276f480af08a6a,android-hw-a51-11-0-aarch64-shippable-qr,True,False,,|w|a|r|m| |w|e|b|r|e|n|d|e|r|,102210fe594ee9b33d82058545b1ed14f4c8206e,PerceptualSpeedIndex,ebay-kleinanzeigen,True,ebay-kleinanzeigen PerceptualSpeedIndex opt warm webrender,,77,ms,geckoview,445497682.0,1836695284,2024-02-01 11:14:36,1370007,,,,,,,,,,,,,,,,,,,,,,,,,,,,,,,,,,,,,,,,,,,,,,,,,TN
1391,93a67689b8581caaa6d429ea7105abf0dc55e98f,0.1038050952911127,autoland,4366813,13,930eca14459531ff5483e56979276f480af08a6a,android-hw-a51-11-0-aarch64-shippable-qr,True,False,,|w|a|r|m| |w|e|b|r|e|n|d|e|r|,102210fe594ee9b33d82058545b1ed14f4c8206e,PerceptualSpeedIndex,ebay-kleinanzeigen,True,ebay-kleinanzeigen PerceptualSpeedIndex opt warm webrender,,77,ms,geckoview,445524243.0,1836779201,2024-02-01 13:09:51,1370065,,,,,,,,,,,,,,,,,,,,,,,,,,,,,,,,,,,,,,,,,,,,,,,,,TN
1392,f84c76f9460d8a2a4048954be483e24638c0f39c,0.12980548824415494,autoland,4366813,13,930eca14459531ff5483e56979276f480af08a6a,android-hw-a51-11-0-aarch64-shippable-qr,True,False,,|w|a|r|m| |w|e|b|r|e|n|d|e|r|,102210fe594ee9b33d82058545b1ed14f4c8206e,PerceptualSpeedIndex,ebay-kleinanzeigen,True,ebay-kleinanzeigen PerceptualSpeedIndex opt warm webrender,,77,ms,geckoview,445569560.0,1836985837,2024-02-01 17:13:14,1370273,,,,,,,,,,,,,,,,,,,,,,,,,,,,,,,,,,,,,,,,,,,,,,,,,TN
1393,854c462a083b4271435625134f95ce342e243ccb,0.12286331783351889,autoland,4366813,13,930eca14459531ff5483e56979276f480af08a6a,android-hw-a51-11-0-aarch64-shippable-qr,True,False,,|w|a|r|m| |w|e|b|r|e|n|d|e|r|,102210fe594ee9b33d82058545b1ed14f4c8206e,PerceptualSpeedIndex,ebay-kleinanzeigen,True,ebay-kleinanzeigen PerceptualSpeedIndex opt warm webrender,,77,ms,geckoview,445575598.0,1837048269,2024-02-01 18:09:58,1370333,,,,,,,,,,,,,,,,,,,,,,,,,,,,,,,,,,,,,,,,,,,,,,,,,TN
1394,144c524a091e2ed65d62b4911026d3400cea02fa,0.12266684131246319,autoland,4366813,13,930eca14459531ff5483e56979276f480af08a6a,android-hw-a51-11-0-aarch64-shippable-qr,True,False,,|w|a|r|m| |w|e|b|r|e|n|d|e|r|,102210fe594ee9b33d82058545b1ed14f4c8206e,PerceptualSpeedIndex,ebay-kleinanzeigen,True,ebay-kleinanzeigen PerceptualSpeedIndex opt warm webrender,,77,ms,geckoview,445612758.0,1837162837,2024-02-01 22:12:05,1370552,,,,,,,,,,,,,,,,,,,,,,,,,,,,,,,,,,,,,,,,,,,,,,,,,TN
1395,085a323ab16cb288d40fca29f6bb35d5d7e85753,0.10583535267535527,autoland,4366813,13,930eca14459531ff5483e56979276f480af08a6a,android-hw-a51-11-0-aarch64-shippable-qr,True,False,,|w|a|r|m| |w|e|b|r|e|n|d|e|r|,102210fe594ee9b33d82058545b1ed14f4c8206e,PerceptualSpeedIndex,ebay-kleinanzeigen,True,ebay-kleinanzeigen PerceptualSpeedIndex opt warm webrender,,77,ms,geckoview,445614102.0,1837180294,2024-02-01 22:19:46,1370561,,,,,,,,,,,,,,,,,,,,,,,,,,,,,,,,,,,,,,,,,,,,,,,,,TN
1396,dd4c0135beb5076b1a073f8d52507b724781d423,0.1055078918069291,autoland,4366813,13,930eca14459531ff5483e56979276f480af08a6a,android-hw-a51-11-0-aarch64-shippable-qr,True,False,,|w|a|r|m| |w|e|b|r|e|n|d|e|r|,102210fe594ee9b33d82058545b1ed14f4c8206e,PerceptualSpeedIndex,ebay-kleinanzeigen,True,ebay-kleinanzeigen PerceptualSpeedIndex opt warm webrender,,77,ms,geckoview,445627748.0,1837248597,2024-02-02 02:49:20,1370659,,,,,,,,,,,,,,,,,,,,,,,,,,,,,,,,,,,,,,,,,,,,,,,,,TN
1397,90d84a362f057a96158ef63f7aa96d639916e390,0.10662125875957829,autoland,4366813,13,930eca14459531ff5483e56979276f480af08a6a,android-hw-a51-11-0-aarch64-shippable-qr,True,False,,|w|a|r|m| |w|e|b|r|e|n|d|e|r|,102210fe594ee9b33d82058545b1ed14f4c8206e,PerceptualSpeedIndex,ebay-kleinanzeigen,True,ebay-kleinanzeigen PerceptualSpeedIndex opt warm webrender,,77,ms,geckoview,445702042.0,1837549985,2024-02-02 13:54:17,1370837,,,,,,,,,,,,,,,,,,,,,,,,,,,,,,,,,,,,,,,,,,,,,,,,,TN
1398,2d3365b1475ea6b0234b76a4ccfefc8c11e491a0,0.10642478223852259,autoland,4366813,13,930eca14459531ff5483e56979276f480af08a6a,android-hw-a51-11-0-aarch64-shippable-qr,True,False,,|w|a|r|m| |w|e|b|r|e|n|d|e|r|,102210fe594ee9b33d82058545b1ed14f4c8206e,PerceptualSpeedIndex,ebay-kleinanzeigen,True,ebay-kleinanzeigen PerceptualSpeedIndex opt warm webrender,,77,ms,geckoview,445716051.0,1837840322,2024-02-02 14:44:09,1370872,,,,,,,,,,,,,,,,,,,,,,,,,,,,,,,,,,,,,,,,,,,,,,,,,TN
1399,67f13af428e383eb2f3472448564da31a6cd3eae,0.10812757875433887,autoland,4366813,13,930eca14459531ff5483e56979276f480af08a6a,android-hw-a51-11-0-aarch64-shippable-qr,True,False,,|w|a|r|m| |w|e|b|r|e|n|d|e|r|,102210fe594ee9b33d82058545b1ed14f4c8206e,PerceptualSpeedIndex,ebay-kleinanzeigen,True,ebay-kleinanzeigen PerceptualSpeedIndex opt warm webrender,,77,ms,geckoview,445766919.0,1837878255,2024-02-02 19:53:24,1371106,,,,,,,,,,,,,,,,,,,,,,,,,,,,,,,,,,,,,,,,,,,,,,,,,TN
1400,0a89948ba0c00bf10f2fb02375bb347cffbdc1e1,0.11081275787543399,autoland,4366813,13,930eca14459531ff5483e56979276f480af08a6a,android-hw-a51-11-0-aarch64-shippable-qr,True,False,,|w|a|r|m| |w|e|b|r|e|n|d|e|r|,102210fe594ee9b33d82058545b1ed14f4c8206e,PerceptualSpeedIndex,ebay-kleinanzeigen,True,ebay-kleinanzeigen PerceptualSpeedIndex opt warm webrender,,77,ms,geckoview,445776481.0,1837917905,2024-02-02 21:53:09,1371183,,,,,,,,,,,,,,,,,,,,,,,,,,,,,,,,,,,,,,,,,,,,,,,,,TN
1401,b9172a6f32d47b58f805d7cdc242ba32e55cb4a6,0.11297399960704702,autoland,4366813,13,930eca14459531ff5483e56979276f480af08a6a,android-hw-a51-11-0-aarch64-shippable-qr,True,False,,|w|a|r|m| |w|e|b|r|e|n|d|e|r|,102210fe594ee9b33d82058545b1ed14f4c8206e,PerceptualSpeedIndex,ebay-kleinanzeigen,True,ebay-kleinanzeigen PerceptualSpeedIndex opt warm webrender,,77,ms,geckoview,445785262.0,1837958653,2024-02-03 02:32:07,1371314,,,,,,,,,,,,,,,,,,,,,,,,,,,,,,,,,,,,,,,,,,,,,,,,,TN
1402,f8d442e9495d595bd8d4c6cbd272480f9d0dbfb5,0.10079245530159142,autoland,4366813,13,930eca14459531ff5483e56979276f480af08a6a,android-hw-a51-11-0-aarch64-shippable-qr,True,False,,|w|a|r|m| |w|e|b|r|e|n|d|e|r|,102210fe594ee9b33d82058545b1ed14f4c8206e,PerceptualSpeedIndex,ebay-kleinanzeigen,True,ebay-kleinanzeigen PerceptualSpeedIndex opt warm webrender,,77,ms,geckoview,445798017.0,1838016148,2024-02-03 06:48:17,1371333,,,,,,,,,,,,,,,,,,,,,,,,,,,,,,,,,,,,,,,,,,,,,,,,,TN
1403,6c316fd08b2f2ac6443dd8193a52f819df23ce2e,0.10668675093326341,autoland,4366813,13,930eca14459531ff5483e56979276f480af08a6a,android-hw-a51-11-0-aarch64-shippable-qr,True,False,,|w|a|r|m| |w|e|b|r|e|n|d|e|r|,102210fe594ee9b33d82058545b1ed14f4c8206e,PerceptualSpeedIndex,ebay-kleinanzeigen,True,ebay-kleinanzeigen PerceptualSpeedIndex opt warm webrender,,77,ms,geckoview,445808770.0,1838050703,2024-02-03 09:08:28,1371368,,,,,,,,,,,,,,,,,,,,,,,,,,,,,,,,,,,,,,,,,,,,,,,,,TN
1404,234a8e0fb95fc4c3f978bc6c198667481d3115da,0.10413255615953898,autoland,4366813,13,930eca14459531ff5483e56979276f480af08a6a,android-hw-a51-11-0-aarch64-shippable-qr,True,False,,|w|a|r|m| |w|e|b|r|e|n|d|e|r|,102210fe594ee9b33d82058545b1ed14f4c8206e,PerceptualSpeedIndex,ebay-kleinanzeigen,True,ebay-kleinanzeigen PerceptualSpeedIndex opt warm webrender,,77,ms,geckoview,445831622.0,1838126652,2024-02-03 16:51:05,1371417,,,,,,,,,,,,,,,,,,,,,,,,,,,,,,,,,,,,,,,,,,,,,,,,,TN
1405,7a5ad9c8b72b8e9fbc0f63d91a955bff54216958,0.1100923439648962,autoland,4366813,13,930eca14459531ff5483e56979276f480af08a6a,android-hw-a51-11-0-aarch64-shippable-qr,True,False,,|w|a|r|m| |w|e|b|r|e|n|d|e|r|,102210fe594ee9b33d82058545b1ed14f4c8206e,PerceptualSpeedIndex,ebay-kleinanzeigen,True,ebay-kleinanzeigen PerceptualSpeedIndex opt warm webrender,,77,ms,geckoview,445850284.0,1838256854,2024-02-04 01:32:05,1371481,,,,,,,,,,,,,,,,,,,,,,,,,,,,,,,,,,,,,,,,,,,,,,,,,TN
1406,eb281b3fd4660b5e7e7d1e77f7ebe3182c28569d,0.11120571091754539,autoland,4366813,13,930eca14459531ff5483e56979276f480af08a6a,android-hw-a51-11-0-aarch64-shippable-qr,True,False,,|w|a|r|m| |w|e|b|r|e|n|d|e|r|,102210fe594ee9b33d82058545b1ed14f4c8206e,PerceptualSpeedIndex,ebay-kleinanzeigen,True,ebay-kleinanzeigen PerceptualSpeedIndex opt warm webrender,,77,ms,geckoview,445878298.0,1838425811,2024-02-04 11:04:08,1371513,,,,,,,,,,,,,,,,,,,,,,,,,,,,,,,,,,,,,,,,,,,,,,,,,TN
1407,6cb794603d85d30882e94931d5c7cba2c609e8dd,0.1303294256336368,autoland,4366813,13,930eca14459531ff5483e56979276f480af08a6a,android-hw-a51-11-0-aarch64-shippable-qr,True,False,,|w|a|r|m| |w|e|b|r|e|n|d|e|r|,102210fe594ee9b33d82058545b1ed14f4c8206e,PerceptualSpeedIndex,ebay-kleinanzeigen,True,ebay-kleinanzeigen PerceptualSpeedIndex opt warm webrender,,77,ms,geckoview,445890075.0,1838585985,2024-02-04 18:26:12,1371541,,,,,,,,,,,,,,,,,,,,,,,,,,,,,,,,,,,,,,,,,,,,,,,,,TN
1408,778e884de4e5ecb46e2d212a6f5f4a13e465a3a4,0.1028227126858341,autoland,4366813,13,930eca14459531ff5483e56979276f480af08a6a,android-hw-a51-11-0-aarch64-shippable-qr,True,False,,|w|a|r|m| |w|e|b|r|e|n|d|e|r|,102210fe594ee9b33d82058545b1ed14f4c8206e,PerceptualSpeedIndex,ebay-kleinanzeigen,True,ebay-kleinanzeigen PerceptualSpeedIndex opt warm webrender,,77,ms,geckoview,445908139.0,1838662802,2024-02-05 01:14:58,1371575,,,,,,,,,,,,,,,,,,,,,,,,,,,,,,,,,,,,,,,,,,,,,,,,,TN
1409,9ca12d444230411e2168420a584a7f95e90c1f97,0.11991617001768284,autoland,4366813,13,930eca14459531ff5483e56979276f480af08a6a,android-hw-a51-11-0-aarch64-shippable-qr,True,False,,|w|a|r|m| |w|e|b|r|e|n|d|e|r|,102210fe594ee9b33d82058545b1ed14f4c8206e,PerceptualSpeedIndex,ebay-kleinanzeigen,True,ebay-kleinanzeigen PerceptualSpeedIndex opt warm webrender,,77,ms,geckoview,445914497.0,1838698766,2024-02-05 06:38:18,1371605,,,,,,,,,,,,,,,,,,,,,,,,,,,,,,,,,,,,,,,,,,,,,,,,,TN
1410,e026ce62cd3a8700c3c5fb7495521391420d3ef6,0.10852053179645038,autoland,4366813,13,930eca14459531ff5483e56979276f480af08a6a,android-hw-a51-11-0-aarch64-shippable-qr,True,False,,|w|a|r|m| |w|e|b|r|e|n|d|e|r|,102210fe594ee9b33d82058545b1ed14f4c8206e,PerceptualSpeedIndex,ebay-kleinanzeigen,True,ebay-kleinanzeigen PerceptualSpeedIndex opt warm webrender,,77,ms,geckoview,445950378.0,1838826838,2024-02-05 11:13:48,1371747,,,,,,,,,,,,,,,,,,,,,,,,,,,,,,,,,,,,,,,,,,,,,,,,,TN
1411,d67e058935bae8bfad9fb5868b225926a25cb64a,0.1379265177811252,autoland,4366813,13,930eca14459531ff5483e56979276f480af08a6a,android-hw-a51-11-0-aarch64-shippable-qr,True,False,,|w|a|r|m| |w|e|b|r|e|n|d|e|r|,102210fe594ee9b33d82058545b1ed14f4c8206e,PerceptualSpeedIndex,ebay-kleinanzeigen,True,ebay-kleinanzeigen PerceptualSpeedIndex opt warm webrender,,77,ms,geckoview,445987420.0,1838950708,2024-02-05 15:06:21,1371897,,,,,,,,,,,,,,,,,,,,,,,,,,,,,,,,,,,,,,,,,,,,,,,,,TN
1412,9559ddacce7e802c8bda80f0f58d6cfd6cdd2948,0.10347763442268654,autoland,4366813,13,930eca14459531ff5483e56979276f480af08a6a,android-hw-a51-11-0-aarch64-shippable-qr,True,False,,|w|a|r|m| |w|e|b|r|e|n|d|e|r|,102210fe594ee9b33d82058545b1ed14f4c8206e,PerceptualSpeedIndex,ebay-kleinanzeigen,True,ebay-kleinanzeigen PerceptualSpeedIndex opt warm webrender,,77,ms,geckoview,446025872.0,1839064302,2024-02-05 18:46:19,1372136,,,,,,,,,,,,,,,,,,,,,,,,,,,,,,,,,,,,,,,,,,,,,,,,,TN
1413,9f16b642b137c1390a012556c58e9f957a816ef6,0.10013753356473898,autoland,4366813,13,930eca14459531ff5483e56979276f480af08a6a,android-hw-a51-11-0-aarch64-shippable-qr,True,False,,|w|a|r|m| |w|e|b|r|e|n|d|e|r|,102210fe594ee9b33d82058545b1ed14f4c8206e,PerceptualSpeedIndex,ebay-kleinanzeigen,True,ebay-kleinanzeigen PerceptualSpeedIndex opt warm webrender,,77,ms,geckoview,446060591.0,1839190463,2024-02-05 23:26:30,1372325,,,,,,,,,,,,,,,,,,,,,,,,,,,,,,,,,,,,,,,,,,,,,,,,,TN
1414,1995789cfffa08b612d3571d2e8596837f772a49,0.11520073351234528,autoland,4366813,13,930eca14459531ff5483e56979276f480af08a6a,android-hw-a51-11-0-aarch64-shippable-qr,True,False,,|w|a|r|m| |w|e|b|r|e|n|d|e|r|,102210fe594ee9b33d82058545b1ed14f4c8206e,PerceptualSpeedIndex,ebay-kleinanzeigen,True,ebay-kleinanzeigen PerceptualSpeedIndex opt warm webrender,,77,ms,geckoview,446076694.0,1839411592,2024-02-06 03:53:00,1372390,,,,,,,,,,,,,,,,,,,,,,,,,,,,,,,,,,,,,,,,,,,,,,,,,TN
1415,df0b9539f5604a9aefc6916ce6ecf2e52670b78b,0.09620800314362432,autoland,4366813,13,930eca14459531ff5483e56979276f480af08a6a,android-hw-a51-11-0-aarch64-shippable-qr,True,False,,|w|a|r|m| |w|e|b|r|e|n|d|e|r|,102210fe594ee9b33d82058545b1ed14f4c8206e,PerceptualSpeedIndex,ebay-kleinanzeigen,True,ebay-kleinanzeigen PerceptualSpeedIndex opt warm webrender,,77,ms,geckoview,446097893.0,1839484089,2024-02-06 07:31:17,1372455,,,,,,,,,,,,,,,,,,,,,,,,,,,,,,,,,,,,,,,,,,,,,,,,,TN
1416,c48ca61bc9255db0107d377c103a752265b60eb8,0.11245006221756504,autoland,4366813,13,930eca14459531ff5483e56979276f480af08a6a,android-hw-a51-11-0-aarch64-shippable-qr,True,False,,|w|a|r|m| |w|e|b|r|e|n|d|e|r|,102210fe594ee9b33d82058545b1ed14f4c8206e,PerceptualSpeedIndex,ebay-kleinanzeigen,True,ebay-kleinanzeigen PerceptualSpeedIndex opt warm webrender,,77,ms,geckoview,446141559.0,1839639533,2024-02-06 11:44:40,1372588,,,,,,,,,,,,,,,,,,,,,,,,,,,,,,,,,,,,,,,,,,,,,,,,,TN
1417,79b38383448166074627506218757a9881ca5679,0.11474228829654864,autoland,4366813,13,930eca14459531ff5483e56979276f480af08a6a,android-hw-a51-11-0-aarch64-shippable-qr,True,False,,|w|a|r|m| |w|e|b|r|e|n|d|e|r|,102210fe594ee9b33d82058545b1ed14f4c8206e,PerceptualSpeedIndex,ebay-kleinanzeigen,True,ebay-kleinanzeigen PerceptualSpeedIndex opt warm webrender,,77,ms,geckoview,446212888.0,1839927541,2024-02-06 17:15:13,1372809,,,,,,,,,,,,,,,,,,,,,,,,,,,,,,,,,,,,,,,,,,,,,,,,,TN
1418,1f93ea2744765ca11b90874574cc12168d3828a5,0.09817276835418165,autoland,4366813,13,930eca14459531ff5483e56979276f480af08a6a,android-hw-a51-11-0-aarch64-shippable-qr,True,False,,|w|a|r|m| |w|e|b|r|e|n|d|e|r|,102210fe594ee9b33d82058545b1ed14f4c8206e,PerceptualSpeedIndex,ebay-kleinanzeigen,True,ebay-kleinanzeigen PerceptualSpeedIndex opt warm webrender,,77,ms,geckoview,446207409.0,1839925192,2024-02-06 17:24:04,1372818,,,,,,,,,,,,,,,,,,,,,,,,,,,,,,,,,,,,,,,,,,,,,,,,,TN
1419,1d87eb92ed10d04dccab53b631b14010ca09beb6,0.09489815966991944,autoland,4366813,13,930eca14459531ff5483e56979276f480af08a6a,android-hw-a51-11-0-aarch64-shippable-qr,True,False,,|w|a|r|m| |w|e|b|r|e|n|d|e|r|,102210fe594ee9b33d82058545b1ed14f4c8206e,PerceptualSpeedIndex,ebay-kleinanzeigen,True,ebay-kleinanzeigen PerceptualSpeedIndex opt warm webrender,,77,ms,geckoview,446275795.0,1840250855,2024-02-07 04:17:01,1373159,,,,,,,,,,,,,,,,,,,,,,,,,,,,,,,,,,,,,,,,,,,,,,,,,TN
1420,fce00cd55ffb9127f24e7e1d2186178f72429fce,0.1026262361647784,autoland,4366813,13,930eca14459531ff5483e56979276f480af08a6a,android-hw-a51-11-0-aarch64-shippable-qr,True,False,,|w|a|r|m| |w|e|b|r|e|n|d|e|r|,102210fe594ee9b33d82058545b1ed14f4c8206e,PerceptualSpeedIndex,ebay-kleinanzeigen,True,ebay-kleinanzeigen PerceptualSpeedIndex opt warm webrender,,77,ms,geckoview,446286056.0,1840321454,2024-02-07 04:22:59,1373168,,,,,,,,,,,,,,,,,,,,,,,,,,,,,,,,,,,,,,,,,,,,,,,,,TN
1421,df59ba0b3152fb8f6812b413bd2a6869bff469c1,0.10393607963848328,autoland,4366813,13,930eca14459531ff5483e56979276f480af08a6a,android-hw-a51-11-0-aarch64-shippable-qr,True,False,,|w|a|r|m| |w|e|b|r|e|n|d|e|r|,102210fe594ee9b33d82058545b1ed14f4c8206e,PerceptualSpeedIndex,ebay-kleinanzeigen,True,ebay-kleinanzeigen PerceptualSpeedIndex opt warm webrender,,77,ms,geckoview,446306376.0,1840410306,2024-02-07 08:54:39,1373246,,,,,,,,,,,,,,,,,,,,,,,,,,,,,,,,,,,,,,,,,,,,,,,,,TN
1422,ab5b008e36a4742d737a89c8cbfc1a69e2b76456,0.11808238915449609,autoland,4366813,13,930eca14459531ff5483e56979276f480af08a6a,android-hw-a51-11-0-aarch64-shippable-qr,True,False,,|w|a|r|m| |w|e|b|r|e|n|d|e|r|,102210fe594ee9b33d82058545b1ed14f4c8206e,PerceptualSpeedIndex,ebay-kleinanzeigen,True,ebay-kleinanzeigen PerceptualSpeedIndex opt warm webrender,,77,ms,geckoview,446315658.0,1840464152,2024-02-07 09:01:16,1373249,,,,,,,,,,,,,,,,,,,,,,,,,,,,,,,,,,,,,,,,,,,,,,,,,TN
1423,ec34bf3905e43d945effa45ba094092c7355d4b2,0.10197131442792595,autoland,4366813,13,930eca14459531ff5483e56979276f480af08a6a,android-hw-a51-11-0-aarch64-shippable-qr,True,False,,|w|a|r|m| |w|e|b|r|e|n|d|e|r|,102210fe594ee9b33d82058545b1ed14f4c8206e,PerceptualSpeedIndex,ebay-kleinanzeigen,True,ebay-kleinanzeigen PerceptualSpeedIndex opt warm webrender,,77,ms,geckoview,446356745.0,1840546370,2024-02-07 13:03:40,1373380,,,,,,,,,,,,,,,,,,,,,,,,,,,,,,,,,,,,,,,,,,,,,,,,,TN
1424,fdda8b6b095615f06fbef5c21ff9ad0a90927c83,0.12233938044403692,autoland,4366813,13,930eca14459531ff5483e56979276f480af08a6a,android-hw-a51-11-0-aarch64-shippable-qr,True,False,,|w|a|r|m| |w|e|b|r|e|n|d|e|r|,102210fe594ee9b33d82058545b1ed14f4c8206e,PerceptualSpeedIndex,ebay-kleinanzeigen,True,ebay-kleinanzeigen PerceptualSpeedIndex opt warm webrender,,77,ms,geckoview,446362656.0,1840614471,2024-02-07 14:05:10,1373437,,,,,,,,,,,,,,,,,,,,,,,,,,,,,,,,,,,,,,,,,,,,,,,,,TN
1425,fcafc196f2cef3d5c607edaa0f66c96cdf1708d6,0.10707970397537503,autoland,4366813,13,930eca14459531ff5483e56979276f480af08a6a,android-hw-a51-11-0-aarch64-shippable-qr,True,False,,|w|a|r|m| |w|e|b|r|e|n|d|e|r|,102210fe594ee9b33d82058545b1ed14f4c8206e,PerceptualSpeedIndex,ebay-kleinanzeigen,True,ebay-kleinanzeigen PerceptualSpeedIndex opt warm webrender,,77,ms,geckoview,446405304.0,1840808860,2024-02-07 17:25:01,1373622,,,,,,,,,,,,,,,,,,,,,,,,,,,,,,,,,,,,,,,,,,,,,,,,,TN
1426,0eee0e78f83c43165f612c4e7f3f7ff52d665b9c,0.1142838430807519,autoland,4366813,13,930eca14459531ff5483e56979276f480af08a6a,android-hw-a51-11-0-aarch64-shippable-qr,True,False,,|w|a|r|m| |w|e|b|r|e|n|d|e|r|,102210fe594ee9b33d82058545b1ed14f4c8206e,PerceptualSpeedIndex,ebay-kleinanzeigen,True,ebay-kleinanzeigen PerceptualSpeedIndex opt warm webrender,,77,ms,geckoview,446430916.0,1840852959,2024-02-07 21:31:39,1373826,,,,,,,,,,,,,,,,,,,,,,,,,,,,,,,,,,,,,,,,,,,,,,,,,TN
1427,1cb745ef034e9cd65d98c15632e13f5862e7390b,0.10609732137009631,autoland,4366813,13,930eca14459531ff5483e56979276f480af08a6a,android-hw-a51-11-0-aarch64-shippable-qr,True,False,,|w|a|r|m| |w|e|b|r|e|n|d|e|r|,102210fe594ee9b33d82058545b1ed14f4c8206e,PerceptualSpeedIndex,ebay-kleinanzeigen,True,ebay-kleinanzeigen PerceptualSpeedIndex opt warm webrender,,77,ms,geckoview,446434385.0,1840896623,2024-02-07 21:36:53,1373829,,,,,,,,,,,,,,,,,,,,,,,,,,,,,,,,,,,,,,,,,,,,,,,,,TN
1428,0cb1cb869761baae745081466c878e32a7d83888,0.12292881000720424,autoland,4366813,13,930eca14459531ff5483e56979276f480af08a6a,android-hw-a51-11-0-aarch64-shippable-qr,True,False,,|w|a|r|m| |w|e|b|r|e|n|d|e|r|,102210fe594ee9b33d82058545b1ed14f4c8206e,PerceptualSpeedIndex,ebay-kleinanzeigen,True,ebay-kleinanzeigen PerceptualSpeedIndex opt warm webrender,,77,ms,geckoview,446455150.0,1840960188,2024-02-08 01:47:30,1373927,,,,,,,,,,,,,,,,,,,,,,,,,,,,,,,,,,,,,,,,,,,,,,,,,TN
1429,bbcb9c75a4919aa67c2fc1ec689eb69d653990dd,0.1140873665596962,autoland,4366813,13,930eca14459531ff5483e56979276f480af08a6a,android-hw-a51-11-0-aarch64-shippable-qr,True,False,,|w|a|r|m| |w|e|b|r|e|n|d|e|r|,102210fe594ee9b33d82058545b1ed14f4c8206e,PerceptualSpeedIndex,ebay-kleinanzeigen,True,ebay-kleinanzeigen PerceptualSpeedIndex opt warm webrender,,77,ms,geckoview,446459382.0,1840997894,2024-02-08 02:38:53,1373953,,,,,,,,,,,,,,,,,,,,,,,,,,,,,,,,,,,,,,,,,,,,,,,,,TN
1430,344524bd7c755d7d7fcfca1d69503577b07db2b7,0.131442792586286,autoland,4366813,13,930eca14459531ff5483e56979276f480af08a6a,android-hw-a51-11-0-aarch64-shippable-qr,True,False,,|w|a|r|m| |w|e|b|r|e|n|d|e|r|,102210fe594ee9b33d82058545b1ed14f4c8206e,PerceptualSpeedIndex,ebay-kleinanzeigen,True,ebay-kleinanzeigen PerceptualSpeedIndex opt warm webrender,,77,ms,geckoview,446470761.0,1841067456,2024-02-08 07:03:19,1374007,,,,,,,,,,,,,,,,,,,,,,,,,,,,,,,,,,,,,,,,,,,,,,,,,TN
1431,286029e09b16d8910d7110864541cdb9d4b84681,0.1398257908179973,autoland,4366813,13,930eca14459531ff5483e56979276f480af08a6a,android-hw-a51-11-0-aarch64-shippable-qr,True,False,,|w|a|r|m| |w|e|b|r|e|n|d|e|r|,102210fe594ee9b33d82058545b1ed14f4c8206e,PerceptualSpeedIndex,ebay-kleinanzeigen,True,ebay-kleinanzeigen PerceptualSpeedIndex opt warm webrender,,77,ms,geckoview,446528199.0,1841303930,2024-02-08 14:56:42,1374192,,,,,,,,,,,,,,,,,,,,,,,,,,,,,,,,,,,,,,,,,,,,,,,,,TN
1432,590071462358f92ff5d36dc8f99a472a45101fdb,0.09908965878577514,autoland,4366813,13,930eca14459531ff5483e56979276f480af08a6a,android-hw-a51-11-0-aarch64-shippable-qr,True,False,,|w|a|r|m| |w|e|b|r|e|n|d|e|r|,102210fe594ee9b33d82058545b1ed14f4c8206e,PerceptualSpeedIndex,ebay-kleinanzeigen,True,ebay-kleinanzeigen PerceptualSpeedIndex opt warm webrender,,77,ms,geckoview,446540762.0,1841328021,2024-02-08 16:03:43,1374244,,,,,,,,,,,,,,,,,,,,,,,,,,,,,,,,,,,,,,,,,,,,,,,,,TN
1433,8b424277a5065ea04bc1818e9ba12a8b24c12008,0.11592114742288306,autoland,4366813,13,930eca14459531ff5483e56979276f480af08a6a,android-hw-a51-11-0-aarch64-shippable-qr,True,False,,|w|a|r|m| |w|e|b|r|e|n|d|e|r|,102210fe594ee9b33d82058545b1ed14f4c8206e,PerceptualSpeedIndex,ebay-kleinanzeigen,True,ebay-kleinanzeigen PerceptualSpeedIndex opt warm webrender,,77,ms,geckoview,446587948.0,1841525804,2024-02-08 22:41:03,1374550,,,,,,,,,,,,,,,,,,,,,,,,,,,,,,,,,,,,,,,,,,,,,,,,,TN
1434,ba6c8f006d21287c25440f5141e3eead45bd9f96,0.1123845700438797,autoland,4366813,13,930eca14459531ff5483e56979276f480af08a6a,android-hw-a51-11-0-aarch64-shippable-qr,True,False,,|w|a|r|m| |w|e|b|r|e|n|d|e|r|,102210fe594ee9b33d82058545b1ed14f4c8206e,PerceptualSpeedIndex,ebay-kleinanzeigen,True,ebay-kleinanzeigen PerceptualSpeedIndex opt warm webrender,,77,ms,geckoview,446590054.0,1841546583,2024-02-08 23:27:55,1374577,,,,,,,,,,,,,,,,,,,,,,,,,,,,,,,,,,,,,,,,,,,,,,,,,TN
1435,b17a56f7d0a828b62b52f572c8237345bf64786f,0.10884799266487666,autoland,4366813,13,930eca14459531ff5483e56979276f480af08a6a,android-hw-a51-11-0-aarch64-shippable-qr,True,False,,|w|a|r|m| |w|e|b|r|e|n|d|e|r|,102210fe594ee9b33d82058545b1ed14f4c8206e,PerceptualSpeedIndex,ebay-kleinanzeigen,True,ebay-kleinanzeigen PerceptualSpeedIndex opt warm webrender,,77,ms,geckoview,446615241.0,1841648430,2024-02-09 04:08:21,1374660,,,,,,,,,,,,,,,,,,,,,,,,,,,,,,,,,,,,,,,,,,,,,,,,,TN
1436,7b81e807e547afd0cca0453e9697e58369ae5e92,0.10878250049119131,autoland,4366813,13,930eca14459531ff5483e56979276f480af08a6a,android-hw-a51-11-0-aarch64-shippable-qr,True,False,,|w|a|r|m| |w|e|b|r|e|n|d|e|r|,102210fe594ee9b33d82058545b1ed14f4c8206e,PerceptualSpeedIndex,ebay-kleinanzeigen,True,ebay-kleinanzeigen PerceptualSpeedIndex opt warm webrender,,77,ms,geckoview,446641653.0,1841759285,2024-02-09 08:27:03,1374718,,,,,,,,,,,,,,,,,,,,,,,,,,,,,,,,,,,,,,,,,,,,,,,,,TN
1437,045e453bba33077fb8d5641ca3706f3785ce14f5,0.09725587792258827,autoland,4366813,13,930eca14459531ff5483e56979276f480af08a6a,android-hw-a51-11-0-aarch64-shippable-qr,True,False,,|w|a|r|m| |w|e|b|r|e|n|d|e|r|,102210fe594ee9b33d82058545b1ed14f4c8206e,PerceptualSpeedIndex,ebay-kleinanzeigen,True,ebay-kleinanzeigen PerceptualSpeedIndex opt warm webrender,,77,ms,geckoview,446679262.0,1841911938,2024-02-09 11:56:29,1374806,,,,,,,,,,,,,,,,,,,,,,,,,,,,,,,,,,,,,,,,,,,,,,,,,TN
1438,193e6982f5a17f0fa7cced978df3079f87e4ad99,0.09404676141201129,autoland,4366813,13,930eca14459531ff5483e56979276f480af08a6a,android-hw-a51-11-0-aarch64-shippable-qr,True,False,,|w|a|r|m| |w|e|b|r|e|n|d|e|r|,102210fe594ee9b33d82058545b1ed14f4c8206e,PerceptualSpeedIndex,ebay-kleinanzeigen,True,ebay-kleinanzeigen PerceptualSpeedIndex opt warm webrender,,77,ms,geckoview,446729015.0,1842123650,2024-02-09 16:09:01,1374959,,,,,,,,,,,,,,,,,,,,,,,,,,,,,,,,,,,,,,,,,,,,,,,,,TN
1439,39d76f98160905dab2a294ece0e03ee8ba5ba4cc,0.10308468138057503,autoland,4366813,13,930eca14459531ff5483e56979276f480af08a6a,android-hw-a51-11-0-aarch64-shippable-qr,True,False,,|w|a|r|m| |w|e|b|r|e|n|d|e|r|,102210fe594ee9b33d82058545b1ed14f4c8206e,PerceptualSpeedIndex,ebay-kleinanzeigen,True,ebay-kleinanzeigen PerceptualSpeedIndex opt warm webrender,,77,ms,geckoview,446732974.0,1842143512,2024-02-09 17:06:42,1375009,,,,,,,,,,,,,,,,,,,,,,,,,,,,,,,,,,,,,,,,,,,,,,,,,TN
1440,0fb5f3212fd93e901bed6bb19bd8b63339869991,0.11081275787543399,autoland,4366813,13,930eca14459531ff5483e56979276f480af08a6a,android-hw-a51-11-0-aarch64-shippable-qr,True,False,,|w|a|r|m| |w|e|b|r|e|n|d|e|r|,102210fe594ee9b33d82058545b1ed14f4c8206e,PerceptualSpeedIndex,ebay-kleinanzeigen,True,ebay-kleinanzeigen PerceptualSpeedIndex opt warm webrender,,77,ms,geckoview,446766590.0,1842226901,2024-02-09 21:47:15,1375247,,,,,,,,,,,,,,,,,,,,,,,,,,,,,,,,,,,,,,,,,,,,,,,,,TN
1441,20876ae07c4b760464125773aa45200a98f34159,0.10773462571222747,autoland,4366813,13,930eca14459531ff5483e56979276f480af08a6a,android-hw-a51-11-0-aarch64-shippable-qr,True,False,,|w|a|r|m| |w|e|b|r|e|n|d|e|r|,102210fe594ee9b33d82058545b1ed14f4c8206e,PerceptualSpeedIndex,ebay-kleinanzeigen,True,ebay-kleinanzeigen PerceptualSpeedIndex opt warm webrender,,77,ms,geckoview,446787043.0,1842288923,2024-02-10 07:03:30,1375365,,,,,,,,,,,,,,,,,,,,,,,,,,,,,,,,,,,,,,,,,,,,,,,,,TN
1442,b09350ff8440d3ef5d3ac2b811bfe9a5d243196a,0.11644508481236493,autoland,4366813,13,930eca14459531ff5483e56979276f480af08a6a,android-hw-a51-11-0-aarch64-shippable-qr,True,False,,|w|a|r|m| |w|e|b|r|e|n|d|e|r|,102210fe594ee9b33d82058545b1ed14f4c8206e,PerceptualSpeedIndex,ebay-kleinanzeigen,True,ebay-kleinanzeigen PerceptualSpeedIndex opt warm webrender,,77,ms,geckoview,446813884.0,1842388488,2024-02-10 13:47:16,1375389,,,,,,,,,,,,,,,,,,,,,,,,,,,,,,,,,,,,,,,,,,,,,,,,,TN
1443,f6690a5e6ceef6b384dc31d4485e790a4935508a,0.11375990569126992,autoland,4366813,13,930eca14459531ff5483e56979276f480af08a6a,android-hw-a51-11-0-aarch64-shippable-qr,True,False,,|w|a|r|m| |w|e|b|r|e|n|d|e|r|,102210fe594ee9b33d82058545b1ed14f4c8206e,PerceptualSpeedIndex,ebay-kleinanzeigen,True,ebay-kleinanzeigen PerceptualSpeedIndex opt warm webrender,,77,ms,geckoview,446822103.0,1842412023,2024-02-10 17:58:32,1375417,,,,,,,,,,,,,,,,,,,,,,,,,,,,,,,,,,,,,,,,,,,,,,,,,TN
1444,f92c77fccb76549171ecc809818a26b1eb883b43,0.10655576658589305,autoland,4366813,13,930eca14459531ff5483e56979276f480af08a6a,android-hw-a51-11-0-aarch64-shippable-qr,True,False,,|w|a|r|m| |w|e|b|r|e|n|d|e|r|,102210fe594ee9b33d82058545b1ed14f4c8206e,PerceptualSpeedIndex,ebay-kleinanzeigen,True,ebay-kleinanzeigen PerceptualSpeedIndex opt warm webrender,,77,ms,geckoview,446840602.0,1842496197,2024-02-11 02:31:23,1375439,,,,,,,,,,,,,,,,,,,,,,,,,,,,,,,,,,,,,,,,,,,,,,,,,TN
1445,13676fc9b0cd8461cb9863d3a2d1b9a696a9c0f5,0.11965420132294202,autoland,4366813,13,930eca14459531ff5483e56979276f480af08a6a,android-hw-a51-11-0-aarch64-shippable-qr,True,False,,|w|a|r|m| |w|e|b|r|e|n|d|e|r|,102210fe594ee9b33d82058545b1ed14f4c8206e,PerceptualSpeedIndex,ebay-kleinanzeigen,True,ebay-kleinanzeigen PerceptualSpeedIndex opt warm webrender,,77,ms,geckoview,446873361.0,1842616003,2024-02-11 15:25:51,1375518,,,,,,,,,,,,,,,,,,,,,,,,,,,,,,,,,,,,,,,,,,,,,,,,,TN
1446,cab51450b6bd71ade4db0f49831f7e402b375b45,0.1030191892068898,autoland,4366813,13,930eca14459531ff5483e56979276f480af08a6a,android-hw-a51-11-0-aarch64-shippable-qr,True,False,,|w|a|r|m| |w|e|b|r|e|n|d|e|r|,102210fe594ee9b33d82058545b1ed14f4c8206e,PerceptualSpeedIndex,ebay-kleinanzeigen,True,ebay-kleinanzeigen PerceptualSpeedIndex opt warm webrender,,77,ms,geckoview,446946025.0,1842932234,2024-02-12 15:53:07,1375888,,,,,,,,,,,,,,,,,,,,,,,,,,,,,,,,,,,,,,,,,,,,,,,,,TN
1447,37ec3180a6cbce3bb2544f9a16b4ded4657c6eb6,0.11644508481236493,autoland,4366813,13,930eca14459531ff5483e56979276f480af08a6a,android-hw-a51-11-0-aarch64-shippable-qr,True,False,,|w|a|r|m| |w|e|b|r|e|n|d|e|r|,102210fe594ee9b33d82058545b1ed14f4c8206e,PerceptualSpeedIndex,ebay-kleinanzeigen,True,ebay-kleinanzeigen PerceptualSpeedIndex opt warm webrender,,77,ms,geckoview,446979743.0,1843029101,2024-02-12 20:04:04,1376093,,,,,,,,,,,,,,,,,,,,,,,,,,,,,,,,,,,,,,,,,,,,,,,,,TN
1448,995a3050d70cb954214be8710caa54a1794745ec,0.12181544305455505,autoland,4366813,13,930eca14459531ff5483e56979276f480af08a6a,android-hw-a51-11-0-aarch64-shippable-qr,True,False,,|w|a|r|m| |w|e|b|r|e|n|d|e|r|,102210fe594ee9b33d82058545b1ed14f4c8206e,PerceptualSpeedIndex,ebay-kleinanzeigen,True,ebay-kleinanzeigen PerceptualSpeedIndex opt warm webrender,,77,ms,geckoview,446980471.0,1843031984,2024-02-12 20:15:07,1376103,,,,,,,,,,,,,,,,,,,,,,,,,,,,,,,,,,,,,,,,,,,,,,,,,TN
1449,b316bafe790ef37c5585cadd21f6a2c8ebd749b9,0.11055078918069294,autoland,4366813,13,930eca14459531ff5483e56979276f480af08a6a,android-hw-a51-11-0-aarch64-shippable-qr,True,False,,|w|a|r|m| |w|e|b|r|e|n|d|e|r|,102210fe594ee9b33d82058545b1ed14f4c8206e,PerceptualSpeedIndex,ebay-kleinanzeigen,True,ebay-kleinanzeigen PerceptualSpeedIndex opt warm webrender,,77,ms,geckoview,447022427.0,1843124421,2024-02-13 00:22:17,1376256,,,,,,,,,,,,,,,,,,,,,,,,,,,,,,,,,,,,,,,,,,,,,,,,,TN
1450,52fc8e3041c5f42dfa50438336b110a9a5e77f2b,0.11166415613334213,autoland,4366813,13,930eca14459531ff5483e56979276f480af08a6a,android-hw-a51-11-0-aarch64-shippable-qr,True,False,,|w|a|r|m| |w|e|b|r|e|n|d|e|r|,102210fe594ee9b33d82058545b1ed14f4c8206e,PerceptualSpeedIndex,ebay-kleinanzeigen,True,ebay-kleinanzeigen PerceptualSpeedIndex opt warm webrender,,77,ms,geckoview,447039107.0,1843185967,2024-02-13 02:51:29,1376298,,,,,,,,,,,,,,,,,,,,,,,,,,,,,,,,,,,,,,,,,,,,,,,,,TN
1451,5f6ad5b21119b4bbef2bc6c9153e0f7329c20ebe,0.11402187438601086,autoland,4366813,13,930eca14459531ff5483e56979276f480af08a6a,android-hw-a51-11-0-aarch64-shippable-qr,True,False,,|w|a|r|m| |w|e|b|r|e|n|d|e|r|,102210fe594ee9b33d82058545b1ed14f4c8206e,PerceptualSpeedIndex,ebay-kleinanzeigen,True,ebay-kleinanzeigen PerceptualSpeedIndex opt warm webrender,,77,ms,geckoview,447058871.0,1843300236,2024-02-13 06:57:28,1376370,,,,,,,,,,,,,,,,,,,,,,,,,,,,,,,,,,,,,,,,,,,,,,,,,TN
1452,c5320acccd4a760b0ae41149fcdd8fe44b658ee7,0.0986312135699784,autoland,4366813,13,930eca14459531ff5483e56979276f480af08a6a,android-hw-a51-11-0-aarch64-shippable-qr,True,False,,|w|a|r|m| |w|e|b|r|e|n|d|e|r|,102210fe594ee9b33d82058545b1ed14f4c8206e,PerceptualSpeedIndex,ebay-kleinanzeigen,True,ebay-kleinanzeigen PerceptualSpeedIndex opt warm webrender,,77,ms,geckoview,447089842.0,1843398589,2024-02-13 09:49:45,1376447,,,,,,,,,,,,,,,,,,,,,,,,,,,,,,,,,,,,,,,,,,,,,,,,,TN
1453,0d474eb34652f4c47a16b6d83012c0f2e026dc00,0.10649027441220771,autoland,4366813,13,930eca14459531ff5483e56979276f480af08a6a,android-hw-a51-11-0-aarch64-shippable-qr,True,False,,|w|a|r|m| |w|e|b|r|e|n|d|e|r|,102210fe594ee9b33d82058545b1ed14f4c8206e,PerceptualSpeedIndex,ebay-kleinanzeigen,True,ebay-kleinanzeigen PerceptualSpeedIndex opt warm webrender,,77,ms,geckoview,447111893.0,1843492586,2024-02-13 13:45:34,1376559,,,,,,,,,,,,,,,,,,,,,,,,,,,,,,,,,,,,,,,,,,,,,,,,,TN
1454,17329a53b9f9a20247103958883a0ce7c42af78d,0.11873731089134854,autoland,4366813,13,930eca14459531ff5483e56979276f480af08a6a,android-hw-a51-11-0-aarch64-shippable-qr,True,False,,|w|a|r|m| |w|e|b|r|e|n|d|e|r|,102210fe594ee9b33d82058545b1ed14f4c8206e,PerceptualSpeedIndex,ebay-kleinanzeigen,True,ebay-kleinanzeigen PerceptualSpeedIndex opt warm webrender,,77,ms,geckoview,447132226.0,1843560459,2024-02-13 16:46:39,1376703,,,,,,,,,,,,,,,,,,,,,,,,,,,,,,,,,,,,,,,,,,,,,,,,,TN
1455,4a18caac75720f24abc9063ce8df5fa6b7948aa4,0.10524592311218817,autoland,4366813,13,930eca14459531ff5483e56979276f480af08a6a,android-hw-a51-11-0-aarch64-shippable-qr,True,False,,|w|a|r|m| |w|e|b|r|e|n|d|e|r|,102210fe594ee9b33d82058545b1ed14f4c8206e,PerceptualSpeedIndex,ebay-kleinanzeigen,True,ebay-kleinanzeigen PerceptualSpeedIndex opt warm webrender,,77,ms,geckoview,447197311.0,1843757248,2024-02-14 00:47:09,1376921,,,,,,,,,,,,,,,,,,,,,,,,,,,,,,,,,,,,,,,,,,,,,,,,,TN
1456,aaaa3f2b8fed9e159a8b08e4263034e9a051be71,0.1100923439648962,autoland,4366813,13,930eca14459531ff5483e56979276f480af08a6a,android-hw-a51-11-0-aarch64-shippable-qr,True,False,,|w|a|r|m| |w|e|b|r|e|n|d|e|r|,102210fe594ee9b33d82058545b1ed14f4c8206e,PerceptualSpeedIndex,ebay-kleinanzeigen,True,ebay-kleinanzeigen PerceptualSpeedIndex opt warm webrender,,77,ms,geckoview,447199945.0,1843771116,2024-02-14 01:35:59,1376937,,,,,,,,,,,,,,,,,,,,,,,,,,,,,,,,,,,,,,,,,,,,,,,,,TN
1457,1b24ea8c2e7e02f00bd61e8cd672da76b16c42a6,0.11840985002292226,autoland,4366813,13,930eca14459531ff5483e56979276f480af08a6a,android-hw-a51-11-0-aarch64-shippable-qr,True,False,,|w|a|r|m| |w|e|b|r|e|n|d|e|r|,102210fe594ee9b33d82058545b1ed14f4c8206e,PerceptualSpeedIndex,ebay-kleinanzeigen,True,ebay-kleinanzeigen PerceptualSpeedIndex opt warm webrender,,77,ms,geckoview,447222391.0,1843849598,2024-02-14 05:55:05,1376972,,,,,,,,,,,,,,,,,,,,,,,,,,,,,,,,,,,,,,,,,,,,,,,,,TN
1458,dca10aca1871edfdba5107bc7766982b186d7f2c,0.10956840657541422,autoland,4366813,13,930eca14459531ff5483e56979276f480af08a6a,android-hw-a51-11-0-aarch64-shippable-qr,True,False,,|w|a|r|m| |w|e|b|r|e|n|d|e|r|,102210fe594ee9b33d82058545b1ed14f4c8206e,PerceptualSpeedIndex,ebay-kleinanzeigen,True,ebay-kleinanzeigen PerceptualSpeedIndex opt warm webrender,,77,ms,geckoview,447274239.0,1843993578,2024-02-14 15:32:04,1377071,,,,,,,,,,,,,,,,,,,,,,,,,,,,,,,,,,,,,,,,,,,,,,,,,TN
1459,2ea0fda6ec6ed02a530a3a4bb67fabb0d14d403f,0.11952321697557144,autoland,4366813,13,930eca14459531ff5483e56979276f480af08a6a,android-hw-a51-11-0-aarch64-shippable-qr,True,False,,|w|a|r|m| |w|e|b|r|e|n|d|e|r|,102210fe594ee9b33d82058545b1ed14f4c8206e,PerceptualSpeedIndex,ebay-kleinanzeigen,True,ebay-kleinanzeigen PerceptualSpeedIndex opt warm webrender,,77,ms,geckoview,447279507.0,1844043718,2024-02-14 15:37:30,1377078,,,,,,,,,,,,,,,,,,,,,,,,,,,,,,,,,,,,,,,,,,,,,,,,,TN
1460,b0b34dab81d56b5e5ee526c9f44e926db4b27dce,0.15986639596568208,autoland,4366813,13,930eca14459531ff5483e56979276f480af08a6a,android-hw-a51-11-0-aarch64-shippable-qr,True,False,,|w|a|r|m| |w|e|b|r|e|n|d|e|r|,102210fe594ee9b33d82058545b1ed14f4c8206e,PerceptualSpeedIndex,ebay-kleinanzeigen,True,ebay-kleinanzeigen PerceptualSpeedIndex opt warm webrender,,77,ms,geckoview,447311885.0,1844098118,2024-02-14 20:39:05,1377195,,,,,,,,,,,,,,,,,,,,,,,,,,,,,,,,,,,,,,,,,,,,,,,,,TN
1461,981afc9a696a12b7e873eae165925138a2726efe,0.11369441351758458,autoland,4366813,13,930eca14459531ff5483e56979276f480af08a6a,android-hw-a51-11-0-aarch64-shippable-qr,True,False,,|w|a|r|m| |w|e|b|r|e|n|d|e|r|,102210fe594ee9b33d82058545b1ed14f4c8206e,PerceptualSpeedIndex,ebay-kleinanzeigen,True,ebay-kleinanzeigen PerceptualSpeedIndex opt warm webrender,,77,ms,geckoview,447332961.0,1844174241,2024-02-15 00:51:05,1377256,,,,,,,,,,,,,,,,,,,,,,,,,,,,,,,,,,,,,,,,,,,,,,,,,TN
1462,aa5fc411278d3beae081682cb31a2167257d3aed,0.10753814919117177,autoland,4366813,13,930eca14459531ff5483e56979276f480af08a6a,android-hw-a51-11-0-aarch64-shippable-qr,True,False,,|w|a|r|m| |w|e|b|r|e|n|d|e|r|,102210fe594ee9b33d82058545b1ed14f4c8206e,PerceptualSpeedIndex,ebay-kleinanzeigen,True,ebay-kleinanzeigen PerceptualSpeedIndex opt warm webrender,,77,ms,geckoview,447348825.0,1844250008,2024-02-15 04:52:31,1377304,,,,,,,,,,,,,,,,,,,,,,,,,,,,,,,,,,,,,,,,,,,,,,,,,TN
1463,2b4e9ee6225f1183da45d24404e72f48e3803f08,0.10603182919641096,autoland,4366813,13,930eca14459531ff5483e56979276f480af08a6a,android-hw-a51-11-0-aarch64-shippable-qr,True,False,,|w|a|r|m| |w|e|b|r|e|n|d|e|r|,102210fe594ee9b33d82058545b1ed14f4c8206e,PerceptualSpeedIndex,ebay-kleinanzeigen,True,ebay-kleinanzeigen PerceptualSpeedIndex opt warm webrender,,77,ms,geckoview,447394749.0,1844413808,2024-02-15 12:49:34,1377375,,,,,,,,,,,,,,,,,,,,,,,,,,,,,,,,,,,,,,,,,,,,,,,,,TN
1464,dbe553dd13b79a3c4821f203f3adca31fe71cc56,0.09660095618573583,autoland,4366813,13,930eca14459531ff5483e56979276f480af08a6a,android-hw-a51-11-0-aarch64-shippable-qr,True,False,,|w|a|r|m| |w|e|b|r|e|n|d|e|r|,102210fe594ee9b33d82058545b1ed14f4c8206e,PerceptualSpeedIndex,ebay-kleinanzeigen,True,ebay-kleinanzeigen PerceptualSpeedIndex opt warm webrender,,77,ms,geckoview,447413157.0,1844502324,2024-02-15 16:23:45,1377427,,,,,,,,,,,,,,,,,,,,,,,,,,,,,,,,,,,,,,,,,,,,,,,,,TN
1465,02d5bc9805676f9a22f3cef50c86ddc38e7534d9,0.1098958674438405,autoland,4366813,13,930eca14459531ff5483e56979276f480af08a6a,android-hw-a51-11-0-aarch64-shippable-qr,True,False,,|w|a|r|m| |w|e|b|r|e|n|d|e|r|,102210fe594ee9b33d82058545b1ed14f4c8206e,PerceptualSpeedIndex,ebay-kleinanzeigen,True,ebay-kleinanzeigen PerceptualSpeedIndex opt warm webrender,,77,ms,geckoview,447432861.0,1844572681,2024-02-15 20:44:46,1377493,,,,,,,,,,,,,,,,,,,,,,,,,,,,,,,,,,,,,,,,,,,,,,,,,TN
1466,798af36e79586239c3954fe06796d9a27a353b92,0.10655576658589305,autoland,4366813,13,930eca14459531ff5483e56979276f480af08a6a,android-hw-a51-11-0-aarch64-shippable-qr,True,False,,|w|a|r|m| |w|e|b|r|e|n|d|e|r|,102210fe594ee9b33d82058545b1ed14f4c8206e,PerceptualSpeedIndex,ebay-kleinanzeigen,True,ebay-kleinanzeigen PerceptualSpeedIndex opt warm webrender,,77,ms,geckoview,447435611.0,1844594865,2024-02-15 22:19:13,1377518,,,,,,,,,,,,,,,,,,,,,,,,,,,,,,,,,,,,,,,,,,,,,,,,,TN
1467,861d200fe3e761e23bbb6ce556446725fb01cd43,0.09378479271727036,autoland,4366813,13,930eca14459531ff5483e56979276f480af08a6a,android-hw-a51-11-0-aarch64-shippable-qr,True,False,,|w|a|r|m| |w|e|b|r|e|n|d|e|r|,102210fe594ee9b33d82058545b1ed14f4c8206e,PerceptualSpeedIndex,ebay-kleinanzeigen,True,ebay-kleinanzeigen PerceptualSpeedIndex opt warm webrender,,77,ms,geckoview,447482786.0,1844727642,2024-02-16 06:24:45,1378006,,,,,,,,,,,,,,,,,,,,,,,,,,,,,,,,,,,,,,,,,,,,,,,,,TN
1468,313b43f262a908e7e012c7d19f326345a0863bae,0.12181544305455505,autoland,4366813,13,930eca14459531ff5483e56979276f480af08a6a,android-hw-a51-11-0-aarch64-shippable-qr,True,False,,|w|a|r|m| |w|e|b|r|e|n|d|e|r|,102210fe594ee9b33d82058545b1ed14f4c8206e,PerceptualSpeedIndex,ebay-kleinanzeigen,True,ebay-kleinanzeigen PerceptualSpeedIndex opt warm webrender,,77,ms,geckoview,447522192.0,1844845248,2024-02-16 14:55:53,1378386,,,,,,,,,,,,,,,,,,,,,,,,,,,,,,,,,,,,,,,,,,,,,,,,,TN
1469,2af34b4c9adf8c8defd3251b569af9c38cc0a429,0.12024363088610912,autoland,4366813,13,930eca14459531ff5483e56979276f480af08a6a,android-hw-a51-11-0-aarch64-shippable-qr,True,False,,|w|a|r|m| |w|e|b|r|e|n|d|e|r|,102210fe594ee9b33d82058545b1ed14f4c8206e,PerceptualSpeedIndex,ebay-kleinanzeigen,True,ebay-kleinanzeigen PerceptualSpeedIndex opt warm webrender,,77,ms,geckoview,447564998.0,1845033383,2024-02-17 16:55:38,1378583,,,,,,,,,,,,,,,,,,,,,,,,,,,,,,,,,,,,,,,,,,,,,,,,,TN
1470,fcdb3e9046c67688b2a5b8aeb6451b081b3b52ea,0.10871700831750608,autoland,4366813,13,930eca14459531ff5483e56979276f480af08a6a,android-hw-a51-11-0-aarch64-shippable-qr,True,False,,|w|a|r|m| |w|e|b|r|e|n|d|e|r|,102210fe594ee9b33d82058545b1ed14f4c8206e,PerceptualSpeedIndex,ebay-kleinanzeigen,True,ebay-kleinanzeigen PerceptualSpeedIndex opt warm webrender,,77,ms,geckoview,447595755.0,1845215606,2024-02-19 03:31:58,1378717,,,,,,,,,,,,,,,,,,,,,,,,,,,,,,,,,,,,,,,,,,,,,,,,,TN
1471,1dcfa194ad7d005175d431adf6ee3b93c00fb453,0.12587595782304017,autoland,4366813,13,930eca14459531ff5483e56979276f480af08a6a,android-hw-a51-11-0-aarch64-shippable-qr,True,False,,|w|a|r|m| |w|e|b|r|e|n|d|e|r|,102210fe594ee9b33d82058545b1ed14f4c8206e,PerceptualSpeedIndex,ebay-kleinanzeigen,True,ebay-kleinanzeigen PerceptualSpeedIndex opt warm webrender,,77,ms,geckoview,447619680.0,1845376991,2024-02-19 10:14:02,1378796,,,,,,,,,,,,,,,,,,,,,,,,,,,,,,,,,,,,,,,,,,,,,,,,,TN
1472,ac4ab326e785a5ad42ce51b54749c2bcce394916,0.11624860829130923,autoland,4366813,13,930eca14459531ff5483e56979276f480af08a6a,android-hw-a51-11-0-aarch64-shippable-qr,True,False,,|w|a|r|m| |w|e|b|r|e|n|d|e|r|,102210fe594ee9b33d82058545b1ed14f4c8206e,PerceptualSpeedIndex,ebay-kleinanzeigen,True,ebay-kleinanzeigen PerceptualSpeedIndex opt warm webrender,,77,ms,geckoview,447644872.0,1845395730,2024-02-19 12:40:02,1378838,,,,,,,,,,,,,,,,,,,,,,,,,,,,,,,,,,,,,,,,,,,,,,,,,TN
1473,bef8b1b461b8524917fc01cd866e903290b1d7f6,0.10387058746479794,autoland,4366813,13,930eca14459531ff5483e56979276f480af08a6a,android-hw-a51-11-0-aarch64-shippable-qr,True,False,,|w|a|r|m| |w|e|b|r|e|n|d|e|r|,102210fe594ee9b33d82058545b1ed14f4c8206e,PerceptualSpeedIndex,ebay-kleinanzeigen,True,ebay-kleinanzeigen PerceptualSpeedIndex opt warm webrender,,77,ms,geckoview,447669097.0,1845456543,2024-02-19 16:50:13,1378949,,,,,,,,,,,,,,,,,,,,,,,,,,,,,,,,,,,,,,,,,,,,,,,,,TN
1474,2f43b0ae1352efb25f67ffe4f86884c0eb959adb,0.12816818390202378,autoland,4366813,13,930eca14459531ff5483e56979276f480af08a6a,android-hw-a51-11-0-aarch64-shippable-qr,True,False,,|w|a|r|m| |w|e|b|r|e|n|d|e|r|,102210fe594ee9b33d82058545b1ed14f4c8206e,PerceptualSpeedIndex,ebay-kleinanzeigen,True,ebay-kleinanzeigen PerceptualSpeedIndex opt warm webrender,,77,ms,geckoview,447693668.0,1845562525,2024-02-19 20:56:27,1379008,,,,,,,,,,,,,,,,,,,,,,,,,,,,,,,,,,,,,,,,,,,,,,,,,TN
1475,e9309553f817fa164bde4c229fe12ae51207bed9,0.10105442399633247,autoland,4366813,13,930eca14459531ff5483e56979276f480af08a6a,android-hw-a51-11-0-aarch64-shippable-qr,True,False,,|w|a|r|m| |w|e|b|r|e|n|d|e|r|,102210fe594ee9b33d82058545b1ed14f4c8206e,PerceptualSpeedIndex,ebay-kleinanzeigen,True,ebay-kleinanzeigen PerceptualSpeedIndex opt warm webrender,,77,ms,geckoview,447697747.0,1845570625,2024-02-19 22:19:49,1379038,,,,,,,,,,,,,,,,,,,,,,,,,,,,,,,,,,,,,,,,,,,,,,,,,TN
1476,ad2add2f3c608b924436c34684c1a775130e74ce,0.10727618049643073,autoland,4366813,13,930eca14459531ff5483e56979276f480af08a6a,android-hw-a51-11-0-aarch64-shippable-qr,True,False,,|w|a|r|m| |w|e|b|r|e|n|d|e|r|,102210fe594ee9b33d82058545b1ed14f4c8206e,PerceptualSpeedIndex,ebay-kleinanzeigen,True,ebay-kleinanzeigen PerceptualSpeedIndex opt warm webrender,,77,ms,geckoview,447712983.0,1845615977,2024-02-20 03:01:00,1379095,,,,,,,,,,,,,,,,,,,,,,,,,,,,,,,,,,,,,,,,,,,,,,,,,TN
1477,cc3c4937fb69e80b552b61a4f2dfd1405b518d89,0.10197131442792595,autoland,4366813,13,930eca14459531ff5483e56979276f480af08a6a,android-hw-a51-11-0-aarch64-shippable-qr,True,False,,|w|a|r|m| |w|e|b|r|e|n|d|e|r|,102210fe594ee9b33d82058545b1ed14f4c8206e,PerceptualSpeedIndex,ebay-kleinanzeigen,True,ebay-kleinanzeigen PerceptualSpeedIndex opt warm webrender,,77,ms,geckoview,447728878.0,1845714870,2024-02-20 09:01:06,1379152,,,,,,,,,,,,,,,,,,,,,,,,,,,,,,,,,,,,,,,,,,,,,,,,,TN
1478,0465723cfb4ca46ccf93d696eb564093a1d9f2e6,0.13858143951797763,autoland,4366813,13,930eca14459531ff5483e56979276f480af08a6a,android-hw-a51-11-0-aarch64-shippable-qr,True,False,,|w|a|r|m| |w|e|b|r|e|n|d|e|r|,102210fe594ee9b33d82058545b1ed14f4c8206e,PerceptualSpeedIndex,ebay-kleinanzeigen,True,ebay-kleinanzeigen PerceptualSpeedIndex opt warm webrender,,77,ms,geckoview,447781397.0,1845926848,2024-02-20 16:46:59,1379390,,,,,,,,,,,,,,,,,,,,,,,,,,,,,,,,,,,,,,,,,,,,,,,,,TN
1479,53f7baad39fc2408bc5c1ab6df97372a395730a4,0.10681773528063399,autoland,4366813,13,930eca14459531ff5483e56979276f480af08a6a,android-hw-a51-11-0-aarch64-shippable-qr,True,False,,|w|a|r|m| |w|e|b|r|e|n|d|e|r|,102210fe594ee9b33d82058545b1ed14f4c8206e,PerceptualSpeedIndex,ebay-kleinanzeigen,True,ebay-kleinanzeigen PerceptualSpeedIndex opt warm webrender,,77,ms,geckoview,447801479.0,1845981916,2024-02-20 20:06:07,1379528,,,,,,,,,,,,,,,,,,,,,,,,,,,,,,,,,,,,,,,,,,,,,,,,,TN
1480,05e1180d2aa04a8882ff66dfaeeb0705694f7a61,0.10701421180168968,autoland,4366813,13,930eca14459531ff5483e56979276f480af08a6a,android-hw-a51-11-0-aarch64-shippable-qr,True,False,,|w|a|r|m| |w|e|b|r|e|n|d|e|r|,102210fe594ee9b33d82058545b1ed14f4c8206e,PerceptualSpeedIndex,ebay-kleinanzeigen,True,ebay-kleinanzeigen PerceptualSpeedIndex opt warm webrender,,77,ms,geckoview,447832142.0,1846078071,2024-02-21 00:08:41,1379609,,,,,,,,,,,,,,,,,,,,,,,,,,,,,,,,,,,,,,,,,,,,,,,,,TN
1481,119078d182dd2557cd70eb6933abc1ecfb499edd,0.10144737703844386,autoland,4366813,13,930eca14459531ff5483e56979276f480af08a6a,android-hw-a51-11-0-aarch64-shippable-qr,True,False,,|w|a|r|m| |w|e|b|r|e|n|d|e|r|,102210fe594ee9b33d82058545b1ed14f4c8206e,PerceptualSpeedIndex,ebay-kleinanzeigen,True,ebay-kleinanzeigen PerceptualSpeedIndex opt warm webrender,,77,ms,geckoview,447832831.0,1846091052,2024-02-21 00:41:01,1379618,,,,,,,,,,,,,,,,,,,,,,,,,,,,,,,,,,,,,,,,,,,,,,,,,TN
1482,714d9f89093457451e3881a56b2477e958b70fe0,0.10930643788067318,autoland,4366813,13,930eca14459531ff5483e56979276f480af08a6a,android-hw-a51-11-0-aarch64-shippable-qr,True,False,,|w|a|r|m| |w|e|b|r|e|n|d|e|r|,102210fe594ee9b33d82058545b1ed14f4c8206e,PerceptualSpeedIndex,ebay-kleinanzeigen,True,ebay-kleinanzeigen PerceptualSpeedIndex opt warm webrender,,77,ms,geckoview,447846474.0,1846153735,2024-02-21 05:21:04,1379764,,,,,,,,,,,,,,,,,,,,,,,,,,,,,,,,,,,,,,,,,,,,,,,,,TN
1483,764b93d1a22891bddaaec4e5f73836957d938bac,0.12495906739144669,autoland,4366813,13,930eca14459531ff5483e56979276f480af08a6a,android-hw-a51-11-0-aarch64-shippable-qr,True,False,,|w|a|r|m| |w|e|b|r|e|n|d|e|r|,102210fe594ee9b33d82058545b1ed14f4c8206e,PerceptualSpeedIndex,ebay-kleinanzeigen,True,ebay-kleinanzeigen PerceptualSpeedIndex opt warm webrender,,77,ms,geckoview,447875975.0,1846291675,2024-02-21 10:11:10,1379832,,,,,,,,,,,,,,,,,,,,,,,,,,,,,,,,,,,,,,,,,,,,,,,,,TN
1484,24ffc625c71e9cb6e20c48936ac06da6ec066694,0.11795140480712552,autoland,4366813,13,930eca14459531ff5483e56979276f480af08a6a,android-hw-a51-11-0-aarch64-shippable-qr,True,False,,|w|a|r|m| |w|e|b|r|e|n|d|e|r|,102210fe594ee9b33d82058545b1ed14f4c8206e,PerceptualSpeedIndex,ebay-kleinanzeigen,True,ebay-kleinanzeigen PerceptualSpeedIndex opt warm webrender,,77,ms,geckoview,447877603.0,1846313155,2024-02-21 10:22:21,1379838,,,,,,,,,,,,,,,,,,,,,,,,,,,,,,,,,,,,,,,,,,,,,,,,,TN
1485,799f79fdcedba2bbccee86179c8b547894a16162,0.118868295238719,autoland,4366813,13,930eca14459531ff5483e56979276f480af08a6a,android-hw-a51-11-0-aarch64-shippable-qr,True,False,,|w|a|r|m| |w|e|b|r|e|n|d|e|r|,102210fe594ee9b33d82058545b1ed14f4c8206e,PerceptualSpeedIndex,ebay-kleinanzeigen,True,ebay-kleinanzeigen PerceptualSpeedIndex opt warm webrender,,77,ms,geckoview,447915427.0,1846430453,2024-02-21 14:24:58,1379926,,,,,,,,,,,,,,,,,,,,,,,,,,,,,,,,,,,,,,,,,,,,,,,,,TN
1486,f8dd4015fa59fee3a1a74c00cd2393a9578e49f0,0.1057043683279848,autoland,4366813,13,930eca14459531ff5483e56979276f480af08a6a,android-hw-a51-11-0-aarch64-shippable-qr,True,False,,|w|a|r|m| |w|e|b|r|e|n|d|e|r|,102210fe594ee9b33d82058545b1ed14f4c8206e,PerceptualSpeedIndex,ebay-kleinanzeigen,True,ebay-kleinanzeigen PerceptualSpeedIndex opt warm webrender,,77,ms,geckoview,447923006.0,1846442379,2024-02-21 15:14:56,1379958,,,,,,,,,,,,,,,,,,,,,,,,,,,,,,,,,,,,,,,,,,,,,,,,,TN
1487,bec4dc4bd9ce0a51dab009936bc838963e3f16b3,0.12666186390726308,autoland,4366813,13,930eca14459531ff5483e56979276f480af08a6a,android-hw-a51-11-0-aarch64-shippable-qr,True,False,,|w|a|r|m| |w|e|b|r|e|n|d|e|r|,102210fe594ee9b33d82058545b1ed14f4c8206e,PerceptualSpeedIndex,ebay-kleinanzeigen,True,ebay-kleinanzeigen PerceptualSpeedIndex opt warm webrender,,77,ms,geckoview,447962803.0,1846740351,2024-02-21 20:37:48,1380197,,,,,,,,,,,,,,,,,,,,,,,,,,,,,,,,,,,,,,,,,,,,,,,,,TN
1488,31b9ef95a482db91c24a809eb6a64f2c0d7f8f9d,0.10472198572270608,autoland,4366813,13,930eca14459531ff5483e56979276f480af08a6a,android-hw-a51-11-0-aarch64-shippable-qr,True,False,,|w|a|r|m| |w|e|b|r|e|n|d|e|r|,102210fe594ee9b33d82058545b1ed14f4c8206e,PerceptualSpeedIndex,ebay-kleinanzeigen,True,ebay-kleinanzeigen PerceptualSpeedIndex opt warm webrender,,77,ms,geckoview,447962756.0,1846738689,2024-02-21 20:47:55,1380210,,,,,,,,,,,,,,,,,,,,,,,,,,,,,,,,,,,,,,,,,,,,,,,,,TN
1489,445c60e096fe3cdc8b7169881875c476febfe082,0.10518043093850282,autoland,4366813,13,930eca14459531ff5483e56979276f480af08a6a,android-hw-a51-11-0-aarch64-shippable-qr,True,False,,|w|a|r|m| |w|e|b|r|e|n|d|e|r|,102210fe594ee9b33d82058545b1ed14f4c8206e,PerceptualSpeedIndex,ebay-kleinanzeigen,True,ebay-kleinanzeigen PerceptualSpeedIndex opt warm webrender,,77,ms,geckoview,447993795.0,1846811413,2024-02-22 00:49:41,1380338,,,,,,,,,,,,,,,,,,,,,,,,,,,,,,,,,,,,,,,,,,,,,,,,,TN
1490,093d37f32ef033aa168508e96b9ec2e753850ccc,0.10714519614906015,autoland,4366813,13,930eca14459531ff5483e56979276f480af08a6a,android-hw-a51-11-0-aarch64-shippable-qr,True,False,,|w|a|r|m| |w|e|b|r|e|n|d|e|r|,102210fe594ee9b33d82058545b1ed14f4c8206e,PerceptualSpeedIndex,ebay-kleinanzeigen,True,ebay-kleinanzeigen PerceptualSpeedIndex opt warm webrender,,77,ms,geckoview,448003374.0,1846877068,2024-02-22 02:03:24,1380373,,,,,,,,,,,,,,,,,,,,,,,,,,,,,,,,,,,,,,,,,,,,,,,,,TN
1491,e32e8effe8493ec71ad7a3b2b043f7742905b2be,0.10590084484904061,autoland,4366813,13,930eca14459531ff5483e56979276f480af08a6a,android-hw-a51-11-0-aarch64-shippable-qr,True,False,,|w|a|r|m| |w|e|b|r|e|n|d|e|r|,102210fe594ee9b33d82058545b1ed14f4c8206e,PerceptualSpeedIndex,ebay-kleinanzeigen,True,ebay-kleinanzeigen PerceptualSpeedIndex opt warm webrender,,77,ms,geckoview,448016603.0,1846941985,2024-02-22 06:55:22,1380445,,,,,,,,,,,,,,,,,,,,,,,,,,,,,,,,,,,,,,,,,,,,,,,,,TN
1492,836800665817ebbf328952caef8477f135630733,0.10773462571222747,autoland,4366813,13,930eca14459531ff5483e56979276f480af08a6a,android-hw-a51-11-0-aarch64-shippable-qr,True,False,,|w|a|r|m| |w|e|b|r|e|n|d|e|r|,102210fe594ee9b33d82058545b1ed14f4c8206e,PerceptualSpeedIndex,ebay-kleinanzeigen,True,ebay-kleinanzeigen PerceptualSpeedIndex opt warm webrender,,77,ms,geckoview,448045570.0,1847039140,2024-02-22 08:58:43,1380488,,,,,,,,,,,,,,,,,,,,,,,,,,,,,,,,,,,,,,,,,,,,,,,,,TN
1493,583b3985eb0c0410cf6ebaf8e2f5c576185726c5,0.11041980483332237,autoland,4366813,13,930eca14459531ff5483e56979276f480af08a6a,android-hw-a51-11-0-aarch64-shippable-qr,True,False,,|w|a|r|m| |w|e|b|r|e|n|d|e|r|,102210fe594ee9b33d82058545b1ed14f4c8206e,PerceptualSpeedIndex,ebay-kleinanzeigen,True,ebay-kleinanzeigen PerceptualSpeedIndex opt warm webrender,,77,ms,geckoview,448073121.0,1847164814,2024-02-22 12:54:00,1380594,,,,,,,,,,,,,,,,,,,,,,,,,,,,,,,,,,,,,,,,,,,,,,,,,TN
1494,51ea0932b27ba455533226277e6c6deeb38a8fd4,0.12797170738096797,autoland,4366813,13,930eca14459531ff5483e56979276f480af08a6a,android-hw-a51-11-0-aarch64-shippable-qr,True,False,,|w|a|r|m| |w|e|b|r|e|n|d|e|r|,102210fe594ee9b33d82058545b1ed14f4c8206e,PerceptualSpeedIndex,ebay-kleinanzeigen,True,ebay-kleinanzeigen PerceptualSpeedIndex opt warm webrender,,77,ms,geckoview,448098199.0,1847263374,2024-02-22 16:54:14,1380794,,,,,,,,,,,,,,,,,,,,,,,,,,,,,,,,,,,,,,,,,,,,,,,,,TN
1495,aac0a57bd987ca0633e2f48ca37f8564344749b9,0.09771432313838502,autoland,4366813,13,930eca14459531ff5483e56979276f480af08a6a,android-hw-a51-11-0-aarch64-shippable-qr,True,False,,|w|a|r|m| |w|e|b|r|e|n|d|e|r|,102210fe594ee9b33d82058545b1ed14f4c8206e,PerceptualSpeedIndex,ebay-kleinanzeigen,True,ebay-kleinanzeigen PerceptualSpeedIndex opt warm webrender,,77,ms,geckoview,448100602.0,1847270742,2024-02-22 17:17:40,1380806,,,,,,,,,,,,,,,,,,,,,,,,,,,,,,,,,,,,,,,,,,,,,,,,,TN
1496,1b60bca1b546c120891a0263bcdf7757d75178bc,0.12626891086515168,autoland,4366813,13,930eca14459531ff5483e56979276f480af08a6a,android-hw-a51-11-0-aarch64-shippable-qr,True,False,,|w|a|r|m| |w|e|b|r|e|n|d|e|r|,102210fe594ee9b33d82058545b1ed14f4c8206e,PerceptualSpeedIndex,ebay-kleinanzeigen,True,ebay-kleinanzeigen PerceptualSpeedIndex opt warm webrender,,77,ms,geckoview,448137020.0,1847402429,2024-02-22 21:59:43,1380998,,,,,,,,,,,,,,,,,,,,,,,,,,,,,,,,,,,,,,,,,,,,,,,,,TN
1497,3157eece201c15988ff693f9746bc767ad633fa8,0.11127120309123051,autoland,4366813,13,930eca14459531ff5483e56979276f480af08a6a,android-hw-a51-11-0-aarch64-shippable-qr,True,False,,|w|a|r|m| |w|e|b|r|e|n|d|e|r|,102210fe594ee9b33d82058545b1ed14f4c8206e,PerceptualSpeedIndex,ebay-kleinanzeigen,True,ebay-kleinanzeigen PerceptualSpeedIndex opt warm webrender,,77,ms,geckoview,448137396.0,1847411984,2024-02-22 22:05:44,1381007,,,,,,,,,,,,,,,,,,,,,,,,,,,,,,,,,,,,,,,,,,,,,,,,,TN
1498,90d2dd7d6b48918404ecc4906e62fa106b4238a9,0.12338725522300076,autoland,4366813,13,930eca14459531ff5483e56979276f480af08a6a,android-hw-a51-11-0-aarch64-shippable-qr,True,False,,|w|a|r|m| |w|e|b|r|e|n|d|e|r|,102210fe594ee9b33d82058545b1ed14f4c8206e,PerceptualSpeedIndex,ebay-kleinanzeigen,True,ebay-kleinanzeigen PerceptualSpeedIndex opt warm webrender,,77,ms,geckoview,448163893.0,1847561540,2024-02-23 03:42:44,1381156,,,,,,,,,,,,,,,,,,,,,,,,,,,,,,,,,,,,,,,,,,,,,,,,,TN
1499,21d2a36f8f072b9b57adbeb73eca449f62093ca3,0.10576986050167014,autoland,4366813,13,930eca14459531ff5483e56979276f480af08a6a,android-hw-a51-11-0-aarch64-shippable-qr,True,False,,|w|a|r|m| |w|e|b|r|e|n|d|e|r|,102210fe594ee9b33d82058545b1ed14f4c8206e,PerceptualSpeedIndex,ebay-kleinanzeigen,True,ebay-kleinanzeigen PerceptualSpeedIndex opt warm webrender,,77,ms,geckoview,448177942.0,1847640540,2024-02-23 07:23:44,1381206,,,,,,,,,,,,,,,,,,,,,,,,,,,,,,,,,,,,,,,,,,,,,,,,,TN
1500,75e12d12d89c2d79200c0057830f9e0c37f973f5,0.12129150566507307,autoland,4366813,13,930eca14459531ff5483e56979276f480af08a6a,android-hw-a51-11-0-aarch64-shippable-qr,True,False,,|w|a|r|m| |w|e|b|r|e|n|d|e|r|,102210fe594ee9b33d82058545b1ed14f4c8206e,PerceptualSpeedIndex,ebay-kleinanzeigen,True,ebay-kleinanzeigen PerceptualSpeedIndex opt warm webrender,,77,ms,geckoview,448219098.0,1847761766,2024-02-23 12:03:57,1381319,,,,,,,,,,,,,,,,,,,,,,,,,,,,,,,,,,,,,,,,,,,,,,,,,TN
1501,e2c67ce1b79f08538c8f70b2089d860802aa289e,0.11310498395441748,autoland,4366813,13,930eca14459531ff5483e56979276f480af08a6a,android-hw-a51-11-0-aarch64-shippable-qr,True,False,,|w|a|r|m| |w|e|b|r|e|n|d|e|r|,102210fe594ee9b33d82058545b1ed14f4c8206e,PerceptualSpeedIndex,ebay-kleinanzeigen,True,ebay-kleinanzeigen PerceptualSpeedIndex opt warm webrender,,77,ms,geckoview,448241732.0,1847876544,2024-02-23 15:17:21,1381416,,,,,,,,,,,,,,,,,,,,,,,,,,,,,,,,,,,,,,,,,,,,,,,,,TN
1502,dccf526bcc0afbf9f7abd33abff453ced5a76335,0.10806208658065364,autoland,4366813,13,930eca14459531ff5483e56979276f480af08a6a,android-hw-a51-11-0-aarch64-shippable-qr,True,False,,|w|a|r|m| |w|e|b|r|e|n|d|e|r|,102210fe594ee9b33d82058545b1ed14f4c8206e,PerceptualSpeedIndex,ebay-kleinanzeigen,True,ebay-kleinanzeigen PerceptualSpeedIndex opt warm webrender,,77,ms,geckoview,448264864.0,1847976058,2024-02-23 18:14:32,1381598,,,,,,,,,,,,,,,,,,,,,,,,,,,,,,,,,,,,,,,,,,,,,,,,,TN
1503,8c239bb8c3fa84633497932b3d3a1d566f9e7581,0.10465649354902096,autoland,4366813,13,930eca14459531ff5483e56979276f480af08a6a,android-hw-a51-11-0-aarch64-shippable-qr,True,False,,|w|a|r|m| |w|e|b|r|e|n|d|e|r|,102210fe594ee9b33d82058545b1ed14f4c8206e,PerceptualSpeedIndex,ebay-kleinanzeigen,True,ebay-kleinanzeigen PerceptualSpeedIndex opt warm webrender,,77,ms,geckoview,448298031.0,1848070519,2024-02-23 22:24:23,1381790,,,,,,,,,,,,,,,,,,,,,,,,,,,,,,,,,,,,,,,,,,,,,,,,,TN
1504,fc1f91bbfd85565b6b9a06155b3d750dc17812f0,0.11087825004911911,autoland,4366813,13,930eca14459531ff5483e56979276f480af08a6a,android-hw-a51-11-0-aarch64-shippable-qr,True,False,,|w|a|r|m| |w|e|b|r|e|n|d|e|r|,102210fe594ee9b33d82058545b1ed14f4c8206e,PerceptualSpeedIndex,ebay-kleinanzeigen,True,ebay-kleinanzeigen PerceptualSpeedIndex opt warm webrender,,77,ms,geckoview,448300454.0,1848091152,2024-02-23 22:37:13,1381800,,,,,,,,,,,,,,,,,,,,,,,,,,,,,,,,,,,,,,,,,,,,,,,,,TN
1505,504cbf2189790d36f74d4fc454949d0c55a40c37,0.10694871962800445,autoland,4366813,13,930eca14459531ff5483e56979276f480af08a6a,android-hw-a51-11-0-aarch64-shippable-qr,True,False,,|w|a|r|m| |w|e|b|r|e|n|d|e|r|,102210fe594ee9b33d82058545b1ed14f4c8206e,PerceptualSpeedIndex,ebay-kleinanzeigen,True,ebay-kleinanzeigen PerceptualSpeedIndex opt warm webrender,,77,ms,geckoview,448316378.0,1848177829,2024-02-24 03:17:09,1381876,,,,,,,,,,,,,,,,,,,,,,,,,,,,,,,,,,,,,,,,,,,,,,,,,TN
1506,f571738470f98e8161bf79b269e333053dca32c4,0.1318357456283974,autoland,4366813,13,930eca14459531ff5483e56979276f480af08a6a,android-hw-a51-11-0-aarch64-shippable-qr,True,False,,|w|a|r|m| |w|e|b|r|e|n|d|e|r|,102210fe594ee9b33d82058545b1ed14f4c8206e,PerceptualSpeedIndex,ebay-kleinanzeigen,True,ebay-kleinanzeigen PerceptualSpeedIndex opt warm webrender,,77,ms,geckoview,448327870.0,1848242984,2024-02-24 08:59:15,1381906,,,,,,,,,,,,,,,,,,,,,,,,,,,,,,,,,,,,,,,,,,,,,,,,,TN
1507,fb873ef9e164e2ac423d266870ce82445945de97,0.09666644835942106,autoland,4366813,13,930eca14459531ff5483e56979276f480af08a6a,android-hw-a51-11-0-aarch64-shippable-qr,True,False,,|w|a|r|m| |w|e|b|r|e|n|d|e|r|,102210fe594ee9b33d82058545b1ed14f4c8206e,PerceptualSpeedIndex,ebay-kleinanzeigen,True,ebay-kleinanzeigen PerceptualSpeedIndex opt warm webrender,,77,ms,geckoview,448354227.0,1848321856,2024-02-24 18:15:08,1381948,,,,,,,,,,,,,,,,,,,,,,,,,,,,,,,,,,,,,,,,,,,,,,,,,TN
1508,fedd91b7af1e6b3c4a7d6f58b8bce94d55eb9d74,0.10452550920165038,autoland,4366813,13,930eca14459531ff5483e56979276f480af08a6a,android-hw-a51-11-0-aarch64-shippable-qr,True,False,,|w|a|r|m| |w|e|b|r|e|n|d|e|r|,102210fe594ee9b33d82058545b1ed14f4c8206e,PerceptualSpeedIndex,ebay-kleinanzeigen,True,ebay-kleinanzeigen PerceptualSpeedIndex opt warm webrender,,77,ms,geckoview,448375294.0,1848386481,2024-02-25 01:06:55,1381999,,,,,,,,,,,,,,,,,,,,,,,,,,,,,,,,,,,,,,,,,,,,,,,,,TN
1509,689cf8cf7e6b9b9ee5e599a77325de05487a5eed,0.11978518567031238,autoland,4366813,13,930eca14459531ff5483e56979276f480af08a6a,android-hw-a51-11-0-aarch64-shippable-qr,True,False,,|w|a|r|m| |w|e|b|r|e|n|d|e|r|,102210fe594ee9b33d82058545b1ed14f4c8206e,PerceptualSpeedIndex,ebay-kleinanzeigen,True,ebay-kleinanzeigen PerceptualSpeedIndex opt warm webrender,,77,ms,geckoview,448413317.0,1848511818,2024-02-26 01:39:06,1382090,,,,,,,,,,,,,,,,,,,,,,,,,,,,,,,,,,,,,,,,,,,,,,,,,TN
1510,8268ce246a04145ed6598e99b5d061a4e1ee3ca6,0.10786561005959794,autoland,4366813,13,930eca14459531ff5483e56979276f480af08a6a,android-hw-a51-11-0-aarch64-shippable-qr,True,False,,|w|a|r|m| |w|e|b|r|e|n|d|e|r|,102210fe594ee9b33d82058545b1ed14f4c8206e,PerceptualSpeedIndex,ebay-kleinanzeigen,True,ebay-kleinanzeigen PerceptualSpeedIndex opt warm webrender,,77,ms,geckoview,448449064.0,1848670004,2024-02-26 10:31:50,1382207,,,,,,,,,,,,,,,,,,,,,,,,,,,,,,,,,,,,,,,,,,,,,,,,,TN
1511,a5c1fbe78e431fe4a1db712f75edb33f6fd668e4,0.11565917872814202,autoland,4366813,13,930eca14459531ff5483e56979276f480af08a6a,android-hw-a51-11-0-aarch64-shippable-qr,True,False,,|w|a|r|m| |w|e|b|r|e|n|d|e|r|,102210fe594ee9b33d82058545b1ed14f4c8206e,PerceptualSpeedIndex,ebay-kleinanzeigen,True,ebay-kleinanzeigen PerceptualSpeedIndex opt warm webrender,,77,ms,geckoview,448486394.0,1848776989,2024-02-26 14:40:18,1382307,,,,,,,,,,,,,,,,,,,,,,,,,,,,,,,,,,,,,,,,,,,,,,,,,TN
1512,621c8480cd3562f3f61966b4219a0335ce72f698,0.10576986050167014,autoland,4366813,13,930eca14459531ff5483e56979276f480af08a6a,android-hw-a51-11-0-aarch64-shippable-qr,True,False,,|w|a|r|m| |w|e|b|r|e|n|d|e|r|,102210fe594ee9b33d82058545b1ed14f4c8206e,PerceptualSpeedIndex,ebay-kleinanzeigen,True,ebay-kleinanzeigen PerceptualSpeedIndex opt warm webrender,,77,ms,geckoview,448492692.0,1848797787,2024-02-26 15:06:28,1382323,,,,,,,,,,,,,,,,,,,,,,,,,,,,,,,,,,,,,,,,,,,,,,,,,TN
1513,b26d4c8d5e44cc544e259f32a62382902af6f7ff,0.12659637173357785,autoland,4366813,13,930eca14459531ff5483e56979276f480af08a6a,android-hw-a51-11-0-aarch64-shippable-qr,True,False,,|w|a|r|m| |w|e|b|r|e|n|d|e|r|,102210fe594ee9b33d82058545b1ed14f4c8206e,PerceptualSpeedIndex,ebay-kleinanzeigen,True,ebay-kleinanzeigen PerceptualSpeedIndex opt warm webrender,,77,ms,geckoview,448511958.0,1848887668,2024-02-26 18:24:43,1382496,,,,,,,,,,,,,,,,,,,,,,,,,,,,,,,,,,,,,,,,,,,,,,,,,TN
1514,2bd01d77bc4d2a1ad705bb1ecb8e793864a737ee,0.10865151614382074,autoland,4366813,13,930eca14459531ff5483e56979276f480af08a6a,android-hw-a51-11-0-aarch64-shippable-qr,True,False,,|w|a|r|m| |w|e|b|r|e|n|d|e|r|,102210fe594ee9b33d82058545b1ed14f4c8206e,PerceptualSpeedIndex,ebay-kleinanzeigen,True,ebay-kleinanzeigen PerceptualSpeedIndex opt warm webrender,,77,ms,geckoview,448544962.0,1848977191,2024-02-26 22:27:48,1382641,,,,,,,,,,,,,,,,,,,,,,,,,,,,,,,,,,,,,,,,,,,,,,,,,TN
1515,9fbcc8f23c0b7543b9146f0d90dd58ce36d32898,0.11415285873338132,autoland,4366813,13,930eca14459531ff5483e56979276f480af08a6a,android-hw-a51-11-0-aarch64-shippable-qr,True,False,,|w|a|r|m| |w|e|b|r|e|n|d|e|r|,102210fe594ee9b33d82058545b1ed14f4c8206e,PerceptualSpeedIndex,ebay-kleinanzeigen,True,ebay-kleinanzeigen PerceptualSpeedIndex opt warm webrender,,77,ms,geckoview,448548795.0,1849010659,2024-02-26 22:53:03,1382666,,,,,,,,,,,,,,,,,,,,,,,,,,,,,,,,,,,,,,,,,,,,,,,,,TN
1516,74094dc4022c8437eb87a7e25bf6433fb07a7fbb,0.10858602397013561,autoland,4366813,13,930eca14459531ff5483e56979276f480af08a6a,android-hw-a51-11-0-aarch64-shippable-qr,True,False,,|w|a|r|m| |w|e|b|r|e|n|d|e|r|,102210fe594ee9b33d82058545b1ed14f4c8206e,PerceptualSpeedIndex,ebay-kleinanzeigen,True,ebay-kleinanzeigen PerceptualSpeedIndex opt warm webrender,,77,ms,geckoview,448573600.0,1849118626,2024-02-27 03:06:58,1382765,,,,,,,,,,,,,,,,,,,,,,,,,,,,,,,,,,,,,,,,,,,,,,,,,TN
1517,f0fd4d27a58991220e91d1c086442a03b0a52117,0.10275722051214875,autoland,4366813,13,930eca14459531ff5483e56979276f480af08a6a,android-hw-a51-11-0-aarch64-shippable-qr,True,False,,|w|a|r|m| |w|e|b|r|e|n|d|e|r|,102210fe594ee9b33d82058545b1ed14f4c8206e,PerceptualSpeedIndex,ebay-kleinanzeigen,True,ebay-kleinanzeigen PerceptualSpeedIndex opt warm webrender,,77,ms,geckoview,448609309.0,1849337679,2024-02-27 10:31:28,1382887,,,,,,,,,,,,,,,,,,,,,,,,,,,,,,,,,,,,,,,,,,,,,,,,,TN
1518,32acc4e2db50b53733cfcf554a308ccc986925b5,0.09182002750671292,autoland,4366813,13,930eca14459531ff5483e56979276f480af08a6a,android-hw-a51-11-0-aarch64-shippable-qr,True,False,,|w|a|r|m| |w|e|b|r|e|n|d|e|r|,102210fe594ee9b33d82058545b1ed14f4c8206e,PerceptualSpeedIndex,ebay-kleinanzeigen,True,ebay-kleinanzeigen PerceptualSpeedIndex opt warm webrender,,77,ms,geckoview,448640944.0,1849403390,2024-02-27 13:59:53,1383025,,,,,,,,,,,,,,,,,,,,,,,,,,,,,,,,,,,,,,,,,,,,,,,,,TN
1519,149f61eecb69d6cf570be79260785c5b4a42e516,0.10662125875957829,autoland,4366813,13,930eca14459531ff5483e56979276f480af08a6a,android-hw-a51-11-0-aarch64-shippable-qr,True,False,,|w|a|r|m| |w|e|b|r|e|n|d|e|r|,102210fe594ee9b33d82058545b1ed14f4c8206e,PerceptualSpeedIndex,ebay-kleinanzeigen,True,ebay-kleinanzeigen PerceptualSpeedIndex opt warm webrender,,77,ms,geckoview,448676348.0,1849555111,2024-02-27 19:00:03,1383277,,,,,,,,,,,,,,,,,,,,,,,,,,,,,,,,,,,,,,,,,,,,,,,,,TN
1520,06645f775e47ea71f6dfa2daff5411ab31c5a629,0.10858602397013561,autoland,4366813,13,930eca14459531ff5483e56979276f480af08a6a,android-hw-a51-11-0-aarch64-shippable-qr,True,False,,|w|a|r|m| |w|e|b|r|e|n|d|e|r|,102210fe594ee9b33d82058545b1ed14f4c8206e,PerceptualSpeedIndex,ebay-kleinanzeigen,True,ebay-kleinanzeigen PerceptualSpeedIndex opt warm webrender,,77,ms,geckoview,448704354.0,1849650525,2024-02-27 23:02:29,1383416,,,,,,,,,,,,,,,,,,,,,,,,,,,,,,,,,,,,,,,,,,,,,,,,,TN
1521,c2895c7db175458e315a65fd8d5e9385e60a76d3,0.11336695264915841,autoland,4366813,13,930eca14459531ff5483e56979276f480af08a6a,android-hw-a51-11-0-aarch64-shippable-qr,True,False,,|w|a|r|m| |w|e|b|r|e|n|d|e|r|,102210fe594ee9b33d82058545b1ed14f4c8206e,PerceptualSpeedIndex,ebay-kleinanzeigen,True,ebay-kleinanzeigen PerceptualSpeedIndex opt warm webrender,,77,ms,geckoview,448706157.0,1849668086,2024-02-27 23:18:10,1383436,,,,,,,,,,,,,,,,,,,,,,,,,,,,,,,,,,,,,,,,,,,,,,,,,TN
1522,41ceb034dc709c821d837a321d2c5fb944bd4231,0.10884799266487666,autoland,4366813,13,930eca14459531ff5483e56979276f480af08a6a,android-hw-a51-11-0-aarch64-shippable-qr,True,False,,|w|a|r|m| |w|e|b|r|e|n|d|e|r|,102210fe594ee9b33d82058545b1ed14f4c8206e,PerceptualSpeedIndex,ebay-kleinanzeigen,True,ebay-kleinanzeigen PerceptualSpeedIndex opt warm webrender,,77,ms,geckoview,448725554.0,1849763281,2024-02-28 03:31:31,1383545,,,,,,,,,,,,,,,,,,,,,,,,,,,,,,,,,,,,,,,,,,,,,,,,,TN
1523,710f48d1638d076913089bfa3978b6a1efc1d842,0.10000654921736862,autoland,4366813,13,930eca14459531ff5483e56979276f480af08a6a,android-hw-a51-11-0-aarch64-shippable-qr,True,False,,|w|a|r|m| |w|e|b|r|e|n|d|e|r|,102210fe594ee9b33d82058545b1ed14f4c8206e,PerceptualSpeedIndex,ebay-kleinanzeigen,True,ebay-kleinanzeigen PerceptualSpeedIndex opt warm webrender,,77,ms,geckoview,448741651.0,1849814636,2024-02-28 07:34:11,1383600,,,,,,,,,,,,,,,,,,,,,,,,,,,,,,,,,,,,,,,,,,,,,,,,,TN
1524,85f3a9a2a4155f207064d78c57f79611f7332287,0.10026851791210944,autoland,4366813,13,930eca14459531ff5483e56979276f480af08a6a,android-hw-a51-11-0-aarch64-shippable-qr,True,False,,|w|a|r|m| |w|e|b|r|e|n|d|e|r|,102210fe594ee9b33d82058545b1ed14f4c8206e,PerceptualSpeedIndex,ebay-kleinanzeigen,True,ebay-kleinanzeigen PerceptualSpeedIndex opt warm webrender,,77,ms,geckoview,448744459.0,1849841342,2024-02-28 08:18:18,1383612,,,,,,,,,,,,,,,,,,,,,,,,,,,,,,,,,,,,,,,,,,,,,,,,,TN
1525,2356949f5c6d9a4f229d012051bac51b3eb83aec,0.10249525181740782,autoland,4366813,13,930eca14459531ff5483e56979276f480af08a6a,android-hw-a51-11-0-aarch64-shippable-qr,True,False,,|w|a|r|m| |w|e|b|r|e|n|d|e|r|,102210fe594ee9b33d82058545b1ed14f4c8206e,PerceptualSpeedIndex,ebay-kleinanzeigen,True,ebay-kleinanzeigen PerceptualSpeedIndex opt warm webrender,,77,ms,geckoview,448793571.0,1849987041,2024-02-28 12:53:19,1383715,,,,,,,,,,,,,,,,,,,,,,,,,,,,,,,,,,,,,,,,,,,,,,,,,TN
1526,6583cb878dec05576053eaa9368a4eb5bbbbbedc,0.10203680660161107,autoland,4366813,13,930eca14459531ff5483e56979276f480af08a6a,android-hw-a51-11-0-aarch64-shippable-qr,True,False,,|w|a|r|m| |w|e|b|r|e|n|d|e|r|,102210fe594ee9b33d82058545b1ed14f4c8206e,PerceptualSpeedIndex,ebay-kleinanzeigen,True,ebay-kleinanzeigen PerceptualSpeedIndex opt warm webrender,,77,ms,geckoview,448799818.0,1850016382,2024-02-28 14:06:22,1383751,,,,,,,,,,,,,,,,,,,,,,,,,,,,,,,,,,,,,,,,,,,,,,,,,TN
1527,32ca524f7abf0664a2f0d882868c3e913297f446,0.11127120309123051,autoland,4366813,13,930eca14459531ff5483e56979276f480af08a6a,android-hw-a51-11-0-aarch64-shippable-qr,True,False,,|w|a|r|m| |w|e|b|r|e|n|d|e|r|,102210fe594ee9b33d82058545b1ed14f4c8206e,PerceptualSpeedIndex,ebay-kleinanzeigen,True,ebay-kleinanzeigen PerceptualSpeedIndex opt warm webrender,,77,ms,geckoview,448824235.0,1850129084,2024-02-28 17:56:27,1383890,,,,,,,,,,,,,,,,,,,,,,,,,,,,,,,,,,,,,,,,,,,,,,,,,TN
1528,da466faa7aee60bdeeca32b0767a1f0b9b964272,0.10996135961752562,autoland,4366813,13,930eca14459531ff5483e56979276f480af08a6a,android-hw-a51-11-0-aarch64-shippable-qr,True,False,,|w|a|r|m| |w|e|b|r|e|n|d|e|r|,102210fe594ee9b33d82058545b1ed14f4c8206e,PerceptualSpeedIndex,ebay-kleinanzeigen,True,ebay-kleinanzeigen PerceptualSpeedIndex opt warm webrender,,77,ms,geckoview,448872500.0,1850282830,2024-02-28 20:42:42,1384009,,,,,,,,,,,,,,,,,,,,,,,,,,,,,,,,,,,,,,,,,,,,,,,,,TN
1529,cbef4527f79aadfe5c4dd940effe9b01df8734b1,0.11094374222280434,autoland,4366813,13,930eca14459531ff5483e56979276f480af08a6a,android-hw-a51-11-0-aarch64-shippable-qr,True,False,,|w|a|r|m| |w|e|b|r|e|n|d|e|r|,102210fe594ee9b33d82058545b1ed14f4c8206e,PerceptualSpeedIndex,ebay-kleinanzeigen,True,ebay-kleinanzeigen PerceptualSpeedIndex opt warm webrender,,77,ms,geckoview,448899639.0,1850374441,2024-02-29 00:51:41,1384174,,,,,,,,,,,,,,,,,,,,,,,,,,,,,,,,,,,,,,,,,,,,,,,,,TN
1530,f21a5f54b6ecffa5b49d4944c32c752ea622e3c6,0.10694871962800445,autoland,4366813,13,930eca14459531ff5483e56979276f480af08a6a,android-hw-a51-11-0-aarch64-shippable-qr,True,False,,|w|a|r|m| |w|e|b|r|e|n|d|e|r|,102210fe594ee9b33d82058545b1ed14f4c8206e,PerceptualSpeedIndex,ebay-kleinanzeigen,True,ebay-kleinanzeigen PerceptualSpeedIndex opt warm webrender,,77,ms,geckoview,448897883.0,1850360363,2024-02-29 01:20:40,1384182,,,,,,,,,,,,,,,,,,,,,,,,,,,,,,,,,,,,,,,,,,,,,,,,,TN
1531,bb7b045d24f7773df5e27742496f2c0bb95d780f,0.13039491780732204,autoland,4366813,13,930eca14459531ff5483e56979276f480af08a6a,android-hw-a51-11-0-aarch64-shippable-qr,True,False,,|w|a|r|m| |w|e|b|r|e|n|d|e|r|,102210fe594ee9b33d82058545b1ed14f4c8206e,PerceptualSpeedIndex,ebay-kleinanzeigen,True,ebay-kleinanzeigen PerceptualSpeedIndex opt warm webrender,,77,ms,geckoview,448922560.0,1850494093,2024-02-29 06:49:17,1384273,,,,,,,,,,,,,,,,,,,,,,,,,,,,,,,,,,,,,,,,,,,,,,,,,TN
1532,fbb087d5e5b8af76523b084cba81dc1be84c7fb4,0.10164385355949968,autoland,4366813,13,930eca14459531ff5483e56979276f480af08a6a,android-hw-a51-11-0-aarch64-shippable-qr,True,False,,|w|a|r|m| |w|e|b|r|e|n|d|e|r|,102210fe594ee9b33d82058545b1ed14f4c8206e,PerceptualSpeedIndex,ebay-kleinanzeigen,True,ebay-kleinanzeigen PerceptualSpeedIndex opt warm webrender,,77,ms,geckoview,448945454.0,1850620476,2024-02-29 10:50:05,1384399,,,,,,,,,,,,,,,,,,,,,,,,,,,,,,,,,,,,,,,,,,,,,,,,,TN
1533,42781edfbf79030ca8e6f7c1584ebfc2bd31935c,0.10897897701224701,autoland,4366813,13,930eca14459531ff5483e56979276f480af08a6a,android-hw-a51-11-0-aarch64-shippable-qr,True,False,,|w|a|r|m| |w|e|b|r|e|n|d|e|r|,102210fe594ee9b33d82058545b1ed14f4c8206e,PerceptualSpeedIndex,ebay-kleinanzeigen,True,ebay-kleinanzeigen PerceptualSpeedIndex opt warm webrender,,77,ms,geckoview,448967400.0,1850757211,2024-02-29 13:22:41,1384414,,,,,,,,,,,,,,,,,,,,,,,,,,,,,,,,,,,,,,,,,,,,,,,,,TN
1534,4b82553ad6abc0079d2d7a0642c099ca93d1d156,0.09398126923832606,autoland,4366813,13,930eca14459531ff5483e56979276f480af08a6a,android-hw-a51-11-0-aarch64-shippable-qr,True,False,,|w|a|r|m| |w|e|b|r|e|n|d|e|r|,102210fe594ee9b33d82058545b1ed14f4c8206e,PerceptualSpeedIndex,ebay-kleinanzeigen,True,ebay-kleinanzeigen PerceptualSpeedIndex opt warm webrender,,77,ms,geckoview,448997831.0,1850884691,2024-02-29 17:24:54,1384673,,,,,,,,,,,,,,,,,,,,,,,,,,,,,,,,,,,,,,,,,,,,,,,,,TN
1535,636cf8095a0f42555363480bc387b9a5aad03efe,0.10681773528063399,autoland,4366813,13,930eca14459531ff5483e56979276f480af08a6a,android-hw-a51-11-0-aarch64-shippable-qr,True,False,,|w|a|r|m| |w|e|b|r|e|n|d|e|r|,102210fe594ee9b33d82058545b1ed14f4c8206e,PerceptualSpeedIndex,ebay-kleinanzeigen,True,ebay-kleinanzeigen PerceptualSpeedIndex opt warm webrender,,77,ms,geckoview,448997773.0,1850883984,2024-02-29 17:36:34,1384681,,,,,,,,,,,,,,,,,,,,,,,,,,,,,,,,,,,,,,,,,,,,,,,,,TN
1536,1a461feeeb4e7725855a242023e45625b9bddae4,0.13098434737048925,autoland,4366813,13,930eca14459531ff5483e56979276f480af08a6a,android-hw-a51-11-0-aarch64-shippable-qr,True,False,,|w|a|r|m| |w|e|b|r|e|n|d|e|r|,102210fe594ee9b33d82058545b1ed14f4c8206e,PerceptualSpeedIndex,ebay-kleinanzeigen,True,ebay-kleinanzeigen PerceptualSpeedIndex opt warm webrender,,77,ms,geckoview,449026025.0,1851000082,2024-02-29 21:50:05,1384804,,,,,,,,,,,,,,,,,,,,,,,,,,,,,,,,,,,,,,,,,,,,,,,,,TN
1537,415f94176c1508d1acb91186346a42009b378ca7,0.14257646211277764,autoland,4366813,13,930eca14459531ff5483e56979276f480af08a6a,android-hw-a51-11-0-aarch64-shippable-qr,True,False,,|w|a|r|m| |w|e|b|r|e|n|d|e|r|,102210fe594ee9b33d82058545b1ed14f4c8206e,PerceptualSpeedIndex,ebay-kleinanzeigen,True,ebay-kleinanzeigen PerceptualSpeedIndex opt warm webrender,,77,ms,geckoview,449031104.0,1851012104,2024-02-29 21:57:41,1384812,,,,,,,,,,,,,,,,,,,,,,,,,,,,,,,,,,,,,,,,,,,,,,,,,TN
1538,3ed1cc3830b2bb116e2875dedadc6ea20235768a,0.14434475080227904,autoland,4366813,13,930eca14459531ff5483e56979276f480af08a6a,android-hw-a51-11-0-aarch64-shippable-qr,True,False,,|w|a|r|m| |w|e|b|r|e|n|d|e|r|,102210fe594ee9b33d82058545b1ed14f4c8206e,PerceptualSpeedIndex,ebay-kleinanzeigen,True,ebay-kleinanzeigen PerceptualSpeedIndex opt warm webrender,,77,ms,geckoview,449055059.0,1851105123,2024-03-01 02:06:20,1385033,,,,,,,,,,,,,,,,,,,,,,,,,,,,,,,,,,,,,,,,,,,,,,,,,TN
1539,c726403b9a5aaed84563fd210952c3858369c756,0.11913026393345993,autoland,4366813,13,930eca14459531ff5483e56979276f480af08a6a,android-hw-a51-11-0-aarch64-shippable-qr,True,False,,|w|a|r|m| |w|e|b|r|e|n|d|e|r|,102210fe594ee9b33d82058545b1ed14f4c8206e,PerceptualSpeedIndex,ebay-kleinanzeigen,True,ebay-kleinanzeigen PerceptualSpeedIndex opt warm webrender,,77,ms,geckoview,449054759.0,1851102775,2024-03-01 02:09:48,1385038,,,,,,,,,,,,,,,,,,,,,,,,,,,,,,,,,,,,,,,,,,,,,,,,,TN
1540,b921bb1aee11c101ece321f78bcc56942889bac9,0.09489815966991944,autoland,4366813,13,930eca14459531ff5483e56979276f480af08a6a,android-hw-a51-11-0-aarch64-shippable-qr,True,False,,|w|a|r|m| |w|e|b|r|e|n|d|e|r|,102210fe594ee9b33d82058545b1ed14f4c8206e,PerceptualSpeedIndex,ebay-kleinanzeigen,True,ebay-kleinanzeigen PerceptualSpeedIndex opt warm webrender,,77,ms,geckoview,449104000.0,1851316577,2024-03-01 11:09:10,1385336,,,,,,,,,,,,,,,,,,,,,,,,,,,,,,,,,,,,,,,,,,,,,,,,,TN
1541,ab2f491c1f6a1907e3cd7de371a27940c1b7ae66,0.10197131442792595,autoland,4366813,13,930eca14459531ff5483e56979276f480af08a6a,android-hw-a51-11-0-aarch64-shippable-qr,True,False,,|w|a|r|m| |w|e|b|r|e|n|d|e|r|,102210fe594ee9b33d82058545b1ed14f4c8206e,PerceptualSpeedIndex,ebay-kleinanzeigen,True,ebay-kleinanzeigen PerceptualSpeedIndex opt warm webrender,,77,ms,geckoview,449143776.0,1851472744,2024-03-01 15:15:21,1385464,,,,,,,,,,,,,,,,,,,,,,,,,,,,,,,,,,,,,,,,,,,,,,,,,TN
1542,179ceb82c9e5e6619e0a43e7c9a8682bff1f55ac,0.1096993909227848,autoland,4366813,13,930eca14459531ff5483e56979276f480af08a6a,android-hw-a51-11-0-aarch64-shippable-qr,True,False,,|w|a|r|m| |w|e|b|r|e|n|d|e|r|,102210fe594ee9b33d82058545b1ed14f4c8206e,PerceptualSpeedIndex,ebay-kleinanzeigen,True,ebay-kleinanzeigen PerceptualSpeedIndex opt warm webrender,,77,ms,geckoview,449143727.0,1851460499,2024-03-01 15:18:33,1385469,,,,,,,,,,,,,,,,,,,,,,,,,,,,,,,,,,,,,,,,,,,,,,,,,TN
1543,c12ee5058abff427e2fd65f86c453b2c0ef5c315,0.11330146047547318,autoland,4366813,13,930eca14459531ff5483e56979276f480af08a6a,android-hw-a51-11-0-aarch64-shippable-qr,True,False,,|w|a|r|m| |w|e|b|r|e|n|d|e|r|,102210fe594ee9b33d82058545b1ed14f4c8206e,PerceptualSpeedIndex,ebay-kleinanzeigen,True,ebay-kleinanzeigen PerceptualSpeedIndex opt warm webrender,,77,ms,geckoview,449170198.0,1851535669,2024-03-01 19:33:22,1385653,,,,,,,,,,,,,,,,,,,,,,,,,,,,,,,,,,,,,,,,,,,,,,,,,TN
1544,ac7b674e512d88788161e657fbc3371b8d955c65,0.0984347370489227,autoland,4366813,13,930eca14459531ff5483e56979276f480af08a6a,android-hw-a51-11-0-aarch64-shippable-qr,True,False,,|w|a|r|m| |w|e|b|r|e|n|d|e|r|,102210fe594ee9b33d82058545b1ed14f4c8206e,PerceptualSpeedIndex,ebay-kleinanzeigen,True,ebay-kleinanzeigen PerceptualSpeedIndex opt warm webrender,,77,ms,geckoview,449198300.0,1851667205,2024-03-02 08:44:09,1385889,,,,,,,,,,,,,,,,,,,,,,,,,,,,,,,,,,,,,,,,,,,,,,,,,TN
1545,6263d391d703f61cfd3ddbb3791adc628a603520,0.12509005173881727,autoland,4366813,13,930eca14459531ff5483e56979276f480af08a6a,android-hw-a51-11-0-aarch64-shippable-qr,True,False,,|w|a|r|m| |w|e|b|r|e|n|d|e|r|,102210fe594ee9b33d82058545b1ed14f4c8206e,PerceptualSpeedIndex,ebay-kleinanzeigen,True,ebay-kleinanzeigen PerceptualSpeedIndex opt warm webrender,,77,ms,geckoview,449220373.0,1851756091,2024-03-02 12:50:07,1385922,,,,,,,,,,,,,,,,,,,,,,,,,,,,,,,,,,,,,,,,,,,,,,,,,TN
1546,a2ddc20095d176734a72080712b366c74a36c934,0.11683803785447633,autoland,4366813,13,930eca14459531ff5483e56979276f480af08a6a,android-hw-a51-11-0-aarch64-shippable-qr,True,False,,|w|a|r|m| |w|e|b|r|e|n|d|e|r|,102210fe594ee9b33d82058545b1ed14f4c8206e,PerceptualSpeedIndex,ebay-kleinanzeigen,True,ebay-kleinanzeigen PerceptualSpeedIndex opt warm webrender,,77,ms,geckoview,449249321.0,1851905475,2024-03-02 18:47:19,1385949,,,,,,,,,,,,,,,,,,,,,,,,,,,,,,,,,,,,,,,,,,,,,,,,,TN
1547,8042d9f9b7b6eb6e6a6fbefba554c035ef6bbda1,0.10838954744907991,autoland,4366813,13,930eca14459531ff5483e56979276f480af08a6a,android-hw-a51-11-0-aarch64-shippable-qr,True,False,,|w|a|r|m| |w|e|b|r|e|n|d|e|r|,102210fe594ee9b33d82058545b1ed14f4c8206e,PerceptualSpeedIndex,ebay-kleinanzeigen,True,ebay-kleinanzeigen PerceptualSpeedIndex opt warm webrender,,77,ms,geckoview,449252118.0,1851921887,2024-03-02 19:45:31,1385954,,,,,,,,,,,,,,,,,,,,,,,,,,,,,,,,,,,,,,,,,,,,,,,,,TN
1548,c5ddc3b211e53221a5b12ce6c8a5a523bba3641f,0.11061628135437807,autoland,4366813,13,930eca14459531ff5483e56979276f480af08a6a,android-hw-a51-11-0-aarch64-shippable-qr,True,False,,|w|a|r|m| |w|e|b|r|e|n|d|e|r|,102210fe594ee9b33d82058545b1ed14f4c8206e,PerceptualSpeedIndex,ebay-kleinanzeigen,True,ebay-kleinanzeigen PerceptualSpeedIndex opt warm webrender,,77,ms,geckoview,449278422.0,1851996748,2024-03-03 01:04:11,1385990,,,,,,,,,,,,,,,,,,,,,,,,,,,,,,,,,,,,,,,,,,,,,,,,,TN
1549,62056fe89aac9d2f369746854f0e3a55ad7153d0,0.10557338398061444,autoland,4366813,13,930eca14459531ff5483e56979276f480af08a6a,android-hw-a51-11-0-aarch64-shippable-qr,True,False,,|w|a|r|m| |w|e|b|r|e|n|d|e|r|,102210fe594ee9b33d82058545b1ed14f4c8206e,PerceptualSpeedIndex,ebay-kleinanzeigen,True,ebay-kleinanzeigen PerceptualSpeedIndex opt warm webrender,,77,ms,geckoview,449315845.0,1852135164,2024-03-03 12:29:51,1386069,,,,,,,,,,,,,,,,,,,,,,,,,,,,,,,,,,,,,,,,,,,,,,,,,TN
1550,499cae53f42dfc8f376fd97d0a83c1f8e85e274c,0.10629379789115201,autoland,4366813,13,930eca14459531ff5483e56979276f480af08a6a,android-hw-a51-11-0-aarch64-shippable-qr,True,False,,|w|a|r|m| |w|e|b|r|e|n|d|e|r|,102210fe594ee9b33d82058545b1ed14f4c8206e,PerceptualSpeedIndex,ebay-kleinanzeigen,True,ebay-kleinanzeigen PerceptualSpeedIndex opt warm webrender,,77,ms,geckoview,449343629.0,1852235913,2024-03-04 01:21:19,1386148,,,,,,,,,,,,,,,,,,,,,,,,,,,,,,,,,,,,,,,,,,,,,,,,,TN
1551,79823348e9cf740dbe5ae11eb654b1a85ea0ecbc,0.12299430218088936,autoland,4366813,13,930eca14459531ff5483e56979276f480af08a6a,android-hw-a51-11-0-aarch64-shippable-qr,True,False,,|w|a|r|m| |w|e|b|r|e|n|d|e|r|,102210fe594ee9b33d82058545b1ed14f4c8206e,PerceptualSpeedIndex,ebay-kleinanzeigen,True,ebay-kleinanzeigen PerceptualSpeedIndex opt warm webrender,,77,ms,geckoview,449355396.0,1852301327,2024-03-04 06:32:50,1386182,,,,,,,,,,,,,,,,,,,,,,,,,,,,,,,,,,,,,,,,,,,,,,,,,TN
1552,54c13c0498731427f23aff4c7e87900a715761b0,0.11880280306503366,autoland,4366813,13,930eca14459531ff5483e56979276f480af08a6a,android-hw-a51-11-0-aarch64-shippable-qr,True,False,,|w|a|r|m| |w|e|b|r|e|n|d|e|r|,102210fe594ee9b33d82058545b1ed14f4c8206e,PerceptualSpeedIndex,ebay-kleinanzeigen,True,ebay-kleinanzeigen PerceptualSpeedIndex opt warm webrender,,77,ms,geckoview,449370523.0,1852370035,2024-03-04 08:48:22,1386226,,,,,,,,,,,,,,,,,,,,,,,,,,,,,,,,,,,,,,,,,,,,,,,,,TN
1553,938c019ec0d1f3f1c0932e575d8f9e9f4c387320,0.104918462243762,autoland,4366813,13,930eca14459531ff5483e56979276f480af08a6a,android-hw-a51-11-0-aarch64-shippable-qr,True,False,,|w|a|r|m| |w|e|b|r|e|n|d|e|r|,102210fe594ee9b33d82058545b1ed14f4c8206e,PerceptualSpeedIndex,ebay-kleinanzeigen,True,ebay-kleinanzeigen PerceptualSpeedIndex opt warm webrender,,77,ms,geckoview,449426216.0,1852510002,2024-03-04 12:51:58,1386363,,,,,,,,,,,,,,,,,,,,,,,,,,,,,,,,,,,,,,,,,,,,,,,,,TN
1554,c90923a84670e17105b275c5be4a3c2842cb248e,0.10590084484904061,autoland,4366813,13,930eca14459531ff5483e56979276f480af08a6a,android-hw-a51-11-0-aarch64-shippable-qr,True,False,,|w|a|r|m| |w|e|b|r|e|n|d|e|r|,102210fe594ee9b33d82058545b1ed14f4c8206e,PerceptualSpeedIndex,ebay-kleinanzeigen,True,ebay-kleinanzeigen PerceptualSpeedIndex opt warm webrender,,77,ms,geckoview,449433702.0,1852582587,2024-03-04 14:27:11,1386418,,,,,,,,,,,,,,,,,,,,,,,,,,,,,,,,,,,,,,,,,,,,,,,,,TN
1555,6c8dfd2a5bcafec953d7303c1fc35ec76d05f6ac,0.1053114152858734,autoland,4366813,13,930eca14459531ff5483e56979276f480af08a6a,android-hw-a51-11-0-aarch64-shippable-qr,True,False,,|w|a|r|m| |w|e|b|r|e|n|d|e|r|,102210fe594ee9b33d82058545b1ed14f4c8206e,PerceptualSpeedIndex,ebay-kleinanzeigen,True,ebay-kleinanzeigen PerceptualSpeedIndex opt warm webrender,,77,ms,geckoview,449460082.0,1852655923,2024-03-04 16:31:41,1386528,,,,,,,,,,,,,,,,,,,,,,,,,,,,,,,,,,,,,,,,,,,,,,,,,TN
1556,430bda8b01b3b00b083a0034de19b12b032caf6b,0.19379134193463876,autoland,4366813,13,930eca14459531ff5483e56979276f480af08a6a,android-hw-a51-11-0-aarch64-shippable-qr,True,False,,|w|a|r|m| |w|e|b|r|e|n|d|e|r|,102210fe594ee9b33d82058545b1ed14f4c8206e,PerceptualSpeedIndex,ebay-kleinanzeigen,True,ebay-kleinanzeigen PerceptualSpeedIndex opt warm webrender,,77,ms,geckoview,449504018.0,1852841413,2024-03-04 20:31:42,1386698,,,,,,,,,,,,,,,,,,,,,,,,,,,,,,,,,,,,,,,,,,,,,,,,,TN
1557,5b706eb2187070200b3eecb6d99a95e750c3266e,0.18036544632916363,autoland,4366813,13,930eca14459531ff5483e56979276f480af08a6a,android-hw-a51-11-0-aarch64-shippable-qr,True,False,,|w|a|r|m| |w|e|b|r|e|n|d|e|r|,102210fe594ee9b33d82058545b1ed14f4c8206e,PerceptualSpeedIndex,ebay-kleinanzeigen,True,ebay-kleinanzeigen PerceptualSpeedIndex opt warm webrender,,77,ms,geckoview,449498784.0,1852803021,2024-03-04 21:16:05,1386717,,,,,,,,,,,,,,,,,,,,,,,,,,,,,,,,,,,,,,,,,,,,,,,,,TN
1558,2b54764bcf2909b800951938d1f6fd47752c91b6,0.09895867443840456,autoland,4366813,13,930eca14459531ff5483e56979276f480af08a6a,android-hw-a51-11-0-aarch64-shippable-qr,True,False,,|w|a|r|m| |w|e|b|r|e|n|d|e|r|,102210fe594ee9b33d82058545b1ed14f4c8206e,PerceptualSpeedIndex,ebay-kleinanzeigen,True,ebay-kleinanzeigen PerceptualSpeedIndex opt warm webrender,,77,ms,geckoview,449537715.0,1852906652,2024-03-05 01:28:34,1386871,,,,,,,,,,,,,,,,,,,,,,,,,,,,,,,,,,,,,,,,,,,,,,,,,TN
1559,61bb37d1ba16985ef9e5cd99cd02912849f743a3,0.10347763442268654,autoland,4366813,13,930eca14459531ff5483e56979276f480af08a6a,android-hw-a51-11-0-aarch64-shippable-qr,True,False,,|w|a|r|m| |w|e|b|r|e|n|d|e|r|,102210fe594ee9b33d82058545b1ed14f4c8206e,PerceptualSpeedIndex,ebay-kleinanzeigen,True,ebay-kleinanzeigen PerceptualSpeedIndex opt warm webrender,,77,ms,geckoview,449550122.0,1853009105,2024-03-05 05:25:14,1386945,,,,,,,,,,,,,,,,,,,,,,,,,,,,,,,,,,,,,,,,,,,,,,,,,TN
1560,20859a1f25eb48ec31fdd24c0552b9fa83c5dcf2,0.0990241666120899,autoland,4366813,13,930eca14459531ff5483e56979276f480af08a6a,android-hw-a51-11-0-aarch64-shippable-qr,True,False,,|w|a|r|m| |w|e|b|r|e|n|d|e|r|,102210fe594ee9b33d82058545b1ed14f4c8206e,PerceptualSpeedIndex,ebay-kleinanzeigen,True,ebay-kleinanzeigen PerceptualSpeedIndex opt warm webrender,,77,ms,geckoview,449577818.0,1853110713,2024-03-05 09:36:09,1387072,,,,,,,,,,,,,,,,,,,,,,,,,,,,,,,,,,,,,,,,,,,,,,,,,TN
1561,300643546ea85a42a1f88a11595ebbb0b7157128,0.1232562708756304,autoland,4366813,13,930eca14459531ff5483e56979276f480af08a6a,android-hw-a51-11-0-aarch64-shippable-qr,True,False,,|w|a|r|m| |w|e|b|r|e|n|d|e|r|,102210fe594ee9b33d82058545b1ed14f4c8206e,PerceptualSpeedIndex,ebay-kleinanzeigen,True,ebay-kleinanzeigen PerceptualSpeedIndex opt warm webrender,,77,ms,geckoview,449606466.0,1853195613,2024-03-05 11:43:18,1387157,,,,,,,,,,,,,,,,,,,,,,,,,,,,,,,,,,,,,,,,,,,,,,,,,TN
1562,adf17fc47c84c0fa237aecff550ba42344a5c629,0.10819307092802422,autoland,4366813,13,930eca14459531ff5483e56979276f480af08a6a,android-hw-a51-11-0-aarch64-shippable-qr,True,False,,|w|a|r|m| |w|e|b|r|e|n|d|e|r|,102210fe594ee9b33d82058545b1ed14f4c8206e,PerceptualSpeedIndex,ebay-kleinanzeigen,True,ebay-kleinanzeigen PerceptualSpeedIndex opt warm webrender,,77,ms,geckoview,449631692.0,1853278536,2024-03-05 15:52:09,1387348,,,,,,,,,,,,,,,,,,,,,,,,,,,,,,,,,,,,,,,,,,,,,,,,,TN
1563,c13ff57ddd8d6b9f971a631b45c6da97b3c14fb9,0.11100923439648969,autoland,4366813,13,930eca14459531ff5483e56979276f480af08a6a,android-hw-a51-11-0-aarch64-shippable-qr,True,False,,|w|a|r|m| |w|e|b|r|e|n|d|e|r|,102210fe594ee9b33d82058545b1ed14f4c8206e,PerceptualSpeedIndex,ebay-kleinanzeigen,True,ebay-kleinanzeigen PerceptualSpeedIndex opt warm webrender,,77,ms,geckoview,449665466.0,1853365989,2024-03-05 19:23:59,1387560,,,,,,,,,,,,,,,,,,,,,,,,,,,,,,,,,,,,,,,,,,,,,,,,,TN
1564,099f52f30c39008328dfbc02ff824310e082a8da,0.11356342917021411,autoland,4366813,13,930eca14459531ff5483e56979276f480af08a6a,android-hw-a51-11-0-aarch64-shippable-qr,True,False,,|w|a|r|m| |w|e|b|r|e|n|d|e|r|,102210fe594ee9b33d82058545b1ed14f4c8206e,PerceptualSpeedIndex,ebay-kleinanzeigen,True,ebay-kleinanzeigen PerceptualSpeedIndex opt warm webrender,,77,ms,geckoview,449687628.0,1853445796,2024-03-05 22:16:54,1387647,,,,,,,,,,,,,,,,,,,,,,,,,,,,,,,,,,,,,,,,,,,,,,,,,TN
1565,488c772c72746cdfbf99e927acee696c4d6a5aef,0.10773462571222747,autoland,4366813,13,930eca14459531ff5483e56979276f480af08a6a,android-hw-a51-11-0-aarch64-shippable-qr,True,False,,|w|a|r|m| |w|e|b|r|e|n|d|e|r|,102210fe594ee9b33d82058545b1ed14f4c8206e,PerceptualSpeedIndex,ebay-kleinanzeigen,True,ebay-kleinanzeigen PerceptualSpeedIndex opt warm webrender,,77,ms,geckoview,449712324.0,1853530340,2024-03-06 02:53:23,1387831,,,,,,,,,,,,,,,,,,,,,,,,,,,,,,,,,,,,,,,,,,,,,,,,,TN
1566,143c3925806ed35200c2a71e650e7e74f58520a7,0.2694348025410963,autoland,4366813,13,930eca14459531ff5483e56979276f480af08a6a,android-hw-a51-11-0-aarch64-shippable-qr,True,False,,|w|a|r|m| |w|e|b|r|e|n|d|e|r|,102210fe594ee9b33d82058545b1ed14f4c8206e,PerceptualSpeedIndex,ebay-kleinanzeigen,True,ebay-kleinanzeigen PerceptualSpeedIndex opt warm webrender,,77,ms,geckoview,449796007.0,1853847717,2024-03-06 14:00:28,1388157,,,,,,,,,,,,,,,,,,,,,,,,,,,,,,,,,,,,,,,,,,,,,,,,,TN
1567,03e6d6ff8bde56b645cfbc34dee452ff375ff3ca,0.12292881000720424,autoland,4366813,13,930eca14459531ff5483e56979276f480af08a6a,android-hw-a51-11-0-aarch64-shippable-qr,True,False,,|w|a|r|m| |w|e|b|r|e|n|d|e|r|,102210fe594ee9b33d82058545b1ed14f4c8206e,PerceptualSpeedIndex,ebay-kleinanzeigen,True,ebay-kleinanzeigen PerceptualSpeedIndex opt warm webrender,,77,ms,geckoview,449833708.0,1853990922,2024-03-06 18:03:03,1388329,,,,,,,,,,,,,,,,,,,,,,,,,,,,,,,,,,,,,,,,,,,,,,,,,TN
1568,f408182c4687f0490084c35cc766e637d0bdfd0f,0.1026262361647784,autoland,4366813,13,930eca14459531ff5483e56979276f480af08a6a,android-hw-a51-11-0-aarch64-shippable-qr,True,False,,|w|a|r|m| |w|e|b|r|e|n|d|e|r|,102210fe594ee9b33d82058545b1ed14f4c8206e,PerceptualSpeedIndex,ebay-kleinanzeigen,True,ebay-kleinanzeigen PerceptualSpeedIndex opt warm webrender,,77,ms,geckoview,449829901.0,1853970381,2024-03-06 18:05:41,1388333,,,,,,,,,,,,,,,,,,,,,,,,,,,,,,,,,,,,,,,,,,,,,,,,,TN
1569,cbcc69d30489c534df28a444097bd87fcf8d8352,0.10910996135961748,autoland,4366813,13,930eca14459531ff5483e56979276f480af08a6a,android-hw-a51-11-0-aarch64-shippable-qr,True,False,,|w|a|r|m| |w|e|b|r|e|n|d|e|r|,102210fe594ee9b33d82058545b1ed14f4c8206e,PerceptualSpeedIndex,ebay-kleinanzeigen,True,ebay-kleinanzeigen PerceptualSpeedIndex opt warm webrender,,77,ms,geckoview,449857800.0,1854105328,2024-03-06 20:32:27,1388530,,,,,,,,,,,,,,,,,,,,,,,,,,,,,,,,,,,,,,,,,,,,,,,,,TN
1570,98eadcb9210580189dd1cb9eb2cad1362b0c2835,0.11120571091754539,autoland,4366813,13,930eca14459531ff5483e56979276f480af08a6a,android-hw-a51-11-0-aarch64-shippable-qr,True,False,,|w|a|r|m| |w|e|b|r|e|n|d|e|r|,102210fe594ee9b33d82058545b1ed14f4c8206e,PerceptualSpeedIndex,ebay-kleinanzeigen,True,ebay-kleinanzeigen PerceptualSpeedIndex opt warm webrender,,77,ms,geckoview,449875474.0,1854169812,2024-03-06 22:58:04,1388664,,,,,,,,,,,,,,,,,,,,,,,,,,,,,,,,,,,,,,,,,,,,,,,,,TN
1571,62ed755b7c5e2b357e66b4f19a5419c685e87a47,0.10164385355949968,autoland,4366813,13,930eca14459531ff5483e56979276f480af08a6a,android-hw-a51-11-0-aarch64-shippable-qr,True,False,,|w|a|r|m| |w|e|b|r|e|n|d|e|r|,102210fe594ee9b33d82058545b1ed14f4c8206e,PerceptualSpeedIndex,ebay-kleinanzeigen,True,ebay-kleinanzeigen PerceptualSpeedIndex opt warm webrender,,77,ms,geckoview,449894203.0,1854301585,2024-03-07 03:21:51,1388820,,,,,,,,,,,,,,,,,,,,,,,,,,,,,,,,,,,,,,,,,,,,,,,,,TN
1572,d48a42b340b69771d9dc99ddf1303d3f88ae9165,0.11081275787543399,autoland,4366813,13,930eca14459531ff5483e56979276f480af08a6a,android-hw-a51-11-0-aarch64-shippable-qr,True,False,,|w|a|r|m| |w|e|b|r|e|n|d|e|r|,102210fe594ee9b33d82058545b1ed14f4c8206e,PerceptualSpeedIndex,ebay-kleinanzeigen,True,ebay-kleinanzeigen PerceptualSpeedIndex opt warm webrender,,77,ms,geckoview,449902444.0,1854360366,2024-03-07 06:37:03,1388849,,,,,,,,,,,,,,,,,,,,,,,,,,,,,,,,,,,,,,,,,,,,,,,,,TN
1573,cfe658475285f9b5c867bcbd191d2e1332df885e,0.11821337350186656,autoland,4366813,13,930eca14459531ff5483e56979276f480af08a6a,android-hw-a51-11-0-aarch64-shippable-qr,True,False,,|w|a|r|m| |w|e|b|r|e|n|d|e|r|,102210fe594ee9b33d82058545b1ed14f4c8206e,PerceptualSpeedIndex,ebay-kleinanzeigen,True,ebay-kleinanzeigen PerceptualSpeedIndex opt warm webrender,,77,ms,geckoview,449918860.0,1854458157,2024-03-07 10:49:51,1388876,,,,,,,,,,,,,,,,,,,,,,,,,,,,,,,,,,,,,,,,,,,,,,,,,TN
1574,0027da61966ddaf727a4c543b4541d0e175cb354,0.10472198572270608,autoland,4366813,13,930eca14459531ff5483e56979276f480af08a6a,android-hw-a51-11-0-aarch64-shippable-qr,True,False,,|w|a|r|m| |w|e|b|r|e|n|d|e|r|,102210fe594ee9b33d82058545b1ed14f4c8206e,PerceptualSpeedIndex,ebay-kleinanzeigen,True,ebay-kleinanzeigen PerceptualSpeedIndex opt warm webrender,,77,ms,geckoview,449945320.0,1854556391,2024-03-07 13:27:03,1388885,,,,,,,,,,,,,,,,,,,,,,,,,,,,,,,,,,,,,,,,,,,,,,,,,TN
1575,c9b3f598aa024ffbe096094ee8845222b7483c50,0.10406706398585364,autoland,4366813,13,930eca14459531ff5483e56979276f480af08a6a,android-hw-a51-11-0-aarch64-shippable-qr,True,False,,|w|a|r|m| |w|e|b|r|e|n|d|e|r|,102210fe594ee9b33d82058545b1ed14f4c8206e,PerceptualSpeedIndex,ebay-kleinanzeigen,True,ebay-kleinanzeigen PerceptualSpeedIndex opt warm webrender,,77,ms,geckoview,449979913.0,1854680449,2024-03-07 20:11:01,1389147,,,,,,,,,,,,,,,,,,,,,,,,,,,,,,,,,,,,,,,,,,,,,,,,,TN
1576,f9c5e71ad2de0632a1d833b02eb16cd13e4eabc1,0.1074071648438012,autoland,4366813,13,930eca14459531ff5483e56979276f480af08a6a,android-hw-a51-11-0-aarch64-shippable-qr,True,False,,|w|a|r|m| |w|e|b|r|e|n|d|e|r|,102210fe594ee9b33d82058545b1ed14f4c8206e,PerceptualSpeedIndex,ebay-kleinanzeigen,True,ebay-kleinanzeigen PerceptualSpeedIndex opt warm webrender,,77,ms,geckoview,450014766.0,1854825222,2024-03-08 00:14:27,1389377,,,,,,,,,,,,,,,,,,,,,,,,,,,,,,,,,,,,,,,,,,,,,,,,,TN
1577,ac5529a784bdd0522e58c4bcdb3293674601ac52,0.09614251096993909,autoland,4366813,13,930eca14459531ff5483e56979276f480af08a6a,android-hw-a51-11-0-aarch64-shippable-qr,True,False,,|w|a|r|m| |w|e|b|r|e|n|d|e|r|,102210fe594ee9b33d82058545b1ed14f4c8206e,PerceptualSpeedIndex,ebay-kleinanzeigen,True,ebay-kleinanzeigen PerceptualSpeedIndex opt warm webrender,,77,ms,geckoview,450015044.0,1854854798,2024-03-08 01:03:56,1389404,,,,,,,,,,,,,,,,,,,,,,,,,,,,,,,,,,,,,,,,,,,,,,,,,TN
1578,fe38c21e5d5ba7ab071d13411995b46f31d7862c,0.18206824284498002,autoland,4366813,13,930eca14459531ff5483e56979276f480af08a6a,android-hw-a51-11-0-aarch64-shippable-qr,True,False,,|w|a|r|m| |w|e|b|r|e|n|d|e|r|,102210fe594ee9b33d82058545b1ed14f4c8206e,PerceptualSpeedIndex,ebay-kleinanzeigen,True,ebay-kleinanzeigen PerceptualSpeedIndex opt warm webrender,,77,ms,geckoview,450052849.0,1855040511,2024-03-08 09:44:20,1389593,,,,,,,,,,,,,,,,,,,,,,,,,,,,,,,,,,,,,,,,,,,,,,,,,TN
1579,e38d79679348570701c9c0b244b0d905b241b83b,0.1251555439125025,autoland,4366813,13,930eca14459531ff5483e56979276f480af08a6a,android-hw-a51-11-0-aarch64-shippable-qr,True,False,,|w|a|r|m| |w|e|b|r|e|n|d|e|r|,102210fe594ee9b33d82058545b1ed14f4c8206e,PerceptualSpeedIndex,ebay-kleinanzeigen,True,ebay-kleinanzeigen PerceptualSpeedIndex opt warm webrender,,77,ms,geckoview,450076641.0,1855225471,2024-03-08 13:47:55,1389613,,,,,,,,,,,,,,,,,,,,,,,,,,,,,,,,,,,,,,,,,,,,,,,,,TN
1580,c306d54c8963e4dda4426d48bf41774947f5138d,0.12397668478616808,autoland,4366813,13,930eca14459531ff5483e56979276f480af08a6a,android-hw-a51-11-0-aarch64-shippable-qr,True,False,,|w|a|r|m| |w|e|b|r|e|n|d|e|r|,102210fe594ee9b33d82058545b1ed14f4c8206e,PerceptualSpeedIndex,ebay-kleinanzeigen,True,ebay-kleinanzeigen PerceptualSpeedIndex opt warm webrender,,77,ms,geckoview,450092864.0,1855303432,2024-03-08 15:54:44,1389685,,,,,,,,,,,,,,,,,,,,,,,,,,,,,,,,,,,,,,,,,,,,,,,,,TN
1581,e40628b4cd80f3469e6fb5836c1e513e3e058225,0.2848909555308141,autoland,4366813,13,930eca14459531ff5483e56979276f480af08a6a,android-hw-a51-11-0-aarch64-shippable-qr,True,False,,|w|a|r|m| |w|e|b|r|e|n|d|e|r|,102210fe594ee9b33d82058545b1ed14f4c8206e,PerceptualSpeedIndex,ebay-kleinanzeigen,True,ebay-kleinanzeigen PerceptualSpeedIndex opt warm webrender,,77,ms,geckoview,450147848.0,1855451656,2024-03-09 00:01:41,1390115,,,,,,,,,,,,,,,,,,,,,,,,,,,,,,,,,,,,,,,,,,,,,,,,,TN
1582,4d67ec80ce46b924295e599b81d0db0071664eca,0.11343244482284376,autoland,4366813,13,930eca14459531ff5483e56979276f480af08a6a,android-hw-a51-11-0-aarch64-shippable-qr,True,False,,|w|a|r|m| |w|e|b|r|e|n|d|e|r|,102210fe594ee9b33d82058545b1ed14f4c8206e,PerceptualSpeedIndex,ebay-kleinanzeigen,True,ebay-kleinanzeigen PerceptualSpeedIndex opt warm webrender,,77,ms,geckoview,450147926.0,1855463050,2024-03-09 00:02:45,1390116,,,,,,,,,,,,,,,,,,,,,,,,,,,,,,,,,,,,,,,,,,,,,,,,,TN
1583,fb2eeb44f22026d0a1c7b18f8cb0786169300c1b,0.16130722378675755,autoland,4366813,13,930eca14459531ff5483e56979276f480af08a6a,android-hw-a51-11-0-aarch64-shippable-qr,True,False,,|w|a|r|m| |w|e|b|r|e|n|d|e|r|,102210fe594ee9b33d82058545b1ed14f4c8206e,PerceptualSpeedIndex,ebay-kleinanzeigen,True,ebay-kleinanzeigen PerceptualSpeedIndex opt warm webrender,,77,ms,geckoview,450147161.0,1855432051,2024-03-09 00:03:40,1390117,,,,,,,,,,,,,,,,,,,,,,,,,,,,,,,,,,,,,,,,,,,,,,,,,TN
1584,efb6c465b7de5cb34b029bb51e5b445952bdd9b2,0.2415351365511822,autoland,4366813,13,930eca14459531ff5483e56979276f480af08a6a,android-hw-a51-11-0-aarch64-shippable-qr,True,False,,|w|a|r|m| |w|e|b|r|e|n|d|e|r|,102210fe594ee9b33d82058545b1ed14f4c8206e,PerceptualSpeedIndex,ebay-kleinanzeigen,True,ebay-kleinanzeigen PerceptualSpeedIndex opt warm webrender,,77,ms,geckoview,450165932.0,1855522172,2024-03-09 05:38:15,1390162,,,,,,,,,,,,,,,,,,,,,,,,,,,,,,,,,,,,,,,,,,,,,,,,,TN
1585,1d530888568c2a44fc30d9b6567ab6195f238cb2,0.14414827428122334,autoland,4366813,13,930eca14459531ff5483e56979276f480af08a6a,android-hw-a51-11-0-aarch64-shippable-qr,True,False,,|w|a|r|m| |w|e|b|r|e|n|d|e|r|,102210fe594ee9b33d82058545b1ed14f4c8206e,PerceptualSpeedIndex,ebay-kleinanzeigen,True,ebay-kleinanzeigen PerceptualSpeedIndex opt warm webrender,,77,ms,geckoview,450193692.0,1855604050,2024-03-09 10:41:02,1390188,,,,,,,,,,,,,,,,,,,,,,,,,,,,,,,,,,,,,,,,,,,,,,,,,TN
1586,10af6b2ff03bd7512d53f3ed02f7e83dba7c57ba,0.17951404807125548,autoland,4366813,13,930eca14459531ff5483e56979276f480af08a6a,android-hw-a51-11-0-aarch64-shippable-qr,True,False,,|w|a|r|m| |w|e|b|r|e|n|d|e|r|,102210fe594ee9b33d82058545b1ed14f4c8206e,PerceptualSpeedIndex,ebay-kleinanzeigen,True,ebay-kleinanzeigen PerceptualSpeedIndex opt warm webrender,,77,ms,geckoview,450205582.0,1855642342,2024-03-09 15:33:05,1390221,,,,,,,,,,,,,,,,,,,,,,,,,,,,,,,,,,,,,,,,,,,,,,,,,TN
1587,9768cd53e66eef4a715150196cfa1138f7edf7ba,0.2767044338201585,autoland,4366813,13,930eca14459531ff5483e56979276f480af08a6a,android-hw-a51-11-0-aarch64-shippable-qr,True,False,,|w|a|r|m| |w|e|b|r|e|n|d|e|r|,102210fe594ee9b33d82058545b1ed14f4c8206e,PerceptualSpeedIndex,ebay-kleinanzeigen,True,ebay-kleinanzeigen PerceptualSpeedIndex opt warm webrender,,77,ms,geckoview,450217513.0,1855686161,2024-03-09 20:59:44,1390244,,,,,,,,,,,,,,,,,,,,,,,,,,,,,,,,,,,,,,,,,,,,,,,,,TN
1588,f8edec6de8b50f0f6809208600e5c8ab87dd12d4,0.1270548169493746,autoland,4366813,13,930eca14459531ff5483e56979276f480af08a6a,android-hw-a51-11-0-aarch64-shippable-qr,True,False,,|w|a|r|m| |w|e|b|r|e|n|d|e|r|,102210fe594ee9b33d82058545b1ed14f4c8206e,PerceptualSpeedIndex,ebay-kleinanzeigen,True,ebay-kleinanzeigen PerceptualSpeedIndex opt warm webrender,,77,ms,geckoview,450254019.0,1855804395,2024-03-10 13:59:13,1390283,,,,,,,,,,,,,,,,,,,,,,,,,,,,,,,,,,,,,,,,,,,,,,,,,TN
1589,059c20bed3da7a717ee144e4c2339499009d7c44,0.1675289802868557,autoland,4366813,13,930eca14459531ff5483e56979276f480af08a6a,android-hw-a51-11-0-aarch64-shippable-qr,True,False,,|w|a|r|m| |w|e|b|r|e|n|d|e|r|,102210fe594ee9b33d82058545b1ed14f4c8206e,PerceptualSpeedIndex,ebay-kleinanzeigen,True,ebay-kleinanzeigen PerceptualSpeedIndex opt warm webrender,,77,ms,geckoview,450259632.0,1855833147,2024-03-10 18:05:45,1390298,,,,,,,,,,,,,,,,,,,,,,,,,,,,,,,,,,,,,,,,,,,,,,,,,TN
1590,0f63ab5624960b1aa464bb2e3bd76c6cd196f186,0.1495841246970987,autoland,4366813,13,930eca14459531ff5483e56979276f480af08a6a,android-hw-a51-11-0-aarch64-shippable-qr,True,False,,|w|a|r|m| |w|e|b|r|e|n|d|e|r|,102210fe594ee9b33d82058545b1ed14f4c8206e,PerceptualSpeedIndex,ebay-kleinanzeigen,True,ebay-kleinanzeigen PerceptualSpeedIndex opt warm webrender,,77,ms,geckoview,450281836.0,1855938995,2024-03-11 02:48:56,1390365,,,,,,,,,,,,,,,,,,,,,,,,,,,,,,,,,,,,,,,,,,,,,,,,,TN
1591,343e945a502ea35f40687ffca3eab7543522fe79,0.1558713733708822,autoland,4366813,13,930eca14459531ff5483e56979276f480af08a6a,android-hw-a51-11-0-aarch64-shippable-qr,True,False,,|w|a|r|m| |w|e|b|r|e|n|d|e|r|,102210fe594ee9b33d82058545b1ed14f4c8206e,PerceptualSpeedIndex,ebay-kleinanzeigen,True,ebay-kleinanzeigen PerceptualSpeedIndex opt warm webrender,,77,ms,geckoview,450300577.0,1856067722,2024-03-11 09:18:44,1390442,,,,,,,,,,,,,,,,,,,,,,,,,,,,,,,,,,,,,,,,,,,,,,,,,TN
1592,23b4081496822ae44a0f120f8429c0c57a864325,0.15115593686554463,autoland,4366813,13,930eca14459531ff5483e56979276f480af08a6a,android-hw-a51-11-0-aarch64-shippable-qr,True,False,,|w|a|r|m| |w|e|b|r|e|n|d|e|r|,102210fe594ee9b33d82058545b1ed14f4c8206e,PerceptualSpeedIndex,ebay-kleinanzeigen,True,ebay-kleinanzeigen PerceptualSpeedIndex opt warm webrender,,77,ms,geckoview,450333449.0,1856145244,2024-03-11 13:24:20,1390505,,,,,,,,,,,,,,,,,,,,,,,,,,,,,,,,,,,,,,,,,,,,,,,,,TN
1593,ec25d27f83b73ab4fbd93c737d29b732042c2139,0.16759447246054093,autoland,4366813,13,930eca14459531ff5483e56979276f480af08a6a,android-hw-a51-11-0-aarch64-shippable-qr,True,False,,|w|a|r|m| |w|e|b|r|e|n|d|e|r|,102210fe594ee9b33d82058545b1ed14f4c8206e,PerceptualSpeedIndex,ebay-kleinanzeigen,True,ebay-kleinanzeigen PerceptualSpeedIndex opt warm webrender,,77,ms,geckoview,450339758.0,1856232348,2024-03-11 14:23:46,1390552,,,,,,,,,,,,,,,,,,,,,,,,,,,,,,,,,,,,,,,,,,,,,,,,,TN
1594,b5f646ecf7f3ca586020974d36c3f4c4fca4a3a3,0.12639989521252215,autoland,4366813,13,930eca14459531ff5483e56979276f480af08a6a,android-hw-a51-11-0-aarch64-shippable-qr,True,False,,|w|a|r|m| |w|e|b|r|e|n|d|e|r|,102210fe594ee9b33d82058545b1ed14f4c8206e,PerceptualSpeedIndex,ebay-kleinanzeigen,True,ebay-kleinanzeigen PerceptualSpeedIndex opt warm webrender,,77,ms,geckoview,450375504.0,1856296605,2024-03-11 18:03:14,1390747,,,,,,,,,,,,,,,,,,,,,,,,,,,,,,,,,,,,,,,,,,,,,,,,,TN
1595,4984afdb79c55a76ef741d1667378c296f74240f,0.17506058026065885,autoland,4366813,13,930eca14459531ff5483e56979276f480af08a6a,android-hw-a51-11-0-aarch64-shippable-qr,True,False,,|w|a|r|m| |w|e|b|r|e|n|d|e|r|,102210fe594ee9b33d82058545b1ed14f4c8206e,PerceptualSpeedIndex,ebay-kleinanzeigen,True,ebay-kleinanzeigen PerceptualSpeedIndex opt warm webrender,,77,ms,geckoview,450391416.0,1856327587,2024-03-11 19:41:42,1390851,,,,,,,,,,,,,,,,,,,,,,,,,,,,,,,,,,,,,,,,,,,,,,,,,TN
1596,5dbe89396d7f52d57c4a21457fcf95d4e1ae24c3,0.0066147095422096625,autoland,4366813,13,930eca14459531ff5483e56979276f480af08a6a,android-hw-a51-11-0-aarch64-shippable-qr,True,False,,|w|a|r|m| |w|e|b|r|e|n|d|e|r|,102210fe594ee9b33d82058545b1ed14f4c8206e,PerceptualSpeedIndex,ebay-kleinanzeigen,True,ebay-kleinanzeigen PerceptualSpeedIndex opt warm webrender,,77,ms,geckoview,450424901.0,1856459018,2024-03-12 03:06:47,1391174,900.21,mozilla-ldap/aesanu@mozilla.com,4984afdb79c55a76ef741d1667378c296f74240f,41766.0,21.42,1145.59,2024-03-14 09:28:03.326923,13.0,13.0,,,0.0,1390851.0,2.0,2.0,mozilla-ldap/aesanu@mozilla.com,XoNLxmqQTKWdwZrWyn27Lg,,2024-03-20 14:40:51.316874,,1.0,-245.38,190977.0,O4JeHYnHTEO-HWzgs0Sj0g,,41766.0,0.0,False,False,aesanu@mozilla.com,,,aesanu@mozilla.com,2024-03-13 14:40:51.316874,,,OUTLIERS,41818.0,,,,False,,11.38,ebay-kleinanzeigen,,"warm, webrender",2024-03-18 14:40:51.316874,TP
1597,45bdb06ed9f6ae6b675b169c0b4dbd488363098d,0.008644966926452335,autoland,4366813,13,930eca14459531ff5483e56979276f480af08a6a,android-hw-a51-11-0-aarch64-shippable-qr,True,False,,|w|a|r|m| |w|e|b|r|e|n|d|e|r|,102210fe594ee9b33d82058545b1ed14f4c8206e,PerceptualSpeedIndex,ebay-kleinanzeigen,True,ebay-kleinanzeigen PerceptualSpeedIndex opt warm webrender,,77,ms,geckoview,450434259.0,1856545595,2024-03-12 07:06:36,1391218,,,,,,,,,,,,,,,,,,,,,,,,,,,,,,,,,,,,,,,,,,,,,,,,,TN
1598,8c1e5f6bca5a8f2ab2297cff5c736e61d3a3bd27,0.013818848647586646,autoland,4366813,13,930eca14459531ff5483e56979276f480af08a6a,android-hw-a51-11-0-aarch64-shippable-qr,True,False,,|w|a|r|m| |w|e|b|r|e|n|d|e|r|,102210fe594ee9b33d82058545b1ed14f4c8206e,PerceptualSpeedIndex,ebay-kleinanzeigen,True,ebay-kleinanzeigen PerceptualSpeedIndex opt warm webrender,,77,ms,geckoview,450461138.0,1856626435,2024-03-12 11:26:19,1391230,,,,,,,,,,,,,,,,,,,,,,,,,,,,,,,,,,,,,,,,,,,,,,,,,TN
1599,c93ce7649d8d7d874130caed9005d92be916b10e,0.01152662256860304,autoland,4366813,13,930eca14459531ff5483e56979276f480af08a6a,android-hw-a51-11-0-aarch64-shippable-qr,True,False,,|w|a|r|m| |w|e|b|r|e|n|d|e|r|,102210fe594ee9b33d82058545b1ed14f4c8206e,PerceptualSpeedIndex,ebay-kleinanzeigen,True,ebay-kleinanzeigen PerceptualSpeedIndex opt warm webrender,,77,ms,geckoview,450495349.0,1856718362,2024-03-12 14:58:20,1391396,,,,,,,,,,,,,,,,,,,,,,,,,,,,,,,,,,,,,,,,,,,,,,,,,TN
1600,d91b0606279d7c22a0119cdc8061cdeffe233787,0.007793568668544082,autoland,4366813,13,930eca14459531ff5483e56979276f480af08a6a,android-hw-a51-11-0-aarch64-shippable-qr,True,False,,|w|a|r|m| |w|e|b|r|e|n|d|e|r|,102210fe594ee9b33d82058545b1ed14f4c8206e,PerceptualSpeedIndex,ebay-kleinanzeigen,True,ebay-kleinanzeigen PerceptualSpeedIndex opt warm webrender,,77,ms,geckoview,450525774.0,1856854715,2024-03-12 19:37:06,1391673,,,,,,,,,,,,,,,,,,,,,,,,,,,,,,,,,,,,,,,,,,,,,,,,,TN
1601,bb96cef2989d78eaa9d2485bb379b29449a815b2,0.007400615626432683,autoland,4366813,13,930eca14459531ff5483e56979276f480af08a6a,android-hw-a51-11-0-aarch64-shippable-qr,True,False,,|w|a|r|m| |w|e|b|r|e|n|d|e|r|,102210fe594ee9b33d82058545b1ed14f4c8206e,PerceptualSpeedIndex,ebay-kleinanzeigen,True,ebay-kleinanzeigen PerceptualSpeedIndex opt warm webrender,,77,ms,geckoview,450552119.0,1856932628,2024-03-12 23:13:34,1391824,,,,,,,,,,,,,,,,,,,,,,,,,,,,,,,,,,,,,,,,,,,,,,,,,TN
1602,2dfb9f01e06f190da79fb195ea51dac2be58dde7,0.022529307747724214,autoland,4366813,13,930eca14459531ff5483e56979276f480af08a6a,android-hw-a51-11-0-aarch64-shippable-qr,True,False,,|w|a|r|m| |w|e|b|r|e|n|d|e|r|,102210fe594ee9b33d82058545b1ed14f4c8206e,PerceptualSpeedIndex,ebay-kleinanzeigen,True,ebay-kleinanzeigen PerceptualSpeedIndex opt warm webrender,,77,ms,geckoview,450581730.0,1857055837,2024-03-13 07:01:16,1392060,,,,,,,,,,,,,,,,,,,,,,,,,,,,,,,,,,,,,,,,,,,,,,,,,TN
1603,ae0da9180abdc1990832791041b323e05082f6f8,0.013753356473901412,autoland,4366813,13,930eca14459531ff5483e56979276f480af08a6a,android-hw-a51-11-0-aarch64-shippable-qr,True,False,,|w|a|r|m| |w|e|b|r|e|n|d|e|r|,102210fe594ee9b33d82058545b1ed14f4c8206e,PerceptualSpeedIndex,ebay-kleinanzeigen,True,ebay-kleinanzeigen PerceptualSpeedIndex opt warm webrender,,77,ms,geckoview,450614229.0,1857232680,2024-03-13 11:15:45,1392165,,,,,,,,,,,,,,,,,,,,,,,,,,,,,,,,,,,,,,,,,,,,,,,,,TN
1604,49e9b26b528b94a9db43d4b65112add1268f64fc,0.007924553015914548,autoland,4366813,13,930eca14459531ff5483e56979276f480af08a6a,android-hw-a51-11-0-aarch64-shippable-qr,True,False,,|w|a|r|m| |w|e|b|r|e|n|d|e|r|,102210fe594ee9b33d82058545b1ed14f4c8206e,PerceptualSpeedIndex,ebay-kleinanzeigen,True,ebay-kleinanzeigen PerceptualSpeedIndex opt warm webrender,,77,ms,geckoview,450641345.0,1857349382,2024-03-13 15:23:46,1392302,,,,,,,,,,,,,,,,,,,,,,,,,,,,,,,,,,,,,,,,,,,,,,,,,TN
1605,35c5c892ca1e96f731d20bc6edd310a5d4e13bad,0.012574497347566993,autoland,4366813,13,930eca14459531ff5483e56979276f480af08a6a,android-hw-a51-11-0-aarch64-shippable-qr,True,False,,|w|a|r|m| |w|e|b|r|e|n|d|e|r|,102210fe594ee9b33d82058545b1ed14f4c8206e,PerceptualSpeedIndex,ebay-kleinanzeigen,True,ebay-kleinanzeigen PerceptualSpeedIndex opt warm webrender,,77,ms,geckoview,450641841.0,1857369774,2024-03-13 15:33:19,1392307,,,,,,,,,,,,,,,,,,,,,,,,,,,,,,,,,,,,,,,,,,,,,,,,,TN
1606,ebcab57cf7cd8a64a561c831dc4d1bf6694f82b8,0.007728076494858849,autoland,4366813,13,930eca14459531ff5483e56979276f480af08a6a,android-hw-a51-11-0-aarch64-shippable-qr,True,False,,|w|a|r|m| |w|e|b|r|e|n|d|e|r|,102210fe594ee9b33d82058545b1ed14f4c8206e,PerceptualSpeedIndex,ebay-kleinanzeigen,True,ebay-kleinanzeigen PerceptualSpeedIndex opt warm webrender,,77,ms,geckoview,450658688.0,1857445491,2024-03-13 18:41:03,1392487,,,,,,,,,,,,,,,,,,,,,,,,,,,,,,,,,,,,,,,,,,,,,,,,,TN
1607,1f3b4df016ac965dd3a2c97cb547c495364fdeef,0.013360403431789902,autoland,4366813,13,930eca14459531ff5483e56979276f480af08a6a,android-hw-a51-11-0-aarch64-shippable-qr,True,False,,|w|a|r|m| |w|e|b|r|e|n|d|e|r|,102210fe594ee9b33d82058545b1ed14f4c8206e,PerceptualSpeedIndex,ebay-kleinanzeigen,True,ebay-kleinanzeigen PerceptualSpeedIndex opt warm webrender,,77,ms,geckoview,450679218.0,1857564843,2024-03-13 21:49:05,1392594,,,,,,,,,,,,,,,,,,,,,,,,,,,,,,,,,,,,,,,,,,,,,,,,,TN
1608,2333872b0f5028fa1f0e9236440fe58df07a0235,0.03700307813216319,autoland,4366813,13,930eca14459531ff5483e56979276f480af08a6a,android-hw-a51-11-0-aarch64-shippable-qr,True,False,,|w|a|r|m| |w|e|b|r|e|n|d|e|r|,102210fe594ee9b33d82058545b1ed14f4c8206e,PerceptualSpeedIndex,ebay-kleinanzeigen,True,ebay-kleinanzeigen PerceptualSpeedIndex opt warm webrender,,77,ms,geckoview,450710730.0,1857669721,2024-03-14 04:20:25,1392734,,,,,,,,,,,,,,,,,,,,,,,,,,,,,,,,,,,,,,,,,,,,,,,,,TN
1609,0c82ff77321a85c36f1c5b27c99d25bad8603028,0.012247036479140716,autoland,4366813,13,930eca14459531ff5483e56979276f480af08a6a,android-hw-a51-11-0-aarch64-shippable-qr,True,False,,|w|a|r|m| |w|e|b|r|e|n|d|e|r|,102210fe594ee9b33d82058545b1ed14f4c8206e,PerceptualSpeedIndex,ebay-kleinanzeigen,True,ebay-kleinanzeigen PerceptualSpeedIndex opt warm webrender,,77,ms,geckoview,450724675.0,1857727689,2024-03-14 06:52:21,1392758,,,,,,,,,,,,,,,,,,,,,,,,,,,,,,,,,,,,,,,,,,,,,,,,,TN
1610,1f30bd08be619a6ea06444a2a6e36123f7baad65,0.013163926910734092,autoland,4366813,13,930eca14459531ff5483e56979276f480af08a6a,android-hw-a51-11-0-aarch64-shippable-qr,True,False,,|w|a|r|m| |w|e|b|r|e|n|d|e|r|,102210fe594ee9b33d82058545b1ed14f4c8206e,PerceptualSpeedIndex,ebay-kleinanzeigen,True,ebay-kleinanzeigen PerceptualSpeedIndex opt warm webrender,,77,ms,geckoview,450757907.0,1857844493,2024-03-14 10:59:46,1392883,,,,,,,,,,,,,,,,,,,,,,,,,,,,,,,,,,,,,,,,,,,,,,,,,TN
1611,e0d1a1dbfd5c36a2527b566ff831a989ca5ae5f5,0.013360403431789902,autoland,4366813,13,930eca14459531ff5483e56979276f480af08a6a,android-hw-a51-11-0-aarch64-shippable-qr,True,False,,|w|a|r|m| |w|e|b|r|e|n|d|e|r|,102210fe594ee9b33d82058545b1ed14f4c8206e,PerceptualSpeedIndex,ebay-kleinanzeigen,True,ebay-kleinanzeigen PerceptualSpeedIndex opt warm webrender,,77,ms,geckoview,450803964.0,1858012667,2024-03-14 17:45:33,1393195,,,,,,,,,,,,,,,,,,,,,,,,,,,,,,,,,,,,,,,,,,,,,,,,,TN
1612,278273f1c1fdca23ad419f0bd277a616aa240d1e,0.013360403431789902,autoland,4366813,13,930eca14459531ff5483e56979276f480af08a6a,android-hw-a51-11-0-aarch64-shippable-qr,True,False,,|w|a|r|m| |w|e|b|r|e|n|d|e|r|,102210fe594ee9b33d82058545b1ed14f4c8206e,PerceptualSpeedIndex,ebay-kleinanzeigen,True,ebay-kleinanzeigen PerceptualSpeedIndex opt warm webrender,,77,ms,geckoview,450827563.0,1858103530,2024-03-14 21:51:03,1393332,,,,,,,,,,,,,,,,,,,,,,,,,,,,,,,,,,,,,,,,,,,,,,,,,TN
1613,e18af9ec05f36a6f63a2e3889d5bc27f11be4267,0.015390660816032575,autoland,4366813,13,930eca14459531ff5483e56979276f480af08a6a,android-hw-a51-11-0-aarch64-shippable-qr,True,False,,|w|a|r|m| |w|e|b|r|e|n|d|e|r|,102210fe594ee9b33d82058545b1ed14f4c8206e,PerceptualSpeedIndex,ebay-kleinanzeigen,True,ebay-kleinanzeigen PerceptualSpeedIndex opt warm webrender,,77,ms,geckoview,450848864.0,1858200585,2024-03-15 00:00:33,1393414,,,,,,,,,,,,,,,,,,,,,,,,,,,,,,,,,,,,,,,,,,,,,,,,,TN
1614,0eb2b661743e4b5d2ed6cf61116bc5ade9da405b,0.010020302573842454,autoland,4366813,13,930eca14459531ff5483e56979276f480af08a6a,android-hw-a51-11-0-aarch64-shippable-qr,True,False,,|w|a|r|m| |w|e|b|r|e|n|d|e|r|,102210fe594ee9b33d82058545b1ed14f4c8206e,PerceptualSpeedIndex,ebay-kleinanzeigen,True,ebay-kleinanzeigen PerceptualSpeedIndex opt warm webrender,,77,ms,geckoview,450863742.0,1858373446,2024-03-15 06:02:39,1393511,,,,,,,,,,,,,,,,,,,,,,,,,,,,,,,,,,,,,,,,,,,,,,,,,TN
1615,02d8b0bd788352c236ca20d0163498e5ee3faa07,0.008055537363285126,autoland,4366813,13,930eca14459531ff5483e56979276f480af08a6a,android-hw-a51-11-0-aarch64-shippable-qr,True,False,,|w|a|r|m| |w|e|b|r|e|n|d|e|r|,102210fe594ee9b33d82058545b1ed14f4c8206e,PerceptualSpeedIndex,ebay-kleinanzeigen,True,ebay-kleinanzeigen PerceptualSpeedIndex opt warm webrender,,77,ms,geckoview,450885224.0,1858470343,2024-03-15 09:39:32,1393552,,,,,,,,,,,,,,,,,,,,,,,,,,,,,,,,,,,,,,,,,,,,,,,,,TN
1616,4b69d32113781e4489234ce2c9cf8f5b5dcbce5a,0.01611107472657014,autoland,4366813,13,930eca14459531ff5483e56979276f480af08a6a,android-hw-a51-11-0-aarch64-shippable-qr,True,False,,|w|a|r|m| |w|e|b|r|e|n|d|e|r|,102210fe594ee9b33d82058545b1ed14f4c8206e,PerceptualSpeedIndex,ebay-kleinanzeigen,True,ebay-kleinanzeigen PerceptualSpeedIndex opt warm webrender,,77,ms,geckoview,450910524.0,1858571906,2024-03-15 14:14:34,1393636,,,,,,,,,,,,,,,,,,,,,,,,,,,,,,,,,,,,,,,,,,,,,,,,,TN
1617,eff5ebeb21a902d6ed24f356b4a4b41e89ff1172,0.009103412142249079,autoland,4366813,13,930eca14459531ff5483e56979276f480af08a6a,android-hw-a51-11-0-aarch64-shippable-qr,True,False,,|w|a|r|m| |w|e|b|r|e|n|d|e|r|,102210fe594ee9b33d82058545b1ed14f4c8206e,PerceptualSpeedIndex,ebay-kleinanzeigen,True,ebay-kleinanzeigen PerceptualSpeedIndex opt warm webrender,,77,ms,geckoview,450927168.0,1858627969,2024-03-15 16:14:11,1393715,,,,,,,,,,,,,,,,,,,,,,,,,,,,,,,,,,,,,,,,,,,,,,,,,TN
1618,f4367b1826eb51a4bbcde0cd6ae1a5b1644115d0,0.009758333879101522,autoland,4366813,13,930eca14459531ff5483e56979276f480af08a6a,android-hw-a51-11-0-aarch64-shippable-qr,True,False,,|w|a|r|m| |w|e|b|r|e|n|d|e|r|,102210fe594ee9b33d82058545b1ed14f4c8206e,PerceptualSpeedIndex,ebay-kleinanzeigen,True,ebay-kleinanzeigen PerceptualSpeedIndex opt warm webrender,,77,ms,geckoview,450954650.0,1858768671,2024-03-15 20:55:49,1393941,,,,,,,,,,,,,,,,,,,,,,,,,,,,,,,,,,,,,,,,,,,,,,,,,TN
1619,bbe046e25d1447071e399f377b669bbe9cbf3bf3,0.003012639989521282,autoland,4366813,13,930eca14459531ff5483e56979276f480af08a6a,android-hw-a51-11-0-aarch64-shippable-qr,True,False,,|w|a|r|m| |w|e|b|r|e|n|d|e|r|,102210fe594ee9b33d82058545b1ed14f4c8206e,PerceptualSpeedIndex,ebay-kleinanzeigen,True,ebay-kleinanzeigen PerceptualSpeedIndex opt warm webrender,,77,ms,geckoview,450975392.0,1858833556,2024-03-16 01:29:19,1394036,,,,,,,,,,,,,,,,,,,,,,,,,,,,,,,,,,,,,,,,,,,,,,,,,TN
1620,a7134d792577d5d0529bf81b769c32138f7bb0c0,0.008579474752766991,autoland,4366813,13,930eca14459531ff5483e56979276f480af08a6a,android-hw-a51-11-0-aarch64-shippable-qr,True,False,,|w|a|r|m| |w|e|b|r|e|n|d|e|r|,102210fe594ee9b33d82058545b1ed14f4c8206e,PerceptualSpeedIndex,ebay-kleinanzeigen,True,ebay-kleinanzeigen PerceptualSpeedIndex opt warm webrender,,77,ms,geckoview,450981597.0,1858886131,2024-03-16 06:01:10,1394058,,,,,,,,,,,,,,,,,,,,,,,,,,,,,,,,,,,,,,,,,,,,,,,,,TN
1621,a65344e02551e44aca46a84016a3a07cce9d23e6,0.015456152989717697,autoland,4366813,13,930eca14459531ff5483e56979276f480af08a6a,android-hw-a51-11-0-aarch64-shippable-qr,True,False,,|w|a|r|m| |w|e|b|r|e|n|d|e|r|,102210fe594ee9b33d82058545b1ed14f4c8206e,PerceptualSpeedIndex,ebay-kleinanzeigen,True,ebay-kleinanzeigen PerceptualSpeedIndex opt warm webrender,,77,ms,geckoview,451015666.0,1859001491,2024-03-16 15:16:53,1394103,,,,,,,,,,,,,,,,,,,,,,,,,,,,,,,,,,,,,,,,,,,,,,,,,TN
1622,bc06944d050ccff5aed2248b83d51d946814e90d,0.013884340821271879,autoland,4366813,13,930eca14459531ff5483e56979276f480af08a6a,android-hw-a51-11-0-aarch64-shippable-qr,True,False,,|w|a|r|m| |w|e|b|r|e|n|d|e|r|,102210fe594ee9b33d82058545b1ed14f4c8206e,PerceptualSpeedIndex,ebay-kleinanzeigen,True,ebay-kleinanzeigen PerceptualSpeedIndex opt warm webrender,,77,ms,geckoview,451021259.0,1859045774,2024-03-16 21:40:10,1394130,,,,,,,,,,,,,,,,,,,,,,,,,,,,,,,,,,,,,,,,,,,,,,,,,TN
1623,7ef716435af3dee46482a893f4a3b29a4d3faafe,0.009037919968563735,autoland,4366813,13,930eca14459531ff5483e56979276f480af08a6a,android-hw-a51-11-0-aarch64-shippable-qr,True,False,,|w|a|r|m| |w|e|b|r|e|n|d|e|r|,102210fe594ee9b33d82058545b1ed14f4c8206e,PerceptualSpeedIndex,ebay-kleinanzeigen,True,ebay-kleinanzeigen PerceptualSpeedIndex opt warm webrender,,77,ms,geckoview,451041832.0,1859132495,2024-03-17 07:03:06,1394146,,,,,,,,,,,,,,,,,,,,,,,,,,,,,,,,,,,,,,,,,,,,,,,,,TN
1624,47d63b18299914bf2eecdeb64fe8df0a52605aec,0.014473770384439089,autoland,4366813,13,930eca14459531ff5483e56979276f480af08a6a,android-hw-a51-11-0-aarch64-shippable-qr,True,False,,|w|a|r|m| |w|e|b|r|e|n|d|e|r|,102210fe594ee9b33d82058545b1ed14f4c8206e,PerceptualSpeedIndex,ebay-kleinanzeigen,True,ebay-kleinanzeigen PerceptualSpeedIndex opt warm webrender,,77,ms,geckoview,451051567.0,1859170363,2024-03-17 13:56:17,1394162,,,,,,,,,,,,,,,,,,,,,,,,,,,,,,,,,,,,,,,,,,,,,,,,,TN
1625,164fcac77feead59372521b0072049f25a4c9692,0.006418233021153963,autoland,4366813,13,930eca14459531ff5483e56979276f480af08a6a,android-hw-a51-11-0-aarch64-shippable-qr,True,False,,|w|a|r|m| |w|e|b|r|e|n|d|e|r|,102210fe594ee9b33d82058545b1ed14f4c8206e,PerceptualSpeedIndex,ebay-kleinanzeigen,True,ebay-kleinanzeigen PerceptualSpeedIndex opt warm webrender,,77,ms,geckoview,451055875.0,1859185775,2024-03-17 19:02:19,1394171,,,,,,,,,,,,,,,,,,,,,,,,,,,,,,,,,,,,,,,,,,,,,,,,,TN
1626,469d4a744966c133ae480dc66643d47b77aa3209,0.017355426026589904,autoland,4366813,13,930eca14459531ff5483e56979276f480af08a6a,android-hw-a51-11-0-aarch64-shippable-qr,True,False,,|w|a|r|m| |w|e|b|r|e|n|d|e|r|,102210fe594ee9b33d82058545b1ed14f4c8206e,PerceptualSpeedIndex,ebay-kleinanzeigen,True,ebay-kleinanzeigen PerceptualSpeedIndex opt warm webrender,,77,ms,geckoview,451076413.0,1859308579,2024-03-18 01:14:25,1394186,,,,,,,,,,,,,,,,,,,,,,,,,,,,,,,,,,,,,,,,,,,,,,,,,TN
1627,9ae71156ef3c731f44e2af8d1d9c34b7eb7c6c9b,0.022332831226668404,autoland,4366813,13,930eca14459531ff5483e56979276f480af08a6a,android-hw-a51-11-0-aarch64-shippable-qr,True,False,,|w|a|r|m| |w|e|b|r|e|n|d|e|r|,102210fe594ee9b33d82058545b1ed14f4c8206e,PerceptualSpeedIndex,ebay-kleinanzeigen,True,ebay-kleinanzeigen PerceptualSpeedIndex opt warm webrender,,77,ms,geckoview,451086096.0,1859396896,2024-03-18 07:02:14,1394207,,,,,,,,,,,,,,,,,,,,,,,,,,,,,,,,,,,,,,,,,,,,,,,,,TN
1628,d3946837037d31a7b6f83b1977e57c4ea384c904,0.007204139105376983,autoland,4366813,13,930eca14459531ff5483e56979276f480af08a6a,android-hw-a51-11-0-aarch64-shippable-qr,True,False,,|w|a|r|m| |w|e|b|r|e|n|d|e|r|,102210fe594ee9b33d82058545b1ed14f4c8206e,PerceptualSpeedIndex,ebay-kleinanzeigen,True,ebay-kleinanzeigen PerceptualSpeedIndex opt warm webrender,,77,ms,geckoview,451101289.0,1859461186,2024-03-18 09:15:45,1394248,,,,,,,,,,,,,,,,,,,,,,,,,,,,,,,,,,,,,,,,,,,,,,,,,TN
1629,9a84c7a992c26cd844507c8b4a7215e1aa1dd56e,0.023773659047743756,autoland,4366813,13,930eca14459531ff5483e56979276f480af08a6a,android-hw-a51-11-0-aarch64-shippable-qr,True,False,,|w|a|r|m| |w|e|b|r|e|n|d|e|r|,102210fe594ee9b33d82058545b1ed14f4c8206e,PerceptualSpeedIndex,ebay-kleinanzeigen,True,ebay-kleinanzeigen PerceptualSpeedIndex opt warm webrender,,77,ms,geckoview,451152184.0,1859637935,2024-03-18 16:13:31,1394426,,,,,,,,,,,,,,,,,,,,,,,,,,,,,,,,,,,,,,,,,,,,,,,,,TN
1630,ab4a4d632bcfcdcb0f37c6791a75467e73c47795,0.010609732137009664,autoland,4366813,13,930eca14459531ff5483e56979276f480af08a6a,android-hw-a51-11-0-aarch64-shippable-qr,True,False,,|w|a|r|m| |w|e|b|r|e|n|d|e|r|,102210fe594ee9b33d82058545b1ed14f4c8206e,PerceptualSpeedIndex,ebay-kleinanzeigen,True,ebay-kleinanzeigen PerceptualSpeedIndex opt warm webrender,,77,ms,geckoview,451166897.0,1859725777,2024-03-18 17:45:54,1394460,,,,,,,,,,,,,,,,,,,,,,,,,,,,,,,,,,,,,,,,,,,,,,,,,TN
1631,3d0c771e9c28d7bad460e8683406e4a832de5d93,0.02324972165826189,autoland,4366813,13,930eca14459531ff5483e56979276f480af08a6a,android-hw-a51-11-0-aarch64-shippable-qr,True,False,,|w|a|r|m| |w|e|b|r|e|n|d|e|r|,102210fe594ee9b33d82058545b1ed14f4c8206e,PerceptualSpeedIndex,ebay-kleinanzeigen,True,ebay-kleinanzeigen PerceptualSpeedIndex opt warm webrender,,77,ms,geckoview,451195767.0,1859839392,2024-03-18 20:20:59,1394525,,,,,,,,,,,,,,,,,,,,,,,,,,,,,,,,,,,,,,,,,,,,,,,,,TN
1632,0febedb51783638cc944e4b495547ccfedb4c43f,0.01768288689501607,autoland,4366813,13,930eca14459531ff5483e56979276f480af08a6a,android-hw-a51-11-0-aarch64-shippable-qr,True,False,,|w|a|r|m| |w|e|b|r|e|n|d|e|r|,102210fe594ee9b33d82058545b1ed14f4c8206e,PerceptualSpeedIndex,ebay-kleinanzeigen,True,ebay-kleinanzeigen PerceptualSpeedIndex opt warm webrender,,77,ms,geckoview,451218459.0,1859944118,2024-03-19 01:00:45,1394573,,,,,,,,,,,,,,,,,,,,,,,,,,,,,,,,,,,,,,,,,,,,,,,,,TN
1633,16ddc2d8ba870a73f3a200338e1400a51d2299c1,0.01670050428973746,autoland,4366813,13,930eca14459531ff5483e56979276f480af08a6a,android-hw-a51-11-0-aarch64-shippable-qr,True,False,,|w|a|r|m| |w|e|b|r|e|n|d|e|r|,102210fe594ee9b33d82058545b1ed14f4c8206e,PerceptualSpeedIndex,ebay-kleinanzeigen,True,ebay-kleinanzeigen PerceptualSpeedIndex opt warm webrender,,77,ms,geckoview,451224435.0,1859968677,2024-03-19 02:26:21,1394599,,,,,,,,,,,,,,,,,,,,,,,,,,,,,,,,,,,,,,,,,,,,,,,,,TN
1634,0fbe242e1d975dcdea4df1bc8187bd9ecfe80291,0.016765996463422583,autoland,4366813,13,930eca14459531ff5483e56979276f480af08a6a,android-hw-a51-11-0-aarch64-shippable-qr,True,False,,|w|a|r|m| |w|e|b|r|e|n|d|e|r|,102210fe594ee9b33d82058545b1ed14f4c8206e,PerceptualSpeedIndex,ebay-kleinanzeigen,True,ebay-kleinanzeigen PerceptualSpeedIndex opt warm webrender,,77,ms,geckoview,451241578.0,1860034401,2024-03-19 06:03:35,1394632,,,,,,,,,,,,,,,,,,,,,,,,,,,,,,,,,,,,,,,,,,,,,,,,,TN
1635,bd45b4ccb1292ec35d0fb6c623cb70b62fecd87b,0.011002685179121063,autoland,4366813,13,930eca14459531ff5483e56979276f480af08a6a,android-hw-a51-11-0-aarch64-shippable-qr,True,False,,|w|a|r|m| |w|e|b|r|e|n|d|e|r|,102210fe594ee9b33d82058545b1ed14f4c8206e,PerceptualSpeedIndex,ebay-kleinanzeigen,True,ebay-kleinanzeigen PerceptualSpeedIndex opt warm webrender,,77,ms,geckoview,451254312.0,1860086191,2024-03-19 08:17:39,1394665,,,,,,,,,,,,,,,,,,,,,,,,,,,,,,,,,,,,,,,,,,,,,,,,,TN
1636,a4280d9d04d7841f3a7286d7cb6d9667ed276e03,0.019320191237147233,autoland,4366813,13,930eca14459531ff5483e56979276f480af08a6a,android-hw-a51-11-0-aarch64-shippable-qr,True,False,,|w|a|r|m| |w|e|b|r|e|n|d|e|r|,102210fe594ee9b33d82058545b1ed14f4c8206e,PerceptualSpeedIndex,ebay-kleinanzeigen,True,ebay-kleinanzeigen PerceptualSpeedIndex opt warm webrender,,77,ms,geckoview,451287100.0,1860199916,2024-03-19 11:15:16,1394711,,,,,,,,,,,,,,,,,,,,,,,,,,,,,,,,,,,,,,,,,,,,,,,,,TN
1637,43d89580ba9c295f67bc3df94ba1aac23b435b63,0.021612417316130728,autoland,4366813,13,930eca14459531ff5483e56979276f480af08a6a,android-hw-a51-11-0-aarch64-shippable-qr,True,False,,|w|a|r|m| |w|e|b|r|e|n|d|e|r|,102210fe594ee9b33d82058545b1ed14f4c8206e,PerceptualSpeedIndex,ebay-kleinanzeigen,True,ebay-kleinanzeigen PerceptualSpeedIndex opt warm webrender,,77,ms,geckoview,451316755.0,1860275807,2024-03-19 13:28:22,1394763,,,,,,,,,,,,,,,,,,,,,,,,,,,,,,,,,,,,,,,,,,,,,,,,,TN
1638,3d4f500d317cd4c54e93299c01efed1c4354deb7,0.023577182526688056,autoland,4366813,13,930eca14459531ff5483e56979276f480af08a6a,android-hw-a51-11-0-aarch64-shippable-qr,True,False,,|w|a|r|m| |w|e|b|r|e|n|d|e|r|,102210fe594ee9b33d82058545b1ed14f4c8206e,PerceptualSpeedIndex,ebay-kleinanzeigen,True,ebay-kleinanzeigen PerceptualSpeedIndex opt warm webrender,,77,ms,geckoview,451358961.0,1860472317,2024-03-19 17:03:22,1394873,,,,,,,,,,,,,,,,,,,,,,,,,,,,,,,,,,,,,,,,,,,,,,,,,TN
1639,7c0de707e2a448dd3846c81f12ee9bae3ebca9d3,0.013556879952845602,autoland,4366813,13,930eca14459531ff5483e56979276f480af08a6a,android-hw-a51-11-0-aarch64-shippable-qr,True,False,,|w|a|r|m| |w|e|b|r|e|n|d|e|r|,102210fe594ee9b33d82058545b1ed14f4c8206e,PerceptualSpeedIndex,ebay-kleinanzeigen,True,ebay-kleinanzeigen PerceptualSpeedIndex opt warm webrender,,77,ms,geckoview,451378196.0,1860551504,2024-03-19 19:48:40,1394945,,,,,,,,,,,,,,,,,,,,,,,,,,,,,,,,,,,,,,,,,,,,,,,,,TN
1640,25a7b6dcdd27704494317e01334be69707ff521f,0.014211801689698045,autoland,4366813,13,930eca14459531ff5483e56979276f480af08a6a,android-hw-a51-11-0-aarch64-shippable-qr,True,False,,|w|a|r|m| |w|e|b|r|e|n|d|e|r|,102210fe594ee9b33d82058545b1ed14f4c8206e,PerceptualSpeedIndex,ebay-kleinanzeigen,True,ebay-kleinanzeigen PerceptualSpeedIndex opt warm webrender,,77,ms,geckoview,451409342.0,1860646593,2024-03-20 00:04:56,1395012,,,,,,,,,,,,,,,,,,,,,,,,,,,,,,,,,,,,,,,,,,,,,,,,,TN
1641,dbb1856b4f3345f0353d4ea33ed0f83a90420827,0.007859060842229426,autoland,4366813,13,930eca14459531ff5483e56979276f480af08a6a,android-hw-a51-11-0-aarch64-shippable-qr,True,False,,|w|a|r|m| |w|e|b|r|e|n|d|e|r|,102210fe594ee9b33d82058545b1ed14f4c8206e,PerceptualSpeedIndex,ebay-kleinanzeigen,True,ebay-kleinanzeigen PerceptualSpeedIndex opt warm webrender,,77,ms,geckoview,451434170.0,1860808388,2024-03-20 06:31:28,1395067,,,,,,,,,,,,,,,,,,,,,,,,,,,,,,,,,,,,,,,,,,,,,,,,,TN
1642,89f62e190e69ddb95685488010b5807b31491168,0.02462505730565201,autoland,4366813,13,930eca14459531ff5483e56979276f480af08a6a,android-hw-a51-11-0-aarch64-shippable-qr,True,False,,|w|a|r|m| |w|e|b|r|e|n|d|e|r|,102210fe594ee9b33d82058545b1ed14f4c8206e,PerceptualSpeedIndex,ebay-kleinanzeigen,True,ebay-kleinanzeigen PerceptualSpeedIndex opt warm webrender,,77,ms,geckoview,451475263.0,1861033504,2024-03-20 10:14:04,1395103,,,,,,,,,,,,,,,,,,,,,,,,,,,,,,,,,,,,,,,,,,,,,,,,,TN
1643,44ee710d3a49501b5b000c7e0f6d2167c47ac041,0.010085794747527688,autoland,4366813,13,930eca14459531ff5483e56979276f480af08a6a,android-hw-a51-11-0-aarch64-shippable-qr,True,False,,|w|a|r|m| |w|e|b|r|e|n|d|e|r|,102210fe594ee9b33d82058545b1ed14f4c8206e,PerceptualSpeedIndex,ebay-kleinanzeigen,True,ebay-kleinanzeigen PerceptualSpeedIndex opt warm webrender,,77,ms,geckoview,451539255.0,1861143570,2024-03-20 16:49:51,1395254,,,,,,,,,,,,,,,,,,,,,,,,,,,,,,,,,,,,,,,,,,,,,,,,,TN
1644,a54ceb09cf6c6289a4353feb9c3cb771a7651bd0,0.012509005173881649,autoland,4366813,13,930eca14459531ff5483e56979276f480af08a6a,android-hw-a51-11-0-aarch64-shippable-qr,True,False,,|w|a|r|m| |w|e|b|r|e|n|d|e|r|,102210fe594ee9b33d82058545b1ed14f4c8206e,PerceptualSpeedIndex,ebay-kleinanzeigen,True,ebay-kleinanzeigen PerceptualSpeedIndex opt warm webrender,,77,ms,geckoview,451554928.0,1861247452,2024-03-20 19:06:24,1395310,,,,,,,,,,,,,,,,,,,,,,,,,,,,,,,,,,,,,,,,,,,,,,,,,TN
1645,7e65c2e3fa5893e80c6f6f8ef4deef5861f82edc,0.014997707773921065,autoland,4366813,13,930eca14459531ff5483e56979276f480af08a6a,android-hw-a51-11-0-aarch64-shippable-qr,True,False,,|w|a|r|m| |w|e|b|r|e|n|d|e|r|,102210fe594ee9b33d82058545b1ed14f4c8206e,PerceptualSpeedIndex,ebay-kleinanzeigen,True,ebay-kleinanzeigen PerceptualSpeedIndex opt warm webrender,,77,ms,geckoview,451587763.0,1861396944,2024-03-20 21:30:57,1395367,,,,,,,,,,,,,,,,,,,,,,,,,,,,,,,,,,,,,,,,,,,,,,,,,TN
1646,cd39ad6d1934b2a8d659607d5fc0c1f88df011ba,0.023118737310891313,autoland,4366813,13,930eca14459531ff5483e56979276f480af08a6a,android-hw-a51-11-0-aarch64-shippable-qr,True,False,,|w|a|r|m| |w|e|b|r|e|n|d|e|r|,102210fe594ee9b33d82058545b1ed14f4c8206e,PerceptualSpeedIndex,ebay-kleinanzeigen,True,ebay-kleinanzeigen PerceptualSpeedIndex opt warm webrender,,77,ms,geckoview,451608668.0,1861458687,2024-03-21 02:02:41,1395495,,,,,,,,,,,,,,,,,,,,,,,,,,,,,,,,,,,,,,,,,,,,,,,,,TN
1647,ed7ada93d4ad18f5c9f613bf5ce8d5f89bdaa140,0.007007662584321173,autoland,4366813,13,930eca14459531ff5483e56979276f480af08a6a,android-hw-a51-11-0-aarch64-shippable-qr,True,False,,|w|a|r|m| |w|e|b|r|e|n|d|e|r|,102210fe594ee9b33d82058545b1ed14f4c8206e,PerceptualSpeedIndex,ebay-kleinanzeigen,True,ebay-kleinanzeigen PerceptualSpeedIndex opt warm webrender,,77,ms,geckoview,451623349.0,1861610632,2024-03-21 06:23:30,1395640,,,,,,,,,,,,,,,,,,,,,,,,,,,,,,,,,,,,,,,,,,,,,,,,,TN
1648,335ba8ea2f56243d2cb6a5bc7aa4d0d0f3c415c7,0.013163926910734092,autoland,4366813,13,930eca14459531ff5483e56979276f480af08a6a,android-hw-a51-11-0-aarch64-shippable-qr,True,False,,|w|a|r|m| |w|e|b|r|e|n|d|e|r|,102210fe594ee9b33d82058545b1ed14f4c8206e,PerceptualSpeedIndex,ebay-kleinanzeigen,True,ebay-kleinanzeigen PerceptualSpeedIndex opt warm webrender,,77,ms,geckoview,451641589.0,1861894308,2024-03-21 08:38:48,1395685,,,,,,,,,,,,,,,,,,,,,,,,,,,,,,,,,,,,,,,,,,,,,,,,,TN
1649,d90b4451e543266ae9d98982a92dafa311c75db6,0.01925469906346189,autoland,4366813,13,930eca14459531ff5483e56979276f480af08a6a,android-hw-a51-11-0-aarch64-shippable-qr,True,False,,|w|a|r|m| |w|e|b|r|e|n|d|e|r|,102210fe594ee9b33d82058545b1ed14f4c8206e,PerceptualSpeedIndex,ebay-kleinanzeigen,True,ebay-kleinanzeigen PerceptualSpeedIndex opt warm webrender,,77,ms,geckoview,451691766.0,1861995948,2024-03-21 12:46:07,1395897,,,,,,,,,,,,,,,,,,,,,,,,,,,,,,,,,,,,,,,,,,,,,,,,,TN
1650,dbfd6042b4d2b3a3b509b22f41276fdfdd6a17b0,0.00556683476324582,autoland,4366813,13,930eca14459531ff5483e56979276f480af08a6a,android-hw-a51-11-0-aarch64-shippable-qr,True,False,,|w|a|r|m| |w|e|b|r|e|n|d|e|r|,102210fe594ee9b33d82058545b1ed14f4c8206e,PerceptualSpeedIndex,ebay-kleinanzeigen,True,ebay-kleinanzeigen PerceptualSpeedIndex opt warm webrender,,77,ms,geckoview,451691825.0,1862022516,2024-03-21 13:53:06,1395978,,,,,,,,,,,,,,,,,,,,,,,,,,,,,,,,,,,,,,,,,,,,,,,,,TN
1651,6a09c380e669a377e8254dd93ff3485ae0ec96c4,0.03294256336367807,autoland,4366813,13,930eca14459531ff5483e56979276f480af08a6a,android-hw-a51-11-0-aarch64-shippable-qr,True,False,,|w|a|r|m| |w|e|b|r|e|n|d|e|r|,102210fe594ee9b33d82058545b1ed14f4c8206e,PerceptualSpeedIndex,ebay-kleinanzeigen,True,ebay-kleinanzeigen PerceptualSpeedIndex opt warm webrender,,77,ms,geckoview,451740747.0,1862097733,2024-03-21 17:29:27,1396220,,,,,,,,,,,,,,,,,,,,,,,,,,,,,,,,,,,,,,,,,,,,,,,,,TN
1652,c83258a2f5a9fd7b7107508c07827d9aa1a83035,0.011985067784399783,autoland,4366813,13,930eca14459531ff5483e56979276f480af08a6a,android-hw-a51-11-0-aarch64-shippable-qr,True,False,,|w|a|r|m| |w|e|b|r|e|n|d|e|r|,102210fe594ee9b33d82058545b1ed14f4c8206e,PerceptualSpeedIndex,ebay-kleinanzeigen,True,ebay-kleinanzeigen PerceptualSpeedIndex opt warm webrender,,77,ms,geckoview,451748596.0,1862139866,2024-03-21 18:47:13,1396360,,,,,,,,,,,,,,,,,,,,,,,,,,,,,,,,,,,,,,,,,,,,,,,,,TN
1653,3e3e5631944ec7d9d81a7c8ca0c3b5998ad044b3,0.026458838168838872,autoland,4366813,13,930eca14459531ff5483e56979276f480af08a6a,android-hw-a51-11-0-aarch64-shippable-qr,True,False,,|w|a|r|m| |w|e|b|r|e|n|d|e|r|,102210fe594ee9b33d82058545b1ed14f4c8206e,PerceptualSpeedIndex,ebay-kleinanzeigen,True,ebay-kleinanzeigen PerceptualSpeedIndex opt warm webrender,,77,ms,geckoview,451772967.0,1862177291,2024-03-21 21:19:12,1396573,,,,,,,,,,,,,,,,,,,,,,,,,,,,,,,,,,,,,,,,,,,,,,,,,TN
1654,a64d6cbeaa4f78ec1f700f6123469eb1b3a31608,0.017355426026589904,autoland,4366813,13,930eca14459531ff5483e56979276f480af08a6a,android-hw-a51-11-0-aarch64-shippable-qr,True,False,,|w|a|r|m| |w|e|b|r|e|n|d|e|r|,102210fe594ee9b33d82058545b1ed14f4c8206e,PerceptualSpeedIndex,ebay-kleinanzeigen,True,ebay-kleinanzeigen PerceptualSpeedIndex opt warm webrender,,77,ms,geckoview,451831614.0,1862210250,2024-03-22 02:33:11,1396939,,,,,,,,,,,,,,,,,,,,,,,,,,,,,,,,,,,,,,,,,,,,,,,,,TN
1655,5d6efea5e0bbc9c3cb2231d09450c2c7dd045122,0.02082651123190782,autoland,4366813,13,930eca14459531ff5483e56979276f480af08a6a,android-hw-a51-11-0-aarch64-shippable-qr,True,False,,|w|a|r|m| |w|e|b|r|e|n|d|e|r|,102210fe594ee9b33d82058545b1ed14f4c8206e,PerceptualSpeedIndex,ebay-kleinanzeigen,True,ebay-kleinanzeigen PerceptualSpeedIndex opt warm webrender,,77,ms,geckoview,451851779.0,1862321575,2024-03-22 05:34:14,1397066,,,,,,,,,,,,,,,,,,,,,,,,,,,,,,,,,,,,,,,,,,,,,,,,,TN
1656,48b19f0a3ca9e2d02e502182cb41095a870c3c30,0.01571812168445874,autoland,4366813,13,930eca14459531ff5483e56979276f480af08a6a,android-hw-a51-11-0-aarch64-shippable-qr,True,False,,|w|a|r|m| |w|e|b|r|e|n|d|e|r|,102210fe594ee9b33d82058545b1ed14f4c8206e,PerceptualSpeedIndex,ebay-kleinanzeigen,True,ebay-kleinanzeigen PerceptualSpeedIndex opt warm webrender,,77,ms,geckoview,451879437.0,1862614593,2024-03-22 10:08:21,1397249,,,,,,,,,,,,,,,,,,,,,,,,,,,,,,,,,,,,,,,,,,,,,,,,,TN
1657,640f274ba8d721083e3a62631c1c96e652d0965c,0.02246381557403887,autoland,4366813,13,930eca14459531ff5483e56979276f480af08a6a,android-hw-a51-11-0-aarch64-shippable-qr,True,False,,|w|a|r|m| |w|e|b|r|e|n|d|e|r|,102210fe594ee9b33d82058545b1ed14f4c8206e,PerceptualSpeedIndex,ebay-kleinanzeigen,True,ebay-kleinanzeigen PerceptualSpeedIndex opt warm webrender,,77,ms,geckoview,451928341.0,1862695298,2024-03-22 13:22:55,1397337,,,,,,,,,,,,,,,,,,,,,,,,,,,,,,,,,,,,,,,,,,,,,,,,,TN
1658,d12a19660d53686074475ffbbed160cc788ebe05,0.006483725194839196,autoland,4366813,13,930eca14459531ff5483e56979276f480af08a6a,android-hw-a51-11-0-aarch64-shippable-qr,True,False,,|w|a|r|m| |w|e|b|r|e|n|d|e|r|,102210fe594ee9b33d82058545b1ed14f4c8206e,PerceptualSpeedIndex,ebay-kleinanzeigen,True,ebay-kleinanzeigen PerceptualSpeedIndex opt warm webrender,,77,ms,geckoview,451953946.0,1862753083,2024-03-22 17:28:16,1397524,,,,,,,,,,,,,,,,,,,,,,,,,,,,,,,,,,,,,,,,,,,,,,,,,TN
1659,a008405a9171acdb92d2997564e16713185f054f,0.009168904315934312,autoland,4366813,13,930eca14459531ff5483e56979276f480af08a6a,android-hw-a51-11-0-aarch64-shippable-qr,True,False,,|w|a|r|m| |w|e|b|r|e|n|d|e|r|,102210fe594ee9b33d82058545b1ed14f4c8206e,PerceptualSpeedIndex,ebay-kleinanzeigen,True,ebay-kleinanzeigen PerceptualSpeedIndex opt warm webrender,,77,ms,geckoview,451973025.0,1862835841,2024-03-22 22:43:04,1397682,,,,,,,,,,,,,,,,,,,,,,,,,,,,,,,,,,,,,,,,,,,,,,,,,TN
1660,341c752f9f931ed8ca1220eb7006bdfcd026038e,0.01990962080031433,autoland,4366813,13,930eca14459531ff5483e56979276f480af08a6a,android-hw-a51-11-0-aarch64-shippable-qr,True,False,,|w|a|r|m| |w|e|b|r|e|n|d|e|r|,102210fe594ee9b33d82058545b1ed14f4c8206e,PerceptualSpeedIndex,ebay-kleinanzeigen,True,ebay-kleinanzeigen PerceptualSpeedIndex opt warm webrender,,77,ms,geckoview,451984681.0,1862916594,2024-03-23 04:11:22,1397768,,,,,,,,,,,,,,,,,,,,,,,,,,,,,,,,,,,,,,,,,,,,,,,,,TN
1661,7575296d6781e483bc76a289f68623eb548baac4,0.0,autoland,4366813,13,930eca14459531ff5483e56979276f480af08a6a,android-hw-a51-11-0-aarch64-shippable-qr,True,False,,|w|a|r|m| |w|e|b|r|e|n|d|e|r|,102210fe594ee9b33d82058545b1ed14f4c8206e,PerceptualSpeedIndex,ebay-kleinanzeigen,True,ebay-kleinanzeigen PerceptualSpeedIndex opt warm webrender,,77,ms,geckoview,451996369.0,1862966897,2024-03-23 08:45:37,1397819,,,,,,,,,,,,,,,,,,,,,,,,,,,,,,,,,,,,,,,,,,,,,,,,,TN
1662,47e43ed2bb6cad873900cd00ccf834a51f3dfe83,0.015063199947606298,autoland,4366813,13,930eca14459531ff5483e56979276f480af08a6a,android-hw-a51-11-0-aarch64-shippable-qr,True,False,,|w|a|r|m| |w|e|b|r|e|n|d|e|r|,102210fe594ee9b33d82058545b1ed14f4c8206e,PerceptualSpeedIndex,ebay-kleinanzeigen,True,ebay-kleinanzeigen PerceptualSpeedIndex opt warm webrender,,77,ms,geckoview,452019400.0,1863053354,2024-03-23 13:51:59,1397843,,,,,,,,,,,,,,,,,,,,,,,,,,,,,,,,,,,,,,,,,,,,,,,,,TN
1663,69c342123c6fdb9190169823dd12a42a77559b9f,0.014735739079180132,autoland,4366813,13,930eca14459531ff5483e56979276f480af08a6a,android-hw-a51-11-0-aarch64-shippable-qr,True,False,,|w|a|r|m| |w|e|b|r|e|n|d|e|r|,102210fe594ee9b33d82058545b1ed14f4c8206e,PerceptualSpeedIndex,ebay-kleinanzeigen,True,ebay-kleinanzeigen PerceptualSpeedIndex opt warm webrender,,77,ms,geckoview,452029664.0,1863093739,2024-03-23 18:44:13,1397871,,,,,,,,,,,,,,,,,,,,,,,,,,,,,,,,,,,,,,,,,,,,,,,,,TN
1664,c43bc8bba8a808b2f5005002f96936afa3697b34,0.003929530421114769,autoland,4366813,13,930eca14459531ff5483e56979276f480af08a6a,android-hw-a51-11-0-aarch64-shippable-qr,True,False,,|w|a|r|m| |w|e|b|r|e|n|d|e|r|,102210fe594ee9b33d82058545b1ed14f4c8206e,PerceptualSpeedIndex,ebay-kleinanzeigen,True,ebay-kleinanzeigen PerceptualSpeedIndex opt warm webrender,,77,ms,geckoview,452047359.0,1863163356,2024-03-24 00:54:50,1397899,,,,,,,,,,,,,,,,,,,,,,,,,,,,,,,,,,,,,,,,,,,,,,,,,TN
1665,fa1b327e74e89e08f7fff24dbb35f11e48736aab,0.01846879297923898,autoland,4366813,13,930eca14459531ff5483e56979276f480af08a6a,android-hw-a51-11-0-aarch64-shippable-qr,True,False,,|w|a|r|m| |w|e|b|r|e|n|d|e|r|,102210fe594ee9b33d82058545b1ed14f4c8206e,PerceptualSpeedIndex,ebay-kleinanzeigen,True,ebay-kleinanzeigen PerceptualSpeedIndex opt warm webrender,,77,ms,geckoview,452053359.0,1863218671,2024-03-24 07:02:41,1397916,,,,,,,,,,,,,,,,,,,,,,,,,,,,,,,,,,,,,,,,,,,,,,,,,TN
1666,f0597fea22797603c0e45ec1c43433afa5ed6dcd,0.0022922260789836058,autoland,4366813,13,930eca14459531ff5483e56979276f480af08a6a,android-hw-a51-11-0-aarch64-shippable-qr,True,False,,|w|a|r|m| |w|e|b|r|e|n|d|e|r|,102210fe594ee9b33d82058545b1ed14f4c8206e,PerceptualSpeedIndex,ebay-kleinanzeigen,True,ebay-kleinanzeigen PerceptualSpeedIndex opt warm webrender,,77,ms,geckoview,452078654.0,1863306263,2024-03-24 11:13:54,1397937,,,,,,,,,,,,,,,,,,,,,,,,,,,,,,,,,,,,,,,,,,,,,,,,,TN
1667,6ec4249c788c48dc30dfb8737228af711e49fde2,0.012574497347566993,autoland,4366813,13,930eca14459531ff5483e56979276f480af08a6a,android-hw-a51-11-0-aarch64-shippable-qr,True,False,,|w|a|r|m| |w|e|b|r|e|n|d|e|r|,102210fe594ee9b33d82058545b1ed14f4c8206e,PerceptualSpeedIndex,ebay-kleinanzeigen,True,ebay-kleinanzeigen PerceptualSpeedIndex opt warm webrender,,77,ms,geckoview,452092580.0,1863352858,2024-03-24 18:59:17,1397954,,,,,,,,,,,,,,,,,,,,,,,,,,,,,,,,,,,,,,,,,,,,,,,,,TN
1668,f16b84d2aab6142f8b4fd6de574e96c2f551ebc7,0.005632326936931054,autoland,4366813,13,930eca14459531ff5483e56979276f480af08a6a,android-hw-a51-11-0-aarch64-shippable-qr,True,False,,|w|a|r|m| |w|e|b|r|e|n|d|e|r|,102210fe594ee9b33d82058545b1ed14f4c8206e,PerceptualSpeedIndex,ebay-kleinanzeigen,True,ebay-kleinanzeigen PerceptualSpeedIndex opt warm webrender,,77,ms,geckoview,452104048.0,1863397921,2024-03-24 23:02:44,1397973,,,,,,,,,,,,,,,,,,,,,,,,,,,,,,,,,,,,,,,,,,,,,,,,,TN
1669,19d905446a32ebc5b281e61c8ee49718ee784a25,0.027965158163599457,autoland,4366813,13,930eca14459531ff5483e56979276f480af08a6a,android-hw-a51-11-0-aarch64-shippable-qr,True,False,,|w|a|r|m| |w|e|b|r|e|n|d|e|r|,102210fe594ee9b33d82058545b1ed14f4c8206e,PerceptualSpeedIndex,ebay-kleinanzeigen,True,ebay-kleinanzeigen PerceptualSpeedIndex opt warm webrender,,77,ms,geckoview,452115639.0,1863464572,2024-03-25 03:31:22,1397989,,,,,,,,,,,,,,,,,,,,,,,,,,,,,,,,,,,,,,,,,,,,,,,,,TN
1670,db7773c959d542b2327b7158f769c657e46e2992,0.007335123452747339,autoland,4366813,13,930eca14459531ff5483e56979276f480af08a6a,android-hw-a51-11-0-aarch64-shippable-qr,True,False,,|w|a|r|m| |w|e|b|r|e|n|d|e|r|,102210fe594ee9b33d82058545b1ed14f4c8206e,PerceptualSpeedIndex,ebay-kleinanzeigen,True,ebay-kleinanzeigen PerceptualSpeedIndex opt warm webrender,,77,ms,geckoview,452136136.0,1863716366,2024-03-25 08:43:58,1398035,,,,,,,,,,,,,,,,,,,,,,,,,,,,,,,,,,,,,,,,,,,,,,,,,TN
1671,71c813e27dff32e4664eb9116e60097837485bfb,0.018206824284498047,autoland,4366813,13,930eca14459531ff5483e56979276f480af08a6a,android-hw-a51-11-0-aarch64-shippable-qr,True,False,,|w|a|r|m| |w|e|b|r|e|n|d|e|r|,102210fe594ee9b33d82058545b1ed14f4c8206e,PerceptualSpeedIndex,ebay-kleinanzeigen,True,ebay-kleinanzeigen PerceptualSpeedIndex opt warm webrender,,77,ms,geckoview,452137579.0,1863724543,2024-03-25 09:25:18,1398057,,,,,,,,,,,,,,,,,,,,,,,,,,,,,,,,,,,,,,,,,,,,,,,,,TN
1672,5969005dae85cc8ac486b2f0bdbb7454b660f252,0.028751064247822367,autoland,4366813,13,930eca14459531ff5483e56979276f480af08a6a,android-hw-a51-11-0-aarch64-shippable-qr,True,False,,|w|a|r|m| |w|e|b|r|e|n|d|e|r|,102210fe594ee9b33d82058545b1ed14f4c8206e,PerceptualSpeedIndex,ebay-kleinanzeigen,True,ebay-kleinanzeigen PerceptualSpeedIndex opt warm webrender,,77,ms,geckoview,452190891.0,1863912321,2024-03-25 13:40:37,1398214,,,,,,,,,,,,,,,,,,,,,,,,,,,,,,,,,,,,,,,,,,,,,,,,,TN
1673,19dcff1ee3fcbb431110e0639c80a3ba51ee0a34,0.00517388172113431,autoland,4366813,13,930eca14459531ff5483e56979276f480af08a6a,android-hw-a51-11-0-aarch64-shippable-qr,True,False,,|w|a|r|m| |w|e|b|r|e|n|d|e|r|,102210fe594ee9b33d82058545b1ed14f4c8206e,PerceptualSpeedIndex,ebay-kleinanzeigen,True,ebay-kleinanzeigen PerceptualSpeedIndex opt warm webrender,,77,ms,geckoview,452192607.0,1863960348,2024-03-25 14:05:55,1398235,,,,,,,,,,,,,,,,,,,,,,,,,,,,,,,,,,,,,,,,,,,,,,,,,TN
1674,9b5934ed0d6138133e3cab84d859a8e38bd43683,0.0026196869474097717,autoland,4366813,13,930eca14459531ff5483e56979276f480af08a6a,android-hw-a51-11-0-aarch64-shippable-qr,True,False,,|w|a|r|m| |w|e|b|r|e|n|d|e|r|,102210fe594ee9b33d82058545b1ed14f4c8206e,PerceptualSpeedIndex,ebay-kleinanzeigen,True,ebay-kleinanzeigen PerceptualSpeedIndex opt warm webrender,,77,ms,geckoview,452213925.0,1864001875,2024-03-25 17:00:38,1398374,,,,,,,,,,,,,,,,,,,,,,,,,,,,,,,,,,,,,,,,,,,,,,,,,TN
1675,05ef22f3485b9acca72235e56c8e11abea982310,0.008448490405396525,autoland,4366813,13,930eca14459531ff5483e56979276f480af08a6a,android-hw-a51-11-0-aarch64-shippable-qr,True,False,,|w|a|r|m| |w|e|b|r|e|n|d|e|r|,102210fe594ee9b33d82058545b1ed14f4c8206e,PerceptualSpeedIndex,ebay-kleinanzeigen,True,ebay-kleinanzeigen PerceptualSpeedIndex opt warm webrender,,77,ms,geckoview,452245472.0,1864040369,2024-03-25 20:16:40,1398545,,,,,,,,,,,,,,,,,,,,,,,,,,,,,,,,,,,,,,,,,,,,,,,,,TN
1676,af6fe1ffacb6272ced1d27e874f376c671a19461,0.00556683476324582,autoland,4366813,13,930eca14459531ff5483e56979276f480af08a6a,android-hw-a51-11-0-aarch64-shippable-qr,True,False,,|w|a|r|m| |w|e|b|r|e|n|d|e|r|,102210fe594ee9b33d82058545b1ed14f4c8206e,PerceptualSpeedIndex,ebay-kleinanzeigen,True,ebay-kleinanzeigen PerceptualSpeedIndex opt warm webrender,,77,ms,geckoview,452273422.0,1864104670,2024-03-26 00:18:31,1398725,,,,,,,,,,,,,,,,,,,,,,,,,,,,,,,,,,,,,,,,,,,,,,,,,TN
1677,f0c093accca57074b185d7b3a5a76937ae8c57ed,0.012050559958085016,autoland,4366813,13,930eca14459531ff5483e56979276f480af08a6a,android-hw-a51-11-0-aarch64-shippable-qr,True,False,,|w|a|r|m| |w|e|b|r|e|n|d|e|r|,102210fe594ee9b33d82058545b1ed14f4c8206e,PerceptualSpeedIndex,ebay-kleinanzeigen,True,ebay-kleinanzeigen PerceptualSpeedIndex opt warm webrender,,77,ms,geckoview,452283745.0,1864125694,2024-03-26 01:24:19,1398741,,,,,,,,,,,,,,,,,,,,,,,,,,,,,,,,,,,,,,,,,,,,,,,,,TN
1678,f76227b1c05f51b70e7d261e993b5cfa5fd8ee70,0.010020302573842454,autoland,4366813,13,930eca14459531ff5483e56979276f480af08a6a,android-hw-a51-11-0-aarch64-shippable-qr,True,False,,|w|a|r|m| |w|e|b|r|e|n|d|e|r|,102210fe594ee9b33d82058545b1ed14f4c8206e,PerceptualSpeedIndex,ebay-kleinanzeigen,True,ebay-kleinanzeigen PerceptualSpeedIndex opt warm webrender,,77,ms,geckoview,452303070.0,1864256455,2024-03-26 06:19:49,1398803,,,,,,,,,,,,,,,,,,,,,,,,,,,,,,,,,,,,,,,,,,,,,,,,,TN
1679,e02aed8fb19856047df1d2cb7de887404e2b6956,0.004191499115855701,autoland,4366813,13,930eca14459531ff5483e56979276f480af08a6a,android-hw-a51-11-0-aarch64-shippable-qr,True,False,,|w|a|r|m| |w|e|b|r|e|n|d|e|r|,102210fe594ee9b33d82058545b1ed14f4c8206e,PerceptualSpeedIndex,ebay-kleinanzeigen,True,ebay-kleinanzeigen PerceptualSpeedIndex opt warm webrender,,77,ms,geckoview,452320566.0,1864315999,2024-03-26 09:05:54,1398850,,,,,,,,,,,,,,,,,,,,,,,,,,,,,,,,,,,,,,,,,,,,,,,,,TN
1680,8bfc3595e66f8c45af3a35d0489015d7522799d3,0.017551902547645604,autoland,4366813,13,930eca14459531ff5483e56979276f480af08a6a,android-hw-a51-11-0-aarch64-shippable-qr,True,False,,|w|a|r|m| |w|e|b|r|e|n|d|e|r|,102210fe594ee9b33d82058545b1ed14f4c8206e,PerceptualSpeedIndex,ebay-kleinanzeigen,True,ebay-kleinanzeigen PerceptualSpeedIndex opt warm webrender,,77,ms,geckoview,452349367.0,1864413611,2024-03-26 12:57:56,1398965,,,,,,,,,,,,,,,,,,,,,,,,,,,,,,,,,,,,,,,,,,,,,,,,,TN
1681,a95909edf99f57b3e1ff98f748fd9e2ff57447da,0.01034776344226862,autoland,4366813,13,930eca14459531ff5483e56979276f480af08a6a,android-hw-a51-11-0-aarch64-shippable-qr,True,False,,|w|a|r|m| |w|e|b|r|e|n|d|e|r|,102210fe594ee9b33d82058545b1ed14f4c8206e,PerceptualSpeedIndex,ebay-kleinanzeigen,True,ebay-kleinanzeigen PerceptualSpeedIndex opt warm webrender,,77,ms,geckoview,452382765.0,1864567747,2024-03-26 16:59:38,1399161,,,,,,,,,,,,,,,,,,,,,,,,,,,,,,,,,,,,,,,,,,,,,,,,,TN
1682,a93eeb987e4a1e533ac94ec0d1703c6f9b52b9ef,0.009365380836990012,autoland,4366813,13,930eca14459531ff5483e56979276f480af08a6a,android-hw-a51-11-0-aarch64-shippable-qr,True,False,,|w|a|r|m| |w|e|b|r|e|n|d|e|r|,102210fe594ee9b33d82058545b1ed14f4c8206e,PerceptualSpeedIndex,ebay-kleinanzeigen,True,ebay-kleinanzeigen PerceptualSpeedIndex opt warm webrender,,77,ms,geckoview,452389981.0,1864596887,2024-03-26 17:44:32,1399196,,,,,,,,,,,,,,,,,,,,,,,,,,,,,,,,,,,,,,,,,,,,,,,,,TN
1683,dfd96ba0e09153e6f98c22d8adcaf944059434ac,0.004518959984281867,autoland,4366813,13,930eca14459531ff5483e56979276f480af08a6a,android-hw-a51-11-0-aarch64-shippable-qr,True,False,,|w|a|r|m| |w|e|b|r|e|n|d|e|r|,102210fe594ee9b33d82058545b1ed14f4c8206e,PerceptualSpeedIndex,ebay-kleinanzeigen,True,ebay-kleinanzeigen PerceptualSpeedIndex opt warm webrender,,77,ms,geckoview,452406130.0,1864671127,2024-03-26 19:19:03,1399261,,,,,,,,,,,,,,,,,,,,,,,,,,,,,,,,,,,,,,,,,,,,,,,,,TN
1684,babb5943701ffb0ddb6991106d28f73ad2061bb6,0.011199161700176763,autoland,4366813,13,930eca14459531ff5483e56979276f480af08a6a,android-hw-a51-11-0-aarch64-shippable-qr,True,False,,|w|a|r|m| |w|e|b|r|e|n|d|e|r|,102210fe594ee9b33d82058545b1ed14f4c8206e,PerceptualSpeedIndex,ebay-kleinanzeigen,True,ebay-kleinanzeigen PerceptualSpeedIndex opt warm webrender,,77,ms,geckoview,452435751.0,1864764506,2024-03-26 22:59:31,1399480,,,,,,,,,,,,,,,,,,,,,,,,,,,,,,,,,,,,,,,,,,,,,,,,,TN
1685,1e79b6199559c2d8acfccdb5e9d5bc62033e6c15,0.0024887026000393053,autoland,4366813,13,930eca14459531ff5483e56979276f480af08a6a,android-hw-a51-11-0-aarch64-shippable-qr,True,False,,|w|a|r|m| |w|e|b|r|e|n|d|e|r|,102210fe594ee9b33d82058545b1ed14f4c8206e,PerceptualSpeedIndex,ebay-kleinanzeigen,True,ebay-kleinanzeigen PerceptualSpeedIndex opt warm webrender,,77,ms,geckoview,452463885.0,1864900874,2024-03-27 06:25:00,1399622,,,,,,,,,,,,,,,,,,,,,,,,,,,,,,,,,,,,,,,,,,,,,,,,,TN
1686,7f2993771f48536c575137e4b51984ab6d3de136,0.012247036479140716,autoland,4366813,13,930eca14459531ff5483e56979276f480af08a6a,android-hw-a51-11-0-aarch64-shippable-qr,True,False,,|w|a|r|m| |w|e|b|r|e|n|d|e|r|,102210fe594ee9b33d82058545b1ed14f4c8206e,PerceptualSpeedIndex,ebay-kleinanzeigen,True,ebay-kleinanzeigen PerceptualSpeedIndex opt warm webrender,,77,ms,geckoview,452493145.0,1865148916,2024-03-27 09:31:11,1399694,,,,,,,,,,,,,,,,,,,,,,,,,,,,,,,,,,,,,,,,,,,,,,,,,TN
1687,bc7ca80e302a788b0c3cc63cb148c628351b4946,0.02567293208461585,autoland,4366813,13,930eca14459531ff5483e56979276f480af08a6a,android-hw-a51-11-0-aarch64-shippable-qr,True,False,,|w|a|r|m| |w|e|b|r|e|n|d|e|r|,102210fe594ee9b33d82058545b1ed14f4c8206e,PerceptualSpeedIndex,ebay-kleinanzeigen,True,ebay-kleinanzeigen PerceptualSpeedIndex opt warm webrender,,77,ms,geckoview,452533939.0,1865233903,2024-03-27 13:38:48,1399827,,,,,,,,,,,,,,,,,,,,,,,,,,,,,,,,,,,,,,,,,,,,,,,,,TN
1688,f8ac03b3c764017d5704deed413c8d35c99978fd,0.010675224310694897,autoland,4366813,13,930eca14459531ff5483e56979276f480af08a6a,android-hw-a51-11-0-aarch64-shippable-qr,True,False,,|w|a|r|m| |w|e|b|r|e|n|d|e|r|,102210fe594ee9b33d82058545b1ed14f4c8206e,PerceptualSpeedIndex,ebay-kleinanzeigen,True,ebay-kleinanzeigen PerceptualSpeedIndex opt warm webrender,,77,ms,geckoview,452548007.0,1865283390,2024-03-27 15:45:41,1399897,,,,,,,,,,,,,,,,,,,,,,,,,,,,,,,,,,,,,,,,,,,,,,,,,TN
1689,5937312af5ae37b411939c2dcddbf6072d8d9cfc,0.007728076494858849,autoland,4366813,13,930eca14459531ff5483e56979276f480af08a6a,android-hw-a51-11-0-aarch64-shippable-qr,True,False,,|w|a|r|m| |w|e|b|r|e|n|d|e|r|,102210fe594ee9b33d82058545b1ed14f4c8206e,PerceptualSpeedIndex,ebay-kleinanzeigen,True,ebay-kleinanzeigen PerceptualSpeedIndex opt warm webrender,,77,ms,geckoview,452563719.0,1865379068,2024-03-27 17:44:07,1400012,,,,,,,,,,,,,,,,,,,,,,,,,,,,,,,,,,,,,,,,,,,,,,,,,TN
1690,43066dd9b4e30f4504495c65e0ca1dfe5bb620e1,0.026786299037265038,autoland,4366813,13,930eca14459531ff5483e56979276f480af08a6a,android-hw-a51-11-0-aarch64-shippable-qr,True,False,,|w|a|r|m| |w|e|b|r|e|n|d|e|r|,102210fe594ee9b33d82058545b1ed14f4c8206e,PerceptualSpeedIndex,ebay-kleinanzeigen,True,ebay-kleinanzeigen PerceptualSpeedIndex opt warm webrender,,77,ms,geckoview,452582510.0,1865451273,2024-03-27 20:37:25,1400142,,,,,,,,,,,,,,,,,,,,,,,,,,,,,,,,,,,,,,,,,,,,,,,,,TN
1691,b1cc62489fae8d475f67dec2d9abdf69e2d47614,0.01015128692121292,autoland,4366813,13,930eca14459531ff5483e56979276f480af08a6a,android-hw-a51-11-0-aarch64-shippable-qr,True,False,,|w|a|r|m| |w|e|b|r|e|n|d|e|r|,102210fe594ee9b33d82058545b1ed14f4c8206e,PerceptualSpeedIndex,ebay-kleinanzeigen,True,ebay-kleinanzeigen PerceptualSpeedIndex opt warm webrender,,77,ms,geckoview,452621201.0,1865543054,2024-03-28 01:10:01,1400291,,,,,,,,,,,,,,,,,,,,,,,,,,,,,,,,,,,,,,,,,,,,,,,,,TN
1692,1e7411c6b6399b5f5595f99e8d08576e473af625,0.0284236033793962,autoland,4366813,13,930eca14459531ff5483e56979276f480af08a6a,android-hw-a51-11-0-aarch64-shippable-qr,True,False,,|w|a|r|m| |w|e|b|r|e|n|d|e|r|,102210fe594ee9b33d82058545b1ed14f4c8206e,PerceptualSpeedIndex,ebay-kleinanzeigen,True,ebay-kleinanzeigen PerceptualSpeedIndex opt warm webrender,,77,ms,geckoview,452663375.0,1865743738,2024-03-28 09:47:39,1400442,,,,,,,,,,,,,,,,,,,,,,,,,,,,,,,,,,,,,,,,,,,,,,,,,TN
1693,55aaac6352fb1fbc44f600408b2bd5a63b4ae440,0.007531599973803149,autoland,4366813,13,930eca14459531ff5483e56979276f480af08a6a,android-hw-a51-11-0-aarch64-shippable-qr,True,False,,|w|a|r|m| |w|e|b|r|e|n|d|e|r|,102210fe594ee9b33d82058545b1ed14f4c8206e,PerceptualSpeedIndex,ebay-kleinanzeigen,True,ebay-kleinanzeigen PerceptualSpeedIndex opt warm webrender,,77,ms,geckoview,452664502.0,1865753598,2024-03-28 10:32:02,1400466,,,,,,,,,,,,,,,,,,,,,,,,,,,,,,,,,,,,,,,,,,,,,,,,,TN
1694,1c98db62bb1a20d26f812d28d86672158450e71c,0.02023708166874061,autoland,4366813,13,930eca14459531ff5483e56979276f480af08a6a,android-hw-a51-11-0-aarch64-shippable-qr,True,False,,|w|a|r|m| |w|e|b|r|e|n|d|e|r|,102210fe594ee9b33d82058545b1ed14f4c8206e,PerceptualSpeedIndex,ebay-kleinanzeigen,True,ebay-kleinanzeigen PerceptualSpeedIndex opt warm webrender,,77,ms,geckoview,452702795.0,1866124488,2024-03-28 14:53:03,1400606,,,,,,,,,,,,,,,,,,,,,,,,,,,,,,,,,,,,,,,,,,,,,,,,,TN
1695,2b1a58a2fa54e47a357b20bda28512cebd79f732,0.009430873010675245,autoland,4366813,13,930eca14459531ff5483e56979276f480af08a6a,android-hw-a51-11-0-aarch64-shippable-qr,True,False,,|w|a|r|m| |w|e|b|r|e|n|d|e|r|,102210fe594ee9b33d82058545b1ed14f4c8206e,PerceptualSpeedIndex,ebay-kleinanzeigen,True,ebay-kleinanzeigen PerceptualSpeedIndex opt warm webrender,,77,ms,geckoview,452702758.0,1866121796,2024-03-28 15:08:02,1400620,,,,,,,,,,,,,,,,,,,,,,,,,,,,,,,,,,,,,,,,,,,,,,,,,TN
1696,b9f38a3edd45f19c8f1f0e6f96e11dea269f3399,0.022791276442465147,autoland,4366813,13,930eca14459531ff5483e56979276f480af08a6a,android-hw-a51-11-0-aarch64-shippable-qr,True,False,,|w|a|r|m| |w|e|b|r|e|n|d|e|r|,102210fe594ee9b33d82058545b1ed14f4c8206e,PerceptualSpeedIndex,ebay-kleinanzeigen,True,ebay-kleinanzeigen PerceptualSpeedIndex opt warm webrender,,77,ms,geckoview,452728753.0,1866164352,2024-03-28 19:06:21,1400789,,,,,,,,,,,,,,,,,,,,,,,,,,,,,,,,,,,,,,,,,,,,,,,,,TN
1697,8b46ddebfb7e99c2dd8d13182e11398381eda976,0.03503831292160586,autoland,4366813,13,930eca14459531ff5483e56979276f480af08a6a,android-hw-a51-11-0-aarch64-shippable-qr,True,False,,|w|a|r|m| |w|e|b|r|e|n|d|e|r|,102210fe594ee9b33d82058545b1ed14f4c8206e,PerceptualSpeedIndex,ebay-kleinanzeigen,True,ebay-kleinanzeigen PerceptualSpeedIndex opt warm webrender,,77,ms,geckoview,452760601.0,1866220565,2024-03-28 23:11:00,1400928,,,,,,,,,,,,,,,,,,,,,,,,,,,,,,,,,,,,,,,,,,,,,,,,,TN
1698,28b4eaeb70285be21ee6612c4e891e41c7949b68,0.021808893837186427,autoland,4366813,13,930eca14459531ff5483e56979276f480af08a6a,android-hw-a51-11-0-aarch64-shippable-qr,True,False,,|w|a|r|m| |w|e|b|r|e|n|d|e|r|,102210fe594ee9b33d82058545b1ed14f4c8206e,PerceptualSpeedIndex,ebay-kleinanzeigen,True,ebay-kleinanzeigen PerceptualSpeedIndex opt warm webrender,,77,ms,geckoview,452762153.0,1866243006,2024-03-29 00:03:22,1400956,,,,,,,,,,,,,,,,,,,,,,,,,,,,,,,,,,,,,,,,,,,,,,,,,TN
1699,4120fb3d12f57159ca2e6809f555312e00adda5d,0.01270548169493746,autoland,4366813,13,930eca14459531ff5483e56979276f480af08a6a,android-hw-a51-11-0-aarch64-shippable-qr,True,False,,|w|a|r|m| |w|e|b|r|e|n|d|e|r|,102210fe594ee9b33d82058545b1ed14f4c8206e,PerceptualSpeedIndex,ebay-kleinanzeigen,True,ebay-kleinanzeigen PerceptualSpeedIndex opt warm webrender,,77,ms,geckoview,452777497.0,1866379197,2024-03-29 04:27:46,1401028,,,,,,,,,,,,,,,,,,,,,,,,,,,,,,,,,,,,,,,,,,,,,,,,,TN
1700,39124d8575b2fb025ca7fd37b91e052f28e88e67,0.018337808631868513,autoland,4366813,13,930eca14459531ff5483e56979276f480af08a6a,android-hw-a51-11-0-aarch64-shippable-qr,True,False,,|w|a|r|m| |w|e|b|r|e|n|d|e|r|,102210fe594ee9b33d82058545b1ed14f4c8206e,PerceptualSpeedIndex,ebay-kleinanzeigen,True,ebay-kleinanzeigen PerceptualSpeedIndex opt warm webrender,,77,ms,geckoview,452833862.0,1866392707,2024-03-29 12:22:16,1401116,,,,,,,,,,,,,,,,,,,,,,,,,,,,,,,,,,,,,,,,,,,,,,,,,TN
1701,33becba24b3c497daf0c1180e5c659ed3cc9028c,0.015456152989717697,autoland,4366813,13,930eca14459531ff5483e56979276f480af08a6a,android-hw-a51-11-0-aarch64-shippable-qr,True,False,,|w|a|r|m| |w|e|b|r|e|n|d|e|r|,102210fe594ee9b33d82058545b1ed14f4c8206e,PerceptualSpeedIndex,ebay-kleinanzeigen,True,ebay-kleinanzeigen PerceptualSpeedIndex opt warm webrender,,77,ms,geckoview,452853400.0,1866444107,2024-03-29 16:11:04,1401211,,,,,,,,,,,,,,,,,,,,,,,,,,,,,,,,,,,,,,,,,,,,,,,,,TN
1702,dd4f0b5931701d3aa7f7ed94fd3ba8c45816316c,0.025345471216189686,autoland,4366813,13,930eca14459531ff5483e56979276f480af08a6a,android-hw-a51-11-0-aarch64-shippable-qr,True,False,,|w|a|r|m| |w|e|b|r|e|n|d|e|r|,102210fe594ee9b33d82058545b1ed14f4c8206e,PerceptualSpeedIndex,ebay-kleinanzeigen,True,ebay-kleinanzeigen PerceptualSpeedIndex opt warm webrender,,77,ms,geckoview,452879385.0,1866556445,2024-03-29 20:24:43,1401326,,,,,,,,,,,,,,,,,,,,,,,,,,,,,,,,,,,,,,,,,,,,,,,,,TN
1703,2fe1ab05c8fa00d73df88b20df9bc87301a46d46,0.01650402776868165,autoland,4366813,13,930eca14459531ff5483e56979276f480af08a6a,android-hw-a51-11-0-aarch64-shippable-qr,True,False,,|w|a|r|m| |w|e|b|r|e|n|d|e|r|,102210fe594ee9b33d82058545b1ed14f4c8206e,PerceptualSpeedIndex,ebay-kleinanzeigen,True,ebay-kleinanzeigen PerceptualSpeedIndex opt warm webrender,,77,ms,geckoview,452901220.0,1866686853,2024-03-30 04:38:25,1401437,,,,,,,,,,,,,,,,,,,,,,,,,,,,,,,,,,,,,,,,,,,,,,,,,TN
1704,3e1a0031f44e72f557f0ec79cf8423168b952d80,0.007007662584321173,autoland,4366813,13,930eca14459531ff5483e56979276f480af08a6a,android-hw-a51-11-0-aarch64-shippable-qr,True,False,,|w|a|r|m| |w|e|b|r|e|n|d|e|r|,102210fe594ee9b33d82058545b1ed14f4c8206e,PerceptualSpeedIndex,ebay-kleinanzeigen,True,ebay-kleinanzeigen PerceptualSpeedIndex opt warm webrender,,77,ms,geckoview,452910095.0,1866735350,2024-03-30 08:43:08,1401445,,,,,,,,,,,,,,,,,,,,,,,,,,,,,,,,,,,,,,,,,,,,,,,,,TN
1705,dea770591ed30035f88966bbf45cbbcc6557cdcc,0.014146309516012812,autoland,4366813,13,930eca14459531ff5483e56979276f480af08a6a,android-hw-a51-11-0-aarch64-shippable-qr,True,False,,|w|a|r|m| |w|e|b|r|e|n|d|e|r|,102210fe594ee9b33d82058545b1ed14f4c8206e,PerceptualSpeedIndex,ebay-kleinanzeigen,True,ebay-kleinanzeigen PerceptualSpeedIndex opt warm webrender,,77,ms,geckoview,452935201.0,1866822481,2024-03-30 16:23:17,1401476,,,,,,,,,,,,,,,,,,,,,,,,,,,,,,,,,,,,,,,,,,,,,,,,,TN
1706,d7916bbe3cb4118dd9464ef3af064b13b3b0d0c4,0.01866526950029479,autoland,4366813,13,930eca14459531ff5483e56979276f480af08a6a,android-hw-a51-11-0-aarch64-shippable-qr,True,False,,|w|a|r|m| |w|e|b|r|e|n|d|e|r|,102210fe594ee9b33d82058545b1ed14f4c8206e,PerceptualSpeedIndex,ebay-kleinanzeigen,True,ebay-kleinanzeigen PerceptualSpeedIndex opt warm webrender,,77,ms,geckoview,452939946.0,1866847662,2024-03-30 17:37:54,1401479,,,,,,,,,,,,,,,,,,,,,,,,,,,,,,,,,,,,,,,,,,,,,,,,,TN
1707,579426b2f39c365731042d79d87533ac3f616461,0.02082651123190782,autoland,4366813,13,930eca14459531ff5483e56979276f480af08a6a,android-hw-a51-11-0-aarch64-shippable-qr,True,False,,|w|a|r|m| |w|e|b|r|e|n|d|e|r|,102210fe594ee9b33d82058545b1ed14f4c8206e,PerceptualSpeedIndex,ebay-kleinanzeigen,True,ebay-kleinanzeigen PerceptualSpeedIndex opt warm webrender,,77,ms,geckoview,452966719.0,1866934801,2024-03-31 07:04:36,1401509,,,,,,,,,,,,,,,,,,,,,,,,,,,,,,,,,,,,,,,,,,,,,,,,,TN
1708,dfc3fd176c4fcd62b5a28dcfedea3c509f24ebf5,0.012181544305455483,autoland,4366813,13,930eca14459531ff5483e56979276f480af08a6a,android-hw-a51-11-0-aarch64-shippable-qr,True,False,,|w|a|r|m| |w|e|b|r|e|n|d|e|r|,102210fe594ee9b33d82058545b1ed14f4c8206e,PerceptualSpeedIndex,ebay-kleinanzeigen,True,ebay-kleinanzeigen PerceptualSpeedIndex opt warm webrender,,77,ms,geckoview,452989818.0,1867022143,2024-03-31 14:47:20,1401533,,,,,,,,,,,,,,,,,,,,,,,,,,,,,,,,,,,,,,,,,,,,,,,,,TN
1709,334eacacff83840ceed0bb2077c0a2a527e491a5,0.016831488637107817,autoland,4366813,13,930eca14459531ff5483e56979276f480af08a6a,android-hw-a51-11-0-aarch64-shippable-qr,True,False,,|w|a|r|m| |w|e|b|r|e|n|d|e|r|,102210fe594ee9b33d82058545b1ed14f4c8206e,PerceptualSpeedIndex,ebay-kleinanzeigen,True,ebay-kleinanzeigen PerceptualSpeedIndex opt warm webrender,,77,ms,geckoview,452994996.0,1867049570,2024-03-31 19:03:22,1401545,,,,,,,,,,,,,,,,,,,,,,,,,,,,,,,,,,,,,,,,,,,,,,,,,TN
1710,5d97e037b69610f99c35f4bbd65d27bafc5605fc,0.03176370423734365,autoland,4366813,13,930eca14459531ff5483e56979276f480af08a6a,android-hw-a51-11-0-aarch64-shippable-qr,True,False,,|w|a|r|m| |w|e|b|r|e|n|d|e|r|,102210fe594ee9b33d82058545b1ed14f4c8206e,PerceptualSpeedIndex,ebay-kleinanzeigen,True,ebay-kleinanzeigen PerceptualSpeedIndex opt warm webrender,,77,ms,geckoview,453015328.0,1867134152,2024-04-01 07:03:36,1401600,,,,,,,,,,,,,,,,,,,,,,,,,,,,,,,,,,,,,,,,,,,,,,,,,TN
1711,9546c05d8f57091e5d3e12129a49f11b8b027da7,0.012770973868622693,autoland,4366813,13,930eca14459531ff5483e56979276f480af08a6a,android-hw-a51-11-0-aarch64-shippable-qr,True,False,,|w|a|r|m| |w|e|b|r|e|n|d|e|r|,102210fe594ee9b33d82058545b1ed14f4c8206e,PerceptualSpeedIndex,ebay-kleinanzeigen,True,ebay-kleinanzeigen PerceptualSpeedIndex opt warm webrender,,77,ms,geckoview,453041922.0,1867221986,2024-04-01 11:30:18,1401661,,,,,,,,,,,,,,,,,,,,,,,,,,,,,,,,,,,,,,,,,,,,,,,,,TN
1712,26157b52a8c30d72d8e065cc4a8286633ee85b63,0.01591459820551444,autoland,4366813,13,930eca14459531ff5483e56979276f480af08a6a,android-hw-a51-11-0-aarch64-shippable-qr,True,False,,|w|a|r|m| |w|e|b|r|e|n|d|e|r|,102210fe594ee9b33d82058545b1ed14f4c8206e,PerceptualSpeedIndex,ebay-kleinanzeigen,True,ebay-kleinanzeigen PerceptualSpeedIndex opt warm webrender,,77,ms,geckoview,453063672.0,1867248673,2024-04-01 13:16:41,1401687,,,,,,,,,,,,,,,,,,,,,,,,,,,,,,,,,,,,,,,,,,,,,,,,,TN
1713,cdd16ab5df10333f1a1eb637ecf2692e15271d17,0.011002685179121063,autoland,4366813,13,930eca14459531ff5483e56979276f480af08a6a,android-hw-a51-11-0-aarch64-shippable-qr,True,False,,|w|a|r|m| |w|e|b|r|e|n|d|e|r|,102210fe594ee9b33d82058545b1ed14f4c8206e,PerceptualSpeedIndex,ebay-kleinanzeigen,True,ebay-kleinanzeigen PerceptualSpeedIndex opt warm webrender,,77,ms,geckoview,453087416.0,1867339644,2024-04-01 17:19:53,1401785,,,,,,,,,,,,,,,,,,,,,,,,,,,,,,,,,,,,,,,,,,,,,,,,,TN
1714,57354c5689ef8a5f598978d912570706445e1034,0.03713406247953366,autoland,4366813,13,930eca14459531ff5483e56979276f480af08a6a,android-hw-a51-11-0-aarch64-shippable-qr,True,False,,|w|a|r|m| |w|e|b|r|e|n|d|e|r|,102210fe594ee9b33d82058545b1ed14f4c8206e,PerceptualSpeedIndex,ebay-kleinanzeigen,True,ebay-kleinanzeigen PerceptualSpeedIndex opt warm webrender,,77,ms,geckoview,453095171.0,1867375878,2024-04-01 18:19:29,1401826,,,,,,,,,,,,,,,,,,,,,,,,,,,,,,,,,,,,,,,,,,,,,,,,,TN
1715,13111643fbf4557d26174a12b2cde1954182b0ab,0.0045844521579672115,autoland,4366813,13,930eca14459531ff5483e56979276f480af08a6a,android-hw-a51-11-0-aarch64-shippable-qr,True,False,,|w|a|r|m| |w|e|b|r|e|n|d|e|r|,102210fe594ee9b33d82058545b1ed14f4c8206e,PerceptualSpeedIndex,ebay-kleinanzeigen,True,ebay-kleinanzeigen PerceptualSpeedIndex opt warm webrender,,77,ms,geckoview,453136734.0,1867549416,2024-04-01 22:35:55,1402004,,,,,,,,,,,,,,,,,,,,,,,,,,,,,,,,,,,,,,,,,,,,,,,,,TN
1716,e7ec5d35ae0d80f4a77b6705e1a393c637da672e,0.017748379068701303,autoland,4366813,13,930eca14459531ff5483e56979276f480af08a6a,android-hw-a51-11-0-aarch64-shippable-qr,True,False,,|w|a|r|m| |w|e|b|r|e|n|d|e|r|,102210fe594ee9b33d82058545b1ed14f4c8206e,PerceptualSpeedIndex,ebay-kleinanzeigen,True,ebay-kleinanzeigen PerceptualSpeedIndex opt warm webrender,,77,ms,geckoview,453135388.0,1867515073,2024-04-01 22:39:43,1402007,,,,,,,,,,,,,,,,,,,,,,,,,,,,,,,,,,,,,,,,,,,,,,,,,TN
1717,de086751acb845c252c37aab95a7e6b265df39a6,0.014473770384439089,autoland,4366813,13,930eca14459531ff5483e56979276f480af08a6a,android-hw-a51-11-0-aarch64-shippable-qr,True,False,,|w|a|r|m| |w|e|b|r|e|n|d|e|r|,102210fe594ee9b33d82058545b1ed14f4c8206e,PerceptualSpeedIndex,ebay-kleinanzeigen,True,ebay-kleinanzeigen PerceptualSpeedIndex opt warm webrender,,77,ms,geckoview,453150502.0,1867606484,2024-04-02 04:32:43,1402085,,,,,,,,,,,,,,,,,,,,,,,,,,,,,,,,,,,,,,,,,,,,,,,,,TN
1718,4df6842cb470c27ca949eaaa6d3a9b6b37d9c8fe,0.016765996463422583,autoland,4366813,13,930eca14459531ff5483e56979276f480af08a6a,android-hw-a51-11-0-aarch64-shippable-qr,True,False,,|w|a|r|m| |w|e|b|r|e|n|d|e|r|,102210fe594ee9b33d82058545b1ed14f4c8206e,PerceptualSpeedIndex,ebay-kleinanzeigen,True,ebay-kleinanzeigen PerceptualSpeedIndex opt warm webrender,,77,ms,geckoview,453172498.0,1867682985,2024-04-02 08:47:33,1402179,,,,,,,,,,,,,,,,,,,,,,,,,,,,,,,,,,,,,,,,,,,,,,,,,TN
1719,52bb75377d06cfb305446ca966c7526c9c9729c7,0.013818848647586646,autoland,4366813,13,930eca14459531ff5483e56979276f480af08a6a,android-hw-a51-11-0-aarch64-shippable-qr,True,False,,|w|a|r|m| |w|e|b|r|e|n|d|e|r|,102210fe594ee9b33d82058545b1ed14f4c8206e,PerceptualSpeedIndex,ebay-kleinanzeigen,True,ebay-kleinanzeigen PerceptualSpeedIndex opt warm webrender,,77,ms,geckoview,453173147.0,1867846683,2024-04-02 08:57:49,1402180,,,,,,,,,,,,,,,,,,,,,,,,,,,,,,,,,,,,,,,,,,,,,,,,,TN
1720,1eb7fb5dab3b7003052fa7fa8e85566bd5fa2a73,0.012378020826511293,autoland,4366813,13,930eca14459531ff5483e56979276f480af08a6a,android-hw-a51-11-0-aarch64-shippable-qr,True,False,,|w|a|r|m| |w|e|b|r|e|n|d|e|r|,102210fe594ee9b33d82058545b1ed14f4c8206e,PerceptualSpeedIndex,ebay-kleinanzeigen,True,ebay-kleinanzeigen PerceptualSpeedIndex opt warm webrender,,77,ms,geckoview,453215177.0,1867929462,2024-04-02 13:00:14,1402287,,,,,,,,,,,,,,,,,,,,,,,,,,,,,,,,,,,,,,,,,,,,,,,,,TN
1721,083657141f799bed9b0e401403d144e76c1f3c63,0.009823826052786755,autoland,4366813,13,930eca14459531ff5483e56979276f480af08a6a,android-hw-a51-11-0-aarch64-shippable-qr,True,False,,|w|a|r|m| |w|e|b|r|e|n|d|e|r|,102210fe594ee9b33d82058545b1ed14f4c8206e,PerceptualSpeedIndex,ebay-kleinanzeigen,True,ebay-kleinanzeigen PerceptualSpeedIndex opt warm webrender,,77,ms,geckoview,453218422.0,1867945735,2024-04-02 13:21:01,1402293,,,,,,,,,,,,,,,,,,,,,,,,,,,,,,,,,,,,,,,,,,,,,,,,,TN
1722,b1212fb9438edc5930a3e8228dd52ff3c068031c,0.01133014604754734,autoland,4366813,13,930eca14459531ff5483e56979276f480af08a6a,android-hw-a51-11-0-aarch64-shippable-qr,True,False,,|w|a|r|m| |w|e|b|r|e|n|d|e|r|,102210fe594ee9b33d82058545b1ed14f4c8206e,PerceptualSpeedIndex,ebay-kleinanzeigen,True,ebay-kleinanzeigen PerceptualSpeedIndex opt warm webrender,,77,ms,geckoview,453239712.0,1867987398,2024-04-02 16:51:17,1402473,,,,,,,,,,,,,,,,,,,,,,,,,,,,,,,,,,,,,,,,,,,,,,,,,TN
1723,96cda2b1a568a48c3d201417fa49e8fc852ef641,0.010282271268583387,autoland,4366813,13,930eca14459531ff5483e56979276f480af08a6a,android-hw-a51-11-0-aarch64-shippable-qr,True,False,,|w|a|r|m| |w|e|b|r|e|n|d|e|r|,102210fe594ee9b33d82058545b1ed14f4c8206e,PerceptualSpeedIndex,ebay-kleinanzeigen,True,ebay-kleinanzeigen PerceptualSpeedIndex opt warm webrender,,77,ms,geckoview,453260418.0,1868049066,2024-04-02 20:58:38,1402671,,,,,,,,,,,,,,,,,,,,,,,,,,,,,,,,,,,,,,,,,,,,,,,,,TN
1724,bfdc9733f80bab4558cf720975c00e2658b9b8c0,0.016176566900255374,autoland,4366813,13,930eca14459531ff5483e56979276f480af08a6a,android-hw-a51-11-0-aarch64-shippable-qr,True,False,,|w|a|r|m| |w|e|b|r|e|n|d|e|r|,102210fe594ee9b33d82058545b1ed14f4c8206e,PerceptualSpeedIndex,ebay-kleinanzeigen,True,ebay-kleinanzeigen PerceptualSpeedIndex opt warm webrender,,77,ms,geckoview,453278583.0,1868118945,2024-04-02 23:14:01,1402759,,,,,,,,,,,,,,,,,,,,,,,,,,,,,,,,,,,,,,,,,,,,,,,,,TN
1725,e9a6b1d9b2360abbda7261a5e023f1fdfaf1fbc4,0.009234396489619434,autoland,4366813,13,930eca14459531ff5483e56979276f480af08a6a,android-hw-a51-11-0-aarch64-shippable-qr,True,False,,|w|a|r|m| |w|e|b|r|e|n|d|e|r|,102210fe594ee9b33d82058545b1ed14f4c8206e,PerceptualSpeedIndex,ebay-kleinanzeigen,True,ebay-kleinanzeigen PerceptualSpeedIndex opt warm webrender,,77,ms,geckoview,453285495.0,1868144831,2024-04-03 02:01:46,1402833,,,,,,,,,,,,,,,,,,,,,,,,,,,,,,,,,,,,,,,,,,,,,,,,,TN
1726,c720e2e99bf375c24b09c0a1415f15ba911c56ce,0.018206824284498047,autoland,4366813,13,930eca14459531ff5483e56979276f480af08a6a,android-hw-a51-11-0-aarch64-shippable-qr,True,False,,|w|a|r|m| |w|e|b|r|e|n|d|e|r|,102210fe594ee9b33d82058545b1ed14f4c8206e,PerceptualSpeedIndex,ebay-kleinanzeigen,True,ebay-kleinanzeigen PerceptualSpeedIndex opt warm webrender,,77,ms,geckoview,453304757.0,1868244684,2024-04-03 06:21:18,1402898,,,,,,,,,,,,,,,,,,,,,,,,,,,,,,,,,,,,,,,,,,,,,,,,,TN
1727,8c92b17c7b2805a83d5a80fa103b82ae132d8320,0.022398323400353637,autoland,4366813,13,930eca14459531ff5483e56979276f480af08a6a,android-hw-a51-11-0-aarch64-shippable-qr,True,False,,|w|a|r|m| |w|e|b|r|e|n|d|e|r|,102210fe594ee9b33d82058545b1ed14f4c8206e,PerceptualSpeedIndex,ebay-kleinanzeigen,True,ebay-kleinanzeigen PerceptualSpeedIndex opt warm webrender,,77,ms,geckoview,453317633.0,1868294938,2024-04-03 08:00:33,1402944,,,,,,,,,,,,,,,,,,,,,,,,,,,,,,,,,,,,,,,,,,,,,,,,,TN
1728,81ea9950a766d85ced5d1db992689422649c3b26,0.02285676861615038,autoland,4366813,13,930eca14459531ff5483e56979276f480af08a6a,android-hw-a51-11-0-aarch64-shippable-qr,True,False,,|w|a|r|m| |w|e|b|r|e|n|d|e|r|,102210fe594ee9b33d82058545b1ed14f4c8206e,PerceptualSpeedIndex,ebay-kleinanzeigen,True,ebay-kleinanzeigen PerceptualSpeedIndex opt warm webrender,,77,ms,geckoview,453352877.0,1868387038,2024-04-03 12:19:12,1403087,,,,,,,,,,,,,,,,,,,,,,,,,,,,,,,,,,,,,,,,,,,,,,,,,TN
1729,31ead35d5981bb6a0da919643013edfb0b8934b6,0.010871700831750597,autoland,4366813,13,930eca14459531ff5483e56979276f480af08a6a,android-hw-a51-11-0-aarch64-shippable-qr,True,False,,|w|a|r|m| |w|e|b|r|e|n|d|e|r|,102210fe594ee9b33d82058545b1ed14f4c8206e,PerceptualSpeedIndex,ebay-kleinanzeigen,True,ebay-kleinanzeigen PerceptualSpeedIndex opt warm webrender,,77,ms,geckoview,453379616.0,1868478953,2024-04-03 15:08:48,1403194,,,,,,,,,,,,,,,,,,,,,,,,,,,,,,,,,,,,,,,,,,,,,,,,,TN
1730,26f475fb8d5ae5cb0b3bd5fb9d77aa7fc2df2665,0.015652629510773508,autoland,4366813,13,930eca14459531ff5483e56979276f480af08a6a,android-hw-a51-11-0-aarch64-shippable-qr,True,False,,|w|a|r|m| |w|e|b|r|e|n|d|e|r|,102210fe594ee9b33d82058545b1ed14f4c8206e,PerceptualSpeedIndex,ebay-kleinanzeigen,True,ebay-kleinanzeigen PerceptualSpeedIndex opt warm webrender,,77,ms,geckoview,453400066.0,1868552579,2024-04-03 19:17:19,1403406,,,,,,,,,,,,,,,,,,,,,,,,,,,,,,,,,,,,,,,,,,,,,,,,,TN
1731,aedb2756de7fa4089d89d53f49a007290003d58d,0.030715829458379695,autoland,4366813,13,930eca14459531ff5483e56979276f480af08a6a,android-hw-a51-11-0-aarch64-shippable-qr,True,False,,|w|a|r|m| |w|e|b|r|e|n|d|e|r|,102210fe594ee9b33d82058545b1ed14f4c8206e,PerceptualSpeedIndex,ebay-kleinanzeigen,True,ebay-kleinanzeigen PerceptualSpeedIndex opt warm webrender,,77,ms,geckoview,453421339.0,1868630357,2024-04-03 23:35:22,1403575,,,,,,,,,,,,,,,,,,,,,,,,,,,,,,,,,,,,,,,,,,,,,,,,,TN
1732,f2360b4c9b8a110f0b1c40841a767a47da5b85be,0.019975112973999676,autoland,4366813,13,930eca14459531ff5483e56979276f480af08a6a,android-hw-a51-11-0-aarch64-shippable-qr,True,False,,|w|a|r|m| |w|e|b|r|e|n|d|e|r|,102210fe594ee9b33d82058545b1ed14f4c8206e,PerceptualSpeedIndex,ebay-kleinanzeigen,True,ebay-kleinanzeigen PerceptualSpeedIndex opt warm webrender,,77,ms,geckoview,453448968.0,1868742013,2024-04-04 04:04:35,1403674,,,,,,,,,,,,,,,,,,,,,,,,,,,,,,,,,,,,,,,,,,,,,,,,,TN
1733,08ea8edc42ee204a4f50aae52417198c7a11d742,0.006811186063265473,autoland,4366813,13,930eca14459531ff5483e56979276f480af08a6a,android-hw-a51-11-0-aarch64-shippable-qr,True,False,,|w|a|r|m| |w|e|b|r|e|n|d|e|r|,102210fe594ee9b33d82058545b1ed14f4c8206e,PerceptualSpeedIndex,ebay-kleinanzeigen,True,ebay-kleinanzeigen PerceptualSpeedIndex opt warm webrender,,77,ms,geckoview,453476076.0,1868848410,2024-04-04 08:28:09,1403757,,,,,,,,,,,,,,,,,,,,,,,,,,,,,,,,,,,,,,,,,,,,,,,,,TN
1734,a260c2683052c9aa36748f1ded4e99c0d2bcf63e,0.015587137337088275,autoland,4366813,13,930eca14459531ff5483e56979276f480af08a6a,android-hw-a51-11-0-aarch64-shippable-qr,True,False,,|w|a|r|m| |w|e|b|r|e|n|d|e|r|,102210fe594ee9b33d82058545b1ed14f4c8206e,PerceptualSpeedIndex,ebay-kleinanzeigen,True,ebay-kleinanzeigen PerceptualSpeedIndex opt warm webrender,,77,ms,geckoview,453511330.0,1869018352,2024-04-04 12:29:27,1403877,,,,,,,,,,,,,,,,,,,,,,,,,,,,,,,,,,,,,,,,,,,,,,,,,TN
1735,e633b6ff34e81c89b87f1d4e3b18fcae399b3d37,0.018206824284498047,autoland,4366813,13,930eca14459531ff5483e56979276f480af08a6a,android-hw-a51-11-0-aarch64-shippable-qr,True,False,,|w|a|r|m| |w|e|b|r|e|n|d|e|r|,102210fe594ee9b33d82058545b1ed14f4c8206e,PerceptualSpeedIndex,ebay-kleinanzeigen,True,ebay-kleinanzeigen PerceptualSpeedIndex opt warm webrender,,77,ms,geckoview,453539255.0,1869121665,2024-04-04 15:41:47,1404042,,,,,,,,,,,,,,,,,,,,,,,,,,,,,,,,,,,,,,,,,,,,,,,,,TN
1736,2b8e4c563c2fa403003707729e7fd66dd5909763,0.03346650075315993,autoland,4366813,13,930eca14459531ff5483e56979276f480af08a6a,android-hw-a51-11-0-aarch64-shippable-qr,True,False,,|w|a|r|m| |w|e|b|r|e|n|d|e|r|,102210fe594ee9b33d82058545b1ed14f4c8206e,PerceptualSpeedIndex,ebay-kleinanzeigen,True,ebay-kleinanzeigen PerceptualSpeedIndex opt warm webrender,,77,ms,geckoview,453547565.0,1869171281,2024-04-04 17:55:39,1404131,,,,,,,,,,,,,,,,,,,,,,,,,,,,,,,,,,,,,,,,,,,,,,,,,TN
1737,7689f9c266fcdf019b8bea308bf5569885d72ed3,0.024690549479337243,autoland,4366813,13,930eca14459531ff5483e56979276f480af08a6a,android-hw-a51-11-0-aarch64-shippable-qr,True,False,,|w|a|r|m| |w|e|b|r|e|n|d|e|r|,102210fe594ee9b33d82058545b1ed14f4c8206e,PerceptualSpeedIndex,ebay-kleinanzeigen,True,ebay-kleinanzeigen PerceptualSpeedIndex opt warm webrender,,77,ms,geckoview,453572886.0,1869276250,2024-04-04 22:08:58,1404331,,,,,,,,,,,,,,,,,,,,,,,,,,,,,,,,,,,,,,,,,,,,,,,,,TN
1738,8600529acb2a250f255ea4d80486fecb2b7dc31b,0.018730761673979912,autoland,4366813,13,930eca14459531ff5483e56979276f480af08a6a,android-hw-a51-11-0-aarch64-shippable-qr,True,False,,|w|a|r|m| |w|e|b|r|e|n|d|e|r|,102210fe594ee9b33d82058545b1ed14f4c8206e,PerceptualSpeedIndex,ebay-kleinanzeigen,True,ebay-kleinanzeigen PerceptualSpeedIndex opt warm webrender,,77,ms,geckoview,453584804.0,1869306156,2024-04-05 00:24:01,1404399,,,,,,,,,,,,,,,,,,,,,,,,,,,,,,,,,,,,,,,,,,,,,,,,,TN
1739,ea8ea972270ddb95f071f900f9199fb7ff95bb10,0.018206824284498047,autoland,4366813,13,930eca14459531ff5483e56979276f480af08a6a,android-hw-a51-11-0-aarch64-shippable-qr,True,False,,|w|a|r|m| |w|e|b|r|e|n|d|e|r|,102210fe594ee9b33d82058545b1ed14f4c8206e,PerceptualSpeedIndex,ebay-kleinanzeigen,True,ebay-kleinanzeigen PerceptualSpeedIndex opt warm webrender,,77,ms,geckoview,453594717.0,1869346421,2024-04-05 04:36:57,1404445,,,,,,,,,,,,,,,,,,,,,,,,,,,,,,,,,,,,,,,,,,,,,,,,,TN
1740,bb1591f8008a0b1f33fe132528ee339ab149082f,0.004126006942170468,autoland,4366813,13,930eca14459531ff5483e56979276f480af08a6a,android-hw-a51-11-0-aarch64-shippable-qr,True,False,,|w|a|r|m| |w|e|b|r|e|n|d|e|r|,102210fe594ee9b33d82058545b1ed14f4c8206e,PerceptualSpeedIndex,ebay-kleinanzeigen,True,ebay-kleinanzeigen PerceptualSpeedIndex opt warm webrender,,77,ms,geckoview,453621821.0,1869540731,2024-04-05 09:55:10,1404555,,,,,,,,,,,,,,,,,,,,,,,,,,,,,,,,,,,,,,,,,,,,,,,,,TN
1741,e25a9624d6d92e1a88da8b414e3ea781e4e25a07,0.012574497347566993,autoland,4366813,13,930eca14459531ff5483e56979276f480af08a6a,android-hw-a51-11-0-aarch64-shippable-qr,True,False,,|w|a|r|m| |w|e|b|r|e|n|d|e|r|,102210fe594ee9b33d82058545b1ed14f4c8206e,PerceptualSpeedIndex,ebay-kleinanzeigen,True,ebay-kleinanzeigen PerceptualSpeedIndex opt warm webrender,,77,ms,geckoview,453655680.0,1869583413,2024-04-05 13:56:08,1404693,,,,,,,,,,,,,,,,,,,,,,,,,,,,,,,,,,,,,,,,,,,,,,,,,TN
1742,c230ec8f9514326a6e5081ee8e2d677ccf10ab67,0.01270548169493746,autoland,4366813,13,930eca14459531ff5483e56979276f480af08a6a,android-hw-a51-11-0-aarch64-shippable-qr,True,False,,|w|a|r|m| |w|e|b|r|e|n|d|e|r|,102210fe594ee9b33d82058545b1ed14f4c8206e,PerceptualSpeedIndex,ebay-kleinanzeigen,True,ebay-kleinanzeigen PerceptualSpeedIndex opt warm webrender,,77,ms,geckoview,453680260.0,1869686601,2024-04-05 18:34:00,1404901,,,,,,,,,,,,,,,,,,,,,,,,,,,,,,,,,,,,,,,,,,,,,,,,,TN
1743,2168f88afb52aa0c93febc62156a315d08963dda,0.01650402776868165,autoland,4366813,13,930eca14459531ff5483e56979276f480af08a6a,android-hw-a51-11-0-aarch64-shippable-qr,True,False,,|w|a|r|m| |w|e|b|r|e|n|d|e|r|,102210fe594ee9b33d82058545b1ed14f4c8206e,PerceptualSpeedIndex,ebay-kleinanzeigen,True,ebay-kleinanzeigen PerceptualSpeedIndex opt warm webrender,,77,ms,geckoview,453699689.0,1869751633,2024-04-05 19:40:01,1404957,,,,,,,,,,,,,,,,,,,,,,,,,,,,,,,,,,,,,,,,,,,,,,,,,TN
1744,bcbab342eed82aec3d4dd40516bf07e1ee96e716,0.0194511755845177,autoland,4366813,13,930eca14459531ff5483e56979276f480af08a6a,android-hw-a51-11-0-aarch64-shippable-qr,True,False,,|w|a|r|m| |w|e|b|r|e|n|d|e|r|,102210fe594ee9b33d82058545b1ed14f4c8206e,PerceptualSpeedIndex,ebay-kleinanzeigen,True,ebay-kleinanzeigen PerceptualSpeedIndex opt warm webrender,,77,ms,geckoview,453708089.0,1869844010,2024-04-05 21:23:25,1405041,,,,,,,,,,,,,,,,,,,,,,,,,,,,,,,,,,,,,,,,,,,,,,,,,TN
1745,5695ee1969a8c3cddf47affcdc2358c67fa09729,0.01807583993712747,autoland,4366813,13,930eca14459531ff5483e56979276f480af08a6a,android-hw-a51-11-0-aarch64-shippable-qr,True,False,,|w|a|r|m| |w|e|b|r|e|n|d|e|r|,102210fe594ee9b33d82058545b1ed14f4c8206e,PerceptualSpeedIndex,ebay-kleinanzeigen,True,ebay-kleinanzeigen PerceptualSpeedIndex opt warm webrender,,77,ms,geckoview,453730097.0,1869929417,2024-04-06 02:12:01,1405161,,,,,,,,,,,,,,,,,,,,,,,,,,,,,,,,,,,,,,,,,,,,,,,,,TN
1746,9fc8fef3e3ad12973fa215fac0d8ce85b8476e0a,0.01925469906346189,autoland,4366813,13,930eca14459531ff5483e56979276f480af08a6a,android-hw-a51-11-0-aarch64-shippable-qr,True,False,,|w|a|r|m| |w|e|b|r|e|n|d|e|r|,102210fe594ee9b33d82058545b1ed14f4c8206e,PerceptualSpeedIndex,ebay-kleinanzeigen,True,ebay-kleinanzeigen PerceptualSpeedIndex opt warm webrender,,77,ms,geckoview,453744072.0,1869997857,2024-04-06 08:07:05,1405200,,,,,,,,,,,,,,,,,,,,,,,,,,,,,,,,,,,,,,,,,,,,,,,,,TN
1747,0f5a5f081afbca1abac9185c32c792b9c3550264,0.022529307747724214,autoland,4366813,13,930eca14459531ff5483e56979276f480af08a6a,android-hw-a51-11-0-aarch64-shippable-qr,True,False,,|w|a|r|m| |w|e|b|r|e|n|d|e|r|,102210fe594ee9b33d82058545b1ed14f4c8206e,PerceptualSpeedIndex,ebay-kleinanzeigen,True,ebay-kleinanzeigen PerceptualSpeedIndex opt warm webrender,,77,ms,geckoview,453769450.0,1870098756,2024-04-06 12:49:36,1405245,,,,,,,,,,,,,,,,,,,,,,,,,,,,,,,,,,,,,,,,,,,,,,,,,TN
1748,3719e5d315bba4fd2d01a2bb964ff7d7c6521282,0.01925469906346189,autoland,4366813,13,930eca14459531ff5483e56979276f480af08a6a,android-hw-a51-11-0-aarch64-shippable-qr,True,False,,|w|a|r|m| |w|e|b|r|e|n|d|e|r|,102210fe594ee9b33d82058545b1ed14f4c8206e,PerceptualSpeedIndex,ebay-kleinanzeigen,True,ebay-kleinanzeigen PerceptualSpeedIndex opt warm webrender,,77,ms,geckoview,453781021.0,1870154187,2024-04-06 19:13:32,1405288,,,,,,,,,,,,,,,,,,,,,,,,,,,,,,,,,,,,,,,,,,,,,,,,,TN
1749,7362d727c60c8a1b15c8e7357969595c93c659c6,0.03733053900058947,autoland,4366813,13,930eca14459531ff5483e56979276f480af08a6a,android-hw-a51-11-0-aarch64-shippable-qr,True,False,,|w|a|r|m| |w|e|b|r|e|n|d|e|r|,102210fe594ee9b33d82058545b1ed14f4c8206e,PerceptualSpeedIndex,ebay-kleinanzeigen,True,ebay-kleinanzeigen PerceptualSpeedIndex opt warm webrender,,77,ms,geckoview,453796123.0,1870209161,2024-04-07 00:18:02,1405303,,,,,,,,,,,,,,,,,,,,,,,,,,,,,,,,,,,,,,,,,,,,,,,,,TN
1750,56daf0a3e72bc04ceb0b6d6a5e8b51b32333fe11,0.0196476521055734,autoland,4366813,13,930eca14459531ff5483e56979276f480af08a6a,android-hw-a51-11-0-aarch64-shippable-qr,True,False,,|w|a|r|m| |w|e|b|r|e|n|d|e|r|,102210fe594ee9b33d82058545b1ed14f4c8206e,PerceptualSpeedIndex,ebay-kleinanzeigen,True,ebay-kleinanzeigen PerceptualSpeedIndex opt warm webrender,,77,ms,geckoview,453827479.0,1870334590,2024-04-07 12:29:26,1405334,,,,,,,,,,,,,,,,,,,,,,,,,,,,,,,,,,,,,,,,,,,,,,,,,TN
1751,c59be65c8118a8e4c60719162c4426e511ee042c,0.01015128692121292,autoland,4366813,13,930eca14459531ff5483e56979276f480af08a6a,android-hw-a51-11-0-aarch64-shippable-qr,True,False,,|w|a|r|m| |w|e|b|r|e|n|d|e|r|,102210fe594ee9b33d82058545b1ed14f4c8206e,PerceptualSpeedIndex,ebay-kleinanzeigen,True,ebay-kleinanzeigen PerceptualSpeedIndex opt warm webrender,,77,ms,geckoview,453838000.0,1870371529,2024-04-07 17:34:38,1405352,,,,,,,,,,,,,,,,,,,,,,,,,,,,,,,,,,,,,,,,,,,,,,,,,TN
1752,a5f6bf0601900e20973b195443e8431788bf1494,0.01611107472657014,autoland,4366813,13,930eca14459531ff5483e56979276f480af08a6a,android-hw-a51-11-0-aarch64-shippable-qr,True,False,,|w|a|r|m| |w|e|b|r|e|n|d|e|r|,102210fe594ee9b33d82058545b1ed14f4c8206e,PerceptualSpeedIndex,ebay-kleinanzeigen,True,ebay-kleinanzeigen PerceptualSpeedIndex opt warm webrender,,77,ms,geckoview,453851901.0,1870429549,2024-04-07 22:40:32,1405368,,,,,,,,,,,,,,,,,,,,,,,,,,,,,,,,,,,,,,,,,,,,,,,,,TN
1753,93d08e6b3d615ead541eee15f876af2c74e90d53,0.02665531468989457,autoland,4366813,13,930eca14459531ff5483e56979276f480af08a6a,android-hw-a51-11-0-aarch64-shippable-qr,True,False,,|w|a|r|m| |w|e|b|r|e|n|d|e|r|,102210fe594ee9b33d82058545b1ed14f4c8206e,PerceptualSpeedIndex,ebay-kleinanzeigen,True,ebay-kleinanzeigen PerceptualSpeedIndex opt warm webrender,,77,ms,geckoview,453861195.0,1870483252,2024-04-08 04:43:41,1405385,,,,,,,,,,,,,,,,,,,,,,,,,,,,,,,,,,,,,,,,,,,,,,,,,TN
1754,7fdec039f49159c7769bb304ab5f0a97f9dde43f,0.01368786430021618,autoland,4366813,13,930eca14459531ff5483e56979276f480af08a6a,android-hw-a51-11-0-aarch64-shippable-qr,True,False,,|w|a|r|m| |w|e|b|r|e|n|d|e|r|,102210fe594ee9b33d82058545b1ed14f4c8206e,PerceptualSpeedIndex,ebay-kleinanzeigen,True,ebay-kleinanzeigen PerceptualSpeedIndex opt warm webrender,,77,ms,geckoview,453875747.0,1870552264,2024-04-08 09:12:14,1405465,,,,,,,,,,,,,,,,,,,,,,,,,,,,,,,,,,,,,,,,,,,,,,,,,TN
1755,1b56c653a5ee3a14ec0955b092498999e9333bfa,0.02626236164778306,autoland,4366813,13,930eca14459531ff5483e56979276f480af08a6a,android-hw-a51-11-0-aarch64-shippable-qr,True,False,,|w|a|r|m| |w|e|b|r|e|n|d|e|r|,102210fe594ee9b33d82058545b1ed14f4c8206e,PerceptualSpeedIndex,ebay-kleinanzeigen,True,ebay-kleinanzeigen PerceptualSpeedIndex opt warm webrender,,77,ms,geckoview,453907540.0,1870709170,2024-04-08 13:49:41,1405618,,,,,,,,,,,,,,,,,,,,,,,,,,,,,,,,,,,,,,,,,,,,,,,,,TN
1756,79551503d77c8353439905d86ec3033546f0c874,0.01925469906346189,autoland,4366813,13,930eca14459531ff5483e56979276f480af08a6a,android-hw-a51-11-0-aarch64-shippable-qr,True,False,,|w|a|r|m| |w|e|b|r|e|n|d|e|r|,102210fe594ee9b33d82058545b1ed14f4c8206e,PerceptualSpeedIndex,ebay-kleinanzeigen,True,ebay-kleinanzeigen PerceptualSpeedIndex opt warm webrender,,77,ms,geckoview,453960147.0,1870847711,2024-04-08 19:08:45,1405880,,,,,,,,,,,,,,,,,,,,,,,,,,,,,,,,,,,,,,,,,,,,,,,,,TN
1757,c19d16f89e851b3d8052fb11a8e8f0ae3f4cb9b7,0.012639989521252226,autoland,4366813,13,930eca14459531ff5483e56979276f480af08a6a,android-hw-a51-11-0-aarch64-shippable-qr,True,False,,|w|a|r|m| |w|e|b|r|e|n|d|e|r|,102210fe594ee9b33d82058545b1ed14f4c8206e,PerceptualSpeedIndex,ebay-kleinanzeigen,True,ebay-kleinanzeigen PerceptualSpeedIndex opt warm webrender,,77,ms,geckoview,453995102.0,1870983390,2024-04-08 23:24:57,1406026,,,,,,,,,,,,,,,,,,,,,,,,,,,,,,,,,,,,,,,,,,,,,,,,,TN
1758,643848d855ebb8ab8d9d7009ca7ce9d21d267b34,0.018337808631868513,autoland,4366813,13,930eca14459531ff5483e56979276f480af08a6a,android-hw-a51-11-0-aarch64-shippable-qr,True,False,,|w|a|r|m| |w|e|b|r|e|n|d|e|r|,102210fe594ee9b33d82058545b1ed14f4c8206e,PerceptualSpeedIndex,ebay-kleinanzeigen,True,ebay-kleinanzeigen PerceptualSpeedIndex opt warm webrender,,77,ms,geckoview,454020049.0,1871146567,2024-04-09 06:15:12,1406147,,,,,,,,,,,,,,,,,,,,,,,,,,,,,,,,,,,,,,,,,,,,,,,,,TN
1759,7cd4aaac69823ebb7b440d4e14d05275ba50a073,0.03274608684262237,autoland,4366813,13,930eca14459531ff5483e56979276f480af08a6a,android-hw-a51-11-0-aarch64-shippable-qr,True,False,,|w|a|r|m| |w|e|b|r|e|n|d|e|r|,102210fe594ee9b33d82058545b1ed14f4c8206e,PerceptualSpeedIndex,ebay-kleinanzeigen,True,ebay-kleinanzeigen PerceptualSpeedIndex opt warm webrender,,77,ms,geckoview,454045548.0,1871251830,2024-04-09 10:19:15,1406264,,,,,,,,,,,,,,,,,,,,,,,,,,,,,,,,,,,,,,,,,,,,,,,,,TN
1760,34fef7e7706b912024aa3ba8826647e5ddc0a0ab,0.012181544305455483,autoland,4366813,13,930eca14459531ff5483e56979276f480af08a6a,android-hw-a51-11-0-aarch64-shippable-qr,True,False,,|w|a|r|m| |w|e|b|r|e|n|d|e|r|,102210fe594ee9b33d82058545b1ed14f4c8206e,PerceptualSpeedIndex,ebay-kleinanzeigen,True,ebay-kleinanzeigen PerceptualSpeedIndex opt warm webrender,,77,ms,geckoview,454073334.0,1871374019,2024-04-09 14:26:21,1406452,,,,,,,,,,,,,,,,,,,,,,,,,,,,,,,,,,,,,,,,,,,,,,,,,TN
1761,c6228adca1a9c453ab8514c86ee26ee9a7903d27,0.013622372126530835,autoland,4366813,13,930eca14459531ff5483e56979276f480af08a6a,android-hw-a51-11-0-aarch64-shippable-qr,True,False,,|w|a|r|m| |w|e|b|r|e|n|d|e|r|,102210fe594ee9b33d82058545b1ed14f4c8206e,PerceptualSpeedIndex,ebay-kleinanzeigen,True,ebay-kleinanzeigen PerceptualSpeedIndex opt warm webrender,,77,ms,geckoview,454132583.0,1871640984,2024-04-10 00:18:40,1406841,,,,,,,,,,,,,,,,,,,,,,,,,,,,,,,,,,,,,,,,,,,,,,,,,TN
1762,cb449d228d38790ba76f64d551817f6a804c044e,0.029078525116248644,autoland,4366813,13,930eca14459531ff5483e56979276f480af08a6a,android-hw-a51-11-0-aarch64-shippable-qr,True,False,,|w|a|r|m| |w|e|b|r|e|n|d|e|r|,102210fe594ee9b33d82058545b1ed14f4c8206e,PerceptualSpeedIndex,ebay-kleinanzeigen,True,ebay-kleinanzeigen PerceptualSpeedIndex opt warm webrender,,77,ms,geckoview,454157669.0,1871811512,2024-04-10 09:31:15,1406973,,,,,,,,,,,,,,,,,,,,,,,,,,,,,,,,,,,,,,,,,,,,,,,,,TN
1763,53228f89fadff09aff9d51b46652c77d94059014,0.007924553015914548,autoland,4366813,13,930eca14459531ff5483e56979276f480af08a6a,android-hw-a51-11-0-aarch64-shippable-qr,True,False,,|w|a|r|m| |w|e|b|r|e|n|d|e|r|,102210fe594ee9b33d82058545b1ed14f4c8206e,PerceptualSpeedIndex,ebay-kleinanzeigen,True,ebay-kleinanzeigen PerceptualSpeedIndex opt warm webrender,,77,ms,geckoview,454190240.0,1871927721,2024-04-10 13:31:55,1407087,,,,,,,,,,,,,,,,,,,,,,,,,,,,,,,,,,,,,,,,,,,,,,,,,TN
1764,a30d53cfa601940935af0c765cccbdde2178bb67,0.010020302573842454,autoland,4366813,13,930eca14459531ff5483e56979276f480af08a6a,android-hw-a51-11-0-aarch64-shippable-qr,True,False,,|w|a|r|m| |w|e|b|r|e|n|d|e|r|,102210fe594ee9b33d82058545b1ed14f4c8206e,PerceptualSpeedIndex,ebay-kleinanzeigen,True,ebay-kleinanzeigen PerceptualSpeedIndex opt warm webrender,,77,ms,geckoview,454212071.0,1872058641,2024-04-10 17:21:37,1407259,,,,,,,,,,,,,,,,,,,,,,,,,,,,,,,,,,,,,,,,,,,,,,,,,TN
1765,bc425d90bbe9987cc754323772553d4be3e6de83,0.05186980155871368,autoland,4366813,13,930eca14459531ff5483e56979276f480af08a6a,android-hw-a51-11-0-aarch64-shippable-qr,True,False,,|w|a|r|m| |w|e|b|r|e|n|d|e|r|,102210fe594ee9b33d82058545b1ed14f4c8206e,PerceptualSpeedIndex,ebay-kleinanzeigen,True,ebay-kleinanzeigen PerceptualSpeedIndex opt warm webrender,,77,ms,geckoview,454238829.0,1872196544,2024-04-10 20:55:18,1407422,,,,,,,,,,,,,,,,,,,,,,,,,,,,,,,,,,,,,,,,,,,,,,,,,TN
1766,1ae79ee05e2fe6a64e1916d65c78979921af1e5e,0.006942170410635939,autoland,4366813,13,930eca14459531ff5483e56979276f480af08a6a,android-hw-a51-11-0-aarch64-shippable-qr,True,False,,|w|a|r|m| |w|e|b|r|e|n|d|e|r|,102210fe594ee9b33d82058545b1ed14f4c8206e,PerceptualSpeedIndex,ebay-kleinanzeigen,True,ebay-kleinanzeigen PerceptualSpeedIndex opt warm webrender,,77,ms,geckoview,454255417.0,1872284052,2024-04-11 01:15:30,1407545,,,,,,,,,,,,,,,,,,,,,,,,,,,,,,,,,,,,,,,,,,,,,,,,,TN
1767,7a8a0223fffe0f06dd2e7aad79bf1920cf1430c0,0.016242059073940718,autoland,4366813,13,930eca14459531ff5483e56979276f480af08a6a,android-hw-a51-11-0-aarch64-shippable-qr,True,False,,|w|a|r|m| |w|e|b|r|e|n|d|e|r|,102210fe594ee9b33d82058545b1ed14f4c8206e,PerceptualSpeedIndex,ebay-kleinanzeigen,True,ebay-kleinanzeigen PerceptualSpeedIndex opt warm webrender,,77,ms,geckoview,454277140.0,1872453475,2024-04-11 06:36:24,1407612,,,,,,,,,,,,,,,,,,,,,,,,,,,,,,,,,,,,,,,,,,,,,,,,,TN
1768,747c6705d00627b032063055173575d6e6043880,0.014080817342327578,autoland,4366813,13,930eca14459531ff5483e56979276f480af08a6a,android-hw-a51-11-0-aarch64-shippable-qr,True,False,,|w|a|r|m| |w|e|b|r|e|n|d|e|r|,102210fe594ee9b33d82058545b1ed14f4c8206e,PerceptualSpeedIndex,ebay-kleinanzeigen,True,ebay-kleinanzeigen PerceptualSpeedIndex opt warm webrender,,77,ms,geckoview,454307585.0,1872660388,2024-04-11 11:27:44,1407747,,,,,,,,,,,,,,,,,,,,,,,,,,,,,,,,,,,,,,,,,,,,,,,,,TN
1769,bbca818d6385ef61c987f967ebccfe9df63fc36b,0.031501735542602605,autoland,4366813,13,930eca14459531ff5483e56979276f480af08a6a,android-hw-a51-11-0-aarch64-shippable-qr,True,False,,|w|a|r|m| |w|e|b|r|e|n|d|e|r|,102210fe594ee9b33d82058545b1ed14f4c8206e,PerceptualSpeedIndex,ebay-kleinanzeigen,True,ebay-kleinanzeigen PerceptualSpeedIndex opt warm webrender,,77,ms,geckoview,454323866.0,1872773832,2024-04-11 15:41:30,1407834,,,,,,,,,,,,,,,,,,,,,,,,,,,,,,,,,,,,,,,,,,,,,,,,,TN
1770,036ac9a41b52b5af1836d103d3a7aefad37e2b87,0.019713144279258632,autoland,4366813,13,930eca14459531ff5483e56979276f480af08a6a,android-hw-a51-11-0-aarch64-shippable-qr,True,False,,|w|a|r|m| |w|e|b|r|e|n|d|e|r|,102210fe594ee9b33d82058545b1ed14f4c8206e,PerceptualSpeedIndex,ebay-kleinanzeigen,True,ebay-kleinanzeigen PerceptualSpeedIndex opt warm webrender,,77,ms,geckoview,454338878.0,1872867541,2024-04-11 18:08:24,1407970,,,,,,,,,,,,,,,,,,,,,,,,,,,,,,,,,,,,,,,,,,,,,,,,,TN
1771,90ef908ff18573cca9f4f0e5d676df56875c68b5,0.011395638221232574,autoland,4366813,13,930eca14459531ff5483e56979276f480af08a6a,android-hw-a51-11-0-aarch64-shippable-qr,True,False,,|w|a|r|m| |w|e|b|r|e|n|d|e|r|,102210fe594ee9b33d82058545b1ed14f4c8206e,PerceptualSpeedIndex,ebay-kleinanzeigen,True,ebay-kleinanzeigen PerceptualSpeedIndex opt warm webrender,,77,ms,geckoview,454371991.0,1872994843,2024-04-11 23:15:25,1408175,,,,,,,,,,,,,,,,,,,,,,,,,,,,,,,,,,,,,,,,,,,,,,,,,TN
1772,be4463b26a49bdb9c791eaf7d0b41ff9eb0294d3,0.015259676468661998,autoland,4366813,13,930eca14459531ff5483e56979276f480af08a6a,android-hw-a51-11-0-aarch64-shippable-qr,True,False,,|w|a|r|m| |w|e|b|r|e|n|d|e|r|,102210fe594ee9b33d82058545b1ed14f4c8206e,PerceptualSpeedIndex,ebay-kleinanzeigen,True,ebay-kleinanzeigen PerceptualSpeedIndex opt warm webrender,,77,ms,geckoview,454404637.0,1873202749,2024-04-12 14:13:45,1408318,,,,,,,,,,,,,,,,,,,,,,,,,,,,,,,,,,,,,,,,,,,,,,,,,TN
1773,5e5bc998487f4e6ee9fe6fe52ca5eb66cd37de03,0.003929530421114769,autoland,4366813,13,930eca14459531ff5483e56979276f480af08a6a,android-hw-a51-11-0-aarch64-shippable-qr,True,False,,|w|a|r|m| |w|e|b|r|e|n|d|e|r|,102210fe594ee9b33d82058545b1ed14f4c8206e,PerceptualSpeedIndex,ebay-kleinanzeigen,True,ebay-kleinanzeigen PerceptualSpeedIndex opt warm webrender,,77,ms,geckoview,454422895.0,1873300853,2024-04-12 20:21:58,1408379,,,,,,,,,,,,,,,,,,,,,,,,,,,,,,,,,,,,,,,,,,,,,,,,,TN
1774,39657b697a7ffcda0f07cae917b68f1e84f57d54,0.014801231252865255,autoland,4366813,13,930eca14459531ff5483e56979276f480af08a6a,android-hw-a51-11-0-aarch64-shippable-qr,True,False,,|w|a|r|m| |w|e|b|r|e|n|d|e|r|,102210fe594ee9b33d82058545b1ed14f4c8206e,PerceptualSpeedIndex,ebay-kleinanzeigen,True,ebay-kleinanzeigen PerceptualSpeedIndex opt warm webrender,,77,ms,geckoview,454440728.0,1873415097,2024-04-13 06:05:05,1408439,,,,,,,,,,,,,,,,,,,,,,,,,,,,,,,,,,,,,,,,,,,,,,,,,TN
1775,1dc823d4e96db6fe0450fcb588466eff7038b4cc,0.01270548169493746,autoland,4366813,13,930eca14459531ff5483e56979276f480af08a6a,android-hw-a51-11-0-aarch64-shippable-qr,True,False,,|w|a|r|m| |w|e|b|r|e|n|d|e|r|,102210fe594ee9b33d82058545b1ed14f4c8206e,PerceptualSpeedIndex,ebay-kleinanzeigen,True,ebay-kleinanzeigen PerceptualSpeedIndex opt warm webrender,,77,ms,geckoview,454464231.0,1873519005,2024-04-13 20:36:37,1408512,,,,,,,,,,,,,,,,,,,,,,,,,,,,,,,,,,,,,,,,,,,,,,,,,TN
1776,25a22c2f939167a119d912b3fe61312db879d576,0.008906935621193268,autoland,4366813,13,930eca14459531ff5483e56979276f480af08a6a,android-hw-a51-11-0-aarch64-shippable-qr,True,False,,|w|a|r|m| |w|e|b|r|e|n|d|e|r|,102210fe594ee9b33d82058545b1ed14f4c8206e,PerceptualSpeedIndex,ebay-kleinanzeigen,True,ebay-kleinanzeigen PerceptualSpeedIndex opt warm webrender,,77,ms,geckoview,454485169.0,1873673834,2024-04-14 12:41:18,1408562,,,,,,,,,,,,,,,,,,,,,,,,,,,,,,,,,,,,,,,,,,,,,,,,,TN
1777,8c457b0d7626241855c3c025a2531eb5f00b8cfc,0.021743401663501194,autoland,4366813,13,930eca14459531ff5483e56979276f480af08a6a,android-hw-a51-11-0-aarch64-shippable-qr,True,False,,|w|a|r|m| |w|e|b|r|e|n|d|e|r|,102210fe594ee9b33d82058545b1ed14f4c8206e,PerceptualSpeedIndex,ebay-kleinanzeigen,True,ebay-kleinanzeigen PerceptualSpeedIndex opt warm webrender,,77,ms,geckoview,454505537.0,1873816123,2024-04-15 00:20:26,1408605,,,,,,,,,,,,,,,,,,,,,,,,,,,,,,,,,,,,,,,,,,,,,,,,,TN
1778,4b17d2a2a7ae64b3c8d364d200a6b97cc636dffd,0.008579474752766991,autoland,4366813,13,930eca14459531ff5483e56979276f480af08a6a,android-hw-a51-11-0-aarch64-shippable-qr,True,False,,|w|a|r|m| |w|e|b|r|e|n|d|e|r|,102210fe594ee9b33d82058545b1ed14f4c8206e,PerceptualSpeedIndex,ebay-kleinanzeigen,True,ebay-kleinanzeigen PerceptualSpeedIndex opt warm webrender,,77,ms,geckoview,454511953.0,1873851075,2024-04-15 05:51:41,1408627,,,,,,,,,,,,,,,,,,,,,,,,,,,,,,,,,,,,,,,,,,,,,,,,,TN
1779,177f569e862519d4372977ba20b630f95e24ef1c,0.017617394721330837,autoland,4366813,13,930eca14459531ff5483e56979276f480af08a6a,android-hw-a51-11-0-aarch64-shippable-qr,True,False,,|w|a|r|m| |w|e|b|r|e|n|d|e|r|,102210fe594ee9b33d82058545b1ed14f4c8206e,PerceptualSpeedIndex,ebay-kleinanzeigen,True,ebay-kleinanzeigen PerceptualSpeedIndex opt warm webrender,,77,ms,geckoview,454537747.0,1874007226,2024-04-15 10:25:42,1408738,,,,,,,,,,,,,,,,,,,,,,,,,,,,,,,,,,,,,,,,,,,,,,,,,TN
1780,4897460458d13272e6016fd9e4c184c3c41cbd74,0.024887026000392942,autoland,4366813,13,930eca14459531ff5483e56979276f480af08a6a,android-hw-a51-11-0-aarch64-shippable-qr,True,False,,|w|a|r|m| |w|e|b|r|e|n|d|e|r|,102210fe594ee9b33d82058545b1ed14f4c8206e,PerceptualSpeedIndex,ebay-kleinanzeigen,True,ebay-kleinanzeigen PerceptualSpeedIndex opt warm webrender,,77,ms,geckoview,454576996.0,1874161350,2024-04-15 14:58:12,1408898,,,,,,,,,,,,,,,,,,,,,,,,,,,,,,,,,,,,,,,,,,,,,,,,,TN
1781,d49ecc17e4ae83fbccee8ffbe50a119039d1e408,0.016635012116052117,autoland,4366813,13,930eca14459531ff5483e56979276f480af08a6a,android-hw-a51-11-0-aarch64-shippable-qr,True,False,,|w|a|r|m| |w|e|b|r|e|n|d|e|r|,102210fe594ee9b33d82058545b1ed14f4c8206e,PerceptualSpeedIndex,ebay-kleinanzeigen,True,ebay-kleinanzeigen PerceptualSpeedIndex opt warm webrender,,77,ms,geckoview,454601424.0,1874336859,2024-04-15 18:18:39,1409057,,,,,,,,,,,,,,,,,,,,,,,,,,,,,,,,,,,,,,,,,,,,,,,,,TN
1782,8d488b7ac977a67ba128a580f6959fe058df2fe5,0.0029471478158360487,autoland,4366813,13,930eca14459531ff5483e56979276f480af08a6a,android-hw-a51-11-0-aarch64-shippable-qr,True,False,,|w|a|r|m| |w|e|b|r|e|n|d|e|r|,102210fe594ee9b33d82058545b1ed14f4c8206e,PerceptualSpeedIndex,ebay-kleinanzeigen,True,ebay-kleinanzeigen PerceptualSpeedIndex opt warm webrender,,77,ms,geckoview,454615096.0,1874365804,2024-04-15 20:13:44,1409141,,,,,,,,,,,,,,,,,,,,,,,,,,,,,,,,,,,,,,,,,,,,,,,,,TN
1783,547363a98ae60f0645c5cc21aeecffb7e0ddb047,0.026327853821468294,autoland,4366813,13,930eca14459531ff5483e56979276f480af08a6a,android-hw-a51-11-0-aarch64-shippable-qr,True,False,,|w|a|r|m| |w|e|b|r|e|n|d|e|r|,102210fe594ee9b33d82058545b1ed14f4c8206e,PerceptualSpeedIndex,ebay-kleinanzeigen,True,ebay-kleinanzeigen PerceptualSpeedIndex opt warm webrender,,77,ms,geckoview,454630986.0,1874443346,2024-04-15 21:50:25,1409212,,,,,,,,,,,,,,,,,,,,,,,,,,,,,,,,,,,,,,,,,,,,,,,,,TN
1784,5a31505f08c64efa6eb7a8ed02d5e9c0db448e37,0.007335123452747339,autoland,4366813,13,930eca14459531ff5483e56979276f480af08a6a,android-hw-a51-11-0-aarch64-shippable-qr,True,False,,|w|a|r|m| |w|e|b|r|e|n|d|e|r|,102210fe594ee9b33d82058545b1ed14f4c8206e,PerceptualSpeedIndex,ebay-kleinanzeigen,True,ebay-kleinanzeigen PerceptualSpeedIndex opt warm webrender,,77,ms,geckoview,454646419.0,1874480024,2024-04-16 00:41:18,1409277,,,,,,,,,,,,,,,,,,,,,,,,,,,,,,,,,,,,,,,,,,,,,,,,,TN
1785,69a1a1d802b357216fef131d6ad99816defddc1f,0.0198441286266291,autoland,4366813,13,930eca14459531ff5483e56979276f480af08a6a,android-hw-a51-11-0-aarch64-shippable-qr,True,False,,|w|a|r|m| |w|e|b|r|e|n|d|e|r|,102210fe594ee9b33d82058545b1ed14f4c8206e,PerceptualSpeedIndex,ebay-kleinanzeigen,True,ebay-kleinanzeigen PerceptualSpeedIndex opt warm webrender,,77,ms,geckoview,454670504.0,1874563517,2024-04-16 05:04:40,1409360,,,,,,,,,,,,,,,,,,,,,,,,,,,,,,,,,,,,,,,,,,,,,,,,,TN
1786,2949cb403e680d76f7bcb101117ceefeb480b064,0.019189206889776655,autoland,4366813,13,930eca14459531ff5483e56979276f480af08a6a,android-hw-a51-11-0-aarch64-shippable-qr,True,False,,|w|a|r|m| |w|e|b|r|e|n|d|e|r|,102210fe594ee9b33d82058545b1ed14f4c8206e,PerceptualSpeedIndex,ebay-kleinanzeigen,True,ebay-kleinanzeigen PerceptualSpeedIndex opt warm webrender,,77,ms,geckoview,454693658.0,1874635286,2024-04-16 09:18:49,1409480,,,,,,,,,,,,,,,,,,,,,,,,,,,,,,,,,,,,,,,,,,,,,,,,,TN
1787,11d1c89ad8b2dad0cee1caf733cd833e448945eb,0.013425895605475135,autoland,4366813,13,930eca14459531ff5483e56979276f480af08a6a,android-hw-a51-11-0-aarch64-shippable-qr,True,False,,|w|a|r|m| |w|e|b|r|e|n|d|e|r|,102210fe594ee9b33d82058545b1ed14f4c8206e,PerceptualSpeedIndex,ebay-kleinanzeigen,True,ebay-kleinanzeigen PerceptualSpeedIndex opt warm webrender,,77,ms,geckoview,454719011.0,1874763288,2024-04-16 13:28:04,1409649,,,,,,,,,,,,,,,,,,,,,,,,,,,,,,,,,,,,,,,,,,,,,,,,,TN
1788,12c7f0b00cd7ce4e2edde6ff37daf12e807388b1,0.01172309908965885,autoland,4366813,13,930eca14459531ff5483e56979276f480af08a6a,android-hw-a51-11-0-aarch64-shippable-qr,True,False,,|w|a|r|m| |w|e|b|r|e|n|d|e|r|,102210fe594ee9b33d82058545b1ed14f4c8206e,PerceptualSpeedIndex,ebay-kleinanzeigen,True,ebay-kleinanzeigen PerceptualSpeedIndex opt warm webrender,,77,ms,geckoview,454740136.0,1874911018,2024-04-16 17:33:30,1409875,,,,,,,,,,,,,,,,,,,,,,,,,,,,,,,,,,,,,,,,,,,,,,,,,TN
1789,852d3945e38d8d16c4cf17918e862882d7ef363c,0.02167790948981596,autoland,4366813,13,930eca14459531ff5483e56979276f480af08a6a,android-hw-a51-11-0-aarch64-shippable-qr,True,False,,|w|a|r|m| |w|e|b|r|e|n|d|e|r|,102210fe594ee9b33d82058545b1ed14f4c8206e,PerceptualSpeedIndex,ebay-kleinanzeigen,True,ebay-kleinanzeigen PerceptualSpeedIndex opt warm webrender,,77,ms,geckoview,454759159.0,1874979441,2024-04-16 20:13:25,1409984,,,,,,,,,,,,,,,,,,,,,,,,,,,,,,,,,,,,,,,,,,,,,,,,,TN
1790,3f5bf473ca3cf95233298d16ad833028500755e6,0.03418691466369772,autoland,4366813,13,930eca14459531ff5483e56979276f480af08a6a,android-hw-a51-11-0-aarch64-shippable-qr,True,False,,|w|a|r|m| |w|e|b|r|e|n|d|e|r|,102210fe594ee9b33d82058545b1ed14f4c8206e,PerceptualSpeedIndex,ebay-kleinanzeigen,True,ebay-kleinanzeigen PerceptualSpeedIndex opt warm webrender,,77,ms,geckoview,454776937.0,1875072245,2024-04-17 00:00:12,1410132,,,,,,,,,,,,,,,,,,,,,,,,,,,,,,,,,,,,,,,,,,,,,,,,,TN
1791,7900ea0538965c6aba695fd896a6e2833d781007,0.020957495579278285,autoland,4366813,13,930eca14459531ff5483e56979276f480af08a6a,android-hw-a51-11-0-aarch64-shippable-qr,True,False,,|w|a|r|m| |w|e|b|r|e|n|d|e|r|,102210fe594ee9b33d82058545b1ed14f4c8206e,PerceptualSpeedIndex,ebay-kleinanzeigen,True,ebay-kleinanzeigen PerceptualSpeedIndex opt warm webrender,,77,ms,geckoview,454794641.0,1875228718,2024-04-17 04:14:52,1410204,,,,,,,,,,,,,,,,,,,,,,,,,,,,,,,,,,,,,,,,,,,,,,,,,TN
1792,acabdf625d68e5d96c49e0eebb5c71f4286e5ffd,0.022725784268779914,autoland,4366813,13,930eca14459531ff5483e56979276f480af08a6a,android-hw-a51-11-0-aarch64-shippable-qr,True,False,,|w|a|r|m| |w|e|b|r|e|n|d|e|r|,102210fe594ee9b33d82058545b1ed14f4c8206e,PerceptualSpeedIndex,ebay-kleinanzeigen,True,ebay-kleinanzeigen PerceptualSpeedIndex opt warm webrender,,77,ms,geckoview,454823047.0,1875307744,2024-04-17 08:24:06,1410333,,,,,,,,,,,,,,,,,,,,,,,,,,,,,,,,,,,,,,,,,,,,,,,,,TN
1793,05ad651d0c97009f3d906febefe9888c127c2660,0.03235313380051086,autoland,4366813,13,930eca14459531ff5483e56979276f480af08a6a,android-hw-a51-11-0-aarch64-shippable-qr,True,False,,|w|a|r|m| |w|e|b|r|e|n|d|e|r|,102210fe594ee9b33d82058545b1ed14f4c8206e,PerceptualSpeedIndex,ebay-kleinanzeigen,True,ebay-kleinanzeigen PerceptualSpeedIndex opt warm webrender,,77,ms,geckoview,454873033.0,1875479308,2024-04-17 11:47:51,1410461,,,,,,,,,,,,,,,,,,,,,,,,,,,,,,,,,,,,,,,,,,,,,,,,,TN
1794,57f6925a520cf97f4af35e42db00435e817475dc,0.02082651123190782,autoland,4366813,13,930eca14459531ff5483e56979276f480af08a6a,android-hw-a51-11-0-aarch64-shippable-qr,True,False,,|w|a|r|m| |w|e|b|r|e|n|d|e|r|,102210fe594ee9b33d82058545b1ed14f4c8206e,PerceptualSpeedIndex,ebay-kleinanzeigen,True,ebay-kleinanzeigen PerceptualSpeedIndex opt warm webrender,,77,ms,geckoview,454876893.0,1875508363,2024-04-17 13:57:03,1410569,,,,,,,,,,,,,,,,,,,,,,,,,,,,,,,,,,,,,,,,,,,,,,,,,TN
1795,25500210a453fec07cc9d95612bbe778bae07f71,0.02639334599515364,autoland,4366813,13,930eca14459531ff5483e56979276f480af08a6a,android-hw-a51-11-0-aarch64-shippable-qr,True,False,,|w|a|r|m| |w|e|b|r|e|n|d|e|r|,102210fe594ee9b33d82058545b1ed14f4c8206e,PerceptualSpeedIndex,ebay-kleinanzeigen,True,ebay-kleinanzeigen PerceptualSpeedIndex opt warm webrender,,77,ms,geckoview,454898539.0,1875592135,2024-04-17 18:33:15,1410800,,,,,,,,,,,,,,,,,,,,,,,,,,,,,,,,,,,,,,,,,,,,,,,,,TN
1796,d35a7bf5f1fc33f0f83edc8fdcffd17131fd9b82,0.02501801034776341,autoland,4366813,13,930eca14459531ff5483e56979276f480af08a6a,android-hw-a51-11-0-aarch64-shippable-qr,True,False,,|w|a|r|m| |w|e|b|r|e|n|d|e|r|,102210fe594ee9b33d82058545b1ed14f4c8206e,PerceptualSpeedIndex,ebay-kleinanzeigen,True,ebay-kleinanzeigen PerceptualSpeedIndex opt warm webrender,,77,ms,geckoview,454912590.0,1875649352,2024-04-17 20:25:11,1410917,,,,,,,,,,,,,,,,,,,,,,,,,,,,,,,,,,,,,,,,,,,,,,,,,TN
1797,1bf7d54b4913d7994ed2ce4b07f0426fc70b4b7e,0.039033335516405754,autoland,4366813,13,930eca14459531ff5483e56979276f480af08a6a,android-hw-a51-11-0-aarch64-shippable-qr,True,False,,|w|a|r|m| |w|e|b|r|e|n|d|e|r|,102210fe594ee9b33d82058545b1ed14f4c8206e,PerceptualSpeedIndex,ebay-kleinanzeigen,True,ebay-kleinanzeigen PerceptualSpeedIndex opt warm webrender,,77,ms,geckoview,454938673.0,1875753016,2024-04-18 00:20:10,1411120,,,,,,,,,,,,,,,,,,,,,,,,,,,,,,,,,,,,,,,,,,,,,,,,,TN
1798,12adf93b9ad4085d4f0b493c368533bb040dce46,0.023708166874058523,autoland,4366813,13,930eca14459531ff5483e56979276f480af08a6a,android-hw-a51-11-0-aarch64-shippable-qr,True,False,,|w|a|r|m| |w|e|b|r|e|n|d|e|r|,102210fe594ee9b33d82058545b1ed14f4c8206e,PerceptualSpeedIndex,ebay-kleinanzeigen,True,ebay-kleinanzeigen PerceptualSpeedIndex opt warm webrender,,77,ms,geckoview,454954014.0,1875813511,2024-04-18 03:49:51,1411204,,,,,,,,,,,,,,,,,,,,,,,,,,,,,,,,,,,,,,,,,,,,,,,,,TN
1799,d4cde5148929d0d9587580bca2d37027d7424348,0.016831488637107817,autoland,4366813,13,930eca14459531ff5483e56979276f480af08a6a,android-hw-a51-11-0-aarch64-shippable-qr,True,False,,|w|a|r|m| |w|e|b|r|e|n|d|e|r|,102210fe594ee9b33d82058545b1ed14f4c8206e,PerceptualSpeedIndex,ebay-kleinanzeigen,True,ebay-kleinanzeigen PerceptualSpeedIndex opt warm webrender,,77,ms,geckoview,454973018.0,1875941095,2024-04-18 07:53:55,1411277,,,,,,,,,,,,,,,,,,,,,,,,,,,,,,,,,,,,,,,,,,,,,,,,,TN
1800,123e0c272c21270c6f9a5e2fca3bfbc72c7b5ef9,0.01093719300543583,autoland,4366813,13,930eca14459531ff5483e56979276f480af08a6a,android-hw-a51-11-0-aarch64-shippable-qr,True,False,,|w|a|r|m| |w|e|b|r|e|n|d|e|r|,102210fe594ee9b33d82058545b1ed14f4c8206e,PerceptualSpeedIndex,ebay-kleinanzeigen,True,ebay-kleinanzeigen PerceptualSpeedIndex opt warm webrender,,77,ms,geckoview,455005846.0,1876116980,2024-04-18 12:14:33,1411435,,,,,,,,,,,,,,,,,,,,,,,,,,,,,,,,,,,,,,,,,,,,,,,,,TN
1801,257d3013546c7ec40031343c459162a0b69fa6f2,0.017027965158163627,autoland,4366813,13,930eca14459531ff5483e56979276f480af08a6a,android-hw-a51-11-0-aarch64-shippable-qr,True,False,,|w|a|r|m| |w|e|b|r|e|n|d|e|r|,102210fe594ee9b33d82058545b1ed14f4c8206e,PerceptualSpeedIndex,ebay-kleinanzeigen,True,ebay-kleinanzeigen PerceptualSpeedIndex opt warm webrender,,77,ms,geckoview,455043414.0,1876262307,2024-04-18 15:42:46,1411573,,,,,,,,,,,,,,,,,,,,,,,,,,,,,,,,,,,,,,,,,,,,,,,,,TN
1802,0f5d446707971afc1fab01c0a28b208101241b8a,0.014670246905494788,autoland,4366813,13,930eca14459531ff5483e56979276f480af08a6a,android-hw-a51-11-0-aarch64-shippable-qr,True,False,,|w|a|r|m| |w|e|b|r|e|n|d|e|r|,102210fe594ee9b33d82058545b1ed14f4c8206e,PerceptualSpeedIndex,ebay-kleinanzeigen,True,ebay-kleinanzeigen PerceptualSpeedIndex opt warm webrender,,77,ms,geckoview,455061807.0,1876299151,2024-04-18 18:28:28,1411727,,,,,,,,,,,,,,,,,,,,,,,,,,,,,,,,,,,,,,,,,,,,,,,,,TN
1803,eed297665148d999a1c59d7d6e66f6973e0dd84c,0.02108847992664875,autoland,4366813,13,930eca14459531ff5483e56979276f480af08a6a,android-hw-a51-11-0-aarch64-shippable-qr,True,False,,|w|a|r|m| |w|e|b|r|e|n|d|e|r|,102210fe594ee9b33d82058545b1ed14f4c8206e,PerceptualSpeedIndex,ebay-kleinanzeigen,True,ebay-kleinanzeigen PerceptualSpeedIndex opt warm webrender,,77,ms,geckoview,455088373.0,1876526807,2024-04-18 21:15:15,1411845,,,,,,,,,,,,,,,,,,,,,,,,,,,,,,,,,,,,,,,,,,,,,,,,,TN
1804,3e097fca93b9af809ad16ed1d5f0bdd874f8f8e2,0.04394524854279913,autoland,4366813,13,930eca14459531ff5483e56979276f480af08a6a,android-hw-a51-11-0-aarch64-shippable-qr,True,False,,|w|a|r|m| |w|e|b|r|e|n|d|e|r|,102210fe594ee9b33d82058545b1ed14f4c8206e,PerceptualSpeedIndex,ebay-kleinanzeigen,True,ebay-kleinanzeigen PerceptualSpeedIndex opt warm webrender,,77,ms,geckoview,455109231.0,1876633786,2024-04-19 01:55:54,1411981,,,,,,,,,,,,,,,,,,,,,,,,,,,,,,,,,,,,,,,,,,,,,,,,,TN
1805,99364906cd1d11016d0fc2dc03a8b7fd11705aa4,0.035103805095291096,autoland,4366813,13,930eca14459531ff5483e56979276f480af08a6a,android-hw-a51-11-0-aarch64-shippable-qr,True,False,,|w|a|r|m| |w|e|b|r|e|n|d|e|r|,102210fe594ee9b33d82058545b1ed14f4c8206e,PerceptualSpeedIndex,ebay-kleinanzeigen,True,ebay-kleinanzeigen PerceptualSpeedIndex opt warm webrender,,77,ms,geckoview,455119587.0,1876803899,2024-04-19 06:08:52,1412057,,,,,,,,,,,,,,,,,,,,,,,,,,,,,,,,,,,,,,,,,,,,,,,,,TN
1806,465ebfc7da3d3a6de812574016249ab37ab8605c,0.034252406837382954,autoland,4366813,13,930eca14459531ff5483e56979276f480af08a6a,android-hw-a51-11-0-aarch64-shippable-qr,True,False,,|w|a|r|m| |w|e|b|r|e|n|d|e|r|,102210fe594ee9b33d82058545b1ed14f4c8206e,PerceptualSpeedIndex,ebay-kleinanzeigen,True,ebay-kleinanzeigen PerceptualSpeedIndex opt warm webrender,,77,ms,geckoview,455148075.0,1877037289,2024-04-19 10:27:22,1412150,,,,,,,,,,,,,,,,,,,,,,,,,,,,,,,,,,,,,,,,,,,,,,,,,TN
1807,4b196ac64ccbf1061ee2c2835e31fe8b071b9099,0.019320191237147233,autoland,4366813,13,930eca14459531ff5483e56979276f480af08a6a,android-hw-a51-11-0-aarch64-shippable-qr,True,False,,|w|a|r|m| |w|e|b|r|e|n|d|e|r|,102210fe594ee9b33d82058545b1ed14f4c8206e,PerceptualSpeedIndex,ebay-kleinanzeigen,True,ebay-kleinanzeigen PerceptualSpeedIndex opt warm webrender,,77,ms,geckoview,455184958.0,1877142536,2024-04-19 14:48:08,1412270,,,,,,,,,,,,,,,,,,,,,,,,,,,,,,,,,,,,,,,,,,,,,,,,,TN
1808,cf54488baa94dff90075eb1c2e96afc7353a4eee,0.02148143296876026,autoland,4366813,13,930eca14459531ff5483e56979276f480af08a6a,android-hw-a51-11-0-aarch64-shippable-qr,True,False,,|w|a|r|m| |w|e|b|r|e|n|d|e|r|,102210fe594ee9b33d82058545b1ed14f4c8206e,PerceptualSpeedIndex,ebay-kleinanzeigen,True,ebay-kleinanzeigen PerceptualSpeedIndex opt warm webrender,,77,ms,geckoview,455213151.0,1877282492,2024-04-19 18:48:31,1412477,,,,,,,,,,,,,,,,,,,,,,,,,,,,,,,,,,,,,,,,,,,,,,,,,TN
1809,fd56e5907d69d8a14032cc7ec308f013a266ee16,0.017027965158163627,autoland,4366813,13,930eca14459531ff5483e56979276f480af08a6a,android-hw-a51-11-0-aarch64-shippable-qr,True,False,,|w|a|r|m| |w|e|b|r|e|n|d|e|r|,102210fe594ee9b33d82058545b1ed14f4c8206e,PerceptualSpeedIndex,ebay-kleinanzeigen,True,ebay-kleinanzeigen PerceptualSpeedIndex opt warm webrender,,77,ms,geckoview,455242505.0,1877431448,2024-04-19 22:58:06,1412613,,,,,,,,,,,,,,,,,,,,,,,,,,,,,,,,,,,,,,,,,,,,,,,,,TN
1810,4797f0a19ccc6dca6f6aa6710f76967e23ba6276,0.015587137337088275,autoland,4366813,13,930eca14459531ff5483e56979276f480af08a6a,android-hw-a51-11-0-aarch64-shippable-qr,True,False,,|w|a|r|m| |w|e|b|r|e|n|d|e|r|,102210fe594ee9b33d82058545b1ed14f4c8206e,PerceptualSpeedIndex,ebay-kleinanzeigen,True,ebay-kleinanzeigen PerceptualSpeedIndex opt warm webrender,,77,ms,geckoview,455253807.0,1877517789,2024-04-20 05:31:24,1412701,,,,,,,,,,,,,,,,,,,,,,,,,,,,,,,,,,,,,,,,,,,,,,,,,TN
1811,f5d9ea237d971478f314e77299398079989b786c,0.020761019058222585,autoland,4366813,13,930eca14459531ff5483e56979276f480af08a6a,android-hw-a51-11-0-aarch64-shippable-qr,True,False,,|w|a|r|m| |w|e|b|r|e|n|d|e|r|,102210fe594ee9b33d82058545b1ed14f4c8206e,PerceptualSpeedIndex,ebay-kleinanzeigen,True,ebay-kleinanzeigen PerceptualSpeedIndex opt warm webrender,,77,ms,geckoview,455283818.0,1877634158,2024-04-20 15:42:35,1412749,,,,,,,,,,,,,,,,,,,,,,,,,,,,,,,,,,,,,,,,,,,,,,,,,TN
1812,65ceed609eb489d653eefc7e22fa34f869027a26,0.033859453795271444,autoland,4366813,13,930eca14459531ff5483e56979276f480af08a6a,android-hw-a51-11-0-aarch64-shippable-qr,True,False,,|w|a|r|m| |w|e|b|r|e|n|d|e|r|,102210fe594ee9b33d82058545b1ed14f4c8206e,PerceptualSpeedIndex,ebay-kleinanzeigen,True,ebay-kleinanzeigen PerceptualSpeedIndex opt warm webrender,,77,ms,geckoview,455289292.0,1877673224,2024-04-21 00:18:25,1412781,,,,,,,,,,,,,,,,,,,,,,,,,,,,,,,,,,,,,,,,,,,,,,,,,TN
1813,400d4e6908a3aef8f83ae4db204d62e3e028f704,0.0284236033793962,autoland,4366813,13,930eca14459531ff5483e56979276f480af08a6a,android-hw-a51-11-0-aarch64-shippable-qr,True,False,,|w|a|r|m| |w|e|b|r|e|n|d|e|r|,102210fe594ee9b33d82058545b1ed14f4c8206e,PerceptualSpeedIndex,ebay-kleinanzeigen,True,ebay-kleinanzeigen PerceptualSpeedIndex opt warm webrender,,77,ms,geckoview,455324684.0,1877856992,2024-04-21 21:40:30,1412843,,,,,,,,,,,,,,,,,,,,,,,,,,,,,,,,,,,,,,,,,,,,,,,,,TN
1814,d4a6129fdbbe32300d5069df6ce47dd92f665c96,0.02108847992664875,autoland,4366813,13,930eca14459531ff5483e56979276f480af08a6a,android-hw-a51-11-0-aarch64-shippable-qr,True,False,,|w|a|r|m| |w|e|b|r|e|n|d|e|r|,102210fe594ee9b33d82058545b1ed14f4c8206e,PerceptualSpeedIndex,ebay-kleinanzeigen,True,ebay-kleinanzeigen PerceptualSpeedIndex opt warm webrender,,77,ms,geckoview,455334496.0,1877959117,2024-04-22 04:00:04,1412913,,,,,,,,,,,,,,,,,,,,,,,,,,,,,,,,,,,,,,,,,,,,,,,,,TN
1815,5a83d047329402d960e6c402c6deb27927a436c9,0.01866526950029479,autoland,4366813,13,930eca14459531ff5483e56979276f480af08a6a,android-hw-a51-11-0-aarch64-shippable-qr,True,False,,|w|a|r|m| |w|e|b|r|e|n|d|e|r|,102210fe594ee9b33d82058545b1ed14f4c8206e,PerceptualSpeedIndex,ebay-kleinanzeigen,True,ebay-kleinanzeigen PerceptualSpeedIndex opt warm webrender,,77,ms,geckoview,455347240.0,1878037045,2024-04-22 08:07:09,1412944,,,,,,,,,,,,,,,,,,,,,,,,,,,,,,,,,,,,,,,,,,,,,,,,,TN
1816,1c34b0b26d5a556ee695c70bd744ca9f129f456e,0.026327853821468294,autoland,4366813,13,930eca14459531ff5483e56979276f480af08a6a,android-hw-a51-11-0-aarch64-shippable-qr,True,False,,|w|a|r|m| |w|e|b|r|e|n|d|e|r|,102210fe594ee9b33d82058545b1ed14f4c8206e,PerceptualSpeedIndex,ebay-kleinanzeigen,True,ebay-kleinanzeigen PerceptualSpeedIndex opt warm webrender,,77,ms,geckoview,455387597.0,1878190707,2024-04-22 12:07:57,1413048,,,,,,,,,,,,,,,,,,,,,,,,,,,,,,,,,,,,,,,,,,,,,,,,,TN
1817,ed724b89a2c25252a6eab99f0fa48f85f2523b66,0.02082651123190782,autoland,4366813,13,930eca14459531ff5483e56979276f480af08a6a,android-hw-a51-11-0-aarch64-shippable-qr,True,False,,|w|a|r|m| |w|e|b|r|e|n|d|e|r|,102210fe594ee9b33d82058545b1ed14f4c8206e,PerceptualSpeedIndex,ebay-kleinanzeigen,True,ebay-kleinanzeigen PerceptualSpeedIndex opt warm webrender,,77,ms,geckoview,455437139.0,1878370518,2024-04-22 19:20:17,1413379,,,,,,,,,,,,,,,,,,,,,,,,,,,,,,,,,,,,,,,,,,,,,,,,,TN
1818,294255d7250372c7cd6256cb6d1da23325d1f728,0.012247036479140716,autoland,4366813,13,930eca14459531ff5483e56979276f480af08a6a,android-hw-a51-11-0-aarch64-shippable-qr,True,False,,|w|a|r|m| |w|e|b|r|e|n|d|e|r|,102210fe594ee9b33d82058545b1ed14f4c8206e,PerceptualSpeedIndex,ebay-kleinanzeigen,True,ebay-kleinanzeigen PerceptualSpeedIndex opt warm webrender,,77,ms,geckoview,455470880.0,1878541841,2024-04-22 23:20:55,1413581,,,,,,,,,,,,,,,,,,,,,,,,,,,,,,,,,,,,,,,,,,,,,,,,,TN
1819,074d29b6e81d7fbf5ac7dea664ffea6a59b41b80,0.027310236426747014,autoland,4366813,13,930eca14459531ff5483e56979276f480af08a6a,android-hw-a51-11-0-aarch64-shippable-qr,True,False,,|w|a|r|m| |w|e|b|r|e|n|d|e|r|,102210fe594ee9b33d82058545b1ed14f4c8206e,PerceptualSpeedIndex,ebay-kleinanzeigen,True,ebay-kleinanzeigen PerceptualSpeedIndex opt warm webrender,,77,ms,geckoview,455486521.0,1878633047,2024-04-23 03:59:43,1413693,,,,,,,,,,,,,,,,,,,,,,,,,,,,,,,,,,,,,,,,,,,,,,,,,TN
1820,5519716422b3e14060894caded45bac7a3aeb773,0.022332831226668404,autoland,4366813,13,930eca14459531ff5483e56979276f480af08a6a,android-hw-a51-11-0-aarch64-shippable-qr,True,False,,|w|a|r|m| |w|e|b|r|e|n|d|e|r|,102210fe594ee9b33d82058545b1ed14f4c8206e,PerceptualSpeedIndex,ebay-kleinanzeigen,True,ebay-kleinanzeigen PerceptualSpeedIndex opt warm webrender,,77,ms,geckoview,455502161.0,1878761882,2024-04-23 08:01:00,1413770,,,,,,,,,,,,,,,,,,,,,,,,,,,,,,,,,,,,,,,,,,,,,,,,,TN
1821,d0b5d121d8fc8ffddbec3e026a455ecfe0071347,0.018337808631868513,autoland,4366813,13,930eca14459531ff5483e56979276f480af08a6a,android-hw-a51-11-0-aarch64-shippable-qr,True,False,,|w|a|r|m| |w|e|b|r|e|n|d|e|r|,102210fe594ee9b33d82058545b1ed14f4c8206e,PerceptualSpeedIndex,ebay-kleinanzeigen,True,ebay-kleinanzeigen PerceptualSpeedIndex opt warm webrender,,77,ms,geckoview,455537137.0,1878883671,2024-04-23 11:54:58,1413921,,,,,,,,,,,,,,,,,,,,,,,,,,,,,,,,,,,,,,,,,,,,,,,,,TN
1822,058dc2e8394c7361874508e49f2bbbfc3173f1a9,0.018403300805553746,autoland,4366813,13,930eca14459531ff5483e56979276f480af08a6a,android-hw-a51-11-0-aarch64-shippable-qr,True,False,,|w|a|r|m| |w|e|b|r|e|n|d|e|r|,102210fe594ee9b33d82058545b1ed14f4c8206e,PerceptualSpeedIndex,ebay-kleinanzeigen,True,ebay-kleinanzeigen PerceptualSpeedIndex opt warm webrender,,77,ms,geckoview,455561325.0,1879080410,2024-04-23 15:44:45,1414120,,,,,,,,,,,,,,,,,,,,,,,,,,,,,,,,,,,,,,,,,,,,,,,,,TN
1823,1c40eb01d534a1c361c5c6fe0b3fdc64aed2c883,0.01748641037396026,autoland,4366813,13,930eca14459531ff5483e56979276f480af08a6a,android-hw-a51-11-0-aarch64-shippable-qr,True,False,,|w|a|r|m| |w|e|b|r|e|n|d|e|r|,102210fe594ee9b33d82058545b1ed14f4c8206e,PerceptualSpeedIndex,ebay-kleinanzeigen,True,ebay-kleinanzeigen PerceptualSpeedIndex opt warm webrender,,77,ms,geckoview,455579807.0,1879179493,2024-04-23 18:21:27,1414216,,,,,,,,,,,,,,,,,,,,,,,,,,,,,,,,,,,,,,,,,,,,,,,,,TN
1824,b516592332299274cdbcfd113f1d8a97cc0ee8af,0.01925469906346189,autoland,4366813,13,930eca14459531ff5483e56979276f480af08a6a,android-hw-a51-11-0-aarch64-shippable-qr,True,False,,|w|a|r|m| |w|e|b|r|e|n|d|e|r|,102210fe594ee9b33d82058545b1ed14f4c8206e,PerceptualSpeedIndex,ebay-kleinanzeigen,True,ebay-kleinanzeigen PerceptualSpeedIndex opt warm webrender,,77,ms,geckoview,455611801.0,1879330193,2024-04-23 22:59:53,1414419,,,,,,,,,,,,,,,,,,,,,,,,,,,,,,,,,,,,,,,,,,,,,,,,,TN
1825,3de3f9428f138bf269718fceb36c5112a195ca37,0.01748641037396026,autoland,4366813,13,930eca14459531ff5483e56979276f480af08a6a,android-hw-a51-11-0-aarch64-shippable-qr,True,False,,|w|a|r|m| |w|e|b|r|e|n|d|e|r|,102210fe594ee9b33d82058545b1ed14f4c8206e,PerceptualSpeedIndex,ebay-kleinanzeigen,True,ebay-kleinanzeigen PerceptualSpeedIndex opt warm webrender,,77,ms,geckoview,455630942.0,1879468753,2024-04-24 03:55:37,1414529,,,,,,,,,,,,,,,,,,,,,,,,,,,,,,,,,,,,,,,,,,,,,,,,,TN
1826,fd7d96cffddb9a76a1ecc148c3b284e8003fe6b9,0.023184229484576657,autoland,4366813,13,930eca14459531ff5483e56979276f480af08a6a,android-hw-a51-11-0-aarch64-shippable-qr,True,False,,|w|a|r|m| |w|e|b|r|e|n|d|e|r|,102210fe594ee9b33d82058545b1ed14f4c8206e,PerceptualSpeedIndex,ebay-kleinanzeigen,True,ebay-kleinanzeigen PerceptualSpeedIndex opt warm webrender,,77,ms,geckoview,455649703.0,1879595953,2024-04-24 07:56:15,1414632,,,,,,,,,,,,,,,,,,,,,,,,,,,,,,,,,,,,,,,,,,,,,,,,,TN
1827,87963547052db96296ae50e55c8266cbfc3bd922,0.014604754731809555,autoland,4366813,13,930eca14459531ff5483e56979276f480af08a6a,android-hw-a51-11-0-aarch64-shippable-qr,True,False,,|w|a|r|m| |w|e|b|r|e|n|d|e|r|,102210fe594ee9b33d82058545b1ed14f4c8206e,PerceptualSpeedIndex,ebay-kleinanzeigen,True,ebay-kleinanzeigen PerceptualSpeedIndex opt warm webrender,,77,ms,geckoview,455698575.0,1879836958,2024-04-24 12:15:38,1414844,,,,,,,,,,,,,,,,,,,,,,,,,,,,,,,,,,,,,,,,,,,,,,,,,TN
1828,ec5140ea1b1384a44d1ce6e0271fc97472399e96,0.012181544305455483,autoland,4366813,13,930eca14459531ff5483e56979276f480af08a6a,android-hw-a51-11-0-aarch64-shippable-qr,True,False,,|w|a|r|m| |w|e|b|r|e|n|d|e|r|,102210fe594ee9b33d82058545b1ed14f4c8206e,PerceptualSpeedIndex,ebay-kleinanzeigen,True,ebay-kleinanzeigen PerceptualSpeedIndex opt warm webrender,,77,ms,geckoview,455754897.0,157523,2024-04-25 00:20:54,1415370,,,,,,,,,,,,,,,,,,,,,,,,,,,,,,,,,,,,,,,,,,,,,,,,,TN
1829,cffa531d3b2e833bda2b3f035d37edb92f838428,0.02324972165826189,autoland,4366813,13,930eca14459531ff5483e56979276f480af08a6a,android-hw-a51-11-0-aarch64-shippable-qr,True,False,,|w|a|r|m| |w|e|b|r|e|n|d|e|r|,102210fe594ee9b33d82058545b1ed14f4c8206e,PerceptualSpeedIndex,ebay-kleinanzeigen,True,ebay-kleinanzeigen PerceptualSpeedIndex opt warm webrender,,77,ms,geckoview,455777846.0,237947,2024-04-25 02:34:18,1415633,,,,,,,,,,,,,,,,,,,,,,,,,,,,,,,,,,,,,,,,,,,,,,,,,TN
1830,792c9892791495e8f13e77e5a78bfda83ab7a455,0.016635012116052117,autoland,4366813,13,930eca14459531ff5483e56979276f480af08a6a,android-hw-a51-11-0-aarch64-shippable-qr,True,False,,|w|a|r|m| |w|e|b|r|e|n|d|e|r|,102210fe594ee9b33d82058545b1ed14f4c8206e,PerceptualSpeedIndex,ebay-kleinanzeigen,True,ebay-kleinanzeigen PerceptualSpeedIndex opt warm webrender,,77,ms,geckoview,455789418.0,403264,2024-04-25 05:01:58,1415718,,,,,,,,,,,,,,,,,,,,,,,,,,,,,,,,,,,,,,,,,,,,,,,,,TN
1831,5b0d6bb6f3780aaf074d79548381fd6e7a565b85,0.014539262558124322,autoland,4366813,13,930eca14459531ff5483e56979276f480af08a6a,android-hw-a51-11-0-aarch64-shippable-qr,True,False,,|w|a|r|m| |w|e|b|r|e|n|d|e|r|,102210fe594ee9b33d82058545b1ed14f4c8206e,PerceptualSpeedIndex,ebay-kleinanzeigen,True,ebay-kleinanzeigen PerceptualSpeedIndex opt warm webrender,,77,ms,geckoview,455808523.0,492100,2024-04-25 09:09:49,1415822,,,,,,,,,,,,,,,,,,,,,,,,,,,,,,,,,,,,,,,,,,,,,,,,,TN
1832,88f7b12683ce863c6ca742ac14e176ee045383bd,0.014473770384439089,autoland,4366813,13,930eca14459531ff5483e56979276f480af08a6a,android-hw-a51-11-0-aarch64-shippable-qr,True,False,,|w|a|r|m| |w|e|b|r|e|n|d|e|r|,102210fe594ee9b33d82058545b1ed14f4c8206e,PerceptualSpeedIndex,ebay-kleinanzeigen,True,ebay-kleinanzeigen PerceptualSpeedIndex opt warm webrender,,77,ms,geckoview,455855229.0,667572,2024-04-25 13:10:04,1416008,,,,,,,,,,,,,,,,,,,,,,,,,,,,,,,,,,,,,,,,,,,,,,,,,TN
1833,6611338ffbdafbbc5b82211b1c255353bdb30763,0.029667954679415853,autoland,4366813,13,930eca14459531ff5483e56979276f480af08a6a,android-hw-a51-11-0-aarch64-shippable-qr,True,False,,|w|a|r|m| |w|e|b|r|e|n|d|e|r|,102210fe594ee9b33d82058545b1ed14f4c8206e,PerceptualSpeedIndex,ebay-kleinanzeigen,True,ebay-kleinanzeigen PerceptualSpeedIndex opt warm webrender,,77,ms,geckoview,455878654.0,768067,2024-04-25 16:29:00,1416183,,,,,,,,,,,,,,,,,,,,,,,,,,,,,,,,,,,,,,,,,,,,,,,,,TN
1834,6a497992821d53c3704819a4f43c6a7d3234c5a2,0.014604754731809555,autoland,4366813,13,930eca14459531ff5483e56979276f480af08a6a,android-hw-a51-11-0-aarch64-shippable-qr,True,False,,|w|a|r|m| |w|e|b|r|e|n|d|e|r|,102210fe594ee9b33d82058545b1ed14f4c8206e,PerceptualSpeedIndex,ebay-kleinanzeigen,True,ebay-kleinanzeigen PerceptualSpeedIndex opt warm webrender,,77,ms,geckoview,455921485.0,933741,2024-04-25 21:12:20,1416361,,,,,,,,,,,,,,,,,,,,,,,,,,,,,,,,,,,,,,,,,,,,,,,,,TN
1835,b89431ee0f24bcb481d894ad21288e4f09e1960d,0.01886174602135049,autoland,4366813,13,930eca14459531ff5483e56979276f480af08a6a,android-hw-a51-11-0-aarch64-shippable-qr,True,False,,|w|a|r|m| |w|e|b|r|e|n|d|e|r|,102210fe594ee9b33d82058545b1ed14f4c8206e,PerceptualSpeedIndex,ebay-kleinanzeigen,True,ebay-kleinanzeigen PerceptualSpeedIndex opt warm webrender,,77,ms,geckoview,455943985.0,1031798,2024-04-26 01:33:24,1416487,,,,,,,,,,,,,,,,,,,,,,,,,,,,,,,,,,,,,,,,,,,,,,,,,TN
1836,ed2448d27fe2e034cd5804dc7310c3f72ac2eaa5,0.016373043421311184,autoland,4366813,13,930eca14459531ff5483e56979276f480af08a6a,android-hw-a51-11-0-aarch64-shippable-qr,True,False,,|w|a|r|m| |w|e|b|r|e|n|d|e|r|,102210fe594ee9b33d82058545b1ed14f4c8206e,PerceptualSpeedIndex,ebay-kleinanzeigen,True,ebay-kleinanzeigen PerceptualSpeedIndex opt warm webrender,,77,ms,geckoview,455955955.0,1123569,2024-04-26 05:34:38,1416537,,,,,,,,,,,,,,,,,,,,,,,,,,,,,,,,,,,,,,,,,,,,,,,,,TN
1837,c8be3827903b85cfb4313957b4f308f696d3b0fe,0.015849106031829208,autoland,4366813,13,930eca14459531ff5483e56979276f480af08a6a,android-hw-a51-11-0-aarch64-shippable-qr,True,False,,|w|a|r|m| |w|e|b|r|e|n|d|e|r|,102210fe594ee9b33d82058545b1ed14f4c8206e,PerceptualSpeedIndex,ebay-kleinanzeigen,True,ebay-kleinanzeigen PerceptualSpeedIndex opt warm webrender,,77,ms,geckoview,455978977.0,1238517,2024-04-26 09:39:43,1416671,,,,,,,,,,,,,,,,,,,,,,,,,,,,,,,,,,,,,,,,,,,,,,,,,TN
1838,462f013c08cacd7abfae1f2d1bf26354372a829f,0.026327853821468294,autoland,4366813,13,930eca14459531ff5483e56979276f480af08a6a,android-hw-a51-11-0-aarch64-shippable-qr,True,False,,|w|a|r|m| |w|e|b|r|e|n|d|e|r|,102210fe594ee9b33d82058545b1ed14f4c8206e,PerceptualSpeedIndex,ebay-kleinanzeigen,True,ebay-kleinanzeigen PerceptualSpeedIndex opt warm webrender,,77,ms,geckoview,456023795.0,1400905,2024-04-26 13:51:38,1416831,,,,,,,,,,,,,,,,,,,,,,,,,,,,,,,,,,,,,,,,,,,,,,,,,TN
1839,ed101e266315213d1ad0a423c49bade6ff5df172,0.03615167987425505,autoland,4366813,13,930eca14459531ff5483e56979276f480af08a6a,android-hw-a51-11-0-aarch64-shippable-qr,True,False,,|w|a|r|m| |w|e|b|r|e|n|d|e|r|,102210fe594ee9b33d82058545b1ed14f4c8206e,PerceptualSpeedIndex,ebay-kleinanzeigen,True,ebay-kleinanzeigen PerceptualSpeedIndex opt warm webrender,,77,ms,geckoview,456056274.0,1563820,2024-04-26 17:53:01,1417003,,,,,,,,,,,,,,,,,,,,,,,,,,,,,,,,,,,,,,,,,,,,,,,,,TN
1840,7b85c82d731ddab976c6abe7e54685cacaebba41,0.023380706005632357,autoland,4366813,13,930eca14459531ff5483e56979276f480af08a6a,android-hw-a51-11-0-aarch64-shippable-qr,True,False,,|w|a|r|m| |w|e|b|r|e|n|d|e|r|,102210fe594ee9b33d82058545b1ed14f4c8206e,PerceptualSpeedIndex,ebay-kleinanzeigen,True,ebay-kleinanzeigen PerceptualSpeedIndex opt warm webrender,,77,ms,geckoview,456079772.0,1661736,2024-04-26 22:54:36,1417188,,,,,,,,,,,,,,,,,,,,,,,,,,,,,,,,,,,,,,,,,,,,,,,,,TN
1841,45defed78aafc90410c68310027bf771bcfc5968,0.02462505730565201,autoland,4366813,13,930eca14459531ff5483e56979276f480af08a6a,android-hw-a51-11-0-aarch64-shippable-qr,True,False,,|w|a|r|m| |w|e|b|r|e|n|d|e|r|,102210fe594ee9b33d82058545b1ed14f4c8206e,PerceptualSpeedIndex,ebay-kleinanzeigen,True,ebay-kleinanzeigen PerceptualSpeedIndex opt warm webrender,,77,ms,geckoview,456093844.0,1758257,2024-04-27 03:46:15,1417229,,,,,,,,,,,,,,,,,,,,,,,,,,,,,,,,,,,,,,,,,,,,,,,,,TN
1842,b694b588a2936a5c99a0ecf2d9d8fb6382a2bff4,0.024297596437225732,autoland,4366813,13,930eca14459531ff5483e56979276f480af08a6a,android-hw-a51-11-0-aarch64-shippable-qr,True,False,,|w|a|r|m| |w|e|b|r|e|n|d|e|r|,102210fe594ee9b33d82058545b1ed14f4c8206e,PerceptualSpeedIndex,ebay-kleinanzeigen,True,ebay-kleinanzeigen PerceptualSpeedIndex opt warm webrender,,77,ms,geckoview,456114331.0,1866749,2024-04-27 10:47:32,1417256,,,,,,,,,,,,,,,,,,,,,,,,,,,,,,,,,,,,,,,,,,,,,,,,,TN
1843,69bb72420e433fa8d66fff354e5ce90402289ac1,0.010871700831750597,autoland,4366813,13,930eca14459531ff5483e56979276f480af08a6a,android-hw-a51-11-0-aarch64-shippable-qr,True,False,,|w|a|r|m| |w|e|b|r|e|n|d|e|r|,102210fe594ee9b33d82058545b1ed14f4c8206e,PerceptualSpeedIndex,ebay-kleinanzeigen,True,ebay-kleinanzeigen PerceptualSpeedIndex opt warm webrender,,77,ms,geckoview,456136651.0,1953918,2024-04-27 18:43:51,1417294,,,,,,,,,,,,,,,,,,,,,,,,,,,,,,,,,,,,,,,,,,,,,,,,,TN
1844,8256dde0533523666a60914881f81717e1705f8a,0.01807583993712747,autoland,4366813,13,930eca14459531ff5483e56979276f480af08a6a,android-hw-a51-11-0-aarch64-shippable-qr,True,False,,|w|a|r|m| |w|e|b|r|e|n|d|e|r|,102210fe594ee9b33d82058545b1ed14f4c8206e,PerceptualSpeedIndex,ebay-kleinanzeigen,True,ebay-kleinanzeigen PerceptualSpeedIndex opt warm webrender,,77,ms,geckoview,456149300.0,2020262,2024-04-27 22:45:22,1417317,,,,,,,,,,,,,,,,,,,,,,,,,,,,,,,,,,,,,,,,,,,,,,,,,TN
1845,d1651fe33156a2aab5884ab1eaaaa8c5dd64631d,0.02704826773200608,autoland,4366813,13,930eca14459531ff5483e56979276f480af08a6a,android-hw-a51-11-0-aarch64-shippable-qr,True,False,,|w|a|r|m| |w|e|b|r|e|n|d|e|r|,102210fe594ee9b33d82058545b1ed14f4c8206e,PerceptualSpeedIndex,ebay-kleinanzeigen,True,ebay-kleinanzeigen PerceptualSpeedIndex opt warm webrender,,77,ms,geckoview,456156832.0,2051813,2024-04-28 03:23:06,1417329,,,,,,,,,,,,,,,,,,,,,,,,,,,,,,,,,,,,,,,,,,,,,,,,,TN
1846,e479324bc8bb9135d7a48ad8ebc677725f27de37,0.03137075119523225,autoland,4366813,13,930eca14459531ff5483e56979276f480af08a6a,android-hw-a51-11-0-aarch64-shippable-qr,True,False,,|w|a|r|m| |w|e|b|r|e|n|d|e|r|,102210fe594ee9b33d82058545b1ed14f4c8206e,PerceptualSpeedIndex,ebay-kleinanzeigen,True,ebay-kleinanzeigen PerceptualSpeedIndex opt warm webrender,,77,ms,geckoview,456178478.0,2160148,2024-04-28 10:04:44,1417378,,,,,,,,,,,,,,,,,,,,,,,,,,,,,,,,,,,,,,,,,,,,,,,,,TN
1847,f157e5d64220507743654737cdd9b5e74f4f3ed5,0.017355426026589904,autoland,4366813,13,930eca14459531ff5483e56979276f480af08a6a,android-hw-a51-11-0-aarch64-shippable-qr,True,False,,|w|a|r|m| |w|e|b|r|e|n|d|e|r|,102210fe594ee9b33d82058545b1ed14f4c8206e,PerceptualSpeedIndex,ebay-kleinanzeigen,True,ebay-kleinanzeigen PerceptualSpeedIndex opt warm webrender,,77,ms,geckoview,456186375.0,2191691,2024-04-28 14:13:44,1417383,,,,,,,,,,,,,,,,,,,,,,,,,,,,,,,,,,,,,,,,,,,,,,,,,TN
1848,717a883474bedbbf5f420ffd52c76d3f6d4b910d,0.016569519942366884,autoland,4366813,13,930eca14459531ff5483e56979276f480af08a6a,android-hw-a51-11-0-aarch64-shippable-qr,True,False,,|w|a|r|m| |w|e|b|r|e|n|d|e|r|,102210fe594ee9b33d82058545b1ed14f4c8206e,PerceptualSpeedIndex,ebay-kleinanzeigen,True,ebay-kleinanzeigen PerceptualSpeedIndex opt warm webrender,,77,ms,geckoview,456191917.0,2223278,2024-04-28 19:02:33,1417402,,,,,,,,,,,,,,,,,,,,,,,,,,,,,,,,,,,,,,,,,,,,,,,,,TN
1849,0481d43263e16ab0b359e3c85888197704857817,0.02285676861615038,autoland,4366813,13,930eca14459531ff5483e56979276f480af08a6a,android-hw-a51-11-0-aarch64-shippable-qr,True,False,,|w|a|r|m| |w|e|b|r|e|n|d|e|r|,102210fe594ee9b33d82058545b1ed14f4c8206e,PerceptualSpeedIndex,ebay-kleinanzeigen,True,ebay-kleinanzeigen PerceptualSpeedIndex opt warm webrender,,77,ms,geckoview,456208133.0,2292947,2024-04-29 00:22:43,1417434,,,,,,,,,,,,,,,,,,,,,,,,,,,,,,,,,,,,,,,,,,,,,,,,,TN
1850,6b17c605c084e2db078b234e703a176d3b427fe1,0.03038836858995353,autoland,4366813,13,930eca14459531ff5483e56979276f480af08a6a,android-hw-a51-11-0-aarch64-shippable-qr,True,False,,|w|a|r|m| |w|e|b|r|e|n|d|e|r|,102210fe594ee9b33d82058545b1ed14f4c8206e,PerceptualSpeedIndex,ebay-kleinanzeigen,True,ebay-kleinanzeigen PerceptualSpeedIndex opt warm webrender,,77,ms,geckoview,456216178.0,2357639,2024-04-29 06:17:09,1417456,,,,,,,,,,,,,,,,,,,,,,,,,,,,,,,,,,,,,,,,,,,,,,,,,TN
1851,04a668ef9c909b54153526f6b4e28b4287e80664,0.027572205121487947,autoland,4366813,13,930eca14459531ff5483e56979276f480af08a6a,android-hw-a51-11-0-aarch64-shippable-qr,True,False,,|w|a|r|m| |w|e|b|r|e|n|d|e|r|,102210fe594ee9b33d82058545b1ed14f4c8206e,PerceptualSpeedIndex,ebay-kleinanzeigen,True,ebay-kleinanzeigen PerceptualSpeedIndex opt warm webrender,,77,ms,geckoview,456244010.0,2604066,2024-04-29 10:38:34,1417565,,,,,,,,,,,,,,,,,,,,,,,,,,,,,,,,,,,,,,,,,,,,,,,,,TN
1852,650dda9187436a12c66c2e81441e68e1d481e164,0.02639334599515364,autoland,4366813,13,930eca14459531ff5483e56979276f480af08a6a,android-hw-a51-11-0-aarch64-shippable-qr,True,False,,|w|a|r|m| |w|e|b|r|e|n|d|e|r|,102210fe594ee9b33d82058545b1ed14f4c8206e,PerceptualSpeedIndex,ebay-kleinanzeigen,True,ebay-kleinanzeigen PerceptualSpeedIndex opt warm webrender,,77,ms,geckoview,456295632.0,2761767,2024-04-29 14:46:23,1417768,,,,,,,,,,,,,,,,,,,,,,,,,,,,,,,,,,,,,,,,,,,,,,,,,TN
1853,fb9d21d9a3f911f1748f03b323b8358292a5588c,0.01846879297923898,autoland,4366813,13,930eca14459531ff5483e56979276f480af08a6a,android-hw-a51-11-0-aarch64-shippable-qr,True,False,,|w|a|r|m| |w|e|b|r|e|n|d|e|r|,102210fe594ee9b33d82058545b1ed14f4c8206e,PerceptualSpeedIndex,ebay-kleinanzeigen,True,ebay-kleinanzeigen PerceptualSpeedIndex opt warm webrender,,77,ms,geckoview,456318601.0,2892581,2024-04-29 17:19:25,1417921,,,,,,,,,,,,,,,,,,,,,,,,,,,,,,,,,,,,,,,,,,,,,,,,,TN
1854,e9cdeeb2f957d210479897325c1d72ded8f512a4,0.02246381557403887,autoland,4366813,13,930eca14459531ff5483e56979276f480af08a6a,android-hw-a51-11-0-aarch64-shippable-qr,True,False,,|w|a|r|m| |w|e|b|r|e|n|d|e|r|,102210fe594ee9b33d82058545b1ed14f4c8206e,PerceptualSpeedIndex,ebay-kleinanzeigen,True,ebay-kleinanzeigen PerceptualSpeedIndex opt warm webrender,,77,ms,geckoview,456336211.0,2968705,2024-04-29 19:52:22,1418020,,,,,,,,,,,,,,,,,,,,,,,,,,,,,,,,,,,,,,,,,,,,,,,,,TN
1855,660a39c9cdc7fc3c728c5da5ccaa8856854fa346,0.020171589495055375,autoland,4366813,13,930eca14459531ff5483e56979276f480af08a6a,android-hw-a51-11-0-aarch64-shippable-qr,True,False,,|w|a|r|m| |w|e|b|r|e|n|d|e|r|,102210fe594ee9b33d82058545b1ed14f4c8206e,PerceptualSpeedIndex,ebay-kleinanzeigen,True,ebay-kleinanzeigen PerceptualSpeedIndex opt warm webrender,,77,ms,geckoview,456368317.0,3087356,2024-04-30 00:02:50,1418169,,,,,,,,,,,,,,,,,,,,,,,,,,,,,,,,,,,,,,,,,,,,,,,,,TN
1856,0c6cd807867dbaf592b3c7db4eef81220fe03acf,0.028685572074137133,autoland,4366813,13,930eca14459531ff5483e56979276f480af08a6a,android-hw-a51-11-0-aarch64-shippable-qr,True,False,,|w|a|r|m| |w|e|b|r|e|n|d|e|r|,102210fe594ee9b33d82058545b1ed14f4c8206e,PerceptualSpeedIndex,ebay-kleinanzeigen,True,ebay-kleinanzeigen PerceptualSpeedIndex opt warm webrender,,77,ms,geckoview,456381557.0,3170049,2024-04-30 05:00:53,1418256,,,,,,,,,,,,,,,,,,,,,,,,,,,,,,,,,,,,,,,,,,,,,,,,,TN
1857,5502377f2629549b2b7c5368c980d0487ed281d4,0.019582159931888166,autoland,4366813,13,930eca14459531ff5483e56979276f480af08a6a,android-hw-a51-11-0-aarch64-shippable-qr,True,False,,|w|a|r|m| |w|e|b|r|e|n|d|e|r|,102210fe594ee9b33d82058545b1ed14f4c8206e,PerceptualSpeedIndex,ebay-kleinanzeigen,True,ebay-kleinanzeigen PerceptualSpeedIndex opt warm webrender,,77,ms,geckoview,456396153.0,3243553,2024-04-30 09:02:30,1418348,,,,,,,,,,,,,,,,,,,,,,,,,,,,,,,,,,,,,,,,,,,,,,,,,TN
1858,df31c6244c03bc65932fec706fefedf091587459,0.027179252079376548,autoland,4366813,13,930eca14459531ff5483e56979276f480af08a6a,android-hw-a51-11-0-aarch64-shippable-qr,True,False,,|w|a|r|m| |w|e|b|r|e|n|d|e|r|,102210fe594ee9b33d82058545b1ed14f4c8206e,PerceptualSpeedIndex,ebay-kleinanzeigen,True,ebay-kleinanzeigen PerceptualSpeedIndex opt warm webrender,,77,ms,geckoview,456441308.0,3407828,2024-04-30 13:09:55,1418487,,,,,,,,,,,,,,,,,,,,,,,,,,,,,,,,,,,,,,,,,,,,,,,,,TN
1859,8f7500d7e530d9db7e5101922db97ea633705f4e,0.031501735542602605,autoland,4366813,13,930eca14459531ff5483e56979276f480af08a6a,android-hw-a51-11-0-aarch64-shippable-qr,True,False,,|w|a|r|m| |w|e|b|r|e|n|d|e|r|,102210fe594ee9b33d82058545b1ed14f4c8206e,PerceptualSpeedIndex,ebay-kleinanzeigen,True,ebay-kleinanzeigen PerceptualSpeedIndex opt warm webrender,,77,ms,geckoview,456462064.0,3541908,2024-04-30 16:26:23,1418685,,,,,,,,,,,,,,,,,,,,,,,,,,,,,,,,,,,,,,,,,,,,,,,,,TN
1860,ec8f015d7e7237118cd2c9633310bf3b43bc902b,0.03038836858995353,autoland,4366813,13,930eca14459531ff5483e56979276f480af08a6a,android-hw-a51-11-0-aarch64-shippable-qr,True,False,,|w|a|r|m| |w|e|b|r|e|n|d|e|r|,102210fe594ee9b33d82058545b1ed14f4c8206e,PerceptualSpeedIndex,ebay-kleinanzeigen,True,ebay-kleinanzeigen PerceptualSpeedIndex opt warm webrender,,77,ms,geckoview,456482076.0,3622341,2024-04-30 19:24:53,1418797,,,,,,,,,,,,,,,,,,,,,,,,,,,,,,,,,,,,,,,,,,,,,,,,,TN
1861,cd22a3f9463d7df724c7e17c83b6f9d8fe0dd54e,0.023511690353002823,autoland,4366813,13,930eca14459531ff5483e56979276f480af08a6a,android-hw-a51-11-0-aarch64-shippable-qr,True,False,,|w|a|r|m| |w|e|b|r|e|n|d|e|r|,102210fe594ee9b33d82058545b1ed14f4c8206e,PerceptualSpeedIndex,ebay-kleinanzeigen,True,ebay-kleinanzeigen PerceptualSpeedIndex opt warm webrender,,77,ms,geckoview,456514557.0,3771140,2024-04-30 23:32:26,1418926,,,,,,,,,,,,,,,,,,,,,,,,,,,,,,,,,,,,,,,,,,,,,,,,,TN
1862,5801de1f3daa092cf721149dc96e7b073c172a92,0.029929923374156786,autoland,4366813,13,930eca14459531ff5483e56979276f480af08a6a,android-hw-a51-11-0-aarch64-shippable-qr,True,False,,|w|a|r|m| |w|e|b|r|e|n|d|e|r|,102210fe594ee9b33d82058545b1ed14f4c8206e,PerceptualSpeedIndex,ebay-kleinanzeigen,True,ebay-kleinanzeigen PerceptualSpeedIndex opt warm webrender,,77,ms,geckoview,456523960.0,3842203,2024-05-01 03:47:22,1419018,,,,,,,,,,,,,,,,,,,,,,,,,,,,,,,,,,,,,,,,,,,,,,,,,TN
1863,287f670c824ebf9c8dbde990f795f92c94af4882,0.014473770384439089,autoland,4366813,13,930eca14459531ff5483e56979276f480af08a6a,android-hw-a51-11-0-aarch64-shippable-qr,True,False,,|w|a|r|m| |w|e|b|r|e|n|d|e|r|,102210fe594ee9b33d82058545b1ed14f4c8206e,PerceptualSpeedIndex,ebay-kleinanzeigen,True,ebay-kleinanzeigen PerceptualSpeedIndex opt warm webrender,,77,ms,geckoview,456532424.0,3897802,2024-05-01 07:50:28,1419058,,,,,,,,,,,,,,,,,,,,,,,,,,,,,,,,,,,,,,,,,,,,,,,,,TN
1864,0c09216614e40f92d253d63a3699eb680be6773a,0.020106097321370142,autoland,4366813,13,930eca14459531ff5483e56979276f480af08a6a,android-hw-a51-11-0-aarch64-shippable-qr,True,False,,|w|a|r|m| |w|e|b|r|e|n|d|e|r|,102210fe594ee9b33d82058545b1ed14f4c8206e,PerceptualSpeedIndex,ebay-kleinanzeigen,True,ebay-kleinanzeigen PerceptualSpeedIndex opt warm webrender,,77,ms,geckoview,456578821.0,4085734,2024-05-01 18:27:07,1419281,,,,,,,,,,,,,,,,,,,,,,,,,,,,,,,,,,,,,,,,,,,,,,,,,TN
1865,b8f4a7d4d873dccbf25b9bc2f3510753c2b3fde7,0.0465649354902089,autoland,4366813,13,930eca14459531ff5483e56979276f480af08a6a,android-hw-a51-11-0-aarch64-shippable-qr,True,False,,|w|a|r|m| |w|e|b|r|e|n|d|e|r|,102210fe594ee9b33d82058545b1ed14f4c8206e,PerceptualSpeedIndex,ebay-kleinanzeigen,True,ebay-kleinanzeigen PerceptualSpeedIndex opt warm webrender,,77,ms,geckoview,456607526.0,4272092,2024-05-01 20:27:27,1419379,,,,,,,,,,,,,,,,,,,,,,,,,,,,,,,,,,,,,,,,,,,,,,,,,TN
1866,533fbd9c5056d0b2611e332cddafd7337193d64f,0.04787477896391379,autoland,4366813,13,930eca14459531ff5483e56979276f480af08a6a,android-hw-a51-11-0-aarch64-shippable-qr,True,False,,|w|a|r|m| |w|e|b|r|e|n|d|e|r|,102210fe594ee9b33d82058545b1ed14f4c8206e,PerceptualSpeedIndex,ebay-kleinanzeigen,True,ebay-kleinanzeigen PerceptualSpeedIndex opt warm webrender,,77,ms,geckoview,456617792.0,4314519,2024-05-01 23:13:57,1419453,,,,,,,,,,,,,,,,,,,,,,,,,,,,,,,,,,,,,,,,,,,,,,,,,TN
1867,dda5d5286866494223d6cc52382d52032d961218,0.02089200340559305,autoland,4366813,13,930eca14459531ff5483e56979276f480af08a6a,android-hw-a51-11-0-aarch64-shippable-qr,True,False,,|w|a|r|m| |w|e|b|r|e|n|d|e|r|,102210fe594ee9b33d82058545b1ed14f4c8206e,PerceptualSpeedIndex,ebay-kleinanzeigen,True,ebay-kleinanzeigen PerceptualSpeedIndex opt warm webrender,,77,ms,geckoview,456638407.0,4413154,2024-05-02 04:22:12,1419529,,,,,,,,,,,,,,,,,,,,,,,,,,,,,,,,,,,,,,,,,,,,,,,,,TN
1868,8f1e622a3413df009913d856f603c77b8e637efc,0.01807583993712747,autoland,4366813,13,930eca14459531ff5483e56979276f480af08a6a,android-hw-a51-11-0-aarch64-shippable-qr,True,False,,|w|a|r|m| |w|e|b|r|e|n|d|e|r|,102210fe594ee9b33d82058545b1ed14f4c8206e,PerceptualSpeedIndex,ebay-kleinanzeigen,True,ebay-kleinanzeigen PerceptualSpeedIndex opt warm webrender,,77,ms,geckoview,456661382.0,4584995,2024-05-02 08:48:43,1419618,,,,,,,,,,,,,,,,,,,,,,,,,,,,,,,,,,,,,,,,,,,,,,,,,TN
1869,ea25d02dac47e6880ab5b936adc308c24cbeab32,0.01074071648438013,autoland,4366813,13,930eca14459531ff5483e56979276f480af08a6a,android-hw-a51-11-0-aarch64-shippable-qr,True,False,,|w|a|r|m| |w|e|b|r|e|n|d|e|r|,102210fe594ee9b33d82058545b1ed14f4c8206e,PerceptualSpeedIndex,ebay-kleinanzeigen,True,ebay-kleinanzeigen PerceptualSpeedIndex opt warm webrender,,77,ms,geckoview,456696904.0,4787817,2024-05-02 12:53:32,1419765,,,,,,,,,,,,,,,,,,,,,,,,,,,,,,,,,,,,,,,,,,,,,,,,,TN
1870,91cfcfc5935b5ac51c36c1a08a064c33a2d96fd5,0.020106097321370142,autoland,4366813,13,930eca14459531ff5483e56979276f480af08a6a,android-hw-a51-11-0-aarch64-shippable-qr,True,False,,|w|a|r|m| |w|e|b|r|e|n|d|e|r|,102210fe594ee9b33d82058545b1ed14f4c8206e,PerceptualSpeedIndex,ebay-kleinanzeigen,True,ebay-kleinanzeigen PerceptualSpeedIndex opt warm webrender,,77,ms,geckoview,456721072.0,4889943,2024-05-02 15:44:03,1419950,,,,,,,,,,,,,,,,,,,,,,,,,,,,,,,,,,,,,,,,,,,,,,,,,TN
1871,3a0b95c0a8b3e334c5811a26420f39aaba7e5be3,0.015587137337088275,autoland,4366813,13,930eca14459531ff5483e56979276f480af08a6a,android-hw-a51-11-0-aarch64-shippable-qr,True,False,,|w|a|r|m| |w|e|b|r|e|n|d|e|r|,102210fe594ee9b33d82058545b1ed14f4c8206e,PerceptualSpeedIndex,ebay-kleinanzeigen,True,ebay-kleinanzeigen PerceptualSpeedIndex opt warm webrender,,77,ms,geckoview,456736909.0,4988946,2024-05-02 17:57:36,1420053,,,,,,,,,,,,,,,,,,,,,,,,,,,,,,,,,,,,,,,,,,,,,,,,,TN
1872,f5cfc0ea73926b119ca193381efffbfa5859d867,0.02567293208461585,autoland,4366813,13,930eca14459531ff5483e56979276f480af08a6a,android-hw-a51-11-0-aarch64-shippable-qr,True,False,,|w|a|r|m| |w|e|b|r|e|n|d|e|r|,102210fe594ee9b33d82058545b1ed14f4c8206e,PerceptualSpeedIndex,ebay-kleinanzeigen,True,ebay-kleinanzeigen PerceptualSpeedIndex opt warm webrender,,77,ms,geckoview,456776702.0,5146781,2024-05-02 23:51:01,1420328,,,,,,,,,,,,,,,,,,,,,,,,,,,,,,,,,,,,,,,,,,,,,,,,,TN
1873,c5c13444d9afc38f2ee8d567a1a17f26a9b6659b,0.02501801034776341,autoland,4366813,13,930eca14459531ff5483e56979276f480af08a6a,android-hw-a51-11-0-aarch64-shippable-qr,True,False,,|w|a|r|m| |w|e|b|r|e|n|d|e|r|,102210fe594ee9b33d82058545b1ed14f4c8206e,PerceptualSpeedIndex,ebay-kleinanzeigen,True,ebay-kleinanzeigen PerceptualSpeedIndex opt warm webrender,,77,ms,geckoview,456791071.0,5276382,2024-05-03 04:04:06,1420386,,,,,,,,,,,,,,,,,,,,,,,,,,,,,,,,,,,,,,,,,,,,,,,,,TN
1874,fd534101970b397f34b099196fabc43b927c7fcf,0.014801231252865255,autoland,4366813,13,930eca14459531ff5483e56979276f480af08a6a,android-hw-a51-11-0-aarch64-shippable-qr,True,False,,|w|a|r|m| |w|e|b|r|e|n|d|e|r|,102210fe594ee9b33d82058545b1ed14f4c8206e,PerceptualSpeedIndex,ebay-kleinanzeigen,True,ebay-kleinanzeigen PerceptualSpeedIndex opt warm webrender,,77,ms,geckoview,456814068.0,5369691,2024-05-03 08:10:40,1420452,,,,,,,,,,,,,,,,,,,,,,,,,,,,,,,,,,,,,,,,,,,,,,,,,TN
1875,e91d8e436dcc57f87d15822b1dc5b12644cb980e,0.02960246250573051,autoland,4366813,13,930eca14459531ff5483e56979276f480af08a6a,android-hw-a51-11-0-aarch64-shippable-qr,True,False,,|w|a|r|m| |w|e|b|r|e|n|d|e|r|,102210fe594ee9b33d82058545b1ed14f4c8206e,PerceptualSpeedIndex,ebay-kleinanzeigen,True,ebay-kleinanzeigen PerceptualSpeedIndex opt warm webrender,,77,ms,geckoview,456857200.0,5575739,2024-05-03 12:18:12,1420590,,,,,,,,,,,,,,,,,,,,,,,,,,,,,,,,,,,,,,,,,,,,,,,,,TN
1876,0a8a8f84140a331e815f8520a76a3c928e4486ea,0.028882048595192833,autoland,4366813,13,930eca14459531ff5483e56979276f480af08a6a,android-hw-a51-11-0-aarch64-shippable-qr,True,False,,|w|a|r|m| |w|e|b|r|e|n|d|e|r|,102210fe594ee9b33d82058545b1ed14f4c8206e,PerceptualSpeedIndex,ebay-kleinanzeigen,True,ebay-kleinanzeigen PerceptualSpeedIndex opt warm webrender,,77,ms,geckoview,456889033.0,5787641,2024-05-03 16:29:14,1420823,,,,,,,,,,,,,,,,,,,,,,,,,,,,,,,,,,,,,,,,,,,,,,,,,TN
1877,1e88e24f01e40c6d9b7e3f222f4fbb0d55c9639d,0.021546925142445494,autoland,4366813,13,930eca14459531ff5483e56979276f480af08a6a,android-hw-a51-11-0-aarch64-shippable-qr,True,False,,|w|a|r|m| |w|e|b|r|e|n|d|e|r|,102210fe594ee9b33d82058545b1ed14f4c8206e,PerceptualSpeedIndex,ebay-kleinanzeigen,True,ebay-kleinanzeigen PerceptualSpeedIndex opt warm webrender,,77,ms,geckoview,456908298.0,5940430,2024-05-03 19:41:01,1420975,,,,,,,,,,,,,,,,,,,,,,,,,,,,,,,,,,,,,,,,,,,,,,,,,TN
1878,b5ebcaf20c9cca5a0f4b965c398f0f26296df1b5,0.022136354705612704,autoland,4366813,13,930eca14459531ff5483e56979276f480af08a6a,android-hw-a51-11-0-aarch64-shippable-qr,True,False,,|w|a|r|m| |w|e|b|r|e|n|d|e|r|,102210fe594ee9b33d82058545b1ed14f4c8206e,PerceptualSpeedIndex,ebay-kleinanzeigen,True,ebay-kleinanzeigen PerceptualSpeedIndex opt warm webrender,,77,ms,geckoview,456934855.0,6093637,2024-05-04 00:06:35,1421120,,,,,,,,,,,,,,,,,,,,,,,,,,,,,,,,,,,,,,,,,,,,,,,,,TN
1879,a546ec29a8018c8e98e738460e9bdfd5d4003690,0.01552164516340293,autoland,4366813,13,930eca14459531ff5483e56979276f480af08a6a,android-hw-a51-11-0-aarch64-shippable-qr,True,False,,|w|a|r|m| |w|e|b|r|e|n|d|e|r|,102210fe594ee9b33d82058545b1ed14f4c8206e,PerceptualSpeedIndex,ebay-kleinanzeigen,True,ebay-kleinanzeigen PerceptualSpeedIndex opt warm webrender,,77,ms,geckoview,456955083.0,6231551,2024-05-04 09:19:48,1421174,,,,,,,,,,,,,,,,,,,,,,,,,,,,,,,,,,,,,,,,,,,,,,,,,TN
1880,422a6a673019bc0e2dfd459eceee9594246a0a9d,0.0059597878053572195,autoland,4366813,13,930eca14459531ff5483e56979276f480af08a6a,android-hw-a51-11-0-aarch64-shippable-qr,True,False,,|w|a|r|m| |w|e|b|r|e|n|d|e|r|,102210fe594ee9b33d82058545b1ed14f4c8206e,PerceptualSpeedIndex,ebay-kleinanzeigen,True,ebay-kleinanzeigen PerceptualSpeedIndex opt warm webrender,,77,ms,geckoview,456978944.0,6346549,2024-05-04 19:44:42,1421318,,,,,,,,,,,,,,,,,,,,,,,,,,,,,,,,,,,,,,,,,,,,,,,,,TN
1881,1343ec609dea28acb4b297bebd481211e1742b11,0.015652629510773508,autoland,4366813,13,930eca14459531ff5483e56979276f480af08a6a,android-hw-a51-11-0-aarch64-shippable-qr,True,False,,|w|a|r|m| |w|e|b|r|e|n|d|e|r|,102210fe594ee9b33d82058545b1ed14f4c8206e,PerceptualSpeedIndex,ebay-kleinanzeigen,True,ebay-kleinanzeigen PerceptualSpeedIndex opt warm webrender,,77,ms,geckoview,456996635.0,6425396,2024-05-05 00:17:27,1421344,,,,,,,,,,,,,,,,,,,,,,,,,,,,,,,,,,,,,,,,,,,,,,,,,TN
1882,5c3e0ef9b916432dfc42f800c3c7997f58ae5a63,0.009103412142249079,autoland,4366813,13,930eca14459531ff5483e56979276f480af08a6a,android-hw-a51-11-0-aarch64-shippable-qr,True,False,,|w|a|r|m| |w|e|b|r|e|n|d|e|r|,102210fe594ee9b33d82058545b1ed14f4c8206e,PerceptualSpeedIndex,ebay-kleinanzeigen,True,ebay-kleinanzeigen PerceptualSpeedIndex opt warm webrender,,77,ms,geckoview,457010102.0,6518692,2024-05-05 08:06:08,1421422,,,,,,,,,,,,,,,,,,,,,,,,,,,,,,,,,,,,,,,,,,,,,,,,,TN
1883,286a373804e5360a54d51ec691ba7bfd02def155,0.014539262558124322,autoland,4366813,13,930eca14459531ff5483e56979276f480af08a6a,android-hw-a51-11-0-aarch64-shippable-qr,True,False,,|w|a|r|m| |w|e|b|r|e|n|d|e|r|,102210fe594ee9b33d82058545b1ed14f4c8206e,PerceptualSpeedIndex,ebay-kleinanzeigen,True,ebay-kleinanzeigen PerceptualSpeedIndex opt warm webrender,,77,ms,geckoview,457031729.0,6636642,2024-05-05 13:09:56,1421444,,,,,,,,,,,,,,,,,,,,,,,,,,,,,,,,,,,,,,,,,,,,,,,,,TN
1884,a6cb5ac7a79af000e99bf48f04ecb2943fcd3c68,0.02626236164778306,autoland,4366813,13,930eca14459531ff5483e56979276f480af08a6a,android-hw-a51-11-0-aarch64-shippable-qr,True,False,,|w|a|r|m| |w|e|b|r|e|n|d|e|r|,102210fe594ee9b33d82058545b1ed14f4c8206e,PerceptualSpeedIndex,ebay-kleinanzeigen,True,ebay-kleinanzeigen PerceptualSpeedIndex opt warm webrender,,77,ms,geckoview,457036356.0,6687116,2024-05-05 17:38:00,1421459,,,,,,,,,,,,,,,,,,,,,,,,,,,,,,,,,,,,,,,,,,,,,,,,,TN
1885,ea67e3b59c22cea8a2c797ce9a6608d3ddeaeca9,0.020957495579278285,autoland,4366813,13,930eca14459531ff5483e56979276f480af08a6a,android-hw-a51-11-0-aarch64-shippable-qr,True,False,,|w|a|r|m| |w|e|b|r|e|n|d|e|r|,102210fe594ee9b33d82058545b1ed14f4c8206e,PerceptualSpeedIndex,ebay-kleinanzeigen,True,ebay-kleinanzeigen PerceptualSpeedIndex opt warm webrender,,77,ms,geckoview,457055347.0,6795441,2024-05-05 22:09:52,1421479,,,,,,,,,,,,,,,,,,,,,,,,,,,,,,,,,,,,,,,,,,,,,,,,,TN
1886,ab041350c7569b831b00994a96625b9354dcf6b6,0.02626236164778306,autoland,4366813,13,930eca14459531ff5483e56979276f480af08a6a,android-hw-a51-11-0-aarch64-shippable-qr,True,False,,|w|a|r|m| |w|e|b|r|e|n|d|e|r|,102210fe594ee9b33d82058545b1ed14f4c8206e,PerceptualSpeedIndex,ebay-kleinanzeigen,True,ebay-kleinanzeigen PerceptualSpeedIndex opt warm webrender,,77,ms,geckoview,457060801.0,6853766,2024-05-06 03:19:39,1421502,,,,,,,,,,,,,,,,,,,,,,,,,,,,,,,,,,,,,,,,,,,,,,,,,TN
1887,65e120a9c1dcb9c8f1c8930e808b03aa149eaf40,0.0394917807322025,autoland,4366813,13,930eca14459531ff5483e56979276f480af08a6a,android-hw-a51-11-0-aarch64-shippable-qr,True,False,,|w|a|r|m| |w|e|b|r|e|n|d|e|r|,102210fe594ee9b33d82058545b1ed14f4c8206e,PerceptualSpeedIndex,ebay-kleinanzeigen,True,ebay-kleinanzeigen PerceptualSpeedIndex opt warm webrender,,77,ms,geckoview,457070774.0,6909595,2024-05-06 07:31:35,1421524,,,,,,,,,,,,,,,,,,,,,,,,,,,,,,,,,,,,,,,,,,,,,,,,,TN
1888,13b26e8e0e39998b30b388bb6f5d84c0e8067c03,0.01787936341607177,autoland,4366813,13,930eca14459531ff5483e56979276f480af08a6a,android-hw-a51-11-0-aarch64-shippable-qr,True,False,,|w|a|r|m| |w|e|b|r|e|n|d|e|r|,102210fe594ee9b33d82058545b1ed14f4c8206e,PerceptualSpeedIndex,ebay-kleinanzeigen,True,ebay-kleinanzeigen PerceptualSpeedIndex opt warm webrender,,77,ms,geckoview,457102641.0,7115958,2024-05-06 11:33:14,1421623,,,,,,,,,,,,,,,,,,,,,,,,,,,,,,,,,,,,,,,,,,,,,,,,,TN
1889,26e8012d5da938871783505e3753b681ab8cb186,0.01886174602135049,autoland,4366813,13,930eca14459531ff5483e56979276f480af08a6a,android-hw-a51-11-0-aarch64-shippable-qr,True,False,,|w|a|r|m| |w|e|b|r|e|n|d|e|r|,102210fe594ee9b33d82058545b1ed14f4c8206e,PerceptualSpeedIndex,ebay-kleinanzeigen,True,ebay-kleinanzeigen PerceptualSpeedIndex opt warm webrender,,77,ms,geckoview,457132407.0,7239894,2024-05-06 15:35:21,1421812,,,,,,,,,,,,,,,,,,,,,,,,,,,,,,,,,,,,,,,,,,,,,,,,,TN
1890,eb10b86b18adfc70952409e13993f834d33fa099,0.023184229484576657,autoland,4366813,13,930eca14459531ff5483e56979276f480af08a6a,android-hw-a51-11-0-aarch64-shippable-qr,True,False,,|w|a|r|m| |w|e|b|r|e|n|d|e|r|,102210fe594ee9b33d82058545b1ed14f4c8206e,PerceptualSpeedIndex,ebay-kleinanzeigen,True,ebay-kleinanzeigen PerceptualSpeedIndex opt warm webrender,,77,ms,geckoview,457152773.0,7279675,2024-05-06 17:44:25,1421908,,,,,,,,,,,,,,,,,,,,,,,,,,,,,,,,,,,,,,,,,,,,,,,,,TN
1891,4c7b1942b455d9c365693e5584f7ea86c5b33615,0.025279979042504452,autoland,4366813,13,930eca14459531ff5483e56979276f480af08a6a,android-hw-a51-11-0-aarch64-shippable-qr,True,False,,|w|a|r|m| |w|e|b|r|e|n|d|e|r|,102210fe594ee9b33d82058545b1ed14f4c8206e,PerceptualSpeedIndex,ebay-kleinanzeigen,True,ebay-kleinanzeigen PerceptualSpeedIndex opt warm webrender,,77,ms,geckoview,457176716.0,7355275,2024-05-06 20:39:16,1422073,,,,,,,,,,,,,,,,,,,,,,,,,,,,,,,,,,,,,,,,,,,,,,,,,TN
1892,945bbd356b57424bcdb359e6d88c48cd03ff2c10,0.014932215600235832,autoland,4366813,13,930eca14459531ff5483e56979276f480af08a6a,android-hw-a51-11-0-aarch64-shippable-qr,True,False,,|w|a|r|m| |w|e|b|r|e|n|d|e|r|,102210fe594ee9b33d82058545b1ed14f4c8206e,PerceptualSpeedIndex,ebay-kleinanzeigen,True,ebay-kleinanzeigen PerceptualSpeedIndex opt warm webrender,,77,ms,geckoview,457211559.0,7513425,2024-05-07 01:41:54,1422278,,,,,,,,,,,,,,,,,,,,,,,,,,,,,,,,,,,,,,,,,,,,,,,,,TN
1893,80150ac16109a11457c3103e68bf1c7ac29270c0,0.024952518174078175,autoland,4366813,13,930eca14459531ff5483e56979276f480af08a6a,android-hw-a51-11-0-aarch64-shippable-qr,True,False,,|w|a|r|m| |w|e|b|r|e|n|d|e|r|,102210fe594ee9b33d82058545b1ed14f4c8206e,PerceptualSpeedIndex,ebay-kleinanzeigen,True,ebay-kleinanzeigen PerceptualSpeedIndex opt warm webrender,,77,ms,geckoview,457228300.0,7600662,2024-05-07 06:04:59,1422341,,,,,,,,,,,,,,,,,,,,,,,,,,,,,,,,,,,,,,,,,,,,,,,,,TN
1894,641e15621e7bd2e0e8a2fab82d2b9838e386c3c4,0.017420918200275026,autoland,4366813,13,930eca14459531ff5483e56979276f480af08a6a,android-hw-a51-11-0-aarch64-shippable-qr,True,False,,|w|a|r|m| |w|e|b|r|e|n|d|e|r|,102210fe594ee9b33d82058545b1ed14f4c8206e,PerceptualSpeedIndex,ebay-kleinanzeigen,True,ebay-kleinanzeigen PerceptualSpeedIndex opt warm webrender,,77,ms,geckoview,457276574.0,7836088,2024-05-07 10:41:19,1422484,,,,,,,,,,,,,,,,,,,,,,,,,,,,,,,,,,,,,,,,,,,,,,,,,TN
1895,0041f761ddff5c598852d2b5cc41772a3a11cd0b,0.023773659047743756,autoland,4366813,13,930eca14459531ff5483e56979276f480af08a6a,android-hw-a51-11-0-aarch64-shippable-qr,True,False,,|w|a|r|m| |w|e|b|r|e|n|d|e|r|,102210fe594ee9b33d82058545b1ed14f4c8206e,PerceptualSpeedIndex,ebay-kleinanzeigen,True,ebay-kleinanzeigen PerceptualSpeedIndex opt warm webrender,,77,ms,geckoview,457313208.0,7939758,2024-05-07 14:42:49,1422671,,,,,,,,,,,,,,,,,,,,,,,,,,,,,,,,,,,,,,,,,,,,,,,,,TN
1896,425b44586178edae02872c1fbc0220a0b4ff4c1d,0.02063003471085212,autoland,4366813,13,930eca14459531ff5483e56979276f480af08a6a,android-hw-a51-11-0-aarch64-shippable-qr,True,False,,|w|a|r|m| |w|e|b|r|e|n|d|e|r|,102210fe594ee9b33d82058545b1ed14f4c8206e,PerceptualSpeedIndex,ebay-kleinanzeigen,True,ebay-kleinanzeigen PerceptualSpeedIndex opt warm webrender,,77,ms,geckoview,457345202.0,8133260,2024-05-07 18:25:44,1422943,,,,,,,,,,,,,,,,,,,,,,,,,,,,,,,,,,,,,,,,,,,,,,,,,TN
1897,149e752fdb3fa75a3a02f55e7c7c91f7f704cf8a,0.01827231645818328,autoland,4366813,13,930eca14459531ff5483e56979276f480af08a6a,android-hw-a51-11-0-aarch64-shippable-qr,True,False,,|w|a|r|m| |w|e|b|r|e|n|d|e|r|,102210fe594ee9b33d82058545b1ed14f4c8206e,PerceptualSpeedIndex,ebay-kleinanzeigen,True,ebay-kleinanzeigen PerceptualSpeedIndex opt warm webrender,,77,ms,geckoview,457376994.0,8344247,2024-05-07 22:14:58,1423124,,,,,,,,,,,,,,,,,,,,,,,,,,,,,,,,,,,,,,,,,,,,,,,,,TN
1898,a0b3e2669a2dc49c467521cb9b7966ca05e3dbc3,0.022005370358242127,autoland,4366813,13,930eca14459531ff5483e56979276f480af08a6a,android-hw-a51-11-0-aarch64-shippable-qr,True,False,,|w|a|r|m| |w|e|b|r|e|n|d|e|r|,102210fe594ee9b33d82058545b1ed14f4c8206e,PerceptualSpeedIndex,ebay-kleinanzeigen,True,ebay-kleinanzeigen PerceptualSpeedIndex opt warm webrender,,77,ms,geckoview,457408971.0,8483694,2024-05-08 04:41:52,1423269,,,,,,,,,,,,,,,,,,,,,,,,,,,,,,,,,,,,,,,,,,,,,,,,,TN
1899,bec816ef2f2c29ed86b08bb592d6283618418e16,0.02108847992664875,autoland,4366813,13,930eca14459531ff5483e56979276f480af08a6a,android-hw-a51-11-0-aarch64-shippable-qr,True,False,,|w|a|r|m| |w|e|b|r|e|n|d|e|r|,102210fe594ee9b33d82058545b1ed14f4c8206e,PerceptualSpeedIndex,ebay-kleinanzeigen,True,ebay-kleinanzeigen PerceptualSpeedIndex opt warm webrender,,77,ms,geckoview,457422416.0,8552062,2024-05-08 08:48:11,1423316,,,,,,,,,,,,,,,,,,,,,,,,,,,,,,,,,,,,,,,,,,,,,,,,,TN
1900,ed7b6f65910afcd687ef5aaa25605666805796bb,0.019516667758202932,autoland,4366813,13,930eca14459531ff5483e56979276f480af08a6a,android-hw-a51-11-0-aarch64-shippable-qr,True,False,,|w|a|r|m| |w|e|b|r|e|n|d|e|r|,102210fe594ee9b33d82058545b1ed14f4c8206e,PerceptualSpeedIndex,ebay-kleinanzeigen,True,ebay-kleinanzeigen PerceptualSpeedIndex opt warm webrender,,77,ms,geckoview,457460633.0,8717836,2024-05-08 13:09:13,1423417,,,,,,,,,,,,,,,,,,,,,,,,,,,,,,,,,,,,,,,,,,,,,,,,,TN
