revision,value,repository_name,signature_id,framework_id,signature_hash,machine_platform,should_alert,has_subtests,extra_options,tags,option_collection_hash,test,suite,lower_is_better,name,parent_signature,repository_id,measurement_unit,application,job_id,entry_id,push_timestamp,push_id,test_new_value,test_classifier,alert_prev_push_revision,alert_id,test_amount_pct,alert_performance_tags,test_prev_value,alert_first_triaged,test_series_signature_has_subtests,alert_framework,test_series_signature_framework_id,test_series_signature_suite_public_name,alert_related_alerts,test_taskcluster_metadata_retry_id,alert_prev_push_id,alert_status,alert_push_id,test_status,alert_assignee_username,test_series_signature_signature_hash,test_prev_taskcluster_metadata_task_id,test_series_signature_machine_platform,alert_bug_number,alert_repository,alert_bug_due_date,test_series_signature_test_public_name,alert_issue_tracker,test_amount_abs,test_id,test_series_signature_measurement_unit,test_taskcluster_metadata_task_id,test_backfill_record_total_backfills_successful,test_summary_id,test_series_signature_option_collection_hash,test_prev_taskcluster_metadata_retry_id,test_is_regression,test_manually_created,test_classifier_email,test_backfill_record_total_backfills_failed,test_backfill_record_total_actions_triggered,alert_assignee_email,alert_creation_timestamp,test_prev_profile_url,alert_notes,test_series_signature_test,test_noise_profile,test_series_signature_lower_is_better,alert_revision,test_related_summary_id,alert_bug_updated,test_profile_url,test_backfill_record_context,test_starred,test_backfill_record_total_backfills_in_progress,test_t_value,test_series_signature_suite,test_series_signature_extra_options,test_backfill_record_status,test_series_signature_tags,alert_triage_due_date,alert_status_general,test_status_general
59efee44047ab7ec777916f9f2aa533eb33a25fe,443.0,mozilla-beta,4168118,13,59f7c57850e9d10762f122855a024e51389d56e5,windows10-64-shippable-qr,True,False,,|c|o|l|d| |f|i|s|s|i|o|n| |w|e|b|r|e|n|d|e|r|,102210fe594ee9b33d82058545b1ed14f4c8206e,SpeedIndex,microsoft,True,microsoft SpeedIndex opt cold fission webrender,,6,ms,firefox,,1698839049,2023-05-22 10:20:25,1244253,,,,,,,,,,,,,,,,,,,,,,,,,,,,,,,,,,,,,,,,,,,,,,,,,,,,,,,,,,,,,TN,TN
f64639378b47382ab57adf6203e2b94c99e1f3cf,421.0,mozilla-beta,4168118,13,59f7c57850e9d10762f122855a024e51389d56e5,windows10-64-shippable-qr,True,False,,|c|o|l|d| |f|i|s|s|i|o|n| |w|e|b|r|e|n|d|e|r|,102210fe594ee9b33d82058545b1ed14f4c8206e,SpeedIndex,microsoft,True,microsoft SpeedIndex opt cold fission webrender,,6,ms,firefox,,1698913665,2023-05-22 12:50:35,1244349,,,,,,,,,,,,,,,,,,,,,,,,,,,,,,,,,,,,,,,,,,,,,,,,,,,,,,,,,,,,,TN,TN
3a78a160d7584e6f7624cc20ea364b05d4a3671a,423.0,mozilla-beta,4168118,13,59f7c57850e9d10762f122855a024e51389d56e5,windows10-64-shippable-qr,True,False,,|c|o|l|d| |f|i|s|s|i|o|n| |w|e|b|r|e|n|d|e|r|,102210fe594ee9b33d82058545b1ed14f4c8206e,SpeedIndex,microsoft,True,microsoft SpeedIndex opt cold fission webrender,,6,ms,firefox,,1699065341,2023-05-22 18:02:38,1244588,,,,,,,,,,,,,,,,,,,,,,,,,,,,,,,,,,,,,,,,,,,,,,,,,,,,,,,,,,,,,TN,TN
ed40737cb95a517f2a77404a8191d1cd46bbb10b,443.0,mozilla-beta,4168118,13,59f7c57850e9d10762f122855a024e51389d56e5,windows10-64-shippable-qr,True,False,,|c|o|l|d| |f|i|s|s|i|o|n| |w|e|b|r|e|n|d|e|r|,102210fe594ee9b33d82058545b1ed14f4c8206e,SpeedIndex,microsoft,True,microsoft SpeedIndex opt cold fission webrender,,6,ms,firefox,,1699255984,2023-05-23 09:18:46,1244938,,,,,,,,,,,,,,,,,,,,,,,,,,,,,,,,,,,,,,,,,,,,,,,,,,,,,,,,,,,,,TN,TN
8eecf106862ea56b832570bd15d10d6e6cd34fe8,430.0,mozilla-beta,4168118,13,59f7c57850e9d10762f122855a024e51389d56e5,windows10-64-shippable-qr,True,False,,|c|o|l|d| |f|i|s|s|i|o|n| |w|e|b|r|e|n|d|e|r|,102210fe594ee9b33d82058545b1ed14f4c8206e,SpeedIndex,microsoft,True,microsoft SpeedIndex opt cold fission webrender,,6,ms,firefox,,1699404648,2023-05-23 13:09:04,1245056,,,,,,,,,,,,,,,,,,,,,,,,,,,,,,,,,,,,,,,,,,,,,,,,,,,,,,,,,,,,,TN,TN
18f79b69b59438d998569d811b6f77b0764b3c23,426.0,mozilla-beta,4168118,13,59f7c57850e9d10762f122855a024e51389d56e5,windows10-64-shippable-qr,True,False,,|c|o|l|d| |f|i|s|s|i|o|n| |w|e|b|r|e|n|d|e|r|,102210fe594ee9b33d82058545b1ed14f4c8206e,SpeedIndex,microsoft,True,microsoft SpeedIndex opt cold fission webrender,,6,ms,firefox,,1699498819,2023-05-23 16:30:53,1245237,,,,,,,,,,,,,,,,,,,,,,,,,,,,,,,,,,,,,,,,,,,,,,,,,,,,,,,,,,,,,TN,TN
53ee070b649541904b75cbdf9d2b418385b407f7,426.0,mozilla-beta,4168118,13,59f7c57850e9d10762f122855a024e51389d56e5,windows10-64-shippable-qr,True,False,,|c|o|l|d| |f|i|s|s|i|o|n| |w|e|b|r|e|n|d|e|r|,102210fe594ee9b33d82058545b1ed14f4c8206e,SpeedIndex,microsoft,True,microsoft SpeedIndex opt cold fission webrender,,6,ms,firefox,,1699516125,2023-05-23 16:49:14,1245253,,,,,,,,,,,,,,,,,,,,,,,,,,,,,,,,,,,,,,,,,,,,,,,,,,,,,,,,,,,,,TN,TN
ac0c93ea38fc5dc013c2c0776560d70a84f234f0,422.0,mozilla-beta,4168118,13,59f7c57850e9d10762f122855a024e51389d56e5,windows10-64-shippable-qr,True,False,,|c|o|l|d| |f|i|s|s|i|o|n| |w|e|b|r|e|n|d|e|r|,102210fe594ee9b33d82058545b1ed14f4c8206e,SpeedIndex,microsoft,True,microsoft SpeedIndex opt cold fission webrender,,6,ms,firefox,,1699538907,2023-05-23 17:46:44,1245316,,,,,,,,,,,,,,,,,,,,,,,,,,,,,,,,,,,,,,,,,,,,,,,,,,,,,,,,,,,,,TN,TN
82dc2107af48651dbb964da6c32de7b2c2bc2da3,422.0,mozilla-beta,4168118,13,59f7c57850e9d10762f122855a024e51389d56e5,windows10-64-shippable-qr,True,False,,|c|o|l|d| |f|i|s|s|i|o|n| |w|e|b|r|e|n|d|e|r|,102210fe594ee9b33d82058545b1ed14f4c8206e,SpeedIndex,microsoft,True,microsoft SpeedIndex opt cold fission webrender,,6,ms,firefox,,1699567936,2023-05-23 18:02:01,1245332,,,,,,,,,,,,,,,,,,,,,,,,,,,,,,,,,,,,,,,,,,,,,,,,,,,,,,,,,,,,,TN,TN
5f16ffade66ea830c83471e923c1921281da22da,427.0,mozilla-beta,4168118,13,59f7c57850e9d10762f122855a024e51389d56e5,windows10-64-shippable-qr,True,False,,|c|o|l|d| |f|i|s|s|i|o|n| |w|e|b|r|e|n|d|e|r|,102210fe594ee9b33d82058545b1ed14f4c8206e,SpeedIndex,microsoft,True,microsoft SpeedIndex opt cold fission webrender,,6,ms,firefox,,1699608800,2023-05-23 18:36:58,1245358,,,,,,,,,,,,,,,,,,,,,,,,,,,,,,,,,,,,,,,,,,,,,,,,,,,,,,,,,,,,,TN,TN
0d591a2b6b3d3c7d1b867a7570fb7a9ea35d950f,454.0,mozilla-beta,4168118,13,59f7c57850e9d10762f122855a024e51389d56e5,windows10-64-shippable-qr,True,False,,|c|o|l|d| |f|i|s|s|i|o|n| |w|e|b|r|e|n|d|e|r|,102210fe594ee9b33d82058545b1ed14f4c8206e,SpeedIndex,microsoft,True,microsoft SpeedIndex opt cold fission webrender,,6,ms,firefox,,1699899234,2023-05-24 06:14:16,1245634,,,,,,,,,,,,,,,,,,,,,,,,,,,,,,,,,,,,,,,,,,,,,,,,,,,,,,,,,,,,,TN,TN
7e6afebb6539e964f4e791df7fa66f37f64f0cb1,455.0,mozilla-beta,4168118,13,59f7c57850e9d10762f122855a024e51389d56e5,windows10-64-shippable-qr,True,False,,|c|o|l|d| |f|i|s|s|i|o|n| |w|e|b|r|e|n|d|e|r|,102210fe594ee9b33d82058545b1ed14f4c8206e,SpeedIndex,microsoft,True,microsoft SpeedIndex opt cold fission webrender,,6,ms,firefox,,1700230203,2023-05-24 17:59:27,1246073,,,,,,,,,,,,,,,,,,,,,,,,,,,,,,,,,,,,,,,,,,,,,,,,,,,,,,,,,,,,,TN,TN
549d05e67d9150f81a94be134aec3adbc3978974,429.0,mozilla-beta,4168118,13,59f7c57850e9d10762f122855a024e51389d56e5,windows10-64-shippable-qr,True,False,,|c|o|l|d| |f|i|s|s|i|o|n| |w|e|b|r|e|n|d|e|r|,102210fe594ee9b33d82058545b1ed14f4c8206e,SpeedIndex,microsoft,True,microsoft SpeedIndex opt cold fission webrender,,6,ms,firefox,,1700517446,2023-05-25 08:53:12,1246512,,,,,,,,,,,,,,,,,,,,,,,,,,,,,,,,,,,,,,,,,,,,,,,,,,,,,,,,,,,,,TN,TN
74857120017a848c1e6eb33a8f5e3b67ec1af7e7,420.0,mozilla-beta,4168118,13,59f7c57850e9d10762f122855a024e51389d56e5,windows10-64-shippable-qr,True,False,,|c|o|l|d| |f|i|s|s|i|o|n| |w|e|b|r|e|n|d|e|r|,102210fe594ee9b33d82058545b1ed14f4c8206e,SpeedIndex,microsoft,True,microsoft SpeedIndex opt cold fission webrender,,6,ms,firefox,,1700604896,2023-05-25 12:01:03,1246620,,,,,,,,,,,,,,,,,,,,,,,,,,,,,,,,,,,,,,,,,,,,,,,,,,,,,,,,,,,,,TN,TN
06950c28b7b2ea4afb667dfddd9c2c1b629b1e95,456.0,mozilla-beta,4168118,13,59f7c57850e9d10762f122855a024e51389d56e5,windows10-64-shippable-qr,True,False,,|c|o|l|d| |f|i|s|s|i|o|n| |w|e|b|r|e|n|d|e|r|,102210fe594ee9b33d82058545b1ed14f4c8206e,SpeedIndex,microsoft,True,microsoft SpeedIndex opt cold fission webrender,,6,ms,firefox,,1700710566,2023-05-25 16:17:59,1246803,,,,,,,,,,,,,,,,,,,,,,,,,,,,,,,,,,,,,,,,,,,,,,,,,,,,,,,,,,,,,TN,TN
c7f69f20eeaa34260e1425c2783f389ee3a21904,454.0,mozilla-beta,4168118,13,59f7c57850e9d10762f122855a024e51389d56e5,windows10-64-shippable-qr,True,False,,|c|o|l|d| |f|i|s|s|i|o|n| |w|e|b|r|e|n|d|e|r|,102210fe594ee9b33d82058545b1ed14f4c8206e,SpeedIndex,microsoft,True,microsoft SpeedIndex opt cold fission webrender,,6,ms,firefox,,1700806763,2023-05-25 18:01:43,1246893,,,,,,,,,,,,,,,,,,,,,,,,,,,,,,,,,,,,,,,,,,,,,,,,,,,,,,,,,,,,,TN,TN
7c4f19e995f5243c1f86e92af5962c3055e9431c,424.0,mozilla-beta,4168118,13,59f7c57850e9d10762f122855a024e51389d56e5,windows10-64-shippable-qr,True,False,,|c|o|l|d| |f|i|s|s|i|o|n| |w|e|b|r|e|n|d|e|r|,102210fe594ee9b33d82058545b1ed14f4c8206e,SpeedIndex,microsoft,True,microsoft SpeedIndex opt cold fission webrender,,6,ms,firefox,,1701561916,2023-05-26 18:00:45,1247633,,,,,,,,,,,,,,,,,,,,,,,,,,,,,,,,,,,,,,,,,,,,,,,,,,,,,,,,,,,,,TN,TN
130936826227158557214316326ca1e98c7e7512,427.0,mozilla-beta,4168118,13,59f7c57850e9d10762f122855a024e51389d56e5,windows10-64-shippable-qr,True,False,,|c|o|l|d| |f|i|s|s|i|o|n| |w|e|b|r|e|n|d|e|r|,102210fe594ee9b33d82058545b1ed14f4c8206e,SpeedIndex,microsoft,True,microsoft SpeedIndex opt cold fission webrender,,6,ms,firefox,,1701853406,2023-05-27 09:49:02,1247941,,,,,,,,,,,,,,,,,,,,,,,,,,,,,,,,,,,,,,,,,,,,,,,,,,,,,,,,,,,,,TN,TN
1e44db86acddef53ca97589679c211bb70dbfb46,454.0,mozilla-beta,4168118,13,59f7c57850e9d10762f122855a024e51389d56e5,windows10-64-shippable-qr,True,False,,|c|o|l|d| |f|i|s|s|i|o|n| |w|e|b|r|e|n|d|e|r|,102210fe594ee9b33d82058545b1ed14f4c8206e,SpeedIndex,microsoft,True,microsoft SpeedIndex opt cold fission webrender,,6,ms,firefox,,1701940939,2023-05-27 18:01:21,1247970,,,,,,,,,,,,,,,,,,,,,,,,,,,,,,,,,,,,,,,,,,,,,,,,,,,,,,,,,,,,,TN,TN
9ab1d5eef731342cf698f2efc5002cf687480992,425.0,mozilla-beta,4168118,13,59f7c57850e9d10762f122855a024e51389d56e5,windows10-64-shippable-qr,True,False,,|c|o|l|d| |f|i|s|s|i|o|n| |w|e|b|r|e|n|d|e|r|,102210fe594ee9b33d82058545b1ed14f4c8206e,SpeedIndex,microsoft,True,microsoft SpeedIndex opt cold fission webrender,,6,ms,firefox,,1702021735,2023-05-28 17:59:00,1248023,,,,,,,,,,,,,,,,,,,,,,,,,,,,,,,,,,,,,,,,,,,,,,,,,,,,,,,,,,,,,TN,TN
eb0e5efeb4144e02db4898c481ab299e4ffbe5a5,429.0,mozilla-beta,4168118,13,59f7c57850e9d10762f122855a024e51389d56e5,windows10-64-shippable-qr,True,False,,|c|o|l|d| |f|i|s|s|i|o|n| |w|e|b|r|e|n|d|e|r|,102210fe594ee9b33d82058545b1ed14f4c8206e,SpeedIndex,microsoft,True,microsoft SpeedIndex opt cold fission webrender,,6,ms,firefox,,1705964642,2023-06-05 14:23:29,1251794,,,,,,,,,,,,,,,,,,,,,,,,,,,,,,,,,,,,,,,,,,,,,,,,,,,,,,,,,,,,,TN,TN
8b6f8763d212b11acd7421760ab63612ce65bda4,399.0,mozilla-beta,4168118,13,59f7c57850e9d10762f122855a024e51389d56e5,windows10-64-shippable-qr,True,False,,|c|o|l|d| |f|i|s|s|i|o|n| |w|e|b|r|e|n|d|e|r|,102210fe594ee9b33d82058545b1ed14f4c8206e,SpeedIndex,microsoft,True,microsoft SpeedIndex opt cold fission webrender,,6,ms,firefox,,1706063752,2023-06-05 15:57:01,1251874,,,,,,,,,,,,,,,,,,,,,,,,,,,,,,,,,,,,,,,,,,,,,,,,,,,,,,,,,,,,,TN,TN
3a0243249f1d09b3f0c43845ba322404a24b2d6b,429.0,mozilla-beta,4168118,13,59f7c57850e9d10762f122855a024e51389d56e5,windows10-64-shippable-qr,True,False,,|c|o|l|d| |f|i|s|s|i|o|n| |w|e|b|r|e|n|d|e|r|,102210fe594ee9b33d82058545b1ed14f4c8206e,SpeedIndex,microsoft,True,microsoft SpeedIndex opt cold fission webrender,,6,ms,firefox,,1706128563,2023-06-05 17:59:24,1251964,,,,,,,,,,,,,,,,,,,,,,,,,,,,,,,,,,,,,,,,,,,,,,,,,,,,,,,,,,,,,TN,TN
6c846bc8f52c1e5b929c199b58a33a4dc24df8f5,429.0,mozilla-beta,4168118,13,59f7c57850e9d10762f122855a024e51389d56e5,windows10-64-shippable-qr,True,False,,|c|o|l|d| |f|i|s|s|i|o|n| |w|e|b|r|e|n|d|e|r|,102210fe594ee9b33d82058545b1ed14f4c8206e,SpeedIndex,microsoft,True,microsoft SpeedIndex opt cold fission webrender,,6,ms,firefox,,1706234631,2023-06-05 21:08:31,1252114,,,,,,,,,,,,,,,,,,,,,,,,,,,,,,,,,,,,,,,,,,,,,,,,,,,,,,,,,,,,,TN,TN
5f036ce2680a08b950cbfadd770beba129cbb195,419.0,mozilla-beta,4168118,13,59f7c57850e9d10762f122855a024e51389d56e5,windows10-64-shippable-qr,True,False,,|c|o|l|d| |f|i|s|s|i|o|n| |w|e|b|r|e|n|d|e|r|,102210fe594ee9b33d82058545b1ed14f4c8206e,SpeedIndex,microsoft,True,microsoft SpeedIndex opt cold fission webrender,,6,ms,firefox,,1706489048,2023-06-06 09:09:48,1252381,,,,,,,,,,,,,,,,,,,,,,,,,,,,,,,,,,,,,,,,,,,,,,,,,,,,,,,,,,,,,TN,TN
5d89dee91e755667a691f2b544a063709213138b,398.0,mozilla-beta,4168118,13,59f7c57850e9d10762f122855a024e51389d56e5,windows10-64-shippable-qr,True,False,,|c|o|l|d| |f|i|s|s|i|o|n| |w|e|b|r|e|n|d|e|r|,102210fe594ee9b33d82058545b1ed14f4c8206e,SpeedIndex,microsoft,True,microsoft SpeedIndex opt cold fission webrender,,6,ms,firefox,,1706778857,2023-06-06 16:19:01,1252629,,,,,,,,,,,,,,,,,,,,,,,,,,,,,,,,,,,,,,,,,,,,,,,,,,,,,,,,,,,,,TN,TN
10ed1bfdc481f14670072cdbf87a69d9212c0d6c,411.0,mozilla-beta,4168118,13,59f7c57850e9d10762f122855a024e51389d56e5,windows10-64-shippable-qr,True,False,,|c|o|l|d| |f|i|s|s|i|o|n| |w|e|b|r|e|n|d|e|r|,102210fe594ee9b33d82058545b1ed14f4c8206e,SpeedIndex,microsoft,True,microsoft SpeedIndex opt cold fission webrender,,6,ms,firefox,,1706820578,2023-06-06 18:01:12,1252674,,,,,,,,,,,,,,,,,,,,,,,,,,,,,,,,,,,,,,,,,,,,,,,,,,,,,,,,,,,,,TN,TN
bd9ba4216df4d4c08f1a70ecb66009f13ee08aaa,399.0,mozilla-beta,4168118,13,59f7c57850e9d10762f122855a024e51389d56e5,windows10-64-shippable-qr,True,False,,|c|o|l|d| |f|i|s|s|i|o|n| |w|e|b|r|e|n|d|e|r|,102210fe594ee9b33d82058545b1ed14f4c8206e,SpeedIndex,microsoft,True,microsoft SpeedIndex opt cold fission webrender,,6,ms,firefox,,1707462791,2023-06-07 16:41:52,1253259,,,,,,,,,,,,,,,,,,,,,,,,,,,,,,,,,,,,,,,,,,,,,,,,,,,,,,,,,,,,,TN,TN
eb1d2dce0bdff337836b19b97828f2dcf437f25e,398.0,mozilla-beta,4168118,13,59f7c57850e9d10762f122855a024e51389d56e5,windows10-64-shippable-qr,True,False,,|c|o|l|d| |f|i|s|s|i|o|n| |w|e|b|r|e|n|d|e|r|,102210fe594ee9b33d82058545b1ed14f4c8206e,SpeedIndex,microsoft,True,microsoft SpeedIndex opt cold fission webrender,,6,ms,firefox,,1707497790,2023-06-07 17:56:51,1253314,,,,,,,,,,,,,,,,,,,,,,,,,,,,,,,,,,,,,,,,,,,,,,,,,,,,,,,,,,,,,TN,TN
b0bc9752e921bdc9e4c9de470cbf5fcf72061330,397.0,mozilla-beta,4168118,13,59f7c57850e9d10762f122855a024e51389d56e5,windows10-64-shippable-qr,True,False,,|c|o|l|d| |f|i|s|s|i|o|n| |w|e|b|r|e|n|d|e|r|,102210fe594ee9b33d82058545b1ed14f4c8206e,SpeedIndex,microsoft,True,microsoft SpeedIndex opt cold fission webrender,,6,ms,firefox,,1708081071,2023-06-08 13:18:16,1253873,,,,,,,,,,,,,,,,,,,,,,,,,,,,,,,,,,,,,,,,,,,,,,,,,,,,,,,,,,,,,TN,TN
7123a4cb9219dc73123928c80505ef5544239e3c,386.0,mozilla-beta,4168118,13,59f7c57850e9d10762f122855a024e51389d56e5,windows10-64-shippable-qr,True,False,,|c|o|l|d| |f|i|s|s|i|o|n| |w|e|b|r|e|n|d|e|r|,102210fe594ee9b33d82058545b1ed14f4c8206e,SpeedIndex,microsoft,True,microsoft SpeedIndex opt cold fission webrender,,6,ms,firefox,,1708239176,2023-06-08 17:59:52,1254099,,,,,,,,,,,,,,,,,,,,,,,,,,,,,,,,,,,,,,,,,,,,,,,,,,,,,,,,,,,,,TN,TN
8ef0eed85dd1724df18acbc52ede7bda8d19d4ca,397.0,mozilla-beta,4168118,13,59f7c57850e9d10762f122855a024e51389d56e5,windows10-64-shippable-qr,True,False,,|c|o|l|d| |f|i|s|s|i|o|n| |w|e|b|r|e|n|d|e|r|,102210fe594ee9b33d82058545b1ed14f4c8206e,SpeedIndex,microsoft,True,microsoft SpeedIndex opt cold fission webrender,,6,ms,firefox,,1708323768,2023-06-08 21:41:16,1254264,,,,,,,,,,,,,,,,,,,,,,,,,,,,,,,,,,,,,,,,,,,,,,,,,,,,,,,,,,,,,TN,TN
7b1a019c17f8faeb278c5ff106b55a8737c63e4d,398.0,mozilla-beta,4168118,13,59f7c57850e9d10762f122855a024e51389d56e5,windows10-64-shippable-qr,True,False,,|c|o|l|d| |f|i|s|s|i|o|n| |w|e|b|r|e|n|d|e|r|,102210fe594ee9b33d82058545b1ed14f4c8206e,SpeedIndex,microsoft,True,microsoft SpeedIndex opt cold fission webrender,,6,ms,firefox,,1708711687,2023-06-09 13:50:39,1254632,,,,,,,,,,,,,,,,,,,,,,,,,,,,,,,,,,,,,,,,,,,,,,,,,,,,,,,,,,,,,TN,TN
c2d0daebef20fa875f5260a684fe17c55e129a35,413.0,mozilla-beta,4168118,13,59f7c57850e9d10762f122855a024e51389d56e5,windows10-64-shippable-qr,True,False,,|c|o|l|d| |f|i|s|s|i|o|n| |w|e|b|r|e|n|d|e|r|,102210fe594ee9b33d82058545b1ed14f4c8206e,SpeedIndex,microsoft,True,microsoft SpeedIndex opt cold fission webrender,,6,ms,firefox,,1708866477,2023-06-09 18:01:58,1254819,,,,,,,,,,,,,,,,,,,,,,,,,,,,,,,,,,,,,,,,,,,,,,,,,,,,,,,,,,,,,TN,TN
5fdbfc5f981230abe820c6b234bcf7262e366be0,398.0,mozilla-beta,4168118,13,59f7c57850e9d10762f122855a024e51389d56e5,windows10-64-shippable-qr,True,False,,|c|o|l|d| |f|i|s|s|i|o|n| |w|e|b|r|e|n|d|e|r|,102210fe594ee9b33d82058545b1ed14f4c8206e,SpeedIndex,microsoft,True,microsoft SpeedIndex opt cold fission webrender,,6,ms,firefox,,1709216980,2023-06-10 18:00:11,1255248,,,,,,,,,,,,,,,,,,,,,,,,,,,,,,,,,,,,,,,,,,,,,,,,,,,,,,,,,,,,,TN,TN
b00e6f811a19a3b7ed808efda6906dde57f88e71,386.0,mozilla-beta,4168118,13,59f7c57850e9d10762f122855a024e51389d56e5,windows10-64-shippable-qr,True,False,,|c|o|l|d| |f|i|s|s|i|o|n| |w|e|b|r|e|n|d|e|r|,102210fe594ee9b33d82058545b1ed14f4c8206e,SpeedIndex,microsoft,True,microsoft SpeedIndex opt cold fission webrender,,6,ms,firefox,,1709483132,2023-06-11 14:48:42,1255364,,,,,,,,,,,,,,,,,,,,,,,,,,,,,,,,,,,,,,,,,,,,,,,,,,,,,,,,,,,,,TN,TN
fb3ad1dbd6bbf62e33596cc17abc8bff6a4f425f,397.0,mozilla-beta,4168118,13,59f7c57850e9d10762f122855a024e51389d56e5,windows10-64-shippable-qr,True,False,,|c|o|l|d| |f|i|s|s|i|o|n| |w|e|b|r|e|n|d|e|r|,102210fe594ee9b33d82058545b1ed14f4c8206e,SpeedIndex,microsoft,True,microsoft SpeedIndex opt cold fission webrender,,6,ms,firefox,,1709506634,2023-06-11 18:03:00,1255381,,,,,,,,,,,,,,,,,,,,,,,,,,,,,,,,,,,,,,,,,,,,,,,,,,,,,,,,,,,,,TN,TN
5951b4f28e66d24853b3a42841374e1beec510f9,398.0,mozilla-beta,4168118,13,59f7c57850e9d10762f122855a024e51389d56e5,windows10-64-shippable-qr,True,False,,|c|o|l|d| |f|i|s|s|i|o|n| |w|e|b|r|e|n|d|e|r|,102210fe594ee9b33d82058545b1ed14f4c8206e,SpeedIndex,microsoft,True,microsoft SpeedIndex opt cold fission webrender,,6,ms,firefox,,1709961803,2023-06-12 13:25:59,1255703,,,,,,,,,,,,,,,,,,,,,,,,,,,,,,,,,,,,,,,,,,,,,,,,,,,,,,,,,,,,,TN,TN
795df8f2c2a47a7beef0be639b8c4796877a5c14,380.0,mozilla-beta,4168118,13,59f7c57850e9d10762f122855a024e51389d56e5,windows10-64-shippable-qr,True,False,,|c|o|l|d| |f|i|s|s|i|o|n| |w|e|b|r|e|n|d|e|r|,102210fe594ee9b33d82058545b1ed14f4c8206e,SpeedIndex,microsoft,True,microsoft SpeedIndex opt cold fission webrender,,6,ms,firefox,,1710092124,2023-06-12 17:59:34,1255857,,,,,,,,,,,,,,,,,,,,,,,,,,,,,,,,,,,,,,,,,,,,,,,,,,,,,,,,,,,,,TN,TN
1617cf9288b5d9d85d3cde49ead5c3a8452963e4,381.0,mozilla-beta,4168118,13,59f7c57850e9d10762f122855a024e51389d56e5,windows10-64-shippable-qr,True,False,,|c|o|l|d| |f|i|s|s|i|o|n| |w|e|b|r|e|n|d|e|r|,102210fe594ee9b33d82058545b1ed14f4c8206e,SpeedIndex,microsoft,True,microsoft SpeedIndex opt cold fission webrender,,6,ms,firefox,,1710186120,2023-06-12 21:24:58,1256015,,,,,,,,,,,,,,,,,,,,,,,,,,,,,,,,,,,,,,,,,,,,,,,,,,,,,,,,,,,,,TN,TN
43f24f969b5b2820fa906b6f56770b9bf8e41982,380.0,mozilla-beta,4168118,13,59f7c57850e9d10762f122855a024e51389d56e5,windows10-64-shippable-qr,True,False,,|c|o|l|d| |f|i|s|s|i|o|n| |w|e|b|r|e|n|d|e|r|,102210fe594ee9b33d82058545b1ed14f4c8206e,SpeedIndex,microsoft,True,microsoft SpeedIndex opt cold fission webrender,,6,ms,firefox,,1710573542,2023-06-13 13:44:08,1256472,,,,,,,,,,,,,,,,,,,,,,,,,,,,,,,,,,,,,,,,,,,,,,,,,,,,,,,,,,,,,TN,TN
5cacd05ad73e50693f7c5cfd239e806f0e58ec8f,388.0,mozilla-beta,4168118,13,59f7c57850e9d10762f122855a024e51389d56e5,windows10-64-shippable-qr,True,False,,|c|o|l|d| |f|i|s|s|i|o|n| |w|e|b|r|e|n|d|e|r|,102210fe594ee9b33d82058545b1ed14f4c8206e,SpeedIndex,microsoft,True,microsoft SpeedIndex opt cold fission webrender,,6,ms,firefox,,1710716913,2023-06-13 17:45:06,1256646,,,,,,,,,,,,,,,,,,,,,,,,,,,,,,,,,,,,,,,,,,,,,,,,,,,,,,,,,,,,,TN,TN
c5a9aa9f93cf2309ec4a0cdabdf71b31c3bd3ab6,381.0,mozilla-beta,4168118,13,59f7c57850e9d10762f122855a024e51389d56e5,windows10-64-shippable-qr,True,False,,|c|o|l|d| |f|i|s|s|i|o|n| |w|e|b|r|e|n|d|e|r|,102210fe594ee9b33d82058545b1ed14f4c8206e,SpeedIndex,microsoft,True,microsoft SpeedIndex opt cold fission webrender,,6,ms,firefox,,1710725435,2023-06-13 18:00:33,1256653,,,,,,,,,,,,,,,,,,,,,,,,,,,,,,,,,,,,,,,,,,,,,,,,,,,,,,,,,,,,,TN,TN
66b9443a2c92f97fbf62417687051ad4e85b1800,397.0,mozilla-beta,4168118,13,59f7c57850e9d10762f122855a024e51389d56e5,windows10-64-shippable-qr,True,False,,|c|o|l|d| |f|i|s|s|i|o|n| |w|e|b|r|e|n|d|e|r|,102210fe594ee9b33d82058545b1ed14f4c8206e,SpeedIndex,microsoft,True,microsoft SpeedIndex opt cold fission webrender,,6,ms,firefox,,1710777022,2023-06-13 19:54:13,1256729,,,,,,,,,,,,,,,,,,,,,,,,,,,,,,,,,,,,,,,,,,,,,,,,,,,,,,,,,,,,,TN,TN
81865113c8b6853ca2dc1d65f81b9a15ae5e94cb,398.0,mozilla-beta,4168118,13,59f7c57850e9d10762f122855a024e51389d56e5,windows10-64-shippable-qr,True,False,,|c|o|l|d| |f|i|s|s|i|o|n| |w|e|b|r|e|n|d|e|r|,102210fe594ee9b33d82058545b1ed14f4c8206e,SpeedIndex,microsoft,True,microsoft SpeedIndex opt cold fission webrender,,6,ms,firefox,,1714150341,2023-06-14 01:17:32,1256882,,,,,,,,,,,,,,,,,,,,,,,,,,,,,,,,,,,,,,,,,,,,,,,,,,,,,,,,,,,,,TN,TN
f6e68416dea42dbf642d2efe416f7727ac761f11,397.0,mozilla-beta,4168118,13,59f7c57850e9d10762f122855a024e51389d56e5,windows10-64-shippable-qr,True,False,,|c|o|l|d| |f|i|s|s|i|o|n| |w|e|b|r|e|n|d|e|r|,102210fe594ee9b33d82058545b1ed14f4c8206e,SpeedIndex,microsoft,True,microsoft SpeedIndex opt cold fission webrender,,6,ms,firefox,,1711112260,2023-06-14 12:30:00,1257097,,,,,,,,,,,,,,,,,,,,,,,,,,,,,,,,,,,,,,,,,,,,,,,,,,,,,,,,,,,,,TN,TN
62d1fc48dcd7fd3d026f5cad77c3092d3b93a961,381.0,mozilla-beta,4168118,13,59f7c57850e9d10762f122855a024e51389d56e5,windows10-64-shippable-qr,True,False,,|c|o|l|d| |f|i|s|s|i|o|n| |w|e|b|r|e|n|d|e|r|,102210fe594ee9b33d82058545b1ed14f4c8206e,SpeedIndex,microsoft,True,microsoft SpeedIndex opt cold fission webrender,,6,ms,firefox,,1711309617,2023-06-14 16:03:12,1257228,,,,,,,,,,,,,,,,,,,,,,,,,,,,,,,,,,,,,,,,,,,,,,,,,,,,,,,,,,,,,TN,TN
d01da3405b1219c2d0cc7b559ee0627ad5d8aa5a,396.0,mozilla-beta,4168118,13,59f7c57850e9d10762f122855a024e51389d56e5,windows10-64-shippable-qr,True,False,,|c|o|l|d| |f|i|s|s|i|o|n| |w|e|b|r|e|n|d|e|r|,102210fe594ee9b33d82058545b1ed14f4c8206e,SpeedIndex,microsoft,True,microsoft SpeedIndex opt cold fission webrender,,6,ms,firefox,,1711277998,2023-06-14 16:07:57,1257231,,,,,,,,,,,,,,,,,,,,,,,,,,,,,,,,,,,,,,,,,,,,,,,,,,,,,,,,,,,,,TN,TN
c7ff17c6e0144679b7b925a25177776fcec58f8b,366.0,mozilla-beta,4168118,13,59f7c57850e9d10762f122855a024e51389d56e5,windows10-64-shippable-qr,True,False,,|c|o|l|d| |f|i|s|s|i|o|n| |w|e|b|r|e|n|d|e|r|,102210fe594ee9b33d82058545b1ed14f4c8206e,SpeedIndex,microsoft,True,microsoft SpeedIndex opt cold fission webrender,,6,ms,firefox,,1711359493,2023-06-14 18:02:29,1257301,,,,,,,,,,,,,,,,,,,,,,,,,,,,,,,,,,,,,,,,,,,,,,,,,,,,,,,,,,,,,TN,TN
64f4243f24b70557c280aa6ddafcc846f384dba8,380.0,mozilla-beta,4168118,13,59f7c57850e9d10762f122855a024e51389d56e5,windows10-64-shippable-qr,True,False,,|c|o|l|d| |f|i|s|s|i|o|n| |w|e|b|r|e|n|d|e|r|,102210fe594ee9b33d82058545b1ed14f4c8206e,SpeedIndex,microsoft,True,microsoft SpeedIndex opt cold fission webrender,,6,ms,firefox,,1711393429,2023-06-14 18:51:27,1257357,,,,,,,,,,,,,,,,,,,,,,,,,,,,,,,,,,,,,,,,,,,,,,,,,,,,,,,,,,,,,TN,TN
2f3cce1e72fe61e4643225e21ac84ccebe84ed30,388.0,mozilla-beta,4168118,13,59f7c57850e9d10762f122855a024e51389d56e5,windows10-64-shippable-qr,True,False,,|c|o|l|d| |f|i|s|s|i|o|n| |w|e|b|r|e|n|d|e|r|,102210fe594ee9b33d82058545b1ed14f4c8206e,SpeedIndex,microsoft,True,microsoft SpeedIndex opt cold fission webrender,,6,ms,firefox,,1711511449,2023-06-14 21:35:27,1257504,,,,,,,,,,,,,,,,,,,,,,,,,,,,,,,,,,,,,,,,,,,,,,,,,,,,,,,,,,,,,TN,TN
694f250817cbf4e56d9f88ab3982978b5b1ddfeb,404.0,mozilla-beta,4168118,13,59f7c57850e9d10762f122855a024e51389d56e5,windows10-64-shippable-qr,True,False,,|c|o|l|d| |f|i|s|s|i|o|n| |w|e|b|r|e|n|d|e|r|,102210fe594ee9b33d82058545b1ed14f4c8206e,SpeedIndex,microsoft,True,microsoft SpeedIndex opt cold fission webrender,,6,ms,firefox,,1711895240,2023-06-15 12:50:03,1257977,,,,,,,,,,,,,,,,,,,,,,,,,,,,,,,,,,,,,,,,,,,,,,,,,,,,,,,,,,,,,TN,TN
eb3baa1099b7d11565cc634be3a14b4946fa26c7,397.0,mozilla-beta,4168118,13,59f7c57850e9d10762f122855a024e51389d56e5,windows10-64-shippable-qr,True,False,,|c|o|l|d| |f|i|s|s|i|o|n| |w|e|b|r|e|n|d|e|r|,102210fe594ee9b33d82058545b1ed14f4c8206e,SpeedIndex,microsoft,True,microsoft SpeedIndex opt cold fission webrender,,6,ms,firefox,,1711925262,2023-06-15 13:23:28,1257996,,,,,,,,,,,,,,,,,,,,,,,,,,,,,,,,,,,,,,,,,,,,,,,,,,,,,,,,,,,,,TN,TN
342783aaf1e5ad6a8b40b22a1618c81a719c436b,406.0,mozilla-beta,4168118,13,59f7c57850e9d10762f122855a024e51389d56e5,windows10-64-shippable-qr,True,False,,|c|o|l|d| |f|i|s|s|i|o|n| |w|e|b|r|e|n|d|e|r|,102210fe594ee9b33d82058545b1ed14f4c8206e,SpeedIndex,microsoft,True,microsoft SpeedIndex opt cold fission webrender,,6,ms,firefox,,1712062230,2023-06-15 16:46:36,1258166,,,,,,,,,,,,,,,,,,,,,,,,,,,,,,,,,,,,,,,,,,,,,,,,,,,,,,,,,,,,,TN,TN
9eef95942305594426974a54ca94dd63489c7df0,399.0,mozilla-beta,4168118,13,59f7c57850e9d10762f122855a024e51389d56e5,windows10-64-shippable-qr,True,False,,|c|o|l|d| |f|i|s|s|i|o|n| |w|e|b|r|e|n|d|e|r|,102210fe594ee9b33d82058545b1ed14f4c8206e,SpeedIndex,microsoft,True,microsoft SpeedIndex opt cold fission webrender,,6,ms,firefox,,1712112799,2023-06-15 17:58:02,1258224,417.33,mozilla-ldap/aionescu@mozilla.com,342783aaf1e5ad6a8b40b22a1618c81a719c436b,38755.0,6.64,early-beta-or-earlier,391.33,2023-06-22 07:39:28.737459,False,13.0,13.0,,,,1258166.0,5.0,1258224.0,4.0,mozilla-ldap/aionescu@mozilla.com,59f7c57850e9d10762f122855a024e51389d56e5,,windows10-64-shippable-qr,1839665.0,mozilla-beta,2023-06-26 19:48:36.703780,,1.0,26.0,176864.0,ms,,"(9,)",38755.0,102210fe594ee9b33d82058545b1ed14f4c8206e,,True,False,aionescu@mozilla.com,"(0,)","(4,)",aionescu@mozilla.com,2023-06-19 19:48:36.703780,,,SpeedIndex,OK,True,9eef95942305594426974a54ca94dd63489c7df0,,2023-06-22 07:40:00.780814,,"('[{""perf_datum_id"": 1711925262, ""value"": 397.0, ""job_id"": 419441093, ""push_id"": 1257996, ""push_timestamp"": ""2023-06-15T13:23:28"", ""push__revision"": ""eb3baa1099b7d11565cc634be3a14b4946fa26c7""}, {""perf_datum_id"": 1712062230, ""value"": 406.0, ""job_id"": 419476033, ""push_id"": 1258166, ""push_timestamp"": ""2023-06-15T16:46:36"", ""push__revision"": ""342783aaf1e5ad6a8b40b22a1618c81a719c436b""}, {""perf_datum_id"": 1712112799, ""value"": 399.0, ""job_id"": 419482889, ""push_id"": 1258224, ""push_timestamp"": ""2023-06-15T17:58:02"", ""push__revision"": ""9eef95942305594426974a54ca94dd63489c7df0""}, {""perf_datum_id"": 1712607673, ""value"": 411.0, ""job_id"": 419606212, ""push_id"": 1258818, ""push_timestamp"": ""2023-06-16T12:17:47"", ""push__revision"": ""e25852ed404ec6289f7c9f1023510a8444d4483a""}, {""perf_datum_id"": 1712698882, ""value"": 422.0, ""job_id"": 419621622, ""push_id"": 1258885, ""push_timestamp"": ""2023-06-16T14:00:16"", ""push__revision"": ""9c261dccd96ad7615ed5dfa6bb2130b2d3199fee""}]',)",False,"(0,)",7.3,microsoft,"cold, fission, webrender","(3,)","cold, fission, webrender",2023-06-22 19:48:36.703780,SP,TP
91a3accabc940ce912c2daa4a823a15bb40fb960,394.0,mozilla-beta,4168118,13,59f7c57850e9d10762f122855a024e51389d56e5,windows10-64-shippable-qr,True,False,,|c|o|l|d| |f|i|s|s|i|o|n| |w|e|b|r|e|n|d|e|r|,102210fe594ee9b33d82058545b1ed14f4c8206e,SpeedIndex,microsoft,True,microsoft SpeedIndex opt cold fission webrender,,6,ms,firefox,,1714175532,2023-06-15 21:25:04,1258399,,,,,,,,,,,,,,,,,,,,,,,,,,,,,,,,,,,,,,,,,,,,,,,,,,,,,,,,,,,,,TN,TN
cd3b70bf580f270ccec5406f2b46da599b8c77c0,396.0,mozilla-beta,4168118,13,59f7c57850e9d10762f122855a024e51389d56e5,windows10-64-shippable-qr,True,False,,|c|o|l|d| |f|i|s|s|i|o|n| |w|e|b|r|e|n|d|e|r|,102210fe594ee9b33d82058545b1ed14f4c8206e,SpeedIndex,microsoft,True,microsoft SpeedIndex opt cold fission webrender,,6,ms,firefox,,1714178247,2023-06-15 21:31:47,1258405,,,,,,,,,,,,,,,,,,,,,,,,,,,,,,,,,,,,,,,,,,,,,,,,,,,,,,,,,,,,,TN,TN
fe266469b791826e71b2b2e86c479eace620eceb,386.0,mozilla-beta,4168118,13,59f7c57850e9d10762f122855a024e51389d56e5,windows10-64-shippable-qr,True,False,,|c|o|l|d| |f|i|s|s|i|o|n| |w|e|b|r|e|n|d|e|r|,102210fe594ee9b33d82058545b1ed14f4c8206e,SpeedIndex,microsoft,True,microsoft SpeedIndex opt cold fission webrender,,6,ms,firefox,,1714178697,2023-06-16 00:18:37,1258546,,,,,,,,,,,,,,,,,,,,,,,,,,,,,,,,,,,,,,,,,,,,,,,,,,,,,,,,,,,,,TN,TN
a9ab4abda591bc764341ef54ccf38ca74ff378c1,397.0,mozilla-beta,4168118,13,59f7c57850e9d10762f122855a024e51389d56e5,windows10-64-shippable-qr,True,False,,|c|o|l|d| |f|i|s|s|i|o|n| |w|e|b|r|e|n|d|e|r|,102210fe594ee9b33d82058545b1ed14f4c8206e,SpeedIndex,microsoft,True,microsoft SpeedIndex opt cold fission webrender,,6,ms,firefox,,1714185636,2023-06-16 00:29:37,1258556,,,,,,,,,,,,,,,,,,,,,,,,,,,,,,,,,,,,,,,,,,,,,,,,,,,,,,,,,,,,,TN,TN
e25852ed404ec6289f7c9f1023510a8444d4483a,411.0,mozilla-beta,4168118,13,59f7c57850e9d10762f122855a024e51389d56e5,windows10-64-shippable-qr,True,False,,|c|o|l|d| |f|i|s|s|i|o|n| |w|e|b|r|e|n|d|e|r|,102210fe594ee9b33d82058545b1ed14f4c8206e,SpeedIndex,microsoft,True,microsoft SpeedIndex opt cold fission webrender,,6,ms,firefox,,1712607673,2023-06-16 12:17:47,1258818,,,,,,,,,,,,,,,,,,,,,,,,,,,,,,,,,,,,,,,,,,,,,,,,,,,,,,,,,,,,,TN,TN
9c261dccd96ad7615ed5dfa6bb2130b2d3199fee,422.0,mozilla-beta,4168118,13,59f7c57850e9d10762f122855a024e51389d56e5,windows10-64-shippable-qr,True,False,,|c|o|l|d| |f|i|s|s|i|o|n| |w|e|b|r|e|n|d|e|r|,102210fe594ee9b33d82058545b1ed14f4c8206e,SpeedIndex,microsoft,True,microsoft SpeedIndex opt cold fission webrender,,6,ms,firefox,,1712698882,2023-06-16 14:00:16,1258885,,,,,,,,,,,,,,,,,,,,,,,,,,,,,,,,,,,,,,,,,,,,,,,,,,,,,,,,,,,,,TN,TN
2d70dba8bc4fac04fc507a6843648c65e655a9fc,428.0,mozilla-beta,4168118,13,59f7c57850e9d10762f122855a024e51389d56e5,windows10-64-shippable-qr,True,False,,|c|o|l|d| |f|i|s|s|i|o|n| |w|e|b|r|e|n|d|e|r|,102210fe594ee9b33d82058545b1ed14f4c8206e,SpeedIndex,microsoft,True,microsoft SpeedIndex opt cold fission webrender,,6,ms,firefox,,1712807648,2023-06-16 16:25:38,1259000,,,,,,,,,,,,,,,,,,,,,,,,,,,,,,,,,,,,,,,,,,,,,,,,,,,,,,,,,,,,,TN,TN
0d1afa980fd5e9592d083e71a8f7b15c55d8da7a,425.0,mozilla-beta,4168118,13,59f7c57850e9d10762f122855a024e51389d56e5,windows10-64-shippable-qr,True,False,,|c|o|l|d| |f|i|s|s|i|o|n| |w|e|b|r|e|n|d|e|r|,102210fe594ee9b33d82058545b1ed14f4c8206e,SpeedIndex,microsoft,True,microsoft SpeedIndex opt cold fission webrender,,6,ms,firefox,,1712861595,2023-06-16 17:26:28,1259042,,,,,,,,,,,,,,,,,,,,,,,,,,,,,,,,,,,,,,,,,,,,,,,,,,,,,,,,,,,,,TN,TN
674af946dedcc6cb70fb6618f3260776f1b576a3,406.0,mozilla-beta,4168118,13,59f7c57850e9d10762f122855a024e51389d56e5,windows10-64-shippable-qr,True,False,,|c|o|l|d| |f|i|s|s|i|o|n| |w|e|b|r|e|n|d|e|r|,102210fe594ee9b33d82058545b1ed14f4c8206e,SpeedIndex,microsoft,True,microsoft SpeedIndex opt cold fission webrender,,6,ms,firefox,,1712874809,2023-06-16 18:00:51,1259071,,,,,,,,,,,,,,,,,,,,,,,,,,,,,,,,,,,,,,,,,,,,,,,,,,,,,,,,,,,,,TN,TN
52a96b277058ecfdb1675b8b331a6600d9ed0a72,425.0,mozilla-beta,4168118,13,59f7c57850e9d10762f122855a024e51389d56e5,windows10-64-shippable-qr,True,False,,|c|o|l|d| |f|i|s|s|i|o|n| |w|e|b|r|e|n|d|e|r|,102210fe594ee9b33d82058545b1ed14f4c8206e,SpeedIndex,microsoft,True,microsoft SpeedIndex opt cold fission webrender,,6,ms,firefox,,1712899860,2023-06-16 18:38:48,1259110,,,,,,,,,,,,,,,,,,,,,,,,,,,,,,,,,,,,,,,,,,,,,,,,,,,,,,,,,,,,,TN,TN
a0f771ea7ef5471029c3c2df766b55bb375dec59,413.0,mozilla-beta,4168118,13,59f7c57850e9d10762f122855a024e51389d56e5,windows10-64-shippable-qr,True,False,,|c|o|l|d| |f|i|s|s|i|o|n| |w|e|b|r|e|n|d|e|r|,102210fe594ee9b33d82058545b1ed14f4c8206e,SpeedIndex,microsoft,True,microsoft SpeedIndex opt cold fission webrender,,6,ms,firefox,,1713203030,2023-06-17 14:26:16,1259379,,,,,,,,,,,,,,,,,,,,,,,,,,,,,,,,,,,,,,,,,,,,,,,,,,,,,,,,,,,,,TN,TN
9bea68f5a93823e72353cd0a13950265001dea22,419.0,mozilla-beta,4168118,13,59f7c57850e9d10762f122855a024e51389d56e5,windows10-64-shippable-qr,True,False,,|c|o|l|d| |f|i|s|s|i|o|n| |w|e|b|r|e|n|d|e|r|,102210fe594ee9b33d82058545b1ed14f4c8206e,SpeedIndex,microsoft,True,microsoft SpeedIndex opt cold fission webrender,,6,ms,firefox,,1713247677,2023-06-17 17:58:30,1259394,,,,,,,,,,,,,,,,,,,,,,,,,,,,,,,,,,,,,,,,,,,,,,,,,,,,,,,,,,,,,TN,TN
b27c9dccd8728a3110d43ec3316d685a30479f7e,424.0,mozilla-beta,4168118,13,59f7c57850e9d10762f122855a024e51389d56e5,windows10-64-shippable-qr,True,False,,|c|o|l|d| |f|i|s|s|i|o|n| |w|e|b|r|e|n|d|e|r|,102210fe594ee9b33d82058545b1ed14f4c8206e,SpeedIndex,microsoft,True,microsoft SpeedIndex opt cold fission webrender,,6,ms,firefox,,1713514549,2023-06-18 18:02:18,1259476,,,,,,,,,,,,,,,,,,,,,,,,,,,,,,,,,,,,,,,,,,,,,,,,,,,,,,,,,,,,,TN,TN
adf8be9db85188012cda047766ed806a2017ec5d,426.0,mozilla-beta,4168118,13,59f7c57850e9d10762f122855a024e51389d56e5,windows10-64-shippable-qr,True,False,,|c|o|l|d| |f|i|s|s|i|o|n| |w|e|b|r|e|n|d|e|r|,102210fe594ee9b33d82058545b1ed14f4c8206e,SpeedIndex,microsoft,True,microsoft SpeedIndex opt cold fission webrender,,6,ms,firefox,,1714012418,2023-06-19 13:34:03,1259766,,,,,,,,,,,,,,,,,,,,,,,,,,,,,,,,,,,,,,,,,,,,,,,,,,,,,,,,,,,,,TN,TN
f5a4c8a56c4084fb474ef9a83dc8099331777010,410.0,mozilla-beta,4168118,13,59f7c57850e9d10762f122855a024e51389d56e5,windows10-64-shippable-qr,True,False,,|c|o|l|d| |f|i|s|s|i|o|n| |w|e|b|r|e|n|d|e|r|,102210fe594ee9b33d82058545b1ed14f4c8206e,SpeedIndex,microsoft,True,microsoft SpeedIndex opt cold fission webrender,,6,ms,firefox,,1714102238,2023-06-19 18:00:07,1259894,,,,,,,,,,,,,,,,,,,,,,,,,,,,,,,,,,,,,,,,,,,,,,,,,,,,,,,,,,,,,TN,TN
1fd1675876cf4ace179d70ab72cf9cc67ef382fd,425.0,mozilla-beta,4168118,13,59f7c57850e9d10762f122855a024e51389d56e5,windows10-64-shippable-qr,True,False,,|c|o|l|d| |f|i|s|s|i|o|n| |w|e|b|r|e|n|d|e|r|,102210fe594ee9b33d82058545b1ed14f4c8206e,SpeedIndex,microsoft,True,microsoft SpeedIndex opt cold fission webrender,,6,ms,firefox,,1714775546,2023-06-20 13:15:48,1260317,,,,,,,,,,,,,,,,,,,,,,,,,,,,,,,,,,,,,,,,,,,,,,,,,,,,,,,,,,,,,TN,TN
0e3e70a7494b91f847545f541f60c2afdffdc973,423.0,mozilla-beta,4168118,13,59f7c57850e9d10762f122855a024e51389d56e5,windows10-64-shippable-qr,True,False,,|c|o|l|d| |f|i|s|s|i|o|n| |w|e|b|r|e|n|d|e|r|,102210fe594ee9b33d82058545b1ed14f4c8206e,SpeedIndex,microsoft,True,microsoft SpeedIndex opt cold fission webrender,,6,ms,firefox,,1714808252,2023-06-20 14:20:56,1260368,,,,,,,,,,,,,,,,,,,,,,,,,,,,,,,,,,,,,,,,,,,,,,,,,,,,,,,,,,,,,TN,TN
d80d61687ffcaa2e80424701a477210e3c29e1e4,406.0,mozilla-beta,4168118,13,59f7c57850e9d10762f122855a024e51389d56e5,windows10-64-shippable-qr,True,False,,|c|o|l|d| |f|i|s|s|i|o|n| |w|e|b|r|e|n|d|e|r|,102210fe594ee9b33d82058545b1ed14f4c8206e,SpeedIndex,microsoft,True,microsoft SpeedIndex opt cold fission webrender,,6,ms,firefox,,1714936903,2023-06-20 16:59:19,1260535,,,,,,,,,,,,,,,,,,,,,,,,,,,,,,,,,,,,,,,,,,,,,,,,,,,,,,,,,,,,,TN,TN
fdd1d4854968d51f3c174deecd5ead8c74793315,422.0,mozilla-beta,4168118,13,59f7c57850e9d10762f122855a024e51389d56e5,windows10-64-shippable-qr,True,False,,|c|o|l|d| |f|i|s|s|i|o|n| |w|e|b|r|e|n|d|e|r|,102210fe594ee9b33d82058545b1ed14f4c8206e,SpeedIndex,microsoft,True,microsoft SpeedIndex opt cold fission webrender,,6,ms,firefox,,1714948384,2023-06-20 17:24:22,1260558,,,,,,,,,,,,,,,,,,,,,,,,,,,,,,,,,,,,,,,,,,,,,,,,,,,,,,,,,,,,,TN,TN
d30b3cd164afe66b9db586154a0af4b5d4791308,413.0,mozilla-beta,4168118,13,59f7c57850e9d10762f122855a024e51389d56e5,windows10-64-shippable-qr,True,False,,|c|o|l|d| |f|i|s|s|i|o|n| |w|e|b|r|e|n|d|e|r|,102210fe594ee9b33d82058545b1ed14f4c8206e,SpeedIndex,microsoft,True,microsoft SpeedIndex opt cold fission webrender,,6,ms,firefox,,1714980295,2023-06-20 18:00:51,1260587,,,,,,,,,,,,,,,,,,,,,,,,,,,,,,,,,,,,,,,,,,,,,,,,,,,,,,,,,,,,,TN,TN
cf1d9c398e1664622904b2d01e0eb2a9b42e5d54,437.0,mozilla-beta,4168118,13,59f7c57850e9d10762f122855a024e51389d56e5,windows10-64-shippable-qr,True,False,,|c|o|l|d| |f|i|s|s|i|o|n| |w|e|b|r|e|n|d|e|r|,102210fe594ee9b33d82058545b1ed14f4c8206e,SpeedIndex,microsoft,True,microsoft SpeedIndex opt cold fission webrender,,6,ms,firefox,,1715681305,2023-06-21 13:26:34,1261229,,,,,,,,,,,,,,,,,,,,,,,,,,,,,,,,,,,,,,,,,,,,,,,,,,,,,,,,,,,,,TN,TN
3a2f506cc4b8d7f3a8d99388d68485b5603f22ca,405.0,mozilla-beta,4168118,13,59f7c57850e9d10762f122855a024e51389d56e5,windows10-64-shippable-qr,True,False,,|c|o|l|d| |f|i|s|s|i|o|n| |w|e|b|r|e|n|d|e|r|,102210fe594ee9b33d82058545b1ed14f4c8206e,SpeedIndex,microsoft,True,microsoft SpeedIndex opt cold fission webrender,,6,ms,firefox,,1715859368,2023-06-21 18:11:33,1261396,,,,,,,,,,,,,,,,,,,,,,,,,,,,,,,,,,,,,,,,,,,,,,,,,,,,,,,,,,,,,TN,TN
f3ff17245015ec7abbec1cc6ee2cfce3b96bd3d5,423.0,mozilla-beta,4168118,13,59f7c57850e9d10762f122855a024e51389d56e5,windows10-64-shippable-qr,True,False,,|c|o|l|d| |f|i|s|s|i|o|n| |w|e|b|r|e|n|d|e|r|,102210fe594ee9b33d82058545b1ed14f4c8206e,SpeedIndex,microsoft,True,microsoft SpeedIndex opt cold fission webrender,,6,ms,firefox,,1715941776,2023-06-21 20:07:35,1261505,,,,,,,,,,,,,,,,,,,,,,,,,,,,,,,,,,,,,,,,,,,,,,,,,,,,,,,,,,,,,TN,TN
21fdd11b59cbcf17e476b707f5f59ebcb4fa474e,422.0,mozilla-beta,4168118,13,59f7c57850e9d10762f122855a024e51389d56e5,windows10-64-shippable-qr,True,False,,|c|o|l|d| |f|i|s|s|i|o|n| |w|e|b|r|e|n|d|e|r|,102210fe594ee9b33d82058545b1ed14f4c8206e,SpeedIndex,microsoft,True,microsoft SpeedIndex opt cold fission webrender,,6,ms,firefox,,1716215535,2023-06-22 11:20:57,1262041,,,,,,,,,,,,,,,,,,,,,,,,,,,,,,,,,,,,,,,,,,,,,,,,,,,,,,,,,,,,,TN,TN
7da579f6a813f30bd4f009a2a1f7911def52e572,425.0,mozilla-beta,4168118,13,59f7c57850e9d10762f122855a024e51389d56e5,windows10-64-shippable-qr,True,False,,|c|o|l|d| |f|i|s|s|i|o|n| |w|e|b|r|e|n|d|e|r|,102210fe594ee9b33d82058545b1ed14f4c8206e,SpeedIndex,microsoft,True,microsoft SpeedIndex opt cold fission webrender,,6,ms,firefox,,1716262227,2023-06-22 12:38:03,1262084,,,,,,,,,,,,,,,,,,,,,,,,,,,,,,,,,,,,,,,,,,,,,,,,,,,,,,,,,,,,,TN,TN
6722dee8d3773705cd9d4eddb3baf3333015aed2,422.0,mozilla-beta,4168118,13,59f7c57850e9d10762f122855a024e51389d56e5,windows10-64-shippable-qr,True,False,,|c|o|l|d| |f|i|s|s|i|o|n| |w|e|b|r|e|n|d|e|r|,102210fe594ee9b33d82058545b1ed14f4c8206e,SpeedIndex,microsoft,True,microsoft SpeedIndex opt cold fission webrender,,6,ms,firefox,,1716292889,2023-06-22 13:03:32,1262107,,,,,,,,,,,,,,,,,,,,,,,,,,,,,,,,,,,,,,,,,,,,,,,,,,,,,,,,,,,,,TN,TN
3673ad484e13ce731e7fc368a7e6b114d5eeee44,410.0,mozilla-beta,4168118,13,59f7c57850e9d10762f122855a024e51389d56e5,windows10-64-shippable-qr,True,False,,|c|o|l|d| |f|i|s|s|i|o|n| |w|e|b|r|e|n|d|e|r|,102210fe594ee9b33d82058545b1ed14f4c8206e,SpeedIndex,microsoft,True,microsoft SpeedIndex opt cold fission webrender,,6,ms,firefox,,1716307715,2023-06-22 13:08:25,1262111,,,,,,,,,,,,,,,,,,,,,,,,,,,,,,,,,,,,,,,,,,,,,,,,,,,,,,,,,,,,,TN,TN
027186aaa28cc91b5f9484c62413e2a3936e84ca,424.0,mozilla-beta,4168118,13,59f7c57850e9d10762f122855a024e51389d56e5,windows10-64-shippable-qr,True,False,,|c|o|l|d| |f|i|s|s|i|o|n| |w|e|b|r|e|n|d|e|r|,102210fe594ee9b33d82058545b1ed14f4c8206e,SpeedIndex,microsoft,True,microsoft SpeedIndex opt cold fission webrender,,6,ms,firefox,,1716337641,2023-06-22 13:37:22,1262125,,,,,,,,,,,,,,,,,,,,,,,,,,,,,,,,,,,,,,,,,,,,,,,,,,,,,,,,,,,,,TN,TN
6cdb4c2436de23c3699b154aa73e6710a95c98b0,424.0,mozilla-beta,4168118,13,59f7c57850e9d10762f122855a024e51389d56e5,windows10-64-shippable-qr,True,False,,|c|o|l|d| |f|i|s|s|i|o|n| |w|e|b|r|e|n|d|e|r|,102210fe594ee9b33d82058545b1ed14f4c8206e,SpeedIndex,microsoft,True,microsoft SpeedIndex opt cold fission webrender,,6,ms,firefox,,1716403169,2023-06-22 16:12:21,1262276,,,,,,,,,,,,,,,,,,,,,,,,,,,,,,,,,,,,,,,,,,,,,,,,,,,,,,,,,,,,,TN,TN
6c222240ff315735f42bc230693f4ddfa0b6ac7f,402.0,mozilla-beta,4168118,13,59f7c57850e9d10762f122855a024e51389d56e5,windows10-64-shippable-qr,True,False,,|c|o|l|d| |f|i|s|s|i|o|n| |w|e|b|r|e|n|d|e|r|,102210fe594ee9b33d82058545b1ed14f4c8206e,SpeedIndex,microsoft,True,microsoft SpeedIndex opt cold fission webrender,,6,ms,firefox,,1717047978,2023-06-23 13:38:03,1262945,,,,,,,,,,,,,,,,,,,,,,,,,,,,,,,,,,,,,,,,,,,,,,,,,,,,,,,,,,,,,TN,TN
1ba3d3c99916f850738f21670775ef715521a5df,426.0,mozilla-beta,4168118,13,59f7c57850e9d10762f122855a024e51389d56e5,windows10-64-shippable-qr,True,False,,|c|o|l|d| |f|i|s|s|i|o|n| |w|e|b|r|e|n|d|e|r|,102210fe594ee9b33d82058545b1ed14f4c8206e,SpeedIndex,microsoft,True,microsoft SpeedIndex opt cold fission webrender,,6,ms,firefox,,1717205463,2023-06-23 18:03:44,1263072,,,,,,,,,,,,,,,,,,,,,,,,,,,,,,,,,,,,,,,,,,,,,,,,,,,,,,,,,,,,,TN,TN
6e906785da867056a855a34df3f92db65b8a7c49,424.0,mozilla-beta,4168118,13,59f7c57850e9d10762f122855a024e51389d56e5,windows10-64-shippable-qr,True,False,,|c|o|l|d| |f|i|s|s|i|o|n| |w|e|b|r|e|n|d|e|r|,102210fe594ee9b33d82058545b1ed14f4c8206e,SpeedIndex,microsoft,True,microsoft SpeedIndex opt cold fission webrender,,6,ms,firefox,,1717191581,2023-06-23 18:52:54,1263096,,,,,,,,,,,,,,,,,,,,,,,,,,,,,,,,,,,,,,,,,,,,,,,,,,,,,,,,,,,,,TN,TN
3b9f2c4be4f6e4271c11c1d4407eae55196c950d,424.0,mozilla-beta,4168118,13,59f7c57850e9d10762f122855a024e51389d56e5,windows10-64-shippable-qr,True,False,,|c|o|l|d| |f|i|s|s|i|o|n| |w|e|b|r|e|n|d|e|r|,102210fe594ee9b33d82058545b1ed14f4c8206e,SpeedIndex,microsoft,True,microsoft SpeedIndex opt cold fission webrender,,6,ms,firefox,,1717324856,2023-06-24 13:12:41,1263171,,,,,,,,,,,,,,,,,,,,,,,,,,,,,,,,,,,,,,,,,,,,,,,,,,,,,,,,,,,,,TN,TN
4576212ef8edf2209dd7f1b3605a741be564cf74,421.0,mozilla-beta,4168118,13,59f7c57850e9d10762f122855a024e51389d56e5,windows10-64-shippable-qr,True,False,,|c|o|l|d| |f|i|s|s|i|o|n| |w|e|b|r|e|n|d|e|r|,102210fe594ee9b33d82058545b1ed14f4c8206e,SpeedIndex,microsoft,True,microsoft SpeedIndex opt cold fission webrender,,6,ms,firefox,,1717391682,2023-06-24 18:00:33,1263268,,,,,,,,,,,,,,,,,,,,,,,,,,,,,,,,,,,,,,,,,,,,,,,,,,,,,,,,,,,,,TN,TN
fa15ea81806e25491783ce0553573fb780959801,400.0,mozilla-beta,4168118,13,59f7c57850e9d10762f122855a024e51389d56e5,windows10-64-shippable-qr,True,False,,|c|o|l|d| |f|i|s|s|i|o|n| |w|e|b|r|e|n|d|e|r|,102210fe594ee9b33d82058545b1ed14f4c8206e,SpeedIndex,microsoft,True,microsoft SpeedIndex opt cold fission webrender,,6,ms,firefox,,1717458109,2023-06-24 22:36:22,1263284,,,,,,,,,,,,,,,,,,,,,,,,,,,,,,,,,,,,,,,,,,,,,,,,,,,,,,,,,,,,,TN,TN
35de7f48bd8fa9ca1ba185a0021f2d1cafa7f49e,423.0,mozilla-beta,4168118,13,59f7c57850e9d10762f122855a024e51389d56e5,windows10-64-shippable-qr,True,False,,|c|o|l|d| |f|i|s|s|i|o|n| |w|e|b|r|e|n|d|e|r|,102210fe594ee9b33d82058545b1ed14f4c8206e,SpeedIndex,microsoft,True,microsoft SpeedIndex opt cold fission webrender,,6,ms,firefox,,1717536014,2023-06-25 17:59:55,1263345,,,,,,,,,,,,,,,,,,,,,,,,,,,,,,,,,,,,,,,,,,,,,,,,,,,,,,,,,,,,,TN,TN
f539365f51c8542b1e354b68e50907668f16878d,411.0,mozilla-beta,4168118,13,59f7c57850e9d10762f122855a024e51389d56e5,windows10-64-shippable-qr,True,False,,|c|o|l|d| |f|i|s|s|i|o|n| |w|e|b|r|e|n|d|e|r|,102210fe594ee9b33d82058545b1ed14f4c8206e,SpeedIndex,microsoft,True,microsoft SpeedIndex opt cold fission webrender,,6,ms,firefox,,1717880114,2023-06-26 13:12:41,1263655,,,,,,,,,,,,,,,,,,,,,,,,,,,,,,,,,,,,,,,,,,,,,,,,,,,,,,,,,,,,,TN,TN
035b72e275569245ab5c8844f4ddca8f5ce7da42,416.0,mozilla-beta,4168118,13,59f7c57850e9d10762f122855a024e51389d56e5,windows10-64-shippable-qr,True,False,,|c|o|l|d| |f|i|s|s|i|o|n| |w|e|b|r|e|n|d|e|r|,102210fe594ee9b33d82058545b1ed14f4c8206e,SpeedIndex,microsoft,True,microsoft SpeedIndex opt cold fission webrender,,6,ms,firefox,,1717898665,2023-06-26 14:05:49,1263698,,,,,,,,,,,,,,,,,,,,,,,,,,,,,,,,,,,,,,,,,,,,,,,,,,,,,,,,,,,,,TN,TN
d3cecb35f77946efdfc851b00241e7cfb248d4f5,408.2,mozilla-beta,4168118,13,59f7c57850e9d10762f122855a024e51389d56e5,windows10-64-shippable-qr,True,False,,|c|o|l|d| |f|i|s|s|i|o|n| |w|e|b|r|e|n|d|e|r|,102210fe594ee9b33d82058545b1ed14f4c8206e,SpeedIndex,microsoft,True,microsoft SpeedIndex opt cold fission webrender,,6,ms,firefox,,1720958866,2023-07-04 08:05:00,1267289,,,,,,,,,,,,,,,,,,,,,,,,,,,,,,,,,,,,,,,,,,,,,,,,,,,,,,,,,,,,,TN,TN
8ac42d8638fae465733db49debf49675c6b20697,387.8,mozilla-beta,4168118,13,59f7c57850e9d10762f122855a024e51389d56e5,windows10-64-shippable-qr,True,False,,|c|o|l|d| |f|i|s|s|i|o|n| |w|e|b|r|e|n|d|e|r|,102210fe594ee9b33d82058545b1ed14f4c8206e,SpeedIndex,microsoft,True,microsoft SpeedIndex opt cold fission webrender,,6,ms,firefox,,1720974810,2023-07-04 08:13:20,1267293,,,,,,,,,,,,,,,,,,,,,,,,,,,,,,,,,,,,,,,,,,,,,,,,,,,,,,,,,,,,,TN,TN
d7e3fb8cd375eaf56ea5d3a43285557eaee0a5e0,416.2,mozilla-beta,4168118,13,59f7c57850e9d10762f122855a024e51389d56e5,windows10-64-shippable-qr,True,False,,|c|o|l|d| |f|i|s|s|i|o|n| |w|e|b|r|e|n|d|e|r|,102210fe594ee9b33d82058545b1ed14f4c8206e,SpeedIndex,microsoft,True,microsoft SpeedIndex opt cold fission webrender,,6,ms,firefox,,1721229947,2023-07-04 17:59:10,1267597,,,,,,,,,,,,,,,,,,,,,,,,,,,,,,,,,,,,,,,,,,,,,,,,,,,,,,,,,,,,,TN,TN
2251a5bd1148826e0c1e6b3d0c5c6985f6284372,394.4,mozilla-beta,4168118,13,59f7c57850e9d10762f122855a024e51389d56e5,windows10-64-shippable-qr,True,False,,|c|o|l|d| |f|i|s|s|i|o|n| |w|e|b|r|e|n|d|e|r|,102210fe594ee9b33d82058545b1ed14f4c8206e,SpeedIndex,microsoft,True,microsoft SpeedIndex opt cold fission webrender,,6,ms,firefox,,1721313626,2023-07-04 20:50:41,1267656,,,,,,,,,,,,,,,,,,,,,,,,,,,,,,,,,,,,,,,,,,,,,,,,,,,,,,,,,,,,,TN,TN
c0cb0ed5b9e39efd1be1f0d0dee1d03db2f8c4af,419.8,mozilla-beta,4168118,13,59f7c57850e9d10762f122855a024e51389d56e5,windows10-64-shippable-qr,True,False,,|c|o|l|d| |f|i|s|s|i|o|n| |w|e|b|r|e|n|d|e|r|,102210fe594ee9b33d82058545b1ed14f4c8206e,SpeedIndex,microsoft,True,microsoft SpeedIndex opt cold fission webrender,,6,ms,firefox,,1721822164,2023-07-05 18:01:37,1268100,,,,,,,,,,,,,,,,,,,,,,,,,,,,,,,,,,,,,,,,,,,,,,,,,,,,,,,,,,,,,TN,TN
5b26c16edbef4a3fef8c57d63a680eb3417f22fd,427.3,mozilla-beta,4168118,13,59f7c57850e9d10762f122855a024e51389d56e5,windows10-64-shippable-qr,True,False,,|c|o|l|d| |f|i|s|s|i|o|n| |w|e|b|r|e|n|d|e|r|,102210fe594ee9b33d82058545b1ed14f4c8206e,SpeedIndex,microsoft,True,microsoft SpeedIndex opt cold fission webrender,,6,ms,firefox,,1721969249,2023-07-05 22:18:29,1268276,,,,,,,,,,,,,,,,,,,,,,,,,,,,,,,,,,,,,,,,,,,,,,,,,,,,,,,,,,,,,TN,TN
3935d29947b87bf51e6b103f3722fcf0649a883e,419.2,mozilla-beta,4168118,13,59f7c57850e9d10762f122855a024e51389d56e5,windows10-64-shippable-qr,True,False,,|c|o|l|d| |f|i|s|s|i|o|n| |w|e|b|r|e|n|d|e|r|,102210fe594ee9b33d82058545b1ed14f4c8206e,SpeedIndex,microsoft,True,microsoft SpeedIndex opt cold fission webrender,,6,ms,firefox,,1722281878,2023-07-06 14:26:52,1268671,,,,,,,,,,,,,,,,,,,,,,,,,,,,,,,,,,,,,,,,,,,,,,,,,,,,,,,,,,,,,TN,TN
b2838888a0e8eb0d0c60ef66175758b37c95f0c5,396.9,mozilla-beta,4168118,13,59f7c57850e9d10762f122855a024e51389d56e5,windows10-64-shippable-qr,True,False,,|c|o|l|d| |f|i|s|s|i|o|n| |w|e|b|r|e|n|d|e|r|,102210fe594ee9b33d82058545b1ed14f4c8206e,SpeedIndex,microsoft,True,microsoft SpeedIndex opt cold fission webrender,,6,ms,firefox,,1722309461,2023-07-06 15:48:00,1268740,,,,,,,,,,,,,,,,,,,,,,,,,,,,,,,,,,,,,,,,,,,,,,,,,,,,,,,,,,,,,TN,TN
c8d180ec428a1ceddf5cfb7d1afe16d9e09dcc78,411.0,mozilla-beta,4168118,13,59f7c57850e9d10762f122855a024e51389d56e5,windows10-64-shippable-qr,True,False,,|c|o|l|d| |f|i|s|s|i|o|n| |w|e|b|r|e|n|d|e|r|,102210fe594ee9b33d82058545b1ed14f4c8206e,SpeedIndex,microsoft,True,microsoft SpeedIndex opt cold fission webrender,,6,ms,firefox,,1722416528,2023-07-06 18:02:11,1268824,,,,,,,,,,,,,,,,,,,,,,,,,,,,,,,,,,,,,,,,,,,,,,,,,,,,,,,,,,,,,TN,TN
1b6b2288a0f47b37ab70eeb64f69bebf7442b138,424.2,mozilla-beta,4168118,13,59f7c57850e9d10762f122855a024e51389d56e5,windows10-64-shippable-qr,True,False,,|c|o|l|d| |f|i|s|s|i|o|n| |w|e|b|r|e|n|d|e|r|,102210fe594ee9b33d82058545b1ed14f4c8206e,SpeedIndex,microsoft,True,microsoft SpeedIndex opt cold fission webrender,,6,ms,firefox,,1722485220,2023-07-06 19:39:12,1268893,,,,,,,,,,,,,,,,,,,,,,,,,,,,,,,,,,,,,,,,,,,,,,,,,,,,,,,,,,,,,TN,TN
97a7b5a61f68e2ac160fe29147306071599bcab2,414.8,mozilla-beta,4168118,13,59f7c57850e9d10762f122855a024e51389d56e5,windows10-64-shippable-qr,True,False,,|c|o|l|d| |f|i|s|s|i|o|n| |w|e|b|r|e|n|d|e|r|,102210fe594ee9b33d82058545b1ed14f4c8206e,SpeedIndex,microsoft,True,microsoft SpeedIndex opt cold fission webrender,,6,ms,firefox,,1722993793,2023-07-07 17:59:16,1269470,,,,,,,,,,,,,,,,,,,,,,,,,,,,,,,,,,,,,,,,,,,,,,,,,,,,,,,,,,,,,TN,TN
8c0f8e058e2d2074662db140fe4f5ee081fc8202,407.7,mozilla-beta,4168118,13,59f7c57850e9d10762f122855a024e51389d56e5,windows10-64-shippable-qr,True,False,,|c|o|l|d| |f|i|s|s|i|o|n| |w|e|b|r|e|n|d|e|r|,102210fe594ee9b33d82058545b1ed14f4c8206e,SpeedIndex,microsoft,True,microsoft SpeedIndex opt cold fission webrender,,6,ms,firefox,,1723078300,2023-07-07 18:52:45,1269502,,,,,,,,,,,,,,,,,,,,,,,,,,,,,,,,,,,,,,,,,,,,,,,,,,,,,,,,,,,,,TN,TN
80e901c4ae8730b0252c8ec0a16be620158010a7,389.0,mozilla-beta,4168118,13,59f7c57850e9d10762f122855a024e51389d56e5,windows10-64-shippable-qr,True,False,,|c|o|l|d| |f|i|s|s|i|o|n| |w|e|b|r|e|n|d|e|r|,102210fe594ee9b33d82058545b1ed14f4c8206e,SpeedIndex,microsoft,True,microsoft SpeedIndex opt cold fission webrender,,6,ms,firefox,,1723386645,2023-07-08 14:56:49,1269733,,,,,,,,,,,,,,,,,,,,,,,,,,,,,,,,,,,,,,,,,,,,,,,,,,,,,,,,,,,,,TN,TN
412cbf20869a7438910dbeb0737a67532237ab7f,404.4,mozilla-beta,4168118,13,59f7c57850e9d10762f122855a024e51389d56e5,windows10-64-shippable-qr,True,False,,|c|o|l|d| |f|i|s|s|i|o|n| |w|e|b|r|e|n|d|e|r|,102210fe594ee9b33d82058545b1ed14f4c8206e,SpeedIndex,microsoft,True,microsoft SpeedIndex opt cold fission webrender,,6,ms,firefox,,1723418484,2023-07-08 17:59:20,1269749,,,,,,,,,,,,,,,,,,,,,,,,,,,,,,,,,,,,,,,,,,,,,,,,,,,,,,,,,,,,,TN,TN
bd50e163e8d84f51ef341846fb9f41f281917384,384.9,mozilla-beta,4168118,13,59f7c57850e9d10762f122855a024e51389d56e5,windows10-64-shippable-qr,True,False,,|c|o|l|d| |f|i|s|s|i|o|n| |w|e|b|r|e|n|d|e|r|,102210fe594ee9b33d82058545b1ed14f4c8206e,SpeedIndex,microsoft,True,microsoft SpeedIndex opt cold fission webrender,,6,ms,firefox,,1723608210,2023-07-09 15:07:05,1269852,,,,,,,,,,,,,,,,,,,,,,,,,,,,,,,,,,,,,,,,,,,,,,,,,,,,,,,,,,,,,TN,TN
d98ec7555bb1b00ef809e279882492340c88e7a5,401.8,mozilla-beta,4168118,13,59f7c57850e9d10762f122855a024e51389d56e5,windows10-64-shippable-qr,True,False,,|c|o|l|d| |f|i|s|s|i|o|n| |w|e|b|r|e|n|d|e|r|,102210fe594ee9b33d82058545b1ed14f4c8206e,SpeedIndex,microsoft,True,microsoft SpeedIndex opt cold fission webrender,,6,ms,firefox,,1723654384,2023-07-09 17:59:49,1269878,,,,,,,,,,,,,,,,,,,,,,,,,,,,,,,,,,,,,,,,,,,,,,,,,,,,,,,,,,,,,TN,TN
28f60d3dfc47352e5f5b187c3e4b4a912ed6fed7,406.7,mozilla-beta,4168118,13,59f7c57850e9d10762f122855a024e51389d56e5,windows10-64-shippable-qr,True,False,,|c|o|l|d| |f|i|s|s|i|o|n| |w|e|b|r|e|n|d|e|r|,102210fe594ee9b33d82058545b1ed14f4c8206e,SpeedIndex,microsoft,True,microsoft SpeedIndex opt cold fission webrender,,6,ms,firefox,,1724068424,2023-07-10 13:57:38,1270196,,,,,,,,,,,,,,,,,,,,,,,,,,,,,,,,,,,,,,,,,,,,,,,,,,,,,,,,,,,,,TN,TN
c80f0af649a4cd12fe9bcdaa48183f8417827feb,408.0,mozilla-beta,4168118,13,59f7c57850e9d10762f122855a024e51389d56e5,windows10-64-shippable-qr,True,False,,|c|o|l|d| |f|i|s|s|i|o|n| |w|e|b|r|e|n|d|e|r|,102210fe594ee9b33d82058545b1ed14f4c8206e,SpeedIndex,microsoft,True,microsoft SpeedIndex opt cold fission webrender,,6,ms,firefox,,1724199470,2023-07-10 18:02:54,1270318,,,,,,,,,,,,,,,,,,,,,,,,,,,,,,,,,,,,,,,,,,,,,,,,,,,,,,,,,,,,,TN,TN
1dcdc0d37b33c854558ec0ef2561545b2254d192,415.8,mozilla-beta,4168118,13,59f7c57850e9d10762f122855a024e51389d56e5,windows10-64-shippable-qr,True,False,,|c|o|l|d| |f|i|s|s|i|o|n| |w|e|b|r|e|n|d|e|r|,102210fe594ee9b33d82058545b1ed14f4c8206e,SpeedIndex,microsoft,True,microsoft SpeedIndex opt cold fission webrender,,6,ms,firefox,,1724322978,2023-07-11 00:09:58,1270529,,,,,,,,,,,,,,,,,,,,,,,,,,,,,,,,,,,,,,,,,,,,,,,,,,,,,,,,,,,,,TN,TN
a155fa3223a58c6670aaa0c7f7a621b0a8dfd812,393.6,mozilla-beta,4168118,13,59f7c57850e9d10762f122855a024e51389d56e5,windows10-64-shippable-qr,True,False,,|c|o|l|d| |f|i|s|s|i|o|n| |w|e|b|r|e|n|d|e|r|,102210fe594ee9b33d82058545b1ed14f4c8206e,SpeedIndex,microsoft,True,microsoft SpeedIndex opt cold fission webrender,,6,ms,firefox,,1724567155,2023-07-11 12:10:33,1270743,,,,,,,,,,,,,,,,,,,,,,,,,,,,,,,,,,,,,,,,,,,,,,,,,,,,,,,,,,,,,TN,TN
d59e19237835de1d09c0980460e8c18f149c2cb1,409.8,mozilla-beta,4168118,13,59f7c57850e9d10762f122855a024e51389d56e5,windows10-64-shippable-qr,True,False,,|c|o|l|d| |f|i|s|s|i|o|n| |w|e|b|r|e|n|d|e|r|,102210fe594ee9b33d82058545b1ed14f4c8206e,SpeedIndex,microsoft,True,microsoft SpeedIndex opt cold fission webrender,,6,ms,firefox,,1724625615,2023-07-11 13:49:09,1270799,,,,,,,,,,,,,,,,,,,,,,,,,,,,,,,,,,,,,,,,,,,,,,,,,,,,,,,,,,,,,TN,TN
dec4b42fd0a8e659f317a53a70de7fe0a6375b4d,442.9,mozilla-beta,4168118,13,59f7c57850e9d10762f122855a024e51389d56e5,windows10-64-shippable-qr,True,False,,|c|o|l|d| |f|i|s|s|i|o|n| |w|e|b|r|e|n|d|e|r|,102210fe594ee9b33d82058545b1ed14f4c8206e,SpeedIndex,microsoft,True,microsoft SpeedIndex opt cold fission webrender,,6,ms,firefox,,1724780197,2023-07-11 17:59:23,1270960,,,,,,,,,,,,,,,,,,,,,,,,,,,,,,,,,,,,,,,,,,,,,,,,,,,,,,,,,,,,,TN,TN
d115233f6cf619edaf715843896dd904ffc421cb,420.6,mozilla-beta,4168118,13,59f7c57850e9d10762f122855a024e51389d56e5,windows10-64-shippable-qr,True,False,,|c|o|l|d| |f|i|s|s|i|o|n| |w|e|b|r|e|n|d|e|r|,102210fe594ee9b33d82058545b1ed14f4c8206e,SpeedIndex,microsoft,True,microsoft SpeedIndex opt cold fission webrender,,6,ms,firefox,,1724784949,2023-07-11 18:30:52,1270975,,,,,,,,,,,,,,,,,,,,,,,,,,,,,,,,,,,,,,,,,,,,,,,,,,,,,,,,,,,,,TN,TN
52c1585352356cd4c42ae2b1385961b2f88be67b,412.4,mozilla-beta,4168118,13,59f7c57850e9d10762f122855a024e51389d56e5,windows10-64-shippable-qr,True,False,,|c|o|l|d| |f|i|s|s|i|o|n| |w|e|b|r|e|n|d|e|r|,102210fe594ee9b33d82058545b1ed14f4c8206e,SpeedIndex,microsoft,True,microsoft SpeedIndex opt cold fission webrender,,6,ms,firefox,,1725247260,2023-07-12 18:58:21,1271633,,,,,,,,,,,,,,,,,,,,,,,,,,,,,,,,,,,,,,,,,,,,,,,,,,,,,,,,,,,,,TN,TN
3eb5925071ba3fd23d2808498d6db974e022a597,398.9,mozilla-beta,4168118,13,59f7c57850e9d10762f122855a024e51389d56e5,windows10-64-shippable-qr,True,False,,|c|o|l|d| |f|i|s|s|i|o|n| |w|e|b|r|e|n|d|e|r|,102210fe594ee9b33d82058545b1ed14f4c8206e,SpeedIndex,microsoft,True,microsoft SpeedIndex opt cold fission webrender,,6,ms,firefox,,1725644012,2023-07-13 14:00:45,1272156,,,,,,,,,,,,,,,,,,,,,,,,,,,,,,,,,,,,,,,,,,,,,,,,,,,,,,,,,,,,,TN,TN
4444bd2d76ad1f0ef6f4aff7e59e8e9db81f2305,401.5,mozilla-beta,4168118,13,59f7c57850e9d10762f122855a024e51389d56e5,windows10-64-shippable-qr,True,False,,|c|o|l|d| |f|i|s|s|i|o|n| |w|e|b|r|e|n|d|e|r|,102210fe594ee9b33d82058545b1ed14f4c8206e,SpeedIndex,microsoft,True,microsoft SpeedIndex opt cold fission webrender,,6,ms,firefox,,1725663928,2023-07-13 14:21:58,1272177,,,,,,,,,,,,,,,,,,,,,,,,,,,,,,,,,,,,,,,,,,,,,,,,,,,,,,,,,,,,,TN,TN
7a01db8a8e8ad141961b2f5fdf44a2e771de0d46,441.6,mozilla-beta,4168118,13,59f7c57850e9d10762f122855a024e51389d56e5,windows10-64-shippable-qr,True,False,,|c|o|l|d| |f|i|s|s|i|o|n| |w|e|b|r|e|n|d|e|r|,102210fe594ee9b33d82058545b1ed14f4c8206e,SpeedIndex,microsoft,True,microsoft SpeedIndex opt cold fission webrender,,6,ms,firefox,,1725757199,2023-07-13 16:48:18,1272282,,,,,,,,,,,,,,,,,,,,,,,,,,,,,,,,,,,,,,,,,,,,,,,,,,,,,,,,,,,,,TN,TN
1871adf64271aebcccf19ede8eee47585bfadb3c,402.5,mozilla-beta,4168118,13,59f7c57850e9d10762f122855a024e51389d56e5,windows10-64-shippable-qr,True,False,,|c|o|l|d| |f|i|s|s|i|o|n| |w|e|b|r|e|n|d|e|r|,102210fe594ee9b33d82058545b1ed14f4c8206e,SpeedIndex,microsoft,True,microsoft SpeedIndex opt cold fission webrender,,6,ms,firefox,,1725787795,2023-07-13 17:59:05,1272345,,,,,,,,,,,,,,,,,,,,,,,,,,,,,,,,,,,,,,,,,,,,,,,,,,,,,,,,,,,,,TN,TN
1ec521f2d1b011bd7cc03eb3dbf4585e23586048,458.4,mozilla-beta,4168118,13,59f7c57850e9d10762f122855a024e51389d56e5,windows10-64-shippable-qr,True,False,,|c|o|l|d| |f|i|s|s|i|o|n| |w|e|b|r|e|n|d|e|r|,102210fe594ee9b33d82058545b1ed14f4c8206e,SpeedIndex,microsoft,True,microsoft SpeedIndex opt cold fission webrender,,6,ms,firefox,,1727884183,2023-07-13 21:23:54,1272448,,,,,,,,,,,,,,,,,,,,,,,,,,,,,,,,,,,,,,,,,,,,,,,,,,,,,,,,,,,,,TN,TN
bee70c06756951f8c2f484e904e70d88f142449e,472.5,mozilla-beta,4168118,13,59f7c57850e9d10762f122855a024e51389d56e5,windows10-64-shippable-qr,True,False,,|c|o|l|d| |f|i|s|s|i|o|n| |w|e|b|r|e|n|d|e|r|,102210fe594ee9b33d82058545b1ed14f4c8206e,SpeedIndex,microsoft,True,microsoft SpeedIndex opt cold fission webrender,,6,ms,firefox,,1727884067,2023-07-13 21:32:11,1272451,,,,,,,,,,,,,,,,,,,,,,,,,,,,,,,,,,,,,,,,,,,,,,,,,,,,,,,,,,,,,TN,TN
2aa13636edc68330e942dfe9041e9222e9e5917d,408.6166666666666,mozilla-beta,4168118,13,59f7c57850e9d10762f122855a024e51389d56e5,windows10-64-shippable-qr,True,False,,|c|o|l|d| |f|i|s|s|i|o|n| |w|e|b|r|e|n|d|e|r|,102210fe594ee9b33d82058545b1ed14f4c8206e,SpeedIndex,microsoft,True,microsoft SpeedIndex opt cold fission webrender,,6,ms,firefox,,1727883991,2023-07-14 00:24:41,1272542,,,,,,,,,,,,,,,,,,,,,,,,,,,,,,,,,,,,,,,,,,,,,,,,,,,,,,,,,,,,,TN,TN
1e6102f601b267706656b41078f06de1af53d380,410.01666666666665,mozilla-beta,4168118,13,59f7c57850e9d10762f122855a024e51389d56e5,windows10-64-shippable-qr,True,False,,|c|o|l|d| |f|i|s|s|i|o|n| |w|e|b|r|e|n|d|e|r|,102210fe594ee9b33d82058545b1ed14f4c8206e,SpeedIndex,microsoft,True,microsoft SpeedIndex opt cold fission webrender,,6,ms,firefox,,1727884315,2023-07-14 00:43:09,1272551,,,,,,,,,,,,,,,,,,,,,,,,,,,,,,,,,,,,,,,,,,,,,,,,,,,,,,,,,,,,,TN,TN
e1d02b6887bb1dcb547f064f74c499da04158df9,399.7833333333333,mozilla-beta,4168118,13,59f7c57850e9d10762f122855a024e51389d56e5,windows10-64-shippable-qr,True,False,,|c|o|l|d| |f|i|s|s|i|o|n| |w|e|b|r|e|n|d|e|r|,102210fe594ee9b33d82058545b1ed14f4c8206e,SpeedIndex,microsoft,True,microsoft SpeedIndex opt cold fission webrender,,6,ms,firefox,,1726241037,2023-07-14 13:29:22,1272741,,,,,,,,,,,,,,,,,,,,,,,,,,,,,,,,,,,,,,,,,,,,,,,,,,,,,,,,,,,,,TN,TN
c83566264750894d2aa083bfec3b4dddcbaf26c7,427.5,mozilla-beta,4168118,13,59f7c57850e9d10762f122855a024e51389d56e5,windows10-64-shippable-qr,True,False,,|c|o|l|d| |f|i|s|s|i|o|n| |w|e|b|r|e|n|d|e|r|,102210fe594ee9b33d82058545b1ed14f4c8206e,SpeedIndex,microsoft,True,microsoft SpeedIndex opt cold fission webrender,,6,ms,firefox,,1726269891,2023-07-14 14:18:32,1272769,,,,,,,,,,,,,,,,,,,,,,,,,,,,,,,,,,,,,,,,,,,,,,,,,,,,,,,,,,,,,TN,TN
f7629ac11e34075dac560bf31065851d441abc3c,431.84999999999997,mozilla-beta,4168118,13,59f7c57850e9d10762f122855a024e51389d56e5,windows10-64-shippable-qr,True,False,,|c|o|l|d| |f|i|s|s|i|o|n| |w|e|b|r|e|n|d|e|r|,102210fe594ee9b33d82058545b1ed14f4c8206e,SpeedIndex,microsoft,True,microsoft SpeedIndex opt cold fission webrender,,6,ms,firefox,,1726395759,2023-07-14 17:59:09,1272899,,,,,,,,,,,,,,,,,,,,,,,,,,,,,,,,,,,,,,,,,,,,,,,,,,,,,,,,,,,,,TN,TN
dec6f8c6dcc74ba79246da43fd6e20d0eb7f7c0e,442.6,mozilla-beta,4168118,13,59f7c57850e9d10762f122855a024e51389d56e5,windows10-64-shippable-qr,True,False,,|c|o|l|d| |f|i|s|s|i|o|n| |w|e|b|r|e|n|d|e|r|,102210fe594ee9b33d82058545b1ed14f4c8206e,SpeedIndex,microsoft,True,microsoft SpeedIndex opt cold fission webrender,,6,ms,firefox,,1726615573,2023-07-15 18:04:22,1273123,,,,,,,,,,,,,,,,,,,,,,,,,,,,,,,,,,,,,,,,,,,,,,,,,,,,,,,,,,,,,TN,TN
9c3147a3e07e168fcaabf4b3783fd84c69a9d24e,446.2,mozilla-beta,4168118,13,59f7c57850e9d10762f122855a024e51389d56e5,windows10-64-shippable-qr,True,False,,|c|o|l|d| |f|i|s|s|i|o|n| |w|e|b|r|e|n|d|e|r|,102210fe594ee9b33d82058545b1ed14f4c8206e,SpeedIndex,microsoft,True,microsoft SpeedIndex opt cold fission webrender,,6,ms,firefox,,1726738862,2023-07-16 13:41:25,1273177,,,,,,,,,,,,,,,,,,,,,,,,,,,,,,,,,,,,,,,,,,,,,,,,,,,,,,,,,,,,,TN,TN
cd8c75069cbacdf88ad33dd00ecb9ab12c7ec1e4,441.2,mozilla-beta,4168118,13,59f7c57850e9d10762f122855a024e51389d56e5,windows10-64-shippable-qr,True,False,,|c|o|l|d| |f|i|s|s|i|o|n| |w|e|b|r|e|n|d|e|r|,102210fe594ee9b33d82058545b1ed14f4c8206e,SpeedIndex,microsoft,True,microsoft SpeedIndex opt cold fission webrender,,6,ms,firefox,,1726783366,2023-07-16 18:03:34,1273187,,,,,,,,,,,,,,,,,,,,,,,,,,,,,,,,,,,,,,,,,,,,,,,,,,,,,,,,,,,,,TN,TN
6aa12630de4d96f69b09566023e74acb81e116c4,440.8,mozilla-beta,4168118,13,59f7c57850e9d10762f122855a024e51389d56e5,windows10-64-shippable-qr,True,False,,|c|o|l|d| |f|i|s|s|i|o|n| |w|e|b|r|e|n|d|e|r|,102210fe594ee9b33d82058545b1ed14f4c8206e,SpeedIndex,microsoft,True,microsoft SpeedIndex opt cold fission webrender,,6,ms,firefox,,1726980381,2023-07-17 15:06:07,1273493,,,,,,,,,,,,,,,,,,,,,,,,,,,,,,,,,,,,,,,,,,,,,,,,,,,,,,,,,,,,,TN,TN
2ddfa7d38c38cf2a3242ea76a3326a0586a2efdc,443.5,mozilla-beta,4168118,13,59f7c57850e9d10762f122855a024e51389d56e5,windows10-64-shippable-qr,True,False,,|c|o|l|d| |f|i|s|s|i|o|n| |w|e|b|r|e|n|d|e|r|,102210fe594ee9b33d82058545b1ed14f4c8206e,SpeedIndex,microsoft,True,microsoft SpeedIndex opt cold fission webrender,,6,ms,firefox,,1727075467,2023-07-17 17:57:13,1273601,,,,,,,,,,,,,,,,,,,,,,,,,,,,,,,,,,,,,,,,,,,,,,,,,,,,,,,,,,,,,TN,TN
0423f240445837264164498d5f822c75d5427177,449.3,mozilla-beta,4168118,13,59f7c57850e9d10762f122855a024e51389d56e5,windows10-64-shippable-qr,True,False,,|c|o|l|d| |f|i|s|s|i|o|n| |w|e|b|r|e|n|d|e|r|,102210fe594ee9b33d82058545b1ed14f4c8206e,SpeedIndex,microsoft,True,microsoft SpeedIndex opt cold fission webrender,,6,ms,firefox,,1727100351,2023-07-17 18:13:26,1273620,,,,,,,,,,,,,,,,,,,,,,,,,,,,,,,,,,,,,,,,,,,,,,,,,,,,,,,,,,,,,TN,TN
ba11c78ce3b0121f57637dd734e829791d2dfcc4,441.5,mozilla-beta,4168118,13,59f7c57850e9d10762f122855a024e51389d56e5,windows10-64-shippable-qr,True,False,,|c|o|l|d| |f|i|s|s|i|o|n| |w|e|b|r|e|n|d|e|r|,102210fe594ee9b33d82058545b1ed14f4c8206e,SpeedIndex,microsoft,True,microsoft SpeedIndex opt cold fission webrender,,6,ms,firefox,,1727525807,2023-07-18 12:20:04,1274042,,,,,,,,,,,,,,,,,,,,,,,,,,,,,,,,,,,,,,,,,,,,,,,,,,,,,,,,,,,,,TN,TN
fd830f72726b11de269b925cbd66ea0645dd9491,483.4,mozilla-beta,4168118,13,59f7c57850e9d10762f122855a024e51389d56e5,windows10-64-shippable-qr,True,False,,|c|o|l|d| |f|i|s|s|i|o|n| |w|e|b|r|e|n|d|e|r|,102210fe594ee9b33d82058545b1ed14f4c8206e,SpeedIndex,microsoft,True,microsoft SpeedIndex opt cold fission webrender,,6,ms,firefox,,1727683503,2023-07-18 17:47:25,1274232,,,,,,,,,,,,,,,,,,,,,,,,,,,,,,,,,,,,,,,,,,,,,,,,,,,,,,,,,,,,,TN,TN
34301d4d9d7ede8d86907dd4cc41f9fc7d5d7d94,435.8,mozilla-beta,4168118,13,59f7c57850e9d10762f122855a024e51389d56e5,windows10-64-shippable-qr,True,False,,|c|o|l|d| |f|i|s|s|i|o|n| |w|e|b|r|e|n|d|e|r|,102210fe594ee9b33d82058545b1ed14f4c8206e,SpeedIndex,microsoft,True,microsoft SpeedIndex opt cold fission webrender,,6,ms,firefox,,1727715982,2023-07-18 18:01:35,1274236,,,,,,,,,,,,,,,,,,,,,,,,,,,,,,,,,,,,,,,,,,,,,,,,,,,,,,,,,,,,,TN,TN
23424f65527c2d906a02bfe4779aff416f03826d,498.9,mozilla-beta,4168118,13,59f7c57850e9d10762f122855a024e51389d56e5,windows10-64-shippable-qr,True,False,,|c|o|l|d| |f|i|s|s|i|o|n| |w|e|b|r|e|n|d|e|r|,102210fe594ee9b33d82058545b1ed14f4c8206e,SpeedIndex,microsoft,True,microsoft SpeedIndex opt cold fission webrender,,6,ms,firefox,,1727705759,2023-07-18 18:53:23,1274269,,,,,,,,,,,,,,,,,,,,,,,,,,,,,,,,,,,,,,,,,,,,,,,,,,,,,,,,,,,,,TN,TN
6f204c3c5e075defb94fcfdadf1d930df5d3f825,430.9,mozilla-beta,4168118,13,59f7c57850e9d10762f122855a024e51389d56e5,windows10-64-shippable-qr,True,False,,|c|o|l|d| |f|i|s|s|i|o|n| |w|e|b|r|e|n|d|e|r|,102210fe594ee9b33d82058545b1ed14f4c8206e,SpeedIndex,microsoft,True,microsoft SpeedIndex opt cold fission webrender,,6,ms,firefox,,1728253778,2023-07-19 12:20:45,1274751,,,,,,,,,,,,,,,,,,,,,,,,,,,,,,,,,,,,,,,,,,,,,,,,,,,,,,,,,,,,,TN,TN
4430f8a728a733f89b6ac8b245537ab570eb2292,491.1,mozilla-beta,4168118,13,59f7c57850e9d10762f122855a024e51389d56e5,windows10-64-shippable-qr,True,False,,|c|o|l|d| |f|i|s|s|i|o|n| |w|e|b|r|e|n|d|e|r|,102210fe594ee9b33d82058545b1ed14f4c8206e,SpeedIndex,microsoft,True,microsoft SpeedIndex opt cold fission webrender,,6,ms,firefox,,1728539369,2023-07-19 18:07:09,1275008,,,,,,,,,,,,,,,,,,,,,,,,,,,,,,,,,,,,,,,,,,,,,,,,,,,,,,,,,,,,,TN,TN
1904bb52d22fea887c5b39ecfd3e3104422033f9,499.1,mozilla-beta,4168118,13,59f7c57850e9d10762f122855a024e51389d56e5,windows10-64-shippable-qr,True,False,,|c|o|l|d| |f|i|s|s|i|o|n| |w|e|b|r|e|n|d|e|r|,102210fe594ee9b33d82058545b1ed14f4c8206e,SpeedIndex,microsoft,True,microsoft SpeedIndex opt cold fission webrender,,6,ms,firefox,,1728612773,2023-07-19 19:46:06,1275079,,,,,,,,,,,,,,,,,,,,,,,,,,,,,,,,,,,,,,,,,,,,,,,,,,,,,,,,,,,,,TN,TN
00c1f4a8d5f8d4a18552a30a6994608f4418116d,504.5,mozilla-beta,4168118,13,59f7c57850e9d10762f122855a024e51389d56e5,windows10-64-shippable-qr,True,False,,|c|o|l|d| |f|i|s|s|i|o|n| |w|e|b|r|e|n|d|e|r|,102210fe594ee9b33d82058545b1ed14f4c8206e,SpeedIndex,microsoft,True,microsoft SpeedIndex opt cold fission webrender,,6,ms,firefox,,1729146286,2023-07-20 15:57:45,1275567,,,,,,,,,,,,,,,,,,,,,,,,,,,,,,,,,,,,,,,,,,,,,,,,,,,,,,,,,,,,,TN,TN
a241d89b662e14a0ac4aabf56849c2b161b6d70d,501.7,mozilla-beta,4168118,13,59f7c57850e9d10762f122855a024e51389d56e5,windows10-64-shippable-qr,True,False,,|c|o|l|d| |f|i|s|s|i|o|n| |w|e|b|r|e|n|d|e|r|,102210fe594ee9b33d82058545b1ed14f4c8206e,SpeedIndex,microsoft,True,microsoft SpeedIndex opt cold fission webrender,,6,ms,firefox,,1729250182,2023-07-20 17:59:27,1275658,,,,,,,,,,,,,,,,,,,,,,,,,,,,,,,,,,,,,,,,,,,,,,,,,,,,,,,,,,,,,TN,TN
5400bd70e968c76d1d67abea7e072f5db3e06c80,464.7,mozilla-beta,4168118,13,59f7c57850e9d10762f122855a024e51389d56e5,windows10-64-shippable-qr,True,False,,|c|o|l|d| |f|i|s|s|i|o|n| |w|e|b|r|e|n|d|e|r|,102210fe594ee9b33d82058545b1ed14f4c8206e,SpeedIndex,microsoft,True,microsoft SpeedIndex opt cold fission webrender,,6,ms,firefox,,1729280884,2023-07-20 20:00:12,1275753,,,,,,,,,,,,,,,,,,,,,,,,,,,,,,,,,,,,,,,,,,,,,,,,,,,,,,,,,,,,,TN,TN
d9bbcab92460808ed9148655ab4c6e3dcf9239ef,414.5,mozilla-beta,4168118,13,59f7c57850e9d10762f122855a024e51389d56e5,windows10-64-shippable-qr,True,False,,|c|o|l|d| |f|i|s|s|i|o|n| |w|e|b|r|e|n|d|e|r|,102210fe594ee9b33d82058545b1ed14f4c8206e,SpeedIndex,microsoft,True,microsoft SpeedIndex opt cold fission webrender,,6,ms,firefox,,1729745797,2023-07-21 16:06:45,1276242,,,,,,,,,,,,,,,,,,,,,,,,,,,,,,,,,,,,,,,,,,,,,,,,,,,,,,,,,,,,,TN,TN
763d601a05a7b017806cf139e475a959e5c7912a,433.6,mozilla-beta,4168118,13,59f7c57850e9d10762f122855a024e51389d56e5,windows10-64-shippable-qr,True,False,,|c|o|l|d| |f|i|s|s|i|o|n| |w|e|b|r|e|n|d|e|r|,102210fe594ee9b33d82058545b1ed14f4c8206e,SpeedIndex,microsoft,True,microsoft SpeedIndex opt cold fission webrender,,6,ms,firefox,,1729774053,2023-07-21 18:01:34,1276334,,,,,,,,,,,,,,,,,,,,,,,,,,,,,,,,,,,,,,,,,,,,,,,,,,,,,,,,,,,,,TN,TN
5ebae42b46a0a71153c76180dd9808c42692be79,431.7,mozilla-beta,4168118,13,59f7c57850e9d10762f122855a024e51389d56e5,windows10-64-shippable-qr,True,False,,|c|o|l|d| |f|i|s|s|i|o|n| |w|e|b|r|e|n|d|e|r|,102210fe594ee9b33d82058545b1ed14f4c8206e,SpeedIndex,microsoft,True,microsoft SpeedIndex opt cold fission webrender,,6,ms,firefox,,1730153801,2023-07-22 18:01:26,1276660,,,,,,,,,,,,,,,,,,,,,,,,,,,,,,,,,,,,,,,,,,,,,,,,,,,,,,,,,,,,,TN,TN
7c3347ba3478b9ce3fde17fa0acb3ea3b06dfa38,417.4,mozilla-beta,4168118,13,59f7c57850e9d10762f122855a024e51389d56e5,windows10-64-shippable-qr,True,False,,|c|o|l|d| |f|i|s|s|i|o|n| |w|e|b|r|e|n|d|e|r|,102210fe594ee9b33d82058545b1ed14f4c8206e,SpeedIndex,microsoft,True,microsoft SpeedIndex opt cold fission webrender,,6,ms,firefox,,1730297260,2023-07-23 15:25:49,1276709,,,,,,,,,,,,,,,,,,,,,,,,,,,,,,,,,,,,,,,,,,,,,,,,,,,,,,,,,,,,,TN,TN
c26da009d2a4c447ccda98478b30b0fd5c842a79,433.3,mozilla-beta,4168118,13,59f7c57850e9d10762f122855a024e51389d56e5,windows10-64-shippable-qr,True,False,,|c|o|l|d| |f|i|s|s|i|o|n| |w|e|b|r|e|n|d|e|r|,102210fe594ee9b33d82058545b1ed14f4c8206e,SpeedIndex,microsoft,True,microsoft SpeedIndex opt cold fission webrender,,6,ms,firefox,,1730345321,2023-07-23 17:59:43,1276731,,,,,,,,,,,,,,,,,,,,,,,,,,,,,,,,,,,,,,,,,,,,,,,,,,,,,,,,,,,,,TN,TN
23b1fabe6e02b63b59821e274cdbc8766b97e74a,457.6,mozilla-beta,4168118,13,59f7c57850e9d10762f122855a024e51389d56e5,windows10-64-shippable-qr,True,False,,|c|o|l|d| |f|i|s|s|i|o|n| |w|e|b|r|e|n|d|e|r|,102210fe594ee9b33d82058545b1ed14f4c8206e,SpeedIndex,microsoft,True,microsoft SpeedIndex opt cold fission webrender,,6,ms,firefox,,1730405637,2023-07-24 00:28:48,1276770,,,,,,,,,,,,,,,,,,,,,,,,,,,,,,,,,,,,,,,,,,,,,,,,,,,,,,,,,,,,,TN,TN
316000c523d79e787604ca918d12752f1d5c1433,431.8,mozilla-beta,4168118,13,59f7c57850e9d10762f122855a024e51389d56e5,windows10-64-shippable-qr,True,False,,|c|o|l|d| |f|i|s|s|i|o|n| |w|e|b|r|e|n|d|e|r|,102210fe594ee9b33d82058545b1ed14f4c8206e,SpeedIndex,microsoft,True,microsoft SpeedIndex opt cold fission webrender,,6,ms,firefox,,1730688288,2023-07-24 12:18:38,1276942,,,,,,,,,,,,,,,,,,,,,,,,,,,,,,,,,,,,,,,,,,,,,,,,,,,,,,,,,,,,,TN,TN
f4da117c89d1c6b7d53312065fbf3b32ac05c195,404.8,mozilla-beta,4168118,13,59f7c57850e9d10762f122855a024e51389d56e5,windows10-64-shippable-qr,True,False,,|c|o|l|d| |f|i|s|s|i|o|n| |w|e|b|r|e|n|d|e|r|,102210fe594ee9b33d82058545b1ed14f4c8206e,SpeedIndex,microsoft,True,microsoft SpeedIndex opt cold fission webrender,,6,ms,firefox,,1733570977,2023-07-31 15:02:16,1280395,,,,,,,,,,,,,,,,,,,,,,,,,,,,,,,,,,,,,,,,,,,,,,,,,,,,,,,,,,,,,TN,TN
0d4550c5bbe5e5c9d652f6f76ed2b84801006a72,413.5,mozilla-beta,4168118,13,59f7c57850e9d10762f122855a024e51389d56e5,windows10-64-shippable-qr,True,False,,|c|o|l|d| |f|i|s|s|i|o|n| |w|e|b|r|e|n|d|e|r|,102210fe594ee9b33d82058545b1ed14f4c8206e,SpeedIndex,microsoft,True,microsoft SpeedIndex opt cold fission webrender,,6,ms,firefox,,1734318693,2023-08-01 17:41:49,1281125,,,,,,,,,,,,,,,,,,,,,,,,,,,,,,,,,,,,,,,,,,,,,,,,,,,,,,,,,,,,,TN,TN
d2d0e657cc37b8045725d3ec3b95537958a2a906,405.4,mozilla-beta,4168118,13,59f7c57850e9d10762f122855a024e51389d56e5,windows10-64-shippable-qr,True,False,,|c|o|l|d| |f|i|s|s|i|o|n| |w|e|b|r|e|n|d|e|r|,102210fe594ee9b33d82058545b1ed14f4c8206e,SpeedIndex,microsoft,True,microsoft SpeedIndex opt cold fission webrender,,6,ms,firefox,,1734291600,2023-08-01 18:01:59,1281146,,,,,,,,,,,,,,,,,,,,,,,,,,,,,,,,,,,,,,,,,,,,,,,,,,,,,,,,,,,,,TN,TN
0fb6863005d9a9c13e9baacd3f1b161fff28e9be,396.3,mozilla-beta,4168118,13,59f7c57850e9d10762f122855a024e51389d56e5,windows10-64-shippable-qr,True,False,,|c|o|l|d| |f|i|s|s|i|o|n| |w|e|b|r|e|n|d|e|r|,102210fe594ee9b33d82058545b1ed14f4c8206e,SpeedIndex,microsoft,True,microsoft SpeedIndex opt cold fission webrender,,6,ms,firefox,,1734804229,2023-08-02 15:58:45,1281670,,,,,,,,,,,,,,,,,,,,,,,,,,,,,,,,,,,,,,,,,,,,,,,,,,,,,,,,,,,,,TN,TN
17026ac3512076aea21a114891abaeb7d86eefd1,396.4,mozilla-beta,4168118,13,59f7c57850e9d10762f122855a024e51389d56e5,windows10-64-shippable-qr,True,False,,|c|o|l|d| |f|i|s|s|i|o|n| |w|e|b|r|e|n|d|e|r|,102210fe594ee9b33d82058545b1ed14f4c8206e,SpeedIndex,microsoft,True,microsoft SpeedIndex opt cold fission webrender,,6,ms,firefox,,1734815019,2023-08-02 18:03:06,1281761,,,,,,,,,,,,,,,,,,,,,,,,,,,,,,,,,,,,,,,,,,,,,,,,,,,,,,,,,,,,,TN,TN
65512c991660c1242db1c099b252edf75f9155df,413.2,mozilla-beta,4168118,13,59f7c57850e9d10762f122855a024e51389d56e5,windows10-64-shippable-qr,True,False,,|c|o|l|d| |f|i|s|s|i|o|n| |w|e|b|r|e|n|d|e|r|,102210fe594ee9b33d82058545b1ed14f4c8206e,SpeedIndex,microsoft,True,microsoft SpeedIndex opt cold fission webrender,,6,ms,firefox,,1735034120,2023-08-03 00:35:45,1282034,,,,,,,,,,,,,,,,,,,,,,,,,,,,,,,,,,,,,,,,,,,,,,,,,,,,,,,,,,,,,TN,TN
de78a2160c98777d7df3d1abcfa1fa1ba2fc1ebf,412.4,mozilla-beta,4168118,13,59f7c57850e9d10762f122855a024e51389d56e5,windows10-64-shippable-qr,True,False,,|c|o|l|d| |f|i|s|s|i|o|n| |w|e|b|r|e|n|d|e|r|,102210fe594ee9b33d82058545b1ed14f4c8206e,SpeedIndex,microsoft,True,microsoft SpeedIndex opt cold fission webrender,,6,ms,firefox,,1735074096,2023-08-03 02:40:36,1282073,,,,,,,,,,,,,,,,,,,,,,,,,,,,,,,,,,,,,,,,,,,,,,,,,,,,,,,,,,,,,TN,TN
38b5901830d175ff8ead19ae53ded689c990a2c2,446.5,mozilla-beta,4168118,13,59f7c57850e9d10762f122855a024e51389d56e5,windows10-64-shippable-qr,True,False,,|c|o|l|d| |f|i|s|s|i|o|n| |w|e|b|r|e|n|d|e|r|,102210fe594ee9b33d82058545b1ed14f4c8206e,SpeedIndex,microsoft,True,microsoft SpeedIndex opt cold fission webrender,,6,ms,firefox,,1735408695,2023-08-03 15:42:06,1282357,,,,,,,,,,,,,,,,,,,,,,,,,,,,,,,,,,,,,,,,,,,,,,,,,,,,,,,,,,,,,TN,TN
8aec3eecd3933c24b1ffc49b81133e628bdbd9b7,409.1,mozilla-beta,4168118,13,59f7c57850e9d10762f122855a024e51389d56e5,windows10-64-shippable-qr,True,False,,|c|o|l|d| |f|i|s|s|i|o|n| |w|e|b|r|e|n|d|e|r|,102210fe594ee9b33d82058545b1ed14f4c8206e,SpeedIndex,microsoft,True,microsoft SpeedIndex opt cold fission webrender,,6,ms,firefox,,1735455596,2023-08-03 16:45:02,1282417,,,,,,,,,,,,,,,,,,,,,,,,,,,,,,,,,,,,,,,,,,,,,,,,,,,,,,,,,,,,,TN,TN
7a8dadfc175109672e932eff3fa2b2e788227e0c,425.0,mozilla-beta,4168118,13,59f7c57850e9d10762f122855a024e51389d56e5,windows10-64-shippable-qr,True,False,,|c|o|l|d| |f|i|s|s|i|o|n| |w|e|b|r|e|n|d|e|r|,102210fe594ee9b33d82058545b1ed14f4c8206e,SpeedIndex,microsoft,True,microsoft SpeedIndex opt cold fission webrender,,6,ms,firefox,,1735508704,2023-08-03 18:02:21,1282452,,,,,,,,,,,,,,,,,,,,,,,,,,,,,,,,,,,,,,,,,,,,,,,,,,,,,,,,,,,,,TN,TN
edbfa38873a723ceaf42ead3644bfd365d31f689,406.83000000000004,mozilla-beta,4168118,13,59f7c57850e9d10762f122855a024e51389d56e5,windows10-64-shippable-qr,True,False,,|c|o|l|d| |f|i|s|s|i|o|n| |w|e|b|r|e|n|d|e|r|,102210fe594ee9b33d82058545b1ed14f4c8206e,SpeedIndex,microsoft,True,microsoft SpeedIndex opt cold fission webrender,,6,ms,firefox,,1735677577,2023-08-04 01:00:05,1282688,,,,,,,,,,,,,,,,,,,,,,,,,,,,,,,,,,,,,,,,,,,,,,,,,,,,,,,,,,,,,TN,TN
926c0c79b59e3a541f918893ea054164454095f6,405.73,mozilla-beta,4168118,13,59f7c57850e9d10762f122855a024e51389d56e5,windows10-64-shippable-qr,True,False,,|c|o|l|d| |f|i|s|s|i|o|n| |w|e|b|r|e|n|d|e|r|,102210fe594ee9b33d82058545b1ed14f4c8206e,SpeedIndex,microsoft,True,microsoft SpeedIndex opt cold fission webrender,,6,ms,firefox,,1735742005,2023-08-04 01:46:46,1282708,,,,,,,,,,,,,,,,,,,,,,,,,,,,,,,,,,,,,,,,,,,,,,,,,,,,,,,,,,,,,TN,TN
f564a62af1d5a66c0cbc395f85508fd0aba080a7,405.36,mozilla-beta,4168118,13,59f7c57850e9d10762f122855a024e51389d56e5,windows10-64-shippable-qr,True,False,,|c|o|l|d| |f|i|s|s|i|o|n| |w|e|b|r|e|n|d|e|r|,102210fe594ee9b33d82058545b1ed14f4c8206e,SpeedIndex,microsoft,True,microsoft SpeedIndex opt cold fission webrender,,6,ms,firefox,,1736024153,2023-08-04 14:18:49,1282986,,,,,,,,,,,,,,,,,,,,,,,,,,,,,,,,,,,,,,,,,,,,,,,,,,,,,,,,,,,,,TN,TN
67612b68bc23712e04e49bd79bf8c027bb9a438d,408.35,mozilla-beta,4168118,13,59f7c57850e9d10762f122855a024e51389d56e5,windows10-64-shippable-qr,True,False,,|c|o|l|d| |f|i|s|s|i|o|n| |w|e|b|r|e|n|d|e|r|,102210fe594ee9b33d82058545b1ed14f4c8206e,SpeedIndex,microsoft,True,microsoft SpeedIndex opt cold fission webrender,,6,ms,firefox,,1736207032,2023-08-04 18:01:22,1283137,,,,,,,,,,,,,,,,,,,,,,,,,,,,,,,,,,,,,,,,,,,,,,,,,,,,,,,,,,,,,TN,TN
cd87be9c7e34460013b2770c9ee2e03c35627cc7,411.23,mozilla-beta,4168118,13,59f7c57850e9d10762f122855a024e51389d56e5,windows10-64-shippable-qr,True,False,,|c|o|l|d| |f|i|s|s|i|o|n| |w|e|b|r|e|n|d|e|r|,102210fe594ee9b33d82058545b1ed14f4c8206e,SpeedIndex,microsoft,True,microsoft SpeedIndex opt cold fission webrender,,6,ms,firefox,,1736381304,2023-08-05 00:48:58,1283292,,,,,,,,,,,,,,,,,,,,,,,,,,,,,,,,,,,,,,,,,,,,,,,,,,,,,,,,,,,,,TN,TN
afd2356274aeb8ff8b60713edb74477cf7d6b3ee,403.87,mozilla-beta,4168118,13,59f7c57850e9d10762f122855a024e51389d56e5,windows10-64-shippable-qr,True,False,,|c|o|l|d| |f|i|s|s|i|o|n| |w|e|b|r|e|n|d|e|r|,102210fe594ee9b33d82058545b1ed14f4c8206e,SpeedIndex,microsoft,True,microsoft SpeedIndex opt cold fission webrender,,6,ms,firefox,,1736491796,2023-08-05 18:00:42,1283353,,,,,,,,,,,,,,,,,,,,,,,,,,,,,,,,,,,,,,,,,,,,,,,,,,,,,,,,,,,,,TN,TN
fd6a630299cc7a67e2af0ea85515fa7f31773d43,405.9,mozilla-beta,4168118,13,59f7c57850e9d10762f122855a024e51389d56e5,windows10-64-shippable-qr,True,False,,|c|o|l|d| |f|i|s|s|i|o|n| |w|e|b|r|e|n|d|e|r|,102210fe594ee9b33d82058545b1ed14f4c8206e,SpeedIndex,microsoft,True,microsoft SpeedIndex opt cold fission webrender,,6,ms,firefox,,1736591184,2023-08-06 18:01:10,1283429,,,,,,,,,,,,,,,,,,,,,,,,,,,,,,,,,,,,,,,,,,,,,,,,,,,,,,,,,,,,,TN,TN
0cb4435f0aa75155759ccde4232632db9be2685d,406.6,mozilla-beta,4168118,13,59f7c57850e9d10762f122855a024e51389d56e5,windows10-64-shippable-qr,True,False,,|c|o|l|d| |f|i|s|s|i|o|n| |w|e|b|r|e|n|d|e|r|,102210fe594ee9b33d82058545b1ed14f4c8206e,SpeedIndex,microsoft,True,microsoft SpeedIndex opt cold fission webrender,,6,ms,firefox,,1736629820,2023-08-07 00:18:16,1283451,,,,,,,,,,,,,,,,,,,,,,,,,,,,,,,,,,,,,,,,,,,,,,,,,,,,,,,,,,,,,TN,TN
e829eebc9423bcb9c60866329ddb9c194972b38c,445.7,mozilla-beta,4168118,13,59f7c57850e9d10762f122855a024e51389d56e5,windows10-64-shippable-qr,True,False,,|c|o|l|d| |f|i|s|s|i|o|n| |w|e|b|r|e|n|d|e|r|,102210fe594ee9b33d82058545b1ed14f4c8206e,SpeedIndex,microsoft,True,microsoft SpeedIndex opt cold fission webrender,,6,ms,firefox,,1739514045,2023-08-07 01:52:13,1283459,,,,,,,,,,,,,,,,,,,,,,,,,,,,,,,,,,,,,,,,,,,,,,,,,,,,,,,,,,,,,TN,TN
0483dc4a92b6d3242b312f524c7789bb276540d5,452.9,mozilla-beta,4168118,13,59f7c57850e9d10762f122855a024e51389d56e5,windows10-64-shippable-qr,True,False,,|c|o|l|d| |f|i|s|s|i|o|n| |w|e|b|r|e|n|d|e|r|,102210fe594ee9b33d82058545b1ed14f4c8206e,SpeedIndex,microsoft,True,microsoft SpeedIndex opt cold fission webrender,,6,ms,firefox,,1739513976,2023-08-07 02:02:36,1283460,,,,,,,,,,,,,,,,,,,,,,,,,,,,,,,,,,,,,,,,,,,,,,,,,,,,,,,,,,,,,TN,TN
7f6f30e6b46e28d8919ba31996d1bfcc26c335f2,430.4,mozilla-beta,4168118,13,59f7c57850e9d10762f122855a024e51389d56e5,windows10-64-shippable-qr,True,False,,|c|o|l|d| |f|i|s|s|i|o|n| |w|e|b|r|e|n|d|e|r|,102210fe594ee9b33d82058545b1ed14f4c8206e,SpeedIndex,microsoft,True,microsoft SpeedIndex opt cold fission webrender,,6,ms,firefox,,1739514018,2023-08-07 06:11:47,1283515,,,,,,,,,,,,,,,,,,,,,,,,,,,,,,,,,,,,,,,,,,,,,,,,,,,,,,,,,,,,,TN,TN
62034e1a82175f1c47f62afa96870b961b0140de,444.4,mozilla-beta,4168118,13,59f7c57850e9d10762f122855a024e51389d56e5,windows10-64-shippable-qr,True,False,,|c|o|l|d| |f|i|s|s|i|o|n| |w|e|b|r|e|n|d|e|r|,102210fe594ee9b33d82058545b1ed14f4c8206e,SpeedIndex,microsoft,True,microsoft SpeedIndex opt cold fission webrender,,6,ms,firefox,,1739513997,2023-08-07 06:44:25,1283530,,,,,,,,,,,,,,,,,,,,,,,,,,,,,,,,,,,,,,,,,,,,,,,,,,,,,,,,,,,,,TN,TN
c1be2c53674ac35df4fa9981b969e0c7338db634,398.38,mozilla-beta,4168118,13,59f7c57850e9d10762f122855a024e51389d56e5,windows10-64-shippable-qr,True,False,,|c|o|l|d| |f|i|s|s|i|o|n| |w|e|b|r|e|n|d|e|r|,102210fe594ee9b33d82058545b1ed14f4c8206e,SpeedIndex,microsoft,True,microsoft SpeedIndex opt cold fission webrender,,6,ms,firefox,,1736914548,2023-08-07 14:27:22,1283738,,,,,,,,,,,,,,,,,,,,,,,,,,,,,,,,,,,,,,,,,,,,,,,,,,,,,,,,,,,,,TN,TN
0719ff67d72e82af324ff0d60454cb7b64475ea8,399.18,mozilla-beta,4168118,13,59f7c57850e9d10762f122855a024e51389d56e5,windows10-64-shippable-qr,True,False,,|c|o|l|d| |f|i|s|s|i|o|n| |w|e|b|r|e|n|d|e|r|,102210fe594ee9b33d82058545b1ed14f4c8206e,SpeedIndex,microsoft,True,microsoft SpeedIndex opt cold fission webrender,,6,ms,firefox,,1736991492,2023-08-07 18:00:13,1283851,,,,,,,,,,,,,,,,,,,,,,,,,,,,,,,,,,,,,,,,,,,,,,,,,,,,,,,,,,,,,TN,TN
2139e838f412d9530de885d86795cb20acd799ec,398.58000000000004,mozilla-beta,4168118,13,59f7c57850e9d10762f122855a024e51389d56e5,windows10-64-shippable-qr,True,False,,|c|o|l|d| |f|i|s|s|i|o|n| |w|e|b|r|e|n|d|e|r|,102210fe594ee9b33d82058545b1ed14f4c8206e,SpeedIndex,microsoft,True,microsoft SpeedIndex opt cold fission webrender,,6,ms,firefox,,1737607161,2023-08-08 17:20:55,1284441,,,,,,,,,,,,,,,,,,,,,,,,,,,,,,,,,,,,,,,,,,,,,,,,,,,,,,,,,,,,,TN,TN
28729171cb22279cc197e994df3a3af4cb93dd03,395.54,mozilla-beta,4168118,13,59f7c57850e9d10762f122855a024e51389d56e5,windows10-64-shippable-qr,True,False,,|c|o|l|d| |f|i|s|s|i|o|n| |w|e|b|r|e|n|d|e|r|,102210fe594ee9b33d82058545b1ed14f4c8206e,SpeedIndex,microsoft,True,microsoft SpeedIndex opt cold fission webrender,,6,ms,firefox,,1737548932,2023-08-08 18:01:14,1284477,,,,,,,,,,,,,,,,,,,,,,,,,,,,,,,,,,,,,,,,,,,,,,,,,,,,,,,,,,,,,TN,TN
2658ff909fe46ea384283ab987ff064826d3847f,398.21999999999997,mozilla-beta,4168118,13,59f7c57850e9d10762f122855a024e51389d56e5,windows10-64-shippable-qr,True,False,,|c|o|l|d| |f|i|s|s|i|o|n| |w|e|b|r|e|n|d|e|r|,102210fe594ee9b33d82058545b1ed14f4c8206e,SpeedIndex,microsoft,True,microsoft SpeedIndex opt cold fission webrender,,6,ms,firefox,,1737574309,2023-08-08 18:43:39,1284502,,,,,,,,,,,,,,,,,,,,,,,,,,,,,,,,,,,,,,,,,,,,,,,,,,,,,,,,,,,,,TN,TN
f4d75f5b9f4209d2dd25427d8587f4280ce3afa9,396.44545454545454,mozilla-beta,4168118,13,59f7c57850e9d10762f122855a024e51389d56e5,windows10-64-shippable-qr,True,False,,|c|o|l|d| |f|i|s|s|i|o|n| |w|e|b|r|e|n|d|e|r|,102210fe594ee9b33d82058545b1ed14f4c8206e,SpeedIndex,microsoft,True,microsoft SpeedIndex opt cold fission webrender,,6,ms,firefox,,1739514395,2023-08-08 21:26:50,1284602,,,,,,,,,,,,,,,,,,,,,,,,,,,,,,,,,,,,,,,,,,,,,,,,,,,,,,,,,,,,,TN,TN
cfdaf87ed056aaae59e32176b35e15dd0ccd4b1a,398.8363636363636,mozilla-beta,4168118,13,59f7c57850e9d10762f122855a024e51389d56e5,windows10-64-shippable-qr,True,False,,|c|o|l|d| |f|i|s|s|i|o|n| |w|e|b|r|e|n|d|e|r|,102210fe594ee9b33d82058545b1ed14f4c8206e,SpeedIndex,microsoft,True,microsoft SpeedIndex opt cold fission webrender,,6,ms,firefox,,1737746535,2023-08-08 21:55:02,1284626,459.42,mozilla-ldap/afinder@mozilla.com,2658ff909fe46ea384283ab987ff064826d3847f,39285.0,13.46,,404.92,2023-08-14 12:02:22.095710,False,13.0,13.0,,,,1284502.0,3.0,1284626.0,3.0,mozilla-ldap/afinder@mozilla.com,59f7c57850e9d10762f122855a024e51389d56e5,,windows10-64-shippable-qr,,mozilla-beta,2023-08-18 23:18:24.027684,,1.0,54.49,179605.0,ms,,,39285.0,102210fe594ee9b33d82058545b1ed14f4c8206e,,True,False,afinder@mozilla.com,,,afinder@mozilla.com,2023-08-11 23:18:24.027684,,,SpeedIndex,OK,True,cfdaf87ed056aaae59e32176b35e15dd0ccd4b1a,,,,,False,,12.78,microsoft,"cold, fission, webrender",,"cold, fission, webrender",2023-08-16 23:18:24.027684,FP,FP
d061e30320b1d2802b6fe16c6541c043952c5017,393.72727272727275,mozilla-beta,4168118,13,59f7c57850e9d10762f122855a024e51389d56e5,windows10-64-shippable-qr,True,False,,|c|o|l|d| |f|i|s|s|i|o|n| |w|e|b|r|e|n|d|e|r|,102210fe594ee9b33d82058545b1ed14f4c8206e,SpeedIndex,microsoft,True,microsoft SpeedIndex opt cold fission webrender,,6,ms,firefox,,1739515168,2023-08-08 22:35:16,1284651,,,,,,,,,,,,,,,,,,,,,,,,,,,,,,,,,,,,,,,,,,,,,,,,,,,,,,,,,,,,,TN,TN
532ad084c177d7c0f0a3468f79928b630f55e14b,398.7818181818182,mozilla-beta,4168118,13,59f7c57850e9d10762f122855a024e51389d56e5,windows10-64-shippable-qr,True,False,,|c|o|l|d| |f|i|s|s|i|o|n| |w|e|b|r|e|n|d|e|r|,102210fe594ee9b33d82058545b1ed14f4c8206e,SpeedIndex,microsoft,True,microsoft SpeedIndex opt cold fission webrender,,6,ms,firefox,,1739514120,2023-08-08 23:48:06,1284679,,,,,,,,,,,,,,,,,,,,,,,,,,,,,,,,,,,,,,,,,,,,,,,,,,,,,,,,,,,,,TN,TN
55178d97d5f0a14b3e04415094d1d48f20f81737,398.24545454545455,mozilla-beta,4168118,13,59f7c57850e9d10762f122855a024e51389d56e5,windows10-64-shippable-qr,True,False,,|c|o|l|d| |f|i|s|s|i|o|n| |w|e|b|r|e|n|d|e|r|,102210fe594ee9b33d82058545b1ed14f4c8206e,SpeedIndex,microsoft,True,microsoft SpeedIndex opt cold fission webrender,,6,ms,firefox,,1739519132,2023-08-09 04:06:03,1284761,,,,,,,,,,,,,,,,,,,,,,,,,,,,,,,,,,,,,,,,,,,,,,,,,,,,,,,,,,,,,TN,TN
6bd589246bd42f4ee499b2c5a66490fed5d80f39,402.1714285714285,mozilla-beta,4168118,13,59f7c57850e9d10762f122855a024e51389d56e5,windows10-64-shippable-qr,True,False,,|c|o|l|d| |f|i|s|s|i|o|n| |w|e|b|r|e|n|d|e|r|,102210fe594ee9b33d82058545b1ed14f4c8206e,SpeedIndex,microsoft,True,microsoft SpeedIndex opt cold fission webrender,,6,ms,firefox,,1738196335,2023-08-09 18:01:13,1285212,,,,,,,,,,,,,,,,,,,,,,,,,,,,,,,,,,,,,,,,,,,,,,,,,,,,,,,,,,,,,TN,TN
433d3b5055bdc140654b579bc823a855330ee44e,401.42857142857144,mozilla-beta,4168118,13,59f7c57850e9d10762f122855a024e51389d56e5,windows10-64-shippable-qr,True,False,,|c|o|l|d| |f|i|s|s|i|o|n| |w|e|b|r|e|n|d|e|r|,102210fe594ee9b33d82058545b1ed14f4c8206e,SpeedIndex,microsoft,True,microsoft SpeedIndex opt cold fission webrender,,6,ms,firefox,,1738287745,2023-08-09 19:20:20,1285276,,,,,,,,,,,,,,,,,,,,,,,,,,,,,,,,,,,,,,,,,,,,,,,,,,,,,,,,,,,,,TN,TN
fa00393d9b3fe6becf61c250b9576e461b7c5570,399.675,mozilla-beta,4168118,13,59f7c57850e9d10762f122855a024e51389d56e5,windows10-64-shippable-qr,True,False,,|c|o|l|d| |f|i|s|s|i|o|n| |w|e|b|r|e|n|d|e|r|,102210fe594ee9b33d82058545b1ed14f4c8206e,SpeedIndex,microsoft,True,microsoft SpeedIndex opt cold fission webrender,,6,ms,firefox,,1738735788,2023-08-10 15:15:03,1285771,,,,,,,,,,,,,,,,,,,,,,,,,,,,,,,,,,,,,,,,,,,,,,,,,,,,,,,,,,,,,TN,TN
3db6a1040c55acf5f5e7ae366545276b178866f9,400.1666666666667,mozilla-beta,4168118,13,59f7c57850e9d10762f122855a024e51389d56e5,windows10-64-shippable-qr,True,False,,|c|o|l|d| |f|i|s|s|i|o|n| |w|e|b|r|e|n|d|e|r|,102210fe594ee9b33d82058545b1ed14f4c8206e,SpeedIndex,microsoft,True,microsoft SpeedIndex opt cold fission webrender,,6,ms,firefox,,1738871438,2023-08-10 17:30:49,1285856,,,,,,,,,,,,,,,,,,,,,,,,,,,,,,,,,,,,,,,,,,,,,,,,,,,,,,,,,,,,,TN,TN
21c1a6306679d8bc0dad3f2c85fb5d4de03d33a5,402.7,mozilla-beta,4168118,13,59f7c57850e9d10762f122855a024e51389d56e5,windows10-64-shippable-qr,True,False,,|c|o|l|d| |f|i|s|s|i|o|n| |w|e|b|r|e|n|d|e|r|,102210fe594ee9b33d82058545b1ed14f4c8206e,SpeedIndex,microsoft,True,microsoft SpeedIndex opt cold fission webrender,,6,ms,firefox,,1738883423,2023-08-10 17:48:51,1285874,,,,,,,,,,,,,,,,,,,,,,,,,,,,,,,,,,,,,,,,,,,,,,,,,,,,,,,,,,,,,TN,TN
1c49b7aae46f2efa55d93f31c950239b146067c3,400.56666666666666,mozilla-beta,4168118,13,59f7c57850e9d10762f122855a024e51389d56e5,windows10-64-shippable-qr,True,False,,|c|o|l|d| |f|i|s|s|i|o|n| |w|e|b|r|e|n|d|e|r|,102210fe594ee9b33d82058545b1ed14f4c8206e,SpeedIndex,microsoft,True,microsoft SpeedIndex opt cold fission webrender,,6,ms,firefox,,1738902554,2023-08-10 18:00:04,1285882,,,,,,,,,,,,,,,,,,,,,,,,,,,,,,,,,,,,,,,,,,,,,,,,,,,,,,,,,,,,,TN,TN
d6ffe323ddf142af3dd664b098a59dc4973bd423,403.9166666666667,mozilla-beta,4168118,13,59f7c57850e9d10762f122855a024e51389d56e5,windows10-64-shippable-qr,True,False,,|c|o|l|d| |f|i|s|s|i|o|n| |w|e|b|r|e|n|d|e|r|,102210fe594ee9b33d82058545b1ed14f4c8206e,SpeedIndex,microsoft,True,microsoft SpeedIndex opt cold fission webrender,,6,ms,firefox,,1738862381,2023-08-10 18:18:19,1285902,,,,,,,,,,,,,,,,,,,,,,,,,,,,,,,,,,,,,,,,,,,,,,,,,,,,,,,,,,,,,TN,TN
4912574e9716b0b0a9018bec241edc2245f6538e,398.38571428571424,mozilla-beta,4168118,13,59f7c57850e9d10762f122855a024e51389d56e5,windows10-64-shippable-qr,True,False,,|c|o|l|d| |f|i|s|s|i|o|n| |w|e|b|r|e|n|d|e|r|,102210fe594ee9b33d82058545b1ed14f4c8206e,SpeedIndex,microsoft,True,microsoft SpeedIndex opt cold fission webrender,,6,ms,firefox,,1740423504,2023-08-10 21:27:10,1286051,,,,,,,,,,,,,,,,,,,,,,,,,,,,,,,,,,,,,,,,,,,,,,,,,,,,,,,,,,,,,TN,TN
db6e7e1e9114bed46fcdd54efafc747797feae13,401.625,mozilla-beta,4168118,13,59f7c57850e9d10762f122855a024e51389d56e5,windows10-64-shippable-qr,True,False,,|c|o|l|d| |f|i|s|s|i|o|n| |w|e|b|r|e|n|d|e|r|,102210fe594ee9b33d82058545b1ed14f4c8206e,SpeedIndex,microsoft,True,microsoft SpeedIndex opt cold fission webrender,,6,ms,firefox,,1740401198,2023-08-10 21:34:07,1286058,,,,,,,,,,,,,,,,,,,,,,,,,,,,,,,,,,,,,,,,,,,,,,,,,,,,,,,,,,,,,TN,TN
5cd6b98b0cc06e05cc1e3812a2ddd1708243a015,395.19090909090914,mozilla-beta,4168118,13,59f7c57850e9d10762f122855a024e51389d56e5,windows10-64-shippable-qr,True,False,,|c|o|l|d| |f|i|s|s|i|o|n| |w|e|b|r|e|n|d|e|r|,102210fe594ee9b33d82058545b1ed14f4c8206e,SpeedIndex,microsoft,True,microsoft SpeedIndex opt cold fission webrender,,6,ms,firefox,,1740397250,2023-08-11 00:44:05,1286142,,,,,,,,,,,,,,,,,,,,,,,,,,,,,,,,,,,,,,,,,,,,,,,,,,,,,,,,,,,,,TN,TN
d1ee2822f39b1c33793a20a7ca72e85dab5e22b3,398.29090909090905,mozilla-beta,4168118,13,59f7c57850e9d10762f122855a024e51389d56e5,windows10-64-shippable-qr,True,False,,|c|o|l|d| |f|i|s|s|i|o|n| |w|e|b|r|e|n|d|e|r|,102210fe594ee9b33d82058545b1ed14f4c8206e,SpeedIndex,microsoft,True,microsoft SpeedIndex opt cold fission webrender,,6,ms,firefox,,1740394608,2023-08-11 01:08:38,1286146,,,,,,,,,,,,,,,,,,,,,,,,,,,,,,,,,,,,,,,,,,,,,,,,,,,,,,,,,,,,,TN,TN
19a2c76dc9990f44dbeac102736d2e99be839317,424.54545454545456,mozilla-beta,4168118,13,59f7c57850e9d10762f122855a024e51389d56e5,windows10-64-shippable-qr,True,False,,|c|o|l|d| |f|i|s|s|i|o|n| |w|e|b|r|e|n|d|e|r|,102210fe594ee9b33d82058545b1ed14f4c8206e,SpeedIndex,microsoft,True,microsoft SpeedIndex opt cold fission webrender,,6,ms,firefox,,1739294008,2023-08-11 15:21:13,1286357,427.65,mozilla-ldap/aionescu@mozilla.com,d1ee2822f39b1c33793a20a7ca72e85dab5e22b3,39338.0,7.31,,398.52,2023-08-17 11:33:44.400105,False,13.0,13.0,,,,1286146.0,2.0,1286357.0,2.0,mozilla-ldap/aionescu@mozilla.com,59f7c57850e9d10762f122855a024e51389d56e5,,windows10-64-shippable-qr,,mozilla-beta,2023-08-23 13:04:04.533504,,1.0,29.13,179990.0,ms,,,39338.0,102210fe594ee9b33d82058545b1ed14f4c8206e,,True,False,aionescu@mozilla.com,,,aionescu@mozilla.com,2023-08-16 13:04:04.533504,,,SpeedIndex,OUTLIERS,True,19a2c76dc9990f44dbeac102736d2e99be839317,39307.0,,,,False,,7.13,microsoft,"cold, fission, webrender",,"cold, fission, webrender",2023-08-21 13:04:04.533504,TP,TP
fe2aaa3aafcf697f35b8250eca545ed76a62162f,428.09090909090907,mozilla-beta,4168118,13,59f7c57850e9d10762f122855a024e51389d56e5,windows10-64-shippable-qr,True,False,,|c|o|l|d| |f|i|s|s|i|o|n| |w|e|b|r|e|n|d|e|r|,102210fe594ee9b33d82058545b1ed14f4c8206e,SpeedIndex,microsoft,True,microsoft SpeedIndex opt cold fission webrender,,6,ms,firefox,,1739366052,2023-08-11 16:51:16,1286431,,,,,,,,,,,,,,,,,,,,,,,,,,,,,,,,,,,,,,,,,,,,,,,,,,,,,,,,,,,,,TN,TN
bc09740beb8c1ae802df1ad952223a369daac18f,436.1666666666667,mozilla-beta,4168118,13,59f7c57850e9d10762f122855a024e51389d56e5,windows10-64-shippable-qr,True,False,,|c|o|l|d| |f|i|s|s|i|o|n| |w|e|b|r|e|n|d|e|r|,102210fe594ee9b33d82058545b1ed14f4c8206e,SpeedIndex,microsoft,True,microsoft SpeedIndex opt cold fission webrender,,6,ms,firefox,,1739353625,2023-08-11 17:58:53,1286483,,,,,,,,,,,,,,,,,,,,,,,,,,,,,,,,,,,,,,,,,,,,,,,,,,,,,,,,,,,,,TN,TN
e62bf69c57f2d75551e80a25236b19d1892709b3,443.26666666666665,mozilla-beta,4168118,13,59f7c57850e9d10762f122855a024e51389d56e5,windows10-64-shippable-qr,True,False,,|c|o|l|d| |f|i|s|s|i|o|n| |w|e|b|r|e|n|d|e|r|,102210fe594ee9b33d82058545b1ed14f4c8206e,SpeedIndex,microsoft,True,microsoft SpeedIndex opt cold fission webrender,,6,ms,firefox,,1739429193,2023-08-11 19:35:29,1286549,,,,,,,,,,,,,,,,,,,,,,,,,,,,,,,,,,,,,,,,,,,,,,,,,,,,,,,,,,,,,TN,TN
19a38682aee82796d601e53801a5d4eb10664812,433.51666666666665,mozilla-beta,4168118,13,59f7c57850e9d10762f122855a024e51389d56e5,windows10-64-shippable-qr,True,False,,|c|o|l|d| |f|i|s|s|i|o|n| |w|e|b|r|e|n|d|e|r|,102210fe594ee9b33d82058545b1ed14f4c8206e,SpeedIndex,microsoft,True,microsoft SpeedIndex opt cold fission webrender,,6,ms,firefox,,1739661919,2023-08-12 16:03:48,1286674,,,,,,,,,,,,,,,,,,,,,,,,,,,,,,,,,,,,,,,,,,,,,,,,,,,,,,,,,,,,,TN,TN
77b053e8ee09973807d49b1888c31ea21118362f,430.0,mozilla-beta,4168118,13,59f7c57850e9d10762f122855a024e51389d56e5,windows10-64-shippable-qr,True,False,,|c|o|l|d| |f|i|s|s|i|o|n| |w|e|b|r|e|n|d|e|r|,102210fe594ee9b33d82058545b1ed14f4c8206e,SpeedIndex,microsoft,True,microsoft SpeedIndex opt cold fission webrender,,6,ms,firefox,,1739697156,2023-08-12 18:00:10,1286689,,,,,,,,,,,,,,,,,,,,,,,,,,,,,,,,,,,,,,,,,,,,,,,,,,,,,,,,,,,,,TN,TN
4cf69f7029b8d6f7a38adb83cd6852ac008d6be2,426.5833333333333,mozilla-beta,4168118,13,59f7c57850e9d10762f122855a024e51389d56e5,windows10-64-shippable-qr,True,False,,|c|o|l|d| |f|i|s|s|i|o|n| |w|e|b|r|e|n|d|e|r|,102210fe594ee9b33d82058545b1ed14f4c8206e,SpeedIndex,microsoft,True,microsoft SpeedIndex opt cold fission webrender,,6,ms,firefox,,1739843661,2023-08-13 16:52:58,1286761,,,,,,,,,,,,,,,,,,,,,,,,,,,,,,,,,,,,,,,,,,,,,,,,,,,,,,,,,,,,,TN,TN
2300f9ca9d4fa74443ed2c5542bb1b22167a28df,430.31666666666666,mozilla-beta,4168118,13,59f7c57850e9d10762f122855a024e51389d56e5,windows10-64-shippable-qr,True,False,,|c|o|l|d| |f|i|s|s|i|o|n| |w|e|b|r|e|n|d|e|r|,102210fe594ee9b33d82058545b1ed14f4c8206e,SpeedIndex,microsoft,True,microsoft SpeedIndex opt cold fission webrender,,6,ms,firefox,,1739848192,2023-08-13 17:23:23,1286763,,,,,,,,,,,,,,,,,,,,,,,,,,,,,,,,,,,,,,,,,,,,,,,,,,,,,,,,,,,,,TN,TN
b6ac990feb967837e10ccf2232c15c9acc4542db,425.31666666666666,mozilla-beta,4168118,13,59f7c57850e9d10762f122855a024e51389d56e5,windows10-64-shippable-qr,True,False,,|c|o|l|d| |f|i|s|s|i|o|n| |w|e|b|r|e|n|d|e|r|,102210fe594ee9b33d82058545b1ed14f4c8206e,SpeedIndex,microsoft,True,microsoft SpeedIndex opt cold fission webrender,,6,ms,firefox,,1739863139,2023-08-13 18:01:42,1286766,,,,,,,,,,,,,,,,,,,,,,,,,,,,,,,,,,,,,,,,,,,,,,,,,,,,,,,,,,,,,TN,TN
fc68f88a0242a69c08b68302ee26c350ef509483,427.18,mozilla-beta,4168118,13,59f7c57850e9d10762f122855a024e51389d56e5,windows10-64-shippable-qr,True,False,,|c|o|l|d| |f|i|s|s|i|o|n| |w|e|b|r|e|n|d|e|r|,102210fe594ee9b33d82058545b1ed14f4c8206e,SpeedIndex,microsoft,True,microsoft SpeedIndex opt cold fission webrender,,6,ms,firefox,,1741529484,2023-08-13 21:28:29,1286779,,,,,,,,,,,,,,,,,,,,,,,,,,,,,,,,,,,,,,,,,,,,,,,,,,,,,,,,,,,,,TN,TN
027f8501abb5856fc8709d4aa0312be123792788,430.82,mozilla-beta,4168118,13,59f7c57850e9d10762f122855a024e51389d56e5,windows10-64-shippable-qr,True,False,,|c|o|l|d| |f|i|s|s|i|o|n| |w|e|b|r|e|n|d|e|r|,102210fe594ee9b33d82058545b1ed14f4c8206e,SpeedIndex,microsoft,True,microsoft SpeedIndex opt cold fission webrender,,6,ms,firefox,,1741542305,2023-08-13 21:35:36,1286781,,,,,,,,,,,,,,,,,,,,,,,,,,,,,,,,,,,,,,,,,,,,,,,,,,,,,,,,,,,,,TN,TN
def8da7f280c4ca1eda0af23ec6d8682e549d749,419.64,mozilla-beta,4168118,13,59f7c57850e9d10762f122855a024e51389d56e5,windows10-64-shippable-qr,True,False,,|c|o|l|d| |f|i|s|s|i|o|n| |w|e|b|r|e|n|d|e|r|,102210fe594ee9b33d82058545b1ed14f4c8206e,SpeedIndex,microsoft,True,microsoft SpeedIndex opt cold fission webrender,,6,ms,firefox,,1741542486,2023-08-14 00:08:40,1286787,,,,,,,,,,,,,,,,,,,,,,,,,,,,,,,,,,,,,,,,,,,,,,,,,,,,,,,,,,,,,TN,TN
a6729d7e2ba0e1ba1fbf93be5076ecdb4a1b1e40,426.59999999999997,mozilla-beta,4168118,13,59f7c57850e9d10762f122855a024e51389d56e5,windows10-64-shippable-qr,True,False,,|c|o|l|d| |f|i|s|s|i|o|n| |w|e|b|r|e|n|d|e|r|,102210fe594ee9b33d82058545b1ed14f4c8206e,SpeedIndex,microsoft,True,microsoft SpeedIndex opt cold fission webrender,,6,ms,firefox,,1740132168,2023-08-14 15:56:31,1287055,,,,,,,,,,,,,,,,,,,,,,,,,,,,,,,,,,,,,,,,,,,,,,,,,,,,,,,,,,,,,TN,TN
1d543e7b65ff57f2da7465d003f3e3e38e672120,431.8333333333333,mozilla-beta,4168118,13,59f7c57850e9d10762f122855a024e51389d56e5,windows10-64-shippable-qr,True,False,,|c|o|l|d| |f|i|s|s|i|o|n| |w|e|b|r|e|n|d|e|r|,102210fe594ee9b33d82058545b1ed14f4c8206e,SpeedIndex,microsoft,True,microsoft SpeedIndex opt cold fission webrender,,6,ms,firefox,,1740204893,2023-08-14 17:35:08,1287114,,,,,,,,,,,,,,,,,,,,,,,,,,,,,,,,,,,,,,,,,,,,,,,,,,,,,,,,,,,,,TN,TN
2272865813a3da4e06a9a59daac6a0d46d3c5c35,427.7,mozilla-beta,4168118,13,59f7c57850e9d10762f122855a024e51389d56e5,windows10-64-shippable-qr,True,False,,|c|o|l|d| |f|i|s|s|i|o|n| |w|e|b|r|e|n|d|e|r|,102210fe594ee9b33d82058545b1ed14f4c8206e,SpeedIndex,microsoft,True,microsoft SpeedIndex opt cold fission webrender,,6,ms,firefox,,1740224647,2023-08-14 18:01:52,1287134,,,,,,,,,,,,,,,,,,,,,,,,,,,,,,,,,,,,,,,,,,,,,,,,,,,,,,,,,,,,,TN,TN
dbd6cb77df7c84d664880a496756071e3619f0fd,439.2,mozilla-beta,4168118,13,59f7c57850e9d10762f122855a024e51389d56e5,windows10-64-shippable-qr,True,False,,|c|o|l|d| |f|i|s|s|i|o|n| |w|e|b|r|e|n|d|e|r|,102210fe594ee9b33d82058545b1ed14f4c8206e,SpeedIndex,microsoft,True,microsoft SpeedIndex opt cold fission webrender,,6,ms,firefox,,1740420844,2023-08-15 02:26:03,1287386,,,,,,,,,,,,,,,,,,,,,,,,,,,,,,,,,,,,,,,,,,,,,,,,,,,,,,,,,,,,,TN,TN
ea32c3ece390271be2988a369cc7fbddd4f87187,431.9,mozilla-beta,4168118,13,59f7c57850e9d10762f122855a024e51389d56e5,windows10-64-shippable-qr,True,False,,|c|o|l|d| |f|i|s|s|i|o|n| |w|e|b|r|e|n|d|e|r|,102210fe594ee9b33d82058545b1ed14f4c8206e,SpeedIndex,microsoft,True,microsoft SpeedIndex opt cold fission webrender,,6,ms,firefox,,1740728396,2023-08-15 14:12:37,1287594,,,,,,,,,,,,,,,,,,,,,,,,,,,,,,,,,,,,,,,,,,,,,,,,,,,,,,,,,,,,,TN,TN
bd110f9606301510f9ddac04db25e26fc7b979f4,447.9,mozilla-beta,4168118,13,59f7c57850e9d10762f122855a024e51389d56e5,windows10-64-shippable-qr,True,False,,|c|o|l|d| |f|i|s|s|i|o|n| |w|e|b|r|e|n|d|e|r|,102210fe594ee9b33d82058545b1ed14f4c8206e,SpeedIndex,microsoft,True,microsoft SpeedIndex opt cold fission webrender,,6,ms,firefox,,1740711388,2023-08-15 14:31:22,1287600,,,,,,,,,,,,,,,,,,,,,,,,,,,,,,,,,,,,,,,,,,,,,,,,,,,,,,,,,,,,,TN,TN
39b27e45212aba8ae789db40047edcb957e5c978,421.4,mozilla-beta,4168118,13,59f7c57850e9d10762f122855a024e51389d56e5,windows10-64-shippable-qr,True,False,,|c|o|l|d| |f|i|s|s|i|o|n| |w|e|b|r|e|n|d|e|r|,102210fe594ee9b33d82058545b1ed14f4c8206e,SpeedIndex,microsoft,True,microsoft SpeedIndex opt cold fission webrender,,6,ms,firefox,,1740863384,2023-08-15 17:55:25,1287743,,,,,,,,,,,,,,,,,,,,,,,,,,,,,,,,,,,,,,,,,,,,,,,,,,,,,,,,,,,,,TN,TN
3ee3379590a3b47418b7e1dac28217fa1720c9c5,431.5,mozilla-beta,4168118,13,59f7c57850e9d10762f122855a024e51389d56e5,windows10-64-shippable-qr,True,False,,|c|o|l|d| |f|i|s|s|i|o|n| |w|e|b|r|e|n|d|e|r|,102210fe594ee9b33d82058545b1ed14f4c8206e,SpeedIndex,microsoft,True,microsoft SpeedIndex opt cold fission webrender,,6,ms,firefox,,1740916469,2023-08-15 18:00:41,1287745,,,,,,,,,,,,,,,,,,,,,,,,,,,,,,,,,,,,,,,,,,,,,,,,,,,,,,,,,,,,,TN,TN
08b127aa5a361e2e83fbf254bcfa7d7defcc91bb,444.8,mozilla-beta,4168118,13,59f7c57850e9d10762f122855a024e51389d56e5,windows10-64-shippable-qr,True,False,,|c|o|l|d| |f|i|s|s|i|o|n| |w|e|b|r|e|n|d|e|r|,102210fe594ee9b33d82058545b1ed14f4c8206e,SpeedIndex,microsoft,True,microsoft SpeedIndex opt cold fission webrender,,6,ms,firefox,,1741552181,2023-08-16 17:40:45,1288455,,,,,,,,,,,,,,,,,,,,,,,,,,,,,,,,,,,,,,,,,,,,,,,,,,,,,,,,,,,,,TN,TN
d3061045db8732cf87a223291094873d2d50888a,427.8,mozilla-beta,4168118,13,59f7c57850e9d10762f122855a024e51389d56e5,windows10-64-shippable-qr,True,False,,|c|o|l|d| |f|i|s|s|i|o|n| |w|e|b|r|e|n|d|e|r|,102210fe594ee9b33d82058545b1ed14f4c8206e,SpeedIndex,microsoft,True,microsoft SpeedIndex opt cold fission webrender,,6,ms,firefox,,1741563096,2023-08-16 18:00:54,1288466,,,,,,,,,,,,,,,,,,,,,,,,,,,,,,,,,,,,,,,,,,,,,,,,,,,,,,,,,,,,,TN,TN
33901ea7ca81a824a5b24396def8e991fe7731e0,419.5,mozilla-beta,4168118,13,59f7c57850e9d10762f122855a024e51389d56e5,windows10-64-shippable-qr,True,False,,|c|o|l|d| |f|i|s|s|i|o|n| |w|e|b|r|e|n|d|e|r|,102210fe594ee9b33d82058545b1ed14f4c8206e,SpeedIndex,microsoft,True,microsoft SpeedIndex opt cold fission webrender,,6,ms,firefox,,1741598150,2023-08-16 18:52:19,1288493,,,,,,,,,,,,,,,,,,,,,,,,,,,,,,,,,,,,,,,,,,,,,,,,,,,,,,,,,,,,,TN,TN
f5d3fbc0d6e61648e703814eea4baf5806524b36,422.2,mozilla-beta,4168118,13,59f7c57850e9d10762f122855a024e51389d56e5,windows10-64-shippable-qr,True,False,,|c|o|l|d| |f|i|s|s|i|o|n| |w|e|b|r|e|n|d|e|r|,102210fe594ee9b33d82058545b1ed14f4c8206e,SpeedIndex,microsoft,True,microsoft SpeedIndex opt cold fission webrender,,6,ms,firefox,,1742160885,2023-08-17 14:25:18,1288946,,,,,,,,,,,,,,,,,,,,,,,,,,,,,,,,,,,,,,,,,,,,,,,,,,,,,,,,,,,,,TN,TN
43bf41ee652223649ecd95d0a656eeacae86ad05,430.1,mozilla-beta,4168118,13,59f7c57850e9d10762f122855a024e51389d56e5,windows10-64-shippable-qr,True,False,,|c|o|l|d| |f|i|s|s|i|o|n| |w|e|b|r|e|n|d|e|r|,102210fe594ee9b33d82058545b1ed14f4c8206e,SpeedIndex,microsoft,True,microsoft SpeedIndex opt cold fission webrender,,6,ms,firefox,,1742216393,2023-08-17 17:00:22,1289046,,,,,,,,,,,,,,,,,,,,,,,,,,,,,,,,,,,,,,,,,,,,,,,,,,,,,,,,,,,,,TN,TN
79150caa42c9af433d7077a75e3bb6024fedd445,438.1,mozilla-beta,4168118,13,59f7c57850e9d10762f122855a024e51389d56e5,windows10-64-shippable-qr,True,False,,|c|o|l|d| |f|i|s|s|i|o|n| |w|e|b|r|e|n|d|e|r|,102210fe594ee9b33d82058545b1ed14f4c8206e,SpeedIndex,microsoft,True,microsoft SpeedIndex opt cold fission webrender,,6,ms,firefox,,1742254949,2023-08-17 17:58:56,1289083,,,,,,,,,,,,,,,,,,,,,,,,,,,,,,,,,,,,,,,,,,,,,,,,,,,,,,,,,,,,,TN,TN
dd6c96bd27406158b503fdc93699a7a55299727d,446.1,mozilla-beta,4168118,13,59f7c57850e9d10762f122855a024e51389d56e5,windows10-64-shippable-qr,True,False,,|c|o|l|d| |f|i|s|s|i|o|n| |w|e|b|r|e|n|d|e|r|,102210fe594ee9b33d82058545b1ed14f4c8206e,SpeedIndex,microsoft,True,microsoft SpeedIndex opt cold fission webrender,,6,ms,firefox,,1742902687,2023-08-18 17:58:43,1289558,,,,,,,,,,,,,,,,,,,,,,,,,,,,,,,,,,,,,,,,,,,,,,,,,,,,,,,,,,,,,TN,TN
cb4964f4a7d3a89de607bbb3e0f382ecbb876138,447.3,mozilla-beta,4168118,13,59f7c57850e9d10762f122855a024e51389d56e5,windows10-64-shippable-qr,True,False,,|c|o|l|d| |f|i|s|s|i|o|n| |w|e|b|r|e|n|d|e|r|,102210fe594ee9b33d82058545b1ed14f4c8206e,SpeedIndex,microsoft,True,microsoft SpeedIndex opt cold fission webrender,,6,ms,firefox,,1742938672,2023-08-18 18:03:36,1289562,,,,,,,,,,,,,,,,,,,,,,,,,,,,,,,,,,,,,,,,,,,,,,,,,,,,,,,,,,,,,TN,TN
280c96d8d9eaa71cccbf305dcd506fcb5916a426,428.0,mozilla-beta,4168118,13,59f7c57850e9d10762f122855a024e51389d56e5,windows10-64-shippable-qr,True,False,,|c|o|l|d| |f|i|s|s|i|o|n| |w|e|b|r|e|n|d|e|r|,102210fe594ee9b33d82058545b1ed14f4c8206e,SpeedIndex,microsoft,True,microsoft SpeedIndex opt cold fission webrender,,6,ms,firefox,,1743166470,2023-08-19 18:03:16,1289766,,,,,,,,,,,,,,,,,,,,,,,,,,,,,,,,,,,,,,,,,,,,,,,,,,,,,,,,,,,,,TN,TN
9763c2c83af5baabe670cc6a262f1c838c3eca85,448.4,mozilla-beta,4168118,13,59f7c57850e9d10762f122855a024e51389d56e5,windows10-64-shippable-qr,True,False,,|c|o|l|d| |f|i|s|s|i|o|n| |w|e|b|r|e|n|d|e|r|,102210fe594ee9b33d82058545b1ed14f4c8206e,SpeedIndex,microsoft,True,microsoft SpeedIndex opt cold fission webrender,,6,ms,firefox,,1743317306,2023-08-20 18:00:02,1289838,,,,,,,,,,,,,,,,,,,,,,,,,,,,,,,,,,,,,,,,,,,,,,,,,,,,,,,,,,,,,TN,TN
95093682c2bb0242a3f1016d06ee0e2d33385e4b,441.6,mozilla-beta,4168118,13,59f7c57850e9d10762f122855a024e51389d56e5,windows10-64-shippable-qr,True,False,,|c|o|l|d| |f|i|s|s|i|o|n| |w|e|b|r|e|n|d|e|r|,102210fe594ee9b33d82058545b1ed14f4c8206e,SpeedIndex,microsoft,True,microsoft SpeedIndex opt cold fission webrender,,6,ms,firefox,,1743646971,2023-08-21 11:07:09,1289941,,,,,,,,,,,,,,,,,,,,,,,,,,,,,,,,,,,,,,,,,,,,,,,,,,,,,,,,,,,,,TN,TN
a51142166ff907b88f1f41ce22c1ad1df4daac76,397.9,mozilla-beta,4168118,13,59f7c57850e9d10762f122855a024e51389d56e5,windows10-64-shippable-qr,True,False,,|c|o|l|d| |f|i|s|s|i|o|n| |w|e|b|r|e|n|d|e|r|,102210fe594ee9b33d82058545b1ed14f4c8206e,SpeedIndex,microsoft,True,microsoft SpeedIndex opt cold fission webrender,,6,ms,firefox,,1746939352,2023-08-28 13:34:39,1292230,,,,,,,,,,,,,,,,,,,,,,,,,,,,,,,,,,,,,,,,,,,,,,,,,,,,,,,,,,,,,TN,TN
dad69789a2511ed216636075c1304c3df77ef2ae,404.6,mozilla-beta,4168118,13,59f7c57850e9d10762f122855a024e51389d56e5,windows10-64-shippable-qr,True,False,,|c|o|l|d| |f|i|s|s|i|o|n| |w|e|b|r|e|n|d|e|r|,102210fe594ee9b33d82058545b1ed14f4c8206e,SpeedIndex,microsoft,True,microsoft SpeedIndex opt cold fission webrender,,6,ms,firefox,,1747088221,2023-08-28 18:00:55,1292358,,,,,,,,,,,,,,,,,,,,,,,,,,,,,,,,,,,,,,,,,,,,,,,,,,,,,,,,,,,,,TN,TN
fc9d232fe3a08afc7811940be13f3ab05148baac,407.7,mozilla-beta,4168118,13,59f7c57850e9d10762f122855a024e51389d56e5,windows10-64-shippable-qr,True,False,,|c|o|l|d| |f|i|s|s|i|o|n| |w|e|b|r|e|n|d|e|r|,102210fe594ee9b33d82058545b1ed14f4c8206e,SpeedIndex,microsoft,True,microsoft SpeedIndex opt cold fission webrender,,6,ms,firefox,,1747708828,2023-08-29 16:17:46,1292905,,,,,,,,,,,,,,,,,,,,,,,,,,,,,,,,,,,,,,,,,,,,,,,,,,,,,,,,,,,,,TN,TN
22902fb186bab153df337de03d5e5ceafb8bb289,408.7,mozilla-beta,4168118,13,59f7c57850e9d10762f122855a024e51389d56e5,windows10-64-shippable-qr,True,False,,|c|o|l|d| |f|i|s|s|i|o|n| |w|e|b|r|e|n|d|e|r|,102210fe594ee9b33d82058545b1ed14f4c8206e,SpeedIndex,microsoft,True,microsoft SpeedIndex opt cold fission webrender,,6,ms,firefox,,1747759443,2023-08-29 18:01:58,1292972,,,,,,,,,,,,,,,,,,,,,,,,,,,,,,,,,,,,,,,,,,,,,,,,,,,,,,,,,,,,,TN,TN
a7de6ba0f96a2232c89b1b0c4a851cfa706c9dff,401.0,mozilla-beta,4168118,13,59f7c57850e9d10762f122855a024e51389d56e5,windows10-64-shippable-qr,True,False,,|c|o|l|d| |f|i|s|s|i|o|n| |w|e|b|r|e|n|d|e|r|,102210fe594ee9b33d82058545b1ed14f4c8206e,SpeedIndex,microsoft,True,microsoft SpeedIndex opt cold fission webrender,,6,ms,firefox,,1748079010,2023-08-30 16:02:19,1293406,,,,,,,,,,,,,,,,,,,,,,,,,,,,,,,,,,,,,,,,,,,,,,,,,,,,,,,,,,,,,TN,TN
c9fd750d1062cdca7d7307305afab359895f4bab,418.7,mozilla-beta,4168118,13,59f7c57850e9d10762f122855a024e51389d56e5,windows10-64-shippable-qr,True,False,,|c|o|l|d| |f|i|s|s|i|o|n| |w|e|b|r|e|n|d|e|r|,102210fe594ee9b33d82058545b1ed14f4c8206e,SpeedIndex,microsoft,True,microsoft SpeedIndex opt cold fission webrender,,6,ms,firefox,,1748136836,2023-08-30 18:00:05,1293491,,,,,,,,,,,,,,,,,,,,,,,,,,,,,,,,,,,,,,,,,,,,,,,,,,,,,,,,,,,,,TN,TN
bd56eca7c31c77f3fbdd6daa6d57c94c9eb8d5c8,400.8,mozilla-beta,4168118,13,59f7c57850e9d10762f122855a024e51389d56e5,windows10-64-shippable-qr,True,False,,|c|o|l|d| |f|i|s|s|i|o|n| |w|e|b|r|e|n|d|e|r|,102210fe594ee9b33d82058545b1ed14f4c8206e,SpeedIndex,microsoft,True,microsoft SpeedIndex opt cold fission webrender,,6,ms,firefox,,1748488090,2023-08-31 13:48:52,1293926,,,,,,,,,,,,,,,,,,,,,,,,,,,,,,,,,,,,,,,,,,,,,,,,,,,,,,,,,,,,,TN,TN
87b953f9d23637a6fa6ff27c3e67832db704f61b,465.0,mozilla-beta,4168118,13,59f7c57850e9d10762f122855a024e51389d56e5,windows10-64-shippable-qr,True,False,,|c|o|l|d| |f|i|s|s|i|o|n| |w|e|b|r|e|n|d|e|r|,102210fe594ee9b33d82058545b1ed14f4c8206e,SpeedIndex,microsoft,True,microsoft SpeedIndex opt cold fission webrender,,6,ms,firefox,,1748550007,2023-08-31 16:20:56,1294000,,,,,,,,,,,,,,,,,,,,,,,,,,,,,,,,,,,,,,,,,,,,,,,,,,,,,,,,,,,,,TN,TN
1af9e2938f106620e66bafc85d215e817bbbdeb8,414.9,mozilla-beta,4168118,13,59f7c57850e9d10762f122855a024e51389d56e5,windows10-64-shippable-qr,True,False,,|c|o|l|d| |f|i|s|s|i|o|n| |w|e|b|r|e|n|d|e|r|,102210fe594ee9b33d82058545b1ed14f4c8206e,SpeedIndex,microsoft,True,microsoft SpeedIndex opt cold fission webrender,,6,ms,firefox,,1748617321,2023-08-31 18:00:26,1294060,,,,,,,,,,,,,,,,,,,,,,,,,,,,,,,,,,,,,,,,,,,,,,,,,,,,,,,,,,,,,TN,TN
709d8af0c7f302527387c80c1d76d741a7aa46aa,412.9,mozilla-beta,4168118,13,59f7c57850e9d10762f122855a024e51389d56e5,windows10-64-shippable-qr,True,False,,|c|o|l|d| |f|i|s|s|i|o|n| |w|e|b|r|e|n|d|e|r|,102210fe594ee9b33d82058545b1ed14f4c8206e,SpeedIndex,microsoft,True,microsoft SpeedIndex opt cold fission webrender,,6,ms,firefox,,1749174036,2023-09-01 14:41:46,1294606,,,,,,,,,,,,,,,,,,,,,,,,,,,,,,,,,,,,,,,,,,,,,,,,,,,,,,,,,,,,,TN,TN
26851a608617df78ba59a15b1b069d398838e42a,402.4,mozilla-beta,4168118,13,59f7c57850e9d10762f122855a024e51389d56e5,windows10-64-shippable-qr,True,False,,|c|o|l|d| |f|i|s|s|i|o|n| |w|e|b|r|e|n|d|e|r|,102210fe594ee9b33d82058545b1ed14f4c8206e,SpeedIndex,microsoft,True,microsoft SpeedIndex opt cold fission webrender,,6,ms,firefox,,1749265638,2023-09-01 17:59:08,1294720,,,,,,,,,,,,,,,,,,,,,,,,,,,,,,,,,,,,,,,,,,,,,,,,,,,,,,,,,,,,,TN,TN
171ca118d902636a29bb5fb3a82f7a55f2089cd7,406.5,mozilla-beta,4168118,13,59f7c57850e9d10762f122855a024e51389d56e5,windows10-64-shippable-qr,True,False,,|c|o|l|d| |f|i|s|s|i|o|n| |w|e|b|r|e|n|d|e|r|,102210fe594ee9b33d82058545b1ed14f4c8206e,SpeedIndex,microsoft,True,microsoft SpeedIndex opt cold fission webrender,,6,ms,firefox,,1749669579,2023-09-02 18:02:24,1294989,,,,,,,,,,,,,,,,,,,,,,,,,,,,,,,,,,,,,,,,,,,,,,,,,,,,,,,,,,,,,TN,TN
073227d3c47f97124282de93cc52c465393d9cd5,414.7,mozilla-beta,4168118,13,59f7c57850e9d10762f122855a024e51389d56e5,windows10-64-shippable-qr,True,False,,|c|o|l|d| |f|i|s|s|i|o|n| |w|e|b|r|e|n|d|e|r|,102210fe594ee9b33d82058545b1ed14f4c8206e,SpeedIndex,microsoft,True,microsoft SpeedIndex opt cold fission webrender,,6,ms,firefox,,1749829319,2023-09-03 14:47:55,1295067,,,,,,,,,,,,,,,,,,,,,,,,,,,,,,,,,,,,,,,,,,,,,,,,,,,,,,,,,,,,,TN,TN
cb4458e15206391eeeed111562f9a786e4253c5c,388.1,mozilla-beta,4168118,13,59f7c57850e9d10762f122855a024e51389d56e5,windows10-64-shippable-qr,True,False,,|c|o|l|d| |f|i|s|s|i|o|n| |w|e|b|r|e|n|d|e|r|,102210fe594ee9b33d82058545b1ed14f4c8206e,SpeedIndex,microsoft,True,microsoft SpeedIndex opt cold fission webrender,,6,ms,firefox,,1749886687,2023-09-03 18:02:19,1295080,,,,,,,,,,,,,,,,,,,,,,,,,,,,,,,,,,,,,,,,,,,,,,,,,,,,,,,,,,,,,TN,TN
9cf13283af3f62be7d96fb8820adb77b34e50f7d,399.6,mozilla-beta,4168118,13,59f7c57850e9d10762f122855a024e51389d56e5,windows10-64-shippable-qr,True,False,,|c|o|l|d| |f|i|s|s|i|o|n| |w|e|b|r|e|n|d|e|r|,102210fe594ee9b33d82058545b1ed14f4c8206e,SpeedIndex,microsoft,True,microsoft SpeedIndex opt cold fission webrender,,6,ms,firefox,,1750168997,2023-09-04 10:55:38,1295255,,,,,,,,,,,,,,,,,,,,,,,,,,,,,,,,,,,,,,,,,,,,,,,,,,,,,,,,,,,,,TN,TN
bc7cc180eaecceec758abbbce4a999eb99f759a9,398.1,mozilla-beta,4168118,13,59f7c57850e9d10762f122855a024e51389d56e5,windows10-64-shippable-qr,True,False,,|c|o|l|d| |f|i|s|s|i|o|n| |w|e|b|r|e|n|d|e|r|,102210fe594ee9b33d82058545b1ed14f4c8206e,SpeedIndex,microsoft,True,microsoft SpeedIndex opt cold fission webrender,,6,ms,firefox,,1750220327,2023-09-04 12:18:03,1295288,,,,,,,,,,,,,,,,,,,,,,,,,,,,,,,,,,,,,,,,,,,,,,,,,,,,,,,,,,,,,TN,TN
807ac900b376514e4ba55d5a926de27f55bd8153,384.8,mozilla-beta,4168118,13,59f7c57850e9d10762f122855a024e51389d56e5,windows10-64-shippable-qr,True,False,,|c|o|l|d| |f|i|s|s|i|o|n| |w|e|b|r|e|n|d|e|r|,102210fe594ee9b33d82058545b1ed14f4c8206e,SpeedIndex,microsoft,True,microsoft SpeedIndex opt cold fission webrender,,6,ms,firefox,,1750304750,2023-09-04 18:05:52,1295382,,,,,,,,,,,,,,,,,,,,,,,,,,,,,,,,,,,,,,,,,,,,,,,,,,,,,,,,,,,,,TN,TN
900e63a91516e26eb08c29cf32f0212c923e8fe0,411.6,mozilla-beta,4168118,13,59f7c57850e9d10762f122855a024e51389d56e5,windows10-64-shippable-qr,True,False,,|c|o|l|d| |f|i|s|s|i|o|n| |w|e|b|r|e|n|d|e|r|,102210fe594ee9b33d82058545b1ed14f4c8206e,SpeedIndex,microsoft,True,microsoft SpeedIndex opt cold fission webrender,,6,ms,firefox,,1750530458,2023-09-05 08:42:26,1295556,,,,,,,,,,,,,,,,,,,,,,,,,,,,,,,,,,,,,,,,,,,,,,,,,,,,,,,,,,,,,TN,TN
d67b22c7454dffe256c8e85d18b7909575fae829,407.8,mozilla-beta,4168118,13,59f7c57850e9d10762f122855a024e51389d56e5,windows10-64-shippable-qr,True,False,,|c|o|l|d| |f|i|s|s|i|o|n| |w|e|b|r|e|n|d|e|r|,102210fe594ee9b33d82058545b1ed14f4c8206e,SpeedIndex,microsoft,True,microsoft SpeedIndex opt cold fission webrender,,6,ms,firefox,,1750764114,2023-09-05 17:59:53,1295860,,,,,,,,,,,,,,,,,,,,,,,,,,,,,,,,,,,,,,,,,,,,,,,,,,,,,,,,,,,,,TN,TN
fa2e40fdc416f24c183d23b825aeaee3d2ffacc5,403.6,mozilla-beta,4168118,13,59f7c57850e9d10762f122855a024e51389d56e5,windows10-64-shippable-qr,True,False,,|c|o|l|d| |f|i|s|s|i|o|n| |w|e|b|r|e|n|d|e|r|,102210fe594ee9b33d82058545b1ed14f4c8206e,SpeedIndex,microsoft,True,microsoft SpeedIndex opt cold fission webrender,,6,ms,firefox,,1755181151,2023-09-06 00:34:54,1296103,,,,,,,,,,,,,,,,,,,,,,,,,,,,,,,,,,,,,,,,,,,,,,,,,,,,,,,,,,,,,TN,TN
ecb8f5b7c950fc3529e863fa09d7162f0e186871,398.8,mozilla-beta,4168118,13,59f7c57850e9d10762f122855a024e51389d56e5,windows10-64-shippable-qr,True,False,,|c|o|l|d| |f|i|s|s|i|o|n| |w|e|b|r|e|n|d|e|r|,102210fe594ee9b33d82058545b1ed14f4c8206e,SpeedIndex,microsoft,True,microsoft SpeedIndex opt cold fission webrender,,6,ms,firefox,,1755181173,2023-09-06 00:53:42,1296114,,,,,,,,,,,,,,,,,,,,,,,,,,,,,,,,,,,,,,,,,,,,,,,,,,,,,,,,,,,,,TN,TN
49565181b8c4ade31ef41ad72498fa2777f6d906,391.4,mozilla-beta,4168118,13,59f7c57850e9d10762f122855a024e51389d56e5,windows10-64-shippable-qr,True,False,,|c|o|l|d| |f|i|s|s|i|o|n| |w|e|b|r|e|n|d|e|r|,102210fe594ee9b33d82058545b1ed14f4c8206e,SpeedIndex,microsoft,True,microsoft SpeedIndex opt cold fission webrender,,6,ms,firefox,,1751188056,2023-09-06 09:15:15,1296259,,,,,,,,,,,,,,,,,,,,,,,,,,,,,,,,,,,,,,,,,,,,,,,,,,,,,,,,,,,,,TN,TN
d367a07b88cc72838ae620ff5f160f8152e327e7,396.0,mozilla-beta,4168118,13,59f7c57850e9d10762f122855a024e51389d56e5,windows10-64-shippable-qr,True,False,,|c|o|l|d| |f|i|s|s|i|o|n| |w|e|b|r|e|n|d|e|r|,102210fe594ee9b33d82058545b1ed14f4c8206e,SpeedIndex,microsoft,True,microsoft SpeedIndex opt cold fission webrender,,6,ms,firefox,,1751339401,2023-09-06 14:00:22,1296398,,,,,,,,,,,,,,,,,,,,,,,,,,,,,,,,,,,,,,,,,,,,,,,,,,,,,,,,,,,,,TN,TN
744de8d56d344a2d66a3292442e397102341a435,396.1,mozilla-beta,4168118,13,59f7c57850e9d10762f122855a024e51389d56e5,windows10-64-shippable-qr,True,False,,|c|o|l|d| |f|i|s|s|i|o|n| |w|e|b|r|e|n|d|e|r|,102210fe594ee9b33d82058545b1ed14f4c8206e,SpeedIndex,microsoft,True,microsoft SpeedIndex opt cold fission webrender,,6,ms,firefox,,1751323364,2023-09-06 14:02:17,1296400,,,,,,,,,,,,,,,,,,,,,,,,,,,,,,,,,,,,,,,,,,,,,,,,,,,,,,,,,,,,,TN,TN
c2849c7826f58c7fca76587765d1d24fb1015787,398.6,mozilla-beta,4168118,13,59f7c57850e9d10762f122855a024e51389d56e5,windows10-64-shippable-qr,True,False,,|c|o|l|d| |f|i|s|s|i|o|n| |w|e|b|r|e|n|d|e|r|,102210fe594ee9b33d82058545b1ed14f4c8206e,SpeedIndex,microsoft,True,microsoft SpeedIndex opt cold fission webrender,,6,ms,firefox,,1751411061,2023-09-06 18:01:29,1296562,,,,,,,,,,,,,,,,,,,,,,,,,,,,,,,,,,,,,,,,,,,,,,,,,,,,,,,,,,,,,TN,TN
bf9fd7610de325961d2bad9677d3e0baed448827,395.9,mozilla-beta,4168118,13,59f7c57850e9d10762f122855a024e51389d56e5,windows10-64-shippable-qr,True,False,,|c|o|l|d| |f|i|s|s|i|o|n| |w|e|b|r|e|n|d|e|r|,102210fe594ee9b33d82058545b1ed14f4c8206e,SpeedIndex,microsoft,True,microsoft SpeedIndex opt cold fission webrender,,6,ms,firefox,,1751725515,2023-09-07 08:55:31,1296941,,,,,,,,,,,,,,,,,,,,,,,,,,,,,,,,,,,,,,,,,,,,,,,,,,,,,,,,,,,,,TN,TN
09f20f258694586b663476774d62849ff0954bf7,404.2,mozilla-beta,4168118,13,59f7c57850e9d10762f122855a024e51389d56e5,windows10-64-shippable-qr,True,False,,|c|o|l|d| |f|i|s|s|i|o|n| |w|e|b|r|e|n|d|e|r|,102210fe594ee9b33d82058545b1ed14f4c8206e,SpeedIndex,microsoft,True,microsoft SpeedIndex opt cold fission webrender,,6,ms,firefox,,1751860876,2023-09-07 12:18:53,1297036,,,,,,,,,,,,,,,,,,,,,,,,,,,,,,,,,,,,,,,,,,,,,,,,,,,,,,,,,,,,,TN,TN
ea026adc3646e302d6a990b24e6252da4c10e9e1,401.9,mozilla-beta,4168118,13,59f7c57850e9d10762f122855a024e51389d56e5,windows10-64-shippable-qr,True,False,,|c|o|l|d| |f|i|s|s|i|o|n| |w|e|b|r|e|n|d|e|r|,102210fe594ee9b33d82058545b1ed14f4c8206e,SpeedIndex,microsoft,True,microsoft SpeedIndex opt cold fission webrender,,6,ms,firefox,,1752048079,2023-09-07 18:02:12,1297255,,,,,,,,,,,,,,,,,,,,,,,,,,,,,,,,,,,,,,,,,,,,,,,,,,,,,,,,,,,,,TN,TN
3740aa400607c0977bfe98f40d020a81254a8515,395.5142857142857,mozilla-beta,4168118,13,59f7c57850e9d10762f122855a024e51389d56e5,windows10-64-shippable-qr,True,False,,|c|o|l|d| |f|i|s|s|i|o|n| |w|e|b|r|e|n|d|e|r|,102210fe594ee9b33d82058545b1ed14f4c8206e,SpeedIndex,microsoft,True,microsoft SpeedIndex opt cold fission webrender,,6,ms,firefox,,1755181525,2023-09-07 21:24:46,1297392,,,,,,,,,,,,,,,,,,,,,,,,,,,,,,,,,,,,,,,,,,,,,,,,,,,,,,,,,,,,,TN,TN
9544fb548c45dc273aa1e94668334a35a6a72031,397.04285714285714,mozilla-beta,4168118,13,59f7c57850e9d10762f122855a024e51389d56e5,windows10-64-shippable-qr,True,False,,|c|o|l|d| |f|i|s|s|i|o|n| |w|e|b|r|e|n|d|e|r|,102210fe594ee9b33d82058545b1ed14f4c8206e,SpeedIndex,microsoft,True,microsoft SpeedIndex opt cold fission webrender,,6,ms,firefox,,1755181417,2023-09-07 21:35:37,1297399,,,,,,,,,,,,,,,,,,,,,,,,,,,,,,,,,,,,,,,,,,,,,,,,,,,,,,,,,,,,,TN,TN
a25a076c06f32d7b8a4574af5ec820f789aa38e0,395.7142857142857,mozilla-beta,4168118,13,59f7c57850e9d10762f122855a024e51389d56e5,windows10-64-shippable-qr,True,False,,|c|o|l|d| |f|i|s|s|i|o|n| |w|e|b|r|e|n|d|e|r|,102210fe594ee9b33d82058545b1ed14f4c8206e,SpeedIndex,microsoft,True,microsoft SpeedIndex opt cold fission webrender,,6,ms,firefox,,1755181447,2023-09-07 23:54:25,1297458,,,,,,,,,,,,,,,,,,,,,,,,,,,,,,,,,,,,,,,,,,,,,,,,,,,,,,,,,,,,,TN,TN
df0c6fd8f76bca53a5561ee19dcc36f7dc1726ad,398.9714285714286,mozilla-beta,4168118,13,59f7c57850e9d10762f122855a024e51389d56e5,windows10-64-shippable-qr,True,False,,|c|o|l|d| |f|i|s|s|i|o|n| |w|e|b|r|e|n|d|e|r|,102210fe594ee9b33d82058545b1ed14f4c8206e,SpeedIndex,microsoft,True,microsoft SpeedIndex opt cold fission webrender,,6,ms,firefox,,1755181195,2023-09-08 00:01:27,1297461,,,,,,,,,,,,,,,,,,,,,,,,,,,,,,,,,,,,,,,,,,,,,,,,,,,,,,,,,,,,,TN,TN
0417d5350c674d59e5118d6e34bf203ff0f07416,426.93333333333334,mozilla-beta,4168118,13,59f7c57850e9d10762f122855a024e51389d56e5,windows10-64-shippable-qr,True,False,,|c|o|l|d| |f|i|s|s|i|o|n| |w|e|b|r|e|n|d|e|r|,102210fe594ee9b33d82058545b1ed14f4c8206e,SpeedIndex,microsoft,True,microsoft SpeedIndex opt cold fission webrender,,6,ms,firefox,,1752397905,2023-09-08 08:23:52,1297598,431.6,mozilla-ldap/aionescu@mozilla.com,df0c6fd8f76bca53a5561ee19dcc36f7dc1726ad,39500.0,7.74,,400.6,2023-09-13 07:41:02.181919,False,13.0,13.0,,,,1297461.0,2.0,1297598.0,2.0,mozilla-ldap/aionescu@mozilla.com,59f7c57850e9d10762f122855a024e51389d56e5,,windows10-64-shippable-qr,,mozilla-beta,2023-09-20 03:11:42.285537,,1.0,31.0,180706.0,ms,,"(5,)",39500.0,102210fe594ee9b33d82058545b1ed14f4c8206e,,True,False,aionescu@mozilla.com,"(0,)","(4,)",aionescu@mozilla.com,2023-09-13 03:11:42.285537,,,SpeedIndex,OK,True,0417d5350c674d59e5118d6e34bf203ff0f07416,39493.0,,,"('[{""perf_datum_id"": 1755181447, ""value"": 393.8, ""job_id"": 428937613, ""push_id"": 1297458, ""push_timestamp"": ""2023-09-07T23:54:25"", ""push__revision"": ""a25a076c06f32d7b8a4574af5ec820f789aa38e0""}, {""perf_datum_id"": 1755181195, ""value"": 400.6, ""job_id"": 428937602, ""push_id"": 1297461, ""push_timestamp"": ""2023-09-08T00:01:27"", ""push__revision"": ""df0c6fd8f76bca53a5561ee19dcc36f7dc1726ad""}, {""perf_datum_id"": 1752397905, ""value"": 425.3, ""job_id"": 428403536, ""push_id"": 1297598, ""push_timestamp"": ""2023-09-08T08:23:52"", ""push__revision"": ""0417d5350c674d59e5118d6e34bf203ff0f07416""}, {""perf_datum_id"": 1752418699, ""value"": 424.9, ""job_id"": 428408900, ""push_id"": 1297629, ""push_timestamp"": ""2023-09-08T09:27:27"", ""push__revision"": ""68a05148e915734df7061df9340f975931bb1e71""}, {""perf_datum_id"": 1752590136, ""value"": 429.1, ""job_id"": 428453571, ""push_id"": 1297802, ""push_timestamp"": ""2023-09-08T14:37:17"", ""push__revision"": ""8f5759470cb595ea30d26735e3de45c3cb9deba2""}]',)",False,"(0,)",13.38,microsoft,"cold, fission, webrender","(3,)","cold, fission, webrender",2023-09-18 03:11:42.285537,TP,TP
68a05148e915734df7061df9340f975931bb1e71,424.98333333333335,mozilla-beta,4168118,13,59f7c57850e9d10762f122855a024e51389d56e5,windows10-64-shippable-qr,True,False,,|c|o|l|d| |f|i|s|s|i|o|n| |w|e|b|r|e|n|d|e|r|,102210fe594ee9b33d82058545b1ed14f4c8206e,SpeedIndex,microsoft,True,microsoft SpeedIndex opt cold fission webrender,,6,ms,firefox,,1752418699,2023-09-08 09:27:27,1297629,,,,,,,,,,,,,,,,,,,,,,,,,,,,,,,,,,,,,,,,,,,,,,,,,,,,,,,,,,,,,TN,TN
8f5759470cb595ea30d26735e3de45c3cb9deba2,429.1,mozilla-beta,4168118,13,59f7c57850e9d10762f122855a024e51389d56e5,windows10-64-shippable-qr,True,False,,|c|o|l|d| |f|i|s|s|i|o|n| |w|e|b|r|e|n|d|e|r|,102210fe594ee9b33d82058545b1ed14f4c8206e,SpeedIndex,microsoft,True,microsoft SpeedIndex opt cold fission webrender,,6,ms,firefox,,1752590136,2023-09-08 14:37:17,1297802,,,,,,,,,,,,,,,,,,,,,,,,,,,,,,,,,,,,,,,,,,,,,,,,,,,,,,,,,,,,,TN,TN
4a076ff52b5ab081ecc76c988f2cab0c999acddd,429.8,mozilla-beta,4168118,13,59f7c57850e9d10762f122855a024e51389d56e5,windows10-64-shippable-qr,True,False,,|c|o|l|d| |f|i|s|s|i|o|n| |w|e|b|r|e|n|d|e|r|,102210fe594ee9b33d82058545b1ed14f4c8206e,SpeedIndex,microsoft,True,microsoft SpeedIndex opt cold fission webrender,,6,ms,firefox,,1752719516,2023-09-08 18:02:35,1297927,,,,,,,,,,,,,,,,,,,,,,,,,,,,,,,,,,,,,,,,,,,,,,,,,,,,,,,,,,,,,TN,TN
b1f3a08744ebf265beb7a3b65a23c713ba6ea987,440.3,mozilla-beta,4168118,13,59f7c57850e9d10762f122855a024e51389d56e5,windows10-64-shippable-qr,True,False,,|c|o|l|d| |f|i|s|s|i|o|n| |w|e|b|r|e|n|d|e|r|,102210fe594ee9b33d82058545b1ed14f4c8206e,SpeedIndex,microsoft,True,microsoft SpeedIndex opt cold fission webrender,,6,ms,firefox,,1753087806,2023-09-09 14:33:38,1298228,,,,,,,,,,,,,,,,,,,,,,,,,,,,,,,,,,,,,,,,,,,,,,,,,,,,,,,,,,,,,TN,TN
1d174c6b1040e055846c107322548119beb23065,434.2,mozilla-beta,4168118,13,59f7c57850e9d10762f122855a024e51389d56e5,windows10-64-shippable-qr,True,False,,|c|o|l|d| |f|i|s|s|i|o|n| |w|e|b|r|e|n|d|e|r|,102210fe594ee9b33d82058545b1ed14f4c8206e,SpeedIndex,microsoft,True,microsoft SpeedIndex opt cold fission webrender,,6,ms,firefox,,1753120131,2023-09-09 18:01:37,1298238,,,,,,,,,,,,,,,,,,,,,,,,,,,,,,,,,,,,,,,,,,,,,,,,,,,,,,,,,,,,,TN,TN
a75f9619ee113907713f385f75c08ac8340ea7a1,432.7,mozilla-beta,4168118,13,59f7c57850e9d10762f122855a024e51389d56e5,windows10-64-shippable-qr,True,False,,|c|o|l|d| |f|i|s|s|i|o|n| |w|e|b|r|e|n|d|e|r|,102210fe594ee9b33d82058545b1ed14f4c8206e,SpeedIndex,microsoft,True,microsoft SpeedIndex opt cold fission webrender,,6,ms,firefox,,1753664257,2023-09-10 17:59:34,1298321,,,,,,,,,,,,,,,,,,,,,,,,,,,,,,,,,,,,,,,,,,,,,,,,,,,,,,,,,,,,,TN,TN
85df1da62717a2f0ea9e2d3fbd6379060d39dd7a,439.2,mozilla-beta,4168118,13,59f7c57850e9d10762f122855a024e51389d56e5,windows10-64-shippable-qr,True,False,,|c|o|l|d| |f|i|s|s|i|o|n| |w|e|b|r|e|n|d|e|r|,102210fe594ee9b33d82058545b1ed14f4c8206e,SpeedIndex,microsoft,True,microsoft SpeedIndex opt cold fission webrender,,6,ms,firefox,,1754247430,2023-09-11 18:00:35,1298770,,,,,,,,,,,,,,,,,,,,,,,,,,,,,,,,,,,,,,,,,,,,,,,,,,,,,,,,,,,,,TN,TN
012efaa3025f28b8ee14042807c680e361f955d9,428.2,mozilla-beta,4168118,13,59f7c57850e9d10762f122855a024e51389d56e5,windows10-64-shippable-qr,True,False,,|c|o|l|d| |f|i|s|s|i|o|n| |w|e|b|r|e|n|d|e|r|,102210fe594ee9b33d82058545b1ed14f4c8206e,SpeedIndex,microsoft,True,microsoft SpeedIndex opt cold fission webrender,,6,ms,firefox,,1754484201,2023-09-12 01:33:58,1298957,,,,,,,,,,,,,,,,,,,,,,,,,,,,,,,,,,,,,,,,,,,,,,,,,,,,,,,,,,,,,TN,TN
339422d06ac0b44eef14a6d0e510b2c8beac74e6,434.1,mozilla-beta,4168118,13,59f7c57850e9d10762f122855a024e51389d56e5,windows10-64-shippable-qr,True,False,,|c|o|l|d| |f|i|s|s|i|o|n| |w|e|b|r|e|n|d|e|r|,102210fe594ee9b33d82058545b1ed14f4c8206e,SpeedIndex,microsoft,True,microsoft SpeedIndex opt cold fission webrender,,6,ms,firefox,,1754714523,2023-09-12 09:08:04,1299055,,,,,,,,,,,,,,,,,,,,,,,,,,,,,,,,,,,,,,,,,,,,,,,,,,,,,,,,,,,,,TN,TN
c48cbb09678ed2c9a0a51fc61520602070cd42cd,438.4,mozilla-beta,4168118,13,59f7c57850e9d10762f122855a024e51389d56e5,windows10-64-shippable-qr,True,False,,|c|o|l|d| |f|i|s|s|i|o|n| |w|e|b|r|e|n|d|e|r|,102210fe594ee9b33d82058545b1ed14f4c8206e,SpeedIndex,microsoft,True,microsoft SpeedIndex opt cold fission webrender,,6,ms,firefox,,1754845379,2023-09-12 13:16:28,1299153,,,,,,,,,,,,,,,,,,,,,,,,,,,,,,,,,,,,,,,,,,,,,,,,,,,,,,,,,,,,,TN,TN
60f49456a1d32be44cc3fa2fdb65b8276c2e10da,423.0,mozilla-beta,4168118,13,59f7c57850e9d10762f122855a024e51389d56e5,windows10-64-shippable-qr,True,False,,|c|o|l|d| |f|i|s|s|i|o|n| |w|e|b|r|e|n|d|e|r|,102210fe594ee9b33d82058545b1ed14f4c8206e,SpeedIndex,microsoft,True,microsoft SpeedIndex opt cold fission webrender,,6,ms,firefox,,1755014517,2023-09-12 17:59:28,1299300,,,,,,,,,,,,,,,,,,,,,,,,,,,,,,,,,,,,,,,,,,,,,,,,,,,,,,,,,,,,,TN,TN
afc0d34aed5f66ac43143c5868a0c280f5d5e523,423.9,mozilla-beta,4168118,13,59f7c57850e9d10762f122855a024e51389d56e5,windows10-64-shippable-qr,True,False,,|c|o|l|d| |f|i|s|s|i|o|n| |w|e|b|r|e|n|d|e|r|,102210fe594ee9b33d82058545b1ed14f4c8206e,SpeedIndex,microsoft,True,microsoft SpeedIndex opt cold fission webrender,,6,ms,firefox,,1755636488,2023-09-13 16:12:36,1299827,,,,,,,,,,,,,,,,,,,,,,,,,,,,,,,,,,,,,,,,,,,,,,,,,,,,,,,,,,,,,TN,TN
da7c1c4fbd52add0445ce7e06b7ed513fdf9b518,436.9,mozilla-beta,4168118,13,59f7c57850e9d10762f122855a024e51389d56e5,windows10-64-shippable-qr,True,False,,|c|o|l|d| |f|i|s|s|i|o|n| |w|e|b|r|e|n|d|e|r|,102210fe594ee9b33d82058545b1ed14f4c8206e,SpeedIndex,microsoft,True,microsoft SpeedIndex opt cold fission webrender,,6,ms,firefox,,1755749469,2023-09-13 18:01:47,1299914,,,,,,,,,,,,,,,,,,,,,,,,,,,,,,,,,,,,,,,,,,,,,,,,,,,,,,,,,,,,,TN,TN
cb5563d143c9a6e5f347ae0e8dbd6d64da27e6d2,423.7,mozilla-beta,4168118,13,59f7c57850e9d10762f122855a024e51389d56e5,windows10-64-shippable-qr,True,False,,|c|o|l|d| |f|i|s|s|i|o|n| |w|e|b|r|e|n|d|e|r|,102210fe594ee9b33d82058545b1ed14f4c8206e,SpeedIndex,microsoft,True,microsoft SpeedIndex opt cold fission webrender,,6,ms,firefox,,1756305905,2023-09-14 09:48:47,1300320,,,,,,,,,,,,,,,,,,,,,,,,,,,,,,,,,,,,,,,,,,,,,,,,,,,,,,,,,,,,,TN,TN
fcddac3e2624e7598033e29e46487dc70d43b78d,445.6,mozilla-beta,4168118,13,59f7c57850e9d10762f122855a024e51389d56e5,windows10-64-shippable-qr,True,False,,|c|o|l|d| |f|i|s|s|i|o|n| |w|e|b|r|e|n|d|e|r|,102210fe594ee9b33d82058545b1ed14f4c8206e,SpeedIndex,microsoft,True,microsoft SpeedIndex opt cold fission webrender,,6,ms,firefox,,1756398104,2023-09-14 12:23:01,1300406,,,,,,,,,,,,,,,,,,,,,,,,,,,,,,,,,,,,,,,,,,,,,,,,,,,,,,,,,,,,,TN,TN
167be896a8f296a5e540208b4a21b4268fcfe04a,487.7,mozilla-beta,4168118,13,59f7c57850e9d10762f122855a024e51389d56e5,windows10-64-shippable-qr,True,False,,|c|o|l|d| |f|i|s|s|i|o|n| |w|e|b|r|e|n|d|e|r|,102210fe594ee9b33d82058545b1ed14f4c8206e,SpeedIndex,microsoft,True,microsoft SpeedIndex opt cold fission webrender,,6,ms,firefox,,1756550122,2023-09-14 15:23:47,1300510,,,,,,,,,,,,,,,,,,,,,,,,,,,,,,,,,,,,,,,,,,,,,,,,,,,,,,,,,,,,,TN,TN
107fd46b25d1b286078ee8ff22b7b53e0d67c6f6,427.8,mozilla-beta,4168118,13,59f7c57850e9d10762f122855a024e51389d56e5,windows10-64-shippable-qr,True,False,,|c|o|l|d| |f|i|s|s|i|o|n| |w|e|b|r|e|n|d|e|r|,102210fe594ee9b33d82058545b1ed14f4c8206e,SpeedIndex,microsoft,True,microsoft SpeedIndex opt cold fission webrender,,6,ms,firefox,,1756528211,2023-09-14 16:08:26,1300536,,,,,,,,,,,,,,,,,,,,,,,,,,,,,,,,,,,,,,,,,,,,,,,,,,,,,,,,,,,,,TN,TN
da576bd73ddbbbcd645403b2c20538f00225e55d,552.8,mozilla-beta,4168118,13,59f7c57850e9d10762f122855a024e51389d56e5,windows10-64-shippable-qr,True,False,,|c|o|l|d| |f|i|s|s|i|o|n| |w|e|b|r|e|n|d|e|r|,102210fe594ee9b33d82058545b1ed14f4c8206e,SpeedIndex,microsoft,True,microsoft SpeedIndex opt cold fission webrender,,6,ms,firefox,,1756595558,2023-09-14 18:00:32,1300604,,,,,,,,,,,,,,,,,,,,,,,,,,,,,,,,,,,,,,,,,,,,,,,,,,,,,,,,,,,,,TN,TN
f67d03cc1c6635e4823cedbf06bc676f3fdc8b97,422.8,mozilla-beta,4168118,13,59f7c57850e9d10762f122855a024e51389d56e5,windows10-64-shippable-qr,True,False,,|c|o|l|d| |f|i|s|s|i|o|n| |w|e|b|r|e|n|d|e|r|,102210fe594ee9b33d82058545b1ed14f4c8206e,SpeedIndex,microsoft,True,microsoft SpeedIndex opt cold fission webrender,,6,ms,firefox,,1757130760,2023-09-15 12:36:32,1301078,,,,,,,,,,,,,,,,,,,,,,,,,,,,,,,,,,,,,,,,,,,,,,,,,,,,,,,,,,,,,TN,TN
6684af595d9e752a7dd448a76e51615254fc443e,438.3,mozilla-beta,4168118,13,59f7c57850e9d10762f122855a024e51389d56e5,windows10-64-shippable-qr,True,False,,|c|o|l|d| |f|i|s|s|i|o|n| |w|e|b|r|e|n|d|e|r|,102210fe594ee9b33d82058545b1ed14f4c8206e,SpeedIndex,microsoft,True,microsoft SpeedIndex opt cold fission webrender,,6,ms,firefox,,1757289242,2023-09-15 17:59:24,1301325,,,,,,,,,,,,,,,,,,,,,,,,,,,,,,,,,,,,,,,,,,,,,,,,,,,,,,,,,,,,,TN,TN
b37b425144f176cd814a9ae72a0296c56939cf3f,440.1,mozilla-beta,4168118,13,59f7c57850e9d10762f122855a024e51389d56e5,windows10-64-shippable-qr,True,False,,|c|o|l|d| |f|i|s|s|i|o|n| |w|e|b|r|e|n|d|e|r|,102210fe594ee9b33d82058545b1ed14f4c8206e,SpeedIndex,microsoft,True,microsoft SpeedIndex opt cold fission webrender,,6,ms,firefox,,1757685446,2023-09-16 17:59:47,1301605,,,,,,,,,,,,,,,,,,,,,,,,,,,,,,,,,,,,,,,,,,,,,,,,,,,,,,,,,,,,,TN,TN
3b6b652d2e6a615905dab898689a937a81499980,435.6,mozilla-beta,4168118,13,59f7c57850e9d10762f122855a024e51389d56e5,windows10-64-shippable-qr,True,False,,|c|o|l|d| |f|i|s|s|i|o|n| |w|e|b|r|e|n|d|e|r|,102210fe594ee9b33d82058545b1ed14f4c8206e,SpeedIndex,microsoft,True,microsoft SpeedIndex opt cold fission webrender,,6,ms,firefox,,1757842647,2023-09-17 08:58:12,1301652,,,,,,,,,,,,,,,,,,,,,,,,,,,,,,,,,,,,,,,,,,,,,,,,,,,,,,,,,,,,,TN,TN
0ecbbcbc23335bfea2af64383cdd8efdb6cab735,435.9,mozilla-beta,4168118,13,59f7c57850e9d10762f122855a024e51389d56e5,windows10-64-shippable-qr,True,False,,|c|o|l|d| |f|i|s|s|i|o|n| |w|e|b|r|e|n|d|e|r|,102210fe594ee9b33d82058545b1ed14f4c8206e,SpeedIndex,microsoft,True,microsoft SpeedIndex opt cold fission webrender,,6,ms,firefox,,1757898423,2023-09-17 11:54:43,1301659,,,,,,,,,,,,,,,,,,,,,,,,,,,,,,,,,,,,,,,,,,,,,,,,,,,,,,,,,,,,,TN,TN
82a37e47cfa778e2c05294ece1ae4d81e0aa5aaf,443.6,mozilla-beta,4168118,13,59f7c57850e9d10762f122855a024e51389d56e5,windows10-64-shippable-qr,True,False,,|c|o|l|d| |f|i|s|s|i|o|n| |w|e|b|r|e|n|d|e|r|,102210fe594ee9b33d82058545b1ed14f4c8206e,SpeedIndex,microsoft,True,microsoft SpeedIndex opt cold fission webrender,,6,ms,firefox,,1757946120,2023-09-17 18:02:18,1301672,,,,,,,,,,,,,,,,,,,,,,,,,,,,,,,,,,,,,,,,,,,,,,,,,,,,,,,,,,,,,TN,TN
0b69611582d97f84f43d1ee9de0aa36defae0633,446.4,mozilla-beta,4168118,13,59f7c57850e9d10762f122855a024e51389d56e5,windows10-64-shippable-qr,True,False,,|c|o|l|d| |f|i|s|s|i|o|n| |w|e|b|r|e|n|d|e|r|,102210fe594ee9b33d82058545b1ed14f4c8206e,SpeedIndex,microsoft,True,microsoft SpeedIndex opt cold fission webrender,,6,ms,firefox,,1758123286,2023-09-18 07:34:42,1301756,,,,,,,,,,,,,,,,,,,,,,,,,,,,,,,,,,,,,,,,,,,,,,,,,,,,,,,,,,,,,TN,TN
899c187a45b8e9eee5cddc89c76d3c888b023621,443.1,mozilla-beta,4168118,13,59f7c57850e9d10762f122855a024e51389d56e5,windows10-64-shippable-qr,True,False,,|c|o|l|d| |f|i|s|s|i|o|n| |w|e|b|r|e|n|d|e|r|,102210fe594ee9b33d82058545b1ed14f4c8206e,SpeedIndex,microsoft,True,microsoft SpeedIndex opt cold fission webrender,,6,ms,firefox,,1758158758,2023-09-18 07:59:31,1301765,,,,,,,,,,,,,,,,,,,,,,,,,,,,,,,,,,,,,,,,,,,,,,,,,,,,,,,,,,,,,TN,TN
45c770ff73e393c4ca15eb188d0b68d3ee091ad8,425.7,mozilla-beta,4168118,13,59f7c57850e9d10762f122855a024e51389d56e5,windows10-64-shippable-qr,True,False,,|c|o|l|d| |f|i|s|s|i|o|n| |w|e|b|r|e|n|d|e|r|,102210fe594ee9b33d82058545b1ed14f4c8206e,SpeedIndex,microsoft,True,microsoft SpeedIndex opt cold fission webrender,,6,ms,firefox,,1758252386,2023-09-18 11:42:33,1301885,,,,,,,,,,,,,,,,,,,,,,,,,,,,,,,,,,,,,,,,,,,,,,,,,,,,,,,,,,,,,TN,TN
704d786ef571a57be79a4e8bbf4b3d348da4a6af,404.7,mozilla-beta,4168118,13,59f7c57850e9d10762f122855a024e51389d56e5,windows10-64-shippable-qr,True,False,,|c|o|l|d| |f|i|s|s|i|o|n| |w|e|b|r|e|n|d|e|r|,102210fe594ee9b33d82058545b1ed14f4c8206e,SpeedIndex,microsoft,True,microsoft SpeedIndex opt cold fission webrender,,6,ms,firefox,,1761939495,2023-09-25 13:24:00,1305837,,,,,,,,,,,,,,,,,,,,,,,,,,,,,,,,,,,,,,,,,,,,,,,,,,,,,,,,,,,,,TN,TN
fe05057336fb6f145784f7b6f7f989244c228925,394.9,mozilla-beta,4168118,13,59f7c57850e9d10762f122855a024e51389d56e5,windows10-64-shippable-qr,True,False,,|c|o|l|d| |f|i|s|s|i|o|n| |w|e|b|r|e|n|d|e|r|,102210fe594ee9b33d82058545b1ed14f4c8206e,SpeedIndex,microsoft,True,microsoft SpeedIndex opt cold fission webrender,,6,ms,firefox,,1762314014,2023-09-26 09:15:49,1306480,,,,,,,,,,,,,,,,,,,,,,,,,,,,,,,,,,,,,,,,,,,,,,,,,,,,,,,,,,,,,TN,TN
09d6dd43de7eee4f04ef855c161b062d76953ffb,412.0,mozilla-beta,4168118,13,59f7c57850e9d10762f122855a024e51389d56e5,windows10-64-shippable-qr,True,False,,|c|o|l|d| |f|i|s|s|i|o|n| |w|e|b|r|e|n|d|e|r|,102210fe594ee9b33d82058545b1ed14f4c8206e,SpeedIndex,microsoft,True,microsoft SpeedIndex opt cold fission webrender,,6,ms,firefox,,1762728293,2023-09-26 22:39:03,1307042,,,,,,,,,,,,,,,,,,,,,,,,,,,,,,,,,,,,,,,,,,,,,,,,,,,,,,,,,,,,,TN,TN
32c9429bb1b909628b4702be4abf30d1c8ef9213,390.9,mozilla-beta,4168118,13,59f7c57850e9d10762f122855a024e51389d56e5,windows10-64-shippable-qr,True,False,,|c|o|l|d| |f|i|s|s|i|o|n| |w|e|b|r|e|n|d|e|r|,102210fe594ee9b33d82058545b1ed14f4c8206e,SpeedIndex,microsoft,True,microsoft SpeedIndex opt cold fission webrender,,6,ms,firefox,,1762763193,2023-09-27 02:39:08,1307113,,,,,,,,,,,,,,,,,,,,,,,,,,,,,,,,,,,,,,,,,,,,,,,,,,,,,,,,,,,,,TN,TN
6b3b2f0defd0129f296da601815862ec420c2a8d,399.1,mozilla-beta,4168118,13,59f7c57850e9d10762f122855a024e51389d56e5,windows10-64-shippable-qr,True,False,,|c|o|l|d| |f|i|s|s|i|o|n| |w|e|b|r|e|n|d|e|r|,102210fe594ee9b33d82058545b1ed14f4c8206e,SpeedIndex,microsoft,True,microsoft SpeedIndex opt cold fission webrender,,6,ms,firefox,,1762927754,2023-09-27 09:15:17,1307246,,,,,,,,,,,,,,,,,,,,,,,,,,,,,,,,,,,,,,,,,,,,,,,,,,,,,,,,,,,,,TN,TN
3d23401ea6ed6463f47303edd5a9e6a98f919ac6,399.9,mozilla-beta,4168118,13,59f7c57850e9d10762f122855a024e51389d56e5,windows10-64-shippable-qr,True,False,,|c|o|l|d| |f|i|s|s|i|o|n| |w|e|b|r|e|n|d|e|r|,102210fe594ee9b33d82058545b1ed14f4c8206e,SpeedIndex,microsoft,True,microsoft SpeedIndex opt cold fission webrender,,6,ms,firefox,,1763349545,2023-09-27 18:36:07,1307615,,,,,,,,,,,,,,,,,,,,,,,,,,,,,,,,,,,,,,,,,,,,,,,,,,,,,,,,,,,,,TN,TN
f77957643f474632b5a0c5f5b603c22b648cf284,396.1,mozilla-beta,4168118,13,59f7c57850e9d10762f122855a024e51389d56e5,windows10-64-shippable-qr,True,False,,|c|o|l|d| |f|i|s|s|i|o|n| |w|e|b|r|e|n|d|e|r|,102210fe594ee9b33d82058545b1ed14f4c8206e,SpeedIndex,microsoft,True,microsoft SpeedIndex opt cold fission webrender,,6,ms,firefox,,1763371111,2023-09-27 18:57:18,1307635,,,,,,,,,,,,,,,,,,,,,,,,,,,,,,,,,,,,,,,,,,,,,,,,,,,,,,,,,,,,,TN,TN
0862c284dac061ce42712be1910f7b2fbe48c764,392.9,mozilla-beta,4168118,13,59f7c57850e9d10762f122855a024e51389d56e5,windows10-64-shippable-qr,True,False,,|c|o|l|d| |f|i|s|s|i|o|n| |w|e|b|r|e|n|d|e|r|,102210fe594ee9b33d82058545b1ed14f4c8206e,SpeedIndex,microsoft,True,microsoft SpeedIndex opt cold fission webrender,,6,ms,firefox,,1763533521,2023-09-27 23:22:04,1307774,,,,,,,,,,,,,,,,,,,,,,,,,,,,,,,,,,,,,,,,,,,,,,,,,,,,,,,,,,,,,TN,TN
dbfa6f744d1fcb031f3482c02ca9b6a93d17c6f6,399.7,mozilla-beta,4168118,13,59f7c57850e9d10762f122855a024e51389d56e5,windows10-64-shippable-qr,True,False,,|c|o|l|d| |f|i|s|s|i|o|n| |w|e|b|r|e|n|d|e|r|,102210fe594ee9b33d82058545b1ed14f4c8206e,SpeedIndex,microsoft,True,microsoft SpeedIndex opt cold fission webrender,,6,ms,firefox,,1763854782,2023-09-28 09:16:00,1307948,,,,,,,,,,,,,,,,,,,,,,,,,,,,,,,,,,,,,,,,,,,,,,,,,,,,,,,,,,,,,TN,TN
cf8ed8eb3f4fab77d2d8a7c4afda31b39e7422aa,385.1,mozilla-beta,4168118,13,59f7c57850e9d10762f122855a024e51389d56e5,windows10-64-shippable-qr,True,False,,|c|o|l|d| |f|i|s|s|i|o|n| |w|e|b|r|e|n|d|e|r|,102210fe594ee9b33d82058545b1ed14f4c8206e,SpeedIndex,microsoft,True,microsoft SpeedIndex opt cold fission webrender,,6,ms,firefox,,1764044820,2023-09-28 15:32:59,1308174,,,,,,,,,,,,,,,,,,,,,,,,,,,,,,,,,,,,,,,,,,,,,,,,,,,,,,,,,,,,,TN,TN
c225843f670a40bb285d0934cdd28748011db546,403.0,mozilla-beta,4168118,13,59f7c57850e9d10762f122855a024e51389d56e5,windows10-64-shippable-qr,True,False,,|c|o|l|d| |f|i|s|s|i|o|n| |w|e|b|r|e|n|d|e|r|,102210fe594ee9b33d82058545b1ed14f4c8206e,SpeedIndex,microsoft,True,microsoft SpeedIndex opt cold fission webrender,,6,ms,firefox,,1764062133,2023-09-28 15:47:16,1308188,,,,,,,,,,,,,,,,,,,,,,,,,,,,,,,,,,,,,,,,,,,,,,,,,,,,,,,,,,,,,TN,TN
714ad1ecc496dbc1e0316ef32f004e3594afae4c,395.3,mozilla-beta,4168118,13,59f7c57850e9d10762f122855a024e51389d56e5,windows10-64-shippable-qr,True,False,,|c|o|l|d| |f|i|s|s|i|o|n| |w|e|b|r|e|n|d|e|r|,102210fe594ee9b33d82058545b1ed14f4c8206e,SpeedIndex,microsoft,True,microsoft SpeedIndex opt cold fission webrender,,6,ms,firefox,,1764087357,2023-09-28 16:33:19,1308221,,,,,,,,,,,,,,,,,,,,,,,,,,,,,,,,,,,,,,,,,,,,,,,,,,,,,,,,,,,,,TN,TN
1a41a118193dc3ad19c04b3da34ba9f08b5f4b2e,392.3,mozilla-beta,4168118,13,59f7c57850e9d10762f122855a024e51389d56e5,windows10-64-shippable-qr,True,False,,|c|o|l|d| |f|i|s|s|i|o|n| |w|e|b|r|e|n|d|e|r|,102210fe594ee9b33d82058545b1ed14f4c8206e,SpeedIndex,microsoft,True,microsoft SpeedIndex opt cold fission webrender,,6,ms,firefox,,1764229600,2023-09-28 19:13:44,1308369,,,,,,,,,,,,,,,,,,,,,,,,,,,,,,,,,,,,,,,,,,,,,,,,,,,,,,,,,,,,,TN,TN
fe5fec8379780f7d83aea22168af4bb524933291,399.8,mozilla-beta,4168118,13,59f7c57850e9d10762f122855a024e51389d56e5,windows10-64-shippable-qr,True,False,,|c|o|l|d| |f|i|s|s|i|o|n| |w|e|b|r|e|n|d|e|r|,102210fe594ee9b33d82058545b1ed14f4c8206e,SpeedIndex,microsoft,True,microsoft SpeedIndex opt cold fission webrender,,6,ms,firefox,,1764585202,2023-09-29 09:14:27,1308654,,,,,,,,,,,,,,,,,,,,,,,,,,,,,,,,,,,,,,,,,,,,,,,,,,,,,,,,,,,,,TN,TN
4fe46642b1666df19776b293ae514a8645de5d22,386.9,mozilla-beta,4168118,13,59f7c57850e9d10762f122855a024e51389d56e5,windows10-64-shippable-qr,True,False,,|c|o|l|d| |f|i|s|s|i|o|n| |w|e|b|r|e|n|d|e|r|,102210fe594ee9b33d82058545b1ed14f4c8206e,SpeedIndex,microsoft,True,microsoft SpeedIndex opt cold fission webrender,,6,ms,firefox,,1764947968,2023-09-29 16:56:36,1308862,,,,,,,,,,,,,,,,,,,,,,,,,,,,,,,,,,,,,,,,,,,,,,,,,,,,,,,,,,,,,TN,TN
5f7680e645eebc437f78cdeed1261c0cfb2579cf,395.9,mozilla-beta,4168118,13,59f7c57850e9d10762f122855a024e51389d56e5,windows10-64-shippable-qr,True,False,,|c|o|l|d| |f|i|s|s|i|o|n| |w|e|b|r|e|n|d|e|r|,102210fe594ee9b33d82058545b1ed14f4c8206e,SpeedIndex,microsoft,True,microsoft SpeedIndex opt cold fission webrender,,6,ms,firefox,,1764959888,2023-09-29 17:03:59,1308871,,,,,,,,,,,,,,,,,,,,,,,,,,,,,,,,,,,,,,,,,,,,,,,,,,,,,,,,,,,,,TN,TN
f112373c55ecd1ae5179e07fab55605a7bfe0d0b,395.4,mozilla-beta,4168118,13,59f7c57850e9d10762f122855a024e51389d56e5,windows10-64-shippable-qr,True,False,,|c|o|l|d| |f|i|s|s|i|o|n| |w|e|b|r|e|n|d|e|r|,102210fe594ee9b33d82058545b1ed14f4c8206e,SpeedIndex,microsoft,True,microsoft SpeedIndex opt cold fission webrender,,6,ms,firefox,,1764991302,2023-09-29 18:35:51,1308924,,,,,,,,,,,,,,,,,,,,,,,,,,,,,,,,,,,,,,,,,,,,,,,,,,,,,,,,,,,,,TN,TN
c29dafbae797813b78752227e769dffacec3830d,402.7,mozilla-beta,4168118,13,59f7c57850e9d10762f122855a024e51389d56e5,windows10-64-shippable-qr,True,False,,|c|o|l|d| |f|i|s|s|i|o|n| |w|e|b|r|e|n|d|e|r|,102210fe594ee9b33d82058545b1ed14f4c8206e,SpeedIndex,microsoft,True,microsoft SpeedIndex opt cold fission webrender,,6,ms,firefox,,1765256294,2023-09-30 09:18:18,1309097,,,,,,,,,,,,,,,,,,,,,,,,,,,,,,,,,,,,,,,,,,,,,,,,,,,,,,,,,,,,,TN,TN
75b5edb9dd8c6ea1ed868362b8ed8afff4377b7f,387.2,mozilla-beta,4168118,13,59f7c57850e9d10762f122855a024e51389d56e5,windows10-64-shippable-qr,True,False,,|c|o|l|d| |f|i|s|s|i|o|n| |w|e|b|r|e|n|d|e|r|,102210fe594ee9b33d82058545b1ed14f4c8206e,SpeedIndex,microsoft,True,microsoft SpeedIndex opt cold fission webrender,,6,ms,firefox,,1765474484,2023-10-01 09:15:55,1309193,,,,,,,,,,,,,,,,,,,,,,,,,,,,,,,,,,,,,,,,,,,,,,,,,,,,,,,,,,,,,TN,TN
79a4e78796384c8776f2b76178b4017d09e31fd4,405.8,mozilla-beta,4168118,13,59f7c57850e9d10762f122855a024e51389d56e5,windows10-64-shippable-qr,True,False,,|c|o|l|d| |f|i|s|s|i|o|n| |w|e|b|r|e|n|d|e|r|,102210fe594ee9b33d82058545b1ed14f4c8206e,SpeedIndex,microsoft,True,microsoft SpeedIndex opt cold fission webrender,,6,ms,firefox,,1765539504,2023-10-01 13:43:42,1309232,,,,,,,,,,,,,,,,,,,,,,,,,,,,,,,,,,,,,,,,,,,,,,,,,,,,,,,,,,,,,TN,TN
dd5c4288e5758af7fc35f71c3129bd1eda767278,396.4,mozilla-beta,4168118,13,59f7c57850e9d10762f122855a024e51389d56e5,windows10-64-shippable-qr,True,False,,|c|o|l|d| |f|i|s|s|i|o|n| |w|e|b|r|e|n|d|e|r|,102210fe594ee9b33d82058545b1ed14f4c8206e,SpeedIndex,microsoft,True,microsoft SpeedIndex opt cold fission webrender,,6,ms,firefox,,1765803521,2023-10-02 09:17:55,1309401,,,,,,,,,,,,,,,,,,,,,,,,,,,,,,,,,,,,,,,,,,,,,,,,,,,,,,,,,,,,,TN,TN
c8e8ea275a5a3f33358dcf77b50088ddf09f7e9b,404.0,mozilla-beta,4168118,13,59f7c57850e9d10762f122855a024e51389d56e5,windows10-64-shippable-qr,True,False,,|c|o|l|d| |f|i|s|s|i|o|n| |w|e|b|r|e|n|d|e|r|,102210fe594ee9b33d82058545b1ed14f4c8206e,SpeedIndex,microsoft,True,microsoft SpeedIndex opt cold fission webrender,,6,ms,firefox,,1765973524,2023-10-02 13:51:16,1309578,,,,,,,,,,,,,,,,,,,,,,,,,,,,,,,,,,,,,,,,,,,,,,,,,,,,,,,,,,,,,TN,TN
e5bffcfa00f5c8cd1e394ac1131fb1e3ca2a3b56,388.0,mozilla-beta,4168118,13,59f7c57850e9d10762f122855a024e51389d56e5,windows10-64-shippable-qr,True,False,,|c|o|l|d| |f|i|s|s|i|o|n| |w|e|b|r|e|n|d|e|r|,102210fe594ee9b33d82058545b1ed14f4c8206e,SpeedIndex,microsoft,True,microsoft SpeedIndex opt cold fission webrender,,6,ms,firefox,,1766172357,2023-10-02 20:49:05,1309873,,,,,,,,,,,,,,,,,,,,,,,,,,,,,,,,,,,,,,,,,,,,,,,,,,,,,,,,,,,,,TN,TN
205eb2c4bf7e71d495ab61be1d40f9ea2671340b,399.4,mozilla-beta,4168118,13,59f7c57850e9d10762f122855a024e51389d56e5,windows10-64-shippable-qr,True,False,,|c|o|l|d| |f|i|s|s|i|o|n| |w|e|b|r|e|n|d|e|r|,102210fe594ee9b33d82058545b1ed14f4c8206e,SpeedIndex,microsoft,True,microsoft SpeedIndex opt cold fission webrender,,6,ms,firefox,,1766649377,2023-10-03 09:17:20,1310189,,,,,,,,,,,,,,,,,,,,,,,,,,,,,,,,,,,,,,,,,,,,,,,,,,,,,,,,,,,,,TN,TN
118184ccfcd830d8977a794dd26064b3accc58a2,397.7,mozilla-beta,4168118,13,59f7c57850e9d10762f122855a024e51389d56e5,windows10-64-shippable-qr,True,False,,|c|o|l|d| |f|i|s|s|i|o|n| |w|e|b|r|e|n|d|e|r|,102210fe594ee9b33d82058545b1ed14f4c8206e,SpeedIndex,microsoft,True,microsoft SpeedIndex opt cold fission webrender,,6,ms,firefox,,1766791371,2023-10-03 12:49:30,1310283,,,,,,,,,,,,,,,,,,,,,,,,,,,,,,,,,,,,,,,,,,,,,,,,,,,,,,,,,,,,,TN,TN
aae1c545bad65ea0147bb9c3d884c5d0d1ebcfa2,398.5,mozilla-beta,4168118,13,59f7c57850e9d10762f122855a024e51389d56e5,windows10-64-shippable-qr,True,False,,|c|o|l|d| |f|i|s|s|i|o|n| |w|e|b|r|e|n|d|e|r|,102210fe594ee9b33d82058545b1ed14f4c8206e,SpeedIndex,microsoft,True,microsoft SpeedIndex opt cold fission webrender,,6,ms,firefox,,1767166079,2023-10-04 00:57:47,1310719,,,,,,,,,,,,,,,,,,,,,,,,,,,,,,,,,,,,,,,,,,,,,,,,,,,,,,,,,,,,,TN,TN
20072380b395934aebb21065fe4a360ae9ca1e5a,384.7,mozilla-beta,4168118,13,59f7c57850e9d10762f122855a024e51389d56e5,windows10-64-shippable-qr,True,False,,|c|o|l|d| |f|i|s|s|i|o|n| |w|e|b|r|e|n|d|e|r|,102210fe594ee9b33d82058545b1ed14f4c8206e,SpeedIndex,microsoft,True,microsoft SpeedIndex opt cold fission webrender,,6,ms,firefox,,1767208502,2023-10-04 01:13:33,1310722,,,,,,,,,,,,,,,,,,,,,,,,,,,,,,,,,,,,,,,,,,,,,,,,,,,,,,,,,,,,,TN,TN
9bb86c200658a7dc1d44f05d5275db9c605599f3,389.7,mozilla-beta,4168118,13,59f7c57850e9d10762f122855a024e51389d56e5,windows10-64-shippable-qr,True,False,,|c|o|l|d| |f|i|s|s|i|o|n| |w|e|b|r|e|n|d|e|r|,102210fe594ee9b33d82058545b1ed14f4c8206e,SpeedIndex,microsoft,True,microsoft SpeedIndex opt cold fission webrender,,6,ms,firefox,,1767198652,2023-10-04 02:01:13,1310732,,,,,,,,,,,,,,,,,,,,,,,,,,,,,,,,,,,,,,,,,,,,,,,,,,,,,,,,,,,,,TN,TN
4794794a6bd29a17dd7a438eaecc95be72381860,383.5,mozilla-beta,4168118,13,59f7c57850e9d10762f122855a024e51389d56e5,windows10-64-shippable-qr,True,False,,|c|o|l|d| |f|i|s|s|i|o|n| |w|e|b|r|e|n|d|e|r|,102210fe594ee9b33d82058545b1ed14f4c8206e,SpeedIndex,microsoft,True,microsoft SpeedIndex opt cold fission webrender,,6,ms,firefox,,1767279054,2023-10-04 04:09:15,1310752,,,,,,,,,,,,,,,,,,,,,,,,,,,,,,,,,,,,,,,,,,,,,,,,,,,,,,,,,,,,,TN,TN
ee94bbad8af86968bf85c48449dd7d1bece16e6a,386.6,mozilla-beta,4168118,13,59f7c57850e9d10762f122855a024e51389d56e5,windows10-64-shippable-qr,True,False,,|c|o|l|d| |f|i|s|s|i|o|n| |w|e|b|r|e|n|d|e|r|,102210fe594ee9b33d82058545b1ed14f4c8206e,SpeedIndex,microsoft,True,microsoft SpeedIndex opt cold fission webrender,,6,ms,firefox,,1767464310,2023-10-04 09:16:11,1310854,,,,,,,,,,,,,,,,,,,,,,,,,,,,,,,,,,,,,,,,,,,,,,,,,,,,,,,,,,,,,TN,TN
052fabc8e20ff17df0b21be252fbf4dca084425d,421.5,mozilla-beta,4168118,13,59f7c57850e9d10762f122855a024e51389d56e5,windows10-64-shippable-qr,True,False,,|c|o|l|d| |f|i|s|s|i|o|n| |w|e|b|r|e|n|d|e|r|,102210fe594ee9b33d82058545b1ed14f4c8206e,SpeedIndex,microsoft,True,microsoft SpeedIndex opt cold fission webrender,,6,ms,firefox,,1771393780,2023-10-04 13:24:55,1311010,,,,,,,,,,,,,,,,,,,,,,,,,,,,,,,,,,,,,,,,,,,,,,,,,,,,,,,,,,,,,TN,TN
058eaec863ffd972f1c461283dee5b033aee7edd,396.2,mozilla-beta,4168118,13,59f7c57850e9d10762f122855a024e51389d56e5,windows10-64-shippable-qr,True,False,,|c|o|l|d| |f|i|s|s|i|o|n| |w|e|b|r|e|n|d|e|r|,102210fe594ee9b33d82058545b1ed14f4c8206e,SpeedIndex,microsoft,True,microsoft SpeedIndex opt cold fission webrender,,6,ms,firefox,,1771393756,2023-10-04 13:32:10,1311020,,,,,,,,,,,,,,,,,,,,,,,,,,,,,,,,,,,,,,,,,,,,,,,,,,,,,,,,,,,,,TN,TN
7d3237dee4eafc6aafd524d0674decb9f8c02024,398.6,mozilla-beta,4168118,13,59f7c57850e9d10762f122855a024e51389d56e5,windows10-64-shippable-qr,True,False,,|c|o|l|d| |f|i|s|s|i|o|n| |w|e|b|r|e|n|d|e|r|,102210fe594ee9b33d82058545b1ed14f4c8206e,SpeedIndex,microsoft,True,microsoft SpeedIndex opt cold fission webrender,,6,ms,firefox,,1771393816,2023-10-04 17:28:50,1311213,,,,,,,,,,,,,,,,,,,,,,,,,,,,,,,,,,,,,,,,,,,,,,,,,,,,,,,,,,,,,TN,TN
8f1c726fa655a92e5384cd22bc16031dd26539a7,411.6,mozilla-beta,4168118,13,59f7c57850e9d10762f122855a024e51389d56e5,windows10-64-shippable-qr,True,False,,|c|o|l|d| |f|i|s|s|i|o|n| |w|e|b|r|e|n|d|e|r|,102210fe594ee9b33d82058545b1ed14f4c8206e,SpeedIndex,microsoft,True,microsoft SpeedIndex opt cold fission webrender,,6,ms,firefox,,1771396570,2023-10-04 18:37:21,1311269,,,,,,,,,,,,,,,,,,,,,,,,,,,,,,,,,,,,,,,,,,,,,,,,,,,,,,,,,,,,,TN,TN
6066df449ff2e6a96d4dd6d81f524353c904a7e4,400.0,mozilla-beta,4168118,13,59f7c57850e9d10762f122855a024e51389d56e5,windows10-64-shippable-qr,True,False,,|c|o|l|d| |f|i|s|s|i|o|n| |w|e|b|r|e|n|d|e|r|,102210fe594ee9b33d82058545b1ed14f4c8206e,SpeedIndex,microsoft,True,microsoft SpeedIndex opt cold fission webrender,,6,ms,firefox,,1767832892,2023-10-04 19:05:37,1311304,,,,,,,,,,,,,,,,,,,,,,,,,,,,,,,,,,,,,,,,,,,,,,,,,,,,,,,,,,,,,TN,TN
580ae177f2ee1ec5f96ba0a876c77edad7dc1810,397.1,mozilla-beta,4168118,13,59f7c57850e9d10762f122855a024e51389d56e5,windows10-64-shippable-qr,True,False,,|c|o|l|d| |f|i|s|s|i|o|n| |w|e|b|r|e|n|d|e|r|,102210fe594ee9b33d82058545b1ed14f4c8206e,SpeedIndex,microsoft,True,microsoft SpeedIndex opt cold fission webrender,,6,ms,firefox,,1768212979,2023-10-05 09:16:59,1311697,,,,,,,,,,,,,,,,,,,,,,,,,,,,,,,,,,,,,,,,,,,,,,,,,,,,,,,,,,,,,TN,TN
82dc5b47405aa3b80232917dce1198d8f5fe0205,393.5,mozilla-beta,4168118,13,59f7c57850e9d10762f122855a024e51389d56e5,windows10-64-shippable-qr,True,False,,|c|o|l|d| |f|i|s|s|i|o|n| |w|e|b|r|e|n|d|e|r|,102210fe594ee9b33d82058545b1ed14f4c8206e,SpeedIndex,microsoft,True,microsoft SpeedIndex opt cold fission webrender,,6,ms,firefox,,1768297249,2023-10-05 12:14:20,1311786,,,,,,,,,,,,,,,,,,,,,,,,,,,,,,,,,,,,,,,,,,,,,,,,,,,,,,,,,,,,,TN,TN
a9b4c32cbce4e483371a4d4f0af1cb5b99ba1beb,386.7,mozilla-beta,4168118,13,59f7c57850e9d10762f122855a024e51389d56e5,windows10-64-shippable-qr,True,False,,|c|o|l|d| |f|i|s|s|i|o|n| |w|e|b|r|e|n|d|e|r|,102210fe594ee9b33d82058545b1ed14f4c8206e,SpeedIndex,microsoft,True,microsoft SpeedIndex opt cold fission webrender,,6,ms,firefox,,1768461100,2023-10-05 13:10:58,1311851,,,,,,,,,,,,,,,,,,,,,,,,,,,,,,,,,,,,,,,,,,,,,,,,,,,,,,,,,,,,,TN,TN
acc9965e45abe1aeac40ca2f04c26812adc75cda,399.6,mozilla-beta,4168118,13,59f7c57850e9d10762f122855a024e51389d56e5,windows10-64-shippable-qr,True,False,,|c|o|l|d| |f|i|s|s|i|o|n| |w|e|b|r|e|n|d|e|r|,102210fe594ee9b33d82058545b1ed14f4c8206e,SpeedIndex,microsoft,True,microsoft SpeedIndex opt cold fission webrender,,6,ms,firefox,,1768721985,2023-10-05 18:10:23,1312101,,,,,,,,,,,,,,,,,,,,,,,,,,,,,,,,,,,,,,,,,,,,,,,,,,,,,,,,,,,,,TN,TN
75404df0a34bb37b93351a424687782569f397f9,396.7,mozilla-beta,4168118,13,59f7c57850e9d10762f122855a024e51389d56e5,windows10-64-shippable-qr,True,False,,|c|o|l|d| |f|i|s|s|i|o|n| |w|e|b|r|e|n|d|e|r|,102210fe594ee9b33d82058545b1ed14f4c8206e,SpeedIndex,microsoft,True,microsoft SpeedIndex opt cold fission webrender,,6,ms,firefox,,1769128011,2023-10-06 09:15:09,1312465,,,,,,,,,,,,,,,,,,,,,,,,,,,,,,,,,,,,,,,,,,,,,,,,,,,,,,,,,,,,,TN,TN
d9e687ae0f64b7ea357501ad79e1950a2e1de3f0,389.93333333333334,mozilla-beta,4168118,13,59f7c57850e9d10762f122855a024e51389d56e5,windows10-64-shippable-qr,True,False,,|c|o|l|d| |f|i|s|s|i|o|n| |w|e|b|r|e|n|d|e|r|,102210fe594ee9b33d82058545b1ed14f4c8206e,SpeedIndex,microsoft,True,microsoft SpeedIndex opt cold fission webrender,,6,ms,firefox,,1771393937,2023-10-06 13:26:54,1312597,,,,,,,,,,,,,,,,,,,,,,,,,,,,,,,,,,,,,,,,,,,,,,,,,,,,,,,,,,,,,TN,TN
72bf7edd4714c864607ba76c7326ffa276c4116c,391.75,mozilla-beta,4168118,13,59f7c57850e9d10762f122855a024e51389d56e5,windows10-64-shippable-qr,True,False,,|c|o|l|d| |f|i|s|s|i|o|n| |w|e|b|r|e|n|d|e|r|,102210fe594ee9b33d82058545b1ed14f4c8206e,SpeedIndex,microsoft,True,microsoft SpeedIndex opt cold fission webrender,,6,ms,firefox,,1771393979,2023-10-06 13:34:30,1312603,,,,,,,,,,,,,,,,,,,,,,,,,,,,,,,,,,,,,,,,,,,,,,,,,,,,,,,,,,,,,TN,TN
0496a241d3027637145241ee504ce8aa215cb587,390.05,mozilla-beta,4168118,13,59f7c57850e9d10762f122855a024e51389d56e5,windows10-64-shippable-qr,True,False,,|c|o|l|d| |f|i|s|s|i|o|n| |w|e|b|r|e|n|d|e|r|,102210fe594ee9b33d82058545b1ed14f4c8206e,SpeedIndex,microsoft,True,microsoft SpeedIndex opt cold fission webrender,,6,ms,firefox,,1771394074,2023-10-06 17:25:15,1312748,,,,,,,,,,,,,,,,,,,,,,,,,,,,,,,,,,,,,,,,,,,,,,,,,,,,,,,,,,,,,TN,TN
43933bff5878ec252da279efd9c0e74ac8d935e8,389.98333333333335,mozilla-beta,4168118,13,59f7c57850e9d10762f122855a024e51389d56e5,windows10-64-shippable-qr,True,False,,|c|o|l|d| |f|i|s|s|i|o|n| |w|e|b|r|e|n|d|e|r|,102210fe594ee9b33d82058545b1ed14f4c8206e,SpeedIndex,microsoft,True,microsoft SpeedIndex opt cold fission webrender,,6,ms,firefox,,1771393970,2023-10-06 17:39:01,1312762,,,,,,,,,,,,,,,,,,,,,,,,,,,,,,,,,,,,,,,,,,,,,,,,,,,,,,,,,,,,,TN,TN
f62bbe0bb99b812d0d79d2e5517f7584baa278fc,419.76666666666665,mozilla-beta,4168118,13,59f7c57850e9d10762f122855a024e51389d56e5,windows10-64-shippable-qr,True,False,,|c|o|l|d| |f|i|s|s|i|o|n| |w|e|b|r|e|n|d|e|r|,102210fe594ee9b33d82058545b1ed14f4c8206e,SpeedIndex,microsoft,True,microsoft SpeedIndex opt cold fission webrender,,6,ms,firefox,,1769501569,2023-10-06 17:47:24,1312771,424.57,mozilla-ldap/afinder@mozilla.com,75404df0a34bb37b93351a424687782569f397f9,39886.0,8.07,,392.86,2023-10-12 13:49:04.067772,False,13.0,13.0,,,,1312465.0,2.0,1312771.0,2.0,mozilla-ldap/afinder@mozilla.com,59f7c57850e9d10762f122855a024e51389d56e5,,windows10-64-shippable-qr,,mozilla-beta,2023-10-17 16:57:45.089687,,1.0,31.71,182036.0,ms,,"(9,)",39886.0,102210fe594ee9b33d82058545b1ed14f4c8206e,,True,False,afinder@mozilla.com,"(0,)","(4,)",afinder@mozilla.com,2023-10-10 16:57:45.089687,,,SpeedIndex,OK,True,f62bbe0bb99b812d0d79d2e5517f7584baa278fc,39848.0,,,"('[{""perf_datum_id"": 1768721985, ""value"": 399.6, ""job_id"": 431497146, ""push_id"": 1312101, ""push_timestamp"": ""2023-10-05T18:10:23"", ""push__revision"": ""acc9965e45abe1aeac40ca2f04c26812adc75cda""}, {""perf_datum_id"": 1769128011, ""value"": 396.7, ""job_id"": 431575776, ""push_id"": 1312465, ""push_timestamp"": ""2023-10-06T09:15:09"", ""push__revision"": ""75404df0a34bb37b93351a424687782569f397f9""}, {""perf_datum_id"": 1769501569, ""value"": 424.3, ""job_id"": 431654299, ""push_id"": 1312771, ""push_timestamp"": ""2023-10-06T17:47:24"", ""push__revision"": ""f62bbe0bb99b812d0d79d2e5517f7584baa278fc""}, {""perf_datum_id"": 1769417762, ""value"": 427.4, ""job_id"": 431638685, ""push_id"": 1312821, ""push_timestamp"": ""2023-10-06T18:35:27"", ""push__revision"": ""f56a6c67a33ab1a140c63cace57b27168b822eec""}, {""perf_datum_id"": 1769679250, ""value"": 421.6, ""job_id"": 431684947, ""push_id"": 1313095, ""push_timestamp"": ""2023-10-07T09:16:25"", ""push__revision"": ""13a5ee763497f5cfd08fefcb509684311e9aee25""}]',)",False,"(0,)",11.66,microsoft,"cold, fission, webrender","(3,)","cold, fission, webrender",2023-10-13 16:57:45.089687,TP,TP
f56a6c67a33ab1a140c63cace57b27168b822eec,417.9666666666667,mozilla-beta,4168118,13,59f7c57850e9d10762f122855a024e51389d56e5,windows10-64-shippable-qr,True,False,,|c|o|l|d| |f|i|s|s|i|o|n| |w|e|b|r|e|n|d|e|r|,102210fe594ee9b33d82058545b1ed14f4c8206e,SpeedIndex,microsoft,True,microsoft SpeedIndex opt cold fission webrender,,6,ms,firefox,,1769417762,2023-10-06 18:35:27,1312821,,,,,,,,,,,,,,,,,,,,,,,,,,,,,,,,,,,,,,,,,,,,,,,,,,,,,,,,,,,,,TN,TN
13a5ee763497f5cfd08fefcb509684311e9aee25,421.6,mozilla-beta,4168118,13,59f7c57850e9d10762f122855a024e51389d56e5,windows10-64-shippable-qr,True,False,,|c|o|l|d| |f|i|s|s|i|o|n| |w|e|b|r|e|n|d|e|r|,102210fe594ee9b33d82058545b1ed14f4c8206e,SpeedIndex,microsoft,True,microsoft SpeedIndex opt cold fission webrender,,6,ms,firefox,,1769679250,2023-10-07 09:16:25,1313095,,,,,,,,,,,,,,,,,,,,,,,,,,,,,,,,,,,,,,,,,,,,,,,,,,,,,,,,,,,,,TN,TN
9a2aad16b50476b91e85115698a5372c0e178481,420.6,mozilla-beta,4168118,13,59f7c57850e9d10762f122855a024e51389d56e5,windows10-64-shippable-qr,True,False,,|c|o|l|d| |f|i|s|s|i|o|n| |w|e|b|r|e|n|d|e|r|,102210fe594ee9b33d82058545b1ed14f4c8206e,SpeedIndex,microsoft,True,microsoft SpeedIndex opt cold fission webrender,,6,ms,firefox,,1769980999,2023-10-08 09:15:29,1313212,,,,,,,,,,,,,,,,,,,,,,,,,,,,,,,,,,,,,,,,,,,,,,,,,,,,,,,,,,,,,TN,TN
52bc619257d3e66e5326c753c4a1035195d1929a,419.3,mozilla-beta,4168118,13,59f7c57850e9d10762f122855a024e51389d56e5,windows10-64-shippable-qr,True,False,,|c|o|l|d| |f|i|s|s|i|o|n| |w|e|b|r|e|n|d|e|r|,102210fe594ee9b33d82058545b1ed14f4c8206e,SpeedIndex,microsoft,True,microsoft SpeedIndex opt cold fission webrender,,6,ms,firefox,,1770082008,2023-10-08 14:12:09,1313230,,,,,,,,,,,,,,,,,,,,,,,,,,,,,,,,,,,,,,,,,,,,,,,,,,,,,,,,,,,,,TN,TN
4816a8c9639e20516df1685953f8ca97052aea2b,433.9,mozilla-beta,4168118,13,59f7c57850e9d10762f122855a024e51389d56e5,windows10-64-shippable-qr,True,False,,|c|o|l|d| |f|i|s|s|i|o|n| |w|e|b|r|e|n|d|e|r|,102210fe594ee9b33d82058545b1ed14f4c8206e,SpeedIndex,microsoft,True,microsoft SpeedIndex opt cold fission webrender,,6,ms,firefox,,1770075576,2023-10-08 14:18:48,1313231,,,,,,,,,,,,,,,,,,,,,,,,,,,,,,,,,,,,,,,,,,,,,,,,,,,,,,,,,,,,,TN,TN
d4527a30756259366526e6c471ce07f48f4515ac,415.2,mozilla-beta,4168118,13,59f7c57850e9d10762f122855a024e51389d56e5,windows10-64-shippable-qr,True,False,,|c|o|l|d| |f|i|s|s|i|o|n| |w|e|b|r|e|n|d|e|r|,102210fe594ee9b33d82058545b1ed14f4c8206e,SpeedIndex,microsoft,True,microsoft SpeedIndex opt cold fission webrender,,6,ms,firefox,,1770362699,2023-10-09 09:21:20,1313437,,,,,,,,,,,,,,,,,,,,,,,,,,,,,,,,,,,,,,,,,,,,,,,,,,,,,,,,,,,,,TN,TN
2c502d3a5967e4ffe419c5d01465f41dceb956f6,419.7,mozilla-beta,4168118,13,59f7c57850e9d10762f122855a024e51389d56e5,windows10-64-shippable-qr,True,False,,|c|o|l|d| |f|i|s|s|i|o|n| |w|e|b|r|e|n|d|e|r|,102210fe594ee9b33d82058545b1ed14f4c8206e,SpeedIndex,microsoft,True,microsoft SpeedIndex opt cold fission webrender,,6,ms,firefox,,1770457953,2023-10-09 11:16:45,1313488,,,,,,,,,,,,,,,,,,,,,,,,,,,,,,,,,,,,,,,,,,,,,,,,,,,,,,,,,,,,,TN,TN
f95037ec26ecbd37fce78a2acc917f42d07c5fb4,422.7,mozilla-beta,4168118,13,59f7c57850e9d10762f122855a024e51389d56e5,windows10-64-shippable-qr,True,False,,|c|o|l|d| |f|i|s|s|i|o|n| |w|e|b|r|e|n|d|e|r|,102210fe594ee9b33d82058545b1ed14f4c8206e,SpeedIndex,microsoft,True,microsoft SpeedIndex opt cold fission webrender,,6,ms,firefox,,1770709906,2023-10-09 20:58:43,1313834,,,,,,,,,,,,,,,,,,,,,,,,,,,,,,,,,,,,,,,,,,,,,,,,,,,,,,,,,,,,,TN,TN
6ca6ea6b139da8aa4264829b50988ed951574abf,430.0,mozilla-beta,4168118,13,59f7c57850e9d10762f122855a024e51389d56e5,windows10-64-shippable-qr,True,False,,|c|o|l|d| |f|i|s|s|i|o|n| |w|e|b|r|e|n|d|e|r|,102210fe594ee9b33d82058545b1ed14f4c8206e,SpeedIndex,microsoft,True,microsoft SpeedIndex opt cold fission webrender,,6,ms,firefox,,1770961737,2023-10-10 09:17:32,1314076,,,,,,,,,,,,,,,,,,,,,,,,,,,,,,,,,,,,,,,,,,,,,,,,,,,,,,,,,,,,,TN,TN
c811c2581ef0ad534e3f4051ad22d392a27379a9,423.3,mozilla-beta,4168118,13,59f7c57850e9d10762f122855a024e51389d56e5,windows10-64-shippable-qr,True,False,,|c|o|l|d| |f|i|s|s|i|o|n| |w|e|b|r|e|n|d|e|r|,102210fe594ee9b33d82058545b1ed14f4c8206e,SpeedIndex,microsoft,True,microsoft SpeedIndex opt cold fission webrender,,6,ms,firefox,,1771025166,2023-10-10 12:36:38,1314201,,,,,,,,,,,,,,,,,,,,,,,,,,,,,,,,,,,,,,,,,,,,,,,,,,,,,,,,,,,,,TN,TN
fd6c29d7603acc344157c8a5f14b7fc49b7ad07c,436.8,mozilla-beta,4168118,13,59f7c57850e9d10762f122855a024e51389d56e5,windows10-64-shippable-qr,True,False,,|c|o|l|d| |f|i|s|s|i|o|n| |w|e|b|r|e|n|d|e|r|,102210fe594ee9b33d82058545b1ed14f4c8206e,SpeedIndex,microsoft,True,microsoft SpeedIndex opt cold fission webrender,,6,ms,firefox,,1771197671,2023-10-10 14:42:07,1314306,,,,,,,,,,,,,,,,,,,,,,,,,,,,,,,,,,,,,,,,,,,,,,,,,,,,,,,,,,,,,TN,TN
577dcfba9576ee660a671915f1ea3756e9d84652,430.2,mozilla-beta,4168118,13,59f7c57850e9d10762f122855a024e51389d56e5,windows10-64-shippable-qr,True,False,,|c|o|l|d| |f|i|s|s|i|o|n| |w|e|b|r|e|n|d|e|r|,102210fe594ee9b33d82058545b1ed14f4c8206e,SpeedIndex,microsoft,True,microsoft SpeedIndex opt cold fission webrender,,6,ms,firefox,,1771369239,2023-10-10 21:51:45,1314592,,,,,,,,,,,,,,,,,,,,,,,,,,,,,,,,,,,,,,,,,,,,,,,,,,,,,,,,,,,,,TN,TN
54e1383bd50714d6e9f0149e83a414e4a48cac7f,427.2,mozilla-beta,4168118,13,59f7c57850e9d10762f122855a024e51389d56e5,windows10-64-shippable-qr,True,False,,|c|o|l|d| |f|i|s|s|i|o|n| |w|e|b|r|e|n|d|e|r|,102210fe594ee9b33d82058545b1ed14f4c8206e,SpeedIndex,microsoft,True,microsoft SpeedIndex opt cold fission webrender,,6,ms,firefox,,1771614779,2023-10-11 09:15:28,1314859,,,,,,,,,,,,,,,,,,,,,,,,,,,,,,,,,,,,,,,,,,,,,,,,,,,,,,,,,,,,,TN,TN
1b37a41b6de4ddb9a207889b49d817aa2e82d43a,483.0,mozilla-beta,4168118,13,59f7c57850e9d10762f122855a024e51389d56e5,windows10-64-shippable-qr,True,False,,|c|o|l|d| |f|i|s|s|i|o|n| |w|e|b|r|e|n|d|e|r|,102210fe594ee9b33d82058545b1ed14f4c8206e,SpeedIndex,microsoft,True,microsoft SpeedIndex opt cold fission webrender,,6,ms,firefox,,1771920398,2023-10-11 19:41:14,1315281,,,,,,,,,,,,,,,,,,,,,,,,,,,,,,,,,,,,,,,,,,,,,,,,,,,,,,,,,,,,,TN,TN
5aa198b1f23a350634177ce2fdeb210d41468ad4,428.3,mozilla-beta,4168118,13,59f7c57850e9d10762f122855a024e51389d56e5,windows10-64-shippable-qr,True,False,,|c|o|l|d| |f|i|s|s|i|o|n| |w|e|b|r|e|n|d|e|r|,102210fe594ee9b33d82058545b1ed14f4c8206e,SpeedIndex,microsoft,True,microsoft SpeedIndex opt cold fission webrender,,6,ms,firefox,,1772014485,2023-10-11 22:55:04,1315411,,,,,,,,,,,,,,,,,,,,,,,,,,,,,,,,,,,,,,,,,,,,,,,,,,,,,,,,,,,,,TN,TN
bba75dc3df803f8ed22a9cb4e7d6bc274909572c,431.8,mozilla-beta,4168118,13,59f7c57850e9d10762f122855a024e51389d56e5,windows10-64-shippable-qr,True,False,,|c|o|l|d| |f|i|s|s|i|o|n| |w|e|b|r|e|n|d|e|r|,102210fe594ee9b33d82058545b1ed14f4c8206e,SpeedIndex,microsoft,True,microsoft SpeedIndex opt cold fission webrender,,6,ms,firefox,,1772118907,2023-10-12 02:52:01,1315485,,,,,,,,,,,,,,,,,,,,,,,,,,,,,,,,,,,,,,,,,,,,,,,,,,,,,,,,,,,,,TN,TN
9c6b259fc70659f4aed73bc575ef934836412c9f,419.1,mozilla-beta,4168118,13,59f7c57850e9d10762f122855a024e51389d56e5,windows10-64-shippable-qr,True,False,,|c|o|l|d| |f|i|s|s|i|o|n| |w|e|b|r|e|n|d|e|r|,102210fe594ee9b33d82058545b1ed14f4c8206e,SpeedIndex,microsoft,True,microsoft SpeedIndex opt cold fission webrender,,6,ms,firefox,,1772275749,2023-10-12 09:16:52,1315594,,,,,,,,,,,,,,,,,,,,,,,,,,,,,,,,,,,,,,,,,,,,,,,,,,,,,,,,,,,,,TN,TN
f931988827a90cf966b1ad7fc5e9e4ac2baf74c8,464.4,mozilla-beta,4168118,13,59f7c57850e9d10762f122855a024e51389d56e5,windows10-64-shippable-qr,True,False,,|c|o|l|d| |f|i|s|s|i|o|n| |w|e|b|r|e|n|d|e|r|,102210fe594ee9b33d82058545b1ed14f4c8206e,SpeedIndex,microsoft,True,microsoft SpeedIndex opt cold fission webrender,,6,ms,firefox,,1772522286,2023-10-12 13:44:47,1315758,,,,,,,,,,,,,,,,,,,,,,,,,,,,,,,,,,,,,,,,,,,,,,,,,,,,,,,,,,,,,TN,TN
0d28d797a85a4ed9635545fe3467b17e8ebb4d5d,429.2,mozilla-beta,4168118,13,59f7c57850e9d10762f122855a024e51389d56e5,windows10-64-shippable-qr,True,False,,|c|o|l|d| |f|i|s|s|i|o|n| |w|e|b|r|e|n|d|e|r|,102210fe594ee9b33d82058545b1ed14f4c8206e,SpeedIndex,microsoft,True,microsoft SpeedIndex opt cold fission webrender,,6,ms,firefox,,1772558861,2023-10-12 17:47:43,1315941,,,,,,,,,,,,,,,,,,,,,,,,,,,,,,,,,,,,,,,,,,,,,,,,,,,,,,,,,,,,,TN,TN
689906410d5f8337d185caeadf063e3c3e6f9f81,428.4,mozilla-beta,4168118,13,59f7c57850e9d10762f122855a024e51389d56e5,windows10-64-shippable-qr,True,False,,|c|o|l|d| |f|i|s|s|i|o|n| |w|e|b|r|e|n|d|e|r|,102210fe594ee9b33d82058545b1ed14f4c8206e,SpeedIndex,microsoft,True,microsoft SpeedIndex opt cold fission webrender,,6,ms,firefox,,1772810906,2023-10-13 04:28:09,1316284,,,,,,,,,,,,,,,,,,,,,,,,,,,,,,,,,,,,,,,,,,,,,,,,,,,,,,,,,,,,,TN,TN
03f145d4d7d679e973ec6621b498d6ba24c3bf45,431.8,mozilla-beta,4168118,13,59f7c57850e9d10762f122855a024e51389d56e5,windows10-64-shippable-qr,True,False,,|c|o|l|d| |f|i|s|s|i|o|n| |w|e|b|r|e|n|d|e|r|,102210fe594ee9b33d82058545b1ed14f4c8206e,SpeedIndex,microsoft,True,microsoft SpeedIndex opt cold fission webrender,,6,ms,firefox,,1772911094,2023-10-13 09:14:12,1316340,,,,,,,,,,,,,,,,,,,,,,,,,,,,,,,,,,,,,,,,,,,,,,,,,,,,,,,,,,,,,TN,TN
8eac8d7bb81d2778dd919d5b8062f8cfb0ff9d84,430.9,mozilla-beta,4168118,13,59f7c57850e9d10762f122855a024e51389d56e5,windows10-64-shippable-qr,True,False,,|c|o|l|d| |f|i|s|s|i|o|n| |w|e|b|r|e|n|d|e|r|,102210fe594ee9b33d82058545b1ed14f4c8206e,SpeedIndex,microsoft,True,microsoft SpeedIndex opt cold fission webrender,,6,ms,firefox,,1773246504,2023-10-13 21:13:24,1316819,,,,,,,,,,,,,,,,,,,,,,,,,,,,,,,,,,,,,,,,,,,,,,,,,,,,,,,,,,,,,TN,TN
d07f9c6281b5fc29e57d0e41beeb2dba1056da49,421.8,mozilla-beta,4168118,13,59f7c57850e9d10762f122855a024e51389d56e5,windows10-64-shippable-qr,True,False,,|c|o|l|d| |f|i|s|s|i|o|n| |w|e|b|r|e|n|d|e|r|,102210fe594ee9b33d82058545b1ed14f4c8206e,SpeedIndex,microsoft,True,microsoft SpeedIndex opt cold fission webrender,,6,ms,firefox,,1773419004,2023-10-14 09:18:12,1316894,,,,,,,,,,,,,,,,,,,,,,,,,,,,,,,,,,,,,,,,,,,,,,,,,,,,,,,,,,,,,TN,TN
383757494ccc7f8f4c932b8ec8e6ff5c146590c5,431.0,mozilla-beta,4168118,13,59f7c57850e9d10762f122855a024e51389d56e5,windows10-64-shippable-qr,True,False,,|c|o|l|d| |f|i|s|s|i|o|n| |w|e|b|r|e|n|d|e|r|,102210fe594ee9b33d82058545b1ed14f4c8206e,SpeedIndex,microsoft,True,microsoft SpeedIndex opt cold fission webrender,,6,ms,firefox,,1773726768,2023-10-15 09:18:27,1316988,,,,,,,,,,,,,,,,,,,,,,,,,,,,,,,,,,,,,,,,,,,,,,,,,,,,,,,,,,,,,TN,TN
11d1909ae147645f934856a3d3236ee83fd99444,430.9,mozilla-beta,4168118,13,59f7c57850e9d10762f122855a024e51389d56e5,windows10-64-shippable-qr,True,False,,|c|o|l|d| |f|i|s|s|i|o|n| |w|e|b|r|e|n|d|e|r|,102210fe594ee9b33d82058545b1ed14f4c8206e,SpeedIndex,microsoft,True,microsoft SpeedIndex opt cold fission webrender,,6,ms,firefox,,1773790833,2023-10-15 14:26:14,1317018,,,,,,,,,,,,,,,,,,,,,,,,,,,,,,,,,,,,,,,,,,,,,,,,,,,,,,,,,,,,,TN,TN
061cd59972a07bd5d25892827951e2356d4993a7,437.3,mozilla-beta,4168118,13,59f7c57850e9d10762f122855a024e51389d56e5,windows10-64-shippable-qr,True,False,,|c|o|l|d| |f|i|s|s|i|o|n| |w|e|b|r|e|n|d|e|r|,102210fe594ee9b33d82058545b1ed14f4c8206e,SpeedIndex,microsoft,True,microsoft SpeedIndex opt cold fission webrender,,6,ms,firefox,,1774027293,2023-10-16 09:17:28,1317168,,,,,,,,,,,,,,,,,,,,,,,,,,,,,,,,,,,,,,,,,,,,,,,,,,,,,,,,,,,,,TN,TN
f2a69b23cb0aaf2b36bac4f9f197bf4282f542c4,424.6,mozilla-beta,4168118,13,59f7c57850e9d10762f122855a024e51389d56e5,windows10-64-shippable-qr,True,False,,|c|o|l|d| |f|i|s|s|i|o|n| |w|e|b|r|e|n|d|e|r|,102210fe594ee9b33d82058545b1ed14f4c8206e,SpeedIndex,microsoft,True,microsoft SpeedIndex opt cold fission webrender,,6,ms,firefox,,1774152485,2023-10-16 12:10:58,1317268,,,,,,,,,,,,,,,,,,,,,,,,,,,,,,,,,,,,,,,,,,,,,,,,,,,,,,,,,,,,,TN,TN
97e8b9bbb11e77faf6188c7a1dde9ca93c5ed34c,389.3,mozilla-beta,4168118,13,59f7c57850e9d10762f122855a024e51389d56e5,windows10-64-shippable-qr,True,False,,|c|o|l|d| |f|i|s|s|i|o|n| |w|e|b|r|e|n|d|e|r|,102210fe594ee9b33d82058545b1ed14f4c8206e,SpeedIndex,microsoft,True,microsoft SpeedIndex opt cold fission webrender,,6,ms,firefox,,1774362266,2023-10-16 15:50:14,1317440,,,,,,,,,,,,,,,,,,,,,,,,,,,,,,,,,,,,,,,,,,,,,,,,,,,,,,,,,,,,,TN,TN
15be2499adae693a40ddfc1cb5096c90e7270986,421.2,mozilla-beta,4168118,13,59f7c57850e9d10762f122855a024e51389d56e5,windows10-64-shippable-qr,True,False,,|c|o|l|d| |f|i|s|s|i|o|n| |w|e|b|r|e|n|d|e|r|,102210fe594ee9b33d82058545b1ed14f4c8206e,SpeedIndex,microsoft,True,microsoft SpeedIndex opt cold fission webrender,,6,ms,firefox,,1774447878,2023-10-16 20:09:52,1317580,,,,,,,,,,,,,,,,,,,,,,,,,,,,,,,,,,,,,,,,,,,,,,,,,,,,,,,,,,,,,TN,TN
5474a9ed5dbd2e49f2a97baf12209cd00e38bdd9,397.7,mozilla-beta,4168118,13,59f7c57850e9d10762f122855a024e51389d56e5,windows10-64-shippable-qr,True,False,,|c|o|l|d| |f|i|s|s|i|o|n| |w|e|b|r|e|n|d|e|r|,102210fe594ee9b33d82058545b1ed14f4c8206e,SpeedIndex,microsoft,True,microsoft SpeedIndex opt cold fission webrender,,6,ms,firefox,,1778195595,2023-10-23 13:54:43,1320858,,,,,,,,,,,,,,,,,,,,,,,,,,,,,,,,,,,,,,,,,,,,,,,,,,,,,,,,,,,,,TN,TN
b03a01da2a2d576a6c92ce245e4803bcb257f2aa,405.6,mozilla-beta,4168118,13,59f7c57850e9d10762f122855a024e51389d56e5,windows10-64-shippable-qr,True,False,,|c|o|l|d| |f|i|s|s|i|o|n| |w|e|b|r|e|n|d|e|r|,102210fe594ee9b33d82058545b1ed14f4c8206e,SpeedIndex,microsoft,True,microsoft SpeedIndex opt cold fission webrender,,6,ms,firefox,,1778633494,2023-10-23 20:46:52,1321218,,,,,,,,,,,,,,,,,,,,,,,,,,,,,,,,,,,,,,,,,,,,,,,,,,,,,,,,,,,,,TN,TN
687c546af188e22f70afcf55e14005978520b7cb,384.1,mozilla-beta,4168118,13,59f7c57850e9d10762f122855a024e51389d56e5,windows10-64-shippable-qr,True,False,,|c|o|l|d| |f|i|s|s|i|o|n| |w|e|b|r|e|n|d|e|r|,102210fe594ee9b33d82058545b1ed14f4c8206e,SpeedIndex,microsoft,True,microsoft SpeedIndex opt cold fission webrender,,6,ms,firefox,,1778993264,2023-10-24 09:16:29,1321483,,,,,,,,,,,,,,,,,,,,,,,,,,,,,,,,,,,,,,,,,,,,,,,,,,,,,,,,,,,,,TN,TN
a17c6aa73b0faf44667bd491440d373e3268aa40,396.8,mozilla-beta,4168118,13,59f7c57850e9d10762f122855a024e51389d56e5,windows10-64-shippable-qr,True,False,,|c|o|l|d| |f|i|s|s|i|o|n| |w|e|b|r|e|n|d|e|r|,102210fe594ee9b33d82058545b1ed14f4c8206e,SpeedIndex,microsoft,True,microsoft SpeedIndex opt cold fission webrender,,6,ms,firefox,,1779557250,2023-10-24 18:16:48,1321817,,,,,,,,,,,,,,,,,,,,,,,,,,,,,,,,,,,,,,,,,,,,,,,,,,,,,,,,,,,,,TN,TN
0e1ba587a1e6e6f571fd31b1aca0d4679e193e1d,402.3,mozilla-beta,4168118,13,59f7c57850e9d10762f122855a024e51389d56e5,windows10-64-shippable-qr,True,False,,|c|o|l|d| |f|i|s|s|i|o|n| |w|e|b|r|e|n|d|e|r|,102210fe594ee9b33d82058545b1ed14f4c8206e,SpeedIndex,microsoft,True,microsoft SpeedIndex opt cold fission webrender,,6,ms,firefox,,1779506927,2023-10-24 18:50:37,1321847,,,,,,,,,,,,,,,,,,,,,,,,,,,,,,,,,,,,,,,,,,,,,,,,,,,,,,,,,,,,,TN,TN
3b2f433ad9ff8c7fc4b9947b65b4ed12b102cd2a,395.1,mozilla-beta,4168118,13,59f7c57850e9d10762f122855a024e51389d56e5,windows10-64-shippable-qr,True,False,,|c|o|l|d| |f|i|s|s|i|o|n| |w|e|b|r|e|n|d|e|r|,102210fe594ee9b33d82058545b1ed14f4c8206e,SpeedIndex,microsoft,True,microsoft SpeedIndex opt cold fission webrender,,6,ms,firefox,,1779539279,2023-10-24 19:08:21,1321860,,,,,,,,,,,,,,,,,,,,,,,,,,,,,,,,,,,,,,,,,,,,,,,,,,,,,,,,,,,,,TN,TN
b178e6a89dd972a2b875d083da187c5e1233158d,391.0,mozilla-beta,4168118,13,59f7c57850e9d10762f122855a024e51389d56e5,windows10-64-shippable-qr,True,False,,|c|o|l|d| |f|i|s|s|i|o|n| |w|e|b|r|e|n|d|e|r|,102210fe594ee9b33d82058545b1ed14f4c8206e,SpeedIndex,microsoft,True,microsoft SpeedIndex opt cold fission webrender,,6,ms,firefox,,1779572426,2023-10-24 19:19:30,1321871,,,,,,,,,,,,,,,,,,,,,,,,,,,,,,,,,,,,,,,,,,,,,,,,,,,,,,,,,,,,,TN,TN
c3d8b4bc894010747ac1638f14d701801685ad2e,392.6,mozilla-beta,4168118,13,59f7c57850e9d10762f122855a024e51389d56e5,windows10-64-shippable-qr,True,False,,|c|o|l|d| |f|i|s|s|i|o|n| |w|e|b|r|e|n|d|e|r|,102210fe594ee9b33d82058545b1ed14f4c8206e,SpeedIndex,microsoft,True,microsoft SpeedIndex opt cold fission webrender,,6,ms,firefox,,1779912135,2023-10-25 09:17:56,1322190,,,,,,,,,,,,,,,,,,,,,,,,,,,,,,,,,,,,,,,,,,,,,,,,,,,,,,,,,,,,,TN,TN
70b3d048171ce75923409d3d9d0b2d7752cacbb9,404.7,mozilla-beta,4168118,13,59f7c57850e9d10762f122855a024e51389d56e5,windows10-64-shippable-qr,True,False,,|c|o|l|d| |f|i|s|s|i|o|n| |w|e|b|r|e|n|d|e|r|,102210fe594ee9b33d82058545b1ed14f4c8206e,SpeedIndex,microsoft,True,microsoft SpeedIndex opt cold fission webrender,,6,ms,firefox,,1780412362,2023-10-25 20:12:08,1322523,,,,,,,,,,,,,,,,,,,,,,,,,,,,,,,,,,,,,,,,,,,,,,,,,,,,,,,,,,,,,TN,TN
31e780c0f9412435072db1cdb1a74a46766ddcff,420.9,mozilla-beta,4168118,13,59f7c57850e9d10762f122855a024e51389d56e5,windows10-64-shippable-qr,True,False,,|c|o|l|d| |f|i|s|s|i|o|n| |w|e|b|r|e|n|d|e|r|,102210fe594ee9b33d82058545b1ed14f4c8206e,SpeedIndex,microsoft,True,microsoft SpeedIndex opt cold fission webrender,,6,ms,firefox,,1780581128,2023-10-26 01:42:12,1322720,,,,,,,,,,,,,,,,,,,,,,,,,,,,,,,,,,,,,,,,,,,,,,,,,,,,,,,,,,,,,TN,TN
d0592eb71b49011c614d86db88b6673c5f23485f,399.5,mozilla-beta,4168118,13,59f7c57850e9d10762f122855a024e51389d56e5,windows10-64-shippable-qr,True,False,,|c|o|l|d| |f|i|s|s|i|o|n| |w|e|b|r|e|n|d|e|r|,102210fe594ee9b33d82058545b1ed14f4c8206e,SpeedIndex,microsoft,True,microsoft SpeedIndex opt cold fission webrender,,6,ms,firefox,,1780646425,2023-10-26 01:59:39,1322727,,,,,,,,,,,,,,,,,,,,,,,,,,,,,,,,,,,,,,,,,,,,,,,,,,,,,,,,,,,,,TN,TN
09df940b02395fb242a2aff8bae0a1fc78f1a0ec,396.5,mozilla-beta,4168118,13,59f7c57850e9d10762f122855a024e51389d56e5,windows10-64-shippable-qr,True,False,,|c|o|l|d| |f|i|s|s|i|o|n| |w|e|b|r|e|n|d|e|r|,102210fe594ee9b33d82058545b1ed14f4c8206e,SpeedIndex,microsoft,True,microsoft SpeedIndex opt cold fission webrender,,6,ms,firefox,,1780858388,2023-10-26 09:18:57,1322855,,,,,,,,,,,,,,,,,,,,,,,,,,,,,,,,,,,,,,,,,,,,,,,,,,,,,,,,,,,,,TN,TN
0970ac067962ef702919bed3c130ff4577c5a618,409.7,mozilla-beta,4168118,13,59f7c57850e9d10762f122855a024e51389d56e5,windows10-64-shippable-qr,True,False,,|c|o|l|d| |f|i|s|s|i|o|n| |w|e|b|r|e|n|d|e|r|,102210fe594ee9b33d82058545b1ed14f4c8206e,SpeedIndex,microsoft,True,microsoft SpeedIndex opt cold fission webrender,,6,ms,firefox,,1781080383,2023-10-26 14:06:49,1323016,,,,,,,,,,,,,,,,,,,,,,,,,,,,,,,,,,,,,,,,,,,,,,,,,,,,,,,,,,,,,TN,TN
a4b470ebb6b18254694693aa28a4019d425e5157,393.6,mozilla-beta,4168118,13,59f7c57850e9d10762f122855a024e51389d56e5,windows10-64-shippable-qr,True,False,,|c|o|l|d| |f|i|s|s|i|o|n| |w|e|b|r|e|n|d|e|r|,102210fe594ee9b33d82058545b1ed14f4c8206e,SpeedIndex,microsoft,True,microsoft SpeedIndex opt cold fission webrender,,6,ms,firefox,,1781313281,2023-10-26 18:12:41,1323171,,,,,,,,,,,,,,,,,,,,,,,,,,,,,,,,,,,,,,,,,,,,,,,,,,,,,,,,,,,,,TN,TN
34202f0fbcf07f89f3bdcefc5b6f0ba8728daf54,433.2,mozilla-beta,4168118,13,59f7c57850e9d10762f122855a024e51389d56e5,windows10-64-shippable-qr,True,False,,|c|o|l|d| |f|i|s|s|i|o|n| |w|e|b|r|e|n|d|e|r|,102210fe594ee9b33d82058545b1ed14f4c8206e,SpeedIndex,microsoft,True,microsoft SpeedIndex opt cold fission webrender,,6,ms,firefox,,1781473065,2023-10-26 21:02:35,1323277,,,,,,,,,,,,,,,,,,,,,,,,,,,,,,,,,,,,,,,,,,,,,,,,,,,,,,,,,,,,,TN,TN
c9e3fb5ed0f44a04ac88882c5481a60a2a30e222,385.5,mozilla-beta,4168118,13,59f7c57850e9d10762f122855a024e51389d56e5,windows10-64-shippable-qr,True,False,,|c|o|l|d| |f|i|s|s|i|o|n| |w|e|b|r|e|n|d|e|r|,102210fe594ee9b33d82058545b1ed14f4c8206e,SpeedIndex,microsoft,True,microsoft SpeedIndex opt cold fission webrender,,6,ms,firefox,,1781395708,2023-10-26 21:13:50,1323289,,,,,,,,,,,,,,,,,,,,,,,,,,,,,,,,,,,,,,,,,,,,,,,,,,,,,,,,,,,,,TN,TN
bf57d88eb2a3a61a5fa08f1a445dd7351f6e2b1d,409.3,mozilla-beta,4168118,13,59f7c57850e9d10762f122855a024e51389d56e5,windows10-64-shippable-qr,True,False,,|c|o|l|d| |f|i|s|s|i|o|n| |w|e|b|r|e|n|d|e|r|,102210fe594ee9b33d82058545b1ed14f4c8206e,SpeedIndex,microsoft,True,microsoft SpeedIndex opt cold fission webrender,,6,ms,firefox,,1781558819,2023-10-27 02:28:31,1323398,,,,,,,,,,,,,,,,,,,,,,,,,,,,,,,,,,,,,,,,,,,,,,,,,,,,,,,,,,,,,TN,TN
b1cb7e7b034cc16c98f513f848eb36ea5df27c09,385.7,mozilla-beta,4168118,13,59f7c57850e9d10762f122855a024e51389d56e5,windows10-64-shippable-qr,True,False,,|c|o|l|d| |f|i|s|s|i|o|n| |w|e|b|r|e|n|d|e|r|,102210fe594ee9b33d82058545b1ed14f4c8206e,SpeedIndex,microsoft,True,microsoft SpeedIndex opt cold fission webrender,,6,ms,firefox,,1781741282,2023-10-27 09:19:01,1323519,,,,,,,,,,,,,,,,,,,,,,,,,,,,,,,,,,,,,,,,,,,,,,,,,,,,,,,,,,,,,TN,TN
b97dbe58458774c79ef350e7575e44682ad7b628,399.0,mozilla-beta,4168118,13,59f7c57850e9d10762f122855a024e51389d56e5,windows10-64-shippable-qr,True,False,,|c|o|l|d| |f|i|s|s|i|o|n| |w|e|b|r|e|n|d|e|r|,102210fe594ee9b33d82058545b1ed14f4c8206e,SpeedIndex,microsoft,True,microsoft SpeedIndex opt cold fission webrender,,6,ms,firefox,,1782109289,2023-10-27 18:38:39,1323849,,,,,,,,,,,,,,,,,,,,,,,,,,,,,,,,,,,,,,,,,,,,,,,,,,,,,,,,,,,,,TN,TN
f7a6096fda1c5fd404b15a0cee8ca7f0b82aee00,387.4,mozilla-beta,4168118,13,59f7c57850e9d10762f122855a024e51389d56e5,windows10-64-shippable-qr,True,False,,|c|o|l|d| |f|i|s|s|i|o|n| |w|e|b|r|e|n|d|e|r|,102210fe594ee9b33d82058545b1ed14f4c8206e,SpeedIndex,microsoft,True,microsoft SpeedIndex opt cold fission webrender,,6,ms,firefox,,1782152612,2023-10-27 18:54:25,1323862,,,,,,,,,,,,,,,,,,,,,,,,,,,,,,,,,,,,,,,,,,,,,,,,,,,,,,,,,,,,,TN,TN
1f7ead04a319c6d28f7a8a0c148f15ababc492fa,445.2,mozilla-beta,4168118,13,59f7c57850e9d10762f122855a024e51389d56e5,windows10-64-shippable-qr,True,False,,|c|o|l|d| |f|i|s|s|i|o|n| |w|e|b|r|e|n|d|e|r|,102210fe594ee9b33d82058545b1ed14f4c8206e,SpeedIndex,microsoft,True,microsoft SpeedIndex opt cold fission webrender,,6,ms,firefox,,1782589006,2023-10-28 09:15:28,1324045,,,,,,,,,,,,,,,,,,,,,,,,,,,,,,,,,,,,,,,,,,,,,,,,,,,,,,,,,,,,,TN,TN
f8c125601213252ce34486ff451fa058381f558f,388.2,mozilla-beta,4168118,13,59f7c57850e9d10762f122855a024e51389d56e5,windows10-64-shippable-qr,True,False,,|c|o|l|d| |f|i|s|s|i|o|n| |w|e|b|r|e|n|d|e|r|,102210fe594ee9b33d82058545b1ed14f4c8206e,SpeedIndex,microsoft,True,microsoft SpeedIndex opt cold fission webrender,,6,ms,firefox,,1782840117,2023-10-28 20:17:56,1324113,,,,,,,,,,,,,,,,,,,,,,,,,,,,,,,,,,,,,,,,,,,,,,,,,,,,,,,,,,,,,TN,TN
14679f0ea712627e51e43163bc286ffad56bdf54,408.5,mozilla-beta,4168118,13,59f7c57850e9d10762f122855a024e51389d56e5,windows10-64-shippable-qr,True,False,,|c|o|l|d| |f|i|s|s|i|o|n| |w|e|b|r|e|n|d|e|r|,102210fe594ee9b33d82058545b1ed14f4c8206e,SpeedIndex,microsoft,True,microsoft SpeedIndex opt cold fission webrender,,6,ms,firefox,,1782897738,2023-10-29 09:16:21,1324149,,,,,,,,,,,,,,,,,,,,,,,,,,,,,,,,,,,,,,,,,,,,,,,,,,,,,,,,,,,,,TN,TN
48ba3b0afb19a5edcf6c904fa938052a576bcb89,447.5,mozilla-beta,4168118,13,59f7c57850e9d10762f122855a024e51389d56e5,windows10-64-shippable-qr,True,False,,|c|o|l|d| |f|i|s|s|i|o|n| |w|e|b|r|e|n|d|e|r|,102210fe594ee9b33d82058545b1ed14f4c8206e,SpeedIndex,microsoft,True,microsoft SpeedIndex opt cold fission webrender,,6,ms,firefox,,1783254826,2023-10-30 02:36:04,1324220,,,,,,,,,,,,,,,,,,,,,,,,,,,,,,,,,,,,,,,,,,,,,,,,,,,,,,,,,,,,,TN,TN
9de68f7e6fd4a13d6568549cfafbbf4de9830a32,381.6,mozilla-beta,4168118,13,59f7c57850e9d10762f122855a024e51389d56e5,windows10-64-shippable-qr,True,False,,|c|o|l|d| |f|i|s|s|i|o|n| |w|e|b|r|e|n|d|e|r|,102210fe594ee9b33d82058545b1ed14f4c8206e,SpeedIndex,microsoft,True,microsoft SpeedIndex opt cold fission webrender,,6,ms,firefox,,1783392561,2023-10-30 09:16:20,1324285,,,,,,,,,,,,,,,,,,,,,,,,,,,,,,,,,,,,,,,,,,,,,,,,,,,,,,,,,,,,,TN,TN
cc2e02baaa144a8b7924802226b7a0dae78019f9,390.9,mozilla-beta,4168118,13,59f7c57850e9d10762f122855a024e51389d56e5,windows10-64-shippable-qr,True,False,,|c|o|l|d| |f|i|s|s|i|o|n| |w|e|b|r|e|n|d|e|r|,102210fe594ee9b33d82058545b1ed14f4c8206e,SpeedIndex,microsoft,True,microsoft SpeedIndex opt cold fission webrender,,6,ms,firefox,,1783694703,2023-10-30 17:02:01,1324586,,,,,,,,,,,,,,,,,,,,,,,,,,,,,,,,,,,,,,,,,,,,,,,,,,,,,,,,,,,,,TN,TN
a68944a138e48b14870084ba2981e9c963ad930e,400.4,mozilla-beta,4168118,13,59f7c57850e9d10762f122855a024e51389d56e5,windows10-64-shippable-qr,True,False,,|c|o|l|d| |f|i|s|s|i|o|n| |w|e|b|r|e|n|d|e|r|,102210fe594ee9b33d82058545b1ed14f4c8206e,SpeedIndex,microsoft,True,microsoft SpeedIndex opt cold fission webrender,,6,ms,firefox,,1783740721,2023-10-30 17:47:02,1324618,,,,,,,,,,,,,,,,,,,,,,,,,,,,,,,,,,,,,,,,,,,,,,,,,,,,,,,,,,,,,TN,TN
7be1294f3227031fcd210f520339ce75fcf7004f,398.8,mozilla-beta,4168118,13,59f7c57850e9d10762f122855a024e51389d56e5,windows10-64-shippable-qr,True,False,,|c|o|l|d| |f|i|s|s|i|o|n| |w|e|b|r|e|n|d|e|r|,102210fe594ee9b33d82058545b1ed14f4c8206e,SpeedIndex,microsoft,True,microsoft SpeedIndex opt cold fission webrender,,6,ms,firefox,,1783755916,2023-10-30 18:00:17,1324626,,,,,,,,,,,,,,,,,,,,,,,,,,,,,,,,,,,,,,,,,,,,,,,,,,,,,,,,,,,,,TN,TN
8f86cd37a37d99d960be58a89966ec2789adeecc,974.2,mozilla-beta,4168118,13,59f7c57850e9d10762f122855a024e51389d56e5,windows10-64-shippable-qr,True,False,,|c|o|l|d| |f|i|s|s|i|o|n| |w|e|b|r|e|n|d|e|r|,102210fe594ee9b33d82058545b1ed14f4c8206e,SpeedIndex,microsoft,True,microsoft SpeedIndex opt cold fission webrender,,6,ms,firefox,,1783813610,2023-10-30 18:48:30,1324652,,,,,,,,,,,,,,,,,,,,,,,,,,,,,,,,,,,,,,,,,,,,,,,,,,,,,,,,,,,,,TN,TN
d0dabe2c816558f29baf19470ce5b3e8b0df1e5b,406.9,mozilla-beta,4168118,13,59f7c57850e9d10762f122855a024e51389d56e5,windows10-64-shippable-qr,True,False,,|c|o|l|d| |f|i|s|s|i|o|n| |w|e|b|r|e|n|d|e|r|,102210fe594ee9b33d82058545b1ed14f4c8206e,SpeedIndex,microsoft,True,microsoft SpeedIndex opt cold fission webrender,,6,ms,firefox,,1783845804,2023-10-30 19:00:54,1324656,,,,,,,,,,,,,,,,,,,,,,,,,,,,,,,,,,,,,,,,,,,,,,,,,,,,,,,,,,,,,TN,TN
d8fb8c523804dc02924cb77b49e007a0abc2acc1,387.7,mozilla-beta,4168118,13,59f7c57850e9d10762f122855a024e51389d56e5,windows10-64-shippable-qr,True,False,,|c|o|l|d| |f|i|s|s|i|o|n| |w|e|b|r|e|n|d|e|r|,102210fe594ee9b33d82058545b1ed14f4c8206e,SpeedIndex,microsoft,True,microsoft SpeedIndex opt cold fission webrender,,6,ms,firefox,,1784326306,2023-10-31 09:17:48,1324895,,,,,,,,,,,,,,,,,,,,,,,,,,,,,,,,,,,,,,,,,,,,,,,,,,,,,,,,,,,,,TN,TN
a6dedbe86cd78c75a1070b8308ebda10dff87c51,398.2,mozilla-beta,4168118,13,59f7c57850e9d10762f122855a024e51389d56e5,windows10-64-shippable-qr,True,False,,|c|o|l|d| |f|i|s|s|i|o|n| |w|e|b|r|e|n|d|e|r|,102210fe594ee9b33d82058545b1ed14f4c8206e,SpeedIndex,microsoft,True,microsoft SpeedIndex opt cold fission webrender,,6,ms,firefox,,1784612780,2023-10-31 13:58:47,1325015,,,,,,,,,,,,,,,,,,,,,,,,,,,,,,,,,,,,,,,,,,,,,,,,,,,,,,,,,,,,,TN,TN
21c4c089d27455f7b69af83165892a878069f400,417.2,mozilla-beta,4168118,13,59f7c57850e9d10762f122855a024e51389d56e5,windows10-64-shippable-qr,True,False,,|c|o|l|d| |f|i|s|s|i|o|n| |w|e|b|r|e|n|d|e|r|,102210fe594ee9b33d82058545b1ed14f4c8206e,SpeedIndex,microsoft,True,microsoft SpeedIndex opt cold fission webrender,,6,ms,firefox,,1784529211,2023-10-31 14:24:53,1325035,,,,,,,,,,,,,,,,,,,,,,,,,,,,,,,,,,,,,,,,,,,,,,,,,,,,,,,,,,,,,TN,TN
497ea409d0b2c8c7f41830cefc198ceb700d2d63,392.4,mozilla-beta,4168118,13,59f7c57850e9d10762f122855a024e51389d56e5,windows10-64-shippable-qr,True,False,,|c|o|l|d| |f|i|s|s|i|o|n| |w|e|b|r|e|n|d|e|r|,102210fe594ee9b33d82058545b1ed14f4c8206e,SpeedIndex,microsoft,True,microsoft SpeedIndex opt cold fission webrender,,6,ms,firefox,,1784598474,2023-10-31 16:19:48,1325135,,,,,,,,,,,,,,,,,,,,,,,,,,,,,,,,,,,,,,,,,,,,,,,,,,,,,,,,,,,,,TN,TN
54672e6e13984a5fc53d478951425d3435da65dc,389.2,mozilla-beta,4168118,13,59f7c57850e9d10762f122855a024e51389d56e5,windows10-64-shippable-qr,True,False,,|c|o|l|d| |f|i|s|s|i|o|n| |w|e|b|r|e|n|d|e|r|,102210fe594ee9b33d82058545b1ed14f4c8206e,SpeedIndex,microsoft,True,microsoft SpeedIndex opt cold fission webrender,,6,ms,firefox,,1784647873,2023-10-31 17:25:12,1325175,,,,,,,,,,,,,,,,,,,,,,,,,,,,,,,,,,,,,,,,,,,,,,,,,,,,,,,,,,,,,TN,TN
6df364abb4816f789a765083584689223976afe6,394.1,mozilla-beta,4168118,13,59f7c57850e9d10762f122855a024e51389d56e5,windows10-64-shippable-qr,True,False,,|c|o|l|d| |f|i|s|s|i|o|n| |w|e|b|r|e|n|d|e|r|,102210fe594ee9b33d82058545b1ed14f4c8206e,SpeedIndex,microsoft,True,microsoft SpeedIndex opt cold fission webrender,,6,ms,firefox,,1784787065,2023-10-31 19:29:15,1325236,,,,,,,,,,,,,,,,,,,,,,,,,,,,,,,,,,,,,,,,,,,,,,,,,,,,,,,,,,,,,TN,TN
739f3449852d8e3d03019cd002ca378fb79676e7,394.4,mozilla-beta,4168118,13,59f7c57850e9d10762f122855a024e51389d56e5,windows10-64-shippable-qr,True,False,,|c|o|l|d| |f|i|s|s|i|o|n| |w|e|b|r|e|n|d|e|r|,102210fe594ee9b33d82058545b1ed14f4c8206e,SpeedIndex,microsoft,True,microsoft SpeedIndex opt cold fission webrender,,6,ms,firefox,,1785083947,2023-11-01 03:02:04,1325441,,,,,,,,,,,,,,,,,,,,,,,,,,,,,,,,,,,,,,,,,,,,,,,,,,,,,,,,,,,,,TN,TN
c32c921bf0c099387541a2bd4306618b2a338aac,377.0,mozilla-beta,4168118,13,59f7c57850e9d10762f122855a024e51389d56e5,windows10-64-shippable-qr,True,False,,|c|o|l|d| |f|i|s|s|i|o|n| |w|e|b|r|e|n|d|e|r|,102210fe594ee9b33d82058545b1ed14f4c8206e,SpeedIndex,microsoft,True,microsoft SpeedIndex opt cold fission webrender,,6,ms,firefox,,1785201162,2023-11-01 09:28:03,1325520,,,,,,,,,,,,,,,,,,,,,,,,,,,,,,,,,,,,,,,,,,,,,,,,,,,,,,,,,,,,,TN,TN
717389b03e4f66f463593d4d489bc5bddcb0a286,409.2,mozilla-beta,4168118,13,59f7c57850e9d10762f122855a024e51389d56e5,windows10-64-shippable-qr,True,False,,|c|o|l|d| |f|i|s|s|i|o|n| |w|e|b|r|e|n|d|e|r|,102210fe594ee9b33d82058545b1ed14f4c8206e,SpeedIndex,microsoft,True,microsoft SpeedIndex opt cold fission webrender,,6,ms,firefox,,1789655973,2023-11-01 19:55:10,1325853,,,,,,,,,,,,,,,,,,,,,,,,,,,,,,,,,,,,,,,,,,,,,,,,,,,,,,,,,,,,,TN,TN
661ffaa432e4cc863263a07b7bdd27795a5df836,426.5,mozilla-beta,4168118,13,59f7c57850e9d10762f122855a024e51389d56e5,windows10-64-shippable-qr,True,False,,|c|o|l|d| |f|i|s|s|i|o|n| |w|e|b|r|e|n|d|e|r|,102210fe594ee9b33d82058545b1ed14f4c8206e,SpeedIndex,microsoft,True,microsoft SpeedIndex opt cold fission webrender,,6,ms,firefox,,1785556802,2023-11-01 20:19:53,1325865,,,,,,,,,,,,,,,,,,,,,,,,,,,,,,,,,,,,,,,,,,,,,,,,,,,,,,,,,,,,,TN,TN
52966fe3ab43a9acb012195122cc949e887f3f7a,402.3,mozilla-beta,4168118,13,59f7c57850e9d10762f122855a024e51389d56e5,windows10-64-shippable-qr,True,False,,|c|o|l|d| |f|i|s|s|i|o|n| |w|e|b|r|e|n|d|e|r|,102210fe594ee9b33d82058545b1ed14f4c8206e,SpeedIndex,microsoft,True,microsoft SpeedIndex opt cold fission webrender,,6,ms,firefox,,1785894133,2023-11-02 09:16:17,1326068,,,,,,,,,,,,,,,,,,,,,,,,,,,,,,,,,,,,,,,,,,,,,,,,,,,,,,,,,,,,,TN,TN
b93c979940b7fb53619a49044f7f0c9dcd99927b,399.1,mozilla-beta,4168118,13,59f7c57850e9d10762f122855a024e51389d56e5,windows10-64-shippable-qr,True,False,,|c|o|l|d| |f|i|s|s|i|o|n| |w|e|b|r|e|n|d|e|r|,102210fe594ee9b33d82058545b1ed14f4c8206e,SpeedIndex,microsoft,True,microsoft SpeedIndex opt cold fission webrender,,6,ms,firefox,,1786089794,2023-11-02 13:26:23,1326186,,,,,,,,,,,,,,,,,,,,,,,,,,,,,,,,,,,,,,,,,,,,,,,,,,,,,,,,,,,,,TN,TN
3de35294e81fd90cf63d3f7107110c0bcf4a461e,413.3,mozilla-beta,4168118,13,59f7c57850e9d10762f122855a024e51389d56e5,windows10-64-shippable-qr,True,False,,|c|o|l|d| |f|i|s|s|i|o|n| |w|e|b|r|e|n|d|e|r|,102210fe594ee9b33d82058545b1ed14f4c8206e,SpeedIndex,microsoft,True,microsoft SpeedIndex opt cold fission webrender,,6,ms,firefox,,1786132200,2023-11-02 15:52:03,1326321,,,,,,,,,,,,,,,,,,,,,,,,,,,,,,,,,,,,,,,,,,,,,,,,,,,,,,,,,,,,,TN,TN
fc180f625ac2b295ab3e05bde3ec29c2998dc76b,389.7,mozilla-beta,4168118,13,59f7c57850e9d10762f122855a024e51389d56e5,windows10-64-shippable-qr,True,False,,|c|o|l|d| |f|i|s|s|i|o|n| |w|e|b|r|e|n|d|e|r|,102210fe594ee9b33d82058545b1ed14f4c8206e,SpeedIndex,microsoft,True,microsoft SpeedIndex opt cold fission webrender,,6,ms,firefox,,1786167554,2023-11-02 16:31:23,1326367,,,,,,,,,,,,,,,,,,,,,,,,,,,,,,,,,,,,,,,,,,,,,,,,,,,,,,,,,,,,,TN,TN
b1fe4b76180c0291b47971e0e442d50b2b46e243,391.8,mozilla-beta,4168118,13,59f7c57850e9d10762f122855a024e51389d56e5,windows10-64-shippable-qr,True,False,,|c|o|l|d| |f|i|s|s|i|o|n| |w|e|b|r|e|n|d|e|r|,102210fe594ee9b33d82058545b1ed14f4c8206e,SpeedIndex,microsoft,True,microsoft SpeedIndex opt cold fission webrender,,6,ms,firefox,,1786303902,2023-11-02 19:37:31,1326468,,,,,,,,,,,,,,,,,,,,,,,,,,,,,,,,,,,,,,,,,,,,,,,,,,,,,,,,,,,,,TN,TN
c5cefa7cf7968cb679cd9e608c644853e8bf3c5c,410.9,mozilla-beta,4168118,13,59f7c57850e9d10762f122855a024e51389d56e5,windows10-64-shippable-qr,True,False,,|c|o|l|d| |f|i|s|s|i|o|n| |w|e|b|r|e|n|d|e|r|,102210fe594ee9b33d82058545b1ed14f4c8206e,SpeedIndex,microsoft,True,microsoft SpeedIndex opt cold fission webrender,,6,ms,firefox,,1786369178,2023-11-02 20:40:12,1326529,,,,,,,,,,,,,,,,,,,,,,,,,,,,,,,,,,,,,,,,,,,,,,,,,,,,,,,,,,,,,TN,TN
10ccb989d5ffe828811dc99be6687afc0661fee6,413.3,mozilla-beta,4168118,13,59f7c57850e9d10762f122855a024e51389d56e5,windows10-64-shippable-qr,True,False,,|c|o|l|d| |f|i|s|s|i|o|n| |w|e|b|r|e|n|d|e|r|,102210fe594ee9b33d82058545b1ed14f4c8206e,SpeedIndex,microsoft,True,microsoft SpeedIndex opt cold fission webrender,,6,ms,firefox,,1786476180,2023-11-03 02:09:01,1326660,,,,,,,,,,,,,,,,,,,,,,,,,,,,,,,,,,,,,,,,,,,,,,,,,,,,,,,,,,,,,TN,TN
2dce64a161d6de039d89197b2248a11466fc7fb1,391.35,mozilla-beta,4168118,13,59f7c57850e9d10762f122855a024e51389d56e5,windows10-64-shippable-qr,True,False,,|c|o|l|d| |f|i|s|s|i|o|n| |w|e|b|r|e|n|d|e|r|,102210fe594ee9b33d82058545b1ed14f4c8206e,SpeedIndex,microsoft,True,microsoft SpeedIndex opt cold fission webrender,,6,ms,firefox,,1786632926,2023-11-03 09:17:43,1326756,,,,,,,,,,,,,,,,,,,,,,,,,,,,,,,,,,,,,,,,,,,,,,,,,,,,,,,,,,,,,TN,TN
67ca2b5a4899f029c9ad3eb48c2fc62bc76f109f,392.825,mozilla-beta,4168118,13,59f7c57850e9d10762f122855a024e51389d56e5,windows10-64-shippable-qr,True,False,,|c|o|l|d| |f|i|s|s|i|o|n| |w|e|b|r|e|n|d|e|r|,102210fe594ee9b33d82058545b1ed14f4c8206e,SpeedIndex,microsoft,True,microsoft SpeedIndex opt cold fission webrender,,6,ms,firefox,,1789655144,2023-11-03 13:30:36,1326850,,,,,,,,,,,,,,,,,,,,,,,,,,,,,,,,,,,,,,,,,,,,,,,,,,,,,,,,,,,,,TN,TN
74b167cf91d73fff5b5a56ea77073b4d330691f6,395.025,mozilla-beta,4168118,13,59f7c57850e9d10762f122855a024e51389d56e5,windows10-64-shippable-qr,True,False,,|c|o|l|d| |f|i|s|s|i|o|n| |w|e|b|r|e|n|d|e|r|,102210fe594ee9b33d82058545b1ed14f4c8206e,SpeedIndex,microsoft,True,microsoft SpeedIndex opt cold fission webrender,,6,ms,firefox,,1789655185,2023-11-03 13:37:56,1326857,,,,,,,,,,,,,,,,,,,,,,,,,,,,,,,,,,,,,,,,,,,,,,,,,,,,,,,,,,,,,TN,TN
51933810a12c8d987b3db8821a03fc47db831806,388.9,mozilla-beta,4168118,13,59f7c57850e9d10762f122855a024e51389d56e5,windows10-64-shippable-qr,True,False,,|c|o|l|d| |f|i|s|s|i|o|n| |w|e|b|r|e|n|d|e|r|,102210fe594ee9b33d82058545b1ed14f4c8206e,SpeedIndex,microsoft,True,microsoft SpeedIndex opt cold fission webrender,,6,ms,firefox,,1789655212,2023-11-03 16:13:18,1326955,,,,,,,,,,,,,,,,,,,,,,,,,,,,,,,,,,,,,,,,,,,,,,,,,,,,,,,,,,,,,TN,TN
aa969f0c06cd63cadfb06443d3a39e616b199088,404.4166666666667,mozilla-beta,4168118,13,59f7c57850e9d10762f122855a024e51389d56e5,windows10-64-shippable-qr,True,False,,|c|o|l|d| |f|i|s|s|i|o|n| |w|e|b|r|e|n|d|e|r|,102210fe594ee9b33d82058545b1ed14f4c8206e,SpeedIndex,microsoft,True,microsoft SpeedIndex opt cold fission webrender,,6,ms,firefox,,1789655364,2023-11-03 16:47:35,1326991,,,,,,,,,,,,,,,,,,,,,,,,,,,,,,,,,,,,,,,,,,,,,,,,,,,,,,,,,,,,,TN,TN
de7d0eba21d6dc9fa43711cb99724cf8bee14b09,461.16,mozilla-beta,4168118,13,59f7c57850e9d10762f122855a024e51389d56e5,windows10-64-shippable-qr,True,False,,|c|o|l|d| |f|i|s|s|i|o|n| |w|e|b|r|e|n|d|e|r|,102210fe594ee9b33d82058545b1ed14f4c8206e,SpeedIndex,microsoft,True,microsoft SpeedIndex opt cold fission webrender,,6,ms,firefox,,1787062399,2023-11-03 20:10:06,1327141,,,,,,,,,,,,,,,,,,,,,,,,,,,,,,,,,,,,,,,,,,,,,,,,,,,,,,,,,,,,,TN,TN
e236a9d8b7c953944c3ec583d1c67f4ee99b61c7,442.3,mozilla-beta,4168118,13,59f7c57850e9d10762f122855a024e51389d56e5,windows10-64-shippable-qr,True,False,,|c|o|l|d| |f|i|s|s|i|o|n| |w|e|b|r|e|n|d|e|r|,102210fe594ee9b33d82058545b1ed14f4c8206e,SpeedIndex,microsoft,True,microsoft SpeedIndex opt cold fission webrender,,6,ms,firefox,,1787084036,2023-11-03 20:37:38,1327174,,,,,,,,,,,,,,,,,,,,,,,,,,,,,,,,,,,,,,,,,,,,,,,,,,,,,,,,,,,,,TN,TN
0e4c1aabb1e89b399ec8af74160f4dded9290029,443.8,mozilla-beta,4168118,13,59f7c57850e9d10762f122855a024e51389d56e5,windows10-64-shippable-qr,True,False,,|c|o|l|d| |f|i|s|s|i|o|n| |w|e|b|r|e|n|d|e|r|,102210fe594ee9b33d82058545b1ed14f4c8206e,SpeedIndex,microsoft,True,microsoft SpeedIndex opt cold fission webrender,,6,ms,firefox,,1787094017,2023-11-03 22:57:26,1327231,,,,,,,,,,,,,,,,,,,,,,,,,,,,,,,,,,,,,,,,,,,,,,,,,,,,,,,,,,,,,TN,TN
aaed062f99d7c0ecc1574d16fc93d7aad82bfe08,423.2,mozilla-beta,4168118,13,59f7c57850e9d10762f122855a024e51389d56e5,windows10-64-shippable-qr,True,False,,|c|o|l|d| |f|i|s|s|i|o|n| |w|e|b|r|e|n|d|e|r|,102210fe594ee9b33d82058545b1ed14f4c8206e,SpeedIndex,microsoft,True,microsoft SpeedIndex opt cold fission webrender,,6,ms,firefox,,1787257188,2023-11-04 09:15:24,1327315,,,,,,,,,,,,,,,,,,,,,,,,,,,,,,,,,,,,,,,,,,,,,,,,,,,,,,,,,,,,,TN,TN
ac9cccecb9fd15c83e5a504a0a4777033d8012fc,424.7,mozilla-beta,4168118,13,59f7c57850e9d10762f122855a024e51389d56e5,windows10-64-shippable-qr,True,False,,|c|o|l|d| |f|i|s|s|i|o|n| |w|e|b|r|e|n|d|e|r|,102210fe594ee9b33d82058545b1ed14f4c8206e,SpeedIndex,microsoft,True,microsoft SpeedIndex opt cold fission webrender,,6,ms,firefox,,1787701406,2023-11-05 09:16:57,1327481,,,,,,,,,,,,,,,,,,,,,,,,,,,,,,,,,,,,,,,,,,,,,,,,,,,,,,,,,,,,,TN,TN
a8eb7938131dec30c0043b6eeed4ca9727b3dcda,420.6,mozilla-beta,4168118,13,59f7c57850e9d10762f122855a024e51389d56e5,windows10-64-shippable-qr,True,False,,|c|o|l|d| |f|i|s|s|i|o|n| |w|e|b|r|e|n|d|e|r|,102210fe594ee9b33d82058545b1ed14f4c8206e,SpeedIndex,microsoft,True,microsoft SpeedIndex opt cold fission webrender,,6,ms,firefox,,1787824658,2023-11-05 16:06:30,1327540,,,,,,,,,,,,,,,,,,,,,,,,,,,,,,,,,,,,,,,,,,,,,,,,,,,,,,,,,,,,,TN,TN
fba3b198dcedf2312097e9dc1c6a57b9a25730d6,446.6,mozilla-beta,4168118,13,59f7c57850e9d10762f122855a024e51389d56e5,windows10-64-shippable-qr,True,False,,|c|o|l|d| |f|i|s|s|i|o|n| |w|e|b|r|e|n|d|e|r|,102210fe594ee9b33d82058545b1ed14f4c8206e,SpeedIndex,microsoft,True,microsoft SpeedIndex opt cold fission webrender,,6,ms,firefox,,1788035265,2023-11-06 00:47:38,1327573,,,,,,,,,,,,,,,,,,,,,,,,,,,,,,,,,,,,,,,,,,,,,,,,,,,,,,,,,,,,,TN,TN
84adf50c3d323e26c6a519a062b2417bb322ff0b,423.6,mozilla-beta,4168118,13,59f7c57850e9d10762f122855a024e51389d56e5,windows10-64-shippable-qr,True,False,,|c|o|l|d| |f|i|s|s|i|o|n| |w|e|b|r|e|n|d|e|r|,102210fe594ee9b33d82058545b1ed14f4c8206e,SpeedIndex,microsoft,True,microsoft SpeedIndex opt cold fission webrender,,6,ms,firefox,,1788391081,2023-11-06 09:16:14,1327663,,,,,,,,,,,,,,,,,,,,,,,,,,,,,,,,,,,,,,,,,,,,,,,,,,,,,,,,,,,,,TN,TN
515a8603c619c309e86df4e9288a2840561043fe,431.9,mozilla-beta,4168118,13,59f7c57850e9d10762f122855a024e51389d56e5,windows10-64-shippable-qr,True,False,,|c|o|l|d| |f|i|s|s|i|o|n| |w|e|b|r|e|n|d|e|r|,102210fe594ee9b33d82058545b1ed14f4c8206e,SpeedIndex,microsoft,True,microsoft SpeedIndex opt cold fission webrender,,6,ms,firefox,,1788774572,2023-11-06 17:07:28,1328000,,,,,,,,,,,,,,,,,,,,,,,,,,,,,,,,,,,,,,,,,,,,,,,,,,,,,,,,,,,,,TN,TN
46b44caed301798da4c8f6f69976582d1a514c7a,424.0,mozilla-beta,4168118,13,59f7c57850e9d10762f122855a024e51389d56e5,windows10-64-shippable-qr,True,False,,|c|o|l|d| |f|i|s|s|i|o|n| |w|e|b|r|e|n|d|e|r|,102210fe594ee9b33d82058545b1ed14f4c8206e,SpeedIndex,microsoft,True,microsoft SpeedIndex opt cold fission webrender,,6,ms,firefox,,1789243019,2023-11-07 09:17:03,1328381,,,,,,,,,,,,,,,,,,,,,,,,,,,,,,,,,,,,,,,,,,,,,,,,,,,,,,,,,,,,,TN,TN
34ed90e9b164d86b138e679b7d142e0974fd7816,433.5,mozilla-beta,4168118,13,59f7c57850e9d10762f122855a024e51389d56e5,windows10-64-shippable-qr,True,False,,|c|o|l|d| |f|i|s|s|i|o|n| |w|e|b|r|e|n|d|e|r|,102210fe594ee9b33d82058545b1ed14f4c8206e,SpeedIndex,microsoft,True,microsoft SpeedIndex opt cold fission webrender,,6,ms,firefox,,1789374027,2023-11-07 13:33:14,1328471,,,,,,,,,,,,,,,,,,,,,,,,,,,,,,,,,,,,,,,,,,,,,,,,,,,,,,,,,,,,,TN,TN
38f5ce2d997a124467b8065b92a79d2efa0f3827,413.6,mozilla-beta,4168118,13,59f7c57850e9d10762f122855a024e51389d56e5,windows10-64-shippable-qr,True,False,,|c|o|l|d| |f|i|s|s|i|o|n| |w|e|b|r|e|n|d|e|r|,102210fe594ee9b33d82058545b1ed14f4c8206e,SpeedIndex,microsoft,True,microsoft SpeedIndex opt cold fission webrender,,6,ms,firefox,,1789354657,2023-11-07 14:02:57,1328489,,,,,,,,,,,,,,,,,,,,,,,,,,,,,,,,,,,,,,,,,,,,,,,,,,,,,,,,,,,,,TN,TN
997eb70f590ce32a22add6eed63c87f3fdc21b14,420.3,mozilla-beta,4168118,13,59f7c57850e9d10762f122855a024e51389d56e5,windows10-64-shippable-qr,True,False,,|c|o|l|d| |f|i|s|s|i|o|n| |w|e|b|r|e|n|d|e|r|,102210fe594ee9b33d82058545b1ed14f4c8206e,SpeedIndex,microsoft,True,microsoft SpeedIndex opt cold fission webrender,,6,ms,firefox,,1789421265,2023-11-07 17:18:39,1328543,,,,,,,,,,,,,,,,,,,,,,,,,,,,,,,,,,,,,,,,,,,,,,,,,,,,,,,,,,,,,TN,TN
36f6c182a44f717167c7dcde294710b0ff59b6e0,424.8,mozilla-beta,4168118,13,59f7c57850e9d10762f122855a024e51389d56e5,windows10-64-shippable-qr,True,False,,|c|o|l|d| |f|i|s|s|i|o|n| |w|e|b|r|e|n|d|e|r|,102210fe594ee9b33d82058545b1ed14f4c8206e,SpeedIndex,microsoft,True,microsoft SpeedIndex opt cold fission webrender,,6,ms,firefox,,1789487672,2023-11-07 19:16:33,1328549,,,,,,,,,,,,,,,,,,,,,,,,,,,,,,,,,,,,,,,,,,,,,,,,,,,,,,,,,,,,,TN,TN
9405e5ab3a4a597ffdfc3fc14887fdb4554c6f8d,464.6,mozilla-beta,4168118,13,59f7c57850e9d10762f122855a024e51389d56e5,windows10-64-shippable-qr,True,False,,|c|o|l|d| |f|i|s|s|i|o|n| |w|e|b|r|e|n|d|e|r|,102210fe594ee9b33d82058545b1ed14f4c8206e,SpeedIndex,microsoft,True,microsoft SpeedIndex opt cold fission webrender,,6,ms,firefox,,1789758872,2023-11-08 01:34:51,1328839,,,,,,,,,,,,,,,,,,,,,,,,,,,,,,,,,,,,,,,,,,,,,,,,,,,,,,,,,,,,,TN,TN
e96d59e6f3e4e226bfce9975094486d29040f986,426.7,mozilla-beta,4168118,13,59f7c57850e9d10762f122855a024e51389d56e5,windows10-64-shippable-qr,True,False,,|c|o|l|d| |f|i|s|s|i|o|n| |w|e|b|r|e|n|d|e|r|,102210fe594ee9b33d82058545b1ed14f4c8206e,SpeedIndex,microsoft,True,microsoft SpeedIndex opt cold fission webrender,,6,ms,firefox,,1789794471,2023-11-08 03:37:05,1328883,,,,,,,,,,,,,,,,,,,,,,,,,,,,,,,,,,,,,,,,,,,,,,,,,,,,,,,,,,,,,TN,TN
f51aba0f79ce6370a97337d938e26b7ca57a2628,412.1,mozilla-beta,4168118,13,59f7c57850e9d10762f122855a024e51389d56e5,windows10-64-shippable-qr,True,False,,|c|o|l|d| |f|i|s|s|i|o|n| |w|e|b|r|e|n|d|e|r|,102210fe594ee9b33d82058545b1ed14f4c8206e,SpeedIndex,microsoft,True,microsoft SpeedIndex opt cold fission webrender,,6,ms,firefox,,1789817002,2023-11-08 03:58:18,1328887,,,,,,,,,,,,,,,,,,,,,,,,,,,,,,,,,,,,,,,,,,,,,,,,,,,,,,,,,,,,,TN,TN
ff455344125244fea8ba3d4d3f1c125f1d4128ef,427.4,mozilla-beta,4168118,13,59f7c57850e9d10762f122855a024e51389d56e5,windows10-64-shippable-qr,True,False,,|c|o|l|d| |f|i|s|s|i|o|n| |w|e|b|r|e|n|d|e|r|,102210fe594ee9b33d82058545b1ed14f4c8206e,SpeedIndex,microsoft,True,microsoft SpeedIndex opt cold fission webrender,,6,ms,firefox,,1789976000,2023-11-08 09:19:43,1328960,,,,,,,,,,,,,,,,,,,,,,,,,,,,,,,,,,,,,,,,,,,,,,,,,,,,,,,,,,,,,TN,TN
8b41a52794e1bbd3fba47da74ae0f35ed8e7881e,434.6,mozilla-beta,4168118,13,59f7c57850e9d10762f122855a024e51389d56e5,windows10-64-shippable-qr,True,False,,|c|o|l|d| |f|i|s|s|i|o|n| |w|e|b|r|e|n|d|e|r|,102210fe594ee9b33d82058545b1ed14f4c8206e,SpeedIndex,microsoft,True,microsoft SpeedIndex opt cold fission webrender,,6,ms,firefox,,1790262046,2023-11-08 19:02:24,1329301,,,,,,,,,,,,,,,,,,,,,,,,,,,,,,,,,,,,,,,,,,,,,,,,,,,,,,,,,,,,,TN,TN
f33d3ade665d9a85492c827858001798f824cf82,439.0,mozilla-beta,4168118,13,59f7c57850e9d10762f122855a024e51389d56e5,windows10-64-shippable-qr,True,False,,|c|o|l|d| |f|i|s|s|i|o|n| |w|e|b|r|e|n|d|e|r|,102210fe594ee9b33d82058545b1ed14f4c8206e,SpeedIndex,microsoft,True,microsoft SpeedIndex opt cold fission webrender,,6,ms,firefox,,1790288942,2023-11-08 19:22:35,1329310,,,,,,,,,,,,,,,,,,,,,,,,,,,,,,,,,,,,,,,,,,,,,,,,,,,,,,,,,,,,,TN,TN
c3cf1434c26f7cccbac13d707dcebb6f320ce8fd,432.3,mozilla-beta,4168118,13,59f7c57850e9d10762f122855a024e51389d56e5,windows10-64-shippable-qr,True,False,,|c|o|l|d| |f|i|s|s|i|o|n| |w|e|b|r|e|n|d|e|r|,102210fe594ee9b33d82058545b1ed14f4c8206e,SpeedIndex,microsoft,True,microsoft SpeedIndex opt cold fission webrender,,6,ms,firefox,,1790810310,2023-11-09 09:18:08,1329714,,,,,,,,,,,,,,,,,,,,,,,,,,,,,,,,,,,,,,,,,,,,,,,,,,,,,,,,,,,,,TN,TN
1dfb79685f27e9f11e469e5ab3e8a58fb9e58b73,435.4,mozilla-beta,4168118,13,59f7c57850e9d10762f122855a024e51389d56e5,windows10-64-shippable-qr,True,False,,|c|o|l|d| |f|i|s|s|i|o|n| |w|e|b|r|e|n|d|e|r|,102210fe594ee9b33d82058545b1ed14f4c8206e,SpeedIndex,microsoft,True,microsoft SpeedIndex opt cold fission webrender,,6,ms,firefox,,1790974109,2023-11-09 13:29:14,1329834,,,,,,,,,,,,,,,,,,,,,,,,,,,,,,,,,,,,,,,,,,,,,,,,,,,,,,,,,,,,,TN,TN
78b796c9f7f53a888614ed5392a7db7229ee834f,439.4,mozilla-beta,4168118,13,59f7c57850e9d10762f122855a024e51389d56e5,windows10-64-shippable-qr,True,False,,|c|o|l|d| |f|i|s|s|i|o|n| |w|e|b|r|e|n|d|e|r|,102210fe594ee9b33d82058545b1ed14f4c8206e,SpeedIndex,microsoft,True,microsoft SpeedIndex opt cold fission webrender,,6,ms,firefox,,1790999252,2023-11-09 13:41:54,1329838,,,,,,,,,,,,,,,,,,,,,,,,,,,,,,,,,,,,,,,,,,,,,,,,,,,,,,,,,,,,,TN,TN
03a9bf50f31d7228b355e7f9d70e29dd18babfdc,433.7,mozilla-beta,4168118,13,59f7c57850e9d10762f122855a024e51389d56e5,windows10-64-shippable-qr,True,False,,|c|o|l|d| |f|i|s|s|i|o|n| |w|e|b|r|e|n|d|e|r|,102210fe594ee9b33d82058545b1ed14f4c8206e,SpeedIndex,microsoft,True,microsoft SpeedIndex opt cold fission webrender,,6,ms,firefox,,1791036674,2023-11-09 15:05:03,1329887,,,,,,,,,,,,,,,,,,,,,,,,,,,,,,,,,,,,,,,,,,,,,,,,,,,,,,,,,,,,,TN,TN
5e9554d172fc9851c0d74bdd6990c7434c7f6cf3,436.4,mozilla-beta,4168118,13,59f7c57850e9d10762f122855a024e51389d56e5,windows10-64-shippable-qr,True,False,,|c|o|l|d| |f|i|s|s|i|o|n| |w|e|b|r|e|n|d|e|r|,102210fe594ee9b33d82058545b1ed14f4c8206e,SpeedIndex,microsoft,True,microsoft SpeedIndex opt cold fission webrender,,6,ms,firefox,,1791095568,2023-11-09 16:40:47,1329939,,,,,,,,,,,,,,,,,,,,,,,,,,,,,,,,,,,,,,,,,,,,,,,,,,,,,,,,,,,,,TN,TN
38f3cd5c2a42373d39c8ec864053d206168e22dd,423.0,mozilla-beta,4168118,13,59f7c57850e9d10762f122855a024e51389d56e5,windows10-64-shippable-qr,True,False,,|c|o|l|d| |f|i|s|s|i|o|n| |w|e|b|r|e|n|d|e|r|,102210fe594ee9b33d82058545b1ed14f4c8206e,SpeedIndex,microsoft,True,microsoft SpeedIndex opt cold fission webrender,,6,ms,firefox,,1791109080,2023-11-09 17:22:31,1329961,,,,,,,,,,,,,,,,,,,,,,,,,,,,,,,,,,,,,,,,,,,,,,,,,,,,,,,,,,,,,TN,TN
b0f04f13b25453822484a6a53bc6b2b39bba4ae7,434.7,mozilla-beta,4168118,13,59f7c57850e9d10762f122855a024e51389d56e5,windows10-64-shippable-qr,True,False,,|c|o|l|d| |f|i|s|s|i|o|n| |w|e|b|r|e|n|d|e|r|,102210fe594ee9b33d82058545b1ed14f4c8206e,SpeedIndex,microsoft,True,microsoft SpeedIndex opt cold fission webrender,,6,ms,firefox,,1791162270,2023-11-09 18:22:53,1329997,,,,,,,,,,,,,,,,,,,,,,,,,,,,,,,,,,,,,,,,,,,,,,,,,,,,,,,,,,,,,TN,TN
73db5f7ddc5b694785856785df3e3d6d8c5054f5,447.6,mozilla-beta,4168118,13,59f7c57850e9d10762f122855a024e51389d56e5,windows10-64-shippable-qr,True,False,,|c|o|l|d| |f|i|s|s|i|o|n| |w|e|b|r|e|n|d|e|r|,102210fe594ee9b33d82058545b1ed14f4c8206e,SpeedIndex,microsoft,True,microsoft SpeedIndex opt cold fission webrender,,6,ms,firefox,,1791250021,2023-11-09 20:58:42,1330116,,,,,,,,,,,,,,,,,,,,,,,,,,,,,,,,,,,,,,,,,,,,,,,,,,,,,,,,,,,,,TN,TN
4033da50913992a740487deb43a255f0ad27ca9d,442.4,mozilla-beta,4168118,13,59f7c57850e9d10762f122855a024e51389d56e5,windows10-64-shippable-qr,True,False,,|c|o|l|d| |f|i|s|s|i|o|n| |w|e|b|r|e|n|d|e|r|,102210fe594ee9b33d82058545b1ed14f4c8206e,SpeedIndex,microsoft,True,microsoft SpeedIndex opt cold fission webrender,,6,ms,firefox,,1791304249,2023-11-09 21:16:58,1330119,,,,,,,,,,,,,,,,,,,,,,,,,,,,,,,,,,,,,,,,,,,,,,,,,,,,,,,,,,,,,TN,TN
05cb865cacd6b9585e3049124f490cf19705d380,465.7,mozilla-beta,4168118,13,59f7c57850e9d10762f122855a024e51389d56e5,windows10-64-shippable-qr,True,False,,|c|o|l|d| |f|i|s|s|i|o|n| |w|e|b|r|e|n|d|e|r|,102210fe594ee9b33d82058545b1ed14f4c8206e,SpeedIndex,microsoft,True,microsoft SpeedIndex opt cold fission webrender,,6,ms,firefox,,1791505396,2023-11-09 23:34:01,1330175,,,,,,,,,,,,,,,,,,,,,,,,,,,,,,,,,,,,,,,,,,,,,,,,,,,,,,,,,,,,,TN,TN
c235e860ed91d38314fe1dbcf2ecdd2db91b9bb9,449.6,mozilla-beta,4168118,13,59f7c57850e9d10762f122855a024e51389d56e5,windows10-64-shippable-qr,True,False,,|c|o|l|d| |f|i|s|s|i|o|n| |w|e|b|r|e|n|d|e|r|,102210fe594ee9b33d82058545b1ed14f4c8206e,SpeedIndex,microsoft,True,microsoft SpeedIndex opt cold fission webrender,,6,ms,firefox,,1791551950,2023-11-10 03:58:58,1330254,,,,,,,,,,,,,,,,,,,,,,,,,,,,,,,,,,,,,,,,,,,,,,,,,,,,,,,,,,,,,TN,TN
c9cafe13464891df5979172a1cea00ceb1c89615,433.9,mozilla-beta,4168118,13,59f7c57850e9d10762f122855a024e51389d56e5,windows10-64-shippable-qr,True,False,,|c|o|l|d| |f|i|s|s|i|o|n| |w|e|b|r|e|n|d|e|r|,102210fe594ee9b33d82058545b1ed14f4c8206e,SpeedIndex,microsoft,True,microsoft SpeedIndex opt cold fission webrender,,6,ms,firefox,,1791753821,2023-11-10 08:26:24,1330300,,,,,,,,,,,,,,,,,,,,,,,,,,,,,,,,,,,,,,,,,,,,,,,,,,,,,,,,,,,,,TN,TN
79c92eeab276a93d9b1d5cc754e2bb395e76ebf3,423.9,mozilla-beta,4168118,13,59f7c57850e9d10762f122855a024e51389d56e5,windows10-64-shippable-qr,True,False,,|c|o|l|d| |f|i|s|s|i|o|n| |w|e|b|r|e|n|d|e|r|,102210fe594ee9b33d82058545b1ed14f4c8206e,SpeedIndex,microsoft,True,microsoft SpeedIndex opt cold fission webrender,,6,ms,firefox,,1791733153,2023-11-10 09:17:50,1330325,,,,,,,,,,,,,,,,,,,,,,,,,,,,,,,,,,,,,,,,,,,,,,,,,,,,,,,,,,,,,TN,TN
833ba8fe101b84f0d4e7dbe07363af1f91c20b18,423.8,mozilla-beta,4168118,13,59f7c57850e9d10762f122855a024e51389d56e5,windows10-64-shippable-qr,True,False,,|c|o|l|d| |f|i|s|s|i|o|n| |w|e|b|r|e|n|d|e|r|,102210fe594ee9b33d82058545b1ed14f4c8206e,SpeedIndex,microsoft,True,microsoft SpeedIndex opt cold fission webrender,,6,ms,firefox,,1792375217,2023-11-11 09:17:06,1330685,,,,,,,,,,,,,,,,,,,,,,,,,,,,,,,,,,,,,,,,,,,,,,,,,,,,,,,,,,,,,TN,TN
a1334e8e601add3495509f96d677cff89b4693b1,420.8,mozilla-beta,4168118,13,59f7c57850e9d10762f122855a024e51389d56e5,windows10-64-shippable-qr,True,False,,|c|o|l|d| |f|i|s|s|i|o|n| |w|e|b|r|e|n|d|e|r|,102210fe594ee9b33d82058545b1ed14f4c8206e,SpeedIndex,microsoft,True,microsoft SpeedIndex opt cold fission webrender,,6,ms,firefox,,1792819809,2023-11-12 09:16:19,1330777,,,,,,,,,,,,,,,,,,,,,,,,,,,,,,,,,,,,,,,,,,,,,,,,,,,,,,,,,,,,,TN,TN
39694175bf62c4c07f2001ab520f7e410eec192b,422.0,mozilla-beta,4168118,13,59f7c57850e9d10762f122855a024e51389d56e5,windows10-64-shippable-qr,True,False,,|c|o|l|d| |f|i|s|s|i|o|n| |w|e|b|r|e|n|d|e|r|,102210fe594ee9b33d82058545b1ed14f4c8206e,SpeedIndex,microsoft,True,microsoft SpeedIndex opt cold fission webrender,,6,ms,firefox,,1793162572,2023-11-13 09:20:35,1330927,,,,,,,,,,,,,,,,,,,,,,,,,,,,,,,,,,,,,,,,,,,,,,,,,,,,,,,,,,,,,TN,TN
e2b2510f97612093f381ee1f4220e71ff949d845,421.3,mozilla-beta,4168118,13,59f7c57850e9d10762f122855a024e51389d56e5,windows10-64-shippable-qr,True,False,,|c|o|l|d| |f|i|s|s|i|o|n| |w|e|b|r|e|n|d|e|r|,102210fe594ee9b33d82058545b1ed14f4c8206e,SpeedIndex,microsoft,True,microsoft SpeedIndex opt cold fission webrender,,6,ms,firefox,,1793383137,2023-11-13 14:12:00,1331051,,,,,,,,,,,,,,,,,,,,,,,,,,,,,,,,,,,,,,,,,,,,,,,,,,,,,,,,,,,,,TN,TN
d6c8c84a26388612d432fd27aadcc8cdc1bc4e07,398.9,mozilla-beta,4168118,13,59f7c57850e9d10762f122855a024e51389d56e5,windows10-64-shippable-qr,True,False,,|c|o|l|d| |f|i|s|s|i|o|n| |w|e|b|r|e|n|d|e|r|,102210fe594ee9b33d82058545b1ed14f4c8206e,SpeedIndex,microsoft,True,microsoft SpeedIndex opt cold fission webrender,,6,ms,firefox,,1797262151,2023-11-20 15:49:37,1334745,,,,,,,,,,,,,,,,,,,,,,,,,,,,,,,,,,,,,,,,,,,,,,,,,,,,,,,,,,,,,TN,TN
7c525212b0a40c1f9ca40c7a7dd04825767c444c,387.6,mozilla-beta,4168118,13,59f7c57850e9d10762f122855a024e51389d56e5,windows10-64-shippable-qr,True,False,,|c|o|l|d| |f|i|s|s|i|o|n| |w|e|b|r|e|n|d|e|r|,102210fe594ee9b33d82058545b1ed14f4c8206e,SpeedIndex,microsoft,True,microsoft SpeedIndex opt cold fission webrender,,6,ms,firefox,,1797829003,2023-11-21 09:16:19,1335327,,,,,,,,,,,,,,,,,,,,,,,,,,,,,,,,,,,,,,,,,,,,,,,,,,,,,,,,,,,,,TN,TN
f2fa5dbe8e76996e929aebba1ccfe170e0a231ed,388.5,mozilla-beta,4168118,13,59f7c57850e9d10762f122855a024e51389d56e5,windows10-64-shippable-qr,True,False,,|c|o|l|d| |f|i|s|s|i|o|n| |w|e|b|r|e|n|d|e|r|,102210fe594ee9b33d82058545b1ed14f4c8206e,SpeedIndex,microsoft,True,microsoft SpeedIndex opt cold fission webrender,,6,ms,firefox,,1798092653,2023-11-21 15:08:03,1335577,,,,,,,,,,,,,,,,,,,,,,,,,,,,,,,,,,,,,,,,,,,,,,,,,,,,,,,,,,,,,TN,TN
e86366dbad4958dc3a70d6f76351ede9d78dbca4,394.7,mozilla-beta,4168118,13,59f7c57850e9d10762f122855a024e51389d56e5,windows10-64-shippable-qr,True,False,,|c|o|l|d| |f|i|s|s|i|o|n| |w|e|b|r|e|n|d|e|r|,102210fe594ee9b33d82058545b1ed14f4c8206e,SpeedIndex,microsoft,True,microsoft SpeedIndex opt cold fission webrender,,6,ms,firefox,,1798036650,2023-11-21 15:10:55,1335580,,,,,,,,,,,,,,,,,,,,,,,,,,,,,,,,,,,,,,,,,,,,,,,,,,,,,,,,,,,,,TN,TN
ae7ec6bbf12f4bf101eb93a4eec56237e2c94711,399.5,mozilla-beta,4168118,13,59f7c57850e9d10762f122855a024e51389d56e5,windows10-64-shippable-qr,True,False,,|c|o|l|d| |f|i|s|s|i|o|n| |w|e|b|r|e|n|d|e|r|,102210fe594ee9b33d82058545b1ed14f4c8206e,SpeedIndex,microsoft,True,microsoft SpeedIndex opt cold fission webrender,,6,ms,firefox,,1798096718,2023-11-21 15:26:40,1335594,,,,,,,,,,,,,,,,,,,,,,,,,,,,,,,,,,,,,,,,,,,,,,,,,,,,,,,,,,,,,TN,TN
850029a700cfcd62c70e1153778fcac0c0accbd5,406.7,mozilla-beta,4168118,13,59f7c57850e9d10762f122855a024e51389d56e5,windows10-64-shippable-qr,True,False,,|c|o|l|d| |f|i|s|s|i|o|n| |w|e|b|r|e|n|d|e|r|,102210fe594ee9b33d82058545b1ed14f4c8206e,SpeedIndex,microsoft,True,microsoft SpeedIndex opt cold fission webrender,,6,ms,firefox,,1798644823,2023-11-22 09:19:04,1336139,,,,,,,,,,,,,,,,,,,,,,,,,,,,,,,,,,,,,,,,,,,,,,,,,,,,,,,,,,,,,TN,TN
14a07890399d7fede9ff72d30f69469e83896f21,406.9,mozilla-beta,4168118,13,59f7c57850e9d10762f122855a024e51389d56e5,windows10-64-shippable-qr,True,False,,|c|o|l|d| |f|i|s|s|i|o|n| |w|e|b|r|e|n|d|e|r|,102210fe594ee9b33d82058545b1ed14f4c8206e,SpeedIndex,microsoft,True,microsoft SpeedIndex opt cold fission webrender,,6,ms,firefox,,1799046389,2023-11-22 19:21:33,1336564,,,,,,,,,,,,,,,,,,,,,,,,,,,,,,,,,,,,,,,,,,,,,,,,,,,,,,,,,,,,,TN,TN
40509a3a99ddbed1f837b0a394d68ba95dc592ae,391.2,mozilla-beta,4168118,13,59f7c57850e9d10762f122855a024e51389d56e5,windows10-64-shippable-qr,True,False,,|c|o|l|d| |f|i|s|s|i|o|n| |w|e|b|r|e|n|d|e|r|,102210fe594ee9b33d82058545b1ed14f4c8206e,SpeedIndex,microsoft,True,microsoft SpeedIndex opt cold fission webrender,,6,ms,firefox,,1799100784,2023-11-22 20:38:02,1336613,,,,,,,,,,,,,,,,,,,,,,,,,,,,,,,,,,,,,,,,,,,,,,,,,,,,,,,,,,,,,TN,TN
2e013f4ee88a4fb15ea4f5f8a438541d18bf8c4f,379.0,mozilla-beta,4168118,13,59f7c57850e9d10762f122855a024e51389d56e5,windows10-64-shippable-qr,True,False,,|c|o|l|d| |f|i|s|s|i|o|n| |w|e|b|r|e|n|d|e|r|,102210fe594ee9b33d82058545b1ed14f4c8206e,SpeedIndex,microsoft,True,microsoft SpeedIndex opt cold fission webrender,,6,ms,firefox,,1799563320,2023-11-23 09:18:18,1336824,,,,,,,,,,,,,,,,,,,,,,,,,,,,,,,,,,,,,,,,,,,,,,,,,,,,,,,,,,,,,TN,TN
e2d0a18759309d8d69b72e5fc1f26d7570df19e9,392.9,mozilla-beta,4168118,13,59f7c57850e9d10762f122855a024e51389d56e5,windows10-64-shippable-qr,True,False,,|c|o|l|d| |f|i|s|s|i|o|n| |w|e|b|r|e|n|d|e|r|,102210fe594ee9b33d82058545b1ed14f4c8206e,SpeedIndex,microsoft,True,microsoft SpeedIndex opt cold fission webrender,,6,ms,firefox,,1799829056,2023-11-23 15:17:32,1337048,,,,,,,,,,,,,,,,,,,,,,,,,,,,,,,,,,,,,,,,,,,,,,,,,,,,,,,,,,,,,TN,TN
f5ed817bca36dcf683dcbf037a3122509c21e33c,398.3,mozilla-beta,4168118,13,59f7c57850e9d10762f122855a024e51389d56e5,windows10-64-shippable-qr,True,False,,|c|o|l|d| |f|i|s|s|i|o|n| |w|e|b|r|e|n|d|e|r|,102210fe594ee9b33d82058545b1ed14f4c8206e,SpeedIndex,microsoft,True,microsoft SpeedIndex opt cold fission webrender,,6,ms,firefox,,1799883710,2023-11-23 16:48:11,1337100,,,,,,,,,,,,,,,,,,,,,,,,,,,,,,,,,,,,,,,,,,,,,,,,,,,,,,,,,,,,,TN,TN
0ebfc2cc8b6ff18c0e37d80523ea5eb997c7d5e1,390.7,mozilla-beta,4168118,13,59f7c57850e9d10762f122855a024e51389d56e5,windows10-64-shippable-qr,True,False,,|c|o|l|d| |f|i|s|s|i|o|n| |w|e|b|r|e|n|d|e|r|,102210fe594ee9b33d82058545b1ed14f4c8206e,SpeedIndex,microsoft,True,microsoft SpeedIndex opt cold fission webrender,,6,ms,firefox,,1799962186,2023-11-23 18:38:27,1337195,,,,,,,,,,,,,,,,,,,,,,,,,,,,,,,,,,,,,,,,,,,,,,,,,,,,,,,,,,,,,TN,TN
f5b525d6b641f9bf120912b729d84800fed945e4,384.7,mozilla-beta,4168118,13,59f7c57850e9d10762f122855a024e51389d56e5,windows10-64-shippable-qr,True,False,,|c|o|l|d| |f|i|s|s|i|o|n| |w|e|b|r|e|n|d|e|r|,102210fe594ee9b33d82058545b1ed14f4c8206e,SpeedIndex,microsoft,True,microsoft SpeedIndex opt cold fission webrender,,6,ms,firefox,,1799926643,2023-11-23 19:14:24,1337218,,,,,,,,,,,,,,,,,,,,,,,,,,,,,,,,,,,,,,,,,,,,,,,,,,,,,,,,,,,,,TN,TN
63e4626951c04bbd1987f0e48b03e96cb2af7457,388.5,mozilla-beta,4168118,13,59f7c57850e9d10762f122855a024e51389d56e5,windows10-64-shippable-qr,True,False,,|c|o|l|d| |f|i|s|s|i|o|n| |w|e|b|r|e|n|d|e|r|,102210fe594ee9b33d82058545b1ed14f4c8206e,SpeedIndex,microsoft,True,microsoft SpeedIndex opt cold fission webrender,,6,ms,firefox,,1799979447,2023-11-23 19:59:59,1337233,,,,,,,,,,,,,,,,,,,,,,,,,,,,,,,,,,,,,,,,,,,,,,,,,,,,,,,,,,,,,TN,TN
97f726c68ad098e3376af09d49d8e89361b016a6,398.0,mozilla-beta,4168118,13,59f7c57850e9d10762f122855a024e51389d56e5,windows10-64-shippable-qr,True,False,,|c|o|l|d| |f|i|s|s|i|o|n| |w|e|b|r|e|n|d|e|r|,102210fe594ee9b33d82058545b1ed14f4c8206e,SpeedIndex,microsoft,True,microsoft SpeedIndex opt cold fission webrender,,6,ms,firefox,,1800321771,2023-11-24 09:15:12,1337432,,,,,,,,,,,,,,,,,,,,,,,,,,,,,,,,,,,,,,,,,,,,,,,,,,,,,,,,,,,,,TN,TN
1a3e4add92e41944bafb12b17fa66335af9af3a8,392.0,mozilla-beta,4168118,13,59f7c57850e9d10762f122855a024e51389d56e5,windows10-64-shippable-qr,True,False,,|c|o|l|d| |f|i|s|s|i|o|n| |w|e|b|r|e|n|d|e|r|,102210fe594ee9b33d82058545b1ed14f4c8206e,SpeedIndex,microsoft,True,microsoft SpeedIndex opt cold fission webrender,,6,ms,firefox,,1800553660,2023-11-24 16:49:36,1337659,,,,,,,,,,,,,,,,,,,,,,,,,,,,,,,,,,,,,,,,,,,,,,,,,,,,,,,,,,,,,TN,TN
6d0a62974b9b656be959cbc5c28072dba236c9a1,396.2,mozilla-beta,4168118,13,59f7c57850e9d10762f122855a024e51389d56e5,windows10-64-shippable-qr,True,False,,|c|o|l|d| |f|i|s|s|i|o|n| |w|e|b|r|e|n|d|e|r|,102210fe594ee9b33d82058545b1ed14f4c8206e,SpeedIndex,microsoft,True,microsoft SpeedIndex opt cold fission webrender,,6,ms,firefox,,1800603434,2023-11-24 19:26:24,1337720,,,,,,,,,,,,,,,,,,,,,,,,,,,,,,,,,,,,,,,,,,,,,,,,,,,,,,,,,,,,,TN,TN
7bb0d2c11841a1ee47bcd3d93a7930c8e870cf38,397.2,mozilla-beta,4168118,13,59f7c57850e9d10762f122855a024e51389d56e5,windows10-64-shippable-qr,True,False,,|c|o|l|d| |f|i|s|s|i|o|n| |w|e|b|r|e|n|d|e|r|,102210fe594ee9b33d82058545b1ed14f4c8206e,SpeedIndex,microsoft,True,microsoft SpeedIndex opt cold fission webrender,,6,ms,firefox,,1800818912,2023-11-25 09:17:02,1337839,,,,,,,,,,,,,,,,,,,,,,,,,,,,,,,,,,,,,,,,,,,,,,,,,,,,,,,,,,,,,TN,TN
2dab338879f00d7e06ba1d26794b0c47fe241084,388.0,mozilla-beta,4168118,13,59f7c57850e9d10762f122855a024e51389d56e5,windows10-64-shippable-qr,True,False,,|c|o|l|d| |f|i|s|s|i|o|n| |w|e|b|r|e|n|d|e|r|,102210fe594ee9b33d82058545b1ed14f4c8206e,SpeedIndex,microsoft,True,microsoft SpeedIndex opt cold fission webrender,,6,ms,firefox,,1800881524,2023-11-25 14:39:21,1337868,,,,,,,,,,,,,,,,,,,,,,,,,,,,,,,,,,,,,,,,,,,,,,,,,,,,,,,,,,,,,TN,TN
27f764d7fcefdc9fd2f61cdca2aa5fc58a71f4c3,386.8,mozilla-beta,4168118,13,59f7c57850e9d10762f122855a024e51389d56e5,windows10-64-shippable-qr,True,False,,|c|o|l|d| |f|i|s|s|i|o|n| |w|e|b|r|e|n|d|e|r|,102210fe594ee9b33d82058545b1ed14f4c8206e,SpeedIndex,microsoft,True,microsoft SpeedIndex opt cold fission webrender,,6,ms,firefox,,1800978497,2023-11-26 09:14:56,1337923,,,,,,,,,,,,,,,,,,,,,,,,,,,,,,,,,,,,,,,,,,,,,,,,,,,,,,,,,,,,,TN,TN
6731f3f1d5fbe50d8ef2db31b54734d886c575d9,395.1,mozilla-beta,4168118,13,59f7c57850e9d10762f122855a024e51389d56e5,windows10-64-shippable-qr,True,False,,|c|o|l|d| |f|i|s|s|i|o|n| |w|e|b|r|e|n|d|e|r|,102210fe594ee9b33d82058545b1ed14f4c8206e,SpeedIndex,microsoft,True,microsoft SpeedIndex opt cold fission webrender,,6,ms,firefox,,1801064283,2023-11-26 19:05:04,1337952,,,,,,,,,,,,,,,,,,,,,,,,,,,,,,,,,,,,,,,,,,,,,,,,,,,,,,,,,,,,,TN,TN
30ce6d1c901acbf2c75595616796c67a117d0e89,387.5,mozilla-beta,4168118,13,59f7c57850e9d10762f122855a024e51389d56e5,windows10-64-shippable-qr,True,False,,|c|o|l|d| |f|i|s|s|i|o|n| |w|e|b|r|e|n|d|e|r|,102210fe594ee9b33d82058545b1ed14f4c8206e,SpeedIndex,microsoft,True,microsoft SpeedIndex opt cold fission webrender,,6,ms,firefox,,1801080836,2023-11-26 19:58:34,1337957,,,,,,,,,,,,,,,,,,,,,,,,,,,,,,,,,,,,,,,,,,,,,,,,,,,,,,,,,,,,,TN,TN
6d4d6a99b1a66f36129039e40dd79f37e4f86f8f,389.8,mozilla-beta,4168118,13,59f7c57850e9d10762f122855a024e51389d56e5,windows10-64-shippable-qr,True,False,,|c|o|l|d| |f|i|s|s|i|o|n| |w|e|b|r|e|n|d|e|r|,102210fe594ee9b33d82058545b1ed14f4c8206e,SpeedIndex,microsoft,True,microsoft SpeedIndex opt cold fission webrender,,6,ms,firefox,,1801309244,2023-11-27 09:17:58,1338056,,,,,,,,,,,,,,,,,,,,,,,,,,,,,,,,,,,,,,,,,,,,,,,,,,,,,,,,,,,,,TN,TN
22785f6abc940d353708807dbadc7ca1899f9be4,402.0,mozilla-beta,4168118,13,59f7c57850e9d10762f122855a024e51389d56e5,windows10-64-shippable-qr,True,False,,|c|o|l|d| |f|i|s|s|i|o|n| |w|e|b|r|e|n|d|e|r|,102210fe594ee9b33d82058545b1ed14f4c8206e,SpeedIndex,microsoft,True,microsoft SpeedIndex opt cold fission webrender,,6,ms,firefox,,1801570731,2023-11-27 17:32:57,1338393,,,,,,,,,,,,,,,,,,,,,,,,,,,,,,,,,,,,,,,,,,,,,,,,,,,,,,,,,,,,,TN,TN
155655e47125a4651f979dd526be3225c2d0b362,398.6,mozilla-beta,4168118,13,59f7c57850e9d10762f122855a024e51389d56e5,windows10-64-shippable-qr,True,False,,|c|o|l|d| |f|i|s|s|i|o|n| |w|e|b|r|e|n|d|e|r|,102210fe594ee9b33d82058545b1ed14f4c8206e,SpeedIndex,microsoft,True,microsoft SpeedIndex opt cold fission webrender,,6,ms,firefox,,1801765924,2023-11-27 22:16:43,1338584,,,,,,,,,,,,,,,,,,,,,,,,,,,,,,,,,,,,,,,,,,,,,,,,,,,,,,,,,,,,,TN,TN
d33d3f4a57d58a0f7e5e713c6743fea942f723c5,389.5,mozilla-beta,4168118,13,59f7c57850e9d10762f122855a024e51389d56e5,windows10-64-shippable-qr,True,False,,|c|o|l|d| |f|i|s|s|i|o|n| |w|e|b|r|e|n|d|e|r|,102210fe594ee9b33d82058545b1ed14f4c8206e,SpeedIndex,microsoft,True,microsoft SpeedIndex opt cold fission webrender,,6,ms,firefox,,1801753106,2023-11-27 22:27:53,1338597,,,,,,,,,,,,,,,,,,,,,,,,,,,,,,,,,,,,,,,,,,,,,,,,,,,,,,,,,,,,,TN,TN
17705099714d6adc36e2222e53c5627edbc9d656,388.6,mozilla-beta,4168118,13,59f7c57850e9d10762f122855a024e51389d56e5,windows10-64-shippable-qr,True,False,,|c|o|l|d| |f|i|s|s|i|o|n| |w|e|b|r|e|n|d|e|r|,102210fe594ee9b33d82058545b1ed14f4c8206e,SpeedIndex,microsoft,True,microsoft SpeedIndex opt cold fission webrender,,6,ms,firefox,,1802038122,2023-11-28 09:16:16,1338880,,,,,,,,,,,,,,,,,,,,,,,,,,,,,,,,,,,,,,,,,,,,,,,,,,,,,,,,,,,,,TN,TN
267e2c2143d0e7732e12ee912c982da08ed3cfb3,391.5,mozilla-beta,4168118,13,59f7c57850e9d10762f122855a024e51389d56e5,windows10-64-shippable-qr,True,False,,|c|o|l|d| |f|i|s|s|i|o|n| |w|e|b|r|e|n|d|e|r|,102210fe594ee9b33d82058545b1ed14f4c8206e,SpeedIndex,microsoft,True,microsoft SpeedIndex opt cold fission webrender,,6,ms,firefox,,1802165473,2023-11-28 14:06:18,1339040,,,,,,,,,,,,,,,,,,,,,,,,,,,,,,,,,,,,,,,,,,,,,,,,,,,,,,,,,,,,,TN,TN
5ece1826f540e2d1024b784ca24bd0a9ab803d88,397.3,mozilla-beta,4168118,13,59f7c57850e9d10762f122855a024e51389d56e5,windows10-64-shippable-qr,True,False,,|c|o|l|d| |f|i|s|s|i|o|n| |w|e|b|r|e|n|d|e|r|,102210fe594ee9b33d82058545b1ed14f4c8206e,SpeedIndex,microsoft,True,microsoft SpeedIndex opt cold fission webrender,,6,ms,firefox,,1802347978,2023-11-28 18:01:37,1339207,,,,,,,,,,,,,,,,,,,,,,,,,,,,,,,,,,,,,,,,,,,,,,,,,,,,,,,,,,,,,TN,TN
5b886155d8f15f2a6b77a369aa6bd34f271b5179,401.6,mozilla-beta,4168118,13,59f7c57850e9d10762f122855a024e51389d56e5,windows10-64-shippable-qr,True,False,,|c|o|l|d| |f|i|s|s|i|o|n| |w|e|b|r|e|n|d|e|r|,102210fe594ee9b33d82058545b1ed14f4c8206e,SpeedIndex,microsoft,True,microsoft SpeedIndex opt cold fission webrender,,6,ms,firefox,,1802429462,2023-11-28 18:56:38,1339250,,,,,,,,,,,,,,,,,,,,,,,,,,,,,,,,,,,,,,,,,,,,,,,,,,,,,,,,,,,,,TN,TN
54bded7d814a16ec819b55ed9dabee819a5ab3d7,396.7,mozilla-beta,4168118,13,59f7c57850e9d10762f122855a024e51389d56e5,windows10-64-shippable-qr,True,False,,|c|o|l|d| |f|i|s|s|i|o|n| |w|e|b|r|e|n|d|e|r|,102210fe594ee9b33d82058545b1ed14f4c8206e,SpeedIndex,microsoft,True,microsoft SpeedIndex opt cold fission webrender,,6,ms,firefox,,1802597632,2023-11-29 01:18:21,1339512,,,,,,,,,,,,,,,,,,,,,,,,,,,,,,,,,,,,,,,,,,,,,,,,,,,,,,,,,,,,,TN,TN
deb04a41bcf2831f1f022865506bed3889189890,395.3,mozilla-beta,4168118,13,59f7c57850e9d10762f122855a024e51389d56e5,windows10-64-shippable-qr,True,False,,|c|o|l|d| |f|i|s|s|i|o|n| |w|e|b|r|e|n|d|e|r|,102210fe594ee9b33d82058545b1ed14f4c8206e,SpeedIndex,microsoft,True,microsoft SpeedIndex opt cold fission webrender,,6,ms,firefox,,1802728887,2023-11-29 06:49:04,1339621,,,,,,,,,,,,,,,,,,,,,,,,,,,,,,,,,,,,,,,,,,,,,,,,,,,,,,,,,,,,,TN,TN
dea294d4ae5a1a40f6bfd6e29b7d07fe56b7f472,403.5,mozilla-beta,4168118,13,59f7c57850e9d10762f122855a024e51389d56e5,windows10-64-shippable-qr,True,False,,|c|o|l|d| |f|i|s|s|i|o|n| |w|e|b|r|e|n|d|e|r|,102210fe594ee9b33d82058545b1ed14f4c8206e,SpeedIndex,microsoft,True,microsoft SpeedIndex opt cold fission webrender,,6,ms,firefox,,1802825751,2023-11-29 09:18:15,1339673,,,,,,,,,,,,,,,,,,,,,,,,,,,,,,,,,,,,,,,,,,,,,,,,,,,,,,,,,,,,,TN,TN
e98d3fec31d0b40a3913c13b0ee47cefb4d1e59e,388.0,mozilla-beta,4168118,13,59f7c57850e9d10762f122855a024e51389d56e5,windows10-64-shippable-qr,True,False,,|c|o|l|d| |f|i|s|s|i|o|n| |w|e|b|r|e|n|d|e|r|,102210fe594ee9b33d82058545b1ed14f4c8206e,SpeedIndex,microsoft,True,microsoft SpeedIndex opt cold fission webrender,,6,ms,firefox,,1803123443,2023-11-29 18:19:02,1339978,,,,,,,,,,,,,,,,,,,,,,,,,,,,,,,,,,,,,,,,,,,,,,,,,,,,,,,,,,,,,TN,TN
7f11f5cf2f8ef7fb54eea8d499ae7df1097763cc,395.4,mozilla-beta,4168118,13,59f7c57850e9d10762f122855a024e51389d56e5,windows10-64-shippable-qr,True,False,,|c|o|l|d| |f|i|s|s|i|o|n| |w|e|b|r|e|n|d|e|r|,102210fe594ee9b33d82058545b1ed14f4c8206e,SpeedIndex,microsoft,True,microsoft SpeedIndex opt cold fission webrender,,6,ms,firefox,,1803144058,2023-11-29 19:19:47,1340032,,,,,,,,,,,,,,,,,,,,,,,,,,,,,,,,,,,,,,,,,,,,,,,,,,,,,,,,,,,,,TN,TN
ca8ce1830705b459fc5202429667589f2934b17c,393.2,mozilla-beta,4168118,13,59f7c57850e9d10762f122855a024e51389d56e5,windows10-64-shippable-qr,True,False,,|c|o|l|d| |f|i|s|s|i|o|n| |w|e|b|r|e|n|d|e|r|,102210fe594ee9b33d82058545b1ed14f4c8206e,SpeedIndex,microsoft,True,microsoft SpeedIndex opt cold fission webrender,,6,ms,firefox,,1803271145,2023-11-29 22:50:54,1340165,,,,,,,,,,,,,,,,,,,,,,,,,,,,,,,,,,,,,,,,,,,,,,,,,,,,,,,,,,,,,TN,TN
5974796cd9cd088eb58006e6594138d3bc8e7d39,386.8,mozilla-beta,4168118,13,59f7c57850e9d10762f122855a024e51389d56e5,windows10-64-shippable-qr,True,False,,|c|o|l|d| |f|i|s|s|i|o|n| |w|e|b|r|e|n|d|e|r|,102210fe594ee9b33d82058545b1ed14f4c8206e,SpeedIndex,microsoft,True,microsoft SpeedIndex opt cold fission webrender,,6,ms,firefox,,1803568037,2023-11-30 09:17:04,1340410,,,,,,,,,,,,,,,,,,,,,,,,,,,,,,,,,,,,,,,,,,,,,,,,,,,,,,,,,,,,,TN,TN
20d769c8e7c11b7510e1eaed3d456b930cf6ea46,399.8,mozilla-beta,4168118,13,59f7c57850e9d10762f122855a024e51389d56e5,windows10-64-shippable-qr,True,False,,|c|o|l|d| |f|i|s|s|i|o|n| |w|e|b|r|e|n|d|e|r|,102210fe594ee9b33d82058545b1ed14f4c8206e,SpeedIndex,microsoft,True,microsoft SpeedIndex opt cold fission webrender,,6,ms,firefox,,1803793523,2023-11-30 16:11:24,1340661,,,,,,,,,,,,,,,,,,,,,,,,,,,,,,,,,,,,,,,,,,,,,,,,,,,,,,,,,,,,,TN,TN
c1852b5f0fd3cae3ab6e22effca4d9f2689aeeeb,389.2,mozilla-beta,4168118,13,59f7c57850e9d10762f122855a024e51389d56e5,windows10-64-shippable-qr,True,False,,|c|o|l|d| |f|i|s|s|i|o|n| |w|e|b|r|e|n|d|e|r|,102210fe594ee9b33d82058545b1ed14f4c8206e,SpeedIndex,microsoft,True,microsoft SpeedIndex opt cold fission webrender,,6,ms,firefox,,1803828335,2023-11-30 16:34:04,1340692,,,,,,,,,,,,,,,,,,,,,,,,,,,,,,,,,,,,,,,,,,,,,,,,,,,,,,,,,,,,,TN,TN
bc9f83635d02d18d06ea0e35565f7bb49b2c7608,392.2,mozilla-beta,4168118,13,59f7c57850e9d10762f122855a024e51389d56e5,windows10-64-shippable-qr,True,False,,|c|o|l|d| |f|i|s|s|i|o|n| |w|e|b|r|e|n|d|e|r|,102210fe594ee9b33d82058545b1ed14f4c8206e,SpeedIndex,microsoft,True,microsoft SpeedIndex opt cold fission webrender,,6,ms,firefox,,1803881311,2023-11-30 16:43:33,1340700,,,,,,,,,,,,,,,,,,,,,,,,,,,,,,,,,,,,,,,,,,,,,,,,,,,,,,,,,,,,,TN,TN
5df38003afc947e7f0932dd9984f2e4d57e9a685,394.4,mozilla-beta,4168118,13,59f7c57850e9d10762f122855a024e51389d56e5,windows10-64-shippable-qr,True,False,,|c|o|l|d| |f|i|s|s|i|o|n| |w|e|b|r|e|n|d|e|r|,102210fe594ee9b33d82058545b1ed14f4c8206e,SpeedIndex,microsoft,True,microsoft SpeedIndex opt cold fission webrender,,6,ms,firefox,,1803910468,2023-11-30 18:34:41,1340791,,,,,,,,,,,,,,,,,,,,,,,,,,,,,,,,,,,,,,,,,,,,,,,,,,,,,,,,,,,,,TN,TN
8e00ed90450f29ee0286348a831fc0980397f8e7,391.075,mozilla-beta,4168118,13,59f7c57850e9d10762f122855a024e51389d56e5,windows10-64-shippable-qr,True,False,,|c|o|l|d| |f|i|s|s|i|o|n| |w|e|b|r|e|n|d|e|r|,102210fe594ee9b33d82058545b1ed14f4c8206e,SpeedIndex,microsoft,True,microsoft SpeedIndex opt cold fission webrender,,6,ms,firefox,,1803961265,2023-11-30 21:01:12,1340913,,,,,,,,,,,,,,,,,,,,,,,,,,,,,,,,,,,,,,,,,,,,,,,,,,,,,,,,,,,,,TN,TN
b69108b34355f592bd1781a9a072e6816b3eb0b1,395.125,mozilla-beta,4168118,13,59f7c57850e9d10762f122855a024e51389d56e5,windows10-64-shippable-qr,True,False,,|c|o|l|d| |f|i|s|s|i|o|n| |w|e|b|r|e|n|d|e|r|,102210fe594ee9b33d82058545b1ed14f4c8206e,SpeedIndex,microsoft,True,microsoft SpeedIndex opt cold fission webrender,,6,ms,firefox,,1804078026,2023-12-01 00:27:30,1341043,,,,,,,,,,,,,,,,,,,,,,,,,,,,,,,,,,,,,,,,,,,,,,,,,,,,,,,,,,,,,TN,TN
186477afbdb47280ec0ea49732727996821b2082,390.325,mozilla-beta,4168118,13,59f7c57850e9d10762f122855a024e51389d56e5,windows10-64-shippable-qr,True,False,,|c|o|l|d| |f|i|s|s|i|o|n| |w|e|b|r|e|n|d|e|r|,102210fe594ee9b33d82058545b1ed14f4c8206e,SpeedIndex,microsoft,True,microsoft SpeedIndex opt cold fission webrender,,6,ms,firefox,,1804058085,2023-12-01 00:39:11,1341051,,,,,,,,,,,,,,,,,,,,,,,,,,,,,,,,,,,,,,,,,,,,,,,,,,,,,,,,,,,,,TN,TN
f0af2050e7b01c1d1b2b95693754359cc62706a8,387.45,mozilla-beta,4168118,13,59f7c57850e9d10762f122855a024e51389d56e5,windows10-64-shippable-qr,True,False,,|c|o|l|d| |f|i|s|s|i|o|n| |w|e|b|r|e|n|d|e|r|,102210fe594ee9b33d82058545b1ed14f4c8206e,SpeedIndex,microsoft,True,microsoft SpeedIndex opt cold fission webrender,,6,ms,firefox,,1804086823,2023-12-01 00:47:04,1341055,,,,,,,,,,,,,,,,,,,,,,,,,,,,,,,,,,,,,,,,,,,,,,,,,,,,,,,,,,,,,TN,TN
dcc730175085df9656d49fc3ee0e7db73111c6e8,389.275,mozilla-beta,4168118,13,59f7c57850e9d10762f122855a024e51389d56e5,windows10-64-shippable-qr,True,False,,|c|o|l|d| |f|i|s|s|i|o|n| |w|e|b|r|e|n|d|e|r|,102210fe594ee9b33d82058545b1ed14f4c8206e,SpeedIndex,microsoft,True,microsoft SpeedIndex opt cold fission webrender,,6,ms,firefox,,1804285702,2023-12-01 09:17:38,1341197,,,,,,,,,,,,,,,,,,,,,,,,,,,,,,,,,,,,,,,,,,,,,,,,,,,,,,,,,,,,,TN,TN
2bc4ae7ae908b8961b6b35ff1ba16dee8defca94,388.6,mozilla-beta,4168118,13,59f7c57850e9d10762f122855a024e51389d56e5,windows10-64-shippable-qr,True,False,,|c|o|l|d| |f|i|s|s|i|o|n| |w|e|b|r|e|n|d|e|r|,102210fe594ee9b33d82058545b1ed14f4c8206e,SpeedIndex,microsoft,True,microsoft SpeedIndex opt cold fission webrender,,6,ms,firefox,,1805687979,2023-12-01 13:25:05,1341359,,,,,,,,,,,,,,,,,,,,,,,,,,,,,,,,,,,,,,,,,,,,,,,,,,,,,,,,,,,,,TN,TN
1dfbc9f03666224520dcc89a0ab7fb618432aa12,383.7,mozilla-beta,4168118,13,59f7c57850e9d10762f122855a024e51389d56e5,windows10-64-shippable-qr,True,False,,|c|o|l|d| |f|i|s|s|i|o|n| |w|e|b|r|e|n|d|e|r|,102210fe594ee9b33d82058545b1ed14f4c8206e,SpeedIndex,microsoft,True,microsoft SpeedIndex opt cold fission webrender,,6,ms,firefox,,1805688537,2023-12-01 13:32:36,1341364,,,,,,,,,,,,,,,,,,,,,,,,,,,,,,,,,,,,,,,,,,,,,,,,,,,,,,,,,,,,,TN,TN
dfccead8e270a89f943469537ad75500b44f1999,386.7,mozilla-beta,4168118,13,59f7c57850e9d10762f122855a024e51389d56e5,windows10-64-shippable-qr,True,False,,|c|o|l|d| |f|i|s|s|i|o|n| |w|e|b|r|e|n|d|e|r|,102210fe594ee9b33d82058545b1ed14f4c8206e,SpeedIndex,microsoft,True,microsoft SpeedIndex opt cold fission webrender,,6,ms,firefox,,1805688062,2023-12-01 16:45:27,1341510,,,,,,,,,,,,,,,,,,,,,,,,,,,,,,,,,,,,,,,,,,,,,,,,,,,,,,,,,,,,,TN,TN
37198761b3cda298cf0efd954329ec9f315997d3,380.7,mozilla-beta,4168118,13,59f7c57850e9d10762f122855a024e51389d56e5,windows10-64-shippable-qr,True,False,,|c|o|l|d| |f|i|s|s|i|o|n| |w|e|b|r|e|n|d|e|r|,102210fe594ee9b33d82058545b1ed14f4c8206e,SpeedIndex,microsoft,True,microsoft SpeedIndex opt cold fission webrender,,6,ms,firefox,,1805688030,2023-12-01 17:00:36,1341518,,,,,,,,,,,,,,,,,,,,,,,,,,,,,,,,,,,,,,,,,,,,,,,,,,,,,,,,,,,,,TN,TN
383a7dba37fdf47229b38b1bd3e13d91524826dd,419.5,mozilla-beta,4168118,13,59f7c57850e9d10762f122855a024e51389d56e5,windows10-64-shippable-qr,True,False,,|c|o|l|d| |f|i|s|s|i|o|n| |w|e|b|r|e|n|d|e|r|,102210fe594ee9b33d82058545b1ed14f4c8206e,SpeedIndex,microsoft,True,microsoft SpeedIndex opt cold fission webrender,,6,ms,firefox,,1804522249,2023-12-01 17:19:46,1341530,422.08,mozilla-ldap/afinder@mozilla.com,dcc730175085df9656d49fc3ee0e7db73111c6e8,40533.0,6.47,early-beta-or-earlier,396.42,2023-12-04 14:19:55.442931,False,13.0,13.0,,|184930|184931|184932|184948|184949|184950|184953|184954|184955|185302|185186|185287|184938|184939|185187|185292|,,1341197.0,5.0,1341530.0,4.0,mozilla-ldap/afinder@mozilla.com,59f7c57850e9d10762f122855a024e51389d56e5,,windows10-64-shippable-qr,1867868.0,mozilla-beta,2023-12-11 11:49:02.551696,,1.0,25.65,185026.0,ms,,"(5,)",40533.0,102210fe594ee9b33d82058545b1ed14f4c8206e,,True,False,afinder@mozilla.com,"(0,)","(4,)",afinder@mozilla.com,2023-12-04 11:49:02.551696,,,SpeedIndex,OK,True,383a7dba37fdf47229b38b1bd3e13d91524826dd,,2023-12-08 15:36:48.044444,,"('[{""perf_datum_id"": 1805688062, ""value"": 386.7, ""job_id"": 438748989, ""push_id"": 1341510, ""push_timestamp"": ""2023-12-01T16:45:27"", ""push__revision"": ""dfccead8e270a89f943469537ad75500b44f1999""}, {""perf_datum_id"": 1805688030, ""value"": 380.7, ""job_id"": 438748965, ""push_id"": 1341518, ""push_timestamp"": ""2023-12-01T17:00:36"", ""push__revision"": ""37198761b3cda298cf0efd954329ec9f315997d3""}, {""perf_datum_id"": 1804522249, ""value"": 419.5, ""job_id"": 438519367, ""push_id"": 1341530, ""push_timestamp"": ""2023-12-01T17:19:46"", ""push__revision"": ""383a7dba37fdf47229b38b1bd3e13d91524826dd""}, {""perf_datum_id"": 1804533432, ""value"": 412.1, ""job_id"": 438521326, ""push_id"": 1341548, ""push_timestamp"": ""2023-12-01T17:50:39"", ""push__revision"": ""838d79d0dcef3ff65de416651b2599f57334a424""}, {""perf_datum_id"": 1804674378, ""value"": 429.6, ""job_id"": 438541714, ""push_id"": 1341681, ""push_timestamp"": ""2023-12-01T21:01:48"", ""push__revision"": ""a4b9591b34ba710765e9f09d3d4e58d21f188792""}]',)",False,"(0,)",7.94,microsoft,"cold, fission, webrender","(3,)","cold, fission, webrender",2023-12-07 11:49:02.551696,SP,TP
838d79d0dcef3ff65de416651b2599f57334a424,412.1,mozilla-beta,4168118,13,59f7c57850e9d10762f122855a024e51389d56e5,windows10-64-shippable-qr,True,False,,|c|o|l|d| |f|i|s|s|i|o|n| |w|e|b|r|e|n|d|e|r|,102210fe594ee9b33d82058545b1ed14f4c8206e,SpeedIndex,microsoft,True,microsoft SpeedIndex opt cold fission webrender,,6,ms,firefox,,1804533432,2023-12-01 17:50:39,1341548,,,,,,,,,,,,,,,,,,,,,,,,,,,,,,,,,,,,,,,,,,,,,,,,,,,,,,,,,,,,,TN,TN
a4b9591b34ba710765e9f09d3d4e58d21f188792,429.6,mozilla-beta,4168118,13,59f7c57850e9d10762f122855a024e51389d56e5,windows10-64-shippable-qr,True,False,,|c|o|l|d| |f|i|s|s|i|o|n| |w|e|b|r|e|n|d|e|r|,102210fe594ee9b33d82058545b1ed14f4c8206e,SpeedIndex,microsoft,True,microsoft SpeedIndex opt cold fission webrender,,6,ms,firefox,,1804674378,2023-12-01 21:01:48,1341681,,,,,,,,,,,,,,,,,,,,,,,,,,,,,,,,,,,,,,,,,,,,,,,,,,,,,,,,,,,,,TN,TN
138cd0d7d6566dfa59c44eff260c1bd4d7d3c240,424.6,mozilla-beta,4168118,13,59f7c57850e9d10762f122855a024e51389d56e5,windows10-64-shippable-qr,True,False,,|c|o|l|d| |f|i|s|s|i|o|n| |w|e|b|r|e|n|d|e|r|,102210fe594ee9b33d82058545b1ed14f4c8206e,SpeedIndex,microsoft,True,microsoft SpeedIndex opt cold fission webrender,,6,ms,firefox,,1804883096,2023-12-02 09:21:37,1341841,,,,,,,,,,,,,,,,,,,,,,,,,,,,,,,,,,,,,,,,,,,,,,,,,,,,,,,,,,,,,TN,TN
804fcc8f051c181e41f5eee888e30a5ca7752f0d,421.7,mozilla-beta,4168118,13,59f7c57850e9d10762f122855a024e51389d56e5,windows10-64-shippable-qr,True,False,,|c|o|l|d| |f|i|s|s|i|o|n| |w|e|b|r|e|n|d|e|r|,102210fe594ee9b33d82058545b1ed14f4c8206e,SpeedIndex,microsoft,True,microsoft SpeedIndex opt cold fission webrender,,6,ms,firefox,,1804994733,2023-12-02 15:29:47,1341864,,,,,,,,,,,,,,,,,,,,,,,,,,,,,,,,,,,,,,,,,,,,,,,,,,,,,,,,,,,,,TN,TN
f0c0cb9e9377b5529e313d5919557d03a6feb7a5,428.4,mozilla-beta,4168118,13,59f7c57850e9d10762f122855a024e51389d56e5,windows10-64-shippable-qr,True,False,,|c|o|l|d| |f|i|s|s|i|o|n| |w|e|b|r|e|n|d|e|r|,102210fe594ee9b33d82058545b1ed14f4c8206e,SpeedIndex,microsoft,True,microsoft SpeedIndex opt cold fission webrender,,6,ms,firefox,,1804977622,2023-12-02 15:34:35,1341866,,,,,,,,,,,,,,,,,,,,,,,,,,,,,,,,,,,,,,,,,,,,,,,,,,,,,,,,,,,,,TN,TN
4d5fc29c0701152d1ac86db779f2f737b8bef95c,416.1,mozilla-beta,4168118,13,59f7c57850e9d10762f122855a024e51389d56e5,windows10-64-shippable-qr,True,False,,|c|o|l|d| |f|i|s|s|i|o|n| |w|e|b|r|e|n|d|e|r|,102210fe594ee9b33d82058545b1ed14f4c8206e,SpeedIndex,microsoft,True,microsoft SpeedIndex opt cold fission webrender,,6,ms,firefox,,1805181446,2023-12-03 09:17:20,1341957,,,,,,,,,,,,,,,,,,,,,,,,,,,,,,,,,,,,,,,,,,,,,,,,,,,,,,,,,,,,,TN,TN
8833c90233aa15657607f5823c7f2f0a9e9acba5,411.4,mozilla-beta,4168118,13,59f7c57850e9d10762f122855a024e51389d56e5,windows10-64-shippable-qr,True,False,,|c|o|l|d| |f|i|s|s|i|o|n| |w|e|b|r|e|n|d|e|r|,102210fe594ee9b33d82058545b1ed14f4c8206e,SpeedIndex,microsoft,True,microsoft SpeedIndex opt cold fission webrender,,6,ms,firefox,,1805315255,2023-12-03 18:26:48,1342035,,,,,,,,,,,,,,,,,,,,,,,,,,,,,,,,,,,,,,,,,,,,,,,,,,,,,,,,,,,,,TN,TN
aea0bf951d563e36e9e968d12062d8a38a88d3d9,423.5,mozilla-beta,4168118,13,59f7c57850e9d10762f122855a024e51389d56e5,windows10-64-shippable-qr,True,False,,|c|o|l|d| |f|i|s|s|i|o|n| |w|e|b|r|e|n|d|e|r|,102210fe594ee9b33d82058545b1ed14f4c8206e,SpeedIndex,microsoft,True,microsoft SpeedIndex opt cold fission webrender,,6,ms,firefox,,1805336705,2023-12-03 18:27:35,1342036,,,,,,,,,,,,,,,,,,,,,,,,,,,,,,,,,,,,,,,,,,,,,,,,,,,,,,,,,,,,,TN,TN
c8d8e41a083bbad80659ee42b25afe1f9a01fa80,443.3,mozilla-beta,4168118,13,59f7c57850e9d10762f122855a024e51389d56e5,windows10-64-shippable-qr,True,False,,|c|o|l|d| |f|i|s|s|i|o|n| |w|e|b|r|e|n|d|e|r|,102210fe594ee9b33d82058545b1ed14f4c8206e,SpeedIndex,microsoft,True,microsoft SpeedIndex opt cold fission webrender,,6,ms,firefox,,1805331151,2023-12-03 18:40:01,1342038,,,,,,,,,,,,,,,,,,,,,,,,,,,,,,,,,,,,,,,,,,,,,,,,,,,,,,,,,,,,,TN,TN
f9258827fbd87e7abbafd5aaee4f4beb2ca122f7,418.9,mozilla-beta,4168118,13,59f7c57850e9d10762f122855a024e51389d56e5,windows10-64-shippable-qr,True,False,,|c|o|l|d| |f|i|s|s|i|o|n| |w|e|b|r|e|n|d|e|r|,102210fe594ee9b33d82058545b1ed14f4c8206e,SpeedIndex,microsoft,True,microsoft SpeedIndex opt cold fission webrender,,6,ms,firefox,,1805351551,2023-12-03 18:57:23,1342040,,,,,,,,,,,,,,,,,,,,,,,,,,,,,,,,,,,,,,,,,,,,,,,,,,,,,,,,,,,,,TN,TN
c8602eedb54af9596786fffadd7e6362d241c4ee,415.8,mozilla-beta,4168118,13,59f7c57850e9d10762f122855a024e51389d56e5,windows10-64-shippable-qr,True,False,,|c|o|l|d| |f|i|s|s|i|o|n| |w|e|b|r|e|n|d|e|r|,102210fe594ee9b33d82058545b1ed14f4c8206e,SpeedIndex,microsoft,True,microsoft SpeedIndex opt cold fission webrender,,6,ms,firefox,,1805610194,2023-12-04 09:21:59,1342185,,,,,,,,,,,,,,,,,,,,,,,,,,,,,,,,,,,,,,,,,,,,,,,,,,,,,,,,,,,,,TN,TN
843493d0e456170ac7bc6844fb9ef91b4d02e5e9,431.4,mozilla-beta,4168118,13,59f7c57850e9d10762f122855a024e51389d56e5,windows10-64-shippable-qr,True,False,,|c|o|l|d| |f|i|s|s|i|o|n| |w|e|b|r|e|n|d|e|r|,102210fe594ee9b33d82058545b1ed14f4c8206e,SpeedIndex,microsoft,True,microsoft SpeedIndex opt cold fission webrender,,6,ms,firefox,,1805945413,2023-12-04 20:17:46,1342642,,,,,,,,,,,,,,,,,,,,,,,,,,,,,,,,,,,,,,,,,,,,,,,,,,,,,,,,,,,,,TN,TN
0fdd8c90220fed2b73becbf0d813ffa9eb3c7f23,424.0,mozilla-beta,4168118,13,59f7c57850e9d10762f122855a024e51389d56e5,windows10-64-shippable-qr,True,False,,|c|o|l|d| |f|i|s|s|i|o|n| |w|e|b|r|e|n|d|e|r|,102210fe594ee9b33d82058545b1ed14f4c8206e,SpeedIndex,microsoft,True,microsoft SpeedIndex opt cold fission webrender,,6,ms,firefox,,1805955046,2023-12-04 20:26:14,1342655,,,,,,,,,,,,,,,,,,,,,,,,,,,,,,,,,,,,,,,,,,,,,,,,,,,,,,,,,,,,,TN,TN
7db3ae9df06c21bc1dc107b2d9e0b5ce5f18eb27,426.0,mozilla-beta,4168118,13,59f7c57850e9d10762f122855a024e51389d56e5,windows10-64-shippable-qr,True,False,,|c|o|l|d| |f|i|s|s|i|o|n| |w|e|b|r|e|n|d|e|r|,102210fe594ee9b33d82058545b1ed14f4c8206e,SpeedIndex,microsoft,True,microsoft SpeedIndex opt cold fission webrender,,6,ms,firefox,,1806004942,2023-12-04 20:40:00,1342665,,,,,,,,,,,,,,,,,,,,,,,,,,,,,,,,,,,,,,,,,,,,,,,,,,,,,,,,,,,,,TN,TN
79cedc5de788e8665170f4145cd8e2ac74552c2d,428.7,mozilla-beta,4168118,13,59f7c57850e9d10762f122855a024e51389d56e5,windows10-64-shippable-qr,True,False,,|c|o|l|d| |f|i|s|s|i|o|n| |w|e|b|r|e|n|d|e|r|,102210fe594ee9b33d82058545b1ed14f4c8206e,SpeedIndex,microsoft,True,microsoft SpeedIndex opt cold fission webrender,,6,ms,firefox,,1805982250,2023-12-04 20:44:16,1342666,,,,,,,,,,,,,,,,,,,,,,,,,,,,,,,,,,,,,,,,,,,,,,,,,,,,,,,,,,,,,TN,TN
32290dab6b678439d5a9346514c6c0efd6b866cb,417.2,mozilla-beta,4168118,13,59f7c57850e9d10762f122855a024e51389d56e5,windows10-64-shippable-qr,True,False,,|c|o|l|d| |f|i|s|s|i|o|n| |w|e|b|r|e|n|d|e|r|,102210fe594ee9b33d82058545b1ed14f4c8206e,SpeedIndex,microsoft,True,microsoft SpeedIndex opt cold fission webrender,,6,ms,firefox,,1806035965,2023-12-04 22:24:42,1342759,,,,,,,,,,,,,,,,,,,,,,,,,,,,,,,,,,,,,,,,,,,,,,,,,,,,,,,,,,,,,TN,TN
7ffa218447b7cea3e8dc9de65ef8ac8fdb9760ec,417.2,mozilla-beta,4168118,13,59f7c57850e9d10762f122855a024e51389d56e5,windows10-64-shippable-qr,True,False,,|c|o|l|d| |f|i|s|s|i|o|n| |w|e|b|r|e|n|d|e|r|,102210fe594ee9b33d82058545b1ed14f4c8206e,SpeedIndex,microsoft,True,microsoft SpeedIndex opt cold fission webrender,,6,ms,firefox,,1806357528,2023-12-05 09:19:15,1342979,,,,,,,,,,,,,,,,,,,,,,,,,,,,,,,,,,,,,,,,,,,,,,,,,,,,,,,,,,,,,TN,TN
8efc47a15d03b85e09c24116074a3bfa31478ee7,420.6,mozilla-beta,4168118,13,59f7c57850e9d10762f122855a024e51389d56e5,windows10-64-shippable-qr,True,False,,|c|o|l|d| |f|i|s|s|i|o|n| |w|e|b|r|e|n|d|e|r|,102210fe594ee9b33d82058545b1ed14f4c8206e,SpeedIndex,microsoft,True,microsoft SpeedIndex opt cold fission webrender,,6,ms,firefox,,1806577778,2023-12-05 17:04:28,1343225,,,,,,,,,,,,,,,,,,,,,,,,,,,,,,,,,,,,,,,,,,,,,,,,,,,,,,,,,,,,,TN,TN
65a56f16214376ccf707703cb731546d83e80909,418.7,mozilla-beta,4168118,13,59f7c57850e9d10762f122855a024e51389d56e5,windows10-64-shippable-qr,True,False,,|c|o|l|d| |f|i|s|s|i|o|n| |w|e|b|r|e|n|d|e|r|,102210fe594ee9b33d82058545b1ed14f4c8206e,SpeedIndex,microsoft,True,microsoft SpeedIndex opt cold fission webrender,,6,ms,firefox,,1806547120,2023-12-05 17:06:05,1343227,,,,,,,,,,,,,,,,,,,,,,,,,,,,,,,,,,,,,,,,,,,,,,,,,,,,,,,,,,,,,TN,TN
8202a7fccea2848a528130713fb7554afe47451c,423.3,mozilla-beta,4168118,13,59f7c57850e9d10762f122855a024e51389d56e5,windows10-64-shippable-qr,True,False,,|c|o|l|d| |f|i|s|s|i|o|n| |w|e|b|r|e|n|d|e|r|,102210fe594ee9b33d82058545b1ed14f4c8206e,SpeedIndex,microsoft,True,microsoft SpeedIndex opt cold fission webrender,,6,ms,firefox,,1806619072,2023-12-05 17:26:05,1343245,,,,,,,,,,,,,,,,,,,,,,,,,,,,,,,,,,,,,,,,,,,,,,,,,,,,,,,,,,,,,TN,TN
ca3cddabbfe345abca9f97a2b17965a32ff7ae0c,410.3,mozilla-beta,4168118,13,59f7c57850e9d10762f122855a024e51389d56e5,windows10-64-shippable-qr,True,False,,|c|o|l|d| |f|i|s|s|i|o|n| |w|e|b|r|e|n|d|e|r|,102210fe594ee9b33d82058545b1ed14f4c8206e,SpeedIndex,microsoft,True,microsoft SpeedIndex opt cold fission webrender,,6,ms,firefox,,1806651095,2023-12-05 18:50:17,1343323,,,,,,,,,,,,,,,,,,,,,,,,,,,,,,,,,,,,,,,,,,,,,,,,,,,,,,,,,,,,,TN,TN
3388eeb5680071dadb101541f663a6400ef7226c,437.2,mozilla-beta,4168118,13,59f7c57850e9d10762f122855a024e51389d56e5,windows10-64-shippable-qr,True,False,,|c|o|l|d| |f|i|s|s|i|o|n| |w|e|b|r|e|n|d|e|r|,102210fe594ee9b33d82058545b1ed14f4c8206e,SpeedIndex,microsoft,True,microsoft SpeedIndex opt cold fission webrender,,6,ms,firefox,,1806749175,2023-12-05 21:13:36,1343425,,,,,,,,,,,,,,,,,,,,,,,,,,,,,,,,,,,,,,,,,,,,,,,,,,,,,,,,,,,,,TN,TN
522d7c9bba9aa012d7f9a119fdb716b9aed38d13,426.9,mozilla-beta,4168118,13,59f7c57850e9d10762f122855a024e51389d56e5,windows10-64-shippable-qr,True,False,,|c|o|l|d| |f|i|s|s|i|o|n| |w|e|b|r|e|n|d|e|r|,102210fe594ee9b33d82058545b1ed14f4c8206e,SpeedIndex,microsoft,True,microsoft SpeedIndex opt cold fission webrender,,6,ms,firefox,,1806801972,2023-12-05 22:10:23,1343461,,,,,,,,,,,,,,,,,,,,,,,,,,,,,,,,,,,,,,,,,,,,,,,,,,,,,,,,,,,,,TN,TN
3343ddaf516b0a250a42f9247d2ffc693d2dddd3,436.5,mozilla-beta,4168118,13,59f7c57850e9d10762f122855a024e51389d56e5,windows10-64-shippable-qr,True,False,,|c|o|l|d| |f|i|s|s|i|o|n| |w|e|b|r|e|n|d|e|r|,102210fe594ee9b33d82058545b1ed14f4c8206e,SpeedIndex,microsoft,True,microsoft SpeedIndex opt cold fission webrender,,6,ms,firefox,,1807022838,2023-12-06 09:17:31,1343658,,,,,,,,,,,,,,,,,,,,,,,,,,,,,,,,,,,,,,,,,,,,,,,,,,,,,,,,,,,,,TN,TN
c50cc8f9601c19cdd6660c7129586943e15efd3f,439.6,mozilla-beta,4168118,13,59f7c57850e9d10762f122855a024e51389d56e5,windows10-64-shippable-qr,True,False,,|c|o|l|d| |f|i|s|s|i|o|n| |w|e|b|r|e|n|d|e|r|,102210fe594ee9b33d82058545b1ed14f4c8206e,SpeedIndex,microsoft,True,microsoft SpeedIndex opt cold fission webrender,,6,ms,firefox,,1807264127,2023-12-06 18:02:06,1343974,,,,,,,,,,,,,,,,,,,,,,,,,,,,,,,,,,,,,,,,,,,,,,,,,,,,,,,,,,,,,TN,TN
8071f36fd32538652a1d6970fd9c73eda69f9de9,439.4,mozilla-beta,4168118,13,59f7c57850e9d10762f122855a024e51389d56e5,windows10-64-shippable-qr,True,False,,|c|o|l|d| |f|i|s|s|i|o|n| |w|e|b|r|e|n|d|e|r|,102210fe594ee9b33d82058545b1ed14f4c8206e,SpeedIndex,microsoft,True,microsoft SpeedIndex opt cold fission webrender,,6,ms,firefox,,1807279580,2023-12-06 18:11:10,1343984,,,,,,,,,,,,,,,,,,,,,,,,,,,,,,,,,,,,,,,,,,,,,,,,,,,,,,,,,,,,,TN,TN
d71b34b14199c3c83d7b9ccde852c75f230fd5fa,468.3,mozilla-beta,4168118,13,59f7c57850e9d10762f122855a024e51389d56e5,windows10-64-shippable-qr,True,False,,|c|o|l|d| |f|i|s|s|i|o|n| |w|e|b|r|e|n|d|e|r|,102210fe594ee9b33d82058545b1ed14f4c8206e,SpeedIndex,microsoft,True,microsoft SpeedIndex opt cold fission webrender,,6,ms,firefox,,1807430258,2023-12-06 22:31:31,1344171,,,,,,,,,,,,,,,,,,,,,,,,,,,,,,,,,,,,,,,,,,,,,,,,,,,,,,,,,,,,,TN,TN
4b4492de7d4c01197e22f5398ea02198276131c4,449.6,mozilla-beta,4168118,13,59f7c57850e9d10762f122855a024e51389d56e5,windows10-64-shippable-qr,True,False,,|c|o|l|d| |f|i|s|s|i|o|n| |w|e|b|r|e|n|d|e|r|,102210fe594ee9b33d82058545b1ed14f4c8206e,SpeedIndex,microsoft,True,microsoft SpeedIndex opt cold fission webrender,,6,ms,firefox,,1807503400,2023-12-07 01:23:09,1344248,,,,,,,,,,,,,,,,,,,,,,,,,,,,,,,,,,,,,,,,,,,,,,,,,,,,,,,,,,,,,TN,TN
9a9c77f076c860d86d4d9a9a9a8e225a62120892,426.3,mozilla-beta,4168118,13,59f7c57850e9d10762f122855a024e51389d56e5,windows10-64-shippable-qr,True,False,,|c|o|l|d| |f|i|s|s|i|o|n| |w|e|b|r|e|n|d|e|r|,102210fe594ee9b33d82058545b1ed14f4c8206e,SpeedIndex,microsoft,True,microsoft SpeedIndex opt cold fission webrender,,6,ms,firefox,,1807632775,2023-12-07 09:16:02,1344351,,,,,,,,,,,,,,,,,,,,,,,,,,,,,,,,,,,,,,,,,,,,,,,,,,,,,,,,,,,,,TN,TN
493e6a075f075a9715627441c1b47aab7d11dce0,426.8,mozilla-beta,4168118,13,59f7c57850e9d10762f122855a024e51389d56e5,windows10-64-shippable-qr,True,False,,|c|o|l|d| |f|i|s|s|i|o|n| |w|e|b|r|e|n|d|e|r|,102210fe594ee9b33d82058545b1ed14f4c8206e,SpeedIndex,microsoft,True,microsoft SpeedIndex opt cold fission webrender,,6,ms,firefox,,1807831125,2023-12-07 16:19:45,1344598,,,,,,,,,,,,,,,,,,,,,,,,,,,,,,,,,,,,,,,,,,,,,,,,,,,,,,,,,,,,,TN,TN
fb0fcda9a042c99c06319d8fe93d73d721eda5f5,423.7,mozilla-beta,4168118,13,59f7c57850e9d10762f122855a024e51389d56e5,windows10-64-shippable-qr,True,False,,|c|o|l|d| |f|i|s|s|i|o|n| |w|e|b|r|e|n|d|e|r|,102210fe594ee9b33d82058545b1ed14f4c8206e,SpeedIndex,microsoft,True,microsoft SpeedIndex opt cold fission webrender,,6,ms,firefox,,1807948865,2023-12-07 17:47:37,1344666,,,,,,,,,,,,,,,,,,,,,,,,,,,,,,,,,,,,,,,,,,,,,,,,,,,,,,,,,,,,,TN,TN
51a56df86ac2d6bb944e334c6343b2345073e15e,415.6,mozilla-beta,4168118,13,59f7c57850e9d10762f122855a024e51389d56e5,windows10-64-shippable-qr,True,False,,|c|o|l|d| |f|i|s|s|i|o|n| |w|e|b|r|e|n|d|e|r|,102210fe594ee9b33d82058545b1ed14f4c8206e,SpeedIndex,microsoft,True,microsoft SpeedIndex opt cold fission webrender,,6,ms,firefox,,1807960223,2023-12-07 17:53:52,1344668,,,,,,,,,,,,,,,,,,,,,,,,,,,,,,,,,,,,,,,,,,,,,,,,,,,,,,,,,,,,,TN,TN
889c2b945041a3cdfba4f89a49812c637bb8cbe9,452.6,mozilla-beta,4168118,13,59f7c57850e9d10762f122855a024e51389d56e5,windows10-64-shippable-qr,True,False,,|c|o|l|d| |f|i|s|s|i|o|n| |w|e|b|r|e|n|d|e|r|,102210fe594ee9b33d82058545b1ed14f4c8206e,SpeedIndex,microsoft,True,microsoft SpeedIndex opt cold fission webrender,,6,ms,firefox,,1807997870,2023-12-07 19:14:40,1344721,,,,,,,,,,,,,,,,,,,,,,,,,,,,,,,,,,,,,,,,,,,,,,,,,,,,,,,,,,,,,TN,TN
c6f495f8acbd581a02831e19545cf10e64f9b203,416.0,mozilla-beta,4168118,13,59f7c57850e9d10762f122855a024e51389d56e5,windows10-64-shippable-qr,True,False,,|c|o|l|d| |f|i|s|s|i|o|n| |w|e|b|r|e|n|d|e|r|,102210fe594ee9b33d82058545b1ed14f4c8206e,SpeedIndex,microsoft,True,microsoft SpeedIndex opt cold fission webrender,,6,ms,firefox,,1808162631,2023-12-08 00:59:51,1344893,,,,,,,,,,,,,,,,,,,,,,,,,,,,,,,,,,,,,,,,,,,,,,,,,,,,,,,,,,,,,TN,TN
fdb26a484d45cd102b37dbfcdbb7ebac7e84e9bb,427.6,mozilla-beta,4168118,13,59f7c57850e9d10762f122855a024e51389d56e5,windows10-64-shippable-qr,True,False,,|c|o|l|d| |f|i|s|s|i|o|n| |w|e|b|r|e|n|d|e|r|,102210fe594ee9b33d82058545b1ed14f4c8206e,SpeedIndex,microsoft,True,microsoft SpeedIndex opt cold fission webrender,,6,ms,firefox,,1808283079,2023-12-08 02:53:28,1344920,,,,,,,,,,,,,,,,,,,,,,,,,,,,,,,,,,,,,,,,,,,,,,,,,,,,,,,,,,,,,TN,TN
f86cb690ce3d2d4b7cdda07cc40be83b3ca1cb21,417.8,mozilla-beta,4168118,13,59f7c57850e9d10762f122855a024e51389d56e5,windows10-64-shippable-qr,True,False,,|c|o|l|d| |f|i|s|s|i|o|n| |w|e|b|r|e|n|d|e|r|,102210fe594ee9b33d82058545b1ed14f4c8206e,SpeedIndex,microsoft,True,microsoft SpeedIndex opt cold fission webrender,,6,ms,firefox,,1808297118,2023-12-08 02:54:11,1344921,,,,,,,,,,,,,,,,,,,,,,,,,,,,,,,,,,,,,,,,,,,,,,,,,,,,,,,,,,,,,TN,TN
53dff28f7a8dacddf8920b47dc2e164827ee389f,420.9,mozilla-beta,4168118,13,59f7c57850e9d10762f122855a024e51389d56e5,windows10-64-shippable-qr,True,False,,|c|o|l|d| |f|i|s|s|i|o|n| |w|e|b|r|e|n|d|e|r|,102210fe594ee9b33d82058545b1ed14f4c8206e,SpeedIndex,microsoft,True,microsoft SpeedIndex opt cold fission webrender,,6,ms,firefox,,1808324674,2023-12-08 03:24:16,1344933,,,,,,,,,,,,,,,,,,,,,,,,,,,,,,,,,,,,,,,,,,,,,,,,,,,,,,,,,,,,,TN,TN
8fb6d84ab2c8e1fc73fb741955546550fed32953,422.2,mozilla-beta,4168118,13,59f7c57850e9d10762f122855a024e51389d56e5,windows10-64-shippable-qr,True,False,,|c|o|l|d| |f|i|s|s|i|o|n| |w|e|b|r|e|n|d|e|r|,102210fe594ee9b33d82058545b1ed14f4c8206e,SpeedIndex,microsoft,True,microsoft SpeedIndex opt cold fission webrender,,6,ms,firefox,,1808374407,2023-12-08 05:24:13,1344960,,,,,,,,,,,,,,,,,,,,,,,,,,,,,,,,,,,,,,,,,,,,,,,,,,,,,,,,,,,,,TN,TN
33d20ee6d74a51f9a1eca8570f5f2d94af9609a0,413.4,mozilla-beta,4168118,13,59f7c57850e9d10762f122855a024e51389d56e5,windows10-64-shippable-qr,True,False,,|c|o|l|d| |f|i|s|s|i|o|n| |w|e|b|r|e|n|d|e|r|,102210fe594ee9b33d82058545b1ed14f4c8206e,SpeedIndex,microsoft,True,microsoft SpeedIndex opt cold fission webrender,,6,ms,firefox,,1808532738,2023-12-08 09:18:59,1345062,,,,,,,,,,,,,,,,,,,,,,,,,,,,,,,,,,,,,,,,,,,,,,,,,,,,,,,,,,,,,TN,TN
44539b631fb141b44e44e05dfabd57eb0e0409e7,420.7,mozilla-beta,4168118,13,59f7c57850e9d10762f122855a024e51389d56e5,windows10-64-shippable-qr,True,False,,|c|o|l|d| |f|i|s|s|i|o|n| |w|e|b|r|e|n|d|e|r|,102210fe594ee9b33d82058545b1ed14f4c8206e,SpeedIndex,microsoft,True,microsoft SpeedIndex opt cold fission webrender,,6,ms,firefox,,1808895072,2023-12-08 21:11:28,1345379,,,,,,,,,,,,,,,,,,,,,,,,,,,,,,,,,,,,,,,,,,,,,,,,,,,,,,,,,,,,,TN,TN
0d0badd455a091e8a612c6d928c5bd21d9f1eb37,418.2,mozilla-beta,4168118,13,59f7c57850e9d10762f122855a024e51389d56e5,windows10-64-shippable-qr,True,False,,|c|o|l|d| |f|i|s|s|i|o|n| |w|e|b|r|e|n|d|e|r|,102210fe594ee9b33d82058545b1ed14f4c8206e,SpeedIndex,microsoft,True,microsoft SpeedIndex opt cold fission webrender,,6,ms,firefox,,1809148719,2023-12-09 09:16:34,1345556,,,,,,,,,,,,,,,,,,,,,,,,,,,,,,,,,,,,,,,,,,,,,,,,,,,,,,,,,,,,,TN,TN
6a9e312a931647090c6a0b9ec475aff210820f37,425.9,mozilla-beta,4168118,13,59f7c57850e9d10762f122855a024e51389d56e5,windows10-64-shippable-qr,True,False,,|c|o|l|d| |f|i|s|s|i|o|n| |w|e|b|r|e|n|d|e|r|,102210fe594ee9b33d82058545b1ed14f4c8206e,SpeedIndex,microsoft,True,microsoft SpeedIndex opt cold fission webrender,,6,ms,firefox,,1809319676,2023-12-09 20:09:11,1345633,,,,,,,,,,,,,,,,,,,,,,,,,,,,,,,,,,,,,,,,,,,,,,,,,,,,,,,,,,,,,TN,TN
3ddf53b5057afd7be06db2f104f6fafe714a95be,424.9,mozilla-beta,4168118,13,59f7c57850e9d10762f122855a024e51389d56e5,windows10-64-shippable-qr,True,False,,|c|o|l|d| |f|i|s|s|i|o|n| |w|e|b|r|e|n|d|e|r|,102210fe594ee9b33d82058545b1ed14f4c8206e,SpeedIndex,microsoft,True,microsoft SpeedIndex opt cold fission webrender,,6,ms,firefox,,1809404829,2023-12-10 09:18:35,1345666,,,,,,,,,,,,,,,,,,,,,,,,,,,,,,,,,,,,,,,,,,,,,,,,,,,,,,,,,,,,,TN,TN
bd5ca949886cdde37c181fccd3ec8070be726249,415.2,mozilla-beta,4168118,13,59f7c57850e9d10762f122855a024e51389d56e5,windows10-64-shippable-qr,True,False,,|c|o|l|d| |f|i|s|s|i|o|n| |w|e|b|r|e|n|d|e|r|,102210fe594ee9b33d82058545b1ed14f4c8206e,SpeedIndex,microsoft,True,microsoft SpeedIndex opt cold fission webrender,,6,ms,firefox,,1809614472,2023-12-11 09:17:58,1345869,,,,,,,,,,,,,,,,,,,,,,,,,,,,,,,,,,,,,,,,,,,,,,,,,,,,,,,,,,,,,TN,TN
ab6d9d1dae754aeedf99fe61fe143ffc088b5801,427.0,mozilla-beta,4168118,13,59f7c57850e9d10762f122855a024e51389d56e5,windows10-64-shippable-qr,True,False,,|c|o|l|d| |f|i|s|s|i|o|n| |w|e|b|r|e|n|d|e|r|,102210fe594ee9b33d82058545b1ed14f4c8206e,SpeedIndex,microsoft,True,microsoft SpeedIndex opt cold fission webrender,,6,ms,firefox,,1809754870,2023-12-11 13:31:00,1346038,,,,,,,,,,,,,,,,,,,,,,,,,,,,,,,,,,,,,,,,,,,,,,,,,,,,,,,,,,,,,TN,TN
1f258ddd281c5658ba33f08cd8d4d738a82ba133,376.2,mozilla-beta,4168118,13,59f7c57850e9d10762f122855a024e51389d56e5,windows10-64-shippable-qr,True,False,,|c|o|l|d| |f|i|s|s|i|o|n| |w|e|b|r|e|n|d|e|r|,102210fe594ee9b33d82058545b1ed14f4c8206e,SpeedIndex,microsoft,True,microsoft SpeedIndex opt cold fission webrender,,6,ms,firefox,,1813810754,2023-12-18 15:32:01,1350241,385.73,mozilla-ldap/afinder@mozilla.com,ab6d9d1dae754aeedf99fe61fe143ffc088b5801,40720.0,8.75,early-beta-or-earlier,422.71,2023-12-20 07:59:43.357979,False,13.0,13.0,,|185652|185717|185718|,,1346038.0,5.0,1350241.0,4.0,mozilla-ldap/afinder@mozilla.com,59f7c57850e9d10762f122855a024e51389d56e5,,windows10-64-shippable-qr,1872172.0,mozilla-beta,2023-12-27 01:00:31.781980,,1.0,-36.98,185881.0,ms,,,40720.0,102210fe594ee9b33d82058545b1ed14f4c8206e,,False,False,afinder@mozilla.com,,,afinder@mozilla.com,2023-12-20 01:00:31.781980,,,SpeedIndex,OK,True,1f258ddd281c5658ba33f08cd8d4d738a82ba133,,2023-12-28 12:36:13.174892,,,False,,8.62,microsoft,"cold, fission, webrender",,"cold, fission, webrender",2023-12-25 01:00:31.781980,SP,TP
0152bfc35103b64cec60d0bd86912c290c913997,392.6,mozilla-beta,4168118,13,59f7c57850e9d10762f122855a024e51389d56e5,windows10-64-shippable-qr,True,False,,|c|o|l|d| |f|i|s|s|i|o|n| |w|e|b|r|e|n|d|e|r|,102210fe594ee9b33d82058545b1ed14f4c8206e,SpeedIndex,microsoft,True,microsoft SpeedIndex opt cold fission webrender,,6,ms,firefox,,1814265331,2023-12-19 09:15:36,1350796,,,,,,,,,,,,,,,,,,,,,,,,,,,,,,,,,,,,,,,,,,,,,,,,,,,,,,,,,,,,,TN,TN
f3221cd6b4cb549c114cd0f89b5b931761fd2d2f,393.6,mozilla-beta,4168118,13,59f7c57850e9d10762f122855a024e51389d56e5,windows10-64-shippable-qr,True,False,,|c|o|l|d| |f|i|s|s|i|o|n| |w|e|b|r|e|n|d|e|r|,102210fe594ee9b33d82058545b1ed14f4c8206e,SpeedIndex,microsoft,True,microsoft SpeedIndex opt cold fission webrender,,6,ms,firefox,,1814437321,2023-12-19 14:05:23,1350931,,,,,,,,,,,,,,,,,,,,,,,,,,,,,,,,,,,,,,,,,,,,,,,,,,,,,,,,,,,,,TN,TN
48d2052b377a35b0f40e52b8efad5e0ea10e0ebe,388.0,mozilla-beta,4168118,13,59f7c57850e9d10762f122855a024e51389d56e5,windows10-64-shippable-qr,True,False,,|c|o|l|d| |f|i|s|s|i|o|n| |w|e|b|r|e|n|d|e|r|,102210fe594ee9b33d82058545b1ed14f4c8206e,SpeedIndex,microsoft,True,microsoft SpeedIndex opt cold fission webrender,,6,ms,firefox,,1814561988,2023-12-19 17:44:05,1351107,,,,,,,,,,,,,,,,,,,,,,,,,,,,,,,,,,,,,,,,,,,,,,,,,,,,,,,,,,,,,TN,TN
2804a1edd2e2b165a9d83b4c7956d9257fcd9173,396.7,mozilla-beta,4168118,13,59f7c57850e9d10762f122855a024e51389d56e5,windows10-64-shippable-qr,True,False,,|c|o|l|d| |f|i|s|s|i|o|n| |w|e|b|r|e|n|d|e|r|,102210fe594ee9b33d82058545b1ed14f4c8206e,SpeedIndex,microsoft,True,microsoft SpeedIndex opt cold fission webrender,,6,ms,firefox,,1814653857,2023-12-19 20:10:25,1351235,,,,,,,,,,,,,,,,,,,,,,,,,,,,,,,,,,,,,,,,,,,,,,,,,,,,,,,,,,,,,TN,TN
b7ece1e33b35ebd16a925d6ecc739c3ad77dd1f4,402.4,mozilla-beta,4168118,13,59f7c57850e9d10762f122855a024e51389d56e5,windows10-64-shippable-qr,True,False,,|c|o|l|d| |f|i|s|s|i|o|n| |w|e|b|r|e|n|d|e|r|,102210fe594ee9b33d82058545b1ed14f4c8206e,SpeedIndex,microsoft,True,microsoft SpeedIndex opt cold fission webrender,,6,ms,firefox,,1814719879,2023-12-19 22:08:30,1351304,,,,,,,,,,,,,,,,,,,,,,,,,,,,,,,,,,,,,,,,,,,,,,,,,,,,,,,,,,,,,TN,TN
38d6648efdab35f24c45e4cace5abbbced639cac,382.9,mozilla-beta,4168118,13,59f7c57850e9d10762f122855a024e51389d56e5,windows10-64-shippable-qr,True,False,,|c|o|l|d| |f|i|s|s|i|o|n| |w|e|b|r|e|n|d|e|r|,102210fe594ee9b33d82058545b1ed14f4c8206e,SpeedIndex,microsoft,True,microsoft SpeedIndex opt cold fission webrender,,6,ms,firefox,,1814754215,2023-12-19 23:29:52,1351361,,,,,,,,,,,,,,,,,,,,,,,,,,,,,,,,,,,,,,,,,,,,,,,,,,,,,,,,,,,,,TN,TN
801d50e1262aeaa95f7cefd05aa6f1b1f38a2839,383.3,mozilla-beta,4168118,13,59f7c57850e9d10762f122855a024e51389d56e5,windows10-64-shippable-qr,True,False,,|c|o|l|d| |f|i|s|s|i|o|n| |w|e|b|r|e|n|d|e|r|,102210fe594ee9b33d82058545b1ed14f4c8206e,SpeedIndex,microsoft,True,microsoft SpeedIndex opt cold fission webrender,,6,ms,firefox,,1814828659,2023-12-20 00:43:23,1351404,,,,,,,,,,,,,,,,,,,,,,,,,,,,,,,,,,,,,,,,,,,,,,,,,,,,,,,,,,,,,TN,TN
b59f4253f067b27b8146f50070dab45b1ae1143d,389.9,mozilla-beta,4168118,13,59f7c57850e9d10762f122855a024e51389d56e5,windows10-64-shippable-qr,True,False,,|c|o|l|d| |f|i|s|s|i|o|n| |w|e|b|r|e|n|d|e|r|,102210fe594ee9b33d82058545b1ed14f4c8206e,SpeedIndex,microsoft,True,microsoft SpeedIndex opt cold fission webrender,,6,ms,firefox,,1815059432,2023-12-20 09:15:47,1351516,,,,,,,,,,,,,,,,,,,,,,,,,,,,,,,,,,,,,,,,,,,,,,,,,,,,,,,,,,,,,TN,TN
d232be861a328e78800a0cf688cb1e0fc4b6d7b1,376.2,mozilla-beta,4168118,13,59f7c57850e9d10762f122855a024e51389d56e5,windows10-64-shippable-qr,True,False,,|c|o|l|d| |f|i|s|s|i|o|n| |w|e|b|r|e|n|d|e|r|,102210fe594ee9b33d82058545b1ed14f4c8206e,SpeedIndex,microsoft,True,microsoft SpeedIndex opt cold fission webrender,,6,ms,firefox,,1815367983,2023-12-20 18:29:59,1351847,,,,,,,,,,,,,,,,,,,,,,,,,,,,,,,,,,,,,,,,,,,,,,,,,,,,,,,,,,,,,TN,TN
e22171c631916516af9850a4517e112b47e1ee4d,371.3,mozilla-beta,4168118,13,59f7c57850e9d10762f122855a024e51389d56e5,windows10-64-shippable-qr,True,False,,|c|o|l|d| |f|i|s|s|i|o|n| |w|e|b|r|e|n|d|e|r|,102210fe594ee9b33d82058545b1ed14f4c8206e,SpeedIndex,microsoft,True,microsoft SpeedIndex opt cold fission webrender,,6,ms,firefox,,1815718454,2023-12-21 09:13:55,1352196,,,,,,,,,,,,,,,,,,,,,,,,,,,,,,,,,,,,,,,,,,,,,,,,,,,,,,,,,,,,,TN,TN
166a76402d36808fc0d3213ae9b04c79a022ecb2,375.7,mozilla-beta,4168118,13,59f7c57850e9d10762f122855a024e51389d56e5,windows10-64-shippable-qr,True,False,,|c|o|l|d| |f|i|s|s|i|o|n| |w|e|b|r|e|n|d|e|r|,102210fe594ee9b33d82058545b1ed14f4c8206e,SpeedIndex,microsoft,True,microsoft SpeedIndex opt cold fission webrender,,6,ms,firefox,,1815870965,2023-12-21 14:05:30,1352334,,,,,,,,,,,,,,,,,,,,,,,,,,,,,,,,,,,,,,,,,,,,,,,,,,,,,,,,,,,,,TN,TN
92e67500ede8a4679cee7310bd6f47e6a8864f7f,375.8,mozilla-beta,4168118,13,59f7c57850e9d10762f122855a024e51389d56e5,windows10-64-shippable-qr,True,False,,|c|o|l|d| |f|i|s|s|i|o|n| |w|e|b|r|e|n|d|e|r|,102210fe594ee9b33d82058545b1ed14f4c8206e,SpeedIndex,microsoft,True,microsoft SpeedIndex opt cold fission webrender,,6,ms,firefox,,1815968847,2023-12-21 15:57:13,1352385,,,,,,,,,,,,,,,,,,,,,,,,,,,,,,,,,,,,,,,,,,,,,,,,,,,,,,,,,,,,,TN,TN
ffa502100fe68672283e4e1fd4b78e07d4a004c4,384.4,mozilla-beta,4168118,13,59f7c57850e9d10762f122855a024e51389d56e5,windows10-64-shippable-qr,True,False,,|c|o|l|d| |f|i|s|s|i|o|n| |w|e|b|r|e|n|d|e|r|,102210fe594ee9b33d82058545b1ed14f4c8206e,SpeedIndex,microsoft,True,microsoft SpeedIndex opt cold fission webrender,,6,ms,firefox,,1816183858,2023-12-22 02:23:11,1352722,,,,,,,,,,,,,,,,,,,,,,,,,,,,,,,,,,,,,,,,,,,,,,,,,,,,,,,,,,,,,TN,TN
1c60f9444193c2214d05b990ca8de5f21602c02d,370.7,mozilla-beta,4168118,13,59f7c57850e9d10762f122855a024e51389d56e5,windows10-64-shippable-qr,True,False,,|c|o|l|d| |f|i|s|s|i|o|n| |w|e|b|r|e|n|d|e|r|,102210fe594ee9b33d82058545b1ed14f4c8206e,SpeedIndex,microsoft,True,microsoft SpeedIndex opt cold fission webrender,,6,ms,firefox,,1816267874,2023-12-22 09:19:04,1352815,,,,,,,,,,,,,,,,,,,,,,,,,,,,,,,,,,,,,,,,,,,,,,,,,,,,,,,,,,,,,TN,TN
ebe8cd77bd6265537942ecc0fd5929b39a183349,370.1,mozilla-beta,4168118,13,59f7c57850e9d10762f122855a024e51389d56e5,windows10-64-shippable-qr,True,False,,|c|o|l|d| |f|i|s|s|i|o|n| |w|e|b|r|e|n|d|e|r|,102210fe594ee9b33d82058545b1ed14f4c8206e,SpeedIndex,microsoft,True,microsoft SpeedIndex opt cold fission webrender,,6,ms,firefox,,1816691215,2023-12-23 09:18:03,1353219,,,,,,,,,,,,,,,,,,,,,,,,,,,,,,,,,,,,,,,,,,,,,,,,,,,,,,,,,,,,,TN,TN
bf3d8bf27ed2607d79aeb394073c1f5f724d486f,375.4,mozilla-beta,4168118,13,59f7c57850e9d10762f122855a024e51389d56e5,windows10-64-shippable-qr,True,False,,|c|o|l|d| |f|i|s|s|i|o|n| |w|e|b|r|e|n|d|e|r|,102210fe594ee9b33d82058545b1ed14f4c8206e,SpeedIndex,microsoft,True,microsoft SpeedIndex opt cold fission webrender,,6,ms,firefox,,1816744796,2023-12-23 13:08:04,1353232,,,,,,,,,,,,,,,,,,,,,,,,,,,,,,,,,,,,,,,,,,,,,,,,,,,,,,,,,,,,,TN,TN
3950331ebe49694e7238b420c47f6a01427be159,380.4,mozilla-beta,4168118,13,59f7c57850e9d10762f122855a024e51389d56e5,windows10-64-shippable-qr,True,False,,|c|o|l|d| |f|i|s|s|i|o|n| |w|e|b|r|e|n|d|e|r|,102210fe594ee9b33d82058545b1ed14f4c8206e,SpeedIndex,microsoft,True,microsoft SpeedIndex opt cold fission webrender,,6,ms,firefox,,1816886670,2023-12-24 09:20:14,1353292,,,,,,,,,,,,,,,,,,,,,,,,,,,,,,,,,,,,,,,,,,,,,,,,,,,,,,,,,,,,,TN,TN
32cf5092b68da66884e036eed5ee6916662a069d,366.8,mozilla-beta,4168118,13,59f7c57850e9d10762f122855a024e51389d56e5,windows10-64-shippable-qr,True,False,,|c|o|l|d| |f|i|s|s|i|o|n| |w|e|b|r|e|n|d|e|r|,102210fe594ee9b33d82058545b1ed14f4c8206e,SpeedIndex,microsoft,True,microsoft SpeedIndex opt cold fission webrender,,6,ms,firefox,,1816944254,2023-12-24 14:21:21,1353309,,,,,,,,,,,,,,,,,,,,,,,,,,,,,,,,,,,,,,,,,,,,,,,,,,,,,,,,,,,,,TN,TN
b746eaca3b44cb1c2649d868cc61b8d32dbcea85,369.6,mozilla-beta,4168118,13,59f7c57850e9d10762f122855a024e51389d56e5,windows10-64-shippable-qr,True,False,,|c|o|l|d| |f|i|s|s|i|o|n| |w|e|b|r|e|n|d|e|r|,102210fe594ee9b33d82058545b1ed14f4c8206e,SpeedIndex,microsoft,True,microsoft SpeedIndex opt cold fission webrender,,6,ms,firefox,,1816972398,2023-12-24 18:08:55,1353316,,,,,,,,,,,,,,,,,,,,,,,,,,,,,,,,,,,,,,,,,,,,,,,,,,,,,,,,,,,,,TN,TN
c2d411c2cd6807243bf48a2e91da535433fe96d9,370.3,mozilla-beta,4168118,13,59f7c57850e9d10762f122855a024e51389d56e5,windows10-64-shippable-qr,True,False,,|c|o|l|d| |f|i|s|s|i|o|n| |w|e|b|r|e|n|d|e|r|,102210fe594ee9b33d82058545b1ed14f4c8206e,SpeedIndex,microsoft,True,microsoft SpeedIndex opt cold fission webrender,,6,ms,firefox,,1817120133,2023-12-25 09:20:40,1353352,,,,,,,,,,,,,,,,,,,,,,,,,,,,,,,,,,,,,,,,,,,,,,,,,,,,,,,,,,,,,TN,TN
774defdd83b1cc70bc4bfd2d8e8ac399356ba060,372.3,mozilla-beta,4168118,13,59f7c57850e9d10762f122855a024e51389d56e5,windows10-64-shippable-qr,True,False,,|c|o|l|d| |f|i|s|s|i|o|n| |w|e|b|r|e|n|d|e|r|,102210fe594ee9b33d82058545b1ed14f4c8206e,SpeedIndex,microsoft,True,microsoft SpeedIndex opt cold fission webrender,,6,ms,firefox,441407983.0,1817404877,2023-12-26 09:17:04,1353474,,,,,,,,,,,,,,,,,,,,,,,,,,,,,,,,,,,,,,,,,,,,,,,,,,,,,,,,,,,,,TN,TN
6a0b69643235fb22627489e7db8f064a3d6eb07a,376.2,mozilla-beta,4168118,13,59f7c57850e9d10762f122855a024e51389d56e5,windows10-64-shippable-qr,True,False,,|c|o|l|d| |f|i|s|s|i|o|n| |w|e|b|r|e|n|d|e|r|,102210fe594ee9b33d82058545b1ed14f4c8206e,SpeedIndex,microsoft,True,microsoft SpeedIndex opt cold fission webrender,,6,ms,firefox,441464758.0,1817624032,2023-12-27 09:15:52,1353610,,,,,,,,,,,,,,,,,,,,,,,,,,,,,,,,,,,,,,,,,,,,,,,,,,,,,,,,,,,,,TN,TN
27ca88feead4203bdc5c0f36f4f34268d3605b28,384.6,mozilla-beta,4168118,13,59f7c57850e9d10762f122855a024e51389d56e5,windows10-64-shippable-qr,True,False,,|c|o|l|d| |f|i|s|s|i|o|n| |w|e|b|r|e|n|d|e|r|,102210fe594ee9b33d82058545b1ed14f4c8206e,SpeedIndex,microsoft,True,microsoft SpeedIndex opt cold fission webrender,,6,ms,firefox,441495735.0,1817755085,2023-12-27 15:04:24,1353655,,,,,,,,,,,,,,,,,,,,,,,,,,,,,,,,,,,,,,,,,,,,,,,,,,,,,,,,,,,,,TN,TN
6e491630343186350032a55e62c782032d28449e,384.3,mozilla-beta,4168118,13,59f7c57850e9d10762f122855a024e51389d56e5,windows10-64-shippable-qr,True,False,,|c|o|l|d| |f|i|s|s|i|o|n| |w|e|b|r|e|n|d|e|r|,102210fe594ee9b33d82058545b1ed14f4c8206e,SpeedIndex,microsoft,True,microsoft SpeedIndex opt cold fission webrender,,6,ms,firefox,441543959.0,1817971298,2023-12-28 09:18:43,1353829,,,,,,,,,,,,,,,,,,,,,,,,,,,,,,,,,,,,,,,,,,,,,,,,,,,,,,,,,,,,,TN,TN
abd0b579c448559e2125c126d9b455b2b4766535,363.4,mozilla-beta,4168118,13,59f7c57850e9d10762f122855a024e51389d56e5,windows10-64-shippable-qr,True,False,,|c|o|l|d| |f|i|s|s|i|o|n| |w|e|b|r|e|n|d|e|r|,102210fe594ee9b33d82058545b1ed14f4c8206e,SpeedIndex,microsoft,True,microsoft SpeedIndex opt cold fission webrender,,6,ms,firefox,441555023.0,1818038368,2023-12-28 13:58:06,1353836,,,,,,,,,,,,,,,,,,,,,,,,,,,,,,,,,,,,,,,,,,,,,,,,,,,,,,,,,,,,,TN,TN
771a2196d9a139556d6528d78e62711fb8f9127c,385.0,mozilla-beta,4168118,13,59f7c57850e9d10762f122855a024e51389d56e5,windows10-64-shippable-qr,True,False,,|c|o|l|d| |f|i|s|s|i|o|n| |w|e|b|r|e|n|d|e|r|,102210fe594ee9b33d82058545b1ed14f4c8206e,SpeedIndex,microsoft,True,microsoft SpeedIndex opt cold fission webrender,,6,ms,firefox,441569660.0,1818142256,2023-12-28 16:36:48,1353845,,,,,,,,,,,,,,,,,,,,,,,,,,,,,,,,,,,,,,,,,,,,,,,,,,,,,,,,,,,,,TN,TN
3ac9c7492298abed5fbb594e32f30336517bf0f7,385.2,mozilla-beta,4168118,13,59f7c57850e9d10762f122855a024e51389d56e5,windows10-64-shippable-qr,True,False,,|c|o|l|d| |f|i|s|s|i|o|n| |w|e|b|r|e|n|d|e|r|,102210fe594ee9b33d82058545b1ed14f4c8206e,SpeedIndex,microsoft,True,microsoft SpeedIndex opt cold fission webrender,,6,ms,firefox,441627409.0,1818405371,2023-12-29 09:15:51,1354119,,,,,,,,,,,,,,,,,,,,,,,,,,,,,,,,,,,,,,,,,,,,,,,,,,,,,,,,,,,,,TN,TN
4031612cf0c85769716c58ec8fe3ac662dcd7e09,393.23333333333335,mozilla-beta,4168118,13,59f7c57850e9d10762f122855a024e51389d56e5,windows10-64-shippable-qr,True,False,,|c|o|l|d| |f|i|s|s|i|o|n| |w|e|b|r|e|n|d|e|r|,102210fe594ee9b33d82058545b1ed14f4c8206e,SpeedIndex,microsoft,True,microsoft SpeedIndex opt cold fission webrender,,6,ms,firefox,441676264.0,1818553798,2023-12-29 16:44:10,1354191,,,,,,,,,,,,,,,,,,,,,,,,,,,,,,,,,,,,,,,,,,,,,,,,,,,,,,,,,,,,,TN,TN
cdce8efb5ae9f353e88bc7867b70cae181f78353,391.3333333333333,mozilla-beta,4168118,13,59f7c57850e9d10762f122855a024e51389d56e5,windows10-64-shippable-qr,True,False,,|c|o|l|d| |f|i|s|s|i|o|n| |w|e|b|r|e|n|d|e|r|,102210fe594ee9b33d82058545b1ed14f4c8206e,SpeedIndex,microsoft,True,microsoft SpeedIndex opt cold fission webrender,,6,ms,firefox,441729404.0,1818764540,2023-12-30 09:19:21,1354361,,,,,,,,,,,,,,,,,,,,,,,,,,,,,,,,,,,,,,,,,,,,,,,,,,,,,,,,,,,,,TN,TN
1d19517b592a0b31570d9442a4a8a5d8cc667f66,391.9222222222222,mozilla-beta,4168118,13,59f7c57850e9d10762f122855a024e51389d56e5,windows10-64-shippable-qr,True,False,,|c|o|l|d| |f|i|s|s|i|o|n| |w|e|b|r|e|n|d|e|r|,102210fe594ee9b33d82058545b1ed14f4c8206e,SpeedIndex,microsoft,True,microsoft SpeedIndex opt cold fission webrender,,6,ms,firefox,441759557.0,1818893190,2023-12-30 16:43:07,1354390,,,,,,,,,,,,,,,,,,,,,,,,,,,,,,,,,,,,,,,,,,,,,,,,,,,,,,,,,,,,,TN,TN
70a4581491ae3cc33cfb0408af55077a2f3aaaf9,391.75555555555553,mozilla-beta,4168118,13,59f7c57850e9d10762f122855a024e51389d56e5,windows10-64-shippable-qr,True,False,,|c|o|l|d| |f|i|s|s|i|o|n| |w|e|b|r|e|n|d|e|r|,102210fe594ee9b33d82058545b1ed14f4c8206e,SpeedIndex,microsoft,True,microsoft SpeedIndex opt cold fission webrender,,6,ms,firefox,441792920.0,1819063229,2023-12-31 09:19:49,1354445,,,,,,,,,,,,,,,,,,,,,,,,,,,,,,,,,,,,,,,,,,,,,,,,,,,,,,,,,,,,,TN,TN
3b8c3b52e3cc57b9e1c6d2346428768905531486,394.93333333333334,mozilla-beta,4168118,13,59f7c57850e9d10762f122855a024e51389d56e5,windows10-64-shippable-qr,True,False,,|c|o|l|d| |f|i|s|s|i|o|n| |w|e|b|r|e|n|d|e|r|,102210fe594ee9b33d82058545b1ed14f4c8206e,SpeedIndex,microsoft,True,microsoft SpeedIndex opt cold fission webrender,,6,ms,firefox,441809815.0,1819119628,2023-12-31 16:07:45,1354468,,,,,,,,,,,,,,,,,,,,,,,,,,,,,,,,,,,,,,,,,,,,,,,,,,,,,,,,,,,,,TN,TN
d574fe402f781ac71cbaa148e64720d7afce55ad,372.6,mozilla-beta,4168118,13,59f7c57850e9d10762f122855a024e51389d56e5,windows10-64-shippable-qr,True,False,,|c|o|l|d| |f|i|s|s|i|o|n| |w|e|b|r|e|n|d|e|r|,102210fe594ee9b33d82058545b1ed14f4c8206e,SpeedIndex,microsoft,True,microsoft SpeedIndex opt cold fission webrender,,6,ms,firefox,441852511.0,1819305380,2024-01-01 09:16:50,1354535,,,,,,,,,,,,,,,,,,,,,,,,,,,,,,,,,,,,,,,,,,,,,,,,,,,,,,,,,,,,,TN,TN
c734b9367c9411770b4b8a55868a17b22d493b31,392.7,mozilla-beta,4168118,13,59f7c57850e9d10762f122855a024e51389d56e5,windows10-64-shippable-qr,True,False,,|c|o|l|d| |f|i|s|s|i|o|n| |w|e|b|r|e|n|d|e|r|,102210fe594ee9b33d82058545b1ed14f4c8206e,SpeedIndex,microsoft,True,microsoft SpeedIndex opt cold fission webrender,,6,ms,firefox,441886604.0,1819484743,2024-01-02 09:17:57,1354631,,,,,,,,,,,,,,,,,,,,,,,,,,,,,,,,,,,,,,,,,,,,,,,,,,,,,,,,,,,,,TN,TN
a513ab11b0aaecdeff1b63357ba724e0c5f25486,400.6,mozilla-beta,4168118,13,59f7c57850e9d10762f122855a024e51389d56e5,windows10-64-shippable-qr,True,False,,|c|o|l|d| |f|i|s|s|i|o|n| |w|e|b|r|e|n|d|e|r|,102210fe594ee9b33d82058545b1ed14f4c8206e,SpeedIndex,microsoft,True,microsoft SpeedIndex opt cold fission webrender,,6,ms,firefox,441928209.0,1819607460,2024-01-02 14:35:27,1354755,,,,,,,,,,,,,,,,,,,,,,,,,,,,,,,,,,,,,,,,,,,,,,,,,,,,,,,,,,,,,TN,TN
f39f01284ccdd75760c8b9f303074ec62e1e4b76,409.36,mozilla-beta,4168118,13,59f7c57850e9d10762f122855a024e51389d56e5,windows10-64-shippable-qr,True,False,,|c|o|l|d| |f|i|s|s|i|o|n| |w|e|b|r|e|n|d|e|r|,102210fe594ee9b33d82058545b1ed14f4c8206e,SpeedIndex,microsoft,True,microsoft SpeedIndex opt cold fission webrender,,6,ms,firefox,441943906.0,1819704453,2024-01-02 17:25:43,1354852,,,,,,,,,,,,,,,,,,,,,,,,,,,,,,,,,,,,,,,,,,,,,,,,,,,,,,,,,,,,,TN,TN
cabd1794168d6cacdf7c9608c179db5754c4577a,415.0,mozilla-beta,4168118,13,59f7c57850e9d10762f122855a024e51389d56e5,windows10-64-shippable-qr,True,False,,|c|o|l|d| |f|i|s|s|i|o|n| |w|e|b|r|e|n|d|e|r|,102210fe594ee9b33d82058545b1ed14f4c8206e,SpeedIndex,microsoft,True,microsoft SpeedIndex opt cold fission webrender,,6,ms,firefox,441949160.0,1819727148,2024-01-02 18:54:52,1354898,,,,,,,,,,,,,,,,,,,,,,,,,,,,,,,,,,,,,,,,,,,,,,,,,,,,,,,,,,,,,TN,TN
61e3c5bd45677be9e6d96ecf27802bfdca8d27c9,424.6,mozilla-beta,4168118,13,59f7c57850e9d10762f122855a024e51389d56e5,windows10-64-shippable-qr,True,False,,|c|o|l|d| |f|i|s|s|i|o|n| |w|e|b|r|e|n|d|e|r|,102210fe594ee9b33d82058545b1ed14f4c8206e,SpeedIndex,microsoft,True,microsoft SpeedIndex opt cold fission webrender,,6,ms,firefox,442001278.0,1819943491,2024-01-03 09:14:24,1355076,,,,,,,,,,,,,,,,,,,,,,,,,,,,,,,,,,,,,,,,,,,,,,,,,,,,,,,,,,,,,TN,TN
d742f492321812a8a13c745bf5fec8e02160d6b2,423.875,mozilla-beta,4168118,13,59f7c57850e9d10762f122855a024e51389d56e5,windows10-64-shippable-qr,True,False,,|c|o|l|d| |f|i|s|s|i|o|n| |w|e|b|r|e|n|d|e|r|,102210fe594ee9b33d82058545b1ed14f4c8206e,SpeedIndex,microsoft,True,microsoft SpeedIndex opt cold fission webrender,,6,ms,firefox,443614478.0,1827206204,2024-01-03 13:24:25,1355143,,,,,,,,,,,,,,,,,,,,,,,,,,,,,,,,,,,,,,,,,,,,,,,,,,,,,,,,,,,,,TN,TN
0a6864b6598435969d2df1d9706c1201fa766b84,393.6,mozilla-beta,4168118,13,59f7c57850e9d10762f122855a024e51389d56e5,windows10-64-shippable-qr,True,False,,|c|o|l|d| |f|i|s|s|i|o|n| |w|e|b|r|e|n|d|e|r|,102210fe594ee9b33d82058545b1ed14f4c8206e,SpeedIndex,microsoft,True,microsoft SpeedIndex opt cold fission webrender,,6,ms,firefox,443614502.0,1827212275,2024-01-03 13:31:46,1355148,,,,,,,,,,,,,,,,,,,,,,,,,,,,,,,,,,,,,,,,,,,,,,,,,,,,,,,,,,,,,TN,TN
1d6c2d565744eabb124d049874d74db63526d4e6,391.17499999999995,mozilla-beta,4168118,13,59f7c57850e9d10762f122855a024e51389d56e5,windows10-64-shippable-qr,True,False,,|c|o|l|d| |f|i|s|s|i|o|n| |w|e|b|r|e|n|d|e|r|,102210fe594ee9b33d82058545b1ed14f4c8206e,SpeedIndex,microsoft,True,microsoft SpeedIndex opt cold fission webrender,,6,ms,firefox,443614488.0,1827206021,2024-01-03 16:29:39,1355238,,,,,,,,,,,,,,,,,,,,,,,,,,,,,,,,,,,,,,,,,,,,,,,,,,,,,,,,,,,,,TN,TN
45542a38854e2e7096d9e03733d1181d5a339d0d,395.625,mozilla-beta,4168118,13,59f7c57850e9d10762f122855a024e51389d56e5,windows10-64-shippable-qr,True,False,,|c|o|l|d| |f|i|s|s|i|o|n| |w|e|b|r|e|n|d|e|r|,102210fe594ee9b33d82058545b1ed14f4c8206e,SpeedIndex,microsoft,True,microsoft SpeedIndex opt cold fission webrender,,6,ms,firefox,443614486.0,1827205899,2024-01-03 16:36:29,1355243,,,,,,,,,,,,,,,,,,,,,,,,,,,,,,,,,,,,,,,,,,,,,,,,,,,,,,,,,,,,,TN,TN
ce04c347f4fd2a7d1eecd4f07bf6021a57c81bf5,396.02,mozilla-beta,4168118,13,59f7c57850e9d10762f122855a024e51389d56e5,windows10-64-shippable-qr,True,False,,|c|o|l|d| |f|i|s|s|i|o|n| |w|e|b|r|e|n|d|e|r|,102210fe594ee9b33d82058545b1ed14f4c8206e,SpeedIndex,microsoft,True,microsoft SpeedIndex opt cold fission webrender,,6,ms,firefox,442122393.0,1820444681,2024-01-04 09:15:57,1355534,,,,,,,,,,,,,,,,,,,,,,,,,,,,,,,,,,,,,,,,,,,,,,,,,,,,,,,,,,,,,TN,TN
906e2d5a9cd68ea63b45a4fa631ac9c9b8e36d2d,391.4,mozilla-beta,4168118,13,59f7c57850e9d10762f122855a024e51389d56e5,windows10-64-shippable-qr,True,False,,|c|o|l|d| |f|i|s|s|i|o|n| |w|e|b|r|e|n|d|e|r|,102210fe594ee9b33d82058545b1ed14f4c8206e,SpeedIndex,microsoft,True,microsoft SpeedIndex opt cold fission webrender,,6,ms,firefox,442175731.0,1820614109,2024-01-04 14:58:07,1355672,,,,,,,,,,,,,,,,,,,,,,,,,,,,,,,,,,,,,,,,,,,,,,,,,,,,,,,,,,,,,TN,TN
32b176eac997edeb8ab017935a010c47614cfc76,391.58000000000004,mozilla-beta,4168118,13,59f7c57850e9d10762f122855a024e51389d56e5,windows10-64-shippable-qr,True,False,,|c|o|l|d| |f|i|s|s|i|o|n| |w|e|b|r|e|n|d|e|r|,102210fe594ee9b33d82058545b1ed14f4c8206e,SpeedIndex,microsoft,True,microsoft SpeedIndex opt cold fission webrender,,6,ms,firefox,442180602.0,1820646467,2024-01-04 16:53:04,1355759,,,,,,,,,,,,,,,,,,,,,,,,,,,,,,,,,,,,,,,,,,,,,,,,,,,,,,,,,,,,,TN,TN
3f5e8c91e6991a90fd63431eef19bf49d39d4f47,389.74,mozilla-beta,4168118,13,59f7c57850e9d10762f122855a024e51389d56e5,windows10-64-shippable-qr,True,False,,|c|o|l|d| |f|i|s|s|i|o|n| |w|e|b|r|e|n|d|e|r|,102210fe594ee9b33d82058545b1ed14f4c8206e,SpeedIndex,microsoft,True,microsoft SpeedIndex opt cold fission webrender,,6,ms,firefox,442207896.0,1820769453,2024-01-04 20:03:49,1355880,,,,,,,,,,,,,,,,,,,,,,,,,,,,,,,,,,,,,,,,,,,,,,,,,,,,,,,,,,,,,TN,TN
50a511fceab95e6b9ab40bea401c53de8de48345,389.91999999999996,mozilla-beta,4168118,13,59f7c57850e9d10762f122855a024e51389d56e5,windows10-64-shippable-qr,True,False,,|c|o|l|d| |f|i|s|s|i|o|n| |w|e|b|r|e|n|d|e|r|,102210fe594ee9b33d82058545b1ed14f4c8206e,SpeedIndex,microsoft,True,microsoft SpeedIndex opt cold fission webrender,,6,ms,firefox,442242206.0,1820946181,2024-01-05 01:09:39,1356047,,,,,,,,,,,,,,,,,,,,,,,,,,,,,,,,,,,,,,,,,,,,,,,,,,,,,,,,,,,,,TN,TN
4dd67d833673e72bfe942beefb346a5533803217,390.86,mozilla-beta,4168118,13,59f7c57850e9d10762f122855a024e51389d56e5,windows10-64-shippable-qr,True,False,,|c|o|l|d| |f|i|s|s|i|o|n| |w|e|b|r|e|n|d|e|r|,102210fe594ee9b33d82058545b1ed14f4c8206e,SpeedIndex,microsoft,True,microsoft SpeedIndex opt cold fission webrender,,6,ms,firefox,442273006.0,1821123588,2024-01-05 09:16:09,1356158,,,,,,,,,,,,,,,,,,,,,,,,,,,,,,,,,,,,,,,,,,,,,,,,,,,,,,,,,,,,,TN,TN
6952ec5c2c564a3a2f64fb3f0982aaf9ce5d9ba6,391.65999999999997,mozilla-beta,4168118,13,59f7c57850e9d10762f122855a024e51389d56e5,windows10-64-shippable-qr,True,False,,|c|o|l|d| |f|i|s|s|i|o|n| |w|e|b|r|e|n|d|e|r|,102210fe594ee9b33d82058545b1ed14f4c8206e,SpeedIndex,microsoft,True,microsoft SpeedIndex opt cold fission webrender,,6,ms,firefox,442766243.0,1823325404,2024-01-05 13:26:43,1356217,,,,,,,,,,,,,,,,,,,,,,,,,,,,,,,,,,,,,,,,,,,,,,,,,,,,,,,,,,,,,TN,TN
92b46f9bd745291f1b3322f26907477795ea141a,397.26,mozilla-beta,4168118,13,59f7c57850e9d10762f122855a024e51389d56e5,windows10-64-shippable-qr,True,False,,|c|o|l|d| |f|i|s|s|i|o|n| |w|e|b|r|e|n|d|e|r|,102210fe594ee9b33d82058545b1ed14f4c8206e,SpeedIndex,microsoft,True,microsoft SpeedIndex opt cold fission webrender,,6,ms,firefox,442766252.0,1823325430,2024-01-05 13:34:50,1356223,,,,,,,,,,,,,,,,,,,,,,,,,,,,,,,,,,,,,,,,,,,,,,,,,,,,,,,,,,,,,TN,TN
5b17b9a97013fd87baed3be5f291807dd048344a,392.58000000000004,mozilla-beta,4168118,13,59f7c57850e9d10762f122855a024e51389d56e5,windows10-64-shippable-qr,True,False,,|c|o|l|d| |f|i|s|s|i|o|n| |w|e|b|r|e|n|d|e|r|,102210fe594ee9b33d82058545b1ed14f4c8206e,SpeedIndex,microsoft,True,microsoft SpeedIndex opt cold fission webrender,,6,ms,firefox,442766254.0,1823325186,2024-01-05 16:51:45,1356335,,,,,,,,,,,,,,,,,,,,,,,,,,,,,,,,,,,,,,,,,,,,,,,,,,,,,,,,,,,,,TN,TN
99d2fa48173affcfe567df7a0c93d082ae0ab4ba,384.1666666666667,mozilla-beta,4168118,13,59f7c57850e9d10762f122855a024e51389d56e5,windows10-64-shippable-qr,True,False,,|c|o|l|d| |f|i|s|s|i|o|n| |w|e|b|r|e|n|d|e|r|,102210fe594ee9b33d82058545b1ed14f4c8206e,SpeedIndex,microsoft,True,microsoft SpeedIndex opt cold fission webrender,,6,ms,firefox,442766266.0,1823325597,2024-01-05 17:09:15,1356353,,,,,,,,,,,,,,,,,,,,,,,,,,,,,,,,,,,,,,,,,,,,,,,,,,,,,,,,,,,,,TN,TN
ac8ebcaf2a5b7ea753e5da4e1a2f97176783acde,417.93333333333334,mozilla-beta,4168118,13,59f7c57850e9d10762f122855a024e51389d56e5,windows10-64-shippable-qr,True,False,,|c|o|l|d| |f|i|s|s|i|o|n| |w|e|b|r|e|n|d|e|r|,102210fe594ee9b33d82058545b1ed14f4c8206e,SpeedIndex,microsoft,True,microsoft SpeedIndex opt cold fission webrender,,6,ms,firefox,442342736.0,1821353623,2024-01-05 18:22:11,1356402,430.07,mozilla-ldap/bacasandrei@mozilla.com,4dd67d833673e72bfe942beefb346a5533803217,40904.0,13.41,early-beta-or-earlier,379.22,2024-01-09 08:11:27.513229,False,13.0,13.0,,|186639|186640|186742|186825|186826|186827|186828|186829|186830|186832|186855|186867|186712|186713|186840|186871|186924|186925|186937|187136|187208|187211|187214|187207|187210|187215|187511|187443|187209|187445|187512|,,1356158.0,5.0,1356402.0,4.0,mozilla-ldap/bacasandrei@mozilla.com,59f7c57850e9d10762f122855a024e51389d56e5,,windows10-64-shippable-qr,1872172.0,mozilla-beta,2024-01-16 02:43:58.650697,,1.0,50.85,186789.0,ms,,,40904.0,102210fe594ee9b33d82058545b1ed14f4c8206e,,True,False,bacasandrei@mozilla.com,,,bacasandrei@mozilla.com,2024-01-09 02:43:58.650697,,afinder: EARLY_BETA_OR_EARLIER,SpeedIndex,OK,True,ac8ebcaf2a5b7ea753e5da4e1a2f97176783acde,,2024-01-11 14:06:59.997274,,,False,,9.27,microsoft,"cold, fission, webrender",,"cold, fission, webrender",2024-01-12 02:43:58.650697,SP,TP
58135a2e05a61896dedbfdb92828f8447dd08839,418.4125,mozilla-beta,4168118,13,59f7c57850e9d10762f122855a024e51389d56e5,windows10-64-shippable-qr,True,False,,|c|o|l|d| |f|i|s|s|i|o|n| |w|e|b|r|e|n|d|e|r|,102210fe594ee9b33d82058545b1ed14f4c8206e,SpeedIndex,microsoft,True,microsoft SpeedIndex opt cold fission webrender,,6,ms,firefox,442360082.0,1821437820,2024-01-05 20:49:22,1356458,,,,,,,,,,,,,,,,,,,,,,,,,,,,,,,,,,,,,,,,,,,,,,,,,,,,,,,,,,,,,TN,TN
485470488b1abea00facf0175c325c8d063e4977,418.775,mozilla-beta,4168118,13,59f7c57850e9d10762f122855a024e51389d56e5,windows10-64-shippable-qr,True,False,,|c|o|l|d| |f|i|s|s|i|o|n| |w|e|b|r|e|n|d|e|r|,102210fe594ee9b33d82058545b1ed14f4c8206e,SpeedIndex,microsoft,True,microsoft SpeedIndex opt cold fission webrender,,6,ms,firefox,442384754.0,1821537116,2024-01-06 01:09:09,1356562,,,,,,,,,,,,,,,,,,,,,,,,,,,,,,,,,,,,,,,,,,,,,,,,,,,,,,,,,,,,,TN,TN
9c528f6a2d3f298f85c0fbfb5dbf90c07c731bde,413.40000000000003,mozilla-beta,4168118,13,59f7c57850e9d10762f122855a024e51389d56e5,windows10-64-shippable-qr,True,False,,|c|o|l|d| |f|i|s|s|i|o|n| |w|e|b|r|e|n|d|e|r|,102210fe594ee9b33d82058545b1ed14f4c8206e,SpeedIndex,microsoft,True,microsoft SpeedIndex opt cold fission webrender,,6,ms,firefox,442400454.0,1821636889,2024-01-06 09:15:28,1356605,,,,,,,,,,,,,,,,,,,,,,,,,,,,,,,,,,,,,,,,,,,,,,,,,,,,,,,,,,,,,TN,TN
2e9b153efbb6f856c8ed87b95cf1ac9dd20a45b7,439.51666666666665,mozilla-beta,4168118,13,59f7c57850e9d10762f122855a024e51389d56e5,windows10-64-shippable-qr,True,False,,|c|o|l|d| |f|i|s|s|i|o|n| |w|e|b|r|e|n|d|e|r|,102210fe594ee9b33d82058545b1ed14f4c8206e,SpeedIndex,microsoft,True,microsoft SpeedIndex opt cold fission webrender,,6,ms,firefox,442422585.0,1821721537,2024-01-06 15:19:54,1356645,,,,,,,,,,,,,,,,,,,,,,,,,,,,,,,,,,,,,,,,,,,,,,,,,,,,,,,,,,,,,TN,TN
5e75cc52b6ad48285de6f9fed2b0fb5794abfbd2,422.9,mozilla-beta,4168118,13,59f7c57850e9d10762f122855a024e51389d56e5,windows10-64-shippable-qr,True,False,,|c|o|l|d| |f|i|s|s|i|o|n| |w|e|b|r|e|n|d|e|r|,102210fe594ee9b33d82058545b1ed14f4c8206e,SpeedIndex,microsoft,True,microsoft SpeedIndex opt cold fission webrender,,6,ms,firefox,442460087.0,1821880814,2024-01-07 09:17:56,1356692,,,,,,,,,,,,,,,,,,,,,,,,,,,,,,,,,,,,,,,,,,,,,,,,,,,,,,,,,,,,,TN,TN
885ea847d3331c863d19212766658950b11e5407,412.6,mozilla-beta,4168118,13,59f7c57850e9d10762f122855a024e51389d56e5,windows10-64-shippable-qr,True,False,,|c|o|l|d| |f|i|s|s|i|o|n| |w|e|b|r|e|n|d|e|r|,102210fe594ee9b33d82058545b1ed14f4c8206e,SpeedIndex,microsoft,True,microsoft SpeedIndex opt cold fission webrender,,6,ms,firefox,442474487.0,1821953915,2024-01-07 18:28:43,1356730,,,,,,,,,,,,,,,,,,,,,,,,,,,,,,,,,,,,,,,,,,,,,,,,,,,,,,,,,,,,,TN,TN
ed03304f78a28b0a0ecf2c2c791a58bb2c37e2e1,402.0,mozilla-beta,4168118,13,59f7c57850e9d10762f122855a024e51389d56e5,windows10-64-shippable-qr,True,False,,|c|o|l|d| |f|i|s|s|i|o|n| |w|e|b|r|e|n|d|e|r|,102210fe594ee9b33d82058545b1ed14f4c8206e,SpeedIndex,microsoft,True,microsoft SpeedIndex opt cold fission webrender,,6,ms,firefox,442508372.0,1822147456,2024-01-08 09:17:55,1356809,,,,,,,,,,,,,,,,,,,,,,,,,,,,,,,,,,,,,,,,,,,,,,,,,,,,,,,,,,,,,TN,TN
cb26dd9df7797b99f7ec437a612c4ff4cd0ce0cb,434.8,mozilla-beta,4168118,13,59f7c57850e9d10762f122855a024e51389d56e5,windows10-64-shippable-qr,True,False,,|c|o|l|d| |f|i|s|s|i|o|n| |w|e|b|r|e|n|d|e|r|,102210fe594ee9b33d82058545b1ed14f4c8206e,SpeedIndex,microsoft,True,microsoft SpeedIndex opt cold fission webrender,,6,ms,firefox,442613473.0,1822541281,2024-01-08 22:54:52,1357275,,,,,,,,,,,,,,,,,,,,,,,,,,,,,,,,,,,,,,,,,,,,,,,,,,,,,,,,,,,,,TN,TN
c0d623436ac17c8638fcbb38b63ceb7fd275a48e,430.8,mozilla-beta,4168118,13,59f7c57850e9d10762f122855a024e51389d56e5,windows10-64-shippable-qr,True,False,,|c|o|l|d| |f|i|s|s|i|o|n| |w|e|b|r|e|n|d|e|r|,102210fe594ee9b33d82058545b1ed14f4c8206e,SpeedIndex,microsoft,True,microsoft SpeedIndex opt cold fission webrender,,6,ms,firefox,442621357.0,1822566318,2024-01-08 23:52:49,1357287,,,,,,,,,,,,,,,,,,,,,,,,,,,,,,,,,,,,,,,,,,,,,,,,,,,,,,,,,,,,,TN,TN
c9cd85e698c4e4cb8bbefc33ea5a425cbad37065,422.4,mozilla-beta,4168118,13,59f7c57850e9d10762f122855a024e51389d56e5,windows10-64-shippable-qr,True,False,,|c|o|l|d| |f|i|s|s|i|o|n| |w|e|b|r|e|n|d|e|r|,102210fe594ee9b33d82058545b1ed14f4c8206e,SpeedIndex,microsoft,True,microsoft SpeedIndex opt cold fission webrender,,6,ms,firefox,442658998.0,1822828156,2024-01-09 09:17:15,1357420,,,,,,,,,,,,,,,,,,,,,,,,,,,,,,,,,,,,,,,,,,,,,,,,,,,,,,,,,,,,,TN,TN
a767de77c36f2217078b0bfe677f2fd5156d2981,422.1,mozilla-beta,4168118,13,59f7c57850e9d10762f122855a024e51389d56e5,windows10-64-shippable-qr,True,False,,|c|o|l|d| |f|i|s|s|i|o|n| |w|e|b|r|e|n|d|e|r|,102210fe594ee9b33d82058545b1ed14f4c8206e,SpeedIndex,microsoft,True,microsoft SpeedIndex opt cold fission webrender,,6,ms,firefox,442715897.0,1823036310,2024-01-09 13:49:14,1357515,,,,,,,,,,,,,,,,,,,,,,,,,,,,,,,,,,,,,,,,,,,,,,,,,,,,,,,,,,,,,TN,TN
ae62b3513025e2c8ca8e1d2832fa67c1ff5f1d37,406.0,mozilla-beta,4168118,13,59f7c57850e9d10762f122855a024e51389d56e5,windows10-64-shippable-qr,True,False,,|c|o|l|d| |f|i|s|s|i|o|n| |w|e|b|r|e|n|d|e|r|,102210fe594ee9b33d82058545b1ed14f4c8206e,SpeedIndex,microsoft,True,microsoft SpeedIndex opt cold fission webrender,,6,ms,firefox,442720016.0,1823050326,2024-01-09 15:29:01,1357572,,,,,,,,,,,,,,,,,,,,,,,,,,,,,,,,,,,,,,,,,,,,,,,,,,,,,,,,,,,,,TN,TN
1c73ddceaf7f1ded154a275d7652f31cf7dbdcee,415.2,mozilla-beta,4168118,13,59f7c57850e9d10762f122855a024e51389d56e5,windows10-64-shippable-qr,True,False,,|c|o|l|d| |f|i|s|s|i|o|n| |w|e|b|r|e|n|d|e|r|,102210fe594ee9b33d82058545b1ed14f4c8206e,SpeedIndex,microsoft,True,microsoft SpeedIndex opt cold fission webrender,,6,ms,firefox,442729751.0,1823121809,2024-01-09 17:28:56,1357647,,,,,,,,,,,,,,,,,,,,,,,,,,,,,,,,,,,,,,,,,,,,,,,,,,,,,,,,,,,,,TN,TN
3415efad3e4089c6866cd14dd6e6020c0e00d28d,418.0,mozilla-beta,4168118,13,59f7c57850e9d10762f122855a024e51389d56e5,windows10-64-shippable-qr,True,False,,|c|o|l|d| |f|i|s|s|i|o|n| |w|e|b|r|e|n|d|e|r|,102210fe594ee9b33d82058545b1ed14f4c8206e,SpeedIndex,microsoft,True,microsoft SpeedIndex opt cold fission webrender,,6,ms,firefox,442756098.0,1823255170,2024-01-09 21:35:52,1357808,,,,,,,,,,,,,,,,,,,,,,,,,,,,,,,,,,,,,,,,,,,,,,,,,,,,,,,,,,,,,TN,TN
b8b36a4962ceb8a64e2b1379cfebb98d97f30db1,412.3,mozilla-beta,4168118,13,59f7c57850e9d10762f122855a024e51389d56e5,windows10-64-shippable-qr,True,False,,|c|o|l|d| |f|i|s|s|i|o|n| |w|e|b|r|e|n|d|e|r|,102210fe594ee9b33d82058545b1ed14f4c8206e,SpeedIndex,microsoft,True,microsoft SpeedIndex opt cold fission webrender,,6,ms,firefox,442808742.0,1823561171,2024-01-10 09:14:43,1358061,,,,,,,,,,,,,,,,,,,,,,,,,,,,,,,,,,,,,,,,,,,,,,,,,,,,,,,,,,,,,TN,TN
1c947b443a61a5c9c43752744026ea5a72952407,425.3,mozilla-beta,4168118,13,59f7c57850e9d10762f122855a024e51389d56e5,windows10-64-shippable-qr,True,False,,|c|o|l|d| |f|i|s|s|i|o|n| |w|e|b|r|e|n|d|e|r|,102210fe594ee9b33d82058545b1ed14f4c8206e,SpeedIndex,microsoft,True,microsoft SpeedIndex opt cold fission webrender,,6,ms,firefox,442871623.0,1823791831,2024-01-10 17:59:27,1358338,,,,,,,,,,,,,,,,,,,,,,,,,,,,,,,,,,,,,,,,,,,,,,,,,,,,,,,,,,,,,TN,TN
058f5ecca74f78917ffc085b9d15fde3c2d1b19e,412.9,mozilla-beta,4168118,13,59f7c57850e9d10762f122855a024e51389d56e5,windows10-64-shippable-qr,True,False,,|c|o|l|d| |f|i|s|s|i|o|n| |w|e|b|r|e|n|d|e|r|,102210fe594ee9b33d82058545b1ed14f4c8206e,SpeedIndex,microsoft,True,microsoft SpeedIndex opt cold fission webrender,,6,ms,firefox,442885983.0,1823866753,2024-01-10 20:48:24,1358423,,,,,,,,,,,,,,,,,,,,,,,,,,,,,,,,,,,,,,,,,,,,,,,,,,,,,,,,,,,,,TN,TN
992288afe8d0ffa9e60b761be9093c8e6eb3fbb7,415.1,mozilla-beta,4168118,13,59f7c57850e9d10762f122855a024e51389d56e5,windows10-64-shippable-qr,True,False,,|c|o|l|d| |f|i|s|s|i|o|n| |w|e|b|r|e|n|d|e|r|,102210fe594ee9b33d82058545b1ed14f4c8206e,SpeedIndex,microsoft,True,microsoft SpeedIndex opt cold fission webrender,,6,ms,firefox,442938598.0,1824108517,2024-01-11 09:17:43,1358656,,,,,,,,,,,,,,,,,,,,,,,,,,,,,,,,,,,,,,,,,,,,,,,,,,,,,,,,,,,,,TN,TN
9a06019252c118922797ed16d4e13e1ad117443f,420.8,mozilla-beta,4168118,13,59f7c57850e9d10762f122855a024e51389d56e5,windows10-64-shippable-qr,True,False,,|c|o|l|d| |f|i|s|s|i|o|n| |w|e|b|r|e|n|d|e|r|,102210fe594ee9b33d82058545b1ed14f4c8206e,SpeedIndex,microsoft,True,microsoft SpeedIndex opt cold fission webrender,,6,ms,firefox,442971134.0,1824199241,2024-01-11 13:18:39,1358732,,,,,,,,,,,,,,,,,,,,,,,,,,,,,,,,,,,,,,,,,,,,,,,,,,,,,,,,,,,,,TN,TN
16c6d6fd0b7b91c42098ca497227afc85200e274,405.1,mozilla-beta,4168118,13,59f7c57850e9d10762f122855a024e51389d56e5,windows10-64-shippable-qr,True,False,,|c|o|l|d| |f|i|s|s|i|o|n| |w|e|b|r|e|n|d|e|r|,102210fe594ee9b33d82058545b1ed14f4c8206e,SpeedIndex,microsoft,True,microsoft SpeedIndex opt cold fission webrender,,6,ms,firefox,442979859.0,1824251777,2024-01-11 14:26:20,1358780,,,,,,,,,,,,,,,,,,,,,,,,,,,,,,,,,,,,,,,,,,,,,,,,,,,,,,,,,,,,,TN,TN
d260003b40f752bb45d999ed00928e630c7c66a7,427.4,mozilla-beta,4168118,13,59f7c57850e9d10762f122855a024e51389d56e5,windows10-64-shippable-qr,True,False,,|c|o|l|d| |f|i|s|s|i|o|n| |w|e|b|r|e|n|d|e|r|,102210fe594ee9b33d82058545b1ed14f4c8206e,SpeedIndex,microsoft,True,microsoft SpeedIndex opt cold fission webrender,,6,ms,firefox,442994436.0,1824307747,2024-01-11 16:43:59,1358856,,,,,,,,,,,,,,,,,,,,,,,,,,,,,,,,,,,,,,,,,,,,,,,,,,,,,,,,,,,,,TN,TN
748ce48e1c34429d4d111ac1fde02a5557c4a9f8,424.9,mozilla-beta,4168118,13,59f7c57850e9d10762f122855a024e51389d56e5,windows10-64-shippable-qr,True,False,,|c|o|l|d| |f|i|s|s|i|o|n| |w|e|b|r|e|n|d|e|r|,102210fe594ee9b33d82058545b1ed14f4c8206e,SpeedIndex,microsoft,True,microsoft SpeedIndex opt cold fission webrender,,6,ms,firefox,443020942.0,1824400282,2024-01-11 17:41:16,1358889,,,,,,,,,,,,,,,,,,,,,,,,,,,,,,,,,,,,,,,,,,,,,,,,,,,,,,,,,,,,,TN,TN
9715d8623d12cc7ebaf509c0ad27fcf5199aff43,420.1,mozilla-beta,4168118,13,59f7c57850e9d10762f122855a024e51389d56e5,windows10-64-shippable-qr,True,False,,|c|o|l|d| |f|i|s|s|i|o|n| |w|e|b|r|e|n|d|e|r|,102210fe594ee9b33d82058545b1ed14f4c8206e,SpeedIndex,microsoft,True,microsoft SpeedIndex opt cold fission webrender,,6,ms,firefox,443014839.0,1824379134,2024-01-11 19:01:33,1358950,,,,,,,,,,,,,,,,,,,,,,,,,,,,,,,,,,,,,,,,,,,,,,,,,,,,,,,,,,,,,TN,TN
f1680a61c0147d32a705da518f11c7c5ba058c0b,414.3,mozilla-beta,4168118,13,59f7c57850e9d10762f122855a024e51389d56e5,windows10-64-shippable-qr,True,False,,|c|o|l|d| |f|i|s|s|i|o|n| |w|e|b|r|e|n|d|e|r|,102210fe594ee9b33d82058545b1ed14f4c8206e,SpeedIndex,microsoft,True,microsoft SpeedIndex opt cold fission webrender,,6,ms,firefox,443034411.0,1824462097,2024-01-11 21:09:26,1359049,,,,,,,,,,,,,,,,,,,,,,,,,,,,,,,,,,,,,,,,,,,,,,,,,,,,,,,,,,,,,TN,TN
430bc538df76d847c89d2f0c061edc59172f2afa,431.3,mozilla-beta,4168118,13,59f7c57850e9d10762f122855a024e51389d56e5,windows10-64-shippable-qr,True,False,,|c|o|l|d| |f|i|s|s|i|o|n| |w|e|b|r|e|n|d|e|r|,102210fe594ee9b33d82058545b1ed14f4c8206e,SpeedIndex,microsoft,True,microsoft SpeedIndex opt cold fission webrender,,6,ms,firefox,443098549.0,1824854496,2024-01-12 09:19:33,1359270,,,,,,,,,,,,,,,,,,,,,,,,,,,,,,,,,,,,,,,,,,,,,,,,,,,,,,,,,,,,,TN,TN
959d0f8f4396d1d80484b553645b1803f3dd9be7,420.0,mozilla-beta,4168118,13,59f7c57850e9d10762f122855a024e51389d56e5,windows10-64-shippable-qr,True,False,,|c|o|l|d| |f|i|s|s|i|o|n| |w|e|b|r|e|n|d|e|r|,102210fe594ee9b33d82058545b1ed14f4c8206e,SpeedIndex,microsoft,True,microsoft SpeedIndex opt cold fission webrender,,6,ms,firefox,443210544.0,1825452451,2024-01-13 09:16:07,1359847,,,,,,,,,,,,,,,,,,,,,,,,,,,,,,,,,,,,,,,,,,,,,,,,,,,,,,,,,,,,,TN,TN
44093ca559de6f3beaeb00abec708d5c4ab40e4d,443.5,mozilla-beta,4168118,13,59f7c57850e9d10762f122855a024e51389d56e5,windows10-64-shippable-qr,True,False,,|c|o|l|d| |f|i|s|s|i|o|n| |w|e|b|r|e|n|d|e|r|,102210fe594ee9b33d82058545b1ed14f4c8206e,SpeedIndex,microsoft,True,microsoft SpeedIndex opt cold fission webrender,,6,ms,firefox,443231386.0,1825542163,2024-01-13 16:02:48,1359890,,,,,,,,,,,,,,,,,,,,,,,,,,,,,,,,,,,,,,,,,,,,,,,,,,,,,,,,,,,,,TN,TN
e218ab8c6c4ad6f20e76fe6d04737516fa8cc066,410.9,mozilla-beta,4168118,13,59f7c57850e9d10762f122855a024e51389d56e5,windows10-64-shippable-qr,True,False,,|c|o|l|d| |f|i|s|s|i|o|n| |w|e|b|r|e|n|d|e|r|,102210fe594ee9b33d82058545b1ed14f4c8206e,SpeedIndex,microsoft,True,microsoft SpeedIndex opt cold fission webrender,,6,ms,firefox,443246414.0,1825591824,2024-01-13 22:16:30,1359907,,,,,,,,,,,,,,,,,,,,,,,,,,,,,,,,,,,,,,,,,,,,,,,,,,,,,,,,,,,,,TN,TN
ab41b123c54d2dd534bf90a30be6cd952ce32701,419.2,mozilla-beta,4168118,13,59f7c57850e9d10762f122855a024e51389d56e5,windows10-64-shippable-qr,True,False,,|c|o|l|d| |f|i|s|s|i|o|n| |w|e|b|r|e|n|d|e|r|,102210fe594ee9b33d82058545b1ed14f4c8206e,SpeedIndex,microsoft,True,microsoft SpeedIndex opt cold fission webrender,,6,ms,firefox,443262650.0,1825665054,2024-01-14 09:15:54,1359931,,,,,,,,,,,,,,,,,,,,,,,,,,,,,,,,,,,,,,,,,,,,,,,,,,,,,,,,,,,,,TN,TN
a6cacb7e4e89168e25318dc76342bdc0f68a1f6a,438.8,mozilla-beta,4168118,13,59f7c57850e9d10762f122855a024e51389d56e5,windows10-64-shippable-qr,True,False,,|c|o|l|d| |f|i|s|s|i|o|n| |w|e|b|r|e|n|d|e|r|,102210fe594ee9b33d82058545b1ed14f4c8206e,SpeedIndex,microsoft,True,microsoft SpeedIndex opt cold fission webrender,,6,ms,firefox,443279410.0,1825785367,2024-01-14 15:27:17,1359950,,,,,,,,,,,,,,,,,,,,,,,,,,,,,,,,,,,,,,,,,,,,,,,,,,,,,,,,,,,,,TN,TN
eca25a6c75b2b48b5d51e33799cfa5619ec4b41b,431.8,mozilla-beta,4168118,13,59f7c57850e9d10762f122855a024e51389d56e5,windows10-64-shippable-qr,True,False,,|c|o|l|d| |f|i|s|s|i|o|n| |w|e|b|r|e|n|d|e|r|,102210fe594ee9b33d82058545b1ed14f4c8206e,SpeedIndex,microsoft,True,microsoft SpeedIndex opt cold fission webrender,,6,ms,firefox,443312046.0,1825927986,2024-01-15 09:20:30,1360049,,,,,,,,,,,,,,,,,,,,,,,,,,,,,,,,,,,,,,,,,,,,,,,,,,,,,,,,,,,,,TN,TN
c846bf199dfcaa66ba615dda08ed63002a9a4f5b,445.9,mozilla-beta,4168118,13,59f7c57850e9d10762f122855a024e51389d56e5,windows10-64-shippable-qr,True,False,,|c|o|l|d| |f|i|s|s|i|o|n| |w|e|b|r|e|n|d|e|r|,102210fe594ee9b33d82058545b1ed14f4c8206e,SpeedIndex,microsoft,True,microsoft SpeedIndex opt cold fission webrender,,6,ms,firefox,443346463.0,1826061085,2024-01-15 13:24:03,1360131,,,,,,,,,,,,,,,,,,,,,,,,,,,,,,,,,,,,,,,,,,,,,,,,,,,,,,,,,,,,,TN,TN
c6160723962a82923b2eb3ed4ab471dedcd541b2,433.7,mozilla-beta,4168118,13,59f7c57850e9d10762f122855a024e51389d56e5,windows10-64-shippable-qr,True,False,,|c|o|l|d| |f|i|s|s|i|o|n| |w|e|b|r|e|n|d|e|r|,102210fe594ee9b33d82058545b1ed14f4c8206e,SpeedIndex,microsoft,True,microsoft SpeedIndex opt cold fission webrender,,6,ms,firefox,444130739.0,1829815345,2024-01-22 11:29:22,1363744,,,,,,,,,,,,,,,,,,,,,,,,,,,,,,,,,,,,,,,,,,,,,,,,,,,,,,,,,,,,,TN,TN
1849dfd4ad15cc21f294ed2bb5e95364a5ba7140,386.3,mozilla-beta,4168118,13,59f7c57850e9d10762f122855a024e51389d56e5,windows10-64-shippable-qr,True,False,,|c|o|l|d| |f|i|s|s|i|o|n| |w|e|b|r|e|n|d|e|r|,102210fe594ee9b33d82058545b1ed14f4c8206e,SpeedIndex,microsoft,True,microsoft SpeedIndex opt cold fission webrender,,6,ms,firefox,444168658.0,1829987850,2024-01-22 15:46:15,1363910,,,,,,,,,,,,,,,,,,,,,,,,,,,,,,,,,,,,,,,,,,,,,,,,,,,,,,,,,,,,,TN,TN
a1ee3c36f7e989b25781c96cb9a1c05d8019b6cf,392.4,mozilla-beta,4168118,13,59f7c57850e9d10762f122855a024e51389d56e5,windows10-64-shippable-qr,True,False,,|c|o|l|d| |f|i|s|s|i|o|n| |w|e|b|r|e|n|d|e|r|,102210fe594ee9b33d82058545b1ed14f4c8206e,SpeedIndex,microsoft,True,microsoft SpeedIndex opt cold fission webrender,,6,ms,firefox,444197209.0,1830091635,2024-01-22 17:47:55,1364018,,,,,,,,,,,,,,,,,,,,,,,,,,,,,,,,,,,,,,,,,,,,,,,,,,,,,,,,,,,,,TN,TN
907ecf82b6894587f638cc66a3b504fb613f799c,402.8,mozilla-beta,4168118,13,59f7c57850e9d10762f122855a024e51389d56e5,windows10-64-shippable-qr,True,False,,|c|o|l|d| |f|i|s|s|i|o|n| |w|e|b|r|e|n|d|e|r|,102210fe594ee9b33d82058545b1ed14f4c8206e,SpeedIndex,microsoft,True,microsoft SpeedIndex opt cold fission webrender,,6,ms,firefox,444281215.0,1830486269,2024-01-23 09:18:19,1364457,,,,,,,,,,,,,,,,,,,,,,,,,,,,,,,,,,,,,,,,,,,,,,,,,,,,,,,,,,,,,TN,TN
910cf83cb449ad5a555da886fec6b064e22043bd,389.2,mozilla-beta,4168118,13,59f7c57850e9d10762f122855a024e51389d56e5,windows10-64-shippable-qr,True,False,,|c|o|l|d| |f|i|s|s|i|o|n| |w|e|b|r|e|n|d|e|r|,102210fe594ee9b33d82058545b1ed14f4c8206e,SpeedIndex,microsoft,True,microsoft SpeedIndex opt cold fission webrender,,6,ms,firefox,444327943.0,1830733761,2024-01-23 16:21:35,1364713,,,,,,,,,,,,,,,,,,,,,,,,,,,,,,,,,,,,,,,,,,,,,,,,,,,,,,,,,,,,,TN,TN
547151893bb442136e4a9b2f8c4b541895aa3e1e,438.2,mozilla-beta,4168118,13,59f7c57850e9d10762f122855a024e51389d56e5,windows10-64-shippable-qr,True,False,,|c|o|l|d| |f|i|s|s|i|o|n| |w|e|b|r|e|n|d|e|r|,102210fe594ee9b33d82058545b1ed14f4c8206e,SpeedIndex,microsoft,True,microsoft SpeedIndex opt cold fission webrender,,6,ms,firefox,444331046.0,1830746185,2024-01-23 16:37:03,1364733,,,,,,,,,,,,,,,,,,,,,,,,,,,,,,,,,,,,,,,,,,,,,,,,,,,,,,,,,,,,,TN,TN
ade0334006fbd178e5fdd21f3be572da0801a978,393.4,mozilla-beta,4168118,13,59f7c57850e9d10762f122855a024e51389d56e5,windows10-64-shippable-qr,True,False,,|c|o|l|d| |f|i|s|s|i|o|n| |w|e|b|r|e|n|d|e|r|,102210fe594ee9b33d82058545b1ed14f4c8206e,SpeedIndex,microsoft,True,microsoft SpeedIndex opt cold fission webrender,,6,ms,firefox,444331886.0,1830776367,2024-01-23 17:01:05,1364758,,,,,,,,,,,,,,,,,,,,,,,,,,,,,,,,,,,,,,,,,,,,,,,,,,,,,,,,,,,,,TN,TN
e3af39ea2780b6c6e53d63e7d0bc9bca40e59bdd,402.7,mozilla-beta,4168118,13,59f7c57850e9d10762f122855a024e51389d56e5,windows10-64-shippable-qr,True,False,,|c|o|l|d| |f|i|s|s|i|o|n| |w|e|b|r|e|n|d|e|r|,102210fe594ee9b33d82058545b1ed14f4c8206e,SpeedIndex,microsoft,True,microsoft SpeedIndex opt cold fission webrender,,6,ms,firefox,444411764.0,1831190015,2024-01-24 07:46:30,1365279,,,,,,,,,,,,,,,,,,,,,,,,,,,,,,,,,,,,,,,,,,,,,,,,,,,,,,,,,,,,,TN,TN
a341c4cfe66c45bb2908deb2809c6927497b0690,398.8,mozilla-beta,4168118,13,59f7c57850e9d10762f122855a024e51389d56e5,windows10-64-shippable-qr,True,False,,|c|o|l|d| |f|i|s|s|i|o|n| |w|e|b|r|e|n|d|e|r|,102210fe594ee9b33d82058545b1ed14f4c8206e,SpeedIndex,microsoft,True,microsoft SpeedIndex opt cold fission webrender,,6,ms,firefox,444423233.0,1831237361,2024-01-24 09:17:45,1365303,,,,,,,,,,,,,,,,,,,,,,,,,,,,,,,,,,,,,,,,,,,,,,,,,,,,,,,,,,,,,TN,TN
826c3bfca9fb43d3d63c58f52dc0a11475591511,388.6,mozilla-beta,4168118,13,59f7c57850e9d10762f122855a024e51389d56e5,windows10-64-shippable-qr,True,False,,|c|o|l|d| |f|i|s|s|i|o|n| |w|e|b|r|e|n|d|e|r|,102210fe594ee9b33d82058545b1ed14f4c8206e,SpeedIndex,microsoft,True,microsoft SpeedIndex opt cold fission webrender,,6,ms,firefox,444441823.0,1831318687,2024-01-24 10:10:04,1365331,,,,,,,,,,,,,,,,,,,,,,,,,,,,,,,,,,,,,,,,,,,,,,,,,,,,,,,,,,,,,TN,TN
190710fe87f9f6d48f6d39ac3aed4ed8b89ce3e6,394.1,mozilla-beta,4168118,13,59f7c57850e9d10762f122855a024e51389d56e5,windows10-64-shippable-qr,True,False,,|c|o|l|d| |f|i|s|s|i|o|n| |w|e|b|r|e|n|d|e|r|,102210fe594ee9b33d82058545b1ed14f4c8206e,SpeedIndex,microsoft,True,microsoft SpeedIndex opt cold fission webrender,,6,ms,firefox,444441674.0,1831305167,2024-01-24 10:20:23,1365334,,,,,,,,,,,,,,,,,,,,,,,,,,,,,,,,,,,,,,,,,,,,,,,,,,,,,,,,,,,,,TN,TN
aca480ec983e358d61afa4f987f90abc8d01636a,420.7,mozilla-beta,4168118,13,59f7c57850e9d10762f122855a024e51389d56e5,windows10-64-shippable-qr,True,False,,|c|o|l|d| |f|i|s|s|i|o|n| |w|e|b|r|e|n|d|e|r|,102210fe594ee9b33d82058545b1ed14f4c8206e,SpeedIndex,microsoft,True,microsoft SpeedIndex opt cold fission webrender,,6,ms,firefox,444563446.0,1831888148,2024-01-25 08:17:18,1366099,,,,,,,,,,,,,,,,,,,,,,,,,,,,,,,,,,,,,,,,,,,,,,,,,,,,,,,,,,,,,TN,TN
01412b6a709468aeafa6f8f6dc28b7d0586a3ee9,413.4,mozilla-beta,4168118,13,59f7c57850e9d10762f122855a024e51389d56e5,windows10-64-shippable-qr,True,False,,|c|o|l|d| |f|i|s|s|i|o|n| |w|e|b|r|e|n|d|e|r|,102210fe594ee9b33d82058545b1ed14f4c8206e,SpeedIndex,microsoft,True,microsoft SpeedIndex opt cold fission webrender,,6,ms,firefox,444570760.0,1831932098,2024-01-25 09:16:24,1366119,,,,,,,,,,,,,,,,,,,,,,,,,,,,,,,,,,,,,,,,,,,,,,,,,,,,,,,,,,,,,TN,TN
c0a71cb5e7b2999e78e5db5ed9e7df1b04f536a9,420.3,mozilla-beta,4168118,13,59f7c57850e9d10762f122855a024e51389d56e5,windows10-64-shippable-qr,True,False,,|c|o|l|d| |f|i|s|s|i|o|n| |w|e|b|r|e|n|d|e|r|,102210fe594ee9b33d82058545b1ed14f4c8206e,SpeedIndex,microsoft,True,microsoft SpeedIndex opt cold fission webrender,,6,ms,firefox,444596931.0,1832014439,2024-01-25 11:40:50,1366197,,,,,,,,,,,,,,,,,,,,,,,,,,,,,,,,,,,,,,,,,,,,,,,,,,,,,,,,,,,,,TN,TN
390710073437ce59c6f7f62270eb9330d73e6fca,407.0,mozilla-beta,4168118,13,59f7c57850e9d10762f122855a024e51389d56e5,windows10-64-shippable-qr,True,False,,|c|o|l|d| |f|i|s|s|i|o|n| |w|e|b|r|e|n|d|e|r|,102210fe594ee9b33d82058545b1ed14f4c8206e,SpeedIndex,microsoft,True,microsoft SpeedIndex opt cold fission webrender,,6,ms,firefox,444649556.0,1832327533,2024-01-25 19:55:43,1366536,,,,,,,,,,,,,,,,,,,,,,,,,,,,,,,,,,,,,,,,,,,,,,,,,,,,,,,,,,,,,TN,TN
c05637a5653cb097918ec5b22dd71b5279169ddb,405.5,mozilla-beta,4168118,13,59f7c57850e9d10762f122855a024e51389d56e5,windows10-64-shippable-qr,True,False,,|c|o|l|d| |f|i|s|s|i|o|n| |w|e|b|r|e|n|d|e|r|,102210fe594ee9b33d82058545b1ed14f4c8206e,SpeedIndex,microsoft,True,microsoft SpeedIndex opt cold fission webrender,,6,ms,firefox,444714611.0,1832628058,2024-01-26 08:22:35,1366833,,,,,,,,,,,,,,,,,,,,,,,,,,,,,,,,,,,,,,,,,,,,,,,,,,,,,,,,,,,,,TN,TN
e552c30b3f85cc56279a47561e2d60959e2257d2,406.2,mozilla-beta,4168118,13,59f7c57850e9d10762f122855a024e51389d56e5,windows10-64-shippable-qr,True,False,,|c|o|l|d| |f|i|s|s|i|o|n| |w|e|b|r|e|n|d|e|r|,102210fe594ee9b33d82058545b1ed14f4c8206e,SpeedIndex,microsoft,True,microsoft SpeedIndex opt cold fission webrender,,6,ms,firefox,444714340.0,1832612231,2024-01-26 08:30:00,1366836,,,,,,,,,,,,,,,,,,,,,,,,,,,,,,,,,,,,,,,,,,,,,,,,,,,,,,,,,,,,,TN,TN
e22e283373bd323eeb3f3cc73810cf33dff95e72,402.9,mozilla-beta,4168118,13,59f7c57850e9d10762f122855a024e51389d56e5,windows10-64-shippable-qr,True,False,,|c|o|l|d| |f|i|s|s|i|o|n| |w|e|b|r|e|n|d|e|r|,102210fe594ee9b33d82058545b1ed14f4c8206e,SpeedIndex,microsoft,True,microsoft SpeedIndex opt cold fission webrender,,6,ms,firefox,444722145.0,1832667032,2024-01-26 09:16:53,1366862,,,,,,,,,,,,,,,,,,,,,,,,,,,,,,,,,,,,,,,,,,,,,,,,,,,,,,,,,,,,,TN,TN
aad4bcfe43cfbfc141d35fa756e9b9cc2683da95,392.8,mozilla-beta,4168118,13,59f7c57850e9d10762f122855a024e51389d56e5,windows10-64-shippable-qr,True,False,,|c|o|l|d| |f|i|s|s|i|o|n| |w|e|b|r|e|n|d|e|r|,102210fe594ee9b33d82058545b1ed14f4c8206e,SpeedIndex,microsoft,True,microsoft SpeedIndex opt cold fission webrender,,6,ms,firefox,444864776.0,1833497751,2024-01-27 09:16:18,1367460,,,,,,,,,,,,,,,,,,,,,,,,,,,,,,,,,,,,,,,,,,,,,,,,,,,,,,,,,,,,,TN,TN
377509ad7f1c94e37f8ee0560d01586a06a25c5a,384.7,mozilla-beta,4168118,13,59f7c57850e9d10762f122855a024e51389d56e5,windows10-64-shippable-qr,True,False,,|c|o|l|d| |f|i|s|s|i|o|n| |w|e|b|r|e|n|d|e|r|,102210fe594ee9b33d82058545b1ed14f4c8206e,SpeedIndex,microsoft,True,microsoft SpeedIndex opt cold fission webrender,,6,ms,firefox,444924196.0,1833821624,2024-01-28 09:14:37,1367551,,,,,,,,,,,,,,,,,,,,,,,,,,,,,,,,,,,,,,,,,,,,,,,,,,,,,,,,,,,,,TN,TN
8ac8d5e3f345fb5c9ffad36d03b770d93f82e5f9,534.8,mozilla-beta,4168118,13,59f7c57850e9d10762f122855a024e51389d56e5,windows10-64-shippable-qr,True,False,,|c|o|l|d| |f|i|s|s|i|o|n| |w|e|b|r|e|n|d|e|r|,102210fe594ee9b33d82058545b1ed14f4c8206e,SpeedIndex,microsoft,True,microsoft SpeedIndex opt cold fission webrender,,6,ms,firefox,444931218.0,1833848496,2024-01-28 10:21:01,1367559,,,,,,,,,,,,,,,,,,,,,,,,,,,,,,,,,,,,,,,,,,,,,,,,,,,,,,,,,,,,,TN,TN
700859e125b5bd40b76e7ae9e6a3746e1d17fcd6,386.7,mozilla-beta,4168118,13,59f7c57850e9d10762f122855a024e51389d56e5,windows10-64-shippable-qr,True,False,,|c|o|l|d| |f|i|s|s|i|o|n| |w|e|b|r|e|n|d|e|r|,102210fe594ee9b33d82058545b1ed14f4c8206e,SpeedIndex,microsoft,True,microsoft SpeedIndex opt cold fission webrender,,6,ms,firefox,444932210.0,1833867889,2024-01-28 10:22:49,1367561,,,,,,,,,,,,,,,,,,,,,,,,,,,,,,,,,,,,,,,,,,,,,,,,,,,,,,,,,,,,,TN,TN
62a7361b983c43fe12d448bb9b391d85725a0b5a,438.5,mozilla-beta,4168118,13,59f7c57850e9d10762f122855a024e51389d56e5,windows10-64-shippable-qr,True,False,,|c|o|l|d| |f|i|s|s|i|o|n| |w|e|b|r|e|n|d|e|r|,102210fe594ee9b33d82058545b1ed14f4c8206e,SpeedIndex,microsoft,True,microsoft SpeedIndex opt cold fission webrender,,6,ms,firefox,444935962.0,1833888511,2024-01-28 10:36:00,1367563,,,,,,,,,,,,,,,,,,,,,,,,,,,,,,,,,,,,,,,,,,,,,,,,,,,,,,,,,,,,,TN,TN
0caf7b959d3adda31471443eb0918c601108fc83,388.6,mozilla-beta,4168118,13,59f7c57850e9d10762f122855a024e51389d56e5,windows10-64-shippable-qr,True,False,,|c|o|l|d| |f|i|s|s|i|o|n| |w|e|b|r|e|n|d|e|r|,102210fe594ee9b33d82058545b1ed14f4c8206e,SpeedIndex,microsoft,True,microsoft SpeedIndex opt cold fission webrender,,6,ms,firefox,444937484.0,1833901092,2024-01-28 11:02:29,1367564,,,,,,,,,,,,,,,,,,,,,,,,,,,,,,,,,,,,,,,,,,,,,,,,,,,,,,,,,,,,,TN,TN
c4f60b3ed4c5502cebfae95869686d6cc67cef42,391.6,mozilla-beta,4168118,13,59f7c57850e9d10762f122855a024e51389d56e5,windows10-64-shippable-qr,True,False,,|c|o|l|d| |f|i|s|s|i|o|n| |w|e|b|r|e|n|d|e|r|,102210fe594ee9b33d82058545b1ed14f4c8206e,SpeedIndex,microsoft,True,microsoft SpeedIndex opt cold fission webrender,,6,ms,firefox,444946631.0,1833975619,2024-01-28 13:59:26,1367583,,,,,,,,,,,,,,,,,,,,,,,,,,,,,,,,,,,,,,,,,,,,,,,,,,,,,,,,,,,,,TN,TN
28597dc87a4c08a1de0828ffc3295ee3e28ca823,381.9,mozilla-beta,4168118,13,59f7c57850e9d10762f122855a024e51389d56e5,windows10-64-shippable-qr,True,False,,|c|o|l|d| |f|i|s|s|i|o|n| |w|e|b|r|e|n|d|e|r|,102210fe594ee9b33d82058545b1ed14f4c8206e,SpeedIndex,microsoft,True,microsoft SpeedIndex opt cold fission webrender,,6,ms,firefox,444952203.0,1834041780,2024-01-28 17:17:02,1367591,,,,,,,,,,,,,,,,,,,,,,,,,,,,,,,,,,,,,,,,,,,,,,,,,,,,,,,,,,,,,TN,TN
31e067248e3c5326ee178777c2939075b50f9cda,422.0,mozilla-beta,4168118,13,59f7c57850e9d10762f122855a024e51389d56e5,windows10-64-shippable-qr,True,False,,|c|o|l|d| |f|i|s|s|i|o|n| |w|e|b|r|e|n|d|e|r|,102210fe594ee9b33d82058545b1ed14f4c8206e,SpeedIndex,microsoft,True,microsoft SpeedIndex opt cold fission webrender,,6,ms,firefox,444978111.0,1834147734,2024-01-29 06:52:42,1367650,,,,,,,,,,,,,,,,,,,,,,,,,,,,,,,,,,,,,,,,,,,,,,,,,,,,,,,,,,,,,TN,TN
bb21c53d7097fdb571daf0972443e7b7b528fd6d,384.9,mozilla-beta,4168118,13,59f7c57850e9d10762f122855a024e51389d56e5,windows10-64-shippable-qr,True,False,,|c|o|l|d| |f|i|s|s|i|o|n| |w|e|b|r|e|n|d|e|r|,102210fe594ee9b33d82058545b1ed14f4c8206e,SpeedIndex,microsoft,True,microsoft SpeedIndex opt cold fission webrender,,6,ms,firefox,444993947.0,1834203464,2024-01-29 09:17:30,1367700,,,,,,,,,,,,,,,,,,,,,,,,,,,,,,,,,,,,,,,,,,,,,,,,,,,,,,,,,,,,,TN,TN
7c6883e22d12922c8434135aba2908d12c258ba5,393.0,mozilla-beta,4168118,13,59f7c57850e9d10762f122855a024e51389d56e5,windows10-64-shippable-qr,True,False,,|c|o|l|d| |f|i|s|s|i|o|n| |w|e|b|r|e|n|d|e|r|,102210fe594ee9b33d82058545b1ed14f4c8206e,SpeedIndex,microsoft,True,microsoft SpeedIndex opt cold fission webrender,,6,ms,firefox,445147457.0,1835071947,2024-01-30 09:17:42,1368488,,,,,,,,,,,,,,,,,,,,,,,,,,,,,,,,,,,,,,,,,,,,,,,,,,,,,,,,,,,,,TN,TN
610e2e71c0a96cbd0118a581ad50c27c3eae5214,398.7,mozilla-beta,4168118,13,59f7c57850e9d10762f122855a024e51389d56e5,windows10-64-shippable-qr,True,False,,|c|o|l|d| |f|i|s|s|i|o|n| |w|e|b|r|e|n|d|e|r|,102210fe594ee9b33d82058545b1ed14f4c8206e,SpeedIndex,microsoft,True,microsoft SpeedIndex opt cold fission webrender,,6,ms,firefox,445183403.0,1835226123,2024-01-30 12:12:36,1368564,,,,,,,,,,,,,,,,,,,,,,,,,,,,,,,,,,,,,,,,,,,,,,,,,,,,,,,,,,,,,TN,TN
8d79725961720ff9be553f8fde3ba11c379df5be,395.3,mozilla-beta,4168118,13,59f7c57850e9d10762f122855a024e51389d56e5,windows10-64-shippable-qr,True,False,,|c|o|l|d| |f|i|s|s|i|o|n| |w|e|b|r|e|n|d|e|r|,102210fe594ee9b33d82058545b1ed14f4c8206e,SpeedIndex,microsoft,True,microsoft SpeedIndex opt cold fission webrender,,6,ms,firefox,445182597.0,1835197236,2024-01-30 12:18:29,1368566,,,,,,,,,,,,,,,,,,,,,,,,,,,,,,,,,,,,,,,,,,,,,,,,,,,,,,,,,,,,,TN,TN
1bcabb7122306682ad71cb1934050ada5ccc09ce,394.8,mozilla-beta,4168118,13,59f7c57850e9d10762f122855a024e51389d56e5,windows10-64-shippable-qr,True,False,,|c|o|l|d| |f|i|s|s|i|o|n| |w|e|b|r|e|n|d|e|r|,102210fe594ee9b33d82058545b1ed14f4c8206e,SpeedIndex,microsoft,True,microsoft SpeedIndex opt cold fission webrender,,6,ms,firefox,445185294.0,1835238207,2024-01-30 12:47:52,1368585,,,,,,,,,,,,,,,,,,,,,,,,,,,,,,,,,,,,,,,,,,,,,,,,,,,,,,,,,,,,,TN,TN
bac162dca4dbd72e204fbbd2a4bf2f05930997c4,370.1,mozilla-beta,4168118,13,59f7c57850e9d10762f122855a024e51389d56e5,windows10-64-shippable-qr,True,False,,|c|o|l|d| |f|i|s|s|i|o|n| |w|e|b|r|e|n|d|e|r|,102210fe594ee9b33d82058545b1ed14f4c8206e,SpeedIndex,microsoft,True,microsoft SpeedIndex opt cold fission webrender,,6,ms,firefox,445199945.0,1835278149,2024-01-30 14:42:31,1368662,,,,,,,,,,,,,,,,,,,,,,,,,,,,,,,,,,,,,,,,,,,,,,,,,,,,,,,,,,,,,TN,TN
e8bfa642a6583259b6afb963c4ab24cec7fe364b,377.3,mozilla-beta,4168118,13,59f7c57850e9d10762f122855a024e51389d56e5,windows10-64-shippable-qr,True,False,,|c|o|l|d| |f|i|s|s|i|o|n| |w|e|b|r|e|n|d|e|r|,102210fe594ee9b33d82058545b1ed14f4c8206e,SpeedIndex,microsoft,True,microsoft SpeedIndex opt cold fission webrender,,6,ms,firefox,445211130.0,1835320150,2024-01-30 14:46:49,1368663,,,,,,,,,,,,,,,,,,,,,,,,,,,,,,,,,,,,,,,,,,,,,,,,,,,,,,,,,,,,,TN,TN
badb0c014722faab9e694a5d451a4dc5c524f08b,384.1,mozilla-beta,4168118,13,59f7c57850e9d10762f122855a024e51389d56e5,windows10-64-shippable-qr,True,False,,|c|o|l|d| |f|i|s|s|i|o|n| |w|e|b|r|e|n|d|e|r|,102210fe594ee9b33d82058545b1ed14f4c8206e,SpeedIndex,microsoft,True,microsoft SpeedIndex opt cold fission webrender,,6,ms,firefox,445204352.0,1835311303,2024-01-30 14:50:42,1368665,,,,,,,,,,,,,,,,,,,,,,,,,,,,,,,,,,,,,,,,,,,,,,,,,,,,,,,,,,,,,TN,TN
bb9a936c0644ab6ea6d8e6b8f62fa7787b809a5e,378.2,mozilla-beta,4168118,13,59f7c57850e9d10762f122855a024e51389d56e5,windows10-64-shippable-qr,True,False,,|c|o|l|d| |f|i|s|s|i|o|n| |w|e|b|r|e|n|d|e|r|,102210fe594ee9b33d82058545b1ed14f4c8206e,SpeedIndex,microsoft,True,microsoft SpeedIndex opt cold fission webrender,,6,ms,firefox,445212715.0,1835351715,2024-01-30 15:32:30,1368693,,,,,,,,,,,,,,,,,,,,,,,,,,,,,,,,,,,,,,,,,,,,,,,,,,,,,,,,,,,,,TN,TN
0d874603541fa5871c1e3677d49b108d5fcb1bed,392.3,mozilla-beta,4168118,13,59f7c57850e9d10762f122855a024e51389d56e5,windows10-64-shippable-qr,True,False,,|c|o|l|d| |f|i|s|s|i|o|n| |w|e|b|r|e|n|d|e|r|,102210fe594ee9b33d82058545b1ed14f4c8206e,SpeedIndex,microsoft,True,microsoft SpeedIndex opt cold fission webrender,,6,ms,firefox,445226388.0,1835401241,2024-01-30 17:06:51,1368762,,,,,,,,,,,,,,,,,,,,,,,,,,,,,,,,,,,,,,,,,,,,,,,,,,,,,,,,,,,,,TN,TN
814c511db3bf80ee923c7e26d7248df7690afbc7,446.4,mozilla-beta,4168118,13,59f7c57850e9d10762f122855a024e51389d56e5,windows10-64-shippable-qr,True,False,,|c|o|l|d| |f|i|s|s|i|o|n| |w|e|b|r|e|n|d|e|r|,102210fe594ee9b33d82058545b1ed14f4c8206e,SpeedIndex,microsoft,True,microsoft SpeedIndex opt cold fission webrender,,6,ms,firefox,445226727.0,1835412186,2024-01-30 17:22:21,1368764,,,,,,,,,,,,,,,,,,,,,,,,,,,,,,,,,,,,,,,,,,,,,,,,,,,,,,,,,,,,,TN,TN
59d56668c362e68738a8561c397961027b0a62d3,390.44444444444446,mozilla-beta,4168118,13,59f7c57850e9d10762f122855a024e51389d56e5,windows10-64-shippable-qr,True,False,,|c|o|l|d| |f|i|s|s|i|o|n| |w|e|b|r|e|n|d|e|r|,102210fe594ee9b33d82058545b1ed14f4c8206e,SpeedIndex,microsoft,True,microsoft SpeedIndex opt cold fission webrender,,6,ms,firefox,445315634.0,1835906147,2024-01-31 09:16:40,1369245,,,,,,,,,,,,,,,,,,,,,,,,,,,,,,,,,,,,,,,,,,,,,,,,,,,,,,,,,,,,,TN,TN
e98c8386087ddb2af9037734fa58033a1020756c,386.2,mozilla-beta,4168118,13,59f7c57850e9d10762f122855a024e51389d56e5,windows10-64-shippable-qr,True,False,,|c|o|l|d| |f|i|s|s|i|o|n| |w|e|b|r|e|n|d|e|r|,102210fe594ee9b33d82058545b1ed14f4c8206e,SpeedIndex,microsoft,True,microsoft SpeedIndex opt cold fission webrender,,6,ms,firefox,445410316.0,1836294792,2024-01-31 19:51:02,1369600,,,,,,,,,,,,,,,,,,,,,,,,,,,,,,,,,,,,,,,,,,,,,,,,,,,,,,,,,,,,,TN,TN
f1a16b3d1da6ccd5b17c214f7ff9ada27bf91c17,396.1,mozilla-beta,4168118,13,59f7c57850e9d10762f122855a024e51389d56e5,windows10-64-shippable-qr,True,False,,|c|o|l|d| |f|i|s|s|i|o|n| |w|e|b|r|e|n|d|e|r|,102210fe594ee9b33d82058545b1ed14f4c8206e,SpeedIndex,microsoft,True,microsoft SpeedIndex opt cold fission webrender,,6,ms,firefox,445420279.0,1836318151,2024-01-31 19:52:12,1369605,,,,,,,,,,,,,,,,,,,,,,,,,,,,,,,,,,,,,,,,,,,,,,,,,,,,,,,,,,,,,TN,TN
ad203e66852383f625e1c40a24f1486ce811f053,396.2,mozilla-beta,4168118,13,59f7c57850e9d10762f122855a024e51389d56e5,windows10-64-shippable-qr,True,False,,|c|o|l|d| |f|i|s|s|i|o|n| |w|e|b|r|e|n|d|e|r|,102210fe594ee9b33d82058545b1ed14f4c8206e,SpeedIndex,microsoft,True,microsoft SpeedIndex opt cold fission webrender,,6,ms,firefox,445479279.0,1836638632,2024-02-01 09:17:30,1369924,,,,,,,,,,,,,,,,,,,,,,,,,,,,,,,,,,,,,,,,,,,,,,,,,,,,,,,,,,,,,TN,TN
828272c423683913577d66e2e1246f33d50c4b8e,392.6,mozilla-beta,4168118,13,59f7c57850e9d10762f122855a024e51389d56e5,windows10-64-shippable-qr,True,False,,|c|o|l|d| |f|i|s|s|i|o|n| |w|e|b|r|e|n|d|e|r|,102210fe594ee9b33d82058545b1ed14f4c8206e,SpeedIndex,microsoft,True,microsoft SpeedIndex opt cold fission webrender,,6,ms,firefox,445484246.0,1836655628,2024-02-01 09:55:18,1369960,,,,,,,,,,,,,,,,,,,,,,,,,,,,,,,,,,,,,,,,,,,,,,,,,,,,,,,,,,,,,TN,TN
49d14b310e92729c505231844bd7849442cf26f9,382.2,mozilla-beta,4168118,13,59f7c57850e9d10762f122855a024e51389d56e5,windows10-64-shippable-qr,True,False,,|c|o|l|d| |f|i|s|s|i|o|n| |w|e|b|r|e|n|d|e|r|,102210fe594ee9b33d82058545b1ed14f4c8206e,SpeedIndex,microsoft,True,microsoft SpeedIndex opt cold fission webrender,,6,ms,firefox,445512241.0,1836743957,2024-02-01 11:40:29,1370025,,,,,,,,,,,,,,,,,,,,,,,,,,,,,,,,,,,,,,,,,,,,,,,,,,,,,,,,,,,,,TN,TN
7fdcb4812fde5b6100168d0f55a31f1b77644044,374.3,mozilla-beta,4168118,13,59f7c57850e9d10762f122855a024e51389d56e5,windows10-64-shippable-qr,True,False,,|c|o|l|d| |f|i|s|s|i|o|n| |w|e|b|r|e|n|d|e|r|,102210fe594ee9b33d82058545b1ed14f4c8206e,SpeedIndex,microsoft,True,microsoft SpeedIndex opt cold fission webrender,,6,ms,firefox,445548019.0,1836900029,2024-02-01 14:02:56,1370098,,,,,,,,,,,,,,,,,,,,,,,,,,,,,,,,,,,,,,,,,,,,,,,,,,,,,,,,,,,,,TN,TN
4433675287c19d1febab18a61d020c28e9fbe778,387.1,mozilla-beta,4168118,13,59f7c57850e9d10762f122855a024e51389d56e5,windows10-64-shippable-qr,True,False,,|c|o|l|d| |f|i|s|s|i|o|n| |w|e|b|r|e|n|d|e|r|,102210fe594ee9b33d82058545b1ed14f4c8206e,SpeedIndex,microsoft,True,microsoft SpeedIndex opt cold fission webrender,,6,ms,firefox,445534167.0,1836806339,2024-02-01 14:13:24,1370108,,,,,,,,,,,,,,,,,,,,,,,,,,,,,,,,,,,,,,,,,,,,,,,,,,,,,,,,,,,,,TN,TN
c51c59c74488225b3f0a6446e13296789a5fddee,399.2,mozilla-beta,4168118,13,59f7c57850e9d10762f122855a024e51389d56e5,windows10-64-shippable-qr,True,False,,|c|o|l|d| |f|i|s|s|i|o|n| |w|e|b|r|e|n|d|e|r|,102210fe594ee9b33d82058545b1ed14f4c8206e,SpeedIndex,microsoft,True,microsoft SpeedIndex opt cold fission webrender,,6,ms,firefox,445537060.0,1836828576,2024-02-01 14:19:11,1370117,,,,,,,,,,,,,,,,,,,,,,,,,,,,,,,,,,,,,,,,,,,,,,,,,,,,,,,,,,,,,TN,TN
edd7d6c869f5dd8a8f9525139a2cdd3286f0b104,375.5,mozilla-beta,4168118,13,59f7c57850e9d10762f122855a024e51389d56e5,windows10-64-shippable-qr,True,False,,|c|o|l|d| |f|i|s|s|i|o|n| |w|e|b|r|e|n|d|e|r|,102210fe594ee9b33d82058545b1ed14f4c8206e,SpeedIndex,microsoft,True,microsoft SpeedIndex opt cold fission webrender,,6,ms,firefox,445542925.0,1836890389,2024-02-01 14:35:28,1370134,,,,,,,,,,,,,,,,,,,,,,,,,,,,,,,,,,,,,,,,,,,,,,,,,,,,,,,,,,,,,TN,TN
39a24ad65fa1c188491f77f5989116325ece07c0,370.6,mozilla-beta,4168118,13,59f7c57850e9d10762f122855a024e51389d56e5,windows10-64-shippable-qr,True,False,,|c|o|l|d| |f|i|s|s|i|o|n| |w|e|b|r|e|n|d|e|r|,102210fe594ee9b33d82058545b1ed14f4c8206e,SpeedIndex,microsoft,True,microsoft SpeedIndex opt cold fission webrender,,6,ms,firefox,445542339.0,1836874511,2024-02-01 14:45:34,1370145,,,,,,,,,,,,,,,,,,,,,,,,,,,,,,,,,,,,,,,,,,,,,,,,,,,,,,,,,,,,,TN,TN
4981454a7cb64ddb865b16a2e340da23010c0234,395.6,mozilla-beta,4168118,13,59f7c57850e9d10762f122855a024e51389d56e5,windows10-64-shippable-qr,True,False,,|c|o|l|d| |f|i|s|s|i|o|n| |w|e|b|r|e|n|d|e|r|,102210fe594ee9b33d82058545b1ed14f4c8206e,SpeedIndex,microsoft,True,microsoft SpeedIndex opt cold fission webrender,,6,ms,firefox,445541715.0,1836839306,2024-02-01 14:55:52,1370155,,,,,,,,,,,,,,,,,,,,,,,,,,,,,,,,,,,,,,,,,,,,,,,,,,,,,,,,,,,,,TN,TN
4c0f3596adddb0c1c9fe6c27165bf86798d2f1f6,386.6,mozilla-beta,4168118,13,59f7c57850e9d10762f122855a024e51389d56e5,windows10-64-shippable-qr,True,False,,|c|o|l|d| |f|i|s|s|i|o|n| |w|e|b|r|e|n|d|e|r|,102210fe594ee9b33d82058545b1ed14f4c8206e,SpeedIndex,microsoft,True,microsoft SpeedIndex opt cold fission webrender,,6,ms,firefox,445559820.0,1836947562,2024-02-01 15:13:15,1370168,,,,,,,,,,,,,,,,,,,,,,,,,,,,,,,,,,,,,,,,,,,,,,,,,,,,,,,,,,,,,TN,TN
c9147db5b900da6c93e1ef516fcee4d9375322ac,382.0,mozilla-beta,4168118,13,59f7c57850e9d10762f122855a024e51389d56e5,windows10-64-shippable-qr,True,False,,|c|o|l|d| |f|i|s|s|i|o|n| |w|e|b|r|e|n|d|e|r|,102210fe594ee9b33d82058545b1ed14f4c8206e,SpeedIndex,microsoft,True,microsoft SpeedIndex opt cold fission webrender,,6,ms,firefox,445565133.0,1836963810,2024-02-01 15:45:31,1370182,,,,,,,,,,,,,,,,,,,,,,,,,,,,,,,,,,,,,,,,,,,,,,,,,,,,,,,,,,,,,TN,TN
9fde9b753918580c63434a4056f7a0cfc2bbefda,381.2,mozilla-beta,4168118,13,59f7c57850e9d10762f122855a024e51389d56e5,windows10-64-shippable-qr,True,False,,|c|o|l|d| |f|i|s|s|i|o|n| |w|e|b|r|e|n|d|e|r|,102210fe594ee9b33d82058545b1ed14f4c8206e,SpeedIndex,microsoft,True,microsoft SpeedIndex opt cold fission webrender,,6,ms,firefox,445567517.0,1836980573,2024-02-01 16:34:05,1370232,,,,,,,,,,,,,,,,,,,,,,,,,,,,,,,,,,,,,,,,,,,,,,,,,,,,,,,,,,,,,TN,TN
a8f990a1461e92ea29b178d183739ab4279d355b,379.4,mozilla-beta,4168118,13,59f7c57850e9d10762f122855a024e51389d56e5,windows10-64-shippable-qr,True,False,,|c|o|l|d| |f|i|s|s|i|o|n| |w|e|b|r|e|n|d|e|r|,102210fe594ee9b33d82058545b1ed14f4c8206e,SpeedIndex,microsoft,True,microsoft SpeedIndex opt cold fission webrender,,6,ms,firefox,445656120.0,1837402914,2024-02-02 09:03:54,1370723,,,,,,,,,,,,,,,,,,,,,,,,,,,,,,,,,,,,,,,,,,,,,,,,,,,,,,,,,,,,,TN,TN
ad9f945b0588b8e71d2bc8a24a4bae78ac518fe7,399.0,mozilla-beta,4168118,13,59f7c57850e9d10762f122855a024e51389d56e5,windows10-64-shippable-qr,True,False,,|c|o|l|d| |f|i|s|s|i|o|n| |w|e|b|r|e|n|d|e|r|,102210fe594ee9b33d82058545b1ed14f4c8206e,SpeedIndex,microsoft,True,microsoft SpeedIndex opt cold fission webrender,,6,ms,firefox,445658337.0,1837414555,2024-02-02 09:16:30,1370728,,,,,,,,,,,,,,,,,,,,,,,,,,,,,,,,,,,,,,,,,,,,,,,,,,,,,,,,,,,,,TN,TN
65e97ce57cfd31a3e82dc14bf1a4e12b893467a5,369.4,mozilla-beta,4168118,13,59f7c57850e9d10762f122855a024e51389d56e5,windows10-64-shippable-qr,True,False,,|c|o|l|d| |f|i|s|s|i|o|n| |w|e|b|r|e|n|d|e|r|,102210fe594ee9b33d82058545b1ed14f4c8206e,SpeedIndex,microsoft,True,microsoft SpeedIndex opt cold fission webrender,,6,ms,firefox,446240399.0,1840039159,2024-02-02 13:23:07,1370823,,,,,,,,,,,,,,,,,,,,,,,,,,,,,,,,,,,,,,,,,,,,,,,,,,,,,,,,,,,,,TN,TN
6b188bc6018b6ae663c50ce4264249f2208dca31,376.7,mozilla-beta,4168118,13,59f7c57850e9d10762f122855a024e51389d56e5,windows10-64-shippable-qr,True,False,,|c|o|l|d| |f|i|s|s|i|o|n| |w|e|b|r|e|n|d|e|r|,102210fe594ee9b33d82058545b1ed14f4c8206e,SpeedIndex,microsoft,True,microsoft SpeedIndex opt cold fission webrender,,6,ms,firefox,446240404.0,1840039186,2024-02-02 13:30:35,1370825,,,,,,,,,,,,,,,,,,,,,,,,,,,,,,,,,,,,,,,,,,,,,,,,,,,,,,,,,,,,,TN,TN
5400c818413bd09a59d573c671ec0dfd3d4ff648,389.1,mozilla-beta,4168118,13,59f7c57850e9d10762f122855a024e51389d56e5,windows10-64-shippable-qr,True,False,,|c|o|l|d| |f|i|s|s|i|o|n| |w|e|b|r|e|n|d|e|r|,102210fe594ee9b33d82058545b1ed14f4c8206e,SpeedIndex,microsoft,True,microsoft SpeedIndex opt cold fission webrender,,6,ms,firefox,446240400.0,1840039523,2024-02-02 16:19:47,1370941,,,,,,,,,,,,,,,,,,,,,,,,,,,,,,,,,,,,,,,,,,,,,,,,,,,,,,,,,,,,,TN,TN
64e11ca34d9d65cc1f5af05b06fec053f922300a,392.075,mozilla-beta,4168118,13,59f7c57850e9d10762f122855a024e51389d56e5,windows10-64-shippable-qr,True,False,,|c|o|l|d| |f|i|s|s|i|o|n| |w|e|b|r|e|n|d|e|r|,102210fe594ee9b33d82058545b1ed14f4c8206e,SpeedIndex,microsoft,True,microsoft SpeedIndex opt cold fission webrender,,6,ms,firefox,446240402.0,1840039609,2024-02-02 16:37:24,1370960,,,,,,,,,,,,,,,,,,,,,,,,,,,,,,,,,,,,,,,,,,,,,,,,,,,,,,,,,,,,,TN,TN
2a92c9f6ad73c6919eca1fda86f98e644f90bced,414.4166666666667,mozilla-beta,4168118,13,59f7c57850e9d10762f122855a024e51389d56e5,windows10-64-shippable-qr,True,False,,|c|o|l|d| |f|i|s|s|i|o|n| |w|e|b|r|e|n|d|e|r|,102210fe594ee9b33d82058545b1ed14f4c8206e,SpeedIndex,microsoft,True,microsoft SpeedIndex opt cold fission webrender,,6,ms,firefox,445741770.0,1837776284,2024-02-02 18:17:20,1371042,422.82,mozilla-ldap/fbilt@mozilla.com,ad9f945b0588b8e71d2bc8a24a4bae78ac518fe7,41348.0,10.0,early-beta-or-earlier,384.39,2024-02-06 16:40:37.479713,False,13.0,13.0,,|189244|189247|189249|189253|189266|189317|189237|189258|189262|189267|189243|189245|189246|189248|189254|189318|,,1370728.0,5.0,1371042.0,4.0,mozilla-ldap/afinder@mozilla.com,59f7c57850e9d10762f122855a024e51389d56e5,,windows10-64-shippable-qr,1879080.0,mozilla-beta,2024-02-13 13:52:18.944276,,1.0,38.43,189160.0,ms,,"(8,)",41348.0,102210fe594ee9b33d82058545b1ed14f4c8206e,,True,False,fbilt@mozilla.com,"(0,)","(3,)",afinder@mozilla.com,2024-02-06 13:52:18.944276,,,SpeedIndex,SKEWED,True,2a92c9f6ad73c6919eca1fda86f98e644f90bced,,2024-02-09 14:15:25.497240,,"('[{""perf_datum_id"": 1837402914, ""value"": 379.4, ""job_id"": 445656120, ""push_id"": 1370723, ""push_timestamp"": ""2024-02-02T09:03:54"", ""push__revision"": ""a8f990a1461e92ea29b178d183739ab4279d355b""}, {""perf_datum_id"": 1837414555, ""value"": 399.0, ""job_id"": 445658337, ""push_id"": 1370728, ""push_timestamp"": ""2024-02-02T09:16:30"", ""push__revision"": ""ad9f945b0588b8e71d2bc8a24a4bae78ac518fe7""}, {""perf_datum_id"": 1837776284, ""value"": 414.4, ""job_id"": 445741770, ""push_id"": 1371042, ""push_timestamp"": ""2024-02-02T18:17:20"", ""push__revision"": ""2a92c9f6ad73c6919eca1fda86f98e644f90bced""}, {""perf_datum_id"": 1838086313, ""value"": 427.5, ""job_id"": 445817354, ""push_id"": 1371371, ""push_timestamp"": ""2024-02-03T09:17:37"", ""push__revision"": ""7514647daa8f9fce23b12cb76cda187c12c65ec9""}]',)",True,"(0,)",9.76,microsoft,"cold, fission, webrender","(3,)","cold, fission, webrender",2024-02-09 13:52:18.944276,SP,TP
7514647daa8f9fce23b12cb76cda187c12c65ec9,427.5,mozilla-beta,4168118,13,59f7c57850e9d10762f122855a024e51389d56e5,windows10-64-shippable-qr,True,False,,|c|o|l|d| |f|i|s|s|i|o|n| |w|e|b|r|e|n|d|e|r|,102210fe594ee9b33d82058545b1ed14f4c8206e,SpeedIndex,microsoft,True,microsoft SpeedIndex opt cold fission webrender,,6,ms,firefox,445817354.0,1838086313,2024-02-03 09:17:37,1371371,,,,,,,,,,,,,,,,,,,,,,,,,,,,,,,,,,,,,,,,,,,,,,,,,,,,,,,,,,,,,TN,TN
b90706774a91a89aad7410bc904246d5f0cc89d6,410.8,mozilla-beta,4168118,13,59f7c57850e9d10762f122855a024e51389d56e5,windows10-64-shippable-qr,True,False,,|c|o|l|d| |f|i|s|s|i|o|n| |w|e|b|r|e|n|d|e|r|,102210fe594ee9b33d82058545b1ed14f4c8206e,SpeedIndex,microsoft,True,microsoft SpeedIndex opt cold fission webrender,,6,ms,firefox,445855601.0,1838287814,2024-02-04 07:01:15,1371494,,,,,,,,,,,,,,,,,,,,,,,,,,,,,,,,,,,,,,,,,,,,,,,,,,,,,,,,,,,,,TN,TN
97a9e1afca4b4f861b1f512ecb74d9beae03701f,418.9,mozilla-beta,4168118,13,59f7c57850e9d10762f122855a024e51389d56e5,windows10-64-shippable-qr,True,False,,|c|o|l|d| |f|i|s|s|i|o|n| |w|e|b|r|e|n|d|e|r|,102210fe594ee9b33d82058545b1ed14f4c8206e,SpeedIndex,microsoft,True,microsoft SpeedIndex opt cold fission webrender,,6,ms,firefox,445856455.0,1838298267,2024-02-04 07:10:52,1371498,,,,,,,,,,,,,,,,,,,,,,,,,,,,,,,,,,,,,,,,,,,,,,,,,,,,,,,,,,,,,TN,TN
2e2c077318b2178732ec140527e75b30638a12c7,421.1,mozilla-beta,4168118,13,59f7c57850e9d10762f122855a024e51389d56e5,windows10-64-shippable-qr,True,False,,|c|o|l|d| |f|i|s|s|i|o|n| |w|e|b|r|e|n|d|e|r|,102210fe594ee9b33d82058545b1ed14f4c8206e,SpeedIndex,microsoft,True,microsoft SpeedIndex opt cold fission webrender,,6,ms,firefox,445863715.0,1838332081,2024-02-04 09:20:23,1371504,,,,,,,,,,,,,,,,,,,,,,,,,,,,,,,,,,,,,,,,,,,,,,,,,,,,,,,,,,,,,TN,TN
b65739114a8d799c15f643b020b341e2822d28c3,429.2,mozilla-beta,4168118,13,59f7c57850e9d10762f122855a024e51389d56e5,windows10-64-shippable-qr,True,False,,|c|o|l|d| |f|i|s|s|i|o|n| |w|e|b|r|e|n|d|e|r|,102210fe594ee9b33d82058545b1ed14f4c8206e,SpeedIndex,microsoft,True,microsoft SpeedIndex opt cold fission webrender,,6,ms,firefox,445929543.0,1838756985,2024-02-05 08:56:25,1371648,,,,,,,,,,,,,,,,,,,,,,,,,,,,,,,,,,,,,,,,,,,,,,,,,,,,,,,,,,,,,TN,TN
5b697b0438ae5c3ccf005657eae8e3c59d97a05e,424.6,mozilla-beta,4168118,13,59f7c57850e9d10762f122855a024e51389d56e5,windows10-64-shippable-qr,True,False,,|c|o|l|d| |f|i|s|s|i|o|n| |w|e|b|r|e|n|d|e|r|,102210fe594ee9b33d82058545b1ed14f4c8206e,SpeedIndex,microsoft,True,microsoft SpeedIndex opt cold fission webrender,,6,ms,firefox,445931888.0,1838767577,2024-02-05 09:17:25,1371659,,,,,,,,,,,,,,,,,,,,,,,,,,,,,,,,,,,,,,,,,,,,,,,,,,,,,,,,,,,,,TN,TN
562b0ae0eca50b88282d822fb79af7f8bbf5f9cc,427.9,mozilla-beta,4168118,13,59f7c57850e9d10762f122855a024e51389d56e5,windows10-64-shippable-qr,True,False,,|c|o|l|d| |f|i|s|s|i|o|n| |w|e|b|r|e|n|d|e|r|,102210fe594ee9b33d82058545b1ed14f4c8206e,SpeedIndex,microsoft,True,microsoft SpeedIndex opt cold fission webrender,,6,ms,firefox,446105089.0,1839501662,2024-02-06 08:23:02,1372463,,,,,,,,,,,,,,,,,,,,,,,,,,,,,,,,,,,,,,,,,,,,,,,,,,,,,,,,,,,,,TN,TN
7e1760ca80cfe6f02a0679e3725187bc2b3ad7d1,426.1,mozilla-beta,4168118,13,59f7c57850e9d10762f122855a024e51389d56e5,windows10-64-shippable-qr,True,False,,|c|o|l|d| |f|i|s|s|i|o|n| |w|e|b|r|e|n|d|e|r|,102210fe594ee9b33d82058545b1ed14f4c8206e,SpeedIndex,microsoft,True,microsoft SpeedIndex opt cold fission webrender,,6,ms,firefox,446110328.0,1839520941,2024-02-06 09:14:55,1372486,,,,,,,,,,,,,,,,,,,,,,,,,,,,,,,,,,,,,,,,,,,,,,,,,,,,,,,,,,,,,TN,TN
88875300ae7440640f4c3c699b32b8dfac80f396,437.9,mozilla-beta,4168118,13,59f7c57850e9d10762f122855a024e51389d56e5,windows10-64-shippable-qr,True,False,,|c|o|l|d| |f|i|s|s|i|o|n| |w|e|b|r|e|n|d|e|r|,102210fe594ee9b33d82058545b1ed14f4c8206e,SpeedIndex,microsoft,True,microsoft SpeedIndex opt cold fission webrender,,6,ms,firefox,446112313.0,1839535159,2024-02-06 09:19:06,1372488,,,,,,,,,,,,,,,,,,,,,,,,,,,,,,,,,,,,,,,,,,,,,,,,,,,,,,,,,,,,,TN,TN
6839f8c0d14e712d154a0c8c37fc55087e65f252,408.6,mozilla-beta,4168118,13,59f7c57850e9d10762f122855a024e51389d56e5,windows10-64-shippable-qr,True,False,,|c|o|l|d| |f|i|s|s|i|o|n| |w|e|b|r|e|n|d|e|r|,102210fe594ee9b33d82058545b1ed14f4c8206e,SpeedIndex,microsoft,True,microsoft SpeedIndex opt cold fission webrender,,6,ms,firefox,446120570.0,1839574729,2024-02-06 10:09:38,1372523,,,,,,,,,,,,,,,,,,,,,,,,,,,,,,,,,,,,,,,,,,,,,,,,,,,,,,,,,,,,,TN,TN
a778bae14c05a2fbe1ba67854cec9accdad55bb3,426.8,mozilla-beta,4168118,13,59f7c57850e9d10762f122855a024e51389d56e5,windows10-64-shippable-qr,True,False,,|c|o|l|d| |f|i|s|s|i|o|n| |w|e|b|r|e|n|d|e|r|,102210fe594ee9b33d82058545b1ed14f4c8206e,SpeedIndex,microsoft,True,microsoft SpeedIndex opt cold fission webrender,,6,ms,firefox,446142773.0,1839632501,2024-02-06 11:38:33,1372580,,,,,,,,,,,,,,,,,,,,,,,,,,,,,,,,,,,,,,,,,,,,,,,,,,,,,,,,,,,,,TN,TN
65e6d3b19e698ac57830fd1c3d90d4c760ef5eb6,407.0,mozilla-beta,4168118,13,59f7c57850e9d10762f122855a024e51389d56e5,windows10-64-shippable-qr,True,False,,|c|o|l|d| |f|i|s|s|i|o|n| |w|e|b|r|e|n|d|e|r|,102210fe594ee9b33d82058545b1ed14f4c8206e,SpeedIndex,microsoft,True,microsoft SpeedIndex opt cold fission webrender,,6,ms,firefox,446165562.0,1839711055,2024-02-06 12:51:40,1372610,,,,,,,,,,,,,,,,,,,,,,,,,,,,,,,,,,,,,,,,,,,,,,,,,,,,,,,,,,,,,TN,TN
5dbb0a9f6cb8c0e0aad5b159d134d45f637cb4d1,413.5,mozilla-beta,4168118,13,59f7c57850e9d10762f122855a024e51389d56e5,windows10-64-shippable-qr,True,False,,|c|o|l|d| |f|i|s|s|i|o|n| |w|e|b|r|e|n|d|e|r|,102210fe594ee9b33d82058545b1ed14f4c8206e,SpeedIndex,microsoft,True,microsoft SpeedIndex opt cold fission webrender,,6,ms,firefox,446175977.0,1839753538,2024-02-06 12:53:03,1372613,,,,,,,,,,,,,,,,,,,,,,,,,,,,,,,,,,,,,,,,,,,,,,,,,,,,,,,,,,,,,TN,TN
d2c9c9c08cc1f40358a5d2292ddf2a06d364b36f,414.3,mozilla-beta,4168118,13,59f7c57850e9d10762f122855a024e51389d56e5,windows10-64-shippable-qr,True,False,,|c|o|l|d| |f|i|s|s|i|o|n| |w|e|b|r|e|n|d|e|r|,102210fe594ee9b33d82058545b1ed14f4c8206e,SpeedIndex,microsoft,True,microsoft SpeedIndex opt cold fission webrender,,6,ms,firefox,446159791.0,1839693288,2024-02-06 12:54:32,1372616,,,,,,,,,,,,,,,,,,,,,,,,,,,,,,,,,,,,,,,,,,,,,,,,,,,,,,,,,,,,,TN,TN
0f621f6f45f23281875371b9b4ed76fe855e10ce,401.2,mozilla-beta,4168118,13,59f7c57850e9d10762f122855a024e51389d56e5,windows10-64-shippable-qr,True,False,,|c|o|l|d| |f|i|s|s|i|o|n| |w|e|b|r|e|n|d|e|r|,102210fe594ee9b33d82058545b1ed14f4c8206e,SpeedIndex,microsoft,True,microsoft SpeedIndex opt cold fission webrender,,6,ms,firefox,446168089.0,1839720084,2024-02-06 13:21:23,1372641,,,,,,,,,,,,,,,,,,,,,,,,,,,,,,,,,,,,,,,,,,,,,,,,,,,,,,,,,,,,,TN,TN
fdc4382bbff93e443cb4f76c802464c452a1c722,431.9,mozilla-beta,4168118,13,59f7c57850e9d10762f122855a024e51389d56e5,windows10-64-shippable-qr,True,False,,|c|o|l|d| |f|i|s|s|i|o|n| |w|e|b|r|e|n|d|e|r|,102210fe594ee9b33d82058545b1ed14f4c8206e,SpeedIndex,microsoft,True,microsoft SpeedIndex opt cold fission webrender,,6,ms,firefox,446179695.0,1839765423,2024-02-06 14:10:46,1372680,,,,,,,,,,,,,,,,,,,,,,,,,,,,,,,,,,,,,,,,,,,,,,,,,,,,,,,,,,,,,TN,TN
a0dafd6bb65c8b87928ff36551826cf901a6ff09,418.2,mozilla-beta,4168118,13,59f7c57850e9d10762f122855a024e51389d56e5,windows10-64-shippable-qr,True,False,,|c|o|l|d| |f|i|s|s|i|o|n| |w|e|b|r|e|n|d|e|r|,102210fe594ee9b33d82058545b1ed14f4c8206e,SpeedIndex,microsoft,True,microsoft SpeedIndex opt cold fission webrender,,6,ms,firefox,446186815.0,1839804284,2024-02-06 14:28:58,1372692,,,,,,,,,,,,,,,,,,,,,,,,,,,,,,,,,,,,,,,,,,,,,,,,,,,,,,,,,,,,,TN,TN
c1ef3ef6dd3f38275d611b90c8ef24e0b15cc720,417.2,mozilla-beta,4168118,13,59f7c57850e9d10762f122855a024e51389d56e5,windows10-64-shippable-qr,True,False,,|c|o|l|d| |f|i|s|s|i|o|n| |w|e|b|r|e|n|d|e|r|,102210fe594ee9b33d82058545b1ed14f4c8206e,SpeedIndex,microsoft,True,microsoft SpeedIndex opt cold fission webrender,,6,ms,firefox,446213280.0,1839902116,2024-02-06 17:18:58,1372811,,,,,,,,,,,,,,,,,,,,,,,,,,,,,,,,,,,,,,,,,,,,,,,,,,,,,,,,,,,,,TN,TN
a55f4e64f3a796aac14d741f6a0e9f82e3f768e1,411.0,mozilla-beta,4168118,13,59f7c57850e9d10762f122855a024e51389d56e5,windows10-64-shippable-qr,True,False,,|c|o|l|d| |f|i|s|s|i|o|n| |w|e|b|r|e|n|d|e|r|,102210fe594ee9b33d82058545b1ed14f4c8206e,SpeedIndex,microsoft,True,microsoft SpeedIndex opt cold fission webrender,,6,ms,firefox,446212095.0,1839890765,2024-02-06 17:25:35,1372823,,,,,,,,,,,,,,,,,,,,,,,,,,,,,,,,,,,,,,,,,,,,,,,,,,,,,,,,,,,,,TN,TN
5cb029591fdb20d1b3fc101ab5f982f71ae93ea9,412.7,mozilla-beta,4168118,13,59f7c57850e9d10762f122855a024e51389d56e5,windows10-64-shippable-qr,True,False,,|c|o|l|d| |f|i|s|s|i|o|n| |w|e|b|r|e|n|d|e|r|,102210fe594ee9b33d82058545b1ed14f4c8206e,SpeedIndex,microsoft,True,microsoft SpeedIndex opt cold fission webrender,,6,ms,firefox,446221220.0,1839934310,2024-02-06 18:19:27,1372868,,,,,,,,,,,,,,,,,,,,,,,,,,,,,,,,,,,,,,,,,,,,,,,,,,,,,,,,,,,,,TN,TN
945276c7a9a1f818cd476baf76784dacf0786d2a,411.2,mozilla-beta,4168118,13,59f7c57850e9d10762f122855a024e51389d56e5,windows10-64-shippable-qr,True,False,,|c|o|l|d| |f|i|s|s|i|o|n| |w|e|b|r|e|n|d|e|r|,102210fe594ee9b33d82058545b1ed14f4c8206e,SpeedIndex,microsoft,True,microsoft SpeedIndex opt cold fission webrender,,6,ms,firefox,446235314.0,1840003377,2024-02-06 19:41:20,1372956,,,,,,,,,,,,,,,,,,,,,,,,,,,,,,,,,,,,,,,,,,,,,,,,,,,,,,,,,,,,,TN,TN
ba9cc6824f222a00819ee368fd177b9a9e1a1ca4,403.1,mozilla-beta,4168118,13,59f7c57850e9d10762f122855a024e51389d56e5,windows10-64-shippable-qr,True,False,,|c|o|l|d| |f|i|s|s|i|o|n| |w|e|b|r|e|n|d|e|r|,102210fe594ee9b33d82058545b1ed14f4c8206e,SpeedIndex,microsoft,True,microsoft SpeedIndex opt cold fission webrender,,6,ms,firefox,446237432.0,1840013564,2024-02-06 19:56:07,1372970,,,,,,,,,,,,,,,,,,,,,,,,,,,,,,,,,,,,,,,,,,,,,,,,,,,,,,,,,,,,,TN,TN
10eea88357d1ac2220fb23638cf6c39d0cbba003,405.7,mozilla-beta,4168118,13,59f7c57850e9d10762f122855a024e51389d56e5,windows10-64-shippable-qr,True,False,,|c|o|l|d| |f|i|s|s|i|o|n| |w|e|b|r|e|n|d|e|r|,102210fe594ee9b33d82058545b1ed14f4c8206e,SpeedIndex,microsoft,True,microsoft SpeedIndex opt cold fission webrender,,6,ms,firefox,446238333.0,1840024821,2024-02-06 20:12:27,1372975,,,,,,,,,,,,,,,,,,,,,,,,,,,,,,,,,,,,,,,,,,,,,,,,,,,,,,,,,,,,,TN,TN
7c72700cb8d9ccf71ec62fd8331a84674c18571f,417.4,mozilla-beta,4168118,13,59f7c57850e9d10762f122855a024e51389d56e5,windows10-64-shippable-qr,True,False,,|c|o|l|d| |f|i|s|s|i|o|n| |w|e|b|r|e|n|d|e|r|,102210fe594ee9b33d82058545b1ed14f4c8206e,SpeedIndex,microsoft,True,microsoft SpeedIndex opt cold fission webrender,,6,ms,firefox,446239340.0,1840037158,2024-02-06 20:35:55,1372986,,,,,,,,,,,,,,,,,,,,,,,,,,,,,,,,,,,,,,,,,,,,,,,,,,,,,,,,,,,,,TN,TN
77245ebf8e08ef46554065f805d1c0f0310c6c9a,438.1,mozilla-beta,4168118,13,59f7c57850e9d10762f122855a024e51389d56e5,windows10-64-shippable-qr,True,False,,|c|o|l|d| |f|i|s|s|i|o|n| |w|e|b|r|e|n|d|e|r|,102210fe594ee9b33d82058545b1ed14f4c8206e,SpeedIndex,microsoft,True,microsoft SpeedIndex opt cold fission webrender,,6,ms,firefox,446295613.0,1840350378,2024-02-07 07:29:13,1373224,,,,,,,,,,,,,,,,,,,,,,,,,,,,,,,,,,,,,,,,,,,,,,,,,,,,,,,,,,,,,TN,TN
1b4583d75b472438e6fed793d30383ca4755bb5a,423.8,mozilla-beta,4168118,13,59f7c57850e9d10762f122855a024e51389d56e5,windows10-64-shippable-qr,True,False,,|c|o|l|d| |f|i|s|s|i|o|n| |w|e|b|r|e|n|d|e|r|,102210fe594ee9b33d82058545b1ed14f4c8206e,SpeedIndex,microsoft,True,microsoft SpeedIndex opt cold fission webrender,,6,ms,firefox,446303181.0,1840378172,2024-02-07 08:18:56,1373235,,,,,,,,,,,,,,,,,,,,,,,,,,,,,,,,,,,,,,,,,,,,,,,,,,,,,,,,,,,,,TN,TN
e771748109c1517e64c4d3074c8945d0ef233fff,415.7,mozilla-beta,4168118,13,59f7c57850e9d10762f122855a024e51389d56e5,windows10-64-shippable-qr,True,False,,|c|o|l|d| |f|i|s|s|i|o|n| |w|e|b|r|e|n|d|e|r|,102210fe594ee9b33d82058545b1ed14f4c8206e,SpeedIndex,microsoft,True,microsoft SpeedIndex opt cold fission webrender,,6,ms,firefox,446309073.0,1840417357,2024-02-07 09:19:58,1373258,,,,,,,,,,,,,,,,,,,,,,,,,,,,,,,,,,,,,,,,,,,,,,,,,,,,,,,,,,,,,TN,TN
8f21e7fc0c1b4e1c6bdc2e14432a397e36e0389e,426.4,mozilla-beta,4168118,13,59f7c57850e9d10762f122855a024e51389d56e5,windows10-64-shippable-qr,True,False,,|c|o|l|d| |f|i|s|s|i|o|n| |w|e|b|r|e|n|d|e|r|,102210fe594ee9b33d82058545b1ed14f4c8206e,SpeedIndex,microsoft,True,microsoft SpeedIndex opt cold fission webrender,,6,ms,firefox,446408498.0,1840745533,2024-02-07 17:29:11,1373631,,,,,,,,,,,,,,,,,,,,,,,,,,,,,,,,,,,,,,,,,,,,,,,,,,,,,,,,,,,,,TN,TN
1b91d8eb60be8c797901bd71b5b44054d9714ed0,410.4,mozilla-beta,4168118,13,59f7c57850e9d10762f122855a024e51389d56e5,windows10-64-shippable-qr,True,False,,|c|o|l|d| |f|i|s|s|i|o|n| |w|e|b|r|e|n|d|e|r|,102210fe594ee9b33d82058545b1ed14f4c8206e,SpeedIndex,microsoft,True,microsoft SpeedIndex opt cold fission webrender,,6,ms,firefox,446412301.0,1840770001,2024-02-07 17:31:28,1373632,,,,,,,,,,,,,,,,,,,,,,,,,,,,,,,,,,,,,,,,,,,,,,,,,,,,,,,,,,,,,TN,TN
9808901a87ff413ae45b151156e099f99b0fcde2,438.3,mozilla-beta,4168118,13,59f7c57850e9d10762f122855a024e51389d56e5,windows10-64-shippable-qr,True,False,,|c|o|l|d| |f|i|s|s|i|o|n| |w|e|b|r|e|n|d|e|r|,102210fe594ee9b33d82058545b1ed14f4c8206e,SpeedIndex,microsoft,True,microsoft SpeedIndex opt cold fission webrender,,6,ms,firefox,446410382.0,1840756849,2024-02-07 18:08:14,1373669,,,,,,,,,,,,,,,,,,,,,,,,,,,,,,,,,,,,,,,,,,,,,,,,,,,,,,,,,,,,,TN,TN
453cb7680c52898d60ca64d2d736fe15600a9198,437.2,mozilla-beta,4168118,13,59f7c57850e9d10762f122855a024e51389d56e5,windows10-64-shippable-qr,True,False,,|c|o|l|d| |f|i|s|s|i|o|n| |w|e|b|r|e|n|d|e|r|,102210fe594ee9b33d82058545b1ed14f4c8206e,SpeedIndex,microsoft,True,microsoft SpeedIndex opt cold fission webrender,,6,ms,firefox,446446029.0,1840919441,2024-02-07 23:59:27,1373889,,,,,,,,,,,,,,,,,,,,,,,,,,,,,,,,,,,,,,,,,,,,,,,,,,,,,,,,,,,,,TN,TN
f51ca575b57686fd78dc5b0e7a89a1bda6aa1e3b,427.3,mozilla-beta,4168118,13,59f7c57850e9d10762f122855a024e51389d56e5,windows10-64-shippable-qr,True,False,,|c|o|l|d| |f|i|s|s|i|o|n| |w|e|b|r|e|n|d|e|r|,102210fe594ee9b33d82058545b1ed14f4c8206e,SpeedIndex,microsoft,True,microsoft SpeedIndex opt cold fission webrender,,6,ms,firefox,446481050.0,1841111790,2024-02-08 08:14:23,1374017,,,,,,,,,,,,,,,,,,,,,,,,,,,,,,,,,,,,,,,,,,,,,,,,,,,,,,,,,,,,,TN,TN
ddb2e51f3f167c097cecfda69ea5d9219bac8406,406.3,mozilla-beta,4168118,13,59f7c57850e9d10762f122855a024e51389d56e5,windows10-64-shippable-qr,True,False,,|c|o|l|d| |f|i|s|s|i|o|n| |w|e|b|r|e|n|d|e|r|,102210fe594ee9b33d82058545b1ed14f4c8206e,SpeedIndex,microsoft,True,microsoft SpeedIndex opt cold fission webrender,,6,ms,firefox,446481420.0,1841114916,2024-02-08 09:19:05,1374036,,,,,,,,,,,,,,,,,,,,,,,,,,,,,,,,,,,,,,,,,,,,,,,,,,,,,,,,,,,,,TN,TN
bba1c4f836c2d5b770bb3db1cfb39b611608dbe3,426.1,mozilla-beta,4168118,13,59f7c57850e9d10762f122855a024e51389d56e5,windows10-64-shippable-qr,True,False,,|c|o|l|d| |f|i|s|s|i|o|n| |w|e|b|r|e|n|d|e|r|,102210fe594ee9b33d82058545b1ed14f4c8206e,SpeedIndex,microsoft,True,microsoft SpeedIndex opt cold fission webrender,,6,ms,firefox,446507407.0,1841201087,2024-02-08 11:27:56,1374095,,,,,,,,,,,,,,,,,,,,,,,,,,,,,,,,,,,,,,,,,,,,,,,,,,,,,,,,,,,,,TN,TN
c0153173d3d82e7c4c4c035f47140d8c3d959074,409.2,mozilla-beta,4168118,13,59f7c57850e9d10762f122855a024e51389d56e5,windows10-64-shippable-qr,True,False,,|c|o|l|d| |f|i|s|s|i|o|n| |w|e|b|r|e|n|d|e|r|,102210fe594ee9b33d82058545b1ed14f4c8206e,SpeedIndex,microsoft,True,microsoft SpeedIndex opt cold fission webrender,,6,ms,firefox,446503235.0,1841186491,2024-02-08 12:17:00,1374105,,,,,,,,,,,,,,,,,,,,,,,,,,,,,,,,,,,,,,,,,,,,,,,,,,,,,,,,,,,,,TN,TN
adf50cae563ee49db51713af8c792eb00fc75e61,417.7,mozilla-beta,4168118,13,59f7c57850e9d10762f122855a024e51389d56e5,windows10-64-shippable-qr,True,False,,|c|o|l|d| |f|i|s|s|i|o|n| |w|e|b|r|e|n|d|e|r|,102210fe594ee9b33d82058545b1ed14f4c8206e,SpeedIndex,microsoft,True,microsoft SpeedIndex opt cold fission webrender,,6,ms,firefox,446518119.0,1841240830,2024-02-08 13:22:33,1374115,,,,,,,,,,,,,,,,,,,,,,,,,,,,,,,,,,,,,,,,,,,,,,,,,,,,,,,,,,,,,TN,TN
ee866bff81793c45aecb3f5d7d8f4bd0ea93555b,433.1,mozilla-beta,4168118,13,59f7c57850e9d10762f122855a024e51389d56e5,windows10-64-shippable-qr,True,False,,|c|o|l|d| |f|i|s|s|i|o|n| |w|e|b|r|e|n|d|e|r|,102210fe594ee9b33d82058545b1ed14f4c8206e,SpeedIndex,microsoft,True,microsoft SpeedIndex opt cold fission webrender,,6,ms,firefox,446543834.0,1841357143,2024-02-08 17:32:32,1374322,,,,,,,,,,,,,,,,,,,,,,,,,,,,,,,,,,,,,,,,,,,,,,,,,,,,,,,,,,,,,TN,TN
98cb75795f830804c6bbbbb8427c6911e6cac7d5,417.3,mozilla-beta,4168118,13,59f7c57850e9d10762f122855a024e51389d56e5,windows10-64-shippable-qr,True,False,,|c|o|l|d| |f|i|s|s|i|o|n| |w|e|b|r|e|n|d|e|r|,102210fe594ee9b33d82058545b1ed14f4c8206e,SpeedIndex,microsoft,True,microsoft SpeedIndex opt cold fission webrender,,6,ms,firefox,446558972.0,1841404793,2024-02-08 19:44:44,1374447,,,,,,,,,,,,,,,,,,,,,,,,,,,,,,,,,,,,,,,,,,,,,,,,,,,,,,,,,,,,,TN,TN
2994ba711bf024346bee4f7f674bf655fee51d94,421.0,mozilla-beta,4168118,13,59f7c57850e9d10762f122855a024e51389d56e5,windows10-64-shippable-qr,True,False,,|c|o|l|d| |f|i|s|s|i|o|n| |w|e|b|r|e|n|d|e|r|,102210fe594ee9b33d82058545b1ed14f4c8206e,SpeedIndex,microsoft,True,microsoft SpeedIndex opt cold fission webrender,,6,ms,firefox,446563193.0,1841425034,2024-02-08 20:39:56,1374478,,,,,,,,,,,,,,,,,,,,,,,,,,,,,,,,,,,,,,,,,,,,,,,,,,,,,,,,,,,,,TN,TN
97dd2042617d14565270931303e2df2f84f4a8a9,410.0,mozilla-beta,4168118,13,59f7c57850e9d10762f122855a024e51389d56e5,windows10-64-shippable-qr,True,False,,|c|o|l|d| |f|i|s|s|i|o|n| |w|e|b|r|e|n|d|e|r|,102210fe594ee9b33d82058545b1ed14f4c8206e,SpeedIndex,microsoft,True,microsoft SpeedIndex opt cold fission webrender,,6,ms,firefox,446640315.0,1841750500,2024-02-09 08:31:04,1374719,,,,,,,,,,,,,,,,,,,,,,,,,,,,,,,,,,,,,,,,,,,,,,,,,,,,,,,,,,,,,TN,TN
c5825068e5e0ce55bb2147e8de9e7f19615ca3d6,409.5,mozilla-beta,4168118,13,59f7c57850e9d10762f122855a024e51389d56e5,windows10-64-shippable-qr,True,False,,|c|o|l|d| |f|i|s|s|i|o|n| |w|e|b|r|e|n|d|e|r|,102210fe594ee9b33d82058545b1ed14f4c8206e,SpeedIndex,microsoft,True,microsoft SpeedIndex opt cold fission webrender,,6,ms,firefox,446657083.0,1841822787,2024-02-09 09:18:12,1374738,,,,,,,,,,,,,,,,,,,,,,,,,,,,,,,,,,,,,,,,,,,,,,,,,,,,,,,,,,,,,TN,TN
2f3df14b985728e0bcb6a2510d7773bce4749363,413.0,mozilla-beta,4168118,13,59f7c57850e9d10762f122855a024e51389d56e5,windows10-64-shippable-qr,True,False,,|c|o|l|d| |f|i|s|s|i|o|n| |w|e|b|r|e|n|d|e|r|,102210fe594ee9b33d82058545b1ed14f4c8206e,SpeedIndex,microsoft,True,microsoft SpeedIndex opt cold fission webrender,,6,ms,firefox,446664295.0,1841852901,2024-02-09 10:24:25,1374773,,,,,,,,,,,,,,,,,,,,,,,,,,,,,,,,,,,,,,,,,,,,,,,,,,,,,,,,,,,,,TN,TN
1bb55a790d7a3fdbb2b9723e962f28d26d99e7b6,427.5,mozilla-beta,4168118,13,59f7c57850e9d10762f122855a024e51389d56e5,windows10-64-shippable-qr,True,False,,|c|o|l|d| |f|i|s|s|i|o|n| |w|e|b|r|e|n|d|e|r|,102210fe594ee9b33d82058545b1ed14f4c8206e,SpeedIndex,microsoft,True,microsoft SpeedIndex opt cold fission webrender,,6,ms,firefox,446712767.0,1841976569,2024-02-09 14:42:41,1374899,,,,,,,,,,,,,,,,,,,,,,,,,,,,,,,,,,,,,,,,,,,,,,,,,,,,,,,,,,,,,TN,TN
1ecc0a4e5e12282711e6fa3f8d0226dd515d03f7,418.3,mozilla-beta,4168118,13,59f7c57850e9d10762f122855a024e51389d56e5,windows10-64-shippable-qr,True,False,,|c|o|l|d| |f|i|s|s|i|o|n| |w|e|b|r|e|n|d|e|r|,102210fe594ee9b33d82058545b1ed14f4c8206e,SpeedIndex,microsoft,True,microsoft SpeedIndex opt cold fission webrender,,6,ms,firefox,446793964.0,1842318262,2024-02-10 09:17:14,1375372,,,,,,,,,,,,,,,,,,,,,,,,,,,,,,,,,,,,,,,,,,,,,,,,,,,,,,,,,,,,,TN,TN
bfd9eaa704ca4a8e93ea0464631390ffa5a0c1fc,428.1,mozilla-beta,4168118,13,59f7c57850e9d10762f122855a024e51389d56e5,windows10-64-shippable-qr,True,False,,|c|o|l|d| |f|i|s|s|i|o|n| |w|e|b|r|e|n|d|e|r|,102210fe594ee9b33d82058545b1ed14f4c8206e,SpeedIndex,microsoft,True,microsoft SpeedIndex opt cold fission webrender,,6,ms,firefox,446853412.0,1842556219,2024-02-11 09:17:32,1375470,,,,,,,,,,,,,,,,,,,,,,,,,,,,,,,,,,,,,,,,,,,,,,,,,,,,,,,,,,,,,TN,TN
935359ea03adb54539530b07e6314e7d1c8eea56,419.2,mozilla-beta,4168118,13,59f7c57850e9d10762f122855a024e51389d56e5,windows10-64-shippable-qr,True,False,,|c|o|l|d| |f|i|s|s|i|o|n| |w|e|b|r|e|n|d|e|r|,102210fe594ee9b33d82058545b1ed14f4c8206e,SpeedIndex,microsoft,True,microsoft SpeedIndex opt cold fission webrender,,6,ms,firefox,446866417.0,1842589865,2024-02-11 11:34:20,1375479,,,,,,,,,,,,,,,,,,,,,,,,,,,,,,,,,,,,,,,,,,,,,,,,,,,,,,,,,,,,,TN,TN
229f1ec7ec2bbd7b577592168557c93e0cc13a01,412.6,mozilla-beta,4168118,13,59f7c57850e9d10762f122855a024e51389d56e5,windows10-64-shippable-qr,True,False,,|c|o|l|d| |f|i|s|s|i|o|n| |w|e|b|r|e|n|d|e|r|,102210fe594ee9b33d82058545b1ed14f4c8206e,SpeedIndex,microsoft,True,microsoft SpeedIndex opt cold fission webrender,,6,ms,firefox,446904256.0,1842791372,2024-02-12 09:17:44,1375646,,,,,,,,,,,,,,,,,,,,,,,,,,,,,,,,,,,,,,,,,,,,,,,,,,,,,,,,,,,,,TN,TN
efbd175193a69c684c78a68adc4e1862a82ad7b4,410.7,mozilla-beta,4168118,13,59f7c57850e9d10762f122855a024e51389d56e5,windows10-64-shippable-qr,True,False,,|c|o|l|d| |f|i|s|s|i|o|n| |w|e|b|r|e|n|d|e|r|,102210fe594ee9b33d82058545b1ed14f4c8206e,SpeedIndex,microsoft,True,microsoft SpeedIndex opt cold fission webrender,,6,ms,firefox,447616239.0,1845289170,2024-02-19 09:25:31,1378775,,,,,,,,,,,,,,,,,,,,,,,,,,,,,,,,,,,,,,,,,,,,,,,,,,,,,,,,,,,,,TN,TN
68158ab7c66395248f28b96d9f7f86e11d2e8d60,406.7,mozilla-beta,4168118,13,59f7c57850e9d10762f122855a024e51389d56e5,windows10-64-shippable-qr,True,False,,|c|o|l|d| |f|i|s|s|i|o|n| |w|e|b|r|e|n|d|e|r|,102210fe594ee9b33d82058545b1ed14f4c8206e,SpeedIndex,microsoft,True,microsoft SpeedIndex opt cold fission webrender,,6,ms,firefox,447738864.0,1845749583,2024-02-20 09:20:55,1379160,,,,,,,,,,,,,,,,,,,,,,,,,,,,,,,,,,,,,,,,,,,,,,,,,,,,,,,,,,,,,TN,TN
f52b92d785d0346848c447a502d5d50bebd2ea53,391.6,mozilla-beta,4168118,13,59f7c57850e9d10762f122855a024e51389d56e5,windows10-64-shippable-qr,True,False,,|c|o|l|d| |f|i|s|s|i|o|n| |w|e|b|r|e|n|d|e|r|,102210fe594ee9b33d82058545b1ed14f4c8206e,SpeedIndex,microsoft,True,microsoft SpeedIndex opt cold fission webrender,,6,ms,firefox,447876348.0,1846247893,2024-02-21 09:15:58,1379816,,,,,,,,,,,,,,,,,,,,,,,,,,,,,,,,,,,,,,,,,,,,,,,,,,,,,,,,,,,,,TN,TN
92ad84fbd2d3ab2c2d05d5080455a140a126cff5,397.7,mozilla-beta,4168118,13,59f7c57850e9d10762f122855a024e51389d56e5,windows10-64-shippable-qr,True,False,,|c|o|l|d| |f|i|s|s|i|o|n| |w|e|b|r|e|n|d|e|r|,102210fe594ee9b33d82058545b1ed14f4c8206e,SpeedIndex,microsoft,True,microsoft SpeedIndex opt cold fission webrender,,6,ms,firefox,448049663.0,1847042812,2024-02-22 09:17:41,1380500,,,,,,,,,,,,,,,,,,,,,,,,,,,,,,,,,,,,,,,,,,,,,,,,,,,,,,,,,,,,,TN,TN
1ec7aaea5f3d1777524a7330e076d096399ae4f5,395.8,mozilla-beta,4168118,13,59f7c57850e9d10762f122855a024e51389d56e5,windows10-64-shippable-qr,True,False,,|c|o|l|d| |f|i|s|s|i|o|n| |w|e|b|r|e|n|d|e|r|,102210fe594ee9b33d82058545b1ed14f4c8206e,SpeedIndex,microsoft,True,microsoft SpeedIndex opt cold fission webrender,,6,ms,firefox,448191902.0,1847689199,2024-02-23 09:17:06,1381265,,,,,,,,,,,,,,,,,,,,,,,,,,,,,,,,,,,,,,,,,,,,,,,,,,,,,,,,,,,,,TN,TN
957eaa7c057ac32303286a9f151e40393de97f35,394.5,mozilla-beta,4168118,13,59f7c57850e9d10762f122855a024e51389d56e5,windows10-64-shippable-qr,True,False,,|c|o|l|d| |f|i|s|s|i|o|n| |w|e|b|r|e|n|d|e|r|,102210fe594ee9b33d82058545b1ed14f4c8206e,SpeedIndex,microsoft,True,microsoft SpeedIndex opt cold fission webrender,,6,ms,firefox,448336606.0,1848262740,2024-02-24 09:17:22,1381908,,,,,,,,,,,,,,,,,,,,,,,,,,,,,,,,,,,,,,,,,,,,,,,,,,,,,,,,,,,,,TN,TN
934697c1247f8a7f0990d97d055540f17de9b474,401.4,mozilla-beta,4168118,13,59f7c57850e9d10762f122855a024e51389d56e5,windows10-64-shippable-qr,True,False,,|c|o|l|d| |f|i|s|s|i|o|n| |w|e|b|r|e|n|d|e|r|,102210fe594ee9b33d82058545b1ed14f4c8206e,SpeedIndex,microsoft,True,microsoft SpeedIndex opt cold fission webrender,,6,ms,firefox,448390798.0,1848442781,2024-02-25 09:17:37,1382031,,,,,,,,,,,,,,,,,,,,,,,,,,,,,,,,,,,,,,,,,,,,,,,,,,,,,,,,,,,,,TN,TN
ae07067467cc71fb031882787bfc03933b389664,398.1,mozilla-beta,4168118,13,59f7c57850e9d10762f122855a024e51389d56e5,windows10-64-shippable-qr,True,False,,|c|o|l|d| |f|i|s|s|i|o|n| |w|e|b|r|e|n|d|e|r|,102210fe594ee9b33d82058545b1ed14f4c8206e,SpeedIndex,microsoft,True,microsoft SpeedIndex opt cold fission webrender,,6,ms,firefox,448444819.0,1848627802,2024-02-26 09:19:39,1382178,,,,,,,,,,,,,,,,,,,,,,,,,,,,,,,,,,,,,,,,,,,,,,,,,,,,,,,,,,,,,TN,TN
0999ed6a09f562ac5680ce7111c3611857a93c49,399.9,mozilla-beta,4168118,13,59f7c57850e9d10762f122855a024e51389d56e5,windows10-64-shippable-qr,True,False,,|c|o|l|d| |f|i|s|s|i|o|n| |w|e|b|r|e|n|d|e|r|,102210fe594ee9b33d82058545b1ed14f4c8206e,SpeedIndex,microsoft,True,microsoft SpeedIndex opt cold fission webrender,,6,ms,firefox,448602044.0,1849273966,2024-02-27 09:15:26,1382853,,,,,,,,,,,,,,,,,,,,,,,,,,,,,,,,,,,,,,,,,,,,,,,,,,,,,,,,,,,,,TN,TN
401ddd57f906d5e7ca764f87db82b58a9532b1b7,404.8,mozilla-beta,4168118,13,59f7c57850e9d10762f122855a024e51389d56e5,windows10-64-shippable-qr,True,False,,|c|o|l|d| |f|i|s|s|i|o|n| |w|e|b|r|e|n|d|e|r|,102210fe594ee9b33d82058545b1ed14f4c8206e,SpeedIndex,microsoft,True,microsoft SpeedIndex opt cold fission webrender,,6,ms,firefox,448756920.0,1849882727,2024-02-28 09:17:14,1383641,,,,,,,,,,,,,,,,,,,,,,,,,,,,,,,,,,,,,,,,,,,,,,,,,,,,,,,,,,,,,TN,TN
47a022d40eee30f09c94e7ed9ab0c07c76658c43,387.8,mozilla-beta,4168118,13,59f7c57850e9d10762f122855a024e51389d56e5,windows10-64-shippable-qr,True,False,,|c|o|l|d| |f|i|s|s|i|o|n| |w|e|b|r|e|n|d|e|r|,102210fe594ee9b33d82058545b1ed14f4c8206e,SpeedIndex,microsoft,True,microsoft SpeedIndex opt cold fission webrender,,6,ms,firefox,448942562.0,1850588453,2024-02-29 09:18:56,1384386,,,,,,,,,,,,,,,,,,,,,,,,,,,,,,,,,,,,,,,,,,,,,,,,,,,,,,,,,,,,,TN,TN
4460e94868c1046b2812fc3a0940966d4a98a7c5,416.5,mozilla-beta,4168118,13,59f7c57850e9d10762f122855a024e51389d56e5,windows10-64-shippable-qr,True,False,,|c|o|l|d| |f|i|s|s|i|o|n| |w|e|b|r|e|n|d|e|r|,102210fe594ee9b33d82058545b1ed14f4c8206e,SpeedIndex,microsoft,True,microsoft SpeedIndex opt cold fission webrender,,6,ms,firefox,449086749.0,1851247929,2024-03-01 09:18:52,1385270,,,,,,,,,,,,,,,,,,,,,,,,,,,,,,,,,,,,,,,,,,,,,,,,,,,,,,,,,,,,,TN,TN
1cb56ccffcba9313d8620178c2972a667fcfb441,418.9,mozilla-beta,4168118,13,59f7c57850e9d10762f122855a024e51389d56e5,windows10-64-shippable-qr,True,False,,|c|o|l|d| |f|i|s|s|i|o|n| |w|e|b|r|e|n|d|e|r|,102210fe594ee9b33d82058545b1ed14f4c8206e,SpeedIndex,microsoft,True,microsoft SpeedIndex opt cold fission webrender,,6,ms,firefox,449201770.0,1851682852,2024-03-02 09:17:43,1385896,,,,,,,,,,,,,,,,,,,,,,,,,,,,,,,,,,,,,,,,,,,,,,,,,,,,,,,,,,,,,TN,TN
bfdc95d345acc33d49664c07e599896f13fcfe83,422.6,mozilla-beta,4168118,13,59f7c57850e9d10762f122855a024e51389d56e5,windows10-64-shippable-qr,True,False,,|c|o|l|d| |f|i|s|s|i|o|n| |w|e|b|r|e|n|d|e|r|,102210fe594ee9b33d82058545b1ed14f4c8206e,SpeedIndex,microsoft,True,microsoft SpeedIndex opt cold fission webrender,,6,ms,firefox,449305899.0,1852085680,2024-03-03 09:19:05,1386049,,,,,,,,,,,,,,,,,,,,,,,,,,,,,,,,,,,,,,,,,,,,,,,,,,,,,,,,,,,,,TN,TN
27d659cebabdf65399b834419b955970b7063987,426.5,mozilla-beta,4168118,13,59f7c57850e9d10762f122855a024e51389d56e5,windows10-64-shippable-qr,True,False,,|c|o|l|d| |f|i|s|s|i|o|n| |w|e|b|r|e|n|d|e|r|,102210fe594ee9b33d82058545b1ed14f4c8206e,SpeedIndex,microsoft,True,microsoft SpeedIndex opt cold fission webrender,,6,ms,firefox,449382250.0,1852412029,2024-03-04 09:17:53,1386240,,,,,,,,,,,,,,,,,,,,,,,,,,,,,,,,,,,,,,,,,,,,,,,,,,,,,,,,,,,,,TN,TN
ca3c73cda9454065f94c8042e1ab22f3b63d37e4,427.5,mozilla-beta,4168118,13,59f7c57850e9d10762f122855a024e51389d56e5,windows10-64-shippable-qr,True,False,,|c|o|l|d| |f|i|s|s|i|o|n| |w|e|b|r|e|n|d|e|r|,102210fe594ee9b33d82058545b1ed14f4c8206e,SpeedIndex,microsoft,True,microsoft SpeedIndex opt cold fission webrender,,6,ms,firefox,449584725.0,1853125002,2024-03-05 09:18:16,1387064,,,,,,,,,,,,,,,,,,,,,,,,,,,,,,,,,,,,,,,,,,,,,,,,,,,,,,,,,,,,,TN,TN
e3e0e69d83f0a2b2c37c8c08e660f9e1258c0cdb,429.8,mozilla-beta,4168118,13,59f7c57850e9d10762f122855a024e51389d56e5,windows10-64-shippable-qr,True,False,,|c|o|l|d| |f|i|s|s|i|o|n| |w|e|b|r|e|n|d|e|r|,102210fe594ee9b33d82058545b1ed14f4c8206e,SpeedIndex,microsoft,True,microsoft SpeedIndex opt cold fission webrender,,6,ms,firefox,449754671.0,1853754081,2024-03-06 10:47:56,1388026,,,,,,,,,,,,,,,,,,,,,,,,,,,,,,,,,,,,,,,,,,,,,,,,,,,,,,,,,,,,,TN,TN
f8d8807e88c8d0cef0e81df53f18d2599dba30c0,426.7,mozilla-beta,4168118,13,59f7c57850e9d10762f122855a024e51389d56e5,windows10-64-shippable-qr,True,False,,|c|o|l|d| |f|i|s|s|i|o|n| |w|e|b|r|e|n|d|e|r|,102210fe594ee9b33d82058545b1ed14f4c8206e,SpeedIndex,microsoft,True,microsoft SpeedIndex opt cold fission webrender,,6,ms,firefox,449915299.0,1854405734,2024-03-07 09:17:51,1388859,,,,,,,,,,,,,,,,,,,,,,,,,,,,,,,,,,,,,,,,,,,,,,,,,,,,,,,,,,,,,TN,TN
70ebd4ce1fd92e981156d6ee8b4c83924bbcf9bc,534.2,mozilla-beta,4168118,13,59f7c57850e9d10762f122855a024e51389d56e5,windows10-64-shippable-qr,True,False,,|c|o|l|d| |f|i|s|s|i|o|n| |w|e|b|r|e|n|d|e|r|,102210fe594ee9b33d82058545b1ed14f4c8206e,SpeedIndex,microsoft,True,microsoft SpeedIndex opt cold fission webrender,,6,ms,firefox,450053291.0,1855037028,2024-03-08 09:16:26,1389590,,,,,,,,,,,,,,,,,,,,,,,,,,,,,,,,,,,,,,,,,,,,,,,,,,,,,,,,,,,,,TN,TN
cf5738c4ba92559e15bf68b7425362ee9cf06c4f,426.5,mozilla-beta,4168118,13,59f7c57850e9d10762f122855a024e51389d56e5,windows10-64-shippable-qr,True,False,,|c|o|l|d| |f|i|s|s|i|o|n| |w|e|b|r|e|n|d|e|r|,102210fe594ee9b33d82058545b1ed14f4c8206e,SpeedIndex,microsoft,True,microsoft SpeedIndex opt cold fission webrender,,6,ms,firefox,450187412.0,1855582035,2024-03-09 09:18:50,1390177,,,,,,,,,,,,,,,,,,,,,,,,,,,,,,,,,,,,,,,,,,,,,,,,,,,,,,,,,,,,,TN,TN
540aff2c4e3fb06d8f2d7237c0f97e2607f66db2,418.0,mozilla-beta,4168118,13,59f7c57850e9d10762f122855a024e51389d56e5,windows10-64-shippable-qr,True,False,,|c|o|l|d| |f|i|s|s|i|o|n| |w|e|b|r|e|n|d|e|r|,102210fe594ee9b33d82058545b1ed14f4c8206e,SpeedIndex,microsoft,True,microsoft SpeedIndex opt cold fission webrender,,6,ms,firefox,450245425.0,1855778060,2024-03-10 09:17:47,1390270,,,,,,,,,,,,,,,,,,,,,,,,,,,,,,,,,,,,,,,,,,,,,,,,,,,,,,,,,,,,,TN,TN
0cf99846ae207384b7b0d487a0c2bdc891c41b98,409.3,mozilla-beta,4168118,13,59f7c57850e9d10762f122855a024e51389d56e5,windows10-64-shippable-qr,True,False,,|c|o|l|d| |f|i|s|s|i|o|n| |w|e|b|r|e|n|d|e|r|,102210fe594ee9b33d82058545b1ed14f4c8206e,SpeedIndex,microsoft,True,microsoft SpeedIndex opt cold fission webrender,,6,ms,firefox,450307246.0,1856041845,2024-03-11 09:18:41,1390441,,,,,,,,,,,,,,,,,,,,,,,,,,,,,,,,,,,,,,,,,,,,,,,,,,,,,,,,,,,,,TN,TN
0e1d5dc220c3bfb832d713de0ad1146da80622aa,418.4,mozilla-beta,4168118,13,59f7c57850e9d10762f122855a024e51389d56e5,windows10-64-shippable-qr,True,False,,|c|o|l|d| |f|i|s|s|i|o|n| |w|e|b|r|e|n|d|e|r|,102210fe594ee9b33d82058545b1ed14f4c8206e,SpeedIndex,microsoft,True,microsoft SpeedIndex opt cold fission webrender,,6,ms,firefox,450466253.0,1856634488,2024-03-11 14:13:13,1390540,,,,,,,,,,,,,,,,,,,,,,,,,,,,,,,,,,,,,,,,,,,,,,,,,,,,,,,,,,,,,TN,TN
566939372e5a2716a9508a1acde76dc7c4a2511d,403.1,mozilla-beta,4168118,13,59f7c57850e9d10762f122855a024e51389d56e5,windows10-64-shippable-qr,True,False,,|c|o|l|d| |f|i|s|s|i|o|n| |w|e|b|r|e|n|d|e|r|,102210fe594ee9b33d82058545b1ed14f4c8206e,SpeedIndex,microsoft,True,microsoft SpeedIndex opt cold fission webrender,,6,ms,firefox,451102462.0,1859471610,2024-03-18 08:55:08,1394231,,,,,,,,,,,,,,,,,,,,,,,,,,,,,,,,,,,,,,,,,,,,,,,,,,,,,,,,,,,,,TN,TN
0a6626ed41f59eb0256321549dcb596810cde22a,393.4,mozilla-beta,4168118,13,59f7c57850e9d10762f122855a024e51389d56e5,windows10-64-shippable-qr,True,False,,|c|o|l|d| |f|i|s|s|i|o|n| |w|e|b|r|e|n|d|e|r|,102210fe594ee9b33d82058545b1ed14f4c8206e,SpeedIndex,microsoft,True,microsoft SpeedIndex opt cold fission webrender,,6,ms,firefox,451274368.0,1860132654,2024-03-19 09:38:35,1394680,,,,,,,,,,,,,,,,,,,,,,,,,,,,,,,,,,,,,,,,,,,,,,,,,,,,,,,,,,,,,TN,TN
ffae974400aead10a82798846de082587d2f8981,399.1,mozilla-beta,4168118,13,59f7c57850e9d10762f122855a024e51389d56e5,windows10-64-shippable-qr,True,False,,|c|o|l|d| |f|i|s|s|i|o|n| |w|e|b|r|e|n|d|e|r|,102210fe594ee9b33d82058545b1ed14f4c8206e,SpeedIndex,microsoft,True,microsoft SpeedIndex opt cold fission webrender,,6,ms,firefox,451456336.0,1860885564,2024-03-20 09:17:24,1395090,,,,,,,,,,,,,,,,,,,,,,,,,,,,,,,,,,,,,,,,,,,,,,,,,,,,,,,,,,,,,TN,TN
5ef320087fe3720e882d8e1c7a12b1295c818ebd,391.0,mozilla-beta,4168118,13,59f7c57850e9d10762f122855a024e51389d56e5,windows10-64-shippable-qr,True,False,,|c|o|l|d| |f|i|s|s|i|o|n| |w|e|b|r|e|n|d|e|r|,102210fe594ee9b33d82058545b1ed14f4c8206e,SpeedIndex,microsoft,True,microsoft SpeedIndex opt cold fission webrender,,6,ms,firefox,451651162.0,1861651012,2024-03-21 09:16:03,1395733,,,,,,,,,,,,,,,,,,,,,,,,,,,,,,,,,,,,,,,,,,,,,,,,,,,,,,,,,,,,,TN,TN
ee89d28fdf0e54ffce41da17f83535e68cbb3c2d,388.5,mozilla-beta,4168118,13,59f7c57850e9d10762f122855a024e51389d56e5,windows10-64-shippable-qr,True,False,,|c|o|l|d| |f|i|s|s|i|o|n| |w|e|b|r|e|n|d|e|r|,102210fe594ee9b33d82058545b1ed14f4c8206e,SpeedIndex,microsoft,True,microsoft SpeedIndex opt cold fission webrender,,6,ms,firefox,451876268.0,1862449571,2024-03-22 09:16:22,1397233,,,,,,,,,,,,,,,,,,,,,,,,,,,,,,,,,,,,,,,,,,,,,,,,,,,,,,,,,,,,,TN,TN
77e3a282dfd4685e94c03ecd5b18624226e19b27,392.4,mozilla-beta,4168118,13,59f7c57850e9d10762f122855a024e51389d56e5,windows10-64-shippable-qr,True,False,,|c|o|l|d| |f|i|s|s|i|o|n| |w|e|b|r|e|n|d|e|r|,102210fe594ee9b33d82058545b1ed14f4c8206e,SpeedIndex,microsoft,True,microsoft SpeedIndex opt cold fission webrender,,6,ms,firefox,452005129.0,1863007296,2024-03-23 09:19:32,1397823,,,,,,,,,,,,,,,,,,,,,,,,,,,,,,,,,,,,,,,,,,,,,,,,,,,,,,,,,,,,,TN,TN
3d85a80706c8f8aa0641870ddd524cfea4891444,387.5,mozilla-beta,4168118,13,59f7c57850e9d10762f122855a024e51389d56e5,windows10-64-shippable-qr,True,False,,|c|o|l|d| |f|i|s|s|i|o|n| |w|e|b|r|e|n|d|e|r|,102210fe594ee9b33d82058545b1ed14f4c8206e,SpeedIndex,microsoft,True,microsoft SpeedIndex opt cold fission webrender,,6,ms,firefox,452071345.0,1863277068,2024-03-24 09:20:06,1397933,,,,,,,,,,,,,,,,,,,,,,,,,,,,,,,,,,,,,,,,,,,,,,,,,,,,,,,,,,,,,TN,TN
e44d7c643476811488fd811c8bba2509843641c1,391.0,mozilla-beta,4168118,13,59f7c57850e9d10762f122855a024e51389d56e5,windows10-64-shippable-qr,True,False,,|c|o|l|d| |f|i|s|s|i|o|n| |w|e|b|r|e|n|d|e|r|,102210fe594ee9b33d82058545b1ed14f4c8206e,SpeedIndex,microsoft,True,microsoft SpeedIndex opt cold fission webrender,,6,ms,firefox,452147369.0,1863610715,2024-03-25 09:14:08,1398053,,,,,,,,,,,,,,,,,,,,,,,,,,,,,,,,,,,,,,,,,,,,,,,,,,,,,,,,,,,,,TN,TN
d301ddf00248b484c7738710f6c8b8505b83f314,387.4,mozilla-beta,4168118,13,59f7c57850e9d10762f122855a024e51389d56e5,windows10-64-shippable-qr,True,False,,|c|o|l|d| |f|i|s|s|i|o|n| |w|e|b|r|e|n|d|e|r|,102210fe594ee9b33d82058545b1ed14f4c8206e,SpeedIndex,microsoft,True,microsoft SpeedIndex opt cold fission webrender,,6,ms,firefox,452326047.0,1864355880,2024-03-26 09:15:47,1398856,,,,,,,,,,,,,,,,,,,,,,,,,,,,,,,,,,,,,,,,,,,,,,,,,,,,,,,,,,,,,TN,TN
2961c0291c90821915e323eb718526343c9002f6,394.9,mozilla-beta,4168118,13,59f7c57850e9d10762f122855a024e51389d56e5,windows10-64-shippable-qr,True,False,,|c|o|l|d| |f|i|s|s|i|o|n| |w|e|b|r|e|n|d|e|r|,102210fe594ee9b33d82058545b1ed14f4c8206e,SpeedIndex,microsoft,True,microsoft SpeedIndex opt cold fission webrender,,6,ms,firefox,452491832.0,1865053478,2024-03-27 09:22:50,1399681,,,,,,,,,,,,,,,,,,,,,,,,,,,,,,,,,,,,,,,,,,,,,,,,,,,,,,,,,,,,,TN,TN
d8ff3d0abda00419cb16fc609e8bd1b548a22f20,383.8,mozilla-beta,4168118,13,59f7c57850e9d10762f122855a024e51389d56e5,windows10-64-shippable-qr,True,False,,|c|o|l|d| |f|i|s|s|i|o|n| |w|e|b|r|e|n|d|e|r|,102210fe594ee9b33d82058545b1ed14f4c8206e,SpeedIndex,microsoft,True,microsoft SpeedIndex opt cold fission webrender,,6,ms,firefox,452661327.0,1865678151,2024-03-28 09:19:58,1400430,,,,,,,,,,,,,,,,,,,,,,,,,,,,,,,,,,,,,,,,,,,,,,,,,,,,,,,,,,,,,TN,TN
9d8459103ff084e7123569e4154861e4814b1a5c,385.2,mozilla-beta,4168118,13,59f7c57850e9d10762f122855a024e51389d56e5,windows10-64-shippable-qr,True,False,,|c|o|l|d| |f|i|s|s|i|o|n| |w|e|b|r|e|n|d|e|r|,102210fe594ee9b33d82058545b1ed14f4c8206e,SpeedIndex,microsoft,True,microsoft SpeedIndex opt cold fission webrender,,6,ms,firefox,452805254.0,1866312402,2024-03-29 09:19:18,1401077,,,,,,,,,,,,,,,,,,,,,,,,,,,,,,,,,,,,,,,,,,,,,,,,,,,,,,,,,,,,,TN,TN
fba6666cd8c543502ed302f3b88b3f3a3ad1b0a5,424.6,mozilla-beta,4168118,13,59f7c57850e9d10762f122855a024e51389d56e5,windows10-64-shippable-qr,True,False,,|c|o|l|d| |f|i|s|s|i|o|n| |w|e|b|r|e|n|d|e|r|,102210fe594ee9b33d82058545b1ed14f4c8206e,SpeedIndex,microsoft,True,microsoft SpeedIndex opt cold fission webrender,,6,ms,firefox,452920426.0,1866768864,2024-03-30 09:18:58,1401447,,,,,,,,,,,,,,,,,,,,,,,,,,,,,,,,,,,,,,,,,,,,,,,,,,,,,,,,,,,,,TN,TN
6d71e191ef0c59ab08e1f033675d55f11f8d745f,419.7,mozilla-beta,4168118,13,59f7c57850e9d10762f122855a024e51389d56e5,windows10-64-shippable-qr,True,False,,|c|o|l|d| |f|i|s|s|i|o|n| |w|e|b|r|e|n|d|e|r|,102210fe594ee9b33d82058545b1ed14f4c8206e,SpeedIndex,microsoft,True,microsoft SpeedIndex opt cold fission webrender,,6,ms,firefox,452976755.0,1866973918,2024-03-31 09:17:23,1401517,,,,,,,,,,,,,,,,,,,,,,,,,,,,,,,,,,,,,,,,,,,,,,,,,,,,,,,,,,,,,TN,TN
705c01f25fd07ab305f171f08f4ec807d926b61a,464.6,mozilla-beta,4168118,13,59f7c57850e9d10762f122855a024e51389d56e5,windows10-64-shippable-qr,True,False,,|c|o|l|d| |f|i|s|s|i|o|n| |w|e|b|r|e|n|d|e|r|,102210fe594ee9b33d82058545b1ed14f4c8206e,SpeedIndex,microsoft,True,microsoft SpeedIndex opt cold fission webrender,,6,ms,firefox,453033695.0,1867177333,2024-04-01 09:16:00,1401632,,,,,,,,,,,,,,,,,,,,,,,,,,,,,,,,,,,,,,,,,,,,,,,,,,,,,,,,,,,,,TN,TN
e16ab0e5c2ea33875bc9659e41e54fb7247aac99,421.2,mozilla-beta,4168118,13,59f7c57850e9d10762f122855a024e51389d56e5,windows10-64-shippable-qr,True,False,,|c|o|l|d| |f|i|s|s|i|o|n| |w|e|b|r|e|n|d|e|r|,102210fe594ee9b33d82058545b1ed14f4c8206e,SpeedIndex,microsoft,True,microsoft SpeedIndex opt cold fission webrender,,6,ms,firefox,453182172.0,1867731694,2024-04-02 09:18:04,1402189,,,,,,,,,,,,,,,,,,,,,,,,,,,,,,,,,,,,,,,,,,,,,,,,,,,,,,,,,,,,,TN,TN
112b84c83c8e3dfdce67608701b29c4a5174cfc0,421.5,mozilla-beta,4168118,13,59f7c57850e9d10762f122855a024e51389d56e5,windows10-64-shippable-qr,True,False,,|c|o|l|d| |f|i|s|s|i|o|n| |w|e|b|r|e|n|d|e|r|,102210fe594ee9b33d82058545b1ed14f4c8206e,SpeedIndex,microsoft,True,microsoft SpeedIndex opt cold fission webrender,,6,ms,firefox,453324745.0,1868312384,2024-04-03 09:16:02,1402980,,,,,,,,,,,,,,,,,,,,,,,,,,,,,,,,,,,,,,,,,,,,,,,,,,,,,,,,,,,,,TN,TN
848a5dd2f03333916deef2de0bd480f76ee8e2ec,429.0,mozilla-beta,4168118,13,59f7c57850e9d10762f122855a024e51389d56e5,windows10-64-shippable-qr,True,False,,|c|o|l|d| |f|i|s|s|i|o|n| |w|e|b|r|e|n|d|e|r|,102210fe594ee9b33d82058545b1ed14f4c8206e,SpeedIndex,microsoft,True,microsoft SpeedIndex opt cold fission webrender,,6,ms,firefox,453487457.0,1868892075,2024-04-04 09:18:18,1403785,,,,,,,,,,,,,,,,,,,,,,,,,,,,,,,,,,,,,,,,,,,,,,,,,,,,,,,,,,,,,TN,TN
86f05a3e07907e08cf22b59ea204a889fdd3a50f,435.6,mozilla-beta,4168118,13,59f7c57850e9d10762f122855a024e51389d56e5,windows10-64-shippable-qr,True,False,,|c|o|l|d| |f|i|s|s|i|o|n| |w|e|b|r|e|n|d|e|r|,102210fe594ee9b33d82058545b1ed14f4c8206e,SpeedIndex,microsoft,True,microsoft SpeedIndex opt cold fission webrender,,6,ms,firefox,453620277.0,1869440916,2024-04-05 09:18:28,1404535,,,,,,,,,,,,,,,,,,,,,,,,,,,,,,,,,,,,,,,,,,,,,,,,,,,,,,,,,,,,,TN,TN
da83bf954eeaf0d60535435699e22d1bdab9b0c9,429.8,mozilla-beta,4168118,13,59f7c57850e9d10762f122855a024e51389d56e5,windows10-64-shippable-qr,True,False,,|c|o|l|d| |f|i|s|s|i|o|n| |w|e|b|r|e|n|d|e|r|,102210fe594ee9b33d82058545b1ed14f4c8206e,SpeedIndex,microsoft,True,microsoft SpeedIndex opt cold fission webrender,,6,ms,firefox,453756131.0,1870040020,2024-04-06 09:20:39,1405215,,,,,,,,,,,,,,,,,,,,,,,,,,,,,,,,,,,,,,,,,,,,,,,,,,,,,,,,,,,,,TN,TN
dad2699f2155c61aebd7d696cc82932726b75e3c,435.0,mozilla-beta,4168118,13,59f7c57850e9d10762f122855a024e51389d56e5,windows10-64-shippable-qr,True,False,,|c|o|l|d| |f|i|s|s|i|o|n| |w|e|b|r|e|n|d|e|r|,102210fe594ee9b33d82058545b1ed14f4c8206e,SpeedIndex,microsoft,True,microsoft SpeedIndex opt cold fission webrender,,6,ms,firefox,453820184.0,1870296247,2024-04-07 09:17:44,1405323,,,,,,,,,,,,,,,,,,,,,,,,,,,,,,,,,,,,,,,,,,,,,,,,,,,,,,,,,,,,,TN,TN
8d35730992fa27721373e9a72c891e9dc91b1e24,443.2,mozilla-beta,4168118,13,59f7c57850e9d10762f122855a024e51389d56e5,windows10-64-shippable-qr,True,False,,|c|o|l|d| |f|i|s|s|i|o|n| |w|e|b|r|e|n|d|e|r|,102210fe594ee9b33d82058545b1ed14f4c8206e,SpeedIndex,microsoft,True,microsoft SpeedIndex opt cold fission webrender,,6,ms,firefox,453884145.0,1870586971,2024-04-08 09:22:27,1405479,,,,,,,,,,,,,,,,,,,,,,,,,,,,,,,,,,,,,,,,,,,,,,,,,,,,,,,,,,,,,TN,TN
4e51542f4ccd3c2e5ba3ad9f16cfb13c2b967ba9,453.0,mozilla-beta,4168118,13,59f7c57850e9d10762f122855a024e51389d56e5,windows10-64-shippable-qr,True,False,,|c|o|l|d| |f|i|s|s|i|o|n| |w|e|b|r|e|n|d|e|r|,102210fe594ee9b33d82058545b1ed14f4c8206e,SpeedIndex,microsoft,True,microsoft SpeedIndex opt cold fission webrender,,6,ms,firefox,454061746.0,1871308370,2024-04-08 15:33:15,1405725,,,,,,,,,,,,,,,,,,,,,,,,,,,,,,,,,,,,,,,,,,,,,,,,,,,,,,,,,,,,,TN,TN
661ff1b9ed7bf303e9169dceb043702b7d51ef20,409.3,mozilla-beta,4168118,13,59f7c57850e9d10762f122855a024e51389d56e5,windows10-64-shippable-qr,True,False,,|c|o|l|d| |f|i|s|s|i|o|n| |w|e|b|r|e|n|d|e|r|,102210fe594ee9b33d82058545b1ed14f4c8206e,SpeedIndex,microsoft,True,microsoft SpeedIndex opt cold fission webrender,,6,ms,firefox,454537463.0,1873969784,2024-04-15 10:01:36,1408728,,,,,,,,,,,,,,,,,,,,,,,,,,,,,,,,,,,,,,,,,,,,,,,,,,,,,,,,,,,,,TN,TN
636d77d668ab9281936ff63e48accb5b1ff475da,456.4,mozilla-beta,4168118,13,59f7c57850e9d10762f122855a024e51389d56e5,windows10-64-shippable-qr,True,False,,|c|o|l|d| |f|i|s|s|i|o|n| |w|e|b|r|e|n|d|e|r|,102210fe594ee9b33d82058545b1ed14f4c8206e,SpeedIndex,microsoft,True,microsoft SpeedIndex opt cold fission webrender,,6,ms,firefox,454713266.0,1874714425,2024-04-16 09:39:32,1409497,,,,,,,,,,,,,,,,,,,,,,,,,,,,,,,,,,,,,,,,,,,,,,,,,,,,,,,,,,,,,TN,TN
de50e72d13d30fea9aa987c75dbc16e138261f33,408.2,mozilla-beta,4168118,13,59f7c57850e9d10762f122855a024e51389d56e5,windows10-64-shippable-qr,True,False,,|c|o|l|d| |f|i|s|s|i|o|n| |w|e|b|r|e|n|d|e|r|,102210fe594ee9b33d82058545b1ed14f4c8206e,SpeedIndex,microsoft,True,microsoft SpeedIndex opt cold fission webrender,,6,ms,firefox,454840494.0,1875375865,2024-04-17 09:19:40,1410379,,,,,,,,,,,,,,,,,,,,,,,,,,,,,,,,,,,,,,,,,,,,,,,,,,,,,,,,,,,,,TN,TN
a863a33698239851dc5fd23f3c949f866d1f0f34,417.8,mozilla-beta,4168118,13,59f7c57850e9d10762f122855a024e51389d56e5,windows10-64-shippable-qr,True,False,,|c|o|l|d| |f|i|s|s|i|o|n| |w|e|b|r|e|n|d|e|r|,102210fe594ee9b33d82058545b1ed14f4c8206e,SpeedIndex,microsoft,True,microsoft SpeedIndex opt cold fission webrender,,6,ms,firefox,454988241.0,1876009530,2024-04-18 09:20:53,1411325,,,,,,,,,,,,,,,,,,,,,,,,,,,,,,,,,,,,,,,,,,,,,,,,,,,,,,,,,,,,,TN,TN
c0fa9fa5581346bd24fb8df1e56520a1ab09c320,432.9,mozilla-beta,4168118,13,59f7c57850e9d10762f122855a024e51389d56e5,windows10-64-shippable-qr,True,False,,|c|o|l|d| |f|i|s|s|i|o|n| |w|e|b|r|e|n|d|e|r|,102210fe594ee9b33d82058545b1ed14f4c8206e,SpeedIndex,microsoft,True,microsoft SpeedIndex opt cold fission webrender,,6,ms,firefox,455141013.0,1876947907,2024-04-19 09:26:09,1412122,,,,,,,,,,,,,,,,,,,,,,,,,,,,,,,,,,,,,,,,,,,,,,,,,,,,,,,,,,,,,TN,TN
08c5ccbc227d2a7a3b9c2e25c028672c95324e46,431.0,mozilla-beta,4168118,13,59f7c57850e9d10762f122855a024e51389d56e5,windows10-64-shippable-qr,True,False,,|c|o|l|d| |f|i|s|s|i|o|n| |w|e|b|r|e|n|d|e|r|,102210fe594ee9b33d82058545b1ed14f4c8206e,SpeedIndex,microsoft,True,microsoft SpeedIndex opt cold fission webrender,,6,ms,firefox,455266011.0,1877575750,2024-04-20 09:20:43,1412720,,,,,,,,,,,,,,,,,,,,,,,,,,,,,,,,,,,,,,,,,,,,,,,,,,,,,,,,,,,,,TN,TN
5fcb3101ac687798d63cc828dd860f176e504485,412.6,mozilla-beta,4168118,13,59f7c57850e9d10762f122855a024e51389d56e5,windows10-64-shippable-qr,True,False,,|c|o|l|d| |f|i|s|s|i|o|n| |w|e|b|r|e|n|d|e|r|,102210fe594ee9b33d82058545b1ed14f4c8206e,SpeedIndex,microsoft,True,microsoft SpeedIndex opt cold fission webrender,,6,ms,firefox,455306840.0,1877750957,2024-04-21 09:21:28,1412801,,,,,,,,,,,,,,,,,,,,,,,,,,,,,,,,,,,,,,,,,,,,,,,,,,,,,,,,,,,,,TN,TN
9d4b914d92b130add8f178e9b5ca738ff713d826,424.9,mozilla-beta,4168118,13,59f7c57850e9d10762f122855a024e51389d56e5,windows10-64-shippable-qr,True,False,,|c|o|l|d| |f|i|s|s|i|o|n| |w|e|b|r|e|n|d|e|r|,102210fe594ee9b33d82058545b1ed14f4c8206e,SpeedIndex,microsoft,True,microsoft SpeedIndex opt cold fission webrender,,6,ms,firefox,455362057.0,1878113794,2024-04-22 09:19:40,1412983,,,,,,,,,,,,,,,,,,,,,,,,,,,,,,,,,,,,,,,,,,,,,,,,,,,,,,,,,,,,,TN,TN
5cdb2f8e60b06efb312a22abddb6cf9062a03bde,414.7,mozilla-beta,4168118,13,59f7c57850e9d10762f122855a024e51389d56e5,windows10-64-shippable-qr,True,False,,|c|o|l|d| |f|i|s|s|i|o|n| |w|e|b|r|e|n|d|e|r|,102210fe594ee9b33d82058545b1ed14f4c8206e,SpeedIndex,microsoft,True,microsoft SpeedIndex opt cold fission webrender,,6,ms,firefox,455538223.0,1878875880,2024-04-23 11:56:00,1413922,,,,,,,,,,,,,,,,,,,,,,,,,,,,,,,,,,,,,,,,,,,,,,,,,,,,,,,,,,,,,TN,TN
5238516b327c5721e0ca31a9cdc2b52972aab980,416.6,mozilla-beta,4168118,13,59f7c57850e9d10762f122855a024e51389d56e5,windows10-64-shippable-qr,True,False,,|c|o|l|d| |f|i|s|s|i|o|n| |w|e|b|r|e|n|d|e|r|,102210fe594ee9b33d82058545b1ed14f4c8206e,SpeedIndex,microsoft,True,microsoft SpeedIndex opt cold fission webrender,,6,ms,firefox,455670356.0,1879698191,2024-04-24 09:17:56,1414697,,,,,,,,,,,,,,,,,,,,,,,,,,,,,,,,,,,,,,,,,,,,,,,,,,,,,,,,,,,,,TN,TN
bc66aa65643eb49777eb4b9aa39688abf685bb04,415.1,mozilla-beta,4168118,13,59f7c57850e9d10762f122855a024e51389d56e5,windows10-64-shippable-qr,True,False,,|c|o|l|d| |f|i|s|s|i|o|n| |w|e|b|r|e|n|d|e|r|,102210fe594ee9b33d82058545b1ed14f4c8206e,SpeedIndex,microsoft,True,microsoft SpeedIndex opt cold fission webrender,,6,ms,firefox,455818196.0,537036,2024-04-25 09:21:28,1415835,,,,,,,,,,,,,,,,,,,,,,,,,,,,,,,,,,,,,,,,,,,,,,,,,,,,,,,,,,,,,TN,TN
33536b8cf71a5cdaa174a5f02fc8fde525c0fa91,426.8,mozilla-beta,4168118,13,59f7c57850e9d10762f122855a024e51389d56e5,windows10-64-shippable-qr,True,False,,|c|o|l|d| |f|i|s|s|i|o|n| |w|e|b|r|e|n|d|e|r|,102210fe594ee9b33d82058545b1ed14f4c8206e,SpeedIndex,microsoft,True,microsoft SpeedIndex opt cold fission webrender,,6,ms,firefox,455982473.0,1256175,2024-04-26 09:17:20,1416660,,,,,,,,,,,,,,,,,,,,,,,,,,,,,,,,,,,,,,,,,,,,,,,,,,,,,,,,,,,,,TN,TN
6095688cc01d96bc2f3e2f065304c0e411a65cfa,456.1,mozilla-beta,4168118,13,59f7c57850e9d10762f122855a024e51389d56e5,windows10-64-shippable-qr,True,False,,|c|o|l|d| |f|i|s|s|i|o|n| |w|e|b|r|e|n|d|e|r|,102210fe594ee9b33d82058545b1ed14f4c8206e,SpeedIndex,microsoft,True,microsoft SpeedIndex opt cold fission webrender,,6,ms,firefox,456110351.0,1818421,2024-04-27 09:17:32,1417247,,,,,,,,,,,,,,,,,,,,,,,,,,,,,,,,,,,,,,,,,,,,,,,,,,,,,,,,,,,,,TN,TN
b7da94d4ea323cf6227112f6b413d76b135a62b4,452.3,mozilla-beta,4168118,13,59f7c57850e9d10762f122855a024e51389d56e5,windows10-64-shippable-qr,True,False,,|c|o|l|d| |f|i|s|s|i|o|n| |w|e|b|r|e|n|d|e|r|,102210fe594ee9b33d82058545b1ed14f4c8206e,SpeedIndex,microsoft,True,microsoft SpeedIndex opt cold fission webrender,,6,ms,firefox,456178330.0,2141182,2024-04-28 09:20:44,1417375,,,,,,,,,,,,,,,,,,,,,,,,,,,,,,,,,,,,,,,,,,,,,,,,,,,,,,,,,,,,,TN,TN
eabc48135fde74a52c97a390c112adfe37d93772,440.4,mozilla-beta,4168118,13,59f7c57850e9d10762f122855a024e51389d56e5,windows10-64-shippable-qr,True,False,,|c|o|l|d| |f|i|s|s|i|o|n| |w|e|b|r|e|n|d|e|r|,102210fe594ee9b33d82058545b1ed14f4c8206e,SpeedIndex,microsoft,True,microsoft SpeedIndex opt cold fission webrender,,6,ms,firefox,456241172.0,2504768,2024-04-29 09:17:43,1417533,,,,,,,,,,,,,,,,,,,,,,,,,,,,,,,,,,,,,,,,,,,,,,,,,,,,,,,,,,,,,TN,TN
6d159a881cdd423e3c82ccde5d9bfd0afb27dee8,439.3,mozilla-beta,4168118,13,59f7c57850e9d10762f122855a024e51389d56e5,windows10-64-shippable-qr,True,False,,|c|o|l|d| |f|i|s|s|i|o|n| |w|e|b|r|e|n|d|e|r|,102210fe594ee9b33d82058545b1ed14f4c8206e,SpeedIndex,microsoft,True,microsoft SpeedIndex opt cold fission webrender,,6,ms,firefox,456407886.0,3283794,2024-04-30 09:14:45,1418361,,,,,,,,,,,,,,,,,,,,,,,,,,,,,,,,,,,,,,,,,,,,,,,,,,,,,,,,,,,,,TN,TN
0da0366a9c0c4329976fed310df3a4ede1dbbd5e,420.5,mozilla-beta,4168118,13,59f7c57850e9d10762f122855a024e51389d56e5,windows10-64-shippable-qr,True,False,,|c|o|l|d| |f|i|s|s|i|o|n| |w|e|b|r|e|n|d|e|r|,102210fe594ee9b33d82058545b1ed14f4c8206e,SpeedIndex,microsoft,True,microsoft SpeedIndex opt cold fission webrender,,6,ms,firefox,456546531.0,3940264,2024-05-01 02:27:18,1419003,,,,,,,,,,,,,,,,,,,,,,,,,,,,,,,,,,,,,,,,,,,,,,,,,,,,,,,,,,,,,TN,TN
2c1b332c32fbb367785158b4dd9888dcad9e3b43,419.0,mozilla-beta,4168118,13,59f7c57850e9d10762f122855a024e51389d56e5,windows10-64-shippable-qr,True,False,,|c|o|l|d| |f|i|s|s|i|o|n| |w|e|b|r|e|n|d|e|r|,102210fe594ee9b33d82058545b1ed14f4c8206e,SpeedIndex,microsoft,True,microsoft SpeedIndex opt cold fission webrender,,6,ms,firefox,456673835.0,4656630,2024-05-02 09:18:48,1419643,,,,,,,,,,,,,,,,,,,,,,,,,,,,,,,,,,,,,,,,,,,,,,,,,,,,,,,,,,,,,TN,TN
7245a1e9161d303fa04d28e3b29ff4176c10f9fe,446.5,mozilla-beta,4168118,13,59f7c57850e9d10762f122855a024e51389d56e5,windows10-64-shippable-qr,True,False,,|c|o|l|d| |f|i|s|s|i|o|n| |w|e|b|r|e|n|d|e|r|,102210fe594ee9b33d82058545b1ed14f4c8206e,SpeedIndex,microsoft,True,microsoft SpeedIndex opt cold fission webrender,,6,ms,firefox,456826261.0,5445029,2024-05-03 09:17:35,1420493,,,,,,,,,,,,,,,,,,,,,,,,,,,,,,,,,,,,,,,,,,,,,,,,,,,,,,,,,,,,,TN,TN
1f075135dc3c0a87ad33c7686f35064010169efe,482.5,mozilla-beta,4168118,13,59f7c57850e9d10762f122855a024e51389d56e5,windows10-64-shippable-qr,True,False,,|c|o|l|d| |f|i|s|s|i|o|n| |w|e|b|r|e|n|d|e|r|,102210fe594ee9b33d82058545b1ed14f4c8206e,SpeedIndex,microsoft,True,microsoft SpeedIndex opt cold fission webrender,,6,ms,firefox,456962407.0,6264840,2024-05-04 09:19:04,1421173,,,,,,,,,,,,,,,,,,,,,,,,,,,,,,,,,,,,,,,,,,,,,,,,,,,,,,,,,,,,,TN,TN
247ffa71e901a9d3a97fcb408c22633e145033f4,442.5,mozilla-beta,4168118,13,59f7c57850e9d10762f122855a024e51389d56e5,windows10-64-shippable-qr,True,False,,|c|o|l|d| |f|i|s|s|i|o|n| |w|e|b|r|e|n|d|e|r|,102210fe594ee9b33d82058545b1ed14f4c8206e,SpeedIndex,microsoft,True,microsoft SpeedIndex opt cold fission webrender,,6,ms,firefox,457019537.0,6575853,2024-05-05 09:16:13,1421425,,,,,,,,,,,,,,,,,,,,,,,,,,,,,,,,,,,,,,,,,,,,,,,,,,,,,,,,,,,,,TN,TN
1d9f6a8927e833a3af5199d5abc8cfbd59d5d1c3,436.9,mozilla-beta,4168118,13,59f7c57850e9d10762f122855a024e51389d56e5,windows10-64-shippable-qr,True,False,,|c|o|l|d| |f|i|s|s|i|o|n| |w|e|b|r|e|n|d|e|r|,102210fe594ee9b33d82058545b1ed14f4c8206e,SpeedIndex,microsoft,True,microsoft SpeedIndex opt cold fission webrender,,6,ms,firefox,457087580.0,6974797,2024-05-06 09:19:25,1421578,,,,,,,,,,,,,,,,,,,,,,,,,,,,,,,,,,,,,,,,,,,,,,,,,,,,,,,,,,,,,TN,TN
bb27fed51c182d491237d4b6c5d9d288b829632a,444.6,mozilla-beta,4168118,13,59f7c57850e9d10762f122855a024e51389d56e5,windows10-64-shippable-qr,True,False,,|c|o|l|d| |f|i|s|s|i|o|n| |w|e|b|r|e|n|d|e|r|,102210fe594ee9b33d82058545b1ed14f4c8206e,SpeedIndex,microsoft,True,microsoft SpeedIndex opt cold fission webrender,,6,ms,firefox,457279523.0,7782059,2024-05-07 02:26:25,1422305,,,,,,,,,,,,,,,,,,,,,,,,,,,,,,,,,,,,,,,,,,,,,,,,,,,,,,,,,,,,,TN,TN
1323983c417a4980905fd060983095c1d656af5a,509.1,mozilla-beta,4168118,13,59f7c57850e9d10762f122855a024e51389d56e5,windows10-64-shippable-qr,True,False,,|c|o|l|d| |f|i|s|s|i|o|n| |w|e|b|r|e|n|d|e|r|,102210fe594ee9b33d82058545b1ed14f4c8206e,SpeedIndex,microsoft,True,microsoft SpeedIndex opt cold fission webrender,,6,ms,firefox,457439942.0,8615233,2024-05-08 02:26:13,1423228,,,,,,,,,,,,,,,,,,,,,,,,,,,,,,,,,,,,,,,,,,,,,,,,,,,,,,,,,,,,,TN,TN
