repository_name,signature_id,framework_id,signature_hash,machine_platform,should_alert,has_subtests,extra_options,tags,option_collection_hash,test,suite,lower_is_better,name,parent_signature,repository_id,measurement_unit,application,job_id,entry_id,push_timestamp,value,revision,push_id,alert_id,alert_push_id,alert_prev_push_id,alert_creation_timestamp,alert_first_triaged,alert_triage_due_date,alert_repository,alert_framework,test_id,test_status,test_series_signature_framework_id,test_series_signature_signature_hash,test_series_signature_machine_platform,test_series_signature_test,test_series_signature_suite,test_series_signature_lower_is_better,test_series_signature_has_subtests,test_series_signature_option_collection_hash,test_series_signature_tags,test_series_signature_extra_options,test_series_signature_measurement_unit,test_series_signature_suite_public_name,test_series_signature_test_public_name,test_prev_taskcluster_metadata_task_id,test_prev_taskcluster_metadata_retry_id,test_taskcluster_metadata_task_id,test_taskcluster_metadata_retry_id,test_profile_url,test_prev_profile_url,test_is_regression,test_prev_value,test_new_value,test_t_value,test_amount_abs,test_amount_pct,test_summary_id,test_related_summary_id,test_manually_created,test_classifier,test_starred,test_classifier_email,test_backfill_record_context,test_backfill_record_status,test_backfill_record_total_actions_triggered,test_backfill_record_total_backfills_failed,test_backfill_record_total_backfills_successful,test_backfill_record_total_backfills_in_progress,test_noise_profile,alert_related_alerts,alert_status,alert_bug_number,alert_bug_due_date,alert_bug_updated,alert_issue_tracker,alert_notes,alert_push_timestamp,alert_prev_push_revision,alert_assignee_username,alert_assignee_email,alert_performance_tags
mozilla-beta,4168539,13,b83612eacaf8eff6c5b8a31215809a39b157f6fb,linux1804-64-shippable-qr,True,False,,|f|i|s|s|i|o|n| |w|a|r|m| |w|e|b|r|e|n|d|e|r|,102210fe594ee9b33d82058545b1ed14f4c8206e,loadtime,nytimes,True,nytimes loadtime opt fission warm webrender,,6,ms,firefox,,1698835982,2023-05-22 10:20:25,1088.5,59efee44047ab7ec777916f9f2aa533eb33a25fe,1244253,,,,,,,,,,,,,,,,,,,,,,,,,,,,,,,,,,,,,,,,,,,,,,,,,,TN,,,,,,,,,,
mozilla-beta,4168539,13,b83612eacaf8eff6c5b8a31215809a39b157f6fb,linux1804-64-shippable-qr,True,False,,|f|i|s|s|i|o|n| |w|a|r|m| |w|e|b|r|e|n|d|e|r|,102210fe594ee9b33d82058545b1ed14f4c8206e,loadtime,nytimes,True,nytimes loadtime opt fission warm webrender,,6,ms,firefox,,1698902157,2023-05-22 12:50:35,1080.0,f64639378b47382ab57adf6203e2b94c99e1f3cf,1244349,,,,,,,,,,,,,,,,,,,,,,,,,,,,,,,,,,,,,,,,,,,,,,,,,,TN,,,,,,,,,,
mozilla-beta,4168539,13,b83612eacaf8eff6c5b8a31215809a39b157f6fb,linux1804-64-shippable-qr,True,False,,|f|i|s|s|i|o|n| |w|a|r|m| |w|e|b|r|e|n|d|e|r|,102210fe594ee9b33d82058545b1ed14f4c8206e,loadtime,nytimes,True,nytimes loadtime opt fission warm webrender,,6,ms,firefox,,1699042935,2023-05-22 18:02:38,1083.0,3a78a160d7584e6f7624cc20ea364b05d4a3671a,1244588,,,,,,,,,,,,,,,,,,,,,,,,,,,,,,,,,,,,,,,,,,,,,,,,,,TN,,,,,,,,,,
mozilla-beta,4168539,13,b83612eacaf8eff6c5b8a31215809a39b157f6fb,linux1804-64-shippable-qr,True,False,,|f|i|s|s|i|o|n| |w|a|r|m| |w|e|b|r|e|n|d|e|r|,102210fe594ee9b33d82058545b1ed14f4c8206e,loadtime,nytimes,True,nytimes loadtime opt fission warm webrender,,6,ms,firefox,,1699255603,2023-05-23 09:18:46,1106.0,ed40737cb95a517f2a77404a8191d1cd46bbb10b,1244938,,,,,,,,,,,,,,,,,,,,,,,,,,,,,,,,,,,,,,,,,,,,,,,,,,TN,,,,,,,,,,
mozilla-beta,4168539,13,b83612eacaf8eff6c5b8a31215809a39b157f6fb,linux1804-64-shippable-qr,True,False,,|f|i|s|s|i|o|n| |w|a|r|m| |w|e|b|r|e|n|d|e|r|,102210fe594ee9b33d82058545b1ed14f4c8206e,loadtime,nytimes,True,nytimes loadtime opt fission warm webrender,,6,ms,firefox,,1699396351,2023-05-23 13:09:04,1099.5,8eecf106862ea56b832570bd15d10d6e6cd34fe8,1245056,,,,,,,,,,,,,,,,,,,,,,,,,,,,,,,,,,,,,,,,,,,,,,,,,,TN,,,,,,,,,,
mozilla-beta,4168539,13,b83612eacaf8eff6c5b8a31215809a39b157f6fb,linux1804-64-shippable-qr,True,False,,|f|i|s|s|i|o|n| |w|a|r|m| |w|e|b|r|e|n|d|e|r|,102210fe594ee9b33d82058545b1ed14f4c8206e,loadtime,nytimes,True,nytimes loadtime opt fission warm webrender,,6,ms,firefox,,1699488088,2023-05-23 16:30:53,1113.0,18f79b69b59438d998569d811b6f77b0764b3c23,1245237,,,,,,,,,,,,,,,,,,,,,,,,,,,,,,,,,,,,,,,,,,,,,,,,,,TN,,,,,,,,,,
mozilla-beta,4168539,13,b83612eacaf8eff6c5b8a31215809a39b157f6fb,linux1804-64-shippable-qr,True,False,,|f|i|s|s|i|o|n| |w|a|r|m| |w|e|b|r|e|n|d|e|r|,102210fe594ee9b33d82058545b1ed14f4c8206e,loadtime,nytimes,True,nytimes loadtime opt fission warm webrender,,6,ms,firefox,,1699488526,2023-05-23 16:30:53,1091.5,18f79b69b59438d998569d811b6f77b0764b3c23,1245237,,,,,,,,,,,,,,,,,,,,,,,,,,,,,,,,,,,,,,,,,,,,,,,,,,TN,,,,,,,,,,
mozilla-beta,4168539,13,b83612eacaf8eff6c5b8a31215809a39b157f6fb,linux1804-64-shippable-qr,True,False,,|f|i|s|s|i|o|n| |w|a|r|m| |w|e|b|r|e|n|d|e|r|,102210fe594ee9b33d82058545b1ed14f4c8206e,loadtime,nytimes,True,nytimes loadtime opt fission warm webrender,,6,ms,firefox,,1699487944,2023-05-23 16:30:53,1091.5,18f79b69b59438d998569d811b6f77b0764b3c23,1245237,,,,,,,,,,,,,,,,,,,,,,,,,,,,,,,,,,,,,,,,,,,,,,,,,,TN,,,,,,,,,,
mozilla-beta,4168539,13,b83612eacaf8eff6c5b8a31215809a39b157f6fb,linux1804-64-shippable-qr,True,False,,|f|i|s|s|i|o|n| |w|a|r|m| |w|e|b|r|e|n|d|e|r|,102210fe594ee9b33d82058545b1ed14f4c8206e,loadtime,nytimes,True,nytimes loadtime opt fission warm webrender,,6,ms,firefox,,1699508661,2023-05-23 16:49:14,1091.5,53ee070b649541904b75cbdf9d2b418385b407f7,1245253,,,,,,,,,,,,,,,,,,,,,,,,,,,,,,,,,,,,,,,,,,,,,,,,,,TN,,,,,,,,,,
mozilla-beta,4168539,13,b83612eacaf8eff6c5b8a31215809a39b157f6fb,linux1804-64-shippable-qr,True,False,,|f|i|s|s|i|o|n| |w|a|r|m| |w|e|b|r|e|n|d|e|r|,102210fe594ee9b33d82058545b1ed14f4c8206e,loadtime,nytimes,True,nytimes loadtime opt fission warm webrender,,6,ms,firefox,,1699534250,2023-05-23 17:46:44,1088.5,ac0c93ea38fc5dc013c2c0776560d70a84f234f0,1245316,,,,,,,,,,,,,,,,,,,,,,,,,,,,,,,,,,,,,,,,,,,,,,,,,,TN,,,,,,,,,,
mozilla-beta,4168539,13,b83612eacaf8eff6c5b8a31215809a39b157f6fb,linux1804-64-shippable-qr,True,False,,|f|i|s|s|i|o|n| |w|a|r|m| |w|e|b|r|e|n|d|e|r|,102210fe594ee9b33d82058545b1ed14f4c8206e,loadtime,nytimes,True,nytimes loadtime opt fission warm webrender,,6,ms,firefox,,1699548379,2023-05-23 18:02:01,1076.5,82dc2107af48651dbb964da6c32de7b2c2bc2da3,1245332,,,,,,,,,,,,,,,,,,,,,,,,,,,,,,,,,,,,,,,,,,,,,,,,,,TN,,,,,,,,,,
mozilla-beta,4168539,13,b83612eacaf8eff6c5b8a31215809a39b157f6fb,linux1804-64-shippable-qr,True,False,,|f|i|s|s|i|o|n| |w|a|r|m| |w|e|b|r|e|n|d|e|r|,102210fe594ee9b33d82058545b1ed14f4c8206e,loadtime,nytimes,True,nytimes loadtime opt fission warm webrender,,6,ms,firefox,,1699568008,2023-05-23 18:36:58,1118.5,5f16ffade66ea830c83471e923c1921281da22da,1245358,,,,,,,,,,,,,,,,,,,,,,,,,,,,,,,,,,,,,,,,,,,,,,,,,,TN,,,,,,,,,,
mozilla-beta,4168539,13,b83612eacaf8eff6c5b8a31215809a39b157f6fb,linux1804-64-shippable-qr,True,False,,|f|i|s|s|i|o|n| |w|a|r|m| |w|e|b|r|e|n|d|e|r|,102210fe594ee9b33d82058545b1ed14f4c8206e,loadtime,nytimes,True,nytimes loadtime opt fission warm webrender,,6,ms,firefox,,1699872237,2023-05-24 06:14:16,1080.0,0d591a2b6b3d3c7d1b867a7570fb7a9ea35d950f,1245634,,,,,,,,,,,,,,,,,,,,,,,,,,,,,,,,,,,,,,,,,,,,,,,,,,TN,,,,,,,,,,
mozilla-beta,4168539,13,b83612eacaf8eff6c5b8a31215809a39b157f6fb,linux1804-64-shippable-qr,True,False,,|f|i|s|s|i|o|n| |w|a|r|m| |w|e|b|r|e|n|d|e|r|,102210fe594ee9b33d82058545b1ed14f4c8206e,loadtime,nytimes,True,nytimes loadtime opt fission warm webrender,,6,ms,firefox,,1700221820,2023-05-24 17:59:27,1083.0,7e6afebb6539e964f4e791df7fa66f37f64f0cb1,1246073,,,,,,,,,,,,,,,,,,,,,,,,,,,,,,,,,,,,,,,,,,,,,,,,,,TN,,,,,,,,,,
mozilla-beta,4168539,13,b83612eacaf8eff6c5b8a31215809a39b157f6fb,linux1804-64-shippable-qr,True,False,,|f|i|s|s|i|o|n| |w|a|r|m| |w|e|b|r|e|n|d|e|r|,102210fe594ee9b33d82058545b1ed14f4c8206e,loadtime,nytimes,True,nytimes loadtime opt fission warm webrender,,6,ms,firefox,,1700501010,2023-05-25 08:53:12,1079.5,549d05e67d9150f81a94be134aec3adbc3978974,1246512,,,,,,,,,,,,,,,,,,,,,,,,,,,,,,,,,,,,,,,,,,,,,,,,,,TN,,,,,,,,,,
mozilla-beta,4168539,13,b83612eacaf8eff6c5b8a31215809a39b157f6fb,linux1804-64-shippable-qr,True,False,,|f|i|s|s|i|o|n| |w|a|r|m| |w|e|b|r|e|n|d|e|r|,102210fe594ee9b33d82058545b1ed14f4c8206e,loadtime,nytimes,True,nytimes loadtime opt fission warm webrender,,6,ms,firefox,,1700590702,2023-05-25 12:01:03,1085.0,74857120017a848c1e6eb33a8f5e3b67ec1af7e7,1246620,,,,,,,,,,,,,,,,,,,,,,,,,,,,,,,,,,,,,,,,,,,,,,,,,,TN,,,,,,,,,,
mozilla-beta,4168539,13,b83612eacaf8eff6c5b8a31215809a39b157f6fb,linux1804-64-shippable-qr,True,False,,|f|i|s|s|i|o|n| |w|a|r|m| |w|e|b|r|e|n|d|e|r|,102210fe594ee9b33d82058545b1ed14f4c8206e,loadtime,nytimes,True,nytimes loadtime opt fission warm webrender,,6,ms,firefox,,1700701299,2023-05-25 16:17:59,1094.0,06950c28b7b2ea4afb667dfddd9c2c1b629b1e95,1246803,,,,,,,,,,,,,,,,,,,,,,,,,,,,,,,,,,,,,,,,,,,,,,,,,,TN,,,,,,,,,,
mozilla-beta,4168539,13,b83612eacaf8eff6c5b8a31215809a39b157f6fb,linux1804-64-shippable-qr,True,False,,|f|i|s|s|i|o|n| |w|a|r|m| |w|e|b|r|e|n|d|e|r|,102210fe594ee9b33d82058545b1ed14f4c8206e,loadtime,nytimes,True,nytimes loadtime opt fission warm webrender,,6,ms,firefox,,1700784761,2023-05-25 18:01:43,1080.0,c7f69f20eeaa34260e1425c2783f389ee3a21904,1246893,,,,,,,,,,,,,,,,,,,,,,,,,,,,,,,,,,,,,,,,,,,,,,,,,,TN,,,,,,,,,,
mozilla-beta,4168539,13,b83612eacaf8eff6c5b8a31215809a39b157f6fb,linux1804-64-shippable-qr,True,False,,|f|i|s|s|i|o|n| |w|a|r|m| |w|e|b|r|e|n|d|e|r|,102210fe594ee9b33d82058545b1ed14f4c8206e,loadtime,nytimes,True,nytimes loadtime opt fission warm webrender,,6,ms,firefox,,1701522295,2023-05-26 18:00:45,1120.0,7c4f19e995f5243c1f86e92af5962c3055e9431c,1247633,,,,,,,,,,,,,,,,,,,,,,,,,,,,,,,,,,,,,,,,,,,,,,,,,,TN,,,,,,,,,,
mozilla-beta,4168539,13,b83612eacaf8eff6c5b8a31215809a39b157f6fb,linux1804-64-shippable-qr,True,False,,|f|i|s|s|i|o|n| |w|a|r|m| |w|e|b|r|e|n|d|e|r|,102210fe594ee9b33d82058545b1ed14f4c8206e,loadtime,nytimes,True,nytimes loadtime opt fission warm webrender,,6,ms,firefox,,1701830475,2023-05-27 09:49:02,1088.5,130936826227158557214316326ca1e98c7e7512,1247941,,,,,,,,,,,,,,,,,,,,,,,,,,,,,,,,,,,,,,,,,,,,,,,,,,TN,,,,,,,,,,
mozilla-beta,4168539,13,b83612eacaf8eff6c5b8a31215809a39b157f6fb,linux1804-64-shippable-qr,True,False,,|f|i|s|s|i|o|n| |w|a|r|m| |w|e|b|r|e|n|d|e|r|,102210fe594ee9b33d82058545b1ed14f4c8206e,loadtime,nytimes,True,nytimes loadtime opt fission warm webrender,,6,ms,firefox,,1701934101,2023-05-27 18:01:21,1103.0,1e44db86acddef53ca97589679c211bb70dbfb46,1247970,,,,,,,,,,,,,,,,,,,,,,,,,,,,,,,,,,,,,,,,,,,,,,,,,,TN,,,,,,,,,,
mozilla-beta,4168539,13,b83612eacaf8eff6c5b8a31215809a39b157f6fb,linux1804-64-shippable-qr,True,False,,|f|i|s|s|i|o|n| |w|a|r|m| |w|e|b|r|e|n|d|e|r|,102210fe594ee9b33d82058545b1ed14f4c8206e,loadtime,nytimes,True,nytimes loadtime opt fission warm webrender,,6,ms,firefox,,1702015649,2023-05-28 17:59:00,1098.0,9ab1d5eef731342cf698f2efc5002cf687480992,1248023,,,,,,,,,,,,,,,,,,,,,,,,,,,,,,,,,,,,,,,,,,,,,,,,,,TN,,,,,,,,,,
mozilla-beta,4168539,13,b83612eacaf8eff6c5b8a31215809a39b157f6fb,linux1804-64-shippable-qr,True,False,,|f|i|s|s|i|o|n| |w|a|r|m| |w|e|b|r|e|n|d|e|r|,102210fe594ee9b33d82058545b1ed14f4c8206e,loadtime,nytimes,True,nytimes loadtime opt fission warm webrender,,6,ms,firefox,,1705960015,2023-06-05 14:23:29,1116.5,eb0e5efeb4144e02db4898c481ab299e4ffbe5a5,1251794,,,,,,,,,,,,,,,,,,,,,,,,,,,,,,,,,,,,,,,,,,,,,,,,,,TN,,,,,,,,,,
mozilla-beta,4168539,13,b83612eacaf8eff6c5b8a31215809a39b157f6fb,linux1804-64-shippable-qr,True,False,,|f|i|s|s|i|o|n| |w|a|r|m| |w|e|b|r|e|n|d|e|r|,102210fe594ee9b33d82058545b1ed14f4c8206e,loadtime,nytimes,True,nytimes loadtime opt fission warm webrender,,6,ms,firefox,,1706037719,2023-06-05 15:57:01,1088.0,8b6f8763d212b11acd7421760ab63612ce65bda4,1251874,,,,,,,,,,,,,,,,,,,,,,,,,,,,,,,,,,,,,,,,,,,,,,,,,,TN,,,,,,,,,,
mozilla-beta,4168539,13,b83612eacaf8eff6c5b8a31215809a39b157f6fb,linux1804-64-shippable-qr,True,False,,|f|i|s|s|i|o|n| |w|a|r|m| |w|e|b|r|e|n|d|e|r|,102210fe594ee9b33d82058545b1ed14f4c8206e,loadtime,nytimes,True,nytimes loadtime opt fission warm webrender,,6,ms,firefox,,1706101711,2023-06-05 17:59:24,1102.5,3a0243249f1d09b3f0c43845ba322404a24b2d6b,1251964,,,,,,,,,,,,,,,,,,,,,,,,,,,,,,,,,,,,,,,,,,,,,,,,,,TN,,,,,,,,,,
mozilla-beta,4168539,13,b83612eacaf8eff6c5b8a31215809a39b157f6fb,linux1804-64-shippable-qr,True,False,,|f|i|s|s|i|o|n| |w|a|r|m| |w|e|b|r|e|n|d|e|r|,102210fe594ee9b33d82058545b1ed14f4c8206e,loadtime,nytimes,True,nytimes loadtime opt fission warm webrender,,6,ms,firefox,,1706194799,2023-06-05 21:08:31,1111.5,6c846bc8f52c1e5b929c199b58a33a4dc24df8f5,1252114,,,,,,,,,,,,,,,,,,,,,,,,,,,,,,,,,,,,,,,,,,,,,,,,,,TN,,,,,,,,,,
mozilla-beta,4168539,13,b83612eacaf8eff6c5b8a31215809a39b157f6fb,linux1804-64-shippable-qr,True,False,,|f|i|s|s|i|o|n| |w|a|r|m| |w|e|b|r|e|n|d|e|r|,102210fe594ee9b33d82058545b1ed14f4c8206e,loadtime,nytimes,True,nytimes loadtime opt fission warm webrender,,6,ms,firefox,,1706478328,2023-06-06 09:09:48,1098.0,5f036ce2680a08b950cbfadd770beba129cbb195,1252381,,,,,,,,,,,,,,,,,,,,,,,,,,,,,,,,,,,,,,,,,,,,,,,,,,TN,,,,,,,,,,
mozilla-beta,4168539,13,b83612eacaf8eff6c5b8a31215809a39b157f6fb,linux1804-64-shippable-qr,True,False,,|f|i|s|s|i|o|n| |w|a|r|m| |w|e|b|r|e|n|d|e|r|,102210fe594ee9b33d82058545b1ed14f4c8206e,loadtime,nytimes,True,nytimes loadtime opt fission warm webrender,,6,ms,firefox,,1706741977,2023-06-06 16:19:01,1126.0,5d89dee91e755667a691f2b544a063709213138b,1252629,,,,,,,,,,,,,,,,,,,,,,,,,,,,,,,,,,,,,,,,,,,,,,,,,,TN,,,,,,,,,,
mozilla-beta,4168539,13,b83612eacaf8eff6c5b8a31215809a39b157f6fb,linux1804-64-shippable-qr,True,False,,|f|i|s|s|i|o|n| |w|a|r|m| |w|e|b|r|e|n|d|e|r|,102210fe594ee9b33d82058545b1ed14f4c8206e,loadtime,nytimes,True,nytimes loadtime opt fission warm webrender,,6,ms,firefox,,1706815279,2023-06-06 18:01:12,1106.0,10ed1bfdc481f14670072cdbf87a69d9212c0d6c,1252674,,,,,,,,,,,,,,,,,,,,,,,,,,,,,,,,,,,,,,,,,,,,,,,,,,TN,,,,,,,,,,
mozilla-beta,4168539,13,b83612eacaf8eff6c5b8a31215809a39b157f6fb,linux1804-64-shippable-qr,True,False,,|f|i|s|s|i|o|n| |w|a|r|m| |w|e|b|r|e|n|d|e|r|,102210fe594ee9b33d82058545b1ed14f4c8206e,loadtime,nytimes,True,nytimes loadtime opt fission warm webrender,,6,ms,firefox,,1707482086,2023-06-07 16:41:52,1113.0,bd9ba4216df4d4c08f1a70ecb66009f13ee08aaa,1253259,,,,,,,,,,,,,,,,,,,,,,,,,,,,,,,,,,,,,,,,,,,,,,,,,,TN,,,,,,,,,,
mozilla-beta,4168539,13,b83612eacaf8eff6c5b8a31215809a39b157f6fb,linux1804-64-shippable-qr,True,False,,|f|i|s|s|i|o|n| |w|a|r|m| |w|e|b|r|e|n|d|e|r|,102210fe594ee9b33d82058545b1ed14f4c8206e,loadtime,nytimes,True,nytimes loadtime opt fission warm webrender,,6,ms,firefox,,1707487707,2023-06-07 17:56:51,1088.0,eb1d2dce0bdff337836b19b97828f2dcf437f25e,1253314,,,,,,,,,,,,,,,,,,,,,,,,,,,,,,,,,,,,,,,,,,,,,,,,,,TN,,,,,,,,,,
mozilla-beta,4168539,13,b83612eacaf8eff6c5b8a31215809a39b157f6fb,linux1804-64-shippable-qr,True,False,,|f|i|s|s|i|o|n| |w|a|r|m| |w|e|b|r|e|n|d|e|r|,102210fe594ee9b33d82058545b1ed14f4c8206e,loadtime,nytimes,True,nytimes loadtime opt fission warm webrender,,6,ms,firefox,,1708056627,2023-06-08 13:18:16,1092.5,b0bc9752e921bdc9e4c9de470cbf5fcf72061330,1253873,,,,,,,,,,,,,,,,,,,,,,,,,,,,,,,,,,,,,,,,,,,,,,,,,,TN,,,,,,,,,,
mozilla-beta,4168539,13,b83612eacaf8eff6c5b8a31215809a39b157f6fb,linux1804-64-shippable-qr,True,False,,|f|i|s|s|i|o|n| |w|a|r|m| |w|e|b|r|e|n|d|e|r|,102210fe594ee9b33d82058545b1ed14f4c8206e,loadtime,nytimes,True,nytimes loadtime opt fission warm webrender,,6,ms,firefox,,1708227356,2023-06-08 17:59:52,1126.0,7123a4cb9219dc73123928c80505ef5544239e3c,1254099,,,,,,,,,,,,,,,,,,,,,,,,,,,,,,,,,,,,,,,,,,,,,,,,,,TN,,,,,,,,,,
mozilla-beta,4168539,13,b83612eacaf8eff6c5b8a31215809a39b157f6fb,linux1804-64-shippable-qr,True,False,,|f|i|s|s|i|o|n| |w|a|r|m| |w|e|b|r|e|n|d|e|r|,102210fe594ee9b33d82058545b1ed14f4c8206e,loadtime,nytimes,True,nytimes loadtime opt fission warm webrender,,6,ms,firefox,,1708341536,2023-06-08 21:41:16,1112.5,8ef0eed85dd1724df18acbc52ede7bda8d19d4ca,1254264,,,,,,,,,,,,,,,,,,,,,,,,,,,,,,,,,,,,,,,,,,,,,,,,,,TN,,,,,,,,,,
mozilla-beta,4168539,13,b83612eacaf8eff6c5b8a31215809a39b157f6fb,linux1804-64-shippable-qr,True,False,,|f|i|s|s|i|o|n| |w|a|r|m| |w|e|b|r|e|n|d|e|r|,102210fe594ee9b33d82058545b1ed14f4c8206e,loadtime,nytimes,True,nytimes loadtime opt fission warm webrender,,6,ms,firefox,,1708696065,2023-06-09 13:50:39,1100.5,7b1a019c17f8faeb278c5ff106b55a8737c63e4d,1254632,,,,,,,,,,,,,,,,,,,,,,,,,,,,,,,,,,,,,,,,,,,,,,,,,,TN,,,,,,,,,,
mozilla-beta,4168539,13,b83612eacaf8eff6c5b8a31215809a39b157f6fb,linux1804-64-shippable-qr,True,False,,|f|i|s|s|i|o|n| |w|a|r|m| |w|e|b|r|e|n|d|e|r|,102210fe594ee9b33d82058545b1ed14f4c8206e,loadtime,nytimes,True,nytimes loadtime opt fission warm webrender,,6,ms,firefox,,1708847373,2023-06-09 18:01:58,1098.5,c2d0daebef20fa875f5260a684fe17c55e129a35,1254819,,,,,,,,,,,,,,,,,,,,,,,,,,,,,,,,,,,,,,,,,,,,,,,,,,TN,,,,,,,,,,
mozilla-beta,4168539,13,b83612eacaf8eff6c5b8a31215809a39b157f6fb,linux1804-64-shippable-qr,True,False,,|f|i|s|s|i|o|n| |w|a|r|m| |w|e|b|r|e|n|d|e|r|,102210fe594ee9b33d82058545b1ed14f4c8206e,loadtime,nytimes,True,nytimes loadtime opt fission warm webrender,,6,ms,firefox,,1709209193,2023-06-10 18:00:11,1095.5,5fdbfc5f981230abe820c6b234bcf7262e366be0,1255248,,,,,,,,,,,,,,,,,,,,,,,,,,,,,,,,,,,,,,,,,,,,,,,,,,TN,,,,,,,,,,
mozilla-beta,4168539,13,b83612eacaf8eff6c5b8a31215809a39b157f6fb,linux1804-64-shippable-qr,True,False,,|f|i|s|s|i|o|n| |w|a|r|m| |w|e|b|r|e|n|d|e|r|,102210fe594ee9b33d82058545b1ed14f4c8206e,loadtime,nytimes,True,nytimes loadtime opt fission warm webrender,,6,ms,firefox,,1709474770,2023-06-11 14:48:42,1122.5,b00e6f811a19a3b7ed808efda6906dde57f88e71,1255364,,,,,,,,,,,,,,,,,,,,,,,,,,,,,,,,,,,,,,,,,,,,,,,,,,TN,,,,,,,,,,
mozilla-beta,4168539,13,b83612eacaf8eff6c5b8a31215809a39b157f6fb,linux1804-64-shippable-qr,True,False,,|f|i|s|s|i|o|n| |w|a|r|m| |w|e|b|r|e|n|d|e|r|,102210fe594ee9b33d82058545b1ed14f4c8206e,loadtime,nytimes,True,nytimes loadtime opt fission warm webrender,,6,ms,firefox,,1709503766,2023-06-11 18:03:00,1093.0,fb3ad1dbd6bbf62e33596cc17abc8bff6a4f425f,1255381,,,,,,,,,,,,,,,,,,,,,,,,,,,,,,,,,,,,,,,,,,,,,,,,,,TN,,,,,,,,,,
mozilla-beta,4168539,13,b83612eacaf8eff6c5b8a31215809a39b157f6fb,linux1804-64-shippable-qr,True,False,,|f|i|s|s|i|o|n| |w|a|r|m| |w|e|b|r|e|n|d|e|r|,102210fe594ee9b33d82058545b1ed14f4c8206e,loadtime,nytimes,True,nytimes loadtime opt fission warm webrender,,6,ms,firefox,,1709926609,2023-06-12 13:25:59,1126.0,5951b4f28e66d24853b3a42841374e1beec510f9,1255703,,,,,,,,,,,,,,,,,,,,,,,,,,,,,,,,,,,,,,,,,,,,,,,,,,TN,,,,,,,,,,
mozilla-beta,4168539,13,b83612eacaf8eff6c5b8a31215809a39b157f6fb,linux1804-64-shippable-qr,True,False,,|f|i|s|s|i|o|n| |w|a|r|m| |w|e|b|r|e|n|d|e|r|,102210fe594ee9b33d82058545b1ed14f4c8206e,loadtime,nytimes,True,nytimes loadtime opt fission warm webrender,,6,ms,firefox,,1710077252,2023-06-12 17:59:34,1089.0,795df8f2c2a47a7beef0be639b8c4796877a5c14,1255857,,,,,,,,,,,,,,,,,,,,,,,,,,,,,,,,,,,,,,,,,,,,,,,,,,TN,,,,,,,,,,
mozilla-beta,4168539,13,b83612eacaf8eff6c5b8a31215809a39b157f6fb,linux1804-64-shippable-qr,True,False,,|f|i|s|s|i|o|n| |w|a|r|m| |w|e|b|r|e|n|d|e|r|,102210fe594ee9b33d82058545b1ed14f4c8206e,loadtime,nytimes,True,nytimes loadtime opt fission warm webrender,,6,ms,firefox,,1710155858,2023-06-12 21:24:58,1127.5,1617cf9288b5d9d85d3cde49ead5c3a8452963e4,1256015,,,,,,,,,,,,,,,,,,,,,,,,,,,,,,,,,,,,,,,,,,,,,,,,,,TN,,,,,,,,,,
mozilla-beta,4168539,13,b83612eacaf8eff6c5b8a31215809a39b157f6fb,linux1804-64-shippable-qr,True,False,,|f|i|s|s|i|o|n| |w|a|r|m| |w|e|b|r|e|n|d|e|r|,102210fe594ee9b33d82058545b1ed14f4c8206e,loadtime,nytimes,True,nytimes loadtime opt fission warm webrender,,6,ms,firefox,,1710563509,2023-06-13 13:44:08,1095.5,43f24f969b5b2820fa906b6f56770b9bf8e41982,1256472,,,,,,,,,,,,,,,,,,,,,,,,,,,,,,,,,,,,,,,,,,,,,,,,,,TN,,,,,,,,,,
mozilla-beta,4168539,13,b83612eacaf8eff6c5b8a31215809a39b157f6fb,linux1804-64-shippable-qr,True,False,,|f|i|s|s|i|o|n| |w|a|r|m| |w|e|b|r|e|n|d|e|r|,102210fe594ee9b33d82058545b1ed14f4c8206e,loadtime,nytimes,True,nytimes loadtime opt fission warm webrender,,6,ms,firefox,,1710694964,2023-06-13 17:45:06,1105.5,5cacd05ad73e50693f7c5cfd239e806f0e58ec8f,1256646,,,,,,,,,,,,,,,,,,,,,,,,,,,,,,,,,,,,,,,,,,,,,,,,,,TN,,,,,,,,,,
mozilla-beta,4168539,13,b83612eacaf8eff6c5b8a31215809a39b157f6fb,linux1804-64-shippable-qr,True,False,,|f|i|s|s|i|o|n| |w|a|r|m| |w|e|b|r|e|n|d|e|r|,102210fe594ee9b33d82058545b1ed14f4c8206e,loadtime,nytimes,True,nytimes loadtime opt fission warm webrender,,6,ms,firefox,,1710710949,2023-06-13 18:00:33,1119.5,c5a9aa9f93cf2309ec4a0cdabdf71b31c3bd3ab6,1256653,,,,,,,,,,,,,,,,,,,,,,,,,,,,,,,,,,,,,,,,,,,,,,,,,,TN,,,,,,,,,,
mozilla-beta,4168539,13,b83612eacaf8eff6c5b8a31215809a39b157f6fb,linux1804-64-shippable-qr,True,False,,|f|i|s|s|i|o|n| |w|a|r|m| |w|e|b|r|e|n|d|e|r|,102210fe594ee9b33d82058545b1ed14f4c8206e,loadtime,nytimes,True,nytimes loadtime opt fission warm webrender,,6,ms,firefox,,1710771631,2023-06-13 19:54:13,1096.0,66b9443a2c92f97fbf62417687051ad4e85b1800,1256729,,,,,,,,,,,,,,,,,,,,,,,,,,,,,,,,,,,,,,,,,,,,,,,,,,TN,,,,,,,,,,
mozilla-beta,4168539,13,b83612eacaf8eff6c5b8a31215809a39b157f6fb,linux1804-64-shippable-qr,True,False,,|f|i|s|s|i|o|n| |w|a|r|m| |w|e|b|r|e|n|d|e|r|,102210fe594ee9b33d82058545b1ed14f4c8206e,loadtime,nytimes,True,nytimes loadtime opt fission warm webrender,,6,ms,firefox,,1711099430,2023-06-14 12:30:00,1123.0,f6e68416dea42dbf642d2efe416f7727ac761f11,1257097,,,,,,,,,,,,,,,,,,,,,,,,,,,,,,,,,,,,,,,,,,,,,,,,,,TN,,,,,,,,,,
mozilla-beta,4168539,13,b83612eacaf8eff6c5b8a31215809a39b157f6fb,linux1804-64-shippable-qr,True,False,,|f|i|s|s|i|o|n| |w|a|r|m| |w|e|b|r|e|n|d|e|r|,102210fe594ee9b33d82058545b1ed14f4c8206e,loadtime,nytimes,True,nytimes loadtime opt fission warm webrender,,6,ms,firefox,,1711254427,2023-06-14 16:03:12,1108.0,62d1fc48dcd7fd3d026f5cad77c3092d3b93a961,1257228,,,,,,,,,,,,,,,,,,,,,,,,,,,,,,,,,,,,,,,,,,,,,,,,,,TN,,,,,,,,,,
mozilla-beta,4168539,13,b83612eacaf8eff6c5b8a31215809a39b157f6fb,linux1804-64-shippable-qr,True,False,,|f|i|s|s|i|o|n| |w|a|r|m| |w|e|b|r|e|n|d|e|r|,102210fe594ee9b33d82058545b1ed14f4c8206e,loadtime,nytimes,True,nytimes loadtime opt fission warm webrender,,6,ms,firefox,,1711276207,2023-06-14 16:07:57,1131.5,d01da3405b1219c2d0cc7b559ee0627ad5d8aa5a,1257231,,,,,,,,,,,,,,,,,,,,,,,,,,,,,,,,,,,,,,,,,,,,,,,,,,TN,,,,,,,,,,
mozilla-beta,4168539,13,b83612eacaf8eff6c5b8a31215809a39b157f6fb,linux1804-64-shippable-qr,True,False,,|f|i|s|s|i|o|n| |w|a|r|m| |w|e|b|r|e|n|d|e|r|,102210fe594ee9b33d82058545b1ed14f4c8206e,loadtime,nytimes,True,nytimes loadtime opt fission warm webrender,,6,ms,firefox,,1711338752,2023-06-14 18:02:29,1093.5,c7ff17c6e0144679b7b925a25177776fcec58f8b,1257301,,,,,,,,,,,,,,,,,,,,,,,,,,,,,,,,,,,,,,,,,,,,,,,,,,TN,,,,,,,,,,
mozilla-beta,4168539,13,b83612eacaf8eff6c5b8a31215809a39b157f6fb,linux1804-64-shippable-qr,True,False,,|f|i|s|s|i|o|n| |w|a|r|m| |w|e|b|r|e|n|d|e|r|,102210fe594ee9b33d82058545b1ed14f4c8206e,loadtime,nytimes,True,nytimes loadtime opt fission warm webrender,,6,ms,firefox,,1711383052,2023-06-14 18:51:27,1135.0,64f4243f24b70557c280aa6ddafcc846f384dba8,1257357,,,,,,,,,,,,,,,,,,,,,,,,,,,,,,,,,,,,,,,,,,,,,,,,,,TN,,,,,,,,,,
mozilla-beta,4168539,13,b83612eacaf8eff6c5b8a31215809a39b157f6fb,linux1804-64-shippable-qr,True,False,,|f|i|s|s|i|o|n| |w|a|r|m| |w|e|b|r|e|n|d|e|r|,102210fe594ee9b33d82058545b1ed14f4c8206e,loadtime,nytimes,True,nytimes loadtime opt fission warm webrender,,6,ms,firefox,,1711407868,2023-06-14 19:16:52,1118.5,a81117b03f450c9706e21d0d94dec160cc74d836,1257378,,,,,,,,,,,,,,,,,,,,,,,,,,,,,,,,,,,,,,,,,,,,,,,,,,TN,,,,,,,,,,
mozilla-beta,4168539,13,b83612eacaf8eff6c5b8a31215809a39b157f6fb,linux1804-64-shippable-qr,True,False,,|f|i|s|s|i|o|n| |w|a|r|m| |w|e|b|r|e|n|d|e|r|,102210fe594ee9b33d82058545b1ed14f4c8206e,loadtime,nytimes,True,nytimes loadtime opt fission warm webrender,,6,ms,firefox,,1711499883,2023-06-14 21:35:27,1104.5,2f3cce1e72fe61e4643225e21ac84ccebe84ed30,1257504,,,,,,,,,,,,,,,,,,,,,,,,,,,,,,,,,,,,,,,,,,,,,,,,,,TN,,,,,,,,,,
mozilla-beta,4168539,13,b83612eacaf8eff6c5b8a31215809a39b157f6fb,linux1804-64-shippable-qr,True,False,,|f|i|s|s|i|o|n| |w|a|r|m| |w|e|b|r|e|n|d|e|r|,102210fe594ee9b33d82058545b1ed14f4c8206e,loadtime,nytimes,True,nytimes loadtime opt fission warm webrender,,6,ms,firefox,,1711880410,2023-06-15 12:50:03,1109.0,694f250817cbf4e56d9f88ab3982978b5b1ddfeb,1257977,,,,,,,,,,,,,,,,,,,,,,,,,,,,,,,,,,,,,,,,,,,,,,,,,,TN,,,,,,,,,,
mozilla-beta,4168539,13,b83612eacaf8eff6c5b8a31215809a39b157f6fb,linux1804-64-shippable-qr,True,False,,|f|i|s|s|i|o|n| |w|a|r|m| |w|e|b|r|e|n|d|e|r|,102210fe594ee9b33d82058545b1ed14f4c8206e,loadtime,nytimes,True,nytimes loadtime opt fission warm webrender,,6,ms,firefox,,1711905080,2023-06-15 13:23:28,1118.0,eb3baa1099b7d11565cc634be3a14b4946fa26c7,1257996,,,,,,,,,,,,,,,,,,,,,,,,,,,,,,,,,,,,,,,,,,,,,,,,,,TN,,,,,,,,,,
mozilla-beta,4168539,13,b83612eacaf8eff6c5b8a31215809a39b157f6fb,linux1804-64-shippable-qr,True,False,,|f|i|s|s|i|o|n| |w|a|r|m| |w|e|b|r|e|n|d|e|r|,102210fe594ee9b33d82058545b1ed14f4c8206e,loadtime,nytimes,True,nytimes loadtime opt fission warm webrender,,6,ms,firefox,,1712046390,2023-06-15 16:46:36,1098.5,342783aaf1e5ad6a8b40b22a1618c81a719c436b,1258166,,,,,,,,,,,,,,,,,,,,,,,,,,,,,,,,,,,,,,,,,,,,,,,,,,TN,,,,,,,,,,
mozilla-beta,4168539,13,b83612eacaf8eff6c5b8a31215809a39b157f6fb,linux1804-64-shippable-qr,True,False,,|f|i|s|s|i|o|n| |w|a|r|m| |w|e|b|r|e|n|d|e|r|,102210fe594ee9b33d82058545b1ed14f4c8206e,loadtime,nytimes,True,nytimes loadtime opt fission warm webrender,,6,ms,firefox,,1712099419,2023-06-15 17:58:02,1103.5,9eef95942305594426974a54ca94dd63489c7df0,1258224,,,,,,,,,,,,,,,,,,,,,,,,,,,,,,,,,,,,,,,,,,,,,,,,,,TN,,,,,,,,,,
mozilla-beta,4168539,13,b83612eacaf8eff6c5b8a31215809a39b157f6fb,linux1804-64-shippable-qr,True,False,,|f|i|s|s|i|o|n| |w|a|r|m| |w|e|b|r|e|n|d|e|r|,102210fe594ee9b33d82058545b1ed14f4c8206e,loadtime,nytimes,True,nytimes loadtime opt fission warm webrender,,6,ms,firefox,,1712592962,2023-06-16 12:17:47,1088.5,e25852ed404ec6289f7c9f1023510a8444d4483a,1258818,,,,,,,,,,,,,,,,,,,,,,,,,,,,,,,,,,,,,,,,,,,,,,,,,,TN,,,,,,,,,,
mozilla-beta,4168539,13,b83612eacaf8eff6c5b8a31215809a39b157f6fb,linux1804-64-shippable-qr,True,False,,|f|i|s|s|i|o|n| |w|a|r|m| |w|e|b|r|e|n|d|e|r|,102210fe594ee9b33d82058545b1ed14f4c8206e,loadtime,nytimes,True,nytimes loadtime opt fission warm webrender,,6,ms,firefox,,1712713248,2023-06-16 14:00:16,1104.0,9c261dccd96ad7615ed5dfa6bb2130b2d3199fee,1258885,,,,,,,,,,,,,,,,,,,,,,,,,,,,,,,,,,,,,,,,,,,,,,,,,,TN,,,,,,,,,,
mozilla-beta,4168539,13,b83612eacaf8eff6c5b8a31215809a39b157f6fb,linux1804-64-shippable-qr,True,False,,|f|i|s|s|i|o|n| |w|a|r|m| |w|e|b|r|e|n|d|e|r|,102210fe594ee9b33d82058545b1ed14f4c8206e,loadtime,nytimes,True,nytimes loadtime opt fission warm webrender,,6,ms,firefox,,1712799297,2023-06-16 16:25:38,1102.0,2d70dba8bc4fac04fc507a6843648c65e655a9fc,1259000,,,,,,,,,,,,,,,,,,,,,,,,,,,,,,,,,,,,,,,,,,,,,,,,,,TN,,,,,,,,,,
mozilla-beta,4168539,13,b83612eacaf8eff6c5b8a31215809a39b157f6fb,linux1804-64-shippable-qr,True,False,,|f|i|s|s|i|o|n| |w|a|r|m| |w|e|b|r|e|n|d|e|r|,102210fe594ee9b33d82058545b1ed14f4c8206e,loadtime,nytimes,True,nytimes loadtime opt fission warm webrender,,6,ms,firefox,,1712846920,2023-06-16 17:26:28,952.0,0d1afa980fd5e9592d083e71a8f7b15c55d8da7a,1259042,,,,,,,,,,,,,,,,,,,,,,,,,,,,,,,,,,,,,,,,,,,,,,,,,,TN,,,,,,,,,,
mozilla-beta,4168539,13,b83612eacaf8eff6c5b8a31215809a39b157f6fb,linux1804-64-shippable-qr,True,False,,|f|i|s|s|i|o|n| |w|a|r|m| |w|e|b|r|e|n|d|e|r|,102210fe594ee9b33d82058545b1ed14f4c8206e,loadtime,nytimes,True,nytimes loadtime opt fission warm webrender,,6,ms,firefox,,1712869550,2023-06-16 18:00:51,1086.0,674af946dedcc6cb70fb6618f3260776f1b576a3,1259071,,,,,,,,,,,,,,,,,,,,,,,,,,,,,,,,,,,,,,,,,,,,,,,,,,TN,,,,,,,,,,
mozilla-beta,4168539,13,b83612eacaf8eff6c5b8a31215809a39b157f6fb,linux1804-64-shippable-qr,True,False,,|f|i|s|s|i|o|n| |w|a|r|m| |w|e|b|r|e|n|d|e|r|,102210fe594ee9b33d82058545b1ed14f4c8206e,loadtime,nytimes,True,nytimes loadtime opt fission warm webrender,,6,ms,firefox,,1712885675,2023-06-16 18:38:48,1095.0,52a96b277058ecfdb1675b8b331a6600d9ed0a72,1259110,,,,,,,,,,,,,,,,,,,,,,,,,,,,,,,,,,,,,,,,,,,,,,,,,,TN,,,,,,,,,,
mozilla-beta,4168539,13,b83612eacaf8eff6c5b8a31215809a39b157f6fb,linux1804-64-shippable-qr,True,False,,|f|i|s|s|i|o|n| |w|a|r|m| |w|e|b|r|e|n|d|e|r|,102210fe594ee9b33d82058545b1ed14f4c8206e,loadtime,nytimes,True,nytimes loadtime opt fission warm webrender,,6,ms,firefox,,1713186120,2023-06-17 14:26:16,1085.0,a0f771ea7ef5471029c3c2df766b55bb375dec59,1259379,,,,,,,,,,,,,,,,,,,,,,,,,,,,,,,,,,,,,,,,,,,,,,,,,,TN,,,,,,,,,,
mozilla-beta,4168539,13,b83612eacaf8eff6c5b8a31215809a39b157f6fb,linux1804-64-shippable-qr,True,False,,|f|i|s|s|i|o|n| |w|a|r|m| |w|e|b|r|e|n|d|e|r|,102210fe594ee9b33d82058545b1ed14f4c8206e,loadtime,nytimes,True,nytimes loadtime opt fission warm webrender,,6,ms,firefox,,1713231781,2023-06-17 17:58:30,1083.5,9bea68f5a93823e72353cd0a13950265001dea22,1259394,,,,,,,,,,,,,,,,,,,,,,,,,,,,,,,,,,,,,,,,,,,,,,,,,,TN,,,,,,,,,,
mozilla-beta,4168539,13,b83612eacaf8eff6c5b8a31215809a39b157f6fb,linux1804-64-shippable-qr,True,False,,|f|i|s|s|i|o|n| |w|a|r|m| |w|e|b|r|e|n|d|e|r|,102210fe594ee9b33d82058545b1ed14f4c8206e,loadtime,nytimes,True,nytimes loadtime opt fission warm webrender,,6,ms,firefox,,1713505112,2023-06-18 18:02:18,1085.0,b27c9dccd8728a3110d43ec3316d685a30479f7e,1259476,,,,,,,,,,,,,,,,,,,,,,,,,,,,,,,,,,,,,,,,,,,,,,,,,,TN,,,,,,,,,,
mozilla-beta,4168539,13,b83612eacaf8eff6c5b8a31215809a39b157f6fb,linux1804-64-shippable-qr,True,False,,|f|i|s|s|i|o|n| |w|a|r|m| |w|e|b|r|e|n|d|e|r|,102210fe594ee9b33d82058545b1ed14f4c8206e,loadtime,nytimes,True,nytimes loadtime opt fission warm webrender,,6,ms,firefox,,1713995863,2023-06-19 13:34:03,1108.0,adf8be9db85188012cda047766ed806a2017ec5d,1259766,,,,,,,,,,,,,,,,,,,,,,,,,,,,,,,,,,,,,,,,,,,,,,,,,,TN,,,,,,,,,,
mozilla-beta,4168539,13,b83612eacaf8eff6c5b8a31215809a39b157f6fb,linux1804-64-shippable-qr,True,False,,|f|i|s|s|i|o|n| |w|a|r|m| |w|e|b|r|e|n|d|e|r|,102210fe594ee9b33d82058545b1ed14f4c8206e,loadtime,nytimes,True,nytimes loadtime opt fission warm webrender,,6,ms,firefox,,1714092686,2023-06-19 18:00:07,1086.5,f5a4c8a56c4084fb474ef9a83dc8099331777010,1259894,,,,,,,,,,,,,,,,,,,,,,,,,,,,,,,,,,,,,,,,,,,,,,,,,,TN,,,,,,,,,,
mozilla-beta,4168539,13,b83612eacaf8eff6c5b8a31215809a39b157f6fb,linux1804-64-shippable-qr,True,False,,|f|i|s|s|i|o|n| |w|a|r|m| |w|e|b|r|e|n|d|e|r|,102210fe594ee9b33d82058545b1ed14f4c8206e,loadtime,nytimes,True,nytimes loadtime opt fission warm webrender,,6,ms,firefox,,1714741418,2023-06-20 13:15:48,1091.5,1fd1675876cf4ace179d70ab72cf9cc67ef382fd,1260317,,,,,,,,,,,,,,,,,,,,,,,,,,,,,,,,,,,,,,,,,,,,,,,,,,TN,,,,,,,,,,
mozilla-beta,4168539,13,b83612eacaf8eff6c5b8a31215809a39b157f6fb,linux1804-64-shippable-qr,True,False,,|f|i|s|s|i|o|n| |w|a|r|m| |w|e|b|r|e|n|d|e|r|,102210fe594ee9b33d82058545b1ed14f4c8206e,loadtime,nytimes,True,nytimes loadtime opt fission warm webrender,,6,ms,firefox,,1714786837,2023-06-20 14:20:56,1084.5,0e3e70a7494b91f847545f541f60c2afdffdc973,1260368,,,,,,,,,,,,,,,,,,,,,,,,,,,,,,,,,,,,,,,,,,,,,,,,,,TN,,,,,,,,,,
mozilla-beta,4168539,13,b83612eacaf8eff6c5b8a31215809a39b157f6fb,linux1804-64-shippable-qr,True,False,,|f|i|s|s|i|o|n| |w|a|r|m| |w|e|b|r|e|n|d|e|r|,102210fe594ee9b33d82058545b1ed14f4c8206e,loadtime,nytimes,True,nytimes loadtime opt fission warm webrender,,6,ms,firefox,,1714920682,2023-06-20 16:59:19,1088.0,d80d61687ffcaa2e80424701a477210e3c29e1e4,1260535,,,,,,,,,,,,,,,,,,,,,,,,,,,,,,,,,,,,,,,,,,,,,,,,,,TN,,,,,,,,,,
mozilla-beta,4168539,13,b83612eacaf8eff6c5b8a31215809a39b157f6fb,linux1804-64-shippable-qr,True,False,,|f|i|s|s|i|o|n| |w|a|r|m| |w|e|b|r|e|n|d|e|r|,102210fe594ee9b33d82058545b1ed14f4c8206e,loadtime,nytimes,True,nytimes loadtime opt fission warm webrender,,6,ms,firefox,,1714936843,2023-06-20 17:24:22,1111.0,fdd1d4854968d51f3c174deecd5ead8c74793315,1260558,,,,,,,,,,,,,,,,,,,,,,,,,,,,,,,,,,,,,,,,,,,,,,,,,,TN,,,,,,,,,,
mozilla-beta,4168539,13,b83612eacaf8eff6c5b8a31215809a39b157f6fb,linux1804-64-shippable-qr,True,False,,|f|i|s|s|i|o|n| |w|a|r|m| |w|e|b|r|e|n|d|e|r|,102210fe594ee9b33d82058545b1ed14f4c8206e,loadtime,nytimes,True,nytimes loadtime opt fission warm webrender,,6,ms,firefox,,1714962890,2023-06-20 18:00:51,1088.5,d30b3cd164afe66b9db586154a0af4b5d4791308,1260587,,,,,,,,,,,,,,,,,,,,,,,,,,,,,,,,,,,,,,,,,,,,,,,,,,TN,,,,,,,,,,
mozilla-beta,4168539,13,b83612eacaf8eff6c5b8a31215809a39b157f6fb,linux1804-64-shippable-qr,True,False,,|f|i|s|s|i|o|n| |w|a|r|m| |w|e|b|r|e|n|d|e|r|,102210fe594ee9b33d82058545b1ed14f4c8206e,loadtime,nytimes,True,nytimes loadtime opt fission warm webrender,,6,ms,firefox,,1715667684,2023-06-21 13:26:34,1080.0,cf1d9c398e1664622904b2d01e0eb2a9b42e5d54,1261229,,,,,,,,,,,,,,,,,,,,,,,,,,,,,,,,,,,,,,,,,,,,,,,,,,TN,,,,,,,,,,
mozilla-beta,4168539,13,b83612eacaf8eff6c5b8a31215809a39b157f6fb,linux1804-64-shippable-qr,True,False,,|f|i|s|s|i|o|n| |w|a|r|m| |w|e|b|r|e|n|d|e|r|,102210fe594ee9b33d82058545b1ed14f4c8206e,loadtime,nytimes,True,nytimes loadtime opt fission warm webrender,,6,ms,firefox,,1715849144,2023-06-21 18:11:33,1084.5,3a2f506cc4b8d7f3a8d99388d68485b5603f22ca,1261396,,,,,,,,,,,,,,,,,,,,,,,,,,,,,,,,,,,,,,,,,,,,,,,,,,TN,,,,,,,,,,
mozilla-beta,4168539,13,b83612eacaf8eff6c5b8a31215809a39b157f6fb,linux1804-64-shippable-qr,True,False,,|f|i|s|s|i|o|n| |w|a|r|m| |w|e|b|r|e|n|d|e|r|,102210fe594ee9b33d82058545b1ed14f4c8206e,loadtime,nytimes,True,nytimes loadtime opt fission warm webrender,,6,ms,firefox,,1715931261,2023-06-21 20:07:35,1057.0,f3ff17245015ec7abbec1cc6ee2cfce3b96bd3d5,1261505,,,,,,,,,,,,,,,,,,,,,,,,,,,,,,,,,,,,,,,,,,,,,,,,,,TN,,,,,,,,,,
mozilla-beta,4168539,13,b83612eacaf8eff6c5b8a31215809a39b157f6fb,linux1804-64-shippable-qr,True,False,,|f|i|s|s|i|o|n| |w|a|r|m| |w|e|b|r|e|n|d|e|r|,102210fe594ee9b33d82058545b1ed14f4c8206e,loadtime,nytimes,True,nytimes loadtime opt fission warm webrender,,6,ms,firefox,,1716200747,2023-06-22 11:20:57,1090.0,21fdd11b59cbcf17e476b707f5f59ebcb4fa474e,1262041,,,,,,,,,,,,,,,,,,,,,,,,,,,,,,,,,,,,,,,,,,,,,,,,,,TN,,,,,,,,,,
mozilla-beta,4168539,13,b83612eacaf8eff6c5b8a31215809a39b157f6fb,linux1804-64-shippable-qr,True,False,,|f|i|s|s|i|o|n| |w|a|r|m| |w|e|b|r|e|n|d|e|r|,102210fe594ee9b33d82058545b1ed14f4c8206e,loadtime,nytimes,True,nytimes loadtime opt fission warm webrender,,6,ms,firefox,,1716241290,2023-06-22 12:38:03,1089.0,7da579f6a813f30bd4f009a2a1f7911def52e572,1262084,,,,,,,,,,,,,,,,,,,,,,,,,,,,,,,,,,,,,,,,,,,,,,,,,,TN,,,,,,,,,,
mozilla-beta,4168539,13,b83612eacaf8eff6c5b8a31215809a39b157f6fb,linux1804-64-shippable-qr,True,False,,|f|i|s|s|i|o|n| |w|a|r|m| |w|e|b|r|e|n|d|e|r|,102210fe594ee9b33d82058545b1ed14f4c8206e,loadtime,nytimes,True,nytimes loadtime opt fission warm webrender,,6,ms,firefox,,1716257046,2023-06-22 13:03:32,1069.0,6722dee8d3773705cd9d4eddb3baf3333015aed2,1262107,,,,,,,,,,,,,,,,,,,,,,,,,,,,,,,,,,,,,,,,,,,,,,,,,,TN,,,,,,,,,,
mozilla-beta,4168539,13,b83612eacaf8eff6c5b8a31215809a39b157f6fb,linux1804-64-shippable-qr,True,False,,|f|i|s|s|i|o|n| |w|a|r|m| |w|e|b|r|e|n|d|e|r|,102210fe594ee9b33d82058545b1ed14f4c8206e,loadtime,nytimes,True,nytimes loadtime opt fission warm webrender,,6,ms,firefox,,1716272727,2023-06-22 13:08:25,1075.0,3673ad484e13ce731e7fc368a7e6b114d5eeee44,1262111,,,,,,,,,,,,,,,,,,,,,,,,,,,,,,,,,,,,,,,,,,,,,,,,,,TN,,,,,,,,,,
mozilla-beta,4168539,13,b83612eacaf8eff6c5b8a31215809a39b157f6fb,linux1804-64-shippable-qr,True,False,,|f|i|s|s|i|o|n| |w|a|r|m| |w|e|b|r|e|n|d|e|r|,102210fe594ee9b33d82058545b1ed14f4c8206e,loadtime,nytimes,True,nytimes loadtime opt fission warm webrender,,6,ms,firefox,,1716310434,2023-06-22 13:37:22,1079.5,027186aaa28cc91b5f9484c62413e2a3936e84ca,1262125,,,,,,,,,,,,,,,,,,,,,,,,,,,,,,,,,,,,,,,,,,,,,,,,,,TN,,,,,,,,,,
mozilla-beta,4168539,13,b83612eacaf8eff6c5b8a31215809a39b157f6fb,linux1804-64-shippable-qr,True,False,,|f|i|s|s|i|o|n| |w|a|r|m| |w|e|b|r|e|n|d|e|r|,102210fe594ee9b33d82058545b1ed14f4c8206e,loadtime,nytimes,True,nytimes loadtime opt fission warm webrender,,6,ms,firefox,,1716380041,2023-06-22 16:12:21,1075.0,6cdb4c2436de23c3699b154aa73e6710a95c98b0,1262276,,,,,,,,,,,,,,,,,,,,,,,,,,,,,,,,,,,,,,,,,,,,,,,,,,TN,,,,,,,,,,
mozilla-beta,4168539,13,b83612eacaf8eff6c5b8a31215809a39b157f6fb,linux1804-64-shippable-qr,True,False,,|f|i|s|s|i|o|n| |w|a|r|m| |w|e|b|r|e|n|d|e|r|,102210fe594ee9b33d82058545b1ed14f4c8206e,loadtime,nytimes,True,nytimes loadtime opt fission warm webrender,,6,ms,firefox,,1717029671,2023-06-23 13:38:03,1120.0,6c222240ff315735f42bc230693f4ddfa0b6ac7f,1262945,,,,,,,,,,,,,,,,,,,,,,,,,,,,,,,,,,,,,,,,,,,,,,,,,,TN,,,,,,,,,,
mozilla-beta,4168539,13,b83612eacaf8eff6c5b8a31215809a39b157f6fb,linux1804-64-shippable-qr,True,False,,|f|i|s|s|i|o|n| |w|a|r|m| |w|e|b|r|e|n|d|e|r|,102210fe594ee9b33d82058545b1ed14f4c8206e,loadtime,nytimes,True,nytimes loadtime opt fission warm webrender,,6,ms,firefox,,1717152554,2023-06-23 18:03:44,1106.0,1ba3d3c99916f850738f21670775ef715521a5df,1263072,,,,,,,,,,,,,,,,,,,,,,,,,,,,,,,,,,,,,,,,,,,,,,,,,,TN,,,,,,,,,,
mozilla-beta,4168539,13,b83612eacaf8eff6c5b8a31215809a39b157f6fb,linux1804-64-shippable-qr,True,False,,|f|i|s|s|i|o|n| |w|a|r|m| |w|e|b|r|e|n|d|e|r|,102210fe594ee9b33d82058545b1ed14f4c8206e,loadtime,nytimes,True,nytimes loadtime opt fission warm webrender,,6,ms,firefox,,1717185978,2023-06-23 18:52:54,1075.5,6e906785da867056a855a34df3f92db65b8a7c49,1263096,,,,,,,,,,,,,,,,,,,,,,,,,,,,,,,,,,,,,,,,,,,,,,,,,,TN,,,,,,,,,,
mozilla-beta,4168539,13,b83612eacaf8eff6c5b8a31215809a39b157f6fb,linux1804-64-shippable-qr,True,False,,|f|i|s|s|i|o|n| |w|a|r|m| |w|e|b|r|e|n|d|e|r|,102210fe594ee9b33d82058545b1ed14f4c8206e,loadtime,nytimes,True,nytimes loadtime opt fission warm webrender,,6,ms,firefox,,1717315510,2023-06-24 13:12:41,1094.5,3b9f2c4be4f6e4271c11c1d4407eae55196c950d,1263171,,,,,,,,,,,,,,,,,,,,,,,,,,,,,,,,,,,,,,,,,,,,,,,,,,TN,,,,,,,,,,
mozilla-beta,4168539,13,b83612eacaf8eff6c5b8a31215809a39b157f6fb,linux1804-64-shippable-qr,True,False,,|f|i|s|s|i|o|n| |w|a|r|m| |w|e|b|r|e|n|d|e|r|,102210fe594ee9b33d82058545b1ed14f4c8206e,loadtime,nytimes,True,nytimes loadtime opt fission warm webrender,,6,ms,firefox,,1717369959,2023-06-24 18:00:33,1090.5,4576212ef8edf2209dd7f1b3605a741be564cf74,1263268,,,,,,,,,,,,,,,,,,,,,,,,,,,,,,,,,,,,,,,,,,,,,,,,,,TN,,,,,,,,,,
mozilla-beta,4168539,13,b83612eacaf8eff6c5b8a31215809a39b157f6fb,linux1804-64-shippable-qr,True,False,,|f|i|s|s|i|o|n| |w|a|r|m| |w|e|b|r|e|n|d|e|r|,102210fe594ee9b33d82058545b1ed14f4c8206e,loadtime,nytimes,True,nytimes loadtime opt fission warm webrender,,6,ms,firefox,,1717451899,2023-06-24 22:36:22,1085.5,fa15ea81806e25491783ce0553573fb780959801,1263284,,,,,,,,,,,,,,,,,,,,,,,,,,,,,,,,,,,,,,,,,,,,,,,,,,TN,,,,,,,,,,
mozilla-beta,4168539,13,b83612eacaf8eff6c5b8a31215809a39b157f6fb,linux1804-64-shippable-qr,True,False,,|f|i|s|s|i|o|n| |w|a|r|m| |w|e|b|r|e|n|d|e|r|,102210fe594ee9b33d82058545b1ed14f4c8206e,loadtime,nytimes,True,nytimes loadtime opt fission warm webrender,,6,ms,firefox,,1717524643,2023-06-25 17:59:55,1089.0,35de7f48bd8fa9ca1ba185a0021f2d1cafa7f49e,1263345,,,,,,,,,,,,,,,,,,,,,,,,,,,,,,,,,,,,,,,,,,,,,,,,,,TN,,,,,,,,,,
mozilla-beta,4168539,13,b83612eacaf8eff6c5b8a31215809a39b157f6fb,linux1804-64-shippable-qr,True,False,,|f|i|s|s|i|o|n| |w|a|r|m| |w|e|b|r|e|n|d|e|r|,102210fe594ee9b33d82058545b1ed14f4c8206e,loadtime,nytimes,True,nytimes loadtime opt fission warm webrender,,6,ms,firefox,,1717840525,2023-06-26 13:12:41,1094.0,f539365f51c8542b1e354b68e50907668f16878d,1263655,,,,,,,,,,,,,,,,,,,,,,,,,,,,,,,,,,,,,,,,,,,,,,,,,,TN,,,,,,,,,,
mozilla-beta,4168539,13,b83612eacaf8eff6c5b8a31215809a39b157f6fb,linux1804-64-shippable-qr,True,False,,|f|i|s|s|i|o|n| |w|a|r|m| |w|e|b|r|e|n|d|e|r|,102210fe594ee9b33d82058545b1ed14f4c8206e,loadtime,nytimes,True,nytimes loadtime opt fission warm webrender,,6,ms,firefox,,1717875520,2023-06-26 14:05:49,1072.5,035b72e275569245ab5c8844f4ddca8f5ce7da42,1263698,,,,,,,,,,,,,,,,,,,,,,,,,,,,,,,,,,,,,,,,,,,,,,,,,,TN,,,,,,,,,,
mozilla-beta,4168539,13,b83612eacaf8eff6c5b8a31215809a39b157f6fb,linux1804-64-shippable-qr,True,False,,|f|i|s|s|i|o|n| |w|a|r|m| |w|e|b|r|e|n|d|e|r|,102210fe594ee9b33d82058545b1ed14f4c8206e,loadtime,nytimes,True,nytimes loadtime opt fission warm webrender,,6,ms,firefox,,1720971383,2023-07-04 08:05:00,1100.2,d3cecb35f77946efdfc851b00241e7cfb248d4f5,1267289,,,,,,,,,,,,,,,,,,,,,,,,,,,,,,,,,,,,,,,,,,,,,,,,,,TN,,,,,,,,,,
mozilla-beta,4168539,13,b83612eacaf8eff6c5b8a31215809a39b157f6fb,linux1804-64-shippable-qr,True,False,,|f|i|s|s|i|o|n| |w|a|r|m| |w|e|b|r|e|n|d|e|r|,102210fe594ee9b33d82058545b1ed14f4c8206e,loadtime,nytimes,True,nytimes loadtime opt fission warm webrender,,6,ms,firefox,,1720952283,2023-07-04 08:13:20,1076.6,8ac42d8638fae465733db49debf49675c6b20697,1267293,,,,,,,,,,,,,,,,,,,,,,,,,,,,,,,,,,,,,,,,,,,,,,,,,,TN,,,,,,,,,,
mozilla-beta,4168539,13,b83612eacaf8eff6c5b8a31215809a39b157f6fb,linux1804-64-shippable-qr,True,False,,|f|i|s|s|i|o|n| |w|a|r|m| |w|e|b|r|e|n|d|e|r|,102210fe594ee9b33d82058545b1ed14f4c8206e,loadtime,nytimes,True,nytimes loadtime opt fission warm webrender,,6,ms,firefox,,1721202797,2023-07-04 17:59:10,1086.0,d7e3fb8cd375eaf56ea5d3a43285557eaee0a5e0,1267597,,,,,,,,,,,,,,,,,,,,,,,,,,,,,,,,,,,,,,,,,,,,,,,,,,TN,,,,,,,,,,
mozilla-beta,4168539,13,b83612eacaf8eff6c5b8a31215809a39b157f6fb,linux1804-64-shippable-qr,True,False,,|f|i|s|s|i|o|n| |w|a|r|m| |w|e|b|r|e|n|d|e|r|,102210fe594ee9b33d82058545b1ed14f4c8206e,loadtime,nytimes,True,nytimes loadtime opt fission warm webrender,,6,ms,firefox,,1721305519,2023-07-04 20:50:41,1071.7,2251a5bd1148826e0c1e6b3d0c5c6985f6284372,1267656,,,,,,,,,,,,,,,,,,,,,,,,,,,,,,,,,,,,,,,,,,,,,,,,,,TN,,,,,,,,,,
mozilla-beta,4168539,13,b83612eacaf8eff6c5b8a31215809a39b157f6fb,linux1804-64-shippable-qr,True,False,,|f|i|s|s|i|o|n| |w|a|r|m| |w|e|b|r|e|n|d|e|r|,102210fe594ee9b33d82058545b1ed14f4c8206e,loadtime,nytimes,True,nytimes loadtime opt fission warm webrender,,6,ms,firefox,,1721835214,2023-07-05 18:01:37,954.8,c0cb0ed5b9e39efd1be1f0d0dee1d03db2f8c4af,1268100,,,,,,,,,,,,,,,,,,,,,,,,,,,,,,,,,,,,,,,,,,,,,,,,,,TN,,,,,,,,,,
mozilla-beta,4168539,13,b83612eacaf8eff6c5b8a31215809a39b157f6fb,linux1804-64-shippable-qr,True,False,,|f|i|s|s|i|o|n| |w|a|r|m| |w|e|b|r|e|n|d|e|r|,102210fe594ee9b33d82058545b1ed14f4c8206e,loadtime,nytimes,True,nytimes loadtime opt fission warm webrender,,6,ms,firefox,,1721954623,2023-07-05 22:18:29,1067.6,5b26c16edbef4a3fef8c57d63a680eb3417f22fd,1268276,,,,,,,,,,,,,,,,,,,,,,,,,,,,,,,,,,,,,,,,,,,,,,,,,,TN,,,,,,,,,,
mozilla-beta,4168539,13,b83612eacaf8eff6c5b8a31215809a39b157f6fb,linux1804-64-shippable-qr,True,False,,|f|i|s|s|i|o|n| |w|a|r|m| |w|e|b|r|e|n|d|e|r|,102210fe594ee9b33d82058545b1ed14f4c8206e,loadtime,nytimes,True,nytimes loadtime opt fission warm webrender,,6,ms,firefox,,1722256998,2023-07-06 14:26:52,1067.6,3935d29947b87bf51e6b103f3722fcf0649a883e,1268671,,,,,,,,,,,,,,,,,,,,,,,,,,,,,,,,,,,,,,,,,,,,,,,,,,TN,,,,,,,,,,
mozilla-beta,4168539,13,b83612eacaf8eff6c5b8a31215809a39b157f6fb,linux1804-64-shippable-qr,True,False,,|f|i|s|s|i|o|n| |w|a|r|m| |w|e|b|r|e|n|d|e|r|,102210fe594ee9b33d82058545b1ed14f4c8206e,loadtime,nytimes,True,nytimes loadtime opt fission warm webrender,,6,ms,firefox,,1722318878,2023-07-06 15:48:00,1083.2,b2838888a0e8eb0d0c60ef66175758b37c95f0c5,1268740,,,,,,,,,,,,,,,,,,,,,,,,,,,,,,,,,,,,,,,,,,,,,,,,,,TN,,,,,,,,,,
mozilla-beta,4168539,13,b83612eacaf8eff6c5b8a31215809a39b157f6fb,linux1804-64-shippable-qr,True,False,,|f|i|s|s|i|o|n| |w|a|r|m| |w|e|b|r|e|n|d|e|r|,102210fe594ee9b33d82058545b1ed14f4c8206e,loadtime,nytimes,True,nytimes loadtime opt fission warm webrender,,6,ms,firefox,,1722402132,2023-07-06 18:02:11,1132.7,c8d180ec428a1ceddf5cfb7d1afe16d9e09dcc78,1268824,,,,,,,,,,,,,,,,,,,,,,,,,,,,,,,,,,,,,,,,,,,,,,,,,,TN,,,,,,,,,,
mozilla-beta,4168539,13,b83612eacaf8eff6c5b8a31215809a39b157f6fb,linux1804-64-shippable-qr,True,False,,|f|i|s|s|i|o|n| |w|a|r|m| |w|e|b|r|e|n|d|e|r|,102210fe594ee9b33d82058545b1ed14f4c8206e,loadtime,nytimes,True,nytimes loadtime opt fission warm webrender,,6,ms,firefox,,1722464757,2023-07-06 19:39:12,1100.7,1b6b2288a0f47b37ab70eeb64f69bebf7442b138,1268893,,,,,,,,,,,,,,,,,,,,,,,,,,,,,,,,,,,,,,,,,,,,,,,,,,TN,,,,,,,,,,
mozilla-beta,4168539,13,b83612eacaf8eff6c5b8a31215809a39b157f6fb,linux1804-64-shippable-qr,True,False,,|f|i|s|s|i|o|n| |w|a|r|m| |w|e|b|r|e|n|d|e|r|,102210fe594ee9b33d82058545b1ed14f4c8206e,loadtime,nytimes,True,nytimes loadtime opt fission warm webrender,,6,ms,firefox,,1722977519,2023-07-07 17:59:16,1094.8,97a7b5a61f68e2ac160fe29147306071599bcab2,1269470,,,,,,,,,,,,,,,,,,,,,,,,,,,,,,,,,,,,,,,,,,,,,,,,,,TN,,,,,,,,,,
mozilla-beta,4168539,13,b83612eacaf8eff6c5b8a31215809a39b157f6fb,linux1804-64-shippable-qr,True,False,,|f|i|s|s|i|o|n| |w|a|r|m| |w|e|b|r|e|n|d|e|r|,102210fe594ee9b33d82058545b1ed14f4c8206e,loadtime,nytimes,True,nytimes loadtime opt fission warm webrender,,6,ms,firefox,,1723038534,2023-07-07 18:52:45,1095.6,8c0f8e058e2d2074662db140fe4f5ee081fc8202,1269502,,,,,,,,,,,,,,,,,,,,,,,,,,,,,,,,,,,,,,,,,,,,,,,,,,TN,,,,,,,,,,
mozilla-beta,4168539,13,b83612eacaf8eff6c5b8a31215809a39b157f6fb,linux1804-64-shippable-qr,True,False,,|f|i|s|s|i|o|n| |w|a|r|m| |w|e|b|r|e|n|d|e|r|,102210fe594ee9b33d82058545b1ed14f4c8206e,loadtime,nytimes,True,nytimes loadtime opt fission warm webrender,,6,ms,firefox,,1723375180,2023-07-08 14:56:49,1085.4,80e901c4ae8730b0252c8ec0a16be620158010a7,1269733,,,,,,,,,,,,,,,,,,,,,,,,,,,,,,,,,,,,,,,,,,,,,,,,,,TN,,,,,,,,,,
mozilla-beta,4168539,13,b83612eacaf8eff6c5b8a31215809a39b157f6fb,linux1804-64-shippable-qr,True,False,,|f|i|s|s|i|o|n| |w|a|r|m| |w|e|b|r|e|n|d|e|r|,102210fe594ee9b33d82058545b1ed14f4c8206e,loadtime,nytimes,True,nytimes loadtime opt fission warm webrender,,6,ms,firefox,,1723406751,2023-07-08 17:59:20,1079.6,412cbf20869a7438910dbeb0737a67532237ab7f,1269749,,,,,,,,,,,,,,,,,,,,,,,,,,,,,,,,,,,,,,,,,,,,,,,,,,TN,,,,,,,,,,
mozilla-beta,4168539,13,b83612eacaf8eff6c5b8a31215809a39b157f6fb,linux1804-64-shippable-qr,True,False,,|f|i|s|s|i|o|n| |w|a|r|m| |w|e|b|r|e|n|d|e|r|,102210fe594ee9b33d82058545b1ed14f4c8206e,loadtime,nytimes,True,nytimes loadtime opt fission warm webrender,,6,ms,firefox,,1723597117,2023-07-09 15:07:05,1061.5,bd50e163e8d84f51ef341846fb9f41f281917384,1269852,,,,,,,,,,,,,,,,,,,,,,,,,,,,,,,,,,,,,,,,,,,,,,,,,,TN,,,,,,,,,,
mozilla-beta,4168539,13,b83612eacaf8eff6c5b8a31215809a39b157f6fb,linux1804-64-shippable-qr,True,False,,|f|i|s|s|i|o|n| |w|a|r|m| |w|e|b|r|e|n|d|e|r|,102210fe594ee9b33d82058545b1ed14f4c8206e,loadtime,nytimes,True,nytimes loadtime opt fission warm webrender,,6,ms,firefox,,1723648174,2023-07-09 17:59:49,1101.3,d98ec7555bb1b00ef809e279882492340c88e7a5,1269878,,,,,,,,,,,,,,,,,,,,,,,,,,,,,,,,,,,,,,,,,,,,,,,,,,TN,,,,,,,,,,
mozilla-beta,4168539,13,b83612eacaf8eff6c5b8a31215809a39b157f6fb,linux1804-64-shippable-qr,True,False,,|f|i|s|s|i|o|n| |w|a|r|m| |w|e|b|r|e|n|d|e|r|,102210fe594ee9b33d82058545b1ed14f4c8206e,loadtime,nytimes,True,nytimes loadtime opt fission warm webrender,,6,ms,firefox,,1724031924,2023-07-10 13:57:38,1090.8,28f60d3dfc47352e5f5b187c3e4b4a912ed6fed7,1270196,,,,,,,,,,,,,,,,,,,,,,,,,,,,,,,,,,,,,,,,,,,,,,,,,,TN,,,,,,,,,,
mozilla-beta,4168539,13,b83612eacaf8eff6c5b8a31215809a39b157f6fb,linux1804-64-shippable-qr,True,False,,|f|i|s|s|i|o|n| |w|a|r|m| |w|e|b|r|e|n|d|e|r|,102210fe594ee9b33d82058545b1ed14f4c8206e,loadtime,nytimes,True,nytimes loadtime opt fission warm webrender,,6,ms,firefox,,1724204239,2023-07-10 18:02:54,1085.7,c80f0af649a4cd12fe9bcdaa48183f8417827feb,1270318,,,,,,,,,,,,,,,,,,,,,,,,,,,,,,,,,,,,,,,,,,,,,,,,,,TN,,,,,,,,,,
mozilla-beta,4168539,13,b83612eacaf8eff6c5b8a31215809a39b157f6fb,linux1804-64-shippable-qr,True,False,,|f|i|s|s|i|o|n| |w|a|r|m| |w|e|b|r|e|n|d|e|r|,102210fe594ee9b33d82058545b1ed14f4c8206e,loadtime,nytimes,True,nytimes loadtime opt fission warm webrender,,6,ms,firefox,,1724295551,2023-07-11 00:09:58,1093.8,1dcdc0d37b33c854558ec0ef2561545b2254d192,1270529,,,,,,,,,,,,,,,,,,,,,,,,,,,,,,,,,,,,,,,,,,,,,,,,,,TN,,,,,,,,,,
mozilla-beta,4168539,13,b83612eacaf8eff6c5b8a31215809a39b157f6fb,linux1804-64-shippable-qr,True,False,,|f|i|s|s|i|o|n| |w|a|r|m| |w|e|b|r|e|n|d|e|r|,102210fe594ee9b33d82058545b1ed14f4c8206e,loadtime,nytimes,True,nytimes loadtime opt fission warm webrender,,6,ms,firefox,,1724554822,2023-07-11 12:10:33,1084.6,a155fa3223a58c6670aaa0c7f7a621b0a8dfd812,1270743,,,,,,,,,,,,,,,,,,,,,,,,,,,,,,,,,,,,,,,,,,,,,,,,,,TN,,,,,,,,,,
mozilla-beta,4168539,13,b83612eacaf8eff6c5b8a31215809a39b157f6fb,linux1804-64-shippable-qr,True,False,,|f|i|s|s|i|o|n| |w|a|r|m| |w|e|b|r|e|n|d|e|r|,102210fe594ee9b33d82058545b1ed14f4c8206e,loadtime,nytimes,True,nytimes loadtime opt fission warm webrender,,6,ms,firefox,,1724595620,2023-07-11 13:49:09,1090.2,d59e19237835de1d09c0980460e8c18f149c2cb1,1270799,,,,,,,,,,,,,,,,,,,,,,,,,,,,,,,,,,,,,,,,,,,,,,,,,,TN,,,,,,,,,,
mozilla-beta,4168539,13,b83612eacaf8eff6c5b8a31215809a39b157f6fb,linux1804-64-shippable-qr,True,False,,|f|i|s|s|i|o|n| |w|a|r|m| |w|e|b|r|e|n|d|e|r|,102210fe594ee9b33d82058545b1ed14f4c8206e,loadtime,nytimes,True,nytimes loadtime opt fission warm webrender,,6,ms,firefox,,1724741252,2023-07-11 17:59:23,1085.1,dec4b42fd0a8e659f317a53a70de7fe0a6375b4d,1270960,,,,,,,,,,,,,,,,,,,,,,,,,,,,,,,,,,,,,,,,,,,,,,,,,,TN,,,,,,,,,,
mozilla-beta,4168539,13,b83612eacaf8eff6c5b8a31215809a39b157f6fb,linux1804-64-shippable-qr,True,False,,|f|i|s|s|i|o|n| |w|a|r|m| |w|e|b|r|e|n|d|e|r|,102210fe594ee9b33d82058545b1ed14f4c8206e,loadtime,nytimes,True,nytimes loadtime opt fission warm webrender,,6,ms,firefox,,1724753060,2023-07-11 18:30:52,949.7,d115233f6cf619edaf715843896dd904ffc421cb,1270975,,,,,,,,,,,,,,,,,,,,,,,,,,,,,,,,,,,,,,,,,,,,,,,,,,TN,,,,,,,,,,
mozilla-beta,4168539,13,b83612eacaf8eff6c5b8a31215809a39b157f6fb,linux1804-64-shippable-qr,True,False,,|f|i|s|s|i|o|n| |w|a|r|m| |w|e|b|r|e|n|d|e|r|,102210fe594ee9b33d82058545b1ed14f4c8206e,loadtime,nytimes,True,nytimes loadtime opt fission warm webrender,,6,ms,firefox,,1725240565,2023-07-12 18:58:21,1086.2,52c1585352356cd4c42ae2b1385961b2f88be67b,1271633,,,,,,,,,,,,,,,,,,,,,,,,,,,,,,,,,,,,,,,,,,,,,,,,,,TN,,,,,,,,,,
mozilla-beta,4168539,13,b83612eacaf8eff6c5b8a31215809a39b157f6fb,linux1804-64-shippable-qr,True,False,,|f|i|s|s|i|o|n| |w|a|r|m| |w|e|b|r|e|n|d|e|r|,102210fe594ee9b33d82058545b1ed14f4c8206e,loadtime,nytimes,True,nytimes loadtime opt fission warm webrender,,6,ms,firefox,,1725653740,2023-07-13 14:00:45,1077.6,3eb5925071ba3fd23d2808498d6db974e022a597,1272156,,,,,,,,,,,,,,,,,,,,,,,,,,,,,,,,,,,,,,,,,,,,,,,,,,TN,,,,,,,,,,
mozilla-beta,4168539,13,b83612eacaf8eff6c5b8a31215809a39b157f6fb,linux1804-64-shippable-qr,True,False,,|f|i|s|s|i|o|n| |w|a|r|m| |w|e|b|r|e|n|d|e|r|,102210fe594ee9b33d82058545b1ed14f4c8206e,loadtime,nytimes,True,nytimes loadtime opt fission warm webrender,,6,ms,firefox,,1725663986,2023-07-13 14:21:58,1086.2,4444bd2d76ad1f0ef6f4aff7e59e8e9db81f2305,1272177,,,,,,,,,,,,,,,,,,,,,,,,,,,,,,,,,,,,,,,,,,,,,,,,,,TN,,,,,,,,,,
mozilla-beta,4168539,13,b83612eacaf8eff6c5b8a31215809a39b157f6fb,linux1804-64-shippable-qr,True,False,,|f|i|s|s|i|o|n| |w|a|r|m| |w|e|b|r|e|n|d|e|r|,102210fe594ee9b33d82058545b1ed14f4c8206e,loadtime,nytimes,True,nytimes loadtime opt fission warm webrender,,6,ms,firefox,,1725754292,2023-07-13 16:48:18,1086.8,7a01db8a8e8ad141961b2f5fdf44a2e771de0d46,1272282,,,,,,,,,,,,,,,,,,,,,,,,,,,,,,,,,,,,,,,,,,,,,,,,,,TN,,,,,,,,,,
mozilla-beta,4168539,13,b83612eacaf8eff6c5b8a31215809a39b157f6fb,linux1804-64-shippable-qr,True,False,,|f|i|s|s|i|o|n| |w|a|r|m| |w|e|b|r|e|n|d|e|r|,102210fe594ee9b33d82058545b1ed14f4c8206e,loadtime,nytimes,True,nytimes loadtime opt fission warm webrender,,6,ms,firefox,,1725778839,2023-07-13 17:59:05,1080.2,1871adf64271aebcccf19ede8eee47585bfadb3c,1272345,,,,,,,,,,,,,,,,,,,,,,,,,,,,,,,,,,,,,,,,,,,,,,,,,,TN,,,,,,,,,,
mozilla-beta,4168539,13,b83612eacaf8eff6c5b8a31215809a39b157f6fb,linux1804-64-shippable-qr,True,False,,|f|i|s|s|i|o|n| |w|a|r|m| |w|e|b|r|e|n|d|e|r|,102210fe594ee9b33d82058545b1ed14f4c8206e,loadtime,nytimes,True,nytimes loadtime opt fission warm webrender,,6,ms,firefox,,1726190426,2023-07-14 13:29:22,1088.5,e1d02b6887bb1dcb547f064f74c499da04158df9,1272741,,,,,,,,,,,,,,,,,,,,,,,,,,,,,,,,,,,,,,,,,,,,,,,,,,TN,,,,,,,,,,
mozilla-beta,4168539,13,b83612eacaf8eff6c5b8a31215809a39b157f6fb,linux1804-64-shippable-qr,True,False,,|f|i|s|s|i|o|n| |w|a|r|m| |w|e|b|r|e|n|d|e|r|,102210fe594ee9b33d82058545b1ed14f4c8206e,loadtime,nytimes,True,nytimes loadtime opt fission warm webrender,,6,ms,firefox,,1726246944,2023-07-14 14:18:32,1082.0,c83566264750894d2aa083bfec3b4dddcbaf26c7,1272769,,,,,,,,,,,,,,,,,,,,,,,,,,,,,,,,,,,,,,,,,,,,,,,,,,TN,,,,,,,,,,
mozilla-beta,4168539,13,b83612eacaf8eff6c5b8a31215809a39b157f6fb,linux1804-64-shippable-qr,True,False,,|f|i|s|s|i|o|n| |w|a|r|m| |w|e|b|r|e|n|d|e|r|,102210fe594ee9b33d82058545b1ed14f4c8206e,loadtime,nytimes,True,nytimes loadtime opt fission warm webrender,,6,ms,firefox,,1726376716,2023-07-14 17:59:09,1079.3,f7629ac11e34075dac560bf31065851d441abc3c,1272899,,,,,,,,,,,,,,,,,,,,,,,,,,,,,,,,,,,,,,,,,,,,,,,,,,TN,,,,,,,,,,
mozilla-beta,4168539,13,b83612eacaf8eff6c5b8a31215809a39b157f6fb,linux1804-64-shippable-qr,True,False,,|f|i|s|s|i|o|n| |w|a|r|m| |w|e|b|r|e|n|d|e|r|,102210fe594ee9b33d82058545b1ed14f4c8206e,loadtime,nytimes,True,nytimes loadtime opt fission warm webrender,,6,ms,firefox,,1726610460,2023-07-15 18:04:22,1121.8,dec6f8c6dcc74ba79246da43fd6e20d0eb7f7c0e,1273123,,,,,,,,,,,,,,,,,,,,,,,,,,,,,,,,,,,,,,,,,,,,,,,,,,TN,,,,,,,,,,
mozilla-beta,4168539,13,b83612eacaf8eff6c5b8a31215809a39b157f6fb,linux1804-64-shippable-qr,True,False,,|f|i|s|s|i|o|n| |w|a|r|m| |w|e|b|r|e|n|d|e|r|,102210fe594ee9b33d82058545b1ed14f4c8206e,loadtime,nytimes,True,nytimes loadtime opt fission warm webrender,,6,ms,firefox,,1726732124,2023-07-16 13:41:25,1065.0,9c3147a3e07e168fcaabf4b3783fd84c69a9d24e,1273177,,,,,,,,,,,,,,,,,,,,,,,,,,,,,,,,,,,,,,,,,,,,,,,,,,TN,,,,,,,,,,
mozilla-beta,4168539,13,b83612eacaf8eff6c5b8a31215809a39b157f6fb,linux1804-64-shippable-qr,True,False,,|f|i|s|s|i|o|n| |w|a|r|m| |w|e|b|r|e|n|d|e|r|,102210fe594ee9b33d82058545b1ed14f4c8206e,loadtime,nytimes,True,nytimes loadtime opt fission warm webrender,,6,ms,firefox,,1726763345,2023-07-16 18:03:34,1061.4,cd8c75069cbacdf88ad33dd00ecb9ab12c7ec1e4,1273187,,,,,,,,,,,,,,,,,,,,,,,,,,,,,,,,,,,,,,,,,,,,,,,,,,TN,,,,,,,,,,
mozilla-beta,4168539,13,b83612eacaf8eff6c5b8a31215809a39b157f6fb,linux1804-64-shippable-qr,True,False,,|f|i|s|s|i|o|n| |w|a|r|m| |w|e|b|r|e|n|d|e|r|,102210fe594ee9b33d82058545b1ed14f4c8206e,loadtime,nytimes,True,nytimes loadtime opt fission warm webrender,,6,ms,firefox,,1726973619,2023-07-17 15:06:07,1082.2,6aa12630de4d96f69b09566023e74acb81e116c4,1273493,,,,,,,,,,,,,,,,,,,,,,,,,,,,,,,,,,,,,,,,,,,,,,,,,,TN,,,,,,,,,,
mozilla-beta,4168539,13,b83612eacaf8eff6c5b8a31215809a39b157f6fb,linux1804-64-shippable-qr,True,False,,|f|i|s|s|i|o|n| |w|a|r|m| |w|e|b|r|e|n|d|e|r|,102210fe594ee9b33d82058545b1ed14f4c8206e,loadtime,nytimes,True,nytimes loadtime opt fission warm webrender,,6,ms,firefox,,1727063106,2023-07-17 17:57:13,1071.0,2ddfa7d38c38cf2a3242ea76a3326a0586a2efdc,1273601,,,,,,,,,,,,,,,,,,,,,,,,,,,,,,,,,,,,,,,,,,,,,,,,,,TN,,,,,,,,,,
mozilla-beta,4168539,13,b83612eacaf8eff6c5b8a31215809a39b157f6fb,linux1804-64-shippable-qr,True,False,,|f|i|s|s|i|o|n| |w|a|r|m| |w|e|b|r|e|n|d|e|r|,102210fe594ee9b33d82058545b1ed14f4c8206e,loadtime,nytimes,True,nytimes loadtime opt fission warm webrender,,6,ms,firefox,,1727079506,2023-07-17 18:13:26,1059.0,0423f240445837264164498d5f822c75d5427177,1273620,,,,,,,,,,,,,,,,,,,,,,,,,,,,,,,,,,,,,,,,,,,,,,,,,,TN,,,,,,,,,,
mozilla-beta,4168539,13,b83612eacaf8eff6c5b8a31215809a39b157f6fb,linux1804-64-shippable-qr,True,False,,|f|i|s|s|i|o|n| |w|a|r|m| |w|e|b|r|e|n|d|e|r|,102210fe594ee9b33d82058545b1ed14f4c8206e,loadtime,nytimes,True,nytimes loadtime opt fission warm webrender,,6,ms,firefox,,1727506778,2023-07-18 12:20:04,1079.8,ba11c78ce3b0121f57637dd734e829791d2dfcc4,1274042,,,,,,,,,,,,,,,,,,,,,,,,,,,,,,,,,,,,,,,,,,,,,,,,,,TN,,,,,,,,,,
mozilla-beta,4168539,13,b83612eacaf8eff6c5b8a31215809a39b157f6fb,linux1804-64-shippable-qr,True,False,,|f|i|s|s|i|o|n| |w|a|r|m| |w|e|b|r|e|n|d|e|r|,102210fe594ee9b33d82058545b1ed14f4c8206e,loadtime,nytimes,True,nytimes loadtime opt fission warm webrender,,6,ms,firefox,,1727641216,2023-07-18 17:47:25,1066.1,fd830f72726b11de269b925cbd66ea0645dd9491,1274232,,,,,,,,,,,,,,,,,,,,,,,,,,,,,,,,,,,,,,,,,,,,,,,,,,TN,,,,,,,,,,
mozilla-beta,4168539,13,b83612eacaf8eff6c5b8a31215809a39b157f6fb,linux1804-64-shippable-qr,True,False,,|f|i|s|s|i|o|n| |w|a|r|m| |w|e|b|r|e|n|d|e|r|,102210fe594ee9b33d82058545b1ed14f4c8206e,loadtime,nytimes,True,nytimes loadtime opt fission warm webrender,,6,ms,firefox,,1727684857,2023-07-18 18:01:35,1062.7,34301d4d9d7ede8d86907dd4cc41f9fc7d5d7d94,1274236,,,,,,,,,,,,,,,,,,,,,,,,,,,,,,,,,,,,,,,,,,,,,,,,,,TN,,,,,,,,,,
mozilla-beta,4168539,13,b83612eacaf8eff6c5b8a31215809a39b157f6fb,linux1804-64-shippable-qr,True,False,,|f|i|s|s|i|o|n| |w|a|r|m| |w|e|b|r|e|n|d|e|r|,102210fe594ee9b33d82058545b1ed14f4c8206e,loadtime,nytimes,True,nytimes loadtime opt fission warm webrender,,6,ms,firefox,,1727690956,2023-07-18 18:53:23,1078.8,23424f65527c2d906a02bfe4779aff416f03826d,1274269,,,,,,,,,,,,,,,,,,,,,,,,,,,,,,,,,,,,,,,,,,,,,,,,,,TN,,,,,,,,,,
mozilla-beta,4168539,13,b83612eacaf8eff6c5b8a31215809a39b157f6fb,linux1804-64-shippable-qr,True,False,,|f|i|s|s|i|o|n| |w|a|r|m| |w|e|b|r|e|n|d|e|r|,102210fe594ee9b33d82058545b1ed14f4c8206e,loadtime,nytimes,True,nytimes loadtime opt fission warm webrender,,6,ms,firefox,,1728240858,2023-07-19 12:20:45,1081.7,6f204c3c5e075defb94fcfdadf1d930df5d3f825,1274751,,,,,,,,,,,,,,,,,,,,,,,,,,,,,,,,,,,,,,,,,,,,,,,,,,TN,,,,,,,,,,
mozilla-beta,4168539,13,b83612eacaf8eff6c5b8a31215809a39b157f6fb,linux1804-64-shippable-qr,True,False,,|f|i|s|s|i|o|n| |w|a|r|m| |w|e|b|r|e|n|d|e|r|,102210fe594ee9b33d82058545b1ed14f4c8206e,loadtime,nytimes,True,nytimes loadtime opt fission warm webrender,,6,ms,firefox,,1728512031,2023-07-19 18:07:09,1073.7,4430f8a728a733f89b6ac8b245537ab570eb2292,1275008,,,,,,,,,,,,,,,,,,,,,,,,,,,,,,,,,,,,,,,,,,,,,,,,,,TN,,,,,,,,,,
mozilla-beta,4168539,13,b83612eacaf8eff6c5b8a31215809a39b157f6fb,linux1804-64-shippable-qr,True,False,,|f|i|s|s|i|o|n| |w|a|r|m| |w|e|b|r|e|n|d|e|r|,102210fe594ee9b33d82058545b1ed14f4c8206e,loadtime,nytimes,True,nytimes loadtime opt fission warm webrender,,6,ms,firefox,,1728589716,2023-07-19 19:46:06,1070.7,1904bb52d22fea887c5b39ecfd3e3104422033f9,1275079,,,,,,,,,,,,,,,,,,,,,,,,,,,,,,,,,,,,,,,,,,,,,,,,,,TN,,,,,,,,,,
mozilla-beta,4168539,13,b83612eacaf8eff6c5b8a31215809a39b157f6fb,linux1804-64-shippable-qr,True,False,,|f|i|s|s|i|o|n| |w|a|r|m| |w|e|b|r|e|n|d|e|r|,102210fe594ee9b33d82058545b1ed14f4c8206e,loadtime,nytimes,True,nytimes loadtime opt fission warm webrender,,6,ms,firefox,,1729116446,2023-07-20 15:57:45,1088.6,00c1f4a8d5f8d4a18552a30a6994608f4418116d,1275567,,,,,,,,,,,,,,,,,,,,,,,,,,,,,,,,,,,,,,,,,,,,,,,,,,TN,,,,,,,,,,
mozilla-beta,4168539,13,b83612eacaf8eff6c5b8a31215809a39b157f6fb,linux1804-64-shippable-qr,True,False,,|f|i|s|s|i|o|n| |w|a|r|m| |w|e|b|r|e|n|d|e|r|,102210fe594ee9b33d82058545b1ed14f4c8206e,loadtime,nytimes,True,nytimes loadtime opt fission warm webrender,,6,ms,firefox,,1729192720,2023-07-20 17:59:27,1062.8,a241d89b662e14a0ac4aabf56849c2b161b6d70d,1275658,,,,,,,,,,,,,,,,,,,,,,,,,,,,,,,,,,,,,,,,,,,,,,,,,,TN,,,,,,,,,,
mozilla-beta,4168539,13,b83612eacaf8eff6c5b8a31215809a39b157f6fb,linux1804-64-shippable-qr,True,False,,|f|i|s|s|i|o|n| |w|a|r|m| |w|e|b|r|e|n|d|e|r|,102210fe594ee9b33d82058545b1ed14f4c8206e,loadtime,nytimes,True,nytimes loadtime opt fission warm webrender,,6,ms,firefox,,1729269330,2023-07-20 20:00:12,1080.7,5400bd70e968c76d1d67abea7e072f5db3e06c80,1275753,,,,,,,,,,,,,,,,,,,,,,,,,,,,,,,,,,,,,,,,,,,,,,,,,,TN,,,,,,,,,,
mozilla-beta,4168539,13,b83612eacaf8eff6c5b8a31215809a39b157f6fb,linux1804-64-shippable-qr,True,False,,|f|i|s|s|i|o|n| |w|a|r|m| |w|e|b|r|e|n|d|e|r|,102210fe594ee9b33d82058545b1ed14f4c8206e,loadtime,nytimes,True,nytimes loadtime opt fission warm webrender,,6,ms,firefox,,1729708245,2023-07-21 16:06:45,1080.5,d9bbcab92460808ed9148655ab4c6e3dcf9239ef,1276242,,,,,,,,,,,,,,,,,,,,,,,,,,,,,,,,,,,,,,,,,,,,,,,,,,TN,,,,,,,,,,
mozilla-beta,4168539,13,b83612eacaf8eff6c5b8a31215809a39b157f6fb,linux1804-64-shippable-qr,True,False,,|f|i|s|s|i|o|n| |w|a|r|m| |w|e|b|r|e|n|d|e|r|,102210fe594ee9b33d82058545b1ed14f4c8206e,loadtime,nytimes,True,nytimes loadtime opt fission warm webrender,,6,ms,firefox,,1729774581,2023-07-21 18:01:34,1069.4,763d601a05a7b017806cf139e475a959e5c7912a,1276334,,,,,,,,,,,,,,,,,,,,,,,,,,,,,,,,,,,,,,,,,,,,,,,,,,TN,,,,,,,,,,
mozilla-beta,4168539,13,b83612eacaf8eff6c5b8a31215809a39b157f6fb,linux1804-64-shippable-qr,True,False,,|f|i|s|s|i|o|n| |w|a|r|m| |w|e|b|r|e|n|d|e|r|,102210fe594ee9b33d82058545b1ed14f4c8206e,loadtime,nytimes,True,nytimes loadtime opt fission warm webrender,,6,ms,firefox,,1730148180,2023-07-22 18:01:26,1064.2,5ebae42b46a0a71153c76180dd9808c42692be79,1276660,,,,,,,,,,,,,,,,,,,,,,,,,,,,,,,,,,,,,,,,,,,,,,,,,,TN,,,,,,,,,,
mozilla-beta,4168539,13,b83612eacaf8eff6c5b8a31215809a39b157f6fb,linux1804-64-shippable-qr,True,False,,|f|i|s|s|i|o|n| |w|a|r|m| |w|e|b|r|e|n|d|e|r|,102210fe594ee9b33d82058545b1ed14f4c8206e,loadtime,nytimes,True,nytimes loadtime opt fission warm webrender,,6,ms,firefox,,1730295929,2023-07-23 15:25:49,1070.5,7c3347ba3478b9ce3fde17fa0acb3ea3b06dfa38,1276709,,,,,,,,,,,,,,,,,,,,,,,,,,,,,,,,,,,,,,,,,,,,,,,,,,TN,,,,,,,,,,
mozilla-beta,4168539,13,b83612eacaf8eff6c5b8a31215809a39b157f6fb,linux1804-64-shippable-qr,True,False,,|f|i|s|s|i|o|n| |w|a|r|m| |w|e|b|r|e|n|d|e|r|,102210fe594ee9b33d82058545b1ed14f4c8206e,loadtime,nytimes,True,nytimes loadtime opt fission warm webrender,,6,ms,firefox,,1730321015,2023-07-23 17:59:43,1083.5,c26da009d2a4c447ccda98478b30b0fd5c842a79,1276731,,,,,,,,,,,,,,,,,,,,,,,,,,,,,,,,,,,,,,,,,,,,,,,,,,TN,,,,,,,,,,
mozilla-beta,4168539,13,b83612eacaf8eff6c5b8a31215809a39b157f6fb,linux1804-64-shippable-qr,True,False,,|f|i|s|s|i|o|n| |w|a|r|m| |w|e|b|r|e|n|d|e|r|,102210fe594ee9b33d82058545b1ed14f4c8206e,loadtime,nytimes,True,nytimes loadtime opt fission warm webrender,,6,ms,firefox,,1730395551,2023-07-24 00:28:48,1076.1,23b1fabe6e02b63b59821e274cdbc8766b97e74a,1276770,,,,,,,,,,,,,,,,,,,,,,,,,,,,,,,,,,,,,,,,,,,,,,,,,,TN,,,,,,,,,,
mozilla-beta,4168539,13,b83612eacaf8eff6c5b8a31215809a39b157f6fb,linux1804-64-shippable-qr,True,False,,|f|i|s|s|i|o|n| |w|a|r|m| |w|e|b|r|e|n|d|e|r|,102210fe594ee9b33d82058545b1ed14f4c8206e,loadtime,nytimes,True,nytimes loadtime opt fission warm webrender,,6,ms,firefox,,1730694267,2023-07-24 12:18:38,1086.4,316000c523d79e787604ca918d12752f1d5c1433,1276942,,,,,,,,,,,,,,,,,,,,,,,,,,,,,,,,,,,,,,,,,,,,,,,,,,TN,,,,,,,,,,
mozilla-beta,4168539,13,b83612eacaf8eff6c5b8a31215809a39b157f6fb,linux1804-64-shippable-qr,True,False,,|f|i|s|s|i|o|n| |w|a|r|m| |w|e|b|r|e|n|d|e|r|,102210fe594ee9b33d82058545b1ed14f4c8206e,loadtime,nytimes,True,nytimes loadtime opt fission warm webrender,,6,ms,firefox,,1733556937,2023-07-31 15:02:16,1057.9,f4da117c89d1c6b7d53312065fbf3b32ac05c195,1280395,,,,,,,,,,,,,,,,,,,,,,,,,,,,,,,,,,,,,,,,,,,,,,,,,,TN,,,,,,,,,,
mozilla-beta,4168539,13,b83612eacaf8eff6c5b8a31215809a39b157f6fb,linux1804-64-shippable-qr,True,False,,|f|i|s|s|i|o|n| |w|a|r|m| |w|e|b|r|e|n|d|e|r|,102210fe594ee9b33d82058545b1ed14f4c8206e,loadtime,nytimes,True,nytimes loadtime opt fission warm webrender,,6,ms,firefox,,1734301422,2023-08-01 17:41:49,1060.6,0d4550c5bbe5e5c9d652f6f76ed2b84801006a72,1281125,,,,,,,,,,,,,,,,,,,,,,,,,,,,,,,,,,,,,,,,,,,,,,,,,,TN,,,,,,,,,,
mozilla-beta,4168539,13,b83612eacaf8eff6c5b8a31215809a39b157f6fb,linux1804-64-shippable-qr,True,False,,|f|i|s|s|i|o|n| |w|a|r|m| |w|e|b|r|e|n|d|e|r|,102210fe594ee9b33d82058545b1ed14f4c8206e,loadtime,nytimes,True,nytimes loadtime opt fission warm webrender,,6,ms,firefox,,1734290945,2023-08-01 18:01:59,1051.2,d2d0e657cc37b8045725d3ec3b95537958a2a906,1281146,,,,,,,,,,,,,,,,,,,,,,,,,,,,,,,,,,,,,,,,,,,,,,,,,,TN,,,,,,,,,,
mozilla-beta,4168539,13,b83612eacaf8eff6c5b8a31215809a39b157f6fb,linux1804-64-shippable-qr,True,False,,|f|i|s|s|i|o|n| |w|a|r|m| |w|e|b|r|e|n|d|e|r|,102210fe594ee9b33d82058545b1ed14f4c8206e,loadtime,nytimes,True,nytimes loadtime opt fission warm webrender,,6,ms,firefox,,1734740990,2023-08-02 15:58:45,1054.7,0fb6863005d9a9c13e9baacd3f1b161fff28e9be,1281670,,,,,,,,,,,,,,,,,,,,,,,,,,,,,,,,,,,,,,,,,,,,,,,,,,TN,,,,,,,,,,
mozilla-beta,4168539,13,b83612eacaf8eff6c5b8a31215809a39b157f6fb,linux1804-64-shippable-qr,True,False,,|f|i|s|s|i|o|n| |w|a|r|m| |w|e|b|r|e|n|d|e|r|,102210fe594ee9b33d82058545b1ed14f4c8206e,loadtime,nytimes,True,nytimes loadtime opt fission warm webrender,,6,ms,firefox,,1734817364,2023-08-02 18:03:06,1055.5,17026ac3512076aea21a114891abaeb7d86eefd1,1281761,,,,,,,,,,,,,,,,,,,,,,,,,,,,,,,,,,,,,,,,,,,,,,,,,,TN,,,,,,,,,,
mozilla-beta,4168539,13,b83612eacaf8eff6c5b8a31215809a39b157f6fb,linux1804-64-shippable-qr,True,False,,|f|i|s|s|i|o|n| |w|a|r|m| |w|e|b|r|e|n|d|e|r|,102210fe594ee9b33d82058545b1ed14f4c8206e,loadtime,nytimes,True,nytimes loadtime opt fission warm webrender,,6,ms,firefox,,1735038768,2023-08-03 00:35:45,1065.5,65512c991660c1242db1c099b252edf75f9155df,1282034,,,,,,,,,,,,,,,,,,,,,,,,,,,,,,,,,,,,,,,,,,,,,,,,,,TN,,,,,,,,,,
mozilla-beta,4168539,13,b83612eacaf8eff6c5b8a31215809a39b157f6fb,linux1804-64-shippable-qr,True,False,,|f|i|s|s|i|o|n| |w|a|r|m| |w|e|b|r|e|n|d|e|r|,102210fe594ee9b33d82058545b1ed14f4c8206e,loadtime,nytimes,True,nytimes loadtime opt fission warm webrender,,6,ms,firefox,,1735063260,2023-08-03 02:40:36,1066.6,de78a2160c98777d7df3d1abcfa1fa1ba2fc1ebf,1282073,,,,,,,,,,,,,,,,,,,,,,,,,,,,,,,,,,,,,,,,,,,,,,,,,,TN,,,,,,,,,,
mozilla-beta,4168539,13,b83612eacaf8eff6c5b8a31215809a39b157f6fb,linux1804-64-shippable-qr,True,False,,|f|i|s|s|i|o|n| |w|a|r|m| |w|e|b|r|e|n|d|e|r|,102210fe594ee9b33d82058545b1ed14f4c8206e,loadtime,nytimes,True,nytimes loadtime opt fission warm webrender,,6,ms,firefox,,1735374634,2023-08-03 15:42:06,1057.3,38b5901830d175ff8ead19ae53ded689c990a2c2,1282357,,,,,,,,,,,,,,,,,,,,,,,,,,,,,,,,,,,,,,,,,,,,,,,,,,TN,,,,,,,,,,
mozilla-beta,4168539,13,b83612eacaf8eff6c5b8a31215809a39b157f6fb,linux1804-64-shippable-qr,True,False,,|f|i|s|s|i|o|n| |w|a|r|m| |w|e|b|r|e|n|d|e|r|,102210fe594ee9b33d82058545b1ed14f4c8206e,loadtime,nytimes,True,nytimes loadtime opt fission warm webrender,,6,ms,firefox,,1735444808,2023-08-03 16:45:02,1065.7,8aec3eecd3933c24b1ffc49b81133e628bdbd9b7,1282417,,,,,,,,,,,,,,,,,,,,,,,,,,,,,,,,,,,,,,,,,,,,,,,,,,TN,,,,,,,,,,
mozilla-beta,4168539,13,b83612eacaf8eff6c5b8a31215809a39b157f6fb,linux1804-64-shippable-qr,True,False,,|f|i|s|s|i|o|n| |w|a|r|m| |w|e|b|r|e|n|d|e|r|,102210fe594ee9b33d82058545b1ed14f4c8206e,loadtime,nytimes,True,nytimes loadtime opt fission warm webrender,,6,ms,firefox,,1735497200,2023-08-03 18:02:21,1047.4,7a8dadfc175109672e932eff3fa2b2e788227e0c,1282452,,,,,,,,,,,,,,,,,,,,,,,,,,,,,,,,,,,,,,,,,,,,,,,,,,TN,,,,,,,,,,
mozilla-beta,4168539,13,b83612eacaf8eff6c5b8a31215809a39b157f6fb,linux1804-64-shippable-qr,True,False,,|f|i|s|s|i|o|n| |w|a|r|m| |w|e|b|r|e|n|d|e|r|,102210fe594ee9b33d82058545b1ed14f4c8206e,loadtime,nytimes,True,nytimes loadtime opt fission warm webrender,,6,ms,firefox,,1735684888,2023-08-04 01:00:05,1054.7,edbfa38873a723ceaf42ead3644bfd365d31f689,1282688,,,,,,,,,,,,,,,,,,,,,,,,,,,,,,,,,,,,,,,,,,,,,,,,,,TN,,,,,,,,,,
mozilla-beta,4168539,13,b83612eacaf8eff6c5b8a31215809a39b157f6fb,linux1804-64-shippable-qr,True,False,,|f|i|s|s|i|o|n| |w|a|r|m| |w|e|b|r|e|n|d|e|r|,102210fe594ee9b33d82058545b1ed14f4c8206e,loadtime,nytimes,True,nytimes loadtime opt fission warm webrender,,6,ms,firefox,,1735704700,2023-08-04 01:46:46,1061.0,926c0c79b59e3a541f918893ea054164454095f6,1282708,,,,,,,,,,,,,,,,,,,,,,,,,,,,,,,,,,,,,,,,,,,,,,,,,,TN,,,,,,,,,,
mozilla-beta,4168539,13,b83612eacaf8eff6c5b8a31215809a39b157f6fb,linux1804-64-shippable-qr,True,False,,|f|i|s|s|i|o|n| |w|a|r|m| |w|e|b|r|e|n|d|e|r|,102210fe594ee9b33d82058545b1ed14f4c8206e,loadtime,nytimes,True,nytimes loadtime opt fission warm webrender,,6,ms,firefox,,1736015437,2023-08-04 14:18:49,1069.6,f564a62af1d5a66c0cbc395f85508fd0aba080a7,1282986,,,,,,,,,,,,,,,,,,,,,,,,,,,,,,,,,,,,,,,,,,,,,,,,,,TN,,,,,,,,,,
mozilla-beta,4168539,13,b83612eacaf8eff6c5b8a31215809a39b157f6fb,linux1804-64-shippable-qr,True,False,,|f|i|s|s|i|o|n| |w|a|r|m| |w|e|b|r|e|n|d|e|r|,102210fe594ee9b33d82058545b1ed14f4c8206e,loadtime,nytimes,True,nytimes loadtime opt fission warm webrender,,6,ms,firefox,,1736193206,2023-08-04 18:01:22,1065.9,67612b68bc23712e04e49bd79bf8c027bb9a438d,1283137,,,,,,,,,,,,,,,,,,,,,,,,,,,,,,,,,,,,,,,,,,,,,,,,,,TN,,,,,,,,,,
mozilla-beta,4168539,13,b83612eacaf8eff6c5b8a31215809a39b157f6fb,linux1804-64-shippable-qr,True,False,,|f|i|s|s|i|o|n| |w|a|r|m| |w|e|b|r|e|n|d|e|r|,102210fe594ee9b33d82058545b1ed14f4c8206e,loadtime,nytimes,True,nytimes loadtime opt fission warm webrender,,6,ms,firefox,,1736338849,2023-08-05 00:48:58,1058.3,cd87be9c7e34460013b2770c9ee2e03c35627cc7,1283292,,,,,,,,,,,,,,,,,,,,,,,,,,,,,,,,,,,,,,,,,,,,,,,,,,TN,,,,,,,,,,
mozilla-beta,4168539,13,b83612eacaf8eff6c5b8a31215809a39b157f6fb,linux1804-64-shippable-qr,True,False,,|f|i|s|s|i|o|n| |w|a|r|m| |w|e|b|r|e|n|d|e|r|,102210fe594ee9b33d82058545b1ed14f4c8206e,loadtime,nytimes,True,nytimes loadtime opt fission warm webrender,,6,ms,firefox,,1736497631,2023-08-05 18:00:42,1066.5,afd2356274aeb8ff8b60713edb74477cf7d6b3ee,1283353,,,,,,,,,,,,,,,,,,,,,,,,,,,,,,,,,,,,,,,,,,,,,,,,,,TN,,,,,,,,,,
mozilla-beta,4168539,13,b83612eacaf8eff6c5b8a31215809a39b157f6fb,linux1804-64-shippable-qr,True,False,,|f|i|s|s|i|o|n| |w|a|r|m| |w|e|b|r|e|n|d|e|r|,102210fe594ee9b33d82058545b1ed14f4c8206e,loadtime,nytimes,True,nytimes loadtime opt fission warm webrender,,6,ms,firefox,,1736578419,2023-08-06 16:43:56,1055.3,600425a20e1e547262a69eb78c1d0000a545aa8c,1283426,,,,,,,,,,,,,,,,,,,,,,,,,,,,,,,,,,,,,,,,,,,,,,,,,,TN,,,,,,,,,,
mozilla-beta,4168539,13,b83612eacaf8eff6c5b8a31215809a39b157f6fb,linux1804-64-shippable-qr,True,False,,|f|i|s|s|i|o|n| |w|a|r|m| |w|e|b|r|e|n|d|e|r|,102210fe594ee9b33d82058545b1ed14f4c8206e,loadtime,nytimes,True,nytimes loadtime opt fission warm webrender,,6,ms,firefox,,1736585231,2023-08-06 18:01:10,1052.8,fd6a630299cc7a67e2af0ea85515fa7f31773d43,1283429,,,,,,,,,,,,,,,,,,,,,,,,,,,,,,,,,,,,,,,,,,,,,,,,,,TN,,,,,,,,,,
mozilla-beta,4168539,13,b83612eacaf8eff6c5b8a31215809a39b157f6fb,linux1804-64-shippable-qr,True,False,,|f|i|s|s|i|o|n| |w|a|r|m| |w|e|b|r|e|n|d|e|r|,102210fe594ee9b33d82058545b1ed14f4c8206e,loadtime,nytimes,True,nytimes loadtime opt fission warm webrender,,6,ms,firefox,,1736629775,2023-08-07 00:18:16,1048.2,0cb4435f0aa75155759ccde4232632db9be2685d,1283451,,,,,,,,,,,,,,,,,,,,,,,,,,,,,,,,,,,,,,,,,,,,,,,,,,TN,,,,,,,,,,
mozilla-beta,4168539,13,b83612eacaf8eff6c5b8a31215809a39b157f6fb,linux1804-64-shippable-qr,True,False,,|f|i|s|s|i|o|n| |w|a|r|m| |w|e|b|r|e|n|d|e|r|,102210fe594ee9b33d82058545b1ed14f4c8206e,loadtime,nytimes,True,nytimes loadtime opt fission warm webrender,,6,ms,firefox,,1736903764,2023-08-07 14:27:22,1052.2,c1be2c53674ac35df4fa9981b969e0c7338db634,1283738,,,,,,,,,,,,,,,,,,,,,,,,,,,,,,,,,,,,,,,,,,,,,,,,,,TN,,,,,,,,,,
mozilla-beta,4168539,13,b83612eacaf8eff6c5b8a31215809a39b157f6fb,linux1804-64-shippable-qr,True,False,,|f|i|s|s|i|o|n| |w|a|r|m| |w|e|b|r|e|n|d|e|r|,102210fe594ee9b33d82058545b1ed14f4c8206e,loadtime,nytimes,True,nytimes loadtime opt fission warm webrender,,6,ms,firefox,,1736988311,2023-08-07 18:00:13,1066.3,0719ff67d72e82af324ff0d60454cb7b64475ea8,1283851,,,,,,,,,,,,,,,,,,,,,,,,,,,,,,,,,,,,,,,,,,,,,,,,,,TN,,,,,,,,,,
mozilla-beta,4168539,13,b83612eacaf8eff6c5b8a31215809a39b157f6fb,linux1804-64-shippable-qr,True,False,,|f|i|s|s|i|o|n| |w|a|r|m| |w|e|b|r|e|n|d|e|r|,102210fe594ee9b33d82058545b1ed14f4c8206e,loadtime,nytimes,True,nytimes loadtime opt fission warm webrender,,6,ms,firefox,,1737518768,2023-08-08 17:20:55,1053.2,2139e838f412d9530de885d86795cb20acd799ec,1284441,,,,,,,,,,,,,,,,,,,,,,,,,,,,,,,,,,,,,,,,,,,,,,,,,,TN,,,,,,,,,,
mozilla-beta,4168539,13,b83612eacaf8eff6c5b8a31215809a39b157f6fb,linux1804-64-shippable-qr,True,False,,|f|i|s|s|i|o|n| |w|a|r|m| |w|e|b|r|e|n|d|e|r|,102210fe594ee9b33d82058545b1ed14f4c8206e,loadtime,nytimes,True,nytimes loadtime opt fission warm webrender,,6,ms,firefox,,1737533962,2023-08-08 18:01:14,1055.5,28729171cb22279cc197e994df3a3af4cb93dd03,1284477,,,,,,,,,,,,,,,,,,,,,,,,,,,,,,,,,,,,,,,,,,,,,,,,,,TN,,,,,,,,,,
mozilla-beta,4168539,13,b83612eacaf8eff6c5b8a31215809a39b157f6fb,linux1804-64-shippable-qr,True,False,,|f|i|s|s|i|o|n| |w|a|r|m| |w|e|b|r|e|n|d|e|r|,102210fe594ee9b33d82058545b1ed14f4c8206e,loadtime,nytimes,True,nytimes loadtime opt fission warm webrender,,6,ms,firefox,,1737563654,2023-08-08 18:43:39,1094.5,2658ff909fe46ea384283ab987ff064826d3847f,1284502,,,,,,,,,,,,,,,,,,,,,,,,,,,,,,,,,,,,,,,,,,,,,,,,,,TN,,,,,,,,,,
mozilla-beta,4168539,13,b83612eacaf8eff6c5b8a31215809a39b157f6fb,linux1804-64-shippable-qr,True,False,,|f|i|s|s|i|o|n| |w|a|r|m| |w|e|b|r|e|n|d|e|r|,102210fe594ee9b33d82058545b1ed14f4c8206e,loadtime,nytimes,True,nytimes loadtime opt fission warm webrender,,6,ms,firefox,,1737676151,2023-08-08 21:55:02,1053.9,cfdaf87ed056aaae59e32176b35e15dd0ccd4b1a,1284626,,,,,,,,,,,,,,,,,,,,,,,,,,,,,,,,,,,,,,,,,,,,,,,,,,TN,,,,,,,,,,
mozilla-beta,4168539,13,b83612eacaf8eff6c5b8a31215809a39b157f6fb,linux1804-64-shippable-qr,True,False,,|f|i|s|s|i|o|n| |w|a|r|m| |w|e|b|r|e|n|d|e|r|,102210fe594ee9b33d82058545b1ed14f4c8206e,loadtime,nytimes,True,nytimes loadtime opt fission warm webrender,,6,ms,firefox,,1738182258,2023-08-09 18:01:13,1055.0,6bd589246bd42f4ee499b2c5a66490fed5d80f39,1285212,,,,,,,,,,,,,,,,,,,,,,,,,,,,,,,,,,,,,,,,,,,,,,,,,,TN,,,,,,,,,,
mozilla-beta,4168539,13,b83612eacaf8eff6c5b8a31215809a39b157f6fb,linux1804-64-shippable-qr,True,False,,|f|i|s|s|i|o|n| |w|a|r|m| |w|e|b|r|e|n|d|e|r|,102210fe594ee9b33d82058545b1ed14f4c8206e,loadtime,nytimes,True,nytimes loadtime opt fission warm webrender,,6,ms,firefox,,1738232290,2023-08-09 19:20:20,1051.8,433d3b5055bdc140654b579bc823a855330ee44e,1285276,,,,,,,,,,,,,,,,,,,,,,,,,,,,,,,,,,,,,,,,,,,,,,,,,,TN,,,,,,,,,,
mozilla-beta,4168539,13,b83612eacaf8eff6c5b8a31215809a39b157f6fb,linux1804-64-shippable-qr,True,False,,|f|i|s|s|i|o|n| |w|a|r|m| |w|e|b|r|e|n|d|e|r|,102210fe594ee9b33d82058545b1ed14f4c8206e,loadtime,nytimes,True,nytimes loadtime opt fission warm webrender,,6,ms,firefox,,1738733311,2023-08-10 15:15:03,1064.1,fa00393d9b3fe6becf61c250b9576e461b7c5570,1285771,,,,,,,,,,,,,,,,,,,,,,,,,,,,,,,,,,,,,,,,,,,,,,,,,,TN,,,,,,,,,,
mozilla-beta,4168539,13,b83612eacaf8eff6c5b8a31215809a39b157f6fb,linux1804-64-shippable-qr,True,False,,|f|i|s|s|i|o|n| |w|a|r|m| |w|e|b|r|e|n|d|e|r|,102210fe594ee9b33d82058545b1ed14f4c8206e,loadtime,nytimes,True,nytimes loadtime opt fission warm webrender,,6,ms,firefox,,1738820137,2023-08-10 17:30:49,1065.9,3db6a1040c55acf5f5e7ae366545276b178866f9,1285856,,,,,,,,,,,,,,,,,,,,,,,,,,,,,,,,,,,,,,,,,,,,,,,,,,TN,,,,,,,,,,
mozilla-beta,4168539,13,b83612eacaf8eff6c5b8a31215809a39b157f6fb,linux1804-64-shippable-qr,True,False,,|f|i|s|s|i|o|n| |w|a|r|m| |w|e|b|r|e|n|d|e|r|,102210fe594ee9b33d82058545b1ed14f4c8206e,loadtime,nytimes,True,nytimes loadtime opt fission warm webrender,,6,ms,firefox,,1738835352,2023-08-10 17:48:51,1061.5,21c1a6306679d8bc0dad3f2c85fb5d4de03d33a5,1285874,,,,,,,,,,,,,,,,,,,,,,,,,,,,,,,,,,,,,,,,,,,,,,,,,,TN,,,,,,,,,,
mozilla-beta,4168539,13,b83612eacaf8eff6c5b8a31215809a39b157f6fb,linux1804-64-shippable-qr,True,False,,|f|i|s|s|i|o|n| |w|a|r|m| |w|e|b|r|e|n|d|e|r|,102210fe594ee9b33d82058545b1ed14f4c8206e,loadtime,nytimes,True,nytimes loadtime opt fission warm webrender,,6,ms,firefox,,1738846883,2023-08-10 18:00:04,1058.9,1c49b7aae46f2efa55d93f31c950239b146067c3,1285882,,,,,,,,,,,,,,,,,,,,,,,,,,,,,,,,,,,,,,,,,,,,,,,,,,TN,,,,,,,,,,
mozilla-beta,4168539,13,b83612eacaf8eff6c5b8a31215809a39b157f6fb,linux1804-64-shippable-qr,True,False,,|f|i|s|s|i|o|n| |w|a|r|m| |w|e|b|r|e|n|d|e|r|,102210fe594ee9b33d82058545b1ed14f4c8206e,loadtime,nytimes,True,nytimes loadtime opt fission warm webrender,,6,ms,firefox,,1738899315,2023-08-10 18:18:19,1051.9,d6ffe323ddf142af3dd664b098a59dc4973bd423,1285902,,,,,,,,,,,,,,,,,,,,,,,,,,,,,,,,,,,,,,,,,,,,,,,,,,TN,,,,,,,,,,
mozilla-beta,4168539,13,b83612eacaf8eff6c5b8a31215809a39b157f6fb,linux1804-64-shippable-qr,True,False,,|f|i|s|s|i|o|n| |w|a|r|m| |w|e|b|r|e|n|d|e|r|,102210fe594ee9b33d82058545b1ed14f4c8206e,loadtime,nytimes,True,nytimes loadtime opt fission warm webrender,,6,ms,firefox,,1739284593,2023-08-11 15:21:13,1047.2,19a2c76dc9990f44dbeac102736d2e99be839317,1286357,,,,,,,,,,,,,,,,,,,,,,,,,,,,,,,,,,,,,,,,,,,,,,,,,,TN,,,,,,,,,,
mozilla-beta,4168539,13,b83612eacaf8eff6c5b8a31215809a39b157f6fb,linux1804-64-shippable-qr,True,False,,|f|i|s|s|i|o|n| |w|a|r|m| |w|e|b|r|e|n|d|e|r|,102210fe594ee9b33d82058545b1ed14f4c8206e,loadtime,nytimes,True,nytimes loadtime opt fission warm webrender,,6,ms,firefox,,1739319244,2023-08-11 16:51:16,1052.7,fe2aaa3aafcf697f35b8250eca545ed76a62162f,1286431,,,,,,,,,,,,,,,,,,,,,,,,,,,,,,,,,,,,,,,,,,,,,,,,,,TN,,,,,,,,,,
mozilla-beta,4168539,13,b83612eacaf8eff6c5b8a31215809a39b157f6fb,linux1804-64-shippable-qr,True,False,,|f|i|s|s|i|o|n| |w|a|r|m| |w|e|b|r|e|n|d|e|r|,102210fe594ee9b33d82058545b1ed14f4c8206e,loadtime,nytimes,True,nytimes loadtime opt fission warm webrender,,6,ms,firefox,,1739362522,2023-08-11 17:58:53,1044.1,bc09740beb8c1ae802df1ad952223a369daac18f,1286483,,,,,,,,,,,,,,,,,,,,,,,,,,,,,,,,,,,,,,,,,,,,,,,,,,TN,,,,,,,,,,
mozilla-beta,4168539,13,b83612eacaf8eff6c5b8a31215809a39b157f6fb,linux1804-64-shippable-qr,True,False,,|f|i|s|s|i|o|n| |w|a|r|m| |w|e|b|r|e|n|d|e|r|,102210fe594ee9b33d82058545b1ed14f4c8206e,loadtime,nytimes,True,nytimes loadtime opt fission warm webrender,,6,ms,firefox,,1739397212,2023-08-11 19:35:29,1053.8,e62bf69c57f2d75551e80a25236b19d1892709b3,1286549,,,,,,,,,,,,,,,,,,,,,,,,,,,,,,,,,,,,,,,,,,,,,,,,,,TN,,,,,,,,,,
mozilla-beta,4168539,13,b83612eacaf8eff6c5b8a31215809a39b157f6fb,linux1804-64-shippable-qr,True,False,,|f|i|s|s|i|o|n| |w|a|r|m| |w|e|b|r|e|n|d|e|r|,102210fe594ee9b33d82058545b1ed14f4c8206e,loadtime,nytimes,True,nytimes loadtime opt fission warm webrender,,6,ms,firefox,,1739653049,2023-08-12 16:03:48,1059.5,19a38682aee82796d601e53801a5d4eb10664812,1286674,,,,,,,,,,,,,,,,,,,,,,,,,,,,,,,,,,,,,,,,,,,,,,,,,,TN,,,,,,,,,,
mozilla-beta,4168539,13,b83612eacaf8eff6c5b8a31215809a39b157f6fb,linux1804-64-shippable-qr,True,False,,|f|i|s|s|i|o|n| |w|a|r|m| |w|e|b|r|e|n|d|e|r|,102210fe594ee9b33d82058545b1ed14f4c8206e,loadtime,nytimes,True,nytimes loadtime opt fission warm webrender,,6,ms,firefox,,1739690873,2023-08-12 18:00:10,1050.2,77b053e8ee09973807d49b1888c31ea21118362f,1286689,,,,,,,,,,,,,,,,,,,,,,,,,,,,,,,,,,,,,,,,,,,,,,,,,,TN,,,,,,,,,,
mozilla-beta,4168539,13,b83612eacaf8eff6c5b8a31215809a39b157f6fb,linux1804-64-shippable-qr,True,False,,|f|i|s|s|i|o|n| |w|a|r|m| |w|e|b|r|e|n|d|e|r|,102210fe594ee9b33d82058545b1ed14f4c8206e,loadtime,nytimes,True,nytimes loadtime opt fission warm webrender,,6,ms,firefox,,1739835542,2023-08-13 16:52:58,1053.4,4cf69f7029b8d6f7a38adb83cd6852ac008d6be2,1286761,,,,,,,,,,,,,,,,,,,,,,,,,,,,,,,,,,,,,,,,,,,,,,,,,,TN,,,,,,,,,,
mozilla-beta,4168539,13,b83612eacaf8eff6c5b8a31215809a39b157f6fb,linux1804-64-shippable-qr,True,False,,|f|i|s|s|i|o|n| |w|a|r|m| |w|e|b|r|e|n|d|e|r|,102210fe594ee9b33d82058545b1ed14f4c8206e,loadtime,nytimes,True,nytimes loadtime opt fission warm webrender,,6,ms,firefox,,1739846336,2023-08-13 17:23:23,1049.8,2300f9ca9d4fa74443ed2c5542bb1b22167a28df,1286763,,,,,,,,,,,,,,,,,,,,,,,,,,,,,,,,,,,,,,,,,,,,,,,,,,TN,,,,,,,,,,
mozilla-beta,4168539,13,b83612eacaf8eff6c5b8a31215809a39b157f6fb,linux1804-64-shippable-qr,True,False,,|f|i|s|s|i|o|n| |w|a|r|m| |w|e|b|r|e|n|d|e|r|,102210fe594ee9b33d82058545b1ed14f4c8206e,loadtime,nytimes,True,nytimes loadtime opt fission warm webrender,,6,ms,firefox,,1739854543,2023-08-13 18:01:42,1058.1,b6ac990feb967837e10ccf2232c15c9acc4542db,1286766,,,,,,,,,,,,,,,,,,,,,,,,,,,,,,,,,,,,,,,,,,,,,,,,,,TN,,,,,,,,,,
mozilla-beta,4168539,13,b83612eacaf8eff6c5b8a31215809a39b157f6fb,linux1804-64-shippable-qr,True,False,,|f|i|s|s|i|o|n| |w|a|r|m| |w|e|b|r|e|n|d|e|r|,102210fe594ee9b33d82058545b1ed14f4c8206e,loadtime,nytimes,True,nytimes loadtime opt fission warm webrender,,6,ms,firefox,,1740135792,2023-08-14 15:56:31,1046.5,a6729d7e2ba0e1ba1fbf93be5076ecdb4a1b1e40,1287055,,,,,,,,,,,,,,,,,,,,,,,,,,,,,,,,,,,,,,,,,,,,,,,,,,TN,,,,,,,,,,
mozilla-beta,4168539,13,b83612eacaf8eff6c5b8a31215809a39b157f6fb,linux1804-64-shippable-qr,True,False,,|f|i|s|s|i|o|n| |w|a|r|m| |w|e|b|r|e|n|d|e|r|,102210fe594ee9b33d82058545b1ed14f4c8206e,loadtime,nytimes,True,nytimes loadtime opt fission warm webrender,,6,ms,firefox,,1740204933,2023-08-14 17:35:08,1054.5,1d543e7b65ff57f2da7465d003f3e3e38e672120,1287114,,,,,,,,,,,,,,,,,,,,,,,,,,,,,,,,,,,,,,,,,,,,,,,,,,TN,,,,,,,,,,
mozilla-beta,4168539,13,b83612eacaf8eff6c5b8a31215809a39b157f6fb,linux1804-64-shippable-qr,True,False,,|f|i|s|s|i|o|n| |w|a|r|m| |w|e|b|r|e|n|d|e|r|,102210fe594ee9b33d82058545b1ed14f4c8206e,loadtime,nytimes,True,nytimes loadtime opt fission warm webrender,,6,ms,firefox,,1740220866,2023-08-14 18:01:52,1050.3,2272865813a3da4e06a9a59daac6a0d46d3c5c35,1287134,,,,,,,,,,,,,,,,,,,,,,,,,,,,,,,,,,,,,,,,,,,,,,,,,,TN,,,,,,,,,,
mozilla-beta,4168539,13,b83612eacaf8eff6c5b8a31215809a39b157f6fb,linux1804-64-shippable-qr,True,False,,|f|i|s|s|i|o|n| |w|a|r|m| |w|e|b|r|e|n|d|e|r|,102210fe594ee9b33d82058545b1ed14f4c8206e,loadtime,nytimes,True,nytimes loadtime opt fission warm webrender,,6,ms,firefox,,1740416889,2023-08-15 02:26:03,1046.4,dbd6cb77df7c84d664880a496756071e3619f0fd,1287386,,,,,,,,,,,,,,,,,,,,,,,,,,,,,,,,,,,,,,,,,,,,,,,,,,TN,,,,,,,,,,
mozilla-beta,4168539,13,b83612eacaf8eff6c5b8a31215809a39b157f6fb,linux1804-64-shippable-qr,True,False,,|f|i|s|s|i|o|n| |w|a|r|m| |w|e|b|r|e|n|d|e|r|,102210fe594ee9b33d82058545b1ed14f4c8206e,loadtime,nytimes,True,nytimes loadtime opt fission warm webrender,,6,ms,firefox,,1740709092,2023-08-15 14:12:37,1049.3,ea32c3ece390271be2988a369cc7fbddd4f87187,1287594,,,,,,,,,,,,,,,,,,,,,,,,,,,,,,,,,,,,,,,,,,,,,,,,,,TN,,,,,,,,,,
mozilla-beta,4168539,13,b83612eacaf8eff6c5b8a31215809a39b157f6fb,linux1804-64-shippable-qr,True,False,,|f|i|s|s|i|o|n| |w|a|r|m| |w|e|b|r|e|n|d|e|r|,102210fe594ee9b33d82058545b1ed14f4c8206e,loadtime,nytimes,True,nytimes loadtime opt fission warm webrender,,6,ms,firefox,,1740722606,2023-08-15 14:31:22,1053.0,bd110f9606301510f9ddac04db25e26fc7b979f4,1287600,,,,,,,,,,,,,,,,,,,,,,,,,,,,,,,,,,,,,,,,,,,,,,,,,,TN,,,,,,,,,,
mozilla-beta,4168539,13,b83612eacaf8eff6c5b8a31215809a39b157f6fb,linux1804-64-shippable-qr,True,False,,|f|i|s|s|i|o|n| |w|a|r|m| |w|e|b|r|e|n|d|e|r|,102210fe594ee9b33d82058545b1ed14f4c8206e,loadtime,nytimes,True,nytimes loadtime opt fission warm webrender,,6,ms,firefox,,1740854956,2023-08-15 17:55:25,1044.6,39b27e45212aba8ae789db40047edcb957e5c978,1287743,,,,,,,,,,,,,,,,,,,,,,,,,,,,,,,,,,,,,,,,,,,,,,,,,,TN,,,,,,,,,,
mozilla-beta,4168539,13,b83612eacaf8eff6c5b8a31215809a39b157f6fb,linux1804-64-shippable-qr,True,False,,|f|i|s|s|i|o|n| |w|a|r|m| |w|e|b|r|e|n|d|e|r|,102210fe594ee9b33d82058545b1ed14f4c8206e,loadtime,nytimes,True,nytimes loadtime opt fission warm webrender,,6,ms,firefox,,1740839343,2023-08-15 18:00:41,1051.8,3ee3379590a3b47418b7e1dac28217fa1720c9c5,1287745,,,,,,,,,,,,,,,,,,,,,,,,,,,,,,,,,,,,,,,,,,,,,,,,,,TN,,,,,,,,,,
mozilla-beta,4168539,13,b83612eacaf8eff6c5b8a31215809a39b157f6fb,linux1804-64-shippable-qr,True,False,,|f|i|s|s|i|o|n| |w|a|r|m| |w|e|b|r|e|n|d|e|r|,102210fe594ee9b33d82058545b1ed14f4c8206e,loadtime,nytimes,True,nytimes loadtime opt fission warm webrender,,6,ms,firefox,,1741543847,2023-08-16 17:40:45,1050.3,08b127aa5a361e2e83fbf254bcfa7d7defcc91bb,1288455,,,,,,,,,,,,,,,,,,,,,,,,,,,,,,,,,,,,,,,,,,,,,,,,,,TN,,,,,,,,,,
mozilla-beta,4168539,13,b83612eacaf8eff6c5b8a31215809a39b157f6fb,linux1804-64-shippable-qr,True,False,,|f|i|s|s|i|o|n| |w|a|r|m| |w|e|b|r|e|n|d|e|r|,102210fe594ee9b33d82058545b1ed14f4c8206e,loadtime,nytimes,True,nytimes loadtime opt fission warm webrender,,6,ms,firefox,,1741564659,2023-08-16 18:00:54,1051.8,d3061045db8732cf87a223291094873d2d50888a,1288466,,,,,,,,,,,,,,,,,,,,,,,,,,,,,,,,,,,,,,,,,,,,,,,,,,TN,,,,,,,,,,
mozilla-beta,4168539,13,b83612eacaf8eff6c5b8a31215809a39b157f6fb,linux1804-64-shippable-qr,True,False,,|f|i|s|s|i|o|n| |w|a|r|m| |w|e|b|r|e|n|d|e|r|,102210fe594ee9b33d82058545b1ed14f4c8206e,loadtime,nytimes,True,nytimes loadtime opt fission warm webrender,,6,ms,firefox,,1741581206,2023-08-16 18:52:19,1046.8,33901ea7ca81a824a5b24396def8e991fe7731e0,1288493,,,,,,,,,,,,,,,,,,,,,,,,,,,,,,,,,,,,,,,,,,,,,,,,,,TN,,,,,,,,,,
mozilla-beta,4168539,13,b83612eacaf8eff6c5b8a31215809a39b157f6fb,linux1804-64-shippable-qr,True,False,,|f|i|s|s|i|o|n| |w|a|r|m| |w|e|b|r|e|n|d|e|r|,102210fe594ee9b33d82058545b1ed14f4c8206e,loadtime,nytimes,True,nytimes loadtime opt fission warm webrender,,6,ms,firefox,,1742112364,2023-08-17 14:25:18,1056.1,f5d3fbc0d6e61648e703814eea4baf5806524b36,1288946,,,,,,,,,,,,,,,,,,,,,,,,,,,,,,,,,,,,,,,,,,,,,,,,,,TN,,,,,,,,,,
mozilla-beta,4168539,13,b83612eacaf8eff6c5b8a31215809a39b157f6fb,linux1804-64-shippable-qr,True,False,,|f|i|s|s|i|o|n| |w|a|r|m| |w|e|b|r|e|n|d|e|r|,102210fe594ee9b33d82058545b1ed14f4c8206e,loadtime,nytimes,True,nytimes loadtime opt fission warm webrender,,6,ms,firefox,,1742185081,2023-08-17 17:00:22,1055.1,43bf41ee652223649ecd95d0a656eeacae86ad05,1289046,,,,,,,,,,,,,,,,,,,,,,,,,,,,,,,,,,,,,,,,,,,,,,,,,,TN,,,,,,,,,,
mozilla-beta,4168539,13,b83612eacaf8eff6c5b8a31215809a39b157f6fb,linux1804-64-shippable-qr,True,False,,|f|i|s|s|i|o|n| |w|a|r|m| |w|e|b|r|e|n|d|e|r|,102210fe594ee9b33d82058545b1ed14f4c8206e,loadtime,nytimes,True,nytimes loadtime opt fission warm webrender,,6,ms,firefox,,1742241366,2023-08-17 17:58:56,1048.8,79150caa42c9af433d7077a75e3bb6024fedd445,1289083,,,,,,,,,,,,,,,,,,,,,,,,,,,,,,,,,,,,,,,,,,,,,,,,,,TN,,,,,,,,,,
mozilla-beta,4168539,13,b83612eacaf8eff6c5b8a31215809a39b157f6fb,linux1804-64-shippable-qr,True,False,,|f|i|s|s|i|o|n| |w|a|r|m| |w|e|b|r|e|n|d|e|r|,102210fe594ee9b33d82058545b1ed14f4c8206e,loadtime,nytimes,True,nytimes loadtime opt fission warm webrender,,6,ms,firefox,,1742885171,2023-08-18 17:58:43,1060.2,dd6c96bd27406158b503fdc93699a7a55299727d,1289558,,,,,,,,,,,,,,,,,,,,,,,,,,,,,,,,,,,,,,,,,,,,,,,,,,TN,,,,,,,,,,
mozilla-beta,4168539,13,b83612eacaf8eff6c5b8a31215809a39b157f6fb,linux1804-64-shippable-qr,True,False,,|f|i|s|s|i|o|n| |w|a|r|m| |w|e|b|r|e|n|d|e|r|,102210fe594ee9b33d82058545b1ed14f4c8206e,loadtime,nytimes,True,nytimes loadtime opt fission warm webrender,,6,ms,firefox,,1742905261,2023-08-18 18:03:36,1116.4,cb4964f4a7d3a89de607bbb3e0f382ecbb876138,1289562,,,,,,,,,,,,,,,,,,,,,,,,,,,,,,,,,,,,,,,,,,,,,,,,,,TN,,,,,,,,,,
mozilla-beta,4168539,13,b83612eacaf8eff6c5b8a31215809a39b157f6fb,linux1804-64-shippable-qr,True,False,,|f|i|s|s|i|o|n| |w|a|r|m| |w|e|b|r|e|n|d|e|r|,102210fe594ee9b33d82058545b1ed14f4c8206e,loadtime,nytimes,True,nytimes loadtime opt fission warm webrender,,6,ms,firefox,,1743163910,2023-08-19 18:03:16,1048.3,280c96d8d9eaa71cccbf305dcd506fcb5916a426,1289766,,,,,,,,,,,,,,,,,,,,,,,,,,,,,,,,,,,,,,,,,,,,,,,,,,TN,,,,,,,,,,
mozilla-beta,4168539,13,b83612eacaf8eff6c5b8a31215809a39b157f6fb,linux1804-64-shippable-qr,True,False,,|f|i|s|s|i|o|n| |w|a|r|m| |w|e|b|r|e|n|d|e|r|,102210fe594ee9b33d82058545b1ed14f4c8206e,loadtime,nytimes,True,nytimes loadtime opt fission warm webrender,,6,ms,firefox,,1743310740,2023-08-20 18:00:02,1055.2,9763c2c83af5baabe670cc6a262f1c838c3eca85,1289838,,,,,,,,,,,,,,,,,,,,,,,,,,,,,,,,,,,,,,,,,,,,,,,,,,TN,,,,,,,,,,
mozilla-beta,4168539,13,b83612eacaf8eff6c5b8a31215809a39b157f6fb,linux1804-64-shippable-qr,True,False,,|f|i|s|s|i|o|n| |w|a|r|m| |w|e|b|r|e|n|d|e|r|,102210fe594ee9b33d82058545b1ed14f4c8206e,loadtime,nytimes,True,nytimes loadtime opt fission warm webrender,,6,ms,firefox,,1743626927,2023-08-21 11:07:09,1061.7,95093682c2bb0242a3f1016d06ee0e2d33385e4b,1289941,,,,,,,,,,,,,,,,,,,,,,,,,,,,,,,,,,,,,,,,,,,,,,,,,,TN,,,,,,,,,,
mozilla-beta,4168539,13,b83612eacaf8eff6c5b8a31215809a39b157f6fb,linux1804-64-shippable-qr,True,False,,|f|i|s|s|i|o|n| |w|a|r|m| |w|e|b|r|e|n|d|e|r|,102210fe594ee9b33d82058545b1ed14f4c8206e,loadtime,nytimes,True,nytimes loadtime opt fission warm webrender,,6,ms,firefox,,1746929052,2023-08-28 13:34:39,1057.7,a51142166ff907b88f1f41ce22c1ad1df4daac76,1292230,,,,,,,,,,,,,,,,,,,,,,,,,,,,,,,,,,,,,,,,,,,,,,,,,,TN,,,,,,,,,,
mozilla-beta,4168539,13,b83612eacaf8eff6c5b8a31215809a39b157f6fb,linux1804-64-shippable-qr,True,False,,|f|i|s|s|i|o|n| |w|a|r|m| |w|e|b|r|e|n|d|e|r|,102210fe594ee9b33d82058545b1ed14f4c8206e,loadtime,nytimes,True,nytimes loadtime opt fission warm webrender,,6,ms,firefox,,1747075201,2023-08-28 18:00:55,1060.0,dad69789a2511ed216636075c1304c3df77ef2ae,1292358,,,,,,,,,,,,,,,,,,,,,,,,,,,,,,,,,,,,,,,,,,,,,,,,,,TN,,,,,,,,,,
mozilla-beta,4168539,13,b83612eacaf8eff6c5b8a31215809a39b157f6fb,linux1804-64-shippable-qr,True,False,,|f|i|s|s|i|o|n| |w|a|r|m| |w|e|b|r|e|n|d|e|r|,102210fe594ee9b33d82058545b1ed14f4c8206e,loadtime,nytimes,True,nytimes loadtime opt fission warm webrender,,6,ms,firefox,,1747699497,2023-08-29 16:17:46,1047.7,fc9d232fe3a08afc7811940be13f3ab05148baac,1292905,,,,,,,,,,,,,,,,,,,,,,,,,,,,,,,,,,,,,,,,,,,,,,,,,,TN,,,,,,,,,,
mozilla-beta,4168539,13,b83612eacaf8eff6c5b8a31215809a39b157f6fb,linux1804-64-shippable-qr,True,False,,|f|i|s|s|i|o|n| |w|a|r|m| |w|e|b|r|e|n|d|e|r|,102210fe594ee9b33d82058545b1ed14f4c8206e,loadtime,nytimes,True,nytimes loadtime opt fission warm webrender,,6,ms,firefox,,1747761264,2023-08-29 18:01:58,1055.6,22902fb186bab153df337de03d5e5ceafb8bb289,1292972,,,,,,,,,,,,,,,,,,,,,,,,,,,,,,,,,,,,,,,,,,,,,,,,,,TN,,,,,,,,,,
mozilla-beta,4168539,13,b83612eacaf8eff6c5b8a31215809a39b157f6fb,linux1804-64-shippable-qr,True,False,,|f|i|s|s|i|o|n| |w|a|r|m| |w|e|b|r|e|n|d|e|r|,102210fe594ee9b33d82058545b1ed14f4c8206e,loadtime,nytimes,True,nytimes loadtime opt fission warm webrender,,6,ms,firefox,,1748081335,2023-08-30 16:02:19,1050.2,a7de6ba0f96a2232c89b1b0c4a851cfa706c9dff,1293406,,,,,,,,,,,,,,,,,,,,,,,,,,,,,,,,,,,,,,,,,,,,,,,,,,TN,,,,,,,,,,
mozilla-beta,4168539,13,b83612eacaf8eff6c5b8a31215809a39b157f6fb,linux1804-64-shippable-qr,True,False,,|f|i|s|s|i|o|n| |w|a|r|m| |w|e|b|r|e|n|d|e|r|,102210fe594ee9b33d82058545b1ed14f4c8206e,loadtime,nytimes,True,nytimes loadtime opt fission warm webrender,,6,ms,firefox,,1748108240,2023-08-30 18:00:05,1053.4,c9fd750d1062cdca7d7307305afab359895f4bab,1293491,,,,,,,,,,,,,,,,,,,,,,,,,,,,,,,,,,,,,,,,,,,,,,,,,,TN,,,,,,,,,,
mozilla-beta,4168539,13,b83612eacaf8eff6c5b8a31215809a39b157f6fb,linux1804-64-shippable-qr,True,False,,|f|i|s|s|i|o|n| |w|a|r|m| |w|e|b|r|e|n|d|e|r|,102210fe594ee9b33d82058545b1ed14f4c8206e,loadtime,nytimes,True,nytimes loadtime opt fission warm webrender,,6,ms,firefox,,1748537347,2023-08-31 13:48:52,1059.2,bd56eca7c31c77f3fbdd6daa6d57c94c9eb8d5c8,1293926,,,,,,,,,,,,,,,,,,,,,,,,,,,,,,,,,,,,,,,,,,,,,,,,,,TN,,,,,,,,,,
mozilla-beta,4168539,13,b83612eacaf8eff6c5b8a31215809a39b157f6fb,linux1804-64-shippable-qr,True,False,,|f|i|s|s|i|o|n| |w|a|r|m| |w|e|b|r|e|n|d|e|r|,102210fe594ee9b33d82058545b1ed14f4c8206e,loadtime,nytimes,True,nytimes loadtime opt fission warm webrender,,6,ms,firefox,,1748554043,2023-08-31 16:20:56,1053.7,87b953f9d23637a6fa6ff27c3e67832db704f61b,1294000,,,,,,,,,,,,,,,,,,,,,,,,,,,,,,,,,,,,,,,,,,,,,,,,,,TN,,,,,,,,,,
mozilla-beta,4168539,13,b83612eacaf8eff6c5b8a31215809a39b157f6fb,linux1804-64-shippable-qr,True,False,,|f|i|s|s|i|o|n| |w|a|r|m| |w|e|b|r|e|n|d|e|r|,102210fe594ee9b33d82058545b1ed14f4c8206e,loadtime,nytimes,True,nytimes loadtime opt fission warm webrender,,6,ms,firefox,,1748605733,2023-08-31 18:00:26,1045.8,1af9e2938f106620e66bafc85d215e817bbbdeb8,1294060,,,,,,,,,,,,,,,,,,,,,,,,,,,,,,,,,,,,,,,,,,,,,,,,,,TN,,,,,,,,,,
mozilla-beta,4168539,13,b83612eacaf8eff6c5b8a31215809a39b157f6fb,linux1804-64-shippable-qr,True,False,,|f|i|s|s|i|o|n| |w|a|r|m| |w|e|b|r|e|n|d|e|r|,102210fe594ee9b33d82058545b1ed14f4c8206e,loadtime,nytimes,True,nytimes loadtime opt fission warm webrender,,6,ms,firefox,,1749162891,2023-09-01 14:41:46,1049.9,709d8af0c7f302527387c80c1d76d741a7aa46aa,1294606,,,,,,,,,,,,,,,,,,,,,,,,,,,,,,,,,,,,,,,,,,,,,,,,,,TN,,,,,,,,,,
mozilla-beta,4168539,13,b83612eacaf8eff6c5b8a31215809a39b157f6fb,linux1804-64-shippable-qr,True,False,,|f|i|s|s|i|o|n| |w|a|r|m| |w|e|b|r|e|n|d|e|r|,102210fe594ee9b33d82058545b1ed14f4c8206e,loadtime,nytimes,True,nytimes loadtime opt fission warm webrender,,6,ms,firefox,,1749267457,2023-09-01 17:59:08,1052.6,26851a608617df78ba59a15b1b069d398838e42a,1294720,,,,,,,,,,,,,,,,,,,,,,,,,,,,,,,,,,,,,,,,,,,,,,,,,,TN,,,,,,,,,,
mozilla-beta,4168539,13,b83612eacaf8eff6c5b8a31215809a39b157f6fb,linux1804-64-shippable-qr,True,False,,|f|i|s|s|i|o|n| |w|a|r|m| |w|e|b|r|e|n|d|e|r|,102210fe594ee9b33d82058545b1ed14f4c8206e,loadtime,nytimes,True,nytimes loadtime opt fission warm webrender,,6,ms,firefox,,1749662864,2023-09-02 18:02:24,1054.1,171ca118d902636a29bb5fb3a82f7a55f2089cd7,1294989,,,,,,,,,,,,,,,,,,,,,,,,,,,,,,,,,,,,,,,,,,,,,,,,,,TN,,,,,,,,,,
mozilla-beta,4168539,13,b83612eacaf8eff6c5b8a31215809a39b157f6fb,linux1804-64-shippable-qr,True,False,,|f|i|s|s|i|o|n| |w|a|r|m| |w|e|b|r|e|n|d|e|r|,102210fe594ee9b33d82058545b1ed14f4c8206e,loadtime,nytimes,True,nytimes loadtime opt fission warm webrender,,6,ms,firefox,,1749831561,2023-09-03 14:47:55,1059.9,073227d3c47f97124282de93cc52c465393d9cd5,1295067,,,,,,,,,,,,,,,,,,,,,,,,,,,,,,,,,,,,,,,,,,,,,,,,,,TN,,,,,,,,,,
mozilla-beta,4168539,13,b83612eacaf8eff6c5b8a31215809a39b157f6fb,linux1804-64-shippable-qr,True,False,,|f|i|s|s|i|o|n| |w|a|r|m| |w|e|b|r|e|n|d|e|r|,102210fe594ee9b33d82058545b1ed14f4c8206e,loadtime,nytimes,True,nytimes loadtime opt fission warm webrender,,6,ms,firefox,,1749884139,2023-09-03 18:02:19,1048.8,cb4458e15206391eeeed111562f9a786e4253c5c,1295080,,,,,,,,,,,,,,,,,,,,,,,,,,,,,,,,,,,,,,,,,,,,,,,,,,TN,,,,,,,,,,
mozilla-beta,4168539,13,b83612eacaf8eff6c5b8a31215809a39b157f6fb,linux1804-64-shippable-qr,True,False,,|f|i|s|s|i|o|n| |w|a|r|m| |w|e|b|r|e|n|d|e|r|,102210fe594ee9b33d82058545b1ed14f4c8206e,loadtime,nytimes,True,nytimes loadtime opt fission warm webrender,,6,ms,firefox,,1750163889,2023-09-04 10:55:38,1045.2,9cf13283af3f62be7d96fb8820adb77b34e50f7d,1295255,,,,,,,,,,,,,,,,,,,,,,,,,,,,,,,,,,,,,,,,,,,,,,,,,,TN,,,,,,,,,,
mozilla-beta,4168539,13,b83612eacaf8eff6c5b8a31215809a39b157f6fb,linux1804-64-shippable-qr,True,False,,|f|i|s|s|i|o|n| |w|a|r|m| |w|e|b|r|e|n|d|e|r|,102210fe594ee9b33d82058545b1ed14f4c8206e,loadtime,nytimes,True,nytimes loadtime opt fission warm webrender,,6,ms,firefox,,1750217275,2023-09-04 12:18:03,1048.8,bc7cc180eaecceec758abbbce4a999eb99f759a9,1295288,,,,,,,,,,,,,,,,,,,,,,,,,,,,,,,,,,,,,,,,,,,,,,,,,,TN,,,,,,,,,,
mozilla-beta,4168539,13,b83612eacaf8eff6c5b8a31215809a39b157f6fb,linux1804-64-shippable-qr,True,False,,|f|i|s|s|i|o|n| |w|a|r|m| |w|e|b|r|e|n|d|e|r|,102210fe594ee9b33d82058545b1ed14f4c8206e,loadtime,nytimes,True,nytimes loadtime opt fission warm webrender,,6,ms,firefox,,1750305366,2023-09-04 18:05:52,1051.1,807ac900b376514e4ba55d5a926de27f55bd8153,1295382,,,,,,,,,,,,,,,,,,,,,,,,,,,,,,,,,,,,,,,,,,,,,,,,,,TN,,,,,,,,,,
mozilla-beta,4168539,13,b83612eacaf8eff6c5b8a31215809a39b157f6fb,linux1804-64-shippable-qr,True,False,,|f|i|s|s|i|o|n| |w|a|r|m| |w|e|b|r|e|n|d|e|r|,102210fe594ee9b33d82058545b1ed14f4c8206e,loadtime,nytimes,True,nytimes loadtime opt fission warm webrender,,6,ms,firefox,,1750531239,2023-09-05 08:42:26,1061.9,900e63a91516e26eb08c29cf32f0212c923e8fe0,1295556,,,,,,,,,,,,,,,,,,,,,,,,,,,,,,,,,,,,,,,,,,,,,,,,,,TN,,,,,,,,,,
mozilla-beta,4168539,13,b83612eacaf8eff6c5b8a31215809a39b157f6fb,linux1804-64-shippable-qr,True,False,,|f|i|s|s|i|o|n| |w|a|r|m| |w|e|b|r|e|n|d|e|r|,102210fe594ee9b33d82058545b1ed14f4c8206e,loadtime,nytimes,True,nytimes loadtime opt fission warm webrender,,6,ms,firefox,,1750754359,2023-09-05 17:59:53,1058.1,d67b22c7454dffe256c8e85d18b7909575fae829,1295860,,,,,,,,,,,,,,,,,,,,,,,,,,,,,,,,,,,,,,,,,,,,,,,,,,TN,,,,,,,,,,
mozilla-beta,4168539,13,b83612eacaf8eff6c5b8a31215809a39b157f6fb,linux1804-64-shippable-qr,True,False,,|f|i|s|s|i|o|n| |w|a|r|m| |w|e|b|r|e|n|d|e|r|,102210fe594ee9b33d82058545b1ed14f4c8206e,loadtime,nytimes,True,nytimes loadtime opt fission warm webrender,,6,ms,firefox,,1751156614,2023-09-06 09:15:15,1060.7,49565181b8c4ade31ef41ad72498fa2777f6d906,1296259,,,,,,,,,,,,,,,,,,,,,,,,,,,,,,,,,,,,,,,,,,,,,,,,,,TN,,,,,,,,,,
mozilla-beta,4168539,13,b83612eacaf8eff6c5b8a31215809a39b157f6fb,linux1804-64-shippable-qr,True,False,,|f|i|s|s|i|o|n| |w|a|r|m| |w|e|b|r|e|n|d|e|r|,102210fe594ee9b33d82058545b1ed14f4c8206e,loadtime,nytimes,True,nytimes loadtime opt fission warm webrender,,6,ms,firefox,,1751299213,2023-09-06 14:00:22,1052.4,d367a07b88cc72838ae620ff5f160f8152e327e7,1296398,,,,,,,,,,,,,,,,,,,,,,,,,,,,,,,,,,,,,,,,,,,,,,,,,,TN,,,,,,,,,,
mozilla-beta,4168539,13,b83612eacaf8eff6c5b8a31215809a39b157f6fb,linux1804-64-shippable-qr,True,False,,|f|i|s|s|i|o|n| |w|a|r|m| |w|e|b|r|e|n|d|e|r|,102210fe594ee9b33d82058545b1ed14f4c8206e,loadtime,nytimes,True,nytimes loadtime opt fission warm webrender,,6,ms,firefox,,1751312011,2023-09-06 14:02:17,1062.0,744de8d56d344a2d66a3292442e397102341a435,1296400,,,,,,,,,,,,,,,,,,,,,,,,,,,,,,,,,,,,,,,,,,,,,,,,,,TN,,,,,,,,,,
mozilla-beta,4168539,13,b83612eacaf8eff6c5b8a31215809a39b157f6fb,linux1804-64-shippable-qr,True,False,,|f|i|s|s|i|o|n| |w|a|r|m| |w|e|b|r|e|n|d|e|r|,102210fe594ee9b33d82058545b1ed14f4c8206e,loadtime,nytimes,True,nytimes loadtime opt fission warm webrender,,6,ms,firefox,,1751397245,2023-09-06 18:01:29,1052.5,c2849c7826f58c7fca76587765d1d24fb1015787,1296562,,,,,,,,,,,,,,,,,,,,,,,,,,,,,,,,,,,,,,,,,,,,,,,,,,TN,,,,,,,,,,
mozilla-beta,4168539,13,b83612eacaf8eff6c5b8a31215809a39b157f6fb,linux1804-64-shippable-qr,True,False,,|f|i|s|s|i|o|n| |w|a|r|m| |w|e|b|r|e|n|d|e|r|,102210fe594ee9b33d82058545b1ed14f4c8206e,loadtime,nytimes,True,nytimes loadtime opt fission warm webrender,,6,ms,firefox,,1751762191,2023-09-07 08:55:31,1046.5,bf9fd7610de325961d2bad9677d3e0baed448827,1296941,,,,,,,,,,,,,,,,,,,,,,,,,,,,,,,,,,,,,,,,,,,,,,,,,,TN,,,,,,,,,,
mozilla-beta,4168539,13,b83612eacaf8eff6c5b8a31215809a39b157f6fb,linux1804-64-shippable-qr,True,False,,|f|i|s|s|i|o|n| |w|a|r|m| |w|e|b|r|e|n|d|e|r|,102210fe594ee9b33d82058545b1ed14f4c8206e,loadtime,nytimes,True,nytimes loadtime opt fission warm webrender,,6,ms,firefox,,1751822838,2023-09-07 12:18:53,933.6,09f20f258694586b663476774d62849ff0954bf7,1297036,,,,,,,,,,,,,,,,,,,,,,,,,,,,,,,,,,,,,,,,,,,,,,,,,,TN,,,,,,,,,,
mozilla-beta,4168539,13,b83612eacaf8eff6c5b8a31215809a39b157f6fb,linux1804-64-shippable-qr,True,False,,|f|i|s|s|i|o|n| |w|a|r|m| |w|e|b|r|e|n|d|e|r|,102210fe594ee9b33d82058545b1ed14f4c8206e,loadtime,nytimes,True,nytimes loadtime opt fission warm webrender,,6,ms,firefox,,1752036328,2023-09-07 18:02:12,1052.4,ea026adc3646e302d6a990b24e6252da4c10e9e1,1297255,,,,,,,,,,,,,,,,,,,,,,,,,,,,,,,,,,,,,,,,,,,,,,,,,,TN,,,,,,,,,,
mozilla-beta,4168539,13,b83612eacaf8eff6c5b8a31215809a39b157f6fb,linux1804-64-shippable-qr,True,False,,|f|i|s|s|i|o|n| |w|a|r|m| |w|e|b|r|e|n|d|e|r|,102210fe594ee9b33d82058545b1ed14f4c8206e,loadtime,nytimes,True,nytimes loadtime opt fission warm webrender,,6,ms,firefox,,1752391207,2023-09-08 08:23:52,1045.6,0417d5350c674d59e5118d6e34bf203ff0f07416,1297598,,,,,,,,,,,,,,,,,,,,,,,,,,,,,,,,,,,,,,,,,,,,,,,,,,TN,,,,,,,,,,
mozilla-beta,4168539,13,b83612eacaf8eff6c5b8a31215809a39b157f6fb,linux1804-64-shippable-qr,True,False,,|f|i|s|s|i|o|n| |w|a|r|m| |w|e|b|r|e|n|d|e|r|,102210fe594ee9b33d82058545b1ed14f4c8206e,loadtime,nytimes,True,nytimes loadtime opt fission warm webrender,,6,ms,firefox,,1752404496,2023-09-08 09:27:27,1072.6,68a05148e915734df7061df9340f975931bb1e71,1297629,,,,,,,,,,,,,,,,,,,,,,,,,,,,,,,,,,,,,,,,,,,,,,,,,,TN,,,,,,,,,,
mozilla-beta,4168539,13,b83612eacaf8eff6c5b8a31215809a39b157f6fb,linux1804-64-shippable-qr,True,False,,|f|i|s|s|i|o|n| |w|a|r|m| |w|e|b|r|e|n|d|e|r|,102210fe594ee9b33d82058545b1ed14f4c8206e,loadtime,nytimes,True,nytimes loadtime opt fission warm webrender,,6,ms,firefox,,1752590917,2023-09-08 14:37:17,1042.3,8f5759470cb595ea30d26735e3de45c3cb9deba2,1297802,,,,,,,,,,,,,,,,,,,,,,,,,,,,,,,,,,,,,,,,,,,,,,,,,,TN,,,,,,,,,,
mozilla-beta,4168539,13,b83612eacaf8eff6c5b8a31215809a39b157f6fb,linux1804-64-shippable-qr,True,False,,|f|i|s|s|i|o|n| |w|a|r|m| |w|e|b|r|e|n|d|e|r|,102210fe594ee9b33d82058545b1ed14f4c8206e,loadtime,nytimes,True,nytimes loadtime opt fission warm webrender,,6,ms,firefox,,1752692953,2023-09-08 18:02:35,1046.0,4a076ff52b5ab081ecc76c988f2cab0c999acddd,1297927,,,,,,,,,,,,,,,,,,,,,,,,,,,,,,,,,,,,,,,,,,,,,,,,,,TN,,,,,,,,,,
mozilla-beta,4168539,13,b83612eacaf8eff6c5b8a31215809a39b157f6fb,linux1804-64-shippable-qr,True,False,,|f|i|s|s|i|o|n| |w|a|r|m| |w|e|b|r|e|n|d|e|r|,102210fe594ee9b33d82058545b1ed14f4c8206e,loadtime,nytimes,True,nytimes loadtime opt fission warm webrender,,6,ms,firefox,,1753083518,2023-09-09 14:33:38,1052.7,b1f3a08744ebf265beb7a3b65a23c713ba6ea987,1298228,,,,,,,,,,,,,,,,,,,,,,,,,,,,,,,,,,,,,,,,,,,,,,,,,,TN,,,,,,,,,,
mozilla-beta,4168539,13,b83612eacaf8eff6c5b8a31215809a39b157f6fb,linux1804-64-shippable-qr,True,False,,|f|i|s|s|i|o|n| |w|a|r|m| |w|e|b|r|e|n|d|e|r|,102210fe594ee9b33d82058545b1ed14f4c8206e,loadtime,nytimes,True,nytimes loadtime opt fission warm webrender,,6,ms,firefox,,1753113778,2023-09-09 18:01:37,1053.9,1d174c6b1040e055846c107322548119beb23065,1298238,,,,,,,,,,,,,,,,,,,,,,,,,,,,,,,,,,,,,,,,,,,,,,,,,,TN,,,,,,,,,,
mozilla-beta,4168539,13,b83612eacaf8eff6c5b8a31215809a39b157f6fb,linux1804-64-shippable-qr,True,False,,|f|i|s|s|i|o|n| |w|a|r|m| |w|e|b|r|e|n|d|e|r|,102210fe594ee9b33d82058545b1ed14f4c8206e,loadtime,nytimes,True,nytimes loadtime opt fission warm webrender,,6,ms,firefox,,1753643189,2023-09-10 17:59:34,1041.5,a75f9619ee113907713f385f75c08ac8340ea7a1,1298321,,,,,,,,,,,,,,,,,,,,,,,,,,,,,,,,,,,,,,,,,,,,,,,,,,TN,,,,,,,,,,
mozilla-beta,4168539,13,b83612eacaf8eff6c5b8a31215809a39b157f6fb,linux1804-64-shippable-qr,True,False,,|f|i|s|s|i|o|n| |w|a|r|m| |w|e|b|r|e|n|d|e|r|,102210fe594ee9b33d82058545b1ed14f4c8206e,loadtime,nytimes,True,nytimes loadtime opt fission warm webrender,,6,ms,firefox,,1754321013,2023-09-11 18:00:35,1043.3,85df1da62717a2f0ea9e2d3fbd6379060d39dd7a,1298770,,,,,,,,,,,,,,,,,,,,,,,,,,,,,,,,,,,,,,,,,,,,,,,,,,TN,,,,,,,,,,
mozilla-beta,4168539,13,b83612eacaf8eff6c5b8a31215809a39b157f6fb,linux1804-64-shippable-qr,True,False,,|f|i|s|s|i|o|n| |w|a|r|m| |w|e|b|r|e|n|d|e|r|,102210fe594ee9b33d82058545b1ed14f4c8206e,loadtime,nytimes,True,nytimes loadtime opt fission warm webrender,,6,ms,firefox,,1754483711,2023-09-12 01:33:58,1036.4,012efaa3025f28b8ee14042807c680e361f955d9,1298957,,,,,,,,,,,,,,,,,,,,,,,,,,,,,,,,,,,,,,,,,,,,,,,,,,TN,,,,,,,,,,
mozilla-beta,4168539,13,b83612eacaf8eff6c5b8a31215809a39b157f6fb,linux1804-64-shippable-qr,True,False,,|f|i|s|s|i|o|n| |w|a|r|m| |w|e|b|r|e|n|d|e|r|,102210fe594ee9b33d82058545b1ed14f4c8206e,loadtime,nytimes,True,nytimes loadtime opt fission warm webrender,,6,ms,firefox,,1754676506,2023-09-12 09:08:04,1051.2,339422d06ac0b44eef14a6d0e510b2c8beac74e6,1299055,,,,,,,,,,,,,,,,,,,,,,,,,,,,,,,,,,,,,,,,,,,,,,,,,,TN,,,,,,,,,,
mozilla-beta,4168539,13,b83612eacaf8eff6c5b8a31215809a39b157f6fb,linux1804-64-shippable-qr,True,False,,|f|i|s|s|i|o|n| |w|a|r|m| |w|e|b|r|e|n|d|e|r|,102210fe594ee9b33d82058545b1ed14f4c8206e,loadtime,nytimes,True,nytimes loadtime opt fission warm webrender,,6,ms,firefox,,1754841689,2023-09-12 13:16:28,1045.2,c48cbb09678ed2c9a0a51fc61520602070cd42cd,1299153,,,,,,,,,,,,,,,,,,,,,,,,,,,,,,,,,,,,,,,,,,,,,,,,,,TN,,,,,,,,,,
mozilla-beta,4168539,13,b83612eacaf8eff6c5b8a31215809a39b157f6fb,linux1804-64-shippable-qr,True,False,,|f|i|s|s|i|o|n| |w|a|r|m| |w|e|b|r|e|n|d|e|r|,102210fe594ee9b33d82058545b1ed14f4c8206e,loadtime,nytimes,True,nytimes loadtime opt fission warm webrender,,6,ms,firefox,,1755002986,2023-09-12 17:59:28,1048.3,60f49456a1d32be44cc3fa2fdb65b8276c2e10da,1299300,,,,,,,,,,,,,,,,,,,,,,,,,,,,,,,,,,,,,,,,,,,,,,,,,,TN,,,,,,,,,,
mozilla-beta,4168539,13,b83612eacaf8eff6c5b8a31215809a39b157f6fb,linux1804-64-shippable-qr,True,False,,|f|i|s|s|i|o|n| |w|a|r|m| |w|e|b|r|e|n|d|e|r|,102210fe594ee9b33d82058545b1ed14f4c8206e,loadtime,nytimes,True,nytimes loadtime opt fission warm webrender,,6,ms,firefox,,1755631291,2023-09-13 16:12:36,1044.8,afc0d34aed5f66ac43143c5868a0c280f5d5e523,1299827,,,,,,,,,,,,,,,,,,,,,,,,,,,,,,,,,,,,,,,,,,,,,,,,,,TN,,,,,,,,,,
mozilla-beta,4168539,13,b83612eacaf8eff6c5b8a31215809a39b157f6fb,linux1804-64-shippable-qr,True,False,,|f|i|s|s|i|o|n| |w|a|r|m| |w|e|b|r|e|n|d|e|r|,102210fe594ee9b33d82058545b1ed14f4c8206e,loadtime,nytimes,True,nytimes loadtime opt fission warm webrender,,6,ms,firefox,,1755787523,2023-09-13 18:01:47,1083.7,da7c1c4fbd52add0445ce7e06b7ed513fdf9b518,1299914,,,,,,,,,,,,,,,,,,,,,,,,,,,,,,,,,,,,,,,,,,,,,,,,,,TN,,,,,,,,,,
mozilla-beta,4168539,13,b83612eacaf8eff6c5b8a31215809a39b157f6fb,linux1804-64-shippable-qr,True,False,,|f|i|s|s|i|o|n| |w|a|r|m| |w|e|b|r|e|n|d|e|r|,102210fe594ee9b33d82058545b1ed14f4c8206e,loadtime,nytimes,True,nytimes loadtime opt fission warm webrender,,6,ms,firefox,,1756281077,2023-09-14 09:48:47,1040.5,cb5563d143c9a6e5f347ae0e8dbd6d64da27e6d2,1300320,,,,,,,,,,,,,,,,,,,,,,,,,,,,,,,,,,,,,,,,,,,,,,,,,,TN,,,,,,,,,,
mozilla-beta,4168539,13,b83612eacaf8eff6c5b8a31215809a39b157f6fb,linux1804-64-shippable-qr,True,False,,|f|i|s|s|i|o|n| |w|a|r|m| |w|e|b|r|e|n|d|e|r|,102210fe594ee9b33d82058545b1ed14f4c8206e,loadtime,nytimes,True,nytimes loadtime opt fission warm webrender,,6,ms,firefox,,1756393713,2023-09-14 12:23:01,1051.6,fcddac3e2624e7598033e29e46487dc70d43b78d,1300406,,,,,,,,,,,,,,,,,,,,,,,,,,,,,,,,,,,,,,,,,,,,,,,,,,TN,,,,,,,,,,
mozilla-beta,4168539,13,b83612eacaf8eff6c5b8a31215809a39b157f6fb,linux1804-64-shippable-qr,True,False,,|f|i|s|s|i|o|n| |w|a|r|m| |w|e|b|r|e|n|d|e|r|,102210fe594ee9b33d82058545b1ed14f4c8206e,loadtime,nytimes,True,nytimes loadtime opt fission warm webrender,,6,ms,firefox,,1756488244,2023-09-14 15:23:47,1052.9,167be896a8f296a5e540208b4a21b4268fcfe04a,1300510,,,,,,,,,,,,,,,,,,,,,,,,,,,,,,,,,,,,,,,,,,,,,,,,,,TN,,,,,,,,,,
mozilla-beta,4168539,13,b83612eacaf8eff6c5b8a31215809a39b157f6fb,linux1804-64-shippable-qr,True,False,,|f|i|s|s|i|o|n| |w|a|r|m| |w|e|b|r|e|n|d|e|r|,102210fe594ee9b33d82058545b1ed14f4c8206e,loadtime,nytimes,True,nytimes loadtime opt fission warm webrender,,6,ms,firefox,,1756516160,2023-09-14 16:08:26,1048.8,107fd46b25d1b286078ee8ff22b7b53e0d67c6f6,1300536,,,,,,,,,,,,,,,,,,,,,,,,,,,,,,,,,,,,,,,,,,,,,,,,,,TN,,,,,,,,,,
mozilla-beta,4168539,13,b83612eacaf8eff6c5b8a31215809a39b157f6fb,linux1804-64-shippable-qr,True,False,,|f|i|s|s|i|o|n| |w|a|r|m| |w|e|b|r|e|n|d|e|r|,102210fe594ee9b33d82058545b1ed14f4c8206e,loadtime,nytimes,True,nytimes loadtime opt fission warm webrender,,6,ms,firefox,,1756575259,2023-09-14 18:00:32,1042.6,da576bd73ddbbbcd645403b2c20538f00225e55d,1300604,,,,,,,,,,,,,,,,,,,,,,,,,,,,,,,,,,,,,,,,,,,,,,,,,,TN,,,,,,,,,,
mozilla-beta,4168539,13,b83612eacaf8eff6c5b8a31215809a39b157f6fb,linux1804-64-shippable-qr,True,False,,|f|i|s|s|i|o|n| |w|a|r|m| |w|e|b|r|e|n|d|e|r|,102210fe594ee9b33d82058545b1ed14f4c8206e,loadtime,nytimes,True,nytimes loadtime opt fission warm webrender,,6,ms,firefox,,1757124969,2023-09-15 12:36:32,1050.1,f67d03cc1c6635e4823cedbf06bc676f3fdc8b97,1301078,,,,,,,,,,,,,,,,,,,,,,,,,,,,,,,,,,,,,,,,,,,,,,,,,,TN,,,,,,,,,,
mozilla-beta,4168539,13,b83612eacaf8eff6c5b8a31215809a39b157f6fb,linux1804-64-shippable-qr,True,False,,|f|i|s|s|i|o|n| |w|a|r|m| |w|e|b|r|e|n|d|e|r|,102210fe594ee9b33d82058545b1ed14f4c8206e,loadtime,nytimes,True,nytimes loadtime opt fission warm webrender,,6,ms,firefox,,1757281128,2023-09-15 17:59:24,1043.5,6684af595d9e752a7dd448a76e51615254fc443e,1301325,,,,,,,,,,,,,,,,,,,,,,,,,,,,,,,,,,,,,,,,,,,,,,,,,,TN,,,,,,,,,,
mozilla-beta,4168539,13,b83612eacaf8eff6c5b8a31215809a39b157f6fb,linux1804-64-shippable-qr,True,False,,|f|i|s|s|i|o|n| |w|a|r|m| |w|e|b|r|e|n|d|e|r|,102210fe594ee9b33d82058545b1ed14f4c8206e,loadtime,nytimes,True,nytimes loadtime opt fission warm webrender,,6,ms,firefox,,1757694791,2023-09-16 17:59:47,1049.0,b37b425144f176cd814a9ae72a0296c56939cf3f,1301605,,,,,,,,,,,,,,,,,,,,,,,,,,,,,,,,,,,,,,,,,,,,,,,,,,TN,,,,,,,,,,
mozilla-beta,4168539,13,b83612eacaf8eff6c5b8a31215809a39b157f6fb,linux1804-64-shippable-qr,True,False,,|f|i|s|s|i|o|n| |w|a|r|m| |w|e|b|r|e|n|d|e|r|,102210fe594ee9b33d82058545b1ed14f4c8206e,loadtime,nytimes,True,nytimes loadtime opt fission warm webrender,,6,ms,firefox,,1757829165,2023-09-17 08:58:12,1043.1,3b6b652d2e6a615905dab898689a937a81499980,1301652,,,,,,,,,,,,,,,,,,,,,,,,,,,,,,,,,,,,,,,,,,,,,,,,,,TN,,,,,,,,,,
mozilla-beta,4168539,13,b83612eacaf8eff6c5b8a31215809a39b157f6fb,linux1804-64-shippable-qr,True,False,,|f|i|s|s|i|o|n| |w|a|r|m| |w|e|b|r|e|n|d|e|r|,102210fe594ee9b33d82058545b1ed14f4c8206e,loadtime,nytimes,True,nytimes loadtime opt fission warm webrender,,6,ms,firefox,,1757893153,2023-09-17 11:54:43,1043.1,0ecbbcbc23335bfea2af64383cdd8efdb6cab735,1301659,,,,,,,,,,,,,,,,,,,,,,,,,,,,,,,,,,,,,,,,,,,,,,,,,,TN,,,,,,,,,,
mozilla-beta,4168539,13,b83612eacaf8eff6c5b8a31215809a39b157f6fb,linux1804-64-shippable-qr,True,False,,|f|i|s|s|i|o|n| |w|a|r|m| |w|e|b|r|e|n|d|e|r|,102210fe594ee9b33d82058545b1ed14f4c8206e,loadtime,nytimes,True,nytimes loadtime opt fission warm webrender,,6,ms,firefox,,1757940697,2023-09-17 18:02:18,1035.6,82a37e47cfa778e2c05294ece1ae4d81e0aa5aaf,1301672,,,,,,,,,,,,,,,,,,,,,,,,,,,,,,,,,,,,,,,,,,,,,,,,,,TN,,,,,,,,,,
mozilla-beta,4168539,13,b83612eacaf8eff6c5b8a31215809a39b157f6fb,linux1804-64-shippable-qr,True,False,,|f|i|s|s|i|o|n| |w|a|r|m| |w|e|b|r|e|n|d|e|r|,102210fe594ee9b33d82058545b1ed14f4c8206e,loadtime,nytimes,True,nytimes loadtime opt fission warm webrender,,6,ms,firefox,,1758109946,2023-09-18 07:34:42,1045.1,0b69611582d97f84f43d1ee9de0aa36defae0633,1301756,,,,,,,,,,,,,,,,,,,,,,,,,,,,,,,,,,,,,,,,,,,,,,,,,,TN,,,,,,,,,,
mozilla-beta,4168539,13,b83612eacaf8eff6c5b8a31215809a39b157f6fb,linux1804-64-shippable-qr,True,False,,|f|i|s|s|i|o|n| |w|a|r|m| |w|e|b|r|e|n|d|e|r|,102210fe594ee9b33d82058545b1ed14f4c8206e,loadtime,nytimes,True,nytimes loadtime opt fission warm webrender,,6,ms,firefox,,1758131838,2023-09-18 07:59:31,1034.1,899c187a45b8e9eee5cddc89c76d3c888b023621,1301765,,,,,,,,,,,,,,,,,,,,,,,,,,,,,,,,,,,,,,,,,,,,,,,,,,TN,,,,,,,,,,
mozilla-beta,4168539,13,b83612eacaf8eff6c5b8a31215809a39b157f6fb,linux1804-64-shippable-qr,True,False,,|f|i|s|s|i|o|n| |w|a|r|m| |w|e|b|r|e|n|d|e|r|,102210fe594ee9b33d82058545b1ed14f4c8206e,loadtime,nytimes,True,nytimes loadtime opt fission warm webrender,,6,ms,firefox,,1758251172,2023-09-18 11:42:33,1041.5,45c770ff73e393c4ca15eb188d0b68d3ee091ad8,1301885,,,,,,,,,,,,,,,,,,,,,,,,,,,,,,,,,,,,,,,,,,,,,,,,,,TN,,,,,,,,,,
mozilla-beta,4168539,13,b83612eacaf8eff6c5b8a31215809a39b157f6fb,linux1804-64-shippable-qr,True,False,,|f|i|s|s|i|o|n| |w|a|r|m| |w|e|b|r|e|n|d|e|r|,102210fe594ee9b33d82058545b1ed14f4c8206e,loadtime,nytimes,True,nytimes loadtime opt fission warm webrender,,6,ms,firefox,,1761866783,2023-09-25 13:24:00,1049.3,704d786ef571a57be79a4e8bbf4b3d348da4a6af,1305837,,,,,,,,,,,,,,,,,,,,,,,,,,,,,,,,,,,,,,,,,,,,,,,,,,TN,,,,,,,,,,
mozilla-beta,4168539,13,b83612eacaf8eff6c5b8a31215809a39b157f6fb,linux1804-64-shippable-qr,True,False,,|f|i|s|s|i|o|n| |w|a|r|m| |w|e|b|r|e|n|d|e|r|,102210fe594ee9b33d82058545b1ed14f4c8206e,loadtime,nytimes,True,nytimes loadtime opt fission warm webrender,,6,ms,firefox,,1762308397,2023-09-26 09:15:49,1039.3,fe05057336fb6f145784f7b6f7f989244c228925,1306480,,,,,,,,,,,,,,,,,,,,,,,,,,,,,,,,,,,,,,,,,,,,,,,,,,TN,,,,,,,,,,
mozilla-beta,4168539,13,b83612eacaf8eff6c5b8a31215809a39b157f6fb,linux1804-64-shippable-qr,True,False,,|f|i|s|s|i|o|n| |w|a|r|m| |w|e|b|r|e|n|d|e|r|,102210fe594ee9b33d82058545b1ed14f4c8206e,loadtime,nytimes,True,nytimes loadtime opt fission warm webrender,,6,ms,firefox,,1762719135,2023-09-26 22:39:03,1042.0,09d6dd43de7eee4f04ef855c161b062d76953ffb,1307042,,,,,,,,,,,,,,,,,,,,,,,,,,,,,,,,,,,,,,,,,,,,,,,,,,TN,,,,,,,,,,
mozilla-beta,4168539,13,b83612eacaf8eff6c5b8a31215809a39b157f6fb,linux1804-64-shippable-qr,True,False,,|f|i|s|s|i|o|n| |w|a|r|m| |w|e|b|r|e|n|d|e|r|,102210fe594ee9b33d82058545b1ed14f4c8206e,loadtime,nytimes,True,nytimes loadtime opt fission warm webrender,,6,ms,firefox,,1762758830,2023-09-27 02:39:08,1048.3,32c9429bb1b909628b4702be4abf30d1c8ef9213,1307113,,,,,,,,,,,,,,,,,,,,,,,,,,,,,,,,,,,,,,,,,,,,,,,,,,TN,,,,,,,,,,
mozilla-beta,4168539,13,b83612eacaf8eff6c5b8a31215809a39b157f6fb,linux1804-64-shippable-qr,True,False,,|f|i|s|s|i|o|n| |w|a|r|m| |w|e|b|r|e|n|d|e|r|,102210fe594ee9b33d82058545b1ed14f4c8206e,loadtime,nytimes,True,nytimes loadtime opt fission warm webrender,,6,ms,firefox,,1762931063,2023-09-27 09:15:17,1045.4,6b3b2f0defd0129f296da601815862ec420c2a8d,1307246,,,,,,,,,,,,,,,,,,,,,,,,,,,,,,,,,,,,,,,,,,,,,,,,,,TN,,,,,,,,,,
mozilla-beta,4168539,13,b83612eacaf8eff6c5b8a31215809a39b157f6fb,linux1804-64-shippable-qr,True,False,,|f|i|s|s|i|o|n| |w|a|r|m| |w|e|b|r|e|n|d|e|r|,102210fe594ee9b33d82058545b1ed14f4c8206e,loadtime,nytimes,True,nytimes loadtime opt fission warm webrender,,6,ms,firefox,,1763340499,2023-09-27 18:36:07,1029.5,3d23401ea6ed6463f47303edd5a9e6a98f919ac6,1307615,,,,,,,,,,,,,,,,,,,,,,,,,,,,,,,,,,,,,,,,,,,,,,,,,,TN,,,,,,,,,,
mozilla-beta,4168539,13,b83612eacaf8eff6c5b8a31215809a39b157f6fb,linux1804-64-shippable-qr,True,False,,|f|i|s|s|i|o|n| |w|a|r|m| |w|e|b|r|e|n|d|e|r|,102210fe594ee9b33d82058545b1ed14f4c8206e,loadtime,nytimes,True,nytimes loadtime opt fission warm webrender,,6,ms,firefox,,1763362016,2023-09-27 18:57:18,1033.9,f77957643f474632b5a0c5f5b603c22b648cf284,1307635,,,,,,,,,,,,,,,,,,,,,,,,,,,,,,,,,,,,,,,,,,,,,,,,,,TN,,,,,,,,,,
mozilla-beta,4168539,13,b83612eacaf8eff6c5b8a31215809a39b157f6fb,linux1804-64-shippable-qr,True,False,,|f|i|s|s|i|o|n| |w|a|r|m| |w|e|b|r|e|n|d|e|r|,102210fe594ee9b33d82058545b1ed14f4c8206e,loadtime,nytimes,True,nytimes loadtime opt fission warm webrender,,6,ms,firefox,,1763495145,2023-09-27 23:22:04,1083.9,0862c284dac061ce42712be1910f7b2fbe48c764,1307774,,,,,,,,,,,,,,,,,,,,,,,,,,,,,,,,,,,,,,,,,,,,,,,,,,TN,,,,,,,,,,
mozilla-beta,4168539,13,b83612eacaf8eff6c5b8a31215809a39b157f6fb,linux1804-64-shippable-qr,True,False,,|f|i|s|s|i|o|n| |w|a|r|m| |w|e|b|r|e|n|d|e|r|,102210fe594ee9b33d82058545b1ed14f4c8206e,loadtime,nytimes,True,nytimes loadtime opt fission warm webrender,,6,ms,firefox,,1763841869,2023-09-28 09:16:00,1043.5,dbfa6f744d1fcb031f3482c02ca9b6a93d17c6f6,1307948,,,,,,,,,,,,,,,,,,,,,,,,,,,,,,,,,,,,,,,,,,,,,,,,,,TN,,,,,,,,,,
mozilla-beta,4168539,13,b83612eacaf8eff6c5b8a31215809a39b157f6fb,linux1804-64-shippable-qr,True,False,,|f|i|s|s|i|o|n| |w|a|r|m| |w|e|b|r|e|n|d|e|r|,102210fe594ee9b33d82058545b1ed14f4c8206e,loadtime,nytimes,True,nytimes loadtime opt fission warm webrender,,6,ms,firefox,,1764046750,2023-09-28 15:32:59,1032.0,cf8ed8eb3f4fab77d2d8a7c4afda31b39e7422aa,1308174,,,,,,,,,,,,,,,,,,,,,,,,,,,,,,,,,,,,,,,,,,,,,,,,,,TN,,,,,,,,,,
mozilla-beta,4168539,13,b83612eacaf8eff6c5b8a31215809a39b157f6fb,linux1804-64-shippable-qr,True,False,,|f|i|s|s|i|o|n| |w|a|r|m| |w|e|b|r|e|n|d|e|r|,102210fe594ee9b33d82058545b1ed14f4c8206e,loadtime,nytimes,True,nytimes loadtime opt fission warm webrender,,6,ms,firefox,,1764039724,2023-09-28 15:47:16,1047.7,c225843f670a40bb285d0934cdd28748011db546,1308188,,,,,,,,,,,,,,,,,,,,,,,,,,,,,,,,,,,,,,,,,,,,,,,,,,TN,,,,,,,,,,
mozilla-beta,4168539,13,b83612eacaf8eff6c5b8a31215809a39b157f6fb,linux1804-64-shippable-qr,True,False,,|f|i|s|s|i|o|n| |w|a|r|m| |w|e|b|r|e|n|d|e|r|,102210fe594ee9b33d82058545b1ed14f4c8206e,loadtime,nytimes,True,nytimes loadtime opt fission warm webrender,,6,ms,firefox,,1764097973,2023-09-28 16:33:19,1049.3,714ad1ecc496dbc1e0316ef32f004e3594afae4c,1308221,,,,,,,,,,,,,,,,,,,,,,,,,,,,,,,,,,,,,,,,,,,,,,,,,,TN,,,,,,,,,,
mozilla-beta,4168539,13,b83612eacaf8eff6c5b8a31215809a39b157f6fb,linux1804-64-shippable-qr,True,False,,|f|i|s|s|i|o|n| |w|a|r|m| |w|e|b|r|e|n|d|e|r|,102210fe594ee9b33d82058545b1ed14f4c8206e,loadtime,nytimes,True,nytimes loadtime opt fission warm webrender,,6,ms,firefox,,1764169730,2023-09-28 19:13:44,1043.4,1a41a118193dc3ad19c04b3da34ba9f08b5f4b2e,1308369,,,,,,,,,,,,,,,,,,,,,,,,,,,,,,,,,,,,,,,,,,,,,,,,,,TN,,,,,,,,,,
mozilla-beta,4168539,13,b83612eacaf8eff6c5b8a31215809a39b157f6fb,linux1804-64-shippable-qr,True,False,,|f|i|s|s|i|o|n| |w|a|r|m| |w|e|b|r|e|n|d|e|r|,102210fe594ee9b33d82058545b1ed14f4c8206e,loadtime,nytimes,True,nytimes loadtime opt fission warm webrender,,6,ms,firefox,,1764598856,2023-09-29 09:14:27,1039.9,fe5fec8379780f7d83aea22168af4bb524933291,1308654,,,,,,,,,,,,,,,,,,,,,,,,,,,,,,,,,,,,,,,,,,,,,,,,,,TN,,,,,,,,,,
mozilla-beta,4168539,13,b83612eacaf8eff6c5b8a31215809a39b157f6fb,linux1804-64-shippable-qr,True,False,,|f|i|s|s|i|o|n| |w|a|r|m| |w|e|b|r|e|n|d|e|r|,102210fe594ee9b33d82058545b1ed14f4c8206e,loadtime,nytimes,True,nytimes loadtime opt fission warm webrender,,6,ms,firefox,,1764954532,2023-09-29 16:56:36,1033.2,4fe46642b1666df19776b293ae514a8645de5d22,1308862,,,,,,,,,,,,,,,,,,,,,,,,,,,,,,,,,,,,,,,,,,,,,,,,,,TN,,,,,,,,,,
mozilla-beta,4168539,13,b83612eacaf8eff6c5b8a31215809a39b157f6fb,linux1804-64-shippable-qr,True,False,,|f|i|s|s|i|o|n| |w|a|r|m| |w|e|b|r|e|n|d|e|r|,102210fe594ee9b33d82058545b1ed14f4c8206e,loadtime,nytimes,True,nytimes loadtime opt fission warm webrender,,6,ms,firefox,,1764950015,2023-09-29 17:03:59,1031.1,5f7680e645eebc437f78cdeed1261c0cfb2579cf,1308871,,,,,,,,,,,,,,,,,,,,,,,,,,,,,,,,,,,,,,,,,,,,,,,,,,TN,,,,,,,,,,
mozilla-beta,4168539,13,b83612eacaf8eff6c5b8a31215809a39b157f6fb,linux1804-64-shippable-qr,True,False,,|f|i|s|s|i|o|n| |w|a|r|m| |w|e|b|r|e|n|d|e|r|,102210fe594ee9b33d82058545b1ed14f4c8206e,loadtime,nytimes,True,nytimes loadtime opt fission warm webrender,,6,ms,firefox,,1764982368,2023-09-29 18:35:51,1038.9,f112373c55ecd1ae5179e07fab55605a7bfe0d0b,1308924,,,,,,,,,,,,,,,,,,,,,,,,,,,,,,,,,,,,,,,,,,,,,,,,,,TN,,,,,,,,,,
mozilla-beta,4168539,13,b83612eacaf8eff6c5b8a31215809a39b157f6fb,linux1804-64-shippable-qr,True,False,,|f|i|s|s|i|o|n| |w|a|r|m| |w|e|b|r|e|n|d|e|r|,102210fe594ee9b33d82058545b1ed14f4c8206e,loadtime,nytimes,True,nytimes loadtime opt fission warm webrender,,6,ms,firefox,,1765249932,2023-09-30 09:18:18,1045.5,c29dafbae797813b78752227e769dffacec3830d,1309097,,,,,,,,,,,,,,,,,,,,,,,,,,,,,,,,,,,,,,,,,,,,,,,,,,TN,,,,,,,,,,
mozilla-beta,4168539,13,b83612eacaf8eff6c5b8a31215809a39b157f6fb,linux1804-64-shippable-qr,True,False,,|f|i|s|s|i|o|n| |w|a|r|m| |w|e|b|r|e|n|d|e|r|,102210fe594ee9b33d82058545b1ed14f4c8206e,loadtime,nytimes,True,nytimes loadtime opt fission warm webrender,,6,ms,firefox,,1765479202,2023-10-01 09:15:55,1051.2,75b5edb9dd8c6ea1ed868362b8ed8afff4377b7f,1309193,,,,,,,,,,,,,,,,,,,,,,,,,,,,,,,,,,,,,,,,,,,,,,,,,,TN,,,,,,,,,,
mozilla-beta,4168539,13,b83612eacaf8eff6c5b8a31215809a39b157f6fb,linux1804-64-shippable-qr,True,False,,|f|i|s|s|i|o|n| |w|a|r|m| |w|e|b|r|e|n|d|e|r|,102210fe594ee9b33d82058545b1ed14f4c8206e,loadtime,nytimes,True,nytimes loadtime opt fission warm webrender,,6,ms,firefox,,1765528009,2023-10-01 13:43:42,1049.2,79a4e78796384c8776f2b76178b4017d09e31fd4,1309232,,,,,,,,,,,,,,,,,,,,,,,,,,,,,,,,,,,,,,,,,,,,,,,,,,TN,,,,,,,,,,
mozilla-beta,4168539,13,b83612eacaf8eff6c5b8a31215809a39b157f6fb,linux1804-64-shippable-qr,True,False,,|f|i|s|s|i|o|n| |w|a|r|m| |w|e|b|r|e|n|d|e|r|,102210fe594ee9b33d82058545b1ed14f4c8206e,loadtime,nytimes,True,nytimes loadtime opt fission warm webrender,,6,ms,firefox,,1765799275,2023-10-02 09:17:55,1046.6,dd5c4288e5758af7fc35f71c3129bd1eda767278,1309401,,,,,,,,,,,,,,,,,,,,,,,,,,,,,,,,,,,,,,,,,,,,,,,,,,TN,,,,,,,,,,
mozilla-beta,4168539,13,b83612eacaf8eff6c5b8a31215809a39b157f6fb,linux1804-64-shippable-qr,True,False,,|f|i|s|s|i|o|n| |w|a|r|m| |w|e|b|r|e|n|d|e|r|,102210fe594ee9b33d82058545b1ed14f4c8206e,loadtime,nytimes,True,nytimes loadtime opt fission warm webrender,,6,ms,firefox,,1765946740,2023-10-02 13:51:16,1042.0,c8e8ea275a5a3f33358dcf77b50088ddf09f7e9b,1309578,,,,,,,,,,,,,,,,,,,,,,,,,,,,,,,,,,,,,,,,,,,,,,,,,,TN,,,,,,,,,,
mozilla-beta,4168539,13,b83612eacaf8eff6c5b8a31215809a39b157f6fb,linux1804-64-shippable-qr,True,False,,|f|i|s|s|i|o|n| |w|a|r|m| |w|e|b|r|e|n|d|e|r|,102210fe594ee9b33d82058545b1ed14f4c8206e,loadtime,nytimes,True,nytimes loadtime opt fission warm webrender,,6,ms,firefox,,1766232838,2023-10-02 20:49:05,1046.8,e5bffcfa00f5c8cd1e394ac1131fb1e3ca2a3b56,1309873,,,,,,,,,,,,,,,,,,,,,,,,,,,,,,,,,,,,,,,,,,,,,,,,,,TN,,,,,,,,,,
mozilla-beta,4168539,13,b83612eacaf8eff6c5b8a31215809a39b157f6fb,linux1804-64-shippable-qr,True,False,,|f|i|s|s|i|o|n| |w|a|r|m| |w|e|b|r|e|n|d|e|r|,102210fe594ee9b33d82058545b1ed14f4c8206e,loadtime,nytimes,True,nytimes loadtime opt fission warm webrender,,6,ms,firefox,,1766600973,2023-10-03 09:17:20,1039.0,205eb2c4bf7e71d495ab61be1d40f9ea2671340b,1310189,,,,,,,,,,,,,,,,,,,,,,,,,,,,,,,,,,,,,,,,,,,,,,,,,,TN,,,,,,,,,,
mozilla-beta,4168539,13,b83612eacaf8eff6c5b8a31215809a39b157f6fb,linux1804-64-shippable-qr,True,False,,|f|i|s|s|i|o|n| |w|a|r|m| |w|e|b|r|e|n|d|e|r|,102210fe594ee9b33d82058545b1ed14f4c8206e,loadtime,nytimes,True,nytimes loadtime opt fission warm webrender,,6,ms,firefox,,1766774951,2023-10-03 12:49:30,1041.1,118184ccfcd830d8977a794dd26064b3accc58a2,1310283,,,,,,,,,,,,,,,,,,,,,,,,,,,,,,,,,,,,,,,,,,,,,,,,,,TN,,,,,,,,,,
mozilla-beta,4168539,13,b83612eacaf8eff6c5b8a31215809a39b157f6fb,linux1804-64-shippable-qr,True,False,,|f|i|s|s|i|o|n| |w|a|r|m| |w|e|b|r|e|n|d|e|r|,102210fe594ee9b33d82058545b1ed14f4c8206e,loadtime,nytimes,True,nytimes loadtime opt fission warm webrender,,6,ms,firefox,,1767163874,2023-10-04 00:57:47,1044.2,aae1c545bad65ea0147bb9c3d884c5d0d1ebcfa2,1310719,,,,,,,,,,,,,,,,,,,,,,,,,,,,,,,,,,,,,,,,,,,,,,,,,,TN,,,,,,,,,,
mozilla-beta,4168539,13,b83612eacaf8eff6c5b8a31215809a39b157f6fb,linux1804-64-shippable-qr,True,False,,|f|i|s|s|i|o|n| |w|a|r|m| |w|e|b|r|e|n|d|e|r|,102210fe594ee9b33d82058545b1ed14f4c8206e,loadtime,nytimes,True,nytimes loadtime opt fission warm webrender,,6,ms,firefox,,1767178221,2023-10-04 01:13:33,1048.2,20072380b395934aebb21065fe4a360ae9ca1e5a,1310722,,,,,,,,,,,,,,,,,,,,,,,,,,,,,,,,,,,,,,,,,,,,,,,,,,TN,,,,,,,,,,
mozilla-beta,4168539,13,b83612eacaf8eff6c5b8a31215809a39b157f6fb,linux1804-64-shippable-qr,True,False,,|f|i|s|s|i|o|n| |w|a|r|m| |w|e|b|r|e|n|d|e|r|,102210fe594ee9b33d82058545b1ed14f4c8206e,loadtime,nytimes,True,nytimes loadtime opt fission warm webrender,,6,ms,firefox,,1767216044,2023-10-04 02:01:13,1036.4,9bb86c200658a7dc1d44f05d5275db9c605599f3,1310732,,,,,,,,,,,,,,,,,,,,,,,,,,,,,,,,,,,,,,,,,,,,,,,,,,TN,,,,,,,,,,
mozilla-beta,4168539,13,b83612eacaf8eff6c5b8a31215809a39b157f6fb,linux1804-64-shippable-qr,True,False,,|f|i|s|s|i|o|n| |w|a|r|m| |w|e|b|r|e|n|d|e|r|,102210fe594ee9b33d82058545b1ed14f4c8206e,loadtime,nytimes,True,nytimes loadtime opt fission warm webrender,,6,ms,firefox,,1767268057,2023-10-04 04:09:15,1052.6,4794794a6bd29a17dd7a438eaecc95be72381860,1310752,,,,,,,,,,,,,,,,,,,,,,,,,,,,,,,,,,,,,,,,,,,,,,,,,,TN,,,,,,,,,,
mozilla-beta,4168539,13,b83612eacaf8eff6c5b8a31215809a39b157f6fb,linux1804-64-shippable-qr,True,False,,|f|i|s|s|i|o|n| |w|a|r|m| |w|e|b|r|e|n|d|e|r|,102210fe594ee9b33d82058545b1ed14f4c8206e,loadtime,nytimes,True,nytimes loadtime opt fission warm webrender,,6,ms,firefox,,1767486976,2023-10-04 09:16:11,1035.9,ee94bbad8af86968bf85c48449dd7d1bece16e6a,1310854,,,,,,,,,,,,,,,,,,,,,,,,,,,,,,,,,,,,,,,,,,,,,,,,,,TN,,,,,,,,,,
mozilla-beta,4168539,13,b83612eacaf8eff6c5b8a31215809a39b157f6fb,linux1804-64-shippable-qr,True,False,,|f|i|s|s|i|o|n| |w|a|r|m| |w|e|b|r|e|n|d|e|r|,102210fe594ee9b33d82058545b1ed14f4c8206e,loadtime,nytimes,True,nytimes loadtime opt fission warm webrender,,6,ms,firefox,,1767822276,2023-10-04 19:05:37,1039.1,6066df449ff2e6a96d4dd6d81f524353c904a7e4,1311304,,,,,,,,,,,,,,,,,,,,,,,,,,,,,,,,,,,,,,,,,,,,,,,,,,TN,,,,,,,,,,
mozilla-beta,4168539,13,b83612eacaf8eff6c5b8a31215809a39b157f6fb,linux1804-64-shippable-qr,True,False,,|f|i|s|s|i|o|n| |w|a|r|m| |w|e|b|r|e|n|d|e|r|,102210fe594ee9b33d82058545b1ed14f4c8206e,loadtime,nytimes,True,nytimes loadtime opt fission warm webrender,,6,ms,firefox,,1768207569,2023-10-05 09:16:59,1045.8,580ae177f2ee1ec5f96ba0a876c77edad7dc1810,1311697,,,,,,,,,,,,,,,,,,,,,,,,,,,,,,,,,,,,,,,,,,,,,,,,,,TN,,,,,,,,,,
mozilla-beta,4168539,13,b83612eacaf8eff6c5b8a31215809a39b157f6fb,linux1804-64-shippable-qr,True,False,,|f|i|s|s|i|o|n| |w|a|r|m| |w|e|b|r|e|n|d|e|r|,102210fe594ee9b33d82058545b1ed14f4c8206e,loadtime,nytimes,True,nytimes loadtime opt fission warm webrender,,6,ms,firefox,,1768290484,2023-10-05 12:14:20,1040.6,82dc5b47405aa3b80232917dce1198d8f5fe0205,1311786,,,,,,,,,,,,,,,,,,,,,,,,,,,,,,,,,,,,,,,,,,,,,,,,,,TN,,,,,,,,,,
mozilla-beta,4168539,13,b83612eacaf8eff6c5b8a31215809a39b157f6fb,linux1804-64-shippable-qr,True,False,,|f|i|s|s|i|o|n| |w|a|r|m| |w|e|b|r|e|n|d|e|r|,102210fe594ee9b33d82058545b1ed14f4c8206e,loadtime,nytimes,True,nytimes loadtime opt fission warm webrender,,6,ms,firefox,,1768389268,2023-10-05 13:10:58,1049.2,a9b4c32cbce4e483371a4d4f0af1cb5b99ba1beb,1311851,,,,,,,,,,,,,,,,,,,,,,,,,,,,,,,,,,,,,,,,,,,,,,,,,,TN,,,,,,,,,,
mozilla-beta,4168539,13,b83612eacaf8eff6c5b8a31215809a39b157f6fb,linux1804-64-shippable-qr,True,False,,|f|i|s|s|i|o|n| |w|a|r|m| |w|e|b|r|e|n|d|e|r|,102210fe594ee9b33d82058545b1ed14f4c8206e,loadtime,nytimes,True,nytimes loadtime opt fission warm webrender,,6,ms,firefox,,1768702187,2023-10-05 18:10:23,1044.6,acc9965e45abe1aeac40ca2f04c26812adc75cda,1312101,,,,,,,,,,,,,,,,,,,,,,,,,,,,,,,,,,,,,,,,,,,,,,,,,,TN,,,,,,,,,,
mozilla-beta,4168539,13,b83612eacaf8eff6c5b8a31215809a39b157f6fb,linux1804-64-shippable-qr,True,False,,|f|i|s|s|i|o|n| |w|a|r|m| |w|e|b|r|e|n|d|e|r|,102210fe594ee9b33d82058545b1ed14f4c8206e,loadtime,nytimes,True,nytimes loadtime opt fission warm webrender,,6,ms,firefox,,1769073387,2023-10-06 09:15:09,1072.1,75404df0a34bb37b93351a424687782569f397f9,1312465,,,,,,,,,,,,,,,,,,,,,,,,,,,,,,,,,,,,,,,,,,,,,,,,,,TN,,,,,,,,,,
mozilla-beta,4168539,13,b83612eacaf8eff6c5b8a31215809a39b157f6fb,linux1804-64-shippable-qr,True,False,,|f|i|s|s|i|o|n| |w|a|r|m| |w|e|b|r|e|n|d|e|r|,102210fe594ee9b33d82058545b1ed14f4c8206e,loadtime,nytimes,True,nytimes loadtime opt fission warm webrender,,6,ms,firefox,,1769397664,2023-10-06 17:47:24,1033.1,f62bbe0bb99b812d0d79d2e5517f7584baa278fc,1312771,,,,,,,,,,,,,,,,,,,,,,,,,,,,,,,,,,,,,,,,,,,,,,,,,,TN,,,,,,,,,,
mozilla-beta,4168539,13,b83612eacaf8eff6c5b8a31215809a39b157f6fb,linux1804-64-shippable-qr,True,False,,|f|i|s|s|i|o|n| |w|a|r|m| |w|e|b|r|e|n|d|e|r|,102210fe594ee9b33d82058545b1ed14f4c8206e,loadtime,nytimes,True,nytimes loadtime opt fission warm webrender,,6,ms,firefox,,1769494502,2023-10-06 18:35:27,1029.7,f56a6c67a33ab1a140c63cace57b27168b822eec,1312821,,,,,,,,,,,,,,,,,,,,,,,,,,,,,,,,,,,,,,,,,,,,,,,,,,TN,,,,,,,,,,
mozilla-beta,4168539,13,b83612eacaf8eff6c5b8a31215809a39b157f6fb,linux1804-64-shippable-qr,True,False,,|f|i|s|s|i|o|n| |w|a|r|m| |w|e|b|r|e|n|d|e|r|,102210fe594ee9b33d82058545b1ed14f4c8206e,loadtime,nytimes,True,nytimes loadtime opt fission warm webrender,,6,ms,firefox,,1769668594,2023-10-07 09:16:25,1037.9,13a5ee763497f5cfd08fefcb509684311e9aee25,1313095,,,,,,,,,,,,,,,,,,,,,,,,,,,,,,,,,,,,,,,,,,,,,,,,,,TN,,,,,,,,,,
mozilla-beta,4168539,13,b83612eacaf8eff6c5b8a31215809a39b157f6fb,linux1804-64-shippable-qr,True,False,,|f|i|s|s|i|o|n| |w|a|r|m| |w|e|b|r|e|n|d|e|r|,102210fe594ee9b33d82058545b1ed14f4c8206e,loadtime,nytimes,True,nytimes loadtime opt fission warm webrender,,6,ms,firefox,,1769978242,2023-10-08 09:15:29,1047.6,9a2aad16b50476b91e85115698a5372c0e178481,1313212,,,,,,,,,,,,,,,,,,,,,,,,,,,,,,,,,,,,,,,,,,,,,,,,,,TN,,,,,,,,,,
mozilla-beta,4168539,13,b83612eacaf8eff6c5b8a31215809a39b157f6fb,linux1804-64-shippable-qr,True,False,,|f|i|s|s|i|o|n| |w|a|r|m| |w|e|b|r|e|n|d|e|r|,102210fe594ee9b33d82058545b1ed14f4c8206e,loadtime,nytimes,True,nytimes loadtime opt fission warm webrender,,6,ms,firefox,,1770074479,2023-10-08 14:12:09,1025.3,52bc619257d3e66e5326c753c4a1035195d1929a,1313230,,,,,,,,,,,,,,,,,,,,,,,,,,,,,,,,,,,,,,,,,,,,,,,,,,TN,,,,,,,,,,
mozilla-beta,4168539,13,b83612eacaf8eff6c5b8a31215809a39b157f6fb,linux1804-64-shippable-qr,True,False,,|f|i|s|s|i|o|n| |w|a|r|m| |w|e|b|r|e|n|d|e|r|,102210fe594ee9b33d82058545b1ed14f4c8206e,loadtime,nytimes,True,nytimes loadtime opt fission warm webrender,,6,ms,firefox,,1770067713,2023-10-08 14:18:48,1024.4,4816a8c9639e20516df1685953f8ca97052aea2b,1313231,,,,,,,,,,,,,,,,,,,,,,,,,,,,,,,,,,,,,,,,,,,,,,,,,,TN,,,,,,,,,,
mozilla-beta,4168539,13,b83612eacaf8eff6c5b8a31215809a39b157f6fb,linux1804-64-shippable-qr,True,False,,|f|i|s|s|i|o|n| |w|a|r|m| |w|e|b|r|e|n|d|e|r|,102210fe594ee9b33d82058545b1ed14f4c8206e,loadtime,nytimes,True,nytimes loadtime opt fission warm webrender,,6,ms,firefox,,1770375241,2023-10-09 09:21:20,1042.2,d4527a30756259366526e6c471ce07f48f4515ac,1313437,,,,,,,,,,,,,,,,,,,,,,,,,,,,,,,,,,,,,,,,,,,,,,,,,,TN,,,,,,,,,,
mozilla-beta,4168539,13,b83612eacaf8eff6c5b8a31215809a39b157f6fb,linux1804-64-shippable-qr,True,False,,|f|i|s|s|i|o|n| |w|a|r|m| |w|e|b|r|e|n|d|e|r|,102210fe594ee9b33d82058545b1ed14f4c8206e,loadtime,nytimes,True,nytimes loadtime opt fission warm webrender,,6,ms,firefox,,1770430016,2023-10-09 11:16:45,1033.3,2c502d3a5967e4ffe419c5d01465f41dceb956f6,1313488,,,,,,,,,,,,,,,,,,,,,,,,,,,,,,,,,,,,,,,,,,,,,,,,,,TN,,,,,,,,,,
mozilla-beta,4168539,13,b83612eacaf8eff6c5b8a31215809a39b157f6fb,linux1804-64-shippable-qr,True,False,,|f|i|s|s|i|o|n| |w|a|r|m| |w|e|b|r|e|n|d|e|r|,102210fe594ee9b33d82058545b1ed14f4c8206e,loadtime,nytimes,True,nytimes loadtime opt fission warm webrender,,6,ms,firefox,,1770696826,2023-10-09 20:58:43,1042.5,f95037ec26ecbd37fce78a2acc917f42d07c5fb4,1313834,,,,,,,,,,,,,,,,,,,,,,,,,,,,,,,,,,,,,,,,,,,,,,,,,,TN,,,,,,,,,,
mozilla-beta,4168539,13,b83612eacaf8eff6c5b8a31215809a39b157f6fb,linux1804-64-shippable-qr,True,False,,|f|i|s|s|i|o|n| |w|a|r|m| |w|e|b|r|e|n|d|e|r|,102210fe594ee9b33d82058545b1ed14f4c8206e,loadtime,nytimes,True,nytimes loadtime opt fission warm webrender,,6,ms,firefox,,1770933103,2023-10-10 09:17:32,1039.1,6ca6ea6b139da8aa4264829b50988ed951574abf,1314076,,,,,,,,,,,,,,,,,,,,,,,,,,,,,,,,,,,,,,,,,,,,,,,,,,TN,,,,,,,,,,
mozilla-beta,4168539,13,b83612eacaf8eff6c5b8a31215809a39b157f6fb,linux1804-64-shippable-qr,True,False,,|f|i|s|s|i|o|n| |w|a|r|m| |w|e|b|r|e|n|d|e|r|,102210fe594ee9b33d82058545b1ed14f4c8206e,loadtime,nytimes,True,nytimes loadtime opt fission warm webrender,,6,ms,firefox,,1771027463,2023-10-10 12:36:38,1036.9,c811c2581ef0ad534e3f4051ad22d392a27379a9,1314201,,,,,,,,,,,,,,,,,,,,,,,,,,,,,,,,,,,,,,,,,,,,,,,,,,TN,,,,,,,,,,
mozilla-beta,4168539,13,b83612eacaf8eff6c5b8a31215809a39b157f6fb,linux1804-64-shippable-qr,True,False,,|f|i|s|s|i|o|n| |w|a|r|m| |w|e|b|r|e|n|d|e|r|,102210fe594ee9b33d82058545b1ed14f4c8206e,loadtime,nytimes,True,nytimes loadtime opt fission warm webrender,,6,ms,firefox,,1771081717,2023-10-10 14:42:07,1024.7,fd6c29d7603acc344157c8a5f14b7fc49b7ad07c,1314306,,,,,,,,,,,,,,,,,,,,,,,,,,,,,,,,,,,,,,,,,,,,,,,,,,TN,,,,,,,,,,
mozilla-beta,4168539,13,b83612eacaf8eff6c5b8a31215809a39b157f6fb,linux1804-64-shippable-qr,True,False,,|f|i|s|s|i|o|n| |w|a|r|m| |w|e|b|r|e|n|d|e|r|,102210fe594ee9b33d82058545b1ed14f4c8206e,loadtime,nytimes,True,nytimes loadtime opt fission warm webrender,,6,ms,firefox,,1771388782,2023-10-10 21:51:45,1040.5,577dcfba9576ee660a671915f1ea3756e9d84652,1314592,,,,,,,,,,,,,,,,,,,,,,,,,,,,,,,,,,,,,,,,,,,,,,,,,,TN,,,,,,,,,,
mozilla-beta,4168539,13,b83612eacaf8eff6c5b8a31215809a39b157f6fb,linux1804-64-shippable-qr,True,False,,|f|i|s|s|i|o|n| |w|a|r|m| |w|e|b|r|e|n|d|e|r|,102210fe594ee9b33d82058545b1ed14f4c8206e,loadtime,nytimes,True,nytimes loadtime opt fission warm webrender,,6,ms,firefox,,1771604987,2023-10-11 09:15:28,1026.8,54e1383bd50714d6e9f0149e83a414e4a48cac7f,1314859,,,,,,,,,,,,,,,,,,,,,,,,,,,,,,,,,,,,,,,,,,,,,,,,,,TN,,,,,,,,,,
mozilla-beta,4168539,13,b83612eacaf8eff6c5b8a31215809a39b157f6fb,linux1804-64-shippable-qr,True,False,,|f|i|s|s|i|o|n| |w|a|r|m| |w|e|b|r|e|n|d|e|r|,102210fe594ee9b33d82058545b1ed14f4c8206e,loadtime,nytimes,True,nytimes loadtime opt fission warm webrender,,6,ms,firefox,,1771901748,2023-10-11 19:41:14,1021.0,1b37a41b6de4ddb9a207889b49d817aa2e82d43a,1315281,,,,,,,,,,,,,,,,,,,,,,,,,,,,,,,,,,,,,,,,,,,,,,,,,,TN,,,,,,,,,,
mozilla-beta,4168539,13,b83612eacaf8eff6c5b8a31215809a39b157f6fb,linux1804-64-shippable-qr,True,False,,|f|i|s|s|i|o|n| |w|a|r|m| |w|e|b|r|e|n|d|e|r|,102210fe594ee9b33d82058545b1ed14f4c8206e,loadtime,nytimes,True,nytimes loadtime opt fission warm webrender,,6,ms,firefox,,1772009799,2023-10-11 22:55:04,1025.8,5aa198b1f23a350634177ce2fdeb210d41468ad4,1315411,,,,,,,,,,,,,,,,,,,,,,,,,,,,,,,,,,,,,,,,,,,,,,,,,,TN,,,,,,,,,,
mozilla-beta,4168539,13,b83612eacaf8eff6c5b8a31215809a39b157f6fb,linux1804-64-shippable-qr,True,False,,|f|i|s|s|i|o|n| |w|a|r|m| |w|e|b|r|e|n|d|e|r|,102210fe594ee9b33d82058545b1ed14f4c8206e,loadtime,nytimes,True,nytimes loadtime opt fission warm webrender,,6,ms,firefox,,1772120000,2023-10-12 02:52:01,1036.3,bba75dc3df803f8ed22a9cb4e7d6bc274909572c,1315485,,,,,,,,,,,,,,,,,,,,,,,,,,,,,,,,,,,,,,,,,,,,,,,,,,TN,,,,,,,,,,
mozilla-beta,4168539,13,b83612eacaf8eff6c5b8a31215809a39b157f6fb,linux1804-64-shippable-qr,True,False,,|f|i|s|s|i|o|n| |w|a|r|m| |w|e|b|r|e|n|d|e|r|,102210fe594ee9b33d82058545b1ed14f4c8206e,loadtime,nytimes,True,nytimes loadtime opt fission warm webrender,,6,ms,firefox,,1772261744,2023-10-12 09:16:52,1045.4,9c6b259fc70659f4aed73bc575ef934836412c9f,1315594,,,,,,,,,,,,,,,,,,,,,,,,,,,,,,,,,,,,,,,,,,,,,,,,,,TN,,,,,,,,,,
mozilla-beta,4168539,13,b83612eacaf8eff6c5b8a31215809a39b157f6fb,linux1804-64-shippable-qr,True,False,,|f|i|s|s|i|o|n| |w|a|r|m| |w|e|b|r|e|n|d|e|r|,102210fe594ee9b33d82058545b1ed14f4c8206e,loadtime,nytimes,True,nytimes loadtime opt fission warm webrender,,6,ms,firefox,,1772403384,2023-10-12 13:44:47,1035.0,f931988827a90cf966b1ad7fc5e9e4ac2baf74c8,1315758,,,,,,,,,,,,,,,,,,,,,,,,,,,,,,,,,,,,,,,,,,,,,,,,,,TN,,,,,,,,,,
mozilla-beta,4168539,13,b83612eacaf8eff6c5b8a31215809a39b157f6fb,linux1804-64-shippable-qr,True,False,,|f|i|s|s|i|o|n| |w|a|r|m| |w|e|b|r|e|n|d|e|r|,102210fe594ee9b33d82058545b1ed14f4c8206e,loadtime,nytimes,True,nytimes loadtime opt fission warm webrender,,6,ms,firefox,,1772534475,2023-10-12 17:47:43,1041.3,0d28d797a85a4ed9635545fe3467b17e8ebb4d5d,1315941,,,,,,,,,,,,,,,,,,,,,,,,,,,,,,,,,,,,,,,,,,,,,,,,,,TN,,,,,,,,,,
mozilla-beta,4168539,13,b83612eacaf8eff6c5b8a31215809a39b157f6fb,linux1804-64-shippable-qr,True,False,,|f|i|s|s|i|o|n| |w|a|r|m| |w|e|b|r|e|n|d|e|r|,102210fe594ee9b33d82058545b1ed14f4c8206e,loadtime,nytimes,True,nytimes loadtime opt fission warm webrender,,6,ms,firefox,,1772798980,2023-10-13 04:28:09,1038.1,689906410d5f8337d185caeadf063e3c3e6f9f81,1316284,,,,,,,,,,,,,,,,,,,,,,,,,,,,,,,,,,,,,,,,,,,,,,,,,,TN,,,,,,,,,,
mozilla-beta,4168539,13,b83612eacaf8eff6c5b8a31215809a39b157f6fb,linux1804-64-shippable-qr,True,False,,|f|i|s|s|i|o|n| |w|a|r|m| |w|e|b|r|e|n|d|e|r|,102210fe594ee9b33d82058545b1ed14f4c8206e,loadtime,nytimes,True,nytimes loadtime opt fission warm webrender,,6,ms,firefox,,1772893986,2023-10-13 09:14:12,1032.3,03f145d4d7d679e973ec6621b498d6ba24c3bf45,1316340,,,,,,,,,,,,,,,,,,,,,,,,,,,,,,,,,,,,,,,,,,,,,,,,,,TN,,,,,,,,,,
mozilla-beta,4168539,13,b83612eacaf8eff6c5b8a31215809a39b157f6fb,linux1804-64-shippable-qr,True,False,,|f|i|s|s|i|o|n| |w|a|r|m| |w|e|b|r|e|n|d|e|r|,102210fe594ee9b33d82058545b1ed14f4c8206e,loadtime,nytimes,True,nytimes loadtime opt fission warm webrender,,6,ms,firefox,,1773245231,2023-10-13 21:13:24,1035.9,8eac8d7bb81d2778dd919d5b8062f8cfb0ff9d84,1316819,,,,,,,,,,,,,,,,,,,,,,,,,,,,,,,,,,,,,,,,,,,,,,,,,,TN,,,,,,,,,,
mozilla-beta,4168539,13,b83612eacaf8eff6c5b8a31215809a39b157f6fb,linux1804-64-shippable-qr,True,False,,|f|i|s|s|i|o|n| |w|a|r|m| |w|e|b|r|e|n|d|e|r|,102210fe594ee9b33d82058545b1ed14f4c8206e,loadtime,nytimes,True,nytimes loadtime opt fission warm webrender,,6,ms,firefox,,1773395633,2023-10-14 09:18:12,1033.8,d07f9c6281b5fc29e57d0e41beeb2dba1056da49,1316894,,,,,,,,,,,,,,,,,,,,,,,,,,,,,,,,,,,,,,,,,,,,,,,,,,TN,,,,,,,,,,
mozilla-beta,4168539,13,b83612eacaf8eff6c5b8a31215809a39b157f6fb,linux1804-64-shippable-qr,True,False,,|f|i|s|s|i|o|n| |w|a|r|m| |w|e|b|r|e|n|d|e|r|,102210fe594ee9b33d82058545b1ed14f4c8206e,loadtime,nytimes,True,nytimes loadtime opt fission warm webrender,,6,ms,firefox,,1773714823,2023-10-15 09:18:27,1032.0,383757494ccc7f8f4c932b8ec8e6ff5c146590c5,1316988,,,,,,,,,,,,,,,,,,,,,,,,,,,,,,,,,,,,,,,,,,,,,,,,,,TN,,,,,,,,,,
mozilla-beta,4168539,13,b83612eacaf8eff6c5b8a31215809a39b157f6fb,linux1804-64-shippable-qr,True,False,,|f|i|s|s|i|o|n| |w|a|r|m| |w|e|b|r|e|n|d|e|r|,102210fe594ee9b33d82058545b1ed14f4c8206e,loadtime,nytimes,True,nytimes loadtime opt fission warm webrender,,6,ms,firefox,,1773780337,2023-10-15 14:26:14,1042.2,11d1909ae147645f934856a3d3236ee83fd99444,1317018,,,,,,,,,,,,,,,,,,,,,,,,,,,,,,,,,,,,,,,,,,,,,,,,,,TN,,,,,,,,,,
mozilla-beta,4168539,13,b83612eacaf8eff6c5b8a31215809a39b157f6fb,linux1804-64-shippable-qr,True,False,,|f|i|s|s|i|o|n| |w|a|r|m| |w|e|b|r|e|n|d|e|r|,102210fe594ee9b33d82058545b1ed14f4c8206e,loadtime,nytimes,True,nytimes loadtime opt fission warm webrender,,6,ms,firefox,,1774020769,2023-10-16 09:17:28,1035.1,061cd59972a07bd5d25892827951e2356d4993a7,1317168,,,,,,,,,,,,,,,,,,,,,,,,,,,,,,,,,,,,,,,,,,,,,,,,,,TN,,,,,,,,,,
mozilla-beta,4168539,13,b83612eacaf8eff6c5b8a31215809a39b157f6fb,linux1804-64-shippable-qr,True,False,,|f|i|s|s|i|o|n| |w|a|r|m| |w|e|b|r|e|n|d|e|r|,102210fe594ee9b33d82058545b1ed14f4c8206e,loadtime,nytimes,True,nytimes loadtime opt fission warm webrender,,6,ms,firefox,,1774133436,2023-10-16 12:10:58,1043.0,f2a69b23cb0aaf2b36bac4f9f197bf4282f542c4,1317268,,,,,,,,,,,,,,,,,,,,,,,,,,,,,,,,,,,,,,,,,,,,,,,,,,TN,,,,,,,,,,
mozilla-beta,4168539,13,b83612eacaf8eff6c5b8a31215809a39b157f6fb,linux1804-64-shippable-qr,True,False,,|f|i|s|s|i|o|n| |w|a|r|m| |w|e|b|r|e|n|d|e|r|,102210fe594ee9b33d82058545b1ed14f4c8206e,loadtime,nytimes,True,nytimes loadtime opt fission warm webrender,,6,ms,firefox,,1774338664,2023-10-16 15:50:14,1034.3,97e8b9bbb11e77faf6188c7a1dde9ca93c5ed34c,1317440,,,,,,,,,,,,,,,,,,,,,,,,,,,,,,,,,,,,,,,,,,,,,,,,,,TN,,,,,,,,,,
mozilla-beta,4168539,13,b83612eacaf8eff6c5b8a31215809a39b157f6fb,linux1804-64-shippable-qr,True,False,,|f|i|s|s|i|o|n| |w|a|r|m| |w|e|b|r|e|n|d|e|r|,102210fe594ee9b33d82058545b1ed14f4c8206e,loadtime,nytimes,True,nytimes loadtime opt fission warm webrender,,6,ms,firefox,,1774441080,2023-10-16 20:09:52,1039.5,15be2499adae693a40ddfc1cb5096c90e7270986,1317580,,,,,,,,,,,,,,,,,,,,,,,,,,,,,,,,,,,,,,,,,,,,,,,,,,TN,,,,,,,,,,
mozilla-beta,4168539,13,b83612eacaf8eff6c5b8a31215809a39b157f6fb,linux1804-64-shippable-qr,True,False,,|f|i|s|s|i|o|n| |w|a|r|m| |w|e|b|r|e|n|d|e|r|,102210fe594ee9b33d82058545b1ed14f4c8206e,loadtime,nytimes,True,nytimes loadtime opt fission warm webrender,,6,ms,firefox,,1778141741,2023-10-23 13:54:43,1039.5,5474a9ed5dbd2e49f2a97baf12209cd00e38bdd9,1320858,,,,,,,,,,,,,,,,,,,,,,,,,,,,,,,,,,,,,,,,,,,,,,,,,,TN,,,,,,,,,,
mozilla-beta,4168539,13,b83612eacaf8eff6c5b8a31215809a39b157f6fb,linux1804-64-shippable-qr,True,False,,|f|i|s|s|i|o|n| |w|a|r|m| |w|e|b|r|e|n|d|e|r|,102210fe594ee9b33d82058545b1ed14f4c8206e,loadtime,nytimes,True,nytimes loadtime opt fission warm webrender,,6,ms,firefox,,1778544966,2023-10-23 20:46:52,1035.5,b03a01da2a2d576a6c92ce245e4803bcb257f2aa,1321218,,,,,,,,,,,,,,,,,,,,,,,,,,,,,,,,,,,,,,,,,,,,,,,,,,TN,,,,,,,,,,
mozilla-beta,4168539,13,b83612eacaf8eff6c5b8a31215809a39b157f6fb,linux1804-64-shippable-qr,True,False,,|f|i|s|s|i|o|n| |w|a|r|m| |w|e|b|r|e|n|d|e|r|,102210fe594ee9b33d82058545b1ed14f4c8206e,loadtime,nytimes,True,nytimes loadtime opt fission warm webrender,,6,ms,firefox,,1778997803,2023-10-24 09:16:29,897.5,687c546af188e22f70afcf55e14005978520b7cb,1321483,,,,,,,,,,,,,,,,,,,,,,,,,,,,,,,,,,,,,,,,,,,,,,,,,,TN,,,,,,,,,,
mozilla-beta,4168539,13,b83612eacaf8eff6c5b8a31215809a39b157f6fb,linux1804-64-shippable-qr,True,False,,|f|i|s|s|i|o|n| |w|a|r|m| |w|e|b|r|e|n|d|e|r|,102210fe594ee9b33d82058545b1ed14f4c8206e,loadtime,nytimes,True,nytimes loadtime opt fission warm webrender,,6,ms,firefox,,1779413358,2023-10-24 18:16:48,1036.3,a17c6aa73b0faf44667bd491440d373e3268aa40,1321817,,,,,,,,,,,,,,,,,,,,,,,,,,,,,,,,,,,,,,,,,,,,,,,,,,TN,,,,,,,,,,
mozilla-beta,4168539,13,b83612eacaf8eff6c5b8a31215809a39b157f6fb,linux1804-64-shippable-qr,True,False,,|f|i|s|s|i|o|n| |w|a|r|m| |w|e|b|r|e|n|d|e|r|,102210fe594ee9b33d82058545b1ed14f4c8206e,loadtime,nytimes,True,nytimes loadtime opt fission warm webrender,,6,ms,firefox,,1779537045,2023-10-24 18:50:37,1026.9,0e1ba587a1e6e6f571fd31b1aca0d4679e193e1d,1321847,,,,,,,,,,,,,,,,,,,,,,,,,,,,,,,,,,,,,,,,,,,,,,,,,,TN,,,,,,,,,,
mozilla-beta,4168539,13,b83612eacaf8eff6c5b8a31215809a39b157f6fb,linux1804-64-shippable-qr,True,False,,|f|i|s|s|i|o|n| |w|a|r|m| |w|e|b|r|e|n|d|e|r|,102210fe594ee9b33d82058545b1ed14f4c8206e,loadtime,nytimes,True,nytimes loadtime opt fission warm webrender,,6,ms,firefox,,1779454409,2023-10-24 19:08:21,1064.0,3b2f433ad9ff8c7fc4b9947b65b4ed12b102cd2a,1321860,,,,,,,,,,,,,,,,,,,,,,,,,,,,,,,,,,,,,,,,,,,,,,,,,,TN,,,,,,,,,,
mozilla-beta,4168539,13,b83612eacaf8eff6c5b8a31215809a39b157f6fb,linux1804-64-shippable-qr,True,False,,|f|i|s|s|i|o|n| |w|a|r|m| |w|e|b|r|e|n|d|e|r|,102210fe594ee9b33d82058545b1ed14f4c8206e,loadtime,nytimes,True,nytimes loadtime opt fission warm webrender,,6,ms,firefox,,1779513106,2023-10-24 19:19:30,1038.2,b178e6a89dd972a2b875d083da187c5e1233158d,1321871,,,,,,,,,,,,,,,,,,,,,,,,,,,,,,,,,,,,,,,,,,,,,,,,,,TN,,,,,,,,,,
mozilla-beta,4168539,13,b83612eacaf8eff6c5b8a31215809a39b157f6fb,linux1804-64-shippable-qr,True,False,,|f|i|s|s|i|o|n| |w|a|r|m| |w|e|b|r|e|n|d|e|r|,102210fe594ee9b33d82058545b1ed14f4c8206e,loadtime,nytimes,True,nytimes loadtime opt fission warm webrender,,6,ms,firefox,,1779858529,2023-10-25 09:17:56,1041.7,c3d8b4bc894010747ac1638f14d701801685ad2e,1322190,,,,,,,,,,,,,,,,,,,,,,,,,,,,,,,,,,,,,,,,,,,,,,,,,,TN,,,,,,,,,,
mozilla-beta,4168539,13,b83612eacaf8eff6c5b8a31215809a39b157f6fb,linux1804-64-shippable-qr,True,False,,|f|i|s|s|i|o|n| |w|a|r|m| |w|e|b|r|e|n|d|e|r|,102210fe594ee9b33d82058545b1ed14f4c8206e,loadtime,nytimes,True,nytimes loadtime opt fission warm webrender,,6,ms,firefox,,1780366954,2023-10-25 20:12:08,1034.1,70b3d048171ce75923409d3d9d0b2d7752cacbb9,1322523,,,,,,,,,,,,,,,,,,,,,,,,,,,,,,,,,,,,,,,,,,,,,,,,,,TN,,,,,,,,,,
mozilla-beta,4168539,13,b83612eacaf8eff6c5b8a31215809a39b157f6fb,linux1804-64-shippable-qr,True,False,,|f|i|s|s|i|o|n| |w|a|r|m| |w|e|b|r|e|n|d|e|r|,102210fe594ee9b33d82058545b1ed14f4c8206e,loadtime,nytimes,True,nytimes loadtime opt fission warm webrender,,6,ms,firefox,,1780595358,2023-10-26 01:42:12,1033.5,31e780c0f9412435072db1cdb1a74a46766ddcff,1322720,,,,,,,,,,,,,,,,,,,,,,,,,,,,,,,,,,,,,,,,,,,,,,,,,,TN,,,,,,,,,,
mozilla-beta,4168539,13,b83612eacaf8eff6c5b8a31215809a39b157f6fb,linux1804-64-shippable-qr,True,False,,|f|i|s|s|i|o|n| |w|a|r|m| |w|e|b|r|e|n|d|e|r|,102210fe594ee9b33d82058545b1ed14f4c8206e,loadtime,nytimes,True,nytimes loadtime opt fission warm webrender,,6,ms,firefox,,1780577160,2023-10-26 01:59:39,1036.7,d0592eb71b49011c614d86db88b6673c5f23485f,1322727,,,,,,,,,,,,,,,,,,,,,,,,,,,,,,,,,,,,,,,,,,,,,,,,,,TN,,,,,,,,,,
mozilla-beta,4168539,13,b83612eacaf8eff6c5b8a31215809a39b157f6fb,linux1804-64-shippable-qr,True,False,,|f|i|s|s|i|o|n| |w|a|r|m| |w|e|b|r|e|n|d|e|r|,102210fe594ee9b33d82058545b1ed14f4c8206e,loadtime,nytimes,True,nytimes loadtime opt fission warm webrender,,6,ms,firefox,,1780832412,2023-10-26 09:18:57,1038.7,09df940b02395fb242a2aff8bae0a1fc78f1a0ec,1322855,,,,,,,,,,,,,,,,,,,,,,,,,,,,,,,,,,,,,,,,,,,,,,,,,,TN,,,,,,,,,,
mozilla-beta,4168539,13,b83612eacaf8eff6c5b8a31215809a39b157f6fb,linux1804-64-shippable-qr,True,False,,|f|i|s|s|i|o|n| |w|a|r|m| |w|e|b|r|e|n|d|e|r|,102210fe594ee9b33d82058545b1ed14f4c8206e,loadtime,nytimes,True,nytimes loadtime opt fission warm webrender,,6,ms,firefox,,1781093951,2023-10-26 14:06:49,1028.5,0970ac067962ef702919bed3c130ff4577c5a618,1323016,,,,,,,,,,,,,,,,,,,,,,,,,,,,,,,,,,,,,,,,,,,,,,,,,,TN,,,,,,,,,,
mozilla-beta,4168539,13,b83612eacaf8eff6c5b8a31215809a39b157f6fb,linux1804-64-shippable-qr,True,False,,|f|i|s|s|i|o|n| |w|a|r|m| |w|e|b|r|e|n|d|e|r|,102210fe594ee9b33d82058545b1ed14f4c8206e,loadtime,nytimes,True,nytimes loadtime opt fission warm webrender,,6,ms,firefox,,1781187137,2023-10-26 18:12:41,1034.3,a4b470ebb6b18254694693aa28a4019d425e5157,1323171,,,,,,,,,,,,,,,,,,,,,,,,,,,,,,,,,,,,,,,,,,,,,,,,,,TN,,,,,,,,,,
mozilla-beta,4168539,13,b83612eacaf8eff6c5b8a31215809a39b157f6fb,linux1804-64-shippable-qr,True,False,,|f|i|s|s|i|o|n| |w|a|r|m| |w|e|b|r|e|n|d|e|r|,102210fe594ee9b33d82058545b1ed14f4c8206e,loadtime,nytimes,True,nytimes loadtime opt fission warm webrender,,6,ms,firefox,,1781330816,2023-10-26 21:02:35,1036.1,34202f0fbcf07f89f3bdcefc5b6f0ba8728daf54,1323277,,,,,,,,,,,,,,,,,,,,,,,,,,,,,,,,,,,,,,,,,,,,,,,,,,TN,,,,,,,,,,
mozilla-beta,4168539,13,b83612eacaf8eff6c5b8a31215809a39b157f6fb,linux1804-64-shippable-qr,True,False,,|f|i|s|s|i|o|n| |w|a|r|m| |w|e|b|r|e|n|d|e|r|,102210fe594ee9b33d82058545b1ed14f4c8206e,loadtime,nytimes,True,nytimes loadtime opt fission warm webrender,,6,ms,firefox,,1781350272,2023-10-26 21:13:50,1028.1,c9e3fb5ed0f44a04ac88882c5481a60a2a30e222,1323289,,,,,,,,,,,,,,,,,,,,,,,,,,,,,,,,,,,,,,,,,,,,,,,,,,TN,,,,,,,,,,
mozilla-beta,4168539,13,b83612eacaf8eff6c5b8a31215809a39b157f6fb,linux1804-64-shippable-qr,True,False,,|f|i|s|s|i|o|n| |w|a|r|m| |w|e|b|r|e|n|d|e|r|,102210fe594ee9b33d82058545b1ed14f4c8206e,loadtime,nytimes,True,nytimes loadtime opt fission warm webrender,,6,ms,firefox,,1781545315,2023-10-27 02:28:31,1033.0,bf57d88eb2a3a61a5fa08f1a445dd7351f6e2b1d,1323398,,,,,,,,,,,,,,,,,,,,,,,,,,,,,,,,,,,,,,,,,,,,,,,,,,TN,,,,,,,,,,
mozilla-beta,4168539,13,b83612eacaf8eff6c5b8a31215809a39b157f6fb,linux1804-64-shippable-qr,True,False,,|f|i|s|s|i|o|n| |w|a|r|m| |w|e|b|r|e|n|d|e|r|,102210fe594ee9b33d82058545b1ed14f4c8206e,loadtime,nytimes,True,nytimes loadtime opt fission warm webrender,,6,ms,firefox,,1781765437,2023-10-27 09:19:01,1033.9,b1cb7e7b034cc16c98f513f848eb36ea5df27c09,1323519,,,,,,,,,,,,,,,,,,,,,,,,,,,,,,,,,,,,,,,,,,,,,,,,,,TN,,,,,,,,,,
mozilla-beta,4168539,13,b83612eacaf8eff6c5b8a31215809a39b157f6fb,linux1804-64-shippable-qr,True,False,,|f|i|s|s|i|o|n| |w|a|r|m| |w|e|b|r|e|n|d|e|r|,102210fe594ee9b33d82058545b1ed14f4c8206e,loadtime,nytimes,True,nytimes loadtime opt fission warm webrender,,6,ms,firefox,,1782151833,2023-10-27 18:38:39,1037.1,b97dbe58458774c79ef350e7575e44682ad7b628,1323849,,,,,,,,,,,,,,,,,,,,,,,,,,,,,,,,,,,,,,,,,,,,,,,,,,TN,,,,,,,,,,
mozilla-beta,4168539,13,b83612eacaf8eff6c5b8a31215809a39b157f6fb,linux1804-64-shippable-qr,True,False,,|f|i|s|s|i|o|n| |w|a|r|m| |w|e|b|r|e|n|d|e|r|,102210fe594ee9b33d82058545b1ed14f4c8206e,loadtime,nytimes,True,nytimes loadtime opt fission warm webrender,,6,ms,firefox,,1782128769,2023-10-27 18:54:25,1022.2,f7a6096fda1c5fd404b15a0cee8ca7f0b82aee00,1323862,,,,,,,,,,,,,,,,,,,,,,,,,,,,,,,,,,,,,,,,,,,,,,,,,,TN,,,,,,,,,,
mozilla-beta,4168539,13,b83612eacaf8eff6c5b8a31215809a39b157f6fb,linux1804-64-shippable-qr,True,False,,|f|i|s|s|i|o|n| |w|a|r|m| |w|e|b|r|e|n|d|e|r|,102210fe594ee9b33d82058545b1ed14f4c8206e,loadtime,nytimes,True,nytimes loadtime opt fission warm webrender,,6,ms,firefox,,1782605495,2023-10-28 09:15:28,1030.3,1f7ead04a319c6d28f7a8a0c148f15ababc492fa,1324045,,,,,,,,,,,,,,,,,,,,,,,,,,,,,,,,,,,,,,,,,,,,,,,,,,TN,,,,,,,,,,
mozilla-beta,4168539,13,b83612eacaf8eff6c5b8a31215809a39b157f6fb,linux1804-64-shippable-qr,True,False,,|f|i|s|s|i|o|n| |w|a|r|m| |w|e|b|r|e|n|d|e|r|,102210fe594ee9b33d82058545b1ed14f4c8206e,loadtime,nytimes,True,nytimes loadtime opt fission warm webrender,,6,ms,firefox,,1782835834,2023-10-28 20:17:56,1038.6,f8c125601213252ce34486ff451fa058381f558f,1324113,,,,,,,,,,,,,,,,,,,,,,,,,,,,,,,,,,,,,,,,,,,,,,,,,,TN,,,,,,,,,,
mozilla-beta,4168539,13,b83612eacaf8eff6c5b8a31215809a39b157f6fb,linux1804-64-shippable-qr,True,False,,|f|i|s|s|i|o|n| |w|a|r|m| |w|e|b|r|e|n|d|e|r|,102210fe594ee9b33d82058545b1ed14f4c8206e,loadtime,nytimes,True,nytimes loadtime opt fission warm webrender,,6,ms,firefox,,1782893012,2023-10-29 09:16:21,1029.5,14679f0ea712627e51e43163bc286ffad56bdf54,1324149,,,,,,,,,,,,,,,,,,,,,,,,,,,,,,,,,,,,,,,,,,,,,,,,,,TN,,,,,,,,,,
mozilla-beta,4168539,13,b83612eacaf8eff6c5b8a31215809a39b157f6fb,linux1804-64-shippable-qr,True,False,,|f|i|s|s|i|o|n| |w|a|r|m| |w|e|b|r|e|n|d|e|r|,102210fe594ee9b33d82058545b1ed14f4c8206e,loadtime,nytimes,True,nytimes loadtime opt fission warm webrender,,6,ms,firefox,,1783231404,2023-10-30 02:36:04,1034.5,48ba3b0afb19a5edcf6c904fa938052a576bcb89,1324220,,,,,,,,,,,,,,,,,,,,,,,,,,,,,,,,,,,,,,,,,,,,,,,,,,TN,,,,,,,,,,
mozilla-beta,4168539,13,b83612eacaf8eff6c5b8a31215809a39b157f6fb,linux1804-64-shippable-qr,True,False,,|f|i|s|s|i|o|n| |w|a|r|m| |w|e|b|r|e|n|d|e|r|,102210fe594ee9b33d82058545b1ed14f4c8206e,loadtime,nytimes,True,nytimes loadtime opt fission warm webrender,,6,ms,firefox,,1783396508,2023-10-30 09:16:20,1033.2,9de68f7e6fd4a13d6568549cfafbbf4de9830a32,1324285,,,,,,,,,,,,,,,,,,,,,,,,,,,,,,,,,,,,,,,,,,,,,,,,,,TN,,,,,,,,,,
mozilla-beta,4168539,13,b83612eacaf8eff6c5b8a31215809a39b157f6fb,linux1804-64-shippable-qr,True,False,,|f|i|s|s|i|o|n| |w|a|r|m| |w|e|b|r|e|n|d|e|r|,102210fe594ee9b33d82058545b1ed14f4c8206e,loadtime,nytimes,True,nytimes loadtime opt fission warm webrender,,6,ms,firefox,,1783707115,2023-10-30 17:02:01,1030.7,cc2e02baaa144a8b7924802226b7a0dae78019f9,1324586,,,,,,,,,,,,,,,,,,,,,,,,,,,,,,,,,,,,,,,,,,,,,,,,,,TN,,,,,,,,,,
mozilla-beta,4168539,13,b83612eacaf8eff6c5b8a31215809a39b157f6fb,linux1804-64-shippable-qr,True,False,,|f|i|s|s|i|o|n| |w|a|r|m| |w|e|b|r|e|n|d|e|r|,102210fe594ee9b33d82058545b1ed14f4c8206e,loadtime,nytimes,True,nytimes loadtime opt fission warm webrender,,6,ms,firefox,,1783758905,2023-10-30 17:47:02,1036.1,a68944a138e48b14870084ba2981e9c963ad930e,1324618,,,,,,,,,,,,,,,,,,,,,,,,,,,,,,,,,,,,,,,,,,,,,,,,,,TN,,,,,,,,,,
mozilla-beta,4168539,13,b83612eacaf8eff6c5b8a31215809a39b157f6fb,linux1804-64-shippable-qr,True,False,,|f|i|s|s|i|o|n| |w|a|r|m| |w|e|b|r|e|n|d|e|r|,102210fe594ee9b33d82058545b1ed14f4c8206e,loadtime,nytimes,True,nytimes loadtime opt fission warm webrender,,6,ms,firefox,,1783740679,2023-10-30 18:00:17,1031.7,7be1294f3227031fcd210f520339ce75fcf7004f,1324626,,,,,,,,,,,,,,,,,,,,,,,,,,,,,,,,,,,,,,,,,,,,,,,,,,TN,,,,,,,,,,
mozilla-beta,4168539,13,b83612eacaf8eff6c5b8a31215809a39b157f6fb,linux1804-64-shippable-qr,True,False,,|f|i|s|s|i|o|n| |w|a|r|m| |w|e|b|r|e|n|d|e|r|,102210fe594ee9b33d82058545b1ed14f4c8206e,loadtime,nytimes,True,nytimes loadtime opt fission warm webrender,,6,ms,firefox,,1783800896,2023-10-30 18:48:30,1033.5,8f86cd37a37d99d960be58a89966ec2789adeecc,1324652,,,,,,,,,,,,,,,,,,,,,,,,,,,,,,,,,,,,,,,,,,,,,,,,,,TN,,,,,,,,,,
mozilla-beta,4168539,13,b83612eacaf8eff6c5b8a31215809a39b157f6fb,linux1804-64-shippable-qr,True,False,,|f|i|s|s|i|o|n| |w|a|r|m| |w|e|b|r|e|n|d|e|r|,102210fe594ee9b33d82058545b1ed14f4c8206e,loadtime,nytimes,True,nytimes loadtime opt fission warm webrender,,6,ms,firefox,,1783815008,2023-10-30 19:00:54,1029.9,d0dabe2c816558f29baf19470ce5b3e8b0df1e5b,1324656,,,,,,,,,,,,,,,,,,,,,,,,,,,,,,,,,,,,,,,,,,,,,,,,,,TN,,,,,,,,,,
mozilla-beta,4168539,13,b83612eacaf8eff6c5b8a31215809a39b157f6fb,linux1804-64-shippable-qr,True,False,,|f|i|s|s|i|o|n| |w|a|r|m| |w|e|b|r|e|n|d|e|r|,102210fe594ee9b33d82058545b1ed14f4c8206e,loadtime,nytimes,True,nytimes loadtime opt fission warm webrender,,6,ms,firefox,,1784284768,2023-10-31 09:17:48,1035.1,d8fb8c523804dc02924cb77b49e007a0abc2acc1,1324895,,,,,,,,,,,,,,,,,,,,,,,,,,,,,,,,,,,,,,,,,,,,,,,,,,TN,,,,,,,,,,
mozilla-beta,4168539,13,b83612eacaf8eff6c5b8a31215809a39b157f6fb,linux1804-64-shippable-qr,True,False,,|f|i|s|s|i|o|n| |w|a|r|m| |w|e|b|r|e|n|d|e|r|,102210fe594ee9b33d82058545b1ed14f4c8206e,loadtime,nytimes,True,nytimes loadtime opt fission warm webrender,,6,ms,firefox,,1784496406,2023-10-31 13:58:47,1024.4,a6dedbe86cd78c75a1070b8308ebda10dff87c51,1325015,,,,,,,,,,,,,,,,,,,,,,,,,,,,,,,,,,,,,,,,,,,,,,,,,,TN,,,,,,,,,,
mozilla-beta,4168539,13,b83612eacaf8eff6c5b8a31215809a39b157f6fb,linux1804-64-shippable-qr,True,False,,|f|i|s|s|i|o|n| |w|a|r|m| |w|e|b|r|e|n|d|e|r|,102210fe594ee9b33d82058545b1ed14f4c8206e,loadtime,nytimes,True,nytimes loadtime opt fission warm webrender,,6,ms,firefox,,1784555796,2023-10-31 14:24:53,1022.5,21c4c089d27455f7b69af83165892a878069f400,1325035,,,,,,,,,,,,,,,,,,,,,,,,,,,,,,,,,,,,,,,,,,,,,,,,,,TN,,,,,,,,,,
mozilla-beta,4168539,13,b83612eacaf8eff6c5b8a31215809a39b157f6fb,linux1804-64-shippable-qr,True,False,,|f|i|s|s|i|o|n| |w|a|r|m| |w|e|b|r|e|n|d|e|r|,102210fe594ee9b33d82058545b1ed14f4c8206e,loadtime,nytimes,True,nytimes loadtime opt fission warm webrender,,6,ms,firefox,,1784577697,2023-10-31 16:19:48,1024.9,497ea409d0b2c8c7f41830cefc198ceb700d2d63,1325135,,,,,,,,,,,,,,,,,,,,,,,,,,,,,,,,,,,,,,,,,,,,,,,,,,TN,,,,,,,,,,
mozilla-beta,4168539,13,b83612eacaf8eff6c5b8a31215809a39b157f6fb,linux1804-64-shippable-qr,True,False,,|f|i|s|s|i|o|n| |w|a|r|m| |w|e|b|r|e|n|d|e|r|,102210fe594ee9b33d82058545b1ed14f4c8206e,loadtime,nytimes,True,nytimes loadtime opt fission warm webrender,,6,ms,firefox,,1784658231,2023-10-31 17:25:12,1021.0,54672e6e13984a5fc53d478951425d3435da65dc,1325175,,,,,,,,,,,,,,,,,,,,,,,,,,,,,,,,,,,,,,,,,,,,,,,,,,TN,,,,,,,,,,
mozilla-beta,4168539,13,b83612eacaf8eff6c5b8a31215809a39b157f6fb,linux1804-64-shippable-qr,True,False,,|f|i|s|s|i|o|n| |w|a|r|m| |w|e|b|r|e|n|d|e|r|,102210fe594ee9b33d82058545b1ed14f4c8206e,loadtime,nytimes,True,nytimes loadtime opt fission warm webrender,,6,ms,firefox,,1784776575,2023-10-31 19:29:15,1038.7,6df364abb4816f789a765083584689223976afe6,1325236,,,,,,,,,,,,,,,,,,,,,,,,,,,,,,,,,,,,,,,,,,,,,,,,,,TN,,,,,,,,,,
mozilla-beta,4168539,13,b83612eacaf8eff6c5b8a31215809a39b157f6fb,linux1804-64-shippable-qr,True,False,,|f|i|s|s|i|o|n| |w|a|r|m| |w|e|b|r|e|n|d|e|r|,102210fe594ee9b33d82058545b1ed14f4c8206e,loadtime,nytimes,True,nytimes loadtime opt fission warm webrender,,6,ms,firefox,,1785049681,2023-11-01 03:02:04,1037.4,739f3449852d8e3d03019cd002ca378fb79676e7,1325441,,,,,,,,,,,,,,,,,,,,,,,,,,,,,,,,,,,,,,,,,,,,,,,,,,TN,,,,,,,,,,
mozilla-beta,4168539,13,b83612eacaf8eff6c5b8a31215809a39b157f6fb,linux1804-64-shippable-qr,True,False,,|f|i|s|s|i|o|n| |w|a|r|m| |w|e|b|r|e|n|d|e|r|,102210fe594ee9b33d82058545b1ed14f4c8206e,loadtime,nytimes,True,nytimes loadtime opt fission warm webrender,,6,ms,firefox,,1785216642,2023-11-01 09:28:03,1029.9,c32c921bf0c099387541a2bd4306618b2a338aac,1325520,,,,,,,,,,,,,,,,,,,,,,,,,,,,,,,,,,,,,,,,,,,,,,,,,,TN,,,,,,,,,,
mozilla-beta,4168539,13,b83612eacaf8eff6c5b8a31215809a39b157f6fb,linux1804-64-shippable-qr,True,False,,|f|i|s|s|i|o|n| |w|a|r|m| |w|e|b|r|e|n|d|e|r|,102210fe594ee9b33d82058545b1ed14f4c8206e,loadtime,nytimes,True,nytimes loadtime opt fission warm webrender,,6,ms,firefox,,1785516620,2023-11-01 20:19:53,1081.2,661ffaa432e4cc863263a07b7bdd27795a5df836,1325865,,,,,,,,,,,,,,,,,,,,,,,,,,,,,,,,,,,,,,,,,,,,,,,,,,TN,,,,,,,,,,
mozilla-beta,4168539,13,b83612eacaf8eff6c5b8a31215809a39b157f6fb,linux1804-64-shippable-qr,True,False,,|f|i|s|s|i|o|n| |w|a|r|m| |w|e|b|r|e|n|d|e|r|,102210fe594ee9b33d82058545b1ed14f4c8206e,loadtime,nytimes,True,nytimes loadtime opt fission warm webrender,,6,ms,firefox,,1785887961,2023-11-02 09:16:17,1037.0,52966fe3ab43a9acb012195122cc949e887f3f7a,1326068,,,,,,,,,,,,,,,,,,,,,,,,,,,,,,,,,,,,,,,,,,,,,,,,,,TN,,,,,,,,,,
mozilla-beta,4168539,13,b83612eacaf8eff6c5b8a31215809a39b157f6fb,linux1804-64-shippable-qr,True,False,,|f|i|s|s|i|o|n| |w|a|r|m| |w|e|b|r|e|n|d|e|r|,102210fe594ee9b33d82058545b1ed14f4c8206e,loadtime,nytimes,True,nytimes loadtime opt fission warm webrender,,6,ms,firefox,,1786086246,2023-11-02 13:26:23,1035.0,b93c979940b7fb53619a49044f7f0c9dcd99927b,1326186,,,,,,,,,,,,,,,,,,,,,,,,,,,,,,,,,,,,,,,,,,,,,,,,,,TN,,,,,,,,,,
mozilla-beta,4168539,13,b83612eacaf8eff6c5b8a31215809a39b157f6fb,linux1804-64-shippable-qr,True,False,,|f|i|s|s|i|o|n| |w|a|r|m| |w|e|b|r|e|n|d|e|r|,102210fe594ee9b33d82058545b1ed14f4c8206e,loadtime,nytimes,True,nytimes loadtime opt fission warm webrender,,6,ms,firefox,,1786134854,2023-11-02 15:52:03,1026.7,3de35294e81fd90cf63d3f7107110c0bcf4a461e,1326321,,,,,,,,,,,,,,,,,,,,,,,,,,,,,,,,,,,,,,,,,,,,,,,,,,TN,,,,,,,,,,
mozilla-beta,4168539,13,b83612eacaf8eff6c5b8a31215809a39b157f6fb,linux1804-64-shippable-qr,True,False,,|f|i|s|s|i|o|n| |w|a|r|m| |w|e|b|r|e|n|d|e|r|,102210fe594ee9b33d82058545b1ed14f4c8206e,loadtime,nytimes,True,nytimes loadtime opt fission warm webrender,,6,ms,firefox,,1786151140,2023-11-02 16:31:23,1032.1,fc180f625ac2b295ab3e05bde3ec29c2998dc76b,1326367,,,,,,,,,,,,,,,,,,,,,,,,,,,,,,,,,,,,,,,,,,,,,,,,,,TN,,,,,,,,,,
mozilla-beta,4168539,13,b83612eacaf8eff6c5b8a31215809a39b157f6fb,linux1804-64-shippable-qr,True,False,,|f|i|s|s|i|o|n| |w|a|r|m| |w|e|b|r|e|n|d|e|r|,102210fe594ee9b33d82058545b1ed14f4c8206e,loadtime,nytimes,True,nytimes loadtime opt fission warm webrender,,6,ms,firefox,,1786316122,2023-11-02 19:37:31,1040.1,b1fe4b76180c0291b47971e0e442d50b2b46e243,1326468,,,,,,,,,,,,,,,,,,,,,,,,,,,,,,,,,,,,,,,,,,,,,,,,,,TN,,,,,,,,,,
mozilla-beta,4168539,13,b83612eacaf8eff6c5b8a31215809a39b157f6fb,linux1804-64-shippable-qr,True,False,,|f|i|s|s|i|o|n| |w|a|r|m| |w|e|b|r|e|n|d|e|r|,102210fe594ee9b33d82058545b1ed14f4c8206e,loadtime,nytimes,True,nytimes loadtime opt fission warm webrender,,6,ms,firefox,,1786345649,2023-11-02 20:40:12,1027.5,c5cefa7cf7968cb679cd9e608c644853e8bf3c5c,1326529,,,,,,,,,,,,,,,,,,,,,,,,,,,,,,,,,,,,,,,,,,,,,,,,,,TN,,,,,,,,,,
mozilla-beta,4168539,13,b83612eacaf8eff6c5b8a31215809a39b157f6fb,linux1804-64-shippable-qr,True,False,,|f|i|s|s|i|o|n| |w|a|r|m| |w|e|b|r|e|n|d|e|r|,102210fe594ee9b33d82058545b1ed14f4c8206e,loadtime,nytimes,True,nytimes loadtime opt fission warm webrender,,6,ms,firefox,,1786467790,2023-11-03 02:09:01,1032.2,10ccb989d5ffe828811dc99be6687afc0661fee6,1326660,,,,,,,,,,,,,,,,,,,,,,,,,,,,,,,,,,,,,,,,,,,,,,,,,,TN,,,,,,,,,,
mozilla-beta,4168539,13,b83612eacaf8eff6c5b8a31215809a39b157f6fb,linux1804-64-shippable-qr,True,False,,|f|i|s|s|i|o|n| |w|a|r|m| |w|e|b|r|e|n|d|e|r|,102210fe594ee9b33d82058545b1ed14f4c8206e,loadtime,nytimes,True,nytimes loadtime opt fission warm webrender,,6,ms,firefox,,1786616194,2023-11-03 09:17:43,1034.7,2dce64a161d6de039d89197b2248a11466fc7fb1,1326756,,,,,,,,,,,,,,,,,,,,,,,,,,,,,,,,,,,,,,,,,,,,,,,,,,TN,,,,,,,,,,
mozilla-beta,4168539,13,b83612eacaf8eff6c5b8a31215809a39b157f6fb,linux1804-64-shippable-qr,True,False,,|f|i|s|s|i|o|n| |w|a|r|m| |w|e|b|r|e|n|d|e|r|,102210fe594ee9b33d82058545b1ed14f4c8206e,loadtime,nytimes,True,nytimes loadtime opt fission warm webrender,,6,ms,firefox,,1787010038,2023-11-03 20:10:06,1024.6,de7d0eba21d6dc9fa43711cb99724cf8bee14b09,1327141,,,,,,,,,,,,,,,,,,,,,,,,,,,,,,,,,,,,,,,,,,,,,,,,,,TN,,,,,,,,,,
mozilla-beta,4168539,13,b83612eacaf8eff6c5b8a31215809a39b157f6fb,linux1804-64-shippable-qr,True,False,,|f|i|s|s|i|o|n| |w|a|r|m| |w|e|b|r|e|n|d|e|r|,102210fe594ee9b33d82058545b1ed14f4c8206e,loadtime,nytimes,True,nytimes loadtime opt fission warm webrender,,6,ms,firefox,,1787058515,2023-11-03 20:37:38,1019.4,e236a9d8b7c953944c3ec583d1c67f4ee99b61c7,1327174,,,,,,,,,,,,,,,,,,,,,,,,,,,,,,,,,,,,,,,,,,,,,,,,,,TN,,,,,,,,,,
mozilla-beta,4168539,13,b83612eacaf8eff6c5b8a31215809a39b157f6fb,linux1804-64-shippable-qr,True,False,,|f|i|s|s|i|o|n| |w|a|r|m| |w|e|b|r|e|n|d|e|r|,102210fe594ee9b33d82058545b1ed14f4c8206e,loadtime,nytimes,True,nytimes loadtime opt fission warm webrender,,6,ms,firefox,,1787105535,2023-11-03 22:57:26,1028.2,0e4c1aabb1e89b399ec8af74160f4dded9290029,1327231,,,,,,,,,,,,,,,,,,,,,,,,,,,,,,,,,,,,,,,,,,,,,,,,,,TN,,,,,,,,,,
mozilla-beta,4168539,13,b83612eacaf8eff6c5b8a31215809a39b157f6fb,linux1804-64-shippable-qr,True,False,,|f|i|s|s|i|o|n| |w|a|r|m| |w|e|b|r|e|n|d|e|r|,102210fe594ee9b33d82058545b1ed14f4c8206e,loadtime,nytimes,True,nytimes loadtime opt fission warm webrender,,6,ms,firefox,,1787236650,2023-11-04 09:15:24,1012.6,aaed062f99d7c0ecc1574d16fc93d7aad82bfe08,1327315,,,,,,,,,,,,,,,,,,,,,,,,,,,,,,,,,,,,,,,,,,,,,,,,,,TN,,,,,,,,,,
mozilla-beta,4168539,13,b83612eacaf8eff6c5b8a31215809a39b157f6fb,linux1804-64-shippable-qr,True,False,,|f|i|s|s|i|o|n| |w|a|r|m| |w|e|b|r|e|n|d|e|r|,102210fe594ee9b33d82058545b1ed14f4c8206e,loadtime,nytimes,True,nytimes loadtime opt fission warm webrender,,6,ms,firefox,,1787695189,2023-11-05 09:16:57,1019.7,ac9cccecb9fd15c83e5a504a0a4777033d8012fc,1327481,,,,,,,,,,,,,,,,,,,,,,,,,,,,,,,,,,,,,,,,,,,,,,,,,,TN,,,,,,,,,,
mozilla-beta,4168539,13,b83612eacaf8eff6c5b8a31215809a39b157f6fb,linux1804-64-shippable-qr,True,False,,|f|i|s|s|i|o|n| |w|a|r|m| |w|e|b|r|e|n|d|e|r|,102210fe594ee9b33d82058545b1ed14f4c8206e,loadtime,nytimes,True,nytimes loadtime opt fission warm webrender,,6,ms,firefox,,1787821004,2023-11-05 16:06:30,1024.2,a8eb7938131dec30c0043b6eeed4ca9727b3dcda,1327540,,,,,,,,,,,,,,,,,,,,,,,,,,,,,,,,,,,,,,,,,,,,,,,,,,TN,,,,,,,,,,
mozilla-beta,4168539,13,b83612eacaf8eff6c5b8a31215809a39b157f6fb,linux1804-64-shippable-qr,True,False,,|f|i|s|s|i|o|n| |w|a|r|m| |w|e|b|r|e|n|d|e|r|,102210fe594ee9b33d82058545b1ed14f4c8206e,loadtime,nytimes,True,nytimes loadtime opt fission warm webrender,,6,ms,firefox,,1788018172,2023-11-06 00:47:38,1020.7,fba3b198dcedf2312097e9dc1c6a57b9a25730d6,1327573,,,,,,,,,,,,,,,,,,,,,,,,,,,,,,,,,,,,,,,,,,,,,,,,,,TN,,,,,,,,,,
mozilla-beta,4168539,13,b83612eacaf8eff6c5b8a31215809a39b157f6fb,linux1804-64-shippable-qr,True,False,,|f|i|s|s|i|o|n| |w|a|r|m| |w|e|b|r|e|n|d|e|r|,102210fe594ee9b33d82058545b1ed14f4c8206e,loadtime,nytimes,True,nytimes loadtime opt fission warm webrender,,6,ms,firefox,,1788375651,2023-11-06 09:16:14,1012.6,84adf50c3d323e26c6a519a062b2417bb322ff0b,1327663,,,,,,,,,,,,,,,,,,,,,,,,,,,,,,,,,,,,,,,,,,,,,,,,,,TN,,,,,,,,,,
mozilla-beta,4168539,13,b83612eacaf8eff6c5b8a31215809a39b157f6fb,linux1804-64-shippable-qr,True,False,,|f|i|s|s|i|o|n| |w|a|r|m| |w|e|b|r|e|n|d|e|r|,102210fe594ee9b33d82058545b1ed14f4c8206e,loadtime,nytimes,True,nytimes loadtime opt fission warm webrender,,6,ms,firefox,,1788743926,2023-11-06 17:07:28,1009.1,515a8603c619c309e86df4e9288a2840561043fe,1328000,,,,,,,,,,,,,,,,,,,,,,,,,,,,,,,,,,,,,,,,,,,,,,,,,,TN,,,,,,,,,,
mozilla-beta,4168539,13,b83612eacaf8eff6c5b8a31215809a39b157f6fb,linux1804-64-shippable-qr,True,False,,|f|i|s|s|i|o|n| |w|a|r|m| |w|e|b|r|e|n|d|e|r|,102210fe594ee9b33d82058545b1ed14f4c8206e,loadtime,nytimes,True,nytimes loadtime opt fission warm webrender,,6,ms,firefox,,1789242440,2023-11-07 09:17:03,1048.3,46b44caed301798da4c8f6f69976582d1a514c7a,1328381,,,,,,,,,,,,,,,,,,,,,,,,,,,,,,,,,,,,,,,,,,,,,,,,,,TN,,,,,,,,,,
mozilla-beta,4168539,13,b83612eacaf8eff6c5b8a31215809a39b157f6fb,linux1804-64-shippable-qr,True,False,,|f|i|s|s|i|o|n| |w|a|r|m| |w|e|b|r|e|n|d|e|r|,102210fe594ee9b33d82058545b1ed14f4c8206e,loadtime,nytimes,True,nytimes loadtime opt fission warm webrender,,6,ms,firefox,,1789346053,2023-11-07 13:33:14,1019.6,34ed90e9b164d86b138e679b7d142e0974fd7816,1328471,,,,,,,,,,,,,,,,,,,,,,,,,,,,,,,,,,,,,,,,,,,,,,,,,,TN,,,,,,,,,,
mozilla-beta,4168539,13,b83612eacaf8eff6c5b8a31215809a39b157f6fb,linux1804-64-shippable-qr,True,False,,|f|i|s|s|i|o|n| |w|a|r|m| |w|e|b|r|e|n|d|e|r|,102210fe594ee9b33d82058545b1ed14f4c8206e,loadtime,nytimes,True,nytimes loadtime opt fission warm webrender,,6,ms,firefox,,1789356579,2023-11-07 14:02:57,1026.0,38f5ce2d997a124467b8065b92a79d2efa0f3827,1328489,,,,,,,,,,,,,,,,,,,,,,,,,,,,,,,,,,,,,,,,,,,,,,,,,,TN,,,,,,,,,,
mozilla-beta,4168539,13,b83612eacaf8eff6c5b8a31215809a39b157f6fb,linux1804-64-shippable-qr,True,False,,|f|i|s|s|i|o|n| |w|a|r|m| |w|e|b|r|e|n|d|e|r|,102210fe594ee9b33d82058545b1ed14f4c8206e,loadtime,nytimes,True,nytimes loadtime opt fission warm webrender,,6,ms,firefox,,1789414864,2023-11-07 17:18:39,1029.2,997eb70f590ce32a22add6eed63c87f3fdc21b14,1328543,,,,,,,,,,,,,,,,,,,,,,,,,,,,,,,,,,,,,,,,,,,,,,,,,,TN,,,,,,,,,,
mozilla-beta,4168539,13,b83612eacaf8eff6c5b8a31215809a39b157f6fb,linux1804-64-shippable-qr,True,False,,|f|i|s|s|i|o|n| |w|a|r|m| |w|e|b|r|e|n|d|e|r|,102210fe594ee9b33d82058545b1ed14f4c8206e,loadtime,nytimes,True,nytimes loadtime opt fission warm webrender,,6,ms,firefox,,1789489154,2023-11-07 19:16:33,1025.2,36f6c182a44f717167c7dcde294710b0ff59b6e0,1328549,,,,,,,,,,,,,,,,,,,,,,,,,,,,,,,,,,,,,,,,,,,,,,,,,,TN,,,,,,,,,,
mozilla-beta,4168539,13,b83612eacaf8eff6c5b8a31215809a39b157f6fb,linux1804-64-shippable-qr,True,False,,|f|i|s|s|i|o|n| |w|a|r|m| |w|e|b|r|e|n|d|e|r|,102210fe594ee9b33d82058545b1ed14f4c8206e,loadtime,nytimes,True,nytimes loadtime opt fission warm webrender,,6,ms,firefox,,1789751721,2023-11-08 01:34:51,1017.8,9405e5ab3a4a597ffdfc3fc14887fdb4554c6f8d,1328839,,,,,,,,,,,,,,,,,,,,,,,,,,,,,,,,,,,,,,,,,,,,,,,,,,TN,,,,,,,,,,
mozilla-beta,4168539,13,b83612eacaf8eff6c5b8a31215809a39b157f6fb,linux1804-64-shippable-qr,True,False,,|f|i|s|s|i|o|n| |w|a|r|m| |w|e|b|r|e|n|d|e|r|,102210fe594ee9b33d82058545b1ed14f4c8206e,loadtime,nytimes,True,nytimes loadtime opt fission warm webrender,,6,ms,firefox,,1789787733,2023-11-08 03:37:05,1027.1,e96d59e6f3e4e226bfce9975094486d29040f986,1328883,,,,,,,,,,,,,,,,,,,,,,,,,,,,,,,,,,,,,,,,,,,,,,,,,,TN,,,,,,,,,,
mozilla-beta,4168539,13,b83612eacaf8eff6c5b8a31215809a39b157f6fb,linux1804-64-shippable-qr,True,False,,|f|i|s|s|i|o|n| |w|a|r|m| |w|e|b|r|e|n|d|e|r|,102210fe594ee9b33d82058545b1ed14f4c8206e,loadtime,nytimes,True,nytimes loadtime opt fission warm webrender,,6,ms,firefox,,1789814133,2023-11-08 03:58:18,1022.0,f51aba0f79ce6370a97337d938e26b7ca57a2628,1328887,,,,,,,,,,,,,,,,,,,,,,,,,,,,,,,,,,,,,,,,,,,,,,,,,,TN,,,,,,,,,,
mozilla-beta,4168539,13,b83612eacaf8eff6c5b8a31215809a39b157f6fb,linux1804-64-shippable-qr,True,False,,|f|i|s|s|i|o|n| |w|a|r|m| |w|e|b|r|e|n|d|e|r|,102210fe594ee9b33d82058545b1ed14f4c8206e,loadtime,nytimes,True,nytimes loadtime opt fission warm webrender,,6,ms,firefox,,1789959396,2023-11-08 09:19:43,1023.9,ff455344125244fea8ba3d4d3f1c125f1d4128ef,1328960,,,,,,,,,,,,,,,,,,,,,,,,,,,,,,,,,,,,,,,,,,,,,,,,,,TN,,,,,,,,,,
mozilla-beta,4168539,13,b83612eacaf8eff6c5b8a31215809a39b157f6fb,linux1804-64-shippable-qr,True,False,,|f|i|s|s|i|o|n| |w|a|r|m| |w|e|b|r|e|n|d|e|r|,102210fe594ee9b33d82058545b1ed14f4c8206e,loadtime,nytimes,True,nytimes loadtime opt fission warm webrender,,6,ms,firefox,,1790250358,2023-11-08 19:02:24,1026.8,8b41a52794e1bbd3fba47da74ae0f35ed8e7881e,1329301,,,,,,,,,,,,,,,,,,,,,,,,,,,,,,,,,,,,,,,,,,,,,,,,,,TN,,,,,,,,,,
mozilla-beta,4168539,13,b83612eacaf8eff6c5b8a31215809a39b157f6fb,linux1804-64-shippable-qr,True,False,,|f|i|s|s|i|o|n| |w|a|r|m| |w|e|b|r|e|n|d|e|r|,102210fe594ee9b33d82058545b1ed14f4c8206e,loadtime,nytimes,True,nytimes loadtime opt fission warm webrender,,6,ms,firefox,,1790250616,2023-11-08 19:22:35,1026.5,f33d3ade665d9a85492c827858001798f824cf82,1329310,,,,,,,,,,,,,,,,,,,,,,,,,,,,,,,,,,,,,,,,,,,,,,,,,,TN,,,,,,,,,,
mozilla-beta,4168539,13,b83612eacaf8eff6c5b8a31215809a39b157f6fb,linux1804-64-shippable-qr,True,False,,|f|i|s|s|i|o|n| |w|a|r|m| |w|e|b|r|e|n|d|e|r|,102210fe594ee9b33d82058545b1ed14f4c8206e,loadtime,nytimes,True,nytimes loadtime opt fission warm webrender,,6,ms,firefox,,1790779169,2023-11-09 09:18:08,1027.4,c3cf1434c26f7cccbac13d707dcebb6f320ce8fd,1329714,,,,,,,,,,,,,,,,,,,,,,,,,,,,,,,,,,,,,,,,,,,,,,,,,,TN,,,,,,,,,,
mozilla-beta,4168539,13,b83612eacaf8eff6c5b8a31215809a39b157f6fb,linux1804-64-shippable-qr,True,False,,|f|i|s|s|i|o|n| |w|a|r|m| |w|e|b|r|e|n|d|e|r|,102210fe594ee9b33d82058545b1ed14f4c8206e,loadtime,nytimes,True,nytimes loadtime opt fission warm webrender,,6,ms,firefox,,1790956015,2023-11-09 13:29:14,1023.2,1dfb79685f27e9f11e469e5ab3e8a58fb9e58b73,1329834,,,,,,,,,,,,,,,,,,,,,,,,,,,,,,,,,,,,,,,,,,,,,,,,,,TN,,,,,,,,,,
mozilla-beta,4168539,13,b83612eacaf8eff6c5b8a31215809a39b157f6fb,linux1804-64-shippable-qr,True,False,,|f|i|s|s|i|o|n| |w|a|r|m| |w|e|b|r|e|n|d|e|r|,102210fe594ee9b33d82058545b1ed14f4c8206e,loadtime,nytimes,True,nytimes loadtime opt fission warm webrender,,6,ms,firefox,,1791038768,2023-11-09 13:41:54,1016.1,78b796c9f7f53a888614ed5392a7db7229ee834f,1329838,,,,,,,,,,,,,,,,,,,,,,,,,,,,,,,,,,,,,,,,,,,,,,,,,,TN,,,,,,,,,,
mozilla-beta,4168539,13,b83612eacaf8eff6c5b8a31215809a39b157f6fb,linux1804-64-shippable-qr,True,False,,|f|i|s|s|i|o|n| |w|a|r|m| |w|e|b|r|e|n|d|e|r|,102210fe594ee9b33d82058545b1ed14f4c8206e,loadtime,nytimes,True,nytimes loadtime opt fission warm webrender,,6,ms,firefox,,1791021506,2023-11-09 15:05:03,1023.0,03a9bf50f31d7228b355e7f9d70e29dd18babfdc,1329887,,,,,,,,,,,,,,,,,,,,,,,,,,,,,,,,,,,,,,,,,,,,,,,,,,TN,,,,,,,,,,
mozilla-beta,4168539,13,b83612eacaf8eff6c5b8a31215809a39b157f6fb,linux1804-64-shippable-qr,True,False,,|f|i|s|s|i|o|n| |w|a|r|m| |w|e|b|r|e|n|d|e|r|,102210fe594ee9b33d82058545b1ed14f4c8206e,loadtime,nytimes,True,nytimes loadtime opt fission warm webrender,,6,ms,firefox,,1791066686,2023-11-09 16:40:47,1024.2,5e9554d172fc9851c0d74bdd6990c7434c7f6cf3,1329939,,,,,,,,,,,,,,,,,,,,,,,,,,,,,,,,,,,,,,,,,,,,,,,,,,TN,,,,,,,,,,
mozilla-beta,4168539,13,b83612eacaf8eff6c5b8a31215809a39b157f6fb,linux1804-64-shippable-qr,True,False,,|f|i|s|s|i|o|n| |w|a|r|m| |w|e|b|r|e|n|d|e|r|,102210fe594ee9b33d82058545b1ed14f4c8206e,loadtime,nytimes,True,nytimes loadtime opt fission warm webrender,,6,ms,firefox,,1791128778,2023-11-09 17:22:31,1030.3,38f3cd5c2a42373d39c8ec864053d206168e22dd,1329961,,,,,,,,,,,,,,,,,,,,,,,,,,,,,,,,,,,,,,,,,,,,,,,,,,TN,,,,,,,,,,
mozilla-beta,4168539,13,b83612eacaf8eff6c5b8a31215809a39b157f6fb,linux1804-64-shippable-qr,True,False,,|f|i|s|s|i|o|n| |w|a|r|m| |w|e|b|r|e|n|d|e|r|,102210fe594ee9b33d82058545b1ed14f4c8206e,loadtime,nytimes,True,nytimes loadtime opt fission warm webrender,,6,ms,firefox,,1791160050,2023-11-09 18:22:53,1019.0,b0f04f13b25453822484a6a53bc6b2b39bba4ae7,1329997,,,,,,,,,,,,,,,,,,,,,,,,,,,,,,,,,,,,,,,,,,,,,,,,,,TN,,,,,,,,,,
mozilla-beta,4168539,13,b83612eacaf8eff6c5b8a31215809a39b157f6fb,linux1804-64-shippable-qr,True,False,,|f|i|s|s|i|o|n| |w|a|r|m| |w|e|b|r|e|n|d|e|r|,102210fe594ee9b33d82058545b1ed14f4c8206e,loadtime,nytimes,True,nytimes loadtime opt fission warm webrender,,6,ms,firefox,,1791243630,2023-11-09 20:58:42,1014.9,73db5f7ddc5b694785856785df3e3d6d8c5054f5,1330116,,,,,,,,,,,,,,,,,,,,,,,,,,,,,,,,,,,,,,,,,,,,,,,,,,TN,,,,,,,,,,
mozilla-beta,4168539,13,b83612eacaf8eff6c5b8a31215809a39b157f6fb,linux1804-64-shippable-qr,True,False,,|f|i|s|s|i|o|n| |w|a|r|m| |w|e|b|r|e|n|d|e|r|,102210fe594ee9b33d82058545b1ed14f4c8206e,loadtime,nytimes,True,nytimes loadtime opt fission warm webrender,,6,ms,firefox,,1791229648,2023-11-09 21:16:58,1023.9,4033da50913992a740487deb43a255f0ad27ca9d,1330119,,,,,,,,,,,,,,,,,,,,,,,,,,,,,,,,,,,,,,,,,,,,,,,,,,TN,,,,,,,,,,
mozilla-beta,4168539,13,b83612eacaf8eff6c5b8a31215809a39b157f6fb,linux1804-64-shippable-qr,True,False,,|f|i|s|s|i|o|n| |w|a|r|m| |w|e|b|r|e|n|d|e|r|,102210fe594ee9b33d82058545b1ed14f4c8206e,loadtime,nytimes,True,nytimes loadtime opt fission warm webrender,,6,ms,firefox,,1791353173,2023-11-09 23:34:01,1024.7,05cb865cacd6b9585e3049124f490cf19705d380,1330175,,,,,,,,,,,,,,,,,,,,,,,,,,,,,,,,,,,,,,,,,,,,,,,,,,TN,,,,,,,,,,
mozilla-beta,4168539,13,b83612eacaf8eff6c5b8a31215809a39b157f6fb,linux1804-64-shippable-qr,True,False,,|f|i|s|s|i|o|n| |w|a|r|m| |w|e|b|r|e|n|d|e|r|,102210fe594ee9b33d82058545b1ed14f4c8206e,loadtime,nytimes,True,nytimes loadtime opt fission warm webrender,,6,ms,firefox,,1791504615,2023-11-10 03:58:58,1021.5,c235e860ed91d38314fe1dbcf2ecdd2db91b9bb9,1330254,,,,,,,,,,,,,,,,,,,,,,,,,,,,,,,,,,,,,,,,,,,,,,,,,,TN,,,,,,,,,,
mozilla-beta,4168539,13,b83612eacaf8eff6c5b8a31215809a39b157f6fb,linux1804-64-shippable-qr,True,False,,|f|i|s|s|i|o|n| |w|a|r|m| |w|e|b|r|e|n|d|e|r|,102210fe594ee9b33d82058545b1ed14f4c8206e,loadtime,nytimes,True,nytimes loadtime opt fission warm webrender,,6,ms,firefox,,1791654462,2023-11-10 08:26:24,1024.3,c9cafe13464891df5979172a1cea00ceb1c89615,1330300,,,,,,,,,,,,,,,,,,,,,,,,,,,,,,,,,,,,,,,,,,,,,,,,,,TN,,,,,,,,,,
mozilla-beta,4168539,13,b83612eacaf8eff6c5b8a31215809a39b157f6fb,linux1804-64-shippable-qr,True,False,,|f|i|s|s|i|o|n| |w|a|r|m| |w|e|b|r|e|n|d|e|r|,102210fe594ee9b33d82058545b1ed14f4c8206e,loadtime,nytimes,True,nytimes loadtime opt fission warm webrender,,6,ms,firefox,,1791670816,2023-11-10 09:17:50,1018.6,79c92eeab276a93d9b1d5cc754e2bb395e76ebf3,1330325,,,,,,,,,,,,,,,,,,,,,,,,,,,,,,,,,,,,,,,,,,,,,,,,,,TN,,,,,,,,,,
mozilla-beta,4168539,13,b83612eacaf8eff6c5b8a31215809a39b157f6fb,linux1804-64-shippable-qr,True,False,,|f|i|s|s|i|o|n| |w|a|r|m| |w|e|b|r|e|n|d|e|r|,102210fe594ee9b33d82058545b1ed14f4c8206e,loadtime,nytimes,True,nytimes loadtime opt fission warm webrender,,6,ms,firefox,,1792373213,2023-11-11 09:17:06,1025.5,833ba8fe101b84f0d4e7dbe07363af1f91c20b18,1330685,,,,,,,,,,,,,,,,,,,,,,,,,,,,,,,,,,,,,,,,,,,,,,,,,,TN,,,,,,,,,,
mozilla-beta,4168539,13,b83612eacaf8eff6c5b8a31215809a39b157f6fb,linux1804-64-shippable-qr,True,False,,|f|i|s|s|i|o|n| |w|a|r|m| |w|e|b|r|e|n|d|e|r|,102210fe594ee9b33d82058545b1ed14f4c8206e,loadtime,nytimes,True,nytimes loadtime opt fission warm webrender,,6,ms,firefox,,1792824283,2023-11-12 09:16:19,1051.2,a1334e8e601add3495509f96d677cff89b4693b1,1330777,,,,,,,,,,,,,,,,,,,,,,,,,,,,,,,,,,,,,,,,,,,,,,,,,,TN,,,,,,,,,,
mozilla-beta,4168539,13,b83612eacaf8eff6c5b8a31215809a39b157f6fb,linux1804-64-shippable-qr,True,False,,|f|i|s|s|i|o|n| |w|a|r|m| |w|e|b|r|e|n|d|e|r|,102210fe594ee9b33d82058545b1ed14f4c8206e,loadtime,nytimes,True,nytimes loadtime opt fission warm webrender,,6,ms,firefox,,1793151799,2023-11-13 09:20:35,1005.3,39694175bf62c4c07f2001ab520f7e410eec192b,1330927,,,,,,,,,,,,,,,,,,,,,,,,,,,,,,,,,,,,,,,,,,,,,,,,,,TN,,,,,,,,,,
mozilla-beta,4168539,13,b83612eacaf8eff6c5b8a31215809a39b157f6fb,linux1804-64-shippable-qr,True,False,,|f|i|s|s|i|o|n| |w|a|r|m| |w|e|b|r|e|n|d|e|r|,102210fe594ee9b33d82058545b1ed14f4c8206e,loadtime,nytimes,True,nytimes loadtime opt fission warm webrender,,6,ms,firefox,,1793386666,2023-11-13 14:12:00,1017.1,e2b2510f97612093f381ee1f4220e71ff949d845,1331051,,,,,,,,,,,,,,,,,,,,,,,,,,,,,,,,,,,,,,,,,,,,,,,,,,TN,,,,,,,,,,
mozilla-beta,4168539,13,b83612eacaf8eff6c5b8a31215809a39b157f6fb,linux1804-64-shippable-qr,True,False,,|f|i|s|s|i|o|n| |w|a|r|m| |w|e|b|r|e|n|d|e|r|,102210fe594ee9b33d82058545b1ed14f4c8206e,loadtime,nytimes,True,nytimes loadtime opt fission warm webrender,,6,ms,firefox,,1797235772,2023-11-20 15:49:37,1028.8,d6c8c84a26388612d432fd27aadcc8cdc1bc4e07,1334745,,,,,,,,,,,,,,,,,,,,,,,,,,,,,,,,,,,,,,,,,,,,,,,,,,TN,,,,,,,,,,
mozilla-beta,4168539,13,b83612eacaf8eff6c5b8a31215809a39b157f6fb,linux1804-64-shippable-qr,True,False,,|f|i|s|s|i|o|n| |w|a|r|m| |w|e|b|r|e|n|d|e|r|,102210fe594ee9b33d82058545b1ed14f4c8206e,loadtime,nytimes,True,nytimes loadtime opt fission warm webrender,,6,ms,firefox,,1797832990,2023-11-21 09:16:19,886.4,7c525212b0a40c1f9ca40c7a7dd04825767c444c,1335327,,,,,,,,,,,,,,,,,,,,,,,,,,,,,,,,,,,,,,,,,,,,,,,,,,TN,,,,,,,,,,
mozilla-beta,4168539,13,b83612eacaf8eff6c5b8a31215809a39b157f6fb,linux1804-64-shippable-qr,True,False,,|f|i|s|s|i|o|n| |w|a|r|m| |w|e|b|r|e|n|d|e|r|,102210fe594ee9b33d82058545b1ed14f4c8206e,loadtime,nytimes,True,nytimes loadtime opt fission warm webrender,,6,ms,firefox,,1798055458,2023-11-21 15:08:03,1015.3,f2fa5dbe8e76996e929aebba1ccfe170e0a231ed,1335577,,,,,,,,,,,,,,,,,,,,,,,,,,,,,,,,,,,,,,,,,,,,,,,,,,TN,,,,,,,,,,
mozilla-beta,4168539,13,b83612eacaf8eff6c5b8a31215809a39b157f6fb,linux1804-64-shippable-qr,True,False,,|f|i|s|s|i|o|n| |w|a|r|m| |w|e|b|r|e|n|d|e|r|,102210fe594ee9b33d82058545b1ed14f4c8206e,loadtime,nytimes,True,nytimes loadtime opt fission warm webrender,,6,ms,firefox,,1798074509,2023-11-21 15:10:55,1068.9,e86366dbad4958dc3a70d6f76351ede9d78dbca4,1335580,,,,,,,,,,,,,,,,,,,,,,,,,,,,,,,,,,,,,,,,,,,,,,,,,,TN,,,,,,,,,,
mozilla-beta,4168539,13,b83612eacaf8eff6c5b8a31215809a39b157f6fb,linux1804-64-shippable-qr,True,False,,|f|i|s|s|i|o|n| |w|a|r|m| |w|e|b|r|e|n|d|e|r|,102210fe594ee9b33d82058545b1ed14f4c8206e,loadtime,nytimes,True,nytimes loadtime opt fission warm webrender,,6,ms,firefox,,1798024778,2023-11-21 15:26:40,1033.7,ae7ec6bbf12f4bf101eb93a4eec56237e2c94711,1335594,,,,,,,,,,,,,,,,,,,,,,,,,,,,,,,,,,,,,,,,,,,,,,,,,,TN,,,,,,,,,,
mozilla-beta,4168539,13,b83612eacaf8eff6c5b8a31215809a39b157f6fb,linux1804-64-shippable-qr,True,False,,|f|i|s|s|i|o|n| |w|a|r|m| |w|e|b|r|e|n|d|e|r|,102210fe594ee9b33d82058545b1ed14f4c8206e,loadtime,nytimes,True,nytimes loadtime opt fission warm webrender,,6,ms,firefox,,1798618512,2023-11-22 09:19:04,1020.2,850029a700cfcd62c70e1153778fcac0c0accbd5,1336139,,,,,,,,,,,,,,,,,,,,,,,,,,,,,,,,,,,,,,,,,,,,,,,,,,TN,,,,,,,,,,
mozilla-beta,4168539,13,b83612eacaf8eff6c5b8a31215809a39b157f6fb,linux1804-64-shippable-qr,True,False,,|f|i|s|s|i|o|n| |w|a|r|m| |w|e|b|r|e|n|d|e|r|,102210fe594ee9b33d82058545b1ed14f4c8206e,loadtime,nytimes,True,nytimes loadtime opt fission warm webrender,,6,ms,firefox,,1799006165,2023-11-22 19:21:33,1020.6,14a07890399d7fede9ff72d30f69469e83896f21,1336564,,,,,,,,,,,,,,,,,,,,,,,,,,,,,,,,,,,,,,,,,,,,,,,,,,TN,,,,,,,,,,
mozilla-beta,4168539,13,b83612eacaf8eff6c5b8a31215809a39b157f6fb,linux1804-64-shippable-qr,True,False,,|f|i|s|s|i|o|n| |w|a|r|m| |w|e|b|r|e|n|d|e|r|,102210fe594ee9b33d82058545b1ed14f4c8206e,loadtime,nytimes,True,nytimes loadtime opt fission warm webrender,,6,ms,firefox,,1799113145,2023-11-22 20:38:02,1017.8,40509a3a99ddbed1f837b0a394d68ba95dc592ae,1336613,,,,,,,,,,,,,,,,,,,,,,,,,,,,,,,,,,,,,,,,,,,,,,,,,,TN,,,,,,,,,,
mozilla-beta,4168539,13,b83612eacaf8eff6c5b8a31215809a39b157f6fb,linux1804-64-shippable-qr,True,False,,|f|i|s|s|i|o|n| |w|a|r|m| |w|e|b|r|e|n|d|e|r|,102210fe594ee9b33d82058545b1ed14f4c8206e,loadtime,nytimes,True,nytimes loadtime opt fission warm webrender,,6,ms,firefox,,1799532529,2023-11-23 09:18:18,1025.8,2e013f4ee88a4fb15ea4f5f8a438541d18bf8c4f,1336824,,,,,,,,,,,,,,,,,,,,,,,,,,,,,,,,,,,,,,,,,,,,,,,,,,TN,,,,,,,,,,
mozilla-beta,4168539,13,b83612eacaf8eff6c5b8a31215809a39b157f6fb,linux1804-64-shippable-qr,True,False,,|f|i|s|s|i|o|n| |w|a|r|m| |w|e|b|r|e|n|d|e|r|,102210fe594ee9b33d82058545b1ed14f4c8206e,loadtime,nytimes,True,nytimes loadtime opt fission warm webrender,,6,ms,firefox,,1799810758,2023-11-23 15:17:32,1025.4,e2d0a18759309d8d69b72e5fc1f26d7570df19e9,1337048,,,,,,,,,,,,,,,,,,,,,,,,,,,,,,,,,,,,,,,,,,,,,,,,,,TN,,,,,,,,,,
mozilla-beta,4168539,13,b83612eacaf8eff6c5b8a31215809a39b157f6fb,linux1804-64-shippable-qr,True,False,,|f|i|s|s|i|o|n| |w|a|r|m| |w|e|b|r|e|n|d|e|r|,102210fe594ee9b33d82058545b1ed14f4c8206e,loadtime,nytimes,True,nytimes loadtime opt fission warm webrender,,6,ms,firefox,,1799856980,2023-11-23 16:48:11,1014.3,f5ed817bca36dcf683dcbf037a3122509c21e33c,1337100,,,,,,,,,,,,,,,,,,,,,,,,,,,,,,,,,,,,,,,,,,,,,,,,,,TN,,,,,,,,,,
mozilla-beta,4168539,13,b83612eacaf8eff6c5b8a31215809a39b157f6fb,linux1804-64-shippable-qr,True,False,,|f|i|s|s|i|o|n| |w|a|r|m| |w|e|b|r|e|n|d|e|r|,102210fe594ee9b33d82058545b1ed14f4c8206e,loadtime,nytimes,True,nytimes loadtime opt fission warm webrender,,6,ms,firefox,,1799897339,2023-11-23 18:38:27,1021.5,0ebfc2cc8b6ff18c0e37d80523ea5eb997c7d5e1,1337195,,,,,,,,,,,,,,,,,,,,,,,,,,,,,,,,,,,,,,,,,,,,,,,,,,TN,,,,,,,,,,
mozilla-beta,4168539,13,b83612eacaf8eff6c5b8a31215809a39b157f6fb,linux1804-64-shippable-qr,True,False,,|f|i|s|s|i|o|n| |w|a|r|m| |w|e|b|r|e|n|d|e|r|,102210fe594ee9b33d82058545b1ed14f4c8206e,loadtime,nytimes,True,nytimes loadtime opt fission warm webrender,,6,ms,firefox,,1799922941,2023-11-23 19:14:24,1029.9,f5b525d6b641f9bf120912b729d84800fed945e4,1337218,,,,,,,,,,,,,,,,,,,,,,,,,,,,,,,,,,,,,,,,,,,,,,,,,,TN,,,,,,,,,,
mozilla-beta,4168539,13,b83612eacaf8eff6c5b8a31215809a39b157f6fb,linux1804-64-shippable-qr,True,False,,|f|i|s|s|i|o|n| |w|a|r|m| |w|e|b|r|e|n|d|e|r|,102210fe594ee9b33d82058545b1ed14f4c8206e,loadtime,nytimes,True,nytimes loadtime opt fission warm webrender,,6,ms,firefox,,1799940450,2023-11-23 19:59:59,1015.2,63e4626951c04bbd1987f0e48b03e96cb2af7457,1337233,,,,,,,,,,,,,,,,,,,,,,,,,,,,,,,,,,,,,,,,,,,,,,,,,,TN,,,,,,,,,,
mozilla-beta,4168539,13,b83612eacaf8eff6c5b8a31215809a39b157f6fb,linux1804-64-shippable-qr,True,False,,|f|i|s|s|i|o|n| |w|a|r|m| |w|e|b|r|e|n|d|e|r|,102210fe594ee9b33d82058545b1ed14f4c8206e,loadtime,nytimes,True,nytimes loadtime opt fission warm webrender,,6,ms,firefox,,1800299054,2023-11-24 09:15:12,1010.3,97f726c68ad098e3376af09d49d8e89361b016a6,1337432,,,,,,,,,,,,,,,,,,,,,,,,,,,,,,,,,,,,,,,,,,,,,,,,,,TN,,,,,,,,,,
mozilla-beta,4168539,13,b83612eacaf8eff6c5b8a31215809a39b157f6fb,linux1804-64-shippable-qr,True,False,,|f|i|s|s|i|o|n| |w|a|r|m| |w|e|b|r|e|n|d|e|r|,102210fe594ee9b33d82058545b1ed14f4c8206e,loadtime,nytimes,True,nytimes loadtime opt fission warm webrender,,6,ms,firefox,,1800538701,2023-11-24 16:49:36,1016.2,1a3e4add92e41944bafb12b17fa66335af9af3a8,1337659,,,,,,,,,,,,,,,,,,,,,,,,,,,,,,,,,,,,,,,,,,,,,,,,,,TN,,,,,,,,,,
mozilla-beta,4168539,13,b83612eacaf8eff6c5b8a31215809a39b157f6fb,linux1804-64-shippable-qr,True,False,,|f|i|s|s|i|o|n| |w|a|r|m| |w|e|b|r|e|n|d|e|r|,102210fe594ee9b33d82058545b1ed14f4c8206e,loadtime,nytimes,True,nytimes loadtime opt fission warm webrender,,6,ms,firefox,,1800600230,2023-11-24 19:26:24,1028.0,6d0a62974b9b656be959cbc5c28072dba236c9a1,1337720,,,,,,,,,,,,,,,,,,,,,,,,,,,,,,,,,,,,,,,,,,,,,,,,,,TN,,,,,,,,,,
mozilla-beta,4168539,13,b83612eacaf8eff6c5b8a31215809a39b157f6fb,linux1804-64-shippable-qr,True,False,,|f|i|s|s|i|o|n| |w|a|r|m| |w|e|b|r|e|n|d|e|r|,102210fe594ee9b33d82058545b1ed14f4c8206e,loadtime,nytimes,True,nytimes loadtime opt fission warm webrender,,6,ms,firefox,,1800814533,2023-11-25 09:17:02,1011.8,7bb0d2c11841a1ee47bcd3d93a7930c8e870cf38,1337839,,,,,,,,,,,,,,,,,,,,,,,,,,,,,,,,,,,,,,,,,,,,,,,,,,TN,,,,,,,,,,
mozilla-beta,4168539,13,b83612eacaf8eff6c5b8a31215809a39b157f6fb,linux1804-64-shippable-qr,True,False,,|f|i|s|s|i|o|n| |w|a|r|m| |w|e|b|r|e|n|d|e|r|,102210fe594ee9b33d82058545b1ed14f4c8206e,loadtime,nytimes,True,nytimes loadtime opt fission warm webrender,,6,ms,firefox,,1800884301,2023-11-25 14:39:21,1028.2,2dab338879f00d7e06ba1d26794b0c47fe241084,1337868,,,,,,,,,,,,,,,,,,,,,,,,,,,,,,,,,,,,,,,,,,,,,,,,,,TN,,,,,,,,,,
mozilla-beta,4168539,13,b83612eacaf8eff6c5b8a31215809a39b157f6fb,linux1804-64-shippable-qr,True,False,,|f|i|s|s|i|o|n| |w|a|r|m| |w|e|b|r|e|n|d|e|r|,102210fe594ee9b33d82058545b1ed14f4c8206e,loadtime,nytimes,True,nytimes loadtime opt fission warm webrender,,6,ms,firefox,,1800980642,2023-11-26 09:14:56,1027.8,27f764d7fcefdc9fd2f61cdca2aa5fc58a71f4c3,1337923,,,,,,,,,,,,,,,,,,,,,,,,,,,,,,,,,,,,,,,,,,,,,,,,,,TN,,,,,,,,,,
mozilla-beta,4168539,13,b83612eacaf8eff6c5b8a31215809a39b157f6fb,linux1804-64-shippable-qr,True,False,,|f|i|s|s|i|o|n| |w|a|r|m| |w|e|b|r|e|n|d|e|r|,102210fe594ee9b33d82058545b1ed14f4c8206e,loadtime,nytimes,True,nytimes loadtime opt fission warm webrender,,6,ms,firefox,,1801055354,2023-11-26 19:05:04,1022.1,6731f3f1d5fbe50d8ef2db31b54734d886c575d9,1337952,,,,,,,,,,,,,,,,,,,,,,,,,,,,,,,,,,,,,,,,,,,,,,,,,,TN,,,,,,,,,,
mozilla-beta,4168539,13,b83612eacaf8eff6c5b8a31215809a39b157f6fb,linux1804-64-shippable-qr,True,False,,|f|i|s|s|i|o|n| |w|a|r|m| |w|e|b|r|e|n|d|e|r|,102210fe594ee9b33d82058545b1ed14f4c8206e,loadtime,nytimes,True,nytimes loadtime opt fission warm webrender,,6,ms,firefox,,1801078692,2023-11-26 19:58:34,1026.5,30ce6d1c901acbf2c75595616796c67a117d0e89,1337957,,,,,,,,,,,,,,,,,,,,,,,,,,,,,,,,,,,,,,,,,,,,,,,,,,TN,,,,,,,,,,
mozilla-beta,4168539,13,b83612eacaf8eff6c5b8a31215809a39b157f6fb,linux1804-64-shippable-qr,True,False,,|f|i|s|s|i|o|n| |w|a|r|m| |w|e|b|r|e|n|d|e|r|,102210fe594ee9b33d82058545b1ed14f4c8206e,loadtime,nytimes,True,nytimes loadtime opt fission warm webrender,,6,ms,firefox,,1801278275,2023-11-27 09:17:58,1017.3,6d4d6a99b1a66f36129039e40dd79f37e4f86f8f,1338056,,,,,,,,,,,,,,,,,,,,,,,,,,,,,,,,,,,,,,,,,,,,,,,,,,TN,,,,,,,,,,
mozilla-beta,4168539,13,b83612eacaf8eff6c5b8a31215809a39b157f6fb,linux1804-64-shippable-qr,True,False,,|f|i|s|s|i|o|n| |w|a|r|m| |w|e|b|r|e|n|d|e|r|,102210fe594ee9b33d82058545b1ed14f4c8206e,loadtime,nytimes,True,nytimes loadtime opt fission warm webrender,,6,ms,firefox,,1801538661,2023-11-27 17:32:57,1028.0,22785f6abc940d353708807dbadc7ca1899f9be4,1338393,,,,,,,,,,,,,,,,,,,,,,,,,,,,,,,,,,,,,,,,,,,,,,,,,,TN,,,,,,,,,,
mozilla-beta,4168539,13,b83612eacaf8eff6c5b8a31215809a39b157f6fb,linux1804-64-shippable-qr,True,False,,|f|i|s|s|i|o|n| |w|a|r|m| |w|e|b|r|e|n|d|e|r|,102210fe594ee9b33d82058545b1ed14f4c8206e,loadtime,nytimes,True,nytimes loadtime opt fission warm webrender,,6,ms,firefox,,1801728096,2023-11-27 22:16:43,1023.3,155655e47125a4651f979dd526be3225c2d0b362,1338584,,,,,,,,,,,,,,,,,,,,,,,,,,,,,,,,,,,,,,,,,,,,,,,,,,TN,,,,,,,,,,
mozilla-beta,4168539,13,b83612eacaf8eff6c5b8a31215809a39b157f6fb,linux1804-64-shippable-qr,True,False,,|f|i|s|s|i|o|n| |w|a|r|m| |w|e|b|r|e|n|d|e|r|,102210fe594ee9b33d82058545b1ed14f4c8206e,loadtime,nytimes,True,nytimes loadtime opt fission warm webrender,,6,ms,firefox,,1801737903,2023-11-27 22:27:53,1019.8,d33d3f4a57d58a0f7e5e713c6743fea942f723c5,1338597,,,,,,,,,,,,,,,,,,,,,,,,,,,,,,,,,,,,,,,,,,,,,,,,,,TN,,,,,,,,,,
mozilla-beta,4168539,13,b83612eacaf8eff6c5b8a31215809a39b157f6fb,linux1804-64-shippable-qr,True,False,,|f|i|s|s|i|o|n| |w|a|r|m| |w|e|b|r|e|n|d|e|r|,102210fe594ee9b33d82058545b1ed14f4c8206e,loadtime,nytimes,True,nytimes loadtime opt fission warm webrender,,6,ms,firefox,,1802011217,2023-11-28 09:16:16,1031.4,17705099714d6adc36e2222e53c5627edbc9d656,1338880,,,,,,,,,,,,,,,,,,,,,,,,,,,,,,,,,,,,,,,,,,,,,,,,,,TN,,,,,,,,,,
mozilla-beta,4168539,13,b83612eacaf8eff6c5b8a31215809a39b157f6fb,linux1804-64-shippable-qr,True,False,,|f|i|s|s|i|o|n| |w|a|r|m| |w|e|b|r|e|n|d|e|r|,102210fe594ee9b33d82058545b1ed14f4c8206e,loadtime,nytimes,True,nytimes loadtime opt fission warm webrender,,6,ms,firefox,,1802183535,2023-11-28 14:06:18,1065.2,267e2c2143d0e7732e12ee912c982da08ed3cfb3,1339040,,,,,,,,,,,,,,,,,,,,,,,,,,,,,,,,,,,,,,,,,,,,,,,,,,TN,,,,,,,,,,
mozilla-beta,4168539,13,b83612eacaf8eff6c5b8a31215809a39b157f6fb,linux1804-64-shippable-qr,True,False,,|f|i|s|s|i|o|n| |w|a|r|m| |w|e|b|r|e|n|d|e|r|,102210fe594ee9b33d82058545b1ed14f4c8206e,loadtime,nytimes,True,nytimes loadtime opt fission warm webrender,,6,ms,firefox,,1802321187,2023-11-28 18:01:37,1024.1,5ece1826f540e2d1024b784ca24bd0a9ab803d88,1339207,,,,,,,,,,,,,,,,,,,,,,,,,,,,,,,,,,,,,,,,,,,,,,,,,,TN,,,,,,,,,,
mozilla-beta,4168539,13,b83612eacaf8eff6c5b8a31215809a39b157f6fb,linux1804-64-shippable-qr,True,False,,|f|i|s|s|i|o|n| |w|a|r|m| |w|e|b|r|e|n|d|e|r|,102210fe594ee9b33d82058545b1ed14f4c8206e,loadtime,nytimes,True,nytimes loadtime opt fission warm webrender,,6,ms,firefox,,1802353617,2023-11-28 18:56:38,1020.9,5b886155d8f15f2a6b77a369aa6bd34f271b5179,1339250,,,,,,,,,,,,,,,,,,,,,,,,,,,,,,,,,,,,,,,,,,,,,,,,,,TN,,,,,,,,,,
mozilla-beta,4168539,13,b83612eacaf8eff6c5b8a31215809a39b157f6fb,linux1804-64-shippable-qr,True,False,,|f|i|s|s|i|o|n| |w|a|r|m| |w|e|b|r|e|n|d|e|r|,102210fe594ee9b33d82058545b1ed14f4c8206e,loadtime,nytimes,True,nytimes loadtime opt fission warm webrender,,6,ms,firefox,,1802541569,2023-11-29 01:18:21,1017.1,54bded7d814a16ec819b55ed9dabee819a5ab3d7,1339512,,,,,,,,,,,,,,,,,,,,,,,,,,,,,,,,,,,,,,,,,,,,,,,,,,TN,,,,,,,,,,
mozilla-beta,4168539,13,b83612eacaf8eff6c5b8a31215809a39b157f6fb,linux1804-64-shippable-qr,True,False,,|f|i|s|s|i|o|n| |w|a|r|m| |w|e|b|r|e|n|d|e|r|,102210fe594ee9b33d82058545b1ed14f4c8206e,loadtime,nytimes,True,nytimes loadtime opt fission warm webrender,,6,ms,firefox,,1802721363,2023-11-29 06:49:04,1027.8,deb04a41bcf2831f1f022865506bed3889189890,1339621,,,,,,,,,,,,,,,,,,,,,,,,,,,,,,,,,,,,,,,,,,,,,,,,,,TN,,,,,,,,,,
mozilla-beta,4168539,13,b83612eacaf8eff6c5b8a31215809a39b157f6fb,linux1804-64-shippable-qr,True,False,,|f|i|s|s|i|o|n| |w|a|r|m| |w|e|b|r|e|n|d|e|r|,102210fe594ee9b33d82058545b1ed14f4c8206e,loadtime,nytimes,True,nytimes loadtime opt fission warm webrender,,6,ms,firefox,,1802797607,2023-11-29 09:18:15,1030.5,dea294d4ae5a1a40f6bfd6e29b7d07fe56b7f472,1339673,,,,,,,,,,,,,,,,,,,,,,,,,,,,,,,,,,,,,,,,,,,,,,,,,,TN,,,,,,,,,,
mozilla-beta,4168539,13,b83612eacaf8eff6c5b8a31215809a39b157f6fb,linux1804-64-shippable-qr,True,False,,|f|i|s|s|i|o|n| |w|a|r|m| |w|e|b|r|e|n|d|e|r|,102210fe594ee9b33d82058545b1ed14f4c8206e,loadtime,nytimes,True,nytimes loadtime opt fission warm webrender,,6,ms,firefox,,1803122524,2023-11-29 18:19:02,1023.0,e98d3fec31d0b40a3913c13b0ee47cefb4d1e59e,1339978,,,,,,,,,,,,,,,,,,,,,,,,,,,,,,,,,,,,,,,,,,,,,,,,,,TN,,,,,,,,,,
mozilla-beta,4168539,13,b83612eacaf8eff6c5b8a31215809a39b157f6fb,linux1804-64-shippable-qr,True,False,,|f|i|s|s|i|o|n| |w|a|r|m| |w|e|b|r|e|n|d|e|r|,102210fe594ee9b33d82058545b1ed14f4c8206e,loadtime,nytimes,True,nytimes loadtime opt fission warm webrender,,6,ms,firefox,,1803132339,2023-11-29 19:19:47,1031.0,7f11f5cf2f8ef7fb54eea8d499ae7df1097763cc,1340032,,,,,,,,,,,,,,,,,,,,,,,,,,,,,,,,,,,,,,,,,,,,,,,,,,TN,,,,,,,,,,
mozilla-beta,4168539,13,b83612eacaf8eff6c5b8a31215809a39b157f6fb,linux1804-64-shippable-qr,True,False,,|f|i|s|s|i|o|n| |w|a|r|m| |w|e|b|r|e|n|d|e|r|,102210fe594ee9b33d82058545b1ed14f4c8206e,loadtime,nytimes,True,nytimes loadtime opt fission warm webrender,,6,ms,firefox,,1803251210,2023-11-29 22:50:54,1020.8,ca8ce1830705b459fc5202429667589f2934b17c,1340165,,,,,,,,,,,,,,,,,,,,,,,,,,,,,,,,,,,,,,,,,,,,,,,,,,TN,,,,,,,,,,
mozilla-beta,4168539,13,b83612eacaf8eff6c5b8a31215809a39b157f6fb,linux1804-64-shippable-qr,True,False,,|f|i|s|s|i|o|n| |w|a|r|m| |w|e|b|r|e|n|d|e|r|,102210fe594ee9b33d82058545b1ed14f4c8206e,loadtime,nytimes,True,nytimes loadtime opt fission warm webrender,,6,ms,firefox,,1803553151,2023-11-30 09:17:04,1024.6,5974796cd9cd088eb58006e6594138d3bc8e7d39,1340410,,,,,,,,,,,,,,,,,,,,,,,,,,,,,,,,,,,,,,,,,,,,,,,,,,TN,,,,,,,,,,
mozilla-beta,4168539,13,b83612eacaf8eff6c5b8a31215809a39b157f6fb,linux1804-64-shippable-qr,True,False,,|f|i|s|s|i|o|n| |w|a|r|m| |w|e|b|r|e|n|d|e|r|,102210fe594ee9b33d82058545b1ed14f4c8206e,loadtime,nytimes,True,nytimes loadtime opt fission warm webrender,,6,ms,firefox,,1803781765,2023-11-30 16:11:24,1026.9,20d769c8e7c11b7510e1eaed3d456b930cf6ea46,1340661,,,,,,,,,,,,,,,,,,,,,,,,,,,,,,,,,,,,,,,,,,,,,,,,,,TN,,,,,,,,,,
mozilla-beta,4168539,13,b83612eacaf8eff6c5b8a31215809a39b157f6fb,linux1804-64-shippable-qr,True,False,,|f|i|s|s|i|o|n| |w|a|r|m| |w|e|b|r|e|n|d|e|r|,102210fe594ee9b33d82058545b1ed14f4c8206e,loadtime,nytimes,True,nytimes loadtime opt fission warm webrender,,6,ms,firefox,,1803799542,2023-11-30 16:34:04,1022.5,c1852b5f0fd3cae3ab6e22effca4d9f2689aeeeb,1340692,,,,,,,,,,,,,,,,,,,,,,,,,,,,,,,,,,,,,,,,,,,,,,,,,,TN,,,,,,,,,,
mozilla-beta,4168539,13,b83612eacaf8eff6c5b8a31215809a39b157f6fb,linux1804-64-shippable-qr,True,False,,|f|i|s|s|i|o|n| |w|a|r|m| |w|e|b|r|e|n|d|e|r|,102210fe594ee9b33d82058545b1ed14f4c8206e,loadtime,nytimes,True,nytimes loadtime opt fission warm webrender,,6,ms,firefox,,1803818350,2023-11-30 16:43:33,1014.8,bc9f83635d02d18d06ea0e35565f7bb49b2c7608,1340700,,,,,,,,,,,,,,,,,,,,,,,,,,,,,,,,,,,,,,,,,,,,,,,,,,TN,,,,,,,,,,
mozilla-beta,4168539,13,b83612eacaf8eff6c5b8a31215809a39b157f6fb,linux1804-64-shippable-qr,True,False,,|f|i|s|s|i|o|n| |w|a|r|m| |w|e|b|r|e|n|d|e|r|,102210fe594ee9b33d82058545b1ed14f4c8206e,loadtime,nytimes,True,nytimes loadtime opt fission warm webrender,,6,ms,firefox,,1803873526,2023-11-30 18:34:41,1029.9,5df38003afc947e7f0932dd9984f2e4d57e9a685,1340791,,,,,,,,,,,,,,,,,,,,,,,,,,,,,,,,,,,,,,,,,,,,,,,,,,TN,,,,,,,,,,
mozilla-beta,4168539,13,b83612eacaf8eff6c5b8a31215809a39b157f6fb,linux1804-64-shippable-qr,True,False,,|f|i|s|s|i|o|n| |w|a|r|m| |w|e|b|r|e|n|d|e|r|,102210fe594ee9b33d82058545b1ed14f4c8206e,loadtime,nytimes,True,nytimes loadtime opt fission warm webrender,,6,ms,firefox,,1803948385,2023-11-30 21:01:12,1025.0,8e00ed90450f29ee0286348a831fc0980397f8e7,1340913,,,,,,,,,,,,,,,,,,,,,,,,,,,,,,,,,,,,,,,,,,,,,,,,,,TN,,,,,,,,,,
mozilla-beta,4168539,13,b83612eacaf8eff6c5b8a31215809a39b157f6fb,linux1804-64-shippable-qr,True,False,,|f|i|s|s|i|o|n| |w|a|r|m| |w|e|b|r|e|n|d|e|r|,102210fe594ee9b33d82058545b1ed14f4c8206e,loadtime,nytimes,True,nytimes loadtime opt fission warm webrender,,6,ms,firefox,,1804029769,2023-12-01 00:27:30,1025.2,b69108b34355f592bd1781a9a072e6816b3eb0b1,1341043,,,,,,,,,,,,,,,,,,,,,,,,,,,,,,,,,,,,,,,,,,,,,,,,,,TN,,,,,,,,,,
mozilla-beta,4168539,13,b83612eacaf8eff6c5b8a31215809a39b157f6fb,linux1804-64-shippable-qr,True,False,,|f|i|s|s|i|o|n| |w|a|r|m| |w|e|b|r|e|n|d|e|r|,102210fe594ee9b33d82058545b1ed14f4c8206e,loadtime,nytimes,True,nytimes loadtime opt fission warm webrender,,6,ms,firefox,,1804045100,2023-12-01 00:39:11,1024.0,186477afbdb47280ec0ea49732727996821b2082,1341051,,,,,,,,,,,,,,,,,,,,,,,,,,,,,,,,,,,,,,,,,,,,,,,,,,TN,,,,,,,,,,
mozilla-beta,4168539,13,b83612eacaf8eff6c5b8a31215809a39b157f6fb,linux1804-64-shippable-qr,True,False,,|f|i|s|s|i|o|n| |w|a|r|m| |w|e|b|r|e|n|d|e|r|,102210fe594ee9b33d82058545b1ed14f4c8206e,loadtime,nytimes,True,nytimes loadtime opt fission warm webrender,,6,ms,firefox,,1804054613,2023-12-01 00:47:04,1015.1,f0af2050e7b01c1d1b2b95693754359cc62706a8,1341055,,,,,,,,,,,,,,,,,,,,,,,,,,,,,,,,,,,,,,,,,,,,,,,,,,TN,,,,,,,,,,
mozilla-beta,4168539,13,b83612eacaf8eff6c5b8a31215809a39b157f6fb,linux1804-64-shippable-qr,True,False,,|f|i|s|s|i|o|n| |w|a|r|m| |w|e|b|r|e|n|d|e|r|,102210fe594ee9b33d82058545b1ed14f4c8206e,loadtime,nytimes,True,nytimes loadtime opt fission warm webrender,,6,ms,firefox,,1804268187,2023-12-01 09:17:38,1021.5,dcc730175085df9656d49fc3ee0e7db73111c6e8,1341197,,,,,,,,,,,,,,,,,,,,,,,,,,,,,,,,,,,,,,,,,,,,,,,,,,TN,,,,,,,,,,
mozilla-beta,4168539,13,b83612eacaf8eff6c5b8a31215809a39b157f6fb,linux1804-64-shippable-qr,True,False,,|f|i|s|s|i|o|n| |w|a|r|m| |w|e|b|r|e|n|d|e|r|,102210fe594ee9b33d82058545b1ed14f4c8206e,loadtime,nytimes,True,nytimes loadtime opt fission warm webrender,,6,ms,firefox,,1804500738,2023-12-01 17:19:46,1012.0,383a7dba37fdf47229b38b1bd3e13d91524826dd,1341530,,,,,,,,,,,,,,,,,,,,,,,,,,,,,,,,,,,,,,,,,,,,,,,,,,TN,,,,,,,,,,
mozilla-beta,4168539,13,b83612eacaf8eff6c5b8a31215809a39b157f6fb,linux1804-64-shippable-qr,True,False,,|f|i|s|s|i|o|n| |w|a|r|m| |w|e|b|r|e|n|d|e|r|,102210fe594ee9b33d82058545b1ed14f4c8206e,loadtime,nytimes,True,nytimes loadtime opt fission warm webrender,,6,ms,firefox,,1804533203,2023-12-01 17:50:39,1015.8,838d79d0dcef3ff65de416651b2599f57334a424,1341548,,,,,,,,,,,,,,,,,,,,,,,,,,,,,,,,,,,,,,,,,,,,,,,,,,TN,,,,,,,,,,
mozilla-beta,4168539,13,b83612eacaf8eff6c5b8a31215809a39b157f6fb,linux1804-64-shippable-qr,True,False,,|f|i|s|s|i|o|n| |w|a|r|m| |w|e|b|r|e|n|d|e|r|,102210fe594ee9b33d82058545b1ed14f4c8206e,loadtime,nytimes,True,nytimes loadtime opt fission warm webrender,,6,ms,firefox,,1804648383,2023-12-01 21:01:48,1003.4,a4b9591b34ba710765e9f09d3d4e58d21f188792,1341681,,,,,,,,,,,,,,,,,,,,,,,,,,,,,,,,,,,,,,,,,,,,,,,,,,TN,,,,,,,,,,
mozilla-beta,4168539,13,b83612eacaf8eff6c5b8a31215809a39b157f6fb,linux1804-64-shippable-qr,True,False,,|f|i|s|s|i|o|n| |w|a|r|m| |w|e|b|r|e|n|d|e|r|,102210fe594ee9b33d82058545b1ed14f4c8206e,loadtime,nytimes,True,nytimes loadtime opt fission warm webrender,,6,ms,firefox,,1804874830,2023-12-02 09:21:37,1016.8,138cd0d7d6566dfa59c44eff260c1bd4d7d3c240,1341841,,,,,,,,,,,,,,,,,,,,,,,,,,,,,,,,,,,,,,,,,,,,,,,,,,TN,,,,,,,,,,
mozilla-beta,4168539,13,b83612eacaf8eff6c5b8a31215809a39b157f6fb,linux1804-64-shippable-qr,True,False,,|f|i|s|s|i|o|n| |w|a|r|m| |w|e|b|r|e|n|d|e|r|,102210fe594ee9b33d82058545b1ed14f4c8206e,loadtime,nytimes,True,nytimes loadtime opt fission warm webrender,,6,ms,firefox,,1804963444,2023-12-02 15:29:47,1005.3,804fcc8f051c181e41f5eee888e30a5ca7752f0d,1341864,,,,,,,,,,,,,,,,,,,,,,,,,,,,,,,,,,,,,,,,,,,,,,,,,,TN,,,,,,,,,,
mozilla-beta,4168539,13,b83612eacaf8eff6c5b8a31215809a39b157f6fb,linux1804-64-shippable-qr,True,False,,|f|i|s|s|i|o|n| |w|a|r|m| |w|e|b|r|e|n|d|e|r|,102210fe594ee9b33d82058545b1ed14f4c8206e,loadtime,nytimes,True,nytimes loadtime opt fission warm webrender,,6,ms,firefox,,1804979273,2023-12-02 15:34:35,1014.4,f0c0cb9e9377b5529e313d5919557d03a6feb7a5,1341866,,,,,,,,,,,,,,,,,,,,,,,,,,,,,,,,,,,,,,,,,,,,,,,,,,TN,,,,,,,,,,
mozilla-beta,4168539,13,b83612eacaf8eff6c5b8a31215809a39b157f6fb,linux1804-64-shippable-qr,True,False,,|f|i|s|s|i|o|n| |w|a|r|m| |w|e|b|r|e|n|d|e|r|,102210fe594ee9b33d82058545b1ed14f4c8206e,loadtime,nytimes,True,nytimes loadtime opt fission warm webrender,,6,ms,firefox,,1805168806,2023-12-03 09:17:20,1023.8,4d5fc29c0701152d1ac86db779f2f737b8bef95c,1341957,,,,,,,,,,,,,,,,,,,,,,,,,,,,,,,,,,,,,,,,,,,,,,,,,,TN,,,,,,,,,,
mozilla-beta,4168539,13,b83612eacaf8eff6c5b8a31215809a39b157f6fb,linux1804-64-shippable-qr,True,False,,|f|i|s|s|i|o|n| |w|a|r|m| |w|e|b|r|e|n|d|e|r|,102210fe594ee9b33d82058545b1ed14f4c8206e,loadtime,nytimes,True,nytimes loadtime opt fission warm webrender,,6,ms,firefox,,1805313470,2023-12-03 18:26:48,1015.0,8833c90233aa15657607f5823c7f2f0a9e9acba5,1342035,,,,,,,,,,,,,,,,,,,,,,,,,,,,,,,,,,,,,,,,,,,,,,,,,,TN,,,,,,,,,,
mozilla-beta,4168539,13,b83612eacaf8eff6c5b8a31215809a39b157f6fb,linux1804-64-shippable-qr,True,False,,|f|i|s|s|i|o|n| |w|a|r|m| |w|e|b|r|e|n|d|e|r|,102210fe594ee9b33d82058545b1ed14f4c8206e,loadtime,nytimes,True,nytimes loadtime opt fission warm webrender,,6,ms,firefox,,1805326522,2023-12-03 18:27:35,1001.4,aea0bf951d563e36e9e968d12062d8a38a88d3d9,1342036,,,,,,,,,,,,,,,,,,,,,,,,,,,,,,,,,,,,,,,,,,,,,,,,,,TN,,,,,,,,,,
mozilla-beta,4168539,13,b83612eacaf8eff6c5b8a31215809a39b157f6fb,linux1804-64-shippable-qr,True,False,,|f|i|s|s|i|o|n| |w|a|r|m| |w|e|b|r|e|n|d|e|r|,102210fe594ee9b33d82058545b1ed14f4c8206e,loadtime,nytimes,True,nytimes loadtime opt fission warm webrender,,6,ms,firefox,,1805337955,2023-12-03 18:40:01,1009.2,c8d8e41a083bbad80659ee42b25afe1f9a01fa80,1342038,,,,,,,,,,,,,,,,,,,,,,,,,,,,,,,,,,,,,,,,,,,,,,,,,,TN,,,,,,,,,,
mozilla-beta,4168539,13,b83612eacaf8eff6c5b8a31215809a39b157f6fb,linux1804-64-shippable-qr,True,False,,|f|i|s|s|i|o|n| |w|a|r|m| |w|e|b|r|e|n|d|e|r|,102210fe594ee9b33d82058545b1ed14f4c8206e,loadtime,nytimes,True,nytimes loadtime opt fission warm webrender,,6,ms,firefox,,1805359305,2023-12-03 18:57:23,1007.6,f9258827fbd87e7abbafd5aaee4f4beb2ca122f7,1342040,,,,,,,,,,,,,,,,,,,,,,,,,,,,,,,,,,,,,,,,,,,,,,,,,,TN,,,,,,,,,,
mozilla-beta,4168539,13,b83612eacaf8eff6c5b8a31215809a39b157f6fb,linux1804-64-shippable-qr,True,False,,|f|i|s|s|i|o|n| |w|a|r|m| |w|e|b|r|e|n|d|e|r|,102210fe594ee9b33d82058545b1ed14f4c8206e,loadtime,nytimes,True,nytimes loadtime opt fission warm webrender,,6,ms,firefox,,1805598013,2023-12-04 09:21:59,1007.6,c8602eedb54af9596786fffadd7e6362d241c4ee,1342185,,,,,,,,,,,,,,,,,,,,,,,,,,,,,,,,,,,,,,,,,,,,,,,,,,TN,,,,,,,,,,
mozilla-beta,4168539,13,b83612eacaf8eff6c5b8a31215809a39b157f6fb,linux1804-64-shippable-qr,True,False,,|f|i|s|s|i|o|n| |w|a|r|m| |w|e|b|r|e|n|d|e|r|,102210fe594ee9b33d82058545b1ed14f4c8206e,loadtime,nytimes,True,nytimes loadtime opt fission warm webrender,,6,ms,firefox,,1805966302,2023-12-04 20:17:46,1019.9,843493d0e456170ac7bc6844fb9ef91b4d02e5e9,1342642,,,,,,,,,,,,,,,,,,,,,,,,,,,,,,,,,,,,,,,,,,,,,,,,,,TN,,,,,,,,,,
mozilla-beta,4168539,13,b83612eacaf8eff6c5b8a31215809a39b157f6fb,linux1804-64-shippable-qr,True,False,,|f|i|s|s|i|o|n| |w|a|r|m| |w|e|b|r|e|n|d|e|r|,102210fe594ee9b33d82058545b1ed14f4c8206e,loadtime,nytimes,True,nytimes loadtime opt fission warm webrender,,6,ms,firefox,,1805994515,2023-12-04 20:26:14,1008.9,0fdd8c90220fed2b73becbf0d813ffa9eb3c7f23,1342655,,,,,,,,,,,,,,,,,,,,,,,,,,,,,,,,,,,,,,,,,,,,,,,,,,TN,,,,,,,,,,
mozilla-beta,4168539,13,b83612eacaf8eff6c5b8a31215809a39b157f6fb,linux1804-64-shippable-qr,True,False,,|f|i|s|s|i|o|n| |w|a|r|m| |w|e|b|r|e|n|d|e|r|,102210fe594ee9b33d82058545b1ed14f4c8206e,loadtime,nytimes,True,nytimes loadtime opt fission warm webrender,,6,ms,firefox,,1805959683,2023-12-04 20:40:00,1014.5,7db3ae9df06c21bc1dc107b2d9e0b5ce5f18eb27,1342665,,,,,,,,,,,,,,,,,,,,,,,,,,,,,,,,,,,,,,,,,,,,,,,,,,TN,,,,,,,,,,
mozilla-beta,4168539,13,b83612eacaf8eff6c5b8a31215809a39b157f6fb,linux1804-64-shippable-qr,True,False,,|f|i|s|s|i|o|n| |w|a|r|m| |w|e|b|r|e|n|d|e|r|,102210fe594ee9b33d82058545b1ed14f4c8206e,loadtime,nytimes,True,nytimes loadtime opt fission warm webrender,,6,ms,firefox,,1806063139,2023-12-04 20:44:16,1017.2,79cedc5de788e8665170f4145cd8e2ac74552c2d,1342666,,,,,,,,,,,,,,,,,,,,,,,,,,,,,,,,,,,,,,,,,,,,,,,,,,TN,,,,,,,,,,
mozilla-beta,4168539,13,b83612eacaf8eff6c5b8a31215809a39b157f6fb,linux1804-64-shippable-qr,True,False,,|f|i|s|s|i|o|n| |w|a|r|m| |w|e|b|r|e|n|d|e|r|,102210fe594ee9b33d82058545b1ed14f4c8206e,loadtime,nytimes,True,nytimes loadtime opt fission warm webrender,,6,ms,firefox,,1806090123,2023-12-04 22:24:42,1006.9,32290dab6b678439d5a9346514c6c0efd6b866cb,1342759,,,,,,,,,,,,,,,,,,,,,,,,,,,,,,,,,,,,,,,,,,,,,,,,,,TN,,,,,,,,,,
mozilla-beta,4168539,13,b83612eacaf8eff6c5b8a31215809a39b157f6fb,linux1804-64-shippable-qr,True,False,,|f|i|s|s|i|o|n| |w|a|r|m| |w|e|b|r|e|n|d|e|r|,102210fe594ee9b33d82058545b1ed14f4c8206e,loadtime,nytimes,True,nytimes loadtime opt fission warm webrender,,6,ms,firefox,,1806339219,2023-12-05 09:19:15,1011.5,7ffa218447b7cea3e8dc9de65ef8ac8fdb9760ec,1342979,,,,,,,,,,,,,,,,,,,,,,,,,,,,,,,,,,,,,,,,,,,,,,,,,,TN,,,,,,,,,,
mozilla-beta,4168539,13,b83612eacaf8eff6c5b8a31215809a39b157f6fb,linux1804-64-shippable-qr,True,False,,|f|i|s|s|i|o|n| |w|a|r|m| |w|e|b|r|e|n|d|e|r|,102210fe594ee9b33d82058545b1ed14f4c8206e,loadtime,nytimes,True,nytimes loadtime opt fission warm webrender,,6,ms,firefox,,1806531640,2023-12-05 17:04:28,1013.2,8efc47a15d03b85e09c24116074a3bfa31478ee7,1343225,,,,,,,,,,,,,,,,,,,,,,,,,,,,,,,,,,,,,,,,,,,,,,,,,,TN,,,,,,,,,,
mozilla-beta,4168539,13,b83612eacaf8eff6c5b8a31215809a39b157f6fb,linux1804-64-shippable-qr,True,False,,|f|i|s|s|i|o|n| |w|a|r|m| |w|e|b|r|e|n|d|e|r|,102210fe594ee9b33d82058545b1ed14f4c8206e,loadtime,nytimes,True,nytimes loadtime opt fission warm webrender,,6,ms,firefox,,1806556343,2023-12-05 17:06:05,1007.2,65a56f16214376ccf707703cb731546d83e80909,1343227,,,,,,,,,,,,,,,,,,,,,,,,,,,,,,,,,,,,,,,,,,,,,,,,,,TN,,,,,,,,,,
mozilla-beta,4168539,13,b83612eacaf8eff6c5b8a31215809a39b157f6fb,linux1804-64-shippable-qr,True,False,,|f|i|s|s|i|o|n| |w|a|r|m| |w|e|b|r|e|n|d|e|r|,102210fe594ee9b33d82058545b1ed14f4c8206e,loadtime,nytimes,True,nytimes loadtime opt fission warm webrender,,6,ms,firefox,,1806599088,2023-12-05 17:26:05,1015.6,8202a7fccea2848a528130713fb7554afe47451c,1343245,,,,,,,,,,,,,,,,,,,,,,,,,,,,,,,,,,,,,,,,,,,,,,,,,,TN,,,,,,,,,,
mozilla-beta,4168539,13,b83612eacaf8eff6c5b8a31215809a39b157f6fb,linux1804-64-shippable-qr,True,False,,|f|i|s|s|i|o|n| |w|a|r|m| |w|e|b|r|e|n|d|e|r|,102210fe594ee9b33d82058545b1ed14f4c8206e,loadtime,nytimes,True,nytimes loadtime opt fission warm webrender,,6,ms,firefox,,1806639271,2023-12-05 18:50:17,1042.6,ca3cddabbfe345abca9f97a2b17965a32ff7ae0c,1343323,,,,,,,,,,,,,,,,,,,,,,,,,,,,,,,,,,,,,,,,,,,,,,,,,,TN,,,,,,,,,,
mozilla-beta,4168539,13,b83612eacaf8eff6c5b8a31215809a39b157f6fb,linux1804-64-shippable-qr,True,False,,|f|i|s|s|i|o|n| |w|a|r|m| |w|e|b|r|e|n|d|e|r|,102210fe594ee9b33d82058545b1ed14f4c8206e,loadtime,nytimes,True,nytimes loadtime opt fission warm webrender,,6,ms,firefox,,1806751705,2023-12-05 21:13:36,1012.2,3388eeb5680071dadb101541f663a6400ef7226c,1343425,,,,,,,,,,,,,,,,,,,,,,,,,,,,,,,,,,,,,,,,,,,,,,,,,,TN,,,,,,,,,,
mozilla-beta,4168539,13,b83612eacaf8eff6c5b8a31215809a39b157f6fb,linux1804-64-shippable-qr,True,False,,|f|i|s|s|i|o|n| |w|a|r|m| |w|e|b|r|e|n|d|e|r|,102210fe594ee9b33d82058545b1ed14f4c8206e,loadtime,nytimes,True,nytimes loadtime opt fission warm webrender,,6,ms,firefox,,1806845590,2023-12-05 22:10:23,1006.3,522d7c9bba9aa012d7f9a119fdb716b9aed38d13,1343461,,,,,,,,,,,,,,,,,,,,,,,,,,,,,,,,,,,,,,,,,,,,,,,,,,TN,,,,,,,,,,
mozilla-beta,4168539,13,b83612eacaf8eff6c5b8a31215809a39b157f6fb,linux1804-64-shippable-qr,True,False,,|f|i|s|s|i|o|n| |w|a|r|m| |w|e|b|r|e|n|d|e|r|,102210fe594ee9b33d82058545b1ed14f4c8206e,loadtime,nytimes,True,nytimes loadtime opt fission warm webrender,,6,ms,firefox,,1807017081,2023-12-06 09:17:31,1009.9,3343ddaf516b0a250a42f9247d2ffc693d2dddd3,1343658,,,,,,,,,,,,,,,,,,,,,,,,,,,,,,,,,,,,,,,,,,,,,,,,,,TN,,,,,,,,,,
mozilla-beta,4168539,13,b83612eacaf8eff6c5b8a31215809a39b157f6fb,linux1804-64-shippable-qr,True,False,,|f|i|s|s|i|o|n| |w|a|r|m| |w|e|b|r|e|n|d|e|r|,102210fe594ee9b33d82058545b1ed14f4c8206e,loadtime,nytimes,True,nytimes loadtime opt fission warm webrender,,6,ms,firefox,,1807286076,2023-12-06 18:02:06,1000.9,c50cc8f9601c19cdd6660c7129586943e15efd3f,1343974,,,,,,,,,,,,,,,,,,,,,,,,,,,,,,,,,,,,,,,,,,,,,,,,,,TN,,,,,,,,,,
mozilla-beta,4168539,13,b83612eacaf8eff6c5b8a31215809a39b157f6fb,linux1804-64-shippable-qr,True,False,,|f|i|s|s|i|o|n| |w|a|r|m| |w|e|b|r|e|n|d|e|r|,102210fe594ee9b33d82058545b1ed14f4c8206e,loadtime,nytimes,True,nytimes loadtime opt fission warm webrender,,6,ms,firefox,,1807289652,2023-12-06 18:11:10,1006.0,8071f36fd32538652a1d6970fd9c73eda69f9de9,1343984,,,,,,,,,,,,,,,,,,,,,,,,,,,,,,,,,,,,,,,,,,,,,,,,,,TN,,,,,,,,,,
mozilla-beta,4168539,13,b83612eacaf8eff6c5b8a31215809a39b157f6fb,linux1804-64-shippable-qr,True,False,,|f|i|s|s|i|o|n| |w|a|r|m| |w|e|b|r|e|n|d|e|r|,102210fe594ee9b33d82058545b1ed14f4c8206e,loadtime,nytimes,True,nytimes loadtime opt fission warm webrender,,6,ms,firefox,,1807418945,2023-12-06 22:31:31,1021.1,d71b34b14199c3c83d7b9ccde852c75f230fd5fa,1344171,,,,,,,,,,,,,,,,,,,,,,,,,,,,,,,,,,,,,,,,,,,,,,,,,,TN,,,,,,,,,,
mozilla-beta,4168539,13,b83612eacaf8eff6c5b8a31215809a39b157f6fb,linux1804-64-shippable-qr,True,False,,|f|i|s|s|i|o|n| |w|a|r|m| |w|e|b|r|e|n|d|e|r|,102210fe594ee9b33d82058545b1ed14f4c8206e,loadtime,nytimes,True,nytimes loadtime opt fission warm webrender,,6,ms,firefox,,1807477714,2023-12-07 01:23:09,1003.2,4b4492de7d4c01197e22f5398ea02198276131c4,1344248,,,,,,,,,,,,,,,,,,,,,,,,,,,,,,,,,,,,,,,,,,,,,,,,,,TN,,,,,,,,,,
mozilla-beta,4168539,13,b83612eacaf8eff6c5b8a31215809a39b157f6fb,linux1804-64-shippable-qr,True,False,,|f|i|s|s|i|o|n| |w|a|r|m| |w|e|b|r|e|n|d|e|r|,102210fe594ee9b33d82058545b1ed14f4c8206e,loadtime,nytimes,True,nytimes loadtime opt fission warm webrender,,6,ms,firefox,,1807649052,2023-12-07 09:16:02,1011.7,9a9c77f076c860d86d4d9a9a9a8e225a62120892,1344351,,,,,,,,,,,,,,,,,,,,,,,,,,,,,,,,,,,,,,,,,,,,,,,,,,TN,,,,,,,,,,
mozilla-beta,4168539,13,b83612eacaf8eff6c5b8a31215809a39b157f6fb,linux1804-64-shippable-qr,True,False,,|f|i|s|s|i|o|n| |w|a|r|m| |w|e|b|r|e|n|d|e|r|,102210fe594ee9b33d82058545b1ed14f4c8206e,loadtime,nytimes,True,nytimes loadtime opt fission warm webrender,,6,ms,firefox,,1807828040,2023-12-07 16:19:45,1016.0,493e6a075f075a9715627441c1b47aab7d11dce0,1344598,,,,,,,,,,,,,,,,,,,,,,,,,,,,,,,,,,,,,,,,,,,,,,,,,,TN,,,,,,,,,,
mozilla-beta,4168539,13,b83612eacaf8eff6c5b8a31215809a39b157f6fb,linux1804-64-shippable-qr,True,False,,|f|i|s|s|i|o|n| |w|a|r|m| |w|e|b|r|e|n|d|e|r|,102210fe594ee9b33d82058545b1ed14f4c8206e,loadtime,nytimes,True,nytimes loadtime opt fission warm webrender,,6,ms,firefox,,1807915554,2023-12-07 17:47:37,1015.1,fb0fcda9a042c99c06319d8fe93d73d721eda5f5,1344666,,,,,,,,,,,,,,,,,,,,,,,,,,,,,,,,,,,,,,,,,,,,,,,,,,TN,,,,,,,,,,
mozilla-beta,4168539,13,b83612eacaf8eff6c5b8a31215809a39b157f6fb,linux1804-64-shippable-qr,True,False,,|f|i|s|s|i|o|n| |w|a|r|m| |w|e|b|r|e|n|d|e|r|,102210fe594ee9b33d82058545b1ed14f4c8206e,loadtime,nytimes,True,nytimes loadtime opt fission warm webrender,,6,ms,firefox,,1807926411,2023-12-07 17:53:52,1020.6,51a56df86ac2d6bb944e334c6343b2345073e15e,1344668,,,,,,,,,,,,,,,,,,,,,,,,,,,,,,,,,,,,,,,,,,,,,,,,,,TN,,,,,,,,,,
mozilla-beta,4168539,13,b83612eacaf8eff6c5b8a31215809a39b157f6fb,linux1804-64-shippable-qr,True,False,,|f|i|s|s|i|o|n| |w|a|r|m| |w|e|b|r|e|n|d|e|r|,102210fe594ee9b33d82058545b1ed14f4c8206e,loadtime,nytimes,True,nytimes loadtime opt fission warm webrender,,6,ms,firefox,,1808020376,2023-12-07 19:14:40,1013.6,889c2b945041a3cdfba4f89a49812c637bb8cbe9,1344721,,,,,,,,,,,,,,,,,,,,,,,,,,,,,,,,,,,,,,,,,,,,,,,,,,TN,,,,,,,,,,
mozilla-beta,4168539,13,b83612eacaf8eff6c5b8a31215809a39b157f6fb,linux1804-64-shippable-qr,True,False,,|f|i|s|s|i|o|n| |w|a|r|m| |w|e|b|r|e|n|d|e|r|,102210fe594ee9b33d82058545b1ed14f4c8206e,loadtime,nytimes,True,nytimes loadtime opt fission warm webrender,,6,ms,firefox,,1808162406,2023-12-08 00:59:51,1007.3,c6f495f8acbd581a02831e19545cf10e64f9b203,1344893,,,,,,,,,,,,,,,,,,,,,,,,,,,,,,,,,,,,,,,,,,,,,,,,,,TN,,,,,,,,,,
mozilla-beta,4168539,13,b83612eacaf8eff6c5b8a31215809a39b157f6fb,linux1804-64-shippable-qr,True,False,,|f|i|s|s|i|o|n| |w|a|r|m| |w|e|b|r|e|n|d|e|r|,102210fe594ee9b33d82058545b1ed14f4c8206e,loadtime,nytimes,True,nytimes loadtime opt fission warm webrender,,6,ms,firefox,,1808263892,2023-12-08 02:53:28,1009.2,fdb26a484d45cd102b37dbfcdbb7ebac7e84e9bb,1344920,,,,,,,,,,,,,,,,,,,,,,,,,,,,,,,,,,,,,,,,,,,,,,,,,,TN,,,,,,,,,,
mozilla-beta,4168539,13,b83612eacaf8eff6c5b8a31215809a39b157f6fb,linux1804-64-shippable-qr,True,False,,|f|i|s|s|i|o|n| |w|a|r|m| |w|e|b|r|e|n|d|e|r|,102210fe594ee9b33d82058545b1ed14f4c8206e,loadtime,nytimes,True,nytimes loadtime opt fission warm webrender,,6,ms,firefox,,1808276588,2023-12-08 02:54:11,1005.7,f86cb690ce3d2d4b7cdda07cc40be83b3ca1cb21,1344921,,,,,,,,,,,,,,,,,,,,,,,,,,,,,,,,,,,,,,,,,,,,,,,,,,TN,,,,,,,,,,
mozilla-beta,4168539,13,b83612eacaf8eff6c5b8a31215809a39b157f6fb,linux1804-64-shippable-qr,True,False,,|f|i|s|s|i|o|n| |w|a|r|m| |w|e|b|r|e|n|d|e|r|,102210fe594ee9b33d82058545b1ed14f4c8206e,loadtime,nytimes,True,nytimes loadtime opt fission warm webrender,,6,ms,firefox,,1808309520,2023-12-08 03:24:16,1007.5,53dff28f7a8dacddf8920b47dc2e164827ee389f,1344933,,,,,,,,,,,,,,,,,,,,,,,,,,,,,,,,,,,,,,,,,,,,,,,,,,TN,,,,,,,,,,
mozilla-beta,4168539,13,b83612eacaf8eff6c5b8a31215809a39b157f6fb,linux1804-64-shippable-qr,True,False,,|f|i|s|s|i|o|n| |w|a|r|m| |w|e|b|r|e|n|d|e|r|,102210fe594ee9b33d82058545b1ed14f4c8206e,loadtime,nytimes,True,nytimes loadtime opt fission warm webrender,,6,ms,firefox,,1808365351,2023-12-08 05:24:13,1029.2,8fb6d84ab2c8e1fc73fb741955546550fed32953,1344960,,,,,,,,,,,,,,,,,,,,,,,,,,,,,,,,,,,,,,,,,,,,,,,,,,TN,,,,,,,,,,
mozilla-beta,4168539,13,b83612eacaf8eff6c5b8a31215809a39b157f6fb,linux1804-64-shippable-qr,True,False,,|f|i|s|s|i|o|n| |w|a|r|m| |w|e|b|r|e|n|d|e|r|,102210fe594ee9b33d82058545b1ed14f4c8206e,loadtime,nytimes,True,nytimes loadtime opt fission warm webrender,,6,ms,firefox,,1808527978,2023-12-08 09:18:59,1010.9,33d20ee6d74a51f9a1eca8570f5f2d94af9609a0,1345062,,,,,,,,,,,,,,,,,,,,,,,,,,,,,,,,,,,,,,,,,,,,,,,,,,TN,,,,,,,,,,
mozilla-beta,4168539,13,b83612eacaf8eff6c5b8a31215809a39b157f6fb,linux1804-64-shippable-qr,True,False,,|f|i|s|s|i|o|n| |w|a|r|m| |w|e|b|r|e|n|d|e|r|,102210fe594ee9b33d82058545b1ed14f4c8206e,loadtime,nytimes,True,nytimes loadtime opt fission warm webrender,,6,ms,firefox,,1808913864,2023-12-08 21:11:28,1012.5,44539b631fb141b44e44e05dfabd57eb0e0409e7,1345379,,,,,,,,,,,,,,,,,,,,,,,,,,,,,,,,,,,,,,,,,,,,,,,,,,TN,,,,,,,,,,
mozilla-beta,4168539,13,b83612eacaf8eff6c5b8a31215809a39b157f6fb,linux1804-64-shippable-qr,True,False,,|f|i|s|s|i|o|n| |w|a|r|m| |w|e|b|r|e|n|d|e|r|,102210fe594ee9b33d82058545b1ed14f4c8206e,loadtime,nytimes,True,nytimes loadtime opt fission warm webrender,,6,ms,firefox,,1809137493,2023-12-09 09:16:34,1005.8,0d0badd455a091e8a612c6d928c5bd21d9f1eb37,1345556,,,,,,,,,,,,,,,,,,,,,,,,,,,,,,,,,,,,,,,,,,,,,,,,,,TN,,,,,,,,,,
mozilla-beta,4168539,13,b83612eacaf8eff6c5b8a31215809a39b157f6fb,linux1804-64-shippable-qr,True,False,,|f|i|s|s|i|o|n| |w|a|r|m| |w|e|b|r|e|n|d|e|r|,102210fe594ee9b33d82058545b1ed14f4c8206e,loadtime,nytimes,True,nytimes loadtime opt fission warm webrender,,6,ms,firefox,,1809318863,2023-12-09 20:09:11,1021.5,6a9e312a931647090c6a0b9ec475aff210820f37,1345633,,,,,,,,,,,,,,,,,,,,,,,,,,,,,,,,,,,,,,,,,,,,,,,,,,TN,,,,,,,,,,
mozilla-beta,4168539,13,b83612eacaf8eff6c5b8a31215809a39b157f6fb,linux1804-64-shippable-qr,True,False,,|f|i|s|s|i|o|n| |w|a|r|m| |w|e|b|r|e|n|d|e|r|,102210fe594ee9b33d82058545b1ed14f4c8206e,loadtime,nytimes,True,nytimes loadtime opt fission warm webrender,,6,ms,firefox,,1809401857,2023-12-10 09:18:35,1013.5,3ddf53b5057afd7be06db2f104f6fafe714a95be,1345666,,,,,,,,,,,,,,,,,,,,,,,,,,,,,,,,,,,,,,,,,,,,,,,,,,TN,,,,,,,,,,
mozilla-beta,4168539,13,b83612eacaf8eff6c5b8a31215809a39b157f6fb,linux1804-64-shippable-qr,True,False,,|f|i|s|s|i|o|n| |w|a|r|m| |w|e|b|r|e|n|d|e|r|,102210fe594ee9b33d82058545b1ed14f4c8206e,loadtime,nytimes,True,nytimes loadtime opt fission warm webrender,,6,ms,firefox,,1809598767,2023-12-11 09:17:58,1002.6,bd5ca949886cdde37c181fccd3ec8070be726249,1345869,,,,,,,,,,,,,,,,,,,,,,,,,,,,,,,,,,,,,,,,,,,,,,,,,,TN,,,,,,,,,,
mozilla-beta,4168539,13,b83612eacaf8eff6c5b8a31215809a39b157f6fb,linux1804-64-shippable-qr,True,False,,|f|i|s|s|i|o|n| |w|a|r|m| |w|e|b|r|e|n|d|e|r|,102210fe594ee9b33d82058545b1ed14f4c8206e,loadtime,nytimes,True,nytimes loadtime opt fission warm webrender,,6,ms,firefox,,1809735999,2023-12-11 13:31:00,1004.9,ab6d9d1dae754aeedf99fe61fe143ffc088b5801,1346038,,,,,,,,,,,,,,,,,,,,,,,,,,,,,,,,,,,,,,,,,,,,,,,,,,TN,,,,,,,,,,
mozilla-beta,4168539,13,b83612eacaf8eff6c5b8a31215809a39b157f6fb,linux1804-64-shippable-qr,True,False,,|f|i|s|s|i|o|n| |w|a|r|m| |w|e|b|r|e|n|d|e|r|,102210fe594ee9b33d82058545b1ed14f4c8206e,loadtime,nytimes,True,nytimes loadtime opt fission warm webrender,,6,ms,firefox,,1813804649,2023-12-18 15:32:01,970.3,1f258ddd281c5658ba33f08cd8d4d738a82ba133,1350241,,,,,,,,,,,,,,,,,,,,,,,,,,,,,,,,,,,,,,,,,,,,,,,,,,TN,,,,,,,,,,
mozilla-beta,4168539,13,b83612eacaf8eff6c5b8a31215809a39b157f6fb,linux1804-64-shippable-qr,True,False,,|f|i|s|s|i|o|n| |w|a|r|m| |w|e|b|r|e|n|d|e|r|,102210fe594ee9b33d82058545b1ed14f4c8206e,loadtime,nytimes,True,nytimes loadtime opt fission warm webrender,,6,ms,firefox,,1814241309,2023-12-19 09:15:36,965.0,0152bfc35103b64cec60d0bd86912c290c913997,1350796,,,,,,,,,,,,,,,,,,,,,,,,,,,,,,,,,,,,,,,,,,,,,,,,,,TN,,,,,,,,,,
mozilla-beta,4168539,13,b83612eacaf8eff6c5b8a31215809a39b157f6fb,linux1804-64-shippable-qr,True,False,,|f|i|s|s|i|o|n| |w|a|r|m| |w|e|b|r|e|n|d|e|r|,102210fe594ee9b33d82058545b1ed14f4c8206e,loadtime,nytimes,True,nytimes loadtime opt fission warm webrender,,6,ms,firefox,,1814440953,2023-12-19 14:05:23,982.8,f3221cd6b4cb549c114cd0f89b5b931761fd2d2f,1350931,,,,,,,,,,,,,,,,,,,,,,,,,,,,,,,,,,,,,,,,,,,,,,,,,,TN,,,,,,,,,,
mozilla-beta,4168539,13,b83612eacaf8eff6c5b8a31215809a39b157f6fb,linux1804-64-shippable-qr,True,False,,|f|i|s|s|i|o|n| |w|a|r|m| |w|e|b|r|e|n|d|e|r|,102210fe594ee9b33d82058545b1ed14f4c8206e,loadtime,nytimes,True,nytimes loadtime opt fission warm webrender,,6,ms,firefox,,1814579717,2023-12-19 17:44:05,980.0,48d2052b377a35b0f40e52b8efad5e0ea10e0ebe,1351107,,,,,,,,,,,,,,,,,,,,,,,,,,,,,,,,,,,,,,,,,,,,,,,,,,TN,,,,,,,,,,
mozilla-beta,4168539,13,b83612eacaf8eff6c5b8a31215809a39b157f6fb,linux1804-64-shippable-qr,True,False,,|f|i|s|s|i|o|n| |w|a|r|m| |w|e|b|r|e|n|d|e|r|,102210fe594ee9b33d82058545b1ed14f4c8206e,loadtime,nytimes,True,nytimes loadtime opt fission warm webrender,,6,ms,firefox,,1814650724,2023-12-19 20:10:25,972.3,2804a1edd2e2b165a9d83b4c7956d9257fcd9173,1351235,,,,,,,,,,,,,,,,,,,,,,,,,,,,,,,,,,,,,,,,,,,,,,,,,,TN,,,,,,,,,,
mozilla-beta,4168539,13,b83612eacaf8eff6c5b8a31215809a39b157f6fb,linux1804-64-shippable-qr,True,False,,|f|i|s|s|i|o|n| |w|a|r|m| |w|e|b|r|e|n|d|e|r|,102210fe594ee9b33d82058545b1ed14f4c8206e,loadtime,nytimes,True,nytimes loadtime opt fission warm webrender,,6,ms,firefox,,1814709035,2023-12-19 22:08:30,1024.9,b7ece1e33b35ebd16a925d6ecc739c3ad77dd1f4,1351304,,,,,,,,,,,,,,,,,,,,,,,,,,,,,,,,,,,,,,,,,,,,,,,,,,TN,,,,,,,,,,
mozilla-beta,4168539,13,b83612eacaf8eff6c5b8a31215809a39b157f6fb,linux1804-64-shippable-qr,True,False,,|f|i|s|s|i|o|n| |w|a|r|m| |w|e|b|r|e|n|d|e|r|,102210fe594ee9b33d82058545b1ed14f4c8206e,loadtime,nytimes,True,nytimes loadtime opt fission warm webrender,,6,ms,firefox,,1814751591,2023-12-19 23:29:52,978.3,38d6648efdab35f24c45e4cace5abbbced639cac,1351361,,,,,,,,,,,,,,,,,,,,,,,,,,,,,,,,,,,,,,,,,,,,,,,,,,TN,,,,,,,,,,
mozilla-beta,4168539,13,b83612eacaf8eff6c5b8a31215809a39b157f6fb,linux1804-64-shippable-qr,True,False,,|f|i|s|s|i|o|n| |w|a|r|m| |w|e|b|r|e|n|d|e|r|,102210fe594ee9b33d82058545b1ed14f4c8206e,loadtime,nytimes,True,nytimes loadtime opt fission warm webrender,,6,ms,firefox,,1814798357,2023-12-20 00:43:23,965.6,801d50e1262aeaa95f7cefd05aa6f1b1f38a2839,1351404,,,,,,,,,,,,,,,,,,,,,,,,,,,,,,,,,,,,,,,,,,,,,,,,,,TN,,,,,,,,,,
mozilla-beta,4168539,13,b83612eacaf8eff6c5b8a31215809a39b157f6fb,linux1804-64-shippable-qr,True,False,,|f|i|s|s|i|o|n| |w|a|r|m| |w|e|b|r|e|n|d|e|r|,102210fe594ee9b33d82058545b1ed14f4c8206e,loadtime,nytimes,True,nytimes loadtime opt fission warm webrender,,6,ms,firefox,,1815054415,2023-12-20 09:15:47,967.6,b59f4253f067b27b8146f50070dab45b1ae1143d,1351516,,,,,,,,,,,,,,,,,,,,,,,,,,,,,,,,,,,,,,,,,,,,,,,,,,TN,,,,,,,,,,
mozilla-beta,4168539,13,b83612eacaf8eff6c5b8a31215809a39b157f6fb,linux1804-64-shippable-qr,True,False,,|f|i|s|s|i|o|n| |w|a|r|m| |w|e|b|r|e|n|d|e|r|,102210fe594ee9b33d82058545b1ed14f4c8206e,loadtime,nytimes,True,nytimes loadtime opt fission warm webrender,,6,ms,firefox,,1815354558,2023-12-20 18:29:59,976.1,d232be861a328e78800a0cf688cb1e0fc4b6d7b1,1351847,,,,,,,,,,,,,,,,,,,,,,,,,,,,,,,,,,,,,,,,,,,,,,,,,,TN,,,,,,,,,,
mozilla-beta,4168539,13,b83612eacaf8eff6c5b8a31215809a39b157f6fb,linux1804-64-shippable-qr,True,False,,|f|i|s|s|i|o|n| |w|a|r|m| |w|e|b|r|e|n|d|e|r|,102210fe594ee9b33d82058545b1ed14f4c8206e,loadtime,nytimes,True,nytimes loadtime opt fission warm webrender,,6,ms,firefox,,1815703050,2023-12-21 09:13:55,962.5,e22171c631916516af9850a4517e112b47e1ee4d,1352196,,,,,,,,,,,,,,,,,,,,,,,,,,,,,,,,,,,,,,,,,,,,,,,,,,TN,,,,,,,,,,
mozilla-beta,4168539,13,b83612eacaf8eff6c5b8a31215809a39b157f6fb,linux1804-64-shippable-qr,True,False,,|f|i|s|s|i|o|n| |w|a|r|m| |w|e|b|r|e|n|d|e|r|,102210fe594ee9b33d82058545b1ed14f4c8206e,loadtime,nytimes,True,nytimes loadtime opt fission warm webrender,,6,ms,firefox,,1815897148,2023-12-21 14:05:30,978.7,166a76402d36808fc0d3213ae9b04c79a022ecb2,1352334,,,,,,,,,,,,,,,,,,,,,,,,,,,,,,,,,,,,,,,,,,,,,,,,,,TN,,,,,,,,,,
mozilla-beta,4168539,13,b83612eacaf8eff6c5b8a31215809a39b157f6fb,linux1804-64-shippable-qr,True,False,,|f|i|s|s|i|o|n| |w|a|r|m| |w|e|b|r|e|n|d|e|r|,102210fe594ee9b33d82058545b1ed14f4c8206e,loadtime,nytimes,True,nytimes loadtime opt fission warm webrender,,6,ms,firefox,,1815931406,2023-12-21 15:57:13,970.5,92e67500ede8a4679cee7310bd6f47e6a8864f7f,1352385,,,,,,,,,,,,,,,,,,,,,,,,,,,,,,,,,,,,,,,,,,,,,,,,,,TN,,,,,,,,,,
mozilla-beta,4168539,13,b83612eacaf8eff6c5b8a31215809a39b157f6fb,linux1804-64-shippable-qr,True,False,,|f|i|s|s|i|o|n| |w|a|r|m| |w|e|b|r|e|n|d|e|r|,102210fe594ee9b33d82058545b1ed14f4c8206e,loadtime,nytimes,True,nytimes loadtime opt fission warm webrender,,6,ms,firefox,,1816180684,2023-12-22 02:23:11,1021.0,ffa502100fe68672283e4e1fd4b78e07d4a004c4,1352722,,,,,,,,,,,,,,,,,,,,,,,,,,,,,,,,,,,,,,,,,,,,,,,,,,TN,,,,,,,,,,
mozilla-beta,4168539,13,b83612eacaf8eff6c5b8a31215809a39b157f6fb,linux1804-64-shippable-qr,True,False,,|f|i|s|s|i|o|n| |w|a|r|m| |w|e|b|r|e|n|d|e|r|,102210fe594ee9b33d82058545b1ed14f4c8206e,loadtime,nytimes,True,nytimes loadtime opt fission warm webrender,,6,ms,firefox,,1816260204,2023-12-22 09:19:04,965.4,1c60f9444193c2214d05b990ca8de5f21602c02d,1352815,,,,,,,,,,,,,,,,,,,,,,,,,,,,,,,,,,,,,,,,,,,,,,,,,,TN,,,,,,,,,,
mozilla-beta,4168539,13,b83612eacaf8eff6c5b8a31215809a39b157f6fb,linux1804-64-shippable-qr,True,False,,|f|i|s|s|i|o|n| |w|a|r|m| |w|e|b|r|e|n|d|e|r|,102210fe594ee9b33d82058545b1ed14f4c8206e,loadtime,nytimes,True,nytimes loadtime opt fission warm webrender,,6,ms,firefox,,1816688875,2023-12-23 09:18:03,983.4,ebe8cd77bd6265537942ecc0fd5929b39a183349,1353219,,,,,,,,,,,,,,,,,,,,,,,,,,,,,,,,,,,,,,,,,,,,,,,,,,TN,,,,,,,,,,
mozilla-beta,4168539,13,b83612eacaf8eff6c5b8a31215809a39b157f6fb,linux1804-64-shippable-qr,True,False,,|f|i|s|s|i|o|n| |w|a|r|m| |w|e|b|r|e|n|d|e|r|,102210fe594ee9b33d82058545b1ed14f4c8206e,loadtime,nytimes,True,nytimes loadtime opt fission warm webrender,,6,ms,firefox,,1816741851,2023-12-23 13:08:04,982.2,bf3d8bf27ed2607d79aeb394073c1f5f724d486f,1353232,,,,,,,,,,,,,,,,,,,,,,,,,,,,,,,,,,,,,,,,,,,,,,,,,,TN,,,,,,,,,,
mozilla-beta,4168539,13,b83612eacaf8eff6c5b8a31215809a39b157f6fb,linux1804-64-shippable-qr,True,False,,|f|i|s|s|i|o|n| |w|a|r|m| |w|e|b|r|e|n|d|e|r|,102210fe594ee9b33d82058545b1ed14f4c8206e,loadtime,nytimes,True,nytimes loadtime opt fission warm webrender,,6,ms,firefox,,1816876232,2023-12-24 09:20:14,984.1,3950331ebe49694e7238b420c47f6a01427be159,1353292,,,,,,,,,,,,,,,,,,,,,,,,,,,,,,,,,,,,,,,,,,,,,,,,,,TN,,,,,,,,,,
mozilla-beta,4168539,13,b83612eacaf8eff6c5b8a31215809a39b157f6fb,linux1804-64-shippable-qr,True,False,,|f|i|s|s|i|o|n| |w|a|r|m| |w|e|b|r|e|n|d|e|r|,102210fe594ee9b33d82058545b1ed14f4c8206e,loadtime,nytimes,True,nytimes loadtime opt fission warm webrender,,6,ms,firefox,,1816938606,2023-12-24 14:21:21,985.2,32cf5092b68da66884e036eed5ee6916662a069d,1353309,,,,,,,,,,,,,,,,,,,,,,,,,,,,,,,,,,,,,,,,,,,,,,,,,,TN,,,,,,,,,,
mozilla-beta,4168539,13,b83612eacaf8eff6c5b8a31215809a39b157f6fb,linux1804-64-shippable-qr,True,False,,|f|i|s|s|i|o|n| |w|a|r|m| |w|e|b|r|e|n|d|e|r|,102210fe594ee9b33d82058545b1ed14f4c8206e,loadtime,nytimes,True,nytimes loadtime opt fission warm webrender,,6,ms,firefox,,1816975500,2023-12-24 18:08:55,972.1,b746eaca3b44cb1c2649d868cc61b8d32dbcea85,1353316,,,,,,,,,,,,,,,,,,,,,,,,,,,,,,,,,,,,,,,,,,,,,,,,,,TN,,,,,,,,,,
mozilla-beta,4168539,13,b83612eacaf8eff6c5b8a31215809a39b157f6fb,linux1804-64-shippable-qr,True,False,,|f|i|s|s|i|o|n| |w|a|r|m| |w|e|b|r|e|n|d|e|r|,102210fe594ee9b33d82058545b1ed14f4c8206e,loadtime,nytimes,True,nytimes loadtime opt fission warm webrender,,6,ms,firefox,,1817116514,2023-12-25 09:20:40,972.3,c2d411c2cd6807243bf48a2e91da535433fe96d9,1353352,,,,,,,,,,,,,,,,,,,,,,,,,,,,,,,,,,,,,,,,,,,,,,,,,,TN,,,,,,,,,,
mozilla-beta,4168539,13,b83612eacaf8eff6c5b8a31215809a39b157f6fb,linux1804-64-shippable-qr,True,False,,|f|i|s|s|i|o|n| |w|a|r|m| |w|e|b|r|e|n|d|e|r|,102210fe594ee9b33d82058545b1ed14f4c8206e,loadtime,nytimes,True,nytimes loadtime opt fission warm webrender,,6,ms,firefox,441405450.0,1817399222,2023-12-26 09:17:04,980.1,774defdd83b1cc70bc4bfd2d8e8ac399356ba060,1353474,,,,,,,,,,,,,,,,,,,,,,,,,,,,,,,,,,,,,,,,,,,,,,,,,,TN,,,,,,,,,,
mozilla-beta,4168539,13,b83612eacaf8eff6c5b8a31215809a39b157f6fb,linux1804-64-shippable-qr,True,False,,|f|i|s|s|i|o|n| |w|a|r|m| |w|e|b|r|e|n|d|e|r|,102210fe594ee9b33d82058545b1ed14f4c8206e,loadtime,nytimes,True,nytimes loadtime opt fission warm webrender,,6,ms,firefox,441463370.0,1817620019,2023-12-27 09:15:52,975.4,6a0b69643235fb22627489e7db8f064a3d6eb07a,1353610,,,,,,,,,,,,,,,,,,,,,,,,,,,,,,,,,,,,,,,,,,,,,,,,,,TN,,,,,,,,,,
mozilla-beta,4168539,13,b83612eacaf8eff6c5b8a31215809a39b157f6fb,linux1804-64-shippable-qr,True,False,,|f|i|s|s|i|o|n| |w|a|r|m| |w|e|b|r|e|n|d|e|r|,102210fe594ee9b33d82058545b1ed14f4c8206e,loadtime,nytimes,True,nytimes loadtime opt fission warm webrender,,6,ms,firefox,441493765.0,1817754906,2023-12-27 15:04:24,983.7,27ca88feead4203bdc5c0f36f4f34268d3605b28,1353655,,,,,,,,,,,,,,,,,,,,,,,,,,,,,,,,,,,,,,,,,,,,,,,,,,TN,,,,,,,,,,
mozilla-beta,4168539,13,b83612eacaf8eff6c5b8a31215809a39b157f6fb,linux1804-64-shippable-qr,True,False,,|f|i|s|s|i|o|n| |w|a|r|m| |w|e|b|r|e|n|d|e|r|,102210fe594ee9b33d82058545b1ed14f4c8206e,loadtime,nytimes,True,nytimes loadtime opt fission warm webrender,,6,ms,firefox,441542882.0,1817966169,2023-12-28 09:18:43,983.0,6e491630343186350032a55e62c782032d28449e,1353829,,,,,,,,,,,,,,,,,,,,,,,,,,,,,,,,,,,,,,,,,,,,,,,,,,TN,,,,,,,,,,
mozilla-beta,4168539,13,b83612eacaf8eff6c5b8a31215809a39b157f6fb,linux1804-64-shippable-qr,True,False,,|f|i|s|s|i|o|n| |w|a|r|m| |w|e|b|r|e|n|d|e|r|,102210fe594ee9b33d82058545b1ed14f4c8206e,loadtime,nytimes,True,nytimes loadtime opt fission warm webrender,,6,ms,firefox,441554160.0,1818033071,2023-12-28 13:58:06,964.7,abd0b579c448559e2125c126d9b455b2b4766535,1353836,,,,,,,,,,,,,,,,,,,,,,,,,,,,,,,,,,,,,,,,,,,,,,,,,,TN,,,,,,,,,,
mozilla-beta,4168539,13,b83612eacaf8eff6c5b8a31215809a39b157f6fb,linux1804-64-shippable-qr,True,False,,|f|i|s|s|i|o|n| |w|a|r|m| |w|e|b|r|e|n|d|e|r|,102210fe594ee9b33d82058545b1ed14f4c8206e,loadtime,nytimes,True,nytimes loadtime opt fission warm webrender,,6,ms,firefox,441568496.0,1818135237,2023-12-28 16:36:48,968.9,771a2196d9a139556d6528d78e62711fb8f9127c,1353845,,,,,,,,,,,,,,,,,,,,,,,,,,,,,,,,,,,,,,,,,,,,,,,,,,TN,,,,,,,,,,
mozilla-beta,4168539,13,b83612eacaf8eff6c5b8a31215809a39b157f6fb,linux1804-64-shippable-qr,True,False,,|f|i|s|s|i|o|n| |w|a|r|m| |w|e|b|r|e|n|d|e|r|,102210fe594ee9b33d82058545b1ed14f4c8206e,loadtime,nytimes,True,nytimes loadtime opt fission warm webrender,,6,ms,firefox,441626025.0,1818398030,2023-12-29 09:15:51,972.8,3ac9c7492298abed5fbb594e32f30336517bf0f7,1354119,,,,,,,,,,,,,,,,,,,,,,,,,,,,,,,,,,,,,,,,,,,,,,,,,,TN,,,,,,,,,,
mozilla-beta,4168539,13,b83612eacaf8eff6c5b8a31215809a39b157f6fb,linux1804-64-shippable-qr,True,False,,|f|i|s|s|i|o|n| |w|a|r|m| |w|e|b|r|e|n|d|e|r|,102210fe594ee9b33d82058545b1ed14f4c8206e,loadtime,nytimes,True,nytimes loadtime opt fission warm webrender,,6,ms,firefox,441674095.0,1818545251,2023-12-29 16:44:10,979.4,4031612cf0c85769716c58ec8fe3ac662dcd7e09,1354191,,,,,,,,,,,,,,,,,,,,,,,,,,,,,,,,,,,,,,,,,,,,,,,,,,TN,,,,,,,,,,
mozilla-beta,4168539,13,b83612eacaf8eff6c5b8a31215809a39b157f6fb,linux1804-64-shippable-qr,True,False,,|f|i|s|s|i|o|n| |w|a|r|m| |w|e|b|r|e|n|d|e|r|,102210fe594ee9b33d82058545b1ed14f4c8206e,loadtime,nytimes,True,nytimes loadtime opt fission warm webrender,,6,ms,firefox,441726140.0,1818759211,2023-12-30 09:19:21,974.1,cdce8efb5ae9f353e88bc7867b70cae181f78353,1354361,,,,,,,,,,,,,,,,,,,,,,,,,,,,,,,,,,,,,,,,,,,,,,,,,,TN,,,,,,,,,,
mozilla-beta,4168539,13,b83612eacaf8eff6c5b8a31215809a39b157f6fb,linux1804-64-shippable-qr,True,False,,|f|i|s|s|i|o|n| |w|a|r|m| |w|e|b|r|e|n|d|e|r|,102210fe594ee9b33d82058545b1ed14f4c8206e,loadtime,nytimes,True,nytimes loadtime opt fission warm webrender,,6,ms,firefox,441756819.0,1818858755,2023-12-30 16:43:07,981.3,1d19517b592a0b31570d9442a4a8a5d8cc667f66,1354390,,,,,,,,,,,,,,,,,,,,,,,,,,,,,,,,,,,,,,,,,,,,,,,,,,TN,,,,,,,,,,
mozilla-beta,4168539,13,b83612eacaf8eff6c5b8a31215809a39b157f6fb,linux1804-64-shippable-qr,True,False,,|f|i|s|s|i|o|n| |w|a|r|m| |w|e|b|r|e|n|d|e|r|,102210fe594ee9b33d82058545b1ed14f4c8206e,loadtime,nytimes,True,nytimes loadtime opt fission warm webrender,,6,ms,firefox,441793489.0,1819073235,2023-12-31 09:19:49,974.6,70a4581491ae3cc33cfb0408af55077a2f3aaaf9,1354445,,,,,,,,,,,,,,,,,,,,,,,,,,,,,,,,,,,,,,,,,,,,,,,,,,TN,,,,,,,,,,
mozilla-beta,4168539,13,b83612eacaf8eff6c5b8a31215809a39b157f6fb,linux1804-64-shippable-qr,True,False,,|f|i|s|s|i|o|n| |w|a|r|m| |w|e|b|r|e|n|d|e|r|,102210fe594ee9b33d82058545b1ed14f4c8206e,loadtime,nytimes,True,nytimes loadtime opt fission warm webrender,,6,ms,firefox,441809431.0,1819118727,2023-12-31 16:07:45,963.4,3b8c3b52e3cc57b9e1c6d2346428768905531486,1354468,,,,,,,,,,,,,,,,,,,,,,,,,,,,,,,,,,,,,,,,,,,,,,,,,,TN,,,,,,,,,,
mozilla-beta,4168539,13,b83612eacaf8eff6c5b8a31215809a39b157f6fb,linux1804-64-shippable-qr,True,False,,|f|i|s|s|i|o|n| |w|a|r|m| |w|e|b|r|e|n|d|e|r|,102210fe594ee9b33d82058545b1ed14f4c8206e,loadtime,nytimes,True,nytimes loadtime opt fission warm webrender,,6,ms,firefox,441851470.0,1819307268,2024-01-01 09:16:50,983.7,d574fe402f781ac71cbaa148e64720d7afce55ad,1354535,,,,,,,,,,,,,,,,,,,,,,,,,,,,,,,,,,,,,,,,,,,,,,,,,,TN,,,,,,,,,,
mozilla-beta,4168539,13,b83612eacaf8eff6c5b8a31215809a39b157f6fb,linux1804-64-shippable-qr,True,False,,|f|i|s|s|i|o|n| |w|a|r|m| |w|e|b|r|e|n|d|e|r|,102210fe594ee9b33d82058545b1ed14f4c8206e,loadtime,nytimes,True,nytimes loadtime opt fission warm webrender,,6,ms,firefox,441884576.0,1819479571,2024-01-02 09:17:57,987.8,c734b9367c9411770b4b8a55868a17b22d493b31,1354631,,,,,,,,,,,,,,,,,,,,,,,,,,,,,,,,,,,,,,,,,,,,,,,,,,TN,,,,,,,,,,
mozilla-beta,4168539,13,b83612eacaf8eff6c5b8a31215809a39b157f6fb,linux1804-64-shippable-qr,True,False,,|f|i|s|s|i|o|n| |w|a|r|m| |w|e|b|r|e|n|d|e|r|,102210fe594ee9b33d82058545b1ed14f4c8206e,loadtime,nytimes,True,nytimes loadtime opt fission warm webrender,,6,ms,firefox,441926236.0,1819599987,2024-01-02 14:35:27,984.2,a513ab11b0aaecdeff1b63357ba724e0c5f25486,1354755,,,,,,,,,,,,,,,,,,,,,,,,,,,,,,,,,,,,,,,,,,,,,,,,,,TN,,,,,,,,,,
mozilla-beta,4168539,13,b83612eacaf8eff6c5b8a31215809a39b157f6fb,linux1804-64-shippable-qr,True,False,,|f|i|s|s|i|o|n| |w|a|r|m| |w|e|b|r|e|n|d|e|r|,102210fe594ee9b33d82058545b1ed14f4c8206e,loadtime,nytimes,True,nytimes loadtime opt fission warm webrender,,6,ms,firefox,441940933.0,1819689274,2024-01-02 17:25:43,972.2,f39f01284ccdd75760c8b9f303074ec62e1e4b76,1354852,,,,,,,,,,,,,,,,,,,,,,,,,,,,,,,,,,,,,,,,,,,,,,,,,,TN,,,,,,,,,,
mozilla-beta,4168539,13,b83612eacaf8eff6c5b8a31215809a39b157f6fb,linux1804-64-shippable-qr,True,False,,|f|i|s|s|i|o|n| |w|a|r|m| |w|e|b|r|e|n|d|e|r|,102210fe594ee9b33d82058545b1ed14f4c8206e,loadtime,nytimes,True,nytimes loadtime opt fission warm webrender,,6,ms,firefox,441947550.0,1819724721,2024-01-02 18:54:52,972.1,cabd1794168d6cacdf7c9608c179db5754c4577a,1354898,,,,,,,,,,,,,,,,,,,,,,,,,,,,,,,,,,,,,,,,,,,,,,,,,,TN,,,,,,,,,,
mozilla-beta,4168539,13,b83612eacaf8eff6c5b8a31215809a39b157f6fb,linux1804-64-shippable-qr,True,False,,|f|i|s|s|i|o|n| |w|a|r|m| |w|e|b|r|e|n|d|e|r|,102210fe594ee9b33d82058545b1ed14f4c8206e,loadtime,nytimes,True,nytimes loadtime opt fission warm webrender,,6,ms,firefox,441998860.0,1819932607,2024-01-03 09:14:24,982.4,61e3c5bd45677be9e6d96ecf27802bfdca8d27c9,1355076,,,,,,,,,,,,,,,,,,,,,,,,,,,,,,,,,,,,,,,,,,,,,,,,,,TN,,,,,,,,,,
mozilla-beta,4168539,13,b83612eacaf8eff6c5b8a31215809a39b157f6fb,linux1804-64-shippable-qr,True,False,,|f|i|s|s|i|o|n| |w|a|r|m| |w|e|b|r|e|n|d|e|r|,102210fe594ee9b33d82058545b1ed14f4c8206e,loadtime,nytimes,True,nytimes loadtime opt fission warm webrender,,6,ms,firefox,442124232.0,1820440691,2024-01-04 09:15:57,968.2,ce04c347f4fd2a7d1eecd4f07bf6021a57c81bf5,1355534,,,,,,,,,,,,,,,,,,,,,,,,,,,,,,,,,,,,,,,,,,,,,,,,,,TN,,,,,,,,,,
mozilla-beta,4168539,13,b83612eacaf8eff6c5b8a31215809a39b157f6fb,linux1804-64-shippable-qr,True,False,,|f|i|s|s|i|o|n| |w|a|r|m| |w|e|b|r|e|n|d|e|r|,102210fe594ee9b33d82058545b1ed14f4c8206e,loadtime,nytimes,True,nytimes loadtime opt fission warm webrender,,6,ms,firefox,442168015.0,1820576624,2024-01-04 14:58:07,981.5,906e2d5a9cd68ea63b45a4fa631ac9c9b8e36d2d,1355672,,,,,,,,,,,,,,,,,,,,,,,,,,,,,,,,,,,,,,,,,,,,,,,,,,TN,,,,,,,,,,
mozilla-beta,4168539,13,b83612eacaf8eff6c5b8a31215809a39b157f6fb,linux1804-64-shippable-qr,True,False,,|f|i|s|s|i|o|n| |w|a|r|m| |w|e|b|r|e|n|d|e|r|,102210fe594ee9b33d82058545b1ed14f4c8206e,loadtime,nytimes,True,nytimes loadtime opt fission warm webrender,,6,ms,firefox,442181994.0,1820648992,2024-01-04 16:53:04,967.1,32b176eac997edeb8ab017935a010c47614cfc76,1355759,,,,,,,,,,,,,,,,,,,,,,,,,,,,,,,,,,,,,,,,,,,,,,,,,,TN,,,,,,,,,,
mozilla-beta,4168539,13,b83612eacaf8eff6c5b8a31215809a39b157f6fb,linux1804-64-shippable-qr,True,False,,|f|i|s|s|i|o|n| |w|a|r|m| |w|e|b|r|e|n|d|e|r|,102210fe594ee9b33d82058545b1ed14f4c8206e,loadtime,nytimes,True,nytimes loadtime opt fission warm webrender,,6,ms,firefox,442203488.0,1820756754,2024-01-04 20:03:49,981.7,3f5e8c91e6991a90fd63431eef19bf49d39d4f47,1355880,,,,,,,,,,,,,,,,,,,,,,,,,,,,,,,,,,,,,,,,,,,,,,,,,,TN,,,,,,,,,,
mozilla-beta,4168539,13,b83612eacaf8eff6c5b8a31215809a39b157f6fb,linux1804-64-shippable-qr,True,False,,|f|i|s|s|i|o|n| |w|a|r|m| |w|e|b|r|e|n|d|e|r|,102210fe594ee9b33d82058545b1ed14f4c8206e,loadtime,nytimes,True,nytimes loadtime opt fission warm webrender,,6,ms,firefox,442240821.0,1820933776,2024-01-05 01:09:39,977.8,50a511fceab95e6b9ab40bea401c53de8de48345,1356047,,,,,,,,,,,,,,,,,,,,,,,,,,,,,,,,,,,,,,,,,,,,,,,,,,TN,,,,,,,,,,
mozilla-beta,4168539,13,b83612eacaf8eff6c5b8a31215809a39b157f6fb,linux1804-64-shippable-qr,True,False,,|f|i|s|s|i|o|n| |w|a|r|m| |w|e|b|r|e|n|d|e|r|,102210fe594ee9b33d82058545b1ed14f4c8206e,loadtime,nytimes,True,nytimes loadtime opt fission warm webrender,,6,ms,firefox,442270876.0,1821117172,2024-01-05 09:16:09,969.6,4dd67d833673e72bfe942beefb346a5533803217,1356158,,,,,,,,,,,,,,,,,,,,,,,,,,,,,,,,,,,,,,,,,,,,,,,,,,TN,,,,,,,,,,
mozilla-beta,4168539,13,b83612eacaf8eff6c5b8a31215809a39b157f6fb,linux1804-64-shippable-qr,True,False,,|f|i|s|s|i|o|n| |w|a|r|m| |w|e|b|r|e|n|d|e|r|,102210fe594ee9b33d82058545b1ed14f4c8206e,loadtime,nytimes,True,nytimes loadtime opt fission warm webrender,,6,ms,firefox,442343782.0,1821348022,2024-01-05 18:22:11,969.0,ac8ebcaf2a5b7ea753e5da4e1a2f97176783acde,1356402,,,,,,,,,,,,,,,,,,,,,,,,,,,,,,,,,,,,,,,,,,,,,,,,,,TN,,,,,,,,,,
mozilla-beta,4168539,13,b83612eacaf8eff6c5b8a31215809a39b157f6fb,linux1804-64-shippable-qr,True,False,,|f|i|s|s|i|o|n| |w|a|r|m| |w|e|b|r|e|n|d|e|r|,102210fe594ee9b33d82058545b1ed14f4c8206e,loadtime,nytimes,True,nytimes loadtime opt fission warm webrender,,6,ms,firefox,442356495.0,1821415849,2024-01-05 20:49:22,985.1,58135a2e05a61896dedbfdb92828f8447dd08839,1356458,,,,,,,,,,,,,,,,,,,,,,,,,,,,,,,,,,,,,,,,,,,,,,,,,,TN,,,,,,,,,,
mozilla-beta,4168539,13,b83612eacaf8eff6c5b8a31215809a39b157f6fb,linux1804-64-shippable-qr,True,False,,|f|i|s|s|i|o|n| |w|a|r|m| |w|e|b|r|e|n|d|e|r|,102210fe594ee9b33d82058545b1ed14f4c8206e,loadtime,nytimes,True,nytimes loadtime opt fission warm webrender,,6,ms,firefox,442383197.0,1821518354,2024-01-06 01:09:09,976.0,485470488b1abea00facf0175c325c8d063e4977,1356562,,,,,,,,,,,,,,,,,,,,,,,,,,,,,,,,,,,,,,,,,,,,,,,,,,TN,,,,,,,,,,
mozilla-beta,4168539,13,b83612eacaf8eff6c5b8a31215809a39b157f6fb,linux1804-64-shippable-qr,True,False,,|f|i|s|s|i|o|n| |w|a|r|m| |w|e|b|r|e|n|d|e|r|,102210fe594ee9b33d82058545b1ed14f4c8206e,loadtime,nytimes,True,nytimes loadtime opt fission warm webrender,,6,ms,firefox,442399340.0,1821632234,2024-01-06 09:15:28,957.0,9c528f6a2d3f298f85c0fbfb5dbf90c07c731bde,1356605,,,,,,,,,,,,,,,,,,,,,,,,,,,,,,,,,,,,,,,,,,,,,,,,,,TN,,,,,,,,,,
mozilla-beta,4168539,13,b83612eacaf8eff6c5b8a31215809a39b157f6fb,linux1804-64-shippable-qr,True,False,,|f|i|s|s|i|o|n| |w|a|r|m| |w|e|b|r|e|n|d|e|r|,102210fe594ee9b33d82058545b1ed14f4c8206e,loadtime,nytimes,True,nytimes loadtime opt fission warm webrender,,6,ms,firefox,442421737.0,1821719001,2024-01-06 15:19:54,965.0,2e9b153efbb6f856c8ed87b95cf1ac9dd20a45b7,1356645,,,,,,,,,,,,,,,,,,,,,,,,,,,,,,,,,,,,,,,,,,,,,,,,,,TN,,,,,,,,,,
mozilla-beta,4168539,13,b83612eacaf8eff6c5b8a31215809a39b157f6fb,linux1804-64-shippable-qr,True,False,,|f|i|s|s|i|o|n| |w|a|r|m| |w|e|b|r|e|n|d|e|r|,102210fe594ee9b33d82058545b1ed14f4c8206e,loadtime,nytimes,True,nytimes loadtime opt fission warm webrender,,6,ms,firefox,442457700.0,1821871757,2024-01-07 09:17:56,975.6,5e75cc52b6ad48285de6f9fed2b0fb5794abfbd2,1356692,,,,,,,,,,,,,,,,,,,,,,,,,,,,,,,,,,,,,,,,,,,,,,,,,,TN,,,,,,,,,,
mozilla-beta,4168539,13,b83612eacaf8eff6c5b8a31215809a39b157f6fb,linux1804-64-shippable-qr,True,False,,|f|i|s|s|i|o|n| |w|a|r|m| |w|e|b|r|e|n|d|e|r|,102210fe594ee9b33d82058545b1ed14f4c8206e,loadtime,nytimes,True,nytimes loadtime opt fission warm webrender,,6,ms,firefox,442473664.0,1821946114,2024-01-07 18:28:43,972.7,885ea847d3331c863d19212766658950b11e5407,1356730,,,,,,,,,,,,,,,,,,,,,,,,,,,,,,,,,,,,,,,,,,,,,,,,,,TN,,,,,,,,,,
mozilla-beta,4168539,13,b83612eacaf8eff6c5b8a31215809a39b157f6fb,linux1804-64-shippable-qr,True,False,,|f|i|s|s|i|o|n| |w|a|r|m| |w|e|b|r|e|n|d|e|r|,102210fe594ee9b33d82058545b1ed14f4c8206e,loadtime,nytimes,True,nytimes loadtime opt fission warm webrender,,6,ms,firefox,442505085.0,1822143225,2024-01-08 09:17:55,974.4,ed03304f78a28b0a0ecf2c2c791a58bb2c37e2e1,1356809,,,,,,,,,,,,,,,,,,,,,,,,,,,,,,,,,,,,,,,,,,,,,,,,,,TN,,,,,,,,,,
mozilla-beta,4168539,13,b83612eacaf8eff6c5b8a31215809a39b157f6fb,linux1804-64-shippable-qr,True,False,,|f|i|s|s|i|o|n| |w|a|r|m| |w|e|b|r|e|n|d|e|r|,102210fe594ee9b33d82058545b1ed14f4c8206e,loadtime,nytimes,True,nytimes loadtime opt fission warm webrender,,6,ms,firefox,442611466.0,1822534097,2024-01-08 22:54:52,976.0,cb26dd9df7797b99f7ec437a612c4ff4cd0ce0cb,1357275,,,,,,,,,,,,,,,,,,,,,,,,,,,,,,,,,,,,,,,,,,,,,,,,,,TN,,,,,,,,,,
mozilla-beta,4168539,13,b83612eacaf8eff6c5b8a31215809a39b157f6fb,linux1804-64-shippable-qr,True,False,,|f|i|s|s|i|o|n| |w|a|r|m| |w|e|b|r|e|n|d|e|r|,102210fe594ee9b33d82058545b1ed14f4c8206e,loadtime,nytimes,True,nytimes loadtime opt fission warm webrender,,6,ms,firefox,442620551.0,1822563261,2024-01-08 23:52:49,972.5,c0d623436ac17c8638fcbb38b63ceb7fd275a48e,1357287,,,,,,,,,,,,,,,,,,,,,,,,,,,,,,,,,,,,,,,,,,,,,,,,,,TN,,,,,,,,,,
mozilla-beta,4168539,13,b83612eacaf8eff6c5b8a31215809a39b157f6fb,linux1804-64-shippable-qr,True,False,,|f|i|s|s|i|o|n| |w|a|r|m| |w|e|b|r|e|n|d|e|r|,102210fe594ee9b33d82058545b1ed14f4c8206e,loadtime,nytimes,True,nytimes loadtime opt fission warm webrender,,6,ms,firefox,442658358.0,1822825879,2024-01-09 09:17:15,972.1,c9cd85e698c4e4cb8bbefc33ea5a425cbad37065,1357420,,,,,,,,,,,,,,,,,,,,,,,,,,,,,,,,,,,,,,,,,,,,,,,,,,TN,,,,,,,,,,
mozilla-beta,4168539,13,b83612eacaf8eff6c5b8a31215809a39b157f6fb,linux1804-64-shippable-qr,True,False,,|f|i|s|s|i|o|n| |w|a|r|m| |w|e|b|r|e|n|d|e|r|,102210fe594ee9b33d82058545b1ed14f4c8206e,loadtime,nytimes,True,nytimes loadtime opt fission warm webrender,,6,ms,firefox,442696577.0,1822986539,2024-01-09 13:49:14,975.2,a767de77c36f2217078b0bfe677f2fd5156d2981,1357515,,,,,,,,,,,,,,,,,,,,,,,,,,,,,,,,,,,,,,,,,,,,,,,,,,TN,,,,,,,,,,
mozilla-beta,4168539,13,b83612eacaf8eff6c5b8a31215809a39b157f6fb,linux1804-64-shippable-qr,True,False,,|f|i|s|s|i|o|n| |w|a|r|m| |w|e|b|r|e|n|d|e|r|,102210fe594ee9b33d82058545b1ed14f4c8206e,loadtime,nytimes,True,nytimes loadtime opt fission warm webrender,,6,ms,firefox,442716265.0,1823036553,2024-01-09 15:29:01,971.2,ae62b3513025e2c8ca8e1d2832fa67c1ff5f1d37,1357572,,,,,,,,,,,,,,,,,,,,,,,,,,,,,,,,,,,,,,,,,,,,,,,,,,TN,,,,,,,,,,
mozilla-beta,4168539,13,b83612eacaf8eff6c5b8a31215809a39b157f6fb,linux1804-64-shippable-qr,True,False,,|f|i|s|s|i|o|n| |w|a|r|m| |w|e|b|r|e|n|d|e|r|,102210fe594ee9b33d82058545b1ed14f4c8206e,loadtime,nytimes,True,nytimes loadtime opt fission warm webrender,,6,ms,firefox,442757132.0,1823263613,2024-01-09 21:35:52,978.1,3415efad3e4089c6866cd14dd6e6020c0e00d28d,1357808,,,,,,,,,,,,,,,,,,,,,,,,,,,,,,,,,,,,,,,,,,,,,,,,,,TN,,,,,,,,,,
mozilla-beta,4168539,13,b83612eacaf8eff6c5b8a31215809a39b157f6fb,linux1804-64-shippable-qr,True,False,,|f|i|s|s|i|o|n| |w|a|r|m| |w|e|b|r|e|n|d|e|r|,102210fe594ee9b33d82058545b1ed14f4c8206e,loadtime,nytimes,True,nytimes loadtime opt fission warm webrender,,6,ms,firefox,442806590.0,1823556842,2024-01-10 09:14:43,974.1,b8b36a4962ceb8a64e2b1379cfebb98d97f30db1,1358061,,,,,,,,,,,,,,,,,,,,,,,,,,,,,,,,,,,,,,,,,,,,,,,,,,TN,,,,,,,,,,
mozilla-beta,4168539,13,b83612eacaf8eff6c5b8a31215809a39b157f6fb,linux1804-64-shippable-qr,True,False,,|f|i|s|s|i|o|n| |w|a|r|m| |w|e|b|r|e|n|d|e|r|,102210fe594ee9b33d82058545b1ed14f4c8206e,loadtime,nytimes,True,nytimes loadtime opt fission warm webrender,,6,ms,firefox,442871261.0,1823794664,2024-01-10 17:59:27,977.6,1c947b443a61a5c9c43752744026ea5a72952407,1358338,,,,,,,,,,,,,,,,,,,,,,,,,,,,,,,,,,,,,,,,,,,,,,,,,,TN,,,,,,,,,,
mozilla-beta,4168539,13,b83612eacaf8eff6c5b8a31215809a39b157f6fb,linux1804-64-shippable-qr,True,False,,|f|i|s|s|i|o|n| |w|a|r|m| |w|e|b|r|e|n|d|e|r|,102210fe594ee9b33d82058545b1ed14f4c8206e,loadtime,nytimes,True,nytimes loadtime opt fission warm webrender,,6,ms,firefox,442884836.0,1823860226,2024-01-10 20:48:24,964.2,058f5ecca74f78917ffc085b9d15fde3c2d1b19e,1358423,,,,,,,,,,,,,,,,,,,,,,,,,,,,,,,,,,,,,,,,,,,,,,,,,,TN,,,,,,,,,,
mozilla-beta,4168539,13,b83612eacaf8eff6c5b8a31215809a39b157f6fb,linux1804-64-shippable-qr,True,False,,|f|i|s|s|i|o|n| |w|a|r|m| |w|e|b|r|e|n|d|e|r|,102210fe594ee9b33d82058545b1ed14f4c8206e,loadtime,nytimes,True,nytimes loadtime opt fission warm webrender,,6,ms,firefox,442976978.0,1824226040,2024-01-11 14:26:20,978.0,16c6d6fd0b7b91c42098ca497227afc85200e274,1358780,,,,,,,,,,,,,,,,,,,,,,,,,,,,,,,,,,,,,,,,,,,,,,,,,,TN,,,,,,,,,,
mozilla-beta,4168539,13,b83612eacaf8eff6c5b8a31215809a39b157f6fb,linux1804-64-shippable-qr,True,False,,|f|i|s|s|i|o|n| |w|a|r|m| |w|e|b|r|e|n|d|e|r|,102210fe594ee9b33d82058545b1ed14f4c8206e,loadtime,nytimes,True,nytimes loadtime opt fission warm webrender,,6,ms,firefox,443000527.0,1824335014,2024-01-11 17:41:16,979.9,748ce48e1c34429d4d111ac1fde02a5557c4a9f8,1358889,,,,,,,,,,,,,,,,,,,,,,,,,,,,,,,,,,,,,,,,,,,,,,,,,,TN,,,,,,,,,,
mozilla-beta,4168539,13,b83612eacaf8eff6c5b8a31215809a39b157f6fb,linux1804-64-shippable-qr,True,False,,|f|i|s|s|i|o|n| |w|a|r|m| |w|e|b|r|e|n|d|e|r|,102210fe594ee9b33d82058545b1ed14f4c8206e,loadtime,nytimes,True,nytimes loadtime opt fission warm webrender,,6,ms,firefox,443012138.0,1824364678,2024-01-11 19:01:33,968.4,9715d8623d12cc7ebaf509c0ad27fcf5199aff43,1358950,,,,,,,,,,,,,,,,,,,,,,,,,,,,,,,,,,,,,,,,,,,,,,,,,,TN,,,,,,,,,,
mozilla-beta,4168539,13,b83612eacaf8eff6c5b8a31215809a39b157f6fb,linux1804-64-shippable-qr,True,False,,|f|i|s|s|i|o|n| |w|a|r|m| |w|e|b|r|e|n|d|e|r|,102210fe594ee9b33d82058545b1ed14f4c8206e,loadtime,nytimes,True,nytimes loadtime opt fission warm webrender,,6,ms,firefox,443030710.0,1824447284,2024-01-11 21:09:26,984.0,f1680a61c0147d32a705da518f11c7c5ba058c0b,1359049,,,,,,,,,,,,,,,,,,,,,,,,,,,,,,,,,,,,,,,,,,,,,,,,,,TN,,,,,,,,,,
mozilla-beta,4168539,13,b83612eacaf8eff6c5b8a31215809a39b157f6fb,linux1804-64-shippable-qr,True,False,,|f|i|s|s|i|o|n| |w|a|r|m| |w|e|b|r|e|n|d|e|r|,102210fe594ee9b33d82058545b1ed14f4c8206e,loadtime,nytimes,True,nytimes loadtime opt fission warm webrender,,6,ms,firefox,443096821.0,1824846124,2024-01-12 09:19:33,977.3,430bc538df76d847c89d2f0c061edc59172f2afa,1359270,,,,,,,,,,,,,,,,,,,,,,,,,,,,,,,,,,,,,,,,,,,,,,,,,,TN,,,,,,,,,,
mozilla-beta,4168539,13,b83612eacaf8eff6c5b8a31215809a39b157f6fb,linux1804-64-shippable-qr,True,False,,|f|i|s|s|i|o|n| |w|a|r|m| |w|e|b|r|e|n|d|e|r|,102210fe594ee9b33d82058545b1ed14f4c8206e,loadtime,nytimes,True,nytimes loadtime opt fission warm webrender,,6,ms,firefox,443208942.0,1825444977,2024-01-13 09:16:07,985.1,959d0f8f4396d1d80484b553645b1803f3dd9be7,1359847,,,,,,,,,,,,,,,,,,,,,,,,,,,,,,,,,,,,,,,,,,,,,,,,,,TN,,,,,,,,,,
mozilla-beta,4168539,13,b83612eacaf8eff6c5b8a31215809a39b157f6fb,linux1804-64-shippable-qr,True,False,,|f|i|s|s|i|o|n| |w|a|r|m| |w|e|b|r|e|n|d|e|r|,102210fe594ee9b33d82058545b1ed14f4c8206e,loadtime,nytimes,True,nytimes loadtime opt fission warm webrender,,6,ms,firefox,443230589.0,1825535192,2024-01-13 16:02:48,975.2,44093ca559de6f3beaeb00abec708d5c4ab40e4d,1359890,,,,,,,,,,,,,,,,,,,,,,,,,,,,,,,,,,,,,,,,,,,,,,,,,,TN,,,,,,,,,,
mozilla-beta,4168539,13,b83612eacaf8eff6c5b8a31215809a39b157f6fb,linux1804-64-shippable-qr,True,False,,|f|i|s|s|i|o|n| |w|a|r|m| |w|e|b|r|e|n|d|e|r|,102210fe594ee9b33d82058545b1ed14f4c8206e,loadtime,nytimes,True,nytimes loadtime opt fission warm webrender,,6,ms,firefox,443242952.0,1825585139,2024-01-13 22:16:30,975.6,e218ab8c6c4ad6f20e76fe6d04737516fa8cc066,1359907,,,,,,,,,,,,,,,,,,,,,,,,,,,,,,,,,,,,,,,,,,,,,,,,,,TN,,,,,,,,,,
mozilla-beta,4168539,13,b83612eacaf8eff6c5b8a31215809a39b157f6fb,linux1804-64-shippable-qr,True,False,,|f|i|s|s|i|o|n| |w|a|r|m| |w|e|b|r|e|n|d|e|r|,102210fe594ee9b33d82058545b1ed14f4c8206e,loadtime,nytimes,True,nytimes loadtime opt fission warm webrender,,6,ms,firefox,443265847.0,1825683316,2024-01-14 09:15:54,972.2,ab41b123c54d2dd534bf90a30be6cd952ce32701,1359931,,,,,,,,,,,,,,,,,,,,,,,,,,,,,,,,,,,,,,,,,,,,,,,,,,TN,,,,,,,,,,
mozilla-beta,4168539,13,b83612eacaf8eff6c5b8a31215809a39b157f6fb,linux1804-64-shippable-qr,True,False,,|f|i|s|s|i|o|n| |w|a|r|m| |w|e|b|r|e|n|d|e|r|,102210fe594ee9b33d82058545b1ed14f4c8206e,loadtime,nytimes,True,nytimes loadtime opt fission warm webrender,,6,ms,firefox,443278931.0,1825780028,2024-01-14 15:27:17,974.3,a6cacb7e4e89168e25318dc76342bdc0f68a1f6a,1359950,,,,,,,,,,,,,,,,,,,,,,,,,,,,,,,,,,,,,,,,,,,,,,,,,,TN,,,,,,,,,,
mozilla-beta,4168539,13,b83612eacaf8eff6c5b8a31215809a39b157f6fb,linux1804-64-shippable-qr,True,False,,|f|i|s|s|i|o|n| |w|a|r|m| |w|e|b|r|e|n|d|e|r|,102210fe594ee9b33d82058545b1ed14f4c8206e,loadtime,nytimes,True,nytimes loadtime opt fission warm webrender,,6,ms,firefox,443316429.0,1825948411,2024-01-15 09:20:30,972.9,eca25a6c75b2b48b5d51e33799cfa5619ec4b41b,1360049,,,,,,,,,,,,,,,,,,,,,,,,,,,,,,,,,,,,,,,,,,,,,,,,,,TN,,,,,,,,,,
mozilla-beta,4168539,13,b83612eacaf8eff6c5b8a31215809a39b157f6fb,linux1804-64-shippable-qr,True,False,,|f|i|s|s|i|o|n| |w|a|r|m| |w|e|b|r|e|n|d|e|r|,102210fe594ee9b33d82058545b1ed14f4c8206e,loadtime,nytimes,True,nytimes loadtime opt fission warm webrender,,6,ms,firefox,443345918.0,1826059388,2024-01-15 13:24:03,973.8,c846bf199dfcaa66ba615dda08ed63002a9a4f5b,1360131,,,,,,,,,,,,,,,,,,,,,,,,,,,,,,,,,,,,,,,,,,,,,,,,,,TN,,,,,,,,,,
mozilla-beta,4168539,13,b83612eacaf8eff6c5b8a31215809a39b157f6fb,linux1804-64-shippable-qr,True,False,,|f|i|s|s|i|o|n| |w|a|r|m| |w|e|b|r|e|n|d|e|r|,102210fe594ee9b33d82058545b1ed14f4c8206e,loadtime,nytimes,True,nytimes loadtime opt fission warm webrender,,6,ms,firefox,444127572.0,1829809348,2024-01-22 11:29:22,953.5,c6160723962a82923b2eb3ed4ab471dedcd541b2,1363744,41173.0,1363744.0,1360131.0,2024-01-25T03:12:41.639514,2024-01-25T13:15:01.551786,2024-01-30T03:12:41.639514,mozilla-beta,13.0,188404.0,4.0,13.0,b83612eacaf8eff6c5b8a31215809a39b157f6fb,linux1804-64-shippable-qr,loadtime,nytimes,True,False,102210fe594ee9b33d82058545b1ed14f4c8206e,"fission, warm, webrender","fission, warm, webrender",ms,,,b1R8DJK5SNGCSsalWZmCDA,0.0,LFcCZZjZTq2w_cUJ1F-ndw,0.0,,,False,976.39,955.27,10.1,-21.13,2.16,41173.0,,False,mozilla-ldap/bacasandrei@mozilla.com,False,bacasandrei@mozilla.com,,,,,,,OK,|187929|187930|187936|187937|188083|188114|187931|187935|188303|188401|188501|187933|188402|189280|189283|189286|189289|189295|189298|189299|189308|189313|189282|189285|189288|189294|189300|189301|189306|189307|189309|189312|189279|189281|189284|189287|189290|189291|189293|189296|189297|189310|189311|189314|,SP,1878067.0,2024-02-01T03:12:41.639514,2024-02-01T17:10:41.477538,1.0,afinder: the graph for espn largestContentfulPaint (although not applicable to all alerts) suggests an infra change downstream from alert 41104. other graphs are inconclusive atm / motionmark-animometer looks like downstream from 40824 / instagram loadtime downstream from 40795,1705922962.0,c846bf199dfcaa66ba615dda08ed63002a9a4f5b,mozilla-ldap/bacasandrei@mozilla.com,bacasandrei@mozilla.com,infra
mozilla-beta,4168539,13,b83612eacaf8eff6c5b8a31215809a39b157f6fb,linux1804-64-shippable-qr,True,False,,|f|i|s|s|i|o|n| |w|a|r|m| |w|e|b|r|e|n|d|e|r|,102210fe594ee9b33d82058545b1ed14f4c8206e,loadtime,nytimes,True,nytimes loadtime opt fission warm webrender,,6,ms,firefox,444166008.0,1829967370,2024-01-22 15:46:15,958.2,1849dfd4ad15cc21f294ed2bb5e95364a5ba7140,1363910,,,,,,,,,,,,,,,,,,,,,,,,,,,,,,,,,,,,,,,,,,,,,,,,,,TN,,,,,,,,,,
mozilla-beta,4168539,13,b83612eacaf8eff6c5b8a31215809a39b157f6fb,linux1804-64-shippable-qr,True,False,,|f|i|s|s|i|o|n| |w|a|r|m| |w|e|b|r|e|n|d|e|r|,102210fe594ee9b33d82058545b1ed14f4c8206e,loadtime,nytimes,True,nytimes loadtime opt fission warm webrender,,6,ms,firefox,444193048.0,1830057494,2024-01-22 17:47:55,959.7,a1ee3c36f7e989b25781c96cb9a1c05d8019b6cf,1364018,,,,,,,,,,,,,,,,,,,,,,,,,,,,,,,,,,,,,,,,,,,,,,,,,,TN,,,,,,,,,,
mozilla-beta,4168539,13,b83612eacaf8eff6c5b8a31215809a39b157f6fb,linux1804-64-shippable-qr,True,False,,|f|i|s|s|i|o|n| |w|a|r|m| |w|e|b|r|e|n|d|e|r|,102210fe594ee9b33d82058545b1ed14f4c8206e,loadtime,nytimes,True,nytimes loadtime opt fission warm webrender,,6,ms,firefox,444273396.0,1830462823,2024-01-23 09:18:19,957.5,907ecf82b6894587f638cc66a3b504fb613f799c,1364457,,,,,,,,,,,,,,,,,,,,,,,,,,,,,,,,,,,,,,,,,,,,,,,,,,TN,,,,,,,,,,
mozilla-beta,4168539,13,b83612eacaf8eff6c5b8a31215809a39b157f6fb,linux1804-64-shippable-qr,True,False,,|f|i|s|s|i|o|n| |w|a|r|m| |w|e|b|r|e|n|d|e|r|,102210fe594ee9b33d82058545b1ed14f4c8206e,loadtime,nytimes,True,nytimes loadtime opt fission warm webrender,,6,ms,firefox,444326770.0,1830717701,2024-01-23 16:21:35,961.3,910cf83cb449ad5a555da886fec6b064e22043bd,1364713,,,,,,,,,,,,,,,,,,,,,,,,,,,,,,,,,,,,,,,,,,,,,,,,,,TN,,,,,,,,,,
mozilla-beta,4168539,13,b83612eacaf8eff6c5b8a31215809a39b157f6fb,linux1804-64-shippable-qr,True,False,,|f|i|s|s|i|o|n| |w|a|r|m| |w|e|b|r|e|n|d|e|r|,102210fe594ee9b33d82058545b1ed14f4c8206e,loadtime,nytimes,True,nytimes loadtime opt fission warm webrender,,6,ms,firefox,444329960.0,1830744983,2024-01-23 16:37:03,950.0,547151893bb442136e4a9b2f8c4b541895aa3e1e,1364733,,,,,,,,,,,,,,,,,,,,,,,,,,,,,,,,,,,,,,,,,,,,,,,,,,TN,,,,,,,,,,
mozilla-beta,4168539,13,b83612eacaf8eff6c5b8a31215809a39b157f6fb,linux1804-64-shippable-qr,True,False,,|f|i|s|s|i|o|n| |w|a|r|m| |w|e|b|r|e|n|d|e|r|,102210fe594ee9b33d82058545b1ed14f4c8206e,loadtime,nytimes,True,nytimes loadtime opt fission warm webrender,,6,ms,firefox,444336217.0,1830784094,2024-01-23 17:01:05,952.7,ade0334006fbd178e5fdd21f3be572da0801a978,1364758,,,,,,,,,,,,,,,,,,,,,,,,,,,,,,,,,,,,,,,,,,,,,,,,,,TN,,,,,,,,,,
mozilla-beta,4168539,13,b83612eacaf8eff6c5b8a31215809a39b157f6fb,linux1804-64-shippable-qr,True,False,,|f|i|s|s|i|o|n| |w|a|r|m| |w|e|b|r|e|n|d|e|r|,102210fe594ee9b33d82058545b1ed14f4c8206e,loadtime,nytimes,True,nytimes loadtime opt fission warm webrender,,6,ms,firefox,444410442.0,1831190398,2024-01-24 07:46:30,947.9,e3af39ea2780b6c6e53d63e7d0bc9bca40e59bdd,1365279,,,,,,,,,,,,,,,,,,,,,,,,,,,,,,,,,,,,,,,,,,,,,,,,,,TN,,,,,,,,,,
mozilla-beta,4168539,13,b83612eacaf8eff6c5b8a31215809a39b157f6fb,linux1804-64-shippable-qr,True,False,,|f|i|s|s|i|o|n| |w|a|r|m| |w|e|b|r|e|n|d|e|r|,102210fe594ee9b33d82058545b1ed14f4c8206e,loadtime,nytimes,True,nytimes loadtime opt fission warm webrender,,6,ms,firefox,444441234.0,1831292341,2024-01-24 10:10:04,962.1,826c3bfca9fb43d3d63c58f52dc0a11475591511,1365331,,,,,,,,,,,,,,,,,,,,,,,,,,,,,,,,,,,,,,,,,,,,,,,,,,TN,,,,,,,,,,
mozilla-beta,4168539,13,b83612eacaf8eff6c5b8a31215809a39b157f6fb,linux1804-64-shippable-qr,True,False,,|f|i|s|s|i|o|n| |w|a|r|m| |w|e|b|r|e|n|d|e|r|,102210fe594ee9b33d82058545b1ed14f4c8206e,loadtime,nytimes,True,nytimes loadtime opt fission warm webrender,,6,ms,firefox,444564712.0,1831892447,2024-01-25 08:17:18,952.0,aca480ec983e358d61afa4f987f90abc8d01636a,1366099,,,,,,,,,,,,,,,,,,,,,,,,,,,,,,,,,,,,,,,,,,,,,,,,,,TN,,,,,,,,,,
mozilla-beta,4168539,13,b83612eacaf8eff6c5b8a31215809a39b157f6fb,linux1804-64-shippable-qr,True,False,,|f|i|s|s|i|o|n| |w|a|r|m| |w|e|b|r|e|n|d|e|r|,102210fe594ee9b33d82058545b1ed14f4c8206e,loadtime,nytimes,True,nytimes loadtime opt fission warm webrender,,6,ms,firefox,444570839.0,1831923374,2024-01-25 09:16:24,955.4,01412b6a709468aeafa6f8f6dc28b7d0586a3ee9,1366119,,,,,,,,,,,,,,,,,,,,,,,,,,,,,,,,,,,,,,,,,,,,,,,,,,TN,,,,,,,,,,
mozilla-beta,4168539,13,b83612eacaf8eff6c5b8a31215809a39b157f6fb,linux1804-64-shippable-qr,True,False,,|f|i|s|s|i|o|n| |w|a|r|m| |w|e|b|r|e|n|d|e|r|,102210fe594ee9b33d82058545b1ed14f4c8206e,loadtime,nytimes,True,nytimes loadtime opt fission warm webrender,,6,ms,firefox,444594999.0,1832016201,2024-01-25 11:40:50,952.9,c0a71cb5e7b2999e78e5db5ed9e7df1b04f536a9,1366197,,,,,,,,,,,,,,,,,,,,,,,,,,,,,,,,,,,,,,,,,,,,,,,,,,TN,,,,,,,,,,
mozilla-beta,4168539,13,b83612eacaf8eff6c5b8a31215809a39b157f6fb,linux1804-64-shippable-qr,True,False,,|f|i|s|s|i|o|n| |w|a|r|m| |w|e|b|r|e|n|d|e|r|,102210fe594ee9b33d82058545b1ed14f4c8206e,loadtime,nytimes,True,nytimes loadtime opt fission warm webrender,,6,ms,firefox,444645266.0,1832299228,2024-01-25 19:55:43,967.6,390710073437ce59c6f7f62270eb9330d73e6fca,1366536,,,,,,,,,,,,,,,,,,,,,,,,,,,,,,,,,,,,,,,,,,,,,,,,,,TN,,,,,,,,,,
mozilla-beta,4168539,13,b83612eacaf8eff6c5b8a31215809a39b157f6fb,linux1804-64-shippable-qr,True,False,,|f|i|s|s|i|o|n| |w|a|r|m| |w|e|b|r|e|n|d|e|r|,102210fe594ee9b33d82058545b1ed14f4c8206e,loadtime,nytimes,True,nytimes loadtime opt fission warm webrender,,6,ms,firefox,444712995.0,1832599486,2024-01-26 08:22:35,956.0,c05637a5653cb097918ec5b22dd71b5279169ddb,1366833,,,,,,,,,,,,,,,,,,,,,,,,,,,,,,,,,,,,,,,,,,,,,,,,,,TN,,,,,,,,,,
mozilla-beta,4168539,13,b83612eacaf8eff6c5b8a31215809a39b157f6fb,linux1804-64-shippable-qr,True,False,,|f|i|s|s|i|o|n| |w|a|r|m| |w|e|b|r|e|n|d|e|r|,102210fe594ee9b33d82058545b1ed14f4c8206e,loadtime,nytimes,True,nytimes loadtime opt fission warm webrender,,6,ms,firefox,444717095.0,1832649995,2024-01-26 09:16:53,953.7,e22e283373bd323eeb3f3cc73810cf33dff95e72,1366862,,,,,,,,,,,,,,,,,,,,,,,,,,,,,,,,,,,,,,,,,,,,,,,,,,TN,,,,,,,,,,
mozilla-beta,4168539,13,b83612eacaf8eff6c5b8a31215809a39b157f6fb,linux1804-64-shippable-qr,True,False,,|f|i|s|s|i|o|n| |w|a|r|m| |w|e|b|r|e|n|d|e|r|,102210fe594ee9b33d82058545b1ed14f4c8206e,loadtime,nytimes,True,nytimes loadtime opt fission warm webrender,,6,ms,firefox,444861978.0,1833484123,2024-01-27 09:16:18,950.3,aad4bcfe43cfbfc141d35fa756e9b9cc2683da95,1367460,,,,,,,,,,,,,,,,,,,,,,,,,,,,,,,,,,,,,,,,,,,,,,,,,,TN,,,,,,,,,,
mozilla-beta,4168539,13,b83612eacaf8eff6c5b8a31215809a39b157f6fb,linux1804-64-shippable-qr,True,False,,|f|i|s|s|i|o|n| |w|a|r|m| |w|e|b|r|e|n|d|e|r|,102210fe594ee9b33d82058545b1ed14f4c8206e,loadtime,nytimes,True,nytimes loadtime opt fission warm webrender,,6,ms,firefox,444929855.0,1833842647,2024-01-28 10:21:01,953.3,8ac8d5e3f345fb5c9ffad36d03b770d93f82e5f9,1367559,,,,,,,,,,,,,,,,,,,,,,,,,,,,,,,,,,,,,,,,,,,,,,,,,,TN,,,,,,,,,,
mozilla-beta,4168539,13,b83612eacaf8eff6c5b8a31215809a39b157f6fb,linux1804-64-shippable-qr,True,False,,|f|i|s|s|i|o|n| |w|a|r|m| |w|e|b|r|e|n|d|e|r|,102210fe594ee9b33d82058545b1ed14f4c8206e,loadtime,nytimes,True,nytimes loadtime opt fission warm webrender,,6,ms,firefox,444931446.0,1833857009,2024-01-28 10:22:49,962.9,700859e125b5bd40b76e7ae9e6a3746e1d17fcd6,1367561,,,,,,,,,,,,,,,,,,,,,,,,,,,,,,,,,,,,,,,,,,,,,,,,,,TN,,,,,,,,,,
mozilla-beta,4168539,13,b83612eacaf8eff6c5b8a31215809a39b157f6fb,linux1804-64-shippable-qr,True,False,,|f|i|s|s|i|o|n| |w|a|r|m| |w|e|b|r|e|n|d|e|r|,102210fe594ee9b33d82058545b1ed14f4c8206e,loadtime,nytimes,True,nytimes loadtime opt fission warm webrender,,6,ms,firefox,444939044.0,1833896328,2024-01-28 11:02:29,941.9,0caf7b959d3adda31471443eb0918c601108fc83,1367564,,,,,,,,,,,,,,,,,,,,,,,,,,,,,,,,,,,,,,,,,,,,,,,,,,TN,,,,,,,,,,
mozilla-beta,4168539,13,b83612eacaf8eff6c5b8a31215809a39b157f6fb,linux1804-64-shippable-qr,True,False,,|f|i|s|s|i|o|n| |w|a|r|m| |w|e|b|r|e|n|d|e|r|,102210fe594ee9b33d82058545b1ed14f4c8206e,loadtime,nytimes,True,nytimes loadtime opt fission warm webrender,,6,ms,firefox,444945151.0,1833963171,2024-01-28 13:59:26,953.0,c4f60b3ed4c5502cebfae95869686d6cc67cef42,1367583,,,,,,,,,,,,,,,,,,,,,,,,,,,,,,,,,,,,,,,,,,,,,,,,,,TN,,,,,,,,,,
mozilla-beta,4168539,13,b83612eacaf8eff6c5b8a31215809a39b157f6fb,linux1804-64-shippable-qr,True,False,,|f|i|s|s|i|o|n| |w|a|r|m| |w|e|b|r|e|n|d|e|r|,102210fe594ee9b33d82058545b1ed14f4c8206e,loadtime,nytimes,True,nytimes loadtime opt fission warm webrender,,6,ms,firefox,444951695.0,1834032167,2024-01-28 17:17:02,947.8,28597dc87a4c08a1de0828ffc3295ee3e28ca823,1367591,,,,,,,,,,,,,,,,,,,,,,,,,,,,,,,,,,,,,,,,,,,,,,,,,,TN,,,,,,,,,,
mozilla-beta,4168539,13,b83612eacaf8eff6c5b8a31215809a39b157f6fb,linux1804-64-shippable-qr,True,False,,|f|i|s|s|i|o|n| |w|a|r|m| |w|e|b|r|e|n|d|e|r|,102210fe594ee9b33d82058545b1ed14f4c8206e,loadtime,nytimes,True,nytimes loadtime opt fission warm webrender,,6,ms,firefox,444991060.0,1834204911,2024-01-29 09:17:30,965.5,bb21c53d7097fdb571daf0972443e7b7b528fd6d,1367700,,,,,,,,,,,,,,,,,,,,,,,,,,,,,,,,,,,,,,,,,,,,,,,,,,TN,,,,,,,,,,
mozilla-beta,4168539,13,b83612eacaf8eff6c5b8a31215809a39b157f6fb,linux1804-64-shippable-qr,True,False,,|f|i|s|s|i|o|n| |w|a|r|m| |w|e|b|r|e|n|d|e|r|,102210fe594ee9b33d82058545b1ed14f4c8206e,loadtime,nytimes,True,nytimes loadtime opt fission warm webrender,,6,ms,firefox,445144658.0,1835069740,2024-01-30 09:17:42,961.5,7c6883e22d12922c8434135aba2908d12c258ba5,1368488,,,,,,,,,,,,,,,,,,,,,,,,,,,,,,,,,,,,,,,,,,,,,,,,,,TN,,,,,,,,,,
mozilla-beta,4168539,13,b83612eacaf8eff6c5b8a31215809a39b157f6fb,linux1804-64-shippable-qr,True,False,,|f|i|s|s|i|o|n| |w|a|r|m| |w|e|b|r|e|n|d|e|r|,102210fe594ee9b33d82058545b1ed14f4c8206e,loadtime,nytimes,True,nytimes loadtime opt fission warm webrender,,6,ms,firefox,445174851.0,1835175153,2024-01-30 12:18:29,955.6,8d79725961720ff9be553f8fde3ba11c379df5be,1368566,,,,,,,,,,,,,,,,,,,,,,,,,,,,,,,,,,,,,,,,,,,,,,,,,,TN,,,,,,,,,,
mozilla-beta,4168539,13,b83612eacaf8eff6c5b8a31215809a39b157f6fb,linux1804-64-shippable-qr,True,False,,|f|i|s|s|i|o|n| |w|a|r|m| |w|e|b|r|e|n|d|e|r|,102210fe594ee9b33d82058545b1ed14f4c8206e,loadtime,nytimes,True,nytimes loadtime opt fission warm webrender,,6,ms,firefox,445179007.0,1835218552,2024-01-30 12:47:52,939.2,1bcabb7122306682ad71cb1934050ada5ccc09ce,1368585,,,,,,,,,,,,,,,,,,,,,,,,,,,,,,,,,,,,,,,,,,,,,,,,,,TN,,,,,,,,,,
mozilla-beta,4168539,13,b83612eacaf8eff6c5b8a31215809a39b157f6fb,linux1804-64-shippable-qr,True,False,,|f|i|s|s|i|o|n| |w|a|r|m| |w|e|b|r|e|n|d|e|r|,102210fe594ee9b33d82058545b1ed14f4c8206e,loadtime,nytimes,True,nytimes loadtime opt fission warm webrender,,6,ms,firefox,445199637.0,1835290403,2024-01-30 14:42:31,947.2,bac162dca4dbd72e204fbbd2a4bf2f05930997c4,1368662,,,,,,,,,,,,,,,,,,,,,,,,,,,,,,,,,,,,,,,,,,,,,,,,,,TN,,,,,,,,,,
mozilla-beta,4168539,13,b83612eacaf8eff6c5b8a31215809a39b157f6fb,linux1804-64-shippable-qr,True,False,,|f|i|s|s|i|o|n| |w|a|r|m| |w|e|b|r|e|n|d|e|r|,102210fe594ee9b33d82058545b1ed14f4c8206e,loadtime,nytimes,True,nytimes loadtime opt fission warm webrender,,6,ms,firefox,445200266.0,1835290904,2024-01-30 14:46:49,936.8,e8bfa642a6583259b6afb963c4ab24cec7fe364b,1368663,,,,,,,,,,,,,,,,,,,,,,,,,,,,,,,,,,,,,,,,,,,,,,,,,,TN,,,,,,,,,,
mozilla-beta,4168539,13,b83612eacaf8eff6c5b8a31215809a39b157f6fb,linux1804-64-shippable-qr,True,False,,|f|i|s|s|i|o|n| |w|a|r|m| |w|e|b|r|e|n|d|e|r|,102210fe594ee9b33d82058545b1ed14f4c8206e,loadtime,nytimes,True,nytimes loadtime opt fission warm webrender,,6,ms,firefox,445210953.0,1835337656,2024-01-30 14:50:42,950.8,badb0c014722faab9e694a5d451a4dc5c524f08b,1368665,,,,,,,,,,,,,,,,,,,,,,,,,,,,,,,,,,,,,,,,,,,,,,,,,,TN,,,,,,,,,,
mozilla-beta,4168539,13,b83612eacaf8eff6c5b8a31215809a39b157f6fb,linux1804-64-shippable-qr,True,False,,|f|i|s|s|i|o|n| |w|a|r|m| |w|e|b|r|e|n|d|e|r|,102210fe594ee9b33d82058545b1ed14f4c8206e,loadtime,nytimes,True,nytimes loadtime opt fission warm webrender,,6,ms,firefox,445211496.0,1835338859,2024-01-30 15:32:30,948.7,bb9a936c0644ab6ea6d8e6b8f62fa7787b809a5e,1368693,,,,,,,,,,,,,,,,,,,,,,,,,,,,,,,,,,,,,,,,,,,,,,,,,,TN,,,,,,,,,,
mozilla-beta,4168539,13,b83612eacaf8eff6c5b8a31215809a39b157f6fb,linux1804-64-shippable-qr,True,False,,|f|i|s|s|i|o|n| |w|a|r|m| |w|e|b|r|e|n|d|e|r|,102210fe594ee9b33d82058545b1ed14f4c8206e,loadtime,nytimes,True,nytimes loadtime opt fission warm webrender,,6,ms,firefox,445217177.0,1835374940,2024-01-30 17:06:51,951.4,0d874603541fa5871c1e3677d49b108d5fcb1bed,1368762,,,,,,,,,,,,,,,,,,,,,,,,,,,,,,,,,,,,,,,,,,,,,,,,,,TN,,,,,,,,,,
mozilla-beta,4168539,13,b83612eacaf8eff6c5b8a31215809a39b157f6fb,linux1804-64-shippable-qr,True,False,,|f|i|s|s|i|o|n| |w|a|r|m| |w|e|b|r|e|n|d|e|r|,102210fe594ee9b33d82058545b1ed14f4c8206e,loadtime,nytimes,True,nytimes loadtime opt fission warm webrender,,6,ms,firefox,445230468.0,1835428305,2024-01-30 17:22:21,950.4,814c511db3bf80ee923c7e26d7248df7690afbc7,1368764,,,,,,,,,,,,,,,,,,,,,,,,,,,,,,,,,,,,,,,,,,,,,,,,,,TN,,,,,,,,,,
mozilla-beta,4168539,13,b83612eacaf8eff6c5b8a31215809a39b157f6fb,linux1804-64-shippable-qr,True,False,,|f|i|s|s|i|o|n| |w|a|r|m| |w|e|b|r|e|n|d|e|r|,102210fe594ee9b33d82058545b1ed14f4c8206e,loadtime,nytimes,True,nytimes loadtime opt fission warm webrender,,6,ms,firefox,445315472.0,1835916915,2024-01-31 09:16:40,948.6,59d56668c362e68738a8561c397961027b0a62d3,1369245,,,,,,,,,,,,,,,,,,,,,,,,,,,,,,,,,,,,,,,,,,,,,,,,,,TN,,,,,,,,,,
mozilla-beta,4168539,13,b83612eacaf8eff6c5b8a31215809a39b157f6fb,linux1804-64-shippable-qr,True,False,,|f|i|s|s|i|o|n| |w|a|r|m| |w|e|b|r|e|n|d|e|r|,102210fe594ee9b33d82058545b1ed14f4c8206e,loadtime,nytimes,True,nytimes loadtime opt fission warm webrender,,6,ms,firefox,445411624.0,1836309756,2024-01-31 19:51:02,961.4,e98c8386087ddb2af9037734fa58033a1020756c,1369600,,,,,,,,,,,,,,,,,,,,,,,,,,,,,,,,,,,,,,,,,,,,,,,,,,TN,,,,,,,,,,
mozilla-beta,4168539,13,b83612eacaf8eff6c5b8a31215809a39b157f6fb,linux1804-64-shippable-qr,True,False,,|f|i|s|s|i|o|n| |w|a|r|m| |w|e|b|r|e|n|d|e|r|,102210fe594ee9b33d82058545b1ed14f4c8206e,loadtime,nytimes,True,nytimes loadtime opt fission warm webrender,,6,ms,firefox,445409276.0,1836268875,2024-01-31 19:52:12,940.5,f1a16b3d1da6ccd5b17c214f7ff9ada27bf91c17,1369605,,,,,,,,,,,,,,,,,,,,,,,,,,,,,,,,,,,,,,,,,,,,,,,,,,TN,,,,,,,,,,
mozilla-beta,4168539,13,b83612eacaf8eff6c5b8a31215809a39b157f6fb,linux1804-64-shippable-qr,True,False,,|f|i|s|s|i|o|n| |w|a|r|m| |w|e|b|r|e|n|d|e|r|,102210fe594ee9b33d82058545b1ed14f4c8206e,loadtime,nytimes,True,nytimes loadtime opt fission warm webrender,,6,ms,firefox,445473880.0,1836637361,2024-02-01 09:17:30,950.6,ad203e66852383f625e1c40a24f1486ce811f053,1369924,,,,,,,,,,,,,,,,,,,,,,,,,,,,,,,,,,,,,,,,,,,,,,,,,,TN,,,,,,,,,,
mozilla-beta,4168539,13,b83612eacaf8eff6c5b8a31215809a39b157f6fb,linux1804-64-shippable-qr,True,False,,|f|i|s|s|i|o|n| |w|a|r|m| |w|e|b|r|e|n|d|e|r|,102210fe594ee9b33d82058545b1ed14f4c8206e,loadtime,nytimes,True,nytimes loadtime opt fission warm webrender,,6,ms,firefox,445480989.0,1836655039,2024-02-01 09:55:18,941.2,828272c423683913577d66e2e1246f33d50c4b8e,1369960,,,,,,,,,,,,,,,,,,,,,,,,,,,,,,,,,,,,,,,,,,,,,,,,,,TN,,,,,,,,,,
mozilla-beta,4168539,13,b83612eacaf8eff6c5b8a31215809a39b157f6fb,linux1804-64-shippable-qr,True,False,,|f|i|s|s|i|o|n| |w|a|r|m| |w|e|b|r|e|n|d|e|r|,102210fe594ee9b33d82058545b1ed14f4c8206e,loadtime,nytimes,True,nytimes loadtime opt fission warm webrender,,6,ms,firefox,445501779.0,1836728429,2024-02-01 11:40:29,943.6,49d14b310e92729c505231844bd7849442cf26f9,1370025,,,,,,,,,,,,,,,,,,,,,,,,,,,,,,,,,,,,,,,,,,,,,,,,,,TN,,,,,,,,,,
mozilla-beta,4168539,13,b83612eacaf8eff6c5b8a31215809a39b157f6fb,linux1804-64-shippable-qr,True,False,,|f|i|s|s|i|o|n| |w|a|r|m| |w|e|b|r|e|n|d|e|r|,102210fe594ee9b33d82058545b1ed14f4c8206e,loadtime,nytimes,True,nytimes loadtime opt fission warm webrender,,6,ms,firefox,445545505.0,1836965142,2024-02-01 14:02:56,950.9,7fdcb4812fde5b6100168d0f55a31f1b77644044,1370098,,,,,,,,,,,,,,,,,,,,,,,,,,,,,,,,,,,,,,,,,,,,,,,,,,TN,,,,,,,,,,
mozilla-beta,4168539,13,b83612eacaf8eff6c5b8a31215809a39b157f6fb,linux1804-64-shippable-qr,True,False,,|f|i|s|s|i|o|n| |w|a|r|m| |w|e|b|r|e|n|d|e|r|,102210fe594ee9b33d82058545b1ed14f4c8206e,loadtime,nytimes,True,nytimes loadtime opt fission warm webrender,,6,ms,firefox,445532139.0,1836815005,2024-02-01 14:13:24,944.2,4433675287c19d1febab18a61d020c28e9fbe778,1370108,,,,,,,,,,,,,,,,,,,,,,,,,,,,,,,,,,,,,,,,,,,,,,,,,,TN,,,,,,,,,,
mozilla-beta,4168539,13,b83612eacaf8eff6c5b8a31215809a39b157f6fb,linux1804-64-shippable-qr,True,False,,|f|i|s|s|i|o|n| |w|a|r|m| |w|e|b|r|e|n|d|e|r|,102210fe594ee9b33d82058545b1ed14f4c8206e,loadtime,nytimes,True,nytimes loadtime opt fission warm webrender,,6,ms,firefox,445546517.0,1836989850,2024-02-01 14:19:11,943.6,c51c59c74488225b3f0a6446e13296789a5fddee,1370117,,,,,,,,,,,,,,,,,,,,,,,,,,,,,,,,,,,,,,,,,,,,,,,,,,TN,,,,,,,,,,
mozilla-beta,4168539,13,b83612eacaf8eff6c5b8a31215809a39b157f6fb,linux1804-64-shippable-qr,True,False,,|f|i|s|s|i|o|n| |w|a|r|m| |w|e|b|r|e|n|d|e|r|,102210fe594ee9b33d82058545b1ed14f4c8206e,loadtime,nytimes,True,nytimes loadtime opt fission warm webrender,,6,ms,firefox,445535949.0,1836845891,2024-02-01 14:35:28,937.7,edd7d6c869f5dd8a8f9525139a2cdd3286f0b104,1370134,,,,,,,,,,,,,,,,,,,,,,,,,,,,,,,,,,,,,,,,,,,,,,,,,,TN,,,,,,,,,,
mozilla-beta,4168539,13,b83612eacaf8eff6c5b8a31215809a39b157f6fb,linux1804-64-shippable-qr,True,False,,|f|i|s|s|i|o|n| |w|a|r|m| |w|e|b|r|e|n|d|e|r|,102210fe594ee9b33d82058545b1ed14f4c8206e,loadtime,nytimes,True,nytimes loadtime opt fission warm webrender,,6,ms,firefox,445561158.0,1837043777,2024-02-01 14:45:34,947.4,39a24ad65fa1c188491f77f5989116325ece07c0,1370145,,,,,,,,,,,,,,,,,,,,,,,,,,,,,,,,,,,,,,,,,,,,,,,,,,TN,,,,,,,,,,
mozilla-beta,4168539,13,b83612eacaf8eff6c5b8a31215809a39b157f6fb,linux1804-64-shippable-qr,True,False,,|f|i|s|s|i|o|n| |w|a|r|m| |w|e|b|r|e|n|d|e|r|,102210fe594ee9b33d82058545b1ed14f4c8206e,loadtime,nytimes,True,nytimes loadtime opt fission warm webrender,,6,ms,firefox,445540928.0,1836910896,2024-02-01 14:55:52,934.3,4981454a7cb64ddb865b16a2e340da23010c0234,1370155,,,,,,,,,,,,,,,,,,,,,,,,,,,,,,,,,,,,,,,,,,,,,,,,,,TN,,,,,,,,,,
mozilla-beta,4168539,13,b83612eacaf8eff6c5b8a31215809a39b157f6fb,linux1804-64-shippable-qr,True,False,,|f|i|s|s|i|o|n| |w|a|r|m| |w|e|b|r|e|n|d|e|r|,102210fe594ee9b33d82058545b1ed14f4c8206e,loadtime,nytimes,True,nytimes loadtime opt fission warm webrender,,6,ms,firefox,445544327.0,1836929635,2024-02-01 15:13:15,952.2,4c0f3596adddb0c1c9fe6c27165bf86798d2f1f6,1370168,,,,,,,,,,,,,,,,,,,,,,,,,,,,,,,,,,,,,,,,,,,,,,,,,,TN,,,,,,,,,,
mozilla-beta,4168539,13,b83612eacaf8eff6c5b8a31215809a39b157f6fb,linux1804-64-shippable-qr,True,False,,|f|i|s|s|i|o|n| |w|a|r|m| |w|e|b|r|e|n|d|e|r|,102210fe594ee9b33d82058545b1ed14f4c8206e,loadtime,nytimes,True,nytimes loadtime opt fission warm webrender,,6,ms,firefox,445551344.0,1837015465,2024-02-01 15:45:31,940.0,c9147db5b900da6c93e1ef516fcee4d9375322ac,1370182,,,,,,,,,,,,,,,,,,,,,,,,,,,,,,,,,,,,,,,,,,,,,,,,,,TN,,,,,,,,,,
mozilla-beta,4168539,13,b83612eacaf8eff6c5b8a31215809a39b157f6fb,linux1804-64-shippable-qr,True,False,,|f|i|s|s|i|o|n| |w|a|r|m| |w|e|b|r|e|n|d|e|r|,102210fe594ee9b33d82058545b1ed14f4c8206e,loadtime,nytimes,True,nytimes loadtime opt fission warm webrender,,6,ms,firefox,445561417.0,1837063806,2024-02-01 16:34:05,948.9,9fde9b753918580c63434a4056f7a0cfc2bbefda,1370232,,,,,,,,,,,,,,,,,,,,,,,,,,,,,,,,,,,,,,,,,,,,,,,,,,TN,,,,,,,,,,
mozilla-beta,4168539,13,b83612eacaf8eff6c5b8a31215809a39b157f6fb,linux1804-64-shippable-qr,True,False,,|f|i|s|s|i|o|n| |w|a|r|m| |w|e|b|r|e|n|d|e|r|,102210fe594ee9b33d82058545b1ed14f4c8206e,loadtime,nytimes,True,nytimes loadtime opt fission warm webrender,,6,ms,firefox,445652271.0,1837392677,2024-02-02 09:03:54,942.8,a8f990a1461e92ea29b178d183739ab4279d355b,1370723,,,,,,,,,,,,,,,,,,,,,,,,,,,,,,,,,,,,,,,,,,,,,,,,,,TN,,,,,,,,,,
mozilla-beta,4168539,13,b83612eacaf8eff6c5b8a31215809a39b157f6fb,linux1804-64-shippable-qr,True,False,,|f|i|s|s|i|o|n| |w|a|r|m| |w|e|b|r|e|n|d|e|r|,102210fe594ee9b33d82058545b1ed14f4c8206e,loadtime,nytimes,True,nytimes loadtime opt fission warm webrender,,6,ms,firefox,445655670.0,1837404441,2024-02-02 09:16:30,952.9,ad9f945b0588b8e71d2bc8a24a4bae78ac518fe7,1370728,,,,,,,,,,,,,,,,,,,,,,,,,,,,,,,,,,,,,,,,,,,,,,,,,,TN,,,,,,,,,,
mozilla-beta,4168539,13,b83612eacaf8eff6c5b8a31215809a39b157f6fb,linux1804-64-shippable-qr,True,False,,|f|i|s|s|i|o|n| |w|a|r|m| |w|e|b|r|e|n|d|e|r|,102210fe594ee9b33d82058545b1ed14f4c8206e,loadtime,nytimes,True,nytimes loadtime opt fission warm webrender,,6,ms,firefox,445741343.0,1837772590,2024-02-02 18:17:20,929.2,2a92c9f6ad73c6919eca1fda86f98e644f90bced,1371042,,,,,,,,,,,,,,,,,,,,,,,,,,,,,,,,,,,,,,,,,,,,,,,,,,TN,,,,,,,,,,
mozilla-beta,4168539,13,b83612eacaf8eff6c5b8a31215809a39b157f6fb,linux1804-64-shippable-qr,True,False,,|f|i|s|s|i|o|n| |w|a|r|m| |w|e|b|r|e|n|d|e|r|,102210fe594ee9b33d82058545b1ed14f4c8206e,loadtime,nytimes,True,nytimes loadtime opt fission warm webrender,,6,ms,firefox,445813816.0,1838082440,2024-02-03 09:17:37,924.6,7514647daa8f9fce23b12cb76cda187c12c65ec9,1371371,,,,,,,,,,,,,,,,,,,,,,,,,,,,,,,,,,,,,,,,,,,,,,,,,,TN,,,,,,,,,,
mozilla-beta,4168539,13,b83612eacaf8eff6c5b8a31215809a39b157f6fb,linux1804-64-shippable-qr,True,False,,|f|i|s|s|i|o|n| |w|a|r|m| |w|e|b|r|e|n|d|e|r|,102210fe594ee9b33d82058545b1ed14f4c8206e,loadtime,nytimes,True,nytimes loadtime opt fission warm webrender,,6,ms,firefox,445854176.0,1838279661,2024-02-04 07:01:15,930.6,b90706774a91a89aad7410bc904246d5f0cc89d6,1371494,,,,,,,,,,,,,,,,,,,,,,,,,,,,,,,,,,,,,,,,,,,,,,,,,,TN,,,,,,,,,,
mozilla-beta,4168539,13,b83612eacaf8eff6c5b8a31215809a39b157f6fb,linux1804-64-shippable-qr,True,False,,|f|i|s|s|i|o|n| |w|a|r|m| |w|e|b|r|e|n|d|e|r|,102210fe594ee9b33d82058545b1ed14f4c8206e,loadtime,nytimes,True,nytimes loadtime opt fission warm webrender,,6,ms,firefox,445854409.0,1838289011,2024-02-04 07:10:52,934.6,97a9e1afca4b4f861b1f512ecb74d9beae03701f,1371498,,,,,,,,,,,,,,,,,,,,,,,,,,,,,,,,,,,,,,,,,,,,,,,,,,TN,,,,,,,,,,
mozilla-beta,4168539,13,b83612eacaf8eff6c5b8a31215809a39b157f6fb,linux1804-64-shippable-qr,True,False,,|f|i|s|s|i|o|n| |w|a|r|m| |w|e|b|r|e|n|d|e|r|,102210fe594ee9b33d82058545b1ed14f4c8206e,loadtime,nytimes,True,nytimes loadtime opt fission warm webrender,,6,ms,firefox,445862542.0,1838321849,2024-02-04 09:20:23,936.8,2e2c077318b2178732ec140527e75b30638a12c7,1371504,,,,,,,,,,,,,,,,,,,,,,,,,,,,,,,,,,,,,,,,,,,,,,,,,,TN,,,,,,,,,,
mozilla-beta,4168539,13,b83612eacaf8eff6c5b8a31215809a39b157f6fb,linux1804-64-shippable-qr,True,False,,|f|i|s|s|i|o|n| |w|a|r|m| |w|e|b|r|e|n|d|e|r|,102210fe594ee9b33d82058545b1ed14f4c8206e,loadtime,nytimes,True,nytimes loadtime opt fission warm webrender,,6,ms,firefox,445925017.0,1838735611,2024-02-05 08:56:25,932.6,b65739114a8d799c15f643b020b341e2822d28c3,1371648,,,,,,,,,,,,,,,,,,,,,,,,,,,,,,,,,,,,,,,,,,,,,,,,,,TN,,,,,,,,,,
mozilla-beta,4168539,13,b83612eacaf8eff6c5b8a31215809a39b157f6fb,linux1804-64-shippable-qr,True,False,,|f|i|s|s|i|o|n| |w|a|r|m| |w|e|b|r|e|n|d|e|r|,102210fe594ee9b33d82058545b1ed14f4c8206e,loadtime,nytimes,True,nytimes loadtime opt fission warm webrender,,6,ms,firefox,445929173.0,1838755641,2024-02-05 09:17:25,934.6,5b697b0438ae5c3ccf005657eae8e3c59d97a05e,1371659,,,,,,,,,,,,,,,,,,,,,,,,,,,,,,,,,,,,,,,,,,,,,,,,,,TN,,,,,,,,,,
mozilla-beta,4168539,13,b83612eacaf8eff6c5b8a31215809a39b157f6fb,linux1804-64-shippable-qr,True,False,,|f|i|s|s|i|o|n| |w|a|r|m| |w|e|b|r|e|n|d|e|r|,102210fe594ee9b33d82058545b1ed14f4c8206e,loadtime,nytimes,True,nytimes loadtime opt fission warm webrender,,6,ms,firefox,446101736.0,1839489490,2024-02-06 08:23:02,940.5,562b0ae0eca50b88282d822fb79af7f8bbf5f9cc,1372463,,,,,,,,,,,,,,,,,,,,,,,,,,,,,,,,,,,,,,,,,,,,,,,,,,TN,,,,,,,,,,
mozilla-beta,4168539,13,b83612eacaf8eff6c5b8a31215809a39b157f6fb,linux1804-64-shippable-qr,True,False,,|f|i|s|s|i|o|n| |w|a|r|m| |w|e|b|r|e|n|d|e|r|,102210fe594ee9b33d82058545b1ed14f4c8206e,loadtime,nytimes,True,nytimes loadtime opt fission warm webrender,,6,ms,firefox,446117735.0,1839592305,2024-02-06 09:14:55,921.9,7e1760ca80cfe6f02a0679e3725187bc2b3ad7d1,1372486,,,,,,,,,,,,,,,,,,,,,,,,,,,,,,,,,,,,,,,,,,,,,,,,,,TN,,,,,,,,,,
mozilla-beta,4168539,13,b83612eacaf8eff6c5b8a31215809a39b157f6fb,linux1804-64-shippable-qr,True,False,,|f|i|s|s|i|o|n| |w|a|r|m| |w|e|b|r|e|n|d|e|r|,102210fe594ee9b33d82058545b1ed14f4c8206e,loadtime,nytimes,True,nytimes loadtime opt fission warm webrender,,6,ms,firefox,446111050.0,1839523867,2024-02-06 09:19:06,936.3,88875300ae7440640f4c3c699b32b8dfac80f396,1372488,,,,,,,,,,,,,,,,,,,,,,,,,,,,,,,,,,,,,,,,,,,,,,,,,,TN,,,,,,,,,,
mozilla-beta,4168539,13,b83612eacaf8eff6c5b8a31215809a39b157f6fb,linux1804-64-shippable-qr,True,False,,|f|i|s|s|i|o|n| |w|a|r|m| |w|e|b|r|e|n|d|e|r|,102210fe594ee9b33d82058545b1ed14f4c8206e,loadtime,nytimes,True,nytimes loadtime opt fission warm webrender,,6,ms,firefox,446116461.0,1839576188,2024-02-06 10:09:38,926.3,6839f8c0d14e712d154a0c8c37fc55087e65f252,1372523,,,,,,,,,,,,,,,,,,,,,,,,,,,,,,,,,,,,,,,,,,,,,,,,,,TN,,,,,,,,,,
mozilla-beta,4168539,13,b83612eacaf8eff6c5b8a31215809a39b157f6fb,linux1804-64-shippable-qr,True,False,,|f|i|s|s|i|o|n| |w|a|r|m| |w|e|b|r|e|n|d|e|r|,102210fe594ee9b33d82058545b1ed14f4c8206e,loadtime,nytimes,True,nytimes loadtime opt fission warm webrender,,6,ms,firefox,446140761.0,1839621900,2024-02-06 11:38:33,938.7,a778bae14c05a2fbe1ba67854cec9accdad55bb3,1372580,,,,,,,,,,,,,,,,,,,,,,,,,,,,,,,,,,,,,,,,,,,,,,,,,,TN,,,,,,,,,,
mozilla-beta,4168539,13,b83612eacaf8eff6c5b8a31215809a39b157f6fb,linux1804-64-shippable-qr,True,False,,|f|i|s|s|i|o|n| |w|a|r|m| |w|e|b|r|e|n|d|e|r|,102210fe594ee9b33d82058545b1ed14f4c8206e,loadtime,nytimes,True,nytimes loadtime opt fission warm webrender,,6,ms,firefox,446155089.0,1839680189,2024-02-06 12:51:40,928.4,65e6d3b19e698ac57830fd1c3d90d4c760ef5eb6,1372610,,,,,,,,,,,,,,,,,,,,,,,,,,,,,,,,,,,,,,,,,,,,,,,,,,TN,,,,,,,,,,
mozilla-beta,4168539,13,b83612eacaf8eff6c5b8a31215809a39b157f6fb,linux1804-64-shippable-qr,True,False,,|f|i|s|s|i|o|n| |w|a|r|m| |w|e|b|r|e|n|d|e|r|,102210fe594ee9b33d82058545b1ed14f4c8206e,loadtime,nytimes,True,nytimes loadtime opt fission warm webrender,,6,ms,firefox,446156786.0,1839687769,2024-02-06 12:53:03,930.8,5dbb0a9f6cb8c0e0aad5b159d134d45f637cb4d1,1372613,,,,,,,,,,,,,,,,,,,,,,,,,,,,,,,,,,,,,,,,,,,,,,,,,,TN,,,,,,,,,,
mozilla-beta,4168539,13,b83612eacaf8eff6c5b8a31215809a39b157f6fb,linux1804-64-shippable-qr,True,False,,|f|i|s|s|i|o|n| |w|a|r|m| |w|e|b|r|e|n|d|e|r|,102210fe594ee9b33d82058545b1ed14f4c8206e,loadtime,nytimes,True,nytimes loadtime opt fission warm webrender,,6,ms,firefox,446166510.0,1839733716,2024-02-06 12:54:32,931.0,d2c9c9c08cc1f40358a5d2292ddf2a06d364b36f,1372616,,,,,,,,,,,,,,,,,,,,,,,,,,,,,,,,,,,,,,,,,,,,,,,,,,TN,,,,,,,,,,
mozilla-beta,4168539,13,b83612eacaf8eff6c5b8a31215809a39b157f6fb,linux1804-64-shippable-qr,True,False,,|f|i|s|s|i|o|n| |w|a|r|m| |w|e|b|r|e|n|d|e|r|,102210fe594ee9b33d82058545b1ed14f4c8206e,loadtime,nytimes,True,nytimes loadtime opt fission warm webrender,,6,ms,firefox,446164904.0,1839722719,2024-02-06 13:21:23,926.4,0f621f6f45f23281875371b9b4ed76fe855e10ce,1372641,,,,,,,,,,,,,,,,,,,,,,,,,,,,,,,,,,,,,,,,,,,,,,,,,,TN,,,,,,,,,,
mozilla-beta,4168539,13,b83612eacaf8eff6c5b8a31215809a39b157f6fb,linux1804-64-shippable-qr,True,False,,|f|i|s|s|i|o|n| |w|a|r|m| |w|e|b|r|e|n|d|e|r|,102210fe594ee9b33d82058545b1ed14f4c8206e,loadtime,nytimes,True,nytimes loadtime opt fission warm webrender,,6,ms,firefox,446185692.0,1839793301,2024-02-06 14:10:46,934.4,fdc4382bbff93e443cb4f76c802464c452a1c722,1372680,,,,,,,,,,,,,,,,,,,,,,,,,,,,,,,,,,,,,,,,,,,,,,,,,,TN,,,,,,,,,,
mozilla-beta,4168539,13,b83612eacaf8eff6c5b8a31215809a39b157f6fb,linux1804-64-shippable-qr,True,False,,|f|i|s|s|i|o|n| |w|a|r|m| |w|e|b|r|e|n|d|e|r|,102210fe594ee9b33d82058545b1ed14f4c8206e,loadtime,nytimes,True,nytimes loadtime opt fission warm webrender,,6,ms,firefox,446177854.0,1839766313,2024-02-06 14:28:58,936.7,a0dafd6bb65c8b87928ff36551826cf901a6ff09,1372692,,,,,,,,,,,,,,,,,,,,,,,,,,,,,,,,,,,,,,,,,,,,,,,,,,TN,,,,,,,,,,
mozilla-beta,4168539,13,b83612eacaf8eff6c5b8a31215809a39b157f6fb,linux1804-64-shippable-qr,True,False,,|f|i|s|s|i|o|n| |w|a|r|m| |w|e|b|r|e|n|d|e|r|,102210fe594ee9b33d82058545b1ed14f4c8206e,loadtime,nytimes,True,nytimes loadtime opt fission warm webrender,,6,ms,firefox,446206992.0,1839873069,2024-02-06 17:18:58,929.3,c1ef3ef6dd3f38275d611b90c8ef24e0b15cc720,1372811,,,,,,,,,,,,,,,,,,,,,,,,,,,,,,,,,,,,,,,,,,,,,,,,,,TN,,,,,,,,,,
mozilla-beta,4168539,13,b83612eacaf8eff6c5b8a31215809a39b157f6fb,linux1804-64-shippable-qr,True,False,,|f|i|s|s|i|o|n| |w|a|r|m| |w|e|b|r|e|n|d|e|r|,102210fe594ee9b33d82058545b1ed14f4c8206e,loadtime,nytimes,True,nytimes loadtime opt fission warm webrender,,6,ms,firefox,446208760.0,1839880537,2024-02-06 17:25:35,940.4,a55f4e64f3a796aac14d741f6a0e9f82e3f768e1,1372823,,,,,,,,,,,,,,,,,,,,,,,,,,,,,,,,,,,,,,,,,,,,,,,,,,TN,,,,,,,,,,
mozilla-beta,4168539,13,b83612eacaf8eff6c5b8a31215809a39b157f6fb,linux1804-64-shippable-qr,True,False,,|f|i|s|s|i|o|n| |w|a|r|m| |w|e|b|r|e|n|d|e|r|,102210fe594ee9b33d82058545b1ed14f4c8206e,loadtime,nytimes,True,nytimes loadtime opt fission warm webrender,,6,ms,firefox,446232576.0,1839983565,2024-02-06 18:19:27,945.4,5cb029591fdb20d1b3fc101ab5f982f71ae93ea9,1372868,,,,,,,,,,,,,,,,,,,,,,,,,,,,,,,,,,,,,,,,,,,,,,,,,,TN,,,,,,,,,,
mozilla-beta,4168539,13,b83612eacaf8eff6c5b8a31215809a39b157f6fb,linux1804-64-shippable-qr,True,False,,|f|i|s|s|i|o|n| |w|a|r|m| |w|e|b|r|e|n|d|e|r|,102210fe594ee9b33d82058545b1ed14f4c8206e,loadtime,nytimes,True,nytimes loadtime opt fission warm webrender,,6,ms,firefox,446235472.0,1839999832,2024-02-06 19:41:20,929.7,945276c7a9a1f818cd476baf76784dacf0786d2a,1372956,,,,,,,,,,,,,,,,,,,,,,,,,,,,,,,,,,,,,,,,,,,,,,,,,,TN,,,,,,,,,,
mozilla-beta,4168539,13,b83612eacaf8eff6c5b8a31215809a39b157f6fb,linux1804-64-shippable-qr,True,False,,|f|i|s|s|i|o|n| |w|a|r|m| |w|e|b|r|e|n|d|e|r|,102210fe594ee9b33d82058545b1ed14f4c8206e,loadtime,nytimes,True,nytimes loadtime opt fission warm webrender,,6,ms,firefox,446243325.0,1840064629,2024-02-06 19:56:07,929.7,ba9cc6824f222a00819ee368fd177b9a9e1a1ca4,1372970,,,,,,,,,,,,,,,,,,,,,,,,,,,,,,,,,,,,,,,,,,,,,,,,,,TN,,,,,,,,,,
mozilla-beta,4168539,13,b83612eacaf8eff6c5b8a31215809a39b157f6fb,linux1804-64-shippable-qr,True,False,,|f|i|s|s|i|o|n| |w|a|r|m| |w|e|b|r|e|n|d|e|r|,102210fe594ee9b33d82058545b1ed14f4c8206e,loadtime,nytimes,True,nytimes loadtime opt fission warm webrender,,6,ms,firefox,446236992.0,1840016333,2024-02-06 20:12:27,759.8,10eea88357d1ac2220fb23638cf6c39d0cbba003,1372975,,,,,,,,,,,,,,,,,,,,,,,,,,,,,,,,,,,,,,,,,,,,,,,,,,TN,,,,,,,,,,
mozilla-beta,4168539,13,b83612eacaf8eff6c5b8a31215809a39b157f6fb,linux1804-64-shippable-qr,True,False,,|f|i|s|s|i|o|n| |w|a|r|m| |w|e|b|r|e|n|d|e|r|,102210fe594ee9b33d82058545b1ed14f4c8206e,loadtime,nytimes,True,nytimes loadtime opt fission warm webrender,,6,ms,firefox,446240770.0,1840042493,2024-02-06 20:35:55,926.1,7c72700cb8d9ccf71ec62fd8331a84674c18571f,1372986,,,,,,,,,,,,,,,,,,,,,,,,,,,,,,,,,,,,,,,,,,,,,,,,,,TN,,,,,,,,,,
mozilla-beta,4168539,13,b83612eacaf8eff6c5b8a31215809a39b157f6fb,linux1804-64-shippable-qr,True,False,,|f|i|s|s|i|o|n| |w|a|r|m| |w|e|b|r|e|n|d|e|r|,102210fe594ee9b33d82058545b1ed14f4c8206e,loadtime,nytimes,True,nytimes loadtime opt fission warm webrender,,6,ms,firefox,446290422.0,1840338746,2024-02-07 07:29:13,926.1,77245ebf8e08ef46554065f805d1c0f0310c6c9a,1373224,,,,,,,,,,,,,,,,,,,,,,,,,,,,,,,,,,,,,,,,,,,,,,,,,,TN,,,,,,,,,,
mozilla-beta,4168539,13,b83612eacaf8eff6c5b8a31215809a39b157f6fb,linux1804-64-shippable-qr,True,False,,|f|i|s|s|i|o|n| |w|a|r|m| |w|e|b|r|e|n|d|e|r|,102210fe594ee9b33d82058545b1ed14f4c8206e,loadtime,nytimes,True,nytimes loadtime opt fission warm webrender,,6,ms,firefox,446302333.0,1840370685,2024-02-07 08:18:56,926.9,1b4583d75b472438e6fed793d30383ca4755bb5a,1373235,,,,,,,,,,,,,,,,,,,,,,,,,,,,,,,,,,,,,,,,,,,,,,,,,,TN,,,,,,,,,,
mozilla-beta,4168539,13,b83612eacaf8eff6c5b8a31215809a39b157f6fb,linux1804-64-shippable-qr,True,False,,|f|i|s|s|i|o|n| |w|a|r|m| |w|e|b|r|e|n|d|e|r|,102210fe594ee9b33d82058545b1ed14f4c8206e,loadtime,nytimes,True,nytimes loadtime opt fission warm webrender,,6,ms,firefox,446306069.0,1840415933,2024-02-07 09:19:58,938.6,e771748109c1517e64c4d3074c8945d0ef233fff,1373258,,,,,,,,,,,,,,,,,,,,,,,,,,,,,,,,,,,,,,,,,,,,,,,,,,TN,,,,,,,,,,
mozilla-beta,4168539,13,b83612eacaf8eff6c5b8a31215809a39b157f6fb,linux1804-64-shippable-qr,True,False,,|f|i|s|s|i|o|n| |w|a|r|m| |w|e|b|r|e|n|d|e|r|,102210fe594ee9b33d82058545b1ed14f4c8206e,loadtime,nytimes,True,nytimes loadtime opt fission warm webrender,,6,ms,firefox,446400924.0,1840708498,2024-02-07 17:29:11,934.9,8f21e7fc0c1b4e1c6bdc2e14432a397e36e0389e,1373631,,,,,,,,,,,,,,,,,,,,,,,,,,,,,,,,,,,,,,,,,,,,,,,,,,TN,,,,,,,,,,
mozilla-beta,4168539,13,b83612eacaf8eff6c5b8a31215809a39b157f6fb,linux1804-64-shippable-qr,True,False,,|f|i|s|s|i|o|n| |w|a|r|m| |w|e|b|r|e|n|d|e|r|,102210fe594ee9b33d82058545b1ed14f4c8206e,loadtime,nytimes,True,nytimes loadtime opt fission warm webrender,,6,ms,firefox,446420906.0,1840815829,2024-02-07 17:31:28,921.3,1b91d8eb60be8c797901bd71b5b44054d9714ed0,1373632,,,,,,,,,,,,,,,,,,,,,,,,,,,,,,,,,,,,,,,,,,,,,,,,,,TN,,,,,,,,,,
mozilla-beta,4168539,13,b83612eacaf8eff6c5b8a31215809a39b157f6fb,linux1804-64-shippable-qr,True,False,,|f|i|s|s|i|o|n| |w|a|r|m| |w|e|b|r|e|n|d|e|r|,102210fe594ee9b33d82058545b1ed14f4c8206e,loadtime,nytimes,True,nytimes loadtime opt fission warm webrender,,6,ms,firefox,446404589.0,1840723406,2024-02-07 18:08:14,938.0,9808901a87ff413ae45b151156e099f99b0fcde2,1373669,,,,,,,,,,,,,,,,,,,,,,,,,,,,,,,,,,,,,,,,,,,,,,,,,,TN,,,,,,,,,,
mozilla-beta,4168539,13,b83612eacaf8eff6c5b8a31215809a39b157f6fb,linux1804-64-shippable-qr,True,False,,|f|i|s|s|i|o|n| |w|a|r|m| |w|e|b|r|e|n|d|e|r|,102210fe594ee9b33d82058545b1ed14f4c8206e,loadtime,nytimes,True,nytimes loadtime opt fission warm webrender,,6,ms,firefox,446448049.0,1840924483,2024-02-07 23:59:27,932.7,453cb7680c52898d60ca64d2d736fe15600a9198,1373889,,,,,,,,,,,,,,,,,,,,,,,,,,,,,,,,,,,,,,,,,,,,,,,,,,TN,,,,,,,,,,
mozilla-beta,4168539,13,b83612eacaf8eff6c5b8a31215809a39b157f6fb,linux1804-64-shippable-qr,True,False,,|f|i|s|s|i|o|n| |w|a|r|m| |w|e|b|r|e|n|d|e|r|,102210fe594ee9b33d82058545b1ed14f4c8206e,loadtime,nytimes,True,nytimes loadtime opt fission warm webrender,,6,ms,firefox,446478249.0,1841095329,2024-02-08 08:14:23,941.9,f51ca575b57686fd78dc5b0e7a89a1bda6aa1e3b,1374017,,,,,,,,,,,,,,,,,,,,,,,,,,,,,,,,,,,,,,,,,,,,,,,,,,TN,,,,,,,,,,
mozilla-beta,4168539,13,b83612eacaf8eff6c5b8a31215809a39b157f6fb,linux1804-64-shippable-qr,True,False,,|f|i|s|s|i|o|n| |w|a|r|m| |w|e|b|r|e|n|d|e|r|,102210fe594ee9b33d82058545b1ed14f4c8206e,loadtime,nytimes,True,nytimes loadtime opt fission warm webrender,,6,ms,firefox,446494035.0,1841156101,2024-02-08 09:19:05,927.7,ddb2e51f3f167c097cecfda69ea5d9219bac8406,1374036,,,,,,,,,,,,,,,,,,,,,,,,,,,,,,,,,,,,,,,,,,,,,,,,,,TN,,,,,,,,,,
mozilla-beta,4168539,13,b83612eacaf8eff6c5b8a31215809a39b157f6fb,linux1804-64-shippable-qr,True,False,,|f|i|s|s|i|o|n| |w|a|r|m| |w|e|b|r|e|n|d|e|r|,102210fe594ee9b33d82058545b1ed14f4c8206e,loadtime,nytimes,True,nytimes loadtime opt fission warm webrender,,6,ms,firefox,446497754.0,1841163923,2024-02-08 11:27:56,936.1,bba1c4f836c2d5b770bb3db1cfb39b611608dbe3,1374095,,,,,,,,,,,,,,,,,,,,,,,,,,,,,,,,,,,,,,,,,,,,,,,,,,TN,,,,,,,,,,
mozilla-beta,4168539,13,b83612eacaf8eff6c5b8a31215809a39b157f6fb,linux1804-64-shippable-qr,True,False,,|f|i|s|s|i|o|n| |w|a|r|m| |w|e|b|r|e|n|d|e|r|,102210fe594ee9b33d82058545b1ed14f4c8206e,loadtime,nytimes,True,nytimes loadtime opt fission warm webrender,,6,ms,firefox,446501646.0,1841179425,2024-02-08 12:17:00,929.5,c0153173d3d82e7c4c4c035f47140d8c3d959074,1374105,,,,,,,,,,,,,,,,,,,,,,,,,,,,,,,,,,,,,,,,,,,,,,,,,,TN,,,,,,,,,,
mozilla-beta,4168539,13,b83612eacaf8eff6c5b8a31215809a39b157f6fb,linux1804-64-shippable-qr,True,False,,|f|i|s|s|i|o|n| |w|a|r|m| |w|e|b|r|e|n|d|e|r|,102210fe594ee9b33d82058545b1ed14f4c8206e,loadtime,nytimes,True,nytimes loadtime opt fission warm webrender,,6,ms,firefox,446510422.0,1841228747,2024-02-08 13:22:33,932.7,adf50cae563ee49db51713af8c792eb00fc75e61,1374115,,,,,,,,,,,,,,,,,,,,,,,,,,,,,,,,,,,,,,,,,,,,,,,,,,TN,,,,,,,,,,
mozilla-beta,4168539,13,b83612eacaf8eff6c5b8a31215809a39b157f6fb,linux1804-64-shippable-qr,True,False,,|f|i|s|s|i|o|n| |w|a|r|m| |w|e|b|r|e|n|d|e|r|,102210fe594ee9b33d82058545b1ed14f4c8206e,loadtime,nytimes,True,nytimes loadtime opt fission warm webrender,,6,ms,firefox,446542442.0,1841346285,2024-02-08 17:32:32,943.8,ee866bff81793c45aecb3f5d7d8f4bd0ea93555b,1374322,,,,,,,,,,,,,,,,,,,,,,,,,,,,,,,,,,,,,,,,,,,,,,,,,,TN,,,,,,,,,,
mozilla-beta,4168539,13,b83612eacaf8eff6c5b8a31215809a39b157f6fb,linux1804-64-shippable-qr,True,False,,|f|i|s|s|i|o|n| |w|a|r|m| |w|e|b|r|e|n|d|e|r|,102210fe594ee9b33d82058545b1ed14f4c8206e,loadtime,nytimes,True,nytimes loadtime opt fission warm webrender,,6,ms,firefox,446561587.0,1841413998,2024-02-08 19:44:44,932.5,98cb75795f830804c6bbbbb8427c6911e6cac7d5,1374447,,,,,,,,,,,,,,,,,,,,,,,,,,,,,,,,,,,,,,,,,,,,,,,,,,TN,,,,,,,,,,
mozilla-beta,4168539,13,b83612eacaf8eff6c5b8a31215809a39b157f6fb,linux1804-64-shippable-qr,True,False,,|f|i|s|s|i|o|n| |w|a|r|m| |w|e|b|r|e|n|d|e|r|,102210fe594ee9b33d82058545b1ed14f4c8206e,loadtime,nytimes,True,nytimes loadtime opt fission warm webrender,,6,ms,firefox,446572121.0,1841480924,2024-02-08 20:39:56,935.4,2994ba711bf024346bee4f7f674bf655fee51d94,1374478,,,,,,,,,,,,,,,,,,,,,,,,,,,,,,,,,,,,,,,,,,,,,,,,,,TN,,,,,,,,,,
mozilla-beta,4168539,13,b83612eacaf8eff6c5b8a31215809a39b157f6fb,linux1804-64-shippable-qr,True,False,,|f|i|s|s|i|o|n| |w|a|r|m| |w|e|b|r|e|n|d|e|r|,102210fe594ee9b33d82058545b1ed14f4c8206e,loadtime,nytimes,True,nytimes loadtime opt fission warm webrender,,6,ms,firefox,446639267.0,1841755024,2024-02-09 08:31:04,917.3,97dd2042617d14565270931303e2df2f84f4a8a9,1374719,,,,,,,,,,,,,,,,,,,,,,,,,,,,,,,,,,,,,,,,,,,,,,,,,,TN,,,,,,,,,,
mozilla-beta,4168539,13,b83612eacaf8eff6c5b8a31215809a39b157f6fb,linux1804-64-shippable-qr,True,False,,|f|i|s|s|i|o|n| |w|a|r|m| |w|e|b|r|e|n|d|e|r|,102210fe594ee9b33d82058545b1ed14f4c8206e,loadtime,nytimes,True,nytimes loadtime opt fission warm webrender,,6,ms,firefox,446643274.0,1841772231,2024-02-09 09:18:12,935.6,c5825068e5e0ce55bb2147e8de9e7f19615ca3d6,1374738,,,,,,,,,,,,,,,,,,,,,,,,,,,,,,,,,,,,,,,,,,,,,,,,,,TN,,,,,,,,,,
mozilla-beta,4168539,13,b83612eacaf8eff6c5b8a31215809a39b157f6fb,linux1804-64-shippable-qr,True,False,,|f|i|s|s|i|o|n| |w|a|r|m| |w|e|b|r|e|n|d|e|r|,102210fe594ee9b33d82058545b1ed14f4c8206e,loadtime,nytimes,True,nytimes loadtime opt fission warm webrender,,6,ms,firefox,446655833.0,1841821987,2024-02-09 10:24:25,935.9,2f3df14b985728e0bcb6a2510d7773bce4749363,1374773,,,,,,,,,,,,,,,,,,,,,,,,,,,,,,,,,,,,,,,,,,,,,,,,,,TN,,,,,,,,,,
mozilla-beta,4168539,13,b83612eacaf8eff6c5b8a31215809a39b157f6fb,linux1804-64-shippable-qr,True,False,,|f|i|s|s|i|o|n| |w|a|r|m| |w|e|b|r|e|n|d|e|r|,102210fe594ee9b33d82058545b1ed14f4c8206e,loadtime,nytimes,True,nytimes loadtime opt fission warm webrender,,6,ms,firefox,446709932.0,1841968596,2024-02-09 14:42:41,939.1,1bb55a790d7a3fdbb2b9723e962f28d26d99e7b6,1374899,,,,,,,,,,,,,,,,,,,,,,,,,,,,,,,,,,,,,,,,,,,,,,,,,,TN,,,,,,,,,,
mozilla-beta,4168539,13,b83612eacaf8eff6c5b8a31215809a39b157f6fb,linux1804-64-shippable-qr,True,False,,|f|i|s|s|i|o|n| |w|a|r|m| |w|e|b|r|e|n|d|e|r|,102210fe594ee9b33d82058545b1ed14f4c8206e,loadtime,nytimes,True,nytimes loadtime opt fission warm webrender,,6,ms,firefox,446792122.0,1842306060,2024-02-10 09:17:14,928.7,1ecc0a4e5e12282711e6fa3f8d0226dd515d03f7,1375372,,,,,,,,,,,,,,,,,,,,,,,,,,,,,,,,,,,,,,,,,,,,,,,,,,TN,,,,,,,,,,
mozilla-beta,4168539,13,b83612eacaf8eff6c5b8a31215809a39b157f6fb,linux1804-64-shippable-qr,True,False,,|f|i|s|s|i|o|n| |w|a|r|m| |w|e|b|r|e|n|d|e|r|,102210fe594ee9b33d82058545b1ed14f4c8206e,loadtime,nytimes,True,nytimes loadtime opt fission warm webrender,,6,ms,firefox,446850491.0,1842556562,2024-02-11 09:17:32,939.5,bfd9eaa704ca4a8e93ea0464631390ffa5a0c1fc,1375470,,,,,,,,,,,,,,,,,,,,,,,,,,,,,,,,,,,,,,,,,,,,,,,,,,TN,,,,,,,,,,
mozilla-beta,4168539,13,b83612eacaf8eff6c5b8a31215809a39b157f6fb,linux1804-64-shippable-qr,True,False,,|f|i|s|s|i|o|n| |w|a|r|m| |w|e|b|r|e|n|d|e|r|,102210fe594ee9b33d82058545b1ed14f4c8206e,loadtime,nytimes,True,nytimes loadtime opt fission warm webrender,,6,ms,firefox,446865907.0,1842587235,2024-02-11 11:34:20,935.7,935359ea03adb54539530b07e6314e7d1c8eea56,1375479,,,,,,,,,,,,,,,,,,,,,,,,,,,,,,,,,,,,,,,,,,,,,,,,,,TN,,,,,,,,,,
mozilla-beta,4168539,13,b83612eacaf8eff6c5b8a31215809a39b157f6fb,linux1804-64-shippable-qr,True,False,,|f|i|s|s|i|o|n| |w|a|r|m| |w|e|b|r|e|n|d|e|r|,102210fe594ee9b33d82058545b1ed14f4c8206e,loadtime,nytimes,True,nytimes loadtime opt fission warm webrender,,6,ms,firefox,446900757.0,1842779478,2024-02-12 09:17:44,934.5,229f1ec7ec2bbd7b577592168557c93e0cc13a01,1375646,,,,,,,,,,,,,,,,,,,,,,,,,,,,,,,,,,,,,,,,,,,,,,,,,,TN,,,,,,,,,,
mozilla-beta,4168539,13,b83612eacaf8eff6c5b8a31215809a39b157f6fb,linux1804-64-shippable-qr,True,False,,|f|i|s|s|i|o|n| |w|a|r|m| |w|e|b|r|e|n|d|e|r|,102210fe594ee9b33d82058545b1ed14f4c8206e,loadtime,nytimes,True,nytimes loadtime opt fission warm webrender,,6,ms,firefox,447616336.0,1845304246,2024-02-19 09:25:31,930.9,efbd175193a69c684c78a68adc4e1862a82ad7b4,1378775,,,,,,,,,,,,,,,,,,,,,,,,,,,,,,,,,,,,,,,,,,,,,,,,,,TN,,,,,,,,,,
mozilla-beta,4168539,13,b83612eacaf8eff6c5b8a31215809a39b157f6fb,linux1804-64-shippable-qr,True,False,,|f|i|s|s|i|o|n| |w|a|r|m| |w|e|b|r|e|n|d|e|r|,102210fe594ee9b33d82058545b1ed14f4c8206e,loadtime,nytimes,True,nytimes loadtime opt fission warm webrender,,6,ms,firefox,447738832.0,1845751528,2024-02-20 09:20:55,929.3,68158ab7c66395248f28b96d9f7f86e11d2e8d60,1379160,,,,,,,,,,,,,,,,,,,,,,,,,,,,,,,,,,,,,,,,,,,,,,,,,,TN,,,,,,,,,,
mozilla-beta,4168539,13,b83612eacaf8eff6c5b8a31215809a39b157f6fb,linux1804-64-shippable-qr,True,False,,|f|i|s|s|i|o|n| |w|a|r|m| |w|e|b|r|e|n|d|e|r|,102210fe594ee9b33d82058545b1ed14f4c8206e,loadtime,nytimes,True,nytimes loadtime opt fission warm webrender,,6,ms,firefox,447876353.0,1846247847,2024-02-21 09:15:58,930.8,f52b92d785d0346848c447a502d5d50bebd2ea53,1379816,,,,,,,,,,,,,,,,,,,,,,,,,,,,,,,,,,,,,,,,,,,,,,,,,,TN,,,,,,,,,,
mozilla-beta,4168539,13,b83612eacaf8eff6c5b8a31215809a39b157f6fb,linux1804-64-shippable-qr,True,False,,|f|i|s|s|i|o|n| |w|a|r|m| |w|e|b|r|e|n|d|e|r|,102210fe594ee9b33d82058545b1ed14f4c8206e,loadtime,nytimes,True,nytimes loadtime opt fission warm webrender,,6,ms,firefox,448049680.0,1847045438,2024-02-22 09:17:41,966.5,92ad84fbd2d3ab2c2d05d5080455a140a126cff5,1380500,,,,,,,,,,,,,,,,,,,,,,,,,,,,,,,,,,,,,,,,,,,,,,,,,,TN,,,,,,,,,,
mozilla-beta,4168539,13,b83612eacaf8eff6c5b8a31215809a39b157f6fb,linux1804-64-shippable-qr,True,False,,|f|i|s|s|i|o|n| |w|a|r|m| |w|e|b|r|e|n|d|e|r|,102210fe594ee9b33d82058545b1ed14f4c8206e,loadtime,nytimes,True,nytimes loadtime opt fission warm webrender,,6,ms,firefox,448191931.0,1847696860,2024-02-23 09:17:06,934.0,1ec7aaea5f3d1777524a7330e076d096399ae4f5,1381265,,,,,,,,,,,,,,,,,,,,,,,,,,,,,,,,,,,,,,,,,,,,,,,,,,TN,,,,,,,,,,
mozilla-beta,4168539,13,b83612eacaf8eff6c5b8a31215809a39b157f6fb,linux1804-64-shippable-qr,True,False,,|f|i|s|s|i|o|n| |w|a|r|m| |w|e|b|r|e|n|d|e|r|,102210fe594ee9b33d82058545b1ed14f4c8206e,loadtime,nytimes,True,nytimes loadtime opt fission warm webrender,,6,ms,firefox,448336436.0,1848263945,2024-02-24 09:17:22,938.1,957eaa7c057ac32303286a9f151e40393de97f35,1381908,,,,,,,,,,,,,,,,,,,,,,,,,,,,,,,,,,,,,,,,,,,,,,,,,,TN,,,,,,,,,,
mozilla-beta,4168539,13,b83612eacaf8eff6c5b8a31215809a39b157f6fb,linux1804-64-shippable-qr,True,False,,|f|i|s|s|i|o|n| |w|a|r|m| |w|e|b|r|e|n|d|e|r|,102210fe594ee9b33d82058545b1ed14f4c8206e,loadtime,nytimes,True,nytimes loadtime opt fission warm webrender,,6,ms,firefox,448390777.0,1848448930,2024-02-25 09:17:37,937.8,934697c1247f8a7f0990d97d055540f17de9b474,1382031,,,,,,,,,,,,,,,,,,,,,,,,,,,,,,,,,,,,,,,,,,,,,,,,,,TN,,,,,,,,,,
mozilla-beta,4168539,13,b83612eacaf8eff6c5b8a31215809a39b157f6fb,linux1804-64-shippable-qr,True,False,,|f|i|s|s|i|o|n| |w|a|r|m| |w|e|b|r|e|n|d|e|r|,102210fe594ee9b33d82058545b1ed14f4c8206e,loadtime,nytimes,True,nytimes loadtime opt fission warm webrender,,6,ms,firefox,448444908.0,1848633000,2024-02-26 09:19:39,941.8,ae07067467cc71fb031882787bfc03933b389664,1382178,,,,,,,,,,,,,,,,,,,,,,,,,,,,,,,,,,,,,,,,,,,,,,,,,,TN,,,,,,,,,,
mozilla-beta,4168539,13,b83612eacaf8eff6c5b8a31215809a39b157f6fb,linux1804-64-shippable-qr,True,False,,|f|i|s|s|i|o|n| |w|a|r|m| |w|e|b|r|e|n|d|e|r|,102210fe594ee9b33d82058545b1ed14f4c8206e,loadtime,nytimes,True,nytimes loadtime opt fission warm webrender,,6,ms,firefox,448602172.0,1849292782,2024-02-27 09:15:26,924.1,0999ed6a09f562ac5680ce7111c3611857a93c49,1382853,,,,,,,,,,,,,,,,,,,,,,,,,,,,,,,,,,,,,,,,,,,,,,,,,,TN,,,,,,,,,,
mozilla-beta,4168539,13,b83612eacaf8eff6c5b8a31215809a39b157f6fb,linux1804-64-shippable-qr,True,False,,|f|i|s|s|i|o|n| |w|a|r|m| |w|e|b|r|e|n|d|e|r|,102210fe594ee9b33d82058545b1ed14f4c8206e,loadtime,nytimes,True,nytimes loadtime opt fission warm webrender,,6,ms,firefox,448757051.0,1849892504,2024-02-28 09:17:14,931.4,401ddd57f906d5e7ca764f87db82b58a9532b1b7,1383641,,,,,,,,,,,,,,,,,,,,,,,,,,,,,,,,,,,,,,,,,,,,,,,,,,TN,,,,,,,,,,
mozilla-beta,4168539,13,b83612eacaf8eff6c5b8a31215809a39b157f6fb,linux1804-64-shippable-qr,True,False,,|f|i|s|s|i|o|n| |w|a|r|m| |w|e|b|r|e|n|d|e|r|,102210fe594ee9b33d82058545b1ed14f4c8206e,loadtime,nytimes,True,nytimes loadtime opt fission warm webrender,,6,ms,firefox,448942620.0,1850596497,2024-02-29 09:18:56,931.3,47a022d40eee30f09c94e7ed9ab0c07c76658c43,1384386,,,,,,,,,,,,,,,,,,,,,,,,,,,,,,,,,,,,,,,,,,,,,,,,,,TN,,,,,,,,,,
mozilla-beta,4168539,13,b83612eacaf8eff6c5b8a31215809a39b157f6fb,linux1804-64-shippable-qr,True,False,,|f|i|s|s|i|o|n| |w|a|r|m| |w|e|b|r|e|n|d|e|r|,102210fe594ee9b33d82058545b1ed14f4c8206e,loadtime,nytimes,True,nytimes loadtime opt fission warm webrender,,6,ms,firefox,449086725.0,1851245701,2024-03-01 09:18:52,934.3,4460e94868c1046b2812fc3a0940966d4a98a7c5,1385270,,,,,,,,,,,,,,,,,,,,,,,,,,,,,,,,,,,,,,,,,,,,,,,,,,TN,,,,,,,,,,
mozilla-beta,4168539,13,b83612eacaf8eff6c5b8a31215809a39b157f6fb,linux1804-64-shippable-qr,True,False,,|f|i|s|s|i|o|n| |w|a|r|m| |w|e|b|r|e|n|d|e|r|,102210fe594ee9b33d82058545b1ed14f4c8206e,loadtime,nytimes,True,nytimes loadtime opt fission warm webrender,,6,ms,firefox,449201672.0,1851682159,2024-03-02 09:17:43,927.4,1cb56ccffcba9313d8620178c2972a667fcfb441,1385896,,,,,,,,,,,,,,,,,,,,,,,,,,,,,,,,,,,,,,,,,,,,,,,,,,TN,,,,,,,,,,
mozilla-beta,4168539,13,b83612eacaf8eff6c5b8a31215809a39b157f6fb,linux1804-64-shippable-qr,True,False,,|f|i|s|s|i|o|n| |w|a|r|m| |w|e|b|r|e|n|d|e|r|,102210fe594ee9b33d82058545b1ed14f4c8206e,loadtime,nytimes,True,nytimes loadtime opt fission warm webrender,,6,ms,firefox,449306065.0,1852093487,2024-03-03 09:19:05,918.0,bfdc95d345acc33d49664c07e599896f13fcfe83,1386049,,,,,,,,,,,,,,,,,,,,,,,,,,,,,,,,,,,,,,,,,,,,,,,,,,TN,,,,,,,,,,
mozilla-beta,4168539,13,b83612eacaf8eff6c5b8a31215809a39b157f6fb,linux1804-64-shippable-qr,True,False,,|f|i|s|s|i|o|n| |w|a|r|m| |w|e|b|r|e|n|d|e|r|,102210fe594ee9b33d82058545b1ed14f4c8206e,loadtime,nytimes,True,nytimes loadtime opt fission warm webrender,,6,ms,firefox,449382309.0,1852418875,2024-03-04 09:17:53,921.4,27d659cebabdf65399b834419b955970b7063987,1386240,,,,,,,,,,,,,,,,,,,,,,,,,,,,,,,,,,,,,,,,,,,,,,,,,,TN,,,,,,,,,,
mozilla-beta,4168539,13,b83612eacaf8eff6c5b8a31215809a39b157f6fb,linux1804-64-shippable-qr,True,False,,|f|i|s|s|i|o|n| |w|a|r|m| |w|e|b|r|e|n|d|e|r|,102210fe594ee9b33d82058545b1ed14f4c8206e,loadtime,nytimes,True,nytimes loadtime opt fission warm webrender,,6,ms,firefox,449584696.0,1853121407,2024-03-05 09:18:16,922.1,ca3c73cda9454065f94c8042e1ab22f3b63d37e4,1387064,,,,,,,,,,,,,,,,,,,,,,,,,,,,,,,,,,,,,,,,,,,,,,,,,,TN,,,,,,,,,,
mozilla-beta,4168539,13,b83612eacaf8eff6c5b8a31215809a39b157f6fb,linux1804-64-shippable-qr,True,False,,|f|i|s|s|i|o|n| |w|a|r|m| |w|e|b|r|e|n|d|e|r|,102210fe594ee9b33d82058545b1ed14f4c8206e,loadtime,nytimes,True,nytimes loadtime opt fission warm webrender,,6,ms,firefox,449755542.0,1853755583,2024-03-06 10:47:56,923.4,e3e0e69d83f0a2b2c37c8c08e660f9e1258c0cdb,1388026,,,,,,,,,,,,,,,,,,,,,,,,,,,,,,,,,,,,,,,,,,,,,,,,,,TN,,,,,,,,,,
mozilla-beta,4168539,13,b83612eacaf8eff6c5b8a31215809a39b157f6fb,linux1804-64-shippable-qr,True,False,,|f|i|s|s|i|o|n| |w|a|r|m| |w|e|b|r|e|n|d|e|r|,102210fe594ee9b33d82058545b1ed14f4c8206e,loadtime,nytimes,True,nytimes loadtime opt fission warm webrender,,6,ms,firefox,449915174.0,1854405589,2024-03-07 09:17:51,931.9,f8d8807e88c8d0cef0e81df53f18d2599dba30c0,1388859,,,,,,,,,,,,,,,,,,,,,,,,,,,,,,,,,,,,,,,,,,,,,,,,,,TN,,,,,,,,,,
mozilla-beta,4168539,13,b83612eacaf8eff6c5b8a31215809a39b157f6fb,linux1804-64-shippable-qr,True,False,,|f|i|s|s|i|o|n| |w|a|r|m| |w|e|b|r|e|n|d|e|r|,102210fe594ee9b33d82058545b1ed14f4c8206e,loadtime,nytimes,True,nytimes loadtime opt fission warm webrender,,6,ms,firefox,450053222.0,1855044978,2024-03-08 09:16:26,919.4,70ebd4ce1fd92e981156d6ee8b4c83924bbcf9bc,1389590,,,,,,,,,,,,,,,,,,,,,,,,,,,,,,,,,,,,,,,,,,,,,,,,,,TN,,,,,,,,,,
mozilla-beta,4168539,13,b83612eacaf8eff6c5b8a31215809a39b157f6fb,linux1804-64-shippable-qr,True,False,,|f|i|s|s|i|o|n| |w|a|r|m| |w|e|b|r|e|n|d|e|r|,102210fe594ee9b33d82058545b1ed14f4c8206e,loadtime,nytimes,True,nytimes loadtime opt fission warm webrender,,6,ms,firefox,450187527.0,1855581315,2024-03-09 09:18:50,915.2,cf5738c4ba92559e15bf68b7425362ee9cf06c4f,1390177,,,,,,,,,,,,,,,,,,,,,,,,,,,,,,,,,,,,,,,,,,,,,,,,,,TN,,,,,,,,,,
mozilla-beta,4168539,13,b83612eacaf8eff6c5b8a31215809a39b157f6fb,linux1804-64-shippable-qr,True,False,,|f|i|s|s|i|o|n| |w|a|r|m| |w|e|b|r|e|n|d|e|r|,102210fe594ee9b33d82058545b1ed14f4c8206e,loadtime,nytimes,True,nytimes loadtime opt fission warm webrender,,6,ms,firefox,450245343.0,1855777884,2024-03-10 09:17:47,933.5,540aff2c4e3fb06d8f2d7237c0f97e2607f66db2,1390270,,,,,,,,,,,,,,,,,,,,,,,,,,,,,,,,,,,,,,,,,,,,,,,,,,TN,,,,,,,,,,
mozilla-beta,4168539,13,b83612eacaf8eff6c5b8a31215809a39b157f6fb,linux1804-64-shippable-qr,True,False,,|f|i|s|s|i|o|n| |w|a|r|m| |w|e|b|r|e|n|d|e|r|,102210fe594ee9b33d82058545b1ed14f4c8206e,loadtime,nytimes,True,nytimes loadtime opt fission warm webrender,,6,ms,firefox,450307327.0,1856042727,2024-03-11 09:18:41,928.6,0cf99846ae207384b7b0d487a0c2bdc891c41b98,1390441,,,,,,,,,,,,,,,,,,,,,,,,,,,,,,,,,,,,,,,,,,,,,,,,,,TN,,,,,,,,,,
mozilla-beta,4168539,13,b83612eacaf8eff6c5b8a31215809a39b157f6fb,linux1804-64-shippable-qr,True,False,,|f|i|s|s|i|o|n| |w|a|r|m| |w|e|b|r|e|n|d|e|r|,102210fe594ee9b33d82058545b1ed14f4c8206e,loadtime,nytimes,True,nytimes loadtime opt fission warm webrender,,6,ms,firefox,450466540.0,1856635798,2024-03-11 14:13:13,919.5,0e1d5dc220c3bfb832d713de0ad1146da80622aa,1390540,,,,,,,,,,,,,,,,,,,,,,,,,,,,,,,,,,,,,,,,,,,,,,,,,,TN,,,,,,,,,,
mozilla-beta,4168539,13,b83612eacaf8eff6c5b8a31215809a39b157f6fb,linux1804-64-shippable-qr,True,False,,|f|i|s|s|i|o|n| |w|a|r|m| |w|e|b|r|e|n|d|e|r|,102210fe594ee9b33d82058545b1ed14f4c8206e,loadtime,nytimes,True,nytimes loadtime opt fission warm webrender,,6,ms,firefox,451102604.0,1859471586,2024-03-18 08:55:08,932.3,566939372e5a2716a9508a1acde76dc7c4a2511d,1394231,,,,,,,,,,,,,,,,,,,,,,,,,,,,,,,,,,,,,,,,,,,,,,,,,,TN,,,,,,,,,,
mozilla-beta,4168539,13,b83612eacaf8eff6c5b8a31215809a39b157f6fb,linux1804-64-shippable-qr,True,False,,|f|i|s|s|i|o|n| |w|a|r|m| |w|e|b|r|e|n|d|e|r|,102210fe594ee9b33d82058545b1ed14f4c8206e,loadtime,nytimes,True,nytimes loadtime opt fission warm webrender,,6,ms,firefox,451274383.0,1860137163,2024-03-19 09:38:35,926.0,0a6626ed41f59eb0256321549dcb596810cde22a,1394680,,,,,,,,,,,,,,,,,,,,,,,,,,,,,,,,,,,,,,,,,,,,,,,,,,TN,,,,,,,,,,
mozilla-beta,4168539,13,b83612eacaf8eff6c5b8a31215809a39b157f6fb,linux1804-64-shippable-qr,True,False,,|f|i|s|s|i|o|n| |w|a|r|m| |w|e|b|r|e|n|d|e|r|,102210fe594ee9b33d82058545b1ed14f4c8206e,loadtime,nytimes,True,nytimes loadtime opt fission warm webrender,,6,ms,firefox,451456118.0,1860885394,2024-03-20 09:17:24,946.5,ffae974400aead10a82798846de082587d2f8981,1395090,,,,,,,,,,,,,,,,,,,,,,,,,,,,,,,,,,,,,,,,,,,,,,,,,,TN,,,,,,,,,,
mozilla-beta,4168539,13,b83612eacaf8eff6c5b8a31215809a39b157f6fb,linux1804-64-shippable-qr,True,False,,|f|i|s|s|i|o|n| |w|a|r|m| |w|e|b|r|e|n|d|e|r|,102210fe594ee9b33d82058545b1ed14f4c8206e,loadtime,nytimes,True,nytimes loadtime opt fission warm webrender,,6,ms,firefox,451651085.0,1861649385,2024-03-21 09:16:03,938.9,5ef320087fe3720e882d8e1c7a12b1295c818ebd,1395733,,,,,,,,,,,,,,,,,,,,,,,,,,,,,,,,,,,,,,,,,,,,,,,,,,TN,,,,,,,,,,
mozilla-beta,4168539,13,b83612eacaf8eff6c5b8a31215809a39b157f6fb,linux1804-64-shippable-qr,True,False,,|f|i|s|s|i|o|n| |w|a|r|m| |w|e|b|r|e|n|d|e|r|,102210fe594ee9b33d82058545b1ed14f4c8206e,loadtime,nytimes,True,nytimes loadtime opt fission warm webrender,,6,ms,firefox,451876236.0,1862444685,2024-03-22 09:16:22,950.5,ee89d28fdf0e54ffce41da17f83535e68cbb3c2d,1397233,,,,,,,,,,,,,,,,,,,,,,,,,,,,,,,,,,,,,,,,,,,,,,,,,,TN,,,,,,,,,,
mozilla-beta,4168539,13,b83612eacaf8eff6c5b8a31215809a39b157f6fb,linux1804-64-shippable-qr,True,False,,|f|i|s|s|i|o|n| |w|a|r|m| |w|e|b|r|e|n|d|e|r|,102210fe594ee9b33d82058545b1ed14f4c8206e,loadtime,nytimes,True,nytimes loadtime opt fission warm webrender,,6,ms,firefox,452005079.0,1863004626,2024-03-23 09:19:32,939.3,77e3a282dfd4685e94c03ecd5b18624226e19b27,1397823,,,,,,,,,,,,,,,,,,,,,,,,,,,,,,,,,,,,,,,,,,,,,,,,,,TN,,,,,,,,,,
mozilla-beta,4168539,13,b83612eacaf8eff6c5b8a31215809a39b157f6fb,linux1804-64-shippable-qr,True,False,,|f|i|s|s|i|o|n| |w|a|r|m| |w|e|b|r|e|n|d|e|r|,102210fe594ee9b33d82058545b1ed14f4c8206e,loadtime,nytimes,True,nytimes loadtime opt fission warm webrender,,6,ms,firefox,452071359.0,1863277048,2024-03-24 09:20:06,953.8,3d85a80706c8f8aa0641870ddd524cfea4891444,1397933,,,,,,,,,,,,,,,,,,,,,,,,,,,,,,,,,,,,,,,,,,,,,,,,,,TN,,,,,,,,,,
mozilla-beta,4168539,13,b83612eacaf8eff6c5b8a31215809a39b157f6fb,linux1804-64-shippable-qr,True,False,,|f|i|s|s|i|o|n| |w|a|r|m| |w|e|b|r|e|n|d|e|r|,102210fe594ee9b33d82058545b1ed14f4c8206e,loadtime,nytimes,True,nytimes loadtime opt fission warm webrender,,6,ms,firefox,452147370.0,1863607690,2024-03-25 09:14:08,943.0,e44d7c643476811488fd811c8bba2509843641c1,1398053,,,,,,,,,,,,,,,,,,,,,,,,,,,,,,,,,,,,,,,,,,,,,,,,,,TN,,,,,,,,,,
mozilla-beta,4168539,13,b83612eacaf8eff6c5b8a31215809a39b157f6fb,linux1804-64-shippable-qr,True,False,,|f|i|s|s|i|o|n| |w|a|r|m| |w|e|b|r|e|n|d|e|r|,102210fe594ee9b33d82058545b1ed14f4c8206e,loadtime,nytimes,True,nytimes loadtime opt fission warm webrender,,6,ms,firefox,452326014.0,1864352713,2024-03-26 09:15:47,939.9,d301ddf00248b484c7738710f6c8b8505b83f314,1398856,,,,,,,,,,,,,,,,,,,,,,,,,,,,,,,,,,,,,,,,,,,,,,,,,,TN,,,,,,,,,,
mozilla-beta,4168539,13,b83612eacaf8eff6c5b8a31215809a39b157f6fb,linux1804-64-shippable-qr,True,False,,|f|i|s|s|i|o|n| |w|a|r|m| |w|e|b|r|e|n|d|e|r|,102210fe594ee9b33d82058545b1ed14f4c8206e,loadtime,nytimes,True,nytimes loadtime opt fission warm webrender,,6,ms,firefox,452491744.0,1865048949,2024-03-27 09:22:50,937.9,2961c0291c90821915e323eb718526343c9002f6,1399681,,,,,,,,,,,,,,,,,,,,,,,,,,,,,,,,,,,,,,,,,,,,,,,,,,TN,,,,,,,,,,
mozilla-beta,4168539,13,b83612eacaf8eff6c5b8a31215809a39b157f6fb,linux1804-64-shippable-qr,True,False,,|f|i|s|s|i|o|n| |w|a|r|m| |w|e|b|r|e|n|d|e|r|,102210fe594ee9b33d82058545b1ed14f4c8206e,loadtime,nytimes,True,nytimes loadtime opt fission warm webrender,,6,ms,firefox,452664567.0,1865694267,2024-03-28 09:19:58,935.3,d8ff3d0abda00419cb16fc609e8bd1b548a22f20,1400430,,,,,,,,,,,,,,,,,,,,,,,,,,,,,,,,,,,,,,,,,,,,,,,,,,TN,,,,,,,,,,
mozilla-beta,4168539,13,b83612eacaf8eff6c5b8a31215809a39b157f6fb,linux1804-64-shippable-qr,True,False,,|f|i|s|s|i|o|n| |w|a|r|m| |w|e|b|r|e|n|d|e|r|,102210fe594ee9b33d82058545b1ed14f4c8206e,loadtime,nytimes,True,nytimes loadtime opt fission warm webrender,,6,ms,firefox,452805489.0,1866312479,2024-03-29 09:19:18,943.5,9d8459103ff084e7123569e4154861e4814b1a5c,1401077,,,,,,,,,,,,,,,,,,,,,,,,,,,,,,,,,,,,,,,,,,,,,,,,,,TN,,,,,,,,,,
mozilla-beta,4168539,13,b83612eacaf8eff6c5b8a31215809a39b157f6fb,linux1804-64-shippable-qr,True,False,,|f|i|s|s|i|o|n| |w|a|r|m| |w|e|b|r|e|n|d|e|r|,102210fe594ee9b33d82058545b1ed14f4c8206e,loadtime,nytimes,True,nytimes loadtime opt fission warm webrender,,6,ms,firefox,452920371.0,1866761166,2024-03-30 09:18:58,921.9,fba6666cd8c543502ed302f3b88b3f3a3ad1b0a5,1401447,,,,,,,,,,,,,,,,,,,,,,,,,,,,,,,,,,,,,,,,,,,,,,,,,,TN,,,,,,,,,,
mozilla-beta,4168539,13,b83612eacaf8eff6c5b8a31215809a39b157f6fb,linux1804-64-shippable-qr,True,False,,|f|i|s|s|i|o|n| |w|a|r|m| |w|e|b|r|e|n|d|e|r|,102210fe594ee9b33d82058545b1ed14f4c8206e,loadtime,nytimes,True,nytimes loadtime opt fission warm webrender,,6,ms,firefox,452976772.0,1866987917,2024-03-31 09:17:23,925.5,6d71e191ef0c59ab08e1f033675d55f11f8d745f,1401517,,,,,,,,,,,,,,,,,,,,,,,,,,,,,,,,,,,,,,,,,,,,,,,,,,TN,,,,,,,,,,
mozilla-beta,4168539,13,b83612eacaf8eff6c5b8a31215809a39b157f6fb,linux1804-64-shippable-qr,True,False,,|f|i|s|s|i|o|n| |w|a|r|m| |w|e|b|r|e|n|d|e|r|,102210fe594ee9b33d82058545b1ed14f4c8206e,loadtime,nytimes,True,nytimes loadtime opt fission warm webrender,,6,ms,firefox,453033712.0,1867176418,2024-04-01 09:16:00,968.7,705c01f25fd07ab305f171f08f4ec807d926b61a,1401632,,,,,,,,,,,,,,,,,,,,,,,,,,,,,,,,,,,,,,,,,,,,,,,,,,TN,,,,,,,,,,
