repository_name,signature_id,framework_id,signature_hash,machine_platform,should_alert,has_subtests,extra_options,tags,option_collection_hash,test,suite,lower_is_better,name,parent_signature,repository_id,measurement_unit,application,job_id,entry_id,push_timestamp,value,revision,push_id
autoland,3869862,13,ffaba559b8f75178eed537731f258b1129b7fe97,linux1804-64-shippable-qr,True,False,,|c|o|l|d| |f|i|s|s|i|o|n| |w|e|b|r|e|n|d|e|r|,102210fe594ee9b33d82058545b1ed14f4c8206e,LastVisualChange,cnn,True,cnn LastVisualChange opt cold fission webrender,,77,ms,firefox,,1700015935,2023-05-24T10:49:25,2080.0,1db51625512e546534a6a7352ff4ff3b9c48d713,1245770
autoland,3869862,13,ffaba559b8f75178eed537731f258b1129b7fe97,linux1804-64-shippable-qr,True,False,,|c|o|l|d| |f|i|s|s|i|o|n| |w|e|b|r|e|n|d|e|r|,102210fe594ee9b33d82058545b1ed14f4c8206e,LastVisualChange,cnn,True,cnn LastVisualChange opt cold fission webrender,,77,ms,firefox,,1700078282,2023-05-24T13:34:40,2120.0,6a96bb1f430f92b83cc31f74db4e4c1f71e155e5,1245871
autoland,3869862,13,ffaba559b8f75178eed537731f258b1129b7fe97,linux1804-64-shippable-qr,True,False,,|c|o|l|d| |f|i|s|s|i|o|n| |w|e|b|r|e|n|d|e|r|,102210fe594ee9b33d82058545b1ed14f4c8206e,LastVisualChange,cnn,True,cnn LastVisualChange opt cold fission webrender,,77,ms,firefox,,1700203488,2023-05-24T17:26:23,2160.0,b9da43bde2c92655235855f4bb966f7a2537eafa,1246058
autoland,3869862,13,ffaba559b8f75178eed537731f258b1129b7fe97,linux1804-64-shippable-qr,True,False,,|c|o|l|d| |f|i|s|s|i|o|n| |w|e|b|r|e|n|d|e|r|,102210fe594ee9b33d82058545b1ed14f4c8206e,LastVisualChange,cnn,True,cnn LastVisualChange opt cold fission webrender,,77,ms,firefox,,1700300222,2023-05-24T21:30:03,2080.0,468123d0735b96f7486f1e1a4de373e3dd7520bd,1246204
autoland,3869862,13,ffaba559b8f75178eed537731f258b1129b7fe97,linux1804-64-shippable-qr,True,False,,|c|o|l|d| |f|i|s|s|i|o|n| |w|e|b|r|e|n|d|e|r|,102210fe594ee9b33d82058545b1ed14f4c8206e,LastVisualChange,cnn,True,cnn LastVisualChange opt cold fission webrender,,77,ms,firefox,,1700407777,2023-05-25T01:52:13,2040.0,c1577427eba79d954813d300bfe6d4f09e0249f0,1246339
autoland,3869862,13,ffaba559b8f75178eed537731f258b1129b7fe97,linux1804-64-shippable-qr,True,False,,|c|o|l|d| |f|i|s|s|i|o|n| |w|e|b|r|e|n|d|e|r|,102210fe594ee9b33d82058545b1ed14f4c8206e,LastVisualChange,cnn,True,cnn LastVisualChange opt cold fission webrender,,77,ms,firefox,,1700466164,2023-05-25T06:53:28,2080.0,ee3230b1fe26e5521d07465dcab71e75d586e422,1246434
autoland,3869862,13,ffaba559b8f75178eed537731f258b1129b7fe97,linux1804-64-shippable-qr,True,False,,|c|o|l|d| |f|i|s|s|i|o|n| |w|e|b|r|e|n|d|e|r|,102210fe594ee9b33d82058545b1ed14f4c8206e,LastVisualChange,cnn,True,cnn LastVisualChange opt cold fission webrender,,77,ms,firefox,,1700510565,2023-05-25T09:03:58,2120.0,0cd7e9f3c07773af459b1d5676b4f14a1a4c2844,1246517
autoland,3869862,13,ffaba559b8f75178eed537731f258b1129b7fe97,linux1804-64-shippable-qr,True,False,,|c|o|l|d| |f|i|s|s|i|o|n| |w|e|b|r|e|n|d|e|r|,102210fe594ee9b33d82058545b1ed14f4c8206e,LastVisualChange,cnn,True,cnn LastVisualChange opt cold fission webrender,,77,ms,firefox,,1700630014,2023-05-25T13:17:19,2080.0,09f3ed0c8776aaa707aab014022efa3a16e01a6e,1246661
autoland,3869862,13,ffaba559b8f75178eed537731f258b1129b7fe97,linux1804-64-shippable-qr,True,False,,|c|o|l|d| |f|i|s|s|i|o|n| |w|e|b|r|e|n|d|e|r|,102210fe594ee9b33d82058545b1ed14f4c8206e,LastVisualChange,cnn,True,cnn LastVisualChange opt cold fission webrender,,77,ms,firefox,,1700657114,2023-05-25T13:25:13,2080.0,6e07dad252683bcc1ed82d6a973adda9b490af1f,1246670
autoland,3869862,13,ffaba559b8f75178eed537731f258b1129b7fe97,linux1804-64-shippable-qr,True,False,,|c|o|l|d| |f|i|s|s|i|o|n| |w|e|b|r|e|n|d|e|r|,102210fe594ee9b33d82058545b1ed14f4c8206e,LastVisualChange,cnn,True,cnn LastVisualChange opt cold fission webrender,,77,ms,firefox,,1700744187,2023-05-25T17:00:24,2080.0,4971297a8917c4ce5f9136ebb0c82cde74eb50c4,1246837
autoland,3869862,13,ffaba559b8f75178eed537731f258b1129b7fe97,linux1804-64-shippable-qr,True,False,,|c|o|l|d| |f|i|s|s|i|o|n| |w|e|b|r|e|n|d|e|r|,102210fe594ee9b33d82058545b1ed14f4c8206e,LastVisualChange,cnn,True,cnn LastVisualChange opt cold fission webrender,,77,ms,firefox,,1700912061,2023-05-25T20:49:35,2040.0,6d91b4ed2bb8fbe97d7f5fcf7cad0e6f2bb6ad2f,1247021
autoland,3869862,13,ffaba559b8f75178eed537731f258b1129b7fe97,linux1804-64-shippable-qr,True,False,,|c|o|l|d| |f|i|s|s|i|o|n| |w|e|b|r|e|n|d|e|r|,102210fe594ee9b33d82058545b1ed14f4c8206e,LastVisualChange,cnn,True,cnn LastVisualChange opt cold fission webrender,,77,ms,firefox,,1701032482,2023-05-26T00:58:32,2120.0,d49f009b89ad3ae1616d96cb1d2d9234ef3f6cda,1247180
autoland,3869862,13,ffaba559b8f75178eed537731f258b1129b7fe97,linux1804-64-shippable-qr,True,False,,|c|o|l|d| |f|i|s|s|i|o|n| |w|e|b|r|e|n|d|e|r|,102210fe594ee9b33d82058545b1ed14f4c8206e,LastVisualChange,cnn,True,cnn LastVisualChange opt cold fission webrender,,77,ms,firefox,,1701134144,2023-05-26T04:58:44,2080.0,ffc18acbe9c027a3d6c960322b40a9d0576af311,1247241
autoland,3869862,13,ffaba559b8f75178eed537731f258b1129b7fe97,linux1804-64-shippable-qr,True,False,,|c|o|l|d| |f|i|s|s|i|o|n| |w|e|b|r|e|n|d|e|r|,102210fe594ee9b33d82058545b1ed14f4c8206e,LastVisualChange,cnn,True,cnn LastVisualChange opt cold fission webrender,,77,ms,firefox,,1701210313,2023-05-26T08:30:04,2080.0,35f77e2aafb53fdda81c118a9ea61aefdacd61b4,1247293
autoland,3869862,13,ffaba559b8f75178eed537731f258b1129b7fe97,linux1804-64-shippable-qr,True,False,,|c|o|l|d| |f|i|s|s|i|o|n| |w|e|b|r|e|n|d|e|r|,102210fe594ee9b33d82058545b1ed14f4c8206e,LastVisualChange,cnn,True,cnn LastVisualChange opt cold fission webrender,,77,ms,firefox,,1701338792,2023-05-26T12:58:50,2080.0,3999253a6a3dc448416b9a73377e8599ca6bd022,1247437
autoland,3869862,13,ffaba559b8f75178eed537731f258b1129b7fe97,linux1804-64-shippable-qr,True,False,,|c|o|l|d| |f|i|s|s|i|o|n| |w|e|b|r|e|n|d|e|r|,102210fe594ee9b33d82058545b1ed14f4c8206e,LastVisualChange,cnn,True,cnn LastVisualChange opt cold fission webrender,,77,ms,firefox,,1701377594,2023-05-26T13:11:40,2120.0,bb19012006135abc7ddd72be3cd269be7ef114b5,1247444
autoland,3869862,13,ffaba559b8f75178eed537731f258b1129b7fe97,linux1804-64-shippable-qr,True,False,,|c|o|l|d| |f|i|s|s|i|o|n| |w|e|b|r|e|n|d|e|r|,102210fe594ee9b33d82058545b1ed14f4c8206e,LastVisualChange,cnn,True,cnn LastVisualChange opt cold fission webrender,,77,ms,firefox,,1701509216,2023-05-26T17:23:29,2080.0,8ca2ea7fe36515caaf70ddf90bfd2ee269f059cf,1247619
autoland,3869862,13,ffaba559b8f75178eed537731f258b1129b7fe97,linux1804-64-shippable-qr,True,False,,|c|o|l|d| |f|i|s|s|i|o|n| |w|e|b|r|e|n|d|e|r|,102210fe594ee9b33d82058545b1ed14f4c8206e,LastVisualChange,cnn,True,cnn LastVisualChange opt cold fission webrender,,77,ms,firefox,,1701794008,2023-05-26T18:57:45,1720.0,f6b4fa0c88fefe367393867cc9b0a0a61ae30a86,1247663
autoland,3869862,13,ffaba559b8f75178eed537731f258b1129b7fe97,linux1804-64-shippable-qr,True,False,,|c|o|l|d| |f|i|s|s|i|o|n| |w|e|b|r|e|n|d|e|r|,102210fe594ee9b33d82058545b1ed14f4c8206e,LastVisualChange,cnn,True,cnn LastVisualChange opt cold fission webrender,,77,ms,firefox,,1701778415,2023-05-26T19:09:08,2120.0,224c6165eeed35754ed2edb7bcf25308c5bb56bb,1247672
autoland,3869862,13,ffaba559b8f75178eed537731f258b1129b7fe97,linux1804-64-shippable-qr,True,False,,|c|o|l|d| |f|i|s|s|i|o|n| |w|e|b|r|e|n|d|e|r|,102210fe594ee9b33d82058545b1ed14f4c8206e,LastVisualChange,cnn,True,cnn LastVisualChange opt cold fission webrender,,77,ms,firefox,,1701602702,2023-05-26T19:44:57,2080.0,fc6056442a0fa16146259cb730d4e34a16656952,1247712
autoland,3869862,13,ffaba559b8f75178eed537731f258b1129b7fe97,linux1804-64-shippable-qr,True,False,,|c|o|l|d| |f|i|s|s|i|o|n| |w|e|b|r|e|n|d|e|r|,102210fe594ee9b33d82058545b1ed14f4c8206e,LastVisualChange,cnn,True,cnn LastVisualChange opt cold fission webrender,,77,ms,firefox,,1701724711,2023-05-27T00:56:39,2080.0,b45b68be3f9bae0da4d649a44e60c6cd175f2212,1247879
autoland,3869862,13,ffaba559b8f75178eed537731f258b1129b7fe97,linux1804-64-shippable-qr,True,False,,|c|o|l|d| |f|i|s|s|i|o|n| |w|e|b|r|e|n|d|e|r|,102210fe594ee9b33d82058545b1ed14f4c8206e,LastVisualChange,cnn,True,cnn LastVisualChange opt cold fission webrender,,77,ms,firefox,,1701876752,2023-05-27T11:39:36,2120.0,6a941c8c6ff3290e530942915ee97161b670f15d,1247945
autoland,3869862,13,ffaba559b8f75178eed537731f258b1129b7fe97,linux1804-64-shippable-qr,True,False,,|c|o|l|d| |f|i|s|s|i|o|n| |w|e|b|r|e|n|d|e|r|,102210fe594ee9b33d82058545b1ed14f4c8206e,LastVisualChange,cnn,True,cnn LastVisualChange opt cold fission webrender,,77,ms,firefox,,1701913432,2023-05-27T15:52:21,2080.0,531a15ae09d49e29c270830e9b873aa625a5a8c2,1247961
autoland,3869862,13,ffaba559b8f75178eed537731f258b1129b7fe97,linux1804-64-shippable-qr,True,False,,|c|o|l|d| |f|i|s|s|i|o|n| |w|e|b|r|e|n|d|e|r|,102210fe594ee9b33d82058545b1ed14f4c8206e,LastVisualChange,cnn,True,cnn LastVisualChange opt cold fission webrender,,77,ms,firefox,,1702041983,2023-05-28T20:46:15,2120.0,47f0f49b40361f9c5bde3a5691dc5d65ec1e0061,1248031
autoland,3869862,13,ffaba559b8f75178eed537731f258b1129b7fe97,linux1804-64-shippable-qr,True,False,,|c|o|l|d| |f|i|s|s|i|o|n| |w|e|b|r|e|n|d|e|r|,102210fe594ee9b33d82058545b1ed14f4c8206e,LastVisualChange,cnn,True,cnn LastVisualChange opt cold fission webrender,,77,ms,firefox,,1702074355,2023-05-29T02:12:22,2120.0,1f8f2142966233c5d8d437f93d361aa0cc2b36c6,1248080
autoland,3869862,13,ffaba559b8f75178eed537731f258b1129b7fe97,linux1804-64-shippable-qr,True,False,,|c|o|l|d| |f|i|s|s|i|o|n| |w|e|b|r|e|n|d|e|r|,102210fe594ee9b33d82058545b1ed14f4c8206e,LastVisualChange,cnn,True,cnn LastVisualChange opt cold fission webrender,,77,ms,firefox,,1702129593,2023-05-29T06:50:24,2080.0,1565861edeebf64845658a3f48cb89fa4515bb68,1248115
autoland,3869862,13,ffaba559b8f75178eed537731f258b1129b7fe97,linux1804-64-shippable-qr,True,False,,|c|o|l|d| |f|i|s|s|i|o|n| |w|e|b|r|e|n|d|e|r|,102210fe594ee9b33d82058545b1ed14f4c8206e,LastVisualChange,cnn,True,cnn LastVisualChange opt cold fission webrender,,77,ms,firefox,,1702148167,2023-05-29T07:27:55,2080.0,31915ad324761c4fe80dac65ca36f070ab2102a2,1248125
autoland,3869862,13,ffaba559b8f75178eed537731f258b1129b7fe97,linux1804-64-shippable-qr,True,False,,|c|o|l|d| |f|i|s|s|i|o|n| |w|e|b|r|e|n|d|e|r|,102210fe594ee9b33d82058545b1ed14f4c8206e,LastVisualChange,cnn,True,cnn LastVisualChange opt cold fission webrender,,77,ms,firefox,,1702525019,2023-05-29T13:34:49,2080.0,fc5fe4c288f6b66527c3e44199ca2d8a6b8a11d8,1248241
autoland,3869862,13,ffaba559b8f75178eed537731f258b1129b7fe97,linux1804-64-shippable-qr,True,False,,|c|o|l|d| |f|i|s|s|i|o|n| |w|e|b|r|e|n|d|e|r|,102210fe594ee9b33d82058545b1ed14f4c8206e,LastVisualChange,cnn,True,cnn LastVisualChange opt cold fission webrender,,77,ms,firefox,,1702545572,2023-05-29T14:27:57,2080.0,83f34deeebbf4c6c6ab5d535abf0d8b6681429a5,1248269
autoland,3869862,13,ffaba559b8f75178eed537731f258b1129b7fe97,linux1804-64-shippable-qr,True,False,,|c|o|l|d| |f|i|s|s|i|o|n| |w|e|b|r|e|n|d|e|r|,102210fe594ee9b33d82058545b1ed14f4c8206e,LastVisualChange,cnn,True,cnn LastVisualChange opt cold fission webrender,,77,ms,firefox,,1702318486,2023-05-29T15:52:56,2040.0,e1a08bab18008646938a96dfab802d2471fcadc1,1248305
autoland,3869862,13,ffaba559b8f75178eed537731f258b1129b7fe97,linux1804-64-shippable-qr,True,False,,|c|o|l|d| |f|i|s|s|i|o|n| |w|e|b|r|e|n|d|e|r|,102210fe594ee9b33d82058545b1ed14f4c8206e,LastVisualChange,cnn,True,cnn LastVisualChange opt cold fission webrender,,77,ms,firefox,,1702413745,2023-05-29T20:27:32,2120.0,496eefc6bee2519ce93df561b640b582e869b964,1248440
autoland,3869862,13,ffaba559b8f75178eed537731f258b1129b7fe97,linux1804-64-shippable-qr,True,False,,|c|o|l|d| |f|i|s|s|i|o|n| |w|e|b|r|e|n|d|e|r|,102210fe594ee9b33d82058545b1ed14f4c8206e,LastVisualChange,cnn,True,cnn LastVisualChange opt cold fission webrender,,77,ms,firefox,,1702393271,2023-05-29T20:34:18,2120.0,f7d3e204b0fb015cf0fb51a08403e22986a2ae52,1248445
autoland,3869862,13,ffaba559b8f75178eed537731f258b1129b7fe97,linux1804-64-shippable-qr,True,False,,|c|o|l|d| |f|i|s|s|i|o|n| |w|e|b|r|e|n|d|e|r|,102210fe594ee9b33d82058545b1ed14f4c8206e,LastVisualChange,cnn,True,cnn LastVisualChange opt cold fission webrender,,77,ms,firefox,,1702490422,2023-05-30T01:15:28,2080.0,82442b2d56d94c600cca707dd62ab7a19d68bbd2,1248536
autoland,3869862,13,ffaba559b8f75178eed537731f258b1129b7fe97,linux1804-64-shippable-qr,True,False,,|c|o|l|d| |f|i|s|s|i|o|n| |w|e|b|r|e|n|d|e|r|,102210fe594ee9b33d82058545b1ed14f4c8206e,LastVisualChange,cnn,True,cnn LastVisualChange opt cold fission webrender,,77,ms,firefox,,1702576386,2023-05-30T06:58:06,2120.0,23a3b1b5a2b78d86456189221e567423206bc00a,1248601
autoland,3869862,13,ffaba559b8f75178eed537731f258b1129b7fe97,linux1804-64-shippable-qr,True,False,,|c|o|l|d| |f|i|s|s|i|o|n| |w|e|b|r|e|n|d|e|r|,102210fe594ee9b33d82058545b1ed14f4c8206e,LastVisualChange,cnn,True,cnn LastVisualChange opt cold fission webrender,,77,ms,firefox,,1702601265,2023-05-30T07:49:46,2120.0,64b2487b96b949b3c6a787dfd17210f9998fb42e,1248618
autoland,3869862,13,ffaba559b8f75178eed537731f258b1129b7fe97,linux1804-64-shippable-qr,True,False,,|c|o|l|d| |f|i|s|s|i|o|n| |w|e|b|r|e|n|d|e|r|,102210fe594ee9b33d82058545b1ed14f4c8206e,LastVisualChange,cnn,True,cnn LastVisualChange opt cold fission webrender,,77,ms,firefox,,1702740230,2023-05-30T12:05:20,2120.0,121d4440186ece5c7acf444a8879a3818d54fef5,1248752
autoland,3869862,13,ffaba559b8f75178eed537731f258b1129b7fe97,linux1804-64-shippable-qr,True,False,,|c|o|l|d| |f|i|s|s|i|o|n| |w|e|b|r|e|n|d|e|r|,102210fe594ee9b33d82058545b1ed14f4c8206e,LastVisualChange,cnn,True,cnn LastVisualChange opt cold fission webrender,,77,ms,firefox,,1703273570,2023-05-30T14:11:57,2080.0,1c86169a6ab3a53190c7fca3fe2cefe2251e4cad,1248832
autoland,3869862,13,ffaba559b8f75178eed537731f258b1129b7fe97,linux1804-64-shippable-qr,True,False,,|c|o|l|d| |f|i|s|s|i|o|n| |w|e|b|r|e|n|d|e|r|,102210fe594ee9b33d82058545b1ed14f4c8206e,LastVisualChange,cnn,True,cnn LastVisualChange opt cold fission webrender,,77,ms,firefox,,1703250019,2023-05-30T14:17:42,2080.0,2139914fff1c2bb8398578403a5d19f8ba7eab08,1248836
autoland,3869862,13,ffaba559b8f75178eed537731f258b1129b7fe97,linux1804-64-shippable-qr,True,False,,|c|o|l|d| |f|i|s|s|i|o|n| |w|e|b|r|e|n|d|e|r|,102210fe594ee9b33d82058545b1ed14f4c8206e,LastVisualChange,cnn,True,cnn LastVisualChange opt cold fission webrender,,77,ms,firefox,,1703299722,2023-05-30T14:18:36,2160.0,25819f54f4eb2233a294e431c4f84f146fc2fa5f,1248839
autoland,3869862,13,ffaba559b8f75178eed537731f258b1129b7fe97,linux1804-64-shippable-qr,True,False,,|c|o|l|d| |f|i|s|s|i|o|n| |w|e|b|r|e|n|d|e|r|,102210fe594ee9b33d82058545b1ed14f4c8206e,LastVisualChange,cnn,True,cnn LastVisualChange opt cold fission webrender,,77,ms,firefox,,1703278137,2023-05-30T14:20:30,2080.0,fe968fa39d7b2a02923dc930f6045d0c925149cc,1248840
autoland,3869862,13,ffaba559b8f75178eed537731f258b1129b7fe97,linux1804-64-shippable-qr,True,False,,|c|o|l|d| |f|i|s|s|i|o|n| |w|e|b|r|e|n|d|e|r|,102210fe594ee9b33d82058545b1ed14f4c8206e,LastVisualChange,cnn,True,cnn LastVisualChange opt cold fission webrender,,77,ms,firefox,,1702807311,2023-05-30T15:20:14,2160.0,8ddf44b47ed68e786f1ca69913136fe2ddd7f1d2,1248888
autoland,3869862,13,ffaba559b8f75178eed537731f258b1129b7fe97,linux1804-64-shippable-qr,True,False,,|c|o|l|d| |f|i|s|s|i|o|n| |w|e|b|r|e|n|d|e|r|,102210fe594ee9b33d82058545b1ed14f4c8206e,LastVisualChange,cnn,True,cnn LastVisualChange opt cold fission webrender,,77,ms,firefox,,1703247792,2023-05-30T17:40:00,2080.0,f283a65c051a837eb3b3eb004e258408b9aa8e53,1248971
autoland,3869862,13,ffaba559b8f75178eed537731f258b1129b7fe97,linux1804-64-shippable-qr,True,False,,|c|o|l|d| |f|i|s|s|i|o|n| |w|e|b|r|e|n|d|e|r|,102210fe594ee9b33d82058545b1ed14f4c8206e,LastVisualChange,cnn,True,cnn LastVisualChange opt cold fission webrender,,77,ms,firefox,,1703227473,2023-05-30T18:28:22,2080.0,3be173a1e2614e622c6c3361b457b0c2b24ff6da,1249008
autoland,3869862,13,ffaba559b8f75178eed537731f258b1129b7fe97,linux1804-64-shippable-qr,True,False,,|c|o|l|d| |f|i|s|s|i|o|n| |w|e|b|r|e|n|d|e|r|,102210fe594ee9b33d82058545b1ed14f4c8206e,LastVisualChange,cnn,True,cnn LastVisualChange opt cold fission webrender,,77,ms,firefox,,1702897215,2023-05-30T19:20:55,1760.0,361a866d206fd695b15823113863d449afb7c87d,1249050
autoland,3869862,13,ffaba559b8f75178eed537731f258b1129b7fe97,linux1804-64-shippable-qr,True,False,,|c|o|l|d| |f|i|s|s|i|o|n| |w|e|b|r|e|n|d|e|r|,102210fe594ee9b33d82058545b1ed14f4c8206e,LastVisualChange,cnn,True,cnn LastVisualChange opt cold fission webrender,,77,ms,firefox,,1702929677,2023-05-30T19:21:44,2080.0,f9dad80c02c9517d8cb38311989dab88f1236015,1249051
autoland,3869862,13,ffaba559b8f75178eed537731f258b1129b7fe97,linux1804-64-shippable-qr,True,False,,|c|o|l|d| |f|i|s|s|i|o|n| |w|e|b|r|e|n|d|e|r|,102210fe594ee9b33d82058545b1ed14f4c8206e,LastVisualChange,cnn,True,cnn LastVisualChange opt cold fission webrender,,77,ms,firefox,,1703039920,2023-05-30T22:16:30,2160.0,0ea1f0bff41ab8b0e92e4f35f3d6eaf801ad3fc0,1249172
autoland,3869862,13,ffaba559b8f75178eed537731f258b1129b7fe97,linux1804-64-shippable-qr,True,False,,|c|o|l|d| |f|i|s|s|i|o|n| |w|e|b|r|e|n|d|e|r|,102210fe594ee9b33d82058545b1ed14f4c8206e,LastVisualChange,cnn,True,cnn LastVisualChange opt cold fission webrender,,77,ms,firefox,,1703144202,2023-05-31T02:21:54,2120.0,40997d8c121ee054ffe5df2c1a10d3a392f78c3c,1249255
autoland,3869862,13,ffaba559b8f75178eed537731f258b1129b7fe97,linux1804-64-shippable-qr,True,False,,|c|o|l|d| |f|i|s|s|i|o|n| |w|e|b|r|e|n|d|e|r|,102210fe594ee9b33d82058545b1ed14f4c8206e,LastVisualChange,cnn,True,cnn LastVisualChange opt cold fission webrender,,77,ms,firefox,,1703394560,2023-05-31T09:56:26,2120.0,2317c21d7aeb68528ec7946980e7ca68d74c451a,1249439
autoland,3869862,13,ffaba559b8f75178eed537731f258b1129b7fe97,linux1804-64-shippable-qr,True,False,,|c|o|l|d| |f|i|s|s|i|o|n| |w|e|b|r|e|n|d|e|r|,102210fe594ee9b33d82058545b1ed14f4c8206e,LastVisualChange,cnn,True,cnn LastVisualChange opt cold fission webrender,,77,ms,firefox,,1704274518,2023-05-31T12:33:14,2120.0,266547f5163fca069f3fb0846cfd9318a1beda07,1249509
autoland,3869862,13,ffaba559b8f75178eed537731f258b1129b7fe97,linux1804-64-shippable-qr,True,False,,|c|o|l|d| |f|i|s|s|i|o|n| |w|e|b|r|e|n|d|e|r|,102210fe594ee9b33d82058545b1ed14f4c8206e,LastVisualChange,cnn,True,cnn LastVisualChange opt cold fission webrender,,77,ms,firefox,,1704221055,2023-05-31T12:40:08,2080.0,be003bc24d249ccbd427d8ba21ea81c4637f1cda,1249513
autoland,3869862,13,ffaba559b8f75178eed537731f258b1129b7fe97,linux1804-64-shippable-qr,True,False,,|c|o|l|d| |f|i|s|s|i|o|n| |w|e|b|r|e|n|d|e|r|,102210fe594ee9b33d82058545b1ed14f4c8206e,LastVisualChange,cnn,True,cnn LastVisualChange opt cold fission webrender,,77,ms,firefox,,1703693362,2023-05-31T14:02:33,2120.0,7d2ea0789fc8c8538febac2643670ed4a46de087,1249550
autoland,3869862,13,ffaba559b8f75178eed537731f258b1129b7fe97,linux1804-64-shippable-qr,True,False,,|c|o|l|d| |f|i|s|s|i|o|n| |w|e|b|r|e|n|d|e|r|,102210fe594ee9b33d82058545b1ed14f4c8206e,LastVisualChange,cnn,True,cnn LastVisualChange opt cold fission webrender,,77,ms,firefox,,1703742119,2023-05-31T15:08:35,2120.0,513ac812d28fbd668a0b4216f4f52aef38b29501,1249582
autoland,3869862,13,ffaba559b8f75178eed537731f258b1129b7fe97,linux1804-64-shippable-qr,True,False,,|c|o|l|d| |f|i|s|s|i|o|n| |w|e|b|r|e|n|d|e|r|,102210fe594ee9b33d82058545b1ed14f4c8206e,LastVisualChange,cnn,True,cnn LastVisualChange opt cold fission webrender,,77,ms,firefox,,1703855930,2023-05-31T17:22:12,2120.0,b1a1fe06a88b8bdb3f1c5564d12f6798261f34f8,1249712
autoland,3869862,13,ffaba559b8f75178eed537731f258b1129b7fe97,linux1804-64-shippable-qr,True,False,,|c|o|l|d| |f|i|s|s|i|o|n| |w|e|b|r|e|n|d|e|r|,102210fe594ee9b33d82058545b1ed14f4c8206e,LastVisualChange,cnn,True,cnn LastVisualChange opt cold fission webrender,,77,ms,firefox,,1703980748,2023-05-31T20:28:19,2120.0,acd631722a01cb363c4967477af9f240d35cd218,1249881
autoland,3869862,13,ffaba559b8f75178eed537731f258b1129b7fe97,linux1804-64-shippable-qr,True,False,,|c|o|l|d| |f|i|s|s|i|o|n| |w|e|b|r|e|n|d|e|r|,102210fe594ee9b33d82058545b1ed14f4c8206e,LastVisualChange,cnn,True,cnn LastVisualChange opt cold fission webrender,,77,ms,firefox,,1704269143,2023-05-31T21:52:05,2080.0,3e57422d355fbd79bda3cc9af613485b3bdce01e,1249959
autoland,3869862,13,ffaba559b8f75178eed537731f258b1129b7fe97,linux1804-64-shippable-qr,True,False,,|c|o|l|d| |f|i|s|s|i|o|n| |w|e|b|r|e|n|d|e|r|,102210fe594ee9b33d82058545b1ed14f4c8206e,LastVisualChange,cnn,True,cnn LastVisualChange opt cold fission webrender,,77,ms,firefox,,1704294881,2023-05-31T21:52:58,2080.0,1ee8fd36b1276fa713a4407e53085c5991e8ad2d,1249961
autoland,3869862,13,ffaba559b8f75178eed537731f258b1129b7fe97,linux1804-64-shippable-qr,True,False,,|c|o|l|d| |f|i|s|s|i|o|n| |w|e|b|r|e|n|d|e|r|,102210fe594ee9b33d82058545b1ed14f4c8206e,LastVisualChange,cnn,True,cnn LastVisualChange opt cold fission webrender,,77,ms,firefox,,1704129897,2023-05-31T23:35:37,2120.0,69cd9d943489100b8424cf1b19b0646cbc9c317c,1250055
autoland,3869862,13,ffaba559b8f75178eed537731f258b1129b7fe97,linux1804-64-shippable-qr,True,False,,|c|o|l|d| |f|i|s|s|i|o|n| |w|e|b|r|e|n|d|e|r|,102210fe594ee9b33d82058545b1ed14f4c8206e,LastVisualChange,cnn,True,cnn LastVisualChange opt cold fission webrender,,77,ms,firefox,,1704232274,2023-06-01T03:44:27,2160.0,5d6127a9b7ed37774d6403efd4ee1ec813503592,1250134
autoland,3869862,13,ffaba559b8f75178eed537731f258b1129b7fe97,linux1804-64-shippable-qr,True,False,,|c|o|l|d| |f|i|s|s|i|o|n| |w|e|b|r|e|n|d|e|r|,102210fe594ee9b33d82058545b1ed14f4c8206e,LastVisualChange,cnn,True,cnn LastVisualChange opt cold fission webrender,,77,ms,firefox,,1704341146,2023-06-01T08:18:01,2080.0,310a02cb1216c0fafadcbc049aac0875871eab96,1250206
autoland,3869862,13,ffaba559b8f75178eed537731f258b1129b7fe97,linux1804-64-shippable-qr,True,False,,|c|o|l|d| |f|i|s|s|i|o|n| |w|e|b|r|e|n|d|e|r|,102210fe594ee9b33d82058545b1ed14f4c8206e,LastVisualChange,cnn,True,cnn LastVisualChange opt cold fission webrender,,77,ms,firefox,,1704403517,2023-06-01T09:51:53,2080.0,3ee1184f75ef01c3b8b3acb826d84a189cac75ce,1250243
autoland,3869862,13,ffaba559b8f75178eed537731f258b1129b7fe97,linux1804-64-shippable-qr,True,False,,|c|o|l|d| |f|i|s|s|i|o|n| |w|e|b|r|e|n|d|e|r|,102210fe594ee9b33d82058545b1ed14f4c8206e,LastVisualChange,cnn,True,cnn LastVisualChange opt cold fission webrender,,77,ms,firefox,,1704600195,2023-06-01T13:54:39,2120.0,01e7e891e3d0793f8a185fe99b6f8cc9c6ffa74e,1250379
autoland,3869862,13,ffaba559b8f75178eed537731f258b1129b7fe97,linux1804-64-shippable-qr,True,False,,|c|o|l|d| |f|i|s|s|i|o|n| |w|e|b|r|e|n|d|e|r|,102210fe594ee9b33d82058545b1ed14f4c8206e,LastVisualChange,cnn,True,cnn LastVisualChange opt cold fission webrender,,77,ms,firefox,,1704764026,2023-06-01T19:53:44,2120.0,ae0f513f1d25aef3f79ad009b5f2dd7407536827,1250634
autoland,3869862,13,ffaba559b8f75178eed537731f258b1129b7fe97,linux1804-64-shippable-qr,True,False,,|c|o|l|d| |f|i|s|s|i|o|n| |w|e|b|r|e|n|d|e|r|,102210fe594ee9b33d82058545b1ed14f4c8206e,LastVisualChange,cnn,True,cnn LastVisualChange opt cold fission webrender,,77,ms,firefox,,1704843119,2023-06-01T21:35:55,2120.0,9718fca142ae7765c8ca6c3616fab6e303225556,1250675
autoland,3869862,13,ffaba559b8f75178eed537731f258b1129b7fe97,linux1804-64-shippable-qr,True,False,,|c|o|l|d| |f|i|s|s|i|o|n| |w|e|b|r|e|n|d|e|r|,102210fe594ee9b33d82058545b1ed14f4c8206e,LastVisualChange,cnn,True,cnn LastVisualChange opt cold fission webrender,,77,ms,firefox,,1704919632,2023-06-02T02:04:00,2080.0,c365694efc9c7ac4c2c010f9dc97afb7c80107ee,1250783
autoland,3869862,13,ffaba559b8f75178eed537731f258b1129b7fe97,linux1804-64-shippable-qr,True,False,,|c|o|l|d| |f|i|s|s|i|o|n| |w|e|b|r|e|n|d|e|r|,102210fe594ee9b33d82058545b1ed14f4c8206e,LastVisualChange,cnn,True,cnn LastVisualChange opt cold fission webrender,,77,ms,firefox,,1705154101,2023-06-02T12:19:13,2080.0,5d642eb9394b5f5e9e9f0a4b6be492055e341e31,1250979
autoland,3869862,13,ffaba559b8f75178eed537731f258b1129b7fe97,linux1804-64-shippable-qr,True,False,,|c|o|l|d| |f|i|s|s|i|o|n| |w|e|b|r|e|n|d|e|r|,102210fe594ee9b33d82058545b1ed14f4c8206e,LastVisualChange,cnn,True,cnn LastVisualChange opt cold fission webrender,,77,ms,firefox,,1705179383,2023-06-02T13:27:34,2160.0,e2c71d0ed1e8bb2b9752f78b13c31171d5dde3a9,1251019
autoland,3869862,13,ffaba559b8f75178eed537731f258b1129b7fe97,linux1804-64-shippable-qr,True,False,,|c|o|l|d| |f|i|s|s|i|o|n| |w|e|b|r|e|n|d|e|r|,102210fe594ee9b33d82058545b1ed14f4c8206e,LastVisualChange,cnn,True,cnn LastVisualChange opt cold fission webrender,,77,ms,firefox,,1705275886,2023-06-02T17:59:13,2120.0,ad7e9e56836f2bd7e0668d322719f548e825a685,1251185
autoland,3869862,13,ffaba559b8f75178eed537731f258b1129b7fe97,linux1804-64-shippable-qr,True,False,,|c|o|l|d| |f|i|s|s|i|o|n| |w|e|b|r|e|n|d|e|r|,102210fe594ee9b33d82058545b1ed14f4c8206e,LastVisualChange,cnn,True,cnn LastVisualChange opt cold fission webrender,,77,ms,firefox,,1705269017,2023-06-02T18:03:52,2120.0,8c3b1c60fde747fcb4e3421062a37b829d6acb9f,1251187
autoland,3869862,13,ffaba559b8f75178eed537731f258b1129b7fe97,linux1804-64-shippable-qr,True,False,,|c|o|l|d| |f|i|s|s|i|o|n| |w|e|b|r|e|n|d|e|r|,102210fe594ee9b33d82058545b1ed14f4c8206e,LastVisualChange,cnn,True,cnn LastVisualChange opt cold fission webrender,,77,ms,firefox,,1705375446,2023-06-02T22:18:32,2120.0,b9f63a24bc677e4c6a1f9bc801c2e3bf44dbd6e8,1251308
autoland,3869862,13,ffaba559b8f75178eed537731f258b1129b7fe97,linux1804-64-shippable-qr,True,False,,|c|o|l|d| |f|i|s|s|i|o|n| |w|e|b|r|e|n|d|e|r|,102210fe594ee9b33d82058545b1ed14f4c8206e,LastVisualChange,cnn,True,cnn LastVisualChange opt cold fission webrender,,77,ms,firefox,,1705439204,2023-06-03T05:40:17,2120.0,64bce9d136ae9b4bd5482515721d6daf2da53dc3,1251358
autoland,3869862,13,ffaba559b8f75178eed537731f258b1129b7fe97,linux1804-64-shippable-qr,True,False,,|c|o|l|d| |f|i|s|s|i|o|n| |w|e|b|r|e|n|d|e|r|,102210fe594ee9b33d82058545b1ed14f4c8206e,LastVisualChange,cnn,True,cnn LastVisualChange opt cold fission webrender,,77,ms,firefox,,1705518490,2023-06-03T14:24:38,2080.0,7bc8c25b2935765c57adc63333c221bbe5067831,1251409
autoland,3869862,13,ffaba559b8f75178eed537731f258b1129b7fe97,linux1804-64-shippable-qr,True,False,,|c|o|l|d| |f|i|s|s|i|o|n| |w|e|b|r|e|n|d|e|r|,102210fe594ee9b33d82058545b1ed14f4c8206e,LastVisualChange,cnn,True,cnn LastVisualChange opt cold fission webrender,,77,ms,firefox,,1705588739,2023-06-03T23:39:13,2120.0,b8f06acca6bf62e32647496ed613012fa4c27e9e,1251453
autoland,3869862,13,ffaba559b8f75178eed537731f258b1129b7fe97,linux1804-64-shippable-qr,True,False,,|c|o|l|d| |f|i|s|s|i|o|n| |w|e|b|r|e|n|d|e|r|,102210fe594ee9b33d82058545b1ed14f4c8206e,LastVisualChange,cnn,True,cnn LastVisualChange opt cold fission webrender,,77,ms,firefox,,1705668370,2023-06-04T11:53:44,2080.0,00802389f336283602445d4f08e53b8bd09b43eb,1251481
autoland,3869862,13,ffaba559b8f75178eed537731f258b1129b7fe97,linux1804-64-shippable-qr,True,False,,|c|o|l|d| |f|i|s|s|i|o|n| |w|e|b|r|e|n|d|e|r|,102210fe594ee9b33d82058545b1ed14f4c8206e,LastVisualChange,cnn,True,cnn LastVisualChange opt cold fission webrender,,77,ms,firefox,,1705712984,2023-06-04T20:28:08,2120.0,eeba3a3c20a4dc53210a44734b25d2c0870b6523,1251514
autoland,3869862,13,ffaba559b8f75178eed537731f258b1129b7fe97,linux1804-64-shippable-qr,True,False,,|c|o|l|d| |f|i|s|s|i|o|n| |w|e|b|r|e|n|d|e|r|,102210fe594ee9b33d82058545b1ed14f4c8206e,LastVisualChange,cnn,True,cnn LastVisualChange opt cold fission webrender,,77,ms,firefox,,1705758770,2023-06-05T03:24:10,2080.0,f8fa7749f7bdc93fa3491918a4e8b0fb4db659eb,1251552
autoland,3869862,13,ffaba559b8f75178eed537731f258b1129b7fe97,linux1804-64-shippable-qr,True,False,,|c|o|l|d| |f|i|s|s|i|o|n| |w|e|b|r|e|n|d|e|r|,102210fe594ee9b33d82058545b1ed14f4c8206e,LastVisualChange,cnn,True,cnn LastVisualChange opt cold fission webrender,,77,ms,firefox,,1705790775,2023-06-05T08:05:57,2080.0,61d4558543daf8b284b3194aba84289d6e31ad2f,1251588
autoland,3869862,13,ffaba559b8f75178eed537731f258b1129b7fe97,linux1804-64-shippable-qr,True,False,,|c|o|l|d| |f|i|s|s|i|o|n| |w|e|b|r|e|n|d|e|r|,102210fe594ee9b33d82058545b1ed14f4c8206e,LastVisualChange,cnn,True,cnn LastVisualChange opt cold fission webrender,,77,ms,firefox,,1706333977,2023-06-05T08:13:54,2080.0,b4f58b5b89c23f507f450070978c31ce37ae0bfa,1251592
autoland,3869862,13,ffaba559b8f75178eed537731f258b1129b7fe97,linux1804-64-shippable-qr,True,False,,|c|o|l|d| |f|i|s|s|i|o|n| |w|e|b|r|e|n|d|e|r|,102210fe594ee9b33d82058545b1ed14f4c8206e,LastVisualChange,cnn,True,cnn LastVisualChange opt cold fission webrender,,77,ms,firefox,,1706351992,2023-06-05T09:41:40,2080.0,1affd61c6142771ac7be203e33a442977866164b,1251624
autoland,3869862,13,ffaba559b8f75178eed537731f258b1129b7fe97,linux1804-64-shippable-qr,True,False,,|c|o|l|d| |f|i|s|s|i|o|n| |w|e|b|r|e|n|d|e|r|,102210fe594ee9b33d82058545b1ed14f4c8206e,LastVisualChange,cnn,True,cnn LastVisualChange opt cold fission webrender,,77,ms,firefox,,1706367437,2023-06-05T09:45:03,2080.0,201365a3648ecab85ffce4e3930f9e9285ec3fbe,1251629
autoland,3869862,13,ffaba559b8f75178eed537731f258b1129b7fe97,linux1804-64-shippable-qr,True,False,,|c|o|l|d| |f|i|s|s|i|o|n| |w|e|b|r|e|n|d|e|r|,102210fe594ee9b33d82058545b1ed14f4c8206e,LastVisualChange,cnn,True,cnn LastVisualChange opt cold fission webrender,,77,ms,firefox,,1706355649,2023-06-05T10:13:11,2120.0,95ed74f9ad6da76c6cf56a1db4cfe6afd6213af2,1251649
autoland,3869862,13,ffaba559b8f75178eed537731f258b1129b7fe97,linux1804-64-shippable-qr,True,False,,|c|o|l|d| |f|i|s|s|i|o|n| |w|e|b|r|e|n|d|e|r|,102210fe594ee9b33d82058545b1ed14f4c8206e,LastVisualChange,cnn,True,cnn LastVisualChange opt cold fission webrender,,77,ms,firefox,,1706381786,2023-06-05T11:51:57,2160.0,6ad4019db2d5ac7bea3f12238282b70312e33b89,1251708
autoland,3869862,13,ffaba559b8f75178eed537731f258b1129b7fe97,linux1804-64-shippable-qr,True,False,,|c|o|l|d| |f|i|s|s|i|o|n| |w|e|b|r|e|n|d|e|r|,102210fe594ee9b33d82058545b1ed14f4c8206e,LastVisualChange,cnn,True,cnn LastVisualChange opt cold fission webrender,,77,ms,firefox,,1705900051,2023-06-05T12:01:26,2080.0,00af548d93acc8c2c3ab652a04c882e3a80476a9,1251712
autoland,3869862,13,ffaba559b8f75178eed537731f258b1129b7fe97,linux1804-64-shippable-qr,True,False,,|c|o|l|d| |f|i|s|s|i|o|n| |w|e|b|r|e|n|d|e|r|,102210fe594ee9b33d82058545b1ed14f4c8206e,LastVisualChange,cnn,True,cnn LastVisualChange opt cold fission webrender,,77,ms,firefox,,1706028924,2023-06-05T16:13:31,2120.0,c8df8c0bde6047b8fe23c9716940cbc1c07c2a65,1251888
autoland,3869862,13,ffaba559b8f75178eed537731f258b1129b7fe97,linux1804-64-shippable-qr,True,False,,|c|o|l|d| |f|i|s|s|i|o|n| |w|e|b|r|e|n|d|e|r|,102210fe594ee9b33d82058545b1ed14f4c8206e,LastVisualChange,cnn,True,cnn LastVisualChange opt cold fission webrender,,77,ms,firefox,,1706071096,2023-06-05T16:43:43,2160.0,03d635b2bdb2041550924e64dc0dd20abf4499f9,1251915
autoland,3869862,13,ffaba559b8f75178eed537731f258b1129b7fe97,linux1804-64-shippable-qr,True,False,,|c|o|l|d| |f|i|s|s|i|o|n| |w|e|b|r|e|n|d|e|r|,102210fe594ee9b33d82058545b1ed14f4c8206e,LastVisualChange,cnn,True,cnn LastVisualChange opt cold fission webrender,,77,ms,firefox,,1706166093,2023-06-05T20:14:05,2160.0,d73c2643092115d9b5859c16e121e421656264bc,1252060
autoland,3869862,13,ffaba559b8f75178eed537731f258b1129b7fe97,linux1804-64-shippable-qr,True,False,,|c|o|l|d| |f|i|s|s|i|o|n| |w|e|b|r|e|n|d|e|r|,102210fe594ee9b33d82058545b1ed14f4c8206e,LastVisualChange,cnn,True,cnn LastVisualChange opt cold fission webrender,,77,ms,firefox,,1706259501,2023-06-05T22:25:10,2080.0,3a79e9a1c11da81af50cfb6e535537b5e8e7ce9f,1252165
autoland,3869862,13,ffaba559b8f75178eed537731f258b1129b7fe97,linux1804-64-shippable-qr,True,False,,|c|o|l|d| |f|i|s|s|i|o|n| |w|e|b|r|e|n|d|e|r|,102210fe594ee9b33d82058545b1ed14f4c8206e,LastVisualChange,cnn,True,cnn LastVisualChange opt cold fission webrender,,77,ms,firefox,,1707147380,2023-06-06T07:23:00,2120.0,5e6e896228e55430e8e28f173cc439d598992d1d,1252318
autoland,3869862,13,ffaba559b8f75178eed537731f258b1129b7fe97,linux1804-64-shippable-qr,True,False,,|c|o|l|d| |f|i|s|s|i|o|n| |w|e|b|r|e|n|d|e|r|,102210fe594ee9b33d82058545b1ed14f4c8206e,LastVisualChange,cnn,True,cnn LastVisualChange opt cold fission webrender,,77,ms,firefox,,1706424951,2023-06-06T07:45:19,2151.7,7974ac7e053aa00b02c6b9405b4fe87e6729456d,1252336
autoland,3869862,13,ffaba559b8f75178eed537731f258b1129b7fe97,linux1804-64-shippable-qr,True,False,,|c|o|l|d| |f|i|s|s|i|o|n| |w|e|b|r|e|n|d|e|r|,102210fe594ee9b33d82058545b1ed14f4c8206e,LastVisualChange,cnn,True,cnn LastVisualChange opt cold fission webrender,,77,ms,firefox,,1706616092,2023-06-06T12:19:14,2081.5,847d7aa42cbef71e48427dda557da27be7b8a938,1252475
autoland,3869862,13,ffaba559b8f75178eed537731f258b1129b7fe97,linux1804-64-shippable-qr,True,False,,|c|o|l|d| |f|i|s|s|i|o|n| |w|e|b|r|e|n|d|e|r|,102210fe594ee9b33d82058545b1ed14f4c8206e,LastVisualChange,cnn,True,cnn LastVisualChange opt cold fission webrender,,77,ms,firefox,,1707158339,2023-06-06T12:33:25,2091.1,b97c8d97b6469becb2138e0a621833d27aee5863,1252485
autoland,3869862,13,ffaba559b8f75178eed537731f258b1129b7fe97,linux1804-64-shippable-qr,True,False,,|c|o|l|d| |f|i|s|s|i|o|n| |w|e|b|r|e|n|d|e|r|,102210fe594ee9b33d82058545b1ed14f4c8206e,LastVisualChange,cnn,True,cnn LastVisualChange opt cold fission webrender,,77,ms,firefox,,1707137690,2023-06-06T12:36:53,2084.9,d132c75f9ca2cdd84287910ccd9100989085f9e8,1252489
autoland,3869862,13,ffaba559b8f75178eed537731f258b1129b7fe97,linux1804-64-shippable-qr,True,False,,|c|o|l|d| |f|i|s|s|i|o|n| |w|e|b|r|e|n|d|e|r|,102210fe594ee9b33d82058545b1ed14f4c8206e,LastVisualChange,cnn,True,cnn LastVisualChange opt cold fission webrender,,77,ms,firefox,,1706691278,2023-06-06T15:07:26,2088.3,51ecbed77cf45640a921f61934b70efadfb58982,1252589
autoland,3869862,13,ffaba559b8f75178eed537731f258b1129b7fe97,linux1804-64-shippable-qr,True,False,,|c|o|l|d| |f|i|s|s|i|o|n| |w|e|b|r|e|n|d|e|r|,102210fe594ee9b33d82058545b1ed14f4c8206e,LastVisualChange,cnn,True,cnn LastVisualChange opt cold fission webrender,,77,ms,firefox,,1706854674,2023-06-06T19:22:50,2108.7,3e7d709ab2a3a86ff58f4406faa05e738ca49ec9,1252721
autoland,3869862,13,ffaba559b8f75178eed537731f258b1129b7fe97,linux1804-64-shippable-qr,True,False,,|c|o|l|d| |f|i|s|s|i|o|n| |w|e|b|r|e|n|d|e|r|,102210fe594ee9b33d82058545b1ed14f4c8206e,LastVisualChange,cnn,True,cnn LastVisualChange opt cold fission webrender,,77,ms,firefox,,1706880808,2023-06-06T19:49:29,2134.0,9a56830b39f8d6802cef3772f81535d5f7bd475c,1252741
autoland,3869862,13,ffaba559b8f75178eed537731f258b1129b7fe97,linux1804-64-shippable-qr,True,False,,|c|o|l|d| |f|i|s|s|i|o|n| |w|e|b|r|e|n|d|e|r|,102210fe594ee9b33d82058545b1ed14f4c8206e,LastVisualChange,cnn,True,cnn LastVisualChange opt cold fission webrender,,77,ms,firefox,,1706961207,2023-06-06T22:47:19,2070.7,3a8e0dd854b5d9349d96a17de81427442d412db9,1252831
autoland,3869862,13,ffaba559b8f75178eed537731f258b1129b7fe97,linux1804-64-shippable-qr,True,False,,|c|o|l|d| |f|i|s|s|i|o|n| |w|e|b|r|e|n|d|e|r|,102210fe594ee9b33d82058545b1ed14f4c8206e,LastVisualChange,cnn,True,cnn LastVisualChange opt cold fission webrender,,77,ms,firefox,,1707062637,2023-06-07T02:52:45,2159.2,714383968fdbbcb6ef5ff4fc599e11ae386d09ce,1252906
autoland,3869862,13,ffaba559b8f75178eed537731f258b1129b7fe97,linux1804-64-shippable-qr,True,False,,|c|o|l|d| |f|i|s|s|i|o|n| |w|e|b|r|e|n|d|e|r|,102210fe594ee9b33d82058545b1ed14f4c8206e,LastVisualChange,cnn,True,cnn LastVisualChange opt cold fission webrender,,77,ms,firefox,,1707207867,2023-06-07T06:55:53,2092.2,29928f29c7a08d81bf5a480f4678c4c90b0abc68,1252967
autoland,3869862,13,ffaba559b8f75178eed537731f258b1129b7fe97,linux1804-64-shippable-qr,True,False,,|c|o|l|d| |f|i|s|s|i|o|n| |w|e|b|r|e|n|d|e|r|,102210fe594ee9b33d82058545b1ed14f4c8206e,LastVisualChange,cnn,True,cnn LastVisualChange opt cold fission webrender,,77,ms,firefox,,1707818313,2023-06-07T08:38:12,2108.7,17472385b962b35b99a2c97f0c9b3f70604fab8a,1253010
autoland,3869862,13,ffaba559b8f75178eed537731f258b1129b7fe97,linux1804-64-shippable-qr,True,False,,|c|o|l|d| |f|i|s|s|i|o|n| |w|e|b|r|e|n|d|e|r|,102210fe594ee9b33d82058545b1ed14f4c8206e,LastVisualChange,cnn,True,cnn LastVisualChange opt cold fission webrender,,77,ms,firefox,,1707749254,2023-06-07T08:45:52,2081.7,5ee71fd842f2101b638b15488f8e630293dacd51,1253014
autoland,3869862,13,ffaba559b8f75178eed537731f258b1129b7fe97,linux1804-64-shippable-qr,True,False,,|c|o|l|d| |f|i|s|s|i|o|n| |w|e|b|r|e|n|d|e|r|,102210fe594ee9b33d82058545b1ed14f4c8206e,LastVisualChange,cnn,True,cnn LastVisualChange opt cold fission webrender,,77,ms,firefox,,1707304931,2023-06-07T11:44:03,2293.3,5c2039dcc9e34d981b3343ed3819d1f65ef07909,1253076
autoland,3869862,13,ffaba559b8f75178eed537731f258b1129b7fe97,linux1804-64-shippable-qr,True,False,,|c|o|l|d| |f|i|s|s|i|o|n| |w|e|b|r|e|n|d|e|r|,102210fe594ee9b33d82058545b1ed14f4c8206e,LastVisualChange,cnn,True,cnn LastVisualChange opt cold fission webrender,,77,ms,firefox,,1707344931,2023-06-07T13:36:12,2106.1,ed7804ffc016687db27f68ab46e27c0ffefda3af,1253119
autoland,3869862,13,ffaba559b8f75178eed537731f258b1129b7fe97,linux1804-64-shippable-qr,True,False,,|c|o|l|d| |f|i|s|s|i|o|n| |w|e|b|r|e|n|d|e|r|,102210fe594ee9b33d82058545b1ed14f4c8206e,LastVisualChange,cnn,True,cnn LastVisualChange opt cold fission webrender,,77,ms,firefox,,1707435645,2023-06-07T16:40:09,2176.6,1e9ddd307894fd2055ca49dcaa461478d0acea9e,1253256
autoland,3869862,13,ffaba559b8f75178eed537731f258b1129b7fe97,linux1804-64-shippable-qr,True,False,,|c|o|l|d| |f|i|s|s|i|o|n| |w|e|b|r|e|n|d|e|r|,102210fe594ee9b33d82058545b1ed14f4c8206e,LastVisualChange,cnn,True,cnn LastVisualChange opt cold fission webrender,,77,ms,firefox,,1707567134,2023-06-07T20:51:47,2141.2,d777b008615418be897668f8099b9e68f6666a3c,1253401
autoland,3869862,13,ffaba559b8f75178eed537731f258b1129b7fe97,linux1804-64-shippable-qr,True,False,,|c|o|l|d| |f|i|s|s|i|o|n| |w|e|b|r|e|n|d|e|r|,102210fe594ee9b33d82058545b1ed14f4c8206e,LastVisualChange,cnn,True,cnn LastVisualChange opt cold fission webrender,,77,ms,firefox,,1707638104,2023-06-07T22:54:42,2116.6,c18688c9011d0dc50b79d2f830dbf323c8c75604,1253472
autoland,3869862,13,ffaba559b8f75178eed537731f258b1129b7fe97,linux1804-64-shippable-qr,True,False,,|c|o|l|d| |f|i|s|s|i|o|n| |w|e|b|r|e|n|d|e|r|,102210fe594ee9b33d82058545b1ed14f4c8206e,LastVisualChange,cnn,True,cnn LastVisualChange opt cold fission webrender,,77,ms,firefox,,1707749680,2023-06-08T03:47:09,2094.4,2b2fb0c1bd13f27bbd5094192791600a5e261c4b,1253596
autoland,3869862,13,ffaba559b8f75178eed537731f258b1129b7fe97,linux1804-64-shippable-qr,True,False,,|c|o|l|d| |f|i|s|s|i|o|n| |w|e|b|r|e|n|d|e|r|,102210fe594ee9b33d82058545b1ed14f4c8206e,LastVisualChange,cnn,True,cnn LastVisualChange opt cold fission webrender,,77,ms,firefox,,1707836575,2023-06-08T06:27:32,2097.1,d588d40904f7880592d27c083cb64d31864340cb,1253626
autoland,3869862,13,ffaba559b8f75178eed537731f258b1129b7fe97,linux1804-64-shippable-qr,True,False,,|c|o|l|d| |f|i|s|s|i|o|n| |w|e|b|r|e|n|d|e|r|,102210fe594ee9b33d82058545b1ed14f4c8206e,LastVisualChange,cnn,True,cnn LastVisualChange opt cold fission webrender,,77,ms,firefox,,1707981264,2023-06-08T10:57:22,2131.4,a86d5a3f177d480362c07a9ed34166ae41840ab6,1253788
autoland,3869862,13,ffaba559b8f75178eed537731f258b1129b7fe97,linux1804-64-shippable-qr,True,False,,|c|o|l|d| |f|i|s|s|i|o|n| |w|e|b|r|e|n|d|e|r|,102210fe594ee9b33d82058545b1ed14f4c8206e,LastVisualChange,cnn,True,cnn LastVisualChange opt cold fission webrender,,77,ms,firefox,,1708352788,2023-06-08T21:44:04,2163.7,c7b3905a77fb83c75344dddb5646c5c7f5d16714,1254265
autoland,3869862,13,ffaba559b8f75178eed537731f258b1129b7fe97,linux1804-64-shippable-qr,True,False,,|c|o|l|d| |f|i|s|s|i|o|n| |w|e|b|r|e|n|d|e|r|,102210fe594ee9b33d82058545b1ed14f4c8206e,LastVisualChange,cnn,True,cnn LastVisualChange opt cold fission webrender,,77,ms,firefox,,1708424230,2023-06-09T02:20:20,2073.6,d18ffb52540958c2b12d76b4a392e12df3bc4280,1254350
autoland,3869862,13,ffaba559b8f75178eed537731f258b1129b7fe97,linux1804-64-shippable-qr,True,False,,|c|o|l|d| |f|i|s|s|i|o|n| |w|e|b|r|e|n|d|e|r|,102210fe594ee9b33d82058545b1ed14f4c8206e,LastVisualChange,cnn,True,cnn LastVisualChange opt cold fission webrender,,77,ms,firefox,,1708491176,2023-06-09T06:38:52,2079.2,e76a7e9393add417bcf6a33d7e0c71909cc3c6d9,1254404
autoland,3869862,13,ffaba559b8f75178eed537731f258b1129b7fe97,linux1804-64-shippable-qr,True,False,,|c|o|l|d| |f|i|s|s|i|o|n| |w|e|b|r|e|n|d|e|r|,102210fe594ee9b33d82058545b1ed14f4c8206e,LastVisualChange,cnn,True,cnn LastVisualChange opt cold fission webrender,,77,ms,firefox,,1708525926,2023-06-09T08:40:41,2385.4,6453bd709950f540a9b961069fe05277eec38c4e,1254469
autoland,3869862,13,ffaba559b8f75178eed537731f258b1129b7fe97,linux1804-64-shippable-qr,True,False,,|c|o|l|d| |f|i|s|s|i|o|n| |w|e|b|r|e|n|d|e|r|,102210fe594ee9b33d82058545b1ed14f4c8206e,LastVisualChange,cnn,True,cnn LastVisualChange opt cold fission webrender,,77,ms,firefox,,1708679126,2023-06-09T13:23:42,2122.1,7467d3da5f29eddf7cf135a00cef8cf87b5c6911,1254611
autoland,3869862,13,ffaba559b8f75178eed537731f258b1129b7fe97,linux1804-64-shippable-qr,True,False,,|c|o|l|d| |f|i|s|s|i|o|n| |w|e|b|r|e|n|d|e|r|,102210fe594ee9b33d82058545b1ed14f4c8206e,LastVisualChange,cnn,True,cnn LastVisualChange opt cold fission webrender,,77,ms,firefox,,1708830850,2023-06-09T18:12:56,2192.2,439e88bdf46b8545bcf3fbf4d1cac9bf084df91d,1254830
autoland,3869862,13,ffaba559b8f75178eed537731f258b1129b7fe97,linux1804-64-shippable-qr,True,False,,|c|o|l|d| |f|i|s|s|i|o|n| |w|e|b|r|e|n|d|e|r|,102210fe594ee9b33d82058545b1ed14f4c8206e,LastVisualChange,cnn,True,cnn LastVisualChange opt cold fission webrender,,77,ms,firefox,,1708890534,2023-06-09T19:52:31,2152.9,14c10deaa83992232930103150b2cb2351a623a5,1254912
autoland,3869862,13,ffaba559b8f75178eed537731f258b1129b7fe97,linux1804-64-shippable-qr,True,False,,|c|o|l|d| |f|i|s|s|i|o|n| |w|e|b|r|e|n|d|e|r|,102210fe594ee9b33d82058545b1ed14f4c8206e,LastVisualChange,cnn,True,cnn LastVisualChange opt cold fission webrender,,77,ms,firefox,,1709004250,2023-06-10T01:55:58,2102.5,463e881a627c52313496a136abc6c038a4b92af6,1255101
autoland,3869862,13,ffaba559b8f75178eed537731f258b1129b7fe97,linux1804-64-shippable-qr,True,False,,|c|o|l|d| |f|i|s|s|i|o|n| |w|e|b|r|e|n|d|e|r|,102210fe594ee9b33d82058545b1ed14f4c8206e,LastVisualChange,cnn,True,cnn LastVisualChange opt cold fission webrender,,77,ms,firefox,,1709108100,2023-06-10T13:36:02,2128.2,9c9d29101b3d0533b84b4e75dc06e89fcad3d31a,1255207
autoland,3869862,13,ffaba559b8f75178eed537731f258b1129b7fe97,linux1804-64-shippable-qr,True,False,,|c|o|l|d| |f|i|s|s|i|o|n| |w|e|b|r|e|n|d|e|r|,102210fe594ee9b33d82058545b1ed14f4c8206e,LastVisualChange,cnn,True,cnn LastVisualChange opt cold fission webrender,,77,ms,firefox,,1709224477,2023-06-10T18:37:05,2202.4,879c6932bb49782e5edfdbe48e93d997a2646d84,1255264
autoland,3869862,13,ffaba559b8f75178eed537731f258b1129b7fe97,linux1804-64-shippable-qr,True,False,,|c|o|l|d| |f|i|s|s|i|o|n| |w|e|b|r|e|n|d|e|r|,102210fe594ee9b33d82058545b1ed14f4c8206e,LastVisualChange,cnn,True,cnn LastVisualChange opt cold fission webrender,,77,ms,firefox,,1709251407,2023-06-10T20:39:30,2099.7,711b87deb431206775bf67c5b0d04ace33eb3660,1255276
autoland,3869862,13,ffaba559b8f75178eed537731f258b1129b7fe97,linux1804-64-shippable-qr,True,False,,|c|o|l|d| |f|i|s|s|i|o|n| |w|e|b|r|e|n|d|e|r|,102210fe594ee9b33d82058545b1ed14f4c8206e,LastVisualChange,cnn,True,cnn LastVisualChange opt cold fission webrender,,77,ms,firefox,,1709461027,2023-06-11T14:35:35,2126.1,3904ff924b73ed2df5a530453ab025bb1c2fdf90,1255360
autoland,3869862,13,ffaba559b8f75178eed537731f258b1129b7fe97,linux1804-64-shippable-qr,True,False,,|c|o|l|d| |f|i|s|s|i|o|n| |w|e|b|r|e|n|d|e|r|,102210fe594ee9b33d82058545b1ed14f4c8206e,LastVisualChange,cnn,True,cnn LastVisualChange opt cold fission webrender,,77,ms,firefox,,1709519695,2023-06-11T19:10:58,2161.5,af0665af954105365927736b6a65c4d28533bc4d,1255387
autoland,3869862,13,ffaba559b8f75178eed537731f258b1129b7fe97,linux1804-64-shippable-qr,True,False,,|c|o|l|d| |f|i|s|s|i|o|n| |w|e|b|r|e|n|d|e|r|,102210fe594ee9b33d82058545b1ed14f4c8206e,LastVisualChange,cnn,True,cnn LastVisualChange opt cold fission webrender,,77,ms,firefox,,1709592484,2023-06-12T00:14:44,2099.1,c73c9ac3fe19822fcf08c5bd0bc112056008b4da,1255422
autoland,3869862,13,ffaba559b8f75178eed537731f258b1129b7fe97,linux1804-64-shippable-qr,True,False,,|c|o|l|d| |f|i|s|s|i|o|n| |w|e|b|r|e|n|d|e|r|,102210fe594ee9b33d82058545b1ed14f4c8206e,LastVisualChange,cnn,True,cnn LastVisualChange opt cold fission webrender,,77,ms,firefox,,1709642357,2023-06-12T04:46:29,2119.5,25564434f810ceea8a17b730bd5498b0ca9856c4,1255461
autoland,3869862,13,ffaba559b8f75178eed537731f258b1129b7fe97,linux1804-64-shippable-qr,True,False,,|c|o|l|d| |f|i|s|s|i|o|n| |w|e|b|r|e|n|d|e|r|,102210fe594ee9b33d82058545b1ed14f4c8206e,LastVisualChange,cnn,True,cnn LastVisualChange opt cold fission webrender,,77,ms,firefox,,1709737337,2023-06-12T09:00:15,2132.7,6c51face7335165a532e8f6b035a975ced1be55c,1255535
autoland,3869862,13,ffaba559b8f75178eed537731f258b1129b7fe97,linux1804-64-shippable-qr,True,False,,|c|o|l|d| |f|i|s|s|i|o|n| |w|e|b|r|e|n|d|e|r|,102210fe594ee9b33d82058545b1ed14f4c8206e,LastVisualChange,cnn,True,cnn LastVisualChange opt cold fission webrender,,77,ms,firefox,,1709752081,2023-06-12T09:27:15,2095.8,1dc3aecfed3a924c48ee323c36ee1e783f836dd7,1255558
autoland,3869862,13,ffaba559b8f75178eed537731f258b1129b7fe97,linux1804-64-shippable-qr,True,False,,|c|o|l|d| |f|i|s|s|i|o|n| |w|e|b|r|e|n|d|e|r|,102210fe594ee9b33d82058545b1ed14f4c8206e,LastVisualChange,cnn,True,cnn LastVisualChange opt cold fission webrender,,77,ms,firefox,,1709949394,2023-06-12T14:14:19,2087.0,ee618a493ff9c25c0ecb9dc6087a6179874541da,1255741
autoland,3869862,13,ffaba559b8f75178eed537731f258b1129b7fe97,linux1804-64-shippable-qr,True,False,,|c|o|l|d| |f|i|s|s|i|o|n| |w|e|b|r|e|n|d|e|r|,102210fe594ee9b33d82058545b1ed14f4c8206e,LastVisualChange,cnn,True,cnn LastVisualChange opt cold fission webrender,,77,ms,firefox,,1710055388,2023-06-12T17:28:50,2100.1,53b4b785ae2a7f70257069e77b138fe36b53698a,1255840
autoland,3869862,13,ffaba559b8f75178eed537731f258b1129b7fe97,linux1804-64-shippable-qr,True,False,,|c|o|l|d| |f|i|s|s|i|o|n| |w|e|b|r|e|n|d|e|r|,102210fe594ee9b33d82058545b1ed14f4c8206e,LastVisualChange,cnn,True,cnn LastVisualChange opt cold fission webrender,,77,ms,firefox,,1710197681,2023-06-12T21:22:21,2114.1,eff1078e2398a9021cd61a20eff8062a582128e2,1256012
autoland,3869862,13,ffaba559b8f75178eed537731f258b1129b7fe97,linux1804-64-shippable-qr,True,False,,|c|o|l|d| |f|i|s|s|i|o|n| |w|e|b|r|e|n|d|e|r|,102210fe594ee9b33d82058545b1ed14f4c8206e,LastVisualChange,cnn,True,cnn LastVisualChange opt cold fission webrender,,77,ms,firefox,,1710260858,2023-06-13T02:32:41,2086.8,2bdaa9d6ac390362734ba199115ca10186243e87,1256169
autoland,3869862,13,ffaba559b8f75178eed537731f258b1129b7fe97,linux1804-64-shippable-qr,True,False,,|c|o|l|d| |f|i|s|s|i|o|n| |w|e|b|r|e|n|d|e|r|,102210fe594ee9b33d82058545b1ed14f4c8206e,LastVisualChange,cnn,True,cnn LastVisualChange opt cold fission webrender,,77,ms,firefox,,1710332821,2023-06-13T05:20:45,2150.2,1a37acad51201ba77a18b0951d3a93bc8c9eebf7,1256212
autoland,3869862,13,ffaba559b8f75178eed537731f258b1129b7fe97,linux1804-64-shippable-qr,True,False,,|c|o|l|d| |f|i|s|s|i|o|n| |w|e|b|r|e|n|d|e|r|,102210fe594ee9b33d82058545b1ed14f4c8206e,LastVisualChange,cnn,True,cnn LastVisualChange opt cold fission webrender,,77,ms,firefox,,1710411843,2023-06-13T09:27:30,2215.1,c7b5ae0c3e2d58a11af3dbe818dd67837d0ff44a,1256328
autoland,3869862,13,ffaba559b8f75178eed537731f258b1129b7fe97,linux1804-64-shippable-qr,True,False,,|c|o|l|d| |f|i|s|s|i|o|n| |w|e|b|r|e|n|d|e|r|,102210fe594ee9b33d82058545b1ed14f4c8206e,LastVisualChange,cnn,True,cnn LastVisualChange opt cold fission webrender,,77,ms,firefox,,1710445042,2023-06-13T10:02:00,2166.1,2b9574ef0cc196618dae379b79b53958470216b3,1256346
autoland,3869862,13,ffaba559b8f75178eed537731f258b1129b7fe97,linux1804-64-shippable-qr,True,False,,|c|o|l|d| |f|i|s|s|i|o|n| |w|e|b|r|e|n|d|e|r|,102210fe594ee9b33d82058545b1ed14f4c8206e,LastVisualChange,cnn,True,cnn LastVisualChange opt cold fission webrender,,77,ms,firefox,,1710942802,2023-06-13T12:47:53,2113.8,c664c5443475712b02f770a02883311bc7cc80c6,1256439
autoland,3869862,13,ffaba559b8f75178eed537731f258b1129b7fe97,linux1804-64-shippable-qr,True,False,,|c|o|l|d| |f|i|s|s|i|o|n| |w|e|b|r|e|n|d|e|r|,102210fe594ee9b33d82058545b1ed14f4c8206e,LastVisualChange,cnn,True,cnn LastVisualChange opt cold fission webrender,,77,ms,firefox,,1710973891,2023-06-13T12:48:46,2082.2,e0c5d4002c779b972605e257db6a710408da603d,1256441
autoland,3869862,13,ffaba559b8f75178eed537731f258b1129b7fe97,linux1804-64-shippable-qr,True,False,,|c|o|l|d| |f|i|s|s|i|o|n| |w|e|b|r|e|n|d|e|r|,102210fe594ee9b33d82058545b1ed14f4c8206e,LastVisualChange,cnn,True,cnn LastVisualChange opt cold fission webrender,,77,ms,firefox,,1710531693,2023-06-13T13:01:33,2082.4,8cd7aee6cae85ce9804794d4a45bc2f34aa04b66,1256450
autoland,3869862,13,ffaba559b8f75178eed537731f258b1129b7fe97,linux1804-64-shippable-qr,True,False,,|c|o|l|d| |f|i|s|s|i|o|n| |w|e|b|r|e|n|d|e|r|,102210fe594ee9b33d82058545b1ed14f4c8206e,LastVisualChange,cnn,True,cnn LastVisualChange opt cold fission webrender,,77,ms,firefox,,1710651042,2023-06-13T16:01:20,2118.6,93520e8ffd9617b46d026ea530fde0169def3a80,1256570
autoland,3869862,13,ffaba559b8f75178eed537731f258b1129b7fe97,linux1804-64-shippable-qr,True,False,,|c|o|l|d| |f|i|s|s|i|o|n| |w|e|b|r|e|n|d|e|r|,102210fe594ee9b33d82058545b1ed14f4c8206e,LastVisualChange,cnn,True,cnn LastVisualChange opt cold fission webrender,,77,ms,firefox,,1710931323,2023-06-13T17:10:55,2117.8,4bc380c5e43a824ca233967781ba2e23cd65ffb3,1256622
autoland,3869862,13,ffaba559b8f75178eed537731f258b1129b7fe97,linux1804-64-shippable-qr,True,False,,|c|o|l|d| |f|i|s|s|i|o|n| |w|e|b|r|e|n|d|e|r|,102210fe594ee9b33d82058545b1ed14f4c8206e,LastVisualChange,cnn,True,cnn LastVisualChange opt cold fission webrender,,77,ms,firefox,,1710901204,2023-06-13T17:25:10,2109.2,1f345f63ab5a041a7f2c636003fc9201016e7051,1256628
autoland,3869862,13,ffaba559b8f75178eed537731f258b1129b7fe97,linux1804-64-shippable-qr,True,False,,|c|o|l|d| |f|i|s|s|i|o|n| |w|e|b|r|e|n|d|e|r|,102210fe594ee9b33d82058545b1ed14f4c8206e,LastVisualChange,cnn,True,cnn LastVisualChange opt cold fission webrender,,77,ms,firefox,,1710745405,2023-06-13T18:36:15,2133.0,2d8fa86b279358b19ca794787248a9600c86ef5a,1256676
autoland,3869862,13,ffaba559b8f75178eed537731f258b1129b7fe97,linux1804-64-shippable-qr,True,False,,|c|o|l|d| |f|i|s|s|i|o|n| |w|e|b|r|e|n|d|e|r|,102210fe594ee9b33d82058545b1ed14f4c8206e,LastVisualChange,cnn,True,cnn LastVisualChange opt cold fission webrender,,77,ms,firefox,,1710840301,2023-06-13T22:49:33,2079.6,0e2078b102ffd940ea83c3a5a8b1a176bdd3a8fb,1256827
autoland,3869862,13,ffaba559b8f75178eed537731f258b1129b7fe97,linux1804-64-shippable-qr,True,False,,|c|o|l|d| |f|i|s|s|i|o|n| |w|e|b|r|e|n|d|e|r|,102210fe594ee9b33d82058545b1ed14f4c8206e,LastVisualChange,cnn,True,cnn LastVisualChange opt cold fission webrender,,77,ms,firefox,,1710866810,2023-06-14T00:25:00,2130.9,4c6c30b03e25cbd9d4dfc96f082e8cf241f51109,1256858
autoland,3869862,13,ffaba559b8f75178eed537731f258b1129b7fe97,linux1804-64-shippable-qr,True,False,,|c|o|l|d| |f|i|s|s|i|o|n| |w|e|b|r|e|n|d|e|r|,102210fe594ee9b33d82058545b1ed14f4c8206e,LastVisualChange,cnn,True,cnn LastVisualChange opt cold fission webrender,,77,ms,firefox,,1710951222,2023-06-14T05:14:15,2109.6,b9e3497b939c3bdfee632c7297184b79cfeec9cc,1256948
autoland,3869862,13,ffaba559b8f75178eed537731f258b1129b7fe97,linux1804-64-shippable-qr,True,False,,|c|o|l|d| |f|i|s|s|i|o|n| |w|e|b|r|e|n|d|e|r|,102210fe594ee9b33d82058545b1ed14f4c8206e,LastVisualChange,cnn,True,cnn LastVisualChange opt cold fission webrender,,77,ms,firefox,,1711057730,2023-06-14T11:48:24,2119.3,c6fa16c28b26a19d81b8853153057f32cec6f2fd,1257091
autoland,3869862,13,ffaba559b8f75178eed537731f258b1129b7fe97,linux1804-64-shippable-qr,True,False,,|c|o|l|d| |f|i|s|s|i|o|n| |w|e|b|r|e|n|d|e|r|,102210fe594ee9b33d82058545b1ed14f4c8206e,LastVisualChange,cnn,True,cnn LastVisualChange opt cold fission webrender,,77,ms,firefox,,1711123704,2023-06-14T13:20:02,2116.7,928a5d849e038bf4277f06519f8f7ab3c94cc7ff,1257127
autoland,3869862,13,ffaba559b8f75178eed537731f258b1129b7fe97,linux1804-64-shippable-qr,True,False,,|c|o|l|d| |f|i|s|s|i|o|n| |w|e|b|r|e|n|d|e|r|,102210fe594ee9b33d82058545b1ed14f4c8206e,LastVisualChange,cnn,True,cnn LastVisualChange opt cold fission webrender,,77,ms,firefox,,1711708988,2023-06-14T13:53:45,2102.4,029016670d4aed9df8e1718a7ab5d9d7ec471a98,1257145
autoland,3869862,13,ffaba559b8f75178eed537731f258b1129b7fe97,linux1804-64-shippable-qr,True,False,,|c|o|l|d| |f|i|s|s|i|o|n| |w|e|b|r|e|n|d|e|r|,102210fe594ee9b33d82058545b1ed14f4c8206e,LastVisualChange,cnn,True,cnn LastVisualChange opt cold fission webrender,,77,ms,firefox,,1711718817,2023-06-14T14:11:42,2105.3,0accfdd3671420ce9a3da67370e1cb587c9a4161,1257150
autoland,3869862,13,ffaba559b8f75178eed537731f258b1129b7fe97,linux1804-64-shippable-qr,True,False,,|c|o|l|d| |f|i|s|s|i|o|n| |w|e|b|r|e|n|d|e|r|,102210fe594ee9b33d82058545b1ed14f4c8206e,LastVisualChange,cnn,True,cnn LastVisualChange opt cold fission webrender,,77,ms,firefox,,1711328343,2023-06-14T17:41:50,2151.9,933dd3c3e1c8beb677df8e4d51b1e99b41599f65,1257281
autoland,3869862,13,ffaba559b8f75178eed537731f258b1129b7fe97,linux1804-64-shippable-qr,True,False,,|c|o|l|d| |f|i|s|s|i|o|n| |w|e|b|r|e|n|d|e|r|,102210fe594ee9b33d82058545b1ed14f4c8206e,LastVisualChange,cnn,True,cnn LastVisualChange opt cold fission webrender,,77,ms,firefox,,1711355547,2023-06-14T18:25:51,2160.2,d730841eed9459e5541190a9525313fb1ff98e75,1257330
autoland,3869862,13,ffaba559b8f75178eed537731f258b1129b7fe97,linux1804-64-shippable-qr,True,False,,|c|o|l|d| |f|i|s|s|i|o|n| |w|e|b|r|e|n|d|e|r|,102210fe594ee9b33d82058545b1ed14f4c8206e,LastVisualChange,cnn,True,cnn LastVisualChange opt cold fission webrender,,77,ms,firefox,,1711664113,2023-06-14T18:37:02,2115.2,9d6b12a756cbe33157704576e141c57a2d6e2bf5,1257344
autoland,3869862,13,ffaba559b8f75178eed537731f258b1129b7fe97,linux1804-64-shippable-qr,True,False,,|c|o|l|d| |f|i|s|s|i|o|n| |w|e|b|r|e|n|d|e|r|,102210fe594ee9b33d82058545b1ed14f4c8206e,LastVisualChange,cnn,True,cnn LastVisualChange opt cold fission webrender,,77,ms,firefox,,1711698238,2023-06-14T18:39:05,2113.4,3e7bf8f8a9a8ecebd1c1bd851e35577660e48a97,1257346
autoland,3869862,13,ffaba559b8f75178eed537731f258b1129b7fe97,linux1804-64-shippable-qr,True,False,,|c|o|l|d| |f|i|s|s|i|o|n| |w|e|b|r|e|n|d|e|r|,102210fe594ee9b33d82058545b1ed14f4c8206e,LastVisualChange,cnn,True,cnn LastVisualChange opt cold fission webrender,,77,ms,firefox,,1711425453,2023-06-14T20:09:05,2101.5,ff79aa6f7ba8605e7ea59acddd521284f75136e4,1257422
autoland,3869862,13,ffaba559b8f75178eed537731f258b1129b7fe97,linux1804-64-shippable-qr,True,False,,|c|o|l|d| |f|i|s|s|i|o|n| |w|e|b|r|e|n|d|e|r|,102210fe594ee9b33d82058545b1ed14f4c8206e,LastVisualChange,cnn,True,cnn LastVisualChange opt cold fission webrender,,77,ms,firefox,,1711534294,2023-06-14T21:46:45,2097.4,4b1c6fc1fc0f3e664d546c4bf5c24f0c157bc2c5,1257512
autoland,3869862,13,ffaba559b8f75178eed537731f258b1129b7fe97,linux1804-64-shippable-qr,True,False,,|c|o|l|d| |f|i|s|s|i|o|n| |w|e|b|r|e|n|d|e|r|,102210fe594ee9b33d82058545b1ed14f4c8206e,LastVisualChange,cnn,True,cnn LastVisualChange opt cold fission webrender,,77,ms,firefox,,1711627679,2023-06-15T01:50:09,2112.3,53e8e97bbe4e0c8fc4deff56e5b8d03391c0c023,1257663
autoland,3869862,13,ffaba559b8f75178eed537731f258b1129b7fe97,linux1804-64-shippable-qr,True,False,,|c|o|l|d| |f|i|s|s|i|o|n| |w|e|b|r|e|n|d|e|r|,102210fe594ee9b33d82058545b1ed14f4c8206e,LastVisualChange,cnn,True,cnn LastVisualChange opt cold fission webrender,,77,ms,firefox,,1711651898,2023-06-15T02:43:47,2124.9,abf8f424d2d09f957d7ecd02af086a9b7adde3f8,1257688
autoland,3869862,13,ffaba559b8f75178eed537731f258b1129b7fe97,linux1804-64-shippable-qr,True,False,,|c|o|l|d| |f|i|s|s|i|o|n| |w|e|b|r|e|n|d|e|r|,102210fe594ee9b33d82058545b1ed14f4c8206e,LastVisualChange,cnn,True,cnn LastVisualChange opt cold fission webrender,,77,ms,firefox,,1711742790,2023-06-15T06:54:30,2151.5,900ba46a6df5d5b6dde0d5de391246157de49c8a,1257783
autoland,3869862,13,ffaba559b8f75178eed537731f258b1129b7fe97,linux1804-64-shippable-qr,True,False,,|c|o|l|d| |f|i|s|s|i|o|n| |w|e|b|r|e|n|d|e|r|,102210fe594ee9b33d82058545b1ed14f4c8206e,LastVisualChange,cnn,True,cnn LastVisualChange opt cold fission webrender,,77,ms,firefox,,1712378412,2023-06-15T08:32:55,2156.4,6b660d3dd7840217e973e778bcb419a11c7a22b4,1257839
autoland,3869862,13,ffaba559b8f75178eed537731f258b1129b7fe97,linux1804-64-shippable-qr,True,False,,|c|o|l|d| |f|i|s|s|i|o|n| |w|e|b|r|e|n|d|e|r|,102210fe594ee9b33d82058545b1ed14f4c8206e,LastVisualChange,cnn,True,cnn LastVisualChange opt cold fission webrender,,77,ms,firefox,,1712326527,2023-06-15T08:36:57,2132.7,6c42ef642d0b0708e9a2fa2638b6670e90ef2b3b,1257841
autoland,3869862,13,ffaba559b8f75178eed537731f258b1129b7fe97,linux1804-64-shippable-qr,True,False,,|c|o|l|d| |f|i|s|s|i|o|n| |w|e|b|r|e|n|d|e|r|,102210fe594ee9b33d82058545b1ed14f4c8206e,LastVisualChange,cnn,True,cnn LastVisualChange opt cold fission webrender,,77,ms,firefox,,1711828463,2023-06-15T10:33:37,2105.3,86864bda9b5f7077819eb76b661bcefb89fd19fa,1257909
autoland,3869862,13,ffaba559b8f75178eed537731f258b1129b7fe97,linux1804-64-shippable-qr,True,False,,|c|o|l|d| |f|i|s|s|i|o|n| |w|e|b|r|e|n|d|e|r|,102210fe594ee9b33d82058545b1ed14f4c8206e,LastVisualChange,cnn,True,cnn LastVisualChange opt cold fission webrender,,77,ms,firefox,,1711952577,2023-06-15T14:40:40,1748.0,02d601db620c1b64867202e025ce19938938a04f,1258053
autoland,3869862,13,ffaba559b8f75178eed537731f258b1129b7fe97,linux1804-64-shippable-qr,True,False,,|c|o|l|d| |f|i|s|s|i|o|n| |w|e|b|r|e|n|d|e|r|,102210fe594ee9b33d82058545b1ed14f4c8206e,LastVisualChange,cnn,True,cnn LastVisualChange opt cold fission webrender,,77,ms,firefox,,1711968130,2023-06-15T14:52:05,2128.1,c71789b596556b921a7d6ce12b4102f252631c4b,1258066
autoland,3869862,13,ffaba559b8f75178eed537731f258b1129b7fe97,linux1804-64-shippable-qr,True,False,,|c|o|l|d| |f|i|s|s|i|o|n| |w|e|b|r|e|n|d|e|r|,102210fe594ee9b33d82058545b1ed14f4c8206e,LastVisualChange,cnn,True,cnn LastVisualChange opt cold fission webrender,,77,ms,firefox,,1712366468,2023-06-15T15:04:41,2146.3,fcc729658406fdb39ee043ecc43584d2f6a0389d,1258080
autoland,3869862,13,ffaba559b8f75178eed537731f258b1129b7fe97,linux1804-64-shippable-qr,True,False,,|c|o|l|d| |f|i|s|s|i|o|n| |w|e|b|r|e|n|d|e|r|,102210fe594ee9b33d82058545b1ed14f4c8206e,LastVisualChange,cnn,True,cnn LastVisualChange opt cold fission webrender,,77,ms,firefox,,1712358021,2023-06-15T15:12:55,2134.4,c882e1bf805b7149ed08a3dc0ebf5c5d2e35f114,1258088
autoland,3869862,13,ffaba559b8f75178eed537731f258b1129b7fe97,linux1804-64-shippable-qr,True,False,,|c|o|l|d| |f|i|s|s|i|o|n| |w|e|b|r|e|n|d|e|r|,102210fe594ee9b33d82058545b1ed14f4c8206e,LastVisualChange,cnn,True,cnn LastVisualChange opt cold fission webrender,,77,ms,firefox,,1712085181,2023-06-15T17:49:05,2109.5,91738dd5bb441001f7837d0cae71c0be46925602,1258216
autoland,3869862,13,ffaba559b8f75178eed537731f258b1129b7fe97,linux1804-64-shippable-qr,True,False,,|c|o|l|d| |f|i|s|s|i|o|n| |w|e|b|r|e|n|d|e|r|,102210fe594ee9b33d82058545b1ed14f4c8206e,LastVisualChange,cnn,True,cnn LastVisualChange opt cold fission webrender,,77,ms,firefox,,1712193883,2023-06-15T20:51:19,2126.5,ba00fe639072b671be556332e4628092d64d31df,1258374
autoland,3869862,13,ffaba559b8f75178eed537731f258b1129b7fe97,linux1804-64-shippable-qr,True,False,,|c|o|l|d| |f|i|s|s|i|o|n| |w|e|b|r|e|n|d|e|r|,102210fe594ee9b33d82058545b1ed14f4c8206e,LastVisualChange,cnn,True,cnn LastVisualChange opt cold fission webrender,,77,ms,firefox,,1712300932,2023-06-16T01:17:42,2091.0,6bc2d3f9b1aaecde92c9388f00f3d564d136d00a,1258594
autoland,3869862,13,ffaba559b8f75178eed537731f258b1129b7fe97,linux1804-64-shippable-qr,True,False,,|c|o|l|d| |f|i|s|s|i|o|n| |w|e|b|r|e|n|d|e|r|,102210fe594ee9b33d82058545b1ed14f4c8206e,LastVisualChange,cnn,True,cnn LastVisualChange opt cold fission webrender,,77,ms,firefox,,1712400958,2023-06-16T06:01:05,2151.6,6a640a4dd3245b82ce97d863bf842b0cd4089ce5,1258674
autoland,3869862,13,ffaba559b8f75178eed537731f258b1129b7fe97,linux1804-64-shippable-qr,True,False,,|c|o|l|d| |f|i|s|s|i|o|n| |w|e|b|r|e|n|d|e|r|,102210fe594ee9b33d82058545b1ed14f4c8206e,LastVisualChange,cnn,True,cnn LastVisualChange opt cold fission webrender,,77,ms,firefox,,1712457921,2023-06-16T08:20:05,2111.1,34ee66e105968b161583947185cad1fcebdc6641,1258718
autoland,3869862,13,ffaba559b8f75178eed537731f258b1129b7fe97,linux1804-64-shippable-qr,True,False,,|c|o|l|d| |f|i|s|s|i|o|n| |w|e|b|r|e|n|d|e|r|,102210fe594ee9b33d82058545b1ed14f4c8206e,LastVisualChange,cnn,True,cnn LastVisualChange opt cold fission webrender,,77,ms,firefox,,1712641184,2023-06-16T12:30:26,2128.5,439d02859a2ebe8406cb74f8d6c7b148011d1658,1258826
autoland,3869862,13,ffaba559b8f75178eed537731f258b1129b7fe97,linux1804-64-shippable-qr,True,False,,|c|o|l|d| |f|i|s|s|i|o|n| |w|e|b|r|e|n|d|e|r|,102210fe594ee9b33d82058545b1ed14f4c8206e,LastVisualChange,cnn,True,cnn LastVisualChange opt cold fission webrender,,77,ms,firefox,,1712679425,2023-06-16T14:03:27,2100.6,1d8c3788eb6fa2e81d627829a32004244d0271df,1258891
autoland,3869862,13,ffaba559b8f75178eed537731f258b1129b7fe97,linux1804-64-shippable-qr,True,False,,|c|o|l|d| |f|i|s|s|i|o|n| |w|e|b|r|e|n|d|e|r|,102210fe594ee9b33d82058545b1ed14f4c8206e,LastVisualChange,cnn,True,cnn LastVisualChange opt cold fission webrender,,77,ms,firefox,,1712819442,2023-06-16T16:55:49,2101.1,e59de52b8ebea2db606a46a888a941400375fe0f,1259018
autoland,3869862,13,ffaba559b8f75178eed537731f258b1129b7fe97,linux1804-64-shippable-qr,True,False,,|c|o|l|d| |f|i|s|s|i|o|n| |w|e|b|r|e|n|d|e|r|,102210fe594ee9b33d82058545b1ed14f4c8206e,LastVisualChange,cnn,True,cnn LastVisualChange opt cold fission webrender,,77,ms,firefox,,1712937662,2023-06-16T19:50:08,2170.6,789349491e2fe15a39f350fe470db7d696989434,1259157
autoland,3869862,13,ffaba559b8f75178eed537731f258b1129b7fe97,linux1804-64-shippable-qr,True,False,,|c|o|l|d| |f|i|s|s|i|o|n| |w|e|b|r|e|n|d|e|r|,102210fe594ee9b33d82058545b1ed14f4c8206e,LastVisualChange,cnn,True,cnn LastVisualChange opt cold fission webrender,,77,ms,firefox,,1713038095,2023-06-17T00:30:00,2094.6,901b7ccc8be5e49a1b9736555af9653d46de349e,1259314
autoland,3869862,13,ffaba559b8f75178eed537731f258b1129b7fe97,linux1804-64-shippable-qr,True,False,,|c|o|l|d| |f|i|s|s|i|o|n| |w|e|b|r|e|n|d|e|r|,102210fe594ee9b33d82058545b1ed14f4c8206e,LastVisualChange,cnn,True,cnn LastVisualChange opt cold fission webrender,,77,ms,firefox,,1713210252,2023-06-17T15:38:59,2067.5,e0262ee6a9a7a642c11266a1e9cfa4bc3fbd4b3b,1259384
autoland,3869862,13,ffaba559b8f75178eed537731f258b1129b7fe97,linux1804-64-shippable-qr,True,False,,|c|o|l|d| |f|i|s|s|i|o|n| |w|e|b|r|e|n|d|e|r|,102210fe594ee9b33d82058545b1ed14f4c8206e,LastVisualChange,cnn,True,cnn LastVisualChange opt cold fission webrender,,77,ms,firefox,,1713326005,2023-06-17T23:38:11,2113.7,72d2cda2651d8fe01c8649f60e0620bc794a87fe,1259423
autoland,3869862,13,ffaba559b8f75178eed537731f258b1129b7fe97,linux1804-64-shippable-qr,True,False,,|c|o|l|d| |f|i|s|s|i|o|n| |w|e|b|r|e|n|d|e|r|,102210fe594ee9b33d82058545b1ed14f4c8206e,LastVisualChange,cnn,True,cnn LastVisualChange opt cold fission webrender,,77,ms,firefox,,1713466972,2023-06-18T11:39:33,2163.4,1634cff61cb0e270b9660ebdc234cfcf3fed2c68,1259465
autoland,3869862,13,ffaba559b8f75178eed537731f258b1129b7fe97,linux1804-64-shippable-qr,True,False,,|c|o|l|d| |f|i|s|s|i|o|n| |w|e|b|r|e|n|d|e|r|,102210fe594ee9b33d82058545b1ed14f4c8206e,LastVisualChange,cnn,True,cnn LastVisualChange opt cold fission webrender,,77,ms,firefox,,1713693599,2023-06-19T00:32:35,2091.3,1c059369d43547f90439b0a44cc76b54a0a3af97,1259516
autoland,3869862,13,ffaba559b8f75178eed537731f258b1129b7fe97,linux1804-64-shippable-qr,True,False,,|c|o|l|d| |f|i|s|s|i|o|n| |w|e|b|r|e|n|d|e|r|,102210fe594ee9b33d82058545b1ed14f4c8206e,LastVisualChange,cnn,True,cnn LastVisualChange opt cold fission webrender,,77,ms,firefox,,1713765034,2023-06-19T05:49:35,2096.9,a9e342522ebdb9602671208a06e988a285d3af18,1259544
autoland,3869862,13,ffaba559b8f75178eed537731f258b1129b7fe97,linux1804-64-shippable-qr,True,False,,|c|o|l|d| |f|i|s|s|i|o|n| |w|e|b|r|e|n|d|e|r|,102210fe594ee9b33d82058545b1ed14f4c8206e,LastVisualChange,cnn,True,cnn LastVisualChange opt cold fission webrender,,77,ms,firefox,,1713830126,2023-06-19T09:32:15,2132.8,0274a8c06c67e5ee1dccdb4e151ccf0ec70af43f,1259616
autoland,3869862,13,ffaba559b8f75178eed537731f258b1129b7fe97,linux1804-64-shippable-qr,True,False,,|c|o|l|d| |f|i|s|s|i|o|n| |w|e|b|r|e|n|d|e|r|,102210fe594ee9b33d82058545b1ed14f4c8206e,LastVisualChange,cnn,True,cnn LastVisualChange opt cold fission webrender,,77,ms,firefox,,1714474228,2023-06-19T10:54:06,2169.5,48e95e86f4c75db91d98b1e674c6fd254324b7a8,1259657
autoland,3869862,13,ffaba559b8f75178eed537731f258b1129b7fe97,linux1804-64-shippable-qr,True,False,,|c|o|l|d| |f|i|s|s|i|o|n| |w|e|b|r|e|n|d|e|r|,102210fe594ee9b33d82058545b1ed14f4c8206e,LastVisualChange,cnn,True,cnn LastVisualChange opt cold fission webrender,,77,ms,firefox,,1714489972,2023-06-19T10:57:13,2081.4,dcc8fc79cd80d8e3ace9dc6687916b9f166455be,1259660
autoland,3869862,13,ffaba559b8f75178eed537731f258b1129b7fe97,linux1804-64-shippable-qr,True,False,,|c|o|l|d| |f|i|s|s|i|o|n| |w|e|b|r|e|n|d|e|r|,102210fe594ee9b33d82058545b1ed14f4c8206e,LastVisualChange,cnn,True,cnn LastVisualChange opt cold fission webrender,,77,ms,firefox,,1714412146,2023-06-19T10:58:05,2158.5,bb1b615dd2ccf1843e88f66950b80af491bad37f,1259661
autoland,3869862,13,ffaba559b8f75178eed537731f258b1129b7fe97,linux1804-64-shippable-qr,True,False,,|c|o|l|d| |f|i|s|s|i|o|n| |w|e|b|r|e|n|d|e|r|,102210fe594ee9b33d82058545b1ed14f4c8206e,LastVisualChange,cnn,True,cnn LastVisualChange opt cold fission webrender,,77,ms,firefox,,1714433115,2023-06-19T11:22:46,2095.5,f8a8efb71935a31e7e12603b4edf86b90ef2cf4f,1259677
autoland,3869862,13,ffaba559b8f75178eed537731f258b1129b7fe97,linux1804-64-shippable-qr,True,False,,|c|o|l|d| |f|i|s|s|i|o|n| |w|e|b|r|e|n|d|e|r|,102210fe594ee9b33d82058545b1ed14f4c8206e,LastVisualChange,cnn,True,cnn LastVisualChange opt cold fission webrender,,77,ms,firefox,,1714422442,2023-06-19T12:30:04,2105.7,569ee35398db24e428d99ff22a6b9995a345395c,1259715
autoland,3869862,13,ffaba559b8f75178eed537731f258b1129b7fe97,linux1804-64-shippable-qr,True,False,,|c|o|l|d| |f|i|s|s|i|o|n| |w|e|b|r|e|n|d|e|r|,102210fe594ee9b33d82058545b1ed14f4c8206e,LastVisualChange,cnn,True,cnn LastVisualChange opt cold fission webrender,,77,ms,firefox,,1714463258,2023-06-19T12:30:52,2113.8,5f1f0f5559e239e38d683a443db7f8649327d102,1259716
autoland,3869862,13,ffaba559b8f75178eed537731f258b1129b7fe97,linux1804-64-shippable-qr,True,False,,|c|o|l|d| |f|i|s|s|i|o|n| |w|e|b|r|e|n|d|e|r|,102210fe594ee9b33d82058545b1ed14f4c8206e,LastVisualChange,cnn,True,cnn LastVisualChange opt cold fission webrender,,77,ms,firefox,,1713978120,2023-06-19T13:01:53,2115.9,89c8bf4e9209c0c4b1eb87efab68e96d6dbf8145,1259739
autoland,3869862,13,ffaba559b8f75178eed537731f258b1129b7fe97,linux1804-64-shippable-qr,True,False,,|c|o|l|d| |f|i|s|s|i|o|n| |w|e|b|r|e|n|d|e|r|,102210fe594ee9b33d82058545b1ed14f4c8206e,LastVisualChange,cnn,True,cnn LastVisualChange opt cold fission webrender,,77,ms,firefox,,1714459986,2023-06-19T13:09:57,2109.6,7d4649658fedcc49e21d5f950f279ff9e9e9e03f,1259747
autoland,3869862,13,ffaba559b8f75178eed537731f258b1129b7fe97,linux1804-64-shippable-qr,True,False,,|c|o|l|d| |f|i|s|s|i|o|n| |w|e|b|r|e|n|d|e|r|,102210fe594ee9b33d82058545b1ed14f4c8206e,LastVisualChange,cnn,True,cnn LastVisualChange opt cold fission webrender,,77,ms,firefox,,1714500346,2023-06-19T13:22:58,2106.7,ea38c77ffb12688592d8addb11d0b54e467e7547,1259760
autoland,3869862,13,ffaba559b8f75178eed537731f258b1129b7fe97,linux1804-64-shippable-qr,True,False,,|c|o|l|d| |f|i|s|s|i|o|n| |w|e|b|r|e|n|d|e|r|,102210fe594ee9b33d82058545b1ed14f4c8206e,LastVisualChange,cnn,True,cnn LastVisualChange opt cold fission webrender,,77,ms,firefox,,1714061475,2023-06-19T16:21:16,2084.6,9ecde3181716f5d8ad265d976575224cc04b2887,1259851
autoland,3869862,13,ffaba559b8f75178eed537731f258b1129b7fe97,linux1804-64-shippable-qr,True,False,,|c|o|l|d| |f|i|s|s|i|o|n| |w|e|b|r|e|n|d|e|r|,102210fe594ee9b33d82058545b1ed14f4c8206e,LastVisualChange,cnn,True,cnn LastVisualChange opt cold fission webrender,,77,ms,firefox,,1714403020,2023-06-19T16:50:43,2148.4,521a8641a60a464e937d010be64f785f88808019,1259866
autoland,3869862,13,ffaba559b8f75178eed537731f258b1129b7fe97,linux1804-64-shippable-qr,True,False,,|c|o|l|d| |f|i|s|s|i|o|n| |w|e|b|r|e|n|d|e|r|,102210fe594ee9b33d82058545b1ed14f4c8206e,LastVisualChange,cnn,True,cnn LastVisualChange opt cold fission webrender,,77,ms,firefox,,1714355972,2023-06-19T16:52:27,2126.1,58b351a155c80d33d20f09d5854fd88f2b967464,1259868
autoland,3869862,13,ffaba559b8f75178eed537731f258b1129b7fe97,linux1804-64-shippable-qr,True,False,,|c|o|l|d| |f|i|s|s|i|o|n| |w|e|b|r|e|n|d|e|r|,102210fe594ee9b33d82058545b1ed14f4c8206e,LastVisualChange,cnn,True,cnn LastVisualChange opt cold fission webrender,,77,ms,firefox,,1714358189,2023-06-19T17:24:35,2120.0,365aa505cf55da4d91335bc3d2d02e1be46eb4c4,1259880
autoland,3869862,13,ffaba559b8f75178eed537731f258b1129b7fe97,linux1804-64-shippable-qr,True,False,,|c|o|l|d| |f|i|s|s|i|o|n| |w|e|b|r|e|n|d|e|r|,102210fe594ee9b33d82058545b1ed14f4c8206e,LastVisualChange,cnn,True,cnn LastVisualChange opt cold fission webrender,,77,ms,firefox,,1714446083,2023-06-19T17:28:51,2109.2,f7f17f9392c5b051c786828c0a61160f0f066291,1259884
autoland,3869862,13,ffaba559b8f75178eed537731f258b1129b7fe97,linux1804-64-shippable-qr,True,False,,|c|o|l|d| |f|i|s|s|i|o|n| |w|e|b|r|e|n|d|e|r|,102210fe594ee9b33d82058545b1ed14f4c8206e,LastVisualChange,cnn,True,cnn LastVisualChange opt cold fission webrender,,77,ms,firefox,,1714337000,2023-06-19T17:29:47,2121.6,08f12e7fa5f04d9acf47a841046c192b3b6b9b71,1259885
autoland,3869862,13,ffaba559b8f75178eed537731f258b1129b7fe97,linux1804-64-shippable-qr,True,False,,|c|o|l|d| |f|i|s|s|i|o|n| |w|e|b|r|e|n|d|e|r|,102210fe594ee9b33d82058545b1ed14f4c8206e,LastVisualChange,cnn,True,cnn LastVisualChange opt cold fission webrender,,77,ms,firefox,,1714479422,2023-06-19T17:46:12,2083.3,b040fff76ed7ecee270c125c9c3229c5e9ee1ff0,1259890
autoland,3869862,13,ffaba559b8f75178eed537731f258b1129b7fe97,linux1804-64-shippable-qr,True,False,,|c|o|l|d| |f|i|s|s|i|o|n| |w|e|b|r|e|n|d|e|r|,102210fe594ee9b33d82058545b1ed14f4c8206e,LastVisualChange,cnn,True,cnn LastVisualChange opt cold fission webrender,,77,ms,firefox,,1714386577,2023-06-19T18:37:51,2091.6,5f266371028f0ed5fe633f259a012880a2a6df89,1259913
autoland,3869862,13,ffaba559b8f75178eed537731f258b1129b7fe97,linux1804-64-shippable-qr,True,False,,|c|o|l|d| |f|i|s|s|i|o|n| |w|e|b|r|e|n|d|e|r|,102210fe594ee9b33d82058545b1ed14f4c8206e,LastVisualChange,cnn,True,cnn LastVisualChange opt cold fission webrender,,77,ms,firefox,,1714301600,2023-06-19T18:48:22,2117.1,03a00f2c2bc451f4edbf350398a03d2342d68101,1259919
autoland,3869862,13,ffaba559b8f75178eed537731f258b1129b7fe97,linux1804-64-shippable-qr,True,False,,|c|o|l|d| |f|i|s|s|i|o|n| |w|e|b|r|e|n|d|e|r|,102210fe594ee9b33d82058545b1ed14f4c8206e,LastVisualChange,cnn,True,cnn LastVisualChange opt cold fission webrender,,77,ms,firefox,,1714114563,2023-06-19T19:03:14,2086.6,e06365982ef6b00590cb160ebe9f4978558d1052,1259928
autoland,3869862,13,ffaba559b8f75178eed537731f258b1129b7fe97,linux1804-64-shippable-qr,True,False,,|c|o|l|d| |f|i|s|s|i|o|n| |w|e|b|r|e|n|d|e|r|,102210fe594ee9b33d82058545b1ed14f4c8206e,LastVisualChange,cnn,True,cnn LastVisualChange opt cold fission webrender,,77,ms,firefox,,1714206737,2023-06-19T23:03:46,2102.2,edef1940a6bd4d95b235e43b1cada493f561f78a,1260042
autoland,3869862,13,ffaba559b8f75178eed537731f258b1129b7fe97,linux1804-64-shippable-qr,True,False,,|c|o|l|d| |f|i|s|s|i|o|n| |w|e|b|r|e|n|d|e|r|,102210fe594ee9b33d82058545b1ed14f4c8206e,LastVisualChange,cnn,True,cnn LastVisualChange opt cold fission webrender,,77,ms,firefox,,1714380777,2023-06-20T04:00:20,2097.4,a4b679a79f2fa00877013dfcc1a886078d728328,1260102
autoland,3869862,13,ffaba559b8f75178eed537731f258b1129b7fe97,linux1804-64-shippable-qr,True,False,,|c|o|l|d| |f|i|s|s|i|o|n| |w|e|b|r|e|n|d|e|r|,102210fe594ee9b33d82058545b1ed14f4c8206e,LastVisualChange,cnn,True,cnn LastVisualChange opt cold fission webrender,,77,ms,firefox,,1714531674,2023-06-20T05:17:25,2112.8,ce5a84713c8b968709940f18f143d251da4fcb83,1260124
autoland,3869862,13,ffaba559b8f75178eed537731f258b1129b7fe97,linux1804-64-shippable-qr,True,False,,|c|o|l|d| |f|i|s|s|i|o|n| |w|e|b|r|e|n|d|e|r|,102210fe594ee9b33d82058545b1ed14f4c8206e,LastVisualChange,cnn,True,cnn LastVisualChange opt cold fission webrender,,77,ms,firefox,,1714561125,2023-06-20T09:18:46,2097.7,caf02cdd31992e89c9bd81c5ec4d391070651f3a,1260213
autoland,3869862,13,ffaba559b8f75178eed537731f258b1129b7fe97,linux1804-64-shippable-qr,True,False,,|c|o|l|d| |f|i|s|s|i|o|n| |w|e|b|r|e|n|d|e|r|,102210fe594ee9b33d82058545b1ed14f4c8206e,LastVisualChange,cnn,True,cnn LastVisualChange opt cold fission webrender,,77,ms,firefox,,1714692722,2023-06-20T12:29:52,2113.3,5ade2b37847325019878bde832493c342759d7eb,1260284
autoland,3869862,13,ffaba559b8f75178eed537731f258b1129b7fe97,linux1804-64-shippable-qr,True,False,,|c|o|l|d| |f|i|s|s|i|o|n| |w|e|b|r|e|n|d|e|r|,102210fe594ee9b33d82058545b1ed14f4c8206e,LastVisualChange,cnn,True,cnn LastVisualChange opt cold fission webrender,,77,ms,firefox,,1715377018,2023-06-20T13:16:23,2132.1,2a357dfcda5c76e2730168adf7715a8b0fe64909,1260318
autoland,3869862,13,ffaba559b8f75178eed537731f258b1129b7fe97,linux1804-64-shippable-qr,True,False,,|c|o|l|d| |f|i|s|s|i|o|n| |w|e|b|r|e|n|d|e|r|,102210fe594ee9b33d82058545b1ed14f4c8206e,LastVisualChange,cnn,True,cnn LastVisualChange opt cold fission webrender,,77,ms,firefox,,1715345001,2023-06-20T13:20:46,2144.0,45dc6efe7f01341ff7dbed8e768ddd2f1c6c20c5,1260323
autoland,3869862,13,ffaba559b8f75178eed537731f258b1129b7fe97,linux1804-64-shippable-qr,True,False,,|c|o|l|d| |f|i|s|s|i|o|n| |w|e|b|r|e|n|d|e|r|,102210fe594ee9b33d82058545b1ed14f4c8206e,LastVisualChange,cnn,True,cnn LastVisualChange opt cold fission webrender,,77,ms,firefox,,1715364907,2023-06-20T13:42:49,2107.6,24de8014b48f55b1c907f6c3e01fd4d2a9dde27e,1260341
autoland,3869862,13,ffaba559b8f75178eed537731f258b1129b7fe97,linux1804-64-shippable-qr,True,False,,|c|o|l|d| |f|i|s|s|i|o|n| |w|e|b|r|e|n|d|e|r|,102210fe594ee9b33d82058545b1ed14f4c8206e,LastVisualChange,cnn,True,cnn LastVisualChange opt cold fission webrender,,77,ms,firefox,,1714878055,2023-06-20T16:34:00,2083.1,1877c1e6db6f8a23c52ab9238c7f62d0b696f0ce,1260512
autoland,3869862,13,ffaba559b8f75178eed537731f258b1129b7fe97,linux1804-64-shippable-qr,True,False,,|c|o|l|d| |f|i|s|s|i|o|n| |w|e|b|r|e|n|d|e|r|,102210fe594ee9b33d82058545b1ed14f4c8206e,LastVisualChange,cnn,True,cnn LastVisualChange opt cold fission webrender,,77,ms,firefox,,1714975380,2023-06-20T16:35:53,2143.6,2ad5c2418b372960126440af5aa568104de3bfb8,1260515
autoland,3869862,13,ffaba559b8f75178eed537731f258b1129b7fe97,linux1804-64-shippable-qr,True,False,,|c|o|l|d| |f|i|s|s|i|o|n| |w|e|b|r|e|n|d|e|r|,102210fe594ee9b33d82058545b1ed14f4c8206e,LastVisualChange,cnn,True,cnn LastVisualChange opt cold fission webrender,,77,ms,firefox,,1715255236,2023-06-21T00:51:29,2083.0,143aa1574b8d50e4d2ddd1a2826b25a8418f13c1,1260862
autoland,3869862,13,ffaba559b8f75178eed537731f258b1129b7fe97,linux1804-64-shippable-qr,True,False,,|c|o|l|d| |f|i|s|s|i|o|n| |w|e|b|r|e|n|d|e|r|,102210fe594ee9b33d82058545b1ed14f4c8206e,LastVisualChange,cnn,True,cnn LastVisualChange opt cold fission webrender,,77,ms,firefox,,1715306273,2023-06-21T02:28:11,2122.0,7bdf45ed2f6b565e69fdbc44285af78de3271a4e,1260905
autoland,3869862,13,ffaba559b8f75178eed537731f258b1129b7fe97,linux1804-64-shippable-qr,True,False,,|c|o|l|d| |f|i|s|s|i|o|n| |w|e|b|r|e|n|d|e|r|,102210fe594ee9b33d82058545b1ed14f4c8206e,LastVisualChange,cnn,True,cnn LastVisualChange opt cold fission webrender,,77,ms,firefox,,1715408952,2023-06-21T06:55:17,2173.4,8a382f0bd3211346516d54c647d157320335a806,1260969
autoland,3869862,13,ffaba559b8f75178eed537731f258b1129b7fe97,linux1804-64-shippable-qr,True,False,,|c|o|l|d| |f|i|s|s|i|o|n| |w|e|b|r|e|n|d|e|r|,102210fe594ee9b33d82058545b1ed14f4c8206e,LastVisualChange,cnn,True,cnn LastVisualChange opt cold fission webrender,,77,ms,firefox,,1715435047,2023-06-21T07:34:24,2153.7,4c90403735bebf09d72af91e99745cfcbbae2a35,1260998
autoland,3869862,13,ffaba559b8f75178eed537731f258b1129b7fe97,linux1804-64-shippable-qr,True,False,,|c|o|l|d| |f|i|s|s|i|o|n| |w|e|b|r|e|n|d|e|r|,102210fe594ee9b33d82058545b1ed14f4c8206e,LastVisualChange,cnn,True,cnn LastVisualChange opt cold fission webrender,,77,ms,firefox,,1715615116,2023-06-21T12:20:35,2093.1,14edc9bcbe5615f748cdb086881c6b983aedf04d,1261182
autoland,3869862,13,ffaba559b8f75178eed537731f258b1129b7fe97,linux1804-64-shippable-qr,True,False,,|c|o|l|d| |f|i|s|s|i|o|n| |w|e|b|r|e|n|d|e|r|,102210fe594ee9b33d82058545b1ed14f4c8206e,LastVisualChange,cnn,True,cnn LastVisualChange opt cold fission webrender,,77,ms,firefox,,1715637093,2023-06-21T12:59:17,2172.9,b94f3d418f54f964368486a65cd5d15e828867db,1261207
autoland,3869862,13,ffaba559b8f75178eed537731f258b1129b7fe97,linux1804-64-shippable-qr,True,False,,|c|o|l|d| |f|i|s|s|i|o|n| |w|e|b|r|e|n|d|e|r|,102210fe594ee9b33d82058545b1ed14f4c8206e,LastVisualChange,cnn,True,cnn LastVisualChange opt cold fission webrender,,77,ms,firefox,,1715721926,2023-06-21T16:33:07,2094.7,702dc0aa87a8c3e4929277c1dc8220a7dd72418f,1261278
autoland,3869862,13,ffaba559b8f75178eed537731f258b1129b7fe97,linux1804-64-shippable-qr,True,False,,|c|o|l|d| |f|i|s|s|i|o|n| |w|e|b|r|e|n|d|e|r|,102210fe594ee9b33d82058545b1ed14f4c8206e,LastVisualChange,cnn,True,cnn LastVisualChange opt cold fission webrender,,77,ms,firefox,,1715914994,2023-06-21T20:43:57,2084.9,78880280c2765ec0520ece3184fc8fdbac5b5356,1261541
autoland,3869862,13,ffaba559b8f75178eed537731f258b1129b7fe97,linux1804-64-shippable-qr,True,False,,|c|o|l|d| |f|i|s|s|i|o|n| |w|e|b|r|e|n|d|e|r|,102210fe594ee9b33d82058545b1ed14f4c8206e,LastVisualChange,cnn,True,cnn LastVisualChange opt cold fission webrender,,77,ms,firefox,,1716009372,2023-06-22T00:43:42,2133.1,109834499ca10a69681c6868a23ec828dcf160cf,1261782
autoland,3869862,13,ffaba559b8f75178eed537731f258b1129b7fe97,linux1804-64-shippable-qr,True,False,,|c|o|l|d| |f|i|s|s|i|o|n| |w|e|b|r|e|n|d|e|r|,102210fe594ee9b33d82058545b1ed14f4c8206e,LastVisualChange,cnn,True,cnn LastVisualChange opt cold fission webrender,,77,ms,firefox,,1716075762,2023-06-22T05:48:27,2117.6,57884604206ce9bb39718006eac660e6e32e5044,1261863
autoland,3869862,13,ffaba559b8f75178eed537731f258b1129b7fe97,linux1804-64-shippable-qr,True,False,,|c|o|l|d| |f|i|s|s|i|o|n| |w|e|b|r|e|n|d|e|r|,102210fe594ee9b33d82058545b1ed14f4c8206e,LastVisualChange,cnn,True,cnn LastVisualChange opt cold fission webrender,,77,ms,firefox,,1716105188,2023-06-22T07:29:35,2136.1,45769d7ff3c64d7abfcfedd8f05bb7dcb442270c,1261886
autoland,3869862,13,ffaba559b8f75178eed537731f258b1129b7fe97,linux1804-64-shippable-qr,True,False,,|c|o|l|d| |f|i|s|s|i|o|n| |w|e|b|r|e|n|d|e|r|,102210fe594ee9b33d82058545b1ed14f4c8206e,LastVisualChange,cnn,True,cnn LastVisualChange opt cold fission webrender,,77,ms,firefox,,1716219185,2023-06-22T11:39:08,2081.9,3d85ee9f4f736ebc38b26fed33c8681bb512aa92,1262053
autoland,3869862,13,ffaba559b8f75178eed537731f258b1129b7fe97,linux1804-64-shippable-qr,True,False,,|c|o|l|d| |f|i|s|s|i|o|n| |w|e|b|r|e|n|d|e|r|,102210fe594ee9b33d82058545b1ed14f4c8206e,LastVisualChange,cnn,True,cnn LastVisualChange opt cold fission webrender,,77,ms,firefox,,1716358476,2023-06-22T14:41:02,2092.3,b9e51e69d0451a93822b61cc15d72666124f02dd,1262179
autoland,3869862,13,ffaba559b8f75178eed537731f258b1129b7fe97,linux1804-64-shippable-qr,True,False,,|c|o|l|d| |f|i|s|s|i|o|n| |w|e|b|r|e|n|d|e|r|,102210fe594ee9b33d82058545b1ed14f4c8206e,LastVisualChange,cnn,True,cnn LastVisualChange opt cold fission webrender,,77,ms,firefox,,1716730431,2023-06-22T16:17:16,2112.8,3ca20b10728e84a6990e718a045dff56cc971095,1262281
autoland,3869862,13,ffaba559b8f75178eed537731f258b1129b7fe97,linux1804-64-shippable-qr,True,False,,|c|o|l|d| |f|i|s|s|i|o|n| |w|e|b|r|e|n|d|e|r|,102210fe594ee9b33d82058545b1ed14f4c8206e,LastVisualChange,cnn,True,cnn LastVisualChange opt cold fission webrender,,77,ms,firefox,,1716740273,2023-06-22T16:18:05,2102.6,8319e8c25b28a1b598027e583d0b98267a83df3b,1262282
autoland,3869862,13,ffaba559b8f75178eed537731f258b1129b7fe97,linux1804-64-shippable-qr,True,False,,|c|o|l|d| |f|i|s|s|i|o|n| |w|e|b|r|e|n|d|e|r|,102210fe594ee9b33d82058545b1ed14f4c8206e,LastVisualChange,cnn,True,cnn LastVisualChange opt cold fission webrender,,77,ms,firefox,,1716712474,2023-06-22T16:44:55,2134.6,ab974ebe59e520c7ccfb29a7f17742be7ae4f5e8,1262293
autoland,3869862,13,ffaba559b8f75178eed537731f258b1129b7fe97,linux1804-64-shippable-qr,True,False,,|c|o|l|d| |f|i|s|s|i|o|n| |w|e|b|r|e|n|d|e|r|,102210fe594ee9b33d82058545b1ed14f4c8206e,LastVisualChange,cnn,True,cnn LastVisualChange opt cold fission webrender,,77,ms,firefox,,1716717414,2023-06-22T17:07:52,2097.5,3a16cb4731cdb6baad2db46ddec526fadb078136,1262300
autoland,3869862,13,ffaba559b8f75178eed537731f258b1129b7fe97,linux1804-64-shippable-qr,True,False,,|c|o|l|d| |f|i|s|s|i|o|n| |w|e|b|r|e|n|d|e|r|,102210fe594ee9b33d82058545b1ed14f4c8206e,LastVisualChange,cnn,True,cnn LastVisualChange opt cold fission webrender,,77,ms,firefox,,1716443577,2023-06-22T18:48:21,2136.8,9a98c67180c5914db4ca78d4fc36d6d0721d24a9,1262325
autoland,3869862,13,ffaba559b8f75178eed537731f258b1129b7fe97,linux1804-64-shippable-qr,True,False,,|c|o|l|d| |f|i|s|s|i|o|n| |w|e|b|r|e|n|d|e|r|,102210fe594ee9b33d82058545b1ed14f4c8206e,LastVisualChange,cnn,True,cnn LastVisualChange opt cold fission webrender,,77,ms,firefox,,1716459971,2023-06-22T19:02:55,2120.0,4b261191412d4972eaab59ddb358f2eef865280d,1262337
autoland,3869862,13,ffaba559b8f75178eed537731f258b1129b7fe97,linux1804-64-shippable-qr,True,False,,|c|o|l|d| |f|i|s|s|i|o|n| |w|e|b|r|e|n|d|e|r|,102210fe594ee9b33d82058545b1ed14f4c8206e,LastVisualChange,cnn,True,cnn LastVisualChange opt cold fission webrender,,77,ms,firefox,,1716565043,2023-06-22T22:58:49,2132.3,ec702239c313d37f8ee8d6b4d9b78aba8d4b6580,1262495
autoland,3869862,13,ffaba559b8f75178eed537731f258b1129b7fe97,linux1804-64-shippable-qr,True,False,,|c|o|l|d| |f|i|s|s|i|o|n| |w|e|b|r|e|n|d|e|r|,102210fe594ee9b33d82058545b1ed14f4c8206e,LastVisualChange,cnn,True,cnn LastVisualChange opt cold fission webrender,,77,ms,firefox,,1716688114,2023-06-23T03:22:10,2137.4,a9c0bee966a1e0b10528a9b41b3dcea34ee95b83,1262648
autoland,3869862,13,ffaba559b8f75178eed537731f258b1129b7fe97,linux1804-64-shippable-qr,True,False,,|c|o|l|d| |f|i|s|s|i|o|n| |w|e|b|r|e|n|d|e|r|,102210fe594ee9b33d82058545b1ed14f4c8206e,LastVisualChange,cnn,True,cnn LastVisualChange opt cold fission webrender,,77,ms,firefox,,1716833598,2023-06-23T06:38:21,2105.0,e6ebe768e49bf43fc6465b297a817d1e4994af82,1262712
autoland,3869862,13,ffaba559b8f75178eed537731f258b1129b7fe97,linux1804-64-shippable-qr,True,False,,|c|o|l|d| |f|i|s|s|i|o|n| |w|e|b|r|e|n|d|e|r|,102210fe594ee9b33d82058545b1ed14f4c8206e,LastVisualChange,cnn,True,cnn LastVisualChange opt cold fission webrender,,77,ms,firefox,,1717003105,2023-06-23T10:04:46,2140.8,bd328e6b49f984c8a1b8e2e0e0b2194267d023ac,1262825
autoland,3869862,13,ffaba559b8f75178eed537731f258b1129b7fe97,linux1804-64-shippable-qr,True,False,,|c|o|l|d| |f|i|s|s|i|o|n| |w|e|b|r|e|n|d|e|r|,102210fe594ee9b33d82058545b1ed14f4c8206e,LastVisualChange,cnn,True,cnn LastVisualChange opt cold fission webrender,,77,ms,firefox,,1717060502,2023-06-23T14:10:04,2141.2,21d4902198ae482d7fd52735881f90fb09ffaa07,1262960
autoland,3869862,13,ffaba559b8f75178eed537731f258b1129b7fe97,linux1804-64-shippable-qr,True,False,,|c|o|l|d| |f|i|s|s|i|o|n| |w|e|b|r|e|n|d|e|r|,102210fe594ee9b33d82058545b1ed14f4c8206e,LastVisualChange,cnn,True,cnn LastVisualChange opt cold fission webrender,,77,ms,firefox,,1717074088,2023-06-23T14:24:51,2088.3,801ba619d741b520231e6a0791457e7b44bef641,1262973
autoland,3869862,13,ffaba559b8f75178eed537731f258b1129b7fe97,linux1804-64-shippable-qr,True,False,,|c|o|l|d| |f|i|s|s|i|o|n| |w|e|b|r|e|n|d|e|r|,102210fe594ee9b33d82058545b1ed14f4c8206e,LastVisualChange,cnn,True,cnn LastVisualChange opt cold fission webrender,,77,ms,firefox,,1717170133,2023-06-23T18:49:22,2097.9,efb1631077da0ef473b1fe37d64cd6f652c34f37,1263094
autoland,3869862,13,ffaba559b8f75178eed537731f258b1129b7fe97,linux1804-64-shippable-qr,True,False,,|c|o|l|d| |f|i|s|s|i|o|n| |w|e|b|r|e|n|d|e|r|,102210fe594ee9b33d82058545b1ed14f4c8206e,LastVisualChange,cnn,True,cnn LastVisualChange opt cold fission webrender,,77,ms,firefox,,1717198830,2023-06-23T19:29:51,2085.2,3cfaf216653a2de7529a3bc74907ea4fecc21912,1263108
autoland,3869862,13,ffaba559b8f75178eed537731f258b1129b7fe97,linux1804-64-shippable-qr,True,False,,|c|o|l|d| |f|i|s|s|i|o|n| |w|e|b|r|e|n|d|e|r|,102210fe594ee9b33d82058545b1ed14f4c8206e,LastVisualChange,cnn,True,cnn LastVisualChange opt cold fission webrender,,77,ms,firefox,,1717251682,2023-06-23T23:33:35,2123.9,45c221c4d7560f0ab2b6f7c4d113e2f96d73e994,1263150
autoland,3869862,13,ffaba559b8f75178eed537731f258b1129b7fe97,linux1804-64-shippable-qr,True,False,,|c|o|l|d| |f|i|s|s|i|o|n| |w|e|b|r|e|n|d|e|r|,102210fe594ee9b33d82058545b1ed14f4c8206e,LastVisualChange,cnn,True,cnn LastVisualChange opt cold fission webrender,,77,ms,firefox,,1717375302,2023-06-24T17:55:21,2092.1,31d5ffaf0b16a722c89e3bc6043d1a6dd2df4f59,1263267
autoland,3869862,13,ffaba559b8f75178eed537731f258b1129b7fe97,linux1804-64-shippable-qr,True,False,,|c|o|l|d| |f|i|s|s|i|o|n| |w|e|b|r|e|n|d|e|r|,102210fe594ee9b33d82058545b1ed14f4c8206e,LastVisualChange,cnn,True,cnn LastVisualChange opt cold fission webrender,,77,ms,firefox,,1717492656,2023-06-25T11:25:42,2125.2,a529a3830f684519fc2c2ffb6fbe1b1e77930e71,1263317
autoland,3869862,13,ffaba559b8f75178eed537731f258b1129b7fe97,linux1804-64-shippable-qr,True,False,,|c|o|l|d| |f|i|s|s|i|o|n| |w|e|b|r|e|n|d|e|r|,102210fe594ee9b33d82058545b1ed14f4c8206e,LastVisualChange,cnn,True,cnn LastVisualChange opt cold fission webrender,,77,ms,firefox,,1717620029,2023-06-26T01:53:17,2098.4,391b29854d65124c758af8d7a7765b53ec46b9bf,1263401
autoland,3869862,13,ffaba559b8f75178eed537731f258b1129b7fe97,linux1804-64-shippable-qr,True,False,,|c|o|l|d| |f|i|s|s|i|o|n| |w|e|b|r|e|n|d|e|r|,102210fe594ee9b33d82058545b1ed14f4c8206e,LastVisualChange,cnn,True,cnn LastVisualChange opt cold fission webrender,,77,ms,firefox,,1717712972,2023-06-26T08:39:50,2078.4,b8784b3350a10d9ba119e133ba1afe2fa2862b64,1263470
autoland,3869862,13,ffaba559b8f75178eed537731f258b1129b7fe97,linux1804-64-shippable-qr,True,False,,|c|o|l|d| |f|i|s|s|i|o|n| |w|e|b|r|e|n|d|e|r|,102210fe594ee9b33d82058545b1ed14f4c8206e,LastVisualChange,cnn,True,cnn LastVisualChange opt cold fission webrender,,77,ms,firefox,,1717816972,2023-06-26T12:15:47,2110.6,147bbf0910da38bd103a6cac5b77bca042225107,1263599
autoland,3869862,13,ffaba559b8f75178eed537731f258b1129b7fe97,linux1804-64-shippable-qr,True,False,,|c|o|l|d| |f|i|s|s|i|o|n| |w|e|b|r|e|n|d|e|r|,102210fe594ee9b33d82058545b1ed14f4c8206e,LastVisualChange,cnn,True,cnn LastVisualChange opt cold fission webrender,,77,ms,firefox,,1718351458,2023-06-26T12:52:40,2146.5,0df3bf668e3f51bd027ba30815ee883bb23a0b77,1263636
autoland,3869862,13,ffaba559b8f75178eed537731f258b1129b7fe97,linux1804-64-shippable-qr,True,False,,|c|o|l|d| |f|i|s|s|i|o|n| |w|e|b|r|e|n|d|e|r|,102210fe594ee9b33d82058545b1ed14f4c8206e,LastVisualChange,cnn,True,cnn LastVisualChange opt cold fission webrender,,77,ms,firefox,,1718359372,2023-06-26T13:02:45,2078.2,b6233acd02848323203feb0864cfc994aaa0f4f3,1263648
autoland,3869862,13,ffaba559b8f75178eed537731f258b1129b7fe97,linux1804-64-shippable-qr,True,False,,|c|o|l|d| |f|i|s|s|i|o|n| |w|e|b|r|e|n|d|e|r|,102210fe594ee9b33d82058545b1ed14f4c8206e,LastVisualChange,cnn,True,cnn LastVisualChange opt cold fission webrender,,77,ms,firefox,,1717914439,2023-06-26T15:17:27,2104.5,a9a1430953c45602083b397b0d0bb8e55a69fa46,1263769
autoland,3869862,13,ffaba559b8f75178eed537731f258b1129b7fe97,linux1804-64-shippable-qr,True,False,,|c|o|l|d| |f|i|s|s|i|o|n| |w|e|b|r|e|n|d|e|r|,102210fe594ee9b33d82058545b1ed14f4c8206e,LastVisualChange,cnn,True,cnn LastVisualChange opt cold fission webrender,,77,ms,firefox,,1718080813,2023-06-26T19:17:54,2099.7,43533d1489bc82330991d4cbac2d5b8e704b7558,1263990
autoland,3869862,13,ffaba559b8f75178eed537731f258b1129b7fe97,linux1804-64-shippable-qr,True,False,,|c|o|l|d| |f|i|s|s|i|o|n| |w|e|b|r|e|n|d|e|r|,102210fe594ee9b33d82058545b1ed14f4c8206e,LastVisualChange,cnn,True,cnn LastVisualChange opt cold fission webrender,,77,ms,firefox,,1718239671,2023-06-26T23:32:18,2083.4,4bdb9438b18b4b7ad15d5f4f62fd67cad4308d62,1264157
autoland,3869862,13,ffaba559b8f75178eed537731f258b1129b7fe97,linux1804-64-shippable-qr,True,False,,|c|o|l|d| |f|i|s|s|i|o|n| |w|e|b|r|e|n|d|e|r|,102210fe594ee9b33d82058545b1ed14f4c8206e,LastVisualChange,cnn,True,cnn LastVisualChange opt cold fission webrender,,77,ms,firefox,,1718246877,2023-06-26T23:58:56,2183.8,b34d04613ffa3abda9bcdd07fc5185a34cdc407b,1264185
autoland,3869862,13,ffaba559b8f75178eed537731f258b1129b7fe97,linux1804-64-shippable-qr,True,False,,|c|o|l|d| |f|i|s|s|i|o|n| |w|e|b|r|e|n|d|e|r|,102210fe594ee9b33d82058545b1ed14f4c8206e,LastVisualChange,cnn,True,cnn LastVisualChange opt cold fission webrender,,77,ms,firefox,,1718332174,2023-06-27T04:20:21,2104.3,e0d8554167a0aad02af68198462e91dd05958593,1264240
autoland,3869862,13,ffaba559b8f75178eed537731f258b1129b7fe97,linux1804-64-shippable-qr,True,False,,|c|o|l|d| |f|i|s|s|i|o|n| |w|e|b|r|e|n|d|e|r|,102210fe594ee9b33d82058545b1ed14f4c8206e,LastVisualChange,cnn,True,cnn LastVisualChange opt cold fission webrender,,77,ms,firefox,,1718410358,2023-06-27T07:09:08,2110.1,e963fffcb3a0375f0c08e6c62d4300cbf79fba0b,1264287
autoland,3869862,13,ffaba559b8f75178eed537731f258b1129b7fe97,linux1804-64-shippable-qr,True,False,,|c|o|l|d| |f|i|s|s|i|o|n| |w|e|b|r|e|n|d|e|r|,102210fe594ee9b33d82058545b1ed14f4c8206e,LastVisualChange,cnn,True,cnn LastVisualChange opt cold fission webrender,,77,ms,firefox,,1718515425,2023-06-27T11:13:52,2108.6,96efb14c1b2e225253f22aae7b217fdd48b4cb9f,1264423
autoland,3869862,13,ffaba559b8f75178eed537731f258b1129b7fe97,linux1804-64-shippable-qr,True,False,,|c|o|l|d| |f|i|s|s|i|o|n| |w|e|b|r|e|n|d|e|r|,102210fe594ee9b33d82058545b1ed14f4c8206e,LastVisualChange,cnn,True,cnn LastVisualChange opt cold fission webrender,,77,ms,firefox,,1718613745,2023-06-27T15:57:28,2083.3,c041b113d5acbf06ba2e6161d9a1ef4fa5b3636b,1264575
autoland,3869862,13,ffaba559b8f75178eed537731f258b1129b7fe97,linux1804-64-shippable-qr,True,False,,|c|o|l|d| |f|i|s|s|i|o|n| |w|e|b|r|e|n|d|e|r|,102210fe594ee9b33d82058545b1ed14f4c8206e,LastVisualChange,cnn,True,cnn LastVisualChange opt cold fission webrender,,77,ms,firefox,,1718624592,2023-06-27T16:17:01,2159.2,da38525a017e6dd411f2c2ccd84d286d86bdad8d,1264584
autoland,3869862,13,ffaba559b8f75178eed537731f258b1129b7fe97,linux1804-64-shippable-qr,True,False,,|c|o|l|d| |f|i|s|s|i|o|n| |w|e|b|r|e|n|d|e|r|,102210fe594ee9b33d82058545b1ed14f4c8206e,LastVisualChange,cnn,True,cnn LastVisualChange opt cold fission webrender,,77,ms,firefox,,1718751208,2023-06-27T20:57:27,2123.6,80adb872a3d1e32f459e5cf3bc77e47008da925f,1264834
autoland,3869862,13,ffaba559b8f75178eed537731f258b1129b7fe97,linux1804-64-shippable-qr,True,False,,|c|o|l|d| |f|i|s|s|i|o|n| |w|e|b|r|e|n|d|e|r|,102210fe594ee9b33d82058545b1ed14f4c8206e,LastVisualChange,cnn,True,cnn LastVisualChange opt cold fission webrender,,77,ms,firefox,,1718837193,2023-06-28T00:04:05,2107.6,591e3233df273509a8c0d0ccd1cc32795ae584dc,1264952
autoland,3869862,13,ffaba559b8f75178eed537731f258b1129b7fe97,linux1804-64-shippable-qr,True,False,,|c|o|l|d| |f|i|s|s|i|o|n| |w|e|b|r|e|n|d|e|r|,102210fe594ee9b33d82058545b1ed14f4c8206e,LastVisualChange,cnn,True,cnn LastVisualChange opt cold fission webrender,,77,ms,firefox,,1718927301,2023-06-28T03:09:49,2133.6,ecb2997338f1c9a2059192ce04d01243537176b9,1265035
autoland,3869862,13,ffaba559b8f75178eed537731f258b1129b7fe97,linux1804-64-shippable-qr,True,False,,|c|o|l|d| |f|i|s|s|i|o|n| |w|e|b|r|e|n|d|e|r|,102210fe594ee9b33d82058545b1ed14f4c8206e,LastVisualChange,cnn,True,cnn LastVisualChange opt cold fission webrender,,77,ms,firefox,,1719015032,2023-06-28T07:19:30,2126.0,51b6f36ff37d4b6906ec5cab830b1e283c6f7395,1265110
autoland,3869862,13,ffaba559b8f75178eed537731f258b1129b7fe97,linux1804-64-shippable-qr,True,False,,|c|o|l|d| |f|i|s|s|i|o|n| |w|e|b|r|e|n|d|e|r|,102210fe594ee9b33d82058545b1ed14f4c8206e,LastVisualChange,cnn,True,cnn LastVisualChange opt cold fission webrender,,77,ms,firefox,,1719109610,2023-06-28T11:29:09,2130.0,3b7b3970a88459c11033effb61df89644e963bda,1265214
autoland,3869862,13,ffaba559b8f75178eed537731f258b1129b7fe97,linux1804-64-shippable-qr,True,False,,|c|o|l|d| |f|i|s|s|i|o|n| |w|e|b|r|e|n|d|e|r|,102210fe594ee9b33d82058545b1ed14f4c8206e,LastVisualChange,cnn,True,cnn LastVisualChange opt cold fission webrender,,77,ms,firefox,,1719195583,2023-06-28T14:16:43,2113.4,c20ba5651ee046629ef49efd2e49f6214c3ae520,1265309
autoland,3869862,13,ffaba559b8f75178eed537731f258b1129b7fe97,linux1804-64-shippable-qr,True,False,,|c|o|l|d| |f|i|s|s|i|o|n| |w|e|b|r|e|n|d|e|r|,102210fe594ee9b33d82058545b1ed14f4c8206e,LastVisualChange,cnn,True,cnn LastVisualChange opt cold fission webrender,,77,ms,firefox,,1719581453,2023-06-28T17:30:42,2108.5,7f8cab56aed6b18878c445b25ab157c73db33453,1265469
autoland,3869862,13,ffaba559b8f75178eed537731f258b1129b7fe97,linux1804-64-shippable-qr,True,False,,|c|o|l|d| |f|i|s|s|i|o|n| |w|e|b|r|e|n|d|e|r|,102210fe594ee9b33d82058545b1ed14f4c8206e,LastVisualChange,cnn,True,cnn LastVisualChange opt cold fission webrender,,77,ms,firefox,,1719584934,2023-06-28T17:33:37,2083.0,c5e56896abbfc645ab1dff9eba0e565d5904e98c,1265471
autoland,3869862,13,ffaba559b8f75178eed537731f258b1129b7fe97,linux1804-64-shippable-qr,True,False,,|c|o|l|d| |f|i|s|s|i|o|n| |w|e|b|r|e|n|d|e|r|,102210fe594ee9b33d82058545b1ed14f4c8206e,LastVisualChange,cnn,True,cnn LastVisualChange opt cold fission webrender,,77,ms,firefox,,1719286092,2023-06-28T17:34:48,2136.0,0df511b69760b69959818e34e07aa74a0ad7061a,1265473
autoland,3869862,13,ffaba559b8f75178eed537731f258b1129b7fe97,linux1804-64-shippable-qr,True,False,,|c|o|l|d| |f|i|s|s|i|o|n| |w|e|b|r|e|n|d|e|r|,102210fe594ee9b33d82058545b1ed14f4c8206e,LastVisualChange,cnn,True,cnn LastVisualChange opt cold fission webrender,,77,ms,firefox,,1719599980,2023-06-28T17:43:59,2131.2,3d01de27a80e9d17c671b0b47d83f082e36756e3,1265482
autoland,3869862,13,ffaba559b8f75178eed537731f258b1129b7fe97,linux1804-64-shippable-qr,True,False,,|c|o|l|d| |f|i|s|s|i|o|n| |w|e|b|r|e|n|d|e|r|,102210fe594ee9b33d82058545b1ed14f4c8206e,LastVisualChange,cnn,True,cnn LastVisualChange opt cold fission webrender,,77,ms,firefox,,1719575258,2023-06-28T17:50:41,2113.4,be8d0f74f05a50e82bab53a7bb9d6b7a447d1be3,1265490
autoland,3869862,13,ffaba559b8f75178eed537731f258b1129b7fe97,linux1804-64-shippable-qr,True,False,,|c|o|l|d| |f|i|s|s|i|o|n| |w|e|b|r|e|n|d|e|r|,102210fe594ee9b33d82058545b1ed14f4c8206e,LastVisualChange,cnn,True,cnn LastVisualChange opt cold fission webrender,,77,ms,firefox,,1719391593,2023-06-28T21:47:35,2076.7,d18ee9401610559d6724af1cf6a4ba7ca620f195,1265682
autoland,3869862,13,ffaba559b8f75178eed537731f258b1129b7fe97,linux1804-64-shippable-qr,True,False,,|c|o|l|d| |f|i|s|s|i|o|n| |w|e|b|r|e|n|d|e|r|,102210fe594ee9b33d82058545b1ed14f4c8206e,LastVisualChange,cnn,True,cnn LastVisualChange opt cold fission webrender,,77,ms,firefox,,1719514526,2023-06-29T02:28:53,2076.2,bab00f4f94d567cf8ccf12e64f4e5cccc2ab6783,1265821
autoland,3869862,13,ffaba559b8f75178eed537731f258b1129b7fe97,linux1804-64-shippable-qr,True,False,,|c|o|l|d| |f|i|s|s|i|o|n| |w|e|b|r|e|n|d|e|r|,102210fe594ee9b33d82058545b1ed14f4c8206e,LastVisualChange,cnn,True,cnn LastVisualChange opt cold fission webrender,,77,ms,firefox,,1719668329,2023-06-29T08:54:52,2453.7,046c4b8aaa8932f15825dc4decd3911bb048e7f5,1265934
autoland,3869862,13,ffaba559b8f75178eed537731f258b1129b7fe97,linux1804-64-shippable-qr,True,False,,|c|o|l|d| |f|i|s|s|i|o|n| |w|e|b|r|e|n|d|e|r|,102210fe594ee9b33d82058545b1ed14f4c8206e,LastVisualChange,cnn,True,cnn LastVisualChange opt cold fission webrender,,77,ms,firefox,,1720120194,2023-06-29T11:58:43,2122.0,538e7a34c2f4c6822b182c662f0f4cdb1e609965,1266013
autoland,3869862,13,ffaba559b8f75178eed537731f258b1129b7fe97,linux1804-64-shippable-qr,True,False,,|c|o|l|d| |f|i|s|s|i|o|n| |w|e|b|r|e|n|d|e|r|,102210fe594ee9b33d82058545b1ed14f4c8206e,LastVisualChange,cnn,True,cnn LastVisualChange opt cold fission webrender,,77,ms,firefox,,1720114104,2023-06-29T12:23:15,2167.2,729e4ffa06cf277175d86f49502ce67a383d09d2,1266022
autoland,3869862,13,ffaba559b8f75178eed537731f258b1129b7fe97,linux1804-64-shippable-qr,True,False,,|c|o|l|d| |f|i|s|s|i|o|n| |w|e|b|r|e|n|d|e|r|,102210fe594ee9b33d82058545b1ed14f4c8206e,LastVisualChange,cnn,True,cnn LastVisualChange opt cold fission webrender,,77,ms,firefox,,1719785391,2023-06-29T12:57:39,2291.9,e784085dfb507c237319c40245ef0b32ddcf82b0,1266033
autoland,3869862,13,ffaba559b8f75178eed537731f258b1129b7fe97,linux1804-64-shippable-qr,True,False,,|c|o|l|d| |f|i|s|s|i|o|n| |w|e|b|r|e|n|d|e|r|,102210fe594ee9b33d82058545b1ed14f4c8206e,LastVisualChange,cnn,True,cnn LastVisualChange opt cold fission webrender,,77,ms,firefox,,1719856536,2023-06-29T15:22:27,2278.4,573b87117fd3efdb12ffb05692f97323c07a9900,1266105
autoland,3869862,13,ffaba559b8f75178eed537731f258b1129b7fe97,linux1804-64-shippable-qr,True,False,,|c|o|l|d| |f|i|s|s|i|o|n| |w|e|b|r|e|n|d|e|r|,102210fe594ee9b33d82058545b1ed14f4c8206e,LastVisualChange,cnn,True,cnn LastVisualChange opt cold fission webrender,,77,ms,firefox,,1719946946,2023-06-29T19:36:56,2125.7,c5ac7e957828eeda97a3af6fc706f41aa567e48e,1266292
autoland,3869862,13,ffaba559b8f75178eed537731f258b1129b7fe97,linux1804-64-shippable-qr,True,False,,|c|o|l|d| |f|i|s|s|i|o|n| |w|e|b|r|e|n|d|e|r|,102210fe594ee9b33d82058545b1ed14f4c8206e,LastVisualChange,cnn,True,cnn LastVisualChange opt cold fission webrender,,77,ms,firefox,,1719966968,2023-06-29T20:41:17,2148.7,e37ddb3aa508e953837fbd08afec4a2aa6f7f5ed,1266342
autoland,3869862,13,ffaba559b8f75178eed537731f258b1129b7fe97,linux1804-64-shippable-qr,True,False,,|c|o|l|d| |f|i|s|s|i|o|n| |w|e|b|r|e|n|d|e|r|,102210fe594ee9b33d82058545b1ed14f4c8206e,LastVisualChange,cnn,True,cnn LastVisualChange opt cold fission webrender,,77,ms,firefox,,1720050091,2023-06-30T01:00:02,2088.3,e547d8e238568d790c74653068edac30240a95c5,1266447
autoland,3869862,13,ffaba559b8f75178eed537731f258b1129b7fe97,linux1804-64-shippable-qr,True,False,,|c|o|l|d| |f|i|s|s|i|o|n| |w|e|b|r|e|n|d|e|r|,102210fe594ee9b33d82058545b1ed14f4c8206e,LastVisualChange,cnn,True,cnn LastVisualChange opt cold fission webrender,,77,ms,firefox,,1720153253,2023-06-30T08:19:33,2139.3,9bc27d87fa29fd921612525cc37e24f0ec3ba76b,1266526
autoland,3869862,13,ffaba559b8f75178eed537731f258b1129b7fe97,linux1804-64-shippable-qr,True,False,,|c|o|l|d| |f|i|s|s|i|o|n| |w|e|b|r|e|n|d|e|r|,102210fe594ee9b33d82058545b1ed14f4c8206e,LastVisualChange,cnn,True,cnn LastVisualChange opt cold fission webrender,,77,ms,firefox,,1720239115,2023-06-30T13:51:38,2087.1,0abcd848f8218f0e2d339bbd497ac60f4a3b752c,1266633
autoland,3869862,13,ffaba559b8f75178eed537731f258b1129b7fe97,linux1804-64-shippable-qr,True,False,,|c|o|l|d| |f|i|s|s|i|o|n| |w|e|b|r|e|n|d|e|r|,102210fe594ee9b33d82058545b1ed14f4c8206e,LastVisualChange,cnn,True,cnn LastVisualChange opt cold fission webrender,,77,ms,firefox,,1720355388,2023-07-01T00:00:49,2120.9,8ee32af33954493677c04d2dad76681d20d37c02,1266825
autoland,3869862,13,ffaba559b8f75178eed537731f258b1129b7fe97,linux1804-64-shippable-qr,True,False,,|c|o|l|d| |f|i|s|s|i|o|n| |w|e|b|r|e|n|d|e|r|,102210fe594ee9b33d82058545b1ed14f4c8206e,LastVisualChange,cnn,True,cnn LastVisualChange opt cold fission webrender,,77,ms,firefox,,1720384532,2023-07-01T02:26:01,2084.5,81b43c5e095f0b0407b6d1a8d4a7f92bf7115e5e,1266845
autoland,3869862,13,ffaba559b8f75178eed537731f258b1129b7fe97,linux1804-64-shippable-qr,True,False,,|c|o|l|d| |f|i|s|s|i|o|n| |w|e|b|r|e|n|d|e|r|,102210fe594ee9b33d82058545b1ed14f4c8206e,LastVisualChange,cnn,True,cnn LastVisualChange opt cold fission webrender,,77,ms,firefox,,1720476897,2023-07-02T04:09:27,2079.3,e8ccd4d6629a5cde6dd4011e79c55630beb87376,1266929
autoland,3869862,13,ffaba559b8f75178eed537731f258b1129b7fe97,linux1804-64-shippable-qr,True,False,,|c|o|l|d| |f|i|s|s|i|o|n| |w|e|b|r|e|n|d|e|r|,102210fe594ee9b33d82058545b1ed14f4c8206e,LastVisualChange,cnn,True,cnn LastVisualChange opt cold fission webrender,,77,ms,firefox,,1720534498,2023-07-02T10:13:29,2131.1,93c2b16409e05c7d2b654d2b5356a2b7742b0d18,1266947
autoland,3869862,13,ffaba559b8f75178eed537731f258b1129b7fe97,linux1804-64-shippable-qr,True,False,,|c|o|l|d| |f|i|s|s|i|o|n| |w|e|b|r|e|n|d|e|r|,102210fe594ee9b33d82058545b1ed14f4c8206e,LastVisualChange,cnn,True,cnn LastVisualChange opt cold fission webrender,,77,ms,firefox,,1720577218,2023-07-02T16:18:34,2100.2,8a50b880c83f70597cd2951c74b7e9420d4b55c7,1266959
autoland,3869862,13,ffaba559b8f75178eed537731f258b1129b7fe97,linux1804-64-shippable-qr,True,False,,|c|o|l|d| |f|i|s|s|i|o|n| |w|e|b|r|e|n|d|e|r|,102210fe594ee9b33d82058545b1ed14f4c8206e,LastVisualChange,cnn,True,cnn LastVisualChange opt cold fission webrender,,77,ms,firefox,,1720633370,2023-07-03T04:14:26,2100.8,03b04345a888d738f358fc74595aabb1dfb2685c,1267009
autoland,3869862,13,ffaba559b8f75178eed537731f258b1129b7fe97,linux1804-64-shippable-qr,True,False,,|c|o|l|d| |f|i|s|s|i|o|n| |w|e|b|r|e|n|d|e|r|,102210fe594ee9b33d82058545b1ed14f4c8206e,LastVisualChange,cnn,True,cnn LastVisualChange opt cold fission webrender,,77,ms,firefox,,1720732971,2023-07-03T08:58:45,2101.2,3463727761e55956f8308f38f71b1654b79497ca,1267059
autoland,3869862,13,ffaba559b8f75178eed537731f258b1129b7fe97,linux1804-64-shippable-qr,True,False,,|c|o|l|d| |f|i|s|s|i|o|n| |w|e|b|r|e|n|d|e|r|,102210fe594ee9b33d82058545b1ed14f4c8206e,LastVisualChange,cnn,True,cnn LastVisualChange opt cold fission webrender,,77,ms,firefox,,1720715352,2023-07-03T08:59:44,2106.3,90c1c72030a4d515720d44706816256c0a1e30a8,1267060
autoland,3869862,13,ffaba559b8f75178eed537731f258b1129b7fe97,linux1804-64-shippable-qr,True,False,,|c|o|l|d| |f|i|s|s|i|o|n| |w|e|b|r|e|n|d|e|r|,102210fe594ee9b33d82058545b1ed14f4c8206e,LastVisualChange,cnn,True,cnn LastVisualChange opt cold fission webrender,,77,ms,firefox,,1720756059,2023-07-03T14:20:46,2094.8,9d50665254899d8431813bdc04178e6006ce6d59,1267108
autoland,3869862,13,ffaba559b8f75178eed537731f258b1129b7fe97,linux1804-64-shippable-qr,True,False,,|c|o|l|d| |f|i|s|s|i|o|n| |w|e|b|r|e|n|d|e|r|,102210fe594ee9b33d82058545b1ed14f4c8206e,LastVisualChange,cnn,True,cnn LastVisualChange opt cold fission webrender,,77,ms,firefox,,1720879047,2023-07-03T14:22:54,2097.6,aeb5ae5a78c2b7650ac9946aa8d0f40e0cfe98bb,1267111
autoland,3869862,13,ffaba559b8f75178eed537731f258b1129b7fe97,linux1804-64-shippable-qr,True,False,,|c|o|l|d| |f|i|s|s|i|o|n| |w|e|b|r|e|n|d|e|r|,102210fe594ee9b33d82058545b1ed14f4c8206e,LastVisualChange,cnn,True,cnn LastVisualChange opt cold fission webrender,,77,ms,firefox,,1720838880,2023-07-04T00:08:48,2080.9,a820608802f2194dfc19272bf19b7124a7349b79,1267203
autoland,3869862,13,ffaba559b8f75178eed537731f258b1129b7fe97,linux1804-64-shippable-qr,True,False,,|c|o|l|d| |f|i|s|s|i|o|n| |w|e|b|r|e|n|d|e|r|,102210fe594ee9b33d82058545b1ed14f4c8206e,LastVisualChange,cnn,True,cnn LastVisualChange opt cold fission webrender,,77,ms,firefox,,1720899404,2023-07-04T04:57:05,2154.9,b2af19e5ff82fa8850262a0693f4941570a30474,1267245
autoland,3869862,13,ffaba559b8f75178eed537731f258b1129b7fe97,linux1804-64-shippable-qr,True,False,,|c|o|l|d| |f|i|s|s|i|o|n| |w|e|b|r|e|n|d|e|r|,102210fe594ee9b33d82058545b1ed14f4c8206e,LastVisualChange,cnn,True,cnn LastVisualChange opt cold fission webrender,,77,ms,firefox,,1720919831,2023-07-04T07:10:31,2102.4,54bec48c8d6e571fdfbc0694895c371fd3fd08f9,1267272
autoland,3869862,13,ffaba559b8f75178eed537731f258b1129b7fe97,linux1804-64-shippable-qr,True,False,,|c|o|l|d| |f|i|s|s|i|o|n| |w|e|b|r|e|n|d|e|r|,102210fe594ee9b33d82058545b1ed14f4c8206e,LastVisualChange,cnn,True,cnn LastVisualChange opt cold fission webrender,,77,ms,firefox,,1721055189,2023-07-04T11:21:51,2125.2,da13368ff947a55756c871582b1b13ffb6fa001d,1267342
autoland,3869862,13,ffaba559b8f75178eed537731f258b1129b7fe97,linux1804-64-shippable-qr,True,False,,|c|o|l|d| |f|i|s|s|i|o|n| |w|e|b|r|e|n|d|e|r|,102210fe594ee9b33d82058545b1ed14f4c8206e,LastVisualChange,cnn,True,cnn LastVisualChange opt cold fission webrender,,77,ms,firefox,,1721062489,2023-07-04T11:29:32,2085.1,3aa1825bf09a37959e97ac4b5eaa3cc4b236b283,1267347
autoland,3869862,13,ffaba559b8f75178eed537731f258b1129b7fe97,linux1804-64-shippable-qr,True,False,,|c|o|l|d| |f|i|s|s|i|o|n| |w|e|b|r|e|n|d|e|r|,102210fe594ee9b33d82058545b1ed14f4c8206e,LastVisualChange,cnn,True,cnn LastVisualChange opt cold fission webrender,,77,ms,firefox,,1721489538,2023-07-04T15:20:28,2135.4,11784c622930ff2f209c0b20dacc04fc8a7a1141,1267501
autoland,3869862,13,ffaba559b8f75178eed537731f258b1129b7fe97,linux1804-64-shippable-qr,True,False,,|c|o|l|d| |f|i|s|s|i|o|n| |w|e|b|r|e|n|d|e|r|,102210fe594ee9b33d82058545b1ed14f4c8206e,LastVisualChange,cnn,True,cnn LastVisualChange opt cold fission webrender,,77,ms,firefox,,1721473158,2023-07-04T15:21:30,2072.6,0b10444298656eb14e13cce5c36dc43c4a4d1bf6,1267502
autoland,3869862,13,ffaba559b8f75178eed537731f258b1129b7fe97,linux1804-64-shippable-qr,True,False,,|c|o|l|d| |f|i|s|s|i|o|n| |w|e|b|r|e|n|d|e|r|,102210fe594ee9b33d82058545b1ed14f4c8206e,LastVisualChange,cnn,True,cnn LastVisualChange opt cold fission webrender,,77,ms,firefox,,1721153812,2023-07-04T15:22:25,2106.3,cf717d6692eb6ff08bb1d0342645c7c6c1dcf8f7,1267503
autoland,3869862,13,ffaba559b8f75178eed537731f258b1129b7fe97,linux1804-64-shippable-qr,True,False,,|c|o|l|d| |f|i|s|s|i|o|n| |w|e|b|r|e|n|d|e|r|,102210fe594ee9b33d82058545b1ed14f4c8206e,LastVisualChange,cnn,True,cnn LastVisualChange opt cold fission webrender,,77,ms,firefox,,1721245507,2023-07-04T19:21:41,2078.1,a8c47414f934fc13d47ba329f04089ab17eb2407,1267627
autoland,3869862,13,ffaba559b8f75178eed537731f258b1129b7fe97,linux1804-64-shippable-qr,True,False,,|c|o|l|d| |f|i|s|s|i|o|n| |w|e|b|r|e|n|d|e|r|,102210fe594ee9b33d82058545b1ed14f4c8206e,LastVisualChange,cnn,True,cnn LastVisualChange opt cold fission webrender,,77,ms,firefox,,1721360174,2023-07-04T23:33:38,2123.6,3639b6891b332ea6c4ffea87bb2d1139c38b781d,1267723
autoland,3869862,13,ffaba559b8f75178eed537731f258b1129b7fe97,linux1804-64-shippable-qr,True,False,,|c|o|l|d| |f|i|s|s|i|o|n| |w|e|b|r|e|n|d|e|r|,102210fe594ee9b33d82058545b1ed14f4c8206e,LastVisualChange,cnn,True,cnn LastVisualChange opt cold fission webrender,,77,ms,firefox,,1721449298,2023-07-05T03:49:13,2089.1,243ab04b37e31315f3db16a95bf6535124d9edda,1267756
autoland,3869862,13,ffaba559b8f75178eed537731f258b1129b7fe97,linux1804-64-shippable-qr,True,False,,|c|o|l|d| |f|i|s|s|i|o|n| |w|e|b|r|e|n|d|e|r|,102210fe594ee9b33d82058545b1ed14f4c8206e,LastVisualChange,cnn,True,cnn LastVisualChange opt cold fission webrender,,77,ms,firefox,,1721540684,2023-07-05T07:58:23,2074.3,9ab7ea679b12d7e209ada3534abf7baf704fe9d4,1267796
autoland,3869862,13,ffaba559b8f75178eed537731f258b1129b7fe97,linux1804-64-shippable-qr,True,False,,|c|o|l|d| |f|i|s|s|i|o|n| |w|e|b|r|e|n|d|e|r|,102210fe594ee9b33d82058545b1ed14f4c8206e,LastVisualChange,cnn,True,cnn LastVisualChange opt cold fission webrender,,77,ms,firefox,,1721576378,2023-07-05T09:46:48,2163.1,e3f62ea4e59393fe53784906952e9a1417688db1,1267838
autoland,3869862,13,ffaba559b8f75178eed537731f258b1129b7fe97,linux1804-64-shippable-qr,True,False,,|c|o|l|d| |f|i|s|s|i|o|n| |w|e|b|r|e|n|d|e|r|,102210fe594ee9b33d82058545b1ed14f4c8206e,LastVisualChange,cnn,True,cnn LastVisualChange opt cold fission webrender,,77,ms,firefox,,1721710125,2023-07-05T14:18:53,2084.9,cee4ab20ddeef57e9b72447e753e72ed2eb244cf,1267963
autoland,3869862,13,ffaba559b8f75178eed537731f258b1129b7fe97,linux1804-64-shippable-qr,True,False,,|c|o|l|d| |f|i|s|s|i|o|n| |w|e|b|r|e|n|d|e|r|,102210fe594ee9b33d82058545b1ed14f4c8206e,LastVisualChange,cnn,True,cnn LastVisualChange opt cold fission webrender,,77,ms,firefox,,1721735030,2023-07-05T14:38:06,2117.9,4613dfbe6bc2e60b1159da46db2edee3018423e1,1267976
autoland,3869862,13,ffaba559b8f75178eed537731f258b1129b7fe97,linux1804-64-shippable-qr,True,False,,|c|o|l|d| |f|i|s|s|i|o|n| |w|e|b|r|e|n|d|e|r|,102210fe594ee9b33d82058545b1ed14f4c8206e,LastVisualChange,cnn,True,cnn LastVisualChange opt cold fission webrender,,77,ms,firefox,,1721877884,2023-07-05T18:29:49,2070.1,674dc1b6026b9fc62707f0df292dfaf1ba6557f1,1268132
autoland,3869862,13,ffaba559b8f75178eed537731f258b1129b7fe97,linux1804-64-shippable-qr,True,False,,|c|o|l|d| |f|i|s|s|i|o|n| |w|e|b|r|e|n|d|e|r|,102210fe594ee9b33d82058545b1ed14f4c8206e,LastVisualChange,cnn,True,cnn LastVisualChange opt cold fission webrender,,77,ms,firefox,,1721915857,2023-07-05T21:03:11,2074.7,712427656ebd8d82b78a42d8e45b973aa7c220d7,1268236
autoland,3869862,13,ffaba559b8f75178eed537731f258b1129b7fe97,linux1804-64-shippable-qr,True,False,,|c|o|l|d| |f|i|s|s|i|o|n| |w|e|b|r|e|n|d|e|r|,102210fe594ee9b33d82058545b1ed14f4c8206e,LastVisualChange,cnn,True,cnn LastVisualChange opt cold fission webrender,,77,ms,firefox,,1722016010,2023-07-06T01:07:34,2092.1,a0647e42fb1f509d753d2baacd7858b3ee9a8821,1268349
autoland,3869862,13,ffaba559b8f75178eed537731f258b1129b7fe97,linux1804-64-shippable-qr,True,False,,|c|o|l|d| |f|i|s|s|i|o|n| |w|e|b|r|e|n|d|e|r|,102210fe594ee9b33d82058545b1ed14f4c8206e,LastVisualChange,cnn,True,cnn LastVisualChange opt cold fission webrender,,77,ms,firefox,,1722094122,2023-07-06T06:12:07,2090.2,1ba8085e68676425907973397d26e7417c1c4a74,1268405
autoland,3869862,13,ffaba559b8f75178eed537731f258b1129b7fe97,linux1804-64-shippable-qr,True,False,,|c|o|l|d| |f|i|s|s|i|o|n| |w|e|b|r|e|n|d|e|r|,102210fe594ee9b33d82058545b1ed14f4c8206e,LastVisualChange,cnn,True,cnn LastVisualChange opt cold fission webrender,,77,ms,firefox,,1722205753,2023-07-06T11:48:20,2102.9,becc2fa2c186914b1a887e40e6f0e9a6643273eb,1268565
autoland,3869862,13,ffaba559b8f75178eed537731f258b1129b7fe97,linux1804-64-shippable-qr,True,False,,|c|o|l|d| |f|i|s|s|i|o|n| |w|e|b|r|e|n|d|e|r|,102210fe594ee9b33d82058545b1ed14f4c8206e,LastVisualChange,cnn,True,cnn LastVisualChange opt cold fission webrender,,77,ms,firefox,,1722223533,2023-07-06T12:38:53,2070.9,5b919b11b30bcc659d499c9290a54c3f91d96bd2,1268598
autoland,3869862,13,ffaba559b8f75178eed537731f258b1129b7fe97,linux1804-64-shippable-qr,True,False,,|c|o|l|d| |f|i|s|s|i|o|n| |w|e|b|r|e|n|d|e|r|,102210fe594ee9b33d82058545b1ed14f4c8206e,LastVisualChange,cnn,True,cnn LastVisualChange opt cold fission webrender,,77,ms,firefox,,1722359328,2023-07-06T16:43:39,2098.0,433f58fbe4180052220b584f15de1d1d6fda065a,1268777
autoland,3869862,13,ffaba559b8f75178eed537731f258b1129b7fe97,linux1804-64-shippable-qr,True,False,,|c|o|l|d| |f|i|s|s|i|o|n| |w|e|b|r|e|n|d|e|r|,102210fe594ee9b33d82058545b1ed14f4c8206e,LastVisualChange,cnn,True,cnn LastVisualChange opt cold fission webrender,,77,ms,firefox,,1722437482,2023-07-06T18:39:07,2068.4,08f072ae172f3d48b0361ca0d34ead8a0b254e60,1268845
autoland,3869862,13,ffaba559b8f75178eed537731f258b1129b7fe97,linux1804-64-shippable-qr,True,False,,|c|o|l|d| |f|i|s|s|i|o|n| |w|e|b|r|e|n|d|e|r|,102210fe594ee9b33d82058545b1ed14f4c8206e,LastVisualChange,cnn,True,cnn LastVisualChange opt cold fission webrender,,77,ms,firefox,,1722510341,2023-07-06T20:44:41,2107.9,2c6190b6ecb6ab8933a296c08e753c060a3c2e9b,1268939
autoland,3869862,13,ffaba559b8f75178eed537731f258b1129b7fe97,linux1804-64-shippable-qr,True,False,,|c|o|l|d| |f|i|s|s|i|o|n| |w|e|b|r|e|n|d|e|r|,102210fe594ee9b33d82058545b1ed14f4c8206e,LastVisualChange,cnn,True,cnn LastVisualChange opt cold fission webrender,,77,ms,firefox,,1722644200,2023-07-07T00:51:02,2111.8,acd3d81337398ace5cd75f251f18da388ed281fa,1269038
autoland,3869862,13,ffaba559b8f75178eed537731f258b1129b7fe97,linux1804-64-shippable-qr,True,False,,|c|o|l|d| |f|i|s|s|i|o|n| |w|e|b|r|e|n|d|e|r|,102210fe594ee9b33d82058545b1ed14f4c8206e,LastVisualChange,cnn,True,cnn LastVisualChange opt cold fission webrender,,77,ms,firefox,,1722656868,2023-07-07T01:49:15,2096.6,013763c5f493c6232cfa8502e7bcec4b151d9161,1269055
autoland,3869862,13,ffaba559b8f75178eed537731f258b1129b7fe97,linux1804-64-shippable-qr,True,False,,|c|o|l|d| |f|i|s|s|i|o|n| |w|e|b|r|e|n|d|e|r|,102210fe594ee9b33d82058545b1ed14f4c8206e,LastVisualChange,cnn,True,cnn LastVisualChange opt cold fission webrender,,77,ms,firefox,,1722702903,2023-07-07T06:17:26,2132.6,e4d87ff75575880ea0c0fa09b316e360e4d9492f,1269097
autoland,3869862,13,ffaba559b8f75178eed537731f258b1129b7fe97,linux1804-64-shippable-qr,True,False,,|c|o|l|d| |f|i|s|s|i|o|n| |w|e|b|r|e|n|d|e|r|,102210fe594ee9b33d82058545b1ed14f4c8206e,LastVisualChange,cnn,True,cnn LastVisualChange opt cold fission webrender,,77,ms,firefox,,1722822160,2023-07-07T10:08:37,2063.2,3a88b97290a0fe46c6fbfcf6dacd91c6b6900aeb,1269195
autoland,3869862,13,ffaba559b8f75178eed537731f258b1129b7fe97,linux1804-64-shippable-qr,True,False,,|c|o|l|d| |f|i|s|s|i|o|n| |w|e|b|r|e|n|d|e|r|,102210fe594ee9b33d82058545b1ed14f4c8206e,LastVisualChange,cnn,True,cnn LastVisualChange opt cold fission webrender,,77,ms,firefox,,1722891514,2023-07-07T14:06:48,2188.9,fb62b8660fcaa40ecb0be50aa61ba8005dcbba27,1269286
autoland,3869862,13,ffaba559b8f75178eed537731f258b1129b7fe97,linux1804-64-shippable-qr,True,False,,|c|o|l|d| |f|i|s|s|i|o|n| |w|e|b|r|e|n|d|e|r|,102210fe594ee9b33d82058545b1ed14f4c8206e,LastVisualChange,cnn,True,cnn LastVisualChange opt cold fission webrender,,77,ms,firefox,,1722960593,2023-07-07T16:51:44,2093.9,43977d30a10af8e193044a9aa578f2bc8b33edf7,1269420
autoland,3869862,13,ffaba559b8f75178eed537731f258b1129b7fe97,linux1804-64-shippable-qr,True,False,,|c|o|l|d| |f|i|s|s|i|o|n| |w|e|b|r|e|n|d|e|r|,102210fe594ee9b33d82058545b1ed14f4c8206e,LastVisualChange,cnn,True,cnn LastVisualChange opt cold fission webrender,,77,ms,firefox,,1723216984,2023-07-08T02:51:52,2134.2,d2be18e8ce8cd63eaddb8f012d582a2863075164,1269678
autoland,3869862,13,ffaba559b8f75178eed537731f258b1129b7fe97,linux1804-64-shippable-qr,True,False,,|c|o|l|d| |f|i|s|s|i|o|n| |w|e|b|r|e|n|d|e|r|,102210fe594ee9b33d82058545b1ed14f4c8206e,LastVisualChange,cnn,True,cnn LastVisualChange opt cold fission webrender,,77,ms,firefox,,1723242056,2023-07-08T06:55:09,2068.2,ef7d9ea0c3f751e7c525a136923c9c404c297b1f,1269687
autoland,3869862,13,ffaba559b8f75178eed537731f258b1129b7fe97,linux1804-64-shippable-qr,True,False,,|c|o|l|d| |f|i|s|s|i|o|n| |w|e|b|r|e|n|d|e|r|,102210fe594ee9b33d82058545b1ed14f4c8206e,LastVisualChange,cnn,True,cnn LastVisualChange opt cold fission webrender,,77,ms,firefox,,1723343909,2023-07-08T13:13:32,2052.9,ee68eebc7bfd59157569f7de331974b06e765482,1269721
autoland,3869862,13,ffaba559b8f75178eed537731f258b1129b7fe97,linux1804-64-shippable-qr,True,False,,|c|o|l|d| |f|i|s|s|i|o|n| |w|e|b|r|e|n|d|e|r|,102210fe594ee9b33d82058545b1ed14f4c8206e,LastVisualChange,cnn,True,cnn LastVisualChange opt cold fission webrender,,77,ms,firefox,,1723352752,2023-07-08T13:22:34,2070.7,3809d32977a2db97fd06c8fd3214256dc18af9a0,1269723
autoland,3869862,13,ffaba559b8f75178eed537731f258b1129b7fe97,linux1804-64-shippable-qr,True,False,,|c|o|l|d| |f|i|s|s|i|o|n| |w|e|b|r|e|n|d|e|r|,102210fe594ee9b33d82058545b1ed14f4c8206e,LastVisualChange,cnn,True,cnn LastVisualChange opt cold fission webrender,,77,ms,firefox,,1723419874,2023-07-08T18:13:28,2091.0,3b3b41fc7f1dad97415448fb4652eb636903a02a,1269751
autoland,3869862,13,ffaba559b8f75178eed537731f258b1129b7fe97,linux1804-64-shippable-qr,True,False,,|c|o|l|d| |f|i|s|s|i|o|n| |w|e|b|r|e|n|d|e|r|,102210fe594ee9b33d82058545b1ed14f4c8206e,LastVisualChange,cnn,True,cnn LastVisualChange opt cold fission webrender,,77,ms,firefox,,1723480671,2023-07-08T22:36:06,2085.2,47c72d2828f6f406fbe77758e1ae8cd7837af977,1269766
autoland,3869862,13,ffaba559b8f75178eed537731f258b1129b7fe97,linux1804-64-shippable-qr,True,False,,|c|o|l|d| |f|i|s|s|i|o|n| |w|e|b|r|e|n|d|e|r|,102210fe594ee9b33d82058545b1ed14f4c8206e,LastVisualChange,cnn,True,cnn LastVisualChange opt cold fission webrender,,77,ms,firefox,,1723517504,2023-07-09T03:04:33,2090.4,2ac0f03815253b96c145a52b1762ed04c50f079d,1269805
autoland,3869862,13,ffaba559b8f75178eed537731f258b1129b7fe97,linux1804-64-shippable-qr,True,False,,|c|o|l|d| |f|i|s|s|i|o|n| |w|e|b|r|e|n|d|e|r|,102210fe594ee9b33d82058545b1ed14f4c8206e,LastVisualChange,cnn,True,cnn LastVisualChange opt cold fission webrender,,77,ms,firefox,,1723578827,2023-07-09T11:37:17,2115.9,60d4eb46c8b40ab0cd000c9ef298c63c45539be7,1269836
autoland,3869862,13,ffaba559b8f75178eed537731f258b1129b7fe97,linux1804-64-shippable-qr,True,False,,|c|o|l|d| |f|i|s|s|i|o|n| |w|e|b|r|e|n|d|e|r|,102210fe594ee9b33d82058545b1ed14f4c8206e,LastVisualChange,cnn,True,cnn LastVisualChange opt cold fission webrender,,77,ms,firefox,,1723628900,2023-07-09T16:14:27,2109.3,38657e8c266f862cee349b298d0679f6617a8a63,1269855
autoland,3869862,13,ffaba559b8f75178eed537731f258b1129b7fe97,linux1804-64-shippable-qr,True,False,,|c|o|l|d| |f|i|s|s|i|o|n| |w|e|b|r|e|n|d|e|r|,102210fe594ee9b33d82058545b1ed14f4c8206e,LastVisualChange,cnn,True,cnn LastVisualChange opt cold fission webrender,,77,ms,firefox,,1723650513,2023-07-09T17:38:49,2103.7,91d2d276f13316b73f0fed743d543009fcfade03,1269870
autoland,3869862,13,ffaba559b8f75178eed537731f258b1129b7fe97,linux1804-64-shippable-qr,True,False,,|c|o|l|d| |f|i|s|s|i|o|n| |w|e|b|r|e|n|d|e|r|,102210fe594ee9b33d82058545b1ed14f4c8206e,LastVisualChange,cnn,True,cnn LastVisualChange opt cold fission webrender,,77,ms,firefox,,1723730479,2023-07-09T22:03:27,2021.0,5497748101b60ab9149d6616e70cabc4c11c6cb5,1269918
autoland,3869862,13,ffaba559b8f75178eed537731f258b1129b7fe97,linux1804-64-shippable-qr,True,False,,|c|o|l|d| |f|i|s|s|i|o|n| |w|e|b|r|e|n|d|e|r|,102210fe594ee9b33d82058545b1ed14f4c8206e,LastVisualChange,cnn,True,cnn LastVisualChange opt cold fission webrender,,77,ms,firefox,,1723831437,2023-07-10T02:33:11,2024.6,aaa3698312c56a08a7b405178ee462fe3c2a30e7,1269963
autoland,3869862,13,ffaba559b8f75178eed537731f258b1129b7fe97,linux1804-64-shippable-qr,True,False,,|c|o|l|d| |f|i|s|s|i|o|n| |w|e|b|r|e|n|d|e|r|,102210fe594ee9b33d82058545b1ed14f4c8206e,LastVisualChange,cnn,True,cnn LastVisualChange opt cold fission webrender,,77,ms,firefox,,1723900705,2023-07-10T08:51:48,2141.9,7313b6429e48b58bd38ab3be47999be475f2ba6b,1270053
autoland,3869862,13,ffaba559b8f75178eed537731f258b1129b7fe97,linux1804-64-shippable-qr,True,False,,|c|o|l|d| |f|i|s|s|i|o|n| |w|e|b|r|e|n|d|e|r|,102210fe594ee9b33d82058545b1ed14f4c8206e,LastVisualChange,cnn,True,cnn LastVisualChange opt cold fission webrender,,77,ms,firefox,,1724009085,2023-07-10T13:07:04,2099.6,70fb59178ff21c468afeb592869c28371401db6a,1270176
autoland,3869862,13,ffaba559b8f75178eed537731f258b1129b7fe97,linux1804-64-shippable-qr,True,False,,|c|o|l|d| |f|i|s|s|i|o|n| |w|e|b|r|e|n|d|e|r|,102210fe594ee9b33d82058545b1ed14f4c8206e,LastVisualChange,cnn,True,cnn LastVisualChange opt cold fission webrender,,77,ms,firefox,,1724057552,2023-07-10T14:01:57,2121.0,e31033710cfe590d9e7deda75757f71ddef34207,1270199
autoland,3869862,13,ffaba559b8f75178eed537731f258b1129b7fe97,linux1804-64-shippable-qr,True,False,,|c|o|l|d| |f|i|s|s|i|o|n| |w|e|b|r|e|n|d|e|r|,102210fe594ee9b33d82058545b1ed14f4c8206e,LastVisualChange,cnn,True,cnn LastVisualChange opt cold fission webrender,,77,ms,firefox,,1724190586,2023-07-10T18:14:55,2118.8,1c909f267af625b4c370b6735113e1cafc94bbad,1270330
autoland,3869862,13,ffaba559b8f75178eed537731f258b1129b7fe97,linux1804-64-shippable-qr,True,False,,|c|o|l|d| |f|i|s|s|i|o|n| |w|e|b|r|e|n|d|e|r|,102210fe594ee9b33d82058545b1ed14f4c8206e,LastVisualChange,cnn,True,cnn LastVisualChange opt cold fission webrender,,77,ms,firefox,,1724402337,2023-07-10T18:29:35,2074.0,30b26799c81ba6f393a26ac1dec94fc65c700ae2,1270336
autoland,3869862,13,ffaba559b8f75178eed537731f258b1129b7fe97,linux1804-64-shippable-qr,True,False,,|c|o|l|d| |f|i|s|s|i|o|n| |w|e|b|r|e|n|d|e|r|,102210fe594ee9b33d82058545b1ed14f4c8206e,LastVisualChange,cnn,True,cnn LastVisualChange opt cold fission webrender,,77,ms,firefox,,1724412848,2023-07-10T18:33:19,2086.3,96f24646390be39f604f0815e8fdc2560d4608be,1270340
autoland,3869862,13,ffaba559b8f75178eed537731f258b1129b7fe97,linux1804-64-shippable-qr,True,False,,|c|o|l|d| |f|i|s|s|i|o|n| |w|e|b|r|e|n|d|e|r|,102210fe594ee9b33d82058545b1ed14f4c8206e,LastVisualChange,cnn,True,cnn LastVisualChange opt cold fission webrender,,77,ms,firefox,,1724267168,2023-07-10T19:48:56,2033.9,923b28f88778b9de2f2a694c75dcb313148c0fc5,1270385
autoland,3869862,13,ffaba559b8f75178eed537731f258b1129b7fe97,linux1804-64-shippable-qr,True,False,,|c|o|l|d| |f|i|s|s|i|o|n| |w|e|b|r|e|n|d|e|r|,102210fe594ee9b33d82058545b1ed14f4c8206e,LastVisualChange,cnn,True,cnn LastVisualChange opt cold fission webrender,,77,ms,firefox,,1724342475,2023-07-11T01:42:54,2089.3,b6a3e16c65e1298418f1aaf966dd3071d644075b,1270560
autoland,3869862,13,ffaba559b8f75178eed537731f258b1129b7fe97,linux1804-64-shippable-qr,True,False,,|c|o|l|d| |f|i|s|s|i|o|n| |w|e|b|r|e|n|d|e|r|,102210fe594ee9b33d82058545b1ed14f4c8206e,LastVisualChange,cnn,True,cnn LastVisualChange opt cold fission webrender,,77,ms,firefox,,1724444219,2023-07-11T06:35:00,2114.3,bd6b3707b0b4eb7dd36fd65f81325cd71a20ab43,1270619
autoland,3869862,13,ffaba559b8f75178eed537731f258b1129b7fe97,linux1804-64-shippable-qr,True,False,,|c|o|l|d| |f|i|s|s|i|o|n| |w|e|b|r|e|n|d|e|r|,102210fe594ee9b33d82058545b1ed14f4c8206e,LastVisualChange,cnn,True,cnn LastVisualChange opt cold fission webrender,,77,ms,firefox,,1724495324,2023-07-11T08:55:46,2097.1,6f3d3f416c953a7c5f64b907c4afb5906a1868a3,1270644
autoland,3869862,13,ffaba559b8f75178eed537731f258b1129b7fe97,linux1804-64-shippable-qr,True,False,,|c|o|l|d| |f|i|s|s|i|o|n| |w|e|b|r|e|n|d|e|r|,102210fe594ee9b33d82058545b1ed14f4c8206e,LastVisualChange,cnn,True,cnn LastVisualChange opt cold fission webrender,,77,ms,firefox,,1724616316,2023-07-11T13:33:02,2148.2,0c47c1159e0a060ee709f9f8f854bfad27f86c85,1270792
autoland,3869862,13,ffaba559b8f75178eed537731f258b1129b7fe97,linux1804-64-shippable-qr,True,False,,|c|o|l|d| |f|i|s|s|i|o|n| |w|e|b|r|e|n|d|e|r|,102210fe594ee9b33d82058545b1ed14f4c8206e,LastVisualChange,cnn,True,cnn LastVisualChange opt cold fission webrender,,77,ms,firefox,,1724625186,2023-07-11T14:06:52,2074.7,3100a08eeee126bc592700ba015d42a4eeabd552,1270802
autoland,3869862,13,ffaba559b8f75178eed537731f258b1129b7fe97,linux1804-64-shippable-qr,True,False,,|c|o|l|d| |f|i|s|s|i|o|n| |w|e|b|r|e|n|d|e|r|,102210fe594ee9b33d82058545b1ed14f4c8206e,LastVisualChange,cnn,True,cnn LastVisualChange opt cold fission webrender,,77,ms,firefox,,1724790865,2023-07-11T18:36:01,2085.3,87db7bb709335405232188624e8b3fa9990fd678,1270977
autoland,3869862,13,ffaba559b8f75178eed537731f258b1129b7fe97,linux1804-64-shippable-qr,True,False,,|c|o|l|d| |f|i|s|s|i|o|n| |w|e|b|r|e|n|d|e|r|,102210fe594ee9b33d82058545b1ed14f4c8206e,LastVisualChange,cnn,True,cnn LastVisualChange opt cold fission webrender,,77,ms,firefox,,1724857232,2023-07-11T22:00:07,2075.2,799309422d5f66cd280bc2aa8f49a203faaf670f,1271127
autoland,3869862,13,ffaba559b8f75178eed537731f258b1129b7fe97,linux1804-64-shippable-qr,True,False,,|c|o|l|d| |f|i|s|s|i|o|n| |w|e|b|r|e|n|d|e|r|,102210fe594ee9b33d82058545b1ed14f4c8206e,LastVisualChange,cnn,True,cnn LastVisualChange opt cold fission webrender,,77,ms,firefox,,1724942621,2023-07-12T03:43:13,2055.5,409794f954d9150f8da58e49d75898a655aca25d,1271221
autoland,3869862,13,ffaba559b8f75178eed537731f258b1129b7fe97,linux1804-64-shippable-qr,True,False,,|c|o|l|d| |f|i|s|s|i|o|n| |w|e|b|r|e|n|d|e|r|,102210fe594ee9b33d82058545b1ed14f4c8206e,LastVisualChange,cnn,True,cnn LastVisualChange opt cold fission webrender,,77,ms,firefox,,1725001579,2023-07-12T07:41:52,2079.5,3df39b644daab1c941ea8f68e6f1e1018058b95e,1271289
autoland,3869862,13,ffaba559b8f75178eed537731f258b1129b7fe97,linux1804-64-shippable-qr,True,False,,|c|o|l|d| |f|i|s|s|i|o|n| |w|e|b|r|e|n|d|e|r|,102210fe594ee9b33d82058545b1ed14f4c8206e,LastVisualChange,cnn,True,cnn LastVisualChange opt cold fission webrender,,77,ms,firefox,,1725111948,2023-07-12T11:57:10,2072.0,323cd57deb4d5a322c892f49b9141687d7561c0b,1271397
autoland,3869862,13,ffaba559b8f75178eed537731f258b1129b7fe97,linux1804-64-shippable-qr,True,False,,|c|o|l|d| |f|i|s|s|i|o|n| |w|e|b|r|e|n|d|e|r|,102210fe594ee9b33d82058545b1ed14f4c8206e,LastVisualChange,cnn,True,cnn LastVisualChange opt cold fission webrender,,77,ms,firefox,,1725185355,2023-07-12T14:40:04,2095.5,09a138b12b3b18e85b4234788a6f92fa756908af,1271467
autoland,3869862,13,ffaba559b8f75178eed537731f258b1129b7fe97,linux1804-64-shippable-qr,True,False,,|c|o|l|d| |f|i|s|s|i|o|n| |w|e|b|r|e|n|d|e|r|,102210fe594ee9b33d82058545b1ed14f4c8206e,LastVisualChange,cnn,True,cnn LastVisualChange opt cold fission webrender,,77,ms,firefox,,1725264688,2023-07-12T19:44:39,2093.1,5af60a4168846b5be7576faecbb5050fa6d965cf,1271665
autoland,3869862,13,ffaba559b8f75178eed537731f258b1129b7fe97,linux1804-64-shippable-qr,True,False,,|c|o|l|d| |f|i|s|s|i|o|n| |w|e|b|r|e|n|d|e|r|,102210fe594ee9b33d82058545b1ed14f4c8206e,LastVisualChange,cnn,True,cnn LastVisualChange opt cold fission webrender,,77,ms,firefox,,1725387240,2023-07-13T04:00:14,2110.8,0724fde82b2fe250010f13a500b6c525eaf3abb5,1271916
autoland,3869862,13,ffaba559b8f75178eed537731f258b1129b7fe97,linux1804-64-shippable-qr,True,False,,|c|o|l|d| |f|i|s|s|i|o|n| |w|e|b|r|e|n|d|e|r|,102210fe594ee9b33d82058545b1ed14f4c8206e,LastVisualChange,cnn,True,cnn LastVisualChange opt cold fission webrender,,77,ms,firefox,,1725559964,2023-07-13T11:47:10,2103.9,1bfb25414a090700f286cd06319e91cb9ac6e336,1272070
autoland,3869862,13,ffaba559b8f75178eed537731f258b1129b7fe97,linux1804-64-shippable-qr,True,False,,|c|o|l|d| |f|i|s|s|i|o|n| |w|e|b|r|e|n|d|e|r|,102210fe594ee9b33d82058545b1ed14f4c8206e,LastVisualChange,cnn,True,cnn LastVisualChange opt cold fission webrender,,77,ms,firefox,,1725687623,2023-07-13T14:50:19,2080.3,411654dc3bffdf2358079fc20c662dc3c58a2363,1272192
autoland,3869862,13,ffaba559b8f75178eed537731f258b1129b7fe97,linux1804-64-shippable-qr,True,False,,|c|o|l|d| |f|i|s|s|i|o|n| |w|e|b|r|e|n|d|e|r|,102210fe594ee9b33d82058545b1ed14f4c8206e,LastVisualChange,cnn,True,cnn LastVisualChange opt cold fission webrender,,77,ms,firefox,,1725812369,2023-07-13T19:23:25,2088.1,93efae7712c8170b189d6e2d626af9bc74ee9f33,1272383
autoland,3869862,13,ffaba559b8f75178eed537731f258b1129b7fe97,linux1804-64-shippable-qr,True,False,,|c|o|l|d| |f|i|s|s|i|o|n| |w|e|b|r|e|n|d|e|r|,102210fe594ee9b33d82058545b1ed14f4c8206e,LastVisualChange,cnn,True,cnn LastVisualChange opt cold fission webrender,,77,ms,firefox,,1725977185,2023-07-13T19:24:59,2079.5,bbf3c24cbbc7b98b52113accc0c5cd377e1bb198,1272385
autoland,3869862,13,ffaba559b8f75178eed537731f258b1129b7fe97,linux1804-64-shippable-qr,True,False,,|c|o|l|d| |f|i|s|s|i|o|n| |w|e|b|r|e|n|d|e|r|,102210fe594ee9b33d82058545b1ed14f4c8206e,LastVisualChange,cnn,True,cnn LastVisualChange opt cold fission webrender,,77,ms,firefox,,1726021083,2023-07-13T19:30:44,2137.8,1feed58581ba17fdd979df109fe14c7a2b3d9843,1272388
autoland,3869862,13,ffaba559b8f75178eed537731f258b1129b7fe97,linux1804-64-shippable-qr,True,False,,|c|o|l|d| |f|i|s|s|i|o|n| |w|e|b|r|e|n|d|e|r|,102210fe594ee9b33d82058545b1ed14f4c8206e,LastVisualChange,cnn,True,cnn LastVisualChange opt cold fission webrender,,77,ms,firefox,,1725913823,2023-07-13T23:46:26,2108.1,d7363bddf2b82c4f02c60bf1f3236c1853a1d788,1272530
autoland,3869862,13,ffaba559b8f75178eed537731f258b1129b7fe97,linux1804-64-shippable-qr,True,False,,|c|o|l|d| |f|i|s|s|i|o|n| |w|e|b|r|e|n|d|e|r|,102210fe594ee9b33d82058545b1ed14f4c8206e,LastVisualChange,cnn,True,cnn LastVisualChange opt cold fission webrender,,77,ms,firefox,,1725923139,2023-07-14T00:33:08,2048.2,ce811b4b8e62538cba1620fbe1f66b6963a00103,1272546
autoland,3869862,13,ffaba559b8f75178eed537731f258b1129b7fe97,linux1804-64-shippable-qr,True,False,,|c|o|l|d| |f|i|s|s|i|o|n| |w|e|b|r|e|n|d|e|r|,102210fe594ee9b33d82058545b1ed14f4c8206e,LastVisualChange,cnn,True,cnn LastVisualChange opt cold fission webrender,,77,ms,firefox,,1725990712,2023-07-14T05:34:55,2104.2,196cda3a105202c8969a926a0637db0e0014c07d,1272621
autoland,3869862,13,ffaba559b8f75178eed537731f258b1129b7fe97,linux1804-64-shippable-qr,True,False,,|c|o|l|d| |f|i|s|s|i|o|n| |w|e|b|r|e|n|d|e|r|,102210fe594ee9b33d82058545b1ed14f4c8206e,LastVisualChange,cnn,True,cnn LastVisualChange opt cold fission webrender,,77,ms,firefox,,1726120104,2023-07-14T08:41:57,2079.1,2c2b2040f7a3a963eaf19ecd574a96682fb4e6c3,1272676
autoland,3869862,13,ffaba559b8f75178eed537731f258b1129b7fe97,linux1804-64-shippable-qr,True,False,,|c|o|l|d| |f|i|s|s|i|o|n| |w|e|b|r|e|n|d|e|r|,102210fe594ee9b33d82058545b1ed14f4c8206e,LastVisualChange,cnn,True,cnn LastVisualChange opt cold fission webrender,,77,ms,firefox,,1726180606,2023-07-14T12:49:37,2072.3,f04d14e8c457c340e7bb0c8955b7a42e3ed32c84,1272721
autoland,3869862,13,ffaba559b8f75178eed537731f258b1129b7fe97,linux1804-64-shippable-qr,True,False,,|c|o|l|d| |f|i|s|s|i|o|n| |w|e|b|r|e|n|d|e|r|,102210fe594ee9b33d82058545b1ed14f4c8206e,LastVisualChange,cnn,True,cnn LastVisualChange opt cold fission webrender,,77,ms,firefox,,1726315144,2023-07-14T16:10:08,2082.7,379fa15b7cfddd1f92027d8c39b32706dc0f59a8,1272833
autoland,3869862,13,ffaba559b8f75178eed537731f258b1129b7fe97,linux1804-64-shippable-qr,True,False,,|c|o|l|d| |f|i|s|s|i|o|n| |w|e|b|r|e|n|d|e|r|,102210fe594ee9b33d82058545b1ed14f4c8206e,LastVisualChange,cnn,True,cnn LastVisualChange opt cold fission webrender,,77,ms,firefox,,1726477808,2023-07-14T21:22:48,2086.7,f65db437bbbe4d54d073843c79519c0a373ada5c,1272987
autoland,3869862,13,ffaba559b8f75178eed537731f258b1129b7fe97,linux1804-64-shippable-qr,True,False,,|c|o|l|d| |f|i|s|s|i|o|n| |w|e|b|r|e|n|d|e|r|,102210fe594ee9b33d82058545b1ed14f4c8206e,LastVisualChange,cnn,True,cnn LastVisualChange opt cold fission webrender,,77,ms,firefox,,1726495314,2023-07-14T22:30:09,2096.4,2fa0f2941257f51a55bcabee0f1913fe395266b0,1273018
autoland,3869862,13,ffaba559b8f75178eed537731f258b1129b7fe97,linux1804-64-shippable-qr,True,False,,|c|o|l|d| |f|i|s|s|i|o|n| |w|e|b|r|e|n|d|e|r|,102210fe594ee9b33d82058545b1ed14f4c8206e,LastVisualChange,cnn,True,cnn LastVisualChange opt cold fission webrender,,77,ms,firefox,,1726526050,2023-07-15T02:41:28,2078.4,1e09c6aabfcd1088a923373e95d74f457e863755,1273070
autoland,3869862,13,ffaba559b8f75178eed537731f258b1129b7fe97,linux1804-64-shippable-qr,True,False,,|c|o|l|d| |f|i|s|s|i|o|n| |w|e|b|r|e|n|d|e|r|,102210fe594ee9b33d82058545b1ed14f4c8206e,LastVisualChange,cnn,True,cnn LastVisualChange opt cold fission webrender,,77,ms,firefox,,1726593568,2023-07-15T12:36:57,2077.3,3a71e5ba50017ceb558d246e6ea58f8d5a57a3af,1273110
autoland,3869862,13,ffaba559b8f75178eed537731f258b1129b7fe97,linux1804-64-shippable-qr,True,False,,|c|o|l|d| |f|i|s|s|i|o|n| |w|e|b|r|e|n|d|e|r|,102210fe594ee9b33d82058545b1ed14f4c8206e,LastVisualChange,cnn,True,cnn LastVisualChange opt cold fission webrender,,77,ms,firefox,,1726627521,2023-07-15T18:59:02,1715.8,23e9067195200f00248b6c027bfae113965bf3ea,1273125
autoland,3869862,13,ffaba559b8f75178eed537731f258b1129b7fe97,linux1804-64-shippable-qr,True,False,,|c|o|l|d| |f|i|s|s|i|o|n| |w|e|b|r|e|n|d|e|r|,102210fe594ee9b33d82058545b1ed14f4c8206e,LastVisualChange,cnn,True,cnn LastVisualChange opt cold fission webrender,,77,ms,firefox,,1726680178,2023-07-16T02:22:04,2073.4,29be5ceedcdd2e835a383389153d9264d9b81217,1273151
autoland,3869862,13,ffaba559b8f75178eed537731f258b1129b7fe97,linux1804-64-shippable-qr,True,False,,|c|o|l|d| |f|i|s|s|i|o|n| |w|e|b|r|e|n|d|e|r|,102210fe594ee9b33d82058545b1ed14f4c8206e,LastVisualChange,cnn,True,cnn LastVisualChange opt cold fission webrender,,77,ms,firefox,,1726772475,2023-07-16T17:40:24,2084.1,2d64faa1590722f6ec14781ee5e175a2c875171c,1273186
autoland,3869862,13,ffaba559b8f75178eed537731f258b1129b7fe97,linux1804-64-shippable-qr,True,False,,|c|o|l|d| |f|i|s|s|i|o|n| |w|e|b|r|e|n|d|e|r|,102210fe594ee9b33d82058545b1ed14f4c8206e,LastVisualChange,cnn,True,cnn LastVisualChange opt cold fission webrender,,77,ms,firefox,,1726896578,2023-07-17T10:08:58,2117.4,ef60c7cdcb76172f1caf579529cf9fb756de4dbd,1273362
autoland,3869862,13,ffaba559b8f75178eed537731f258b1129b7fe97,linux1804-64-shippable-qr,True,False,,|c|o|l|d| |f|i|s|s|i|o|n| |w|e|b|r|e|n|d|e|r|,102210fe594ee9b33d82058545b1ed14f4c8206e,LastVisualChange,cnn,True,cnn LastVisualChange opt cold fission webrender,,77,ms,firefox,,1727305434,2023-07-17T10:10:51,2085.5,953e77c13acb077960f863612d3036a0d8724008,1273366
autoland,3869862,13,ffaba559b8f75178eed537731f258b1129b7fe97,linux1804-64-shippable-qr,True,False,,|c|o|l|d| |f|i|s|s|i|o|n| |w|e|b|r|e|n|d|e|r|,102210fe594ee9b33d82058545b1ed14f4c8206e,LastVisualChange,cnn,True,cnn LastVisualChange opt cold fission webrender,,77,ms,firefox,,1727336302,2023-07-17T11:01:52,2125.1,2a006f66fd1958496f7cae9c174e45a5a5403b1d,1273381
autoland,3869862,13,ffaba559b8f75178eed537731f258b1129b7fe97,linux1804-64-shippable-qr,True,False,,|c|o|l|d| |f|i|s|s|i|o|n| |w|e|b|r|e|n|d|e|r|,102210fe594ee9b33d82058545b1ed14f4c8206e,LastVisualChange,cnn,True,cnn LastVisualChange opt cold fission webrender,,77,ms,firefox,,1727241009,2023-07-17T13:42:26,2091.6,b80c658a6c19f373d458a6ca866c32d87a5f579b,1273443
autoland,3869862,13,ffaba559b8f75178eed537731f258b1129b7fe97,linux1804-64-shippable-qr,True,False,,|c|o|l|d| |f|i|s|s|i|o|n| |w|e|b|r|e|n|d|e|r|,102210fe594ee9b33d82058545b1ed14f4c8206e,LastVisualChange,cnn,True,cnn LastVisualChange opt cold fission webrender,,77,ms,firefox,,1727327367,2023-07-17T13:56:56,2137.5,480a4843ee4329760fdea6dff2b457ff8cc95eb9,1273451
autoland,3869862,13,ffaba559b8f75178eed537731f258b1129b7fe97,linux1804-64-shippable-qr,True,False,,|c|o|l|d| |f|i|s|s|i|o|n| |w|e|b|r|e|n|d|e|r|,102210fe594ee9b33d82058545b1ed14f4c8206e,LastVisualChange,cnn,True,cnn LastVisualChange opt cold fission webrender,,77,ms,firefox,,1726963916,2023-07-17T14:30:30,2117.8,e90e64d1c5a944feafdb48fe3527c9aeeac00ec9,1273474
autoland,3869862,13,ffaba559b8f75178eed537731f258b1129b7fe97,linux1804-64-shippable-qr,True,False,,|c|o|l|d| |f|i|s|s|i|o|n| |w|e|b|r|e|n|d|e|r|,102210fe594ee9b33d82058545b1ed14f4c8206e,LastVisualChange,cnn,True,cnn LastVisualChange opt cold fission webrender,,77,ms,firefox,,1727263505,2023-07-17T15:18:16,2062.1,c59cb36c74f432b44e7148682b572301b05ed1e0,1273503
autoland,3869862,13,ffaba559b8f75178eed537731f258b1129b7fe97,linux1804-64-shippable-qr,True,False,,|c|o|l|d| |f|i|s|s|i|o|n| |w|e|b|r|e|n|d|e|r|,102210fe594ee9b33d82058545b1ed14f4c8206e,LastVisualChange,cnn,True,cnn LastVisualChange opt cold fission webrender,,77,ms,firefox,,1727274363,2023-07-17T15:59:39,2063.6,80a9077fa5eadb649347ccfdf256cdc5c647f611,1273518
autoland,3869862,13,ffaba559b8f75178eed537731f258b1129b7fe97,linux1804-64-shippable-qr,True,False,,|c|o|l|d| |f|i|s|s|i|o|n| |w|e|b|r|e|n|d|e|r|,102210fe594ee9b33d82058545b1ed14f4c8206e,LastVisualChange,cnn,True,cnn LastVisualChange opt cold fission webrender,,77,ms,firefox,,1727038545,2023-07-17T16:07:24,2161.3,01dc0385e5b93df37aef43d60cd1105523eae328,1273529
autoland,3869862,13,ffaba559b8f75178eed537731f258b1129b7fe97,linux1804-64-shippable-qr,True,False,,|c|o|l|d| |f|i|s|s|i|o|n| |w|e|b|r|e|n|d|e|r|,102210fe594ee9b33d82058545b1ed14f4c8206e,LastVisualChange,cnn,True,cnn LastVisualChange opt cold fission webrender,,77,ms,firefox,,1727286672,2023-07-17T16:23:13,2087.6,49cff8f1d0b45289c21ac815c0e150bdf80b3e3c,1273535
autoland,3869862,13,ffaba559b8f75178eed537731f258b1129b7fe97,linux1804-64-shippable-qr,True,False,,|c|o|l|d| |f|i|s|s|i|o|n| |w|e|b|r|e|n|d|e|r|,102210fe594ee9b33d82058545b1ed14f4c8206e,LastVisualChange,cnn,True,cnn LastVisualChange opt cold fission webrender,,77,ms,firefox,,1727142298,2023-07-17T20:04:09,2132.3,f2c1249026167b30c81eff3368093a442a915826,1273673
autoland,3869862,13,ffaba559b8f75178eed537731f258b1129b7fe97,linux1804-64-shippable-qr,True,False,,|c|o|l|d| |f|i|s|s|i|o|n| |w|e|b|r|e|n|d|e|r|,102210fe594ee9b33d82058545b1ed14f4c8206e,LastVisualChange,cnn,True,cnn LastVisualChange opt cold fission webrender,,77,ms,firefox,,1727214873,2023-07-17T23:40:15,2147.4,bbea40f618ed9435d7c989dcb18dc1ba34d55d4c,1273797
autoland,3869862,13,ffaba559b8f75178eed537731f258b1129b7fe97,linux1804-64-shippable-qr,True,False,,|c|o|l|d| |f|i|s|s|i|o|n| |w|e|b|r|e|n|d|e|r|,102210fe594ee9b33d82058545b1ed14f4c8206e,LastVisualChange,cnn,True,cnn LastVisualChange opt cold fission webrender,,77,ms,firefox,,1727297279,2023-07-18T04:33:35,2087.5,35e42e5979dac0b99828194869d5dc00365b37fb,1273869
autoland,3869862,13,ffaba559b8f75178eed537731f258b1129b7fe97,linux1804-64-shippable-qr,True,False,,|c|o|l|d| |f|i|s|s|i|o|n| |w|e|b|r|e|n|d|e|r|,102210fe594ee9b33d82058545b1ed14f4c8206e,LastVisualChange,cnn,True,cnn LastVisualChange opt cold fission webrender,,77,ms,firefox,,1727448257,2023-07-18T08:33:44,2120.5,ff623ceacdca87e37ceaa8e2d7f2072d5a7ae7fb,1273935
autoland,3869862,13,ffaba559b8f75178eed537731f258b1129b7fe97,linux1804-64-shippable-qr,True,False,,|c|o|l|d| |f|i|s|s|i|o|n| |w|e|b|r|e|n|d|e|r|,102210fe594ee9b33d82058545b1ed14f4c8206e,LastVisualChange,cnn,True,cnn LastVisualChange opt cold fission webrender,,77,ms,firefox,,1727454403,2023-07-18T08:34:31,2097.2,ed8bcaa0195e582a53b92eeac99b65a9c1f06da2,1273936
autoland,3869862,13,ffaba559b8f75178eed537731f258b1129b7fe97,linux1804-64-shippable-qr,True,False,,|c|o|l|d| |f|i|s|s|i|o|n| |w|e|b|r|e|n|d|e|r|,102210fe594ee9b33d82058545b1ed14f4c8206e,LastVisualChange,cnn,True,cnn LastVisualChange opt cold fission webrender,,77,ms,firefox,,1727531735,2023-07-18T13:03:29,2047.9,bcffaa369c722f4ebfa7cb8af6a3fc605e2efa10,1274068
autoland,3869862,13,ffaba559b8f75178eed537731f258b1129b7fe97,linux1804-64-shippable-qr,True,False,,|c|o|l|d| |f|i|s|s|i|o|n| |w|e|b|r|e|n|d|e|r|,102210fe594ee9b33d82058545b1ed14f4c8206e,LastVisualChange,cnn,True,cnn LastVisualChange opt cold fission webrender,,77,ms,firefox,,1727558568,2023-07-18T13:45:23,2078.2,0de8fdd9abfcc9f9019857d255157b5eb799f98b,1274096
autoland,3869862,13,ffaba559b8f75178eed537731f258b1129b7fe97,linux1804-64-shippable-qr,True,False,,|c|o|l|d| |f|i|s|s|i|o|n| |w|e|b|r|e|n|d|e|r|,102210fe594ee9b33d82058545b1ed14f4c8206e,LastVisualChange,cnn,True,cnn LastVisualChange opt cold fission webrender,,77,ms,firefox,,1727669830,2023-07-18T17:24:29,2090.6,9330f8cb5765b67a89ac1427300f344a63d42cdc,1274230
autoland,3869862,13,ffaba559b8f75178eed537731f258b1129b7fe97,linux1804-64-shippable-qr,True,False,,|c|o|l|d| |f|i|s|s|i|o|n| |w|e|b|r|e|n|d|e|r|,102210fe594ee9b33d82058545b1ed14f4c8206e,LastVisualChange,cnn,True,cnn LastVisualChange opt cold fission webrender,,77,ms,firefox,,1727820991,2023-07-18T22:22:09,2089.3,b39dcefbe15f24fbf00da64782588b71ef8277a6,1274408
autoland,3869862,13,ffaba559b8f75178eed537731f258b1129b7fe97,linux1804-64-shippable-qr,True,False,,|c|o|l|d| |f|i|s|s|i|o|n| |w|e|b|r|e|n|d|e|r|,102210fe594ee9b33d82058545b1ed14f4c8206e,LastVisualChange,cnn,True,cnn LastVisualChange opt cold fission webrender,,77,ms,firefox,,1727858126,2023-07-18T23:34:55,2072.4,a8acb9b8880c2f1c2cf5891e5a20997a21d9d909,1274454
autoland,3869862,13,ffaba559b8f75178eed537731f258b1129b7fe97,linux1804-64-shippable-qr,True,False,,|c|o|l|d| |f|i|s|s|i|o|n| |w|e|b|r|e|n|d|e|r|,102210fe594ee9b33d82058545b1ed14f4c8206e,LastVisualChange,cnn,True,cnn LastVisualChange opt cold fission webrender,,77,ms,firefox,,1727952433,2023-07-19T05:12:28,2070.5,49a85b3b07e07c1158f9cb0c1f58b67fc2d659f7,1274587
autoland,3869862,13,ffaba559b8f75178eed537731f258b1129b7fe97,linux1804-64-shippable-qr,True,False,,|c|o|l|d| |f|i|s|s|i|o|n| |w|e|b|r|e|n|d|e|r|,102210fe594ee9b33d82058545b1ed14f4c8206e,LastVisualChange,cnn,True,cnn LastVisualChange opt cold fission webrender,,77,ms,firefox,,1728015640,2023-07-19T08:12:16,2081.4,140d21dede36ec0333dbfd36cf0d1320eee6cba4,1274646
autoland,3869862,13,ffaba559b8f75178eed537731f258b1129b7fe97,linux1804-64-shippable-qr,True,False,,|c|o|l|d| |f|i|s|s|i|o|n| |w|e|b|r|e|n|d|e|r|,102210fe594ee9b33d82058545b1ed14f4c8206e,LastVisualChange,cnn,True,cnn LastVisualChange opt cold fission webrender,,77,ms,firefox,,1728258530,2023-07-19T12:13:12,2062.4,b8d9ace4647851e162743362d884084c81a969ab,1274744
autoland,3869862,13,ffaba559b8f75178eed537731f258b1129b7fe97,linux1804-64-shippable-qr,True,False,,|c|o|l|d| |f|i|s|s|i|o|n| |w|e|b|r|e|n|d|e|r|,102210fe594ee9b33d82058545b1ed14f4c8206e,LastVisualChange,cnn,True,cnn LastVisualChange opt cold fission webrender,,77,ms,firefox,,1728722560,2023-07-19T13:05:01,2070.3,c0352b508434cf5db2d851fafc0d3a6f9eb7cc84,1274780
autoland,3869862,13,ffaba559b8f75178eed537731f258b1129b7fe97,linux1804-64-shippable-qr,True,False,,|c|o|l|d| |f|i|s|s|i|o|n| |w|e|b|r|e|n|d|e|r|,102210fe594ee9b33d82058545b1ed14f4c8206e,LastVisualChange,cnn,True,cnn LastVisualChange opt cold fission webrender,,77,ms,firefox,,1728728134,2023-07-19T13:06:35,2089.9,b4b23feef55a5201adccb65558c2f936b437b03c,1274782
autoland,3869862,13,ffaba559b8f75178eed537731f258b1129b7fe97,linux1804-64-shippable-qr,True,False,,|c|o|l|d| |f|i|s|s|i|o|n| |w|e|b|r|e|n|d|e|r|,102210fe594ee9b33d82058545b1ed14f4c8206e,LastVisualChange,cnn,True,cnn LastVisualChange opt cold fission webrender,,77,ms,firefox,,1728343840,2023-07-19T14:37:00,2078.0,c1d9936545b5ba143392d27280eb1d56af5ac580,1274851
autoland,3869862,13,ffaba559b8f75178eed537731f258b1129b7fe97,linux1804-64-shippable-qr,True,False,,|c|o|l|d| |f|i|s|s|i|o|n| |w|e|b|r|e|n|d|e|r|,102210fe594ee9b33d82058545b1ed14f4c8206e,LastVisualChange,cnn,True,cnn LastVisualChange opt cold fission webrender,,77,ms,firefox,,1728778732,2023-07-19T16:22:57,2083.4,42e0b293b3a65df8406e58d9a703707f07ca64e3,1274925
autoland,3869862,13,ffaba559b8f75178eed537731f258b1129b7fe97,linux1804-64-shippable-qr,True,False,,|c|o|l|d| |f|i|s|s|i|o|n| |w|e|b|r|e|n|d|e|r|,102210fe594ee9b33d82058545b1ed14f4c8206e,LastVisualChange,cnn,True,cnn LastVisualChange opt cold fission webrender,,77,ms,firefox,,1728786468,2023-07-19T16:24:52,2222.0,d05e7eb6194b6ed6a17fa804338e80e604d05426,1274926
autoland,3869862,13,ffaba559b8f75178eed537731f258b1129b7fe97,linux1804-64-shippable-qr,True,False,,|c|o|l|d| |f|i|s|s|i|o|n| |w|e|b|r|e|n|d|e|r|,102210fe594ee9b33d82058545b1ed14f4c8206e,LastVisualChange,cnn,True,cnn LastVisualChange opt cold fission webrender,,77,ms,firefox,,1728618769,2023-07-19T18:46:51,2061.1,a4cb1e2b9e3d0583fb35c77b1b5a61823240d23a,1275034
autoland,3869862,13,ffaba559b8f75178eed537731f258b1129b7fe97,linux1804-64-shippable-qr,True,False,,|c|o|l|d| |f|i|s|s|i|o|n| |w|e|b|r|e|n|d|e|r|,102210fe594ee9b33d82058545b1ed14f4c8206e,LastVisualChange,cnn,True,cnn LastVisualChange opt cold fission webrender,,77,ms,firefox,,1728663609,2023-07-19T22:17:04,2056.9,7d1e4a896dd81d294b7bccc7c20345d7c0432b47,1275176
autoland,3869862,13,ffaba559b8f75178eed537731f258b1129b7fe97,linux1804-64-shippable-qr,True,False,,|c|o|l|d| |f|i|s|s|i|o|n| |w|e|b|r|e|n|d|e|r|,102210fe594ee9b33d82058545b1ed14f4c8206e,LastVisualChange,cnn,True,cnn LastVisualChange opt cold fission webrender,,77,ms,firefox,,1728768881,2023-07-20T03:34:20,2041.5,e73cc92e62dbaf2e2cdb70a1d9890da611a2b772,1275291
autoland,3869862,13,ffaba559b8f75178eed537731f258b1129b7fe97,linux1804-64-shippable-qr,True,False,,|c|o|l|d| |f|i|s|s|i|o|n| |w|e|b|r|e|n|d|e|r|,102210fe594ee9b33d82058545b1ed14f4c8206e,LastVisualChange,cnn,True,cnn LastVisualChange opt cold fission webrender,,77,ms,firefox,,1728931032,2023-07-20T07:42:09,2110.7,9a6d93f12d75deb2d5f6662ca35347a774d7cd6f,1275344
autoland,3869862,13,ffaba559b8f75178eed537731f258b1129b7fe97,linux1804-64-shippable-qr,True,False,,|c|o|l|d| |f|i|s|s|i|o|n| |w|e|b|r|e|n|d|e|r|,102210fe594ee9b33d82058545b1ed14f4c8206e,LastVisualChange,cnn,True,cnn LastVisualChange opt cold fission webrender,,77,ms,firefox,,1729022734,2023-07-20T12:22:04,2068.2,0278b86272728b17ade153f25ef5ec4442158066,1275437
autoland,3869862,13,ffaba559b8f75178eed537731f258b1129b7fe97,linux1804-64-shippable-qr,True,False,,|c|o|l|d| |f|i|s|s|i|o|n| |w|e|b|r|e|n|d|e|r|,102210fe594ee9b33d82058545b1ed14f4c8206e,LastVisualChange,cnn,True,cnn LastVisualChange opt cold fission webrender,,77,ms,firefox,,1729489334,2023-07-20T13:21:00,2084.6,f33e1ce6dcf19e47952f3963c8e970c7c380acd2,1275460
autoland,3869862,13,ffaba559b8f75178eed537731f258b1129b7fe97,linux1804-64-shippable-qr,True,False,,|c|o|l|d| |f|i|s|s|i|o|n| |w|e|b|r|e|n|d|e|r|,102210fe594ee9b33d82058545b1ed14f4c8206e,LastVisualChange,cnn,True,cnn LastVisualChange opt cold fission webrender,,77,ms,firefox,,1729487960,2023-07-20T13:24:59,2111.8,a90f231791f03487ec9a1beab731726e345264d3,1275463
autoland,3869862,13,ffaba559b8f75178eed537731f258b1129b7fe97,linux1804-64-shippable-qr,True,False,,|c|o|l|d| |f|i|s|s|i|o|n| |w|e|b|r|e|n|d|e|r|,102210fe594ee9b33d82058545b1ed14f4c8206e,LastVisualChange,cnn,True,cnn LastVisualChange opt cold fission webrender,,77,ms,firefox,,1729100098,2023-07-20T15:24:57,2031.7,0bc898fe076442e9a552e9918f1b50ece1c87859,1275543
autoland,3869862,13,ffaba559b8f75178eed537731f258b1129b7fe97,linux1804-64-shippable-qr,True,False,,|c|o|l|d| |f|i|s|s|i|o|n| |w|e|b|r|e|n|d|e|r|,102210fe594ee9b33d82058545b1ed14f4c8206e,LastVisualChange,cnn,True,cnn LastVisualChange opt cold fission webrender,,77,ms,firefox,,1729453039,2023-07-20T15:49:41,2074.2,61e3c35c5ec858d73be3f12db7911814c97662d1,1275563
autoland,3869862,13,ffaba559b8f75178eed537731f258b1129b7fe97,linux1804-64-shippable-qr,True,False,,|c|o|l|d| |f|i|s|s|i|o|n| |w|e|b|r|e|n|d|e|r|,102210fe594ee9b33d82058545b1ed14f4c8206e,LastVisualChange,cnn,True,cnn LastVisualChange opt cold fission webrender,,77,ms,firefox,,1729502402,2023-07-20T15:57:36,2100.2,e19f10f18cc2b743954df29e6df658ad01a8d71f,1275568
autoland,3869862,13,ffaba559b8f75178eed537731f258b1129b7fe97,linux1804-64-shippable-qr,True,False,,|c|o|l|d| |f|i|s|s|i|o|n| |w|e|b|r|e|n|d|e|r|,102210fe594ee9b33d82058545b1ed14f4c8206e,LastVisualChange,cnn,True,cnn LastVisualChange opt cold fission webrender,,77,ms,firefox,,1729291740,2023-07-20T19:57:27,2101.4,1474bffb9d2bc609c90f59cdbd875d90f152f78b,1275751
autoland,3869862,13,ffaba559b8f75178eed537731f258b1129b7fe97,linux1804-64-shippable-qr,True,False,,|c|o|l|d| |f|i|s|s|i|o|n| |w|e|b|r|e|n|d|e|r|,102210fe594ee9b33d82058545b1ed14f4c8206e,LastVisualChange,cnn,True,cnn LastVisualChange opt cold fission webrender,,77,ms,firefox,,1729406298,2023-07-20T23:58:39,2090.8,a81b4cfa355314c5644c5a1924408dd57a6451ba,1275867
autoland,3869862,13,ffaba559b8f75178eed537731f258b1129b7fe97,linux1804-64-shippable-qr,True,False,,|c|o|l|d| |f|i|s|s|i|o|n| |w|e|b|r|e|n|d|e|r|,102210fe594ee9b33d82058545b1ed14f4c8206e,LastVisualChange,cnn,True,cnn LastVisualChange opt cold fission webrender,,77,ms,firefox,,1729429766,2023-07-21T02:12:29,2132.7,561b7f418a4da2b68cf411804f9a6dcc542bf5d4,1275913
autoland,3869862,13,ffaba559b8f75178eed537731f258b1129b7fe97,linux1804-64-shippable-qr,True,False,,|c|o|l|d| |f|i|s|s|i|o|n| |w|e|b|r|e|n|d|e|r|,102210fe594ee9b33d82058545b1ed14f4c8206e,LastVisualChange,cnn,True,cnn LastVisualChange opt cold fission webrender,,77,ms,firefox,,1729605657,2023-07-21T09:50:03,2105.3,a2fe9197bad582dee22ed11cd3cec32073abcbb1,1276015
autoland,3869862,13,ffaba559b8f75178eed537731f258b1129b7fe97,linux1804-64-shippable-qr,True,False,,|c|o|l|d| |f|i|s|s|i|o|n| |w|e|b|r|e|n|d|e|r|,102210fe594ee9b33d82058545b1ed14f4c8206e,LastVisualChange,cnn,True,cnn LastVisualChange opt cold fission webrender,,77,ms,firefox,,1729672214,2023-07-21T13:55:08,2084.7,9df47ce85e0472ca3ad7784cdf4c5640950ed7d9,1276152
autoland,3869862,13,ffaba559b8f75178eed537731f258b1129b7fe97,linux1804-64-shippable-qr,True,False,,|c|o|l|d| |f|i|s|s|i|o|n| |w|e|b|r|e|n|d|e|r|,102210fe594ee9b33d82058545b1ed14f4c8206e,LastVisualChange,cnn,True,cnn LastVisualChange opt cold fission webrender,,77,ms,firefox,,1729973108,2023-07-21T14:57:13,2139.1,b545926f1ae26978c1d882b547b81c46cc2d13b1,1276194
autoland,3869862,13,ffaba559b8f75178eed537731f258b1129b7fe97,linux1804-64-shippable-qr,True,False,,|c|o|l|d| |f|i|s|s|i|o|n| |w|e|b|r|e|n|d|e|r|,102210fe594ee9b33d82058545b1ed14f4c8206e,LastVisualChange,cnn,True,cnn LastVisualChange opt cold fission webrender,,77,ms,firefox,,1729968719,2023-07-21T15:37:35,2084.9,9fb23e77a86d962610c8be2392b3d05732b94847,1276218
autoland,3869862,13,ffaba559b8f75178eed537731f258b1129b7fe97,linux1804-64-shippable-qr,True,False,,|c|o|l|d| |f|i|s|s|i|o|n| |w|e|b|r|e|n|d|e|r|,102210fe594ee9b33d82058545b1ed14f4c8206e,LastVisualChange,cnn,True,cnn LastVisualChange opt cold fission webrender,,77,ms,firefox,,1729755171,2023-07-21T17:11:12,2140.8,e289c1fd943bfc8c2973687da74a008f86d9e60f,1276290
autoland,3869862,13,ffaba559b8f75178eed537731f258b1129b7fe97,linux1804-64-shippable-qr,True,False,,|c|o|l|d| |f|i|s|s|i|o|n| |w|e|b|r|e|n|d|e|r|,102210fe594ee9b33d82058545b1ed14f4c8206e,LastVisualChange,cnn,True,cnn LastVisualChange opt cold fission webrender,,77,ms,firefox,,1729869676,2023-07-21T21:17:12,2068.8,f13e959d38c7e8d9590bbc8d44f95149bbe180d1,1276495
autoland,3869862,13,ffaba559b8f75178eed537731f258b1129b7fe97,linux1804-64-shippable-qr,True,False,,|c|o|l|d| |f|i|s|s|i|o|n| |w|e|b|r|e|n|d|e|r|,102210fe594ee9b33d82058545b1ed14f4c8206e,LastVisualChange,cnn,True,cnn LastVisualChange opt cold fission webrender,,77,ms,firefox,,1729891816,2023-07-21T22:20:56,2110.1,50344759578b6b2e1851c6a6133121c4d89b4f0d,1276531
autoland,3869862,13,ffaba559b8f75178eed537731f258b1129b7fe97,linux1804-64-shippable-qr,True,False,,|c|o|l|d| |f|i|s|s|i|o|n| |w|e|b|r|e|n|d|e|r|,102210fe594ee9b33d82058545b1ed14f4c8206e,LastVisualChange,cnn,True,cnn LastVisualChange opt cold fission webrender,,77,ms,firefox,,1729947459,2023-07-22T03:42:46,2077.0,e4939251f81ca8c6a2fb9db3bbd4416e04dff97d,1276588
autoland,3869862,13,ffaba559b8f75178eed537731f258b1129b7fe97,linux1804-64-shippable-qr,True,False,,|c|o|l|d| |f|i|s|s|i|o|n| |w|e|b|r|e|n|d|e|r|,102210fe594ee9b33d82058545b1ed14f4c8206e,LastVisualChange,cnn,True,cnn LastVisualChange opt cold fission webrender,,77,ms,firefox,,1730012339,2023-07-22T08:58:42,2132.9,c95ec2e13d66e06547002bd008e87bea4f94c022,1276620
autoland,3869862,13,ffaba559b8f75178eed537731f258b1129b7fe97,linux1804-64-shippable-qr,True,False,,|c|o|l|d| |f|i|s|s|i|o|n| |w|e|b|r|e|n|d|e|r|,102210fe594ee9b33d82058545b1ed14f4c8206e,LastVisualChange,cnn,True,cnn LastVisualChange opt cold fission webrender,,77,ms,firefox,,1730099886,2023-07-22T14:13:52,2093.6,b16351df250c572a14efa126f7702fe104ac9fd7,1276645
autoland,3869862,13,ffaba559b8f75178eed537731f258b1129b7fe97,linux1804-64-shippable-qr,True,False,,|c|o|l|d| |f|i|s|s|i|o|n| |w|e|b|r|e|n|d|e|r|,102210fe594ee9b33d82058545b1ed14f4c8206e,LastVisualChange,cnn,True,cnn LastVisualChange opt cold fission webrender,,77,ms,firefox,,1730209300,2023-07-23T02:59:53,2073.5,829bb0f62051beedfe5ba05f679d3b6c8e0d1a3b,1276677
autoland,3869862,13,ffaba559b8f75178eed537731f258b1129b7fe97,linux1804-64-shippable-qr,True,False,,|c|o|l|d| |f|i|s|s|i|o|n| |w|e|b|r|e|n|d|e|r|,102210fe594ee9b33d82058545b1ed14f4c8206e,LastVisualChange,cnn,True,cnn LastVisualChange opt cold fission webrender,,77,ms,firefox,,1730273291,2023-07-23T12:16:45,2055.4,bd6c5007212e7ee9ecc312d4ef096252a9702033,1276689
autoland,3869862,13,ffaba559b8f75178eed537731f258b1129b7fe97,linux1804-64-shippable-qr,True,False,,|c|o|l|d| |f|i|s|s|i|o|n| |w|e|b|r|e|n|d|e|r|,102210fe594ee9b33d82058545b1ed14f4c8206e,LastVisualChange,cnn,True,cnn LastVisualChange opt cold fission webrender,,77,ms,firefox,,1730334885,2023-07-23T17:37:04,2119.7,2fd3284df4616a8723f5b749c4652a682c7b5372,1276726
autoland,3869862,13,ffaba559b8f75178eed537731f258b1129b7fe97,linux1804-64-shippable-qr,True,False,,|c|o|l|d| |f|i|s|s|i|o|n| |w|e|b|r|e|n|d|e|r|,102210fe594ee9b33d82058545b1ed14f4c8206e,LastVisualChange,cnn,True,cnn LastVisualChange opt cold fission webrender,,77,ms,firefox,,1730404622,2023-07-24T00:19:00,2092.9,7e5acc812edd3bcb93cfaf76eaab2c3fd6c4d274,1276767
autoland,3869862,13,ffaba559b8f75178eed537731f258b1129b7fe97,linux1804-64-shippable-qr,True,False,,|c|o|l|d| |f|i|s|s|i|o|n| |w|e|b|r|e|n|d|e|r|,102210fe594ee9b33d82058545b1ed14f4c8206e,LastVisualChange,cnn,True,cnn LastVisualChange opt cold fission webrender,,77,ms,firefox,,1730434211,2023-07-24T03:08:06,2093.7,7b6332c9bce4487c1db3384523b5991fef31e28c,1276802
autoland,3869862,13,ffaba559b8f75178eed537731f258b1129b7fe97,linux1804-64-shippable-qr,True,False,,|c|o|l|d| |f|i|s|s|i|o|n| |w|e|b|r|e|n|d|e|r|,102210fe594ee9b33d82058545b1ed14f4c8206e,LastVisualChange,cnn,True,cnn LastVisualChange opt cold fission webrender,,77,ms,firefox,,1730483761,2023-07-24T07:35:58,2085.8,91b590f6e608c6c3787304fa0010ce58519bde50,1276834
autoland,3869862,13,ffaba559b8f75178eed537731f258b1129b7fe97,linux1804-64-shippable-qr,True,False,,|c|o|l|d| |f|i|s|s|i|o|n| |w|e|b|r|e|n|d|e|r|,102210fe594ee9b33d82058545b1ed14f4c8206e,LastVisualChange,cnn,True,cnn LastVisualChange opt cold fission webrender,,77,ms,firefox,,1730719136,2023-07-24T11:14:54,2111.9,b1a1263e67ce531d13e0a5e2e77c737b114e38b0,1276910
autoland,3869862,13,ffaba559b8f75178eed537731f258b1129b7fe97,linux1804-64-shippable-qr,True,False,,|c|o|l|d| |f|i|s|s|i|o|n| |w|e|b|r|e|n|d|e|r|,102210fe594ee9b33d82058545b1ed14f4c8206e,LastVisualChange,cnn,True,cnn LastVisualChange opt cold fission webrender,,77,ms,firefox,,1731049242,2023-07-24T12:11:00,2070.8,23577cb64636c92dfc2f0a73ececd631f05b3414,1276938
autoland,3869862,13,ffaba559b8f75178eed537731f258b1129b7fe97,linux1804-64-shippable-qr,True,False,,|c|o|l|d| |f|i|s|s|i|o|n| |w|e|b|r|e|n|d|e|r|,102210fe594ee9b33d82058545b1ed14f4c8206e,LastVisualChange,cnn,True,cnn LastVisualChange opt cold fission webrender,,77,ms,firefox,,1731005550,2023-07-24T12:15:49,2073.5,8f3d9e59939f99a34bb59db9bca3680462fbc7e9,1276939
autoland,3869862,13,ffaba559b8f75178eed537731f258b1129b7fe97,linux1804-64-shippable-qr,True,False,,|c|o|l|d| |f|i|s|s|i|o|n| |w|e|b|r|e|n|d|e|r|,102210fe594ee9b33d82058545b1ed14f4c8206e,LastVisualChange,cnn,True,cnn LastVisualChange opt cold fission webrender,,77,ms,firefox,,1731011757,2023-07-24T14:37:08,2081.3,fcb2279fe7287100ede1a2fdd72043fbb1787a74,1277022
autoland,3869862,13,ffaba559b8f75178eed537731f258b1129b7fe97,linux1804-64-shippable-qr,True,False,,|c|o|l|d| |f|i|s|s|i|o|n| |w|e|b|r|e|n|d|e|r|,102210fe594ee9b33d82058545b1ed14f4c8206e,LastVisualChange,cnn,True,cnn LastVisualChange opt cold fission webrender,,77,ms,firefox,,1731013941,2023-07-24T14:56:47,2070.7,2ec32cd8e72a81b580f53114dd636edb8b3ff177,1277037
autoland,3869862,13,ffaba559b8f75178eed537731f258b1129b7fe97,linux1804-64-shippable-qr,True,False,,|c|o|l|d| |f|i|s|s|i|o|n| |w|e|b|r|e|n|d|e|r|,102210fe594ee9b33d82058545b1ed14f4c8206e,LastVisualChange,cnn,True,cnn LastVisualChange opt cold fission webrender,,77,ms,firefox,,1730771984,2023-07-24T16:02:50,2075.4,2483fdffbe5e3c051a32bcf141fb33e9803c0afc,1277068
autoland,3869862,13,ffaba559b8f75178eed537731f258b1129b7fe97,linux1804-64-shippable-qr,True,False,,|c|o|l|d| |f|i|s|s|i|o|n| |w|e|b|r|e|n|d|e|r|,102210fe594ee9b33d82058545b1ed14f4c8206e,LastVisualChange,cnn,True,cnn LastVisualChange opt cold fission webrender,,77,ms,firefox,,1730870218,2023-07-24T19:16:11,2085.8,f9c12557d7a4e074be3fc45027ae8ffbb8f27aaf,1277230
autoland,3869862,13,ffaba559b8f75178eed537731f258b1129b7fe97,linux1804-64-shippable-qr,True,False,,|c|o|l|d| |f|i|s|s|i|o|n| |w|e|b|r|e|n|d|e|r|,102210fe594ee9b33d82058545b1ed14f4c8206e,LastVisualChange,cnn,True,cnn LastVisualChange opt cold fission webrender,,77,ms,firefox,,1730964126,2023-07-24T23:43:54,2059.1,bd745245ac70d82630be9e971b5a9077b5f514e8,1277393
autoland,3869862,13,ffaba559b8f75178eed537731f258b1129b7fe97,linux1804-64-shippable-qr,True,False,,|c|o|l|d| |f|i|s|s|i|o|n| |w|e|b|r|e|n|d|e|r|,102210fe594ee9b33d82058545b1ed14f4c8206e,LastVisualChange,cnn,True,cnn LastVisualChange opt cold fission webrender,,77,ms,firefox,,1730972706,2023-07-25T00:28:34,2107.4,1084bcb2a2550fee8fad1f0be69e603b6c8d67bd,1277414
autoland,3869862,13,ffaba559b8f75178eed537731f258b1129b7fe97,linux1804-64-shippable-qr,True,False,,|c|o|l|d| |f|i|s|s|i|o|n| |w|e|b|r|e|n|d|e|r|,102210fe594ee9b33d82058545b1ed14f4c8206e,LastVisualChange,cnn,True,cnn LastVisualChange opt cold fission webrender,,77,ms,firefox,,1731029423,2023-07-25T04:47:38,2097.5,862d1cf3d7a17e3dde9bda49c5561ec902bb8136,1277485
autoland,3869862,13,ffaba559b8f75178eed537731f258b1129b7fe97,linux1804-64-shippable-qr,True,False,,|c|o|l|d| |f|i|s|s|i|o|n| |w|e|b|r|e|n|d|e|r|,102210fe594ee9b33d82058545b1ed14f4c8206e,LastVisualChange,cnn,True,cnn LastVisualChange opt cold fission webrender,,77,ms,firefox,,1731144129,2023-07-25T10:29:47,2070.7,45a52966f9649f4dc9b8bbb6a8e68cdcc63ee287,1277576
autoland,3869862,13,ffaba559b8f75178eed537731f258b1129b7fe97,linux1804-64-shippable-qr,True,False,,|c|o|l|d| |f|i|s|s|i|o|n| |w|e|b|r|e|n|d|e|r|,102210fe594ee9b33d82058545b1ed14f4c8206e,LastVisualChange,cnn,True,cnn LastVisualChange opt cold fission webrender,,77,ms,firefox,,1731252841,2023-07-25T14:49:04,2085.1,1ae7562fa2353aa63871f769d4e0a1cdd9becf78,1277682
autoland,3869862,13,ffaba559b8f75178eed537731f258b1129b7fe97,linux1804-64-shippable-qr,True,False,,|c|o|l|d| |f|i|s|s|i|o|n| |w|e|b|r|e|n|d|e|r|,102210fe594ee9b33d82058545b1ed14f4c8206e,LastVisualChange,cnn,True,cnn LastVisualChange opt cold fission webrender,,77,ms,firefox,,1731240334,2023-07-25T15:17:56,2112.2,c30662ce80ba57a0977cdeb03e776a28af4fa2fb,1277708
autoland,3869862,13,ffaba559b8f75178eed537731f258b1129b7fe97,linux1804-64-shippable-qr,True,False,,|c|o|l|d| |f|i|s|s|i|o|n| |w|e|b|r|e|n|d|e|r|,102210fe594ee9b33d82058545b1ed14f4c8206e,LastVisualChange,cnn,True,cnn LastVisualChange opt cold fission webrender,,77,ms,firefox,,1734828819,2023-07-25T20:08:08,1719.3,0b57f8c60115837b51fec8c14e76e73d6246aaa9,1277887
autoland,3869862,13,ffaba559b8f75178eed537731f258b1129b7fe97,linux1804-64-shippable-qr,True,False,,|c|o|l|d| |f|i|s|s|i|o|n| |w|e|b|r|e|n|d|e|r|,102210fe594ee9b33d82058545b1ed14f4c8206e,LastVisualChange,cnn,True,cnn LastVisualChange opt cold fission webrender,,77,ms,firefox,,1734829366,2023-07-25T20:08:08,2081.3,0b57f8c60115837b51fec8c14e76e73d6246aaa9,1277887
autoland,3869862,13,ffaba559b8f75178eed537731f258b1129b7fe97,linux1804-64-shippable-qr,True,False,,|c|o|l|d| |f|i|s|s|i|o|n| |w|e|b|r|e|n|d|e|r|,102210fe594ee9b33d82058545b1ed14f4c8206e,LastVisualChange,cnn,True,cnn LastVisualChange opt cold fission webrender,,77,ms,firefox,,1734829662,2023-07-25T20:08:08,2189.5,0b57f8c60115837b51fec8c14e76e73d6246aaa9,1277887
autoland,3869862,13,ffaba559b8f75178eed537731f258b1129b7fe97,linux1804-64-shippable-qr,True,False,,|c|o|l|d| |f|i|s|s|i|o|n| |w|e|b|r|e|n|d|e|r|,102210fe594ee9b33d82058545b1ed14f4c8206e,LastVisualChange,cnn,True,cnn LastVisualChange opt cold fission webrender,,77,ms,firefox,,1732733590,2023-07-25T20:18:24,2071.8,057497f52bb2035ba4da666b7398ffa1e6c65bb5,1277896
autoland,3869862,13,ffaba559b8f75178eed537731f258b1129b7fe97,linux1804-64-shippable-qr,True,False,,|c|o|l|d| |f|i|s|s|i|o|n| |w|e|b|r|e|n|d|e|r|,102210fe594ee9b33d82058545b1ed14f4c8206e,LastVisualChange,cnn,True,cnn LastVisualChange opt cold fission webrender,,77,ms,firefox,,1733919531,2023-07-25T20:18:24,2054.6,057497f52bb2035ba4da666b7398ffa1e6c65bb5,1277896
autoland,3869862,13,ffaba559b8f75178eed537731f258b1129b7fe97,linux1804-64-shippable-qr,True,False,,|c|o|l|d| |f|i|s|s|i|o|n| |w|e|b|r|e|n|d|e|r|,102210fe594ee9b33d82058545b1ed14f4c8206e,LastVisualChange,cnn,True,cnn LastVisualChange opt cold fission webrender,,77,ms,firefox,,1733919777,2023-07-25T20:18:24,2045.4,057497f52bb2035ba4da666b7398ffa1e6c65bb5,1277896
autoland,3869862,13,ffaba559b8f75178eed537731f258b1129b7fe97,linux1804-64-shippable-qr,True,False,,|c|o|l|d| |f|i|s|s|i|o|n| |w|e|b|r|e|n|d|e|r|,102210fe594ee9b33d82058545b1ed14f4c8206e,LastVisualChange,cnn,True,cnn LastVisualChange opt cold fission webrender,,77,ms,firefox,,1733919485,2023-07-25T20:18:24,2071.1,057497f52bb2035ba4da666b7398ffa1e6c65bb5,1277896
autoland,3869862,13,ffaba559b8f75178eed537731f258b1129b7fe97,linux1804-64-shippable-qr,True,False,,|c|o|l|d| |f|i|s|s|i|o|n| |w|e|b|r|e|n|d|e|r|,102210fe594ee9b33d82058545b1ed14f4c8206e,LastVisualChange,cnn,True,cnn LastVisualChange opt cold fission webrender,,77,ms,firefox,,1733919710,2023-07-25T20:18:24,2064.8,057497f52bb2035ba4da666b7398ffa1e6c65bb5,1277896
autoland,3869862,13,ffaba559b8f75178eed537731f258b1129b7fe97,linux1804-64-shippable-qr,True,False,,|c|o|l|d| |f|i|s|s|i|o|n| |w|e|b|r|e|n|d|e|r|,102210fe594ee9b33d82058545b1ed14f4c8206e,LastVisualChange,cnn,True,cnn LastVisualChange opt cold fission webrender,,77,ms,firefox,,1734830105,2023-07-25T20:18:24,2054.6,057497f52bb2035ba4da666b7398ffa1e6c65bb5,1277896
autoland,3869862,13,ffaba559b8f75178eed537731f258b1129b7fe97,linux1804-64-shippable-qr,True,False,,|c|o|l|d| |f|i|s|s|i|o|n| |w|e|b|r|e|n|d|e|r|,102210fe594ee9b33d82058545b1ed14f4c8206e,LastVisualChange,cnn,True,cnn LastVisualChange opt cold fission webrender,,77,ms,firefox,,1734829182,2023-07-25T20:18:24,2204.1,057497f52bb2035ba4da666b7398ffa1e6c65bb5,1277896
autoland,3869862,13,ffaba559b8f75178eed537731f258b1129b7fe97,linux1804-64-shippable-qr,True,False,,|c|o|l|d| |f|i|s|s|i|o|n| |w|e|b|r|e|n|d|e|r|,102210fe594ee9b33d82058545b1ed14f4c8206e,LastVisualChange,cnn,True,cnn LastVisualChange opt cold fission webrender,,77,ms,firefox,,1734829608,2023-07-25T20:18:24,2101.8,057497f52bb2035ba4da666b7398ffa1e6c65bb5,1277896
autoland,3869862,13,ffaba559b8f75178eed537731f258b1129b7fe97,linux1804-64-shippable-qr,True,False,,|c|o|l|d| |f|i|s|s|i|o|n| |w|e|b|r|e|n|d|e|r|,102210fe594ee9b33d82058545b1ed14f4c8206e,LastVisualChange,cnn,True,cnn LastVisualChange opt cold fission webrender,,77,ms,firefox,,1732734560,2023-07-25T20:45:03,2065.2,a6ca8c0a7fba3856ffad0d5c0c64baaa8819d5bb,1277910
autoland,3869862,13,ffaba559b8f75178eed537731f258b1129b7fe97,linux1804-64-shippable-qr,True,False,,|c|o|l|d| |f|i|s|s|i|o|n| |w|e|b|r|e|n|d|e|r|,102210fe594ee9b33d82058545b1ed14f4c8206e,LastVisualChange,cnn,True,cnn LastVisualChange opt cold fission webrender,,77,ms,firefox,,1733920195,2023-07-25T20:45:03,2086.2,a6ca8c0a7fba3856ffad0d5c0c64baaa8819d5bb,1277910
autoland,3869862,13,ffaba559b8f75178eed537731f258b1129b7fe97,linux1804-64-shippable-qr,True,False,,|c|o|l|d| |f|i|s|s|i|o|n| |w|e|b|r|e|n|d|e|r|,102210fe594ee9b33d82058545b1ed14f4c8206e,LastVisualChange,cnn,True,cnn LastVisualChange opt cold fission webrender,,77,ms,firefox,,1733920396,2023-07-25T20:45:03,2065.9,a6ca8c0a7fba3856ffad0d5c0c64baaa8819d5bb,1277910
autoland,3869862,13,ffaba559b8f75178eed537731f258b1129b7fe97,linux1804-64-shippable-qr,True,False,,|c|o|l|d| |f|i|s|s|i|o|n| |w|e|b|r|e|n|d|e|r|,102210fe594ee9b33d82058545b1ed14f4c8206e,LastVisualChange,cnn,True,cnn LastVisualChange opt cold fission webrender,,77,ms,firefox,,1733919900,2023-07-25T20:45:03,2076.7,a6ca8c0a7fba3856ffad0d5c0c64baaa8819d5bb,1277910
autoland,3869862,13,ffaba559b8f75178eed537731f258b1129b7fe97,linux1804-64-shippable-qr,True,False,,|c|o|l|d| |f|i|s|s|i|o|n| |w|e|b|r|e|n|d|e|r|,102210fe594ee9b33d82058545b1ed14f4c8206e,LastVisualChange,cnn,True,cnn LastVisualChange opt cold fission webrender,,77,ms,firefox,,1733920217,2023-07-25T20:45:03,2132.6,a6ca8c0a7fba3856ffad0d5c0c64baaa8819d5bb,1277910
autoland,3869862,13,ffaba559b8f75178eed537731f258b1129b7fe97,linux1804-64-shippable-qr,True,False,,|c|o|l|d| |f|i|s|s|i|o|n| |w|e|b|r|e|n|d|e|r|,102210fe594ee9b33d82058545b1ed14f4c8206e,LastVisualChange,cnn,True,cnn LastVisualChange opt cold fission webrender,,77,ms,firefox,,1735165194,2023-07-25T20:45:03,2089.4,a6ca8c0a7fba3856ffad0d5c0c64baaa8819d5bb,1277910
autoland,3869862,13,ffaba559b8f75178eed537731f258b1129b7fe97,linux1804-64-shippable-qr,True,False,,|c|o|l|d| |f|i|s|s|i|o|n| |w|e|b|r|e|n|d|e|r|,102210fe594ee9b33d82058545b1ed14f4c8206e,LastVisualChange,cnn,True,cnn LastVisualChange opt cold fission webrender,,77,ms,firefox,,1735165691,2023-07-25T20:45:03,2123.9,a6ca8c0a7fba3856ffad0d5c0c64baaa8819d5bb,1277910
autoland,3869862,13,ffaba559b8f75178eed537731f258b1129b7fe97,linux1804-64-shippable-qr,True,False,,|c|o|l|d| |f|i|s|s|i|o|n| |w|e|b|r|e|n|d|e|r|,102210fe594ee9b33d82058545b1ed14f4c8206e,LastVisualChange,cnn,True,cnn LastVisualChange opt cold fission webrender,,77,ms,firefox,,1735166627,2023-07-25T20:45:03,2028.6,a6ca8c0a7fba3856ffad0d5c0c64baaa8819d5bb,1277910
autoland,3869862,13,ffaba559b8f75178eed537731f258b1129b7fe97,linux1804-64-shippable-qr,True,False,,|c|o|l|d| |f|i|s|s|i|o|n| |w|e|b|r|e|n|d|e|r|,102210fe594ee9b33d82058545b1ed14f4c8206e,LastVisualChange,cnn,True,cnn LastVisualChange opt cold fission webrender,,77,ms,firefox,,1735166940,2023-07-25T20:45:03,2067.7,a6ca8c0a7fba3856ffad0d5c0c64baaa8819d5bb,1277910
autoland,3869862,13,ffaba559b8f75178eed537731f258b1129b7fe97,linux1804-64-shippable-qr,True,False,,|c|o|l|d| |f|i|s|s|i|o|n| |w|e|b|r|e|n|d|e|r|,102210fe594ee9b33d82058545b1ed14f4c8206e,LastVisualChange,cnn,True,cnn LastVisualChange opt cold fission webrender,,77,ms,firefox,,1735166848,2023-07-25T20:45:03,2055.7,a6ca8c0a7fba3856ffad0d5c0c64baaa8819d5bb,1277910
autoland,3869862,13,ffaba559b8f75178eed537731f258b1129b7fe97,linux1804-64-shippable-qr,True,False,,|c|o|l|d| |f|i|s|s|i|o|n| |w|e|b|r|e|n|d|e|r|,102210fe594ee9b33d82058545b1ed14f4c8206e,LastVisualChange,cnn,True,cnn LastVisualChange opt cold fission webrender,,77,ms,firefox,,1732734666,2023-07-25T20:52:29,2051.6,ca12d2a93c0cf33c19d053a5dd0838600f53e49a,1277922
autoland,3869862,13,ffaba559b8f75178eed537731f258b1129b7fe97,linux1804-64-shippable-qr,True,False,,|c|o|l|d| |f|i|s|s|i|o|n| |w|e|b|r|e|n|d|e|r|,102210fe594ee9b33d82058545b1ed14f4c8206e,LastVisualChange,cnn,True,cnn LastVisualChange opt cold fission webrender,,77,ms,firefox,,1735165260,2023-07-25T20:52:29,2085.1,ca12d2a93c0cf33c19d053a5dd0838600f53e49a,1277922
autoland,3869862,13,ffaba559b8f75178eed537731f258b1129b7fe97,linux1804-64-shippable-qr,True,False,,|c|o|l|d| |f|i|s|s|i|o|n| |w|e|b|r|e|n|d|e|r|,102210fe594ee9b33d82058545b1ed14f4c8206e,LastVisualChange,cnn,True,cnn LastVisualChange opt cold fission webrender,,77,ms,firefox,,1735164807,2023-07-25T20:52:29,2044.6,ca12d2a93c0cf33c19d053a5dd0838600f53e49a,1277922
autoland,3869862,13,ffaba559b8f75178eed537731f258b1129b7fe97,linux1804-64-shippable-qr,True,False,,|c|o|l|d| |f|i|s|s|i|o|n| |w|e|b|r|e|n|d|e|r|,102210fe594ee9b33d82058545b1ed14f4c8206e,LastVisualChange,cnn,True,cnn LastVisualChange opt cold fission webrender,,77,ms,firefox,,1735164829,2023-07-25T20:52:29,2067.5,ca12d2a93c0cf33c19d053a5dd0838600f53e49a,1277922
autoland,3869862,13,ffaba559b8f75178eed537731f258b1129b7fe97,linux1804-64-shippable-qr,True,False,,|c|o|l|d| |f|i|s|s|i|o|n| |w|e|b|r|e|n|d|e|r|,102210fe594ee9b33d82058545b1ed14f4c8206e,LastVisualChange,cnn,True,cnn LastVisualChange opt cold fission webrender,,77,ms,firefox,,1735164869,2023-07-25T20:52:29,2076.2,ca12d2a93c0cf33c19d053a5dd0838600f53e49a,1277922
autoland,3869862,13,ffaba559b8f75178eed537731f258b1129b7fe97,linux1804-64-shippable-qr,True,False,,|c|o|l|d| |f|i|s|s|i|o|n| |w|e|b|r|e|n|d|e|r|,102210fe594ee9b33d82058545b1ed14f4c8206e,LastVisualChange,cnn,True,cnn LastVisualChange opt cold fission webrender,,77,ms,firefox,,1735165113,2023-07-25T20:52:29,2061.1,ca12d2a93c0cf33c19d053a5dd0838600f53e49a,1277922
autoland,3869862,13,ffaba559b8f75178eed537731f258b1129b7fe97,linux1804-64-shippable-qr,True,False,,|c|o|l|d| |f|i|s|s|i|o|n| |w|e|b|r|e|n|d|e|r|,102210fe594ee9b33d82058545b1ed14f4c8206e,LastVisualChange,cnn,True,cnn LastVisualChange opt cold fission webrender,,77,ms,firefox,,1732734899,2023-07-25T20:55:09,2094.3,d5d1d5d6429085ee7a7dac10f50bba5a9f759b6a,1277925
autoland,3869862,13,ffaba559b8f75178eed537731f258b1129b7fe97,linux1804-64-shippable-qr,True,False,,|c|o|l|d| |f|i|s|s|i|o|n| |w|e|b|r|e|n|d|e|r|,102210fe594ee9b33d82058545b1ed14f4c8206e,LastVisualChange,cnn,True,cnn LastVisualChange opt cold fission webrender,,77,ms,firefox,,1735165281,2023-07-25T20:55:09,2040.6,d5d1d5d6429085ee7a7dac10f50bba5a9f759b6a,1277925
autoland,3869862,13,ffaba559b8f75178eed537731f258b1129b7fe97,linux1804-64-shippable-qr,True,False,,|c|o|l|d| |f|i|s|s|i|o|n| |w|e|b|r|e|n|d|e|r|,102210fe594ee9b33d82058545b1ed14f4c8206e,LastVisualChange,cnn,True,cnn LastVisualChange opt cold fission webrender,,77,ms,firefox,,1735165047,2023-07-25T20:55:09,2048.3,d5d1d5d6429085ee7a7dac10f50bba5a9f759b6a,1277925
autoland,3869862,13,ffaba559b8f75178eed537731f258b1129b7fe97,linux1804-64-shippable-qr,True,False,,|c|o|l|d| |f|i|s|s|i|o|n| |w|e|b|r|e|n|d|e|r|,102210fe594ee9b33d82058545b1ed14f4c8206e,LastVisualChange,cnn,True,cnn LastVisualChange opt cold fission webrender,,77,ms,firefox,,1735165237,2023-07-25T20:55:09,2046.9,d5d1d5d6429085ee7a7dac10f50bba5a9f759b6a,1277925
autoland,3869862,13,ffaba559b8f75178eed537731f258b1129b7fe97,linux1804-64-shippable-qr,True,False,,|c|o|l|d| |f|i|s|s|i|o|n| |w|e|b|r|e|n|d|e|r|,102210fe594ee9b33d82058545b1ed14f4c8206e,LastVisualChange,cnn,True,cnn LastVisualChange opt cold fission webrender,,77,ms,firefox,,1735164956,2023-07-25T20:55:09,2063.6,d5d1d5d6429085ee7a7dac10f50bba5a9f759b6a,1277925
autoland,3869862,13,ffaba559b8f75178eed537731f258b1129b7fe97,linux1804-64-shippable-qr,True,False,,|c|o|l|d| |f|i|s|s|i|o|n| |w|e|b|r|e|n|d|e|r|,102210fe594ee9b33d82058545b1ed14f4c8206e,LastVisualChange,cnn,True,cnn LastVisualChange opt cold fission webrender,,77,ms,firefox,,1735164967,2023-07-25T20:55:09,2046.2,d5d1d5d6429085ee7a7dac10f50bba5a9f759b6a,1277925
autoland,3869862,13,ffaba559b8f75178eed537731f258b1129b7fe97,linux1804-64-shippable-qr,True,False,,|c|o|l|d| |f|i|s|s|i|o|n| |w|e|b|r|e|n|d|e|r|,102210fe594ee9b33d82058545b1ed14f4c8206e,LastVisualChange,cnn,True,cnn LastVisualChange opt cold fission webrender,,77,ms,firefox,,1732734624,2023-07-25T21:19:11,2079.8,f3394bd0f55464102249e5a298c67475414d10fa,1277946
autoland,3869862,13,ffaba559b8f75178eed537731f258b1129b7fe97,linux1804-64-shippable-qr,True,False,,|c|o|l|d| |f|i|s|s|i|o|n| |w|e|b|r|e|n|d|e|r|,102210fe594ee9b33d82058545b1ed14f4c8206e,LastVisualChange,cnn,True,cnn LastVisualChange opt cold fission webrender,,77,ms,firefox,,1735165060,2023-07-25T21:19:11,2119.1,f3394bd0f55464102249e5a298c67475414d10fa,1277946
autoland,3869862,13,ffaba559b8f75178eed537731f258b1129b7fe97,linux1804-64-shippable-qr,True,False,,|c|o|l|d| |f|i|s|s|i|o|n| |w|e|b|r|e|n|d|e|r|,102210fe594ee9b33d82058545b1ed14f4c8206e,LastVisualChange,cnn,True,cnn LastVisualChange opt cold fission webrender,,77,ms,firefox,,1735165114,2023-07-25T21:19:11,2091.7,f3394bd0f55464102249e5a298c67475414d10fa,1277946
autoland,3869862,13,ffaba559b8f75178eed537731f258b1129b7fe97,linux1804-64-shippable-qr,True,False,,|c|o|l|d| |f|i|s|s|i|o|n| |w|e|b|r|e|n|d|e|r|,102210fe594ee9b33d82058545b1ed14f4c8206e,LastVisualChange,cnn,True,cnn LastVisualChange opt cold fission webrender,,77,ms,firefox,,1735165303,2023-07-25T21:19:11,2102.6,f3394bd0f55464102249e5a298c67475414d10fa,1277946
autoland,3869862,13,ffaba559b8f75178eed537731f258b1129b7fe97,linux1804-64-shippable-qr,True,False,,|c|o|l|d| |f|i|s|s|i|o|n| |w|e|b|r|e|n|d|e|r|,102210fe594ee9b33d82058545b1ed14f4c8206e,LastVisualChange,cnn,True,cnn LastVisualChange opt cold fission webrender,,77,ms,firefox,,1735165074,2023-07-25T21:19:11,2064.7,f3394bd0f55464102249e5a298c67475414d10fa,1277946
autoland,3869862,13,ffaba559b8f75178eed537731f258b1129b7fe97,linux1804-64-shippable-qr,True,False,,|c|o|l|d| |f|i|s|s|i|o|n| |w|e|b|r|e|n|d|e|r|,102210fe594ee9b33d82058545b1ed14f4c8206e,LastVisualChange,cnn,True,cnn LastVisualChange opt cold fission webrender,,77,ms,firefox,,1735165152,2023-07-25T21:19:11,2076.5,f3394bd0f55464102249e5a298c67475414d10fa,1277946
autoland,3869862,13,ffaba559b8f75178eed537731f258b1129b7fe97,linux1804-64-shippable-qr,True,False,,|c|o|l|d| |f|i|s|s|i|o|n| |w|e|b|r|e|n|d|e|r|,102210fe594ee9b33d82058545b1ed14f4c8206e,LastVisualChange,cnn,True,cnn LastVisualChange opt cold fission webrender,,77,ms,firefox,,1732734790,2023-07-25T21:48:19,2084.9,17f9ed6698aaa87c31dced8cd2d939cae19f367a,1277961
autoland,3869862,13,ffaba559b8f75178eed537731f258b1129b7fe97,linux1804-64-shippable-qr,True,False,,|c|o|l|d| |f|i|s|s|i|o|n| |w|e|b|r|e|n|d|e|r|,102210fe594ee9b33d82058545b1ed14f4c8206e,LastVisualChange,cnn,True,cnn LastVisualChange opt cold fission webrender,,77,ms,firefox,,1735165889,2023-07-25T21:48:19,2043.3,17f9ed6698aaa87c31dced8cd2d939cae19f367a,1277961
autoland,3869862,13,ffaba559b8f75178eed537731f258b1129b7fe97,linux1804-64-shippable-qr,True,False,,|c|o|l|d| |f|i|s|s|i|o|n| |w|e|b|r|e|n|d|e|r|,102210fe594ee9b33d82058545b1ed14f4c8206e,LastVisualChange,cnn,True,cnn LastVisualChange opt cold fission webrender,,77,ms,firefox,,1735165795,2023-07-25T21:48:19,2051.7,17f9ed6698aaa87c31dced8cd2d939cae19f367a,1277961
autoland,3869862,13,ffaba559b8f75178eed537731f258b1129b7fe97,linux1804-64-shippable-qr,True,False,,|c|o|l|d| |f|i|s|s|i|o|n| |w|e|b|r|e|n|d|e|r|,102210fe594ee9b33d82058545b1ed14f4c8206e,LastVisualChange,cnn,True,cnn LastVisualChange opt cold fission webrender,,77,ms,firefox,,1735165836,2023-07-25T21:48:19,2046.5,17f9ed6698aaa87c31dced8cd2d939cae19f367a,1277961
autoland,3869862,13,ffaba559b8f75178eed537731f258b1129b7fe97,linux1804-64-shippable-qr,True,False,,|c|o|l|d| |f|i|s|s|i|o|n| |w|e|b|r|e|n|d|e|r|,102210fe594ee9b33d82058545b1ed14f4c8206e,LastVisualChange,cnn,True,cnn LastVisualChange opt cold fission webrender,,77,ms,firefox,,1735165867,2023-07-25T21:48:19,2033.8,17f9ed6698aaa87c31dced8cd2d939cae19f367a,1277961
autoland,3869862,13,ffaba559b8f75178eed537731f258b1129b7fe97,linux1804-64-shippable-qr,True,False,,|c|o|l|d| |f|i|s|s|i|o|n| |w|e|b|r|e|n|d|e|r|,102210fe594ee9b33d82058545b1ed14f4c8206e,LastVisualChange,cnn,True,cnn LastVisualChange opt cold fission webrender,,77,ms,firefox,,1735165908,2023-07-25T21:48:19,2118.3,17f9ed6698aaa87c31dced8cd2d939cae19f367a,1277961
autoland,3869862,13,ffaba559b8f75178eed537731f258b1129b7fe97,linux1804-64-shippable-qr,True,False,,|c|o|l|d| |f|i|s|s|i|o|n| |w|e|b|r|e|n|d|e|r|,102210fe594ee9b33d82058545b1ed14f4c8206e,LastVisualChange,cnn,True,cnn LastVisualChange opt cold fission webrender,,77,ms,firefox,,1732736233,2023-07-25T22:12:28,2103.0,1316e023af4411c289e2fe2c7d2d73d9b1ac3fb0,1277974
autoland,3869862,13,ffaba559b8f75178eed537731f258b1129b7fe97,linux1804-64-shippable-qr,True,False,,|c|o|l|d| |f|i|s|s|i|o|n| |w|e|b|r|e|n|d|e|r|,102210fe594ee9b33d82058545b1ed14f4c8206e,LastVisualChange,cnn,True,cnn LastVisualChange opt cold fission webrender,,77,ms,firefox,,1735164935,2023-07-25T22:12:28,2109.6,1316e023af4411c289e2fe2c7d2d73d9b1ac3fb0,1277974
autoland,3869862,13,ffaba559b8f75178eed537731f258b1129b7fe97,linux1804-64-shippable-qr,True,False,,|c|o|l|d| |f|i|s|s|i|o|n| |w|e|b|r|e|n|d|e|r|,102210fe594ee9b33d82058545b1ed14f4c8206e,LastVisualChange,cnn,True,cnn LastVisualChange opt cold fission webrender,,77,ms,firefox,,1735165173,2023-07-25T22:12:28,2094.4,1316e023af4411c289e2fe2c7d2d73d9b1ac3fb0,1277974
autoland,3869862,13,ffaba559b8f75178eed537731f258b1129b7fe97,linux1804-64-shippable-qr,True,False,,|c|o|l|d| |f|i|s|s|i|o|n| |w|e|b|r|e|n|d|e|r|,102210fe594ee9b33d82058545b1ed14f4c8206e,LastVisualChange,cnn,True,cnn LastVisualChange opt cold fission webrender,,77,ms,firefox,,1735164851,2023-07-25T22:12:28,2082.0,1316e023af4411c289e2fe2c7d2d73d9b1ac3fb0,1277974
autoland,3869862,13,ffaba559b8f75178eed537731f258b1129b7fe97,linux1804-64-shippable-qr,True,False,,|c|o|l|d| |f|i|s|s|i|o|n| |w|e|b|r|e|n|d|e|r|,102210fe594ee9b33d82058545b1ed14f4c8206e,LastVisualChange,cnn,True,cnn LastVisualChange opt cold fission webrender,,77,ms,firefox,,1735164873,2023-07-25T22:12:28,2107.9,1316e023af4411c289e2fe2c7d2d73d9b1ac3fb0,1277974
autoland,3869862,13,ffaba559b8f75178eed537731f258b1129b7fe97,linux1804-64-shippable-qr,True,False,,|c|o|l|d| |f|i|s|s|i|o|n| |w|e|b|r|e|n|d|e|r|,102210fe594ee9b33d82058545b1ed14f4c8206e,LastVisualChange,cnn,True,cnn LastVisualChange opt cold fission webrender,,77,ms,firefox,,1735165215,2023-07-25T22:12:28,2121.5,1316e023af4411c289e2fe2c7d2d73d9b1ac3fb0,1277974
autoland,3869862,13,ffaba559b8f75178eed537731f258b1129b7fe97,linux1804-64-shippable-qr,True,False,,|c|o|l|d| |f|i|s|s|i|o|n| |w|e|b|r|e|n|d|e|r|,102210fe594ee9b33d82058545b1ed14f4c8206e,LastVisualChange,cnn,True,cnn LastVisualChange opt cold fission webrender,,77,ms,firefox,,1732734932,2023-07-25T22:23:11,2120.0,2157132d0eb549ea402a565dc385cf4b7d45e801,1277980
autoland,3869862,13,ffaba559b8f75178eed537731f258b1129b7fe97,linux1804-64-shippable-qr,True,False,,|c|o|l|d| |f|i|s|s|i|o|n| |w|e|b|r|e|n|d|e|r|,102210fe594ee9b33d82058545b1ed14f4c8206e,LastVisualChange,cnn,True,cnn LastVisualChange opt cold fission webrender,,77,ms,firefox,,1735165482,2023-07-25T22:23:11,2104.2,2157132d0eb549ea402a565dc385cf4b7d45e801,1277980
autoland,3869862,13,ffaba559b8f75178eed537731f258b1129b7fe97,linux1804-64-shippable-qr,True,False,,|c|o|l|d| |f|i|s|s|i|o|n| |w|e|b|r|e|n|d|e|r|,102210fe594ee9b33d82058545b1ed14f4c8206e,LastVisualChange,cnn,True,cnn LastVisualChange opt cold fission webrender,,77,ms,firefox,,1735165437,2023-07-25T22:23:11,2144.4,2157132d0eb549ea402a565dc385cf4b7d45e801,1277980
autoland,3869862,13,ffaba559b8f75178eed537731f258b1129b7fe97,linux1804-64-shippable-qr,True,False,,|c|o|l|d| |f|i|s|s|i|o|n| |w|e|b|r|e|n|d|e|r|,102210fe594ee9b33d82058545b1ed14f4c8206e,LastVisualChange,cnn,True,cnn LastVisualChange opt cold fission webrender,,77,ms,firefox,,1735165454,2023-07-25T22:23:11,2116.2,2157132d0eb549ea402a565dc385cf4b7d45e801,1277980
autoland,3869862,13,ffaba559b8f75178eed537731f258b1129b7fe97,linux1804-64-shippable-qr,True,False,,|c|o|l|d| |f|i|s|s|i|o|n| |w|e|b|r|e|n|d|e|r|,102210fe594ee9b33d82058545b1ed14f4c8206e,LastVisualChange,cnn,True,cnn LastVisualChange opt cold fission webrender,,77,ms,firefox,,1735165566,2023-07-25T22:23:11,2149.5,2157132d0eb549ea402a565dc385cf4b7d45e801,1277980
autoland,3869862,13,ffaba559b8f75178eed537731f258b1129b7fe97,linux1804-64-shippable-qr,True,False,,|c|o|l|d| |f|i|s|s|i|o|n| |w|e|b|r|e|n|d|e|r|,102210fe594ee9b33d82058545b1ed14f4c8206e,LastVisualChange,cnn,True,cnn LastVisualChange opt cold fission webrender,,77,ms,firefox,,1735165608,2023-07-25T22:23:11,2126.8,2157132d0eb549ea402a565dc385cf4b7d45e801,1277980
autoland,3869862,13,ffaba559b8f75178eed537731f258b1129b7fe97,linux1804-64-shippable-qr,True,False,,|c|o|l|d| |f|i|s|s|i|o|n| |w|e|b|r|e|n|d|e|r|,102210fe594ee9b33d82058545b1ed14f4c8206e,LastVisualChange,cnn,True,cnn LastVisualChange opt cold fission webrender,,77,ms,firefox,,1732735102,2023-07-25T22:52:06,2094.2,ba78719b1628b2e46480c18b389e7acefc010d51,1277999
autoland,3869862,13,ffaba559b8f75178eed537731f258b1129b7fe97,linux1804-64-shippable-qr,True,False,,|c|o|l|d| |f|i|s|s|i|o|n| |w|e|b|r|e|n|d|e|r|,102210fe594ee9b33d82058545b1ed14f4c8206e,LastVisualChange,cnn,True,cnn LastVisualChange opt cold fission webrender,,77,ms,firefox,,1732735218,2023-07-25T22:52:06,2094.9,ba78719b1628b2e46480c18b389e7acefc010d51,1277999
autoland,3869862,13,ffaba559b8f75178eed537731f258b1129b7fe97,linux1804-64-shippable-qr,True,False,,|c|o|l|d| |f|i|s|s|i|o|n| |w|e|b|r|e|n|d|e|r|,102210fe594ee9b33d82058545b1ed14f4c8206e,LastVisualChange,cnn,True,cnn LastVisualChange opt cold fission webrender,,77,ms,firefox,,1735165523,2023-07-25T22:52:06,2089.8,ba78719b1628b2e46480c18b389e7acefc010d51,1277999
autoland,3869862,13,ffaba559b8f75178eed537731f258b1129b7fe97,linux1804-64-shippable-qr,True,False,,|c|o|l|d| |f|i|s|s|i|o|n| |w|e|b|r|e|n|d|e|r|,102210fe594ee9b33d82058545b1ed14f4c8206e,LastVisualChange,cnn,True,cnn LastVisualChange opt cold fission webrender,,77,ms,firefox,,1735165540,2023-07-25T22:52:06,2085.3,ba78719b1628b2e46480c18b389e7acefc010d51,1277999
autoland,3869862,13,ffaba559b8f75178eed537731f258b1129b7fe97,linux1804-64-shippable-qr,True,False,,|c|o|l|d| |f|i|s|s|i|o|n| |w|e|b|r|e|n|d|e|r|,102210fe594ee9b33d82058545b1ed14f4c8206e,LastVisualChange,cnn,True,cnn LastVisualChange opt cold fission webrender,,77,ms,firefox,,1735165587,2023-07-25T22:52:06,2113.6,ba78719b1628b2e46480c18b389e7acefc010d51,1277999
autoland,3869862,13,ffaba559b8f75178eed537731f258b1129b7fe97,linux1804-64-shippable-qr,True,False,,|c|o|l|d| |f|i|s|s|i|o|n| |w|e|b|r|e|n|d|e|r|,102210fe594ee9b33d82058545b1ed14f4c8206e,LastVisualChange,cnn,True,cnn LastVisualChange opt cold fission webrender,,77,ms,firefox,,1735165634,2023-07-25T22:52:06,2105.7,ba78719b1628b2e46480c18b389e7acefc010d51,1277999
autoland,3869862,13,ffaba559b8f75178eed537731f258b1129b7fe97,linux1804-64-shippable-qr,True,False,,|c|o|l|d| |f|i|s|s|i|o|n| |w|e|b|r|e|n|d|e|r|,102210fe594ee9b33d82058545b1ed14f4c8206e,LastVisualChange,cnn,True,cnn LastVisualChange opt cold fission webrender,,77,ms,firefox,,1735165487,2023-07-25T22:52:06,2139.9,ba78719b1628b2e46480c18b389e7acefc010d51,1277999
autoland,3869862,13,ffaba559b8f75178eed537731f258b1129b7fe97,linux1804-64-shippable-qr,True,False,,|c|o|l|d| |f|i|s|s|i|o|n| |w|e|b|r|e|n|d|e|r|,102210fe594ee9b33d82058545b1ed14f4c8206e,LastVisualChange,cnn,True,cnn LastVisualChange opt cold fission webrender,,77,ms,firefox,,1731431747,2023-07-25T23:05:26,2090.4,9a2f59dbe5917068801919377341eb7c1ea2030d,1278011
autoland,3869862,13,ffaba559b8f75178eed537731f258b1129b7fe97,linux1804-64-shippable-qr,True,False,,|c|o|l|d| |f|i|s|s|i|o|n| |w|e|b|r|e|n|d|e|r|,102210fe594ee9b33d82058545b1ed14f4c8206e,LastVisualChange,cnn,True,cnn LastVisualChange opt cold fission webrender,,77,ms,firefox,,1734079259,2023-07-25T23:05:26,2093.0,9a2f59dbe5917068801919377341eb7c1ea2030d,1278011
autoland,3869862,13,ffaba559b8f75178eed537731f258b1129b7fe97,linux1804-64-shippable-qr,True,False,,|c|o|l|d| |f|i|s|s|i|o|n| |w|e|b|r|e|n|d|e|r|,102210fe594ee9b33d82058545b1ed14f4c8206e,LastVisualChange,cnn,True,cnn LastVisualChange opt cold fission webrender,,77,ms,firefox,,1734079203,2023-07-25T23:05:26,2102.9,9a2f59dbe5917068801919377341eb7c1ea2030d,1278011
autoland,3869862,13,ffaba559b8f75178eed537731f258b1129b7fe97,linux1804-64-shippable-qr,True,False,,|c|o|l|d| |f|i|s|s|i|o|n| |w|e|b|r|e|n|d|e|r|,102210fe594ee9b33d82058545b1ed14f4c8206e,LastVisualChange,cnn,True,cnn LastVisualChange opt cold fission webrender,,77,ms,firefox,,1734079324,2023-07-25T23:05:26,2105.8,9a2f59dbe5917068801919377341eb7c1ea2030d,1278011
autoland,3869862,13,ffaba559b8f75178eed537731f258b1129b7fe97,linux1804-64-shippable-qr,True,False,,|c|o|l|d| |f|i|s|s|i|o|n| |w|e|b|r|e|n|d|e|r|,102210fe594ee9b33d82058545b1ed14f4c8206e,LastVisualChange,cnn,True,cnn LastVisualChange opt cold fission webrender,,77,ms,firefox,,1734079501,2023-07-25T23:05:26,2107.1,9a2f59dbe5917068801919377341eb7c1ea2030d,1278011
autoland,3869862,13,ffaba559b8f75178eed537731f258b1129b7fe97,linux1804-64-shippable-qr,True,False,,|c|o|l|d| |f|i|s|s|i|o|n| |w|e|b|r|e|n|d|e|r|,102210fe594ee9b33d82058545b1ed14f4c8206e,LastVisualChange,cnn,True,cnn LastVisualChange opt cold fission webrender,,77,ms,firefox,,1735165332,2023-07-25T23:05:26,2132.5,9a2f59dbe5917068801919377341eb7c1ea2030d,1278011
autoland,3869862,13,ffaba559b8f75178eed537731f258b1129b7fe97,linux1804-64-shippable-qr,True,False,,|c|o|l|d| |f|i|s|s|i|o|n| |w|e|b|r|e|n|d|e|r|,102210fe594ee9b33d82058545b1ed14f4c8206e,LastVisualChange,cnn,True,cnn LastVisualChange opt cold fission webrender,,77,ms,firefox,,1735165391,2023-07-25T23:05:26,2083.3,9a2f59dbe5917068801919377341eb7c1ea2030d,1278011
autoland,3869862,13,ffaba559b8f75178eed537731f258b1129b7fe97,linux1804-64-shippable-qr,True,False,,|c|o|l|d| |f|i|s|s|i|o|n| |w|e|b|r|e|n|d|e|r|,102210fe594ee9b33d82058545b1ed14f4c8206e,LastVisualChange,cnn,True,cnn LastVisualChange opt cold fission webrender,,77,ms,firefox,,1735165325,2023-07-25T23:05:26,2137.6,9a2f59dbe5917068801919377341eb7c1ea2030d,1278011
autoland,3869862,13,ffaba559b8f75178eed537731f258b1129b7fe97,linux1804-64-shippable-qr,True,False,,|c|o|l|d| |f|i|s|s|i|o|n| |w|e|b|r|e|n|d|e|r|,102210fe594ee9b33d82058545b1ed14f4c8206e,LastVisualChange,cnn,True,cnn LastVisualChange opt cold fission webrender,,77,ms,firefox,,1735165361,2023-07-25T23:05:26,2120.4,9a2f59dbe5917068801919377341eb7c1ea2030d,1278011
autoland,3869862,13,ffaba559b8f75178eed537731f258b1129b7fe97,linux1804-64-shippable-qr,True,False,,|c|o|l|d| |f|i|s|s|i|o|n| |w|e|b|r|e|n|d|e|r|,102210fe594ee9b33d82058545b1ed14f4c8206e,LastVisualChange,cnn,True,cnn LastVisualChange opt cold fission webrender,,77,ms,firefox,,1735165412,2023-07-25T23:05:26,2159.3,9a2f59dbe5917068801919377341eb7c1ea2030d,1278011
autoland,3869862,13,ffaba559b8f75178eed537731f258b1129b7fe97,linux1804-64-shippable-qr,True,False,,|c|o|l|d| |f|i|s|s|i|o|n| |w|e|b|r|e|n|d|e|r|,102210fe594ee9b33d82058545b1ed14f4c8206e,LastVisualChange,cnn,True,cnn LastVisualChange opt cold fission webrender,,77,ms,firefox,,1732735558,2023-07-25T23:13:28,2098.2,3a4381f63e1e45f07f93fa6c783c22d11c83dbce,1278016
autoland,3869862,13,ffaba559b8f75178eed537731f258b1129b7fe97,linux1804-64-shippable-qr,True,False,,|c|o|l|d| |f|i|s|s|i|o|n| |w|e|b|r|e|n|d|e|r|,102210fe594ee9b33d82058545b1ed14f4c8206e,LastVisualChange,cnn,True,cnn LastVisualChange opt cold fission webrender,,77,ms,firefox,,1734078881,2023-07-25T23:13:28,2088.3,3a4381f63e1e45f07f93fa6c783c22d11c83dbce,1278016
autoland,3869862,13,ffaba559b8f75178eed537731f258b1129b7fe97,linux1804-64-shippable-qr,True,False,,|c|o|l|d| |f|i|s|s|i|o|n| |w|e|b|r|e|n|d|e|r|,102210fe594ee9b33d82058545b1ed14f4c8206e,LastVisualChange,cnn,True,cnn LastVisualChange opt cold fission webrender,,77,ms,firefox,,1734078903,2023-07-25T23:13:28,2099.5,3a4381f63e1e45f07f93fa6c783c22d11c83dbce,1278016
autoland,3869862,13,ffaba559b8f75178eed537731f258b1129b7fe97,linux1804-64-shippable-qr,True,False,,|c|o|l|d| |f|i|s|s|i|o|n| |w|e|b|r|e|n|d|e|r|,102210fe594ee9b33d82058545b1ed14f4c8206e,LastVisualChange,cnn,True,cnn LastVisualChange opt cold fission webrender,,77,ms,firefox,,1734078972,2023-07-25T23:13:28,2093.1,3a4381f63e1e45f07f93fa6c783c22d11c83dbce,1278016
autoland,3869862,13,ffaba559b8f75178eed537731f258b1129b7fe97,linux1804-64-shippable-qr,True,False,,|c|o|l|d| |f|i|s|s|i|o|n| |w|e|b|r|e|n|d|e|r|,102210fe594ee9b33d82058545b1ed14f4c8206e,LastVisualChange,cnn,True,cnn LastVisualChange opt cold fission webrender,,77,ms,firefox,,1734079027,2023-07-25T23:13:28,2118.1,3a4381f63e1e45f07f93fa6c783c22d11c83dbce,1278016
autoland,3869862,13,ffaba559b8f75178eed537731f258b1129b7fe97,linux1804-64-shippable-qr,True,False,,|c|o|l|d| |f|i|s|s|i|o|n| |w|e|b|r|e|n|d|e|r|,102210fe594ee9b33d82058545b1ed14f4c8206e,LastVisualChange,cnn,True,cnn LastVisualChange opt cold fission webrender,,77,ms,firefox,,1732735745,2023-07-25T23:30:36,2109.4,c140d19fe155639178de2175a90af12e66449a31,1278023
autoland,3869862,13,ffaba559b8f75178eed537731f258b1129b7fe97,linux1804-64-shippable-qr,True,False,,|c|o|l|d| |f|i|s|s|i|o|n| |w|e|b|r|e|n|d|e|r|,102210fe594ee9b33d82058545b1ed14f4c8206e,LastVisualChange,cnn,True,cnn LastVisualChange opt cold fission webrender,,77,ms,firefox,,1734079264,2023-07-25T23:30:36,2169.7,c140d19fe155639178de2175a90af12e66449a31,1278023
autoland,3869862,13,ffaba559b8f75178eed537731f258b1129b7fe97,linux1804-64-shippable-qr,True,False,,|c|o|l|d| |f|i|s|s|i|o|n| |w|e|b|r|e|n|d|e|r|,102210fe594ee9b33d82058545b1ed14f4c8206e,LastVisualChange,cnn,True,cnn LastVisualChange opt cold fission webrender,,77,ms,firefox,,1734079274,2023-07-25T23:30:36,2093.1,c140d19fe155639178de2175a90af12e66449a31,1278023
autoland,3869862,13,ffaba559b8f75178eed537731f258b1129b7fe97,linux1804-64-shippable-qr,True,False,,|c|o|l|d| |f|i|s|s|i|o|n| |w|e|b|r|e|n|d|e|r|,102210fe594ee9b33d82058545b1ed14f4c8206e,LastVisualChange,cnn,True,cnn LastVisualChange opt cold fission webrender,,77,ms,firefox,,1734079600,2023-07-25T23:30:36,2128.5,c140d19fe155639178de2175a90af12e66449a31,1278023
autoland,3869862,13,ffaba559b8f75178eed537731f258b1129b7fe97,linux1804-64-shippable-qr,True,False,,|c|o|l|d| |f|i|s|s|i|o|n| |w|e|b|r|e|n|d|e|r|,102210fe594ee9b33d82058545b1ed14f4c8206e,LastVisualChange,cnn,True,cnn LastVisualChange opt cold fission webrender,,77,ms,firefox,,1734079696,2023-07-25T23:30:36,2091.1,c140d19fe155639178de2175a90af12e66449a31,1278023
autoland,3869862,13,ffaba559b8f75178eed537731f258b1129b7fe97,linux1804-64-shippable-qr,True,False,,|c|o|l|d| |f|i|s|s|i|o|n| |w|e|b|r|e|n|d|e|r|,102210fe594ee9b33d82058545b1ed14f4c8206e,LastVisualChange,cnn,True,cnn LastVisualChange opt cold fission webrender,,77,ms,firefox,,1732735242,2023-07-26T01:04:05,2156.8,3344f1cf6de8b03ade3a0b50df1263a5bd9f457e,1278053
autoland,3869862,13,ffaba559b8f75178eed537731f258b1129b7fe97,linux1804-64-shippable-qr,True,False,,|c|o|l|d| |f|i|s|s|i|o|n| |w|e|b|r|e|n|d|e|r|,102210fe594ee9b33d82058545b1ed14f4c8206e,LastVisualChange,cnn,True,cnn LastVisualChange opt cold fission webrender,,77,ms,firefox,,1734079822,2023-07-26T01:04:05,2128.1,3344f1cf6de8b03ade3a0b50df1263a5bd9f457e,1278053
autoland,3869862,13,ffaba559b8f75178eed537731f258b1129b7fe97,linux1804-64-shippable-qr,True,False,,|c|o|l|d| |f|i|s|s|i|o|n| |w|e|b|r|e|n|d|e|r|,102210fe594ee9b33d82058545b1ed14f4c8206e,LastVisualChange,cnn,True,cnn LastVisualChange opt cold fission webrender,,77,ms,firefox,,1734079835,2023-07-26T01:04:05,2090.0,3344f1cf6de8b03ade3a0b50df1263a5bd9f457e,1278053
autoland,3869862,13,ffaba559b8f75178eed537731f258b1129b7fe97,linux1804-64-shippable-qr,True,False,,|c|o|l|d| |f|i|s|s|i|o|n| |w|e|b|r|e|n|d|e|r|,102210fe594ee9b33d82058545b1ed14f4c8206e,LastVisualChange,cnn,True,cnn LastVisualChange opt cold fission webrender,,77,ms,firefox,,1734079946,2023-07-26T01:04:05,2105.3,3344f1cf6de8b03ade3a0b50df1263a5bd9f457e,1278053
autoland,3869862,13,ffaba559b8f75178eed537731f258b1129b7fe97,linux1804-64-shippable-qr,True,False,,|c|o|l|d| |f|i|s|s|i|o|n| |w|e|b|r|e|n|d|e|r|,102210fe594ee9b33d82058545b1ed14f4c8206e,LastVisualChange,cnn,True,cnn LastVisualChange opt cold fission webrender,,77,ms,firefox,,1734079969,2023-07-26T01:04:05,2113.7,3344f1cf6de8b03ade3a0b50df1263a5bd9f457e,1278053
autoland,3869862,13,ffaba559b8f75178eed537731f258b1129b7fe97,linux1804-64-shippable-qr,True,False,,|c|o|l|d| |f|i|s|s|i|o|n| |w|e|b|r|e|n|d|e|r|,102210fe594ee9b33d82058545b1ed14f4c8206e,LastVisualChange,cnn,True,cnn LastVisualChange opt cold fission webrender,,77,ms,firefox,,1732736923,2023-07-26T02:22:46,2110.1,7b936114a1fa502c293f2305d90cd2093639f58e,1278081
autoland,3869862,13,ffaba559b8f75178eed537731f258b1129b7fe97,linux1804-64-shippable-qr,True,False,,|c|o|l|d| |f|i|s|s|i|o|n| |w|e|b|r|e|n|d|e|r|,102210fe594ee9b33d82058545b1ed14f4c8206e,LastVisualChange,cnn,True,cnn LastVisualChange opt cold fission webrender,,77,ms,firefox,,1734071649,2023-07-26T02:22:46,2091.0,7b936114a1fa502c293f2305d90cd2093639f58e,1278081
autoland,3869862,13,ffaba559b8f75178eed537731f258b1129b7fe97,linux1804-64-shippable-qr,True,False,,|c|o|l|d| |f|i|s|s|i|o|n| |w|e|b|r|e|n|d|e|r|,102210fe594ee9b33d82058545b1ed14f4c8206e,LastVisualChange,cnn,True,cnn LastVisualChange opt cold fission webrender,,77,ms,firefox,,1734071579,2023-07-26T02:22:46,2095.2,7b936114a1fa502c293f2305d90cd2093639f58e,1278081
autoland,3869862,13,ffaba559b8f75178eed537731f258b1129b7fe97,linux1804-64-shippable-qr,True,False,,|c|o|l|d| |f|i|s|s|i|o|n| |w|e|b|r|e|n|d|e|r|,102210fe594ee9b33d82058545b1ed14f4c8206e,LastVisualChange,cnn,True,cnn LastVisualChange opt cold fission webrender,,77,ms,firefox,,1734071688,2023-07-26T02:22:46,2102.9,7b936114a1fa502c293f2305d90cd2093639f58e,1278081
autoland,3869862,13,ffaba559b8f75178eed537731f258b1129b7fe97,linux1804-64-shippable-qr,True,False,,|c|o|l|d| |f|i|s|s|i|o|n| |w|e|b|r|e|n|d|e|r|,102210fe594ee9b33d82058545b1ed14f4c8206e,LastVisualChange,cnn,True,cnn LastVisualChange opt cold fission webrender,,77,ms,firefox,,1734071944,2023-07-26T02:22:46,2111.8,7b936114a1fa502c293f2305d90cd2093639f58e,1278081
autoland,3869862,13,ffaba559b8f75178eed537731f258b1129b7fe97,linux1804-64-shippable-qr,True,False,,|c|o|l|d| |f|i|s|s|i|o|n| |w|e|b|r|e|n|d|e|r|,102210fe594ee9b33d82058545b1ed14f4c8206e,LastVisualChange,cnn,True,cnn LastVisualChange opt cold fission webrender,,77,ms,firefox,,1732737228,2023-07-26T02:23:39,2155.2,14b4f6cfc1e92fefc60103b4e95a0b1edd9b4222,1278083
autoland,3869862,13,ffaba559b8f75178eed537731f258b1129b7fe97,linux1804-64-shippable-qr,True,False,,|c|o|l|d| |f|i|s|s|i|o|n| |w|e|b|r|e|n|d|e|r|,102210fe594ee9b33d82058545b1ed14f4c8206e,LastVisualChange,cnn,True,cnn LastVisualChange opt cold fission webrender,,77,ms,firefox,,1734079001,2023-07-26T02:23:39,2107.6,14b4f6cfc1e92fefc60103b4e95a0b1edd9b4222,1278083
autoland,3869862,13,ffaba559b8f75178eed537731f258b1129b7fe97,linux1804-64-shippable-qr,True,False,,|c|o|l|d| |f|i|s|s|i|o|n| |w|e|b|r|e|n|d|e|r|,102210fe594ee9b33d82058545b1ed14f4c8206e,LastVisualChange,cnn,True,cnn LastVisualChange opt cold fission webrender,,77,ms,firefox,,1734079024,2023-07-26T02:23:39,2171.9,14b4f6cfc1e92fefc60103b4e95a0b1edd9b4222,1278083
autoland,3869862,13,ffaba559b8f75178eed537731f258b1129b7fe97,linux1804-64-shippable-qr,True,False,,|c|o|l|d| |f|i|s|s|i|o|n| |w|e|b|r|e|n|d|e|r|,102210fe594ee9b33d82058545b1ed14f4c8206e,LastVisualChange,cnn,True,cnn LastVisualChange opt cold fission webrender,,77,ms,firefox,,1734079064,2023-07-26T02:23:39,2091.7,14b4f6cfc1e92fefc60103b4e95a0b1edd9b4222,1278083
autoland,3869862,13,ffaba559b8f75178eed537731f258b1129b7fe97,linux1804-64-shippable-qr,True,False,,|c|o|l|d| |f|i|s|s|i|o|n| |w|e|b|r|e|n|d|e|r|,102210fe594ee9b33d82058545b1ed14f4c8206e,LastVisualChange,cnn,True,cnn LastVisualChange opt cold fission webrender,,77,ms,firefox,,1734079580,2023-07-26T02:23:39,2083.7,14b4f6cfc1e92fefc60103b4e95a0b1edd9b4222,1278083
autoland,3869862,13,ffaba559b8f75178eed537731f258b1129b7fe97,linux1804-64-shippable-qr,True,False,,|c|o|l|d| |f|i|s|s|i|o|n| |w|e|b|r|e|n|d|e|r|,102210fe594ee9b33d82058545b1ed14f4c8206e,LastVisualChange,cnn,True,cnn LastVisualChange opt cold fission webrender,,77,ms,firefox,,1732736295,2023-07-26T02:24:34,2090.2,5a5505a8a6f4a89154c4b06113db559e6c415128,1278085
autoland,3869862,13,ffaba559b8f75178eed537731f258b1129b7fe97,linux1804-64-shippable-qr,True,False,,|c|o|l|d| |f|i|s|s|i|o|n| |w|e|b|r|e|n|d|e|r|,102210fe594ee9b33d82058545b1ed14f4c8206e,LastVisualChange,cnn,True,cnn LastVisualChange opt cold fission webrender,,77,ms,firefox,,1734077793,2023-07-26T02:24:34,1720.7,5a5505a8a6f4a89154c4b06113db559e6c415128,1278085
autoland,3869862,13,ffaba559b8f75178eed537731f258b1129b7fe97,linux1804-64-shippable-qr,True,False,,|c|o|l|d| |f|i|s|s|i|o|n| |w|e|b|r|e|n|d|e|r|,102210fe594ee9b33d82058545b1ed14f4c8206e,LastVisualChange,cnn,True,cnn LastVisualChange opt cold fission webrender,,77,ms,firefox,,1734078734,2023-07-26T02:24:34,2093.3,5a5505a8a6f4a89154c4b06113db559e6c415128,1278085
autoland,3869862,13,ffaba559b8f75178eed537731f258b1129b7fe97,linux1804-64-shippable-qr,True,False,,|c|o|l|d| |f|i|s|s|i|o|n| |w|e|b|r|e|n|d|e|r|,102210fe594ee9b33d82058545b1ed14f4c8206e,LastVisualChange,cnn,True,cnn LastVisualChange opt cold fission webrender,,77,ms,firefox,,1734078777,2023-07-26T02:24:34,2094.7,5a5505a8a6f4a89154c4b06113db559e6c415128,1278085
autoland,3869862,13,ffaba559b8f75178eed537731f258b1129b7fe97,linux1804-64-shippable-qr,True,False,,|c|o|l|d| |f|i|s|s|i|o|n| |w|e|b|r|e|n|d|e|r|,102210fe594ee9b33d82058545b1ed14f4c8206e,LastVisualChange,cnn,True,cnn LastVisualChange opt cold fission webrender,,77,ms,firefox,,1734078799,2023-07-26T02:24:34,2134.9,5a5505a8a6f4a89154c4b06113db559e6c415128,1278085
autoland,3869862,13,ffaba559b8f75178eed537731f258b1129b7fe97,linux1804-64-shippable-qr,True,False,,|c|o|l|d| |f|i|s|s|i|o|n| |w|e|b|r|e|n|d|e|r|,102210fe594ee9b33d82058545b1ed14f4c8206e,LastVisualChange,cnn,True,cnn LastVisualChange opt cold fission webrender,,77,ms,firefox,,1732735680,2023-07-26T02:25:27,2153.5,3f7884c6265a9ea179ee350a72d19344a34f082b,1278086
autoland,3869862,13,ffaba559b8f75178eed537731f258b1129b7fe97,linux1804-64-shippable-qr,True,False,,|c|o|l|d| |f|i|s|s|i|o|n| |w|e|b|r|e|n|d|e|r|,102210fe594ee9b33d82058545b1ed14f4c8206e,LastVisualChange,cnn,True,cnn LastVisualChange opt cold fission webrender,,77,ms,firefox,,1734078927,2023-07-26T02:25:27,2093.4,3f7884c6265a9ea179ee350a72d19344a34f082b,1278086
autoland,3869862,13,ffaba559b8f75178eed537731f258b1129b7fe97,linux1804-64-shippable-qr,True,False,,|c|o|l|d| |f|i|s|s|i|o|n| |w|e|b|r|e|n|d|e|r|,102210fe594ee9b33d82058545b1ed14f4c8206e,LastVisualChange,cnn,True,cnn LastVisualChange opt cold fission webrender,,77,ms,firefox,,1734078949,2023-07-26T02:25:27,2108.6,3f7884c6265a9ea179ee350a72d19344a34f082b,1278086
autoland,3869862,13,ffaba559b8f75178eed537731f258b1129b7fe97,linux1804-64-shippable-qr,True,False,,|c|o|l|d| |f|i|s|s|i|o|n| |w|e|b|r|e|n|d|e|r|,102210fe594ee9b33d82058545b1ed14f4c8206e,LastVisualChange,cnn,True,cnn LastVisualChange opt cold fission webrender,,77,ms,firefox,,1734079085,2023-07-26T02:25:27,2090.1,3f7884c6265a9ea179ee350a72d19344a34f082b,1278086
autoland,3869862,13,ffaba559b8f75178eed537731f258b1129b7fe97,linux1804-64-shippable-qr,True,False,,|c|o|l|d| |f|i|s|s|i|o|n| |w|e|b|r|e|n|d|e|r|,102210fe594ee9b33d82058545b1ed14f4c8206e,LastVisualChange,cnn,True,cnn LastVisualChange opt cold fission webrender,,77,ms,firefox,,1734079225,2023-07-26T02:25:27,2102.9,3f7884c6265a9ea179ee350a72d19344a34f082b,1278086
autoland,3869862,13,ffaba559b8f75178eed537731f258b1129b7fe97,linux1804-64-shippable-qr,True,False,,|c|o|l|d| |f|i|s|s|i|o|n| |w|e|b|r|e|n|d|e|r|,102210fe594ee9b33d82058545b1ed14f4c8206e,LastVisualChange,cnn,True,cnn LastVisualChange opt cold fission webrender,,77,ms,firefox,,1731478257,2023-07-26T02:26:30,2077.5,6a9aca2a1b89781175cdec2df700998fa9209282,1278087
autoland,3869862,13,ffaba559b8f75178eed537731f258b1129b7fe97,linux1804-64-shippable-qr,True,False,,|c|o|l|d| |f|i|s|s|i|o|n| |w|e|b|r|e|n|d|e|r|,102210fe594ee9b33d82058545b1ed14f4c8206e,LastVisualChange,cnn,True,cnn LastVisualChange opt cold fission webrender,,77,ms,firefox,,1734079363,2023-07-26T02:26:30,2079.1,6a9aca2a1b89781175cdec2df700998fa9209282,1278087
autoland,3869862,13,ffaba559b8f75178eed537731f258b1129b7fe97,linux1804-64-shippable-qr,True,False,,|c|o|l|d| |f|i|s|s|i|o|n| |w|e|b|r|e|n|d|e|r|,102210fe594ee9b33d82058545b1ed14f4c8206e,LastVisualChange,cnn,True,cnn LastVisualChange opt cold fission webrender,,77,ms,firefox,,1734079430,2023-07-26T02:26:30,2103.0,6a9aca2a1b89781175cdec2df700998fa9209282,1278087
autoland,3869862,13,ffaba559b8f75178eed537731f258b1129b7fe97,linux1804-64-shippable-qr,True,False,,|c|o|l|d| |f|i|s|s|i|o|n| |w|e|b|r|e|n|d|e|r|,102210fe594ee9b33d82058545b1ed14f4c8206e,LastVisualChange,cnn,True,cnn LastVisualChange opt cold fission webrender,,77,ms,firefox,,1734079996,2023-07-26T02:26:30,2095.0,6a9aca2a1b89781175cdec2df700998fa9209282,1278087
autoland,3869862,13,ffaba559b8f75178eed537731f258b1129b7fe97,linux1804-64-shippable-qr,True,False,,|c|o|l|d| |f|i|s|s|i|o|n| |w|e|b|r|e|n|d|e|r|,102210fe594ee9b33d82058545b1ed14f4c8206e,LastVisualChange,cnn,True,cnn LastVisualChange opt cold fission webrender,,77,ms,firefox,,1734079625,2023-07-26T02:26:30,2097.8,6a9aca2a1b89781175cdec2df700998fa9209282,1278087
autoland,3869862,13,ffaba559b8f75178eed537731f258b1129b7fe97,linux1804-64-shippable-qr,True,False,,|c|o|l|d| |f|i|s|s|i|o|n| |w|e|b|r|e|n|d|e|r|,102210fe594ee9b33d82058545b1ed14f4c8206e,LastVisualChange,cnn,True,cnn LastVisualChange opt cold fission webrender,,77,ms,firefox,,1732737407,2023-07-26T02:28:57,2121.9,b99cc496004361222b06a6f18592ea86500fa5a9,1278088
autoland,3869862,13,ffaba559b8f75178eed537731f258b1129b7fe97,linux1804-64-shippable-qr,True,False,,|c|o|l|d| |f|i|s|s|i|o|n| |w|e|b|r|e|n|d|e|r|,102210fe594ee9b33d82058545b1ed14f4c8206e,LastVisualChange,cnn,True,cnn LastVisualChange opt cold fission webrender,,77,ms,firefox,,1734080106,2023-07-26T02:28:57,2165.1,b99cc496004361222b06a6f18592ea86500fa5a9,1278088
autoland,3869862,13,ffaba559b8f75178eed537731f258b1129b7fe97,linux1804-64-shippable-qr,True,False,,|c|o|l|d| |f|i|s|s|i|o|n| |w|e|b|r|e|n|d|e|r|,102210fe594ee9b33d82058545b1ed14f4c8206e,LastVisualChange,cnn,True,cnn LastVisualChange opt cold fission webrender,,77,ms,firefox,,1734080122,2023-07-26T02:28:57,2121.8,b99cc496004361222b06a6f18592ea86500fa5a9,1278088
autoland,3869862,13,ffaba559b8f75178eed537731f258b1129b7fe97,linux1804-64-shippable-qr,True,False,,|c|o|l|d| |f|i|s|s|i|o|n| |w|e|b|r|e|n|d|e|r|,102210fe594ee9b33d82058545b1ed14f4c8206e,LastVisualChange,cnn,True,cnn LastVisualChange opt cold fission webrender,,77,ms,firefox,,1734080058,2023-07-26T02:28:57,2102.5,b99cc496004361222b06a6f18592ea86500fa5a9,1278088
autoland,3869862,13,ffaba559b8f75178eed537731f258b1129b7fe97,linux1804-64-shippable-qr,True,False,,|c|o|l|d| |f|i|s|s|i|o|n| |w|e|b|r|e|n|d|e|r|,102210fe594ee9b33d82058545b1ed14f4c8206e,LastVisualChange,cnn,True,cnn LastVisualChange opt cold fission webrender,,77,ms,firefox,,1734080154,2023-07-26T02:28:57,2115.3,b99cc496004361222b06a6f18592ea86500fa5a9,1278088
autoland,3869862,13,ffaba559b8f75178eed537731f258b1129b7fe97,linux1804-64-shippable-qr,True,False,,|c|o|l|d| |f|i|s|s|i|o|n| |w|e|b|r|e|n|d|e|r|,102210fe594ee9b33d82058545b1ed14f4c8206e,LastVisualChange,cnn,True,cnn LastVisualChange opt cold fission webrender,,77,ms,firefox,,1732737314,2023-07-26T02:36:09,2126.5,85de6d1cd72462cd0bf9c09a49708a90106356e6,1278091
autoland,3869862,13,ffaba559b8f75178eed537731f258b1129b7fe97,linux1804-64-shippable-qr,True,False,,|c|o|l|d| |f|i|s|s|i|o|n| |w|e|b|r|e|n|d|e|r|,102210fe594ee9b33d82058545b1ed14f4c8206e,LastVisualChange,cnn,True,cnn LastVisualChange opt cold fission webrender,,77,ms,firefox,,1734080301,2023-07-26T02:36:09,2138.1,85de6d1cd72462cd0bf9c09a49708a90106356e6,1278091
autoland,3869862,13,ffaba559b8f75178eed537731f258b1129b7fe97,linux1804-64-shippable-qr,True,False,,|c|o|l|d| |f|i|s|s|i|o|n| |w|e|b|r|e|n|d|e|r|,102210fe594ee9b33d82058545b1ed14f4c8206e,LastVisualChange,cnn,True,cnn LastVisualChange opt cold fission webrender,,77,ms,firefox,,1734080207,2023-07-26T02:36:09,2106.3,85de6d1cd72462cd0bf9c09a49708a90106356e6,1278091
autoland,3869862,13,ffaba559b8f75178eed537731f258b1129b7fe97,linux1804-64-shippable-qr,True,False,,|c|o|l|d| |f|i|s|s|i|o|n| |w|e|b|r|e|n|d|e|r|,102210fe594ee9b33d82058545b1ed14f4c8206e,LastVisualChange,cnn,True,cnn LastVisualChange opt cold fission webrender,,77,ms,firefox,,1734080297,2023-07-26T02:36:09,2115.5,85de6d1cd72462cd0bf9c09a49708a90106356e6,1278091
autoland,3869862,13,ffaba559b8f75178eed537731f258b1129b7fe97,linux1804-64-shippable-qr,True,False,,|c|o|l|d| |f|i|s|s|i|o|n| |w|e|b|r|e|n|d|e|r|,102210fe594ee9b33d82058545b1ed14f4c8206e,LastVisualChange,cnn,True,cnn LastVisualChange opt cold fission webrender,,77,ms,firefox,,1734080366,2023-07-26T02:36:09,2133.4,85de6d1cd72462cd0bf9c09a49708a90106356e6,1278091
autoland,3869862,13,ffaba559b8f75178eed537731f258b1129b7fe97,linux1804-64-shippable-qr,True,False,,|c|o|l|d| |f|i|s|s|i|o|n| |w|e|b|r|e|n|d|e|r|,102210fe594ee9b33d82058545b1ed14f4c8206e,LastVisualChange,cnn,True,cnn LastVisualChange opt cold fission webrender,,77,ms,firefox,,1732737624,2023-07-26T02:46:16,2118.2,02b9987dee27f0039898b0b31cb3a764d2780a23,1278093
autoland,3869862,13,ffaba559b8f75178eed537731f258b1129b7fe97,linux1804-64-shippable-qr,True,False,,|c|o|l|d| |f|i|s|s|i|o|n| |w|e|b|r|e|n|d|e|r|,102210fe594ee9b33d82058545b1ed14f4c8206e,LastVisualChange,cnn,True,cnn LastVisualChange opt cold fission webrender,,77,ms,firefox,,1734080345,2023-07-26T02:46:16,2140.9,02b9987dee27f0039898b0b31cb3a764d2780a23,1278093
autoland,3869862,13,ffaba559b8f75178eed537731f258b1129b7fe97,linux1804-64-shippable-qr,True,False,,|c|o|l|d| |f|i|s|s|i|o|n| |w|e|b|r|e|n|d|e|r|,102210fe594ee9b33d82058545b1ed14f4c8206e,LastVisualChange,cnn,True,cnn LastVisualChange opt cold fission webrender,,77,ms,firefox,,1734080281,2023-07-26T02:46:16,2125.1,02b9987dee27f0039898b0b31cb3a764d2780a23,1278093
autoland,3869862,13,ffaba559b8f75178eed537731f258b1129b7fe97,linux1804-64-shippable-qr,True,False,,|c|o|l|d| |f|i|s|s|i|o|n| |w|e|b|r|e|n|d|e|r|,102210fe594ee9b33d82058545b1ed14f4c8206e,LastVisualChange,cnn,True,cnn LastVisualChange opt cold fission webrender,,77,ms,firefox,,1734080393,2023-07-26T02:46:16,2173.2,02b9987dee27f0039898b0b31cb3a764d2780a23,1278093
autoland,3869862,13,ffaba559b8f75178eed537731f258b1129b7fe97,linux1804-64-shippable-qr,True,False,,|c|o|l|d| |f|i|s|s|i|o|n| |w|e|b|r|e|n|d|e|r|,102210fe594ee9b33d82058545b1ed14f4c8206e,LastVisualChange,cnn,True,cnn LastVisualChange opt cold fission webrender,,77,ms,firefox,,1734080596,2023-07-26T02:46:16,2097.7,02b9987dee27f0039898b0b31cb3a764d2780a23,1278093
autoland,3869862,13,ffaba559b8f75178eed537731f258b1129b7fe97,linux1804-64-shippable-qr,True,False,,|c|o|l|d| |f|i|s|s|i|o|n| |w|e|b|r|e|n|d|e|r|,102210fe594ee9b33d82058545b1ed14f4c8206e,LastVisualChange,cnn,True,cnn LastVisualChange opt cold fission webrender,,77,ms,firefox,,1732737708,2023-07-26T02:54:32,2136.4,828cec2f2ca04debd246e8652f86a6dba4df50b0,1278095
autoland,3869862,13,ffaba559b8f75178eed537731f258b1129b7fe97,linux1804-64-shippable-qr,True,False,,|c|o|l|d| |f|i|s|s|i|o|n| |w|e|b|r|e|n|d|e|r|,102210fe594ee9b33d82058545b1ed14f4c8206e,LastVisualChange,cnn,True,cnn LastVisualChange opt cold fission webrender,,77,ms,firefox,,1734080239,2023-07-26T02:54:32,2103.2,828cec2f2ca04debd246e8652f86a6dba4df50b0,1278095
autoland,3869862,13,ffaba559b8f75178eed537731f258b1129b7fe97,linux1804-64-shippable-qr,True,False,,|c|o|l|d| |f|i|s|s|i|o|n| |w|e|b|r|e|n|d|e|r|,102210fe594ee9b33d82058545b1ed14f4c8206e,LastVisualChange,cnn,True,cnn LastVisualChange opt cold fission webrender,,77,ms,firefox,,1734080260,2023-07-26T02:54:32,2114.0,828cec2f2ca04debd246e8652f86a6dba4df50b0,1278095
autoland,3869862,13,ffaba559b8f75178eed537731f258b1129b7fe97,linux1804-64-shippable-qr,True,False,,|c|o|l|d| |f|i|s|s|i|o|n| |w|e|b|r|e|n|d|e|r|,102210fe594ee9b33d82058545b1ed14f4c8206e,LastVisualChange,cnn,True,cnn LastVisualChange opt cold fission webrender,,77,ms,firefox,,1734080189,2023-07-26T02:54:32,2123.5,828cec2f2ca04debd246e8652f86a6dba4df50b0,1278095
autoland,3869862,13,ffaba559b8f75178eed537731f258b1129b7fe97,linux1804-64-shippable-qr,True,False,,|c|o|l|d| |f|i|s|s|i|o|n| |w|e|b|r|e|n|d|e|r|,102210fe594ee9b33d82058545b1ed14f4c8206e,LastVisualChange,cnn,True,cnn LastVisualChange opt cold fission webrender,,77,ms,firefox,,1734080575,2023-07-26T02:54:32,2112.8,828cec2f2ca04debd246e8652f86a6dba4df50b0,1278095
autoland,3869862,13,ffaba559b8f75178eed537731f258b1129b7fe97,linux1804-64-shippable-qr,True,False,,|c|o|l|d| |f|i|s|s|i|o|n| |w|e|b|r|e|n|d|e|r|,102210fe594ee9b33d82058545b1ed14f4c8206e,LastVisualChange,cnn,True,cnn LastVisualChange opt cold fission webrender,,77,ms,firefox,,1732737940,2023-07-26T03:01:05,2096.4,a4de8442be49936862ff499ca30e7f8cc2db693b,1278096
autoland,3869862,13,ffaba559b8f75178eed537731f258b1129b7fe97,linux1804-64-shippable-qr,True,False,,|c|o|l|d| |f|i|s|s|i|o|n| |w|e|b|r|e|n|d|e|r|,102210fe594ee9b33d82058545b1ed14f4c8206e,LastVisualChange,cnn,True,cnn LastVisualChange opt cold fission webrender,,77,ms,firefox,,1734080433,2023-07-26T03:01:05,2123.9,a4de8442be49936862ff499ca30e7f8cc2db693b,1278096
autoland,3869862,13,ffaba559b8f75178eed537731f258b1129b7fe97,linux1804-64-shippable-qr,True,False,,|c|o|l|d| |f|i|s|s|i|o|n| |w|e|b|r|e|n|d|e|r|,102210fe594ee9b33d82058545b1ed14f4c8206e,LastVisualChange,cnn,True,cnn LastVisualChange opt cold fission webrender,,77,ms,firefox,,1734080457,2023-07-26T03:01:05,2100.6,a4de8442be49936862ff499ca30e7f8cc2db693b,1278096
autoland,3869862,13,ffaba559b8f75178eed537731f258b1129b7fe97,linux1804-64-shippable-qr,True,False,,|c|o|l|d| |f|i|s|s|i|o|n| |w|e|b|r|e|n|d|e|r|,102210fe594ee9b33d82058545b1ed14f4c8206e,LastVisualChange,cnn,True,cnn LastVisualChange opt cold fission webrender,,77,ms,firefox,,1734080458,2023-07-26T03:01:05,2098.1,a4de8442be49936862ff499ca30e7f8cc2db693b,1278096
autoland,3869862,13,ffaba559b8f75178eed537731f258b1129b7fe97,linux1804-64-shippable-qr,True,False,,|c|o|l|d| |f|i|s|s|i|o|n| |w|e|b|r|e|n|d|e|r|,102210fe594ee9b33d82058545b1ed14f4c8206e,LastVisualChange,cnn,True,cnn LastVisualChange opt cold fission webrender,,77,ms,firefox,,1734080485,2023-07-26T03:01:05,2185.8,a4de8442be49936862ff499ca30e7f8cc2db693b,1278096
autoland,3869862,13,ffaba559b8f75178eed537731f258b1129b7fe97,linux1804-64-shippable-qr,True,False,,|c|o|l|d| |f|i|s|s|i|o|n| |w|e|b|r|e|n|d|e|r|,102210fe594ee9b33d82058545b1ed14f4c8206e,LastVisualChange,cnn,True,cnn LastVisualChange opt cold fission webrender,,77,ms,firefox,,1732738004,2023-07-26T03:33:15,2162.1,6a415b0c2ffba73d444370049dd4b118fffa6638,1278109
autoland,3869862,13,ffaba559b8f75178eed537731f258b1129b7fe97,linux1804-64-shippable-qr,True,False,,|c|o|l|d| |f|i|s|s|i|o|n| |w|e|b|r|e|n|d|e|r|,102210fe594ee9b33d82058545b1ed14f4c8206e,LastVisualChange,cnn,True,cnn LastVisualChange opt cold fission webrender,,77,ms,firefox,,1734080175,2023-07-26T03:33:15,2117.1,6a415b0c2ffba73d444370049dd4b118fffa6638,1278109
autoland,3869862,13,ffaba559b8f75178eed537731f258b1129b7fe97,linux1804-64-shippable-qr,True,False,,|c|o|l|d| |f|i|s|s|i|o|n| |w|e|b|r|e|n|d|e|r|,102210fe594ee9b33d82058545b1ed14f4c8206e,LastVisualChange,cnn,True,cnn LastVisualChange opt cold fission webrender,,77,ms,firefox,,1734080355,2023-07-26T03:33:15,2106.0,6a415b0c2ffba73d444370049dd4b118fffa6638,1278109
autoland,3869862,13,ffaba559b8f75178eed537731f258b1129b7fe97,linux1804-64-shippable-qr,True,False,,|c|o|l|d| |f|i|s|s|i|o|n| |w|e|b|r|e|n|d|e|r|,102210fe594ee9b33d82058545b1ed14f4c8206e,LastVisualChange,cnn,True,cnn LastVisualChange opt cold fission webrender,,77,ms,firefox,,1734080050,2023-07-26T03:33:15,2099.0,6a415b0c2ffba73d444370049dd4b118fffa6638,1278109
autoland,3869862,13,ffaba559b8f75178eed537731f258b1129b7fe97,linux1804-64-shippable-qr,True,False,,|c|o|l|d| |f|i|s|s|i|o|n| |w|e|b|r|e|n|d|e|r|,102210fe594ee9b33d82058545b1ed14f4c8206e,LastVisualChange,cnn,True,cnn LastVisualChange opt cold fission webrender,,77,ms,firefox,,1734080068,2023-07-26T03:33:15,2123.3,6a415b0c2ffba73d444370049dd4b118fffa6638,1278109
autoland,3869862,13,ffaba559b8f75178eed537731f258b1129b7fe97,linux1804-64-shippable-qr,True,False,,|c|o|l|d| |f|i|s|s|i|o|n| |w|e|b|r|e|n|d|e|r|,102210fe594ee9b33d82058545b1ed14f4c8206e,LastVisualChange,cnn,True,cnn LastVisualChange opt cold fission webrender,,77,ms,firefox,,1732738151,2023-07-26T05:13:30,2098.0,54dd5c964e26ca947ad7d1314240ce289d77655a,1278130
autoland,3869862,13,ffaba559b8f75178eed537731f258b1129b7fe97,linux1804-64-shippable-qr,True,False,,|c|o|l|d| |f|i|s|s|i|o|n| |w|e|b|r|e|n|d|e|r|,102210fe594ee9b33d82058545b1ed14f4c8206e,LastVisualChange,cnn,True,cnn LastVisualChange opt cold fission webrender,,77,ms,firefox,,1733929127,2023-07-26T05:13:30,2121.9,54dd5c964e26ca947ad7d1314240ce289d77655a,1278130
autoland,3869862,13,ffaba559b8f75178eed537731f258b1129b7fe97,linux1804-64-shippable-qr,True,False,,|c|o|l|d| |f|i|s|s|i|o|n| |w|e|b|r|e|n|d|e|r|,102210fe594ee9b33d82058545b1ed14f4c8206e,LastVisualChange,cnn,True,cnn LastVisualChange opt cold fission webrender,,77,ms,firefox,,1733929045,2023-07-26T05:13:30,2164.3,54dd5c964e26ca947ad7d1314240ce289d77655a,1278130
autoland,3869862,13,ffaba559b8f75178eed537731f258b1129b7fe97,linux1804-64-shippable-qr,True,False,,|c|o|l|d| |f|i|s|s|i|o|n| |w|e|b|r|e|n|d|e|r|,102210fe594ee9b33d82058545b1ed14f4c8206e,LastVisualChange,cnn,True,cnn LastVisualChange opt cold fission webrender,,77,ms,firefox,,1733929087,2023-07-26T05:13:30,2153.7,54dd5c964e26ca947ad7d1314240ce289d77655a,1278130
autoland,3869862,13,ffaba559b8f75178eed537731f258b1129b7fe97,linux1804-64-shippable-qr,True,False,,|c|o|l|d| |f|i|s|s|i|o|n| |w|e|b|r|e|n|d|e|r|,102210fe594ee9b33d82058545b1ed14f4c8206e,LastVisualChange,cnn,True,cnn LastVisualChange opt cold fission webrender,,77,ms,firefox,,1733929096,2023-07-26T05:13:30,2123.7,54dd5c964e26ca947ad7d1314240ce289d77655a,1278130
autoland,3869862,13,ffaba559b8f75178eed537731f258b1129b7fe97,linux1804-64-shippable-qr,True,False,,|c|o|l|d| |f|i|s|s|i|o|n| |w|e|b|r|e|n|d|e|r|,102210fe594ee9b33d82058545b1ed14f4c8206e,LastVisualChange,cnn,True,cnn LastVisualChange opt cold fission webrender,,77,ms,firefox,,1732738173,2023-07-26T05:58:08,2099.3,f742585cb26e2e15812058bdfa2288ba728f2a8e,1278141
autoland,3869862,13,ffaba559b8f75178eed537731f258b1129b7fe97,linux1804-64-shippable-qr,True,False,,|c|o|l|d| |f|i|s|s|i|o|n| |w|e|b|r|e|n|d|e|r|,102210fe594ee9b33d82058545b1ed14f4c8206e,LastVisualChange,cnn,True,cnn LastVisualChange opt cold fission webrender,,77,ms,firefox,,1733920860,2023-07-26T05:58:08,2138.9,f742585cb26e2e15812058bdfa2288ba728f2a8e,1278141
autoland,3869862,13,ffaba559b8f75178eed537731f258b1129b7fe97,linux1804-64-shippable-qr,True,False,,|c|o|l|d| |f|i|s|s|i|o|n| |w|e|b|r|e|n|d|e|r|,102210fe594ee9b33d82058545b1ed14f4c8206e,LastVisualChange,cnn,True,cnn LastVisualChange opt cold fission webrender,,77,ms,firefox,,1733920547,2023-07-26T05:58:08,2107.5,f742585cb26e2e15812058bdfa2288ba728f2a8e,1278141
autoland,3869862,13,ffaba559b8f75178eed537731f258b1129b7fe97,linux1804-64-shippable-qr,True,False,,|c|o|l|d| |f|i|s|s|i|o|n| |w|e|b|r|e|n|d|e|r|,102210fe594ee9b33d82058545b1ed14f4c8206e,LastVisualChange,cnn,True,cnn LastVisualChange opt cold fission webrender,,77,ms,firefox,,1733920882,2023-07-26T05:58:08,2130.1,f742585cb26e2e15812058bdfa2288ba728f2a8e,1278141
autoland,3869862,13,ffaba559b8f75178eed537731f258b1129b7fe97,linux1804-64-shippable-qr,True,False,,|c|o|l|d| |f|i|s|s|i|o|n| |w|e|b|r|e|n|d|e|r|,102210fe594ee9b33d82058545b1ed14f4c8206e,LastVisualChange,cnn,True,cnn LastVisualChange opt cold fission webrender,,77,ms,firefox,,1732738551,2023-07-26T06:18:54,2096.4,d76341b2daf4a2b9f83be2be265cab8b51ba1102,1278147
autoland,3869862,13,ffaba559b8f75178eed537731f258b1129b7fe97,linux1804-64-shippable-qr,True,False,,|c|o|l|d| |f|i|s|s|i|o|n| |w|e|b|r|e|n|d|e|r|,102210fe594ee9b33d82058545b1ed14f4c8206e,LastVisualChange,cnn,True,cnn LastVisualChange opt cold fission webrender,,77,ms,firefox,,1733921789,2023-07-26T06:18:54,1741.2,d76341b2daf4a2b9f83be2be265cab8b51ba1102,1278147
autoland,3869862,13,ffaba559b8f75178eed537731f258b1129b7fe97,linux1804-64-shippable-qr,True,False,,|c|o|l|d| |f|i|s|s|i|o|n| |w|e|b|r|e|n|d|e|r|,102210fe594ee9b33d82058545b1ed14f4c8206e,LastVisualChange,cnn,True,cnn LastVisualChange opt cold fission webrender,,77,ms,firefox,,1733921118,2023-07-26T06:18:54,2089.3,d76341b2daf4a2b9f83be2be265cab8b51ba1102,1278147
autoland,3869862,13,ffaba559b8f75178eed537731f258b1129b7fe97,linux1804-64-shippable-qr,True,False,,|c|o|l|d| |f|i|s|s|i|o|n| |w|e|b|r|e|n|d|e|r|,102210fe594ee9b33d82058545b1ed14f4c8206e,LastVisualChange,cnn,True,cnn LastVisualChange opt cold fission webrender,,77,ms,firefox,,1733922409,2023-07-26T06:18:54,2160.1,d76341b2daf4a2b9f83be2be265cab8b51ba1102,1278147
autoland,3869862,13,ffaba559b8f75178eed537731f258b1129b7fe97,linux1804-64-shippable-qr,True,False,,|c|o|l|d| |f|i|s|s|i|o|n| |w|e|b|r|e|n|d|e|r|,102210fe594ee9b33d82058545b1ed14f4c8206e,LastVisualChange,cnn,True,cnn LastVisualChange opt cold fission webrender,,77,ms,firefox,,1733922396,2023-07-26T06:18:54,2112.9,d76341b2daf4a2b9f83be2be265cab8b51ba1102,1278147
autoland,3869862,13,ffaba559b8f75178eed537731f258b1129b7fe97,linux1804-64-shippable-qr,True,False,,|c|o|l|d| |f|i|s|s|i|o|n| |w|e|b|r|e|n|d|e|r|,102210fe594ee9b33d82058545b1ed14f4c8206e,LastVisualChange,cnn,True,cnn LastVisualChange opt cold fission webrender,,77,ms,firefox,,1731539280,2023-07-26T06:49:07,2110.6,8470bc21f160f3c1fecb034308c203412e1fcb3c,1278154
autoland,3869862,13,ffaba559b8f75178eed537731f258b1129b7fe97,linux1804-64-shippable-qr,True,False,,|c|o|l|d| |f|i|s|s|i|o|n| |w|e|b|r|e|n|d|e|r|,102210fe594ee9b33d82058545b1ed14f4c8206e,LastVisualChange,cnn,True,cnn LastVisualChange opt cold fission webrender,,77,ms,firefox,,1733922696,2023-07-26T06:49:07,2113.8,8470bc21f160f3c1fecb034308c203412e1fcb3c,1278154
autoland,3869862,13,ffaba559b8f75178eed537731f258b1129b7fe97,linux1804-64-shippable-qr,True,False,,|c|o|l|d| |f|i|s|s|i|o|n| |w|e|b|r|e|n|d|e|r|,102210fe594ee9b33d82058545b1ed14f4c8206e,LastVisualChange,cnn,True,cnn LastVisualChange opt cold fission webrender,,77,ms,firefox,,1733922756,2023-07-26T06:49:07,2111.8,8470bc21f160f3c1fecb034308c203412e1fcb3c,1278154
autoland,3869862,13,ffaba559b8f75178eed537731f258b1129b7fe97,linux1804-64-shippable-qr,True,False,,|c|o|l|d| |f|i|s|s|i|o|n| |w|e|b|r|e|n|d|e|r|,102210fe594ee9b33d82058545b1ed14f4c8206e,LastVisualChange,cnn,True,cnn LastVisualChange opt cold fission webrender,,77,ms,firefox,,1733923594,2023-07-26T06:49:07,2115.4,8470bc21f160f3c1fecb034308c203412e1fcb3c,1278154
autoland,3869862,13,ffaba559b8f75178eed537731f258b1129b7fe97,linux1804-64-shippable-qr,True,False,,|c|o|l|d| |f|i|s|s|i|o|n| |w|e|b|r|e|n|d|e|r|,102210fe594ee9b33d82058545b1ed14f4c8206e,LastVisualChange,cnn,True,cnn LastVisualChange opt cold fission webrender,,77,ms,firefox,,1733922782,2023-07-26T06:49:07,2170.1,8470bc21f160f3c1fecb034308c203412e1fcb3c,1278154
autoland,3869862,13,ffaba559b8f75178eed537731f258b1129b7fe97,linux1804-64-shippable-qr,True,False,,|c|o|l|d| |f|i|s|s|i|o|n| |w|e|b|r|e|n|d|e|r|,102210fe594ee9b33d82058545b1ed14f4c8206e,LastVisualChange,cnn,True,cnn LastVisualChange opt cold fission webrender,,77,ms,firefox,,1732787655,2023-07-26T06:52:06,2141.0,883827ba870ef185609ba3892f6e43bc331ec67c,1278156
autoland,3869862,13,ffaba559b8f75178eed537731f258b1129b7fe97,linux1804-64-shippable-qr,True,False,,|c|o|l|d| |f|i|s|s|i|o|n| |w|e|b|r|e|n|d|e|r|,102210fe594ee9b33d82058545b1ed14f4c8206e,LastVisualChange,cnn,True,cnn LastVisualChange opt cold fission webrender,,77,ms,firefox,,1733929433,2023-07-26T06:52:06,2108.9,883827ba870ef185609ba3892f6e43bc331ec67c,1278156
autoland,3869862,13,ffaba559b8f75178eed537731f258b1129b7fe97,linux1804-64-shippable-qr,True,False,,|c|o|l|d| |f|i|s|s|i|o|n| |w|e|b|r|e|n|d|e|r|,102210fe594ee9b33d82058545b1ed14f4c8206e,LastVisualChange,cnn,True,cnn LastVisualChange opt cold fission webrender,,77,ms,firefox,,1733929301,2023-07-26T06:52:06,2122.0,883827ba870ef185609ba3892f6e43bc331ec67c,1278156
autoland,3869862,13,ffaba559b8f75178eed537731f258b1129b7fe97,linux1804-64-shippable-qr,True,False,,|c|o|l|d| |f|i|s|s|i|o|n| |w|e|b|r|e|n|d|e|r|,102210fe594ee9b33d82058545b1ed14f4c8206e,LastVisualChange,cnn,True,cnn LastVisualChange opt cold fission webrender,,77,ms,firefox,,1733929377,2023-07-26T06:52:06,2088.5,883827ba870ef185609ba3892f6e43bc331ec67c,1278156
autoland,3869862,13,ffaba559b8f75178eed537731f258b1129b7fe97,linux1804-64-shippable-qr,True,False,,|c|o|l|d| |f|i|s|s|i|o|n| |w|e|b|r|e|n|d|e|r|,102210fe594ee9b33d82058545b1ed14f4c8206e,LastVisualChange,cnn,True,cnn LastVisualChange opt cold fission webrender,,77,ms,firefox,,1733929346,2023-07-26T06:52:06,2184.4,883827ba870ef185609ba3892f6e43bc331ec67c,1278156
autoland,3869862,13,ffaba559b8f75178eed537731f258b1129b7fe97,linux1804-64-shippable-qr,True,False,,|c|o|l|d| |f|i|s|s|i|o|n| |w|e|b|r|e|n|d|e|r|,102210fe594ee9b33d82058545b1ed14f4c8206e,LastVisualChange,cnn,True,cnn LastVisualChange opt cold fission webrender,,77,ms,firefox,,1732800781,2023-07-26T07:03:25,2142.9,0f51a7ebe4f4955cded598debc98b03fe60ea2dc,1278158
autoland,3869862,13,ffaba559b8f75178eed537731f258b1129b7fe97,linux1804-64-shippable-qr,True,False,,|c|o|l|d| |f|i|s|s|i|o|n| |w|e|b|r|e|n|d|e|r|,102210fe594ee9b33d82058545b1ed14f4c8206e,LastVisualChange,cnn,True,cnn LastVisualChange opt cold fission webrender,,77,ms,firefox,,1733925349,2023-07-26T07:03:25,2091.4,0f51a7ebe4f4955cded598debc98b03fe60ea2dc,1278158
autoland,3869862,13,ffaba559b8f75178eed537731f258b1129b7fe97,linux1804-64-shippable-qr,True,False,,|c|o|l|d| |f|i|s|s|i|o|n| |w|e|b|r|e|n|d|e|r|,102210fe594ee9b33d82058545b1ed14f4c8206e,LastVisualChange,cnn,True,cnn LastVisualChange opt cold fission webrender,,77,ms,firefox,,1733925715,2023-07-26T07:03:25,2120.6,0f51a7ebe4f4955cded598debc98b03fe60ea2dc,1278158
autoland,3869862,13,ffaba559b8f75178eed537731f258b1129b7fe97,linux1804-64-shippable-qr,True,False,,|c|o|l|d| |f|i|s|s|i|o|n| |w|e|b|r|e|n|d|e|r|,102210fe594ee9b33d82058545b1ed14f4c8206e,LastVisualChange,cnn,True,cnn LastVisualChange opt cold fission webrender,,77,ms,firefox,,1733926183,2023-07-26T07:03:25,2101.3,0f51a7ebe4f4955cded598debc98b03fe60ea2dc,1278158
autoland,3869862,13,ffaba559b8f75178eed537731f258b1129b7fe97,linux1804-64-shippable-qr,True,False,,|c|o|l|d| |f|i|s|s|i|o|n| |w|e|b|r|e|n|d|e|r|,102210fe594ee9b33d82058545b1ed14f4c8206e,LastVisualChange,cnn,True,cnn LastVisualChange opt cold fission webrender,,77,ms,firefox,,1733927246,2023-07-26T07:03:25,2153.6,0f51a7ebe4f4955cded598debc98b03fe60ea2dc,1278158
autoland,3869862,13,ffaba559b8f75178eed537731f258b1129b7fe97,linux1804-64-shippable-qr,True,False,,|c|o|l|d| |f|i|s|s|i|o|n| |w|e|b|r|e|n|d|e|r|,102210fe594ee9b33d82058545b1ed14f4c8206e,LastVisualChange,cnn,True,cnn LastVisualChange opt cold fission webrender,,77,ms,firefox,,1732794789,2023-07-26T08:10:57,2134.6,6bf96e03440c881cf832cee3fefb0d95ecfb7a2e,1278177
autoland,3869862,13,ffaba559b8f75178eed537731f258b1129b7fe97,linux1804-64-shippable-qr,True,False,,|c|o|l|d| |f|i|s|s|i|o|n| |w|e|b|r|e|n|d|e|r|,102210fe594ee9b33d82058545b1ed14f4c8206e,LastVisualChange,cnn,True,cnn LastVisualChange opt cold fission webrender,,77,ms,firefox,,1733923774,2023-07-26T08:10:57,2114.0,6bf96e03440c881cf832cee3fefb0d95ecfb7a2e,1278177
autoland,3869862,13,ffaba559b8f75178eed537731f258b1129b7fe97,linux1804-64-shippable-qr,True,False,,|c|o|l|d| |f|i|s|s|i|o|n| |w|e|b|r|e|n|d|e|r|,102210fe594ee9b33d82058545b1ed14f4c8206e,LastVisualChange,cnn,True,cnn LastVisualChange opt cold fission webrender,,77,ms,firefox,,1733923829,2023-07-26T08:10:57,2120.0,6bf96e03440c881cf832cee3fefb0d95ecfb7a2e,1278177
autoland,3869862,13,ffaba559b8f75178eed537731f258b1129b7fe97,linux1804-64-shippable-qr,True,False,,|c|o|l|d| |f|i|s|s|i|o|n| |w|e|b|r|e|n|d|e|r|,102210fe594ee9b33d82058545b1ed14f4c8206e,LastVisualChange,cnn,True,cnn LastVisualChange opt cold fission webrender,,77,ms,firefox,,1733924572,2023-07-26T08:10:57,2156.9,6bf96e03440c881cf832cee3fefb0d95ecfb7a2e,1278177
autoland,3869862,13,ffaba559b8f75178eed537731f258b1129b7fe97,linux1804-64-shippable-qr,True,False,,|c|o|l|d| |f|i|s|s|i|o|n| |w|e|b|r|e|n|d|e|r|,102210fe594ee9b33d82058545b1ed14f4c8206e,LastVisualChange,cnn,True,cnn LastVisualChange opt cold fission webrender,,77,ms,firefox,,1733925256,2023-07-26T08:10:57,2114.5,6bf96e03440c881cf832cee3fefb0d95ecfb7a2e,1278177
autoland,3869862,13,ffaba559b8f75178eed537731f258b1129b7fe97,linux1804-64-shippable-qr,True,False,,|c|o|l|d| |f|i|s|s|i|o|n| |w|e|b|r|e|n|d|e|r|,102210fe594ee9b33d82058545b1ed14f4c8206e,LastVisualChange,cnn,True,cnn LastVisualChange opt cold fission webrender,,77,ms,firefox,,1732795792,2023-07-26T08:14:58,2096.1,c632111f2a2ce4d7af6415cc54a7e927453bb813,1278180
autoland,3869862,13,ffaba559b8f75178eed537731f258b1129b7fe97,linux1804-64-shippable-qr,True,False,,|c|o|l|d| |f|i|s|s|i|o|n| |w|e|b|r|e|n|d|e|r|,102210fe594ee9b33d82058545b1ed14f4c8206e,LastVisualChange,cnn,True,cnn LastVisualChange opt cold fission webrender,,77,ms,firefox,,1733928051,2023-07-26T08:14:58,2119.0,c632111f2a2ce4d7af6415cc54a7e927453bb813,1278180
autoland,3869862,13,ffaba559b8f75178eed537731f258b1129b7fe97,linux1804-64-shippable-qr,True,False,,|c|o|l|d| |f|i|s|s|i|o|n| |w|e|b|r|e|n|d|e|r|,102210fe594ee9b33d82058545b1ed14f4c8206e,LastVisualChange,cnn,True,cnn LastVisualChange opt cold fission webrender,,77,ms,firefox,,1733928096,2023-07-26T08:14:58,2107.2,c632111f2a2ce4d7af6415cc54a7e927453bb813,1278180
autoland,3869862,13,ffaba559b8f75178eed537731f258b1129b7fe97,linux1804-64-shippable-qr,True,False,,|c|o|l|d| |f|i|s|s|i|o|n| |w|e|b|r|e|n|d|e|r|,102210fe594ee9b33d82058545b1ed14f4c8206e,LastVisualChange,cnn,True,cnn LastVisualChange opt cold fission webrender,,77,ms,firefox,,1733927808,2023-07-26T08:14:58,2128.3,c632111f2a2ce4d7af6415cc54a7e927453bb813,1278180
autoland,3869862,13,ffaba559b8f75178eed537731f258b1129b7fe97,linux1804-64-shippable-qr,True,False,,|c|o|l|d| |f|i|s|s|i|o|n| |w|e|b|r|e|n|d|e|r|,102210fe594ee9b33d82058545b1ed14f4c8206e,LastVisualChange,cnn,True,cnn LastVisualChange opt cold fission webrender,,77,ms,firefox,,1733928809,2023-07-26T08:14:58,2131.5,c632111f2a2ce4d7af6415cc54a7e927453bb813,1278180
autoland,3869862,13,ffaba559b8f75178eed537731f258b1129b7fe97,linux1804-64-shippable-qr,True,False,,|c|o|l|d| |f|i|s|s|i|o|n| |w|e|b|r|e|n|d|e|r|,102210fe594ee9b33d82058545b1ed14f4c8206e,LastVisualChange,cnn,True,cnn LastVisualChange opt cold fission webrender,,77,ms,firefox,,1732798070,2023-07-26T08:57:22,2116.8,087b6497aae8a9587ce261a5e9815de391833928,1278197
autoland,3869862,13,ffaba559b8f75178eed537731f258b1129b7fe97,linux1804-64-shippable-qr,True,False,,|c|o|l|d| |f|i|s|s|i|o|n| |w|e|b|r|e|n|d|e|r|,102210fe594ee9b33d82058545b1ed14f4c8206e,LastVisualChange,cnn,True,cnn LastVisualChange opt cold fission webrender,,77,ms,firefox,,1732788430,2023-07-26T09:13:38,2087.2,9bd905ea5b2719cb2a5ac652bcccb9b7d4e86ea7,1278207
autoland,3869862,13,ffaba559b8f75178eed537731f258b1129b7fe97,linux1804-64-shippable-qr,True,False,,|c|o|l|d| |f|i|s|s|i|o|n| |w|e|b|r|e|n|d|e|r|,102210fe594ee9b33d82058545b1ed14f4c8206e,LastVisualChange,cnn,True,cnn LastVisualChange opt cold fission webrender,,77,ms,firefox,,1732794627,2023-07-26T09:19:23,2144.0,bed12c379943edc610c177745c63836bb832c63d,1278210
autoland,3869862,13,ffaba559b8f75178eed537731f258b1129b7fe97,linux1804-64-shippable-qr,True,False,,|c|o|l|d| |f|i|s|s|i|o|n| |w|e|b|r|e|n|d|e|r|,102210fe594ee9b33d82058545b1ed14f4c8206e,LastVisualChange,cnn,True,cnn LastVisualChange opt cold fission webrender,,77,ms,firefox,,1732794748,2023-07-26T09:20:44,2129.4,f3bc86d3e784cf95e810cb5bdbc099b2395a87a5,1278211
autoland,3869862,13,ffaba559b8f75178eed537731f258b1129b7fe97,linux1804-64-shippable-qr,True,False,,|c|o|l|d| |f|i|s|s|i|o|n| |w|e|b|r|e|n|d|e|r|,102210fe594ee9b33d82058545b1ed14f4c8206e,LastVisualChange,cnn,True,cnn LastVisualChange opt cold fission webrender,,77,ms,firefox,,1732791956,2023-07-26T09:30:46,2131.4,299b070981cf68e0beac40cdd86cb6bbe5802d2a,1278216
autoland,3869862,13,ffaba559b8f75178eed537731f258b1129b7fe97,linux1804-64-shippable-qr,True,False,,|c|o|l|d| |f|i|s|s|i|o|n| |w|e|b|r|e|n|d|e|r|,102210fe594ee9b33d82058545b1ed14f4c8206e,LastVisualChange,cnn,True,cnn LastVisualChange opt cold fission webrender,,77,ms,firefox,,1731582716,2023-07-26T09:35:06,2094.2,87846ae3f12d74bcc97619bea65453ce0aca0e54,1278218
autoland,3869862,13,ffaba559b8f75178eed537731f258b1129b7fe97,linux1804-64-shippable-qr,True,False,,|c|o|l|d| |f|i|s|s|i|o|n| |w|e|b|r|e|n|d|e|r|,102210fe594ee9b33d82058545b1ed14f4c8206e,LastVisualChange,cnn,True,cnn LastVisualChange opt cold fission webrender,,77,ms,firefox,,1732823779,2023-07-26T14:35:55,2111.8,7edc2c66e53063fd7e41152b235df57e923ef0ac,1278358
autoland,3869862,13,ffaba559b8f75178eed537731f258b1129b7fe97,linux1804-64-shippable-qr,True,False,,|c|o|l|d| |f|i|s|s|i|o|n| |w|e|b|r|e|n|d|e|r|,102210fe594ee9b33d82058545b1ed14f4c8206e,LastVisualChange,cnn,True,cnn LastVisualChange opt cold fission webrender,,77,ms,firefox,,1732760275,2023-07-26T14:40:26,2131.7,2f8d2611c8166c0575585884dd61898b2803923a,1278362
autoland,3869862,13,ffaba559b8f75178eed537731f258b1129b7fe97,linux1804-64-shippable-qr,True,False,,|c|o|l|d| |f|i|s|s|i|o|n| |w|e|b|r|e|n|d|e|r|,102210fe594ee9b33d82058545b1ed14f4c8206e,LastVisualChange,cnn,True,cnn LastVisualChange opt cold fission webrender,,77,ms,firefox,,1732841499,2023-07-26T14:56:55,2139.8,3e34a525b26ab298d1add99c5134b78d6e6bdcaa,1278372
autoland,3869862,13,ffaba559b8f75178eed537731f258b1129b7fe97,linux1804-64-shippable-qr,True,False,,|c|o|l|d| |f|i|s|s|i|o|n| |w|e|b|r|e|n|d|e|r|,102210fe594ee9b33d82058545b1ed14f4c8206e,LastVisualChange,cnn,True,cnn LastVisualChange opt cold fission webrender,,77,ms,firefox,,1732828299,2023-07-26T15:02:15,2200.0,ce01b4d02ecc0105bc474432fee9509f68b1d5da,1278376
autoland,3869862,13,ffaba559b8f75178eed537731f258b1129b7fe97,linux1804-64-shippable-qr,True,False,,|c|o|l|d| |f|i|s|s|i|o|n| |w|e|b|r|e|n|d|e|r|,102210fe594ee9b33d82058545b1ed14f4c8206e,LastVisualChange,cnn,True,cnn LastVisualChange opt cold fission webrender,,77,ms,firefox,,1732823979,2023-07-26T15:03:55,2307.0,3826a2c876b4305aaf50913ff227a19786edb409,1278378
autoland,3869862,13,ffaba559b8f75178eed537731f258b1129b7fe97,linux1804-64-shippable-qr,True,False,,|c|o|l|d| |f|i|s|s|i|o|n| |w|e|b|r|e|n|d|e|r|,102210fe594ee9b33d82058545b1ed14f4c8206e,LastVisualChange,cnn,True,cnn LastVisualChange opt cold fission webrender,,77,ms,firefox,,1732809095,2023-07-26T15:13:25,2134.5,5707b63f370dad7c36d63166c92b1bf8f09203a7,1278386
autoland,3869862,13,ffaba559b8f75178eed537731f258b1129b7fe97,linux1804-64-shippable-qr,True,False,,|c|o|l|d| |f|i|s|s|i|o|n| |w|e|b|r|e|n|d|e|r|,102210fe594ee9b33d82058545b1ed14f4c8206e,LastVisualChange,cnn,True,cnn LastVisualChange opt cold fission webrender,,77,ms,firefox,,1732759972,2023-07-26T15:14:18,2146.0,c8f8236714f56c1a3b9c32ae5698550e67b69fb9,1278387
autoland,3869862,13,ffaba559b8f75178eed537731f258b1129b7fe97,linux1804-64-shippable-qr,True,False,,|c|o|l|d| |f|i|s|s|i|o|n| |w|e|b|r|e|n|d|e|r|,102210fe594ee9b33d82058545b1ed14f4c8206e,LastVisualChange,cnn,True,cnn LastVisualChange opt cold fission webrender,,77,ms,firefox,,1732810734,2023-07-26T15:16:03,2216.5,4e328b546e82a48a96f83585ff19658cd25ee0f1,1278389
autoland,3869862,13,ffaba559b8f75178eed537731f258b1129b7fe97,linux1804-64-shippable-qr,True,False,,|c|o|l|d| |f|i|s|s|i|o|n| |w|e|b|r|e|n|d|e|r|,102210fe594ee9b33d82058545b1ed14f4c8206e,LastVisualChange,cnn,True,cnn LastVisualChange opt cold fission webrender,,77,ms,firefox,,1732811531,2023-07-26T15:36:28,2377.8,3858af0a420606c237eccf65640ede9095baeafb,1278400
autoland,3869862,13,ffaba559b8f75178eed537731f258b1129b7fe97,linux1804-64-shippable-qr,True,False,,|c|o|l|d| |f|i|s|s|i|o|n| |w|e|b|r|e|n|d|e|r|,102210fe594ee9b33d82058545b1ed14f4c8206e,LastVisualChange,cnn,True,cnn LastVisualChange opt cold fission webrender,,77,ms,firefox,,1731735242,2023-07-26T15:38:17,2117.8,b65b154c05c37b796b5c0ef7cc01fd37ecfdea1c,1278401
autoland,3869862,13,ffaba559b8f75178eed537731f258b1129b7fe97,linux1804-64-shippable-qr,True,False,,|c|o|l|d| |f|i|s|s|i|o|n| |w|e|b|r|e|n|d|e|r|,102210fe594ee9b33d82058545b1ed14f4c8206e,LastVisualChange,cnn,True,cnn LastVisualChange opt cold fission webrender,,77,ms,firefox,,1731921828,2023-07-26T23:24:58,2103.8,84a5d1af6f7ff3689a022412a1fbc2c6632a5f96,1278695
autoland,3869862,13,ffaba559b8f75178eed537731f258b1129b7fe97,linux1804-64-shippable-qr,True,False,,|c|o|l|d| |f|i|s|s|i|o|n| |w|e|b|r|e|n|d|e|r|,102210fe594ee9b33d82058545b1ed14f4c8206e,LastVisualChange,cnn,True,cnn LastVisualChange opt cold fission webrender,,77,ms,firefox,,1731976172,2023-07-27T01:40:00,2113.8,3e5ffa17cbfe0cff1585c411714ca008dc6ae15e,1278764
autoland,3869862,13,ffaba559b8f75178eed537731f258b1129b7fe97,linux1804-64-shippable-qr,True,False,,|c|o|l|d| |f|i|s|s|i|o|n| |w|e|b|r|e|n|d|e|r|,102210fe594ee9b33d82058545b1ed14f4c8206e,LastVisualChange,cnn,True,cnn LastVisualChange opt cold fission webrender,,77,ms,firefox,,1732617536,2023-07-27T10:53:12,2174.7,49616ee80814eb0968b0e2523383748fdb2c7aad,1278923
autoland,3869862,13,ffaba559b8f75178eed537731f258b1129b7fe97,linux1804-64-shippable-qr,True,False,,|c|o|l|d| |f|i|s|s|i|o|n| |w|e|b|r|e|n|d|e|r|,102210fe594ee9b33d82058545b1ed14f4c8206e,LastVisualChange,cnn,True,cnn LastVisualChange opt cold fission webrender,,77,ms,firefox,,1732130353,2023-07-27T11:30:20,2115.4,84800a0d7e6ed9c82449cedd7ba57c2061572292,1278928
autoland,3869862,13,ffaba559b8f75178eed537731f258b1129b7fe97,linux1804-64-shippable-qr,True,False,,|c|o|l|d| |f|i|s|s|i|o|n| |w|e|b|r|e|n|d|e|r|,102210fe594ee9b33d82058545b1ed14f4c8206e,LastVisualChange,cnn,True,cnn LastVisualChange opt cold fission webrender,,77,ms,firefox,,1732268675,2023-07-27T15:18:37,2125.7,481bfcb7b2201e1eb04cebbeee74480be11095cc,1279069
autoland,3869862,13,ffaba559b8f75178eed537731f258b1129b7fe97,linux1804-64-shippable-qr,True,False,,|c|o|l|d| |f|i|s|s|i|o|n| |w|e|b|r|e|n|d|e|r|,102210fe594ee9b33d82058545b1ed14f4c8206e,LastVisualChange,cnn,True,cnn LastVisualChange opt cold fission webrender,,77,ms,firefox,,1732425829,2023-07-27T19:34:25,2125.5,f50f1984cd54c49748c94ebf3f3709aa4c582ead,1279276
autoland,3869862,13,ffaba559b8f75178eed537731f258b1129b7fe97,linux1804-64-shippable-qr,True,False,,|c|o|l|d| |f|i|s|s|i|o|n| |w|e|b|r|e|n|d|e|r|,102210fe594ee9b33d82058545b1ed14f4c8206e,LastVisualChange,cnn,True,cnn LastVisualChange opt cold fission webrender,,77,ms,firefox,,1732491400,2023-07-27T23:35:22,2101.2,0b367e70ac913aeec6308d2b941cff4dc929cd22,1279407
autoland,3869862,13,ffaba559b8f75178eed537731f258b1129b7fe97,linux1804-64-shippable-qr,True,False,,|c|o|l|d| |f|i|s|s|i|o|n| |w|e|b|r|e|n|d|e|r|,102210fe594ee9b33d82058545b1ed14f4c8206e,LastVisualChange,cnn,True,cnn LastVisualChange opt cold fission webrender,,77,ms,firefox,,1732526955,2023-07-28T01:05:08,2132.2,36ce680ea81ccb2f123f0f6831596185e6ea4e83,1279448
autoland,3869862,13,ffaba559b8f75178eed537731f258b1129b7fe97,linux1804-64-shippable-qr,True,False,,|c|o|l|d| |f|i|s|s|i|o|n| |w|e|b|r|e|n|d|e|r|,102210fe594ee9b33d82058545b1ed14f4c8206e,LastVisualChange,cnn,True,cnn LastVisualChange opt cold fission webrender,,77,ms,firefox,,1732612050,2023-07-28T05:46:55,2124.5,10692fd51184d10f78fb0eb56090f3c55827b561,1279508
autoland,3869862,13,ffaba559b8f75178eed537731f258b1129b7fe97,linux1804-64-shippable-qr,True,False,,|c|o|l|d| |f|i|s|s|i|o|n| |w|e|b|r|e|n|d|e|r|,102210fe594ee9b33d82058545b1ed14f4c8206e,LastVisualChange,cnn,True,cnn LastVisualChange opt cold fission webrender,,77,ms,firefox,,1732720309,2023-07-28T11:09:37,2110.1,af33198f4756b96446ab9cb00f77cc6e2b27f314,1279609
autoland,3869862,13,ffaba559b8f75178eed537731f258b1129b7fe97,linux1804-64-shippable-qr,True,False,,|c|o|l|d| |f|i|s|s|i|o|n| |w|e|b|r|e|n|d|e|r|,102210fe594ee9b33d82058545b1ed14f4c8206e,LastVisualChange,cnn,True,cnn LastVisualChange opt cold fission webrender,,77,ms,firefox,,1733035101,2023-07-28T13:57:10,2147.1,148b5471e5886061d13d6a4fb357e0791b2afb34,1279692
autoland,3869862,13,ffaba559b8f75178eed537731f258b1129b7fe97,linux1804-64-shippable-qr,True,False,,|c|o|l|d| |f|i|s|s|i|o|n| |w|e|b|r|e|n|d|e|r|,102210fe594ee9b33d82058545b1ed14f4c8206e,LastVisualChange,cnn,True,cnn LastVisualChange opt cold fission webrender,,77,ms,firefox,,1733040955,2023-07-28T14:25:46,2121.2,0f04283fe1434b754418b878f1af044b40bfa55d,1279708
autoland,3869862,13,ffaba559b8f75178eed537731f258b1129b7fe97,linux1804-64-shippable-qr,True,False,,|c|o|l|d| |f|i|s|s|i|o|n| |w|e|b|r|e|n|d|e|r|,102210fe594ee9b33d82058545b1ed14f4c8206e,LastVisualChange,cnn,True,cnn LastVisualChange opt cold fission webrender,,77,ms,firefox,,1732813915,2023-07-28T14:46:21,2320.3,08098e30932d89da82f6e452fff88fee938088d7,1279720
autoland,3869862,13,ffaba559b8f75178eed537731f258b1129b7fe97,linux1804-64-shippable-qr,True,False,,|c|o|l|d| |f|i|s|s|i|o|n| |w|e|b|r|e|n|d|e|r|,102210fe594ee9b33d82058545b1ed14f4c8206e,LastVisualChange,cnn,True,cnn LastVisualChange opt cold fission webrender,,77,ms,firefox,,1732937922,2023-07-28T18:48:27,2126.8,2f51f44f5da6afbdb8a587b03f47fcdc7b672475,1279862
autoland,3869862,13,ffaba559b8f75178eed537731f258b1129b7fe97,linux1804-64-shippable-qr,True,False,,|c|o|l|d| |f|i|s|s|i|o|n| |w|e|b|r|e|n|d|e|r|,102210fe594ee9b33d82058545b1ed14f4c8206e,LastVisualChange,cnn,True,cnn LastVisualChange opt cold fission webrender,,77,ms,firefox,,1733001492,2023-07-28T22:56:39,2124.5,95255b6bb2d51d6c10d6a3471da82aeaf7512c0f,1279985
autoland,3869862,13,ffaba559b8f75178eed537731f258b1129b7fe97,linux1804-64-shippable-qr,True,False,,|c|o|l|d| |f|i|s|s|i|o|n| |w|e|b|r|e|n|d|e|r|,102210fe594ee9b33d82058545b1ed14f4c8206e,LastVisualChange,cnn,True,cnn LastVisualChange opt cold fission webrender,,77,ms,firefox,,1733051217,2023-07-29T03:44:49,2109.7,1c410aed156878dc739ffdb4343c315fb0bb0a00,1280031
autoland,3869862,13,ffaba559b8f75178eed537731f258b1129b7fe97,linux1804-64-shippable-qr,True,False,,|c|o|l|d| |f|i|s|s|i|o|n| |w|e|b|r|e|n|d|e|r|,102210fe594ee9b33d82058545b1ed14f4c8206e,LastVisualChange,cnn,True,cnn LastVisualChange opt cold fission webrender,,77,ms,firefox,,1733109892,2023-07-29T09:43:33,2093.8,5f1e1cd609f68ff20fbea6b02e5a3444f7dd303d,1280059
autoland,3869862,13,ffaba559b8f75178eed537731f258b1129b7fe97,linux1804-64-shippable-qr,True,False,,|c|o|l|d| |f|i|s|s|i|o|n| |w|e|b|r|e|n|d|e|r|,102210fe594ee9b33d82058545b1ed14f4c8206e,LastVisualChange,cnn,True,cnn LastVisualChange opt cold fission webrender,,77,ms,firefox,,1733191406,2023-07-30T01:23:54,2130.1,9a9597eb50561ea739c8a26da45dcbad6557a326,1280105
autoland,3869862,13,ffaba559b8f75178eed537731f258b1129b7fe97,linux1804-64-shippable-qr,True,False,,|c|o|l|d| |f|i|s|s|i|o|n| |w|e|b|r|e|n|d|e|r|,102210fe594ee9b33d82058545b1ed14f4c8206e,LastVisualChange,cnn,True,cnn LastVisualChange opt cold fission webrender,,77,ms,firefox,,1733277878,2023-07-30T13:52:06,2129.7,ce5b2b0d4bc01294b78eeb50a7738e0b5755b3a4,1280125
autoland,3869862,13,ffaba559b8f75178eed537731f258b1129b7fe97,linux1804-64-shippable-qr,True,False,,|c|o|l|d| |f|i|s|s|i|o|n| |w|e|b|r|e|n|d|e|r|,102210fe594ee9b33d82058545b1ed14f4c8206e,LastVisualChange,cnn,True,cnn LastVisualChange opt cold fission webrender,,77,ms,firefox,,1733343762,2023-07-31T04:52:45,2129.2,91dd0dbb8e738b29e6f14bdbaaf28f2b1f531b2b,1280185
autoland,3869862,13,ffaba559b8f75178eed537731f258b1129b7fe97,linux1804-64-shippable-qr,True,False,,|c|o|l|d| |f|i|s|s|i|o|n| |w|e|b|r|e|n|d|e|r|,102210fe594ee9b33d82058545b1ed14f4c8206e,LastVisualChange,cnn,True,cnn LastVisualChange opt cold fission webrender,,77,ms,firefox,,1733397503,2023-07-31T09:26:34,2118.1,2b4f8ad0cecd1e9ce287bf572fd28b8b94d91717,1280244
autoland,3869862,13,ffaba559b8f75178eed537731f258b1129b7fe97,linux1804-64-shippable-qr,True,False,,|c|o|l|d| |f|i|s|s|i|o|n| |w|e|b|r|e|n|d|e|r|,102210fe594ee9b33d82058545b1ed14f4c8206e,LastVisualChange,cnn,True,cnn LastVisualChange opt cold fission webrender,,77,ms,firefox,,1733456478,2023-07-31T10:39:42,2142.7,805b1cd5321098059e548eed4aa9db6f43cd833e,1280276
autoland,3869862,13,ffaba559b8f75178eed537731f258b1129b7fe97,linux1804-64-shippable-qr,True,False,,|c|o|l|d| |f|i|s|s|i|o|n| |w|e|b|r|e|n|d|e|r|,102210fe594ee9b33d82058545b1ed14f4c8206e,LastVisualChange,cnn,True,cnn LastVisualChange opt cold fission webrender,,77,ms,firefox,,1733645288,2023-07-31T14:45:15,2129.1,7cad7000bc1c51f14ca241ac2aa08ac299612b8c,1280380
autoland,3869862,13,ffaba559b8f75178eed537731f258b1129b7fe97,linux1804-64-shippable-qr,True,False,,|c|o|l|d| |f|i|s|s|i|o|n| |w|e|b|r|e|n|d|e|r|,102210fe594ee9b33d82058545b1ed14f4c8206e,LastVisualChange,cnn,True,cnn LastVisualChange opt cold fission webrender,,77,ms,firefox,,1733945951,2023-07-31T14:55:33,2172.9,9e236040dbebcbd0457b0eeedbe2f9c748222f7e,1280390
autoland,3869862,13,ffaba559b8f75178eed537731f258b1129b7fe97,linux1804-64-shippable-qr,True,False,,|c|o|l|d| |f|i|s|s|i|o|n| |w|e|b|r|e|n|d|e|r|,102210fe594ee9b33d82058545b1ed14f4c8206e,LastVisualChange,cnn,True,cnn LastVisualChange opt cold fission webrender,,77,ms,firefox,,1733933305,2023-07-31T15:11:07,2172.7,546ff8a87052dd519d6886aaf27a95450b6e4444,1280402
autoland,3869862,13,ffaba559b8f75178eed537731f258b1129b7fe97,linux1804-64-shippable-qr,True,False,,|c|o|l|d| |f|i|s|s|i|o|n| |w|e|b|r|e|n|d|e|r|,102210fe594ee9b33d82058545b1ed14f4c8206e,LastVisualChange,cnn,True,cnn LastVisualChange opt cold fission webrender,,77,ms,firefox,,1733635130,2023-07-31T16:08:26,2109.4,0a238650aa096b0da883226d02d11fc5178541f3,1280438
autoland,3869862,13,ffaba559b8f75178eed537731f258b1129b7fe97,linux1804-64-shippable-qr,True,False,,|c|o|l|d| |f|i|s|s|i|o|n| |w|e|b|r|e|n|d|e|r|,102210fe594ee9b33d82058545b1ed14f4c8206e,LastVisualChange,cnn,True,cnn LastVisualChange opt cold fission webrender,,77,ms,firefox,,1733726597,2023-07-31T21:31:29,2093.0,2d698aca1dece26df297dd085dbde9216e3b2e66,1280612
autoland,3869862,13,ffaba559b8f75178eed537731f258b1129b7fe97,linux1804-64-shippable-qr,True,False,,|c|o|l|d| |f|i|s|s|i|o|n| |w|e|b|r|e|n|d|e|r|,102210fe594ee9b33d82058545b1ed14f4c8206e,LastVisualChange,cnn,True,cnn LastVisualChange opt cold fission webrender,,77,ms,firefox,,1733740769,2023-07-31T21:34:42,2138.1,28250de453513da3369c412cbce0f35b97146bec,1280618
autoland,3869862,13,ffaba559b8f75178eed537731f258b1129b7fe97,linux1804-64-shippable-qr,True,False,,|c|o|l|d| |f|i|s|s|i|o|n| |w|e|b|r|e|n|d|e|r|,102210fe594ee9b33d82058545b1ed14f4c8206e,LastVisualChange,cnn,True,cnn LastVisualChange opt cold fission webrender,,77,ms,firefox,,1733796504,2023-07-31T23:41:21,1749.9,195161a06a7a71dbce0ee5e8ddb8c84f3cb03df7,1280694
autoland,3869862,13,ffaba559b8f75178eed537731f258b1129b7fe97,linux1804-64-shippable-qr,True,False,,|c|o|l|d| |f|i|s|s|i|o|n| |w|e|b|r|e|n|d|e|r|,102210fe594ee9b33d82058545b1ed14f4c8206e,LastVisualChange,cnn,True,cnn LastVisualChange opt cold fission webrender,,77,ms,firefox,,1733904911,2023-08-01T03:53:20,2157.1,ca66ac527c958bd3f26f8c86f291fa85de21ec56,1280753
autoland,3869862,13,ffaba559b8f75178eed537731f258b1129b7fe97,linux1804-64-shippable-qr,True,False,,|c|o|l|d| |f|i|s|s|i|o|n| |w|e|b|r|e|n|d|e|r|,102210fe594ee9b33d82058545b1ed14f4c8206e,LastVisualChange,cnn,True,cnn LastVisualChange opt cold fission webrender,,77,ms,firefox,,1733897346,2023-08-01T04:02:13,2106.3,d5ecff066adaf3a4029a970db93a9f23f1ed2587,1280758
autoland,3869862,13,ffaba559b8f75178eed537731f258b1129b7fe97,linux1804-64-shippable-qr,True,False,,|c|o|l|d| |f|i|s|s|i|o|n| |w|e|b|r|e|n|d|e|r|,102210fe594ee9b33d82058545b1ed14f4c8206e,LastVisualChange,cnn,True,cnn LastVisualChange opt cold fission webrender,,77,ms,firefox,,1733985028,2023-08-01T08:15:56,2133.6,5201d6f4a7e8740bd42f08295800c15e0e18cd7e,1280812
autoland,3869862,13,ffaba559b8f75178eed537731f258b1129b7fe97,linux1804-64-shippable-qr,True,False,,|c|o|l|d| |f|i|s|s|i|o|n| |w|e|b|r|e|n|d|e|r|,102210fe594ee9b33d82058545b1ed14f4c8206e,LastVisualChange,cnn,True,cnn LastVisualChange opt cold fission webrender,,77,ms,firefox,,1734090426,2023-08-01T12:32:45,2115.8,90b19e0d07e5d2cd137f135b860f0357df90e338,1280938
autoland,3869862,13,ffaba559b8f75178eed537731f258b1129b7fe97,linux1804-64-shippable-qr,True,False,,|c|o|l|d| |f|i|s|s|i|o|n| |w|e|b|r|e|n|d|e|r|,102210fe594ee9b33d82058545b1ed14f4c8206e,LastVisualChange,cnn,True,cnn LastVisualChange opt cold fission webrender,,77,ms,firefox,,1734116576,2023-08-01T12:49:44,2127.0,61356e1447e3bb09709883f8b5806a201d39c5a4,1280953
autoland,3869862,13,ffaba559b8f75178eed537731f258b1129b7fe97,linux1804-64-shippable-qr,True,False,,|c|o|l|d| |f|i|s|s|i|o|n| |w|e|b|r|e|n|d|e|r|,102210fe594ee9b33d82058545b1ed14f4c8206e,LastVisualChange,cnn,True,cnn LastVisualChange opt cold fission webrender,,77,ms,firefox,,1734162371,2023-08-01T15:48:38,2166.5,ea7df1f8976b5cdf0d7ddbc918c38d7fffcee983,1281058
autoland,3869862,13,ffaba559b8f75178eed537731f258b1129b7fe97,linux1804-64-shippable-qr,True,False,,|c|o|l|d| |f|i|s|s|i|o|n| |w|e|b|r|e|n|d|e|r|,102210fe594ee9b33d82058545b1ed14f4c8206e,LastVisualChange,cnn,True,cnn LastVisualChange opt cold fission webrender,,77,ms,firefox,,1734319684,2023-08-01T20:02:17,2107.1,fd6f3d21ce3f450906d293c067fdadc62ea991a6,1281212
autoland,3869862,13,ffaba559b8f75178eed537731f258b1129b7fe97,linux1804-64-shippable-qr,True,False,,|c|o|l|d| |f|i|s|s|i|o|n| |w|e|b|r|e|n|d|e|r|,102210fe594ee9b33d82058545b1ed14f4c8206e,LastVisualChange,cnn,True,cnn LastVisualChange opt cold fission webrender,,77,ms,firefox,,1734383566,2023-08-02T00:13:38,2089.3,323a980eddb18489b9d7de1ffeff427026574b4c,1281337
autoland,3869862,13,ffaba559b8f75178eed537731f258b1129b7fe97,linux1804-64-shippable-qr,True,False,,|c|o|l|d| |f|i|s|s|i|o|n| |w|e|b|r|e|n|d|e|r|,102210fe594ee9b33d82058545b1ed14f4c8206e,LastVisualChange,cnn,True,cnn LastVisualChange opt cold fission webrender,,77,ms,firefox,,1734505308,2023-08-02T06:07:22,2133.7,7ee1dad073d03db2f730fd5c2baf77f37e458feb,1281414
autoland,3869862,13,ffaba559b8f75178eed537731f258b1129b7fe97,linux1804-64-shippable-qr,True,False,,|c|o|l|d| |f|i|s|s|i|o|n| |w|e|b|r|e|n|d|e|r|,102210fe594ee9b33d82058545b1ed14f4c8206e,LastVisualChange,cnn,True,cnn LastVisualChange opt cold fission webrender,,77,ms,firefox,,1734488473,2023-08-02T06:35:09,2110.6,a8968f9e8cf0bba14f132004f11b34a8abb93165,1281421
autoland,3869862,13,ffaba559b8f75178eed537731f258b1129b7fe97,linux1804-64-shippable-qr,True,False,,|c|o|l|d| |f|i|s|s|i|o|n| |w|e|b|r|e|n|d|e|r|,102210fe594ee9b33d82058545b1ed14f4c8206e,LastVisualChange,cnn,True,cnn LastVisualChange opt cold fission webrender,,77,ms,firefox,,1734588664,2023-08-02T10:39:12,2136.0,338c2c8d91af0f92fa1a7a3b5fb1830adb54b373,1281520
autoland,3869862,13,ffaba559b8f75178eed537731f258b1129b7fe97,linux1804-64-shippable-qr,True,False,,|c|o|l|d| |f|i|s|s|i|o|n| |w|e|b|r|e|n|d|e|r|,102210fe594ee9b33d82058545b1ed14f4c8206e,LastVisualChange,cnn,True,cnn LastVisualChange opt cold fission webrender,,77,ms,firefox,,1734638435,2023-08-02T12:59:29,2094.7,b21c8906db6d0a7e0fbae7e609d90da9cf977fbb,1281568
autoland,3869862,13,ffaba559b8f75178eed537731f258b1129b7fe97,linux1804-64-shippable-qr,True,False,,|c|o|l|d| |f|i|s|s|i|o|n| |w|e|b|r|e|n|d|e|r|,102210fe594ee9b33d82058545b1ed14f4c8206e,LastVisualChange,cnn,True,cnn LastVisualChange opt cold fission webrender,,77,ms,firefox,,1735145382,2023-08-02T15:00:42,2125.1,493b4e3a7627b3c038bbe926859df076a3342ea8,1281631
autoland,3869862,13,ffaba559b8f75178eed537731f258b1129b7fe97,linux1804-64-shippable-qr,True,False,,|c|o|l|d| |f|i|s|s|i|o|n| |w|e|b|r|e|n|d|e|r|,102210fe594ee9b33d82058545b1ed14f4c8206e,LastVisualChange,cnn,True,cnn LastVisualChange opt cold fission webrender,,77,ms,firefox,,1735113414,2023-08-02T15:15:11,2101.2,5bbb73c8e08703a3e4c2b27d5e12e123ae7f8946,1281640
autoland,3869862,13,ffaba559b8f75178eed537731f258b1129b7fe97,linux1804-64-shippable-qr,True,False,,|c|o|l|d| |f|i|s|s|i|o|n| |w|e|b|r|e|n|d|e|r|,102210fe594ee9b33d82058545b1ed14f4c8206e,LastVisualChange,cnn,True,cnn LastVisualChange opt cold fission webrender,,77,ms,firefox,,1734727599,2023-08-02T16:29:38,2105.0,90ca26ab8ee142d08164d3ed9761aa023bc4e2aa,1281697
autoland,3869862,13,ffaba559b8f75178eed537731f258b1129b7fe97,linux1804-64-shippable-qr,True,False,,|c|o|l|d| |f|i|s|s|i|o|n| |w|e|b|r|e|n|d|e|r|,102210fe594ee9b33d82058545b1ed14f4c8206e,LastVisualChange,cnn,True,cnn LastVisualChange opt cold fission webrender,,77,ms,firefox,,1735017736,2023-08-03T00:54:50,2123.9,9836af94c959ecca4666d7f0c19125b41969ff65,1282044
autoland,3869862,13,ffaba559b8f75178eed537731f258b1129b7fe97,linux1804-64-shippable-qr,True,False,,|c|o|l|d| |f|i|s|s|i|o|n| |w|e|b|r|e|n|d|e|r|,102210fe594ee9b33d82058545b1ed14f4c8206e,LastVisualChange,cnn,True,cnn LastVisualChange opt cold fission webrender,,77,ms,firefox,,1735048141,2023-08-03T00:55:51,2121.9,c37e853eb755f0f4110f01509516da8c93baf284,1282045
autoland,3869862,13,ffaba559b8f75178eed537731f258b1129b7fe97,linux1804-64-shippable-qr,True,False,,|c|o|l|d| |f|i|s|s|i|o|n| |w|e|b|r|e|n|d|e|r|,102210fe594ee9b33d82058545b1ed14f4c8206e,LastVisualChange,cnn,True,cnn LastVisualChange opt cold fission webrender,,77,ms,firefox,,1735148920,2023-08-03T05:32:27,2122.3,1eb2f6905e74aa982d6b71bec524ccfde726bb7b,1282117
autoland,3869862,13,ffaba559b8f75178eed537731f258b1129b7fe97,linux1804-64-shippable-qr,True,False,,|c|o|l|d| |f|i|s|s|i|o|n| |w|e|b|r|e|n|d|e|r|,102210fe594ee9b33d82058545b1ed14f4c8206e,LastVisualChange,cnn,True,cnn LastVisualChange opt cold fission webrender,,77,ms,firefox,,1735197907,2023-08-03T09:35:33,2111.9,6f55c55c40c70eff3b82d3129f516257598ea115,1282197
autoland,3869862,13,ffaba559b8f75178eed537731f258b1129b7fe97,linux1804-64-shippable-qr,True,False,,|c|o|l|d| |f|i|s|s|i|o|n| |w|e|b|r|e|n|d|e|r|,102210fe594ee9b33d82058545b1ed14f4c8206e,LastVisualChange,cnn,True,cnn LastVisualChange opt cold fission webrender,,77,ms,firefox,,1735268407,2023-08-03T11:38:24,2140.8,9a8ae552959ec73c3546151f30d131552d64bce0,1282235
autoland,3869862,13,ffaba559b8f75178eed537731f258b1129b7fe97,linux1804-64-shippable-qr,True,False,,|c|o|l|d| |f|i|s|s|i|o|n| |w|e|b|r|e|n|d|e|r|,102210fe594ee9b33d82058545b1ed14f4c8206e,LastVisualChange,cnn,True,cnn LastVisualChange opt cold fission webrender,,77,ms,firefox,,1735450410,2023-08-03T15:46:38,2076.6,b801323d1ecc3535a192916c7cb0575710458777,1282361
autoland,3869862,13,ffaba559b8f75178eed537731f258b1129b7fe97,linux1804-64-shippable-qr,True,False,,|c|o|l|d| |f|i|s|s|i|o|n| |w|e|b|r|e|n|d|e|r|,102210fe594ee9b33d82058545b1ed14f4c8206e,LastVisualChange,cnn,True,cnn LastVisualChange opt cold fission webrender,,77,ms,firefox,,1735467131,2023-08-03T16:00:50,2168.5,58d067f89f59472dc1a89d573ccebb4850863efa,1282374
autoland,3869862,13,ffaba559b8f75178eed537731f258b1129b7fe97,linux1804-64-shippable-qr,True,False,,|c|o|l|d| |f|i|s|s|i|o|n| |w|e|b|r|e|n|d|e|r|,102210fe594ee9b33d82058545b1ed14f4c8206e,LastVisualChange,cnn,True,cnn LastVisualChange opt cold fission webrender,,77,ms,firefox,,1735532126,2023-08-03T19:10:36,2086.0,8527a2500a35867e4319772e3be1f2756dfcfced,1282500
autoland,3869862,13,ffaba559b8f75178eed537731f258b1129b7fe97,linux1804-64-shippable-qr,True,False,,|c|o|l|d| |f|i|s|s|i|o|n| |w|e|b|r|e|n|d|e|r|,102210fe594ee9b33d82058545b1ed14f4c8206e,LastVisualChange,cnn,True,cnn LastVisualChange opt cold fission webrender,,77,ms,firefox,,1735640122,2023-08-03T22:02:40,2112.3,3922ccc760667154aea7a174114abfacb17fe35e,1282606
autoland,3869862,13,ffaba559b8f75178eed537731f258b1129b7fe97,linux1804-64-shippable-qr,True,False,,|c|o|l|d| |f|i|s|s|i|o|n| |w|e|b|r|e|n|d|e|r|,102210fe594ee9b33d82058545b1ed14f4c8206e,LastVisualChange,cnn,True,cnn LastVisualChange opt cold fission webrender,,77,ms,firefox,,1735726063,2023-08-04T02:28:33,2080.5,2b60f9868271a131fa342332b78f3968159fa46e,1282715
autoland,3869862,13,ffaba559b8f75178eed537731f258b1129b7fe97,linux1804-64-shippable-qr,True,False,,|c|o|l|d| |f|i|s|s|i|o|n| |w|e|b|r|e|n|d|e|r|,102210fe594ee9b33d82058545b1ed14f4c8206e,LastVisualChange,cnn,True,cnn LastVisualChange opt cold fission webrender,,77,ms,firefox,,1735824844,2023-08-04T06:28:57,2147.4,94da8bb07baea6212776a4b3ddcebff2c08eab98,1282781
autoland,3869862,13,ffaba559b8f75178eed537731f258b1129b7fe97,linux1804-64-shippable-qr,True,False,,|c|o|l|d| |f|i|s|s|i|o|n| |w|e|b|r|e|n|d|e|r|,102210fe594ee9b33d82058545b1ed14f4c8206e,LastVisualChange,cnn,True,cnn LastVisualChange opt cold fission webrender,,77,ms,firefox,,1735856293,2023-08-04T09:04:37,2101.3,386212864d07a46141ce5bca1ef4988cefa4bad7,1282830
autoland,3869862,13,ffaba559b8f75178eed537731f258b1129b7fe97,linux1804-64-shippable-qr,True,False,,|c|o|l|d| |f|i|s|s|i|o|n| |w|e|b|r|e|n|d|e|r|,102210fe594ee9b33d82058545b1ed14f4c8206e,LastVisualChange,cnn,True,cnn LastVisualChange opt cold fission webrender,,77,ms,firefox,,1735986571,2023-08-04T13:05:51,2085.5,3a8e173a97d02ae7b0aa11e9ca6f35b1fe8fa926,1282936
autoland,3869862,13,ffaba559b8f75178eed537731f258b1129b7fe97,linux1804-64-shippable-qr,True,False,,|c|o|l|d| |f|i|s|s|i|o|n| |w|e|b|r|e|n|d|e|r|,102210fe594ee9b33d82058545b1ed14f4c8206e,LastVisualChange,cnn,True,cnn LastVisualChange opt cold fission webrender,,77,ms,firefox,,1736006944,2023-08-04T14:26:38,2108.7,8b506ab414513f3320eb7747254e94b37808bb75,1282995
autoland,3869862,13,ffaba559b8f75178eed537731f258b1129b7fe97,linux1804-64-shippable-qr,True,False,,|c|o|l|d| |f|i|s|s|i|o|n| |w|e|b|r|e|n|d|e|r|,102210fe594ee9b33d82058545b1ed14f4c8206e,LastVisualChange,cnn,True,cnn LastVisualChange opt cold fission webrender,,77,ms,firefox,,1736129096,2023-08-04T17:20:09,2114.4,e8c6dc4a318cb8af6210801b4271ea32ee9f324a,1283108
autoland,3869862,13,ffaba559b8f75178eed537731f258b1129b7fe97,linux1804-64-shippable-qr,True,False,,|c|o|l|d| |f|i|s|s|i|o|n| |w|e|b|r|e|n|d|e|r|,102210fe594ee9b33d82058545b1ed14f4c8206e,LastVisualChange,cnn,True,cnn LastVisualChange opt cold fission webrender,,77,ms,firefox,,1736284661,2023-08-04T21:22:40,2093.9,de6dcf5a4c0eec5ef6847cde00ec5da4fcee2e8c,1283226
autoland,3869862,13,ffaba559b8f75178eed537731f258b1129b7fe97,linux1804-64-shippable-qr,True,False,,|c|o|l|d| |f|i|s|s|i|o|n| |w|e|b|r|e|n|d|e|r|,102210fe594ee9b33d82058545b1ed14f4c8206e,LastVisualChange,cnn,True,cnn LastVisualChange opt cold fission webrender,,77,ms,firefox,,1736324062,2023-08-04T23:16:08,2112.6,421628bd5a5c1cf8c64cb86994b1e6dc738abb49,1283269
autoland,3869862,13,ffaba559b8f75178eed537731f258b1129b7fe97,linux1804-64-shippable-qr,True,False,,|c|o|l|d| |f|i|s|s|i|o|n| |w|e|b|r|e|n|d|e|r|,102210fe594ee9b33d82058545b1ed14f4c8206e,LastVisualChange,cnn,True,cnn LastVisualChange opt cold fission webrender,,77,ms,firefox,,1736441255,2023-08-05T11:44:34,2078.8,9e73058ab4aadee7e12b26a9be296b2bbc04cf74,1283328
autoland,3869862,13,ffaba559b8f75178eed537731f258b1129b7fe97,linux1804-64-shippable-qr,True,False,,|c|o|l|d| |f|i|s|s|i|o|n| |w|e|b|r|e|n|d|e|r|,102210fe594ee9b33d82058545b1ed14f4c8206e,LastVisualChange,cnn,True,cnn LastVisualChange opt cold fission webrender,,77,ms,firefox,,1736466108,2023-08-05T16:15:02,1752.9,b0538d39e8c853c9e07b359df9c740d5175e7077,1283346
autoland,3869862,13,ffaba559b8f75178eed537731f258b1129b7fe97,linux1804-64-shippable-qr,True,False,,|c|o|l|d| |f|i|s|s|i|o|n| |w|e|b|r|e|n|d|e|r|,102210fe594ee9b33d82058545b1ed14f4c8206e,LastVisualChange,cnn,True,cnn LastVisualChange opt cold fission webrender,,77,ms,firefox,,1736616969,2023-08-06T23:55:51,2102.9,a777f43c4d9cabe80f2fc3aea6bf95c7e3e9c4c1,1283445
autoland,3869862,13,ffaba559b8f75178eed537731f258b1129b7fe97,linux1804-64-shippable-qr,True,False,,|c|o|l|d| |f|i|s|s|i|o|n| |w|e|b|r|e|n|d|e|r|,102210fe594ee9b33d82058545b1ed14f4c8206e,LastVisualChange,cnn,True,cnn LastVisualChange opt cold fission webrender,,77,ms,firefox,,1736654556,2023-08-07T02:09:17,2121.4,a86a27857ef685b0547d023a29fb8c8bb3f8fc1d,1283462
autoland,3869862,13,ffaba559b8f75178eed537731f258b1129b7fe97,linux1804-64-shippable-qr,True,False,,|c|o|l|d| |f|i|s|s|i|o|n| |w|e|b|r|e|n|d|e|r|,102210fe594ee9b33d82058545b1ed14f4c8206e,LastVisualChange,cnn,True,cnn LastVisualChange opt cold fission webrender,,77,ms,firefox,,1737265592,2023-08-07T04:48:50,2126.8,9555a7afb7209f87b299f3b014bb364b34f6e095,1283483
autoland,3869862,13,ffaba559b8f75178eed537731f258b1129b7fe97,linux1804-64-shippable-qr,True,False,,|c|o|l|d| |f|i|s|s|i|o|n| |w|e|b|r|e|n|d|e|r|,102210fe594ee9b33d82058545b1ed14f4c8206e,LastVisualChange,cnn,True,cnn LastVisualChange opt cold fission webrender,,77,ms,firefox,,1737256970,2023-08-07T04:55:58,2096.0,4389f1c2b8cc83eafdc84eb81353a028baaebb55,1283484
autoland,3869862,13,ffaba559b8f75178eed537731f258b1129b7fe97,linux1804-64-shippable-qr,True,False,,|c|o|l|d| |f|i|s|s|i|o|n| |w|e|b|r|e|n|d|e|r|,102210fe594ee9b33d82058545b1ed14f4c8206e,LastVisualChange,cnn,True,cnn LastVisualChange opt cold fission webrender,,77,ms,firefox,,1736701540,2023-08-07T06:19:47,2139.5,6d877fdb9a1e892fe6528a26aab81b53cfae55c5,1283519
autoland,3869862,13,ffaba559b8f75178eed537731f258b1129b7fe97,linux1804-64-shippable-qr,True,False,,|c|o|l|d| |f|i|s|s|i|o|n| |w|e|b|r|e|n|d|e|r|,102210fe594ee9b33d82058545b1ed14f4c8206e,LastVisualChange,cnn,True,cnn LastVisualChange opt cold fission webrender,,77,ms,firefox,,1736755941,2023-08-07T09:17:55,2122.1,2f07664dbc304adeae1029ead0f4ab014aaa02a8,1283581
autoland,3869862,13,ffaba559b8f75178eed537731f258b1129b7fe97,linux1804-64-shippable-qr,True,False,,|c|o|l|d| |f|i|s|s|i|o|n| |w|e|b|r|e|n|d|e|r|,102210fe594ee9b33d82058545b1ed14f4c8206e,LastVisualChange,cnn,True,cnn LastVisualChange opt cold fission webrender,,77,ms,firefox,,1736884432,2023-08-07T13:44:02,2098.7,d59d0a5038b29cdbcbb2d4b003d642a2617e297f,1283713
autoland,3869862,13,ffaba559b8f75178eed537731f258b1129b7fe97,linux1804-64-shippable-qr,True,False,,|c|o|l|d| |f|i|s|s|i|o|n| |w|e|b|r|e|n|d|e|r|,102210fe594ee9b33d82058545b1ed14f4c8206e,LastVisualChange,cnn,True,cnn LastVisualChange opt cold fission webrender,,77,ms,firefox,,1737244673,2023-08-07T14:25:14,2116.8,617205b5b34e3efa0afc95d965a8404aef4ddb36,1283736
autoland,3869862,13,ffaba559b8f75178eed537731f258b1129b7fe97,linux1804-64-shippable-qr,True,False,,|c|o|l|d| |f|i|s|s|i|o|n| |w|e|b|r|e|n|d|e|r|,102210fe594ee9b33d82058545b1ed14f4c8206e,LastVisualChange,cnn,True,cnn LastVisualChange opt cold fission webrender,,77,ms,firefox,,1737251791,2023-08-07T14:37:37,2096.4,6a6e81b1dfb459262cd93ce0448837be1183f628,1283747
autoland,3869862,13,ffaba559b8f75178eed537731f258b1129b7fe97,linux1804-64-shippable-qr,True,False,,|c|o|l|d| |f|i|s|s|i|o|n| |w|e|b|r|e|n|d|e|r|,102210fe594ee9b33d82058545b1ed14f4c8206e,LastVisualChange,cnn,True,cnn LastVisualChange opt cold fission webrender,,77,ms,firefox,,1736971397,2023-08-07T16:46:35,2157.1,969534e114528550edbcaf30931bc5e255ac2475,1283815
autoland,3869862,13,ffaba559b8f75178eed537731f258b1129b7fe97,linux1804-64-shippable-qr,True,False,,|c|o|l|d| |f|i|s|s|i|o|n| |w|e|b|r|e|n|d|e|r|,102210fe594ee9b33d82058545b1ed14f4c8206e,LastVisualChange,cnn,True,cnn LastVisualChange opt cold fission webrender,,77,ms,firefox,,1737053650,2023-08-07T20:52:42,2088.3,588b596bcb73c4c9cf235c8df1dc04fc9475c321,1283921
autoland,3869862,13,ffaba559b8f75178eed537731f258b1129b7fe97,linux1804-64-shippable-qr,True,False,,|c|o|l|d| |f|i|s|s|i|o|n| |w|e|b|r|e|n|d|e|r|,102210fe594ee9b33d82058545b1ed14f4c8206e,LastVisualChange,cnn,True,cnn LastVisualChange opt cold fission webrender,,77,ms,firefox,,1737082262,2023-08-07T21:31:10,2097.7,0d1a783351f683e500d6e8f83d3dc430b2afdcbf,1283941
autoland,3869862,13,ffaba559b8f75178eed537731f258b1129b7fe97,linux1804-64-shippable-qr,True,False,,|c|o|l|d| |f|i|s|s|i|o|n| |w|e|b|r|e|n|d|e|r|,102210fe594ee9b33d82058545b1ed14f4c8206e,LastVisualChange,cnn,True,cnn LastVisualChange opt cold fission webrender,,77,ms,firefox,,1737216347,2023-08-08T01:47:48,2107.3,7053ad5afbc40a1a98d9e4e447c98e2fd6d70f04,1284029
autoland,3869862,13,ffaba559b8f75178eed537731f258b1129b7fe97,linux1804-64-shippable-qr,True,False,,|c|o|l|d| |f|i|s|s|i|o|n| |w|e|b|r|e|n|d|e|r|,102210fe594ee9b33d82058545b1ed14f4c8206e,LastVisualChange,cnn,True,cnn LastVisualChange opt cold fission webrender,,77,ms,firefox,,1737302838,2023-08-08T08:03:57,2124.5,201950bdeb03d34c7ad70702b52d28c3e0f6a448,1284128
autoland,3869862,13,ffaba559b8f75178eed537731f258b1129b7fe97,linux1804-64-shippable-qr,True,False,,|c|o|l|d| |f|i|s|s|i|o|n| |w|e|b|r|e|n|d|e|r|,102210fe594ee9b33d82058545b1ed14f4c8206e,LastVisualChange,cnn,True,cnn LastVisualChange opt cold fission webrender,,77,ms,firefox,,1737382422,2023-08-08T12:10:40,2109.4,d1fbe6c1f87656fb4f55677904f55f6df433ea9a,1284255
autoland,3869862,13,ffaba559b8f75178eed537731f258b1129b7fe97,linux1804-64-shippable-qr,True,False,,|c|o|l|d| |f|i|s|s|i|o|n| |w|e|b|r|e|n|d|e|r|,102210fe594ee9b33d82058545b1ed14f4c8206e,LastVisualChange,cnn,True,cnn LastVisualChange opt cold fission webrender,,77,ms,firefox,,1737408472,2023-08-08T12:20:31,2081.2,062a5e5729067f579bd6d1ab2f1a3021d7fd291a,1284261
autoland,3869862,13,ffaba559b8f75178eed537731f258b1129b7fe97,linux1804-64-shippable-qr,True,False,,|c|o|l|d| |f|i|s|s|i|o|n| |w|e|b|r|e|n|d|e|r|,102210fe594ee9b33d82058545b1ed14f4c8206e,LastVisualChange,cnn,True,cnn LastVisualChange opt cold fission webrender,,77,ms,firefox,,1737493895,2023-08-08T16:23:23,2096.5,855c69dcdcc457c3e5a54150cdd89a71a2527e2b,1284396
autoland,3869862,13,ffaba559b8f75178eed537731f258b1129b7fe97,linux1804-64-shippable-qr,True,False,,|c|o|l|d| |f|i|s|s|i|o|n| |w|e|b|r|e|n|d|e|r|,102210fe594ee9b33d82058545b1ed14f4c8206e,LastVisualChange,cnn,True,cnn LastVisualChange opt cold fission webrender,,77,ms,firefox,,1737614032,2023-08-08T18:03:32,2053.1,b19ed5a6579d312e71c03201698107835378c612,1284479
autoland,3869862,13,ffaba559b8f75178eed537731f258b1129b7fe97,linux1804-64-shippable-qr,True,False,,|c|o|l|d| |f|i|s|s|i|o|n| |w|e|b|r|e|n|d|e|r|,102210fe594ee9b33d82058545b1ed14f4c8206e,LastVisualChange,cnn,True,cnn LastVisualChange opt cold fission webrender,,77,ms,firefox,,1737704921,2023-08-08T21:27:09,2063.9,4abb9ce2fb8e4174171b3478d6f28b78bf3f214a,1284603
autoland,3869862,13,ffaba559b8f75178eed537731f258b1129b7fe97,linux1804-64-shippable-qr,True,False,,|c|o|l|d| |f|i|s|s|i|o|n| |w|e|b|r|e|n|d|e|r|,102210fe594ee9b33d82058545b1ed14f4c8206e,LastVisualChange,cnn,True,cnn LastVisualChange opt cold fission webrender,,77,ms,firefox,,1737776275,2023-08-09T02:34:29,2061.5,25a29224e55d9a839d6fddde206208a453535ec8,1284750
autoland,3869862,13,ffaba559b8f75178eed537731f258b1129b7fe97,linux1804-64-shippable-qr,True,False,,|c|o|l|d| |f|i|s|s|i|o|n| |w|e|b|r|e|n|d|e|r|,102210fe594ee9b33d82058545b1ed14f4c8206e,LastVisualChange,cnn,True,cnn LastVisualChange opt cold fission webrender,,77,ms,firefox,,1738495962,2023-08-09T11:39:18,2054.5,3951ba8d46ada1b519bccbff6c94ced52fd96cd0,1284953
autoland,3869862,13,ffaba559b8f75178eed537731f258b1129b7fe97,linux1804-64-shippable-qr,True,False,,|c|o|l|d| |f|i|s|s|i|o|n| |w|e|b|r|e|n|d|e|r|,102210fe594ee9b33d82058545b1ed14f4c8206e,LastVisualChange,cnn,True,cnn LastVisualChange opt cold fission webrender,,77,ms,firefox,,1738520094,2023-08-09T11:55:28,2074.6,ed039eae768be7f3b20683997b4fe970d4b8bd82,1284958
autoland,3869862,13,ffaba559b8f75178eed537731f258b1129b7fe97,linux1804-64-shippable-qr,True,False,,|c|o|l|d| |f|i|s|s|i|o|n| |w|e|b|r|e|n|d|e|r|,102210fe594ee9b33d82058545b1ed14f4c8206e,LastVisualChange,cnn,True,cnn LastVisualChange opt cold fission webrender,,77,ms,firefox,,1738010156,2023-08-09T13:49:06,2045.1,46b5603cd2b8de629b659ec8d44fc7b086782c46,1285020
autoland,3869862,13,ffaba559b8f75178eed537731f258b1129b7fe97,linux1804-64-shippable-qr,True,False,,|c|o|l|d| |f|i|s|s|i|o|n| |w|e|b|r|e|n|d|e|r|,102210fe594ee9b33d82058545b1ed14f4c8206e,LastVisualChange,cnn,True,cnn LastVisualChange opt cold fission webrender,,77,ms,firefox,,1738203851,2023-08-09T17:29:37,2056.3,299828b58af2fd55f393babed8ea8db6425040df,1285186
autoland,3869862,13,ffaba559b8f75178eed537731f258b1129b7fe97,linux1804-64-shippable-qr,True,False,,|c|o|l|d| |f|i|s|s|i|o|n| |w|e|b|r|e|n|d|e|r|,102210fe594ee9b33d82058545b1ed14f4c8206e,LastVisualChange,cnn,True,cnn LastVisualChange opt cold fission webrender,,77,ms,firefox,,1738332205,2023-08-09T20:56:32,2033.6,9766f63db97d1b85b2f2f47d2b3cb3ee3782ae85,1285337
autoland,3869862,13,ffaba559b8f75178eed537731f258b1129b7fe97,linux1804-64-shippable-qr,True,False,,|c|o|l|d| |f|i|s|s|i|o|n| |w|e|b|r|e|n|d|e|r|,102210fe594ee9b33d82058545b1ed14f4c8206e,LastVisualChange,cnn,True,cnn LastVisualChange opt cold fission webrender,,77,ms,firefox,,1738388264,2023-08-10T01:02:34,2037.2,b2b54f91567d2de224314e03fc81ba6e815e2fa7,1285442
autoland,3869862,13,ffaba559b8f75178eed537731f258b1129b7fe97,linux1804-64-shippable-qr,True,False,,|c|o|l|d| |f|i|s|s|i|o|n| |w|e|b|r|e|n|d|e|r|,102210fe594ee9b33d82058545b1ed14f4c8206e,LastVisualChange,cnn,True,cnn LastVisualChange opt cold fission webrender,,77,ms,firefox,,1738423726,2023-08-10T02:22:08,2069.5,7704c89f0e6bc2ca33282a228b42fb5cd7aa072c,1285454
autoland,3869862,13,ffaba559b8f75178eed537731f258b1129b7fe97,linux1804-64-shippable-qr,True,False,,|c|o|l|d| |f|i|s|s|i|o|n| |w|e|b|r|e|n|d|e|r|,102210fe594ee9b33d82058545b1ed14f4c8206e,LastVisualChange,cnn,True,cnn LastVisualChange opt cold fission webrender,,77,ms,firefox,,1738534139,2023-08-10T06:54:21,2048.8,24eb42c9b3d9f910ba5afe124232608f70532552,1285524
autoland,3869862,13,ffaba559b8f75178eed537731f258b1129b7fe97,linux1804-64-shippable-qr,True,False,,|c|o|l|d| |f|i|s|s|i|o|n| |w|e|b|r|e|n|d|e|r|,102210fe594ee9b33d82058545b1ed14f4c8206e,LastVisualChange,cnn,True,cnn LastVisualChange opt cold fission webrender,,77,ms,firefox,,1738550495,2023-08-10T07:38:16,2068.2,f688cd32ea991c3f0e62e19b43efc48cb4cc183a,1285542
autoland,3869862,13,ffaba559b8f75178eed537731f258b1129b7fe97,linux1804-64-shippable-qr,True,False,,|c|o|l|d| |f|i|s|s|i|o|n| |w|e|b|r|e|n|d|e|r|,102210fe594ee9b33d82058545b1ed14f4c8206e,LastVisualChange,cnn,True,cnn LastVisualChange opt cold fission webrender,,77,ms,firefox,,1738644382,2023-08-10T11:47:02,2117.5,b544a2a999190b3345911b807fac8392e1360811,1285658
autoland,3869862,13,ffaba559b8f75178eed537731f258b1129b7fe97,linux1804-64-shippable-qr,True,False,,|c|o|l|d| |f|i|s|s|i|o|n| |w|e|b|r|e|n|d|e|r|,102210fe594ee9b33d82058545b1ed14f4c8206e,LastVisualChange,cnn,True,cnn LastVisualChange opt cold fission webrender,,77,ms,firefox,,1738673502,2023-08-10T13:06:38,2093.1,11f47f2a1cf08c1e0b5bb6374f2a7dd1f49c8cac,1285701
autoland,3869862,13,ffaba559b8f75178eed537731f258b1129b7fe97,linux1804-64-shippable-qr,True,False,,|c|o|l|d| |f|i|s|s|i|o|n| |w|e|b|r|e|n|d|e|r|,102210fe594ee9b33d82058545b1ed14f4c8206e,LastVisualChange,cnn,True,cnn LastVisualChange opt cold fission webrender,,77,ms,firefox,,1739001795,2023-08-10T15:43:03,2075.6,5dd3cd2421b46ac8062d03aab70251276fd58962,1285787
autoland,3869862,13,ffaba559b8f75178eed537731f258b1129b7fe97,linux1804-64-shippable-qr,True,False,,|c|o|l|d| |f|i|s|s|i|o|n| |w|e|b|r|e|n|d|e|r|,102210fe594ee9b33d82058545b1ed14f4c8206e,LastVisualChange,cnn,True,cnn LastVisualChange opt cold fission webrender,,77,ms,firefox,,1739001816,2023-08-10T15:45:51,2050.4,cb7f80daa8c82ee9dd68e66a2792421be67d2821,1285790
autoland,3869862,13,ffaba559b8f75178eed537731f258b1129b7fe97,linux1804-64-shippable-qr,True,False,,|c|o|l|d| |f|i|s|s|i|o|n| |w|e|b|r|e|n|d|e|r|,102210fe594ee9b33d82058545b1ed14f4c8206e,LastVisualChange,cnn,True,cnn LastVisualChange opt cold fission webrender,,77,ms,firefox,,1738777975,2023-08-10T16:07:39,2044.9,42a4b2af29229dbfd0675767afaf6965d292e4a7,1285800
autoland,3869862,13,ffaba559b8f75178eed537731f258b1129b7fe97,linux1804-64-shippable-qr,True,False,,|c|o|l|d| |f|i|s|s|i|o|n| |w|e|b|r|e|n|d|e|r|,102210fe594ee9b33d82058545b1ed14f4c8206e,LastVisualChange,cnn,True,cnn LastVisualChange opt cold fission webrender,,77,ms,firefox,,1738861843,2023-08-10T18:32:11,2065.8,fae9c8496544fb4597f4094d95b81fdefec01628,1285918
autoland,3869862,13,ffaba559b8f75178eed537731f258b1129b7fe97,linux1804-64-shippable-qr,True,False,,|c|o|l|d| |f|i|s|s|i|o|n| |w|e|b|r|e|n|d|e|r|,102210fe594ee9b33d82058545b1ed14f4c8206e,LastVisualChange,cnn,True,cnn LastVisualChange opt cold fission webrender,,77,ms,firefox,,1738962528,2023-08-10T21:59:13,2088.6,389f1009f2db207be63aacd4c9c54990f9d1104b,1286074
autoland,3869862,13,ffaba559b8f75178eed537731f258b1129b7fe97,linux1804-64-shippable-qr,True,False,,|c|o|l|d| |f|i|s|s|i|o|n| |w|e|b|r|e|n|d|e|r|,102210fe594ee9b33d82058545b1ed14f4c8206e,LastVisualChange,cnn,True,cnn LastVisualChange opt cold fission webrender,,77,ms,firefox,,1739012766,2023-08-11T03:08:44,2059.1,05da0ca6db46baad5f6e45489d80d5097053bb42,1286160
autoland,3869862,13,ffaba559b8f75178eed537731f258b1129b7fe97,linux1804-64-shippable-qr,True,False,,|c|o|l|d| |f|i|s|s|i|o|n| |w|e|b|r|e|n|d|e|r|,102210fe594ee9b33d82058545b1ed14f4c8206e,LastVisualChange,cnn,True,cnn LastVisualChange opt cold fission webrender,,77,ms,firefox,,1739090343,2023-08-11T07:27:06,2085.1,efb44db563b1abcb74959e12c6ce8e577cd213f2,1286189
autoland,3869862,13,ffaba559b8f75178eed537731f258b1129b7fe97,linux1804-64-shippable-qr,True,False,,|c|o|l|d| |f|i|s|s|i|o|n| |w|e|b|r|e|n|d|e|r|,102210fe594ee9b33d82058545b1ed14f4c8206e,LastVisualChange,cnn,True,cnn LastVisualChange opt cold fission webrender,,77,ms,firefox,,1739117672,2023-08-11T08:27:25,2071.8,cda91469ef2a9b195d09f702816a5f7aec451d02,1286199
autoland,3869862,13,ffaba559b8f75178eed537731f258b1129b7fe97,linux1804-64-shippable-qr,True,False,,|c|o|l|d| |f|i|s|s|i|o|n| |w|e|b|r|e|n|d|e|r|,102210fe594ee9b33d82058545b1ed14f4c8206e,LastVisualChange,cnn,True,cnn LastVisualChange opt cold fission webrender,,77,ms,firefox,,1739259854,2023-08-11T14:16:15,2062.7,21aaca8e9cca74e93bf7c9c3a6c05b78a0d46a06,1286315
autoland,3869862,13,ffaba559b8f75178eed537731f258b1129b7fe97,linux1804-64-shippable-qr,True,False,,|c|o|l|d| |f|i|s|s|i|o|n| |w|e|b|r|e|n|d|e|r|,102210fe594ee9b33d82058545b1ed14f4c8206e,LastVisualChange,cnn,True,cnn LastVisualChange opt cold fission webrender,,77,ms,firefox,,1739295874,2023-08-11T16:12:07,2066.0,16838b515ded4549918a4ebf3e3fa8a0b427e1f4,1286403
autoland,3869862,13,ffaba559b8f75178eed537731f258b1129b7fe97,linux1804-64-shippable-qr,True,False,,|c|o|l|d| |f|i|s|s|i|o|n| |w|e|b|r|e|n|d|e|r|,102210fe594ee9b33d82058545b1ed14f4c8206e,LastVisualChange,cnn,True,cnn LastVisualChange opt cold fission webrender,,77,ms,firefox,,1739413657,2023-08-11T20:27:04,2037.4,700d98d93bde10f22824d5d41b863f4a108f832b,1286565
autoland,3869862,13,ffaba559b8f75178eed537731f258b1129b7fe97,linux1804-64-shippable-qr,True,False,,|c|o|l|d| |f|i|s|s|i|o|n| |w|e|b|r|e|n|d|e|r|,102210fe594ee9b33d82058545b1ed14f4c8206e,LastVisualChange,cnn,True,cnn LastVisualChange opt cold fission webrender,,77,ms,firefox,,1739542528,2023-08-11T21:04:25,2066.2,51c1600372ae1fc4b34d3f3d0d77d993ebba6dee,1286579
autoland,3869862,13,ffaba559b8f75178eed537731f258b1129b7fe97,linux1804-64-shippable-qr,True,False,,|c|o|l|d| |f|i|s|s|i|o|n| |w|e|b|r|e|n|d|e|r|,102210fe594ee9b33d82058545b1ed14f4c8206e,LastVisualChange,cnn,True,cnn LastVisualChange opt cold fission webrender,,77,ms,firefox,,1739543399,2023-08-11T21:21:38,2053.1,d276fb10dd5967d5a7779c681e5fb051233edc53,1286581
autoland,3869862,13,ffaba559b8f75178eed537731f258b1129b7fe97,linux1804-64-shippable-qr,True,False,,|c|o|l|d| |f|i|s|s|i|o|n| |w|e|b|r|e|n|d|e|r|,102210fe594ee9b33d82058545b1ed14f4c8206e,LastVisualChange,cnn,True,cnn LastVisualChange opt cold fission webrender,,77,ms,firefox,,1739569603,2023-08-12T05:14:02,2080.6,8dd752fc2bce87d04b7ae3bab02bb57d59c64e8a,1286635
autoland,3869862,13,ffaba559b8f75178eed537731f258b1129b7fe97,linux1804-64-shippable-qr,True,False,,|c|o|l|d| |f|i|s|s|i|o|n| |w|e|b|r|e|n|d|e|r|,102210fe594ee9b33d82058545b1ed14f4c8206e,LastVisualChange,cnn,True,cnn LastVisualChange opt cold fission webrender,,77,ms,firefox,,1739561436,2023-08-12T05:14:50,2049.7,f20040ae7b2f3e1499ea3b90639fd96566103125,1286636
autoland,3869862,13,ffaba559b8f75178eed537731f258b1129b7fe97,linux1804-64-shippable-qr,True,False,,|c|o|l|d| |f|i|s|s|i|o|n| |w|e|b|r|e|n|d|e|r|,102210fe594ee9b33d82058545b1ed14f4c8206e,LastVisualChange,cnn,True,cnn LastVisualChange opt cold fission webrender,,77,ms,firefox,,1739633906,2023-08-12T12:22:39,2070.4,6386291adbedd6140dfbf10b071e5cc82f5433a1,1286663
autoland,3869862,13,ffaba559b8f75178eed537731f258b1129b7fe97,linux1804-64-shippable-qr,True,False,,|c|o|l|d| |f|i|s|s|i|o|n| |w|e|b|r|e|n|d|e|r|,102210fe594ee9b33d82058545b1ed14f4c8206e,LastVisualChange,cnn,True,cnn LastVisualChange opt cold fission webrender,,77,ms,firefox,,1739675618,2023-08-12T17:53:09,2048.1,9a15449ff274a89d15ae4d345601385b371c2dff,1286688
autoland,3869862,13,ffaba559b8f75178eed537731f258b1129b7fe97,linux1804-64-shippable-qr,True,False,,|c|o|l|d| |f|i|s|s|i|o|n| |w|e|b|r|e|n|d|e|r|,102210fe594ee9b33d82058545b1ed14f4c8206e,LastVisualChange,cnn,True,cnn LastVisualChange opt cold fission webrender,,77,ms,firefox,,1739751534,2023-08-13T04:26:09,2046.8,dcf2ddfaffbf9900de8ba4a674708bf996d147b6,1286737
autoland,3869862,13,ffaba559b8f75178eed537731f258b1129b7fe97,linux1804-64-shippable-qr,True,False,,|c|o|l|d| |f|i|s|s|i|o|n| |w|e|b|r|e|n|d|e|r|,102210fe594ee9b33d82058545b1ed14f4c8206e,LastVisualChange,cnn,True,cnn LastVisualChange opt cold fission webrender,,77,ms,firefox,,1739820474,2023-08-13T16:54:11,2120.6,cbfbab86b8f2ad4e39c90caa2d8e55102609b72d,1286762
autoland,3869862,13,ffaba559b8f75178eed537731f258b1129b7fe97,linux1804-64-shippable-qr,True,False,,|c|o|l|d| |f|i|s|s|i|o|n| |w|e|b|r|e|n|d|e|r|,102210fe594ee9b33d82058545b1ed14f4c8206e,LastVisualChange,cnn,True,cnn LastVisualChange opt cold fission webrender,,77,ms,firefox,,1739911100,2023-08-14T00:32:30,2065.5,bdeed1276a3515d597485fc241f9757ff607a9d1,1286792
autoland,3869862,13,ffaba559b8f75178eed537731f258b1129b7fe97,linux1804-64-shippable-qr,True,False,,|c|o|l|d| |f|i|s|s|i|o|n| |w|e|b|r|e|n|d|e|r|,102210fe594ee9b33d82058545b1ed14f4c8206e,LastVisualChange,cnn,True,cnn LastVisualChange opt cold fission webrender,,77,ms,firefox,,1739949931,2023-08-14T06:39:21,2105.1,a5bcd3edffd78b69932e1ea7c5dda0894107edaa,1286822
autoland,3869862,13,ffaba559b8f75178eed537731f258b1129b7fe97,linux1804-64-shippable-qr,True,False,,|c|o|l|d| |f|i|s|s|i|o|n| |w|e|b|r|e|n|d|e|r|,102210fe594ee9b33d82058545b1ed14f4c8206e,LastVisualChange,cnn,True,cnn LastVisualChange opt cold fission webrender,,77,ms,firefox,,1740038452,2023-08-14T10:48:55,2137.2,64a1445ac4138d208b6412914b12fd0a2e9ff945,1286891
autoland,3869862,13,ffaba559b8f75178eed537731f258b1129b7fe97,linux1804-64-shippable-qr,True,False,,|c|o|l|d| |f|i|s|s|i|o|n| |w|e|b|r|e|n|d|e|r|,102210fe594ee9b33d82058545b1ed14f4c8206e,LastVisualChange,cnn,True,cnn LastVisualChange opt cold fission webrender,,77,ms,firefox,,1740081853,2023-08-14T14:03:37,2071.3,966f06db181d109fbc6ac97a296ac28efbb8a5f2,1286990
autoland,3869862,13,ffaba559b8f75178eed537731f258b1129b7fe97,linux1804-64-shippable-qr,True,False,,|c|o|l|d| |f|i|s|s|i|o|n| |w|e|b|r|e|n|d|e|r|,102210fe594ee9b33d82058545b1ed14f4c8206e,LastVisualChange,cnn,True,cnn LastVisualChange opt cold fission webrender,,77,ms,firefox,,1740490309,2023-08-14T14:08:51,2048.2,31e28d290422a1535f35bcc058af1c08f4c7359b,1286994
autoland,3869862,13,ffaba559b8f75178eed537731f258b1129b7fe97,linux1804-64-shippable-qr,True,False,,|c|o|l|d| |f|i|s|s|i|o|n| |w|e|b|r|e|n|d|e|r|,102210fe594ee9b33d82058545b1ed14f4c8206e,LastVisualChange,cnn,True,cnn LastVisualChange opt cold fission webrender,,77,ms,firefox,,1740477646,2023-08-14T14:09:39,2071.1,8d9f5cc542b6dad03ce85719537d30c4469e20b1,1286995
autoland,3869862,13,ffaba559b8f75178eed537731f258b1129b7fe97,linux1804-64-shippable-qr,True,False,,|c|o|l|d| |f|i|s|s|i|o|n| |w|e|b|r|e|n|d|e|r|,102210fe594ee9b33d82058545b1ed14f4c8206e,LastVisualChange,cnn,True,cnn LastVisualChange opt cold fission webrender,,77,ms,firefox,,1740173424,2023-08-14T16:54:04,2075.2,5b1987d52ae19ebe1b311fec0f664563b5bf198d,1287092
autoland,3869862,13,ffaba559b8f75178eed537731f258b1129b7fe97,linux1804-64-shippable-qr,True,False,,|c|o|l|d| |f|i|s|s|i|o|n| |w|e|b|r|e|n|d|e|r|,102210fe594ee9b33d82058545b1ed14f4c8206e,LastVisualChange,cnn,True,cnn LastVisualChange opt cold fission webrender,,77,ms,firefox,,1740470202,2023-08-14T18:39:26,2059.4,e69719641442a9b020920854741bcc703d699bc9,1287157
autoland,3869862,13,ffaba559b8f75178eed537731f258b1129b7fe97,linux1804-64-shippable-qr,True,False,,|c|o|l|d| |f|i|s|s|i|o|n| |w|e|b|r|e|n|d|e|r|,102210fe594ee9b33d82058545b1ed14f4c8206e,LastVisualChange,cnn,True,cnn LastVisualChange opt cold fission webrender,,77,ms,firefox,,1740502962,2023-08-14T18:43:30,2112.9,98ec3e8e37bd0c1dd0d57c0b66e97f6de4d5f66c,1287159
autoland,3869862,13,ffaba559b8f75178eed537731f258b1129b7fe97,linux1804-64-shippable-qr,True,False,,|c|o|l|d| |f|i|s|s|i|o|n| |w|e|b|r|e|n|d|e|r|,102210fe594ee9b33d82058545b1ed14f4c8206e,LastVisualChange,cnn,True,cnn LastVisualChange opt cold fission webrender,,77,ms,firefox,,1740293844,2023-08-14T21:20:15,2051.7,7081c01a8f314a82bc3c055c11f0880dc2b706fb,1287268
autoland,3869862,13,ffaba559b8f75178eed537731f258b1129b7fe97,linux1804-64-shippable-qr,True,False,,|c|o|l|d| |f|i|s|s|i|o|n| |w|e|b|r|e|n|d|e|r|,102210fe594ee9b33d82058545b1ed14f4c8206e,LastVisualChange,cnn,True,cnn LastVisualChange opt cold fission webrender,,77,ms,firefox,,1740368406,2023-08-14T23:25:21,2057.7,88ec6682eab1c5c36cb839c8db0156446559a1cb,1287331
autoland,3869862,13,ffaba559b8f75178eed537731f258b1129b7fe97,linux1804-64-shippable-qr,True,False,,|c|o|l|d| |f|i|s|s|i|o|n| |w|e|b|r|e|n|d|e|r|,102210fe594ee9b33d82058545b1ed14f4c8206e,LastVisualChange,cnn,True,cnn LastVisualChange opt cold fission webrender,,77,ms,firefox,,1740431702,2023-08-15T03:40:03,2096.5,ef2753ba331b17b408096bfd42e83a91039b995d,1287395
autoland,3869862,13,ffaba559b8f75178eed537731f258b1129b7fe97,linux1804-64-shippable-qr,True,False,,|c|o|l|d| |f|i|s|s|i|o|n| |w|e|b|r|e|n|d|e|r|,102210fe594ee9b33d82058545b1ed14f4c8206e,LastVisualChange,cnn,True,cnn LastVisualChange opt cold fission webrender,,77,ms,firefox,,1740640203,2023-08-15T12:15:00,2070.7,0038346134ec0c0912660c19edced48ff4c9996b,1287534
autoland,3869862,13,ffaba559b8f75178eed537731f258b1129b7fe97,linux1804-64-shippable-qr,True,False,,|c|o|l|d| |f|i|s|s|i|o|n| |w|e|b|r|e|n|d|e|r|,102210fe594ee9b33d82058545b1ed14f4c8206e,LastVisualChange,cnn,True,cnn LastVisualChange opt cold fission webrender,,77,ms,firefox,,1740629469,2023-08-15T12:16:05,2127.8,34ea39f6bd8afd706e571c5a5c5557f8f02274c7,1287535
autoland,3869862,13,ffaba559b8f75178eed537731f258b1129b7fe97,linux1804-64-shippable-qr,True,False,,|c|o|l|d| |f|i|s|s|i|o|n| |w|e|b|r|e|n|d|e|r|,102210fe594ee9b33d82058545b1ed14f4c8206e,LastVisualChange,cnn,True,cnn LastVisualChange opt cold fission webrender,,77,ms,firefox,,1741108704,2023-08-15T12:37:24,2085.9,e22b9fd845f91f33a25fd6da2d0f6c46e5a73fda,1287550
autoland,3869862,13,ffaba559b8f75178eed537731f258b1129b7fe97,linux1804-64-shippable-qr,True,False,,|c|o|l|d| |f|i|s|s|i|o|n| |w|e|b|r|e|n|d|e|r|,102210fe594ee9b33d82058545b1ed14f4c8206e,LastVisualChange,cnn,True,cnn LastVisualChange opt cold fission webrender,,77,ms,firefox,,1741117869,2023-08-15T12:57:24,2048.2,98924afbd295dc09b62c5086c76b9e8ff5089521,1287555
autoland,3869862,13,ffaba559b8f75178eed537731f258b1129b7fe97,linux1804-64-shippable-qr,True,False,,|c|o|l|d| |f|i|s|s|i|o|n| |w|e|b|r|e|n|d|e|r|,102210fe594ee9b33d82058545b1ed14f4c8206e,LastVisualChange,cnn,True,cnn LastVisualChange opt cold fission webrender,,77,ms,firefox,,1740820775,2023-08-15T17:48:00,2333.4,c01a1256082294777509d59591b44cc1a9a54101,1287732
autoland,3869862,13,ffaba559b8f75178eed537731f258b1129b7fe97,linux1804-64-shippable-qr,True,False,,|c|o|l|d| |f|i|s|s|i|o|n| |w|e|b|r|e|n|d|e|r|,102210fe594ee9b33d82058545b1ed14f4c8206e,LastVisualChange,cnn,True,cnn LastVisualChange opt cold fission webrender,,77,ms,firefox,,1740920605,2023-08-15T20:18:28,2115.0,b6d00af33f9f1879900a9ff148f77a03de4ca507,1287829
autoland,3869862,13,ffaba559b8f75178eed537731f258b1129b7fe97,linux1804-64-shippable-qr,True,False,,|c|o|l|d| |f|i|s|s|i|o|n| |w|e|b|r|e|n|d|e|r|,102210fe594ee9b33d82058545b1ed14f4c8206e,LastVisualChange,cnn,True,cnn LastVisualChange opt cold fission webrender,,77,ms,firefox,,1741834004,2023-08-15T23:56:07,2056.2,d89c15eac4ec564501a3193bdcd58be7d02393c5,1287949
autoland,3869862,13,ffaba559b8f75178eed537731f258b1129b7fe97,linux1804-64-shippable-qr,True,False,,|c|o|l|d| |f|i|s|s|i|o|n| |w|e|b|r|e|n|d|e|r|,102210fe594ee9b33d82058545b1ed14f4c8206e,LastVisualChange,cnn,True,cnn LastVisualChange opt cold fission webrender,,77,ms,firefox,,1741855232,2023-08-16T00:04:54,2056.1,e3e4e48f102fd5baecd164c042650d7ed05a3d4a,1287957
autoland,3869862,13,ffaba559b8f75178eed537731f258b1129b7fe97,linux1804-64-shippable-qr,True,False,,|c|o|l|d| |f|i|s|s|i|o|n| |w|e|b|r|e|n|d|e|r|,102210fe594ee9b33d82058545b1ed14f4c8206e,LastVisualChange,cnn,True,cnn LastVisualChange opt cold fission webrender,,77,ms,firefox,,1741038481,2023-08-16T01:44:13,2297.8,af1979bb2dd22b96889d47af7852253d7f161693,1287987
autoland,3869862,13,ffaba559b8f75178eed537731f258b1129b7fe97,linux1804-64-shippable-qr,True,False,,|c|o|l|d| |f|i|s|s|i|o|n| |w|e|b|r|e|n|d|e|r|,102210fe594ee9b33d82058545b1ed14f4c8206e,LastVisualChange,cnn,True,cnn LastVisualChange opt cold fission webrender,,77,ms,firefox,,1741143969,2023-08-16T06:09:24,2085.2,4d7123b9c5729f33db3288141ea7502fae3cbadc,1288100
autoland,3869862,13,ffaba559b8f75178eed537731f258b1129b7fe97,linux1804-64-shippable-qr,True,False,,|c|o|l|d| |f|i|s|s|i|o|n| |w|e|b|r|e|n|d|e|r|,102210fe594ee9b33d82058545b1ed14f4c8206e,LastVisualChange,cnn,True,cnn LastVisualChange opt cold fission webrender,,77,ms,firefox,,1741188248,2023-08-16T07:28:11,2076.7,3ba3d3cb9bb7860efcbb623d34fc5d721fc7cfcb,1288129
autoland,3869862,13,ffaba559b8f75178eed537731f258b1129b7fe97,linux1804-64-shippable-qr,True,False,,|c|o|l|d| |f|i|s|s|i|o|n| |w|e|b|r|e|n|d|e|r|,102210fe594ee9b33d82058545b1ed14f4c8206e,LastVisualChange,cnn,True,cnn LastVisualChange opt cold fission webrender,,77,ms,firefox,,1741306529,2023-08-16T10:40:28,2071.4,3cbe8cb45dab35d18ef4ffb5481be55dfabf47c7,1288233
autoland,3869862,13,ffaba559b8f75178eed537731f258b1129b7fe97,linux1804-64-shippable-qr,True,False,,|c|o|l|d| |f|i|s|s|i|o|n| |w|e|b|r|e|n|d|e|r|,102210fe594ee9b33d82058545b1ed14f4c8206e,LastVisualChange,cnn,True,cnn LastVisualChange opt cold fission webrender,,77,ms,firefox,,1741772301,2023-08-16T12:28:12,2080.2,8a73ffb04e0b980e31fed0ef3226cec7dc161d52,1288290
autoland,3869862,13,ffaba559b8f75178eed537731f258b1129b7fe97,linux1804-64-shippable-qr,True,False,,|c|o|l|d| |f|i|s|s|i|o|n| |w|e|b|r|e|n|d|e|r|,102210fe594ee9b33d82058545b1ed14f4c8206e,LastVisualChange,cnn,True,cnn LastVisualChange opt cold fission webrender,,77,ms,firefox,,1741867260,2023-08-16T13:01:50,2070.0,7122f40ccb24e35d458d3a857d77fe59f96a6f12,1288300
autoland,3869862,13,ffaba559b8f75178eed537731f258b1129b7fe97,linux1804-64-shippable-qr,True,False,,|c|o|l|d| |f|i|s|s|i|o|n| |w|e|b|r|e|n|d|e|r|,102210fe594ee9b33d82058545b1ed14f4c8206e,LastVisualChange,cnn,True,cnn LastVisualChange opt cold fission webrender,,77,ms,firefox,,1741423772,2023-08-16T14:37:22,2080.3,1cafd355bbcf32aae501b9419edec5e7c8a59968,1288343
autoland,3869862,13,ffaba559b8f75178eed537731f258b1129b7fe97,linux1804-64-shippable-qr,True,False,,|c|o|l|d| |f|i|s|s|i|o|n| |w|e|b|r|e|n|d|e|r|,102210fe594ee9b33d82058545b1ed14f4c8206e,LastVisualChange,cnn,True,cnn LastVisualChange opt cold fission webrender,,77,ms,firefox,,1741775357,2023-08-16T17:18:17,2063.5,76c2ef9d279ab62d4513c845d1c71e49aaf07d8c,1288437
autoland,3869862,13,ffaba559b8f75178eed537731f258b1129b7fe97,linux1804-64-shippable-qr,True,False,,|c|o|l|d| |f|i|s|s|i|o|n| |w|e|b|r|e|n|d|e|r|,102210fe594ee9b33d82058545b1ed14f4c8206e,LastVisualChange,cnn,True,cnn LastVisualChange opt cold fission webrender,,77,ms,firefox,,1741851021,2023-08-16T17:19:17,2121.3,e679173f9fd8ae276789ca7302817d53d23baab4,1288439
autoland,3869862,13,ffaba559b8f75178eed537731f258b1129b7fe97,linux1804-64-shippable-qr,True,False,,|c|o|l|d| |f|i|s|s|i|o|n| |w|e|b|r|e|n|d|e|r|,102210fe594ee9b33d82058545b1ed14f4c8206e,LastVisualChange,cnn,True,cnn LastVisualChange opt cold fission webrender,,77,ms,firefox,,1741610890,2023-08-16T18:57:22,2104.5,1c8dec8815d59d488dc44109a4361dcec573ec0a,1288496
autoland,3869862,13,ffaba559b8f75178eed537731f258b1129b7fe97,linux1804-64-shippable-qr,True,False,,|c|o|l|d| |f|i|s|s|i|o|n| |w|e|b|r|e|n|d|e|r|,102210fe594ee9b33d82058545b1ed14f4c8206e,LastVisualChange,cnn,True,cnn LastVisualChange opt cold fission webrender,,77,ms,firefox,,1741694411,2023-08-16T23:04:52,2065.1,4e21d241af64f5d1f3b4796d48ab8d58a961f081,1288666
autoland,3869862,13,ffaba559b8f75178eed537731f258b1129b7fe97,linux1804-64-shippable-qr,True,False,,|c|o|l|d| |f|i|s|s|i|o|n| |w|e|b|r|e|n|d|e|r|,102210fe594ee9b33d82058545b1ed14f4c8206e,LastVisualChange,cnn,True,cnn LastVisualChange opt cold fission webrender,,77,ms,firefox,,1741718740,2023-08-16T23:22:50,2087.9,200aa08042f1b584401fd4aca219d4b68edf7973,1288675
autoland,3869862,13,ffaba559b8f75178eed537731f258b1129b7fe97,linux1804-64-shippable-qr,True,False,,|c|o|l|d| |f|i|s|s|i|o|n| |w|e|b|r|e|n|d|e|r|,102210fe594ee9b33d82058545b1ed14f4c8206e,LastVisualChange,cnn,True,cnn LastVisualChange opt cold fission webrender,,77,ms,firefox,,1741826908,2023-08-17T04:16:28,2067.4,18db2934736dc8d16e5b5840ec0b170aef5c0c3b,1288753
autoland,3869862,13,ffaba559b8f75178eed537731f258b1129b7fe97,linux1804-64-shippable-qr,True,False,,|c|o|l|d| |f|i|s|s|i|o|n| |w|e|b|r|e|n|d|e|r|,102210fe594ee9b33d82058545b1ed14f4c8206e,LastVisualChange,cnn,True,cnn LastVisualChange opt cold fission webrender,,77,ms,firefox,,1741927793,2023-08-17T08:24:55,2073.4,bee27401511bf375891968a9ca78d7ef74d19962,1288813
autoland,3869862,13,ffaba559b8f75178eed537731f258b1129b7fe97,linux1804-64-shippable-qr,True,False,,|c|o|l|d| |f|i|s|s|i|o|n| |w|e|b|r|e|n|d|e|r|,102210fe594ee9b33d82058545b1ed14f4c8206e,LastVisualChange,cnn,True,cnn LastVisualChange opt cold fission webrender,,77,ms,firefox,,1742002696,2023-08-17T10:09:55,2097.0,78e7cb2837e7dec0ef55a2f5f383625335ad2520,1288847
autoland,3869862,13,ffaba559b8f75178eed537731f258b1129b7fe97,linux1804-64-shippable-qr,True,False,,|c|o|l|d| |f|i|s|s|i|o|n| |w|e|b|r|e|n|d|e|r|,102210fe594ee9b33d82058545b1ed14f4c8206e,LastVisualChange,cnn,True,cnn LastVisualChange opt cold fission webrender,,77,ms,firefox,,1742149494,2023-08-17T14:34:38,2059.4,776fbad509150f69418e1f44fa2580c651211253,1288953
autoland,3869862,13,ffaba559b8f75178eed537731f258b1129b7fe97,linux1804-64-shippable-qr,True,False,,|c|o|l|d| |f|i|s|s|i|o|n| |w|e|b|r|e|n|d|e|r|,102210fe594ee9b33d82058545b1ed14f4c8206e,LastVisualChange,cnn,True,cnn LastVisualChange opt cold fission webrender,,77,ms,firefox,,1742168687,2023-08-17T16:13:13,2101.1,aac1f1d71d5251ffb80e7a22087e1c473e53069d,1289025
autoland,3869862,13,ffaba559b8f75178eed537731f258b1129b7fe97,linux1804-64-shippable-qr,True,False,,|c|o|l|d| |f|i|s|s|i|o|n| |w|e|b|r|e|n|d|e|r|,102210fe594ee9b33d82058545b1ed14f4c8206e,LastVisualChange,cnn,True,cnn LastVisualChange opt cold fission webrender,,77,ms,firefox,,1742576673,2023-08-17T18:39:00,2070.1,d6e3a985fda44edfa84fae3ecc4b52e6b732f09e,1289103
autoland,3869862,13,ffaba559b8f75178eed537731f258b1129b7fe97,linux1804-64-shippable-qr,True,False,,|c|o|l|d| |f|i|s|s|i|o|n| |w|e|b|r|e|n|d|e|r|,102210fe594ee9b33d82058545b1ed14f4c8206e,LastVisualChange,cnn,True,cnn LastVisualChange opt cold fission webrender,,77,ms,firefox,,1742654851,2023-08-17T18:44:39,2118.0,42f016209a0fa6eb7e2f00106a5dea63b63bf689,1289111
autoland,3869862,13,ffaba559b8f75178eed537731f258b1129b7fe97,linux1804-64-shippable-qr,True,False,,|c|o|l|d| |f|i|s|s|i|o|n| |w|e|b|r|e|n|d|e|r|,102210fe594ee9b33d82058545b1ed14f4c8206e,LastVisualChange,cnn,True,cnn LastVisualChange opt cold fission webrender,,77,ms,firefox,,1742648289,2023-08-17T19:33:04,2066.9,a317d1d25b687e15043cbc110d81765aeb149752,1289134
autoland,3869862,13,ffaba559b8f75178eed537731f258b1129b7fe97,linux1804-64-shippable-qr,True,False,,|c|o|l|d| |f|i|s|s|i|o|n| |w|e|b|r|e|n|d|e|r|,102210fe594ee9b33d82058545b1ed14f4c8206e,LastVisualChange,cnn,True,cnn LastVisualChange opt cold fission webrender,,77,ms,firefox,,1742349836,2023-08-17T19:44:04,2057.4,e3a24ea4f8b0be504990cbc266d7af273804678e,1289144
autoland,3869862,13,ffaba559b8f75178eed537731f258b1129b7fe97,linux1804-64-shippable-qr,True,False,,|c|o|l|d| |f|i|s|s|i|o|n| |w|e|b|r|e|n|d|e|r|,102210fe594ee9b33d82058545b1ed14f4c8206e,LastVisualChange,cnn,True,cnn LastVisualChange opt cold fission webrender,,77,ms,firefox,,1742445349,2023-08-18T00:01:41,2093.3,990790cb4b9bfd20fd7683f2815d50585f5dcba2,1289285
autoland,3869862,13,ffaba559b8f75178eed537731f258b1129b7fe97,linux1804-64-shippable-qr,True,False,,|c|o|l|d| |f|i|s|s|i|o|n| |w|e|b|r|e|n|d|e|r|,102210fe594ee9b33d82058545b1ed14f4c8206e,LastVisualChange,cnn,True,cnn LastVisualChange opt cold fission webrender,,77,ms,firefox,,1742628872,2023-08-18T04:25:36,2069.0,deca2c956e89b8e65d2a1b0fcb79db8b991a7046,1289346
autoland,3869862,13,ffaba559b8f75178eed537731f258b1129b7fe97,linux1804-64-shippable-qr,True,False,,|c|o|l|d| |f|i|s|s|i|o|n| |w|e|b|r|e|n|d|e|r|,102210fe594ee9b33d82058545b1ed14f4c8206e,LastVisualChange,cnn,True,cnn LastVisualChange opt cold fission webrender,,77,ms,firefox,,1742669206,2023-08-18T05:21:52,2140.4,87da0265a044885f5ed64cc9ce2b961721d2142e,1289351
autoland,3869862,13,ffaba559b8f75178eed537731f258b1129b7fe97,linux1804-64-shippable-qr,True,False,,|c|o|l|d| |f|i|s|s|i|o|n| |w|e|b|r|e|n|d|e|r|,102210fe594ee9b33d82058545b1ed14f4c8206e,LastVisualChange,cnn,True,cnn LastVisualChange opt cold fission webrender,,77,ms,firefox,,1742818524,2023-08-18T14:09:35,2090.8,e2305368eaae41c8b47dd15f03addc2ec4fe0504,1289469
autoland,3869862,13,ffaba559b8f75178eed537731f258b1129b7fe97,linux1804-64-shippable-qr,True,False,,|c|o|l|d| |f|i|s|s|i|o|n| |w|e|b|r|e|n|d|e|r|,102210fe594ee9b33d82058545b1ed14f4c8206e,LastVisualChange,cnn,True,cnn LastVisualChange opt cold fission webrender,,77,ms,firefox,,1742953375,2023-08-18T19:46:30,2098.7,62feb2305afdcba50bd84b58cd2ab152d53c61e7,1289627
autoland,3869862,13,ffaba559b8f75178eed537731f258b1129b7fe97,linux1804-64-shippable-qr,True,False,,|c|o|l|d| |f|i|s|s|i|o|n| |w|e|b|r|e|n|d|e|r|,102210fe594ee9b33d82058545b1ed14f4c8206e,LastVisualChange,cnn,True,cnn LastVisualChange opt cold fission webrender,,77,ms,firefox,,1743072249,2023-08-19T05:41:08,2086.4,9814020284505cbc4a6075b3b7aba216be0632f8,1289731
autoland,3869862,13,ffaba559b8f75178eed537731f258b1129b7fe97,linux1804-64-shippable-qr,True,False,,|c|o|l|d| |f|i|s|s|i|o|n| |w|e|b|r|e|n|d|e|r|,102210fe594ee9b33d82058545b1ed14f4c8206e,LastVisualChange,cnn,True,cnn LastVisualChange opt cold fission webrender,,77,ms,firefox,,1743122200,2023-08-19T11:55:58,2062.7,8fefefd6da577f8b3d842ea07120af9e964c09b5,1289750
autoland,3869862,13,ffaba559b8f75178eed537731f258b1129b7fe97,linux1804-64-shippable-qr,True,False,,|c|o|l|d| |f|i|s|s|i|o|n| |w|e|b|r|e|n|d|e|r|,102210fe594ee9b33d82058545b1ed14f4c8206e,LastVisualChange,cnn,True,cnn LastVisualChange opt cold fission webrender,,77,ms,firefox,,1743146507,2023-08-19T16:49:23,2083.1,00ae001484c9ff1069878dc66b64e3cd07b706f4,1289762
autoland,3869862,13,ffaba559b8f75178eed537731f258b1129b7fe97,linux1804-64-shippable-qr,True,False,,|c|o|l|d| |f|i|s|s|i|o|n| |w|e|b|r|e|n|d|e|r|,102210fe594ee9b33d82058545b1ed14f4c8206e,LastVisualChange,cnn,True,cnn LastVisualChange opt cold fission webrender,,77,ms,firefox,,1743437064,2023-08-21T01:56:25,2058.7,80d255ac1919800d21a7e2a610fbcd6fda43ed99,1289869
autoland,3869862,13,ffaba559b8f75178eed537731f258b1129b7fe97,linux1804-64-shippable-qr,True,False,,|c|o|l|d| |f|i|s|s|i|o|n| |w|e|b|r|e|n|d|e|r|,102210fe594ee9b33d82058545b1ed14f4c8206e,LastVisualChange,cnn,True,cnn LastVisualChange opt cold fission webrender,,77,ms,firefox,,1743503418,2023-08-21T07:01:47,2082.8,a4b3b09ad08da2e5b588b641b24f767ff91e5912,1289886
autoland,3869862,13,ffaba559b8f75178eed537731f258b1129b7fe97,linux1804-64-shippable-qr,True,False,,|c|o|l|d| |f|i|s|s|i|o|n| |w|e|b|r|e|n|d|e|r|,102210fe594ee9b33d82058545b1ed14f4c8206e,LastVisualChange,cnn,True,cnn LastVisualChange opt cold fission webrender,,77,ms,firefox,,1743688469,2023-08-21T15:24:43,2068.2,bc597f54f9cf91b3284e6f593c33ca79ec723077,1290025
autoland,3869862,13,ffaba559b8f75178eed537731f258b1129b7fe97,linux1804-64-shippable-qr,True,False,,|c|o|l|d| |f|i|s|s|i|o|n| |w|e|b|r|e|n|d|e|r|,102210fe594ee9b33d82058545b1ed14f4c8206e,LastVisualChange,cnn,True,cnn LastVisualChange opt cold fission webrender,,77,ms,firefox,,1743747441,2023-08-21T19:46:12,2101.1,82b916987920b0a9e2071c575073cbcff078021a,1290082
autoland,3869862,13,ffaba559b8f75178eed537731f258b1129b7fe97,linux1804-64-shippable-qr,True,False,,|c|o|l|d| |f|i|s|s|i|o|n| |w|e|b|r|e|n|d|e|r|,102210fe594ee9b33d82058545b1ed14f4c8206e,LastVisualChange,cnn,True,cnn LastVisualChange opt cold fission webrender,,77,ms,firefox,,1743825159,2023-08-22T01:01:20,2095.5,1bbf9fc4d2dc2a1ff3ccf67fb65cedc71fcc0291,1290123
autoland,3869862,13,ffaba559b8f75178eed537731f258b1129b7fe97,linux1804-64-shippable-qr,True,False,,|c|o|l|d| |f|i|s|s|i|o|n| |w|e|b|r|e|n|d|e|r|,102210fe594ee9b33d82058545b1ed14f4c8206e,LastVisualChange,cnn,True,cnn LastVisualChange opt cold fission webrender,,77,ms,firefox,,1744448307,2023-08-22T11:00:38,2046.0,e5eaba75408ae99aad9253d54cd09efb8f5a50ec,1290200
autoland,3869862,13,ffaba559b8f75178eed537731f258b1129b7fe97,linux1804-64-shippable-qr,True,False,,|c|o|l|d| |f|i|s|s|i|o|n| |w|e|b|r|e|n|d|e|r|,102210fe594ee9b33d82058545b1ed14f4c8206e,LastVisualChange,cnn,True,cnn LastVisualChange opt cold fission webrender,,77,ms,firefox,,1744036453,2023-08-22T11:50:17,2079.1,81c3a95411ab3d706659872a9aedef21494cac9c,1290203
autoland,3869862,13,ffaba559b8f75178eed537731f258b1129b7fe97,linux1804-64-shippable-qr,True,False,,|c|o|l|d| |f|i|s|s|i|o|n| |w|e|b|r|e|n|d|e|r|,102210fe594ee9b33d82058545b1ed14f4c8206e,LastVisualChange,cnn,True,cnn LastVisualChange opt cold fission webrender,,77,ms,firefox,,1744213703,2023-08-22T15:58:55,2072.2,eccdb961d59ca1e4315f6b2d255d638be86d8f63,1290279
autoland,3869862,13,ffaba559b8f75178eed537731f258b1129b7fe97,linux1804-64-shippable-qr,True,False,,|c|o|l|d| |f|i|s|s|i|o|n| |w|e|b|r|e|n|d|e|r|,102210fe594ee9b33d82058545b1ed14f4c8206e,LastVisualChange,cnn,True,cnn LastVisualChange opt cold fission webrender,,77,ms,firefox,,1744228999,2023-08-22T16:02:39,2084.0,ece9fb8fbedfa6acc08840151034f2468832c851,1290281
autoland,3869862,13,ffaba559b8f75178eed537731f258b1129b7fe97,linux1804-64-shippable-qr,True,False,,|c|o|l|d| |f|i|s|s|i|o|n| |w|e|b|r|e|n|d|e|r|,102210fe594ee9b33d82058545b1ed14f4c8206e,LastVisualChange,cnn,True,cnn LastVisualChange opt cold fission webrender,,77,ms,firefox,,1744322819,2023-08-22T20:17:58,2102.8,a1487474ef2708086b96f2b3625f244382eb9f4a,1290386
autoland,3869862,13,ffaba559b8f75178eed537731f258b1129b7fe97,linux1804-64-shippable-qr,True,False,,|c|o|l|d| |f|i|s|s|i|o|n| |w|e|b|r|e|n|d|e|r|,102210fe594ee9b33d82058545b1ed14f4c8206e,LastVisualChange,cnn,True,cnn LastVisualChange opt cold fission webrender,,77,ms,firefox,,1744358118,2023-08-22T22:10:32,2076.6,959c2f0abc19c494aba15ae7513fff9f59631cc1,1290435
autoland,3869862,13,ffaba559b8f75178eed537731f258b1129b7fe97,linux1804-64-shippable-qr,True,False,,|c|o|l|d| |f|i|s|s|i|o|n| |w|e|b|r|e|n|d|e|r|,102210fe594ee9b33d82058545b1ed14f4c8206e,LastVisualChange,cnn,True,cnn LastVisualChange opt cold fission webrender,,77,ms,firefox,,1744434858,2023-08-23T02:11:44,2091.3,df1f27dc099011a97267a844e60b1350575fc73c,1290482
autoland,3869862,13,ffaba559b8f75178eed537731f258b1129b7fe97,linux1804-64-shippable-qr,True,False,,|c|o|l|d| |f|i|s|s|i|o|n| |w|e|b|r|e|n|d|e|r|,102210fe594ee9b33d82058545b1ed14f4c8206e,LastVisualChange,cnn,True,cnn LastVisualChange opt cold fission webrender,,77,ms,firefox,,1744545243,2023-08-23T06:45:25,2099.4,991ab6dbc55b4783dc5a6f561a9cc22cb4408e38,1290546
autoland,3869862,13,ffaba559b8f75178eed537731f258b1129b7fe97,linux1804-64-shippable-qr,True,False,,|c|o|l|d| |f|i|s|s|i|o|n| |w|e|b|r|e|n|d|e|r|,102210fe594ee9b33d82058545b1ed14f4c8206e,LastVisualChange,cnn,True,cnn LastVisualChange opt cold fission webrender,,77,ms,firefox,,1744547232,2023-08-23T07:14:41,2056.1,4a4d5e64aec5efa71e7c743f4c968544faee5332,1290556
autoland,3869862,13,ffaba559b8f75178eed537731f258b1129b7fe97,linux1804-64-shippable-qr,True,False,,|c|o|l|d| |f|i|s|s|i|o|n| |w|e|b|r|e|n|d|e|r|,102210fe594ee9b33d82058545b1ed14f4c8206e,LastVisualChange,cnn,True,cnn LastVisualChange opt cold fission webrender,,77,ms,firefox,,1744663630,2023-08-23T11:20:43,2104.2,c3bfc7b73e9fc06ec28663e6501728233eb0d574,1290592
autoland,3869862,13,ffaba559b8f75178eed537731f258b1129b7fe97,linux1804-64-shippable-qr,True,False,,|c|o|l|d| |f|i|s|s|i|o|n| |w|e|b|r|e|n|d|e|r|,102210fe594ee9b33d82058545b1ed14f4c8206e,LastVisualChange,cnn,True,cnn LastVisualChange opt cold fission webrender,,77,ms,firefox,,1744763852,2023-08-23T15:20:56,2053.9,a7db5ff392b1f3d18507813fbd65458438b3cbc4,1290685
autoland,3869862,13,ffaba559b8f75178eed537731f258b1129b7fe97,linux1804-64-shippable-qr,True,False,,|c|o|l|d| |f|i|s|s|i|o|n| |w|e|b|r|e|n|d|e|r|,102210fe594ee9b33d82058545b1ed14f4c8206e,LastVisualChange,cnn,True,cnn LastVisualChange opt cold fission webrender,,77,ms,firefox,,1744828621,2023-08-23T16:55:50,2062.6,40a8041d06707a315c5f6e4b541dbe805bf34ec7,1290727
autoland,3869862,13,ffaba559b8f75178eed537731f258b1129b7fe97,linux1804-64-shippable-qr,True,False,,|c|o|l|d| |f|i|s|s|i|o|n| |w|e|b|r|e|n|d|e|r|,102210fe594ee9b33d82058545b1ed14f4c8206e,LastVisualChange,cnn,True,cnn LastVisualChange opt cold fission webrender,,77,ms,firefox,,1744891929,2023-08-23T20:58:03,2061.3,b5371614cd5a3e19ca3e500a87546023aea8eb5d,1290847
autoland,3869862,13,ffaba559b8f75178eed537731f258b1129b7fe97,linux1804-64-shippable-qr,True,False,,|c|o|l|d| |f|i|s|s|i|o|n| |w|e|b|r|e|n|d|e|r|,102210fe594ee9b33d82058545b1ed14f4c8206e,LastVisualChange,cnn,True,cnn LastVisualChange opt cold fission webrender,,77,ms,firefox,,1744995941,2023-08-23T22:59:05,2119.8,25936c5809e05c5b5d28810efdfb0af9bb2f1792,1290874
autoland,3869862,13,ffaba559b8f75178eed537731f258b1129b7fe97,linux1804-64-shippable-qr,True,False,,|c|o|l|d| |f|i|s|s|i|o|n| |w|e|b|r|e|n|d|e|r|,102210fe594ee9b33d82058545b1ed14f4c8206e,LastVisualChange,cnn,True,cnn LastVisualChange opt cold fission webrender,,77,ms,firefox,,1745088753,2023-08-24T03:53:22,2084.3,332b088b314103bc02b008e08f1567f092cd6ca1,1290918
autoland,3869862,13,ffaba559b8f75178eed537731f258b1129b7fe97,linux1804-64-shippable-qr,True,False,,|c|o|l|d| |f|i|s|s|i|o|n| |w|e|b|r|e|n|d|e|r|,102210fe594ee9b33d82058545b1ed14f4c8206e,LastVisualChange,cnn,True,cnn LastVisualChange opt cold fission webrender,,77,ms,firefox,,1745195061,2023-08-24T11:04:38,2094.5,fbbf71ea5127f6cc74aab13a3817349afe93580c,1291003
autoland,3869862,13,ffaba559b8f75178eed537731f258b1129b7fe97,linux1804-64-shippable-qr,True,False,,|c|o|l|d| |f|i|s|s|i|o|n| |w|e|b|r|e|n|d|e|r|,102210fe594ee9b33d82058545b1ed14f4c8206e,LastVisualChange,cnn,True,cnn LastVisualChange opt cold fission webrender,,77,ms,firefox,,1745391560,2023-08-24T13:41:33,2058.0,9d2df5cf36fbb1712a62be68c4a309e2451e2d35,1291057
autoland,3869862,13,ffaba559b8f75178eed537731f258b1129b7fe97,linux1804-64-shippable-qr,True,False,,|c|o|l|d| |f|i|s|s|i|o|n| |w|e|b|r|e|n|d|e|r|,102210fe594ee9b33d82058545b1ed14f4c8206e,LastVisualChange,cnn,True,cnn LastVisualChange opt cold fission webrender,,77,ms,firefox,,1745484125,2023-08-24T18:48:40,2061.8,6089e7f0fa57a29c6d080f135f65e146c34457d8,1291216
autoland,3869862,13,ffaba559b8f75178eed537731f258b1129b7fe97,linux1804-64-shippable-qr,True,False,,|c|o|l|d| |f|i|s|s|i|o|n| |w|e|b|r|e|n|d|e|r|,102210fe594ee9b33d82058545b1ed14f4c8206e,LastVisualChange,cnn,True,cnn LastVisualChange opt cold fission webrender,,77,ms,firefox,,1745658897,2023-08-25T00:48:43,2095.7,0129f728663fcc0bcc1f816e006f1eb2635780e4,1291339
autoland,3869862,13,ffaba559b8f75178eed537731f258b1129b7fe97,linux1804-64-shippable-qr,True,False,,|c|o|l|d| |f|i|s|s|i|o|n| |w|e|b|r|e|n|d|e|r|,102210fe594ee9b33d82058545b1ed14f4c8206e,LastVisualChange,cnn,True,cnn LastVisualChange opt cold fission webrender,,77,ms,firefox,,1745810162,2023-08-25T11:24:50,2137.6,e5ba3b52ebac2d2582cecd6122443fc024cd24c9,1291437
autoland,3869862,13,ffaba559b8f75178eed537731f258b1129b7fe97,linux1804-64-shippable-qr,True,False,,|c|o|l|d| |f|i|s|s|i|o|n| |w|e|b|r|e|n|d|e|r|,102210fe594ee9b33d82058545b1ed14f4c8206e,LastVisualChange,cnn,True,cnn LastVisualChange opt cold fission webrender,,77,ms,firefox,,1745970110,2023-08-25T15:32:54,2125.0,059b77df2394c7caf1061e1b817e004878738efa,1291507
autoland,3869862,13,ffaba559b8f75178eed537731f258b1129b7fe97,linux1804-64-shippable-qr,True,False,,|c|o|l|d| |f|i|s|s|i|o|n| |w|e|b|r|e|n|d|e|r|,102210fe594ee9b33d82058545b1ed14f4c8206e,LastVisualChange,cnn,True,cnn LastVisualChange opt cold fission webrender,,77,ms,firefox,,1746083922,2023-08-25T19:36:02,2078.3,47efe79717796bf6f3a70e5733e99a98b0d9fad4,1291599
autoland,3869862,13,ffaba559b8f75178eed537731f258b1129b7fe97,linux1804-64-shippable-qr,True,False,,|c|o|l|d| |f|i|s|s|i|o|n| |w|e|b|r|e|n|d|e|r|,102210fe594ee9b33d82058545b1ed14f4c8206e,LastVisualChange,cnn,True,cnn LastVisualChange opt cold fission webrender,,77,ms,firefox,,1746224654,2023-08-26T03:22:14,2085.5,ddc3d1e9268d9abde51f1082490491f544286b16,1291695
autoland,3869862,13,ffaba559b8f75178eed537731f258b1129b7fe97,linux1804-64-shippable-qr,True,False,,|c|o|l|d| |f|i|s|s|i|o|n| |w|e|b|r|e|n|d|e|r|,102210fe594ee9b33d82058545b1ed14f4c8206e,LastVisualChange,cnn,True,cnn LastVisualChange opt cold fission webrender,,77,ms,firefox,,1746397098,2023-08-26T13:17:30,2102.5,cc8d561a9b401f3ebfda56de56c018b287d8b340,1291872
autoland,3869862,13,ffaba559b8f75178eed537731f258b1129b7fe97,linux1804-64-shippable-qr,True,False,,|c|o|l|d| |f|i|s|s|i|o|n| |w|e|b|r|e|n|d|e|r|,102210fe594ee9b33d82058545b1ed14f4c8206e,LastVisualChange,cnn,True,cnn LastVisualChange opt cold fission webrender,,77,ms,firefox,,1746593416,2023-08-26T23:47:49,2056.5,140288e1dd6073b83aa67b725aa9a96945374a82,1292019
autoland,3869862,13,ffaba559b8f75178eed537731f258b1129b7fe97,linux1804-64-shippable-qr,True,False,,|c|o|l|d| |f|i|s|s|i|o|n| |w|e|b|r|e|n|d|e|r|,102210fe594ee9b33d82058545b1ed14f4c8206e,LastVisualChange,cnn,True,cnn LastVisualChange opt cold fission webrender,,77,ms,firefox,,1746727181,2023-08-27T23:31:15,2081.6,6aaf2cf582814f5a76c09fa2ac7cc760a5886134,1292080
autoland,3869862,13,ffaba559b8f75178eed537731f258b1129b7fe97,linux1804-64-shippable-qr,True,False,,|c|o|l|d| |f|i|s|s|i|o|n| |w|e|b|r|e|n|d|e|r|,102210fe594ee9b33d82058545b1ed14f4c8206e,LastVisualChange,cnn,True,cnn LastVisualChange opt cold fission webrender,,77,ms,firefox,,1746967774,2023-08-28T14:50:25,2046.4,f8e518c6ab37a0144872f6158300e1de85034002,1292276
autoland,3869862,13,ffaba559b8f75178eed537731f258b1129b7fe97,linux1804-64-shippable-qr,True,False,,|c|o|l|d| |f|i|s|s|i|o|n| |w|e|b|r|e|n|d|e|r|,102210fe594ee9b33d82058545b1ed14f4c8206e,LastVisualChange,cnn,True,cnn LastVisualChange opt cold fission webrender,,77,ms,firefox,,1747063960,2023-08-28T18:02:15,2114.1,7ef66afbcd94bc7787448a9d797ec662b02fe58a,1292360
autoland,3869862,13,ffaba559b8f75178eed537731f258b1129b7fe97,linux1804-64-shippable-qr,True,False,,|c|o|l|d| |f|i|s|s|i|o|n| |w|e|b|r|e|n|d|e|r|,102210fe594ee9b33d82058545b1ed14f4c8206e,LastVisualChange,cnn,True,cnn LastVisualChange opt cold fission webrender,,77,ms,firefox,,1747145420,2023-08-28T20:37:08,2102.1,9451de3148827dbd587f22175b6c0453c7a605db,1292463
autoland,3869862,13,ffaba559b8f75178eed537731f258b1129b7fe97,linux1804-64-shippable-qr,True,False,,|c|o|l|d| |f|i|s|s|i|o|n| |w|e|b|r|e|n|d|e|r|,102210fe594ee9b33d82058545b1ed14f4c8206e,LastVisualChange,cnn,True,cnn LastVisualChange opt cold fission webrender,,77,ms,firefox,,1747252286,2023-08-29T02:20:20,2099.5,4cca72b5cd903bbb8bdc66098aaeb1eb12d8dddd,1292618
autoland,3869862,13,ffaba559b8f75178eed537731f258b1129b7fe97,linux1804-64-shippable-qr,True,False,,|c|o|l|d| |f|i|s|s|i|o|n| |w|e|b|r|e|n|d|e|r|,102210fe594ee9b33d82058545b1ed14f4c8206e,LastVisualChange,cnn,True,cnn LastVisualChange opt cold fission webrender,,77,ms,firefox,,1747267022,2023-08-29T03:02:37,2103.1,f79fe732a6b523e66f30e056118cdd2cff02a5ca,1292639
autoland,3869862,13,ffaba559b8f75178eed537731f258b1129b7fe97,linux1804-64-shippable-qr,True,False,,|c|o|l|d| |f|i|s|s|i|o|n| |w|e|b|r|e|n|d|e|r|,102210fe594ee9b33d82058545b1ed14f4c8206e,LastVisualChange,cnn,True,cnn LastVisualChange opt cold fission webrender,,77,ms,firefox,,1747361652,2023-08-29T07:11:54,2103.4,801325776b1492f30ec6ac7c770000fa8c894d2a,1292691
autoland,3869862,13,ffaba559b8f75178eed537731f258b1129b7fe97,linux1804-64-shippable-qr,True,False,,|c|o|l|d| |f|i|s|s|i|o|n| |w|e|b|r|e|n|d|e|r|,102210fe594ee9b33d82058545b1ed14f4c8206e,LastVisualChange,cnn,True,cnn LastVisualChange opt cold fission webrender,,77,ms,firefox,,1747498491,2023-08-29T11:18:23,2145.3,843a6e4db35622bdd606d6cdd7c0f1a05828a89e,1292770
autoland,3869862,13,ffaba559b8f75178eed537731f258b1129b7fe97,linux1804-64-shippable-qr,True,False,,|c|o|l|d| |f|i|s|s|i|o|n| |w|e|b|r|e|n|d|e|r|,102210fe594ee9b33d82058545b1ed14f4c8206e,LastVisualChange,cnn,True,cnn LastVisualChange opt cold fission webrender,,77,ms,firefox,,1747480134,2023-08-29T11:21:44,2095.2,abe9789555b5960e5b395aba02b4891c388e4839,1292771
autoland,3869862,13,ffaba559b8f75178eed537731f258b1129b7fe97,linux1804-64-shippable-qr,True,False,,|c|o|l|d| |f|i|s|s|i|o|n| |w|e|b|r|e|n|d|e|r|,102210fe594ee9b33d82058545b1ed14f4c8206e,LastVisualChange,cnn,True,cnn LastVisualChange opt cold fission webrender,,77,ms,firefox,,1747722681,2023-08-29T16:25:43,2116.6,0bb8944a5c2a783f353dc7595b2171844923a934,1292913
autoland,3869862,13,ffaba559b8f75178eed537731f258b1129b7fe97,linux1804-64-shippable-qr,True,False,,|c|o|l|d| |f|i|s|s|i|o|n| |w|e|b|r|e|n|d|e|r|,102210fe594ee9b33d82058545b1ed14f4c8206e,LastVisualChange,cnn,True,cnn LastVisualChange opt cold fission webrender,,77,ms,firefox,,1747872004,2023-08-29T18:40:33,2094.1,ab673eef69bf3656d8814e2758dff9da25527e74,1292984
autoland,3869862,13,ffaba559b8f75178eed537731f258b1129b7fe97,linux1804-64-shippable-qr,True,False,,|c|o|l|d| |f|i|s|s|i|o|n| |w|e|b|r|e|n|d|e|r|,102210fe594ee9b33d82058545b1ed14f4c8206e,LastVisualChange,cnn,True,cnn LastVisualChange opt cold fission webrender,,77,ms,firefox,,1747916131,2023-08-29T18:52:04,2097.7,cb5ac3a7a82f68e5ca26d454b7615329d487cdd1,1292994
autoland,3869862,13,ffaba559b8f75178eed537731f258b1129b7fe97,linux1804-64-shippable-qr,True,False,,|c|o|l|d| |f|i|s|s|i|o|n| |w|e|b|r|e|n|d|e|r|,102210fe594ee9b33d82058545b1ed14f4c8206e,LastVisualChange,cnn,True,cnn LastVisualChange opt cold fission webrender,,77,ms,firefox,,1747800688,2023-08-29T20:54:58,2115.7,16c71fac642647b97c85d086e54342a5addaaf13,1293039
autoland,3869862,13,ffaba559b8f75178eed537731f258b1129b7fe97,linux1804-64-shippable-qr,True,False,,|c|o|l|d| |f|i|s|s|i|o|n| |w|e|b|r|e|n|d|e|r|,102210fe594ee9b33d82058545b1ed14f4c8206e,LastVisualChange,cnn,True,cnn LastVisualChange opt cold fission webrender,,77,ms,firefox,,1747868628,2023-08-30T01:49:26,2112.4,34dcd8f28e9a642600425b3383df225859ea91cd,1293133
autoland,3869862,13,ffaba559b8f75178eed537731f258b1129b7fe97,linux1804-64-shippable-qr,True,False,,|c|o|l|d| |f|i|s|s|i|o|n| |w|e|b|r|e|n|d|e|r|,102210fe594ee9b33d82058545b1ed14f4c8206e,LastVisualChange,cnn,True,cnn LastVisualChange opt cold fission webrender,,77,ms,firefox,,1748011132,2023-08-30T13:43:19,2112.7,379bb5e39311a7878ea31b7eb0dd39fdef1ab15a,1293343
autoland,3869862,13,ffaba559b8f75178eed537731f258b1129b7fe97,linux1804-64-shippable-qr,True,False,,|c|o|l|d| |f|i|s|s|i|o|n| |w|e|b|r|e|n|d|e|r|,102210fe594ee9b33d82058545b1ed14f4c8206e,LastVisualChange,cnn,True,cnn LastVisualChange opt cold fission webrender,,77,ms,firefox,,1748060692,2023-08-30T16:15:47,2080.7,f648d27187b6f45ac21ab6bf0ca9673dcfc55cf4,1293412
autoland,3869862,13,ffaba559b8f75178eed537731f258b1129b7fe97,linux1804-64-shippable-qr,True,False,,|c|o|l|d| |f|i|s|s|i|o|n| |w|e|b|r|e|n|d|e|r|,102210fe594ee9b33d82058545b1ed14f4c8206e,LastVisualChange,cnn,True,cnn LastVisualChange opt cold fission webrender,,77,ms,firefox,,1748159420,2023-08-30T20:58:03,2120.4,7643e2c34ec4fce31fb741b2e7003adc7e547e36,1293585
autoland,3869862,13,ffaba559b8f75178eed537731f258b1129b7fe97,linux1804-64-shippable-qr,True,False,,|c|o|l|d| |f|i|s|s|i|o|n| |w|e|b|r|e|n|d|e|r|,102210fe594ee9b33d82058545b1ed14f4c8206e,LastVisualChange,cnn,True,cnn LastVisualChange opt cold fission webrender,,77,ms,firefox,,1748215230,2023-08-30T23:31:09,2089.6,8db6a3b432759fd37b677c455c7d9ecedafd7e77,1293654
autoland,3869862,13,ffaba559b8f75178eed537731f258b1129b7fe97,linux1804-64-shippable-qr,True,False,,|c|o|l|d| |f|i|s|s|i|o|n| |w|e|b|r|e|n|d|e|r|,102210fe594ee9b33d82058545b1ed14f4c8206e,LastVisualChange,cnn,True,cnn LastVisualChange opt cold fission webrender,,77,ms,firefox,,1748240701,2023-08-31T03:36:38,2090.5,bcc1470439818e29a38c29432af9fd130b8ec931,1293720
autoland,3869862,13,ffaba559b8f75178eed537731f258b1129b7fe97,linux1804-64-shippable-qr,True,False,,|c|o|l|d| |f|i|s|s|i|o|n| |w|e|b|r|e|n|d|e|r|,102210fe594ee9b33d82058545b1ed14f4c8206e,LastVisualChange,cnn,True,cnn LastVisualChange opt cold fission webrender,,77,ms,firefox,,1748338805,2023-08-31T09:19:24,2101.4,e2d1d56b4cb882f210d71f021a2f804a56d718e6,1293811
autoland,3869862,13,ffaba559b8f75178eed537731f258b1129b7fe97,linux1804-64-shippable-qr,True,False,,|c|o|l|d| |f|i|s|s|i|o|n| |w|e|b|r|e|n|d|e|r|,102210fe594ee9b33d82058545b1ed14f4c8206e,LastVisualChange,cnn,True,cnn LastVisualChange opt cold fission webrender,,77,ms,firefox,,1748477226,2023-08-31T14:04:37,2114.8,79fd00522da11013e2076ceccfd842c54d2f0822,1293937
autoland,3869862,13,ffaba559b8f75178eed537731f258b1129b7fe97,linux1804-64-shippable-qr,True,False,,|c|o|l|d| |f|i|s|s|i|o|n| |w|e|b|r|e|n|d|e|r|,102210fe594ee9b33d82058545b1ed14f4c8206e,LastVisualChange,cnn,True,cnn LastVisualChange opt cold fission webrender,,77,ms,firefox,,1748634404,2023-08-31T18:09:30,2126.5,bd48139a6966dfb067c7b31bdf2021bd85a1f6a9,1294069
autoland,3869862,13,ffaba559b8f75178eed537731f258b1129b7fe97,linux1804-64-shippable-qr,True,False,,|c|o|l|d| |f|i|s|s|i|o|n| |w|e|b|r|e|n|d|e|r|,102210fe594ee9b33d82058545b1ed14f4c8206e,LastVisualChange,cnn,True,cnn LastVisualChange opt cold fission webrender,,77,ms,firefox,,1748807436,2023-08-31T19:30:57,2104.8,14117ed3c63a444931eb69e3a486bde4be07b6cc,1294120
autoland,3869862,13,ffaba559b8f75178eed537731f258b1129b7fe97,linux1804-64-shippable-qr,True,False,,|c|o|l|d| |f|i|s|s|i|o|n| |w|e|b|r|e|n|d|e|r|,102210fe594ee9b33d82058545b1ed14f4c8206e,LastVisualChange,cnn,True,cnn LastVisualChange opt cold fission webrender,,77,ms,firefox,,1748677894,2023-08-31T19:33:29,2086.5,a0d77e120c268cc1e877891df07436c1128dde4f,1294123
autoland,3869862,13,ffaba559b8f75178eed537731f258b1129b7fe97,linux1804-64-shippable-qr,True,False,,|c|o|l|d| |f|i|s|s|i|o|n| |w|e|b|r|e|n|d|e|r|,102210fe594ee9b33d82058545b1ed14f4c8206e,LastVisualChange,cnn,True,cnn LastVisualChange opt cold fission webrender,,77,ms,firefox,,1748837601,2023-08-31T20:20:26,2061.2,6433f4d865eef19ec6c2110009e4e3a281c59799,1294162
autoland,3869862,13,ffaba559b8f75178eed537731f258b1129b7fe97,linux1804-64-shippable-qr,True,False,,|c|o|l|d| |f|i|s|s|i|o|n| |w|e|b|r|e|n|d|e|r|,102210fe594ee9b33d82058545b1ed14f4c8206e,LastVisualChange,cnn,True,cnn LastVisualChange opt cold fission webrender,,77,ms,firefox,,1748855390,2023-08-31T20:42:50,2073.5,d5b172f3396fca2c5326f7c289b87ec3ddd75533,1294180
autoland,3869862,13,ffaba559b8f75178eed537731f258b1129b7fe97,linux1804-64-shippable-qr,True,False,,|c|o|l|d| |f|i|s|s|i|o|n| |w|e|b|r|e|n|d|e|r|,102210fe594ee9b33d82058545b1ed14f4c8206e,LastVisualChange,cnn,True,cnn LastVisualChange opt cold fission webrender,,77,ms,firefox,,1748750011,2023-09-01T00:39:38,2139.2,27ce38e0ae179241f6afc83c246df3113fc76eb5,1294315
autoland,3869862,13,ffaba559b8f75178eed537731f258b1129b7fe97,linux1804-64-shippable-qr,True,False,,|c|o|l|d| |f|i|s|s|i|o|n| |w|e|b|r|e|n|d|e|r|,102210fe594ee9b33d82058545b1ed14f4c8206e,LastVisualChange,cnn,True,cnn LastVisualChange opt cold fission webrender,,77,ms,firefox,,1748770266,2023-09-01T01:00:26,2099.7,9034f1db1295f77ef75c8afa9ac280788649b1c4,1294322
autoland,3869862,13,ffaba559b8f75178eed537731f258b1129b7fe97,linux1804-64-shippable-qr,True,False,,|c|o|l|d| |f|i|s|s|i|o|n| |w|e|b|r|e|n|d|e|r|,102210fe594ee9b33d82058545b1ed14f4c8206e,LastVisualChange,cnn,True,cnn LastVisualChange opt cold fission webrender,,77,ms,firefox,,1748914451,2023-09-01T06:26:09,2083.2,ae769caa17a3a27e7fed2cfd78ea439adf051dc8,1294426
autoland,3869862,13,ffaba559b8f75178eed537731f258b1129b7fe97,linux1804-64-shippable-qr,True,False,,|c|o|l|d| |f|i|s|s|i|o|n| |w|e|b|r|e|n|d|e|r|,102210fe594ee9b33d82058545b1ed14f4c8206e,LastVisualChange,cnn,True,cnn LastVisualChange opt cold fission webrender,,77,ms,firefox,,1749071837,2023-09-01T10:42:21,2071.9,2e446d8859cc4a60faa49f68ed5445c534e47850,1294509
autoland,3869862,13,ffaba559b8f75178eed537731f258b1129b7fe97,linux1804-64-shippable-qr,True,False,,|c|o|l|d| |f|i|s|s|i|o|n| |w|e|b|r|e|n|d|e|r|,102210fe594ee9b33d82058545b1ed14f4c8206e,LastVisualChange,cnn,True,cnn LastVisualChange opt cold fission webrender,,77,ms,firefox,,1749547714,2023-09-01T11:07:42,2088.9,dfc8a4578c404856f2c383d037d44dab021f40c3,1294519
autoland,3869862,13,ffaba559b8f75178eed537731f258b1129b7fe97,linux1804-64-shippable-qr,True,False,,|c|o|l|d| |f|i|s|s|i|o|n| |w|e|b|r|e|n|d|e|r|,102210fe594ee9b33d82058545b1ed14f4c8206e,LastVisualChange,cnn,True,cnn LastVisualChange opt cold fission webrender,,77,ms,firefox,,1749542954,2023-09-01T11:44:03,2121.8,c12da820266b0537b4b77b3b9609c089eafd3e4d,1294531
autoland,3869862,13,ffaba559b8f75178eed537731f258b1129b7fe97,linux1804-64-shippable-qr,True,False,,|c|o|l|d| |f|i|s|s|i|o|n| |w|e|b|r|e|n|d|e|r|,102210fe594ee9b33d82058545b1ed14f4c8206e,LastVisualChange,cnn,True,cnn LastVisualChange opt cold fission webrender,,77,ms,firefox,,1749095998,2023-09-01T11:44:59,2109.7,bf57203fdaf0f91ccecca73cc02286e5c20686be,1294532
autoland,3869862,13,ffaba559b8f75178eed537731f258b1129b7fe97,linux1804-64-shippable-qr,True,False,,|c|o|l|d| |f|i|s|s|i|o|n| |w|e|b|r|e|n|d|e|r|,102210fe594ee9b33d82058545b1ed14f4c8206e,LastVisualChange,cnn,True,cnn LastVisualChange opt cold fission webrender,,77,ms,firefox,,1749185054,2023-09-01T15:47:54,2142.6,ad7684944accdb72fb27cae1118a774a95ed9c55,1294651
autoland,3869862,13,ffaba559b8f75178eed537731f258b1129b7fe97,linux1804-64-shippable-qr,True,False,,|c|o|l|d| |f|i|s|s|i|o|n| |w|e|b|r|e|n|d|e|r|,102210fe594ee9b33d82058545b1ed14f4c8206e,LastVisualChange,cnn,True,cnn LastVisualChange opt cold fission webrender,,77,ms,firefox,,1749224569,2023-09-01T17:12:14,2077.0,fccf186ac4e88bf822ac830ba689a15017be05e1,1294691
autoland,3869862,13,ffaba559b8f75178eed537731f258b1129b7fe97,linux1804-64-shippable-qr,True,False,,|c|o|l|d| |f|i|s|s|i|o|n| |w|e|b|r|e|n|d|e|r|,102210fe594ee9b33d82058545b1ed14f4c8206e,LastVisualChange,cnn,True,cnn LastVisualChange opt cold fission webrender,,77,ms,firefox,,1749503961,2023-09-02T01:00:47,2098.2,99eed791079c7b72126fee110226a0f9c519a053,1294900
autoland,3869862,13,ffaba559b8f75178eed537731f258b1129b7fe97,linux1804-64-shippable-qr,True,False,,|c|o|l|d| |f|i|s|s|i|o|n| |w|e|b|r|e|n|d|e|r|,102210fe594ee9b33d82058545b1ed14f4c8206e,LastVisualChange,cnn,True,cnn LastVisualChange opt cold fission webrender,,77,ms,firefox,,1749562930,2023-09-02T06:50:37,2095.7,0d100cd406fac31edd725aaa2ca36c72593b7207,1294943
autoland,3869862,13,ffaba559b8f75178eed537731f258b1129b7fe97,linux1804-64-shippable-qr,True,False,,|c|o|l|d| |f|i|s|s|i|o|n| |w|e|b|r|e|n|d|e|r|,102210fe594ee9b33d82058545b1ed14f4c8206e,LastVisualChange,cnn,True,cnn LastVisualChange opt cold fission webrender,,77,ms,firefox,,1749619043,2023-09-02T11:43:51,2101.2,66f85436a9395093f71f506f8cdc16623cbbb38e,1294960
autoland,3869862,13,ffaba559b8f75178eed537731f258b1129b7fe97,linux1804-64-shippable-qr,True,False,,|c|o|l|d| |f|i|s|s|i|o|n| |w|e|b|r|e|n|d|e|r|,102210fe594ee9b33d82058545b1ed14f4c8206e,LastVisualChange,cnn,True,cnn LastVisualChange opt cold fission webrender,,77,ms,firefox,,1749646572,2023-09-02T16:16:12,2108.3,ee62282ee19c0c3cceebbdb2cd283127260a46d6,1294982
autoland,3869862,13,ffaba559b8f75178eed537731f258b1129b7fe97,linux1804-64-shippable-qr,True,False,,|c|o|l|d| |f|i|s|s|i|o|n| |w|e|b|r|e|n|d|e|r|,102210fe594ee9b33d82058545b1ed14f4c8206e,LastVisualChange,cnn,True,cnn LastVisualChange opt cold fission webrender,,77,ms,firefox,,1749841183,2023-09-03T15:28:00,2079.7,e2d4c17692b7650a5aefa27823ab8cb72dc06fe6,1295071
autoland,3869862,13,ffaba559b8f75178eed537731f258b1129b7fe97,linux1804-64-shippable-qr,True,False,,|c|o|l|d| |f|i|s|s|i|o|n| |w|e|b|r|e|n|d|e|r|,102210fe594ee9b33d82058545b1ed14f4c8206e,LastVisualChange,cnn,True,cnn LastVisualChange opt cold fission webrender,,77,ms,firefox,,1749870431,2023-09-03T17:48:29,2085.9,39747a728e31525f254d25d9fa323a491dda5b09,1295079
autoland,3869862,13,ffaba559b8f75178eed537731f258b1129b7fe97,linux1804-64-shippable-qr,True,False,,|c|o|l|d| |f|i|s|s|i|o|n| |w|e|b|r|e|n|d|e|r|,102210fe594ee9b33d82058545b1ed14f4c8206e,LastVisualChange,cnn,True,cnn LastVisualChange opt cold fission webrender,,77,ms,firefox,,1749973126,2023-09-04T00:54:15,2052.4,9398dc74275ecd37eab02b496051302e67ce059f,1295103
autoland,3869862,13,ffaba559b8f75178eed537731f258b1129b7fe97,linux1804-64-shippable-qr,True,False,,|c|o|l|d| |f|i|s|s|i|o|n| |w|e|b|r|e|n|d|e|r|,102210fe594ee9b33d82058545b1ed14f4c8206e,LastVisualChange,cnn,True,cnn LastVisualChange opt cold fission webrender,,77,ms,firefox,,1750040235,2023-09-04T05:09:42,2092.1,738c0a460acb30ab2ab419f4c0dc93fa9af200d6,1295121
autoland,3869862,13,ffaba559b8f75178eed537731f258b1129b7fe97,linux1804-64-shippable-qr,True,False,,|c|o|l|d| |f|i|s|s|i|o|n| |w|e|b|r|e|n|d|e|r|,102210fe594ee9b33d82058545b1ed14f4c8206e,LastVisualChange,cnn,True,cnn LastVisualChange opt cold fission webrender,,77,ms,firefox,,1750079454,2023-09-04T08:06:31,2073.0,5378e223b13ecd8d32d6afddc956d8bdca322ef0,1295171
autoland,3869862,13,ffaba559b8f75178eed537731f258b1129b7fe97,linux1804-64-shippable-qr,True,False,,|c|o|l|d| |f|i|s|s|i|o|n| |w|e|b|r|e|n|d|e|r|,102210fe594ee9b33d82058545b1ed14f4c8206e,LastVisualChange,cnn,True,cnn LastVisualChange opt cold fission webrender,,77,ms,firefox,,1750206800,2023-09-04T12:17:38,2116.2,16cc1aa2701e0b2cf32665cee19dc11308a4760a,1295286
autoland,3869862,13,ffaba559b8f75178eed537731f258b1129b7fe97,linux1804-64-shippable-qr,True,False,,|c|o|l|d| |f|i|s|s|i|o|n| |w|e|b|r|e|n|d|e|r|,102210fe594ee9b33d82058545b1ed14f4c8206e,LastVisualChange,cnn,True,cnn LastVisualChange opt cold fission webrender,,77,ms,firefox,,1750328611,2023-09-04T20:09:20,2111.9,2c0ab3a7f1f3e1e095a0175f8a6096d10a311a5a,1295407
autoland,3869862,13,ffaba559b8f75178eed537731f258b1129b7fe97,linux1804-64-shippable-qr,True,False,,|c|o|l|d| |f|i|s|s|i|o|n| |w|e|b|r|e|n|d|e|r|,102210fe594ee9b33d82058545b1ed14f4c8206e,LastVisualChange,cnn,True,cnn LastVisualChange opt cold fission webrender,,77,ms,firefox,,1750386032,2023-09-05T01:26:26,2114.9,530fe27f752d2f1fa88cd1013b419d7c1ca1a2e0,1295456
autoland,3869862,13,ffaba559b8f75178eed537731f258b1129b7fe97,linux1804-64-shippable-qr,True,False,,|c|o|l|d| |f|i|s|s|i|o|n| |w|e|b|r|e|n|d|e|r|,102210fe594ee9b33d82058545b1ed14f4c8206e,LastVisualChange,cnn,True,cnn LastVisualChange opt cold fission webrender,,77,ms,firefox,,1750488854,2023-09-05T06:45:05,2092.2,55f5393d14f682f76c2d9f9c857c9f0890ee2a7f,1295504
autoland,3869862,13,ffaba559b8f75178eed537731f258b1129b7fe97,linux1804-64-shippable-qr,True,False,,|c|o|l|d| |f|i|s|s|i|o|n| |w|e|b|r|e|n|d|e|r|,102210fe594ee9b33d82058545b1ed14f4c8206e,LastVisualChange,cnn,True,cnn LastVisualChange opt cold fission webrender,,77,ms,firefox,,1750592122,2023-09-05T11:29:45,2134.0,27708fc6f6648945c105baa6a5c63f9d62f265b5,1295622
autoland,3869862,13,ffaba559b8f75178eed537731f258b1129b7fe97,linux1804-64-shippable-qr,True,False,,|c|o|l|d| |f|i|s|s|i|o|n| |w|e|b|r|e|n|d|e|r|,102210fe594ee9b33d82058545b1ed14f4c8206e,LastVisualChange,cnn,True,cnn LastVisualChange opt cold fission webrender,,77,ms,firefox,,1750619468,2023-09-05T11:45:39,2092.5,42d664dd03163fb19554f6e18c4163b8622b4401,1295627
autoland,3869862,13,ffaba559b8f75178eed537731f258b1129b7fe97,linux1804-64-shippable-qr,True,False,,|c|o|l|d| |f|i|s|s|i|o|n| |w|e|b|r|e|n|d|e|r|,102210fe594ee9b33d82058545b1ed14f4c8206e,LastVisualChange,cnn,True,cnn LastVisualChange opt cold fission webrender,,77,ms,firefox,,1750682561,2023-09-05T15:46:18,2098.4,40053facf08c6ea9bc6a6f5ae223a6faa89ebc08,1295770
autoland,3869862,13,ffaba559b8f75178eed537731f258b1129b7fe97,linux1804-64-shippable-qr,True,False,,|c|o|l|d| |f|i|s|s|i|o|n| |w|e|b|r|e|n|d|e|r|,102210fe594ee9b33d82058545b1ed14f4c8206e,LastVisualChange,cnn,True,cnn LastVisualChange opt cold fission webrender,,77,ms,firefox,,1750722048,2023-09-05T16:15:45,2071.3,08da3ca498f61eb9acb594038c5e764cfb37d735,1295791
autoland,3869862,13,ffaba559b8f75178eed537731f258b1129b7fe97,linux1804-64-shippable-qr,True,False,,|c|o|l|d| |f|i|s|s|i|o|n| |w|e|b|r|e|n|d|e|r|,102210fe594ee9b33d82058545b1ed14f4c8206e,LastVisualChange,cnn,True,cnn LastVisualChange opt cold fission webrender,,77,ms,firefox,,1750813867,2023-09-05T19:25:11,2080.2,e6278ccb302b74ca329c17e5d00508b795c54eec,1295926
autoland,3869862,13,ffaba559b8f75178eed537731f258b1129b7fe97,linux1804-64-shippable-qr,True,False,,|c|o|l|d| |f|i|s|s|i|o|n| |w|e|b|r|e|n|d|e|r|,102210fe594ee9b33d82058545b1ed14f4c8206e,LastVisualChange,cnn,True,cnn LastVisualChange opt cold fission webrender,,77,ms,firefox,,1750959217,2023-09-05T23:38:09,2079.0,b34280e9a0872e3b3f0893cd3bd78bf94b421612,1296071
autoland,3869862,13,ffaba559b8f75178eed537731f258b1129b7fe97,linux1804-64-shippable-qr,True,False,,|c|o|l|d| |f|i|s|s|i|o|n| |w|e|b|r|e|n|d|e|r|,102210fe594ee9b33d82058545b1ed14f4c8206e,LastVisualChange,cnn,True,cnn LastVisualChange opt cold fission webrender,,77,ms,firefox,,1751008674,2023-09-06T00:54:53,2178.5,ff7e2e9adbc1753b1f3e01a3f2eb8a91bb911418,1296116
autoland,3869862,13,ffaba559b8f75178eed537731f258b1129b7fe97,linux1804-64-shippable-qr,True,False,,|c|o|l|d| |f|i|s|s|i|o|n| |w|e|b|r|e|n|d|e|r|,102210fe594ee9b33d82058545b1ed14f4c8206e,LastVisualChange,cnn,True,cnn LastVisualChange opt cold fission webrender,,77,ms,firefox,,1751087705,2023-09-06T05:00:41,2102.3,5c56b92baa65aa27df61f84718594767ef8f26f4,1296186
autoland,3869862,13,ffaba559b8f75178eed537731f258b1129b7fe97,linux1804-64-shippable-qr,True,False,,|c|o|l|d| |f|i|s|s|i|o|n| |w|e|b|r|e|n|d|e|r|,102210fe594ee9b33d82058545b1ed14f4c8206e,LastVisualChange,cnn,True,cnn LastVisualChange opt cold fission webrender,,77,ms,firefox,,1751215712,2023-09-06T10:31:58,2081.9,6631a30338d3de03925f76afd071a29511729440,1296288
autoland,3869862,13,ffaba559b8f75178eed537731f258b1129b7fe97,linux1804-64-shippable-qr,True,False,,|c|o|l|d| |f|i|s|s|i|o|n| |w|e|b|r|e|n|d|e|r|,102210fe594ee9b33d82058545b1ed14f4c8206e,LastVisualChange,cnn,True,cnn LastVisualChange opt cold fission webrender,,77,ms,firefox,,1751237567,2023-09-06T11:18:29,2098.7,e43370e4259f61e0c264dbcef8b45e2862b3c5e8,1296309
autoland,3869862,13,ffaba559b8f75178eed537731f258b1129b7fe97,linux1804-64-shippable-qr,True,False,,|c|o|l|d| |f|i|s|s|i|o|n| |w|e|b|r|e|n|d|e|r|,102210fe594ee9b33d82058545b1ed14f4c8206e,LastVisualChange,cnn,True,cnn LastVisualChange opt cold fission webrender,,77,ms,firefox,,1751639017,2023-09-06T12:46:11,2122.4,1efdead581242a06398d33ea25040ec415b4051a,1296355
autoland,3869862,13,ffaba559b8f75178eed537731f258b1129b7fe97,linux1804-64-shippable-qr,True,False,,|c|o|l|d| |f|i|s|s|i|o|n| |w|e|b|r|e|n|d|e|r|,102210fe594ee9b33d82058545b1ed14f4c8206e,LastVisualChange,cnn,True,cnn LastVisualChange opt cold fission webrender,,77,ms,firefox,,1751651913,2023-09-06T12:47:02,2095.1,90f7ca5b0ec6598e9a3298d82a4a34df06986322,1296356
autoland,3869862,13,ffaba559b8f75178eed537731f258b1129b7fe97,linux1804-64-shippable-qr,True,False,,|c|o|l|d| |f|i|s|s|i|o|n| |w|e|b|r|e|n|d|e|r|,102210fe594ee9b33d82058545b1ed14f4c8206e,LastVisualChange,cnn,True,cnn LastVisualChange opt cold fission webrender,,77,ms,firefox,,1751320425,2023-09-06T14:28:21,2128.4,0315c2d875ca2a95bbb65ef4a1f7b75f72ed7263,1296418
autoland,3869862,13,ffaba559b8f75178eed537731f258b1129b7fe97,linux1804-64-shippable-qr,True,False,,|c|o|l|d| |f|i|s|s|i|o|n| |w|e|b|r|e|n|d|e|r|,102210fe594ee9b33d82058545b1ed14f4c8206e,LastVisualChange,cnn,True,cnn LastVisualChange opt cold fission webrender,,77,ms,firefox,,1751647838,2023-09-06T16:46:52,2091.1,0489416a8aec949f888e29303c9bbe21ed1f99e7,1296506
autoland,3869862,13,ffaba559b8f75178eed537731f258b1129b7fe97,linux1804-64-shippable-qr,True,False,,|c|o|l|d| |f|i|s|s|i|o|n| |w|e|b|r|e|n|d|e|r|,102210fe594ee9b33d82058545b1ed14f4c8206e,LastVisualChange,cnn,True,cnn LastVisualChange opt cold fission webrender,,77,ms,firefox,,1751604635,2023-09-06T16:49:32,2081.5,e7a99f508f56aad179face2013609fc9498d0c8f,1296508
autoland,3869862,13,ffaba559b8f75178eed537731f258b1129b7fe97,linux1804-64-shippable-qr,True,False,,|c|o|l|d| |f|i|s|s|i|o|n| |w|e|b|r|e|n|d|e|r|,102210fe594ee9b33d82058545b1ed14f4c8206e,LastVisualChange,cnn,True,cnn LastVisualChange opt cold fission webrender,,77,ms,firefox,,1751387730,2023-09-06T18:00:42,2070.7,340378041fcfd986f6c0edb18a81efbc36f930c1,1296561
autoland,3869862,13,ffaba559b8f75178eed537731f258b1129b7fe97,linux1804-64-shippable-qr,True,False,,|c|o|l|d| |f|i|s|s|i|o|n| |w|e|b|r|e|n|d|e|r|,102210fe594ee9b33d82058545b1ed14f4c8206e,LastVisualChange,cnn,True,cnn LastVisualChange opt cold fission webrender,,77,ms,firefox,,1751477376,2023-09-06T21:18:27,2084.8,6e5768f3fc480965c2b67e5006ad8351d30a27b2,1296699
autoland,3869862,13,ffaba559b8f75178eed537731f258b1129b7fe97,linux1804-64-shippable-qr,True,False,,|c|o|l|d| |f|i|s|s|i|o|n| |w|e|b|r|e|n|d|e|r|,102210fe594ee9b33d82058545b1ed14f4c8206e,LastVisualChange,cnn,True,cnn LastVisualChange opt cold fission webrender,,77,ms,firefox,,1751588548,2023-09-07T02:02:33,2108.6,172ac46f5fd5a20a001b2cbed27df0ffb44ef6a6,1296842
autoland,3869862,13,ffaba559b8f75178eed537731f258b1129b7fe97,linux1804-64-shippable-qr,True,False,,|c|o|l|d| |f|i|s|s|i|o|n| |w|e|b|r|e|n|d|e|r|,102210fe594ee9b33d82058545b1ed14f4c8206e,LastVisualChange,cnn,True,cnn LastVisualChange opt cold fission webrender,,77,ms,firefox,,1751663303,2023-09-07T05:47:53,2081.4,c8b40099127c273a58ba6defbe045c55752f0f64,1296880
autoland,3869862,13,ffaba559b8f75178eed537731f258b1129b7fe97,linux1804-64-shippable-qr,True,False,,|c|o|l|d| |f|i|s|s|i|o|n| |w|e|b|r|e|n|d|e|r|,102210fe594ee9b33d82058545b1ed14f4c8206e,LastVisualChange,cnn,True,cnn LastVisualChange opt cold fission webrender,,77,ms,firefox,,1751776920,2023-09-07T10:02:59,2106.5,72c09a220d986d7af3fa78b07b9b87cd943f9ab5,1296967
autoland,3869862,13,ffaba559b8f75178eed537731f258b1129b7fe97,linux1804-64-shippable-qr,True,False,,|c|o|l|d| |f|i|s|s|i|o|n| |w|e|b|r|e|n|d|e|r|,102210fe594ee9b33d82058545b1ed14f4c8206e,LastVisualChange,cnn,True,cnn LastVisualChange opt cold fission webrender,,77,ms,firefox,,1751837700,2023-09-07T12:32:17,2105.5,31aee1c71573016a4a40410e1c41adad2304c430,1297037
autoland,3869862,13,ffaba559b8f75178eed537731f258b1129b7fe97,linux1804-64-shippable-qr,True,False,,|c|o|l|d| |f|i|s|s|i|o|n| |w|e|b|r|e|n|d|e|r|,102210fe594ee9b33d82058545b1ed14f4c8206e,LastVisualChange,cnn,True,cnn LastVisualChange opt cold fission webrender,,77,ms,firefox,,1751913411,2023-09-07T16:05:38,2089.4,be838735b3cf99411aaa287377f080810144f92d,1297179
autoland,3869862,13,ffaba559b8f75178eed537731f258b1129b7fe97,linux1804-64-shippable-qr,True,False,,|c|o|l|d| |f|i|s|s|i|o|n| |w|e|b|r|e|n|d|e|r|,102210fe594ee9b33d82058545b1ed14f4c8206e,LastVisualChange,cnn,True,cnn LastVisualChange opt cold fission webrender,,77,ms,firefox,,1752312233,2023-09-07T16:07:31,2098.8,ab58e27cf5b6fa10352b2aab7515d67826afc2b7,1297180
autoland,3869862,13,ffaba559b8f75178eed537731f258b1129b7fe97,linux1804-64-shippable-qr,True,False,,|c|o|l|d| |f|i|s|s|i|o|n| |w|e|b|r|e|n|d|e|r|,102210fe594ee9b33d82058545b1ed14f4c8206e,LastVisualChange,cnn,True,cnn LastVisualChange opt cold fission webrender,,77,ms,firefox,,1752322700,2023-09-07T16:19:54,2151.5,83e2fb4331f8fa061470e0f9823cdcdb78eb8a56,1297187
autoland,3869862,13,ffaba559b8f75178eed537731f258b1129b7fe97,linux1804-64-shippable-qr,True,False,,|c|o|l|d| |f|i|s|s|i|o|n| |w|e|b|r|e|n|d|e|r|,102210fe594ee9b33d82058545b1ed14f4c8206e,LastVisualChange,cnn,True,cnn LastVisualChange opt cold fission webrender,,77,ms,firefox,,1752094131,2023-09-07T18:57:03,2084.7,25b4a7559a80b3970d88de68b2ac92420ca025c8,1297304
autoland,3869862,13,ffaba559b8f75178eed537731f258b1129b7fe97,linux1804-64-shippable-qr,True,False,,|c|o|l|d| |f|i|s|s|i|o|n| |w|e|b|r|e|n|d|e|r|,102210fe594ee9b33d82058545b1ed14f4c8206e,LastVisualChange,cnn,True,cnn LastVisualChange opt cold fission webrender,,77,ms,firefox,,1752184455,2023-09-07T23:16:45,2101.9,6fb5507c20420498c1ebe5f2b6df35394d980f1c,1297446
autoland,3869862,13,ffaba559b8f75178eed537731f258b1129b7fe97,linux1804-64-shippable-qr,True,False,,|c|o|l|d| |f|i|s|s|i|o|n| |w|e|b|r|e|n|d|e|r|,102210fe594ee9b33d82058545b1ed14f4c8206e,LastVisualChange,cnn,True,cnn LastVisualChange opt cold fission webrender,,77,ms,firefox,,1752208600,2023-09-07T23:39:19,2111.3,3096b15a785accc50f5e96ad64eed31ebd5ae045,1297453
autoland,3869862,13,ffaba559b8f75178eed537731f258b1129b7fe97,linux1804-64-shippable-qr,True,False,,|c|o|l|d| |f|i|s|s|i|o|n| |w|e|b|r|e|n|d|e|r|,102210fe594ee9b33d82058545b1ed14f4c8206e,LastVisualChange,cnn,True,cnn LastVisualChange opt cold fission webrender,,77,ms,firefox,,1752295565,2023-09-08T04:28:36,2075.2,9cf29328d69c6278a4d9e184fcf79d33542cb600,1297535
autoland,3869862,13,ffaba559b8f75178eed537731f258b1129b7fe97,linux1804-64-shippable-qr,True,False,,|c|o|l|d| |f|i|s|s|i|o|n| |w|e|b|r|e|n|d|e|r|,102210fe594ee9b33d82058545b1ed14f4c8206e,LastVisualChange,cnn,True,cnn LastVisualChange opt cold fission webrender,,77,ms,firefox,,1752392116,2023-09-08T08:33:18,2094.6,850826d930dbbaab76c864c8e0c815e741d335ec,1297602
autoland,3869862,13,ffaba559b8f75178eed537731f258b1129b7fe97,linux1804-64-shippable-qr,True,False,,|c|o|l|d| |f|i|s|s|i|o|n| |w|e|b|r|e|n|d|e|r|,102210fe594ee9b33d82058545b1ed14f4c8206e,LastVisualChange,cnn,True,cnn LastVisualChange opt cold fission webrender,,77,ms,firefox,,1752465136,2023-09-08T09:52:44,2067.8,274b1d437629e97813d0b7fe7e8b4912cf84cf32,1297644
autoland,3869862,13,ffaba559b8f75178eed537731f258b1129b7fe97,linux1804-64-shippable-qr,True,False,,|c|o|l|d| |f|i|s|s|i|o|n| |w|e|b|r|e|n|d|e|r|,102210fe594ee9b33d82058545b1ed14f4c8206e,LastVisualChange,cnn,True,cnn LastVisualChange opt cold fission webrender,,77,ms,firefox,,1752557656,2023-09-08T14:14:09,2128.8,822367e291b07b889b553a6beaa660fd1d4bf101,1297788
autoland,3869862,13,ffaba559b8f75178eed537731f258b1129b7fe97,linux1804-64-shippable-qr,True,False,,|c|o|l|d| |f|i|s|s|i|o|n| |w|e|b|r|e|n|d|e|r|,102210fe594ee9b33d82058545b1ed14f4c8206e,LastVisualChange,cnn,True,cnn LastVisualChange opt cold fission webrender,,77,ms,firefox,,1752606712,2023-09-08T14:59:47,2069.5,bde2db6f12ce1100b2bbb4b10916f7be1cf90f3a,1297817
autoland,3869862,13,ffaba559b8f75178eed537731f258b1129b7fe97,linux1804-64-shippable-qr,True,False,,|c|o|l|d| |f|i|s|s|i|o|n| |w|e|b|r|e|n|d|e|r|,102210fe594ee9b33d82058545b1ed14f4c8206e,LastVisualChange,cnn,True,cnn LastVisualChange opt cold fission webrender,,77,ms,firefox,,1752713688,2023-09-08T18:04:40,2104.3,27b2bca6565fd4a7d724617dc2a06ad4433d5e7d,1297929
autoland,3869862,13,ffaba559b8f75178eed537731f258b1129b7fe97,linux1804-64-shippable-qr,True,False,,|c|o|l|d| |f|i|s|s|i|o|n| |w|e|b|r|e|n|d|e|r|,102210fe594ee9b33d82058545b1ed14f4c8206e,LastVisualChange,cnn,True,cnn LastVisualChange opt cold fission webrender,,77,ms,firefox,,1752845957,2023-09-08T22:44:42,2065.6,caabab6fd2b88b34f1344af40c555fed0a039949,1298112
autoland,3869862,13,ffaba559b8f75178eed537731f258b1129b7fe97,linux1804-64-shippable-qr,True,False,,|c|o|l|d| |f|i|s|s|i|o|n| |w|e|b|r|e|n|d|e|r|,102210fe594ee9b33d82058545b1ed14f4c8206e,LastVisualChange,cnn,True,cnn LastVisualChange opt cold fission webrender,,77,ms,firefox,,1752922314,2023-09-09T01:11:00,2098.0,266305ba8989b3072ea042b1a3130ddfb89960e1,1298167
autoland,3869862,13,ffaba559b8f75178eed537731f258b1129b7fe97,linux1804-64-shippable-qr,True,False,,|c|o|l|d| |f|i|s|s|i|o|n| |w|e|b|r|e|n|d|e|r|,102210fe594ee9b33d82058545b1ed14f4c8206e,LastVisualChange,cnn,True,cnn LastVisualChange opt cold fission webrender,,77,ms,firefox,,1752969857,2023-09-09T05:59:08,2120.7,02f7c436b43f486a8aec92c449f2df1fedf9226a,1298196
autoland,3869862,13,ffaba559b8f75178eed537731f258b1129b7fe97,linux1804-64-shippable-qr,True,False,,|c|o|l|d| |f|i|s|s|i|o|n| |w|e|b|r|e|n|d|e|r|,102210fe594ee9b33d82058545b1ed14f4c8206e,LastVisualChange,cnn,True,cnn LastVisualChange opt cold fission webrender,,77,ms,firefox,,1753043101,2023-09-09T12:58:29,2075.4,52b4a28cd9d7623a471a02cb994a2aebbd5d7403,1298223
autoland,3869862,13,ffaba559b8f75178eed537731f258b1129b7fe97,linux1804-64-shippable-qr,True,False,,|c|o|l|d| |f|i|s|s|i|o|n| |w|e|b|r|e|n|d|e|r|,102210fe594ee9b33d82058545b1ed14f4c8206e,LastVisualChange,cnn,True,cnn LastVisualChange opt cold fission webrender,,77,ms,firefox,,1753204673,2023-09-09T23:18:35,2106.3,df18c9cb1487f09a89e27eabbd0819691c70701b,1298263
autoland,3869862,13,ffaba559b8f75178eed537731f258b1129b7fe97,linux1804-64-shippable-qr,True,False,,|c|o|l|d| |f|i|s|s|i|o|n| |w|e|b|r|e|n|d|e|r|,102210fe594ee9b33d82058545b1ed14f4c8206e,LastVisualChange,cnn,True,cnn LastVisualChange opt cold fission webrender,,77,ms,firefox,,1753256449,2023-09-10T03:51:10,2105.7,7faa89970aed2f2e16f538aba1a7465bb6a5ea20,1298271
autoland,3869862,13,ffaba559b8f75178eed537731f258b1129b7fe97,linux1804-64-shippable-qr,True,False,,|c|o|l|d| |f|i|s|s|i|o|n| |w|e|b|r|e|n|d|e|r|,102210fe594ee9b33d82058545b1ed14f4c8206e,LastVisualChange,cnn,True,cnn LastVisualChange opt cold fission webrender,,77,ms,firefox,,1753433984,2023-09-10T10:15:01,2035.5,2e1c2dd8ef65a6914ebc4e0bc0a0a274c31e29bc,1298293
autoland,3869862,13,ffaba559b8f75178eed537731f258b1129b7fe97,linux1804-64-shippable-qr,True,False,,|c|o|l|d| |f|i|s|s|i|o|n| |w|e|b|r|e|n|d|e|r|,102210fe594ee9b33d82058545b1ed14f4c8206e,LastVisualChange,cnn,True,cnn LastVisualChange opt cold fission webrender,,77,ms,firefox,,1753510346,2023-09-10T12:24:34,2069.7,640ad6a53cf88f878095f49f98b720a99c2762bd,1298303
autoland,3869862,13,ffaba559b8f75178eed537731f258b1129b7fe97,linux1804-64-shippable-qr,True,False,,|c|o|l|d| |f|i|s|s|i|o|n| |w|e|b|r|e|n|d|e|r|,102210fe594ee9b33d82058545b1ed14f4c8206e,LastVisualChange,cnn,True,cnn LastVisualChange opt cold fission webrender,,77,ms,firefox,,1753610848,2023-09-10T16:24:53,2092.9,e91d172728590586e38bc431f3dc779479e365d5,1298313
autoland,3869862,13,ffaba559b8f75178eed537731f258b1129b7fe97,linux1804-64-shippable-qr,True,False,,|c|o|l|d| |f|i|s|s|i|o|n| |w|e|b|r|e|n|d|e|r|,102210fe594ee9b33d82058545b1ed14f4c8206e,LastVisualChange,cnn,True,cnn LastVisualChange opt cold fission webrender,,77,ms,firefox,,1753732056,2023-09-10T22:24:39,2116.4,fff502a8f26bdfc51eada3cf32107848bff64a76,1298356
autoland,3869862,13,ffaba559b8f75178eed537731f258b1129b7fe97,linux1804-64-shippable-qr,True,False,,|c|o|l|d| |f|i|s|s|i|o|n| |w|e|b|r|e|n|d|e|r|,102210fe594ee9b33d82058545b1ed14f4c8206e,LastVisualChange,cnn,True,cnn LastVisualChange opt cold fission webrender,,77,ms,firefox,,1753843980,2023-09-11T04:00:08,2086.9,5f5a3f190fdfa0947a671467171ab2b3cee62c38,1298396
autoland,3869862,13,ffaba559b8f75178eed537731f258b1129b7fe97,linux1804-64-shippable-qr,True,False,,|c|o|l|d| |f|i|s|s|i|o|n| |w|e|b|r|e|n|d|e|r|,102210fe594ee9b33d82058545b1ed14f4c8206e,LastVisualChange,cnn,True,cnn LastVisualChange opt cold fission webrender,,77,ms,firefox,,1753896935,2023-09-11T08:01:16,2089.4,35ae39561912dad340dac47c7c1dc3af6ead952b,1298437
autoland,3869862,13,ffaba559b8f75178eed537731f258b1129b7fe97,linux1804-64-shippable-qr,True,False,,|c|o|l|d| |f|i|s|s|i|o|n| |w|e|b|r|e|n|d|e|r|,102210fe594ee9b33d82058545b1ed14f4c8206e,LastVisualChange,cnn,True,cnn LastVisualChange opt cold fission webrender,,77,ms,firefox,,1753972519,2023-09-11T10:09:23,2068.3,16a377bb7b5f9713ac6a5fae21ce043c7de7cd67,1298486
autoland,3869862,13,ffaba559b8f75178eed537731f258b1129b7fe97,linux1804-64-shippable-qr,True,False,,|c|o|l|d| |f|i|s|s|i|o|n| |w|e|b|r|e|n|d|e|r|,102210fe594ee9b33d82058545b1ed14f4c8206e,LastVisualChange,cnn,True,cnn LastVisualChange opt cold fission webrender,,77,ms,firefox,,1754088011,2023-09-11T13:54:23,2090.3,2ea4fd5d517a2b5edf081c9e2ccd8c014f6dc171,1298638
autoland,3869862,13,ffaba559b8f75178eed537731f258b1129b7fe97,linux1804-64-shippable-qr,True,False,,|c|o|l|d| |f|i|s|s|i|o|n| |w|e|b|r|e|n|d|e|r|,102210fe594ee9b33d82058545b1ed14f4c8206e,LastVisualChange,cnn,True,cnn LastVisualChange opt cold fission webrender,,77,ms,firefox,,1754262245,2023-09-11T17:41:44,2137.9,f28ec98bf27ffbc0952af3f4ff0ffec4218a6554,1298761
autoland,3869862,13,ffaba559b8f75178eed537731f258b1129b7fe97,linux1804-64-shippable-qr,True,False,,|c|o|l|d| |f|i|s|s|i|o|n| |w|e|b|r|e|n|d|e|r|,102210fe594ee9b33d82058545b1ed14f4c8206e,LastVisualChange,cnn,True,cnn LastVisualChange opt cold fission webrender,,77,ms,firefox,,1754376329,2023-09-11T21:44:17,2048.9,4a10a12f6006582e936c81baefda439d8f078729,1298874
autoland,3869862,13,ffaba559b8f75178eed537731f258b1129b7fe97,linux1804-64-shippable-qr,True,False,,|c|o|l|d| |f|i|s|s|i|o|n| |w|e|b|r|e|n|d|e|r|,102210fe594ee9b33d82058545b1ed14f4c8206e,LastVisualChange,cnn,True,cnn LastVisualChange opt cold fission webrender,,77,ms,firefox,,1754394412,2023-09-11T22:07:56,2072.4,12882fe96164b756c60fff4549300977b85af06f,1298881
autoland,3869862,13,ffaba559b8f75178eed537731f258b1129b7fe97,linux1804-64-shippable-qr,True,False,,|c|o|l|d| |f|i|s|s|i|o|n| |w|e|b|r|e|n|d|e|r|,102210fe594ee9b33d82058545b1ed14f4c8206e,LastVisualChange,cnn,True,cnn LastVisualChange opt cold fission webrender,,77,ms,firefox,,1754538384,2023-09-12T02:35:45,2059.3,cdcc536589320caec69ec36416058cd46b8d4178,1298976
autoland,3869862,13,ffaba559b8f75178eed537731f258b1129b7fe97,linux1804-64-shippable-qr,True,False,,|c|o|l|d| |f|i|s|s|i|o|n| |w|e|b|r|e|n|d|e|r|,102210fe594ee9b33d82058545b1ed14f4c8206e,LastVisualChange,cnn,True,cnn LastVisualChange opt cold fission webrender,,77,ms,firefox,,1754650072,2023-09-12T07:31:58,2073.6,2e2360c55e7b421532f4d12b7a36a0e0f943a1e9,1299027
autoland,3869862,13,ffaba559b8f75178eed537731f258b1129b7fe97,linux1804-64-shippable-qr,True,False,,|c|o|l|d| |f|i|s|s|i|o|n| |w|e|b|r|e|n|d|e|r|,102210fe594ee9b33d82058545b1ed14f4c8206e,LastVisualChange,cnn,True,cnn LastVisualChange opt cold fission webrender,,77,ms,firefox,,1754783804,2023-09-12T11:48:24,2060.5,4cca882e069d67c3a9a9064ac603b0dca23a5b39,1299122
autoland,3869862,13,ffaba559b8f75178eed537731f258b1129b7fe97,linux1804-64-shippable-qr,True,False,,|c|o|l|d| |f|i|s|s|i|o|n| |w|e|b|r|e|n|d|e|r|,102210fe594ee9b33d82058545b1ed14f4c8206e,LastVisualChange,cnn,True,cnn LastVisualChange opt cold fission webrender,,77,ms,firefox,,1755250653,2023-09-12T11:51:18,2021.8,291b2b068eff119f82ed59b6c11d63f427f457fa,1299123
autoland,3869862,13,ffaba559b8f75178eed537731f258b1129b7fe97,linux1804-64-shippable-qr,True,False,,|c|o|l|d| |f|i|s|s|i|o|n| |w|e|b|r|e|n|d|e|r|,102210fe594ee9b33d82058545b1ed14f4c8206e,LastVisualChange,cnn,True,cnn LastVisualChange opt cold fission webrender,,77,ms,firefox,,1754816366,2023-09-12T12:34:27,2069.9,f302f4a5371614cb2d42fbbe4ddfdd068aae146d,1299141
autoland,3869862,13,ffaba559b8f75178eed537731f258b1129b7fe97,linux1804-64-shippable-qr,True,False,,|c|o|l|d| |f|i|s|s|i|o|n| |w|e|b|r|e|n|d|e|r|,102210fe594ee9b33d82058545b1ed14f4c8206e,LastVisualChange,cnn,True,cnn LastVisualChange opt cold fission webrender,,77,ms,firefox,,1754955975,2023-09-12T16:35:29,2040.9,1b3be6b61583c53c2cb899ffc91c921c022e8162,1299257
autoland,3869862,13,ffaba559b8f75178eed537731f258b1129b7fe97,linux1804-64-shippable-qr,True,False,,|c|o|l|d| |f|i|s|s|i|o|n| |w|e|b|r|e|n|d|e|r|,102210fe594ee9b33d82058545b1ed14f4c8206e,LastVisualChange,cnn,True,cnn LastVisualChange opt cold fission webrender,,77,ms,firefox,,1754979553,2023-09-12T17:51:01,2053.4,c77f534dc9b99192eca371e3917ffc5b504bd055,1299297
autoland,3869862,13,ffaba559b8f75178eed537731f258b1129b7fe97,linux1804-64-shippable-qr,True,False,,|c|o|l|d| |f|i|s|s|i|o|n| |w|e|b|r|e|n|d|e|r|,102210fe594ee9b33d82058545b1ed14f4c8206e,LastVisualChange,cnn,True,cnn LastVisualChange opt cold fission webrender,,77,ms,firefox,,1755152303,2023-09-12T22:44:58,2044.8,0339e9d43c22845d7589528bc8a08eee6b2d5c7a,1299446
autoland,3869862,13,ffaba559b8f75178eed537731f258b1129b7fe97,linux1804-64-shippable-qr,True,False,,|c|o|l|d| |f|i|s|s|i|o|n| |w|e|b|r|e|n|d|e|r|,102210fe594ee9b33d82058545b1ed14f4c8206e,LastVisualChange,cnn,True,cnn LastVisualChange opt cold fission webrender,,77,ms,firefox,,1755165572,2023-09-12T23:09:22,2044.8,d238756ba039d0430074dea8fa1db0c2b75b8184,1299456
autoland,3869862,13,ffaba559b8f75178eed537731f258b1129b7fe97,linux1804-64-shippable-qr,True,False,,|c|o|l|d| |f|i|s|s|i|o|n| |w|e|b|r|e|n|d|e|r|,102210fe594ee9b33d82058545b1ed14f4c8206e,LastVisualChange,cnn,True,cnn LastVisualChange opt cold fission webrender,,77,ms,firefox,,1755234791,2023-09-13T03:21:32,2068.9,daceab96e9588ecb729cc3648c7980f1d9928ef1,1299496
autoland,3869862,13,ffaba559b8f75178eed537731f258b1129b7fe97,linux1804-64-shippable-qr,True,False,,|c|o|l|d| |f|i|s|s|i|o|n| |w|e|b|r|e|n|d|e|r|,102210fe594ee9b33d82058545b1ed14f4c8206e,LastVisualChange,cnn,True,cnn LastVisualChange opt cold fission webrender,,77,ms,firefox,,1755303641,2023-09-13T08:07:28,2068.3,00a66a4ea7d34e12302bd63f68a950cbff5a9ffa,1299529
autoland,3869862,13,ffaba559b8f75178eed537731f258b1129b7fe97,linux1804-64-shippable-qr,True,False,,|c|o|l|d| |f|i|s|s|i|o|n| |w|e|b|r|e|n|d|e|r|,102210fe594ee9b33d82058545b1ed14f4c8206e,LastVisualChange,cnn,True,cnn LastVisualChange opt cold fission webrender,,77,ms,firefox,,1756065541,2023-09-13T08:35:12,2064.7,d495f0f008a3f8e3744708840003854f68717a05,1299543
autoland,3869862,13,ffaba559b8f75178eed537731f258b1129b7fe97,linux1804-64-shippable-qr,True,False,,|c|o|l|d| |f|i|s|s|i|o|n| |w|e|b|r|e|n|d|e|r|,102210fe594ee9b33d82058545b1ed14f4c8206e,LastVisualChange,cnn,True,cnn LastVisualChange opt cold fission webrender,,77,ms,firefox,,1756115432,2023-09-13T09:27:08,2061.8,553a9965853cc36518deed2d2f9e4141c0e52ead,1299568
autoland,3869862,13,ffaba559b8f75178eed537731f258b1129b7fe97,linux1804-64-shippable-qr,True,False,,|c|o|l|d| |f|i|s|s|i|o|n| |w|e|b|r|e|n|d|e|r|,102210fe594ee9b33d82058545b1ed14f4c8206e,LastVisualChange,cnn,True,cnn LastVisualChange opt cold fission webrender,,77,ms,firefox,,1755455348,2023-09-13T11:26:03,2087.6,1a4b8c41b3c3efb7f5870fb99730fc6b08a44cc1,1299625
autoland,3869862,13,ffaba559b8f75178eed537731f258b1129b7fe97,linux1804-64-shippable-qr,True,False,,|c|o|l|d| |f|i|s|s|i|o|n| |w|e|b|r|e|n|d|e|r|,102210fe594ee9b33d82058545b1ed14f4c8206e,LastVisualChange,cnn,True,cnn LastVisualChange opt cold fission webrender,,77,ms,firefox,,1756172299,2023-09-13T14:30:16,2062.6,dc8f31b9bc187dab586c4f70cd2bfc3b0d5d6ae4,1299754
autoland,3869862,13,ffaba559b8f75178eed537731f258b1129b7fe97,linux1804-64-shippable-qr,True,False,,|c|o|l|d| |f|i|s|s|i|o|n| |w|e|b|r|e|n|d|e|r|,102210fe594ee9b33d82058545b1ed14f4c8206e,LastVisualChange,cnn,True,cnn LastVisualChange opt cold fission webrender,,77,ms,firefox,,1756146249,2023-09-13T14:34:20,2078.0,7ac06c7aba78c22b33f18766dcab08b889a7864c,1299757
autoland,3869862,13,ffaba559b8f75178eed537731f258b1129b7fe97,linux1804-64-shippable-qr,True,False,,|c|o|l|d| |f|i|s|s|i|o|n| |w|e|b|r|e|n|d|e|r|,102210fe594ee9b33d82058545b1ed14f4c8206e,LastVisualChange,cnn,True,cnn LastVisualChange opt cold fission webrender,,77,ms,firefox,,1755613239,2023-09-13T15:38:40,2036.2,49a7e292daad5c6727d745e6910b8bde5c3f59a6,1299802
autoland,3869862,13,ffaba559b8f75178eed537731f258b1129b7fe97,linux1804-64-shippable-qr,True,False,,|c|o|l|d| |f|i|s|s|i|o|n| |w|e|b|r|e|n|d|e|r|,102210fe594ee9b33d82058545b1ed14f4c8206e,LastVisualChange,cnn,True,cnn LastVisualChange opt cold fission webrender,,77,ms,firefox,,1755650151,2023-09-13T16:07:42,2077.2,ce9c917d3e22a86f9e2a6fb5d5b68cd6d56fb687,1299823
autoland,3869862,13,ffaba559b8f75178eed537731f258b1129b7fe97,linux1804-64-shippable-qr,True,False,,|c|o|l|d| |f|i|s|s|i|o|n| |w|e|b|r|e|n|d|e|r|,102210fe594ee9b33d82058545b1ed14f4c8206e,LastVisualChange,cnn,True,cnn LastVisualChange opt cold fission webrender,,77,ms,firefox,,1755861070,2023-09-13T20:42:18,2069.9,ab101a976da356370e4d513e38e73a1fa55b1597,1300022
autoland,3869862,13,ffaba559b8f75178eed537731f258b1129b7fe97,linux1804-64-shippable-qr,True,False,,|c|o|l|d| |f|i|s|s|i|o|n| |w|e|b|r|e|n|d|e|r|,102210fe594ee9b33d82058545b1ed14f4c8206e,LastVisualChange,cnn,True,cnn LastVisualChange opt cold fission webrender,,77,ms,firefox,,1756179712,2023-09-13T22:03:21,1717.6,fc58fac540690555892621f6baed2284f400b915,1300077
autoland,3869862,13,ffaba559b8f75178eed537731f258b1129b7fe97,linux1804-64-shippable-qr,True,False,,|c|o|l|d| |f|i|s|s|i|o|n| |w|e|b|r|e|n|d|e|r|,102210fe594ee9b33d82058545b1ed14f4c8206e,LastVisualChange,cnn,True,cnn LastVisualChange opt cold fission webrender,,77,ms,firefox,,1756164342,2023-09-13T22:40:28,2060.6,17e683a390bfaef02374d3553fd9e056c9c15927,1300094
autoland,3869862,13,ffaba559b8f75178eed537731f258b1129b7fe97,linux1804-64-shippable-qr,True,False,,|c|o|l|d| |f|i|s|s|i|o|n| |w|e|b|r|e|n|d|e|r|,102210fe594ee9b33d82058545b1ed14f4c8206e,LastVisualChange,cnn,True,cnn LastVisualChange opt cold fission webrender,,77,ms,firefox,,1755935278,2023-09-13T23:14:42,2049.5,8f5a11c1eb0b7598d1415f6efa9c360191a423f8,1300119
autoland,3869862,13,ffaba559b8f75178eed537731f258b1129b7fe97,linux1804-64-shippable-qr,True,False,,|c|o|l|d| |f|i|s|s|i|o|n| |w|e|b|r|e|n|d|e|r|,102210fe594ee9b33d82058545b1ed14f4c8206e,LastVisualChange,cnn,True,cnn LastVisualChange opt cold fission webrender,,77,ms,firefox,,1756090689,2023-09-14T04:10:41,2056.1,c57de172952ed6dfa84943bd2175574e4c87e92b,1300187
autoland,3869862,13,ffaba559b8f75178eed537731f258b1129b7fe97,linux1804-64-shippable-qr,True,False,,|c|o|l|d| |f|i|s|s|i|o|n| |w|e|b|r|e|n|d|e|r|,102210fe594ee9b33d82058545b1ed14f4c8206e,LastVisualChange,cnn,True,cnn LastVisualChange opt cold fission webrender,,77,ms,firefox,,1756325314,2023-09-14T09:30:23,2297.8,69c7e9b937f817f1bee50511a690a35aa3b49793,1300302
autoland,3869862,13,ffaba559b8f75178eed537731f258b1129b7fe97,linux1804-64-shippable-qr,True,False,,|c|o|l|d| |f|i|s|s|i|o|n| |w|e|b|r|e|n|d|e|r|,102210fe594ee9b33d82058545b1ed14f4c8206e,LastVisualChange,cnn,True,cnn LastVisualChange opt cold fission webrender,,77,ms,firefox,,1756376224,2023-09-14T11:38:04,2072.2,76116e6c2476f694d9cd5db9c69d9065e3b2cbbd,1300382
autoland,3869862,13,ffaba559b8f75178eed537731f258b1129b7fe97,linux1804-64-shippable-qr,True,False,,|c|o|l|d| |f|i|s|s|i|o|n| |w|e|b|r|e|n|d|e|r|,102210fe594ee9b33d82058545b1ed14f4c8206e,LastVisualChange,cnn,True,cnn LastVisualChange opt cold fission webrender,,77,ms,firefox,,1756484409,2023-09-14T15:44:34,2086.0,3b93c8502571e31ff0926a4911fae422c3c2118c,1300523
autoland,3869862,13,ffaba559b8f75178eed537731f258b1129b7fe97,linux1804-64-shippable-qr,True,False,,|c|o|l|d| |f|i|s|s|i|o|n| |w|e|b|r|e|n|d|e|r|,102210fe594ee9b33d82058545b1ed14f4c8206e,LastVisualChange,cnn,True,cnn LastVisualChange opt cold fission webrender,,77,ms,firefox,,1756584217,2023-09-14T16:38:11,2064.4,98de7bc404c3786a5459a205dea174bdf39d3dbf,1300546
autoland,3869862,13,ffaba559b8f75178eed537731f258b1129b7fe97,linux1804-64-shippable-qr,True,False,,|c|o|l|d| |f|i|s|s|i|o|n| |w|e|b|r|e|n|d|e|r|,102210fe594ee9b33d82058545b1ed14f4c8206e,LastVisualChange,cnn,True,cnn LastVisualChange opt cold fission webrender,,77,ms,firefox,,1756659004,2023-09-14T20:51:49,2066.9,ecc245e6c1644825a53e0e4085347043a793a40f,1300732
autoland,3869862,13,ffaba559b8f75178eed537731f258b1129b7fe97,linux1804-64-shippable-qr,True,False,,|c|o|l|d| |f|i|s|s|i|o|n| |w|e|b|r|e|n|d|e|r|,102210fe594ee9b33d82058545b1ed14f4c8206e,LastVisualChange,cnn,True,cnn LastVisualChange opt cold fission webrender,,77,ms,firefox,,1757531551,2023-09-15T00:25:19,2082.7,7bf127e6049ad217b3567e11ce2c53369aa3e9fb,1300840
autoland,3869862,13,ffaba559b8f75178eed537731f258b1129b7fe97,linux1804-64-shippable-qr,True,False,,|c|o|l|d| |f|i|s|s|i|o|n| |w|e|b|r|e|n|d|e|r|,102210fe594ee9b33d82058545b1ed14f4c8206e,LastVisualChange,cnn,True,cnn LastVisualChange opt cold fission webrender,,77,ms,firefox,,1756804667,2023-09-15T00:53:43,2312.6,cfbd0bd9bc623276a862481e44bd71e1d57e2eac,1300850
autoland,3869862,13,ffaba559b8f75178eed537731f258b1129b7fe97,linux1804-64-shippable-qr,True,False,,|c|o|l|d| |f|i|s|s|i|o|n| |w|e|b|r|e|n|d|e|r|,102210fe594ee9b33d82058545b1ed14f4c8206e,LastVisualChange,cnn,True,cnn LastVisualChange opt cold fission webrender,,77,ms,firefox,,1756936103,2023-09-15T06:04:49,2074.1,8f99acff4cbc8f25f158dc6ff079042f02768f05,1300927
autoland,3869862,13,ffaba559b8f75178eed537731f258b1129b7fe97,linux1804-64-shippable-qr,True,False,,|c|o|l|d| |f|i|s|s|i|o|n| |w|e|b|r|e|n|d|e|r|,102210fe594ee9b33d82058545b1ed14f4c8206e,LastVisualChange,cnn,True,cnn LastVisualChange opt cold fission webrender,,77,ms,firefox,,1756946558,2023-09-15T06:59:31,2053.8,0a032c6f1d5da0740059f67c499e0e9f7ab88650,1300939
autoland,3869862,13,ffaba559b8f75178eed537731f258b1129b7fe97,linux1804-64-shippable-qr,True,False,,|c|o|l|d| |f|i|s|s|i|o|n| |w|e|b|r|e|n|d|e|r|,102210fe594ee9b33d82058545b1ed14f4c8206e,LastVisualChange,cnn,True,cnn LastVisualChange opt cold fission webrender,,77,ms,firefox,,1757103144,2023-09-15T11:50:44,2067.7,29c4aff31f1dc95ad970b23a77b763265f1632c0,1301039
autoland,3869862,13,ffaba559b8f75178eed537731f258b1129b7fe97,linux1804-64-shippable-qr,True,False,,|c|o|l|d| |f|i|s|s|i|o|n| |w|e|b|r|e|n|d|e|r|,102210fe594ee9b33d82058545b1ed14f4c8206e,LastVisualChange,cnn,True,cnn LastVisualChange opt cold fission webrender,,77,ms,firefox,,1757127564,2023-09-15T12:28:36,2060.7,953f367a5ef64eeb7654e6c62f3ac7fb2b4424a3,1301070
autoland,3869862,13,ffaba559b8f75178eed537731f258b1129b7fe97,linux1804-64-shippable-qr,True,False,,|c|o|l|d| |f|i|s|s|i|o|n| |w|e|b|r|e|n|d|e|r|,102210fe594ee9b33d82058545b1ed14f4c8206e,LastVisualChange,cnn,True,cnn LastVisualChange opt cold fission webrender,,77,ms,firefox,,1757200923,2023-09-15T14:51:55,2059.3,079079610ac2a41dba72a91cbe2867519e2bc5bd,1301175
autoland,3869862,13,ffaba559b8f75178eed537731f258b1129b7fe97,linux1804-64-shippable-qr,True,False,,|c|o|l|d| |f|i|s|s|i|o|n| |w|e|b|r|e|n|d|e|r|,102210fe594ee9b33d82058545b1ed14f4c8206e,LastVisualChange,cnn,True,cnn LastVisualChange opt cold fission webrender,,77,ms,firefox,,1757297512,2023-09-15T17:51:06,2081.6,fec6b3b46bc6439ac98e03aa73938deaf6323f5c,1301318
autoland,3869862,13,ffaba559b8f75178eed537731f258b1129b7fe97,linux1804-64-shippable-qr,True,False,,|c|o|l|d| |f|i|s|s|i|o|n| |w|e|b|r|e|n|d|e|r|,102210fe594ee9b33d82058545b1ed14f4c8206e,LastVisualChange,cnn,True,cnn LastVisualChange opt cold fission webrender,,77,ms,firefox,,1757351693,2023-09-15T20:04:54,2070.5,99357ab2bb639918d2ea0e8f391494df18c24cb9,1301421
autoland,3869862,13,ffaba559b8f75178eed537731f258b1129b7fe97,linux1804-64-shippable-qr,True,False,,|c|o|l|d| |f|i|s|s|i|o|n| |w|e|b|r|e|n|d|e|r|,102210fe594ee9b33d82058545b1ed14f4c8206e,LastVisualChange,cnn,True,cnn LastVisualChange opt cold fission webrender,,77,ms,firefox,,1757475642,2023-09-16T00:25:52,2083.5,aa4e3903740dfa0ed175c6ff18e57b8fbe82afd7,1301531
autoland,3869862,13,ffaba559b8f75178eed537731f258b1129b7fe97,linux1804-64-shippable-qr,True,False,,|c|o|l|d| |f|i|s|s|i|o|n| |w|e|b|r|e|n|d|e|r|,102210fe594ee9b33d82058545b1ed14f4c8206e,LastVisualChange,cnn,True,cnn LastVisualChange opt cold fission webrender,,77,ms,firefox,,1757463352,2023-09-16T00:35:43,2057.6,69d0f600b52641dd114b02da128a162f86f09395,1301538
autoland,3869862,13,ffaba559b8f75178eed537731f258b1129b7fe97,linux1804-64-shippable-qr,True,False,,|c|o|l|d| |f|i|s|s|i|o|n| |w|e|b|r|e|n|d|e|r|,102210fe594ee9b33d82058545b1ed14f4c8206e,LastVisualChange,cnn,True,cnn LastVisualChange opt cold fission webrender,,77,ms,firefox,,1757563974,2023-09-16T05:54:34,2090.5,7fcd45f7f407a0c756c8b8292b1df8d8162cdce6,1301559
autoland,3869862,13,ffaba559b8f75178eed537731f258b1129b7fe97,linux1804-64-shippable-qr,True,False,,|c|o|l|d| |f|i|s|s|i|o|n| |w|e|b|r|e|n|d|e|r|,102210fe594ee9b33d82058545b1ed14f4c8206e,LastVisualChange,cnn,True,cnn LastVisualChange opt cold fission webrender,,77,ms,firefox,,1757646961,2023-09-16T12:53:39,2069.3,745d8130d1ac2d3e0ae51f2f22896853f0d34479,1301583
autoland,3869862,13,ffaba559b8f75178eed537731f258b1129b7fe97,linux1804-64-shippable-qr,True,False,,|c|o|l|d| |f|i|s|s|i|o|n| |w|e|b|r|e|n|d|e|r|,102210fe594ee9b33d82058545b1ed14f4c8206e,LastVisualChange,cnn,True,cnn LastVisualChange opt cold fission webrender,,77,ms,firefox,,1757679796,2023-09-16T18:13:35,2057.5,a7bddb715bd51687e4f52876beeb747f6a19cb0d,1301606
autoland,3869862,13,ffaba559b8f75178eed537731f258b1129b7fe97,linux1804-64-shippable-qr,True,False,,|c|o|l|d| |f|i|s|s|i|o|n| |w|e|b|r|e|n|d|e|r|,102210fe594ee9b33d82058545b1ed14f4c8206e,LastVisualChange,cnn,True,cnn LastVisualChange opt cold fission webrender,,77,ms,firefox,,1757797947,2023-09-17T06:44:56,2065.3,d1558269e35b364c189cb76982dfc3fdd465224b,1301647
autoland,3869862,13,ffaba559b8f75178eed537731f258b1129b7fe97,linux1804-64-shippable-qr,True,False,,|c|o|l|d| |f|i|s|s|i|o|n| |w|e|b|r|e|n|d|e|r|,102210fe594ee9b33d82058545b1ed14f4c8206e,LastVisualChange,cnn,True,cnn LastVisualChange opt cold fission webrender,,77,ms,firefox,,1757866972,2023-09-17T09:36:28,2089.7,16afd66ac7be7ee4ffc61599d0241c28d47c74c7,1301654
autoland,3869862,13,ffaba559b8f75178eed537731f258b1129b7fe97,linux1804-64-shippable-qr,True,False,,|c|o|l|d| |f|i|s|s|i|o|n| |w|e|b|r|e|n|d|e|r|,102210fe594ee9b33d82058545b1ed14f4c8206e,LastVisualChange,cnn,True,cnn LastVisualChange opt cold fission webrender,,77,ms,firefox,,1757913338,2023-09-17T14:36:55,2098.9,17a576f280a8e27d78d7247f1f451ca46a64d0f4,1301663
autoland,3869862,13,ffaba559b8f75178eed537731f258b1129b7fe97,linux1804-64-shippable-qr,True,False,,|c|o|l|d| |f|i|s|s|i|o|n| |w|e|b|r|e|n|d|e|r|,102210fe594ee9b33d82058545b1ed14f4c8206e,LastVisualChange,cnn,True,cnn LastVisualChange opt cold fission webrender,,77,ms,firefox,,1757953121,2023-09-17T18:44:53,2078.8,76aa4dfe7e88c5e43988e15fd032c3b9678cfebd,1301677
autoland,3869862,13,ffaba559b8f75178eed537731f258b1129b7fe97,linux1804-64-shippable-qr,True,False,,|c|o|l|d| |f|i|s|s|i|o|n| |w|e|b|r|e|n|d|e|r|,102210fe594ee9b33d82058545b1ed14f4c8206e,LastVisualChange,cnn,True,cnn LastVisualChange opt cold fission webrender,,77,ms,firefox,,1758004036,2023-09-17T22:46:46,2081.3,4333e71e3754938bc5beee5baabbfd6657869bc6,1301700
autoland,3869862,13,ffaba559b8f75178eed537731f258b1129b7fe97,linux1804-64-shippable-qr,True,False,,|c|o|l|d| |f|i|s|s|i|o|n| |w|e|b|r|e|n|d|e|r|,102210fe594ee9b33d82058545b1ed14f4c8206e,LastVisualChange,cnn,True,cnn LastVisualChange opt cold fission webrender,,77,ms,firefox,,1758070176,2023-09-18T03:57:39,2051.5,d395f485b3a2b96c9d6f47f5167308b763c1891b,1301730
autoland,3869862,13,ffaba559b8f75178eed537731f258b1129b7fe97,linux1804-64-shippable-qr,True,False,,|c|o|l|d| |f|i|s|s|i|o|n| |w|e|b|r|e|n|d|e|r|,102210fe594ee9b33d82058545b1ed14f4c8206e,LastVisualChange,cnn,True,cnn LastVisualChange opt cold fission webrender,,77,ms,firefox,,1758176835,2023-09-18T09:50:33,2070.0,11fb2a6e434951fbef0791563a159cbbdd42f4c8,1301818
autoland,3869862,13,ffaba559b8f75178eed537731f258b1129b7fe97,linux1804-64-shippable-qr,True,False,,|c|o|l|d| |f|i|s|s|i|o|n| |w|e|b|r|e|n|d|e|r|,102210fe594ee9b33d82058545b1ed14f4c8206e,LastVisualChange,cnn,True,cnn LastVisualChange opt cold fission webrender,,77,ms,firefox,,1758351078,2023-09-18T14:45:06,2097.1,7a51e2aa7d09aac78f5c93c25c65e83cb1272b7d,1301994
autoland,3869862,13,ffaba559b8f75178eed537731f258b1129b7fe97,linux1804-64-shippable-qr,True,False,,|c|o|l|d| |f|i|s|s|i|o|n| |w|e|b|r|e|n|d|e|r|,102210fe594ee9b33d82058545b1ed14f4c8206e,LastVisualChange,cnn,True,cnn LastVisualChange opt cold fission webrender,,77,ms,firefox,,1758586798,2023-09-18T21:05:31,2088.2,44aa0c56427a5e659c7bec91e3b608472cb6f763,1302247
autoland,3869862,13,ffaba559b8f75178eed537731f258b1129b7fe97,linux1804-64-shippable-qr,True,False,,|c|o|l|d| |f|i|s|s|i|o|n| |w|e|b|r|e|n|d|e|r|,102210fe594ee9b33d82058545b1ed14f4c8206e,LastVisualChange,cnn,True,cnn LastVisualChange opt cold fission webrender,,77,ms,firefox,,1758806763,2023-09-18T21:07:39,2081.9,924c329a0e3413e329eeab1cab9a2d1b09dc4711,1302250
autoland,3869862,13,ffaba559b8f75178eed537731f258b1129b7fe97,linux1804-64-shippable-qr,True,False,,|c|o|l|d| |f|i|s|s|i|o|n| |w|e|b|r|e|n|d|e|r|,102210fe594ee9b33d82058545b1ed14f4c8206e,LastVisualChange,cnn,True,cnn LastVisualChange opt cold fission webrender,,77,ms,firefox,,1758617019,2023-09-18T22:22:31,2048.5,3a523925f8ff99d5984169d7fbae7e4d1fc1cd18,1302316
autoland,3869862,13,ffaba559b8f75178eed537731f258b1129b7fe97,linux1804-64-shippable-qr,True,False,,|c|o|l|d| |f|i|s|s|i|o|n| |w|e|b|r|e|n|d|e|r|,102210fe594ee9b33d82058545b1ed14f4c8206e,LastVisualChange,cnn,True,cnn LastVisualChange opt cold fission webrender,,77,ms,firefox,,1758659665,2023-09-19T00:36:20,2106.0,b0769fdf63e5e9d7ac3ef647f895b15971a8dc99,1302387
autoland,3869862,13,ffaba559b8f75178eed537731f258b1129b7fe97,linux1804-64-shippable-qr,True,False,,|c|o|l|d| |f|i|s|s|i|o|n| |w|e|b|r|e|n|d|e|r|,102210fe594ee9b33d82058545b1ed14f4c8206e,LastVisualChange,cnn,True,cnn LastVisualChange opt cold fission webrender,,77,ms,firefox,,1758745606,2023-09-19T04:53:23,2069.6,6589c0d4d3d3aaed578f6d60cc1831f6cdf79b7c,1302461
autoland,3869862,13,ffaba559b8f75178eed537731f258b1129b7fe97,linux1804-64-shippable-qr,True,False,,|c|o|l|d| |f|i|s|s|i|o|n| |w|e|b|r|e|n|d|e|r|,102210fe594ee9b33d82058545b1ed14f4c8206e,LastVisualChange,cnn,True,cnn LastVisualChange opt cold fission webrender,,77,ms,firefox,,1758858659,2023-09-19T06:42:05,2089.1,0a60f8be5517ddc928471d4a378b46228773fbc5,1302480
autoland,3869862,13,ffaba559b8f75178eed537731f258b1129b7fe97,linux1804-64-shippable-qr,True,False,,|c|o|l|d| |f|i|s|s|i|o|n| |w|e|b|r|e|n|d|e|r|,102210fe594ee9b33d82058545b1ed14f4c8206e,LastVisualChange,cnn,True,cnn LastVisualChange opt cold fission webrender,,77,ms,firefox,,1758925919,2023-09-19T10:00:51,2062.0,f257c2f8440fe82c3833f2d719a2bf3420df9120,1302573
autoland,3869862,13,ffaba559b8f75178eed537731f258b1129b7fe97,linux1804-64-shippable-qr,True,False,,|c|o|l|d| |f|i|s|s|i|o|n| |w|e|b|r|e|n|d|e|r|,102210fe594ee9b33d82058545b1ed14f4c8206e,LastVisualChange,cnn,True,cnn LastVisualChange opt cold fission webrender,,77,ms,firefox,,1759066517,2023-09-19T13:32:40,2086.7,dd890d993c3039c40d9a50218bd3284a9810cc85,1302692
autoland,3869862,13,ffaba559b8f75178eed537731f258b1129b7fe97,linux1804-64-shippable-qr,True,False,,|c|o|l|d| |f|i|s|s|i|o|n| |w|e|b|r|e|n|d|e|r|,102210fe594ee9b33d82058545b1ed14f4c8206e,LastVisualChange,cnn,True,cnn LastVisualChange opt cold fission webrender,,77,ms,firefox,,1759158247,2023-09-19T16:21:41,2137.1,e9e7852ce74f241f2a4f0ffac475410d0ea9a8a4,1302819
autoland,3869862,13,ffaba559b8f75178eed537731f258b1129b7fe97,linux1804-64-shippable-qr,True,False,,|c|o|l|d| |f|i|s|s|i|o|n| |w|e|b|r|e|n|d|e|r|,102210fe594ee9b33d82058545b1ed14f4c8206e,LastVisualChange,cnn,True,cnn LastVisualChange opt cold fission webrender,,77,ms,firefox,,1759316311,2023-09-19T20:31:47,2062.8,f97675e331c2e3f8e3a7649cb722085b3360163c,1303015
autoland,3869862,13,ffaba559b8f75178eed537731f258b1129b7fe97,linux1804-64-shippable-qr,True,False,,|c|o|l|d| |f|i|s|s|i|o|n| |w|e|b|r|e|n|d|e|r|,102210fe594ee9b33d82058545b1ed14f4c8206e,LastVisualChange,cnn,True,cnn LastVisualChange opt cold fission webrender,,77,ms,firefox,,1759330483,2023-09-19T20:45:08,2069.8,abf74735208c16d3b467c2acb344f3030fc5aacb,1303026
autoland,3869862,13,ffaba559b8f75178eed537731f258b1129b7fe97,linux1804-64-shippable-qr,True,False,,|c|o|l|d| |f|i|s|s|i|o|n| |w|e|b|r|e|n|d|e|r|,102210fe594ee9b33d82058545b1ed14f4c8206e,LastVisualChange,cnn,True,cnn LastVisualChange opt cold fission webrender,,77,ms,firefox,,1759442746,2023-09-20T00:59:14,2058.2,71a9b5a8ec8503f993e8d7e8f1b2b98ff57ed283,1303207
autoland,3869862,13,ffaba559b8f75178eed537731f258b1129b7fe97,linux1804-64-shippable-qr,True,False,,|c|o|l|d| |f|i|s|s|i|o|n| |w|e|b|r|e|n|d|e|r|,102210fe594ee9b33d82058545b1ed14f4c8206e,LastVisualChange,cnn,True,cnn LastVisualChange opt cold fission webrender,,77,ms,firefox,,1759527939,2023-09-20T05:02:26,2084.9,71c800e8074fa9f5e246acbf09097a0f15d4eb09,1303254
autoland,3869862,13,ffaba559b8f75178eed537731f258b1129b7fe97,linux1804-64-shippable-qr,True,False,,|c|o|l|d| |f|i|s|s|i|o|n| |w|e|b|r|e|n|d|e|r|,102210fe594ee9b33d82058545b1ed14f4c8206e,LastVisualChange,cnn,True,cnn LastVisualChange opt cold fission webrender,,77,ms,firefox,,1759632863,2023-09-20T09:03:21,2052.6,2664490a1b4aeb2b2bd98c81ac43b68b1a24ea2f,1303343
autoland,3869862,13,ffaba559b8f75178eed537731f258b1129b7fe97,linux1804-64-shippable-qr,True,False,,|c|o|l|d| |f|i|s|s|i|o|n| |w|e|b|r|e|n|d|e|r|,102210fe594ee9b33d82058545b1ed14f4c8206e,LastVisualChange,cnn,True,cnn LastVisualChange opt cold fission webrender,,77,ms,firefox,,1759696865,2023-09-20T10:40:44,2057.3,e11a98968ec15b84dc772d997bc0789a0a078549,1303401
autoland,3869862,13,ffaba559b8f75178eed537731f258b1129b7fe97,linux1804-64-shippable-qr,True,False,,|c|o|l|d| |f|i|s|s|i|o|n| |w|e|b|r|e|n|d|e|r|,102210fe594ee9b33d82058545b1ed14f4c8206e,LastVisualChange,cnn,True,cnn LastVisualChange opt cold fission webrender,,77,ms,firefox,,1759830072,2023-09-20T14:03:46,2041.8,5baf76c5d8f19d35c8e7710816a726d92cfff8bb,1303541
autoland,3869862,13,ffaba559b8f75178eed537731f258b1129b7fe97,linux1804-64-shippable-qr,True,False,,|c|o|l|d| |f|i|s|s|i|o|n| |w|e|b|r|e|n|d|e|r|,102210fe594ee9b33d82058545b1ed14f4c8206e,LastVisualChange,cnn,True,cnn LastVisualChange opt cold fission webrender,,77,ms,firefox,,1759977352,2023-09-20T17:47:40,2097.8,07c4a658632d6c11d371f974b56a6365212bef62,1303718
autoland,3869862,13,ffaba559b8f75178eed537731f258b1129b7fe97,linux1804-64-shippable-qr,True,False,,|c|o|l|d| |f|i|s|s|i|o|n| |w|e|b|r|e|n|d|e|r|,102210fe594ee9b33d82058545b1ed14f4c8206e,LastVisualChange,cnn,True,cnn LastVisualChange opt cold fission webrender,,77,ms,firefox,,1760093207,2023-09-20T21:06:43,2089.6,137b5966e6ec0a63006a36cac0a3f1c4e3f5cefe,1303845
autoland,3869862,13,ffaba559b8f75178eed537731f258b1129b7fe97,linux1804-64-shippable-qr,True,False,,|c|o|l|d| |f|i|s|s|i|o|n| |w|e|b|r|e|n|d|e|r|,102210fe594ee9b33d82058545b1ed14f4c8206e,LastVisualChange,cnn,True,cnn LastVisualChange opt cold fission webrender,,77,ms,firefox,,1760137525,2023-09-20T23:02:53,2096.5,a94c799a5be0d573f8c654b43966b4b772ded228,1303924
autoland,3869862,13,ffaba559b8f75178eed537731f258b1129b7fe97,linux1804-64-shippable-qr,True,False,,|c|o|l|d| |f|i|s|s|i|o|n| |w|e|b|r|e|n|d|e|r|,102210fe594ee9b33d82058545b1ed14f4c8206e,LastVisualChange,cnn,True,cnn LastVisualChange opt cold fission webrender,,77,ms,firefox,,1760250605,2023-09-21T04:47:54,2133.2,7c6496f92bb0572d56513d645f3d6201f77a5653,1304025
autoland,3869862,13,ffaba559b8f75178eed537731f258b1129b7fe97,linux1804-64-shippable-qr,True,False,,|c|o|l|d| |f|i|s|s|i|o|n| |w|e|b|r|e|n|d|e|r|,102210fe594ee9b33d82058545b1ed14f4c8206e,LastVisualChange,cnn,True,cnn LastVisualChange opt cold fission webrender,,77,ms,firefox,,1760372587,2023-09-21T08:45:10,2064.0,e98350675c5a294fe5c7a4138a5b16c4f6992907,1304121
autoland,3869862,13,ffaba559b8f75178eed537731f258b1129b7fe97,linux1804-64-shippable-qr,True,False,,|c|o|l|d| |f|i|s|s|i|o|n| |w|e|b|r|e|n|d|e|r|,102210fe594ee9b33d82058545b1ed14f4c8206e,LastVisualChange,cnn,True,cnn LastVisualChange opt cold fission webrender,,77,ms,firefox,,1760496891,2023-09-21T12:54:54,2081.6,bd8d8c1ecad7cda50d42ce2dfde7fabc50a48948,1304268
autoland,3869862,13,ffaba559b8f75178eed537731f258b1129b7fe97,linux1804-64-shippable-qr,True,False,,|c|o|l|d| |f|i|s|s|i|o|n| |w|e|b|r|e|n|d|e|r|,102210fe594ee9b33d82058545b1ed14f4c8206e,LastVisualChange,cnn,True,cnn LastVisualChange opt cold fission webrender,,77,ms,firefox,,1760558767,2023-09-21T14:02:07,2042.4,6e82382700fc8345a06dc3efd346a25826fa1bf2,1304316
autoland,3869862,13,ffaba559b8f75178eed537731f258b1129b7fe97,linux1804-64-shippable-qr,True,False,,|c|o|l|d| |f|i|s|s|i|o|n| |w|e|b|r|e|n|d|e|r|,102210fe594ee9b33d82058545b1ed14f4c8206e,LastVisualChange,cnn,True,cnn LastVisualChange opt cold fission webrender,,77,ms,firefox,,1760900368,2023-09-21T15:38:38,2106.8,a2d7613e206fa711d809ee5dbffc2bf3ff8c75a4,1304385
autoland,3869862,13,ffaba559b8f75178eed537731f258b1129b7fe97,linux1804-64-shippable-qr,True,False,,|c|o|l|d| |f|i|s|s|i|o|n| |w|e|b|r|e|n|d|e|r|,102210fe594ee9b33d82058545b1ed14f4c8206e,LastVisualChange,cnn,True,cnn LastVisualChange opt cold fission webrender,,77,ms,firefox,,1760908013,2023-09-21T15:46:13,2088.2,984c001954dbafa02f989a9529a8b8477999ea83,1304391
autoland,3869862,13,ffaba559b8f75178eed537731f258b1129b7fe97,linux1804-64-shippable-qr,True,False,,|c|o|l|d| |f|i|s|s|i|o|n| |w|e|b|r|e|n|d|e|r|,102210fe594ee9b33d82058545b1ed14f4c8206e,LastVisualChange,cnn,True,cnn LastVisualChange opt cold fission webrender,,77,ms,firefox,,1760920955,2023-09-21T15:46:13,2078.6,984c001954dbafa02f989a9529a8b8477999ea83,1304391
autoland,3869862,13,ffaba559b8f75178eed537731f258b1129b7fe97,linux1804-64-shippable-qr,True,False,,|c|o|l|d| |f|i|s|s|i|o|n| |w|e|b|r|e|n|d|e|r|,102210fe594ee9b33d82058545b1ed14f4c8206e,LastVisualChange,cnn,True,cnn LastVisualChange opt cold fission webrender,,77,ms,firefox,,1760925322,2023-09-21T15:48:43,2074.6,3dbbf33d280bfd8c07b86b15238bbb6d1e1755db,1304392
autoland,3869862,13,ffaba559b8f75178eed537731f258b1129b7fe97,linux1804-64-shippable-qr,True,False,,|c|o|l|d| |f|i|s|s|i|o|n| |w|e|b|r|e|n|d|e|r|,102210fe594ee9b33d82058545b1ed14f4c8206e,LastVisualChange,cnn,True,cnn LastVisualChange opt cold fission webrender,,77,ms,firefox,,1760912040,2023-09-21T16:35:46,2064.9,028b2e51863828f9d6a1e00a8c085845e63f72e0,1304430
autoland,3869862,13,ffaba559b8f75178eed537731f258b1129b7fe97,linux1804-64-shippable-qr,True,False,,|c|o|l|d| |f|i|s|s|i|o|n| |w|e|b|r|e|n|d|e|r|,102210fe594ee9b33d82058545b1ed14f4c8206e,LastVisualChange,cnn,True,cnn LastVisualChange opt cold fission webrender,,77,ms,firefox,,1760892970,2023-09-21T17:31:33,2102.2,c3b23fbbe898130deb34c48569c8e7201ffabffb,1304471
autoland,3869862,13,ffaba559b8f75178eed537731f258b1129b7fe97,linux1804-64-shippable-qr,True,False,,|c|o|l|d| |f|i|s|s|i|o|n| |w|e|b|r|e|n|d|e|r|,102210fe594ee9b33d82058545b1ed14f4c8206e,LastVisualChange,cnn,True,cnn LastVisualChange opt cold fission webrender,,77,ms,firefox,,1760689113,2023-09-21T18:54:27,2065.2,114bde678f299872db02fe1116ecfd3a7ada9381,1304515
autoland,3869862,13,ffaba559b8f75178eed537731f258b1129b7fe97,linux1804-64-shippable-qr,True,False,,|c|o|l|d| |f|i|s|s|i|o|n| |w|e|b|r|e|n|d|e|r|,102210fe594ee9b33d82058545b1ed14f4c8206e,LastVisualChange,cnn,True,cnn LastVisualChange opt cold fission webrender,,77,ms,firefox,,1760709393,2023-09-21T19:19:33,2058.2,86fd71ad69b346f713966a8f18ec97a5b99a0aee,1304533
autoland,3869862,13,ffaba559b8f75178eed537731f258b1129b7fe97,linux1804-64-shippable-qr,True,False,,|c|o|l|d| |f|i|s|s|i|o|n| |w|e|b|r|e|n|d|e|r|,102210fe594ee9b33d82058545b1ed14f4c8206e,LastVisualChange,cnn,True,cnn LastVisualChange opt cold fission webrender,,77,ms,firefox,,1760786938,2023-09-21T23:47:59,2148.6,efa8aa7a4f5484f349595a2c97ba6a2c6f214c66,1304690
autoland,3869862,13,ffaba559b8f75178eed537731f258b1129b7fe97,linux1804-64-shippable-qr,True,False,,|c|o|l|d| |f|i|s|s|i|o|n| |w|e|b|r|e|n|d|e|r|,102210fe594ee9b33d82058545b1ed14f4c8206e,LastVisualChange,cnn,True,cnn LastVisualChange opt cold fission webrender,,77,ms,firefox,,1760871876,2023-09-22T04:42:00,2092.4,2de4a198348cc150a0c3ce328c42beade9646190,1304767
autoland,3869862,13,ffaba559b8f75178eed537731f258b1129b7fe97,linux1804-64-shippable-qr,True,False,,|c|o|l|d| |f|i|s|s|i|o|n| |w|e|b|r|e|n|d|e|r|,102210fe594ee9b33d82058545b1ed14f4c8206e,LastVisualChange,cnn,True,cnn LastVisualChange opt cold fission webrender,,77,ms,firefox,,1761044964,2023-09-22T11:33:15,2069.3,6da1ce80e10cc6744801930434a44df21da87140,1304916
autoland,3869862,13,ffaba559b8f75178eed537731f258b1129b7fe97,linux1804-64-shippable-qr,True,False,,|c|o|l|d| |f|i|s|s|i|o|n| |w|e|b|r|e|n|d|e|r|,102210fe594ee9b33d82058545b1ed14f4c8206e,LastVisualChange,cnn,True,cnn LastVisualChange opt cold fission webrender,,77,ms,firefox,,1761117689,2023-09-22T15:35:17,2076.1,d244d17a8e9ac94aa05c3bf0c2659104c7b15f76,1305037
autoland,3869862,13,ffaba559b8f75178eed537731f258b1129b7fe97,linux1804-64-shippable-qr,True,False,,|c|o|l|d| |f|i|s|s|i|o|n| |w|e|b|r|e|n|d|e|r|,102210fe594ee9b33d82058545b1ed14f4c8206e,LastVisualChange,cnn,True,cnn LastVisualChange opt cold fission webrender,,77,ms,firefox,,1761134118,2023-09-22T16:10:00,2094.8,aee77156969b7d1f696e8952bc590e1449a16f85,1305065
autoland,3869862,13,ffaba559b8f75178eed537731f258b1129b7fe97,linux1804-64-shippable-qr,True,False,,|c|o|l|d| |f|i|s|s|i|o|n| |w|e|b|r|e|n|d|e|r|,102210fe594ee9b33d82058545b1ed14f4c8206e,LastVisualChange,cnn,True,cnn LastVisualChange opt cold fission webrender,,77,ms,firefox,,1761218011,2023-09-22T20:28:01,2075.5,80cfc74bb77e6c4abfd0d70c51b274e4b036a05b,1305231
autoland,3869862,13,ffaba559b8f75178eed537731f258b1129b7fe97,linux1804-64-shippable-qr,True,False,,|c|o|l|d| |f|i|s|s|i|o|n| |w|e|b|r|e|n|d|e|r|,102210fe594ee9b33d82058545b1ed14f4c8206e,LastVisualChange,cnn,True,cnn LastVisualChange opt cold fission webrender,,77,ms,firefox,,1761307976,2023-09-23T00:28:09,2082.3,5ce53217bf3e4d42db88aab74741654bfc634cc8,1305322
autoland,3869862,13,ffaba559b8f75178eed537731f258b1129b7fe97,linux1804-64-shippable-qr,True,False,,|c|o|l|d| |f|i|s|s|i|o|n| |w|e|b|r|e|n|d|e|r|,102210fe594ee9b33d82058545b1ed14f4c8206e,LastVisualChange,cnn,True,cnn LastVisualChange opt cold fission webrender,,77,ms,firefox,,1761329798,2023-09-23T00:41:33,2087.0,1d9627a1274de78256ecdee1e8058e6b32392404,1305328
autoland,3869862,13,ffaba559b8f75178eed537731f258b1129b7fe97,linux1804-64-shippable-qr,True,False,,|c|o|l|d| |f|i|s|s|i|o|n| |w|e|b|r|e|n|d|e|r|,102210fe594ee9b33d82058545b1ed14f4c8206e,LastVisualChange,cnn,True,cnn LastVisualChange opt cold fission webrender,,77,ms,firefox,,1761432074,2023-09-23T16:39:34,2074.4,e85748b0b9880ee586b2c155a4d84c1cdf3f31b4,1305402
autoland,3869862,13,ffaba559b8f75178eed537731f258b1129b7fe97,linux1804-64-shippable-qr,True,False,,|c|o|l|d| |f|i|s|s|i|o|n| |w|e|b|r|e|n|d|e|r|,102210fe594ee9b33d82058545b1ed14f4c8206e,LastVisualChange,cnn,True,cnn LastVisualChange opt cold fission webrender,,77,ms,firefox,,1761485896,2023-09-23T21:16:13,2138.4,f4a2f296a2ea585882f2a2a627c036538eb875b0,1305420
autoland,3869862,13,ffaba559b8f75178eed537731f258b1129b7fe97,linux1804-64-shippable-qr,True,False,,|c|o|l|d| |f|i|s|s|i|o|n| |w|e|b|r|e|n|d|e|r|,102210fe594ee9b33d82058545b1ed14f4c8206e,LastVisualChange,cnn,True,cnn LastVisualChange opt cold fission webrender,,77,ms,firefox,,1761671574,2023-09-25T06:00:52,2040.5,68035862c82691cc5ad039c1067c1fd24d048350,1305598
autoland,3869862,13,ffaba559b8f75178eed537731f258b1129b7fe97,linux1804-64-shippable-qr,True,False,,|c|o|l|d| |f|i|s|s|i|o|n| |w|e|b|r|e|n|d|e|r|,102210fe594ee9b33d82058545b1ed14f4c8206e,LastVisualChange,cnn,True,cnn LastVisualChange opt cold fission webrender,,77,ms,firefox,,1761723252,2023-09-25T08:45:06,2102.6,27778dad58d148bf24097e327e55eb3b8631b902,1305656
autoland,3869862,13,ffaba559b8f75178eed537731f258b1129b7fe97,linux1804-64-shippable-qr,True,False,,|c|o|l|d| |f|i|s|s|i|o|n| |w|e|b|r|e|n|d|e|r|,102210fe594ee9b33d82058545b1ed14f4c8206e,LastVisualChange,cnn,True,cnn LastVisualChange opt cold fission webrender,,77,ms,firefox,,1762194305,2023-09-25T12:15:51,2100.9,a8305ea48b4ca432c6e10ea45d475586512c6037,1305772
autoland,3869862,13,ffaba559b8f75178eed537731f258b1129b7fe97,linux1804-64-shippable-qr,True,False,,|c|o|l|d| |f|i|s|s|i|o|n| |w|e|b|r|e|n|d|e|r|,102210fe594ee9b33d82058545b1ed14f4c8206e,LastVisualChange,cnn,True,cnn LastVisualChange opt cold fission webrender,,77,ms,firefox,,1762216321,2023-09-25T12:29:44,2083.4,a151165c8ba1e0a95cf626dc3f30b3fab32f12a5,1305784
autoland,3869862,13,ffaba559b8f75178eed537731f258b1129b7fe97,linux1804-64-shippable-qr,True,False,,|c|o|l|d| |f|i|s|s|i|o|n| |w|e|b|r|e|n|d|e|r|,102210fe594ee9b33d82058545b1ed14f4c8206e,LastVisualChange,cnn,True,cnn LastVisualChange opt cold fission webrender,,77,ms,firefox,,1762190751,2023-09-25T12:30:33,2071.3,7095adada0469a26b7fb47fc05017c5d8b95e1fb,1305789
autoland,3869862,13,ffaba559b8f75178eed537731f258b1129b7fe97,linux1804-64-shippable-qr,True,False,,|c|o|l|d| |f|i|s|s|i|o|n| |w|e|b|r|e|n|d|e|r|,102210fe594ee9b33d82058545b1ed14f4c8206e,LastVisualChange,cnn,True,cnn LastVisualChange opt cold fission webrender,,77,ms,firefox,,1762204853,2023-09-25T12:30:33,2065.4,7095adada0469a26b7fb47fc05017c5d8b95e1fb,1305789
autoland,3869862,13,ffaba559b8f75178eed537731f258b1129b7fe97,linux1804-64-shippable-qr,True,False,,|c|o|l|d| |f|i|s|s|i|o|n| |w|e|b|r|e|n|d|e|r|,102210fe594ee9b33d82058545b1ed14f4c8206e,LastVisualChange,cnn,True,cnn LastVisualChange opt cold fission webrender,,77,ms,firefox,,1761833468,2023-09-25T12:33:35,2074.6,9a8976307af6049000ae1a1623fd71bd62850a10,1305791
autoland,3869862,13,ffaba559b8f75178eed537731f258b1129b7fe97,linux1804-64-shippable-qr,True,False,,|c|o|l|d| |f|i|s|s|i|o|n| |w|e|b|r|e|n|d|e|r|,102210fe594ee9b33d82058545b1ed14f4c8206e,LastVisualChange,cnn,True,cnn LastVisualChange opt cold fission webrender,,77,ms,firefox,,1762071725,2023-09-25T20:45:54,2035.2,6a7f708c3d0458c9b30efa2bdfde6e7812554d1e,1306210
autoland,3869862,13,ffaba559b8f75178eed537731f258b1129b7fe97,linux1804-64-shippable-qr,True,False,,|c|o|l|d| |f|i|s|s|i|o|n| |w|e|b|r|e|n|d|e|r|,102210fe594ee9b33d82058545b1ed14f4c8206e,LastVisualChange,cnn,True,cnn LastVisualChange opt cold fission webrender,,77,ms,firefox,,1765901886,2023-09-25T23:49:30,1695.2,a7e93abb3aae8576da487ac0c9ae1286de30637c,1306333
autoland,3869862,13,ffaba559b8f75178eed537731f258b1129b7fe97,linux1804-64-shippable-qr,True,False,,|c|o|l|d| |f|i|s|s|i|o|n| |w|e|b|r|e|n|d|e|r|,102210fe594ee9b33d82058545b1ed14f4c8206e,LastVisualChange,cnn,True,cnn LastVisualChange opt cold fission webrender,,77,ms,firefox,,1765903123,2023-09-25T23:49:30,2008.2,a7e93abb3aae8576da487ac0c9ae1286de30637c,1306333
autoland,3869862,13,ffaba559b8f75178eed537731f258b1129b7fe97,linux1804-64-shippable-qr,True,False,,|c|o|l|d| |f|i|s|s|i|o|n| |w|e|b|r|e|n|d|e|r|,102210fe594ee9b33d82058545b1ed14f4c8206e,LastVisualChange,cnn,True,cnn LastVisualChange opt cold fission webrender,,77,ms,firefox,,1765903326,2023-09-25T23:49:30,2062.8,a7e93abb3aae8576da487ac0c9ae1286de30637c,1306333
autoland,3869862,13,ffaba559b8f75178eed537731f258b1129b7fe97,linux1804-64-shippable-qr,True,False,,|c|o|l|d| |f|i|s|s|i|o|n| |w|e|b|r|e|n|d|e|r|,102210fe594ee9b33d82058545b1ed14f4c8206e,LastVisualChange,cnn,True,cnn LastVisualChange opt cold fission webrender,,77,ms,firefox,,1765903358,2023-09-25T23:49:30,2065.2,a7e93abb3aae8576da487ac0c9ae1286de30637c,1306333
autoland,3869862,13,ffaba559b8f75178eed537731f258b1129b7fe97,linux1804-64-shippable-qr,True,False,,|c|o|l|d| |f|i|s|s|i|o|n| |w|e|b|r|e|n|d|e|r|,102210fe594ee9b33d82058545b1ed14f4c8206e,LastVisualChange,cnn,True,cnn LastVisualChange opt cold fission webrender,,77,ms,firefox,,1765903048,2023-09-25T23:49:30,2049.5,a7e93abb3aae8576da487ac0c9ae1286de30637c,1306333
autoland,3869862,13,ffaba559b8f75178eed537731f258b1129b7fe97,linux1804-64-shippable-qr,True,False,,|c|o|l|d| |f|i|s|s|i|o|n| |w|e|b|r|e|n|d|e|r|,102210fe594ee9b33d82058545b1ed14f4c8206e,LastVisualChange,cnn,True,cnn LastVisualChange opt cold fission webrender,,77,ms,firefox,,1765918213,2023-09-25T23:49:30,2052.1,a7e93abb3aae8576da487ac0c9ae1286de30637c,1306333
autoland,3869862,13,ffaba559b8f75178eed537731f258b1129b7fe97,linux1804-64-shippable-qr,True,False,,|c|o|l|d| |f|i|s|s|i|o|n| |w|e|b|r|e|n|d|e|r|,102210fe594ee9b33d82058545b1ed14f4c8206e,LastVisualChange,cnn,True,cnn LastVisualChange opt cold fission webrender,,77,ms,firefox,,1765918048,2023-09-25T23:49:30,2062.7,a7e93abb3aae8576da487ac0c9ae1286de30637c,1306333
autoland,3869862,13,ffaba559b8f75178eed537731f258b1129b7fe97,linux1804-64-shippable-qr,True,False,,|c|o|l|d| |f|i|s|s|i|o|n| |w|e|b|r|e|n|d|e|r|,102210fe594ee9b33d82058545b1ed14f4c8206e,LastVisualChange,cnn,True,cnn LastVisualChange opt cold fission webrender,,77,ms,firefox,,1765918149,2023-09-25T23:49:30,2066.5,a7e93abb3aae8576da487ac0c9ae1286de30637c,1306333
autoland,3869862,13,ffaba559b8f75178eed537731f258b1129b7fe97,linux1804-64-shippable-qr,True,False,,|c|o|l|d| |f|i|s|s|i|o|n| |w|e|b|r|e|n|d|e|r|,102210fe594ee9b33d82058545b1ed14f4c8206e,LastVisualChange,cnn,True,cnn LastVisualChange opt cold fission webrender,,77,ms,firefox,,1765918263,2023-09-25T23:49:30,2047.7,a7e93abb3aae8576da487ac0c9ae1286de30637c,1306333
autoland,3869862,13,ffaba559b8f75178eed537731f258b1129b7fe97,linux1804-64-shippable-qr,True,False,,|c|o|l|d| |f|i|s|s|i|o|n| |w|e|b|r|e|n|d|e|r|,102210fe594ee9b33d82058545b1ed14f4c8206e,LastVisualChange,cnn,True,cnn LastVisualChange opt cold fission webrender,,77,ms,firefox,,1765918897,2023-09-25T23:49:30,2088.7,a7e93abb3aae8576da487ac0c9ae1286de30637c,1306333
autoland,3869862,13,ffaba559b8f75178eed537731f258b1129b7fe97,linux1804-64-shippable-qr,True,False,,|c|o|l|d| |f|i|s|s|i|o|n| |w|e|b|r|e|n|d|e|r|,102210fe594ee9b33d82058545b1ed14f4c8206e,LastVisualChange,cnn,True,cnn LastVisualChange opt cold fission webrender,,77,ms,firefox,,1762128425,2023-09-26T00:20:03,2053.4,844608487349450c789be0794a915bb90d90b133,1306338
autoland,3869862,13,ffaba559b8f75178eed537731f258b1129b7fe97,linux1804-64-shippable-qr,True,False,,|c|o|l|d| |f|i|s|s|i|o|n| |w|e|b|r|e|n|d|e|r|,102210fe594ee9b33d82058545b1ed14f4c8206e,LastVisualChange,cnn,True,cnn LastVisualChange opt cold fission webrender,,77,ms,firefox,,1765901793,2023-09-26T00:20:03,2096.1,844608487349450c789be0794a915bb90d90b133,1306338
autoland,3869862,13,ffaba559b8f75178eed537731f258b1129b7fe97,linux1804-64-shippable-qr,True,False,,|c|o|l|d| |f|i|s|s|i|o|n| |w|e|b|r|e|n|d|e|r|,102210fe594ee9b33d82058545b1ed14f4c8206e,LastVisualChange,cnn,True,cnn LastVisualChange opt cold fission webrender,,77,ms,firefox,,1765901857,2023-09-26T00:20:03,2054.0,844608487349450c789be0794a915bb90d90b133,1306338
autoland,3869862,13,ffaba559b8f75178eed537731f258b1129b7fe97,linux1804-64-shippable-qr,True,False,,|c|o|l|d| |f|i|s|s|i|o|n| |w|e|b|r|e|n|d|e|r|,102210fe594ee9b33d82058545b1ed14f4c8206e,LastVisualChange,cnn,True,cnn LastVisualChange opt cold fission webrender,,77,ms,firefox,,1765902060,2023-09-26T00:20:03,2039.4,844608487349450c789be0794a915bb90d90b133,1306338
autoland,3869862,13,ffaba559b8f75178eed537731f258b1129b7fe97,linux1804-64-shippable-qr,True,False,,|c|o|l|d| |f|i|s|s|i|o|n| |w|e|b|r|e|n|d|e|r|,102210fe594ee9b33d82058545b1ed14f4c8206e,LastVisualChange,cnn,True,cnn LastVisualChange opt cold fission webrender,,77,ms,firefox,,1765902285,2023-09-26T00:20:03,2047.9,844608487349450c789be0794a915bb90d90b133,1306338
autoland,3869862,13,ffaba559b8f75178eed537731f258b1129b7fe97,linux1804-64-shippable-qr,True,False,,|c|o|l|d| |f|i|s|s|i|o|n| |w|e|b|r|e|n|d|e|r|,102210fe594ee9b33d82058545b1ed14f4c8206e,LastVisualChange,cnn,True,cnn LastVisualChange opt cold fission webrender,,77,ms,firefox,,1765903410,2023-09-26T00:20:03,2036.0,844608487349450c789be0794a915bb90d90b133,1306338
autoland,3869862,13,ffaba559b8f75178eed537731f258b1129b7fe97,linux1804-64-shippable-qr,True,False,,|c|o|l|d| |f|i|s|s|i|o|n| |w|e|b|r|e|n|d|e|r|,102210fe594ee9b33d82058545b1ed14f4c8206e,LastVisualChange,cnn,True,cnn LastVisualChange opt cold fission webrender,,77,ms,firefox,,1765916418,2023-09-26T00:20:03,2058.2,844608487349450c789be0794a915bb90d90b133,1306338
autoland,3869862,13,ffaba559b8f75178eed537731f258b1129b7fe97,linux1804-64-shippable-qr,True,False,,|c|o|l|d| |f|i|s|s|i|o|n| |w|e|b|r|e|n|d|e|r|,102210fe594ee9b33d82058545b1ed14f4c8206e,LastVisualChange,cnn,True,cnn LastVisualChange opt cold fission webrender,,77,ms,firefox,,1765917164,2023-09-26T00:20:03,2053.5,844608487349450c789be0794a915bb90d90b133,1306338
autoland,3869862,13,ffaba559b8f75178eed537731f258b1129b7fe97,linux1804-64-shippable-qr,True,False,,|c|o|l|d| |f|i|s|s|i|o|n| |w|e|b|r|e|n|d|e|r|,102210fe594ee9b33d82058545b1ed14f4c8206e,LastVisualChange,cnn,True,cnn LastVisualChange opt cold fission webrender,,77,ms,firefox,,1765917403,2023-09-26T00:20:03,2044.2,844608487349450c789be0794a915bb90d90b133,1306338
autoland,3869862,13,ffaba559b8f75178eed537731f258b1129b7fe97,linux1804-64-shippable-qr,True,False,,|c|o|l|d| |f|i|s|s|i|o|n| |w|e|b|r|e|n|d|e|r|,102210fe594ee9b33d82058545b1ed14f4c8206e,LastVisualChange,cnn,True,cnn LastVisualChange opt cold fission webrender,,77,ms,firefox,,1765917185,2023-09-26T00:20:03,2066.1,844608487349450c789be0794a915bb90d90b133,1306338
autoland,3869862,13,ffaba559b8f75178eed537731f258b1129b7fe97,linux1804-64-shippable-qr,True,False,,|c|o|l|d| |f|i|s|s|i|o|n| |w|e|b|r|e|n|d|e|r|,102210fe594ee9b33d82058545b1ed14f4c8206e,LastVisualChange,cnn,True,cnn LastVisualChange opt cold fission webrender,,77,ms,firefox,,1765917511,2023-09-26T00:20:03,2053.0,844608487349450c789be0794a915bb90d90b133,1306338
autoland,3869862,13,ffaba559b8f75178eed537731f258b1129b7fe97,linux1804-64-shippable-qr,True,False,,|c|o|l|d| |f|i|s|s|i|o|n| |w|e|b|r|e|n|d|e|r|,102210fe594ee9b33d82058545b1ed14f4c8206e,LastVisualChange,cnn,True,cnn LastVisualChange opt cold fission webrender,,77,ms,firefox,,1765914790,2023-09-26T00:50:24,2080.7,399bdc5c0788b891d95b0031e1f5e4e13595bdba,1306350
autoland,3869862,13,ffaba559b8f75178eed537731f258b1129b7fe97,linux1804-64-shippable-qr,True,False,,|c|o|l|d| |f|i|s|s|i|o|n| |w|e|b|r|e|n|d|e|r|,102210fe594ee9b33d82058545b1ed14f4c8206e,LastVisualChange,cnn,True,cnn LastVisualChange opt cold fission webrender,,77,ms,firefox,,1765914763,2023-09-26T00:50:24,2028.6,399bdc5c0788b891d95b0031e1f5e4e13595bdba,1306350
autoland,3869862,13,ffaba559b8f75178eed537731f258b1129b7fe97,linux1804-64-shippable-qr,True,False,,|c|o|l|d| |f|i|s|s|i|o|n| |w|e|b|r|e|n|d|e|r|,102210fe594ee9b33d82058545b1ed14f4c8206e,LastVisualChange,cnn,True,cnn LastVisualChange opt cold fission webrender,,77,ms,firefox,,1765914734,2023-09-26T00:50:24,2043.8,399bdc5c0788b891d95b0031e1f5e4e13595bdba,1306350
autoland,3869862,13,ffaba559b8f75178eed537731f258b1129b7fe97,linux1804-64-shippable-qr,True,False,,|c|o|l|d| |f|i|s|s|i|o|n| |w|e|b|r|e|n|d|e|r|,102210fe594ee9b33d82058545b1ed14f4c8206e,LastVisualChange,cnn,True,cnn LastVisualChange opt cold fission webrender,,77,ms,firefox,,1765914837,2023-09-26T00:50:24,2063.3,399bdc5c0788b891d95b0031e1f5e4e13595bdba,1306350
autoland,3869862,13,ffaba559b8f75178eed537731f258b1129b7fe97,linux1804-64-shippable-qr,True,False,,|c|o|l|d| |f|i|s|s|i|o|n| |w|e|b|r|e|n|d|e|r|,102210fe594ee9b33d82058545b1ed14f4c8206e,LastVisualChange,cnn,True,cnn LastVisualChange opt cold fission webrender,,77,ms,firefox,,1765914860,2023-09-26T00:50:24,2078.0,399bdc5c0788b891d95b0031e1f5e4e13595bdba,1306350
autoland,3869862,13,ffaba559b8f75178eed537731f258b1129b7fe97,linux1804-64-shippable-qr,True,False,,|c|o|l|d| |f|i|s|s|i|o|n| |w|e|b|r|e|n|d|e|r|,102210fe594ee9b33d82058545b1ed14f4c8206e,LastVisualChange,cnn,True,cnn LastVisualChange opt cold fission webrender,,77,ms,firefox,,1765915120,2023-09-26T01:39:27,2044.5,c23c9191da93412ccfb6e59f427b04c7dcb3880e,1306359
autoland,3869862,13,ffaba559b8f75178eed537731f258b1129b7fe97,linux1804-64-shippable-qr,True,False,,|c|o|l|d| |f|i|s|s|i|o|n| |w|e|b|r|e|n|d|e|r|,102210fe594ee9b33d82058545b1ed14f4c8206e,LastVisualChange,cnn,True,cnn LastVisualChange opt cold fission webrender,,77,ms,firefox,,1765915073,2023-09-26T01:39:27,2070.6,c23c9191da93412ccfb6e59f427b04c7dcb3880e,1306359
autoland,3869862,13,ffaba559b8f75178eed537731f258b1129b7fe97,linux1804-64-shippable-qr,True,False,,|c|o|l|d| |f|i|s|s|i|o|n| |w|e|b|r|e|n|d|e|r|,102210fe594ee9b33d82058545b1ed14f4c8206e,LastVisualChange,cnn,True,cnn LastVisualChange opt cold fission webrender,,77,ms,firefox,,1765916108,2023-09-26T01:39:27,2068.3,c23c9191da93412ccfb6e59f427b04c7dcb3880e,1306359
autoland,3869862,13,ffaba559b8f75178eed537731f258b1129b7fe97,linux1804-64-shippable-qr,True,False,,|c|o|l|d| |f|i|s|s|i|o|n| |w|e|b|r|e|n|d|e|r|,102210fe594ee9b33d82058545b1ed14f4c8206e,LastVisualChange,cnn,True,cnn LastVisualChange opt cold fission webrender,,77,ms,firefox,,1765915051,2023-09-26T01:39:27,2065.6,c23c9191da93412ccfb6e59f427b04c7dcb3880e,1306359
autoland,3869862,13,ffaba559b8f75178eed537731f258b1129b7fe97,linux1804-64-shippable-qr,True,False,,|c|o|l|d| |f|i|s|s|i|o|n| |w|e|b|r|e|n|d|e|r|,102210fe594ee9b33d82058545b1ed14f4c8206e,LastVisualChange,cnn,True,cnn LastVisualChange opt cold fission webrender,,77,ms,firefox,,1765915696,2023-09-26T01:39:27,2055.0,c23c9191da93412ccfb6e59f427b04c7dcb3880e,1306359
autoland,3869862,13,ffaba559b8f75178eed537731f258b1129b7fe97,linux1804-64-shippable-qr,True,False,,|c|o|l|d| |f|i|s|s|i|o|n| |w|e|b|r|e|n|d|e|r|,102210fe594ee9b33d82058545b1ed14f4c8206e,LastVisualChange,cnn,True,cnn LastVisualChange opt cold fission webrender,,77,ms,firefox,,1765915020,2023-09-26T01:40:46,2050.1,e12bd9f0ee965bb4e7ef9269a629a79c43403a4d,1306360
autoland,3869862,13,ffaba559b8f75178eed537731f258b1129b7fe97,linux1804-64-shippable-qr,True,False,,|c|o|l|d| |f|i|s|s|i|o|n| |w|e|b|r|e|n|d|e|r|,102210fe594ee9b33d82058545b1ed14f4c8206e,LastVisualChange,cnn,True,cnn LastVisualChange opt cold fission webrender,,77,ms,firefox,,1765915269,2023-09-26T01:40:46,2057.2,e12bd9f0ee965bb4e7ef9269a629a79c43403a4d,1306360
autoland,3869862,13,ffaba559b8f75178eed537731f258b1129b7fe97,linux1804-64-shippable-qr,True,False,,|c|o|l|d| |f|i|s|s|i|o|n| |w|e|b|r|e|n|d|e|r|,102210fe594ee9b33d82058545b1ed14f4c8206e,LastVisualChange,cnn,True,cnn LastVisualChange opt cold fission webrender,,77,ms,firefox,,1765916061,2023-09-26T01:40:46,2037.5,e12bd9f0ee965bb4e7ef9269a629a79c43403a4d,1306360
autoland,3869862,13,ffaba559b8f75178eed537731f258b1129b7fe97,linux1804-64-shippable-qr,True,False,,|c|o|l|d| |f|i|s|s|i|o|n| |w|e|b|r|e|n|d|e|r|,102210fe594ee9b33d82058545b1ed14f4c8206e,LastVisualChange,cnn,True,cnn LastVisualChange opt cold fission webrender,,77,ms,firefox,,1765915712,2023-09-26T01:40:46,2049.2,e12bd9f0ee965bb4e7ef9269a629a79c43403a4d,1306360
autoland,3869862,13,ffaba559b8f75178eed537731f258b1129b7fe97,linux1804-64-shippable-qr,True,False,,|c|o|l|d| |f|i|s|s|i|o|n| |w|e|b|r|e|n|d|e|r|,102210fe594ee9b33d82058545b1ed14f4c8206e,LastVisualChange,cnn,True,cnn LastVisualChange opt cold fission webrender,,77,ms,firefox,,1765916357,2023-09-26T01:40:46,2053.5,e12bd9f0ee965bb4e7ef9269a629a79c43403a4d,1306360
autoland,3869862,13,ffaba559b8f75178eed537731f258b1129b7fe97,linux1804-64-shippable-qr,True,False,,|c|o|l|d| |f|i|s|s|i|o|n| |w|e|b|r|e|n|d|e|r|,102210fe594ee9b33d82058545b1ed14f4c8206e,LastVisualChange,cnn,True,cnn LastVisualChange opt cold fission webrender,,77,ms,firefox,,1765915096,2023-09-26T01:42:43,2049.4,28162003bd3c3eaf44b4227b54b72aaf7f8f848f,1306361
autoland,3869862,13,ffaba559b8f75178eed537731f258b1129b7fe97,linux1804-64-shippable-qr,True,False,,|c|o|l|d| |f|i|s|s|i|o|n| |w|e|b|r|e|n|d|e|r|,102210fe594ee9b33d82058545b1ed14f4c8206e,LastVisualChange,cnn,True,cnn LastVisualChange opt cold fission webrender,,77,ms,firefox,,1765915605,2023-09-26T01:42:43,2052.8,28162003bd3c3eaf44b4227b54b72aaf7f8f848f,1306361
autoland,3869862,13,ffaba559b8f75178eed537731f258b1129b7fe97,linux1804-64-shippable-qr,True,False,,|c|o|l|d| |f|i|s|s|i|o|n| |w|e|b|r|e|n|d|e|r|,102210fe594ee9b33d82058545b1ed14f4c8206e,LastVisualChange,cnn,True,cnn LastVisualChange opt cold fission webrender,,77,ms,firefox,,1765916212,2023-09-26T01:42:43,2031.7,28162003bd3c3eaf44b4227b54b72aaf7f8f848f,1306361
autoland,3869862,13,ffaba559b8f75178eed537731f258b1129b7fe97,linux1804-64-shippable-qr,True,False,,|c|o|l|d| |f|i|s|s|i|o|n| |w|e|b|r|e|n|d|e|r|,102210fe594ee9b33d82058545b1ed14f4c8206e,LastVisualChange,cnn,True,cnn LastVisualChange opt cold fission webrender,,77,ms,firefox,,1765916287,2023-09-26T01:42:43,2055.1,28162003bd3c3eaf44b4227b54b72aaf7f8f848f,1306361
autoland,3869862,13,ffaba559b8f75178eed537731f258b1129b7fe97,linux1804-64-shippable-qr,True,False,,|c|o|l|d| |f|i|s|s|i|o|n| |w|e|b|r|e|n|d|e|r|,102210fe594ee9b33d82058545b1ed14f4c8206e,LastVisualChange,cnn,True,cnn LastVisualChange opt cold fission webrender,,77,ms,firefox,,1765915338,2023-09-26T01:42:43,2057.8,28162003bd3c3eaf44b4227b54b72aaf7f8f848f,1306361
autoland,3869862,13,ffaba559b8f75178eed537731f258b1129b7fe97,linux1804-64-shippable-qr,True,False,,|c|o|l|d| |f|i|s|s|i|o|n| |w|e|b|r|e|n|d|e|r|,102210fe594ee9b33d82058545b1ed14f4c8206e,LastVisualChange,cnn,True,cnn LastVisualChange opt cold fission webrender,,77,ms,firefox,,1765914999,2023-09-26T02:32:51,2031.6,39dc607f61623c82e70f4982272959e0625d52ae,1306368
autoland,3869862,13,ffaba559b8f75178eed537731f258b1129b7fe97,linux1804-64-shippable-qr,True,False,,|c|o|l|d| |f|i|s|s|i|o|n| |w|e|b|r|e|n|d|e|r|,102210fe594ee9b33d82058545b1ed14f4c8206e,LastVisualChange,cnn,True,cnn LastVisualChange opt cold fission webrender,,77,ms,firefox,,1765916162,2023-09-26T02:32:51,2043.5,39dc607f61623c82e70f4982272959e0625d52ae,1306368
autoland,3869862,13,ffaba559b8f75178eed537731f258b1129b7fe97,linux1804-64-shippable-qr,True,False,,|c|o|l|d| |f|i|s|s|i|o|n| |w|e|b|r|e|n|d|e|r|,102210fe594ee9b33d82058545b1ed14f4c8206e,LastVisualChange,cnn,True,cnn LastVisualChange opt cold fission webrender,,77,ms,firefox,,1765916189,2023-09-26T02:32:51,2059.2,39dc607f61623c82e70f4982272959e0625d52ae,1306368
autoland,3869862,13,ffaba559b8f75178eed537731f258b1129b7fe97,linux1804-64-shippable-qr,True,False,,|c|o|l|d| |f|i|s|s|i|o|n| |w|e|b|r|e|n|d|e|r|,102210fe594ee9b33d82058545b1ed14f4c8206e,LastVisualChange,cnn,True,cnn LastVisualChange opt cold fission webrender,,77,ms,firefox,,1765915145,2023-09-26T02:32:51,2024.0,39dc607f61623c82e70f4982272959e0625d52ae,1306368
autoland,3869862,13,ffaba559b8f75178eed537731f258b1129b7fe97,linux1804-64-shippable-qr,True,False,,|c|o|l|d| |f|i|s|s|i|o|n| |w|e|b|r|e|n|d|e|r|,102210fe594ee9b33d82058545b1ed14f4c8206e,LastVisualChange,cnn,True,cnn LastVisualChange opt cold fission webrender,,77,ms,firefox,,1765915189,2023-09-26T02:32:51,2051.1,39dc607f61623c82e70f4982272959e0625d52ae,1306368
autoland,3869862,13,ffaba559b8f75178eed537731f258b1129b7fe97,linux1804-64-shippable-qr,True,False,,|c|o|l|d| |f|i|s|s|i|o|n| |w|e|b|r|e|n|d|e|r|,102210fe594ee9b33d82058545b1ed14f4c8206e,LastVisualChange,cnn,True,cnn LastVisualChange opt cold fission webrender,,77,ms,firefox,,1762815912,2023-09-26T02:51:20,2079.3,956fe894deba1ba357c2699828221cda94a938a0,1306370
autoland,3869862,13,ffaba559b8f75178eed537731f258b1129b7fe97,linux1804-64-shippable-qr,True,False,,|c|o|l|d| |f|i|s|s|i|o|n| |w|e|b|r|e|n|d|e|r|,102210fe594ee9b33d82058545b1ed14f4c8206e,LastVisualChange,cnn,True,cnn LastVisualChange opt cold fission webrender,,77,ms,firefox,,1765917537,2023-09-26T02:51:20,2076.9,956fe894deba1ba357c2699828221cda94a938a0,1306370
autoland,3869862,13,ffaba559b8f75178eed537731f258b1129b7fe97,linux1804-64-shippable-qr,True,False,,|c|o|l|d| |f|i|s|s|i|o|n| |w|e|b|r|e|n|d|e|r|,102210fe594ee9b33d82058545b1ed14f4c8206e,LastVisualChange,cnn,True,cnn LastVisualChange opt cold fission webrender,,77,ms,firefox,,1765917568,2023-09-26T02:51:20,2035.2,956fe894deba1ba357c2699828221cda94a938a0,1306370
autoland,3869862,13,ffaba559b8f75178eed537731f258b1129b7fe97,linux1804-64-shippable-qr,True,False,,|c|o|l|d| |f|i|s|s|i|o|n| |w|e|b|r|e|n|d|e|r|,102210fe594ee9b33d82058545b1ed14f4c8206e,LastVisualChange,cnn,True,cnn LastVisualChange opt cold fission webrender,,77,ms,firefox,,1765917558,2023-09-26T02:51:20,2055.4,956fe894deba1ba357c2699828221cda94a938a0,1306370
autoland,3869862,13,ffaba559b8f75178eed537731f258b1129b7fe97,linux1804-64-shippable-qr,True,False,,|c|o|l|d| |f|i|s|s|i|o|n| |w|e|b|r|e|n|d|e|r|,102210fe594ee9b33d82058545b1ed14f4c8206e,LastVisualChange,cnn,True,cnn LastVisualChange opt cold fission webrender,,77,ms,firefox,,1765917627,2023-09-26T02:51:20,2093.9,956fe894deba1ba357c2699828221cda94a938a0,1306370
autoland,3869862,13,ffaba559b8f75178eed537731f258b1129b7fe97,linux1804-64-shippable-qr,True,False,,|c|o|l|d| |f|i|s|s|i|o|n| |w|e|b|r|e|n|d|e|r|,102210fe594ee9b33d82058545b1ed14f4c8206e,LastVisualChange,cnn,True,cnn LastVisualChange opt cold fission webrender,,77,ms,firefox,,1765917650,2023-09-26T02:51:20,2048.8,956fe894deba1ba357c2699828221cda94a938a0,1306370
autoland,3869862,13,ffaba559b8f75178eed537731f258b1129b7fe97,linux1804-64-shippable-qr,True,False,,|c|o|l|d| |f|i|s|s|i|o|n| |w|e|b|r|e|n|d|e|r|,102210fe594ee9b33d82058545b1ed14f4c8206e,LastVisualChange,cnn,True,cnn LastVisualChange opt cold fission webrender,,77,ms,firefox,,1762829436,2023-09-26T02:57:49,2070.1,d6b39ea73d85054019ddee8cf425a34c549015d5,1306372
autoland,3869862,13,ffaba559b8f75178eed537731f258b1129b7fe97,linux1804-64-shippable-qr,True,False,,|c|o|l|d| |f|i|s|s|i|o|n| |w|e|b|r|e|n|d|e|r|,102210fe594ee9b33d82058545b1ed14f4c8206e,LastVisualChange,cnn,True,cnn LastVisualChange opt cold fission webrender,,77,ms,firefox,,1765915583,2023-09-26T02:57:49,1696.8,d6b39ea73d85054019ddee8cf425a34c549015d5,1306372
autoland,3869862,13,ffaba559b8f75178eed537731f258b1129b7fe97,linux1804-64-shippable-qr,True,False,,|c|o|l|d| |f|i|s|s|i|o|n| |w|e|b|r|e|n|d|e|r|,102210fe594ee9b33d82058545b1ed14f4c8206e,LastVisualChange,cnn,True,cnn LastVisualChange opt cold fission webrender,,77,ms,firefox,,1765917317,2023-09-26T02:57:49,2058.5,d6b39ea73d85054019ddee8cf425a34c549015d5,1306372
autoland,3869862,13,ffaba559b8f75178eed537731f258b1129b7fe97,linux1804-64-shippable-qr,True,False,,|c|o|l|d| |f|i|s|s|i|o|n| |w|e|b|r|e|n|d|e|r|,102210fe594ee9b33d82058545b1ed14f4c8206e,LastVisualChange,cnn,True,cnn LastVisualChange opt cold fission webrender,,77,ms,firefox,,1765917143,2023-09-26T02:57:49,2045.7,d6b39ea73d85054019ddee8cf425a34c549015d5,1306372
autoland,3869862,13,ffaba559b8f75178eed537731f258b1129b7fe97,linux1804-64-shippable-qr,True,False,,|c|o|l|d| |f|i|s|s|i|o|n| |w|e|b|r|e|n|d|e|r|,102210fe594ee9b33d82058545b1ed14f4c8206e,LastVisualChange,cnn,True,cnn LastVisualChange opt cold fission webrender,,77,ms,firefox,,1765917351,2023-09-26T02:57:49,2051.9,d6b39ea73d85054019ddee8cf425a34c549015d5,1306372
autoland,3869862,13,ffaba559b8f75178eed537731f258b1129b7fe97,linux1804-64-shippable-qr,True,False,,|c|o|l|d| |f|i|s|s|i|o|n| |w|e|b|r|e|n|d|e|r|,102210fe594ee9b33d82058545b1ed14f4c8206e,LastVisualChange,cnn,True,cnn LastVisualChange opt cold fission webrender,,77,ms,firefox,,1765917380,2023-09-26T02:57:49,2069.5,d6b39ea73d85054019ddee8cf425a34c549015d5,1306372
autoland,3869862,13,ffaba559b8f75178eed537731f258b1129b7fe97,linux1804-64-shippable-qr,True,False,,|c|o|l|d| |f|i|s|s|i|o|n| |w|e|b|r|e|n|d|e|r|,102210fe594ee9b33d82058545b1ed14f4c8206e,LastVisualChange,cnn,True,cnn LastVisualChange opt cold fission webrender,,77,ms,firefox,,1762230747,2023-09-26T05:18:37,2012.0,5c61430973af5452b01293947d0f76b758b97c28,1306392
autoland,3869862,13,ffaba559b8f75178eed537731f258b1129b7fe97,linux1804-64-shippable-qr,True,False,,|c|o|l|d| |f|i|s|s|i|o|n| |w|e|b|r|e|n|d|e|r|,102210fe594ee9b33d82058545b1ed14f4c8206e,LastVisualChange,cnn,True,cnn LastVisualChange opt cold fission webrender,,77,ms,firefox,,1762830887,2023-09-26T07:22:43,2059.5,0b480081dd33a59f2e3c247ebf9eaa36c90a926a,1306422
autoland,3869862,13,ffaba559b8f75178eed537731f258b1129b7fe97,linux1804-64-shippable-qr,True,False,,|c|o|l|d| |f|i|s|s|i|o|n| |w|e|b|r|e|n|d|e|r|,102210fe594ee9b33d82058545b1ed14f4c8206e,LastVisualChange,cnn,True,cnn LastVisualChange opt cold fission webrender,,77,ms,firefox,,1762848854,2023-09-26T07:47:07,2054.7,a7382d4a1a052e1b25d2ad2dd2bdbbf16ed3ecd7,1306433
autoland,3869862,13,ffaba559b8f75178eed537731f258b1129b7fe97,linux1804-64-shippable-qr,True,False,,|c|o|l|d| |f|i|s|s|i|o|n| |w|e|b|r|e|n|d|e|r|,102210fe594ee9b33d82058545b1ed14f4c8206e,LastVisualChange,cnn,True,cnn LastVisualChange opt cold fission webrender,,77,ms,firefox,,1762290967,2023-09-26T07:48:07,2079.5,920e4f82b3485f132edc7f551ecd9334fa702021,1306435
autoland,3869862,13,ffaba559b8f75178eed537731f258b1129b7fe97,linux1804-64-shippable-qr,True,False,,|c|o|l|d| |f|i|s|s|i|o|n| |w|e|b|r|e|n|d|e|r|,102210fe594ee9b33d82058545b1ed14f4c8206e,LastVisualChange,cnn,True,cnn LastVisualChange opt cold fission webrender,,77,ms,firefox,,1762407923,2023-09-26T12:02:33,2032.7,e60c3407f3620f94624c0ac7484a7d1b257be989,1306598
autoland,3869862,13,ffaba559b8f75178eed537731f258b1129b7fe97,linux1804-64-shippable-qr,True,False,,|c|o|l|d| |f|i|s|s|i|o|n| |w|e|b|r|e|n|d|e|r|,102210fe594ee9b33d82058545b1ed14f4c8206e,LastVisualChange,cnn,True,cnn LastVisualChange opt cold fission webrender,,77,ms,firefox,,1762498941,2023-09-26T15:03:48,2048.0,f6c351ade4f28a1ce3843d0af7e5ec35b37a3576,1306757
autoland,3869862,13,ffaba559b8f75178eed537731f258b1129b7fe97,linux1804-64-shippable-qr,True,False,,|c|o|l|d| |f|i|s|s|i|o|n| |w|e|b|r|e|n|d|e|r|,102210fe594ee9b33d82058545b1ed14f4c8206e,LastVisualChange,cnn,True,cnn LastVisualChange opt cold fission webrender,,77,ms,firefox,,1762674238,2023-09-26T21:35:50,2044.5,7a98d860920f5f74014454ce20ec6739e8a16878,1307018
autoland,3869862,13,ffaba559b8f75178eed537731f258b1129b7fe97,linux1804-64-shippable-qr,True,False,,|c|o|l|d| |f|i|s|s|i|o|n| |w|e|b|r|e|n|d|e|r|,102210fe594ee9b33d82058545b1ed14f4c8206e,LastVisualChange,cnn,True,cnn LastVisualChange opt cold fission webrender,,77,ms,firefox,,1762772470,2023-09-27T02:35:37,2036.4,583cfd323dab818e35dc1f15fa3e92a503e56e11,1307110
autoland,3869862,13,ffaba559b8f75178eed537731f258b1129b7fe97,linux1804-64-shippable-qr,True,False,,|c|o|l|d| |f|i|s|s|i|o|n| |w|e|b|r|e|n|d|e|r|,102210fe594ee9b33d82058545b1ed14f4c8206e,LastVisualChange,cnn,True,cnn LastVisualChange opt cold fission webrender,,77,ms,firefox,,1762858360,2023-09-27T06:23:31,2037.0,82ae09837aed66d319e3280febbf971a401bd8a6,1307163
autoland,3869862,13,ffaba559b8f75178eed537731f258b1129b7fe97,linux1804-64-shippable-qr,True,False,,|c|o|l|d| |f|i|s|s|i|o|n| |w|e|b|r|e|n|d|e|r|,102210fe594ee9b33d82058545b1ed14f4c8206e,LastVisualChange,cnn,True,cnn LastVisualChange opt cold fission webrender,,77,ms,firefox,,1762993198,2023-09-27T10:25:54,2021.7,a1a8c2eeff55a4651fa01530fa3ec3ab3bec9b31,1307283
autoland,3869862,13,ffaba559b8f75178eed537731f258b1129b7fe97,linux1804-64-shippable-qr,True,False,,|c|o|l|d| |f|i|s|s|i|o|n| |w|e|b|r|e|n|d|e|r|,102210fe594ee9b33d82058545b1ed14f4c8206e,LastVisualChange,cnn,True,cnn LastVisualChange opt cold fission webrender,,77,ms,firefox,,1762983530,2023-09-27T10:32:06,2055.3,af764baf74a1dd0e0b863a8cf26c25266bdcbc14,1307289
autoland,3869862,13,ffaba559b8f75178eed537731f258b1129b7fe97,linux1804-64-shippable-qr,True,False,,|c|o|l|d| |f|i|s|s|i|o|n| |w|e|b|r|e|n|d|e|r|,102210fe594ee9b33d82058545b1ed14f4c8206e,LastVisualChange,cnn,True,cnn LastVisualChange opt cold fission webrender,,77,ms,firefox,,1763692899,2023-09-27T12:47:16,2071.3,980fa29a4d6158b8727d4f95c9acc919dc65d05c,1307354
autoland,3869862,13,ffaba559b8f75178eed537731f258b1129b7fe97,linux1804-64-shippable-qr,True,False,,|c|o|l|d| |f|i|s|s|i|o|n| |w|e|b|r|e|n|d|e|r|,102210fe594ee9b33d82058545b1ed14f4c8206e,LastVisualChange,cnn,True,cnn LastVisualChange opt cold fission webrender,,77,ms,firefox,,1763700540,2023-09-27T12:48:19,2049.4,b02ccb907221ffc44b9ebee03d8e03282071e929,1307357
autoland,3869862,13,ffaba559b8f75178eed537731f258b1129b7fe97,linux1804-64-shippable-qr,True,False,,|c|o|l|d| |f|i|s|s|i|o|n| |w|e|b|r|e|n|d|e|r|,102210fe594ee9b33d82058545b1ed14f4c8206e,LastVisualChange,cnn,True,cnn LastVisualChange opt cold fission webrender,,77,ms,firefox,,1763190209,2023-09-27T14:48:02,2075.9,42b4fa32b69deff886ea9bc4f4f7fb94391b751a,1307439
autoland,3869862,13,ffaba559b8f75178eed537731f258b1129b7fe97,linux1804-64-shippable-qr,True,False,,|c|o|l|d| |f|i|s|s|i|o|n| |w|e|b|r|e|n|d|e|r|,102210fe594ee9b33d82058545b1ed14f4c8206e,LastVisualChange,cnn,True,cnn LastVisualChange opt cold fission webrender,,77,ms,firefox,,1763322634,2023-09-27T17:53:51,2061.2,7768cf51f090145a9009fb37298f3c1da7d60a2f,1307581
autoland,3869862,13,ffaba559b8f75178eed537731f258b1129b7fe97,linux1804-64-shippable-qr,True,False,,|c|o|l|d| |f|i|s|s|i|o|n| |w|e|b|r|e|n|d|e|r|,102210fe594ee9b33d82058545b1ed14f4c8206e,LastVisualChange,cnn,True,cnn LastVisualChange opt cold fission webrender,,77,ms,firefox,,1763519066,2023-09-27T23:11:22,2079.4,d60788c1a5064d4f45dd33001554cde650df86be,1307771
autoland,3869862,13,ffaba559b8f75178eed537731f258b1129b7fe97,linux1804-64-shippable-qr,True,False,,|c|o|l|d| |f|i|s|s|i|o|n| |w|e|b|r|e|n|d|e|r|,102210fe594ee9b33d82058545b1ed14f4c8206e,LastVisualChange,cnn,True,cnn LastVisualChange opt cold fission webrender,,77,ms,firefox,,1763680084,2023-09-28T04:14:46,2042.5,d1fc71cc3817fe3529b10939ed53c1d395a346fa,1307836
autoland,3869862,13,ffaba559b8f75178eed537731f258b1129b7fe97,linux1804-64-shippable-qr,True,False,,|c|o|l|d| |f|i|s|s|i|o|n| |w|e|b|r|e|n|d|e|r|,102210fe594ee9b33d82058545b1ed14f4c8206e,LastVisualChange,cnn,True,cnn LastVisualChange opt cold fission webrender,,77,ms,firefox,,1763789570,2023-09-28T08:00:04,2059.0,d330b8e9f58e1065d1ca63ac5f284f7d1865e83c,1307885
autoland,3869862,13,ffaba559b8f75178eed537731f258b1129b7fe97,linux1804-64-shippable-qr,True,False,,|c|o|l|d| |f|i|s|s|i|o|n| |w|e|b|r|e|n|d|e|r|,102210fe594ee9b33d82058545b1ed14f4c8206e,LastVisualChange,cnn,True,cnn LastVisualChange opt cold fission webrender,,77,ms,firefox,,1763903270,2023-09-28T11:44:43,2055.2,a5fd40a8bf47afafdda240c7b8f1b1b911d2d937,1308037
autoland,3869862,13,ffaba559b8f75178eed537731f258b1129b7fe97,linux1804-64-shippable-qr,True,False,,|c|o|l|d| |f|i|s|s|i|o|n| |w|e|b|r|e|n|d|e|r|,102210fe594ee9b33d82058545b1ed14f4c8206e,LastVisualChange,cnn,True,cnn LastVisualChange opt cold fission webrender,,77,ms,firefox,,1764063850,2023-09-28T15:45:35,2085.8,0df79cc60ea0ef86258f3b33d533c75e91805d8b,1308186
autoland,3869862,13,ffaba559b8f75178eed537731f258b1129b7fe97,linux1804-64-shippable-qr,True,False,,|c|o|l|d| |f|i|s|s|i|o|n| |w|e|b|r|e|n|d|e|r|,102210fe594ee9b33d82058545b1ed14f4c8206e,LastVisualChange,cnn,True,cnn LastVisualChange opt cold fission webrender,,77,ms,firefox,,1764081546,2023-09-28T16:38:20,2058.9,a216736126b15f69ebee5d940a5c3394f95759cb,1308227
autoland,3869862,13,ffaba559b8f75178eed537731f258b1129b7fe97,linux1804-64-shippable-qr,True,False,,|c|o|l|d| |f|i|s|s|i|o|n| |w|e|b|r|e|n|d|e|r|,102210fe594ee9b33d82058545b1ed14f4c8206e,LastVisualChange,cnn,True,cnn LastVisualChange opt cold fission webrender,,77,ms,firefox,,1764187257,2023-09-28T19:24:36,2144.4,cd324cfaf45936b4670a6c0d15cbfe22d0e2f609,1308380
autoland,3869862,13,ffaba559b8f75178eed537731f258b1129b7fe97,linux1804-64-shippable-qr,True,False,,|c|o|l|d| |f|i|s|s|i|o|n| |w|e|b|r|e|n|d|e|r|,102210fe594ee9b33d82058545b1ed14f4c8206e,LastVisualChange,cnn,True,cnn LastVisualChange opt cold fission webrender,,77,ms,firefox,,1764292140,2023-09-28T22:48:25,2041.6,72bb9164219d9f54440ccfa7f55dc02f195190f9,1308491
autoland,3869862,13,ffaba559b8f75178eed537731f258b1129b7fe97,linux1804-64-shippable-qr,True,False,,|c|o|l|d| |f|i|s|s|i|o|n| |w|e|b|r|e|n|d|e|r|,102210fe594ee9b33d82058545b1ed14f4c8206e,LastVisualChange,cnn,True,cnn LastVisualChange opt cold fission webrender,,77,ms,firefox,,1764529611,2023-09-29T05:26:28,2048.1,4fd1c7c2dcf2973c3285d981e74b08dee641a0fc,1308580
autoland,3869862,13,ffaba559b8f75178eed537731f258b1129b7fe97,linux1804-64-shippable-qr,True,False,,|c|o|l|d| |f|i|s|s|i|o|n| |w|e|b|r|e|n|d|e|r|,102210fe594ee9b33d82058545b1ed14f4c8206e,LastVisualChange,cnn,True,cnn LastVisualChange opt cold fission webrender,,77,ms,firefox,,1764660885,2023-09-29T09:03:41,2090.3,6453cd78e4f187bc198e83900dd9937c3cc6d0fc,1308650
autoland,3869862,13,ffaba559b8f75178eed537731f258b1129b7fe97,linux1804-64-shippable-qr,True,False,,|c|o|l|d| |f|i|s|s|i|o|n| |w|e|b|r|e|n|d|e|r|,102210fe594ee9b33d82058545b1ed14f4c8206e,LastVisualChange,cnn,True,cnn LastVisualChange opt cold fission webrender,,77,ms,firefox,,1764752730,2023-09-29T13:06:51,2077.6,dfea5c2f2737b0334921941ecd0f5f235432942e,1308761
autoland,3869862,13,ffaba559b8f75178eed537731f258b1129b7fe97,linux1804-64-shippable-qr,True,False,,|c|o|l|d| |f|i|s|s|i|o|n| |w|e|b|r|e|n|d|e|r|,102210fe594ee9b33d82058545b1ed14f4c8206e,LastVisualChange,cnn,True,cnn LastVisualChange opt cold fission webrender,,77,ms,firefox,,1764846063,2023-09-29T14:43:48,2076.1,e2d3169fc579506294a164827b60ea38b9295bb1,1308803
autoland,3869862,13,ffaba559b8f75178eed537731f258b1129b7fe97,linux1804-64-shippable-qr,True,False,,|c|o|l|d| |f|i|s|s|i|o|n| |w|e|b|r|e|n|d|e|r|,102210fe594ee9b33d82058545b1ed14f4c8206e,LastVisualChange,cnn,True,cnn LastVisualChange opt cold fission webrender,,77,ms,firefox,,1765183244,2023-09-29T17:22:14,2065.4,51fa8a3c99f0609ebc42be909905d3b3360c6909,1308879
autoland,3869862,13,ffaba559b8f75178eed537731f258b1129b7fe97,linux1804-64-shippable-qr,True,False,,|c|o|l|d| |f|i|s|s|i|o|n| |w|e|b|r|e|n|d|e|r|,102210fe594ee9b33d82058545b1ed14f4c8206e,LastVisualChange,cnn,True,cnn LastVisualChange opt cold fission webrender,,77,ms,firefox,,1765202617,2023-09-29T17:23:30,2055.4,3677fd4aebcb91190a1d79fc4deeee12bf903671,1308882
autoland,3869862,13,ffaba559b8f75178eed537731f258b1129b7fe97,linux1804-64-shippable-qr,True,False,,|c|o|l|d| |f|i|s|s|i|o|n| |w|e|b|r|e|n|d|e|r|,102210fe594ee9b33d82058545b1ed14f4c8206e,LastVisualChange,cnn,True,cnn LastVisualChange opt cold fission webrender,,77,ms,firefox,,1765191994,2023-09-29T17:37:10,2060.4,8068f7fac7d44e5f28fec14686fc33ad260de99d,1308888
autoland,3869862,13,ffaba559b8f75178eed537731f258b1129b7fe97,linux1804-64-shippable-qr,True,False,,|c|o|l|d| |f|i|s|s|i|o|n| |w|e|b|r|e|n|d|e|r|,102210fe594ee9b33d82058545b1ed14f4c8206e,LastVisualChange,cnn,True,cnn LastVisualChange opt cold fission webrender,,77,ms,firefox,,1765175989,2023-09-29T17:38:01,2056.8,dbbfb173932c7a5d8d65faa382f881197bff8d18,1308889
autoland,3869862,13,ffaba559b8f75178eed537731f258b1129b7fe97,linux1804-64-shippable-qr,True,False,,|c|o|l|d| |f|i|s|s|i|o|n| |w|e|b|r|e|n|d|e|r|,102210fe594ee9b33d82058545b1ed14f4c8206e,LastVisualChange,cnn,True,cnn LastVisualChange opt cold fission webrender,,77,ms,firefox,,1765203479,2023-09-29T22:04:24,2060.6,bcd2222b6b08b09cee468dff6e7f94400e02b303,1309030
autoland,3869862,13,ffaba559b8f75178eed537731f258b1129b7fe97,linux1804-64-shippable-qr,True,False,,|c|o|l|d| |f|i|s|s|i|o|n| |w|e|b|r|e|n|d|e|r|,102210fe594ee9b33d82058545b1ed14f4c8206e,LastVisualChange,cnn,True,cnn LastVisualChange opt cold fission webrender,,77,ms,firefox,,1765122490,2023-09-29T22:10:32,2054.3,eee85ca883b58f7e7ed94e3a2e4ed573475159d4,1309031
autoland,3869862,13,ffaba559b8f75178eed537731f258b1129b7fe97,linux1804-64-shippable-qr,True,False,,|c|o|l|d| |f|i|s|s|i|o|n| |w|e|b|r|e|n|d|e|r|,102210fe594ee9b33d82058545b1ed14f4c8206e,LastVisualChange,cnn,True,cnn LastVisualChange opt cold fission webrender,,77,ms,firefox,,1765214562,2023-09-30T06:24:14,2050.5,c0cfc8c5836260ab8706d5b737a4f4f654da4610,1309077
autoland,3869862,13,ffaba559b8f75178eed537731f258b1129b7fe97,linux1804-64-shippable-qr,True,False,,|c|o|l|d| |f|i|s|s|i|o|n| |w|e|b|r|e|n|d|e|r|,102210fe594ee9b33d82058545b1ed14f4c8206e,LastVisualChange,cnn,True,cnn LastVisualChange opt cold fission webrender,,77,ms,firefox,,1765330405,2023-09-30T15:09:24,2063.3,0d5209658cf41a9d6d9f6c74890ecf69602525c4,1309133
autoland,3869862,13,ffaba559b8f75178eed537731f258b1129b7fe97,linux1804-64-shippable-qr,True,False,,|c|o|l|d| |f|i|s|s|i|o|n| |w|e|b|r|e|n|d|e|r|,102210fe594ee9b33d82058545b1ed14f4c8206e,LastVisualChange,cnn,True,cnn LastVisualChange opt cold fission webrender,,77,ms,firefox,,1765340256,2023-09-30T15:56:32,2058.5,8c9ba927121cd7f1cb5b31ffb86addc4c34b59a8,1309136
autoland,3869862,13,ffaba559b8f75178eed537731f258b1129b7fe97,linux1804-64-shippable-qr,True,False,,|c|o|l|d| |f|i|s|s|i|o|n| |w|e|b|r|e|n|d|e|r|,102210fe594ee9b33d82058545b1ed14f4c8206e,LastVisualChange,cnn,True,cnn LastVisualChange opt cold fission webrender,,77,ms,firefox,,1765391610,2023-09-30T20:01:07,2068.7,bacf4fcba00b9d708012b5c8144292e5362ed452,1309152
autoland,3869862,13,ffaba559b8f75178eed537731f258b1129b7fe97,linux1804-64-shippable-qr,True,False,,|c|o|l|d| |f|i|s|s|i|o|n| |w|e|b|r|e|n|d|e|r|,102210fe594ee9b33d82058545b1ed14f4c8206e,LastVisualChange,cnn,True,cnn LastVisualChange opt cold fission webrender,,77,ms,firefox,,1765435118,2023-10-01T02:27:22,2090.7,b781e655236dff9086d1be5c4b59b0263a9cee56,1309171
autoland,3869862,13,ffaba559b8f75178eed537731f258b1129b7fe97,linux1804-64-shippable-qr,True,False,,|c|o|l|d| |f|i|s|s|i|o|n| |w|e|b|r|e|n|d|e|r|,102210fe594ee9b33d82058545b1ed14f4c8206e,LastVisualChange,cnn,True,cnn LastVisualChange opt cold fission webrender,,77,ms,firefox,,1765546658,2023-10-01T15:08:35,2048.1,1abb269d873e8bda2c0fa1b4f26f481c89584ca6,1309237
autoland,3869862,13,ffaba559b8f75178eed537731f258b1129b7fe97,linux1804-64-shippable-qr,True,False,,|c|o|l|d| |f|i|s|s|i|o|n| |w|e|b|r|e|n|d|e|r|,102210fe594ee9b33d82058545b1ed14f4c8206e,LastVisualChange,cnn,True,cnn LastVisualChange opt cold fission webrender,,77,ms,firefox,,1765590131,2023-10-01T19:57:41,2114.4,72adc901a818435f7ba23e492963c7e1bf526be1,1309256
autoland,3869862,13,ffaba559b8f75178eed537731f258b1129b7fe97,linux1804-64-shippable-qr,True,False,,|c|o|l|d| |f|i|s|s|i|o|n| |w|e|b|r|e|n|d|e|r|,102210fe594ee9b33d82058545b1ed14f4c8206e,LastVisualChange,cnn,True,cnn LastVisualChange opt cold fission webrender,,77,ms,firefox,,1765602679,2023-10-01T20:03:17,2095.5,1c52958ae6ea59e32694986c0d6332b8171aca86,1309258
autoland,3869862,13,ffaba559b8f75178eed537731f258b1129b7fe97,linux1804-64-shippable-qr,True,False,,|c|o|l|d| |f|i|s|s|i|o|n| |w|e|b|r|e|n|d|e|r|,102210fe594ee9b33d82058545b1ed14f4c8206e,LastVisualChange,cnn,True,cnn LastVisualChange opt cold fission webrender,,77,ms,firefox,,1765697616,2023-10-02T00:31:45,2098.7,55fc90da3cff35171d66e3dcf280575bef8c17a6,1309288
autoland,3869862,13,ffaba559b8f75178eed537731f258b1129b7fe97,linux1804-64-shippable-qr,True,False,,|c|o|l|d| |f|i|s|s|i|o|n| |w|e|b|r|e|n|d|e|r|,102210fe594ee9b33d82058545b1ed14f4c8206e,LastVisualChange,cnn,True,cnn LastVisualChange opt cold fission webrender,,77,ms,firefox,,1765880500,2023-10-02T11:08:53,2083.9,318059aaa167779fcc844cbf085cb7ffacc47523,1309454
autoland,3869862,13,ffaba559b8f75178eed537731f258b1129b7fe97,linux1804-64-shippable-qr,True,False,,|c|o|l|d| |f|i|s|s|i|o|n| |w|e|b|r|e|n|d|e|r|,102210fe594ee9b33d82058545b1ed14f4c8206e,LastVisualChange,cnn,True,cnn LastVisualChange opt cold fission webrender,,77,ms,firefox,,1766442592,2023-10-02T13:23:04,2153.7,d4e50ba4e3bb32cd117ee7c751c056f37b00e6f4,1309543
autoland,3869862,13,ffaba559b8f75178eed537731f258b1129b7fe97,linux1804-64-shippable-qr,True,False,,|c|o|l|d| |f|i|s|s|i|o|n| |w|e|b|r|e|n|d|e|r|,102210fe594ee9b33d82058545b1ed14f4c8206e,LastVisualChange,cnn,True,cnn LastVisualChange opt cold fission webrender,,77,ms,firefox,,1766364379,2023-10-02T13:24:00,2078.4,1404f0f8f3636b099bf2bce17070418ad38f1890,1309544
autoland,3869862,13,ffaba559b8f75178eed537731f258b1129b7fe97,linux1804-64-shippable-qr,True,False,,|c|o|l|d| |f|i|s|s|i|o|n| |w|e|b|r|e|n|d|e|r|,102210fe594ee9b33d82058545b1ed14f4c8206e,LastVisualChange,cnn,True,cnn LastVisualChange opt cold fission webrender,,77,ms,firefox,,1766402364,2023-10-02T13:24:51,2069.2,ee29ea36851a37d2f52579657e670838c92d0068,1309545
autoland,3869862,13,ffaba559b8f75178eed537731f258b1129b7fe97,linux1804-64-shippable-qr,True,False,,|c|o|l|d| |f|i|s|s|i|o|n| |w|e|b|r|e|n|d|e|r|,102210fe594ee9b33d82058545b1ed14f4c8206e,LastVisualChange,cnn,True,cnn LastVisualChange opt cold fission webrender,,77,ms,firefox,,1766090997,2023-10-02T16:59:31,2057.1,db33a2d0d6c36f0c15318f1c5ffaa7498a1ee4f3,1309721
autoland,3869862,13,ffaba559b8f75178eed537731f258b1129b7fe97,linux1804-64-shippable-qr,True,False,,|c|o|l|d| |f|i|s|s|i|o|n| |w|e|b|r|e|n|d|e|r|,102210fe594ee9b33d82058545b1ed14f4c8206e,LastVisualChange,cnn,True,cnn LastVisualChange opt cold fission webrender,,77,ms,firefox,,1766170205,2023-10-02T20:46:43,2050.4,0435b7e1340f2ced37216f0dd2fbf09a0a8f2cad,1309872
autoland,3869862,13,ffaba559b8f75178eed537731f258b1129b7fe97,linux1804-64-shippable-qr,True,False,,|c|o|l|d| |f|i|s|s|i|o|n| |w|e|b|r|e|n|d|e|r|,102210fe594ee9b33d82058545b1ed14f4c8206e,LastVisualChange,cnn,True,cnn LastVisualChange opt cold fission webrender,,77,ms,firefox,,1766439137,2023-10-03T05:01:50,2087.9,53af11a26cb69e0616d9f481f988276e0a6da93e,1310080
autoland,3869862,13,ffaba559b8f75178eed537731f258b1129b7fe97,linux1804-64-shippable-qr,True,False,,|c|o|l|d| |f|i|s|s|i|o|n| |w|e|b|r|e|n|d|e|r|,102210fe594ee9b33d82058545b1ed14f4c8206e,LastVisualChange,cnn,True,cnn LastVisualChange opt cold fission webrender,,77,ms,firefox,,1766704126,2023-10-03T11:04:59,2043.7,f003c74ca9f9399bc6db342491d997d682efc357,1310236
autoland,3869862,13,ffaba559b8f75178eed537731f258b1129b7fe97,linux1804-64-shippable-qr,True,False,,|c|o|l|d| |f|i|s|s|i|o|n| |w|e|b|r|e|n|d|e|r|,102210fe594ee9b33d82058545b1ed14f4c8206e,LastVisualChange,cnn,True,cnn LastVisualChange opt cold fission webrender,,77,ms,firefox,,1766786899,2023-10-03T12:29:11,2098.7,e17d7235b6833e36a524263990347804df15c7fb,1310274
autoland,3869862,13,ffaba559b8f75178eed537731f258b1129b7fe97,linux1804-64-shippable-qr,True,False,,|c|o|l|d| |f|i|s|s|i|o|n| |w|e|b|r|e|n|d|e|r|,102210fe594ee9b33d82058545b1ed14f4c8206e,LastVisualChange,cnn,True,cnn LastVisualChange opt cold fission webrender,,77,ms,firefox,,1767221490,2023-10-03T15:17:19,2067.4,b3b1aa7e76bca656376581afa36895bcaf2c2bca,1310382
autoland,3869862,13,ffaba559b8f75178eed537731f258b1129b7fe97,linux1804-64-shippable-qr,True,False,,|c|o|l|d| |f|i|s|s|i|o|n| |w|e|b|r|e|n|d|e|r|,102210fe594ee9b33d82058545b1ed14f4c8206e,LastVisualChange,cnn,True,cnn LastVisualChange opt cold fission webrender,,77,ms,firefox,,1767319301,2023-10-03T15:19:21,2060.9,226b3a89b9be28eabc8c9c4dfebb5eac585c4a66,1310384
autoland,3869862,13,ffaba559b8f75178eed537731f258b1129b7fe97,linux1804-64-shippable-qr,True,False,,|c|o|l|d| |f|i|s|s|i|o|n| |w|e|b|r|e|n|d|e|r|,102210fe594ee9b33d82058545b1ed14f4c8206e,LastVisualChange,cnn,True,cnn LastVisualChange opt cold fission webrender,,77,ms,firefox,,1766916870,2023-10-03T16:51:48,2053.6,b93578d846b3af884d0a623f8ce43e0183c8307f,1310439
autoland,3869862,13,ffaba559b8f75178eed537731f258b1129b7fe97,linux1804-64-shippable-qr,True,False,,|c|o|l|d| |f|i|s|s|i|o|n| |w|e|b|r|e|n|d|e|r|,102210fe594ee9b33d82058545b1ed14f4c8206e,LastVisualChange,cnn,True,cnn LastVisualChange opt cold fission webrender,,77,ms,firefox,,1767293284,2023-10-03T18:55:57,2069.0,40e8e79805b33e9018a2ef43bb9b0edfd9bd0ec0,1310528
autoland,3869862,13,ffaba559b8f75178eed537731f258b1129b7fe97,linux1804-64-shippable-qr,True,False,,|c|o|l|d| |f|i|s|s|i|o|n| |w|e|b|r|e|n|d|e|r|,102210fe594ee9b33d82058545b1ed14f4c8206e,LastVisualChange,cnn,True,cnn LastVisualChange opt cold fission webrender,,77,ms,firefox,,1767287620,2023-10-03T18:59:16,2082.9,629886ef61b65a57dcc4e49625313b4c6b8c8b7e,1310533
autoland,3869862,13,ffaba559b8f75178eed537731f258b1129b7fe97,linux1804-64-shippable-qr,True,False,,|c|o|l|d| |f|i|s|s|i|o|n| |w|e|b|r|e|n|d|e|r|,102210fe594ee9b33d82058545b1ed14f4c8206e,LastVisualChange,cnn,True,cnn LastVisualChange opt cold fission webrender,,77,ms,firefox,,1767081475,2023-10-03T20:26:11,2051.7,422c0919f37048afb02dc4d87dfc018baa718a5b,1310584
autoland,3869862,13,ffaba559b8f75178eed537731f258b1129b7fe97,linux1804-64-shippable-qr,True,False,,|c|o|l|d| |f|i|s|s|i|o|n| |w|e|b|r|e|n|d|e|r|,102210fe594ee9b33d82058545b1ed14f4c8206e,LastVisualChange,cnn,True,cnn LastVisualChange opt cold fission webrender,,77,ms,firefox,,1767140917,2023-10-04T00:09:44,2037.2,3fb508020251d2cb191f2d62714da25ec3f35118,1310704
autoland,3869862,13,ffaba559b8f75178eed537731f258b1129b7fe97,linux1804-64-shippable-qr,True,False,,|c|o|l|d| |f|i|s|s|i|o|n| |w|e|b|r|e|n|d|e|r|,102210fe594ee9b33d82058545b1ed14f4c8206e,LastVisualChange,cnn,True,cnn LastVisualChange opt cold fission webrender,,77,ms,firefox,,1767340961,2023-10-04T04:52:48,2088.8,413c83e8ccdad48a5ea3e58243d8ec9bb8c317fd,1310758
autoland,3869862,13,ffaba559b8f75178eed537731f258b1129b7fe97,linux1804-64-shippable-qr,True,False,,|c|o|l|d| |f|i|s|s|i|o|n| |w|e|b|r|e|n|d|e|r|,102210fe594ee9b33d82058545b1ed14f4c8206e,LastVisualChange,cnn,True,cnn LastVisualChange opt cold fission webrender,,77,ms,firefox,,1767397751,2023-10-04T07:37:17,2089.4,ee60a98b1285e84f8466d929dd7197b4cb9e3beb,1310806
autoland,3869862,13,ffaba559b8f75178eed537731f258b1129b7fe97,linux1804-64-shippable-qr,True,False,,|c|o|l|d| |f|i|s|s|i|o|n| |w|e|b|r|e|n|d|e|r|,102210fe594ee9b33d82058545b1ed14f4c8206e,LastVisualChange,cnn,True,cnn LastVisualChange opt cold fission webrender,,77,ms,firefox,,1768112204,2023-10-04T09:49:47,2093.6,1c1b0e052b07035c225a9cfda5aa8f87ea21e372,1310877
autoland,3869862,13,ffaba559b8f75178eed537731f258b1129b7fe97,linux1804-64-shippable-qr,True,False,,|c|o|l|d| |f|i|s|s|i|o|n| |w|e|b|r|e|n|d|e|r|,102210fe594ee9b33d82058545b1ed14f4c8206e,LastVisualChange,cnn,True,cnn LastVisualChange opt cold fission webrender,,77,ms,firefox,,1768057931,2023-10-04T09:51:53,2068.5,5bf3ad80b3ec559fbfff98aed41d9b68c097f72a,1310879
autoland,3869862,13,ffaba559b8f75178eed537731f258b1129b7fe97,linux1804-64-shippable-qr,True,False,,|c|o|l|d| |f|i|s|s|i|o|n| |w|e|b|r|e|n|d|e|r|,102210fe594ee9b33d82058545b1ed14f4c8206e,LastVisualChange,cnn,True,cnn LastVisualChange opt cold fission webrender,,77,ms,firefox,,1767572343,2023-10-04T11:43:59,2079.9,c559095402a2380ba171d9c60662e36c8d5e948d,1310929
autoland,3869862,13,ffaba559b8f75178eed537731f258b1129b7fe97,linux1804-64-shippable-qr,True,False,,|c|o|l|d| |f|i|s|s|i|o|n| |w|e|b|r|e|n|d|e|r|,102210fe594ee9b33d82058545b1ed14f4c8206e,LastVisualChange,cnn,True,cnn LastVisualChange opt cold fission webrender,,77,ms,firefox,,1767679704,2023-10-04T13:35:26,2065.3,764533656770292f05824c8125c45832ba08baa6,1311025
autoland,3869862,13,ffaba559b8f75178eed537731f258b1129b7fe97,linux1804-64-shippable-qr,True,False,,|c|o|l|d| |f|i|s|s|i|o|n| |w|e|b|r|e|n|d|e|r|,102210fe594ee9b33d82058545b1ed14f4c8206e,LastVisualChange,cnn,True,cnn LastVisualChange opt cold fission webrender,,77,ms,firefox,,1767729465,2023-10-04T16:58:39,2075.9,ce4c0f200f3bbd6681a6313aebf0d64f7ea8afe5,1311191
autoland,3869862,13,ffaba559b8f75178eed537731f258b1129b7fe97,linux1804-64-shippable-qr,True,False,,|c|o|l|d| |f|i|s|s|i|o|n| |w|e|b|r|e|n|d|e|r|,102210fe594ee9b33d82058545b1ed14f4c8206e,LastVisualChange,cnn,True,cnn LastVisualChange opt cold fission webrender,,77,ms,firefox,,1767880768,2023-10-04T20:54:48,2064.1,e557eb7d97ce665fd81c680ed136877f12572c13,1311395
autoland,3869862,13,ffaba559b8f75178eed537731f258b1129b7fe97,linux1804-64-shippable-qr,True,False,,|c|o|l|d| |f|i|s|s|i|o|n| |w|e|b|r|e|n|d|e|r|,102210fe594ee9b33d82058545b1ed14f4c8206e,LastVisualChange,cnn,True,cnn LastVisualChange opt cold fission webrender,,77,ms,firefox,,1767990718,2023-10-05T00:01:56,2059.4,59f4df7189285072039d3a68afd88090443edb71,1311536
autoland,3869862,13,ffaba559b8f75178eed537731f258b1129b7fe97,linux1804-64-shippable-qr,True,False,,|c|o|l|d| |f|i|s|s|i|o|n| |w|e|b|r|e|n|d|e|r|,102210fe594ee9b33d82058545b1ed14f4c8206e,LastVisualChange,cnn,True,cnn LastVisualChange opt cold fission webrender,,77,ms,firefox,,1768096184,2023-10-05T04:15:14,2067.5,c406ccc1889d7f77e187d219bc9800009e26c02e,1311596
autoland,3869862,13,ffaba559b8f75178eed537731f258b1129b7fe97,linux1804-64-shippable-qr,True,False,,|c|o|l|d| |f|i|s|s|i|o|n| |w|e|b|r|e|n|d|e|r|,102210fe594ee9b33d82058545b1ed14f4c8206e,LastVisualChange,cnn,True,cnn LastVisualChange opt cold fission webrender,,77,ms,firefox,,1768248589,2023-10-05T08:15:44,2052.9,526604ee2cd434fcf94020c1c8b6b96d253a6e83,1311663
autoland,3869862,13,ffaba559b8f75178eed537731f258b1129b7fe97,linux1804-64-shippable-qr,True,False,,|c|o|l|d| |f|i|s|s|i|o|n| |w|e|b|r|e|n|d|e|r|,102210fe594ee9b33d82058545b1ed14f4c8206e,LastVisualChange,cnn,True,cnn LastVisualChange opt cold fission webrender,,77,ms,firefox,,1768170694,2023-10-05T08:43:24,2050.4,352fa7471fb72db127fc25a7723d201abec7bd50,1311677
autoland,3869862,13,ffaba559b8f75178eed537731f258b1129b7fe97,linux1804-64-shippable-qr,True,False,,|c|o|l|d| |f|i|s|s|i|o|n| |w|e|b|r|e|n|d|e|r|,102210fe594ee9b33d82058545b1ed14f4c8206e,LastVisualChange,cnn,True,cnn LastVisualChange opt cold fission webrender,,77,ms,firefox,,1768360223,2023-10-05T13:03:19,2081.6,071a248f1589b12a9d492997caf012ac6a813d61,1311840
autoland,3869862,13,ffaba559b8f75178eed537731f258b1129b7fe97,linux1804-64-shippable-qr,True,False,,|c|o|l|d| |f|i|s|s|i|o|n| |w|e|b|r|e|n|d|e|r|,102210fe594ee9b33d82058545b1ed14f4c8206e,LastVisualChange,cnn,True,cnn LastVisualChange opt cold fission webrender,,77,ms,firefox,,1768586816,2023-10-05T14:07:33,2062.1,38a59b940c35dfab50ff2deda3fe6f27bfa99213,1311899
autoland,3869862,13,ffaba559b8f75178eed537731f258b1129b7fe97,linux1804-64-shippable-qr,True,False,,|c|o|l|d| |f|i|s|s|i|o|n| |w|e|b|r|e|n|d|e|r|,102210fe594ee9b33d82058545b1ed14f4c8206e,LastVisualChange,cnn,True,cnn LastVisualChange opt cold fission webrender,,77,ms,firefox,,1768644885,2023-10-05T17:18:24,2075.2,def7651a06fb17bb344eaf48cc6daa6047be722e,1312069
autoland,3869862,13,ffaba559b8f75178eed537731f258b1129b7fe97,linux1804-64-shippable-qr,True,False,,|c|o|l|d| |f|i|s|s|i|o|n| |w|e|b|r|e|n|d|e|r|,102210fe594ee9b33d82058545b1ed14f4c8206e,LastVisualChange,cnn,True,cnn LastVisualChange opt cold fission webrender,,77,ms,firefox,,1768769319,2023-10-05T19:49:01,2072.4,5cb270a4e6b6f0aa6cd6865b7f8daf75ad10263c,1312160
autoland,3869862,13,ffaba559b8f75178eed537731f258b1129b7fe97,linux1804-64-shippable-qr,True,False,,|c|o|l|d| |f|i|s|s|i|o|n| |w|e|b|r|e|n|d|e|r|,102210fe594ee9b33d82058545b1ed14f4c8206e,LastVisualChange,cnn,True,cnn LastVisualChange opt cold fission webrender,,77,ms,firefox,,1768922411,2023-10-06T01:08:36,2101.7,461a9c98a535b9896e9d394bdfee72ce90cf7afd,1312319
autoland,3869862,13,ffaba559b8f75178eed537731f258b1129b7fe97,linux1804-64-shippable-qr,True,False,,|c|o|l|d| |f|i|s|s|i|o|n| |w|e|b|r|e|n|d|e|r|,102210fe594ee9b33d82058545b1ed14f4c8206e,LastVisualChange,cnn,True,cnn LastVisualChange opt cold fission webrender,,77,ms,firefox,,1768971289,2023-10-06T04:02:35,2026.6,055e1badb79853e71fe9123f8e0c60a4381a1239,1312369
autoland,3869862,13,ffaba559b8f75178eed537731f258b1129b7fe97,linux1804-64-shippable-qr,True,False,,|c|o|l|d| |f|i|s|s|i|o|n| |w|e|b|r|e|n|d|e|r|,102210fe594ee9b33d82058545b1ed14f4c8206e,LastVisualChange,cnn,True,cnn LastVisualChange opt cold fission webrender,,77,ms,firefox,,1769148255,2023-10-06T08:43:18,2047.8,00b027478170756439b780282f9cfdf15edea985,1312452
autoland,3869862,13,ffaba559b8f75178eed537731f258b1129b7fe97,linux1804-64-shippable-qr,True,False,,|c|o|l|d| |f|i|s|s|i|o|n| |w|e|b|r|e|n|d|e|r|,102210fe594ee9b33d82058545b1ed14f4c8206e,LastVisualChange,cnn,True,cnn LastVisualChange opt cold fission webrender,,77,ms,firefox,,1769203115,2023-10-06T12:06:22,2083.2,9b362770f30bc360df921ba24ace5de8c387e631,1312537
autoland,3869862,13,ffaba559b8f75178eed537731f258b1129b7fe97,linux1804-64-shippable-qr,True,False,,|c|o|l|d| |f|i|s|s|i|o|n| |w|e|b|r|e|n|d|e|r|,102210fe594ee9b33d82058545b1ed14f4c8206e,LastVisualChange,cnn,True,cnn LastVisualChange opt cold fission webrender,,77,ms,firefox,,1769621037,2023-10-06T13:46:53,2052.6,8de2cc7842d02711e15c523c1ef655d13a93d459,1312613
autoland,3869862,13,ffaba559b8f75178eed537731f258b1129b7fe97,linux1804-64-shippable-qr,True,False,,|c|o|l|d| |f|i|s|s|i|o|n| |w|e|b|r|e|n|d|e|r|,102210fe594ee9b33d82058545b1ed14f4c8206e,LastVisualChange,cnn,True,cnn LastVisualChange opt cold fission webrender,,77,ms,firefox,,1769622034,2023-10-06T13:56:34,2085.7,200aa4c0347a88e2cc21215f1cbe2441ea2feed1,1312619
autoland,3869862,13,ffaba559b8f75178eed537731f258b1129b7fe97,linux1804-64-shippable-qr,True,False,,|c|o|l|d| |f|i|s|s|i|o|n| |w|e|b|r|e|n|d|e|r|,102210fe594ee9b33d82058545b1ed14f4c8206e,LastVisualChange,cnn,True,cnn LastVisualChange opt cold fission webrender,,77,ms,firefox,,1769515384,2023-10-06T19:00:40,2049.6,c561ffa6099b97fd965811d77fd98de66c44d32b,1312844
autoland,3869862,13,ffaba559b8f75178eed537731f258b1129b7fe97,linux1804-64-shippable-qr,True,False,,|c|o|l|d| |f|i|s|s|i|o|n| |w|e|b|r|e|n|d|e|r|,102210fe594ee9b33d82058545b1ed14f4c8206e,LastVisualChange,cnn,True,cnn LastVisualChange opt cold fission webrender,,77,ms,firefox,,1769552508,2023-10-06T23:09:23,2044.4,1d25ed23e85a3a9d0d9117997337757d0ff718a2,1312997
autoland,3869862,13,ffaba559b8f75178eed537731f258b1129b7fe97,linux1804-64-shippable-qr,True,False,,|c|o|l|d| |f|i|s|s|i|o|n| |w|e|b|r|e|n|d|e|r|,102210fe594ee9b33d82058545b1ed14f4c8206e,LastVisualChange,cnn,True,cnn LastVisualChange opt cold fission webrender,,77,ms,firefox,,1769596959,2023-10-07T03:35:30,2059.1,4db29be9ee2947a3d67a996fefc3ff1cb94a6fcc,1313062
autoland,3869862,13,ffaba559b8f75178eed537731f258b1129b7fe97,linux1804-64-shippable-qr,True,False,,|c|o|l|d| |f|i|s|s|i|o|n| |w|e|b|r|e|n|d|e|r|,102210fe594ee9b33d82058545b1ed14f4c8206e,LastVisualChange,cnn,True,cnn LastVisualChange opt cold fission webrender,,77,ms,firefox,,1769652290,2023-10-07T06:02:53,2054.1,c4c56469518a5ccc9349ed7d29a0d56eba776df6,1313071
autoland,3869862,13,ffaba559b8f75178eed537731f258b1129b7fe97,linux1804-64-shippable-qr,True,False,,|c|o|l|d| |f|i|s|s|i|o|n| |w|e|b|r|e|n|d|e|r|,102210fe594ee9b33d82058545b1ed14f4c8206e,LastVisualChange,cnn,True,cnn LastVisualChange opt cold fission webrender,,77,ms,firefox,,1769761445,2023-10-07T13:52:35,2056.2,ef73c2e8cd831f2a46ff5704623db63232fd912d,1313122
autoland,3869862,13,ffaba559b8f75178eed537731f258b1129b7fe97,linux1804-64-shippable-qr,True,False,,|c|o|l|d| |f|i|s|s|i|o|n| |w|e|b|r|e|n|d|e|r|,102210fe594ee9b33d82058545b1ed14f4c8206e,LastVisualChange,cnn,True,cnn LastVisualChange opt cold fission webrender,,77,ms,firefox,,1769815693,2023-10-07T18:43:49,2066.6,8db232d0f8c742a85eb803c996ef87edac9d5c81,1313149
autoland,3869862,13,ffaba559b8f75178eed537731f258b1129b7fe97,linux1804-64-shippable-qr,True,False,,|c|o|l|d| |f|i|s|s|i|o|n| |w|e|b|r|e|n|d|e|r|,102210fe594ee9b33d82058545b1ed14f4c8206e,LastVisualChange,cnn,True,cnn LastVisualChange opt cold fission webrender,,77,ms,firefox,,1769881361,2023-10-07T23:15:17,2586.3,fba49989dde6aa32244c622fd43abe19a32128ae,1313184
autoland,3869862,13,ffaba559b8f75178eed537731f258b1129b7fe97,linux1804-64-shippable-qr,True,False,,|c|o|l|d| |f|i|s|s|i|o|n| |w|e|b|r|e|n|d|e|r|,102210fe594ee9b33d82058545b1ed14f4c8206e,LastVisualChange,cnn,True,cnn LastVisualChange opt cold fission webrender,,77,ms,firefox,,1769965902,2023-10-08T08:55:12,2081.4,68e866f36130edd1c8de093ac6d8a0fb78006527,1313211
autoland,3869862,13,ffaba559b8f75178eed537731f258b1129b7fe97,linux1804-64-shippable-qr,True,False,,|c|o|l|d| |f|i|s|s|i|o|n| |w|e|b|r|e|n|d|e|r|,102210fe594ee9b33d82058545b1ed14f4c8206e,LastVisualChange,cnn,True,cnn LastVisualChange opt cold fission webrender,,77,ms,firefox,,1770208284,2023-10-08T23:28:16,2066.6,38314c6dc43eed509bfa7c922dbbc4147ac2ce34,1313289
autoland,3869862,13,ffaba559b8f75178eed537731f258b1129b7fe97,linux1804-64-shippable-qr,True,False,,|c|o|l|d| |f|i|s|s|i|o|n| |w|e|b|r|e|n|d|e|r|,102210fe594ee9b33d82058545b1ed14f4c8206e,LastVisualChange,cnn,True,cnn LastVisualChange opt cold fission webrender,,77,ms,firefox,,1770270302,2023-10-09T04:48:12,2044.8,d5fd5e481ff21f14c9771aa58f8fb378a8430cdf,1313332
autoland,3869862,13,ffaba559b8f75178eed537731f258b1129b7fe97,linux1804-64-shippable-qr,True,False,,|c|o|l|d| |f|i|s|s|i|o|n| |w|e|b|r|e|n|d|e|r|,102210fe594ee9b33d82058545b1ed14f4c8206e,LastVisualChange,cnn,True,cnn LastVisualChange opt cold fission webrender,,77,ms,firefox,,1770451626,2023-10-09T08:48:33,2036.2,77c18c08c9ff87c6ff0e5b546ac609296d5e04db,1313413
autoland,3869862,13,ffaba559b8f75178eed537731f258b1129b7fe97,linux1804-64-shippable-qr,True,False,,|c|o|l|d| |f|i|s|s|i|o|n| |w|e|b|r|e|n|d|e|r|,102210fe594ee9b33d82058545b1ed14f4c8206e,LastVisualChange,cnn,True,cnn LastVisualChange opt cold fission webrender,,77,ms,firefox,,1770468197,2023-10-09T11:45:29,2065.8,70c980c054e9a0693d3bee343b1235d47894163d,1313495
autoland,3869862,13,ffaba559b8f75178eed537731f258b1129b7fe97,linux1804-64-shippable-qr,True,False,,|c|o|l|d| |f|i|s|s|i|o|n| |w|e|b|r|e|n|d|e|r|,102210fe594ee9b33d82058545b1ed14f4c8206e,LastVisualChange,cnn,True,cnn LastVisualChange opt cold fission webrender,,77,ms,firefox,,1770574762,2023-10-09T16:17:23,2039.3,86e82f01df51429edbb4cfa27823d4d71e7844ab,1313678
autoland,3869862,13,ffaba559b8f75178eed537731f258b1129b7fe97,linux1804-64-shippable-qr,True,False,,|c|o|l|d| |f|i|s|s|i|o|n| |w|e|b|r|e|n|d|e|r|,102210fe594ee9b33d82058545b1ed14f4c8206e,LastVisualChange,cnn,True,cnn LastVisualChange opt cold fission webrender,,77,ms,firefox,,1770617210,2023-10-09T16:47:54,2052.8,9591bcc532c4599dba688d3555c6a0135139c39a,1313694
autoland,3869862,13,ffaba559b8f75178eed537731f258b1129b7fe97,linux1804-64-shippable-qr,True,False,,|c|o|l|d| |f|i|s|s|i|o|n| |w|e|b|r|e|n|d|e|r|,102210fe594ee9b33d82058545b1ed14f4c8206e,LastVisualChange,cnn,True,cnn LastVisualChange opt cold fission webrender,,77,ms,firefox,,1770723824,2023-10-09T21:45:38,2085.6,3d1ac3fb7670dd794589cae42735270de4266f4c,1313856
autoland,3869862,13,ffaba559b8f75178eed537731f258b1129b7fe97,linux1804-64-shippable-qr,True,False,,|c|o|l|d| |f|i|s|s|i|o|n| |w|e|b|r|e|n|d|e|r|,102210fe594ee9b33d82058545b1ed14f4c8206e,LastVisualChange,cnn,True,cnn LastVisualChange opt cold fission webrender,,77,ms,firefox,,1770796143,2023-10-10T02:31:01,2053.9,935a0ba75b642adf295d7792f8ad8129f87e4c03,1313960
autoland,3869862,13,ffaba559b8f75178eed537731f258b1129b7fe97,linux1804-64-shippable-qr,True,False,,|c|o|l|d| |f|i|s|s|i|o|n| |w|e|b|r|e|n|d|e|r|,102210fe594ee9b33d82058545b1ed14f4c8206e,LastVisualChange,cnn,True,cnn LastVisualChange opt cold fission webrender,,77,ms,firefox,,1770851760,2023-10-10T06:35:36,2053.7,de9287a68ed836a8fd2eb2ba90de0770a18c877a,1314004
autoland,3869862,13,ffaba559b8f75178eed537731f258b1129b7fe97,linux1804-64-shippable-qr,True,False,,|c|o|l|d| |f|i|s|s|i|o|n| |w|e|b|r|e|n|d|e|r|,102210fe594ee9b33d82058545b1ed14f4c8206e,LastVisualChange,cnn,True,cnn LastVisualChange opt cold fission webrender,,77,ms,firefox,,1770889519,2023-10-10T08:23:57,2060.3,bec78f6e89cdb3b51ac879af75533217f38970cf,1314048
autoland,3869862,13,ffaba559b8f75178eed537731f258b1129b7fe97,linux1804-64-shippable-qr,True,False,,|c|o|l|d| |f|i|s|s|i|o|n| |w|e|b|r|e|n|d|e|r|,102210fe594ee9b33d82058545b1ed14f4c8206e,LastVisualChange,cnn,True,cnn LastVisualChange opt cold fission webrender,,77,ms,firefox,,1771047156,2023-10-10T12:59:15,2053.3,7a4c861a2d10a6757c8844de9bd8f71c94cb6150,1314216
autoland,3869862,13,ffaba559b8f75178eed537731f258b1129b7fe97,linux1804-64-shippable-qr,True,False,,|c|o|l|d| |f|i|s|s|i|o|n| |w|e|b|r|e|n|d|e|r|,102210fe594ee9b33d82058545b1ed14f4c8206e,LastVisualChange,cnn,True,cnn LastVisualChange opt cold fission webrender,,77,ms,firefox,,1771502130,2023-10-10T13:04:52,2052.2,fcde87df3b93db3d958e21f5a1824932b5a1e3af,1314219
autoland,3869862,13,ffaba559b8f75178eed537731f258b1129b7fe97,linux1804-64-shippable-qr,True,False,,|c|o|l|d| |f|i|s|s|i|o|n| |w|e|b|r|e|n|d|e|r|,102210fe594ee9b33d82058545b1ed14f4c8206e,LastVisualChange,cnn,True,cnn LastVisualChange opt cold fission webrender,,77,ms,firefox,,1771492639,2023-10-10T13:32:03,2032.1,45b924a9f0ce3bb7897eba747182390358f0aab5,1314244
autoland,3869862,13,ffaba559b8f75178eed537731f258b1129b7fe97,linux1804-64-shippable-qr,True,False,,|c|o|l|d| |f|i|s|s|i|o|n| |w|e|b|r|e|n|d|e|r|,102210fe594ee9b33d82058545b1ed14f4c8206e,LastVisualChange,cnn,True,cnn LastVisualChange opt cold fission webrender,,77,ms,firefox,,1771465990,2023-10-10T14:21:52,2066.5,a356f20620ff71f1baee4893e21927c48f8da223,1314283
autoland,3869862,13,ffaba559b8f75178eed537731f258b1129b7fe97,linux1804-64-shippable-qr,True,False,,|c|o|l|d| |f|i|s|s|i|o|n| |w|e|b|r|e|n|d|e|r|,102210fe594ee9b33d82058545b1ed14f4c8206e,LastVisualChange,cnn,True,cnn LastVisualChange opt cold fission webrender,,77,ms,firefox,,1771433489,2023-10-10T14:39:22,2050.5,60af720985092b2072845a378ab68a4c3f98670a,1314303
autoland,3869862,13,ffaba559b8f75178eed537731f258b1129b7fe97,linux1804-64-shippable-qr,True,False,,|c|o|l|d| |f|i|s|s|i|o|n| |w|e|b|r|e|n|d|e|r|,102210fe594ee9b33d82058545b1ed14f4c8206e,LastVisualChange,cnn,True,cnn LastVisualChange opt cold fission webrender,,77,ms,firefox,,1771107692,2023-10-10T15:20:47,1690.5,686073214e498a3ed6018f15d9cd093812f5ab6f,1314341
autoland,3869862,13,ffaba559b8f75178eed537731f258b1129b7fe97,linux1804-64-shippable-qr,True,False,,|c|o|l|d| |f|i|s|s|i|o|n| |w|e|b|r|e|n|d|e|r|,102210fe594ee9b33d82058545b1ed14f4c8206e,LastVisualChange,cnn,True,cnn LastVisualChange opt cold fission webrender,,77,ms,firefox,,1771267957,2023-10-10T18:56:17,2036.6,e746122083e758920b17ca0fd4726093187f3715,1314490
autoland,3869862,13,ffaba559b8f75178eed537731f258b1129b7fe97,linux1804-64-shippable-qr,True,False,,|c|o|l|d| |f|i|s|s|i|o|n| |w|e|b|r|e|n|d|e|r|,102210fe594ee9b33d82058545b1ed14f4c8206e,LastVisualChange,cnn,True,cnn LastVisualChange opt cold fission webrender,,77,ms,firefox,,1771351199,2023-10-10T21:46:34,2054.0,32a23612bb297f386b6239e7bff0be58b62b2f73,1314585
autoland,3869862,13,ffaba559b8f75178eed537731f258b1129b7fe97,linux1804-64-shippable-qr,True,False,,|c|o|l|d| |f|i|s|s|i|o|n| |w|e|b|r|e|n|d|e|r|,102210fe594ee9b33d82058545b1ed14f4c8206e,LastVisualChange,cnn,True,cnn LastVisualChange opt cold fission webrender,,77,ms,firefox,,1772193594,2023-10-11T00:09:28,2038.2,88753a02fc62dc29db2d5f9f6c8eb7d599f6d39f,1314684
autoland,3869862,13,ffaba559b8f75178eed537731f258b1129b7fe97,linux1804-64-shippable-qr,True,False,,|c|o|l|d| |f|i|s|s|i|o|n| |w|e|b|r|e|n|d|e|r|,102210fe594ee9b33d82058545b1ed14f4c8206e,LastVisualChange,cnn,True,cnn LastVisualChange opt cold fission webrender,,77,ms,firefox,,1772171519,2023-10-11T00:33:20,2028.7,d96615dc7b30363d62e6f07d235da826838846bc,1314688
autoland,3869862,13,ffaba559b8f75178eed537731f258b1129b7fe97,linux1804-64-shippable-qr,True,False,,|c|o|l|d| |f|i|s|s|i|o|n| |w|e|b|r|e|n|d|e|r|,102210fe594ee9b33d82058545b1ed14f4c8206e,LastVisualChange,cnn,True,cnn LastVisualChange opt cold fission webrender,,77,ms,firefox,,1771466401,2023-10-11T04:35:52,2051.0,fb1c93363030ee78f4a3ea0da9854fb688a630b8,1314760
autoland,3869862,13,ffaba559b8f75178eed537731f258b1129b7fe97,linux1804-64-shippable-qr,True,False,,|c|o|l|d| |f|i|s|s|i|o|n| |w|e|b|r|e|n|d|e|r|,102210fe594ee9b33d82058545b1ed14f4c8206e,LastVisualChange,cnn,True,cnn LastVisualChange opt cold fission webrender,,77,ms,firefox,,1771529061,2023-10-11T05:18:39,2039.6,d677f2833f2cf056757a6a3cf8c2e8b4273fb788,1314767
autoland,3869862,13,ffaba559b8f75178eed537731f258b1129b7fe97,linux1804-64-shippable-qr,True,False,,|c|o|l|d| |f|i|s|s|i|o|n| |w|e|b|r|e|n|d|e|r|,102210fe594ee9b33d82058545b1ed14f4c8206e,LastVisualChange,cnn,True,cnn LastVisualChange opt cold fission webrender,,77,ms,firefox,,1771648643,2023-10-11T09:29:42,2257.8,2124c3eebcb12eb72e8ced7bfb3c8521a028af8d,1314864
autoland,3869862,13,ffaba559b8f75178eed537731f258b1129b7fe97,linux1804-64-shippable-qr,True,False,,|c|o|l|d| |f|i|s|s|i|o|n| |w|e|b|r|e|n|d|e|r|,102210fe594ee9b33d82058545b1ed14f4c8206e,LastVisualChange,cnn,True,cnn LastVisualChange opt cold fission webrender,,77,ms,firefox,,1771653212,2023-10-11T10:39:45,2041.1,e4751df31e7494090d14b0ab8ff52bab6c1391d7,1314918
autoland,3869862,13,ffaba559b8f75178eed537731f258b1129b7fe97,linux1804-64-shippable-qr,True,False,,|c|o|l|d| |f|i|s|s|i|o|n| |w|e|b|r|e|n|d|e|r|,102210fe594ee9b33d82058545b1ed14f4c8206e,LastVisualChange,cnn,True,cnn LastVisualChange opt cold fission webrender,,77,ms,firefox,,1771743603,2023-10-11T14:42:40,2017.6,2f6d9a971e1895c3186c6f2cdc2286c9f6e9694e,1315015
autoland,3869862,13,ffaba559b8f75178eed537731f258b1129b7fe97,linux1804-64-shippable-qr,True,False,,|c|o|l|d| |f|i|s|s|i|o|n| |w|e|b|r|e|n|d|e|r|,102210fe594ee9b33d82058545b1ed14f4c8206e,LastVisualChange,cnn,True,cnn LastVisualChange opt cold fission webrender,,77,ms,firefox,,1771765785,2023-10-11T15:07:05,2027.2,a710f6c3ab82ca81444f0478a4882217c3628bf0,1315029
autoland,3869862,13,ffaba559b8f75178eed537731f258b1129b7fe97,linux1804-64-shippable-qr,True,False,,|c|o|l|d| |f|i|s|s|i|o|n| |w|e|b|r|e|n|d|e|r|,102210fe594ee9b33d82058545b1ed14f4c8206e,LastVisualChange,cnn,True,cnn LastVisualChange opt cold fission webrender,,77,ms,firefox,,1771815842,2023-10-11T17:21:18,2058.3,be8d8e6ec4b7216d8dcb9b4ff8c8a413fc83da74,1315168
autoland,3869862,13,ffaba559b8f75178eed537731f258b1129b7fe97,linux1804-64-shippable-qr,True,False,,|c|o|l|d| |f|i|s|s|i|o|n| |w|e|b|r|e|n|d|e|r|,102210fe594ee9b33d82058545b1ed14f4c8206e,LastVisualChange,cnn,True,cnn LastVisualChange opt cold fission webrender,,77,ms,firefox,,1771945439,2023-10-11T21:29:22,2050.1,dfe9eba9757679d9dda934ba7dd5798a0c3360fe,1315364
autoland,3869862,13,ffaba559b8f75178eed537731f258b1129b7fe97,linux1804-64-shippable-qr,True,False,,|c|o|l|d| |f|i|s|s|i|o|n| |w|e|b|r|e|n|d|e|r|,102210fe594ee9b33d82058545b1ed14f4c8206e,LastVisualChange,cnn,True,cnn LastVisualChange opt cold fission webrender,,77,ms,firefox,,1771961720,2023-10-11T21:41:54,2030.7,2cbc64e7dbb0cd771d39710e5c3f2ed9a7e02b50,1315372
autoland,3869862,13,ffaba559b8f75178eed537731f258b1129b7fe97,linux1804-64-shippable-qr,True,False,,|c|o|l|d| |f|i|s|s|i|o|n| |w|e|b|r|e|n|d|e|r|,102210fe594ee9b33d82058545b1ed14f4c8206e,LastVisualChange,cnn,True,cnn LastVisualChange opt cold fission webrender,,77,ms,firefox,,1772157148,2023-10-12T04:10:05,2108.5,c77a5d731bccf47b2b9f0714e44d5943f903d95e,1315494
autoland,3869862,13,ffaba559b8f75178eed537731f258b1129b7fe97,linux1804-64-shippable-qr,True,False,,|c|o|l|d| |f|i|s|s|i|o|n| |w|e|b|r|e|n|d|e|r|,102210fe594ee9b33d82058545b1ed14f4c8206e,LastVisualChange,cnn,True,cnn LastVisualChange opt cold fission webrender,,77,ms,firefox,,1772228531,2023-10-12T08:16:23,2005.4,d64dc6406137711ffbc7f0bc42f6794a1c4ad236,1315559
autoland,3869862,13,ffaba559b8f75178eed537731f258b1129b7fe97,linux1804-64-shippable-qr,True,False,,|c|o|l|d| |f|i|s|s|i|o|n| |w|e|b|r|e|n|d|e|r|,102210fe594ee9b33d82058545b1ed14f4c8206e,LastVisualChange,cnn,True,cnn LastVisualChange opt cold fission webrender,,77,ms,firefox,,1772295207,2023-10-12T09:32:06,2057.0,6eb785f75431f10faa331dabd429029e6dd1224e,1315613
autoland,3869862,13,ffaba559b8f75178eed537731f258b1129b7fe97,linux1804-64-shippable-qr,True,False,,|c|o|l|d| |f|i|s|s|i|o|n| |w|e|b|r|e|n|d|e|r|,102210fe594ee9b33d82058545b1ed14f4c8206e,LastVisualChange,cnn,True,cnn LastVisualChange opt cold fission webrender,,77,ms,firefox,,1772810005,2023-10-12T09:47:02,1999.5,c25b3a0b864c4419985106ff938b73a7e1a43cb0,1315625
autoland,3869862,13,ffaba559b8f75178eed537731f258b1129b7fe97,linux1804-64-shippable-qr,True,False,,|c|o|l|d| |f|i|s|s|i|o|n| |w|e|b|r|e|n|d|e|r|,102210fe594ee9b33d82058545b1ed14f4c8206e,LastVisualChange,cnn,True,cnn LastVisualChange opt cold fission webrender,,77,ms,firefox,,1772803904,2023-10-12T09:59:06,2045.2,9e5296fd6179caf9546e8478d7d34b22972ea0ed,1315630
autoland,3869862,13,ffaba559b8f75178eed537731f258b1129b7fe97,linux1804-64-shippable-qr,True,False,,|c|o|l|d| |f|i|s|s|i|o|n| |w|e|b|r|e|n|d|e|r|,102210fe594ee9b33d82058545b1ed14f4c8206e,LastVisualChange,cnn,True,cnn LastVisualChange opt cold fission webrender,,77,ms,firefox,,1772394714,2023-10-12T12:42:22,2045.9,d3c6163a42b6002297fdb7cbb78395ee4495a357,1315709
autoland,3869862,13,ffaba559b8f75178eed537731f258b1129b7fe97,linux1804-64-shippable-qr,True,False,,|c|o|l|d| |f|i|s|s|i|o|n| |w|e|b|r|e|n|d|e|r|,102210fe594ee9b33d82058545b1ed14f4c8206e,LastVisualChange,cnn,True,cnn LastVisualChange opt cold fission webrender,,77,ms,firefox,,1772500796,2023-10-12T17:01:35,2049.4,c09a0d19d99b488a292e3583cd0bb488afc74173,1315902
autoland,3869862,13,ffaba559b8f75178eed537731f258b1129b7fe97,linux1804-64-shippable-qr,True,False,,|c|o|l|d| |f|i|s|s|i|o|n| |w|e|b|r|e|n|d|e|r|,102210fe594ee9b33d82058545b1ed14f4c8206e,LastVisualChange,cnn,True,cnn LastVisualChange opt cold fission webrender,,77,ms,firefox,,1772525121,2023-10-12T17:02:35,2054.6,a5369079cd89dd91a42689da9aad1fc607ef9146,1315903
autoland,3869862,13,ffaba559b8f75178eed537731f258b1129b7fe97,linux1804-64-shippable-qr,True,False,,|c|o|l|d| |f|i|s|s|i|o|n| |w|e|b|r|e|n|d|e|r|,102210fe594ee9b33d82058545b1ed14f4c8206e,LastVisualChange,cnn,True,cnn LastVisualChange opt cold fission webrender,,77,ms,firefox,,1772584680,2023-10-12T19:48:41,2039.7,b9478e8898d6397ccb0ca6d2f90b882083ef91d2,1316052
autoland,3869862,13,ffaba559b8f75178eed537731f258b1129b7fe97,linux1804-64-shippable-qr,True,False,,|c|o|l|d| |f|i|s|s|i|o|n| |w|e|b|r|e|n|d|e|r|,102210fe594ee9b33d82058545b1ed14f4c8206e,LastVisualChange,cnn,True,cnn LastVisualChange opt cold fission webrender,,77,ms,firefox,,1772726239,2023-10-12T23:58:41,2007.0,6769216667ff487b1442f654ee41dc5f12c23983,1316211
autoland,3869862,13,ffaba559b8f75178eed537731f258b1129b7fe97,linux1804-64-shippable-qr,True,False,,|c|o|l|d| |f|i|s|s|i|o|n| |w|e|b|r|e|n|d|e|r|,102210fe594ee9b33d82058545b1ed14f4c8206e,LastVisualChange,cnn,True,cnn LastVisualChange opt cold fission webrender,,77,ms,firefox,,1772834236,2023-10-13T06:04:39,2101.4,810153993fc0b06ce0eabae2602fc7f74ed9be18,1316292
autoland,3869862,13,ffaba559b8f75178eed537731f258b1129b7fe97,linux1804-64-shippable-qr,True,False,,|c|o|l|d| |f|i|s|s|i|o|n| |w|e|b|r|e|n|d|e|r|,102210fe594ee9b33d82058545b1ed14f4c8206e,LastVisualChange,cnn,True,cnn LastVisualChange opt cold fission webrender,,77,ms,firefox,,1772836332,2023-10-13T06:28:51,2019.9,930888998f68ddfb0f36d898e98305e459d7cbb2,1316299
autoland,3869862,13,ffaba559b8f75178eed537731f258b1129b7fe97,linux1804-64-shippable-qr,True,False,,|c|o|l|d| |f|i|s|s|i|o|n| |w|e|b|r|e|n|d|e|r|,102210fe594ee9b33d82058545b1ed14f4c8206e,LastVisualChange,cnn,True,cnn LastVisualChange opt cold fission webrender,,77,ms,firefox,,1772991566,2023-10-13T10:45:16,2064.0,0db2502d9e9503580a800e13235be8c02043bbc0,1316413
autoland,3869862,13,ffaba559b8f75178eed537731f258b1129b7fe97,linux1804-64-shippable-qr,True,False,,|c|o|l|d| |f|i|s|s|i|o|n| |w|e|b|r|e|n|d|e|r|,102210fe594ee9b33d82058545b1ed14f4c8206e,LastVisualChange,cnn,True,cnn LastVisualChange opt cold fission webrender,,77,ms,firefox,,1773006770,2023-10-13T11:42:22,2071.8,8246d773a07ce105d3a9f92b96007867c7df3cc4,1316442
autoland,3869862,13,ffaba559b8f75178eed537731f258b1129b7fe97,linux1804-64-shippable-qr,True,False,,|c|o|l|d| |f|i|s|s|i|o|n| |w|e|b|r|e|n|d|e|r|,102210fe594ee9b33d82058545b1ed14f4c8206e,LastVisualChange,cnn,True,cnn LastVisualChange opt cold fission webrender,,77,ms,firefox,,1773365445,2023-10-13T14:26:35,2037.2,d92869043e48f272340ceae0f119dd775474cb62,1316557
autoland,3869862,13,ffaba559b8f75178eed537731f258b1129b7fe97,linux1804-64-shippable-qr,True,False,,|c|o|l|d| |f|i|s|s|i|o|n| |w|e|b|r|e|n|d|e|r|,102210fe594ee9b33d82058545b1ed14f4c8206e,LastVisualChange,cnn,True,cnn LastVisualChange opt cold fission webrender,,77,ms,firefox,,1773355348,2023-10-13T14:55:48,2050.2,0038344669650c895c3351ddfb62b9f89119d0e3,1316590
autoland,3869862,13,ffaba559b8f75178eed537731f258b1129b7fe97,linux1804-64-shippable-qr,True,False,,|c|o|l|d| |f|i|s|s|i|o|n| |w|e|b|r|e|n|d|e|r|,102210fe594ee9b33d82058545b1ed14f4c8206e,LastVisualChange,cnn,True,cnn LastVisualChange opt cold fission webrender,,77,ms,firefox,,1773079935,2023-10-13T15:49:30,2051.5,8adc92d3a6a8eeeefd63f98296c29907c3838316,1316607
autoland,3869862,13,ffaba559b8f75178eed537731f258b1129b7fe97,linux1804-64-shippable-qr,True,False,,|c|o|l|d| |f|i|s|s|i|o|n| |w|e|b|r|e|n|d|e|r|,102210fe594ee9b33d82058545b1ed14f4c8206e,LastVisualChange,cnn,True,cnn LastVisualChange opt cold fission webrender,,77,ms,firefox,,1773071256,2023-10-13T16:11:23,2055.1,9ba44fb4eeafba4229fe28a6f3b42c79d8d05692,1316611
autoland,3869862,13,ffaba559b8f75178eed537731f258b1129b7fe97,linux1804-64-shippable-qr,True,False,,|c|o|l|d| |f|i|s|s|i|o|n| |w|e|b|r|e|n|d|e|r|,102210fe594ee9b33d82058545b1ed14f4c8206e,LastVisualChange,cnn,True,cnn LastVisualChange opt cold fission webrender,,77,ms,firefox,,1773317930,2023-10-14T00:40:19,2061.3,bcd044cb6c313be98b766d19688066871ddaa6b3,1316857
autoland,3869862,13,ffaba559b8f75178eed537731f258b1129b7fe97,linux1804-64-shippable-qr,True,False,,|c|o|l|d| |f|i|s|s|i|o|n| |w|e|b|r|e|n|d|e|r|,102210fe594ee9b33d82058545b1ed14f4c8206e,LastVisualChange,cnn,True,cnn LastVisualChange opt cold fission webrender,,77,ms,firefox,,1773363124,2023-10-14T05:14:50,2014.3,19db6b0f6713fdb1f311426a7899070e3ca19d6b,1316873
autoland,3869862,13,ffaba559b8f75178eed537731f258b1129b7fe97,linux1804-64-shippable-qr,True,False,,|c|o|l|d| |f|i|s|s|i|o|n| |w|e|b|r|e|n|d|e|r|,102210fe594ee9b33d82058545b1ed14f4c8206e,LastVisualChange,cnn,True,cnn LastVisualChange opt cold fission webrender,,77,ms,firefox,,1773429295,2023-10-14T09:25:57,2033.8,1e870b95242b07bc4961bf7558d0703dd03814b3,1316895
autoland,3869862,13,ffaba559b8f75178eed537731f258b1129b7fe97,linux1804-64-shippable-qr,True,False,,|c|o|l|d| |f|i|s|s|i|o|n| |w|e|b|r|e|n|d|e|r|,102210fe594ee9b33d82058545b1ed14f4c8206e,LastVisualChange,cnn,True,cnn LastVisualChange opt cold fission webrender,,77,ms,firefox,,1773547704,2023-10-14T16:14:11,2026.0,3f99c563251ec523301e9d46e6904989fc827306,1316942
autoland,3869862,13,ffaba559b8f75178eed537731f258b1129b7fe97,linux1804-64-shippable-qr,True,False,,|c|o|l|d| |f|i|s|s|i|o|n| |w|e|b|r|e|n|d|e|r|,102210fe594ee9b33d82058545b1ed14f4c8206e,LastVisualChange,cnn,True,cnn LastVisualChange opt cold fission webrender,,77,ms,firefox,,1773689033,2023-10-15T06:24:19,2033.8,468469f54da6070a84314dc3c4ddcdfaca74b714,1316977
autoland,3869862,13,ffaba559b8f75178eed537731f258b1129b7fe97,linux1804-64-shippable-qr,True,False,,|c|o|l|d| |f|i|s|s|i|o|n| |w|e|b|r|e|n|d|e|r|,102210fe594ee9b33d82058545b1ed14f4c8206e,LastVisualChange,cnn,True,cnn LastVisualChange opt cold fission webrender,,77,ms,firefox,,1773752384,2023-10-15T10:45:53,2050.9,91657cb1296c904004ace38877b9ca91f502be3f,1317007
autoland,3869862,13,ffaba559b8f75178eed537731f258b1129b7fe97,linux1804-64-shippable-qr,True,False,,|c|o|l|d| |f|i|s|s|i|o|n| |w|e|b|r|e|n|d|e|r|,102210fe594ee9b33d82058545b1ed14f4c8206e,LastVisualChange,cnn,True,cnn LastVisualChange opt cold fission webrender,,77,ms,firefox,,1773801455,2023-10-15T15:32:44,2029.6,aba20bc488e22880b8ef5a89916ecabb51cee798,1317021
autoland,3869862,13,ffaba559b8f75178eed537731f258b1129b7fe97,linux1804-64-shippable-qr,True,False,,|c|o|l|d| |f|i|s|s|i|o|n| |w|e|b|r|e|n|d|e|r|,102210fe594ee9b33d82058545b1ed14f4c8206e,LastVisualChange,cnn,True,cnn LastVisualChange opt cold fission webrender,,77,ms,firefox,,1773909512,2023-10-16T01:55:37,2042.7,f3de6f924333ec7c359d81d9fb16a9fca07ee42e,1317071
autoland,3869862,13,ffaba559b8f75178eed537731f258b1129b7fe97,linux1804-64-shippable-qr,True,False,,|c|o|l|d| |f|i|s|s|i|o|n| |w|e|b|r|e|n|d|e|r|,102210fe594ee9b33d82058545b1ed14f4c8206e,LastVisualChange,cnn,True,cnn LastVisualChange opt cold fission webrender,,77,ms,firefox,,1773966414,2023-10-16T05:57:00,2052.9,e891ad8158b3106dceb2199ed2c74c0c2f05fa88,1317093
autoland,3869862,13,ffaba559b8f75178eed537731f258b1129b7fe97,linux1804-64-shippable-qr,True,False,,|c|o|l|d| |f|i|s|s|i|o|n| |w|e|b|r|e|n|d|e|r|,102210fe594ee9b33d82058545b1ed14f4c8206e,LastVisualChange,cnn,True,cnn LastVisualChange opt cold fission webrender,,77,ms,firefox,,1774717997,2023-10-16T08:23:09,2051.1,56bf1b814b61d03feb5af78e0597df5e42a3d9b1,1317139
autoland,3869862,13,ffaba559b8f75178eed537731f258b1129b7fe97,linux1804-64-shippable-qr,True,False,,|c|o|l|d| |f|i|s|s|i|o|n| |w|e|b|r|e|n|d|e|r|,102210fe594ee9b33d82058545b1ed14f4c8206e,LastVisualChange,cnn,True,cnn LastVisualChange opt cold fission webrender,,77,ms,firefox,,1774680677,2023-10-16T08:56:06,2050.9,fd6b422ae3e6288547b10ebdb73868dbf8146f3c,1317154
autoland,3869862,13,ffaba559b8f75178eed537731f258b1129b7fe97,linux1804-64-shippable-qr,True,False,,|c|o|l|d| |f|i|s|s|i|o|n| |w|e|b|r|e|n|d|e|r|,102210fe594ee9b33d82058545b1ed14f4c8206e,LastVisualChange,cnn,True,cnn LastVisualChange opt cold fission webrender,,77,ms,firefox,,1774701355,2023-10-16T08:56:06,2044.5,fd6b422ae3e6288547b10ebdb73868dbf8146f3c,1317154
autoland,3869862,13,ffaba559b8f75178eed537731f258b1129b7fe97,linux1804-64-shippable-qr,True,False,,|c|o|l|d| |f|i|s|s|i|o|n| |w|e|b|r|e|n|d|e|r|,102210fe594ee9b33d82058545b1ed14f4c8206e,LastVisualChange,cnn,True,cnn LastVisualChange opt cold fission webrender,,77,ms,firefox,,1774691163,2023-10-16T08:59:07,2054.3,0ae489476d37cd7110a2ac3774b5cbcb97accfad,1317156
autoland,3869862,13,ffaba559b8f75178eed537731f258b1129b7fe97,linux1804-64-shippable-qr,True,False,,|c|o|l|d| |f|i|s|s|i|o|n| |w|e|b|r|e|n|d|e|r|,102210fe594ee9b33d82058545b1ed14f4c8206e,LastVisualChange,cnn,True,cnn LastVisualChange opt cold fission webrender,,77,ms,firefox,,1774100335,2023-10-16T10:06:37,2034.4,e009aa26b6f79e7e5af18000b983f6decaa90eed,1317197
autoland,3869862,13,ffaba559b8f75178eed537731f258b1129b7fe97,linux1804-64-shippable-qr,True,False,,|c|o|l|d| |f|i|s|s|i|o|n| |w|e|b|r|e|n|d|e|r|,102210fe594ee9b33d82058545b1ed14f4c8206e,LastVisualChange,cnn,True,cnn LastVisualChange opt cold fission webrender,,77,ms,firefox,,1774160198,2023-10-16T11:25:28,2063.7,8cb2f63a1e705ad6bf77a8f6dcb151aa3b67d2e6,1317241
autoland,3869862,13,ffaba559b8f75178eed537731f258b1129b7fe97,linux1804-64-shippable-qr,True,False,,|c|o|l|d| |f|i|s|s|i|o|n| |w|e|b|r|e|n|d|e|r|,102210fe594ee9b33d82058545b1ed14f4c8206e,LastVisualChange,cnn,True,cnn LastVisualChange opt cold fission webrender,,77,ms,firefox,,1774286637,2023-10-16T15:34:18,2062.7,e0dd0b10e8fd0ea751f11fb0a6548ad9b6780e16,1317419
autoland,3869862,13,ffaba559b8f75178eed537731f258b1129b7fe97,linux1804-64-shippable-qr,True,False,,|c|o|l|d| |f|i|s|s|i|o|n| |w|e|b|r|e|n|d|e|r|,102210fe594ee9b33d82058545b1ed14f4c8206e,LastVisualChange,cnn,True,cnn LastVisualChange opt cold fission webrender,,77,ms,firefox,,1774417616,2023-10-16T19:06:00,2026.7,36e5163d2528daaa5669d0f9284470b070c8882e,1317546
autoland,3869862,13,ffaba559b8f75178eed537731f258b1129b7fe97,linux1804-64-shippable-qr,True,False,,|c|o|l|d| |f|i|s|s|i|o|n| |w|e|b|r|e|n|d|e|r|,102210fe594ee9b33d82058545b1ed14f4c8206e,LastVisualChange,cnn,True,cnn LastVisualChange opt cold fission webrender,,77,ms,firefox,,1774706500,2023-10-16T22:21:52,2052.2,aeef1b6cce72a720b2929b2f6c4de35348378a73,1317658
autoland,3869862,13,ffaba559b8f75178eed537731f258b1129b7fe97,linux1804-64-shippable-qr,True,False,,|c|o|l|d| |f|i|s|s|i|o|n| |w|e|b|r|e|n|d|e|r|,102210fe594ee9b33d82058545b1ed14f4c8206e,LastVisualChange,cnn,True,cnn LastVisualChange opt cold fission webrender,,77,ms,firefox,,1774734540,2023-10-16T22:29:18,2050.2,0c243e4e632e879acf3987d71245084b00de62fb,1317664
autoland,3869862,13,ffaba559b8f75178eed537731f258b1129b7fe97,linux1804-64-shippable-qr,True,False,,|c|o|l|d| |f|i|s|s|i|o|n| |w|e|b|r|e|n|d|e|r|,102210fe594ee9b33d82058545b1ed14f4c8206e,LastVisualChange,cnn,True,cnn LastVisualChange opt cold fission webrender,,77,ms,firefox,,1774564922,2023-10-17T00:17:31,2025.0,e4bf7b3e037323072304a1b1327df57c4a54b560,1317700
autoland,3869862,13,ffaba559b8f75178eed537731f258b1129b7fe97,linux1804-64-shippable-qr,True,False,,|c|o|l|d| |f|i|s|s|i|o|n| |w|e|b|r|e|n|d|e|r|,102210fe594ee9b33d82058545b1ed14f4c8206e,LastVisualChange,cnn,True,cnn LastVisualChange opt cold fission webrender,,77,ms,firefox,,1774749580,2023-10-17T05:18:57,2029.6,896b283a3e7185d805f59d4dcb3d6bb89e9e62d8,1317768
autoland,3869862,13,ffaba559b8f75178eed537731f258b1129b7fe97,linux1804-64-shippable-qr,True,False,,|c|o|l|d| |f|i|s|s|i|o|n| |w|e|b|r|e|n|d|e|r|,102210fe594ee9b33d82058545b1ed14f4c8206e,LastVisualChange,cnn,True,cnn LastVisualChange opt cold fission webrender,,77,ms,firefox,,1774758922,2023-10-17T06:01:55,2068.8,ca60a5861d4a8bd5de1c8e5a9f76c9e35767c38c,1317782
autoland,3869862,13,ffaba559b8f75178eed537731f258b1129b7fe97,linux1804-64-shippable-qr,True,False,,|c|o|l|d| |f|i|s|s|i|o|n| |w|e|b|r|e|n|d|e|r|,102210fe594ee9b33d82058545b1ed14f4c8206e,LastVisualChange,cnn,True,cnn LastVisualChange opt cold fission webrender,,77,ms,firefox,,1774887489,2023-10-17T10:34:28,2039.2,d59eb47c0fe47f9dd6886090330bcd49c47262ce,1317920
autoland,3869862,13,ffaba559b8f75178eed537731f258b1129b7fe97,linux1804-64-shippable-qr,True,False,,|c|o|l|d| |f|i|s|s|i|o|n| |w|e|b|r|e|n|d|e|r|,102210fe594ee9b33d82058545b1ed14f4c8206e,LastVisualChange,cnn,True,cnn LastVisualChange opt cold fission webrender,,77,ms,firefox,,1774995340,2023-10-17T13:02:41,2066.2,9b7c81791d7f619271724e082934a933604e20da,1318010
autoland,3869862,13,ffaba559b8f75178eed537731f258b1129b7fe97,linux1804-64-shippable-qr,True,False,,|c|o|l|d| |f|i|s|s|i|o|n| |w|e|b|r|e|n|d|e|r|,102210fe594ee9b33d82058545b1ed14f4c8206e,LastVisualChange,cnn,True,cnn LastVisualChange opt cold fission webrender,,77,ms,firefox,,1775594966,2023-10-17T14:44:37,2036.7,4df3ab50f61692827e109b3ba0bc095436aefc36,1318087
autoland,3869862,13,ffaba559b8f75178eed537731f258b1129b7fe97,linux1804-64-shippable-qr,True,False,,|c|o|l|d| |f|i|s|s|i|o|n| |w|e|b|r|e|n|d|e|r|,102210fe594ee9b33d82058545b1ed14f4c8206e,LastVisualChange,cnn,True,cnn LastVisualChange opt cold fission webrender,,77,ms,firefox,,1775632291,2023-10-17T14:48:54,2042.1,d08a4dbb9e1717c5718d158d2ccfbb8bd38ef48d,1318094
autoland,3869862,13,ffaba559b8f75178eed537731f258b1129b7fe97,linux1804-64-shippable-qr,True,False,,|c|o|l|d| |f|i|s|s|i|o|n| |w|e|b|r|e|n|d|e|r|,102210fe594ee9b33d82058545b1ed14f4c8206e,LastVisualChange,cnn,True,cnn LastVisualChange opt cold fission webrender,,77,ms,firefox,,1775203254,2023-10-17T16:53:16,2035.0,684641630402200d14bf5126668b97a4f280fe59,1318176
autoland,3869862,13,ffaba559b8f75178eed537731f258b1129b7fe97,linux1804-64-shippable-qr,True,False,,|c|o|l|d| |f|i|s|s|i|o|n| |w|e|b|r|e|n|d|e|r|,102210fe594ee9b33d82058545b1ed14f4c8206e,LastVisualChange,cnn,True,cnn LastVisualChange opt cold fission webrender,,77,ms,firefox,,1775359823,2023-10-17T21:03:18,2054.0,421ffc7aa24ace087dc2a09680943f412adc38ff,1318349
autoland,3869862,13,ffaba559b8f75178eed537731f258b1129b7fe97,linux1804-64-shippable-qr,True,False,,|c|o|l|d| |f|i|s|s|i|o|n| |w|e|b|r|e|n|d|e|r|,102210fe594ee9b33d82058545b1ed14f4c8206e,LastVisualChange,cnn,True,cnn LastVisualChange opt cold fission webrender,,77,ms,firefox,,1775378760,2023-10-17T21:04:13,2040.0,4091bed4a0aae7772537e08e6cb49bf0bc7434c9,1318350
autoland,3869862,13,ffaba559b8f75178eed537731f258b1129b7fe97,linux1804-64-shippable-qr,True,False,,|c|o|l|d| |f|i|s|s|i|o|n| |w|e|b|r|e|n|d|e|r|,102210fe594ee9b33d82058545b1ed14f4c8206e,LastVisualChange,cnn,True,cnn LastVisualChange opt cold fission webrender,,77,ms,firefox,,1775566348,2023-10-18T01:40:11,2023.4,ba691c21c968a48e1bd212426fcc20fa5f4c276d,1318466
autoland,3869862,13,ffaba559b8f75178eed537731f258b1129b7fe97,linux1804-64-shippable-qr,True,False,,|c|o|l|d| |f|i|s|s|i|o|n| |w|e|b|r|e|n|d|e|r|,102210fe594ee9b33d82058545b1ed14f4c8206e,LastVisualChange,cnn,True,cnn LastVisualChange opt cold fission webrender,,77,ms,firefox,,1775679884,2023-10-18T07:31:34,1657.0,47d77a0e86e138652fedb38962b9709f9c0fb98d,1318540
autoland,3869862,13,ffaba559b8f75178eed537731f258b1129b7fe97,linux1804-64-shippable-qr,True,False,,|c|o|l|d| |f|i|s|s|i|o|n| |w|e|b|r|e|n|d|e|r|,102210fe594ee9b33d82058545b1ed14f4c8206e,LastVisualChange,cnn,True,cnn LastVisualChange opt cold fission webrender,,77,ms,firefox,,1776635883,2023-10-18T07:54:20,2034.2,9e4f4dfc09522e65b6dfe0113cac8c8fba516089,1318546
autoland,3869862,13,ffaba559b8f75178eed537731f258b1129b7fe97,linux1804-64-shippable-qr,True,False,,|c|o|l|d| |f|i|s|s|i|o|n| |w|e|b|r|e|n|d|e|r|,102210fe594ee9b33d82058545b1ed14f4c8206e,LastVisualChange,cnn,True,cnn LastVisualChange opt cold fission webrender,,77,ms,firefox,,1776645752,2023-10-18T08:00:45,2058.7,ee3b3779af7fc81a53859fa92856ef9deae17a75,1318549
autoland,3869862,13,ffaba559b8f75178eed537731f258b1129b7fe97,linux1804-64-shippable-qr,True,False,,|c|o|l|d| |f|i|s|s|i|o|n| |w|e|b|r|e|n|d|e|r|,102210fe594ee9b33d82058545b1ed14f4c8206e,LastVisualChange,cnn,True,cnn LastVisualChange opt cold fission webrender,,77,ms,firefox,,1775918274,2023-10-18T11:51:04,2055.4,639c0da2250e38bb3102b66c6105aaf808e2a817,1318689
autoland,3869862,13,ffaba559b8f75178eed537731f258b1129b7fe97,linux1804-64-shippable-qr,True,False,,|c|o|l|d| |f|i|s|s|i|o|n| |w|e|b|r|e|n|d|e|r|,102210fe594ee9b33d82058545b1ed14f4c8206e,LastVisualChange,cnn,True,cnn LastVisualChange opt cold fission webrender,,77,ms,firefox,,1776090606,2023-10-18T16:05:19,2035.2,023ae54874d34eb300cdfa9630da4455cb406ad3,1318932
autoland,3869862,13,ffaba559b8f75178eed537731f258b1129b7fe97,linux1804-64-shippable-qr,True,False,,|c|o|l|d| |f|i|s|s|i|o|n| |w|e|b|r|e|n|d|e|r|,102210fe594ee9b33d82058545b1ed14f4c8206e,LastVisualChange,cnn,True,cnn LastVisualChange opt cold fission webrender,,77,ms,firefox,,1776143999,2023-10-18T16:32:33,2039.6,361e571454e94ba0cfa1a86d2a7f63a24455581c,1318947
autoland,3869862,13,ffaba559b8f75178eed537731f258b1129b7fe97,linux1804-64-shippable-qr,True,False,,|c|o|l|d| |f|i|s|s|i|o|n| |w|e|b|r|e|n|d|e|r|,102210fe594ee9b33d82058545b1ed14f4c8206e,LastVisualChange,cnn,True,cnn LastVisualChange opt cold fission webrender,,77,ms,firefox,,1776374482,2023-10-18T20:42:45,2053.3,77f05957a4fc15dc053469145b93089adfec3484,1319167
autoland,3869862,13,ffaba559b8f75178eed537731f258b1129b7fe97,linux1804-64-shippable-qr,True,False,,|c|o|l|d| |f|i|s|s|i|o|n| |w|e|b|r|e|n|d|e|r|,102210fe594ee9b33d82058545b1ed14f4c8206e,LastVisualChange,cnn,True,cnn LastVisualChange opt cold fission webrender,,77,ms,firefox,,1776328378,2023-10-18T20:46:18,2051.0,e059b0995a2a62238ca266c3ed9955434ac43517,1319169
autoland,3869862,13,ffaba559b8f75178eed537731f258b1129b7fe97,linux1804-64-shippable-qr,True,False,,|c|o|l|d| |f|i|s|s|i|o|n| |w|e|b|r|e|n|d|e|r|,102210fe594ee9b33d82058545b1ed14f4c8206e,LastVisualChange,cnn,True,cnn LastVisualChange opt cold fission webrender,,77,ms,firefox,,1776419010,2023-10-18T23:25:14,2053.1,beb80bb8c90921077e9c1130ad5a8e925dc060b7,1319276
autoland,3869862,13,ffaba559b8f75178eed537731f258b1129b7fe97,linux1804-64-shippable-qr,True,False,,|c|o|l|d| |f|i|s|s|i|o|n| |w|e|b|r|e|n|d|e|r|,102210fe594ee9b33d82058545b1ed14f4c8206e,LastVisualChange,cnn,True,cnn LastVisualChange opt cold fission webrender,,77,ms,firefox,,1776589382,2023-10-19T04:23:12,2028.1,53cee944c60ac3c237a9aa2dacd19aa6bde80c2a,1319373
autoland,3869862,13,ffaba559b8f75178eed537731f258b1129b7fe97,linux1804-64-shippable-qr,True,False,,|c|o|l|d| |f|i|s|s|i|o|n| |w|e|b|r|e|n|d|e|r|,102210fe594ee9b33d82058545b1ed14f4c8206e,LastVisualChange,cnn,True,cnn LastVisualChange opt cold fission webrender,,77,ms,firefox,,1776747714,2023-10-19T08:39:29,2014.8,a9a0ca5dc9605973d81ded607dfccd4d0a08dc68,1319455
autoland,3869862,13,ffaba559b8f75178eed537731f258b1129b7fe97,linux1804-64-shippable-qr,True,False,,|c|o|l|d| |f|i|s|s|i|o|n| |w|e|b|r|e|n|d|e|r|,102210fe594ee9b33d82058545b1ed14f4c8206e,LastVisualChange,cnn,True,cnn LastVisualChange opt cold fission webrender,,77,ms,firefox,,1776900913,2023-10-19T12:43:18,2044.0,2981b7bbee06c518301e1542545e92b6d80a8d0b,1319613
autoland,3869862,13,ffaba559b8f75178eed537731f258b1129b7fe97,linux1804-64-shippable-qr,True,False,,|c|o|l|d| |f|i|s|s|i|o|n| |w|e|b|r|e|n|d|e|r|,102210fe594ee9b33d82058545b1ed14f4c8206e,LastVisualChange,cnn,True,cnn LastVisualChange opt cold fission webrender,,77,ms,firefox,,1776866592,2023-10-19T12:48:25,2039.3,8be39770f68cb52d1a2b14bdf31a34f5e54212e8,1319617
autoland,3869862,13,ffaba559b8f75178eed537731f258b1129b7fe97,linux1804-64-shippable-qr,True,False,,|c|o|l|d| |f|i|s|s|i|o|n| |w|e|b|r|e|n|d|e|r|,102210fe594ee9b33d82058545b1ed14f4c8206e,LastVisualChange,cnn,True,cnn LastVisualChange opt cold fission webrender,,77,ms,firefox,,1776959747,2023-10-19T17:06:19,2037.3,fafeb43eefd13b4df24d6526d729b15fb42b7d27,1319833
autoland,3869862,13,ffaba559b8f75178eed537731f258b1129b7fe97,linux1804-64-shippable-qr,True,False,,|c|o|l|d| |f|i|s|s|i|o|n| |w|e|b|r|e|n|d|e|r|,102210fe594ee9b33d82058545b1ed14f4c8206e,LastVisualChange,cnn,True,cnn LastVisualChange opt cold fission webrender,,77,ms,firefox,,1777229405,2023-10-19T20:56:13,2048.8,6ae72d4d62c421303fd85fb0939f9baaa5594d83,1319988
autoland,3869862,13,ffaba559b8f75178eed537731f258b1129b7fe97,linux1804-64-shippable-qr,True,False,,|c|o|l|d| |f|i|s|s|i|o|n| |w|e|b|r|e|n|d|e|r|,102210fe594ee9b33d82058545b1ed14f4c8206e,LastVisualChange,cnn,True,cnn LastVisualChange opt cold fission webrender,,77,ms,firefox,,1777220476,2023-10-19T20:58:51,2047.9,b61e815058043ef79ba03f013bdf41ef57651fa5,1320000
autoland,3869862,13,ffaba559b8f75178eed537731f258b1129b7fe97,linux1804-64-shippable-qr,True,False,,|c|o|l|d| |f|i|s|s|i|o|n| |w|e|b|r|e|n|d|e|r|,102210fe594ee9b33d82058545b1ed14f4c8206e,LastVisualChange,cnn,True,cnn LastVisualChange opt cold fission webrender,,77,ms,firefox,,1777067224,2023-10-19T22:45:17,2071.9,b557109f1b5dd0a5c7be013c630945f886e17708,1320076
autoland,3869862,13,ffaba559b8f75178eed537731f258b1129b7fe97,linux1804-64-shippable-qr,True,False,,|c|o|l|d| |f|i|s|s|i|o|n| |w|e|b|r|e|n|d|e|r|,102210fe594ee9b33d82058545b1ed14f4c8206e,LastVisualChange,cnn,True,cnn LastVisualChange opt cold fission webrender,,77,ms,firefox,,1777109051,2023-10-19T22:59:16,2078.0,0546c85daa8d8b6f7a8c5a842fdf1a990215e249,1320081
autoland,3869862,13,ffaba559b8f75178eed537731f258b1129b7fe97,linux1804-64-shippable-qr,True,False,,|c|o|l|d| |f|i|s|s|i|o|n| |w|e|b|r|e|n|d|e|r|,102210fe594ee9b33d82058545b1ed14f4c8206e,LastVisualChange,cnn,True,cnn LastVisualChange opt cold fission webrender,,77,ms,firefox,,1777211687,2023-10-20T03:32:37,2024.9,dc0d913ecc2486cafc7a005d2fe6705f2c7da222,1320137
autoland,3869862,13,ffaba559b8f75178eed537731f258b1129b7fe97,linux1804-64-shippable-qr,True,False,,|c|o|l|d| |f|i|s|s|i|o|n| |w|e|b|r|e|n|d|e|r|,102210fe594ee9b33d82058545b1ed14f4c8206e,LastVisualChange,cnn,True,cnn LastVisualChange opt cold fission webrender,,77,ms,firefox,,1777352519,2023-10-20T09:14:56,2062.9,5ebf0b67d0519897b95e84598900434fe92b7abb,1320186
autoland,3869862,13,ffaba559b8f75178eed537731f258b1129b7fe97,linux1804-64-shippable-qr,True,False,,|c|o|l|d| |f|i|s|s|i|o|n| |w|e|b|r|e|n|d|e|r|,102210fe594ee9b33d82058545b1ed14f4c8206e,LastVisualChange,cnn,True,cnn LastVisualChange opt cold fission webrender,,77,ms,firefox,,1777465610,2023-10-20T14:06:35,2046.4,dfa7f17930eb1b48ff7435494924a0711114e40a,1320283
autoland,3869862,13,ffaba559b8f75178eed537731f258b1129b7fe97,linux1804-64-shippable-qr,True,False,,|c|o|l|d| |f|i|s|s|i|o|n| |w|e|b|r|e|n|d|e|r|,102210fe594ee9b33d82058545b1ed14f4c8206e,LastVisualChange,cnn,True,cnn LastVisualChange opt cold fission webrender,,77,ms,firefox,,1777448987,2023-10-20T15:24:34,2052.1,8f4fc4b6cc05c16482986671d19d546faf6cb212,1320314
autoland,3869862,13,ffaba559b8f75178eed537731f258b1129b7fe97,linux1804-64-shippable-qr,True,False,,|c|o|l|d| |f|i|s|s|i|o|n| |w|e|b|r|e|n|d|e|r|,102210fe594ee9b33d82058545b1ed14f4c8206e,LastVisualChange,cnn,True,cnn LastVisualChange opt cold fission webrender,,77,ms,firefox,,1777548824,2023-10-20T21:24:05,2073.0,f4da998c2ad5be8d29b4e2523b56d9d5e2a58984,1320380
autoland,3869862,13,ffaba559b8f75178eed537731f258b1129b7fe97,linux1804-64-shippable-qr,True,False,,|c|o|l|d| |f|i|s|s|i|o|n| |w|e|b|r|e|n|d|e|r|,102210fe594ee9b33d82058545b1ed14f4c8206e,LastVisualChange,cnn,True,cnn LastVisualChange opt cold fission webrender,,77,ms,firefox,,1777670792,2023-10-21T14:30:38,2034.1,4124eee4f58ca46e13cb937c757a2fe1875120f0,1320453
autoland,3869862,13,ffaba559b8f75178eed537731f258b1129b7fe97,linux1804-64-shippable-qr,True,False,,|c|o|l|d| |f|i|s|s|i|o|n| |w|e|b|r|e|n|d|e|r|,102210fe594ee9b33d82058545b1ed14f4c8206e,LastVisualChange,cnn,True,cnn LastVisualChange opt cold fission webrender,,77,ms,firefox,,1777802411,2023-10-22T19:07:04,2039.5,529ec79bcdfd6a273fe6607c2a34bcc93c009ec5,1320522
autoland,3869862,13,ffaba559b8f75178eed537731f258b1129b7fe97,linux1804-64-shippable-qr,True,False,,|c|o|l|d| |f|i|s|s|i|o|n| |w|e|b|r|e|n|d|e|r|,102210fe594ee9b33d82058545b1ed14f4c8206e,LastVisualChange,cnn,True,cnn LastVisualChange opt cold fission webrender,,77,ms,firefox,,1777914799,2023-10-22T21:46:31,2025.7,52f2e6e80f6f7d8ab6eaaa36c4aa47c5be27a7a1,1320539
autoland,3869862,13,ffaba559b8f75178eed537731f258b1129b7fe97,linux1804-64-shippable-qr,True,False,,|c|o|l|d| |f|i|s|s|i|o|n| |w|e|b|r|e|n|d|e|r|,102210fe594ee9b33d82058545b1ed14f4c8206e,LastVisualChange,cnn,True,cnn LastVisualChange opt cold fission webrender,,77,ms,firefox,,1778826247,2023-10-23T09:45:25,2049.4,f1426851ae3049d6f44ef0e9da7b601c73ea435a,1320692
autoland,3869862,13,ffaba559b8f75178eed537731f258b1129b7fe97,linux1804-64-shippable-qr,True,False,,|c|o|l|d| |f|i|s|s|i|o|n| |w|e|b|r|e|n|d|e|r|,102210fe594ee9b33d82058545b1ed14f4c8206e,LastVisualChange,cnn,True,cnn LastVisualChange opt cold fission webrender,,77,ms,firefox,,1778749850,2023-10-23T09:59:46,2061.1,3b1bb1524b9060ea54f96bef98b0c53eed1cb7e3,1320702
autoland,3869862,13,ffaba559b8f75178eed537731f258b1129b7fe97,linux1804-64-shippable-qr,True,False,,|c|o|l|d| |f|i|s|s|i|o|n| |w|e|b|r|e|n|d|e|r|,102210fe594ee9b33d82058545b1ed14f4c8206e,LastVisualChange,cnn,True,cnn LastVisualChange opt cold fission webrender,,77,ms,firefox,,1778922774,2023-10-23T10:46:08,2059.8,fe4e67ae521b5b29efef2be635e0085c2aad1448,1320734
autoland,3869862,13,ffaba559b8f75178eed537731f258b1129b7fe97,linux1804-64-shippable-qr,True,False,,|c|o|l|d| |f|i|s|s|i|o|n| |w|e|b|r|e|n|d|e|r|,102210fe594ee9b33d82058545b1ed14f4c8206e,LastVisualChange,cnn,True,cnn LastVisualChange opt cold fission webrender,,77,ms,firefox,,1778040692,2023-10-23T11:07:29,2030.0,acba8a75249bc2b26b143d4d2830575cf0d7bcc2,1320744
autoland,3869862,13,ffaba559b8f75178eed537731f258b1129b7fe97,linux1804-64-shippable-qr,True,False,,|c|o|l|d| |f|i|s|s|i|o|n| |w|e|b|r|e|n|d|e|r|,102210fe594ee9b33d82058545b1ed14f4c8206e,LastVisualChange,cnn,True,cnn LastVisualChange opt cold fission webrender,,77,ms,firefox,,1778840261,2023-10-23T12:10:22,2047.5,4c6d299e86ebe5d31f47c71505844335e119cf21,1320774
autoland,3869862,13,ffaba559b8f75178eed537731f258b1129b7fe97,linux1804-64-shippable-qr,True,False,,|c|o|l|d| |f|i|s|s|i|o|n| |w|e|b|r|e|n|d|e|r|,102210fe594ee9b33d82058545b1ed14f4c8206e,LastVisualChange,cnn,True,cnn LastVisualChange opt cold fission webrender,,77,ms,firefox,,1778868137,2023-10-23T12:15:00,2046.5,c858c7fc7c4b572acc8dfce2e3c4ff73fc2fa44f,1320776
autoland,3869862,13,ffaba559b8f75178eed537731f258b1129b7fe97,linux1804-64-shippable-qr,True,False,,|c|o|l|d| |f|i|s|s|i|o|n| |w|e|b|r|e|n|d|e|r|,102210fe594ee9b33d82058545b1ed14f4c8206e,LastVisualChange,cnn,True,cnn LastVisualChange opt cold fission webrender,,77,ms,firefox,,1778162244,2023-10-23T12:26:53,2045.6,818b5938920e6868a3f3b5a16b0c972bd8ec5cfc,1320781
autoland,3869862,13,ffaba559b8f75178eed537731f258b1129b7fe97,linux1804-64-shippable-qr,True,False,,|c|o|l|d| |f|i|s|s|i|o|n| |w|e|b|r|e|n|d|e|r|,102210fe594ee9b33d82058545b1ed14f4c8206e,LastVisualChange,cnn,True,cnn LastVisualChange opt cold fission webrender,,77,ms,firefox,,1778889303,2023-10-23T13:41:17,2015.9,82c0efe382655a52d0d24628862fa416c4f66c0a,1320840
autoland,3869862,13,ffaba559b8f75178eed537731f258b1129b7fe97,linux1804-64-shippable-qr,True,False,,|c|o|l|d| |f|i|s|s|i|o|n| |w|e|b|r|e|n|d|e|r|,102210fe594ee9b33d82058545b1ed14f4c8206e,LastVisualChange,cnn,True,cnn LastVisualChange opt cold fission webrender,,77,ms,firefox,,1778851028,2023-10-23T14:02:43,2055.2,02eefc6ff7a472c3443d7c9dce3479eb24a2c821,1320867
autoland,3869862,13,ffaba559b8f75178eed537731f258b1129b7fe97,linux1804-64-shippable-qr,True,False,,|c|o|l|d| |f|i|s|s|i|o|n| |w|e|b|r|e|n|d|e|r|,102210fe594ee9b33d82058545b1ed14f4c8206e,LastVisualChange,cnn,True,cnn LastVisualChange opt cold fission webrender,,77,ms,firefox,,1778511458,2023-10-23T15:48:05,2040.3,f222bdcd6517e233cb62a3164afd50fd17a55e62,1320978
autoland,3869862,13,ffaba559b8f75178eed537731f258b1129b7fe97,linux1804-64-shippable-qr,True,False,,|c|o|l|d| |f|i|s|s|i|o|n| |w|e|b|r|e|n|d|e|r|,102210fe594ee9b33d82058545b1ed14f4c8206e,LastVisualChange,cnn,True,cnn LastVisualChange opt cold fission webrender,,77,ms,firefox,,1778323699,2023-10-23T17:53:04,2036.9,00c1813123fd4ca7ec1446ebdabe2848814e550e,1321095
autoland,3869862,13,ffaba559b8f75178eed537731f258b1129b7fe97,linux1804-64-shippable-qr,True,False,,|c|o|l|d| |f|i|s|s|i|o|n| |w|e|b|r|e|n|d|e|r|,102210fe594ee9b33d82058545b1ed14f4c8206e,LastVisualChange,cnn,True,cnn LastVisualChange opt cold fission webrender,,77,ms,firefox,,1778522298,2023-10-23T20:36:06,2041.0,0fdbf0a455f26afa0a7a0390d6a380e318fce9d4,1321210
autoland,3869862,13,ffaba559b8f75178eed537731f258b1129b7fe97,linux1804-64-shippable-qr,True,False,,|c|o|l|d| |f|i|s|s|i|o|n| |w|e|b|r|e|n|d|e|r|,102210fe594ee9b33d82058545b1ed14f4c8206e,LastVisualChange,cnn,True,cnn LastVisualChange opt cold fission webrender,,77,ms,firefox,,1778698957,2023-10-24T00:49:55,2164.7,ed9d130c38a8858740845db8ec5c8bb7e68cce65,1321359
autoland,3869862,13,ffaba559b8f75178eed537731f258b1129b7fe97,linux1804-64-shippable-qr,True,False,,|c|o|l|d| |f|i|s|s|i|o|n| |w|e|b|r|e|n|d|e|r|,102210fe594ee9b33d82058545b1ed14f4c8206e,LastVisualChange,cnn,True,cnn LastVisualChange opt cold fission webrender,,77,ms,firefox,,1778909813,2023-10-24T05:06:29,1680.5,bcdbc81d4adffb0c3b1e04e1854e43cf49314d92,1321416
autoland,3869862,13,ffaba559b8f75178eed537731f258b1129b7fe97,linux1804-64-shippable-qr,True,False,,|c|o|l|d| |f|i|s|s|i|o|n| |w|e|b|r|e|n|d|e|r|,102210fe594ee9b33d82058545b1ed14f4c8206e,LastVisualChange,cnn,True,cnn LastVisualChange opt cold fission webrender,,77,ms,firefox,,1778945808,2023-10-24T08:18:26,2047.9,36a87a6432703a1f3a1f2a92756c90146a19e5f2,1321456
autoland,3869862,13,ffaba559b8f75178eed537731f258b1129b7fe97,linux1804-64-shippable-qr,True,False,,|c|o|l|d| |f|i|s|s|i|o|n| |w|e|b|r|e|n|d|e|r|,102210fe594ee9b33d82058545b1ed14f4c8206e,LastVisualChange,cnn,True,cnn LastVisualChange opt cold fission webrender,,77,ms,firefox,,1779080988,2023-10-24T12:23:09,2042.8,ea758c7008d76a67d75d4874bb1a1a00838f4128,1321565
autoland,3869862,13,ffaba559b8f75178eed537731f258b1129b7fe97,linux1804-64-shippable-qr,True,False,,|c|o|l|d| |f|i|s|s|i|o|n| |w|e|b|r|e|n|d|e|r|,102210fe594ee9b33d82058545b1ed14f4c8206e,LastVisualChange,cnn,True,cnn LastVisualChange opt cold fission webrender,,77,ms,firefox,,1779708953,2023-10-24T13:05:55,2017.8,0900a57bd906196091cc9315cc1480b9457b5089,1321592
autoland,3869862,13,ffaba559b8f75178eed537731f258b1129b7fe97,linux1804-64-shippable-qr,True,False,,|c|o|l|d| |f|i|s|s|i|o|n| |w|e|b|r|e|n|d|e|r|,102210fe594ee9b33d82058545b1ed14f4c8206e,LastVisualChange,cnn,True,cnn LastVisualChange opt cold fission webrender,,77,ms,firefox,,1779715718,2023-10-24T13:09:05,2032.7,f6e5fecee879e3d0cd8b2e91df7cfe30f2b5610c,1321594
autoland,3869862,13,ffaba559b8f75178eed537731f258b1129b7fe97,linux1804-64-shippable-qr,True,False,,|c|o|l|d| |f|i|s|s|i|o|n| |w|e|b|r|e|n|d|e|r|,102210fe594ee9b33d82058545b1ed14f4c8206e,LastVisualChange,cnn,True,cnn LastVisualChange opt cold fission webrender,,77,ms,firefox,,1779218732,2023-10-24T13:48:19,2021.1,eccda51a6f68b20cfe9af1e94b9336b9856b103e,1321616
autoland,3869862,13,ffaba559b8f75178eed537731f258b1129b7fe97,linux1804-64-shippable-qr,True,False,,|c|o|l|d| |f|i|s|s|i|o|n| |w|e|b|r|e|n|d|e|r|,102210fe594ee9b33d82058545b1ed14f4c8206e,LastVisualChange,cnn,True,cnn LastVisualChange opt cold fission webrender,,77,ms,firefox,,1779369808,2023-10-24T17:52:45,2022.6,b2dec8a51f6e781be65a730cfde18a11c9569f94,1321799
autoland,3869862,13,ffaba559b8f75178eed537731f258b1129b7fe97,linux1804-64-shippable-qr,True,False,,|c|o|l|d| |f|i|s|s|i|o|n| |w|e|b|r|e|n|d|e|r|,102210fe594ee9b33d82058545b1ed14f4c8206e,LastVisualChange,cnn,True,cnn LastVisualChange opt cold fission webrender,,77,ms,firefox,,1779581966,2023-10-24T21:54:59,2020.2,27ee97bc90986bde66dfb122cc4c8a6a3730e4a3,1321984
autoland,3869862,13,ffaba559b8f75178eed537731f258b1129b7fe97,linux1804-64-shippable-qr,True,False,,|c|o|l|d| |f|i|s|s|i|o|n| |w|e|b|r|e|n|d|e|r|,102210fe594ee9b33d82058545b1ed14f4c8206e,LastVisualChange,cnn,True,cnn LastVisualChange opt cold fission webrender,,77,ms,firefox,,1779658298,2023-10-25T01:35:01,2059.5,edfb4ab939a51c9dc131c959da539ef71f17cf5f,1322066
autoland,3869862,13,ffaba559b8f75178eed537731f258b1129b7fe97,linux1804-64-shippable-qr,True,False,,|c|o|l|d| |f|i|s|s|i|o|n| |w|e|b|r|e|n|d|e|r|,102210fe594ee9b33d82058545b1ed14f4c8206e,LastVisualChange,cnn,True,cnn LastVisualChange opt cold fission webrender,,77,ms,firefox,,1779749185,2023-10-25T05:46:17,2012.8,c00936a538d944ced81780de7e2670806145f0ec,1322115
autoland,3869862,13,ffaba559b8f75178eed537731f258b1129b7fe97,linux1804-64-shippable-qr,True,False,,|c|o|l|d| |f|i|s|s|i|o|n| |w|e|b|r|e|n|d|e|r|,102210fe594ee9b33d82058545b1ed14f4c8206e,LastVisualChange,cnn,True,cnn LastVisualChange opt cold fission webrender,,77,ms,firefox,,1779921735,2023-10-25T09:46:40,2039.6,03d61eb955a9ac6e3374ca4c5504edc41cd1aa4a,1322203
autoland,3869862,13,ffaba559b8f75178eed537731f258b1129b7fe97,linux1804-64-shippable-qr,True,False,,|c|o|l|d| |f|i|s|s|i|o|n| |w|e|b|r|e|n|d|e|r|,102210fe594ee9b33d82058545b1ed14f4c8206e,LastVisualChange,cnn,True,cnn LastVisualChange opt cold fission webrender,,77,ms,firefox,,1779986673,2023-10-25T12:40:12,2054.1,44697a7ca8612ae5a4807f530347c3df1d2c191a,1322280
autoland,3869862,13,ffaba559b8f75178eed537731f258b1129b7fe97,linux1804-64-shippable-qr,True,False,,|c|o|l|d| |f|i|s|s|i|o|n| |w|e|b|r|e|n|d|e|r|,102210fe594ee9b33d82058545b1ed14f4c8206e,LastVisualChange,cnn,True,cnn LastVisualChange opt cold fission webrender,,77,ms,firefox,,1780137242,2023-10-25T16:42:09,1994.8,b8c2a1837c16c66a12ef79eaf5545e92ae448768,1322418
autoland,3869862,13,ffaba559b8f75178eed537731f258b1129b7fe97,linux1804-64-shippable-qr,True,False,,|c|o|l|d| |f|i|s|s|i|o|n| |w|e|b|r|e|n|d|e|r|,102210fe594ee9b33d82058545b1ed14f4c8206e,LastVisualChange,cnn,True,cnn LastVisualChange opt cold fission webrender,,77,ms,firefox,,1780221592,2023-10-25T18:17:29,2020.5,691148c77012c40658cd4a6e4ee3ca178d1c1ca8,1322468
autoland,3869862,13,ffaba559b8f75178eed537731f258b1129b7fe97,linux1804-64-shippable-qr,True,False,,|c|o|l|d| |f|i|s|s|i|o|n| |w|e|b|r|e|n|d|e|r|,102210fe594ee9b33d82058545b1ed14f4c8206e,LastVisualChange,cnn,True,cnn LastVisualChange opt cold fission webrender,,77,ms,firefox,,1780394112,2023-10-25T21:16:28,2035.0,e6a52d2c9941178fa5113e3c7af81f561078c5f5,1322573
autoland,3869862,13,ffaba559b8f75178eed537731f258b1129b7fe97,linux1804-64-shippable-qr,True,False,,|c|o|l|d| |f|i|s|s|i|o|n| |w|e|b|r|e|n|d|e|r|,102210fe594ee9b33d82058545b1ed14f4c8206e,LastVisualChange,cnn,True,cnn LastVisualChange opt cold fission webrender,,77,ms,firefox,,1780531091,2023-10-26T00:52:13,2052.9,68373a168c7ca93b1aa9bb3016a1ffa9ad6b7aac,1322694
autoland,3869862,13,ffaba559b8f75178eed537731f258b1129b7fe97,linux1804-64-shippable-qr,True,False,,|c|o|l|d| |f|i|s|s|i|o|n| |w|e|b|r|e|n|d|e|r|,102210fe594ee9b33d82058545b1ed14f4c8206e,LastVisualChange,cnn,True,cnn LastVisualChange opt cold fission webrender,,77,ms,firefox,,1780695597,2023-10-26T04:52:14,2048.1,62489b97d11d4bb88f1184670849ed8c9dc61708,1322765
autoland,3869862,13,ffaba559b8f75178eed537731f258b1129b7fe97,linux1804-64-shippable-qr,True,False,,|c|o|l|d| |f|i|s|s|i|o|n| |w|e|b|r|e|n|d|e|r|,102210fe594ee9b33d82058545b1ed14f4c8206e,LastVisualChange,cnn,True,cnn LastVisualChange opt cold fission webrender,,77,ms,firefox,,1780803880,2023-10-26T09:06:19,2037.8,8923dca93b808a23856287229fc8f1c0c1d1e20e,1322848
autoland,3869862,13,ffaba559b8f75178eed537731f258b1129b7fe97,linux1804-64-shippable-qr,True,False,,|c|o|l|d| |f|i|s|s|i|o|n| |w|e|b|r|e|n|d|e|r|,102210fe594ee9b33d82058545b1ed14f4c8206e,LastVisualChange,cnn,True,cnn LastVisualChange opt cold fission webrender,,77,ms,firefox,,1780860802,2023-10-26T09:07:41,2070.1,4d2c1911361bbc41f63b4e807070a3d83596b70c,1322851
autoland,3869862,13,ffaba559b8f75178eed537731f258b1129b7fe97,linux1804-64-shippable-qr,True,False,,|c|o|l|d| |f|i|s|s|i|o|n| |w|e|b|r|e|n|d|e|r|,102210fe594ee9b33d82058545b1ed14f4c8206e,LastVisualChange,cnn,True,cnn LastVisualChange opt cold fission webrender,,77,ms,firefox,,1780990826,2023-10-26T13:14:16,2046.6,db6b75385ffe5e764d60c5842add31b3a90c0587,1322985
autoland,3869862,13,ffaba559b8f75178eed537731f258b1129b7fe97,linux1804-64-shippable-qr,True,False,,|c|o|l|d| |f|i|s|s|i|o|n| |w|e|b|r|e|n|d|e|r|,102210fe594ee9b33d82058545b1ed14f4c8206e,LastVisualChange,cnn,True,cnn LastVisualChange opt cold fission webrender,,77,ms,firefox,,1781024407,2023-10-26T13:50:58,2044.8,630864299a197bf416ac18d405063b7ec40c3644,1323009
autoland,3869862,13,ffaba559b8f75178eed537731f258b1129b7fe97,linux1804-64-shippable-qr,True,False,,|c|o|l|d| |f|i|s|s|i|o|n| |w|e|b|r|e|n|d|e|r|,102210fe594ee9b33d82058545b1ed14f4c8206e,LastVisualChange,cnn,True,cnn LastVisualChange opt cold fission webrender,,77,ms,firefox,,1781181258,2023-10-26T17:52:00,2016.0,945d53ccf09fe8c263a6a24db6604162a4707ff9,1323156
autoland,3869862,13,ffaba559b8f75178eed537731f258b1129b7fe97,linux1804-64-shippable-qr,True,False,,|c|o|l|d| |f|i|s|s|i|o|n| |w|e|b|r|e|n|d|e|r|,102210fe594ee9b33d82058545b1ed14f4c8206e,LastVisualChange,cnn,True,cnn LastVisualChange opt cold fission webrender,,77,ms,firefox,,1781628592,2023-10-26T17:59:55,2038.3,36c2d201b88e94ad4448c10d6d73ab2433ee0a46,1323163
autoland,3869862,13,ffaba559b8f75178eed537731f258b1129b7fe97,linux1804-64-shippable-qr,True,False,,|c|o|l|d| |f|i|s|s|i|o|n| |w|e|b|r|e|n|d|e|r|,102210fe594ee9b33d82058545b1ed14f4c8206e,LastVisualChange,cnn,True,cnn LastVisualChange opt cold fission webrender,,77,ms,firefox,,1781241240,2023-10-26T19:25:04,1989.1,a1dbe7d2099563e23614b7c0d0b0f6923ab447f7,1323220
autoland,3869862,13,ffaba559b8f75178eed537731f258b1129b7fe97,linux1804-64-shippable-qr,True,False,,|c|o|l|d| |f|i|s|s|i|o|n| |w|e|b|r|e|n|d|e|r|,102210fe594ee9b33d82058545b1ed14f4c8206e,LastVisualChange,cnn,True,cnn LastVisualChange opt cold fission webrender,,77,ms,firefox,,1781447396,2023-10-26T23:27:25,2036.1,a880804c93083962e65cea658b69a28c06528e8e,1323339
autoland,3869862,13,ffaba559b8f75178eed537731f258b1129b7fe97,linux1804-64-shippable-qr,True,False,,|c|o|l|d| |f|i|s|s|i|o|n| |w|e|b|r|e|n|d|e|r|,102210fe594ee9b33d82058545b1ed14f4c8206e,LastVisualChange,cnn,True,cnn LastVisualChange opt cold fission webrender,,77,ms,firefox,,1781460552,2023-10-27T00:10:25,2060.0,6d47bee6d52ee11125f54db9df7336cbe69593c0,1323363
autoland,3869862,13,ffaba559b8f75178eed537731f258b1129b7fe97,linux1804-64-shippable-qr,True,False,,|c|o|l|d| |f|i|s|s|i|o|n| |w|e|b|r|e|n|d|e|r|,102210fe594ee9b33d82058545b1ed14f4c8206e,LastVisualChange,cnn,True,cnn LastVisualChange opt cold fission webrender,,77,ms,firefox,,1781642138,2023-10-27T05:17:25,2023.7,4024630f5ffa1704a32f70c816f1003b0af9f105,1323421
autoland,3869862,13,ffaba559b8f75178eed537731f258b1129b7fe97,linux1804-64-shippable-qr,True,False,,|c|o|l|d| |f|i|s|s|i|o|n| |w|e|b|r|e|n|d|e|r|,102210fe594ee9b33d82058545b1ed14f4c8206e,LastVisualChange,cnn,True,cnn LastVisualChange opt cold fission webrender,,77,ms,firefox,,1781707723,2023-10-27T08:56:16,2025.9,6e09ac4a4c291480d5951adca6d1659a46f571b2,1323505
autoland,3869862,13,ffaba559b8f75178eed537731f258b1129b7fe97,linux1804-64-shippable-qr,True,False,,|c|o|l|d| |f|i|s|s|i|o|n| |w|e|b|r|e|n|d|e|r|,102210fe594ee9b33d82058545b1ed14f4c8206e,LastVisualChange,cnn,True,cnn LastVisualChange opt cold fission webrender,,77,ms,firefox,,1781898141,2023-10-27T13:05:02,2034.6,6013b7df2b9133416d4244ef4d45c492f215c3d0,1323649
autoland,3869862,13,ffaba559b8f75178eed537731f258b1129b7fe97,linux1804-64-shippable-qr,True,False,,|c|o|l|d| |f|i|s|s|i|o|n| |w|e|b|r|e|n|d|e|r|,102210fe594ee9b33d82058545b1ed14f4c8206e,LastVisualChange,cnn,True,cnn LastVisualChange opt cold fission webrender,,77,ms,firefox,,1781914954,2023-10-27T13:54:58,2003.3,cda838e04db16590f96ddeaa7d7d54cc80e12a03,1323685
autoland,3869862,13,ffaba559b8f75178eed537731f258b1129b7fe97,linux1804-64-shippable-qr,True,False,,|c|o|l|d| |f|i|s|s|i|o|n| |w|e|b|r|e|n|d|e|r|,102210fe594ee9b33d82058545b1ed14f4c8206e,LastVisualChange,cnn,True,cnn LastVisualChange opt cold fission webrender,,77,ms,firefox,,1782535756,2023-10-27T16:27:11,2026.3,d4e3485d6f1d579bd3d64e8e2778f9f93a2ee587,1323775
autoland,3869862,13,ffaba559b8f75178eed537731f258b1129b7fe97,linux1804-64-shippable-qr,True,False,,|c|o|l|d| |f|i|s|s|i|o|n| |w|e|b|r|e|n|d|e|r|,102210fe594ee9b33d82058545b1ed14f4c8206e,LastVisualChange,cnn,True,cnn LastVisualChange opt cold fission webrender,,77,ms,firefox,,1782543079,2023-10-27T16:29:24,2036.9,a844b03832eeff18db233edb38c228f3911be765,1323776
autoland,3869862,13,ffaba559b8f75178eed537731f258b1129b7fe97,linux1804-64-shippable-qr,True,False,,|c|o|l|d| |f|i|s|s|i|o|n| |w|e|b|r|e|n|d|e|r|,102210fe594ee9b33d82058545b1ed14f4c8206e,LastVisualChange,cnn,True,cnn LastVisualChange opt cold fission webrender,,77,ms,firefox,,1782094569,2023-10-27T17:16:47,2009.9,b6d6a9c84257af5a3d659491a2ab963896e70d0d,1323813
autoland,3869862,13,ffaba559b8f75178eed537731f258b1129b7fe97,linux1804-64-shippable-qr,True,False,,|c|o|l|d| |f|i|s|s|i|o|n| |w|e|b|r|e|n|d|e|r|,102210fe594ee9b33d82058545b1ed14f4c8206e,LastVisualChange,cnn,True,cnn LastVisualChange opt cold fission webrender,,77,ms,firefox,,1782299694,2023-10-27T22:11:30,2053.5,2744df17e06b25289ca5dd01128e6c4f237d7a7c,1323968
autoland,3869862,13,ffaba559b8f75178eed537731f258b1129b7fe97,linux1804-64-shippable-qr,True,False,,|c|o|l|d| |f|i|s|s|i|o|n| |w|e|b|r|e|n|d|e|r|,102210fe594ee9b33d82058545b1ed14f4c8206e,LastVisualChange,cnn,True,cnn LastVisualChange opt cold fission webrender,,77,ms,firefox,,1782356421,2023-10-27T23:12:32,2033.1,5c87acee8b894f06e4b248cb602b36ccfcef1615,1323985
autoland,3869862,13,ffaba559b8f75178eed537731f258b1129b7fe97,linux1804-64-shippable-qr,True,False,,|c|o|l|d| |f|i|s|s|i|o|n| |w|e|b|r|e|n|d|e|r|,102210fe594ee9b33d82058545b1ed14f4c8206e,LastVisualChange,cnn,True,cnn LastVisualChange opt cold fission webrender,,77,ms,firefox,,1782477113,2023-10-28T03:14:30,2036.4,0be08aa0812f81d5eb9f2235165d8478ebaf825b,1324017
autoland,3869862,13,ffaba559b8f75178eed537731f258b1129b7fe97,linux1804-64-shippable-qr,True,False,,|c|o|l|d| |f|i|s|s|i|o|n| |w|e|b|r|e|n|d|e|r|,102210fe594ee9b33d82058545b1ed14f4c8206e,LastVisualChange,cnn,True,cnn LastVisualChange opt cold fission webrender,,77,ms,firefox,,1783043322,2023-10-29T17:34:24,2040.5,da935aab57913c853df3002f297cc6eb76175828,1324194
autoland,3869862,13,ffaba559b8f75178eed537731f258b1129b7fe97,linux1804-64-shippable-qr,True,False,,|c|o|l|d| |f|i|s|s|i|o|n| |w|e|b|r|e|n|d|e|r|,102210fe594ee9b33d82058545b1ed14f4c8206e,LastVisualChange,cnn,True,cnn LastVisualChange opt cold fission webrender,,77,ms,firefox,,1783122878,2023-10-29T22:37:58,2041.6,61e57e6ba3b7e09a71062e7cdc44f395af832716,1324214
autoland,3869862,13,ffaba559b8f75178eed537731f258b1129b7fe97,linux1804-64-shippable-qr,True,False,,|c|o|l|d| |f|i|s|s|i|o|n| |w|e|b|r|e|n|d|e|r|,102210fe594ee9b33d82058545b1ed14f4c8206e,LastVisualChange,cnn,True,cnn LastVisualChange opt cold fission webrender,,77,ms,firefox,,1783249630,2023-10-30T03:06:34,2030.4,cfc1bbb8edcc79491d2e1267e84338d155b2ee3c,1324224
autoland,3869862,13,ffaba559b8f75178eed537731f258b1129b7fe97,linux1804-64-shippable-qr,True,False,,|c|o|l|d| |f|i|s|s|i|o|n| |w|e|b|r|e|n|d|e|r|,102210fe594ee9b33d82058545b1ed14f4c8206e,LastVisualChange,cnn,True,cnn LastVisualChange opt cold fission webrender,,77,ms,firefox,,1783335139,2023-10-30T07:08:15,2010.5,07ff1e2e4f656661631e6746f339e6232b59ebfd,1324243
autoland,3869862,13,ffaba559b8f75178eed537731f258b1129b7fe97,linux1804-64-shippable-qr,True,False,,|c|o|l|d| |f|i|s|s|i|o|n| |w|e|b|r|e|n|d|e|r|,102210fe594ee9b33d82058545b1ed14f4c8206e,LastVisualChange,cnn,True,cnn LastVisualChange opt cold fission webrender,,77,ms,firefox,,1784245988,2023-10-30T09:49:11,2009.5,667502cd02b265ad789b4ee291e456bac0e09235,1324304
autoland,3869862,13,ffaba559b8f75178eed537731f258b1129b7fe97,linux1804-64-shippable-qr,True,False,,|c|o|l|d| |f|i|s|s|i|o|n| |w|e|b|r|e|n|d|e|r|,102210fe594ee9b33d82058545b1ed14f4c8206e,LastVisualChange,cnn,True,cnn LastVisualChange opt cold fission webrender,,77,ms,firefox,,1784171167,2023-10-30T10:32:34,2037.6,5e0414b6e7a9fa6193d4558f3715934aab7c7891,1324328
autoland,3869862,13,ffaba559b8f75178eed537731f258b1129b7fe97,linux1804-64-shippable-qr,True,False,,|c|o|l|d| |f|i|s|s|i|o|n| |w|e|b|r|e|n|d|e|r|,102210fe594ee9b33d82058545b1ed14f4c8206e,LastVisualChange,cnn,True,cnn LastVisualChange opt cold fission webrender,,77,ms,firefox,,1783486699,2023-10-30T12:36:41,2060.4,9c6272da5dc92ff944d294d9a026bd42a408c784,1324389
autoland,3869862,13,ffaba559b8f75178eed537731f258b1129b7fe97,linux1804-64-shippable-qr,True,False,,|c|o|l|d| |f|i|s|s|i|o|n| |w|e|b|r|e|n|d|e|r|,102210fe594ee9b33d82058545b1ed14f4c8206e,LastVisualChange,cnn,True,cnn LastVisualChange opt cold fission webrender,,77,ms,firefox,,1783517263,2023-10-30T13:43:34,2071.8,d2a035a8329b5914bcd659ea1ea427c251c4d138,1324429
autoland,3869862,13,ffaba559b8f75178eed537731f258b1129b7fe97,linux1804-64-shippable-qr,True,False,,|c|o|l|d| |f|i|s|s|i|o|n| |w|e|b|r|e|n|d|e|r|,102210fe594ee9b33d82058545b1ed14f4c8206e,LastVisualChange,cnn,True,cnn LastVisualChange opt cold fission webrender,,77,ms,firefox,,1784184181,2023-10-30T15:39:07,2059.0,3b1635a4b3cbb3f1af8b8df29319ec738b2356d5,1324527
autoland,3869862,13,ffaba559b8f75178eed537731f258b1129b7fe97,linux1804-64-shippable-qr,True,False,,|c|o|l|d| |f|i|s|s|i|o|n| |w|e|b|r|e|n|d|e|r|,102210fe594ee9b33d82058545b1ed14f4c8206e,LastVisualChange,cnn,True,cnn LastVisualChange opt cold fission webrender,,77,ms,firefox,,1784186594,2023-10-30T15:46:43,2029.0,1b472d6498203a4f89b245e60fa313ec3e4886b2,1324534
autoland,3869862,13,ffaba559b8f75178eed537731f258b1129b7fe97,linux1804-64-shippable-qr,True,False,,|c|o|l|d| |f|i|s|s|i|o|n| |w|e|b|r|e|n|d|e|r|,102210fe594ee9b33d82058545b1ed14f4c8206e,LastVisualChange,cnn,True,cnn LastVisualChange opt cold fission webrender,,77,ms,firefox,,1783719432,2023-10-30T17:20:21,2017.8,277907757ae0f5c9f9a9b4b15473ec6f3eab7674,1324599
autoland,3869862,13,ffaba559b8f75178eed537731f258b1129b7fe97,linux1804-64-shippable-qr,True,False,,|c|o|l|d| |f|i|s|s|i|o|n| |w|e|b|r|e|n|d|e|r|,102210fe594ee9b33d82058545b1ed14f4c8206e,LastVisualChange,cnn,True,cnn LastVisualChange opt cold fission webrender,,77,ms,firefox,,1783928688,2023-10-30T21:26:51,2039.0,250d50a3e9aedba6c41312d2ce03b03eabac5c84,1324725
autoland,3869862,13,ffaba559b8f75178eed537731f258b1129b7fe97,linux1804-64-shippable-qr,True,False,,|c|o|l|d| |f|i|s|s|i|o|n| |w|e|b|r|e|n|d|e|r|,102210fe594ee9b33d82058545b1ed14f4c8206e,LastVisualChange,cnn,True,cnn LastVisualChange opt cold fission webrender,,77,ms,firefox,,1784152638,2023-10-30T22:07:45,2046.7,49bcf5f146b911757fd23c8fef4193c975f04403,1324747
autoland,3869862,13,ffaba559b8f75178eed537731f258b1129b7fe97,linux1804-64-shippable-qr,True,False,,|c|o|l|d| |f|i|s|s|i|o|n| |w|e|b|r|e|n|d|e|r|,102210fe594ee9b33d82058545b1ed14f4c8206e,LastVisualChange,cnn,True,cnn LastVisualChange opt cold fission webrender,,77,ms,firefox,,1784094610,2023-10-30T22:14:50,2013.8,be34980d62f85760d6c6e963c70ae22f2ffc9461,1324750
autoland,3869862,13,ffaba559b8f75178eed537731f258b1129b7fe97,linux1804-64-shippable-qr,True,False,,|c|o|l|d| |f|i|s|s|i|o|n| |w|e|b|r|e|n|d|e|r|,102210fe594ee9b33d82058545b1ed14f4c8206e,LastVisualChange,cnn,True,cnn LastVisualChange opt cold fission webrender,,77,ms,firefox,,1783959382,2023-10-30T22:47:24,2059.1,9d87d8875f3012f1cb5e065b5861f41a29d1173c,1324763
autoland,3869862,13,ffaba559b8f75178eed537731f258b1129b7fe97,linux1804-64-shippable-qr,True,False,,|c|o|l|d| |f|i|s|s|i|o|n| |w|e|b|r|e|n|d|e|r|,102210fe594ee9b33d82058545b1ed14f4c8206e,LastVisualChange,cnn,True,cnn LastVisualChange opt cold fission webrender,,77,ms,firefox,,1784119362,2023-10-31T03:27:18,2025.9,88295a805fb918c5a40c57d9827608c50c65da1a,1324833
autoland,3869862,13,ffaba559b8f75178eed537731f258b1129b7fe97,linux1804-64-shippable-qr,True,False,,|c|o|l|d| |f|i|s|s|i|o|n| |w|e|b|r|e|n|d|e|r|,102210fe594ee9b33d82058545b1ed14f4c8206e,LastVisualChange,cnn,True,cnn LastVisualChange opt cold fission webrender,,77,ms,firefox,,1784269798,2023-10-31T08:52:16,2056.1,26a58e0274b4491ce07587bf329d30954bfa36a5,1324883
autoland,3869862,13,ffaba559b8f75178eed537731f258b1129b7fe97,linux1804-64-shippable-qr,True,False,,|c|o|l|d| |f|i|s|s|i|o|n| |w|e|b|r|e|n|d|e|r|,102210fe594ee9b33d82058545b1ed14f4c8206e,LastVisualChange,cnn,True,cnn LastVisualChange opt cold fission webrender,,77,ms,firefox,,1784336409,2023-10-31T10:24:24,1680.7,173608723df3997c0b39049e55f7e4f529974bd1,1324925
autoland,3869862,13,ffaba559b8f75178eed537731f258b1129b7fe97,linux1804-64-shippable-qr,True,False,,|c|o|l|d| |f|i|s|s|i|o|n| |w|e|b|r|e|n|d|e|r|,102210fe594ee9b33d82058545b1ed14f4c8206e,LastVisualChange,cnn,True,cnn LastVisualChange opt cold fission webrender,,77,ms,firefox,,1784538858,2023-10-31T14:28:55,2028.7,d93c1e224fa334cb0e1a4faf860be329181c1d60,1325039
autoland,3869862,13,ffaba559b8f75178eed537731f258b1129b7fe97,linux1804-64-shippable-qr,True,False,,|c|o|l|d| |f|i|s|s|i|o|n| |w|e|b|r|e|n|d|e|r|,102210fe594ee9b33d82058545b1ed14f4c8206e,LastVisualChange,cnn,True,cnn LastVisualChange opt cold fission webrender,,77,ms,firefox,,1784568600,2023-10-31T15:46:12,2026.1,4712d595873a538c628ea09a2826c33e3f2e383d,1325101
autoland,3869862,13,ffaba559b8f75178eed537731f258b1129b7fe97,linux1804-64-shippable-qr,True,False,,|c|o|l|d| |f|i|s|s|i|o|n| |w|e|b|r|e|n|d|e|r|,102210fe594ee9b33d82058545b1ed14f4c8206e,LastVisualChange,cnn,True,cnn LastVisualChange opt cold fission webrender,,77,ms,firefox,,1784765872,2023-10-31T20:04:41,2035.4,5624631ba42eb404a5c5b4e50e9c4fbc826eef31,1325256
autoland,3869862,13,ffaba559b8f75178eed537731f258b1129b7fe97,linux1804-64-shippable-qr,True,False,,|c|o|l|d| |f|i|s|s|i|o|n| |w|e|b|r|e|n|d|e|r|,102210fe594ee9b33d82058545b1ed14f4c8206e,LastVisualChange,cnn,True,cnn LastVisualChange opt cold fission webrender,,77,ms,firefox,,1784859872,2023-10-31T22:59:03,2118.2,251055c46bfcc027766c9bdaccaaa919c3e6c8f6,1325343
autoland,3869862,13,ffaba559b8f75178eed537731f258b1129b7fe97,linux1804-64-shippable-qr,True,False,,|c|o|l|d| |f|i|s|s|i|o|n| |w|e|b|r|e|n|d|e|r|,102210fe594ee9b33d82058545b1ed14f4c8206e,LastVisualChange,cnn,True,cnn LastVisualChange opt cold fission webrender,,77,ms,firefox,,1785094960,2023-11-01T04:08:21,2164.3,b73ef4c8979fb0702de9f4bf2fdf986b1d0fd487,1325446
autoland,3869862,13,ffaba559b8f75178eed537731f258b1129b7fe97,linux1804-64-shippable-qr,True,False,,|c|o|l|d| |f|i|s|s|i|o|n| |w|e|b|r|e|n|d|e|r|,102210fe594ee9b33d82058545b1ed14f4c8206e,LastVisualChange,cnn,True,cnn LastVisualChange opt cold fission webrender,,77,ms,firefox,,1785167709,2023-11-01T08:27:37,2099.1,5db6f03a7c103189ba38ef4c4687a046566f4e5b,1325492
autoland,3869862,13,ffaba559b8f75178eed537731f258b1129b7fe97,linux1804-64-shippable-qr,True,False,,|c|o|l|d| |f|i|s|s|i|o|n| |w|e|b|r|e|n|d|e|r|,102210fe594ee9b33d82058545b1ed14f4c8206e,LastVisualChange,cnn,True,cnn LastVisualChange opt cold fission webrender,,77,ms,firefox,,1785431841,2023-11-01T15:00:09,2116.8,dee5e3c280a214c32ea4f7a2b6446bbe456ecb54,1325661
autoland,3869862,13,ffaba559b8f75178eed537731f258b1129b7fe97,linux1804-64-shippable-qr,True,False,,|c|o|l|d| |f|i|s|s|i|o|n| |w|e|b|r|e|n|d|e|r|,102210fe594ee9b33d82058545b1ed14f4c8206e,LastVisualChange,cnn,True,cnn LastVisualChange opt cold fission webrender,,77,ms,firefox,,1785568552,2023-11-01T21:17:16,2106.9,3eea9367b17b3c112968a3f0e008b1005452bbdd,1325895
autoland,3869862,13,ffaba559b8f75178eed537731f258b1129b7fe97,linux1804-64-shippable-qr,True,False,,|c|o|l|d| |f|i|s|s|i|o|n| |w|e|b|r|e|n|d|e|r|,102210fe594ee9b33d82058545b1ed14f4c8206e,LastVisualChange,cnn,True,cnn LastVisualChange opt cold fission webrender,,77,ms,firefox,,1785713985,2023-11-02T01:36:12,2129.2,0ea21c7c9ab7dcf411a8094c876b12784bc6343c,1325979
autoland,3869862,13,ffaba559b8f75178eed537731f258b1129b7fe97,linux1804-64-shippable-qr,True,False,,|c|o|l|d| |f|i|s|s|i|o|n| |w|e|b|r|e|n|d|e|r|,102210fe594ee9b33d82058545b1ed14f4c8206e,LastVisualChange,cnn,True,cnn LastVisualChange opt cold fission webrender,,77,ms,firefox,,1785840967,2023-11-02T06:18:28,2078.4,1fcf041bc427507f767a28519182263ab9925550,1326017
autoland,3869862,13,ffaba559b8f75178eed537731f258b1129b7fe97,linux1804-64-shippable-qr,True,False,,|c|o|l|d| |f|i|s|s|i|o|n| |w|e|b|r|e|n|d|e|r|,102210fe594ee9b33d82058545b1ed14f4c8206e,LastVisualChange,cnn,True,cnn LastVisualChange opt cold fission webrender,,77,ms,firefox,,1785944052,2023-11-02T10:56:45,2121.8,86b37d608b6dff619ef21dd6df25970d2f35504f,1326103
autoland,3869862,13,ffaba559b8f75178eed537731f258b1129b7fe97,linux1804-64-shippable-qr,True,False,,|c|o|l|d| |f|i|s|s|i|o|n| |w|e|b|r|e|n|d|e|r|,102210fe594ee9b33d82058545b1ed14f4c8206e,LastVisualChange,cnn,True,cnn LastVisualChange opt cold fission webrender,,77,ms,firefox,,1785968770,2023-11-02T12:13:53,2116.5,59754ae1b71386535d42979e577deaaad4aa522f,1326138
autoland,3869862,13,ffaba559b8f75178eed537731f258b1129b7fe97,linux1804-64-shippable-qr,True,False,,|c|o|l|d| |f|i|s|s|i|o|n| |w|e|b|r|e|n|d|e|r|,102210fe594ee9b33d82058545b1ed14f4c8206e,LastVisualChange,cnn,True,cnn LastVisualChange opt cold fission webrender,,77,ms,firefox,,1786490574,2023-11-02T13:30:08,2078.8,42ea9e037ab397f0632ce37f1bd8709b44ffa6ff,1326191
autoland,3869862,13,ffaba559b8f75178eed537731f258b1129b7fe97,linux1804-64-shippable-qr,True,False,,|c|o|l|d| |f|i|s|s|i|o|n| |w|e|b|r|e|n|d|e|r|,102210fe594ee9b33d82058545b1ed14f4c8206e,LastVisualChange,cnn,True,cnn LastVisualChange opt cold fission webrender,,77,ms,firefox,,1786497120,2023-11-02T13:48:11,2189.1,08cb433e982fa288536eb388ba3946a21ef856c1,1326209
autoland,3869862,13,ffaba559b8f75178eed537731f258b1129b7fe97,linux1804-64-shippable-qr,True,False,,|c|o|l|d| |f|i|s|s|i|o|n| |w|e|b|r|e|n|d|e|r|,102210fe594ee9b33d82058545b1ed14f4c8206e,LastVisualChange,cnn,True,cnn LastVisualChange opt cold fission webrender,,77,ms,firefox,,1786139114,2023-11-02T15:35:11,2150.9,b32fede7af3947e835399bab4d1d7f096517521f,1326301
autoland,3869862,13,ffaba559b8f75178eed537731f258b1129b7fe97,linux1804-64-shippable-qr,True,False,,|c|o|l|d| |f|i|s|s|i|o|n| |w|e|b|r|e|n|d|e|r|,102210fe594ee9b33d82058545b1ed14f4c8206e,LastVisualChange,cnn,True,cnn LastVisualChange opt cold fission webrender,,77,ms,firefox,,1786286782,2023-11-02T19:35:23,2140.6,94e5f553d8ee5632338645c8928e3cc1454d7b5b,1326465
autoland,3869862,13,ffaba559b8f75178eed537731f258b1129b7fe97,linux1804-64-shippable-qr,True,False,,|c|o|l|d| |f|i|s|s|i|o|n| |w|e|b|r|e|n|d|e|r|,102210fe594ee9b33d82058545b1ed14f4c8206e,LastVisualChange,cnn,True,cnn LastVisualChange opt cold fission webrender,,77,ms,firefox,,1786375089,2023-11-02T22:16:50,2133.0,e76a1dc1e2e5cfa536e6893665fb8d42d2669341,1326592
autoland,3869862,13,ffaba559b8f75178eed537731f258b1129b7fe97,linux1804-64-shippable-qr,True,False,,|c|o|l|d| |f|i|s|s|i|o|n| |w|e|b|r|e|n|d|e|r|,102210fe594ee9b33d82058545b1ed14f4c8206e,LastVisualChange,cnn,True,cnn LastVisualChange opt cold fission webrender,,77,ms,firefox,,1786475972,2023-11-03T02:17:21,2099.0,7398cacb1ad3e7be98ad07eff3a56fd050025c48,1326661
autoland,3869862,13,ffaba559b8f75178eed537731f258b1129b7fe97,linux1804-64-shippable-qr,True,False,,|c|o|l|d| |f|i|s|s|i|o|n| |w|e|b|r|e|n|d|e|r|,102210fe594ee9b33d82058545b1ed14f4c8206e,LastVisualChange,cnn,True,cnn LastVisualChange opt cold fission webrender,,77,ms,firefox,,1786549769,2023-11-03T06:29:48,2091.3,63221dffde4f2b6c134c16fb540dea75d856626d,1326720
autoland,3869862,13,ffaba559b8f75178eed537731f258b1129b7fe97,linux1804-64-shippable-qr,True,False,,|c|o|l|d| |f|i|s|s|i|o|n| |w|e|b|r|e|n|d|e|r|,102210fe594ee9b33d82058545b1ed14f4c8206e,LastVisualChange,cnn,True,cnn LastVisualChange opt cold fission webrender,,77,ms,firefox,,1786695395,2023-11-03T09:45:55,2118.4,fef2ab0f10caa08593c20e7febc4cec185670a4a,1326769
autoland,3869862,13,ffaba559b8f75178eed537731f258b1129b7fe97,linux1804-64-shippable-qr,True,False,,|c|o|l|d| |f|i|s|s|i|o|n| |w|e|b|r|e|n|d|e|r|,102210fe594ee9b33d82058545b1ed14f4c8206e,LastVisualChange,cnn,True,cnn LastVisualChange opt cold fission webrender,,77,ms,firefox,,1786843266,2023-11-03T14:08:17,2112.2,db8c28afe588aab0cd434e280a4614c075350cde,1326874
autoland,3869862,13,ffaba559b8f75178eed537731f258b1129b7fe97,linux1804-64-shippable-qr,True,False,,|c|o|l|d| |f|i|s|s|i|o|n| |w|e|b|r|e|n|d|e|r|,102210fe594ee9b33d82058545b1ed14f4c8206e,LastVisualChange,cnn,True,cnn LastVisualChange opt cold fission webrender,,77,ms,firefox,,1787165500,2023-11-03T14:30:10,2012.2,218b0b33b6bb55913c005cf174b1dcc8c1fb63ba,1326901
autoland,3869862,13,ffaba559b8f75178eed537731f258b1129b7fe97,linux1804-64-shippable-qr,True,False,,|c|o|l|d| |f|i|s|s|i|o|n| |w|e|b|r|e|n|d|e|r|,102210fe594ee9b33d82058545b1ed14f4c8206e,LastVisualChange,cnn,True,cnn LastVisualChange opt cold fission webrender,,77,ms,firefox,,1787175931,2023-11-03T14:52:04,2064.7,0896ccb4c8266515669efe20006dd62d7cc46e05,1326910
autoland,3869862,13,ffaba559b8f75178eed537731f258b1129b7fe97,linux1804-64-shippable-qr,True,False,,|c|o|l|d| |f|i|s|s|i|o|n| |w|e|b|r|e|n|d|e|r|,102210fe594ee9b33d82058545b1ed14f4c8206e,LastVisualChange,cnn,True,cnn LastVisualChange opt cold fission webrender,,77,ms,firefox,,1786909341,2023-11-03T15:30:02,2136.9,c1bbed9e33815cc111047e95375c6446ad566b5b,1326932
autoland,3869862,13,ffaba559b8f75178eed537731f258b1129b7fe97,linux1804-64-shippable-qr,True,False,,|c|o|l|d| |f|i|s|s|i|o|n| |w|e|b|r|e|n|d|e|r|,102210fe594ee9b33d82058545b1ed14f4c8206e,LastVisualChange,cnn,True,cnn LastVisualChange opt cold fission webrender,,77,ms,firefox,,1786987051,2023-11-03T19:29:08,2026.5,3483c8458f12814829ccacc001ce04923ce9c601,1327119
autoland,3869862,13,ffaba559b8f75178eed537731f258b1129b7fe97,linux1804-64-shippable-qr,True,False,,|c|o|l|d| |f|i|s|s|i|o|n| |w|e|b|r|e|n|d|e|r|,102210fe594ee9b33d82058545b1ed14f4c8206e,LastVisualChange,cnn,True,cnn LastVisualChange opt cold fission webrender,,77,ms,firefox,,1787120613,2023-11-04T00:04:01,2021.7,71b8373e6622cf42c02a4244f2c2629c6afed2db,1327246
autoland,3869862,13,ffaba559b8f75178eed537731f258b1129b7fe97,linux1804-64-shippable-qr,True,False,,|c|o|l|d| |f|i|s|s|i|o|n| |w|e|b|r|e|n|d|e|r|,102210fe594ee9b33d82058545b1ed14f4c8206e,LastVisualChange,cnn,True,cnn LastVisualChange opt cold fission webrender,,77,ms,firefox,,1787135430,2023-11-04T01:35:30,2067.4,fa8ebe703963d027ce9185c21a4e7bdc98f8cd68,1327271
autoland,3869862,13,ffaba559b8f75178eed537731f258b1129b7fe97,linux1804-64-shippable-qr,True,False,,|c|o|l|d| |f|i|s|s|i|o|n| |w|e|b|r|e|n|d|e|r|,102210fe594ee9b33d82058545b1ed14f4c8206e,LastVisualChange,cnn,True,cnn LastVisualChange opt cold fission webrender,,77,ms,firefox,,1787217599,2023-11-04T08:24:01,2057.3,f65c77517e3e8d32a23f3607a039a558abd2b12c,1327306
autoland,3869862,13,ffaba559b8f75178eed537731f258b1129b7fe97,linux1804-64-shippable-qr,True,False,,|c|o|l|d| |f|i|s|s|i|o|n| |w|e|b|r|e|n|d|e|r|,102210fe594ee9b33d82058545b1ed14f4c8206e,LastVisualChange,cnn,True,cnn LastVisualChange opt cold fission webrender,,77,ms,firefox,,1787387890,2023-11-04T14:15:16,2030.0,90f5a1a99e4af4267d041ebe447fe2c0d6028eec,1327379
autoland,3869862,13,ffaba559b8f75178eed537731f258b1129b7fe97,linux1804-64-shippable-qr,True,False,,|c|o|l|d| |f|i|s|s|i|o|n| |w|e|b|r|e|n|d|e|r|,102210fe594ee9b33d82058545b1ed14f4c8206e,LastVisualChange,cnn,True,cnn LastVisualChange opt cold fission webrender,,77,ms,firefox,,1787439097,2023-11-04T18:45:40,2025.9,55a02a6f1e91945e24618f64bd61b9f3a0beeea0,1327418
autoland,3869862,13,ffaba559b8f75178eed537731f258b1129b7fe97,linux1804-64-shippable-qr,True,False,,|c|o|l|d| |f|i|s|s|i|o|n| |w|e|b|r|e|n|d|e|r|,102210fe594ee9b33d82058545b1ed14f4c8206e,LastVisualChange,cnn,True,cnn LastVisualChange opt cold fission webrender,,77,ms,firefox,,1787503530,2023-11-04T23:01:16,2047.6,c6d6218c85ae690d272c8b978051ec7c2718b1b2,1327454
autoland,3869862,13,ffaba559b8f75178eed537731f258b1129b7fe97,linux1804-64-shippable-qr,True,False,,|c|o|l|d| |f|i|s|s|i|o|n| |w|e|b|r|e|n|d|e|r|,102210fe594ee9b33d82058545b1ed14f4c8206e,LastVisualChange,cnn,True,cnn LastVisualChange opt cold fission webrender,,77,ms,firefox,,1787735883,2023-11-05T12:31:02,2018.1,6e473b5825d2acd52739d9cc4cdec6ea5e26c9d1,1327508
autoland,3869862,13,ffaba559b8f75178eed537731f258b1129b7fe97,linux1804-64-shippable-qr,True,False,,|c|o|l|d| |f|i|s|s|i|o|n| |w|e|b|r|e|n|d|e|r|,102210fe594ee9b33d82058545b1ed14f4c8206e,LastVisualChange,cnn,True,cnn LastVisualChange opt cold fission webrender,,77,ms,firefox,,1787874413,2023-11-05T17:15:11,2041.4,e4d362eebc148baf8432d0b013b6233995a2f16e,1327546
autoland,3869862,13,ffaba559b8f75178eed537731f258b1129b7fe97,linux1804-64-shippable-qr,True,False,,|c|o|l|d| |f|i|s|s|i|o|n| |w|e|b|r|e|n|d|e|r|,102210fe594ee9b33d82058545b1ed14f4c8206e,LastVisualChange,cnn,True,cnn LastVisualChange opt cold fission webrender,,77,ms,firefox,,1787985271,2023-11-05T22:35:05,2033.7,1995198e0bee1b9f7d4ac3a5286fb89a8305fa28,1327567
autoland,3869862,13,ffaba559b8f75178eed537731f258b1129b7fe97,linux1804-64-shippable-qr,True,False,,|c|o|l|d| |f|i|s|s|i|o|n| |w|e|b|r|e|n|d|e|r|,102210fe594ee9b33d82058545b1ed14f4c8206e,LastVisualChange,cnn,True,cnn LastVisualChange opt cold fission webrender,,77,ms,firefox,,1788208036,2023-11-06T03:28:15,2029.1,925231a8fb5eccf055afb3e9921596d8f990128b,1327590
autoland,3869862,13,ffaba559b8f75178eed537731f258b1129b7fe97,linux1804-64-shippable-qr,True,False,,|c|o|l|d| |f|i|s|s|i|o|n| |w|e|b|r|e|n|d|e|r|,102210fe594ee9b33d82058545b1ed14f4c8206e,LastVisualChange,cnn,True,cnn LastVisualChange opt cold fission webrender,,77,ms,firefox,,1788297084,2023-11-06T06:27:10,2033.8,58f61f19462af6371405866cd0506983856d5433,1327613
autoland,3869862,13,ffaba559b8f75178eed537731f258b1129b7fe97,linux1804-64-shippable-qr,True,False,,|c|o|l|d| |f|i|s|s|i|o|n| |w|e|b|r|e|n|d|e|r|,102210fe594ee9b33d82058545b1ed14f4c8206e,LastVisualChange,cnn,True,cnn LastVisualChange opt cold fission webrender,,77,ms,firefox,,1788413137,2023-11-06T10:22:32,2039.5,47130f8e8a79f36f7bea8cf4a4a19a3ef155e539,1327714
autoland,3869862,13,ffaba559b8f75178eed537731f258b1129b7fe97,linux1804-64-shippable-qr,True,False,,|c|o|l|d| |f|i|s|s|i|o|n| |w|e|b|r|e|n|d|e|r|,102210fe594ee9b33d82058545b1ed14f4c8206e,LastVisualChange,cnn,True,cnn LastVisualChange opt cold fission webrender,,77,ms,firefox,,1788597690,2023-11-06T14:23:08,2049.5,e85ef9b0c6ee61f9f14bf8b49cd5f6e0a5fac3d7,1327890
autoland,3869862,13,ffaba559b8f75178eed537731f258b1129b7fe97,linux1804-64-shippable-qr,True,False,,|c|o|l|d| |f|i|s|s|i|o|n| |w|e|b|r|e|n|d|e|r|,102210fe594ee9b33d82058545b1ed14f4c8206e,LastVisualChange,cnn,True,cnn LastVisualChange opt cold fission webrender,,77,ms,firefox,,1788772240,2023-11-06T17:39:09,2002.0,6d5e2f6a296345f3afbeecf2e34bf0f7da7c7991,1328028
autoland,3869862,13,ffaba559b8f75178eed537731f258b1129b7fe97,linux1804-64-shippable-qr,True,False,,|c|o|l|d| |f|i|s|s|i|o|n| |w|e|b|r|e|n|d|e|r|,102210fe594ee9b33d82058545b1ed14f4c8206e,LastVisualChange,cnn,True,cnn LastVisualChange opt cold fission webrender,,77,ms,firefox,,1789064038,2023-11-06T19:35:04,2027.1,503650406cb658c3bb6b55a44c03d5b95ae8ff5b,1328081
autoland,3869862,13,ffaba559b8f75178eed537731f258b1129b7fe97,linux1804-64-shippable-qr,True,False,,|c|o|l|d| |f|i|s|s|i|o|n| |w|e|b|r|e|n|d|e|r|,102210fe594ee9b33d82058545b1ed14f4c8206e,LastVisualChange,cnn,True,cnn LastVisualChange opt cold fission webrender,,77,ms,firefox,,1789037785,2023-11-06T19:36:11,2010.5,89a118c5878608de9ce47ac8182b338e6ef13c33,1328083
autoland,3869862,13,ffaba559b8f75178eed537731f258b1129b7fe97,linux1804-64-shippable-qr,True,False,,|c|o|l|d| |f|i|s|s|i|o|n| |w|e|b|r|e|n|d|e|r|,102210fe594ee9b33d82058545b1ed14f4c8206e,LastVisualChange,cnn,True,cnn LastVisualChange opt cold fission webrender,,77,ms,firefox,,1789071950,2023-11-06T19:52:32,2052.7,ffb99ffa3c65771df47bdf63bc01d231c1b8de95,1328090
autoland,3869862,13,ffaba559b8f75178eed537731f258b1129b7fe97,linux1804-64-shippable-qr,True,False,,|c|o|l|d| |f|i|s|s|i|o|n| |w|e|b|r|e|n|d|e|r|,102210fe594ee9b33d82058545b1ed14f4c8206e,LastVisualChange,cnn,True,cnn LastVisualChange opt cold fission webrender,,77,ms,firefox,,1788998916,2023-11-06T19:53:36,2069.4,14364903b3513c984be3affb09c263c89bd313c6,1328091
autoland,3869862,13,ffaba559b8f75178eed537731f258b1129b7fe97,linux1804-64-shippable-qr,True,False,,|c|o|l|d| |f|i|s|s|i|o|n| |w|e|b|r|e|n|d|e|r|,102210fe594ee9b33d82058545b1ed14f4c8206e,LastVisualChange,cnn,True,cnn LastVisualChange opt cold fission webrender,,77,ms,firefox,,1788849835,2023-11-06T20:45:17,1677.4,cfad60e16bc9ffd1123a5eb881ba42aaa60b9b18,1328100
autoland,3869862,13,ffaba559b8f75178eed537731f258b1129b7fe97,linux1804-64-shippable-qr,True,False,,|c|o|l|d| |f|i|s|s|i|o|n| |w|e|b|r|e|n|d|e|r|,102210fe594ee9b33d82058545b1ed14f4c8206e,LastVisualChange,cnn,True,cnn LastVisualChange opt cold fission webrender,,77,ms,firefox,,1788959776,2023-11-07T01:37:21,2033.8,05f23c29b41cfcb7bfe0b081854260fa6d04388f,1328269
autoland,3869862,13,ffaba559b8f75178eed537731f258b1129b7fe97,linux1804-64-shippable-qr,True,False,,|c|o|l|d| |f|i|s|s|i|o|n| |w|e|b|r|e|n|d|e|r|,102210fe594ee9b33d82058545b1ed14f4c8206e,LastVisualChange,cnn,True,cnn LastVisualChange opt cold fission webrender,,77,ms,firefox,,1789118235,2023-11-07T05:57:42,2044.2,5f6163941f402e507f0d384b9904f2a425a28d57,1328312
autoland,3869862,13,ffaba559b8f75178eed537731f258b1129b7fe97,linux1804-64-shippable-qr,True,False,,|c|o|l|d| |f|i|s|s|i|o|n| |w|e|b|r|e|n|d|e|r|,102210fe594ee9b33d82058545b1ed14f4c8206e,LastVisualChange,cnn,True,cnn LastVisualChange opt cold fission webrender,,77,ms,firefox,,1789160155,2023-11-07T07:13:43,2036.7,7a3978f0626b31f7d311cbc700a8ad6eef3c38a7,1328322
autoland,3869862,13,ffaba559b8f75178eed537731f258b1129b7fe97,linux1804-64-shippable-qr,True,False,,|c|o|l|d| |f|i|s|s|i|o|n| |w|e|b|r|e|n|d|e|r|,102210fe594ee9b33d82058545b1ed14f4c8206e,LastVisualChange,cnn,True,cnn LastVisualChange opt cold fission webrender,,77,ms,firefox,,1789376931,2023-11-07T15:22:28,2052.1,3a6678776d36c32f58fe521d73f09bbc1478cbbb,1328534
autoland,3869862,13,ffaba559b8f75178eed537731f258b1129b7fe97,linux1804-64-shippable-qr,True,False,,|c|o|l|d| |f|i|s|s|i|o|n| |w|e|b|r|e|n|d|e|r|,102210fe594ee9b33d82058545b1ed14f4c8206e,LastVisualChange,cnn,True,cnn LastVisualChange opt cold fission webrender,,77,ms,firefox,,1789540937,2023-11-07T20:38:50,2035.3,2f5322fade4338f844537e7e14979d023e4b7d48,1328596
autoland,3869862,13,ffaba559b8f75178eed537731f258b1129b7fe97,linux1804-64-shippable-qr,True,False,,|c|o|l|d| |f|i|s|s|i|o|n| |w|e|b|r|e|n|d|e|r|,102210fe594ee9b33d82058545b1ed14f4c8206e,LastVisualChange,cnn,True,cnn LastVisualChange opt cold fission webrender,,77,ms,firefox,,1789822060,2023-11-07T20:41:36,2035.2,a68dd6c75952b039fd90f5f3236f2bb2c5313d30,1328601
autoland,3869862,13,ffaba559b8f75178eed537731f258b1129b7fe97,linux1804-64-shippable-qr,True,False,,|c|o|l|d| |f|i|s|s|i|o|n| |w|e|b|r|e|n|d|e|r|,102210fe594ee9b33d82058545b1ed14f4c8206e,LastVisualChange,cnn,True,cnn LastVisualChange opt cold fission webrender,,77,ms,firefox,,1789847873,2023-11-07T20:42:28,2023.7,7ec4b8cb61720f01749a68ec9a3e7a9d62f9edca,1328602
autoland,3869862,13,ffaba559b8f75178eed537731f258b1129b7fe97,linux1804-64-shippable-qr,True,False,,|c|o|l|d| |f|i|s|s|i|o|n| |w|e|b|r|e|n|d|e|r|,102210fe594ee9b33d82058545b1ed14f4c8206e,LastVisualChange,cnn,True,cnn LastVisualChange opt cold fission webrender,,77,ms,firefox,,1789867356,2023-11-07T20:42:28,2031.9,7ec4b8cb61720f01749a68ec9a3e7a9d62f9edca,1328602
autoland,3869862,13,ffaba559b8f75178eed537731f258b1129b7fe97,linux1804-64-shippable-qr,True,False,,|c|o|l|d| |f|i|s|s|i|o|n| |w|e|b|r|e|n|d|e|r|,102210fe594ee9b33d82058545b1ed14f4c8206e,LastVisualChange,cnn,True,cnn LastVisualChange opt cold fission webrender,,77,ms,firefox,,1789830983,2023-11-07T20:43:20,2048.7,0cb5b12aa2dffce0f3c4119e0e4a1bdeeb5bbd31,1328605
autoland,3869862,13,ffaba559b8f75178eed537731f258b1129b7fe97,linux1804-64-shippable-qr,True,False,,|c|o|l|d| |f|i|s|s|i|o|n| |w|e|b|r|e|n|d|e|r|,102210fe594ee9b33d82058545b1ed14f4c8206e,LastVisualChange,cnn,True,cnn LastVisualChange opt cold fission webrender,,77,ms,firefox,,1789638839,2023-11-07T23:09:36,2105.1,146ef5c46755802d7609ece035e0115301c936bd,1328770
autoland,3869862,13,ffaba559b8f75178eed537731f258b1129b7fe97,linux1804-64-shippable-qr,True,False,,|c|o|l|d| |f|i|s|s|i|o|n| |w|e|b|r|e|n|d|e|r|,102210fe594ee9b33d82058545b1ed14f4c8206e,LastVisualChange,cnn,True,cnn LastVisualChange opt cold fission webrender,,77,ms,firefox,,1790572627,2023-11-08T00:10:31,2037.1,bf0c12a3c9849d9076678237eb16ad1452df16bd,1328803
autoland,3869862,13,ffaba559b8f75178eed537731f258b1129b7fe97,linux1804-64-shippable-qr,True,False,,|c|o|l|d| |f|i|s|s|i|o|n| |w|e|b|r|e|n|d|e|r|,102210fe594ee9b33d82058545b1ed14f4c8206e,LastVisualChange,cnn,True,cnn LastVisualChange opt cold fission webrender,,77,ms,firefox,,1790551863,2023-11-08T00:11:37,2048.4,36cd4787833aa50ad51341da086befe9ab591119,1328804
autoland,3869862,13,ffaba559b8f75178eed537731f258b1129b7fe97,linux1804-64-shippable-qr,True,False,,|c|o|l|d| |f|i|s|s|i|o|n| |w|e|b|r|e|n|d|e|r|,102210fe594ee9b33d82058545b1ed14f4c8206e,LastVisualChange,cnn,True,cnn LastVisualChange opt cold fission webrender,,77,ms,firefox,,1789672740,2023-11-08T00:15:37,2030.2,54f6a0fa6c5ffe3ce0a5f981a4cdedc058256898,1328812
autoland,3869862,13,ffaba559b8f75178eed537731f258b1129b7fe97,linux1804-64-shippable-qr,True,False,,|c|o|l|d| |f|i|s|s|i|o|n| |w|e|b|r|e|n|d|e|r|,102210fe594ee9b33d82058545b1ed14f4c8206e,LastVisualChange,cnn,True,cnn LastVisualChange opt cold fission webrender,,77,ms,firefox,,1789855654,2023-11-08T05:24:12,2041.5,68721f0d6aec0facf9c8f271ea2bb2719348014a,1328912
autoland,3869862,13,ffaba559b8f75178eed537731f258b1129b7fe97,linux1804-64-shippable-qr,True,False,,|c|o|l|d| |f|i|s|s|i|o|n| |w|e|b|r|e|n|d|e|r|,102210fe594ee9b33d82058545b1ed14f4c8206e,LastVisualChange,cnn,True,cnn LastVisualChange opt cold fission webrender,,77,ms,firefox,,1789975293,2023-11-08T09:44:01,2021.0,578787894d0e996af4d743caf71b5501330fb2ab,1328973
autoland,3869862,13,ffaba559b8f75178eed537731f258b1129b7fe97,linux1804-64-shippable-qr,True,False,,|c|o|l|d| |f|i|s|s|i|o|n| |w|e|b|r|e|n|d|e|r|,102210fe594ee9b33d82058545b1ed14f4c8206e,LastVisualChange,cnn,True,cnn LastVisualChange opt cold fission webrender,,77,ms,firefox,,1789990220,2023-11-08T09:46:58,2044.6,e65fca949600e3163fd1befd6423958e0bc70029,1328975
autoland,3869862,13,ffaba559b8f75178eed537731f258b1129b7fe97,linux1804-64-shippable-qr,True,False,,|c|o|l|d| |f|i|s|s|i|o|n| |w|e|b|r|e|n|d|e|r|,102210fe594ee9b33d82058545b1ed14f4c8206e,LastVisualChange,cnn,True,cnn LastVisualChange opt cold fission webrender,,77,ms,firefox,,1790670582,2023-11-08T11:14:55,2027.4,41529cdc86384f74205666f1f5b781a95de98e58,1329030
autoland,3869862,13,ffaba559b8f75178eed537731f258b1129b7fe97,linux1804-64-shippable-qr,True,False,,|c|o|l|d| |f|i|s|s|i|o|n| |w|e|b|r|e|n|d|e|r|,102210fe594ee9b33d82058545b1ed14f4c8206e,LastVisualChange,cnn,True,cnn LastVisualChange opt cold fission webrender,,77,ms,firefox,,1790649943,2023-11-08T11:17:38,2010.5,008d97a8a9a984bfdc4a96e3ce3340b1b4e998ce,1329031
autoland,3869862,13,ffaba559b8f75178eed537731f258b1129b7fe97,linux1804-64-shippable-qr,True,False,,|c|o|l|d| |f|i|s|s|i|o|n| |w|e|b|r|e|n|d|e|r|,102210fe594ee9b33d82058545b1ed14f4c8206e,LastVisualChange,cnn,True,cnn LastVisualChange opt cold fission webrender,,77,ms,firefox,,1790093258,2023-11-08T13:41:28,2023.1,ae536a17c1ffbb830141240a38f81e032b6645ea,1329115
autoland,3869862,13,ffaba559b8f75178eed537731f258b1129b7fe97,linux1804-64-shippable-qr,True,False,,|c|o|l|d| |f|i|s|s|i|o|n| |w|e|b|r|e|n|d|e|r|,102210fe594ee9b33d82058545b1ed14f4c8206e,LastVisualChange,cnn,True,cnn LastVisualChange opt cold fission webrender,,77,ms,firefox,,1790183555,2023-11-08T17:45:21,2057.2,f1fb5f0afb5896b5c30e6a9b1439a9c4de4a3db2,1329261
autoland,3869862,13,ffaba559b8f75178eed537731f258b1129b7fe97,linux1804-64-shippable-qr,True,False,,|c|o|l|d| |f|i|s|s|i|o|n| |w|e|b|r|e|n|d|e|r|,102210fe594ee9b33d82058545b1ed14f4c8206e,LastVisualChange,cnn,True,cnn LastVisualChange opt cold fission webrender,,77,ms,firefox,,1790387972,2023-11-08T23:10:55,2035.0,9b044e3ed5981e128922152098934a6691bfcd97,1329500
autoland,3869862,13,ffaba559b8f75178eed537731f258b1129b7fe97,linux1804-64-shippable-qr,True,False,,|c|o|l|d| |f|i|s|s|i|o|n| |w|e|b|r|e|n|d|e|r|,102210fe594ee9b33d82058545b1ed14f4c8206e,LastVisualChange,cnn,True,cnn LastVisualChange opt cold fission webrender,,77,ms,firefox,,1790429347,2023-11-09T00:04:05,2031.1,fd3f50f4dce00592f4da8f972037ced4a0c9f5be,1329532
autoland,3869862,13,ffaba559b8f75178eed537731f258b1129b7fe97,linux1804-64-shippable-qr,True,False,,|c|o|l|d| |f|i|s|s|i|o|n| |w|e|b|r|e|n|d|e|r|,102210fe594ee9b33d82058545b1ed14f4c8206e,LastVisualChange,cnn,True,cnn LastVisualChange opt cold fission webrender,,77,ms,firefox,,1790628963,2023-11-09T04:14:58,2046.1,975206b939dc6e4f823a1a29c703dd586e4157b9,1329628
autoland,3869862,13,ffaba559b8f75178eed537731f258b1129b7fe97,linux1804-64-shippable-qr,True,False,,|c|o|l|d| |f|i|s|s|i|o|n| |w|e|b|r|e|n|d|e|r|,102210fe594ee9b33d82058545b1ed14f4c8206e,LastVisualChange,cnn,True,cnn LastVisualChange opt cold fission webrender,,77,ms,firefox,,1790735428,2023-11-09T08:18:01,2008.6,d0c4fdebcd36de1f0361cb29103afbf36e498521,1329688
autoland,3869862,13,ffaba559b8f75178eed537731f258b1129b7fe97,linux1804-64-shippable-qr,True,False,,|c|o|l|d| |f|i|s|s|i|o|n| |w|e|b|r|e|n|d|e|r|,102210fe594ee9b33d82058545b1ed14f4c8206e,LastVisualChange,cnn,True,cnn LastVisualChange opt cold fission webrender,,77,ms,firefox,,1790754377,2023-11-09T08:32:31,2067.6,5392006086fa6f66b9c2f5919b8c65d04cf44936,1329693
autoland,3869862,13,ffaba559b8f75178eed537731f258b1129b7fe97,linux1804-64-shippable-qr,True,False,,|c|o|l|d| |f|i|s|s|i|o|n| |w|e|b|r|e|n|d|e|r|,102210fe594ee9b33d82058545b1ed14f4c8206e,LastVisualChange,cnn,True,cnn LastVisualChange opt cold fission webrender,,77,ms,firefox,,1790932619,2023-11-09T12:39:55,2026.5,0d25aa82c9421a1a0e1d9bf224094a9feaa083c0,1329818
autoland,3869862,13,ffaba559b8f75178eed537731f258b1129b7fe97,linux1804-64-shippable-qr,True,False,,|c|o|l|d| |f|i|s|s|i|o|n| |w|e|b|r|e|n|d|e|r|,102210fe594ee9b33d82058545b1ed14f4c8206e,LastVisualChange,cnn,True,cnn LastVisualChange opt cold fission webrender,,77,ms,firefox,,1791001434,2023-11-09T13:52:13,2083.9,af9d30c92582a30a1e7987079e780e59aa69ab7b,1329843
autoland,3869862,13,ffaba559b8f75178eed537731f258b1129b7fe97,linux1804-64-shippable-qr,True,False,,|c|o|l|d| |f|i|s|s|i|o|n| |w|e|b|r|e|n|d|e|r|,102210fe594ee9b33d82058545b1ed14f4c8206e,LastVisualChange,cnn,True,cnn LastVisualChange opt cold fission webrender,,77,ms,firefox,,1791115545,2023-11-09T18:06:54,2040.8,1eda7f37f458e81d7c275eb0a3e1959cdfdb5053,1329987
autoland,3869862,13,ffaba559b8f75178eed537731f258b1129b7fe97,linux1804-64-shippable-qr,True,False,,|c|o|l|d| |f|i|s|s|i|o|n| |w|e|b|r|e|n|d|e|r|,102210fe594ee9b33d82058545b1ed14f4c8206e,LastVisualChange,cnn,True,cnn LastVisualChange opt cold fission webrender,,77,ms,firefox,,1791199764,2023-11-09T18:57:17,2064.5,938e6fc607623834483a5ab95019520814f10ee8,1330029
autoland,3869862,13,ffaba559b8f75178eed537731f258b1129b7fe97,linux1804-64-shippable-qr,True,False,,|c|o|l|d| |f|i|s|s|i|o|n| |w|e|b|r|e|n|d|e|r|,102210fe594ee9b33d82058545b1ed14f4c8206e,LastVisualChange,cnn,True,cnn LastVisualChange opt cold fission webrender,,77,ms,firefox,,1791445933,2023-11-09T23:53:27,2049.2,d3aff5d6c69730c6f26eb54b7e24fdd203480069,1330185
autoland,3869862,13,ffaba559b8f75178eed537731f258b1129b7fe97,linux1804-64-shippable-qr,True,False,,|c|o|l|d| |f|i|s|s|i|o|n| |w|e|b|r|e|n|d|e|r|,102210fe594ee9b33d82058545b1ed14f4c8206e,LastVisualChange,cnn,True,cnn LastVisualChange opt cold fission webrender,,77,ms,firefox,,1791369470,2023-11-10T00:18:00,2023.7,543c915fc8c6775cd665ad6ebe58df0f46e9198c,1330200
autoland,3869862,13,ffaba559b8f75178eed537731f258b1129b7fe97,linux1804-64-shippable-qr,True,False,,|c|o|l|d| |f|i|s|s|i|o|n| |w|e|b|r|e|n|d|e|r|,102210fe594ee9b33d82058545b1ed14f4c8206e,LastVisualChange,cnn,True,cnn LastVisualChange opt cold fission webrender,,77,ms,firefox,,1791588657,2023-11-10T06:00:15,2033.3,5fcc529533b87c657e0dd95ea8cdd37f7cbac5c0,1330263
autoland,3869862,13,ffaba559b8f75178eed537731f258b1129b7fe97,linux1804-64-shippable-qr,True,False,,|c|o|l|d| |f|i|s|s|i|o|n| |w|e|b|r|e|n|d|e|r|,102210fe594ee9b33d82058545b1ed14f4c8206e,LastVisualChange,cnn,True,cnn LastVisualChange opt cold fission webrender,,77,ms,firefox,,1791727860,2023-11-10T10:16:47,2027.2,2033848fe740a46b19d19b2689365e6d5122d399,1330353
autoland,3869862,13,ffaba559b8f75178eed537731f258b1129b7fe97,linux1804-64-shippable-qr,True,False,,|c|o|l|d| |f|i|s|s|i|o|n| |w|e|b|r|e|n|d|e|r|,102210fe594ee9b33d82058545b1ed14f4c8206e,LastVisualChange,cnn,True,cnn LastVisualChange opt cold fission webrender,,77,ms,firefox,,1791805397,2023-11-10T14:18:06,2033.4,e2c6fa08aa82b40d8316fc19e08ea45be70e9292,1330451
autoland,3869862,13,ffaba559b8f75178eed537731f258b1129b7fe97,linux1804-64-shippable-qr,True,False,,|c|o|l|d| |f|i|s|s|i|o|n| |w|e|b|r|e|n|d|e|r|,102210fe594ee9b33d82058545b1ed14f4c8206e,LastVisualChange,cnn,True,cnn LastVisualChange opt cold fission webrender,,77,ms,firefox,,1792240772,2023-11-10T14:36:50,2054.6,5333a7b4673f82c2a84b3bf4e2547ca4b7f058f1,1330458
autoland,3869862,13,ffaba559b8f75178eed537731f258b1129b7fe97,linux1804-64-shippable-qr,True,False,,|c|o|l|d| |f|i|s|s|i|o|n| |w|e|b|r|e|n|d|e|r|,102210fe594ee9b33d82058545b1ed14f4c8206e,LastVisualChange,cnn,True,cnn LastVisualChange opt cold fission webrender,,77,ms,firefox,,1792252612,2023-11-10T14:39:32,2042.8,b2f6c4b727ceb6bc9b6101de6557ff283ca94816,1330462
autoland,3869862,13,ffaba559b8f75178eed537731f258b1129b7fe97,linux1804-64-shippable-qr,True,False,,|c|o|l|d| |f|i|s|s|i|o|n| |w|e|b|r|e|n|d|e|r|,102210fe594ee9b33d82058545b1ed14f4c8206e,LastVisualChange,cnn,True,cnn LastVisualChange opt cold fission webrender,,77,ms,firefox,,1791827425,2023-11-10T14:48:51,2066.1,f90b853d9b0b112db86ff41fcce843afb13939ce,1330467
autoland,3869862,13,ffaba559b8f75178eed537731f258b1129b7fe97,linux1804-64-shippable-qr,True,False,,|c|o|l|d| |f|i|s|s|i|o|n| |w|e|b|r|e|n|d|e|r|,102210fe594ee9b33d82058545b1ed14f4c8206e,LastVisualChange,cnn,True,cnn LastVisualChange opt cold fission webrender,,77,ms,firefox,,1792119861,2023-11-10T23:46:31,2028.5,740891aba7f0d05a95960669bd6efe7b25177226,1330635
autoland,3869862,13,ffaba559b8f75178eed537731f258b1129b7fe97,linux1804-64-shippable-qr,True,False,,|c|o|l|d| |f|i|s|s|i|o|n| |w|e|b|r|e|n|d|e|r|,102210fe594ee9b33d82058545b1ed14f4c8206e,LastVisualChange,cnn,True,cnn LastVisualChange opt cold fission webrender,,77,ms,firefox,,1792292505,2023-11-11T06:55:04,2052.7,94bbd4bd056a20549029ecbc07c9a4b5da968789,1330673
autoland,3869862,13,ffaba559b8f75178eed537731f258b1129b7fe97,linux1804-64-shippable-qr,True,False,,|c|o|l|d| |f|i|s|s|i|o|n| |w|e|b|r|e|n|d|e|r|,102210fe594ee9b33d82058545b1ed14f4c8206e,LastVisualChange,cnn,True,cnn LastVisualChange opt cold fission webrender,,77,ms,firefox,,1792327407,2023-11-11T08:27:10,2010.6,29fb30143955ee92cd789fd467326c47f82f7968,1330680
autoland,3869862,13,ffaba559b8f75178eed537731f258b1129b7fe97,linux1804-64-shippable-qr,True,False,,|c|o|l|d| |f|i|s|s|i|o|n| |w|e|b|r|e|n|d|e|r|,102210fe594ee9b33d82058545b1ed14f4c8206e,LastVisualChange,cnn,True,cnn LastVisualChange opt cold fission webrender,,77,ms,firefox,,1792459125,2023-11-11T12:34:55,2054.1,81243364a707b159122b0c5ee8e682567162117c,1330712
autoland,3869862,13,ffaba559b8f75178eed537731f258b1129b7fe97,linux1804-64-shippable-qr,True,False,,|c|o|l|d| |f|i|s|s|i|o|n| |w|e|b|r|e|n|d|e|r|,102210fe594ee9b33d82058545b1ed14f4c8206e,LastVisualChange,cnn,True,cnn LastVisualChange opt cold fission webrender,,77,ms,firefox,,1792716291,2023-11-11T23:06:06,1688.9,3c8320ef59532128e1a7589968f497f0efcabbaf,1330750
autoland,3869862,13,ffaba559b8f75178eed537731f258b1129b7fe97,linux1804-64-shippable-qr,True,False,,|c|o|l|d| |f|i|s|s|i|o|n| |w|e|b|r|e|n|d|e|r|,102210fe594ee9b33d82058545b1ed14f4c8206e,LastVisualChange,cnn,True,cnn LastVisualChange opt cold fission webrender,,77,ms,firefox,,1792790684,2023-11-12T05:45:19,2027.8,43bee97ffb8cfcea7412fb86386ea2cb2a1b9b49,1330766
autoland,3869862,13,ffaba559b8f75178eed537731f258b1129b7fe97,linux1804-64-shippable-qr,True,False,,|c|o|l|d| |f|i|s|s|i|o|n| |w|e|b|r|e|n|d|e|r|,102210fe594ee9b33d82058545b1ed14f4c8206e,LastVisualChange,cnn,True,cnn LastVisualChange opt cold fission webrender,,77,ms,firefox,,1793077921,2023-11-13T00:59:12,2053.9,211dc86c8f534a950af69434fa996976b566a6a0,1330865
autoland,3869862,13,ffaba559b8f75178eed537731f258b1129b7fe97,linux1804-64-shippable-qr,True,False,,|c|o|l|d| |f|i|s|s|i|o|n| |w|e|b|r|e|n|d|e|r|,102210fe594ee9b33d82058545b1ed14f4c8206e,LastVisualChange,cnn,True,cnn LastVisualChange opt cold fission webrender,,77,ms,firefox,,1793216082,2023-11-13T10:08:58,2044.9,25308a5c7e551cda7c3cfd77836eff8610462eae,1330949
autoland,3869862,13,ffaba559b8f75178eed537731f258b1129b7fe97,linux1804-64-shippable-qr,True,False,,|c|o|l|d| |f|i|s|s|i|o|n| |w|e|b|r|e|n|d|e|r|,102210fe594ee9b33d82058545b1ed14f4c8206e,LastVisualChange,cnn,True,cnn LastVisualChange opt cold fission webrender,,77,ms,firefox,,1793754381,2023-11-13T13:46:12,2033.3,076ac3911ce97e80547b7576a608d0faf34afa0b,1331038
autoland,3869862,13,ffaba559b8f75178eed537731f258b1129b7fe97,linux1804-64-shippable-qr,True,False,,|c|o|l|d| |f|i|s|s|i|o|n| |w|e|b|r|e|n|d|e|r|,102210fe594ee9b33d82058545b1ed14f4c8206e,LastVisualChange,cnn,True,cnn LastVisualChange opt cold fission webrender,,77,ms,firefox,,1793797358,2023-11-13T13:55:57,2068.4,3344f9adce95adb868093dd5732c536e6d291805,1331044
autoland,3869862,13,ffaba559b8f75178eed537731f258b1129b7fe97,linux1804-64-shippable-qr,True,False,,|c|o|l|d| |f|i|s|s|i|o|n| |w|e|b|r|e|n|d|e|r|,102210fe594ee9b33d82058545b1ed14f4c8206e,LastVisualChange,cnn,True,cnn LastVisualChange opt cold fission webrender,,77,ms,firefox,,1793810209,2023-11-13T14:06:51,2036.3,69230ff99fdf9f440bef8c61123bce26e14c86b0,1331048
autoland,3869862,13,ffaba559b8f75178eed537731f258b1129b7fe97,linux1804-64-shippable-qr,True,False,,|c|o|l|d| |f|i|s|s|i|o|n| |w|e|b|r|e|n|d|e|r|,102210fe594ee9b33d82058545b1ed14f4c8206e,LastVisualChange,cnn,True,cnn LastVisualChange opt cold fission webrender,,77,ms,firefox,,1793298183,2023-11-13T14:09:58,2053.5,54d191b31d03235c75592d07a8c538749933a18f,1331049
autoland,3869862,13,ffaba559b8f75178eed537731f258b1129b7fe97,linux1804-64-shippable-qr,True,False,,|c|o|l|d| |f|i|s|s|i|o|n| |w|e|b|r|e|n|d|e|r|,102210fe594ee9b33d82058545b1ed14f4c8206e,LastVisualChange,cnn,True,cnn LastVisualChange opt cold fission webrender,,77,ms,firefox,,1793370147,2023-11-13T15:01:04,2028.9,70f361f21a24a6e9fc53cb014e28172d360fa851,1331086
autoland,3869862,13,ffaba559b8f75178eed537731f258b1129b7fe97,linux1804-64-shippable-qr,True,False,,|c|o|l|d| |f|i|s|s|i|o|n| |w|e|b|r|e|n|d|e|r|,102210fe594ee9b33d82058545b1ed14f4c8206e,LastVisualChange,cnn,True,cnn LastVisualChange opt cold fission webrender,,77,ms,firefox,,1793530890,2023-11-13T18:41:52,2064.5,9850dc0fc0707517b3a304d673f219842e499cac,1331218
autoland,3869862,13,ffaba559b8f75178eed537731f258b1129b7fe97,linux1804-64-shippable-qr,True,False,,|c|o|l|d| |f|i|s|s|i|o|n| |w|e|b|r|e|n|d|e|r|,102210fe594ee9b33d82058545b1ed14f4c8206e,LastVisualChange,cnn,True,cnn LastVisualChange opt cold fission webrender,,77,ms,firefox,,1793681062,2023-11-13T22:35:59,2030.1,9d523f46c7d8642d6601894c5166ddcd17b6388a,1331378
autoland,3869862,13,ffaba559b8f75178eed537731f258b1129b7fe97,linux1804-64-shippable-qr,True,False,,|c|o|l|d| |f|i|s|s|i|o|n| |w|e|b|r|e|n|d|e|r|,102210fe594ee9b33d82058545b1ed14f4c8206e,LastVisualChange,cnn,True,cnn LastVisualChange opt cold fission webrender,,77,ms,firefox,,1793770644,2023-11-14T03:20:13,2035.4,2628fd55e661366941f56769829687c53da4669b,1331480
autoland,3869862,13,ffaba559b8f75178eed537731f258b1129b7fe97,linux1804-64-shippable-qr,True,False,,|c|o|l|d| |f|i|s|s|i|o|n| |w|e|b|r|e|n|d|e|r|,102210fe594ee9b33d82058545b1ed14f4c8206e,LastVisualChange,cnn,True,cnn LastVisualChange opt cold fission webrender,,77,ms,firefox,,1793829548,2023-11-14T06:06:45,2020.1,acdcddac0b907d2e59d6d0fa1f96fff98453093a,1331509
autoland,3869862,13,ffaba559b8f75178eed537731f258b1129b7fe97,linux1804-64-shippable-qr,True,False,,|c|o|l|d| |f|i|s|s|i|o|n| |w|e|b|r|e|n|d|e|r|,102210fe594ee9b33d82058545b1ed14f4c8206e,LastVisualChange,cnn,True,cnn LastVisualChange opt cold fission webrender,,77,ms,firefox,,1794076723,2023-11-14T15:09:42,2023.2,cb79861638fa94cb8c4df5b5e303dc4bd22f762c,1331752
autoland,3869862,13,ffaba559b8f75178eed537731f258b1129b7fe97,linux1804-64-shippable-qr,True,False,,|c|o|l|d| |f|i|s|s|i|o|n| |w|e|b|r|e|n|d|e|r|,102210fe594ee9b33d82058545b1ed14f4c8206e,LastVisualChange,cnn,True,cnn LastVisualChange opt cold fission webrender,,77,ms,firefox,,1794099500,2023-11-14T15:18:46,2045.6,1d700517893b09ca1438b9111ea148a71e7398ae,1331762
autoland,3869862,13,ffaba559b8f75178eed537731f258b1129b7fe97,linux1804-64-shippable-qr,True,False,,|c|o|l|d| |f|i|s|s|i|o|n| |w|e|b|r|e|n|d|e|r|,102210fe594ee9b33d82058545b1ed14f4c8206e,LastVisualChange,cnn,True,cnn LastVisualChange opt cold fission webrender,,77,ms,firefox,,1794223899,2023-11-14T18:32:45,2033.5,cee24679e2a2e085bdefdbd66106fa1a805db56d,1331906
autoland,3869862,13,ffaba559b8f75178eed537731f258b1129b7fe97,linux1804-64-shippable-qr,True,False,,|c|o|l|d| |f|i|s|s|i|o|n| |w|e|b|r|e|n|d|e|r|,102210fe594ee9b33d82058545b1ed14f4c8206e,LastVisualChange,cnn,True,cnn LastVisualChange opt cold fission webrender,,77,ms,firefox,,1794318117,2023-11-14T20:17:49,2071.1,45f7ef4749636f24bbab519e5d4e3851950ccacc,1331971
autoland,3869862,13,ffaba559b8f75178eed537731f258b1129b7fe97,linux1804-64-shippable-qr,True,False,,|c|o|l|d| |f|i|s|s|i|o|n| |w|e|b|r|e|n|d|e|r|,102210fe594ee9b33d82058545b1ed14f4c8206e,LastVisualChange,cnn,True,cnn LastVisualChange opt cold fission webrender,,77,ms,firefox,,1794497706,2023-11-15T01:57:11,2027.1,0083ca2f4709e599083520545d538d1ee1b8356d,1332132
autoland,3869862,13,ffaba559b8f75178eed537731f258b1129b7fe97,linux1804-64-shippable-qr,True,False,,|c|o|l|d| |f|i|s|s|i|o|n| |w|e|b|r|e|n|d|e|r|,102210fe594ee9b33d82058545b1ed14f4c8206e,LastVisualChange,cnn,True,cnn LastVisualChange opt cold fission webrender,,77,ms,firefox,,1794517453,2023-11-15T03:02:01,2055.1,d9f2158d4d442a658bb2029948eeebd438457667,1332148
autoland,3869862,13,ffaba559b8f75178eed537731f258b1129b7fe97,linux1804-64-shippable-qr,True,False,,|c|o|l|d| |f|i|s|s|i|o|n| |w|e|b|r|e|n|d|e|r|,102210fe594ee9b33d82058545b1ed14f4c8206e,LastVisualChange,cnn,True,cnn LastVisualChange opt cold fission webrender,,77,ms,firefox,,1794609941,2023-11-15T07:02:46,2028.5,d12a09b7c773efc37f5d0e37cc52339e25f07b6c,1332195
autoland,3869862,13,ffaba559b8f75178eed537731f258b1129b7fe97,linux1804-64-shippable-qr,True,False,,|c|o|l|d| |f|i|s|s|i|o|n| |w|e|b|r|e|n|d|e|r|,102210fe594ee9b33d82058545b1ed14f4c8206e,LastVisualChange,cnn,True,cnn LastVisualChange opt cold fission webrender,,77,ms,firefox,,1794712928,2023-11-15T12:47:49,2070.7,571c293cedd28db6ac86fd553e2810f40e382e80,1332324
autoland,3869862,13,ffaba559b8f75178eed537731f258b1129b7fe97,linux1804-64-shippable-qr,True,False,,|c|o|l|d| |f|i|s|s|i|o|n| |w|e|b|r|e|n|d|e|r|,102210fe594ee9b33d82058545b1ed14f4c8206e,LastVisualChange,cnn,True,cnn LastVisualChange opt cold fission webrender,,77,ms,firefox,,1794793353,2023-11-15T15:33:52,2073.4,58fc056d56521455bb36e7bd4fcce81222093c75,1332438
autoland,3869862,13,ffaba559b8f75178eed537731f258b1129b7fe97,linux1804-64-shippable-qr,True,False,,|c|o|l|d| |f|i|s|s|i|o|n| |w|e|b|r|e|n|d|e|r|,102210fe594ee9b33d82058545b1ed14f4c8206e,LastVisualChange,cnn,True,cnn LastVisualChange opt cold fission webrender,,77,ms,firefox,,1795183264,2023-11-15T16:29:36,2064.0,497808953269f774584b606c234a60b31c92f137,1332499
autoland,3869862,13,ffaba559b8f75178eed537731f258b1129b7fe97,linux1804-64-shippable-qr,True,False,,|c|o|l|d| |f|i|s|s|i|o|n| |w|e|b|r|e|n|d|e|r|,102210fe594ee9b33d82058545b1ed14f4c8206e,LastVisualChange,cnn,True,cnn LastVisualChange opt cold fission webrender,,77,ms,firefox,,1795188612,2023-11-15T16:34:55,2081.2,aa00d6d7589c4174ecfcf5332944aa8a8ee720c3,1332507
autoland,3869862,13,ffaba559b8f75178eed537731f258b1129b7fe97,linux1804-64-shippable-qr,True,False,,|c|o|l|d| |f|i|s|s|i|o|n| |w|e|b|r|e|n|d|e|r|,102210fe594ee9b33d82058545b1ed14f4c8206e,LastVisualChange,cnn,True,cnn LastVisualChange opt cold fission webrender,,77,ms,firefox,,1794846467,2023-11-15T16:43:35,2041.2,a70ee84d8943b9a1eaaf0fb3a0df60a1595f5782,1332515
autoland,3869862,13,ffaba559b8f75178eed537731f258b1129b7fe97,linux1804-64-shippable-qr,True,False,,|c|o|l|d| |f|i|s|s|i|o|n| |w|e|b|r|e|n|d|e|r|,102210fe594ee9b33d82058545b1ed14f4c8206e,LastVisualChange,cnn,True,cnn LastVisualChange opt cold fission webrender,,77,ms,firefox,,1795092679,2023-11-15T23:08:22,2041.7,eb78feb610e5d895bd63b81693cde56dd08d82df,1332792
autoland,3869862,13,ffaba559b8f75178eed537731f258b1129b7fe97,linux1804-64-shippable-qr,True,False,,|c|o|l|d| |f|i|s|s|i|o|n| |w|e|b|r|e|n|d|e|r|,102210fe594ee9b33d82058545b1ed14f4c8206e,LastVisualChange,cnn,True,cnn LastVisualChange opt cold fission webrender,,77,ms,firefox,,1795269105,2023-11-16T09:33:00,2052.5,ffd7ebdedeacec6717a3e8904121052ebbe61fe6,1332997
autoland,3869862,13,ffaba559b8f75178eed537731f258b1129b7fe97,linux1804-64-shippable-qr,True,False,,|c|o|l|d| |f|i|s|s|i|o|n| |w|e|b|r|e|n|d|e|r|,102210fe594ee9b33d82058545b1ed14f4c8206e,LastVisualChange,cnn,True,cnn LastVisualChange opt cold fission webrender,,77,ms,firefox,,1795370015,2023-11-16T13:34:03,2044.7,71ef91d3bf98c6475cfe762c0152d5b31588182c,1333089
autoland,3869862,13,ffaba559b8f75178eed537731f258b1129b7fe97,linux1804-64-shippable-qr,True,False,,|c|o|l|d| |f|i|s|s|i|o|n| |w|e|b|r|e|n|d|e|r|,102210fe594ee9b33d82058545b1ed14f4c8206e,LastVisualChange,cnn,True,cnn LastVisualChange opt cold fission webrender,,77,ms,firefox,,1795422579,2023-11-16T15:30:11,2049.5,5dba86b1842a5256c2845d69a7cebd605267d535,1333183
autoland,3869862,13,ffaba559b8f75178eed537731f258b1129b7fe97,linux1804-64-shippable-qr,True,False,,|c|o|l|d| |f|i|s|s|i|o|n| |w|e|b|r|e|n|d|e|r|,102210fe594ee9b33d82058545b1ed14f4c8206e,LastVisualChange,cnn,True,cnn LastVisualChange opt cold fission webrender,,77,ms,firefox,,1795539480,2023-11-16T20:27:49,2036.6,53b2405c0e70ae3283dbbba0d568665110f0db23,1333335
autoland,3869862,13,ffaba559b8f75178eed537731f258b1129b7fe97,linux1804-64-shippable-qr,True,False,,|c|o|l|d| |f|i|s|s|i|o|n| |w|e|b|r|e|n|d|e|r|,102210fe594ee9b33d82058545b1ed14f4c8206e,LastVisualChange,cnn,True,cnn LastVisualChange opt cold fission webrender,,77,ms,firefox,,1795611712,2023-11-16T23:04:46,2040.8,3b45d04f6865b297c8b2548a2c24424c5e9467e9,1333418
autoland,3869862,13,ffaba559b8f75178eed537731f258b1129b7fe97,linux1804-64-shippable-qr,True,False,,|c|o|l|d| |f|i|s|s|i|o|n| |w|e|b|r|e|n|d|e|r|,102210fe594ee9b33d82058545b1ed14f4c8206e,LastVisualChange,cnn,True,cnn LastVisualChange opt cold fission webrender,,77,ms,firefox,,1795785514,2023-11-17T06:40:14,2093.5,8a71397fb808df79e78f3023bf95b46f7cc2d2a4,1333538
autoland,3869862,13,ffaba559b8f75178eed537731f258b1129b7fe97,linux1804-64-shippable-qr,True,False,,|c|o|l|d| |f|i|s|s|i|o|n| |w|e|b|r|e|n|d|e|r|,102210fe594ee9b33d82058545b1ed14f4c8206e,LastVisualChange,cnn,True,cnn LastVisualChange opt cold fission webrender,,77,ms,firefox,,1795922874,2023-11-17T10:54:07,2120.8,ff5810792fa57d1b0a1076b4c90b3a83ac0242ca,1333644
autoland,3869862,13,ffaba559b8f75178eed537731f258b1129b7fe97,linux1804-64-shippable-qr,True,False,,|c|o|l|d| |f|i|s|s|i|o|n| |w|e|b|r|e|n|d|e|r|,102210fe594ee9b33d82058545b1ed14f4c8206e,LastVisualChange,cnn,True,cnn LastVisualChange opt cold fission webrender,,77,ms,firefox,,1796081099,2023-11-17T15:35:00,2090.7,f3b46286b5bad609725e65f541d6609a1bafcbce,1333770
autoland,3869862,13,ffaba559b8f75178eed537731f258b1129b7fe97,linux1804-64-shippable-qr,True,False,,|c|o|l|d| |f|i|s|s|i|o|n| |w|e|b|r|e|n|d|e|r|,102210fe594ee9b33d82058545b1ed14f4c8206e,LastVisualChange,cnn,True,cnn LastVisualChange opt cold fission webrender,,77,ms,firefox,,1796207889,2023-11-17T21:05:40,2103.0,b3bec7a68bb8ccbb4c637b64bec4dc0c806fecb3,1334007
autoland,3869862,13,ffaba559b8f75178eed537731f258b1129b7fe97,linux1804-64-shippable-qr,True,False,,|c|o|l|d| |f|i|s|s|i|o|n| |w|e|b|r|e|n|d|e|r|,102210fe594ee9b33d82058545b1ed14f4c8206e,LastVisualChange,cnn,True,cnn LastVisualChange opt cold fission webrender,,77,ms,firefox,,1796269983,2023-11-18T01:23:43,2034.7,391181d97b6bb5b53fe8a1186c8a1a85971812de,1334085
autoland,3869862,13,ffaba559b8f75178eed537731f258b1129b7fe97,linux1804-64-shippable-qr,True,False,,|c|o|l|d| |f|i|s|s|i|o|n| |w|e|b|r|e|n|d|e|r|,102210fe594ee9b33d82058545b1ed14f4c8206e,LastVisualChange,cnn,True,cnn LastVisualChange opt cold fission webrender,,77,ms,firefox,,1796436377,2023-11-18T14:15:26,2053.7,2cf1b902ea75e1237bbd69eaf02c889bc2924d10,1334153
autoland,3869862,13,ffaba559b8f75178eed537731f258b1129b7fe97,linux1804-64-shippable-qr,True,False,,|c|o|l|d| |f|i|s|s|i|o|n| |w|e|b|r|e|n|d|e|r|,102210fe594ee9b33d82058545b1ed14f4c8206e,LastVisualChange,cnn,True,cnn LastVisualChange opt cold fission webrender,,77,ms,firefox,,1796557243,2023-11-19T06:03:16,2054.5,98917be406eeca58f61d8aeaf62aa4cae5be2137,1334239
autoland,3869862,13,ffaba559b8f75178eed537731f258b1129b7fe97,linux1804-64-shippable-qr,True,False,,|c|o|l|d| |f|i|s|s|i|o|n| |w|e|b|r|e|n|d|e|r|,102210fe594ee9b33d82058545b1ed14f4c8206e,LastVisualChange,cnn,True,cnn LastVisualChange opt cold fission webrender,,77,ms,firefox,,1796634085,2023-11-19T11:10:53,2031.4,b403bb5b1c833d29961882402a090cf08f44c190,1334278
autoland,3869862,13,ffaba559b8f75178eed537731f258b1129b7fe97,linux1804-64-shippable-qr,True,False,,|c|o|l|d| |f|i|s|s|i|o|n| |w|e|b|r|e|n|d|e|r|,102210fe594ee9b33d82058545b1ed14f4c8206e,LastVisualChange,cnn,True,cnn LastVisualChange opt cold fission webrender,,77,ms,firefox,,1796684550,2023-11-19T15:28:11,2070.1,1044018d08bd15166ae94a05bf5299b0701f4109,1334290
autoland,3869862,13,ffaba559b8f75178eed537731f258b1129b7fe97,linux1804-64-shippable-qr,True,False,,|c|o|l|d| |f|i|s|s|i|o|n| |w|e|b|r|e|n|d|e|r|,102210fe594ee9b33d82058545b1ed14f4c8206e,LastVisualChange,cnn,True,cnn LastVisualChange opt cold fission webrender,,77,ms,firefox,,1796874138,2023-11-19T15:33:21,2075.4,bc206f18ecb2a36a3e014e37cf5265f04eb7db7c,1334291
autoland,3869862,13,ffaba559b8f75178eed537731f258b1129b7fe97,linux1804-64-shippable-qr,True,False,,|c|o|l|d| |f|i|s|s|i|o|n| |w|e|b|r|e|n|d|e|r|,102210fe594ee9b33d82058545b1ed14f4c8206e,LastVisualChange,cnn,True,cnn LastVisualChange opt cold fission webrender,,77,ms,firefox,,1796857552,2023-11-20T01:53:49,2052.5,73f60b8af6dadb15fb13d768baf6b4c3313d939b,1334371
autoland,3869862,13,ffaba559b8f75178eed537731f258b1129b7fe97,linux1804-64-shippable-qr,True,False,,|c|o|l|d| |f|i|s|s|i|o|n| |w|e|b|r|e|n|d|e|r|,102210fe594ee9b33d82058545b1ed14f4c8206e,LastVisualChange,cnn,True,cnn LastVisualChange opt cold fission webrender,,77,ms,firefox,,1797002862,2023-11-20T09:30:46,2051.7,86da25fdbc81a93ed888df6b8a9f7cc128fb9b5b,1334455
autoland,3869862,13,ffaba559b8f75178eed537731f258b1129b7fe97,linux1804-64-shippable-qr,True,False,,|c|o|l|d| |f|i|s|s|i|o|n| |w|e|b|r|e|n|d|e|r|,102210fe594ee9b33d82058545b1ed14f4c8206e,LastVisualChange,cnn,True,cnn LastVisualChange opt cold fission webrender,,77,ms,firefox,,1797109656,2023-11-20T12:44:46,2048.8,de35cb5de97565935b503eade2990b5c385c7293,1334619
autoland,3869862,13,ffaba559b8f75178eed537731f258b1129b7fe97,linux1804-64-shippable-qr,True,False,,|c|o|l|d| |f|i|s|s|i|o|n| |w|e|b|r|e|n|d|e|r|,102210fe594ee9b33d82058545b1ed14f4c8206e,LastVisualChange,cnn,True,cnn LastVisualChange opt cold fission webrender,,77,ms,firefox,,1797719280,2023-11-20T12:49:26,2044.4,38489d98c5bcdeb3759137e96ed433b4ced7b298,1334626
autoland,3869862,13,ffaba559b8f75178eed537731f258b1129b7fe97,linux1804-64-shippable-qr,True,False,,|c|o|l|d| |f|i|s|s|i|o|n| |w|e|b|r|e|n|d|e|r|,102210fe594ee9b33d82058545b1ed14f4c8206e,LastVisualChange,cnn,True,cnn LastVisualChange opt cold fission webrender,,77,ms,firefox,,1797715576,2023-11-20T12:58:48,2038.4,9b797f214f1999e79623b4afc161911d82bbf0b3,1334633
autoland,3869862,13,ffaba559b8f75178eed537731f258b1129b7fe97,linux1804-64-shippable-qr,True,False,,|c|o|l|d| |f|i|s|s|i|o|n| |w|e|b|r|e|n|d|e|r|,102210fe594ee9b33d82058545b1ed14f4c8206e,LastVisualChange,cnn,True,cnn LastVisualChange opt cold fission webrender,,77,ms,firefox,,1797741593,2023-11-20T12:58:48,2052.5,9b797f214f1999e79623b4afc161911d82bbf0b3,1334633
autoland,3869862,13,ffaba559b8f75178eed537731f258b1129b7fe97,linux1804-64-shippable-qr,True,False,,|c|o|l|d| |f|i|s|s|i|o|n| |w|e|b|r|e|n|d|e|r|,102210fe594ee9b33d82058545b1ed14f4c8206e,LastVisualChange,cnn,True,cnn LastVisualChange opt cold fission webrender,,77,ms,firefox,,1797702307,2023-11-20T13:01:35,2102.2,9517987e19427c2900046f62ca816d243d1f1403,1334636
autoland,3869862,13,ffaba559b8f75178eed537731f258b1129b7fe97,linux1804-64-shippable-qr,True,False,,|c|o|l|d| |f|i|s|s|i|o|n| |w|e|b|r|e|n|d|e|r|,102210fe594ee9b33d82058545b1ed14f4c8206e,LastVisualChange,cnn,True,cnn LastVisualChange opt cold fission webrender,,77,ms,firefox,,1797283795,2023-11-20T16:13:55,2048.4,f78453d754386d0000dae39e031b91b0d0c4b07f,1334757
autoland,3869862,13,ffaba559b8f75178eed537731f258b1129b7fe97,linux1804-64-shippable-qr,True,False,,|c|o|l|d| |f|i|s|s|i|o|n| |w|e|b|r|e|n|d|e|r|,102210fe594ee9b33d82058545b1ed14f4c8206e,LastVisualChange,cnn,True,cnn LastVisualChange opt cold fission webrender,,77,ms,firefox,,1797324631,2023-11-20T18:08:54,2045.0,a2089603188c4136890163ddd71b1d4e60e1c396,1334868
autoland,3869862,13,ffaba559b8f75178eed537731f258b1129b7fe97,linux1804-64-shippable-qr,True,False,,|c|o|l|d| |f|i|s|s|i|o|n| |w|e|b|r|e|n|d|e|r|,102210fe594ee9b33d82058545b1ed14f4c8206e,LastVisualChange,cnn,True,cnn LastVisualChange opt cold fission webrender,,77,ms,firefox,,1797586273,2023-11-20T23:09:27,2038.8,7b567ceeead73f84de62ab77b4b6c87450b347fa,1335119
autoland,3869862,13,ffaba559b8f75178eed537731f258b1129b7fe97,linux1804-64-shippable-qr,True,False,,|c|o|l|d| |f|i|s|s|i|o|n| |w|e|b|r|e|n|d|e|r|,102210fe594ee9b33d82058545b1ed14f4c8206e,LastVisualChange,cnn,True,cnn LastVisualChange opt cold fission webrender,,77,ms,firefox,,1797667606,2023-11-21T01:49:39,2030.7,b9fe9a49496aa38ca77c335f20236610ef01a582,1335206
autoland,3869862,13,ffaba559b8f75178eed537731f258b1129b7fe97,linux1804-64-shippable-qr,True,False,,|c|o|l|d| |f|i|s|s|i|o|n| |w|e|b|r|e|n|d|e|r|,102210fe594ee9b33d82058545b1ed14f4c8206e,LastVisualChange,cnn,True,cnn LastVisualChange opt cold fission webrender,,77,ms,firefox,,1797787653,2023-11-21T08:38:33,2035.6,fddad0a59b2d028b2147493bf9ba8cc953d9e3eb,1335289
autoland,3869862,13,ffaba559b8f75178eed537731f258b1129b7fe97,linux1804-64-shippable-qr,True,False,,|c|o|l|d| |f|i|s|s|i|o|n| |w|e|b|r|e|n|d|e|r|,102210fe594ee9b33d82058545b1ed14f4c8206e,LastVisualChange,cnn,True,cnn LastVisualChange opt cold fission webrender,,77,ms,firefox,,1797915517,2023-11-21T12:15:20,2026.0,1ff1d467cb8d49467127613245f448026cd7df9e,1335466
autoland,3869862,13,ffaba559b8f75178eed537731f258b1129b7fe97,linux1804-64-shippable-qr,True,False,,|c|o|l|d| |f|i|s|s|i|o|n| |w|e|b|r|e|n|d|e|r|,102210fe594ee9b33d82058545b1ed14f4c8206e,LastVisualChange,cnn,True,cnn LastVisualChange opt cold fission webrender,,77,ms,firefox,,1798414222,2023-11-21T16:44:13,2057.9,a5a183d53f8edc045639859ff059a5220516b33e,1335665
autoland,3869862,13,ffaba559b8f75178eed537731f258b1129b7fe97,linux1804-64-shippable-qr,True,False,,|c|o|l|d| |f|i|s|s|i|o|n| |w|e|b|r|e|n|d|e|r|,102210fe594ee9b33d82058545b1ed14f4c8206e,LastVisualChange,cnn,True,cnn LastVisualChange opt cold fission webrender,,77,ms,firefox,,1798125781,2023-11-21T17:01:46,2020.5,cbc5eb28277f8e6d60fede93a822ede9eb7f01a5,1335682
autoland,3869862,13,ffaba559b8f75178eed537731f258b1129b7fe97,linux1804-64-shippable-qr,True,False,,|c|o|l|d| |f|i|s|s|i|o|n| |w|e|b|r|e|n|d|e|r|,102210fe594ee9b33d82058545b1ed14f4c8206e,LastVisualChange,cnn,True,cnn LastVisualChange opt cold fission webrender,,77,ms,firefox,,1798288793,2023-11-21T21:47:24,2005.1,62f686461927825493253d0f82a43804b3eddf71,1335911
autoland,3869862,13,ffaba559b8f75178eed537731f258b1129b7fe97,linux1804-64-shippable-qr,True,False,,|c|o|l|d| |f|i|s|s|i|o|n| |w|e|b|r|e|n|d|e|r|,102210fe594ee9b33d82058545b1ed14f4c8206e,LastVisualChange,cnn,True,cnn LastVisualChange opt cold fission webrender,,77,ms,firefox,,1798267361,2023-11-21T21:50:11,2046.2,ef0b50d89a7f6107932087c2c1adc2f6fd9ab06a,1335914
autoland,3869862,13,ffaba559b8f75178eed537731f258b1129b7fe97,linux1804-64-shippable-qr,True,False,,|c|o|l|d| |f|i|s|s|i|o|n| |w|e|b|r|e|n|d|e|r|,102210fe594ee9b33d82058545b1ed14f4c8206e,LastVisualChange,cnn,True,cnn LastVisualChange opt cold fission webrender,,77,ms,firefox,,1798411066,2023-11-21T21:52:47,2050.6,f1790974c5ecfa33fe7799087c80dba8b83fb78c,1335917
autoland,3869862,13,ffaba559b8f75178eed537731f258b1129b7fe97,linux1804-64-shippable-qr,True,False,,|c|o|l|d| |f|i|s|s|i|o|n| |w|e|b|r|e|n|d|e|r|,102210fe594ee9b33d82058545b1ed14f4c8206e,LastVisualChange,cnn,True,cnn LastVisualChange opt cold fission webrender,,77,ms,firefox,,1798346017,2023-11-22T01:56:32,2040.0,7dc6122ebd68b46a9d4320c40c86f20c2b78984a,1336017
autoland,3869862,13,ffaba559b8f75178eed537731f258b1129b7fe97,linux1804-64-shippable-qr,True,False,,|c|o|l|d| |f|i|s|s|i|o|n| |w|e|b|r|e|n|d|e|r|,102210fe594ee9b33d82058545b1ed14f4c8206e,LastVisualChange,cnn,True,cnn LastVisualChange opt cold fission webrender,,77,ms,firefox,,1798433589,2023-11-22T05:59:37,2022.4,ed20a8b98a8f2d8593dbbbd9b5df993e3e91433f,1336060
autoland,3869862,13,ffaba559b8f75178eed537731f258b1129b7fe97,linux1804-64-shippable-qr,True,False,,|c|o|l|d| |f|i|s|s|i|o|n| |w|e|b|r|e|n|d|e|r|,102210fe594ee9b33d82058545b1ed14f4c8206e,LastVisualChange,cnn,True,cnn LastVisualChange opt cold fission webrender,,77,ms,firefox,,1798467287,2023-11-22T07:16:13,2055.3,0222787eb3244ffb2e62210f697d039bdef46036,1336076
autoland,3869862,13,ffaba559b8f75178eed537731f258b1129b7fe97,linux1804-64-shippable-qr,True,False,,|c|o|l|d| |f|i|s|s|i|o|n| |w|e|b|r|e|n|d|e|r|,102210fe594ee9b33d82058545b1ed14f4c8206e,LastVisualChange,cnn,True,cnn LastVisualChange opt cold fission webrender,,77,ms,firefox,,1798737577,2023-11-22T13:00:34,2062.7,b90083f581e182455cf23aaacb125b728b3ccb32,1336296
autoland,3869862,13,ffaba559b8f75178eed537731f258b1129b7fe97,linux1804-64-shippable-qr,True,False,,|c|o|l|d| |f|i|s|s|i|o|n| |w|e|b|r|e|n|d|e|r|,102210fe594ee9b33d82058545b1ed14f4c8206e,LastVisualChange,cnn,True,cnn LastVisualChange opt cold fission webrender,,77,ms,firefox,,1799360781,2023-11-22T16:04:36,2023.2,3d393874d4d797a664c536c3da3fef33489e9287,1336396
autoland,3869862,13,ffaba559b8f75178eed537731f258b1129b7fe97,linux1804-64-shippable-qr,True,False,,|c|o|l|d| |f|i|s|s|i|o|n| |w|e|b|r|e|n|d|e|r|,102210fe594ee9b33d82058545b1ed14f4c8206e,LastVisualChange,cnn,True,cnn LastVisualChange opt cold fission webrender,,77,ms,firefox,,1799367435,2023-11-22T16:08:48,2032.9,823341e5f5121d198fed2a8fc4d2abd6e68951d8,1336398
autoland,3869862,13,ffaba559b8f75178eed537731f258b1129b7fe97,linux1804-64-shippable-qr,True,False,,|c|o|l|d| |f|i|s|s|i|o|n| |w|e|b|r|e|n|d|e|r|,102210fe594ee9b33d82058545b1ed14f4c8206e,LastVisualChange,cnn,True,cnn LastVisualChange opt cold fission webrender,,77,ms,firefox,,1798848817,2023-11-22T16:22:37,2020.4,f4fae08660c1f3323af7bdef3ed152a3d34bc751,1336410
autoland,3869862,13,ffaba559b8f75178eed537731f258b1129b7fe97,linux1804-64-shippable-qr,True,False,,|c|o|l|d| |f|i|s|s|i|o|n| |w|e|b|r|e|n|d|e|r|,102210fe594ee9b33d82058545b1ed14f4c8206e,LastVisualChange,cnn,True,cnn LastVisualChange opt cold fission webrender,,77,ms,firefox,,1798998804,2023-11-22T19:14:54,2026.8,bcdbc1e5d9a7c0fea2fcdc91ab0eebe908b34ece,1336555
autoland,3869862,13,ffaba559b8f75178eed537731f258b1129b7fe97,linux1804-64-shippable-qr,True,False,,|c|o|l|d| |f|i|s|s|i|o|n| |w|e|b|r|e|n|d|e|r|,102210fe594ee9b33d82058545b1ed14f4c8206e,LastVisualChange,cnn,True,cnn LastVisualChange opt cold fission webrender,,77,ms,firefox,,1799354439,2023-11-22T19:54:40,2056.7,417b9a914e84789562a33c0f87dffc79ab476132,1336588
autoland,3869862,13,ffaba559b8f75178eed537731f258b1129b7fe97,linux1804-64-shippable-qr,True,False,,|c|o|l|d| |f|i|s|s|i|o|n| |w|e|b|r|e|n|d|e|r|,102210fe594ee9b33d82058545b1ed14f4c8206e,LastVisualChange,cnn,True,cnn LastVisualChange opt cold fission webrender,,77,ms,firefox,,1799336768,2023-11-22T19:56:19,2030.6,28e1518994cbbad28b51800e62abeb93ad9fbb03,1336589
autoland,3869862,13,ffaba559b8f75178eed537731f258b1129b7fe97,linux1804-64-shippable-qr,True,False,,|c|o|l|d| |f|i|s|s|i|o|n| |w|e|b|r|e|n|d|e|r|,102210fe594ee9b33d82058545b1ed14f4c8206e,LastVisualChange,cnn,True,cnn LastVisualChange opt cold fission webrender,,77,ms,firefox,,1799152277,2023-11-22T23:02:09,2015.3,3122924cd341ff55738fd6a06d4bd708010c15e4,1336681
autoland,3869862,13,ffaba559b8f75178eed537731f258b1129b7fe97,linux1804-64-shippable-qr,True,False,,|c|o|l|d| |f|i|s|s|i|o|n| |w|e|b|r|e|n|d|e|r|,102210fe594ee9b33d82058545b1ed14f4c8206e,LastVisualChange,cnn,True,cnn LastVisualChange opt cold fission webrender,,77,ms,firefox,,1800146113,2023-11-23T02:36:04,2007.6,ad28a3a25b2a199ffa143a0f35905438495a0931,1336744
autoland,3869862,13,ffaba559b8f75178eed537731f258b1129b7fe97,linux1804-64-shippable-qr,True,False,,|c|o|l|d| |f|i|s|s|i|o|n| |w|e|b|r|e|n|d|e|r|,102210fe594ee9b33d82058545b1ed14f4c8206e,LastVisualChange,cnn,True,cnn LastVisualChange opt cold fission webrender,,77,ms,firefox,,1799383020,2023-11-23T04:10:29,2046.4,8366d9b1b0ca63aa3b706dd53ce23f052221c11b,1336756
autoland,3869862,13,ffaba559b8f75178eed537731f258b1129b7fe97,linux1804-64-shippable-qr,True,False,,|c|o|l|d| |f|i|s|s|i|o|n| |w|e|b|r|e|n|d|e|r|,102210fe594ee9b33d82058545b1ed14f4c8206e,LastVisualChange,cnn,True,cnn LastVisualChange opt cold fission webrender,,77,ms,firefox,,1799492986,2023-11-23T08:19:48,2053.0,023a5c518562ad97c805915ae5addfcad59d1223,1336795
autoland,3869862,13,ffaba559b8f75178eed537731f258b1129b7fe97,linux1804-64-shippable-qr,True,False,,|c|o|l|d| |f|i|s|s|i|o|n| |w|e|b|r|e|n|d|e|r|,102210fe594ee9b33d82058545b1ed14f4c8206e,LastVisualChange,cnn,True,cnn LastVisualChange opt cold fission webrender,,77,ms,firefox,,1799625966,2023-11-23T10:10:14,2037.7,7392664630b156e348b2a77aef6fdd70004c9b47,1336839
autoland,3869862,13,ffaba559b8f75178eed537731f258b1129b7fe97,linux1804-64-shippable-qr,True,False,,|c|o|l|d| |f|i|s|s|i|o|n| |w|e|b|r|e|n|d|e|r|,102210fe594ee9b33d82058545b1ed14f4c8206e,LastVisualChange,cnn,True,cnn LastVisualChange opt cold fission webrender,,77,ms,firefox,,1800221657,2023-11-23T14:15:32,2042.3,ef4f4ed6516d3a46177c934be7a763ff8f2f9ac7,1336997
autoland,3869862,13,ffaba559b8f75178eed537731f258b1129b7fe97,linux1804-64-shippable-qr,True,False,,|c|o|l|d| |f|i|s|s|i|o|n| |w|e|b|r|e|n|d|e|r|,102210fe594ee9b33d82058545b1ed14f4c8206e,LastVisualChange,cnn,True,cnn LastVisualChange opt cold fission webrender,,77,ms,firefox,,1800226932,2023-11-23T14:16:51,2031.2,82dbcd75918f0eb33795da023e71e8241f428bbe,1336999
autoland,3869862,13,ffaba559b8f75178eed537731f258b1129b7fe97,linux1804-64-shippable-qr,True,False,,|c|o|l|d| |f|i|s|s|i|o|n| |w|e|b|r|e|n|d|e|r|,102210fe594ee9b33d82058545b1ed14f4c8206e,LastVisualChange,cnn,True,cnn LastVisualChange opt cold fission webrender,,77,ms,firefox,,1799881292,2023-11-23T15:57:23,2032.3,872aa271adfdb73a79c09de279f0001bf419850c,1337066
autoland,3869862,13,ffaba559b8f75178eed537731f258b1129b7fe97,linux1804-64-shippable-qr,True,False,,|c|o|l|d| |f|i|s|s|i|o|n| |w|e|b|r|e|n|d|e|r|,102210fe594ee9b33d82058545b1ed14f4c8206e,LastVisualChange,cnn,True,cnn LastVisualChange opt cold fission webrender,,77,ms,firefox,,1800196537,2023-11-23T19:02:08,2011.5,40bc8612037f1efc2ea0a5ff2a12b8d8b3a86f72,1337209
autoland,3869862,13,ffaba559b8f75178eed537731f258b1129b7fe97,linux1804-64-shippable-qr,True,False,,|c|o|l|d| |f|i|s|s|i|o|n| |w|e|b|r|e|n|d|e|r|,102210fe594ee9b33d82058545b1ed14f4c8206e,LastVisualChange,cnn,True,cnn LastVisualChange opt cold fission webrender,,77,ms,firefox,,1800209170,2023-11-23T19:11:00,2035.3,84d22a46a333ec5fdfd6664fe37443349d696922,1337217
autoland,3869862,13,ffaba559b8f75178eed537731f258b1129b7fe97,linux1804-64-shippable-qr,True,False,,|c|o|l|d| |f|i|s|s|i|o|n| |w|e|b|r|e|n|d|e|r|,102210fe594ee9b33d82058545b1ed14f4c8206e,LastVisualChange,cnn,True,cnn LastVisualChange opt cold fission webrender,,77,ms,firefox,,1799957839,2023-11-23T19:58:47,2032.1,180501fca2278e97c30e09ab097da1cb514f5ca1,1337231
autoland,3869862,13,ffaba559b8f75178eed537731f258b1129b7fe97,linux1804-64-shippable-qr,True,False,,|c|o|l|d| |f|i|s|s|i|o|n| |w|e|b|r|e|n|d|e|r|,102210fe594ee9b33d82058545b1ed14f4c8206e,LastVisualChange,cnn,True,cnn LastVisualChange opt cold fission webrender,,77,ms,firefox,,1800030537,2023-11-23T23:50:52,2007.2,29d489a7e05adef3300e076dd1c46d14928ddf24,1337321
autoland,3869862,13,ffaba559b8f75178eed537731f258b1129b7fe97,linux1804-64-shippable-qr,True,False,,|c|o|l|d| |f|i|s|s|i|o|n| |w|e|b|r|e|n|d|e|r|,102210fe594ee9b33d82058545b1ed14f4c8206e,LastVisualChange,cnn,True,cnn LastVisualChange opt cold fission webrender,,77,ms,firefox,,1800233397,2023-11-24T05:36:58,1996.0,dbd1a6aef0a74dc60875a4904d9eddb5ca9afbb7,1337356
autoland,3869862,13,ffaba559b8f75178eed537731f258b1129b7fe97,linux1804-64-shippable-qr,True,False,,|c|o|l|d| |f|i|s|s|i|o|n| |w|e|b|r|e|n|d|e|r|,102210fe594ee9b33d82058545b1ed14f4c8206e,LastVisualChange,cnn,True,cnn LastVisualChange opt cold fission webrender,,77,ms,firefox,,1800369614,2023-11-24T09:28:03,2025.4,8bec1f302a76929843c944e27b75ddcbf1f21954,1337436
autoland,3869862,13,ffaba559b8f75178eed537731f258b1129b7fe97,linux1804-64-shippable-qr,True,False,,|c|o|l|d| |f|i|s|s|i|o|n| |w|e|b|r|e|n|d|e|r|,102210fe594ee9b33d82058545b1ed14f4c8206e,LastVisualChange,cnn,True,cnn LastVisualChange opt cold fission webrender,,77,ms,firefox,,1800439694,2023-11-24T13:31:32,2020.9,1e01aa4b558aff87267a6384c318e6963b66a0d8,1337559
autoland,3869862,13,ffaba559b8f75178eed537731f258b1129b7fe97,linux1804-64-shippable-qr,True,False,,|c|o|l|d| |f|i|s|s|i|o|n| |w|e|b|r|e|n|d|e|r|,102210fe594ee9b33d82058545b1ed14f4c8206e,LastVisualChange,cnn,True,cnn LastVisualChange opt cold fission webrender,,77,ms,firefox,,1800466146,2023-11-24T14:07:25,2046.3,6354cfb105a6c9a46216d5c8ea95ee463892366e,1337582
autoland,3869862,13,ffaba559b8f75178eed537731f258b1129b7fe97,linux1804-64-shippable-qr,True,False,,|c|o|l|d| |f|i|s|s|i|o|n| |w|e|b|r|e|n|d|e|r|,102210fe594ee9b33d82058545b1ed14f4c8206e,LastVisualChange,cnn,True,cnn LastVisualChange opt cold fission webrender,,77,ms,firefox,,1800747757,2023-11-24T21:51:55,2028.7,f905e9024322370d02da128ab9ea37861774f2a5,1337759
autoland,3869862,13,ffaba559b8f75178eed537731f258b1129b7fe97,linux1804-64-shippable-qr,True,False,,|c|o|l|d| |f|i|s|s|i|o|n| |w|e|b|r|e|n|d|e|r|,102210fe594ee9b33d82058545b1ed14f4c8206e,LastVisualChange,cnn,True,cnn LastVisualChange opt cold fission webrender,,77,ms,firefox,,1800676310,2023-11-24T21:54:25,2042.0,8875acba4f482b90d60501b953fb4530b361bd8f,1337760
autoland,3869862,13,ffaba559b8f75178eed537731f258b1129b7fe97,linux1804-64-shippable-qr,True,False,,|c|o|l|d| |f|i|s|s|i|o|n| |w|e|b|r|e|n|d|e|r|,102210fe594ee9b33d82058545b1ed14f4c8206e,LastVisualChange,cnn,True,cnn LastVisualChange opt cold fission webrender,,77,ms,firefox,,1800743216,2023-11-25T04:13:26,2081.9,a137631f73ce188671f50c5225295d64d427fec2,1337799
autoland,3869862,13,ffaba559b8f75178eed537731f258b1129b7fe97,linux1804-64-shippable-qr,True,False,,|c|o|l|d| |f|i|s|s|i|o|n| |w|e|b|r|e|n|d|e|r|,102210fe594ee9b33d82058545b1ed14f4c8206e,LastVisualChange,cnn,True,cnn LastVisualChange opt cold fission webrender,,77,ms,firefox,,1800795978,2023-11-25T09:26:54,2019.1,860c52f225fa7410ed4a4bf3bd0eb0846483e08d,1337840
autoland,3869862,13,ffaba559b8f75178eed537731f258b1129b7fe97,linux1804-64-shippable-qr,True,False,,|c|o|l|d| |f|i|s|s|i|o|n| |w|e|b|r|e|n|d|e|r|,102210fe594ee9b33d82058545b1ed14f4c8206e,LastVisualChange,cnn,True,cnn LastVisualChange opt cold fission webrender,,77,ms,firefox,,1800872639,2023-11-25T14:41:03,2053.2,2ff68fa9f49916065f4ebb7a74c0940bf425f396,1337869
autoland,3869862,13,ffaba559b8f75178eed537731f258b1129b7fe97,linux1804-64-shippable-qr,True,False,,|c|o|l|d| |f|i|s|s|i|o|n| |w|e|b|r|e|n|d|e|r|,102210fe594ee9b33d82058545b1ed14f4c8206e,LastVisualChange,cnn,True,cnn LastVisualChange opt cold fission webrender,,77,ms,firefox,,1801007211,2023-11-26T15:57:31,2023.5,0cd5e7d76f8ac3e26423c36c9d06f91a310dab45,1337946
autoland,3869862,13,ffaba559b8f75178eed537731f258b1129b7fe97,linux1804-64-shippable-qr,True,False,,|c|o|l|d| |f|i|s|s|i|o|n| |w|e|b|r|e|n|d|e|r|,102210fe594ee9b33d82058545b1ed14f4c8206e,LastVisualChange,cnn,True,cnn LastVisualChange opt cold fission webrender,,77,ms,firefox,,1801038027,2023-11-26T18:39:37,2035.0,ffaaa99c517223770b014031e25b54d585f95ef2,1337950
autoland,3869862,13,ffaba559b8f75178eed537731f258b1129b7fe97,linux1804-64-shippable-qr,True,False,,|c|o|l|d| |f|i|s|s|i|o|n| |w|e|b|r|e|n|d|e|r|,102210fe594ee9b33d82058545b1ed14f4c8206e,LastVisualChange,cnn,True,cnn LastVisualChange opt cold fission webrender,,77,ms,firefox,,1801194429,2023-11-27T01:49:37,2049.9,edf9292c0bc9c671afa4de12648c16622e9d418c,1337984
autoland,3869862,13,ffaba559b8f75178eed537731f258b1129b7fe97,linux1804-64-shippable-qr,True,False,,|c|o|l|d| |f|i|s|s|i|o|n| |w|e|b|r|e|n|d|e|r|,102210fe594ee9b33d82058545b1ed14f4c8206e,LastVisualChange,cnn,True,cnn LastVisualChange opt cold fission webrender,,77,ms,firefox,,1801893071,2023-11-27T03:19:14,2068.0,600b27fdf4a03735007bce03c5c2617adeeb1416,1337993
autoland,3869862,13,ffaba559b8f75178eed537731f258b1129b7fe97,linux1804-64-shippable-qr,True,False,,|c|o|l|d| |f|i|s|s|i|o|n| |w|e|b|r|e|n|d|e|r|,102210fe594ee9b33d82058545b1ed14f4c8206e,LastVisualChange,cnn,True,cnn LastVisualChange opt cold fission webrender,,77,ms,firefox,,1801345461,2023-11-27T10:22:36,1680.4,c1a92ff5b44e8a296b847ed428ebeec04f7f8f72,1338085
autoland,3869862,13,ffaba559b8f75178eed537731f258b1129b7fe97,linux1804-64-shippable-qr,True,False,,|c|o|l|d| |f|i|s|s|i|o|n| |w|e|b|r|e|n|d|e|r|,102210fe594ee9b33d82058545b1ed14f4c8206e,LastVisualChange,cnn,True,cnn LastVisualChange opt cold fission webrender,,77,ms,firefox,,1801907351,2023-11-27T14:03:54,2043.9,3a166ac6c074ba6311e10b4a679ed7951f8c7046,1338213
autoland,3869862,13,ffaba559b8f75178eed537731f258b1129b7fe97,linux1804-64-shippable-qr,True,False,,|c|o|l|d| |f|i|s|s|i|o|n| |w|e|b|r|e|n|d|e|r|,102210fe594ee9b33d82058545b1ed14f4c8206e,LastVisualChange,cnn,True,cnn LastVisualChange opt cold fission webrender,,77,ms,firefox,,1801879435,2023-11-27T14:04:48,2055.7,ab3f06ef0efa62a6f988339fc477cd5c937a0f91,1338214
autoland,3869862,13,ffaba559b8f75178eed537731f258b1129b7fe97,linux1804-64-shippable-qr,True,False,,|c|o|l|d| |f|i|s|s|i|o|n| |w|e|b|r|e|n|d|e|r|,102210fe594ee9b33d82058545b1ed14f4c8206e,LastVisualChange,cnn,True,cnn LastVisualChange opt cold fission webrender,,77,ms,firefox,,1801419445,2023-11-27T14:05:43,2077.5,9ca2bcf6799b1a5f71d2d58db26f6b6c16a90427,1338215
autoland,3869862,13,ffaba559b8f75178eed537731f258b1129b7fe97,linux1804-64-shippable-qr,True,False,,|c|o|l|d| |f|i|s|s|i|o|n| |w|e|b|r|e|n|d|e|r|,102210fe594ee9b33d82058545b1ed14f4c8206e,LastVisualChange,cnn,True,cnn LastVisualChange opt cold fission webrender,,77,ms,firefox,,1801895103,2023-11-27T15:33:40,2090.1,019c38ef6a2fb136b3ab9b94384971863607fba4,1338282
autoland,3869862,13,ffaba559b8f75178eed537731f258b1129b7fe97,linux1804-64-shippable-qr,True,False,,|c|o|l|d| |f|i|s|s|i|o|n| |w|e|b|r|e|n|d|e|r|,102210fe594ee9b33d82058545b1ed14f4c8206e,LastVisualChange,cnn,True,cnn LastVisualChange opt cold fission webrender,,77,ms,firefox,,1801917067,2023-11-27T15:42:45,2049.7,e98889428f47cd8a7d6f3132b25982d107cff514,1338288
autoland,3869862,13,ffaba559b8f75178eed537731f258b1129b7fe97,linux1804-64-shippable-qr,True,False,,|c|o|l|d| |f|i|s|s|i|o|n| |w|e|b|r|e|n|d|e|r|,102210fe594ee9b33d82058545b1ed14f4c8206e,LastVisualChange,cnn,True,cnn LastVisualChange opt cold fission webrender,,77,ms,firefox,,1801565914,2023-11-27T17:34:20,2028.8,6aa54d6d7cbf1a46e62c6765c489a940322b6bca,1338399
autoland,3869862,13,ffaba559b8f75178eed537731f258b1129b7fe97,linux1804-64-shippable-qr,True,False,,|c|o|l|d| |f|i|s|s|i|o|n| |w|e|b|r|e|n|d|e|r|,102210fe594ee9b33d82058545b1ed14f4c8206e,LastVisualChange,cnn,True,cnn LastVisualChange opt cold fission webrender,,77,ms,firefox,,1801616673,2023-11-27T20:49:55,2056.0,5be201dbf09fac369541142298547108c80b52dd,1338533
autoland,3869862,13,ffaba559b8f75178eed537731f258b1129b7fe97,linux1804-64-shippable-qr,True,False,,|c|o|l|d| |f|i|s|s|i|o|n| |w|e|b|r|e|n|d|e|r|,102210fe594ee9b33d82058545b1ed14f4c8206e,LastVisualChange,cnn,True,cnn LastVisualChange opt cold fission webrender,,77,ms,firefox,,1801918508,2023-11-28T05:10:16,2028.8,fbcb2af38cdaecde2b2da1efc0fc49b82fa9749e,1338781
autoland,3869862,13,ffaba559b8f75178eed537731f258b1129b7fe97,linux1804-64-shippable-qr,True,False,,|c|o|l|d| |f|i|s|s|i|o|n| |w|e|b|r|e|n|d|e|r|,102210fe594ee9b33d82058545b1ed14f4c8206e,LastVisualChange,cnn,True,cnn LastVisualChange opt cold fission webrender,,77,ms,firefox,,1801999156,2023-11-28T08:42:21,2066.0,785b3d438fe5a8cba4caf5f4a2ed7250d324096c,1338855
autoland,3869862,13,ffaba559b8f75178eed537731f258b1129b7fe97,linux1804-64-shippable-qr,True,False,,|c|o|l|d| |f|i|s|s|i|o|n| |w|e|b|r|e|n|d|e|r|,102210fe594ee9b33d82058545b1ed14f4c8206e,LastVisualChange,cnn,True,cnn LastVisualChange opt cold fission webrender,,77,ms,firefox,,1802137358,2023-11-28T13:17:34,2032.9,1957c4453ab1dfba8b7820dbf2fe772220e6eedc,1339007
autoland,3869862,13,ffaba559b8f75178eed537731f258b1129b7fe97,linux1804-64-shippable-qr,True,False,,|c|o|l|d| |f|i|s|s|i|o|n| |w|e|b|r|e|n|d|e|r|,102210fe594ee9b33d82058545b1ed14f4c8206e,LastVisualChange,cnn,True,cnn LastVisualChange opt cold fission webrender,,77,ms,firefox,,1802212411,2023-11-28T14:12:32,2028.4,0745c3e29ba3856c91cbae74bd41d2135137bfd0,1339043
autoland,3869862,13,ffaba559b8f75178eed537731f258b1129b7fe97,linux1804-64-shippable-qr,True,False,,|c|o|l|d| |f|i|s|s|i|o|n| |w|e|b|r|e|n|d|e|r|,102210fe594ee9b33d82058545b1ed14f4c8206e,LastVisualChange,cnn,True,cnn LastVisualChange opt cold fission webrender,,77,ms,firefox,,1802637181,2023-11-28T16:53:43,2059.0,c1578c9d7374f0a4d2f60dd492afff5058476d7c,1339126
autoland,3869862,13,ffaba559b8f75178eed537731f258b1129b7fe97,linux1804-64-shippable-qr,True,False,,|c|o|l|d| |f|i|s|s|i|o|n| |w|e|b|r|e|n|d|e|r|,102210fe594ee9b33d82058545b1ed14f4c8206e,LastVisualChange,cnn,True,cnn LastVisualChange opt cold fission webrender,,77,ms,firefox,,1802663834,2023-11-28T16:54:57,2049.5,811f3fca797dc74faed8ca9ae123fb8b16a88701,1339130
autoland,3869862,13,ffaba559b8f75178eed537731f258b1129b7fe97,linux1804-64-shippable-qr,True,False,,|c|o|l|d| |f|i|s|s|i|o|n| |w|e|b|r|e|n|d|e|r|,102210fe594ee9b33d82058545b1ed14f4c8206e,LastVisualChange,cnn,True,cnn LastVisualChange opt cold fission webrender,,77,ms,firefox,,1802300620,2023-11-28T17:36:07,2024.2,691b7e1a899214d8685841da762bd2b2415fa569,1339183
autoland,3869862,13,ffaba559b8f75178eed537731f258b1129b7fe97,linux1804-64-shippable-qr,True,False,,|c|o|l|d| |f|i|s|s|i|o|n| |w|e|b|r|e|n|d|e|r|,102210fe594ee9b33d82058545b1ed14f4c8206e,LastVisualChange,cnn,True,cnn LastVisualChange opt cold fission webrender,,77,ms,firefox,,1802462072,2023-11-28T21:29:24,2031.9,000fea3a9ed37b16c009c76e8af859a50c9234dc,1339366
autoland,3869862,13,ffaba559b8f75178eed537731f258b1129b7fe97,linux1804-64-shippable-qr,True,False,,|c|o|l|d| |f|i|s|s|i|o|n| |w|e|b|r|e|n|d|e|r|,102210fe594ee9b33d82058545b1ed14f4c8206e,LastVisualChange,cnn,True,cnn LastVisualChange opt cold fission webrender,,77,ms,firefox,,1802582787,2023-11-29T01:28:26,2037.4,a162f6ee0eef32a68c73ddb77aa04efda3afeb7c,1339520
autoland,3869862,13,ffaba559b8f75178eed537731f258b1129b7fe97,linux1804-64-shippable-qr,True,False,,|c|o|l|d| |f|i|s|s|i|o|n| |w|e|b|r|e|n|d|e|r|,102210fe594ee9b33d82058545b1ed14f4c8206e,LastVisualChange,cnn,True,cnn LastVisualChange opt cold fission webrender,,77,ms,firefox,,1802740041,2023-11-29T06:56:45,2027.0,b675f0a9e569a63bedb249150a2be6b3e15197f9,1339623
autoland,3869862,13,ffaba559b8f75178eed537731f258b1129b7fe97,linux1804-64-shippable-qr,True,False,,|c|o|l|d| |f|i|s|s|i|o|n| |w|e|b|r|e|n|d|e|r|,102210fe594ee9b33d82058545b1ed14f4c8206e,LastVisualChange,cnn,True,cnn LastVisualChange opt cold fission webrender,,77,ms,firefox,,1802793899,2023-11-29T09:02:39,2073.7,66c2fb78dfe25ce9af21d0e1dd82f62dbb5da53f,1339662
autoland,3869862,13,ffaba559b8f75178eed537731f258b1129b7fe97,linux1804-64-shippable-qr,True,False,,|c|o|l|d| |f|i|s|s|i|o|n| |w|e|b|r|e|n|d|e|r|,102210fe594ee9b33d82058545b1ed14f4c8206e,LastVisualChange,cnn,True,cnn LastVisualChange opt cold fission webrender,,77,ms,firefox,,1802916058,2023-11-29T13:11:23,2048.1,be2b109ddbb7f38c98c25b3c79c036f6f06f81fb,1339776
autoland,3869862,13,ffaba559b8f75178eed537731f258b1129b7fe97,linux1804-64-shippable-qr,True,False,,|c|o|l|d| |f|i|s|s|i|o|n| |w|e|b|r|e|n|d|e|r|,102210fe594ee9b33d82058545b1ed14f4c8206e,LastVisualChange,cnn,True,cnn LastVisualChange opt cold fission webrender,,77,ms,firefox,,1803412642,2023-11-29T13:16:15,2052.8,74f50e5d5557c1a8977dbafaa1f73d141c2380a8,1339778
autoland,3869862,13,ffaba559b8f75178eed537731f258b1129b7fe97,linux1804-64-shippable-qr,True,False,,|c|o|l|d| |f|i|s|s|i|o|n| |w|e|b|r|e|n|d|e|r|,102210fe594ee9b33d82058545b1ed14f4c8206e,LastVisualChange,cnn,True,cnn LastVisualChange opt cold fission webrender,,77,ms,firefox,,1803382662,2023-11-29T13:25:22,2038.3,f5a30ad398a0617b6209b0fb871a4aa1c87ed26c,1339781
autoland,3869862,13,ffaba559b8f75178eed537731f258b1129b7fe97,linux1804-64-shippable-qr,True,False,,|c|o|l|d| |f|i|s|s|i|o|n| |w|e|b|r|e|n|d|e|r|,102210fe594ee9b33d82058545b1ed14f4c8206e,LastVisualChange,cnn,True,cnn LastVisualChange opt cold fission webrender,,77,ms,firefox,,1803372740,2023-11-29T14:26:21,2044.3,e85c84028c440fb186322761a11035030f0eb94a,1339813
autoland,3869862,13,ffaba559b8f75178eed537731f258b1129b7fe97,linux1804-64-shippable-qr,True,False,,|c|o|l|d| |f|i|s|s|i|o|n| |w|e|b|r|e|n|d|e|r|,102210fe594ee9b33d82058545b1ed14f4c8206e,LastVisualChange,cnn,True,cnn LastVisualChange opt cold fission webrender,,77,ms,firefox,,1803361418,2023-11-29T14:33:23,2042.8,fd253d27e64ec2f0a321ef83bffbcf28392e9f88,1339819
autoland,3869862,13,ffaba559b8f75178eed537731f258b1129b7fe97,linux1804-64-shippable-qr,True,False,,|c|o|l|d| |f|i|s|s|i|o|n| |w|e|b|r|e|n|d|e|r|,102210fe594ee9b33d82058545b1ed14f4c8206e,LastVisualChange,cnn,True,cnn LastVisualChange opt cold fission webrender,,77,ms,firefox,,1803418300,2023-11-29T14:35:24,2068.6,dd4895b622d097df1c1335545c2b0b884709db00,1339824
autoland,3869862,13,ffaba559b8f75178eed537731f258b1129b7fe97,linux1804-64-shippable-qr,True,False,,|c|o|l|d| |f|i|s|s|i|o|n| |w|e|b|r|e|n|d|e|r|,102210fe594ee9b33d82058545b1ed14f4c8206e,LastVisualChange,cnn,True,cnn LastVisualChange opt cold fission webrender,,77,ms,firefox,,1803346740,2023-11-29T14:36:19,2021.4,4c5b2b4298575e99e99d7203ecdb33fe66c65358,1339826
autoland,3869862,13,ffaba559b8f75178eed537731f258b1129b7fe97,linux1804-64-shippable-qr,True,False,,|c|o|l|d| |f|i|s|s|i|o|n| |w|e|b|r|e|n|d|e|r|,102210fe594ee9b33d82058545b1ed14f4c8206e,LastVisualChange,cnn,True,cnn LastVisualChange opt cold fission webrender,,77,ms,firefox,,1803080029,2023-11-29T17:15:33,2054.4,0008fcc93b9b4a6aa22e3abf1888be08024320e9,1339929
autoland,3869862,13,ffaba559b8f75178eed537731f258b1129b7fe97,linux1804-64-shippable-qr,True,False,,|c|o|l|d| |f|i|s|s|i|o|n| |w|e|b|r|e|n|d|e|r|,102210fe594ee9b33d82058545b1ed14f4c8206e,LastVisualChange,cnn,True,cnn LastVisualChange opt cold fission webrender,,77,ms,firefox,,1803256991,2023-11-29T22:52:27,2107.1,65a0553b296ae1432e5d18c3d2d607cacbb0a35e,1340166
autoland,3869862,13,ffaba559b8f75178eed537731f258b1129b7fe97,linux1804-64-shippable-qr,True,False,,|c|o|l|d| |f|i|s|s|i|o|n| |w|e|b|r|e|n|d|e|r|,102210fe594ee9b33d82058545b1ed14f4c8206e,LastVisualChange,cnn,True,cnn LastVisualChange opt cold fission webrender,,77,ms,firefox,,1803274216,2023-11-29T22:59:56,2095.1,4bbe309179a5869e893e8f9ed2b110ef00ccec95,1340178
autoland,3869862,13,ffaba559b8f75178eed537731f258b1129b7fe97,linux1804-64-shippable-qr,True,False,,|c|o|l|d| |f|i|s|s|i|o|n| |w|e|b|r|e|n|d|e|r|,102210fe594ee9b33d82058545b1ed14f4c8206e,LastVisualChange,cnn,True,cnn LastVisualChange opt cold fission webrender,,77,ms,firefox,,1803442235,2023-11-29T23:02:37,2043.9,7e08f5f9cbb4e38b3579328b49609d065203415a,1340181
autoland,3869862,13,ffaba559b8f75178eed537731f258b1129b7fe97,linux1804-64-shippable-qr,True,False,,|c|o|l|d| |f|i|s|s|i|o|n| |w|e|b|r|e|n|d|e|r|,102210fe594ee9b33d82058545b1ed14f4c8206e,LastVisualChange,cnn,True,cnn LastVisualChange opt cold fission webrender,,77,ms,firefox,,1803452547,2023-11-29T23:03:31,2055.3,48f667e357c8e6dea764cb3ad69d2bce2f1e093b,1340182
autoland,3869862,13,ffaba559b8f75178eed537731f258b1129b7fe97,linux1804-64-shippable-qr,True,False,,|c|o|l|d| |f|i|s|s|i|o|n| |w|e|b|r|e|n|d|e|r|,102210fe594ee9b33d82058545b1ed14f4c8206e,LastVisualChange,cnn,True,cnn LastVisualChange opt cold fission webrender,,77,ms,firefox,,1803431915,2023-11-30T04:33:01,2055.5,556c8b22cbbbcc165c42b2c52ebdfd01be3cee6b,1340302
autoland,3869862,13,ffaba559b8f75178eed537731f258b1129b7fe97,linux1804-64-shippable-qr,True,False,,|c|o|l|d| |f|i|s|s|i|o|n| |w|e|b|r|e|n|d|e|r|,102210fe594ee9b33d82058545b1ed14f4c8206e,LastVisualChange,cnn,True,cnn LastVisualChange opt cold fission webrender,,77,ms,firefox,,1803526232,2023-11-30T08:51:25,2038.7,43fc350794aaccc50748bce9b965590d842ef9ac,1340399
autoland,3869862,13,ffaba559b8f75178eed537731f258b1129b7fe97,linux1804-64-shippable-qr,True,False,,|c|o|l|d| |f|i|s|s|i|o|n| |w|e|b|r|e|n|d|e|r|,102210fe594ee9b33d82058545b1ed14f4c8206e,LastVisualChange,cnn,True,cnn LastVisualChange opt cold fission webrender,,77,ms,firefox,,1803585931,2023-11-30T08:52:22,1996.6,b33dd40c7ea956e89c10d4e8a54f9e869a431b64,1340400
autoland,3869862,13,ffaba559b8f75178eed537731f258b1129b7fe97,linux1804-64-shippable-qr,True,False,,|c|o|l|d| |f|i|s|s|i|o|n| |w|e|b|r|e|n|d|e|r|,102210fe594ee9b33d82058545b1ed14f4c8206e,LastVisualChange,cnn,True,cnn LastVisualChange opt cold fission webrender,,77,ms,firefox,,1803669248,2023-11-30T13:07:37,2057.3,120432262a8cb73f69c8d683b4ddec3a037cbd91,1340520
autoland,3869862,13,ffaba559b8f75178eed537731f258b1129b7fe97,linux1804-64-shippable-qr,True,False,,|c|o|l|d| |f|i|s|s|i|o|n| |w|e|b|r|e|n|d|e|r|,102210fe594ee9b33d82058545b1ed14f4c8206e,LastVisualChange,cnn,True,cnn LastVisualChange opt cold fission webrender,,77,ms,firefox,,1803687362,2023-11-30T13:51:04,2009.0,1d1fb9d5a4974d94e8c317f226c962fd351eae27,1340541
autoland,3869862,13,ffaba559b8f75178eed537731f258b1129b7fe97,linux1804-64-shippable-qr,True,False,,|c|o|l|d| |f|i|s|s|i|o|n| |w|e|b|r|e|n|d|e|r|,102210fe594ee9b33d82058545b1ed14f4c8206e,LastVisualChange,cnn,True,cnn LastVisualChange opt cold fission webrender,,77,ms,firefox,,1804196825,2023-11-30T16:04:41,2044.8,fc19848f02cea14c4cf8e366ff394ce03a4f08d6,1340656
autoland,3869862,13,ffaba559b8f75178eed537731f258b1129b7fe97,linux1804-64-shippable-qr,True,False,,|c|o|l|d| |f|i|s|s|i|o|n| |w|e|b|r|e|n|d|e|r|,102210fe594ee9b33d82058545b1ed14f4c8206e,LastVisualChange,cnn,True,cnn LastVisualChange opt cold fission webrender,,77,ms,firefox,,1804158423,2023-11-30T16:12:44,2040.5,cfbcbcd48790bbc8b8a901aeacef87a2bd174e5c,1340664
autoland,3869862,13,ffaba559b8f75178eed537731f258b1129b7fe97,linux1804-64-shippable-qr,True,False,,|c|o|l|d| |f|i|s|s|i|o|n| |w|e|b|r|e|n|d|e|r|,102210fe594ee9b33d82058545b1ed14f4c8206e,LastVisualChange,cnn,True,cnn LastVisualChange opt cold fission webrender,,77,ms,firefox,,1803830890,2023-11-30T17:04:12,2073.1,3ec1ddf45e5a6562bd1d81fe4144541880bf3a24,1340716
autoland,3869862,13,ffaba559b8f75178eed537731f258b1129b7fe97,linux1804-64-shippable-qr,True,False,,|c|o|l|d| |f|i|s|s|i|o|n| |w|e|b|r|e|n|d|e|r|,102210fe594ee9b33d82058545b1ed14f4c8206e,LastVisualChange,cnn,True,cnn LastVisualChange opt cold fission webrender,,77,ms,firefox,,1804168675,2023-11-30T17:37:56,2033.2,8dde1f563468bd246dff71c96a31d7f075ce7d56,1340742
autoland,3869862,13,ffaba559b8f75178eed537731f258b1129b7fe97,linux1804-64-shippable-qr,True,False,,|c|o|l|d| |f|i|s|s|i|o|n| |w|e|b|r|e|n|d|e|r|,102210fe594ee9b33d82058545b1ed14f4c8206e,LastVisualChange,cnn,True,cnn LastVisualChange opt cold fission webrender,,77,ms,firefox,,1804199555,2023-11-30T17:40:15,2115.2,df0f4cc6bda107aa2615bb366ec2b7d26773e889,1340743
autoland,3869862,13,ffaba559b8f75178eed537731f258b1129b7fe97,linux1804-64-shippable-qr,True,False,,|c|o|l|d| |f|i|s|s|i|o|n| |w|e|b|r|e|n|d|e|r|,102210fe594ee9b33d82058545b1ed14f4c8206e,LastVisualChange,cnn,True,cnn LastVisualChange opt cold fission webrender,,77,ms,firefox,,1803923893,2023-11-30T20:20:14,2042.1,620e49ab6438e8c933133e9b4eb7a11188514a70,1340881
autoland,3869862,13,ffaba559b8f75178eed537731f258b1129b7fe97,linux1804-64-shippable-qr,True,False,,|c|o|l|d| |f|i|s|s|i|o|n| |w|e|b|r|e|n|d|e|r|,102210fe594ee9b33d82058545b1ed14f4c8206e,LastVisualChange,cnn,True,cnn LastVisualChange opt cold fission webrender,,77,ms,firefox,,1804184007,2023-11-30T20:22:02,2111.1,e6f456e40dda9f799c2fef84edc219d26631e268,1340886
autoland,3869862,13,ffaba559b8f75178eed537731f258b1129b7fe97,linux1804-64-shippable-qr,True,False,,|c|o|l|d| |f|i|s|s|i|o|n| |w|e|b|r|e|n|d|e|r|,102210fe594ee9b33d82058545b1ed14f4c8206e,LastVisualChange,cnn,True,cnn LastVisualChange opt cold fission webrender,,77,ms,firefox,,1804148246,2023-11-30T20:24:49,2052.4,faeaf5bd4445bd6831e09956e6f78eb06629517d,1340888
autoland,3869862,13,ffaba559b8f75178eed537731f258b1129b7fe97,linux1804-64-shippable-qr,True,False,,|c|o|l|d| |f|i|s|s|i|o|n| |w|e|b|r|e|n|d|e|r|,102210fe594ee9b33d82058545b1ed14f4c8206e,LastVisualChange,cnn,True,cnn LastVisualChange opt cold fission webrender,,77,ms,firefox,,1804000743,2023-11-30T22:54:04,2018.7,68378d2409bc693ef00f3f157ecaea7067df7edc,1340995
autoland,3869862,13,ffaba559b8f75178eed537731f258b1129b7fe97,linux1804-64-shippable-qr,True,False,,|c|o|l|d| |f|i|s|s|i|o|n| |w|e|b|r|e|n|d|e|r|,102210fe594ee9b33d82058545b1ed14f4c8206e,LastVisualChange,cnn,True,cnn LastVisualChange opt cold fission webrender,,77,ms,firefox,,1804097460,2023-12-01T03:29:20,2009.4,a1795b069cc23fbcb93366d99b3ddfb8664f054c,1341103
autoland,3869862,13,ffaba559b8f75178eed537731f258b1129b7fe97,linux1804-64-shippable-qr,True,False,,|c|o|l|d| |f|i|s|s|i|o|n| |w|e|b|r|e|n|d|e|r|,102210fe594ee9b33d82058545b1ed14f4c8206e,LastVisualChange,cnn,True,cnn LastVisualChange opt cold fission webrender,,77,ms,firefox,,1804227945,2023-12-01T07:13:54,2030.3,81869d55a8d7b3d1d573810ab4e99f63cbe11a8a,1341156
autoland,3869862,13,ffaba559b8f75178eed537731f258b1129b7fe97,linux1804-64-shippable-qr,True,False,,|c|o|l|d| |f|i|s|s|i|o|n| |w|e|b|r|e|n|d|e|r|,102210fe594ee9b33d82058545b1ed14f4c8206e,LastVisualChange,cnn,True,cnn LastVisualChange opt cold fission webrender,,77,ms,firefox,,1804342279,2023-12-01T11:47:02,2037.5,7440634a33a31738fc145eeac0bb47bc73fc64a0,1341285
autoland,3869862,13,ffaba559b8f75178eed537731f258b1129b7fe97,linux1804-64-shippable-qr,True,False,,|c|o|l|d| |f|i|s|s|i|o|n| |w|e|b|r|e|n|d|e|r|,102210fe594ee9b33d82058545b1ed14f4c8206e,LastVisualChange,cnn,True,cnn LastVisualChange opt cold fission webrender,,77,ms,firefox,,1804417162,2023-12-01T14:17:01,2025.0,22b9561cfef1c56a9940f5117d7ff6a754861629,1341402
autoland,3869862,13,ffaba559b8f75178eed537731f258b1129b7fe97,linux1804-64-shippable-qr,True,False,,|c|o|l|d| |f|i|s|s|i|o|n| |w|e|b|r|e|n|d|e|r|,102210fe594ee9b33d82058545b1ed14f4c8206e,LastVisualChange,cnn,True,cnn LastVisualChange opt cold fission webrender,,77,ms,firefox,,1804513110,2023-12-01T17:28:20,2041.7,efe09552a4d3540f0639e50d023f74997921fa37,1341534
autoland,3869862,13,ffaba559b8f75178eed537731f258b1129b7fe97,linux1804-64-shippable-qr,True,False,,|c|o|l|d| |f|i|s|s|i|o|n| |w|e|b|r|e|n|d|e|r|,102210fe594ee9b33d82058545b1ed14f4c8206e,LastVisualChange,cnn,True,cnn LastVisualChange opt cold fission webrender,,77,ms,firefox,,1804782486,2023-12-01T19:21:29,2035.0,395e2da83ee8013844620d77f01730af2164eafc,1341607
autoland,3869862,13,ffaba559b8f75178eed537731f258b1129b7fe97,linux1804-64-shippable-qr,True,False,,|c|o|l|d| |f|i|s|s|i|o|n| |w|e|b|r|e|n|d|e|r|,102210fe594ee9b33d82058545b1ed14f4c8206e,LastVisualChange,cnn,True,cnn LastVisualChange opt cold fission webrender,,77,ms,firefox,,1804832128,2023-12-01T19:22:33,2022.1,79ab6b2ca205df8f3aea4a749d7f81c062b9d1cb,1341609
autoland,3869862,13,ffaba559b8f75178eed537731f258b1129b7fe97,linux1804-64-shippable-qr,True,False,,|c|o|l|d| |f|i|s|s|i|o|n| |w|e|b|r|e|n|d|e|r|,102210fe594ee9b33d82058545b1ed14f4c8206e,LastVisualChange,cnn,True,cnn LastVisualChange opt cold fission webrender,,77,ms,firefox,,1804804143,2023-12-01T19:31:46,2075.2,97bd03fdb1bec86b388b3393aa328608da4b388d,1341619
autoland,3869862,13,ffaba559b8f75178eed537731f258b1129b7fe97,linux1804-64-shippable-qr,True,False,,|c|o|l|d| |f|i|s|s|i|o|n| |w|e|b|r|e|n|d|e|r|,102210fe594ee9b33d82058545b1ed14f4c8206e,LastVisualChange,cnn,True,cnn LastVisualChange opt cold fission webrender,,77,ms,firefox,,1804823431,2023-12-01T20:03:19,2056.7,9f4e654aca48bbf21fe893213989c7eef3cac4d7,1341635
autoland,3869862,13,ffaba559b8f75178eed537731f258b1129b7fe97,linux1804-64-shippable-qr,True,False,,|c|o|l|d| |f|i|s|s|i|o|n| |w|e|b|r|e|n|d|e|r|,102210fe594ee9b33d82058545b1ed14f4c8206e,LastVisualChange,cnn,True,cnn LastVisualChange opt cold fission webrender,,77,ms,firefox,,1804627824,2023-12-01T20:34:55,2052.5,a5a9381a759e44485d639727614ceb2b77851c90,1341661
autoland,3869862,13,ffaba559b8f75178eed537731f258b1129b7fe97,linux1804-64-shippable-qr,True,False,,|c|o|l|d| |f|i|s|s|i|o|n| |w|e|b|r|e|n|d|e|r|,102210fe594ee9b33d82058545b1ed14f4c8206e,LastVisualChange,cnn,True,cnn LastVisualChange opt cold fission webrender,,77,ms,firefox,,1804760839,2023-12-01T20:38:14,2035.5,31ee979a197aa22bdbd9ddf747e6adccea5b591d,1341662
autoland,3869862,13,ffaba559b8f75178eed537731f258b1129b7fe97,linux1804-64-shippable-qr,True,False,,|c|o|l|d| |f|i|s|s|i|o|n| |w|e|b|r|e|n|d|e|r|,102210fe594ee9b33d82058545b1ed14f4c8206e,LastVisualChange,cnn,True,cnn LastVisualChange opt cold fission webrender,,77,ms,firefox,,1804813684,2023-12-01T20:38:14,2029.8,31ee979a197aa22bdbd9ddf747e6adccea5b591d,1341662
autoland,3869862,13,ffaba559b8f75178eed537731f258b1129b7fe97,linux1804-64-shippable-qr,True,False,,|c|o|l|d| |f|i|s|s|i|o|n| |w|e|b|r|e|n|d|e|r|,102210fe594ee9b33d82058545b1ed14f4c8206e,LastVisualChange,cnn,True,cnn LastVisualChange opt cold fission webrender,,77,ms,firefox,,1804802337,2023-12-01T20:53:45,2067.1,2a52041afc10652845d2b12c671546363922fbdd,1341673
autoland,3869862,13,ffaba559b8f75178eed537731f258b1129b7fe97,linux1804-64-shippable-qr,True,False,,|c|o|l|d| |f|i|s|s|i|o|n| |w|e|b|r|e|n|d|e|r|,102210fe594ee9b33d82058545b1ed14f4c8206e,LastVisualChange,cnn,True,cnn LastVisualChange opt cold fission webrender,,77,ms,firefox,,1804761473,2023-12-01T23:29:44,2274.2,387f8657fe91f06ad2988f2381601d3f55533a9b,1341770
autoland,3869862,13,ffaba559b8f75178eed537731f258b1129b7fe97,linux1804-64-shippable-qr,True,False,,|c|o|l|d| |f|i|s|s|i|o|n| |w|e|b|r|e|n|d|e|r|,102210fe594ee9b33d82058545b1ed14f4c8206e,LastVisualChange,cnn,True,cnn LastVisualChange opt cold fission webrender,,77,ms,firefox,,1804835032,2023-12-01T23:35:18,2117.6,b2c7644e41eb5e082bf26a7b02cf780d20bada1c,1341772
autoland,3869862,13,ffaba559b8f75178eed537731f258b1129b7fe97,linux1804-64-shippable-qr,True,False,,|c|o|l|d| |f|i|s|s|i|o|n| |w|e|b|r|e|n|d|e|r|,102210fe594ee9b33d82058545b1ed14f4c8206e,LastVisualChange,cnn,True,cnn LastVisualChange opt cold fission webrender,,77,ms,firefox,,1804725662,2023-12-02T01:52:53,2031.6,bf4c1083cec10076ccbf07f2cfc3e18b04d0bf72,1341816
autoland,3869862,13,ffaba559b8f75178eed537731f258b1129b7fe97,linux1804-64-shippable-qr,True,False,,|c|o|l|d| |f|i|s|s|i|o|n| |w|e|b|r|e|n|d|e|r|,102210fe594ee9b33d82058545b1ed14f4c8206e,LastVisualChange,cnn,True,cnn LastVisualChange opt cold fission webrender,,77,ms,firefox,,1804853193,2023-12-02T08:10:23,2045.7,965cddb8421900af69da86a586e617bf7dec3b56,1341832
autoland,3869862,13,ffaba559b8f75178eed537731f258b1129b7fe97,linux1804-64-shippable-qr,True,False,,|c|o|l|d| |f|i|s|s|i|o|n| |w|e|b|r|e|n|d|e|r|,102210fe594ee9b33d82058545b1ed14f4c8206e,LastVisualChange,cnn,True,cnn LastVisualChange opt cold fission webrender,,77,ms,firefox,,1804945950,2023-12-02T14:39:28,2066.0,2d582fee4916ee442de05970cc77f7be702c22a2,1341863
autoland,3869862,13,ffaba559b8f75178eed537731f258b1129b7fe97,linux1804-64-shippable-qr,True,False,,|c|o|l|d| |f|i|s|s|i|o|n| |w|e|b|r|e|n|d|e|r|,102210fe594ee9b33d82058545b1ed14f4c8206e,LastVisualChange,cnn,True,cnn LastVisualChange opt cold fission webrender,,77,ms,firefox,,1805019269,2023-12-02T18:55:31,2031.2,d5a2cb7b9272b5c9cdfe4a0397c570ce5f9260bf,1341891
autoland,3869862,13,ffaba559b8f75178eed537731f258b1129b7fe97,linux1804-64-shippable-qr,True,False,,|c|o|l|d| |f|i|s|s|i|o|n| |w|e|b|r|e|n|d|e|r|,102210fe594ee9b33d82058545b1ed14f4c8206e,LastVisualChange,cnn,True,cnn LastVisualChange opt cold fission webrender,,77,ms,firefox,,1805077926,2023-12-03T00:49:27,2049.5,fe75ab906c798b6697934b3789355dceb5748966,1341930
autoland,3869862,13,ffaba559b8f75178eed537731f258b1129b7fe97,linux1804-64-shippable-qr,True,False,,|c|o|l|d| |f|i|s|s|i|o|n| |w|e|b|r|e|n|d|e|r|,102210fe594ee9b33d82058545b1ed14f4c8206e,LastVisualChange,cnn,True,cnn LastVisualChange opt cold fission webrender,,77,ms,firefox,,1805109333,2023-12-03T05:05:07,2048.3,8e959a7ded5f111e711c06a6728f76d3bd660699,1341942
autoland,3869862,13,ffaba559b8f75178eed537731f258b1129b7fe97,linux1804-64-shippable-qr,True,False,,|c|o|l|d| |f|i|s|s|i|o|n| |w|e|b|r|e|n|d|e|r|,102210fe594ee9b33d82058545b1ed14f4c8206e,LastVisualChange,cnn,True,cnn LastVisualChange opt cold fission webrender,,77,ms,firefox,,1805212090,2023-12-03T10:45:57,2024.2,5d84c395021682cc2af1bf5da98c205cfbc32f76,1341997
autoland,3869862,13,ffaba559b8f75178eed537731f258b1129b7fe97,linux1804-64-shippable-qr,True,False,,|c|o|l|d| |f|i|s|s|i|o|n| |w|e|b|r|e|n|d|e|r|,102210fe594ee9b33d82058545b1ed14f4c8206e,LastVisualChange,cnn,True,cnn LastVisualChange opt cold fission webrender,,77,ms,firefox,,1805239086,2023-12-03T12:21:22,2028.9,3445cc3f842050a3cdfc4da74ce254df933f7e7b,1342011
autoland,3869862,13,ffaba559b8f75178eed537731f258b1129b7fe97,linux1804-64-shippable-qr,True,False,,|c|o|l|d| |f|i|s|s|i|o|n| |w|e|b|r|e|n|d|e|r|,102210fe594ee9b33d82058545b1ed14f4c8206e,LastVisualChange,cnn,True,cnn LastVisualChange opt cold fission webrender,,77,ms,firefox,,1805295851,2023-12-03T18:05:44,2035.3,8038f0b90bbd46dcb74eaaddf1fd1c6871dc4426,1342033
autoland,3869862,13,ffaba559b8f75178eed537731f258b1129b7fe97,linux1804-64-shippable-qr,True,False,,|c|o|l|d| |f|i|s|s|i|o|n| |w|e|b|r|e|n|d|e|r|,102210fe594ee9b33d82058545b1ed14f4c8206e,LastVisualChange,cnn,True,cnn LastVisualChange opt cold fission webrender,,77,ms,firefox,,1805413724,2023-12-04T01:54:51,2063.3,369922cc5c4efad6c87b13600325eb5a989cde81,1342108
autoland,3869862,13,ffaba559b8f75178eed537731f258b1129b7fe97,linux1804-64-shippable-qr,True,False,,|c|o|l|d| |f|i|s|s|i|o|n| |w|e|b|r|e|n|d|e|r|,102210fe594ee9b33d82058545b1ed14f4c8206e,LastVisualChange,cnn,True,cnn LastVisualChange opt cold fission webrender,,77,ms,firefox,,1805677816,2023-12-04T11:05:28,2008.0,223106736a61f5cc112b0cc9d38ab1f63e034f89,1342238
autoland,3869862,13,ffaba559b8f75178eed537731f258b1129b7fe97,linux1804-64-shippable-qr,True,False,,|c|o|l|d| |f|i|s|s|i|o|n| |w|e|b|r|e|n|d|e|r|,102210fe594ee9b33d82058545b1ed14f4c8206e,LastVisualChange,cnn,True,cnn LastVisualChange opt cold fission webrender,,77,ms,firefox,,1805648362,2023-12-04T11:06:23,2052.4,20b709d0fa5633c408dd900f830b09af96c0465d,1342240
autoland,3869862,13,ffaba559b8f75178eed537731f258b1129b7fe97,linux1804-64-shippable-qr,True,False,,|c|o|l|d| |f|i|s|s|i|o|n| |w|e|b|r|e|n|d|e|r|,102210fe594ee9b33d82058545b1ed14f4c8206e,LastVisualChange,cnn,True,cnn LastVisualChange opt cold fission webrender,,77,ms,firefox,,1806178433,2023-12-04T13:16:38,2031.8,97f759dedbc9028323bba1817bba400e8c09e9de,1342301
autoland,3869862,13,ffaba559b8f75178eed537731f258b1129b7fe97,linux1804-64-shippable-qr,True,False,,|c|o|l|d| |f|i|s|s|i|o|n| |w|e|b|r|e|n|d|e|r|,102210fe594ee9b33d82058545b1ed14f4c8206e,LastVisualChange,cnn,True,cnn LastVisualChange opt cold fission webrender,,77,ms,firefox,,1806167217,2023-12-04T13:59:28,2016.1,4f1343fb977425ae4f66a42bd000c5fe434b9902,1342330
autoland,3869862,13,ffaba559b8f75178eed537731f258b1129b7fe97,linux1804-64-shippable-qr,True,False,,|c|o|l|d| |f|i|s|s|i|o|n| |w|e|b|r|e|n|d|e|r|,102210fe594ee9b33d82058545b1ed14f4c8206e,LastVisualChange,cnn,True,cnn LastVisualChange opt cold fission webrender,,77,ms,firefox,,1806164528,2023-12-04T14:24:03,2046.2,c937411c15e54bfe69abb088c2721fec07a2d5a4,1342356
autoland,3869862,13,ffaba559b8f75178eed537731f258b1129b7fe97,linux1804-64-shippable-qr,True,False,,|c|o|l|d| |f|i|s|s|i|o|n| |w|e|b|r|e|n|d|e|r|,102210fe594ee9b33d82058545b1ed14f4c8206e,LastVisualChange,cnn,True,cnn LastVisualChange opt cold fission webrender,,77,ms,firefox,,1806155626,2023-12-04T14:29:26,2051.9,1512f0acb58b18405278e4c90a67e3007f15f786,1342361
autoland,3869862,13,ffaba559b8f75178eed537731f258b1129b7fe97,linux1804-64-shippable-qr,True,False,,|c|o|l|d| |f|i|s|s|i|o|n| |w|e|b|r|e|n|d|e|r|,102210fe594ee9b33d82058545b1ed14f4c8206e,LastVisualChange,cnn,True,cnn LastVisualChange opt cold fission webrender,,77,ms,firefox,,1805762784,2023-12-04T14:54:31,2012.4,38094e01a744c421fe469d9a01cbfe12a1ee949b,1342377
autoland,3869862,13,ffaba559b8f75178eed537731f258b1129b7fe97,linux1804-64-shippable-qr,True,False,,|c|o|l|d| |f|i|s|s|i|o|n| |w|e|b|r|e|n|d|e|r|,102210fe594ee9b33d82058545b1ed14f4c8206e,LastVisualChange,cnn,True,cnn LastVisualChange opt cold fission webrender,,77,ms,firefox,,1806050408,2023-12-04T22:13:56,2072.1,3d0a5f6fd8b4a0537cb85ae502a4be6cafec1c23,1342750
autoland,3869862,13,ffaba559b8f75178eed537731f258b1129b7fe97,linux1804-64-shippable-qr,True,False,,|c|o|l|d| |f|i|s|s|i|o|n| |w|e|b|r|e|n|d|e|r|,102210fe594ee9b33d82058545b1ed14f4c8206e,LastVisualChange,cnn,True,cnn LastVisualChange opt cold fission webrender,,77,ms,firefox,,1806148880,2023-12-05T02:36:15,2162.3,39486bb8305a2e3128c6ecd97d33378744922507,1342897
autoland,3869862,13,ffaba559b8f75178eed537731f258b1129b7fe97,linux1804-64-shippable-qr,True,False,,|c|o|l|d| |f|i|s|s|i|o|n| |w|e|b|r|e|n|d|e|r|,102210fe594ee9b33d82058545b1ed14f4c8206e,LastVisualChange,cnn,True,cnn LastVisualChange opt cold fission webrender,,77,ms,firefox,,1806193747,2023-12-05T03:50:36,2049.9,775ade8b04da775ad41d5d135baae415863a874c,1342908
autoland,3869862,13,ffaba559b8f75178eed537731f258b1129b7fe97,linux1804-64-shippable-qr,True,False,,|c|o|l|d| |f|i|s|s|i|o|n| |w|e|b|r|e|n|d|e|r|,102210fe594ee9b33d82058545b1ed14f4c8206e,LastVisualChange,cnn,True,cnn LastVisualChange opt cold fission webrender,,77,ms,firefox,,1806358355,2023-12-05T08:48:01,1999.2,429e8cc8473b4c76828d06e2f07abbeb9dbebd81,1342965
autoland,3869862,13,ffaba559b8f75178eed537731f258b1129b7fe97,linux1804-64-shippable-qr,True,False,,|c|o|l|d| |f|i|s|s|i|o|n| |w|e|b|r|e|n|d|e|r|,102210fe594ee9b33d82058545b1ed14f4c8206e,LastVisualChange,cnn,True,cnn LastVisualChange opt cold fission webrender,,77,ms,firefox,,1806374798,2023-12-05T11:07:31,2050.4,10602eb918edd2ccf85a22fb60b3dc62c845c42a,1343031
autoland,3869862,13,ffaba559b8f75178eed537731f258b1129b7fe97,linux1804-64-shippable-qr,True,False,,|c|o|l|d| |f|i|s|s|i|o|n| |w|e|b|r|e|n|d|e|r|,102210fe594ee9b33d82058545b1ed14f4c8206e,LastVisualChange,cnn,True,cnn LastVisualChange opt cold fission webrender,,77,ms,firefox,,1806962365,2023-12-05T14:09:06,2010.7,91c058c18c2a5e76a0f90fce266b0fcbe74f5ad3,1343100
autoland,3869862,13,ffaba559b8f75178eed537731f258b1129b7fe97,linux1804-64-shippable-qr,True,False,,|c|o|l|d| |f|i|s|s|i|o|n| |w|e|b|r|e|n|d|e|r|,102210fe594ee9b33d82058545b1ed14f4c8206e,LastVisualChange,cnn,True,cnn LastVisualChange opt cold fission webrender,,77,ms,firefox,,1806932371,2023-12-05T14:30:17,2048.8,d7ec576e1046afdd1d78ec401cb31a844b623ce9,1343108
autoland,3869862,13,ffaba559b8f75178eed537731f258b1129b7fe97,linux1804-64-shippable-qr,True,False,,|c|o|l|d| |f|i|s|s|i|o|n| |w|e|b|r|e|n|d|e|r|,102210fe594ee9b33d82058545b1ed14f4c8206e,LastVisualChange,cnn,True,cnn LastVisualChange opt cold fission webrender,,77,ms,firefox,,1806481837,2023-12-05T15:11:37,2030.7,e603b8b016d76de025bea02bfdc1e0590166c2c0,1343145
autoland,3869862,13,ffaba559b8f75178eed537731f258b1129b7fe97,linux1804-64-shippable-qr,True,False,,|c|o|l|d| |f|i|s|s|i|o|n| |w|e|b|r|e|n|d|e|r|,102210fe594ee9b33d82058545b1ed14f4c8206e,LastVisualChange,cnn,True,cnn LastVisualChange opt cold fission webrender,,77,ms,firefox,,1806515013,2023-12-05T16:28:46,2015.3,91bda8b5915b84ed6533a6620f955f271dc5aac3,1343203
autoland,3869862,13,ffaba559b8f75178eed537731f258b1129b7fe97,linux1804-64-shippable-qr,True,False,,|c|o|l|d| |f|i|s|s|i|o|n| |w|e|b|r|e|n|d|e|r|,102210fe594ee9b33d82058545b1ed14f4c8206e,LastVisualChange,cnn,True,cnn LastVisualChange opt cold fission webrender,,77,ms,firefox,,1806714517,2023-12-05T20:37:35,2051.0,f778448a1da5f0622c4361d37810461a035f4627,1343409
autoland,3869862,13,ffaba559b8f75178eed537731f258b1129b7fe97,linux1804-64-shippable-qr,True,False,,|c|o|l|d| |f|i|s|s|i|o|n| |w|e|b|r|e|n|d|e|r|,102210fe594ee9b33d82058545b1ed14f4c8206e,LastVisualChange,cnn,True,cnn LastVisualChange opt cold fission webrender,,77,ms,firefox,,1806765640,2023-12-05T21:38:52,2020.6,177375e24d1352ab203de0ac3aa53003c5d0ffd2,1343440
autoland,3869862,13,ffaba559b8f75178eed537731f258b1129b7fe97,linux1804-64-shippable-qr,True,False,,|c|o|l|d| |f|i|s|s|i|o|n| |w|e|b|r|e|n|d|e|r|,102210fe594ee9b33d82058545b1ed14f4c8206e,LastVisualChange,cnn,True,cnn LastVisualChange opt cold fission webrender,,77,ms,firefox,,1806900545,2023-12-06T02:13:38,2008.5,30004166d9f2cc3399da68e8762c35b1b886c0dc,1343563
autoland,3869862,13,ffaba559b8f75178eed537731f258b1129b7fe97,linux1804-64-shippable-qr,True,False,,|c|o|l|d| |f|i|s|s|i|o|n| |w|e|b|r|e|n|d|e|r|,102210fe594ee9b33d82058545b1ed14f4c8206e,LastVisualChange,cnn,True,cnn LastVisualChange opt cold fission webrender,,77,ms,firefox,,1807032732,2023-12-06T09:09:58,2048.2,63afa0f8febdc8b199d998d50bb76fc8f7945c3e,1343650
autoland,3869862,13,ffaba559b8f75178eed537731f258b1129b7fe97,linux1804-64-shippable-qr,True,False,,|c|o|l|d| |f|i|s|s|i|o|n| |w|e|b|r|e|n|d|e|r|,102210fe594ee9b33d82058545b1ed14f4c8206e,LastVisualChange,cnn,True,cnn LastVisualChange opt cold fission webrender,,77,ms,firefox,,1807545932,2023-12-06T11:41:32,2029.1,bd72dc9af1136390dd2d815e8d54aaeccb716364,1343706
autoland,3869862,13,ffaba559b8f75178eed537731f258b1129b7fe97,linux1804-64-shippable-qr,True,False,,|c|o|l|d| |f|i|s|s|i|o|n| |w|e|b|r|e|n|d|e|r|,102210fe594ee9b33d82058545b1ed14f4c8206e,LastVisualChange,cnn,True,cnn LastVisualChange opt cold fission webrender,,77,ms,firefox,,1807554441,2023-12-06T13:05:41,2037.9,2f3297d504f3c523b74f99bff2204116513e0d48,1343730
autoland,3869862,13,ffaba559b8f75178eed537731f258b1129b7fe97,linux1804-64-shippable-qr,True,False,,|c|o|l|d| |f|i|s|s|i|o|n| |w|e|b|r|e|n|d|e|r|,102210fe594ee9b33d82058545b1ed14f4c8206e,LastVisualChange,cnn,True,cnn LastVisualChange opt cold fission webrender,,77,ms,firefox,,1807120485,2023-12-06T13:42:54,2034.7,52f516546de7ac66228e074000877d32ebf093af,1343745
autoland,3869862,13,ffaba559b8f75178eed537731f258b1129b7fe97,linux1804-64-shippable-qr,True,False,,|c|o|l|d| |f|i|s|s|i|o|n| |w|e|b|r|e|n|d|e|r|,102210fe594ee9b33d82058545b1ed14f4c8206e,LastVisualChange,cnn,True,cnn LastVisualChange opt cold fission webrender,,77,ms,firefox,,1807132753,2023-12-06T14:11:26,1990.8,a035ddfc75fc597cd1df3c347d2cbbc50568f884,1343771
autoland,3869862,13,ffaba559b8f75178eed537731f258b1129b7fe97,linux1804-64-shippable-qr,True,False,,|c|o|l|d| |f|i|s|s|i|o|n| |w|e|b|r|e|n|d|e|r|,102210fe594ee9b33d82058545b1ed14f4c8206e,LastVisualChange,cnn,True,cnn LastVisualChange opt cold fission webrender,,77,ms,firefox,,1807537745,2023-12-06T16:34:41,2066.2,a69c40accbf099d041417ce4da9b82829f044167,1343891
autoland,3869862,13,ffaba559b8f75178eed537731f258b1129b7fe97,linux1804-64-shippable-qr,True,False,,|c|o|l|d| |f|i|s|s|i|o|n| |w|e|b|r|e|n|d|e|r|,102210fe594ee9b33d82058545b1ed14f4c8206e,LastVisualChange,cnn,True,cnn LastVisualChange opt cold fission webrender,,77,ms,firefox,,1807569524,2023-12-06T16:56:14,2023.2,ef4b8028299fa2b731c2ac785839a0bba06025d9,1343908
autoland,3869862,13,ffaba559b8f75178eed537731f258b1129b7fe97,linux1804-64-shippable-qr,True,False,,|c|o|l|d| |f|i|s|s|i|o|n| |w|e|b|r|e|n|d|e|r|,102210fe594ee9b33d82058545b1ed14f4c8206e,LastVisualChange,cnn,True,cnn LastVisualChange opt cold fission webrender,,77,ms,firefox,,1807315741,2023-12-06T18:17:17,2273.8,ab110e2fcc6ab3c8e078fe970b109f482069386e,1343990
autoland,3869862,13,ffaba559b8f75178eed537731f258b1129b7fe97,linux1804-64-shippable-qr,True,False,,|c|o|l|d| |f|i|s|s|i|o|n| |w|e|b|r|e|n|d|e|r|,102210fe594ee9b33d82058545b1ed14f4c8206e,LastVisualChange,cnn,True,cnn LastVisualChange opt cold fission webrender,,77,ms,firefox,,1807434276,2023-12-06T22:50:02,2026.0,f3fc0213f527ba806a10092bbadec34e00dbe4f6,1344189
autoland,3869862,13,ffaba559b8f75178eed537731f258b1129b7fe97,linux1804-64-shippable-qr,True,False,,|c|o|l|d| |f|i|s|s|i|o|n| |w|e|b|r|e|n|d|e|r|,102210fe594ee9b33d82058545b1ed14f4c8206e,LastVisualChange,cnn,True,cnn LastVisualChange opt cold fission webrender,,77,ms,firefox,,1808448323,2023-12-07T02:13:26,2044.7,9259a4ff84a40f3ba6516914e0b3a56b8d0c1f6c,1344265
autoland,3869862,13,ffaba559b8f75178eed537731f258b1129b7fe97,linux1804-64-shippable-qr,True,False,,|c|o|l|d| |f|i|s|s|i|o|n| |w|e|b|r|e|n|d|e|r|,102210fe594ee9b33d82058545b1ed14f4c8206e,LastVisualChange,cnn,True,cnn LastVisualChange opt cold fission webrender,,77,ms,firefox,,1808479823,2023-12-07T02:14:19,2037.9,a69f0b0ab3518bb6ff95e488df4d7fb3c442e0fb,1344266
autoland,3869862,13,ffaba559b8f75178eed537731f258b1129b7fe97,linux1804-64-shippable-qr,True,False,,|c|o|l|d| |f|i|s|s|i|o|n| |w|e|b|r|e|n|d|e|r|,102210fe594ee9b33d82058545b1ed14f4c8206e,LastVisualChange,cnn,True,cnn LastVisualChange opt cold fission webrender,,77,ms,firefox,,1807526773,2023-12-07T04:18:34,2045.7,93a04e8835aaaf359b24f47f54d622f7d36fd813,1344290
autoland,3869862,13,ffaba559b8f75178eed537731f258b1129b7fe97,linux1804-64-shippable-qr,True,False,,|c|o|l|d| |f|i|s|s|i|o|n| |w|e|b|r|e|n|d|e|r|,102210fe594ee9b33d82058545b1ed14f4c8206e,LastVisualChange,cnn,True,cnn LastVisualChange opt cold fission webrender,,77,ms,firefox,,1807618804,2023-12-07T09:07:30,2043.4,f5d904bee3fe6c9e79061b56c8499b6154f7d3ff,1344349
autoland,3869862,13,ffaba559b8f75178eed537731f258b1129b7fe97,linux1804-64-shippable-qr,True,False,,|c|o|l|d| |f|i|s|s|i|o|n| |w|e|b|r|e|n|d|e|r|,102210fe594ee9b33d82058545b1ed14f4c8206e,LastVisualChange,cnn,True,cnn LastVisualChange opt cold fission webrender,,77,ms,firefox,,1807727991,2023-12-07T12:51:56,2045.7,bea12a00706c3b2951d467008996bf7e89d17e5b,1344456
autoland,3869862,13,ffaba559b8f75178eed537731f258b1129b7fe97,linux1804-64-shippable-qr,True,False,,|c|o|l|d| |f|i|s|s|i|o|n| |w|e|b|r|e|n|d|e|r|,102210fe594ee9b33d82058545b1ed14f4c8206e,LastVisualChange,cnn,True,cnn LastVisualChange opt cold fission webrender,,77,ms,firefox,,1808382193,2023-12-07T13:24:55,2024.1,ee83b5ce89b76ccac425ff061ab7b9242f847931,1344468
autoland,3869862,13,ffaba559b8f75178eed537731f258b1129b7fe97,linux1804-64-shippable-qr,True,False,,|c|o|l|d| |f|i|s|s|i|o|n| |w|e|b|r|e|n|d|e|r|,102210fe594ee9b33d82058545b1ed14f4c8206e,LastVisualChange,cnn,True,cnn LastVisualChange opt cold fission webrender,,77,ms,firefox,,1808333465,2023-12-07T13:38:59,2060.0,47051dc8963377742b4656efbc924fdb4e2faf6f,1344471
autoland,3869862,13,ffaba559b8f75178eed537731f258b1129b7fe97,linux1804-64-shippable-qr,True,False,,|c|o|l|d| |f|i|s|s|i|o|n| |w|e|b|r|e|n|d|e|r|,102210fe594ee9b33d82058545b1ed14f4c8206e,LastVisualChange,cnn,True,cnn LastVisualChange opt cold fission webrender,,77,ms,firefox,,1808311779,2023-12-07T14:19:42,2037.3,86eea6f5893cc797c622501ea8a8d4714bf5bfe6,1344486
autoland,3869862,13,ffaba559b8f75178eed537731f258b1129b7fe97,linux1804-64-shippable-qr,True,False,,|c|o|l|d| |f|i|s|s|i|o|n| |w|e|b|r|e|n|d|e|r|,102210fe594ee9b33d82058545b1ed14f4c8206e,LastVisualChange,cnn,True,cnn LastVisualChange opt cold fission webrender,,77,ms,firefox,,1808445879,2023-12-07T14:20:39,2014.2,6d46d01f4af40e60ef81eef9a5bd88afda7b7aab,1344488
autoland,3869862,13,ffaba559b8f75178eed537731f258b1129b7fe97,linux1804-64-shippable-qr,True,False,,|c|o|l|d| |f|i|s|s|i|o|n| |w|e|b|r|e|n|d|e|r|,102210fe594ee9b33d82058545b1ed14f4c8206e,LastVisualChange,cnn,True,cnn LastVisualChange opt cold fission webrender,,77,ms,firefox,,1808063722,2023-12-07T21:41:48,2039.0,797281d7e3b5fdd5f6a033248fec7bd885227546,1344786
autoland,3869862,13,ffaba559b8f75178eed537731f258b1129b7fe97,linux1804-64-shippable-qr,True,False,,|c|o|l|d| |f|i|s|s|i|o|n| |w|e|b|r|e|n|d|e|r|,102210fe594ee9b33d82058545b1ed14f4c8206e,LastVisualChange,cnn,True,cnn LastVisualChange opt cold fission webrender,,77,ms,firefox,,1808465757,2023-12-07T21:42:43,2052.1,75e0ede09503eccf1cbef8632f794d1929320b8c,1344787
autoland,3869862,13,ffaba559b8f75178eed537731f258b1129b7fe97,linux1804-64-shippable-qr,True,False,,|c|o|l|d| |f|i|s|s|i|o|n| |w|e|b|r|e|n|d|e|r|,102210fe594ee9b33d82058545b1ed14f4c8206e,LastVisualChange,cnn,True,cnn LastVisualChange opt cold fission webrender,,77,ms,firefox,,1808421764,2023-12-07T21:43:35,2058.8,a9e008e57ceeb52687048bd12fae3896ec5ac4a3,1344788
autoland,3869862,13,ffaba559b8f75178eed537731f258b1129b7fe97,linux1804-64-shippable-qr,True,False,,|c|o|l|d| |f|i|s|s|i|o|n| |w|e|b|r|e|n|d|e|r|,102210fe594ee9b33d82058545b1ed14f4c8206e,LastVisualChange,cnn,True,cnn LastVisualChange opt cold fission webrender,,77,ms,firefox,,1808117682,2023-12-07T22:56:27,2103.4,c34126c5e2a85c81e511c7c4017e7f2694ddce13,1344823
autoland,3869862,13,ffaba559b8f75178eed537731f258b1129b7fe97,linux1804-64-shippable-qr,True,False,,|c|o|l|d| |f|i|s|s|i|o|n| |w|e|b|r|e|n|d|e|r|,102210fe594ee9b33d82058545b1ed14f4c8206e,LastVisualChange,cnn,True,cnn LastVisualChange opt cold fission webrender,,77,ms,firefox,,1808407387,2023-12-08T04:49:01,2037.6,3152110c63b5c99048b0651867ecf7723aa5ddf8,1344948
autoland,3869862,13,ffaba559b8f75178eed537731f258b1129b7fe97,linux1804-64-shippable-qr,True,False,,|c|o|l|d| |f|i|s|s|i|o|n| |w|e|b|r|e|n|d|e|r|,102210fe594ee9b33d82058545b1ed14f4c8206e,LastVisualChange,cnn,True,cnn LastVisualChange opt cold fission webrender,,77,ms,firefox,,1808596445,2023-12-08T09:01:47,2018.0,ff785fa504232b935c33c7d8c38a1cdc2f8d2d35,1345044
autoland,3869862,13,ffaba559b8f75178eed537731f258b1129b7fe97,linux1804-64-shippable-qr,True,False,,|c|o|l|d| |f|i|s|s|i|o|n| |w|e|b|r|e|n|d|e|r|,102210fe594ee9b33d82058545b1ed14f4c8206e,LastVisualChange,cnn,True,cnn LastVisualChange opt cold fission webrender,,77,ms,firefox,,1808696846,2023-12-08T14:53:30,2028.0,84f194823b719420c22157f7e540e660397a17f2,1345173
autoland,3869862,13,ffaba559b8f75178eed537731f258b1129b7fe97,linux1804-64-shippable-qr,True,False,,|c|o|l|d| |f|i|s|s|i|o|n| |w|e|b|r|e|n|d|e|r|,102210fe594ee9b33d82058545b1ed14f4c8206e,LastVisualChange,cnn,True,cnn LastVisualChange opt cold fission webrender,,77,ms,firefox,,1808835446,2023-12-08T20:09:00,2049.7,6f5601bcf5ef9fa22b46e44e1d5e34893a04fc9e,1345337
autoland,3869862,13,ffaba559b8f75178eed537731f258b1129b7fe97,linux1804-64-shippable-qr,True,False,,|c|o|l|d| |f|i|s|s|i|o|n| |w|e|b|r|e|n|d|e|r|,102210fe594ee9b33d82058545b1ed14f4c8206e,LastVisualChange,cnn,True,cnn LastVisualChange opt cold fission webrender,,77,ms,firefox,,1809014582,2023-12-09T00:35:37,2019.4,5e7ca7b9c60d764540bfc20b243ffaa67dfbfaa9,1345495
autoland,3869862,13,ffaba559b8f75178eed537731f258b1129b7fe97,linux1804-64-shippable-qr,True,False,,|c|o|l|d| |f|i|s|s|i|o|n| |w|e|b|r|e|n|d|e|r|,102210fe594ee9b33d82058545b1ed14f4c8206e,LastVisualChange,cnn,True,cnn LastVisualChange opt cold fission webrender,,77,ms,firefox,,1809038727,2023-12-09T00:36:34,2070.7,9536c8afccb6fe6adb81c34e04ad22608a1cc454,1345496
autoland,3869862,13,ffaba559b8f75178eed537731f258b1129b7fe97,linux1804-64-shippable-qr,True,False,,|c|o|l|d| |f|i|s|s|i|o|n| |w|e|b|r|e|n|d|e|r|,102210fe594ee9b33d82058545b1ed14f4c8206e,LastVisualChange,cnn,True,cnn LastVisualChange opt cold fission webrender,,77,ms,firefox,,1809234760,2023-12-09T11:58:04,2009.9,ce53d4215ca91122e12f63ca196acefc22a8d98c,1345582
autoland,3869862,13,ffaba559b8f75178eed537731f258b1129b7fe97,linux1804-64-shippable-qr,True,False,,|c|o|l|d| |f|i|s|s|i|o|n| |w|e|b|r|e|n|d|e|r|,102210fe594ee9b33d82058545b1ed14f4c8206e,LastVisualChange,cnn,True,cnn LastVisualChange opt cold fission webrender,,77,ms,firefox,,1809268070,2023-12-09T16:44:21,2039.2,199c3dc51f2dd8c55a3346ac587238e6376b7236,1345611
autoland,3869862,13,ffaba559b8f75178eed537731f258b1129b7fe97,linux1804-64-shippable-qr,True,False,,|c|o|l|d| |f|i|s|s|i|o|n| |w|e|b|r|e|n|d|e|r|,102210fe594ee9b33d82058545b1ed14f4c8206e,LastVisualChange,cnn,True,cnn LastVisualChange opt cold fission webrender,,77,ms,firefox,,1809287232,2023-12-09T17:32:11,2107.7,037b4a8e4edce03936a64d9d073da41b8b1bd9fb,1345614
autoland,3869862,13,ffaba559b8f75178eed537731f258b1129b7fe97,linux1804-64-shippable-qr,True,False,,|c|o|l|d| |f|i|s|s|i|o|n| |w|e|b|r|e|n|d|e|r|,102210fe594ee9b33d82058545b1ed14f4c8206e,LastVisualChange,cnn,True,cnn LastVisualChange opt cold fission webrender,,77,ms,firefox,,1809367680,2023-12-10T03:19:38,2026.6,815bf21f166b5019bdab6ec104bc2f4475a7b553,1345657
autoland,3869862,13,ffaba559b8f75178eed537731f258b1129b7fe97,linux1804-64-shippable-qr,True,False,,|c|o|l|d| |f|i|s|s|i|o|n| |w|e|b|r|e|n|d|e|r|,102210fe594ee9b33d82058545b1ed14f4c8206e,LastVisualChange,cnn,True,cnn LastVisualChange opt cold fission webrender,,77,ms,firefox,,1809497832,2023-12-11T00:42:11,2009.8,d4ee61633ce965862e2ee27be32e8a58344a7b03,1345765
autoland,3869862,13,ffaba559b8f75178eed537731f258b1129b7fe97,linux1804-64-shippable-qr,True,False,,|c|o|l|d| |f|i|s|s|i|o|n| |w|e|b|r|e|n|d|e|r|,102210fe594ee9b33d82058545b1ed14f4c8206e,LastVisualChange,cnn,True,cnn LastVisualChange opt cold fission webrender,,77,ms,firefox,,1809541598,2023-12-11T06:57:03,2028.7,e84648aa607a32b9e4bbd2378f5a7caf9e31264a,1345835
autoland,3869862,13,ffaba559b8f75178eed537731f258b1129b7fe97,linux1804-64-shippable-qr,True,False,,|c|o|l|d| |f|i|s|s|i|o|n| |w|e|b|r|e|n|d|e|r|,102210fe594ee9b33d82058545b1ed14f4c8206e,LastVisualChange,cnn,True,cnn LastVisualChange opt cold fission webrender,,77,ms,firefox,,1809575057,2023-12-11T09:13:41,2023.8,25a3d6c779f3ef9a9220e2d972c18f2e5a039cb2,1345868
autoland,3869862,13,ffaba559b8f75178eed537731f258b1129b7fe97,linux1804-64-shippable-qr,True,False,,|c|o|l|d| |f|i|s|s|i|o|n| |w|e|b|r|e|n|d|e|r|,102210fe594ee9b33d82058545b1ed14f4c8206e,LastVisualChange,cnn,True,cnn LastVisualChange opt cold fission webrender,,77,ms,firefox,,1809748439,2023-12-11T13:39:55,2031.8,46d1ac4f2e9c8c9c173c430225737701542931bb,1346049
autoland,3869862,13,ffaba559b8f75178eed537731f258b1129b7fe97,linux1804-64-shippable-qr,True,False,,|c|o|l|d| |f|i|s|s|i|o|n| |w|e|b|r|e|n|d|e|r|,102210fe594ee9b33d82058545b1ed14f4c8206e,LastVisualChange,cnn,True,cnn LastVisualChange opt cold fission webrender,,77,ms,firefox,,1810123667,2023-12-11T13:42:36,2057.3,4a4a406091cd38a7f1c47c0603c7b4dfb4aecd36,1346052
autoland,3869862,13,ffaba559b8f75178eed537731f258b1129b7fe97,linux1804-64-shippable-qr,True,False,,|c|o|l|d| |f|i|s|s|i|o|n| |w|e|b|r|e|n|d|e|r|,102210fe594ee9b33d82058545b1ed14f4c8206e,LastVisualChange,cnn,True,cnn LastVisualChange opt cold fission webrender,,77,ms,firefox,,1810176512,2023-12-11T13:54:53,2044.5,2e39f61cacdfbdc31348aa972854eddb30572c10,1346062
autoland,3869862,13,ffaba559b8f75178eed537731f258b1129b7fe97,linux1804-64-shippable-qr,True,False,,|c|o|l|d| |f|i|s|s|i|o|n| |w|e|b|r|e|n|d|e|r|,102210fe594ee9b33d82058545b1ed14f4c8206e,LastVisualChange,cnn,True,cnn LastVisualChange opt cold fission webrender,,77,ms,firefox,,1810164423,2023-12-11T14:00:48,2020.2,148b695e58fcfac3de4d0c3b3507d3a86d2bfb87,1346066
autoland,3869862,13,ffaba559b8f75178eed537731f258b1129b7fe97,linux1804-64-shippable-qr,True,False,,|c|o|l|d| |f|i|s|s|i|o|n| |w|e|b|r|e|n|d|e|r|,102210fe594ee9b33d82058545b1ed14f4c8206e,LastVisualChange,cnn,True,cnn LastVisualChange opt cold fission webrender,,77,ms,firefox,,1810181518,2023-12-11T14:11:51,2027.8,a1e3aa7070c3265a2460dd9f59444244ab30a373,1346073
autoland,3869862,13,ffaba559b8f75178eed537731f258b1129b7fe97,linux1804-64-shippable-qr,True,False,,|c|o|l|d| |f|i|s|s|i|o|n| |w|e|b|r|e|n|d|e|r|,102210fe594ee9b33d82058545b1ed14f4c8206e,LastVisualChange,cnn,True,cnn LastVisualChange opt cold fission webrender,,77,ms,firefox,,1809805568,2023-12-11T15:49:45,1664.7,fbda7db8e39b50ebf5ed7092f81706bd1d8c91ab,1346158
autoland,3869862,13,ffaba559b8f75178eed537731f258b1129b7fe97,linux1804-64-shippable-qr,True,False,,|c|o|l|d| |f|i|s|s|i|o|n| |w|e|b|r|e|n|d|e|r|,102210fe594ee9b33d82058545b1ed14f4c8206e,LastVisualChange,cnn,True,cnn LastVisualChange opt cold fission webrender,,77,ms,firefox,,1809877213,2023-12-11T18:22:43,2023.8,8043d7693dbaf145c601652e0b8947d55f399fd8,1346298
autoland,3869862,13,ffaba559b8f75178eed537731f258b1129b7fe97,linux1804-64-shippable-qr,True,False,,|c|o|l|d| |f|i|s|s|i|o|n| |w|e|b|r|e|n|d|e|r|,102210fe594ee9b33d82058545b1ed14f4c8206e,LastVisualChange,cnn,True,cnn LastVisualChange opt cold fission webrender,,77,ms,firefox,,1809959350,2023-12-11T21:32:13,2044.6,c2126b815d283d4d848e431071fa77e023b06eb2,1346462
autoland,3869862,13,ffaba559b8f75178eed537731f258b1129b7fe97,linux1804-64-shippable-qr,True,False,,|c|o|l|d| |f|i|s|s|i|o|n| |w|e|b|r|e|n|d|e|r|,102210fe594ee9b33d82058545b1ed14f4c8206e,LastVisualChange,cnn,True,cnn LastVisualChange opt cold fission webrender,,77,ms,firefox,,1810032566,2023-12-12T01:33:17,2030.6,6e08bc24f0ba8814dfda465963c22d139bf6e80b,1346620
autoland,3869862,13,ffaba559b8f75178eed537731f258b1129b7fe97,linux1804-64-shippable-qr,True,False,,|c|o|l|d| |f|i|s|s|i|o|n| |w|e|b|r|e|n|d|e|r|,102210fe594ee9b33d82058545b1ed14f4c8206e,LastVisualChange,cnn,True,cnn LastVisualChange opt cold fission webrender,,77,ms,firefox,,1810146097,2023-12-12T04:01:22,2041.4,55cd203304b8d5343dd941d772085dc25fd278c4,1346691
autoland,3869862,13,ffaba559b8f75178eed537731f258b1129b7fe97,linux1804-64-shippable-qr,True,False,,|c|o|l|d| |f|i|s|s|i|o|n| |w|e|b|r|e|n|d|e|r|,102210fe594ee9b33d82058545b1ed14f4c8206e,LastVisualChange,cnn,True,cnn LastVisualChange opt cold fission webrender,,77,ms,firefox,,1810224101,2023-12-12T08:08:04,2016.0,64c2a5cd2e5c12acc49f695acaca7fc074be00ef,1346735
autoland,3869862,13,ffaba559b8f75178eed537731f258b1129b7fe97,linux1804-64-shippable-qr,True,False,,|c|o|l|d| |f|i|s|s|i|o|n| |w|e|b|r|e|n|d|e|r|,102210fe594ee9b33d82058545b1ed14f4c8206e,LastVisualChange,cnn,True,cnn LastVisualChange opt cold fission webrender,,77,ms,firefox,,1810363681,2023-12-12T13:15:06,2030.5,378226435d1f217637869bc238a2bff9ae584e04,1346892
autoland,3869862,13,ffaba559b8f75178eed537731f258b1129b7fe97,linux1804-64-shippable-qr,True,False,,|c|o|l|d| |f|i|s|s|i|o|n| |w|e|b|r|e|n|d|e|r|,102210fe594ee9b33d82058545b1ed14f4c8206e,LastVisualChange,cnn,True,cnn LastVisualChange opt cold fission webrender,,77,ms,firefox,,1810369389,2023-12-12T13:20:17,2010.2,661e5ee3675f09044e67f461631530ae9bc19953,1346894
autoland,3869862,13,ffaba559b8f75178eed537731f258b1129b7fe97,linux1804-64-shippable-qr,True,False,,|c|o|l|d| |f|i|s|s|i|o|n| |w|e|b|r|e|n|d|e|r|,102210fe594ee9b33d82058545b1ed14f4c8206e,LastVisualChange,cnn,True,cnn LastVisualChange opt cold fission webrender,,77,ms,firefox,,1810550071,2023-12-12T17:56:51,2033.4,89856dfbbbb09660fd0b56d3d9ba6f60c823c81f,1347131
autoland,3869862,13,ffaba559b8f75178eed537731f258b1129b7fe97,linux1804-64-shippable-qr,True,False,,|c|o|l|d| |f|i|s|s|i|o|n| |w|e|b|r|e|n|d|e|r|,102210fe594ee9b33d82058545b1ed14f4c8206e,LastVisualChange,cnn,True,cnn LastVisualChange opt cold fission webrender,,77,ms,firefox,,1810589160,2023-12-12T18:39:48,2036.7,b7336e3f433e4055ba8a7fcb5c2f756e0e9b59ef,1347165
autoland,3869862,13,ffaba559b8f75178eed537731f258b1129b7fe97,linux1804-64-shippable-qr,True,False,,|c|o|l|d| |f|i|s|s|i|o|n| |w|e|b|r|e|n|d|e|r|,102210fe594ee9b33d82058545b1ed14f4c8206e,LastVisualChange,cnn,True,cnn LastVisualChange opt cold fission webrender,,77,ms,firefox,,1810611000,2023-12-12T20:06:07,2051.8,7272d706196d83e16ea8366481dce5127407ba4d,1347223
autoland,3869862,13,ffaba559b8f75178eed537731f258b1129b7fe97,linux1804-64-shippable-qr,True,False,,|c|o|l|d| |f|i|s|s|i|o|n| |w|e|b|r|e|n|d|e|r|,102210fe594ee9b33d82058545b1ed14f4c8206e,LastVisualChange,cnn,True,cnn LastVisualChange opt cold fission webrender,,77,ms,firefox,,1810732202,2023-12-13T00:40:28,2034.3,f823ab1d9a00b627089b75899e588823b584a9c4,1347426
autoland,3869862,13,ffaba559b8f75178eed537731f258b1129b7fe97,linux1804-64-shippable-qr,True,False,,|c|o|l|d| |f|i|s|s|i|o|n| |w|e|b|r|e|n|d|e|r|,102210fe594ee9b33d82058545b1ed14f4c8206e,LastVisualChange,cnn,True,cnn LastVisualChange opt cold fission webrender,,77,ms,firefox,,1810814608,2023-12-13T01:59:28,2032.6,c7169e7d15af250d7b1ffb91c072a4b2309457c1,1347482
autoland,3869862,13,ffaba559b8f75178eed537731f258b1129b7fe97,linux1804-64-shippable-qr,True,False,,|c|o|l|d| |f|i|s|s|i|o|n| |w|e|b|r|e|n|d|e|r|,102210fe594ee9b33d82058545b1ed14f4c8206e,LastVisualChange,cnn,True,cnn LastVisualChange opt cold fission webrender,,77,ms,firefox,,1810831288,2023-12-13T03:53:55,2036.2,de73ddb24c16e91d220095612fc21b6636e51f81,1347525
autoland,3869862,13,ffaba559b8f75178eed537731f258b1129b7fe97,linux1804-64-shippable-qr,True,False,,|c|o|l|d| |f|i|s|s|i|o|n| |w|e|b|r|e|n|d|e|r|,102210fe594ee9b33d82058545b1ed14f4c8206e,LastVisualChange,cnn,True,cnn LastVisualChange opt cold fission webrender,,77,ms,firefox,,1810885556,2023-12-13T08:08:28,2019.1,de61802013d3eabd67e8f7c4382ab95c650835ba,1347584
autoland,3869862,13,ffaba559b8f75178eed537731f258b1129b7fe97,linux1804-64-shippable-qr,True,False,,|c|o|l|d| |f|i|s|s|i|o|n| |w|e|b|r|e|n|d|e|r|,102210fe594ee9b33d82058545b1ed14f4c8206e,LastVisualChange,cnn,True,cnn LastVisualChange opt cold fission webrender,,77,ms,firefox,,1810963784,2023-12-13T10:08:23,2014.2,12f45306a093afef1d1ed86121d9fcd9e8c69e15,1347641
autoland,3869862,13,ffaba559b8f75178eed537731f258b1129b7fe97,linux1804-64-shippable-qr,True,False,,|c|o|l|d| |f|i|s|s|i|o|n| |w|e|b|r|e|n|d|e|r|,102210fe594ee9b33d82058545b1ed14f4c8206e,LastVisualChange,cnn,True,cnn LastVisualChange opt cold fission webrender,,77,ms,firefox,,1811430729,2023-12-13T11:56:46,2016.4,86021bfb36c3767a431a670a48505835ae7413cf,1347715
autoland,3869862,13,ffaba559b8f75178eed537731f258b1129b7fe97,linux1804-64-shippable-qr,True,False,,|c|o|l|d| |f|i|s|s|i|o|n| |w|e|b|r|e|n|d|e|r|,102210fe594ee9b33d82058545b1ed14f4c8206e,LastVisualChange,cnn,True,cnn LastVisualChange opt cold fission webrender,,77,ms,firefox,,1811446350,2023-12-13T11:58:25,2022.8,fd1dd6b4ce421a61e2258a1d2712f3193f997c0a,1347716
autoland,3869862,13,ffaba559b8f75178eed537731f258b1129b7fe97,linux1804-64-shippable-qr,True,False,,|c|o|l|d| |f|i|s|s|i|o|n| |w|e|b|r|e|n|d|e|r|,102210fe594ee9b33d82058545b1ed14f4c8206e,LastVisualChange,cnn,True,cnn LastVisualChange opt cold fission webrender,,77,ms,firefox,,1811044503,2023-12-13T13:51:07,2019.1,a54a846dda9a20948451fa14e9ebbd3bb19c826c,1347765
autoland,3869862,13,ffaba559b8f75178eed537731f258b1129b7fe97,linux1804-64-shippable-qr,True,False,,|c|o|l|d| |f|i|s|s|i|o|n| |w|e|b|r|e|n|d|e|r|,102210fe594ee9b33d82058545b1ed14f4c8206e,LastVisualChange,cnn,True,cnn LastVisualChange opt cold fission webrender,,77,ms,firefox,,1811124650,2023-12-13T17:42:49,2022.5,951b244454e1790b94e5fa8474efc7fb8c990e28,1347961
autoland,3869862,13,ffaba559b8f75178eed537731f258b1129b7fe97,linux1804-64-shippable-qr,True,False,,|c|o|l|d| |f|i|s|s|i|o|n| |w|e|b|r|e|n|d|e|r|,102210fe594ee9b33d82058545b1ed14f4c8206e,LastVisualChange,cnn,True,cnn LastVisualChange opt cold fission webrender,,77,ms,firefox,,1811423382,2023-12-13T19:13:20,2000.3,e9933f26f0f34b5bcd3500f5780efd5cce45b9f8,1348064
autoland,3869862,13,ffaba559b8f75178eed537731f258b1129b7fe97,linux1804-64-shippable-qr,True,False,,|c|o|l|d| |f|i|s|s|i|o|n| |w|e|b|r|e|n|d|e|r|,102210fe594ee9b33d82058545b1ed14f4c8206e,LastVisualChange,cnn,True,cnn LastVisualChange opt cold fission webrender,,77,ms,firefox,,1811429413,2023-12-13T19:30:00,2019.7,32d5edd3ad279bbcc378b59e2b3d2cc93a57737c,1348065
autoland,3869862,13,ffaba559b8f75178eed537731f258b1129b7fe97,linux1804-64-shippable-qr,True,False,,|c|o|l|d| |f|i|s|s|i|o|n| |w|e|b|r|e|n|d|e|r|,102210fe594ee9b33d82058545b1ed14f4c8206e,LastVisualChange,cnn,True,cnn LastVisualChange opt cold fission webrender,,77,ms,firefox,,1811252804,2023-12-13T20:42:40,1986.6,b89dc85aa7e47069b80251ce43d7d66c034a5b88,1348117
autoland,3869862,13,ffaba559b8f75178eed537731f258b1129b7fe97,linux1804-64-shippable-qr,True,False,,|c|o|l|d| |f|i|s|s|i|o|n| |w|e|b|r|e|n|d|e|r|,102210fe594ee9b33d82058545b1ed14f4c8206e,LastVisualChange,cnn,True,cnn LastVisualChange opt cold fission webrender,,77,ms,firefox,,1811383660,2023-12-14T01:23:55,2053.1,12888ec6533c4e6ec49c2d7081e67ac660129ab6,1348332
autoland,3869862,13,ffaba559b8f75178eed537731f258b1129b7fe97,linux1804-64-shippable-qr,True,False,,|c|o|l|d| |f|i|s|s|i|o|n| |w|e|b|r|e|n|d|e|r|,102210fe594ee9b33d82058545b1ed14f4c8206e,LastVisualChange,cnn,True,cnn LastVisualChange opt cold fission webrender,,77,ms,firefox,,1811482375,2023-12-14T06:57:49,2015.8,3af75f3310fc53f70cba7e6c5a7e7bec2d3381dc,1348404
autoland,3869862,13,ffaba559b8f75178eed537731f258b1129b7fe97,linux1804-64-shippable-qr,True,False,,|c|o|l|d| |f|i|s|s|i|o|n| |w|e|b|r|e|n|d|e|r|,102210fe594ee9b33d82058545b1ed14f4c8206e,LastVisualChange,cnn,True,cnn LastVisualChange opt cold fission webrender,,77,ms,firefox,,1811566363,2023-12-14T09:15:58,2041.6,1c0fd259312d4631a0d1a7e0ea0560cff577beba,1348457
autoland,3869862,13,ffaba559b8f75178eed537731f258b1129b7fe97,linux1804-64-shippable-qr,True,False,,|c|o|l|d| |f|i|s|s|i|o|n| |w|e|b|r|e|n|d|e|r|,102210fe594ee9b33d82058545b1ed14f4c8206e,LastVisualChange,cnn,True,cnn LastVisualChange opt cold fission webrender,,77,ms,firefox,,1811731106,2023-12-14T13:22:59,2020.5,31a1108bee2768e6f329db2b083b5066b2c83def,1348529
autoland,3869862,13,ffaba559b8f75178eed537731f258b1129b7fe97,linux1804-64-shippable-qr,True,False,,|c|o|l|d| |f|i|s|s|i|o|n| |w|e|b|r|e|n|d|e|r|,102210fe594ee9b33d82058545b1ed14f4c8206e,LastVisualChange,cnn,True,cnn LastVisualChange opt cold fission webrender,,77,ms,firefox,,1811828857,2023-12-14T15:25:58,2032.6,44c4e62a38e1a18cd9c3cdc37be672c5b2eccb06,1348605
autoland,3869862,13,ffaba559b8f75178eed537731f258b1129b7fe97,linux1804-64-shippable-qr,True,False,,|c|o|l|d| |f|i|s|s|i|o|n| |w|e|b|r|e|n|d|e|r|,102210fe594ee9b33d82058545b1ed14f4c8206e,LastVisualChange,cnn,True,cnn LastVisualChange opt cold fission webrender,,77,ms,firefox,,1812355499,2023-12-14T19:23:56,2298.0,78c7be7943b18dd539b6178da71c8c4a66089305,1348840
autoland,3869862,13,ffaba559b8f75178eed537731f258b1129b7fe97,linux1804-64-shippable-qr,True,False,,|c|o|l|d| |f|i|s|s|i|o|n| |w|e|b|r|e|n|d|e|r|,102210fe594ee9b33d82058545b1ed14f4c8206e,LastVisualChange,cnn,True,cnn LastVisualChange opt cold fission webrender,,77,ms,firefox,,1812050051,2023-12-14T19:45:40,2038.8,5b5faa47b870a45949438e5959b9ef04204a9bac,1348855
autoland,3869862,13,ffaba559b8f75178eed537731f258b1129b7fe97,linux1804-64-shippable-qr,True,False,,|c|o|l|d| |f|i|s|s|i|o|n| |w|e|b|r|e|n|d|e|r|,102210fe594ee9b33d82058545b1ed14f4c8206e,LastVisualChange,cnn,True,cnn LastVisualChange opt cold fission webrender,,77,ms,firefox,,1812156484,2023-12-14T21:45:13,2037.1,04ae3a53d7df39b7ef7380e872889038951a9e63,1348957
autoland,3869862,13,ffaba559b8f75178eed537731f258b1129b7fe97,linux1804-64-shippable-qr,True,False,,|c|o|l|d| |f|i|s|s|i|o|n| |w|e|b|r|e|n|d|e|r|,102210fe594ee9b33d82058545b1ed14f4c8206e,LastVisualChange,cnn,True,cnn LastVisualChange opt cold fission webrender,,77,ms,firefox,,1812290824,2023-12-15T01:58:19,2027.6,efffe49c7c1c0f6b54d9f752224880e07e588f36,1349130
autoland,3869862,13,ffaba559b8f75178eed537731f258b1129b7fe97,linux1804-64-shippable-qr,True,False,,|c|o|l|d| |f|i|s|s|i|o|n| |w|e|b|r|e|n|d|e|r|,102210fe594ee9b33d82058545b1ed14f4c8206e,LastVisualChange,cnn,True,cnn LastVisualChange opt cold fission webrender,,77,ms,firefox,,1812480697,2023-12-15T11:00:39,2051.4,d3a29d02b3dd8d8cfbfff6fcad00d94226e102e8,1349239
autoland,3869862,13,ffaba559b8f75178eed537731f258b1129b7fe97,linux1804-64-shippable-qr,True,False,,|c|o|l|d| |f|i|s|s|i|o|n| |w|e|b|r|e|n|d|e|r|,102210fe594ee9b33d82058545b1ed14f4c8206e,LastVisualChange,cnn,True,cnn LastVisualChange opt cold fission webrender,,77,ms,firefox,,1813068206,2023-12-15T11:33:40,2011.3,1b43e68405d00eda15832b113572cef3c3f91d0b,1349256
autoland,3869862,13,ffaba559b8f75178eed537731f258b1129b7fe97,linux1804-64-shippable-qr,True,False,,|c|o|l|d| |f|i|s|s|i|o|n| |w|e|b|r|e|n|d|e|r|,102210fe594ee9b33d82058545b1ed14f4c8206e,LastVisualChange,cnn,True,cnn LastVisualChange opt cold fission webrender,,77,ms,firefox,,1813085658,2023-12-15T13:11:42,2023.3,52110e0439924fde2539fa4e09821a9381655c91,1349281
autoland,3869862,13,ffaba559b8f75178eed537731f258b1129b7fe97,linux1804-64-shippable-qr,True,False,,|c|o|l|d| |f|i|s|s|i|o|n| |w|e|b|r|e|n|d|e|r|,102210fe594ee9b33d82058545b1ed14f4c8206e,LastVisualChange,cnn,True,cnn LastVisualChange opt cold fission webrender,,77,ms,firefox,,1812595811,2023-12-15T15:09:59,2168.9,8fd04cb03fbd84435d9834d1de340c2f64e013bb,1349331
autoland,3869862,13,ffaba559b8f75178eed537731f258b1129b7fe97,linux1804-64-shippable-qr,True,False,,|c|o|l|d| |f|i|s|s|i|o|n| |w|e|b|r|e|n|d|e|r|,102210fe594ee9b33d82058545b1ed14f4c8206e,LastVisualChange,cnn,True,cnn LastVisualChange opt cold fission webrender,,77,ms,firefox,,1812831799,2023-12-15T20:18:56,2005.5,8f1a041ed5a88918a5fe585c89ffabd9450bc0ef,1349528
autoland,3869862,13,ffaba559b8f75178eed537731f258b1129b7fe97,linux1804-64-shippable-qr,True,False,,|c|o|l|d| |f|i|s|s|i|o|n| |w|e|b|r|e|n|d|e|r|,102210fe594ee9b33d82058545b1ed14f4c8206e,LastVisualChange,cnn,True,cnn LastVisualChange opt cold fission webrender,,77,ms,firefox,,1813090058,2023-12-15T21:55:29,2028.5,44e8ffbec880bf30f09db0da6825bbe4fc3e1352,1349589
autoland,3869862,13,ffaba559b8f75178eed537731f258b1129b7fe97,linux1804-64-shippable-qr,True,False,,|c|o|l|d| |f|i|s|s|i|o|n| |w|e|b|r|e|n|d|e|r|,102210fe594ee9b33d82058545b1ed14f4c8206e,LastVisualChange,cnn,True,cnn LastVisualChange opt cold fission webrender,,77,ms,firefox,,1813024202,2023-12-15T22:23:20,2015.9,cb0fb07166b17b6a9b02be0ce0b759a8ee337c3d,1349599
autoland,3869862,13,ffaba559b8f75178eed537731f258b1129b7fe97,linux1804-64-shippable-qr,True,False,,|c|o|l|d| |f|i|s|s|i|o|n| |w|e|b|r|e|n|d|e|r|,102210fe594ee9b33d82058545b1ed14f4c8206e,LastVisualChange,cnn,True,cnn LastVisualChange opt cold fission webrender,,77,ms,firefox,,1812998649,2023-12-16T02:28:17,2012.5,33b0a0fecfd912ef3f540060b5e13f54db31d5cd,1349675
autoland,3869862,13,ffaba559b8f75178eed537731f258b1129b7fe97,linux1804-64-shippable-qr,True,False,,|c|o|l|d| |f|i|s|s|i|o|n| |w|e|b|r|e|n|d|e|r|,102210fe594ee9b33d82058545b1ed14f4c8206e,LastVisualChange,cnn,True,cnn LastVisualChange opt cold fission webrender,,77,ms,firefox,,1813168609,2023-12-16T14:03:11,2024.4,6d6d4867b0f48dce26d871d94c5f74f5a8ac6aaf,1349726
autoland,3869862,13,ffaba559b8f75178eed537731f258b1129b7fe97,linux1804-64-shippable-qr,True,False,,|c|o|l|d| |f|i|s|s|i|o|n| |w|e|b|r|e|n|d|e|r|,102210fe594ee9b33d82058545b1ed14f4c8206e,LastVisualChange,cnn,True,cnn LastVisualChange opt cold fission webrender,,77,ms,firefox,,1813336557,2023-12-17T06:27:55,2044.4,2d19e1f44e562ba1bb3be1f4b8f95b9884d9b07d,1349827
autoland,3869862,13,ffaba559b8f75178eed537731f258b1129b7fe97,linux1804-64-shippable-qr,True,False,,|c|o|l|d| |f|i|s|s|i|o|n| |w|e|b|r|e|n|d|e|r|,102210fe594ee9b33d82058545b1ed14f4c8206e,LastVisualChange,cnn,True,cnn LastVisualChange opt cold fission webrender,,77,ms,firefox,,1813437243,2023-12-17T14:26:46,2020.5,ab5e2f241728caa5dc020e829b1045df55247758,1349862
autoland,3869862,13,ffaba559b8f75178eed537731f258b1129b7fe97,linux1804-64-shippable-qr,True,False,,|c|o|l|d| |f|i|s|s|i|o|n| |w|e|b|r|e|n|d|e|r|,102210fe594ee9b33d82058545b1ed14f4c8206e,LastVisualChange,cnn,True,cnn LastVisualChange opt cold fission webrender,,77,ms,firefox,,1813531090,2023-12-18T01:43:16,2030.7,b46057158b0694677a8174089de1cb8929d3116b,1349993
autoland,3869862,13,ffaba559b8f75178eed537731f258b1129b7fe97,linux1804-64-shippable-qr,True,False,,|c|o|l|d| |f|i|s|s|i|o|n| |w|e|b|r|e|n|d|e|r|,102210fe594ee9b33d82058545b1ed14f4c8206e,LastVisualChange,cnn,True,cnn LastVisualChange opt cold fission webrender,,77,ms,firefox,,1813567802,2023-12-18T05:48:57,2033.0,1d2ed0b2947385e77bd609220eb0e453b44d4cb3,1350028
autoland,3869862,13,ffaba559b8f75178eed537731f258b1129b7fe97,linux1804-64-shippable-qr,True,False,,|c|o|l|d| |f|i|s|s|i|o|n| |w|e|b|r|e|n|d|e|r|,102210fe594ee9b33d82058545b1ed14f4c8206e,LastVisualChange,cnn,True,cnn LastVisualChange opt cold fission webrender,,77,ms,firefox,,1813659699,2023-12-18T10:08:52,1666.3,1f7904968650806af8d68bbc64a717bac22df318,1350088
autoland,3869862,13,ffaba559b8f75178eed537731f258b1129b7fe97,linux1804-64-shippable-qr,True,False,,|c|o|l|d| |f|i|s|s|i|o|n| |w|e|b|r|e|n|d|e|r|,102210fe594ee9b33d82058545b1ed14f4c8206e,LastVisualChange,cnn,True,cnn LastVisualChange opt cold fission webrender,,77,ms,firefox,,1813687652,2023-12-18T10:23:12,2016.9,ba2e5b5e061b5024cc487a16c7e553de9e5e8a2d,1350096
autoland,3869862,13,ffaba559b8f75178eed537731f258b1129b7fe97,linux1804-64-shippable-qr,True,False,,|c|o|l|d| |f|i|s|s|i|o|n| |w|e|b|r|e|n|d|e|r|,102210fe594ee9b33d82058545b1ed14f4c8206e,LastVisualChange,cnn,True,cnn LastVisualChange opt cold fission webrender,,77,ms,firefox,,1813841208,2023-12-18T14:56:17,2049.3,8942476b2dcd0a89abfb3183ea577d611785e77e,1350212
autoland,3869862,13,ffaba559b8f75178eed537731f258b1129b7fe97,linux1804-64-shippable-qr,True,False,,|c|o|l|d| |f|i|s|s|i|o|n| |w|e|b|r|e|n|d|e|r|,102210fe594ee9b33d82058545b1ed14f4c8206e,LastVisualChange,cnn,True,cnn LastVisualChange opt cold fission webrender,,77,ms,firefox,,1813820247,2023-12-18T15:53:23,2036.5,e409a860d27d9dbd962eb6568c1700e2aa2716aa,1350255
autoland,3869862,13,ffaba559b8f75178eed537731f258b1129b7fe97,linux1804-64-shippable-qr,True,False,,|c|o|l|d| |f|i|s|s|i|o|n| |w|e|b|r|e|n|d|e|r|,102210fe594ee9b33d82058545b1ed14f4c8206e,LastVisualChange,cnn,True,cnn LastVisualChange opt cold fission webrender,,77,ms,firefox,,1813918076,2023-12-18T18:13:05,2023.4,c909d207f316bf0512f63f8262872083353a6ef5,1350369
autoland,3869862,13,ffaba559b8f75178eed537731f258b1129b7fe97,linux1804-64-shippable-qr,True,False,,|c|o|l|d| |f|i|s|s|i|o|n| |w|e|b|r|e|n|d|e|r|,102210fe594ee9b33d82058545b1ed14f4c8206e,LastVisualChange,cnn,True,cnn LastVisualChange opt cold fission webrender,,77,ms,firefox,,1814007803,2023-12-18T20:47:25,2034.7,593e78a41c38b062baab03b6280366f86d0d233c,1350523
autoland,3869862,13,ffaba559b8f75178eed537731f258b1129b7fe97,linux1804-64-shippable-qr,True,False,,|c|o|l|d| |f|i|s|s|i|o|n| |w|e|b|r|e|n|d|e|r|,102210fe594ee9b33d82058545b1ed14f4c8206e,LastVisualChange,cnn,True,cnn LastVisualChange opt cold fission webrender,,77,ms,firefox,,1814088315,2023-12-19T00:56:17,2011.1,4bc62630a431fca569dfb1add5eee214dcdd091c,1350695
autoland,3869862,13,ffaba559b8f75178eed537731f258b1129b7fe97,linux1804-64-shippable-qr,True,False,,|c|o|l|d| |f|i|s|s|i|o|n| |w|e|b|r|e|n|d|e|r|,102210fe594ee9b33d82058545b1ed14f4c8206e,LastVisualChange,cnn,True,cnn LastVisualChange opt cold fission webrender,,77,ms,firefox,,1814108934,2023-12-19T02:00:57,2001.3,7e32f178b02fef938f803492c4bfd6d897ffcb21,1350710
autoland,3869862,13,ffaba559b8f75178eed537731f258b1129b7fe97,linux1804-64-shippable-qr,True,False,,|c|o|l|d| |f|i|s|s|i|o|n| |w|e|b|r|e|n|d|e|r|,102210fe594ee9b33d82058545b1ed14f4c8206e,LastVisualChange,cnn,True,cnn LastVisualChange opt cold fission webrender,,77,ms,firefox,,1814196023,2023-12-19T06:19:40,2019.9,05b607c3bbe6ca02e9133ecb969e033fd3d7959e,1350758
autoland,3869862,13,ffaba559b8f75178eed537731f258b1129b7fe97,linux1804-64-shippable-qr,True,False,,|c|o|l|d| |f|i|s|s|i|o|n| |w|e|b|r|e|n|d|e|r|,102210fe594ee9b33d82058545b1ed14f4c8206e,LastVisualChange,cnn,True,cnn LastVisualChange opt cold fission webrender,,77,ms,firefox,,1814292393,2023-12-19T10:31:52,2053.8,8efb8cc3558006677c6d18fcf41c3445498e257c,1350823
autoland,3869862,13,ffaba559b8f75178eed537731f258b1129b7fe97,linux1804-64-shippable-qr,True,False,,|c|o|l|d| |f|i|s|s|i|o|n| |w|e|b|r|e|n|d|e|r|,102210fe594ee9b33d82058545b1ed14f4c8206e,LastVisualChange,cnn,True,cnn LastVisualChange opt cold fission webrender,,77,ms,firefox,,1814355999,2023-12-19T10:59:27,2044.2,e382d15d709c00d2fc941c2d6e9344b826246c27,1350835
autoland,3869862,13,ffaba559b8f75178eed537731f258b1129b7fe97,linux1804-64-shippable-qr,True,False,,|c|o|l|d| |f|i|s|s|i|o|n| |w|e|b|r|e|n|d|e|r|,102210fe594ee9b33d82058545b1ed14f4c8206e,LastVisualChange,cnn,True,cnn LastVisualChange opt cold fission webrender,,77,ms,firefox,,1814926961,2023-12-19T13:19:02,2000.7,be64555d77f881872b0f03c41f3ab33631d3ac01,1350903
autoland,3869862,13,ffaba559b8f75178eed537731f258b1129b7fe97,linux1804-64-shippable-qr,True,False,,|c|o|l|d| |f|i|s|s|i|o|n| |w|e|b|r|e|n|d|e|r|,102210fe594ee9b33d82058545b1ed14f4c8206e,LastVisualChange,cnn,True,cnn LastVisualChange opt cold fission webrender,,77,ms,firefox,,1814937696,2023-12-19T13:50:50,2046.7,b6f6bcaf2283fe3a010ced1fe192f3a3f164b583,1350921
autoland,3869862,13,ffaba559b8f75178eed537731f258b1129b7fe97,linux1804-64-shippable-qr,True,False,,|c|o|l|d| |f|i|s|s|i|o|n| |w|e|b|r|e|n|d|e|r|,102210fe594ee9b33d82058545b1ed14f4c8206e,LastVisualChange,cnn,True,cnn LastVisualChange opt cold fission webrender,,77,ms,firefox,,1814946481,2023-12-19T13:51:47,2012.9,3e5f50c1f3ddf4e4cdc9218c20a6fda61fb8072f,1350923
autoland,3869862,13,ffaba559b8f75178eed537731f258b1129b7fe97,linux1804-64-shippable-qr,True,False,,|c|o|l|d| |f|i|s|s|i|o|n| |w|e|b|r|e|n|d|e|r|,102210fe594ee9b33d82058545b1ed14f4c8206e,LastVisualChange,cnn,True,cnn LastVisualChange opt cold fission webrender,,77,ms,firefox,,1814459221,2023-12-19T15:05:00,2034.9,58a9c7e82a58e7e951a669f0634901963c5ed696,1350969
autoland,3869862,13,ffaba559b8f75178eed537731f258b1129b7fe97,linux1804-64-shippable-qr,True,False,,|c|o|l|d| |f|i|s|s|i|o|n| |w|e|b|r|e|n|d|e|r|,102210fe594ee9b33d82058545b1ed14f4c8206e,LastVisualChange,cnn,True,cnn LastVisualChange opt cold fission webrender,,77,ms,firefox,,1814505983,2023-12-19T15:55:04,2048.6,ffd610f5a3bc262042d0839f354a1cf0cc9d5dff,1351025
autoland,3869862,13,ffaba559b8f75178eed537731f258b1129b7fe97,linux1804-64-shippable-qr,True,False,,|c|o|l|d| |f|i|s|s|i|o|n| |w|e|b|r|e|n|d|e|r|,102210fe594ee9b33d82058545b1ed14f4c8206e,LastVisualChange,cnn,True,cnn LastVisualChange opt cold fission webrender,,77,ms,firefox,,1814663007,2023-12-19T20:21:31,2011.7,b50326daf412a23a363c8ca18b03b1dcede121ff,1351238
autoland,3869862,13,ffaba559b8f75178eed537731f258b1129b7fe97,linux1804-64-shippable-qr,True,False,,|c|o|l|d| |f|i|s|s|i|o|n| |w|e|b|r|e|n|d|e|r|,102210fe594ee9b33d82058545b1ed14f4c8206e,LastVisualChange,cnn,True,cnn LastVisualChange opt cold fission webrender,,77,ms,firefox,,1814683544,2023-12-19T21:18:40,2020.3,31eaa2b1cf1b61e0b8868c53cf6bdbfc14805942,1351276
autoland,3869862,13,ffaba559b8f75178eed537731f258b1129b7fe97,linux1804-64-shippable-qr,True,False,,|c|o|l|d| |f|i|s|s|i|o|n| |w|e|b|r|e|n|d|e|r|,102210fe594ee9b33d82058545b1ed14f4c8206e,LastVisualChange,cnn,True,cnn LastVisualChange opt cold fission webrender,,77,ms,firefox,,1814842937,2023-12-20T02:06:01,2040.1,9ac6d461916454c17cd8c7dfc7f73401ef3da12a,1351432
autoland,3869862,13,ffaba559b8f75178eed537731f258b1129b7fe97,linux1804-64-shippable-qr,True,False,,|c|o|l|d| |f|i|s|s|i|o|n| |w|e|b|r|e|n|d|e|r|,102210fe594ee9b33d82058545b1ed14f4c8206e,LastVisualChange,cnn,True,cnn LastVisualChange opt cold fission webrender,,77,ms,firefox,,1814916388,2023-12-20T04:26:18,2056.9,e3bf6261f6fc31e78c716c97399a60f6f575ebcd,1351473
autoland,3869862,13,ffaba559b8f75178eed537731f258b1129b7fe97,linux1804-64-shippable-qr,True,False,,|c|o|l|d| |f|i|s|s|i|o|n| |w|e|b|r|e|n|d|e|r|,102210fe594ee9b33d82058545b1ed14f4c8206e,LastVisualChange,cnn,True,cnn LastVisualChange opt cold fission webrender,,77,ms,firefox,,1815066706,2023-12-20T09:15:46,2017.3,4d6eabdc6228d414c7043c4fabdddfd95a3afb0e,1351517
autoland,3869862,13,ffaba559b8f75178eed537731f258b1129b7fe97,linux1804-64-shippable-qr,True,False,,|c|o|l|d| |f|i|s|s|i|o|n| |w|e|b|r|e|n|d|e|r|,102210fe594ee9b33d82058545b1ed14f4c8206e,LastVisualChange,cnn,True,cnn LastVisualChange opt cold fission webrender,,77,ms,firefox,,1815165823,2023-12-20T13:10:00,2033.8,97f2e0f6b821072bc498a3bc7921831eb6d10d38,1351639
autoland,3869862,13,ffaba559b8f75178eed537731f258b1129b7fe97,linux1804-64-shippable-qr,True,False,,|c|o|l|d| |f|i|s|s|i|o|n| |w|e|b|r|e|n|d|e|r|,102210fe594ee9b33d82058545b1ed14f4c8206e,LastVisualChange,cnn,True,cnn LastVisualChange opt cold fission webrender,,77,ms,firefox,,1815323229,2023-12-20T17:43:19,2023.1,c12f6936509f05b3caad77d4cb4b783a38761897,1351821
autoland,3869862,13,ffaba559b8f75178eed537731f258b1129b7fe97,linux1804-64-shippable-qr,True,False,,|c|o|l|d| |f|i|s|s|i|o|n| |w|e|b|r|e|n|d|e|r|,102210fe594ee9b33d82058545b1ed14f4c8206e,LastVisualChange,cnn,True,cnn LastVisualChange opt cold fission webrender,,77,ms,firefox,,1815478573,2023-12-20T21:55:32,2039.4,aa4d4fecaf969d49a7ecf2568e3dda25cd2a7f1d,1352017
autoland,3869862,13,ffaba559b8f75178eed537731f258b1129b7fe97,linux1804-64-shippable-qr,True,False,,|c|o|l|d| |f|i|s|s|i|o|n| |w|e|b|r|e|n|d|e|r|,102210fe594ee9b33d82058545b1ed14f4c8206e,LastVisualChange,cnn,True,cnn LastVisualChange opt cold fission webrender,,77,ms,firefox,,1815431040,2023-12-20T21:58:53,2023.7,dfc7e32798343d88b72708bf68fc966d1e088330,1352020
autoland,3869862,13,ffaba559b8f75178eed537731f258b1129b7fe97,linux1804-64-shippable-qr,True,False,,|c|o|l|d| |f|i|s|s|i|o|n| |w|e|b|r|e|n|d|e|r|,102210fe594ee9b33d82058545b1ed14f4c8206e,LastVisualChange,cnn,True,cnn LastVisualChange opt cold fission webrender,,77,ms,firefox,,1815584593,2023-12-21T03:06:09,2026.4,37657c7691664026e54babf7d1cf608fe58a92fb,1352135
autoland,3869862,13,ffaba559b8f75178eed537731f258b1129b7fe97,linux1804-64-shippable-qr,True,False,,|c|o|l|d| |f|i|s|s|i|o|n| |w|e|b|r|e|n|d|e|r|,102210fe594ee9b33d82058545b1ed14f4c8206e,LastVisualChange,cnn,True,cnn LastVisualChange opt cold fission webrender,,77,ms,firefox,,1815663831,2023-12-21T06:56:11,2013.8,2339ef37f5863c45acf6280581ec0994b40f11d5,1352164
autoland,3869862,13,ffaba559b8f75178eed537731f258b1129b7fe97,linux1804-64-shippable-qr,True,False,,|c|o|l|d| |f|i|s|s|i|o|n| |w|e|b|r|e|n|d|e|r|,102210fe594ee9b33d82058545b1ed14f4c8206e,LastVisualChange,cnn,True,cnn LastVisualChange opt cold fission webrender,,77,ms,firefox,,1815788314,2023-12-21T11:39:11,2042.1,5e551f2bacc3d6a8294dcb0273e8299cf7a17e2d,1352265
autoland,3869862,13,ffaba559b8f75178eed537731f258b1129b7fe97,linux1804-64-shippable-qr,True,False,,|c|o|l|d| |f|i|s|s|i|o|n| |w|e|b|r|e|n|d|e|r|,102210fe594ee9b33d82058545b1ed14f4c8206e,LastVisualChange,cnn,True,cnn LastVisualChange opt cold fission webrender,,77,ms,firefox,,1815822198,2023-12-21T13:05:54,2030.3,8b474eeffbe09d0e5e30675fa595293863b0db34,1352315
autoland,3869862,13,ffaba559b8f75178eed537731f258b1129b7fe97,linux1804-64-shippable-qr,True,False,,|c|o|l|d| |f|i|s|s|i|o|n| |w|e|b|r|e|n|d|e|r|,102210fe594ee9b33d82058545b1ed14f4c8206e,LastVisualChange,cnn,True,cnn LastVisualChange opt cold fission webrender,,77,ms,firefox,,1816018882,2023-12-21T18:00:27,2026.5,e685307ecb90f0e91ef9f3781b3614b7308384b9,1352454
autoland,3869862,13,ffaba559b8f75178eed537731f258b1129b7fe97,linux1804-64-shippable-qr,True,False,,|c|o|l|d| |f|i|s|s|i|o|n| |w|e|b|r|e|n|d|e|r|,102210fe594ee9b33d82058545b1ed14f4c8206e,LastVisualChange,cnn,True,cnn LastVisualChange opt cold fission webrender,,77,ms,firefox,,1816030926,2023-12-21T18:17:05,2014.8,14c89fd054c7ac54bac01a4fcb619d5dff3cc6ef,1352468
autoland,3869862,13,ffaba559b8f75178eed537731f258b1129b7fe97,linux1804-64-shippable-qr,True,False,,|c|o|l|d| |f|i|s|s|i|o|n| |w|e|b|r|e|n|d|e|r|,102210fe594ee9b33d82058545b1ed14f4c8206e,LastVisualChange,cnn,True,cnn LastVisualChange opt cold fission webrender,,77,ms,firefox,,1816137336,2023-12-21T22:08:07,1981.6,e20257bfa3ef6e394b6669c19aa1a165ee73fefa,1352650
autoland,3869862,13,ffaba559b8f75178eed537731f258b1129b7fe97,linux1804-64-shippable-qr,True,False,,|c|o|l|d| |f|i|s|s|i|o|n| |w|e|b|r|e|n|d|e|r|,102210fe594ee9b33d82058545b1ed14f4c8206e,LastVisualChange,cnn,True,cnn LastVisualChange opt cold fission webrender,,77,ms,firefox,,1816252973,2023-12-22T08:16:59,2016.3,6814c9419790a8ee7c93cac282a82a11d93d16ba,1352807
autoland,3869862,13,ffaba559b8f75178eed537731f258b1129b7fe97,linux1804-64-shippable-qr,True,False,,|c|o|l|d| |f|i|s|s|i|o|n| |w|e|b|r|e|n|d|e|r|,102210fe594ee9b33d82058545b1ed14f4c8206e,LastVisualChange,cnn,True,cnn LastVisualChange opt cold fission webrender,,77,ms,firefox,,1816350057,2023-12-22T13:33:45,2026.0,3189af86c93aef59c4fc9363b40f92eb4ef0358f,1352859
autoland,3869862,13,ffaba559b8f75178eed537731f258b1129b7fe97,linux1804-64-shippable-qr,True,False,,|c|o|l|d| |f|i|s|s|i|o|n| |w|e|b|r|e|n|d|e|r|,102210fe594ee9b33d82058545b1ed14f4c8206e,LastVisualChange,cnn,True,cnn LastVisualChange opt cold fission webrender,,77,ms,firefox,,1816374201,2023-12-22T13:41:08,2003.7,8cd1fc9da2b45034679cc880c08d91e84d8e9516,1352862
autoland,3869862,13,ffaba559b8f75178eed537731f258b1129b7fe97,linux1804-64-shippable-qr,True,False,,|c|o|l|d| |f|i|s|s|i|o|n| |w|e|b|r|e|n|d|e|r|,102210fe594ee9b33d82058545b1ed14f4c8206e,LastVisualChange,cnn,True,cnn LastVisualChange opt cold fission webrender,,77,ms,firefox,,1816498748,2023-12-22T19:27:05,2046.9,ac9f813bbc0f39b5e52be4229972795f2ca6309b,1353028
autoland,3869862,13,ffaba559b8f75178eed537731f258b1129b7fe97,linux1804-64-shippable-qr,True,False,,|c|o|l|d| |f|i|s|s|i|o|n| |w|e|b|r|e|n|d|e|r|,102210fe594ee9b33d82058545b1ed14f4c8206e,LastVisualChange,cnn,True,cnn LastVisualChange opt cold fission webrender,,77,ms,firefox,,1816592971,2023-12-23T00:08:27,2040.4,58581f618255e51b846d0792b6abc3e5c2c67d51,1353154
autoland,3869862,13,ffaba559b8f75178eed537731f258b1129b7fe97,linux1804-64-shippable-qr,True,False,,|c|o|l|d| |f|i|s|s|i|o|n| |w|e|b|r|e|n|d|e|r|,102210fe594ee9b33d82058545b1ed14f4c8206e,LastVisualChange,cnn,True,cnn LastVisualChange opt cold fission webrender,,77,ms,firefox,,1816641530,2023-12-23T05:47:03,2016.9,8b92fb4e3f41d856629818bd2ecfc25bed23a643,1353193
autoland,3869862,13,ffaba559b8f75178eed537731f258b1129b7fe97,linux1804-64-shippable-qr,True,False,,|c|o|l|d| |f|i|s|s|i|o|n| |w|e|b|r|e|n|d|e|r|,102210fe594ee9b33d82058545b1ed14f4c8206e,LastVisualChange,cnn,True,cnn LastVisualChange opt cold fission webrender,,77,ms,firefox,,1816674023,2023-12-23T08:44:57,2019.1,6f7de1b98becd7269380a213d3eff367b81efe72,1353213
autoland,3869862,13,ffaba559b8f75178eed537731f258b1129b7fe97,linux1804-64-shippable-qr,True,False,,|c|o|l|d| |f|i|s|s|i|o|n| |w|e|b|r|e|n|d|e|r|,102210fe594ee9b33d82058545b1ed14f4c8206e,LastVisualChange,cnn,True,cnn LastVisualChange opt cold fission webrender,,77,ms,firefox,,1816766421,2023-12-23T15:53:06,2001.9,e6f85355d2f352d6bc64a11372bc8efc1ced07b8,1353251
autoland,3869862,13,ffaba559b8f75178eed537731f258b1129b7fe97,linux1804-64-shippable-qr,True,False,,|c|o|l|d| |f|i|s|s|i|o|n| |w|e|b|r|e|n|d|e|r|,102210fe594ee9b33d82058545b1ed14f4c8206e,LastVisualChange,cnn,True,cnn LastVisualChange opt cold fission webrender,,77,ms,firefox,,1816838385,2023-12-24T06:04:04,2016.6,0f896a4a54629904c55cc5e18aa1f6e387c9a697,1353282
autoland,3869862,13,ffaba559b8f75178eed537731f258b1129b7fe97,linux1804-64-shippable-qr,True,False,,|c|o|l|d| |f|i|s|s|i|o|n| |w|e|b|r|e|n|d|e|r|,102210fe594ee9b33d82058545b1ed14f4c8206e,LastVisualChange,cnn,True,cnn LastVisualChange opt cold fission webrender,,77,ms,firefox,,1816920732,2023-12-24T13:46:59,2022.5,a15215077df33152e936203ec411ea07343a3f36,1353302
autoland,3869862,13,ffaba559b8f75178eed537731f258b1129b7fe97,linux1804-64-shippable-qr,True,False,,|c|o|l|d| |f|i|s|s|i|o|n| |w|e|b|r|e|n|d|e|r|,102210fe594ee9b33d82058545b1ed14f4c8206e,LastVisualChange,cnn,True,cnn LastVisualChange opt cold fission webrender,,77,ms,firefox,,1816969052,2023-12-24T18:13:48,1995.5,65471d13c8aaa5b3c5aa872ca12360b7f26ad6e0,1353317
autoland,3869862,13,ffaba559b8f75178eed537731f258b1129b7fe97,linux1804-64-shippable-qr,True,False,,|c|o|l|d| |f|i|s|s|i|o|n| |w|e|b|r|e|n|d|e|r|,102210fe594ee9b33d82058545b1ed14f4c8206e,LastVisualChange,cnn,True,cnn LastVisualChange opt cold fission webrender,,77,ms,firefox,,1817037852,2023-12-25T01:21:58,2017.1,29784c387017c900dc842f070d5cd88464dfc494,1353335
autoland,3869862,13,ffaba559b8f75178eed537731f258b1129b7fe97,linux1804-64-shippable-qr,True,False,,|c|o|l|d| |f|i|s|s|i|o|n| |w|e|b|r|e|n|d|e|r|,102210fe594ee9b33d82058545b1ed14f4c8206e,LastVisualChange,cnn,True,cnn LastVisualChange opt cold fission webrender,,77,ms,firefox,,1817079365,2023-12-25T05:53:22,2034.7,f69f493b2f3cde5ef4b46b9675cfd4708287666e,1353343
autoland,3869862,13,ffaba559b8f75178eed537731f258b1129b7fe97,linux1804-64-shippable-qr,True,False,,|c|o|l|d| |f|i|s|s|i|o|n| |w|e|b|r|e|n|d|e|r|,102210fe594ee9b33d82058545b1ed14f4c8206e,LastVisualChange,cnn,True,cnn LastVisualChange opt cold fission webrender,,77,ms,firefox,,1817169300,2023-12-25T12:57:04,1989.2,b9600c5aa59e300200656691d1f1997593caafbd,1353372
autoland,3869862,13,ffaba559b8f75178eed537731f258b1129b7fe97,linux1804-64-shippable-qr,True,False,,|c|o|l|d| |f|i|s|s|i|o|n| |w|e|b|r|e|n|d|e|r|,102210fe594ee9b33d82058545b1ed14f4c8206e,LastVisualChange,cnn,True,cnn LastVisualChange opt cold fission webrender,,77,ms,firefox,,1817194311,2023-12-25T17:10:06,2024.8,fdd85a789550f85e20e7b7128f2b3316cbc76640,1353386
autoland,3869862,13,ffaba559b8f75178eed537731f258b1129b7fe97,linux1804-64-shippable-qr,True,False,,|c|o|l|d| |f|i|s|s|i|o|n| |w|e|b|r|e|n|d|e|r|,102210fe594ee9b33d82058545b1ed14f4c8206e,LastVisualChange,cnn,True,cnn LastVisualChange opt cold fission webrender,,77,ms,firefox,,1817236052,2023-12-25T21:32:12,2028.3,ba6abbd36b496501cea141e17b61af674a18e279,1353402
autoland,3869862,13,ffaba559b8f75178eed537731f258b1129b7fe97,linux1804-64-shippable-qr,True,False,,|c|o|l|d| |f|i|s|s|i|o|n| |w|e|b|r|e|n|d|e|r|,102210fe594ee9b33d82058545b1ed14f4c8206e,LastVisualChange,cnn,True,cnn LastVisualChange opt cold fission webrender,,77,ms,firefox,441391700,1817292325,2023-12-26T03:31:03,2018.0,280c0b4dd9140984e6177c89f5858ceac6ae0107,1353431
autoland,3869862,13,ffaba559b8f75178eed537731f258b1129b7fe97,linux1804-64-shippable-qr,True,False,,|c|o|l|d| |f|i|s|s|i|o|n| |w|e|b|r|e|n|d|e|r|,102210fe594ee9b33d82058545b1ed14f4c8206e,LastVisualChange,cnn,True,cnn LastVisualChange opt cold fission webrender,,77,ms,firefox,441397945,1817355175,2023-12-26T07:50:55,1989.1,7503b1d6a430d23303b6ec356b3388951a1eca83,1353461
autoland,3869862,13,ffaba559b8f75178eed537731f258b1129b7fe97,linux1804-64-shippable-qr,True,False,,|c|o|l|d| |f|i|s|s|i|o|n| |w|e|b|r|e|n|d|e|r|,102210fe594ee9b33d82058545b1ed14f4c8206e,LastVisualChange,cnn,True,cnn LastVisualChange opt cold fission webrender,,77,ms,firefox,441423681,1817458258,2023-12-26T11:52:29,1989.9,807f04c86e5d02f04afa662ade3d505a80a4f660,1353488
autoland,3869862,13,ffaba559b8f75178eed537731f258b1129b7fe97,linux1804-64-shippable-qr,True,False,,|c|o|l|d| |f|i|s|s|i|o|n| |w|e|b|r|e|n|d|e|r|,102210fe594ee9b33d82058545b1ed14f4c8206e,LastVisualChange,cnn,True,cnn LastVisualChange opt cold fission webrender,,77,ms,firefox,441451249,1817545652,2023-12-27T02:56:18,2067.3,6d9a0abd0a3c26f4337aff723c15795fe91fe884,1353555
autoland,3869862,13,ffaba559b8f75178eed537731f258b1129b7fe97,linux1804-64-shippable-qr,True,False,,|c|o|l|d| |f|i|s|s|i|o|n| |w|e|b|r|e|n|d|e|r|,102210fe594ee9b33d82058545b1ed14f4c8206e,LastVisualChange,cnn,True,cnn LastVisualChange opt cold fission webrender,,77,ms,firefox,441494211,1817777466,2023-12-27T14:58:54,2027.9,856e86584c4c811f064f93e2b734dd374c787eaf,1353654
autoland,3869862,13,ffaba559b8f75178eed537731f258b1129b7fe97,linux1804-64-shippable-qr,True,False,,|c|o|l|d| |f|i|s|s|i|o|n| |w|e|b|r|e|n|d|e|r|,102210fe594ee9b33d82058545b1ed14f4c8206e,LastVisualChange,cnn,True,cnn LastVisualChange opt cold fission webrender,,77,ms,firefox,441508999,1817831514,2023-12-27T20:22:55,2009.1,97a27d8a860d5bd8ab2962d2f0e5e376287e527c,1353722
autoland,3869862,13,ffaba559b8f75178eed537731f258b1129b7fe97,linux1804-64-shippable-qr,True,False,,|c|o|l|d| |f|i|s|s|i|o|n| |w|e|b|r|e|n|d|e|r|,102210fe594ee9b33d82058545b1ed14f4c8206e,LastVisualChange,cnn,True,cnn LastVisualChange opt cold fission webrender,,77,ms,firefox,441528014,1817907084,2023-12-28T01:36:38,2056.8,00fe06571a66e6773ca7801e6747493299cf4bda,1353793
autoland,3869862,13,ffaba559b8f75178eed537731f258b1129b7fe97,linux1804-64-shippable-qr,True,False,,|c|o|l|d| |f|i|s|s|i|o|n| |w|e|b|r|e|n|d|e|r|,102210fe594ee9b33d82058545b1ed14f4c8206e,LastVisualChange,cnn,True,cnn LastVisualChange opt cold fission webrender,,77,ms,firefox,441553560,1818018342,2023-12-28T13:32:35,2015.2,10aa7423789835a7dbd24b0b44ad1ae2ad77b59b,1353834
autoland,3869862,13,ffaba559b8f75178eed537731f258b1129b7fe97,linux1804-64-shippable-qr,True,False,,|c|o|l|d| |f|i|s|s|i|o|n| |w|e|b|r|e|n|d|e|r|,102210fe594ee9b33d82058545b1ed14f4c8206e,LastVisualChange,cnn,True,cnn LastVisualChange opt cold fission webrender,,77,ms,firefox,441573674,1818181276,2023-12-28T17:48:27,2003.4,659e4e8345823ce8331b67df6c3865b76063e2c2,1353939
autoland,3869862,13,ffaba559b8f75178eed537731f258b1129b7fe97,linux1804-64-shippable-qr,True,False,,|c|o|l|d| |f|i|s|s|i|o|n| |w|e|b|r|e|n|d|e|r|,102210fe594ee9b33d82058545b1ed14f4c8206e,LastVisualChange,cnn,True,cnn LastVisualChange opt cold fission webrender,,77,ms,firefox,441599125,1818258865,2023-12-28T23:04:44,2024.2,0bd8678e10b6f0eb1d7e16cfe010ca8856e2bfcc,1354003
autoland,3869862,13,ffaba559b8f75178eed537731f258b1129b7fe97,linux1804-64-shippable-qr,True,False,,|c|o|l|d| |f|i|s|s|i|o|n| |w|e|b|r|e|n|d|e|r|,102210fe594ee9b33d82058545b1ed14f4c8206e,LastVisualChange,cnn,True,cnn LastVisualChange opt cold fission webrender,,77,ms,firefox,441709894,1818688621,2023-12-28T23:05:25,2000.2,94b0152f259ce9de504474454b05fc7c8bbfc2d7,1354004
autoland,3869862,13,ffaba559b8f75178eed537731f258b1129b7fe97,linux1804-64-shippable-qr,True,False,,|c|o|l|d| |f|i|s|s|i|o|n| |w|e|b|r|e|n|d|e|r|,102210fe594ee9b33d82058545b1ed14f4c8206e,LastVisualChange,cnn,True,cnn LastVisualChange opt cold fission webrender,,77,ms,firefox,441710133,1818697165,2023-12-29T00:42:39,2017.9,3044b295163bf51b01ccef2119d14af563f23a89,1354024
autoland,3869862,13,ffaba559b8f75178eed537731f258b1129b7fe97,linux1804-64-shippable-qr,True,False,,|c|o|l|d| |f|i|s|s|i|o|n| |w|e|b|r|e|n|d|e|r|,102210fe594ee9b33d82058545b1ed14f4c8206e,LastVisualChange,cnn,True,cnn LastVisualChange opt cold fission webrender,,77,ms,firefox,441617106,1818362244,2023-12-29T05:51:26,2044.5,25b973ec90316da3daa35b031e4a4e089d70443a,1354078
autoland,3869862,13,ffaba559b8f75178eed537731f258b1129b7fe97,linux1804-64-shippable-qr,True,False,,|c|o|l|d| |f|i|s|s|i|o|n| |w|e|b|r|e|n|d|e|r|,102210fe594ee9b33d82058545b1ed14f4c8206e,LastVisualChange,cnn,True,cnn LastVisualChange opt cold fission webrender,,77,ms,firefox,441663129,1818497798,2023-12-29T14:24:04,2014.0,4d00abb11b573ff386a9f02816ff81f2030e6dfe,1354164
autoland,3869862,13,ffaba559b8f75178eed537731f258b1129b7fe97,linux1804-64-shippable-qr,True,False,,|c|o|l|d| |f|i|s|s|i|o|n| |w|e|b|r|e|n|d|e|r|,102210fe594ee9b33d82058545b1ed14f4c8206e,LastVisualChange,cnn,True,cnn LastVisualChange opt cold fission webrender,,77,ms,firefox,441670087,1818528166,2023-12-29T16:09:29,2017.9,52b5c5b51719976906d668db1cd59b2b49315565,1354179
autoland,3869862,13,ffaba559b8f75178eed537731f258b1129b7fe97,linux1804-64-shippable-qr,True,False,,|c|o|l|d| |f|i|s|s|i|o|n| |w|e|b|r|e|n|d|e|r|,102210fe594ee9b33d82058545b1ed14f4c8206e,LastVisualChange,cnn,True,cnn LastVisualChange opt cold fission webrender,,77,ms,firefox,441690625,1818592100,2023-12-29T20:10:09,2027.3,8d822c618985176a1d4ebc4eedcd5a388e798418,1354279
autoland,3869862,13,ffaba559b8f75178eed537731f258b1129b7fe97,linux1804-64-shippable-qr,True,False,,|c|o|l|d| |f|i|s|s|i|o|n| |w|e|b|r|e|n|d|e|r|,102210fe594ee9b33d82058545b1ed14f4c8206e,LastVisualChange,cnn,True,cnn LastVisualChange opt cold fission webrender,,77,ms,firefox,441707784,1818667351,2023-12-30T03:46:41,2011.3,15c3c77f07b45a04b27a42ab403aadaaed857fff,1354316
autoland,3869862,13,ffaba559b8f75178eed537731f258b1129b7fe97,linux1804-64-shippable-qr,True,False,,|c|o|l|d| |f|i|s|s|i|o|n| |w|e|b|r|e|n|d|e|r|,102210fe594ee9b33d82058545b1ed14f4c8206e,LastVisualChange,cnn,True,cnn LastVisualChange opt cold fission webrender,,77,ms,firefox,441717405,1818727161,2023-12-30T08:00:00,2016.0,9660032084db64efbe9cbbf4c47a38d0a6c36c9f,1354351
autoland,3869862,13,ffaba559b8f75178eed537731f258b1129b7fe97,linux1804-64-shippable-qr,True,False,,|c|o|l|d| |f|i|s|s|i|o|n| |w|e|b|r|e|n|d|e|r|,102210fe594ee9b33d82058545b1ed14f4c8206e,LastVisualChange,cnn,True,cnn LastVisualChange opt cold fission webrender,,77,ms,firefox,441744510,1818812823,2023-12-30T12:53:05,1997.2,94ab264a143c3086d948c401c047297f01b76527,1354380
autoland,3869862,13,ffaba559b8f75178eed537731f258b1129b7fe97,linux1804-64-shippable-qr,True,False,,|c|o|l|d| |f|i|s|s|i|o|n| |w|e|b|r|e|n|d|e|r|,102210fe594ee9b33d82058545b1ed14f4c8206e,LastVisualChange,cnn,True,cnn LastVisualChange opt cold fission webrender,,77,ms,firefox,441759214,1818877920,2023-12-30T17:18:37,2018.8,3e9c9290e422e1f39255953e22e3d8bfe8234425,1354396
autoland,3869862,13,ffaba559b8f75178eed537731f258b1129b7fe97,linux1804-64-shippable-qr,True,False,,|c|o|l|d| |f|i|s|s|i|o|n| |w|e|b|r|e|n|d|e|r|,102210fe594ee9b33d82058545b1ed14f4c8206e,LastVisualChange,cnn,True,cnn LastVisualChange opt cold fission webrender,,77,ms,firefox,441778022,1818974235,2023-12-31T00:47:53,2010.9,be0bfc7f906523649c68f45d4b25ca752bfc701c,1354421
autoland,3869862,13,ffaba559b8f75178eed537731f258b1129b7fe97,linux1804-64-shippable-qr,True,False,,|c|o|l|d| |f|i|s|s|i|o|n| |w|e|b|r|e|n|d|e|r|,102210fe594ee9b33d82058545b1ed14f4c8206e,LastVisualChange,cnn,True,cnn LastVisualChange opt cold fission webrender,,77,ms,firefox,441809585,1819127417,2023-12-31T16:29:03,2027.3,30b0d1ecdc26a3e4753bef7807739106282ed827,1354470
autoland,3869862,13,ffaba559b8f75178eed537731f258b1129b7fe97,linux1804-64-shippable-qr,True,False,,|c|o|l|d| |f|i|s|s|i|o|n| |w|e|b|r|e|n|d|e|r|,102210fe594ee9b33d82058545b1ed14f4c8206e,LastVisualChange,cnn,True,cnn LastVisualChange opt cold fission webrender,,77,ms,firefox,441822963,1819196769,2023-12-31T21:56:05,2006.3,430d1a5b377307a1050c23ae96cab333c5a33be8,1354489
autoland,3869862,13,ffaba559b8f75178eed537731f258b1129b7fe97,linux1804-64-shippable-qr,True,False,,|c|o|l|d| |f|i|s|s|i|o|n| |w|e|b|r|e|n|d|e|r|,102210fe594ee9b33d82058545b1ed14f4c8206e,LastVisualChange,cnn,True,cnn LastVisualChange opt cold fission webrender,,77,ms,firefox,441851229,1819338630,2024-01-01T15:22:20,2016.5,da3b8f5f832d95192044762406363fda8d55ef19,1354571
autoland,3869862,13,ffaba559b8f75178eed537731f258b1129b7fe97,linux1804-64-shippable-qr,True,False,,|c|o|l|d| |f|i|s|s|i|o|n| |w|e|b|r|e|n|d|e|r|,102210fe594ee9b33d82058545b1ed14f4c8206e,LastVisualChange,cnn,True,cnn LastVisualChange opt cold fission webrender,,77,ms,firefox,441852268,1819354576,2024-01-01T20:27:36,2023.6,42461c8e1289d1829e0902914b12524c1fffa0a1,1354574
autoland,3869862,13,ffaba559b8f75178eed537731f258b1129b7fe97,linux1804-64-shippable-qr,True,False,,|c|o|l|d| |f|i|s|s|i|o|n| |w|e|b|r|e|n|d|e|r|,102210fe594ee9b33d82058545b1ed14f4c8206e,LastVisualChange,cnn,True,cnn LastVisualChange opt cold fission webrender,,77,ms,firefox,441876722,1819444353,2024-01-02T07:16:40,2030.9,60c369c930dc96abae06a2e0ad6833a3574b803f,1354603
autoland,3869862,13,ffaba559b8f75178eed537731f258b1129b7fe97,linux1804-64-shippable-qr,True,False,,|c|o|l|d| |f|i|s|s|i|o|n| |w|e|b|r|e|n|d|e|r|,102210fe594ee9b33d82058545b1ed14f4c8206e,LastVisualChange,cnn,True,cnn LastVisualChange opt cold fission webrender,,77,ms,firefox,441981704,1819870217,2024-01-02T07:48:01,2043.1,3e05dc8db1ec11547dde5a9576bfa988ec85e008,1354607
autoland,3869862,13,ffaba559b8f75178eed537731f258b1129b7fe97,linux1804-64-shippable-qr,True,False,,|c|o|l|d| |f|i|s|s|i|o|n| |w|e|b|r|e|n|d|e|r|,102210fe594ee9b33d82058545b1ed14f4c8206e,LastVisualChange,cnn,True,cnn LastVisualChange opt cold fission webrender,,77,ms,firefox,441975718,1819830405,2024-01-02T07:56:01,2059.2,88de278b4ca970bf360b8c46789f60f0f7373dd6,1354609
autoland,3869862,13,ffaba559b8f75178eed537731f258b1129b7fe97,linux1804-64-shippable-qr,True,False,,|c|o|l|d| |f|i|s|s|i|o|n| |w|e|b|r|e|n|d|e|r|,102210fe594ee9b33d82058545b1ed14f4c8206e,LastVisualChange,cnn,True,cnn LastVisualChange opt cold fission webrender,,77,ms,firefox,441981355,1819850141,2024-01-02T10:31:22,2027.4,1ca3d1972e2da3c924dd8d01116dd1bc30797306,1354659
autoland,3869862,13,ffaba559b8f75178eed537731f258b1129b7fe97,linux1804-64-shippable-qr,True,False,,|c|o|l|d| |f|i|s|s|i|o|n| |w|e|b|r|e|n|d|e|r|,102210fe594ee9b33d82058545b1ed14f4c8206e,LastVisualChange,cnn,True,cnn LastVisualChange opt cold fission webrender,,77,ms,firefox,441903953,1819539747,2024-01-02T11:19:41,2016.2,399d9781e72b3a4a01e67c7f902f80c9df9da386,1354672
autoland,3869862,13,ffaba559b8f75178eed537731f258b1129b7fe97,linux1804-64-shippable-qr,True,False,,|c|o|l|d| |f|i|s|s|i|o|n| |w|e|b|r|e|n|d|e|r|,102210fe594ee9b33d82058545b1ed14f4c8206e,LastVisualChange,cnn,True,cnn LastVisualChange opt cold fission webrender,,77,ms,firefox,441931195,1819625407,2024-01-02T15:21:54,2036.9,9f15f6c0236cc27aa82549841609068645c13445,1354784
autoland,3869862,13,ffaba559b8f75178eed537731f258b1129b7fe97,linux1804-64-shippable-qr,True,False,,|c|o|l|d| |f|i|s|s|i|o|n| |w|e|b|r|e|n|d|e|r|,102210fe594ee9b33d82058545b1ed14f4c8206e,LastVisualChange,cnn,True,cnn LastVisualChange opt cold fission webrender,,77,ms,firefox,441936831,1819669876,2024-01-02T15:38:43,2034.0,c44f0d09630a8cf36dac42c4eb31bf2a9395bf90,1354794
autoland,3869862,13,ffaba559b8f75178eed537731f258b1129b7fe97,linux1804-64-shippable-qr,True,False,,|c|o|l|d| |f|i|s|s|i|o|n| |w|e|b|r|e|n|d|e|r|,102210fe594ee9b33d82058545b1ed14f4c8206e,LastVisualChange,cnn,True,cnn LastVisualChange opt cold fission webrender,,77,ms,firefox,441956940,1819759457,2024-01-02T20:40:29,2017.1,cc67c788cded515a24f96c72c8a12b87a2cd1b3a,1354935
autoland,3869862,13,ffaba559b8f75178eed537731f258b1129b7fe97,linux1804-64-shippable-qr,True,False,,|c|o|l|d| |f|i|s|s|i|o|n| |w|e|b|r|e|n|d|e|r|,102210fe594ee9b33d82058545b1ed14f4c8206e,LastVisualChange,cnn,True,cnn LastVisualChange opt cold fission webrender,,77,ms,firefox,441991926,1819912181,2024-01-03T08:18:49,2015.7,655286516798565db497786ca92d9a8f7f7744bf,1355061
autoland,3869862,13,ffaba559b8f75178eed537731f258b1129b7fe97,linux1804-64-shippable-qr,True,False,,|c|o|l|d| |f|i|s|s|i|o|n| |w|e|b|r|e|n|d|e|r|,102210fe594ee9b33d82058545b1ed14f4c8206e,LastVisualChange,cnn,True,cnn LastVisualChange opt cold fission webrender,,77,ms,firefox,442028687,1819995357,2024-01-03T12:27:12,1999.3,9ea90dc23395fc3e2d9d2bd18598cc49434eeff1,1355126
autoland,3869862,13,ffaba559b8f75178eed537731f258b1129b7fe97,linux1804-64-shippable-qr,True,False,,|c|o|l|d| |f|i|s|s|i|o|n| |w|e|b|r|e|n|d|e|r|,102210fe594ee9b33d82058545b1ed14f4c8206e,LastVisualChange,cnn,True,cnn LastVisualChange opt cold fission webrender,,77,ms,firefox,442050246,1820088689,2024-01-03T16:19:36,1980.9,6aab4af4cab879cc95debd549578bc909a21cff7,1355230
autoland,3869862,13,ffaba559b8f75178eed537731f258b1129b7fe97,linux1804-64-shippable-qr,True,False,,|c|o|l|d| |f|i|s|s|i|o|n| |w|e|b|r|e|n|d|e|r|,102210fe594ee9b33d82058545b1ed14f4c8206e,LastVisualChange,cnn,True,cnn LastVisualChange opt cold fission webrender,,77,ms,firefox,442074289,1820217697,2024-01-03T20:41:01,2027.3,c5a68fbf81d038a69c4e9be728d50030fd0d6271,1355381
autoland,3869862,13,ffaba559b8f75178eed537731f258b1129b7fe97,linux1804-64-shippable-qr,True,False,,|c|o|l|d| |f|i|s|s|i|o|n| |w|e|b|r|e|n|d|e|r|,102210fe594ee9b33d82058545b1ed14f4c8206e,LastVisualChange,cnn,True,cnn LastVisualChange opt cold fission webrender,,77,ms,firefox,442075307,1820227567,2024-01-03T20:57:48,2002.3,d071b2f4ff07e1815cfa6650ffafb87c9b7e9fb1,1355389
autoland,3869862,13,ffaba559b8f75178eed537731f258b1129b7fe97,linux1804-64-shippable-qr,True,False,,|c|o|l|d| |f|i|s|s|i|o|n| |w|e|b|r|e|n|d|e|r|,102210fe594ee9b33d82058545b1ed14f4c8206e,LastVisualChange,cnn,True,cnn LastVisualChange opt cold fission webrender,,77,ms,firefox,442096120,1820307948,2024-01-04T01:41:43,2054.3,99d5c9d12fe8a000d9b092346826d2101720ee5f,1355473
autoland,3869862,13,ffaba559b8f75178eed537731f258b1129b7fe97,linux1804-64-shippable-qr,True,False,,|c|o|l|d| |f|i|s|s|i|o|n| |w|e|b|r|e|n|d|e|r|,102210fe594ee9b33d82058545b1ed14f4c8206e,LastVisualChange,cnn,True,cnn LastVisualChange opt cold fission webrender,,77,ms,firefox,442108150,1820369103,2024-01-04T05:54:21,2038.4,c285a1e59436529ca8d4acd4acf55d45e4277b1b,1355496
autoland,3869862,13,ffaba559b8f75178eed537731f258b1129b7fe97,linux1804-64-shippable-qr,True,False,,|c|o|l|d| |f|i|s|s|i|o|n| |w|e|b|r|e|n|d|e|r|,102210fe594ee9b33d82058545b1ed14f4c8206e,LastVisualChange,cnn,True,cnn LastVisualChange opt cold fission webrender,,77,ms,firefox,442138527,1820484109,2024-01-04T11:10:14,1987.0,740351987a4ee46ea2c571e5824e859680bda968,1355581
autoland,3869862,13,ffaba559b8f75178eed537731f258b1129b7fe97,linux1804-64-shippable-qr,True,False,,|c|o|l|d| |f|i|s|s|i|o|n| |w|e|b|r|e|n|d|e|r|,102210fe594ee9b33d82058545b1ed14f4c8206e,LastVisualChange,cnn,True,cnn LastVisualChange opt cold fission webrender,,77,ms,firefox,442175969,1820612191,2024-01-04T15:17:03,2012.7,45533d2448ef281f6e604ca7626c0a6ecce3e188,1355683
autoland,3869862,13,ffaba559b8f75178eed537731f258b1129b7fe97,linux1804-64-shippable-qr,True,False,,|c|o|l|d| |f|i|s|s|i|o|n| |w|e|b|r|e|n|d|e|r|,102210fe594ee9b33d82058545b1ed14f4c8206e,LastVisualChange,cnn,True,cnn LastVisualChange opt cold fission webrender,,77,ms,firefox,442172676,1820590773,2024-01-04T15:42:51,2016.2,0a133d5fd15504b371307e44739e8f97c80096b9,1355702
autoland,3869862,13,ffaba559b8f75178eed537731f258b1129b7fe97,linux1804-64-shippable-qr,True,False,,|c|o|l|d| |f|i|s|s|i|o|n| |w|e|b|r|e|n|d|e|r|,102210fe594ee9b33d82058545b1ed14f4c8206e,LastVisualChange,cnn,True,cnn LastVisualChange opt cold fission webrender,,77,ms,firefox,442201221,1820743662,2024-01-04T19:37:18,2007.1,048b65210703dec3aec972f180b52548b2664f7d,1355859
autoland,3869862,13,ffaba559b8f75178eed537731f258b1129b7fe97,linux1804-64-shippable-qr,True,False,,|c|o|l|d| |f|i|s|s|i|o|n| |w|e|b|r|e|n|d|e|r|,102210fe594ee9b33d82058545b1ed14f4c8206e,LastVisualChange,cnn,True,cnn LastVisualChange opt cold fission webrender,,77,ms,firefox,442253853,1821034523,2024-01-04T20:17:07,2014.0,e3fea180f63a43f43dcc79e23886260f8127de0b,1355885
autoland,3869862,13,ffaba559b8f75178eed537731f258b1129b7fe97,linux1804-64-shippable-qr,True,False,,|c|o|l|d| |f|i|s|s|i|o|n| |w|e|b|r|e|n|d|e|r|,102210fe594ee9b33d82058545b1ed14f4c8206e,LastVisualChange,cnn,True,cnn LastVisualChange opt cold fission webrender,,77,ms,firefox,442251454,1821029593,2024-01-04T20:21:02,2019.6,db832cc2d4e687b96654cf986f58183ba6ec8190,1355889
autoland,3869862,13,ffaba559b8f75178eed537731f258b1129b7fe97,linux1804-64-shippable-qr,True,False,,|c|o|l|d| |f|i|s|s|i|o|n| |w|e|b|r|e|n|d|e|r|,102210fe594ee9b33d82058545b1ed14f4c8206e,LastVisualChange,cnn,True,cnn LastVisualChange opt cold fission webrender,,77,ms,firefox,442237871,1820911268,2024-01-05T00:18:01,2027.7,84d53ee96a81d7e514d24d1fb3160e91d9cee533,1356034
autoland,3869862,13,ffaba559b8f75178eed537731f258b1129b7fe97,linux1804-64-shippable-qr,True,False,,|c|o|l|d| |f|i|s|s|i|o|n| |w|e|b|r|e|n|d|e|r|,102210fe594ee9b33d82058545b1ed14f4c8206e,LastVisualChange,cnn,True,cnn LastVisualChange opt cold fission webrender,,77,ms,firefox,442239460,1820926874,2024-01-05T00:22:57,2054.3,fab155eb519c68377a585ffdc537174653ab847b,1356036
autoland,3869862,13,ffaba559b8f75178eed537731f258b1129b7fe97,linux1804-64-shippable-qr,True,False,,|c|o|l|d| |f|i|s|s|i|o|n| |w|e|b|r|e|n|d|e|r|,102210fe594ee9b33d82058545b1ed14f4c8206e,LastVisualChange,cnn,True,cnn LastVisualChange opt cold fission webrender,,77,ms,firefox,442251009,1821001529,2024-01-05T04:43:02,2042.3,376266ac23d50822ae8c18d60d1577f0b89b7c03,1356081
autoland,3869862,13,ffaba559b8f75178eed537731f258b1129b7fe97,linux1804-64-shippable-qr,True,False,,|c|o|l|d| |f|i|s|s|i|o|n| |w|e|b|r|e|n|d|e|r|,102210fe594ee9b33d82058545b1ed14f4c8206e,LastVisualChange,cnn,True,cnn LastVisualChange opt cold fission webrender,,77,ms,firefox,442266395,1821089679,2024-01-05T08:43:49,1985.6,fa9bfcd5f0dbd19a8aaafddc25f6f73e4bcfd484,1356147
autoland,3869862,13,ffaba559b8f75178eed537731f258b1129b7fe97,linux1804-64-shippable-qr,True,False,,|c|o|l|d| |f|i|s|s|i|o|n| |w|e|b|r|e|n|d|e|r|,102210fe594ee9b33d82058545b1ed14f4c8206e,LastVisualChange,cnn,True,cnn LastVisualChange opt cold fission webrender,,77,ms,firefox,442314695,1821240758,2024-01-05T12:49:29,2045.6,30bc5759ffcd80a2febc0a054214a3c910d31aea,1356208
autoland,3869862,13,ffaba559b8f75178eed537731f258b1129b7fe97,linux1804-64-shippable-qr,True,False,,|c|o|l|d| |f|i|s|s|i|o|n| |w|e|b|r|e|n|d|e|r|,102210fe594ee9b33d82058545b1ed14f4c8206e,LastVisualChange,cnn,True,cnn LastVisualChange opt cold fission webrender,,77,ms,firefox,442335406,1821321142,2024-01-05T17:02:32,2022.3,d2e417f0f208016a0a4e369e822a12e20ef4fc5f,1356351
autoland,3869862,13,ffaba559b8f75178eed537731f258b1129b7fe97,linux1804-64-shippable-qr,True,False,,|c|o|l|d| |f|i|s|s|i|o|n| |w|e|b|r|e|n|d|e|r|,102210fe594ee9b33d82058545b1ed14f4c8206e,LastVisualChange,cnn,True,cnn LastVisualChange opt cold fission webrender,,77,ms,firefox,442352903,1821397887,2024-01-05T19:52:18,2002.0,567f5a81c44108f44c4e694af42be8f209da4c0a,1356444
autoland,3869862,13,ffaba559b8f75178eed537731f258b1129b7fe97,linux1804-64-shippable-qr,True,False,,|c|o|l|d| |f|i|s|s|i|o|n| |w|e|b|r|e|n|d|e|r|,102210fe594ee9b33d82058545b1ed14f4c8206e,LastVisualChange,cnn,True,cnn LastVisualChange opt cold fission webrender,,77,ms,firefox,442389782,1821569572,2024-01-05T22:36:58,1991.4,0dece7636f83e4d8e406c0f28d75ab83079a80d8,1356512
autoland,3869862,13,ffaba559b8f75178eed537731f258b1129b7fe97,linux1804-64-shippable-qr,True,False,,|c|o|l|d| |f|i|s|s|i|o|n| |w|e|b|r|e|n|d|e|r|,102210fe594ee9b33d82058545b1ed14f4c8206e,LastVisualChange,cnn,True,cnn LastVisualChange opt cold fission webrender,,77,ms,firefox,442389621,1821563642,2024-01-05T22:37:55,2007.7,d6443c86506e0e25a31501bde35b4baf10cbf339,1356513
autoland,3869862,13,ffaba559b8f75178eed537731f258b1129b7fe97,linux1804-64-shippable-qr,True,False,,|c|o|l|d| |f|i|s|s|i|o|n| |w|e|b|r|e|n|d|e|r|,102210fe594ee9b33d82058545b1ed14f4c8206e,LastVisualChange,cnn,True,cnn LastVisualChange opt cold fission webrender,,77,ms,firefox,442380089,1821493614,2024-01-06T00:04:36,2013.7,2a86438878465bd10e251c52285e2455425bfeb9,1356549
autoland,3869862,13,ffaba559b8f75178eed537731f258b1129b7fe97,linux1804-64-shippable-qr,True,False,,|c|o|l|d| |f|i|s|s|i|o|n| |w|e|b|r|e|n|d|e|r|,102210fe594ee9b33d82058545b1ed14f4c8206e,LastVisualChange,cnn,True,cnn LastVisualChange opt cold fission webrender,,77,ms,firefox,442382049,1821508088,2024-01-06T00:21:54,2038.8,ce6cf7dcf8b16c2a478f122f8bab575231c99881,1356554
autoland,3869862,13,ffaba559b8f75178eed537731f258b1129b7fe97,linux1804-64-shippable-qr,True,False,,|c|o|l|d| |f|i|s|s|i|o|n| |w|e|b|r|e|n|d|e|r|,102210fe594ee9b33d82058545b1ed14f4c8206e,LastVisualChange,cnn,True,cnn LastVisualChange opt cold fission webrender,,77,ms,firefox,442417634,1821696150,2024-01-06T12:48:14,2033.8,b54f34f26a3a753076473795a42574f426a960ee,1356631
autoland,3869862,13,ffaba559b8f75178eed537731f258b1129b7fe97,linux1804-64-shippable-qr,True,False,,|c|o|l|d| |f|i|s|s|i|o|n| |w|e|b|r|e|n|d|e|r|,102210fe594ee9b33d82058545b1ed14f4c8206e,LastVisualChange,cnn,True,cnn LastVisualChange opt cold fission webrender,,77,ms,firefox,442426321,1821740966,2024-01-06T17:09:10,2029.7,d6318b034527ed62918fa4fd893f093c084a6ccb,1356650
autoland,3869862,13,ffaba559b8f75178eed537731f258b1129b7fe97,linux1804-64-shippable-qr,True,False,,|c|o|l|d| |f|i|s|s|i|o|n| |w|e|b|r|e|n|d|e|r|,102210fe594ee9b33d82058545b1ed14f4c8206e,LastVisualChange,cnn,True,cnn LastVisualChange opt cold fission webrender,,77,ms,firefox,442440886,1821796768,2024-01-06T21:44:09,2030.4,1d9422a3e1d878f2f2c54ef4e836faabebfdfc9a,1356666
autoland,3869862,13,ffaba559b8f75178eed537731f258b1129b7fe97,linux1804-64-shippable-qr,True,False,,|c|o|l|d| |f|i|s|s|i|o|n| |w|e|b|r|e|n|d|e|r|,102210fe594ee9b33d82058545b1ed14f4c8206e,LastVisualChange,cnn,True,cnn LastVisualChange opt cold fission webrender,,77,ms,firefox,442481786,1822023112,2024-01-07T23:26:49,2003.1,47fc814524de5c30dfd7711cf3eda088303ad905,1356765
autoland,3869862,13,ffaba559b8f75178eed537731f258b1129b7fe97,linux1804-64-shippable-qr,True,False,,|c|o|l|d| |f|i|s|s|i|o|n| |w|e|b|r|e|n|d|e|r|,102210fe594ee9b33d82058545b1ed14f4c8206e,LastVisualChange,cnn,True,cnn LastVisualChange opt cold fission webrender,,77,ms,firefox,442486215,1822050427,2024-01-08T02:39:55,2033.7,750c44842f26873f40a2d09bc4ee94ecc4c39997,1356771
autoland,3869862,13,ffaba559b8f75178eed537731f258b1129b7fe97,linux1804-64-shippable-qr,True,False,,|c|o|l|d| |f|i|s|s|i|o|n| |w|e|b|r|e|n|d|e|r|,102210fe594ee9b33d82058545b1ed14f4c8206e,LastVisualChange,cnn,True,cnn LastVisualChange opt cold fission webrender,,77,ms,firefox,442539091,1822252087,2024-01-08T11:59:03,2073.0,f0a524f0a0085554a1bfdfe1320ee1e87caf7a94,1356886
autoland,3869862,13,ffaba559b8f75178eed537731f258b1129b7fe97,linux1804-64-shippable-qr,True,False,,|c|o|l|d| |f|i|s|s|i|o|n| |w|e|b|r|e|n|d|e|r|,102210fe594ee9b33d82058545b1ed14f4c8206e,LastVisualChange,cnn,True,cnn LastVisualChange opt cold fission webrender,,77,ms,firefox,442640801,1822737644,2024-01-08T13:59:36,2022.0,3b8b6ba44de3870a21b3f250a24e6eae455bf564,1356959
autoland,3869862,13,ffaba559b8f75178eed537731f258b1129b7fe97,linux1804-64-shippable-qr,True,False,,|c|o|l|d| |f|i|s|s|i|o|n| |w|e|b|r|e|n|d|e|r|,102210fe594ee9b33d82058545b1ed14f4c8206e,LastVisualChange,cnn,True,cnn LastVisualChange opt cold fission webrender,,77,ms,firefox,442640076,1822686877,2024-01-08T14:18:59,2028.6,c0b65b260d5fbb61bfacc80d014afb017086dc3d,1356978
autoland,3869862,13,ffaba559b8f75178eed537731f258b1129b7fe97,linux1804-64-shippable-qr,True,False,,|c|o|l|d| |f|i|s|s|i|o|n| |w|e|b|r|e|n|d|e|r|,102210fe594ee9b33d82058545b1ed14f4c8206e,LastVisualChange,cnn,True,cnn LastVisualChange opt cold fission webrender,,77,ms,firefox,442640614,1822717257,2024-01-08T15:17:36,2010.3,7613e62377713778fccf1bbcf2d0d974a9d54d62,1357023
autoland,3869862,13,ffaba559b8f75178eed537731f258b1129b7fe97,linux1804-64-shippable-qr,True,False,,|c|o|l|d| |f|i|s|s|i|o|n| |w|e|b|r|e|n|d|e|r|,102210fe594ee9b33d82058545b1ed14f4c8206e,LastVisualChange,cnn,True,cnn LastVisualChange opt cold fission webrender,,77,ms,firefox,442640353,1822699285,2024-01-08T15:20:01,2031.5,96dbd42557569de364e38f42a4d6592922dc824e,1357024
autoland,3869862,13,ffaba559b8f75178eed537731f258b1129b7fe97,linux1804-64-shippable-qr,True,False,,|c|o|l|d| |f|i|s|s|i|o|n| |w|e|b|r|e|n|d|e|r|,102210fe594ee9b33d82058545b1ed14f4c8206e,LastVisualChange,cnn,True,cnn LastVisualChange opt cold fission webrender,,77,ms,firefox,442564097,1822360328,2024-01-08T15:57:02,2021.4,fa142c3f71b8a5f5e5781fe41471dc1528cecd75,1357053
autoland,3869862,13,ffaba559b8f75178eed537731f258b1129b7fe97,linux1804-64-shippable-qr,True,False,,|c|o|l|d| |f|i|s|s|i|o|n| |w|e|b|r|e|n|d|e|r|,102210fe594ee9b33d82058545b1ed14f4c8206e,LastVisualChange,cnn,True,cnn LastVisualChange opt cold fission webrender,,77,ms,firefox,442641930,1822758753,2024-01-08T16:27:18,2028.2,f94198e20472275db87efe7b903db30b13a368d6,1357067
autoland,3869862,13,ffaba559b8f75178eed537731f258b1129b7fe97,linux1804-64-shippable-qr,True,False,,|c|o|l|d| |f|i|s|s|i|o|n| |w|e|b|r|e|n|d|e|r|,102210fe594ee9b33d82058545b1ed14f4c8206e,LastVisualChange,cnn,True,cnn LastVisualChange opt cold fission webrender,,77,ms,firefox,442639624,1822678552,2024-01-08T16:28:27,2028.9,60f04fbada705752ff9cfd6d7f18f73b71d812b7,1357071
autoland,3869862,13,ffaba559b8f75178eed537731f258b1129b7fe97,linux1804-64-shippable-qr,True,False,,|c|o|l|d| |f|i|s|s|i|o|n| |w|e|b|r|e|n|d|e|r|,102210fe594ee9b33d82058545b1ed14f4c8206e,LastVisualChange,cnn,True,cnn LastVisualChange opt cold fission webrender,,77,ms,firefox,442593584,1822447599,2024-01-08T20:04:05,2043.5,41ae953b02271ceda653046c5072bfe0329c7e96,1357175
autoland,3869862,13,ffaba559b8f75178eed537731f258b1129b7fe97,linux1804-64-shippable-qr,True,False,,|c|o|l|d| |f|i|s|s|i|o|n| |w|e|b|r|e|n|d|e|r|,102210fe594ee9b33d82058545b1ed14f4c8206e,LastVisualChange,cnn,True,cnn LastVisualChange opt cold fission webrender,,77,ms,firefox,442639444,1822667413,2024-01-08T21:33:29,2074.1,4dc4f0070bb9c1118742b60f998c761de468ca6e,1357225
autoland,3869862,13,ffaba559b8f75178eed537731f258b1129b7fe97,linux1804-64-shippable-qr,True,False,,|c|o|l|d| |f|i|s|s|i|o|n| |w|e|b|r|e|n|d|e|r|,102210fe594ee9b33d82058545b1ed14f4c8206e,LastVisualChange,cnn,True,cnn LastVisualChange opt cold fission webrender,,77,ms,firefox,442641717,1822741917,2024-01-08T21:39:10,2017.6,ebfdca0b0aecf8d9304a25f7913ec89b746a6ec1,1357230
autoland,3869862,13,ffaba559b8f75178eed537731f258b1129b7fe97,linux1804-64-shippable-qr,True,False,,|c|o|l|d| |f|i|s|s|i|o|n| |w|e|b|r|e|n|d|e|r|,102210fe594ee9b33d82058545b1ed14f4c8206e,LastVisualChange,cnn,True,cnn LastVisualChange opt cold fission webrender,,77,ms,firefox,442630695,1822623953,2024-01-09T02:28:42,2055.0,ea866029ce2e23f03843038e1fd8ba7ca9ea30bb,1357330
autoland,3869862,13,ffaba559b8f75178eed537731f258b1129b7fe97,linux1804-64-shippable-qr,True,False,,|c|o|l|d| |f|i|s|s|i|o|n| |w|e|b|r|e|n|d|e|r|,102210fe594ee9b33d82058545b1ed14f4c8206e,LastVisualChange,cnn,True,cnn LastVisualChange opt cold fission webrender,,77,ms,firefox,442680734,1822909773,2024-01-09T11:20:33,2027.4,b29d6ace45f4ca84cd58b15ab4430194755a7056,1357465
autoland,3869862,13,ffaba559b8f75178eed537731f258b1129b7fe97,linux1804-64-shippable-qr,True,False,,|c|o|l|d| |f|i|s|s|i|o|n| |w|e|b|r|e|n|d|e|r|,102210fe594ee9b33d82058545b1ed14f4c8206e,LastVisualChange,cnn,True,cnn LastVisualChange opt cold fission webrender,,77,ms,firefox,442686320,1822931864,2024-01-09T11:56:06,2037.2,051ee8b6b5420d6e2ef877ed6ff3a70306257659,1357476
autoland,3869862,13,ffaba559b8f75178eed537731f258b1129b7fe97,linux1804-64-shippable-qr,True,False,,|c|o|l|d| |f|i|s|s|i|o|n| |w|e|b|r|e|n|d|e|r|,102210fe594ee9b33d82058545b1ed14f4c8206e,LastVisualChange,cnn,True,cnn LastVisualChange opt cold fission webrender,,77,ms,firefox,442784011,1823450754,2024-01-09T14:07:58,2006.9,0184455feb69351f7ba6e6a9bc02f7417c5c6475,1357525
autoland,3869862,13,ffaba559b8f75178eed537731f258b1129b7fe97,linux1804-64-shippable-qr,True,False,,|c|o|l|d| |f|i|s|s|i|o|n| |w|e|b|r|e|n|d|e|r|,102210fe594ee9b33d82058545b1ed14f4c8206e,LastVisualChange,cnn,True,cnn LastVisualChange opt cold fission webrender,,77,ms,firefox,442781552,1823446946,2024-01-09T14:34:37,2040.0,183931c45d316e57ad9529199745dd0005a44f8a,1357538
autoland,3869862,13,ffaba559b8f75178eed537731f258b1129b7fe97,linux1804-64-shippable-qr,True,False,,|c|o|l|d| |f|i|s|s|i|o|n| |w|e|b|r|e|n|d|e|r|,102210fe594ee9b33d82058545b1ed14f4c8206e,LastVisualChange,cnn,True,cnn LastVisualChange opt cold fission webrender,,77,ms,firefox,442723736,1823108870,2024-01-09T16:23:43,2030.2,39da72deac75c8026ae23df612934a7fc7c3693a,1357611
autoland,3869862,13,ffaba559b8f75178eed537731f258b1129b7fe97,linux1804-64-shippable-qr,True,False,,|c|o|l|d| |f|i|s|s|i|o|n| |w|e|b|r|e|n|d|e|r|,102210fe594ee9b33d82058545b1ed14f4c8206e,LastVisualChange,cnn,True,cnn LastVisualChange opt cold fission webrender,,77,ms,firefox,442726259,1823115594,2024-01-09T17:04:21,2008.8,65446098ef641575f65d67f1db14e51401e565de,1357636
autoland,3869862,13,ffaba559b8f75178eed537731f258b1129b7fe97,linux1804-64-shippable-qr,True,False,,|c|o|l|d| |f|i|s|s|i|o|n| |w|e|b|r|e|n|d|e|r|,102210fe594ee9b33d82058545b1ed14f4c8206e,LastVisualChange,cnn,True,cnn LastVisualChange opt cold fission webrender,,77,ms,firefox,442779710,1823402495,2024-01-09T20:39:11,2025.2,199101385cfb15dcb58d0abdf1204d8bd155b53f,1357761
autoland,3869862,13,ffaba559b8f75178eed537731f258b1129b7fe97,linux1804-64-shippable-qr,True,False,,|c|o|l|d| |f|i|s|s|i|o|n| |w|e|b|r|e|n|d|e|r|,102210fe594ee9b33d82058545b1ed14f4c8206e,LastVisualChange,cnn,True,cnn LastVisualChange opt cold fission webrender,,77,ms,firefox,442780825,1823438565,2024-01-09T20:46:16,2040.6,d4ff02b92c066b55eaedf705b0bec7eab81178b7,1357768
autoland,3869862,13,ffaba559b8f75178eed537731f258b1129b7fe97,linux1804-64-shippable-qr,True,False,,|c|o|l|d| |f|i|s|s|i|o|n| |w|e|b|r|e|n|d|e|r|,102210fe594ee9b33d82058545b1ed14f4c8206e,LastVisualChange,cnn,True,cnn LastVisualChange opt cold fission webrender,,77,ms,firefox,442751712,1823235489,2024-01-09T20:55:28,2043.8,b089f828d54fe4d5fff32c8f142a603bc9d51325,1357773
autoland,3869862,13,ffaba559b8f75178eed537731f258b1129b7fe97,linux1804-64-shippable-qr,True,False,,|c|o|l|d| |f|i|s|s|i|o|n| |w|e|b|r|e|n|d|e|r|,102210fe594ee9b33d82058545b1ed14f4c8206e,LastVisualChange,cnn,True,cnn LastVisualChange opt cold fission webrender,,77,ms,firefox,442916789,1824004162,2024-01-10T01:41:22,2036.0,c208c35aa08ce571b9fe86e213c1e1b443e8b7c0,1357928
autoland,3869862,13,ffaba559b8f75178eed537731f258b1129b7fe97,linux1804-64-shippable-qr,True,False,,|c|o|l|d| |f|i|s|s|i|o|n| |w|e|b|r|e|n|d|e|r|,102210fe594ee9b33d82058545b1ed14f4c8206e,LastVisualChange,cnn,True,cnn LastVisualChange opt cold fission webrender,,77,ms,firefox,442952652,1824145727,2024-01-10T02:03:50,2031.6,03be6a45140bf15382b04777d0e3abf02d7af112,1357936
autoland,3869862,13,ffaba559b8f75178eed537731f258b1129b7fe97,linux1804-64-shippable-qr,True,False,,|c|o|l|d| |f|i|s|s|i|o|n| |w|e|b|r|e|n|d|e|r|,102210fe594ee9b33d82058545b1ed14f4c8206e,LastVisualChange,cnn,True,cnn LastVisualChange opt cold fission webrender,,77,ms,firefox,442952657,1824145858,2024-01-10T02:03:50,2044.4,03be6a45140bf15382b04777d0e3abf02d7af112,1357936
autoland,3869862,13,ffaba559b8f75178eed537731f258b1129b7fe97,linux1804-64-shippable-qr,True,False,,|c|o|l|d| |f|i|s|s|i|o|n| |w|e|b|r|e|n|d|e|r|,102210fe594ee9b33d82058545b1ed14f4c8206e,LastVisualChange,cnn,True,cnn LastVisualChange opt cold fission webrender,,77,ms,firefox,442790959,1823478901,2024-01-10T06:33:00,2038.3,8d93c10892064c983f5603645b9f6db6494fac24,1357998
autoland,3869862,13,ffaba559b8f75178eed537731f258b1129b7fe97,linux1804-64-shippable-qr,True,False,,|c|o|l|d| |f|i|s|s|i|o|n| |w|e|b|r|e|n|d|e|r|,102210fe594ee9b33d82058545b1ed14f4c8206e,LastVisualChange,cnn,True,cnn LastVisualChange opt cold fission webrender,,77,ms,firefox,442830750,1823623966,2024-01-10T11:50:05,2032.2,645f7ed438fb8172e3e4db34d3d7821251ae066c,1358132
autoland,3869862,13,ffaba559b8f75178eed537731f258b1129b7fe97,linux1804-64-shippable-qr,True,False,,|c|o|l|d| |f|i|s|s|i|o|n| |w|e|b|r|e|n|d|e|r|,102210fe594ee9b33d82058545b1ed14f4c8206e,LastVisualChange,cnn,True,cnn LastVisualChange opt cold fission webrender,,77,ms,firefox,442859489,1823726722,2024-01-10T15:53:53,2017.9,abbd6756776d8ea1ff22b8a5ee76e1417583f893,1358258
autoland,3869862,13,ffaba559b8f75178eed537731f258b1129b7fe97,linux1804-64-shippable-qr,True,False,,|c|o|l|d| |f|i|s|s|i|o|n| |w|e|b|r|e|n|d|e|r|,102210fe594ee9b33d82058545b1ed14f4c8206e,LastVisualChange,cnn,True,cnn LastVisualChange opt cold fission webrender,,77,ms,firefox,442916910,1824018956,2024-01-10T17:13:27,2067.0,a6a3c60d31894fa2c788c6498b98e529a6ce0202,1358311
autoland,3869862,13,ffaba559b8f75178eed537731f258b1129b7fe97,linux1804-64-shippable-qr,True,False,,|c|o|l|d| |f|i|s|s|i|o|n| |w|e|b|r|e|n|d|e|r|,102210fe594ee9b33d82058545b1ed14f4c8206e,LastVisualChange,cnn,True,cnn LastVisualChange opt cold fission webrender,,77,ms,firefox,442916654,1823985963,2024-01-10T17:16:57,2050.5,cefca88dbb5f5ddbed3d4d2d541ce66924187b3f,1358312
autoland,3869862,13,ffaba559b8f75178eed537731f258b1129b7fe97,linux1804-64-shippable-qr,True,False,,|c|o|l|d| |f|i|s|s|i|o|n| |w|e|b|r|e|n|d|e|r|,102210fe594ee9b33d82058545b1ed14f4c8206e,LastVisualChange,cnn,True,cnn LastVisualChange opt cold fission webrender,,77,ms,firefox,442916744,1823999654,2024-01-10T17:17:38,2032.5,8ce5b5a3f4cb435bbade6c5ce303b682c2624aca,1358313
autoland,3869862,13,ffaba559b8f75178eed537731f258b1129b7fe97,linux1804-64-shippable-qr,True,False,,|c|o|l|d| |f|i|s|s|i|o|n| |w|e|b|r|e|n|d|e|r|,102210fe594ee9b33d82058545b1ed14f4c8206e,LastVisualChange,cnn,True,cnn LastVisualChange opt cold fission webrender,,77,ms,firefox,442879644,1823903472,2024-01-10T20:02:55,2053.2,13107fcd50cf2795a397cd8d72ce290a0b34a909,1358406
autoland,3869862,13,ffaba559b8f75178eed537731f258b1129b7fe97,linux1804-64-shippable-qr,True,False,,|c|o|l|d| |f|i|s|s|i|o|n| |w|e|b|r|e|n|d|e|r|,102210fe594ee9b33d82058545b1ed14f4c8206e,LastVisualChange,cnn,True,cnn LastVisualChange opt cold fission webrender,,77,ms,firefox,442906898,1823951345,2024-01-11T01:22:24,2040.7,1a93f0a64a7f897212da58c5753433922e0953cb,1358548
autoland,3869862,13,ffaba559b8f75178eed537731f258b1129b7fe97,linux1804-64-shippable-qr,True,False,,|c|o|l|d| |f|i|s|s|i|o|n| |w|e|b|r|e|n|d|e|r|,102210fe594ee9b33d82058545b1ed14f4c8206e,LastVisualChange,cnn,True,cnn LastVisualChange opt cold fission webrender,,77,ms,firefox,442928630,1824052908,2024-01-11T07:34:58,2015.7,53b379d2ca1da12d341d8c9f8e59575152c88b27,1358622
autoland,3869862,13,ffaba559b8f75178eed537731f258b1129b7fe97,linux1804-64-shippable-qr,True,False,,|c|o|l|d| |f|i|s|s|i|o|n| |w|e|b|r|e|n|d|e|r|,102210fe594ee9b33d82058545b1ed14f4c8206e,LastVisualChange,cnn,True,cnn LastVisualChange opt cold fission webrender,,77,ms,firefox,442936097,1824085489,2024-01-11T09:13:52,2014.4,0bd36479d605b1a8748ee37096ff0d54383f0402,1358650
autoland,3869862,13,ffaba559b8f75178eed537731f258b1129b7fe97,linux1804-64-shippable-qr,True,False,,|c|o|l|d| |f|i|s|s|i|o|n| |w|e|b|r|e|n|d|e|r|,102210fe594ee9b33d82058545b1ed14f4c8206e,LastVisualChange,cnn,True,cnn LastVisualChange opt cold fission webrender,,77,ms,firefox,442968537,1824196618,2024-01-11T13:33:40,2025.4,9e9da9a3335070604e4d44a2a97d897ca73a4c16,1358737
autoland,3869862,13,ffaba559b8f75178eed537731f258b1129b7fe97,linux1804-64-shippable-qr,True,False,,|c|o|l|d| |f|i|s|s|i|o|n| |w|e|b|r|e|n|d|e|r|,102210fe594ee9b33d82058545b1ed14f4c8206e,LastVisualChange,cnn,True,cnn LastVisualChange opt cold fission webrender,,77,ms,firefox,442982585,1824259822,2024-01-11T15:31:24,2057.4,0fbc415c1704aee17dbd065e8d41e057993f1797,1358816
autoland,3869862,13,ffaba559b8f75178eed537731f258b1129b7fe97,linux1804-64-shippable-qr,True,False,,|c|o|l|d| |f|i|s|s|i|o|n| |w|e|b|r|e|n|d|e|r|,102210fe594ee9b33d82058545b1ed14f4c8206e,LastVisualChange,cnn,True,cnn LastVisualChange opt cold fission webrender,,77,ms,firefox,443070594,1824724399,2024-01-11T18:18:15,2035.0,c968fa42e944e86d2ef0e1790169260c72d1767b,1358919
autoland,3869862,13,ffaba559b8f75178eed537731f258b1129b7fe97,linux1804-64-shippable-qr,True,False,,|c|o|l|d| |f|i|s|s|i|o|n| |w|e|b|r|e|n|d|e|r|,102210fe594ee9b33d82058545b1ed14f4c8206e,LastVisualChange,cnn,True,cnn LastVisualChange opt cold fission webrender,,77,ms,firefox,443070310,1824716459,2024-01-11T18:24:24,2023.8,c742a756f169303b59bc595b6ad84ce7314a1789,1358925
autoland,3869862,13,ffaba559b8f75178eed537731f258b1129b7fe97,linux1804-64-shippable-qr,True,False,,|c|o|l|d| |f|i|s|s|i|o|n| |w|e|b|r|e|n|d|e|r|,102210fe594ee9b33d82058545b1ed14f4c8206e,LastVisualChange,cnn,True,cnn LastVisualChange opt cold fission webrender,,77,ms,firefox,443018997,1824390094,2024-01-11T19:45:18,2021.3,51d3d025e7fa3113193da45b9c1b1d792060a4c3,1358981
autoland,3869862,13,ffaba559b8f75178eed537731f258b1129b7fe97,linux1804-64-shippable-qr,True,False,,|c|o|l|d| |f|i|s|s|i|o|n| |w|e|b|r|e|n|d|e|r|,102210fe594ee9b33d82058545b1ed14f4c8206e,LastVisualChange,cnn,True,cnn LastVisualChange opt cold fission webrender,,77,ms,firefox,443069660,1824702653,2024-01-11T19:53:37,2053.0,dfcfa98a7e21b51e5559d4bee58d465a40576f31,1358986
autoland,3869862,13,ffaba559b8f75178eed537731f258b1129b7fe97,linux1804-64-shippable-qr,True,False,,|c|o|l|d| |f|i|s|s|i|o|n| |w|e|b|r|e|n|d|e|r|,102210fe594ee9b33d82058545b1ed14f4c8206e,LastVisualChange,cnn,True,cnn LastVisualChange opt cold fission webrender,,77,ms,firefox,443020793,1824417892,2024-01-11T20:05:09,2132.4,8f1e9e2c902a89cfb9f9ea20307fb3ee8a91a4af,1358995
autoland,3869862,13,ffaba559b8f75178eed537731f258b1129b7fe97,linux1804-64-shippable-qr,True,False,,|c|o|l|d| |f|i|s|s|i|o|n| |w|e|b|r|e|n|d|e|r|,102210fe594ee9b33d82058545b1ed14f4c8206e,LastVisualChange,cnn,True,cnn LastVisualChange opt cold fission webrender,,77,ms,firefox,443056115,1824597363,2024-01-12T01:35:24,2013.1,1d2ccbe0bb6db4d9628b16914b33c5dc5e9406dc,1359176
autoland,3869862,13,ffaba559b8f75178eed537731f258b1129b7fe97,linux1804-64-shippable-qr,True,False,,|c|o|l|d| |f|i|s|s|i|o|n| |w|e|b|r|e|n|d|e|r|,102210fe594ee9b33d82058545b1ed14f4c8206e,LastVisualChange,cnn,True,cnn LastVisualChange opt cold fission webrender,,77,ms,firefox,443072208,1824736894,2024-01-12T05:09:20,2026.7,1dc9f987063cf678f5c26e7534eadc8bfd186fa9,1359210
autoland,3869862,13,ffaba559b8f75178eed537731f258b1129b7fe97,linux1804-64-shippable-qr,True,False,,|c|o|l|d| |f|i|s|s|i|o|n| |w|e|b|r|e|n|d|e|r|,102210fe594ee9b33d82058545b1ed14f4c8206e,LastVisualChange,cnn,True,cnn LastVisualChange opt cold fission webrender,,77,ms,firefox,443098251,1824863812,2024-01-12T09:17:33,2024.8,734e2e027196a9d64120ebf11a01a1b03e494d43,1359269
autoland,3869862,13,ffaba559b8f75178eed537731f258b1129b7fe97,linux1804-64-shippable-qr,True,False,,|c|o|l|d| |f|i|s|s|i|o|n| |w|e|b|r|e|n|d|e|r|,102210fe594ee9b33d82058545b1ed14f4c8206e,LastVisualChange,cnn,True,cnn LastVisualChange opt cold fission webrender,,77,ms,firefox,443099907,1824883867,2024-01-12T09:50:00,2032.7,04e959fcffc3608cfdc8e3812cac822a94eb7f79,1359287
autoland,3869862,13,ffaba559b8f75178eed537731f258b1129b7fe97,linux1804-64-shippable-qr,True,False,,|c|o|l|d| |f|i|s|s|i|o|n| |w|e|b|r|e|n|d|e|r|,102210fe594ee9b33d82058545b1ed14f4c8206e,LastVisualChange,cnn,True,cnn LastVisualChange opt cold fission webrender,,77,ms,firefox,443194772,1825369063,2024-01-12T13:49:10,2029.3,897e093ce0acdad2e945ff5f23e6d89f77ac22a2,1359374
autoland,3869862,13,ffaba559b8f75178eed537731f258b1129b7fe97,linux1804-64-shippable-qr,True,False,,|c|o|l|d| |f|i|s|s|i|o|n| |w|e|b|r|e|n|d|e|r|,102210fe594ee9b33d82058545b1ed14f4c8206e,LastVisualChange,cnn,True,cnn LastVisualChange opt cold fission webrender,,77,ms,firefox,443126599,1824999973,2024-01-12T13:58:07,2057.4,ce67ec7f0570e0dbbb4af59d868791341b3ae825,1359382
autoland,3869862,13,ffaba559b8f75178eed537731f258b1129b7fe97,linux1804-64-shippable-qr,True,False,,|c|o|l|d| |f|i|s|s|i|o|n| |w|e|b|r|e|n|d|e|r|,102210fe594ee9b33d82058545b1ed14f4c8206e,LastVisualChange,cnn,True,cnn LastVisualChange opt cold fission webrender,,77,ms,firefox,443138607,1825095624,2024-01-12T15:59:03,2028.6,ca885660ea6d70595474b1663ce6806f7a86a6ea,1359473
autoland,3869862,13,ffaba559b8f75178eed537731f258b1129b7fe97,linux1804-64-shippable-qr,True,False,,|c|o|l|d| |f|i|s|s|i|o|n| |w|e|b|r|e|n|d|e|r|,102210fe594ee9b33d82058545b1ed14f4c8206e,LastVisualChange,cnn,True,cnn LastVisualChange opt cold fission webrender,,77,ms,firefox,443165888,1825221215,2024-01-12T19:38:29,2010.1,00f949eecc1be917553e235f582aeb7e1e1146fd,1359666
autoland,3869862,13,ffaba559b8f75178eed537731f258b1129b7fe97,linux1804-64-shippable-qr,True,False,,|c|o|l|d| |f|i|s|s|i|o|n| |w|e|b|r|e|n|d|e|r|,102210fe594ee9b33d82058545b1ed14f4c8206e,LastVisualChange,cnn,True,cnn LastVisualChange opt cold fission webrender,,77,ms,firefox,443194973,1825379189,2024-01-12T22:22:32,2043.3,941c30d075424ce679789d63701ca84aa524da86,1359751
autoland,3869862,13,ffaba559b8f75178eed537731f258b1129b7fe97,linux1804-64-shippable-qr,True,False,,|c|o|l|d| |f|i|s|s|i|o|n| |w|e|b|r|e|n|d|e|r|,102210fe594ee9b33d82058545b1ed14f4c8206e,LastVisualChange,cnn,True,cnn LastVisualChange opt cold fission webrender,,77,ms,firefox,443184188,1825279574,2024-01-12T23:40:01,2009.5,53d4d65c33f1a556689dd9de738b173142e52749,1359778
autoland,3869862,13,ffaba559b8f75178eed537731f258b1129b7fe97,linux1804-64-shippable-qr,True,False,,|c|o|l|d| |f|i|s|s|i|o|n| |w|e|b|r|e|n|d|e|r|,102210fe594ee9b33d82058545b1ed14f4c8206e,LastVisualChange,cnn,True,cnn LastVisualChange opt cold fission webrender,,77,ms,firefox,443204175,1825421304,2024-01-13T08:47:40,1986.6,1c1cef3dae75411dbe9bc03547274f506cade636,1359844
autoland,3869862,13,ffaba559b8f75178eed537731f258b1129b7fe97,linux1804-64-shippable-qr,True,False,,|c|o|l|d| |f|i|s|s|i|o|n| |w|e|b|r|e|n|d|e|r|,102210fe594ee9b33d82058545b1ed14f4c8206e,LastVisualChange,cnn,True,cnn LastVisualChange opt cold fission webrender,,77,ms,firefox,443228213,1825515736,2024-01-13T14:38:07,2001.2,9e96d1447f6c77f15bcd1c7fa432cefae4418038,1359886
autoland,3869862,13,ffaba559b8f75178eed537731f258b1129b7fe97,linux1804-64-shippable-qr,True,False,,|c|o|l|d| |f|i|s|s|i|o|n| |w|e|b|r|e|n|d|e|r|,102210fe594ee9b33d82058545b1ed14f4c8206e,LastVisualChange,cnn,True,cnn LastVisualChange opt cold fission webrender,,77,ms,firefox,443248375,1825602122,2024-01-13T23:22:39,1985.4,05b08c9f9a5822b969513dda16d5f55e322ade4f,1359908
autoland,3869862,13,ffaba559b8f75178eed537731f258b1129b7fe97,linux1804-64-shippable-qr,True,False,,|c|o|l|d| |f|i|s|s|i|o|n| |w|e|b|r|e|n|d|e|r|,102210fe594ee9b33d82058545b1ed14f4c8206e,LastVisualChange,cnn,True,cnn LastVisualChange opt cold fission webrender,,77,ms,firefox,443275748,1825764130,2024-01-14T13:25:52,2013.0,b24d63d72f77a64fe5d8bce6420b88e7e0c4d9da,1359942
autoland,3869862,13,ffaba559b8f75178eed537731f258b1129b7fe97,linux1804-64-shippable-qr,True,False,,|c|o|l|d| |f|i|s|s|i|o|n| |w|e|b|r|e|n|d|e|r|,102210fe594ee9b33d82058545b1ed14f4c8206e,LastVisualChange,cnn,True,cnn LastVisualChange opt cold fission webrender,,77,ms,firefox,443299229,1825859664,2024-01-15T05:08:04,1984.0,de4567bec5231630b24dbc8a0f117c108e274afc,1360013
autoland,3869862,13,ffaba559b8f75178eed537731f258b1129b7fe97,linux1804-64-shippable-qr,True,False,,|c|o|l|d| |f|i|s|s|i|o|n| |w|e|b|r|e|n|d|e|r|,102210fe594ee9b33d82058545b1ed14f4c8206e,LastVisualChange,cnn,True,cnn LastVisualChange opt cold fission webrender,,77,ms,firefox,443303487,1825891429,2024-01-15T06:43:10,1973.1,fed0bf16c40eba956c10bb3214420acaf75ee212,1360023
autoland,3869862,13,ffaba559b8f75178eed537731f258b1129b7fe97,linux1804-64-shippable-qr,True,False,,|c|o|l|d| |f|i|s|s|i|o|n| |w|e|b|r|e|n|d|e|r|,102210fe594ee9b33d82058545b1ed14f4c8206e,LastVisualChange,cnn,True,cnn LastVisualChange opt cold fission webrender,,77,ms,firefox,443331773,1825997855,2024-01-15T11:02:38,2058.1,43598f45eee98e83ea2f55ce9a36e000770cf985,1360080
autoland,3869862,13,ffaba559b8f75178eed537731f258b1129b7fe97,linux1804-64-shippable-qr,True,False,,|c|o|l|d| |f|i|s|s|i|o|n| |w|e|b|r|e|n|d|e|r|,102210fe594ee9b33d82058545b1ed14f4c8206e,LastVisualChange,cnn,True,cnn LastVisualChange opt cold fission webrender,,77,ms,firefox,443343232,1826039525,2024-01-15T13:01:22,1981.5,253b1ef032b4e35683449c7af5d9effaa417e813,1360125
autoland,3869862,13,ffaba559b8f75178eed537731f258b1129b7fe97,linux1804-64-shippable-qr,True,False,,|c|o|l|d| |f|i|s|s|i|o|n| |w|e|b|r|e|n|d|e|r|,102210fe594ee9b33d82058545b1ed14f4c8206e,LastVisualChange,cnn,True,cnn LastVisualChange opt cold fission webrender,,77,ms,firefox,443430574,1826472201,2024-01-15T13:14:28,2001.8,96407685e7579866b7cb890b16c2d05cde908fed,1360129
autoland,3869862,13,ffaba559b8f75178eed537731f258b1129b7fe97,linux1804-64-shippable-qr,True,False,,|c|o|l|d| |f|i|s|s|i|o|n| |w|e|b|r|e|n|d|e|r|,102210fe594ee9b33d82058545b1ed14f4c8206e,LastVisualChange,cnn,True,cnn LastVisualChange opt cold fission webrender,,77,ms,firefox,443429996,1826412368,2024-01-15T14:24:27,1997.6,8188051a080f272a706f8fb169248c4677069f6b,1360138
autoland,3869862,13,ffaba559b8f75178eed537731f258b1129b7fe97,linux1804-64-shippable-qr,True,False,,|c|o|l|d| |f|i|s|s|i|o|n| |w|e|b|r|e|n|d|e|r|,102210fe594ee9b33d82058545b1ed14f4c8206e,LastVisualChange,cnn,True,cnn LastVisualChange opt cold fission webrender,,77,ms,firefox,443430075,1826424383,2024-01-15T16:25:19,1988.5,c99a236b215f1a49f9abf0d88cc6217ddc6d0623,1360277
autoland,3869862,13,ffaba559b8f75178eed537731f258b1129b7fe97,linux1804-64-shippable-qr,True,False,,|c|o|l|d| |f|i|s|s|i|o|n| |w|e|b|r|e|n|d|e|r|,102210fe594ee9b33d82058545b1ed14f4c8206e,LastVisualChange,cnn,True,cnn LastVisualChange opt cold fission webrender,,77,ms,firefox,443430387,1826462202,2024-01-15T16:26:09,1972.6,dc36bc5a45acf968a84adb6249e9193a2307c43e,1360279
autoland,3869862,13,ffaba559b8f75178eed537731f258b1129b7fe97,linux1804-64-shippable-qr,True,False,,|c|o|l|d| |f|i|s|s|i|o|n| |w|e|b|r|e|n|d|e|r|,102210fe594ee9b33d82058545b1ed14f4c8206e,LastVisualChange,cnn,True,cnn LastVisualChange opt cold fission webrender,,77,ms,firefox,443369403,1826207925,2024-01-15T16:45:21,1969.1,a9ede7f8216422a86a2b25e0696d884c8a069b78,1360291
autoland,3869862,13,ffaba559b8f75178eed537731f258b1129b7fe97,linux1804-64-shippable-qr,True,False,,|c|o|l|d| |f|i|s|s|i|o|n| |w|e|b|r|e|n|d|e|r|,102210fe594ee9b33d82058545b1ed14f4c8206e,LastVisualChange,cnn,True,cnn LastVisualChange opt cold fission webrender,,77,ms,firefox,443410342,1826307723,2024-01-15T21:04:35,1985.2,8a68c5a8cac8300a140767d36eaed293e8f2664c,1360446
autoland,3869862,13,ffaba559b8f75178eed537731f258b1129b7fe97,linux1804-64-shippable-qr,True,False,,|c|o|l|d| |f|i|s|s|i|o|n| |w|e|b|r|e|n|d|e|r|,102210fe594ee9b33d82058545b1ed14f4c8206e,LastVisualChange,cnn,True,cnn LastVisualChange opt cold fission webrender,,77,ms,firefox,443421786,1826359620,2024-01-16T02:30:18,1977.2,02d1a62ad90af487d859bc4971a43862dceeda6e,1360561
autoland,3869862,13,ffaba559b8f75178eed537731f258b1129b7fe97,linux1804-64-shippable-qr,True,False,,|c|o|l|d| |f|i|s|s|i|o|n| |w|e|b|r|e|n|d|e|r|,102210fe594ee9b33d82058545b1ed14f4c8206e,LastVisualChange,cnn,True,cnn LastVisualChange opt cold fission webrender,,77,ms,firefox,443427860,1826389679,2024-01-16T03:41:09,1975.5,70cdba288eb3585a65e68748b4aecfe615cf92e8,1360576
autoland,3869862,13,ffaba559b8f75178eed537731f258b1129b7fe97,linux1804-64-shippable-qr,True,False,,|c|o|l|d| |f|i|s|s|i|o|n| |w|e|b|r|e|n|d|e|r|,102210fe594ee9b33d82058545b1ed14f4c8206e,LastVisualChange,cnn,True,cnn LastVisualChange opt cold fission webrender,,77,ms,firefox,443447322,1826526066,2024-01-16T08:02:14,1958.4,f2c924263ffece6d0b30e6a52dfd32792c5bf5ab,1360634
autoland,3869862,13,ffaba559b8f75178eed537731f258b1129b7fe97,linux1804-64-shippable-qr,True,False,,|c|o|l|d| |f|i|s|s|i|o|n| |w|e|b|r|e|n|d|e|r|,102210fe594ee9b33d82058545b1ed14f4c8206e,LastVisualChange,cnn,True,cnn LastVisualChange opt cold fission webrender,,77,ms,firefox,443485165,1826643281,2024-01-16T12:14:54,2006.5,b7a792b71de6beb8e167d10494fa1c387f55f9c2,1360755
autoland,3869862,13,ffaba559b8f75178eed537731f258b1129b7fe97,linux1804-64-shippable-qr,True,False,,|c|o|l|d| |f|i|s|s|i|o|n| |w|e|b|r|e|n|d|e|r|,102210fe594ee9b33d82058545b1ed14f4c8206e,LastVisualChange,cnn,True,cnn LastVisualChange opt cold fission webrender,,77,ms,firefox,443570695,1827058385,2024-01-16T16:07:16,1985.3,07af0d2b5ced38fc72f57fb9619e9e8430edc630,1360917
autoland,3869862,13,ffaba559b8f75178eed537731f258b1129b7fe97,linux1804-64-shippable-qr,True,False,,|c|o|l|d| |f|i|s|s|i|o|n| |w|e|b|r|e|n|d|e|r|,102210fe594ee9b33d82058545b1ed14f4c8206e,LastVisualChange,cnn,True,cnn LastVisualChange opt cold fission webrender,,77,ms,firefox,443570948,1827105256,2024-01-16T16:09:52,1994.8,63082f3bb107e1a4f6692ea836f8812a9af8f74c,1360920
autoland,3869862,13,ffaba559b8f75178eed537731f258b1129b7fe97,linux1804-64-shippable-qr,True,False,,|c|o|l|d| |f|i|s|s|i|o|n| |w|e|b|r|e|n|d|e|r|,102210fe594ee9b33d82058545b1ed14f4c8206e,LastVisualChange,cnn,True,cnn LastVisualChange opt cold fission webrender,,77,ms,firefox,443504574,1826742206,2024-01-16T16:10:42,1983.1,c57d859580d036c47f9c0140e247b012211f6475,1360921
autoland,3869862,13,ffaba559b8f75178eed537731f258b1129b7fe97,linux1804-64-shippable-qr,True,False,,|c|o|l|d| |f|i|s|s|i|o|n| |w|e|b|r|e|n|d|e|r|,102210fe594ee9b33d82058545b1ed14f4c8206e,LastVisualChange,cnn,True,cnn LastVisualChange opt cold fission webrender,,77,ms,firefox,443521338,1826833252,2024-01-16T18:47:57,2023.7,70d83d705e48aa6e7e7f765142176e775044db26,1361053
autoland,3869862,13,ffaba559b8f75178eed537731f258b1129b7fe97,linux1804-64-shippable-qr,True,False,,|c|o|l|d| |f|i|s|s|i|o|n| |w|e|b|r|e|n|d|e|r|,102210fe594ee9b33d82058545b1ed14f4c8206e,LastVisualChange,cnn,True,cnn LastVisualChange opt cold fission webrender,,77,ms,firefox,443539176,1826891790,2024-01-16T21:05:47,1996.2,be11cd2890f611f1552236eed7ffe53fba913a46,1361171
autoland,3869862,13,ffaba559b8f75178eed537731f258b1129b7fe97,linux1804-64-shippable-qr,True,False,,|c|o|l|d| |f|i|s|s|i|o|n| |w|e|b|r|e|n|d|e|r|,102210fe594ee9b33d82058545b1ed14f4c8206e,LastVisualChange,cnn,True,cnn LastVisualChange opt cold fission webrender,,77,ms,firefox,443575187,1827120500,2024-01-16T21:13:17,1992.0,e14244196def7be57366bd3c3b31e7218266e883,1361177
autoland,3869862,13,ffaba559b8f75178eed537731f258b1129b7fe97,linux1804-64-shippable-qr,True,False,,|c|o|l|d| |f|i|s|s|i|o|n| |w|e|b|r|e|n|d|e|r|,102210fe594ee9b33d82058545b1ed14f4c8206e,LastVisualChange,cnn,True,cnn LastVisualChange opt cold fission webrender,,77,ms,firefox,443561813,1827009698,2024-01-16T21:16:43,2005.9,7a65679aabcf9e5a522b9fbd3463109e4b2946c2,1361180
autoland,3869862,13,ffaba559b8f75178eed537731f258b1129b7fe97,linux1804-64-shippable-qr,True,False,,|c|o|l|d| |f|i|s|s|i|o|n| |w|e|b|r|e|n|d|e|r|,102210fe594ee9b33d82058545b1ed14f4c8206e,LastVisualChange,cnn,True,cnn LastVisualChange opt cold fission webrender,,77,ms,firefox,443555274,1826958527,2024-01-17T00:27:37,1978.8,2425c93f20f61b806df955141332d7cb553c6efb,1361277
autoland,3869862,13,ffaba559b8f75178eed537731f258b1129b7fe97,linux1804-64-shippable-qr,True,False,,|c|o|l|d| |f|i|s|s|i|o|n| |w|e|b|r|e|n|d|e|r|,102210fe594ee9b33d82058545b1ed14f4c8206e,LastVisualChange,cnn,True,cnn LastVisualChange opt cold fission webrender,,77,ms,firefox,443572901,1827108439,2024-01-17T05:04:36,2000.4,71000174812fc0992b6793e53ac5f11f1b87bdc0,1361364
autoland,3869862,13,ffaba559b8f75178eed537731f258b1129b7fe97,linux1804-64-shippable-qr,True,False,,|c|o|l|d| |f|i|s|s|i|o|n| |w|e|b|r|e|n|d|e|r|,102210fe594ee9b33d82058545b1ed14f4c8206e,LastVisualChange,cnn,True,cnn LastVisualChange opt cold fission webrender,,77,ms,firefox,443604687,1827180208,2024-01-17T09:39:35,1995.0,504ffc20d2ebb35be48357830d614ec96765c802,1361428
autoland,3869862,13,ffaba559b8f75178eed537731f258b1129b7fe97,linux1804-64-shippable-qr,True,False,,|c|o|l|d| |f|i|s|s|i|o|n| |w|e|b|r|e|n|d|e|r|,102210fe594ee9b33d82058545b1ed14f4c8206e,LastVisualChange,cnn,True,cnn LastVisualChange opt cold fission webrender,,77,ms,firefox,443624869,1827242832,2024-01-17T11:04:44,1969.4,362d9aca9e101b9ee8f7efe2a7c456e245e6313c,1361499
autoland,3869862,13,ffaba559b8f75178eed537731f258b1129b7fe97,linux1804-64-shippable-qr,True,False,,|c|o|l|d| |f|i|s|s|i|o|n| |w|e|b|r|e|n|d|e|r|,102210fe594ee9b33d82058545b1ed14f4c8206e,LastVisualChange,cnn,True,cnn LastVisualChange opt cold fission webrender,,77,ms,firefox,443737661,1827830529,2024-01-17T14:10:14,2042.6,a4394526f54b75a6396802e446f5c6741b17bfdd,1361593
autoland,3869862,13,ffaba559b8f75178eed537731f258b1129b7fe97,linux1804-64-shippable-qr,True,False,,|c|o|l|d| |f|i|s|s|i|o|n| |w|e|b|r|e|n|d|e|r|,102210fe594ee9b33d82058545b1ed14f4c8206e,LastVisualChange,cnn,True,cnn LastVisualChange opt cold fission webrender,,77,ms,firefox,443729552,1827782359,2024-01-17T14:11:04,1974.8,51ded5545163f1a0a3ff3790e9a25c0351e5d7b6,1361596
autoland,3869862,13,ffaba559b8f75178eed537731f258b1129b7fe97,linux1804-64-shippable-qr,True,False,,|c|o|l|d| |f|i|s|s|i|o|n| |w|e|b|r|e|n|d|e|r|,102210fe594ee9b33d82058545b1ed14f4c8206e,LastVisualChange,cnn,True,cnn LastVisualChange opt cold fission webrender,,77,ms,firefox,443664831,1827429273,2024-01-17T15:07:48,1980.5,848e3e2acdf34af9e6862b8a77a8d1ea39c48098,1361632
autoland,3869862,13,ffaba559b8f75178eed537731f258b1129b7fe97,linux1804-64-shippable-qr,True,False,,|c|o|l|d| |f|i|s|s|i|o|n| |w|e|b|r|e|n|d|e|r|,102210fe594ee9b33d82058545b1ed14f4c8206e,LastVisualChange,cnn,True,cnn LastVisualChange opt cold fission webrender,,77,ms,firefox,443666682,1827450371,2024-01-17T15:18:54,1967.5,a11dab561c63102a4ed97f42068f448ec332c652,1361644
autoland,3869862,13,ffaba559b8f75178eed537731f258b1129b7fe97,linux1804-64-shippable-qr,True,False,,|c|o|l|d| |f|i|s|s|i|o|n| |w|e|b|r|e|n|d|e|r|,102210fe594ee9b33d82058545b1ed14f4c8206e,LastVisualChange,cnn,True,cnn LastVisualChange opt cold fission webrender,,77,ms,firefox,443714395,1827645558,2024-01-17T23:49:06,1943.4,fe239ad8a8aea4198d356ae3ab92415c5237b530,1361957
autoland,3869862,13,ffaba559b8f75178eed537731f258b1129b7fe97,linux1804-64-shippable-qr,True,False,,|c|o|l|d| |f|i|s|s|i|o|n| |w|e|b|r|e|n|d|e|r|,102210fe594ee9b33d82058545b1ed14f4c8206e,LastVisualChange,cnn,True,cnn LastVisualChange opt cold fission webrender,,77,ms,firefox,443715031,1827661318,2024-01-17T23:52:50,1955.6,79a6322a49b2f811fe674c1802ab75b99d9c95a3,1361961
autoland,3869862,13,ffaba559b8f75178eed537731f258b1129b7fe97,linux1804-64-shippable-qr,True,False,,|c|o|l|d| |f|i|s|s|i|o|n| |w|e|b|r|e|n|d|e|r|,102210fe594ee9b33d82058545b1ed14f4c8206e,LastVisualChange,cnn,True,cnn LastVisualChange opt cold fission webrender,,77,ms,firefox,443726602,1827766944,2024-01-18T01:49:32,1967.5,c38d482445a0c034ac7b8fc0219092fccdbc58b2,1362034
autoland,3869862,13,ffaba559b8f75178eed537731f258b1129b7fe97,linux1804-64-shippable-qr,True,False,,|c|o|l|d| |f|i|s|s|i|o|n| |w|e|b|r|e|n|d|e|r|,102210fe594ee9b33d82058545b1ed14f4c8206e,LastVisualChange,cnn,True,cnn LastVisualChange opt cold fission webrender,,77,ms,firefox,443757347,1827936245,2024-01-18T06:50:06,1978.5,a505d6315623943fb581b7f21beece40fc6faf17,1362092
autoland,3869862,13,ffaba559b8f75178eed537731f258b1129b7fe97,linux1804-64-shippable-qr,True,False,,|c|o|l|d| |f|i|s|s|i|o|n| |w|e|b|r|e|n|d|e|r|,102210fe594ee9b33d82058545b1ed14f4c8206e,LastVisualChange,cnn,True,cnn LastVisualChange opt cold fission webrender,,77,ms,firefox,443781573,1828053381,2024-01-18T10:52:50,1967.1,0688ca401470034e41e10f2480620e88cac2700f,1362184
autoland,3869862,13,ffaba559b8f75178eed537731f258b1129b7fe97,linux1804-64-shippable-qr,True,False,,|c|o|l|d| |f|i|s|s|i|o|n| |w|e|b|r|e|n|d|e|r|,102210fe594ee9b33d82058545b1ed14f4c8206e,LastVisualChange,cnn,True,cnn LastVisualChange opt cold fission webrender,,77,ms,firefox,443894363,1828636976,2024-01-18T11:51:21,1986.3,b0cfcec88155f8d78471d5ec65ef775e7f6b2eb5,1362206
autoland,3869862,13,ffaba559b8f75178eed537731f258b1129b7fe97,linux1804-64-shippable-qr,True,False,,|c|o|l|d| |f|i|s|s|i|o|n| |w|e|b|r|e|n|d|e|r|,102210fe594ee9b33d82058545b1ed14f4c8206e,LastVisualChange,cnn,True,cnn LastVisualChange opt cold fission webrender,,77,ms,firefox,443890988,1828613245,2024-01-18T11:53:45,1976.9,be072303feafdac9f5574eb97613a65b9784d9b7,1362207
autoland,3869862,13,ffaba559b8f75178eed537731f258b1129b7fe97,linux1804-64-shippable-qr,True,False,,|c|o|l|d| |f|i|s|s|i|o|n| |w|e|b|r|e|n|d|e|r|,102210fe594ee9b33d82058545b1ed14f4c8206e,LastVisualChange,cnn,True,cnn LastVisualChange opt cold fission webrender,,77,ms,firefox,443799900,1828179506,2024-01-18T13:21:23,1974.4,68ff26df33468fe750b39f175b43b8507718ece4,1362232
autoland,3869862,13,ffaba559b8f75178eed537731f258b1129b7fe97,linux1804-64-shippable-qr,True,False,,|c|o|l|d| |f|i|s|s|i|o|n| |w|e|b|r|e|n|d|e|r|,102210fe594ee9b33d82058545b1ed14f4c8206e,LastVisualChange,cnn,True,cnn LastVisualChange opt cold fission webrender,,77,ms,firefox,443890919,1828603260,2024-01-18T16:01:44,1990.4,b3320921a0a66b56eb50ebd3bd8baf0ebd8d44d2,1362331
autoland,3869862,13,ffaba559b8f75178eed537731f258b1129b7fe97,linux1804-64-shippable-qr,True,False,,|c|o|l|d| |f|i|s|s|i|o|n| |w|e|b|r|e|n|d|e|r|,102210fe594ee9b33d82058545b1ed14f4c8206e,LastVisualChange,cnn,True,cnn LastVisualChange opt cold fission webrender,,77,ms,firefox,443890874,1828597628,2024-01-18T16:29:27,1966.8,da092d881d44f60e7c5ae33f596dcdf706117ced,1362347
autoland,3869862,13,ffaba559b8f75178eed537731f258b1129b7fe97,linux1804-64-shippable-qr,True,False,,|c|o|l|d| |f|i|s|s|i|o|n| |w|e|b|r|e|n|d|e|r|,102210fe594ee9b33d82058545b1ed14f4c8206e,LastVisualChange,cnn,True,cnn LastVisualChange opt cold fission webrender,,77,ms,firefox,443828836,1828320988,2024-01-18T17:52:02,2032.8,2b70f662a79773d519e78f0b8b64723a20b1e788,1362427
autoland,3869862,13,ffaba559b8f75178eed537731f258b1129b7fe97,linux1804-64-shippable-qr,True,False,,|c|o|l|d| |f|i|s|s|i|o|n| |w|e|b|r|e|n|d|e|r|,102210fe594ee9b33d82058545b1ed14f4c8206e,LastVisualChange,cnn,True,cnn LastVisualChange opt cold fission webrender,,77,ms,firefox,443871575,1828483203,2024-01-18T23:10:50,2016.5,ef9ad6a28dae5d4efbe723dde5068cfdde493918,1362632
autoland,3869862,13,ffaba559b8f75178eed537731f258b1129b7fe97,linux1804-64-shippable-qr,True,False,,|c|o|l|d| |f|i|s|s|i|o|n| |w|e|b|r|e|n|d|e|r|,102210fe594ee9b33d82058545b1ed14f4c8206e,LastVisualChange,cnn,True,cnn LastVisualChange opt cold fission webrender,,77,ms,firefox,443872855,1828495754,2024-01-18T23:17:45,2004.3,5624cd2e1525fd15b148c44ce2106fce74d6f297,1362637
autoland,3869862,13,ffaba559b8f75178eed537731f258b1129b7fe97,linux1804-64-shippable-qr,True,False,,|c|o|l|d| |f|i|s|s|i|o|n| |w|e|b|r|e|n|d|e|r|,102210fe594ee9b33d82058545b1ed14f4c8206e,LastVisualChange,cnn,True,cnn LastVisualChange opt cold fission webrender,,77,ms,firefox,443893714,1828634171,2024-01-19T04:17:47,1996.1,b6393478fdf670fcce10fd4334c2601561eaea5d,1362724
autoland,3869862,13,ffaba559b8f75178eed537731f258b1129b7fe97,linux1804-64-shippable-qr,True,False,,|c|o|l|d| |f|i|s|s|i|o|n| |w|e|b|r|e|n|d|e|r|,102210fe594ee9b33d82058545b1ed14f4c8206e,LastVisualChange,cnn,True,cnn LastVisualChange opt cold fission webrender,,77,ms,firefox,443925078,1828760862,2024-01-19T10:07:40,2003.3,99bf71eaca444aa371e7c84536a1b8aa434ef205,1362807
autoland,3869862,13,ffaba559b8f75178eed537731f258b1129b7fe97,linux1804-64-shippable-qr,True,False,,|c|o|l|d| |f|i|s|s|i|o|n| |w|e|b|r|e|n|d|e|r|,102210fe594ee9b33d82058545b1ed14f4c8206e,LastVisualChange,cnn,True,cnn LastVisualChange opt cold fission webrender,,77,ms,firefox,443928663,1828773605,2024-01-19T10:28:03,2011.8,7459e9088955262e4430e24661d856acc7ca8929,1362814
autoland,3869862,13,ffaba559b8f75178eed537731f258b1129b7fe97,linux1804-64-shippable-qr,True,False,,|c|o|l|d| |f|i|s|s|i|o|n| |w|e|b|r|e|n|d|e|r|,102210fe594ee9b33d82058545b1ed14f4c8206e,LastVisualChange,cnn,True,cnn LastVisualChange opt cold fission webrender,,77,ms,firefox,444013171,1829308193,2024-01-19T13:26:37,2005.3,4ec2b9afc62ae7c623f8c0ab5ced5f9ce44bcc0c,1362882
autoland,3869862,13,ffaba559b8f75178eed537731f258b1129b7fe97,linux1804-64-shippable-qr,True,False,,|c|o|l|d| |f|i|s|s|i|o|n| |w|e|b|r|e|n|d|e|r|,102210fe594ee9b33d82058545b1ed14f4c8206e,LastVisualChange,cnn,True,cnn LastVisualChange opt cold fission webrender,,77,ms,firefox,443957622,1828889405,2024-01-19T14:55:23,1997.7,3aabb457a4630b878d121ef2eb9d2f0448847a6b,1362913
autoland,3869862,13,ffaba559b8f75178eed537731f258b1129b7fe97,linux1804-64-shippable-qr,True,False,,|c|o|l|d| |f|i|s|s|i|o|n| |w|e|b|r|e|n|d|e|r|,102210fe594ee9b33d82058545b1ed14f4c8206e,LastVisualChange,cnn,True,cnn LastVisualChange opt cold fission webrender,,77,ms,firefox,443979956,1829009423,2024-01-19T19:17:59,2003.6,1ccd394332683308e570afe9039275d8e79be900,1363113
autoland,3869862,13,ffaba559b8f75178eed537731f258b1129b7fe97,linux1804-64-shippable-qr,True,False,,|c|o|l|d| |f|i|s|s|i|o|n| |w|e|b|r|e|n|d|e|r|,102210fe594ee9b33d82058545b1ed14f4c8206e,LastVisualChange,cnn,True,cnn LastVisualChange opt cold fission webrender,,77,ms,firefox,444004230,1829204788,2024-01-20T00:04:44,1981.2,6d2ef7f226a0360135c1955b8805bd41d9af41e4,1363285
autoland,3869862,13,ffaba559b8f75178eed537731f258b1129b7fe97,linux1804-64-shippable-qr,True,False,,|c|o|l|d| |f|i|s|s|i|o|n| |w|e|b|r|e|n|d|e|r|,102210fe594ee9b33d82058545b1ed14f4c8206e,LastVisualChange,cnn,True,cnn LastVisualChange opt cold fission webrender,,77,ms,firefox,444012214,1829292599,2024-01-20T04:18:19,1995.9,5471899cc9d0a7dfda174e9d7cfc986c2820eff8,1363367
autoland,3869862,13,ffaba559b8f75178eed537731f258b1129b7fe97,linux1804-64-shippable-qr,True,False,,|c|o|l|d| |f|i|s|s|i|o|n| |w|e|b|r|e|n|d|e|r|,102210fe594ee9b33d82058545b1ed14f4c8206e,LastVisualChange,cnn,True,cnn LastVisualChange opt cold fission webrender,,77,ms,firefox,444040823,1829499817,2024-01-21T00:59:25,1997.2,4f4fa003a90f9d818ecfa36474300a11af18be25,1363463
autoland,3869862,13,ffaba559b8f75178eed537731f258b1129b7fe97,linux1804-64-shippable-qr,True,False,,|c|o|l|d| |f|i|s|s|i|o|n| |w|e|b|r|e|n|d|e|r|,102210fe594ee9b33d82058545b1ed14f4c8206e,LastVisualChange,cnn,True,cnn LastVisualChange opt cold fission webrender,,77,ms,firefox,444067964,1829572569,2024-01-21T14:36:57,1573.3,0361c1f29babcfb2f10e1646dffe72cd452a3df4,1363517
autoland,3869862,13,ffaba559b8f75178eed537731f258b1129b7fe97,linux1804-64-shippable-qr,True,False,,|c|o|l|d| |f|i|s|s|i|o|n| |w|e|b|r|e|n|d|e|r|,102210fe594ee9b33d82058545b1ed14f4c8206e,LastVisualChange,cnn,True,cnn LastVisualChange opt cold fission webrender,,77,ms,firefox,444097491,1829700727,2024-01-22T07:43:27,1990.8,6b4a069fe37d2413229dda3b61ccaf7b8f3a5f5d,1363663
autoland,3869862,13,ffaba559b8f75178eed537731f258b1129b7fe97,linux1804-64-shippable-qr,True,False,,|c|o|l|d| |f|i|s|s|i|o|n| |w|e|b|r|e|n|d|e|r|,102210fe594ee9b33d82058545b1ed14f4c8206e,LastVisualChange,cnn,True,cnn LastVisualChange opt cold fission webrender,,77,ms,firefox,444246464,1830345404,2024-01-22T09:55:26,2006.6,4de25e9a950057c7f2f7ca5b4730c41df1d2bfe1,1363706
autoland,3869862,13,ffaba559b8f75178eed537731f258b1129b7fe97,linux1804-64-shippable-qr,True,False,,|c|o|l|d| |f|i|s|s|i|o|n| |w|e|b|r|e|n|d|e|r|,102210fe594ee9b33d82058545b1ed14f4c8206e,LastVisualChange,cnn,True,cnn LastVisualChange opt cold fission webrender,,77,ms,firefox,444121976,1829779685,2024-01-22T10:58:56,1993.0,095c9da9e10fc012c2e6a7d929fdcc7c03d09373,1363731
autoland,3869862,13,ffaba559b8f75178eed537731f258b1129b7fe97,linux1804-64-shippable-qr,True,False,,|c|o|l|d| |f|i|s|s|i|o|n| |w|e|b|r|e|n|d|e|r|,102210fe594ee9b33d82058545b1ed14f4c8206e,LastVisualChange,cnn,True,cnn LastVisualChange opt cold fission webrender,,77,ms,firefox,444162669,1830009423,2024-01-22T15:24:53,1981.0,58cedc1e4ff28881f9ebd1749feaa24edbded9ce,1363894
autoland,3869862,13,ffaba559b8f75178eed537731f258b1129b7fe97,linux1804-64-shippable-qr,True,False,,|c|o|l|d| |f|i|s|s|i|o|n| |w|e|b|r|e|n|d|e|r|,102210fe594ee9b33d82058545b1ed14f4c8206e,LastVisualChange,cnn,True,cnn LastVisualChange opt cold fission webrender,,77,ms,firefox,444167604,1830025855,2024-01-22T15:55:20,2015.7,82dfbdd770bc54674f82bae256dae683772884af,1363920
autoland,3869862,13,ffaba559b8f75178eed537731f258b1129b7fe97,linux1804-64-shippable-qr,True,False,,|c|o|l|d| |f|i|s|s|i|o|n| |w|e|b|r|e|n|d|e|r|,102210fe594ee9b33d82058545b1ed14f4c8206e,LastVisualChange,cnn,True,cnn LastVisualChange opt cold fission webrender,,77,ms,firefox,444197925,1830091563,2024-01-22T18:55:34,2018.2,ef71d190cd57de7a178f312b29fc104e6e3e98d4,1364078
autoland,3869862,13,ffaba559b8f75178eed537731f258b1129b7fe97,linux1804-64-shippable-qr,True,False,,|c|o|l|d| |f|i|s|s|i|o|n| |w|e|b|r|e|n|d|e|r|,102210fe594ee9b33d82058545b1ed14f4c8206e,LastVisualChange,cnn,True,cnn LastVisualChange opt cold fission webrender,,77,ms,firefox,444240746,1830279460,2024-01-22T22:04:08,1997.8,06bafd5cf7f34e757edddf2def6a98003c6b1643,1364244
autoland,3869862,13,ffaba559b8f75178eed537731f258b1129b7fe97,linux1804-64-shippable-qr,True,False,,|c|o|l|d| |f|i|s|s|i|o|n| |w|e|b|r|e|n|d|e|r|,102210fe594ee9b33d82058545b1ed14f4c8206e,LastVisualChange,cnn,True,cnn LastVisualChange opt cold fission webrender,,77,ms,firefox,444244554,1830308633,2024-01-23T00:22:14,1957.1,43fa5aa71c8c00288a4fe686f0e4bf72e2f5f28d,1364332
autoland,3869862,13,ffaba559b8f75178eed537731f258b1129b7fe97,linux1804-64-shippable-qr,True,False,,|c|o|l|d| |f|i|s|s|i|o|n| |w|e|b|r|e|n|d|e|r|,102210fe594ee9b33d82058545b1ed14f4c8206e,LastVisualChange,cnn,True,cnn LastVisualChange opt cold fission webrender,,77,ms,firefox,444260036,1830424551,2024-01-23T05:54:31,2044.1,fcdb6404eb0234c50bf85922bacad525da6851d5,1364408
autoland,3869862,13,ffaba559b8f75178eed537731f258b1129b7fe97,linux1804-64-shippable-qr,True,False,,|c|o|l|d| |f|i|s|s|i|o|n| |w|e|b|r|e|n|d|e|r|,102210fe594ee9b33d82058545b1ed14f4c8206e,LastVisualChange,cnn,True,cnn LastVisualChange opt cold fission webrender,,77,ms,firefox,444307928,1830619649,2024-01-23T14:14:29,2012.6,296f1b67a4750aa2166832b5b9d8ba0eee6fe635,1364570
autoland,3869862,13,ffaba559b8f75178eed537731f258b1129b7fe97,linux1804-64-shippable-qr,True,False,,|c|o|l|d| |f|i|s|s|i|o|n| |w|e|b|r|e|n|d|e|r|,102210fe594ee9b33d82058545b1ed14f4c8206e,LastVisualChange,cnn,True,cnn LastVisualChange opt cold fission webrender,,77,ms,firefox,444337379,1830799588,2024-01-23T14:50:16,1979.9,f3efca74da0f43269bd8ac07e2a5d27e89c4d7c3,1364607
autoland,3869862,13,ffaba559b8f75178eed537731f258b1129b7fe97,linux1804-64-shippable-qr,True,False,,|c|o|l|d| |f|i|s|s|i|o|n| |w|e|b|r|e|n|d|e|r|,102210fe594ee9b33d82058545b1ed14f4c8206e,LastVisualChange,cnn,True,cnn LastVisualChange opt cold fission webrender,,77,ms,firefox,444337380,1830799687,2024-01-23T14:50:16,1978.5,f3efca74da0f43269bd8ac07e2a5d27e89c4d7c3,1364607
autoland,3869862,13,ffaba559b8f75178eed537731f258b1129b7fe97,linux1804-64-shippable-qr,True,False,,|c|o|l|d| |f|i|s|s|i|o|n| |w|e|b|r|e|n|d|e|r|,102210fe594ee9b33d82058545b1ed14f4c8206e,LastVisualChange,cnn,True,cnn LastVisualChange opt cold fission webrender,,77,ms,firefox,444340426,1830819091,2024-01-23T14:50:16,2001.4,f3efca74da0f43269bd8ac07e2a5d27e89c4d7c3,1364607
autoland,3869862,13,ffaba559b8f75178eed537731f258b1129b7fe97,linux1804-64-shippable-qr,True,False,,|c|o|l|d| |f|i|s|s|i|o|n| |w|e|b|r|e|n|d|e|r|,102210fe594ee9b33d82058545b1ed14f4c8206e,LastVisualChange,cnn,True,cnn LastVisualChange opt cold fission webrender,,77,ms,firefox,444340441,1830819015,2024-01-23T14:50:16,1984.3,f3efca74da0f43269bd8ac07e2a5d27e89c4d7c3,1364607
autoland,3869862,13,ffaba559b8f75178eed537731f258b1129b7fe97,linux1804-64-shippable-qr,True,False,,|c|o|l|d| |f|i|s|s|i|o|n| |w|e|b|r|e|n|d|e|r|,102210fe594ee9b33d82058545b1ed14f4c8206e,LastVisualChange,cnn,True,cnn LastVisualChange opt cold fission webrender,,77,ms,firefox,444461553,1831366219,2024-01-23T15:33:06,1986.6,cd7ab7cab97da5debfab77a966f3a8522c3dd916,1364661
autoland,3869862,13,ffaba559b8f75178eed537731f258b1129b7fe97,linux1804-64-shippable-qr,True,False,,|c|o|l|d| |f|i|s|s|i|o|n| |w|e|b|r|e|n|d|e|r|,102210fe594ee9b33d82058545b1ed14f4c8206e,LastVisualChange,cnn,True,cnn LastVisualChange opt cold fission webrender,,77,ms,firefox,444391573,1831080405,2024-01-23T15:33:54,2055.4,c46a7cea75e6f516fea201de317fd0ebc3c20de2,1364664
autoland,3869862,13,ffaba559b8f75178eed537731f258b1129b7fe97,linux1804-64-shippable-qr,True,False,,|c|o|l|d| |f|i|s|s|i|o|n| |w|e|b|r|e|n|d|e|r|,102210fe594ee9b33d82058545b1ed14f4c8206e,LastVisualChange,cnn,True,cnn LastVisualChange opt cold fission webrender,,77,ms,firefox,444546247,1831808447,2024-01-24T01:36:46,1963.7,9d584197c87fdcf2d80ad4dd2989ead88349b0c8,1365186
autoland,3869862,13,ffaba559b8f75178eed537731f258b1129b7fe97,linux1804-64-shippable-qr,True,False,,|c|o|l|d| |f|i|s|s|i|o|n| |w|e|b|r|e|n|d|e|r|,102210fe594ee9b33d82058545b1ed14f4c8206e,LastVisualChange,cnn,True,cnn LastVisualChange opt cold fission webrender,,77,ms,firefox,444388829,1831051616,2024-01-24T02:38:58,1977.8,a0389da68b91e5a92b02ccd9e65991bffb5d5771,1365197
autoland,3869862,13,ffaba559b8f75178eed537731f258b1129b7fe97,linux1804-64-shippable-qr,True,False,,|c|o|l|d| |f|i|s|s|i|o|n| |w|e|b|r|e|n|d|e|r|,102210fe594ee9b33d82058545b1ed14f4c8206e,LastVisualChange,cnn,True,cnn LastVisualChange opt cold fission webrender,,77,ms,firefox,444404938,1831143946,2024-01-24T06:43:12,2018.8,eed6f8e8fe3af01f49be74cc1be72d51e5a0933f,1365260
autoland,3869862,13,ffaba559b8f75178eed537731f258b1129b7fe97,linux1804-64-shippable-qr,True,False,,|c|o|l|d| |f|i|s|s|i|o|n| |w|e|b|r|e|n|d|e|r|,102210fe594ee9b33d82058545b1ed14f4c8206e,LastVisualChange,cnn,True,cnn LastVisualChange opt cold fission webrender,,77,ms,firefox,444405771,1831165271,2024-01-24T06:57:11,2005.0,7079db6b8da9081aee6b0ce96b68f368efec3277,1365262
autoland,3869862,13,ffaba559b8f75178eed537731f258b1129b7fe97,linux1804-64-shippable-qr,True,False,,|c|o|l|d| |f|i|s|s|i|o|n| |w|e|b|r|e|n|d|e|r|,102210fe594ee9b33d82058545b1ed14f4c8206e,LastVisualChange,cnn,True,cnn LastVisualChange opt cold fission webrender,,77,ms,firefox,444452850,1831360054,2024-01-24T11:40:35,1974.3,ce20634f32a1b78384fbbc028b4f86266056e7fb,1365369
autoland,3869862,13,ffaba559b8f75178eed537731f258b1129b7fe97,linux1804-64-shippable-qr,True,False,,|c|o|l|d| |f|i|s|s|i|o|n| |w|e|b|r|e|n|d|e|r|,102210fe594ee9b33d82058545b1ed14f4c8206e,LastVisualChange,cnn,True,cnn LastVisualChange opt cold fission webrender,,77,ms,firefox,444620233,1832178409,2024-01-24T13:36:01,1955.7,be8632f7e7d18102bb10385103f6cef2a0615b03,1365437
autoland,3869862,13,ffaba559b8f75178eed537731f258b1129b7fe97,linux1804-64-shippable-qr,True,False,,|c|o|l|d| |f|i|s|s|i|o|n| |w|e|b|r|e|n|d|e|r|,102210fe594ee9b33d82058545b1ed14f4c8206e,LastVisualChange,cnn,True,cnn LastVisualChange opt cold fission webrender,,77,ms,firefox,444620191,1832178386,2024-01-24T14:06:56,1979.1,848327e627b55c5a1265d68591ecf4c756ce58e5,1365454
autoland,3869862,13,ffaba559b8f75178eed537731f258b1129b7fe97,linux1804-64-shippable-qr,True,False,,|c|o|l|d| |f|i|s|s|i|o|n| |w|e|b|r|e|n|d|e|r|,102210fe594ee9b33d82058545b1ed14f4c8206e,LastVisualChange,cnn,True,cnn LastVisualChange opt cold fission webrender,,77,ms,firefox,444503730,1831585510,2024-01-24T18:01:21,1980.1,e22428605dbb49942204564b03db80f474ea35ba,1365677
autoland,3869862,13,ffaba559b8f75178eed537731f258b1129b7fe97,linux1804-64-shippable-qr,True,False,,|c|o|l|d| |f|i|s|s|i|o|n| |w|e|b|r|e|n|d|e|r|,102210fe594ee9b33d82058545b1ed14f4c8206e,LastVisualChange,cnn,True,cnn LastVisualChange opt cold fission webrender,,77,ms,firefox,444529167,1831731088,2024-01-24T22:08:16,1976.6,b8b82bd9546fe4e63cd5e9d29248d87665c548b8,1365907
autoland,3869862,13,ffaba559b8f75178eed537731f258b1129b7fe97,linux1804-64-shippable-qr,True,False,,|c|o|l|d| |f|i|s|s|i|o|n| |w|e|b|r|e|n|d|e|r|,102210fe594ee9b33d82058545b1ed14f4c8206e,LastVisualChange,cnn,True,cnn LastVisualChange opt cold fission webrender,,77,ms,firefox,444568581,1831913984,2024-01-25T07:56:38,1971.1,c0289f78466cf0bf8a6871ef3417c180aab77e07,1366087
autoland,3869862,13,ffaba559b8f75178eed537731f258b1129b7fe97,linux1804-64-shippable-qr,True,False,,|c|o|l|d| |f|i|s|s|i|o|n| |w|e|b|r|e|n|d|e|r|,102210fe594ee9b33d82058545b1ed14f4c8206e,LastVisualChange,cnn,True,cnn LastVisualChange opt cold fission webrender,,77,ms,firefox,444596496,1832035209,2024-01-25T12:05:33,1957.4,c746000752516a4b8ede1f6a5c7b2f4be12a33d7,1366202
autoland,3869862,13,ffaba559b8f75178eed537731f258b1129b7fe97,linux1804-64-shippable-qr,True,False,,|c|o|l|d| |f|i|s|s|i|o|n| |w|e|b|r|e|n|d|e|r|,102210fe594ee9b33d82058545b1ed14f4c8206e,LastVisualChange,cnn,True,cnn LastVisualChange opt cold fission webrender,,77,ms,firefox,444787955,1832980292,2024-01-26T11:04:34,1967.2,18f5823716e4c35d7c899d2ce4be7fcd66cab9d0,1366921
autoland,3869862,13,ffaba559b8f75178eed537731f258b1129b7fe97,linux1804-64-shippable-qr,True,False,,|c|o|l|d| |f|i|s|s|i|o|n| |w|e|b|r|e|n|d|e|r|,102210fe594ee9b33d82058545b1ed14f4c8206e,LastVisualChange,cnn,True,cnn LastVisualChange opt cold fission webrender,,77,ms,firefox,444786248,1832966968,2024-01-26T15:49:43,1995.0,19005661ad786853d186a7d3434e6c290bccaa95,1367044
autoland,3869862,13,ffaba559b8f75178eed537731f258b1129b7fe97,linux1804-64-shippable-qr,True,False,,|c|o|l|d| |f|i|s|s|i|o|n| |w|e|b|r|e|n|d|e|r|,102210fe594ee9b33d82058545b1ed14f4c8206e,LastVisualChange,cnn,True,cnn LastVisualChange opt cold fission webrender,,77,ms,firefox,444785003,1832939848,2024-01-26T15:52:38,1954.0,4641c3dcf0c3cfbdc8976f2fcc6898107149e19e,1367050
autoland,3869862,13,ffaba559b8f75178eed537731f258b1129b7fe97,linux1804-64-shippable-qr,True,False,,|c|o|l|d| |f|i|s|s|i|o|n| |w|e|b|r|e|n|d|e|r|,102210fe594ee9b33d82058545b1ed14f4c8206e,LastVisualChange,cnn,True,cnn LastVisualChange opt cold fission webrender,,77,ms,firefox,444810697,1833090870,2024-01-26T20:02:47,1988.5,38fb47dac16804e3d5c8211277f084198e43de88,1367207
autoland,3869862,13,ffaba559b8f75178eed537731f258b1129b7fe97,linux1804-64-shippable-qr,True,False,,|c|o|l|d| |f|i|s|s|i|o|n| |w|e|b|r|e|n|d|e|r|,102210fe594ee9b33d82058545b1ed14f4c8206e,LastVisualChange,cnn,True,cnn LastVisualChange opt cold fission webrender,,77,ms,firefox,444831113,1833218699,2024-01-26T20:05:08,1958.7,ac4906fa040ce76ad5ea8f73caf83045f291b613,1367213
autoland,3869862,13,ffaba559b8f75178eed537731f258b1129b7fe97,linux1804-64-shippable-qr,True,False,,|c|o|l|d| |f|i|s|s|i|o|n| |w|e|b|r|e|n|d|e|r|,102210fe594ee9b33d82058545b1ed14f4c8206e,LastVisualChange,cnn,True,cnn LastVisualChange opt cold fission webrender,,77,ms,firefox,444835128,1833234117,2024-01-27T00:32:58,1965.0,99babcb9f349f4d91fe26290269d9d25fc1bbd04,1367362
autoland,3869862,13,ffaba559b8f75178eed537731f258b1129b7fe97,linux1804-64-shippable-qr,True,False,,|c|o|l|d| |f|i|s|s|i|o|n| |w|e|b|r|e|n|d|e|r|,102210fe594ee9b33d82058545b1ed14f4c8206e,LastVisualChange,cnn,True,cnn LastVisualChange opt cold fission webrender,,77,ms,firefox,444846545,1833399619,2024-01-27T06:05:38,2003.2,1e79d9e65ec0577bb7d698c86edc6f35b4f92ce8,1367422
autoland,3869862,13,ffaba559b8f75178eed537731f258b1129b7fe97,linux1804-64-shippable-qr,True,False,,|c|o|l|d| |f|i|s|s|i|o|n| |w|e|b|r|e|n|d|e|r|,102210fe594ee9b33d82058545b1ed14f4c8206e,LastVisualChange,cnn,True,cnn LastVisualChange opt cold fission webrender,,77,ms,firefox,444879298,1833589582,2024-01-27T14:01:44,1979.2,09a1abcfcfb73aa1ae9781d2816102729c0f82a6,1367473
autoland,3869862,13,ffaba559b8f75178eed537731f258b1129b7fe97,linux1804-64-shippable-qr,True,False,,|c|o|l|d| |f|i|s|s|i|o|n| |w|e|b|r|e|n|d|e|r|,102210fe594ee9b33d82058545b1ed14f4c8206e,LastVisualChange,cnn,True,cnn LastVisualChange opt cold fission webrender,,77,ms,firefox,444900300,1833731235,2024-01-28T01:17:56,1982.9,2e376c0d1662606cf6811ab3ff138b784d465291,1367530
autoland,3869862,13,ffaba559b8f75178eed537731f258b1129b7fe97,linux1804-64-shippable-qr,True,False,,|c|o|l|d| |f|i|s|s|i|o|n| |w|e|b|r|e|n|d|e|r|,102210fe594ee9b33d82058545b1ed14f4c8206e,LastVisualChange,cnn,True,cnn LastVisualChange opt cold fission webrender,,77,ms,firefox,444948267,1833997919,2024-01-28T06:00:30,1952.5,0f372a16b1e1e959f46701e4210f6a6eaf4e40ec,1367545
autoland,3869862,13,ffaba559b8f75178eed537731f258b1129b7fe97,linux1804-64-shippable-qr,True,False,,|c|o|l|d| |f|i|s|s|i|o|n| |w|e|b|r|e|n|d|e|r|,102210fe594ee9b33d82058545b1ed14f4c8206e,LastVisualChange,cnn,True,cnn LastVisualChange opt cold fission webrender,,77,ms,firefox,444949583,1834000710,2024-01-28T10:01:02,2000.7,9b32d8116833ab08f4e3f0b18c12587ac1f9360b,1367556
autoland,3869862,13,ffaba559b8f75178eed537731f258b1129b7fe97,linux1804-64-shippable-qr,True,False,,|c|o|l|d| |f|i|s|s|i|o|n| |w|e|b|r|e|n|d|e|r|,102210fe594ee9b33d82058545b1ed14f4c8206e,LastVisualChange,cnn,True,cnn LastVisualChange opt cold fission webrender,,77,ms,firefox,444946063,1833973007,2024-01-28T14:31:15,1972.3,13780f5cb2f5d698f35a23f2fafa1593ef7affe9,1367584
autoland,3869862,13,ffaba559b8f75178eed537731f258b1129b7fe97,linux1804-64-shippable-qr,True,False,,|c|o|l|d| |f|i|s|s|i|o|n| |w|e|b|r|e|n|d|e|r|,102210fe594ee9b33d82058545b1ed14f4c8206e,LastVisualChange,cnn,True,cnn LastVisualChange opt cold fission webrender,,77,ms,firefox,444970126,1834103600,2024-01-29T01:40:26,1994.7,852acff05fb8be21502af8fc12cceeb2baa70dd7,1367631
autoland,3869862,13,ffaba559b8f75178eed537731f258b1129b7fe97,linux1804-64-shippable-qr,True,False,,|c|o|l|d| |f|i|s|s|i|o|n| |w|e|b|r|e|n|d|e|r|,102210fe594ee9b33d82058545b1ed14f4c8206e,LastVisualChange,cnn,True,cnn LastVisualChange opt cold fission webrender,,77,ms,firefox,445008274,1834291519,2024-01-29T10:50:01,1982.0,fce9e73861891da48d1a0b85240491fa3e042f8b,1367743
autoland,3869862,13,ffaba559b8f75178eed537731f258b1129b7fe97,linux1804-64-shippable-qr,True,False,,|c|o|l|d| |f|i|s|s|i|o|n| |w|e|b|r|e|n|d|e|r|,102210fe594ee9b33d82058545b1ed14f4c8206e,LastVisualChange,cnn,True,cnn LastVisualChange opt cold fission webrender,,77,ms,firefox,445062213,1834519204,2024-01-29T14:53:09,1979.1,97de3c8a7931e01c1a1c1cf6ac90a580607b77c9,1367876
autoland,3869862,13,ffaba559b8f75178eed537731f258b1129b7fe97,linux1804-64-shippable-qr,True,False,,|c|o|l|d| |f|i|s|s|i|o|n| |w|e|b|r|e|n|d|e|r|,102210fe594ee9b33d82058545b1ed14f4c8206e,LastVisualChange,cnn,True,cnn LastVisualChange opt cold fission webrender,,77,ms,firefox,445044289,1834431649,2024-01-29T14:59:33,1977.2,8e91f5176c0f6e1689a893ed34d5046dbbd1122e,1367883
autoland,3869862,13,ffaba559b8f75178eed537731f258b1129b7fe97,linux1804-64-shippable-qr,True,False,,|c|o|l|d| |f|i|s|s|i|o|n| |w|e|b|r|e|n|d|e|r|,102210fe594ee9b33d82058545b1ed14f4c8206e,LastVisualChange,cnn,True,cnn LastVisualChange opt cold fission webrender,,77,ms,firefox,445073912,1834555060,2024-01-29T17:46:45,1974.9,8913eab3409d19e1cf1a2c19f256256c293b3154,1368035
autoland,3869862,13,ffaba559b8f75178eed537731f258b1129b7fe97,linux1804-64-shippable-qr,True,False,,|c|o|l|d| |f|i|s|s|i|o|n| |w|e|b|r|e|n|d|e|r|,102210fe594ee9b33d82058545b1ed14f4c8206e,LastVisualChange,cnn,True,cnn LastVisualChange opt cold fission webrender,,77,ms,firefox,445099580,1834693479,2024-01-29T21:21:15,1971.2,57a27d8b6d2a7f1f5c1ec710e4a09422fb9c05e1,1368229
autoland,3869862,13,ffaba559b8f75178eed537731f258b1129b7fe97,linux1804-64-shippable-qr,True,False,,|c|o|l|d| |f|i|s|s|i|o|n| |w|e|b|r|e|n|d|e|r|,102210fe594ee9b33d82058545b1ed14f4c8206e,LastVisualChange,cnn,True,cnn LastVisualChange opt cold fission webrender,,77,ms,firefox,445124089,1834783400,2024-01-29T23:10:28,1975.8,b762b1918611946f2efce40512efc3b9e5dffeb4,1368268
autoland,3869862,13,ffaba559b8f75178eed537731f258b1129b7fe97,linux1804-64-shippable-qr,True,False,,|c|o|l|d| |f|i|s|s|i|o|n| |w|e|b|r|e|n|d|e|r|,102210fe594ee9b33d82058545b1ed14f4c8206e,LastVisualChange,cnn,True,cnn LastVisualChange opt cold fission webrender,,77,ms,firefox,445127081,1834814486,2024-01-29T23:11:10,1979.2,cf44126862404cba2f62cb4052b457b4a17052c2,1368269
autoland,3869862,13,ffaba559b8f75178eed537731f258b1129b7fe97,linux1804-64-shippable-qr,True,False,,|c|o|l|d| |f|i|s|s|i|o|n| |w|e|b|r|e|n|d|e|r|,102210fe594ee9b33d82058545b1ed14f4c8206e,LastVisualChange,cnn,True,cnn LastVisualChange opt cold fission webrender,,77,ms,firefox,445115036,1834733163,2024-01-30T01:21:53,1976.2,265910d5bfe79cc856e1c18d9e403fed38ee5a79,1368286
autoland,3869862,13,ffaba559b8f75178eed537731f258b1129b7fe97,linux1804-64-shippable-qr,True,False,,|c|o|l|d| |f|i|s|s|i|o|n| |w|e|b|r|e|n|d|e|r|,102210fe594ee9b33d82058545b1ed14f4c8206e,LastVisualChange,cnn,True,cnn LastVisualChange opt cold fission webrender,,77,ms,firefox,445291286,1835800952,2024-01-30T02:38:36,1984.3,ab57d25172caf6ccb530b4064f03630a54325d5d,1368358
autoland,3869862,13,ffaba559b8f75178eed537731f258b1129b7fe97,linux1804-64-shippable-qr,True,False,,|c|o|l|d| |f|i|s|s|i|o|n| |w|e|b|r|e|n|d|e|r|,102210fe594ee9b33d82058545b1ed14f4c8206e,LastVisualChange,cnn,True,cnn LastVisualChange opt cold fission webrender,,77,ms,firefox,445291346,1835810115,2024-01-30T02:48:40,1953.7,5d6eda16e0084bfea54586bd3a7cecf7c6a2c86b,1368362
autoland,3869862,13,ffaba559b8f75178eed537731f258b1129b7fe97,linux1804-64-shippable-qr,True,False,,|c|o|l|d| |f|i|s|s|i|o|n| |w|e|b|r|e|n|d|e|r|,102210fe594ee9b33d82058545b1ed14f4c8206e,LastVisualChange,cnn,True,cnn LastVisualChange opt cold fission webrender,,77,ms,firefox,445188531,1835386529,2024-01-30T13:09:07,1958.2,a9528d76a91bc50db12b4a18830536bb25a6e378,1368599
autoland,3869862,13,ffaba559b8f75178eed537731f258b1129b7fe97,linux1804-64-shippable-qr,True,False,,|c|o|l|d| |f|i|s|s|i|o|n| |w|e|b|r|e|n|d|e|r|,102210fe594ee9b33d82058545b1ed14f4c8206e,LastVisualChange,cnn,True,cnn LastVisualChange opt cold fission webrender,,77,ms,firefox,445186030,1835256347,2024-01-30T13:14:31,1973.9,91338712d82fcf42896cfc451e6341a5b95963b8,1368603
autoland,3869862,13,ffaba559b8f75178eed537731f258b1129b7fe97,linux1804-64-shippable-qr,True,False,,|c|o|l|d| |f|i|s|s|i|o|n| |w|e|b|r|e|n|d|e|r|,102210fe594ee9b33d82058545b1ed14f4c8206e,LastVisualChange,cnn,True,cnn LastVisualChange opt cold fission webrender,,77,ms,firefox,445283150,1835719643,2024-01-30T13:22:04,1969.5,5eb08718b0d730bce22d08716392a14c090bbc8c,1368619
autoland,3869862,13,ffaba559b8f75178eed537731f258b1129b7fe97,linux1804-64-shippable-qr,True,False,,|c|o|l|d| |f|i|s|s|i|o|n| |w|e|b|r|e|n|d|e|r|,102210fe594ee9b33d82058545b1ed14f4c8206e,LastVisualChange,cnn,True,cnn LastVisualChange opt cold fission webrender,,77,ms,firefox,445291083,1835774242,2024-01-30T13:22:56,1557.2,303334fc1459c8674765c0b5561251b283be50b9,1368620
autoland,3869862,13,ffaba559b8f75178eed537731f258b1129b7fe97,linux1804-64-shippable-qr,True,False,,|c|o|l|d| |f|i|s|s|i|o|n| |w|e|b|r|e|n|d|e|r|,102210fe594ee9b33d82058545b1ed14f4c8206e,LastVisualChange,cnn,True,cnn LastVisualChange opt cold fission webrender,,77,ms,firefox,445201093,1835459215,2024-01-30T14:29:15,1990.9,1ac69623ae79a621c0035377f0841b1ba83070c1,1368655
autoland,3869862,13,ffaba559b8f75178eed537731f258b1129b7fe97,linux1804-64-shippable-qr,True,False,,|c|o|l|d| |f|i|s|s|i|o|n| |w|e|b|r|e|n|d|e|r|,102210fe594ee9b33d82058545b1ed14f4c8206e,LastVisualChange,cnn,True,cnn LastVisualChange opt cold fission webrender,,77,ms,firefox,445237231,1835492986,2024-01-30T18:56:21,1971.1,a3dd43748dcdec6a27a5c140bfd611d463cd9acf,1368858
autoland,3869862,13,ffaba559b8f75178eed537731f258b1129b7fe97,linux1804-64-shippable-qr,True,False,,|c|o|l|d| |f|i|s|s|i|o|n| |w|e|b|r|e|n|d|e|r|,102210fe594ee9b33d82058545b1ed14f4c8206e,LastVisualChange,cnn,True,cnn LastVisualChange opt cold fission webrender,,77,ms,firefox,445248440,1835524903,2024-01-30T20:08:25,1962.2,06b0ce1a9748e18deb48466efed01c1f5a8ff984,1368918
autoland,3869862,13,ffaba559b8f75178eed537731f258b1129b7fe97,linux1804-64-shippable-qr,True,False,,|c|o|l|d| |f|i|s|s|i|o|n| |w|e|b|r|e|n|d|e|r|,102210fe594ee9b33d82058545b1ed14f4c8206e,LastVisualChange,cnn,True,cnn LastVisualChange opt cold fission webrender,,77,ms,firefox,445291176,1835789872,2024-01-30T20:13:45,1957.1,63688f915f53e04177a572d08a5064a8a019c0ba,1368925
autoland,3869862,13,ffaba559b8f75178eed537731f258b1129b7fe97,linux1804-64-shippable-qr,True,False,,|c|o|l|d| |f|i|s|s|i|o|n| |w|e|b|r|e|n|d|e|r|,102210fe594ee9b33d82058545b1ed14f4c8206e,LastVisualChange,cnn,True,cnn LastVisualChange opt cold fission webrender,,77,ms,firefox,445290864,1835762250,2024-01-30T20:14:27,1964.1,e2dede5cbdb79929f778f477a6c8b412f31ea798,1368926
autoland,3869862,13,ffaba559b8f75178eed537731f258b1129b7fe97,linux1804-64-shippable-qr,True,False,,|c|o|l|d| |f|i|s|s|i|o|n| |w|e|b|r|e|n|d|e|r|,102210fe594ee9b33d82058545b1ed14f4c8206e,LastVisualChange,cnn,True,cnn LastVisualChange opt cold fission webrender,,77,ms,firefox,445280046,1835686460,2024-01-31T00:31:01,1995.1,e35109546c3cb0f5957a604c27f5f1dd2b7f81c0,1369086
autoland,3869862,13,ffaba559b8f75178eed537731f258b1129b7fe97,linux1804-64-shippable-qr,True,False,,|c|o|l|d| |f|i|s|s|i|o|n| |w|e|b|r|e|n|d|e|r|,102210fe594ee9b33d82058545b1ed14f4c8206e,LastVisualChange,cnn,True,cnn LastVisualChange opt cold fission webrender,,77,ms,firefox,445276794,1835663810,2024-01-31T00:32:30,1978.7,2cac2f68bfdcfc9012c537044bc475f076bda7b0,1369088
autoland,3869862,13,ffaba559b8f75178eed537731f258b1129b7fe97,linux1804-64-shippable-qr,True,False,,|c|o|l|d| |f|i|s|s|i|o|n| |w|e|b|r|e|n|d|e|r|,102210fe594ee9b33d82058545b1ed14f4c8206e,LastVisualChange,cnn,True,cnn LastVisualChange opt cold fission webrender,,77,ms,firefox,445447082,1836491097,2024-01-31T02:25:46,1973.0,4bad0524f4b8414b9df64413ea27b7af4ec48644,1369133
autoland,3869862,13,ffaba559b8f75178eed537731f258b1129b7fe97,linux1804-64-shippable-qr,True,False,,|c|o|l|d| |f|i|s|s|i|o|n| |w|e|b|r|e|n|d|e|r|,102210fe594ee9b33d82058545b1ed14f4c8206e,LastVisualChange,cnn,True,cnn LastVisualChange opt cold fission webrender,,77,ms,firefox,445454360,1836594788,2024-01-31T02:44:42,1974.1,6c256fa0d22a5793a40b8ab6aafb34d0dd55cffb,1369143
autoland,3869862,13,ffaba559b8f75178eed537731f258b1129b7fe97,linux1804-64-shippable-qr,True,False,,|c|o|l|d| |f|i|s|s|i|o|n| |w|e|b|r|e|n|d|e|r|,102210fe594ee9b33d82058545b1ed14f4c8206e,LastVisualChange,cnn,True,cnn LastVisualChange opt cold fission webrender,,77,ms,firefox,445293658,1835861803,2024-01-31T05:59:52,1967.5,5f6f60ae2125dc46d98b4b9276bce2d562d1f1bf,1369182
autoland,3869862,13,ffaba559b8f75178eed537731f258b1129b7fe97,linux1804-64-shippable-qr,True,False,,|c|o|l|d| |f|i|s|s|i|o|n| |w|e|b|r|e|n|d|e|r|,102210fe594ee9b33d82058545b1ed14f4c8206e,LastVisualChange,cnn,True,cnn LastVisualChange opt cold fission webrender,,77,ms,firefox,445320399,1835963540,2024-01-31T10:01:40,1959.1,201f8fe705d53181047778d1c0722017bab79e95,1369265
autoland,3869862,13,ffaba559b8f75178eed537731f258b1129b7fe97,linux1804-64-shippable-qr,True,False,,|c|o|l|d| |f|i|s|s|i|o|n| |w|e|b|r|e|n|d|e|r|,102210fe594ee9b33d82058545b1ed14f4c8206e,LastVisualChange,cnn,True,cnn LastVisualChange opt cold fission webrender,,77,ms,firefox,445346943,1836037935,2024-01-31T13:01:30,1980.4,5e52e144df4112277cfdda903747f83f1f147385,1369309
autoland,3869862,13,ffaba559b8f75178eed537731f258b1129b7fe97,linux1804-64-shippable-qr,True,False,,|c|o|l|d| |f|i|s|s|i|o|n| |w|e|b|r|e|n|d|e|r|,102210fe594ee9b33d82058545b1ed14f4c8206e,LastVisualChange,cnn,True,cnn LastVisualChange opt cold fission webrender,,77,ms,firefox,445453396,1836556361,2024-01-31T15:58:13,1969.1,b7dab3b0d3f470193a71c5bea19ee5fbaa6530f1,1369399
autoland,3869862,13,ffaba559b8f75178eed537731f258b1129b7fe97,linux1804-64-shippable-qr,True,False,,|c|o|l|d| |f|i|s|s|i|o|n| |w|e|b|r|e|n|d|e|r|,102210fe594ee9b33d82058545b1ed14f4c8206e,LastVisualChange,cnn,True,cnn LastVisualChange opt cold fission webrender,,77,ms,firefox,445446777,1836456696,2024-01-31T16:10:27,1990.8,e5ffa1d00efcd98c1b4b7d4587f0ba8ea89a0db2,1369414
autoland,3869862,13,ffaba559b8f75178eed537731f258b1129b7fe97,linux1804-64-shippable-qr,True,False,,|c|o|l|d| |f|i|s|s|i|o|n| |w|e|b|r|e|n|d|e|r|,102210fe594ee9b33d82058545b1ed14f4c8206e,LastVisualChange,cnn,True,cnn LastVisualChange opt cold fission webrender,,77,ms,firefox,445387026,1836182457,2024-01-31T17:27:18,1953.8,a0bd6c4162065e8caa2b60ce8082f77d53221fb7,1369495
autoland,3869862,13,ffaba559b8f75178eed537731f258b1129b7fe97,linux1804-64-shippable-qr,True,False,,|c|o|l|d| |f|i|s|s|i|o|n| |w|e|b|r|e|n|d|e|r|,102210fe594ee9b33d82058545b1ed14f4c8206e,LastVisualChange,cnn,True,cnn LastVisualChange opt cold fission webrender,,77,ms,firefox,445457404,1836608927,2024-01-31T18:16:51,1986.9,51cfd5dc22d96a1bf9482904157e76f085fa7da7,1369525
autoland,3869862,13,ffaba559b8f75178eed537731f258b1129b7fe97,linux1804-64-shippable-qr,True,False,,|c|o|l|d| |f|i|s|s|i|o|n| |w|e|b|r|e|n|d|e|r|,102210fe594ee9b33d82058545b1ed14f4c8206e,LastVisualChange,cnn,True,cnn LastVisualChange opt cold fission webrender,,77,ms,firefox,445446871,1836468945,2024-01-31T18:17:34,1977.1,e0dd05f7816f3194d0a0a1d44ea0ebc55454b442,1369526
autoland,3869862,13,ffaba559b8f75178eed537731f258b1129b7fe97,linux1804-64-shippable-qr,True,False,,|c|o|l|d| |f|i|s|s|i|o|n| |w|e|b|r|e|n|d|e|r|,102210fe594ee9b33d82058545b1ed14f4c8206e,LastVisualChange,cnn,True,cnn LastVisualChange opt cold fission webrender,,77,ms,firefox,445446971,1836481747,2024-01-31T18:17:34,1957.0,e0dd05f7816f3194d0a0a1d44ea0ebc55454b442,1369526
autoland,3869862,13,ffaba559b8f75178eed537731f258b1129b7fe97,linux1804-64-shippable-qr,True,False,,|c|o|l|d| |f|i|s|s|i|o|n| |w|e|b|r|e|n|d|e|r|,102210fe594ee9b33d82058545b1ed14f4c8206e,LastVisualChange,cnn,True,cnn LastVisualChange opt cold fission webrender,,77,ms,firefox,445453993,1836574232,2024-01-31T18:24:40,1961.9,79a0d8770b55cb81f688dd50a56f2c84295b70f2,1369535
autoland,3869862,13,ffaba559b8f75178eed537731f258b1129b7fe97,linux1804-64-shippable-qr,True,False,,|c|o|l|d| |f|i|s|s|i|o|n| |w|e|b|r|e|n|d|e|r|,102210fe594ee9b33d82058545b1ed14f4c8206e,LastVisualChange,cnn,True,cnn LastVisualChange opt cold fission webrender,,77,ms,firefox,445398344,1836235271,2024-01-31T18:39:44,1961.1,6bfab7427c326136417b187f0df7a7c63528daa3,1369546
autoland,3869862,13,ffaba559b8f75178eed537731f258b1129b7fe97,linux1804-64-shippable-qr,True,False,,|c|o|l|d| |f|i|s|s|i|o|n| |w|e|b|r|e|n|d|e|r|,102210fe594ee9b33d82058545b1ed14f4c8206e,LastVisualChange,cnn,True,cnn LastVisualChange opt cold fission webrender,,77,ms,firefox,445429402,1836355044,2024-01-31T21:40:54,1968.9,2ee5ce9b3c67b7e972b0dff7348ea32cb570880e,1369676
autoland,3869862,13,ffaba559b8f75178eed537731f258b1129b7fe97,linux1804-64-shippable-qr,True,False,,|c|o|l|d| |f|i|s|s|i|o|n| |w|e|b|r|e|n|d|e|r|,102210fe594ee9b33d82058545b1ed14f4c8206e,LastVisualChange,cnn,True,cnn LastVisualChange opt cold fission webrender,,77,ms,firefox,445445992,1836447198,2024-02-01T02:14:37,1970.4,6db2a1e04f4120175d3aad9831795823a4269aab,1369822
autoland,3869862,13,ffaba559b8f75178eed537731f258b1129b7fe97,linux1804-64-shippable-qr,True,False,,|c|o|l|d| |f|i|s|s|i|o|n| |w|e|b|r|e|n|d|e|r|,102210fe594ee9b33d82058545b1ed14f4c8206e,LastVisualChange,cnn,True,cnn LastVisualChange opt cold fission webrender,,77,ms,firefox,445463385,1836698950,2024-02-01T06:47:17,1544.8,959c3318d5c3f3881746455c2c584be49bb179b6,1369862
autoland,3869862,13,ffaba559b8f75178eed537731f258b1129b7fe97,linux1804-64-shippable-qr,True,False,,|c|o|l|d| |f|i|s|s|i|o|n| |w|e|b|r|e|n|d|e|r|,102210fe594ee9b33d82058545b1ed14f4c8206e,LastVisualChange,cnn,True,cnn LastVisualChange opt cold fission webrender,,77,ms,firefox,445496544,1836764877,2024-02-01T11:14:36,1986.5,a6957fa936149dccf133bd99e165c5879c2cb4d5,1370007
autoland,3869862,13,ffaba559b8f75178eed537731f258b1129b7fe97,linux1804-64-shippable-qr,True,False,,|c|o|l|d| |f|i|s|s|i|o|n| |w|e|b|r|e|n|d|e|r|,102210fe594ee9b33d82058545b1ed14f4c8206e,LastVisualChange,cnn,True,cnn LastVisualChange opt cold fission webrender,,77,ms,firefox,445520697,1837149216,2024-02-01T13:09:51,2023.0,93a67689b8581caaa6d429ea7105abf0dc55e98f,1370065
autoland,3869862,13,ffaba559b8f75178eed537731f258b1129b7fe97,linux1804-64-shippable-qr,True,False,,|c|o|l|d| |f|i|s|s|i|o|n| |w|e|b|r|e|n|d|e|r|,102210fe594ee9b33d82058545b1ed14f4c8206e,LastVisualChange,cnn,True,cnn LastVisualChange opt cold fission webrender,,77,ms,firefox,445575685,1837164681,2024-02-01T17:13:14,1970.2,f84c76f9460d8a2a4048954be483e24638c0f39c,1370273
autoland,3869862,13,ffaba559b8f75178eed537731f258b1129b7fe97,linux1804-64-shippable-qr,True,False,,|c|o|l|d| |f|i|s|s|i|o|n| |w|e|b|r|e|n|d|e|r|,102210fe594ee9b33d82058545b1ed14f4c8206e,LastVisualChange,cnn,True,cnn LastVisualChange opt cold fission webrender,,77,ms,firefox,445599062,1837197620,2024-02-01T18:09:58,1973.2,854c462a083b4271435625134f95ce342e243ccb,1370333
autoland,3869862,13,ffaba559b8f75178eed537731f258b1129b7fe97,linux1804-64-shippable-qr,True,False,,|c|o|l|d| |f|i|s|s|i|o|n| |w|e|b|r|e|n|d|e|r|,102210fe594ee9b33d82058545b1ed14f4c8206e,LastVisualChange,cnn,True,cnn LastVisualChange opt cold fission webrender,,77,ms,firefox,445614319,1837207020,2024-02-01T22:12:05,1970.9,144c524a091e2ed65d62b4911026d3400cea02fa,1370552
autoland,3869862,13,ffaba559b8f75178eed537731f258b1129b7fe97,linux1804-64-shippable-qr,True,False,,|c|o|l|d| |f|i|s|s|i|o|n| |w|e|b|r|e|n|d|e|r|,102210fe594ee9b33d82058545b1ed14f4c8206e,LastVisualChange,cnn,True,cnn LastVisualChange opt cold fission webrender,,77,ms,firefox,445620271,1837217111,2024-02-01T22:19:46,1987.0,085a323ab16cb288d40fca29f6bb35d5d7e85753,1370561
autoland,3869862,13,ffaba559b8f75178eed537731f258b1129b7fe97,linux1804-64-shippable-qr,True,False,,|c|o|l|d| |f|i|s|s|i|o|n| |w|e|b|r|e|n|d|e|r|,102210fe594ee9b33d82058545b1ed14f4c8206e,LastVisualChange,cnn,True,cnn LastVisualChange opt cold fission webrender,,77,ms,firefox,445626672,1837254339,2024-02-02T02:49:20,1974.8,dd4c0135beb5076b1a073f8d52507b724781d423,1370659
autoland,3869862,13,ffaba559b8f75178eed537731f258b1129b7fe97,linux1804-64-shippable-qr,True,False,,|c|o|l|d| |f|i|s|s|i|o|n| |w|e|b|r|e|n|d|e|r|,102210fe594ee9b33d82058545b1ed14f4c8206e,LastVisualChange,cnn,True,cnn LastVisualChange opt cold fission webrender,,77,ms,firefox,445719826,1837717141,2024-02-02T13:54:17,1963.6,90d84a362f057a96158ef63f7aa96d639916e390,1370837
autoland,3869862,13,ffaba559b8f75178eed537731f258b1129b7fe97,linux1804-64-shippable-qr,True,False,,|c|o|l|d| |f|i|s|s|i|o|n| |w|e|b|r|e|n|d|e|r|,102210fe594ee9b33d82058545b1ed14f4c8206e,LastVisualChange,cnn,True,cnn LastVisualChange opt cold fission webrender,,77,ms,firefox,445790759,1837982454,2024-02-02T13:58:28,1951.0,85d4a93d2fce8e976fce8c0e6ae573731793a21d,1370841
autoland,3869862,13,ffaba559b8f75178eed537731f258b1129b7fe97,linux1804-64-shippable-qr,True,False,,|c|o|l|d| |f|i|s|s|i|o|n| |w|e|b|r|e|n|d|e|r|,102210fe594ee9b33d82058545b1ed14f4c8206e,LastVisualChange,cnn,True,cnn LastVisualChange opt cold fission webrender,,77,ms,firefox,445708701,1837584456,2024-02-02T14:44:09,1972.4,2d3365b1475ea6b0234b76a4ccfefc8c11e491a0,1370872
autoland,3869862,13,ffaba559b8f75178eed537731f258b1129b7fe97,linux1804-64-shippable-qr,True,False,,|c|o|l|d| |f|i|s|s|i|o|n| |w|e|b|r|e|n|d|e|r|,102210fe594ee9b33d82058545b1ed14f4c8206e,LastVisualChange,cnn,True,cnn LastVisualChange opt cold fission webrender,,77,ms,firefox,445750653,1837833700,2024-02-02T19:53:24,1557.8,67f13af428e383eb2f3472448564da31a6cd3eae,1371106
autoland,3869862,13,ffaba559b8f75178eed537731f258b1129b7fe97,linux1804-64-shippable-qr,True,False,,|c|o|l|d| |f|i|s|s|i|o|n| |w|e|b|r|e|n|d|e|r|,102210fe594ee9b33d82058545b1ed14f4c8206e,LastVisualChange,cnn,True,cnn LastVisualChange opt cold fission webrender,,77,ms,firefox,445773523,1837895611,2024-02-02T21:53:09,1967.8,0a89948ba0c00bf10f2fb02375bb347cffbdc1e1,1371183
autoland,3869862,13,ffaba559b8f75178eed537731f258b1129b7fe97,linux1804-64-shippable-qr,True,False,,|c|o|l|d| |f|i|s|s|i|o|n| |w|e|b|r|e|n|d|e|r|,102210fe594ee9b33d82058545b1ed14f4c8206e,LastVisualChange,cnn,True,cnn LastVisualChange opt cold fission webrender,,77,ms,firefox,445785515,1837957690,2024-02-03T02:32:07,1979.2,b9172a6f32d47b58f805d7cdc242ba32e55cb4a6,1371314
autoland,3869862,13,ffaba559b8f75178eed537731f258b1129b7fe97,linux1804-64-shippable-qr,True,False,,|c|o|l|d| |f|i|s|s|i|o|n| |w|e|b|r|e|n|d|e|r|,102210fe594ee9b33d82058545b1ed14f4c8206e,LastVisualChange,cnn,True,cnn LastVisualChange opt cold fission webrender,,77,ms,firefox,445796847,1838005301,2024-02-03T06:48:17,1972.7,f8d442e9495d595bd8d4c6cbd272480f9d0dbfb5,1371333
autoland,3869862,13,ffaba559b8f75178eed537731f258b1129b7fe97,linux1804-64-shippable-qr,True,False,,|c|o|l|d| |f|i|s|s|i|o|n| |w|e|b|r|e|n|d|e|r|,102210fe594ee9b33d82058545b1ed14f4c8206e,LastVisualChange,cnn,True,cnn LastVisualChange opt cold fission webrender,,77,ms,firefox,445808581,1838042711,2024-02-03T09:08:28,1959.4,6c316fd08b2f2ac6443dd8193a52f819df23ce2e,1371368
autoland,3869862,13,ffaba559b8f75178eed537731f258b1129b7fe97,linux1804-64-shippable-qr,True,False,,|c|o|l|d| |f|i|s|s|i|o|n| |w|e|b|r|e|n|d|e|r|,102210fe594ee9b33d82058545b1ed14f4c8206e,LastVisualChange,cnn,True,cnn LastVisualChange opt cold fission webrender,,77,ms,firefox,445831605,1838126107,2024-02-03T16:51:05,2055.7,234a8e0fb95fc4c3f978bc6c198667481d3115da,1371417
autoland,3869862,13,ffaba559b8f75178eed537731f258b1129b7fe97,linux1804-64-shippable-qr,True,False,,|c|o|l|d| |f|i|s|s|i|o|n| |w|e|b|r|e|n|d|e|r|,102210fe594ee9b33d82058545b1ed14f4c8206e,LastVisualChange,cnn,True,cnn LastVisualChange opt cold fission webrender,,77,ms,firefox,445850224,1838251760,2024-02-04T01:32:05,1970.7,7a5ad9c8b72b8e9fbc0f63d91a955bff54216958,1371481
autoland,3869862,13,ffaba559b8f75178eed537731f258b1129b7fe97,linux1804-64-shippable-qr,True,False,,|c|o|l|d| |f|i|s|s|i|o|n| |w|e|b|r|e|n|d|e|r|,102210fe594ee9b33d82058545b1ed14f4c8206e,LastVisualChange,cnn,True,cnn LastVisualChange opt cold fission webrender,,77,ms,firefox,445877534,1838411386,2024-02-04T11:04:08,1969.8,eb281b3fd4660b5e7e7d1e77f7ebe3182c28569d,1371513
autoland,3869862,13,ffaba559b8f75178eed537731f258b1129b7fe97,linux1804-64-shippable-qr,True,False,,|c|o|l|d| |f|i|s|s|i|o|n| |w|e|b|r|e|n|d|e|r|,102210fe594ee9b33d82058545b1ed14f4c8206e,LastVisualChange,cnn,True,cnn LastVisualChange opt cold fission webrender,,77,ms,firefox,445889830,1838578164,2024-02-04T18:26:12,2002.4,6cb794603d85d30882e94931d5c7cba2c609e8dd,1371541
autoland,3869862,13,ffaba559b8f75178eed537731f258b1129b7fe97,linux1804-64-shippable-qr,True,False,,|c|o|l|d| |f|i|s|s|i|o|n| |w|e|b|r|e|n|d|e|r|,102210fe594ee9b33d82058545b1ed14f4c8206e,LastVisualChange,cnn,True,cnn LastVisualChange opt cold fission webrender,,77,ms,firefox,445907769,1838657381,2024-02-05T01:14:58,1952.0,778e884de4e5ecb46e2d212a6f5f4a13e465a3a4,1371575
autoland,3869862,13,ffaba559b8f75178eed537731f258b1129b7fe97,linux1804-64-shippable-qr,True,False,,|c|o|l|d| |f|i|s|s|i|o|n| |w|e|b|r|e|n|d|e|r|,102210fe594ee9b33d82058545b1ed14f4c8206e,LastVisualChange,cnn,True,cnn LastVisualChange opt cold fission webrender,,77,ms,firefox,445914147,1838693649,2024-02-05T06:38:18,1967.0,9ca12d444230411e2168420a584a7f95e90c1f97,1371605
autoland,3869862,13,ffaba559b8f75178eed537731f258b1129b7fe97,linux1804-64-shippable-qr,True,False,,|c|o|l|d| |f|i|s|s|i|o|n| |w|e|b|r|e|n|d|e|r|,102210fe594ee9b33d82058545b1ed14f4c8206e,LastVisualChange,cnn,True,cnn LastVisualChange opt cold fission webrender,,77,ms,firefox,445953415,1838838894,2024-02-05T11:13:48,1968.5,e026ce62cd3a8700c3c5fb7495521391420d3ef6,1371747
autoland,3869862,13,ffaba559b8f75178eed537731f258b1129b7fe97,linux1804-64-shippable-qr,True,False,,|c|o|l|d| |f|i|s|s|i|o|n| |w|e|b|r|e|n|d|e|r|,102210fe594ee9b33d82058545b1ed14f4c8206e,LastVisualChange,cnn,True,cnn LastVisualChange opt cold fission webrender,,77,ms,firefox,445988095,1838933010,2024-02-05T15:06:21,1953.5,d67e058935bae8bfad9fb5868b225926a25cb64a,1371897
autoland,3869862,13,ffaba559b8f75178eed537731f258b1129b7fe97,linux1804-64-shippable-qr,True,False,,|c|o|l|d| |f|i|s|s|i|o|n| |w|e|b|r|e|n|d|e|r|,102210fe594ee9b33d82058545b1ed14f4c8206e,LastVisualChange,cnn,True,cnn LastVisualChange opt cold fission webrender,,77,ms,firefox,446078820,1839387758,2024-02-05T17:21:25,1949.7,a3f956419067fa1803aa9210eb8252a3fc3daefa,1372043
autoland,3869862,13,ffaba559b8f75178eed537731f258b1129b7fe97,linux1804-64-shippable-qr,True,False,,|c|o|l|d| |f|i|s|s|i|o|n| |w|e|b|r|e|n|d|e|r|,102210fe594ee9b33d82058545b1ed14f4c8206e,LastVisualChange,cnn,True,cnn LastVisualChange opt cold fission webrender,,77,ms,firefox,446080378,1839418975,2024-02-05T17:33:45,1991.0,ae1411029bf854cc5f5d7da7a72697df01667583,1372057
autoland,3869862,13,ffaba559b8f75178eed537731f258b1129b7fe97,linux1804-64-shippable-qr,True,False,,|c|o|l|d| |f|i|s|s|i|o|n| |w|e|b|r|e|n|d|e|r|,102210fe594ee9b33d82058545b1ed14f4c8206e,LastVisualChange,cnn,True,cnn LastVisualChange opt cold fission webrender,,77,ms,firefox,446032762,1839092847,2024-02-05T18:46:19,1964.7,9559ddacce7e802c8bda80f0f58d6cfd6cdd2948,1372136
autoland,3869862,13,ffaba559b8f75178eed537731f258b1129b7fe97,linux1804-64-shippable-qr,True,False,,|c|o|l|d| |f|i|s|s|i|o|n| |w|e|b|r|e|n|d|e|r|,102210fe594ee9b33d82058545b1ed14f4c8206e,LastVisualChange,cnn,True,cnn LastVisualChange opt cold fission webrender,,77,ms,firefox,446060900,1839190589,2024-02-05T23:26:30,1939.0,9f16b642b137c1390a012556c58e9f957a816ef6,1372325
autoland,3869862,13,ffaba559b8f75178eed537731f258b1129b7fe97,linux1804-64-shippable-qr,True,False,,|c|o|l|d| |f|i|s|s|i|o|n| |w|e|b|r|e|n|d|e|r|,102210fe594ee9b33d82058545b1ed14f4c8206e,LastVisualChange,cnn,True,cnn LastVisualChange opt cold fission webrender,,77,ms,firefox,446073511,1839266776,2024-02-06T03:53:00,1944.4,1995789cfffa08b612d3571d2e8596837f772a49,1372390
autoland,3869862,13,ffaba559b8f75178eed537731f258b1129b7fe97,linux1804-64-shippable-qr,True,False,,|c|o|l|d| |f|i|s|s|i|o|n| |w|e|b|r|e|n|d|e|r|,102210fe594ee9b33d82058545b1ed14f4c8206e,LastVisualChange,cnn,True,cnn LastVisualChange opt cold fission webrender,,77,ms,firefox,446092874,1839466740,2024-02-06T07:31:17,1934.8,df0b9539f5604a9aefc6916ce6ecf2e52670b78b,1372455
autoland,3869862,13,ffaba559b8f75178eed537731f258b1129b7fe97,linux1804-64-shippable-qr,True,False,,|c|o|l|d| |f|i|s|s|i|o|n| |w|e|b|r|e|n|d|e|r|,102210fe594ee9b33d82058545b1ed14f4c8206e,LastVisualChange,cnn,True,cnn LastVisualChange opt cold fission webrender,,77,ms,firefox,446143402,1839632391,2024-02-06T11:44:40,1947.6,c48ca61bc9255db0107d377c103a752265b60eb8,1372588
autoland,3869862,13,ffaba559b8f75178eed537731f258b1129b7fe97,linux1804-64-shippable-qr,True,False,,|c|o|l|d| |f|i|s|s|i|o|n| |w|e|b|r|e|n|d|e|r|,102210fe594ee9b33d82058545b1ed14f4c8206e,LastVisualChange,cnn,True,cnn LastVisualChange opt cold fission webrender,,77,ms,firefox,446226643,1839949152,2024-02-06T17:15:13,2004.0,79b38383448166074627506218757a9881ca5679,1372809
autoland,3869862,13,ffaba559b8f75178eed537731f258b1129b7fe97,linux1804-64-shippable-qr,True,False,,|c|o|l|d| |f|i|s|s|i|o|n| |w|e|b|r|e|n|d|e|r|,102210fe594ee9b33d82058545b1ed14f4c8206e,LastVisualChange,cnn,True,cnn LastVisualChange opt cold fission webrender,,77,ms,firefox,446213859,1839917050,2024-02-06T17:24:04,1989.8,1f93ea2744765ca11b90874574cc12168d3828a5,1372818
autoland,3869862,13,ffaba559b8f75178eed537731f258b1129b7fe97,linux1804-64-shippable-qr,True,False,,|c|o|l|d| |f|i|s|s|i|o|n| |w|e|b|r|e|n|d|e|r|,102210fe594ee9b33d82058545b1ed14f4c8206e,LastVisualChange,cnn,True,cnn LastVisualChange opt cold fission webrender,,77,ms,firefox,446280167,1840291873,2024-02-06T18:54:58,1940.9,7b42121a4f48dfc82d82b04a831204e7b9fa7cdb,1372905
autoland,3869862,13,ffaba559b8f75178eed537731f258b1129b7fe97,linux1804-64-shippable-qr,True,False,,|c|o|l|d| |f|i|s|s|i|o|n| |w|e|b|r|e|n|d|e|r|,102210fe594ee9b33d82058545b1ed14f4c8206e,LastVisualChange,cnn,True,cnn LastVisualChange opt cold fission webrender,,77,ms,firefox,446279766,1840283411,2024-02-06T18:55:39,1955.7,e3c76a18de2b4456900f94551dae44407d64eaa3,1372906
autoland,3869862,13,ffaba559b8f75178eed537731f258b1129b7fe97,linux1804-64-shippable-qr,True,False,,|c|o|l|d| |f|i|s|s|i|o|n| |w|e|b|r|e|n|d|e|r|,102210fe594ee9b33d82058545b1ed14f4c8206e,LastVisualChange,cnn,True,cnn LastVisualChange opt cold fission webrender,,77,ms,firefox,446278046,1840264078,2024-02-07T04:17:01,1951.2,1d87eb92ed10d04dccab53b631b14010ca09beb6,1373159
autoland,3869862,13,ffaba559b8f75178eed537731f258b1129b7fe97,linux1804-64-shippable-qr,True,False,,|c|o|l|d| |f|i|s|s|i|o|n| |w|e|b|r|e|n|d|e|r|,102210fe594ee9b33d82058545b1ed14f4c8206e,LastVisualChange,cnn,True,cnn LastVisualChange opt cold fission webrender,,77,ms,firefox,446281175,1840308569,2024-02-07T04:22:59,1944.6,fce00cd55ffb9127f24e7e1d2186178f72429fce,1373168
autoland,3869862,13,ffaba559b8f75178eed537731f258b1129b7fe97,linux1804-64-shippable-qr,True,False,,|c|o|l|d| |f|i|s|s|i|o|n| |w|e|b|r|e|n|d|e|r|,102210fe594ee9b33d82058545b1ed14f4c8206e,LastVisualChange,cnn,True,cnn LastVisualChange opt cold fission webrender,,77,ms,firefox,446304404,1840426559,2024-02-07T08:54:39,1993.5,df59ba0b3152fb8f6812b413bd2a6869bff469c1,1373246
autoland,3869862,13,ffaba559b8f75178eed537731f258b1129b7fe97,linux1804-64-shippable-qr,True,False,,|c|o|l|d| |f|i|s|s|i|o|n| |w|e|b|r|e|n|d|e|r|,102210fe594ee9b33d82058545b1ed14f4c8206e,LastVisualChange,cnn,True,cnn LastVisualChange opt cold fission webrender,,77,ms,firefox,446304257,1840394418,2024-02-07T09:01:16,2018.7,ab5b008e36a4742d737a89c8cbfc1a69e2b76456,1373249
autoland,3869862,13,ffaba559b8f75178eed537731f258b1129b7fe97,linux1804-64-shippable-qr,True,False,,|c|o|l|d| |f|i|s|s|i|o|n| |w|e|b|r|e|n|d|e|r|,102210fe594ee9b33d82058545b1ed14f4c8206e,LastVisualChange,cnn,True,cnn LastVisualChange opt cold fission webrender,,77,ms,firefox,446359645,1840572657,2024-02-07T13:03:40,2001.1,ec34bf3905e43d945effa45ba094092c7355d4b2,1373380
autoland,3869862,13,ffaba559b8f75178eed537731f258b1129b7fe97,linux1804-64-shippable-qr,True,False,,|c|o|l|d| |f|i|s|s|i|o|n| |w|e|b|r|e|n|d|e|r|,102210fe594ee9b33d82058545b1ed14f4c8206e,LastVisualChange,cnn,True,cnn LastVisualChange opt cold fission webrender,,77,ms,firefox,446365111,1840579524,2024-02-07T14:05:10,1977.1,fdda8b6b095615f06fbef5c21ff9ad0a90927c83,1373437
autoland,3869862,13,ffaba559b8f75178eed537731f258b1129b7fe97,linux1804-64-shippable-qr,True,False,,|c|o|l|d| |f|i|s|s|i|o|n| |w|e|b|r|e|n|d|e|r|,102210fe594ee9b33d82058545b1ed14f4c8206e,LastVisualChange,cnn,True,cnn LastVisualChange opt cold fission webrender,,77,ms,firefox,446463109,1841024347,2024-02-07T16:25:30,1933.1,1e73637ac83a296d733bc304b12c2e2f1ba09fe1,1373562
autoland,3869862,13,ffaba559b8f75178eed537731f258b1129b7fe97,linux1804-64-shippable-qr,True,False,,|c|o|l|d| |f|i|s|s|i|o|n| |w|e|b|r|e|n|d|e|r|,102210fe594ee9b33d82058545b1ed14f4c8206e,LastVisualChange,cnn,True,cnn LastVisualChange opt cold fission webrender,,77,ms,firefox,446464289,1841033014,2024-02-07T16:59:51,1965.8,b2e92a2d742f43ad92c80b206b3db15a6256fdd8,1373603
autoland,3869862,13,ffaba559b8f75178eed537731f258b1129b7fe97,linux1804-64-shippable-qr,True,False,,|c|o|l|d| |f|i|s|s|i|o|n| |w|e|b|r|e|n|d|e|r|,102210fe594ee9b33d82058545b1ed14f4c8206e,LastVisualChange,cnn,True,cnn LastVisualChange opt cold fission webrender,,77,ms,firefox,446409800,1840759094,2024-02-07T17:25:01,1991.8,fcafc196f2cef3d5c607edaa0f66c96cdf1708d6,1373622
autoland,3869862,13,ffaba559b8f75178eed537731f258b1129b7fe97,linux1804-64-shippable-qr,True,False,,|c|o|l|d| |f|i|s|s|i|o|n| |w|e|b|r|e|n|d|e|r|,102210fe594ee9b33d82058545b1ed14f4c8206e,LastVisualChange,cnn,True,cnn LastVisualChange opt cold fission webrender,,77,ms,firefox,446430619,1840843395,2024-02-07T21:31:39,1975.4,0eee0e78f83c43165f612c4e7f3f7ff52d665b9c,1373826
autoland,3869862,13,ffaba559b8f75178eed537731f258b1129b7fe97,linux1804-64-shippable-qr,True,False,,|c|o|l|d| |f|i|s|s|i|o|n| |w|e|b|r|e|n|d|e|r|,102210fe594ee9b33d82058545b1ed14f4c8206e,LastVisualChange,cnn,True,cnn LastVisualChange opt cold fission webrender,,77,ms,firefox,446431032,1840852894,2024-02-07T21:36:53,2221.4,1cb745ef034e9cd65d98c15632e13f5862e7390b,1373829
autoland,3869862,13,ffaba559b8f75178eed537731f258b1129b7fe97,linux1804-64-shippable-qr,True,False,,|c|o|l|d| |f|i|s|s|i|o|n| |w|e|b|r|e|n|d|e|r|,102210fe594ee9b33d82058545b1ed14f4c8206e,LastVisualChange,cnn,True,cnn LastVisualChange opt cold fission webrender,,77,ms,firefox,446455647,1840955858,2024-02-08T01:47:30,1962.7,0cb1cb869761baae745081466c878e32a7d83888,1373927
autoland,3869862,13,ffaba559b8f75178eed537731f258b1129b7fe97,linux1804-64-shippable-qr,True,False,,|c|o|l|d| |f|i|s|s|i|o|n| |w|e|b|r|e|n|d|e|r|,102210fe594ee9b33d82058545b1ed14f4c8206e,LastVisualChange,cnn,True,cnn LastVisualChange opt cold fission webrender,,77,ms,firefox,446457456,1840977148,2024-02-08T02:38:53,1984.0,bbcb9c75a4919aa67c2fc1ec689eb69d653990dd,1373953
autoland,3869862,13,ffaba559b8f75178eed537731f258b1129b7fe97,linux1804-64-shippable-qr,True,False,,|c|o|l|d| |f|i|s|s|i|o|n| |w|e|b|r|e|n|d|e|r|,102210fe594ee9b33d82058545b1ed14f4c8206e,LastVisualChange,cnn,True,cnn LastVisualChange opt cold fission webrender,,77,ms,firefox,446471443,1841068690,2024-02-08T07:03:19,1986.0,344524bd7c755d7d7fcfca1d69503577b07db2b7,1374007
autoland,3869862,13,ffaba559b8f75178eed537731f258b1129b7fe97,linux1804-64-shippable-qr,True,False,,|c|o|l|d| |f|i|s|s|i|o|n| |w|e|b|r|e|n|d|e|r|,102210fe594ee9b33d82058545b1ed14f4c8206e,LastVisualChange,cnn,True,cnn LastVisualChange opt cold fission webrender,,77,ms,firefox,446530436,1841282385,2024-02-08T14:56:42,1986.8,286029e09b16d8910d7110864541cdb9d4b84681,1374192
autoland,3869862,13,ffaba559b8f75178eed537731f258b1129b7fe97,linux1804-64-shippable-qr,True,False,,|c|o|l|d| |f|i|s|s|i|o|n| |w|e|b|r|e|n|d|e|r|,102210fe594ee9b33d82058545b1ed14f4c8206e,LastVisualChange,cnn,True,cnn LastVisualChange opt cold fission webrender,,77,ms,firefox,446534751,1841312793,2024-02-08T16:03:43,1950.4,590071462358f92ff5d36dc8f99a472a45101fdb,1374244
autoland,3869862,13,ffaba559b8f75178eed537731f258b1129b7fe97,linux1804-64-shippable-qr,True,False,,|c|o|l|d| |f|i|s|s|i|o|n| |w|e|b|r|e|n|d|e|r|,102210fe594ee9b33d82058545b1ed14f4c8206e,LastVisualChange,cnn,True,cnn LastVisualChange opt cold fission webrender,,77,ms,firefox,446618670,1841661728,2024-02-08T16:06:07,1959.2,d1407828e12f283b72201d60546963da4142ff63,1374249
autoland,3869862,13,ffaba559b8f75178eed537731f258b1129b7fe97,linux1804-64-shippable-qr,True,False,,|c|o|l|d| |f|i|s|s|i|o|n| |w|e|b|r|e|n|d|e|r|,102210fe594ee9b33d82058545b1ed14f4c8206e,LastVisualChange,cnn,True,cnn LastVisualChange opt cold fission webrender,,77,ms,firefox,446618523,1841651625,2024-02-08T16:06:52,1988.4,242972a790a380b96902a401bcdf1e8ad8152951,1374250
autoland,3869862,13,ffaba559b8f75178eed537731f258b1129b7fe97,linux1804-64-shippable-qr,True,False,,|c|o|l|d| |f|i|s|s|i|o|n| |w|e|b|r|e|n|d|e|r|,102210fe594ee9b33d82058545b1ed14f4c8206e,LastVisualChange,cnn,True,cnn LastVisualChange opt cold fission webrender,,77,ms,firefox,446588437,1841520522,2024-02-08T22:41:03,1976.7,8b424277a5065ea04bc1818e9ba12a8b24c12008,1374550
autoland,3869862,13,ffaba559b8f75178eed537731f258b1129b7fe97,linux1804-64-shippable-qr,True,False,,|c|o|l|d| |f|i|s|s|i|o|n| |w|e|b|r|e|n|d|e|r|,102210fe594ee9b33d82058545b1ed14f4c8206e,LastVisualChange,cnn,True,cnn LastVisualChange opt cold fission webrender,,77,ms,firefox,446590581,1841541162,2024-02-08T23:27:55,1949.9,ba6c8f006d21287c25440f5141e3eead45bd9f96,1374577
autoland,3869862,13,ffaba559b8f75178eed537731f258b1129b7fe97,linux1804-64-shippable-qr,True,False,,|c|o|l|d| |f|i|s|s|i|o|n| |w|e|b|r|e|n|d|e|r|,102210fe594ee9b33d82058545b1ed14f4c8206e,LastVisualChange,cnn,True,cnn LastVisualChange opt cold fission webrender,,77,ms,firefox,446616218,1841640875,2024-02-09T04:08:21,1975.8,b17a56f7d0a828b62b52f572c8237345bf64786f,1374660
autoland,3869862,13,ffaba559b8f75178eed537731f258b1129b7fe97,linux1804-64-shippable-qr,True,False,,|c|o|l|d| |f|i|s|s|i|o|n| |w|e|b|r|e|n|d|e|r|,102210fe594ee9b33d82058545b1ed14f4c8206e,LastVisualChange,cnn,True,cnn LastVisualChange opt cold fission webrender,,77,ms,firefox,446638580,1841729990,2024-02-09T08:27:03,1956.6,7b81e807e547afd0cca0453e9697e58369ae5e92,1374718
autoland,3869862,13,ffaba559b8f75178eed537731f258b1129b7fe97,linux1804-64-shippable-qr,True,False,,|c|o|l|d| |f|i|s|s|i|o|n| |w|e|b|r|e|n|d|e|r|,102210fe594ee9b33d82058545b1ed14f4c8206e,LastVisualChange,cnn,True,cnn LastVisualChange opt cold fission webrender,,77,ms,firefox,446671908,1841866962,2024-02-09T11:56:29,1963.7,045e453bba33077fb8d5641ca3706f3785ce14f5,1374806
autoland,3869862,13,ffaba559b8f75178eed537731f258b1129b7fe97,linux1804-64-shippable-qr,True,False,,|c|o|l|d| |f|i|s|s|i|o|n| |w|e|b|r|e|n|d|e|r|,102210fe594ee9b33d82058545b1ed14f4c8206e,LastVisualChange,cnn,True,cnn LastVisualChange opt cold fission webrender,,77,ms,firefox,446722886,1842018562,2024-02-09T16:09:01,1954.1,193e6982f5a17f0fa7cced978df3079f87e4ad99,1374959
autoland,3869862,13,ffaba559b8f75178eed537731f258b1129b7fe97,linux1804-64-shippable-qr,True,False,,|c|o|l|d| |f|i|s|s|i|o|n| |w|e|b|r|e|n|d|e|r|,102210fe594ee9b33d82058545b1ed14f4c8206e,LastVisualChange,cnn,True,cnn LastVisualChange opt cold fission webrender,,77,ms,firefox,446732368,1842063550,2024-02-09T17:06:42,1949.2,39d76f98160905dab2a294ece0e03ee8ba5ba4cc,1375009
autoland,3869862,13,ffaba559b8f75178eed537731f258b1129b7fe97,linux1804-64-shippable-qr,True,False,,|c|o|l|d| |f|i|s|s|i|o|n| |w|e|b|r|e|n|d|e|r|,102210fe594ee9b33d82058545b1ed14f4c8206e,LastVisualChange,cnn,True,cnn LastVisualChange opt cold fission webrender,,77,ms,firefox,446760693,1842197599,2024-02-09T21:47:15,1979.0,0fb5f3212fd93e901bed6bb19bd8b63339869991,1375247
autoland,3869862,13,ffaba559b8f75178eed537731f258b1129b7fe97,linux1804-64-shippable-qr,True,False,,|c|o|l|d| |f|i|s|s|i|o|n| |w|e|b|r|e|n|d|e|r|,102210fe594ee9b33d82058545b1ed14f4c8206e,LastVisualChange,cnn,True,cnn LastVisualChange opt cold fission webrender,,77,ms,firefox,446786472,1842280700,2024-02-10T07:03:30,1983.7,20876ae07c4b760464125773aa45200a98f34159,1375365
autoland,3869862,13,ffaba559b8f75178eed537731f258b1129b7fe97,linux1804-64-shippable-qr,True,False,,|c|o|l|d| |f|i|s|s|i|o|n| |w|e|b|r|e|n|d|e|r|,102210fe594ee9b33d82058545b1ed14f4c8206e,LastVisualChange,cnn,True,cnn LastVisualChange opt cold fission webrender,,77,ms,firefox,446814399,1842378039,2024-02-10T13:47:16,1940.0,b09350ff8440d3ef5d3ac2b811bfe9a5d243196a,1375389
autoland,3869862,13,ffaba559b8f75178eed537731f258b1129b7fe97,linux1804-64-shippable-qr,True,False,,|c|o|l|d| |f|i|s|s|i|o|n| |w|e|b|r|e|n|d|e|r|,102210fe594ee9b33d82058545b1ed14f4c8206e,LastVisualChange,cnn,True,cnn LastVisualChange opt cold fission webrender,,77,ms,firefox,446820257,1842404223,2024-02-10T17:58:32,1968.6,f6690a5e6ceef6b384dc31d4485e790a4935508a,1375417
autoland,3869862,13,ffaba559b8f75178eed537731f258b1129b7fe97,linux1804-64-shippable-qr,True,False,,|c|o|l|d| |f|i|s|s|i|o|n| |w|e|b|r|e|n|d|e|r|,102210fe594ee9b33d82058545b1ed14f4c8206e,LastVisualChange,cnn,True,cnn LastVisualChange opt cold fission webrender,,77,ms,firefox,446839818,1842467834,2024-02-11T02:31:23,1970.0,f92c77fccb76549171ecc809818a26b1eb883b43,1375439
autoland,3869862,13,ffaba559b8f75178eed537731f258b1129b7fe97,linux1804-64-shippable-qr,True,False,,|c|o|l|d| |f|i|s|s|i|o|n| |w|e|b|r|e|n|d|e|r|,102210fe594ee9b33d82058545b1ed14f4c8206e,LastVisualChange,cnn,True,cnn LastVisualChange opt cold fission webrender,,77,ms,firefox,446873046,1842611306,2024-02-11T15:25:51,1947.3,13676fc9b0cd8461cb9863d3a2d1b9a696a9c0f5,1375518
autoland,3869862,13,ffaba559b8f75178eed537731f258b1129b7fe97,linux1804-64-shippable-qr,True,False,,|c|o|l|d| |f|i|s|s|i|o|n| |w|e|b|r|e|n|d|e|r|,102210fe594ee9b33d82058545b1ed14f4c8206e,LastVisualChange,cnn,True,cnn LastVisualChange opt cold fission webrender,,77,ms,firefox,447044217,1843198968,2024-02-12T15:03:24,1960.6,1d7c6ca36b30093e9822c8c2e74db03474e093cd,1375832
autoland,3869862,13,ffaba559b8f75178eed537731f258b1129b7fe97,linux1804-64-shippable-qr,True,False,,|c|o|l|d| |f|i|s|s|i|o|n| |w|e|b|r|e|n|d|e|r|,102210fe594ee9b33d82058545b1ed14f4c8206e,LastVisualChange,cnn,True,cnn LastVisualChange opt cold fission webrender,,77,ms,firefox,447044410,1843213775,2024-02-12T15:04:07,1963.6,39631cf9791b027f8480e62183e72f6daf8ae046,1375833
autoland,3869862,13,ffaba559b8f75178eed537731f258b1129b7fe97,linux1804-64-shippable-qr,True,False,,|c|o|l|d| |f|i|s|s|i|o|n| |w|e|b|r|e|n|d|e|r|,102210fe594ee9b33d82058545b1ed14f4c8206e,LastVisualChange,cnn,True,cnn LastVisualChange opt cold fission webrender,,77,ms,firefox,446944574,1842928624,2024-02-12T15:53:07,1965.8,cab51450b6bd71ade4db0f49831f7e402b375b45,1375888
autoland,3869862,13,ffaba559b8f75178eed537731f258b1129b7fe97,linux1804-64-shippable-qr,True,False,,|c|o|l|d| |f|i|s|s|i|o|n| |w|e|b|r|e|n|d|e|r|,102210fe594ee9b33d82058545b1ed14f4c8206e,LastVisualChange,cnn,True,cnn LastVisualChange opt cold fission webrender,,77,ms,firefox,447046137,1843218010,2024-02-12T18:30:03,1958.6,753f8762281c81c9add69b918aa492348b16768f,1376028
autoland,3869862,13,ffaba559b8f75178eed537731f258b1129b7fe97,linux1804-64-shippable-qr,True,False,,|c|o|l|d| |f|i|s|s|i|o|n| |w|e|b|r|e|n|d|e|r|,102210fe594ee9b33d82058545b1ed14f4c8206e,LastVisualChange,cnn,True,cnn LastVisualChange opt cold fission webrender,,77,ms,firefox,447050171,1843238348,2024-02-12T18:31:48,1974.9,86ac645e866184f4a0cbb7bcbebf05d1fd15b3b7,1376029
autoland,3869862,13,ffaba559b8f75178eed537731f258b1129b7fe97,linux1804-64-shippable-qr,True,False,,|c|o|l|d| |f|i|s|s|i|o|n| |w|e|b|r|e|n|d|e|r|,102210fe594ee9b33d82058545b1ed14f4c8206e,LastVisualChange,cnn,True,cnn LastVisualChange opt cold fission webrender,,77,ms,firefox,446973660,1842991514,2024-02-12T20:04:04,1976.8,37ec3180a6cbce3bb2544f9a16b4ded4657c6eb6,1376093
autoland,3869862,13,ffaba559b8f75178eed537731f258b1129b7fe97,linux1804-64-shippable-qr,True,False,,|c|o|l|d| |f|i|s|s|i|o|n| |w|e|b|r|e|n|d|e|r|,102210fe594ee9b33d82058545b1ed14f4c8206e,LastVisualChange,cnn,True,cnn LastVisualChange opt cold fission webrender,,77,ms,firefox,446977657,1843017581,2024-02-12T20:15:07,1982.2,995a3050d70cb954214be8710caa54a1794745ec,1376103
autoland,3869862,13,ffaba559b8f75178eed537731f258b1129b7fe97,linux1804-64-shippable-qr,True,False,,|c|o|l|d| |f|i|s|s|i|o|n| |w|e|b|r|e|n|d|e|r|,102210fe594ee9b33d82058545b1ed14f4c8206e,LastVisualChange,cnn,True,cnn LastVisualChange opt cold fission webrender,,77,ms,firefox,447033118,1843171378,2024-02-12T23:09:02,1990.7,e7724c952412d5b322b1352d9665d9c956af76e8,1376230
autoland,3869862,13,ffaba559b8f75178eed537731f258b1129b7fe97,linux1804-64-shippable-qr,True,False,,|c|o|l|d| |f|i|s|s|i|o|n| |w|e|b|r|e|n|d|e|r|,102210fe594ee9b33d82058545b1ed14f4c8206e,LastVisualChange,cnn,True,cnn LastVisualChange opt cold fission webrender,,77,ms,firefox,447035131,1843175607,2024-02-12T23:09:49,1951.2,81c51e73deee4f4acc645831425d6a915b7977e4,1376231
autoland,3869862,13,ffaba559b8f75178eed537731f258b1129b7fe97,linux1804-64-shippable-qr,True,False,,|c|o|l|d| |f|i|s|s|i|o|n| |w|e|b|r|e|n|d|e|r|,102210fe594ee9b33d82058545b1ed14f4c8206e,LastVisualChange,cnn,True,cnn LastVisualChange opt cold fission webrender,,77,ms,firefox,447022822,1843123058,2024-02-13T00:22:17,1977.8,b316bafe790ef37c5585cadd21f6a2c8ebd749b9,1376256
autoland,3869862,13,ffaba559b8f75178eed537731f258b1129b7fe97,linux1804-64-shippable-qr,True,False,,|c|o|l|d| |f|i|s|s|i|o|n| |w|e|b|r|e|n|d|e|r|,102210fe594ee9b33d82058545b1ed14f4c8206e,LastVisualChange,cnn,True,cnn LastVisualChange opt cold fission webrender,,77,ms,firefox,447032819,1843158910,2024-02-13T02:51:29,1953.3,52fc8e3041c5f42dfa50438336b110a9a5e77f2b,1376298
autoland,3869862,13,ffaba559b8f75178eed537731f258b1129b7fe97,linux1804-64-shippable-qr,True,False,,|c|o|l|d| |f|i|s|s|i|o|n| |w|e|b|r|e|n|d|e|r|,102210fe594ee9b33d82058545b1ed14f4c8206e,LastVisualChange,cnn,True,cnn LastVisualChange opt cold fission webrender,,77,ms,firefox,447058278,1843290974,2024-02-13T06:57:28,1944.3,5f6ad5b21119b4bbef2bc6c9153e0f7329c20ebe,1376370
autoland,3869862,13,ffaba559b8f75178eed537731f258b1129b7fe97,linux1804-64-shippable-qr,True,False,,|c|o|l|d| |f|i|s|s|i|o|n| |w|e|b|r|e|n|d|e|r|,102210fe594ee9b33d82058545b1ed14f4c8206e,LastVisualChange,cnn,True,cnn LastVisualChange opt cold fission webrender,,77,ms,firefox,447083054,1843363238,2024-02-13T09:49:45,1971.1,c5320acccd4a760b0ae41149fcdd8fe44b658ee7,1376447
autoland,3869862,13,ffaba559b8f75178eed537731f258b1129b7fe97,linux1804-64-shippable-qr,True,False,,|c|o|l|d| |f|i|s|s|i|o|n| |w|e|b|r|e|n|d|e|r|,102210fe594ee9b33d82058545b1ed14f4c8206e,LastVisualChange,cnn,True,cnn LastVisualChange opt cold fission webrender,,77,ms,firefox,447112087,1843484251,2024-02-13T13:45:34,1976.7,0d474eb34652f4c47a16b6d83012c0f2e026dc00,1376559
autoland,3869862,13,ffaba559b8f75178eed537731f258b1129b7fe97,linux1804-64-shippable-qr,True,False,,|c|o|l|d| |f|i|s|s|i|o|n| |w|e|b|r|e|n|d|e|r|,102210fe594ee9b33d82058545b1ed14f4c8206e,LastVisualChange,cnn,True,cnn LastVisualChange opt cold fission webrender,,77,ms,firefox,447131202,1843552803,2024-02-13T16:46:39,1974.2,17329a53b9f9a20247103958883a0ce7c42af78d,1376703
autoland,3869862,13,ffaba559b8f75178eed537731f258b1129b7fe97,linux1804-64-shippable-qr,True,False,,|c|o|l|d| |f|i|s|s|i|o|n| |w|e|b|r|e|n|d|e|r|,102210fe594ee9b33d82058545b1ed14f4c8206e,LastVisualChange,cnn,True,cnn LastVisualChange opt cold fission webrender,,77,ms,firefox,447196139,1843742132,2024-02-14T00:47:09,1931.4,4a18caac75720f24abc9063ce8df5fa6b7948aa4,1376921
autoland,3869862,13,ffaba559b8f75178eed537731f258b1129b7fe97,linux1804-64-shippable-qr,True,False,,|c|o|l|d| |f|i|s|s|i|o|n| |w|e|b|r|e|n|d|e|r|,102210fe594ee9b33d82058545b1ed14f4c8206e,LastVisualChange,cnn,True,cnn LastVisualChange opt cold fission webrender,,77,ms,firefox,447199384,1843763650,2024-02-14T01:35:59,1957.7,aaaa3f2b8fed9e159a8b08e4263034e9a051be71,1376937
autoland,3869862,13,ffaba559b8f75178eed537731f258b1129b7fe97,linux1804-64-shippable-qr,True,False,,|c|o|l|d| |f|i|s|s|i|o|n| |w|e|b|r|e|n|d|e|r|,102210fe594ee9b33d82058545b1ed14f4c8206e,LastVisualChange,cnn,True,cnn LastVisualChange opt cold fission webrender,,77,ms,firefox,447215195,1843819253,2024-02-14T05:55:05,1989.6,1b24ea8c2e7e02f00bd61e8cd672da76b16c42a6,1376972
autoland,3869862,13,ffaba559b8f75178eed537731f258b1129b7fe97,linux1804-64-shippable-qr,True,False,,|c|o|l|d| |f|i|s|s|i|o|n| |w|e|b|r|e|n|d|e|r|,102210fe594ee9b33d82058545b1ed14f4c8206e,LastVisualChange,cnn,True,cnn LastVisualChange opt cold fission webrender,,77,ms,firefox,447273866,1843985396,2024-02-14T15:32:04,1978.6,dca10aca1871edfdba5107bc7766982b186d7f2c,1377071
autoland,3869862,13,ffaba559b8f75178eed537731f258b1129b7fe97,linux1804-64-shippable-qr,True,False,,|c|o|l|d| |f|i|s|s|i|o|n| |w|e|b|r|e|n|d|e|r|,102210fe594ee9b33d82058545b1ed14f4c8206e,LastVisualChange,cnn,True,cnn LastVisualChange opt cold fission webrender,,77,ms,firefox,447284660,1844029881,2024-02-14T15:37:30,1950.4,2ea0fda6ec6ed02a530a3a4bb67fabb0d14d403f,1377078
autoland,3869862,13,ffaba559b8f75178eed537731f258b1129b7fe97,linux1804-64-shippable-qr,True,False,,|c|o|l|d| |f|i|s|s|i|o|n| |w|e|b|r|e|n|d|e|r|,102210fe594ee9b33d82058545b1ed14f4c8206e,LastVisualChange,cnn,True,cnn LastVisualChange opt cold fission webrender,,77,ms,firefox,447348488,1844257165,2024-02-14T17:52:22,1969.7,466985b4c0ca5b200d4dac6fe17e528f81b1c8a7,1377119
autoland,3869862,13,ffaba559b8f75178eed537731f258b1129b7fe97,linux1804-64-shippable-qr,True,False,,|c|o|l|d| |f|i|s|s|i|o|n| |w|e|b|r|e|n|d|e|r|,102210fe594ee9b33d82058545b1ed14f4c8206e,LastVisualChange,cnn,True,cnn LastVisualChange opt cold fission webrender,,77,ms,firefox,447350760,1844271406,2024-02-14T17:53:01,1953.9,223dbcb9e4a51eb75c8c9ed3cd201826a8600b3b,1377120
autoland,3869862,13,ffaba559b8f75178eed537731f258b1129b7fe97,linux1804-64-shippable-qr,True,False,,|c|o|l|d| |f|i|s|s|i|o|n| |w|e|b|r|e|n|d|e|r|,102210fe594ee9b33d82058545b1ed14f4c8206e,LastVisualChange,cnn,True,cnn LastVisualChange opt cold fission webrender,,77,ms,firefox,447311092,1844092506,2024-02-14T20:39:05,1956.9,b0b34dab81d56b5e5ee526c9f44e926db4b27dce,1377195
autoland,3869862,13,ffaba559b8f75178eed537731f258b1129b7fe97,linux1804-64-shippable-qr,True,False,,|c|o|l|d| |f|i|s|s|i|o|n| |w|e|b|r|e|n|d|e|r|,102210fe594ee9b33d82058545b1ed14f4c8206e,LastVisualChange,cnn,True,cnn LastVisualChange opt cold fission webrender,,77,ms,firefox,447332108,1844159840,2024-02-15T00:51:05,1981.7,981afc9a696a12b7e873eae165925138a2726efe,1377256
autoland,3869862,13,ffaba559b8f75178eed537731f258b1129b7fe97,linux1804-64-shippable-qr,True,False,,|c|o|l|d| |f|i|s|s|i|o|n| |w|e|b|r|e|n|d|e|r|,102210fe594ee9b33d82058545b1ed14f4c8206e,LastVisualChange,cnn,True,cnn LastVisualChange opt cold fission webrender,,77,ms,firefox,447348191,1844247518,2024-02-15T04:52:31,1948.9,aa5fc411278d3beae081682cb31a2167257d3aed,1377304
autoland,3869862,13,ffaba559b8f75178eed537731f258b1129b7fe97,linux1804-64-shippable-qr,True,False,,|c|o|l|d| |f|i|s|s|i|o|n| |w|e|b|r|e|n|d|e|r|,102210fe594ee9b33d82058545b1ed14f4c8206e,LastVisualChange,cnn,True,cnn LastVisualChange opt cold fission webrender,,77,ms,firefox,447389497,1844390801,2024-02-15T12:49:34,1965.8,2b4e9ee6225f1183da45d24404e72f48e3803f08,1377375
autoland,3869862,13,ffaba559b8f75178eed537731f258b1129b7fe97,linux1804-64-shippable-qr,True,False,,|c|o|l|d| |f|i|s|s|i|o|n| |w|e|b|r|e|n|d|e|r|,102210fe594ee9b33d82058545b1ed14f4c8206e,LastVisualChange,cnn,True,cnn LastVisualChange opt cold fission webrender,,77,ms,firefox,447407265,1844452170,2024-02-15T16:23:45,1962.9,dbe553dd13b79a3c4821f203f3adca31fe71cc56,1377427
autoland,3869862,13,ffaba559b8f75178eed537731f258b1129b7fe97,linux1804-64-shippable-qr,True,False,,|c|o|l|d| |f|i|s|s|i|o|n| |w|e|b|r|e|n|d|e|r|,102210fe594ee9b33d82058545b1ed14f4c8206e,LastVisualChange,cnn,True,cnn LastVisualChange opt cold fission webrender,,77,ms,firefox,447479978,1844713118,2024-02-15T16:24:25,1942.3,960b4f0570e98c1d761e11649d09838eb8123a33,1377428
autoland,3869862,13,ffaba559b8f75178eed537731f258b1129b7fe97,linux1804-64-shippable-qr,True,False,,|c|o|l|d| |f|i|s|s|i|o|n| |w|e|b|r|e|n|d|e|r|,102210fe594ee9b33d82058545b1ed14f4c8206e,LastVisualChange,cnn,True,cnn LastVisualChange opt cold fission webrender,,77,ms,firefox,447430417,1844549558,2024-02-15T20:44:46,1982.0,02d5bc9805676f9a22f3cef50c86ddc38e7534d9,1377493
autoland,3869862,13,ffaba559b8f75178eed537731f258b1129b7fe97,linux1804-64-shippable-qr,True,False,,|c|o|l|d| |f|i|s|s|i|o|n| |w|e|b|r|e|n|d|e|r|,102210fe594ee9b33d82058545b1ed14f4c8206e,LastVisualChange,cnn,True,cnn LastVisualChange opt cold fission webrender,,77,ms,firefox,447437549,1844593909,2024-02-15T22:19:13,1948.4,798af36e79586239c3954fe06796d9a27a353b92,1377518
autoland,3869862,13,ffaba559b8f75178eed537731f258b1129b7fe97,linux1804-64-shippable-qr,True,False,,|c|o|l|d| |f|i|s|s|i|o|n| |w|e|b|r|e|n|d|e|r|,102210fe594ee9b33d82058545b1ed14f4c8206e,LastVisualChange,cnn,True,cnn LastVisualChange opt cold fission webrender,,77,ms,firefox,447484541,1844727003,2024-02-16T06:24:45,1960.0,861d200fe3e761e23bbb6ce556446725fb01cd43,1378006
autoland,3869862,13,ffaba559b8f75178eed537731f258b1129b7fe97,linux1804-64-shippable-qr,True,False,,|c|o|l|d| |f|i|s|s|i|o|n| |w|e|b|r|e|n|d|e|r|,102210fe594ee9b33d82058545b1ed14f4c8206e,LastVisualChange,cnn,True,cnn LastVisualChange opt cold fission webrender,,77,ms,firefox,447521607,1844834009,2024-02-16T14:55:53,1961.6,313b43f262a908e7e012c7d19f326345a0863bae,1378386
autoland,3869862,13,ffaba559b8f75178eed537731f258b1129b7fe97,linux1804-64-shippable-qr,True,False,,|c|o|l|d| |f|i|s|s|i|o|n| |w|e|b|r|e|n|d|e|r|,102210fe594ee9b33d82058545b1ed14f4c8206e,LastVisualChange,cnn,True,cnn LastVisualChange opt cold fission webrender,,77,ms,firefox,447564717,1845039781,2024-02-17T16:55:38,2047.2,2af34b4c9adf8c8defd3251b569af9c38cc0a429,1378583
autoland,3869862,13,ffaba559b8f75178eed537731f258b1129b7fe97,linux1804-64-shippable-qr,True,False,,|c|o|l|d| |f|i|s|s|i|o|n| |w|e|b|r|e|n|d|e|r|,102210fe594ee9b33d82058545b1ed14f4c8206e,LastVisualChange,cnn,True,cnn LastVisualChange opt cold fission webrender,,77,ms,firefox,447595432,1845203053,2024-02-19T03:31:58,1966.7,fcdb3e9046c67688b2a5b8aeb6451b081b3b52ea,1378717
autoland,3869862,13,ffaba559b8f75178eed537731f258b1129b7fe97,linux1804-64-shippable-qr,True,False,,|c|o|l|d| |f|i|s|s|i|o|n| |w|e|b|r|e|n|d|e|r|,102210fe594ee9b33d82058545b1ed14f4c8206e,LastVisualChange,cnn,True,cnn LastVisualChange opt cold fission webrender,,77,ms,firefox,447614944,1845319299,2024-02-19T10:14:02,1982.0,1dcfa194ad7d005175d431adf6ee3b93c00fb453,1378796
autoland,3869862,13,ffaba559b8f75178eed537731f258b1129b7fe97,linux1804-64-shippable-qr,True,False,,|c|o|l|d| |f|i|s|s|i|o|n| |w|e|b|r|e|n|d|e|r|,102210fe594ee9b33d82058545b1ed14f4c8206e,LastVisualChange,cnn,True,cnn LastVisualChange opt cold fission webrender,,77,ms,firefox,447638979,1845385290,2024-02-19T12:40:02,1979.7,ac4ab326e785a5ad42ce51b54749c2bcce394916,1378838
autoland,3869862,13,ffaba559b8f75178eed537731f258b1129b7fe97,linux1804-64-shippable-qr,True,False,,|c|o|l|d| |f|i|s|s|i|o|n| |w|e|b|r|e|n|d|e|r|,102210fe594ee9b33d82058545b1ed14f4c8206e,LastVisualChange,cnn,True,cnn LastVisualChange opt cold fission webrender,,77,ms,firefox,447667881,1845448278,2024-02-19T16:50:13,1952.8,bef8b1b461b8524917fc01cd866e903290b1d7f6,1378949
autoland,3869862,13,ffaba559b8f75178eed537731f258b1129b7fe97,linux1804-64-shippable-qr,True,False,,|c|o|l|d| |f|i|s|s|i|o|n| |w|e|b|r|e|n|d|e|r|,102210fe594ee9b33d82058545b1ed14f4c8206e,LastVisualChange,cnn,True,cnn LastVisualChange opt cold fission webrender,,77,ms,firefox,447688086,1845508113,2024-02-19T20:56:27,2005.2,2f43b0ae1352efb25f67ffe4f86884c0eb959adb,1379008
autoland,3869862,13,ffaba559b8f75178eed537731f258b1129b7fe97,linux1804-64-shippable-qr,True,False,,|c|o|l|d| |f|i|s|s|i|o|n| |w|e|b|r|e|n|d|e|r|,102210fe594ee9b33d82058545b1ed14f4c8206e,LastVisualChange,cnn,True,cnn LastVisualChange opt cold fission webrender,,77,ms,firefox,447697991,1845551106,2024-02-19T22:19:49,1971.3,e9309553f817fa164bde4c229fe12ae51207bed9,1379038
autoland,3869862,13,ffaba559b8f75178eed537731f258b1129b7fe97,linux1804-64-shippable-qr,True,False,,|c|o|l|d| |f|i|s|s|i|o|n| |w|e|b|r|e|n|d|e|r|,102210fe594ee9b33d82058545b1ed14f4c8206e,LastVisualChange,cnn,True,cnn LastVisualChange opt cold fission webrender,,77,ms,firefox,447715980,1845642682,2024-02-19T22:21:54,1960.5,da0966c2c2d5b4f7c7f1b4d5702cd8c1f77e8633,1379039
autoland,3869862,13,ffaba559b8f75178eed537731f258b1129b7fe97,linux1804-64-shippable-qr,True,False,,|c|o|l|d| |f|i|s|s|i|o|n| |w|e|b|r|e|n|d|e|r|,102210fe594ee9b33d82058545b1ed14f4c8206e,LastVisualChange,cnn,True,cnn LastVisualChange opt cold fission webrender,,77,ms,firefox,447711880,1845607015,2024-02-20T03:01:00,1963.3,ad2add2f3c608b924436c34684c1a775130e74ce,1379095
autoland,3869862,13,ffaba559b8f75178eed537731f258b1129b7fe97,linux1804-64-shippable-qr,True,False,,|c|o|l|d| |f|i|s|s|i|o|n| |w|e|b|r|e|n|d|e|r|,102210fe594ee9b33d82058545b1ed14f4c8206e,LastVisualChange,cnn,True,cnn LastVisualChange opt cold fission webrender,,77,ms,firefox,447728495,1845705835,2024-02-20T09:01:06,1958.7,cc3c4937fb69e80b552b61a4f2dfd1405b518d89,1379152
autoland,3869862,13,ffaba559b8f75178eed537731f258b1129b7fe97,linux1804-64-shippable-qr,True,False,,|c|o|l|d| |f|i|s|s|i|o|n| |w|e|b|r|e|n|d|e|r|,102210fe594ee9b33d82058545b1ed14f4c8206e,LastVisualChange,cnn,True,cnn LastVisualChange opt cold fission webrender,,77,ms,firefox,447775357,1845890363,2024-02-20T16:46:59,1986.0,0465723cfb4ca46ccf93d696eb564093a1d9f2e6,1379390
autoland,3869862,13,ffaba559b8f75178eed537731f258b1129b7fe97,linux1804-64-shippable-qr,True,False,,|c|o|l|d| |f|i|s|s|i|o|n| |w|e|b|r|e|n|d|e|r|,102210fe594ee9b33d82058545b1ed14f4c8206e,LastVisualChange,cnn,True,cnn LastVisualChange opt cold fission webrender,,77,ms,firefox,447802274,1845973516,2024-02-20T20:06:07,1961.2,53f7baad39fc2408bc5c1ab6df97372a395730a4,1379528
autoland,3869862,13,ffaba559b8f75178eed537731f258b1129b7fe97,linux1804-64-shippable-qr,True,False,,|c|o|l|d| |f|i|s|s|i|o|n| |w|e|b|r|e|n|d|e|r|,102210fe594ee9b33d82058545b1ed14f4c8206e,LastVisualChange,cnn,True,cnn LastVisualChange opt cold fission webrender,,77,ms,firefox,447830275,1846053286,2024-02-21T00:08:41,1982.8,05e1180d2aa04a8882ff66dfaeeb0705694f7a61,1379609
autoland,3869862,13,ffaba559b8f75178eed537731f258b1129b7fe97,linux1804-64-shippable-qr,True,False,,|c|o|l|d| |f|i|s|s|i|o|n| |w|e|b|r|e|n|d|e|r|,102210fe594ee9b33d82058545b1ed14f4c8206e,LastVisualChange,cnn,True,cnn LastVisualChange opt cold fission webrender,,77,ms,firefox,447832256,1846071523,2024-02-21T00:41:01,1940.2,119078d182dd2557cd70eb6933abc1ecfb499edd,1379618
autoland,3869862,13,ffaba559b8f75178eed537731f258b1129b7fe97,linux1804-64-shippable-qr,True,False,,|c|o|l|d| |f|i|s|s|i|o|n| |w|e|b|r|e|n|d|e|r|,102210fe594ee9b33d82058545b1ed14f4c8206e,LastVisualChange,cnn,True,cnn LastVisualChange opt cold fission webrender,,77,ms,firefox,447845965,1846142092,2024-02-21T05:21:04,1946.5,714d9f89093457451e3881a56b2477e958b70fe0,1379764
autoland,3869862,13,ffaba559b8f75178eed537731f258b1129b7fe97,linux1804-64-shippable-qr,True,False,,|c|o|l|d| |f|i|s|s|i|o|n| |w|e|b|r|e|n|d|e|r|,102210fe594ee9b33d82058545b1ed14f4c8206e,LastVisualChange,cnn,True,cnn LastVisualChange opt cold fission webrender,,77,ms,firefox,447877001,1846263999,2024-02-21T10:11:10,1969.7,764b93d1a22891bddaaec4e5f73836957d938bac,1379832
autoland,3869862,13,ffaba559b8f75178eed537731f258b1129b7fe97,linux1804-64-shippable-qr,True,False,,|c|o|l|d| |f|i|s|s|i|o|n| |w|e|b|r|e|n|d|e|r|,102210fe594ee9b33d82058545b1ed14f4c8206e,LastVisualChange,cnn,True,cnn LastVisualChange opt cold fission webrender,,77,ms,firefox,447877858,1846275776,2024-02-21T10:22:21,1996.7,24ffc625c71e9cb6e20c48936ac06da6ec066694,1379838
autoland,3869862,13,ffaba559b8f75178eed537731f258b1129b7fe97,linux1804-64-shippable-qr,True,False,,|c|o|l|d| |f|i|s|s|i|o|n| |w|e|b|r|e|n|d|e|r|,102210fe594ee9b33d82058545b1ed14f4c8206e,LastVisualChange,cnn,True,cnn LastVisualChange opt cold fission webrender,,77,ms,firefox,447923943,1846439855,2024-02-21T14:24:58,1938.1,799f79fdcedba2bbccee86179c8b547894a16162,1379926
autoland,3869862,13,ffaba559b8f75178eed537731f258b1129b7fe97,linux1804-64-shippable-qr,True,False,,|c|o|l|d| |f|i|s|s|i|o|n| |w|e|b|r|e|n|d|e|r|,102210fe594ee9b33d82058545b1ed14f4c8206e,LastVisualChange,cnn,True,cnn LastVisualChange opt cold fission webrender,,77,ms,firefox,447919873,1846416985,2024-02-21T15:14:56,1961.5,f8dd4015fa59fee3a1a74c00cd2393a9578e49f0,1379958
autoland,3869862,13,ffaba559b8f75178eed537731f258b1129b7fe97,linux1804-64-shippable-qr,True,False,,|c|o|l|d| |f|i|s|s|i|o|n| |w|e|b|r|e|n|d|e|r|,102210fe594ee9b33d82058545b1ed14f4c8206e,LastVisualChange,cnn,True,cnn LastVisualChange opt cold fission webrender,,77,ms,firefox,447959247,1846685224,2024-02-21T20:37:48,1975.0,bec4dc4bd9ce0a51dab009936bc838963e3f16b3,1380197
autoland,3869862,13,ffaba559b8f75178eed537731f258b1129b7fe97,linux1804-64-shippable-qr,True,False,,|c|o|l|d| |f|i|s|s|i|o|n| |w|e|b|r|e|n|d|e|r|,102210fe594ee9b33d82058545b1ed14f4c8206e,LastVisualChange,cnn,True,cnn LastVisualChange opt cold fission webrender,,77,ms,firefox,447962354,1846721668,2024-02-21T20:47:55,2002.1,31b9ef95a482db91c24a809eb6a64f2c0d7f8f9d,1380210
autoland,3869862,13,ffaba559b8f75178eed537731f258b1129b7fe97,linux1804-64-shippable-qr,True,False,,|c|o|l|d| |f|i|s|s|i|o|n| |w|e|b|r|e|n|d|e|r|,102210fe594ee9b33d82058545b1ed14f4c8206e,LastVisualChange,cnn,True,cnn LastVisualChange opt cold fission webrender,,77,ms,firefox,447994954,1846818137,2024-02-22T00:49:41,1980.1,445c60e096fe3cdc8b7169881875c476febfe082,1380338
autoland,3869862,13,ffaba559b8f75178eed537731f258b1129b7fe97,linux1804-64-shippable-qr,True,False,,|c|o|l|d| |f|i|s|s|i|o|n| |w|e|b|r|e|n|d|e|r|,102210fe594ee9b33d82058545b1ed14f4c8206e,LastVisualChange,cnn,True,cnn LastVisualChange opt cold fission webrender,,77,ms,firefox,448166015,1847569179,2024-02-22T00:56:42,1965.8,c5e3b3132f32b45a2d65870d86690f854c5531fb,1380343
autoland,3869862,13,ffaba559b8f75178eed537731f258b1129b7fe97,linux1804-64-shippable-qr,True,False,,|c|o|l|d| |f|i|s|s|i|o|n| |w|e|b|r|e|n|d|e|r|,102210fe594ee9b33d82058545b1ed14f4c8206e,LastVisualChange,cnn,True,cnn LastVisualChange opt cold fission webrender,,77,ms,firefox,448166587,1847586422,2024-02-22T02:02:43,1959.8,c5bcba5528449aa68d66ae69932dfb3ae2d19030,1380372
autoland,3869862,13,ffaba559b8f75178eed537731f258b1129b7fe97,linux1804-64-shippable-qr,True,False,,|c|o|l|d| |f|i|s|s|i|o|n| |w|e|b|r|e|n|d|e|r|,102210fe594ee9b33d82058545b1ed14f4c8206e,LastVisualChange,cnn,True,cnn LastVisualChange opt cold fission webrender,,77,ms,firefox,447999355,1846864184,2024-02-22T02:03:24,1971.2,093d37f32ef033aa168508e96b9ec2e753850ccc,1380373
autoland,3869862,13,ffaba559b8f75178eed537731f258b1129b7fe97,linux1804-64-shippable-qr,True,False,,|c|o|l|d| |f|i|s|s|i|o|n| |w|e|b|r|e|n|d|e|r|,102210fe594ee9b33d82058545b1ed14f4c8206e,LastVisualChange,cnn,True,cnn LastVisualChange opt cold fission webrender,,77,ms,firefox,448015262,1846931697,2024-02-22T06:55:22,1978.5,e32e8effe8493ec71ad7a3b2b043f7742905b2be,1380445
autoland,3869862,13,ffaba559b8f75178eed537731f258b1129b7fe97,linux1804-64-shippable-qr,True,False,,|c|o|l|d| |f|i|s|s|i|o|n| |w|e|b|r|e|n|d|e|r|,102210fe594ee9b33d82058545b1ed14f4c8206e,LastVisualChange,cnn,True,cnn LastVisualChange opt cold fission webrender,,77,ms,firefox,448047345,1847114186,2024-02-22T08:58:43,1974.1,836800665817ebbf328952caef8477f135630733,1380488
autoland,3869862,13,ffaba559b8f75178eed537731f258b1129b7fe97,linux1804-64-shippable-qr,True,False,,|c|o|l|d| |f|i|s|s|i|o|n| |w|e|b|r|e|n|d|e|r|,102210fe594ee9b33d82058545b1ed14f4c8206e,LastVisualChange,cnn,True,cnn LastVisualChange opt cold fission webrender,,77,ms,firefox,448072124,1847147045,2024-02-22T12:54:00,1956.9,583b3985eb0c0410cf6ebaf8e2f5c576185726c5,1380594
autoland,3869862,13,ffaba559b8f75178eed537731f258b1129b7fe97,linux1804-64-shippable-qr,True,False,,|c|o|l|d| |f|i|s|s|i|o|n| |w|e|b|r|e|n|d|e|r|,102210fe594ee9b33d82058545b1ed14f4c8206e,LastVisualChange,cnn,True,cnn LastVisualChange opt cold fission webrender,,77,ms,firefox,448166092,1847578549,2024-02-22T13:02:14,1973.0,97926aad2648cc77b8f5753c0c31e56cb3ca5f7d,1380599
autoland,3869862,13,ffaba559b8f75178eed537731f258b1129b7fe97,linux1804-64-shippable-qr,True,False,,|c|o|l|d| |f|i|s|s|i|o|n| |w|e|b|r|e|n|d|e|r|,102210fe594ee9b33d82058545b1ed14f4c8206e,LastVisualChange,cnn,True,cnn LastVisualChange opt cold fission webrender,,77,ms,firefox,448165978,1847562260,2024-02-22T13:09:22,1983.2,7bc8ecb228993ee2c97c23dca54d66d6419999dc,1380603
autoland,3869862,13,ffaba559b8f75178eed537731f258b1129b7fe97,linux1804-64-shippable-qr,True,False,,|c|o|l|d| |f|i|s|s|i|o|n| |w|e|b|r|e|n|d|e|r|,102210fe594ee9b33d82058545b1ed14f4c8206e,LastVisualChange,cnn,True,cnn LastVisualChange opt cold fission webrender,,77,ms,firefox,448167422,1847600596,2024-02-22T14:58:00,1981.0,2d093d7624aece78778af6f1acee484f469f26d5,1380678
autoland,3869862,13,ffaba559b8f75178eed537731f258b1129b7fe97,linux1804-64-shippable-qr,True,False,,|c|o|l|d| |f|i|s|s|i|o|n| |w|e|b|r|e|n|d|e|r|,102210fe594ee9b33d82058545b1ed14f4c8206e,LastVisualChange,cnn,True,cnn LastVisualChange opt cold fission webrender,,77,ms,firefox,448165736,1847542922,2024-02-22T15:08:55,1933.6,eaba203b7e9f80d2f6f8c1e80a832c1401ae2b9f,1380688
autoland,3869862,13,ffaba559b8f75178eed537731f258b1129b7fe97,linux1804-64-shippable-qr,True,False,,|c|o|l|d| |f|i|s|s|i|o|n| |w|e|b|r|e|n|d|e|r|,102210fe594ee9b33d82058545b1ed14f4c8206e,LastVisualChange,cnn,True,cnn LastVisualChange opt cold fission webrender,,77,ms,firefox,448097281,1847250924,2024-02-22T16:54:14,2040.2,51ea0932b27ba455533226277e6c6deeb38a8fd4,1380794
autoland,3869862,13,ffaba559b8f75178eed537731f258b1129b7fe97,linux1804-64-shippable-qr,True,False,,|c|o|l|d| |f|i|s|s|i|o|n| |w|e|b|r|e|n|d|e|r|,102210fe594ee9b33d82058545b1ed14f4c8206e,LastVisualChange,cnn,True,cnn LastVisualChange opt cold fission webrender,,77,ms,firefox,448101467,1847268676,2024-02-22T17:17:40,1955.0,aac0a57bd987ca0633e2f48ca37f8564344749b9,1380806
autoland,3869862,13,ffaba559b8f75178eed537731f258b1129b7fe97,linux1804-64-shippable-qr,True,False,,|c|o|l|d| |f|i|s|s|i|o|n| |w|e|b|r|e|n|d|e|r|,102210fe594ee9b33d82058545b1ed14f4c8206e,LastVisualChange,cnn,True,cnn LastVisualChange opt cold fission webrender,,77,ms,firefox,448137740,1847386752,2024-02-22T21:59:43,1954.6,1b60bca1b546c120891a0263bcdf7757d75178bc,1380998
autoland,3869862,13,ffaba559b8f75178eed537731f258b1129b7fe97,linux1804-64-shippable-qr,True,False,,|c|o|l|d| |f|i|s|s|i|o|n| |w|e|b|r|e|n|d|e|r|,102210fe594ee9b33d82058545b1ed14f4c8206e,LastVisualChange,cnn,True,cnn LastVisualChange opt cold fission webrender,,77,ms,firefox,448138566,1847413752,2024-02-22T22:05:44,1974.8,3157eece201c15988ff693f9746bc767ad633fa8,1381007
autoland,3869862,13,ffaba559b8f75178eed537731f258b1129b7fe97,linux1804-64-shippable-qr,True,False,,|c|o|l|d| |f|i|s|s|i|o|n| |w|e|b|r|e|n|d|e|r|,102210fe594ee9b33d82058545b1ed14f4c8206e,LastVisualChange,cnn,True,cnn LastVisualChange opt cold fission webrender,,77,ms,firefox,448162102,1847499716,2024-02-23T03:42:44,1976.9,90d2dd7d6b48918404ecc4906e62fa106b4238a9,1381156
autoland,3869862,13,ffaba559b8f75178eed537731f258b1129b7fe97,linux1804-64-shippable-qr,True,False,,|c|o|l|d| |f|i|s|s|i|o|n| |w|e|b|r|e|n|d|e|r|,102210fe594ee9b33d82058545b1ed14f4c8206e,LastVisualChange,cnn,True,cnn LastVisualChange opt cold fission webrender,,77,ms,firefox,448174387,1847618360,2024-02-23T07:23:44,1958.5,21d2a36f8f072b9b57adbeb73eca449f62093ca3,1381206
autoland,3869862,13,ffaba559b8f75178eed537731f258b1129b7fe97,linux1804-64-shippable-qr,True,False,,|c|o|l|d| |f|i|s|s|i|o|n| |w|e|b|r|e|n|d|e|r|,102210fe594ee9b33d82058545b1ed14f4c8206e,LastVisualChange,cnn,True,cnn LastVisualChange opt cold fission webrender,,77,ms,firefox,448216730,1847753578,2024-02-23T12:03:57,1972.9,75e12d12d89c2d79200c0057830f9e0c37f973f5,1381319
autoland,3869862,13,ffaba559b8f75178eed537731f258b1129b7fe97,linux1804-64-shippable-qr,True,False,,|c|o|l|d| |f|i|s|s|i|o|n| |w|e|b|r|e|n|d|e|r|,102210fe594ee9b33d82058545b1ed14f4c8206e,LastVisualChange,cnn,True,cnn LastVisualChange opt cold fission webrender,,77,ms,firefox,448316889,1848190194,2024-02-23T14:24:56,1965.2,80e08d441c6cb001610ee0f198a3dcf424bafd4f,1381381
autoland,3869862,13,ffaba559b8f75178eed537731f258b1129b7fe97,linux1804-64-shippable-qr,True,False,,|c|o|l|d| |f|i|s|s|i|o|n| |w|e|b|r|e|n|d|e|r|,102210fe594ee9b33d82058545b1ed14f4c8206e,LastVisualChange,cnn,True,cnn LastVisualChange opt cold fission webrender,,77,ms,firefox,448317113,1848194263,2024-02-23T14:54:44,1951.7,a700ab961a223f6d614abe258766bed35dab027b,1381402
autoland,3869862,13,ffaba559b8f75178eed537731f258b1129b7fe97,linux1804-64-shippable-qr,True,False,,|c|o|l|d| |f|i|s|s|i|o|n| |w|e|b|r|e|n|d|e|r|,102210fe594ee9b33d82058545b1ed14f4c8206e,LastVisualChange,cnn,True,cnn LastVisualChange opt cold fission webrender,,77,ms,firefox,448239980,1847857044,2024-02-23T15:17:21,2010.8,e2c67ce1b79f08538c8f70b2089d860802aa289e,1381416
autoland,3869862,13,ffaba559b8f75178eed537731f258b1129b7fe97,linux1804-64-shippable-qr,True,False,,|c|o|l|d| |f|i|s|s|i|o|n| |w|e|b|r|e|n|d|e|r|,102210fe594ee9b33d82058545b1ed14f4c8206e,LastVisualChange,cnn,True,cnn LastVisualChange opt cold fission webrender,,77,ms,firefox,448262591,1847958196,2024-02-23T18:14:32,2010.6,dccf526bcc0afbf9f7abd33abff453ced5a76335,1381598
autoland,3869862,13,ffaba559b8f75178eed537731f258b1129b7fe97,linux1804-64-shippable-qr,True,False,,|c|o|l|d| |f|i|s|s|i|o|n| |w|e|b|r|e|n|d|e|r|,102210fe594ee9b33d82058545b1ed14f4c8206e,LastVisualChange,cnn,True,cnn LastVisualChange opt cold fission webrender,,77,ms,firefox,448316816,1848186371,2024-02-23T18:28:43,1964.6,85863a9ea2f0fb7ef6aeecaafc6836e9ae4a8178,1381603
autoland,3869862,13,ffaba559b8f75178eed537731f258b1129b7fe97,linux1804-64-shippable-qr,True,False,,|c|o|l|d| |f|i|s|s|i|o|n| |w|e|b|r|e|n|d|e|r|,102210fe594ee9b33d82058545b1ed14f4c8206e,LastVisualChange,cnn,True,cnn LastVisualChange opt cold fission webrender,,77,ms,firefox,448316734,1848171278,2024-02-23T18:35:41,1942.3,d2eef8673a91da595254a8300b7af61b8e569b63,1381609
autoland,3869862,13,ffaba559b8f75178eed537731f258b1129b7fe97,linux1804-64-shippable-qr,True,False,,|c|o|l|d| |f|i|s|s|i|o|n| |w|e|b|r|e|n|d|e|r|,102210fe594ee9b33d82058545b1ed14f4c8206e,LastVisualChange,cnn,True,cnn LastVisualChange opt cold fission webrender,,77,ms,firefox,448298729,1848064563,2024-02-23T22:24:23,1972.8,8c239bb8c3fa84633497932b3d3a1d566f9e7581,1381790
autoland,3869862,13,ffaba559b8f75178eed537731f258b1129b7fe97,linux1804-64-shippable-qr,True,False,,|c|o|l|d| |f|i|s|s|i|o|n| |w|e|b|r|e|n|d|e|r|,102210fe594ee9b33d82058545b1ed14f4c8206e,LastVisualChange,cnn,True,cnn LastVisualChange opt cold fission webrender,,77,ms,firefox,448301271,1848086067,2024-02-23T22:37:13,1973.3,fc1f91bbfd85565b6b9a06155b3d750dc17812f0,1381800
autoland,3869862,13,ffaba559b8f75178eed537731f258b1129b7fe97,linux1804-64-shippable-qr,True,False,,|c|o|l|d| |f|i|s|s|i|o|n| |w|e|b|r|e|n|d|e|r|,102210fe594ee9b33d82058545b1ed14f4c8206e,LastVisualChange,cnn,True,cnn LastVisualChange opt cold fission webrender,,77,ms,firefox,448315456,1848146551,2024-02-24T03:17:09,1974.1,504cbf2189790d36f74d4fc454949d0c55a40c37,1381876
autoland,3869862,13,ffaba559b8f75178eed537731f258b1129b7fe97,linux1804-64-shippable-qr,True,False,,|c|o|l|d| |f|i|s|s|i|o|n| |w|e|b|r|e|n|d|e|r|,102210fe594ee9b33d82058545b1ed14f4c8206e,LastVisualChange,cnn,True,cnn LastVisualChange opt cold fission webrender,,77,ms,firefox,448326311,1848220248,2024-02-24T08:59:15,2017.8,f571738470f98e8161bf79b269e333053dca32c4,1381906
autoland,3869862,13,ffaba559b8f75178eed537731f258b1129b7fe97,linux1804-64-shippable-qr,True,False,,|c|o|l|d| |f|i|s|s|i|o|n| |w|e|b|r|e|n|d|e|r|,102210fe594ee9b33d82058545b1ed14f4c8206e,LastVisualChange,cnn,True,cnn LastVisualChange opt cold fission webrender,,77,ms,firefox,448353666,1848312509,2024-02-24T18:15:08,1967.0,fb873ef9e164e2ac423d266870ce82445945de97,1381948
autoland,3869862,13,ffaba559b8f75178eed537731f258b1129b7fe97,linux1804-64-shippable-qr,True,False,,|c|o|l|d| |f|i|s|s|i|o|n| |w|e|b|r|e|n|d|e|r|,102210fe594ee9b33d82058545b1ed14f4c8206e,LastVisualChange,cnn,True,cnn LastVisualChange opt cold fission webrender,,77,ms,firefox,448375120,1848380232,2024-02-25T01:06:55,1961.3,fedd91b7af1e6b3c4a7d6f58b8bce94d55eb9d74,1381999
autoland,3869862,13,ffaba559b8f75178eed537731f258b1129b7fe97,linux1804-64-shippable-qr,True,False,,|c|o|l|d| |f|i|s|s|i|o|n| |w|e|b|r|e|n|d|e|r|,102210fe594ee9b33d82058545b1ed14f4c8206e,LastVisualChange,cnn,True,cnn LastVisualChange opt cold fission webrender,,77,ms,firefox,448412427,1848522455,2024-02-26T01:39:06,1960.5,689cf8cf7e6b9b9ee5e599a77325de05487a5eed,1382090
autoland,3869862,13,ffaba559b8f75178eed537731f258b1129b7fe97,linux1804-64-shippable-qr,True,False,,|c|o|l|d| |f|i|s|s|i|o|n| |w|e|b|r|e|n|d|e|r|,102210fe594ee9b33d82058545b1ed14f4c8206e,LastVisualChange,cnn,True,cnn LastVisualChange opt cold fission webrender,,77,ms,firefox,448578289,1849157720,2024-02-26T08:26:30,1967.2,3af6901e77d5b3f960f24207e6d8a296508c685c,1382148
autoland,3869862,13,ffaba559b8f75178eed537731f258b1129b7fe97,linux1804-64-shippable-qr,True,False,,|c|o|l|d| |f|i|s|s|i|o|n| |w|e|b|r|e|n|d|e|r|,102210fe594ee9b33d82058545b1ed14f4c8206e,LastVisualChange,cnn,True,cnn LastVisualChange opt cold fission webrender,,77,ms,firefox,448572660,1849102110,2024-02-26T08:29:13,1959.6,9efb6f33056715dde89a576fe22714c2e6f3e7a9,1382149
autoland,3869862,13,ffaba559b8f75178eed537731f258b1129b7fe97,linux1804-64-shippable-qr,True,False,,|c|o|l|d| |f|i|s|s|i|o|n| |w|e|b|r|e|n|d|e|r|,102210fe594ee9b33d82058545b1ed14f4c8206e,LastVisualChange,cnn,True,cnn LastVisualChange opt cold fission webrender,,77,ms,firefox,448447496,1848647374,2024-02-26T10:31:50,1986.8,8268ce246a04145ed6598e99b5d061a4e1ee3ca6,1382207
autoland,3869862,13,ffaba559b8f75178eed537731f258b1129b7fe97,linux1804-64-shippable-qr,True,False,,|c|o|l|d| |f|i|s|s|i|o|n| |w|e|b|r|e|n|d|e|r|,102210fe594ee9b33d82058545b1ed14f4c8206e,LastVisualChange,cnn,True,cnn LastVisualChange opt cold fission webrender,,77,ms,firefox,448577911,1849154104,2024-02-26T13:55:05,1959.4,20ea3f74f4fe9153bbc8d976f6e5df94c464dc30,1382274
autoland,3869862,13,ffaba559b8f75178eed537731f258b1129b7fe97,linux1804-64-shippable-qr,True,False,,|c|o|l|d| |f|i|s|s|i|o|n| |w|e|b|r|e|n|d|e|r|,102210fe594ee9b33d82058545b1ed14f4c8206e,LastVisualChange,cnn,True,cnn LastVisualChange opt cold fission webrender,,77,ms,firefox,448577126,1849144523,2024-02-26T14:13:27,1991.9,4dc477669dc382edf409e1b691b033c7243b97cd,1382289
autoland,3869862,13,ffaba559b8f75178eed537731f258b1129b7fe97,linux1804-64-shippable-qr,True,False,,|c|o|l|d| |f|i|s|s|i|o|n| |w|e|b|r|e|n|d|e|r|,102210fe594ee9b33d82058545b1ed14f4c8206e,LastVisualChange,cnn,True,cnn LastVisualChange opt cold fission webrender,,77,ms,firefox,448485320,1848727223,2024-02-26T14:40:18,1972.8,a5c1fbe78e431fe4a1db712f75edb33f6fd668e4,1382307
autoland,3869862,13,ffaba559b8f75178eed537731f258b1129b7fe97,linux1804-64-shippable-qr,True,False,,|c|o|l|d| |f|i|s|s|i|o|n| |w|e|b|r|e|n|d|e|r|,102210fe594ee9b33d82058545b1ed14f4c8206e,LastVisualChange,cnn,True,cnn LastVisualChange opt cold fission webrender,,77,ms,firefox,448488835,1848759878,2024-02-26T15:06:28,2015.4,621c8480cd3562f3f61966b4219a0335ce72f698,1382323
autoland,3869862,13,ffaba559b8f75178eed537731f258b1129b7fe97,linux1804-64-shippable-qr,True,False,,|c|o|l|d| |f|i|s|s|i|o|n| |w|e|b|r|e|n|d|e|r|,102210fe594ee9b33d82058545b1ed14f4c8206e,LastVisualChange,cnn,True,cnn LastVisualChange opt cold fission webrender,,77,ms,firefox,448510550,1848879172,2024-02-26T18:24:43,1977.3,b26d4c8d5e44cc544e259f32a62382902af6f7ff,1382496
autoland,3869862,13,ffaba559b8f75178eed537731f258b1129b7fe97,linux1804-64-shippable-qr,True,False,,|c|o|l|d| |f|i|s|s|i|o|n| |w|e|b|r|e|n|d|e|r|,102210fe594ee9b33d82058545b1ed14f4c8206e,LastVisualChange,cnn,True,cnn LastVisualChange opt cold fission webrender,,77,ms,firefox,448543583,1848966656,2024-02-26T22:27:48,1977.2,2bd01d77bc4d2a1ad705bb1ecb8e793864a737ee,1382641
autoland,3869862,13,ffaba559b8f75178eed537731f258b1129b7fe97,linux1804-64-shippable-qr,True,False,,|c|o|l|d| |f|i|s|s|i|o|n| |w|e|b|r|e|n|d|e|r|,102210fe594ee9b33d82058545b1ed14f4c8206e,LastVisualChange,cnn,True,cnn LastVisualChange opt cold fission webrender,,77,ms,firefox,448545223,1848975855,2024-02-26T22:53:03,1978.1,9fbcc8f23c0b7543b9146f0d90dd58ce36d32898,1382666
autoland,3869862,13,ffaba559b8f75178eed537731f258b1129b7fe97,linux1804-64-shippable-qr,True,False,,|c|o|l|d| |f|i|s|s|i|o|n| |w|e|b|r|e|n|d|e|r|,102210fe594ee9b33d82058545b1ed14f4c8206e,LastVisualChange,cnn,True,cnn LastVisualChange opt cold fission webrender,,77,ms,firefox,448570028,1849088586,2024-02-27T03:06:58,1976.0,74094dc4022c8437eb87a7e25bf6433fb07a7fbb,1382765
autoland,3869862,13,ffaba559b8f75178eed537731f258b1129b7fe97,linux1804-64-shippable-qr,True,False,,|c|o|l|d| |f|i|s|s|i|o|n| |w|e|b|r|e|n|d|e|r|,102210fe594ee9b33d82058545b1ed14f4c8206e,LastVisualChange,cnn,True,cnn LastVisualChange opt cold fission webrender,,77,ms,firefox,448607002,1849327373,2024-02-27T10:31:28,1964.7,f0fd4d27a58991220e91d1c086442a03b0a52117,1382887
autoland,3869862,13,ffaba559b8f75178eed537731f258b1129b7fe97,linux1804-64-shippable-qr,True,False,,|c|o|l|d| |f|i|s|s|i|o|n| |w|e|b|r|e|n|d|e|r|,102210fe594ee9b33d82058545b1ed14f4c8206e,LastVisualChange,cnn,True,cnn LastVisualChange opt cold fission webrender,,77,ms,firefox,448640163,1849394893,2024-02-27T13:59:53,1999.9,32acc4e2db50b53733cfcf554a308ccc986925b5,1383025
autoland,3869862,13,ffaba559b8f75178eed537731f258b1129b7fe97,linux1804-64-shippable-qr,True,False,,|c|o|l|d| |f|i|s|s|i|o|n| |w|e|b|r|e|n|d|e|r|,102210fe594ee9b33d82058545b1ed14f4c8206e,LastVisualChange,cnn,True,cnn LastVisualChange opt cold fission webrender,,77,ms,firefox,448673269,1849533685,2024-02-27T19:00:03,2001.4,149f61eecb69d6cf570be79260785c5b4a42e516,1383277
autoland,3869862,13,ffaba559b8f75178eed537731f258b1129b7fe97,linux1804-64-shippable-qr,True,False,,|c|o|l|d| |f|i|s|s|i|o|n| |w|e|b|r|e|n|d|e|r|,102210fe594ee9b33d82058545b1ed14f4c8206e,LastVisualChange,cnn,True,cnn LastVisualChange opt cold fission webrender,,77,ms,firefox,448702537,1849633570,2024-02-27T23:02:29,2002.8,06645f775e47ea71f6dfa2daff5411ab31c5a629,1383416
autoland,3869862,13,ffaba559b8f75178eed537731f258b1129b7fe97,linux1804-64-shippable-qr,True,False,,|c|o|l|d| |f|i|s|s|i|o|n| |w|e|b|r|e|n|d|e|r|,102210fe594ee9b33d82058545b1ed14f4c8206e,LastVisualChange,cnn,True,cnn LastVisualChange opt cold fission webrender,,77,ms,firefox,448705183,1849658977,2024-02-27T23:18:10,1976.3,c2895c7db175458e315a65fd8d5e9385e60a76d3,1383436
autoland,3869862,13,ffaba559b8f75178eed537731f258b1129b7fe97,linux1804-64-shippable-qr,True,False,,|c|o|l|d| |f|i|s|s|i|o|n| |w|e|b|r|e|n|d|e|r|,102210fe594ee9b33d82058545b1ed14f4c8206e,LastVisualChange,cnn,True,cnn LastVisualChange opt cold fission webrender,,77,ms,firefox,448720461,1849721709,2024-02-28T03:31:31,2006.3,41ceb034dc709c821d837a321d2c5fb944bd4231,1383545
autoland,3869862,13,ffaba559b8f75178eed537731f258b1129b7fe97,linux1804-64-shippable-qr,True,False,,|c|o|l|d| |f|i|s|s|i|o|n| |w|e|b|r|e|n|d|e|r|,102210fe594ee9b33d82058545b1ed14f4c8206e,LastVisualChange,cnn,True,cnn LastVisualChange opt cold fission webrender,,77,ms,firefox,448740090,1849807453,2024-02-28T07:34:11,1976.0,710f48d1638d076913089bfa3978b6a1efc1d842,1383600
autoland,3869862,13,ffaba559b8f75178eed537731f258b1129b7fe97,linux1804-64-shippable-qr,True,False,,|c|o|l|d| |f|i|s|s|i|o|n| |w|e|b|r|e|n|d|e|r|,102210fe594ee9b33d82058545b1ed14f4c8206e,LastVisualChange,cnn,True,cnn LastVisualChange opt cold fission webrender,,77,ms,firefox,448745010,1849834433,2024-02-28T08:18:18,2011.6,85f3a9a2a4155f207064d78c57f79611f7332287,1383612
autoland,3869862,13,ffaba559b8f75178eed537731f258b1129b7fe97,linux1804-64-shippable-qr,True,False,,|c|o|l|d| |f|i|s|s|i|o|n| |w|e|b|r|e|n|d|e|r|,102210fe594ee9b33d82058545b1ed14f4c8206e,LastVisualChange,cnn,True,cnn LastVisualChange opt cold fission webrender,,77,ms,firefox,448794333,1849988002,2024-02-28T12:53:19,1972.0,2356949f5c6d9a4f229d012051bac51b3eb83aec,1383715
autoland,3869862,13,ffaba559b8f75178eed537731f258b1129b7fe97,linux1804-64-shippable-qr,True,False,,|c|o|l|d| |f|i|s|s|i|o|n| |w|e|b|r|e|n|d|e|r|,102210fe594ee9b33d82058545b1ed14f4c8206e,LastVisualChange,cnn,True,cnn LastVisualChange opt cold fission webrender,,77,ms,firefox,448801138,1850025439,2024-02-28T14:06:22,1965.9,6583cb878dec05576053eaa9368a4eb5bbbbbedc,1383751
autoland,3869862,13,ffaba559b8f75178eed537731f258b1129b7fe97,linux1804-64-shippable-qr,True,False,,|c|o|l|d| |f|i|s|s|i|o|n| |w|e|b|r|e|n|d|e|r|,102210fe594ee9b33d82058545b1ed14f4c8206e,LastVisualChange,cnn,True,cnn LastVisualChange opt cold fission webrender,,77,ms,firefox,448918915,1850477503,2024-02-28T16:55:42,1964.9,3f69b2549451d64ce2da31b3073267541ae38398,1383877
autoland,3869862,13,ffaba559b8f75178eed537731f258b1129b7fe97,linux1804-64-shippable-qr,True,False,,|c|o|l|d| |f|i|s|s|i|o|n| |w|e|b|r|e|n|d|e|r|,102210fe594ee9b33d82058545b1ed14f4c8206e,LastVisualChange,cnn,True,cnn LastVisualChange opt cold fission webrender,,77,ms,firefox,448913281,1850463730,2024-02-28T17:06:06,1992.5,b281b2ba71defd226d3230f9c164786827f3de70,1383880
autoland,3869862,13,ffaba559b8f75178eed537731f258b1129b7fe97,linux1804-64-shippable-qr,True,False,,|c|o|l|d| |f|i|s|s|i|o|n| |w|e|b|r|e|n|d|e|r|,102210fe594ee9b33d82058545b1ed14f4c8206e,LastVisualChange,cnn,True,cnn LastVisualChange opt cold fission webrender,,77,ms,firefox,448824010,1850129295,2024-02-28T17:56:27,1974.9,32ca524f7abf0664a2f0d882868c3e913297f446,1383890
autoland,3869862,13,ffaba559b8f75178eed537731f258b1129b7fe97,linux1804-64-shippable-qr,True,False,,|c|o|l|d| |f|i|s|s|i|o|n| |w|e|b|r|e|n|d|e|r|,102210fe594ee9b33d82058545b1ed14f4c8206e,LastVisualChange,cnn,True,cnn LastVisualChange opt cold fission webrender,,77,ms,firefox,448861979,1850259886,2024-02-28T20:42:42,1994.6,da466faa7aee60bdeeca32b0767a1f0b9b964272,1384009
autoland,3869862,13,ffaba559b8f75178eed537731f258b1129b7fe97,linux1804-64-shippable-qr,True,False,,|c|o|l|d| |f|i|s|s|i|o|n| |w|e|b|r|e|n|d|e|r|,102210fe594ee9b33d82058545b1ed14f4c8206e,LastVisualChange,cnn,True,cnn LastVisualChange opt cold fission webrender,,77,ms,firefox,448895928,1850342691,2024-02-29T00:51:41,1972.7,cbef4527f79aadfe5c4dd940effe9b01df8734b1,1384174
autoland,3869862,13,ffaba559b8f75178eed537731f258b1129b7fe97,linux1804-64-shippable-qr,True,False,,|c|o|l|d| |f|i|s|s|i|o|n| |w|e|b|r|e|n|d|e|r|,102210fe594ee9b33d82058545b1ed14f4c8206e,LastVisualChange,cnn,True,cnn LastVisualChange opt cold fission webrender,,77,ms,firefox,448900272,1850381087,2024-02-29T01:20:40,2031.7,f21a5f54b6ecffa5b49d4944c32c752ea622e3c6,1384182
autoland,3869862,13,ffaba559b8f75178eed537731f258b1129b7fe97,linux1804-64-shippable-qr,True,False,,|c|o|l|d| |f|i|s|s|i|o|n| |w|e|b|r|e|n|d|e|r|,102210fe594ee9b33d82058545b1ed14f4c8206e,LastVisualChange,cnn,True,cnn LastVisualChange opt cold fission webrender,,77,ms,firefox,449058180,1851148663,2024-02-29T02:29:01,1998.6,64915858a170d28a53a5fecf27f85f9c633ec87f,1384204
autoland,3869862,13,ffaba559b8f75178eed537731f258b1129b7fe97,linux1804-64-shippable-qr,True,False,,|c|o|l|d| |f|i|s|s|i|o|n| |w|e|b|r|e|n|d|e|r|,102210fe594ee9b33d82058545b1ed14f4c8206e,LastVisualChange,cnn,True,cnn LastVisualChange opt cold fission webrender,,77,ms,firefox,449058341,1851158203,2024-02-29T02:49:12,1973.5,5640911065b0971e369a205bd76962548ee3cab6,1384218
autoland,3869862,13,ffaba559b8f75178eed537731f258b1129b7fe97,linux1804-64-shippable-qr,True,False,,|c|o|l|d| |f|i|s|s|i|o|n| |w|e|b|r|e|n|d|e|r|,102210fe594ee9b33d82058545b1ed14f4c8206e,LastVisualChange,cnn,True,cnn LastVisualChange opt cold fission webrender,,77,ms,firefox,448921183,1850492491,2024-02-29T06:49:17,2051.8,bb7b045d24f7773df5e27742496f2c0bb95d780f,1384273
autoland,3869862,13,ffaba559b8f75178eed537731f258b1129b7fe97,linux1804-64-shippable-qr,True,False,,|c|o|l|d| |f|i|s|s|i|o|n| |w|e|b|r|e|n|d|e|r|,102210fe594ee9b33d82058545b1ed14f4c8206e,LastVisualChange,cnn,True,cnn LastVisualChange opt cold fission webrender,,77,ms,firefox,448944592,1850612662,2024-02-29T10:50:05,1983.8,fbb087d5e5b8af76523b084cba81dc1be84c7fb4,1384399
autoland,3869862,13,ffaba559b8f75178eed537731f258b1129b7fe97,linux1804-64-shippable-qr,True,False,,|c|o|l|d| |f|i|s|s|i|o|n| |w|e|b|r|e|n|d|e|r|,102210fe594ee9b33d82058545b1ed14f4c8206e,LastVisualChange,cnn,True,cnn LastVisualChange opt cold fission webrender,,77,ms,firefox,448958158,1850676967,2024-02-29T13:22:41,1988.4,42781edfbf79030ca8e6f7c1584ebfc2bd31935c,1384414
autoland,3869862,13,ffaba559b8f75178eed537731f258b1129b7fe97,linux1804-64-shippable-qr,True,False,,|c|o|l|d| |f|i|s|s|i|o|n| |w|e|b|r|e|n|d|e|r|,102210fe594ee9b33d82058545b1ed14f4c8206e,LastVisualChange,cnn,True,cnn LastVisualChange opt cold fission webrender,,77,ms,firefox,448990488,1850826272,2024-02-29T17:24:54,1974.9,4b82553ad6abc0079d2d7a0642c099ca93d1d156,1384673
autoland,3869862,13,ffaba559b8f75178eed537731f258b1129b7fe97,linux1804-64-shippable-qr,True,False,,|c|o|l|d| |f|i|s|s|i|o|n| |w|e|b|r|e|n|d|e|r|,102210fe594ee9b33d82058545b1ed14f4c8206e,LastVisualChange,cnn,True,cnn LastVisualChange opt cold fission webrender,,77,ms,firefox,448994954,1850878513,2024-02-29T17:36:34,1977.4,636cf8095a0f42555363480bc387b9a5aad03efe,1384681
autoland,3869862,13,ffaba559b8f75178eed537731f258b1129b7fe97,linux1804-64-shippable-qr,True,False,,|c|o|l|d| |f|i|s|s|i|o|n| |w|e|b|r|e|n|d|e|r|,102210fe594ee9b33d82058545b1ed14f4c8206e,LastVisualChange,cnn,True,cnn LastVisualChange opt cold fission webrender,,77,ms,firefox,449023217,1850960072,2024-02-29T21:50:05,1991.8,1a461feeeb4e7725855a242023e45625b9bddae4,1384804
autoland,3869862,13,ffaba559b8f75178eed537731f258b1129b7fe97,linux1804-64-shippable-qr,True,False,,|c|o|l|d| |f|i|s|s|i|o|n| |w|e|b|r|e|n|d|e|r|,102210fe594ee9b33d82058545b1ed14f4c8206e,LastVisualChange,cnn,True,cnn LastVisualChange opt cold fission webrender,,77,ms,firefox,449028872,1850979063,2024-02-29T21:57:41,2032.6,415f94176c1508d1acb91186346a42009b378ca7,1384812
autoland,3869862,13,ffaba559b8f75178eed537731f258b1129b7fe97,linux1804-64-shippable-qr,True,False,,|c|o|l|d| |f|i|s|s|i|o|n| |w|e|b|r|e|n|d|e|r|,102210fe594ee9b33d82058545b1ed14f4c8206e,LastVisualChange,cnn,True,cnn LastVisualChange opt cold fission webrender,,77,ms,firefox,449053376,1851093372,2024-03-01T02:06:20,1972.5,3ed1cc3830b2bb116e2875dedadc6ea20235768a,1385033
autoland,3869862,13,ffaba559b8f75178eed537731f258b1129b7fe97,linux1804-64-shippable-qr,True,False,,|c|o|l|d| |f|i|s|s|i|o|n| |w|e|b|r|e|n|d|e|r|,102210fe594ee9b33d82058545b1ed14f4c8206e,LastVisualChange,cnn,True,cnn LastVisualChange opt cold fission webrender,,77,ms,firefox,449054101,1851115680,2024-03-01T02:09:48,1529.9,c726403b9a5aaed84563fd210952c3858369c756,1385038
autoland,3869862,13,ffaba559b8f75178eed537731f258b1129b7fe97,linux1804-64-shippable-qr,True,False,,|c|o|l|d| |f|i|s|s|i|o|n| |w|e|b|r|e|n|d|e|r|,102210fe594ee9b33d82058545b1ed14f4c8206e,LastVisualChange,cnn,True,cnn LastVisualChange opt cold fission webrender,,77,ms,firefox,449098957,1851313536,2024-03-01T11:09:10,2017.3,b921bb1aee11c101ece321f78bcc56942889bac9,1385336
autoland,3869862,13,ffaba559b8f75178eed537731f258b1129b7fe97,linux1804-64-shippable-qr,True,False,,|c|o|l|d| |f|i|s|s|i|o|n| |w|e|b|r|e|n|d|e|r|,102210fe594ee9b33d82058545b1ed14f4c8206e,LastVisualChange,cnn,True,cnn LastVisualChange opt cold fission webrender,,77,ms,firefox,449139496,1851413388,2024-03-01T15:15:21,2017.4,ab2f491c1f6a1907e3cd7de371a27940c1b7ae66,1385464
autoland,3869862,13,ffaba559b8f75178eed537731f258b1129b7fe97,linux1804-64-shippable-qr,True,False,,|c|o|l|d| |f|i|s|s|i|o|n| |w|e|b|r|e|n|d|e|r|,102210fe594ee9b33d82058545b1ed14f4c8206e,LastVisualChange,cnn,True,cnn LastVisualChange opt cold fission webrender,,77,ms,firefox,449138341,1851391385,2024-03-01T15:18:33,1991.8,179ceb82c9e5e6619e0a43e7c9a8682bff1f55ac,1385469
autoland,3869862,13,ffaba559b8f75178eed537731f258b1129b7fe97,linux1804-64-shippable-qr,True,False,,|c|o|l|d| |f|i|s|s|i|o|n| |w|e|b|r|e|n|d|e|r|,102210fe594ee9b33d82058545b1ed14f4c8206e,LastVisualChange,cnn,True,cnn LastVisualChange opt cold fission webrender,,77,ms,firefox,449160193,1851514625,2024-03-01T19:33:22,1980.8,c12ee5058abff427e2fd65f86c453b2c0ef5c315,1385653
autoland,3869862,13,ffaba559b8f75178eed537731f258b1129b7fe97,linux1804-64-shippable-qr,True,False,,|c|o|l|d| |f|i|s|s|i|o|n| |w|e|b|r|e|n|d|e|r|,102210fe594ee9b33d82058545b1ed14f4c8206e,LastVisualChange,cnn,True,cnn LastVisualChange opt cold fission webrender,,77,ms,firefox,449197211,1851656317,2024-03-02T08:44:09,1992.3,ac7b674e512d88788161e657fbc3371b8d955c65,1385889
autoland,3869862,13,ffaba559b8f75178eed537731f258b1129b7fe97,linux1804-64-shippable-qr,True,False,,|c|o|l|d| |f|i|s|s|i|o|n| |w|e|b|r|e|n|d|e|r|,102210fe594ee9b33d82058545b1ed14f4c8206e,LastVisualChange,cnn,True,cnn LastVisualChange opt cold fission webrender,,77,ms,firefox,449248076,1851892836,2024-03-02T18:47:19,1993.3,a2ddc20095d176734a72080712b366c74a36c934,1385949
autoland,3869862,13,ffaba559b8f75178eed537731f258b1129b7fe97,linux1804-64-shippable-qr,True,False,,|c|o|l|d| |f|i|s|s|i|o|n| |w|e|b|r|e|n|d|e|r|,102210fe594ee9b33d82058545b1ed14f4c8206e,LastVisualChange,cnn,True,cnn LastVisualChange opt cold fission webrender,,77,ms,firefox,449251830,1851917009,2024-03-02T19:45:31,1969.4,8042d9f9b7b6eb6e6a6fbefba554c035ef6bbda1,1385954
autoland,3869862,13,ffaba559b8f75178eed537731f258b1129b7fe97,linux1804-64-shippable-qr,True,False,,|c|o|l|d| |f|i|s|s|i|o|n| |w|e|b|r|e|n|d|e|r|,102210fe594ee9b33d82058545b1ed14f4c8206e,LastVisualChange,cnn,True,cnn LastVisualChange opt cold fission webrender,,77,ms,firefox,449277233,1851990011,2024-03-03T01:04:11,1994.9,c5ddc3b211e53221a5b12ce6c8a5a523bba3641f,1385990
autoland,3869862,13,ffaba559b8f75178eed537731f258b1129b7fe97,linux1804-64-shippable-qr,True,False,,|c|o|l|d| |f|i|s|s|i|o|n| |w|e|b|r|e|n|d|e|r|,102210fe594ee9b33d82058545b1ed14f4c8206e,LastVisualChange,cnn,True,cnn LastVisualChange opt cold fission webrender,,77,ms,firefox,449314066,1852128626,2024-03-03T12:29:51,2008.6,62056fe89aac9d2f369746854f0e3a55ad7153d0,1386069
autoland,3869862,13,ffaba559b8f75178eed537731f258b1129b7fe97,linux1804-64-shippable-qr,True,False,,|c|o|l|d| |f|i|s|s|i|o|n| |w|e|b|r|e|n|d|e|r|,102210fe594ee9b33d82058545b1ed14f4c8206e,LastVisualChange,cnn,True,cnn LastVisualChange opt cold fission webrender,,77,ms,firefox,449342978,1852227237,2024-03-04T01:21:19,1984.3,499cae53f42dfc8f376fd97d0a83c1f8e85e274c,1386148
autoland,3869862,13,ffaba559b8f75178eed537731f258b1129b7fe97,linux1804-64-shippable-qr,True,False,,|c|o|l|d| |f|i|s|s|i|o|n| |w|e|b|r|e|n|d|e|r|,102210fe594ee9b33d82058545b1ed14f4c8206e,LastVisualChange,cnn,True,cnn LastVisualChange opt cold fission webrender,,77,ms,firefox,449354443,1852282976,2024-03-04T06:32:50,1998.9,79823348e9cf740dbe5ae11eb654b1a85ea0ecbc,1386182
autoland,3869862,13,ffaba559b8f75178eed537731f258b1129b7fe97,linux1804-64-shippable-qr,True,False,,|c|o|l|d| |f|i|s|s|i|o|n| |w|e|b|r|e|n|d|e|r|,102210fe594ee9b33d82058545b1ed14f4c8206e,LastVisualChange,cnn,True,cnn LastVisualChange opt cold fission webrender,,77,ms,firefox,449368828,1852356407,2024-03-04T08:48:22,1973.6,54c13c0498731427f23aff4c7e87900a715761b0,1386226
autoland,3869862,13,ffaba559b8f75178eed537731f258b1129b7fe97,linux1804-64-shippable-qr,True,False,,|c|o|l|d| |f|i|s|s|i|o|n| |w|e|b|r|e|n|d|e|r|,102210fe594ee9b33d82058545b1ed14f4c8206e,LastVisualChange,cnn,True,cnn LastVisualChange opt cold fission webrender,,77,ms,firefox,449418594,1852490929,2024-03-04T12:51:58,1998.0,938c019ec0d1f3f1c0932e575d8f9e9f4c387320,1386363
autoland,3869862,13,ffaba559b8f75178eed537731f258b1129b7fe97,linux1804-64-shippable-qr,True,False,,|c|o|l|d| |f|i|s|s|i|o|n| |w|e|b|r|e|n|d|e|r|,102210fe594ee9b33d82058545b1ed14f4c8206e,LastVisualChange,cnn,True,cnn LastVisualChange opt cold fission webrender,,77,ms,firefox,449544163,1853010262,2024-03-04T13:05:50,1979.7,ebe362ea0bcdad9ff347eb250a8e26d408e47215,1386367
autoland,3869862,13,ffaba559b8f75178eed537731f258b1129b7fe97,linux1804-64-shippable-qr,True,False,,|c|o|l|d| |f|i|s|s|i|o|n| |w|e|b|r|e|n|d|e|r|,102210fe594ee9b33d82058545b1ed14f4c8206e,LastVisualChange,cnn,True,cnn LastVisualChange opt cold fission webrender,,77,ms,firefox,449544011,1852984352,2024-03-04T13:19:08,1974.5,b277bde0552da0099eed99380ad5b8eaa6402a30,1386372
autoland,3869862,13,ffaba559b8f75178eed537731f258b1129b7fe97,linux1804-64-shippable-qr,True,False,,|c|o|l|d| |f|i|s|s|i|o|n| |w|e|b|r|e|n|d|e|r|,102210fe594ee9b33d82058545b1ed14f4c8206e,LastVisualChange,cnn,True,cnn LastVisualChange opt cold fission webrender,,77,ms,firefox,449433225,1852539491,2024-03-04T14:27:11,1975.6,c90923a84670e17105b275c5be4a3c2842cb248e,1386418
autoland,3869862,13,ffaba559b8f75178eed537731f258b1129b7fe97,linux1804-64-shippable-qr,True,False,,|c|o|l|d| |f|i|s|s|i|o|n| |w|e|b|r|e|n|d|e|r|,102210fe594ee9b33d82058545b1ed14f4c8206e,LastVisualChange,cnn,True,cnn LastVisualChange opt cold fission webrender,,77,ms,firefox,449452395,1852623789,2024-03-04T16:31:41,1990.2,6c8dfd2a5bcafec953d7303c1fc35ec76d05f6ac,1386528
autoland,3869862,13,ffaba559b8f75178eed537731f258b1129b7fe97,linux1804-64-shippable-qr,True,False,,|c|o|l|d| |f|i|s|s|i|o|n| |w|e|b|r|e|n|d|e|r|,102210fe594ee9b33d82058545b1ed14f4c8206e,LastVisualChange,cnn,True,cnn LastVisualChange opt cold fission webrender,,77,ms,firefox,449490689,1852772061,2024-03-04T20:31:42,2001.6,430bda8b01b3b00b083a0034de19b12b032caf6b,1386698
autoland,3869862,13,ffaba559b8f75178eed537731f258b1129b7fe97,linux1804-64-shippable-qr,True,False,,|c|o|l|d| |f|i|s|s|i|o|n| |w|e|b|r|e|n|d|e|r|,102210fe594ee9b33d82058545b1ed14f4c8206e,LastVisualChange,cnn,True,cnn LastVisualChange opt cold fission webrender,,77,ms,firefox,449495863,1852825950,2024-03-04T21:16:05,2059.5,5b706eb2187070200b3eecb6d99a95e750c3266e,1386717
autoland,3869862,13,ffaba559b8f75178eed537731f258b1129b7fe97,linux1804-64-shippable-qr,True,False,,|c|o|l|d| |f|i|s|s|i|o|n| |w|e|b|r|e|n|d|e|r|,102210fe594ee9b33d82058545b1ed14f4c8206e,LastVisualChange,cnn,True,cnn LastVisualChange opt cold fission webrender,,77,ms,firefox,449535769,1852920070,2024-03-05T01:28:34,1965.3,2b54764bcf2909b800951938d1f6fd47752c91b6,1386871
autoland,3869862,13,ffaba559b8f75178eed537731f258b1129b7fe97,linux1804-64-shippable-qr,True,False,,|c|o|l|d| |f|i|s|s|i|o|n| |w|e|b|r|e|n|d|e|r|,102210fe594ee9b33d82058545b1ed14f4c8206e,LastVisualChange,cnn,True,cnn LastVisualChange opt cold fission webrender,,77,ms,firefox,449549656,1853013770,2024-03-05T05:25:14,1992.2,61bb37d1ba16985ef9e5cd99cd02912849f743a3,1386945
autoland,3869862,13,ffaba559b8f75178eed537731f258b1129b7fe97,linux1804-64-shippable-qr,True,False,,|c|o|l|d| |f|i|s|s|i|o|n| |w|e|b|r|e|n|d|e|r|,102210fe594ee9b33d82058545b1ed14f4c8206e,LastVisualChange,cnn,True,cnn LastVisualChange opt cold fission webrender,,77,ms,firefox,449575917,1853094841,2024-03-05T09:36:09,2017.9,20859a1f25eb48ec31fdd24c0552b9fa83c5dcf2,1387072
autoland,3869862,13,ffaba559b8f75178eed537731f258b1129b7fe97,linux1804-64-shippable-qr,True,False,,|c|o|l|d| |f|i|s|s|i|o|n| |w|e|b|r|e|n|d|e|r|,102210fe594ee9b33d82058545b1ed14f4c8206e,LastVisualChange,cnn,True,cnn LastVisualChange opt cold fission webrender,,77,ms,firefox,449602377,1853175511,2024-03-05T11:43:18,2006.4,300643546ea85a42a1f88a11595ebbb0b7157128,1387157
autoland,3869862,13,ffaba559b8f75178eed537731f258b1129b7fe97,linux1804-64-shippable-qr,True,False,,|c|o|l|d| |f|i|s|s|i|o|n| |w|e|b|r|e|n|d|e|r|,102210fe594ee9b33d82058545b1ed14f4c8206e,LastVisualChange,cnn,True,cnn LastVisualChange opt cold fission webrender,,77,ms,firefox,449723658,1853638470,2024-03-05T13:23:13,2011.6,ce04bfaf8a42c978750bbc90600639374bf1293a,1387210
autoland,3869862,13,ffaba559b8f75178eed537731f258b1129b7fe97,linux1804-64-shippable-qr,True,False,,|c|o|l|d| |f|i|s|s|i|o|n| |w|e|b|r|e|n|d|e|r|,102210fe594ee9b33d82058545b1ed14f4c8206e,LastVisualChange,cnn,True,cnn LastVisualChange opt cold fission webrender,,77,ms,firefox,449720741,1853574353,2024-03-05T13:27:30,2011.3,33e78b58e39fe602a8fcc6ab12a2f2bc513b66e3,1387213
autoland,3869862,13,ffaba559b8f75178eed537731f258b1129b7fe97,linux1804-64-shippable-qr,True,False,,|c|o|l|d| |f|i|s|s|i|o|n| |w|e|b|r|e|n|d|e|r|,102210fe594ee9b33d82058545b1ed14f4c8206e,LastVisualChange,cnn,True,cnn LastVisualChange opt cold fission webrender,,77,ms,firefox,449723573,1853625473,2024-03-05T14:21:00,2022.7,4132892d754dddce6198ca04a7119f25a8ebfa9e,1387261
autoland,3869862,13,ffaba559b8f75178eed537731f258b1129b7fe97,linux1804-64-shippable-qr,True,False,,|c|o|l|d| |f|i|s|s|i|o|n| |w|e|b|r|e|n|d|e|r|,102210fe594ee9b33d82058545b1ed14f4c8206e,LastVisualChange,cnn,True,cnn LastVisualChange opt cold fission webrender,,77,ms,firefox,449711832,1853525836,2024-03-05T14:25:39,2020.4,a01a55c90524c2dd692e9c4343b58f8cf797775f,1387264
autoland,3869862,13,ffaba559b8f75178eed537731f258b1129b7fe97,linux1804-64-shippable-qr,True,False,,|c|o|l|d| |f|i|s|s|i|o|n| |w|e|b|r|e|n|d|e|r|,102210fe594ee9b33d82058545b1ed14f4c8206e,LastVisualChange,cnn,True,cnn LastVisualChange opt cold fission webrender,,77,ms,firefox,449629343,1853256318,2024-03-05T15:52:09,1984.9,adf17fc47c84c0fa237aecff550ba42344a5c629,1387348
autoland,3869862,13,ffaba559b8f75178eed537731f258b1129b7fe97,linux1804-64-shippable-qr,True,False,,|c|o|l|d| |f|i|s|s|i|o|n| |w|e|b|r|e|n|d|e|r|,102210fe594ee9b33d82058545b1ed14f4c8206e,LastVisualChange,cnn,True,cnn LastVisualChange opt cold fission webrender,,77,ms,firefox,449718958,1853564137,2024-03-05T18:29:32,2047.2,592e22279f895d585e8f156ec76d4ad64c779ad0,1387494
autoland,3869862,13,ffaba559b8f75178eed537731f258b1129b7fe97,linux1804-64-shippable-qr,True,False,,|c|o|l|d| |f|i|s|s|i|o|n| |w|e|b|r|e|n|d|e|r|,102210fe594ee9b33d82058545b1ed14f4c8206e,LastVisualChange,cnn,True,cnn LastVisualChange opt cold fission webrender,,77,ms,firefox,449724512,1853648969,2024-03-05T18:30:41,1999.9,867bf0a906009a7dd84967547a5fbb8e9bf6bb5f,1387498
autoland,3869862,13,ffaba559b8f75178eed537731f258b1129b7fe97,linux1804-64-shippable-qr,True,False,,|c|o|l|d| |f|i|s|s|i|o|n| |w|e|b|r|e|n|d|e|r|,102210fe594ee9b33d82058545b1ed14f4c8206e,LastVisualChange,cnn,True,cnn LastVisualChange opt cold fission webrender,,77,ms,firefox,449724582,1853662154,2024-03-05T18:33:24,2024.8,b1dedc536b88c9f5c0e91eeb84892e9328eb67cb,1387501
autoland,3869862,13,ffaba559b8f75178eed537731f258b1129b7fe97,linux1804-64-shippable-qr,True,False,,|c|o|l|d| |f|i|s|s|i|o|n| |w|e|b|r|e|n|d|e|r|,102210fe594ee9b33d82058545b1ed14f4c8206e,LastVisualChange,cnn,True,cnn LastVisualChange opt cold fission webrender,,77,ms,firefox,449721454,1853613424,2024-03-05T18:34:14,1995.8,8632754daac15f378926a4efb6bd274adfe643b3,1387502
autoland,3869862,13,ffaba559b8f75178eed537731f258b1129b7fe97,linux1804-64-shippable-qr,True,False,,|c|o|l|d| |f|i|s|s|i|o|n| |w|e|b|r|e|n|d|e|r|,102210fe594ee9b33d82058545b1ed14f4c8206e,LastVisualChange,cnn,True,cnn LastVisualChange opt cold fission webrender,,77,ms,firefox,449664942,1853364848,2024-03-05T19:23:59,1990.9,c13ff57ddd8d6b9f971a631b45c6da97b3c14fb9,1387560
autoland,3869862,13,ffaba559b8f75178eed537731f258b1129b7fe97,linux1804-64-shippable-qr,True,False,,|c|o|l|d| |f|i|s|s|i|o|n| |w|e|b|r|e|n|d|e|r|,102210fe594ee9b33d82058545b1ed14f4c8206e,LastVisualChange,cnn,True,cnn LastVisualChange opt cold fission webrender,,77,ms,firefox,449684529,1853430502,2024-03-05T22:16:54,1999.8,099f52f30c39008328dfbc02ff824310e082a8da,1387647
autoland,3869862,13,ffaba559b8f75178eed537731f258b1129b7fe97,linux1804-64-shippable-qr,True,False,,|c|o|l|d| |f|i|s|s|i|o|n| |w|e|b|r|e|n|d|e|r|,102210fe594ee9b33d82058545b1ed14f4c8206e,LastVisualChange,cnn,True,cnn LastVisualChange opt cold fission webrender,,77,ms,firefox,449713070,1853545074,2024-03-06T02:53:23,2003.9,488c772c72746cdfbf99e927acee696c4d6a5aef,1387831
autoland,3869862,13,ffaba559b8f75178eed537731f258b1129b7fe97,linux1804-64-shippable-qr,True,False,,|c|o|l|d| |f|i|s|s|i|o|n| |w|e|b|r|e|n|d|e|r|,102210fe594ee9b33d82058545b1ed14f4c8206e,LastVisualChange,cnn,True,cnn LastVisualChange opt cold fission webrender,,77,ms,firefox,449794254,1853838734,2024-03-06T14:00:28,1964.6,143c3925806ed35200c2a71e650e7e74f58520a7,1388157
autoland,3869862,13,ffaba559b8f75178eed537731f258b1129b7fe97,linux1804-64-shippable-qr,True,False,,|c|o|l|d| |f|i|s|s|i|o|n| |w|e|b|r|e|n|d|e|r|,102210fe594ee9b33d82058545b1ed14f4c8206e,LastVisualChange,cnn,True,cnn LastVisualChange opt cold fission webrender,,77,ms,firefox,449828432,1853950443,2024-03-06T18:03:03,1975.7,03e6d6ff8bde56b645cfbc34dee452ff375ff3ca,1388329
autoland,3869862,13,ffaba559b8f75178eed537731f258b1129b7fe97,linux1804-64-shippable-qr,True,False,,|c|o|l|d| |f|i|s|s|i|o|n| |w|e|b|r|e|n|d|e|r|,102210fe594ee9b33d82058545b1ed14f4c8206e,LastVisualChange,cnn,True,cnn LastVisualChange opt cold fission webrender,,77,ms,firefox,449900653,1854339629,2024-03-06T18:04:52,1987.0,2a33c6ffb867576c11fa7edb2e13b7bf5b39d650,1388332
autoland,3869862,13,ffaba559b8f75178eed537731f258b1129b7fe97,linux1804-64-shippable-qr,True,False,,|c|o|l|d| |f|i|s|s|i|o|n| |w|e|b|r|e|n|d|e|r|,102210fe594ee9b33d82058545b1ed14f4c8206e,LastVisualChange,cnn,True,cnn LastVisualChange opt cold fission webrender,,77,ms,firefox,449829523,1853975678,2024-03-06T18:05:41,1996.3,f408182c4687f0490084c35cc766e637d0bdfd0f,1388333
autoland,3869862,13,ffaba559b8f75178eed537731f258b1129b7fe97,linux1804-64-shippable-qr,True,False,,|c|o|l|d| |f|i|s|s|i|o|n| |w|e|b|r|e|n|d|e|r|,102210fe594ee9b33d82058545b1ed14f4c8206e,LastVisualChange,cnn,True,cnn LastVisualChange opt cold fission webrender,,77,ms,firefox,449849453,1854063377,2024-03-06T20:32:27,1989.9,cbcc69d30489c534df28a444097bd87fcf8d8352,1388530
autoland,3869862,13,ffaba559b8f75178eed537731f258b1129b7fe97,linux1804-64-shippable-qr,True,False,,|c|o|l|d| |f|i|s|s|i|o|n| |w|e|b|r|e|n|d|e|r|,102210fe594ee9b33d82058545b1ed14f4c8206e,LastVisualChange,cnn,True,cnn LastVisualChange opt cold fission webrender,,77,ms,firefox,449897168,1854316716,2024-03-06T22:04:29,2004.7,fff42f9943259b806c262822a11bb3c2108a64a3,1388615
autoland,3869862,13,ffaba559b8f75178eed537731f258b1129b7fe97,linux1804-64-shippable-qr,True,False,,|c|o|l|d| |f|i|s|s|i|o|n| |w|e|b|r|e|n|d|e|r|,102210fe594ee9b33d82058545b1ed14f4c8206e,LastVisualChange,cnn,True,cnn LastVisualChange opt cold fission webrender,,77,ms,firefox,449899840,1854334595,2024-03-06T22:29:06,1990.8,e7c0504a7b8d395173d0b7b8caf998da6d799fa0,1388634
autoland,3869862,13,ffaba559b8f75178eed537731f258b1129b7fe97,linux1804-64-shippable-qr,True,False,,|c|o|l|d| |f|i|s|s|i|o|n| |w|e|b|r|e|n|d|e|r|,102210fe594ee9b33d82058545b1ed14f4c8206e,LastVisualChange,cnn,True,cnn LastVisualChange opt cold fission webrender,,77,ms,firefox,449875124,1854160042,2024-03-06T22:58:04,1974.4,98eadcb9210580189dd1cb9eb2cad1362b0c2835,1388664
autoland,3869862,13,ffaba559b8f75178eed537731f258b1129b7fe97,linux1804-64-shippable-qr,True,False,,|c|o|l|d| |f|i|s|s|i|o|n| |w|e|b|r|e|n|d|e|r|,102210fe594ee9b33d82058545b1ed14f4c8206e,LastVisualChange,cnn,True,cnn LastVisualChange opt cold fission webrender,,77,ms,firefox,449893481,1854265195,2024-03-07T03:21:51,2017.8,62ed755b7c5e2b357e66b4f19a5419c685e87a47,1388820
autoland,3869862,13,ffaba559b8f75178eed537731f258b1129b7fe97,linux1804-64-shippable-qr,True,False,,|c|o|l|d| |f|i|s|s|i|o|n| |w|e|b|r|e|n|d|e|r|,102210fe594ee9b33d82058545b1ed14f4c8206e,LastVisualChange,cnn,True,cnn LastVisualChange opt cold fission webrender,,77,ms,firefox,449901449,1854348543,2024-03-07T06:37:03,1980.8,d48a42b340b69771d9dc99ddf1303d3f88ae9165,1388849
autoland,3869862,13,ffaba559b8f75178eed537731f258b1129b7fe97,linux1804-64-shippable-qr,True,False,,|c|o|l|d| |f|i|s|s|i|o|n| |w|e|b|r|e|n|d|e|r|,102210fe594ee9b33d82058545b1ed14f4c8206e,LastVisualChange,cnn,True,cnn LastVisualChange opt cold fission webrender,,77,ms,firefox,449922734,1854448804,2024-03-07T10:49:51,2013.3,cfe658475285f9b5c867bcbd191d2e1332df885e,1388876
autoland,3869862,13,ffaba559b8f75178eed537731f258b1129b7fe97,linux1804-64-shippable-qr,True,False,,|c|o|l|d| |f|i|s|s|i|o|n| |w|e|b|r|e|n|d|e|r|,102210fe594ee9b33d82058545b1ed14f4c8206e,LastVisualChange,cnn,True,cnn LastVisualChange opt cold fission webrender,,77,ms,firefox,449935834,1854489623,2024-03-07T13:27:03,1992.5,0027da61966ddaf727a4c543b4541d0e175cb354,1388885
autoland,3869862,13,ffaba559b8f75178eed537731f258b1129b7fe97,linux1804-64-shippable-qr,True,False,,|c|o|l|d| |f|i|s|s|i|o|n| |w|e|b|r|e|n|d|e|r|,102210fe594ee9b33d82058545b1ed14f4c8206e,LastVisualChange,cnn,True,cnn LastVisualChange opt cold fission webrender,,77,ms,firefox,449988531,1854713671,2024-03-07T20:11:01,2000.1,c9b3f598aa024ffbe096094ee8845222b7483c50,1389147
autoland,3869862,13,ffaba559b8f75178eed537731f258b1129b7fe97,linux1804-64-shippable-qr,True,False,,|c|o|l|d| |f|i|s|s|i|o|n| |w|e|b|r|e|n|d|e|r|,102210fe594ee9b33d82058545b1ed14f4c8206e,LastVisualChange,cnn,True,cnn LastVisualChange opt cold fission webrender,,77,ms,firefox,450011173,1854811091,2024-03-08T00:14:27,1970.2,f9c5e71ad2de0632a1d833b02eb16cd13e4eabc1,1389377
autoland,3869862,13,ffaba559b8f75178eed537731f258b1129b7fe97,linux1804-64-shippable-qr,True,False,,|c|o|l|d| |f|i|s|s|i|o|n| |w|e|b|r|e|n|d|e|r|,102210fe594ee9b33d82058545b1ed14f4c8206e,LastVisualChange,cnn,True,cnn LastVisualChange opt cold fission webrender,,77,ms,firefox,450021280,1854886524,2024-03-08T01:03:56,1966.1,ac5529a784bdd0522e58c4bcdb3293674601ac52,1389404
autoland,3869862,13,ffaba559b8f75178eed537731f258b1129b7fe97,linux1804-64-shippable-qr,True,False,,|c|o|l|d| |f|i|s|s|i|o|n| |w|e|b|r|e|n|d|e|r|,102210fe594ee9b33d82058545b1ed14f4c8206e,LastVisualChange,cnn,True,cnn LastVisualChange opt cold fission webrender,,77,ms,firefox,450052448,1855060595,2024-03-08T09:44:20,2158.5,fe38c21e5d5ba7ab071d13411995b46f31d7862c,1389593
autoland,3869862,13,ffaba559b8f75178eed537731f258b1129b7fe97,linux1804-64-shippable-qr,True,False,,|c|o|l|d| |f|i|s|s|i|o|n| |w|e|b|r|e|n|d|e|r|,102210fe594ee9b33d82058545b1ed14f4c8206e,LastVisualChange,cnn,True,cnn LastVisualChange opt cold fission webrender,,77,ms,firefox,450077169,1855131339,2024-03-08T13:47:55,2018.4,e38d79679348570701c9c0b244b0d905b241b83b,1389613
autoland,3869862,13,ffaba559b8f75178eed537731f258b1129b7fe97,linux1804-64-shippable-qr,True,False,,|c|o|l|d| |f|i|s|s|i|o|n| |w|e|b|r|e|n|d|e|r|,102210fe594ee9b33d82058545b1ed14f4c8206e,LastVisualChange,cnn,True,cnn LastVisualChange opt cold fission webrender,,77,ms,firefox,450093693,1855176289,2024-03-08T15:54:44,1997.4,c306d54c8963e4dda4426d48bf41774947f5138d,1389685
autoland,3869862,13,ffaba559b8f75178eed537731f258b1129b7fe97,linux1804-64-shippable-qr,True,False,,|c|o|l|d| |f|i|s|s|i|o|n| |w|e|b|r|e|n|d|e|r|,102210fe594ee9b33d82058545b1ed14f4c8206e,LastVisualChange,cnn,True,cnn LastVisualChange opt cold fission webrender,,77,ms,firefox,450145843,1855425539,2024-03-09T00:01:41,2035.4,e40628b4cd80f3469e6fb5836c1e513e3e058225,1390115
autoland,3869862,13,ffaba559b8f75178eed537731f258b1129b7fe97,linux1804-64-shippable-qr,True,False,,|c|o|l|d| |f|i|s|s|i|o|n| |w|e|b|r|e|n|d|e|r|,102210fe594ee9b33d82058545b1ed14f4c8206e,LastVisualChange,cnn,True,cnn LastVisualChange opt cold fission webrender,,77,ms,firefox,450146582,1855450210,2024-03-09T00:02:45,1982.6,4d67ec80ce46b924295e599b81d0db0071664eca,1390116
autoland,3869862,13,ffaba559b8f75178eed537731f258b1129b7fe97,linux1804-64-shippable-qr,True,False,,|c|o|l|d| |f|i|s|s|i|o|n| |w|e|b|r|e|n|d|e|r|,102210fe594ee9b33d82058545b1ed14f4c8206e,LastVisualChange,cnn,True,cnn LastVisualChange opt cold fission webrender,,77,ms,firefox,450146776,1855454906,2024-03-09T00:03:40,2005.6,fb2eeb44f22026d0a1c7b18f8cb0786169300c1b,1390117
autoland,3869862,13,ffaba559b8f75178eed537731f258b1129b7fe97,linux1804-64-shippable-qr,True,False,,|c|o|l|d| |f|i|s|s|i|o|n| |w|e|b|r|e|n|d|e|r|,102210fe594ee9b33d82058545b1ed14f4c8206e,LastVisualChange,cnn,True,cnn LastVisualChange opt cold fission webrender,,77,ms,firefox,450165328,1855517117,2024-03-09T05:38:15,2030.4,efb6c465b7de5cb34b029bb51e5b445952bdd9b2,1390162
autoland,3869862,13,ffaba559b8f75178eed537731f258b1129b7fe97,linux1804-64-shippable-qr,True,False,,|c|o|l|d| |f|i|s|s|i|o|n| |w|e|b|r|e|n|d|e|r|,102210fe594ee9b33d82058545b1ed14f4c8206e,LastVisualChange,cnn,True,cnn LastVisualChange opt cold fission webrender,,77,ms,firefox,450190417,1855595509,2024-03-09T10:41:02,2009.8,1d530888568c2a44fc30d9b6567ab6195f238cb2,1390188
autoland,3869862,13,ffaba559b8f75178eed537731f258b1129b7fe97,linux1804-64-shippable-qr,True,False,,|c|o|l|d| |f|i|s|s|i|o|n| |w|e|b|r|e|n|d|e|r|,102210fe594ee9b33d82058545b1ed14f4c8206e,LastVisualChange,cnn,True,cnn LastVisualChange opt cold fission webrender,,77,ms,firefox,450205820,1855643550,2024-03-09T15:33:05,2213.5,10af6b2ff03bd7512d53f3ed02f7e83dba7c57ba,1390221
autoland,3869862,13,ffaba559b8f75178eed537731f258b1129b7fe97,linux1804-64-shippable-qr,True,False,,|c|o|l|d| |f|i|s|s|i|o|n| |w|e|b|r|e|n|d|e|r|,102210fe594ee9b33d82058545b1ed14f4c8206e,LastVisualChange,cnn,True,cnn LastVisualChange opt cold fission webrender,,77,ms,firefox,450217061,1855677371,2024-03-09T20:59:44,1966.3,9768cd53e66eef4a715150196cfa1138f7edf7ba,1390244
autoland,3869862,13,ffaba559b8f75178eed537731f258b1129b7fe97,linux1804-64-shippable-qr,True,False,,|c|o|l|d| |f|i|s|s|i|o|n| |w|e|b|r|e|n|d|e|r|,102210fe594ee9b33d82058545b1ed14f4c8206e,LastVisualChange,cnn,True,cnn LastVisualChange opt cold fission webrender,,77,ms,firefox,450254474,1855809258,2024-03-10T13:59:13,2044.1,f8edec6de8b50f0f6809208600e5c8ab87dd12d4,1390283
autoland,3869862,13,ffaba559b8f75178eed537731f258b1129b7fe97,linux1804-64-shippable-qr,True,False,,|c|o|l|d| |f|i|s|s|i|o|n| |w|e|b|r|e|n|d|e|r|,102210fe594ee9b33d82058545b1ed14f4c8206e,LastVisualChange,cnn,True,cnn LastVisualChange opt cold fission webrender,,77,ms,firefox,450259381,1855829620,2024-03-10T18:05:45,2016.7,059c20bed3da7a717ee144e4c2339499009d7c44,1390298
autoland,3869862,13,ffaba559b8f75178eed537731f258b1129b7fe97,linux1804-64-shippable-qr,True,False,,|c|o|l|d| |f|i|s|s|i|o|n| |w|e|b|r|e|n|d|e|r|,102210fe594ee9b33d82058545b1ed14f4c8206e,LastVisualChange,cnn,True,cnn LastVisualChange opt cold fission webrender,,77,ms,firefox,450280286,1855930415,2024-03-11T02:48:56,2003.6,0f63ab5624960b1aa464bb2e3bd76c6cd196f186,1390365
autoland,3869862,13,ffaba559b8f75178eed537731f258b1129b7fe97,linux1804-64-shippable-qr,True,False,,|c|o|l|d| |f|i|s|s|i|o|n| |w|e|b|r|e|n|d|e|r|,102210fe594ee9b33d82058545b1ed14f4c8206e,LastVisualChange,cnn,True,cnn LastVisualChange opt cold fission webrender,,77,ms,firefox,450299035,1856017435,2024-03-11T09:18:44,1976.3,343e945a502ea35f40687ffca3eab7543522fe79,1390442
autoland,3869862,13,ffaba559b8f75178eed537731f258b1129b7fe97,linux1804-64-shippable-qr,True,False,,|c|o|l|d| |f|i|s|s|i|o|n| |w|e|b|r|e|n|d|e|r|,102210fe594ee9b33d82058545b1ed14f4c8206e,LastVisualChange,cnn,True,cnn LastVisualChange opt cold fission webrender,,77,ms,firefox,450428435,1856522646,2024-03-11T09:24:54,1972.2,2a132ae2427f76ce68c19e08ce3960465c65dc3a,1390444
autoland,3869862,13,ffaba559b8f75178eed537731f258b1129b7fe97,linux1804-64-shippable-qr,True,False,,|c|o|l|d| |f|i|s|s|i|o|n| |w|e|b|r|e|n|d|e|r|,102210fe594ee9b33d82058545b1ed14f4c8206e,LastVisualChange,cnn,True,cnn LastVisualChange opt cold fission webrender,,77,ms,firefox,450427971,1856474911,2024-03-11T09:48:07,1992.3,2692de58a79eac06924d27eda115f3f14c8c206c,1390457
autoland,3869862,13,ffaba559b8f75178eed537731f258b1129b7fe97,linux1804-64-shippable-qr,True,False,,|c|o|l|d| |f|i|s|s|i|o|n| |w|e|b|r|e|n|d|e|r|,102210fe594ee9b33d82058545b1ed14f4c8206e,LastVisualChange,cnn,True,cnn LastVisualChange opt cold fission webrender,,77,ms,firefox,450424633,1856441541,2024-03-11T12:32:27,2004.4,856a612ce3d555ad6ec378bc99e74accba55c54a,1390498
autoland,3869862,13,ffaba559b8f75178eed537731f258b1129b7fe97,linux1804-64-shippable-qr,True,False,,|c|o|l|d| |f|i|s|s|i|o|n| |w|e|b|r|e|n|d|e|r|,102210fe594ee9b33d82058545b1ed14f4c8206e,LastVisualChange,cnn,True,cnn LastVisualChange opt cold fission webrender,,77,ms,firefox,450427878,1856471895,2024-03-11T12:39:30,2028.2,715d05429686085f90ae695d4bec02a707e3e4cc,1390500
autoland,3869862,13,ffaba559b8f75178eed537731f258b1129b7fe97,linux1804-64-shippable-qr,True,False,,|c|o|l|d| |f|i|s|s|i|o|n| |w|e|b|r|e|n|d|e|r|,102210fe594ee9b33d82058545b1ed14f4c8206e,LastVisualChange,cnn,True,cnn LastVisualChange opt cold fission webrender,,77,ms,firefox,450332074,1856123516,2024-03-11T13:24:20,1993.3,23b4081496822ae44a0f120f8429c0c57a864325,1390505
autoland,3869862,13,ffaba559b8f75178eed537731f258b1129b7fe97,linux1804-64-shippable-qr,True,False,,|c|o|l|d| |f|i|s|s|i|o|n| |w|e|b|r|e|n|d|e|r|,102210fe594ee9b33d82058545b1ed14f4c8206e,LastVisualChange,cnn,True,cnn LastVisualChange opt cold fission webrender,,77,ms,firefox,450339395,1856161349,2024-03-11T14:23:46,1998.4,ec25d27f83b73ab4fbd93c737d29b732042c2139,1390552
autoland,3869862,13,ffaba559b8f75178eed537731f258b1129b7fe97,linux1804-64-shippable-qr,True,False,,|c|o|l|d| |f|i|s|s|i|o|n| |w|e|b|r|e|n|d|e|r|,102210fe594ee9b33d82058545b1ed14f4c8206e,LastVisualChange,cnn,True,cnn LastVisualChange opt cold fission webrender,,77,ms,firefox,450370277,1856278237,2024-03-11T18:03:14,2176.5,b5f646ecf7f3ca586020974d36c3f4c4fca4a3a3,1390747
autoland,3869862,13,ffaba559b8f75178eed537731f258b1129b7fe97,linux1804-64-shippable-qr,True,False,,|c|o|l|d| |f|i|s|s|i|o|n| |w|e|b|r|e|n|d|e|r|,102210fe594ee9b33d82058545b1ed14f4c8206e,LastVisualChange,cnn,True,cnn LastVisualChange opt cold fission webrender,,77,ms,firefox,450391573,1856322379,2024-03-11T19:41:42,2178.0,4984afdb79c55a76ef741d1667378c296f74240f,1390851
autoland,3869862,13,ffaba559b8f75178eed537731f258b1129b7fe97,linux1804-64-shippable-qr,True,False,,|c|o|l|d| |f|i|s|s|i|o|n| |w|e|b|r|e|n|d|e|r|,102210fe594ee9b33d82058545b1ed14f4c8206e,LastVisualChange,cnn,True,cnn LastVisualChange opt cold fission webrender,,77,ms,firefox,450428627,1856536612,2024-03-11T22:07:57,2037.9,b09474764fb5539e6a0804ccf511ccf5a4dab743,1391017
autoland,3869862,13,ffaba559b8f75178eed537731f258b1129b7fe97,linux1804-64-shippable-qr,True,False,,|c|o|l|d| |f|i|s|s|i|o|n| |w|e|b|r|e|n|d|e|r|,102210fe594ee9b33d82058545b1ed14f4c8206e,LastVisualChange,cnn,True,cnn LastVisualChange opt cold fission webrender,,77,ms,firefox,450428253,1856496365,2024-03-11T22:09:50,2005.2,cc3717eca9f6e97d26aa079dfb5a0d95afffbbde,1391018
autoland,3869862,13,ffaba559b8f75178eed537731f258b1129b7fe97,linux1804-64-shippable-qr,True,False,,|c|o|l|d| |f|i|s|s|i|o|n| |w|e|b|r|e|n|d|e|r|,102210fe594ee9b33d82058545b1ed14f4c8206e,LastVisualChange,cnn,True,cnn LastVisualChange opt cold fission webrender,,77,ms,firefox,450428336,1856513326,2024-03-11T22:11:33,2018.0,e7bb5a728361f4b05cdc970a020bbe0b89e1a10b,1391020
autoland,3869862,13,ffaba559b8f75178eed537731f258b1129b7fe97,linux1804-64-shippable-qr,True,False,,|c|o|l|d| |f|i|s|s|i|o|n| |w|e|b|r|e|n|d|e|r|,102210fe594ee9b33d82058545b1ed14f4c8206e,LastVisualChange,cnn,True,cnn LastVisualChange opt cold fission webrender,,77,ms,firefox,450428450,1856525677,2024-03-11T22:12:28,2009.5,1aef65c426c611042b513e7e8af814f1191c7692,1391028
autoland,3869862,13,ffaba559b8f75178eed537731f258b1129b7fe97,linux1804-64-shippable-qr,True,False,,|c|o|l|d| |f|i|s|s|i|o|n| |w|e|b|r|e|n|d|e|r|,102210fe594ee9b33d82058545b1ed14f4c8206e,LastVisualChange,cnn,True,cnn LastVisualChange opt cold fission webrender,,77,ms,firefox,450425326,1856453893,2024-03-12T03:06:47,2040.0,5dbe89396d7f52d57c4a21457fcf95d4e1ae24c3,1391174
autoland,3869862,13,ffaba559b8f75178eed537731f258b1129b7fe97,linux1804-64-shippable-qr,True,False,,|c|o|l|d| |f|i|s|s|i|o|n| |w|e|b|r|e|n|d|e|r|,102210fe594ee9b33d82058545b1ed14f4c8206e,LastVisualChange,cnn,True,cnn LastVisualChange opt cold fission webrender,,77,ms,firefox,450433321,1856547368,2024-03-12T07:06:36,1985.6,45bdb06ed9f6ae6b675b169c0b4dbd488363098d,1391218
autoland,3869862,13,ffaba559b8f75178eed537731f258b1129b7fe97,linux1804-64-shippable-qr,True,False,,|c|o|l|d| |f|i|s|s|i|o|n| |w|e|b|r|e|n|d|e|r|,102210fe594ee9b33d82058545b1ed14f4c8206e,LastVisualChange,cnn,True,cnn LastVisualChange opt cold fission webrender,,77,ms,firefox,450571918,1857034839,2024-03-12T08:58:41,2004.4,74baace7eeb366eee357e89b04dac7178961a2a9,1391222
autoland,3869862,13,ffaba559b8f75178eed537731f258b1129b7fe97,linux1804-64-shippable-qr,True,False,,|c|o|l|d| |f|i|s|s|i|o|n| |w|e|b|r|e|n|d|e|r|,102210fe594ee9b33d82058545b1ed14f4c8206e,LastVisualChange,cnn,True,cnn LastVisualChange opt cold fission webrender,,77,ms,firefox,450571706,1857007662,2024-03-12T09:05:05,2028.1,3e91ddebfb8efe05daac1d48ac4a3d30e0ec1885,1391223
autoland,3869862,13,ffaba559b8f75178eed537731f258b1129b7fe97,linux1804-64-shippable-qr,True,False,,|c|o|l|d| |f|i|s|s|i|o|n| |w|e|b|r|e|n|d|e|r|,102210fe594ee9b33d82058545b1ed14f4c8206e,LastVisualChange,cnn,True,cnn LastVisualChange opt cold fission webrender,,77,ms,firefox,450458419,1856612842,2024-03-12T11:26:19,2016.3,8c1e5f6bca5a8f2ab2297cff5c736e61d3a3bd27,1391230
autoland,3869862,13,ffaba559b8f75178eed537731f258b1129b7fe97,linux1804-64-shippable-qr,True,False,,|c|o|l|d| |f|i|s|s|i|o|n| |w|e|b|r|e|n|d|e|r|,102210fe594ee9b33d82058545b1ed14f4c8206e,LastVisualChange,cnn,True,cnn LastVisualChange opt cold fission webrender,,77,ms,firefox,450496152,1856720892,2024-03-12T14:58:20,2011.3,c93ce7649d8d7d874130caed9005d92be916b10e,1391396
autoland,3869862,13,ffaba559b8f75178eed537731f258b1129b7fe97,linux1804-64-shippable-qr,True,False,,|c|o|l|d| |f|i|s|s|i|o|n| |w|e|b|r|e|n|d|e|r|,102210fe594ee9b33d82058545b1ed14f4c8206e,LastVisualChange,cnn,True,cnn LastVisualChange opt cold fission webrender,,77,ms,firefox,450571530,1857004174,2024-03-12T15:04:24,1992.4,48a907540cf263a7246d86efb7d4159c0b4597f5,1391401
autoland,3869862,13,ffaba559b8f75178eed537731f258b1129b7fe97,linux1804-64-shippable-qr,True,False,,|c|o|l|d| |f|i|s|s|i|o|n| |w|e|b|r|e|n|d|e|r|,102210fe594ee9b33d82058545b1ed14f4c8206e,LastVisualChange,cnn,True,cnn LastVisualChange opt cold fission webrender,,77,ms,firefox,450571816,1857024995,2024-03-12T15:07:58,1989.7,06a229e6d63a6d3497e21a0c1fce3ed4d13e9733,1391404
autoland,3869862,13,ffaba559b8f75178eed537731f258b1129b7fe97,linux1804-64-shippable-qr,True,False,,|c|o|l|d| |f|i|s|s|i|o|n| |w|e|b|r|e|n|d|e|r|,102210fe594ee9b33d82058545b1ed14f4c8206e,LastVisualChange,cnn,True,cnn LastVisualChange opt cold fission webrender,,77,ms,firefox,450515056,1856797913,2024-03-12T19:37:06,1565.4,d91b0606279d7c22a0119cdc8061cdeffe233787,1391673
autoland,3869862,13,ffaba559b8f75178eed537731f258b1129b7fe97,linux1804-64-shippable-qr,True,False,,|c|o|l|d| |f|i|s|s|i|o|n| |w|e|b|r|e|n|d|e|r|,102210fe594ee9b33d82058545b1ed14f4c8206e,LastVisualChange,cnn,True,cnn LastVisualChange opt cold fission webrender,,77,ms,firefox,450551854,1856931648,2024-03-12T23:13:34,2070.4,bb96cef2989d78eaa9d2485bb379b29449a815b2,1391824
autoland,3869862,13,ffaba559b8f75178eed537731f258b1129b7fe97,linux1804-64-shippable-qr,True,False,,|c|o|l|d| |f|i|s|s|i|o|n| |w|e|b|r|e|n|d|e|r|,102210fe594ee9b33d82058545b1ed14f4c8206e,LastVisualChange,cnn,True,cnn LastVisualChange opt cold fission webrender,,77,ms,firefox,450582508,1857053723,2024-03-13T07:01:16,2028.9,2dfb9f01e06f190da79fb195ea51dac2be58dde7,1392060
autoland,3869862,13,ffaba559b8f75178eed537731f258b1129b7fe97,linux1804-64-shippable-qr,True,False,,|c|o|l|d| |f|i|s|s|i|o|n| |w|e|b|r|e|n|d|e|r|,102210fe594ee9b33d82058545b1ed14f4c8206e,LastVisualChange,cnn,True,cnn LastVisualChange opt cold fission webrender,,77,ms,firefox,450613192,1857225466,2024-03-13T11:15:45,2007.6,ae0da9180abdc1990832791041b323e05082f6f8,1392165
autoland,3869862,13,ffaba559b8f75178eed537731f258b1129b7fe97,linux1804-64-shippable-qr,True,False,,|c|o|l|d| |f|i|s|s|i|o|n| |w|e|b|r|e|n|d|e|r|,102210fe594ee9b33d82058545b1ed14f4c8206e,LastVisualChange,cnn,True,cnn LastVisualChange opt cold fission webrender,,77,ms,firefox,450641945,1857338168,2024-03-13T15:23:46,1977.2,49e9b26b528b94a9db43d4b65112add1268f64fc,1392302
autoland,3869862,13,ffaba559b8f75178eed537731f258b1129b7fe97,linux1804-64-shippable-qr,True,False,,|c|o|l|d| |f|i|s|s|i|o|n| |w|e|b|r|e|n|d|e|r|,102210fe594ee9b33d82058545b1ed14f4c8206e,LastVisualChange,cnn,True,cnn LastVisualChange opt cold fission webrender,,77,ms,firefox,450646133,1857365513,2024-03-13T15:33:19,1985.9,35c5c892ca1e96f731d20bc6edd310a5d4e13bad,1392307
autoland,3869862,13,ffaba559b8f75178eed537731f258b1129b7fe97,linux1804-64-shippable-qr,True,False,,|c|o|l|d| |f|i|s|s|i|o|n| |w|e|b|r|e|n|d|e|r|,102210fe594ee9b33d82058545b1ed14f4c8206e,LastVisualChange,cnn,True,cnn LastVisualChange opt cold fission webrender,,77,ms,firefox,450658407,1857438696,2024-03-13T18:41:03,1983.0,ebcab57cf7cd8a64a561c831dc4d1bf6694f82b8,1392487
autoland,3869862,13,ffaba559b8f75178eed537731f258b1129b7fe97,linux1804-64-shippable-qr,True,False,,|c|o|l|d| |f|i|s|s|i|o|n| |w|e|b|r|e|n|d|e|r|,102210fe594ee9b33d82058545b1ed14f4c8206e,LastVisualChange,cnn,True,cnn LastVisualChange opt cold fission webrender,,77,ms,firefox,450677717,1857545554,2024-03-13T21:49:05,1993.2,1f3b4df016ac965dd3a2c97cb547c495364fdeef,1392594
autoland,3869862,13,ffaba559b8f75178eed537731f258b1129b7fe97,linux1804-64-shippable-qr,True,False,,|c|o|l|d| |f|i|s|s|i|o|n| |w|e|b|r|e|n|d|e|r|,102210fe594ee9b33d82058545b1ed14f4c8206e,LastVisualChange,cnn,True,cnn LastVisualChange opt cold fission webrender,,77,ms,firefox,450710378,1857659267,2024-03-14T04:20:25,1997.6,2333872b0f5028fa1f0e9236440fe58df07a0235,1392734
autoland,3869862,13,ffaba559b8f75178eed537731f258b1129b7fe97,linux1804-64-shippable-qr,True,False,,|c|o|l|d| |f|i|s|s|i|o|n| |w|e|b|r|e|n|d|e|r|,102210fe594ee9b33d82058545b1ed14f4c8206e,LastVisualChange,cnn,True,cnn LastVisualChange opt cold fission webrender,,77,ms,firefox,450724143,1857719736,2024-03-14T06:52:21,2051.3,0c82ff77321a85c36f1c5b27c99d25bad8603028,1392758
autoland,3869862,13,ffaba559b8f75178eed537731f258b1129b7fe97,linux1804-64-shippable-qr,True,False,,|c|o|l|d| |f|i|s|s|i|o|n| |w|e|b|r|e|n|d|e|r|,102210fe594ee9b33d82058545b1ed14f4c8206e,LastVisualChange,cnn,True,cnn LastVisualChange opt cold fission webrender,,77,ms,firefox,450761356,1857842489,2024-03-14T10:59:46,1954.2,1f30bd08be619a6ea06444a2a6e36123f7baad65,1392883
autoland,3869862,13,ffaba559b8f75178eed537731f258b1129b7fe97,linux1804-64-shippable-qr,True,False,,|c|o|l|d| |f|i|s|s|i|o|n| |w|e|b|r|e|n|d|e|r|,102210fe594ee9b33d82058545b1ed14f4c8206e,LastVisualChange,cnn,True,cnn LastVisualChange opt cold fission webrender,,77,ms,firefox,450859277,1858327746,2024-03-14T14:03:42,2014.7,bbf56ec305f01be8420bbfe6d13e34ec85bf45d6,1392963
autoland,3869862,13,ffaba559b8f75178eed537731f258b1129b7fe97,linux1804-64-shippable-qr,True,False,,|c|o|l|d| |f|i|s|s|i|o|n| |w|e|b|r|e|n|d|e|r|,102210fe594ee9b33d82058545b1ed14f4c8206e,LastVisualChange,cnn,True,cnn LastVisualChange opt cold fission webrender,,77,ms,firefox,450859655,1858346492,2024-03-14T14:08:54,1988.5,284c6596726d5dc4300413356fa75acde7f6dedd,1392971
autoland,3869862,13,ffaba559b8f75178eed537731f258b1129b7fe97,linux1804-64-shippable-qr,True,False,,|c|o|l|d| |f|i|s|s|i|o|n| |w|e|b|r|e|n|d|e|r|,102210fe594ee9b33d82058545b1ed14f4c8206e,LastVisualChange,cnn,True,cnn LastVisualChange opt cold fission webrender,,77,ms,firefox,450859421,1858339372,2024-03-14T14:09:44,1973.3,e172f064ce25ea0f25f8bd0f418f3370ee51e17f,1392974
autoland,3869862,13,ffaba559b8f75178eed537731f258b1129b7fe97,linux1804-64-shippable-qr,True,False,,|c|o|l|d| |f|i|s|s|i|o|n| |w|e|b|r|e|n|d|e|r|,102210fe594ee9b33d82058545b1ed14f4c8206e,LastVisualChange,cnn,True,cnn LastVisualChange opt cold fission webrender,,77,ms,firefox,450804394,1858004876,2024-03-14T17:45:33,1982.1,e0d1a1dbfd5c36a2527b566ff831a989ca5ae5f5,1393195
autoland,3869862,13,ffaba559b8f75178eed537731f258b1129b7fe97,linux1804-64-shippable-qr,True,False,,|c|o|l|d| |f|i|s|s|i|o|n| |w|e|b|r|e|n|d|e|r|,102210fe594ee9b33d82058545b1ed14f4c8206e,LastVisualChange,cnn,True,cnn LastVisualChange opt cold fission webrender,,77,ms,firefox,450859961,1858356029,2024-03-14T20:45:39,1970.9,02dd9b09a010712f21eedc050648369c27e2a8ef,1393290
autoland,3869862,13,ffaba559b8f75178eed537731f258b1129b7fe97,linux1804-64-shippable-qr,True,False,,|c|o|l|d| |f|i|s|s|i|o|n| |w|e|b|r|e|n|d|e|r|,102210fe594ee9b33d82058545b1ed14f4c8206e,LastVisualChange,cnn,True,cnn LastVisualChange opt cold fission webrender,,77,ms,firefox,450853214,1858292319,2024-03-14T20:46:30,1985.5,65df374506551b71fd3759cdb913ccc38d3900ea,1393291
autoland,3869862,13,ffaba559b8f75178eed537731f258b1129b7fe97,linux1804-64-shippable-qr,True,False,,|c|o|l|d| |f|i|s|s|i|o|n| |w|e|b|r|e|n|d|e|r|,102210fe594ee9b33d82058545b1ed14f4c8206e,LastVisualChange,cnn,True,cnn LastVisualChange opt cold fission webrender,,77,ms,firefox,450826831,1858087249,2024-03-14T21:51:03,2003.7,278273f1c1fdca23ad419f0bd277a616aa240d1e,1393332
autoland,3869862,13,ffaba559b8f75178eed537731f258b1129b7fe97,linux1804-64-shippable-qr,True,False,,|c|o|l|d| |f|i|s|s|i|o|n| |w|e|b|r|e|n|d|e|r|,102210fe594ee9b33d82058545b1ed14f4c8206e,LastVisualChange,cnn,True,cnn LastVisualChange opt cold fission webrender,,77,ms,firefox,450846257,1858159080,2024-03-15T00:00:33,1987.7,e18af9ec05f36a6f63a2e3889d5bc27f11be4267,1393414
autoland,3869862,13,ffaba559b8f75178eed537731f258b1129b7fe97,linux1804-64-shippable-qr,True,False,,|c|o|l|d| |f|i|s|s|i|o|n| |w|e|b|r|e|n|d|e|r|,102210fe594ee9b33d82058545b1ed14f4c8206e,LastVisualChange,cnn,True,cnn LastVisualChange opt cold fission webrender,,77,ms,firefox,450979983,1858860466,2024-03-15T00:02:35,1968.1,be3fca116905314a5c3ce1953ed6d67269b2ea13,1393418
autoland,3869862,13,ffaba559b8f75178eed537731f258b1129b7fe97,linux1804-64-shippable-qr,True,False,,|c|o|l|d| |f|i|s|s|i|o|n| |w|e|b|r|e|n|d|e|r|,102210fe594ee9b33d82058545b1ed14f4c8206e,LastVisualChange,cnn,True,cnn LastVisualChange opt cold fission webrender,,77,ms,firefox,450980412,1858865375,2024-03-15T00:03:24,1564.1,a4b18fc0529b53bf1ce429dbb5bc790ea118db90,1393419
autoland,3869862,13,ffaba559b8f75178eed537731f258b1129b7fe97,linux1804-64-shippable-qr,True,False,,|c|o|l|d| |f|i|s|s|i|o|n| |w|e|b|r|e|n|d|e|r|,102210fe594ee9b33d82058545b1ed14f4c8206e,LastVisualChange,cnn,True,cnn LastVisualChange opt cold fission webrender,,77,ms,firefox,450867711,1858380565,2024-03-15T06:02:39,1973.7,0eb2b661743e4b5d2ed6cf61116bc5ade9da405b,1393511
autoland,3869862,13,ffaba559b8f75178eed537731f258b1129b7fe97,linux1804-64-shippable-qr,True,False,,|c|o|l|d| |f|i|s|s|i|o|n| |w|e|b|r|e|n|d|e|r|,102210fe594ee9b33d82058545b1ed14f4c8206e,LastVisualChange,cnn,True,cnn LastVisualChange opt cold fission webrender,,77,ms,firefox,450882143,1858450293,2024-03-15T09:39:32,1974.7,02d8b0bd788352c236ca20d0163498e5ee3faa07,1393552
autoland,3869862,13,ffaba559b8f75178eed537731f258b1129b7fe97,linux1804-64-shippable-qr,True,False,,|c|o|l|d| |f|i|s|s|i|o|n| |w|e|b|r|e|n|d|e|r|,102210fe594ee9b33d82058545b1ed14f4c8206e,LastVisualChange,cnn,True,cnn LastVisualChange opt cold fission webrender,,77,ms,firefox,450908924,1858563405,2024-03-15T14:14:34,1955.9,4b69d32113781e4489234ce2c9cf8f5b5dcbce5a,1393636
autoland,3869862,13,ffaba559b8f75178eed537731f258b1129b7fe97,linux1804-64-shippable-qr,True,False,,|c|o|l|d| |f|i|s|s|i|o|n| |w|e|b|r|e|n|d|e|r|,102210fe594ee9b33d82058545b1ed14f4c8206e,LastVisualChange,cnn,True,cnn LastVisualChange opt cold fission webrender,,77,ms,firefox,450926555,1858615112,2024-03-15T16:14:11,1992.6,eff5ebeb21a902d6ed24f356b4a4b41e89ff1172,1393715
autoland,3869862,13,ffaba559b8f75178eed537731f258b1129b7fe97,linux1804-64-shippable-qr,True,False,,|c|o|l|d| |f|i|s|s|i|o|n| |w|e|b|r|e|n|d|e|r|,102210fe594ee9b33d82058545b1ed14f4c8206e,LastVisualChange,cnn,True,cnn LastVisualChange opt cold fission webrender,,77,ms,firefox,450952724,1858719199,2024-03-15T20:55:49,1983.9,f4367b1826eb51a4bbcde0cd6ae1a5b1644115d0,1393941
autoland,3869862,13,ffaba559b8f75178eed537731f258b1129b7fe97,linux1804-64-shippable-qr,True,False,,|c|o|l|d| |f|i|s|s|i|o|n| |w|e|b|r|e|n|d|e|r|,102210fe594ee9b33d82058545b1ed14f4c8206e,LastVisualChange,cnn,True,cnn LastVisualChange opt cold fission webrender,,77,ms,firefox,450975153,1858839127,2024-03-16T01:29:19,1986.8,bbe046e25d1447071e399f377b669bbe9cbf3bf3,1394036
autoland,3869862,13,ffaba559b8f75178eed537731f258b1129b7fe97,linux1804-64-shippable-qr,True,False,,|c|o|l|d| |f|i|s|s|i|o|n| |w|e|b|r|e|n|d|e|r|,102210fe594ee9b33d82058545b1ed14f4c8206e,LastVisualChange,cnn,True,cnn LastVisualChange opt cold fission webrender,,77,ms,firefox,450981236,1858880338,2024-03-16T06:01:10,2050.9,a7134d792577d5d0529bf81b769c32138f7bb0c0,1394058
autoland,3869862,13,ffaba559b8f75178eed537731f258b1129b7fe97,linux1804-64-shippable-qr,True,False,,|c|o|l|d| |f|i|s|s|i|o|n| |w|e|b|r|e|n|d|e|r|,102210fe594ee9b33d82058545b1ed14f4c8206e,LastVisualChange,cnn,True,cnn LastVisualChange opt cold fission webrender,,77,ms,firefox,451016362,1859007962,2024-03-16T15:16:53,1974.1,a65344e02551e44aca46a84016a3a07cce9d23e6,1394103
autoland,3869862,13,ffaba559b8f75178eed537731f258b1129b7fe97,linux1804-64-shippable-qr,True,False,,|c|o|l|d| |f|i|s|s|i|o|n| |w|e|b|r|e|n|d|e|r|,102210fe594ee9b33d82058545b1ed14f4c8206e,LastVisualChange,cnn,True,cnn LastVisualChange opt cold fission webrender,,77,ms,firefox,451021382,1859044426,2024-03-16T21:40:10,1996.7,bc06944d050ccff5aed2248b83d51d946814e90d,1394130
autoland,3869862,13,ffaba559b8f75178eed537731f258b1129b7fe97,linux1804-64-shippable-qr,True,False,,|c|o|l|d| |f|i|s|s|i|o|n| |w|e|b|r|e|n|d|e|r|,102210fe594ee9b33d82058545b1ed14f4c8206e,LastVisualChange,cnn,True,cnn LastVisualChange opt cold fission webrender,,77,ms,firefox,451041554,1859128985,2024-03-17T07:03:06,1977.8,7ef716435af3dee46482a893f4a3b29a4d3faafe,1394146
autoland,3869862,13,ffaba559b8f75178eed537731f258b1129b7fe97,linux1804-64-shippable-qr,True,False,,|c|o|l|d| |f|i|s|s|i|o|n| |w|e|b|r|e|n|d|e|r|,102210fe594ee9b33d82058545b1ed14f4c8206e,LastVisualChange,cnn,True,cnn LastVisualChange opt cold fission webrender,,77,ms,firefox,451050864,1859154993,2024-03-17T13:56:17,2001.4,47d63b18299914bf2eecdeb64fe8df0a52605aec,1394162
autoland,3869862,13,ffaba559b8f75178eed537731f258b1129b7fe97,linux1804-64-shippable-qr,True,False,,|c|o|l|d| |f|i|s|s|i|o|n| |w|e|b|r|e|n|d|e|r|,102210fe594ee9b33d82058545b1ed14f4c8206e,LastVisualChange,cnn,True,cnn LastVisualChange opt cold fission webrender,,77,ms,firefox,451055693,1859181578,2024-03-17T19:02:19,2010.4,164fcac77feead59372521b0072049f25a4c9692,1394171
autoland,3869862,13,ffaba559b8f75178eed537731f258b1129b7fe97,linux1804-64-shippable-qr,True,False,,|c|o|l|d| |f|i|s|s|i|o|n| |w|e|b|r|e|n|d|e|r|,102210fe594ee9b33d82058545b1ed14f4c8206e,LastVisualChange,cnn,True,cnn LastVisualChange opt cold fission webrender,,77,ms,firefox,451076355,1859306327,2024-03-18T01:14:25,1961.6,469d4a744966c133ae480dc66643d47b77aa3209,1394186
autoland,3869862,13,ffaba559b8f75178eed537731f258b1129b7fe97,linux1804-64-shippable-qr,True,False,,|c|o|l|d| |f|i|s|s|i|o|n| |w|e|b|r|e|n|d|e|r|,102210fe594ee9b33d82058545b1ed14f4c8206e,LastVisualChange,cnn,True,cnn LastVisualChange opt cold fission webrender,,77,ms,firefox,451086556,1859395364,2024-03-18T07:02:14,1972.7,9ae71156ef3c731f44e2af8d1d9c34b7eb7c6c9b,1394207
autoland,3869862,13,ffaba559b8f75178eed537731f258b1129b7fe97,linux1804-64-shippable-qr,True,False,,|c|o|l|d| |f|i|s|s|i|o|n| |w|e|b|r|e|n|d|e|r|,102210fe594ee9b33d82058545b1ed14f4c8206e,LastVisualChange,cnn,True,cnn LastVisualChange opt cold fission webrender,,77,ms,firefox,451100672,1859452751,2024-03-18T09:15:45,1993.4,d3946837037d31a7b6f83b1977e57c4ea384c904,1394248
autoland,3869862,13,ffaba559b8f75178eed537731f258b1129b7fe97,linux1804-64-shippable-qr,True,False,,|c|o|l|d| |f|i|s|s|i|o|n| |w|e|b|r|e|n|d|e|r|,102210fe594ee9b33d82058545b1ed14f4c8206e,LastVisualChange,cnn,True,cnn LastVisualChange opt cold fission webrender,,77,ms,firefox,451155777,1859650125,2024-03-18T16:13:31,2003.1,9a84c7a992c26cd844507c8b4a7215e1aa1dd56e,1394426
autoland,3869862,13,ffaba559b8f75178eed537731f258b1129b7fe97,linux1804-64-shippable-qr,True,False,,|c|o|l|d| |f|i|s|s|i|o|n| |w|e|b|r|e|n|d|e|r|,102210fe594ee9b33d82058545b1ed14f4c8206e,LastVisualChange,cnn,True,cnn LastVisualChange opt cold fission webrender,,77,ms,firefox,451165942,1859714488,2024-03-18T17:45:54,2045.4,ab4a4d632bcfcdcb0f37c6791a75467e73c47795,1394460
autoland,3869862,13,ffaba559b8f75178eed537731f258b1129b7fe97,linux1804-64-shippable-qr,True,False,,|c|o|l|d| |f|i|s|s|i|o|n| |w|e|b|r|e|n|d|e|r|,102210fe594ee9b33d82058545b1ed14f4c8206e,LastVisualChange,cnn,True,cnn LastVisualChange opt cold fission webrender,,77,ms,firefox,451196328,1859831204,2024-03-18T20:20:59,1993.1,3d0c771e9c28d7bad460e8683406e4a832de5d93,1394525
autoland,3869862,13,ffaba559b8f75178eed537731f258b1129b7fe97,linux1804-64-shippable-qr,True,False,,|c|o|l|d| |f|i|s|s|i|o|n| |w|e|b|r|e|n|d|e|r|,102210fe594ee9b33d82058545b1ed14f4c8206e,LastVisualChange,cnn,True,cnn LastVisualChange opt cold fission webrender,,77,ms,firefox,451221673,1859939521,2024-03-19T01:00:45,1996.6,0febedb51783638cc944e4b495547ccfedb4c43f,1394573
autoland,3869862,13,ffaba559b8f75178eed537731f258b1129b7fe97,linux1804-64-shippable-qr,True,False,,|c|o|l|d| |f|i|s|s|i|o|n| |w|e|b|r|e|n|d|e|r|,102210fe594ee9b33d82058545b1ed14f4c8206e,LastVisualChange,cnn,True,cnn LastVisualChange opt cold fission webrender,,77,ms,firefox,451248559,1860057209,2024-03-19T06:03:35,1982.5,0fbe242e1d975dcdea4df1bc8187bd9ecfe80291,1394632
autoland,3869862,13,ffaba559b8f75178eed537731f258b1129b7fe97,linux1804-64-shippable-qr,True,False,,|c|o|l|d| |f|i|s|s|i|o|n| |w|e|b|r|e|n|d|e|r|,102210fe594ee9b33d82058545b1ed14f4c8206e,LastVisualChange,cnn,True,cnn LastVisualChange opt cold fission webrender,,77,ms,firefox,451256838,1860086773,2024-03-19T08:17:39,1974.9,bd45b4ccb1292ec35d0fb6c623cb70b62fecd87b,1394665
autoland,3869862,13,ffaba559b8f75178eed537731f258b1129b7fe97,linux1804-64-shippable-qr,True,False,,|c|o|l|d| |f|i|s|s|i|o|n| |w|e|b|r|e|n|d|e|r|,102210fe594ee9b33d82058545b1ed14f4c8206e,LastVisualChange,cnn,True,cnn LastVisualChange opt cold fission webrender,,77,ms,firefox,451288353,1860176270,2024-03-19T11:15:16,2003.9,a4280d9d04d7841f3a7286d7cb6d9667ed276e03,1394711
autoland,3869862,13,ffaba559b8f75178eed537731f258b1129b7fe97,linux1804-64-shippable-qr,True,False,,|c|o|l|d| |f|i|s|s|i|o|n| |w|e|b|r|e|n|d|e|r|,102210fe594ee9b33d82058545b1ed14f4c8206e,LastVisualChange,cnn,True,cnn LastVisualChange opt cold fission webrender,,77,ms,firefox,451320785,1860276999,2024-03-19T13:28:22,1998.6,43d89580ba9c295f67bc3df94ba1aac23b435b63,1394763
autoland,3869862,13,ffaba559b8f75178eed537731f258b1129b7fe97,linux1804-64-shippable-qr,True,False,,|c|o|l|d| |f|i|s|s|i|o|n| |w|e|b|r|e|n|d|e|r|,102210fe594ee9b33d82058545b1ed14f4c8206e,LastVisualChange,cnn,True,cnn LastVisualChange opt cold fission webrender,,77,ms,firefox,451423646,1860756141,2024-03-19T17:01:41,1995.3,f1fbe41260ccd8c334edcef9a356b9484bd15710,1394871
autoland,3869862,13,ffaba559b8f75178eed537731f258b1129b7fe97,linux1804-64-shippable-qr,True,False,,|c|o|l|d| |f|i|s|s|i|o|n| |w|e|b|r|e|n|d|e|r|,102210fe594ee9b33d82058545b1ed14f4c8206e,LastVisualChange,cnn,True,cnn LastVisualChange opt cold fission webrender,,77,ms,firefox,451425030,1860778265,2024-03-19T17:02:34,1956.3,90c7bb425e9215f104b1646f0cb78f064eee85b8,1394872
autoland,3869862,13,ffaba559b8f75178eed537731f258b1129b7fe97,linux1804-64-shippable-qr,True,False,,|c|o|l|d| |f|i|s|s|i|o|n| |w|e|b|r|e|n|d|e|r|,102210fe594ee9b33d82058545b1ed14f4c8206e,LastVisualChange,cnn,True,cnn LastVisualChange opt cold fission webrender,,77,ms,firefox,451361176,1860434864,2024-03-19T17:03:22,1992.6,3d4f500d317cd4c54e93299c01efed1c4354deb7,1394873
autoland,3869862,13,ffaba559b8f75178eed537731f258b1129b7fe97,linux1804-64-shippable-qr,True,False,,|c|o|l|d| |f|i|s|s|i|o|n| |w|e|b|r|e|n|d|e|r|,102210fe594ee9b33d82058545b1ed14f4c8206e,LastVisualChange,cnn,True,cnn LastVisualChange opt cold fission webrender,,77,ms,firefox,451423909,1860770333,2024-03-19T17:10:24,1986.3,075d02b3d330cb754d21972246fd20adb3ec0b41,1394878
autoland,3869862,13,ffaba559b8f75178eed537731f258b1129b7fe97,linux1804-64-shippable-qr,True,False,,|c|o|l|d| |f|i|s|s|i|o|n| |w|e|b|r|e|n|d|e|r|,102210fe594ee9b33d82058545b1ed14f4c8206e,LastVisualChange,cnn,True,cnn LastVisualChange opt cold fission webrender,,77,ms,firefox,451423501,1860738766,2024-03-19T17:11:12,1979.0,b2f4fc8e6b027e886b2e54c0810b8338eae1f9a0,1394879
autoland,3869862,13,ffaba559b8f75178eed537731f258b1129b7fe97,linux1804-64-shippable-qr,True,False,,|c|o|l|d| |f|i|s|s|i|o|n| |w|e|b|r|e|n|d|e|r|,102210fe594ee9b33d82058545b1ed14f4c8206e,LastVisualChange,cnn,True,cnn LastVisualChange opt cold fission webrender,,77,ms,firefox,451591299,1861398231,2024-03-19T19:46:44,1997.2,a87db3b698e19b65bc001936fc7a8b80239a25dd,1394942
autoland,3869862,13,ffaba559b8f75178eed537731f258b1129b7fe97,linux1804-64-shippable-qr,True,False,,|c|o|l|d| |f|i|s|s|i|o|n| |w|e|b|r|e|n|d|e|r|,102210fe594ee9b33d82058545b1ed14f4c8206e,LastVisualChange,cnn,True,cnn LastVisualChange opt cold fission webrender,,77,ms,firefox,451584521,1861369126,2024-03-19T19:47:51,1992.8,f5ac2d368c7d44f585bea0397dedcd879e2b8ab4,1394944
autoland,3869862,13,ffaba559b8f75178eed537731f258b1129b7fe97,linux1804-64-shippable-qr,True,False,,|c|o|l|d| |f|i|s|s|i|o|n| |w|e|b|r|e|n|d|e|r|,102210fe594ee9b33d82058545b1ed14f4c8206e,LastVisualChange,cnn,True,cnn LastVisualChange opt cold fission webrender,,77,ms,firefox,451377589,1860513849,2024-03-19T19:48:40,1966.6,7c0de707e2a448dd3846c81f12ee9bae3ebca9d3,1394945
autoland,3869862,13,ffaba559b8f75178eed537731f258b1129b7fe97,linux1804-64-shippable-qr,True,False,,|c|o|l|d| |f|i|s|s|i|o|n| |w|e|b|r|e|n|d|e|r|,102210fe594ee9b33d82058545b1ed14f4c8206e,LastVisualChange,cnn,True,cnn LastVisualChange opt cold fission webrender,,77,ms,firefox,451426541,1860799498,2024-03-19T19:50:51,1990.8,acccc0eb50c9a1111b4f152c608de7a230877385,1394948
autoland,3869862,13,ffaba559b8f75178eed537731f258b1129b7fe97,linux1804-64-shippable-qr,True,False,,|c|o|l|d| |f|i|s|s|i|o|n| |w|e|b|r|e|n|d|e|r|,102210fe594ee9b33d82058545b1ed14f4c8206e,LastVisualChange,cnn,True,cnn LastVisualChange opt cold fission webrender,,77,ms,firefox,451423387,1860705715,2024-03-19T19:55:18,1961.3,8cd1f5a5caf1d710563af9a6e3a77a1371d35d0f,1394950
autoland,3869862,13,ffaba559b8f75178eed537731f258b1129b7fe97,linux1804-64-shippable-qr,True,False,,|c|o|l|d| |f|i|s|s|i|o|n| |w|e|b|r|e|n|d|e|r|,102210fe594ee9b33d82058545b1ed14f4c8206e,LastVisualChange,cnn,True,cnn LastVisualChange opt cold fission webrender,,77,ms,firefox,451409856,1860647910,2024-03-20T00:04:56,1991.2,25a7b6dcdd27704494317e01334be69707ff521f,1395012
autoland,3869862,13,ffaba559b8f75178eed537731f258b1129b7fe97,linux1804-64-shippable-qr,True,False,,|c|o|l|d| |f|i|s|s|i|o|n| |w|e|b|r|e|n|d|e|r|,102210fe594ee9b33d82058545b1ed14f4c8206e,LastVisualChange,cnn,True,cnn LastVisualChange opt cold fission webrender,,77,ms,firefox,451431222,1860801925,2024-03-20T06:31:28,1951.0,dbb1856b4f3345f0353d4ea33ed0f83a90420827,1395067
autoland,3869862,13,ffaba559b8f75178eed537731f258b1129b7fe97,linux1804-64-shippable-qr,True,False,,|c|o|l|d| |f|i|s|s|i|o|n| |w|e|b|r|e|n|d|e|r|,102210fe594ee9b33d82058545b1ed14f4c8206e,LastVisualChange,cnn,True,cnn LastVisualChange opt cold fission webrender,,77,ms,firefox,451458762,1860942126,2024-03-20T10:14:04,2060.2,89f62e190e69ddb95685488010b5807b31491168,1395103
autoland,3869862,13,ffaba559b8f75178eed537731f258b1129b7fe97,linux1804-64-shippable-qr,True,False,,|c|o|l|d| |f|i|s|s|i|o|n| |w|e|b|r|e|n|d|e|r|,102210fe594ee9b33d82058545b1ed14f4c8206e,LastVisualChange,cnn,True,cnn LastVisualChange opt cold fission webrender,,77,ms,firefox,451619353,1861503981,2024-03-20T12:31:36,1958.0,c831c4fb57a5247bedd50033fe2b46e3bfecea5b,1395145
autoland,3869862,13,ffaba559b8f75178eed537731f258b1129b7fe97,linux1804-64-shippable-qr,True,False,,|c|o|l|d| |f|i|s|s|i|o|n| |w|e|b|r|e|n|d|e|r|,102210fe594ee9b33d82058545b1ed14f4c8206e,LastVisualChange,cnn,True,cnn LastVisualChange opt cold fission webrender,,77,ms,firefox,451616784,1861486326,2024-03-20T13:25:25,1967.2,ba48b824fb4060555083e0d2dc4cb00a486d41ee,1395170
autoland,3869862,13,ffaba559b8f75178eed537731f258b1129b7fe97,linux1804-64-shippable-qr,True,False,,|c|o|l|d| |f|i|s|s|i|o|n| |w|e|b|r|e|n|d|e|r|,102210fe594ee9b33d82058545b1ed14f4c8206e,LastVisualChange,cnn,True,cnn LastVisualChange opt cold fission webrender,,77,ms,firefox,451628411,1861556931,2024-03-20T13:28:41,1955.7,8eb7b62278abdd1879878cc07955c579617203e5,1395172
autoland,3869862,13,ffaba559b8f75178eed537731f258b1129b7fe97,linux1804-64-shippable-qr,True,False,,|c|o|l|d| |f|i|s|s|i|o|n| |w|e|b|r|e|n|d|e|r|,102210fe594ee9b33d82058545b1ed14f4c8206e,LastVisualChange,cnn,True,cnn LastVisualChange opt cold fission webrender,,77,ms,firefox,451513237,1861052161,2024-03-20T14:37:05,1993.9,533a3c2e587f7ea99fde847c499dbb77d1d7c623,1395197
autoland,3869862,13,ffaba559b8f75178eed537731f258b1129b7fe97,linux1804-64-shippable-qr,True,False,,|c|o|l|d| |f|i|s|s|i|o|n| |w|e|b|r|e|n|d|e|r|,102210fe594ee9b33d82058545b1ed14f4c8206e,LastVisualChange,cnn,True,cnn LastVisualChange opt cold fission webrender,,77,ms,firefox,451616931,1861492285,2024-03-20T14:58:00,1982.1,abc6d755ba19ab107510d746a7774bdd92ee42a3,1395213
autoland,3869862,13,ffaba559b8f75178eed537731f258b1129b7fe97,linux1804-64-shippable-qr,True,False,,|c|o|l|d| |f|i|s|s|i|o|n| |w|e|b|r|e|n|d|e|r|,102210fe594ee9b33d82058545b1ed14f4c8206e,LastVisualChange,cnn,True,cnn LastVisualChange opt cold fission webrender,,77,ms,firefox,451537041,1861125745,2024-03-20T16:49:51,1977.4,44ee710d3a49501b5b000c7e0f6d2167c47ac041,1395254
autoland,3869862,13,ffaba559b8f75178eed537731f258b1129b7fe97,linux1804-64-shippable-qr,True,False,,|c|o|l|d| |f|i|s|s|i|o|n| |w|e|b|r|e|n|d|e|r|,102210fe594ee9b33d82058545b1ed14f4c8206e,LastVisualChange,cnn,True,cnn LastVisualChange opt cold fission webrender,,77,ms,firefox,451614943,1861481088,2024-03-20T18:56:27,1982.4,25852a1e2059b931608f1b67733e991b749a2b26,1395304
autoland,3869862,13,ffaba559b8f75178eed537731f258b1129b7fe97,linux1804-64-shippable-qr,True,False,,|c|o|l|d| |f|i|s|s|i|o|n| |w|e|b|r|e|n|d|e|r|,102210fe594ee9b33d82058545b1ed14f4c8206e,LastVisualChange,cnn,True,cnn LastVisualChange opt cold fission webrender,,77,ms,firefox,451552764,1861193182,2024-03-20T19:06:24,1991.3,a54ceb09cf6c6289a4353feb9c3cb771a7651bd0,1395310
autoland,3869862,13,ffaba559b8f75178eed537731f258b1129b7fe97,linux1804-64-shippable-qr,True,False,,|c|o|l|d| |f|i|s|s|i|o|n| |w|e|b|r|e|n|d|e|r|,102210fe594ee9b33d82058545b1ed14f4c8206e,LastVisualChange,cnn,True,cnn LastVisualChange opt cold fission webrender,,77,ms,firefox,451593176,1861407717,2024-03-20T21:30:57,1969.2,7e65c2e3fa5893e80c6f6f8ef4deef5861f82edc,1395367
autoland,3869862,13,ffaba559b8f75178eed537731f258b1129b7fe97,linux1804-64-shippable-qr,True,False,,|c|o|l|d| |f|i|s|s|i|o|n| |w|e|b|r|e|n|d|e|r|,102210fe594ee9b33d82058545b1ed14f4c8206e,LastVisualChange,cnn,True,cnn LastVisualChange opt cold fission webrender,,77,ms,firefox,451608003,1861447017,2024-03-21T02:02:41,1975.6,cd39ad6d1934b2a8d659607d5fc0c1f88df011ba,1395495
autoland,3869862,13,ffaba559b8f75178eed537731f258b1129b7fe97,linux1804-64-shippable-qr,True,False,,|c|o|l|d| |f|i|s|s|i|o|n| |w|e|b|r|e|n|d|e|r|,102210fe594ee9b33d82058545b1ed14f4c8206e,LastVisualChange,cnn,True,cnn LastVisualChange opt cold fission webrender,,77,ms,firefox,451622372,1861542617,2024-03-21T06:23:30,2001.4,ed7ada93d4ad18f5c9f613bf5ce8d5f89bdaa140,1395640
autoland,3869862,13,ffaba559b8f75178eed537731f258b1129b7fe97,linux1804-64-shippable-qr,True,False,,|c|o|l|d| |f|i|s|s|i|o|n| |w|e|b|r|e|n|d|e|r|,102210fe594ee9b33d82058545b1ed14f4c8206e,LastVisualChange,cnn,True,cnn LastVisualChange opt cold fission webrender,,77,ms,firefox,451640698,1861600105,2024-03-21T08:38:48,1975.7,335ba8ea2f56243d2cb6a5bc7aa4d0d0f3c415c7,1395685
autoland,3869862,13,ffaba559b8f75178eed537731f258b1129b7fe97,linux1804-64-shippable-qr,True,False,,|c|o|l|d| |f|i|s|s|i|o|n| |w|e|b|r|e|n|d|e|r|,102210fe594ee9b33d82058545b1ed14f4c8206e,LastVisualChange,cnn,True,cnn LastVisualChange opt cold fission webrender,,77,ms,firefox,451844029,1862249117,2024-03-21T08:42:18,2059.4,42e0c42e5e1c3fc7c0ad70a25fb2ef3cc909e5d1,1395691
autoland,3869862,13,ffaba559b8f75178eed537731f258b1129b7fe97,linux1804-64-shippable-qr,True,False,,|c|o|l|d| |f|i|s|s|i|o|n| |w|e|b|r|e|n|d|e|r|,102210fe594ee9b33d82058545b1ed14f4c8206e,LastVisualChange,cnn,True,cnn LastVisualChange opt cold fission webrender,,77,ms,firefox,451846948,1862303387,2024-03-21T09:02:11,1973.4,79b454f01f93f009791c6d78b151b86734acae05,1395725
autoland,3869862,13,ffaba559b8f75178eed537731f258b1129b7fe97,linux1804-64-shippable-qr,True,False,,|c|o|l|d| |f|i|s|s|i|o|n| |w|e|b|r|e|n|d|e|r|,102210fe594ee9b33d82058545b1ed14f4c8206e,LastVisualChange,cnn,True,cnn LastVisualChange opt cold fission webrender,,77,ms,firefox,451690120,1861791940,2024-03-21T12:46:07,1968.2,d90b4451e543266ae9d98982a92dafa311c75db6,1395897
autoland,3869862,13,ffaba559b8f75178eed537731f258b1129b7fe97,linux1804-64-shippable-qr,True,False,,|c|o|l|d| |f|i|s|s|i|o|n| |w|e|b|r|e|n|d|e|r|,102210fe594ee9b33d82058545b1ed14f4c8206e,LastVisualChange,cnn,True,cnn LastVisualChange opt cold fission webrender,,77,ms,firefox,451692029,1861801621,2024-03-21T13:53:06,1966.0,dbfd6042b4d2b3a3b509b22f41276fdfdd6a17b0,1395978
autoland,3869862,13,ffaba559b8f75178eed537731f258b1129b7fe97,linux1804-64-shippable-qr,True,False,,|c|o|l|d| |f|i|s|s|i|o|n| |w|e|b|r|e|n|d|e|r|,102210fe594ee9b33d82058545b1ed14f4c8206e,LastVisualChange,cnn,True,cnn LastVisualChange opt cold fission webrender,,77,ms,firefox,451743595,1861968910,2024-03-21T17:29:27,1958.8,6a09c380e669a377e8254dd93ff3485ae0ec96c4,1396220
autoland,3869862,13,ffaba559b8f75178eed537731f258b1129b7fe97,linux1804-64-shippable-qr,True,False,,|c|o|l|d| |f|i|s|s|i|o|n| |w|e|b|r|e|n|d|e|r|,102210fe594ee9b33d82058545b1ed14f4c8206e,LastVisualChange,cnn,True,cnn LastVisualChange opt cold fission webrender,,77,ms,firefox,451844430,1862260631,2024-03-21T18:45:37,1971.7,761aa95394f28659c52a30a4cf4bbb9de1bf1fcd,1396356
autoland,3869862,13,ffaba559b8f75178eed537731f258b1129b7fe97,linux1804-64-shippable-qr,True,False,,|c|o|l|d| |f|i|s|s|i|o|n| |w|e|b|r|e|n|d|e|r|,102210fe594ee9b33d82058545b1ed14f4c8206e,LastVisualChange,cnn,True,cnn LastVisualChange opt cold fission webrender,,77,ms,firefox,451845843,1862291967,2024-03-21T18:46:28,1956.7,bb41b62cad53dc168eae7ef8e5dd62439925c999,1396358
autoland,3869862,13,ffaba559b8f75178eed537731f258b1129b7fe97,linux1804-64-shippable-qr,True,False,,|c|o|l|d| |f|i|s|s|i|o|n| |w|e|b|r|e|n|d|e|r|,102210fe594ee9b33d82058545b1ed14f4c8206e,LastVisualChange,cnn,True,cnn LastVisualChange opt cold fission webrender,,77,ms,firefox,451747566,1861995341,2024-03-21T18:47:13,1987.7,c83258a2f5a9fd7b7107508c07827d9aa1a83035,1396360
autoland,3869862,13,ffaba559b8f75178eed537731f258b1129b7fe97,linux1804-64-shippable-qr,True,False,,|c|o|l|d| |f|i|s|s|i|o|n| |w|e|b|r|e|n|d|e|r|,102210fe594ee9b33d82058545b1ed14f4c8206e,LastVisualChange,cnn,True,cnn LastVisualChange opt cold fission webrender,,77,ms,firefox,451769592,1862068346,2024-03-21T21:19:12,1968.4,3e3e5631944ec7d9d81a7c8ca0c3b5998ad044b3,1396573
autoland,3869862,13,ffaba559b8f75178eed537731f258b1129b7fe97,linux1804-64-shippable-qr,True,False,,|c|o|l|d| |f|i|s|s|i|o|n| |w|e|b|r|e|n|d|e|r|,102210fe594ee9b33d82058545b1ed14f4c8206e,LastVisualChange,cnn,True,cnn LastVisualChange opt cold fission webrender,,77,ms,firefox,451831296,1862204598,2024-03-22T02:33:11,1981.0,a64d6cbeaa4f78ec1f700f6123469eb1b3a31608,1396939
autoland,3869862,13,ffaba559b8f75178eed537731f258b1129b7fe97,linux1804-64-shippable-qr,True,False,,|c|o|l|d| |f|i|s|s|i|o|n| |w|e|b|r|e|n|d|e|r|,102210fe594ee9b33d82058545b1ed14f4c8206e,LastVisualChange,cnn,True,cnn LastVisualChange opt cold fission webrender,,77,ms,firefox,451847171,1862315161,2024-03-22T05:34:14,1969.1,5d6efea5e0bbc9c3cb2231d09450c2c7dd045122,1397066
autoland,3869862,13,ffaba559b8f75178eed537731f258b1129b7fe97,linux1804-64-shippable-qr,True,False,,|c|o|l|d| |f|i|s|s|i|o|n| |w|e|b|r|e|n|d|e|r|,102210fe594ee9b33d82058545b1ed14f4c8206e,LastVisualChange,cnn,True,cnn LastVisualChange opt cold fission webrender,,77,ms,firefox,451877009,1862477243,2024-03-22T10:08:21,1948.5,48b19f0a3ca9e2d02e502182cb41095a870c3c30,1397249
autoland,3869862,13,ffaba559b8f75178eed537731f258b1129b7fe97,linux1804-64-shippable-qr,True,False,,|c|o|l|d| |f|i|s|s|i|o|n| |w|e|b|r|e|n|d|e|r|,102210fe594ee9b33d82058545b1ed14f4c8206e,LastVisualChange,cnn,True,cnn LastVisualChange opt cold fission webrender,,77,ms,firefox,451914944,1862605241,2024-03-22T13:22:55,1994.1,640f274ba8d721083e3a62631c1c96e652d0965c,1397337
autoland,3869862,13,ffaba559b8f75178eed537731f258b1129b7fe97,linux1804-64-shippable-qr,True,False,,|c|o|l|d| |f|i|s|s|i|o|n| |w|e|b|r|e|n|d|e|r|,102210fe594ee9b33d82058545b1ed14f4c8206e,LastVisualChange,cnn,True,cnn LastVisualChange opt cold fission webrender,,77,ms,firefox,451952023,1862737771,2024-03-22T17:28:16,1979.6,d12a19660d53686074475ffbbed160cc788ebe05,1397524
autoland,3869862,13,ffaba559b8f75178eed537731f258b1129b7fe97,linux1804-64-shippable-qr,True,False,,|c|o|l|d| |f|i|s|s|i|o|n| |w|e|b|r|e|n|d|e|r|,102210fe594ee9b33d82058545b1ed14f4c8206e,LastVisualChange,cnn,True,cnn LastVisualChange opt cold fission webrender,,77,ms,firefox,451973264,1862834904,2024-03-22T22:43:04,2002.1,a008405a9171acdb92d2997564e16713185f054f,1397682
autoland,3869862,13,ffaba559b8f75178eed537731f258b1129b7fe97,linux1804-64-shippable-qr,True,False,,|c|o|l|d| |f|i|s|s|i|o|n| |w|e|b|r|e|n|d|e|r|,102210fe594ee9b33d82058545b1ed14f4c8206e,LastVisualChange,cnn,True,cnn LastVisualChange opt cold fission webrender,,77,ms,firefox,451984407,1862908809,2024-03-23T04:11:22,1988.6,341c752f9f931ed8ca1220eb7006bdfcd026038e,1397768
autoland,3869862,13,ffaba559b8f75178eed537731f258b1129b7fe97,linux1804-64-shippable-qr,True,False,,|c|o|l|d| |f|i|s|s|i|o|n| |w|e|b|r|e|n|d|e|r|,102210fe594ee9b33d82058545b1ed14f4c8206e,LastVisualChange,cnn,True,cnn LastVisualChange opt cold fission webrender,,77,ms,firefox,451995784,1862962489,2024-03-23T08:45:37,2058.0,7575296d6781e483bc76a289f68623eb548baac4,1397819
autoland,3869862,13,ffaba559b8f75178eed537731f258b1129b7fe97,linux1804-64-shippable-qr,True,False,,|c|o|l|d| |f|i|s|s|i|o|n| |w|e|b|r|e|n|d|e|r|,102210fe594ee9b33d82058545b1ed14f4c8206e,LastVisualChange,cnn,True,cnn LastVisualChange opt cold fission webrender,,77,ms,firefox,452017836,1863040902,2024-03-23T13:51:59,1979.6,47e43ed2bb6cad873900cd00ccf834a51f3dfe83,1397843
autoland,3869862,13,ffaba559b8f75178eed537731f258b1129b7fe97,linux1804-64-shippable-qr,True,False,,|c|o|l|d| |f|i|s|s|i|o|n| |w|e|b|r|e|n|d|e|r|,102210fe594ee9b33d82058545b1ed14f4c8206e,LastVisualChange,cnn,True,cnn LastVisualChange opt cold fission webrender,,77,ms,firefox,452028152,1863083629,2024-03-23T18:44:13,1985.4,69c342123c6fdb9190169823dd12a42a77559b9f,1397871
autoland,3869862,13,ffaba559b8f75178eed537731f258b1129b7fe97,linux1804-64-shippable-qr,True,False,,|c|o|l|d| |f|i|s|s|i|o|n| |w|e|b|r|e|n|d|e|r|,102210fe594ee9b33d82058545b1ed14f4c8206e,LastVisualChange,cnn,True,cnn LastVisualChange opt cold fission webrender,,77,ms,firefox,452047083,1863156845,2024-03-24T00:54:50,1970.6,c43bc8bba8a808b2f5005002f96936afa3697b34,1397899
autoland,3869862,13,ffaba559b8f75178eed537731f258b1129b7fe97,linux1804-64-shippable-qr,True,False,,|c|o|l|d| |f|i|s|s|i|o|n| |w|e|b|r|e|n|d|e|r|,102210fe594ee9b33d82058545b1ed14f4c8206e,LastVisualChange,cnn,True,cnn LastVisualChange opt cold fission webrender,,77,ms,firefox,452055518,1863223938,2024-03-24T07:02:41,1934.7,fa1b327e74e89e08f7fff24dbb35f11e48736aab,1397916
autoland,3869862,13,ffaba559b8f75178eed537731f258b1129b7fe97,linux1804-64-shippable-qr,True,False,,|c|o|l|d| |f|i|s|s|i|o|n| |w|e|b|r|e|n|d|e|r|,102210fe594ee9b33d82058545b1ed14f4c8206e,LastVisualChange,cnn,True,cnn LastVisualChange opt cold fission webrender,,77,ms,firefox,452074968,1863291518,2024-03-24T11:13:54,1953.6,f0597fea22797603c0e45ec1c43433afa5ed6dcd,1397937
autoland,3869862,13,ffaba559b8f75178eed537731f258b1129b7fe97,linux1804-64-shippable-qr,True,False,,|c|o|l|d| |f|i|s|s|i|o|n| |w|e|b|r|e|n|d|e|r|,102210fe594ee9b33d82058545b1ed14f4c8206e,LastVisualChange,cnn,True,cnn LastVisualChange opt cold fission webrender,,77,ms,firefox,452092016,1863348342,2024-03-24T18:59:17,2000.0,6ec4249c788c48dc30dfb8737228af711e49fde2,1397954
autoland,3869862,13,ffaba559b8f75178eed537731f258b1129b7fe97,linux1804-64-shippable-qr,True,False,,|c|o|l|d| |f|i|s|s|i|o|n| |w|e|b|r|e|n|d|e|r|,102210fe594ee9b33d82058545b1ed14f4c8206e,LastVisualChange,cnn,True,cnn LastVisualChange opt cold fission webrender,,77,ms,firefox,452103589,1863392989,2024-03-24T23:02:44,1980.9,f16b84d2aab6142f8b4fd6de574e96c2f551ebc7,1397973
autoland,3869862,13,ffaba559b8f75178eed537731f258b1129b7fe97,linux1804-64-shippable-qr,True,False,,|c|o|l|d| |f|i|s|s|i|o|n| |w|e|b|r|e|n|d|e|r|,102210fe594ee9b33d82058545b1ed14f4c8206e,LastVisualChange,cnn,True,cnn LastVisualChange opt cold fission webrender,,77,ms,firefox,452115882,1863459755,2024-03-25T03:31:22,1972.8,19d905446a32ebc5b281e61c8ee49718ee784a25,1397989
autoland,3869862,13,ffaba559b8f75178eed537731f258b1129b7fe97,linux1804-64-shippable-qr,True,False,,|c|o|l|d| |f|i|s|s|i|o|n| |w|e|b|r|e|n|d|e|r|,102210fe594ee9b33d82058545b1ed14f4c8206e,LastVisualChange,cnn,True,cnn LastVisualChange opt cold fission webrender,,77,ms,firefox,452134527,1863540945,2024-03-25T08:43:58,1995.6,db7773c959d542b2327b7158f769c657e46e2992,1398035
autoland,3869862,13,ffaba559b8f75178eed537731f258b1129b7fe97,linux1804-64-shippable-qr,True,False,,|c|o|l|d| |f|i|s|s|i|o|n| |w|e|b|r|e|n|d|e|r|,102210fe594ee9b33d82058545b1ed14f4c8206e,LastVisualChange,cnn,True,cnn LastVisualChange opt cold fission webrender,,77,ms,firefox,452143764,1863639820,2024-03-25T09:25:18,1972.6,71c813e27dff32e4664eb9116e60097837485bfb,1398057
autoland,3869862,13,ffaba559b8f75178eed537731f258b1129b7fe97,linux1804-64-shippable-qr,True,False,,|c|o|l|d| |f|i|s|s|i|o|n| |w|e|b|r|e|n|d|e|r|,102210fe594ee9b33d82058545b1ed14f4c8206e,LastVisualChange,cnn,True,cnn LastVisualChange opt cold fission webrender,,77,ms,firefox,452187859,1863721063,2024-03-25T13:40:37,1975.0,5969005dae85cc8ac486b2f0bdbb7454b660f252,1398214
autoland,3869862,13,ffaba559b8f75178eed537731f258b1129b7fe97,linux1804-64-shippable-qr,True,False,,|c|o|l|d| |f|i|s|s|i|o|n| |w|e|b|r|e|n|d|e|r|,102210fe594ee9b33d82058545b1ed14f4c8206e,LastVisualChange,cnn,True,cnn LastVisualChange opt cold fission webrender,,77,ms,firefox,452192106,1863738969,2024-03-25T14:05:55,1964.7,19dcff1ee3fcbb431110e0639c80a3ba51ee0a34,1398235
autoland,3869862,13,ffaba559b8f75178eed537731f258b1129b7fe97,linux1804-64-shippable-qr,True,False,,|c|o|l|d| |f|i|s|s|i|o|n| |w|e|b|r|e|n|d|e|r|,102210fe594ee9b33d82058545b1ed14f4c8206e,LastVisualChange,cnn,True,cnn LastVisualChange opt cold fission webrender,,77,ms,firefox,452298500,1864235876,2024-03-25T14:40:25,1961.2,1ccfb1fee9008dff43ef927076a3c5188eb2e683,1398263
autoland,3869862,13,ffaba559b8f75178eed537731f258b1129b7fe97,linux1804-64-shippable-qr,True,False,,|c|o|l|d| |f|i|s|s|i|o|n| |w|e|b|r|e|n|d|e|r|,102210fe594ee9b33d82058545b1ed14f4c8206e,LastVisualChange,cnn,True,cnn LastVisualChange opt cold fission webrender,,77,ms,firefox,452297711,1864223536,2024-03-25T14:55:12,1969.2,4c62ed2fd27692e962d9d0568404bbc956674765,1398275
autoland,3869862,13,ffaba559b8f75178eed537731f258b1129b7fe97,linux1804-64-shippable-qr,True,False,,|c|o|l|d| |f|i|s|s|i|o|n| |w|e|b|r|e|n|d|e|r|,102210fe594ee9b33d82058545b1ed14f4c8206e,LastVisualChange,cnn,True,cnn LastVisualChange opt cold fission webrender,,77,ms,firefox,452296979,1864206310,2024-03-25T16:24:33,1987.6,83e8fe031f9498f26b15b45bed88798d2ec510d6,1398337
autoland,3869862,13,ffaba559b8f75178eed537731f258b1129b7fe97,linux1804-64-shippable-qr,True,False,,|c|o|l|d| |f|i|s|s|i|o|n| |w|e|b|r|e|n|d|e|r|,102210fe594ee9b33d82058545b1ed14f4c8206e,LastVisualChange,cnn,True,cnn LastVisualChange opt cold fission webrender,,77,ms,firefox,452298248,1864229632,2024-03-25T16:26:02,1997.1,2bd9a68e0e0eed71138c8a8cd57f238938d37bad,1398338
autoland,3869862,13,ffaba559b8f75178eed537731f258b1129b7fe97,linux1804-64-shippable-qr,True,False,,|c|o|l|d| |f|i|s|s|i|o|n| |w|e|b|r|e|n|d|e|r|,102210fe594ee9b33d82058545b1ed14f4c8206e,LastVisualChange,cnn,True,cnn LastVisualChange opt cold fission webrender,,77,ms,firefox,452210328,1863870490,2024-03-25T17:00:38,1953.2,9b5934ed0d6138133e3cab84d859a8e38bd43683,1398374
autoland,3869862,13,ffaba559b8f75178eed537731f258b1129b7fe97,linux1804-64-shippable-qr,True,False,,|c|o|l|d| |f|i|s|s|i|o|n| |w|e|b|r|e|n|d|e|r|,102210fe594ee9b33d82058545b1ed14f4c8206e,LastVisualChange,cnn,True,cnn LastVisualChange opt cold fission webrender,,77,ms,firefox,452237985,1863989797,2024-03-25T20:16:40,1975.0,05ef22f3485b9acca72235e56c8e11abea982310,1398545
autoland,3869862,13,ffaba559b8f75178eed537731f258b1129b7fe97,linux1804-64-shippable-qr,True,False,,|c|o|l|d| |f|i|s|s|i|o|n| |w|e|b|r|e|n|d|e|r|,102210fe594ee9b33d82058545b1ed14f4c8206e,LastVisualChange,cnn,True,cnn LastVisualChange opt cold fission webrender,,77,ms,firefox,452272652,1864095855,2024-03-26T00:18:31,1996.9,af6fe1ffacb6272ced1d27e874f376c671a19461,1398725
autoland,3869862,13,ffaba559b8f75178eed537731f258b1129b7fe97,linux1804-64-shippable-qr,True,False,,|c|o|l|d| |f|i|s|s|i|o|n| |w|e|b|r|e|n|d|e|r|,102210fe594ee9b33d82058545b1ed14f4c8206e,LastVisualChange,cnn,True,cnn LastVisualChange opt cold fission webrender,,77,ms,firefox,452287303,1864139280,2024-03-26T01:24:19,1983.8,f0c093accca57074b185d7b3a5a76937ae8c57ed,1398741
autoland,3869862,13,ffaba559b8f75178eed537731f258b1129b7fe97,linux1804-64-shippable-qr,True,False,,|c|o|l|d| |f|i|s|s|i|o|n| |w|e|b|r|e|n|d|e|r|,102210fe594ee9b33d82058545b1ed14f4c8206e,LastVisualChange,cnn,True,cnn LastVisualChange opt cold fission webrender,,77,ms,firefox,452454051,1864824537,2024-03-26T04:41:36,1967.9,1ae61dcda070d554cd7c9925dce2611bc43f0c02,1398794
autoland,3869862,13,ffaba559b8f75178eed537731f258b1129b7fe97,linux1804-64-shippable-qr,True,False,,|c|o|l|d| |f|i|s|s|i|o|n| |w|e|b|r|e|n|d|e|r|,102210fe594ee9b33d82058545b1ed14f4c8206e,LastVisualChange,cnn,True,cnn LastVisualChange opt cold fission webrender,,77,ms,firefox,452454489,1864876546,2024-03-26T04:44:39,1991.7,c1b5b1e89360513f3c4b81679bb7a25e0482a533,1398796
autoland,3869862,13,ffaba559b8f75178eed537731f258b1129b7fe97,linux1804-64-shippable-qr,True,False,,|c|o|l|d| |f|i|s|s|i|o|n| |w|e|b|r|e|n|d|e|r|,102210fe594ee9b33d82058545b1ed14f4c8206e,LastVisualChange,cnn,True,cnn LastVisualChange opt cold fission webrender,,77,ms,firefox,452301877,1864256292,2024-03-26T06:19:49,1987.3,f76227b1c05f51b70e7d261e993b5cfa5fd8ee70,1398803
autoland,3869862,13,ffaba559b8f75178eed537731f258b1129b7fe97,linux1804-64-shippable-qr,True,False,,|c|o|l|d| |f|i|s|s|i|o|n| |w|e|b|r|e|n|d|e|r|,102210fe594ee9b33d82058545b1ed14f4c8206e,LastVisualChange,cnn,True,cnn LastVisualChange opt cold fission webrender,,77,ms,firefox,452319696,1864301657,2024-03-26T09:05:54,1989.5,e02aed8fb19856047df1d2cb7de887404e2b6956,1398850
autoland,3869862,13,ffaba559b8f75178eed537731f258b1129b7fe97,linux1804-64-shippable-qr,True,False,,|c|o|l|d| |f|i|s|s|i|o|n| |w|e|b|r|e|n|d|e|r|,102210fe594ee9b33d82058545b1ed14f4c8206e,LastVisualChange,cnn,True,cnn LastVisualChange opt cold fission webrender,,77,ms,firefox,452457454,1864915863,2024-03-26T12:41:45,1977.5,1710585070f00b71f9dc85559d71f4504cb8ffbf,1398957
autoland,3869862,13,ffaba559b8f75178eed537731f258b1129b7fe97,linux1804-64-shippable-qr,True,False,,|c|o|l|d| |f|i|s|s|i|o|n| |w|e|b|r|e|n|d|e|r|,102210fe594ee9b33d82058545b1ed14f4c8206e,LastVisualChange,cnn,True,cnn LastVisualChange opt cold fission webrender,,77,ms,firefox,452456323,1864904808,2024-03-26T12:54:29,1976.6,2e46f8032c78c727d5e4202817d08e677b5804b2,1398963
autoland,3869862,13,ffaba559b8f75178eed537731f258b1129b7fe97,linux1804-64-shippable-qr,True,False,,|c|o|l|d| |f|i|s|s|i|o|n| |w|e|b|r|e|n|d|e|r|,102210fe594ee9b33d82058545b1ed14f4c8206e,LastVisualChange,cnn,True,cnn LastVisualChange opt cold fission webrender,,77,ms,firefox,452350931,1864420430,2024-03-26T12:57:56,1972.5,8bfc3595e66f8c45af3a35d0489015d7522799d3,1398965
autoland,3869862,13,ffaba559b8f75178eed537731f258b1129b7fe97,linux1804-64-shippable-qr,True,False,,|c|o|l|d| |f|i|s|s|i|o|n| |w|e|b|r|e|n|d|e|r|,102210fe594ee9b33d82058545b1ed14f4c8206e,LastVisualChange,cnn,True,cnn LastVisualChange opt cold fission webrender,,77,ms,firefox,452384600,1864559911,2024-03-26T16:59:38,1981.7,a95909edf99f57b3e1ff98f748fd9e2ff57447da,1399161
autoland,3869862,13,ffaba559b8f75178eed537731f258b1129b7fe97,linux1804-64-shippable-qr,True,False,,|c|o|l|d| |f|i|s|s|i|o|n| |w|e|b|r|e|n|d|e|r|,102210fe594ee9b33d82058545b1ed14f4c8206e,LastVisualChange,cnn,True,cnn LastVisualChange opt cold fission webrender,,77,ms,firefox,452392087,1864580430,2024-03-26T17:44:32,1966.6,a93eeb987e4a1e533ac94ec0d1703c6f9b52b9ef,1399196
autoland,3869862,13,ffaba559b8f75178eed537731f258b1129b7fe97,linux1804-64-shippable-qr,True,False,,|c|o|l|d| |f|i|s|s|i|o|n| |w|e|b|r|e|n|d|e|r|,102210fe594ee9b33d82058545b1ed14f4c8206e,LastVisualChange,cnn,True,cnn LastVisualChange opt cold fission webrender,,77,ms,firefox,452446093,1864795573,2024-03-26T18:41:01,1966.7,883e713c301355d165c64ba2ea14c7656f777c11,1399241
autoland,3869862,13,ffaba559b8f75178eed537731f258b1129b7fe97,linux1804-64-shippable-qr,True,False,,|c|o|l|d| |f|i|s|s|i|o|n| |w|e|b|r|e|n|d|e|r|,102210fe594ee9b33d82058545b1ed14f4c8206e,LastVisualChange,cnn,True,cnn LastVisualChange opt cold fission webrender,,77,ms,firefox,452454751,1864889968,2024-03-26T18:41:57,1946.9,4e4e3eb212c5618c3d27c5729b6dad691c4d3ca7,1399243
autoland,3869862,13,ffaba559b8f75178eed537731f258b1129b7fe97,linux1804-64-shippable-qr,True,False,,|c|o|l|d| |f|i|s|s|i|o|n| |w|e|b|r|e|n|d|e|r|,102210fe594ee9b33d82058545b1ed14f4c8206e,LastVisualChange,cnn,True,cnn LastVisualChange opt cold fission webrender,,77,ms,firefox,452410079,1864641970,2024-03-26T19:19:03,1972.4,dfd96ba0e09153e6f98c22d8adcaf944059434ac,1399261
autoland,3869862,13,ffaba559b8f75178eed537731f258b1129b7fe97,linux1804-64-shippable-qr,True,False,,|c|o|l|d| |f|i|s|s|i|o|n| |w|e|b|r|e|n|d|e|r|,102210fe594ee9b33d82058545b1ed14f4c8206e,LastVisualChange,cnn,True,cnn LastVisualChange opt cold fission webrender,,77,ms,firefox,452460065,1864932226,2024-03-26T19:19:54,1980.3,aa1041e84618525b4fff77ccce55ab917a531b1c,1399262
autoland,3869862,13,ffaba559b8f75178eed537731f258b1129b7fe97,linux1804-64-shippable-qr,True,False,,|c|o|l|d| |f|i|s|s|i|o|n| |w|e|b|r|e|n|d|e|r|,102210fe594ee9b33d82058545b1ed14f4c8206e,LastVisualChange,cnn,True,cnn LastVisualChange opt cold fission webrender,,77,ms,firefox,452453759,1864820483,2024-03-26T19:20:40,1990.5,e59265cb671fad14d00aea4eb38d55c300d7c3ef,1399263
autoland,3869862,13,ffaba559b8f75178eed537731f258b1129b7fe97,linux1804-64-shippable-qr,True,False,,|c|o|l|d| |f|i|s|s|i|o|n| |w|e|b|r|e|n|d|e|r|,102210fe594ee9b33d82058545b1ed14f4c8206e,LastVisualChange,cnn,True,cnn LastVisualChange opt cold fission webrender,,77,ms,firefox,452431967,1864748446,2024-03-26T22:59:31,2011.1,babb5943701ffb0ddb6991106d28f73ad2061bb6,1399480
autoland,3869862,13,ffaba559b8f75178eed537731f258b1129b7fe97,linux1804-64-shippable-qr,True,False,,|c|o|l|d| |f|i|s|s|i|o|n| |w|e|b|r|e|n|d|e|r|,102210fe594ee9b33d82058545b1ed14f4c8206e,LastVisualChange,cnn,True,cnn LastVisualChange opt cold fission webrender,,77,ms,firefox,452462642,1864945335,2024-03-27T06:25:00,1948.7,1e79b6199559c2d8acfccdb5e9d5bc62033e6c15,1399622
autoland,3869862,13,ffaba559b8f75178eed537731f258b1129b7fe97,linux1804-64-shippable-qr,True,False,,|c|o|l|d| |f|i|s|s|i|o|n| |w|e|b|r|e|n|d|e|r|,102210fe594ee9b33d82058545b1ed14f4c8206e,LastVisualChange,cnn,True,cnn LastVisualChange opt cold fission webrender,,77,ms,firefox,452625440,1865560937,2024-03-27T06:38:16,2014.9,622bd952017025edfe3b7763206ce176b1fd01a7,1399627
autoland,3869862,13,ffaba559b8f75178eed537731f258b1129b7fe97,linux1804-64-shippable-qr,True,False,,|c|o|l|d| |f|i|s|s|i|o|n| |w|e|b|r|e|n|d|e|r|,102210fe594ee9b33d82058545b1ed14f4c8206e,LastVisualChange,cnn,True,cnn LastVisualChange opt cold fission webrender,,77,ms,firefox,452628955,1865579973,2024-03-27T06:40:48,1950.1,b3b57606103afb4c7c6eb41d87b2ccb21add6030,1399631
autoland,3869862,13,ffaba559b8f75178eed537731f258b1129b7fe97,linux1804-64-shippable-qr,True,False,,|c|o|l|d| |f|i|s|s|i|o|n| |w|e|b|r|e|n|d|e|r|,102210fe594ee9b33d82058545b1ed14f4c8206e,LastVisualChange,cnn,True,cnn LastVisualChange opt cold fission webrender,,77,ms,firefox,452497988,1865075929,2024-03-27T09:31:11,1984.2,7f2993771f48536c575137e4b51984ab6d3de136,1399694
autoland,3869862,13,ffaba559b8f75178eed537731f258b1129b7fe97,linux1804-64-shippable-qr,True,False,,|c|o|l|d| |f|i|s|s|i|o|n| |w|e|b|r|e|n|d|e|r|,102210fe594ee9b33d82058545b1ed14f4c8206e,LastVisualChange,cnn,True,cnn LastVisualChange opt cold fission webrender,,77,ms,firefox,452528160,1865185018,2024-03-27T13:38:48,1562.1,bc7ca80e302a788b0c3cc63cb148c628351b4946,1399827
autoland,3869862,13,ffaba559b8f75178eed537731f258b1129b7fe97,linux1804-64-shippable-qr,True,False,,|c|o|l|d| |f|i|s|s|i|o|n| |w|e|b|r|e|n|d|e|r|,102210fe594ee9b33d82058545b1ed14f4c8206e,LastVisualChange,cnn,True,cnn LastVisualChange opt cold fission webrender,,77,ms,firefox,452547270,1865266075,2024-03-27T15:45:41,1970.0,f8ac03b3c764017d5704deed413c8d35c99978fd,1399897
autoland,3869862,13,ffaba559b8f75178eed537731f258b1129b7fe97,linux1804-64-shippable-qr,True,False,,|c|o|l|d| |f|i|s|s|i|o|n| |w|e|b|r|e|n|d|e|r|,102210fe594ee9b33d82058545b1ed14f4c8206e,LastVisualChange,cnn,True,cnn LastVisualChange opt cold fission webrender,,77,ms,firefox,452563506,1865371322,2024-03-27T17:44:07,1972.4,5937312af5ae37b411939c2dcddbf6072d8d9cfc,1400012
autoland,3869862,13,ffaba559b8f75178eed537731f258b1129b7fe97,linux1804-64-shippable-qr,True,False,,|c|o|l|d| |f|i|s|s|i|o|n| |w|e|b|r|e|n|d|e|r|,102210fe594ee9b33d82058545b1ed14f4c8206e,LastVisualChange,cnn,True,cnn LastVisualChange opt cold fission webrender,,77,ms,firefox,452621806,1865549182,2024-03-28T01:10:01,1981.9,b1cc62489fae8d475f67dec2d9abdf69e2d47614,1400291
autoland,3869862,13,ffaba559b8f75178eed537731f258b1129b7fe97,linux1804-64-shippable-qr,True,False,,|c|o|l|d| |f|i|s|s|i|o|n| |w|e|b|r|e|n|d|e|r|,102210fe594ee9b33d82058545b1ed14f4c8206e,LastVisualChange,cnn,True,cnn LastVisualChange opt cold fission webrender,,77,ms,firefox,452658550,1865677317,2024-03-28T09:47:39,1965.9,1e7411c6b6399b5f5595f99e8d08576e473af625,1400442
autoland,3869862,13,ffaba559b8f75178eed537731f258b1129b7fe97,linux1804-64-shippable-qr,True,False,,|c|o|l|d| |f|i|s|s|i|o|n| |w|e|b|r|e|n|d|e|r|,102210fe594ee9b33d82058545b1ed14f4c8206e,LastVisualChange,cnn,True,cnn LastVisualChange opt cold fission webrender,,77,ms,firefox,452665174,1865712012,2024-03-28T10:32:02,1978.0,55aaac6352fb1fbc44f600408b2bd5a63b4ae440,1400466
autoland,3869862,13,ffaba559b8f75178eed537731f258b1129b7fe97,linux1804-64-shippable-qr,True,False,,|c|o|l|d| |f|i|s|s|i|o|n| |w|e|b|r|e|n|d|e|r|,102210fe594ee9b33d82058545b1ed14f4c8206e,LastVisualChange,cnn,True,cnn LastVisualChange opt cold fission webrender,,77,ms,firefox,452782221,1866220997,2024-03-28T12:44:44,2023.1,bbd8d31961c44a5970a51986b7c9a59266dce635,1400526
autoland,3869862,13,ffaba559b8f75178eed537731f258b1129b7fe97,linux1804-64-shippable-qr,True,False,,|c|o|l|d| |f|i|s|s|i|o|n| |w|e|b|r|e|n|d|e|r|,102210fe594ee9b33d82058545b1ed14f4c8206e,LastVisualChange,cnn,True,cnn LastVisualChange opt cold fission webrender,,77,ms,firefox,452778985,1866204490,2024-03-28T12:45:30,2007.8,ace4b125b6e06909b7a5d35847873198b28f2d27,1400527
autoland,3869862,13,ffaba559b8f75178eed537731f258b1129b7fe97,linux1804-64-shippable-qr,True,False,,|c|o|l|d| |f|i|s|s|i|o|n| |w|e|b|r|e|n|d|e|r|,102210fe594ee9b33d82058545b1ed14f4c8206e,LastVisualChange,cnn,True,cnn LastVisualChange opt cold fission webrender,,77,ms,firefox,452703341,1865856526,2024-03-28T14:53:03,1967.9,1c98db62bb1a20d26f812d28d86672158450e71c,1400606
autoland,3869862,13,ffaba559b8f75178eed537731f258b1129b7fe97,linux1804-64-shippable-qr,True,False,,|c|o|l|d| |f|i|s|s|i|o|n| |w|e|b|r|e|n|d|e|r|,102210fe594ee9b33d82058545b1ed14f4c8206e,LastVisualChange,cnn,True,cnn LastVisualChange opt cold fission webrender,,77,ms,firefox,452701069,1865831108,2024-03-28T15:08:02,1964.0,2b1a58a2fa54e47a357b20bda28512cebd79f732,1400620
autoland,3869862,13,ffaba559b8f75178eed537731f258b1129b7fe97,linux1804-64-shippable-qr,True,False,,|c|o|l|d| |f|i|s|s|i|o|n| |w|e|b|r|e|n|d|e|r|,102210fe594ee9b33d82058545b1ed14f4c8206e,LastVisualChange,cnn,True,cnn LastVisualChange opt cold fission webrender,,77,ms,firefox,452778782,1866171113,2024-03-28T17:32:47,2030.9,bae88db81951e0561249da8a92815ef5d459c933,1400723
autoland,3869862,13,ffaba559b8f75178eed537731f258b1129b7fe97,linux1804-64-shippable-qr,True,False,,|c|o|l|d| |f|i|s|s|i|o|n| |w|e|b|r|e|n|d|e|r|,102210fe594ee9b33d82058545b1ed14f4c8206e,LastVisualChange,cnn,True,cnn LastVisualChange opt cold fission webrender,,77,ms,firefox,452780035,1866214759,2024-03-28T17:34:56,1980.7,94a8891bfbbf0ff89e380ac3f28e4f9782aca0ac,1400727
autoland,3869862,13,ffaba559b8f75178eed537731f258b1129b7fe97,linux1804-64-shippable-qr,True,False,,|c|o|l|d| |f|i|s|s|i|o|n| |w|e|b|r|e|n|d|e|r|,102210fe594ee9b33d82058545b1ed14f4c8206e,LastVisualChange,cnn,True,cnn LastVisualChange opt cold fission webrender,,77,ms,firefox,452727518,1865944135,2024-03-28T19:06:21,1928.7,b9f38a3edd45f19c8f1f0e6f96e11dea269f3399,1400789
autoland,3869862,13,ffaba559b8f75178eed537731f258b1129b7fe97,linux1804-64-shippable-qr,True,False,,|c|o|l|d| |f|i|s|s|i|o|n| |w|e|b|r|e|n|d|e|r|,102210fe594ee9b33d82058545b1ed14f4c8206e,LastVisualChange,cnn,True,cnn LastVisualChange opt cold fission webrender,,77,ms,firefox,452758263,1866055024,2024-03-28T23:11:00,2005.5,8b46ddebfb7e99c2dd8d13182e11398381eda976,1400928
autoland,3869862,13,ffaba559b8f75178eed537731f258b1129b7fe97,linux1804-64-shippable-qr,True,False,,|c|o|l|d| |f|i|s|s|i|o|n| |w|e|b|r|e|n|d|e|r|,102210fe594ee9b33d82058545b1ed14f4c8206e,LastVisualChange,cnn,True,cnn LastVisualChange opt cold fission webrender,,77,ms,firefox,452760886,1866071200,2024-03-29T00:03:22,1985.4,28b4eaeb70285be21ee6612c4e891e41c7949b68,1400956
autoland,3869862,13,ffaba559b8f75178eed537731f258b1129b7fe97,linux1804-64-shippable-qr,True,False,,|c|o|l|d| |f|i|s|s|i|o|n| |w|e|b|r|e|n|d|e|r|,102210fe594ee9b33d82058545b1ed14f4c8206e,LastVisualChange,cnn,True,cnn LastVisualChange opt cold fission webrender,,77,ms,firefox,452776149,1866153646,2024-03-29T04:27:46,1999.2,4120fb3d12f57159ca2e6809f555312e00adda5d,1401028
autoland,3869862,13,ffaba559b8f75178eed537731f258b1129b7fe97,linux1804-64-shippable-qr,True,False,,|c|o|l|d| |f|i|s|s|i|o|n| |w|e|b|r|e|n|d|e|r|,102210fe594ee9b33d82058545b1ed14f4c8206e,LastVisualChange,cnn,True,cnn LastVisualChange opt cold fission webrender,,77,ms,firefox,452829782,1866369319,2024-03-29T12:22:16,2083.2,39124d8575b2fb025ca7fd37b91e052f28e88e67,1401116
autoland,3869862,13,ffaba559b8f75178eed537731f258b1129b7fe97,linux1804-64-shippable-qr,True,False,,|c|o|l|d| |f|i|s|s|i|o|n| |w|e|b|r|e|n|d|e|r|,102210fe594ee9b33d82058545b1ed14f4c8206e,LastVisualChange,cnn,True,cnn LastVisualChange opt cold fission webrender,,77,ms,firefox,452852380,1866427461,2024-03-29T16:11:04,1972.1,33becba24b3c497daf0c1180e5c659ed3cc9028c,1401211
autoland,3869862,13,ffaba559b8f75178eed537731f258b1129b7fe97,linux1804-64-shippable-qr,True,False,,|c|o|l|d| |f|i|s|s|i|o|n| |w|e|b|r|e|n|d|e|r|,102210fe594ee9b33d82058545b1ed14f4c8206e,LastVisualChange,cnn,True,cnn LastVisualChange opt cold fission webrender,,77,ms,firefox,452881181,1866566055,2024-03-29T20:24:43,2150.8,dd4f0b5931701d3aa7f7ed94fd3ba8c45816316c,1401326
autoland,3869862,13,ffaba559b8f75178eed537731f258b1129b7fe97,linux1804-64-shippable-qr,True,False,,|c|o|l|d| |f|i|s|s|i|o|n| |w|e|b|r|e|n|d|e|r|,102210fe594ee9b33d82058545b1ed14f4c8206e,LastVisualChange,cnn,True,cnn LastVisualChange opt cold fission webrender,,77,ms,firefox,452901031,1866680741,2024-03-30T04:38:25,1638.0,2fe1ab05c8fa00d73df88b20df9bc87301a46d46,1401437
autoland,3869862,13,ffaba559b8f75178eed537731f258b1129b7fe97,linux1804-64-shippable-qr,True,False,,|c|o|l|d| |f|i|s|s|i|o|n| |w|e|b|r|e|n|d|e|r|,102210fe594ee9b33d82058545b1ed14f4c8206e,LastVisualChange,cnn,True,cnn LastVisualChange opt cold fission webrender,,77,ms,firefox,452909099,1866722202,2024-03-30T08:43:08,1976.1,3e1a0031f44e72f557f0ec79cf8423168b952d80,1401445
autoland,3869862,13,ffaba559b8f75178eed537731f258b1129b7fe97,linux1804-64-shippable-qr,True,False,,|c|o|l|d| |f|i|s|s|i|o|n| |w|e|b|r|e|n|d|e|r|,102210fe594ee9b33d82058545b1ed14f4c8206e,LastVisualChange,cnn,True,cnn LastVisualChange opt cold fission webrender,,77,ms,firefox,452933671,1866810092,2024-03-30T16:23:17,1990.7,dea770591ed30035f88966bbf45cbbcc6557cdcc,1401476
autoland,3869862,13,ffaba559b8f75178eed537731f258b1129b7fe97,linux1804-64-shippable-qr,True,False,,|c|o|l|d| |f|i|s|s|i|o|n| |w|e|b|r|e|n|d|e|r|,102210fe594ee9b33d82058545b1ed14f4c8206e,LastVisualChange,cnn,True,cnn LastVisualChange opt cold fission webrender,,77,ms,firefox,452939241,1866837166,2024-03-30T17:37:54,2046.0,d7916bbe3cb4118dd9464ef3af064b13b3b0d0c4,1401479
autoland,3869862,13,ffaba559b8f75178eed537731f258b1129b7fe97,linux1804-64-shippable-qr,True,False,,|c|o|l|d| |f|i|s|s|i|o|n| |w|e|b|r|e|n|d|e|r|,102210fe594ee9b33d82058545b1ed14f4c8206e,LastVisualChange,cnn,True,cnn LastVisualChange opt cold fission webrender,,77,ms,firefox,452966601,1866928146,2024-03-31T07:04:36,1943.2,579426b2f39c365731042d79d87533ac3f616461,1401509
autoland,3869862,13,ffaba559b8f75178eed537731f258b1129b7fe97,linux1804-64-shippable-qr,True,False,,|c|o|l|d| |f|i|s|s|i|o|n| |w|e|b|r|e|n|d|e|r|,102210fe594ee9b33d82058545b1ed14f4c8206e,LastVisualChange,cnn,True,cnn LastVisualChange opt cold fission webrender,,77,ms,firefox,452990095,1867021727,2024-03-31T14:47:20,2028.0,dfc3fd176c4fcd62b5a28dcfedea3c509f24ebf5,1401533
autoland,3869862,13,ffaba559b8f75178eed537731f258b1129b7fe97,linux1804-64-shippable-qr,True,False,,|c|o|l|d| |f|i|s|s|i|o|n| |w|e|b|r|e|n|d|e|r|,102210fe594ee9b33d82058545b1ed14f4c8206e,LastVisualChange,cnn,True,cnn LastVisualChange opt cold fission webrender,,77,ms,firefox,452993879,1867039227,2024-03-31T19:03:22,1987.4,334eacacff83840ceed0bb2077c0a2a527e491a5,1401545
autoland,3869862,13,ffaba559b8f75178eed537731f258b1129b7fe97,linux1804-64-shippable-qr,True,False,,|c|o|l|d| |f|i|s|s|i|o|n| |w|e|b|r|e|n|d|e|r|,102210fe594ee9b33d82058545b1ed14f4c8206e,LastVisualChange,cnn,True,cnn LastVisualChange opt cold fission webrender,,77,ms,firefox,453014606,1867121410,2024-04-01T07:03:36,1979.8,5d97e037b69610f99c35f4bbd65d27bafc5605fc,1401600
autoland,3869862,13,ffaba559b8f75178eed537731f258b1129b7fe97,linux1804-64-shippable-qr,True,False,,|c|o|l|d| |f|i|s|s|i|o|n| |w|e|b|r|e|n|d|e|r|,102210fe594ee9b33d82058545b1ed14f4c8206e,LastVisualChange,cnn,True,cnn LastVisualChange opt cold fission webrender,,77,ms,firefox,453039266,1867197193,2024-04-01T11:30:18,1993.9,9546c05d8f57091e5d3e12129a49f11b8b027da7,1401661
autoland,3869862,13,ffaba559b8f75178eed537731f258b1129b7fe97,linux1804-64-shippable-qr,True,False,,|c|o|l|d| |f|i|s|s|i|o|n| |w|e|b|r|e|n|d|e|r|,102210fe594ee9b33d82058545b1ed14f4c8206e,LastVisualChange,cnn,True,cnn LastVisualChange opt cold fission webrender,,77,ms,firefox,453062517,1867245664,2024-04-01T13:16:41,1978.9,26157b52a8c30d72d8e065cc4a8286633ee85b63,1401687
autoland,3869862,13,ffaba559b8f75178eed537731f258b1129b7fe97,linux1804-64-shippable-qr,True,False,,|c|o|l|d| |f|i|s|s|i|o|n| |w|e|b|r|e|n|d|e|r|,102210fe594ee9b33d82058545b1ed14f4c8206e,LastVisualChange,cnn,True,cnn LastVisualChange opt cold fission webrender,,77,ms,firefox,453086419,1867325202,2024-04-01T17:19:53,1960.2,cdd16ab5df10333f1a1eb637ecf2692e15271d17,1401785
autoland,3869862,13,ffaba559b8f75178eed537731f258b1129b7fe97,linux1804-64-shippable-qr,True,False,,|c|o|l|d| |f|i|s|s|i|o|n| |w|e|b|r|e|n|d|e|r|,102210fe594ee9b33d82058545b1ed14f4c8206e,LastVisualChange,cnn,True,cnn LastVisualChange opt cold fission webrender,,77,ms,firefox,453092380,1867367734,2024-04-01T18:19:29,2025.2,57354c5689ef8a5f598978d912570706445e1034,1401826
autoland,3869862,13,ffaba559b8f75178eed537731f258b1129b7fe97,linux1804-64-shippable-qr,True,False,,|c|o|l|d| |f|i|s|s|i|o|n| |w|e|b|r|e|n|d|e|r|,102210fe594ee9b33d82058545b1ed14f4c8206e,LastVisualChange,cnn,True,cnn LastVisualChange opt cold fission webrender,,77,ms,firefox,453132949,1867511616,2024-04-01T22:35:55,1977.1,13111643fbf4557d26174a12b2cde1954182b0ab,1402004
autoland,3869862,13,ffaba559b8f75178eed537731f258b1129b7fe97,linux1804-64-shippable-qr,True,False,,|c|o|l|d| |f|i|s|s|i|o|n| |w|e|b|r|e|n|d|e|r|,102210fe594ee9b33d82058545b1ed14f4c8206e,LastVisualChange,cnn,True,cnn LastVisualChange opt cold fission webrender,,77,ms,firefox,453133475,1867531133,2024-04-01T22:39:43,1984.5,e7ec5d35ae0d80f4a77b6705e1a393c637da672e,1402007
autoland,3869862,13,ffaba559b8f75178eed537731f258b1129b7fe97,linux1804-64-shippable-qr,True,False,,|c|o|l|d| |f|i|s|s|i|o|n| |w|e|b|r|e|n|d|e|r|,102210fe594ee9b33d82058545b1ed14f4c8206e,LastVisualChange,cnn,True,cnn LastVisualChange opt cold fission webrender,,77,ms,firefox,453147943,1867595239,2024-04-02T04:32:43,1971.2,de086751acb845c252c37aab95a7e6b265df39a6,1402085
autoland,3869862,13,ffaba559b8f75178eed537731f258b1129b7fe97,linux1804-64-shippable-qr,True,False,,|c|o|l|d| |f|i|s|s|i|o|n| |w|e|b|r|e|n|d|e|r|,102210fe594ee9b33d82058545b1ed14f4c8206e,LastVisualChange,cnn,True,cnn LastVisualChange opt cold fission webrender,,77,ms,firefox,453170810,1867668636,2024-04-02T08:47:33,1950.5,4df6842cb470c27ca949eaaa6d3a9b6b37d9c8fe,1402179
autoland,3869862,13,ffaba559b8f75178eed537731f258b1129b7fe97,linux1804-64-shippable-qr,True,False,,|c|o|l|d| |f|i|s|s|i|o|n| |w|e|b|r|e|n|d|e|r|,102210fe594ee9b33d82058545b1ed14f4c8206e,LastVisualChange,cnn,True,cnn LastVisualChange opt cold fission webrender,,77,ms,firefox,453171703,1867684613,2024-04-02T08:57:49,1936.0,52bb75377d06cfb305446ca966c7526c9c9729c7,1402180
autoland,3869862,13,ffaba559b8f75178eed537731f258b1129b7fe97,linux1804-64-shippable-qr,True,False,,|c|o|l|d| |f|i|s|s|i|o|n| |w|e|b|r|e|n|d|e|r|,102210fe594ee9b33d82058545b1ed14f4c8206e,LastVisualChange,cnn,True,cnn LastVisualChange opt cold fission webrender,,77,ms,firefox,453212408,1867836747,2024-04-02T13:00:14,1946.2,1eb7fb5dab3b7003052fa7fa8e85566bd5fa2a73,1402287
autoland,3869862,13,ffaba559b8f75178eed537731f258b1129b7fe97,linux1804-64-shippable-qr,True,False,,|c|o|l|d| |f|i|s|s|i|o|n| |w|e|b|r|e|n|d|e|r|,102210fe594ee9b33d82058545b1ed14f4c8206e,LastVisualChange,cnn,True,cnn LastVisualChange opt cold fission webrender,,77,ms,firefox,453216267,1867868188,2024-04-02T13:21:01,1986.5,083657141f799bed9b0e401403d144e76c1f3c63,1402293
autoland,3869862,13,ffaba559b8f75178eed537731f258b1129b7fe97,linux1804-64-shippable-qr,True,False,,|c|o|l|d| |f|i|s|s|i|o|n| |w|e|b|r|e|n|d|e|r|,102210fe594ee9b33d82058545b1ed14f4c8206e,LastVisualChange,cnn,True,cnn LastVisualChange opt cold fission webrender,,77,ms,firefox,453239308,1867964824,2024-04-02T16:51:17,1974.2,b1212fb9438edc5930a3e8228dd52ff3c068031c,1402473
autoland,3869862,13,ffaba559b8f75178eed537731f258b1129b7fe97,linux1804-64-shippable-qr,True,False,,|c|o|l|d| |f|i|s|s|i|o|n| |w|e|b|r|e|n|d|e|r|,102210fe594ee9b33d82058545b1ed14f4c8206e,LastVisualChange,cnn,True,cnn LastVisualChange opt cold fission webrender,,77,ms,firefox,453277340,1868097730,2024-04-02T20:58:38,1986.7,96cda2b1a568a48c3d201417fa49e8fc852ef641,1402671
autoland,3869862,13,ffaba559b8f75178eed537731f258b1129b7fe97,linux1804-64-shippable-qr,True,False,,|c|o|l|d| |f|i|s|s|i|o|n| |w|e|b|r|e|n|d|e|r|,102210fe594ee9b33d82058545b1ed14f4c8206e,LastVisualChange,cnn,True,cnn LastVisualChange opt cold fission webrender,,77,ms,firefox,453288959,1868155697,2024-04-02T20:59:25,1972.2,f018182907189490b43f3e89c76cfe1851bf41e7,1402673
autoland,3869862,13,ffaba559b8f75178eed537731f258b1129b7fe97,linux1804-64-shippable-qr,True,False,,|c|o|l|d| |f|i|s|s|i|o|n| |w|e|b|r|e|n|d|e|r|,102210fe594ee9b33d82058545b1ed14f4c8206e,LastVisualChange,cnn,True,cnn LastVisualChange opt cold fission webrender,,77,ms,firefox,453286801,1868150632,2024-04-02T21:00:13,1963.0,a6eb5bc4af4569aebf5617bde2573988578fb8a0,1402674
autoland,3869862,13,ffaba559b8f75178eed537731f258b1129b7fe97,linux1804-64-shippable-qr,True,False,,|c|o|l|d| |f|i|s|s|i|o|n| |w|e|b|r|e|n|d|e|r|,102210fe594ee9b33d82058545b1ed14f4c8206e,LastVisualChange,cnn,True,cnn LastVisualChange opt cold fission webrender,,77,ms,firefox,453278323,1868113723,2024-04-02T23:14:01,1979.2,bfdc9733f80bab4558cf720975c00e2658b9b8c0,1402759
autoland,3869862,13,ffaba559b8f75178eed537731f258b1129b7fe97,linux1804-64-shippable-qr,True,False,,|c|o|l|d| |f|i|s|s|i|o|n| |w|e|b|r|e|n|d|e|r|,102210fe594ee9b33d82058545b1ed14f4c8206e,LastVisualChange,cnn,True,cnn LastVisualChange opt cold fission webrender,,77,ms,firefox,453285186,1868137300,2024-04-03T02:01:46,1987.1,e9a6b1d9b2360abbda7261a5e023f1fdfaf1fbc4,1402833
autoland,3869862,13,ffaba559b8f75178eed537731f258b1129b7fe97,linux1804-64-shippable-qr,True,False,,|c|o|l|d| |f|i|s|s|i|o|n| |w|e|b|r|e|n|d|e|r|,102210fe594ee9b33d82058545b1ed14f4c8206e,LastVisualChange,cnn,True,cnn LastVisualChange opt cold fission webrender,,77,ms,firefox,453301965,1868229260,2024-04-03T06:21:18,1977.8,c720e2e99bf375c24b09c0a1415f15ba911c56ce,1402898
autoland,3869862,13,ffaba559b8f75178eed537731f258b1129b7fe97,linux1804-64-shippable-qr,True,False,,|c|o|l|d| |f|i|s|s|i|o|n| |w|e|b|r|e|n|d|e|r|,102210fe594ee9b33d82058545b1ed14f4c8206e,LastVisualChange,cnn,True,cnn LastVisualChange opt cold fission webrender,,77,ms,firefox,453312739,1868281289,2024-04-03T08:00:33,1970.9,8c92b17c7b2805a83d5a80fa103b82ae132d8320,1402944
autoland,3869862,13,ffaba559b8f75178eed537731f258b1129b7fe97,linux1804-64-shippable-qr,True,False,,|c|o|l|d| |f|i|s|s|i|o|n| |w|e|b|r|e|n|d|e|r|,102210fe594ee9b33d82058545b1ed14f4c8206e,LastVisualChange,cnn,True,cnn LastVisualChange opt cold fission webrender,,77,ms,firefox,453347036,1868355378,2024-04-03T12:19:12,1987.6,81ea9950a766d85ced5d1db992689422649c3b26,1403087
autoland,3869862,13,ffaba559b8f75178eed537731f258b1129b7fe97,linux1804-64-shippable-qr,True,False,,|c|o|l|d| |f|i|s|s|i|o|n| |w|e|b|r|e|n|d|e|r|,102210fe594ee9b33d82058545b1ed14f4c8206e,LastVisualChange,cnn,True,cnn LastVisualChange opt cold fission webrender,,77,ms,firefox,453374691,1868466011,2024-04-03T15:08:48,1967.6,31ead35d5981bb6a0da919643013edfb0b8934b6,1403194
autoland,3869862,13,ffaba559b8f75178eed537731f258b1129b7fe97,linux1804-64-shippable-qr,True,False,,|c|o|l|d| |f|i|s|s|i|o|n| |w|e|b|r|e|n|d|e|r|,102210fe594ee9b33d82058545b1ed14f4c8206e,LastVisualChange,cnn,True,cnn LastVisualChange opt cold fission webrender,,77,ms,firefox,453442970,1868688578,2024-04-03T16:14:29,1965.8,a9ffaf77a5b0635bebc58e9cf9c0fb26f5444d3d,1403253
autoland,3869862,13,ffaba559b8f75178eed537731f258b1129b7fe97,linux1804-64-shippable-qr,True,False,,|c|o|l|d| |f|i|s|s|i|o|n| |w|e|b|r|e|n|d|e|r|,102210fe594ee9b33d82058545b1ed14f4c8206e,LastVisualChange,cnn,True,cnn LastVisualChange opt cold fission webrender,,77,ms,firefox,453453723,1868732135,2024-04-03T16:15:23,1955.9,b27e71b032d1cc8cba63e44da1cee14deda5e942,1403255
autoland,3869862,13,ffaba559b8f75178eed537731f258b1129b7fe97,linux1804-64-shippable-qr,True,False,,|c|o|l|d| |f|i|s|s|i|o|n| |w|e|b|r|e|n|d|e|r|,102210fe594ee9b33d82058545b1ed14f4c8206e,LastVisualChange,cnn,True,cnn LastVisualChange opt cold fission webrender,,77,ms,firefox,453397567,1868537606,2024-04-03T19:17:19,1959.9,26f475fb8d5ae5cb0b3bd5fb9d77aa7fc2df2665,1403406
autoland,3869862,13,ffaba559b8f75178eed537731f258b1129b7fe97,linux1804-64-shippable-qr,True,False,,|c|o|l|d| |f|i|s|s|i|o|n| |w|e|b|r|e|n|d|e|r|,102210fe594ee9b33d82058545b1ed14f4c8206e,LastVisualChange,cnn,True,cnn LastVisualChange opt cold fission webrender,,77,ms,firefox,453419980,1868619836,2024-04-03T23:35:22,1966.5,aedb2756de7fa4089d89d53f49a007290003d58d,1403575
autoland,3869862,13,ffaba559b8f75178eed537731f258b1129b7fe97,linux1804-64-shippable-qr,True,False,,|c|o|l|d| |f|i|s|s|i|o|n| |w|e|b|r|e|n|d|e|r|,102210fe594ee9b33d82058545b1ed14f4c8206e,LastVisualChange,cnn,True,cnn LastVisualChange opt cold fission webrender,,77,ms,firefox,453445712,1868716460,2024-04-04T04:04:35,1973.1,f2360b4c9b8a110f0b1c40841a767a47da5b85be,1403674
autoland,3869862,13,ffaba559b8f75178eed537731f258b1129b7fe97,linux1804-64-shippable-qr,True,False,,|c|o|l|d| |f|i|s|s|i|o|n| |w|e|b|r|e|n|d|e|r|,102210fe594ee9b33d82058545b1ed14f4c8206e,LastVisualChange,cnn,True,cnn LastVisualChange opt cold fission webrender,,77,ms,firefox,453474433,1868841486,2024-04-04T08:28:09,1971.5,08ea8edc42ee204a4f50aae52417198c7a11d742,1403757
autoland,3869862,13,ffaba559b8f75178eed537731f258b1129b7fe97,linux1804-64-shippable-qr,True,False,,|c|o|l|d| |f|i|s|s|i|o|n| |w|e|b|r|e|n|d|e|r|,102210fe594ee9b33d82058545b1ed14f4c8206e,LastVisualChange,cnn,True,cnn LastVisualChange opt cold fission webrender,,77,ms,firefox,453508638,1868994086,2024-04-04T12:29:27,1961.5,a260c2683052c9aa36748f1ded4e99c0d2bcf63e,1403877
autoland,3869862,13,ffaba559b8f75178eed537731f258b1129b7fe97,linux1804-64-shippable-qr,True,False,,|c|o|l|d| |f|i|s|s|i|o|n| |w|e|b|r|e|n|d|e|r|,102210fe594ee9b33d82058545b1ed14f4c8206e,LastVisualChange,cnn,True,cnn LastVisualChange opt cold fission webrender,,77,ms,firefox,453531403,1869081516,2024-04-04T15:41:47,1960.3,e633b6ff34e81c89b87f1d4e3b18fcae399b3d37,1404042
autoland,3869862,13,ffaba559b8f75178eed537731f258b1129b7fe97,linux1804-64-shippable-qr,True,False,,|c|o|l|d| |f|i|s|s|i|o|n| |w|e|b|r|e|n|d|e|r|,102210fe594ee9b33d82058545b1ed14f4c8206e,LastVisualChange,cnn,True,cnn LastVisualChange opt cold fission webrender,,77,ms,firefox,453545910,1869159067,2024-04-04T17:55:39,1931.8,2b8e4c563c2fa403003707729e7fd66dd5909763,1404131
autoland,3869862,13,ffaba559b8f75178eed537731f258b1129b7fe97,linux1804-64-shippable-qr,True,False,,|c|o|l|d| |f|i|s|s|i|o|n| |w|e|b|r|e|n|d|e|r|,102210fe594ee9b33d82058545b1ed14f4c8206e,LastVisualChange,cnn,True,cnn LastVisualChange opt cold fission webrender,,77,ms,firefox,453575215,1869263015,2024-04-04T22:08:58,1958.8,7689f9c266fcdf019b8bea308bf5569885d72ed3,1404331
autoland,3869862,13,ffaba559b8f75178eed537731f258b1129b7fe97,linux1804-64-shippable-qr,True,False,,|c|o|l|d| |f|i|s|s|i|o|n| |w|e|b|r|e|n|d|e|r|,102210fe594ee9b33d82058545b1ed14f4c8206e,LastVisualChange,cnn,True,cnn LastVisualChange opt cold fission webrender,,77,ms,firefox,453584326,1869295738,2024-04-05T00:24:01,1927.0,8600529acb2a250f255ea4d80486fecb2b7dc31b,1404399
autoland,3869862,13,ffaba559b8f75178eed537731f258b1129b7fe97,linux1804-64-shippable-qr,True,False,,|c|o|l|d| |f|i|s|s|i|o|n| |w|e|b|r|e|n|d|e|r|,102210fe594ee9b33d82058545b1ed14f4c8206e,LastVisualChange,cnn,True,cnn LastVisualChange opt cold fission webrender,,77,ms,firefox,453593639,1869337480,2024-04-05T04:36:57,1937.8,ea8ea972270ddb95f071f900f9199fb7ff95bb10,1404445
autoland,3869862,13,ffaba559b8f75178eed537731f258b1129b7fe97,linux1804-64-shippable-qr,True,False,,|c|o|l|d| |f|i|s|s|i|o|n| |w|e|b|r|e|n|d|e|r|,102210fe594ee9b33d82058545b1ed14f4c8206e,LastVisualChange,cnn,True,cnn LastVisualChange opt cold fission webrender,,77,ms,firefox,453618681,1869436553,2024-04-05T09:55:10,1970.4,bb1591f8008a0b1f33fe132528ee339ab149082f,1404555
autoland,3869862,13,ffaba559b8f75178eed537731f258b1129b7fe97,linux1804-64-shippable-qr,True,False,,|c|o|l|d| |f|i|s|s|i|o|n| |w|e|b|r|e|n|d|e|r|,102210fe594ee9b33d82058545b1ed14f4c8206e,LastVisualChange,cnn,True,cnn LastVisualChange opt cold fission webrender,,77,ms,firefox,453654418,1869569182,2024-04-05T13:56:08,1943.4,e25a9624d6d92e1a88da8b414e3ea781e4e25a07,1404693
autoland,3869862,13,ffaba559b8f75178eed537731f258b1129b7fe97,linux1804-64-shippable-qr,True,False,,|c|o|l|d| |f|i|s|s|i|o|n| |w|e|b|r|e|n|d|e|r|,102210fe594ee9b33d82058545b1ed14f4c8206e,LastVisualChange,cnn,True,cnn LastVisualChange opt cold fission webrender,,77,ms,firefox,453680315,1869675394,2024-04-05T18:34:00,1966.7,c230ec8f9514326a6e5081ee8e2d677ccf10ab67,1404901
autoland,3869862,13,ffaba559b8f75178eed537731f258b1129b7fe97,linux1804-64-shippable-qr,True,False,,|c|o|l|d| |f|i|s|s|i|o|n| |w|e|b|r|e|n|d|e|r|,102210fe594ee9b33d82058545b1ed14f4c8206e,LastVisualChange,cnn,True,cnn LastVisualChange opt cold fission webrender,,77,ms,firefox,453694908,1869745644,2024-04-05T19:40:01,1953.9,2168f88afb52aa0c93febc62156a315d08963dda,1404957
autoland,3869862,13,ffaba559b8f75178eed537731f258b1129b7fe97,linux1804-64-shippable-qr,True,False,,|c|o|l|d| |f|i|s|s|i|o|n| |w|e|b|r|e|n|d|e|r|,102210fe594ee9b33d82058545b1ed14f4c8206e,LastVisualChange,cnn,True,cnn LastVisualChange opt cold fission webrender,,77,ms,firefox,453731663,1869947376,2024-04-05T21:22:34,1981.4,1564b30ff7230370f1d96bdfc88b528c6dbf1f37,1405040
autoland,3869862,13,ffaba559b8f75178eed537731f258b1129b7fe97,linux1804-64-shippable-qr,True,False,,|c|o|l|d| |f|i|s|s|i|o|n| |w|e|b|r|e|n|d|e|r|,102210fe594ee9b33d82058545b1ed14f4c8206e,LastVisualChange,cnn,True,cnn LastVisualChange opt cold fission webrender,,77,ms,firefox,453712375,1869841964,2024-04-05T21:23:25,1968.2,bcbab342eed82aec3d4dd40516bf07e1ee96e716,1405041
autoland,3869862,13,ffaba559b8f75178eed537731f258b1129b7fe97,linux1804-64-shippable-qr,True,False,,|c|o|l|d| |f|i|s|s|i|o|n| |w|e|b|r|e|n|d|e|r|,102210fe594ee9b33d82058545b1ed14f4c8206e,LastVisualChange,cnn,True,cnn LastVisualChange opt cold fission webrender,,77,ms,firefox,453729596,1869919047,2024-04-06T02:12:01,1949.7,5695ee1969a8c3cddf47affcdc2358c67fa09729,1405161
autoland,3869862,13,ffaba559b8f75178eed537731f258b1129b7fe97,linux1804-64-shippable-qr,True,False,,|c|o|l|d| |f|i|s|s|i|o|n| |w|e|b|r|e|n|d|e|r|,102210fe594ee9b33d82058545b1ed14f4c8206e,LastVisualChange,cnn,True,cnn LastVisualChange opt cold fission webrender,,77,ms,firefox,453743523,1869989340,2024-04-06T08:07:05,1962.9,9fc8fef3e3ad12973fa215fac0d8ce85b8476e0a,1405200
autoland,3869862,13,ffaba559b8f75178eed537731f258b1129b7fe97,linux1804-64-shippable-qr,True,False,,|c|o|l|d| |f|i|s|s|i|o|n| |w|e|b|r|e|n|d|e|r|,102210fe594ee9b33d82058545b1ed14f4c8206e,LastVisualChange,cnn,True,cnn LastVisualChange opt cold fission webrender,,77,ms,firefox,453804632,1870242178,2024-04-06T09:10:48,1949.0,efb8ceaaddf1096a2a68534d60681deac7fbfbb7,1405212
autoland,3869862,13,ffaba559b8f75178eed537731f258b1129b7fe97,linux1804-64-shippable-qr,True,False,,|c|o|l|d| |f|i|s|s|i|o|n| |w|e|b|r|e|n|d|e|r|,102210fe594ee9b33d82058545b1ed14f4c8206e,LastVisualChange,cnn,True,cnn LastVisualChange opt cold fission webrender,,77,ms,firefox,453804172,1870231109,2024-04-06T09:11:43,1949.2,1e56e647f8d57834bb7fa2d951e64b2fa4b3487f,1405213
autoland,3869862,13,ffaba559b8f75178eed537731f258b1129b7fe97,linux1804-64-shippable-qr,True,False,,|c|o|l|d| |f|i|s|s|i|o|n| |w|e|b|r|e|n|d|e|r|,102210fe594ee9b33d82058545b1ed14f4c8206e,LastVisualChange,cnn,True,cnn LastVisualChange opt cold fission webrender,,77,ms,firefox,453768769,1870089569,2024-04-06T12:49:36,1963.2,0f5a5f081afbca1abac9185c32c792b9c3550264,1405245
autoland,3869862,13,ffaba559b8f75178eed537731f258b1129b7fe97,linux1804-64-shippable-qr,True,False,,|c|o|l|d| |f|i|s|s|i|o|n| |w|e|b|r|e|n|d|e|r|,102210fe594ee9b33d82058545b1ed14f4c8206e,LastVisualChange,cnn,True,cnn LastVisualChange opt cold fission webrender,,77,ms,firefox,453780607,1870147196,2024-04-06T19:13:32,1961.0,3719e5d315bba4fd2d01a2bb964ff7d7c6521282,1405288
autoland,3869862,13,ffaba559b8f75178eed537731f258b1129b7fe97,linux1804-64-shippable-qr,True,False,,|c|o|l|d| |f|i|s|s|i|o|n| |w|e|b|r|e|n|d|e|r|,102210fe594ee9b33d82058545b1ed14f4c8206e,LastVisualChange,cnn,True,cnn LastVisualChange opt cold fission webrender,,77,ms,firefox,453795718,1870204096,2024-04-07T00:18:02,1963.1,7362d727c60c8a1b15c8e7357969595c93c659c6,1405303
autoland,3869862,13,ffaba559b8f75178eed537731f258b1129b7fe97,linux1804-64-shippable-qr,True,False,,|c|o|l|d| |f|i|s|s|i|o|n| |w|e|b|r|e|n|d|e|r|,102210fe594ee9b33d82058545b1ed14f4c8206e,LastVisualChange,cnn,True,cnn LastVisualChange opt cold fission webrender,,77,ms,firefox,453827427,1870330593,2024-04-07T12:29:26,2003.9,56daf0a3e72bc04ceb0b6d6a5e8b51b32333fe11,1405334
autoland,3869862,13,ffaba559b8f75178eed537731f258b1129b7fe97,linux1804-64-shippable-qr,True,False,,|c|o|l|d| |f|i|s|s|i|o|n| |w|e|b|r|e|n|d|e|r|,102210fe594ee9b33d82058545b1ed14f4c8206e,LastVisualChange,cnn,True,cnn LastVisualChange opt cold fission webrender,,77,ms,firefox,453837377,1870365453,2024-04-07T17:34:38,1974.7,c59be65c8118a8e4c60719162c4426e511ee042c,1405352
autoland,3869862,13,ffaba559b8f75178eed537731f258b1129b7fe97,linux1804-64-shippable-qr,True,False,,|c|o|l|d| |f|i|s|s|i|o|n| |w|e|b|r|e|n|d|e|r|,102210fe594ee9b33d82058545b1ed14f4c8206e,LastVisualChange,cnn,True,cnn LastVisualChange opt cold fission webrender,,77,ms,firefox,453850169,1870420619,2024-04-07T22:40:32,1950.7,a5f6bf0601900e20973b195443e8431788bf1494,1405368
autoland,3869862,13,ffaba559b8f75178eed537731f258b1129b7fe97,linux1804-64-shippable-qr,True,False,,|c|o|l|d| |f|i|s|s|i|o|n| |w|e|b|r|e|n|d|e|r|,102210fe594ee9b33d82058545b1ed14f4c8206e,LastVisualChange,cnn,True,cnn LastVisualChange opt cold fission webrender,,77,ms,firefox,454015987,1871087333,2024-04-08T00:16:58,1954.9,d61d36a30ac8194456d356ab948a2a962e330d3c,1405370
autoland,3869862,13,ffaba559b8f75178eed537731f258b1129b7fe97,linux1804-64-shippable-qr,True,False,,|c|o|l|d| |f|i|s|s|i|o|n| |w|e|b|r|e|n|d|e|r|,102210fe594ee9b33d82058545b1ed14f4c8206e,LastVisualChange,cnn,True,cnn LastVisualChange opt cold fission webrender,,77,ms,firefox,454006518,1871029685,2024-04-08T01:48:27,1956.3,954dbbb81dcb5f155221a82c048a31260aad2f4f,1405376
autoland,3869862,13,ffaba559b8f75178eed537731f258b1129b7fe97,linux1804-64-shippable-qr,True,False,,|c|o|l|d| |f|i|s|s|i|o|n| |w|e|b|r|e|n|d|e|r|,102210fe594ee9b33d82058545b1ed14f4c8206e,LastVisualChange,cnn,True,cnn LastVisualChange opt cold fission webrender,,77,ms,firefox,453859517,1870474968,2024-04-08T04:43:41,1954.0,93d08e6b3d615ead541eee15f876af2c74e90d53,1405385
autoland,3869862,13,ffaba559b8f75178eed537731f258b1129b7fe97,linux1804-64-shippable-qr,True,False,,|c|o|l|d| |f|i|s|s|i|o|n| |w|e|b|r|e|n|d|e|r|,102210fe594ee9b33d82058545b1ed14f4c8206e,LastVisualChange,cnn,True,cnn LastVisualChange opt cold fission webrender,,77,ms,firefox,453874832,1870538025,2024-04-08T09:12:14,1953.0,7fdec039f49159c7769bb304ab5f0a97f9dde43f,1405465
autoland,3869862,13,ffaba559b8f75178eed537731f258b1129b7fe97,linux1804-64-shippable-qr,True,False,,|c|o|l|d| |f|i|s|s|i|o|n| |w|e|b|r|e|n|d|e|r|,102210fe594ee9b33d82058545b1ed14f4c8206e,LastVisualChange,cnn,True,cnn LastVisualChange opt cold fission webrender,,77,ms,firefox,454016257,1871114127,2024-04-08T09:14:11,1962.7,83eae9239b46f03f52da5463ad71098ca7791ea0,1405468
autoland,3869862,13,ffaba559b8f75178eed537731f258b1129b7fe97,linux1804-64-shippable-qr,True,False,,|c|o|l|d| |f|i|s|s|i|o|n| |w|e|b|r|e|n|d|e|r|,102210fe594ee9b33d82058545b1ed14f4c8206e,LastVisualChange,cnn,True,cnn LastVisualChange opt cold fission webrender,,77,ms,firefox,454015104,1871084873,2024-04-08T09:15:02,1984.6,8f90997050c158167089ac3c0b526920d3f7bb82,1405470
autoland,3869862,13,ffaba559b8f75178eed537731f258b1129b7fe97,linux1804-64-shippable-qr,True,False,,|c|o|l|d| |f|i|s|s|i|o|n| |w|e|b|r|e|n|d|e|r|,102210fe594ee9b33d82058545b1ed14f4c8206e,LastVisualChange,cnn,True,cnn LastVisualChange opt cold fission webrender,,77,ms,firefox,454014411,1871060913,2024-04-08T11:42:34,2002.7,2d1a289ac036edc287917e987f17d8d1f1607f39,1405553
autoland,3869862,13,ffaba559b8f75178eed537731f258b1129b7fe97,linux1804-64-shippable-qr,True,False,,|c|o|l|d| |f|i|s|s|i|o|n| |w|e|b|r|e|n|d|e|r|,102210fe594ee9b33d82058545b1ed14f4c8206e,LastVisualChange,cnn,True,cnn LastVisualChange opt cold fission webrender,,77,ms,firefox,454006214,1871022739,2024-04-08T11:52:58,1948.6,8aa3f0cfdd9cc43a71881956b4d48edd5af26a75,1405560
autoland,3869862,13,ffaba559b8f75178eed537731f258b1129b7fe97,linux1804-64-shippable-qr,True,False,,|c|o|l|d| |f|i|s|s|i|o|n| |w|e|b|r|e|n|d|e|r|,102210fe594ee9b33d82058545b1ed14f4c8206e,LastVisualChange,cnn,True,cnn LastVisualChange opt cold fission webrender,,77,ms,firefox,453907208,1870674262,2024-04-08T13:49:41,1943.7,1b56c653a5ee3a14ec0955b092498999e9333bfa,1405618
autoland,3869862,13,ffaba559b8f75178eed537731f258b1129b7fe97,linux1804-64-shippable-qr,True,False,,|c|o|l|d| |f|i|s|s|i|o|n| |w|e|b|r|e|n|d|e|r|,102210fe594ee9b33d82058545b1ed14f4c8206e,LastVisualChange,cnn,True,cnn LastVisualChange opt cold fission webrender,,77,ms,firefox,453957046,1870825175,2024-04-08T19:08:45,1948.7,79551503d77c8353439905d86ec3033546f0c874,1405880
autoland,3869862,13,ffaba559b8f75178eed537731f258b1129b7fe97,linux1804-64-shippable-qr,True,False,,|c|o|l|d| |f|i|s|s|i|o|n| |w|e|b|r|e|n|d|e|r|,102210fe594ee9b33d82058545b1ed14f4c8206e,LastVisualChange,cnn,True,cnn LastVisualChange opt cold fission webrender,,77,ms,firefox,453992739,1870962919,2024-04-08T23:24:57,1958.8,c19d16f89e851b3d8052fb11a8e8f0ae3f4cb9b7,1406026
autoland,3869862,13,ffaba559b8f75178eed537731f258b1129b7fe97,linux1804-64-shippable-qr,True,False,,|c|o|l|d| |f|i|s|s|i|o|n| |w|e|b|r|e|n|d|e|r|,102210fe594ee9b33d82058545b1ed14f4c8206e,LastVisualChange,cnn,True,cnn LastVisualChange opt cold fission webrender,,77,ms,firefox,454019271,1871126687,2024-04-09T06:15:12,1988.5,643848d855ebb8ab8d9d7009ca7ce9d21d267b34,1406147
autoland,3869862,13,ffaba559b8f75178eed537731f258b1129b7fe97,linux1804-64-shippable-qr,True,False,,|c|o|l|d| |f|i|s|s|i|o|n| |w|e|b|r|e|n|d|e|r|,102210fe594ee9b33d82058545b1ed14f4c8206e,LastVisualChange,cnn,True,cnn LastVisualChange opt cold fission webrender,,77,ms,firefox,454042871,1871235840,2024-04-09T10:19:15,1969.9,7cd4aaac69823ebb7b440d4e14d05275ba50a073,1406264
autoland,3869862,13,ffaba559b8f75178eed537731f258b1129b7fe97,linux1804-64-shippable-qr,True,False,,|c|o|l|d| |f|i|s|s|i|o|n| |w|e|b|r|e|n|d|e|r|,102210fe594ee9b33d82058545b1ed14f4c8206e,LastVisualChange,cnn,True,cnn LastVisualChange opt cold fission webrender,,77,ms,firefox,454142457,1871754617,2024-04-09T13:18:22,1985.9,d74b7b0696b5cf43a1196eb49d3ee3d6fd5be939,1406384
autoland,3869862,13,ffaba559b8f75178eed537731f258b1129b7fe97,linux1804-64-shippable-qr,True,False,,|c|o|l|d| |f|i|s|s|i|o|n| |w|e|b|r|e|n|d|e|r|,102210fe594ee9b33d82058545b1ed14f4c8206e,LastVisualChange,cnn,True,cnn LastVisualChange opt cold fission webrender,,77,ms,firefox,454141718,1871744834,2024-04-09T13:31:54,1937.9,4f295f84763cdb0699eaf30eb9984e7fe1de74e5,1406402
autoland,3869862,13,ffaba559b8f75178eed537731f258b1129b7fe97,linux1804-64-shippable-qr,True,False,,|c|o|l|d| |f|i|s|s|i|o|n| |w|e|b|r|e|n|d|e|r|,102210fe594ee9b33d82058545b1ed14f4c8206e,LastVisualChange,cnn,True,cnn LastVisualChange opt cold fission webrender,,77,ms,firefox,454072848,1871364276,2024-04-09T14:26:21,1974.0,34fef7e7706b912024aa3ba8826647e5ddc0a0ab,1406452
autoland,3869862,13,ffaba559b8f75178eed537731f258b1129b7fe97,linux1804-64-shippable-qr,True,False,,|c|o|l|d| |f|i|s|s|i|o|n| |w|e|b|r|e|n|d|e|r|,102210fe594ee9b33d82058545b1ed14f4c8206e,LastVisualChange,cnn,True,cnn LastVisualChange opt cold fission webrender,,77,ms,firefox,454139816,1871703060,2024-04-09T16:33:24,1967.4,c3cd9a2f257b5976229a43d8d3cff6d96d02fe11,1406558
autoland,3869862,13,ffaba559b8f75178eed537731f258b1129b7fe97,linux1804-64-shippable-qr,True,False,,|c|o|l|d| |f|i|s|s|i|o|n| |w|e|b|r|e|n|d|e|r|,102210fe594ee9b33d82058545b1ed14f4c8206e,LastVisualChange,cnn,True,cnn LastVisualChange opt cold fission webrender,,77,ms,firefox,454140386,1871736534,2024-04-09T16:41:46,1949.6,0952e6765442e7b623010cc9b7b52ebee241bd40,1406566
autoland,3869862,13,ffaba559b8f75178eed537731f258b1129b7fe97,linux1804-64-shippable-qr,True,False,,|c|o|l|d| |f|i|s|s|i|o|n| |w|e|b|r|e|n|d|e|r|,102210fe594ee9b33d82058545b1ed14f4c8206e,LastVisualChange,cnn,True,cnn LastVisualChange opt cold fission webrender,,77,ms,firefox,454088228,1871457915,2024-04-09T17:03:26,1987.2,e3c9c90141d0f6b39792470ce489a5af6123cc15,1406581
autoland,3869862,13,ffaba559b8f75178eed537731f258b1129b7fe97,linux1804-64-shippable-qr,True,False,,|c|o|l|d| |f|i|s|s|i|o|n| |w|e|b|r|e|n|d|e|r|,102210fe594ee9b33d82058545b1ed14f4c8206e,LastVisualChange,cnn,True,cnn LastVisualChange opt cold fission webrender,,77,ms,firefox,454112141,1871557431,2024-04-09T20:18:20,1957.9,42fe954d2d47356658d58a292876a6f15d6cbc51,1406718
autoland,3869862,13,ffaba559b8f75178eed537731f258b1129b7fe97,linux1804-64-shippable-qr,True,False,,|c|o|l|d| |f|i|s|s|i|o|n| |w|e|b|r|e|n|d|e|r|,102210fe594ee9b33d82058545b1ed14f4c8206e,LastVisualChange,cnn,True,cnn LastVisualChange opt cold fission webrender,,77,ms,firefox,454132485,1871640396,2024-04-10T00:18:40,2002.0,c6228adca1a9c453ab8514c86ee26ee9a7903d27,1406841
autoland,3869862,13,ffaba559b8f75178eed537731f258b1129b7fe97,linux1804-64-shippable-qr,True,False,,|c|o|l|d| |f|i|s|s|i|o|n| |w|e|b|r|e|n|d|e|r|,102210fe594ee9b33d82058545b1ed14f4c8206e,LastVisualChange,cnn,True,cnn LastVisualChange opt cold fission webrender,,77,ms,firefox,454140022,1871706990,2024-04-10T05:00:45,1975.1,a3f0d7e2d176a84f97e08088b78e1abe8da0a5f7,1406899
autoland,3869862,13,ffaba559b8f75178eed537731f258b1129b7fe97,linux1804-64-shippable-qr,True,False,,|c|o|l|d| |f|i|s|s|i|o|n| |w|e|b|r|e|n|d|e|r|,102210fe594ee9b33d82058545b1ed14f4c8206e,LastVisualChange,cnn,True,cnn LastVisualChange opt cold fission webrender,,77,ms,firefox,454157397,1871798119,2024-04-10T09:31:15,1978.6,cb449d228d38790ba76f64d551817f6a804c044e,1406973
autoland,3869862,13,ffaba559b8f75178eed537731f258b1129b7fe97,linux1804-64-shippable-qr,True,False,,|c|o|l|d| |f|i|s|s|i|o|n| |w|e|b|r|e|n|d|e|r|,102210fe594ee9b33d82058545b1ed14f4c8206e,LastVisualChange,cnn,True,cnn LastVisualChange opt cold fission webrender,,77,ms,firefox,454265229,1872366133,2024-04-10T13:14:00,1942.7,17662e43cc8542dd0a35b099169dfcc2b23b2d59,1407072
autoland,3869862,13,ffaba559b8f75178eed537731f258b1129b7fe97,linux1804-64-shippable-qr,True,False,,|c|o|l|d| |f|i|s|s|i|o|n| |w|e|b|r|e|n|d|e|r|,102210fe594ee9b33d82058545b1ed14f4c8206e,LastVisualChange,cnn,True,cnn LastVisualChange opt cold fission webrender,,77,ms,firefox,454191094,1871937065,2024-04-10T13:31:55,2144.6,53228f89fadff09aff9d51b46652c77d94059014,1407087
autoland,3869862,13,ffaba559b8f75178eed537731f258b1129b7fe97,linux1804-64-shippable-qr,True,False,,|c|o|l|d| |f|i|s|s|i|o|n| |w|e|b|r|e|n|d|e|r|,102210fe594ee9b33d82058545b1ed14f4c8206e,LastVisualChange,cnn,True,cnn LastVisualChange opt cold fission webrender,,77,ms,firefox,454208033,1872027333,2024-04-10T17:21:37,2071.4,a30d53cfa601940935af0c765cccbdde2178bb67,1407259
autoland,3869862,13,ffaba559b8f75178eed537731f258b1129b7fe97,linux1804-64-shippable-qr,True,False,,|c|o|l|d| |f|i|s|s|i|o|n| |w|e|b|r|e|n|d|e|r|,102210fe594ee9b33d82058545b1ed14f4c8206e,LastVisualChange,cnn,True,cnn LastVisualChange opt cold fission webrender,,77,ms,firefox,454266225,1872405959,2024-04-10T17:51:13,1975.8,658f4b57b8ecb99f066d0c342241810adb16c5b7,1407289
autoland,3869862,13,ffaba559b8f75178eed537731f258b1129b7fe97,linux1804-64-shippable-qr,True,False,,|c|o|l|d| |f|i|s|s|i|o|n| |w|e|b|r|e|n|d|e|r|,102210fe594ee9b33d82058545b1ed14f4c8206e,LastVisualChange,cnn,True,cnn LastVisualChange opt cold fission webrender,,77,ms,firefox,454266241,1872407959,2024-04-10T18:14:03,1945.2,df5d696fe260420dcfaa26f75edc59908f157545,1407304
autoland,3869862,13,ffaba559b8f75178eed537731f258b1129b7fe97,linux1804-64-shippable-qr,True,False,,|c|o|l|d| |f|i|s|s|i|o|n| |w|e|b|r|e|n|d|e|r|,102210fe594ee9b33d82058545b1ed14f4c8206e,LastVisualChange,cnn,True,cnn LastVisualChange opt cold fission webrender,,77,ms,firefox,454265384,1872377288,2024-04-10T19:30:38,1951.1,399bfc5051b26618286e3ba39745bc52ad99fcbd,1407363
autoland,3869862,13,ffaba559b8f75178eed537731f258b1129b7fe97,linux1804-64-shippable-qr,True,False,,|c|o|l|d| |f|i|s|s|i|o|n| |w|e|b|r|e|n|d|e|r|,102210fe594ee9b33d82058545b1ed14f4c8206e,LastVisualChange,cnn,True,cnn LastVisualChange opt cold fission webrender,,77,ms,firefox,454268110,1872438102,2024-04-10T19:31:26,1993.8,1b6bb55f1ad9e598178ec9d9e3659e43ae01f879,1407365
autoland,3869862,13,ffaba559b8f75178eed537731f258b1129b7fe97,linux1804-64-shippable-qr,True,False,,|c|o|l|d| |f|i|s|s|i|o|n| |w|e|b|r|e|n|d|e|r|,102210fe594ee9b33d82058545b1ed14f4c8206e,LastVisualChange,cnn,True,cnn LastVisualChange opt cold fission webrender,,77,ms,firefox,454234940,1872209624,2024-04-10T20:55:18,1965.8,bc425d90bbe9987cc754323772553d4be3e6de83,1407422
autoland,3869862,13,ffaba559b8f75178eed537731f258b1129b7fe97,linux1804-64-shippable-qr,True,False,,|c|o|l|d| |f|i|s|s|i|o|n| |w|e|b|r|e|n|d|e|r|,102210fe594ee9b33d82058545b1ed14f4c8206e,LastVisualChange,cnn,True,cnn LastVisualChange opt cold fission webrender,,77,ms,firefox,454254864,1872276747,2024-04-11T01:15:30,1970.3,1ae79ee05e2fe6a64e1916d65c78979921af1e5e,1407545
autoland,3869862,13,ffaba559b8f75178eed537731f258b1129b7fe97,linux1804-64-shippable-qr,True,False,,|c|o|l|d| |f|i|s|s|i|o|n| |w|e|b|r|e|n|d|e|r|,102210fe594ee9b33d82058545b1ed14f4c8206e,LastVisualChange,cnn,True,cnn LastVisualChange opt cold fission webrender,,77,ms,firefox,454273604,1872447092,2024-04-11T06:36:24,1639.4,7a8a0223fffe0f06dd2e7aad79bf1920cf1430c0,1407612
autoland,3869862,13,ffaba559b8f75178eed537731f258b1129b7fe97,linux1804-64-shippable-qr,True,False,,|c|o|l|d| |f|i|s|s|i|o|n| |w|e|b|r|e|n|d|e|r|,102210fe594ee9b33d82058545b1ed14f4c8206e,LastVisualChange,cnn,True,cnn LastVisualChange opt cold fission webrender,,77,ms,firefox,454305821,1872620042,2024-04-11T11:27:44,1965.3,747c6705d00627b032063055173575d6e6043880,1407747
autoland,3869862,13,ffaba559b8f75178eed537731f258b1129b7fe97,linux1804-64-shippable-qr,True,False,,|c|o|l|d| |f|i|s|s|i|o|n| |w|e|b|r|e|n|d|e|r|,102210fe594ee9b33d82058545b1ed14f4c8206e,LastVisualChange,cnn,True,cnn LastVisualChange opt cold fission webrender,,77,ms,firefox,454329706,1872807384,2024-04-11T15:41:30,1951.4,bbca818d6385ef61c987f967ebccfe9df63fc36b,1407834
autoland,3869862,13,ffaba559b8f75178eed537731f258b1129b7fe97,linux1804-64-shippable-qr,True,False,,|c|o|l|d| |f|i|s|s|i|o|n| |w|e|b|r|e|n|d|e|r|,102210fe594ee9b33d82058545b1ed14f4c8206e,LastVisualChange,cnn,True,cnn LastVisualChange opt cold fission webrender,,77,ms,firefox,454375431,1873035123,2024-04-11T16:23:59,1965.8,a6c95ed12e514ccf3e43f7cf11dfa317ab376543,1407894
autoland,3869862,13,ffaba559b8f75178eed537731f258b1129b7fe97,linux1804-64-shippable-qr,True,False,,|c|o|l|d| |f|i|s|s|i|o|n| |w|e|b|r|e|n|d|e|r|,102210fe594ee9b33d82058545b1ed14f4c8206e,LastVisualChange,cnn,True,cnn LastVisualChange opt cold fission webrender,,77,ms,firefox,454375596,1873040739,2024-04-11T16:26:59,2065.7,283a71abb547740e1fe56c6d669272379b47afcb,1407898
autoland,3869862,13,ffaba559b8f75178eed537731f258b1129b7fe97,linux1804-64-shippable-qr,True,False,,|c|o|l|d| |f|i|s|s|i|o|n| |w|e|b|r|e|n|d|e|r|,102210fe594ee9b33d82058545b1ed14f4c8206e,LastVisualChange,cnn,True,cnn LastVisualChange opt cold fission webrender,,77,ms,firefox,454337934,1872836904,2024-04-11T18:08:24,1976.4,036ac9a41b52b5af1836d103d3a7aefad37e2b87,1407970
autoland,3869862,13,ffaba559b8f75178eed537731f258b1129b7fe97,linux1804-64-shippable-qr,True,False,,|c|o|l|d| |f|i|s|s|i|o|n| |w|e|b|r|e|n|d|e|r|,102210fe594ee9b33d82058545b1ed14f4c8206e,LastVisualChange,cnn,True,cnn LastVisualChange opt cold fission webrender,,77,ms,firefox,454367567,1872969800,2024-04-11T23:15:25,1974.7,90ef908ff18573cca9f4f0e5d676df56875c68b5,1408175
autoland,3869862,13,ffaba559b8f75178eed537731f258b1129b7fe97,linux1804-64-shippable-qr,True,False,,|c|o|l|d| |f|i|s|s|i|o|n| |w|e|b|r|e|n|d|e|r|,102210fe594ee9b33d82058545b1ed14f4c8206e,LastVisualChange,cnn,True,cnn LastVisualChange opt cold fission webrender,,77,ms,firefox,454404372,1873194036,2024-04-12T14:13:45,1957.1,be4463b26a49bdb9c791eaf7d0b41ff9eb0294d3,1408318
autoland,3869862,13,ffaba559b8f75178eed537731f258b1129b7fe97,linux1804-64-shippable-qr,True,False,,|c|o|l|d| |f|i|s|s|i|o|n| |w|e|b|r|e|n|d|e|r|,102210fe594ee9b33d82058545b1ed14f4c8206e,LastVisualChange,cnn,True,cnn LastVisualChange opt cold fission webrender,,77,ms,firefox,454421861,1873289106,2024-04-12T20:21:58,1969.4,5e5bc998487f4e6ee9fe6fe52ca5eb66cd37de03,1408379
autoland,3869862,13,ffaba559b8f75178eed537731f258b1129b7fe97,linux1804-64-shippable-qr,True,False,,|c|o|l|d| |f|i|s|s|i|o|n| |w|e|b|r|e|n|d|e|r|,102210fe594ee9b33d82058545b1ed14f4c8206e,LastVisualChange,cnn,True,cnn LastVisualChange opt cold fission webrender,,77,ms,firefox,454440650,1873411405,2024-04-13T06:05:05,2047.6,39657b697a7ffcda0f07cae917b68f1e84f57d54,1408439
autoland,3869862,13,ffaba559b8f75178eed537731f258b1129b7fe97,linux1804-64-shippable-qr,True,False,,|c|o|l|d| |f|i|s|s|i|o|n| |w|e|b|r|e|n|d|e|r|,102210fe594ee9b33d82058545b1ed14f4c8206e,LastVisualChange,cnn,True,cnn LastVisualChange opt cold fission webrender,,77,ms,firefox,454463354,1873508032,2024-04-13T20:36:37,1959.3,1dc823d4e96db6fe0450fcb588466eff7038b4cc,1408512
autoland,3869862,13,ffaba559b8f75178eed537731f258b1129b7fe97,linux1804-64-shippable-qr,True,False,,|c|o|l|d| |f|i|s|s|i|o|n| |w|e|b|r|e|n|d|e|r|,102210fe594ee9b33d82058545b1ed14f4c8206e,LastVisualChange,cnn,True,cnn LastVisualChange opt cold fission webrender,,77,ms,firefox,454484742,1873669875,2024-04-14T12:41:18,1972.9,25a22c2f939167a119d912b3fe61312db879d576,1408562
autoland,3869862,13,ffaba559b8f75178eed537731f258b1129b7fe97,linux1804-64-shippable-qr,True,False,,|c|o|l|d| |f|i|s|s|i|o|n| |w|e|b|r|e|n|d|e|r|,102210fe594ee9b33d82058545b1ed14f4c8206e,LastVisualChange,cnn,True,cnn LastVisualChange opt cold fission webrender,,77,ms,firefox,454505468,1873812308,2024-04-15T00:20:26,1966.7,8c457b0d7626241855c3c025a2531eb5f00b8cfc,1408605
autoland,3869862,13,ffaba559b8f75178eed537731f258b1129b7fe97,linux1804-64-shippable-qr,True,False,,|c|o|l|d| |f|i|s|s|i|o|n| |w|e|b|r|e|n|d|e|r|,102210fe594ee9b33d82058545b1ed14f4c8206e,LastVisualChange,cnn,True,cnn LastVisualChange opt cold fission webrender,,77,ms,firefox,454513040,1873858298,2024-04-15T05:51:41,1939.8,4b17d2a2a7ae64b3c8d364d200a6b97cc636dffd,1408627
autoland,3869862,13,ffaba559b8f75178eed537731f258b1129b7fe97,linux1804-64-shippable-qr,True,False,,|c|o|l|d| |f|i|s|s|i|o|n| |w|e|b|r|e|n|d|e|r|,102210fe594ee9b33d82058545b1ed14f4c8206e,LastVisualChange,cnn,True,cnn LastVisualChange opt cold fission webrender,,77,ms,firefox,454534694,1873972724,2024-04-15T10:25:42,1983.8,177f569e862519d4372977ba20b630f95e24ef1c,1408738
autoland,3869862,13,ffaba559b8f75178eed537731f258b1129b7fe97,linux1804-64-shippable-qr,True,False,,|c|o|l|d| |f|i|s|s|i|o|n| |w|e|b|r|e|n|d|e|r|,102210fe594ee9b33d82058545b1ed14f4c8206e,LastVisualChange,cnn,True,cnn LastVisualChange opt cold fission webrender,,77,ms,firefox,454571982,1874121555,2024-04-15T14:58:12,1937.7,4897460458d13272e6016fd9e4c184c3c41cbd74,1408898
autoland,3869862,13,ffaba559b8f75178eed537731f258b1129b7fe97,linux1804-64-shippable-qr,True,False,,|c|o|l|d| |f|i|s|s|i|o|n| |w|e|b|r|e|n|d|e|r|,102210fe594ee9b33d82058545b1ed14f4c8206e,LastVisualChange,cnn,True,cnn LastVisualChange opt cold fission webrender,,77,ms,firefox,454601648,1874259959,2024-04-15T18:18:39,1957.1,d49ecc17e4ae83fbccee8ffbe50a119039d1e408,1409057
autoland,3869862,13,ffaba559b8f75178eed537731f258b1129b7fe97,linux1804-64-shippable-qr,True,False,,|c|o|l|d| |f|i|s|s|i|o|n| |w|e|b|r|e|n|d|e|r|,102210fe594ee9b33d82058545b1ed14f4c8206e,LastVisualChange,cnn,True,cnn LastVisualChange opt cold fission webrender,,77,ms,firefox,454618687,1874326318,2024-04-15T20:13:44,1959.7,8d488b7ac977a67ba128a580f6959fe058df2fe5,1409141
autoland,3869862,13,ffaba559b8f75178eed537731f258b1129b7fe97,linux1804-64-shippable-qr,True,False,,|c|o|l|d| |f|i|s|s|i|o|n| |w|e|b|r|e|n|d|e|r|,102210fe594ee9b33d82058545b1ed14f4c8206e,LastVisualChange,cnn,True,cnn LastVisualChange opt cold fission webrender,,77,ms,firefox,454630113,1874395299,2024-04-15T21:50:25,2006.0,547363a98ae60f0645c5cc21aeecffb7e0ddb047,1409212
autoland,3869862,13,ffaba559b8f75178eed537731f258b1129b7fe97,linux1804-64-shippable-qr,True,False,,|c|o|l|d| |f|i|s|s|i|o|n| |w|e|b|r|e|n|d|e|r|,102210fe594ee9b33d82058545b1ed14f4c8206e,LastVisualChange,cnn,True,cnn LastVisualChange opt cold fission webrender,,77,ms,firefox,454645658,1874459636,2024-04-16T00:41:18,1994.1,5a31505f08c64efa6eb7a8ed02d5e9c0db448e37,1409277
autoland,3869862,13,ffaba559b8f75178eed537731f258b1129b7fe97,linux1804-64-shippable-qr,True,False,,|c|o|l|d| |f|i|s|s|i|o|n| |w|e|b|r|e|n|d|e|r|,102210fe594ee9b33d82058545b1ed14f4c8206e,LastVisualChange,cnn,True,cnn LastVisualChange opt cold fission webrender,,77,ms,firefox,454665081,1874545802,2024-04-16T05:04:40,1980.5,69a1a1d802b357216fef131d6ad99816defddc1f,1409360
autoland,3869862,13,ffaba559b8f75178eed537731f258b1129b7fe97,linux1804-64-shippable-qr,True,False,,|c|o|l|d| |f|i|s|s|i|o|n| |w|e|b|r|e|n|d|e|r|,102210fe594ee9b33d82058545b1ed14f4c8206e,LastVisualChange,cnn,True,cnn LastVisualChange opt cold fission webrender,,77,ms,firefox,454693198,1874627094,2024-04-16T09:18:49,1947.1,2949cb403e680d76f7bcb101117ceefeb480b064,1409480
autoland,3869862,13,ffaba559b8f75178eed537731f258b1129b7fe97,linux1804-64-shippable-qr,True,False,,|c|o|l|d| |f|i|s|s|i|o|n| |w|e|b|r|e|n|d|e|r|,102210fe594ee9b33d82058545b1ed14f4c8206e,LastVisualChange,cnn,True,cnn LastVisualChange opt cold fission webrender,,77,ms,firefox,454715307,1874740943,2024-04-16T13:28:04,1951.4,11d1c89ad8b2dad0cee1caf733cd833e448945eb,1409649
autoland,3869862,13,ffaba559b8f75178eed537731f258b1129b7fe97,linux1804-64-shippable-qr,True,False,,|c|o|l|d| |f|i|s|s|i|o|n| |w|e|b|r|e|n|d|e|r|,102210fe594ee9b33d82058545b1ed14f4c8206e,LastVisualChange,cnn,True,cnn LastVisualChange opt cold fission webrender,,77,ms,firefox,454738728,1874879500,2024-04-16T17:33:30,1979.1,12c7f0b00cd7ce4e2edde6ff37daf12e807388b1,1409875
autoland,3869862,13,ffaba559b8f75178eed537731f258b1129b7fe97,linux1804-64-shippable-qr,True,False,,|c|o|l|d| |f|i|s|s|i|o|n| |w|e|b|r|e|n|d|e|r|,102210fe594ee9b33d82058545b1ed14f4c8206e,LastVisualChange,cnn,True,cnn LastVisualChange opt cold fission webrender,,77,ms,firefox,454757432,1874968895,2024-04-16T20:13:25,1983.4,852d3945e38d8d16c4cf17918e862882d7ef363c,1409984
autoland,3869862,13,ffaba559b8f75178eed537731f258b1129b7fe97,linux1804-64-shippable-qr,True,False,,|c|o|l|d| |f|i|s|s|i|o|n| |w|e|b|r|e|n|d|e|r|,102210fe594ee9b33d82058545b1ed14f4c8206e,LastVisualChange,cnn,True,cnn LastVisualChange opt cold fission webrender,,77,ms,firefox,454777159,1875067096,2024-04-17T00:00:12,1940.1,3f5bf473ca3cf95233298d16ad833028500755e6,1410132
autoland,3869862,13,ffaba559b8f75178eed537731f258b1129b7fe97,linux1804-64-shippable-qr,True,False,,|c|o|l|d| |f|i|s|s|i|o|n| |w|e|b|r|e|n|d|e|r|,102210fe594ee9b33d82058545b1ed14f4c8206e,LastVisualChange,cnn,True,cnn LastVisualChange opt cold fission webrender,,77,ms,firefox,454796106,1875212228,2024-04-17T04:14:52,1969.0,7900ea0538965c6aba695fd896a6e2833d781007,1410204
autoland,3869862,13,ffaba559b8f75178eed537731f258b1129b7fe97,linux1804-64-shippable-qr,True,False,,|c|o|l|d| |f|i|s|s|i|o|n| |w|e|b|r|e|n|d|e|r|,102210fe594ee9b33d82058545b1ed14f4c8206e,LastVisualChange,cnn,True,cnn LastVisualChange opt cold fission webrender,,77,ms,firefox,454819725,1875283195,2024-04-17T08:24:06,1970.1,acabdf625d68e5d96c49e0eebb5c71f4286e5ffd,1410333
autoland,3869862,13,ffaba559b8f75178eed537731f258b1129b7fe97,linux1804-64-shippable-qr,True,False,,|c|o|l|d| |f|i|s|s|i|o|n| |w|e|b|r|e|n|d|e|r|,102210fe594ee9b33d82058545b1ed14f4c8206e,LastVisualChange,cnn,True,cnn LastVisualChange opt cold fission webrender,,77,ms,firefox,454853920,1875421571,2024-04-17T11:47:51,1987.6,05ad651d0c97009f3d906febefe9888c127c2660,1410461
autoland,3869862,13,ffaba559b8f75178eed537731f258b1129b7fe97,linux1804-64-shippable-qr,True,False,,|c|o|l|d| |f|i|s|s|i|o|n| |w|e|b|r|e|n|d|e|r|,102210fe594ee9b33d82058545b1ed14f4c8206e,LastVisualChange,cnn,True,cnn LastVisualChange opt cold fission webrender,,77,ms,firefox,454958911,1875885252,2024-04-17T12:34:17,1961.4,4bf7684679058a9cea70efbf2306566e43ddbd57,1410496
autoland,3869862,13,ffaba559b8f75178eed537731f258b1129b7fe97,linux1804-64-shippable-qr,True,False,,|c|o|l|d| |f|i|s|s|i|o|n| |w|e|b|r|e|n|d|e|r|,102210fe594ee9b33d82058545b1ed14f4c8206e,LastVisualChange,cnn,True,cnn LastVisualChange opt cold fission webrender,,77,ms,firefox,454958558,1875859830,2024-04-17T12:37:32,1987.5,32f820922a96457623c5707ec70ed65ff3537597,1410498
autoland,3869862,13,ffaba559b8f75178eed537731f258b1129b7fe97,linux1804-64-shippable-qr,True,False,,|c|o|l|d| |f|i|s|s|i|o|n| |w|e|b|r|e|n|d|e|r|,102210fe594ee9b33d82058545b1ed14f4c8206e,LastVisualChange,cnn,True,cnn LastVisualChange opt cold fission webrender,,77,ms,firefox,454873434,1875480742,2024-04-17T13:57:03,1945.7,57f6925a520cf97f4af35e42db00435e817475dc,1410569
autoland,3869862,13,ffaba559b8f75178eed537731f258b1129b7fe97,linux1804-64-shippable-qr,True,False,,|c|o|l|d| |f|i|s|s|i|o|n| |w|e|b|r|e|n|d|e|r|,102210fe594ee9b33d82058545b1ed14f4c8206e,LastVisualChange,cnn,True,cnn LastVisualChange opt cold fission webrender,,77,ms,firefox,454958698,1875870942,2024-04-17T13:58:01,1939.8,9cb15fbf3387b57dedc490cfbdf02cf3837c4fd9,1410571
autoland,3869862,13,ffaba559b8f75178eed537731f258b1129b7fe97,linux1804-64-shippable-qr,True,False,,|c|o|l|d| |f|i|s|s|i|o|n| |w|e|b|r|e|n|d|e|r|,102210fe594ee9b33d82058545b1ed14f4c8206e,LastVisualChange,cnn,True,cnn LastVisualChange opt cold fission webrender,,77,ms,firefox,454950845,1875785404,2024-04-17T14:29:06,1951.9,975f45b6eb35d30e4fb742aa8d34792a54cb42d7,1410605
autoland,3869862,13,ffaba559b8f75178eed537731f258b1129b7fe97,linux1804-64-shippable-qr,True,False,,|c|o|l|d| |f|i|s|s|i|o|n| |w|e|b|r|e|n|d|e|r|,102210fe594ee9b33d82058545b1ed14f4c8206e,LastVisualChange,cnn,True,cnn LastVisualChange opt cold fission webrender,,77,ms,firefox,454957530,1875851223,2024-04-17T16:46:44,1968.9,1d9301697aa0ac99d1a7eba6aa3ddefa0327d4c6,1410713
autoland,3869862,13,ffaba559b8f75178eed537731f258b1129b7fe97,linux1804-64-shippable-qr,True,False,,|c|o|l|d| |f|i|s|s|i|o|n| |w|e|b|r|e|n|d|e|r|,102210fe594ee9b33d82058545b1ed14f4c8206e,LastVisualChange,cnn,True,cnn LastVisualChange opt cold fission webrender,,77,ms,firefox,454957073,1875832186,2024-04-17T16:47:37,1934.7,d58df5e2d05c48b077fbc55bb4c851270a79904b,1410714
autoland,3869862,13,ffaba559b8f75178eed537731f258b1129b7fe97,linux1804-64-shippable-qr,True,False,,|c|o|l|d| |f|i|s|s|i|o|n| |w|e|b|r|e|n|d|e|r|,102210fe594ee9b33d82058545b1ed14f4c8206e,LastVisualChange,cnn,True,cnn LastVisualChange opt cold fission webrender,,77,ms,firefox,454894858,1875582153,2024-04-17T18:33:15,1955.1,25500210a453fec07cc9d95612bbe778bae07f71,1410800
autoland,3869862,13,ffaba559b8f75178eed537731f258b1129b7fe97,linux1804-64-shippable-qr,True,False,,|c|o|l|d| |f|i|s|s|i|o|n| |w|e|b|r|e|n|d|e|r|,102210fe594ee9b33d82058545b1ed14f4c8206e,LastVisualChange,cnn,True,cnn LastVisualChange opt cold fission webrender,,77,ms,firefox,454915746,1875653965,2024-04-17T20:25:11,2001.7,d35a7bf5f1fc33f0f83edc8fdcffd17131fd9b82,1410917
autoland,3869862,13,ffaba559b8f75178eed537731f258b1129b7fe97,linux1804-64-shippable-qr,True,False,,|c|o|l|d| |f|i|s|s|i|o|n| |w|e|b|r|e|n|d|e|r|,102210fe594ee9b33d82058545b1ed14f4c8206e,LastVisualChange,cnn,True,cnn LastVisualChange opt cold fission webrender,,77,ms,firefox,454936789,1875745838,2024-04-18T00:20:10,2037.3,1bf7d54b4913d7994ed2ce4b07f0426fc70b4b7e,1411120
autoland,3869862,13,ffaba559b8f75178eed537731f258b1129b7fe97,linux1804-64-shippable-qr,True,False,,|c|o|l|d| |f|i|s|s|i|o|n| |w|e|b|r|e|n|d|e|r|,102210fe594ee9b33d82058545b1ed14f4c8206e,LastVisualChange,cnn,True,cnn LastVisualChange opt cold fission webrender,,77,ms,firefox,454953834,1875802608,2024-04-18T03:49:51,1994.7,12adf93b9ad4085d4f0b493c368533bb040dce46,1411204
autoland,3869862,13,ffaba559b8f75178eed537731f258b1129b7fe97,linux1804-64-shippable-qr,True,False,,|c|o|l|d| |f|i|s|s|i|o|n| |w|e|b|r|e|n|d|e|r|,102210fe594ee9b33d82058545b1ed14f4c8206e,LastVisualChange,cnn,True,cnn LastVisualChange opt cold fission webrender,,77,ms,firefox,454971098,1875922370,2024-04-18T07:53:55,1954.1,d4cde5148929d0d9587580bca2d37027d7424348,1411277
autoland,3869862,13,ffaba559b8f75178eed537731f258b1129b7fe97,linux1804-64-shippable-qr,True,False,,|c|o|l|d| |f|i|s|s|i|o|n| |w|e|b|r|e|n|d|e|r|,102210fe594ee9b33d82058545b1ed14f4c8206e,LastVisualChange,cnn,True,cnn LastVisualChange opt cold fission webrender,,77,ms,firefox,455004074,1876065851,2024-04-18T12:14:33,1993.8,123e0c272c21270c6f9a5e2fca3bfbc72c7b5ef9,1411435
autoland,3869862,13,ffaba559b8f75178eed537731f258b1129b7fe97,linux1804-64-shippable-qr,True,False,,|c|o|l|d| |f|i|s|s|i|o|n| |w|e|b|r|e|n|d|e|r|,102210fe594ee9b33d82058545b1ed14f4c8206e,LastVisualChange,cnn,True,cnn LastVisualChange opt cold fission webrender,,77,ms,firefox,455049739,1876259800,2024-04-18T15:42:46,1557.5,257d3013546c7ec40031343c459162a0b69fa6f2,1411573
autoland,3869862,13,ffaba559b8f75178eed537731f258b1129b7fe97,linux1804-64-shippable-qr,True,False,,|c|o|l|d| |f|i|s|s|i|o|n| |w|e|b|r|e|n|d|e|r|,102210fe594ee9b33d82058545b1ed14f4c8206e,LastVisualChange,cnn,True,cnn LastVisualChange opt cold fission webrender,,77,ms,firefox,455062885,1876296983,2024-04-18T18:28:28,1957.1,0f5d446707971afc1fab01c0a28b208101241b8a,1411727
autoland,3869862,13,ffaba559b8f75178eed537731f258b1129b7fe97,linux1804-64-shippable-qr,True,False,,|c|o|l|d| |f|i|s|s|i|o|n| |w|e|b|r|e|n|d|e|r|,102210fe594ee9b33d82058545b1ed14f4c8206e,LastVisualChange,cnn,True,cnn LastVisualChange opt cold fission webrender,,77,ms,firefox,455116988,1876768203,2024-04-18T18:38:31,1965.5,1161842c1c20d7700df1b0815fc6ac6cb35706ab,1411735
autoland,3869862,13,ffaba559b8f75178eed537731f258b1129b7fe97,linux1804-64-shippable-qr,True,False,,|c|o|l|d| |f|i|s|s|i|o|n| |w|e|b|r|e|n|d|e|r|,102210fe594ee9b33d82058545b1ed14f4c8206e,LastVisualChange,cnn,True,cnn LastVisualChange opt cold fission webrender,,77,ms,firefox,455116194,1876747216,2024-04-18T18:49:22,1967.6,83b9c7e20aec8a8544ef8cbe7b065c56df94db97,1411745
autoland,3869862,13,ffaba559b8f75178eed537731f258b1129b7fe97,linux1804-64-shippable-qr,True,False,,|c|o|l|d| |f|i|s|s|i|o|n| |w|e|b|r|e|n|d|e|r|,102210fe594ee9b33d82058545b1ed14f4c8206e,LastVisualChange,cnn,True,cnn LastVisualChange opt cold fission webrender,,77,ms,firefox,455116307,1876764662,2024-04-18T21:12:29,1932.8,9f733bac89327bde042222de14857bc9838c6cdb,1411840
autoland,3869862,13,ffaba559b8f75178eed537731f258b1129b7fe97,linux1804-64-shippable-qr,True,False,,|c|o|l|d| |f|i|s|s|i|o|n| |w|e|b|r|e|n|d|e|r|,102210fe594ee9b33d82058545b1ed14f4c8206e,LastVisualChange,cnn,True,cnn LastVisualChange opt cold fission webrender,,77,ms,firefox,455111747,1876665545,2024-04-18T21:13:34,1985.3,bb8f4afc1b2b8fb8965b67c3f8cc898cef63a5b3,1411843
autoland,3869862,13,ffaba559b8f75178eed537731f258b1129b7fe97,linux1804-64-shippable-qr,True,False,,|c|o|l|d| |f|i|s|s|i|o|n| |w|e|b|r|e|n|d|e|r|,102210fe594ee9b33d82058545b1ed14f4c8206e,LastVisualChange,cnn,True,cnn LastVisualChange opt cold fission webrender,,77,ms,firefox,455086530,1876451691,2024-04-18T21:15:15,1990.8,eed297665148d999a1c59d7d6e66f6973e0dd84c,1411845
autoland,3869862,13,ffaba559b8f75178eed537731f258b1129b7fe97,linux1804-64-shippable-qr,True,False,,|c|o|l|d| |f|i|s|s|i|o|n| |w|e|b|r|e|n|d|e|r|,102210fe594ee9b33d82058545b1ed14f4c8206e,LastVisualChange,cnn,True,cnn LastVisualChange opt cold fission webrender,,77,ms,firefox,455108991,1876625649,2024-04-19T01:55:54,1984.2,3e097fca93b9af809ad16ed1d5f0bdd874f8f8e2,1411981
autoland,3869862,13,ffaba559b8f75178eed537731f258b1129b7fe97,linux1804-64-shippable-qr,True,False,,|c|o|l|d| |f|i|s|s|i|o|n| |w|e|b|r|e|n|d|e|r|,102210fe594ee9b33d82058545b1ed14f4c8206e,LastVisualChange,cnn,True,cnn LastVisualChange opt cold fission webrender,,77,ms,firefox,455118710,1876783903,2024-04-19T06:08:52,1942.1,99364906cd1d11016d0fc2dc03a8b7fd11705aa4,1412057
autoland,3869862,13,ffaba559b8f75178eed537731f258b1129b7fe97,linux1804-64-shippable-qr,True,False,,|c|o|l|d| |f|i|s|s|i|o|n| |w|e|b|r|e|n|d|e|r|,102210fe594ee9b33d82058545b1ed14f4c8206e,LastVisualChange,cnn,True,cnn LastVisualChange opt cold fission webrender,,77,ms,firefox,455147389,1876992828,2024-04-19T10:27:22,1942.2,465ebfc7da3d3a6de812574016249ab37ab8605c,1412150
autoland,3869862,13,ffaba559b8f75178eed537731f258b1129b7fe97,linux1804-64-shippable-qr,True,False,,|c|o|l|d| |f|i|s|s|i|o|n| |w|e|b|r|e|n|d|e|r|,102210fe594ee9b33d82058545b1ed14f4c8206e,LastVisualChange,cnn,True,cnn LastVisualChange opt cold fission webrender,,77,ms,firefox,455184824,1877114637,2024-04-19T14:48:08,1957.0,4b196ac64ccbf1061ee2c2835e31fe8b071b9099,1412270
autoland,3869862,13,ffaba559b8f75178eed537731f258b1129b7fe97,linux1804-64-shippable-qr,True,False,,|c|o|l|d| |f|i|s|s|i|o|n| |w|e|b|r|e|n|d|e|r|,102210fe594ee9b33d82058545b1ed14f4c8206e,LastVisualChange,cnn,True,cnn LastVisualChange opt cold fission webrender,,77,ms,firefox,455213827,1877264671,2024-04-19T18:48:31,1943.7,cf54488baa94dff90075eb1c2e96afc7353a4eee,1412477
autoland,3869862,13,ffaba559b8f75178eed537731f258b1129b7fe97,linux1804-64-shippable-qr,True,False,,|c|o|l|d| |f|i|s|s|i|o|n| |w|e|b|r|e|n|d|e|r|,102210fe594ee9b33d82058545b1ed14f4c8206e,LastVisualChange,cnn,True,cnn LastVisualChange opt cold fission webrender,,77,ms,firefox,455241253,1877414659,2024-04-19T22:58:06,2001.1,fd56e5907d69d8a14032cc7ec308f013a266ee16,1412613
autoland,3869862,13,ffaba559b8f75178eed537731f258b1129b7fe97,linux1804-64-shippable-qr,True,False,,|c|o|l|d| |f|i|s|s|i|o|n| |w|e|b|r|e|n|d|e|r|,102210fe594ee9b33d82058545b1ed14f4c8206e,LastVisualChange,cnn,True,cnn LastVisualChange opt cold fission webrender,,77,ms,firefox,455253323,1877512218,2024-04-20T05:31:24,2006.2,4797f0a19ccc6dca6f6aa6710f76967e23ba6276,1412701
autoland,3869862,13,ffaba559b8f75178eed537731f258b1129b7fe97,linux1804-64-shippable-qr,True,False,,|c|o|l|d| |f|i|s|s|i|o|n| |w|e|b|r|e|n|d|e|r|,102210fe594ee9b33d82058545b1ed14f4c8206e,LastVisualChange,cnn,True,cnn LastVisualChange opt cold fission webrender,,77,ms,firefox,455283492,1877628746,2024-04-20T15:42:35,1969.2,f5d9ea237d971478f314e77299398079989b786c,1412749
autoland,3869862,13,ffaba559b8f75178eed537731f258b1129b7fe97,linux1804-64-shippable-qr,True,False,,|c|o|l|d| |f|i|s|s|i|o|n| |w|e|b|r|e|n|d|e|r|,102210fe594ee9b33d82058545b1ed14f4c8206e,LastVisualChange,cnn,True,cnn LastVisualChange opt cold fission webrender,,77,ms,firefox,455288956,1877662944,2024-04-21T00:18:25,1991.1,65ceed609eb489d653eefc7e22fa34f869027a26,1412781
autoland,3869862,13,ffaba559b8f75178eed537731f258b1129b7fe97,linux1804-64-shippable-qr,True,False,,|c|o|l|d| |f|i|s|s|i|o|n| |w|e|b|r|e|n|d|e|r|,102210fe594ee9b33d82058545b1ed14f4c8206e,LastVisualChange,cnn,True,cnn LastVisualChange opt cold fission webrender,,77,ms,firefox,455324454,1877843684,2024-04-21T21:40:30,1955.6,400d4e6908a3aef8f83ae4db204d62e3e028f704,1412843
autoland,3869862,13,ffaba559b8f75178eed537731f258b1129b7fe97,linux1804-64-shippable-qr,True,False,,|c|o|l|d| |f|i|s|s|i|o|n| |w|e|b|r|e|n|d|e|r|,102210fe594ee9b33d82058545b1ed14f4c8206e,LastVisualChange,cnn,True,cnn LastVisualChange opt cold fission webrender,,77,ms,firefox,455334546,1877953053,2024-04-22T04:00:04,1978.5,d4a6129fdbbe32300d5069df6ce47dd92f665c96,1412913
autoland,3869862,13,ffaba559b8f75178eed537731f258b1129b7fe97,linux1804-64-shippable-qr,True,False,,|c|o|l|d| |f|i|s|s|i|o|n| |w|e|b|r|e|n|d|e|r|,102210fe594ee9b33d82058545b1ed14f4c8206e,LastVisualChange,cnn,True,cnn LastVisualChange opt cold fission webrender,,77,ms,firefox,455346504,1878021096,2024-04-22T08:07:09,1964.1,5a83d047329402d960e6c402c6deb27927a436c9,1412944
autoland,3869862,13,ffaba559b8f75178eed537731f258b1129b7fe97,linux1804-64-shippable-qr,True,False,,|c|o|l|d| |f|i|s|s|i|o|n| |w|e|b|r|e|n|d|e|r|,102210fe594ee9b33d82058545b1ed14f4c8206e,LastVisualChange,cnn,True,cnn LastVisualChange opt cold fission webrender,,77,ms,firefox,455383141,1878164217,2024-04-22T12:07:57,1965.7,1c34b0b26d5a556ee695c70bd744ca9f129f456e,1413048
autoland,3869862,13,ffaba559b8f75178eed537731f258b1129b7fe97,linux1804-64-shippable-qr,True,False,,|c|o|l|d| |f|i|s|s|i|o|n| |w|e|b|r|e|n|d|e|r|,102210fe594ee9b33d82058545b1ed14f4c8206e,LastVisualChange,cnn,True,cnn LastVisualChange opt cold fission webrender,,77,ms,firefox,455488358,1878667137,2024-04-22T15:49:08,2276.8,074b8a59783fe1d8f28029851f978ffe9241e3ad,1413205
autoland,3869862,13,ffaba559b8f75178eed537731f258b1129b7fe97,linux1804-64-shippable-qr,True,False,,|c|o|l|d| |f|i|s|s|i|o|n| |w|e|b|r|e|n|d|e|r|,102210fe594ee9b33d82058545b1ed14f4c8206e,LastVisualChange,cnn,True,cnn LastVisualChange opt cold fission webrender,,77,ms,firefox,455488630,1878684967,2024-04-22T16:00:04,1943.7,936f17cdc5b5d160df1a4947540a1d24b6394d57,1413215
autoland,3869862,13,ffaba559b8f75178eed537731f258b1129b7fe97,linux1804-64-shippable-qr,True,False,,|c|o|l|d| |f|i|s|s|i|o|n| |w|e|b|r|e|n|d|e|r|,102210fe594ee9b33d82058545b1ed14f4c8206e,LastVisualChange,cnn,True,cnn LastVisualChange opt cold fission webrender,,77,ms,firefox,455436051,1878348133,2024-04-22T19:20:17,1952.8,ed724b89a2c25252a6eab99f0fa48f85f2523b66,1413379
autoland,3869862,13,ffaba559b8f75178eed537731f258b1129b7fe97,linux1804-64-shippable-qr,True,False,,|c|o|l|d| |f|i|s|s|i|o|n| |w|e|b|r|e|n|d|e|r|,102210fe594ee9b33d82058545b1ed14f4c8206e,LastVisualChange,cnn,True,cnn LastVisualChange opt cold fission webrender,,77,ms,firefox,455470479,1878544191,2024-04-22T23:20:55,1951.7,294255d7250372c7cd6256cb6d1da23325d1f728,1413581
autoland,3869862,13,ffaba559b8f75178eed537731f258b1129b7fe97,linux1804-64-shippable-qr,True,False,,|c|o|l|d| |f|i|s|s|i|o|n| |w|e|b|r|e|n|d|e|r|,102210fe594ee9b33d82058545b1ed14f4c8206e,LastVisualChange,cnn,True,cnn LastVisualChange opt cold fission webrender,,77,ms,firefox,455484966,1878618371,2024-04-23T03:59:43,2073.7,074d29b6e81d7fbf5ac7dea664ffea6a59b41b80,1413693
autoland,3869862,13,ffaba559b8f75178eed537731f258b1129b7fe97,linux1804-64-shippable-qr,True,False,,|c|o|l|d| |f|i|s|s|i|o|n| |w|e|b|r|e|n|d|e|r|,102210fe594ee9b33d82058545b1ed14f4c8206e,LastVisualChange,cnn,True,cnn LastVisualChange opt cold fission webrender,,77,ms,firefox,455499060,1878736293,2024-04-23T08:01:00,1939.1,5519716422b3e14060894caded45bac7a3aeb773,1413770
autoland,3869862,13,ffaba559b8f75178eed537731f258b1129b7fe97,linux1804-64-shippable-qr,True,False,,|c|o|l|d| |f|i|s|s|i|o|n| |w|e|b|r|e|n|d|e|r|,102210fe594ee9b33d82058545b1ed14f4c8206e,LastVisualChange,cnn,True,cnn LastVisualChange opt cold fission webrender,,77,ms,firefox,455537948,1878911183,2024-04-23T11:54:58,2001.2,d0b5d121d8fc8ffddbec3e026a455ecfe0071347,1413921
autoland,3869862,13,ffaba559b8f75178eed537731f258b1129b7fe97,linux1804-64-shippable-qr,True,False,,|c|o|l|d| |f|i|s|s|i|o|n| |w|e|b|r|e|n|d|e|r|,102210fe594ee9b33d82058545b1ed14f4c8206e,LastVisualChange,cnn,True,cnn LastVisualChange opt cold fission webrender,,77,ms,firefox,455627006,1879408599,2024-04-23T13:23:36,1940.9,3670eb21452ed6a6d994b7c9197e9eb8dce496fc,1413985
autoland,3869862,13,ffaba559b8f75178eed537731f258b1129b7fe97,linux1804-64-shippable-qr,True,False,,|c|o|l|d| |f|i|s|s|i|o|n| |w|e|b|r|e|n|d|e|r|,102210fe594ee9b33d82058545b1ed14f4c8206e,LastVisualChange,cnn,True,cnn LastVisualChange opt cold fission webrender,,77,ms,firefox,455626829,1879394547,2024-04-23T13:24:27,1994.9,403992af097e07dbee379c1772c8ff1b21690142,1413988
autoland,3869862,13,ffaba559b8f75178eed537731f258b1129b7fe97,linux1804-64-shippable-qr,True,False,,|c|o|l|d| |f|i|s|s|i|o|n| |w|e|b|r|e|n|d|e|r|,102210fe594ee9b33d82058545b1ed14f4c8206e,LastVisualChange,cnn,True,cnn LastVisualChange opt cold fission webrender,,77,ms,firefox,455568814,1879100212,2024-04-23T15:44:45,1948.3,058dc2e8394c7361874508e49f2bbbfc3173f1a9,1414120
autoland,3869862,13,ffaba559b8f75178eed537731f258b1129b7fe97,linux1804-64-shippable-qr,True,False,,|c|o|l|d| |f|i|s|s|i|o|n| |w|e|b|r|e|n|d|e|r|,102210fe594ee9b33d82058545b1ed14f4c8206e,LastVisualChange,cnn,True,cnn LastVisualChange opt cold fission webrender,,77,ms,firefox,455578817,1879139634,2024-04-23T18:21:27,1948.8,1c40eb01d534a1c361c5c6fe0b3fdc64aed2c883,1414216
autoland,3869862,13,ffaba559b8f75178eed537731f258b1129b7fe97,linux1804-64-shippable-qr,True,False,,|c|o|l|d| |f|i|s|s|i|o|n| |w|e|b|r|e|n|d|e|r|,102210fe594ee9b33d82058545b1ed14f4c8206e,LastVisualChange,cnn,True,cnn LastVisualChange opt cold fission webrender,,77,ms,firefox,455613173,1879341878,2024-04-23T22:59:53,1931.3,b516592332299274cdbcfd113f1d8a97cc0ee8af,1414419
autoland,3869862,13,ffaba559b8f75178eed537731f258b1129b7fe97,linux1804-64-shippable-qr,True,False,,|c|o|l|d| |f|i|s|s|i|o|n| |w|e|b|r|e|n|d|e|r|,102210fe594ee9b33d82058545b1ed14f4c8206e,LastVisualChange,cnn,True,cnn LastVisualChange opt cold fission webrender,,77,ms,firefox,455628980,1879427859,2024-04-24T03:55:37,1988.9,3de3f9428f138bf269718fceb36c5112a195ca37,1414529
autoland,3869862,13,ffaba559b8f75178eed537731f258b1129b7fe97,linux1804-64-shippable-qr,True,False,,|c|o|l|d| |f|i|s|s|i|o|n| |w|e|b|r|e|n|d|e|r|,102210fe594ee9b33d82058545b1ed14f4c8206e,LastVisualChange,cnn,True,cnn LastVisualChange opt cold fission webrender,,77,ms,firefox,455651610,1879592487,2024-04-24T07:56:15,1953.6,fd7d96cffddb9a76a1ecc148c3b284e8003fe6b9,1414632
autoland,3869862,13,ffaba559b8f75178eed537731f258b1129b7fe97,linux1804-64-shippable-qr,True,False,,|c|o|l|d| |f|i|s|s|i|o|n| |w|e|b|r|e|n|d|e|r|,102210fe594ee9b33d82058545b1ed14f4c8206e,LastVisualChange,cnn,True,cnn LastVisualChange opt cold fission webrender,,77,ms,firefox,455698805,1879791066,2024-04-24T12:15:38,1961.7,87963547052db96296ae50e55c8266cbfc3bd922,1414844
autoland,3869862,13,ffaba559b8f75178eed537731f258b1129b7fe97,linux1804-64-shippable-qr,True,False,,|c|o|l|d| |f|i|s|s|i|o|n| |w|e|b|r|e|n|d|e|r|,102210fe594ee9b33d82058545b1ed14f4c8206e,LastVisualChange,cnn,True,cnn LastVisualChange opt cold fission webrender,,77,ms,firefox,455750784,120704,2024-04-25T00:20:54,1987.4,ec5140ea1b1384a44d1ce6e0271fc97472399e96,1415370
autoland,3869862,13,ffaba559b8f75178eed537731f258b1129b7fe97,linux1804-64-shippable-qr,True,False,,|c|o|l|d| |f|i|s|s|i|o|n| |w|e|b|r|e|n|d|e|r|,102210fe594ee9b33d82058545b1ed14f4c8206e,LastVisualChange,cnn,True,cnn LastVisualChange opt cold fission webrender,,77,ms,firefox,455773499,215444,2024-04-25T02:34:18,1980.4,cffa531d3b2e833bda2b3f035d37edb92f838428,1415633
autoland,3869862,13,ffaba559b8f75178eed537731f258b1129b7fe97,linux1804-64-shippable-qr,True,False,,|c|o|l|d| |f|i|s|s|i|o|n| |w|e|b|r|e|n|d|e|r|,102210fe594ee9b33d82058545b1ed14f4c8206e,LastVisualChange,cnn,True,cnn LastVisualChange opt cold fission webrender,,77,ms,firefox,455788219,303531,2024-04-25T05:01:58,1943.9,792c9892791495e8f13e77e5a78bfda83ab7a455,1415718
autoland,3869862,13,ffaba559b8f75178eed537731f258b1129b7fe97,linux1804-64-shippable-qr,True,False,,|c|o|l|d| |f|i|s|s|i|o|n| |w|e|b|r|e|n|d|e|r|,102210fe594ee9b33d82058545b1ed14f4c8206e,LastVisualChange,cnn,True,cnn LastVisualChange opt cold fission webrender,,77,ms,firefox,455808651,480006,2024-04-25T09:09:49,2013.6,5b0d6bb6f3780aaf074d79548381fd6e7a565b85,1415822
autoland,3869862,13,ffaba559b8f75178eed537731f258b1129b7fe97,linux1804-64-shippable-qr,True,False,,|c|o|l|d| |f|i|s|s|i|o|n| |w|e|b|r|e|n|d|e|r|,102210fe594ee9b33d82058545b1ed14f4c8206e,LastVisualChange,cnn,True,cnn LastVisualChange opt cold fission webrender,,77,ms,firefox,455854172,647023,2024-04-25T13:10:04,1966.6,88f7b12683ce863c6ca742ac14e176ee045383bd,1416008
autoland,3869862,13,ffaba559b8f75178eed537731f258b1129b7fe97,linux1804-64-shippable-qr,True,False,,|c|o|l|d| |f|i|s|s|i|o|n| |w|e|b|r|e|n|d|e|r|,102210fe594ee9b33d82058545b1ed14f4c8206e,LastVisualChange,cnn,True,cnn LastVisualChange opt cold fission webrender,,77,ms,firefox,455953113,1086316,2024-04-25T15:42:52,1963.0,a913463932b70a4b7504d40b66173c0b20e76894,1416136
autoland,3869862,13,ffaba559b8f75178eed537731f258b1129b7fe97,linux1804-64-shippable-qr,True,False,,|c|o|l|d| |f|i|s|s|i|o|n| |w|e|b|r|e|n|d|e|r|,102210fe594ee9b33d82058545b1ed14f4c8206e,LastVisualChange,cnn,True,cnn LastVisualChange opt cold fission webrender,,77,ms,firefox,455947256,1046577,2024-04-25T15:59:28,1961.7,b743d99059effb91581a29dcf6595a01d5c1716d,1416150
autoland,3869862,13,ffaba559b8f75178eed537731f258b1129b7fe97,linux1804-64-shippable-qr,True,False,,|c|o|l|d| |f|i|s|s|i|o|n| |w|e|b|r|e|n|d|e|r|,102210fe594ee9b33d82058545b1ed14f4c8206e,LastVisualChange,cnn,True,cnn LastVisualChange opt cold fission webrender,,77,ms,firefox,455879116,774044,2024-04-25T16:29:00,2050.5,6611338ffbdafbbc5b82211b1c255353bdb30763,1416183
autoland,3869862,13,ffaba559b8f75178eed537731f258b1129b7fe97,linux1804-64-shippable-qr,True,False,,|c|o|l|d| |f|i|s|s|i|o|n| |w|e|b|r|e|n|d|e|r|,102210fe594ee9b33d82058545b1ed14f4c8206e,LastVisualChange,cnn,True,cnn LastVisualChange opt cold fission webrender,,77,ms,firefox,455918980,911326,2024-04-25T21:12:20,1957.9,6a497992821d53c3704819a4f43c6a7d3234c5a2,1416361
autoland,3869862,13,ffaba559b8f75178eed537731f258b1129b7fe97,linux1804-64-shippable-qr,True,False,,|c|o|l|d| |f|i|s|s|i|o|n| |w|e|b|r|e|n|d|e|r|,102210fe594ee9b33d82058545b1ed14f4c8206e,LastVisualChange,cnn,True,cnn LastVisualChange opt cold fission webrender,,77,ms,firefox,455942735,1021741,2024-04-26T01:33:24,2031.8,b89431ee0f24bcb481d894ad21288e4f09e1960d,1416487
autoland,3869862,13,ffaba559b8f75178eed537731f258b1129b7fe97,linux1804-64-shippable-qr,True,False,,|c|o|l|d| |f|i|s|s|i|o|n| |w|e|b|r|e|n|d|e|r|,102210fe594ee9b33d82058545b1ed14f4c8206e,LastVisualChange,cnn,True,cnn LastVisualChange opt cold fission webrender,,77,ms,firefox,455955299,1107960,2024-04-26T05:34:38,1944.9,ed2448d27fe2e034cd5804dc7310c3f72ac2eaa5,1416537
autoland,3869862,13,ffaba559b8f75178eed537731f258b1129b7fe97,linux1804-64-shippable-qr,True,False,,|c|o|l|d| |f|i|s|s|i|o|n| |w|e|b|r|e|n|d|e|r|,102210fe594ee9b33d82058545b1ed14f4c8206e,LastVisualChange,cnn,True,cnn LastVisualChange opt cold fission webrender,,77,ms,firefox,455984858,1287395,2024-04-26T09:39:43,1984.6,c8be3827903b85cfb4313957b4f308f696d3b0fe,1416671
autoland,3869862,13,ffaba559b8f75178eed537731f258b1129b7fe97,linux1804-64-shippable-qr,True,False,,|c|o|l|d| |f|i|s|s|i|o|n| |w|e|b|r|e|n|d|e|r|,102210fe594ee9b33d82058545b1ed14f4c8206e,LastVisualChange,cnn,True,cnn LastVisualChange opt cold fission webrender,,77,ms,firefox,456023155,1389119,2024-04-26T13:51:38,1971.2,462f013c08cacd7abfae1f2d1bf26354372a829f,1416831
autoland,3869862,13,ffaba559b8f75178eed537731f258b1129b7fe97,linux1804-64-shippable-qr,True,False,,|c|o|l|d| |f|i|s|s|i|o|n| |w|e|b|r|e|n|d|e|r|,102210fe594ee9b33d82058545b1ed14f4c8206e,LastVisualChange,cnn,True,cnn LastVisualChange opt cold fission webrender,,77,ms,firefox,456057920,1573158,2024-04-26T17:53:01,1941.4,ed101e266315213d1ad0a423c49bade6ff5df172,1417003
autoland,3869862,13,ffaba559b8f75178eed537731f258b1129b7fe97,linux1804-64-shippable-qr,True,False,,|c|o|l|d| |f|i|s|s|i|o|n| |w|e|b|r|e|n|d|e|r|,102210fe594ee9b33d82058545b1ed14f4c8206e,LastVisualChange,cnn,True,cnn LastVisualChange opt cold fission webrender,,77,ms,firefox,456079750,1662222,2024-04-26T22:54:36,1973.3,7b85c82d731ddab976c6abe7e54685cacaebba41,1417188
autoland,3869862,13,ffaba559b8f75178eed537731f258b1129b7fe97,linux1804-64-shippable-qr,True,False,,|c|o|l|d| |f|i|s|s|i|o|n| |w|e|b|r|e|n|d|e|r|,102210fe594ee9b33d82058545b1ed14f4c8206e,LastVisualChange,cnn,True,cnn LastVisualChange opt cold fission webrender,,77,ms,firefox,456093569,1743607,2024-04-27T03:46:15,1967.8,45defed78aafc90410c68310027bf771bcfc5968,1417229
autoland,3869862,13,ffaba559b8f75178eed537731f258b1129b7fe97,linux1804-64-shippable-qr,True,False,,|c|o|l|d| |f|i|s|s|i|o|n| |w|e|b|r|e|n|d|e|r|,102210fe594ee9b33d82058545b1ed14f4c8206e,LastVisualChange,cnn,True,cnn LastVisualChange opt cold fission webrender,,77,ms,firefox,456112638,1838031,2024-04-27T10:47:32,1956.5,b694b588a2936a5c99a0ecf2d9d8fb6382a2bff4,1417256
autoland,3869862,13,ffaba559b8f75178eed537731f258b1129b7fe97,linux1804-64-shippable-qr,True,False,,|c|o|l|d| |f|i|s|s|i|o|n| |w|e|b|r|e|n|d|e|r|,102210fe594ee9b33d82058545b1ed14f4c8206e,LastVisualChange,cnn,True,cnn LastVisualChange opt cold fission webrender,,77,ms,firefox,456135857,1940604,2024-04-27T18:43:51,1942.6,69bb72420e433fa8d66fff354e5ce90402289ac1,1417294
autoland,3869862,13,ffaba559b8f75178eed537731f258b1129b7fe97,linux1804-64-shippable-qr,True,False,,|c|o|l|d| |f|i|s|s|i|o|n| |w|e|b|r|e|n|d|e|r|,102210fe594ee9b33d82058545b1ed14f4c8206e,LastVisualChange,cnn,True,cnn LastVisualChange opt cold fission webrender,,77,ms,firefox,456148863,2006687,2024-04-27T22:45:22,1984.6,8256dde0533523666a60914881f81717e1705f8a,1417317
autoland,3869862,13,ffaba559b8f75178eed537731f258b1129b7fe97,linux1804-64-shippable-qr,True,False,,|c|o|l|d| |f|i|s|s|i|o|n| |w|e|b|r|e|n|d|e|r|,102210fe594ee9b33d82058545b1ed14f4c8206e,LastVisualChange,cnn,True,cnn LastVisualChange opt cold fission webrender,,77,ms,firefox,456157418,2056790,2024-04-28T03:23:06,1966.7,d1651fe33156a2aab5884ab1eaaaa8c5dd64631d,1417329
autoland,3869862,13,ffaba559b8f75178eed537731f258b1129b7fe97,linux1804-64-shippable-qr,True,False,,|c|o|l|d| |f|i|s|s|i|o|n| |w|e|b|r|e|n|d|e|r|,102210fe594ee9b33d82058545b1ed14f4c8206e,LastVisualChange,cnn,True,cnn LastVisualChange opt cold fission webrender,,77,ms,firefox,456178637,2142023,2024-04-28T10:04:44,1976.4,e479324bc8bb9135d7a48ad8ebc677725f27de37,1417378
autoland,3869862,13,ffaba559b8f75178eed537731f258b1129b7fe97,linux1804-64-shippable-qr,True,False,,|c|o|l|d| |f|i|s|s|i|o|n| |w|e|b|r|e|n|d|e|r|,102210fe594ee9b33d82058545b1ed14f4c8206e,LastVisualChange,cnn,True,cnn LastVisualChange opt cold fission webrender,,77,ms,firefox,456188330,2194174,2024-04-28T14:13:44,1960.6,f157e5d64220507743654737cdd9b5e74f4f3ed5,1417383
autoland,3869862,13,ffaba559b8f75178eed537731f258b1129b7fe97,linux1804-64-shippable-qr,True,False,,|c|o|l|d| |f|i|s|s|i|o|n| |w|e|b|r|e|n|d|e|r|,102210fe594ee9b33d82058545b1ed14f4c8206e,LastVisualChange,cnn,True,cnn LastVisualChange opt cold fission webrender,,77,ms,firefox,456191606,2214671,2024-04-28T19:02:33,1953.7,717a883474bedbbf5f420ffd52c76d3f6d4b910d,1417402
autoland,3869862,13,ffaba559b8f75178eed537731f258b1129b7fe97,linux1804-64-shippable-qr,True,False,,|c|o|l|d| |f|i|s|s|i|o|n| |w|e|b|r|e|n|d|e|r|,102210fe594ee9b33d82058545b1ed14f4c8206e,LastVisualChange,cnn,True,cnn LastVisualChange opt cold fission webrender,,77,ms,firefox,456207872,2288105,2024-04-29T00:22:43,1958.3,0481d43263e16ab0b359e3c85888197704857817,1417434
autoland,3869862,13,ffaba559b8f75178eed537731f258b1129b7fe97,linux1804-64-shippable-qr,True,False,,|c|o|l|d| |f|i|s|s|i|o|n| |w|e|b|r|e|n|d|e|r|,102210fe594ee9b33d82058545b1ed14f4c8206e,LastVisualChange,cnn,True,cnn LastVisualChange opt cold fission webrender,,77,ms,firefox,456215325,2349964,2024-04-29T06:17:09,1963.6,6b17c605c084e2db078b234e703a176d3b427fe1,1417456
autoland,3869862,13,ffaba559b8f75178eed537731f258b1129b7fe97,linux1804-64-shippable-qr,True,False,,|c|o|l|d| |f|i|s|s|i|o|n| |w|e|b|r|e|n|d|e|r|,102210fe594ee9b33d82058545b1ed14f4c8206e,LastVisualChange,cnn,True,cnn LastVisualChange opt cold fission webrender,,77,ms,firefox,456247500,2525119,2024-04-29T10:38:34,1989.8,04a668ef9c909b54153526f6b4e28b4287e80664,1417565
autoland,3869862,13,ffaba559b8f75178eed537731f258b1129b7fe97,linux1804-64-shippable-qr,True,False,,|c|o|l|d| |f|i|s|s|i|o|n| |w|e|b|r|e|n|d|e|r|,102210fe594ee9b33d82058545b1ed14f4c8206e,LastVisualChange,cnn,True,cnn LastVisualChange opt cold fission webrender,,77,ms,firefox,456292147,2683232,2024-04-29T14:46:23,1971.3,650dda9187436a12c66c2e81441e68e1d481e164,1417768
autoland,3869862,13,ffaba559b8f75178eed537731f258b1129b7fe97,linux1804-64-shippable-qr,True,False,,|c|o|l|d| |f|i|s|s|i|o|n| |w|e|b|r|e|n|d|e|r|,102210fe594ee9b33d82058545b1ed14f4c8206e,LastVisualChange,cnn,True,cnn LastVisualChange opt cold fission webrender,,77,ms,firefox,456378785,3522126,2024-04-29T14:47:47,1970.3,efdaf7a2b304f9e71ba7b718af54373670cf6f93,1417771
autoland,3869862,13,ffaba559b8f75178eed537731f258b1129b7fe97,linux1804-64-shippable-qr,True,False,,|c|o|l|d| |f|i|s|s|i|o|n| |w|e|b|r|e|n|d|e|r|,102210fe594ee9b33d82058545b1ed14f4c8206e,LastVisualChange,cnn,True,cnn LastVisualChange opt cold fission webrender,,77,ms,firefox,456379053,3549436,2024-04-29T15:00:21,1967.5,dc425d760d0918fee1c46e930cf3badd1f1f0fb9,1417778
autoland,3869862,13,ffaba559b8f75178eed537731f258b1129b7fe97,linux1804-64-shippable-qr,True,False,,|c|o|l|d| |f|i|s|s|i|o|n| |w|e|b|r|e|n|d|e|r|,102210fe594ee9b33d82058545b1ed14f4c8206e,LastVisualChange,cnn,True,cnn LastVisualChange opt cold fission webrender,,77,ms,firefox,456326364,2917055,2024-04-29T17:19:25,2013.3,fb9d21d9a3f911f1748f03b323b8358292a5588c,1417921
autoland,3869862,13,ffaba559b8f75178eed537731f258b1129b7fe97,linux1804-64-shippable-qr,True,False,,|c|o|l|d| |f|i|s|s|i|o|n| |w|e|b|r|e|n|d|e|r|,102210fe594ee9b33d82058545b1ed14f4c8206e,LastVisualChange,cnn,True,cnn LastVisualChange opt cold fission webrender,,77,ms,firefox,456342102,2985414,2024-04-29T19:52:22,1957.4,e9cdeeb2f957d210479897325c1d72ded8f512a4,1418020
autoland,3869862,13,ffaba559b8f75178eed537731f258b1129b7fe97,linux1804-64-shippable-qr,True,False,,|c|o|l|d| |f|i|s|s|i|o|n| |w|e|b|r|e|n|d|e|r|,102210fe594ee9b33d82058545b1ed14f4c8206e,LastVisualChange,cnn,True,cnn LastVisualChange opt cold fission webrender,,77,ms,firefox,456367679,3071934,2024-04-30T00:02:50,1962.3,660a39c9cdc7fc3c728c5da5ccaa8856854fa346,1418169
autoland,3869862,13,ffaba559b8f75178eed537731f258b1129b7fe97,linux1804-64-shippable-qr,True,False,,|c|o|l|d| |f|i|s|s|i|o|n| |w|e|b|r|e|n|d|e|r|,102210fe594ee9b33d82058545b1ed14f4c8206e,LastVisualChange,cnn,True,cnn LastVisualChange opt cold fission webrender,,77,ms,firefox,456378496,3131261,2024-04-30T05:00:53,1978.4,0c6cd807867dbaf592b3c7db4eef81220fe03acf,1418256
autoland,3869862,13,ffaba559b8f75178eed537731f258b1129b7fe97,linux1804-64-shippable-qr,True,False,,|c|o|l|d| |f|i|s|s|i|o|n| |w|e|b|r|e|n|d|e|r|,102210fe594ee9b33d82058545b1ed14f4c8206e,LastVisualChange,cnn,True,cnn LastVisualChange opt cold fission webrender,,77,ms,firefox,456395592,3552838,2024-04-30T09:02:30,1972.9,5502377f2629549b2b7c5368c980d0487ed281d4,1418348
autoland,3869862,13,ffaba559b8f75178eed537731f258b1129b7fe97,linux1804-64-shippable-qr,True,False,,|c|o|l|d| |f|i|s|s|i|o|n| |w|e|b|r|e|n|d|e|r|,102210fe594ee9b33d82058545b1ed14f4c8206e,LastVisualChange,cnn,True,cnn LastVisualChange opt cold fission webrender,,77,ms,firefox,456525839,3852861,2024-04-30T09:34:04,1934.8,26390589f165128dffd39f91181ed9c9daf7afaa,1418368
autoland,3869862,13,ffaba559b8f75178eed537731f258b1129b7fe97,linux1804-64-shippable-qr,True,False,,|c|o|l|d| |f|i|s|s|i|o|n| |w|e|b|r|e|n|d|e|r|,102210fe594ee9b33d82058545b1ed14f4c8206e,LastVisualChange,cnn,True,cnn LastVisualChange opt cold fission webrender,,77,ms,firefox,456525139,3850930,2024-04-30T10:38:29,1993.7,d642b8b54c96cbe8ecce5112f12979726ab9eec9,1418396
autoland,3869862,13,ffaba559b8f75178eed537731f258b1129b7fe97,linux1804-64-shippable-qr,True,False,,|c|o|l|d| |f|i|s|s|i|o|n| |w|e|b|r|e|n|d|e|r|,102210fe594ee9b33d82058545b1ed14f4c8206e,LastVisualChange,cnn,True,cnn LastVisualChange opt cold fission webrender,,77,ms,firefox,456438058,3582882,2024-04-30T13:09:55,1935.1,df31c6244c03bc65932fec706fefedf091587459,1418487
autoland,3869862,13,ffaba559b8f75178eed537731f258b1129b7fe97,linux1804-64-shippable-qr,True,False,,|c|o|l|d| |f|i|s|s|i|o|n| |w|e|b|r|e|n|d|e|r|,102210fe594ee9b33d82058545b1ed14f4c8206e,LastVisualChange,cnn,True,cnn LastVisualChange opt cold fission webrender,,77,ms,firefox,456524576,3834422,2024-04-30T15:40:12,1948.8,c6a1a0587644242ad8f8fc0bcf0a94c8e485fc19,1418640
autoland,3869862,13,ffaba559b8f75178eed537731f258b1129b7fe97,linux1804-64-shippable-qr,True,False,,|c|o|l|d| |f|i|s|s|i|o|n| |w|e|b|r|e|n|d|e|r|,102210fe594ee9b33d82058545b1ed14f4c8206e,LastVisualChange,cnn,True,cnn LastVisualChange opt cold fission webrender,,77,ms,firefox,456524728,3837945,2024-04-30T15:58:16,1968.5,ba7ae57dce0dd88946407baf4899d321ca533e03,1418659
autoland,3869862,13,ffaba559b8f75178eed537731f258b1129b7fe97,linux1804-64-shippable-qr,True,False,,|c|o|l|d| |f|i|s|s|i|o|n| |w|e|b|r|e|n|d|e|r|,102210fe594ee9b33d82058545b1ed14f4c8206e,LastVisualChange,cnn,True,cnn LastVisualChange opt cold fission webrender,,77,ms,firefox,456460962,3589851,2024-04-30T16:26:23,1998.6,8f7500d7e530d9db7e5101922db97ea633705f4e,1418685
autoland,3869862,13,ffaba559b8f75178eed537731f258b1129b7fe97,linux1804-64-shippable-qr,True,False,,|c|o|l|d| |f|i|s|s|i|o|n| |w|e|b|r|e|n|d|e|r|,102210fe594ee9b33d82058545b1ed14f4c8206e,LastVisualChange,cnn,True,cnn LastVisualChange opt cold fission webrender,,77,ms,firefox,456483185,3632400,2024-04-30T19:24:53,2039.5,ec8f015d7e7237118cd2c9633310bf3b43bc902b,1418797
autoland,3869862,13,ffaba559b8f75178eed537731f258b1129b7fe97,linux1804-64-shippable-qr,True,False,,|c|o|l|d| |f|i|s|s|i|o|n| |w|e|b|r|e|n|d|e|r|,102210fe594ee9b33d82058545b1ed14f4c8206e,LastVisualChange,cnn,True,cnn LastVisualChange opt cold fission webrender,,77,ms,firefox,456513035,3739843,2024-04-30T23:32:26,1988.8,cd22a3f9463d7df724c7e17c83b6f9d8fe0dd54e,1418926
autoland,3869862,13,ffaba559b8f75178eed537731f258b1129b7fe97,linux1804-64-shippable-qr,True,False,,|c|o|l|d| |f|i|s|s|i|o|n| |w|e|b|r|e|n|d|e|r|,102210fe594ee9b33d82058545b1ed14f4c8206e,LastVisualChange,cnn,True,cnn LastVisualChange opt cold fission webrender,,77,ms,firefox,456523158,3816725,2024-05-01T03:47:22,1969.9,5801de1f3daa092cf721149dc96e7b073c172a92,1419018
autoland,3869862,13,ffaba559b8f75178eed537731f258b1129b7fe97,linux1804-64-shippable-qr,True,False,,|c|o|l|d| |f|i|s|s|i|o|n| |w|e|b|r|e|n|d|e|r|,102210fe594ee9b33d82058545b1ed14f4c8206e,LastVisualChange,cnn,True,cnn LastVisualChange opt cold fission webrender,,77,ms,firefox,456531790,3887214,2024-05-01T07:50:28,1969.7,287f670c824ebf9c8dbde990f795f92c94af4882,1419058
autoland,3869862,13,ffaba559b8f75178eed537731f258b1129b7fe97,linux1804-64-shippable-qr,True,False,,|c|o|l|d| |f|i|s|s|i|o|n| |w|e|b|r|e|n|d|e|r|,102210fe594ee9b33d82058545b1ed14f4c8206e,LastVisualChange,cnn,True,cnn LastVisualChange opt cold fission webrender,,77,ms,firefox,456579001,4083168,2024-05-01T18:27:07,1952.4,0c09216614e40f92d253d63a3699eb680be6773a,1419281
autoland,3869862,13,ffaba559b8f75178eed537731f258b1129b7fe97,linux1804-64-shippable-qr,True,False,,|c|o|l|d| |f|i|s|s|i|o|n| |w|e|b|r|e|n|d|e|r|,102210fe594ee9b33d82058545b1ed14f4c8206e,LastVisualChange,cnn,True,cnn LastVisualChange opt cold fission webrender,,77,ms,firefox,456596119,4172766,2024-05-01T20:27:27,2048.2,b8f4a7d4d873dccbf25b9bc2f3510753c2b3fde7,1419379
autoland,3869862,13,ffaba559b8f75178eed537731f258b1129b7fe97,linux1804-64-shippable-qr,True,False,,|c|o|l|d| |f|i|s|s|i|o|n| |w|e|b|r|e|n|d|e|r|,102210fe594ee9b33d82058545b1ed14f4c8206e,LastVisualChange,cnn,True,cnn LastVisualChange opt cold fission webrender,,77,ms,firefox,456635700,4379440,2024-05-01T22:41:28,1952.2,c20a8162786c1c65c5f6de523fe04ed01e365e70,1419434
autoland,3869862,13,ffaba559b8f75178eed537731f258b1129b7fe97,linux1804-64-shippable-qr,True,False,,|c|o|l|d| |f|i|s|s|i|o|n| |w|e|b|r|e|n|d|e|r|,102210fe594ee9b33d82058545b1ed14f4c8206e,LastVisualChange,cnn,True,cnn LastVisualChange opt cold fission webrender,,77,ms,firefox,456635955,4449503,2024-05-01T22:42:15,1973.4,cc7310ddf9a3d299491efc7c2b1279cef8b05ae7,1419435
autoland,3869862,13,ffaba559b8f75178eed537731f258b1129b7fe97,linux1804-64-shippable-qr,True,False,,|c|o|l|d| |f|i|s|s|i|o|n| |w|e|b|r|e|n|d|e|r|,102210fe594ee9b33d82058545b1ed14f4c8206e,LastVisualChange,cnn,True,cnn LastVisualChange opt cold fission webrender,,77,ms,firefox,456635821,4430701,2024-05-01T22:43:04,1942.7,f873ea171aa0a79e19d6d38f0801893b0fb7127f,1419437
autoland,3869862,13,ffaba559b8f75178eed537731f258b1129b7fe97,linux1804-64-shippable-qr,True,False,,|c|o|l|d| |f|i|s|s|i|o|n| |w|e|b|r|e|n|d|e|r|,102210fe594ee9b33d82058545b1ed14f4c8206e,LastVisualChange,cnn,True,cnn LastVisualChange opt cold fission webrender,,77,ms,firefox,456615658,4297277,2024-05-01T23:13:57,2037.8,533fbd9c5056d0b2611e332cddafd7337193d64f,1419453
autoland,3869862,13,ffaba559b8f75178eed537731f258b1129b7fe97,linux1804-64-shippable-qr,True,False,,|c|o|l|d| |f|i|s|s|i|o|n| |w|e|b|r|e|n|d|e|r|,102210fe594ee9b33d82058545b1ed14f4c8206e,LastVisualChange,cnn,True,cnn LastVisualChange opt cold fission webrender,,77,ms,firefox,456635293,4360266,2024-05-02T04:22:12,1963.0,dda5d5286866494223d6cc52382d52032d961218,1419529
autoland,3869862,13,ffaba559b8f75178eed537731f258b1129b7fe97,linux1804-64-shippable-qr,True,False,,|c|o|l|d| |f|i|s|s|i|o|n| |w|e|b|r|e|n|d|e|r|,102210fe594ee9b33d82058545b1ed14f4c8206e,LastVisualChange,cnn,True,cnn LastVisualChange opt cold fission webrender,,77,ms,firefox,456659630,4557451,2024-05-02T08:48:43,1981.4,8f1e622a3413df009913d856f603c77b8e637efc,1419618
autoland,3869862,13,ffaba559b8f75178eed537731f258b1129b7fe97,linux1804-64-shippable-qr,True,False,,|c|o|l|d| |f|i|s|s|i|o|n| |w|e|b|r|e|n|d|e|r|,102210fe594ee9b33d82058545b1ed14f4c8206e,LastVisualChange,cnn,True,cnn LastVisualChange opt cold fission webrender,,77,ms,firefox,456698453,4798156,2024-05-02T12:53:32,1982.4,ea25d02dac47e6880ab5b936adc308c24cbeab32,1419765
autoland,3869862,13,ffaba559b8f75178eed537731f258b1129b7fe97,linux1804-64-shippable-qr,True,False,,|c|o|l|d| |f|i|s|s|i|o|n| |w|e|b|r|e|n|d|e|r|,102210fe594ee9b33d82058545b1ed14f4c8206e,LastVisualChange,cnn,True,cnn LastVisualChange opt cold fission webrender,,77,ms,firefox,456720810,4882213,2024-05-02T15:44:03,2030.1,91cfcfc5935b5ac51c36c1a08a064c33a2d96fd5,1419950
autoland,3869862,13,ffaba559b8f75178eed537731f258b1129b7fe97,linux1804-64-shippable-qr,True,False,,|c|o|l|d| |f|i|s|s|i|o|n| |w|e|b|r|e|n|d|e|r|,102210fe594ee9b33d82058545b1ed14f4c8206e,LastVisualChange,cnn,True,cnn LastVisualChange opt cold fission webrender,,77,ms,firefox,456738052,4974876,2024-05-02T17:57:36,1964.5,3a0b95c0a8b3e334c5811a26420f39aaba7e5be3,1420053
autoland,3869862,13,ffaba559b8f75178eed537731f258b1129b7fe97,linux1804-64-shippable-qr,True,False,,|c|o|l|d| |f|i|s|s|i|o|n| |w|e|b|r|e|n|d|e|r|,102210fe594ee9b33d82058545b1ed14f4c8206e,LastVisualChange,cnn,True,cnn LastVisualChange opt cold fission webrender,,77,ms,firefox,456779314,5157729,2024-05-02T23:51:01,1972.9,f5cfc0ea73926b119ca193381efffbfa5859d867,1420328
autoland,3869862,13,ffaba559b8f75178eed537731f258b1129b7fe97,linux1804-64-shippable-qr,True,False,,|c|o|l|d| |f|i|s|s|i|o|n| |w|e|b|r|e|n|d|e|r|,102210fe594ee9b33d82058545b1ed14f4c8206e,LastVisualChange,cnn,True,cnn LastVisualChange opt cold fission webrender,,77,ms,firefox,456789245,5226762,2024-05-03T04:04:06,1965.9,c5c13444d9afc38f2ee8d567a1a17f26a9b6659b,1420386
autoland,3869862,13,ffaba559b8f75178eed537731f258b1129b7fe97,linux1804-64-shippable-qr,True,False,,|c|o|l|d| |f|i|s|s|i|o|n| |w|e|b|r|e|n|d|e|r|,102210fe594ee9b33d82058545b1ed14f4c8206e,LastVisualChange,cnn,True,cnn LastVisualChange opt cold fission webrender,,77,ms,firefox,456818475,5402306,2024-05-03T08:10:40,1991.8,fd534101970b397f34b099196fabc43b927c7fcf,1420452
autoland,3869862,13,ffaba559b8f75178eed537731f258b1129b7fe97,linux1804-64-shippable-qr,True,False,,|c|o|l|d| |f|i|s|s|i|o|n| |w|e|b|r|e|n|d|e|r|,102210fe594ee9b33d82058545b1ed14f4c8206e,LastVisualChange,cnn,True,cnn LastVisualChange opt cold fission webrender,,77,ms,firefox,456849328,5529591,2024-05-03T12:18:12,1988.3,e91d8e436dcc57f87d15822b1dc5b12644cb980e,1420590
autoland,3869862,13,ffaba559b8f75178eed537731f258b1129b7fe97,linux1804-64-shippable-qr,True,False,,|c|o|l|d| |f|i|s|s|i|o|n| |w|e|b|r|e|n|d|e|r|,102210fe594ee9b33d82058545b1ed14f4c8206e,LastVisualChange,cnn,True,cnn LastVisualChange opt cold fission webrender,,77,ms,firefox,456941003,6131343,2024-05-03T14:27:41,1984.1,e3c2a1a1c6f49f351ee44f96a5a16f7ba91bd9ea,1420712
autoland,3869862,13,ffaba559b8f75178eed537731f258b1129b7fe97,linux1804-64-shippable-qr,True,False,,|c|o|l|d| |f|i|s|s|i|o|n| |w|e|b|r|e|n|d|e|r|,102210fe594ee9b33d82058545b1ed14f4c8206e,LastVisualChange,cnn,True,cnn LastVisualChange opt cold fission webrender,,77,ms,firefox,456940889,6127522,2024-05-03T14:31:38,1929.6,e22820789eaab8ed7ab2e189a831c85a008f0f58,1420719
autoland,3869862,13,ffaba559b8f75178eed537731f258b1129b7fe97,linux1804-64-shippable-qr,True,False,,|c|o|l|d| |f|i|s|s|i|o|n| |w|e|b|r|e|n|d|e|r|,102210fe594ee9b33d82058545b1ed14f4c8206e,LastVisualChange,cnn,True,cnn LastVisualChange opt cold fission webrender,,77,ms,firefox,456887273,5770311,2024-05-03T16:29:14,1974.6,0a8a8f84140a331e815f8520a76a3c928e4486ea,1420823
autoland,3869862,13,ffaba559b8f75178eed537731f258b1129b7fe97,linux1804-64-shippable-qr,True,False,,|c|o|l|d| |f|i|s|s|i|o|n| |w|e|b|r|e|n|d|e|r|,102210fe594ee9b33d82058545b1ed14f4c8206e,LastVisualChange,cnn,True,cnn LastVisualChange opt cold fission webrender,,77,ms,firefox,456907927,5920431,2024-05-03T19:41:01,1968.8,1e88e24f01e40c6d9b7e3f222f4fbb0d55c9639d,1420975
autoland,3869862,13,ffaba559b8f75178eed537731f258b1129b7fe97,linux1804-64-shippable-qr,True,False,,|c|o|l|d| |f|i|s|s|i|o|n| |w|e|b|r|e|n|d|e|r|,102210fe594ee9b33d82058545b1ed14f4c8206e,LastVisualChange,cnn,True,cnn LastVisualChange opt cold fission webrender,,77,ms,firefox,456934503,6076658,2024-05-04T00:06:35,1964.2,b5ebcaf20c9cca5a0f4b965c398f0f26296df1b5,1421120
autoland,3869862,13,ffaba559b8f75178eed537731f258b1129b7fe97,linux1804-64-shippable-qr,True,False,,|c|o|l|d| |f|i|s|s|i|o|n| |w|e|b|r|e|n|d|e|r|,102210fe594ee9b33d82058545b1ed14f4c8206e,LastVisualChange,cnn,True,cnn LastVisualChange opt cold fission webrender,,77,ms,firefox,456960040,6276214,2024-05-04T09:19:48,1938.1,a546ec29a8018c8e98e738460e9bdfd5d4003690,1421174
autoland,3869862,13,ffaba559b8f75178eed537731f258b1129b7fe97,linux1804-64-shippable-qr,True,False,,|c|o|l|d| |f|i|s|s|i|o|n| |w|e|b|r|e|n|d|e|r|,102210fe594ee9b33d82058545b1ed14f4c8206e,LastVisualChange,cnn,True,cnn LastVisualChange opt cold fission webrender,,77,ms,firefox,456979618,6356315,2024-05-04T19:44:42,1956.5,422a6a673019bc0e2dfd459eceee9594246a0a9d,1421318
autoland,3869862,13,ffaba559b8f75178eed537731f258b1129b7fe97,linux1804-64-shippable-qr,True,False,,|c|o|l|d| |f|i|s|s|i|o|n| |w|e|b|r|e|n|d|e|r|,102210fe594ee9b33d82058545b1ed14f4c8206e,LastVisualChange,cnn,True,cnn LastVisualChange opt cold fission webrender,,77,ms,firefox,456996232,6414294,2024-05-05T00:17:27,1959.9,1343ec609dea28acb4b297bebd481211e1742b11,1421344
autoland,3869862,13,ffaba559b8f75178eed537731f258b1129b7fe97,linux1804-64-shippable-qr,True,False,,|c|o|l|d| |f|i|s|s|i|o|n| |w|e|b|r|e|n|d|e|r|,102210fe594ee9b33d82058545b1ed14f4c8206e,LastVisualChange,cnn,True,cnn LastVisualChange opt cold fission webrender,,77,ms,firefox,457007720,6511346,2024-05-05T08:06:08,1970.3,5c3e0ef9b916432dfc42f800c3c7997f58ae5a63,1421422
autoland,3869862,13,ffaba559b8f75178eed537731f258b1129b7fe97,linux1804-64-shippable-qr,True,False,,|c|o|l|d| |f|i|s|s|i|o|n| |w|e|b|r|e|n|d|e|r|,102210fe594ee9b33d82058545b1ed14f4c8206e,LastVisualChange,cnn,True,cnn LastVisualChange opt cold fission webrender,,77,ms,firefox,457031373,6618300,2024-05-05T13:09:56,1977.4,286a373804e5360a54d51ec691ba7bfd02def155,1421444
autoland,3869862,13,ffaba559b8f75178eed537731f258b1129b7fe97,linux1804-64-shippable-qr,True,False,,|c|o|l|d| |f|i|s|s|i|o|n| |w|e|b|r|e|n|d|e|r|,102210fe594ee9b33d82058545b1ed14f4c8206e,LastVisualChange,cnn,True,cnn LastVisualChange opt cold fission webrender,,77,ms,firefox,457036446,6677620,2024-05-05T17:38:00,2017.6,a6cb5ac7a79af000e99bf48f04ecb2943fcd3c68,1421459
autoland,3869862,13,ffaba559b8f75178eed537731f258b1129b7fe97,linux1804-64-shippable-qr,True,False,,|c|o|l|d| |f|i|s|s|i|o|n| |w|e|b|r|e|n|d|e|r|,102210fe594ee9b33d82058545b1ed14f4c8206e,LastVisualChange,cnn,True,cnn LastVisualChange opt cold fission webrender,,77,ms,firefox,457054466,6767096,2024-05-05T22:09:52,1989.4,ea67e3b59c22cea8a2c797ce9a6608d3ddeaeca9,1421479
autoland,3869862,13,ffaba559b8f75178eed537731f258b1129b7fe97,linux1804-64-shippable-qr,True,False,,|c|o|l|d| |f|i|s|s|i|o|n| |w|e|b|r|e|n|d|e|r|,102210fe594ee9b33d82058545b1ed14f4c8206e,LastVisualChange,cnn,True,cnn LastVisualChange opt cold fission webrender,,77,ms,firefox,457060375,6826604,2024-05-06T03:19:39,1966.3,ab041350c7569b831b00994a96625b9354dcf6b6,1421502
autoland,3869862,13,ffaba559b8f75178eed537731f258b1129b7fe97,linux1804-64-shippable-qr,True,False,,|c|o|l|d| |f|i|s|s|i|o|n| |w|e|b|r|e|n|d|e|r|,102210fe594ee9b33d82058545b1ed14f4c8206e,LastVisualChange,cnn,True,cnn LastVisualChange opt cold fission webrender,,77,ms,firefox,457220233,7545598,2024-05-06T03:26:48,1999.5,35d94430dcd939821a6eb019d739ae0d4077b831,1421504
autoland,3869862,13,ffaba559b8f75178eed537731f258b1129b7fe97,linux1804-64-shippable-qr,True,False,,|c|o|l|d| |f|i|s|s|i|o|n| |w|e|b|r|e|n|d|e|r|,102210fe594ee9b33d82058545b1ed14f4c8206e,LastVisualChange,cnn,True,cnn LastVisualChange opt cold fission webrender,,77,ms,firefox,457069540,6889824,2024-05-06T07:31:35,1972.9,65e120a9c1dcb9c8f1c8930e808b03aa149eaf40,1421524
autoland,3869862,13,ffaba559b8f75178eed537731f258b1129b7fe97,linux1804-64-shippable-qr,True,False,,|c|o|l|d| |f|i|s|s|i|o|n| |w|e|b|r|e|n|d|e|r|,102210fe594ee9b33d82058545b1ed14f4c8206e,LastVisualChange,cnn,True,cnn LastVisualChange opt cold fission webrender,,77,ms,firefox,457100929,7029638,2024-05-06T11:33:14,1963.7,13b26e8e0e39998b30b388bb6f5d84c0e8067c03,1421623
autoland,3869862,13,ffaba559b8f75178eed537731f258b1129b7fe97,linux1804-64-shippable-qr,True,False,,|c|o|l|d| |f|i|s|s|i|o|n| |w|e|b|r|e|n|d|e|r|,102210fe594ee9b33d82058545b1ed14f4c8206e,LastVisualChange,cnn,True,cnn LastVisualChange opt cold fission webrender,,77,ms,firefox,457131610,7159908,2024-05-06T15:35:21,1986.6,26e8012d5da938871783505e3753b681ab8cb186,1421812
autoland,3869862,13,ffaba559b8f75178eed537731f258b1129b7fe97,linux1804-64-shippable-qr,True,False,,|c|o|l|d| |f|i|s|s|i|o|n| |w|e|b|r|e|n|d|e|r|,102210fe594ee9b33d82058545b1ed14f4c8206e,LastVisualChange,cnn,True,cnn LastVisualChange opt cold fission webrender,,77,ms,firefox,457150154,7246140,2024-05-06T17:44:25,1983.0,eb10b86b18adfc70952409e13993f834d33fa099,1421908
autoland,3869862,13,ffaba559b8f75178eed537731f258b1129b7fe97,linux1804-64-shippable-qr,True,False,,|c|o|l|d| |f|i|s|s|i|o|n| |w|e|b|r|e|n|d|e|r|,102210fe594ee9b33d82058545b1ed14f4c8206e,LastVisualChange,cnn,True,cnn LastVisualChange opt cold fission webrender,,77,ms,firefox,457174437,7337288,2024-05-06T20:39:16,2015.8,4c7b1942b455d9c365693e5584f7ea86c5b33615,1422073
autoland,3869862,13,ffaba559b8f75178eed537731f258b1129b7fe97,linux1804-64-shippable-qr,True,False,,|c|o|l|d| |f|i|s|s|i|o|n| |w|e|b|r|e|n|d|e|r|,102210fe594ee9b33d82058545b1ed14f4c8206e,LastVisualChange,cnn,True,cnn LastVisualChange opt cold fission webrender,,77,ms,firefox,457211012,7492919,2024-05-07T01:41:54,1988.6,945bbd356b57424bcdb359e6d88c48cd03ff2c10,1422278
autoland,3869862,13,ffaba559b8f75178eed537731f258b1129b7fe97,linux1804-64-shippable-qr,True,False,,|c|o|l|d| |f|i|s|s|i|o|n| |w|e|b|r|e|n|d|e|r|,102210fe594ee9b33d82058545b1ed14f4c8206e,LastVisualChange,cnn,True,cnn LastVisualChange opt cold fission webrender,,77,ms,firefox,457224746,7574516,2024-05-07T06:04:59,1965.4,80150ac16109a11457c3103e68bf1c7ac29270c0,1422341
autoland,3869862,13,ffaba559b8f75178eed537731f258b1129b7fe97,linux1804-64-shippable-qr,True,False,,|c|o|l|d| |f|i|s|s|i|o|n| |w|e|b|r|e|n|d|e|r|,102210fe594ee9b33d82058545b1ed14f4c8206e,LastVisualChange,cnn,True,cnn LastVisualChange opt cold fission webrender,,77,ms,firefox,457281220,7799765,2024-05-07T10:41:19,1957.2,641e15621e7bd2e0e8a2fab82d2b9838e386c3c4,1422484
autoland,3869862,13,ffaba559b8f75178eed537731f258b1129b7fe97,linux1804-64-shippable-qr,True,False,,|c|o|l|d| |f|i|s|s|i|o|n| |w|e|b|r|e|n|d|e|r|,102210fe594ee9b33d82058545b1ed14f4c8206e,LastVisualChange,cnn,True,cnn LastVisualChange opt cold fission webrender,,77,ms,firefox,457313752,7936609,2024-05-07T14:42:49,1916.6,0041f761ddff5c598852d2b5cc41772a3a11cd0b,1422671
autoland,3869862,13,ffaba559b8f75178eed537731f258b1129b7fe97,linux1804-64-shippable-qr,True,False,,|c|o|l|d| |f|i|s|s|i|o|n| |w|e|b|r|e|n|d|e|r|,102210fe594ee9b33d82058545b1ed14f4c8206e,LastVisualChange,cnn,True,cnn LastVisualChange opt cold fission webrender,,77,ms,firefox,457345624,8117185,2024-05-07T18:25:44,1969.7,425b44586178edae02872c1fbc0220a0b4ff4c1d,1422943
autoland,3869862,13,ffaba559b8f75178eed537731f258b1129b7fe97,linux1804-64-shippable-qr,True,False,,|c|o|l|d| |f|i|s|s|i|o|n| |w|e|b|r|e|n|d|e|r|,102210fe594ee9b33d82058545b1ed14f4c8206e,LastVisualChange,cnn,True,cnn LastVisualChange opt cold fission webrender,,77,ms,firefox,457371937,8308760,2024-05-07T22:14:58,1965.9,149e752fdb3fa75a3a02f55e7c7c91f7f704cf8a,1423124
autoland,3869862,13,ffaba559b8f75178eed537731f258b1129b7fe97,linux1804-64-shippable-qr,True,False,,|c|o|l|d| |f|i|s|s|i|o|n| |w|e|b|r|e|n|d|e|r|,102210fe594ee9b33d82058545b1ed14f4c8206e,LastVisualChange,cnn,True,cnn LastVisualChange opt cold fission webrender,,77,ms,firefox,457408930,8463200,2024-05-08T04:41:52,1968.9,a0b3e2669a2dc49c467521cb9b7966ca05e3dbc3,1423269
autoland,3869862,13,ffaba559b8f75178eed537731f258b1129b7fe97,linux1804-64-shippable-qr,True,False,,|c|o|l|d| |f|i|s|s|i|o|n| |w|e|b|r|e|n|d|e|r|,102210fe594ee9b33d82058545b1ed14f4c8206e,LastVisualChange,cnn,True,cnn LastVisualChange opt cold fission webrender,,77,ms,firefox,457421182,8529472,2024-05-08T08:48:11,1957.5,bec816ef2f2c29ed86b08bb592d6283618418e16,1423316
autoland,3869862,13,ffaba559b8f75178eed537731f258b1129b7fe97,linux1804-64-shippable-qr,True,False,,|c|o|l|d| |f|i|s|s|i|o|n| |w|e|b|r|e|n|d|e|r|,102210fe594ee9b33d82058545b1ed14f4c8206e,LastVisualChange,cnn,True,cnn LastVisualChange opt cold fission webrender,,77,ms,firefox,457466549,8708190,2024-05-08T13:09:13,2043.9,ed7b6f65910afcd687ef5aaa25605666805796bb,1423417
autoland,3869862,13,ffaba559b8f75178eed537731f258b1129b7fe97,linux1804-64-shippable-qr,True,False,,|c|o|l|d| |f|i|s|s|i|o|n| |w|e|b|r|e|n|d|e|r|,102210fe594ee9b33d82058545b1ed14f4c8206e,LastVisualChange,cnn,True,cnn LastVisualChange opt cold fission webrender,,77,ms,firefox,457481731,8777733,2024-05-08T15:06:56,1950.3,1ebb69c4b2f06a5c589775b3bb2855e58164a487,1423517
autoland,3869862,13,ffaba559b8f75178eed537731f258b1129b7fe97,linux1804-64-shippable-qr,True,False,,|c|o|l|d| |f|i|s|s|i|o|n| |w|e|b|r|e|n|d|e|r|,102210fe594ee9b33d82058545b1ed14f4c8206e,LastVisualChange,cnn,True,cnn LastVisualChange opt cold fission webrender,,77,ms,firefox,457503834,8907783,2024-05-08T18:58:38,1969.7,c07ec5ce9aa1d890134ffb93e07d7d0335f27378,1423722
autoland,3869862,13,ffaba559b8f75178eed537731f258b1129b7fe97,linux1804-64-shippable-qr,True,False,,|c|o|l|d| |f|i|s|s|i|o|n| |w|e|b|r|e|n|d|e|r|,102210fe594ee9b33d82058545b1ed14f4c8206e,LastVisualChange,cnn,True,cnn LastVisualChange opt cold fission webrender,,77,ms,firefox,457542114,9090262,2024-05-08T23:49:41,1965.0,01861e5e1b98806940ababc254bb686f52623b40,1423919
autoland,3869862,13,ffaba559b8f75178eed537731f258b1129b7fe97,linux1804-64-shippable-qr,True,False,,|c|o|l|d| |f|i|s|s|i|o|n| |w|e|b|r|e|n|d|e|r|,102210fe594ee9b33d82058545b1ed14f4c8206e,LastVisualChange,cnn,True,cnn LastVisualChange opt cold fission webrender,,77,ms,firefox,457556672,9166358,2024-05-09T04:11:38,1938.2,c0f58fd74e56b24f67fccae08097d151e21a0f80,1423993
autoland,3869862,13,ffaba559b8f75178eed537731f258b1129b7fe97,linux1804-64-shippable-qr,True,False,,|c|o|l|d| |f|i|s|s|i|o|n| |w|e|b|r|e|n|d|e|r|,102210fe594ee9b33d82058545b1ed14f4c8206e,LastVisualChange,cnn,True,cnn LastVisualChange opt cold fission webrender,,77,ms,firefox,457571312,9280088,2024-05-09T08:49:31,1990.6,92274e732410e980f3458a3c592415924a307260,1424041
autoland,3869862,13,ffaba559b8f75178eed537731f258b1129b7fe97,linux1804-64-shippable-qr,True,False,,|c|o|l|d| |f|i|s|s|i|o|n| |w|e|b|r|e|n|d|e|r|,102210fe594ee9b33d82058545b1ed14f4c8206e,LastVisualChange,cnn,True,cnn LastVisualChange opt cold fission webrender,,77,ms,firefox,457601596,9405525,2024-05-09T13:14:57,1947.9,63503ccafb0395402807ed1da634fa38b3e626ce,1424113
autoland,3869862,13,ffaba559b8f75178eed537731f258b1129b7fe97,linux1804-64-shippable-qr,True,False,,|c|o|l|d| |f|i|s|s|i|o|n| |w|e|b|r|e|n|d|e|r|,102210fe594ee9b33d82058545b1ed14f4c8206e,LastVisualChange,cnn,True,cnn LastVisualChange opt cold fission webrender,,77,ms,firefox,457679543,9781038,2024-05-09T15:01:31,1929.4,9d36e2074dc3cced4c694ec605d53f3a5c18380b,1424168
autoland,3869862,13,ffaba559b8f75178eed537731f258b1129b7fe97,linux1804-64-shippable-qr,True,False,,|c|o|l|d| |f|i|s|s|i|o|n| |w|e|b|r|e|n|d|e|r|,102210fe594ee9b33d82058545b1ed14f4c8206e,LastVisualChange,cnn,True,cnn LastVisualChange opt cold fission webrender,,77,ms,firefox,457678594,9767413,2024-05-09T15:07:47,1945.0,d4ef5f3b9858b11672fe4c93318e3b5e878f8afd,1424170
autoland,3869862,13,ffaba559b8f75178eed537731f258b1129b7fe97,linux1804-64-shippable-qr,True,False,,|c|o|l|d| |f|i|s|s|i|o|n| |w|e|b|r|e|n|d|e|r|,102210fe594ee9b33d82058545b1ed14f4c8206e,LastVisualChange,cnn,True,cnn LastVisualChange opt cold fission webrender,,77,ms,firefox,457627539,9519903,2024-05-09T16:49:06,1927.9,8f49349eeb0ec5df0e1dd3ddd98423138921a029,1424236
autoland,3869862,13,ffaba559b8f75178eed537731f258b1129b7fe97,linux1804-64-shippable-qr,True,False,,|c|o|l|d| |f|i|s|s|i|o|n| |w|e|b|r|e|n|d|e|r|,102210fe594ee9b33d82058545b1ed14f4c8206e,LastVisualChange,cnn,True,cnn LastVisualChange opt cold fission webrender,,77,ms,firefox,457677584,9760997,2024-05-09T16:59:37,2055.7,92d53efb67c7efa140ae3a92bf3b04dadc882c97,1424245
autoland,3869862,13,ffaba559b8f75178eed537731f258b1129b7fe97,linux1804-64-shippable-qr,True,False,,|c|o|l|d| |f|i|s|s|i|o|n| |w|e|b|r|e|n|d|e|r|,102210fe594ee9b33d82058545b1ed14f4c8206e,LastVisualChange,cnn,True,cnn LastVisualChange opt cold fission webrender,,77,ms,firefox,457673573,9716587,2024-05-10T01:48:09,1967.2,63c1eada944ca4fb581301f40dcf9f8c71a72faf,1424449
autoland,3869862,13,ffaba559b8f75178eed537731f258b1129b7fe97,linux1804-64-shippable-qr,True,False,,|c|o|l|d| |f|i|s|s|i|o|n| |w|e|b|r|e|n|d|e|r|,102210fe594ee9b33d82058545b1ed14f4c8206e,LastVisualChange,cnn,True,cnn LastVisualChange opt cold fission webrender,,77,ms,firefox,457682843,9801723,2024-05-10T06:24:19,1917.3,4df4e109202ff67836eaa61c66a7c65a2f712e11,1424496
autoland,3869862,13,ffaba559b8f75178eed537731f258b1129b7fe97,linux1804-64-shippable-qr,True,False,,|c|o|l|d| |f|i|s|s|i|o|n| |w|e|b|r|e|n|d|e|r|,102210fe594ee9b33d82058545b1ed14f4c8206e,LastVisualChange,cnn,True,cnn LastVisualChange opt cold fission webrender,,77,ms,firefox,457702167,9920110,2024-05-10T10:32:58,1965.2,16c706919fcf22df1fae8499d4c05d7c88de5109,1424596
autoland,3869862,13,ffaba559b8f75178eed537731f258b1129b7fe97,linux1804-64-shippable-qr,True,False,,|c|o|l|d| |f|i|s|s|i|o|n| |w|e|b|r|e|n|d|e|r|,102210fe594ee9b33d82058545b1ed14f4c8206e,LastVisualChange,cnn,True,cnn LastVisualChange opt cold fission webrender,,77,ms,firefox,457724686,10054510,2024-05-10T14:42:49,1968.0,77947807186b6fdeb6a22175f148b4de75f0c13f,1424715
autoland,3869862,13,ffaba559b8f75178eed537731f258b1129b7fe97,linux1804-64-shippable-qr,True,False,,|c|o|l|d| |f|i|s|s|i|o|n| |w|e|b|r|e|n|d|e|r|,102210fe594ee9b33d82058545b1ed14f4c8206e,LastVisualChange,cnn,True,cnn LastVisualChange opt cold fission webrender,,77,ms,firefox,457751543,10132484,2024-05-10T19:04:52,1963.6,b09dd768d80e3ba321a5db4a0d534ea0c5385465,1424880
autoland,3869862,13,ffaba559b8f75178eed537731f258b1129b7fe97,linux1804-64-shippable-qr,True,False,,|c|o|l|d| |f|i|s|s|i|o|n| |w|e|b|r|e|n|d|e|r|,102210fe594ee9b33d82058545b1ed14f4c8206e,LastVisualChange,cnn,True,cnn LastVisualChange opt cold fission webrender,,77,ms,firefox,457773775,10270512,2024-05-11T00:21:09,1951.2,b97e78c73256d2eb8509d13957dcc69a01a42524,1425017
autoland,3869862,13,ffaba559b8f75178eed537731f258b1129b7fe97,linux1804-64-shippable-qr,True,False,,|c|o|l|d| |f|i|s|s|i|o|n| |w|e|b|r|e|n|d|e|r|,102210fe594ee9b33d82058545b1ed14f4c8206e,LastVisualChange,cnn,True,cnn LastVisualChange opt cold fission webrender,,77,ms,firefox,457798684,10381306,2024-05-11T14:45:49,1982.2,bb523bc0c70b92a37aa40712e0a1943e32ed6292,1425080
autoland,3869862,13,ffaba559b8f75178eed537731f258b1129b7fe97,linux1804-64-shippable-qr,True,False,,|c|o|l|d| |f|i|s|s|i|o|n| |w|e|b|r|e|n|d|e|r|,102210fe594ee9b33d82058545b1ed14f4c8206e,LastVisualChange,cnn,True,cnn LastVisualChange opt cold fission webrender,,77,ms,firefox,457813778,10445855,2024-05-12T00:21:54,1941.3,6d2805dd61cb37ade292b230f9ffe14f956f1708,1425090
autoland,3869862,13,ffaba559b8f75178eed537731f258b1129b7fe97,linux1804-64-shippable-qr,True,False,,|c|o|l|d| |f|i|s|s|i|o|n| |w|e|b|r|e|n|d|e|r|,102210fe594ee9b33d82058545b1ed14f4c8206e,LastVisualChange,cnn,True,cnn LastVisualChange opt cold fission webrender,,77,ms,firefox,457837811,10539719,2024-05-12T16:46:56,1927.6,45d7400ced7eab36c5e094eabc83333b77bd5212,1425114
autoland,3869862,13,ffaba559b8f75178eed537731f258b1129b7fe97,linux1804-64-shippable-qr,True,False,,|c|o|l|d| |f|i|s|s|i|o|n| |w|e|b|r|e|n|d|e|r|,102210fe594ee9b33d82058545b1ed14f4c8206e,LastVisualChange,cnn,True,cnn LastVisualChange opt cold fission webrender,,77,ms,firefox,457857274,10621702,2024-05-13T00:18:21,1946.1,7d78cd997aff7a651b50b19b4a95117acc7fbd5e,1425138
autoland,3869862,13,ffaba559b8f75178eed537731f258b1129b7fe97,linux1804-64-shippable-qr,True,False,,|c|o|l|d| |f|i|s|s|i|o|n| |w|e|b|r|e|n|d|e|r|,102210fe594ee9b33d82058545b1ed14f4c8206e,LastVisualChange,cnn,True,cnn LastVisualChange opt cold fission webrender,,77,ms,firefox,457868142,10695058,2024-05-13T05:40:34,1947.8,028d6e7dae26137f7e83b675a467248c1b7e7459,1425171
autoland,3869862,13,ffaba559b8f75178eed537731f258b1129b7fe97,linux1804-64-shippable-qr,True,False,,|c|o|l|d| |f|i|s|s|i|o|n| |w|e|b|r|e|n|d|e|r|,102210fe594ee9b33d82058545b1ed14f4c8206e,LastVisualChange,cnn,True,cnn LastVisualChange opt cold fission webrender,,77,ms,firefox,457890661,10787649,2024-05-13T09:49:27,1920.7,1aba283a0c10087922e138bf0eb8169fe0fb0453,1425313
autoland,3869862,13,ffaba559b8f75178eed537731f258b1129b7fe97,linux1804-64-shippable-qr,True,False,,|c|o|l|d| |f|i|s|s|i|o|n| |w|e|b|r|e|n|d|e|r|,102210fe594ee9b33d82058545b1ed14f4c8206e,LastVisualChange,cnn,True,cnn LastVisualChange opt cold fission webrender,,77,ms,firefox,458025574,11484096,2024-05-13T10:51:04,1950.9,16fdae3f2a78cea0c953b52d4823cb3283e4929a,1425342
autoland,3869862,13,ffaba559b8f75178eed537731f258b1129b7fe97,linux1804-64-shippable-qr,True,False,,|c|o|l|d| |f|i|s|s|i|o|n| |w|e|b|r|e|n|d|e|r|,102210fe594ee9b33d82058545b1ed14f4c8206e,LastVisualChange,cnn,True,cnn LastVisualChange opt cold fission webrender,,77,ms,firefox,458035122,11574255,2024-05-13T11:25:39,1970.1,7318a203b7bf3c56cbfb7e0313033405b5dd1b7c,1425367
autoland,3869862,13,ffaba559b8f75178eed537731f258b1129b7fe97,linux1804-64-shippable-qr,True,False,,|c|o|l|d| |f|i|s|s|i|o|n| |w|e|b|r|e|n|d|e|r|,102210fe594ee9b33d82058545b1ed14f4c8206e,LastVisualChange,cnn,True,cnn LastVisualChange opt cold fission webrender,,77,ms,firefox,457927571,10949595,2024-05-13T13:39:35,1934.1,b6d210063e2361ddf8016764d5686fb759cdc959,1425441
autoland,3869862,13,ffaba559b8f75178eed537731f258b1129b7fe97,linux1804-64-shippable-qr,True,False,,|c|o|l|d| |f|i|s|s|i|o|n| |w|e|b|r|e|n|d|e|r|,102210fe594ee9b33d82058545b1ed14f4c8206e,LastVisualChange,cnn,True,cnn LastVisualChange opt cold fission webrender,,77,ms,firefox,457951675,11096868,2024-05-13T16:41:34,1947.5,08e4ca828755427c47e151c8afc2cec380e31a9e,1425593
autoland,3869862,13,ffaba559b8f75178eed537731f258b1129b7fe97,linux1804-64-shippable-qr,True,False,,|c|o|l|d| |f|i|s|s|i|o|n| |w|e|b|r|e|n|d|e|r|,102210fe594ee9b33d82058545b1ed14f4c8206e,LastVisualChange,cnn,True,cnn LastVisualChange opt cold fission webrender,,77,ms,firefox,458034706,11574313,2024-05-13T16:52:21,1954.1,f2f5cbd245be4377bbc80e3f38656d9d153b268c,1425602
autoland,3869862,13,ffaba559b8f75178eed537731f258b1129b7fe97,linux1804-64-shippable-qr,True,False,,|c|o|l|d| |f|i|s|s|i|o|n| |w|e|b|r|e|n|d|e|r|,102210fe594ee9b33d82058545b1ed14f4c8206e,LastVisualChange,cnn,True,cnn LastVisualChange opt cold fission webrender,,77,ms,firefox,458036613,11597461,2024-05-13T16:52:21,1972.6,f2f5cbd245be4377bbc80e3f38656d9d153b268c,1425602
autoland,3869862,13,ffaba559b8f75178eed537731f258b1129b7fe97,linux1804-64-shippable-qr,True,False,,|c|o|l|d| |f|i|s|s|i|o|n| |w|e|b|r|e|n|d|e|r|,102210fe594ee9b33d82058545b1ed14f4c8206e,LastVisualChange,cnn,True,cnn LastVisualChange opt cold fission webrender,,77,ms,firefox,458034583,11555085,2024-05-13T16:53:13,1949.0,40766d50ef1f07d0598cba24fb616f62edc438ac,1425603
autoland,3869862,13,ffaba559b8f75178eed537731f258b1129b7fe97,linux1804-64-shippable-qr,True,False,,|c|o|l|d| |f|i|s|s|i|o|n| |w|e|b|r|e|n|d|e|r|,102210fe594ee9b33d82058545b1ed14f4c8206e,LastVisualChange,cnn,True,cnn LastVisualChange opt cold fission webrender,,77,ms,firefox,457989807,11290818,2024-05-13T20:35:48,1968.3,080acbd234b3d95bed203c9e575f7841db819f01,1425765
autoland,3869862,13,ffaba559b8f75178eed537731f258b1129b7fe97,linux1804-64-shippable-qr,True,False,,|c|o|l|d| |f|i|s|s|i|o|n| |w|e|b|r|e|n|d|e|r|,102210fe594ee9b33d82058545b1ed14f4c8206e,LastVisualChange,cnn,True,cnn LastVisualChange opt cold fission webrender,,77,ms,firefox,458008024,11397593,2024-05-13T23:27:47,1948.0,7dcf45990771541f86bb277f9bb02a5eed4fea03,1425894
autoland,3869862,13,ffaba559b8f75178eed537731f258b1129b7fe97,linux1804-64-shippable-qr,True,False,,|c|o|l|d| |f|i|s|s|i|o|n| |w|e|b|r|e|n|d|e|r|,102210fe594ee9b33d82058545b1ed14f4c8206e,LastVisualChange,cnn,True,cnn LastVisualChange opt cold fission webrender,,77,ms,firefox,458026914,11494063,2024-05-14T03:39:07,1966.4,d16ac4c1714c9c7e11450a9e92c001aed043d0d4,1425986
autoland,3869862,13,ffaba559b8f75178eed537731f258b1129b7fe97,linux1804-64-shippable-qr,True,False,,|c|o|l|d| |f|i|s|s|i|o|n| |w|e|b|r|e|n|d|e|r|,102210fe594ee9b33d82058545b1ed14f4c8206e,LastVisualChange,cnn,True,cnn LastVisualChange opt cold fission webrender,,77,ms,firefox,458061929,11725200,2024-05-14T07:54:52,1962.0,f0390136ebbeef553f7b365c19300ce28d4179c4,1426102
autoland,3869862,13,ffaba559b8f75178eed537731f258b1129b7fe97,linux1804-64-shippable-qr,True,False,,|c|o|l|d| |f|i|s|s|i|o|n| |w|e|b|r|e|n|d|e|r|,102210fe594ee9b33d82058545b1ed14f4c8206e,LastVisualChange,cnn,True,cnn LastVisualChange opt cold fission webrender,,77,ms,firefox,458098519,11865244,2024-05-14T11:57:58,1951.6,8d7fe48731d96d8dd803d469596ddaca6cb5a0ec,1426247
autoland,3869862,13,ffaba559b8f75178eed537731f258b1129b7fe97,linux1804-64-shippable-qr,True,False,,|c|o|l|d| |f|i|s|s|i|o|n| |w|e|b|r|e|n|d|e|r|,102210fe594ee9b33d82058545b1ed14f4c8206e,LastVisualChange,cnn,True,cnn LastVisualChange opt cold fission webrender,,77,ms,firefox,458228913,12513419,2024-05-14T12:08:37,1921.7,aa4cc8bbfe9c32a380a31d15b6da015f0fd51304,1426260
autoland,3869862,13,ffaba559b8f75178eed537731f258b1129b7fe97,linux1804-64-shippable-qr,True,False,,|c|o|l|d| |f|i|s|s|i|o|n| |w|e|b|r|e|n|d|e|r|,102210fe594ee9b33d82058545b1ed14f4c8206e,LastVisualChange,cnn,True,cnn LastVisualChange opt cold fission webrender,,77,ms,firefox,458218307,12440521,2024-05-14T12:09:27,1951.8,9b24b8dd1c0d3a292ed570cda63c3d2845485d95,1426261
autoland,3869862,13,ffaba559b8f75178eed537731f258b1129b7fe97,linux1804-64-shippable-qr,True,False,,|c|o|l|d| |f|i|s|s|i|o|n| |w|e|b|r|e|n|d|e|r|,102210fe594ee9b33d82058545b1ed14f4c8206e,LastVisualChange,cnn,True,cnn LastVisualChange opt cold fission webrender,,77,ms,firefox,458124184,11971914,2024-05-14T15:33:27,1933.7,caca40032c919be5b69aade7259c79cecd91b1a2,1426417
autoland,3869862,13,ffaba559b8f75178eed537731f258b1129b7fe97,linux1804-64-shippable-qr,True,False,,|c|o|l|d| |f|i|s|s|i|o|n| |w|e|b|r|e|n|d|e|r|,102210fe594ee9b33d82058545b1ed14f4c8206e,LastVisualChange,cnn,True,cnn LastVisualChange opt cold fission webrender,,77,ms,firefox,458179154,12194602,2024-05-14T19:46:37,1957.0,b2c1906d3f6e950d783cb681442333a5cea96d8f,1426621
autoland,3869862,13,ffaba559b8f75178eed537731f258b1129b7fe97,linux1804-64-shippable-qr,True,False,,|c|o|l|d| |f|i|s|s|i|o|n| |w|e|b|r|e|n|d|e|r|,102210fe594ee9b33d82058545b1ed14f4c8206e,LastVisualChange,cnn,True,cnn LastVisualChange opt cold fission webrender,,77,ms,firefox,458227623,12485018,2024-05-14T19:55:28,1945.0,cce1550c6d6b888f47b0ab7a99253fe1acaef3fe,1426640
autoland,3869862,13,ffaba559b8f75178eed537731f258b1129b7fe97,linux1804-64-shippable-qr,True,False,,|c|o|l|d| |f|i|s|s|i|o|n| |w|e|b|r|e|n|d|e|r|,102210fe594ee9b33d82058545b1ed14f4c8206e,LastVisualChange,cnn,True,cnn LastVisualChange opt cold fission webrender,,77,ms,firefox,458218232,12434333,2024-05-14T19:56:33,2114.6,9a87a991201a96ddda1bfc28b2ecaf9958b93299,1426642
autoland,3869862,13,ffaba559b8f75178eed537731f258b1129b7fe97,linux1804-64-shippable-qr,True,False,,|c|o|l|d| |f|i|s|s|i|o|n| |w|e|b|r|e|n|d|e|r|,102210fe594ee9b33d82058545b1ed14f4c8206e,LastVisualChange,cnn,True,cnn LastVisualChange opt cold fission webrender,,77,ms,firefox,458229673,12540597,2024-05-14T19:57:34,1937.8,084a6c4681170efcf580d11f64c955f2e168fa51,1426645
autoland,3869862,13,ffaba559b8f75178eed537731f258b1129b7fe97,linux1804-64-shippable-qr,True,False,,|c|o|l|d| |f|i|s|s|i|o|n| |w|e|b|r|e|n|d|e|r|,102210fe594ee9b33d82058545b1ed14f4c8206e,LastVisualChange,cnn,True,cnn LastVisualChange opt cold fission webrender,,77,ms,firefox,458227747,12503151,2024-05-14T19:59:14,1935.6,e18d56080e0eebc2985259dc99bba7b87f5c080f,1426648
autoland,3869862,13,ffaba559b8f75178eed537731f258b1129b7fe97,linux1804-64-shippable-qr,True,False,,|c|o|l|d| |f|i|s|s|i|o|n| |w|e|b|r|e|n|d|e|r|,102210fe594ee9b33d82058545b1ed14f4c8206e,LastVisualChange,cnn,True,cnn LastVisualChange opt cold fission webrender,,77,ms,firefox,458229524,12532930,2024-05-14T19:59:14,1968.2,e18d56080e0eebc2985259dc99bba7b87f5c080f,1426648
autoland,3869862,13,ffaba559b8f75178eed537731f258b1129b7fe97,linux1804-64-shippable-qr,True,False,,|c|o|l|d| |f|i|s|s|i|o|n| |w|e|b|r|e|n|d|e|r|,102210fe594ee9b33d82058545b1ed14f4c8206e,LastVisualChange,cnn,True,cnn LastVisualChange opt cold fission webrender,,77,ms,firefox,458218103,12393118,2024-05-14T20:00:03,1953.8,a8d70625755ac2896838439d2b8fa1264e1c1a6e,1426649
autoland,3869862,13,ffaba559b8f75178eed537731f258b1129b7fe97,linux1804-64-shippable-qr,True,False,,|c|o|l|d| |f|i|s|s|i|o|n| |w|e|b|r|e|n|d|e|r|,102210fe594ee9b33d82058545b1ed14f4c8206e,LastVisualChange,cnn,True,cnn LastVisualChange opt cold fission webrender,,77,ms,firefox,458182355,12236821,2024-05-14T21:03:17,1926.2,9db188aa6dacbe8e499de5f808c00c672de477a3,1426701
autoland,3869862,13,ffaba559b8f75178eed537731f258b1129b7fe97,linux1804-64-shippable-qr,True,False,,|c|o|l|d| |f|i|s|s|i|o|n| |w|e|b|r|e|n|d|e|r|,102210fe594ee9b33d82058545b1ed14f4c8206e,LastVisualChange,cnn,True,cnn LastVisualChange opt cold fission webrender,,77,ms,firefox,458189619,12259441,2024-05-14T21:35:52,2030.2,8f2cbb280731a94a6c9281f99425c40858de6a3f,1426752
autoland,3869862,13,ffaba559b8f75178eed537731f258b1129b7fe97,linux1804-64-shippable-qr,True,False,,|c|o|l|d| |f|i|s|s|i|o|n| |w|e|b|r|e|n|d|e|r|,102210fe594ee9b33d82058545b1ed14f4c8206e,LastVisualChange,cnn,True,cnn LastVisualChange opt cold fission webrender,,77,ms,firefox,458219224,12454163,2024-05-15T03:28:49,1929.0,d1e48e814ff55a857965d9acb56baf1f3c5c1b9a,1426897
autoland,3869862,13,ffaba559b8f75178eed537731f258b1129b7fe97,linux1804-64-shippable-qr,True,False,,|c|o|l|d| |f|i|s|s|i|o|n| |w|e|b|r|e|n|d|e|r|,102210fe594ee9b33d82058545b1ed14f4c8206e,LastVisualChange,cnn,True,cnn LastVisualChange opt cold fission webrender,,77,ms,firefox,458237760,12582431,2024-05-15T05:56:14,1951.9,7a03e71dc0a13a5213cac25a053dd7ef56ea33ad,1426953
autoland,3869862,13,ffaba559b8f75178eed537731f258b1129b7fe97,linux1804-64-shippable-qr,True,False,,|c|o|l|d| |f|i|s|s|i|o|n| |w|e|b|r|e|n|d|e|r|,102210fe594ee9b33d82058545b1ed14f4c8206e,LastVisualChange,cnn,True,cnn LastVisualChange opt cold fission webrender,,77,ms,firefox,458274079,12697830,2024-05-15T10:31:04,1951.9,32e2d80f1703e05cced1b86c6a3fce6034763816,1427130
autoland,3869862,13,ffaba559b8f75178eed537731f258b1129b7fe97,linux1804-64-shippable-qr,True,False,,|c|o|l|d| |f|i|s|s|i|o|n| |w|e|b|r|e|n|d|e|r|,102210fe594ee9b33d82058545b1ed14f4c8206e,LastVisualChange,cnn,True,cnn LastVisualChange opt cold fission webrender,,77,ms,firefox,458311075,12789362,2024-05-15T12:49:26,1940.4,d0e5aee15a6aed29eb8bc65a0af90b963d967526,1427226
autoland,3869862,13,ffaba559b8f75178eed537731f258b1129b7fe97,linux1804-64-shippable-qr,True,False,,|c|o|l|d| |f|i|s|s|i|o|n| |w|e|b|r|e|n|d|e|r|,102210fe594ee9b33d82058545b1ed14f4c8206e,LastVisualChange,cnn,True,cnn LastVisualChange opt cold fission webrender,,77,ms,firefox,458336678,12885743,2024-05-15T16:49:59,1960.6,5859e06f261afa608d8033428609bdbd4bfab5fe,1427464
autoland,3869862,13,ffaba559b8f75178eed537731f258b1129b7fe97,linux1804-64-shippable-qr,True,False,,|c|o|l|d| |f|i|s|s|i|o|n| |w|e|b|r|e|n|d|e|r|,102210fe594ee9b33d82058545b1ed14f4c8206e,LastVisualChange,cnn,True,cnn LastVisualChange opt cold fission webrender,,77,ms,firefox,458353297,12955518,2024-05-15T19:23:39,1955.9,6459cc1b5bbf309f81d99ed4f39bb0017c58c872,1427624
autoland,3869862,13,ffaba559b8f75178eed537731f258b1129b7fe97,linux1804-64-shippable-qr,True,False,,|c|o|l|d| |f|i|s|s|i|o|n| |w|e|b|r|e|n|d|e|r|,102210fe594ee9b33d82058545b1ed14f4c8206e,LastVisualChange,cnn,True,cnn LastVisualChange opt cold fission webrender,,77,ms,firefox,458399128,13222780,2024-05-15T19:24:53,2016.8,248b14f0506708c405f6e50401182755a5fd09f0,1427626
autoland,3869862,13,ffaba559b8f75178eed537731f258b1129b7fe97,linux1804-64-shippable-qr,True,False,,|c|o|l|d| |f|i|s|s|i|o|n| |w|e|b|r|e|n|d|e|r|,102210fe594ee9b33d82058545b1ed14f4c8206e,LastVisualChange,cnn,True,cnn LastVisualChange opt cold fission webrender,,77,ms,firefox,458395801,13185415,2024-05-15T19:28:25,1944.1,fb53b5f266e24362eccdbee9066de46a5ce05fbd,1427629
autoland,3869862,13,ffaba559b8f75178eed537731f258b1129b7fe97,linux1804-64-shippable-qr,True,False,,|c|o|l|d| |f|i|s|s|i|o|n| |w|e|b|r|e|n|d|e|r|,102210fe594ee9b33d82058545b1ed14f4c8206e,LastVisualChange,cnn,True,cnn LastVisualChange opt cold fission webrender,,77,ms,firefox,458375615,13053334,2024-05-15T21:33:46,1937.6,4cf620b67822db457052e7baef70556c509161dc,1427719
autoland,3869862,13,ffaba559b8f75178eed537731f258b1129b7fe97,linux1804-64-shippable-qr,True,False,,|c|o|l|d| |f|i|s|s|i|o|n| |w|e|b|r|e|n|d|e|r|,102210fe594ee9b33d82058545b1ed14f4c8206e,LastVisualChange,cnn,True,cnn LastVisualChange opt cold fission webrender,,77,ms,firefox,458388888,13133394,2024-05-15T23:55:24,1951.0,886703fab6d0a65511ef1eb95df0b1dc134bfe90,1427802
autoland,3869862,13,ffaba559b8f75178eed537731f258b1129b7fe97,linux1804-64-shippable-qr,True,False,,|c|o|l|d| |f|i|s|s|i|o|n| |w|e|b|r|e|n|d|e|r|,102210fe594ee9b33d82058545b1ed14f4c8206e,LastVisualChange,cnn,True,cnn LastVisualChange opt cold fission webrender,,77,ms,firefox,458398409,13221595,2024-05-16T04:18:06,1922.8,1a3eb3733a05c61fee90fbd2325013c0b6672817,1427876
autoland,3869862,13,ffaba559b8f75178eed537731f258b1129b7fe97,linux1804-64-shippable-qr,True,False,,|c|o|l|d| |f|i|s|s|i|o|n| |w|e|b|r|e|n|d|e|r|,102210fe594ee9b33d82058545b1ed14f4c8206e,LastVisualChange,cnn,True,cnn LastVisualChange opt cold fission webrender,,77,ms,firefox,458421841,13309778,2024-05-16T08:25:07,1932.7,b2831e0fe4b6f9dfa55a63f1b3a010089037a20e,1427953
autoland,3869862,13,ffaba559b8f75178eed537731f258b1129b7fe97,linux1804-64-shippable-qr,True,False,,|c|o|l|d| |f|i|s|s|i|o|n| |w|e|b|r|e|n|d|e|r|,102210fe594ee9b33d82058545b1ed14f4c8206e,LastVisualChange,cnn,True,cnn LastVisualChange opt cold fission webrender,,77,ms,firefox,458467521,13483905,2024-05-16T12:27:23,2029.0,f956d7e03a822a09fbb84e9b474db8e0167095f1,1428125
autoland,3869862,13,ffaba559b8f75178eed537731f258b1129b7fe97,linux1804-64-shippable-qr,True,False,,|c|o|l|d| |f|i|s|s|i|o|n| |w|e|b|r|e|n|d|e|r|,102210fe594ee9b33d82058545b1ed14f4c8206e,LastVisualChange,cnn,True,cnn LastVisualChange opt cold fission webrender,,77,ms,firefox,458497847,13601057,2024-05-16T15:34:48,2005.8,0bf6bf2b89215ce4dfa2eec4b0f33414c25fb677,1428335
autoland,3869862,13,ffaba559b8f75178eed537731f258b1129b7fe97,linux1804-64-shippable-qr,True,False,,|c|o|l|d| |f|i|s|s|i|o|n| |w|e|b|r|e|n|d|e|r|,102210fe594ee9b33d82058545b1ed14f4c8206e,LastVisualChange,cnn,True,cnn LastVisualChange opt cold fission webrender,,77,ms,firefox,458567886,13995030,2024-05-16T17:23:26,1945.7,c89b2129d2000b53dde235060b1f7e72d4fa346b,1428432
autoland,3869862,13,ffaba559b8f75178eed537731f258b1129b7fe97,linux1804-64-shippable-qr,True,False,,|c|o|l|d| |f|i|s|s|i|o|n| |w|e|b|r|e|n|d|e|r|,102210fe594ee9b33d82058545b1ed14f4c8206e,LastVisualChange,cnn,True,cnn LastVisualChange opt cold fission webrender,,77,ms,firefox,458561109,13927380,2024-05-16T17:24:14,2005.1,511a3c753f6b5b14ba41c1c7153f1ab0a45ba2d6,1428435
autoland,3869862,13,ffaba559b8f75178eed537731f258b1129b7fe97,linux1804-64-shippable-qr,True,False,,|c|o|l|d| |f|i|s|s|i|o|n| |w|e|b|r|e|n|d|e|r|,102210fe594ee9b33d82058545b1ed14f4c8206e,LastVisualChange,cnn,True,cnn LastVisualChange opt cold fission webrender,,77,ms,firefox,458524977,13730656,2024-05-16T19:22:25,1948.1,3c10888bfd6a7774b3c7e7a7b0fef9861728b3d1,1428534
autoland,3869862,13,ffaba559b8f75178eed537731f258b1129b7fe97,linux1804-64-shippable-qr,True,False,,|c|o|l|d| |f|i|s|s|i|o|n| |w|e|b|r|e|n|d|e|r|,102210fe594ee9b33d82058545b1ed14f4c8206e,LastVisualChange,cnn,True,cnn LastVisualChange opt cold fission webrender,,77,ms,firefox,458568754,14019008,2024-05-16T19:48:08,1953.8,8ddf02897ed04c11ba426b61653cc631bd9a3dc7,1428547
autoland,3869862,13,ffaba559b8f75178eed537731f258b1129b7fe97,linux1804-64-shippable-qr,True,False,,|c|o|l|d| |f|i|s|s|i|o|n| |w|e|b|r|e|n|d|e|r|,102210fe594ee9b33d82058545b1ed14f4c8206e,LastVisualChange,cnn,True,cnn LastVisualChange opt cold fission webrender,,77,ms,firefox,458561277,13937797,2024-05-16T20:06:42,1918.1,ec4734833a47c41134ec59cf008700dfc04b68da,1428559
autoland,3869862,13,ffaba559b8f75178eed537731f258b1129b7fe97,linux1804-64-shippable-qr,True,False,,|c|o|l|d| |f|i|s|s|i|o|n| |w|e|b|r|e|n|d|e|r|,102210fe594ee9b33d82058545b1ed14f4c8206e,LastVisualChange,cnn,True,cnn LastVisualChange opt cold fission webrender,,77,ms,firefox,458549392,13860496,2024-05-16T23:54:47,1945.1,f8c3cb93acca412025e1f410c530193b416a488e,1428660
autoland,3869862,13,ffaba559b8f75178eed537731f258b1129b7fe97,linux1804-64-shippable-qr,True,False,,|c|o|l|d| |f|i|s|s|i|o|n| |w|e|b|r|e|n|d|e|r|,102210fe594ee9b33d82058545b1ed14f4c8206e,LastVisualChange,cnn,True,cnn LastVisualChange opt cold fission webrender,,77,ms,firefox,458575226,14060286,2024-05-17T06:23:39,1943.2,87127891d2401aaf9f6aa65bff25f9f6952131a2,1428776
autoland,3869862,13,ffaba559b8f75178eed537731f258b1129b7fe97,linux1804-64-shippable-qr,True,False,,|c|o|l|d| |f|i|s|s|i|o|n| |w|e|b|r|e|n|d|e|r|,102210fe594ee9b33d82058545b1ed14f4c8206e,LastVisualChange,cnn,True,cnn LastVisualChange opt cold fission webrender,,77,ms,firefox,458655936,14377886,2024-05-17T13:29:16,1931.7,76f8ca9a4f69b4a5c6c95975f31db9f94c534bb7,1429038
autoland,3869862,13,ffaba559b8f75178eed537731f258b1129b7fe97,linux1804-64-shippable-qr,True,False,,|c|o|l|d| |f|i|s|s|i|o|n| |w|e|b|r|e|n|d|e|r|,102210fe594ee9b33d82058545b1ed14f4c8206e,LastVisualChange,cnn,True,cnn LastVisualChange opt cold fission webrender,,77,ms,firefox,458713500,14702048,2024-05-17T16:12:53,1915.4,7ded188394893193d0e29a5ea7588e67e4f4c1fc,1429181
autoland,3869862,13,ffaba559b8f75178eed537731f258b1129b7fe97,linux1804-64-shippable-qr,True,False,,|c|o|l|d| |f|i|s|s|i|o|n| |w|e|b|r|e|n|d|e|r|,102210fe594ee9b33d82058545b1ed14f4c8206e,LastVisualChange,cnn,True,cnn LastVisualChange opt cold fission webrender,,77,ms,firefox,458713434,14690192,2024-05-17T16:19:47,1932.3,31d3450e1d0beddafd2608e478abb2f3cc86b388,1429185
autoland,3869862,13,ffaba559b8f75178eed537731f258b1129b7fe97,linux1804-64-shippable-qr,True,False,,|c|o|l|d| |f|i|s|s|i|o|n| |w|e|b|r|e|n|d|e|r|,102210fe594ee9b33d82058545b1ed14f4c8206e,LastVisualChange,cnn,True,cnn LastVisualChange opt cold fission webrender,,77,ms,firefox,458667944,14456433,2024-05-17T16:28:32,1935.7,f35859c2fd56665ad31bcc859c08cca0d52ee800,1429195
autoland,3869862,13,ffaba559b8f75178eed537731f258b1129b7fe97,linux1804-64-shippable-qr,True,False,,|c|o|l|d| |f|i|s|s|i|o|n| |w|e|b|r|e|n|d|e|r|,102210fe594ee9b33d82058545b1ed14f4c8206e,LastVisualChange,cnn,True,cnn LastVisualChange opt cold fission webrender,,77,ms,firefox,458712235,14667777,2024-05-17T16:39:59,1948.5,2e87839796b7d29a529ef78e398f3268ed30e04a,1429211
autoland,3869862,13,ffaba559b8f75178eed537731f258b1129b7fe97,linux1804-64-shippable-qr,True,False,,|c|o|l|d| |f|i|s|s|i|o|n| |w|e|b|r|e|n|d|e|r|,102210fe594ee9b33d82058545b1ed14f4c8206e,LastVisualChange,cnn,True,cnn LastVisualChange opt cold fission webrender,,77,ms,firefox,458713565,14709116,2024-05-17T17:03:32,1947.3,6e594c540b09a50ef0a9cd37316d78fe64846ef4,1429229
autoland,3869862,13,ffaba559b8f75178eed537731f258b1129b7fe97,linux1804-64-shippable-qr,True,False,,|c|o|l|d| |f|i|s|s|i|o|n| |w|e|b|r|e|n|d|e|r|,102210fe594ee9b33d82058545b1ed14f4c8206e,LastVisualChange,cnn,True,cnn LastVisualChange opt cold fission webrender,,77,ms,firefox,458687456,14540523,2024-05-17T20:54:26,1924.1,c3684190adbc44f6a677655b9094e9873c858dad,1429356
autoland,3869862,13,ffaba559b8f75178eed537731f258b1129b7fe97,linux1804-64-shippable-qr,True,False,,|c|o|l|d| |f|i|s|s|i|o|n| |w|e|b|r|e|n|d|e|r|,102210fe594ee9b33d82058545b1ed14f4c8206e,LastVisualChange,cnn,True,cnn LastVisualChange opt cold fission webrender,,77,ms,firefox,458709262,14635115,2024-05-18T01:00:41,1924.7,c27d5c9ab44203673cf253307414a515b32e1e6d,1429422
autoland,3869862,13,ffaba559b8f75178eed537731f258b1129b7fe97,linux1804-64-shippable-qr,True,False,,|c|o|l|d| |f|i|s|s|i|o|n| |w|e|b|r|e|n|d|e|r|,102210fe594ee9b33d82058545b1ed14f4c8206e,LastVisualChange,cnn,True,cnn LastVisualChange opt cold fission webrender,,77,ms,firefox,458717484,14727500,2024-05-18T06:51:49,1945.2,9740ed99a9e5a25524915ab324b8110b2b998873,1429461
autoland,3869862,13,ffaba559b8f75178eed537731f258b1129b7fe97,linux1804-64-shippable-qr,True,False,,|c|o|l|d| |f|i|s|s|i|o|n| |w|e|b|r|e|n|d|e|r|,102210fe594ee9b33d82058545b1ed14f4c8206e,LastVisualChange,cnn,True,cnn LastVisualChange opt cold fission webrender,,77,ms,firefox,458747347,14858749,2024-05-18T12:19:37,2268.0,8b79b70511d76ab73ec7a45851ca71cf9a4eabc0,1429485
autoland,3869862,13,ffaba559b8f75178eed537731f258b1129b7fe97,linux1804-64-shippable-qr,True,False,,|c|o|l|d| |f|i|s|s|i|o|n| |w|e|b|r|e|n|d|e|r|,102210fe594ee9b33d82058545b1ed14f4c8206e,LastVisualChange,cnn,True,cnn LastVisualChange opt cold fission webrender,,77,ms,firefox,458753405,14894530,2024-05-18T16:50:22,1951.6,45fdca469c57e83b966c98bdb9cd62d7b38c841e,1429522
autoland,3869862,13,ffaba559b8f75178eed537731f258b1129b7fe97,linux1804-64-shippable-qr,True,False,,|c|o|l|d| |f|i|s|s|i|o|n| |w|e|b|r|e|n|d|e|r|,102210fe594ee9b33d82058545b1ed14f4c8206e,LastVisualChange,cnn,True,cnn LastVisualChange opt cold fission webrender,,77,ms,firefox,458772609,14971188,2024-05-19T00:22:14,1931.7,185fc83e1e895146858126be053b4208ffd3bbcf,1429576
autoland,3869862,13,ffaba559b8f75178eed537731f258b1129b7fe97,linux1804-64-shippable-qr,True,False,,|c|o|l|d| |f|i|s|s|i|o|n| |w|e|b|r|e|n|d|e|r|,102210fe594ee9b33d82058545b1ed14f4c8206e,LastVisualChange,cnn,True,cnn LastVisualChange opt cold fission webrender,,77,ms,firefox,458803364,15133943,2024-05-19T18:53:48,1978.7,b4ee96f483f29890ab46ebd291e34040c716dcff,1429650
autoland,3869862,13,ffaba559b8f75178eed537731f258b1129b7fe97,linux1804-64-shippable-qr,True,False,,|c|o|l|d| |f|i|s|s|i|o|n| |w|e|b|r|e|n|d|e|r|,102210fe594ee9b33d82058545b1ed14f4c8206e,LastVisualChange,cnn,True,cnn LastVisualChange opt cold fission webrender,,77,ms,firefox,458825010,15231084,2024-05-19T23:03:30,1960.2,bf7ada75a309d1bf064046c029cd884846540599,1429677
autoland,3869862,13,ffaba559b8f75178eed537731f258b1129b7fe97,linux1804-64-shippable-qr,True,False,,|c|o|l|d| |f|i|s|s|i|o|n| |w|e|b|r|e|n|d|e|r|,102210fe594ee9b33d82058545b1ed14f4c8206e,LastVisualChange,cnn,True,cnn LastVisualChange opt cold fission webrender,,77,ms,firefox,458830883,15284607,2024-05-20T03:13:12,1926.0,9142f728c689228ac4b5a2f55b2d50a3c5440d1b,1429694
autoland,3869862,13,ffaba559b8f75178eed537731f258b1129b7fe97,linux1804-64-shippable-qr,True,False,,|c|o|l|d| |f|i|s|s|i|o|n| |w|e|b|r|e|n|d|e|r|,102210fe594ee9b33d82058545b1ed14f4c8206e,LastVisualChange,cnn,True,cnn LastVisualChange opt cold fission webrender,,77,ms,firefox,458844866,15395063,2024-05-20T08:40:09,1943.9,c732a1a31a39e28193867c3a6de83cab644345f7,1429741
autoland,3869862,13,ffaba559b8f75178eed537731f258b1129b7fe97,linux1804-64-shippable-qr,True,False,,|c|o|l|d| |f|i|s|s|i|o|n| |w|e|b|r|e|n|d|e|r|,102210fe594ee9b33d82058545b1ed14f4c8206e,LastVisualChange,cnn,True,cnn LastVisualChange opt cold fission webrender,,77,ms,firefox,458898619,15598199,2024-05-20T12:49:29,1933.6,daa6ef79820feaf04f4d2f8319c42e613170a955,1429816
autoland,3869862,13,ffaba559b8f75178eed537731f258b1129b7fe97,linux1804-64-shippable-qr,True,False,,|c|o|l|d| |f|i|s|s|i|o|n| |w|e|b|r|e|n|d|e|r|,102210fe594ee9b33d82058545b1ed14f4c8206e,LastVisualChange,cnn,True,cnn LastVisualChange opt cold fission webrender,,77,ms,firefox,458909916,15648203,2024-05-20T17:09:38,1968.3,f8896c7e1f0e021d1afc9e6075779e6a19816eee,1430008
autoland,3869862,13,ffaba559b8f75178eed537731f258b1129b7fe97,linux1804-64-shippable-qr,True,False,,|c|o|l|d| |f|i|s|s|i|o|n| |w|e|b|r|e|n|d|e|r|,102210fe594ee9b33d82058545b1ed14f4c8206e,LastVisualChange,cnn,True,cnn LastVisualChange opt cold fission webrender,,77,ms,firefox,458930942,15785856,2024-05-20T19:25:17,1931.8,bcf84db0ae30bc4d2f32dc5978791710401b7f74,1430088
autoland,3869862,13,ffaba559b8f75178eed537731f258b1129b7fe97,linux1804-64-shippable-qr,True,False,,|c|o|l|d| |f|i|s|s|i|o|n| |w|e|b|r|e|n|d|e|r|,102210fe594ee9b33d82058545b1ed14f4c8206e,LastVisualChange,cnn,True,cnn LastVisualChange opt cold fission webrender,,77,ms,firefox,458953158,15930684,2024-05-21T00:44:36,1929.0,6919ad3b088665854fe77e203c556b51c8043a19,1430230
autoland,3869862,13,ffaba559b8f75178eed537731f258b1129b7fe97,linux1804-64-shippable-qr,True,False,,|c|o|l|d| |f|i|s|s|i|o|n| |w|e|b|r|e|n|d|e|r|,102210fe594ee9b33d82058545b1ed14f4c8206e,LastVisualChange,cnn,True,cnn LastVisualChange opt cold fission webrender,,77,ms,firefox,458966420,16045963,2024-05-21T05:46:38,1943.5,09318e94742ecb1dfa27855d03d6acea7465a237,1430275
autoland,3869862,13,ffaba559b8f75178eed537731f258b1129b7fe97,linux1804-64-shippable-qr,True,False,,|c|o|l|d| |f|i|s|s|i|o|n| |w|e|b|r|e|n|d|e|r|,102210fe594ee9b33d82058545b1ed14f4c8206e,LastVisualChange,cnn,True,cnn LastVisualChange opt cold fission webrender,,77,ms,firefox,459005571,16265668,2024-05-21T09:51:03,1887.3,2c85e75f63a911c3aafc7099c431d16d690afd69,1430376
autoland,3869862,13,ffaba559b8f75178eed537731f258b1129b7fe97,linux1804-64-shippable-qr,True,False,,|c|o|l|d| |f|i|s|s|i|o|n| |w|e|b|r|e|n|d|e|r|,102210fe594ee9b33d82058545b1ed14f4c8206e,LastVisualChange,cnn,True,cnn LastVisualChange opt cold fission webrender,,77,ms,firefox,459129165,17054000,2024-05-21T13:22:34,1975.9,28bef6d6be8238ee3cafacf2884fe425a1240aea,1430490
autoland,3869862,13,ffaba559b8f75178eed537731f258b1129b7fe97,linux1804-64-shippable-qr,True,False,,|c|o|l|d| |f|i|s|s|i|o|n| |w|e|b|r|e|n|d|e|r|,102210fe594ee9b33d82058545b1ed14f4c8206e,LastVisualChange,cnn,True,cnn LastVisualChange opt cold fission webrender,,77,ms,firefox,459124179,16993451,2024-05-21T13:23:29,1945.9,8e1b6cb3fefbc7d5c68bd53b71693d22c00b2abc,1430491
autoland,3869862,13,ffaba559b8f75178eed537731f258b1129b7fe97,linux1804-64-shippable-qr,True,False,,|c|o|l|d| |f|i|s|s|i|o|n| |w|e|b|r|e|n|d|e|r|,102210fe594ee9b33d82058545b1ed14f4c8206e,LastVisualChange,cnn,True,cnn LastVisualChange opt cold fission webrender,,77,ms,firefox,459050146,16584059,2024-05-21T14:27:45,2020.9,10c1e15b136a2ddea929ddb6bac978a2197f0990,1430566
autoland,3869862,13,ffaba559b8f75178eed537731f258b1129b7fe97,linux1804-64-shippable-qr,True,False,,|c|o|l|d| |f|i|s|s|i|o|n| |w|e|b|r|e|n|d|e|r|,102210fe594ee9b33d82058545b1ed14f4c8206e,LastVisualChange,cnn,True,cnn LastVisualChange opt cold fission webrender,,77,ms,firefox,459118892,16935586,2024-05-21T16:00:31,1955.0,26bce625289c854452420e6f57af403163e8edbd,1430626
autoland,3869862,13,ffaba559b8f75178eed537731f258b1129b7fe97,linux1804-64-shippable-qr,True,False,,|c|o|l|d| |f|i|s|s|i|o|n| |w|e|b|r|e|n|d|e|r|,102210fe594ee9b33d82058545b1ed14f4c8206e,LastVisualChange,cnn,True,cnn LastVisualChange opt cold fission webrender,,77,ms,firefox,459118685,16933322,2024-05-21T16:21:51,1938.6,919fde770efdb357bddaba3a4f9fa0ee2edfc5ad,1430655
autoland,3869862,13,ffaba559b8f75178eed537731f258b1129b7fe97,linux1804-64-shippable-qr,True,False,,|c|o|l|d| |f|i|s|s|i|o|n| |w|e|b|r|e|n|d|e|r|,102210fe594ee9b33d82058545b1ed14f4c8206e,LastVisualChange,cnn,True,cnn LastVisualChange opt cold fission webrender,,77,ms,firefox,459088136,16787223,2024-05-21T18:17:13,1924.7,d5973c82a614aacd1c24df2ec76d8539bd40238d,1430753
autoland,3869862,13,ffaba559b8f75178eed537731f258b1129b7fe97,linux1804-64-shippable-qr,True,False,,|c|o|l|d| |f|i|s|s|i|o|n| |w|e|b|r|e|n|d|e|r|,102210fe594ee9b33d82058545b1ed14f4c8206e,LastVisualChange,cnn,True,cnn LastVisualChange opt cold fission webrender,,77,ms,firefox,459124533,17046328,2024-05-21T19:37:17,1946.1,e9b0a5d8434e2fbd17ad838bc6dd8a2d06009f8c,1430800
autoland,3869862,13,ffaba559b8f75178eed537731f258b1129b7fe97,linux1804-64-shippable-qr,True,False,,|c|o|l|d| |f|i|s|s|i|o|n| |w|e|b|r|e|n|d|e|r|,102210fe594ee9b33d82058545b1ed14f4c8206e,LastVisualChange,cnn,True,cnn LastVisualChange opt cold fission webrender,,77,ms,firefox,459123886,16970326,2024-05-21T19:39:48,1957.3,af29dd639cf163eec5d9311d3f3a72a592b6ca9e,1430803
autoland,3869862,13,ffaba559b8f75178eed537731f258b1129b7fe97,linux1804-64-shippable-qr,True,False,,|c|o|l|d| |f|i|s|s|i|o|n| |w|e|b|r|e|n|d|e|r|,102210fe594ee9b33d82058545b1ed14f4c8206e,LastVisualChange,cnn,True,cnn LastVisualChange opt cold fission webrender,,77,ms,firefox,459088867,16805960,2024-05-21T21:02:30,1942.6,c1b0539b81b478faa5861fe40dddb61f7c27e539,1430863
autoland,3869862,13,ffaba559b8f75178eed537731f258b1129b7fe97,linux1804-64-shippable-qr,True,False,,|c|o|l|d| |f|i|s|s|i|o|n| |w|e|b|r|e|n|d|e|r|,102210fe594ee9b33d82058545b1ed14f4c8206e,LastVisualChange,cnn,True,cnn LastVisualChange opt cold fission webrender,,77,ms,firefox,459114301,16902464,2024-05-22T01:04:42,1928.5,80ae2c7908e4cc558336a6f6a78097d9c2c9317d,1430997
autoland,3869862,13,ffaba559b8f75178eed537731f258b1129b7fe97,linux1804-64-shippable-qr,True,False,,|c|o|l|d| |f|i|s|s|i|o|n| |w|e|b|r|e|n|d|e|r|,102210fe594ee9b33d82058545b1ed14f4c8206e,LastVisualChange,cnn,True,cnn LastVisualChange opt cold fission webrender,,77,ms,firefox,459135493,17067961,2024-05-22T06:04:16,1921.4,3eacabfd2f53de306d070d5407b9123cdb54403f,1431071
autoland,3869862,13,ffaba559b8f75178eed537731f258b1129b7fe97,linux1804-64-shippable-qr,True,False,,|c|o|l|d| |f|i|s|s|i|o|n| |w|e|b|r|e|n|d|e|r|,102210fe594ee9b33d82058545b1ed14f4c8206e,LastVisualChange,cnn,True,cnn LastVisualChange opt cold fission webrender,,77,ms,firefox,459182080,17248295,2024-05-22T10:45:41,1961.7,23e74f68a670b162cd96bafbf45ea1bc1c62e754,1431245
autoland,3869862,13,ffaba559b8f75178eed537731f258b1129b7fe97,linux1804-64-shippable-qr,True,False,,|c|o|l|d| |f|i|s|s|i|o|n| |w|e|b|r|e|n|d|e|r|,102210fe594ee9b33d82058545b1ed14f4c8206e,LastVisualChange,cnn,True,cnn LastVisualChange opt cold fission webrender,,77,ms,firefox,459305375,17937645,2024-05-22T12:31:34,1917.7,b67b147397a9570e2b81a30eec7459241936c5d8,1431312
autoland,3869862,13,ffaba559b8f75178eed537731f258b1129b7fe97,linux1804-64-shippable-qr,True,False,,|c|o|l|d| |f|i|s|s|i|o|n| |w|e|b|r|e|n|d|e|r|,102210fe594ee9b33d82058545b1ed14f4c8206e,LastVisualChange,cnn,True,cnn LastVisualChange opt cold fission webrender,,77,ms,firefox,459306102,17948100,2024-05-22T12:32:26,838.7,ff5883dc26419e582b0bef8f23e886b62e87f26a,1431313
autoland,3869862,13,ffaba559b8f75178eed537731f258b1129b7fe97,linux1804-64-shippable-qr,True,False,,|c|o|l|d| |f|i|s|s|i|o|n| |w|e|b|r|e|n|d|e|r|,102210fe594ee9b33d82058545b1ed14f4c8206e,LastVisualChange,cnn,True,cnn LastVisualChange opt cold fission webrender,,77,ms,firefox,459236906,17493354,2024-05-22T15:11:59,1194.1,d51657b0bbcc7a297d7e69af51844e07f5bc7ccc,1431449
autoland,3869862,13,ffaba559b8f75178eed537731f258b1129b7fe97,linux1804-64-shippable-qr,True,False,,|c|o|l|d| |f|i|s|s|i|o|n| |w|e|b|r|e|n|d|e|r|,102210fe594ee9b33d82058545b1ed14f4c8206e,LastVisualChange,cnn,True,cnn LastVisualChange opt cold fission webrender,,77,ms,firefox,459264031,17639180,2024-05-22T19:42:05,1204.6,e8f156027b8630baf5944740a80ef83d3694f0ab,1431719
autoland,3869862,13,ffaba559b8f75178eed537731f258b1129b7fe97,linux1804-64-shippable-qr,True,False,,|c|o|l|d| |f|i|s|s|i|o|n| |w|e|b|r|e|n|d|e|r|,102210fe594ee9b33d82058545b1ed14f4c8206e,LastVisualChange,cnn,True,cnn LastVisualChange opt cold fission webrender,,77,ms,firefox,459289350,17773330,2024-05-22T23:17:46,1204.4,25b8ec912ef6cca7c6dbd1ddf6927aaa7494aaf1,1431837
autoland,3869862,13,ffaba559b8f75178eed537731f258b1129b7fe97,linux1804-64-shippable-qr,True,False,,|c|o|l|d| |f|i|s|s|i|o|n| |w|e|b|r|e|n|d|e|r|,102210fe594ee9b33d82058545b1ed14f4c8206e,LastVisualChange,cnn,True,cnn LastVisualChange opt cold fission webrender,,77,ms,firefox,459301378,17885603,2024-05-23T03:34:39,1225.2,9b1a6927a89c8cf7997737b09f85c69d260daf7e,1431902
autoland,3869862,13,ffaba559b8f75178eed537731f258b1129b7fe97,linux1804-64-shippable-qr,True,False,,|c|o|l|d| |f|i|s|s|i|o|n| |w|e|b|r|e|n|d|e|r|,102210fe594ee9b33d82058545b1ed14f4c8206e,LastVisualChange,cnn,True,cnn LastVisualChange opt cold fission webrender,,77,ms,firefox,459319375,18083971,2024-05-23T07:36:30,1247.5,3202a06939c4312c17408f78f9cb0fa5caca1350,1431962
autoland,3869862,13,ffaba559b8f75178eed537731f258b1129b7fe97,linux1804-64-shippable-qr,True,False,,|c|o|l|d| |f|i|s|s|i|o|n| |w|e|b|r|e|n|d|e|r|,102210fe594ee9b33d82058545b1ed14f4c8206e,LastVisualChange,cnn,True,cnn LastVisualChange opt cold fission webrender,,77,ms,firefox,459360114,18290010,2024-05-23T11:55:12,1190.2,42f8b13731a592d1a25e662692cbd82cee5012e0,1432088
