repository_name,signature_id,framework_id,signature_hash,machine_platform,should_alert,has_subtests,extra_options,tags,option_collection_hash,test,suite,lower_is_better,name,parent_signature,repository_id,measurement_unit,application,job_id,entry_id,push_timestamp,value,revision,push_id
autoland,4375374,13,92302d37db2c0dde32926e954404b4c8422e3f86,android-hw-a51-11-0-aarch64-shippable-qr,True,False,,|c|o|l|d| |w|e|b|r|e|n|d|e|r|,102210fe594ee9b33d82058545b1ed14f4c8206e,loadtime,imdb,True,imdb loadtime opt cold webrender,,77,ms,geckoview,,1700058164,2023-05-24T10:49:25,3836.0,1db51625512e546534a6a7352ff4ff3b9c48d713,1245770
autoland,4375374,13,92302d37db2c0dde32926e954404b4c8422e3f86,android-hw-a51-11-0-aarch64-shippable-qr,True,False,,|c|o|l|d| |w|e|b|r|e|n|d|e|r|,102210fe594ee9b33d82058545b1ed14f4c8206e,loadtime,imdb,True,imdb loadtime opt cold webrender,,77,ms,geckoview,,1700096335,2023-05-24T13:34:40,3486.0,6a96bb1f430f92b83cc31f74db4e4c1f71e155e5,1245871
autoland,4375374,13,92302d37db2c0dde32926e954404b4c8422e3f86,android-hw-a51-11-0-aarch64-shippable-qr,True,False,,|c|o|l|d| |w|e|b|r|e|n|d|e|r|,102210fe594ee9b33d82058545b1ed14f4c8206e,loadtime,imdb,True,imdb loadtime opt cold webrender,,77,ms,geckoview,,1700218378,2023-05-24T17:26:23,3625.0,b9da43bde2c92655235855f4bb966f7a2537eafa,1246058
autoland,4375374,13,92302d37db2c0dde32926e954404b4c8422e3f86,android-hw-a51-11-0-aarch64-shippable-qr,True,False,,|c|o|l|d| |w|e|b|r|e|n|d|e|r|,102210fe594ee9b33d82058545b1ed14f4c8206e,loadtime,imdb,True,imdb loadtime opt cold webrender,,77,ms,geckoview,,1700365379,2023-05-24T21:30:03,3447.5,468123d0735b96f7486f1e1a4de373e3dd7520bd,1246204
autoland,4375374,13,92302d37db2c0dde32926e954404b4c8422e3f86,android-hw-a51-11-0-aarch64-shippable-qr,True,False,,|c|o|l|d| |w|e|b|r|e|n|d|e|r|,102210fe594ee9b33d82058545b1ed14f4c8206e,loadtime,imdb,True,imdb loadtime opt cold webrender,,77,ms,geckoview,,1700423488,2023-05-25T01:52:13,3501.0,c1577427eba79d954813d300bfe6d4f09e0249f0,1246339
autoland,4375374,13,92302d37db2c0dde32926e954404b4c8422e3f86,android-hw-a51-11-0-aarch64-shippable-qr,True,False,,|c|o|l|d| |w|e|b|r|e|n|d|e|r|,102210fe594ee9b33d82058545b1ed14f4c8206e,loadtime,imdb,True,imdb loadtime opt cold webrender,,77,ms,geckoview,,1700478973,2023-05-25T06:53:28,3503.5,ee3230b1fe26e5521d07465dcab71e75d586e422,1246434
autoland,4375374,13,92302d37db2c0dde32926e954404b4c8422e3f86,android-hw-a51-11-0-aarch64-shippable-qr,True,False,,|c|o|l|d| |w|e|b|r|e|n|d|e|r|,102210fe594ee9b33d82058545b1ed14f4c8206e,loadtime,imdb,True,imdb loadtime opt cold webrender,,77,ms,geckoview,,1700527297,2023-05-25T09:03:58,3595.5,0cd7e9f3c07773af459b1d5676b4f14a1a4c2844,1246517
autoland,4375374,13,92302d37db2c0dde32926e954404b4c8422e3f86,android-hw-a51-11-0-aarch64-shippable-qr,True,False,,|c|o|l|d| |w|e|b|r|e|n|d|e|r|,102210fe594ee9b33d82058545b1ed14f4c8206e,loadtime,imdb,True,imdb loadtime opt cold webrender,,77,ms,geckoview,,1700657017,2023-05-25T13:17:19,3565.0,09f3ed0c8776aaa707aab014022efa3a16e01a6e,1246661
autoland,4375374,13,92302d37db2c0dde32926e954404b4c8422e3f86,android-hw-a51-11-0-aarch64-shippable-qr,True,False,,|c|o|l|d| |w|e|b|r|e|n|d|e|r|,102210fe594ee9b33d82058545b1ed14f4c8206e,loadtime,imdb,True,imdb loadtime opt cold webrender,,77,ms,geckoview,,1700674555,2023-05-25T13:25:13,3570.5,6e07dad252683bcc1ed82d6a973adda9b490af1f,1246670
autoland,4375374,13,92302d37db2c0dde32926e954404b4c8422e3f86,android-hw-a51-11-0-aarch64-shippable-qr,True,False,,|c|o|l|d| |w|e|b|r|e|n|d|e|r|,102210fe594ee9b33d82058545b1ed14f4c8206e,loadtime,imdb,True,imdb loadtime opt cold webrender,,77,ms,geckoview,,1700765641,2023-05-25T17:00:24,3493.0,4971297a8917c4ce5f9136ebb0c82cde74eb50c4,1246837
autoland,4375374,13,92302d37db2c0dde32926e954404b4c8422e3f86,android-hw-a51-11-0-aarch64-shippable-qr,True,False,,|c|o|l|d| |w|e|b|r|e|n|d|e|r|,102210fe594ee9b33d82058545b1ed14f4c8206e,loadtime,imdb,True,imdb loadtime opt cold webrender,,77,ms,geckoview,,1700924713,2023-05-25T20:49:35,3559.5,6d91b4ed2bb8fbe97d7f5fcf7cad0e6f2bb6ad2f,1247021
autoland,4375374,13,92302d37db2c0dde32926e954404b4c8422e3f86,android-hw-a51-11-0-aarch64-shippable-qr,True,False,,|c|o|l|d| |w|e|b|r|e|n|d|e|r|,102210fe594ee9b33d82058545b1ed14f4c8206e,loadtime,imdb,True,imdb loadtime opt cold webrender,,77,ms,geckoview,,1701064182,2023-05-26T00:58:32,3495.5,d49f009b89ad3ae1616d96cb1d2d9234ef3f6cda,1247180
autoland,4375374,13,92302d37db2c0dde32926e954404b4c8422e3f86,android-hw-a51-11-0-aarch64-shippable-qr,True,False,,|c|o|l|d| |w|e|b|r|e|n|d|e|r|,102210fe594ee9b33d82058545b1ed14f4c8206e,loadtime,imdb,True,imdb loadtime opt cold webrender,,77,ms,geckoview,,1701148308,2023-05-26T04:58:44,3440.0,ffc18acbe9c027a3d6c960322b40a9d0576af311,1247241
autoland,4375374,13,92302d37db2c0dde32926e954404b4c8422e3f86,android-hw-a51-11-0-aarch64-shippable-qr,True,False,,|c|o|l|d| |w|e|b|r|e|n|d|e|r|,102210fe594ee9b33d82058545b1ed14f4c8206e,loadtime,imdb,True,imdb loadtime opt cold webrender,,77,ms,geckoview,,1701228954,2023-05-26T08:30:04,3537.5,35f77e2aafb53fdda81c118a9ea61aefdacd61b4,1247293
autoland,4375374,13,92302d37db2c0dde32926e954404b4c8422e3f86,android-hw-a51-11-0-aarch64-shippable-qr,True,False,,|c|o|l|d| |w|e|b|r|e|n|d|e|r|,102210fe594ee9b33d82058545b1ed14f4c8206e,loadtime,imdb,True,imdb loadtime opt cold webrender,,77,ms,geckoview,,1701377988,2023-05-26T12:58:50,3563.0,3999253a6a3dc448416b9a73377e8599ca6bd022,1247437
autoland,4375374,13,92302d37db2c0dde32926e954404b4c8422e3f86,android-hw-a51-11-0-aarch64-shippable-qr,True,False,,|c|o|l|d| |w|e|b|r|e|n|d|e|r|,102210fe594ee9b33d82058545b1ed14f4c8206e,loadtime,imdb,True,imdb loadtime opt cold webrender,,77,ms,geckoview,,1701396188,2023-05-26T13:11:40,3590.0,bb19012006135abc7ddd72be3cd269be7ef114b5,1247444
autoland,4375374,13,92302d37db2c0dde32926e954404b4c8422e3f86,android-hw-a51-11-0-aarch64-shippable-qr,True,False,,|c|o|l|d| |w|e|b|r|e|n|d|e|r|,102210fe594ee9b33d82058545b1ed14f4c8206e,loadtime,imdb,True,imdb loadtime opt cold webrender,,77,ms,geckoview,,1701520391,2023-05-26T17:23:29,3475.5,8ca2ea7fe36515caaf70ddf90bfd2ee269f059cf,1247619
autoland,4375374,13,92302d37db2c0dde32926e954404b4c8422e3f86,android-hw-a51-11-0-aarch64-shippable-qr,True,False,,|c|o|l|d| |w|e|b|r|e|n|d|e|r|,102210fe594ee9b33d82058545b1ed14f4c8206e,loadtime,imdb,True,imdb loadtime opt cold webrender,,77,ms,geckoview,,1701618480,2023-05-26T19:44:57,3670.5,fc6056442a0fa16146259cb730d4e34a16656952,1247712
autoland,4375374,13,92302d37db2c0dde32926e954404b4c8422e3f86,android-hw-a51-11-0-aarch64-shippable-qr,True,False,,|c|o|l|d| |w|e|b|r|e|n|d|e|r|,102210fe594ee9b33d82058545b1ed14f4c8206e,loadtime,imdb,True,imdb loadtime opt cold webrender,,77,ms,geckoview,,1701740194,2023-05-27T00:56:39,3585.5,b45b68be3f9bae0da4d649a44e60c6cd175f2212,1247879
autoland,4375374,13,92302d37db2c0dde32926e954404b4c8422e3f86,android-hw-a51-11-0-aarch64-shippable-qr,True,False,,|c|o|l|d| |w|e|b|r|e|n|d|e|r|,102210fe594ee9b33d82058545b1ed14f4c8206e,loadtime,imdb,True,imdb loadtime opt cold webrender,,77,ms,geckoview,,1701885656,2023-05-27T11:39:36,3521.0,6a941c8c6ff3290e530942915ee97161b670f15d,1247945
autoland,4375374,13,92302d37db2c0dde32926e954404b4c8422e3f86,android-hw-a51-11-0-aarch64-shippable-qr,True,False,,|c|o|l|d| |w|e|b|r|e|n|d|e|r|,102210fe594ee9b33d82058545b1ed14f4c8206e,loadtime,imdb,True,imdb loadtime opt cold webrender,,77,ms,geckoview,,1701929416,2023-05-27T15:52:21,3480.5,531a15ae09d49e29c270830e9b873aa625a5a8c2,1247961
autoland,4375374,13,92302d37db2c0dde32926e954404b4c8422e3f86,android-hw-a51-11-0-aarch64-shippable-qr,True,False,,|c|o|l|d| |w|e|b|r|e|n|d|e|r|,102210fe594ee9b33d82058545b1ed14f4c8206e,loadtime,imdb,True,imdb loadtime opt cold webrender,,77,ms,geckoview,,1702049266,2023-05-28T20:46:15,3499.5,47f0f49b40361f9c5bde3a5691dc5d65ec1e0061,1248031
autoland,4375374,13,92302d37db2c0dde32926e954404b4c8422e3f86,android-hw-a51-11-0-aarch64-shippable-qr,True,False,,|c|o|l|d| |w|e|b|r|e|n|d|e|r|,102210fe594ee9b33d82058545b1ed14f4c8206e,loadtime,imdb,True,imdb loadtime opt cold webrender,,77,ms,geckoview,,1702084435,2023-05-29T02:12:22,3524.5,1f8f2142966233c5d8d437f93d361aa0cc2b36c6,1248080
autoland,4375374,13,92302d37db2c0dde32926e954404b4c8422e3f86,android-hw-a51-11-0-aarch64-shippable-qr,True,False,,|c|o|l|d| |w|e|b|r|e|n|d|e|r|,102210fe594ee9b33d82058545b1ed14f4c8206e,loadtime,imdb,True,imdb loadtime opt cold webrender,,77,ms,geckoview,,1702148484,2023-05-29T06:50:24,3509.5,1565861edeebf64845658a3f48cb89fa4515bb68,1248115
autoland,4375374,13,92302d37db2c0dde32926e954404b4c8422e3f86,android-hw-a51-11-0-aarch64-shippable-qr,True,False,,|c|o|l|d| |w|e|b|r|e|n|d|e|r|,102210fe594ee9b33d82058545b1ed14f4c8206e,loadtime,imdb,True,imdb loadtime opt cold webrender,,77,ms,geckoview,,1702161555,2023-05-29T07:27:55,3544.0,31915ad324761c4fe80dac65ca36f070ab2102a2,1248125
autoland,4375374,13,92302d37db2c0dde32926e954404b4c8422e3f86,android-hw-a51-11-0-aarch64-shippable-qr,True,False,,|c|o|l|d| |w|e|b|r|e|n|d|e|r|,102210fe594ee9b33d82058545b1ed14f4c8206e,loadtime,imdb,True,imdb loadtime opt cold webrender,,77,ms,geckoview,,1702331196,2023-05-29T15:52:56,3487.5,e1a08bab18008646938a96dfab802d2471fcadc1,1248305
autoland,4375374,13,92302d37db2c0dde32926e954404b4c8422e3f86,android-hw-a51-11-0-aarch64-shippable-qr,True,False,,|c|o|l|d| |w|e|b|r|e|n|d|e|r|,102210fe594ee9b33d82058545b1ed14f4c8206e,loadtime,imdb,True,imdb loadtime opt cold webrender,,77,ms,geckoview,,1702418664,2023-05-29T20:27:32,3460.0,496eefc6bee2519ce93df561b640b582e869b964,1248440
autoland,4375374,13,92302d37db2c0dde32926e954404b4c8422e3f86,android-hw-a51-11-0-aarch64-shippable-qr,True,False,,|c|o|l|d| |w|e|b|r|e|n|d|e|r|,102210fe594ee9b33d82058545b1ed14f4c8206e,loadtime,imdb,True,imdb loadtime opt cold webrender,,77,ms,geckoview,,1702439149,2023-05-29T20:34:18,3600.5,f7d3e204b0fb015cf0fb51a08403e22986a2ae52,1248445
autoland,4375374,13,92302d37db2c0dde32926e954404b4c8422e3f86,android-hw-a51-11-0-aarch64-shippable-qr,True,False,,|c|o|l|d| |w|e|b|r|e|n|d|e|r|,102210fe594ee9b33d82058545b1ed14f4c8206e,loadtime,imdb,True,imdb loadtime opt cold webrender,,77,ms,geckoview,,1702498778,2023-05-30T01:15:28,3498.5,82442b2d56d94c600cca707dd62ab7a19d68bbd2,1248536
autoland,4375374,13,92302d37db2c0dde32926e954404b4c8422e3f86,android-hw-a51-11-0-aarch64-shippable-qr,True,False,,|c|o|l|d| |w|e|b|r|e|n|d|e|r|,102210fe594ee9b33d82058545b1ed14f4c8206e,loadtime,imdb,True,imdb loadtime opt cold webrender,,77,ms,geckoview,,1702593796,2023-05-30T06:58:06,3484.5,23a3b1b5a2b78d86456189221e567423206bc00a,1248601
autoland,4375374,13,92302d37db2c0dde32926e954404b4c8422e3f86,android-hw-a51-11-0-aarch64-shippable-qr,True,False,,|c|o|l|d| |w|e|b|r|e|n|d|e|r|,102210fe594ee9b33d82058545b1ed14f4c8206e,loadtime,imdb,True,imdb loadtime opt cold webrender,,77,ms,geckoview,,1702611471,2023-05-30T07:49:46,3641.5,64b2487b96b949b3c6a787dfd17210f9998fb42e,1248618
autoland,4375374,13,92302d37db2c0dde32926e954404b4c8422e3f86,android-hw-a51-11-0-aarch64-shippable-qr,True,False,,|c|o|l|d| |w|e|b|r|e|n|d|e|r|,102210fe594ee9b33d82058545b1ed14f4c8206e,loadtime,imdb,True,imdb loadtime opt cold webrender,,77,ms,geckoview,,1702757185,2023-05-30T12:05:20,3468.0,121d4440186ece5c7acf444a8879a3818d54fef5,1248752
autoland,4375374,13,92302d37db2c0dde32926e954404b4c8422e3f86,android-hw-a51-11-0-aarch64-shippable-qr,True,False,,|c|o|l|d| |w|e|b|r|e|n|d|e|r|,102210fe594ee9b33d82058545b1ed14f4c8206e,loadtime,imdb,True,imdb loadtime opt cold webrender,,77,ms,geckoview,,1702927156,2023-05-30T19:20:55,3541.5,361a866d206fd695b15823113863d449afb7c87d,1249050
autoland,4375374,13,92302d37db2c0dde32926e954404b4c8422e3f86,android-hw-a51-11-0-aarch64-shippable-qr,True,False,,|c|o|l|d| |w|e|b|r|e|n|d|e|r|,102210fe594ee9b33d82058545b1ed14f4c8206e,loadtime,imdb,True,imdb loadtime opt cold webrender,,77,ms,geckoview,,1702965326,2023-05-30T19:21:44,3498.5,f9dad80c02c9517d8cb38311989dab88f1236015,1249051
autoland,4375374,13,92302d37db2c0dde32926e954404b4c8422e3f86,android-hw-a51-11-0-aarch64-shippable-qr,True,False,,|c|o|l|d| |w|e|b|r|e|n|d|e|r|,102210fe594ee9b33d82058545b1ed14f4c8206e,loadtime,imdb,True,imdb loadtime opt cold webrender,,77,ms,geckoview,,1703087082,2023-05-30T22:16:30,3656.5,0ea1f0bff41ab8b0e92e4f35f3d6eaf801ad3fc0,1249172
autoland,4375374,13,92302d37db2c0dde32926e954404b4c8422e3f86,android-hw-a51-11-0-aarch64-shippable-qr,True,False,,|c|o|l|d| |w|e|b|r|e|n|d|e|r|,102210fe594ee9b33d82058545b1ed14f4c8206e,loadtime,imdb,True,imdb loadtime opt cold webrender,,77,ms,geckoview,,1703163330,2023-05-31T02:21:54,3484.0,40997d8c121ee054ffe5df2c1a10d3a392f78c3c,1249255
autoland,4375374,13,92302d37db2c0dde32926e954404b4c8422e3f86,android-hw-a51-11-0-aarch64-shippable-qr,True,False,,|c|o|l|d| |w|e|b|r|e|n|d|e|r|,102210fe594ee9b33d82058545b1ed14f4c8206e,loadtime,imdb,True,imdb loadtime opt cold webrender,,77,ms,geckoview,,1703446533,2023-05-31T09:56:26,3500.5,2317c21d7aeb68528ec7946980e7ca68d74c451a,1249439
autoland,4375374,13,92302d37db2c0dde32926e954404b4c8422e3f86,android-hw-a51-11-0-aarch64-shippable-qr,True,False,,|c|o|l|d| |w|e|b|r|e|n|d|e|r|,102210fe594ee9b33d82058545b1ed14f4c8206e,loadtime,imdb,True,imdb loadtime opt cold webrender,,77,ms,geckoview,,1703729708,2023-05-31T14:02:33,3582.5,7d2ea0789fc8c8538febac2643670ed4a46de087,1249550
autoland,4375374,13,92302d37db2c0dde32926e954404b4c8422e3f86,android-hw-a51-11-0-aarch64-shippable-qr,True,False,,|c|o|l|d| |w|e|b|r|e|n|d|e|r|,102210fe594ee9b33d82058545b1ed14f4c8206e,loadtime,imdb,True,imdb loadtime opt cold webrender,,77,ms,geckoview,,1703776865,2023-05-31T15:08:35,3571.0,513ac812d28fbd668a0b4216f4f52aef38b29501,1249582
autoland,4375374,13,92302d37db2c0dde32926e954404b4c8422e3f86,android-hw-a51-11-0-aarch64-shippable-qr,True,False,,|c|o|l|d| |w|e|b|r|e|n|d|e|r|,102210fe594ee9b33d82058545b1ed14f4c8206e,loadtime,imdb,True,imdb loadtime opt cold webrender,,77,ms,geckoview,,1703910814,2023-05-31T17:22:12,3763.0,b1a1fe06a88b8bdb3f1c5564d12f6798261f34f8,1249712
autoland,4375374,13,92302d37db2c0dde32926e954404b4c8422e3f86,android-hw-a51-11-0-aarch64-shippable-qr,True,False,,|c|o|l|d| |w|e|b|r|e|n|d|e|r|,102210fe594ee9b33d82058545b1ed14f4c8206e,loadtime,imdb,True,imdb loadtime opt cold webrender,,77,ms,geckoview,,1704002509,2023-05-31T20:28:19,3595.0,acd631722a01cb363c4967477af9f240d35cd218,1249881
autoland,4375374,13,92302d37db2c0dde32926e954404b4c8422e3f86,android-hw-a51-11-0-aarch64-shippable-qr,True,False,,|c|o|l|d| |w|e|b|r|e|n|d|e|r|,102210fe594ee9b33d82058545b1ed14f4c8206e,loadtime,imdb,True,imdb loadtime opt cold webrender,,77,ms,geckoview,,1704149891,2023-05-31T23:35:37,3563.5,69cd9d943489100b8424cf1b19b0646cbc9c317c,1250055
autoland,4375374,13,92302d37db2c0dde32926e954404b4c8422e3f86,android-hw-a51-11-0-aarch64-shippable-qr,True,False,,|c|o|l|d| |w|e|b|r|e|n|d|e|r|,102210fe594ee9b33d82058545b1ed14f4c8206e,loadtime,imdb,True,imdb loadtime opt cold webrender,,77,ms,geckoview,,1704232113,2023-06-01T03:44:27,3479.5,5d6127a9b7ed37774d6403efd4ee1ec813503592,1250134
autoland,4375374,13,92302d37db2c0dde32926e954404b4c8422e3f86,android-hw-a51-11-0-aarch64-shippable-qr,True,False,,|c|o|l|d| |w|e|b|r|e|n|d|e|r|,102210fe594ee9b33d82058545b1ed14f4c8206e,loadtime,imdb,True,imdb loadtime opt cold webrender,,77,ms,geckoview,,1704372675,2023-06-01T08:18:01,3595.5,310a02cb1216c0fafadcbc049aac0875871eab96,1250206
autoland,4375374,13,92302d37db2c0dde32926e954404b4c8422e3f86,android-hw-a51-11-0-aarch64-shippable-qr,True,False,,|c|o|l|d| |w|e|b|r|e|n|d|e|r|,102210fe594ee9b33d82058545b1ed14f4c8206e,loadtime,imdb,True,imdb loadtime opt cold webrender,,77,ms,geckoview,,1704447528,2023-06-01T09:51:53,3504.5,3ee1184f75ef01c3b8b3acb826d84a189cac75ce,1250243
autoland,4375374,13,92302d37db2c0dde32926e954404b4c8422e3f86,android-hw-a51-11-0-aarch64-shippable-qr,True,False,,|c|o|l|d| |w|e|b|r|e|n|d|e|r|,102210fe594ee9b33d82058545b1ed14f4c8206e,loadtime,imdb,True,imdb loadtime opt cold webrender,,77,ms,geckoview,,1704621429,2023-06-01T13:54:39,3540.0,01e7e891e3d0793f8a185fe99b6f8cc9c6ffa74e,1250379
autoland,4375374,13,92302d37db2c0dde32926e954404b4c8422e3f86,android-hw-a51-11-0-aarch64-shippable-qr,True,False,,|c|o|l|d| |w|e|b|r|e|n|d|e|r|,102210fe594ee9b33d82058545b1ed14f4c8206e,loadtime,imdb,True,imdb loadtime opt cold webrender,,77,ms,geckoview,,1704814549,2023-06-01T19:53:44,3561.5,ae0f513f1d25aef3f79ad009b5f2dd7407536827,1250634
autoland,4375374,13,92302d37db2c0dde32926e954404b4c8422e3f86,android-hw-a51-11-0-aarch64-shippable-qr,True,False,,|c|o|l|d| |w|e|b|r|e|n|d|e|r|,102210fe594ee9b33d82058545b1ed14f4c8206e,loadtime,imdb,True,imdb loadtime opt cold webrender,,77,ms,geckoview,,1704848246,2023-06-01T21:35:55,3456.5,9718fca142ae7765c8ca6c3616fab6e303225556,1250675
autoland,4375374,13,92302d37db2c0dde32926e954404b4c8422e3f86,android-hw-a51-11-0-aarch64-shippable-qr,True,False,,|c|o|l|d| |w|e|b|r|e|n|d|e|r|,102210fe594ee9b33d82058545b1ed14f4c8206e,loadtime,imdb,True,imdb loadtime opt cold webrender,,77,ms,geckoview,,1704944992,2023-06-02T02:04:00,3555.0,c365694efc9c7ac4c2c010f9dc97afb7c80107ee,1250783
autoland,4375374,13,92302d37db2c0dde32926e954404b4c8422e3f86,android-hw-a51-11-0-aarch64-shippable-qr,True,False,,|c|o|l|d| |w|e|b|r|e|n|d|e|r|,102210fe594ee9b33d82058545b1ed14f4c8206e,loadtime,imdb,True,imdb loadtime opt cold webrender,,77,ms,geckoview,,1705164995,2023-06-02T12:19:13,3464.5,5d642eb9394b5f5e9e9f0a4b6be492055e341e31,1250979
autoland,4375374,13,92302d37db2c0dde32926e954404b4c8422e3f86,android-hw-a51-11-0-aarch64-shippable-qr,True,False,,|c|o|l|d| |w|e|b|r|e|n|d|e|r|,102210fe594ee9b33d82058545b1ed14f4c8206e,loadtime,imdb,True,imdb loadtime opt cold webrender,,77,ms,geckoview,,1705203082,2023-06-02T13:27:34,3497.0,e2c71d0ed1e8bb2b9752f78b13c31171d5dde3a9,1251019
autoland,4375374,13,92302d37db2c0dde32926e954404b4c8422e3f86,android-hw-a51-11-0-aarch64-shippable-qr,True,False,,|c|o|l|d| |w|e|b|r|e|n|d|e|r|,102210fe594ee9b33d82058545b1ed14f4c8206e,loadtime,imdb,True,imdb loadtime opt cold webrender,,77,ms,geckoview,,1705297813,2023-06-02T17:59:13,3600.5,ad7e9e56836f2bd7e0668d322719f548e825a685,1251185
autoland,4375374,13,92302d37db2c0dde32926e954404b4c8422e3f86,android-hw-a51-11-0-aarch64-shippable-qr,True,False,,|c|o|l|d| |w|e|b|r|e|n|d|e|r|,102210fe594ee9b33d82058545b1ed14f4c8206e,loadtime,imdb,True,imdb loadtime opt cold webrender,,77,ms,geckoview,,1705296642,2023-06-02T18:03:52,3523.5,8c3b1c60fde747fcb4e3421062a37b829d6acb9f,1251187
autoland,4375374,13,92302d37db2c0dde32926e954404b4c8422e3f86,android-hw-a51-11-0-aarch64-shippable-qr,True,False,,|c|o|l|d| |w|e|b|r|e|n|d|e|r|,102210fe594ee9b33d82058545b1ed14f4c8206e,loadtime,imdb,True,imdb loadtime opt cold webrender,,77,ms,geckoview,,1705401304,2023-06-02T22:18:32,3511.0,b9f63a24bc677e4c6a1f9bc801c2e3bf44dbd6e8,1251308
autoland,4375374,13,92302d37db2c0dde32926e954404b4c8422e3f86,android-hw-a51-11-0-aarch64-shippable-qr,True,False,,|c|o|l|d| |w|e|b|r|e|n|d|e|r|,102210fe594ee9b33d82058545b1ed14f4c8206e,loadtime,imdb,True,imdb loadtime opt cold webrender,,77,ms,geckoview,,1705448675,2023-06-03T05:40:17,3643.0,64bce9d136ae9b4bd5482515721d6daf2da53dc3,1251358
autoland,4375374,13,92302d37db2c0dde32926e954404b4c8422e3f86,android-hw-a51-11-0-aarch64-shippable-qr,True,False,,|c|o|l|d| |w|e|b|r|e|n|d|e|r|,102210fe594ee9b33d82058545b1ed14f4c8206e,loadtime,imdb,True,imdb loadtime opt cold webrender,,77,ms,geckoview,,1705537896,2023-06-03T14:24:38,3524.0,7bc8c25b2935765c57adc63333c221bbe5067831,1251409
autoland,4375374,13,92302d37db2c0dde32926e954404b4c8422e3f86,android-hw-a51-11-0-aarch64-shippable-qr,True,False,,|c|o|l|d| |w|e|b|r|e|n|d|e|r|,102210fe594ee9b33d82058545b1ed14f4c8206e,loadtime,imdb,True,imdb loadtime opt cold webrender,,77,ms,geckoview,,1705593173,2023-06-03T23:39:13,3482.0,b8f06acca6bf62e32647496ed613012fa4c27e9e,1251453
autoland,4375374,13,92302d37db2c0dde32926e954404b4c8422e3f86,android-hw-a51-11-0-aarch64-shippable-qr,True,False,,|c|o|l|d| |w|e|b|r|e|n|d|e|r|,102210fe594ee9b33d82058545b1ed14f4c8206e,loadtime,imdb,True,imdb loadtime opt cold webrender,,77,ms,geckoview,,1705679229,2023-06-04T11:53:44,3488.0,00802389f336283602445d4f08e53b8bd09b43eb,1251481
autoland,4375374,13,92302d37db2c0dde32926e954404b4c8422e3f86,android-hw-a51-11-0-aarch64-shippable-qr,True,False,,|c|o|l|d| |w|e|b|r|e|n|d|e|r|,102210fe594ee9b33d82058545b1ed14f4c8206e,loadtime,imdb,True,imdb loadtime opt cold webrender,,77,ms,geckoview,,1705719992,2023-06-04T20:28:08,3555.5,eeba3a3c20a4dc53210a44734b25d2c0870b6523,1251514
autoland,4375374,13,92302d37db2c0dde32926e954404b4c8422e3f86,android-hw-a51-11-0-aarch64-shippable-qr,True,False,,|c|o|l|d| |w|e|b|r|e|n|d|e|r|,102210fe594ee9b33d82058545b1ed14f4c8206e,loadtime,imdb,True,imdb loadtime opt cold webrender,,77,ms,geckoview,,1705768764,2023-06-05T03:24:10,3496.5,f8fa7749f7bdc93fa3491918a4e8b0fb4db659eb,1251552
autoland,4375374,13,92302d37db2c0dde32926e954404b4c8422e3f86,android-hw-a51-11-0-aarch64-shippable-qr,True,False,,|c|o|l|d| |w|e|b|r|e|n|d|e|r|,102210fe594ee9b33d82058545b1ed14f4c8206e,loadtime,imdb,True,imdb loadtime opt cold webrender,,77,ms,geckoview,,1705808476,2023-06-05T08:05:57,3557.0,61d4558543daf8b284b3194aba84289d6e31ad2f,1251588
autoland,4375374,13,92302d37db2c0dde32926e954404b4c8422e3f86,android-hw-a51-11-0-aarch64-shippable-qr,True,False,,|c|o|l|d| |w|e|b|r|e|n|d|e|r|,102210fe594ee9b33d82058545b1ed14f4c8206e,loadtime,imdb,True,imdb loadtime opt cold webrender,,77,ms,geckoview,,1705922510,2023-06-05T12:01:26,3489.5,00af548d93acc8c2c3ab652a04c882e3a80476a9,1251712
autoland,4375374,13,92302d37db2c0dde32926e954404b4c8422e3f86,android-hw-a51-11-0-aarch64-shippable-qr,True,False,,|c|o|l|d| |w|e|b|r|e|n|d|e|r|,102210fe594ee9b33d82058545b1ed14f4c8206e,loadtime,imdb,True,imdb loadtime opt cold webrender,,77,ms,geckoview,,1706091070,2023-06-05T16:13:31,3432.0,c8df8c0bde6047b8fe23c9716940cbc1c07c2a65,1251888
autoland,4375374,13,92302d37db2c0dde32926e954404b4c8422e3f86,android-hw-a51-11-0-aarch64-shippable-qr,True,False,,|c|o|l|d| |w|e|b|r|e|n|d|e|r|,102210fe594ee9b33d82058545b1ed14f4c8206e,loadtime,imdb,True,imdb loadtime opt cold webrender,,77,ms,geckoview,,1706126500,2023-06-05T16:43:43,3561.0,03d635b2bdb2041550924e64dc0dd20abf4499f9,1251915
autoland,4375374,13,92302d37db2c0dde32926e954404b4c8422e3f86,android-hw-a51-11-0-aarch64-shippable-qr,True,False,,|c|o|l|d| |w|e|b|r|e|n|d|e|r|,102210fe594ee9b33d82058545b1ed14f4c8206e,loadtime,imdb,True,imdb loadtime opt cold webrender,,77,ms,geckoview,,1706235524,2023-06-05T20:14:05,3430.5,d73c2643092115d9b5859c16e121e421656264bc,1252060
autoland,4375374,13,92302d37db2c0dde32926e954404b4c8422e3f86,android-hw-a51-11-0-aarch64-shippable-qr,True,False,,|c|o|l|d| |w|e|b|r|e|n|d|e|r|,102210fe594ee9b33d82058545b1ed14f4c8206e,loadtime,imdb,True,imdb loadtime opt cold webrender,,77,ms,geckoview,,1706447864,2023-06-06T07:45:19,3527.0,7974ac7e053aa00b02c6b9405b4fe87e6729456d,1252336
autoland,4375374,13,92302d37db2c0dde32926e954404b4c8422e3f86,android-hw-a51-11-0-aarch64-shippable-qr,True,False,,|c|o|l|d| |w|e|b|r|e|n|d|e|r|,102210fe594ee9b33d82058545b1ed14f4c8206e,loadtime,imdb,True,imdb loadtime opt cold webrender,,77,ms,geckoview,,1706634018,2023-06-06T12:19:14,3536.8,847d7aa42cbef71e48427dda557da27be7b8a938,1252475
autoland,4375374,13,92302d37db2c0dde32926e954404b4c8422e3f86,android-hw-a51-11-0-aarch64-shippable-qr,True,False,,|c|o|l|d| |w|e|b|r|e|n|d|e|r|,102210fe594ee9b33d82058545b1ed14f4c8206e,loadtime,imdb,True,imdb loadtime opt cold webrender,,77,ms,geckoview,,1706738619,2023-06-06T15:07:26,3479.5,51ecbed77cf45640a921f61934b70efadfb58982,1252589
autoland,4375374,13,92302d37db2c0dde32926e954404b4c8422e3f86,android-hw-a51-11-0-aarch64-shippable-qr,True,False,,|c|o|l|d| |w|e|b|r|e|n|d|e|r|,102210fe594ee9b33d82058545b1ed14f4c8206e,loadtime,imdb,True,imdb loadtime opt cold webrender,,77,ms,geckoview,,1706888265,2023-06-06T19:22:50,3537.6,3e7d709ab2a3a86ff58f4406faa05e738ca49ec9,1252721
autoland,4375374,13,92302d37db2c0dde32926e954404b4c8422e3f86,android-hw-a51-11-0-aarch64-shippable-qr,True,False,,|c|o|l|d| |w|e|b|r|e|n|d|e|r|,102210fe594ee9b33d82058545b1ed14f4c8206e,loadtime,imdb,True,imdb loadtime opt cold webrender,,77,ms,geckoview,,1706906110,2023-06-06T19:49:29,3556.7,9a56830b39f8d6802cef3772f81535d5f7bd475c,1252741
autoland,4375374,13,92302d37db2c0dde32926e954404b4c8422e3f86,android-hw-a51-11-0-aarch64-shippable-qr,True,False,,|c|o|l|d| |w|e|b|r|e|n|d|e|r|,102210fe594ee9b33d82058545b1ed14f4c8206e,loadtime,imdb,True,imdb loadtime opt cold webrender,,77,ms,geckoview,,1706984039,2023-06-06T22:47:19,3585.5,3a8e0dd854b5d9349d96a17de81427442d412db9,1252831
autoland,4375374,13,92302d37db2c0dde32926e954404b4c8422e3f86,android-hw-a51-11-0-aarch64-shippable-qr,True,False,,|c|o|l|d| |w|e|b|r|e|n|d|e|r|,102210fe594ee9b33d82058545b1ed14f4c8206e,loadtime,imdb,True,imdb loadtime opt cold webrender,,77,ms,geckoview,,1707081204,2023-06-07T02:52:45,3577.5,714383968fdbbcb6ef5ff4fc599e11ae386d09ce,1252906
autoland,4375374,13,92302d37db2c0dde32926e954404b4c8422e3f86,android-hw-a51-11-0-aarch64-shippable-qr,True,False,,|c|o|l|d| |w|e|b|r|e|n|d|e|r|,102210fe594ee9b33d82058545b1ed14f4c8206e,loadtime,imdb,True,imdb loadtime opt cold webrender,,77,ms,geckoview,,1707208510,2023-06-07T06:55:53,4239.8,29928f29c7a08d81bf5a480f4678c4c90b0abc68,1252967
autoland,4375374,13,92302d37db2c0dde32926e954404b4c8422e3f86,android-hw-a51-11-0-aarch64-shippable-qr,True,False,,|c|o|l|d| |w|e|b|r|e|n|d|e|r|,102210fe594ee9b33d82058545b1ed14f4c8206e,loadtime,imdb,True,imdb loadtime opt cold webrender,,77,ms,geckoview,,1707325121,2023-06-07T11:44:03,3605.9,5c2039dcc9e34d981b3343ed3819d1f65ef07909,1253076
autoland,4375374,13,92302d37db2c0dde32926e954404b4c8422e3f86,android-hw-a51-11-0-aarch64-shippable-qr,True,False,,|c|o|l|d| |w|e|b|r|e|n|d|e|r|,102210fe594ee9b33d82058545b1ed14f4c8206e,loadtime,imdb,True,imdb loadtime opt cold webrender,,77,ms,geckoview,,1707372865,2023-06-07T13:36:12,3561.1,ed7804ffc016687db27f68ab46e27c0ffefda3af,1253119
autoland,4375374,13,92302d37db2c0dde32926e954404b4c8422e3f86,android-hw-a51-11-0-aarch64-shippable-qr,True,False,,|c|o|l|d| |w|e|b|r|e|n|d|e|r|,102210fe594ee9b33d82058545b1ed14f4c8206e,loadtime,imdb,True,imdb loadtime opt cold webrender,,77,ms,geckoview,,1707579221,2023-06-07T20:51:47,3619.9,d777b008615418be897668f8099b9e68f6666a3c,1253401
autoland,4375374,13,92302d37db2c0dde32926e954404b4c8422e3f86,android-hw-a51-11-0-aarch64-shippable-qr,True,False,,|c|o|l|d| |w|e|b|r|e|n|d|e|r|,102210fe594ee9b33d82058545b1ed14f4c8206e,loadtime,imdb,True,imdb loadtime opt cold webrender,,77,ms,geckoview,,1707656969,2023-06-07T22:54:42,3446.0,c18688c9011d0dc50b79d2f830dbf323c8c75604,1253472
autoland,4375374,13,92302d37db2c0dde32926e954404b4c8422e3f86,android-hw-a51-11-0-aarch64-shippable-qr,True,False,,|c|o|l|d| |w|e|b|r|e|n|d|e|r|,102210fe594ee9b33d82058545b1ed14f4c8206e,loadtime,imdb,True,imdb loadtime opt cold webrender,,77,ms,geckoview,,1707826475,2023-06-08T03:47:09,3548.4,2b2fb0c1bd13f27bbd5094192791600a5e261c4b,1253596
autoland,4375374,13,92302d37db2c0dde32926e954404b4c8422e3f86,android-hw-a51-11-0-aarch64-shippable-qr,True,False,,|c|o|l|d| |w|e|b|r|e|n|d|e|r|,102210fe594ee9b33d82058545b1ed14f4c8206e,loadtime,imdb,True,imdb loadtime opt cold webrender,,77,ms,geckoview,,1707857549,2023-06-08T06:27:32,3461.5,d588d40904f7880592d27c083cb64d31864340cb,1253626
autoland,4375374,13,92302d37db2c0dde32926e954404b4c8422e3f86,android-hw-a51-11-0-aarch64-shippable-qr,True,False,,|c|o|l|d| |w|e|b|r|e|n|d|e|r|,102210fe594ee9b33d82058545b1ed14f4c8206e,loadtime,imdb,True,imdb loadtime opt cold webrender,,77,ms,geckoview,,1707991714,2023-06-08T10:57:22,3493.1,a86d5a3f177d480362c07a9ed34166ae41840ab6,1253788
autoland,4375374,13,92302d37db2c0dde32926e954404b4c8422e3f86,android-hw-a51-11-0-aarch64-shippable-qr,True,False,,|c|o|l|d| |w|e|b|r|e|n|d|e|r|,102210fe594ee9b33d82058545b1ed14f4c8206e,loadtime,imdb,True,imdb loadtime opt cold webrender,,77,ms,geckoview,,1708345509,2023-06-08T21:44:04,3464.5,c7b3905a77fb83c75344dddb5646c5c7f5d16714,1254265
autoland,4375374,13,92302d37db2c0dde32926e954404b4c8422e3f86,android-hw-a51-11-0-aarch64-shippable-qr,True,False,,|c|o|l|d| |w|e|b|r|e|n|d|e|r|,102210fe594ee9b33d82058545b1ed14f4c8206e,loadtime,imdb,True,imdb loadtime opt cold webrender,,77,ms,geckoview,,1708430248,2023-06-09T02:20:20,3479.7,d18ffb52540958c2b12d76b4a392e12df3bc4280,1254350
autoland,4375374,13,92302d37db2c0dde32926e954404b4c8422e3f86,android-hw-a51-11-0-aarch64-shippable-qr,True,False,,|c|o|l|d| |w|e|b|r|e|n|d|e|r|,102210fe594ee9b33d82058545b1ed14f4c8206e,loadtime,imdb,True,imdb loadtime opt cold webrender,,77,ms,geckoview,,1708502867,2023-06-09T06:38:52,3479.1,e76a7e9393add417bcf6a33d7e0c71909cc3c6d9,1254404
autoland,4375374,13,92302d37db2c0dde32926e954404b4c8422e3f86,android-hw-a51-11-0-aarch64-shippable-qr,True,False,,|c|o|l|d| |w|e|b|r|e|n|d|e|r|,102210fe594ee9b33d82058545b1ed14f4c8206e,loadtime,imdb,True,imdb loadtime opt cold webrender,,77,ms,geckoview,,1708548706,2023-06-09T08:40:41,3583.5,6453bd709950f540a9b961069fe05277eec38c4e,1254469
autoland,4375374,13,92302d37db2c0dde32926e954404b4c8422e3f86,android-hw-a51-11-0-aarch64-shippable-qr,True,False,,|c|o|l|d| |w|e|b|r|e|n|d|e|r|,102210fe594ee9b33d82058545b1ed14f4c8206e,loadtime,imdb,True,imdb loadtime opt cold webrender,,77,ms,geckoview,,1708694173,2023-06-09T13:23:42,3614.1,7467d3da5f29eddf7cf135a00cef8cf87b5c6911,1254611
autoland,4375374,13,92302d37db2c0dde32926e954404b4c8422e3f86,android-hw-a51-11-0-aarch64-shippable-qr,True,False,,|c|o|l|d| |w|e|b|r|e|n|d|e|r|,102210fe594ee9b33d82058545b1ed14f4c8206e,loadtime,imdb,True,imdb loadtime opt cold webrender,,77,ms,geckoview,,1708862060,2023-06-09T18:12:56,3604.8,439e88bdf46b8545bcf3fbf4d1cac9bf084df91d,1254830
autoland,4375374,13,92302d37db2c0dde32926e954404b4c8422e3f86,android-hw-a51-11-0-aarch64-shippable-qr,True,False,,|c|o|l|d| |w|e|b|r|e|n|d|e|r|,102210fe594ee9b33d82058545b1ed14f4c8206e,loadtime,imdb,True,imdb loadtime opt cold webrender,,77,ms,geckoview,,1708904617,2023-06-09T19:52:31,3499.8,14c10deaa83992232930103150b2cb2351a623a5,1254912
autoland,4375374,13,92302d37db2c0dde32926e954404b4c8422e3f86,android-hw-a51-11-0-aarch64-shippable-qr,True,False,,|c|o|l|d| |w|e|b|r|e|n|d|e|r|,102210fe594ee9b33d82058545b1ed14f4c8206e,loadtime,imdb,True,imdb loadtime opt cold webrender,,77,ms,geckoview,,1709018880,2023-06-10T01:55:58,3740.4,463e881a627c52313496a136abc6c038a4b92af6,1255101
autoland,4375374,13,92302d37db2c0dde32926e954404b4c8422e3f86,android-hw-a51-11-0-aarch64-shippable-qr,True,False,,|c|o|l|d| |w|e|b|r|e|n|d|e|r|,102210fe594ee9b33d82058545b1ed14f4c8206e,loadtime,imdb,True,imdb loadtime opt cold webrender,,77,ms,geckoview,,1709147195,2023-06-10T13:36:02,3490.1,9c9d29101b3d0533b84b4e75dc06e89fcad3d31a,1255207
autoland,4375374,13,92302d37db2c0dde32926e954404b4c8422e3f86,android-hw-a51-11-0-aarch64-shippable-qr,True,False,,|c|o|l|d| |w|e|b|r|e|n|d|e|r|,102210fe594ee9b33d82058545b1ed14f4c8206e,loadtime,imdb,True,imdb loadtime opt cold webrender,,77,ms,geckoview,,1709231585,2023-06-10T18:37:05,3517.0,879c6932bb49782e5edfdbe48e93d997a2646d84,1255264
autoland,4375374,13,92302d37db2c0dde32926e954404b4c8422e3f86,android-hw-a51-11-0-aarch64-shippable-qr,True,False,,|c|o|l|d| |w|e|b|r|e|n|d|e|r|,102210fe594ee9b33d82058545b1ed14f4c8206e,loadtime,imdb,True,imdb loadtime opt cold webrender,,77,ms,geckoview,,1709269378,2023-06-10T20:39:30,3407.2,711b87deb431206775bf67c5b0d04ace33eb3660,1255276
autoland,4375374,13,92302d37db2c0dde32926e954404b4c8422e3f86,android-hw-a51-11-0-aarch64-shippable-qr,True,False,,|c|o|l|d| |w|e|b|r|e|n|d|e|r|,102210fe594ee9b33d82058545b1ed14f4c8206e,loadtime,imdb,True,imdb loadtime opt cold webrender,,77,ms,geckoview,,1709484366,2023-06-11T14:35:35,3475.5,3904ff924b73ed2df5a530453ab025bb1c2fdf90,1255360
autoland,4375374,13,92302d37db2c0dde32926e954404b4c8422e3f86,android-hw-a51-11-0-aarch64-shippable-qr,True,False,,|c|o|l|d| |w|e|b|r|e|n|d|e|r|,102210fe594ee9b33d82058545b1ed14f4c8206e,loadtime,imdb,True,imdb loadtime opt cold webrender,,77,ms,geckoview,,1709530583,2023-06-11T19:10:58,3523.0,af0665af954105365927736b6a65c4d28533bc4d,1255387
autoland,4375374,13,92302d37db2c0dde32926e954404b4c8422e3f86,android-hw-a51-11-0-aarch64-shippable-qr,True,False,,|c|o|l|d| |w|e|b|r|e|n|d|e|r|,102210fe594ee9b33d82058545b1ed14f4c8206e,loadtime,imdb,True,imdb loadtime opt cold webrender,,77,ms,geckoview,,1709606789,2023-06-12T00:14:44,3527.2,c73c9ac3fe19822fcf08c5bd0bc112056008b4da,1255422
autoland,4375374,13,92302d37db2c0dde32926e954404b4c8422e3f86,android-hw-a51-11-0-aarch64-shippable-qr,True,False,,|c|o|l|d| |w|e|b|r|e|n|d|e|r|,102210fe594ee9b33d82058545b1ed14f4c8206e,loadtime,imdb,True,imdb loadtime opt cold webrender,,77,ms,geckoview,,1709652953,2023-06-12T04:46:29,3457.2,25564434f810ceea8a17b730bd5498b0ca9856c4,1255461
autoland,4375374,13,92302d37db2c0dde32926e954404b4c8422e3f86,android-hw-a51-11-0-aarch64-shippable-qr,True,False,,|c|o|l|d| |w|e|b|r|e|n|d|e|r|,102210fe594ee9b33d82058545b1ed14f4c8206e,loadtime,imdb,True,imdb loadtime opt cold webrender,,77,ms,geckoview,,1709757951,2023-06-12T09:00:15,3487.5,6c51face7335165a532e8f6b035a975ced1be55c,1255535
autoland,4375374,13,92302d37db2c0dde32926e954404b4c8422e3f86,android-hw-a51-11-0-aarch64-shippable-qr,True,False,,|c|o|l|d| |w|e|b|r|e|n|d|e|r|,102210fe594ee9b33d82058545b1ed14f4c8206e,loadtime,imdb,True,imdb loadtime opt cold webrender,,77,ms,geckoview,,1709942752,2023-06-12T09:27:15,3923.9,1dc3aecfed3a924c48ee323c36ee1e783f836dd7,1255558
autoland,4375374,13,92302d37db2c0dde32926e954404b4c8422e3f86,android-hw-a51-11-0-aarch64-shippable-qr,True,False,,|c|o|l|d| |w|e|b|r|e|n|d|e|r|,102210fe594ee9b33d82058545b1ed14f4c8206e,loadtime,imdb,True,imdb loadtime opt cold webrender,,77,ms,geckoview,,1709981405,2023-06-12T14:14:19,4309.5,ee618a493ff9c25c0ecb9dc6087a6179874541da,1255741
autoland,4375374,13,92302d37db2c0dde32926e954404b4c8422e3f86,android-hw-a51-11-0-aarch64-shippable-qr,True,False,,|c|o|l|d| |w|e|b|r|e|n|d|e|r|,102210fe594ee9b33d82058545b1ed14f4c8206e,loadtime,imdb,True,imdb loadtime opt cold webrender,,77,ms,geckoview,,1710068256,2023-06-12T17:28:50,3624.4,53b4b785ae2a7f70257069e77b138fe36b53698a,1255840
autoland,4375374,13,92302d37db2c0dde32926e954404b4c8422e3f86,android-hw-a51-11-0-aarch64-shippable-qr,True,False,,|c|o|l|d| |w|e|b|r|e|n|d|e|r|,102210fe594ee9b33d82058545b1ed14f4c8206e,loadtime,imdb,True,imdb loadtime opt cold webrender,,77,ms,geckoview,,1710202930,2023-06-12T21:22:21,3473.9,eff1078e2398a9021cd61a20eff8062a582128e2,1256012
autoland,4375374,13,92302d37db2c0dde32926e954404b4c8422e3f86,android-hw-a51-11-0-aarch64-shippable-qr,True,False,,|c|o|l|d| |w|e|b|r|e|n|d|e|r|,102210fe594ee9b33d82058545b1ed14f4c8206e,loadtime,imdb,True,imdb loadtime opt cold webrender,,77,ms,geckoview,,1710276145,2023-06-13T02:32:41,3614.5,2bdaa9d6ac390362734ba199115ca10186243e87,1256169
autoland,4375374,13,92302d37db2c0dde32926e954404b4c8422e3f86,android-hw-a51-11-0-aarch64-shippable-qr,True,False,,|c|o|l|d| |w|e|b|r|e|n|d|e|r|,102210fe594ee9b33d82058545b1ed14f4c8206e,loadtime,imdb,True,imdb loadtime opt cold webrender,,77,ms,geckoview,,1710350782,2023-06-13T05:20:45,3729.1,1a37acad51201ba77a18b0951d3a93bc8c9eebf7,1256212
autoland,4375374,13,92302d37db2c0dde32926e954404b4c8422e3f86,android-hw-a51-11-0-aarch64-shippable-qr,True,False,,|c|o|l|d| |w|e|b|r|e|n|d|e|r|,102210fe594ee9b33d82058545b1ed14f4c8206e,loadtime,imdb,True,imdb loadtime opt cold webrender,,77,ms,geckoview,,1710460750,2023-06-13T09:27:30,3444.4,c7b5ae0c3e2d58a11af3dbe818dd67837d0ff44a,1256328
autoland,4375374,13,92302d37db2c0dde32926e954404b4c8422e3f86,android-hw-a51-11-0-aarch64-shippable-qr,True,False,,|c|o|l|d| |w|e|b|r|e|n|d|e|r|,102210fe594ee9b33d82058545b1ed14f4c8206e,loadtime,imdb,True,imdb loadtime opt cold webrender,,77,ms,geckoview,,1710478667,2023-06-13T10:02:00,3485.6,2b9574ef0cc196618dae379b79b53958470216b3,1256346
autoland,4375374,13,92302d37db2c0dde32926e954404b4c8422e3f86,android-hw-a51-11-0-aarch64-shippable-qr,True,False,,|c|o|l|d| |w|e|b|r|e|n|d|e|r|,102210fe594ee9b33d82058545b1ed14f4c8206e,loadtime,imdb,True,imdb loadtime opt cold webrender,,77,ms,geckoview,,1710555411,2023-06-13T13:01:33,3491.5,8cd7aee6cae85ce9804794d4a45bc2f34aa04b66,1256450
autoland,4375374,13,92302d37db2c0dde32926e954404b4c8422e3f86,android-hw-a51-11-0-aarch64-shippable-qr,True,False,,|c|o|l|d| |w|e|b|r|e|n|d|e|r|,102210fe594ee9b33d82058545b1ed14f4c8206e,loadtime,imdb,True,imdb loadtime opt cold webrender,,77,ms,geckoview,,1710680866,2023-06-13T16:01:20,3537.0,93520e8ffd9617b46d026ea530fde0169def3a80,1256570
autoland,4375374,13,92302d37db2c0dde32926e954404b4c8422e3f86,android-hw-a51-11-0-aarch64-shippable-qr,True,False,,|c|o|l|d| |w|e|b|r|e|n|d|e|r|,102210fe594ee9b33d82058545b1ed14f4c8206e,loadtime,imdb,True,imdb loadtime opt cold webrender,,77,ms,geckoview,,1710750615,2023-06-13T18:36:15,3516.7,2d8fa86b279358b19ca794787248a9600c86ef5a,1256676
autoland,4375374,13,92302d37db2c0dde32926e954404b4c8422e3f86,android-hw-a51-11-0-aarch64-shippable-qr,True,False,,|c|o|l|d| |w|e|b|r|e|n|d|e|r|,102210fe594ee9b33d82058545b1ed14f4c8206e,loadtime,imdb,True,imdb loadtime opt cold webrender,,77,ms,geckoview,,1710851593,2023-06-13T22:49:33,3445.8,0e2078b102ffd940ea83c3a5a8b1a176bdd3a8fb,1256827
autoland,4375374,13,92302d37db2c0dde32926e954404b4c8422e3f86,android-hw-a51-11-0-aarch64-shippable-qr,True,False,,|c|o|l|d| |w|e|b|r|e|n|d|e|r|,102210fe594ee9b33d82058545b1ed14f4c8206e,loadtime,imdb,True,imdb loadtime opt cold webrender,,77,ms,geckoview,,1710876829,2023-06-14T00:25:00,3471.9,4c6c30b03e25cbd9d4dfc96f082e8cf241f51109,1256858
autoland,4375374,13,92302d37db2c0dde32926e954404b4c8422e3f86,android-hw-a51-11-0-aarch64-shippable-qr,True,False,,|c|o|l|d| |w|e|b|r|e|n|d|e|r|,102210fe594ee9b33d82058545b1ed14f4c8206e,loadtime,imdb,True,imdb loadtime opt cold webrender,,77,ms,geckoview,,1710967673,2023-06-14T05:14:15,3688.2,b9e3497b939c3bdfee632c7297184b79cfeec9cc,1256948
autoland,4375374,13,92302d37db2c0dde32926e954404b4c8422e3f86,android-hw-a51-11-0-aarch64-shippable-qr,True,False,,|c|o|l|d| |w|e|b|r|e|n|d|e|r|,102210fe594ee9b33d82058545b1ed14f4c8206e,loadtime,imdb,True,imdb loadtime opt cold webrender,,77,ms,geckoview,,1711100012,2023-06-14T11:48:24,3467.1,c6fa16c28b26a19d81b8853153057f32cec6f2fd,1257091
autoland,4375374,13,92302d37db2c0dde32926e954404b4c8422e3f86,android-hw-a51-11-0-aarch64-shippable-qr,True,False,,|c|o|l|d| |w|e|b|r|e|n|d|e|r|,102210fe594ee9b33d82058545b1ed14f4c8206e,loadtime,imdb,True,imdb loadtime opt cold webrender,,77,ms,geckoview,,1711141062,2023-06-14T13:20:02,3455.8,928a5d849e038bf4277f06519f8f7ab3c94cc7ff,1257127
autoland,4375374,13,92302d37db2c0dde32926e954404b4c8422e3f86,android-hw-a51-11-0-aarch64-shippable-qr,True,False,,|c|o|l|d| |w|e|b|r|e|n|d|e|r|,102210fe594ee9b33d82058545b1ed14f4c8206e,loadtime,imdb,True,imdb loadtime opt cold webrender,,77,ms,geckoview,,1711378707,2023-06-14T17:41:50,3567.2,933dd3c3e1c8beb677df8e4d51b1e99b41599f65,1257281
autoland,4375374,13,92302d37db2c0dde32926e954404b4c8422e3f86,android-hw-a51-11-0-aarch64-shippable-qr,True,False,,|c|o|l|d| |w|e|b|r|e|n|d|e|r|,102210fe594ee9b33d82058545b1ed14f4c8206e,loadtime,imdb,True,imdb loadtime opt cold webrender,,77,ms,geckoview,,1711389211,2023-06-14T18:25:51,3510.6,d730841eed9459e5541190a9525313fb1ff98e75,1257330
autoland,4375374,13,92302d37db2c0dde32926e954404b4c8422e3f86,android-hw-a51-11-0-aarch64-shippable-qr,True,False,,|c|o|l|d| |w|e|b|r|e|n|d|e|r|,102210fe594ee9b33d82058545b1ed14f4c8206e,loadtime,imdb,True,imdb loadtime opt cold webrender,,77,ms,geckoview,,1711455838,2023-06-14T20:09:05,3532.8,ff79aa6f7ba8605e7ea59acddd521284f75136e4,1257422
autoland,4375374,13,92302d37db2c0dde32926e954404b4c8422e3f86,android-hw-a51-11-0-aarch64-shippable-qr,True,False,,|c|o|l|d| |w|e|b|r|e|n|d|e|r|,102210fe594ee9b33d82058545b1ed14f4c8206e,loadtime,imdb,True,imdb loadtime opt cold webrender,,77,ms,geckoview,,1711561828,2023-06-14T21:46:45,3465.1,4b1c6fc1fc0f3e664d546c4bf5c24f0c157bc2c5,1257512
autoland,4375374,13,92302d37db2c0dde32926e954404b4c8422e3f86,android-hw-a51-11-0-aarch64-shippable-qr,True,False,,|c|o|l|d| |w|e|b|r|e|n|d|e|r|,102210fe594ee9b33d82058545b1ed14f4c8206e,loadtime,imdb,True,imdb loadtime opt cold webrender,,77,ms,geckoview,,1711643369,2023-06-15T01:50:09,3446.8,53e8e97bbe4e0c8fc4deff56e5b8d03391c0c023,1257663
autoland,4375374,13,92302d37db2c0dde32926e954404b4c8422e3f86,android-hw-a51-11-0-aarch64-shippable-qr,True,False,,|c|o|l|d| |w|e|b|r|e|n|d|e|r|,102210fe594ee9b33d82058545b1ed14f4c8206e,loadtime,imdb,True,imdb loadtime opt cold webrender,,77,ms,geckoview,,1711658531,2023-06-15T02:43:47,3468.3,abf8f424d2d09f957d7ecd02af086a9b7adde3f8,1257688
autoland,4375374,13,92302d37db2c0dde32926e954404b4c8422e3f86,android-hw-a51-11-0-aarch64-shippable-qr,True,False,,|c|o|l|d| |w|e|b|r|e|n|d|e|r|,102210fe594ee9b33d82058545b1ed14f4c8206e,loadtime,imdb,True,imdb loadtime opt cold webrender,,77,ms,geckoview,,1711767330,2023-06-15T06:54:30,3451.7,900ba46a6df5d5b6dde0d5de391246157de49c8a,1257783
autoland,4375374,13,92302d37db2c0dde32926e954404b4c8422e3f86,android-hw-a51-11-0-aarch64-shippable-qr,True,False,,|c|o|l|d| |w|e|b|r|e|n|d|e|r|,102210fe594ee9b33d82058545b1ed14f4c8206e,loadtime,imdb,True,imdb loadtime opt cold webrender,,77,ms,geckoview,,1711847589,2023-06-15T10:33:37,3425.5,86864bda9b5f7077819eb76b661bcefb89fd19fa,1257909
autoland,4375374,13,92302d37db2c0dde32926e954404b4c8422e3f86,android-hw-a51-11-0-aarch64-shippable-qr,True,False,,|c|o|l|d| |w|e|b|r|e|n|d|e|r|,102210fe594ee9b33d82058545b1ed14f4c8206e,loadtime,imdb,True,imdb loadtime opt cold webrender,,77,ms,geckoview,,1712047853,2023-06-15T14:40:40,3374.3,02d601db620c1b64867202e025ce19938938a04f,1258053
autoland,4375374,13,92302d37db2c0dde32926e954404b4c8422e3f86,android-hw-a51-11-0-aarch64-shippable-qr,True,False,,|c|o|l|d| |w|e|b|r|e|n|d|e|r|,102210fe594ee9b33d82058545b1ed14f4c8206e,loadtime,imdb,True,imdb loadtime opt cold webrender,,77,ms,geckoview,,1712077756,2023-06-15T14:52:05,3334.6,c71789b596556b921a7d6ce12b4102f252631c4b,1258066
autoland,4375374,13,92302d37db2c0dde32926e954404b4c8422e3f86,android-hw-a51-11-0-aarch64-shippable-qr,True,False,,|c|o|l|d| |w|e|b|r|e|n|d|e|r|,102210fe594ee9b33d82058545b1ed14f4c8206e,loadtime,imdb,True,imdb loadtime opt cold webrender,,77,ms,geckoview,,1712133658,2023-06-15T17:49:05,3566.6,91738dd5bb441001f7837d0cae71c0be46925602,1258216
autoland,4375374,13,92302d37db2c0dde32926e954404b4c8422e3f86,android-hw-a51-11-0-aarch64-shippable-qr,True,False,,|c|o|l|d| |w|e|b|r|e|n|d|e|r|,102210fe594ee9b33d82058545b1ed14f4c8206e,loadtime,imdb,True,imdb loadtime opt cold webrender,,77,ms,geckoview,,1712213847,2023-06-15T20:51:19,3553.3,ba00fe639072b671be556332e4628092d64d31df,1258374
autoland,4375374,13,92302d37db2c0dde32926e954404b4c8422e3f86,android-hw-a51-11-0-aarch64-shippable-qr,True,False,,|c|o|l|d| |w|e|b|r|e|n|d|e|r|,102210fe594ee9b33d82058545b1ed14f4c8206e,loadtime,imdb,True,imdb loadtime opt cold webrender,,77,ms,geckoview,,1712316505,2023-06-16T01:17:42,3482.7,6bc2d3f9b1aaecde92c9388f00f3d564d136d00a,1258594
autoland,4375374,13,92302d37db2c0dde32926e954404b4c8422e3f86,android-hw-a51-11-0-aarch64-shippable-qr,True,False,,|c|o|l|d| |w|e|b|r|e|n|d|e|r|,102210fe594ee9b33d82058545b1ed14f4c8206e,loadtime,imdb,True,imdb loadtime opt cold webrender,,77,ms,geckoview,,1712423192,2023-06-16T06:01:05,3412.0,6a640a4dd3245b82ce97d863bf842b0cd4089ce5,1258674
autoland,4375374,13,92302d37db2c0dde32926e954404b4c8422e3f86,android-hw-a51-11-0-aarch64-shippable-qr,True,False,,|c|o|l|d| |w|e|b|r|e|n|d|e|r|,102210fe594ee9b33d82058545b1ed14f4c8206e,loadtime,imdb,True,imdb loadtime opt cold webrender,,77,ms,geckoview,,1712485645,2023-06-16T08:20:05,3405.6,34ee66e105968b161583947185cad1fcebdc6641,1258718
autoland,4375374,13,92302d37db2c0dde32926e954404b4c8422e3f86,android-hw-a51-11-0-aarch64-shippable-qr,True,False,,|c|o|l|d| |w|e|b|r|e|n|d|e|r|,102210fe594ee9b33d82058545b1ed14f4c8206e,loadtime,imdb,True,imdb loadtime opt cold webrender,,77,ms,geckoview,,1712670640,2023-06-16T12:30:26,3410.1,439d02859a2ebe8406cb74f8d6c7b148011d1658,1258826
autoland,4375374,13,92302d37db2c0dde32926e954404b4c8422e3f86,android-hw-a51-11-0-aarch64-shippable-qr,True,False,,|c|o|l|d| |w|e|b|r|e|n|d|e|r|,102210fe594ee9b33d82058545b1ed14f4c8206e,loadtime,imdb,True,imdb loadtime opt cold webrender,,77,ms,geckoview,,1712856861,2023-06-16T14:03:27,3491.8,1d8c3788eb6fa2e81d627829a32004244d0271df,1258891
autoland,4375374,13,92302d37db2c0dde32926e954404b4c8422e3f86,android-hw-a51-11-0-aarch64-shippable-qr,True,False,,|c|o|l|d| |w|e|b|r|e|n|d|e|r|,102210fe594ee9b33d82058545b1ed14f4c8206e,loadtime,imdb,True,imdb loadtime opt cold webrender,,77,ms,geckoview,,1712896474,2023-06-16T16:55:49,3696.1,e59de52b8ebea2db606a46a888a941400375fe0f,1259018
autoland,4375374,13,92302d37db2c0dde32926e954404b4c8422e3f86,android-hw-a51-11-0-aarch64-shippable-qr,True,False,,|c|o|l|d| |w|e|b|r|e|n|d|e|r|,102210fe594ee9b33d82058545b1ed14f4c8206e,loadtime,imdb,True,imdb loadtime opt cold webrender,,77,ms,geckoview,,1712983015,2023-06-16T19:50:08,3318.0,789349491e2fe15a39f350fe470db7d696989434,1259157
autoland,4375374,13,92302d37db2c0dde32926e954404b4c8422e3f86,android-hw-a51-11-0-aarch64-shippable-qr,True,False,,|c|o|l|d| |w|e|b|r|e|n|d|e|r|,102210fe594ee9b33d82058545b1ed14f4c8206e,loadtime,imdb,True,imdb loadtime opt cold webrender,,77,ms,geckoview,,1713055703,2023-06-17T00:30:00,3438.9,901b7ccc8be5e49a1b9736555af9653d46de349e,1259314
autoland,4375374,13,92302d37db2c0dde32926e954404b4c8422e3f86,android-hw-a51-11-0-aarch64-shippable-qr,True,False,,|c|o|l|d| |w|e|b|r|e|n|d|e|r|,102210fe594ee9b33d82058545b1ed14f4c8206e,loadtime,imdb,True,imdb loadtime opt cold webrender,,77,ms,geckoview,,1713222468,2023-06-17T15:38:59,3413.5,e0262ee6a9a7a642c11266a1e9cfa4bc3fbd4b3b,1259384
autoland,4375374,13,92302d37db2c0dde32926e954404b4c8422e3f86,android-hw-a51-11-0-aarch64-shippable-qr,True,False,,|c|o|l|d| |w|e|b|r|e|n|d|e|r|,102210fe594ee9b33d82058545b1ed14f4c8206e,loadtime,imdb,True,imdb loadtime opt cold webrender,,77,ms,geckoview,,1713344185,2023-06-17T23:38:11,3331.2,72d2cda2651d8fe01c8649f60e0620bc794a87fe,1259423
autoland,4375374,13,92302d37db2c0dde32926e954404b4c8422e3f86,android-hw-a51-11-0-aarch64-shippable-qr,True,False,,|c|o|l|d| |w|e|b|r|e|n|d|e|r|,102210fe594ee9b33d82058545b1ed14f4c8206e,loadtime,imdb,True,imdb loadtime opt cold webrender,,77,ms,geckoview,,1713473725,2023-06-18T11:39:33,3560.9,1634cff61cb0e270b9660ebdc234cfcf3fed2c68,1259465
autoland,4375374,13,92302d37db2c0dde32926e954404b4c8422e3f86,android-hw-a51-11-0-aarch64-shippable-qr,True,False,,|c|o|l|d| |w|e|b|r|e|n|d|e|r|,102210fe594ee9b33d82058545b1ed14f4c8206e,loadtime,imdb,True,imdb loadtime opt cold webrender,,77,ms,geckoview,,1713703430,2023-06-19T00:32:35,3536.0,1c059369d43547f90439b0a44cc76b54a0a3af97,1259516
autoland,4375374,13,92302d37db2c0dde32926e954404b4c8422e3f86,android-hw-a51-11-0-aarch64-shippable-qr,True,False,,|c|o|l|d| |w|e|b|r|e|n|d|e|r|,102210fe594ee9b33d82058545b1ed14f4c8206e,loadtime,imdb,True,imdb loadtime opt cold webrender,,77,ms,geckoview,,1713774204,2023-06-19T05:49:35,3454.2,a9e342522ebdb9602671208a06e988a285d3af18,1259544
autoland,4375374,13,92302d37db2c0dde32926e954404b4c8422e3f86,android-hw-a51-11-0-aarch64-shippable-qr,True,False,,|c|o|l|d| |w|e|b|r|e|n|d|e|r|,102210fe594ee9b33d82058545b1ed14f4c8206e,loadtime,imdb,True,imdb loadtime opt cold webrender,,77,ms,geckoview,,1713930952,2023-06-19T09:32:15,3373.4,0274a8c06c67e5ee1dccdb4e151ccf0ec70af43f,1259616
autoland,4375374,13,92302d37db2c0dde32926e954404b4c8422e3f86,android-hw-a51-11-0-aarch64-shippable-qr,True,False,,|c|o|l|d| |w|e|b|r|e|n|d|e|r|,102210fe594ee9b33d82058545b1ed14f4c8206e,loadtime,imdb,True,imdb loadtime opt cold webrender,,77,ms,geckoview,,1713986558,2023-06-19T13:01:53,3452.0,89c8bf4e9209c0c4b1eb87efab68e96d6dbf8145,1259739
autoland,4375374,13,92302d37db2c0dde32926e954404b4c8422e3f86,android-hw-a51-11-0-aarch64-shippable-qr,True,False,,|c|o|l|d| |w|e|b|r|e|n|d|e|r|,102210fe594ee9b33d82058545b1ed14f4c8206e,loadtime,imdb,True,imdb loadtime opt cold webrender,,77,ms,geckoview,,1714073131,2023-06-19T16:21:16,3495.4,9ecde3181716f5d8ad265d976575224cc04b2887,1259851
autoland,4375374,13,92302d37db2c0dde32926e954404b4c8422e3f86,android-hw-a51-11-0-aarch64-shippable-qr,True,False,,|c|o|l|d| |w|e|b|r|e|n|d|e|r|,102210fe594ee9b33d82058545b1ed14f4c8206e,loadtime,imdb,True,imdb loadtime opt cold webrender,,77,ms,geckoview,,1714137022,2023-06-19T19:03:14,3535.9,e06365982ef6b00590cb160ebe9f4978558d1052,1259928
autoland,4375374,13,92302d37db2c0dde32926e954404b4c8422e3f86,android-hw-a51-11-0-aarch64-shippable-qr,True,False,,|c|o|l|d| |w|e|b|r|e|n|d|e|r|,102210fe594ee9b33d82058545b1ed14f4c8206e,loadtime,imdb,True,imdb loadtime opt cold webrender,,77,ms,geckoview,,1714214208,2023-06-19T23:03:46,3533.6,edef1940a6bd4d95b235e43b1cada493f561f78a,1260042
autoland,4375374,13,92302d37db2c0dde32926e954404b4c8422e3f86,android-hw-a51-11-0-aarch64-shippable-qr,True,False,,|c|o|l|d| |w|e|b|r|e|n|d|e|r|,102210fe594ee9b33d82058545b1ed14f4c8206e,loadtime,imdb,True,imdb loadtime opt cold webrender,,77,ms,geckoview,,1714382113,2023-06-20T04:00:20,3454.6,a4b679a79f2fa00877013dfcc1a886078d728328,1260102
autoland,4375374,13,92302d37db2c0dde32926e954404b4c8422e3f86,android-hw-a51-11-0-aarch64-shippable-qr,True,False,,|c|o|l|d| |w|e|b|r|e|n|d|e|r|,102210fe594ee9b33d82058545b1ed14f4c8206e,loadtime,imdb,True,imdb loadtime opt cold webrender,,77,ms,geckoview,,1714397298,2023-06-20T05:17:25,3497.3,ce5a84713c8b968709940f18f143d251da4fcb83,1260124
autoland,4375374,13,92302d37db2c0dde32926e954404b4c8422e3f86,android-hw-a51-11-0-aarch64-shippable-qr,True,False,,|c|o|l|d| |w|e|b|r|e|n|d|e|r|,102210fe594ee9b33d82058545b1ed14f4c8206e,loadtime,imdb,True,imdb loadtime opt cold webrender,,77,ms,geckoview,,1714511939,2023-06-20T09:18:46,3490.8,caf02cdd31992e89c9bd81c5ec4d391070651f3a,1260213
autoland,4375374,13,92302d37db2c0dde32926e954404b4c8422e3f86,android-hw-a51-11-0-aarch64-shippable-qr,True,False,,|c|o|l|d| |w|e|b|r|e|n|d|e|r|,102210fe594ee9b33d82058545b1ed14f4c8206e,loadtime,imdb,True,imdb loadtime opt cold webrender,,77,ms,geckoview,,1717159014,2023-06-20T10:30:11,3450.0,d86bc8e7e5cb6f47e83ab799a9e6df25293b244b,1260239
autoland,4375374,13,92302d37db2c0dde32926e954404b4c8422e3f86,android-hw-a51-11-0-aarch64-shippable-qr,True,False,,|c|o|l|d| |w|e|b|r|e|n|d|e|r|,102210fe594ee9b33d82058545b1ed14f4c8206e,loadtime,imdb,True,imdb loadtime opt cold webrender,,77,ms,geckoview,,1717133192,2023-06-20T12:13:26,3271.1,bfe3e51df397787d8c2edc825f65f7e8dc43b362,1260273
autoland,4375374,13,92302d37db2c0dde32926e954404b4c8422e3f86,android-hw-a51-11-0-aarch64-shippable-qr,True,False,,|c|o|l|d| |w|e|b|r|e|n|d|e|r|,102210fe594ee9b33d82058545b1ed14f4c8206e,loadtime,imdb,True,imdb loadtime opt cold webrender,,77,ms,geckoview,,1717174984,2023-06-20T12:14:24,3338.0,877d4032c9eaa2265e9b1dac3ac01e38c5d4c8c6,1260274
autoland,4375374,13,92302d37db2c0dde32926e954404b4c8422e3f86,android-hw-a51-11-0-aarch64-shippable-qr,True,False,,|c|o|l|d| |w|e|b|r|e|n|d|e|r|,102210fe594ee9b33d82058545b1ed14f4c8206e,loadtime,imdb,True,imdb loadtime opt cold webrender,,77,ms,geckoview,,1717156379,2023-06-20T12:18:59,3443.6,645f4d250ddbeba8617453c955b301dc7efe016d,1260276
autoland,4375374,13,92302d37db2c0dde32926e954404b4c8422e3f86,android-hw-a51-11-0-aarch64-shippable-qr,True,False,,|c|o|l|d| |w|e|b|r|e|n|d|e|r|,102210fe594ee9b33d82058545b1ed14f4c8206e,loadtime,imdb,True,imdb loadtime opt cold webrender,,77,ms,geckoview,,1717185881,2023-06-20T12:20:33,3531.4,81ee49e2175e04d9cbe056286234eef972fbef1e,1260278
autoland,4375374,13,92302d37db2c0dde32926e954404b4c8422e3f86,android-hw-a51-11-0-aarch64-shippable-qr,True,False,,|c|o|l|d| |w|e|b|r|e|n|d|e|r|,102210fe594ee9b33d82058545b1ed14f4c8206e,loadtime,imdb,True,imdb loadtime opt cold webrender,,77,ms,geckoview,,1717046140,2023-06-20T12:29:52,3290.1,5ade2b37847325019878bde832493c342759d7eb,1260284
autoland,4375374,13,92302d37db2c0dde32926e954404b4c8422e3f86,android-hw-a51-11-0-aarch64-shippable-qr,True,False,,|c|o|l|d| |w|e|b|r|e|n|d|e|r|,102210fe594ee9b33d82058545b1ed14f4c8206e,loadtime,imdb,True,imdb loadtime opt cold webrender,,77,ms,geckoview,,1714732812,2023-06-20T12:29:52,3613.0,5ade2b37847325019878bde832493c342759d7eb,1260284
autoland,4375374,13,92302d37db2c0dde32926e954404b4c8422e3f86,android-hw-a51-11-0-aarch64-shippable-qr,True,False,,|c|o|l|d| |w|e|b|r|e|n|d|e|r|,102210fe594ee9b33d82058545b1ed14f4c8206e,loadtime,imdb,True,imdb loadtime opt cold webrender,,77,ms,geckoview,,1717067399,2023-06-20T12:34:24,3356.3,ed3672832487424625691069c34d5cd1c4800783,1260291
autoland,4375374,13,92302d37db2c0dde32926e954404b4c8422e3f86,android-hw-a51-11-0-aarch64-shippable-qr,True,False,,|c|o|l|d| |w|e|b|r|e|n|d|e|r|,102210fe594ee9b33d82058545b1ed14f4c8206e,loadtime,imdb,True,imdb loadtime opt cold webrender,,77,ms,geckoview,,1717180887,2023-06-20T12:39:09,3643.3,8f9703d8891ede813e3ce97435d50f0cb69a1a55,1260295
autoland,4375374,13,92302d37db2c0dde32926e954404b4c8422e3f86,android-hw-a51-11-0-aarch64-shippable-qr,True,False,,|c|o|l|d| |w|e|b|r|e|n|d|e|r|,102210fe594ee9b33d82058545b1ed14f4c8206e,loadtime,imdb,True,imdb loadtime opt cold webrender,,77,ms,geckoview,,1717152331,2023-06-20T12:46:56,3399.9,1be4cb72888eb43d48eb98b0daf847eeaf34adc1,1260304
autoland,4375374,13,92302d37db2c0dde32926e954404b4c8422e3f86,android-hw-a51-11-0-aarch64-shippable-qr,True,False,,|c|o|l|d| |w|e|b|r|e|n|d|e|r|,102210fe594ee9b33d82058545b1ed14f4c8206e,loadtime,imdb,True,imdb loadtime opt cold webrender,,77,ms,geckoview,,1717059660,2023-06-20T12:51:02,3413.7,24f412813a276fd6f2222e38a64216ff601175e7,1260306
autoland,4375374,13,92302d37db2c0dde32926e954404b4c8422e3f86,android-hw-a51-11-0-aarch64-shippable-qr,True,False,,|c|o|l|d| |w|e|b|r|e|n|d|e|r|,102210fe594ee9b33d82058545b1ed14f4c8206e,loadtime,imdb,True,imdb loadtime opt cold webrender,,77,ms,geckoview,,1717169991,2023-06-20T13:07:50,3404.0,4e8a72d9ff37c7404bf4dbb8305e25cc8a9168f5,1260310
autoland,4375374,13,92302d37db2c0dde32926e954404b4c8422e3f86,android-hw-a51-11-0-aarch64-shippable-qr,True,False,,|c|o|l|d| |w|e|b|r|e|n|d|e|r|,102210fe594ee9b33d82058545b1ed14f4c8206e,loadtime,imdb,True,imdb loadtime opt cold webrender,,77,ms,geckoview,,1717146846,2023-06-20T13:15:28,3323.3,d238e609ab5c722c8756fae68dcee632184e83ea,1260315
autoland,4375374,13,92302d37db2c0dde32926e954404b4c8422e3f86,android-hw-a51-11-0-aarch64-shippable-qr,True,False,,|c|o|l|d| |w|e|b|r|e|n|d|e|r|,102210fe594ee9b33d82058545b1ed14f4c8206e,loadtime,imdb,True,imdb loadtime opt cold webrender,,77,ms,geckoview,,1717048321,2023-06-20T13:16:23,3412.8,2a357dfcda5c76e2730168adf7715a8b0fe64909,1260318
autoland,4375374,13,92302d37db2c0dde32926e954404b4c8422e3f86,android-hw-a51-11-0-aarch64-shippable-qr,True,False,,|c|o|l|d| |w|e|b|r|e|n|d|e|r|,102210fe594ee9b33d82058545b1ed14f4c8206e,loadtime,imdb,True,imdb loadtime opt cold webrender,,77,ms,geckoview,,1717049474,2023-06-20T13:20:46,3552.6,45dc6efe7f01341ff7dbed8e768ddd2f1c6c20c5,1260323
autoland,4375374,13,92302d37db2c0dde32926e954404b4c8422e3f86,android-hw-a51-11-0-aarch64-shippable-qr,True,False,,|c|o|l|d| |w|e|b|r|e|n|d|e|r|,102210fe594ee9b33d82058545b1ed14f4c8206e,loadtime,imdb,True,imdb loadtime opt cold webrender,,77,ms,geckoview,,1717047868,2023-06-20T13:42:49,3059.1,24de8014b48f55b1c907f6c3e01fd4d2a9dde27e,1260341
autoland,4375374,13,92302d37db2c0dde32926e954404b4c8422e3f86,android-hw-a51-11-0-aarch64-shippable-qr,True,False,,|c|o|l|d| |w|e|b|r|e|n|d|e|r|,102210fe594ee9b33d82058545b1ed14f4c8206e,loadtime,imdb,True,imdb loadtime opt cold webrender,,77,ms,geckoview,,1717050213,2023-06-20T14:26:20,3060.2,3406ed84fd90de91de258d6ad4ac590df5bd0672,1260372
autoland,4375374,13,92302d37db2c0dde32926e954404b4c8422e3f86,android-hw-a51-11-0-aarch64-shippable-qr,True,False,,|c|o|l|d| |w|e|b|r|e|n|d|e|r|,102210fe594ee9b33d82058545b1ed14f4c8206e,loadtime,imdb,True,imdb loadtime opt cold webrender,,77,ms,geckoview,,1717051730,2023-06-20T14:57:21,3256.8,b63c85346aa0d4fd3fdfeadaec06f4824104d8d2,1260404
autoland,4375374,13,92302d37db2c0dde32926e954404b4c8422e3f86,android-hw-a51-11-0-aarch64-shippable-qr,True,False,,|c|o|l|d| |w|e|b|r|e|n|d|e|r|,102210fe594ee9b33d82058545b1ed14f4c8206e,loadtime,imdb,True,imdb loadtime opt cold webrender,,77,ms,geckoview,,1717050390,2023-06-20T14:58:14,3019.9,9d46fcf43aec9baa276df32ea10e7bc0223d9bc3,1260406
autoland,4375374,13,92302d37db2c0dde32926e954404b4c8422e3f86,android-hw-a51-11-0-aarch64-shippable-qr,True,False,,|c|o|l|d| |w|e|b|r|e|n|d|e|r|,102210fe594ee9b33d82058545b1ed14f4c8206e,loadtime,imdb,True,imdb loadtime opt cold webrender,,77,ms,geckoview,,1717052391,2023-06-20T15:21:18,3072.1,809786b4d44c9cfec686b8a3dbd74248250b88d6,1260432
autoland,4375374,13,92302d37db2c0dde32926e954404b4c8422e3f86,android-hw-a51-11-0-aarch64-shippable-qr,True,False,,|c|o|l|d| |w|e|b|r|e|n|d|e|r|,102210fe594ee9b33d82058545b1ed14f4c8206e,loadtime,imdb,True,imdb loadtime opt cold webrender,,77,ms,geckoview,,1717054354,2023-06-20T15:23:34,3127.6,aa9ee0e3e4e9225fc0df7f62a09066fcf68df911,1260437
autoland,4375374,13,92302d37db2c0dde32926e954404b4c8422e3f86,android-hw-a51-11-0-aarch64-shippable-qr,True,False,,|c|o|l|d| |w|e|b|r|e|n|d|e|r|,102210fe594ee9b33d82058545b1ed14f4c8206e,loadtime,imdb,True,imdb loadtime opt cold webrender,,77,ms,geckoview,,1717055125,2023-06-20T16:03:23,3157.9,e9628678f201d39046a1ea4b28d6ed4cde26cb9c,1260474
autoland,4375374,13,92302d37db2c0dde32926e954404b4c8422e3f86,android-hw-a51-11-0-aarch64-shippable-qr,True,False,,|c|o|l|d| |w|e|b|r|e|n|d|e|r|,102210fe594ee9b33d82058545b1ed14f4c8206e,loadtime,imdb,True,imdb loadtime opt cold webrender,,77,ms,geckoview,,1717054003,2023-06-20T16:17:37,3005.8,fb3564516aae32a67b396d514b84888ba24336a2,1260491
autoland,4375374,13,92302d37db2c0dde32926e954404b4c8422e3f86,android-hw-a51-11-0-aarch64-shippable-qr,True,False,,|c|o|l|d| |w|e|b|r|e|n|d|e|r|,102210fe594ee9b33d82058545b1ed14f4c8206e,loadtime,imdb,True,imdb loadtime opt cold webrender,,77,ms,geckoview,,1717054330,2023-06-20T16:25:23,3054.6,e32891f97a2bdd2b85b08b77f0874f493745626d,1260499
autoland,4375374,13,92302d37db2c0dde32926e954404b4c8422e3f86,android-hw-a51-11-0-aarch64-shippable-qr,True,False,,|c|o|l|d| |w|e|b|r|e|n|d|e|r|,102210fe594ee9b33d82058545b1ed14f4c8206e,loadtime,imdb,True,imdb loadtime opt cold webrender,,77,ms,geckoview,,1714925456,2023-06-20T16:34:00,3347.8,1877c1e6db6f8a23c52ab9238c7f62d0b696f0ce,1260512
autoland,4375374,13,92302d37db2c0dde32926e954404b4c8422e3f86,android-hw-a51-11-0-aarch64-shippable-qr,True,False,,|c|o|l|d| |w|e|b|r|e|n|d|e|r|,102210fe594ee9b33d82058545b1ed14f4c8206e,loadtime,imdb,True,imdb loadtime opt cold webrender,,77,ms,geckoview,,1716999397,2023-06-20T16:34:00,3035.7,1877c1e6db6f8a23c52ab9238c7f62d0b696f0ce,1260512
autoland,4375374,13,92302d37db2c0dde32926e954404b4c8422e3f86,android-hw-a51-11-0-aarch64-shippable-qr,True,False,,|c|o|l|d| |w|e|b|r|e|n|d|e|r|,102210fe594ee9b33d82058545b1ed14f4c8206e,loadtime,imdb,True,imdb loadtime opt cold webrender,,77,ms,geckoview,,1716999546,2023-06-20T16:34:00,3044.0,1877c1e6db6f8a23c52ab9238c7f62d0b696f0ce,1260512
autoland,4375374,13,92302d37db2c0dde32926e954404b4c8422e3f86,android-hw-a51-11-0-aarch64-shippable-qr,True,False,,|c|o|l|d| |w|e|b|r|e|n|d|e|r|,102210fe594ee9b33d82058545b1ed14f4c8206e,loadtime,imdb,True,imdb loadtime opt cold webrender,,77,ms,geckoview,,1717001648,2023-06-20T16:34:00,3189.4,1877c1e6db6f8a23c52ab9238c7f62d0b696f0ce,1260512
autoland,4375374,13,92302d37db2c0dde32926e954404b4c8422e3f86,android-hw-a51-11-0-aarch64-shippable-qr,True,False,,|c|o|l|d| |w|e|b|r|e|n|d|e|r|,102210fe594ee9b33d82058545b1ed14f4c8206e,loadtime,imdb,True,imdb loadtime opt cold webrender,,77,ms,geckoview,,1717001317,2023-06-20T16:34:00,3011.4,1877c1e6db6f8a23c52ab9238c7f62d0b696f0ce,1260512
autoland,4375374,13,92302d37db2c0dde32926e954404b4c8422e3f86,android-hw-a51-11-0-aarch64-shippable-qr,True,False,,|c|o|l|d| |w|e|b|r|e|n|d|e|r|,102210fe594ee9b33d82058545b1ed14f4c8206e,loadtime,imdb,True,imdb loadtime opt cold webrender,,77,ms,geckoview,,1717004526,2023-06-20T16:34:00,3065.8,1877c1e6db6f8a23c52ab9238c7f62d0b696f0ce,1260512
autoland,4375374,13,92302d37db2c0dde32926e954404b4c8422e3f86,android-hw-a51-11-0-aarch64-shippable-qr,True,False,,|c|o|l|d| |w|e|b|r|e|n|d|e|r|,102210fe594ee9b33d82058545b1ed14f4c8206e,loadtime,imdb,True,imdb loadtime opt cold webrender,,77,ms,geckoview,,1717004619,2023-06-20T16:34:00,3174.7,1877c1e6db6f8a23c52ab9238c7f62d0b696f0ce,1260512
autoland,4375374,13,92302d37db2c0dde32926e954404b4c8422e3f86,android-hw-a51-11-0-aarch64-shippable-qr,True,False,,|c|o|l|d| |w|e|b|r|e|n|d|e|r|,102210fe594ee9b33d82058545b1ed14f4c8206e,loadtime,imdb,True,imdb loadtime opt cold webrender,,77,ms,geckoview,,1717017873,2023-06-20T16:34:00,3121.9,1877c1e6db6f8a23c52ab9238c7f62d0b696f0ce,1260512
autoland,4375374,13,92302d37db2c0dde32926e954404b4c8422e3f86,android-hw-a51-11-0-aarch64-shippable-qr,True,False,,|c|o|l|d| |w|e|b|r|e|n|d|e|r|,102210fe594ee9b33d82058545b1ed14f4c8206e,loadtime,imdb,True,imdb loadtime opt cold webrender,,77,ms,geckoview,,1717055984,2023-06-20T16:34:00,3065.7,1877c1e6db6f8a23c52ab9238c7f62d0b696f0ce,1260512
autoland,4375374,13,92302d37db2c0dde32926e954404b4c8422e3f86,android-hw-a51-11-0-aarch64-shippable-qr,True,False,,|c|o|l|d| |w|e|b|r|e|n|d|e|r|,102210fe594ee9b33d82058545b1ed14f4c8206e,loadtime,imdb,True,imdb loadtime opt cold webrender,,77,ms,geckoview,,1717055772,2023-06-20T16:35:05,3076.9,0a06638b1f498a3eb491480928ee50ec085bc188,1260514
autoland,4375374,13,92302d37db2c0dde32926e954404b4c8422e3f86,android-hw-a51-11-0-aarch64-shippable-qr,True,False,,|c|o|l|d| |w|e|b|r|e|n|d|e|r|,102210fe594ee9b33d82058545b1ed14f4c8206e,loadtime,imdb,True,imdb loadtime opt cold webrender,,77,ms,geckoview,,1714946830,2023-06-20T16:35:53,3839.8,2ad5c2418b372960126440af5aa568104de3bfb8,1260515
autoland,4375374,13,92302d37db2c0dde32926e954404b4c8422e3f86,android-hw-a51-11-0-aarch64-shippable-qr,True,False,,|c|o|l|d| |w|e|b|r|e|n|d|e|r|,102210fe594ee9b33d82058545b1ed14f4c8206e,loadtime,imdb,True,imdb loadtime opt cold webrender,,77,ms,geckoview,,1716992352,2023-06-20T16:35:53,2986.0,2ad5c2418b372960126440af5aa568104de3bfb8,1260515
autoland,4375374,13,92302d37db2c0dde32926e954404b4c8422e3f86,android-hw-a51-11-0-aarch64-shippable-qr,True,False,,|c|o|l|d| |w|e|b|r|e|n|d|e|r|,102210fe594ee9b33d82058545b1ed14f4c8206e,loadtime,imdb,True,imdb loadtime opt cold webrender,,77,ms,geckoview,,1716992178,2023-06-20T16:35:53,2987.7,2ad5c2418b372960126440af5aa568104de3bfb8,1260515
autoland,4375374,13,92302d37db2c0dde32926e954404b4c8422e3f86,android-hw-a51-11-0-aarch64-shippable-qr,True,False,,|c|o|l|d| |w|e|b|r|e|n|d|e|r|,102210fe594ee9b33d82058545b1ed14f4c8206e,loadtime,imdb,True,imdb loadtime opt cold webrender,,77,ms,geckoview,,1716995681,2023-06-20T16:35:53,2982.1,2ad5c2418b372960126440af5aa568104de3bfb8,1260515
autoland,4375374,13,92302d37db2c0dde32926e954404b4c8422e3f86,android-hw-a51-11-0-aarch64-shippable-qr,True,False,,|c|o|l|d| |w|e|b|r|e|n|d|e|r|,102210fe594ee9b33d82058545b1ed14f4c8206e,loadtime,imdb,True,imdb loadtime opt cold webrender,,77,ms,geckoview,,1716995734,2023-06-20T16:35:53,3015.0,2ad5c2418b372960126440af5aa568104de3bfb8,1260515
autoland,4375374,13,92302d37db2c0dde32926e954404b4c8422e3f86,android-hw-a51-11-0-aarch64-shippable-qr,True,False,,|c|o|l|d| |w|e|b|r|e|n|d|e|r|,102210fe594ee9b33d82058545b1ed14f4c8206e,loadtime,imdb,True,imdb loadtime opt cold webrender,,77,ms,geckoview,,1716993364,2023-06-20T16:35:53,3032.7,2ad5c2418b372960126440af5aa568104de3bfb8,1260515
autoland,4375374,13,92302d37db2c0dde32926e954404b4c8422e3f86,android-hw-a51-11-0-aarch64-shippable-qr,True,False,,|c|o|l|d| |w|e|b|r|e|n|d|e|r|,102210fe594ee9b33d82058545b1ed14f4c8206e,loadtime,imdb,True,imdb loadtime opt cold webrender,,77,ms,geckoview,,1716995561,2023-06-20T16:35:53,2959.1,2ad5c2418b372960126440af5aa568104de3bfb8,1260515
autoland,4375374,13,92302d37db2c0dde32926e954404b4c8422e3f86,android-hw-a51-11-0-aarch64-shippable-qr,True,False,,|c|o|l|d| |w|e|b|r|e|n|d|e|r|,102210fe594ee9b33d82058545b1ed14f4c8206e,loadtime,imdb,True,imdb loadtime opt cold webrender,,77,ms,geckoview,,1716996167,2023-06-20T16:35:53,2996.8,2ad5c2418b372960126440af5aa568104de3bfb8,1260515
autoland,4375374,13,92302d37db2c0dde32926e954404b4c8422e3f86,android-hw-a51-11-0-aarch64-shippable-qr,True,False,,|c|o|l|d| |w|e|b|r|e|n|d|e|r|,102210fe594ee9b33d82058545b1ed14f4c8206e,loadtime,imdb,True,imdb loadtime opt cold webrender,,77,ms,geckoview,,1717207933,2023-06-20T19:17:59,3132.8,7c4a7926b0a16c7ca0472d1a3a814727058bc5eb,1260658
autoland,4375374,13,92302d37db2c0dde32926e954404b4c8422e3f86,android-hw-a51-11-0-aarch64-shippable-qr,True,False,,|c|o|l|d| |w|e|b|r|e|n|d|e|r|,102210fe594ee9b33d82058545b1ed14f4c8206e,loadtime,imdb,True,imdb loadtime opt cold webrender,,77,ms,geckoview,,1717212733,2023-06-20T19:51:45,3106.9,e2747753fb5ec582e6f9fa4400528f2ef74e84d6,1260683
autoland,4375374,13,92302d37db2c0dde32926e954404b4c8422e3f86,android-hw-a51-11-0-aarch64-shippable-qr,True,False,,|c|o|l|d| |w|e|b|r|e|n|d|e|r|,102210fe594ee9b33d82058545b1ed14f4c8206e,loadtime,imdb,True,imdb loadtime opt cold webrender,,77,ms,geckoview,,1717211673,2023-06-20T19:52:38,3005.5,a3c2dfde3272c56e593e4c2041543b8e7a66c701,1260684
autoland,4375374,13,92302d37db2c0dde32926e954404b4c8422e3f86,android-hw-a51-11-0-aarch64-shippable-qr,True,False,,|c|o|l|d| |w|e|b|r|e|n|d|e|r|,102210fe594ee9b33d82058545b1ed14f4c8206e,loadtime,imdb,True,imdb loadtime opt cold webrender,,77,ms,geckoview,,1717209720,2023-06-20T19:54:42,3009.7,3cd3c8d87d6bebbfed993e7bafce8345f5af9a21,1260686
autoland,4375374,13,92302d37db2c0dde32926e954404b4c8422e3f86,android-hw-a51-11-0-aarch64-shippable-qr,True,False,,|c|o|l|d| |w|e|b|r|e|n|d|e|r|,102210fe594ee9b33d82058545b1ed14f4c8206e,loadtime,imdb,True,imdb loadtime opt cold webrender,,77,ms,geckoview,,1717207652,2023-06-20T20:00:07,3023.8,4b9eda653a649c39d694da2a973a09a69f896315,1260692
autoland,4375374,13,92302d37db2c0dde32926e954404b4c8422e3f86,android-hw-a51-11-0-aarch64-shippable-qr,True,False,,|c|o|l|d| |w|e|b|r|e|n|d|e|r|,102210fe594ee9b33d82058545b1ed14f4c8206e,loadtime,imdb,True,imdb loadtime opt cold webrender,,77,ms,geckoview,,1717207910,2023-06-20T20:26:38,3004.6,ef4a17695c6b5600abe3792923e7689fde3206d9,1260707
autoland,4375374,13,92302d37db2c0dde32926e954404b4c8422e3f86,android-hw-a51-11-0-aarch64-shippable-qr,True,False,,|c|o|l|d| |w|e|b|r|e|n|d|e|r|,102210fe594ee9b33d82058545b1ed14f4c8206e,loadtime,imdb,True,imdb loadtime opt cold webrender,,77,ms,geckoview,,1717210828,2023-06-20T20:29:31,2931.5,aa4642d5b71463428de7a6c74cd9cd4403e301b9,1260713
autoland,4375374,13,92302d37db2c0dde32926e954404b4c8422e3f86,android-hw-a51-11-0-aarch64-shippable-qr,True,False,,|c|o|l|d| |w|e|b|r|e|n|d|e|r|,102210fe594ee9b33d82058545b1ed14f4c8206e,loadtime,imdb,True,imdb loadtime opt cold webrender,,77,ms,geckoview,,1717205644,2023-06-20T20:41:43,2986.5,28d048bd127a9334759bb7ba4f635a0cc4550606,1260723
autoland,4375374,13,92302d37db2c0dde32926e954404b4c8422e3f86,android-hw-a51-11-0-aarch64-shippable-qr,True,False,,|c|o|l|d| |w|e|b|r|e|n|d|e|r|,102210fe594ee9b33d82058545b1ed14f4c8206e,loadtime,imdb,True,imdb loadtime opt cold webrender,,77,ms,geckoview,,1717206967,2023-06-20T20:42:31,3036.0,76e29d4bec7b6338bc95c2b4681a663efbefb0e5,1260726
autoland,4375374,13,92302d37db2c0dde32926e954404b4c8422e3f86,android-hw-a51-11-0-aarch64-shippable-qr,True,False,,|c|o|l|d| |w|e|b|r|e|n|d|e|r|,102210fe594ee9b33d82058545b1ed14f4c8206e,loadtime,imdb,True,imdb loadtime opt cold webrender,,77,ms,geckoview,,1717207822,2023-06-20T20:47:43,3075.1,2e153261c79cff4c3dd25860173987721ff7a05f,1260733
autoland,4375374,13,92302d37db2c0dde32926e954404b4c8422e3f86,android-hw-a51-11-0-aarch64-shippable-qr,True,False,,|c|o|l|d| |w|e|b|r|e|n|d|e|r|,102210fe594ee9b33d82058545b1ed14f4c8206e,loadtime,imdb,True,imdb loadtime opt cold webrender,,77,ms,geckoview,,1717199581,2023-06-20T21:00:10,3132.6,ca56eb2689a6e43c0a7f251a8f1f5b1976e85b81,1260744
autoland,4375374,13,92302d37db2c0dde32926e954404b4c8422e3f86,android-hw-a51-11-0-aarch64-shippable-qr,True,False,,|c|o|l|d| |w|e|b|r|e|n|d|e|r|,102210fe594ee9b33d82058545b1ed14f4c8206e,loadtime,imdb,True,imdb loadtime opt cold webrender,,77,ms,geckoview,,1717199905,2023-06-20T21:01:00,3197.6,e84296dda5ad032839966ac81e45ec1888df8d09,1260746
autoland,4375374,13,92302d37db2c0dde32926e954404b4c8422e3f86,android-hw-a51-11-0-aarch64-shippable-qr,True,False,,|c|o|l|d| |w|e|b|r|e|n|d|e|r|,102210fe594ee9b33d82058545b1ed14f4c8206e,loadtime,imdb,True,imdb loadtime opt cold webrender,,77,ms,geckoview,,1717202407,2023-06-20T21:23:51,3124.3,164d2d7fd02694238f96df0aef4bcf3c232015a1,1260759
autoland,4375374,13,92302d37db2c0dde32926e954404b4c8422e3f86,android-hw-a51-11-0-aarch64-shippable-qr,True,False,,|c|o|l|d| |w|e|b|r|e|n|d|e|r|,102210fe594ee9b33d82058545b1ed14f4c8206e,loadtime,imdb,True,imdb loadtime opt cold webrender,,77,ms,geckoview,,1717197291,2023-06-20T22:09:04,3212.4,8ff185f84377808c981e71eee8f5ceeebde7e7f5,1260782
autoland,4375374,13,92302d37db2c0dde32926e954404b4c8422e3f86,android-hw-a51-11-0-aarch64-shippable-qr,True,False,,|c|o|l|d| |w|e|b|r|e|n|d|e|r|,102210fe594ee9b33d82058545b1ed14f4c8206e,loadtime,imdb,True,imdb loadtime opt cold webrender,,77,ms,geckoview,,1717194542,2023-06-20T22:34:25,3221.6,6fd11756c64136cb821f73e3a15eed93149f1914,1260790
autoland,4375374,13,92302d37db2c0dde32926e954404b4c8422e3f86,android-hw-a51-11-0-aarch64-shippable-qr,True,False,,|c|o|l|d| |w|e|b|r|e|n|d|e|r|,102210fe594ee9b33d82058545b1ed14f4c8206e,loadtime,imdb,True,imdb loadtime opt cold webrender,,77,ms,geckoview,,1717200582,2023-06-20T23:21:36,2968.6,63bf177a34b57632b8ce9ed3c9248996678e8fdd,1260808
autoland,4375374,13,92302d37db2c0dde32926e954404b4c8422e3f86,android-hw-a51-11-0-aarch64-shippable-qr,True,False,,|c|o|l|d| |w|e|b|r|e|n|d|e|r|,102210fe594ee9b33d82058545b1ed14f4c8206e,loadtime,imdb,True,imdb loadtime opt cold webrender,,77,ms,geckoview,,1717198811,2023-06-21T00:02:00,3132.9,f3fe6cc42791ae3b17782b9d30f3bc4222de9493,1260828
autoland,4375374,13,92302d37db2c0dde32926e954404b4c8422e3f86,android-hw-a51-11-0-aarch64-shippable-qr,True,False,,|c|o|l|d| |w|e|b|r|e|n|d|e|r|,102210fe594ee9b33d82058545b1ed14f4c8206e,loadtime,imdb,True,imdb loadtime opt cold webrender,,77,ms,geckoview,,1717196826,2023-06-21T00:03:07,3097.4,2ac17e8a81a2bab516dcb2465391e1f774aee7a0,1260830
autoland,4375374,13,92302d37db2c0dde32926e954404b4c8422e3f86,android-hw-a51-11-0-aarch64-shippable-qr,True,False,,|c|o|l|d| |w|e|b|r|e|n|d|e|r|,102210fe594ee9b33d82058545b1ed14f4c8206e,loadtime,imdb,True,imdb loadtime opt cold webrender,,77,ms,geckoview,,1717199251,2023-06-21T00:21:13,3081.6,bb801f07d4a012acfe3025c6ed0c1e534bbfd2bc,1260842
autoland,4375374,13,92302d37db2c0dde32926e954404b4c8422e3f86,android-hw-a51-11-0-aarch64-shippable-qr,True,False,,|c|o|l|d| |w|e|b|r|e|n|d|e|r|,102210fe594ee9b33d82058545b1ed14f4c8206e,loadtime,imdb,True,imdb loadtime opt cold webrender,,77,ms,geckoview,,1715274052,2023-06-21T00:51:29,3181.7,143aa1574b8d50e4d2ddd1a2826b25a8418f13c1,1260862
autoland,4375374,13,92302d37db2c0dde32926e954404b4c8422e3f86,android-hw-a51-11-0-aarch64-shippable-qr,True,False,,|c|o|l|d| |w|e|b|r|e|n|d|e|r|,102210fe594ee9b33d82058545b1ed14f4c8206e,loadtime,imdb,True,imdb loadtime opt cold webrender,,77,ms,geckoview,,1716988448,2023-06-21T00:51:29,3133.4,143aa1574b8d50e4d2ddd1a2826b25a8418f13c1,1260862
autoland,4375374,13,92302d37db2c0dde32926e954404b4c8422e3f86,android-hw-a51-11-0-aarch64-shippable-qr,True,False,,|c|o|l|d| |w|e|b|r|e|n|d|e|r|,102210fe594ee9b33d82058545b1ed14f4c8206e,loadtime,imdb,True,imdb loadtime opt cold webrender,,77,ms,geckoview,,1716987904,2023-06-21T00:51:29,3086.1,143aa1574b8d50e4d2ddd1a2826b25a8418f13c1,1260862
autoland,4375374,13,92302d37db2c0dde32926e954404b4c8422e3f86,android-hw-a51-11-0-aarch64-shippable-qr,True,False,,|c|o|l|d| |w|e|b|r|e|n|d|e|r|,102210fe594ee9b33d82058545b1ed14f4c8206e,loadtime,imdb,True,imdb loadtime opt cold webrender,,77,ms,geckoview,,1716988249,2023-06-21T00:51:29,3112.4,143aa1574b8d50e4d2ddd1a2826b25a8418f13c1,1260862
autoland,4375374,13,92302d37db2c0dde32926e954404b4c8422e3f86,android-hw-a51-11-0-aarch64-shippable-qr,True,False,,|c|o|l|d| |w|e|b|r|e|n|d|e|r|,102210fe594ee9b33d82058545b1ed14f4c8206e,loadtime,imdb,True,imdb loadtime opt cold webrender,,77,ms,geckoview,,1716989793,2023-06-21T00:51:29,3074.0,143aa1574b8d50e4d2ddd1a2826b25a8418f13c1,1260862
autoland,4375374,13,92302d37db2c0dde32926e954404b4c8422e3f86,android-hw-a51-11-0-aarch64-shippable-qr,True,False,,|c|o|l|d| |w|e|b|r|e|n|d|e|r|,102210fe594ee9b33d82058545b1ed14f4c8206e,loadtime,imdb,True,imdb loadtime opt cold webrender,,77,ms,geckoview,,1716990223,2023-06-21T00:51:29,3644.2,143aa1574b8d50e4d2ddd1a2826b25a8418f13c1,1260862
autoland,4375374,13,92302d37db2c0dde32926e954404b4c8422e3f86,android-hw-a51-11-0-aarch64-shippable-qr,True,False,,|c|o|l|d| |w|e|b|r|e|n|d|e|r|,102210fe594ee9b33d82058545b1ed14f4c8206e,loadtime,imdb,True,imdb loadtime opt cold webrender,,77,ms,geckoview,,1716991738,2023-06-21T00:51:29,2954.5,143aa1574b8d50e4d2ddd1a2826b25a8418f13c1,1260862
autoland,4375374,13,92302d37db2c0dde32926e954404b4c8422e3f86,android-hw-a51-11-0-aarch64-shippable-qr,True,False,,|c|o|l|d| |w|e|b|r|e|n|d|e|r|,102210fe594ee9b33d82058545b1ed14f4c8206e,loadtime,imdb,True,imdb loadtime opt cold webrender,,77,ms,geckoview,,1716988094,2023-06-21T00:51:29,3043.1,143aa1574b8d50e4d2ddd1a2826b25a8418f13c1,1260862
autoland,4375374,13,92302d37db2c0dde32926e954404b4c8422e3f86,android-hw-a51-11-0-aarch64-shippable-qr,True,False,,|c|o|l|d| |w|e|b|r|e|n|d|e|r|,102210fe594ee9b33d82058545b1ed14f4c8206e,loadtime,imdb,True,imdb loadtime opt cold webrender,,77,ms,geckoview,,1716990570,2023-06-21T00:51:29,3142.2,143aa1574b8d50e4d2ddd1a2826b25a8418f13c1,1260862
autoland,4375374,13,92302d37db2c0dde32926e954404b4c8422e3f86,android-hw-a51-11-0-aarch64-shippable-qr,True,False,,|c|o|l|d| |w|e|b|r|e|n|d|e|r|,102210fe594ee9b33d82058545b1ed14f4c8206e,loadtime,imdb,True,imdb loadtime opt cold webrender,,77,ms,geckoview,,1716992782,2023-06-21T00:51:29,3020.3,143aa1574b8d50e4d2ddd1a2826b25a8418f13c1,1260862
autoland,4375374,13,92302d37db2c0dde32926e954404b4c8422e3f86,android-hw-a51-11-0-aarch64-shippable-qr,True,False,,|c|o|l|d| |w|e|b|r|e|n|d|e|r|,102210fe594ee9b33d82058545b1ed14f4c8206e,loadtime,imdb,True,imdb loadtime opt cold webrender,,77,ms,geckoview,,1715324524,2023-06-21T02:28:11,3132.5,7bdf45ed2f6b565e69fdbc44285af78de3271a4e,1260905
autoland,4375374,13,92302d37db2c0dde32926e954404b4c8422e3f86,android-hw-a51-11-0-aarch64-shippable-qr,True,False,,|c|o|l|d| |w|e|b|r|e|n|d|e|r|,102210fe594ee9b33d82058545b1ed14f4c8206e,loadtime,imdb,True,imdb loadtime opt cold webrender,,77,ms,geckoview,,1715434237,2023-06-21T06:55:17,3099.5,8a382f0bd3211346516d54c647d157320335a806,1260969
autoland,4375374,13,92302d37db2c0dde32926e954404b4c8422e3f86,android-hw-a51-11-0-aarch64-shippable-qr,True,False,,|c|o|l|d| |w|e|b|r|e|n|d|e|r|,102210fe594ee9b33d82058545b1ed14f4c8206e,loadtime,imdb,True,imdb loadtime opt cold webrender,,77,ms,geckoview,,1715455064,2023-06-21T07:34:24,3130.4,4c90403735bebf09d72af91e99745cfcbbae2a35,1260998
autoland,4375374,13,92302d37db2c0dde32926e954404b4c8422e3f86,android-hw-a51-11-0-aarch64-shippable-qr,True,False,,|c|o|l|d| |w|e|b|r|e|n|d|e|r|,102210fe594ee9b33d82058545b1ed14f4c8206e,loadtime,imdb,True,imdb loadtime opt cold webrender,,77,ms,geckoview,,1715636605,2023-06-21T12:20:35,3085.3,14edc9bcbe5615f748cdb086881c6b983aedf04d,1261182
autoland,4375374,13,92302d37db2c0dde32926e954404b4c8422e3f86,android-hw-a51-11-0-aarch64-shippable-qr,True,False,,|c|o|l|d| |w|e|b|r|e|n|d|e|r|,102210fe594ee9b33d82058545b1ed14f4c8206e,loadtime,imdb,True,imdb loadtime opt cold webrender,,77,ms,geckoview,,1715647321,2023-06-21T12:59:17,3054.2,b94f3d418f54f964368486a65cd5d15e828867db,1261207
autoland,4375374,13,92302d37db2c0dde32926e954404b4c8422e3f86,android-hw-a51-11-0-aarch64-shippable-qr,True,False,,|c|o|l|d| |w|e|b|r|e|n|d|e|r|,102210fe594ee9b33d82058545b1ed14f4c8206e,loadtime,imdb,True,imdb loadtime opt cold webrender,,77,ms,geckoview,,1715796792,2023-06-21T16:33:07,3134.9,702dc0aa87a8c3e4929277c1dc8220a7dd72418f,1261278
autoland,4375374,13,92302d37db2c0dde32926e954404b4c8422e3f86,android-hw-a51-11-0-aarch64-shippable-qr,True,False,,|c|o|l|d| |w|e|b|r|e|n|d|e|r|,102210fe594ee9b33d82058545b1ed14f4c8206e,loadtime,imdb,True,imdb loadtime opt cold webrender,,77,ms,geckoview,,1715940450,2023-06-21T20:43:57,3124.7,78880280c2765ec0520ece3184fc8fdbac5b5356,1261541
autoland,4375374,13,92302d37db2c0dde32926e954404b4c8422e3f86,android-hw-a51-11-0-aarch64-shippable-qr,True,False,,|c|o|l|d| |w|e|b|r|e|n|d|e|r|,102210fe594ee9b33d82058545b1ed14f4c8206e,loadtime,imdb,True,imdb loadtime opt cold webrender,,77,ms,geckoview,,1716027380,2023-06-22T00:43:42,3074.8,109834499ca10a69681c6868a23ec828dcf160cf,1261782
autoland,4375374,13,92302d37db2c0dde32926e954404b4c8422e3f86,android-hw-a51-11-0-aarch64-shippable-qr,True,False,,|c|o|l|d| |w|e|b|r|e|n|d|e|r|,102210fe594ee9b33d82058545b1ed14f4c8206e,loadtime,imdb,True,imdb loadtime opt cold webrender,,77,ms,geckoview,,1716089186,2023-06-22T05:48:27,3002.8,57884604206ce9bb39718006eac660e6e32e5044,1261863
autoland,4375374,13,92302d37db2c0dde32926e954404b4c8422e3f86,android-hw-a51-11-0-aarch64-shippable-qr,True,False,,|c|o|l|d| |w|e|b|r|e|n|d|e|r|,102210fe594ee9b33d82058545b1ed14f4c8206e,loadtime,imdb,True,imdb loadtime opt cold webrender,,77,ms,geckoview,,1716124750,2023-06-22T07:29:35,3126.4,45769d7ff3c64d7abfcfedd8f05bb7dcb442270c,1261886
autoland,4375374,13,92302d37db2c0dde32926e954404b4c8422e3f86,android-hw-a51-11-0-aarch64-shippable-qr,True,False,,|c|o|l|d| |w|e|b|r|e|n|d|e|r|,102210fe594ee9b33d82058545b1ed14f4c8206e,loadtime,imdb,True,imdb loadtime opt cold webrender,,77,ms,geckoview,,1716234701,2023-06-22T11:39:08,3158.8,3d85ee9f4f736ebc38b26fed33c8681bb512aa92,1262053
autoland,4375374,13,92302d37db2c0dde32926e954404b4c8422e3f86,android-hw-a51-11-0-aarch64-shippable-qr,True,False,,|c|o|l|d| |w|e|b|r|e|n|d|e|r|,102210fe594ee9b33d82058545b1ed14f4c8206e,loadtime,imdb,True,imdb loadtime opt cold webrender,,77,ms,geckoview,,1716388490,2023-06-22T14:41:02,3128.5,b9e51e69d0451a93822b61cc15d72666124f02dd,1262179
autoland,4375374,13,92302d37db2c0dde32926e954404b4c8422e3f86,android-hw-a51-11-0-aarch64-shippable-qr,True,False,,|c|o|l|d| |w|e|b|r|e|n|d|e|r|,102210fe594ee9b33d82058545b1ed14f4c8206e,loadtime,imdb,True,imdb loadtime opt cold webrender,,77,ms,geckoview,,1716488969,2023-06-22T18:48:21,3128.7,9a98c67180c5914db4ca78d4fc36d6d0721d24a9,1262325
autoland,4375374,13,92302d37db2c0dde32926e954404b4c8422e3f86,android-hw-a51-11-0-aarch64-shippable-qr,True,False,,|c|o|l|d| |w|e|b|r|e|n|d|e|r|,102210fe594ee9b33d82058545b1ed14f4c8206e,loadtime,imdb,True,imdb loadtime opt cold webrender,,77,ms,geckoview,,1716466630,2023-06-22T19:02:55,3105.3,4b261191412d4972eaab59ddb358f2eef865280d,1262337
autoland,4375374,13,92302d37db2c0dde32926e954404b4c8422e3f86,android-hw-a51-11-0-aarch64-shippable-qr,True,False,,|c|o|l|d| |w|e|b|r|e|n|d|e|r|,102210fe594ee9b33d82058545b1ed14f4c8206e,loadtime,imdb,True,imdb loadtime opt cold webrender,,77,ms,geckoview,,1716603407,2023-06-22T22:58:49,3168.7,ec702239c313d37f8ee8d6b4d9b78aba8d4b6580,1262495
autoland,4375374,13,92302d37db2c0dde32926e954404b4c8422e3f86,android-hw-a51-11-0-aarch64-shippable-qr,True,False,,|c|o|l|d| |w|e|b|r|e|n|d|e|r|,102210fe594ee9b33d82058545b1ed14f4c8206e,loadtime,imdb,True,imdb loadtime opt cold webrender,,77,ms,geckoview,,1716699880,2023-06-23T03:22:10,3107.7,a9c0bee966a1e0b10528a9b41b3dcea34ee95b83,1262648
autoland,4375374,13,92302d37db2c0dde32926e954404b4c8422e3f86,android-hw-a51-11-0-aarch64-shippable-qr,True,False,,|c|o|l|d| |w|e|b|r|e|n|d|e|r|,102210fe594ee9b33d82058545b1ed14f4c8206e,loadtime,imdb,True,imdb loadtime opt cold webrender,,77,ms,geckoview,,1716878327,2023-06-23T06:38:21,3245.5,e6ebe768e49bf43fc6465b297a817d1e4994af82,1262712
autoland,4375374,13,92302d37db2c0dde32926e954404b4c8422e3f86,android-hw-a51-11-0-aarch64-shippable-qr,True,False,,|c|o|l|d| |w|e|b|r|e|n|d|e|r|,102210fe594ee9b33d82058545b1ed14f4c8206e,loadtime,imdb,True,imdb loadtime opt cold webrender,,77,ms,geckoview,,1717217895,2023-06-23T10:04:46,3080.1,bd328e6b49f984c8a1b8e2e0e0b2194267d023ac,1262825
autoland,4375374,13,92302d37db2c0dde32926e954404b4c8422e3f86,android-hw-a51-11-0-aarch64-shippable-qr,True,False,,|c|o|l|d| |w|e|b|r|e|n|d|e|r|,102210fe594ee9b33d82058545b1ed14f4c8206e,loadtime,imdb,True,imdb loadtime opt cold webrender,,77,ms,geckoview,,1717230646,2023-06-23T14:10:04,3092.9,21d4902198ae482d7fd52735881f90fb09ffaa07,1262960
autoland,4375374,13,92302d37db2c0dde32926e954404b4c8422e3f86,android-hw-a51-11-0-aarch64-shippable-qr,True,False,,|c|o|l|d| |w|e|b|r|e|n|d|e|r|,102210fe594ee9b33d82058545b1ed14f4c8206e,loadtime,imdb,True,imdb loadtime opt cold webrender,,77,ms,geckoview,,1717235726,2023-06-23T14:24:51,3041.8,801ba619d741b520231e6a0791457e7b44bef641,1262973
autoland,4375374,13,92302d37db2c0dde32926e954404b4c8422e3f86,android-hw-a51-11-0-aarch64-shippable-qr,True,False,,|c|o|l|d| |w|e|b|r|e|n|d|e|r|,102210fe594ee9b33d82058545b1ed14f4c8206e,loadtime,imdb,True,imdb loadtime opt cold webrender,,77,ms,geckoview,,1717237924,2023-06-23T18:49:22,3058.6,efb1631077da0ef473b1fe37d64cd6f652c34f37,1263094
autoland,4375374,13,92302d37db2c0dde32926e954404b4c8422e3f86,android-hw-a51-11-0-aarch64-shippable-qr,True,False,,|c|o|l|d| |w|e|b|r|e|n|d|e|r|,102210fe594ee9b33d82058545b1ed14f4c8206e,loadtime,imdb,True,imdb loadtime opt cold webrender,,77,ms,geckoview,,1717241067,2023-06-23T19:29:51,3106.2,3cfaf216653a2de7529a3bc74907ea4fecc21912,1263108
autoland,4375374,13,92302d37db2c0dde32926e954404b4c8422e3f86,android-hw-a51-11-0-aarch64-shippable-qr,True,False,,|c|o|l|d| |w|e|b|r|e|n|d|e|r|,102210fe594ee9b33d82058545b1ed14f4c8206e,loadtime,imdb,True,imdb loadtime opt cold webrender,,77,ms,geckoview,,1717263819,2023-06-23T23:33:35,3185.6,45c221c4d7560f0ab2b6f7c4d113e2f96d73e994,1263150
autoland,4375374,13,92302d37db2c0dde32926e954404b4c8422e3f86,android-hw-a51-11-0-aarch64-shippable-qr,True,False,,|c|o|l|d| |w|e|b|r|e|n|d|e|r|,102210fe594ee9b33d82058545b1ed14f4c8206e,loadtime,imdb,True,imdb loadtime opt cold webrender,,77,ms,geckoview,,1717391428,2023-06-24T17:55:21,3232.3,31d5ffaf0b16a722c89e3bc6043d1a6dd2df4f59,1263267
autoland,4375374,13,92302d37db2c0dde32926e954404b4c8422e3f86,android-hw-a51-11-0-aarch64-shippable-qr,True,False,,|c|o|l|d| |w|e|b|r|e|n|d|e|r|,102210fe594ee9b33d82058545b1ed14f4c8206e,loadtime,imdb,True,imdb loadtime opt cold webrender,,77,ms,geckoview,,1717499233,2023-06-25T11:25:42,3251.3,a529a3830f684519fc2c2ffb6fbe1b1e77930e71,1263317
autoland,4375374,13,92302d37db2c0dde32926e954404b4c8422e3f86,android-hw-a51-11-0-aarch64-shippable-qr,True,False,,|c|o|l|d| |w|e|b|r|e|n|d|e|r|,102210fe594ee9b33d82058545b1ed14f4c8206e,loadtime,imdb,True,imdb loadtime opt cold webrender,,77,ms,geckoview,,1717634556,2023-06-26T01:53:17,3237.8,391b29854d65124c758af8d7a7765b53ec46b9bf,1263401
autoland,4375374,13,92302d37db2c0dde32926e954404b4c8422e3f86,android-hw-a51-11-0-aarch64-shippable-qr,True,False,,|c|o|l|d| |w|e|b|r|e|n|d|e|r|,102210fe594ee9b33d82058545b1ed14f4c8206e,loadtime,imdb,True,imdb loadtime opt cold webrender,,77,ms,geckoview,,1717722528,2023-06-26T08:39:50,3140.1,b8784b3350a10d9ba119e133ba1afe2fa2862b64,1263470
autoland,4375374,13,92302d37db2c0dde32926e954404b4c8422e3f86,android-hw-a51-11-0-aarch64-shippable-qr,True,False,,|c|o|l|d| |w|e|b|r|e|n|d|e|r|,102210fe594ee9b33d82058545b1ed14f4c8206e,loadtime,imdb,True,imdb loadtime opt cold webrender,,77,ms,geckoview,,1717836368,2023-06-26T12:15:47,3099.8,147bbf0910da38bd103a6cac5b77bca042225107,1263599
autoland,4375374,13,92302d37db2c0dde32926e954404b4c8422e3f86,android-hw-a51-11-0-aarch64-shippable-qr,True,False,,|c|o|l|d| |w|e|b|r|e|n|d|e|r|,102210fe594ee9b33d82058545b1ed14f4c8206e,loadtime,imdb,True,imdb loadtime opt cold webrender,,77,ms,geckoview,,1717946611,2023-06-26T15:17:27,3119.4,a9a1430953c45602083b397b0d0bb8e55a69fa46,1263769
autoland,4375374,13,92302d37db2c0dde32926e954404b4c8422e3f86,android-hw-a51-11-0-aarch64-shippable-qr,True,False,,|c|o|l|d| |w|e|b|r|e|n|d|e|r|,102210fe594ee9b33d82058545b1ed14f4c8206e,loadtime,imdb,True,imdb loadtime opt cold webrender,,77,ms,geckoview,,1718092513,2023-06-26T19:17:54,3206.1,43533d1489bc82330991d4cbac2d5b8e704b7558,1263990
autoland,4375374,13,92302d37db2c0dde32926e954404b4c8422e3f86,android-hw-a51-11-0-aarch64-shippable-qr,True,False,,|c|o|l|d| |w|e|b|r|e|n|d|e|r|,102210fe594ee9b33d82058545b1ed14f4c8206e,loadtime,imdb,True,imdb loadtime opt cold webrender,,77,ms,geckoview,,1718247142,2023-06-26T23:32:18,3067.1,4bdb9438b18b4b7ad15d5f4f62fd67cad4308d62,1264157
autoland,4375374,13,92302d37db2c0dde32926e954404b4c8422e3f86,android-hw-a51-11-0-aarch64-shippable-qr,True,False,,|c|o|l|d| |w|e|b|r|e|n|d|e|r|,102210fe594ee9b33d82058545b1ed14f4c8206e,loadtime,imdb,True,imdb loadtime opt cold webrender,,77,ms,geckoview,,1718263907,2023-06-26T23:58:56,3138.7,b34d04613ffa3abda9bcdd07fc5185a34cdc407b,1264185
autoland,4375374,13,92302d37db2c0dde32926e954404b4c8422e3f86,android-hw-a51-11-0-aarch64-shippable-qr,True,False,,|c|o|l|d| |w|e|b|r|e|n|d|e|r|,102210fe594ee9b33d82058545b1ed14f4c8206e,loadtime,imdb,True,imdb loadtime opt cold webrender,,77,ms,geckoview,,1718372955,2023-06-27T04:20:21,3095.8,e0d8554167a0aad02af68198462e91dd05958593,1264240
autoland,4375374,13,92302d37db2c0dde32926e954404b4c8422e3f86,android-hw-a51-11-0-aarch64-shippable-qr,True,False,,|c|o|l|d| |w|e|b|r|e|n|d|e|r|,102210fe594ee9b33d82058545b1ed14f4c8206e,loadtime,imdb,True,imdb loadtime opt cold webrender,,77,ms,geckoview,,1718425432,2023-06-27T07:09:08,3009.8,e963fffcb3a0375f0c08e6c62d4300cbf79fba0b,1264287
autoland,4375374,13,92302d37db2c0dde32926e954404b4c8422e3f86,android-hw-a51-11-0-aarch64-shippable-qr,True,False,,|c|o|l|d| |w|e|b|r|e|n|d|e|r|,102210fe594ee9b33d82058545b1ed14f4c8206e,loadtime,imdb,True,imdb loadtime opt cold webrender,,77,ms,geckoview,,1718527428,2023-06-27T11:13:52,3137.8,96efb14c1b2e225253f22aae7b217fdd48b4cb9f,1264423
autoland,4375374,13,92302d37db2c0dde32926e954404b4c8422e3f86,android-hw-a51-11-0-aarch64-shippable-qr,True,False,,|c|o|l|d| |w|e|b|r|e|n|d|e|r|,102210fe594ee9b33d82058545b1ed14f4c8206e,loadtime,imdb,True,imdb loadtime opt cold webrender,,77,ms,geckoview,,1718632128,2023-06-27T15:57:28,3126.4,c041b113d5acbf06ba2e6161d9a1ef4fa5b3636b,1264575
autoland,4375374,13,92302d37db2c0dde32926e954404b4c8422e3f86,android-hw-a51-11-0-aarch64-shippable-qr,True,False,,|c|o|l|d| |w|e|b|r|e|n|d|e|r|,102210fe594ee9b33d82058545b1ed14f4c8206e,loadtime,imdb,True,imdb loadtime opt cold webrender,,77,ms,geckoview,,1718646194,2023-06-27T16:17:01,3091.3,da38525a017e6dd411f2c2ccd84d286d86bdad8d,1264584
autoland,4375374,13,92302d37db2c0dde32926e954404b4c8422e3f86,android-hw-a51-11-0-aarch64-shippable-qr,True,False,,|c|o|l|d| |w|e|b|r|e|n|d|e|r|,102210fe594ee9b33d82058545b1ed14f4c8206e,loadtime,imdb,True,imdb loadtime opt cold webrender,,77,ms,geckoview,,1718755393,2023-06-27T20:57:27,3142.0,80adb872a3d1e32f459e5cf3bc77e47008da925f,1264834
autoland,4375374,13,92302d37db2c0dde32926e954404b4c8422e3f86,android-hw-a51-11-0-aarch64-shippable-qr,True,False,,|c|o|l|d| |w|e|b|r|e|n|d|e|r|,102210fe594ee9b33d82058545b1ed14f4c8206e,loadtime,imdb,True,imdb loadtime opt cold webrender,,77,ms,geckoview,,1718861272,2023-06-28T00:04:05,3117.2,591e3233df273509a8c0d0ccd1cc32795ae584dc,1264952
autoland,4375374,13,92302d37db2c0dde32926e954404b4c8422e3f86,android-hw-a51-11-0-aarch64-shippable-qr,True,False,,|c|o|l|d| |w|e|b|r|e|n|d|e|r|,102210fe594ee9b33d82058545b1ed14f4c8206e,loadtime,imdb,True,imdb loadtime opt cold webrender,,77,ms,geckoview,,1718936916,2023-06-28T03:09:49,3087.1,ecb2997338f1c9a2059192ce04d01243537176b9,1265035
autoland,4375374,13,92302d37db2c0dde32926e954404b4c8422e3f86,android-hw-a51-11-0-aarch64-shippable-qr,True,False,,|c|o|l|d| |w|e|b|r|e|n|d|e|r|,102210fe594ee9b33d82058545b1ed14f4c8206e,loadtime,imdb,True,imdb loadtime opt cold webrender,,77,ms,geckoview,,1719027993,2023-06-28T07:19:30,3065.2,51b6f36ff37d4b6906ec5cab830b1e283c6f7395,1265110
autoland,4375374,13,92302d37db2c0dde32926e954404b4c8422e3f86,android-hw-a51-11-0-aarch64-shippable-qr,True,False,,|c|o|l|d| |w|e|b|r|e|n|d|e|r|,102210fe594ee9b33d82058545b1ed14f4c8206e,loadtime,imdb,True,imdb loadtime opt cold webrender,,77,ms,geckoview,,1719129727,2023-06-28T11:29:09,3092.2,3b7b3970a88459c11033effb61df89644e963bda,1265214
autoland,4375374,13,92302d37db2c0dde32926e954404b4c8422e3f86,android-hw-a51-11-0-aarch64-shippable-qr,True,False,,|c|o|l|d| |w|e|b|r|e|n|d|e|r|,102210fe594ee9b33d82058545b1ed14f4c8206e,loadtime,imdb,True,imdb loadtime opt cold webrender,,77,ms,geckoview,,1719219343,2023-06-28T14:16:43,3136.8,c20ba5651ee046629ef49efd2e49f6214c3ae520,1265309
autoland,4375374,13,92302d37db2c0dde32926e954404b4c8422e3f86,android-hw-a51-11-0-aarch64-shippable-qr,True,False,,|c|o|l|d| |w|e|b|r|e|n|d|e|r|,102210fe594ee9b33d82058545b1ed14f4c8206e,loadtime,imdb,True,imdb loadtime opt cold webrender,,77,ms,geckoview,,1719301350,2023-06-28T17:34:48,3280.3,0df511b69760b69959818e34e07aa74a0ad7061a,1265473
autoland,4375374,13,92302d37db2c0dde32926e954404b4c8422e3f86,android-hw-a51-11-0-aarch64-shippable-qr,True,False,,|c|o|l|d| |w|e|b|r|e|n|d|e|r|,102210fe594ee9b33d82058545b1ed14f4c8206e,loadtime,imdb,True,imdb loadtime opt cold webrender,,77,ms,geckoview,,1719445573,2023-06-28T21:47:35,3175.5,d18ee9401610559d6724af1cf6a4ba7ca620f195,1265682
autoland,4375374,13,92302d37db2c0dde32926e954404b4c8422e3f86,android-hw-a51-11-0-aarch64-shippable-qr,True,False,,|c|o|l|d| |w|e|b|r|e|n|d|e|r|,102210fe594ee9b33d82058545b1ed14f4c8206e,loadtime,imdb,True,imdb loadtime opt cold webrender,,77,ms,geckoview,,1719538907,2023-06-29T02:28:53,3142.5,bab00f4f94d567cf8ccf12e64f4e5cccc2ab6783,1265821
autoland,4375374,13,92302d37db2c0dde32926e954404b4c8422e3f86,android-hw-a51-11-0-aarch64-shippable-qr,True,False,,|c|o|l|d| |w|e|b|r|e|n|d|e|r|,102210fe594ee9b33d82058545b1ed14f4c8206e,loadtime,imdb,True,imdb loadtime opt cold webrender,,77,ms,geckoview,,1719709199,2023-06-29T08:54:52,3090.3,046c4b8aaa8932f15825dc4decd3911bb048e7f5,1265934
autoland,4375374,13,92302d37db2c0dde32926e954404b4c8422e3f86,android-hw-a51-11-0-aarch64-shippable-qr,True,False,,|c|o|l|d| |w|e|b|r|e|n|d|e|r|,102210fe594ee9b33d82058545b1ed14f4c8206e,loadtime,imdb,True,imdb loadtime opt cold webrender,,77,ms,geckoview,,1719801724,2023-06-29T12:57:39,3177.6,e784085dfb507c237319c40245ef0b32ddcf82b0,1266033
autoland,4375374,13,92302d37db2c0dde32926e954404b4c8422e3f86,android-hw-a51-11-0-aarch64-shippable-qr,True,False,,|c|o|l|d| |w|e|b|r|e|n|d|e|r|,102210fe594ee9b33d82058545b1ed14f4c8206e,loadtime,imdb,True,imdb loadtime opt cold webrender,,77,ms,geckoview,,1719900808,2023-06-29T15:22:27,3074.4,573b87117fd3efdb12ffb05692f97323c07a9900,1266105
autoland,4375374,13,92302d37db2c0dde32926e954404b4c8422e3f86,android-hw-a51-11-0-aarch64-shippable-qr,True,False,,|c|o|l|d| |w|e|b|r|e|n|d|e|r|,102210fe594ee9b33d82058545b1ed14f4c8206e,loadtime,imdb,True,imdb loadtime opt cold webrender,,77,ms,geckoview,,1719960904,2023-06-29T19:36:56,3093.7,c5ac7e957828eeda97a3af6fc706f41aa567e48e,1266292
autoland,4375374,13,92302d37db2c0dde32926e954404b4c8422e3f86,android-hw-a51-11-0-aarch64-shippable-qr,True,False,,|c|o|l|d| |w|e|b|r|e|n|d|e|r|,102210fe594ee9b33d82058545b1ed14f4c8206e,loadtime,imdb,True,imdb loadtime opt cold webrender,,77,ms,geckoview,,1719979684,2023-06-29T20:41:17,3081.6,e37ddb3aa508e953837fbd08afec4a2aa6f7f5ed,1266342
autoland,4375374,13,92302d37db2c0dde32926e954404b4c8422e3f86,android-hw-a51-11-0-aarch64-shippable-qr,True,False,,|c|o|l|d| |w|e|b|r|e|n|d|e|r|,102210fe594ee9b33d82058545b1ed14f4c8206e,loadtime,imdb,True,imdb loadtime opt cold webrender,,77,ms,geckoview,,1720060311,2023-06-30T01:00:02,3083.0,e547d8e238568d790c74653068edac30240a95c5,1266447
autoland,4375374,13,92302d37db2c0dde32926e954404b4c8422e3f86,android-hw-a51-11-0-aarch64-shippable-qr,True,False,,|c|o|l|d| |w|e|b|r|e|n|d|e|r|,102210fe594ee9b33d82058545b1ed14f4c8206e,loadtime,imdb,True,imdb loadtime opt cold webrender,,77,ms,geckoview,,1720168437,2023-06-30T08:19:33,3127.2,9bc27d87fa29fd921612525cc37e24f0ec3ba76b,1266526
autoland,4375374,13,92302d37db2c0dde32926e954404b4c8422e3f86,android-hw-a51-11-0-aarch64-shippable-qr,True,False,,|c|o|l|d| |w|e|b|r|e|n|d|e|r|,102210fe594ee9b33d82058545b1ed14f4c8206e,loadtime,imdb,True,imdb loadtime opt cold webrender,,77,ms,geckoview,,1720252165,2023-06-30T13:51:38,3084.8,0abcd848f8218f0e2d339bbd497ac60f4a3b752c,1266633
autoland,4375374,13,92302d37db2c0dde32926e954404b4c8422e3f86,android-hw-a51-11-0-aarch64-shippable-qr,True,False,,|c|o|l|d| |w|e|b|r|e|n|d|e|r|,102210fe594ee9b33d82058545b1ed14f4c8206e,loadtime,imdb,True,imdb loadtime opt cold webrender,,77,ms,geckoview,,1720367680,2023-07-01T00:00:49,3071.2,8ee32af33954493677c04d2dad76681d20d37c02,1266825
autoland,4375374,13,92302d37db2c0dde32926e954404b4c8422e3f86,android-hw-a51-11-0-aarch64-shippable-qr,True,False,,|c|o|l|d| |w|e|b|r|e|n|d|e|r|,102210fe594ee9b33d82058545b1ed14f4c8206e,loadtime,imdb,True,imdb loadtime opt cold webrender,,77,ms,geckoview,,1720391854,2023-07-01T02:26:01,3129.6,81b43c5e095f0b0407b6d1a8d4a7f92bf7115e5e,1266845
autoland,4375374,13,92302d37db2c0dde32926e954404b4c8422e3f86,android-hw-a51-11-0-aarch64-shippable-qr,True,False,,|c|o|l|d| |w|e|b|r|e|n|d|e|r|,102210fe594ee9b33d82058545b1ed14f4c8206e,loadtime,imdb,True,imdb loadtime opt cold webrender,,77,ms,geckoview,,1720492971,2023-07-02T04:09:27,3047.1,e8ccd4d6629a5cde6dd4011e79c55630beb87376,1266929
autoland,4375374,13,92302d37db2c0dde32926e954404b4c8422e3f86,android-hw-a51-11-0-aarch64-shippable-qr,True,False,,|c|o|l|d| |w|e|b|r|e|n|d|e|r|,102210fe594ee9b33d82058545b1ed14f4c8206e,loadtime,imdb,True,imdb loadtime opt cold webrender,,77,ms,geckoview,,1720552704,2023-07-02T10:13:29,3101.8,93c2b16409e05c7d2b654d2b5356a2b7742b0d18,1266947
autoland,4375374,13,92302d37db2c0dde32926e954404b4c8422e3f86,android-hw-a51-11-0-aarch64-shippable-qr,True,False,,|c|o|l|d| |w|e|b|r|e|n|d|e|r|,102210fe594ee9b33d82058545b1ed14f4c8206e,loadtime,imdb,True,imdb loadtime opt cold webrender,,77,ms,geckoview,,1720584612,2023-07-02T16:18:34,3161.8,8a50b880c83f70597cd2951c74b7e9420d4b55c7,1266959
autoland,4375374,13,92302d37db2c0dde32926e954404b4c8422e3f86,android-hw-a51-11-0-aarch64-shippable-qr,True,False,,|c|o|l|d| |w|e|b|r|e|n|d|e|r|,102210fe594ee9b33d82058545b1ed14f4c8206e,loadtime,imdb,True,imdb loadtime opt cold webrender,,77,ms,geckoview,,1720645969,2023-07-03T04:14:26,3057.0,03b04345a888d738f358fc74595aabb1dfb2685c,1267009
autoland,4375374,13,92302d37db2c0dde32926e954404b4c8422e3f86,android-hw-a51-11-0-aarch64-shippable-qr,True,False,,|c|o|l|d| |w|e|b|r|e|n|d|e|r|,102210fe594ee9b33d82058545b1ed14f4c8206e,loadtime,imdb,True,imdb loadtime opt cold webrender,,77,ms,geckoview,,1720744398,2023-07-03T08:58:45,3118.4,3463727761e55956f8308f38f71b1654b79497ca,1267059
autoland,4375374,13,92302d37db2c0dde32926e954404b4c8422e3f86,android-hw-a51-11-0-aarch64-shippable-qr,True,False,,|c|o|l|d| |w|e|b|r|e|n|d|e|r|,102210fe594ee9b33d82058545b1ed14f4c8206e,loadtime,imdb,True,imdb loadtime opt cold webrender,,77,ms,geckoview,,1720745131,2023-07-03T08:59:44,3176.3,90c1c72030a4d515720d44706816256c0a1e30a8,1267060
autoland,4375374,13,92302d37db2c0dde32926e954404b4c8422e3f86,android-hw-a51-11-0-aarch64-shippable-qr,True,False,,|c|o|l|d| |w|e|b|r|e|n|d|e|r|,102210fe594ee9b33d82058545b1ed14f4c8206e,loadtime,imdb,True,imdb loadtime opt cold webrender,,77,ms,geckoview,,1720768582,2023-07-03T14:20:46,3167.3,9d50665254899d8431813bdc04178e6006ce6d59,1267108
autoland,4375374,13,92302d37db2c0dde32926e954404b4c8422e3f86,android-hw-a51-11-0-aarch64-shippable-qr,True,False,,|c|o|l|d| |w|e|b|r|e|n|d|e|r|,102210fe594ee9b33d82058545b1ed14f4c8206e,loadtime,imdb,True,imdb loadtime opt cold webrender,,77,ms,geckoview,,1720848876,2023-07-04T00:08:48,3058.0,a820608802f2194dfc19272bf19b7124a7349b79,1267203
autoland,4375374,13,92302d37db2c0dde32926e954404b4c8422e3f86,android-hw-a51-11-0-aarch64-shippable-qr,True,False,,|c|o|l|d| |w|e|b|r|e|n|d|e|r|,102210fe594ee9b33d82058545b1ed14f4c8206e,loadtime,imdb,True,imdb loadtime opt cold webrender,,77,ms,geckoview,,1720894050,2023-07-04T04:57:05,3102.8,b2af19e5ff82fa8850262a0693f4941570a30474,1267245
autoland,4375374,13,92302d37db2c0dde32926e954404b4c8422e3f86,android-hw-a51-11-0-aarch64-shippable-qr,True,False,,|c|o|l|d| |w|e|b|r|e|n|d|e|r|,102210fe594ee9b33d82058545b1ed14f4c8206e,loadtime,imdb,True,imdb loadtime opt cold webrender,,77,ms,geckoview,,1720965597,2023-07-04T07:10:31,3369.8,54bec48c8d6e571fdfbc0694895c371fd3fd08f9,1267272
autoland,4375374,13,92302d37db2c0dde32926e954404b4c8422e3f86,android-hw-a51-11-0-aarch64-shippable-qr,True,False,,|c|o|l|d| |w|e|b|r|e|n|d|e|r|,102210fe594ee9b33d82058545b1ed14f4c8206e,loadtime,imdb,True,imdb loadtime opt cold webrender,,77,ms,geckoview,,1721067977,2023-07-04T11:21:51,3087.2,da13368ff947a55756c871582b1b13ffb6fa001d,1267342
autoland,4375374,13,92302d37db2c0dde32926e954404b4c8422e3f86,android-hw-a51-11-0-aarch64-shippable-qr,True,False,,|c|o|l|d| |w|e|b|r|e|n|d|e|r|,102210fe594ee9b33d82058545b1ed14f4c8206e,loadtime,imdb,True,imdb loadtime opt cold webrender,,77,ms,geckoview,,1721089168,2023-07-04T11:29:32,3134.1,3aa1825bf09a37959e97ac4b5eaa3cc4b236b283,1267347
autoland,4375374,13,92302d37db2c0dde32926e954404b4c8422e3f86,android-hw-a51-11-0-aarch64-shippable-qr,True,False,,|c|o|l|d| |w|e|b|r|e|n|d|e|r|,102210fe594ee9b33d82058545b1ed14f4c8206e,loadtime,imdb,True,imdb loadtime opt cold webrender,,77,ms,geckoview,,1721187591,2023-07-04T15:22:25,3166.7,cf717d6692eb6ff08bb1d0342645c7c6c1dcf8f7,1267503
autoland,4375374,13,92302d37db2c0dde32926e954404b4c8422e3f86,android-hw-a51-11-0-aarch64-shippable-qr,True,False,,|c|o|l|d| |w|e|b|r|e|n|d|e|r|,102210fe594ee9b33d82058545b1ed14f4c8206e,loadtime,imdb,True,imdb loadtime opt cold webrender,,77,ms,geckoview,,1721270422,2023-07-04T19:21:41,3129.5,a8c47414f934fc13d47ba329f04089ab17eb2407,1267627
autoland,4375374,13,92302d37db2c0dde32926e954404b4c8422e3f86,android-hw-a51-11-0-aarch64-shippable-qr,True,False,,|c|o|l|d| |w|e|b|r|e|n|d|e|r|,102210fe594ee9b33d82058545b1ed14f4c8206e,loadtime,imdb,True,imdb loadtime opt cold webrender,,77,ms,geckoview,,1721374651,2023-07-04T23:33:38,3148.3,3639b6891b332ea6c4ffea87bb2d1139c38b781d,1267723
autoland,4375374,13,92302d37db2c0dde32926e954404b4c8422e3f86,android-hw-a51-11-0-aarch64-shippable-qr,True,False,,|c|o|l|d| |w|e|b|r|e|n|d|e|r|,102210fe594ee9b33d82058545b1ed14f4c8206e,loadtime,imdb,True,imdb loadtime opt cold webrender,,77,ms,geckoview,,1721496074,2023-07-05T03:49:13,3070.6,243ab04b37e31315f3db16a95bf6535124d9edda,1267756
autoland,4375374,13,92302d37db2c0dde32926e954404b4c8422e3f86,android-hw-a51-11-0-aarch64-shippable-qr,True,False,,|c|o|l|d| |w|e|b|r|e|n|d|e|r|,102210fe594ee9b33d82058545b1ed14f4c8206e,loadtime,imdb,True,imdb loadtime opt cold webrender,,77,ms,geckoview,,1721555676,2023-07-05T07:58:23,3115.1,9ab7ea679b12d7e209ada3534abf7baf704fe9d4,1267796
autoland,4375374,13,92302d37db2c0dde32926e954404b4c8422e3f86,android-hw-a51-11-0-aarch64-shippable-qr,True,False,,|c|o|l|d| |w|e|b|r|e|n|d|e|r|,102210fe594ee9b33d82058545b1ed14f4c8206e,loadtime,imdb,True,imdb loadtime opt cold webrender,,77,ms,geckoview,,1721590848,2023-07-05T09:46:48,3115.1,e3f62ea4e59393fe53784906952e9a1417688db1,1267838
autoland,4375374,13,92302d37db2c0dde32926e954404b4c8422e3f86,android-hw-a51-11-0-aarch64-shippable-qr,True,False,,|c|o|l|d| |w|e|b|r|e|n|d|e|r|,102210fe594ee9b33d82058545b1ed14f4c8206e,loadtime,imdb,True,imdb loadtime opt cold webrender,,77,ms,geckoview,,1721748454,2023-07-05T14:18:53,3133.3,cee4ab20ddeef57e9b72447e753e72ed2eb244cf,1267963
autoland,4375374,13,92302d37db2c0dde32926e954404b4c8422e3f86,android-hw-a51-11-0-aarch64-shippable-qr,True,False,,|c|o|l|d| |w|e|b|r|e|n|d|e|r|,102210fe594ee9b33d82058545b1ed14f4c8206e,loadtime,imdb,True,imdb loadtime opt cold webrender,,77,ms,geckoview,,1721840018,2023-07-05T14:38:06,3175.8,4613dfbe6bc2e60b1159da46db2edee3018423e1,1267976
autoland,4375374,13,92302d37db2c0dde32926e954404b4c8422e3f86,android-hw-a51-11-0-aarch64-shippable-qr,True,False,,|c|o|l|d| |w|e|b|r|e|n|d|e|r|,102210fe594ee9b33d82058545b1ed14f4c8206e,loadtime,imdb,True,imdb loadtime opt cold webrender,,77,ms,geckoview,,1721892684,2023-07-05T18:29:49,3175.2,674dc1b6026b9fc62707f0df292dfaf1ba6557f1,1268132
autoland,4375374,13,92302d37db2c0dde32926e954404b4c8422e3f86,android-hw-a51-11-0-aarch64-shippable-qr,True,False,,|c|o|l|d| |w|e|b|r|e|n|d|e|r|,102210fe594ee9b33d82058545b1ed14f4c8206e,loadtime,imdb,True,imdb loadtime opt cold webrender,,77,ms,geckoview,,1721917368,2023-07-05T21:03:11,3120.5,712427656ebd8d82b78a42d8e45b973aa7c220d7,1268236
autoland,4375374,13,92302d37db2c0dde32926e954404b4c8422e3f86,android-hw-a51-11-0-aarch64-shippable-qr,True,False,,|c|o|l|d| |w|e|b|r|e|n|d|e|r|,102210fe594ee9b33d82058545b1ed14f4c8206e,loadtime,imdb,True,imdb loadtime opt cold webrender,,77,ms,geckoview,,1722024707,2023-07-06T01:07:34,3074.6,a0647e42fb1f509d753d2baacd7858b3ee9a8821,1268349
autoland,4375374,13,92302d37db2c0dde32926e954404b4c8422e3f86,android-hw-a51-11-0-aarch64-shippable-qr,True,False,,|c|o|l|d| |w|e|b|r|e|n|d|e|r|,102210fe594ee9b33d82058545b1ed14f4c8206e,loadtime,imdb,True,imdb loadtime opt cold webrender,,77,ms,geckoview,,1722093219,2023-07-06T06:12:07,3156.9,1ba8085e68676425907973397d26e7417c1c4a74,1268405
autoland,4375374,13,92302d37db2c0dde32926e954404b4c8422e3f86,android-hw-a51-11-0-aarch64-shippable-qr,True,False,,|c|o|l|d| |w|e|b|r|e|n|d|e|r|,102210fe594ee9b33d82058545b1ed14f4c8206e,loadtime,imdb,True,imdb loadtime opt cold webrender,,77,ms,geckoview,,1722218368,2023-07-06T11:48:20,3165.3,becc2fa2c186914b1a887e40e6f0e9a6643273eb,1268565
autoland,4375374,13,92302d37db2c0dde32926e954404b4c8422e3f86,android-hw-a51-11-0-aarch64-shippable-qr,True,False,,|c|o|l|d| |w|e|b|r|e|n|d|e|r|,102210fe594ee9b33d82058545b1ed14f4c8206e,loadtime,imdb,True,imdb loadtime opt cold webrender,,77,ms,geckoview,,1722236273,2023-07-06T12:38:53,3121.2,5b919b11b30bcc659d499c9290a54c3f91d96bd2,1268598
autoland,4375374,13,92302d37db2c0dde32926e954404b4c8422e3f86,android-hw-a51-11-0-aarch64-shippable-qr,True,False,,|c|o|l|d| |w|e|b|r|e|n|d|e|r|,102210fe594ee9b33d82058545b1ed14f4c8206e,loadtime,imdb,True,imdb loadtime opt cold webrender,,77,ms,geckoview,,1722438318,2023-07-06T16:43:39,3104.9,433f58fbe4180052220b584f15de1d1d6fda065a,1268777
autoland,4375374,13,92302d37db2c0dde32926e954404b4c8422e3f86,android-hw-a51-11-0-aarch64-shippable-qr,True,False,,|c|o|l|d| |w|e|b|r|e|n|d|e|r|,102210fe594ee9b33d82058545b1ed14f4c8206e,loadtime,imdb,True,imdb loadtime opt cold webrender,,77,ms,geckoview,,1722472322,2023-07-06T18:39:07,3063.0,08f072ae172f3d48b0361ca0d34ead8a0b254e60,1268845
autoland,4375374,13,92302d37db2c0dde32926e954404b4c8422e3f86,android-hw-a51-11-0-aarch64-shippable-qr,True,False,,|c|o|l|d| |w|e|b|r|e|n|d|e|r|,102210fe594ee9b33d82058545b1ed14f4c8206e,loadtime,imdb,True,imdb loadtime opt cold webrender,,77,ms,geckoview,,1722546902,2023-07-06T20:44:41,3126.8,2c6190b6ecb6ab8933a296c08e753c060a3c2e9b,1268939
autoland,4375374,13,92302d37db2c0dde32926e954404b4c8422e3f86,android-hw-a51-11-0-aarch64-shippable-qr,True,False,,|c|o|l|d| |w|e|b|r|e|n|d|e|r|,102210fe594ee9b33d82058545b1ed14f4c8206e,loadtime,imdb,True,imdb loadtime opt cold webrender,,77,ms,geckoview,,1722644480,2023-07-07T00:51:02,3106.0,acd3d81337398ace5cd75f251f18da388ed281fa,1269038
autoland,4375374,13,92302d37db2c0dde32926e954404b4c8422e3f86,android-hw-a51-11-0-aarch64-shippable-qr,True,False,,|c|o|l|d| |w|e|b|r|e|n|d|e|r|,102210fe594ee9b33d82058545b1ed14f4c8206e,loadtime,imdb,True,imdb loadtime opt cold webrender,,77,ms,geckoview,,1722663182,2023-07-07T01:49:15,3178.8,013763c5f493c6232cfa8502e7bcec4b151d9161,1269055
autoland,4375374,13,92302d37db2c0dde32926e954404b4c8422e3f86,android-hw-a51-11-0-aarch64-shippable-qr,True,False,,|c|o|l|d| |w|e|b|r|e|n|d|e|r|,102210fe594ee9b33d82058545b1ed14f4c8206e,loadtime,imdb,True,imdb loadtime opt cold webrender,,77,ms,geckoview,,1722710016,2023-07-07T06:17:26,3149.8,e4d87ff75575880ea0c0fa09b316e360e4d9492f,1269097
autoland,4375374,13,92302d37db2c0dde32926e954404b4c8422e3f86,android-hw-a51-11-0-aarch64-shippable-qr,True,False,,|c|o|l|d| |w|e|b|r|e|n|d|e|r|,102210fe594ee9b33d82058545b1ed14f4c8206e,loadtime,imdb,True,imdb loadtime opt cold webrender,,77,ms,geckoview,,1722846191,2023-07-07T10:08:37,3070.6,3a88b97290a0fe46c6fbfcf6dacd91c6b6900aeb,1269195
autoland,4375374,13,92302d37db2c0dde32926e954404b4c8422e3f86,android-hw-a51-11-0-aarch64-shippable-qr,True,False,,|c|o|l|d| |w|e|b|r|e|n|d|e|r|,102210fe594ee9b33d82058545b1ed14f4c8206e,loadtime,imdb,True,imdb loadtime opt cold webrender,,77,ms,geckoview,,1722896211,2023-07-07T14:06:48,3149.1,fb62b8660fcaa40ecb0be50aa61ba8005dcbba27,1269286
autoland,4375374,13,92302d37db2c0dde32926e954404b4c8422e3f86,android-hw-a51-11-0-aarch64-shippable-qr,True,False,,|c|o|l|d| |w|e|b|r|e|n|d|e|r|,102210fe594ee9b33d82058545b1ed14f4c8206e,loadtime,imdb,True,imdb loadtime opt cold webrender,,77,ms,geckoview,,1723019500,2023-07-07T16:51:44,3254.5,43977d30a10af8e193044a9aa578f2bc8b33edf7,1269420
autoland,4375374,13,92302d37db2c0dde32926e954404b4c8422e3f86,android-hw-a51-11-0-aarch64-shippable-qr,True,False,,|c|o|l|d| |w|e|b|r|e|n|d|e|r|,102210fe594ee9b33d82058545b1ed14f4c8206e,loadtime,imdb,True,imdb loadtime opt cold webrender,,77,ms,geckoview,,1723220864,2023-07-08T02:51:52,3100.3,d2be18e8ce8cd63eaddb8f012d582a2863075164,1269678
autoland,4375374,13,92302d37db2c0dde32926e954404b4c8422e3f86,android-hw-a51-11-0-aarch64-shippable-qr,True,False,,|c|o|l|d| |w|e|b|r|e|n|d|e|r|,102210fe594ee9b33d82058545b1ed14f4c8206e,loadtime,imdb,True,imdb loadtime opt cold webrender,,77,ms,geckoview,,1723244366,2023-07-08T06:55:09,3071.7,ef7d9ea0c3f751e7c525a136923c9c404c297b1f,1269687
autoland,4375374,13,92302d37db2c0dde32926e954404b4c8422e3f86,android-hw-a51-11-0-aarch64-shippable-qr,True,False,,|c|o|l|d| |w|e|b|r|e|n|d|e|r|,102210fe594ee9b33d82058545b1ed14f4c8206e,loadtime,imdb,True,imdb loadtime opt cold webrender,,77,ms,geckoview,,1723342497,2023-07-08T13:13:32,3029.3,ee68eebc7bfd59157569f7de331974b06e765482,1269721
autoland,4375374,13,92302d37db2c0dde32926e954404b4c8422e3f86,android-hw-a51-11-0-aarch64-shippable-qr,True,False,,|c|o|l|d| |w|e|b|r|e|n|d|e|r|,102210fe594ee9b33d82058545b1ed14f4c8206e,loadtime,imdb,True,imdb loadtime opt cold webrender,,77,ms,geckoview,,1723358974,2023-07-08T13:22:34,3113.4,3809d32977a2db97fd06c8fd3214256dc18af9a0,1269723
autoland,4375374,13,92302d37db2c0dde32926e954404b4c8422e3f86,android-hw-a51-11-0-aarch64-shippable-qr,True,False,,|c|o|l|d| |w|e|b|r|e|n|d|e|r|,102210fe594ee9b33d82058545b1ed14f4c8206e,loadtime,imdb,True,imdb loadtime opt cold webrender,,77,ms,geckoview,,1723424615,2023-07-08T18:13:28,3150.9,3b3b41fc7f1dad97415448fb4652eb636903a02a,1269751
autoland,4375374,13,92302d37db2c0dde32926e954404b4c8422e3f86,android-hw-a51-11-0-aarch64-shippable-qr,True,False,,|c|o|l|d| |w|e|b|r|e|n|d|e|r|,102210fe594ee9b33d82058545b1ed14f4c8206e,loadtime,imdb,True,imdb loadtime opt cold webrender,,77,ms,geckoview,,1723482194,2023-07-08T22:36:06,3143.7,47c72d2828f6f406fbe77758e1ae8cd7837af977,1269766
autoland,4375374,13,92302d37db2c0dde32926e954404b4c8422e3f86,android-hw-a51-11-0-aarch64-shippable-qr,True,False,,|c|o|l|d| |w|e|b|r|e|n|d|e|r|,102210fe594ee9b33d82058545b1ed14f4c8206e,loadtime,imdb,True,imdb loadtime opt cold webrender,,77,ms,geckoview,,1723517679,2023-07-09T03:04:33,3165.5,2ac0f03815253b96c145a52b1762ed04c50f079d,1269805
autoland,4375374,13,92302d37db2c0dde32926e954404b4c8422e3f86,android-hw-a51-11-0-aarch64-shippable-qr,True,False,,|c|o|l|d| |w|e|b|r|e|n|d|e|r|,102210fe594ee9b33d82058545b1ed14f4c8206e,loadtime,imdb,True,imdb loadtime opt cold webrender,,77,ms,geckoview,,1723581530,2023-07-09T11:37:17,3059.0,60d4eb46c8b40ab0cd000c9ef298c63c45539be7,1269836
autoland,4375374,13,92302d37db2c0dde32926e954404b4c8422e3f86,android-hw-a51-11-0-aarch64-shippable-qr,True,False,,|c|o|l|d| |w|e|b|r|e|n|d|e|r|,102210fe594ee9b33d82058545b1ed14f4c8206e,loadtime,imdb,True,imdb loadtime opt cold webrender,,77,ms,geckoview,,1723639175,2023-07-09T16:14:27,3168.9,38657e8c266f862cee349b298d0679f6617a8a63,1269855
autoland,4375374,13,92302d37db2c0dde32926e954404b4c8422e3f86,android-hw-a51-11-0-aarch64-shippable-qr,True,False,,|c|o|l|d| |w|e|b|r|e|n|d|e|r|,102210fe594ee9b33d82058545b1ed14f4c8206e,loadtime,imdb,True,imdb loadtime opt cold webrender,,77,ms,geckoview,,1723646272,2023-07-09T17:38:49,3128.3,91d2d276f13316b73f0fed743d543009fcfade03,1269870
autoland,4375374,13,92302d37db2c0dde32926e954404b4c8422e3f86,android-hw-a51-11-0-aarch64-shippable-qr,True,False,,|c|o|l|d| |w|e|b|r|e|n|d|e|r|,102210fe594ee9b33d82058545b1ed14f4c8206e,loadtime,imdb,True,imdb loadtime opt cold webrender,,77,ms,geckoview,,1723709230,2023-07-09T22:03:27,3114.6,5497748101b60ab9149d6616e70cabc4c11c6cb5,1269918
autoland,4375374,13,92302d37db2c0dde32926e954404b4c8422e3f86,android-hw-a51-11-0-aarch64-shippable-qr,True,False,,|c|o|l|d| |w|e|b|r|e|n|d|e|r|,102210fe594ee9b33d82058545b1ed14f4c8206e,loadtime,imdb,True,imdb loadtime opt cold webrender,,77,ms,geckoview,,1723836716,2023-07-10T02:33:11,3165.4,aaa3698312c56a08a7b405178ee462fe3c2a30e7,1269963
autoland,4375374,13,92302d37db2c0dde32926e954404b4c8422e3f86,android-hw-a51-11-0-aarch64-shippable-qr,True,False,,|c|o|l|d| |w|e|b|r|e|n|d|e|r|,102210fe594ee9b33d82058545b1ed14f4c8206e,loadtime,imdb,True,imdb loadtime opt cold webrender,,77,ms,geckoview,,1723908393,2023-07-10T08:51:48,3099.3,7313b6429e48b58bd38ab3be47999be475f2ba6b,1270053
autoland,4375374,13,92302d37db2c0dde32926e954404b4c8422e3f86,android-hw-a51-11-0-aarch64-shippable-qr,True,False,,|c|o|l|d| |w|e|b|r|e|n|d|e|r|,102210fe594ee9b33d82058545b1ed14f4c8206e,loadtime,imdb,True,imdb loadtime opt cold webrender,,77,ms,geckoview,,1724019603,2023-07-10T13:07:04,3125.4,70fb59178ff21c468afeb592869c28371401db6a,1270176
autoland,4375374,13,92302d37db2c0dde32926e954404b4c8422e3f86,android-hw-a51-11-0-aarch64-shippable-qr,True,False,,|c|o|l|d| |w|e|b|r|e|n|d|e|r|,102210fe594ee9b33d82058545b1ed14f4c8206e,loadtime,imdb,True,imdb loadtime opt cold webrender,,77,ms,geckoview,,1724051172,2023-07-10T14:01:57,3103.2,e31033710cfe590d9e7deda75757f71ddef34207,1270199
autoland,4375374,13,92302d37db2c0dde32926e954404b4c8422e3f86,android-hw-a51-11-0-aarch64-shippable-qr,True,False,,|c|o|l|d| |w|e|b|r|e|n|d|e|r|,102210fe594ee9b33d82058545b1ed14f4c8206e,loadtime,imdb,True,imdb loadtime opt cold webrender,,77,ms,geckoview,,1724197776,2023-07-10T18:14:55,3108.2,1c909f267af625b4c370b6735113e1cafc94bbad,1270330
autoland,4375374,13,92302d37db2c0dde32926e954404b4c8422e3f86,android-hw-a51-11-0-aarch64-shippable-qr,True,False,,|c|o|l|d| |w|e|b|r|e|n|d|e|r|,102210fe594ee9b33d82058545b1ed14f4c8206e,loadtime,imdb,True,imdb loadtime opt cold webrender,,77,ms,geckoview,,1724243786,2023-07-10T19:48:56,3050.1,923b28f88778b9de2f2a694c75dcb313148c0fc5,1270385
autoland,4375374,13,92302d37db2c0dde32926e954404b4c8422e3f86,android-hw-a51-11-0-aarch64-shippable-qr,True,False,,|c|o|l|d| |w|e|b|r|e|n|d|e|r|,102210fe594ee9b33d82058545b1ed14f4c8206e,loadtime,imdb,True,imdb loadtime opt cold webrender,,77,ms,geckoview,,1724350727,2023-07-11T01:42:54,3149.4,b6a3e16c65e1298418f1aaf966dd3071d644075b,1270560
autoland,4375374,13,92302d37db2c0dde32926e954404b4c8422e3f86,android-hw-a51-11-0-aarch64-shippable-qr,True,False,,|c|o|l|d| |w|e|b|r|e|n|d|e|r|,102210fe594ee9b33d82058545b1ed14f4c8206e,loadtime,imdb,True,imdb loadtime opt cold webrender,,77,ms,geckoview,,1724436080,2023-07-11T06:35:00,3140.3,bd6b3707b0b4eb7dd36fd65f81325cd71a20ab43,1270619
autoland,4375374,13,92302d37db2c0dde32926e954404b4c8422e3f86,android-hw-a51-11-0-aarch64-shippable-qr,True,False,,|c|o|l|d| |w|e|b|r|e|n|d|e|r|,102210fe594ee9b33d82058545b1ed14f4c8206e,loadtime,imdb,True,imdb loadtime opt cold webrender,,77,ms,geckoview,,1724502931,2023-07-11T08:55:46,3061.1,6f3d3f416c953a7c5f64b907c4afb5906a1868a3,1270644
autoland,4375374,13,92302d37db2c0dde32926e954404b4c8422e3f86,android-hw-a51-11-0-aarch64-shippable-qr,True,False,,|c|o|l|d| |w|e|b|r|e|n|d|e|r|,102210fe594ee9b33d82058545b1ed14f4c8206e,loadtime,imdb,True,imdb loadtime opt cold webrender,,77,ms,geckoview,,1724600584,2023-07-11T13:33:02,3101.0,0c47c1159e0a060ee709f9f8f854bfad27f86c85,1270792
autoland,4375374,13,92302d37db2c0dde32926e954404b4c8422e3f86,android-hw-a51-11-0-aarch64-shippable-qr,True,False,,|c|o|l|d| |w|e|b|r|e|n|d|e|r|,102210fe594ee9b33d82058545b1ed14f4c8206e,loadtime,imdb,True,imdb loadtime opt cold webrender,,77,ms,geckoview,,1724624775,2023-07-11T14:06:52,3096.3,3100a08eeee126bc592700ba015d42a4eeabd552,1270802
autoland,4375374,13,92302d37db2c0dde32926e954404b4c8422e3f86,android-hw-a51-11-0-aarch64-shippable-qr,True,False,,|c|o|l|d| |w|e|b|r|e|n|d|e|r|,102210fe594ee9b33d82058545b1ed14f4c8206e,loadtime,imdb,True,imdb loadtime opt cold webrender,,77,ms,geckoview,,1724804088,2023-07-11T18:36:01,3084.8,87db7bb709335405232188624e8b3fa9990fd678,1270977
autoland,4375374,13,92302d37db2c0dde32926e954404b4c8422e3f86,android-hw-a51-11-0-aarch64-shippable-qr,True,False,,|c|o|l|d| |w|e|b|r|e|n|d|e|r|,102210fe594ee9b33d82058545b1ed14f4c8206e,loadtime,imdb,True,imdb loadtime opt cold webrender,,77,ms,geckoview,,1724882261,2023-07-11T22:00:07,3160.1,799309422d5f66cd280bc2aa8f49a203faaf670f,1271127
autoland,4375374,13,92302d37db2c0dde32926e954404b4c8422e3f86,android-hw-a51-11-0-aarch64-shippable-qr,True,False,,|c|o|l|d| |w|e|b|r|e|n|d|e|r|,102210fe594ee9b33d82058545b1ed14f4c8206e,loadtime,imdb,True,imdb loadtime opt cold webrender,,77,ms,geckoview,,1724962696,2023-07-12T03:43:13,3105.2,409794f954d9150f8da58e49d75898a655aca25d,1271221
autoland,4375374,13,92302d37db2c0dde32926e954404b4c8422e3f86,android-hw-a51-11-0-aarch64-shippable-qr,True,False,,|c|o|l|d| |w|e|b|r|e|n|d|e|r|,102210fe594ee9b33d82058545b1ed14f4c8206e,loadtime,imdb,True,imdb loadtime opt cold webrender,,77,ms,geckoview,,1725006181,2023-07-12T07:41:52,3118.7,3df39b644daab1c941ea8f68e6f1e1018058b95e,1271289
autoland,4375374,13,92302d37db2c0dde32926e954404b4c8422e3f86,android-hw-a51-11-0-aarch64-shippable-qr,True,False,,|c|o|l|d| |w|e|b|r|e|n|d|e|r|,102210fe594ee9b33d82058545b1ed14f4c8206e,loadtime,imdb,True,imdb loadtime opt cold webrender,,77,ms,geckoview,,1725136960,2023-07-12T11:57:10,3109.5,323cd57deb4d5a322c892f49b9141687d7561c0b,1271397
autoland,4375374,13,92302d37db2c0dde32926e954404b4c8422e3f86,android-hw-a51-11-0-aarch64-shippable-qr,True,False,,|c|o|l|d| |w|e|b|r|e|n|d|e|r|,102210fe594ee9b33d82058545b1ed14f4c8206e,loadtime,imdb,True,imdb loadtime opt cold webrender,,77,ms,geckoview,,1725153602,2023-07-12T14:40:04,3123.2,09a138b12b3b18e85b4234788a6f92fa756908af,1271467
autoland,4375374,13,92302d37db2c0dde32926e954404b4c8422e3f86,android-hw-a51-11-0-aarch64-shippable-qr,True,False,,|c|o|l|d| |w|e|b|r|e|n|d|e|r|,102210fe594ee9b33d82058545b1ed14f4c8206e,loadtime,imdb,True,imdb loadtime opt cold webrender,,77,ms,geckoview,,1725275475,2023-07-12T19:44:39,3136.7,5af60a4168846b5be7576faecbb5050fa6d965cf,1271665
autoland,4375374,13,92302d37db2c0dde32926e954404b4c8422e3f86,android-hw-a51-11-0-aarch64-shippable-qr,True,False,,|c|o|l|d| |w|e|b|r|e|n|d|e|r|,102210fe594ee9b33d82058545b1ed14f4c8206e,loadtime,imdb,True,imdb loadtime opt cold webrender,,77,ms,geckoview,,1725401818,2023-07-13T04:00:14,3128.1,0724fde82b2fe250010f13a500b6c525eaf3abb5,1271916
autoland,4375374,13,92302d37db2c0dde32926e954404b4c8422e3f86,android-hw-a51-11-0-aarch64-shippable-qr,True,False,,|c|o|l|d| |w|e|b|r|e|n|d|e|r|,102210fe594ee9b33d82058545b1ed14f4c8206e,loadtime,imdb,True,imdb loadtime opt cold webrender,,77,ms,geckoview,,1725461492,2023-07-13T08:20:37,3093.5,3170f4f57d01091d2a74fe40ee6f4ab8efa7351a,1271978
autoland,4375374,13,92302d37db2c0dde32926e954404b4c8422e3f86,android-hw-a51-11-0-aarch64-shippable-qr,True,False,,|c|o|l|d| |w|e|b|r|e|n|d|e|r|,102210fe594ee9b33d82058545b1ed14f4c8206e,loadtime,imdb,True,imdb loadtime opt cold webrender,,77,ms,geckoview,,1725598123,2023-07-13T11:47:10,3193.0,1bfb25414a090700f286cd06319e91cb9ac6e336,1272070
autoland,4375374,13,92302d37db2c0dde32926e954404b4c8422e3f86,android-hw-a51-11-0-aarch64-shippable-qr,True,False,,|c|o|l|d| |w|e|b|r|e|n|d|e|r|,102210fe594ee9b33d82058545b1ed14f4c8206e,loadtime,imdb,True,imdb loadtime opt cold webrender,,77,ms,geckoview,,1725765934,2023-07-13T14:50:19,3132.0,411654dc3bffdf2358079fc20c662dc3c58a2363,1272192
autoland,4375374,13,92302d37db2c0dde32926e954404b4c8422e3f86,android-hw-a51-11-0-aarch64-shippable-qr,True,False,,|c|o|l|d| |w|e|b|r|e|n|d|e|r|,102210fe594ee9b33d82058545b1ed14f4c8206e,loadtime,imdb,True,imdb loadtime opt cold webrender,,77,ms,geckoview,,1725829163,2023-07-13T19:23:25,3186.3,93efae7712c8170b189d6e2d626af9bc74ee9f33,1272383
autoland,4375374,13,92302d37db2c0dde32926e954404b4c8422e3f86,android-hw-a51-11-0-aarch64-shippable-qr,True,False,,|c|o|l|d| |w|e|b|r|e|n|d|e|r|,102210fe594ee9b33d82058545b1ed14f4c8206e,loadtime,imdb,True,imdb loadtime opt cold webrender,,77,ms,geckoview,,1725916935,2023-07-13T23:46:26,3059.1,d7363bddf2b82c4f02c60bf1f3236c1853a1d788,1272530
autoland,4375374,13,92302d37db2c0dde32926e954404b4c8422e3f86,android-hw-a51-11-0-aarch64-shippable-qr,True,False,,|c|o|l|d| |w|e|b|r|e|n|d|e|r|,102210fe594ee9b33d82058545b1ed14f4c8206e,loadtime,imdb,True,imdb loadtime opt cold webrender,,77,ms,geckoview,,1725926566,2023-07-14T00:33:08,3176.7,ce811b4b8e62538cba1620fbe1f66b6963a00103,1272546
autoland,4375374,13,92302d37db2c0dde32926e954404b4c8422e3f86,android-hw-a51-11-0-aarch64-shippable-qr,True,False,,|c|o|l|d| |w|e|b|r|e|n|d|e|r|,102210fe594ee9b33d82058545b1ed14f4c8206e,loadtime,imdb,True,imdb loadtime opt cold webrender,,77,ms,geckoview,,1725991070,2023-07-14T05:34:55,3144.3,196cda3a105202c8969a926a0637db0e0014c07d,1272621
autoland,4375374,13,92302d37db2c0dde32926e954404b4c8422e3f86,android-hw-a51-11-0-aarch64-shippable-qr,True,False,,|c|o|l|d| |w|e|b|r|e|n|d|e|r|,102210fe594ee9b33d82058545b1ed14f4c8206e,loadtime,imdb,True,imdb loadtime opt cold webrender,,77,ms,geckoview,,1726053472,2023-07-14T08:41:57,3073.2,2c2b2040f7a3a963eaf19ecd574a96682fb4e6c3,1272676
autoland,4375374,13,92302d37db2c0dde32926e954404b4c8422e3f86,android-hw-a51-11-0-aarch64-shippable-qr,True,False,,|c|o|l|d| |w|e|b|r|e|n|d|e|r|,102210fe594ee9b33d82058545b1ed14f4c8206e,loadtime,imdb,True,imdb loadtime opt cold webrender,,77,ms,geckoview,,1726242571,2023-07-14T12:49:37,3130.6,f04d14e8c457c340e7bb0c8955b7a42e3ed32c84,1272721
autoland,4375374,13,92302d37db2c0dde32926e954404b4c8422e3f86,android-hw-a51-11-0-aarch64-shippable-qr,True,False,,|c|o|l|d| |w|e|b|r|e|n|d|e|r|,102210fe594ee9b33d82058545b1ed14f4c8206e,loadtime,imdb,True,imdb loadtime opt cold webrender,,77,ms,geckoview,,1726360690,2023-07-14T16:10:08,3126.4,379fa15b7cfddd1f92027d8c39b32706dc0f59a8,1272833
autoland,4375374,13,92302d37db2c0dde32926e954404b4c8422e3f86,android-hw-a51-11-0-aarch64-shippable-qr,True,False,,|c|o|l|d| |w|e|b|r|e|n|d|e|r|,102210fe594ee9b33d82058545b1ed14f4c8206e,loadtime,imdb,True,imdb loadtime opt cold webrender,,77,ms,geckoview,,1726480926,2023-07-14T21:22:48,3135.3,f65db437bbbe4d54d073843c79519c0a373ada5c,1272987
autoland,4375374,13,92302d37db2c0dde32926e954404b4c8422e3f86,android-hw-a51-11-0-aarch64-shippable-qr,True,False,,|c|o|l|d| |w|e|b|r|e|n|d|e|r|,102210fe594ee9b33d82058545b1ed14f4c8206e,loadtime,imdb,True,imdb loadtime opt cold webrender,,77,ms,geckoview,,1726497410,2023-07-14T22:30:09,3123.6,2fa0f2941257f51a55bcabee0f1913fe395266b0,1273018
autoland,4375374,13,92302d37db2c0dde32926e954404b4c8422e3f86,android-hw-a51-11-0-aarch64-shippable-qr,True,False,,|c|o|l|d| |w|e|b|r|e|n|d|e|r|,102210fe594ee9b33d82058545b1ed14f4c8206e,loadtime,imdb,True,imdb loadtime opt cold webrender,,77,ms,geckoview,,1726521527,2023-07-15T02:41:28,3105.4,1e09c6aabfcd1088a923373e95d74f457e863755,1273070
autoland,4375374,13,92302d37db2c0dde32926e954404b4c8422e3f86,android-hw-a51-11-0-aarch64-shippable-qr,True,False,,|c|o|l|d| |w|e|b|r|e|n|d|e|r|,102210fe594ee9b33d82058545b1ed14f4c8206e,loadtime,imdb,True,imdb loadtime opt cold webrender,,77,ms,geckoview,,1726590883,2023-07-15T12:36:57,3093.5,3a71e5ba50017ceb558d246e6ea58f8d5a57a3af,1273110
autoland,4375374,13,92302d37db2c0dde32926e954404b4c8422e3f86,android-hw-a51-11-0-aarch64-shippable-qr,True,False,,|c|o|l|d| |w|e|b|r|e|n|d|e|r|,102210fe594ee9b33d82058545b1ed14f4c8206e,loadtime,imdb,True,imdb loadtime opt cold webrender,,77,ms,geckoview,,1726633303,2023-07-15T18:59:02,3152.6,23e9067195200f00248b6c027bfae113965bf3ea,1273125
autoland,4375374,13,92302d37db2c0dde32926e954404b4c8422e3f86,android-hw-a51-11-0-aarch64-shippable-qr,True,False,,|c|o|l|d| |w|e|b|r|e|n|d|e|r|,102210fe594ee9b33d82058545b1ed14f4c8206e,loadtime,imdb,True,imdb loadtime opt cold webrender,,77,ms,geckoview,,1726677341,2023-07-16T02:22:04,3119.4,29be5ceedcdd2e835a383389153d9264d9b81217,1273151
autoland,4375374,13,92302d37db2c0dde32926e954404b4c8422e3f86,android-hw-a51-11-0-aarch64-shippable-qr,True,False,,|c|o|l|d| |w|e|b|r|e|n|d|e|r|,102210fe594ee9b33d82058545b1ed14f4c8206e,loadtime,imdb,True,imdb loadtime opt cold webrender,,77,ms,geckoview,,1726771557,2023-07-16T17:40:24,3123.6,2d64faa1590722f6ec14781ee5e175a2c875171c,1273186
autoland,4375374,13,92302d37db2c0dde32926e954404b4c8422e3f86,android-hw-a51-11-0-aarch64-shippable-qr,True,False,,|c|o|l|d| |w|e|b|r|e|n|d|e|r|,102210fe594ee9b33d82058545b1ed14f4c8206e,loadtime,imdb,True,imdb loadtime opt cold webrender,,77,ms,geckoview,,1726905674,2023-07-17T10:08:58,3112.4,ef60c7cdcb76172f1caf579529cf9fb756de4dbd,1273362
autoland,4375374,13,92302d37db2c0dde32926e954404b4c8422e3f86,android-hw-a51-11-0-aarch64-shippable-qr,True,False,,|c|o|l|d| |w|e|b|r|e|n|d|e|r|,102210fe594ee9b33d82058545b1ed14f4c8206e,loadtime,imdb,True,imdb loadtime opt cold webrender,,77,ms,geckoview,,1726970474,2023-07-17T14:30:30,3132.8,e90e64d1c5a944feafdb48fe3527c9aeeac00ec9,1273474
autoland,4375374,13,92302d37db2c0dde32926e954404b4c8422e3f86,android-hw-a51-11-0-aarch64-shippable-qr,True,False,,|c|o|l|d| |w|e|b|r|e|n|d|e|r|,102210fe594ee9b33d82058545b1ed14f4c8206e,loadtime,imdb,True,imdb loadtime opt cold webrender,,77,ms,geckoview,,1727069375,2023-07-17T16:07:24,3764.3,01dc0385e5b93df37aef43d60cd1105523eae328,1273529
autoland,4375374,13,92302d37db2c0dde32926e954404b4c8422e3f86,android-hw-a51-11-0-aarch64-shippable-qr,True,False,,|c|o|l|d| |w|e|b|r|e|n|d|e|r|,102210fe594ee9b33d82058545b1ed14f4c8206e,loadtime,imdb,True,imdb loadtime opt cold webrender,,77,ms,geckoview,,1727150204,2023-07-17T20:04:09,3141.4,f2c1249026167b30c81eff3368093a442a915826,1273673
autoland,4375374,13,92302d37db2c0dde32926e954404b4c8422e3f86,android-hw-a51-11-0-aarch64-shippable-qr,True,False,,|c|o|l|d| |w|e|b|r|e|n|d|e|r|,102210fe594ee9b33d82058545b1ed14f4c8206e,loadtime,imdb,True,imdb loadtime opt cold webrender,,77,ms,geckoview,,1727217902,2023-07-17T23:40:15,3131.8,bbea40f618ed9435d7c989dcb18dc1ba34d55d4c,1273797
autoland,4375374,13,92302d37db2c0dde32926e954404b4c8422e3f86,android-hw-a51-11-0-aarch64-shippable-qr,True,False,,|c|o|l|d| |w|e|b|r|e|n|d|e|r|,102210fe594ee9b33d82058545b1ed14f4c8206e,loadtime,imdb,True,imdb loadtime opt cold webrender,,77,ms,geckoview,,1727275087,2023-07-18T04:33:35,3095.1,35e42e5979dac0b99828194869d5dc00365b37fb,1273869
autoland,4375374,13,92302d37db2c0dde32926e954404b4c8422e3f86,android-hw-a51-11-0-aarch64-shippable-qr,True,False,,|c|o|l|d| |w|e|b|r|e|n|d|e|r|,102210fe594ee9b33d82058545b1ed14f4c8206e,loadtime,imdb,True,imdb loadtime opt cold webrender,,77,ms,geckoview,,1727404513,2023-07-18T08:33:44,3064.2,ff623ceacdca87e37ceaa8e2d7f2072d5a7ae7fb,1273935
autoland,4375374,13,92302d37db2c0dde32926e954404b4c8422e3f86,android-hw-a51-11-0-aarch64-shippable-qr,True,False,,|c|o|l|d| |w|e|b|r|e|n|d|e|r|,102210fe594ee9b33d82058545b1ed14f4c8206e,loadtime,imdb,True,imdb loadtime opt cold webrender,,77,ms,geckoview,,1727395171,2023-07-18T08:34:31,3171.7,ed8bcaa0195e582a53b92eeac99b65a9c1f06da2,1273936
autoland,4375374,13,92302d37db2c0dde32926e954404b4c8422e3f86,android-hw-a51-11-0-aarch64-shippable-qr,True,False,,|c|o|l|d| |w|e|b|r|e|n|d|e|r|,102210fe594ee9b33d82058545b1ed14f4c8206e,loadtime,imdb,True,imdb loadtime opt cold webrender,,77,ms,geckoview,,1727536237,2023-07-18T13:03:29,3171.6,bcffaa369c722f4ebfa7cb8af6a3fc605e2efa10,1274068
autoland,4375374,13,92302d37db2c0dde32926e954404b4c8422e3f86,android-hw-a51-11-0-aarch64-shippable-qr,True,False,,|c|o|l|d| |w|e|b|r|e|n|d|e|r|,102210fe594ee9b33d82058545b1ed14f4c8206e,loadtime,imdb,True,imdb loadtime opt cold webrender,,77,ms,geckoview,,1727606147,2023-07-18T13:45:23,3125.6,0de8fdd9abfcc9f9019857d255157b5eb799f98b,1274096
autoland,4375374,13,92302d37db2c0dde32926e954404b4c8422e3f86,android-hw-a51-11-0-aarch64-shippable-qr,True,False,,|c|o|l|d| |w|e|b|r|e|n|d|e|r|,102210fe594ee9b33d82058545b1ed14f4c8206e,loadtime,imdb,True,imdb loadtime opt cold webrender,,77,ms,geckoview,,1727667364,2023-07-18T17:24:29,3955.9,9330f8cb5765b67a89ac1427300f344a63d42cdc,1274230
autoland,4375374,13,92302d37db2c0dde32926e954404b4c8422e3f86,android-hw-a51-11-0-aarch64-shippable-qr,True,False,,|c|o|l|d| |w|e|b|r|e|n|d|e|r|,102210fe594ee9b33d82058545b1ed14f4c8206e,loadtime,imdb,True,imdb loadtime opt cold webrender,,77,ms,geckoview,,1727808157,2023-07-18T22:22:09,3145.8,b39dcefbe15f24fbf00da64782588b71ef8277a6,1274408
autoland,4375374,13,92302d37db2c0dde32926e954404b4c8422e3f86,android-hw-a51-11-0-aarch64-shippable-qr,True,False,,|c|o|l|d| |w|e|b|r|e|n|d|e|r|,102210fe594ee9b33d82058545b1ed14f4c8206e,loadtime,imdb,True,imdb loadtime opt cold webrender,,77,ms,geckoview,,1727845119,2023-07-18T23:34:55,3103.6,a8acb9b8880c2f1c2cf5891e5a20997a21d9d909,1274454
autoland,4375374,13,92302d37db2c0dde32926e954404b4c8422e3f86,android-hw-a51-11-0-aarch64-shippable-qr,True,False,,|c|o|l|d| |w|e|b|r|e|n|d|e|r|,102210fe594ee9b33d82058545b1ed14f4c8206e,loadtime,imdb,True,imdb loadtime opt cold webrender,,77,ms,geckoview,,1727960183,2023-07-19T05:12:28,3224.0,49a85b3b07e07c1158f9cb0c1f58b67fc2d659f7,1274587
autoland,4375374,13,92302d37db2c0dde32926e954404b4c8422e3f86,android-hw-a51-11-0-aarch64-shippable-qr,True,False,,|c|o|l|d| |w|e|b|r|e|n|d|e|r|,102210fe594ee9b33d82058545b1ed14f4c8206e,loadtime,imdb,True,imdb loadtime opt cold webrender,,77,ms,geckoview,,1728082356,2023-07-19T08:12:16,3130.2,140d21dede36ec0333dbfd36cf0d1320eee6cba4,1274646
autoland,4375374,13,92302d37db2c0dde32926e954404b4c8422e3f86,android-hw-a51-11-0-aarch64-shippable-qr,True,False,,|c|o|l|d| |w|e|b|r|e|n|d|e|r|,102210fe594ee9b33d82058545b1ed14f4c8206e,loadtime,imdb,True,imdb loadtime opt cold webrender,,77,ms,geckoview,,1728272387,2023-07-19T12:13:12,3070.4,b8d9ace4647851e162743362d884084c81a969ab,1274744
autoland,4375374,13,92302d37db2c0dde32926e954404b4c8422e3f86,android-hw-a51-11-0-aarch64-shippable-qr,True,False,,|c|o|l|d| |w|e|b|r|e|n|d|e|r|,102210fe594ee9b33d82058545b1ed14f4c8206e,loadtime,imdb,True,imdb loadtime opt cold webrender,,77,ms,geckoview,,1728564850,2023-07-19T14:37:00,3079.7,c1d9936545b5ba143392d27280eb1d56af5ac580,1274851
autoland,4375374,13,92302d37db2c0dde32926e954404b4c8422e3f86,android-hw-a51-11-0-aarch64-shippable-qr,True,False,,|c|o|l|d| |w|e|b|r|e|n|d|e|r|,102210fe594ee9b33d82058545b1ed14f4c8206e,loadtime,imdb,True,imdb loadtime opt cold webrender,,77,ms,geckoview,,1728573858,2023-07-19T18:46:51,3058.5,a4cb1e2b9e3d0583fb35c77b1b5a61823240d23a,1275034
autoland,4375374,13,92302d37db2c0dde32926e954404b4c8422e3f86,android-hw-a51-11-0-aarch64-shippable-qr,True,False,,|c|o|l|d| |w|e|b|r|e|n|d|e|r|,102210fe594ee9b33d82058545b1ed14f4c8206e,loadtime,imdb,True,imdb loadtime opt cold webrender,,77,ms,geckoview,,1728671733,2023-07-19T22:17:04,3106.4,7d1e4a896dd81d294b7bccc7c20345d7c0432b47,1275176
autoland,4375374,13,92302d37db2c0dde32926e954404b4c8422e3f86,android-hw-a51-11-0-aarch64-shippable-qr,True,False,,|c|o|l|d| |w|e|b|r|e|n|d|e|r|,102210fe594ee9b33d82058545b1ed14f4c8206e,loadtime,imdb,True,imdb loadtime opt cold webrender,,77,ms,geckoview,,1728787646,2023-07-20T03:34:20,3178.8,e73cc92e62dbaf2e2cdb70a1d9890da611a2b772,1275291
autoland,4375374,13,92302d37db2c0dde32926e954404b4c8422e3f86,android-hw-a51-11-0-aarch64-shippable-qr,True,False,,|c|o|l|d| |w|e|b|r|e|n|d|e|r|,102210fe594ee9b33d82058545b1ed14f4c8206e,loadtime,imdb,True,imdb loadtime opt cold webrender,,77,ms,geckoview,,1728935135,2023-07-20T07:42:09,3171.1,9a6d93f12d75deb2d5f6662ca35347a774d7cd6f,1275344
autoland,4375374,13,92302d37db2c0dde32926e954404b4c8422e3f86,android-hw-a51-11-0-aarch64-shippable-qr,True,False,,|c|o|l|d| |w|e|b|r|e|n|d|e|r|,102210fe594ee9b33d82058545b1ed14f4c8206e,loadtime,imdb,True,imdb loadtime opt cold webrender,,77,ms,geckoview,,1729032596,2023-07-20T12:22:04,3049.4,0278b86272728b17ade153f25ef5ec4442158066,1275437
autoland,4375374,13,92302d37db2c0dde32926e954404b4c8422e3f86,android-hw-a51-11-0-aarch64-shippable-qr,True,False,,|c|o|l|d| |w|e|b|r|e|n|d|e|r|,102210fe594ee9b33d82058545b1ed14f4c8206e,loadtime,imdb,True,imdb loadtime opt cold webrender,,77,ms,geckoview,,1729120057,2023-07-20T15:24:57,3059.0,0bc898fe076442e9a552e9918f1b50ece1c87859,1275543
autoland,4375374,13,92302d37db2c0dde32926e954404b4c8422e3f86,android-hw-a51-11-0-aarch64-shippable-qr,True,False,,|c|o|l|d| |w|e|b|r|e|n|d|e|r|,102210fe594ee9b33d82058545b1ed14f4c8206e,loadtime,imdb,True,imdb loadtime opt cold webrender,,77,ms,geckoview,,1729302033,2023-07-20T19:57:27,3149.9,1474bffb9d2bc609c90f59cdbd875d90f152f78b,1275751
autoland,4375374,13,92302d37db2c0dde32926e954404b4c8422e3f86,android-hw-a51-11-0-aarch64-shippable-qr,True,False,,|c|o|l|d| |w|e|b|r|e|n|d|e|r|,102210fe594ee9b33d82058545b1ed14f4c8206e,loadtime,imdb,True,imdb loadtime opt cold webrender,,77,ms,geckoview,,1729396445,2023-07-20T23:58:39,2996.4,a81b4cfa355314c5644c5a1924408dd57a6451ba,1275867
autoland,4375374,13,92302d37db2c0dde32926e954404b4c8422e3f86,android-hw-a51-11-0-aarch64-shippable-qr,True,False,,|c|o|l|d| |w|e|b|r|e|n|d|e|r|,102210fe594ee9b33d82058545b1ed14f4c8206e,loadtime,imdb,True,imdb loadtime opt cold webrender,,77,ms,geckoview,,1729615660,2023-07-21T09:50:03,3083.5,a2fe9197bad582dee22ed11cd3cec32073abcbb1,1276015
autoland,4375374,13,92302d37db2c0dde32926e954404b4c8422e3f86,android-hw-a51-11-0-aarch64-shippable-qr,True,False,,|c|o|l|d| |w|e|b|r|e|n|d|e|r|,102210fe594ee9b33d82058545b1ed14f4c8206e,loadtime,imdb,True,imdb loadtime opt cold webrender,,77,ms,geckoview,,1729675538,2023-07-21T13:55:08,3082.4,9df47ce85e0472ca3ad7784cdf4c5640950ed7d9,1276152
autoland,4375374,13,92302d37db2c0dde32926e954404b4c8422e3f86,android-hw-a51-11-0-aarch64-shippable-qr,True,False,,|c|o|l|d| |w|e|b|r|e|n|d|e|r|,102210fe594ee9b33d82058545b1ed14f4c8206e,loadtime,imdb,True,imdb loadtime opt cold webrender,,77,ms,geckoview,,1729794071,2023-07-21T17:11:12,3720.4,e289c1fd943bfc8c2973687da74a008f86d9e60f,1276290
autoland,4375374,13,92302d37db2c0dde32926e954404b4c8422e3f86,android-hw-a51-11-0-aarch64-shippable-qr,True,False,,|c|o|l|d| |w|e|b|r|e|n|d|e|r|,102210fe594ee9b33d82058545b1ed14f4c8206e,loadtime,imdb,True,imdb loadtime opt cold webrender,,77,ms,geckoview,,1729871662,2023-07-21T21:17:12,3103.7,f13e959d38c7e8d9590bbc8d44f95149bbe180d1,1276495
autoland,4375374,13,92302d37db2c0dde32926e954404b4c8422e3f86,android-hw-a51-11-0-aarch64-shippable-qr,True,False,,|c|o|l|d| |w|e|b|r|e|n|d|e|r|,102210fe594ee9b33d82058545b1ed14f4c8206e,loadtime,imdb,True,imdb loadtime opt cold webrender,,77,ms,geckoview,,1729899923,2023-07-21T22:20:56,3147.7,50344759578b6b2e1851c6a6133121c4d89b4f0d,1276531
autoland,4375374,13,92302d37db2c0dde32926e954404b4c8422e3f86,android-hw-a51-11-0-aarch64-shippable-qr,True,False,,|c|o|l|d| |w|e|b|r|e|n|d|e|r|,102210fe594ee9b33d82058545b1ed14f4c8206e,loadtime,imdb,True,imdb loadtime opt cold webrender,,77,ms,geckoview,,1729962610,2023-07-22T03:42:46,3101.3,e4939251f81ca8c6a2fb9db3bbd4416e04dff97d,1276588
autoland,4375374,13,92302d37db2c0dde32926e954404b4c8422e3f86,android-hw-a51-11-0-aarch64-shippable-qr,True,False,,|c|o|l|d| |w|e|b|r|e|n|d|e|r|,102210fe594ee9b33d82058545b1ed14f4c8206e,loadtime,imdb,True,imdb loadtime opt cold webrender,,77,ms,geckoview,,1730018053,2023-07-22T08:58:42,2975.2,c95ec2e13d66e06547002bd008e87bea4f94c022,1276620
autoland,4375374,13,92302d37db2c0dde32926e954404b4c8422e3f86,android-hw-a51-11-0-aarch64-shippable-qr,True,False,,|c|o|l|d| |w|e|b|r|e|n|d|e|r|,102210fe594ee9b33d82058545b1ed14f4c8206e,loadtime,imdb,True,imdb loadtime opt cold webrender,,77,ms,geckoview,,1730141119,2023-07-22T14:13:52,3053.4,b16351df250c572a14efa126f7702fe104ac9fd7,1276645
autoland,4375374,13,92302d37db2c0dde32926e954404b4c8422e3f86,android-hw-a51-11-0-aarch64-shippable-qr,True,False,,|c|o|l|d| |w|e|b|r|e|n|d|e|r|,102210fe594ee9b33d82058545b1ed14f4c8206e,loadtime,imdb,True,imdb loadtime opt cold webrender,,77,ms,geckoview,,1730211985,2023-07-23T02:59:53,3216.0,829bb0f62051beedfe5ba05f679d3b6c8e0d1a3b,1276677
autoland,4375374,13,92302d37db2c0dde32926e954404b4c8422e3f86,android-hw-a51-11-0-aarch64-shippable-qr,True,False,,|c|o|l|d| |w|e|b|r|e|n|d|e|r|,102210fe594ee9b33d82058545b1ed14f4c8206e,loadtime,imdb,True,imdb loadtime opt cold webrender,,77,ms,geckoview,,1730273609,2023-07-23T12:16:45,3115.4,bd6c5007212e7ee9ecc312d4ef096252a9702033,1276689
autoland,4375374,13,92302d37db2c0dde32926e954404b4c8422e3f86,android-hw-a51-11-0-aarch64-shippable-qr,True,False,,|c|o|l|d| |w|e|b|r|e|n|d|e|r|,102210fe594ee9b33d82058545b1ed14f4c8206e,loadtime,imdb,True,imdb loadtime opt cold webrender,,77,ms,geckoview,,1730324077,2023-07-23T17:37:04,3411.1,2fd3284df4616a8723f5b749c4652a682c7b5372,1276726
autoland,4375374,13,92302d37db2c0dde32926e954404b4c8422e3f86,android-hw-a51-11-0-aarch64-shippable-qr,True,False,,|c|o|l|d| |w|e|b|r|e|n|d|e|r|,102210fe594ee9b33d82058545b1ed14f4c8206e,loadtime,imdb,True,imdb loadtime opt cold webrender,,77,ms,geckoview,,1730402303,2023-07-24T00:19:00,3052.0,7e5acc812edd3bcb93cfaf76eaab2c3fd6c4d274,1276767
autoland,4375374,13,92302d37db2c0dde32926e954404b4c8422e3f86,android-hw-a51-11-0-aarch64-shippable-qr,True,False,,|c|o|l|d| |w|e|b|r|e|n|d|e|r|,102210fe594ee9b33d82058545b1ed14f4c8206e,loadtime,imdb,True,imdb loadtime opt cold webrender,,77,ms,geckoview,,1730436338,2023-07-24T03:08:06,3176.5,7b6332c9bce4487c1db3384523b5991fef31e28c,1276802
autoland,4375374,13,92302d37db2c0dde32926e954404b4c8422e3f86,android-hw-a51-11-0-aarch64-shippable-qr,True,False,,|c|o|l|d| |w|e|b|r|e|n|d|e|r|,102210fe594ee9b33d82058545b1ed14f4c8206e,loadtime,imdb,True,imdb loadtime opt cold webrender,,77,ms,geckoview,,1730488563,2023-07-24T07:35:58,3607.2,91b590f6e608c6c3787304fa0010ce58519bde50,1276834
autoland,4375374,13,92302d37db2c0dde32926e954404b4c8422e3f86,android-hw-a51-11-0-aarch64-shippable-qr,True,False,,|c|o|l|d| |w|e|b|r|e|n|d|e|r|,102210fe594ee9b33d82058545b1ed14f4c8206e,loadtime,imdb,True,imdb loadtime opt cold webrender,,77,ms,geckoview,,1730660607,2023-07-24T11:14:54,3151.6,b1a1263e67ce531d13e0a5e2e77c737b114e38b0,1276910
autoland,4375374,13,92302d37db2c0dde32926e954404b4c8422e3f86,android-hw-a51-11-0-aarch64-shippable-qr,True,False,,|c|o|l|d| |w|e|b|r|e|n|d|e|r|,102210fe594ee9b33d82058545b1ed14f4c8206e,loadtime,imdb,True,imdb loadtime opt cold webrender,,77,ms,geckoview,,1730807475,2023-07-24T16:02:50,3170.1,2483fdffbe5e3c051a32bcf141fb33e9803c0afc,1277068
autoland,4375374,13,92302d37db2c0dde32926e954404b4c8422e3f86,android-hw-a51-11-0-aarch64-shippable-qr,True,False,,|c|o|l|d| |w|e|b|r|e|n|d|e|r|,102210fe594ee9b33d82058545b1ed14f4c8206e,loadtime,imdb,True,imdb loadtime opt cold webrender,,77,ms,geckoview,,1730877054,2023-07-24T19:16:11,3083.3,f9c12557d7a4e074be3fc45027ae8ffbb8f27aaf,1277230
autoland,4375374,13,92302d37db2c0dde32926e954404b4c8422e3f86,android-hw-a51-11-0-aarch64-shippable-qr,True,False,,|c|o|l|d| |w|e|b|r|e|n|d|e|r|,102210fe594ee9b33d82058545b1ed14f4c8206e,loadtime,imdb,True,imdb loadtime opt cold webrender,,77,ms,geckoview,,1730960744,2023-07-24T23:43:54,3122.2,bd745245ac70d82630be9e971b5a9077b5f514e8,1277393
autoland,4375374,13,92302d37db2c0dde32926e954404b4c8422e3f86,android-hw-a51-11-0-aarch64-shippable-qr,True,False,,|c|o|l|d| |w|e|b|r|e|n|d|e|r|,102210fe594ee9b33d82058545b1ed14f4c8206e,loadtime,imdb,True,imdb loadtime opt cold webrender,,77,ms,geckoview,,1730976055,2023-07-25T00:28:34,3009.7,1084bcb2a2550fee8fad1f0be69e603b6c8d67bd,1277414
autoland,4375374,13,92302d37db2c0dde32926e954404b4c8422e3f86,android-hw-a51-11-0-aarch64-shippable-qr,True,False,,|c|o|l|d| |w|e|b|r|e|n|d|e|r|,102210fe594ee9b33d82058545b1ed14f4c8206e,loadtime,imdb,True,imdb loadtime opt cold webrender,,77,ms,geckoview,,1731039192,2023-07-25T04:47:38,3057.4,862d1cf3d7a17e3dde9bda49c5561ec902bb8136,1277485
autoland,4375374,13,92302d37db2c0dde32926e954404b4c8422e3f86,android-hw-a51-11-0-aarch64-shippable-qr,True,False,,|c|o|l|d| |w|e|b|r|e|n|d|e|r|,102210fe594ee9b33d82058545b1ed14f4c8206e,loadtime,imdb,True,imdb loadtime opt cold webrender,,77,ms,geckoview,,1731154211,2023-07-25T10:29:47,3103.8,45a52966f9649f4dc9b8bbb6a8e68cdcc63ee287,1277576
autoland,4375374,13,92302d37db2c0dde32926e954404b4c8422e3f86,android-hw-a51-11-0-aarch64-shippable-qr,True,False,,|c|o|l|d| |w|e|b|r|e|n|d|e|r|,102210fe594ee9b33d82058545b1ed14f4c8206e,loadtime,imdb,True,imdb loadtime opt cold webrender,,77,ms,geckoview,,1731254316,2023-07-25T14:49:04,3123.2,1ae7562fa2353aa63871f769d4e0a1cdd9becf78,1277682
autoland,4375374,13,92302d37db2c0dde32926e954404b4c8422e3f86,android-hw-a51-11-0-aarch64-shippable-qr,True,False,,|c|o|l|d| |w|e|b|r|e|n|d|e|r|,102210fe594ee9b33d82058545b1ed14f4c8206e,loadtime,imdb,True,imdb loadtime opt cold webrender,,77,ms,geckoview,,1731260006,2023-07-25T15:17:56,3114.1,c30662ce80ba57a0977cdeb03e776a28af4fa2fb,1277708
autoland,4375374,13,92302d37db2c0dde32926e954404b4c8422e3f86,android-hw-a51-11-0-aarch64-shippable-qr,True,False,,|c|o|l|d| |w|e|b|r|e|n|d|e|r|,102210fe594ee9b33d82058545b1ed14f4c8206e,loadtime,imdb,True,imdb loadtime opt cold webrender,,77,ms,geckoview,,1731439058,2023-07-25T23:05:26,3199.3,9a2f59dbe5917068801919377341eb7c1ea2030d,1278011
autoland,4375374,13,92302d37db2c0dde32926e954404b4c8422e3f86,android-hw-a51-11-0-aarch64-shippable-qr,True,False,,|c|o|l|d| |w|e|b|r|e|n|d|e|r|,102210fe594ee9b33d82058545b1ed14f4c8206e,loadtime,imdb,True,imdb loadtime opt cold webrender,,77,ms,geckoview,,1731482388,2023-07-26T02:26:30,3206.6,6a9aca2a1b89781175cdec2df700998fa9209282,1278087
autoland,4375374,13,92302d37db2c0dde32926e954404b4c8422e3f86,android-hw-a51-11-0-aarch64-shippable-qr,True,False,,|c|o|l|d| |w|e|b|r|e|n|d|e|r|,102210fe594ee9b33d82058545b1ed14f4c8206e,loadtime,imdb,True,imdb loadtime opt cold webrender,,77,ms,geckoview,,1731543552,2023-07-26T06:49:07,3122.8,8470bc21f160f3c1fecb034308c203412e1fcb3c,1278154
autoland,4375374,13,92302d37db2c0dde32926e954404b4c8422e3f86,android-hw-a51-11-0-aarch64-shippable-qr,True,False,,|c|o|l|d| |w|e|b|r|e|n|d|e|r|,102210fe594ee9b33d82058545b1ed14f4c8206e,loadtime,imdb,True,imdb loadtime opt cold webrender,,77,ms,geckoview,,1731586705,2023-07-26T09:35:06,3197.1,87846ae3f12d74bcc97619bea65453ce0aca0e54,1278218
autoland,4375374,13,92302d37db2c0dde32926e954404b4c8422e3f86,android-hw-a51-11-0-aarch64-shippable-qr,True,False,,|c|o|l|d| |w|e|b|r|e|n|d|e|r|,102210fe594ee9b33d82058545b1ed14f4c8206e,loadtime,imdb,True,imdb loadtime opt cold webrender,,77,ms,geckoview,,1731752507,2023-07-26T15:38:17,3152.7,b65b154c05c37b796b5c0ef7cc01fd37ecfdea1c,1278401
autoland,4375374,13,92302d37db2c0dde32926e954404b4c8422e3f86,android-hw-a51-11-0-aarch64-shippable-qr,True,False,,|c|o|l|d| |w|e|b|r|e|n|d|e|r|,102210fe594ee9b33d82058545b1ed14f4c8206e,loadtime,imdb,True,imdb loadtime opt cold webrender,,77,ms,geckoview,,1731822012,2023-07-26T19:06:03,3126.7,03e38eb3c09f9a7de47640e671486aa51216c461,1278523
autoland,4375374,13,92302d37db2c0dde32926e954404b4c8422e3f86,android-hw-a51-11-0-aarch64-shippable-qr,True,False,,|c|o|l|d| |w|e|b|r|e|n|d|e|r|,102210fe594ee9b33d82058545b1ed14f4c8206e,loadtime,imdb,True,imdb loadtime opt cold webrender,,77,ms,geckoview,,1731891820,2023-07-26T23:24:58,3153.7,84a5d1af6f7ff3689a022412a1fbc2c6632a5f96,1278695
autoland,4375374,13,92302d37db2c0dde32926e954404b4c8422e3f86,android-hw-a51-11-0-aarch64-shippable-qr,True,False,,|c|o|l|d| |w|e|b|r|e|n|d|e|r|,102210fe594ee9b33d82058545b1ed14f4c8206e,loadtime,imdb,True,imdb loadtime opt cold webrender,,77,ms,geckoview,,1731981980,2023-07-27T01:40:00,3091.5,3e5ffa17cbfe0cff1585c411714ca008dc6ae15e,1278764
autoland,4375374,13,92302d37db2c0dde32926e954404b4c8422e3f86,android-hw-a51-11-0-aarch64-shippable-qr,True,False,,|c|o|l|d| |w|e|b|r|e|n|d|e|r|,102210fe594ee9b33d82058545b1ed14f4c8206e,loadtime,imdb,True,imdb loadtime opt cold webrender,,77,ms,geckoview,,1732135666,2023-07-27T11:30:20,3100.5,84800a0d7e6ed9c82449cedd7ba57c2061572292,1278928
autoland,4375374,13,92302d37db2c0dde32926e954404b4c8422e3f86,android-hw-a51-11-0-aarch64-shippable-qr,True,False,,|c|o|l|d| |w|e|b|r|e|n|d|e|r|,102210fe594ee9b33d82058545b1ed14f4c8206e,loadtime,imdb,True,imdb loadtime opt cold webrender,,77,ms,geckoview,,1732274424,2023-07-27T15:18:37,3131.8,481bfcb7b2201e1eb04cebbeee74480be11095cc,1279069
autoland,4375374,13,92302d37db2c0dde32926e954404b4c8422e3f86,android-hw-a51-11-0-aarch64-shippable-qr,True,False,,|c|o|l|d| |w|e|b|r|e|n|d|e|r|,102210fe594ee9b33d82058545b1ed14f4c8206e,loadtime,imdb,True,imdb loadtime opt cold webrender,,77,ms,geckoview,,1732421367,2023-07-27T19:34:25,3141.9,f50f1984cd54c49748c94ebf3f3709aa4c582ead,1279276
autoland,4375374,13,92302d37db2c0dde32926e954404b4c8422e3f86,android-hw-a51-11-0-aarch64-shippable-qr,True,False,,|c|o|l|d| |w|e|b|r|e|n|d|e|r|,102210fe594ee9b33d82058545b1ed14f4c8206e,loadtime,imdb,True,imdb loadtime opt cold webrender,,77,ms,geckoview,,1732510237,2023-07-27T23:35:22,3115.0,0b367e70ac913aeec6308d2b941cff4dc929cd22,1279407
autoland,4375374,13,92302d37db2c0dde32926e954404b4c8422e3f86,android-hw-a51-11-0-aarch64-shippable-qr,True,False,,|c|o|l|d| |w|e|b|r|e|n|d|e|r|,102210fe594ee9b33d82058545b1ed14f4c8206e,loadtime,imdb,True,imdb loadtime opt cold webrender,,77,ms,geckoview,,1732536248,2023-07-28T01:05:08,3109.6,36ce680ea81ccb2f123f0f6831596185e6ea4e83,1279448
autoland,4375374,13,92302d37db2c0dde32926e954404b4c8422e3f86,android-hw-a51-11-0-aarch64-shippable-qr,True,False,,|c|o|l|d| |w|e|b|r|e|n|d|e|r|,102210fe594ee9b33d82058545b1ed14f4c8206e,loadtime,imdb,True,imdb loadtime opt cold webrender,,77,ms,geckoview,,1732608328,2023-07-28T05:46:55,3180.6,10692fd51184d10f78fb0eb56090f3c55827b561,1279508
autoland,4375374,13,92302d37db2c0dde32926e954404b4c8422e3f86,android-hw-a51-11-0-aarch64-shippable-qr,True,False,,|c|o|l|d| |w|e|b|r|e|n|d|e|r|,102210fe594ee9b33d82058545b1ed14f4c8206e,loadtime,imdb,True,imdb loadtime opt cold webrender,,77,ms,geckoview,,1732790039,2023-07-28T11:09:37,3131.3,af33198f4756b96446ab9cb00f77cc6e2b27f314,1279609
autoland,4375374,13,92302d37db2c0dde32926e954404b4c8422e3f86,android-hw-a51-11-0-aarch64-shippable-qr,True,False,,|c|o|l|d| |w|e|b|r|e|n|d|e|r|,102210fe594ee9b33d82058545b1ed14f4c8206e,loadtime,imdb,True,imdb loadtime opt cold webrender,,77,ms,geckoview,,1732859995,2023-07-28T14:46:21,3136.6,08098e30932d89da82f6e452fff88fee938088d7,1279720
autoland,4375374,13,92302d37db2c0dde32926e954404b4c8422e3f86,android-hw-a51-11-0-aarch64-shippable-qr,True,False,,|c|o|l|d| |w|e|b|r|e|n|d|e|r|,102210fe594ee9b33d82058545b1ed14f4c8206e,loadtime,imdb,True,imdb loadtime opt cold webrender,,77,ms,geckoview,,1732922772,2023-07-28T18:48:27,3202.3,2f51f44f5da6afbdb8a587b03f47fcdc7b672475,1279862
autoland,4375374,13,92302d37db2c0dde32926e954404b4c8422e3f86,android-hw-a51-11-0-aarch64-shippable-qr,True,False,,|c|o|l|d| |w|e|b|r|e|n|d|e|r|,102210fe594ee9b33d82058545b1ed14f4c8206e,loadtime,imdb,True,imdb loadtime opt cold webrender,,77,ms,geckoview,,1733003234,2023-07-28T22:56:39,3085.7,95255b6bb2d51d6c10d6a3471da82aeaf7512c0f,1279985
autoland,4375374,13,92302d37db2c0dde32926e954404b4c8422e3f86,android-hw-a51-11-0-aarch64-shippable-qr,True,False,,|c|o|l|d| |w|e|b|r|e|n|d|e|r|,102210fe594ee9b33d82058545b1ed14f4c8206e,loadtime,imdb,True,imdb loadtime opt cold webrender,,77,ms,geckoview,,1733053821,2023-07-29T03:44:49,3114.6,1c410aed156878dc739ffdb4343c315fb0bb0a00,1280031
autoland,4375374,13,92302d37db2c0dde32926e954404b4c8422e3f86,android-hw-a51-11-0-aarch64-shippable-qr,True,False,,|c|o|l|d| |w|e|b|r|e|n|d|e|r|,102210fe594ee9b33d82058545b1ed14f4c8206e,loadtime,imdb,True,imdb loadtime opt cold webrender,,77,ms,geckoview,,1733104183,2023-07-29T09:43:33,3106.9,5f1e1cd609f68ff20fbea6b02e5a3444f7dd303d,1280059
autoland,4375374,13,92302d37db2c0dde32926e954404b4c8422e3f86,android-hw-a51-11-0-aarch64-shippable-qr,True,False,,|c|o|l|d| |w|e|b|r|e|n|d|e|r|,102210fe594ee9b33d82058545b1ed14f4c8206e,loadtime,imdb,True,imdb loadtime opt cold webrender,,77,ms,geckoview,,1733194647,2023-07-30T01:23:54,3127.4,9a9597eb50561ea739c8a26da45dcbad6557a326,1280105
autoland,4375374,13,92302d37db2c0dde32926e954404b4c8422e3f86,android-hw-a51-11-0-aarch64-shippable-qr,True,False,,|c|o|l|d| |w|e|b|r|e|n|d|e|r|,102210fe594ee9b33d82058545b1ed14f4c8206e,loadtime,imdb,True,imdb loadtime opt cold webrender,,77,ms,geckoview,,1733276330,2023-07-30T13:52:06,3087.9,ce5b2b0d4bc01294b78eeb50a7738e0b5755b3a4,1280125
autoland,4375374,13,92302d37db2c0dde32926e954404b4c8422e3f86,android-hw-a51-11-0-aarch64-shippable-qr,True,False,,|c|o|l|d| |w|e|b|r|e|n|d|e|r|,102210fe594ee9b33d82058545b1ed14f4c8206e,loadtime,imdb,True,imdb loadtime opt cold webrender,,77,ms,geckoview,,1733348143,2023-07-31T04:52:45,3158.0,91dd0dbb8e738b29e6f14bdbaaf28f2b1f531b2b,1280185
autoland,4375374,13,92302d37db2c0dde32926e954404b4c8422e3f86,android-hw-a51-11-0-aarch64-shippable-qr,True,False,,|c|o|l|d| |w|e|b|r|e|n|d|e|r|,102210fe594ee9b33d82058545b1ed14f4c8206e,loadtime,imdb,True,imdb loadtime opt cold webrender,,77,ms,geckoview,,1733479570,2023-07-31T09:26:34,3033.4,2b4f8ad0cecd1e9ce287bf572fd28b8b94d91717,1280244
autoland,4375374,13,92302d37db2c0dde32926e954404b4c8422e3f86,android-hw-a51-11-0-aarch64-shippable-qr,True,False,,|c|o|l|d| |w|e|b|r|e|n|d|e|r|,102210fe594ee9b33d82058545b1ed14f4c8206e,loadtime,imdb,True,imdb loadtime opt cold webrender,,77,ms,geckoview,,1733481892,2023-07-31T10:39:42,3088.1,805b1cd5321098059e548eed4aa9db6f43cd833e,1280276
autoland,4375374,13,92302d37db2c0dde32926e954404b4c8422e3f86,android-hw-a51-11-0-aarch64-shippable-qr,True,False,,|c|o|l|d| |w|e|b|r|e|n|d|e|r|,102210fe594ee9b33d82058545b1ed14f4c8206e,loadtime,imdb,True,imdb loadtime opt cold webrender,,77,ms,geckoview,,1733641107,2023-07-31T14:45:15,3155.1,7cad7000bc1c51f14ca241ac2aa08ac299612b8c,1280380
autoland,4375374,13,92302d37db2c0dde32926e954404b4c8422e3f86,android-hw-a51-11-0-aarch64-shippable-qr,True,False,,|c|o|l|d| |w|e|b|r|e|n|d|e|r|,102210fe594ee9b33d82058545b1ed14f4c8206e,loadtime,imdb,True,imdb loadtime opt cold webrender,,77,ms,geckoview,,1733657943,2023-07-31T16:08:26,3465.1,0a238650aa096b0da883226d02d11fc5178541f3,1280438
autoland,4375374,13,92302d37db2c0dde32926e954404b4c8422e3f86,android-hw-a51-11-0-aarch64-shippable-qr,True,False,,|c|o|l|d| |w|e|b|r|e|n|d|e|r|,102210fe594ee9b33d82058545b1ed14f4c8206e,loadtime,imdb,True,imdb loadtime opt cold webrender,,77,ms,geckoview,,1733732842,2023-07-31T21:31:29,3128.6,2d698aca1dece26df297dd085dbde9216e3b2e66,1280612
autoland,4375374,13,92302d37db2c0dde32926e954404b4c8422e3f86,android-hw-a51-11-0-aarch64-shippable-qr,True,False,,|c|o|l|d| |w|e|b|r|e|n|d|e|r|,102210fe594ee9b33d82058545b1ed14f4c8206e,loadtime,imdb,True,imdb loadtime opt cold webrender,,77,ms,geckoview,,1733776415,2023-07-31T21:34:42,3116.2,28250de453513da3369c412cbce0f35b97146bec,1280618
autoland,4375374,13,92302d37db2c0dde32926e954404b4c8422e3f86,android-hw-a51-11-0-aarch64-shippable-qr,True,False,,|c|o|l|d| |w|e|b|r|e|n|d|e|r|,102210fe594ee9b33d82058545b1ed14f4c8206e,loadtime,imdb,True,imdb loadtime opt cold webrender,,77,ms,geckoview,,1733799603,2023-07-31T23:41:21,3039.3,195161a06a7a71dbce0ee5e8ddb8c84f3cb03df7,1280694
autoland,4375374,13,92302d37db2c0dde32926e954404b4c8422e3f86,android-hw-a51-11-0-aarch64-shippable-qr,True,False,,|c|o|l|d| |w|e|b|r|e|n|d|e|r|,102210fe594ee9b33d82058545b1ed14f4c8206e,loadtime,imdb,True,imdb loadtime opt cold webrender,,77,ms,geckoview,,1733909969,2023-08-01T03:53:20,3127.4,ca66ac527c958bd3f26f8c86f291fa85de21ec56,1280753
autoland,4375374,13,92302d37db2c0dde32926e954404b4c8422e3f86,android-hw-a51-11-0-aarch64-shippable-qr,True,False,,|c|o|l|d| |w|e|b|r|e|n|d|e|r|,102210fe594ee9b33d82058545b1ed14f4c8206e,loadtime,imdb,True,imdb loadtime opt cold webrender,,77,ms,geckoview,,1733926961,2023-08-01T04:02:13,3208.7,d5ecff066adaf3a4029a970db93a9f23f1ed2587,1280758
autoland,4375374,13,92302d37db2c0dde32926e954404b4c8422e3f86,android-hw-a51-11-0-aarch64-shippable-qr,True,False,,|c|o|l|d| |w|e|b|r|e|n|d|e|r|,102210fe594ee9b33d82058545b1ed14f4c8206e,loadtime,imdb,True,imdb loadtime opt cold webrender,,77,ms,geckoview,,1733994845,2023-08-01T08:15:56,3409.7,5201d6f4a7e8740bd42f08295800c15e0e18cd7e,1280812
autoland,4375374,13,92302d37db2c0dde32926e954404b4c8422e3f86,android-hw-a51-11-0-aarch64-shippable-qr,True,False,,|c|o|l|d| |w|e|b|r|e|n|d|e|r|,102210fe594ee9b33d82058545b1ed14f4c8206e,loadtime,imdb,True,imdb loadtime opt cold webrender,,77,ms,geckoview,,1733996375,2023-08-01T08:24:47,3100.2,b83cfea645752706c643567095d49b349cb9e610,1280822
autoland,4375374,13,92302d37db2c0dde32926e954404b4c8422e3f86,android-hw-a51-11-0-aarch64-shippable-qr,True,False,,|c|o|l|d| |w|e|b|r|e|n|d|e|r|,102210fe594ee9b33d82058545b1ed14f4c8206e,loadtime,imdb,True,imdb loadtime opt cold webrender,,77,ms,geckoview,,1734091267,2023-08-01T12:32:45,3152.0,90b19e0d07e5d2cd137f135b860f0357df90e338,1280938
autoland,4375374,13,92302d37db2c0dde32926e954404b4c8422e3f86,android-hw-a51-11-0-aarch64-shippable-qr,True,False,,|c|o|l|d| |w|e|b|r|e|n|d|e|r|,102210fe594ee9b33d82058545b1ed14f4c8206e,loadtime,imdb,True,imdb loadtime opt cold webrender,,77,ms,geckoview,,1734113493,2023-08-01T12:49:44,3110.0,61356e1447e3bb09709883f8b5806a201d39c5a4,1280953
autoland,4375374,13,92302d37db2c0dde32926e954404b4c8422e3f86,android-hw-a51-11-0-aarch64-shippable-qr,True,False,,|c|o|l|d| |w|e|b|r|e|n|d|e|r|,102210fe594ee9b33d82058545b1ed14f4c8206e,loadtime,imdb,True,imdb loadtime opt cold webrender,,77,ms,geckoview,,1734156402,2023-08-01T15:48:38,3084.5,ea7df1f8976b5cdf0d7ddbc918c38d7fffcee983,1281058
autoland,4375374,13,92302d37db2c0dde32926e954404b4c8422e3f86,android-hw-a51-11-0-aarch64-shippable-qr,True,False,,|c|o|l|d| |w|e|b|r|e|n|d|e|r|,102210fe594ee9b33d82058545b1ed14f4c8206e,loadtime,imdb,True,imdb loadtime opt cold webrender,,77,ms,geckoview,,1734323477,2023-08-01T20:02:17,3102.8,fd6f3d21ce3f450906d293c067fdadc62ea991a6,1281212
autoland,4375374,13,92302d37db2c0dde32926e954404b4c8422e3f86,android-hw-a51-11-0-aarch64-shippable-qr,True,False,,|c|o|l|d| |w|e|b|r|e|n|d|e|r|,102210fe594ee9b33d82058545b1ed14f4c8206e,loadtime,imdb,True,imdb loadtime opt cold webrender,,77,ms,geckoview,,1734383902,2023-08-02T00:13:38,3158.8,323a980eddb18489b9d7de1ffeff427026574b4c,1281337
autoland,4375374,13,92302d37db2c0dde32926e954404b4c8422e3f86,android-hw-a51-11-0-aarch64-shippable-qr,True,False,,|c|o|l|d| |w|e|b|r|e|n|d|e|r|,102210fe594ee9b33d82058545b1ed14f4c8206e,loadtime,imdb,True,imdb loadtime opt cold webrender,,77,ms,geckoview,,1734500427,2023-08-02T06:07:22,3087.0,7ee1dad073d03db2f730fd5c2baf77f37e458feb,1281414
autoland,4375374,13,92302d37db2c0dde32926e954404b4c8422e3f86,android-hw-a51-11-0-aarch64-shippable-qr,True,False,,|c|o|l|d| |w|e|b|r|e|n|d|e|r|,102210fe594ee9b33d82058545b1ed14f4c8206e,loadtime,imdb,True,imdb loadtime opt cold webrender,,77,ms,geckoview,,1734486771,2023-08-02T06:35:09,3116.9,a8968f9e8cf0bba14f132004f11b34a8abb93165,1281421
autoland,4375374,13,92302d37db2c0dde32926e954404b4c8422e3f86,android-hw-a51-11-0-aarch64-shippable-qr,True,False,,|c|o|l|d| |w|e|b|r|e|n|d|e|r|,102210fe594ee9b33d82058545b1ed14f4c8206e,loadtime,imdb,True,imdb loadtime opt cold webrender,,77,ms,geckoview,,1734624890,2023-08-02T10:39:12,3136.0,338c2c8d91af0f92fa1a7a3b5fb1830adb54b373,1281520
autoland,4375374,13,92302d37db2c0dde32926e954404b4c8422e3f86,android-hw-a51-11-0-aarch64-shippable-qr,True,False,,|c|o|l|d| |w|e|b|r|e|n|d|e|r|,102210fe594ee9b33d82058545b1ed14f4c8206e,loadtime,imdb,True,imdb loadtime opt cold webrender,,77,ms,geckoview,,1734640166,2023-08-02T12:59:29,3079.5,b21c8906db6d0a7e0fbae7e609d90da9cf977fbb,1281568
autoland,4375374,13,92302d37db2c0dde32926e954404b4c8422e3f86,android-hw-a51-11-0-aarch64-shippable-qr,True,False,,|c|o|l|d| |w|e|b|r|e|n|d|e|r|,102210fe594ee9b33d82058545b1ed14f4c8206e,loadtime,imdb,True,imdb loadtime opt cold webrender,,77,ms,geckoview,,1734778360,2023-08-02T16:29:38,3145.4,90ca26ab8ee142d08164d3ed9761aa023bc4e2aa,1281697
autoland,4375374,13,92302d37db2c0dde32926e954404b4c8422e3f86,android-hw-a51-11-0-aarch64-shippable-qr,True,False,,|c|o|l|d| |w|e|b|r|e|n|d|e|r|,102210fe594ee9b33d82058545b1ed14f4c8206e,loadtime,imdb,True,imdb loadtime opt cold webrender,,77,ms,geckoview,,1735017037,2023-08-03T00:54:50,3145.7,9836af94c959ecca4666d7f0c19125b41969ff65,1282044
autoland,4375374,13,92302d37db2c0dde32926e954404b4c8422e3f86,android-hw-a51-11-0-aarch64-shippable-qr,True,False,,|c|o|l|d| |w|e|b|r|e|n|d|e|r|,102210fe594ee9b33d82058545b1ed14f4c8206e,loadtime,imdb,True,imdb loadtime opt cold webrender,,77,ms,geckoview,,1735043374,2023-08-03T00:55:51,3116.4,c37e853eb755f0f4110f01509516da8c93baf284,1282045
autoland,4375374,13,92302d37db2c0dde32926e954404b4c8422e3f86,android-hw-a51-11-0-aarch64-shippable-qr,True,False,,|c|o|l|d| |w|e|b|r|e|n|d|e|r|,102210fe594ee9b33d82058545b1ed14f4c8206e,loadtime,imdb,True,imdb loadtime opt cold webrender,,77,ms,geckoview,,1735148617,2023-08-03T05:32:27,3150.6,1eb2f6905e74aa982d6b71bec524ccfde726bb7b,1282117
autoland,4375374,13,92302d37db2c0dde32926e954404b4c8422e3f86,android-hw-a51-11-0-aarch64-shippable-qr,True,False,,|c|o|l|d| |w|e|b|r|e|n|d|e|r|,102210fe594ee9b33d82058545b1ed14f4c8206e,loadtime,imdb,True,imdb loadtime opt cold webrender,,77,ms,geckoview,,1735216679,2023-08-03T09:35:33,3126.6,6f55c55c40c70eff3b82d3129f516257598ea115,1282197
autoland,4375374,13,92302d37db2c0dde32926e954404b4c8422e3f86,android-hw-a51-11-0-aarch64-shippable-qr,True,False,,|c|o|l|d| |w|e|b|r|e|n|d|e|r|,102210fe594ee9b33d82058545b1ed14f4c8206e,loadtime,imdb,True,imdb loadtime opt cold webrender,,77,ms,geckoview,,1735271082,2023-08-03T11:38:24,3112.9,9a8ae552959ec73c3546151f30d131552d64bce0,1282235
autoland,4375374,13,92302d37db2c0dde32926e954404b4c8422e3f86,android-hw-a51-11-0-aarch64-shippable-qr,True,False,,|c|o|l|d| |w|e|b|r|e|n|d|e|r|,102210fe594ee9b33d82058545b1ed14f4c8206e,loadtime,imdb,True,imdb loadtime opt cold webrender,,77,ms,geckoview,,1735455317,2023-08-03T15:46:38,3136.2,b801323d1ecc3535a192916c7cb0575710458777,1282361
autoland,4375374,13,92302d37db2c0dde32926e954404b4c8422e3f86,android-hw-a51-11-0-aarch64-shippable-qr,True,False,,|c|o|l|d| |w|e|b|r|e|n|d|e|r|,102210fe594ee9b33d82058545b1ed14f4c8206e,loadtime,imdb,True,imdb loadtime opt cold webrender,,77,ms,geckoview,,1735492798,2023-08-03T16:00:50,3124.4,58d067f89f59472dc1a89d573ccebb4850863efa,1282374
autoland,4375374,13,92302d37db2c0dde32926e954404b4c8422e3f86,android-hw-a51-11-0-aarch64-shippable-qr,True,False,,|c|o|l|d| |w|e|b|r|e|n|d|e|r|,102210fe594ee9b33d82058545b1ed14f4c8206e,loadtime,imdb,True,imdb loadtime opt cold webrender,,77,ms,geckoview,,1735538707,2023-08-03T19:10:36,3221.8,8527a2500a35867e4319772e3be1f2756dfcfced,1282500
autoland,4375374,13,92302d37db2c0dde32926e954404b4c8422e3f86,android-hw-a51-11-0-aarch64-shippable-qr,True,False,,|c|o|l|d| |w|e|b|r|e|n|d|e|r|,102210fe594ee9b33d82058545b1ed14f4c8206e,loadtime,imdb,True,imdb loadtime opt cold webrender,,77,ms,geckoview,,1735646302,2023-08-03T22:02:40,3116.4,3922ccc760667154aea7a174114abfacb17fe35e,1282606
autoland,4375374,13,92302d37db2c0dde32926e954404b4c8422e3f86,android-hw-a51-11-0-aarch64-shippable-qr,True,False,,|c|o|l|d| |w|e|b|r|e|n|d|e|r|,102210fe594ee9b33d82058545b1ed14f4c8206e,loadtime,imdb,True,imdb loadtime opt cold webrender,,77,ms,geckoview,,1735720927,2023-08-04T02:28:33,3119.9,2b60f9868271a131fa342332b78f3968159fa46e,1282715
autoland,4375374,13,92302d37db2c0dde32926e954404b4c8422e3f86,android-hw-a51-11-0-aarch64-shippable-qr,True,False,,|c|o|l|d| |w|e|b|r|e|n|d|e|r|,102210fe594ee9b33d82058545b1ed14f4c8206e,loadtime,imdb,True,imdb loadtime opt cold webrender,,77,ms,geckoview,,1735821289,2023-08-04T06:28:57,3209.8,94da8bb07baea6212776a4b3ddcebff2c08eab98,1282781
autoland,4375374,13,92302d37db2c0dde32926e954404b4c8422e3f86,android-hw-a51-11-0-aarch64-shippable-qr,True,False,,|c|o|l|d| |w|e|b|r|e|n|d|e|r|,102210fe594ee9b33d82058545b1ed14f4c8206e,loadtime,imdb,True,imdb loadtime opt cold webrender,,77,ms,geckoview,,1735858304,2023-08-04T09:04:37,3105.8,386212864d07a46141ce5bca1ef4988cefa4bad7,1282830
autoland,4375374,13,92302d37db2c0dde32926e954404b4c8422e3f86,android-hw-a51-11-0-aarch64-shippable-qr,True,False,,|c|o|l|d| |w|e|b|r|e|n|d|e|r|,102210fe594ee9b33d82058545b1ed14f4c8206e,loadtime,imdb,True,imdb loadtime opt cold webrender,,77,ms,geckoview,,1735969492,2023-08-04T13:05:51,3161.4,3a8e173a97d02ae7b0aa11e9ca6f35b1fe8fa926,1282936
autoland,4375374,13,92302d37db2c0dde32926e954404b4c8422e3f86,android-hw-a51-11-0-aarch64-shippable-qr,True,False,,|c|o|l|d| |w|e|b|r|e|n|d|e|r|,102210fe594ee9b33d82058545b1ed14f4c8206e,loadtime,imdb,True,imdb loadtime opt cold webrender,,77,ms,geckoview,,1736115006,2023-08-04T14:26:38,3109.8,8b506ab414513f3320eb7747254e94b37808bb75,1282995
autoland,4375374,13,92302d37db2c0dde32926e954404b4c8422e3f86,android-hw-a51-11-0-aarch64-shippable-qr,True,False,,|c|o|l|d| |w|e|b|r|e|n|d|e|r|,102210fe594ee9b33d82058545b1ed14f4c8206e,loadtime,imdb,True,imdb loadtime opt cold webrender,,77,ms,geckoview,,1736149482,2023-08-04T17:20:09,3519.7,e8c6dc4a318cb8af6210801b4271ea32ee9f324a,1283108
autoland,4375374,13,92302d37db2c0dde32926e954404b4c8422e3f86,android-hw-a51-11-0-aarch64-shippable-qr,True,False,,|c|o|l|d| |w|e|b|r|e|n|d|e|r|,102210fe594ee9b33d82058545b1ed14f4c8206e,loadtime,imdb,True,imdb loadtime opt cold webrender,,77,ms,geckoview,,1736264018,2023-08-04T21:22:40,3162.6,de6dcf5a4c0eec5ef6847cde00ec5da4fcee2e8c,1283226
autoland,4375374,13,92302d37db2c0dde32926e954404b4c8422e3f86,android-hw-a51-11-0-aarch64-shippable-qr,True,False,,|c|o|l|d| |w|e|b|r|e|n|d|e|r|,102210fe594ee9b33d82058545b1ed14f4c8206e,loadtime,imdb,True,imdb loadtime opt cold webrender,,77,ms,geckoview,,1736312030,2023-08-04T23:16:08,3114.2,421628bd5a5c1cf8c64cb86994b1e6dc738abb49,1283269
autoland,4375374,13,92302d37db2c0dde32926e954404b4c8422e3f86,android-hw-a51-11-0-aarch64-shippable-qr,True,False,,|c|o|l|d| |w|e|b|r|e|n|d|e|r|,102210fe594ee9b33d82058545b1ed14f4c8206e,loadtime,imdb,True,imdb loadtime opt cold webrender,,77,ms,geckoview,,1736485718,2023-08-05T11:44:34,3179.2,9e73058ab4aadee7e12b26a9be296b2bbc04cf74,1283328
autoland,4375374,13,92302d37db2c0dde32926e954404b4c8422e3f86,android-hw-a51-11-0-aarch64-shippable-qr,True,False,,|c|o|l|d| |w|e|b|r|e|n|d|e|r|,102210fe594ee9b33d82058545b1ed14f4c8206e,loadtime,imdb,True,imdb loadtime opt cold webrender,,77,ms,geckoview,,1736502507,2023-08-05T16:15:02,3125.3,b0538d39e8c853c9e07b359df9c740d5175e7077,1283346
autoland,4375374,13,92302d37db2c0dde32926e954404b4c8422e3f86,android-hw-a51-11-0-aarch64-shippable-qr,True,False,,|c|o|l|d| |w|e|b|r|e|n|d|e|r|,102210fe594ee9b33d82058545b1ed14f4c8206e,loadtime,imdb,True,imdb loadtime opt cold webrender,,77,ms,geckoview,,1736624630,2023-08-06T23:55:51,3049.2,a777f43c4d9cabe80f2fc3aea6bf95c7e3e9c4c1,1283445
autoland,4375374,13,92302d37db2c0dde32926e954404b4c8422e3f86,android-hw-a51-11-0-aarch64-shippable-qr,True,False,,|c|o|l|d| |w|e|b|r|e|n|d|e|r|,102210fe594ee9b33d82058545b1ed14f4c8206e,loadtime,imdb,True,imdb loadtime opt cold webrender,,77,ms,geckoview,,1736654247,2023-08-07T02:09:17,3127.8,a86a27857ef685b0547d023a29fb8c8bb3f8fc1d,1283462
autoland,4375374,13,92302d37db2c0dde32926e954404b4c8422e3f86,android-hw-a51-11-0-aarch64-shippable-qr,True,False,,|c|o|l|d| |w|e|b|r|e|n|d|e|r|,102210fe594ee9b33d82058545b1ed14f4c8206e,loadtime,imdb,True,imdb loadtime opt cold webrender,,77,ms,geckoview,,1736720113,2023-08-07T06:19:47,3083.0,6d877fdb9a1e892fe6528a26aab81b53cfae55c5,1283519
autoland,4375374,13,92302d37db2c0dde32926e954404b4c8422e3f86,android-hw-a51-11-0-aarch64-shippable-qr,True,False,,|c|o|l|d| |w|e|b|r|e|n|d|e|r|,102210fe594ee9b33d82058545b1ed14f4c8206e,loadtime,imdb,True,imdb loadtime opt cold webrender,,77,ms,geckoview,,1736837868,2023-08-07T09:17:55,3103.1,2f07664dbc304adeae1029ead0f4ab014aaa02a8,1283581
autoland,4375374,13,92302d37db2c0dde32926e954404b4c8422e3f86,android-hw-a51-11-0-aarch64-shippable-qr,True,False,,|c|o|l|d| |w|e|b|r|e|n|d|e|r|,102210fe594ee9b33d82058545b1ed14f4c8206e,loadtime,imdb,True,imdb loadtime opt cold webrender,,77,ms,geckoview,,1736882942,2023-08-07T13:44:02,3154.8,d59d0a5038b29cdbcbb2d4b003d642a2617e297f,1283713
autoland,4375374,13,92302d37db2c0dde32926e954404b4c8422e3f86,android-hw-a51-11-0-aarch64-shippable-qr,True,False,,|c|o|l|d| |w|e|b|r|e|n|d|e|r|,102210fe594ee9b33d82058545b1ed14f4c8206e,loadtime,imdb,True,imdb loadtime opt cold webrender,,77,ms,geckoview,,1736967034,2023-08-07T16:46:35,3060.1,969534e114528550edbcaf30931bc5e255ac2475,1283815
autoland,4375374,13,92302d37db2c0dde32926e954404b4c8422e3f86,android-hw-a51-11-0-aarch64-shippable-qr,True,False,,|c|o|l|d| |w|e|b|r|e|n|d|e|r|,102210fe594ee9b33d82058545b1ed14f4c8206e,loadtime,imdb,True,imdb loadtime opt cold webrender,,77,ms,geckoview,,1737055250,2023-08-07T20:52:42,3101.9,588b596bcb73c4c9cf235c8df1dc04fc9475c321,1283921
autoland,4375374,13,92302d37db2c0dde32926e954404b4c8422e3f86,android-hw-a51-11-0-aarch64-shippable-qr,True,False,,|c|o|l|d| |w|e|b|r|e|n|d|e|r|,102210fe594ee9b33d82058545b1ed14f4c8206e,loadtime,imdb,True,imdb loadtime opt cold webrender,,77,ms,geckoview,,1737080595,2023-08-07T21:31:10,3104.5,0d1a783351f683e500d6e8f83d3dc430b2afdcbf,1283941
autoland,4375374,13,92302d37db2c0dde32926e954404b4c8422e3f86,android-hw-a51-11-0-aarch64-shippable-qr,True,False,,|c|o|l|d| |w|e|b|r|e|n|d|e|r|,102210fe594ee9b33d82058545b1ed14f4c8206e,loadtime,imdb,True,imdb loadtime opt cold webrender,,77,ms,geckoview,,1737207790,2023-08-08T01:47:48,3114.5,7053ad5afbc40a1a98d9e4e447c98e2fd6d70f04,1284029
autoland,4375374,13,92302d37db2c0dde32926e954404b4c8422e3f86,android-hw-a51-11-0-aarch64-shippable-qr,True,False,,|c|o|l|d| |w|e|b|r|e|n|d|e|r|,102210fe594ee9b33d82058545b1ed14f4c8206e,loadtime,imdb,True,imdb loadtime opt cold webrender,,77,ms,geckoview,,1737302183,2023-08-08T08:03:57,3047.9,201950bdeb03d34c7ad70702b52d28c3e0f6a448,1284128
autoland,4375374,13,92302d37db2c0dde32926e954404b4c8422e3f86,android-hw-a51-11-0-aarch64-shippable-qr,True,False,,|c|o|l|d| |w|e|b|r|e|n|d|e|r|,102210fe594ee9b33d82058545b1ed14f4c8206e,loadtime,imdb,True,imdb loadtime opt cold webrender,,77,ms,geckoview,,1737376036,2023-08-08T12:10:40,3141.7,d1fbe6c1f87656fb4f55677904f55f6df433ea9a,1284255
autoland,4375374,13,92302d37db2c0dde32926e954404b4c8422e3f86,android-hw-a51-11-0-aarch64-shippable-qr,True,False,,|c|o|l|d| |w|e|b|r|e|n|d|e|r|,102210fe594ee9b33d82058545b1ed14f4c8206e,loadtime,imdb,True,imdb loadtime opt cold webrender,,77,ms,geckoview,,1737400349,2023-08-08T12:20:31,3119.2,062a5e5729067f579bd6d1ab2f1a3021d7fd291a,1284261
autoland,4375374,13,92302d37db2c0dde32926e954404b4c8422e3f86,android-hw-a51-11-0-aarch64-shippable-qr,True,False,,|c|o|l|d| |w|e|b|r|e|n|d|e|r|,102210fe594ee9b33d82058545b1ed14f4c8206e,loadtime,imdb,True,imdb loadtime opt cold webrender,,77,ms,geckoview,,1737497321,2023-08-08T16:23:23,3212.3,855c69dcdcc457c3e5a54150cdd89a71a2527e2b,1284396
autoland,4375374,13,92302d37db2c0dde32926e954404b4c8422e3f86,android-hw-a51-11-0-aarch64-shippable-qr,True,False,,|c|o|l|d| |w|e|b|r|e|n|d|e|r|,102210fe594ee9b33d82058545b1ed14f4c8206e,loadtime,imdb,True,imdb loadtime opt cold webrender,,77,ms,geckoview,,1737553574,2023-08-08T18:03:32,3130.1,b19ed5a6579d312e71c03201698107835378c612,1284479
autoland,4375374,13,92302d37db2c0dde32926e954404b4c8422e3f86,android-hw-a51-11-0-aarch64-shippable-qr,True,False,,|c|o|l|d| |w|e|b|r|e|n|d|e|r|,102210fe594ee9b33d82058545b1ed14f4c8206e,loadtime,imdb,True,imdb loadtime opt cold webrender,,77,ms,geckoview,,1737662803,2023-08-08T21:27:09,3087.3,4abb9ce2fb8e4174171b3478d6f28b78bf3f214a,1284603
autoland,4375374,13,92302d37db2c0dde32926e954404b4c8422e3f86,android-hw-a51-11-0-aarch64-shippable-qr,True,False,,|c|o|l|d| |w|e|b|r|e|n|d|e|r|,102210fe594ee9b33d82058545b1ed14f4c8206e,loadtime,imdb,True,imdb loadtime opt cold webrender,,77,ms,geckoview,,1737778048,2023-08-09T02:34:29,3122.5,25a29224e55d9a839d6fddde206208a453535ec8,1284750
autoland,4375374,13,92302d37db2c0dde32926e954404b4c8422e3f86,android-hw-a51-11-0-aarch64-shippable-qr,True,False,,|c|o|l|d| |w|e|b|r|e|n|d|e|r|,102210fe594ee9b33d82058545b1ed14f4c8206e,loadtime,imdb,True,imdb loadtime opt cold webrender,,77,ms,geckoview,,1738013011,2023-08-09T13:49:06,3067.9,46b5603cd2b8de629b659ec8d44fc7b086782c46,1285020
autoland,4375374,13,92302d37db2c0dde32926e954404b4c8422e3f86,android-hw-a51-11-0-aarch64-shippable-qr,True,False,,|c|o|l|d| |w|e|b|r|e|n|d|e|r|,102210fe594ee9b33d82058545b1ed14f4c8206e,loadtime,imdb,True,imdb loadtime opt cold webrender,,77,ms,geckoview,,1738214846,2023-08-09T17:29:37,3075.9,299828b58af2fd55f393babed8ea8db6425040df,1285186
autoland,4375374,13,92302d37db2c0dde32926e954404b4c8422e3f86,android-hw-a51-11-0-aarch64-shippable-qr,True,False,,|c|o|l|d| |w|e|b|r|e|n|d|e|r|,102210fe594ee9b33d82058545b1ed14f4c8206e,loadtime,imdb,True,imdb loadtime opt cold webrender,,77,ms,geckoview,,1738306528,2023-08-09T20:56:32,3012.5,9766f63db97d1b85b2f2f47d2b3cb3ee3782ae85,1285337
autoland,4375374,13,92302d37db2c0dde32926e954404b4c8422e3f86,android-hw-a51-11-0-aarch64-shippable-qr,True,False,,|c|o|l|d| |w|e|b|r|e|n|d|e|r|,102210fe594ee9b33d82058545b1ed14f4c8206e,loadtime,imdb,True,imdb loadtime opt cold webrender,,77,ms,geckoview,,1738403925,2023-08-10T01:02:34,3221.9,b2b54f91567d2de224314e03fc81ba6e815e2fa7,1285442
autoland,4375374,13,92302d37db2c0dde32926e954404b4c8422e3f86,android-hw-a51-11-0-aarch64-shippable-qr,True,False,,|c|o|l|d| |w|e|b|r|e|n|d|e|r|,102210fe594ee9b33d82058545b1ed14f4c8206e,loadtime,imdb,True,imdb loadtime opt cold webrender,,77,ms,geckoview,,1738426345,2023-08-10T02:22:08,3083.1,7704c89f0e6bc2ca33282a228b42fb5cd7aa072c,1285454
autoland,4375374,13,92302d37db2c0dde32926e954404b4c8422e3f86,android-hw-a51-11-0-aarch64-shippable-qr,True,False,,|c|o|l|d| |w|e|b|r|e|n|d|e|r|,102210fe594ee9b33d82058545b1ed14f4c8206e,loadtime,imdb,True,imdb loadtime opt cold webrender,,77,ms,geckoview,,1738540499,2023-08-10T06:54:21,3143.6,24eb42c9b3d9f910ba5afe124232608f70532552,1285524
autoland,4375374,13,92302d37db2c0dde32926e954404b4c8422e3f86,android-hw-a51-11-0-aarch64-shippable-qr,True,False,,|c|o|l|d| |w|e|b|r|e|n|d|e|r|,102210fe594ee9b33d82058545b1ed14f4c8206e,loadtime,imdb,True,imdb loadtime opt cold webrender,,77,ms,geckoview,,1738559331,2023-08-10T07:38:16,3146.0,f688cd32ea991c3f0e62e19b43efc48cb4cc183a,1285542
autoland,4375374,13,92302d37db2c0dde32926e954404b4c8422e3f86,android-hw-a51-11-0-aarch64-shippable-qr,True,False,,|c|o|l|d| |w|e|b|r|e|n|d|e|r|,102210fe594ee9b33d82058545b1ed14f4c8206e,loadtime,imdb,True,imdb loadtime opt cold webrender,,77,ms,geckoview,,1738654728,2023-08-10T11:47:02,3107.3,b544a2a999190b3345911b807fac8392e1360811,1285658
autoland,4375374,13,92302d37db2c0dde32926e954404b4c8422e3f86,android-hw-a51-11-0-aarch64-shippable-qr,True,False,,|c|o|l|d| |w|e|b|r|e|n|d|e|r|,102210fe594ee9b33d82058545b1ed14f4c8206e,loadtime,imdb,True,imdb loadtime opt cold webrender,,77,ms,geckoview,,1738677922,2023-08-10T13:06:38,3405.0,11f47f2a1cf08c1e0b5bb6374f2a7dd1f49c8cac,1285701
autoland,4375374,13,92302d37db2c0dde32926e954404b4c8422e3f86,android-hw-a51-11-0-aarch64-shippable-qr,True,False,,|c|o|l|d| |w|e|b|r|e|n|d|e|r|,102210fe594ee9b33d82058545b1ed14f4c8206e,loadtime,imdb,True,imdb loadtime opt cold webrender,,77,ms,geckoview,,1738795146,2023-08-10T16:07:39,3094.4,42a4b2af29229dbfd0675767afaf6965d292e4a7,1285800
autoland,4375374,13,92302d37db2c0dde32926e954404b4c8422e3f86,android-hw-a51-11-0-aarch64-shippable-qr,True,False,,|c|o|l|d| |w|e|b|r|e|n|d|e|r|,102210fe594ee9b33d82058545b1ed14f4c8206e,loadtime,imdb,True,imdb loadtime opt cold webrender,,77,ms,geckoview,,1738847755,2023-08-10T18:32:11,3111.1,fae9c8496544fb4597f4094d95b81fdefec01628,1285918
autoland,4375374,13,92302d37db2c0dde32926e954404b4c8422e3f86,android-hw-a51-11-0-aarch64-shippable-qr,True,False,,|c|o|l|d| |w|e|b|r|e|n|d|e|r|,102210fe594ee9b33d82058545b1ed14f4c8206e,loadtime,imdb,True,imdb loadtime opt cold webrender,,77,ms,geckoview,,1738952007,2023-08-10T21:59:13,3055.3,389f1009f2db207be63aacd4c9c54990f9d1104b,1286074
autoland,4375374,13,92302d37db2c0dde32926e954404b4c8422e3f86,android-hw-a51-11-0-aarch64-shippable-qr,True,False,,|c|o|l|d| |w|e|b|r|e|n|d|e|r|,102210fe594ee9b33d82058545b1ed14f4c8206e,loadtime,imdb,True,imdb loadtime opt cold webrender,,77,ms,geckoview,,1739001557,2023-08-11T03:08:44,3102.3,05da0ca6db46baad5f6e45489d80d5097053bb42,1286160
autoland,4375374,13,92302d37db2c0dde32926e954404b4c8422e3f86,android-hw-a51-11-0-aarch64-shippable-qr,True,False,,|c|o|l|d| |w|e|b|r|e|n|d|e|r|,102210fe594ee9b33d82058545b1ed14f4c8206e,loadtime,imdb,True,imdb loadtime opt cold webrender,,77,ms,geckoview,,1739090093,2023-08-11T07:27:06,3110.8,efb44db563b1abcb74959e12c6ce8e577cd213f2,1286189
autoland,4375374,13,92302d37db2c0dde32926e954404b4c8422e3f86,android-hw-a51-11-0-aarch64-shippable-qr,True,False,,|c|o|l|d| |w|e|b|r|e|n|d|e|r|,102210fe594ee9b33d82058545b1ed14f4c8206e,loadtime,imdb,True,imdb loadtime opt cold webrender,,77,ms,geckoview,,1739115602,2023-08-11T08:27:25,3062.4,cda91469ef2a9b195d09f702816a5f7aec451d02,1286199
autoland,4375374,13,92302d37db2c0dde32926e954404b4c8422e3f86,android-hw-a51-11-0-aarch64-shippable-qr,True,False,,|c|o|l|d| |w|e|b|r|e|n|d|e|r|,102210fe594ee9b33d82058545b1ed14f4c8206e,loadtime,imdb,True,imdb loadtime opt cold webrender,,77,ms,geckoview,,1739287357,2023-08-11T14:16:15,3105.7,21aaca8e9cca74e93bf7c9c3a6c05b78a0d46a06,1286315
autoland,4375374,13,92302d37db2c0dde32926e954404b4c8422e3f86,android-hw-a51-11-0-aarch64-shippable-qr,True,False,,|c|o|l|d| |w|e|b|r|e|n|d|e|r|,102210fe594ee9b33d82058545b1ed14f4c8206e,loadtime,imdb,True,imdb loadtime opt cold webrender,,77,ms,geckoview,,1739342106,2023-08-11T16:12:07,3223.6,16838b515ded4549918a4ebf3e3fa8a0b427e1f4,1286403
autoland,4375374,13,92302d37db2c0dde32926e954404b4c8422e3f86,android-hw-a51-11-0-aarch64-shippable-qr,True,False,,|c|o|l|d| |w|e|b|r|e|n|d|e|r|,102210fe594ee9b33d82058545b1ed14f4c8206e,loadtime,imdb,True,imdb loadtime opt cold webrender,,77,ms,geckoview,,1739422963,2023-08-11T20:27:04,3088.8,700d98d93bde10f22824d5d41b863f4a108f832b,1286565
autoland,4375374,13,92302d37db2c0dde32926e954404b4c8422e3f86,android-hw-a51-11-0-aarch64-shippable-qr,True,False,,|c|o|l|d| |w|e|b|r|e|n|d|e|r|,102210fe594ee9b33d82058545b1ed14f4c8206e,loadtime,imdb,True,imdb loadtime opt cold webrender,,77,ms,geckoview,,1739546092,2023-08-12T05:14:02,3100.0,8dd752fc2bce87d04b7ae3bab02bb57d59c64e8a,1286635
autoland,4375374,13,92302d37db2c0dde32926e954404b4c8422e3f86,android-hw-a51-11-0-aarch64-shippable-qr,True,False,,|c|o|l|d| |w|e|b|r|e|n|d|e|r|,102210fe594ee9b33d82058545b1ed14f4c8206e,loadtime,imdb,True,imdb loadtime opt cold webrender,,77,ms,geckoview,,1739563387,2023-08-12T05:14:50,3079.1,f20040ae7b2f3e1499ea3b90639fd96566103125,1286636
autoland,4375374,13,92302d37db2c0dde32926e954404b4c8422e3f86,android-hw-a51-11-0-aarch64-shippable-qr,True,False,,|c|o|l|d| |w|e|b|r|e|n|d|e|r|,102210fe594ee9b33d82058545b1ed14f4c8206e,loadtime,imdb,True,imdb loadtime opt cold webrender,,77,ms,geckoview,,1739636691,2023-08-12T12:22:39,3182.9,6386291adbedd6140dfbf10b071e5cc82f5433a1,1286663
autoland,4375374,13,92302d37db2c0dde32926e954404b4c8422e3f86,android-hw-a51-11-0-aarch64-shippable-qr,True,False,,|c|o|l|d| |w|e|b|r|e|n|d|e|r|,102210fe594ee9b33d82058545b1ed14f4c8206e,loadtime,imdb,True,imdb loadtime opt cold webrender,,77,ms,geckoview,,1739688209,2023-08-12T17:53:09,3050.6,9a15449ff274a89d15ae4d345601385b371c2dff,1286688
autoland,4375374,13,92302d37db2c0dde32926e954404b4c8422e3f86,android-hw-a51-11-0-aarch64-shippable-qr,True,False,,|c|o|l|d| |w|e|b|r|e|n|d|e|r|,102210fe594ee9b33d82058545b1ed14f4c8206e,loadtime,imdb,True,imdb loadtime opt cold webrender,,77,ms,geckoview,,1739758660,2023-08-13T04:26:09,3141.8,dcf2ddfaffbf9900de8ba4a674708bf996d147b6,1286737
autoland,4375374,13,92302d37db2c0dde32926e954404b4c8422e3f86,android-hw-a51-11-0-aarch64-shippable-qr,True,False,,|c|o|l|d| |w|e|b|r|e|n|d|e|r|,102210fe594ee9b33d82058545b1ed14f4c8206e,loadtime,imdb,True,imdb loadtime opt cold webrender,,77,ms,geckoview,,1739818901,2023-08-13T16:54:11,3098.1,cbfbab86b8f2ad4e39c90caa2d8e55102609b72d,1286762
autoland,4375374,13,92302d37db2c0dde32926e954404b4c8422e3f86,android-hw-a51-11-0-aarch64-shippable-qr,True,False,,|c|o|l|d| |w|e|b|r|e|n|d|e|r|,102210fe594ee9b33d82058545b1ed14f4c8206e,loadtime,imdb,True,imdb loadtime opt cold webrender,,77,ms,geckoview,,1739911380,2023-08-14T00:32:30,3077.0,bdeed1276a3515d597485fc241f9757ff607a9d1,1286792
autoland,4375374,13,92302d37db2c0dde32926e954404b4c8422e3f86,android-hw-a51-11-0-aarch64-shippable-qr,True,False,,|c|o|l|d| |w|e|b|r|e|n|d|e|r|,102210fe594ee9b33d82058545b1ed14f4c8206e,loadtime,imdb,True,imdb loadtime opt cold webrender,,77,ms,geckoview,,1739958977,2023-08-14T06:39:21,3043.9,a5bcd3edffd78b69932e1ea7c5dda0894107edaa,1286822
autoland,4375374,13,92302d37db2c0dde32926e954404b4c8422e3f86,android-hw-a51-11-0-aarch64-shippable-qr,True,False,,|c|o|l|d| |w|e|b|r|e|n|d|e|r|,102210fe594ee9b33d82058545b1ed14f4c8206e,loadtime,imdb,True,imdb loadtime opt cold webrender,,77,ms,geckoview,,1740074868,2023-08-14T10:48:55,3108.7,64a1445ac4138d208b6412914b12fd0a2e9ff945,1286891
autoland,4375374,13,92302d37db2c0dde32926e954404b4c8422e3f86,android-hw-a51-11-0-aarch64-shippable-qr,True,False,,|c|o|l|d| |w|e|b|r|e|n|d|e|r|,102210fe594ee9b33d82058545b1ed14f4c8206e,loadtime,imdb,True,imdb loadtime opt cold webrender,,77,ms,geckoview,,1740092087,2023-08-14T14:03:37,3214.4,966f06db181d109fbc6ac97a296ac28efbb8a5f2,1286990
autoland,4375374,13,92302d37db2c0dde32926e954404b4c8422e3f86,android-hw-a51-11-0-aarch64-shippable-qr,True,False,,|c|o|l|d| |w|e|b|r|e|n|d|e|r|,102210fe594ee9b33d82058545b1ed14f4c8206e,loadtime,imdb,True,imdb loadtime opt cold webrender,,77,ms,geckoview,,1740200625,2023-08-14T16:54:04,3118.8,5b1987d52ae19ebe1b311fec0f664563b5bf198d,1287092
autoland,4375374,13,92302d37db2c0dde32926e954404b4c8422e3f86,android-hw-a51-11-0-aarch64-shippable-qr,True,False,,|c|o|l|d| |w|e|b|r|e|n|d|e|r|,102210fe594ee9b33d82058545b1ed14f4c8206e,loadtime,imdb,True,imdb loadtime opt cold webrender,,77,ms,geckoview,,1740300295,2023-08-14T21:20:15,3132.4,7081c01a8f314a82bc3c055c11f0880dc2b706fb,1287268
autoland,4375374,13,92302d37db2c0dde32926e954404b4c8422e3f86,android-hw-a51-11-0-aarch64-shippable-qr,True,False,,|c|o|l|d| |w|e|b|r|e|n|d|e|r|,102210fe594ee9b33d82058545b1ed14f4c8206e,loadtime,imdb,True,imdb loadtime opt cold webrender,,77,ms,geckoview,,1740363026,2023-08-14T23:25:21,3171.5,88ec6682eab1c5c36cb839c8db0156446559a1cb,1287331
autoland,4375374,13,92302d37db2c0dde32926e954404b4c8422e3f86,android-hw-a51-11-0-aarch64-shippable-qr,True,False,,|c|o|l|d| |w|e|b|r|e|n|d|e|r|,102210fe594ee9b33d82058545b1ed14f4c8206e,loadtime,imdb,True,imdb loadtime opt cold webrender,,77,ms,geckoview,,1740482051,2023-08-15T03:40:03,3108.0,ef2753ba331b17b408096bfd42e83a91039b995d,1287395
autoland,4375374,13,92302d37db2c0dde32926e954404b4c8422e3f86,android-hw-a51-11-0-aarch64-shippable-qr,True,False,,|c|o|l|d| |w|e|b|r|e|n|d|e|r|,102210fe594ee9b33d82058545b1ed14f4c8206e,loadtime,imdb,True,imdb loadtime opt cold webrender,,77,ms,geckoview,,1740655521,2023-08-15T12:15:00,3108.2,0038346134ec0c0912660c19edced48ff4c9996b,1287534
autoland,4375374,13,92302d37db2c0dde32926e954404b4c8422e3f86,android-hw-a51-11-0-aarch64-shippable-qr,True,False,,|c|o|l|d| |w|e|b|r|e|n|d|e|r|,102210fe594ee9b33d82058545b1ed14f4c8206e,loadtime,imdb,True,imdb loadtime opt cold webrender,,77,ms,geckoview,,1740634755,2023-08-15T12:16:05,3074.9,34ea39f6bd8afd706e571c5a5c5557f8f02274c7,1287535
autoland,4375374,13,92302d37db2c0dde32926e954404b4c8422e3f86,android-hw-a51-11-0-aarch64-shippable-qr,True,False,,|c|o|l|d| |w|e|b|r|e|n|d|e|r|,102210fe594ee9b33d82058545b1ed14f4c8206e,loadtime,imdb,True,imdb loadtime opt cold webrender,,77,ms,geckoview,,1740827942,2023-08-15T17:48:00,3088.2,c01a1256082294777509d59591b44cc1a9a54101,1287732
autoland,4375374,13,92302d37db2c0dde32926e954404b4c8422e3f86,android-hw-a51-11-0-aarch64-shippable-qr,True,False,,|c|o|l|d| |w|e|b|r|e|n|d|e|r|,102210fe594ee9b33d82058545b1ed14f4c8206e,loadtime,imdb,True,imdb loadtime opt cold webrender,,77,ms,geckoview,,1740929497,2023-08-15T20:18:28,3180.1,b6d00af33f9f1879900a9ff148f77a03de4ca507,1287829
autoland,4375374,13,92302d37db2c0dde32926e954404b4c8422e3f86,android-hw-a51-11-0-aarch64-shippable-qr,True,False,,|c|o|l|d| |w|e|b|r|e|n|d|e|r|,102210fe594ee9b33d82058545b1ed14f4c8206e,loadtime,imdb,True,imdb loadtime opt cold webrender,,77,ms,geckoview,,1741044130,2023-08-16T01:44:13,3165.6,af1979bb2dd22b96889d47af7852253d7f161693,1287987
autoland,4375374,13,92302d37db2c0dde32926e954404b4c8422e3f86,android-hw-a51-11-0-aarch64-shippable-qr,True,False,,|c|o|l|d| |w|e|b|r|e|n|d|e|r|,102210fe594ee9b33d82058545b1ed14f4c8206e,loadtime,imdb,True,imdb loadtime opt cold webrender,,77,ms,geckoview,,1741146969,2023-08-16T06:09:24,3102.6,4d7123b9c5729f33db3288141ea7502fae3cbadc,1288100
autoland,4375374,13,92302d37db2c0dde32926e954404b4c8422e3f86,android-hw-a51-11-0-aarch64-shippable-qr,True,False,,|c|o|l|d| |w|e|b|r|e|n|d|e|r|,102210fe594ee9b33d82058545b1ed14f4c8206e,loadtime,imdb,True,imdb loadtime opt cold webrender,,77,ms,geckoview,,1741199392,2023-08-16T07:28:11,3127.5,3ba3d3cb9bb7860efcbb623d34fc5d721fc7cfcb,1288129
autoland,4375374,13,92302d37db2c0dde32926e954404b4c8422e3f86,android-hw-a51-11-0-aarch64-shippable-qr,True,False,,|c|o|l|d| |w|e|b|r|e|n|d|e|r|,102210fe594ee9b33d82058545b1ed14f4c8206e,loadtime,imdb,True,imdb loadtime opt cold webrender,,77,ms,geckoview,,1741337205,2023-08-16T10:40:28,3136.2,3cbe8cb45dab35d18ef4ffb5481be55dfabf47c7,1288233
autoland,4375374,13,92302d37db2c0dde32926e954404b4c8422e3f86,android-hw-a51-11-0-aarch64-shippable-qr,True,False,,|c|o|l|d| |w|e|b|r|e|n|d|e|r|,102210fe594ee9b33d82058545b1ed14f4c8206e,loadtime,imdb,True,imdb loadtime opt cold webrender,,77,ms,geckoview,,1741506919,2023-08-16T14:37:22,3019.0,1cafd355bbcf32aae501b9419edec5e7c8a59968,1288343
autoland,4375374,13,92302d37db2c0dde32926e954404b4c8422e3f86,android-hw-a51-11-0-aarch64-shippable-qr,True,False,,|c|o|l|d| |w|e|b|r|e|n|d|e|r|,102210fe594ee9b33d82058545b1ed14f4c8206e,loadtime,imdb,True,imdb loadtime opt cold webrender,,77,ms,geckoview,,1741601241,2023-08-16T18:57:22,3105.5,1c8dec8815d59d488dc44109a4361dcec573ec0a,1288496
autoland,4375374,13,92302d37db2c0dde32926e954404b4c8422e3f86,android-hw-a51-11-0-aarch64-shippable-qr,True,False,,|c|o|l|d| |w|e|b|r|e|n|d|e|r|,102210fe594ee9b33d82058545b1ed14f4c8206e,loadtime,imdb,True,imdb loadtime opt cold webrender,,77,ms,geckoview,,1741707876,2023-08-16T23:04:52,3219.8,4e21d241af64f5d1f3b4796d48ab8d58a961f081,1288666
autoland,4375374,13,92302d37db2c0dde32926e954404b4c8422e3f86,android-hw-a51-11-0-aarch64-shippable-qr,True,False,,|c|o|l|d| |w|e|b|r|e|n|d|e|r|,102210fe594ee9b33d82058545b1ed14f4c8206e,loadtime,imdb,True,imdb loadtime opt cold webrender,,77,ms,geckoview,,1741722824,2023-08-16T23:22:50,3099.4,200aa08042f1b584401fd4aca219d4b68edf7973,1288675
autoland,4375374,13,92302d37db2c0dde32926e954404b4c8422e3f86,android-hw-a51-11-0-aarch64-shippable-qr,True,False,,|c|o|l|d| |w|e|b|r|e|n|d|e|r|,102210fe594ee9b33d82058545b1ed14f4c8206e,loadtime,imdb,True,imdb loadtime opt cold webrender,,77,ms,geckoview,,1741840603,2023-08-17T04:16:28,3124.5,18db2934736dc8d16e5b5840ec0b170aef5c0c3b,1288753
autoland,4375374,13,92302d37db2c0dde32926e954404b4c8422e3f86,android-hw-a51-11-0-aarch64-shippable-qr,True,False,,|c|o|l|d| |w|e|b|r|e|n|d|e|r|,102210fe594ee9b33d82058545b1ed14f4c8206e,loadtime,imdb,True,imdb loadtime opt cold webrender,,77,ms,geckoview,,1741922246,2023-08-17T08:24:55,3474.6,bee27401511bf375891968a9ca78d7ef74d19962,1288813
autoland,4375374,13,92302d37db2c0dde32926e954404b4c8422e3f86,android-hw-a51-11-0-aarch64-shippable-qr,True,False,,|c|o|l|d| |w|e|b|r|e|n|d|e|r|,102210fe594ee9b33d82058545b1ed14f4c8206e,loadtime,imdb,True,imdb loadtime opt cold webrender,,77,ms,geckoview,,1741991914,2023-08-17T10:09:55,3062.4,78e7cb2837e7dec0ef55a2f5f383625335ad2520,1288847
autoland,4375374,13,92302d37db2c0dde32926e954404b4c8422e3f86,android-hw-a51-11-0-aarch64-shippable-qr,True,False,,|c|o|l|d| |w|e|b|r|e|n|d|e|r|,102210fe594ee9b33d82058545b1ed14f4c8206e,loadtime,imdb,True,imdb loadtime opt cold webrender,,77,ms,geckoview,,1742184762,2023-08-17T14:34:38,3167.2,776fbad509150f69418e1f44fa2580c651211253,1288953
autoland,4375374,13,92302d37db2c0dde32926e954404b4c8422e3f86,android-hw-a51-11-0-aarch64-shippable-qr,True,False,,|c|o|l|d| |w|e|b|r|e|n|d|e|r|,102210fe594ee9b33d82058545b1ed14f4c8206e,loadtime,imdb,True,imdb loadtime opt cold webrender,,77,ms,geckoview,,1742216252,2023-08-17T16:13:13,3165.3,aac1f1d71d5251ffb80e7a22087e1c473e53069d,1289025
autoland,4375374,13,92302d37db2c0dde32926e954404b4c8422e3f86,android-hw-a51-11-0-aarch64-shippable-qr,True,False,,|c|o|l|d| |w|e|b|r|e|n|d|e|r|,102210fe594ee9b33d82058545b1ed14f4c8206e,loadtime,imdb,True,imdb loadtime opt cold webrender,,77,ms,geckoview,,1742336621,2023-08-17T19:44:04,3055.3,e3a24ea4f8b0be504990cbc266d7af273804678e,1289144
autoland,4375374,13,92302d37db2c0dde32926e954404b4c8422e3f86,android-hw-a51-11-0-aarch64-shippable-qr,True,False,,|c|o|l|d| |w|e|b|r|e|n|d|e|r|,102210fe594ee9b33d82058545b1ed14f4c8206e,loadtime,imdb,True,imdb loadtime opt cold webrender,,77,ms,geckoview,,1742639239,2023-08-18T04:25:36,3713.1,deca2c956e89b8e65d2a1b0fcb79db8b991a7046,1289346
autoland,4375374,13,92302d37db2c0dde32926e954404b4c8422e3f86,android-hw-a51-11-0-aarch64-shippable-qr,True,False,,|c|o|l|d| |w|e|b|r|e|n|d|e|r|,102210fe594ee9b33d82058545b1ed14f4c8206e,loadtime,imdb,True,imdb loadtime opt cold webrender,,77,ms,geckoview,,1742659863,2023-08-18T05:21:52,3924.3,87da0265a044885f5ed64cc9ce2b961721d2142e,1289351
autoland,4375374,13,92302d37db2c0dde32926e954404b4c8422e3f86,android-hw-a51-11-0-aarch64-shippable-qr,True,False,,|c|o|l|d| |w|e|b|r|e|n|d|e|r|,102210fe594ee9b33d82058545b1ed14f4c8206e,loadtime,imdb,True,imdb loadtime opt cold webrender,,77,ms,geckoview,,1742821907,2023-08-18T14:09:35,3168.8,e2305368eaae41c8b47dd15f03addc2ec4fe0504,1289469
autoland,4375374,13,92302d37db2c0dde32926e954404b4c8422e3f86,android-hw-a51-11-0-aarch64-shippable-qr,True,False,,|c|o|l|d| |w|e|b|r|e|n|d|e|r|,102210fe594ee9b33d82058545b1ed14f4c8206e,loadtime,imdb,True,imdb loadtime opt cold webrender,,77,ms,geckoview,,1742942244,2023-08-18T19:46:30,3140.7,62feb2305afdcba50bd84b58cd2ab152d53c61e7,1289627
autoland,4375374,13,92302d37db2c0dde32926e954404b4c8422e3f86,android-hw-a51-11-0-aarch64-shippable-qr,True,False,,|c|o|l|d| |w|e|b|r|e|n|d|e|r|,102210fe594ee9b33d82058545b1ed14f4c8206e,loadtime,imdb,True,imdb loadtime opt cold webrender,,77,ms,geckoview,,1743177396,2023-08-19T05:41:08,3266.5,9814020284505cbc4a6075b3b7aba216be0632f8,1289731
autoland,4375374,13,92302d37db2c0dde32926e954404b4c8422e3f86,android-hw-a51-11-0-aarch64-shippable-qr,True,False,,|c|o|l|d| |w|e|b|r|e|n|d|e|r|,102210fe594ee9b33d82058545b1ed14f4c8206e,loadtime,imdb,True,imdb loadtime opt cold webrender,,77,ms,geckoview,,1743179128,2023-08-19T11:55:58,3074.3,8fefefd6da577f8b3d842ea07120af9e964c09b5,1289750
autoland,4375374,13,92302d37db2c0dde32926e954404b4c8422e3f86,android-hw-a51-11-0-aarch64-shippable-qr,True,False,,|c|o|l|d| |w|e|b|r|e|n|d|e|r|,102210fe594ee9b33d82058545b1ed14f4c8206e,loadtime,imdb,True,imdb loadtime opt cold webrender,,77,ms,geckoview,,1743185480,2023-08-19T16:49:23,3463.0,00ae001484c9ff1069878dc66b64e3cd07b706f4,1289762
autoland,4375374,13,92302d37db2c0dde32926e954404b4c8422e3f86,android-hw-a51-11-0-aarch64-shippable-qr,True,False,,|c|o|l|d| |w|e|b|r|e|n|d|e|r|,102210fe594ee9b33d82058545b1ed14f4c8206e,loadtime,imdb,True,imdb loadtime opt cold webrender,,77,ms,geckoview,,1743436580,2023-08-21T01:56:25,3122.6,80d255ac1919800d21a7e2a610fbcd6fda43ed99,1289869
autoland,4375374,13,92302d37db2c0dde32926e954404b4c8422e3f86,android-hw-a51-11-0-aarch64-shippable-qr,True,False,,|c|o|l|d| |w|e|b|r|e|n|d|e|r|,102210fe594ee9b33d82058545b1ed14f4c8206e,loadtime,imdb,True,imdb loadtime opt cold webrender,,77,ms,geckoview,,1743504807,2023-08-21T07:01:47,3626.6,a4b3b09ad08da2e5b588b641b24f767ff91e5912,1289886
autoland,4375374,13,92302d37db2c0dde32926e954404b4c8422e3f86,android-hw-a51-11-0-aarch64-shippable-qr,True,False,,|c|o|l|d| |w|e|b|r|e|n|d|e|r|,102210fe594ee9b33d82058545b1ed14f4c8206e,loadtime,imdb,True,imdb loadtime opt cold webrender,,77,ms,geckoview,,1743695902,2023-08-21T15:24:43,3747.0,bc597f54f9cf91b3284e6f593c33ca79ec723077,1290025
autoland,4375374,13,92302d37db2c0dde32926e954404b4c8422e3f86,android-hw-a51-11-0-aarch64-shippable-qr,True,False,,|c|o|l|d| |w|e|b|r|e|n|d|e|r|,102210fe594ee9b33d82058545b1ed14f4c8206e,loadtime,imdb,True,imdb loadtime opt cold webrender,,77,ms,geckoview,,1743746870,2023-08-21T19:46:12,3152.1,82b916987920b0a9e2071c575073cbcff078021a,1290082
autoland,4375374,13,92302d37db2c0dde32926e954404b4c8422e3f86,android-hw-a51-11-0-aarch64-shippable-qr,True,False,,|c|o|l|d| |w|e|b|r|e|n|d|e|r|,102210fe594ee9b33d82058545b1ed14f4c8206e,loadtime,imdb,True,imdb loadtime opt cold webrender,,77,ms,geckoview,,1743828229,2023-08-22T01:01:20,3153.8,1bbf9fc4d2dc2a1ff3ccf67fb65cedc71fcc0291,1290123
autoland,4375374,13,92302d37db2c0dde32926e954404b4c8422e3f86,android-hw-a51-11-0-aarch64-shippable-qr,True,False,,|c|o|l|d| |w|e|b|r|e|n|d|e|r|,102210fe594ee9b33d82058545b1ed14f4c8206e,loadtime,imdb,True,imdb loadtime opt cold webrender,,77,ms,geckoview,,1744037456,2023-08-22T11:50:17,3024.0,81c3a95411ab3d706659872a9aedef21494cac9c,1290203
autoland,4375374,13,92302d37db2c0dde32926e954404b4c8422e3f86,android-hw-a51-11-0-aarch64-shippable-qr,True,False,,|c|o|l|d| |w|e|b|r|e|n|d|e|r|,102210fe594ee9b33d82058545b1ed14f4c8206e,loadtime,imdb,True,imdb loadtime opt cold webrender,,77,ms,geckoview,,1744227298,2023-08-22T15:58:55,3110.0,eccdb961d59ca1e4315f6b2d255d638be86d8f63,1290279
autoland,4375374,13,92302d37db2c0dde32926e954404b4c8422e3f86,android-hw-a51-11-0-aarch64-shippable-qr,True,False,,|c|o|l|d| |w|e|b|r|e|n|d|e|r|,102210fe594ee9b33d82058545b1ed14f4c8206e,loadtime,imdb,True,imdb loadtime opt cold webrender,,77,ms,geckoview,,1744198404,2023-08-22T16:02:39,3157.7,ece9fb8fbedfa6acc08840151034f2468832c851,1290281
autoland,4375374,13,92302d37db2c0dde32926e954404b4c8422e3f86,android-hw-a51-11-0-aarch64-shippable-qr,True,False,,|c|o|l|d| |w|e|b|r|e|n|d|e|r|,102210fe594ee9b33d82058545b1ed14f4c8206e,loadtime,imdb,True,imdb loadtime opt cold webrender,,77,ms,geckoview,,1744311075,2023-08-22T20:17:58,3123.1,a1487474ef2708086b96f2b3625f244382eb9f4a,1290386
autoland,4375374,13,92302d37db2c0dde32926e954404b4c8422e3f86,android-hw-a51-11-0-aarch64-shippable-qr,True,False,,|c|o|l|d| |w|e|b|r|e|n|d|e|r|,102210fe594ee9b33d82058545b1ed14f4c8206e,loadtime,imdb,True,imdb loadtime opt cold webrender,,77,ms,geckoview,,1744356724,2023-08-22T22:10:32,3437.0,959c2f0abc19c494aba15ae7513fff9f59631cc1,1290435
autoland,4375374,13,92302d37db2c0dde32926e954404b4c8422e3f86,android-hw-a51-11-0-aarch64-shippable-qr,True,False,,|c|o|l|d| |w|e|b|r|e|n|d|e|r|,102210fe594ee9b33d82058545b1ed14f4c8206e,loadtime,imdb,True,imdb loadtime opt cold webrender,,77,ms,geckoview,,1744441001,2023-08-23T02:11:44,3139.6,df1f27dc099011a97267a844e60b1350575fc73c,1290482
autoland,4375374,13,92302d37db2c0dde32926e954404b4c8422e3f86,android-hw-a51-11-0-aarch64-shippable-qr,True,False,,|c|o|l|d| |w|e|b|r|e|n|d|e|r|,102210fe594ee9b33d82058545b1ed14f4c8206e,loadtime,imdb,True,imdb loadtime opt cold webrender,,77,ms,geckoview,,1744546152,2023-08-23T06:45:25,3071.4,991ab6dbc55b4783dc5a6f561a9cc22cb4408e38,1290546
autoland,4375374,13,92302d37db2c0dde32926e954404b4c8422e3f86,android-hw-a51-11-0-aarch64-shippable-qr,True,False,,|c|o|l|d| |w|e|b|r|e|n|d|e|r|,102210fe594ee9b33d82058545b1ed14f4c8206e,loadtime,imdb,True,imdb loadtime opt cold webrender,,77,ms,geckoview,,1744549735,2023-08-23T07:14:41,3084.5,4a4d5e64aec5efa71e7c743f4c968544faee5332,1290556
autoland,4375374,13,92302d37db2c0dde32926e954404b4c8422e3f86,android-hw-a51-11-0-aarch64-shippable-qr,True,False,,|c|o|l|d| |w|e|b|r|e|n|d|e|r|,102210fe594ee9b33d82058545b1ed14f4c8206e,loadtime,imdb,True,imdb loadtime opt cold webrender,,77,ms,geckoview,,1744672387,2023-08-23T11:20:43,3106.2,c3bfc7b73e9fc06ec28663e6501728233eb0d574,1290592
autoland,4375374,13,92302d37db2c0dde32926e954404b4c8422e3f86,android-hw-a51-11-0-aarch64-shippable-qr,True,False,,|c|o|l|d| |w|e|b|r|e|n|d|e|r|,102210fe594ee9b33d82058545b1ed14f4c8206e,loadtime,imdb,True,imdb loadtime opt cold webrender,,77,ms,geckoview,,1744771044,2023-08-23T15:20:56,3152.4,a7db5ff392b1f3d18507813fbd65458438b3cbc4,1290685
autoland,4375374,13,92302d37db2c0dde32926e954404b4c8422e3f86,android-hw-a51-11-0-aarch64-shippable-qr,True,False,,|c|o|l|d| |w|e|b|r|e|n|d|e|r|,102210fe594ee9b33d82058545b1ed14f4c8206e,loadtime,imdb,True,imdb loadtime opt cold webrender,,77,ms,geckoview,,1744817383,2023-08-23T16:55:50,3093.0,40a8041d06707a315c5f6e4b541dbe805bf34ec7,1290727
autoland,4375374,13,92302d37db2c0dde32926e954404b4c8422e3f86,android-hw-a51-11-0-aarch64-shippable-qr,True,False,,|c|o|l|d| |w|e|b|r|e|n|d|e|r|,102210fe594ee9b33d82058545b1ed14f4c8206e,loadtime,imdb,True,imdb loadtime opt cold webrender,,77,ms,geckoview,,1744907542,2023-08-23T20:58:03,3167.7,b5371614cd5a3e19ca3e500a87546023aea8eb5d,1290847
autoland,4375374,13,92302d37db2c0dde32926e954404b4c8422e3f86,android-hw-a51-11-0-aarch64-shippable-qr,True,False,,|c|o|l|d| |w|e|b|r|e|n|d|e|r|,102210fe594ee9b33d82058545b1ed14f4c8206e,loadtime,imdb,True,imdb loadtime opt cold webrender,,77,ms,geckoview,,1744995659,2023-08-23T22:59:05,3171.7,25936c5809e05c5b5d28810efdfb0af9bb2f1792,1290874
autoland,4375374,13,92302d37db2c0dde32926e954404b4c8422e3f86,android-hw-a51-11-0-aarch64-shippable-qr,True,False,,|c|o|l|d| |w|e|b|r|e|n|d|e|r|,102210fe594ee9b33d82058545b1ed14f4c8206e,loadtime,imdb,True,imdb loadtime opt cold webrender,,77,ms,geckoview,,1745096835,2023-08-24T03:53:22,3221.6,332b088b314103bc02b008e08f1567f092cd6ca1,1290918
autoland,4375374,13,92302d37db2c0dde32926e954404b4c8422e3f86,android-hw-a51-11-0-aarch64-shippable-qr,True,False,,|c|o|l|d| |w|e|b|r|e|n|d|e|r|,102210fe594ee9b33d82058545b1ed14f4c8206e,loadtime,imdb,True,imdb loadtime opt cold webrender,,77,ms,geckoview,,1745198748,2023-08-24T11:04:38,3103.8,fbbf71ea5127f6cc74aab13a3817349afe93580c,1291003
autoland,4375374,13,92302d37db2c0dde32926e954404b4c8422e3f86,android-hw-a51-11-0-aarch64-shippable-qr,True,False,,|c|o|l|d| |w|e|b|r|e|n|d|e|r|,102210fe594ee9b33d82058545b1ed14f4c8206e,loadtime,imdb,True,imdb loadtime opt cold webrender,,77,ms,geckoview,,1745345011,2023-08-24T13:41:33,3192.8,9d2df5cf36fbb1712a62be68c4a309e2451e2d35,1291057
autoland,4375374,13,92302d37db2c0dde32926e954404b4c8422e3f86,android-hw-a51-11-0-aarch64-shippable-qr,True,False,,|c|o|l|d| |w|e|b|r|e|n|d|e|r|,102210fe594ee9b33d82058545b1ed14f4c8206e,loadtime,imdb,True,imdb loadtime opt cold webrender,,77,ms,geckoview,,1745496573,2023-08-24T18:48:40,3164.1,6089e7f0fa57a29c6d080f135f65e146c34457d8,1291216
autoland,4375374,13,92302d37db2c0dde32926e954404b4c8422e3f86,android-hw-a51-11-0-aarch64-shippable-qr,True,False,,|c|o|l|d| |w|e|b|r|e|n|d|e|r|,102210fe594ee9b33d82058545b1ed14f4c8206e,loadtime,imdb,True,imdb loadtime opt cold webrender,,77,ms,geckoview,,1745652838,2023-08-25T00:48:43,3141.9,0129f728663fcc0bcc1f816e006f1eb2635780e4,1291339
autoland,4375374,13,92302d37db2c0dde32926e954404b4c8422e3f86,android-hw-a51-11-0-aarch64-shippable-qr,True,False,,|c|o|l|d| |w|e|b|r|e|n|d|e|r|,102210fe594ee9b33d82058545b1ed14f4c8206e,loadtime,imdb,True,imdb loadtime opt cold webrender,,77,ms,geckoview,,1745816691,2023-08-25T11:24:50,3257.9,e5ba3b52ebac2d2582cecd6122443fc024cd24c9,1291437
autoland,4375374,13,92302d37db2c0dde32926e954404b4c8422e3f86,android-hw-a51-11-0-aarch64-shippable-qr,True,False,,|c|o|l|d| |w|e|b|r|e|n|d|e|r|,102210fe594ee9b33d82058545b1ed14f4c8206e,loadtime,imdb,True,imdb loadtime opt cold webrender,,77,ms,geckoview,,1746017561,2023-08-25T15:32:54,3132.9,059b77df2394c7caf1061e1b817e004878738efa,1291507
autoland,4375374,13,92302d37db2c0dde32926e954404b4c8422e3f86,android-hw-a51-11-0-aarch64-shippable-qr,True,False,,|c|o|l|d| |w|e|b|r|e|n|d|e|r|,102210fe594ee9b33d82058545b1ed14f4c8206e,loadtime,imdb,True,imdb loadtime opt cold webrender,,77,ms,geckoview,,1746092348,2023-08-25T19:36:02,3233.2,47efe79717796bf6f3a70e5733e99a98b0d9fad4,1291599
autoland,4375374,13,92302d37db2c0dde32926e954404b4c8422e3f86,android-hw-a51-11-0-aarch64-shippable-qr,True,False,,|c|o|l|d| |w|e|b|r|e|n|d|e|r|,102210fe594ee9b33d82058545b1ed14f4c8206e,loadtime,imdb,True,imdb loadtime opt cold webrender,,77,ms,geckoview,,1746229974,2023-08-26T03:22:14,3087.5,ddc3d1e9268d9abde51f1082490491f544286b16,1291695
autoland,4375374,13,92302d37db2c0dde32926e954404b4c8422e3f86,android-hw-a51-11-0-aarch64-shippable-qr,True,False,,|c|o|l|d| |w|e|b|r|e|n|d|e|r|,102210fe594ee9b33d82058545b1ed14f4c8206e,loadtime,imdb,True,imdb loadtime opt cold webrender,,77,ms,geckoview,,1746398225,2023-08-26T13:17:30,3143.4,cc8d561a9b401f3ebfda56de56c018b287d8b340,1291872
autoland,4375374,13,92302d37db2c0dde32926e954404b4c8422e3f86,android-hw-a51-11-0-aarch64-shippable-qr,True,False,,|c|o|l|d| |w|e|b|r|e|n|d|e|r|,102210fe594ee9b33d82058545b1ed14f4c8206e,loadtime,imdb,True,imdb loadtime opt cold webrender,,77,ms,geckoview,,1746598200,2023-08-26T23:47:49,3091.8,140288e1dd6073b83aa67b725aa9a96945374a82,1292019
autoland,4375374,13,92302d37db2c0dde32926e954404b4c8422e3f86,android-hw-a51-11-0-aarch64-shippable-qr,True,False,,|c|o|l|d| |w|e|b|r|e|n|d|e|r|,102210fe594ee9b33d82058545b1ed14f4c8206e,loadtime,imdb,True,imdb loadtime opt cold webrender,,77,ms,geckoview,,1746731193,2023-08-27T23:31:15,3262.6,6aaf2cf582814f5a76c09fa2ac7cc760a5886134,1292080
autoland,4375374,13,92302d37db2c0dde32926e954404b4c8422e3f86,android-hw-a51-11-0-aarch64-shippable-qr,True,False,,|c|o|l|d| |w|e|b|r|e|n|d|e|r|,102210fe594ee9b33d82058545b1ed14f4c8206e,loadtime,imdb,True,imdb loadtime opt cold webrender,,77,ms,geckoview,,1746889228,2023-08-28T10:38:35,4058.3,2303dc7d775759ce8737630e7762c69d2beac062,1292181
autoland,4375374,13,92302d37db2c0dde32926e954404b4c8422e3f86,android-hw-a51-11-0-aarch64-shippable-qr,True,False,,|c|o|l|d| |w|e|b|r|e|n|d|e|r|,102210fe594ee9b33d82058545b1ed14f4c8206e,loadtime,imdb,True,imdb loadtime opt cold webrender,,77,ms,geckoview,,1747020401,2023-08-28T14:50:25,3768.1,f8e518c6ab37a0144872f6158300e1de85034002,1292276
autoland,4375374,13,92302d37db2c0dde32926e954404b4c8422e3f86,android-hw-a51-11-0-aarch64-shippable-qr,True,False,,|c|o|l|d| |w|e|b|r|e|n|d|e|r|,102210fe594ee9b33d82058545b1ed14f4c8206e,loadtime,imdb,True,imdb loadtime opt cold webrender,,77,ms,geckoview,,1747065336,2023-08-28T18:02:15,3924.5,7ef66afbcd94bc7787448a9d797ec662b02fe58a,1292360
autoland,4375374,13,92302d37db2c0dde32926e954404b4c8422e3f86,android-hw-a51-11-0-aarch64-shippable-qr,True,False,,|c|o|l|d| |w|e|b|r|e|n|d|e|r|,102210fe594ee9b33d82058545b1ed14f4c8206e,loadtime,imdb,True,imdb loadtime opt cold webrender,,77,ms,geckoview,,1747152421,2023-08-28T20:37:08,3863.1,9451de3148827dbd587f22175b6c0453c7a605db,1292463
autoland,4375374,13,92302d37db2c0dde32926e954404b4c8422e3f86,android-hw-a51-11-0-aarch64-shippable-qr,True,False,,|c|o|l|d| |w|e|b|r|e|n|d|e|r|,102210fe594ee9b33d82058545b1ed14f4c8206e,loadtime,imdb,True,imdb loadtime opt cold webrender,,77,ms,geckoview,,1747256820,2023-08-29T02:20:20,3665.3,4cca72b5cd903bbb8bdc66098aaeb1eb12d8dddd,1292618
autoland,4375374,13,92302d37db2c0dde32926e954404b4c8422e3f86,android-hw-a51-11-0-aarch64-shippable-qr,True,False,,|c|o|l|d| |w|e|b|r|e|n|d|e|r|,102210fe594ee9b33d82058545b1ed14f4c8206e,loadtime,imdb,True,imdb loadtime opt cold webrender,,77,ms,geckoview,,1747270813,2023-08-29T03:02:37,3868.3,f79fe732a6b523e66f30e056118cdd2cff02a5ca,1292639
autoland,4375374,13,92302d37db2c0dde32926e954404b4c8422e3f86,android-hw-a51-11-0-aarch64-shippable-qr,True,False,,|c|o|l|d| |w|e|b|r|e|n|d|e|r|,102210fe594ee9b33d82058545b1ed14f4c8206e,loadtime,imdb,True,imdb loadtime opt cold webrender,,77,ms,geckoview,,1747354182,2023-08-29T07:11:54,3878.6,801325776b1492f30ec6ac7c770000fa8c894d2a,1292691
autoland,4375374,13,92302d37db2c0dde32926e954404b4c8422e3f86,android-hw-a51-11-0-aarch64-shippable-qr,True,False,,|c|o|l|d| |w|e|b|r|e|n|d|e|r|,102210fe594ee9b33d82058545b1ed14f4c8206e,loadtime,imdb,True,imdb loadtime opt cold webrender,,77,ms,geckoview,,1747487443,2023-08-29T11:18:23,3886.1,843a6e4db35622bdd606d6cdd7c0f1a05828a89e,1292770
autoland,4375374,13,92302d37db2c0dde32926e954404b4c8422e3f86,android-hw-a51-11-0-aarch64-shippable-qr,True,False,,|c|o|l|d| |w|e|b|r|e|n|d|e|r|,102210fe594ee9b33d82058545b1ed14f4c8206e,loadtime,imdb,True,imdb loadtime opt cold webrender,,77,ms,geckoview,,1747500995,2023-08-29T11:21:44,3842.1,abe9789555b5960e5b395aba02b4891c388e4839,1292771
autoland,4375374,13,92302d37db2c0dde32926e954404b4c8422e3f86,android-hw-a51-11-0-aarch64-shippable-qr,True,False,,|c|o|l|d| |w|e|b|r|e|n|d|e|r|,102210fe594ee9b33d82058545b1ed14f4c8206e,loadtime,imdb,True,imdb loadtime opt cold webrender,,77,ms,geckoview,,1747695441,2023-08-29T16:25:43,3939.7,0bb8944a5c2a783f353dc7595b2171844923a934,1292913
autoland,4375374,13,92302d37db2c0dde32926e954404b4c8422e3f86,android-hw-a51-11-0-aarch64-shippable-qr,True,False,,|c|o|l|d| |w|e|b|r|e|n|d|e|r|,102210fe594ee9b33d82058545b1ed14f4c8206e,loadtime,imdb,True,imdb loadtime opt cold webrender,,77,ms,geckoview,,1747826794,2023-08-29T20:54:58,4017.8,16c71fac642647b97c85d086e54342a5addaaf13,1293039
autoland,4375374,13,92302d37db2c0dde32926e954404b4c8422e3f86,android-hw-a51-11-0-aarch64-shippable-qr,True,False,,|c|o|l|d| |w|e|b|r|e|n|d|e|r|,102210fe594ee9b33d82058545b1ed14f4c8206e,loadtime,imdb,True,imdb loadtime opt cold webrender,,77,ms,geckoview,,1747860723,2023-08-30T01:49:26,3949.6,34dcd8f28e9a642600425b3383df225859ea91cd,1293133
autoland,4375374,13,92302d37db2c0dde32926e954404b4c8422e3f86,android-hw-a51-11-0-aarch64-shippable-qr,True,False,,|c|o|l|d| |w|e|b|r|e|n|d|e|r|,102210fe594ee9b33d82058545b1ed14f4c8206e,loadtime,imdb,True,imdb loadtime opt cold webrender,,77,ms,geckoview,,1748059587,2023-08-30T13:43:19,3991.1,379bb5e39311a7878ea31b7eb0dd39fdef1ab15a,1293343
autoland,4375374,13,92302d37db2c0dde32926e954404b4c8422e3f86,android-hw-a51-11-0-aarch64-shippable-qr,True,False,,|c|o|l|d| |w|e|b|r|e|n|d|e|r|,102210fe594ee9b33d82058545b1ed14f4c8206e,loadtime,imdb,True,imdb loadtime opt cold webrender,,77,ms,geckoview,,1748164112,2023-08-30T20:58:03,3863.5,7643e2c34ec4fce31fb741b2e7003adc7e547e36,1293585
autoland,4375374,13,92302d37db2c0dde32926e954404b4c8422e3f86,android-hw-a51-11-0-aarch64-shippable-qr,True,False,,|c|o|l|d| |w|e|b|r|e|n|d|e|r|,102210fe594ee9b33d82058545b1ed14f4c8206e,loadtime,imdb,True,imdb loadtime opt cold webrender,,77,ms,geckoview,,1748210424,2023-08-30T23:31:09,4020.0,8db6a3b432759fd37b677c455c7d9ecedafd7e77,1293654
autoland,4375374,13,92302d37db2c0dde32926e954404b4c8422e3f86,android-hw-a51-11-0-aarch64-shippable-qr,True,False,,|c|o|l|d| |w|e|b|r|e|n|d|e|r|,102210fe594ee9b33d82058545b1ed14f4c8206e,loadtime,imdb,True,imdb loadtime opt cold webrender,,77,ms,geckoview,,1748253415,2023-08-31T03:36:38,3957.7,bcc1470439818e29a38c29432af9fd130b8ec931,1293720
autoland,4375374,13,92302d37db2c0dde32926e954404b4c8422e3f86,android-hw-a51-11-0-aarch64-shippable-qr,True,False,,|c|o|l|d| |w|e|b|r|e|n|d|e|r|,102210fe594ee9b33d82058545b1ed14f4c8206e,loadtime,imdb,True,imdb loadtime opt cold webrender,,77,ms,geckoview,,1748342195,2023-08-31T09:19:24,4035.7,e2d1d56b4cb882f210d71f021a2f804a56d718e6,1293811
autoland,4375374,13,92302d37db2c0dde32926e954404b4c8422e3f86,android-hw-a51-11-0-aarch64-shippable-qr,True,False,,|c|o|l|d| |w|e|b|r|e|n|d|e|r|,102210fe594ee9b33d82058545b1ed14f4c8206e,loadtime,imdb,True,imdb loadtime opt cold webrender,,77,ms,geckoview,,1748459956,2023-08-31T14:04:37,4023.0,79fd00522da11013e2076ceccfd842c54d2f0822,1293937
autoland,4375374,13,92302d37db2c0dde32926e954404b4c8422e3f86,android-hw-a51-11-0-aarch64-shippable-qr,True,False,,|c|o|l|d| |w|e|b|r|e|n|d|e|r|,102210fe594ee9b33d82058545b1ed14f4c8206e,loadtime,imdb,True,imdb loadtime opt cold webrender,,77,ms,geckoview,,1748595824,2023-08-31T18:09:30,3813.8,bd48139a6966dfb067c7b31bdf2021bd85a1f6a9,1294069
autoland,4375374,13,92302d37db2c0dde32926e954404b4c8422e3f86,android-hw-a51-11-0-aarch64-shippable-qr,True,False,,|c|o|l|d| |w|e|b|r|e|n|d|e|r|,102210fe594ee9b33d82058545b1ed14f4c8206e,loadtime,imdb,True,imdb loadtime opt cold webrender,,77,ms,geckoview,,1748645578,2023-08-31T19:33:29,3883.7,a0d77e120c268cc1e877891df07436c1128dde4f,1294123
autoland,4375374,13,92302d37db2c0dde32926e954404b4c8422e3f86,android-hw-a51-11-0-aarch64-shippable-qr,True,False,,|c|o|l|d| |w|e|b|r|e|n|d|e|r|,102210fe594ee9b33d82058545b1ed14f4c8206e,loadtime,imdb,True,imdb loadtime opt cold webrender,,77,ms,geckoview,,1748781527,2023-09-01T00:39:38,3968.2,27ce38e0ae179241f6afc83c246df3113fc76eb5,1294315
autoland,4375374,13,92302d37db2c0dde32926e954404b4c8422e3f86,android-hw-a51-11-0-aarch64-shippable-qr,True,False,,|c|o|l|d| |w|e|b|r|e|n|d|e|r|,102210fe594ee9b33d82058545b1ed14f4c8206e,loadtime,imdb,True,imdb loadtime opt cold webrender,,77,ms,geckoview,,1748765020,2023-09-01T01:00:26,4118.4,9034f1db1295f77ef75c8afa9ac280788649b1c4,1294322
autoland,4375374,13,92302d37db2c0dde32926e954404b4c8422e3f86,android-hw-a51-11-0-aarch64-shippable-qr,True,False,,|c|o|l|d| |w|e|b|r|e|n|d|e|r|,102210fe594ee9b33d82058545b1ed14f4c8206e,loadtime,imdb,True,imdb loadtime opt cold webrender,,77,ms,geckoview,,1748916301,2023-09-01T06:26:09,3962.6,ae769caa17a3a27e7fed2cfd78ea439adf051dc8,1294426
autoland,4375374,13,92302d37db2c0dde32926e954404b4c8422e3f86,android-hw-a51-11-0-aarch64-shippable-qr,True,False,,|c|o|l|d| |w|e|b|r|e|n|d|e|r|,102210fe594ee9b33d82058545b1ed14f4c8206e,loadtime,imdb,True,imdb loadtime opt cold webrender,,77,ms,geckoview,,1749106430,2023-09-01T10:42:21,3915.4,2e446d8859cc4a60faa49f68ed5445c534e47850,1294509
autoland,4375374,13,92302d37db2c0dde32926e954404b4c8422e3f86,android-hw-a51-11-0-aarch64-shippable-qr,True,False,,|c|o|l|d| |w|e|b|r|e|n|d|e|r|,102210fe594ee9b33d82058545b1ed14f4c8206e,loadtime,imdb,True,imdb loadtime opt cold webrender,,77,ms,geckoview,,1749114033,2023-09-01T11:44:59,3967.7,bf57203fdaf0f91ccecca73cc02286e5c20686be,1294532
autoland,4375374,13,92302d37db2c0dde32926e954404b4c8422e3f86,android-hw-a51-11-0-aarch64-shippable-qr,True,False,,|c|o|l|d| |w|e|b|r|e|n|d|e|r|,102210fe594ee9b33d82058545b1ed14f4c8206e,loadtime,imdb,True,imdb loadtime opt cold webrender,,77,ms,geckoview,,1749229029,2023-09-01T15:47:54,4022.1,ad7684944accdb72fb27cae1118a774a95ed9c55,1294651
autoland,4375374,13,92302d37db2c0dde32926e954404b4c8422e3f86,android-hw-a51-11-0-aarch64-shippable-qr,True,False,,|c|o|l|d| |w|e|b|r|e|n|d|e|r|,102210fe594ee9b33d82058545b1ed14f4c8206e,loadtime,imdb,True,imdb loadtime opt cold webrender,,77,ms,geckoview,,1749257191,2023-09-01T17:12:14,4070.7,fccf186ac4e88bf822ac830ba689a15017be05e1,1294691
autoland,4375374,13,92302d37db2c0dde32926e954404b4c8422e3f86,android-hw-a51-11-0-aarch64-shippable-qr,True,False,,|c|o|l|d| |w|e|b|r|e|n|d|e|r|,102210fe594ee9b33d82058545b1ed14f4c8206e,loadtime,imdb,True,imdb loadtime opt cold webrender,,77,ms,geckoview,,1749515361,2023-09-02T01:00:47,4181.5,99eed791079c7b72126fee110226a0f9c519a053,1294900
autoland,4375374,13,92302d37db2c0dde32926e954404b4c8422e3f86,android-hw-a51-11-0-aarch64-shippable-qr,True,False,,|c|o|l|d| |w|e|b|r|e|n|d|e|r|,102210fe594ee9b33d82058545b1ed14f4c8206e,loadtime,imdb,True,imdb loadtime opt cold webrender,,77,ms,geckoview,,1749566033,2023-09-02T06:50:37,4082.0,0d100cd406fac31edd725aaa2ca36c72593b7207,1294943
autoland,4375374,13,92302d37db2c0dde32926e954404b4c8422e3f86,android-hw-a51-11-0-aarch64-shippable-qr,True,False,,|c|o|l|d| |w|e|b|r|e|n|d|e|r|,102210fe594ee9b33d82058545b1ed14f4c8206e,loadtime,imdb,True,imdb loadtime opt cold webrender,,77,ms,geckoview,,1749622404,2023-09-02T11:43:51,4022.8,66f85436a9395093f71f506f8cdc16623cbbb38e,1294960
autoland,4375374,13,92302d37db2c0dde32926e954404b4c8422e3f86,android-hw-a51-11-0-aarch64-shippable-qr,True,False,,|c|o|l|d| |w|e|b|r|e|n|d|e|r|,102210fe594ee9b33d82058545b1ed14f4c8206e,loadtime,imdb,True,imdb loadtime opt cold webrender,,77,ms,geckoview,,1749653360,2023-09-02T16:16:12,4085.0,ee62282ee19c0c3cceebbdb2cd283127260a46d6,1294982
autoland,4375374,13,92302d37db2c0dde32926e954404b4c8422e3f86,android-hw-a51-11-0-aarch64-shippable-qr,True,False,,|c|o|l|d| |w|e|b|r|e|n|d|e|r|,102210fe594ee9b33d82058545b1ed14f4c8206e,loadtime,imdb,True,imdb loadtime opt cold webrender,,77,ms,geckoview,,1749853817,2023-09-03T15:28:00,4170.9,e2d4c17692b7650a5aefa27823ab8cb72dc06fe6,1295071
autoland,4375374,13,92302d37db2c0dde32926e954404b4c8422e3f86,android-hw-a51-11-0-aarch64-shippable-qr,True,False,,|c|o|l|d| |w|e|b|r|e|n|d|e|r|,102210fe594ee9b33d82058545b1ed14f4c8206e,loadtime,imdb,True,imdb loadtime opt cold webrender,,77,ms,geckoview,,1749883782,2023-09-03T17:48:29,4029.0,39747a728e31525f254d25d9fa323a491dda5b09,1295079
autoland,4375374,13,92302d37db2c0dde32926e954404b4c8422e3f86,android-hw-a51-11-0-aarch64-shippable-qr,True,False,,|c|o|l|d| |w|e|b|r|e|n|d|e|r|,102210fe594ee9b33d82058545b1ed14f4c8206e,loadtime,imdb,True,imdb loadtime opt cold webrender,,77,ms,geckoview,,1749977274,2023-09-04T00:54:15,4049.4,9398dc74275ecd37eab02b496051302e67ce059f,1295103
autoland,4375374,13,92302d37db2c0dde32926e954404b4c8422e3f86,android-hw-a51-11-0-aarch64-shippable-qr,True,False,,|c|o|l|d| |w|e|b|r|e|n|d|e|r|,102210fe594ee9b33d82058545b1ed14f4c8206e,loadtime,imdb,True,imdb loadtime opt cold webrender,,77,ms,geckoview,,1750044020,2023-09-04T05:09:42,3996.0,738c0a460acb30ab2ab419f4c0dc93fa9af200d6,1295121
autoland,4375374,13,92302d37db2c0dde32926e954404b4c8422e3f86,android-hw-a51-11-0-aarch64-shippable-qr,True,False,,|c|o|l|d| |w|e|b|r|e|n|d|e|r|,102210fe594ee9b33d82058545b1ed14f4c8206e,loadtime,imdb,True,imdb loadtime opt cold webrender,,77,ms,geckoview,,1750073865,2023-09-04T08:06:31,4119.9,5378e223b13ecd8d32d6afddc956d8bdca322ef0,1295171
autoland,4375374,13,92302d37db2c0dde32926e954404b4c8422e3f86,android-hw-a51-11-0-aarch64-shippable-qr,True,False,,|c|o|l|d| |w|e|b|r|e|n|d|e|r|,102210fe594ee9b33d82058545b1ed14f4c8206e,loadtime,imdb,True,imdb loadtime opt cold webrender,,77,ms,geckoview,,1750218682,2023-09-04T12:17:38,4118.6,16cc1aa2701e0b2cf32665cee19dc11308a4760a,1295286
autoland,4375374,13,92302d37db2c0dde32926e954404b4c8422e3f86,android-hw-a51-11-0-aarch64-shippable-qr,True,False,,|c|o|l|d| |w|e|b|r|e|n|d|e|r|,102210fe594ee9b33d82058545b1ed14f4c8206e,loadtime,imdb,True,imdb loadtime opt cold webrender,,77,ms,geckoview,,1750329781,2023-09-04T20:09:20,5002.6,2c0ab3a7f1f3e1e095a0175f8a6096d10a311a5a,1295407
autoland,4375374,13,92302d37db2c0dde32926e954404b4c8422e3f86,android-hw-a51-11-0-aarch64-shippable-qr,True,False,,|c|o|l|d| |w|e|b|r|e|n|d|e|r|,102210fe594ee9b33d82058545b1ed14f4c8206e,loadtime,imdb,True,imdb loadtime opt cold webrender,,77,ms,geckoview,,1750390438,2023-09-05T01:26:26,4243.1,530fe27f752d2f1fa88cd1013b419d7c1ca1a2e0,1295456
autoland,4375374,13,92302d37db2c0dde32926e954404b4c8422e3f86,android-hw-a51-11-0-aarch64-shippable-qr,True,False,,|c|o|l|d| |w|e|b|r|e|n|d|e|r|,102210fe594ee9b33d82058545b1ed14f4c8206e,loadtime,imdb,True,imdb loadtime opt cold webrender,,77,ms,geckoview,,1750493946,2023-09-05T06:45:05,3995.7,55f5393d14f682f76c2d9f9c857c9f0890ee2a7f,1295504
autoland,4375374,13,92302d37db2c0dde32926e954404b4c8422e3f86,android-hw-a51-11-0-aarch64-shippable-qr,True,False,,|c|o|l|d| |w|e|b|r|e|n|d|e|r|,102210fe594ee9b33d82058545b1ed14f4c8206e,loadtime,imdb,True,imdb loadtime opt cold webrender,,77,ms,geckoview,,1750593823,2023-09-05T11:29:45,4076.9,27708fc6f6648945c105baa6a5c63f9d62f265b5,1295622
autoland,4375374,13,92302d37db2c0dde32926e954404b4c8422e3f86,android-hw-a51-11-0-aarch64-shippable-qr,True,False,,|c|o|l|d| |w|e|b|r|e|n|d|e|r|,102210fe594ee9b33d82058545b1ed14f4c8206e,loadtime,imdb,True,imdb loadtime opt cold webrender,,77,ms,geckoview,,1750601589,2023-09-05T11:45:39,4152.5,42d664dd03163fb19554f6e18c4163b8622b4401,1295627
autoland,4375374,13,92302d37db2c0dde32926e954404b4c8422e3f86,android-hw-a51-11-0-aarch64-shippable-qr,True,False,,|c|o|l|d| |w|e|b|r|e|n|d|e|r|,102210fe594ee9b33d82058545b1ed14f4c8206e,loadtime,imdb,True,imdb loadtime opt cold webrender,,77,ms,geckoview,,1750752657,2023-09-05T15:46:18,4021.6,40053facf08c6ea9bc6a6f5ae223a6faa89ebc08,1295770
autoland,4375374,13,92302d37db2c0dde32926e954404b4c8422e3f86,android-hw-a51-11-0-aarch64-shippable-qr,True,False,,|c|o|l|d| |w|e|b|r|e|n|d|e|r|,102210fe594ee9b33d82058545b1ed14f4c8206e,loadtime,imdb,True,imdb loadtime opt cold webrender,,77,ms,geckoview,,1750764096,2023-09-05T16:15:45,4059.2,08da3ca498f61eb9acb594038c5e764cfb37d735,1295791
autoland,4375374,13,92302d37db2c0dde32926e954404b4c8422e3f86,android-hw-a51-11-0-aarch64-shippable-qr,True,False,,|c|o|l|d| |w|e|b|r|e|n|d|e|r|,102210fe594ee9b33d82058545b1ed14f4c8206e,loadtime,imdb,True,imdb loadtime opt cold webrender,,77,ms,geckoview,,1750824987,2023-09-05T19:25:11,3908.9,e6278ccb302b74ca329c17e5d00508b795c54eec,1295926
autoland,4375374,13,92302d37db2c0dde32926e954404b4c8422e3f86,android-hw-a51-11-0-aarch64-shippable-qr,True,False,,|c|o|l|d| |w|e|b|r|e|n|d|e|r|,102210fe594ee9b33d82058545b1ed14f4c8206e,loadtime,imdb,True,imdb loadtime opt cold webrender,,77,ms,geckoview,,1750966322,2023-09-05T23:38:09,3991.0,b34280e9a0872e3b3f0893cd3bd78bf94b421612,1296071
autoland,4375374,13,92302d37db2c0dde32926e954404b4c8422e3f86,android-hw-a51-11-0-aarch64-shippable-qr,True,False,,|c|o|l|d| |w|e|b|r|e|n|d|e|r|,102210fe594ee9b33d82058545b1ed14f4c8206e,loadtime,imdb,True,imdb loadtime opt cold webrender,,77,ms,geckoview,,1751006174,2023-09-06T00:54:53,4162.7,ff7e2e9adbc1753b1f3e01a3f2eb8a91bb911418,1296116
autoland,4375374,13,92302d37db2c0dde32926e954404b4c8422e3f86,android-hw-a51-11-0-aarch64-shippable-qr,True,False,,|c|o|l|d| |w|e|b|r|e|n|d|e|r|,102210fe594ee9b33d82058545b1ed14f4c8206e,loadtime,imdb,True,imdb loadtime opt cold webrender,,77,ms,geckoview,,1751096766,2023-09-06T05:00:41,3969.6,5c56b92baa65aa27df61f84718594767ef8f26f4,1296186
autoland,4375374,13,92302d37db2c0dde32926e954404b4c8422e3f86,android-hw-a51-11-0-aarch64-shippable-qr,True,False,,|c|o|l|d| |w|e|b|r|e|n|d|e|r|,102210fe594ee9b33d82058545b1ed14f4c8206e,loadtime,imdb,True,imdb loadtime opt cold webrender,,77,ms,geckoview,,1751241638,2023-09-06T10:31:58,4218.2,6631a30338d3de03925f76afd071a29511729440,1296288
autoland,4375374,13,92302d37db2c0dde32926e954404b4c8422e3f86,android-hw-a51-11-0-aarch64-shippable-qr,True,False,,|c|o|l|d| |w|e|b|r|e|n|d|e|r|,102210fe594ee9b33d82058545b1ed14f4c8206e,loadtime,imdb,True,imdb loadtime opt cold webrender,,77,ms,geckoview,,1751270427,2023-09-06T11:18:29,3952.0,e43370e4259f61e0c264dbcef8b45e2862b3c5e8,1296309
autoland,4375374,13,92302d37db2c0dde32926e954404b4c8422e3f86,android-hw-a51-11-0-aarch64-shippable-qr,True,False,,|c|o|l|d| |w|e|b|r|e|n|d|e|r|,102210fe594ee9b33d82058545b1ed14f4c8206e,loadtime,imdb,True,imdb loadtime opt cold webrender,,77,ms,geckoview,,1751306992,2023-09-06T14:28:21,4157.7,0315c2d875ca2a95bbb65ef4a1f7b75f72ed7263,1296418
autoland,4375374,13,92302d37db2c0dde32926e954404b4c8422e3f86,android-hw-a51-11-0-aarch64-shippable-qr,True,False,,|c|o|l|d| |w|e|b|r|e|n|d|e|r|,102210fe594ee9b33d82058545b1ed14f4c8206e,loadtime,imdb,True,imdb loadtime opt cold webrender,,77,ms,geckoview,,1751389853,2023-09-06T18:00:42,3982.1,340378041fcfd986f6c0edb18a81efbc36f930c1,1296561
autoland,4375374,13,92302d37db2c0dde32926e954404b4c8422e3f86,android-hw-a51-11-0-aarch64-shippable-qr,True,False,,|c|o|l|d| |w|e|b|r|e|n|d|e|r|,102210fe594ee9b33d82058545b1ed14f4c8206e,loadtime,imdb,True,imdb loadtime opt cold webrender,,77,ms,geckoview,,1751478441,2023-09-06T21:18:27,4185.9,6e5768f3fc480965c2b67e5006ad8351d30a27b2,1296699
autoland,4375374,13,92302d37db2c0dde32926e954404b4c8422e3f86,android-hw-a51-11-0-aarch64-shippable-qr,True,False,,|c|o|l|d| |w|e|b|r|e|n|d|e|r|,102210fe594ee9b33d82058545b1ed14f4c8206e,loadtime,imdb,True,imdb loadtime opt cold webrender,,77,ms,geckoview,,1751585491,2023-09-07T02:02:33,4321.9,172ac46f5fd5a20a001b2cbed27df0ffb44ef6a6,1296842
autoland,4375374,13,92302d37db2c0dde32926e954404b4c8422e3f86,android-hw-a51-11-0-aarch64-shippable-qr,True,False,,|c|o|l|d| |w|e|b|r|e|n|d|e|r|,102210fe594ee9b33d82058545b1ed14f4c8206e,loadtime,imdb,True,imdb loadtime opt cold webrender,,77,ms,geckoview,,1751664959,2023-09-07T05:47:53,4064.6,c8b40099127c273a58ba6defbe045c55752f0f64,1296880
autoland,4375374,13,92302d37db2c0dde32926e954404b4c8422e3f86,android-hw-a51-11-0-aarch64-shippable-qr,True,False,,|c|o|l|d| |w|e|b|r|e|n|d|e|r|,102210fe594ee9b33d82058545b1ed14f4c8206e,loadtime,imdb,True,imdb loadtime opt cold webrender,,77,ms,geckoview,,1751781710,2023-09-07T10:02:59,4051.7,72c09a220d986d7af3fa78b07b9b87cd943f9ab5,1296967
autoland,4375374,13,92302d37db2c0dde32926e954404b4c8422e3f86,android-hw-a51-11-0-aarch64-shippable-qr,True,False,,|c|o|l|d| |w|e|b|r|e|n|d|e|r|,102210fe594ee9b33d82058545b1ed14f4c8206e,loadtime,imdb,True,imdb loadtime opt cold webrender,,77,ms,geckoview,,1751833813,2023-09-07T12:32:17,3975.8,31aee1c71573016a4a40410e1c41adad2304c430,1297037
autoland,4375374,13,92302d37db2c0dde32926e954404b4c8422e3f86,android-hw-a51-11-0-aarch64-shippable-qr,True,False,,|c|o|l|d| |w|e|b|r|e|n|d|e|r|,102210fe594ee9b33d82058545b1ed14f4c8206e,loadtime,imdb,True,imdb loadtime opt cold webrender,,77,ms,geckoview,,1751933240,2023-09-07T16:05:38,3429.6,be838735b3cf99411aaa287377f080810144f92d,1297179
autoland,4375374,13,92302d37db2c0dde32926e954404b4c8422e3f86,android-hw-a51-11-0-aarch64-shippable-qr,True,False,,|c|o|l|d| |w|e|b|r|e|n|d|e|r|,102210fe594ee9b33d82058545b1ed14f4c8206e,loadtime,imdb,True,imdb loadtime opt cold webrender,,77,ms,geckoview,,1751934602,2023-09-07T16:05:38,3167.4,be838735b3cf99411aaa287377f080810144f92d,1297179
autoland,4375374,13,92302d37db2c0dde32926e954404b4c8422e3f86,android-hw-a51-11-0-aarch64-shippable-qr,True,False,,|c|o|l|d| |w|e|b|r|e|n|d|e|r|,102210fe594ee9b33d82058545b1ed14f4c8206e,loadtime,imdb,True,imdb loadtime opt cold webrender,,77,ms,geckoview,,1751933371,2023-09-07T16:05:38,3131.3,be838735b3cf99411aaa287377f080810144f92d,1297179
autoland,4375374,13,92302d37db2c0dde32926e954404b4c8422e3f86,android-hw-a51-11-0-aarch64-shippable-qr,True,False,,|c|o|l|d| |w|e|b|r|e|n|d|e|r|,102210fe594ee9b33d82058545b1ed14f4c8206e,loadtime,imdb,True,imdb loadtime opt cold webrender,,77,ms,geckoview,,1752071323,2023-09-07T18:57:03,3147.0,25b4a7559a80b3970d88de68b2ac92420ca025c8,1297304
autoland,4375374,13,92302d37db2c0dde32926e954404b4c8422e3f86,android-hw-a51-11-0-aarch64-shippable-qr,True,False,,|c|o|l|d| |w|e|b|r|e|n|d|e|r|,102210fe594ee9b33d82058545b1ed14f4c8206e,loadtime,imdb,True,imdb loadtime opt cold webrender,,77,ms,geckoview,,1752223819,2023-09-07T23:16:45,3144.0,6fb5507c20420498c1ebe5f2b6df35394d980f1c,1297446
autoland,4375374,13,92302d37db2c0dde32926e954404b4c8422e3f86,android-hw-a51-11-0-aarch64-shippable-qr,True,False,,|c|o|l|d| |w|e|b|r|e|n|d|e|r|,102210fe594ee9b33d82058545b1ed14f4c8206e,loadtime,imdb,True,imdb loadtime opt cold webrender,,77,ms,geckoview,,1752198186,2023-09-07T23:39:19,3102.3,3096b15a785accc50f5e96ad64eed31ebd5ae045,1297453
autoland,4375374,13,92302d37db2c0dde32926e954404b4c8422e3f86,android-hw-a51-11-0-aarch64-shippable-qr,True,False,,|c|o|l|d| |w|e|b|r|e|n|d|e|r|,102210fe594ee9b33d82058545b1ed14f4c8206e,loadtime,imdb,True,imdb loadtime opt cold webrender,,77,ms,geckoview,,1752324114,2023-09-08T04:28:36,3382.2,9cf29328d69c6278a4d9e184fcf79d33542cb600,1297535
autoland,4375374,13,92302d37db2c0dde32926e954404b4c8422e3f86,android-hw-a51-11-0-aarch64-shippable-qr,True,False,,|c|o|l|d| |w|e|b|r|e|n|d|e|r|,102210fe594ee9b33d82058545b1ed14f4c8206e,loadtime,imdb,True,imdb loadtime opt cold webrender,,77,ms,geckoview,,1752387233,2023-09-08T08:33:18,3269.6,850826d930dbbaab76c864c8e0c815e741d335ec,1297602
autoland,4375374,13,92302d37db2c0dde32926e954404b4c8422e3f86,android-hw-a51-11-0-aarch64-shippable-qr,True,False,,|c|o|l|d| |w|e|b|r|e|n|d|e|r|,102210fe594ee9b33d82058545b1ed14f4c8206e,loadtime,imdb,True,imdb loadtime opt cold webrender,,77,ms,geckoview,,1752528356,2023-09-08T09:52:44,3105.8,274b1d437629e97813d0b7fe7e8b4912cf84cf32,1297644
autoland,4375374,13,92302d37db2c0dde32926e954404b4c8422e3f86,android-hw-a51-11-0-aarch64-shippable-qr,True,False,,|c|o|l|d| |w|e|b|r|e|n|d|e|r|,102210fe594ee9b33d82058545b1ed14f4c8206e,loadtime,imdb,True,imdb loadtime opt cold webrender,,77,ms,geckoview,,1752686027,2023-09-08T14:14:09,3075.1,822367e291b07b889b553a6beaa660fd1d4bf101,1297788
autoland,4375374,13,92302d37db2c0dde32926e954404b4c8422e3f86,android-hw-a51-11-0-aarch64-shippable-qr,True,False,,|c|o|l|d| |w|e|b|r|e|n|d|e|r|,102210fe594ee9b33d82058545b1ed14f4c8206e,loadtime,imdb,True,imdb loadtime opt cold webrender,,77,ms,geckoview,,1752709580,2023-09-08T14:59:47,3133.9,bde2db6f12ce1100b2bbb4b10916f7be1cf90f3a,1297817
autoland,4375374,13,92302d37db2c0dde32926e954404b4c8422e3f86,android-hw-a51-11-0-aarch64-shippable-qr,True,False,,|c|o|l|d| |w|e|b|r|e|n|d|e|r|,102210fe594ee9b33d82058545b1ed14f4c8206e,loadtime,imdb,True,imdb loadtime opt cold webrender,,77,ms,geckoview,,1752710815,2023-09-08T18:04:40,3108.2,27b2bca6565fd4a7d724617dc2a06ad4433d5e7d,1297929
autoland,4375374,13,92302d37db2c0dde32926e954404b4c8422e3f86,android-hw-a51-11-0-aarch64-shippable-qr,True,False,,|c|o|l|d| |w|e|b|r|e|n|d|e|r|,102210fe594ee9b33d82058545b1ed14f4c8206e,loadtime,imdb,True,imdb loadtime opt cold webrender,,77,ms,geckoview,,1752857409,2023-09-08T22:44:42,3007.2,caabab6fd2b88b34f1344af40c555fed0a039949,1298112
autoland,4375374,13,92302d37db2c0dde32926e954404b4c8422e3f86,android-hw-a51-11-0-aarch64-shippable-qr,True,False,,|c|o|l|d| |w|e|b|r|e|n|d|e|r|,102210fe594ee9b33d82058545b1ed14f4c8206e,loadtime,imdb,True,imdb loadtime opt cold webrender,,77,ms,geckoview,,1752920771,2023-09-09T01:11:00,3111.3,266305ba8989b3072ea042b1a3130ddfb89960e1,1298167
autoland,4375374,13,92302d37db2c0dde32926e954404b4c8422e3f86,android-hw-a51-11-0-aarch64-shippable-qr,True,False,,|c|o|l|d| |w|e|b|r|e|n|d|e|r|,102210fe594ee9b33d82058545b1ed14f4c8206e,loadtime,imdb,True,imdb loadtime opt cold webrender,,77,ms,geckoview,,1752968435,2023-09-09T05:59:08,3056.1,02f7c436b43f486a8aec92c449f2df1fedf9226a,1298196
autoland,4375374,13,92302d37db2c0dde32926e954404b4c8422e3f86,android-hw-a51-11-0-aarch64-shippable-qr,True,False,,|c|o|l|d| |w|e|b|r|e|n|d|e|r|,102210fe594ee9b33d82058545b1ed14f4c8206e,loadtime,imdb,True,imdb loadtime opt cold webrender,,77,ms,geckoview,,1753048846,2023-09-09T12:58:29,3175.9,52b4a28cd9d7623a471a02cb994a2aebbd5d7403,1298223
autoland,4375374,13,92302d37db2c0dde32926e954404b4c8422e3f86,android-hw-a51-11-0-aarch64-shippable-qr,True,False,,|c|o|l|d| |w|e|b|r|e|n|d|e|r|,102210fe594ee9b33d82058545b1ed14f4c8206e,loadtime,imdb,True,imdb loadtime opt cold webrender,,77,ms,geckoview,,1753206686,2023-09-09T23:18:35,3002.4,df18c9cb1487f09a89e27eabbd0819691c70701b,1298263
autoland,4375374,13,92302d37db2c0dde32926e954404b4c8422e3f86,android-hw-a51-11-0-aarch64-shippable-qr,True,False,,|c|o|l|d| |w|e|b|r|e|n|d|e|r|,102210fe594ee9b33d82058545b1ed14f4c8206e,loadtime,imdb,True,imdb loadtime opt cold webrender,,77,ms,geckoview,,1753282494,2023-09-10T03:51:10,3083.7,7faa89970aed2f2e16f538aba1a7465bb6a5ea20,1298271
autoland,4375374,13,92302d37db2c0dde32926e954404b4c8422e3f86,android-hw-a51-11-0-aarch64-shippable-qr,True,False,,|c|o|l|d| |w|e|b|r|e|n|d|e|r|,102210fe594ee9b33d82058545b1ed14f4c8206e,loadtime,imdb,True,imdb loadtime opt cold webrender,,77,ms,geckoview,,1753419519,2023-09-10T10:15:01,3076.0,2e1c2dd8ef65a6914ebc4e0bc0a0a274c31e29bc,1298293
autoland,4375374,13,92302d37db2c0dde32926e954404b4c8422e3f86,android-hw-a51-11-0-aarch64-shippable-qr,True,False,,|c|o|l|d| |w|e|b|r|e|n|d|e|r|,102210fe594ee9b33d82058545b1ed14f4c8206e,loadtime,imdb,True,imdb loadtime opt cold webrender,,77,ms,geckoview,,1753519795,2023-09-10T12:24:34,3241.4,640ad6a53cf88f878095f49f98b720a99c2762bd,1298303
autoland,4375374,13,92302d37db2c0dde32926e954404b4c8422e3f86,android-hw-a51-11-0-aarch64-shippable-qr,True,False,,|c|o|l|d| |w|e|b|r|e|n|d|e|r|,102210fe594ee9b33d82058545b1ed14f4c8206e,loadtime,imdb,True,imdb loadtime opt cold webrender,,77,ms,geckoview,,1753617146,2023-09-10T16:24:53,3307.0,e91d172728590586e38bc431f3dc779479e365d5,1298313
autoland,4375374,13,92302d37db2c0dde32926e954404b4c8422e3f86,android-hw-a51-11-0-aarch64-shippable-qr,True,False,,|c|o|l|d| |w|e|b|r|e|n|d|e|r|,102210fe594ee9b33d82058545b1ed14f4c8206e,loadtime,imdb,True,imdb loadtime opt cold webrender,,77,ms,geckoview,,1753731259,2023-09-10T22:24:39,3095.6,fff502a8f26bdfc51eada3cf32107848bff64a76,1298356
autoland,4375374,13,92302d37db2c0dde32926e954404b4c8422e3f86,android-hw-a51-11-0-aarch64-shippable-qr,True,False,,|c|o|l|d| |w|e|b|r|e|n|d|e|r|,102210fe594ee9b33d82058545b1ed14f4c8206e,loadtime,imdb,True,imdb loadtime opt cold webrender,,77,ms,geckoview,,1753848978,2023-09-11T04:00:08,3454.7,5f5a3f190fdfa0947a671467171ab2b3cee62c38,1298396
autoland,4375374,13,92302d37db2c0dde32926e954404b4c8422e3f86,android-hw-a51-11-0-aarch64-shippable-qr,True,False,,|c|o|l|d| |w|e|b|r|e|n|d|e|r|,102210fe594ee9b33d82058545b1ed14f4c8206e,loadtime,imdb,True,imdb loadtime opt cold webrender,,77,ms,geckoview,,1753898326,2023-09-11T08:01:16,3100.9,35ae39561912dad340dac47c7c1dc3af6ead952b,1298437
autoland,4375374,13,92302d37db2c0dde32926e954404b4c8422e3f86,android-hw-a51-11-0-aarch64-shippable-qr,True,False,,|c|o|l|d| |w|e|b|r|e|n|d|e|r|,102210fe594ee9b33d82058545b1ed14f4c8206e,loadtime,imdb,True,imdb loadtime opt cold webrender,,77,ms,geckoview,,1754023848,2023-09-11T10:09:23,3226.5,16a377bb7b5f9713ac6a5fae21ce043c7de7cd67,1298486
autoland,4375374,13,92302d37db2c0dde32926e954404b4c8422e3f86,android-hw-a51-11-0-aarch64-shippable-qr,True,False,,|c|o|l|d| |w|e|b|r|e|n|d|e|r|,102210fe594ee9b33d82058545b1ed14f4c8206e,loadtime,imdb,True,imdb loadtime opt cold webrender,,77,ms,geckoview,,1754126627,2023-09-11T13:54:23,3348.5,2ea4fd5d517a2b5edf081c9e2ccd8c014f6dc171,1298638
autoland,4375374,13,92302d37db2c0dde32926e954404b4c8422e3f86,android-hw-a51-11-0-aarch64-shippable-qr,True,False,,|c|o|l|d| |w|e|b|r|e|n|d|e|r|,102210fe594ee9b33d82058545b1ed14f4c8206e,loadtime,imdb,True,imdb loadtime opt cold webrender,,77,ms,geckoview,,1754228350,2023-09-11T17:41:44,3102.7,f28ec98bf27ffbc0952af3f4ff0ffec4218a6554,1298761
autoland,4375374,13,92302d37db2c0dde32926e954404b4c8422e3f86,android-hw-a51-11-0-aarch64-shippable-qr,True,False,,|c|o|l|d| |w|e|b|r|e|n|d|e|r|,102210fe594ee9b33d82058545b1ed14f4c8206e,loadtime,imdb,True,imdb loadtime opt cold webrender,,77,ms,geckoview,,1754399828,2023-09-11T21:44:17,3093.0,4a10a12f6006582e936c81baefda439d8f078729,1298874
autoland,4375374,13,92302d37db2c0dde32926e954404b4c8422e3f86,android-hw-a51-11-0-aarch64-shippable-qr,True,False,,|c|o|l|d| |w|e|b|r|e|n|d|e|r|,102210fe594ee9b33d82058545b1ed14f4c8206e,loadtime,imdb,True,imdb loadtime opt cold webrender,,77,ms,geckoview,,1754388533,2023-09-11T22:07:56,3010.2,12882fe96164b756c60fff4549300977b85af06f,1298881
autoland,4375374,13,92302d37db2c0dde32926e954404b4c8422e3f86,android-hw-a51-11-0-aarch64-shippable-qr,True,False,,|c|o|l|d| |w|e|b|r|e|n|d|e|r|,102210fe594ee9b33d82058545b1ed14f4c8206e,loadtime,imdb,True,imdb loadtime opt cold webrender,,77,ms,geckoview,,1754522086,2023-09-12T02:35:45,3146.8,cdcc536589320caec69ec36416058cd46b8d4178,1298976
autoland,4375374,13,92302d37db2c0dde32926e954404b4c8422e3f86,android-hw-a51-11-0-aarch64-shippable-qr,True,False,,|c|o|l|d| |w|e|b|r|e|n|d|e|r|,102210fe594ee9b33d82058545b1ed14f4c8206e,loadtime,imdb,True,imdb loadtime opt cold webrender,,77,ms,geckoview,,1754643397,2023-09-12T07:31:58,3132.6,2e2360c55e7b421532f4d12b7a36a0e0f943a1e9,1299027
autoland,4375374,13,92302d37db2c0dde32926e954404b4c8422e3f86,android-hw-a51-11-0-aarch64-shippable-qr,True,False,,|c|o|l|d| |w|e|b|r|e|n|d|e|r|,102210fe594ee9b33d82058545b1ed14f4c8206e,loadtime,imdb,True,imdb loadtime opt cold webrender,,77,ms,geckoview,,1754762232,2023-09-12T11:48:24,3133.0,4cca882e069d67c3a9a9064ac603b0dca23a5b39,1299122
autoland,4375374,13,92302d37db2c0dde32926e954404b4c8422e3f86,android-hw-a51-11-0-aarch64-shippable-qr,True,False,,|c|o|l|d| |w|e|b|r|e|n|d|e|r|,102210fe594ee9b33d82058545b1ed14f4c8206e,loadtime,imdb,True,imdb loadtime opt cold webrender,,77,ms,geckoview,,1754802826,2023-09-12T12:34:27,3069.0,f302f4a5371614cb2d42fbbe4ddfdd068aae146d,1299141
autoland,4375374,13,92302d37db2c0dde32926e954404b4c8422e3f86,android-hw-a51-11-0-aarch64-shippable-qr,True,False,,|c|o|l|d| |w|e|b|r|e|n|d|e|r|,102210fe594ee9b33d82058545b1ed14f4c8206e,loadtime,imdb,True,imdb loadtime opt cold webrender,,77,ms,geckoview,,1754907371,2023-09-12T16:35:29,3169.2,1b3be6b61583c53c2cb899ffc91c921c022e8162,1299257
autoland,4375374,13,92302d37db2c0dde32926e954404b4c8422e3f86,android-hw-a51-11-0-aarch64-shippable-qr,True,False,,|c|o|l|d| |w|e|b|r|e|n|d|e|r|,102210fe594ee9b33d82058545b1ed14f4c8206e,loadtime,imdb,True,imdb loadtime opt cold webrender,,77,ms,geckoview,,1754993705,2023-09-12T17:51:01,3146.4,c77f534dc9b99192eca371e3917ffc5b504bd055,1299297
autoland,4375374,13,92302d37db2c0dde32926e954404b4c8422e3f86,android-hw-a51-11-0-aarch64-shippable-qr,True,False,,|c|o|l|d| |w|e|b|r|e|n|d|e|r|,102210fe594ee9b33d82058545b1ed14f4c8206e,loadtime,imdb,True,imdb loadtime opt cold webrender,,77,ms,geckoview,,1755151085,2023-09-12T22:44:58,3110.0,0339e9d43c22845d7589528bc8a08eee6b2d5c7a,1299446
autoland,4375374,13,92302d37db2c0dde32926e954404b4c8422e3f86,android-hw-a51-11-0-aarch64-shippable-qr,True,False,,|c|o|l|d| |w|e|b|r|e|n|d|e|r|,102210fe594ee9b33d82058545b1ed14f4c8206e,loadtime,imdb,True,imdb loadtime opt cold webrender,,77,ms,geckoview,,1755163850,2023-09-12T23:09:22,3143.8,d238756ba039d0430074dea8fa1db0c2b75b8184,1299456
autoland,4375374,13,92302d37db2c0dde32926e954404b4c8422e3f86,android-hw-a51-11-0-aarch64-shippable-qr,True,False,,|c|o|l|d| |w|e|b|r|e|n|d|e|r|,102210fe594ee9b33d82058545b1ed14f4c8206e,loadtime,imdb,True,imdb loadtime opt cold webrender,,77,ms,geckoview,,1755230365,2023-09-13T03:21:32,3129.6,daceab96e9588ecb729cc3648c7980f1d9928ef1,1299496
autoland,4375374,13,92302d37db2c0dde32926e954404b4c8422e3f86,android-hw-a51-11-0-aarch64-shippable-qr,True,False,,|c|o|l|d| |w|e|b|r|e|n|d|e|r|,102210fe594ee9b33d82058545b1ed14f4c8206e,loadtime,imdb,True,imdb loadtime opt cold webrender,,77,ms,geckoview,,1755301660,2023-09-13T08:07:28,3096.3,00a66a4ea7d34e12302bd63f68a950cbff5a9ffa,1299529
autoland,4375374,13,92302d37db2c0dde32926e954404b4c8422e3f86,android-hw-a51-11-0-aarch64-shippable-qr,True,False,,|c|o|l|d| |w|e|b|r|e|n|d|e|r|,102210fe594ee9b33d82058545b1ed14f4c8206e,loadtime,imdb,True,imdb loadtime opt cold webrender,,77,ms,geckoview,,1755482087,2023-09-13T11:26:03,3073.1,1a4b8c41b3c3efb7f5870fb99730fc6b08a44cc1,1299625
autoland,4375374,13,92302d37db2c0dde32926e954404b4c8422e3f86,android-hw-a51-11-0-aarch64-shippable-qr,True,False,,|c|o|l|d| |w|e|b|r|e|n|d|e|r|,102210fe594ee9b33d82058545b1ed14f4c8206e,loadtime,imdb,True,imdb loadtime opt cold webrender,,77,ms,geckoview,,1755611096,2023-09-13T15:38:40,3153.1,49a7e292daad5c6727d745e6910b8bde5c3f59a6,1299802
autoland,4375374,13,92302d37db2c0dde32926e954404b4c8422e3f86,android-hw-a51-11-0-aarch64-shippable-qr,True,False,,|c|o|l|d| |w|e|b|r|e|n|d|e|r|,102210fe594ee9b33d82058545b1ed14f4c8206e,loadtime,imdb,True,imdb loadtime opt cold webrender,,77,ms,geckoview,,1755682413,2023-09-13T16:07:42,3111.2,ce9c917d3e22a86f9e2a6fb5d5b68cd6d56fb687,1299823
autoland,4375374,13,92302d37db2c0dde32926e954404b4c8422e3f86,android-hw-a51-11-0-aarch64-shippable-qr,True,False,,|c|o|l|d| |w|e|b|r|e|n|d|e|r|,102210fe594ee9b33d82058545b1ed14f4c8206e,loadtime,imdb,True,imdb loadtime opt cold webrender,,77,ms,geckoview,,1755891069,2023-09-13T20:42:18,2984.2,ab101a976da356370e4d513e38e73a1fa55b1597,1300022
autoland,4375374,13,92302d37db2c0dde32926e954404b4c8422e3f86,android-hw-a51-11-0-aarch64-shippable-qr,True,False,,|c|o|l|d| |w|e|b|r|e|n|d|e|r|,102210fe594ee9b33d82058545b1ed14f4c8206e,loadtime,imdb,True,imdb loadtime opt cold webrender,,77,ms,geckoview,,1755924619,2023-09-13T23:14:42,3174.7,8f5a11c1eb0b7598d1415f6efa9c360191a423f8,1300119
autoland,4375374,13,92302d37db2c0dde32926e954404b4c8422e3f86,android-hw-a51-11-0-aarch64-shippable-qr,True,False,,|c|o|l|d| |w|e|b|r|e|n|d|e|r|,102210fe594ee9b33d82058545b1ed14f4c8206e,loadtime,imdb,True,imdb loadtime opt cold webrender,,77,ms,geckoview,,1756128659,2023-09-14T04:10:41,3154.3,c57de172952ed6dfa84943bd2175574e4c87e92b,1300187
autoland,4375374,13,92302d37db2c0dde32926e954404b4c8422e3f86,android-hw-a51-11-0-aarch64-shippable-qr,True,False,,|c|o|l|d| |w|e|b|r|e|n|d|e|r|,102210fe594ee9b33d82058545b1ed14f4c8206e,loadtime,imdb,True,imdb loadtime opt cold webrender,,77,ms,geckoview,,1756262940,2023-09-14T09:30:23,3101.1,69c7e9b937f817f1bee50511a690a35aa3b49793,1300302
autoland,4375374,13,92302d37db2c0dde32926e954404b4c8422e3f86,android-hw-a51-11-0-aarch64-shippable-qr,True,False,,|c|o|l|d| |w|e|b|r|e|n|d|e|r|,102210fe594ee9b33d82058545b1ed14f4c8206e,loadtime,imdb,True,imdb loadtime opt cold webrender,,77,ms,geckoview,,1756368961,2023-09-14T11:38:04,3183.2,76116e6c2476f694d9cd5db9c69d9065e3b2cbbd,1300382
autoland,4375374,13,92302d37db2c0dde32926e954404b4c8422e3f86,android-hw-a51-11-0-aarch64-shippable-qr,True,False,,|c|o|l|d| |w|e|b|r|e|n|d|e|r|,102210fe594ee9b33d82058545b1ed14f4c8206e,loadtime,imdb,True,imdb loadtime opt cold webrender,,77,ms,geckoview,,1756540680,2023-09-14T15:44:34,3102.0,3b93c8502571e31ff0926a4911fae422c3c2118c,1300523
autoland,4375374,13,92302d37db2c0dde32926e954404b4c8422e3f86,android-hw-a51-11-0-aarch64-shippable-qr,True,False,,|c|o|l|d| |w|e|b|r|e|n|d|e|r|,102210fe594ee9b33d82058545b1ed14f4c8206e,loadtime,imdb,True,imdb loadtime opt cold webrender,,77,ms,geckoview,,1756550685,2023-09-14T16:38:11,3097.4,98de7bc404c3786a5459a205dea174bdf39d3dbf,1300546
autoland,4375374,13,92302d37db2c0dde32926e954404b4c8422e3f86,android-hw-a51-11-0-aarch64-shippable-qr,True,False,,|c|o|l|d| |w|e|b|r|e|n|d|e|r|,102210fe594ee9b33d82058545b1ed14f4c8206e,loadtime,imdb,True,imdb loadtime opt cold webrender,,77,ms,geckoview,,1756806977,2023-09-15T00:53:43,3203.3,cfbd0bd9bc623276a862481e44bd71e1d57e2eac,1300850
autoland,4375374,13,92302d37db2c0dde32926e954404b4c8422e3f86,android-hw-a51-11-0-aarch64-shippable-qr,True,False,,|c|o|l|d| |w|e|b|r|e|n|d|e|r|,102210fe594ee9b33d82058545b1ed14f4c8206e,loadtime,imdb,True,imdb loadtime opt cold webrender,,77,ms,geckoview,,1756931559,2023-09-15T06:04:49,3130.8,8f99acff4cbc8f25f158dc6ff079042f02768f05,1300927
autoland,4375374,13,92302d37db2c0dde32926e954404b4c8422e3f86,android-hw-a51-11-0-aarch64-shippable-qr,True,False,,|c|o|l|d| |w|e|b|r|e|n|d|e|r|,102210fe594ee9b33d82058545b1ed14f4c8206e,loadtime,imdb,True,imdb loadtime opt cold webrender,,77,ms,geckoview,,1756968548,2023-09-15T06:59:31,3070.3,0a032c6f1d5da0740059f67c499e0e9f7ab88650,1300939
autoland,4375374,13,92302d37db2c0dde32926e954404b4c8422e3f86,android-hw-a51-11-0-aarch64-shippable-qr,True,False,,|c|o|l|d| |w|e|b|r|e|n|d|e|r|,102210fe594ee9b33d82058545b1ed14f4c8206e,loadtime,imdb,True,imdb loadtime opt cold webrender,,77,ms,geckoview,,1757115367,2023-09-15T11:50:44,3086.4,29c4aff31f1dc95ad970b23a77b763265f1632c0,1301039
autoland,4375374,13,92302d37db2c0dde32926e954404b4c8422e3f86,android-hw-a51-11-0-aarch64-shippable-qr,True,False,,|c|o|l|d| |w|e|b|r|e|n|d|e|r|,102210fe594ee9b33d82058545b1ed14f4c8206e,loadtime,imdb,True,imdb loadtime opt cold webrender,,77,ms,geckoview,,1757226965,2023-09-15T14:51:55,3579.3,079079610ac2a41dba72a91cbe2867519e2bc5bd,1301175
autoland,4375374,13,92302d37db2c0dde32926e954404b4c8422e3f86,android-hw-a51-11-0-aarch64-shippable-qr,True,False,,|c|o|l|d| |w|e|b|r|e|n|d|e|r|,102210fe594ee9b33d82058545b1ed14f4c8206e,loadtime,imdb,True,imdb loadtime opt cold webrender,,77,ms,geckoview,,1757288168,2023-09-15T17:51:06,3209.1,fec6b3b46bc6439ac98e03aa73938deaf6323f5c,1301318
autoland,4375374,13,92302d37db2c0dde32926e954404b4c8422e3f86,android-hw-a51-11-0-aarch64-shippable-qr,True,False,,|c|o|l|d| |w|e|b|r|e|n|d|e|r|,102210fe594ee9b33d82058545b1ed14f4c8206e,loadtime,imdb,True,imdb loadtime opt cold webrender,,77,ms,geckoview,,1757359084,2023-09-15T20:04:54,3004.1,99357ab2bb639918d2ea0e8f391494df18c24cb9,1301421
autoland,4375374,13,92302d37db2c0dde32926e954404b4c8422e3f86,android-hw-a51-11-0-aarch64-shippable-qr,True,False,,|c|o|l|d| |w|e|b|r|e|n|d|e|r|,102210fe594ee9b33d82058545b1ed14f4c8206e,loadtime,imdb,True,imdb loadtime opt cold webrender,,77,ms,geckoview,,1757464626,2023-09-16T00:25:52,3153.6,aa4e3903740dfa0ed175c6ff18e57b8fbe82afd7,1301531
autoland,4375374,13,92302d37db2c0dde32926e954404b4c8422e3f86,android-hw-a51-11-0-aarch64-shippable-qr,True,False,,|c|o|l|d| |w|e|b|r|e|n|d|e|r|,102210fe594ee9b33d82058545b1ed14f4c8206e,loadtime,imdb,True,imdb loadtime opt cold webrender,,77,ms,geckoview,,1757482282,2023-09-16T00:35:43,3122.6,69d0f600b52641dd114b02da128a162f86f09395,1301538
autoland,4375374,13,92302d37db2c0dde32926e954404b4c8422e3f86,android-hw-a51-11-0-aarch64-shippable-qr,True,False,,|c|o|l|d| |w|e|b|r|e|n|d|e|r|,102210fe594ee9b33d82058545b1ed14f4c8206e,loadtime,imdb,True,imdb loadtime opt cold webrender,,77,ms,geckoview,,1757560675,2023-09-16T05:54:34,3169.3,7fcd45f7f407a0c756c8b8292b1df8d8162cdce6,1301559
autoland,4375374,13,92302d37db2c0dde32926e954404b4c8422e3f86,android-hw-a51-11-0-aarch64-shippable-qr,True,False,,|c|o|l|d| |w|e|b|r|e|n|d|e|r|,102210fe594ee9b33d82058545b1ed14f4c8206e,loadtime,imdb,True,imdb loadtime opt cold webrender,,77,ms,geckoview,,1757644538,2023-09-16T12:53:39,3145.3,745d8130d1ac2d3e0ae51f2f22896853f0d34479,1301583
autoland,4375374,13,92302d37db2c0dde32926e954404b4c8422e3f86,android-hw-a51-11-0-aarch64-shippable-qr,True,False,,|c|o|l|d| |w|e|b|r|e|n|d|e|r|,102210fe594ee9b33d82058545b1ed14f4c8206e,loadtime,imdb,True,imdb loadtime opt cold webrender,,77,ms,geckoview,,1757686220,2023-09-16T18:13:35,3147.2,a7bddb715bd51687e4f52876beeb747f6a19cb0d,1301606
autoland,4375374,13,92302d37db2c0dde32926e954404b4c8422e3f86,android-hw-a51-11-0-aarch64-shippable-qr,True,False,,|c|o|l|d| |w|e|b|r|e|n|d|e|r|,102210fe594ee9b33d82058545b1ed14f4c8206e,loadtime,imdb,True,imdb loadtime opt cold webrender,,77,ms,geckoview,,1758082738,2023-09-18T03:57:39,3159.4,d395f485b3a2b96c9d6f47f5167308b763c1891b,1301730
autoland,4375374,13,92302d37db2c0dde32926e954404b4c8422e3f86,android-hw-a51-11-0-aarch64-shippable-qr,True,False,,|c|o|l|d| |w|e|b|r|e|n|d|e|r|,102210fe594ee9b33d82058545b1ed14f4c8206e,loadtime,imdb,True,imdb loadtime opt cold webrender,,77,ms,geckoview,,1758261896,2023-09-18T09:50:33,3079.1,11fb2a6e434951fbef0791563a159cbbdd42f4c8,1301818
autoland,4375374,13,92302d37db2c0dde32926e954404b4c8422e3f86,android-hw-a51-11-0-aarch64-shippable-qr,True,False,,|c|o|l|d| |w|e|b|r|e|n|d|e|r|,102210fe594ee9b33d82058545b1ed14f4c8206e,loadtime,imdb,True,imdb loadtime opt cold webrender,,77,ms,geckoview,,1758594901,2023-09-18T21:05:31,3117.5,44aa0c56427a5e659c7bec91e3b608472cb6f763,1302247
autoland,4375374,13,92302d37db2c0dde32926e954404b4c8422e3f86,android-hw-a51-11-0-aarch64-shippable-qr,True,False,,|c|o|l|d| |w|e|b|r|e|n|d|e|r|,102210fe594ee9b33d82058545b1ed14f4c8206e,loadtime,imdb,True,imdb loadtime opt cold webrender,,77,ms,geckoview,,1758628490,2023-09-18T22:22:31,3143.7,3a523925f8ff99d5984169d7fbae7e4d1fc1cd18,1302316
autoland,4375374,13,92302d37db2c0dde32926e954404b4c8422e3f86,android-hw-a51-11-0-aarch64-shippable-qr,True,False,,|c|o|l|d| |w|e|b|r|e|n|d|e|r|,102210fe594ee9b33d82058545b1ed14f4c8206e,loadtime,imdb,True,imdb loadtime opt cold webrender,,77,ms,geckoview,,1758681091,2023-09-19T00:36:20,3149.9,b0769fdf63e5e9d7ac3ef647f895b15971a8dc99,1302387
autoland,4375374,13,92302d37db2c0dde32926e954404b4c8422e3f86,android-hw-a51-11-0-aarch64-shippable-qr,True,False,,|c|o|l|d| |w|e|b|r|e|n|d|e|r|,102210fe594ee9b33d82058545b1ed14f4c8206e,loadtime,imdb,True,imdb loadtime opt cold webrender,,77,ms,geckoview,,1758778314,2023-09-19T04:53:23,3125.1,6589c0d4d3d3aaed578f6d60cc1831f6cdf79b7c,1302461
autoland,4375374,13,92302d37db2c0dde32926e954404b4c8422e3f86,android-hw-a51-11-0-aarch64-shippable-qr,True,False,,|c|o|l|d| |w|e|b|r|e|n|d|e|r|,102210fe594ee9b33d82058545b1ed14f4c8206e,loadtime,imdb,True,imdb loadtime opt cold webrender,,77,ms,geckoview,,1758841607,2023-09-19T06:42:05,3022.0,0a60f8be5517ddc928471d4a378b46228773fbc5,1302480
autoland,4375374,13,92302d37db2c0dde32926e954404b4c8422e3f86,android-hw-a51-11-0-aarch64-shippable-qr,True,False,,|c|o|l|d| |w|e|b|r|e|n|d|e|r|,102210fe594ee9b33d82058545b1ed14f4c8206e,loadtime,imdb,True,imdb loadtime opt cold webrender,,77,ms,geckoview,,1758925430,2023-09-19T10:00:51,3155.9,f257c2f8440fe82c3833f2d719a2bf3420df9120,1302573
autoland,4375374,13,92302d37db2c0dde32926e954404b4c8422e3f86,android-hw-a51-11-0-aarch64-shippable-qr,True,False,,|c|o|l|d| |w|e|b|r|e|n|d|e|r|,102210fe594ee9b33d82058545b1ed14f4c8206e,loadtime,imdb,True,imdb loadtime opt cold webrender,,77,ms,geckoview,,1759063818,2023-09-19T13:32:40,3074.2,dd890d993c3039c40d9a50218bd3284a9810cc85,1302692
autoland,4375374,13,92302d37db2c0dde32926e954404b4c8422e3f86,android-hw-a51-11-0-aarch64-shippable-qr,True,False,,|c|o|l|d| |w|e|b|r|e|n|d|e|r|,102210fe594ee9b33d82058545b1ed14f4c8206e,loadtime,imdb,True,imdb loadtime opt cold webrender,,77,ms,geckoview,,1759343960,2023-09-19T20:31:47,3116.1,f97675e331c2e3f8e3a7649cb722085b3360163c,1303015
autoland,4375374,13,92302d37db2c0dde32926e954404b4c8422e3f86,android-hw-a51-11-0-aarch64-shippable-qr,True,False,,|c|o|l|d| |w|e|b|r|e|n|d|e|r|,102210fe594ee9b33d82058545b1ed14f4c8206e,loadtime,imdb,True,imdb loadtime opt cold webrender,,77,ms,geckoview,,1759327216,2023-09-19T20:45:08,3159.5,abf74735208c16d3b467c2acb344f3030fc5aacb,1303026
autoland,4375374,13,92302d37db2c0dde32926e954404b4c8422e3f86,android-hw-a51-11-0-aarch64-shippable-qr,True,False,,|c|o|l|d| |w|e|b|r|e|n|d|e|r|,102210fe594ee9b33d82058545b1ed14f4c8206e,loadtime,imdb,True,imdb loadtime opt cold webrender,,77,ms,geckoview,,1759435695,2023-09-20T00:59:14,3154.6,71a9b5a8ec8503f993e8d7e8f1b2b98ff57ed283,1303207
autoland,4375374,13,92302d37db2c0dde32926e954404b4c8422e3f86,android-hw-a51-11-0-aarch64-shippable-qr,True,False,,|c|o|l|d| |w|e|b|r|e|n|d|e|r|,102210fe594ee9b33d82058545b1ed14f4c8206e,loadtime,imdb,True,imdb loadtime opt cold webrender,,77,ms,geckoview,,1759532066,2023-09-20T05:02:26,3042.7,71c800e8074fa9f5e246acbf09097a0f15d4eb09,1303254
autoland,4375374,13,92302d37db2c0dde32926e954404b4c8422e3f86,android-hw-a51-11-0-aarch64-shippable-qr,True,False,,|c|o|l|d| |w|e|b|r|e|n|d|e|r|,102210fe594ee9b33d82058545b1ed14f4c8206e,loadtime,imdb,True,imdb loadtime opt cold webrender,,77,ms,geckoview,,1759639820,2023-09-20T09:03:21,3095.5,2664490a1b4aeb2b2bd98c81ac43b68b1a24ea2f,1303343
autoland,4375374,13,92302d37db2c0dde32926e954404b4c8422e3f86,android-hw-a51-11-0-aarch64-shippable-qr,True,False,,|c|o|l|d| |w|e|b|r|e|n|d|e|r|,102210fe594ee9b33d82058545b1ed14f4c8206e,loadtime,imdb,True,imdb loadtime opt cold webrender,,77,ms,geckoview,,1759790904,2023-09-20T10:40:44,3094.6,e11a98968ec15b84dc772d997bc0789a0a078549,1303401
autoland,4375374,13,92302d37db2c0dde32926e954404b4c8422e3f86,android-hw-a51-11-0-aarch64-shippable-qr,True,False,,|c|o|l|d| |w|e|b|r|e|n|d|e|r|,102210fe594ee9b33d82058545b1ed14f4c8206e,loadtime,imdb,True,imdb loadtime opt cold webrender,,77,ms,geckoview,,1759904052,2023-09-20T14:03:46,3063.5,5baf76c5d8f19d35c8e7710816a726d92cfff8bb,1303541
autoland,4375374,13,92302d37db2c0dde32926e954404b4c8422e3f86,android-hw-a51-11-0-aarch64-shippable-qr,True,False,,|c|o|l|d| |w|e|b|r|e|n|d|e|r|,102210fe594ee9b33d82058545b1ed14f4c8206e,loadtime,imdb,True,imdb loadtime opt cold webrender,,77,ms,geckoview,,1760008625,2023-09-20T17:47:40,3094.9,07c4a658632d6c11d371f974b56a6365212bef62,1303718
autoland,4375374,13,92302d37db2c0dde32926e954404b4c8422e3f86,android-hw-a51-11-0-aarch64-shippable-qr,True,False,,|c|o|l|d| |w|e|b|r|e|n|d|e|r|,102210fe594ee9b33d82058545b1ed14f4c8206e,loadtime,imdb,True,imdb loadtime opt cold webrender,,77,ms,geckoview,,1760093803,2023-09-20T21:06:43,3165.9,137b5966e6ec0a63006a36cac0a3f1c4e3f5cefe,1303845
autoland,4375374,13,92302d37db2c0dde32926e954404b4c8422e3f86,android-hw-a51-11-0-aarch64-shippable-qr,True,False,,|c|o|l|d| |w|e|b|r|e|n|d|e|r|,102210fe594ee9b33d82058545b1ed14f4c8206e,loadtime,imdb,True,imdb loadtime opt cold webrender,,77,ms,geckoview,,1760139937,2023-09-20T23:02:53,3152.7,a94c799a5be0d573f8c654b43966b4b772ded228,1303924
autoland,4375374,13,92302d37db2c0dde32926e954404b4c8422e3f86,android-hw-a51-11-0-aarch64-shippable-qr,True,False,,|c|o|l|d| |w|e|b|r|e|n|d|e|r|,102210fe594ee9b33d82058545b1ed14f4c8206e,loadtime,imdb,True,imdb loadtime opt cold webrender,,77,ms,geckoview,,1760250913,2023-09-21T04:47:54,3149.3,7c6496f92bb0572d56513d645f3d6201f77a5653,1304025
autoland,4375374,13,92302d37db2c0dde32926e954404b4c8422e3f86,android-hw-a51-11-0-aarch64-shippable-qr,True,False,,|c|o|l|d| |w|e|b|r|e|n|d|e|r|,102210fe594ee9b33d82058545b1ed14f4c8206e,loadtime,imdb,True,imdb loadtime opt cold webrender,,77,ms,geckoview,,1760394916,2023-09-21T08:45:10,3125.5,e98350675c5a294fe5c7a4138a5b16c4f6992907,1304121
autoland,4375374,13,92302d37db2c0dde32926e954404b4c8422e3f86,android-hw-a51-11-0-aarch64-shippable-qr,True,False,,|c|o|l|d| |w|e|b|r|e|n|d|e|r|,102210fe594ee9b33d82058545b1ed14f4c8206e,loadtime,imdb,True,imdb loadtime opt cold webrender,,77,ms,geckoview,,1760528405,2023-09-21T12:54:54,3125.6,bd8d8c1ecad7cda50d42ce2dfde7fabc50a48948,1304268
autoland,4375374,13,92302d37db2c0dde32926e954404b4c8422e3f86,android-hw-a51-11-0-aarch64-shippable-qr,True,False,,|c|o|l|d| |w|e|b|r|e|n|d|e|r|,102210fe594ee9b33d82058545b1ed14f4c8206e,loadtime,imdb,True,imdb loadtime opt cold webrender,,77,ms,geckoview,,1760551174,2023-09-21T14:02:07,3149.4,6e82382700fc8345a06dc3efd346a25826fa1bf2,1304316
autoland,4375374,13,92302d37db2c0dde32926e954404b4c8422e3f86,android-hw-a51-11-0-aarch64-shippable-qr,True,False,,|c|o|l|d| |w|e|b|r|e|n|d|e|r|,102210fe594ee9b33d82058545b1ed14f4c8206e,loadtime,imdb,True,imdb loadtime opt cold webrender,,77,ms,geckoview,,1760689580,2023-09-21T18:54:27,3159.3,114bde678f299872db02fe1116ecfd3a7ada9381,1304515
autoland,4375374,13,92302d37db2c0dde32926e954404b4c8422e3f86,android-hw-a51-11-0-aarch64-shippable-qr,True,False,,|c|o|l|d| |w|e|b|r|e|n|d|e|r|,102210fe594ee9b33d82058545b1ed14f4c8206e,loadtime,imdb,True,imdb loadtime opt cold webrender,,77,ms,geckoview,,1760710461,2023-09-21T19:19:33,3141.0,86fd71ad69b346f713966a8f18ec97a5b99a0aee,1304533
autoland,4375374,13,92302d37db2c0dde32926e954404b4c8422e3f86,android-hw-a51-11-0-aarch64-shippable-qr,True,False,,|c|o|l|d| |w|e|b|r|e|n|d|e|r|,102210fe594ee9b33d82058545b1ed14f4c8206e,loadtime,imdb,True,imdb loadtime opt cold webrender,,77,ms,geckoview,,1760780004,2023-09-21T23:47:59,3344.3,efa8aa7a4f5484f349595a2c97ba6a2c6f214c66,1304690
autoland,4375374,13,92302d37db2c0dde32926e954404b4c8422e3f86,android-hw-a51-11-0-aarch64-shippable-qr,True,False,,|c|o|l|d| |w|e|b|r|e|n|d|e|r|,102210fe594ee9b33d82058545b1ed14f4c8206e,loadtime,imdb,True,imdb loadtime opt cold webrender,,77,ms,geckoview,,1760878356,2023-09-22T04:42:00,3103.3,2de4a198348cc150a0c3ce328c42beade9646190,1304767
autoland,4375374,13,92302d37db2c0dde32926e954404b4c8422e3f86,android-hw-a51-11-0-aarch64-shippable-qr,True,False,,|c|o|l|d| |w|e|b|r|e|n|d|e|r|,102210fe594ee9b33d82058545b1ed14f4c8206e,loadtime,imdb,True,imdb loadtime opt cold webrender,,77,ms,geckoview,,1761062553,2023-09-22T11:33:15,3132.7,6da1ce80e10cc6744801930434a44df21da87140,1304916
autoland,4375374,13,92302d37db2c0dde32926e954404b4c8422e3f86,android-hw-a51-11-0-aarch64-shippable-qr,True,False,,|c|o|l|d| |w|e|b|r|e|n|d|e|r|,102210fe594ee9b33d82058545b1ed14f4c8206e,loadtime,imdb,True,imdb loadtime opt cold webrender,,77,ms,geckoview,,1761141736,2023-09-22T15:35:17,3644.1,d244d17a8e9ac94aa05c3bf0c2659104c7b15f76,1305037
autoland,4375374,13,92302d37db2c0dde32926e954404b4c8422e3f86,android-hw-a51-11-0-aarch64-shippable-qr,True,False,,|c|o|l|d| |w|e|b|r|e|n|d|e|r|,102210fe594ee9b33d82058545b1ed14f4c8206e,loadtime,imdb,True,imdb loadtime opt cold webrender,,77,ms,geckoview,,1761150003,2023-09-22T16:10:00,3187.3,aee77156969b7d1f696e8952bc590e1449a16f85,1305065
autoland,4375374,13,92302d37db2c0dde32926e954404b4c8422e3f86,android-hw-a51-11-0-aarch64-shippable-qr,True,False,,|c|o|l|d| |w|e|b|r|e|n|d|e|r|,102210fe594ee9b33d82058545b1ed14f4c8206e,loadtime,imdb,True,imdb loadtime opt cold webrender,,77,ms,geckoview,,1761209879,2023-09-22T20:28:01,3145.3,80cfc74bb77e6c4abfd0d70c51b274e4b036a05b,1305231
autoland,4375374,13,92302d37db2c0dde32926e954404b4c8422e3f86,android-hw-a51-11-0-aarch64-shippable-qr,True,False,,|c|o|l|d| |w|e|b|r|e|n|d|e|r|,102210fe594ee9b33d82058545b1ed14f4c8206e,loadtime,imdb,True,imdb loadtime opt cold webrender,,77,ms,geckoview,,1761308555,2023-09-23T00:28:09,3107.8,5ce53217bf3e4d42db88aab74741654bfc634cc8,1305322
autoland,4375374,13,92302d37db2c0dde32926e954404b4c8422e3f86,android-hw-a51-11-0-aarch64-shippable-qr,True,False,,|c|o|l|d| |w|e|b|r|e|n|d|e|r|,102210fe594ee9b33d82058545b1ed14f4c8206e,loadtime,imdb,True,imdb loadtime opt cold webrender,,77,ms,geckoview,,1761312560,2023-09-23T00:41:33,3058.3,1d9627a1274de78256ecdee1e8058e6b32392404,1305328
autoland,4375374,13,92302d37db2c0dde32926e954404b4c8422e3f86,android-hw-a51-11-0-aarch64-shippable-qr,True,False,,|c|o|l|d| |w|e|b|r|e|n|d|e|r|,102210fe594ee9b33d82058545b1ed14f4c8206e,loadtime,imdb,True,imdb loadtime opt cold webrender,,77,ms,geckoview,,1761436047,2023-09-23T16:39:34,3168.5,e85748b0b9880ee586b2c155a4d84c1cdf3f31b4,1305402
autoland,4375374,13,92302d37db2c0dde32926e954404b4c8422e3f86,android-hw-a51-11-0-aarch64-shippable-qr,True,False,,|c|o|l|d| |w|e|b|r|e|n|d|e|r|,102210fe594ee9b33d82058545b1ed14f4c8206e,loadtime,imdb,True,imdb loadtime opt cold webrender,,77,ms,geckoview,,1761484605,2023-09-23T21:16:13,3198.6,f4a2f296a2ea585882f2a2a627c036538eb875b0,1305420
autoland,4375374,13,92302d37db2c0dde32926e954404b4c8422e3f86,android-hw-a51-11-0-aarch64-shippable-qr,True,False,,|c|o|l|d| |w|e|b|r|e|n|d|e|r|,102210fe594ee9b33d82058545b1ed14f4c8206e,loadtime,imdb,True,imdb loadtime opt cold webrender,,77,ms,geckoview,,1761673768,2023-09-25T06:00:52,3118.7,68035862c82691cc5ad039c1067c1fd24d048350,1305598
autoland,4375374,13,92302d37db2c0dde32926e954404b4c8422e3f86,android-hw-a51-11-0-aarch64-shippable-qr,True,False,,|c|o|l|d| |w|e|b|r|e|n|d|e|r|,102210fe594ee9b33d82058545b1ed14f4c8206e,loadtime,imdb,True,imdb loadtime opt cold webrender,,77,ms,geckoview,,1761723554,2023-09-25T08:45:06,3110.2,27778dad58d148bf24097e327e55eb3b8631b902,1305656
autoland,4375374,13,92302d37db2c0dde32926e954404b4c8422e3f86,android-hw-a51-11-0-aarch64-shippable-qr,True,False,,|c|o|l|d| |w|e|b|r|e|n|d|e|r|,102210fe594ee9b33d82058545b1ed14f4c8206e,loadtime,imdb,True,imdb loadtime opt cold webrender,,77,ms,geckoview,,1761850055,2023-09-25T12:33:35,3126.2,9a8976307af6049000ae1a1623fd71bd62850a10,1305791
autoland,4375374,13,92302d37db2c0dde32926e954404b4c8422e3f86,android-hw-a51-11-0-aarch64-shippable-qr,True,False,,|c|o|l|d| |w|e|b|r|e|n|d|e|r|,102210fe594ee9b33d82058545b1ed14f4c8206e,loadtime,imdb,True,imdb loadtime opt cold webrender,,77,ms,geckoview,,1762064270,2023-09-25T20:45:54,3417.8,6a7f708c3d0458c9b30efa2bdfde6e7812554d1e,1306210
autoland,4375374,13,92302d37db2c0dde32926e954404b4c8422e3f86,android-hw-a51-11-0-aarch64-shippable-qr,True,False,,|c|o|l|d| |w|e|b|r|e|n|d|e|r|,102210fe594ee9b33d82058545b1ed14f4c8206e,loadtime,imdb,True,imdb loadtime opt cold webrender,,77,ms,geckoview,,1762125466,2023-09-26T00:20:03,3111.8,844608487349450c789be0794a915bb90d90b133,1306338
autoland,4375374,13,92302d37db2c0dde32926e954404b4c8422e3f86,android-hw-a51-11-0-aarch64-shippable-qr,True,False,,|c|o|l|d| |w|e|b|r|e|n|d|e|r|,102210fe594ee9b33d82058545b1ed14f4c8206e,loadtime,imdb,True,imdb loadtime opt cold webrender,,77,ms,geckoview,,1762216494,2023-09-26T05:18:37,3075.2,5c61430973af5452b01293947d0f76b758b97c28,1306392
autoland,4375374,13,92302d37db2c0dde32926e954404b4c8422e3f86,android-hw-a51-11-0-aarch64-shippable-qr,True,False,,|c|o|l|d| |w|e|b|r|e|n|d|e|r|,102210fe594ee9b33d82058545b1ed14f4c8206e,loadtime,imdb,True,imdb loadtime opt cold webrender,,77,ms,geckoview,,1762279007,2023-09-26T07:48:07,3144.9,920e4f82b3485f132edc7f551ecd9334fa702021,1306435
autoland,4375374,13,92302d37db2c0dde32926e954404b4c8422e3f86,android-hw-a51-11-0-aarch64-shippable-qr,True,False,,|c|o|l|d| |w|e|b|r|e|n|d|e|r|,102210fe594ee9b33d82058545b1ed14f4c8206e,loadtime,imdb,True,imdb loadtime opt cold webrender,,77,ms,geckoview,,1762416144,2023-09-26T12:02:33,3076.8,e60c3407f3620f94624c0ac7484a7d1b257be989,1306598
autoland,4375374,13,92302d37db2c0dde32926e954404b4c8422e3f86,android-hw-a51-11-0-aarch64-shippable-qr,True,False,,|c|o|l|d| |w|e|b|r|e|n|d|e|r|,102210fe594ee9b33d82058545b1ed14f4c8206e,loadtime,imdb,True,imdb loadtime opt cold webrender,,77,ms,geckoview,,1762518410,2023-09-26T15:03:48,3094.0,f6c351ade4f28a1ce3843d0af7e5ec35b37a3576,1306757
autoland,4375374,13,92302d37db2c0dde32926e954404b4c8422e3f86,android-hw-a51-11-0-aarch64-shippable-qr,True,False,,|c|o|l|d| |w|e|b|r|e|n|d|e|r|,102210fe594ee9b33d82058545b1ed14f4c8206e,loadtime,imdb,True,imdb loadtime opt cold webrender,,77,ms,geckoview,,1762691520,2023-09-26T21:35:50,3218.8,7a98d860920f5f74014454ce20ec6739e8a16878,1307018
autoland,4375374,13,92302d37db2c0dde32926e954404b4c8422e3f86,android-hw-a51-11-0-aarch64-shippable-qr,True,False,,|c|o|l|d| |w|e|b|r|e|n|d|e|r|,102210fe594ee9b33d82058545b1ed14f4c8206e,loadtime,imdb,True,imdb loadtime opt cold webrender,,77,ms,geckoview,,1762755177,2023-09-27T02:35:37,3157.3,583cfd323dab818e35dc1f15fa3e92a503e56e11,1307110
autoland,4375374,13,92302d37db2c0dde32926e954404b4c8422e3f86,android-hw-a51-11-0-aarch64-shippable-qr,True,False,,|c|o|l|d| |w|e|b|r|e|n|d|e|r|,102210fe594ee9b33d82058545b1ed14f4c8206e,loadtime,imdb,True,imdb loadtime opt cold webrender,,77,ms,geckoview,,1762862921,2023-09-27T06:23:31,3049.1,82ae09837aed66d319e3280febbf971a401bd8a6,1307163
autoland,4375374,13,92302d37db2c0dde32926e954404b4c8422e3f86,android-hw-a51-11-0-aarch64-shippable-qr,True,False,,|c|o|l|d| |w|e|b|r|e|n|d|e|r|,102210fe594ee9b33d82058545b1ed14f4c8206e,loadtime,imdb,True,imdb loadtime opt cold webrender,,77,ms,geckoview,,1763013143,2023-09-27T10:25:54,3029.0,a1a8c2eeff55a4651fa01530fa3ec3ab3bec9b31,1307283
autoland,4375374,13,92302d37db2c0dde32926e954404b4c8422e3f86,android-hw-a51-11-0-aarch64-shippable-qr,True,False,,|c|o|l|d| |w|e|b|r|e|n|d|e|r|,102210fe594ee9b33d82058545b1ed14f4c8206e,loadtime,imdb,True,imdb loadtime opt cold webrender,,77,ms,geckoview,,1763022605,2023-09-27T10:32:06,3078.1,af764baf74a1dd0e0b863a8cf26c25266bdcbc14,1307289
autoland,4375374,13,92302d37db2c0dde32926e954404b4c8422e3f86,android-hw-a51-11-0-aarch64-shippable-qr,True,False,,|c|o|l|d| |w|e|b|r|e|n|d|e|r|,102210fe594ee9b33d82058545b1ed14f4c8206e,loadtime,imdb,True,imdb loadtime opt cold webrender,,77,ms,geckoview,,1763203424,2023-09-27T14:48:02,3093.7,42b4fa32b69deff886ea9bc4f4f7fb94391b751a,1307439
autoland,4375374,13,92302d37db2c0dde32926e954404b4c8422e3f86,android-hw-a51-11-0-aarch64-shippable-qr,True,False,,|c|o|l|d| |w|e|b|r|e|n|d|e|r|,102210fe594ee9b33d82058545b1ed14f4c8206e,loadtime,imdb,True,imdb loadtime opt cold webrender,,77,ms,geckoview,,1763293983,2023-09-27T17:53:51,3518.1,7768cf51f090145a9009fb37298f3c1da7d60a2f,1307581
autoland,4375374,13,92302d37db2c0dde32926e954404b4c8422e3f86,android-hw-a51-11-0-aarch64-shippable-qr,True,False,,|c|o|l|d| |w|e|b|r|e|n|d|e|r|,102210fe594ee9b33d82058545b1ed14f4c8206e,loadtime,imdb,True,imdb loadtime opt cold webrender,,77,ms,geckoview,,1763504994,2023-09-27T23:11:22,3120.5,d60788c1a5064d4f45dd33001554cde650df86be,1307771
autoland,4375374,13,92302d37db2c0dde32926e954404b4c8422e3f86,android-hw-a51-11-0-aarch64-shippable-qr,True,False,,|c|o|l|d| |w|e|b|r|e|n|d|e|r|,102210fe594ee9b33d82058545b1ed14f4c8206e,loadtime,imdb,True,imdb loadtime opt cold webrender,,77,ms,geckoview,,1763694439,2023-09-28T04:14:46,3179.4,d1fc71cc3817fe3529b10939ed53c1d395a346fa,1307836
autoland,4375374,13,92302d37db2c0dde32926e954404b4c8422e3f86,android-hw-a51-11-0-aarch64-shippable-qr,True,False,,|c|o|l|d| |w|e|b|r|e|n|d|e|r|,102210fe594ee9b33d82058545b1ed14f4c8206e,loadtime,imdb,True,imdb loadtime opt cold webrender,,77,ms,geckoview,,1763791967,2023-09-28T08:00:04,3013.8,d330b8e9f58e1065d1ca63ac5f284f7d1865e83c,1307885
autoland,4375374,13,92302d37db2c0dde32926e954404b4c8422e3f86,android-hw-a51-11-0-aarch64-shippable-qr,True,False,,|c|o|l|d| |w|e|b|r|e|n|d|e|r|,102210fe594ee9b33d82058545b1ed14f4c8206e,loadtime,imdb,True,imdb loadtime opt cold webrender,,77,ms,geckoview,,1763907367,2023-09-28T11:44:43,3074.1,a5fd40a8bf47afafdda240c7b8f1b1b911d2d937,1308037
autoland,4375374,13,92302d37db2c0dde32926e954404b4c8422e3f86,android-hw-a51-11-0-aarch64-shippable-qr,True,False,,|c|o|l|d| |w|e|b|r|e|n|d|e|r|,102210fe594ee9b33d82058545b1ed14f4c8206e,loadtime,imdb,True,imdb loadtime opt cold webrender,,77,ms,geckoview,,1764093065,2023-09-28T15:45:35,3109.0,0df79cc60ea0ef86258f3b33d533c75e91805d8b,1308186
autoland,4375374,13,92302d37db2c0dde32926e954404b4c8422e3f86,android-hw-a51-11-0-aarch64-shippable-qr,True,False,,|c|o|l|d| |w|e|b|r|e|n|d|e|r|,102210fe594ee9b33d82058545b1ed14f4c8206e,loadtime,imdb,True,imdb loadtime opt cold webrender,,77,ms,geckoview,,1764081560,2023-09-28T16:38:20,3017.1,a216736126b15f69ebee5d940a5c3394f95759cb,1308227
autoland,4375374,13,92302d37db2c0dde32926e954404b4c8422e3f86,android-hw-a51-11-0-aarch64-shippable-qr,True,False,,|c|o|l|d| |w|e|b|r|e|n|d|e|r|,102210fe594ee9b33d82058545b1ed14f4c8206e,loadtime,imdb,True,imdb loadtime opt cold webrender,,77,ms,geckoview,,1764178903,2023-09-28T19:24:36,3068.5,cd324cfaf45936b4670a6c0d15cbfe22d0e2f609,1308380
autoland,4375374,13,92302d37db2c0dde32926e954404b4c8422e3f86,android-hw-a51-11-0-aarch64-shippable-qr,True,False,,|c|o|l|d| |w|e|b|r|e|n|d|e|r|,102210fe594ee9b33d82058545b1ed14f4c8206e,loadtime,imdb,True,imdb loadtime opt cold webrender,,77,ms,geckoview,,1764288480,2023-09-28T22:48:25,3095.7,72bb9164219d9f54440ccfa7f55dc02f195190f9,1308491
autoland,4375374,13,92302d37db2c0dde32926e954404b4c8422e3f86,android-hw-a51-11-0-aarch64-shippable-qr,True,False,,|c|o|l|d| |w|e|b|r|e|n|d|e|r|,102210fe594ee9b33d82058545b1ed14f4c8206e,loadtime,imdb,True,imdb loadtime opt cold webrender,,77,ms,geckoview,,1764519328,2023-09-29T05:26:28,3060.5,4fd1c7c2dcf2973c3285d981e74b08dee641a0fc,1308580
autoland,4375374,13,92302d37db2c0dde32926e954404b4c8422e3f86,android-hw-a51-11-0-aarch64-shippable-qr,True,False,,|c|o|l|d| |w|e|b|r|e|n|d|e|r|,102210fe594ee9b33d82058545b1ed14f4c8206e,loadtime,imdb,True,imdb loadtime opt cold webrender,,77,ms,geckoview,,1764598976,2023-09-29T09:03:41,3018.2,6453cd78e4f187bc198e83900dd9937c3cc6d0fc,1308650
autoland,4375374,13,92302d37db2c0dde32926e954404b4c8422e3f86,android-hw-a51-11-0-aarch64-shippable-qr,True,False,,|c|o|l|d| |w|e|b|r|e|n|d|e|r|,102210fe594ee9b33d82058545b1ed14f4c8206e,loadtime,imdb,True,imdb loadtime opt cold webrender,,77,ms,geckoview,,1764759622,2023-09-29T13:06:51,3086.7,dfea5c2f2737b0334921941ecd0f5f235432942e,1308761
autoland,4375374,13,92302d37db2c0dde32926e954404b4c8422e3f86,android-hw-a51-11-0-aarch64-shippable-qr,True,False,,|c|o|l|d| |w|e|b|r|e|n|d|e|r|,102210fe594ee9b33d82058545b1ed14f4c8206e,loadtime,imdb,True,imdb loadtime opt cold webrender,,77,ms,geckoview,,1764893457,2023-09-29T14:43:48,3247.2,e2d3169fc579506294a164827b60ea38b9295bb1,1308803
autoland,4375374,13,92302d37db2c0dde32926e954404b4c8422e3f86,android-hw-a51-11-0-aarch64-shippable-qr,True,False,,|c|o|l|d| |w|e|b|r|e|n|d|e|r|,102210fe594ee9b33d82058545b1ed14f4c8206e,loadtime,imdb,True,imdb loadtime opt cold webrender,,77,ms,geckoview,,1765224947,2023-09-30T06:24:14,3089.8,c0cfc8c5836260ab8706d5b737a4f4f654da4610,1309077
autoland,4375374,13,92302d37db2c0dde32926e954404b4c8422e3f86,android-hw-a51-11-0-aarch64-shippable-qr,True,False,,|c|o|l|d| |w|e|b|r|e|n|d|e|r|,102210fe594ee9b33d82058545b1ed14f4c8206e,loadtime,imdb,True,imdb loadtime opt cold webrender,,77,ms,geckoview,,1765344834,2023-09-30T15:09:24,3062.6,0d5209658cf41a9d6d9f6c74890ecf69602525c4,1309133
autoland,4375374,13,92302d37db2c0dde32926e954404b4c8422e3f86,android-hw-a51-11-0-aarch64-shippable-qr,True,False,,|c|o|l|d| |w|e|b|r|e|n|d|e|r|,102210fe594ee9b33d82058545b1ed14f4c8206e,loadtime,imdb,True,imdb loadtime opt cold webrender,,77,ms,geckoview,,1765351040,2023-09-30T15:56:32,3009.8,8c9ba927121cd7f1cb5b31ffb86addc4c34b59a8,1309136
autoland,4375374,13,92302d37db2c0dde32926e954404b4c8422e3f86,android-hw-a51-11-0-aarch64-shippable-qr,True,False,,|c|o|l|d| |w|e|b|r|e|n|d|e|r|,102210fe594ee9b33d82058545b1ed14f4c8206e,loadtime,imdb,True,imdb loadtime opt cold webrender,,77,ms,geckoview,,1765381869,2023-09-30T20:01:07,3148.2,bacf4fcba00b9d708012b5c8144292e5362ed452,1309152
autoland,4375374,13,92302d37db2c0dde32926e954404b4c8422e3f86,android-hw-a51-11-0-aarch64-shippable-qr,True,False,,|c|o|l|d| |w|e|b|r|e|n|d|e|r|,102210fe594ee9b33d82058545b1ed14f4c8206e,loadtime,imdb,True,imdb loadtime opt cold webrender,,77,ms,geckoview,,1765440191,2023-10-01T02:27:22,3013.1,b781e655236dff9086d1be5c4b59b0263a9cee56,1309171
autoland,4375374,13,92302d37db2c0dde32926e954404b4c8422e3f86,android-hw-a51-11-0-aarch64-shippable-qr,True,False,,|c|o|l|d| |w|e|b|r|e|n|d|e|r|,102210fe594ee9b33d82058545b1ed14f4c8206e,loadtime,imdb,True,imdb loadtime opt cold webrender,,77,ms,geckoview,,1765556566,2023-10-01T15:08:35,3236.6,1abb269d873e8bda2c0fa1b4f26f481c89584ca6,1309237
autoland,4375374,13,92302d37db2c0dde32926e954404b4c8422e3f86,android-hw-a51-11-0-aarch64-shippable-qr,True,False,,|c|o|l|d| |w|e|b|r|e|n|d|e|r|,102210fe594ee9b33d82058545b1ed14f4c8206e,loadtime,imdb,True,imdb loadtime opt cold webrender,,77,ms,geckoview,,1765604593,2023-10-01T19:57:41,3109.9,72adc901a818435f7ba23e492963c7e1bf526be1,1309256
autoland,4375374,13,92302d37db2c0dde32926e954404b4c8422e3f86,android-hw-a51-11-0-aarch64-shippable-qr,True,False,,|c|o|l|d| |w|e|b|r|e|n|d|e|r|,102210fe594ee9b33d82058545b1ed14f4c8206e,loadtime,imdb,True,imdb loadtime opt cold webrender,,77,ms,geckoview,,1765611611,2023-10-01T20:03:17,3693.6,1c52958ae6ea59e32694986c0d6332b8171aca86,1309258
autoland,4375374,13,92302d37db2c0dde32926e954404b4c8422e3f86,android-hw-a51-11-0-aarch64-shippable-qr,True,False,,|c|o|l|d| |w|e|b|r|e|n|d|e|r|,102210fe594ee9b33d82058545b1ed14f4c8206e,loadtime,imdb,True,imdb loadtime opt cold webrender,,77,ms,geckoview,,1765696281,2023-10-02T00:31:45,3076.8,55fc90da3cff35171d66e3dcf280575bef8c17a6,1309288
autoland,4375374,13,92302d37db2c0dde32926e954404b4c8422e3f86,android-hw-a51-11-0-aarch64-shippable-qr,True,False,,|c|o|l|d| |w|e|b|r|e|n|d|e|r|,102210fe594ee9b33d82058545b1ed14f4c8206e,loadtime,imdb,True,imdb loadtime opt cold webrender,,77,ms,geckoview,,1765915446,2023-10-02T11:08:53,3084.0,318059aaa167779fcc844cbf085cb7ffacc47523,1309454
autoland,4375374,13,92302d37db2c0dde32926e954404b4c8422e3f86,android-hw-a51-11-0-aarch64-shippable-qr,True,False,,|c|o|l|d| |w|e|b|r|e|n|d|e|r|,102210fe594ee9b33d82058545b1ed14f4c8206e,loadtime,imdb,True,imdb loadtime opt cold webrender,,77,ms,geckoview,,1766095958,2023-10-02T16:59:31,3090.3,db33a2d0d6c36f0c15318f1c5ffaa7498a1ee4f3,1309721
autoland,4375374,13,92302d37db2c0dde32926e954404b4c8422e3f86,android-hw-a51-11-0-aarch64-shippable-qr,True,False,,|c|o|l|d| |w|e|b|r|e|n|d|e|r|,102210fe594ee9b33d82058545b1ed14f4c8206e,loadtime,imdb,True,imdb loadtime opt cold webrender,,77,ms,geckoview,,1766160657,2023-10-02T20:46:43,3162.7,0435b7e1340f2ced37216f0dd2fbf09a0a8f2cad,1309872
autoland,4375374,13,92302d37db2c0dde32926e954404b4c8422e3f86,android-hw-a51-11-0-aarch64-shippable-qr,True,False,,|c|o|l|d| |w|e|b|r|e|n|d|e|r|,102210fe594ee9b33d82058545b1ed14f4c8206e,loadtime,imdb,True,imdb loadtime opt cold webrender,,77,ms,geckoview,,1766405547,2023-10-03T05:01:50,3144.6,53af11a26cb69e0616d9f481f988276e0a6da93e,1310080
autoland,4375374,13,92302d37db2c0dde32926e954404b4c8422e3f86,android-hw-a51-11-0-aarch64-shippable-qr,True,False,,|c|o|l|d| |w|e|b|r|e|n|d|e|r|,102210fe594ee9b33d82058545b1ed14f4c8206e,loadtime,imdb,True,imdb loadtime opt cold webrender,,77,ms,geckoview,,1766689993,2023-10-03T11:04:59,3368.0,f003c74ca9f9399bc6db342491d997d682efc357,1310236
autoland,4375374,13,92302d37db2c0dde32926e954404b4c8422e3f86,android-hw-a51-11-0-aarch64-shippable-qr,True,False,,|c|o|l|d| |w|e|b|r|e|n|d|e|r|,102210fe594ee9b33d82058545b1ed14f4c8206e,loadtime,imdb,True,imdb loadtime opt cold webrender,,77,ms,geckoview,,1766738654,2023-10-03T12:29:11,3092.5,e17d7235b6833e36a524263990347804df15c7fb,1310274
autoland,4375374,13,92302d37db2c0dde32926e954404b4c8422e3f86,android-hw-a51-11-0-aarch64-shippable-qr,True,False,,|c|o|l|d| |w|e|b|r|e|n|d|e|r|,102210fe594ee9b33d82058545b1ed14f4c8206e,loadtime,imdb,True,imdb loadtime opt cold webrender,,77,ms,geckoview,,1766936117,2023-10-03T16:51:48,3009.1,b93578d846b3af884d0a623f8ce43e0183c8307f,1310439
autoland,4375374,13,92302d37db2c0dde32926e954404b4c8422e3f86,android-hw-a51-11-0-aarch64-shippable-qr,True,False,,|c|o|l|d| |w|e|b|r|e|n|d|e|r|,102210fe594ee9b33d82058545b1ed14f4c8206e,loadtime,imdb,True,imdb loadtime opt cold webrender,,77,ms,geckoview,,1767097609,2023-10-03T20:26:11,3019.8,422c0919f37048afb02dc4d87dfc018baa718a5b,1310584
autoland,4375374,13,92302d37db2c0dde32926e954404b4c8422e3f86,android-hw-a51-11-0-aarch64-shippable-qr,True,False,,|c|o|l|d| |w|e|b|r|e|n|d|e|r|,102210fe594ee9b33d82058545b1ed14f4c8206e,loadtime,imdb,True,imdb loadtime opt cold webrender,,77,ms,geckoview,,1767153008,2023-10-04T00:09:44,3685.9,3fb508020251d2cb191f2d62714da25ec3f35118,1310704
autoland,4375374,13,92302d37db2c0dde32926e954404b4c8422e3f86,android-hw-a51-11-0-aarch64-shippable-qr,True,False,,|c|o|l|d| |w|e|b|r|e|n|d|e|r|,102210fe594ee9b33d82058545b1ed14f4c8206e,loadtime,imdb,True,imdb loadtime opt cold webrender,,77,ms,geckoview,,1767307480,2023-10-04T04:52:48,3178.6,413c83e8ccdad48a5ea3e58243d8ec9bb8c317fd,1310758
autoland,4375374,13,92302d37db2c0dde32926e954404b4c8422e3f86,android-hw-a51-11-0-aarch64-shippable-qr,True,False,,|c|o|l|d| |w|e|b|r|e|n|d|e|r|,102210fe594ee9b33d82058545b1ed14f4c8206e,loadtime,imdb,True,imdb loadtime opt cold webrender,,77,ms,geckoview,,1767396544,2023-10-04T07:37:17,3112.9,ee60a98b1285e84f8466d929dd7197b4cb9e3beb,1310806
autoland,4375374,13,92302d37db2c0dde32926e954404b4c8422e3f86,android-hw-a51-11-0-aarch64-shippable-qr,True,False,,|c|o|l|d| |w|e|b|r|e|n|d|e|r|,102210fe594ee9b33d82058545b1ed14f4c8206e,loadtime,imdb,True,imdb loadtime opt cold webrender,,77,ms,geckoview,,1767617765,2023-10-04T11:43:59,3204.0,c559095402a2380ba171d9c60662e36c8d5e948d,1310929
autoland,4375374,13,92302d37db2c0dde32926e954404b4c8422e3f86,android-hw-a51-11-0-aarch64-shippable-qr,True,False,,|c|o|l|d| |w|e|b|r|e|n|d|e|r|,102210fe594ee9b33d82058545b1ed14f4c8206e,loadtime,imdb,True,imdb loadtime opt cold webrender,,77,ms,geckoview,,1767635037,2023-10-04T13:35:26,3074.5,764533656770292f05824c8125c45832ba08baa6,1311025
autoland,4375374,13,92302d37db2c0dde32926e954404b4c8422e3f86,android-hw-a51-11-0-aarch64-shippable-qr,True,False,,|c|o|l|d| |w|e|b|r|e|n|d|e|r|,102210fe594ee9b33d82058545b1ed14f4c8206e,loadtime,imdb,True,imdb loadtime opt cold webrender,,77,ms,geckoview,,1767752126,2023-10-04T16:58:39,3003.6,ce4c0f200f3bbd6681a6313aebf0d64f7ea8afe5,1311191
autoland,4375374,13,92302d37db2c0dde32926e954404b4c8422e3f86,android-hw-a51-11-0-aarch64-shippable-qr,True,False,,|c|o|l|d| |w|e|b|r|e|n|d|e|r|,102210fe594ee9b33d82058545b1ed14f4c8206e,loadtime,imdb,True,imdb loadtime opt cold webrender,,77,ms,geckoview,,1767885450,2023-10-04T20:54:48,3003.2,e557eb7d97ce665fd81c680ed136877f12572c13,1311395
autoland,4375374,13,92302d37db2c0dde32926e954404b4c8422e3f86,android-hw-a51-11-0-aarch64-shippable-qr,True,False,,|c|o|l|d| |w|e|b|r|e|n|d|e|r|,102210fe594ee9b33d82058545b1ed14f4c8206e,loadtime,imdb,True,imdb loadtime opt cold webrender,,77,ms,geckoview,,1768005640,2023-10-05T00:01:56,3028.7,59f4df7189285072039d3a68afd88090443edb71,1311536
autoland,4375374,13,92302d37db2c0dde32926e954404b4c8422e3f86,android-hw-a51-11-0-aarch64-shippable-qr,True,False,,|c|o|l|d| |w|e|b|r|e|n|d|e|r|,102210fe594ee9b33d82058545b1ed14f4c8206e,loadtime,imdb,True,imdb loadtime opt cold webrender,,77,ms,geckoview,,1768113866,2023-10-05T04:15:14,3114.9,c406ccc1889d7f77e187d219bc9800009e26c02e,1311596
autoland,4375374,13,92302d37db2c0dde32926e954404b4c8422e3f86,android-hw-a51-11-0-aarch64-shippable-qr,True,False,,|c|o|l|d| |w|e|b|r|e|n|d|e|r|,102210fe594ee9b33d82058545b1ed14f4c8206e,loadtime,imdb,True,imdb loadtime opt cold webrender,,77,ms,geckoview,,1768170721,2023-10-05T08:15:44,3043.7,526604ee2cd434fcf94020c1c8b6b96d253a6e83,1311663
autoland,4375374,13,92302d37db2c0dde32926e954404b4c8422e3f86,android-hw-a51-11-0-aarch64-shippable-qr,True,False,,|c|o|l|d| |w|e|b|r|e|n|d|e|r|,102210fe594ee9b33d82058545b1ed14f4c8206e,loadtime,imdb,True,imdb loadtime opt cold webrender,,77,ms,geckoview,,1768180823,2023-10-05T08:43:24,3068.1,352fa7471fb72db127fc25a7723d201abec7bd50,1311677
autoland,4375374,13,92302d37db2c0dde32926e954404b4c8422e3f86,android-hw-a51-11-0-aarch64-shippable-qr,True,False,,|c|o|l|d| |w|e|b|r|e|n|d|e|r|,102210fe594ee9b33d82058545b1ed14f4c8206e,loadtime,imdb,True,imdb loadtime opt cold webrender,,77,ms,geckoview,,1768325248,2023-10-05T13:03:19,3088.0,071a248f1589b12a9d492997caf012ac6a813d61,1311840
autoland,4375374,13,92302d37db2c0dde32926e954404b4c8422e3f86,android-hw-a51-11-0-aarch64-shippable-qr,True,False,,|c|o|l|d| |w|e|b|r|e|n|d|e|r|,102210fe594ee9b33d82058545b1ed14f4c8206e,loadtime,imdb,True,imdb loadtime opt cold webrender,,77,ms,geckoview,,1768413250,2023-10-05T14:07:33,3111.4,38a59b940c35dfab50ff2deda3fe6f27bfa99213,1311899
autoland,4375374,13,92302d37db2c0dde32926e954404b4c8422e3f86,android-hw-a51-11-0-aarch64-shippable-qr,True,False,,|c|o|l|d| |w|e|b|r|e|n|d|e|r|,102210fe594ee9b33d82058545b1ed14f4c8206e,loadtime,imdb,True,imdb loadtime opt cold webrender,,77,ms,geckoview,,1768641999,2023-10-05T17:18:24,3032.8,def7651a06fb17bb344eaf48cc6daa6047be722e,1312069
autoland,4375374,13,92302d37db2c0dde32926e954404b4c8422e3f86,android-hw-a51-11-0-aarch64-shippable-qr,True,False,,|c|o|l|d| |w|e|b|r|e|n|d|e|r|,102210fe594ee9b33d82058545b1ed14f4c8206e,loadtime,imdb,True,imdb loadtime opt cold webrender,,77,ms,geckoview,,1768786077,2023-10-05T19:49:01,3850.8,5cb270a4e6b6f0aa6cd6865b7f8daf75ad10263c,1312160
autoland,4375374,13,92302d37db2c0dde32926e954404b4c8422e3f86,android-hw-a51-11-0-aarch64-shippable-qr,True,False,,|c|o|l|d| |w|e|b|r|e|n|d|e|r|,102210fe594ee9b33d82058545b1ed14f4c8206e,loadtime,imdb,True,imdb loadtime opt cold webrender,,77,ms,geckoview,,1768925868,2023-10-06T01:08:36,3113.8,461a9c98a535b9896e9d394bdfee72ce90cf7afd,1312319
autoland,4375374,13,92302d37db2c0dde32926e954404b4c8422e3f86,android-hw-a51-11-0-aarch64-shippable-qr,True,False,,|c|o|l|d| |w|e|b|r|e|n|d|e|r|,102210fe594ee9b33d82058545b1ed14f4c8206e,loadtime,imdb,True,imdb loadtime opt cold webrender,,77,ms,geckoview,,1768998743,2023-10-06T04:02:35,3077.5,055e1badb79853e71fe9123f8e0c60a4381a1239,1312369
autoland,4375374,13,92302d37db2c0dde32926e954404b4c8422e3f86,android-hw-a51-11-0-aarch64-shippable-qr,True,False,,|c|o|l|d| |w|e|b|r|e|n|d|e|r|,102210fe594ee9b33d82058545b1ed14f4c8206e,loadtime,imdb,True,imdb loadtime opt cold webrender,,77,ms,geckoview,,1769070073,2023-10-06T08:43:18,3096.3,00b027478170756439b780282f9cfdf15edea985,1312452
autoland,4375374,13,92302d37db2c0dde32926e954404b4c8422e3f86,android-hw-a51-11-0-aarch64-shippable-qr,True,False,,|c|o|l|d| |w|e|b|r|e|n|d|e|r|,102210fe594ee9b33d82058545b1ed14f4c8206e,loadtime,imdb,True,imdb loadtime opt cold webrender,,77,ms,geckoview,,1769228600,2023-10-06T12:06:22,3021.9,9b362770f30bc360df921ba24ace5de8c387e631,1312537
autoland,4375374,13,92302d37db2c0dde32926e954404b4c8422e3f86,android-hw-a51-11-0-aarch64-shippable-qr,True,False,,|c|o|l|d| |w|e|b|r|e|n|d|e|r|,102210fe594ee9b33d82058545b1ed14f4c8206e,loadtime,imdb,True,imdb loadtime opt cold webrender,,77,ms,geckoview,,1769422810,2023-10-06T19:00:40,3128.7,c561ffa6099b97fd965811d77fd98de66c44d32b,1312844
autoland,4375374,13,92302d37db2c0dde32926e954404b4c8422e3f86,android-hw-a51-11-0-aarch64-shippable-qr,True,False,,|c|o|l|d| |w|e|b|r|e|n|d|e|r|,102210fe594ee9b33d82058545b1ed14f4c8206e,loadtime,imdb,True,imdb loadtime opt cold webrender,,77,ms,geckoview,,1769542352,2023-10-06T23:09:23,3186.7,1d25ed23e85a3a9d0d9117997337757d0ff718a2,1312997
autoland,4375374,13,92302d37db2c0dde32926e954404b4c8422e3f86,android-hw-a51-11-0-aarch64-shippable-qr,True,False,,|c|o|l|d| |w|e|b|r|e|n|d|e|r|,102210fe594ee9b33d82058545b1ed14f4c8206e,loadtime,imdb,True,imdb loadtime opt cold webrender,,77,ms,geckoview,,1769622062,2023-10-07T03:35:30,3141.2,4db29be9ee2947a3d67a996fefc3ff1cb94a6fcc,1313062
autoland,4375374,13,92302d37db2c0dde32926e954404b4c8422e3f86,android-hw-a51-11-0-aarch64-shippable-qr,True,False,,|c|o|l|d| |w|e|b|r|e|n|d|e|r|,102210fe594ee9b33d82058545b1ed14f4c8206e,loadtime,imdb,True,imdb loadtime opt cold webrender,,77,ms,geckoview,,1769646115,2023-10-07T06:02:53,3045.7,c4c56469518a5ccc9349ed7d29a0d56eba776df6,1313071
autoland,4375374,13,92302d37db2c0dde32926e954404b4c8422e3f86,android-hw-a51-11-0-aarch64-shippable-qr,True,False,,|c|o|l|d| |w|e|b|r|e|n|d|e|r|,102210fe594ee9b33d82058545b1ed14f4c8206e,loadtime,imdb,True,imdb loadtime opt cold webrender,,77,ms,geckoview,,1769792205,2023-10-07T13:52:35,3013.1,ef73c2e8cd831f2a46ff5704623db63232fd912d,1313122
autoland,4375374,13,92302d37db2c0dde32926e954404b4c8422e3f86,android-hw-a51-11-0-aarch64-shippable-qr,True,False,,|c|o|l|d| |w|e|b|r|e|n|d|e|r|,102210fe594ee9b33d82058545b1ed14f4c8206e,loadtime,imdb,True,imdb loadtime opt cold webrender,,77,ms,geckoview,,1769814572,2023-10-07T18:43:49,3085.6,8db232d0f8c742a85eb803c996ef87edac9d5c81,1313149
autoland,4375374,13,92302d37db2c0dde32926e954404b4c8422e3f86,android-hw-a51-11-0-aarch64-shippable-qr,True,False,,|c|o|l|d| |w|e|b|r|e|n|d|e|r|,102210fe594ee9b33d82058545b1ed14f4c8206e,loadtime,imdb,True,imdb loadtime opt cold webrender,,77,ms,geckoview,,1769883129,2023-10-07T23:15:17,3203.6,fba49989dde6aa32244c622fd43abe19a32128ae,1313184
autoland,4375374,13,92302d37db2c0dde32926e954404b4c8422e3f86,android-hw-a51-11-0-aarch64-shippable-qr,True,False,,|c|o|l|d| |w|e|b|r|e|n|d|e|r|,102210fe594ee9b33d82058545b1ed14f4c8206e,loadtime,imdb,True,imdb loadtime opt cold webrender,,77,ms,geckoview,,1769970601,2023-10-08T08:55:12,3053.9,68e866f36130edd1c8de093ac6d8a0fb78006527,1313211
autoland,4375374,13,92302d37db2c0dde32926e954404b4c8422e3f86,android-hw-a51-11-0-aarch64-shippable-qr,True,False,,|c|o|l|d| |w|e|b|r|e|n|d|e|r|,102210fe594ee9b33d82058545b1ed14f4c8206e,loadtime,imdb,True,imdb loadtime opt cold webrender,,77,ms,geckoview,,1770211062,2023-10-08T23:28:16,3108.0,38314c6dc43eed509bfa7c922dbbc4147ac2ce34,1313289
autoland,4375374,13,92302d37db2c0dde32926e954404b4c8422e3f86,android-hw-a51-11-0-aarch64-shippable-qr,True,False,,|c|o|l|d| |w|e|b|r|e|n|d|e|r|,102210fe594ee9b33d82058545b1ed14f4c8206e,loadtime,imdb,True,imdb loadtime opt cold webrender,,77,ms,geckoview,,1770268208,2023-10-09T04:48:12,3068.6,d5fd5e481ff21f14c9771aa58f8fb378a8430cdf,1313332
autoland,4375374,13,92302d37db2c0dde32926e954404b4c8422e3f86,android-hw-a51-11-0-aarch64-shippable-qr,True,False,,|c|o|l|d| |w|e|b|r|e|n|d|e|r|,102210fe594ee9b33d82058545b1ed14f4c8206e,loadtime,imdb,True,imdb loadtime opt cold webrender,,77,ms,geckoview,,1770340427,2023-10-09T08:48:33,3055.3,77c18c08c9ff87c6ff0e5b546ac609296d5e04db,1313413
autoland,4375374,13,92302d37db2c0dde32926e954404b4c8422e3f86,android-hw-a51-11-0-aarch64-shippable-qr,True,False,,|c|o|l|d| |w|e|b|r|e|n|d|e|r|,102210fe594ee9b33d82058545b1ed14f4c8206e,loadtime,imdb,True,imdb loadtime opt cold webrender,,77,ms,geckoview,,1770490700,2023-10-09T11:45:29,3013.4,70c980c054e9a0693d3bee343b1235d47894163d,1313495
autoland,4375374,13,92302d37db2c0dde32926e954404b4c8422e3f86,android-hw-a51-11-0-aarch64-shippable-qr,True,False,,|c|o|l|d| |w|e|b|r|e|n|d|e|r|,102210fe594ee9b33d82058545b1ed14f4c8206e,loadtime,imdb,True,imdb loadtime opt cold webrender,,77,ms,geckoview,,1770581141,2023-10-09T16:17:23,3056.0,86e82f01df51429edbb4cfa27823d4d71e7844ab,1313678
autoland,4375374,13,92302d37db2c0dde32926e954404b4c8422e3f86,android-hw-a51-11-0-aarch64-shippable-qr,True,False,,|c|o|l|d| |w|e|b|r|e|n|d|e|r|,102210fe594ee9b33d82058545b1ed14f4c8206e,loadtime,imdb,True,imdb loadtime opt cold webrender,,77,ms,geckoview,,1770747941,2023-10-09T21:45:38,3073.1,3d1ac3fb7670dd794589cae42735270de4266f4c,1313856
autoland,4375374,13,92302d37db2c0dde32926e954404b4c8422e3f86,android-hw-a51-11-0-aarch64-shippable-qr,True,False,,|c|o|l|d| |w|e|b|r|e|n|d|e|r|,102210fe594ee9b33d82058545b1ed14f4c8206e,loadtime,imdb,True,imdb loadtime opt cold webrender,,77,ms,geckoview,,1770788498,2023-10-10T02:31:01,3006.5,935a0ba75b642adf295d7792f8ad8129f87e4c03,1313960
autoland,4375374,13,92302d37db2c0dde32926e954404b4c8422e3f86,android-hw-a51-11-0-aarch64-shippable-qr,True,False,,|c|o|l|d| |w|e|b|r|e|n|d|e|r|,102210fe594ee9b33d82058545b1ed14f4c8206e,loadtime,imdb,True,imdb loadtime opt cold webrender,,77,ms,geckoview,,1770850267,2023-10-10T06:35:36,3077.6,de9287a68ed836a8fd2eb2ba90de0770a18c877a,1314004
autoland,4375374,13,92302d37db2c0dde32926e954404b4c8422e3f86,android-hw-a51-11-0-aarch64-shippable-qr,True,False,,|c|o|l|d| |w|e|b|r|e|n|d|e|r|,102210fe594ee9b33d82058545b1ed14f4c8206e,loadtime,imdb,True,imdb loadtime opt cold webrender,,77,ms,geckoview,,1770895072,2023-10-10T08:23:57,3104.8,bec78f6e89cdb3b51ac879af75533217f38970cf,1314048
autoland,4375374,13,92302d37db2c0dde32926e954404b4c8422e3f86,android-hw-a51-11-0-aarch64-shippable-qr,True,False,,|c|o|l|d| |w|e|b|r|e|n|d|e|r|,102210fe594ee9b33d82058545b1ed14f4c8206e,loadtime,imdb,True,imdb loadtime opt cold webrender,,77,ms,geckoview,,1771026657,2023-10-10T12:59:15,3019.5,7a4c861a2d10a6757c8844de9bd8f71c94cb6150,1314216
autoland,4375374,13,92302d37db2c0dde32926e954404b4c8422e3f86,android-hw-a51-11-0-aarch64-shippable-qr,True,False,,|c|o|l|d| |w|e|b|r|e|n|d|e|r|,102210fe594ee9b33d82058545b1ed14f4c8206e,loadtime,imdb,True,imdb loadtime opt cold webrender,,77,ms,geckoview,,1771157590,2023-10-10T15:20:47,2996.3,686073214e498a3ed6018f15d9cd093812f5ab6f,1314341
autoland,4375374,13,92302d37db2c0dde32926e954404b4c8422e3f86,android-hw-a51-11-0-aarch64-shippable-qr,True,False,,|c|o|l|d| |w|e|b|r|e|n|d|e|r|,102210fe594ee9b33d82058545b1ed14f4c8206e,loadtime,imdb,True,imdb loadtime opt cold webrender,,77,ms,geckoview,,1771252216,2023-10-10T18:56:17,3044.8,e746122083e758920b17ca0fd4726093187f3715,1314490
autoland,4375374,13,92302d37db2c0dde32926e954404b4c8422e3f86,android-hw-a51-11-0-aarch64-shippable-qr,True,False,,|c|o|l|d| |w|e|b|r|e|n|d|e|r|,102210fe594ee9b33d82058545b1ed14f4c8206e,loadtime,imdb,True,imdb loadtime opt cold webrender,,77,ms,geckoview,,1771372555,2023-10-10T21:46:34,3084.5,32a23612bb297f386b6239e7bff0be58b62b2f73,1314585
autoland,4375374,13,92302d37db2c0dde32926e954404b4c8422e3f86,android-hw-a51-11-0-aarch64-shippable-qr,True,False,,|c|o|l|d| |w|e|b|r|e|n|d|e|r|,102210fe594ee9b33d82058545b1ed14f4c8206e,loadtime,imdb,True,imdb loadtime opt cold webrender,,77,ms,geckoview,,1771495859,2023-10-11T04:35:52,3135.0,fb1c93363030ee78f4a3ea0da9854fb688a630b8,1314760
autoland,4375374,13,92302d37db2c0dde32926e954404b4c8422e3f86,android-hw-a51-11-0-aarch64-shippable-qr,True,False,,|c|o|l|d| |w|e|b|r|e|n|d|e|r|,102210fe594ee9b33d82058545b1ed14f4c8206e,loadtime,imdb,True,imdb loadtime opt cold webrender,,77,ms,geckoview,,1771479194,2023-10-11T05:18:39,3140.2,d677f2833f2cf056757a6a3cf8c2e8b4273fb788,1314767
autoland,4375374,13,92302d37db2c0dde32926e954404b4c8422e3f86,android-hw-a51-11-0-aarch64-shippable-qr,True,False,,|c|o|l|d| |w|e|b|r|e|n|d|e|r|,102210fe594ee9b33d82058545b1ed14f4c8206e,loadtime,imdb,True,imdb loadtime opt cold webrender,,77,ms,geckoview,,1771674302,2023-10-11T09:29:42,3053.1,2124c3eebcb12eb72e8ced7bfb3c8521a028af8d,1314864
autoland,4375374,13,92302d37db2c0dde32926e954404b4c8422e3f86,android-hw-a51-11-0-aarch64-shippable-qr,True,False,,|c|o|l|d| |w|e|b|r|e|n|d|e|r|,102210fe594ee9b33d82058545b1ed14f4c8206e,loadtime,imdb,True,imdb loadtime opt cold webrender,,77,ms,geckoview,,1771682054,2023-10-11T10:39:45,3113.9,e4751df31e7494090d14b0ab8ff52bab6c1391d7,1314918
autoland,4375374,13,92302d37db2c0dde32926e954404b4c8422e3f86,android-hw-a51-11-0-aarch64-shippable-qr,True,False,,|c|o|l|d| |w|e|b|r|e|n|d|e|r|,102210fe594ee9b33d82058545b1ed14f4c8206e,loadtime,imdb,True,imdb loadtime opt cold webrender,,77,ms,geckoview,,1771775411,2023-10-11T14:42:40,3150.2,2f6d9a971e1895c3186c6f2cdc2286c9f6e9694e,1315015
autoland,4375374,13,92302d37db2c0dde32926e954404b4c8422e3f86,android-hw-a51-11-0-aarch64-shippable-qr,True,False,,|c|o|l|d| |w|e|b|r|e|n|d|e|r|,102210fe594ee9b33d82058545b1ed14f4c8206e,loadtime,imdb,True,imdb loadtime opt cold webrender,,77,ms,geckoview,,1771839087,2023-10-11T15:07:05,3111.5,a710f6c3ab82ca81444f0478a4882217c3628bf0,1315029
autoland,4375374,13,92302d37db2c0dde32926e954404b4c8422e3f86,android-hw-a51-11-0-aarch64-shippable-qr,True,False,,|c|o|l|d| |w|e|b|r|e|n|d|e|r|,102210fe594ee9b33d82058545b1ed14f4c8206e,loadtime,imdb,True,imdb loadtime opt cold webrender,,77,ms,geckoview,,1771862545,2023-10-11T17:21:18,3093.2,be8d8e6ec4b7216d8dcb9b4ff8c8a413fc83da74,1315168
autoland,4375374,13,92302d37db2c0dde32926e954404b4c8422e3f86,android-hw-a51-11-0-aarch64-shippable-qr,True,False,,|c|o|l|d| |w|e|b|r|e|n|d|e|r|,102210fe594ee9b33d82058545b1ed14f4c8206e,loadtime,imdb,True,imdb loadtime opt cold webrender,,77,ms,geckoview,,1771961863,2023-10-11T21:29:22,3221.8,dfe9eba9757679d9dda934ba7dd5798a0c3360fe,1315364
autoland,4375374,13,92302d37db2c0dde32926e954404b4c8422e3f86,android-hw-a51-11-0-aarch64-shippable-qr,True,False,,|c|o|l|d| |w|e|b|r|e|n|d|e|r|,102210fe594ee9b33d82058545b1ed14f4c8206e,loadtime,imdb,True,imdb loadtime opt cold webrender,,77,ms,geckoview,,1772013466,2023-10-11T21:41:54,3013.3,2cbc64e7dbb0cd771d39710e5c3f2ed9a7e02b50,1315372
autoland,4375374,13,92302d37db2c0dde32926e954404b4c8422e3f86,android-hw-a51-11-0-aarch64-shippable-qr,True,False,,|c|o|l|d| |w|e|b|r|e|n|d|e|r|,102210fe594ee9b33d82058545b1ed14f4c8206e,loadtime,imdb,True,imdb loadtime opt cold webrender,,77,ms,geckoview,,1772172520,2023-10-12T04:10:05,2977.7,c77a5d731bccf47b2b9f0714e44d5943f903d95e,1315494
autoland,4375374,13,92302d37db2c0dde32926e954404b4c8422e3f86,android-hw-a51-11-0-aarch64-shippable-qr,True,False,,|c|o|l|d| |w|e|b|r|e|n|d|e|r|,102210fe594ee9b33d82058545b1ed14f4c8206e,loadtime,imdb,True,imdb loadtime opt cold webrender,,77,ms,geckoview,,1772233954,2023-10-12T08:16:23,3082.2,d64dc6406137711ffbc7f0bc42f6794a1c4ad236,1315559
autoland,4375374,13,92302d37db2c0dde32926e954404b4c8422e3f86,android-hw-a51-11-0-aarch64-shippable-qr,True,False,,|c|o|l|d| |w|e|b|r|e|n|d|e|r|,102210fe594ee9b33d82058545b1ed14f4c8206e,loadtime,imdb,True,imdb loadtime opt cold webrender,,77,ms,geckoview,,1772265488,2023-10-12T09:32:06,3079.4,6eb785f75431f10faa331dabd429029e6dd1224e,1315613
autoland,4375374,13,92302d37db2c0dde32926e954404b4c8422e3f86,android-hw-a51-11-0-aarch64-shippable-qr,True,False,,|c|o|l|d| |w|e|b|r|e|n|d|e|r|,102210fe594ee9b33d82058545b1ed14f4c8206e,loadtime,imdb,True,imdb loadtime opt cold webrender,,77,ms,geckoview,,1772369945,2023-10-12T12:42:22,3028.5,d3c6163a42b6002297fdb7cbb78395ee4495a357,1315709
autoland,4375374,13,92302d37db2c0dde32926e954404b4c8422e3f86,android-hw-a51-11-0-aarch64-shippable-qr,True,False,,|c|o|l|d| |w|e|b|r|e|n|d|e|r|,102210fe594ee9b33d82058545b1ed14f4c8206e,loadtime,imdb,True,imdb loadtime opt cold webrender,,77,ms,geckoview,,1772526646,2023-10-12T17:01:35,3123.6,c09a0d19d99b488a292e3583cd0bb488afc74173,1315902
autoland,4375374,13,92302d37db2c0dde32926e954404b4c8422e3f86,android-hw-a51-11-0-aarch64-shippable-qr,True,False,,|c|o|l|d| |w|e|b|r|e|n|d|e|r|,102210fe594ee9b33d82058545b1ed14f4c8206e,loadtime,imdb,True,imdb loadtime opt cold webrender,,77,ms,geckoview,,1772500744,2023-10-12T17:02:35,3146.1,a5369079cd89dd91a42689da9aad1fc607ef9146,1315903
autoland,4375374,13,92302d37db2c0dde32926e954404b4c8422e3f86,android-hw-a51-11-0-aarch64-shippable-qr,True,False,,|c|o|l|d| |w|e|b|r|e|n|d|e|r|,102210fe594ee9b33d82058545b1ed14f4c8206e,loadtime,imdb,True,imdb loadtime opt cold webrender,,77,ms,geckoview,,1772587980,2023-10-12T19:48:41,3108.0,b9478e8898d6397ccb0ca6d2f90b882083ef91d2,1316052
autoland,4375374,13,92302d37db2c0dde32926e954404b4c8422e3f86,android-hw-a51-11-0-aarch64-shippable-qr,True,False,,|c|o|l|d| |w|e|b|r|e|n|d|e|r|,102210fe594ee9b33d82058545b1ed14f4c8206e,loadtime,imdb,True,imdb loadtime opt cold webrender,,77,ms,geckoview,,1772727632,2023-10-12T23:58:41,3557.2,6769216667ff487b1442f654ee41dc5f12c23983,1316211
autoland,4375374,13,92302d37db2c0dde32926e954404b4c8422e3f86,android-hw-a51-11-0-aarch64-shippable-qr,True,False,,|c|o|l|d| |w|e|b|r|e|n|d|e|r|,102210fe594ee9b33d82058545b1ed14f4c8206e,loadtime,imdb,True,imdb loadtime opt cold webrender,,77,ms,geckoview,,1772821363,2023-10-13T06:04:39,3107.1,810153993fc0b06ce0eabae2602fc7f74ed9be18,1316292
autoland,4375374,13,92302d37db2c0dde32926e954404b4c8422e3f86,android-hw-a51-11-0-aarch64-shippable-qr,True,False,,|c|o|l|d| |w|e|b|r|e|n|d|e|r|,102210fe594ee9b33d82058545b1ed14f4c8206e,loadtime,imdb,True,imdb loadtime opt cold webrender,,77,ms,geckoview,,1772838243,2023-10-13T06:28:51,3131.5,930888998f68ddfb0f36d898e98305e459d7cbb2,1316299
autoland,4375374,13,92302d37db2c0dde32926e954404b4c8422e3f86,android-hw-a51-11-0-aarch64-shippable-qr,True,False,,|c|o|l|d| |w|e|b|r|e|n|d|e|r|,102210fe594ee9b33d82058545b1ed14f4c8206e,loadtime,imdb,True,imdb loadtime opt cold webrender,,77,ms,geckoview,,1773030150,2023-10-13T10:45:16,3134.8,0db2502d9e9503580a800e13235be8c02043bbc0,1316413
autoland,4375374,13,92302d37db2c0dde32926e954404b4c8422e3f86,android-hw-a51-11-0-aarch64-shippable-qr,True,False,,|c|o|l|d| |w|e|b|r|e|n|d|e|r|,102210fe594ee9b33d82058545b1ed14f4c8206e,loadtime,imdb,True,imdb loadtime opt cold webrender,,77,ms,geckoview,,1773044878,2023-10-13T11:42:22,3155.8,8246d773a07ce105d3a9f92b96007867c7df3cc4,1316442
autoland,4375374,13,92302d37db2c0dde32926e954404b4c8422e3f86,android-hw-a51-11-0-aarch64-shippable-qr,True,False,,|c|o|l|d| |w|e|b|r|e|n|d|e|r|,102210fe594ee9b33d82058545b1ed14f4c8206e,loadtime,imdb,True,imdb loadtime opt cold webrender,,77,ms,geckoview,,1773145412,2023-10-13T15:49:30,3587.0,8adc92d3a6a8eeeefd63f98296c29907c3838316,1316607
autoland,4375374,13,92302d37db2c0dde32926e954404b4c8422e3f86,android-hw-a51-11-0-aarch64-shippable-qr,True,False,,|c|o|l|d| |w|e|b|r|e|n|d|e|r|,102210fe594ee9b33d82058545b1ed14f4c8206e,loadtime,imdb,True,imdb loadtime opt cold webrender,,77,ms,geckoview,,1773126815,2023-10-13T16:11:23,2976.5,9ba44fb4eeafba4229fe28a6f3b42c79d8d05692,1316611
autoland,4375374,13,92302d37db2c0dde32926e954404b4c8422e3f86,android-hw-a51-11-0-aarch64-shippable-qr,True,False,,|c|o|l|d| |w|e|b|r|e|n|d|e|r|,102210fe594ee9b33d82058545b1ed14f4c8206e,loadtime,imdb,True,imdb loadtime opt cold webrender,,77,ms,geckoview,,1773233085,2023-10-13T20:17:54,3085.4,35e20e70da91e5ef4caee7c732541350343fe927,1316790
autoland,4375374,13,92302d37db2c0dde32926e954404b4c8422e3f86,android-hw-a51-11-0-aarch64-shippable-qr,True,False,,|c|o|l|d| |w|e|b|r|e|n|d|e|r|,102210fe594ee9b33d82058545b1ed14f4c8206e,loadtime,imdb,True,imdb loadtime opt cold webrender,,77,ms,geckoview,,1773321598,2023-10-14T00:40:19,3039.1,bcd044cb6c313be98b766d19688066871ddaa6b3,1316857
autoland,4375374,13,92302d37db2c0dde32926e954404b4c8422e3f86,android-hw-a51-11-0-aarch64-shippable-qr,True,False,,|c|o|l|d| |w|e|b|r|e|n|d|e|r|,102210fe594ee9b33d82058545b1ed14f4c8206e,loadtime,imdb,True,imdb loadtime opt cold webrender,,77,ms,geckoview,,1773353947,2023-10-14T05:14:50,3105.2,19db6b0f6713fdb1f311426a7899070e3ca19d6b,1316873
autoland,4375374,13,92302d37db2c0dde32926e954404b4c8422e3f86,android-hw-a51-11-0-aarch64-shippable-qr,True,False,,|c|o|l|d| |w|e|b|r|e|n|d|e|r|,102210fe594ee9b33d82058545b1ed14f4c8206e,loadtime,imdb,True,imdb loadtime opt cold webrender,,77,ms,geckoview,,1773413112,2023-10-14T09:25:57,3030.5,1e870b95242b07bc4961bf7558d0703dd03814b3,1316895
autoland,4375374,13,92302d37db2c0dde32926e954404b4c8422e3f86,android-hw-a51-11-0-aarch64-shippable-qr,True,False,,|c|o|l|d| |w|e|b|r|e|n|d|e|r|,102210fe594ee9b33d82058545b1ed14f4c8206e,loadtime,imdb,True,imdb loadtime opt cold webrender,,77,ms,geckoview,,1773555055,2023-10-14T16:14:11,3105.0,3f99c563251ec523301e9d46e6904989fc827306,1316942
autoland,4375374,13,92302d37db2c0dde32926e954404b4c8422e3f86,android-hw-a51-11-0-aarch64-shippable-qr,True,False,,|c|o|l|d| |w|e|b|r|e|n|d|e|r|,102210fe594ee9b33d82058545b1ed14f4c8206e,loadtime,imdb,True,imdb loadtime opt cold webrender,,77,ms,geckoview,,1773692443,2023-10-15T06:24:19,3052.3,468469f54da6070a84314dc3c4ddcdfaca74b714,1316977
autoland,4375374,13,92302d37db2c0dde32926e954404b4c8422e3f86,android-hw-a51-11-0-aarch64-shippable-qr,True,False,,|c|o|l|d| |w|e|b|r|e|n|d|e|r|,102210fe594ee9b33d82058545b1ed14f4c8206e,loadtime,imdb,True,imdb loadtime opt cold webrender,,77,ms,geckoview,,1773753345,2023-10-15T10:45:53,3104.4,91657cb1296c904004ace38877b9ca91f502be3f,1317007
autoland,4375374,13,92302d37db2c0dde32926e954404b4c8422e3f86,android-hw-a51-11-0-aarch64-shippable-qr,True,False,,|c|o|l|d| |w|e|b|r|e|n|d|e|r|,102210fe594ee9b33d82058545b1ed14f4c8206e,loadtime,imdb,True,imdb loadtime opt cold webrender,,77,ms,geckoview,,1773806054,2023-10-15T15:32:44,3017.1,aba20bc488e22880b8ef5a89916ecabb51cee798,1317021
autoland,4375374,13,92302d37db2c0dde32926e954404b4c8422e3f86,android-hw-a51-11-0-aarch64-shippable-qr,True,False,,|c|o|l|d| |w|e|b|r|e|n|d|e|r|,102210fe594ee9b33d82058545b1ed14f4c8206e,loadtime,imdb,True,imdb loadtime opt cold webrender,,77,ms,geckoview,,1773913038,2023-10-16T01:55:37,3169.6,f3de6f924333ec7c359d81d9fb16a9fca07ee42e,1317071
autoland,4375374,13,92302d37db2c0dde32926e954404b4c8422e3f86,android-hw-a51-11-0-aarch64-shippable-qr,True,False,,|c|o|l|d| |w|e|b|r|e|n|d|e|r|,102210fe594ee9b33d82058545b1ed14f4c8206e,loadtime,imdb,True,imdb loadtime opt cold webrender,,77,ms,geckoview,,1773968362,2023-10-16T05:57:00,3088.1,e891ad8158b3106dceb2199ed2c74c0c2f05fa88,1317093
autoland,4375374,13,92302d37db2c0dde32926e954404b4c8422e3f86,android-hw-a51-11-0-aarch64-shippable-qr,True,False,,|c|o|l|d| |w|e|b|r|e|n|d|e|r|,102210fe594ee9b33d82058545b1ed14f4c8206e,loadtime,imdb,True,imdb loadtime opt cold webrender,,77,ms,geckoview,,1774185527,2023-10-16T10:06:37,3070.3,e009aa26b6f79e7e5af18000b983f6decaa90eed,1317197
autoland,4375374,13,92302d37db2c0dde32926e954404b4c8422e3f86,android-hw-a51-11-0-aarch64-shippable-qr,True,False,,|c|o|l|d| |w|e|b|r|e|n|d|e|r|,102210fe594ee9b33d82058545b1ed14f4c8206e,loadtime,imdb,True,imdb loadtime opt cold webrender,,77,ms,geckoview,,1774210892,2023-10-16T11:25:28,3111.1,8cb2f63a1e705ad6bf77a8f6dcb151aa3b67d2e6,1317241
autoland,4375374,13,92302d37db2c0dde32926e954404b4c8422e3f86,android-hw-a51-11-0-aarch64-shippable-qr,True,False,,|c|o|l|d| |w|e|b|r|e|n|d|e|r|,102210fe594ee9b33d82058545b1ed14f4c8206e,loadtime,imdb,True,imdb loadtime opt cold webrender,,77,ms,geckoview,,1774258990,2023-10-16T15:34:18,3292.0,e0dd0b10e8fd0ea751f11fb0a6548ad9b6780e16,1317419
autoland,4375374,13,92302d37db2c0dde32926e954404b4c8422e3f86,android-hw-a51-11-0-aarch64-shippable-qr,True,False,,|c|o|l|d| |w|e|b|r|e|n|d|e|r|,102210fe594ee9b33d82058545b1ed14f4c8206e,loadtime,imdb,True,imdb loadtime opt cold webrender,,77,ms,geckoview,,1774408574,2023-10-16T19:06:00,3065.6,36e5163d2528daaa5669d0f9284470b070c8882e,1317546
autoland,4375374,13,92302d37db2c0dde32926e954404b4c8422e3f86,android-hw-a51-11-0-aarch64-shippable-qr,True,False,,|c|o|l|d| |w|e|b|r|e|n|d|e|r|,102210fe594ee9b33d82058545b1ed14f4c8206e,loadtime,imdb,True,imdb loadtime opt cold webrender,,77,ms,geckoview,,1774573664,2023-10-17T00:17:31,3064.4,e4bf7b3e037323072304a1b1327df57c4a54b560,1317700
autoland,4375374,13,92302d37db2c0dde32926e954404b4c8422e3f86,android-hw-a51-11-0-aarch64-shippable-qr,True,False,,|c|o|l|d| |w|e|b|r|e|n|d|e|r|,102210fe594ee9b33d82058545b1ed14f4c8206e,loadtime,imdb,True,imdb loadtime opt cold webrender,,77,ms,geckoview,,1774695976,2023-10-17T05:18:57,3091.0,896b283a3e7185d805f59d4dcb3d6bb89e9e62d8,1317768
autoland,4375374,13,92302d37db2c0dde32926e954404b4c8422e3f86,android-hw-a51-11-0-aarch64-shippable-qr,True,False,,|c|o|l|d| |w|e|b|r|e|n|d|e|r|,102210fe594ee9b33d82058545b1ed14f4c8206e,loadtime,imdb,True,imdb loadtime opt cold webrender,,77,ms,geckoview,,1774716640,2023-10-17T06:01:55,3101.4,ca60a5861d4a8bd5de1c8e5a9f76c9e35767c38c,1317782
autoland,4375374,13,92302d37db2c0dde32926e954404b4c8422e3f86,android-hw-a51-11-0-aarch64-shippable-qr,True,False,,|c|o|l|d| |w|e|b|r|e|n|d|e|r|,102210fe594ee9b33d82058545b1ed14f4c8206e,loadtime,imdb,True,imdb loadtime opt cold webrender,,77,ms,geckoview,,1774880038,2023-10-17T10:34:28,3056.3,d59eb47c0fe47f9dd6886090330bcd49c47262ce,1317920
autoland,4375374,13,92302d37db2c0dde32926e954404b4c8422e3f86,android-hw-a51-11-0-aarch64-shippable-qr,True,False,,|c|o|l|d| |w|e|b|r|e|n|d|e|r|,102210fe594ee9b33d82058545b1ed14f4c8206e,loadtime,imdb,True,imdb loadtime opt cold webrender,,77,ms,geckoview,,1774988540,2023-10-17T13:02:41,3034.7,9b7c81791d7f619271724e082934a933604e20da,1318010
autoland,4375374,13,92302d37db2c0dde32926e954404b4c8422e3f86,android-hw-a51-11-0-aarch64-shippable-qr,True,False,,|c|o|l|d| |w|e|b|r|e|n|d|e|r|,102210fe594ee9b33d82058545b1ed14f4c8206e,loadtime,imdb,True,imdb loadtime opt cold webrender,,77,ms,geckoview,,1775137197,2023-10-17T16:53:16,3182.7,684641630402200d14bf5126668b97a4f280fe59,1318176
autoland,4375374,13,92302d37db2c0dde32926e954404b4c8422e3f86,android-hw-a51-11-0-aarch64-shippable-qr,True,False,,|c|o|l|d| |w|e|b|r|e|n|d|e|r|,102210fe594ee9b33d82058545b1ed14f4c8206e,loadtime,imdb,True,imdb loadtime opt cold webrender,,77,ms,geckoview,,1775399605,2023-10-17T21:03:18,3009.0,421ffc7aa24ace087dc2a09680943f412adc38ff,1318349
autoland,4375374,13,92302d37db2c0dde32926e954404b4c8422e3f86,android-hw-a51-11-0-aarch64-shippable-qr,True,False,,|c|o|l|d| |w|e|b|r|e|n|d|e|r|,102210fe594ee9b33d82058545b1ed14f4c8206e,loadtime,imdb,True,imdb loadtime opt cold webrender,,77,ms,geckoview,,1775362818,2023-10-17T21:04:13,3085.8,4091bed4a0aae7772537e08e6cb49bf0bc7434c9,1318350
autoland,4375374,13,92302d37db2c0dde32926e954404b4c8422e3f86,android-hw-a51-11-0-aarch64-shippable-qr,True,False,,|c|o|l|d| |w|e|b|r|e|n|d|e|r|,102210fe594ee9b33d82058545b1ed14f4c8206e,loadtime,imdb,True,imdb loadtime opt cold webrender,,77,ms,geckoview,,1775563462,2023-10-18T01:40:11,3052.9,ba691c21c968a48e1bd212426fcc20fa5f4c276d,1318466
autoland,4375374,13,92302d37db2c0dde32926e954404b4c8422e3f86,android-hw-a51-11-0-aarch64-shippable-qr,True,False,,|c|o|l|d| |w|e|b|r|e|n|d|e|r|,102210fe594ee9b33d82058545b1ed14f4c8206e,loadtime,imdb,True,imdb loadtime opt cold webrender,,77,ms,geckoview,,1775678572,2023-10-18T07:31:34,3089.5,47d77a0e86e138652fedb38962b9709f9c0fb98d,1318540
autoland,4375374,13,92302d37db2c0dde32926e954404b4c8422e3f86,android-hw-a51-11-0-aarch64-shippable-qr,True,False,,|c|o|l|d| |w|e|b|r|e|n|d|e|r|,102210fe594ee9b33d82058545b1ed14f4c8206e,loadtime,imdb,True,imdb loadtime opt cold webrender,,77,ms,geckoview,,1775872700,2023-10-18T11:51:04,3047.9,639c0da2250e38bb3102b66c6105aaf808e2a817,1318689
autoland,4375374,13,92302d37db2c0dde32926e954404b4c8422e3f86,android-hw-a51-11-0-aarch64-shippable-qr,True,False,,|c|o|l|d| |w|e|b|r|e|n|d|e|r|,102210fe594ee9b33d82058545b1ed14f4c8206e,loadtime,imdb,True,imdb loadtime opt cold webrender,,77,ms,geckoview,,1776047482,2023-10-18T16:05:19,3027.9,023ae54874d34eb300cdfa9630da4455cb406ad3,1318932
autoland,4375374,13,92302d37db2c0dde32926e954404b4c8422e3f86,android-hw-a51-11-0-aarch64-shippable-qr,True,False,,|c|o|l|d| |w|e|b|r|e|n|d|e|r|,102210fe594ee9b33d82058545b1ed14f4c8206e,loadtime,imdb,True,imdb loadtime opt cold webrender,,77,ms,geckoview,,1776082840,2023-10-18T16:32:33,2998.7,361e571454e94ba0cfa1a86d2a7f63a24455581c,1318947
autoland,4375374,13,92302d37db2c0dde32926e954404b4c8422e3f86,android-hw-a51-11-0-aarch64-shippable-qr,True,False,,|c|o|l|d| |w|e|b|r|e|n|d|e|r|,102210fe594ee9b33d82058545b1ed14f4c8206e,loadtime,imdb,True,imdb loadtime opt cold webrender,,77,ms,geckoview,,1776318100,2023-10-18T20:42:45,3216.8,77f05957a4fc15dc053469145b93089adfec3484,1319167
autoland,4375374,13,92302d37db2c0dde32926e954404b4c8422e3f86,android-hw-a51-11-0-aarch64-shippable-qr,True,False,,|c|o|l|d| |w|e|b|r|e|n|d|e|r|,102210fe594ee9b33d82058545b1ed14f4c8206e,loadtime,imdb,True,imdb loadtime opt cold webrender,,77,ms,geckoview,,1776289568,2023-10-18T20:46:18,3013.9,e059b0995a2a62238ca266c3ed9955434ac43517,1319169
autoland,4375374,13,92302d37db2c0dde32926e954404b4c8422e3f86,android-hw-a51-11-0-aarch64-shippable-qr,True,False,,|c|o|l|d| |w|e|b|r|e|n|d|e|r|,102210fe594ee9b33d82058545b1ed14f4c8206e,loadtime,imdb,True,imdb loadtime opt cold webrender,,77,ms,geckoview,,1776423974,2023-10-18T23:25:14,3108.4,beb80bb8c90921077e9c1130ad5a8e925dc060b7,1319276
autoland,4375374,13,92302d37db2c0dde32926e954404b4c8422e3f86,android-hw-a51-11-0-aarch64-shippable-qr,True,False,,|c|o|l|d| |w|e|b|r|e|n|d|e|r|,102210fe594ee9b33d82058545b1ed14f4c8206e,loadtime,imdb,True,imdb loadtime opt cold webrender,,77,ms,geckoview,,1776643264,2023-10-19T04:23:12,3901.4,53cee944c60ac3c237a9aa2dacd19aa6bde80c2a,1319373
autoland,4375374,13,92302d37db2c0dde32926e954404b4c8422e3f86,android-hw-a51-11-0-aarch64-shippable-qr,True,False,,|c|o|l|d| |w|e|b|r|e|n|d|e|r|,102210fe594ee9b33d82058545b1ed14f4c8206e,loadtime,imdb,True,imdb loadtime opt cold webrender,,77,ms,geckoview,,1776835596,2023-10-19T12:43:18,2959.9,2981b7bbee06c518301e1542545e92b6d80a8d0b,1319613
autoland,4375374,13,92302d37db2c0dde32926e954404b4c8422e3f86,android-hw-a51-11-0-aarch64-shippable-qr,True,False,,|c|o|l|d| |w|e|b|r|e|n|d|e|r|,102210fe594ee9b33d82058545b1ed14f4c8206e,loadtime,imdb,True,imdb loadtime opt cold webrender,,77,ms,geckoview,,1776873104,2023-10-19T12:48:25,3411.1,8be39770f68cb52d1a2b14bdf31a34f5e54212e8,1319617
autoland,4375374,13,92302d37db2c0dde32926e954404b4c8422e3f86,android-hw-a51-11-0-aarch64-shippable-qr,True,False,,|c|o|l|d| |w|e|b|r|e|n|d|e|r|,102210fe594ee9b33d82058545b1ed14f4c8206e,loadtime,imdb,True,imdb loadtime opt cold webrender,,77,ms,geckoview,,1776953993,2023-10-19T17:06:19,3256.1,fafeb43eefd13b4df24d6526d729b15fb42b7d27,1319833
autoland,4375374,13,92302d37db2c0dde32926e954404b4c8422e3f86,android-hw-a51-11-0-aarch64-shippable-qr,True,False,,|c|o|l|d| |w|e|b|r|e|n|d|e|r|,102210fe594ee9b33d82058545b1ed14f4c8206e,loadtime,imdb,True,imdb loadtime opt cold webrender,,77,ms,geckoview,,1777064873,2023-10-19T22:45:17,3017.3,b557109f1b5dd0a5c7be013c630945f886e17708,1320076
autoland,4375374,13,92302d37db2c0dde32926e954404b4c8422e3f86,android-hw-a51-11-0-aarch64-shippable-qr,True,False,,|c|o|l|d| |w|e|b|r|e|n|d|e|r|,102210fe594ee9b33d82058545b1ed14f4c8206e,loadtime,imdb,True,imdb loadtime opt cold webrender,,77,ms,geckoview,,1777089949,2023-10-19T22:59:16,3060.0,0546c85daa8d8b6f7a8c5a842fdf1a990215e249,1320081
autoland,4375374,13,92302d37db2c0dde32926e954404b4c8422e3f86,android-hw-a51-11-0-aarch64-shippable-qr,True,False,,|c|o|l|d| |w|e|b|r|e|n|d|e|r|,102210fe594ee9b33d82058545b1ed14f4c8206e,loadtime,imdb,True,imdb loadtime opt cold webrender,,77,ms,geckoview,,1777175958,2023-10-20T03:32:37,3162.6,dc0d913ecc2486cafc7a005d2fe6705f2c7da222,1320137
autoland,4375374,13,92302d37db2c0dde32926e954404b4c8422e3f86,android-hw-a51-11-0-aarch64-shippable-qr,True,False,,|c|o|l|d| |w|e|b|r|e|n|d|e|r|,102210fe594ee9b33d82058545b1ed14f4c8206e,loadtime,imdb,True,imdb loadtime opt cold webrender,,77,ms,geckoview,,1777377363,2023-10-20T09:14:56,3300.5,5ebf0b67d0519897b95e84598900434fe92b7abb,1320186
autoland,4375374,13,92302d37db2c0dde32926e954404b4c8422e3f86,android-hw-a51-11-0-aarch64-shippable-qr,True,False,,|c|o|l|d| |w|e|b|r|e|n|d|e|r|,102210fe594ee9b33d82058545b1ed14f4c8206e,loadtime,imdb,True,imdb loadtime opt cold webrender,,77,ms,geckoview,,1777434932,2023-10-20T14:06:35,3156.5,dfa7f17930eb1b48ff7435494924a0711114e40a,1320283
autoland,4375374,13,92302d37db2c0dde32926e954404b4c8422e3f86,android-hw-a51-11-0-aarch64-shippable-qr,True,False,,|c|o|l|d| |w|e|b|r|e|n|d|e|r|,102210fe594ee9b33d82058545b1ed14f4c8206e,loadtime,imdb,True,imdb loadtime opt cold webrender,,77,ms,geckoview,,1777451014,2023-10-20T15:24:34,3077.4,8f4fc4b6cc05c16482986671d19d546faf6cb212,1320314
autoland,4375374,13,92302d37db2c0dde32926e954404b4c8422e3f86,android-hw-a51-11-0-aarch64-shippable-qr,True,False,,|c|o|l|d| |w|e|b|r|e|n|d|e|r|,102210fe594ee9b33d82058545b1ed14f4c8206e,loadtime,imdb,True,imdb loadtime opt cold webrender,,77,ms,geckoview,,1777565050,2023-10-20T21:24:05,3107.5,f4da998c2ad5be8d29b4e2523b56d9d5e2a58984,1320380
autoland,4375374,13,92302d37db2c0dde32926e954404b4c8422e3f86,android-hw-a51-11-0-aarch64-shippable-qr,True,False,,|c|o|l|d| |w|e|b|r|e|n|d|e|r|,102210fe594ee9b33d82058545b1ed14f4c8206e,loadtime,imdb,True,imdb loadtime opt cold webrender,,77,ms,geckoview,,1777676230,2023-10-21T14:30:38,3343.8,4124eee4f58ca46e13cb937c757a2fe1875120f0,1320453
autoland,4375374,13,92302d37db2c0dde32926e954404b4c8422e3f86,android-hw-a51-11-0-aarch64-shippable-qr,True,False,,|c|o|l|d| |w|e|b|r|e|n|d|e|r|,102210fe594ee9b33d82058545b1ed14f4c8206e,loadtime,imdb,True,imdb loadtime opt cold webrender,,77,ms,geckoview,,1777794185,2023-10-22T19:07:04,3067.5,529ec79bcdfd6a273fe6607c2a34bcc93c009ec5,1320522
autoland,4375374,13,92302d37db2c0dde32926e954404b4c8422e3f86,android-hw-a51-11-0-aarch64-shippable-qr,True,False,,|c|o|l|d| |w|e|b|r|e|n|d|e|r|,102210fe594ee9b33d82058545b1ed14f4c8206e,loadtime,imdb,True,imdb loadtime opt cold webrender,,77,ms,geckoview,,1777884752,2023-10-22T21:46:31,2955.0,52f2e6e80f6f7d8ab6eaaa36c4aa47c5be27a7a1,1320539
autoland,4375374,13,92302d37db2c0dde32926e954404b4c8422e3f86,android-hw-a51-11-0-aarch64-shippable-qr,True,False,,|c|o|l|d| |w|e|b|r|e|n|d|e|r|,102210fe594ee9b33d82058545b1ed14f4c8206e,loadtime,imdb,True,imdb loadtime opt cold webrender,,77,ms,geckoview,,1778074161,2023-10-23T11:07:29,2997.6,acba8a75249bc2b26b143d4d2830575cf0d7bcc2,1320744
autoland,4375374,13,92302d37db2c0dde32926e954404b4c8422e3f86,android-hw-a51-11-0-aarch64-shippable-qr,True,False,,|c|o|l|d| |w|e|b|r|e|n|d|e|r|,102210fe594ee9b33d82058545b1ed14f4c8206e,loadtime,imdb,True,imdb loadtime opt cold webrender,,77,ms,geckoview,,1778099332,2023-10-23T12:26:53,3020.6,818b5938920e6868a3f3b5a16b0c972bd8ec5cfc,1320781
autoland,4375374,13,92302d37db2c0dde32926e954404b4c8422e3f86,android-hw-a51-11-0-aarch64-shippable-qr,True,False,,|c|o|l|d| |w|e|b|r|e|n|d|e|r|,102210fe594ee9b33d82058545b1ed14f4c8206e,loadtime,imdb,True,imdb loadtime opt cold webrender,,77,ms,geckoview,,1778294137,2023-10-23T15:48:05,3098.8,f222bdcd6517e233cb62a3164afd50fd17a55e62,1320978
autoland,4375374,13,92302d37db2c0dde32926e954404b4c8422e3f86,android-hw-a51-11-0-aarch64-shippable-qr,True,False,,|c|o|l|d| |w|e|b|r|e|n|d|e|r|,102210fe594ee9b33d82058545b1ed14f4c8206e,loadtime,imdb,True,imdb loadtime opt cold webrender,,77,ms,geckoview,,1778389322,2023-10-23T17:53:04,3018.3,00c1813123fd4ca7ec1446ebdabe2848814e550e,1321095
autoland,4375374,13,92302d37db2c0dde32926e954404b4c8422e3f86,android-hw-a51-11-0-aarch64-shippable-qr,True,False,,|c|o|l|d| |w|e|b|r|e|n|d|e|r|,102210fe594ee9b33d82058545b1ed14f4c8206e,loadtime,imdb,True,imdb loadtime opt cold webrender,,77,ms,geckoview,,1778506681,2023-10-23T20:36:06,3067.9,0fdbf0a455f26afa0a7a0390d6a380e318fce9d4,1321210
autoland,4375374,13,92302d37db2c0dde32926e954404b4c8422e3f86,android-hw-a51-11-0-aarch64-shippable-qr,True,False,,|c|o|l|d| |w|e|b|r|e|n|d|e|r|,102210fe594ee9b33d82058545b1ed14f4c8206e,loadtime,imdb,True,imdb loadtime opt cold webrender,,77,ms,geckoview,,1778702507,2023-10-24T00:49:55,3032.7,ed9d130c38a8858740845db8ec5c8bb7e68cce65,1321359
autoland,4375374,13,92302d37db2c0dde32926e954404b4c8422e3f86,android-hw-a51-11-0-aarch64-shippable-qr,True,False,,|c|o|l|d| |w|e|b|r|e|n|d|e|r|,102210fe594ee9b33d82058545b1ed14f4c8206e,loadtime,imdb,True,imdb loadtime opt cold webrender,,77,ms,geckoview,,1778847325,2023-10-24T05:06:29,3073.1,bcdbc81d4adffb0c3b1e04e1854e43cf49314d92,1321416
autoland,4375374,13,92302d37db2c0dde32926e954404b4c8422e3f86,android-hw-a51-11-0-aarch64-shippable-qr,True,False,,|c|o|l|d| |w|e|b|r|e|n|d|e|r|,102210fe594ee9b33d82058545b1ed14f4c8206e,loadtime,imdb,True,imdb loadtime opt cold webrender,,77,ms,geckoview,,1778946734,2023-10-24T08:18:26,3018.3,36a87a6432703a1f3a1f2a92756c90146a19e5f2,1321456
autoland,4375374,13,92302d37db2c0dde32926e954404b4c8422e3f86,android-hw-a51-11-0-aarch64-shippable-qr,True,False,,|c|o|l|d| |w|e|b|r|e|n|d|e|r|,102210fe594ee9b33d82058545b1ed14f4c8206e,loadtime,imdb,True,imdb loadtime opt cold webrender,,77,ms,geckoview,,1779069800,2023-10-24T12:23:09,3115.5,ea758c7008d76a67d75d4874bb1a1a00838f4128,1321565
autoland,4375374,13,92302d37db2c0dde32926e954404b4c8422e3f86,android-hw-a51-11-0-aarch64-shippable-qr,True,False,,|c|o|l|d| |w|e|b|r|e|n|d|e|r|,102210fe594ee9b33d82058545b1ed14f4c8206e,loadtime,imdb,True,imdb loadtime opt cold webrender,,77,ms,geckoview,,1779152459,2023-10-24T13:48:19,3145.6,eccda51a6f68b20cfe9af1e94b9336b9856b103e,1321616
autoland,4375374,13,92302d37db2c0dde32926e954404b4c8422e3f86,android-hw-a51-11-0-aarch64-shippable-qr,True,False,,|c|o|l|d| |w|e|b|r|e|n|d|e|r|,102210fe594ee9b33d82058545b1ed14f4c8206e,loadtime,imdb,True,imdb loadtime opt cold webrender,,77,ms,geckoview,,1779382736,2023-10-24T17:52:45,3003.8,b2dec8a51f6e781be65a730cfde18a11c9569f94,1321799
autoland,4375374,13,92302d37db2c0dde32926e954404b4c8422e3f86,android-hw-a51-11-0-aarch64-shippable-qr,True,False,,|c|o|l|d| |w|e|b|r|e|n|d|e|r|,102210fe594ee9b33d82058545b1ed14f4c8206e,loadtime,imdb,True,imdb loadtime opt cold webrender,,77,ms,geckoview,,1779594018,2023-10-24T21:54:59,3029.2,27ee97bc90986bde66dfb122cc4c8a6a3730e4a3,1321984
autoland,4375374,13,92302d37db2c0dde32926e954404b4c8422e3f86,android-hw-a51-11-0-aarch64-shippable-qr,True,False,,|c|o|l|d| |w|e|b|r|e|n|d|e|r|,102210fe594ee9b33d82058545b1ed14f4c8206e,loadtime,imdb,True,imdb loadtime opt cold webrender,,77,ms,geckoview,,1779661798,2023-10-25T01:35:01,4786.2,edfb4ab939a51c9dc131c959da539ef71f17cf5f,1322066
autoland,4375374,13,92302d37db2c0dde32926e954404b4c8422e3f86,android-hw-a51-11-0-aarch64-shippable-qr,True,False,,|c|o|l|d| |w|e|b|r|e|n|d|e|r|,102210fe594ee9b33d82058545b1ed14f4c8206e,loadtime,imdb,True,imdb loadtime opt cold webrender,,77,ms,geckoview,,1779726422,2023-10-25T05:46:17,3022.2,c00936a538d944ced81780de7e2670806145f0ec,1322115
autoland,4375374,13,92302d37db2c0dde32926e954404b4c8422e3f86,android-hw-a51-11-0-aarch64-shippable-qr,True,False,,|c|o|l|d| |w|e|b|r|e|n|d|e|r|,102210fe594ee9b33d82058545b1ed14f4c8206e,loadtime,imdb,True,imdb loadtime opt cold webrender,,77,ms,geckoview,,1779974340,2023-10-25T09:46:40,3398.1,03d61eb955a9ac6e3374ca4c5504edc41cd1aa4a,1322203
autoland,4375374,13,92302d37db2c0dde32926e954404b4c8422e3f86,android-hw-a51-11-0-aarch64-shippable-qr,True,False,,|c|o|l|d| |w|e|b|r|e|n|d|e|r|,102210fe594ee9b33d82058545b1ed14f4c8206e,loadtime,imdb,True,imdb loadtime opt cold webrender,,77,ms,geckoview,,1779994803,2023-10-25T12:40:12,3077.5,44697a7ca8612ae5a4807f530347c3df1d2c191a,1322280
autoland,4375374,13,92302d37db2c0dde32926e954404b4c8422e3f86,android-hw-a51-11-0-aarch64-shippable-qr,True,False,,|c|o|l|d| |w|e|b|r|e|n|d|e|r|,102210fe594ee9b33d82058545b1ed14f4c8206e,loadtime,imdb,True,imdb loadtime opt cold webrender,,77,ms,geckoview,,1780199836,2023-10-25T16:42:09,3125.3,b8c2a1837c16c66a12ef79eaf5545e92ae448768,1322418
autoland,4375374,13,92302d37db2c0dde32926e954404b4c8422e3f86,android-hw-a51-11-0-aarch64-shippable-qr,True,False,,|c|o|l|d| |w|e|b|r|e|n|d|e|r|,102210fe594ee9b33d82058545b1ed14f4c8206e,loadtime,imdb,True,imdb loadtime opt cold webrender,,77,ms,geckoview,,1780227786,2023-10-25T18:17:29,3050.0,691148c77012c40658cd4a6e4ee3ca178d1c1ca8,1322468
autoland,4375374,13,92302d37db2c0dde32926e954404b4c8422e3f86,android-hw-a51-11-0-aarch64-shippable-qr,True,False,,|c|o|l|d| |w|e|b|r|e|n|d|e|r|,102210fe594ee9b33d82058545b1ed14f4c8206e,loadtime,imdb,True,imdb loadtime opt cold webrender,,77,ms,geckoview,,1780416027,2023-10-25T21:16:28,3405.6,e6a52d2c9941178fa5113e3c7af81f561078c5f5,1322573
autoland,4375374,13,92302d37db2c0dde32926e954404b4c8422e3f86,android-hw-a51-11-0-aarch64-shippable-qr,True,False,,|c|o|l|d| |w|e|b|r|e|n|d|e|r|,102210fe594ee9b33d82058545b1ed14f4c8206e,loadtime,imdb,True,imdb loadtime opt cold webrender,,77,ms,geckoview,,1780542839,2023-10-26T00:52:13,3972.0,68373a168c7ca93b1aa9bb3016a1ffa9ad6b7aac,1322694
autoland,4375374,13,92302d37db2c0dde32926e954404b4c8422e3f86,android-hw-a51-11-0-aarch64-shippable-qr,True,False,,|c|o|l|d| |w|e|b|r|e|n|d|e|r|,102210fe594ee9b33d82058545b1ed14f4c8206e,loadtime,imdb,True,imdb loadtime opt cold webrender,,77,ms,geckoview,,1780712076,2023-10-26T04:52:14,3157.9,62489b97d11d4bb88f1184670849ed8c9dc61708,1322765
autoland,4375374,13,92302d37db2c0dde32926e954404b4c8422e3f86,android-hw-a51-11-0-aarch64-shippable-qr,True,False,,|c|o|l|d| |w|e|b|r|e|n|d|e|r|,102210fe594ee9b33d82058545b1ed14f4c8206e,loadtime,imdb,True,imdb loadtime opt cold webrender,,77,ms,geckoview,,1780817452,2023-10-26T09:06:19,3107.5,8923dca93b808a23856287229fc8f1c0c1d1e20e,1322848
autoland,4375374,13,92302d37db2c0dde32926e954404b4c8422e3f86,android-hw-a51-11-0-aarch64-shippable-qr,True,False,,|c|o|l|d| |w|e|b|r|e|n|d|e|r|,102210fe594ee9b33d82058545b1ed14f4c8206e,loadtime,imdb,True,imdb loadtime opt cold webrender,,77,ms,geckoview,,1780849181,2023-10-26T09:07:41,3255.5,4d2c1911361bbc41f63b4e807070a3d83596b70c,1322851
autoland,4375374,13,92302d37db2c0dde32926e954404b4c8422e3f86,android-hw-a51-11-0-aarch64-shippable-qr,True,False,,|c|o|l|d| |w|e|b|r|e|n|d|e|r|,102210fe594ee9b33d82058545b1ed14f4c8206e,loadtime,imdb,True,imdb loadtime opt cold webrender,,77,ms,geckoview,,1781012257,2023-10-26T13:14:16,3190.8,db6b75385ffe5e764d60c5842add31b3a90c0587,1322985
autoland,4375374,13,92302d37db2c0dde32926e954404b4c8422e3f86,android-hw-a51-11-0-aarch64-shippable-qr,True,False,,|c|o|l|d| |w|e|b|r|e|n|d|e|r|,102210fe594ee9b33d82058545b1ed14f4c8206e,loadtime,imdb,True,imdb loadtime opt cold webrender,,77,ms,geckoview,,1781161737,2023-10-26T13:50:58,3036.6,630864299a197bf416ac18d405063b7ec40c3644,1323009
autoland,4375374,13,92302d37db2c0dde32926e954404b4c8422e3f86,android-hw-a51-11-0-aarch64-shippable-qr,True,False,,|c|o|l|d| |w|e|b|r|e|n|d|e|r|,102210fe594ee9b33d82058545b1ed14f4c8206e,loadtime,imdb,True,imdb loadtime opt cold webrender,,77,ms,geckoview,,1781225206,2023-10-26T17:52:00,3665.5,945d53ccf09fe8c263a6a24db6604162a4707ff9,1323156
autoland,4375374,13,92302d37db2c0dde32926e954404b4c8422e3f86,android-hw-a51-11-0-aarch64-shippable-qr,True,False,,|c|o|l|d| |w|e|b|r|e|n|d|e|r|,102210fe594ee9b33d82058545b1ed14f4c8206e,loadtime,imdb,True,imdb loadtime opt cold webrender,,77,ms,geckoview,,1781257921,2023-10-26T19:25:04,3125.2,a1dbe7d2099563e23614b7c0d0b0f6923ab447f7,1323220
autoland,4375374,13,92302d37db2c0dde32926e954404b4c8422e3f86,android-hw-a51-11-0-aarch64-shippable-qr,True,False,,|c|o|l|d| |w|e|b|r|e|n|d|e|r|,102210fe594ee9b33d82058545b1ed14f4c8206e,loadtime,imdb,True,imdb loadtime opt cold webrender,,77,ms,geckoview,,1781451165,2023-10-26T23:27:25,3046.8,a880804c93083962e65cea658b69a28c06528e8e,1323339
autoland,4375374,13,92302d37db2c0dde32926e954404b4c8422e3f86,android-hw-a51-11-0-aarch64-shippable-qr,True,False,,|c|o|l|d| |w|e|b|r|e|n|d|e|r|,102210fe594ee9b33d82058545b1ed14f4c8206e,loadtime,imdb,True,imdb loadtime opt cold webrender,,77,ms,geckoview,,1781474727,2023-10-27T00:10:25,3108.3,6d47bee6d52ee11125f54db9df7336cbe69593c0,1323363
autoland,4375374,13,92302d37db2c0dde32926e954404b4c8422e3f86,android-hw-a51-11-0-aarch64-shippable-qr,True,False,,|c|o|l|d| |w|e|b|r|e|n|d|e|r|,102210fe594ee9b33d82058545b1ed14f4c8206e,loadtime,imdb,True,imdb loadtime opt cold webrender,,77,ms,geckoview,,1781621493,2023-10-27T05:17:25,3049.8,4024630f5ffa1704a32f70c816f1003b0af9f105,1323421
autoland,4375374,13,92302d37db2c0dde32926e954404b4c8422e3f86,android-hw-a51-11-0-aarch64-shippable-qr,True,False,,|c|o|l|d| |w|e|b|r|e|n|d|e|r|,102210fe594ee9b33d82058545b1ed14f4c8206e,loadtime,imdb,True,imdb loadtime opt cold webrender,,77,ms,geckoview,,1781729249,2023-10-27T08:56:16,3010.6,6e09ac4a4c291480d5951adca6d1659a46f571b2,1323505
autoland,4375374,13,92302d37db2c0dde32926e954404b4c8422e3f86,android-hw-a51-11-0-aarch64-shippable-qr,True,False,,|c|o|l|d| |w|e|b|r|e|n|d|e|r|,102210fe594ee9b33d82058545b1ed14f4c8206e,loadtime,imdb,True,imdb loadtime opt cold webrender,,77,ms,geckoview,,1781902188,2023-10-27T13:05:02,3321.3,6013b7df2b9133416d4244ef4d45c492f215c3d0,1323649
autoland,4375374,13,92302d37db2c0dde32926e954404b4c8422e3f86,android-hw-a51-11-0-aarch64-shippable-qr,True,False,,|c|o|l|d| |w|e|b|r|e|n|d|e|r|,102210fe594ee9b33d82058545b1ed14f4c8206e,loadtime,imdb,True,imdb loadtime opt cold webrender,,77,ms,geckoview,,1781918503,2023-10-27T13:54:58,3045.2,cda838e04db16590f96ddeaa7d7d54cc80e12a03,1323685
autoland,4375374,13,92302d37db2c0dde32926e954404b4c8422e3f86,android-hw-a51-11-0-aarch64-shippable-qr,True,False,,|c|o|l|d| |w|e|b|r|e|n|d|e|r|,102210fe594ee9b33d82058545b1ed14f4c8206e,loadtime,imdb,True,imdb loadtime opt cold webrender,,77,ms,geckoview,,1782051926,2023-10-27T17:16:47,3534.7,b6d6a9c84257af5a3d659491a2ab963896e70d0d,1323813
autoland,4375374,13,92302d37db2c0dde32926e954404b4c8422e3f86,android-hw-a51-11-0-aarch64-shippable-qr,True,False,,|c|o|l|d| |w|e|b|r|e|n|d|e|r|,102210fe594ee9b33d82058545b1ed14f4c8206e,loadtime,imdb,True,imdb loadtime opt cold webrender,,77,ms,geckoview,,1782334609,2023-10-27T23:12:32,3046.6,5c87acee8b894f06e4b248cb602b36ccfcef1615,1323985
autoland,4375374,13,92302d37db2c0dde32926e954404b4c8422e3f86,android-hw-a51-11-0-aarch64-shippable-qr,True,False,,|c|o|l|d| |w|e|b|r|e|n|d|e|r|,102210fe594ee9b33d82058545b1ed14f4c8206e,loadtime,imdb,True,imdb loadtime opt cold webrender,,77,ms,geckoview,,1782485775,2023-10-28T03:14:30,3194.1,0be08aa0812f81d5eb9f2235165d8478ebaf825b,1324017
autoland,4375374,13,92302d37db2c0dde32926e954404b4c8422e3f86,android-hw-a51-11-0-aarch64-shippable-qr,True,False,,|c|o|l|d| |w|e|b|r|e|n|d|e|r|,102210fe594ee9b33d82058545b1ed14f4c8206e,loadtime,imdb,True,imdb loadtime opt cold webrender,,77,ms,geckoview,,1783040591,2023-10-29T17:34:24,3103.3,da935aab57913c853df3002f297cc6eb76175828,1324194
autoland,4375374,13,92302d37db2c0dde32926e954404b4c8422e3f86,android-hw-a51-11-0-aarch64-shippable-qr,True,False,,|c|o|l|d| |w|e|b|r|e|n|d|e|r|,102210fe594ee9b33d82058545b1ed14f4c8206e,loadtime,imdb,True,imdb loadtime opt cold webrender,,77,ms,geckoview,,1783127562,2023-10-29T22:37:58,3241.6,61e57e6ba3b7e09a71062e7cdc44f395af832716,1324214
autoland,4375374,13,92302d37db2c0dde32926e954404b4c8422e3f86,android-hw-a51-11-0-aarch64-shippable-qr,True,False,,|c|o|l|d| |w|e|b|r|e|n|d|e|r|,102210fe594ee9b33d82058545b1ed14f4c8206e,loadtime,imdb,True,imdb loadtime opt cold webrender,,77,ms,geckoview,,1783245178,2023-10-30T03:06:34,3096.9,cfc1bbb8edcc79491d2e1267e84338d155b2ee3c,1324224
autoland,4375374,13,92302d37db2c0dde32926e954404b4c8422e3f86,android-hw-a51-11-0-aarch64-shippable-qr,True,False,,|c|o|l|d| |w|e|b|r|e|n|d|e|r|,102210fe594ee9b33d82058545b1ed14f4c8206e,loadtime,imdb,True,imdb loadtime opt cold webrender,,77,ms,geckoview,,1783339043,2023-10-30T07:08:15,3031.7,07ff1e2e4f656661631e6746f339e6232b59ebfd,1324243
autoland,4375374,13,92302d37db2c0dde32926e954404b4c8422e3f86,android-hw-a51-11-0-aarch64-shippable-qr,True,False,,|c|o|l|d| |w|e|b|r|e|n|d|e|r|,102210fe594ee9b33d82058545b1ed14f4c8206e,loadtime,imdb,True,imdb loadtime opt cold webrender,,77,ms,geckoview,,1783516437,2023-10-30T12:36:41,3030.9,9c6272da5dc92ff944d294d9a026bd42a408c784,1324389
autoland,4375374,13,92302d37db2c0dde32926e954404b4c8422e3f86,android-hw-a51-11-0-aarch64-shippable-qr,True,False,,|c|o|l|d| |w|e|b|r|e|n|d|e|r|,102210fe594ee9b33d82058545b1ed14f4c8206e,loadtime,imdb,True,imdb loadtime opt cold webrender,,77,ms,geckoview,,1783592973,2023-10-30T13:43:34,3082.2,d2a035a8329b5914bcd659ea1ea427c251c4d138,1324429
autoland,4375374,13,92302d37db2c0dde32926e954404b4c8422e3f86,android-hw-a51-11-0-aarch64-shippable-qr,True,False,,|c|o|l|d| |w|e|b|r|e|n|d|e|r|,102210fe594ee9b33d82058545b1ed14f4c8206e,loadtime,imdb,True,imdb loadtime opt cold webrender,,77,ms,geckoview,,1783734797,2023-10-30T17:20:21,3021.4,277907757ae0f5c9f9a9b4b15473ec6f3eab7674,1324599
autoland,4375374,13,92302d37db2c0dde32926e954404b4c8422e3f86,android-hw-a51-11-0-aarch64-shippable-qr,True,False,,|c|o|l|d| |w|e|b|r|e|n|d|e|r|,102210fe594ee9b33d82058545b1ed14f4c8206e,loadtime,imdb,True,imdb loadtime opt cold webrender,,77,ms,geckoview,,1783918613,2023-10-30T21:26:51,3084.3,250d50a3e9aedba6c41312d2ce03b03eabac5c84,1324725
autoland,4375374,13,92302d37db2c0dde32926e954404b4c8422e3f86,android-hw-a51-11-0-aarch64-shippable-qr,True,False,,|c|o|l|d| |w|e|b|r|e|n|d|e|r|,102210fe594ee9b33d82058545b1ed14f4c8206e,loadtime,imdb,True,imdb loadtime opt cold webrender,,77,ms,geckoview,,1783959367,2023-10-30T22:47:24,3093.8,9d87d8875f3012f1cb5e065b5861f41a29d1173c,1324763
autoland,4375374,13,92302d37db2c0dde32926e954404b4c8422e3f86,android-hw-a51-11-0-aarch64-shippable-qr,True,False,,|c|o|l|d| |w|e|b|r|e|n|d|e|r|,102210fe594ee9b33d82058545b1ed14f4c8206e,loadtime,imdb,True,imdb loadtime opt cold webrender,,77,ms,geckoview,,1784107816,2023-10-31T03:27:18,3114.5,88295a805fb918c5a40c57d9827608c50c65da1a,1324833
autoland,4375374,13,92302d37db2c0dde32926e954404b4c8422e3f86,android-hw-a51-11-0-aarch64-shippable-qr,True,False,,|c|o|l|d| |w|e|b|r|e|n|d|e|r|,102210fe594ee9b33d82058545b1ed14f4c8206e,loadtime,imdb,True,imdb loadtime opt cold webrender,,77,ms,geckoview,,1784291179,2023-10-31T08:52:16,4251.0,26a58e0274b4491ce07587bf329d30954bfa36a5,1324883
autoland,4375374,13,92302d37db2c0dde32926e954404b4c8422e3f86,android-hw-a51-11-0-aarch64-shippable-qr,True,False,,|c|o|l|d| |w|e|b|r|e|n|d|e|r|,102210fe594ee9b33d82058545b1ed14f4c8206e,loadtime,imdb,True,imdb loadtime opt cold webrender,,77,ms,geckoview,,1784392643,2023-10-31T10:24:24,3116.0,173608723df3997c0b39049e55f7e4f529974bd1,1324925
autoland,4375374,13,92302d37db2c0dde32926e954404b4c8422e3f86,android-hw-a51-11-0-aarch64-shippable-qr,True,False,,|c|o|l|d| |w|e|b|r|e|n|d|e|r|,102210fe594ee9b33d82058545b1ed14f4c8206e,loadtime,imdb,True,imdb loadtime opt cold webrender,,77,ms,geckoview,,1784573340,2023-10-31T14:28:55,3002.4,d93c1e224fa334cb0e1a4faf860be329181c1d60,1325039
autoland,4375374,13,92302d37db2c0dde32926e954404b4c8422e3f86,android-hw-a51-11-0-aarch64-shippable-qr,True,False,,|c|o|l|d| |w|e|b|r|e|n|d|e|r|,102210fe594ee9b33d82058545b1ed14f4c8206e,loadtime,imdb,True,imdb loadtime opt cold webrender,,77,ms,geckoview,,1784594302,2023-10-31T15:46:12,3079.1,4712d595873a538c628ea09a2826c33e3f2e383d,1325101
autoland,4375374,13,92302d37db2c0dde32926e954404b4c8422e3f86,android-hw-a51-11-0-aarch64-shippable-qr,True,False,,|c|o|l|d| |w|e|b|r|e|n|d|e|r|,102210fe594ee9b33d82058545b1ed14f4c8206e,loadtime,imdb,True,imdb loadtime opt cold webrender,,77,ms,geckoview,,1784770483,2023-10-31T20:04:41,3011.7,5624631ba42eb404a5c5b4e50e9c4fbc826eef31,1325256
autoland,4375374,13,92302d37db2c0dde32926e954404b4c8422e3f86,android-hw-a51-11-0-aarch64-shippable-qr,True,False,,|c|o|l|d| |w|e|b|r|e|n|d|e|r|,102210fe594ee9b33d82058545b1ed14f4c8206e,loadtime,imdb,True,imdb loadtime opt cold webrender,,77,ms,geckoview,,1784867387,2023-10-31T22:59:03,3170.5,251055c46bfcc027766c9bdaccaaa919c3e6c8f6,1325343
autoland,4375374,13,92302d37db2c0dde32926e954404b4c8422e3f86,android-hw-a51-11-0-aarch64-shippable-qr,True,False,,|c|o|l|d| |w|e|b|r|e|n|d|e|r|,102210fe594ee9b33d82058545b1ed14f4c8206e,loadtime,imdb,True,imdb loadtime opt cold webrender,,77,ms,geckoview,,1785096822,2023-11-01T04:08:21,3068.8,b73ef4c8979fb0702de9f4bf2fdf986b1d0fd487,1325446
autoland,4375374,13,92302d37db2c0dde32926e954404b4c8422e3f86,android-hw-a51-11-0-aarch64-shippable-qr,True,False,,|c|o|l|d| |w|e|b|r|e|n|d|e|r|,102210fe594ee9b33d82058545b1ed14f4c8206e,loadtime,imdb,True,imdb loadtime opt cold webrender,,77,ms,geckoview,,1785177699,2023-11-01T08:27:37,3083.6,5db6f03a7c103189ba38ef4c4687a046566f4e5b,1325492
autoland,4375374,13,92302d37db2c0dde32926e954404b4c8422e3f86,android-hw-a51-11-0-aarch64-shippable-qr,True,False,,|c|o|l|d| |w|e|b|r|e|n|d|e|r|,102210fe594ee9b33d82058545b1ed14f4c8206e,loadtime,imdb,True,imdb loadtime opt cold webrender,,77,ms,geckoview,,1785396195,2023-11-01T15:00:09,3152.0,dee5e3c280a214c32ea4f7a2b6446bbe456ecb54,1325661
autoland,4375374,13,92302d37db2c0dde32926e954404b4c8422e3f86,android-hw-a51-11-0-aarch64-shippable-qr,True,False,,|c|o|l|d| |w|e|b|r|e|n|d|e|r|,102210fe594ee9b33d82058545b1ed14f4c8206e,loadtime,imdb,True,imdb loadtime opt cold webrender,,77,ms,geckoview,,1785584581,2023-11-01T21:17:16,3092.4,3eea9367b17b3c112968a3f0e008b1005452bbdd,1325895
autoland,4375374,13,92302d37db2c0dde32926e954404b4c8422e3f86,android-hw-a51-11-0-aarch64-shippable-qr,True,False,,|c|o|l|d| |w|e|b|r|e|n|d|e|r|,102210fe594ee9b33d82058545b1ed14f4c8206e,loadtime,imdb,True,imdb loadtime opt cold webrender,,77,ms,geckoview,,1785716147,2023-11-02T01:36:12,3178.9,0ea21c7c9ab7dcf411a8094c876b12784bc6343c,1325979
autoland,4375374,13,92302d37db2c0dde32926e954404b4c8422e3f86,android-hw-a51-11-0-aarch64-shippable-qr,True,False,,|c|o|l|d| |w|e|b|r|e|n|d|e|r|,102210fe594ee9b33d82058545b1ed14f4c8206e,loadtime,imdb,True,imdb loadtime opt cold webrender,,77,ms,geckoview,,1785838104,2023-11-02T06:18:28,3048.1,1fcf041bc427507f767a28519182263ab9925550,1326017
autoland,4375374,13,92302d37db2c0dde32926e954404b4c8422e3f86,android-hw-a51-11-0-aarch64-shippable-qr,True,False,,|c|o|l|d| |w|e|b|r|e|n|d|e|r|,102210fe594ee9b33d82058545b1ed14f4c8206e,loadtime,imdb,True,imdb loadtime opt cold webrender,,77,ms,geckoview,,1785941191,2023-11-02T10:56:45,3072.0,86b37d608b6dff619ef21dd6df25970d2f35504f,1326103
autoland,4375374,13,92302d37db2c0dde32926e954404b4c8422e3f86,android-hw-a51-11-0-aarch64-shippable-qr,True,False,,|c|o|l|d| |w|e|b|r|e|n|d|e|r|,102210fe594ee9b33d82058545b1ed14f4c8206e,loadtime,imdb,True,imdb loadtime opt cold webrender,,77,ms,geckoview,,1785974233,2023-11-02T12:13:53,3077.5,59754ae1b71386535d42979e577deaaad4aa522f,1326138
autoland,4375374,13,92302d37db2c0dde32926e954404b4c8422e3f86,android-hw-a51-11-0-aarch64-shippable-qr,True,False,,|c|o|l|d| |w|e|b|r|e|n|d|e|r|,102210fe594ee9b33d82058545b1ed14f4c8206e,loadtime,imdb,True,imdb loadtime opt cold webrender,,77,ms,geckoview,,1786203541,2023-11-02T15:35:11,3062.2,b32fede7af3947e835399bab4d1d7f096517521f,1326301
autoland,4375374,13,92302d37db2c0dde32926e954404b4c8422e3f86,android-hw-a51-11-0-aarch64-shippable-qr,True,False,,|c|o|l|d| |w|e|b|r|e|n|d|e|r|,102210fe594ee9b33d82058545b1ed14f4c8206e,loadtime,imdb,True,imdb loadtime opt cold webrender,,77,ms,geckoview,,1786293508,2023-11-02T19:35:23,3051.6,94e5f553d8ee5632338645c8928e3cc1454d7b5b,1326465
autoland,4375374,13,92302d37db2c0dde32926e954404b4c8422e3f86,android-hw-a51-11-0-aarch64-shippable-qr,True,False,,|c|o|l|d| |w|e|b|r|e|n|d|e|r|,102210fe594ee9b33d82058545b1ed14f4c8206e,loadtime,imdb,True,imdb loadtime opt cold webrender,,77,ms,geckoview,,1786389825,2023-11-02T22:16:50,3024.0,e76a1dc1e2e5cfa536e6893665fb8d42d2669341,1326592
autoland,4375374,13,92302d37db2c0dde32926e954404b4c8422e3f86,android-hw-a51-11-0-aarch64-shippable-qr,True,False,,|c|o|l|d| |w|e|b|r|e|n|d|e|r|,102210fe594ee9b33d82058545b1ed14f4c8206e,loadtime,imdb,True,imdb loadtime opt cold webrender,,77,ms,geckoview,,1786480759,2023-11-03T02:17:21,3106.3,7398cacb1ad3e7be98ad07eff3a56fd050025c48,1326661
autoland,4375374,13,92302d37db2c0dde32926e954404b4c8422e3f86,android-hw-a51-11-0-aarch64-shippable-qr,True,False,,|c|o|l|d| |w|e|b|r|e|n|d|e|r|,102210fe594ee9b33d82058545b1ed14f4c8206e,loadtime,imdb,True,imdb loadtime opt cold webrender,,77,ms,geckoview,,1786564992,2023-11-03T06:29:48,3040.8,63221dffde4f2b6c134c16fb540dea75d856626d,1326720
autoland,4375374,13,92302d37db2c0dde32926e954404b4c8422e3f86,android-hw-a51-11-0-aarch64-shippable-qr,True,False,,|c|o|l|d| |w|e|b|r|e|n|d|e|r|,102210fe594ee9b33d82058545b1ed14f4c8206e,loadtime,imdb,True,imdb loadtime opt cold webrender,,77,ms,geckoview,,1786776727,2023-11-03T09:45:55,3029.3,fef2ab0f10caa08593c20e7febc4cec185670a4a,1326769
autoland,4375374,13,92302d37db2c0dde32926e954404b4c8422e3f86,android-hw-a51-11-0-aarch64-shippable-qr,True,False,,|c|o|l|d| |w|e|b|r|e|n|d|e|r|,102210fe594ee9b33d82058545b1ed14f4c8206e,loadtime,imdb,True,imdb loadtime opt cold webrender,,77,ms,geckoview,,1786846231,2023-11-03T14:08:17,3217.4,db8c28afe588aab0cd434e280a4614c075350cde,1326874
autoland,4375374,13,92302d37db2c0dde32926e954404b4c8422e3f86,android-hw-a51-11-0-aarch64-shippable-qr,True,False,,|c|o|l|d| |w|e|b|r|e|n|d|e|r|,102210fe594ee9b33d82058545b1ed14f4c8206e,loadtime,imdb,True,imdb loadtime opt cold webrender,,77,ms,geckoview,,1786965453,2023-11-03T15:30:02,3047.8,c1bbed9e33815cc111047e95375c6446ad566b5b,1326932
autoland,4375374,13,92302d37db2c0dde32926e954404b4c8422e3f86,android-hw-a51-11-0-aarch64-shippable-qr,True,False,,|c|o|l|d| |w|e|b|r|e|n|d|e|r|,102210fe594ee9b33d82058545b1ed14f4c8206e,loadtime,imdb,True,imdb loadtime opt cold webrender,,77,ms,geckoview,,1786988391,2023-11-03T19:29:08,3042.8,3483c8458f12814829ccacc001ce04923ce9c601,1327119
autoland,4375374,13,92302d37db2c0dde32926e954404b4c8422e3f86,android-hw-a51-11-0-aarch64-shippable-qr,True,False,,|c|o|l|d| |w|e|b|r|e|n|d|e|r|,102210fe594ee9b33d82058545b1ed14f4c8206e,loadtime,imdb,True,imdb loadtime opt cold webrender,,77,ms,geckoview,,1787121170,2023-11-04T00:04:01,3271.0,71b8373e6622cf42c02a4244f2c2629c6afed2db,1327246
autoland,4375374,13,92302d37db2c0dde32926e954404b4c8422e3f86,android-hw-a51-11-0-aarch64-shippable-qr,True,False,,|c|o|l|d| |w|e|b|r|e|n|d|e|r|,102210fe594ee9b33d82058545b1ed14f4c8206e,loadtime,imdb,True,imdb loadtime opt cold webrender,,77,ms,geckoview,,1787145463,2023-11-04T01:35:30,3091.0,fa8ebe703963d027ce9185c21a4e7bdc98f8cd68,1327271
autoland,4375374,13,92302d37db2c0dde32926e954404b4c8422e3f86,android-hw-a51-11-0-aarch64-shippable-qr,True,False,,|c|o|l|d| |w|e|b|r|e|n|d|e|r|,102210fe594ee9b33d82058545b1ed14f4c8206e,loadtime,imdb,True,imdb loadtime opt cold webrender,,77,ms,geckoview,,1787220837,2023-11-04T08:24:01,3069.3,f65c77517e3e8d32a23f3607a039a558abd2b12c,1327306
autoland,4375374,13,92302d37db2c0dde32926e954404b4c8422e3f86,android-hw-a51-11-0-aarch64-shippable-qr,True,False,,|c|o|l|d| |w|e|b|r|e|n|d|e|r|,102210fe594ee9b33d82058545b1ed14f4c8206e,loadtime,imdb,True,imdb loadtime opt cold webrender,,77,ms,geckoview,,1787353909,2023-11-04T14:15:16,3053.0,90f5a1a99e4af4267d041ebe447fe2c0d6028eec,1327379
autoland,4375374,13,92302d37db2c0dde32926e954404b4c8422e3f86,android-hw-a51-11-0-aarch64-shippable-qr,True,False,,|c|o|l|d| |w|e|b|r|e|n|d|e|r|,102210fe594ee9b33d82058545b1ed14f4c8206e,loadtime,imdb,True,imdb loadtime opt cold webrender,,77,ms,geckoview,,1787443578,2023-11-04T18:45:40,3000.7,55a02a6f1e91945e24618f64bd61b9f3a0beeea0,1327418
autoland,4375374,13,92302d37db2c0dde32926e954404b4c8422e3f86,android-hw-a51-11-0-aarch64-shippable-qr,True,False,,|c|o|l|d| |w|e|b|r|e|n|d|e|r|,102210fe594ee9b33d82058545b1ed14f4c8206e,loadtime,imdb,True,imdb loadtime opt cold webrender,,77,ms,geckoview,,1787510625,2023-11-04T23:01:16,3043.8,c6d6218c85ae690d272c8b978051ec7c2718b1b2,1327454
autoland,4375374,13,92302d37db2c0dde32926e954404b4c8422e3f86,android-hw-a51-11-0-aarch64-shippable-qr,True,False,,|c|o|l|d| |w|e|b|r|e|n|d|e|r|,102210fe594ee9b33d82058545b1ed14f4c8206e,loadtime,imdb,True,imdb loadtime opt cold webrender,,77,ms,geckoview,,1787740647,2023-11-05T12:31:02,3068.2,6e473b5825d2acd52739d9cc4cdec6ea5e26c9d1,1327508
autoland,4375374,13,92302d37db2c0dde32926e954404b4c8422e3f86,android-hw-a51-11-0-aarch64-shippable-qr,True,False,,|c|o|l|d| |w|e|b|r|e|n|d|e|r|,102210fe594ee9b33d82058545b1ed14f4c8206e,loadtime,imdb,True,imdb loadtime opt cold webrender,,77,ms,geckoview,,1787881183,2023-11-05T17:15:11,2982.8,e4d362eebc148baf8432d0b013b6233995a2f16e,1327546
autoland,4375374,13,92302d37db2c0dde32926e954404b4c8422e3f86,android-hw-a51-11-0-aarch64-shippable-qr,True,False,,|c|o|l|d| |w|e|b|r|e|n|d|e|r|,102210fe594ee9b33d82058545b1ed14f4c8206e,loadtime,imdb,True,imdb loadtime opt cold webrender,,77,ms,geckoview,,1788000148,2023-11-05T22:35:05,3677.6,1995198e0bee1b9f7d4ac3a5286fb89a8305fa28,1327567
autoland,4375374,13,92302d37db2c0dde32926e954404b4c8422e3f86,android-hw-a51-11-0-aarch64-shippable-qr,True,False,,|c|o|l|d| |w|e|b|r|e|n|d|e|r|,102210fe594ee9b33d82058545b1ed14f4c8206e,loadtime,imdb,True,imdb loadtime opt cold webrender,,77,ms,geckoview,,1788237543,2023-11-06T03:28:15,3074.7,925231a8fb5eccf055afb3e9921596d8f990128b,1327590
autoland,4375374,13,92302d37db2c0dde32926e954404b4c8422e3f86,android-hw-a51-11-0-aarch64-shippable-qr,True,False,,|c|o|l|d| |w|e|b|r|e|n|d|e|r|,102210fe594ee9b33d82058545b1ed14f4c8206e,loadtime,imdb,True,imdb loadtime opt cold webrender,,77,ms,geckoview,,1788307907,2023-11-06T06:27:10,3040.7,58f61f19462af6371405866cd0506983856d5433,1327613
autoland,4375374,13,92302d37db2c0dde32926e954404b4c8422e3f86,android-hw-a51-11-0-aarch64-shippable-qr,True,False,,|c|o|l|d| |w|e|b|r|e|n|d|e|r|,102210fe594ee9b33d82058545b1ed14f4c8206e,loadtime,imdb,True,imdb loadtime opt cold webrender,,77,ms,geckoview,,1788529061,2023-11-06T10:22:32,3039.7,47130f8e8a79f36f7bea8cf4a4a19a3ef155e539,1327714
autoland,4375374,13,92302d37db2c0dde32926e954404b4c8422e3f86,android-hw-a51-11-0-aarch64-shippable-qr,True,False,,|c|o|l|d| |w|e|b|r|e|n|d|e|r|,102210fe594ee9b33d82058545b1ed14f4c8206e,loadtime,imdb,True,imdb loadtime opt cold webrender,,77,ms,geckoview,,1788687251,2023-11-06T14:23:08,3005.1,e85ef9b0c6ee61f9f14bf8b49cd5f6e0a5fac3d7,1327890
autoland,4375374,13,92302d37db2c0dde32926e954404b4c8422e3f86,android-hw-a51-11-0-aarch64-shippable-qr,True,False,,|c|o|l|d| |w|e|b|r|e|n|d|e|r|,102210fe594ee9b33d82058545b1ed14f4c8206e,loadtime,imdb,True,imdb loadtime opt cold webrender,,77,ms,geckoview,,1788763120,2023-11-06T17:39:09,3052.7,6d5e2f6a296345f3afbeecf2e34bf0f7da7c7991,1328028
autoland,4375374,13,92302d37db2c0dde32926e954404b4c8422e3f86,android-hw-a51-11-0-aarch64-shippable-qr,True,False,,|c|o|l|d| |w|e|b|r|e|n|d|e|r|,102210fe594ee9b33d82058545b1ed14f4c8206e,loadtime,imdb,True,imdb loadtime opt cold webrender,,77,ms,geckoview,,1788854833,2023-11-06T20:45:17,3143.4,cfad60e16bc9ffd1123a5eb881ba42aaa60b9b18,1328100
autoland,4375374,13,92302d37db2c0dde32926e954404b4c8422e3f86,android-hw-a51-11-0-aarch64-shippable-qr,True,False,,|c|o|l|d| |w|e|b|r|e|n|d|e|r|,102210fe594ee9b33d82058545b1ed14f4c8206e,loadtime,imdb,True,imdb loadtime opt cold webrender,,77,ms,geckoview,,1788959360,2023-11-07T01:37:21,3054.0,05f23c29b41cfcb7bfe0b081854260fa6d04388f,1328269
autoland,4375374,13,92302d37db2c0dde32926e954404b4c8422e3f86,android-hw-a51-11-0-aarch64-shippable-qr,True,False,,|c|o|l|d| |w|e|b|r|e|n|d|e|r|,102210fe594ee9b33d82058545b1ed14f4c8206e,loadtime,imdb,True,imdb loadtime opt cold webrender,,77,ms,geckoview,,1789127851,2023-11-07T05:57:42,3029.8,5f6163941f402e507f0d384b9904f2a425a28d57,1328312
autoland,4375374,13,92302d37db2c0dde32926e954404b4c8422e3f86,android-hw-a51-11-0-aarch64-shippable-qr,True,False,,|c|o|l|d| |w|e|b|r|e|n|d|e|r|,102210fe594ee9b33d82058545b1ed14f4c8206e,loadtime,imdb,True,imdb loadtime opt cold webrender,,77,ms,geckoview,,1789161817,2023-11-07T07:13:43,3062.9,7a3978f0626b31f7d311cbc700a8ad6eef3c38a7,1328322
autoland,4375374,13,92302d37db2c0dde32926e954404b4c8422e3f86,android-hw-a51-11-0-aarch64-shippable-qr,True,False,,|c|o|l|d| |w|e|b|r|e|n|d|e|r|,102210fe594ee9b33d82058545b1ed14f4c8206e,loadtime,imdb,True,imdb loadtime opt cold webrender,,77,ms,geckoview,,1789403324,2023-11-07T15:22:28,3074.9,3a6678776d36c32f58fe521d73f09bbc1478cbbb,1328534
autoland,4375374,13,92302d37db2c0dde32926e954404b4c8422e3f86,android-hw-a51-11-0-aarch64-shippable-qr,True,False,,|c|o|l|d| |w|e|b|r|e|n|d|e|r|,102210fe594ee9b33d82058545b1ed14f4c8206e,loadtime,imdb,True,imdb loadtime opt cold webrender,,77,ms,geckoview,,1789523576,2023-11-07T20:38:50,3084.8,2f5322fade4338f844537e7e14979d023e4b7d48,1328596
autoland,4375374,13,92302d37db2c0dde32926e954404b4c8422e3f86,android-hw-a51-11-0-aarch64-shippable-qr,True,False,,|c|o|l|d| |w|e|b|r|e|n|d|e|r|,102210fe594ee9b33d82058545b1ed14f4c8206e,loadtime,imdb,True,imdb loadtime opt cold webrender,,77,ms,geckoview,,1789641227,2023-11-07T23:09:36,3039.7,146ef5c46755802d7609ece035e0115301c936bd,1328770
autoland,4375374,13,92302d37db2c0dde32926e954404b4c8422e3f86,android-hw-a51-11-0-aarch64-shippable-qr,True,False,,|c|o|l|d| |w|e|b|r|e|n|d|e|r|,102210fe594ee9b33d82058545b1ed14f4c8206e,loadtime,imdb,True,imdb loadtime opt cold webrender,,77,ms,geckoview,,1789693585,2023-11-08T00:15:37,2977.1,54f6a0fa6c5ffe3ce0a5f981a4cdedc058256898,1328812
autoland,4375374,13,92302d37db2c0dde32926e954404b4c8422e3f86,android-hw-a51-11-0-aarch64-shippable-qr,True,False,,|c|o|l|d| |w|e|b|r|e|n|d|e|r|,102210fe594ee9b33d82058545b1ed14f4c8206e,loadtime,imdb,True,imdb loadtime opt cold webrender,,77,ms,geckoview,,1789833773,2023-11-08T05:24:12,3166.1,68721f0d6aec0facf9c8f271ea2bb2719348014a,1328912
autoland,4375374,13,92302d37db2c0dde32926e954404b4c8422e3f86,android-hw-a51-11-0-aarch64-shippable-qr,True,False,,|c|o|l|d| |w|e|b|r|e|n|d|e|r|,102210fe594ee9b33d82058545b1ed14f4c8206e,loadtime,imdb,True,imdb loadtime opt cold webrender,,77,ms,geckoview,,1789995794,2023-11-08T09:44:01,2989.8,578787894d0e996af4d743caf71b5501330fb2ab,1328973
autoland,4375374,13,92302d37db2c0dde32926e954404b4c8422e3f86,android-hw-a51-11-0-aarch64-shippable-qr,True,False,,|c|o|l|d| |w|e|b|r|e|n|d|e|r|,102210fe594ee9b33d82058545b1ed14f4c8206e,loadtime,imdb,True,imdb loadtime opt cold webrender,,77,ms,geckoview,,1790036553,2023-11-08T09:46:58,2976.8,e65fca949600e3163fd1befd6423958e0bc70029,1328975
autoland,4375374,13,92302d37db2c0dde32926e954404b4c8422e3f86,android-hw-a51-11-0-aarch64-shippable-qr,True,False,,|c|o|l|d| |w|e|b|r|e|n|d|e|r|,102210fe594ee9b33d82058545b1ed14f4c8206e,loadtime,imdb,True,imdb loadtime opt cold webrender,,77,ms,geckoview,,1790099289,2023-11-08T13:41:28,3011.2,ae536a17c1ffbb830141240a38f81e032b6645ea,1329115
autoland,4375374,13,92302d37db2c0dde32926e954404b4c8422e3f86,android-hw-a51-11-0-aarch64-shippable-qr,True,False,,|c|o|l|d| |w|e|b|r|e|n|d|e|r|,102210fe594ee9b33d82058545b1ed14f4c8206e,loadtime,imdb,True,imdb loadtime opt cold webrender,,77,ms,geckoview,,1790196000,2023-11-08T17:45:21,3022.3,f1fb5f0afb5896b5c30e6a9b1439a9c4de4a3db2,1329261
autoland,4375374,13,92302d37db2c0dde32926e954404b4c8422e3f86,android-hw-a51-11-0-aarch64-shippable-qr,True,False,,|c|o|l|d| |w|e|b|r|e|n|d|e|r|,102210fe594ee9b33d82058545b1ed14f4c8206e,loadtime,imdb,True,imdb loadtime opt cold webrender,,77,ms,geckoview,,1790427413,2023-11-08T23:10:55,3035.8,9b044e3ed5981e128922152098934a6691bfcd97,1329500
autoland,4375374,13,92302d37db2c0dde32926e954404b4c8422e3f86,android-hw-a51-11-0-aarch64-shippable-qr,True,False,,|c|o|l|d| |w|e|b|r|e|n|d|e|r|,102210fe594ee9b33d82058545b1ed14f4c8206e,loadtime,imdb,True,imdb loadtime opt cold webrender,,77,ms,geckoview,,1790434922,2023-11-09T00:04:05,3062.2,fd3f50f4dce00592f4da8f972037ced4a0c9f5be,1329532
autoland,4375374,13,92302d37db2c0dde32926e954404b4c8422e3f86,android-hw-a51-11-0-aarch64-shippable-qr,True,False,,|c|o|l|d| |w|e|b|r|e|n|d|e|r|,102210fe594ee9b33d82058545b1ed14f4c8206e,loadtime,imdb,True,imdb loadtime opt cold webrender,,77,ms,geckoview,,1790615005,2023-11-09T04:14:58,3350.9,975206b939dc6e4f823a1a29c703dd586e4157b9,1329628
autoland,4375374,13,92302d37db2c0dde32926e954404b4c8422e3f86,android-hw-a51-11-0-aarch64-shippable-qr,True,False,,|c|o|l|d| |w|e|b|r|e|n|d|e|r|,102210fe594ee9b33d82058545b1ed14f4c8206e,loadtime,imdb,True,imdb loadtime opt cold webrender,,77,ms,geckoview,,1790745080,2023-11-09T08:18:01,2982.8,d0c4fdebcd36de1f0361cb29103afbf36e498521,1329688
autoland,4375374,13,92302d37db2c0dde32926e954404b4c8422e3f86,android-hw-a51-11-0-aarch64-shippable-qr,True,False,,|c|o|l|d| |w|e|b|r|e|n|d|e|r|,102210fe594ee9b33d82058545b1ed14f4c8206e,loadtime,imdb,True,imdb loadtime opt cold webrender,,77,ms,geckoview,,1790745915,2023-11-09T08:32:31,3040.4,5392006086fa6f66b9c2f5919b8c65d04cf44936,1329693
autoland,4375374,13,92302d37db2c0dde32926e954404b4c8422e3f86,android-hw-a51-11-0-aarch64-shippable-qr,True,False,,|c|o|l|d| |w|e|b|r|e|n|d|e|r|,102210fe594ee9b33d82058545b1ed14f4c8206e,loadtime,imdb,True,imdb loadtime opt cold webrender,,77,ms,geckoview,,1790929321,2023-11-09T12:39:55,3024.5,0d25aa82c9421a1a0e1d9bf224094a9feaa083c0,1329818
autoland,4375374,13,92302d37db2c0dde32926e954404b4c8422e3f86,android-hw-a51-11-0-aarch64-shippable-qr,True,False,,|c|o|l|d| |w|e|b|r|e|n|d|e|r|,102210fe594ee9b33d82058545b1ed14f4c8206e,loadtime,imdb,True,imdb loadtime opt cold webrender,,77,ms,geckoview,,1790964400,2023-11-09T13:52:13,3022.3,af9d30c92582a30a1e7987079e780e59aa69ab7b,1329843
autoland,4375374,13,92302d37db2c0dde32926e954404b4c8422e3f86,android-hw-a51-11-0-aarch64-shippable-qr,True,False,,|c|o|l|d| |w|e|b|r|e|n|d|e|r|,102210fe594ee9b33d82058545b1ed14f4c8206e,loadtime,imdb,True,imdb loadtime opt cold webrender,,77,ms,geckoview,,1791126442,2023-11-09T18:06:54,2957.0,1eda7f37f458e81d7c275eb0a3e1959cdfdb5053,1329987
autoland,4375374,13,92302d37db2c0dde32926e954404b4c8422e3f86,android-hw-a51-11-0-aarch64-shippable-qr,True,False,,|c|o|l|d| |w|e|b|r|e|n|d|e|r|,102210fe594ee9b33d82058545b1ed14f4c8206e,loadtime,imdb,True,imdb loadtime opt cold webrender,,77,ms,geckoview,,1791155060,2023-11-09T18:57:17,2972.5,938e6fc607623834483a5ab95019520814f10ee8,1330029
autoland,4375374,13,92302d37db2c0dde32926e954404b4c8422e3f86,android-hw-a51-11-0-aarch64-shippable-qr,True,False,,|c|o|l|d| |w|e|b|r|e|n|d|e|r|,102210fe594ee9b33d82058545b1ed14f4c8206e,loadtime,imdb,True,imdb loadtime opt cold webrender,,77,ms,geckoview,,1791332326,2023-11-09T23:53:27,3457.2,d3aff5d6c69730c6f26eb54b7e24fdd203480069,1330185
autoland,4375374,13,92302d37db2c0dde32926e954404b4c8422e3f86,android-hw-a51-11-0-aarch64-shippable-qr,True,False,,|c|o|l|d| |w|e|b|r|e|n|d|e|r|,102210fe594ee9b33d82058545b1ed14f4c8206e,loadtime,imdb,True,imdb loadtime opt cold webrender,,77,ms,geckoview,,1791372083,2023-11-10T00:18:00,3085.5,543c915fc8c6775cd665ad6ebe58df0f46e9198c,1330200
autoland,4375374,13,92302d37db2c0dde32926e954404b4c8422e3f86,android-hw-a51-11-0-aarch64-shippable-qr,True,False,,|c|o|l|d| |w|e|b|r|e|n|d|e|r|,102210fe594ee9b33d82058545b1ed14f4c8206e,loadtime,imdb,True,imdb loadtime opt cold webrender,,77,ms,geckoview,,1791574001,2023-11-10T06:00:15,3032.3,5fcc529533b87c657e0dd95ea8cdd37f7cbac5c0,1330263
autoland,4375374,13,92302d37db2c0dde32926e954404b4c8422e3f86,android-hw-a51-11-0-aarch64-shippable-qr,True,False,,|c|o|l|d| |w|e|b|r|e|n|d|e|r|,102210fe594ee9b33d82058545b1ed14f4c8206e,loadtime,imdb,True,imdb loadtime opt cold webrender,,77,ms,geckoview,,1791775224,2023-11-10T10:16:47,2941.3,2033848fe740a46b19d19b2689365e6d5122d399,1330353
autoland,4375374,13,92302d37db2c0dde32926e954404b4c8422e3f86,android-hw-a51-11-0-aarch64-shippable-qr,True,False,,|c|o|l|d| |w|e|b|r|e|n|d|e|r|,102210fe594ee9b33d82058545b1ed14f4c8206e,loadtime,imdb,True,imdb loadtime opt cold webrender,,77,ms,geckoview,,1792014951,2023-11-10T14:18:06,3016.0,e2c6fa08aa82b40d8316fc19e08ea45be70e9292,1330451
autoland,4375374,13,92302d37db2c0dde32926e954404b4c8422e3f86,android-hw-a51-11-0-aarch64-shippable-qr,True,False,,|c|o|l|d| |w|e|b|r|e|n|d|e|r|,102210fe594ee9b33d82058545b1ed14f4c8206e,loadtime,imdb,True,imdb loadtime opt cold webrender,,77,ms,geckoview,,1792118107,2023-11-10T14:48:51,3001.5,f90b853d9b0b112db86ff41fcce843afb13939ce,1330467
autoland,4375374,13,92302d37db2c0dde32926e954404b4c8422e3f86,android-hw-a51-11-0-aarch64-shippable-qr,True,False,,|c|o|l|d| |w|e|b|r|e|n|d|e|r|,102210fe594ee9b33d82058545b1ed14f4c8206e,loadtime,imdb,True,imdb loadtime opt cold webrender,,77,ms,geckoview,,1792157444,2023-11-10T23:46:31,2927.3,740891aba7f0d05a95960669bd6efe7b25177226,1330635
autoland,4375374,13,92302d37db2c0dde32926e954404b4c8422e3f86,android-hw-a51-11-0-aarch64-shippable-qr,True,False,,|c|o|l|d| |w|e|b|r|e|n|d|e|r|,102210fe594ee9b33d82058545b1ed14f4c8206e,loadtime,imdb,True,imdb loadtime opt cold webrender,,77,ms,geckoview,,1792291171,2023-11-11T06:55:04,2954.7,94bbd4bd056a20549029ecbc07c9a4b5da968789,1330673
autoland,4375374,13,92302d37db2c0dde32926e954404b4c8422e3f86,android-hw-a51-11-0-aarch64-shippable-qr,True,False,,|c|o|l|d| |w|e|b|r|e|n|d|e|r|,102210fe594ee9b33d82058545b1ed14f4c8206e,loadtime,imdb,True,imdb loadtime opt cold webrender,,77,ms,geckoview,,1792336661,2023-11-11T08:27:10,2987.1,29fb30143955ee92cd789fd467326c47f82f7968,1330680
autoland,4375374,13,92302d37db2c0dde32926e954404b4c8422e3f86,android-hw-a51-11-0-aarch64-shippable-qr,True,False,,|c|o|l|d| |w|e|b|r|e|n|d|e|r|,102210fe594ee9b33d82058545b1ed14f4c8206e,loadtime,imdb,True,imdb loadtime opt cold webrender,,77,ms,geckoview,,1792477302,2023-11-11T12:34:55,3006.9,81243364a707b159122b0c5ee8e682567162117c,1330712
autoland,4375374,13,92302d37db2c0dde32926e954404b4c8422e3f86,android-hw-a51-11-0-aarch64-shippable-qr,True,False,,|c|o|l|d| |w|e|b|r|e|n|d|e|r|,102210fe594ee9b33d82058545b1ed14f4c8206e,loadtime,imdb,True,imdb loadtime opt cold webrender,,77,ms,geckoview,,1792719580,2023-11-11T23:06:06,3010.4,3c8320ef59532128e1a7589968f497f0efcabbaf,1330750
autoland,4375374,13,92302d37db2c0dde32926e954404b4c8422e3f86,android-hw-a51-11-0-aarch64-shippable-qr,True,False,,|c|o|l|d| |w|e|b|r|e|n|d|e|r|,102210fe594ee9b33d82058545b1ed14f4c8206e,loadtime,imdb,True,imdb loadtime opt cold webrender,,77,ms,geckoview,,1800015533,2023-11-11T23:06:06,3007.2,3c8320ef59532128e1a7589968f497f0efcabbaf,1330750
autoland,4375374,13,92302d37db2c0dde32926e954404b4c8422e3f86,android-hw-a51-11-0-aarch64-shippable-qr,True,False,,|c|o|l|d| |w|e|b|r|e|n|d|e|r|,102210fe594ee9b33d82058545b1ed14f4c8206e,loadtime,imdb,True,imdb loadtime opt cold webrender,,77,ms,geckoview,,1800016408,2023-11-11T23:06:06,2909.0,3c8320ef59532128e1a7589968f497f0efcabbaf,1330750
autoland,4375374,13,92302d37db2c0dde32926e954404b4c8422e3f86,android-hw-a51-11-0-aarch64-shippable-qr,True,False,,|c|o|l|d| |w|e|b|r|e|n|d|e|r|,102210fe594ee9b33d82058545b1ed14f4c8206e,loadtime,imdb,True,imdb loadtime opt cold webrender,,77,ms,geckoview,,1800017072,2023-11-11T23:06:06,2949.7,3c8320ef59532128e1a7589968f497f0efcabbaf,1330750
autoland,4375374,13,92302d37db2c0dde32926e954404b4c8422e3f86,android-hw-a51-11-0-aarch64-shippable-qr,True,False,,|c|o|l|d| |w|e|b|r|e|n|d|e|r|,102210fe594ee9b33d82058545b1ed14f4c8206e,loadtime,imdb,True,imdb loadtime opt cold webrender,,77,ms,geckoview,,1800015683,2023-11-11T23:06:06,2857.1,3c8320ef59532128e1a7589968f497f0efcabbaf,1330750
autoland,4375374,13,92302d37db2c0dde32926e954404b4c8422e3f86,android-hw-a51-11-0-aarch64-shippable-qr,True,False,,|c|o|l|d| |w|e|b|r|e|n|d|e|r|,102210fe594ee9b33d82058545b1ed14f4c8206e,loadtime,imdb,True,imdb loadtime opt cold webrender,,77,ms,geckoview,,1800015796,2023-11-11T23:06:06,2914.1,3c8320ef59532128e1a7589968f497f0efcabbaf,1330750
autoland,4375374,13,92302d37db2c0dde32926e954404b4c8422e3f86,android-hw-a51-11-0-aarch64-shippable-qr,True,False,,|c|o|l|d| |w|e|b|r|e|n|d|e|r|,102210fe594ee9b33d82058545b1ed14f4c8206e,loadtime,imdb,True,imdb loadtime opt cold webrender,,77,ms,geckoview,,1800017604,2023-11-11T23:06:06,2924.8,3c8320ef59532128e1a7589968f497f0efcabbaf,1330750
autoland,4375374,13,92302d37db2c0dde32926e954404b4c8422e3f86,android-hw-a51-11-0-aarch64-shippable-qr,True,False,,|c|o|l|d| |w|e|b|r|e|n|d|e|r|,102210fe594ee9b33d82058545b1ed14f4c8206e,loadtime,imdb,True,imdb loadtime opt cold webrender,,77,ms,geckoview,,1800016313,2023-11-11T23:06:06,2880.9,3c8320ef59532128e1a7589968f497f0efcabbaf,1330750
autoland,4375374,13,92302d37db2c0dde32926e954404b4c8422e3f86,android-hw-a51-11-0-aarch64-shippable-qr,True,False,,|c|o|l|d| |w|e|b|r|e|n|d|e|r|,102210fe594ee9b33d82058545b1ed14f4c8206e,loadtime,imdb,True,imdb loadtime opt cold webrender,,77,ms,geckoview,,1800016334,2023-11-11T23:06:06,2920.3,3c8320ef59532128e1a7589968f497f0efcabbaf,1330750
autoland,4375374,13,92302d37db2c0dde32926e954404b4c8422e3f86,android-hw-a51-11-0-aarch64-shippable-qr,True,False,,|c|o|l|d| |w|e|b|r|e|n|d|e|r|,102210fe594ee9b33d82058545b1ed14f4c8206e,loadtime,imdb,True,imdb loadtime opt cold webrender,,77,ms,geckoview,,1800017894,2023-11-11T23:06:06,2926.1,3c8320ef59532128e1a7589968f497f0efcabbaf,1330750
autoland,4375374,13,92302d37db2c0dde32926e954404b4c8422e3f86,android-hw-a51-11-0-aarch64-shippable-qr,True,False,,|c|o|l|d| |w|e|b|r|e|n|d|e|r|,102210fe594ee9b33d82058545b1ed14f4c8206e,loadtime,imdb,True,imdb loadtime opt cold webrender,,77,ms,geckoview,,1792789549,2023-11-12T05:45:19,3017.1,43bee97ffb8cfcea7412fb86386ea2cb2a1b9b49,1330766
autoland,4375374,13,92302d37db2c0dde32926e954404b4c8422e3f86,android-hw-a51-11-0-aarch64-shippable-qr,True,False,,|c|o|l|d| |w|e|b|r|e|n|d|e|r|,102210fe594ee9b33d82058545b1ed14f4c8206e,loadtime,imdb,True,imdb loadtime opt cold webrender,,77,ms,geckoview,,1799531423,2023-11-12T05:45:19,2908.6,43bee97ffb8cfcea7412fb86386ea2cb2a1b9b49,1330766
autoland,4375374,13,92302d37db2c0dde32926e954404b4c8422e3f86,android-hw-a51-11-0-aarch64-shippable-qr,True,False,,|c|o|l|d| |w|e|b|r|e|n|d|e|r|,102210fe594ee9b33d82058545b1ed14f4c8206e,loadtime,imdb,True,imdb loadtime opt cold webrender,,77,ms,geckoview,,1799532245,2023-11-12T05:45:19,3430.0,43bee97ffb8cfcea7412fb86386ea2cb2a1b9b49,1330766
autoland,4375374,13,92302d37db2c0dde32926e954404b4c8422e3f86,android-hw-a51-11-0-aarch64-shippable-qr,True,False,,|c|o|l|d| |w|e|b|r|e|n|d|e|r|,102210fe594ee9b33d82058545b1ed14f4c8206e,loadtime,imdb,True,imdb loadtime opt cold webrender,,77,ms,geckoview,,1799532409,2023-11-12T05:45:19,2893.3,43bee97ffb8cfcea7412fb86386ea2cb2a1b9b49,1330766
autoland,4375374,13,92302d37db2c0dde32926e954404b4c8422e3f86,android-hw-a51-11-0-aarch64-shippable-qr,True,False,,|c|o|l|d| |w|e|b|r|e|n|d|e|r|,102210fe594ee9b33d82058545b1ed14f4c8206e,loadtime,imdb,True,imdb loadtime opt cold webrender,,77,ms,geckoview,,1799533447,2023-11-12T05:45:19,2984.2,43bee97ffb8cfcea7412fb86386ea2cb2a1b9b49,1330766
autoland,4375374,13,92302d37db2c0dde32926e954404b4c8422e3f86,android-hw-a51-11-0-aarch64-shippable-qr,True,False,,|c|o|l|d| |w|e|b|r|e|n|d|e|r|,102210fe594ee9b33d82058545b1ed14f4c8206e,loadtime,imdb,True,imdb loadtime opt cold webrender,,77,ms,geckoview,,1793079030,2023-11-13T00:59:12,2929.9,211dc86c8f534a950af69434fa996976b566a6a0,1330865
autoland,4375374,13,92302d37db2c0dde32926e954404b4c8422e3f86,android-hw-a51-11-0-aarch64-shippable-qr,True,False,,|c|o|l|d| |w|e|b|r|e|n|d|e|r|,102210fe594ee9b33d82058545b1ed14f4c8206e,loadtime,imdb,True,imdb loadtime opt cold webrender,,77,ms,geckoview,,1793697179,2023-11-13T10:08:58,3008.5,25308a5c7e551cda7c3cfd77836eff8610462eae,1330949
autoland,4375374,13,92302d37db2c0dde32926e954404b4c8422e3f86,android-hw-a51-11-0-aarch64-shippable-qr,True,False,,|c|o|l|d| |w|e|b|r|e|n|d|e|r|,102210fe594ee9b33d82058545b1ed14f4c8206e,loadtime,imdb,True,imdb loadtime opt cold webrender,,77,ms,geckoview,,1793737470,2023-11-13T14:09:58,2976.6,54d191b31d03235c75592d07a8c538749933a18f,1331049
autoland,4375374,13,92302d37db2c0dde32926e954404b4c8422e3f86,android-hw-a51-11-0-aarch64-shippable-qr,True,False,,|c|o|l|d| |w|e|b|r|e|n|d|e|r|,102210fe594ee9b33d82058545b1ed14f4c8206e,loadtime,imdb,True,imdb loadtime opt cold webrender,,77,ms,geckoview,,1793749961,2023-11-13T15:01:04,2995.3,70f361f21a24a6e9fc53cb014e28172d360fa851,1331086
autoland,4375374,13,92302d37db2c0dde32926e954404b4c8422e3f86,android-hw-a51-11-0-aarch64-shippable-qr,True,False,,|c|o|l|d| |w|e|b|r|e|n|d|e|r|,102210fe594ee9b33d82058545b1ed14f4c8206e,loadtime,imdb,True,imdb loadtime opt cold webrender,,77,ms,geckoview,,1798347359,2023-11-13T20:29:32,2863.7,d3990b3984dae68dd34dabf2f586b9140e53eaa7,1331280
autoland,4375374,13,92302d37db2c0dde32926e954404b4c8422e3f86,android-hw-a51-11-0-aarch64-shippable-qr,True,False,,|c|o|l|d| |w|e|b|r|e|n|d|e|r|,102210fe594ee9b33d82058545b1ed14f4c8206e,loadtime,imdb,True,imdb loadtime opt cold webrender,,77,ms,geckoview,,1798348602,2023-11-13T20:29:32,2931.2,d3990b3984dae68dd34dabf2f586b9140e53eaa7,1331280
autoland,4375374,13,92302d37db2c0dde32926e954404b4c8422e3f86,android-hw-a51-11-0-aarch64-shippable-qr,True,False,,|c|o|l|d| |w|e|b|r|e|n|d|e|r|,102210fe594ee9b33d82058545b1ed14f4c8206e,loadtime,imdb,True,imdb loadtime opt cold webrender,,77,ms,geckoview,,1798349687,2023-11-13T20:29:32,2947.0,d3990b3984dae68dd34dabf2f586b9140e53eaa7,1331280
autoland,4375374,13,92302d37db2c0dde32926e954404b4c8422e3f86,android-hw-a51-11-0-aarch64-shippable-qr,True,False,,|c|o|l|d| |w|e|b|r|e|n|d|e|r|,102210fe594ee9b33d82058545b1ed14f4c8206e,loadtime,imdb,True,imdb loadtime opt cold webrender,,77,ms,geckoview,,1798349760,2023-11-13T20:29:32,2931.5,d3990b3984dae68dd34dabf2f586b9140e53eaa7,1331280
autoland,4375374,13,92302d37db2c0dde32926e954404b4c8422e3f86,android-hw-a51-11-0-aarch64-shippable-qr,True,False,,|c|o|l|d| |w|e|b|r|e|n|d|e|r|,102210fe594ee9b33d82058545b1ed14f4c8206e,loadtime,imdb,True,imdb loadtime opt cold webrender,,77,ms,geckoview,,1798350582,2023-11-13T20:29:32,2933.5,d3990b3984dae68dd34dabf2f586b9140e53eaa7,1331280
autoland,4375374,13,92302d37db2c0dde32926e954404b4c8422e3f86,android-hw-a51-11-0-aarch64-shippable-qr,True,False,,|c|o|l|d| |w|e|b|r|e|n|d|e|r|,102210fe594ee9b33d82058545b1ed14f4c8206e,loadtime,imdb,True,imdb loadtime opt cold webrender,,77,ms,geckoview,,1798359186,2023-11-13T20:34:55,2969.7,84b819718cdd9c935911a9d3866e76afb22359b0,1331285
autoland,4375374,13,92302d37db2c0dde32926e954404b4c8422e3f86,android-hw-a51-11-0-aarch64-shippable-qr,True,False,,|c|o|l|d| |w|e|b|r|e|n|d|e|r|,102210fe594ee9b33d82058545b1ed14f4c8206e,loadtime,imdb,True,imdb loadtime opt cold webrender,,77,ms,geckoview,,1798358437,2023-11-13T20:34:55,2953.1,84b819718cdd9c935911a9d3866e76afb22359b0,1331285
autoland,4375374,13,92302d37db2c0dde32926e954404b4c8422e3f86,android-hw-a51-11-0-aarch64-shippable-qr,True,False,,|c|o|l|d| |w|e|b|r|e|n|d|e|r|,102210fe594ee9b33d82058545b1ed14f4c8206e,loadtime,imdb,True,imdb loadtime opt cold webrender,,77,ms,geckoview,,1798359160,2023-11-13T20:34:55,2924.8,84b819718cdd9c935911a9d3866e76afb22359b0,1331285
autoland,4375374,13,92302d37db2c0dde32926e954404b4c8422e3f86,android-hw-a51-11-0-aarch64-shippable-qr,True,False,,|c|o|l|d| |w|e|b|r|e|n|d|e|r|,102210fe594ee9b33d82058545b1ed14f4c8206e,loadtime,imdb,True,imdb loadtime opt cold webrender,,77,ms,geckoview,,1798360710,2023-11-13T20:34:55,2908.4,84b819718cdd9c935911a9d3866e76afb22359b0,1331285
autoland,4375374,13,92302d37db2c0dde32926e954404b4c8422e3f86,android-hw-a51-11-0-aarch64-shippable-qr,True,False,,|c|o|l|d| |w|e|b|r|e|n|d|e|r|,102210fe594ee9b33d82058545b1ed14f4c8206e,loadtime,imdb,True,imdb loadtime opt cold webrender,,77,ms,geckoview,,1798361029,2023-11-13T20:34:55,2869.8,84b819718cdd9c935911a9d3866e76afb22359b0,1331285
autoland,4375374,13,92302d37db2c0dde32926e954404b4c8422e3f86,android-hw-a51-11-0-aarch64-shippable-qr,True,False,,|c|o|l|d| |w|e|b|r|e|n|d|e|r|,102210fe594ee9b33d82058545b1ed14f4c8206e,loadtime,imdb,True,imdb loadtime opt cold webrender,,77,ms,geckoview,,1798330404,2023-11-13T20:42:34,2919.4,b664e70108821ebdf6175c33368d3eaa819211c1,1331294
autoland,4375374,13,92302d37db2c0dde32926e954404b4c8422e3f86,android-hw-a51-11-0-aarch64-shippable-qr,True,False,,|c|o|l|d| |w|e|b|r|e|n|d|e|r|,102210fe594ee9b33d82058545b1ed14f4c8206e,loadtime,imdb,True,imdb loadtime opt cold webrender,,77,ms,geckoview,,1798332033,2023-11-13T20:42:34,2972.2,b664e70108821ebdf6175c33368d3eaa819211c1,1331294
autoland,4375374,13,92302d37db2c0dde32926e954404b4c8422e3f86,android-hw-a51-11-0-aarch64-shippable-qr,True,False,,|c|o|l|d| |w|e|b|r|e|n|d|e|r|,102210fe594ee9b33d82058545b1ed14f4c8206e,loadtime,imdb,True,imdb loadtime opt cold webrender,,77,ms,geckoview,,1798333897,2023-11-13T20:42:34,2949.8,b664e70108821ebdf6175c33368d3eaa819211c1,1331294
autoland,4375374,13,92302d37db2c0dde32926e954404b4c8422e3f86,android-hw-a51-11-0-aarch64-shippable-qr,True,False,,|c|o|l|d| |w|e|b|r|e|n|d|e|r|,102210fe594ee9b33d82058545b1ed14f4c8206e,loadtime,imdb,True,imdb loadtime opt cold webrender,,77,ms,geckoview,,1798330550,2023-11-13T20:42:34,2847.6,b664e70108821ebdf6175c33368d3eaa819211c1,1331294
autoland,4375374,13,92302d37db2c0dde32926e954404b4c8422e3f86,android-hw-a51-11-0-aarch64-shippable-qr,True,False,,|c|o|l|d| |w|e|b|r|e|n|d|e|r|,102210fe594ee9b33d82058545b1ed14f4c8206e,loadtime,imdb,True,imdb loadtime opt cold webrender,,77,ms,geckoview,,1798330586,2023-11-13T20:42:34,3412.4,b664e70108821ebdf6175c33368d3eaa819211c1,1331294
autoland,4375374,13,92302d37db2c0dde32926e954404b4c8422e3f86,android-hw-a51-11-0-aarch64-shippable-qr,True,False,,|c|o|l|d| |w|e|b|r|e|n|d|e|r|,102210fe594ee9b33d82058545b1ed14f4c8206e,loadtime,imdb,True,imdb loadtime opt cold webrender,,77,ms,geckoview,,1798366687,2023-11-13T20:54:14,2893.6,724cb235ebece9f1faae376b31683b5549091993,1331307
autoland,4375374,13,92302d37db2c0dde32926e954404b4c8422e3f86,android-hw-a51-11-0-aarch64-shippable-qr,True,False,,|c|o|l|d| |w|e|b|r|e|n|d|e|r|,102210fe594ee9b33d82058545b1ed14f4c8206e,loadtime,imdb,True,imdb loadtime opt cold webrender,,77,ms,geckoview,,1798366849,2023-11-13T20:54:14,2939.8,724cb235ebece9f1faae376b31683b5549091993,1331307
autoland,4375374,13,92302d37db2c0dde32926e954404b4c8422e3f86,android-hw-a51-11-0-aarch64-shippable-qr,True,False,,|c|o|l|d| |w|e|b|r|e|n|d|e|r|,102210fe594ee9b33d82058545b1ed14f4c8206e,loadtime,imdb,True,imdb loadtime opt cold webrender,,77,ms,geckoview,,1798366877,2023-11-13T20:54:14,2891.1,724cb235ebece9f1faae376b31683b5549091993,1331307
autoland,4375374,13,92302d37db2c0dde32926e954404b4c8422e3f86,android-hw-a51-11-0-aarch64-shippable-qr,True,False,,|c|o|l|d| |w|e|b|r|e|n|d|e|r|,102210fe594ee9b33d82058545b1ed14f4c8206e,loadtime,imdb,True,imdb loadtime opt cold webrender,,77,ms,geckoview,,1798365774,2023-11-13T20:54:14,2991.9,724cb235ebece9f1faae376b31683b5549091993,1331307
autoland,4375374,13,92302d37db2c0dde32926e954404b4c8422e3f86,android-hw-a51-11-0-aarch64-shippable-qr,True,False,,|c|o|l|d| |w|e|b|r|e|n|d|e|r|,102210fe594ee9b33d82058545b1ed14f4c8206e,loadtime,imdb,True,imdb loadtime opt cold webrender,,77,ms,geckoview,,1798367204,2023-11-13T20:54:14,2836.0,724cb235ebece9f1faae376b31683b5549091993,1331307
autoland,4375374,13,92302d37db2c0dde32926e954404b4c8422e3f86,android-hw-a51-11-0-aarch64-shippable-qr,True,False,,|c|o|l|d| |w|e|b|r|e|n|d|e|r|,102210fe594ee9b33d82058545b1ed14f4c8206e,loadtime,imdb,True,imdb loadtime opt cold webrender,,77,ms,geckoview,,1798318415,2023-11-13T21:01:15,2888.1,0994bfd5c469882915c9232ce2c8cffc10c07333,1331310
autoland,4375374,13,92302d37db2c0dde32926e954404b4c8422e3f86,android-hw-a51-11-0-aarch64-shippable-qr,True,False,,|c|o|l|d| |w|e|b|r|e|n|d|e|r|,102210fe594ee9b33d82058545b1ed14f4c8206e,loadtime,imdb,True,imdb loadtime opt cold webrender,,77,ms,geckoview,,1798318695,2023-11-13T21:01:15,2878.0,0994bfd5c469882915c9232ce2c8cffc10c07333,1331310
autoland,4375374,13,92302d37db2c0dde32926e954404b4c8422e3f86,android-hw-a51-11-0-aarch64-shippable-qr,True,False,,|c|o|l|d| |w|e|b|r|e|n|d|e|r|,102210fe594ee9b33d82058545b1ed14f4c8206e,loadtime,imdb,True,imdb loadtime opt cold webrender,,77,ms,geckoview,,1798319003,2023-11-13T21:01:15,2913.6,0994bfd5c469882915c9232ce2c8cffc10c07333,1331310
autoland,4375374,13,92302d37db2c0dde32926e954404b4c8422e3f86,android-hw-a51-11-0-aarch64-shippable-qr,True,False,,|c|o|l|d| |w|e|b|r|e|n|d|e|r|,102210fe594ee9b33d82058545b1ed14f4c8206e,loadtime,imdb,True,imdb loadtime opt cold webrender,,77,ms,geckoview,,1798319067,2023-11-13T21:01:15,2939.8,0994bfd5c469882915c9232ce2c8cffc10c07333,1331310
autoland,4375374,13,92302d37db2c0dde32926e954404b4c8422e3f86,android-hw-a51-11-0-aarch64-shippable-qr,True,False,,|c|o|l|d| |w|e|b|r|e|n|d|e|r|,102210fe594ee9b33d82058545b1ed14f4c8206e,loadtime,imdb,True,imdb loadtime opt cold webrender,,77,ms,geckoview,,1798319649,2023-11-13T21:01:15,2989.0,0994bfd5c469882915c9232ce2c8cffc10c07333,1331310
autoland,4375374,13,92302d37db2c0dde32926e954404b4c8422e3f86,android-hw-a51-11-0-aarch64-shippable-qr,True,False,,|c|o|l|d| |w|e|b|r|e|n|d|e|r|,102210fe594ee9b33d82058545b1ed14f4c8206e,loadtime,imdb,True,imdb loadtime opt cold webrender,,77,ms,geckoview,,1798339418,2023-11-13T21:11:26,2892.1,79bbdf38c2c1f86ba31b2a6df127bc88aa057410,1331318
autoland,4375374,13,92302d37db2c0dde32926e954404b4c8422e3f86,android-hw-a51-11-0-aarch64-shippable-qr,True,False,,|c|o|l|d| |w|e|b|r|e|n|d|e|r|,102210fe594ee9b33d82058545b1ed14f4c8206e,loadtime,imdb,True,imdb loadtime opt cold webrender,,77,ms,geckoview,,1798338730,2023-11-13T21:11:26,2825.8,79bbdf38c2c1f86ba31b2a6df127bc88aa057410,1331318
autoland,4375374,13,92302d37db2c0dde32926e954404b4c8422e3f86,android-hw-a51-11-0-aarch64-shippable-qr,True,False,,|c|o|l|d| |w|e|b|r|e|n|d|e|r|,102210fe594ee9b33d82058545b1ed14f4c8206e,loadtime,imdb,True,imdb loadtime opt cold webrender,,77,ms,geckoview,,1798339759,2023-11-13T21:11:26,2928.5,79bbdf38c2c1f86ba31b2a6df127bc88aa057410,1331318
autoland,4375374,13,92302d37db2c0dde32926e954404b4c8422e3f86,android-hw-a51-11-0-aarch64-shippable-qr,True,False,,|c|o|l|d| |w|e|b|r|e|n|d|e|r|,102210fe594ee9b33d82058545b1ed14f4c8206e,loadtime,imdb,True,imdb loadtime opt cold webrender,,77,ms,geckoview,,1798342460,2023-11-13T21:11:26,2883.6,79bbdf38c2c1f86ba31b2a6df127bc88aa057410,1331318
autoland,4375374,13,92302d37db2c0dde32926e954404b4c8422e3f86,android-hw-a51-11-0-aarch64-shippable-qr,True,False,,|c|o|l|d| |w|e|b|r|e|n|d|e|r|,102210fe594ee9b33d82058545b1ed14f4c8206e,loadtime,imdb,True,imdb loadtime opt cold webrender,,77,ms,geckoview,,1798343049,2023-11-13T21:11:26,2888.1,79bbdf38c2c1f86ba31b2a6df127bc88aa057410,1331318
autoland,4375374,13,92302d37db2c0dde32926e954404b4c8422e3f86,android-hw-a51-11-0-aarch64-shippable-qr,True,False,,|c|o|l|d| |w|e|b|r|e|n|d|e|r|,102210fe594ee9b33d82058545b1ed14f4c8206e,loadtime,imdb,True,imdb loadtime opt cold webrender,,77,ms,geckoview,,1798368913,2023-11-13T22:01:19,2876.8,b3f2d352c6a345e96a2b5163950c40b6916e3687,1331353
autoland,4375374,13,92302d37db2c0dde32926e954404b4c8422e3f86,android-hw-a51-11-0-aarch64-shippable-qr,True,False,,|c|o|l|d| |w|e|b|r|e|n|d|e|r|,102210fe594ee9b33d82058545b1ed14f4c8206e,loadtime,imdb,True,imdb loadtime opt cold webrender,,77,ms,geckoview,,1798369964,2023-11-13T22:01:19,2910.5,b3f2d352c6a345e96a2b5163950c40b6916e3687,1331353
autoland,4375374,13,92302d37db2c0dde32926e954404b4c8422e3f86,android-hw-a51-11-0-aarch64-shippable-qr,True,False,,|c|o|l|d| |w|e|b|r|e|n|d|e|r|,102210fe594ee9b33d82058545b1ed14f4c8206e,loadtime,imdb,True,imdb loadtime opt cold webrender,,77,ms,geckoview,,1798369996,2023-11-13T22:01:19,2872.6,b3f2d352c6a345e96a2b5163950c40b6916e3687,1331353
autoland,4375374,13,92302d37db2c0dde32926e954404b4c8422e3f86,android-hw-a51-11-0-aarch64-shippable-qr,True,False,,|c|o|l|d| |w|e|b|r|e|n|d|e|r|,102210fe594ee9b33d82058545b1ed14f4c8206e,loadtime,imdb,True,imdb loadtime opt cold webrender,,77,ms,geckoview,,1798370273,2023-11-13T22:01:19,2930.5,b3f2d352c6a345e96a2b5163950c40b6916e3687,1331353
autoland,4375374,13,92302d37db2c0dde32926e954404b4c8422e3f86,android-hw-a51-11-0-aarch64-shippable-qr,True,False,,|c|o|l|d| |w|e|b|r|e|n|d|e|r|,102210fe594ee9b33d82058545b1ed14f4c8206e,loadtime,imdb,True,imdb loadtime opt cold webrender,,77,ms,geckoview,,1798370167,2023-11-13T22:01:19,3027.0,b3f2d352c6a345e96a2b5163950c40b6916e3687,1331353
autoland,4375374,13,92302d37db2c0dde32926e954404b4c8422e3f86,android-hw-a51-11-0-aarch64-shippable-qr,True,False,,|c|o|l|d| |w|e|b|r|e|n|d|e|r|,102210fe594ee9b33d82058545b1ed14f4c8206e,loadtime,imdb,True,imdb loadtime opt cold webrender,,77,ms,geckoview,,1798344262,2023-11-13T22:05:38,2916.5,3a47d98933202b92426dfe7862465c490b253a76,1331356
autoland,4375374,13,92302d37db2c0dde32926e954404b4c8422e3f86,android-hw-a51-11-0-aarch64-shippable-qr,True,False,,|c|o|l|d| |w|e|b|r|e|n|d|e|r|,102210fe594ee9b33d82058545b1ed14f4c8206e,loadtime,imdb,True,imdb loadtime opt cold webrender,,77,ms,geckoview,,1798344757,2023-11-13T22:05:38,2864.9,3a47d98933202b92426dfe7862465c490b253a76,1331356
autoland,4375374,13,92302d37db2c0dde32926e954404b4c8422e3f86,android-hw-a51-11-0-aarch64-shippable-qr,True,False,,|c|o|l|d| |w|e|b|r|e|n|d|e|r|,102210fe594ee9b33d82058545b1ed14f4c8206e,loadtime,imdb,True,imdb loadtime opt cold webrender,,77,ms,geckoview,,1798344800,2023-11-13T22:05:38,2957.3,3a47d98933202b92426dfe7862465c490b253a76,1331356
autoland,4375374,13,92302d37db2c0dde32926e954404b4c8422e3f86,android-hw-a51-11-0-aarch64-shippable-qr,True,False,,|c|o|l|d| |w|e|b|r|e|n|d|e|r|,102210fe594ee9b33d82058545b1ed14f4c8206e,loadtime,imdb,True,imdb loadtime opt cold webrender,,77,ms,geckoview,,1798344762,2023-11-13T22:05:38,3200.6,3a47d98933202b92426dfe7862465c490b253a76,1331356
autoland,4375374,13,92302d37db2c0dde32926e954404b4c8422e3f86,android-hw-a51-11-0-aarch64-shippable-qr,True,False,,|c|o|l|d| |w|e|b|r|e|n|d|e|r|,102210fe594ee9b33d82058545b1ed14f4c8206e,loadtime,imdb,True,imdb loadtime opt cold webrender,,77,ms,geckoview,,1798346090,2023-11-13T22:05:38,2899.0,3a47d98933202b92426dfe7862465c490b253a76,1331356
autoland,4375374,13,92302d37db2c0dde32926e954404b4c8422e3f86,android-hw-a51-11-0-aarch64-shippable-qr,True,False,,|c|o|l|d| |w|e|b|r|e|n|d|e|r|,102210fe594ee9b33d82058545b1ed14f4c8206e,loadtime,imdb,True,imdb loadtime opt cold webrender,,77,ms,geckoview,,1798328992,2023-11-13T22:06:32,2854.1,3bb582099447298dfaf779c47e8652f7e5632507,1331357
autoland,4375374,13,92302d37db2c0dde32926e954404b4c8422e3f86,android-hw-a51-11-0-aarch64-shippable-qr,True,False,,|c|o|l|d| |w|e|b|r|e|n|d|e|r|,102210fe594ee9b33d82058545b1ed14f4c8206e,loadtime,imdb,True,imdb loadtime opt cold webrender,,77,ms,geckoview,,1798328319,2023-11-13T22:06:32,2870.6,3bb582099447298dfaf779c47e8652f7e5632507,1331357
autoland,4375374,13,92302d37db2c0dde32926e954404b4c8422e3f86,android-hw-a51-11-0-aarch64-shippable-qr,True,False,,|c|o|l|d| |w|e|b|r|e|n|d|e|r|,102210fe594ee9b33d82058545b1ed14f4c8206e,loadtime,imdb,True,imdb loadtime opt cold webrender,,77,ms,geckoview,,1798328486,2023-11-13T22:06:32,2931.3,3bb582099447298dfaf779c47e8652f7e5632507,1331357
autoland,4375374,13,92302d37db2c0dde32926e954404b4c8422e3f86,android-hw-a51-11-0-aarch64-shippable-qr,True,False,,|c|o|l|d| |w|e|b|r|e|n|d|e|r|,102210fe594ee9b33d82058545b1ed14f4c8206e,loadtime,imdb,True,imdb loadtime opt cold webrender,,77,ms,geckoview,,1798328740,2023-11-13T22:06:32,2975.1,3bb582099447298dfaf779c47e8652f7e5632507,1331357
autoland,4375374,13,92302d37db2c0dde32926e954404b4c8422e3f86,android-hw-a51-11-0-aarch64-shippable-qr,True,False,,|c|o|l|d| |w|e|b|r|e|n|d|e|r|,102210fe594ee9b33d82058545b1ed14f4c8206e,loadtime,imdb,True,imdb loadtime opt cold webrender,,77,ms,geckoview,,1798329135,2023-11-13T22:06:32,3030.9,3bb582099447298dfaf779c47e8652f7e5632507,1331357
autoland,4375374,13,92302d37db2c0dde32926e954404b4c8422e3f86,android-hw-a51-11-0-aarch64-shippable-qr,True,False,,|c|o|l|d| |w|e|b|r|e|n|d|e|r|,102210fe594ee9b33d82058545b1ed14f4c8206e,loadtime,imdb,True,imdb loadtime opt cold webrender,,77,ms,geckoview,,1798345410,2023-11-13T22:32:21,3015.2,0700c200f3178f4e2bacb02ee708f3f7871bae22,1331373
autoland,4375374,13,92302d37db2c0dde32926e954404b4c8422e3f86,android-hw-a51-11-0-aarch64-shippable-qr,True,False,,|c|o|l|d| |w|e|b|r|e|n|d|e|r|,102210fe594ee9b33d82058545b1ed14f4c8206e,loadtime,imdb,True,imdb loadtime opt cold webrender,,77,ms,geckoview,,1798346069,2023-11-13T22:32:21,2882.4,0700c200f3178f4e2bacb02ee708f3f7871bae22,1331373
autoland,4375374,13,92302d37db2c0dde32926e954404b4c8422e3f86,android-hw-a51-11-0-aarch64-shippable-qr,True,False,,|c|o|l|d| |w|e|b|r|e|n|d|e|r|,102210fe594ee9b33d82058545b1ed14f4c8206e,loadtime,imdb,True,imdb loadtime opt cold webrender,,77,ms,geckoview,,1798346374,2023-11-13T22:32:21,2924.9,0700c200f3178f4e2bacb02ee708f3f7871bae22,1331373
autoland,4375374,13,92302d37db2c0dde32926e954404b4c8422e3f86,android-hw-a51-11-0-aarch64-shippable-qr,True,False,,|c|o|l|d| |w|e|b|r|e|n|d|e|r|,102210fe594ee9b33d82058545b1ed14f4c8206e,loadtime,imdb,True,imdb loadtime opt cold webrender,,77,ms,geckoview,,1798345497,2023-11-13T22:32:21,2908.7,0700c200f3178f4e2bacb02ee708f3f7871bae22,1331373
autoland,4375374,13,92302d37db2c0dde32926e954404b4c8422e3f86,android-hw-a51-11-0-aarch64-shippable-qr,True,False,,|c|o|l|d| |w|e|b|r|e|n|d|e|r|,102210fe594ee9b33d82058545b1ed14f4c8206e,loadtime,imdb,True,imdb loadtime opt cold webrender,,77,ms,geckoview,,1798346548,2023-11-13T22:32:21,3000.6,0700c200f3178f4e2bacb02ee708f3f7871bae22,1331373
autoland,4375374,13,92302d37db2c0dde32926e954404b4c8422e3f86,android-hw-a51-11-0-aarch64-shippable-qr,True,False,,|c|o|l|d| |w|e|b|r|e|n|d|e|r|,102210fe594ee9b33d82058545b1ed14f4c8206e,loadtime,imdb,True,imdb loadtime opt cold webrender,,77,ms,geckoview,,1793758695,2023-11-13T22:35:59,2990.3,9d523f46c7d8642d6601894c5166ddcd17b6388a,1331378
autoland,4375374,13,92302d37db2c0dde32926e954404b4c8422e3f86,android-hw-a51-11-0-aarch64-shippable-qr,True,False,,|c|o|l|d| |w|e|b|r|e|n|d|e|r|,102210fe594ee9b33d82058545b1ed14f4c8206e,loadtime,imdb,True,imdb loadtime opt cold webrender,,77,ms,geckoview,,1798296378,2023-11-13T22:35:59,2960.3,9d523f46c7d8642d6601894c5166ddcd17b6388a,1331378
autoland,4375374,13,92302d37db2c0dde32926e954404b4c8422e3f86,android-hw-a51-11-0-aarch64-shippable-qr,True,False,,|c|o|l|d| |w|e|b|r|e|n|d|e|r|,102210fe594ee9b33d82058545b1ed14f4c8206e,loadtime,imdb,True,imdb loadtime opt cold webrender,,77,ms,geckoview,,1798297893,2023-11-13T22:35:59,3434.0,9d523f46c7d8642d6601894c5166ddcd17b6388a,1331378
autoland,4375374,13,92302d37db2c0dde32926e954404b4c8422e3f86,android-hw-a51-11-0-aarch64-shippable-qr,True,False,,|c|o|l|d| |w|e|b|r|e|n|d|e|r|,102210fe594ee9b33d82058545b1ed14f4c8206e,loadtime,imdb,True,imdb loadtime opt cold webrender,,77,ms,geckoview,,1798296768,2023-11-13T22:35:59,2936.1,9d523f46c7d8642d6601894c5166ddcd17b6388a,1331378
autoland,4375374,13,92302d37db2c0dde32926e954404b4c8422e3f86,android-hw-a51-11-0-aarch64-shippable-qr,True,False,,|c|o|l|d| |w|e|b|r|e|n|d|e|r|,102210fe594ee9b33d82058545b1ed14f4c8206e,loadtime,imdb,True,imdb loadtime opt cold webrender,,77,ms,geckoview,,1798299111,2023-11-13T22:35:59,3039.5,9d523f46c7d8642d6601894c5166ddcd17b6388a,1331378
autoland,4375374,13,92302d37db2c0dde32926e954404b4c8422e3f86,android-hw-a51-11-0-aarch64-shippable-qr,True,False,,|c|o|l|d| |w|e|b|r|e|n|d|e|r|,102210fe594ee9b33d82058545b1ed14f4c8206e,loadtime,imdb,True,imdb loadtime opt cold webrender,,77,ms,geckoview,,1798298125,2023-11-13T22:35:59,3003.0,9d523f46c7d8642d6601894c5166ddcd17b6388a,1331378
autoland,4375374,13,92302d37db2c0dde32926e954404b4c8422e3f86,android-hw-a51-11-0-aarch64-shippable-qr,True,False,,|c|o|l|d| |w|e|b|r|e|n|d|e|r|,102210fe594ee9b33d82058545b1ed14f4c8206e,loadtime,imdb,True,imdb loadtime opt cold webrender,,77,ms,geckoview,,1798362425,2023-11-13T22:39:48,2819.2,a017e1034dc88b562dd19e2df69b05a8069ceb06,1331381
autoland,4375374,13,92302d37db2c0dde32926e954404b4c8422e3f86,android-hw-a51-11-0-aarch64-shippable-qr,True,False,,|c|o|l|d| |w|e|b|r|e|n|d|e|r|,102210fe594ee9b33d82058545b1ed14f4c8206e,loadtime,imdb,True,imdb loadtime opt cold webrender,,77,ms,geckoview,,1798363131,2023-11-13T22:39:48,2992.2,a017e1034dc88b562dd19e2df69b05a8069ceb06,1331381
autoland,4375374,13,92302d37db2c0dde32926e954404b4c8422e3f86,android-hw-a51-11-0-aarch64-shippable-qr,True,False,,|c|o|l|d| |w|e|b|r|e|n|d|e|r|,102210fe594ee9b33d82058545b1ed14f4c8206e,loadtime,imdb,True,imdb loadtime opt cold webrender,,77,ms,geckoview,,1798362316,2023-11-13T22:39:48,2927.2,a017e1034dc88b562dd19e2df69b05a8069ceb06,1331381
autoland,4375374,13,92302d37db2c0dde32926e954404b4c8422e3f86,android-hw-a51-11-0-aarch64-shippable-qr,True,False,,|c|o|l|d| |w|e|b|r|e|n|d|e|r|,102210fe594ee9b33d82058545b1ed14f4c8206e,loadtime,imdb,True,imdb loadtime opt cold webrender,,77,ms,geckoview,,1798362566,2023-11-13T22:39:48,2872.5,a017e1034dc88b562dd19e2df69b05a8069ceb06,1331381
autoland,4375374,13,92302d37db2c0dde32926e954404b4c8422e3f86,android-hw-a51-11-0-aarch64-shippable-qr,True,False,,|c|o|l|d| |w|e|b|r|e|n|d|e|r|,102210fe594ee9b33d82058545b1ed14f4c8206e,loadtime,imdb,True,imdb loadtime opt cold webrender,,77,ms,geckoview,,1798362986,2023-11-13T22:39:48,2961.5,a017e1034dc88b562dd19e2df69b05a8069ceb06,1331381
autoland,4375374,13,92302d37db2c0dde32926e954404b4c8422e3f86,android-hw-a51-11-0-aarch64-shippable-qr,True,False,,|c|o|l|d| |w|e|b|r|e|n|d|e|r|,102210fe594ee9b33d82058545b1ed14f4c8206e,loadtime,imdb,True,imdb loadtime opt cold webrender,,77,ms,geckoview,,1798371296,2023-11-13T22:48:29,2930.0,262f7894aa0df98ca9745fd2c190c2c16ef0b907,1331387
autoland,4375374,13,92302d37db2c0dde32926e954404b4c8422e3f86,android-hw-a51-11-0-aarch64-shippable-qr,True,False,,|c|o|l|d| |w|e|b|r|e|n|d|e|r|,102210fe594ee9b33d82058545b1ed14f4c8206e,loadtime,imdb,True,imdb loadtime opt cold webrender,,77,ms,geckoview,,1798370880,2023-11-13T22:48:29,2818.0,262f7894aa0df98ca9745fd2c190c2c16ef0b907,1331387
autoland,4375374,13,92302d37db2c0dde32926e954404b4c8422e3f86,android-hw-a51-11-0-aarch64-shippable-qr,True,False,,|c|o|l|d| |w|e|b|r|e|n|d|e|r|,102210fe594ee9b33d82058545b1ed14f4c8206e,loadtime,imdb,True,imdb loadtime opt cold webrender,,77,ms,geckoview,,1798371380,2023-11-13T22:48:29,3353.0,262f7894aa0df98ca9745fd2c190c2c16ef0b907,1331387
autoland,4375374,13,92302d37db2c0dde32926e954404b4c8422e3f86,android-hw-a51-11-0-aarch64-shippable-qr,True,False,,|c|o|l|d| |w|e|b|r|e|n|d|e|r|,102210fe594ee9b33d82058545b1ed14f4c8206e,loadtime,imdb,True,imdb loadtime opt cold webrender,,77,ms,geckoview,,1798372173,2023-11-13T22:48:29,2821.0,262f7894aa0df98ca9745fd2c190c2c16ef0b907,1331387
autoland,4375374,13,92302d37db2c0dde32926e954404b4c8422e3f86,android-hw-a51-11-0-aarch64-shippable-qr,True,False,,|c|o|l|d| |w|e|b|r|e|n|d|e|r|,102210fe594ee9b33d82058545b1ed14f4c8206e,loadtime,imdb,True,imdb loadtime opt cold webrender,,77,ms,geckoview,,1798371973,2023-11-13T22:48:29,2956.3,262f7894aa0df98ca9745fd2c190c2c16ef0b907,1331387
autoland,4375374,13,92302d37db2c0dde32926e954404b4c8422e3f86,android-hw-a51-11-0-aarch64-shippable-qr,True,False,,|c|o|l|d| |w|e|b|r|e|n|d|e|r|,102210fe594ee9b33d82058545b1ed14f4c8206e,loadtime,imdb,True,imdb loadtime opt cold webrender,,77,ms,geckoview,,1798329896,2023-11-13T22:59:49,2847.1,c84c5edce138ec174e520b1fdd8a27749cb8f1d8,1331395
autoland,4375374,13,92302d37db2c0dde32926e954404b4c8422e3f86,android-hw-a51-11-0-aarch64-shippable-qr,True,False,,|c|o|l|d| |w|e|b|r|e|n|d|e|r|,102210fe594ee9b33d82058545b1ed14f4c8206e,loadtime,imdb,True,imdb loadtime opt cold webrender,,77,ms,geckoview,,1798329642,2023-11-13T22:59:49,2923.8,c84c5edce138ec174e520b1fdd8a27749cb8f1d8,1331395
autoland,4375374,13,92302d37db2c0dde32926e954404b4c8422e3f86,android-hw-a51-11-0-aarch64-shippable-qr,True,False,,|c|o|l|d| |w|e|b|r|e|n|d|e|r|,102210fe594ee9b33d82058545b1ed14f4c8206e,loadtime,imdb,True,imdb loadtime opt cold webrender,,77,ms,geckoview,,1798330109,2023-11-13T22:59:49,2987.0,c84c5edce138ec174e520b1fdd8a27749cb8f1d8,1331395
autoland,4375374,13,92302d37db2c0dde32926e954404b4c8422e3f86,android-hw-a51-11-0-aarch64-shippable-qr,True,False,,|c|o|l|d| |w|e|b|r|e|n|d|e|r|,102210fe594ee9b33d82058545b1ed14f4c8206e,loadtime,imdb,True,imdb loadtime opt cold webrender,,77,ms,geckoview,,1798329103,2023-11-13T22:59:49,2857.5,c84c5edce138ec174e520b1fdd8a27749cb8f1d8,1331395
autoland,4375374,13,92302d37db2c0dde32926e954404b4c8422e3f86,android-hw-a51-11-0-aarch64-shippable-qr,True,False,,|c|o|l|d| |w|e|b|r|e|n|d|e|r|,102210fe594ee9b33d82058545b1ed14f4c8206e,loadtime,imdb,True,imdb loadtime opt cold webrender,,77,ms,geckoview,,1798329844,2023-11-13T22:59:49,2922.5,c84c5edce138ec174e520b1fdd8a27749cb8f1d8,1331395
autoland,4375374,13,92302d37db2c0dde32926e954404b4c8422e3f86,android-hw-a51-11-0-aarch64-shippable-qr,True,False,,|c|o|l|d| |w|e|b|r|e|n|d|e|r|,102210fe594ee9b33d82058545b1ed14f4c8206e,loadtime,imdb,True,imdb loadtime opt cold webrender,,77,ms,geckoview,,1798367226,2023-11-13T23:30:42,2944.9,eba28f362c365fcdbd942b027da1255c6485cbb7,1331412
autoland,4375374,13,92302d37db2c0dde32926e954404b4c8422e3f86,android-hw-a51-11-0-aarch64-shippable-qr,True,False,,|c|o|l|d| |w|e|b|r|e|n|d|e|r|,102210fe594ee9b33d82058545b1ed14f4c8206e,loadtime,imdb,True,imdb loadtime opt cold webrender,,77,ms,geckoview,,1798368775,2023-11-13T23:30:42,2875.2,eba28f362c365fcdbd942b027da1255c6485cbb7,1331412
autoland,4375374,13,92302d37db2c0dde32926e954404b4c8422e3f86,android-hw-a51-11-0-aarch64-shippable-qr,True,False,,|c|o|l|d| |w|e|b|r|e|n|d|e|r|,102210fe594ee9b33d82058545b1ed14f4c8206e,loadtime,imdb,True,imdb loadtime opt cold webrender,,77,ms,geckoview,,1798367570,2023-11-13T23:30:42,2905.9,eba28f362c365fcdbd942b027da1255c6485cbb7,1331412
autoland,4375374,13,92302d37db2c0dde32926e954404b4c8422e3f86,android-hw-a51-11-0-aarch64-shippable-qr,True,False,,|c|o|l|d| |w|e|b|r|e|n|d|e|r|,102210fe594ee9b33d82058545b1ed14f4c8206e,loadtime,imdb,True,imdb loadtime opt cold webrender,,77,ms,geckoview,,1798367858,2023-11-13T23:30:42,2976.4,eba28f362c365fcdbd942b027da1255c6485cbb7,1331412
autoland,4375374,13,92302d37db2c0dde32926e954404b4c8422e3f86,android-hw-a51-11-0-aarch64-shippable-qr,True,False,,|c|o|l|d| |w|e|b|r|e|n|d|e|r|,102210fe594ee9b33d82058545b1ed14f4c8206e,loadtime,imdb,True,imdb loadtime opt cold webrender,,77,ms,geckoview,,1798368891,2023-11-13T23:30:42,2890.6,eba28f362c365fcdbd942b027da1255c6485cbb7,1331412
autoland,4375374,13,92302d37db2c0dde32926e954404b4c8422e3f86,android-hw-a51-11-0-aarch64-shippable-qr,True,False,,|c|o|l|d| |w|e|b|r|e|n|d|e|r|,102210fe594ee9b33d82058545b1ed14f4c8206e,loadtime,imdb,True,imdb loadtime opt cold webrender,,77,ms,geckoview,,1798355612,2023-11-14T00:58:18,2908.3,81ff244b9258cbd0f276f9a2d57613d9055d9be9,1331443
autoland,4375374,13,92302d37db2c0dde32926e954404b4c8422e3f86,android-hw-a51-11-0-aarch64-shippable-qr,True,False,,|c|o|l|d| |w|e|b|r|e|n|d|e|r|,102210fe594ee9b33d82058545b1ed14f4c8206e,loadtime,imdb,True,imdb loadtime opt cold webrender,,77,ms,geckoview,,1798355904,2023-11-14T00:58:18,3342.4,81ff244b9258cbd0f276f9a2d57613d9055d9be9,1331443
autoland,4375374,13,92302d37db2c0dde32926e954404b4c8422e3f86,android-hw-a51-11-0-aarch64-shippable-qr,True,False,,|c|o|l|d| |w|e|b|r|e|n|d|e|r|,102210fe594ee9b33d82058545b1ed14f4c8206e,loadtime,imdb,True,imdb loadtime opt cold webrender,,77,ms,geckoview,,1798355216,2023-11-14T00:58:18,2898.9,81ff244b9258cbd0f276f9a2d57613d9055d9be9,1331443
autoland,4375374,13,92302d37db2c0dde32926e954404b4c8422e3f86,android-hw-a51-11-0-aarch64-shippable-qr,True,False,,|c|o|l|d| |w|e|b|r|e|n|d|e|r|,102210fe594ee9b33d82058545b1ed14f4c8206e,loadtime,imdb,True,imdb loadtime opt cold webrender,,77,ms,geckoview,,1798355692,2023-11-14T00:58:18,3004.2,81ff244b9258cbd0f276f9a2d57613d9055d9be9,1331443
autoland,4375374,13,92302d37db2c0dde32926e954404b4c8422e3f86,android-hw-a51-11-0-aarch64-shippable-qr,True,False,,|c|o|l|d| |w|e|b|r|e|n|d|e|r|,102210fe594ee9b33d82058545b1ed14f4c8206e,loadtime,imdb,True,imdb loadtime opt cold webrender,,77,ms,geckoview,,1798356578,2023-11-14T00:58:18,2959.4,81ff244b9258cbd0f276f9a2d57613d9055d9be9,1331443
autoland,4375374,13,92302d37db2c0dde32926e954404b4c8422e3f86,android-hw-a51-11-0-aarch64-shippable-qr,True,False,,|c|o|l|d| |w|e|b|r|e|n|d|e|r|,102210fe594ee9b33d82058545b1ed14f4c8206e,loadtime,imdb,True,imdb loadtime opt cold webrender,,77,ms,geckoview,,1798372046,2023-11-14T01:02:30,2880.2,9ec09eb75c9fccfa2cb565ca5dc58811d8a909f6,1331445
autoland,4375374,13,92302d37db2c0dde32926e954404b4c8422e3f86,android-hw-a51-11-0-aarch64-shippable-qr,True,False,,|c|o|l|d| |w|e|b|r|e|n|d|e|r|,102210fe594ee9b33d82058545b1ed14f4c8206e,loadtime,imdb,True,imdb loadtime opt cold webrender,,77,ms,geckoview,,1798372222,2023-11-14T01:02:30,2921.6,9ec09eb75c9fccfa2cb565ca5dc58811d8a909f6,1331445
autoland,4375374,13,92302d37db2c0dde32926e954404b4c8422e3f86,android-hw-a51-11-0-aarch64-shippable-qr,True,False,,|c|o|l|d| |w|e|b|r|e|n|d|e|r|,102210fe594ee9b33d82058545b1ed14f4c8206e,loadtime,imdb,True,imdb loadtime opt cold webrender,,77,ms,geckoview,,1798372256,2023-11-14T01:02:30,2822.7,9ec09eb75c9fccfa2cb565ca5dc58811d8a909f6,1331445
autoland,4375374,13,92302d37db2c0dde32926e954404b4c8422e3f86,android-hw-a51-11-0-aarch64-shippable-qr,True,False,,|c|o|l|d| |w|e|b|r|e|n|d|e|r|,102210fe594ee9b33d82058545b1ed14f4c8206e,loadtime,imdb,True,imdb loadtime opt cold webrender,,77,ms,geckoview,,1798372459,2023-11-14T01:02:30,2951.0,9ec09eb75c9fccfa2cb565ca5dc58811d8a909f6,1331445
autoland,4375374,13,92302d37db2c0dde32926e954404b4c8422e3f86,android-hw-a51-11-0-aarch64-shippable-qr,True,False,,|c|o|l|d| |w|e|b|r|e|n|d|e|r|,102210fe594ee9b33d82058545b1ed14f4c8206e,loadtime,imdb,True,imdb loadtime opt cold webrender,,77,ms,geckoview,,1798374592,2023-11-14T01:03:21,2928.4,70fb53e3c7bec8789cfa5ea7cd292d49da25df0b,1331446
autoland,4375374,13,92302d37db2c0dde32926e954404b4c8422e3f86,android-hw-a51-11-0-aarch64-shippable-qr,True,False,,|c|o|l|d| |w|e|b|r|e|n|d|e|r|,102210fe594ee9b33d82058545b1ed14f4c8206e,loadtime,imdb,True,imdb loadtime opt cold webrender,,77,ms,geckoview,,1798374883,2023-11-14T01:03:21,2886.8,70fb53e3c7bec8789cfa5ea7cd292d49da25df0b,1331446
autoland,4375374,13,92302d37db2c0dde32926e954404b4c8422e3f86,android-hw-a51-11-0-aarch64-shippable-qr,True,False,,|c|o|l|d| |w|e|b|r|e|n|d|e|r|,102210fe594ee9b33d82058545b1ed14f4c8206e,loadtime,imdb,True,imdb loadtime opt cold webrender,,77,ms,geckoview,,1798375120,2023-11-14T01:03:21,3126.5,70fb53e3c7bec8789cfa5ea7cd292d49da25df0b,1331446
autoland,4375374,13,92302d37db2c0dde32926e954404b4c8422e3f86,android-hw-a51-11-0-aarch64-shippable-qr,True,False,,|c|o|l|d| |w|e|b|r|e|n|d|e|r|,102210fe594ee9b33d82058545b1ed14f4c8206e,loadtime,imdb,True,imdb loadtime opt cold webrender,,77,ms,geckoview,,1798374722,2023-11-14T01:03:21,2901.4,70fb53e3c7bec8789cfa5ea7cd292d49da25df0b,1331446
autoland,4375374,13,92302d37db2c0dde32926e954404b4c8422e3f86,android-hw-a51-11-0-aarch64-shippable-qr,True,False,,|c|o|l|d| |w|e|b|r|e|n|d|e|r|,102210fe594ee9b33d82058545b1ed14f4c8206e,loadtime,imdb,True,imdb loadtime opt cold webrender,,77,ms,geckoview,,1798375370,2023-11-14T01:03:21,3496.7,70fb53e3c7bec8789cfa5ea7cd292d49da25df0b,1331446
autoland,4375374,13,92302d37db2c0dde32926e954404b4c8422e3f86,android-hw-a51-11-0-aarch64-shippable-qr,True,False,,|c|o|l|d| |w|e|b|r|e|n|d|e|r|,102210fe594ee9b33d82058545b1ed14f4c8206e,loadtime,imdb,True,imdb loadtime opt cold webrender,,77,ms,geckoview,,1798356429,2023-11-14T01:04:17,2897.3,a53c4356e8d1c5e50250a47b1df87b7b4c20f593,1331447
autoland,4375374,13,92302d37db2c0dde32926e954404b4c8422e3f86,android-hw-a51-11-0-aarch64-shippable-qr,True,False,,|c|o|l|d| |w|e|b|r|e|n|d|e|r|,102210fe594ee9b33d82058545b1ed14f4c8206e,loadtime,imdb,True,imdb loadtime opt cold webrender,,77,ms,geckoview,,1798356670,2023-11-14T01:04:17,2906.3,a53c4356e8d1c5e50250a47b1df87b7b4c20f593,1331447
autoland,4375374,13,92302d37db2c0dde32926e954404b4c8422e3f86,android-hw-a51-11-0-aarch64-shippable-qr,True,False,,|c|o|l|d| |w|e|b|r|e|n|d|e|r|,102210fe594ee9b33d82058545b1ed14f4c8206e,loadtime,imdb,True,imdb loadtime opt cold webrender,,77,ms,geckoview,,1798357646,2023-11-14T01:04:17,3162.4,a53c4356e8d1c5e50250a47b1df87b7b4c20f593,1331447
autoland,4375374,13,92302d37db2c0dde32926e954404b4c8422e3f86,android-hw-a51-11-0-aarch64-shippable-qr,True,False,,|c|o|l|d| |w|e|b|r|e|n|d|e|r|,102210fe594ee9b33d82058545b1ed14f4c8206e,loadtime,imdb,True,imdb loadtime opt cold webrender,,77,ms,geckoview,,1798357330,2023-11-14T01:04:17,2865.7,a53c4356e8d1c5e50250a47b1df87b7b4c20f593,1331447
autoland,4375374,13,92302d37db2c0dde32926e954404b4c8422e3f86,android-hw-a51-11-0-aarch64-shippable-qr,True,False,,|c|o|l|d| |w|e|b|r|e|n|d|e|r|,102210fe594ee9b33d82058545b1ed14f4c8206e,loadtime,imdb,True,imdb loadtime opt cold webrender,,77,ms,geckoview,,1798357387,2023-11-14T01:04:17,2837.5,a53c4356e8d1c5e50250a47b1df87b7b4c20f593,1331447
autoland,4375374,13,92302d37db2c0dde32926e954404b4c8422e3f86,android-hw-a51-11-0-aarch64-shippable-qr,True,False,,|c|o|l|d| |w|e|b|r|e|n|d|e|r|,102210fe594ee9b33d82058545b1ed14f4c8206e,loadtime,imdb,True,imdb loadtime opt cold webrender,,77,ms,geckoview,,1798350742,2023-11-14T01:07:23,2953.0,07fec736c4e75b4eb83c6d8168890dd39f6de50c,1331448
autoland,4375374,13,92302d37db2c0dde32926e954404b4c8422e3f86,android-hw-a51-11-0-aarch64-shippable-qr,True,False,,|c|o|l|d| |w|e|b|r|e|n|d|e|r|,102210fe594ee9b33d82058545b1ed14f4c8206e,loadtime,imdb,True,imdb loadtime opt cold webrender,,77,ms,geckoview,,1798352733,2023-11-14T01:07:23,2873.8,07fec736c4e75b4eb83c6d8168890dd39f6de50c,1331448
autoland,4375374,13,92302d37db2c0dde32926e954404b4c8422e3f86,android-hw-a51-11-0-aarch64-shippable-qr,True,False,,|c|o|l|d| |w|e|b|r|e|n|d|e|r|,102210fe594ee9b33d82058545b1ed14f4c8206e,loadtime,imdb,True,imdb loadtime opt cold webrender,,77,ms,geckoview,,1798354609,2023-11-14T01:07:23,2873.3,07fec736c4e75b4eb83c6d8168890dd39f6de50c,1331448
autoland,4375374,13,92302d37db2c0dde32926e954404b4c8422e3f86,android-hw-a51-11-0-aarch64-shippable-qr,True,False,,|c|o|l|d| |w|e|b|r|e|n|d|e|r|,102210fe594ee9b33d82058545b1ed14f4c8206e,loadtime,imdb,True,imdb loadtime opt cold webrender,,77,ms,geckoview,,1798353508,2023-11-14T01:07:23,2850.1,07fec736c4e75b4eb83c6d8168890dd39f6de50c,1331448
autoland,4375374,13,92302d37db2c0dde32926e954404b4c8422e3f86,android-hw-a51-11-0-aarch64-shippable-qr,True,False,,|c|o|l|d| |w|e|b|r|e|n|d|e|r|,102210fe594ee9b33d82058545b1ed14f4c8206e,loadtime,imdb,True,imdb loadtime opt cold webrender,,77,ms,geckoview,,1798353531,2023-11-14T01:07:23,2870.9,07fec736c4e75b4eb83c6d8168890dd39f6de50c,1331448
autoland,4375374,13,92302d37db2c0dde32926e954404b4c8422e3f86,android-hw-a51-11-0-aarch64-shippable-qr,True,False,,|c|o|l|d| |w|e|b|r|e|n|d|e|r|,102210fe594ee9b33d82058545b1ed14f4c8206e,loadtime,imdb,True,imdb loadtime opt cold webrender,,77,ms,geckoview,,1798372673,2023-11-14T02:10:55,2817.1,d59f9cc1a49d6f370420cc8e5fd8c1cac1bf5f4b,1331463
autoland,4375374,13,92302d37db2c0dde32926e954404b4c8422e3f86,android-hw-a51-11-0-aarch64-shippable-qr,True,False,,|c|o|l|d| |w|e|b|r|e|n|d|e|r|,102210fe594ee9b33d82058545b1ed14f4c8206e,loadtime,imdb,True,imdb loadtime opt cold webrender,,77,ms,geckoview,,1798372736,2023-11-14T02:10:55,2951.7,d59f9cc1a49d6f370420cc8e5fd8c1cac1bf5f4b,1331463
autoland,4375374,13,92302d37db2c0dde32926e954404b4c8422e3f86,android-hw-a51-11-0-aarch64-shippable-qr,True,False,,|c|o|l|d| |w|e|b|r|e|n|d|e|r|,102210fe594ee9b33d82058545b1ed14f4c8206e,loadtime,imdb,True,imdb loadtime opt cold webrender,,77,ms,geckoview,,1798373449,2023-11-14T02:10:55,2960.1,d59f9cc1a49d6f370420cc8e5fd8c1cac1bf5f4b,1331463
autoland,4375374,13,92302d37db2c0dde32926e954404b4c8422e3f86,android-hw-a51-11-0-aarch64-shippable-qr,True,False,,|c|o|l|d| |w|e|b|r|e|n|d|e|r|,102210fe594ee9b33d82058545b1ed14f4c8206e,loadtime,imdb,True,imdb loadtime opt cold webrender,,77,ms,geckoview,,1798372556,2023-11-14T02:10:55,2863.6,d59f9cc1a49d6f370420cc8e5fd8c1cac1bf5f4b,1331463
autoland,4375374,13,92302d37db2c0dde32926e954404b4c8422e3f86,android-hw-a51-11-0-aarch64-shippable-qr,True,False,,|c|o|l|d| |w|e|b|r|e|n|d|e|r|,102210fe594ee9b33d82058545b1ed14f4c8206e,loadtime,imdb,True,imdb loadtime opt cold webrender,,77,ms,geckoview,,1798373380,2023-11-14T02:10:55,2932.6,d59f9cc1a49d6f370420cc8e5fd8c1cac1bf5f4b,1331463
autoland,4375374,13,92302d37db2c0dde32926e954404b4c8422e3f86,android-hw-a51-11-0-aarch64-shippable-qr,True,False,,|c|o|l|d| |w|e|b|r|e|n|d|e|r|,102210fe594ee9b33d82058545b1ed14f4c8206e,loadtime,imdb,True,imdb loadtime opt cold webrender,,77,ms,geckoview,,1798334114,2023-11-14T02:14:44,2840.0,d480c0708b8f8bbbd277a6b9c4878502aa102c65,1331464
autoland,4375374,13,92302d37db2c0dde32926e954404b4c8422e3f86,android-hw-a51-11-0-aarch64-shippable-qr,True,False,,|c|o|l|d| |w|e|b|r|e|n|d|e|r|,102210fe594ee9b33d82058545b1ed14f4c8206e,loadtime,imdb,True,imdb loadtime opt cold webrender,,77,ms,geckoview,,1798331943,2023-11-14T02:14:44,2990.0,d480c0708b8f8bbbd277a6b9c4878502aa102c65,1331464
autoland,4375374,13,92302d37db2c0dde32926e954404b4c8422e3f86,android-hw-a51-11-0-aarch64-shippable-qr,True,False,,|c|o|l|d| |w|e|b|r|e|n|d|e|r|,102210fe594ee9b33d82058545b1ed14f4c8206e,loadtime,imdb,True,imdb loadtime opt cold webrender,,77,ms,geckoview,,1798335208,2023-11-14T02:14:44,2959.9,d480c0708b8f8bbbd277a6b9c4878502aa102c65,1331464
autoland,4375374,13,92302d37db2c0dde32926e954404b4c8422e3f86,android-hw-a51-11-0-aarch64-shippable-qr,True,False,,|c|o|l|d| |w|e|b|r|e|n|d|e|r|,102210fe594ee9b33d82058545b1ed14f4c8206e,loadtime,imdb,True,imdb loadtime opt cold webrender,,77,ms,geckoview,,1798336416,2023-11-14T02:14:44,2831.5,d480c0708b8f8bbbd277a6b9c4878502aa102c65,1331464
autoland,4375374,13,92302d37db2c0dde32926e954404b4c8422e3f86,android-hw-a51-11-0-aarch64-shippable-qr,True,False,,|c|o|l|d| |w|e|b|r|e|n|d|e|r|,102210fe594ee9b33d82058545b1ed14f4c8206e,loadtime,imdb,True,imdb loadtime opt cold webrender,,77,ms,geckoview,,1798337569,2023-11-14T02:14:44,2990.8,d480c0708b8f8bbbd277a6b9c4878502aa102c65,1331464
autoland,4375374,13,92302d37db2c0dde32926e954404b4c8422e3f86,android-hw-a51-11-0-aarch64-shippable-qr,True,False,,|c|o|l|d| |w|e|b|r|e|n|d|e|r|,102210fe594ee9b33d82058545b1ed14f4c8206e,loadtime,imdb,True,imdb loadtime opt cold webrender,,77,ms,geckoview,,1798326565,2023-11-14T02:34:47,2914.6,b6c4e5d85bca72018513c1ac409ad3d7beddc281,1331468
autoland,4375374,13,92302d37db2c0dde32926e954404b4c8422e3f86,android-hw-a51-11-0-aarch64-shippable-qr,True,False,,|c|o|l|d| |w|e|b|r|e|n|d|e|r|,102210fe594ee9b33d82058545b1ed14f4c8206e,loadtime,imdb,True,imdb loadtime opt cold webrender,,77,ms,geckoview,,1798326592,2023-11-14T02:34:47,2895.5,b6c4e5d85bca72018513c1ac409ad3d7beddc281,1331468
autoland,4375374,13,92302d37db2c0dde32926e954404b4c8422e3f86,android-hw-a51-11-0-aarch64-shippable-qr,True,False,,|c|o|l|d| |w|e|b|r|e|n|d|e|r|,102210fe594ee9b33d82058545b1ed14f4c8206e,loadtime,imdb,True,imdb loadtime opt cold webrender,,77,ms,geckoview,,1798326905,2023-11-14T02:34:47,3095.5,b6c4e5d85bca72018513c1ac409ad3d7beddc281,1331468
autoland,4375374,13,92302d37db2c0dde32926e954404b4c8422e3f86,android-hw-a51-11-0-aarch64-shippable-qr,True,False,,|c|o|l|d| |w|e|b|r|e|n|d|e|r|,102210fe594ee9b33d82058545b1ed14f4c8206e,loadtime,imdb,True,imdb loadtime opt cold webrender,,77,ms,geckoview,,1798327022,2023-11-14T02:34:47,2939.8,b6c4e5d85bca72018513c1ac409ad3d7beddc281,1331468
autoland,4375374,13,92302d37db2c0dde32926e954404b4c8422e3f86,android-hw-a51-11-0-aarch64-shippable-qr,True,False,,|c|o|l|d| |w|e|b|r|e|n|d|e|r|,102210fe594ee9b33d82058545b1ed14f4c8206e,loadtime,imdb,True,imdb loadtime opt cold webrender,,77,ms,geckoview,,1798326228,2023-11-14T02:34:47,2925.1,b6c4e5d85bca72018513c1ac409ad3d7beddc281,1331468
autoland,4375374,13,92302d37db2c0dde32926e954404b4c8422e3f86,android-hw-a51-11-0-aarch64-shippable-qr,True,False,,|c|o|l|d| |w|e|b|r|e|n|d|e|r|,102210fe594ee9b33d82058545b1ed14f4c8206e,loadtime,imdb,True,imdb loadtime opt cold webrender,,77,ms,geckoview,,1798326869,2023-11-14T02:34:47,2918.0,b6c4e5d85bca72018513c1ac409ad3d7beddc281,1331468
autoland,4375374,13,92302d37db2c0dde32926e954404b4c8422e3f86,android-hw-a51-11-0-aarch64-shippable-qr,True,False,,|c|o|l|d| |w|e|b|r|e|n|d|e|r|,102210fe594ee9b33d82058545b1ed14f4c8206e,loadtime,imdb,True,imdb loadtime opt cold webrender,,77,ms,geckoview,,1798327680,2023-11-14T02:34:47,2931.0,b6c4e5d85bca72018513c1ac409ad3d7beddc281,1331468
autoland,4375374,13,92302d37db2c0dde32926e954404b4c8422e3f86,android-hw-a51-11-0-aarch64-shippable-qr,True,False,,|c|o|l|d| |w|e|b|r|e|n|d|e|r|,102210fe594ee9b33d82058545b1ed14f4c8206e,loadtime,imdb,True,imdb loadtime opt cold webrender,,77,ms,geckoview,,1798326684,2023-11-14T02:34:47,2904.6,b6c4e5d85bca72018513c1ac409ad3d7beddc281,1331468
autoland,4375374,13,92302d37db2c0dde32926e954404b4c8422e3f86,android-hw-a51-11-0-aarch64-shippable-qr,True,False,,|c|o|l|d| |w|e|b|r|e|n|d|e|r|,102210fe594ee9b33d82058545b1ed14f4c8206e,loadtime,imdb,True,imdb loadtime opt cold webrender,,77,ms,geckoview,,1798327453,2023-11-14T02:34:47,2897.9,b6c4e5d85bca72018513c1ac409ad3d7beddc281,1331468
autoland,4375374,13,92302d37db2c0dde32926e954404b4c8422e3f86,android-hw-a51-11-0-aarch64-shippable-qr,True,False,,|c|o|l|d| |w|e|b|r|e|n|d|e|r|,102210fe594ee9b33d82058545b1ed14f4c8206e,loadtime,imdb,True,imdb loadtime opt cold webrender,,77,ms,geckoview,,1798327602,2023-11-14T02:34:47,2925.3,b6c4e5d85bca72018513c1ac409ad3d7beddc281,1331468
autoland,4375374,13,92302d37db2c0dde32926e954404b4c8422e3f86,android-hw-a51-11-0-aarch64-shippable-qr,True,False,,|c|o|l|d| |w|e|b|r|e|n|d|e|r|,102210fe594ee9b33d82058545b1ed14f4c8206e,loadtime,imdb,True,imdb loadtime opt cold webrender,,77,ms,geckoview,,1793818036,2023-11-14T03:20:13,3017.1,2628fd55e661366941f56769829687c53da4669b,1331480
autoland,4375374,13,92302d37db2c0dde32926e954404b4c8422e3f86,android-hw-a51-11-0-aarch64-shippable-qr,True,False,,|c|o|l|d| |w|e|b|r|e|n|d|e|r|,102210fe594ee9b33d82058545b1ed14f4c8206e,loadtime,imdb,True,imdb loadtime opt cold webrender,,77,ms,geckoview,,1798141448,2023-11-14T03:20:13,3074.9,2628fd55e661366941f56769829687c53da4669b,1331480
autoland,4375374,13,92302d37db2c0dde32926e954404b4c8422e3f86,android-hw-a51-11-0-aarch64-shippable-qr,True,False,,|c|o|l|d| |w|e|b|r|e|n|d|e|r|,102210fe594ee9b33d82058545b1ed14f4c8206e,loadtime,imdb,True,imdb loadtime opt cold webrender,,77,ms,geckoview,,1798142197,2023-11-14T03:20:13,2938.2,2628fd55e661366941f56769829687c53da4669b,1331480
autoland,4375374,13,92302d37db2c0dde32926e954404b4c8422e3f86,android-hw-a51-11-0-aarch64-shippable-qr,True,False,,|c|o|l|d| |w|e|b|r|e|n|d|e|r|,102210fe594ee9b33d82058545b1ed14f4c8206e,loadtime,imdb,True,imdb loadtime opt cold webrender,,77,ms,geckoview,,1798142314,2023-11-14T03:20:13,3091.0,2628fd55e661366941f56769829687c53da4669b,1331480
autoland,4375374,13,92302d37db2c0dde32926e954404b4c8422e3f86,android-hw-a51-11-0-aarch64-shippable-qr,True,False,,|c|o|l|d| |w|e|b|r|e|n|d|e|r|,102210fe594ee9b33d82058545b1ed14f4c8206e,loadtime,imdb,True,imdb loadtime opt cold webrender,,77,ms,geckoview,,1798142651,2023-11-14T03:20:13,2889.2,2628fd55e661366941f56769829687c53da4669b,1331480
autoland,4375374,13,92302d37db2c0dde32926e954404b4c8422e3f86,android-hw-a51-11-0-aarch64-shippable-qr,True,False,,|c|o|l|d| |w|e|b|r|e|n|d|e|r|,102210fe594ee9b33d82058545b1ed14f4c8206e,loadtime,imdb,True,imdb loadtime opt cold webrender,,77,ms,geckoview,,1798144051,2023-11-14T03:20:13,2899.6,2628fd55e661366941f56769829687c53da4669b,1331480
autoland,4375374,13,92302d37db2c0dde32926e954404b4c8422e3f86,android-hw-a51-11-0-aarch64-shippable-qr,True,False,,|c|o|l|d| |w|e|b|r|e|n|d|e|r|,102210fe594ee9b33d82058545b1ed14f4c8206e,loadtime,imdb,True,imdb loadtime opt cold webrender,,77,ms,geckoview,,1798144984,2023-11-14T03:20:13,2972.6,2628fd55e661366941f56769829687c53da4669b,1331480
autoland,4375374,13,92302d37db2c0dde32926e954404b4c8422e3f86,android-hw-a51-11-0-aarch64-shippable-qr,True,False,,|c|o|l|d| |w|e|b|r|e|n|d|e|r|,102210fe594ee9b33d82058545b1ed14f4c8206e,loadtime,imdb,True,imdb loadtime opt cold webrender,,77,ms,geckoview,,1798145007,2023-11-14T03:20:13,3048.8,2628fd55e661366941f56769829687c53da4669b,1331480
autoland,4375374,13,92302d37db2c0dde32926e954404b4c8422e3f86,android-hw-a51-11-0-aarch64-shippable-qr,True,False,,|c|o|l|d| |w|e|b|r|e|n|d|e|r|,102210fe594ee9b33d82058545b1ed14f4c8206e,loadtime,imdb,True,imdb loadtime opt cold webrender,,77,ms,geckoview,,1798145486,2023-11-14T03:20:13,2892.1,2628fd55e661366941f56769829687c53da4669b,1331480
autoland,4375374,13,92302d37db2c0dde32926e954404b4c8422e3f86,android-hw-a51-11-0-aarch64-shippable-qr,True,False,,|c|o|l|d| |w|e|b|r|e|n|d|e|r|,102210fe594ee9b33d82058545b1ed14f4c8206e,loadtime,imdb,True,imdb loadtime opt cold webrender,,77,ms,geckoview,,1798145678,2023-11-14T03:20:13,2960.9,2628fd55e661366941f56769829687c53da4669b,1331480
autoland,4375374,13,92302d37db2c0dde32926e954404b4c8422e3f86,android-hw-a51-11-0-aarch64-shippable-qr,True,False,,|c|o|l|d| |w|e|b|r|e|n|d|e|r|,102210fe594ee9b33d82058545b1ed14f4c8206e,loadtime,imdb,True,imdb loadtime opt cold webrender,,77,ms,geckoview,,1798146009,2023-11-14T03:20:13,2958.1,2628fd55e661366941f56769829687c53da4669b,1331480
autoland,4375374,13,92302d37db2c0dde32926e954404b4c8422e3f86,android-hw-a51-11-0-aarch64-shippable-qr,True,False,,|c|o|l|d| |w|e|b|r|e|n|d|e|r|,102210fe594ee9b33d82058545b1ed14f4c8206e,loadtime,imdb,True,imdb loadtime opt cold webrender,,77,ms,geckoview,,1798147435,2023-11-14T03:20:13,2962.6,2628fd55e661366941f56769829687c53da4669b,1331480
autoland,4375374,13,92302d37db2c0dde32926e954404b4c8422e3f86,android-hw-a51-11-0-aarch64-shippable-qr,True,False,,|c|o|l|d| |w|e|b|r|e|n|d|e|r|,102210fe594ee9b33d82058545b1ed14f4c8206e,loadtime,imdb,True,imdb loadtime opt cold webrender,,77,ms,geckoview,,1798145175,2023-11-14T03:20:13,2925.0,2628fd55e661366941f56769829687c53da4669b,1331480
autoland,4375374,13,92302d37db2c0dde32926e954404b4c8422e3f86,android-hw-a51-11-0-aarch64-shippable-qr,True,False,,|c|o|l|d| |w|e|b|r|e|n|d|e|r|,102210fe594ee9b33d82058545b1ed14f4c8206e,loadtime,imdb,True,imdb loadtime opt cold webrender,,77,ms,geckoview,,1798316487,2023-11-14T04:52:40,3246.4,7519c7ad189bf4e5fffc4bd9d166df59e5984d22,1331493
autoland,4375374,13,92302d37db2c0dde32926e954404b4c8422e3f86,android-hw-a51-11-0-aarch64-shippable-qr,True,False,,|c|o|l|d| |w|e|b|r|e|n|d|e|r|,102210fe594ee9b33d82058545b1ed14f4c8206e,loadtime,imdb,True,imdb loadtime opt cold webrender,,77,ms,geckoview,,1798316613,2023-11-14T04:52:40,2906.2,7519c7ad189bf4e5fffc4bd9d166df59e5984d22,1331493
autoland,4375374,13,92302d37db2c0dde32926e954404b4c8422e3f86,android-hw-a51-11-0-aarch64-shippable-qr,True,False,,|c|o|l|d| |w|e|b|r|e|n|d|e|r|,102210fe594ee9b33d82058545b1ed14f4c8206e,loadtime,imdb,True,imdb loadtime opt cold webrender,,77,ms,geckoview,,1798317154,2023-11-14T04:52:40,2976.5,7519c7ad189bf4e5fffc4bd9d166df59e5984d22,1331493
autoland,4375374,13,92302d37db2c0dde32926e954404b4c8422e3f86,android-hw-a51-11-0-aarch64-shippable-qr,True,False,,|c|o|l|d| |w|e|b|r|e|n|d|e|r|,102210fe594ee9b33d82058545b1ed14f4c8206e,loadtime,imdb,True,imdb loadtime opt cold webrender,,77,ms,geckoview,,1798317195,2023-11-14T04:52:40,2905.3,7519c7ad189bf4e5fffc4bd9d166df59e5984d22,1331493
autoland,4375374,13,92302d37db2c0dde32926e954404b4c8422e3f86,android-hw-a51-11-0-aarch64-shippable-qr,True,False,,|c|o|l|d| |w|e|b|r|e|n|d|e|r|,102210fe594ee9b33d82058545b1ed14f4c8206e,loadtime,imdb,True,imdb loadtime opt cold webrender,,77,ms,geckoview,,1798318322,2023-11-14T04:52:40,2912.6,7519c7ad189bf4e5fffc4bd9d166df59e5984d22,1331493
autoland,4375374,13,92302d37db2c0dde32926e954404b4c8422e3f86,android-hw-a51-11-0-aarch64-shippable-qr,True,False,,|c|o|l|d| |w|e|b|r|e|n|d|e|r|,102210fe594ee9b33d82058545b1ed14f4c8206e,loadtime,imdb,True,imdb loadtime opt cold webrender,,77,ms,geckoview,,1798323702,2023-11-14T05:00:28,2902.7,bcab6edcc8928dc30211c9d880f5b712ed5aa97f,1331494
autoland,4375374,13,92302d37db2c0dde32926e954404b4c8422e3f86,android-hw-a51-11-0-aarch64-shippable-qr,True,False,,|c|o|l|d| |w|e|b|r|e|n|d|e|r|,102210fe594ee9b33d82058545b1ed14f4c8206e,loadtime,imdb,True,imdb loadtime opt cold webrender,,77,ms,geckoview,,1798323792,2023-11-14T05:00:28,2910.4,bcab6edcc8928dc30211c9d880f5b712ed5aa97f,1331494
autoland,4375374,13,92302d37db2c0dde32926e954404b4c8422e3f86,android-hw-a51-11-0-aarch64-shippable-qr,True,False,,|c|o|l|d| |w|e|b|r|e|n|d|e|r|,102210fe594ee9b33d82058545b1ed14f4c8206e,loadtime,imdb,True,imdb loadtime opt cold webrender,,77,ms,geckoview,,1798326393,2023-11-14T05:00:28,3555.3,bcab6edcc8928dc30211c9d880f5b712ed5aa97f,1331494
autoland,4375374,13,92302d37db2c0dde32926e954404b4c8422e3f86,android-hw-a51-11-0-aarch64-shippable-qr,True,False,,|c|o|l|d| |w|e|b|r|e|n|d|e|r|,102210fe594ee9b33d82058545b1ed14f4c8206e,loadtime,imdb,True,imdb loadtime opt cold webrender,,77,ms,geckoview,,1798324230,2023-11-14T05:00:28,2878.1,bcab6edcc8928dc30211c9d880f5b712ed5aa97f,1331494
autoland,4375374,13,92302d37db2c0dde32926e954404b4c8422e3f86,android-hw-a51-11-0-aarch64-shippable-qr,True,False,,|c|o|l|d| |w|e|b|r|e|n|d|e|r|,102210fe594ee9b33d82058545b1ed14f4c8206e,loadtime,imdb,True,imdb loadtime opt cold webrender,,77,ms,geckoview,,1798325780,2023-11-14T05:00:28,2845.1,bcab6edcc8928dc30211c9d880f5b712ed5aa97f,1331494
autoland,4375374,13,92302d37db2c0dde32926e954404b4c8422e3f86,android-hw-a51-11-0-aarch64-shippable-qr,True,False,,|c|o|l|d| |w|e|b|r|e|n|d|e|r|,102210fe594ee9b33d82058545b1ed14f4c8206e,loadtime,imdb,True,imdb loadtime opt cold webrender,,77,ms,geckoview,,1798320453,2023-11-14T05:45:25,2857.1,81c46dfe35a0d3afc98d4c47ed0c0718053f2118,1331505
autoland,4375374,13,92302d37db2c0dde32926e954404b4c8422e3f86,android-hw-a51-11-0-aarch64-shippable-qr,True,False,,|c|o|l|d| |w|e|b|r|e|n|d|e|r|,102210fe594ee9b33d82058545b1ed14f4c8206e,loadtime,imdb,True,imdb loadtime opt cold webrender,,77,ms,geckoview,,1798321508,2023-11-14T05:45:25,2809.7,81c46dfe35a0d3afc98d4c47ed0c0718053f2118,1331505
autoland,4375374,13,92302d37db2c0dde32926e954404b4c8422e3f86,android-hw-a51-11-0-aarch64-shippable-qr,True,False,,|c|o|l|d| |w|e|b|r|e|n|d|e|r|,102210fe594ee9b33d82058545b1ed14f4c8206e,loadtime,imdb,True,imdb loadtime opt cold webrender,,77,ms,geckoview,,1798320578,2023-11-14T05:45:25,2949.1,81c46dfe35a0d3afc98d4c47ed0c0718053f2118,1331505
autoland,4375374,13,92302d37db2c0dde32926e954404b4c8422e3f86,android-hw-a51-11-0-aarch64-shippable-qr,True,False,,|c|o|l|d| |w|e|b|r|e|n|d|e|r|,102210fe594ee9b33d82058545b1ed14f4c8206e,loadtime,imdb,True,imdb loadtime opt cold webrender,,77,ms,geckoview,,1798321985,2023-11-14T05:45:25,3329.9,81c46dfe35a0d3afc98d4c47ed0c0718053f2118,1331505
autoland,4375374,13,92302d37db2c0dde32926e954404b4c8422e3f86,android-hw-a51-11-0-aarch64-shippable-qr,True,False,,|c|o|l|d| |w|e|b|r|e|n|d|e|r|,102210fe594ee9b33d82058545b1ed14f4c8206e,loadtime,imdb,True,imdb loadtime opt cold webrender,,77,ms,geckoview,,1798322835,2023-11-14T05:45:25,3008.6,81c46dfe35a0d3afc98d4c47ed0c0718053f2118,1331505
autoland,4375374,13,92302d37db2c0dde32926e954404b4c8422e3f86,android-hw-a51-11-0-aarch64-shippable-qr,True,False,,|c|o|l|d| |w|e|b|r|e|n|d|e|r|,102210fe594ee9b33d82058545b1ed14f4c8206e,loadtime,imdb,True,imdb loadtime opt cold webrender,,77,ms,geckoview,,1798314185,2023-11-14T05:59:14,2890.6,839befe903d4f2831853f5ce1f07f4dc74fa823d,1331508
autoland,4375374,13,92302d37db2c0dde32926e954404b4c8422e3f86,android-hw-a51-11-0-aarch64-shippable-qr,True,False,,|c|o|l|d| |w|e|b|r|e|n|d|e|r|,102210fe594ee9b33d82058545b1ed14f4c8206e,loadtime,imdb,True,imdb loadtime opt cold webrender,,77,ms,geckoview,,1798313534,2023-11-14T05:59:14,2928.0,839befe903d4f2831853f5ce1f07f4dc74fa823d,1331508
autoland,4375374,13,92302d37db2c0dde32926e954404b4c8422e3f86,android-hw-a51-11-0-aarch64-shippable-qr,True,False,,|c|o|l|d| |w|e|b|r|e|n|d|e|r|,102210fe594ee9b33d82058545b1ed14f4c8206e,loadtime,imdb,True,imdb loadtime opt cold webrender,,77,ms,geckoview,,1798315669,2023-11-14T05:59:14,2965.7,839befe903d4f2831853f5ce1f07f4dc74fa823d,1331508
autoland,4375374,13,92302d37db2c0dde32926e954404b4c8422e3f86,android-hw-a51-11-0-aarch64-shippable-qr,True,False,,|c|o|l|d| |w|e|b|r|e|n|d|e|r|,102210fe594ee9b33d82058545b1ed14f4c8206e,loadtime,imdb,True,imdb loadtime opt cold webrender,,77,ms,geckoview,,1798316050,2023-11-14T05:59:14,2933.4,839befe903d4f2831853f5ce1f07f4dc74fa823d,1331508
autoland,4375374,13,92302d37db2c0dde32926e954404b4c8422e3f86,android-hw-a51-11-0-aarch64-shippable-qr,True,False,,|c|o|l|d| |w|e|b|r|e|n|d|e|r|,102210fe594ee9b33d82058545b1ed14f4c8206e,loadtime,imdb,True,imdb loadtime opt cold webrender,,77,ms,geckoview,,1798316326,2023-11-14T05:59:14,2868.7,839befe903d4f2831853f5ce1f07f4dc74fa823d,1331508
autoland,4375374,13,92302d37db2c0dde32926e954404b4c8422e3f86,android-hw-a51-11-0-aarch64-shippable-qr,True,False,,|c|o|l|d| |w|e|b|r|e|n|d|e|r|,102210fe594ee9b33d82058545b1ed14f4c8206e,loadtime,imdb,True,imdb loadtime opt cold webrender,,77,ms,geckoview,,1793830550,2023-11-14T06:06:45,2987.5,acdcddac0b907d2e59d6d0fa1f96fff98453093a,1331509
autoland,4375374,13,92302d37db2c0dde32926e954404b4c8422e3f86,android-hw-a51-11-0-aarch64-shippable-qr,True,False,,|c|o|l|d| |w|e|b|r|e|n|d|e|r|,102210fe594ee9b33d82058545b1ed14f4c8206e,loadtime,imdb,True,imdb loadtime opt cold webrender,,77,ms,geckoview,,1798147326,2023-11-14T06:06:45,2847.8,acdcddac0b907d2e59d6d0fa1f96fff98453093a,1331509
autoland,4375374,13,92302d37db2c0dde32926e954404b4c8422e3f86,android-hw-a51-11-0-aarch64-shippable-qr,True,False,,|c|o|l|d| |w|e|b|r|e|n|d|e|r|,102210fe594ee9b33d82058545b1ed14f4c8206e,loadtime,imdb,True,imdb loadtime opt cold webrender,,77,ms,geckoview,,1798147626,2023-11-14T06:06:45,3073.9,acdcddac0b907d2e59d6d0fa1f96fff98453093a,1331509
autoland,4375374,13,92302d37db2c0dde32926e954404b4c8422e3f86,android-hw-a51-11-0-aarch64-shippable-qr,True,False,,|c|o|l|d| |w|e|b|r|e|n|d|e|r|,102210fe594ee9b33d82058545b1ed14f4c8206e,loadtime,imdb,True,imdb loadtime opt cold webrender,,77,ms,geckoview,,1798148503,2023-11-14T06:06:45,2895.9,acdcddac0b907d2e59d6d0fa1f96fff98453093a,1331509
autoland,4375374,13,92302d37db2c0dde32926e954404b4c8422e3f86,android-hw-a51-11-0-aarch64-shippable-qr,True,False,,|c|o|l|d| |w|e|b|r|e|n|d|e|r|,102210fe594ee9b33d82058545b1ed14f4c8206e,loadtime,imdb,True,imdb loadtime opt cold webrender,,77,ms,geckoview,,1798150002,2023-11-14T06:06:45,2811.8,acdcddac0b907d2e59d6d0fa1f96fff98453093a,1331509
autoland,4375374,13,92302d37db2c0dde32926e954404b4c8422e3f86,android-hw-a51-11-0-aarch64-shippable-qr,True,False,,|c|o|l|d| |w|e|b|r|e|n|d|e|r|,102210fe594ee9b33d82058545b1ed14f4c8206e,loadtime,imdb,True,imdb loadtime opt cold webrender,,77,ms,geckoview,,1798150919,2023-11-14T06:06:45,2860.0,acdcddac0b907d2e59d6d0fa1f96fff98453093a,1331509
autoland,4375374,13,92302d37db2c0dde32926e954404b4c8422e3f86,android-hw-a51-11-0-aarch64-shippable-qr,True,False,,|c|o|l|d| |w|e|b|r|e|n|d|e|r|,102210fe594ee9b33d82058545b1ed14f4c8206e,loadtime,imdb,True,imdb loadtime opt cold webrender,,77,ms,geckoview,,1797971470,2023-11-14T06:14:35,3038.2,707903afea9fc2c77b81cc4b0beab064796c1134,1331512
autoland,4375374,13,92302d37db2c0dde32926e954404b4c8422e3f86,android-hw-a51-11-0-aarch64-shippable-qr,True,False,,|c|o|l|d| |w|e|b|r|e|n|d|e|r|,102210fe594ee9b33d82058545b1ed14f4c8206e,loadtime,imdb,True,imdb loadtime opt cold webrender,,77,ms,geckoview,,1798150851,2023-11-14T06:14:35,2915.0,707903afea9fc2c77b81cc4b0beab064796c1134,1331512
autoland,4375374,13,92302d37db2c0dde32926e954404b4c8422e3f86,android-hw-a51-11-0-aarch64-shippable-qr,True,False,,|c|o|l|d| |w|e|b|r|e|n|d|e|r|,102210fe594ee9b33d82058545b1ed14f4c8206e,loadtime,imdb,True,imdb loadtime opt cold webrender,,77,ms,geckoview,,1798153365,2023-11-14T06:14:35,2891.8,707903afea9fc2c77b81cc4b0beab064796c1134,1331512
autoland,4375374,13,92302d37db2c0dde32926e954404b4c8422e3f86,android-hw-a51-11-0-aarch64-shippable-qr,True,False,,|c|o|l|d| |w|e|b|r|e|n|d|e|r|,102210fe594ee9b33d82058545b1ed14f4c8206e,loadtime,imdb,True,imdb loadtime opt cold webrender,,77,ms,geckoview,,1798151625,2023-11-14T06:14:35,3436.2,707903afea9fc2c77b81cc4b0beab064796c1134,1331512
autoland,4375374,13,92302d37db2c0dde32926e954404b4c8422e3f86,android-hw-a51-11-0-aarch64-shippable-qr,True,False,,|c|o|l|d| |w|e|b|r|e|n|d|e|r|,102210fe594ee9b33d82058545b1ed14f4c8206e,loadtime,imdb,True,imdb loadtime opt cold webrender,,77,ms,geckoview,,1798152344,2023-11-14T06:14:35,2934.5,707903afea9fc2c77b81cc4b0beab064796c1134,1331512
autoland,4375374,13,92302d37db2c0dde32926e954404b4c8422e3f86,android-hw-a51-11-0-aarch64-shippable-qr,True,False,,|c|o|l|d| |w|e|b|r|e|n|d|e|r|,102210fe594ee9b33d82058545b1ed14f4c8206e,loadtime,imdb,True,imdb loadtime opt cold webrender,,77,ms,geckoview,,1798153009,2023-11-14T06:14:35,2886.3,707903afea9fc2c77b81cc4b0beab064796c1134,1331512
autoland,4375374,13,92302d37db2c0dde32926e954404b4c8422e3f86,android-hw-a51-11-0-aarch64-shippable-qr,True,False,,|c|o|l|d| |w|e|b|r|e|n|d|e|r|,102210fe594ee9b33d82058545b1ed14f4c8206e,loadtime,imdb,True,imdb loadtime opt cold webrender,,77,ms,geckoview,,1798006624,2023-11-14T07:28:56,2955.4,8379e077baa212d81c2ebc867c7ffa81a1bd57a3,1331531
autoland,4375374,13,92302d37db2c0dde32926e954404b4c8422e3f86,android-hw-a51-11-0-aarch64-shippable-qr,True,False,,|c|o|l|d| |w|e|b|r|e|n|d|e|r|,102210fe594ee9b33d82058545b1ed14f4c8206e,loadtime,imdb,True,imdb loadtime opt cold webrender,,77,ms,geckoview,,1798158006,2023-11-14T07:28:56,2916.2,8379e077baa212d81c2ebc867c7ffa81a1bd57a3,1331531
autoland,4375374,13,92302d37db2c0dde32926e954404b4c8422e3f86,android-hw-a51-11-0-aarch64-shippable-qr,True,False,,|c|o|l|d| |w|e|b|r|e|n|d|e|r|,102210fe594ee9b33d82058545b1ed14f4c8206e,loadtime,imdb,True,imdb loadtime opt cold webrender,,77,ms,geckoview,,1798199764,2023-11-14T07:28:56,2939.2,8379e077baa212d81c2ebc867c7ffa81a1bd57a3,1331531
autoland,4375374,13,92302d37db2c0dde32926e954404b4c8422e3f86,android-hw-a51-11-0-aarch64-shippable-qr,True,False,,|c|o|l|d| |w|e|b|r|e|n|d|e|r|,102210fe594ee9b33d82058545b1ed14f4c8206e,loadtime,imdb,True,imdb loadtime opt cold webrender,,77,ms,geckoview,,1798197944,2023-11-14T07:28:56,2917.2,8379e077baa212d81c2ebc867c7ffa81a1bd57a3,1331531
autoland,4375374,13,92302d37db2c0dde32926e954404b4c8422e3f86,android-hw-a51-11-0-aarch64-shippable-qr,True,False,,|c|o|l|d| |w|e|b|r|e|n|d|e|r|,102210fe594ee9b33d82058545b1ed14f4c8206e,loadtime,imdb,True,imdb loadtime opt cold webrender,,77,ms,geckoview,,1798198650,2023-11-14T07:28:56,2965.9,8379e077baa212d81c2ebc867c7ffa81a1bd57a3,1331531
autoland,4375374,13,92302d37db2c0dde32926e954404b4c8422e3f86,android-hw-a51-11-0-aarch64-shippable-qr,True,False,,|c|o|l|d| |w|e|b|r|e|n|d|e|r|,102210fe594ee9b33d82058545b1ed14f4c8206e,loadtime,imdb,True,imdb loadtime opt cold webrender,,77,ms,geckoview,,1798199417,2023-11-14T07:28:56,3544.1,8379e077baa212d81c2ebc867c7ffa81a1bd57a3,1331531
autoland,4375374,13,92302d37db2c0dde32926e954404b4c8422e3f86,android-hw-a51-11-0-aarch64-shippable-qr,True,False,,|c|o|l|d| |w|e|b|r|e|n|d|e|r|,102210fe594ee9b33d82058545b1ed14f4c8206e,loadtime,imdb,True,imdb loadtime opt cold webrender,,77,ms,geckoview,,1797979613,2023-11-14T07:39:11,2966.8,e0fe7816165c374f138575fb20aaff25f889f0bf,1331538
autoland,4375374,13,92302d37db2c0dde32926e954404b4c8422e3f86,android-hw-a51-11-0-aarch64-shippable-qr,True,False,,|c|o|l|d| |w|e|b|r|e|n|d|e|r|,102210fe594ee9b33d82058545b1ed14f4c8206e,loadtime,imdb,True,imdb loadtime opt cold webrender,,77,ms,geckoview,,1798155892,2023-11-14T07:39:11,2958.0,e0fe7816165c374f138575fb20aaff25f889f0bf,1331538
autoland,4375374,13,92302d37db2c0dde32926e954404b4c8422e3f86,android-hw-a51-11-0-aarch64-shippable-qr,True,False,,|c|o|l|d| |w|e|b|r|e|n|d|e|r|,102210fe594ee9b33d82058545b1ed14f4c8206e,loadtime,imdb,True,imdb loadtime opt cold webrender,,77,ms,geckoview,,1798156828,2023-11-14T07:39:11,2962.5,e0fe7816165c374f138575fb20aaff25f889f0bf,1331538
autoland,4375374,13,92302d37db2c0dde32926e954404b4c8422e3f86,android-hw-a51-11-0-aarch64-shippable-qr,True,False,,|c|o|l|d| |w|e|b|r|e|n|d|e|r|,102210fe594ee9b33d82058545b1ed14f4c8206e,loadtime,imdb,True,imdb loadtime opt cold webrender,,77,ms,geckoview,,1798157120,2023-11-14T07:39:11,2912.1,e0fe7816165c374f138575fb20aaff25f889f0bf,1331538
autoland,4375374,13,92302d37db2c0dde32926e954404b4c8422e3f86,android-hw-a51-11-0-aarch64-shippable-qr,True,False,,|c|o|l|d| |w|e|b|r|e|n|d|e|r|,102210fe594ee9b33d82058545b1ed14f4c8206e,loadtime,imdb,True,imdb loadtime opt cold webrender,,77,ms,geckoview,,1798157715,2023-11-14T07:39:11,2904.4,e0fe7816165c374f138575fb20aaff25f889f0bf,1331538
autoland,4375374,13,92302d37db2c0dde32926e954404b4c8422e3f86,android-hw-a51-11-0-aarch64-shippable-qr,True,False,,|c|o|l|d| |w|e|b|r|e|n|d|e|r|,102210fe594ee9b33d82058545b1ed14f4c8206e,loadtime,imdb,True,imdb loadtime opt cold webrender,,77,ms,geckoview,,1798157847,2023-11-14T07:39:11,2985.3,e0fe7816165c374f138575fb20aaff25f889f0bf,1331538
autoland,4375374,13,92302d37db2c0dde32926e954404b4c8422e3f86,android-hw-a51-11-0-aarch64-shippable-qr,True,False,,|c|o|l|d| |w|e|b|r|e|n|d|e|r|,102210fe594ee9b33d82058545b1ed14f4c8206e,loadtime,imdb,True,imdb loadtime opt cold webrender,,77,ms,geckoview,,1797971682,2023-11-14T08:19:43,3026.9,10cd68a0c91a41b9bab3eb30a77dace458df349b,1331550
autoland,4375374,13,92302d37db2c0dde32926e954404b4c8422e3f86,android-hw-a51-11-0-aarch64-shippable-qr,True,False,,|c|o|l|d| |w|e|b|r|e|n|d|e|r|,102210fe594ee9b33d82058545b1ed14f4c8206e,loadtime,imdb,True,imdb loadtime opt cold webrender,,77,ms,geckoview,,1798157953,2023-11-14T08:19:43,2919.9,10cd68a0c91a41b9bab3eb30a77dace458df349b,1331550
autoland,4375374,13,92302d37db2c0dde32926e954404b4c8422e3f86,android-hw-a51-11-0-aarch64-shippable-qr,True,False,,|c|o|l|d| |w|e|b|r|e|n|d|e|r|,102210fe594ee9b33d82058545b1ed14f4c8206e,loadtime,imdb,True,imdb loadtime opt cold webrender,,77,ms,geckoview,,1798199159,2023-11-14T08:19:43,2885.1,10cd68a0c91a41b9bab3eb30a77dace458df349b,1331550
autoland,4375374,13,92302d37db2c0dde32926e954404b4c8422e3f86,android-hw-a51-11-0-aarch64-shippable-qr,True,False,,|c|o|l|d| |w|e|b|r|e|n|d|e|r|,102210fe594ee9b33d82058545b1ed14f4c8206e,loadtime,imdb,True,imdb loadtime opt cold webrender,,77,ms,geckoview,,1798198417,2023-11-14T08:19:43,2823.8,10cd68a0c91a41b9bab3eb30a77dace458df349b,1331550
autoland,4375374,13,92302d37db2c0dde32926e954404b4c8422e3f86,android-hw-a51-11-0-aarch64-shippable-qr,True,False,,|c|o|l|d| |w|e|b|r|e|n|d|e|r|,102210fe594ee9b33d82058545b1ed14f4c8206e,loadtime,imdb,True,imdb loadtime opt cold webrender,,77,ms,geckoview,,1798198871,2023-11-14T08:19:43,3010.2,10cd68a0c91a41b9bab3eb30a77dace458df349b,1331550
autoland,4375374,13,92302d37db2c0dde32926e954404b4c8422e3f86,android-hw-a51-11-0-aarch64-shippable-qr,True,False,,|c|o|l|d| |w|e|b|r|e|n|d|e|r|,102210fe594ee9b33d82058545b1ed14f4c8206e,loadtime,imdb,True,imdb loadtime opt cold webrender,,77,ms,geckoview,,1798200022,2023-11-14T08:19:43,3005.1,10cd68a0c91a41b9bab3eb30a77dace458df349b,1331550
autoland,4375374,13,92302d37db2c0dde32926e954404b4c8422e3f86,android-hw-a51-11-0-aarch64-shippable-qr,True,False,,|c|o|l|d| |w|e|b|r|e|n|d|e|r|,102210fe594ee9b33d82058545b1ed14f4c8206e,loadtime,imdb,True,imdb loadtime opt cold webrender,,77,ms,geckoview,,1798006982,2023-11-14T08:31:24,3018.0,1a89f1897f63b225b954c47bc3f75da1f600f6dd,1331553
autoland,4375374,13,92302d37db2c0dde32926e954404b4c8422e3f86,android-hw-a51-11-0-aarch64-shippable-qr,True,False,,|c|o|l|d| |w|e|b|r|e|n|d|e|r|,102210fe594ee9b33d82058545b1ed14f4c8206e,loadtime,imdb,True,imdb loadtime opt cold webrender,,77,ms,geckoview,,1798199793,2023-11-14T08:31:24,2873.1,1a89f1897f63b225b954c47bc3f75da1f600f6dd,1331553
autoland,4375374,13,92302d37db2c0dde32926e954404b4c8422e3f86,android-hw-a51-11-0-aarch64-shippable-qr,True,False,,|c|o|l|d| |w|e|b|r|e|n|d|e|r|,102210fe594ee9b33d82058545b1ed14f4c8206e,loadtime,imdb,True,imdb loadtime opt cold webrender,,77,ms,geckoview,,1798199909,2023-11-14T08:31:24,2943.0,1a89f1897f63b225b954c47bc3f75da1f600f6dd,1331553
autoland,4375374,13,92302d37db2c0dde32926e954404b4c8422e3f86,android-hw-a51-11-0-aarch64-shippable-qr,True,False,,|c|o|l|d| |w|e|b|r|e|n|d|e|r|,102210fe594ee9b33d82058545b1ed14f4c8206e,loadtime,imdb,True,imdb loadtime opt cold webrender,,77,ms,geckoview,,1798200683,2023-11-14T08:31:24,2898.2,1a89f1897f63b225b954c47bc3f75da1f600f6dd,1331553
autoland,4375374,13,92302d37db2c0dde32926e954404b4c8422e3f86,android-hw-a51-11-0-aarch64-shippable-qr,True,False,,|c|o|l|d| |w|e|b|r|e|n|d|e|r|,102210fe594ee9b33d82058545b1ed14f4c8206e,loadtime,imdb,True,imdb loadtime opt cold webrender,,77,ms,geckoview,,1798202827,2023-11-14T08:31:24,2994.7,1a89f1897f63b225b954c47bc3f75da1f600f6dd,1331553
autoland,4375374,13,92302d37db2c0dde32926e954404b4c8422e3f86,android-hw-a51-11-0-aarch64-shippable-qr,True,False,,|c|o|l|d| |w|e|b|r|e|n|d|e|r|,102210fe594ee9b33d82058545b1ed14f4c8206e,loadtime,imdb,True,imdb loadtime opt cold webrender,,77,ms,geckoview,,1798203792,2023-11-14T08:31:24,2944.5,1a89f1897f63b225b954c47bc3f75da1f600f6dd,1331553
autoland,4375374,13,92302d37db2c0dde32926e954404b4c8422e3f86,android-hw-a51-11-0-aarch64-shippable-qr,True,False,,|c|o|l|d| |w|e|b|r|e|n|d|e|r|,102210fe594ee9b33d82058545b1ed14f4c8206e,loadtime,imdb,True,imdb loadtime opt cold webrender,,77,ms,geckoview,,1797973507,2023-11-14T09:11:33,2942.4,4267cbd5b7f51082667154391eb655f84fa1acc6,1331574
autoland,4375374,13,92302d37db2c0dde32926e954404b4c8422e3f86,android-hw-a51-11-0-aarch64-shippable-qr,True,False,,|c|o|l|d| |w|e|b|r|e|n|d|e|r|,102210fe594ee9b33d82058545b1ed14f4c8206e,loadtime,imdb,True,imdb loadtime opt cold webrender,,77,ms,geckoview,,1798200225,2023-11-14T09:11:33,2856.5,4267cbd5b7f51082667154391eb655f84fa1acc6,1331574
autoland,4375374,13,92302d37db2c0dde32926e954404b4c8422e3f86,android-hw-a51-11-0-aarch64-shippable-qr,True,False,,|c|o|l|d| |w|e|b|r|e|n|d|e|r|,102210fe594ee9b33d82058545b1ed14f4c8206e,loadtime,imdb,True,imdb loadtime opt cold webrender,,77,ms,geckoview,,1798201338,2023-11-14T09:11:33,2923.6,4267cbd5b7f51082667154391eb655f84fa1acc6,1331574
autoland,4375374,13,92302d37db2c0dde32926e954404b4c8422e3f86,android-hw-a51-11-0-aarch64-shippable-qr,True,False,,|c|o|l|d| |w|e|b|r|e|n|d|e|r|,102210fe594ee9b33d82058545b1ed14f4c8206e,loadtime,imdb,True,imdb loadtime opt cold webrender,,77,ms,geckoview,,1798199736,2023-11-14T09:11:33,2891.1,4267cbd5b7f51082667154391eb655f84fa1acc6,1331574
autoland,4375374,13,92302d37db2c0dde32926e954404b4c8422e3f86,android-hw-a51-11-0-aarch64-shippable-qr,True,False,,|c|o|l|d| |w|e|b|r|e|n|d|e|r|,102210fe594ee9b33d82058545b1ed14f4c8206e,loadtime,imdb,True,imdb loadtime opt cold webrender,,77,ms,geckoview,,1798200070,2023-11-14T09:11:33,2956.3,4267cbd5b7f51082667154391eb655f84fa1acc6,1331574
autoland,4375374,13,92302d37db2c0dde32926e954404b4c8422e3f86,android-hw-a51-11-0-aarch64-shippable-qr,True,False,,|c|o|l|d| |w|e|b|r|e|n|d|e|r|,102210fe594ee9b33d82058545b1ed14f4c8206e,loadtime,imdb,True,imdb loadtime opt cold webrender,,77,ms,geckoview,,1798203767,2023-11-14T09:11:33,2867.1,4267cbd5b7f51082667154391eb655f84fa1acc6,1331574
autoland,4375374,13,92302d37db2c0dde32926e954404b4c8422e3f86,android-hw-a51-11-0-aarch64-shippable-qr,True,False,,|c|o|l|d| |w|e|b|r|e|n|d|e|r|,102210fe594ee9b33d82058545b1ed14f4c8206e,loadtime,imdb,True,imdb loadtime opt cold webrender,,77,ms,geckoview,,1798007545,2023-11-14T09:24:21,2908.1,b9ca7370b3032bbe0b7a6aaee912330b17597856,1331582
autoland,4375374,13,92302d37db2c0dde32926e954404b4c8422e3f86,android-hw-a51-11-0-aarch64-shippable-qr,True,False,,|c|o|l|d| |w|e|b|r|e|n|d|e|r|,102210fe594ee9b33d82058545b1ed14f4c8206e,loadtime,imdb,True,imdb loadtime opt cold webrender,,77,ms,geckoview,,1798210796,2023-11-14T09:24:21,2917.8,b9ca7370b3032bbe0b7a6aaee912330b17597856,1331582
autoland,4375374,13,92302d37db2c0dde32926e954404b4c8422e3f86,android-hw-a51-11-0-aarch64-shippable-qr,True,False,,|c|o|l|d| |w|e|b|r|e|n|d|e|r|,102210fe594ee9b33d82058545b1ed14f4c8206e,loadtime,imdb,True,imdb loadtime opt cold webrender,,77,ms,geckoview,,1798213597,2023-11-14T09:24:21,2924.1,b9ca7370b3032bbe0b7a6aaee912330b17597856,1331582
autoland,4375374,13,92302d37db2c0dde32926e954404b4c8422e3f86,android-hw-a51-11-0-aarch64-shippable-qr,True,False,,|c|o|l|d| |w|e|b|r|e|n|d|e|r|,102210fe594ee9b33d82058545b1ed14f4c8206e,loadtime,imdb,True,imdb loadtime opt cold webrender,,77,ms,geckoview,,1798212301,2023-11-14T09:24:21,3336.6,b9ca7370b3032bbe0b7a6aaee912330b17597856,1331582
autoland,4375374,13,92302d37db2c0dde32926e954404b4c8422e3f86,android-hw-a51-11-0-aarch64-shippable-qr,True,False,,|c|o|l|d| |w|e|b|r|e|n|d|e|r|,102210fe594ee9b33d82058545b1ed14f4c8206e,loadtime,imdb,True,imdb loadtime opt cold webrender,,77,ms,geckoview,,1798212424,2023-11-14T09:24:21,2930.8,b9ca7370b3032bbe0b7a6aaee912330b17597856,1331582
autoland,4375374,13,92302d37db2c0dde32926e954404b4c8422e3f86,android-hw-a51-11-0-aarch64-shippable-qr,True,False,,|c|o|l|d| |w|e|b|r|e|n|d|e|r|,102210fe594ee9b33d82058545b1ed14f4c8206e,loadtime,imdb,True,imdb loadtime opt cold webrender,,77,ms,geckoview,,1798218306,2023-11-14T09:24:21,2825.8,b9ca7370b3032bbe0b7a6aaee912330b17597856,1331582
autoland,4375374,13,92302d37db2c0dde32926e954404b4c8422e3f86,android-hw-a51-11-0-aarch64-shippable-qr,True,False,,|c|o|l|d| |w|e|b|r|e|n|d|e|r|,102210fe594ee9b33d82058545b1ed14f4c8206e,loadtime,imdb,True,imdb loadtime opt cold webrender,,77,ms,geckoview,,1798208942,2023-11-14T09:26:32,2889.0,4ff808cdba05527fc407dce4cdc420605116bdb6,1331588
autoland,4375374,13,92302d37db2c0dde32926e954404b4c8422e3f86,android-hw-a51-11-0-aarch64-shippable-qr,True,False,,|c|o|l|d| |w|e|b|r|e|n|d|e|r|,102210fe594ee9b33d82058545b1ed14f4c8206e,loadtime,imdb,True,imdb loadtime opt cold webrender,,77,ms,geckoview,,1798007040,2023-11-14T09:26:32,2994.6,4ff808cdba05527fc407dce4cdc420605116bdb6,1331588
autoland,4375374,13,92302d37db2c0dde32926e954404b4c8422e3f86,android-hw-a51-11-0-aarch64-shippable-qr,True,False,,|c|o|l|d| |w|e|b|r|e|n|d|e|r|,102210fe594ee9b33d82058545b1ed14f4c8206e,loadtime,imdb,True,imdb loadtime opt cold webrender,,77,ms,geckoview,,1798207098,2023-11-14T09:26:32,2909.3,4ff808cdba05527fc407dce4cdc420605116bdb6,1331588
autoland,4375374,13,92302d37db2c0dde32926e954404b4c8422e3f86,android-hw-a51-11-0-aarch64-shippable-qr,True,False,,|c|o|l|d| |w|e|b|r|e|n|d|e|r|,102210fe594ee9b33d82058545b1ed14f4c8206e,loadtime,imdb,True,imdb loadtime opt cold webrender,,77,ms,geckoview,,1798208639,2023-11-14T09:26:32,2901.1,4ff808cdba05527fc407dce4cdc420605116bdb6,1331588
autoland,4375374,13,92302d37db2c0dde32926e954404b4c8422e3f86,android-hw-a51-11-0-aarch64-shippable-qr,True,False,,|c|o|l|d| |w|e|b|r|e|n|d|e|r|,102210fe594ee9b33d82058545b1ed14f4c8206e,loadtime,imdb,True,imdb loadtime opt cold webrender,,77,ms,geckoview,,1798208713,2023-11-14T09:26:32,2960.3,4ff808cdba05527fc407dce4cdc420605116bdb6,1331588
autoland,4375374,13,92302d37db2c0dde32926e954404b4c8422e3f86,android-hw-a51-11-0-aarch64-shippable-qr,True,False,,|c|o|l|d| |w|e|b|r|e|n|d|e|r|,102210fe594ee9b33d82058545b1ed14f4c8206e,loadtime,imdb,True,imdb loadtime opt cold webrender,,77,ms,geckoview,,1798211027,2023-11-14T09:26:32,2979.3,4ff808cdba05527fc407dce4cdc420605116bdb6,1331588
autoland,4375374,13,92302d37db2c0dde32926e954404b4c8422e3f86,android-hw-a51-11-0-aarch64-shippable-qr,True,False,,|c|o|l|d| |w|e|b|r|e|n|d|e|r|,102210fe594ee9b33d82058545b1ed14f4c8206e,loadtime,imdb,True,imdb loadtime opt cold webrender,,77,ms,geckoview,,1798009527,2023-11-14T09:35:36,2944.7,b7e3e75ad2942ec73d5a7f3e9f93027ca2d5c239,1331600
autoland,4375374,13,92302d37db2c0dde32926e954404b4c8422e3f86,android-hw-a51-11-0-aarch64-shippable-qr,True,False,,|c|o|l|d| |w|e|b|r|e|n|d|e|r|,102210fe594ee9b33d82058545b1ed14f4c8206e,loadtime,imdb,True,imdb loadtime opt cold webrender,,77,ms,geckoview,,1798205937,2023-11-14T09:35:36,3042.9,b7e3e75ad2942ec73d5a7f3e9f93027ca2d5c239,1331600
autoland,4375374,13,92302d37db2c0dde32926e954404b4c8422e3f86,android-hw-a51-11-0-aarch64-shippable-qr,True,False,,|c|o|l|d| |w|e|b|r|e|n|d|e|r|,102210fe594ee9b33d82058545b1ed14f4c8206e,loadtime,imdb,True,imdb loadtime opt cold webrender,,77,ms,geckoview,,1798206232,2023-11-14T09:35:36,2880.0,b7e3e75ad2942ec73d5a7f3e9f93027ca2d5c239,1331600
autoland,4375374,13,92302d37db2c0dde32926e954404b4c8422e3f86,android-hw-a51-11-0-aarch64-shippable-qr,True,False,,|c|o|l|d| |w|e|b|r|e|n|d|e|r|,102210fe594ee9b33d82058545b1ed14f4c8206e,loadtime,imdb,True,imdb loadtime opt cold webrender,,77,ms,geckoview,,1798207003,2023-11-14T09:35:36,2867.0,b7e3e75ad2942ec73d5a7f3e9f93027ca2d5c239,1331600
autoland,4375374,13,92302d37db2c0dde32926e954404b4c8422e3f86,android-hw-a51-11-0-aarch64-shippable-qr,True,False,,|c|o|l|d| |w|e|b|r|e|n|d|e|r|,102210fe594ee9b33d82058545b1ed14f4c8206e,loadtime,imdb,True,imdb loadtime opt cold webrender,,77,ms,geckoview,,1798206265,2023-11-14T09:35:36,2936.8,b7e3e75ad2942ec73d5a7f3e9f93027ca2d5c239,1331600
autoland,4375374,13,92302d37db2c0dde32926e954404b4c8422e3f86,android-hw-a51-11-0-aarch64-shippable-qr,True,False,,|c|o|l|d| |w|e|b|r|e|n|d|e|r|,102210fe594ee9b33d82058545b1ed14f4c8206e,loadtime,imdb,True,imdb loadtime opt cold webrender,,77,ms,geckoview,,1798207035,2023-11-14T09:35:36,2965.3,b7e3e75ad2942ec73d5a7f3e9f93027ca2d5c239,1331600
autoland,4375374,13,92302d37db2c0dde32926e954404b4c8422e3f86,android-hw-a51-11-0-aarch64-shippable-qr,True,False,,|c|o|l|d| |w|e|b|r|e|n|d|e|r|,102210fe594ee9b33d82058545b1ed14f4c8206e,loadtime,imdb,True,imdb loadtime opt cold webrender,,77,ms,geckoview,,1798014559,2023-11-14T09:46:55,3274.0,4566fbeec9d3a3afd3856693d0c9c49c2a9cee89,1331608
autoland,4375374,13,92302d37db2c0dde32926e954404b4c8422e3f86,android-hw-a51-11-0-aarch64-shippable-qr,True,False,,|c|o|l|d| |w|e|b|r|e|n|d|e|r|,102210fe594ee9b33d82058545b1ed14f4c8206e,loadtime,imdb,True,imdb loadtime opt cold webrender,,77,ms,geckoview,,1798220434,2023-11-14T09:46:55,2970.1,4566fbeec9d3a3afd3856693d0c9c49c2a9cee89,1331608
autoland,4375374,13,92302d37db2c0dde32926e954404b4c8422e3f86,android-hw-a51-11-0-aarch64-shippable-qr,True,False,,|c|o|l|d| |w|e|b|r|e|n|d|e|r|,102210fe594ee9b33d82058545b1ed14f4c8206e,loadtime,imdb,True,imdb loadtime opt cold webrender,,77,ms,geckoview,,1798221451,2023-11-14T09:46:55,3010.1,4566fbeec9d3a3afd3856693d0c9c49c2a9cee89,1331608
autoland,4375374,13,92302d37db2c0dde32926e954404b4c8422e3f86,android-hw-a51-11-0-aarch64-shippable-qr,True,False,,|c|o|l|d| |w|e|b|r|e|n|d|e|r|,102210fe594ee9b33d82058545b1ed14f4c8206e,loadtime,imdb,True,imdb loadtime opt cold webrender,,77,ms,geckoview,,1798220631,2023-11-14T09:46:55,2932.2,4566fbeec9d3a3afd3856693d0c9c49c2a9cee89,1331608
autoland,4375374,13,92302d37db2c0dde32926e954404b4c8422e3f86,android-hw-a51-11-0-aarch64-shippable-qr,True,False,,|c|o|l|d| |w|e|b|r|e|n|d|e|r|,102210fe594ee9b33d82058545b1ed14f4c8206e,loadtime,imdb,True,imdb loadtime opt cold webrender,,77,ms,geckoview,,1798222304,2023-11-14T09:46:55,3328.8,4566fbeec9d3a3afd3856693d0c9c49c2a9cee89,1331608
autoland,4375374,13,92302d37db2c0dde32926e954404b4c8422e3f86,android-hw-a51-11-0-aarch64-shippable-qr,True,False,,|c|o|l|d| |w|e|b|r|e|n|d|e|r|,102210fe594ee9b33d82058545b1ed14f4c8206e,loadtime,imdb,True,imdb loadtime opt cold webrender,,77,ms,geckoview,,1798223187,2023-11-14T09:46:55,2981.7,4566fbeec9d3a3afd3856693d0c9c49c2a9cee89,1331608
autoland,4375374,13,92302d37db2c0dde32926e954404b4c8422e3f86,android-hw-a51-11-0-aarch64-shippable-qr,True,False,,|c|o|l|d| |w|e|b|r|e|n|d|e|r|,102210fe594ee9b33d82058545b1ed14f4c8206e,loadtime,imdb,True,imdb loadtime opt cold webrender,,77,ms,geckoview,,1798011390,2023-11-14T09:57:36,3146.8,fb194e8aa4c36c00957e08aa54579833995b8b8d,1331621
autoland,4375374,13,92302d37db2c0dde32926e954404b4c8422e3f86,android-hw-a51-11-0-aarch64-shippable-qr,True,False,,|c|o|l|d| |w|e|b|r|e|n|d|e|r|,102210fe594ee9b33d82058545b1ed14f4c8206e,loadtime,imdb,True,imdb loadtime opt cold webrender,,77,ms,geckoview,,1798222074,2023-11-14T09:57:36,3015.1,fb194e8aa4c36c00957e08aa54579833995b8b8d,1331621
autoland,4375374,13,92302d37db2c0dde32926e954404b4c8422e3f86,android-hw-a51-11-0-aarch64-shippable-qr,True,False,,|c|o|l|d| |w|e|b|r|e|n|d|e|r|,102210fe594ee9b33d82058545b1ed14f4c8206e,loadtime,imdb,True,imdb loadtime opt cold webrender,,77,ms,geckoview,,1798222420,2023-11-14T09:57:36,2946.9,fb194e8aa4c36c00957e08aa54579833995b8b8d,1331621
autoland,4375374,13,92302d37db2c0dde32926e954404b4c8422e3f86,android-hw-a51-11-0-aarch64-shippable-qr,True,False,,|c|o|l|d| |w|e|b|r|e|n|d|e|r|,102210fe594ee9b33d82058545b1ed14f4c8206e,loadtime,imdb,True,imdb loadtime opt cold webrender,,77,ms,geckoview,,1798223481,2023-11-14T09:57:36,2995.6,fb194e8aa4c36c00957e08aa54579833995b8b8d,1331621
autoland,4375374,13,92302d37db2c0dde32926e954404b4c8422e3f86,android-hw-a51-11-0-aarch64-shippable-qr,True,False,,|c|o|l|d| |w|e|b|r|e|n|d|e|r|,102210fe594ee9b33d82058545b1ed14f4c8206e,loadtime,imdb,True,imdb loadtime opt cold webrender,,77,ms,geckoview,,1798225107,2023-11-14T09:57:36,2965.5,fb194e8aa4c36c00957e08aa54579833995b8b8d,1331621
autoland,4375374,13,92302d37db2c0dde32926e954404b4c8422e3f86,android-hw-a51-11-0-aarch64-shippable-qr,True,False,,|c|o|l|d| |w|e|b|r|e|n|d|e|r|,102210fe594ee9b33d82058545b1ed14f4c8206e,loadtime,imdb,True,imdb loadtime opt cold webrender,,77,ms,geckoview,,1798223078,2023-11-14T09:57:36,2912.4,fb194e8aa4c36c00957e08aa54579833995b8b8d,1331621
autoland,4375374,13,92302d37db2c0dde32926e954404b4c8422e3f86,android-hw-a51-11-0-aarch64-shippable-qr,True,False,,|c|o|l|d| |w|e|b|r|e|n|d|e|r|,102210fe594ee9b33d82058545b1ed14f4c8206e,loadtime,imdb,True,imdb loadtime opt cold webrender,,77,ms,geckoview,,1798008842,2023-11-14T09:59:29,2883.6,20b290775bbffb8181554b856182fad4551901c4,1331625
autoland,4375374,13,92302d37db2c0dde32926e954404b4c8422e3f86,android-hw-a51-11-0-aarch64-shippable-qr,True,False,,|c|o|l|d| |w|e|b|r|e|n|d|e|r|,102210fe594ee9b33d82058545b1ed14f4c8206e,loadtime,imdb,True,imdb loadtime opt cold webrender,,77,ms,geckoview,,1798222548,2023-11-14T09:59:29,2981.6,20b290775bbffb8181554b856182fad4551901c4,1331625
autoland,4375374,13,92302d37db2c0dde32926e954404b4c8422e3f86,android-hw-a51-11-0-aarch64-shippable-qr,True,False,,|c|o|l|d| |w|e|b|r|e|n|d|e|r|,102210fe594ee9b33d82058545b1ed14f4c8206e,loadtime,imdb,True,imdb loadtime opt cold webrender,,77,ms,geckoview,,1798222103,2023-11-14T09:59:29,2954.4,20b290775bbffb8181554b856182fad4551901c4,1331625
autoland,4375374,13,92302d37db2c0dde32926e954404b4c8422e3f86,android-hw-a51-11-0-aarch64-shippable-qr,True,False,,|c|o|l|d| |w|e|b|r|e|n|d|e|r|,102210fe594ee9b33d82058545b1ed14f4c8206e,loadtime,imdb,True,imdb loadtime opt cold webrender,,77,ms,geckoview,,1798222860,2023-11-14T09:59:29,3097.7,20b290775bbffb8181554b856182fad4551901c4,1331625
autoland,4375374,13,92302d37db2c0dde32926e954404b4c8422e3f86,android-hw-a51-11-0-aarch64-shippable-qr,True,False,,|c|o|l|d| |w|e|b|r|e|n|d|e|r|,102210fe594ee9b33d82058545b1ed14f4c8206e,loadtime,imdb,True,imdb loadtime opt cold webrender,,77,ms,geckoview,,1798225774,2023-11-14T09:59:29,2866.3,20b290775bbffb8181554b856182fad4551901c4,1331625
autoland,4375374,13,92302d37db2c0dde32926e954404b4c8422e3f86,android-hw-a51-11-0-aarch64-shippable-qr,True,False,,|c|o|l|d| |w|e|b|r|e|n|d|e|r|,102210fe594ee9b33d82058545b1ed14f4c8206e,loadtime,imdb,True,imdb loadtime opt cold webrender,,77,ms,geckoview,,1798223849,2023-11-14T09:59:29,2895.0,20b290775bbffb8181554b856182fad4551901c4,1331625
autoland,4375374,13,92302d37db2c0dde32926e954404b4c8422e3f86,android-hw-a51-11-0-aarch64-shippable-qr,True,False,,|c|o|l|d| |w|e|b|r|e|n|d|e|r|,102210fe594ee9b33d82058545b1ed14f4c8206e,loadtime,imdb,True,imdb loadtime opt cold webrender,,77,ms,geckoview,,1798015969,2023-11-14T10:03:32,2836.0,0502f393ac6088c77f7fa1ea09bbf46199569782,1331627
autoland,4375374,13,92302d37db2c0dde32926e954404b4c8422e3f86,android-hw-a51-11-0-aarch64-shippable-qr,True,False,,|c|o|l|d| |w|e|b|r|e|n|d|e|r|,102210fe594ee9b33d82058545b1ed14f4c8206e,loadtime,imdb,True,imdb loadtime opt cold webrender,,77,ms,geckoview,,1798232774,2023-11-14T10:03:32,2895.6,0502f393ac6088c77f7fa1ea09bbf46199569782,1331627
autoland,4375374,13,92302d37db2c0dde32926e954404b4c8422e3f86,android-hw-a51-11-0-aarch64-shippable-qr,True,False,,|c|o|l|d| |w|e|b|r|e|n|d|e|r|,102210fe594ee9b33d82058545b1ed14f4c8206e,loadtime,imdb,True,imdb loadtime opt cold webrender,,77,ms,geckoview,,1798231213,2023-11-14T10:03:32,2845.0,0502f393ac6088c77f7fa1ea09bbf46199569782,1331627
autoland,4375374,13,92302d37db2c0dde32926e954404b4c8422e3f86,android-hw-a51-11-0-aarch64-shippable-qr,True,False,,|c|o|l|d| |w|e|b|r|e|n|d|e|r|,102210fe594ee9b33d82058545b1ed14f4c8206e,loadtime,imdb,True,imdb loadtime opt cold webrender,,77,ms,geckoview,,1798231301,2023-11-14T10:03:32,2921.4,0502f393ac6088c77f7fa1ea09bbf46199569782,1331627
autoland,4375374,13,92302d37db2c0dde32926e954404b4c8422e3f86,android-hw-a51-11-0-aarch64-shippable-qr,True,False,,|c|o|l|d| |w|e|b|r|e|n|d|e|r|,102210fe594ee9b33d82058545b1ed14f4c8206e,loadtime,imdb,True,imdb loadtime opt cold webrender,,77,ms,geckoview,,1798232912,2023-11-14T10:03:32,3333.0,0502f393ac6088c77f7fa1ea09bbf46199569782,1331627
autoland,4375374,13,92302d37db2c0dde32926e954404b4c8422e3f86,android-hw-a51-11-0-aarch64-shippable-qr,True,False,,|c|o|l|d| |w|e|b|r|e|n|d|e|r|,102210fe594ee9b33d82058545b1ed14f4c8206e,loadtime,imdb,True,imdb loadtime opt cold webrender,,77,ms,geckoview,,1798235059,2023-11-14T10:03:32,2983.2,0502f393ac6088c77f7fa1ea09bbf46199569782,1331627
autoland,4375374,13,92302d37db2c0dde32926e954404b4c8422e3f86,android-hw-a51-11-0-aarch64-shippable-qr,True,False,,|c|o|l|d| |w|e|b|r|e|n|d|e|r|,102210fe594ee9b33d82058545b1ed14f4c8206e,loadtime,imdb,True,imdb loadtime opt cold webrender,,77,ms,geckoview,,1798015896,2023-11-14T10:20:51,2895.1,30015f974939708bc9899a81bd335c0e85b51783,1331636
autoland,4375374,13,92302d37db2c0dde32926e954404b4c8422e3f86,android-hw-a51-11-0-aarch64-shippable-qr,True,False,,|c|o|l|d| |w|e|b|r|e|n|d|e|r|,102210fe594ee9b33d82058545b1ed14f4c8206e,loadtime,imdb,True,imdb loadtime opt cold webrender,,77,ms,geckoview,,1798242678,2023-11-14T10:20:51,2905.5,30015f974939708bc9899a81bd335c0e85b51783,1331636
autoland,4375374,13,92302d37db2c0dde32926e954404b4c8422e3f86,android-hw-a51-11-0-aarch64-shippable-qr,True,False,,|c|o|l|d| |w|e|b|r|e|n|d|e|r|,102210fe594ee9b33d82058545b1ed14f4c8206e,loadtime,imdb,True,imdb loadtime opt cold webrender,,77,ms,geckoview,,1798243606,2023-11-14T10:20:51,3010.5,30015f974939708bc9899a81bd335c0e85b51783,1331636
autoland,4375374,13,92302d37db2c0dde32926e954404b4c8422e3f86,android-hw-a51-11-0-aarch64-shippable-qr,True,False,,|c|o|l|d| |w|e|b|r|e|n|d|e|r|,102210fe594ee9b33d82058545b1ed14f4c8206e,loadtime,imdb,True,imdb loadtime opt cold webrender,,77,ms,geckoview,,1798244280,2023-11-14T10:20:51,3079.1,30015f974939708bc9899a81bd335c0e85b51783,1331636
autoland,4375374,13,92302d37db2c0dde32926e954404b4c8422e3f86,android-hw-a51-11-0-aarch64-shippable-qr,True,False,,|c|o|l|d| |w|e|b|r|e|n|d|e|r|,102210fe594ee9b33d82058545b1ed14f4c8206e,loadtime,imdb,True,imdb loadtime opt cold webrender,,77,ms,geckoview,,1798244519,2023-11-14T10:20:51,2939.6,30015f974939708bc9899a81bd335c0e85b51783,1331636
autoland,4375374,13,92302d37db2c0dde32926e954404b4c8422e3f86,android-hw-a51-11-0-aarch64-shippable-qr,True,False,,|c|o|l|d| |w|e|b|r|e|n|d|e|r|,102210fe594ee9b33d82058545b1ed14f4c8206e,loadtime,imdb,True,imdb loadtime opt cold webrender,,77,ms,geckoview,,1798242780,2023-11-14T10:20:51,2974.6,30015f974939708bc9899a81bd335c0e85b51783,1331636
autoland,4375374,13,92302d37db2c0dde32926e954404b4c8422e3f86,android-hw-a51-11-0-aarch64-shippable-qr,True,False,,|c|o|l|d| |w|e|b|r|e|n|d|e|r|,102210fe594ee9b33d82058545b1ed14f4c8206e,loadtime,imdb,True,imdb loadtime opt cold webrender,,77,ms,geckoview,,1794148116,2023-11-14T15:09:42,3025.5,cb79861638fa94cb8c4df5b5e303dc4bd22f762c,1331752
autoland,4375374,13,92302d37db2c0dde32926e954404b4c8422e3f86,android-hw-a51-11-0-aarch64-shippable-qr,True,False,,|c|o|l|d| |w|e|b|r|e|n|d|e|r|,102210fe594ee9b33d82058545b1ed14f4c8206e,loadtime,imdb,True,imdb loadtime opt cold webrender,,77,ms,geckoview,,1798014755,2023-11-14T15:09:42,2909.8,cb79861638fa94cb8c4df5b5e303dc4bd22f762c,1331752
autoland,4375374,13,92302d37db2c0dde32926e954404b4c8422e3f86,android-hw-a51-11-0-aarch64-shippable-qr,True,False,,|c|o|l|d| |w|e|b|r|e|n|d|e|r|,102210fe594ee9b33d82058545b1ed14f4c8206e,loadtime,imdb,True,imdb loadtime opt cold webrender,,77,ms,geckoview,,1798247833,2023-11-14T15:09:42,2924.0,cb79861638fa94cb8c4df5b5e303dc4bd22f762c,1331752
autoland,4375374,13,92302d37db2c0dde32926e954404b4c8422e3f86,android-hw-a51-11-0-aarch64-shippable-qr,True,False,,|c|o|l|d| |w|e|b|r|e|n|d|e|r|,102210fe594ee9b33d82058545b1ed14f4c8206e,loadtime,imdb,True,imdb loadtime opt cold webrender,,77,ms,geckoview,,1798249004,2023-11-14T15:09:42,2916.5,cb79861638fa94cb8c4df5b5e303dc4bd22f762c,1331752
autoland,4375374,13,92302d37db2c0dde32926e954404b4c8422e3f86,android-hw-a51-11-0-aarch64-shippable-qr,True,False,,|c|o|l|d| |w|e|b|r|e|n|d|e|r|,102210fe594ee9b33d82058545b1ed14f4c8206e,loadtime,imdb,True,imdb loadtime opt cold webrender,,77,ms,geckoview,,1798247625,2023-11-14T15:09:42,2924.6,cb79861638fa94cb8c4df5b5e303dc4bd22f762c,1331752
autoland,4375374,13,92302d37db2c0dde32926e954404b4c8422e3f86,android-hw-a51-11-0-aarch64-shippable-qr,True,False,,|c|o|l|d| |w|e|b|r|e|n|d|e|r|,102210fe594ee9b33d82058545b1ed14f4c8206e,loadtime,imdb,True,imdb loadtime opt cold webrender,,77,ms,geckoview,,1798246419,2023-11-14T15:09:42,2805.6,cb79861638fa94cb8c4df5b5e303dc4bd22f762c,1331752
autoland,4375374,13,92302d37db2c0dde32926e954404b4c8422e3f86,android-hw-a51-11-0-aarch64-shippable-qr,True,False,,|c|o|l|d| |w|e|b|r|e|n|d|e|r|,102210fe594ee9b33d82058545b1ed14f4c8206e,loadtime,imdb,True,imdb loadtime opt cold webrender,,77,ms,geckoview,,1798249500,2023-11-14T15:09:42,2902.9,cb79861638fa94cb8c4df5b5e303dc4bd22f762c,1331752
autoland,4375374,13,92302d37db2c0dde32926e954404b4c8422e3f86,android-hw-a51-11-0-aarch64-shippable-qr,True,False,,|c|o|l|d| |w|e|b|r|e|n|d|e|r|,102210fe594ee9b33d82058545b1ed14f4c8206e,loadtime,imdb,True,imdb loadtime opt cold webrender,,77,ms,geckoview,,1798016546,2023-11-14T15:14:23,2933.5,49dfc1f826fbe2f7c54193b254f3a5979aeee9a9,1331756
autoland,4375374,13,92302d37db2c0dde32926e954404b4c8422e3f86,android-hw-a51-11-0-aarch64-shippable-qr,True,False,,|c|o|l|d| |w|e|b|r|e|n|d|e|r|,102210fe594ee9b33d82058545b1ed14f4c8206e,loadtime,imdb,True,imdb loadtime opt cold webrender,,77,ms,geckoview,,1798245670,2023-11-14T15:14:23,2939.8,49dfc1f826fbe2f7c54193b254f3a5979aeee9a9,1331756
autoland,4375374,13,92302d37db2c0dde32926e954404b4c8422e3f86,android-hw-a51-11-0-aarch64-shippable-qr,True,False,,|c|o|l|d| |w|e|b|r|e|n|d|e|r|,102210fe594ee9b33d82058545b1ed14f4c8206e,loadtime,imdb,True,imdb loadtime opt cold webrender,,77,ms,geckoview,,1798247433,2023-11-14T15:14:23,2924.7,49dfc1f826fbe2f7c54193b254f3a5979aeee9a9,1331756
autoland,4375374,13,92302d37db2c0dde32926e954404b4c8422e3f86,android-hw-a51-11-0-aarch64-shippable-qr,True,False,,|c|o|l|d| |w|e|b|r|e|n|d|e|r|,102210fe594ee9b33d82058545b1ed14f4c8206e,loadtime,imdb,True,imdb loadtime opt cold webrender,,77,ms,geckoview,,1798249914,2023-11-14T15:14:23,2876.9,49dfc1f826fbe2f7c54193b254f3a5979aeee9a9,1331756
autoland,4375374,13,92302d37db2c0dde32926e954404b4c8422e3f86,android-hw-a51-11-0-aarch64-shippable-qr,True,False,,|c|o|l|d| |w|e|b|r|e|n|d|e|r|,102210fe594ee9b33d82058545b1ed14f4c8206e,loadtime,imdb,True,imdb loadtime opt cold webrender,,77,ms,geckoview,,1798246873,2023-11-14T15:14:23,2970.8,49dfc1f826fbe2f7c54193b254f3a5979aeee9a9,1331756
autoland,4375374,13,92302d37db2c0dde32926e954404b4c8422e3f86,android-hw-a51-11-0-aarch64-shippable-qr,True,False,,|c|o|l|d| |w|e|b|r|e|n|d|e|r|,102210fe594ee9b33d82058545b1ed14f4c8206e,loadtime,imdb,True,imdb loadtime opt cold webrender,,77,ms,geckoview,,1798248595,2023-11-14T15:14:23,2897.6,49dfc1f826fbe2f7c54193b254f3a5979aeee9a9,1331756
autoland,4375374,13,92302d37db2c0dde32926e954404b4c8422e3f86,android-hw-a51-11-0-aarch64-shippable-qr,True,False,,|c|o|l|d| |w|e|b|r|e|n|d|e|r|,102210fe594ee9b33d82058545b1ed14f4c8206e,loadtime,imdb,True,imdb loadtime opt cold webrender,,77,ms,geckoview,,1798017085,2023-11-14T15:15:28,2884.1,7749507237fe4f34e6bc5711cedec1f3b14f335d,1331757
autoland,4375374,13,92302d37db2c0dde32926e954404b4c8422e3f86,android-hw-a51-11-0-aarch64-shippable-qr,True,False,,|c|o|l|d| |w|e|b|r|e|n|d|e|r|,102210fe594ee9b33d82058545b1ed14f4c8206e,loadtime,imdb,True,imdb loadtime opt cold webrender,,77,ms,geckoview,,1798309728,2023-11-14T15:15:28,2855.0,7749507237fe4f34e6bc5711cedec1f3b14f335d,1331757
autoland,4375374,13,92302d37db2c0dde32926e954404b4c8422e3f86,android-hw-a51-11-0-aarch64-shippable-qr,True,False,,|c|o|l|d| |w|e|b|r|e|n|d|e|r|,102210fe594ee9b33d82058545b1ed14f4c8206e,loadtime,imdb,True,imdb loadtime opt cold webrender,,77,ms,geckoview,,1798310271,2023-11-14T15:15:28,2941.3,7749507237fe4f34e6bc5711cedec1f3b14f335d,1331757
autoland,4375374,13,92302d37db2c0dde32926e954404b4c8422e3f86,android-hw-a51-11-0-aarch64-shippable-qr,True,False,,|c|o|l|d| |w|e|b|r|e|n|d|e|r|,102210fe594ee9b33d82058545b1ed14f4c8206e,loadtime,imdb,True,imdb loadtime opt cold webrender,,77,ms,geckoview,,1798311479,2023-11-14T15:15:28,2891.1,7749507237fe4f34e6bc5711cedec1f3b14f335d,1331757
autoland,4375374,13,92302d37db2c0dde32926e954404b4c8422e3f86,android-hw-a51-11-0-aarch64-shippable-qr,True,False,,|c|o|l|d| |w|e|b|r|e|n|d|e|r|,102210fe594ee9b33d82058545b1ed14f4c8206e,loadtime,imdb,True,imdb loadtime opt cold webrender,,77,ms,geckoview,,1798312400,2023-11-14T15:15:28,2834.6,7749507237fe4f34e6bc5711cedec1f3b14f335d,1331757
autoland,4375374,13,92302d37db2c0dde32926e954404b4c8422e3f86,android-hw-a51-11-0-aarch64-shippable-qr,True,False,,|c|o|l|d| |w|e|b|r|e|n|d|e|r|,102210fe594ee9b33d82058545b1ed14f4c8206e,loadtime,imdb,True,imdb loadtime opt cold webrender,,77,ms,geckoview,,1798312558,2023-11-14T15:15:28,2887.9,7749507237fe4f34e6bc5711cedec1f3b14f335d,1331757
autoland,4375374,13,92302d37db2c0dde32926e954404b4c8422e3f86,android-hw-a51-11-0-aarch64-shippable-qr,True,False,,|c|o|l|d| |w|e|b|r|e|n|d|e|r|,102210fe594ee9b33d82058545b1ed14f4c8206e,loadtime,imdb,True,imdb loadtime opt cold webrender,,77,ms,geckoview,,1798021261,2023-11-14T15:16:27,2934.6,d7f587e380c5d850b38b351f97b9ddd561269b8f,1331759
autoland,4375374,13,92302d37db2c0dde32926e954404b4c8422e3f86,android-hw-a51-11-0-aarch64-shippable-qr,True,False,,|c|o|l|d| |w|e|b|r|e|n|d|e|r|,102210fe594ee9b33d82058545b1ed14f4c8206e,loadtime,imdb,True,imdb loadtime opt cold webrender,,77,ms,geckoview,,1798272289,2023-11-14T15:16:27,3019.9,d7f587e380c5d850b38b351f97b9ddd561269b8f,1331759
autoland,4375374,13,92302d37db2c0dde32926e954404b4c8422e3f86,android-hw-a51-11-0-aarch64-shippable-qr,True,False,,|c|o|l|d| |w|e|b|r|e|n|d|e|r|,102210fe594ee9b33d82058545b1ed14f4c8206e,loadtime,imdb,True,imdb loadtime opt cold webrender,,77,ms,geckoview,,1798271791,2023-11-14T15:16:27,2955.3,d7f587e380c5d850b38b351f97b9ddd561269b8f,1331759
autoland,4375374,13,92302d37db2c0dde32926e954404b4c8422e3f86,android-hw-a51-11-0-aarch64-shippable-qr,True,False,,|c|o|l|d| |w|e|b|r|e|n|d|e|r|,102210fe594ee9b33d82058545b1ed14f4c8206e,loadtime,imdb,True,imdb loadtime opt cold webrender,,77,ms,geckoview,,1798273948,2023-11-14T15:16:27,2924.4,d7f587e380c5d850b38b351f97b9ddd561269b8f,1331759
autoland,4375374,13,92302d37db2c0dde32926e954404b4c8422e3f86,android-hw-a51-11-0-aarch64-shippable-qr,True,False,,|c|o|l|d| |w|e|b|r|e|n|d|e|r|,102210fe594ee9b33d82058545b1ed14f4c8206e,loadtime,imdb,True,imdb loadtime opt cold webrender,,77,ms,geckoview,,1798273615,2023-11-14T15:16:27,3001.1,d7f587e380c5d850b38b351f97b9ddd561269b8f,1331759
autoland,4375374,13,92302d37db2c0dde32926e954404b4c8422e3f86,android-hw-a51-11-0-aarch64-shippable-qr,True,False,,|c|o|l|d| |w|e|b|r|e|n|d|e|r|,102210fe594ee9b33d82058545b1ed14f4c8206e,loadtime,imdb,True,imdb loadtime opt cold webrender,,77,ms,geckoview,,1798276845,2023-11-14T15:16:27,2889.8,d7f587e380c5d850b38b351f97b9ddd561269b8f,1331759
autoland,4375374,13,92302d37db2c0dde32926e954404b4c8422e3f86,android-hw-a51-11-0-aarch64-shippable-qr,True,False,,|c|o|l|d| |w|e|b|r|e|n|d|e|r|,102210fe594ee9b33d82058545b1ed14f4c8206e,loadtime,imdb,True,imdb loadtime opt cold webrender,,77,ms,geckoview,,1798025642,2023-11-14T15:17:53,2977.0,46c8f49bdaed7a884ddd35862a7a5a848e79c0fa,1331761
autoland,4375374,13,92302d37db2c0dde32926e954404b4c8422e3f86,android-hw-a51-11-0-aarch64-shippable-qr,True,False,,|c|o|l|d| |w|e|b|r|e|n|d|e|r|,102210fe594ee9b33d82058545b1ed14f4c8206e,loadtime,imdb,True,imdb loadtime opt cold webrender,,77,ms,geckoview,,1798134286,2023-11-14T15:17:53,3046.7,46c8f49bdaed7a884ddd35862a7a5a848e79c0fa,1331761
autoland,4375374,13,92302d37db2c0dde32926e954404b4c8422e3f86,android-hw-a51-11-0-aarch64-shippable-qr,True,False,,|c|o|l|d| |w|e|b|r|e|n|d|e|r|,102210fe594ee9b33d82058545b1ed14f4c8206e,loadtime,imdb,True,imdb loadtime opt cold webrender,,77,ms,geckoview,,1798138351,2023-11-14T15:17:53,2922.4,46c8f49bdaed7a884ddd35862a7a5a848e79c0fa,1331761
autoland,4375374,13,92302d37db2c0dde32926e954404b4c8422e3f86,android-hw-a51-11-0-aarch64-shippable-qr,True,False,,|c|o|l|d| |w|e|b|r|e|n|d|e|r|,102210fe594ee9b33d82058545b1ed14f4c8206e,loadtime,imdb,True,imdb loadtime opt cold webrender,,77,ms,geckoview,,1798137468,2023-11-14T15:17:53,2833.8,46c8f49bdaed7a884ddd35862a7a5a848e79c0fa,1331761
autoland,4375374,13,92302d37db2c0dde32926e954404b4c8422e3f86,android-hw-a51-11-0-aarch64-shippable-qr,True,False,,|c|o|l|d| |w|e|b|r|e|n|d|e|r|,102210fe594ee9b33d82058545b1ed14f4c8206e,loadtime,imdb,True,imdb loadtime opt cold webrender,,77,ms,geckoview,,1798139784,2023-11-14T15:17:53,2966.1,46c8f49bdaed7a884ddd35862a7a5a848e79c0fa,1331761
autoland,4375374,13,92302d37db2c0dde32926e954404b4c8422e3f86,android-hw-a51-11-0-aarch64-shippable-qr,True,False,,|c|o|l|d| |w|e|b|r|e|n|d|e|r|,102210fe594ee9b33d82058545b1ed14f4c8206e,loadtime,imdb,True,imdb loadtime opt cold webrender,,77,ms,geckoview,,1798140639,2023-11-14T15:17:53,2904.3,46c8f49bdaed7a884ddd35862a7a5a848e79c0fa,1331761
autoland,4375374,13,92302d37db2c0dde32926e954404b4c8422e3f86,android-hw-a51-11-0-aarch64-shippable-qr,True,False,,|c|o|l|d| |w|e|b|r|e|n|d|e|r|,102210fe594ee9b33d82058545b1ed14f4c8206e,loadtime,imdb,True,imdb loadtime opt cold webrender,,77,ms,geckoview,,1798141173,2023-11-14T15:17:53,3452.1,46c8f49bdaed7a884ddd35862a7a5a848e79c0fa,1331761
autoland,4375374,13,92302d37db2c0dde32926e954404b4c8422e3f86,android-hw-a51-11-0-aarch64-shippable-qr,True,False,,|c|o|l|d| |w|e|b|r|e|n|d|e|r|,102210fe594ee9b33d82058545b1ed14f4c8206e,loadtime,imdb,True,imdb loadtime opt cold webrender,,77,ms,geckoview,,1798140762,2023-11-14T15:17:53,2905.7,46c8f49bdaed7a884ddd35862a7a5a848e79c0fa,1331761
autoland,4375374,13,92302d37db2c0dde32926e954404b4c8422e3f86,android-hw-a51-11-0-aarch64-shippable-qr,True,False,,|c|o|l|d| |w|e|b|r|e|n|d|e|r|,102210fe594ee9b33d82058545b1ed14f4c8206e,loadtime,imdb,True,imdb loadtime opt cold webrender,,77,ms,geckoview,,1794103937,2023-11-14T15:18:46,2960.9,1d700517893b09ca1438b9111ea148a71e7398ae,1331762
autoland,4375374,13,92302d37db2c0dde32926e954404b4c8422e3f86,android-hw-a51-11-0-aarch64-shippable-qr,True,False,,|c|o|l|d| |w|e|b|r|e|n|d|e|r|,102210fe594ee9b33d82058545b1ed14f4c8206e,loadtime,imdb,True,imdb loadtime opt cold webrender,,77,ms,geckoview,,1797965613,2023-11-14T15:18:46,2946.6,1d700517893b09ca1438b9111ea148a71e7398ae,1331762
autoland,4375374,13,92302d37db2c0dde32926e954404b4c8422e3f86,android-hw-a51-11-0-aarch64-shippable-qr,True,False,,|c|o|l|d| |w|e|b|r|e|n|d|e|r|,102210fe594ee9b33d82058545b1ed14f4c8206e,loadtime,imdb,True,imdb loadtime opt cold webrender,,77,ms,geckoview,,1797966143,2023-11-14T15:18:46,2930.5,1d700517893b09ca1438b9111ea148a71e7398ae,1331762
autoland,4375374,13,92302d37db2c0dde32926e954404b4c8422e3f86,android-hw-a51-11-0-aarch64-shippable-qr,True,False,,|c|o|l|d| |w|e|b|r|e|n|d|e|r|,102210fe594ee9b33d82058545b1ed14f4c8206e,loadtime,imdb,True,imdb loadtime opt cold webrender,,77,ms,geckoview,,1797965321,2023-11-14T15:18:46,2834.1,1d700517893b09ca1438b9111ea148a71e7398ae,1331762
autoland,4375374,13,92302d37db2c0dde32926e954404b4c8422e3f86,android-hw-a51-11-0-aarch64-shippable-qr,True,False,,|c|o|l|d| |w|e|b|r|e|n|d|e|r|,102210fe594ee9b33d82058545b1ed14f4c8206e,loadtime,imdb,True,imdb loadtime opt cold webrender,,77,ms,geckoview,,1797966923,2023-11-14T15:18:46,2850.4,1d700517893b09ca1438b9111ea148a71e7398ae,1331762
autoland,4375374,13,92302d37db2c0dde32926e954404b4c8422e3f86,android-hw-a51-11-0-aarch64-shippable-qr,True,False,,|c|o|l|d| |w|e|b|r|e|n|d|e|r|,102210fe594ee9b33d82058545b1ed14f4c8206e,loadtime,imdb,True,imdb loadtime opt cold webrender,,77,ms,geckoview,,1797967171,2023-11-14T15:18:46,2923.4,1d700517893b09ca1438b9111ea148a71e7398ae,1331762
autoland,4375374,13,92302d37db2c0dde32926e954404b4c8422e3f86,android-hw-a51-11-0-aarch64-shippable-qr,True,False,,|c|o|l|d| |w|e|b|r|e|n|d|e|r|,102210fe594ee9b33d82058545b1ed14f4c8206e,loadtime,imdb,True,imdb loadtime opt cold webrender,,77,ms,geckoview,,1797967846,2023-11-14T15:18:46,2995.6,1d700517893b09ca1438b9111ea148a71e7398ae,1331762
autoland,4375374,13,92302d37db2c0dde32926e954404b4c8422e3f86,android-hw-a51-11-0-aarch64-shippable-qr,True,False,,|c|o|l|d| |w|e|b|r|e|n|d|e|r|,102210fe594ee9b33d82058545b1ed14f4c8206e,loadtime,imdb,True,imdb loadtime opt cold webrender,,77,ms,geckoview,,1797968018,2023-11-14T15:18:46,3077.6,1d700517893b09ca1438b9111ea148a71e7398ae,1331762
autoland,4375374,13,92302d37db2c0dde32926e954404b4c8422e3f86,android-hw-a51-11-0-aarch64-shippable-qr,True,False,,|c|o|l|d| |w|e|b|r|e|n|d|e|r|,102210fe594ee9b33d82058545b1ed14f4c8206e,loadtime,imdb,True,imdb loadtime opt cold webrender,,77,ms,geckoview,,1797968298,2023-11-14T15:18:46,3057.6,1d700517893b09ca1438b9111ea148a71e7398ae,1331762
autoland,4375374,13,92302d37db2c0dde32926e954404b4c8422e3f86,android-hw-a51-11-0-aarch64-shippable-qr,True,False,,|c|o|l|d| |w|e|b|r|e|n|d|e|r|,102210fe594ee9b33d82058545b1ed14f4c8206e,loadtime,imdb,True,imdb loadtime opt cold webrender,,77,ms,geckoview,,1800309247,2023-11-14T15:18:46,2898.1,1d700517893b09ca1438b9111ea148a71e7398ae,1331762
autoland,4375374,13,92302d37db2c0dde32926e954404b4c8422e3f86,android-hw-a51-11-0-aarch64-shippable-qr,True,False,,|c|o|l|d| |w|e|b|r|e|n|d|e|r|,102210fe594ee9b33d82058545b1ed14f4c8206e,loadtime,imdb,True,imdb loadtime opt cold webrender,,77,ms,geckoview,,1800309121,2023-11-14T15:18:46,2920.3,1d700517893b09ca1438b9111ea148a71e7398ae,1331762
autoland,4375374,13,92302d37db2c0dde32926e954404b4c8422e3f86,android-hw-a51-11-0-aarch64-shippable-qr,True,False,,|c|o|l|d| |w|e|b|r|e|n|d|e|r|,102210fe594ee9b33d82058545b1ed14f4c8206e,loadtime,imdb,True,imdb loadtime opt cold webrender,,77,ms,geckoview,,1800309646,2023-11-14T15:18:46,2937.7,1d700517893b09ca1438b9111ea148a71e7398ae,1331762
autoland,4375374,13,92302d37db2c0dde32926e954404b4c8422e3f86,android-hw-a51-11-0-aarch64-shippable-qr,True,False,,|c|o|l|d| |w|e|b|r|e|n|d|e|r|,102210fe594ee9b33d82058545b1ed14f4c8206e,loadtime,imdb,True,imdb loadtime opt cold webrender,,77,ms,geckoview,,1800310942,2023-11-14T15:18:46,2909.7,1d700517893b09ca1438b9111ea148a71e7398ae,1331762
autoland,4375374,13,92302d37db2c0dde32926e954404b4c8422e3f86,android-hw-a51-11-0-aarch64-shippable-qr,True,False,,|c|o|l|d| |w|e|b|r|e|n|d|e|r|,102210fe594ee9b33d82058545b1ed14f4c8206e,loadtime,imdb,True,imdb loadtime opt cold webrender,,77,ms,geckoview,,1800273351,2023-11-14T15:19:36,3082.6,ba76e04c959a0e4bdaae08dbe5fb3ecee893542d,1331764
autoland,4375374,13,92302d37db2c0dde32926e954404b4c8422e3f86,android-hw-a51-11-0-aarch64-shippable-qr,True,False,,|c|o|l|d| |w|e|b|r|e|n|d|e|r|,102210fe594ee9b33d82058545b1ed14f4c8206e,loadtime,imdb,True,imdb loadtime opt cold webrender,,77,ms,geckoview,,1800309211,2023-11-14T15:19:36,2816.6,ba76e04c959a0e4bdaae08dbe5fb3ecee893542d,1331764
autoland,4375374,13,92302d37db2c0dde32926e954404b4c8422e3f86,android-hw-a51-11-0-aarch64-shippable-qr,True,False,,|c|o|l|d| |w|e|b|r|e|n|d|e|r|,102210fe594ee9b33d82058545b1ed14f4c8206e,loadtime,imdb,True,imdb loadtime opt cold webrender,,77,ms,geckoview,,1800309695,2023-11-14T15:19:36,2798.3,ba76e04c959a0e4bdaae08dbe5fb3ecee893542d,1331764
autoland,4375374,13,92302d37db2c0dde32926e954404b4c8422e3f86,android-hw-a51-11-0-aarch64-shippable-qr,True,False,,|c|o|l|d| |w|e|b|r|e|n|d|e|r|,102210fe594ee9b33d82058545b1ed14f4c8206e,loadtime,imdb,True,imdb loadtime opt cold webrender,,77,ms,geckoview,,1800309280,2023-11-14T15:19:36,2912.5,ba76e04c959a0e4bdaae08dbe5fb3ecee893542d,1331764
autoland,4375374,13,92302d37db2c0dde32926e954404b4c8422e3f86,android-hw-a51-11-0-aarch64-shippable-qr,True,False,,|c|o|l|d| |w|e|b|r|e|n|d|e|r|,102210fe594ee9b33d82058545b1ed14f4c8206e,loadtime,imdb,True,imdb loadtime opt cold webrender,,77,ms,geckoview,,1800309913,2023-11-14T15:19:36,2904.8,ba76e04c959a0e4bdaae08dbe5fb3ecee893542d,1331764
autoland,4375374,13,92302d37db2c0dde32926e954404b4c8422e3f86,android-hw-a51-11-0-aarch64-shippable-qr,True,False,,|c|o|l|d| |w|e|b|r|e|n|d|e|r|,102210fe594ee9b33d82058545b1ed14f4c8206e,loadtime,imdb,True,imdb loadtime opt cold webrender,,77,ms,geckoview,,1800242493,2023-11-14T15:20:29,2867.4,c8056d6fe88bd401d86e55cdc0ad45b0b498dc0e,1331766
autoland,4375374,13,92302d37db2c0dde32926e954404b4c8422e3f86,android-hw-a51-11-0-aarch64-shippable-qr,True,False,,|c|o|l|d| |w|e|b|r|e|n|d|e|r|,102210fe594ee9b33d82058545b1ed14f4c8206e,loadtime,imdb,True,imdb loadtime opt cold webrender,,77,ms,geckoview,,1800309973,2023-11-14T15:20:29,2876.9,c8056d6fe88bd401d86e55cdc0ad45b0b498dc0e,1331766
autoland,4375374,13,92302d37db2c0dde32926e954404b4c8422e3f86,android-hw-a51-11-0-aarch64-shippable-qr,True,False,,|c|o|l|d| |w|e|b|r|e|n|d|e|r|,102210fe594ee9b33d82058545b1ed14f4c8206e,loadtime,imdb,True,imdb loadtime opt cold webrender,,77,ms,geckoview,,1800310014,2023-11-14T15:20:29,2833.0,c8056d6fe88bd401d86e55cdc0ad45b0b498dc0e,1331766
autoland,4375374,13,92302d37db2c0dde32926e954404b4c8422e3f86,android-hw-a51-11-0-aarch64-shippable-qr,True,False,,|c|o|l|d| |w|e|b|r|e|n|d|e|r|,102210fe594ee9b33d82058545b1ed14f4c8206e,loadtime,imdb,True,imdb loadtime opt cold webrender,,77,ms,geckoview,,1800310255,2023-11-14T15:20:29,2829.9,c8056d6fe88bd401d86e55cdc0ad45b0b498dc0e,1331766
autoland,4375374,13,92302d37db2c0dde32926e954404b4c8422e3f86,android-hw-a51-11-0-aarch64-shippable-qr,True,False,,|c|o|l|d| |w|e|b|r|e|n|d|e|r|,102210fe594ee9b33d82058545b1ed14f4c8206e,loadtime,imdb,True,imdb loadtime opt cold webrender,,77,ms,geckoview,,1800312162,2023-11-14T15:20:29,2912.3,c8056d6fe88bd401d86e55cdc0ad45b0b498dc0e,1331766
autoland,4375374,13,92302d37db2c0dde32926e954404b4c8422e3f86,android-hw-a51-11-0-aarch64-shippable-qr,True,False,,|c|o|l|d| |w|e|b|r|e|n|d|e|r|,102210fe594ee9b33d82058545b1ed14f4c8206e,loadtime,imdb,True,imdb loadtime opt cold webrender,,77,ms,geckoview,,1800242705,2023-11-14T15:54:26,2855.3,3c23edb70727e795f09388a742fca318cc59f8d1,1331793
autoland,4375374,13,92302d37db2c0dde32926e954404b4c8422e3f86,android-hw-a51-11-0-aarch64-shippable-qr,True,False,,|c|o|l|d| |w|e|b|r|e|n|d|e|r|,102210fe594ee9b33d82058545b1ed14f4c8206e,loadtime,imdb,True,imdb loadtime opt cold webrender,,77,ms,geckoview,,1800312234,2023-11-14T15:54:26,2932.9,3c23edb70727e795f09388a742fca318cc59f8d1,1331793
autoland,4375374,13,92302d37db2c0dde32926e954404b4c8422e3f86,android-hw-a51-11-0-aarch64-shippable-qr,True,False,,|c|o|l|d| |w|e|b|r|e|n|d|e|r|,102210fe594ee9b33d82058545b1ed14f4c8206e,loadtime,imdb,True,imdb loadtime opt cold webrender,,77,ms,geckoview,,1800312529,2023-11-14T15:54:26,2826.6,3c23edb70727e795f09388a742fca318cc59f8d1,1331793
autoland,4375374,13,92302d37db2c0dde32926e954404b4c8422e3f86,android-hw-a51-11-0-aarch64-shippable-qr,True,False,,|c|o|l|d| |w|e|b|r|e|n|d|e|r|,102210fe594ee9b33d82058545b1ed14f4c8206e,loadtime,imdb,True,imdb loadtime opt cold webrender,,77,ms,geckoview,,1800312585,2023-11-14T15:54:26,2821.6,3c23edb70727e795f09388a742fca318cc59f8d1,1331793
autoland,4375374,13,92302d37db2c0dde32926e954404b4c8422e3f86,android-hw-a51-11-0-aarch64-shippable-qr,True,False,,|c|o|l|d| |w|e|b|r|e|n|d|e|r|,102210fe594ee9b33d82058545b1ed14f4c8206e,loadtime,imdb,True,imdb loadtime opt cold webrender,,77,ms,geckoview,,1800313409,2023-11-14T15:54:26,2988.4,3c23edb70727e795f09388a742fca318cc59f8d1,1331793
autoland,4375374,13,92302d37db2c0dde32926e954404b4c8422e3f86,android-hw-a51-11-0-aarch64-shippable-qr,True,False,,|c|o|l|d| |w|e|b|r|e|n|d|e|r|,102210fe594ee9b33d82058545b1ed14f4c8206e,loadtime,imdb,True,imdb loadtime opt cold webrender,,77,ms,geckoview,,1800242803,2023-11-14T15:55:17,2888.9,6a41a391cb37bfb133179ed52d58bf653000ae36,1331795
autoland,4375374,13,92302d37db2c0dde32926e954404b4c8422e3f86,android-hw-a51-11-0-aarch64-shippable-qr,True,False,,|c|o|l|d| |w|e|b|r|e|n|d|e|r|,102210fe594ee9b33d82058545b1ed14f4c8206e,loadtime,imdb,True,imdb loadtime opt cold webrender,,77,ms,geckoview,,1800311447,2023-11-14T15:55:17,2931.3,6a41a391cb37bfb133179ed52d58bf653000ae36,1331795
autoland,4375374,13,92302d37db2c0dde32926e954404b4c8422e3f86,android-hw-a51-11-0-aarch64-shippable-qr,True,False,,|c|o|l|d| |w|e|b|r|e|n|d|e|r|,102210fe594ee9b33d82058545b1ed14f4c8206e,loadtime,imdb,True,imdb loadtime opt cold webrender,,77,ms,geckoview,,1800312447,2023-11-14T15:55:17,2918.3,6a41a391cb37bfb133179ed52d58bf653000ae36,1331795
autoland,4375374,13,92302d37db2c0dde32926e954404b4c8422e3f86,android-hw-a51-11-0-aarch64-shippable-qr,True,False,,|c|o|l|d| |w|e|b|r|e|n|d|e|r|,102210fe594ee9b33d82058545b1ed14f4c8206e,loadtime,imdb,True,imdb loadtime opt cold webrender,,77,ms,geckoview,,1800312710,2023-11-14T15:55:17,2908.1,6a41a391cb37bfb133179ed52d58bf653000ae36,1331795
autoland,4375374,13,92302d37db2c0dde32926e954404b4c8422e3f86,android-hw-a51-11-0-aarch64-shippable-qr,True,False,,|c|o|l|d| |w|e|b|r|e|n|d|e|r|,102210fe594ee9b33d82058545b1ed14f4c8206e,loadtime,imdb,True,imdb loadtime opt cold webrender,,77,ms,geckoview,,1800312596,2023-11-14T15:55:17,3217.1,6a41a391cb37bfb133179ed52d58bf653000ae36,1331795
autoland,4375374,13,92302d37db2c0dde32926e954404b4c8422e3f86,android-hw-a51-11-0-aarch64-shippable-qr,True,False,,|c|o|l|d| |w|e|b|r|e|n|d|e|r|,102210fe594ee9b33d82058545b1ed14f4c8206e,loadtime,imdb,True,imdb loadtime opt cold webrender,,77,ms,geckoview,,1800244053,2023-11-14T15:56:13,2862.5,1f63774145652ce809986f4cdb0b2e610b0ab394,1331797
autoland,4375374,13,92302d37db2c0dde32926e954404b4c8422e3f86,android-hw-a51-11-0-aarch64-shippable-qr,True,False,,|c|o|l|d| |w|e|b|r|e|n|d|e|r|,102210fe594ee9b33d82058545b1ed14f4c8206e,loadtime,imdb,True,imdb loadtime opt cold webrender,,77,ms,geckoview,,1800312053,2023-11-14T15:56:13,2760.0,1f63774145652ce809986f4cdb0b2e610b0ab394,1331797
autoland,4375374,13,92302d37db2c0dde32926e954404b4c8422e3f86,android-hw-a51-11-0-aarch64-shippable-qr,True,False,,|c|o|l|d| |w|e|b|r|e|n|d|e|r|,102210fe594ee9b33d82058545b1ed14f4c8206e,loadtime,imdb,True,imdb loadtime opt cold webrender,,77,ms,geckoview,,1800311962,2023-11-14T15:56:13,2840.8,1f63774145652ce809986f4cdb0b2e610b0ab394,1331797
autoland,4375374,13,92302d37db2c0dde32926e954404b4c8422e3f86,android-hw-a51-11-0-aarch64-shippable-qr,True,False,,|c|o|l|d| |w|e|b|r|e|n|d|e|r|,102210fe594ee9b33d82058545b1ed14f4c8206e,loadtime,imdb,True,imdb loadtime opt cold webrender,,77,ms,geckoview,,1800312490,2023-11-14T15:56:13,2985.5,1f63774145652ce809986f4cdb0b2e610b0ab394,1331797
autoland,4375374,13,92302d37db2c0dde32926e954404b4c8422e3f86,android-hw-a51-11-0-aarch64-shippable-qr,True,False,,|c|o|l|d| |w|e|b|r|e|n|d|e|r|,102210fe594ee9b33d82058545b1ed14f4c8206e,loadtime,imdb,True,imdb loadtime opt cold webrender,,77,ms,geckoview,,1800312133,2023-11-14T15:56:13,2890.4,1f63774145652ce809986f4cdb0b2e610b0ab394,1331797
autoland,4375374,13,92302d37db2c0dde32926e954404b4c8422e3f86,android-hw-a51-11-0-aarch64-shippable-qr,True,False,,|c|o|l|d| |w|e|b|r|e|n|d|e|r|,102210fe594ee9b33d82058545b1ed14f4c8206e,loadtime,imdb,True,imdb loadtime opt cold webrender,,77,ms,geckoview,,1800242223,2023-11-14T16:30:56,2840.4,18a17082b11e0b32aa58737dbfd369381d8e4404,1331825
autoland,4375374,13,92302d37db2c0dde32926e954404b4c8422e3f86,android-hw-a51-11-0-aarch64-shippable-qr,True,False,,|c|o|l|d| |w|e|b|r|e|n|d|e|r|,102210fe594ee9b33d82058545b1ed14f4c8206e,loadtime,imdb,True,imdb loadtime opt cold webrender,,77,ms,geckoview,,1800311756,2023-11-14T16:30:56,2944.4,18a17082b11e0b32aa58737dbfd369381d8e4404,1331825
autoland,4375374,13,92302d37db2c0dde32926e954404b4c8422e3f86,android-hw-a51-11-0-aarch64-shippable-qr,True,False,,|c|o|l|d| |w|e|b|r|e|n|d|e|r|,102210fe594ee9b33d82058545b1ed14f4c8206e,loadtime,imdb,True,imdb loadtime opt cold webrender,,77,ms,geckoview,,1800312075,2023-11-14T16:30:56,2946.6,18a17082b11e0b32aa58737dbfd369381d8e4404,1331825
autoland,4375374,13,92302d37db2c0dde32926e954404b4c8422e3f86,android-hw-a51-11-0-aarch64-shippable-qr,True,False,,|c|o|l|d| |w|e|b|r|e|n|d|e|r|,102210fe594ee9b33d82058545b1ed14f4c8206e,loadtime,imdb,True,imdb loadtime opt cold webrender,,77,ms,geckoview,,1800312106,2023-11-14T16:30:56,3017.3,18a17082b11e0b32aa58737dbfd369381d8e4404,1331825
autoland,4375374,13,92302d37db2c0dde32926e954404b4c8422e3f86,android-hw-a51-11-0-aarch64-shippable-qr,True,False,,|c|o|l|d| |w|e|b|r|e|n|d|e|r|,102210fe594ee9b33d82058545b1ed14f4c8206e,loadtime,imdb,True,imdb loadtime opt cold webrender,,77,ms,geckoview,,1800312389,2023-11-14T16:30:56,2956.0,18a17082b11e0b32aa58737dbfd369381d8e4404,1331825
autoland,4375374,13,92302d37db2c0dde32926e954404b4c8422e3f86,android-hw-a51-11-0-aarch64-shippable-qr,True,False,,|c|o|l|d| |w|e|b|r|e|n|d|e|r|,102210fe594ee9b33d82058545b1ed14f4c8206e,loadtime,imdb,True,imdb loadtime opt cold webrender,,77,ms,geckoview,,1800244876,2023-11-14T17:06:45,2864.4,c86be1bd3b8dac7ea84d676ccbbf25ffd5d09a77,1331846
autoland,4375374,13,92302d37db2c0dde32926e954404b4c8422e3f86,android-hw-a51-11-0-aarch64-shippable-qr,True,False,,|c|o|l|d| |w|e|b|r|e|n|d|e|r|,102210fe594ee9b33d82058545b1ed14f4c8206e,loadtime,imdb,True,imdb loadtime opt cold webrender,,77,ms,geckoview,,1800244957,2023-11-14T17:20:09,2847.3,bb87f8afbd7c1c329791b20e173ba4723b1d944a,1331853
autoland,4375374,13,92302d37db2c0dde32926e954404b4c8422e3f86,android-hw-a51-11-0-aarch64-shippable-qr,True,False,,|c|o|l|d| |w|e|b|r|e|n|d|e|r|,102210fe594ee9b33d82058545b1ed14f4c8206e,loadtime,imdb,True,imdb loadtime opt cold webrender,,77,ms,geckoview,,1800242530,2023-11-14T17:21:01,2860.0,a0d3e9db432a201fd6107ebeba4d6b5f2767f0e0,1331854
autoland,4375374,13,92302d37db2c0dde32926e954404b4c8422e3f86,android-hw-a51-11-0-aarch64-shippable-qr,True,False,,|c|o|l|d| |w|e|b|r|e|n|d|e|r|,102210fe594ee9b33d82058545b1ed14f4c8206e,loadtime,imdb,True,imdb loadtime opt cold webrender,,77,ms,geckoview,,1800244720,2023-11-14T17:21:52,2894.4,f768135b85f29ef20a22825a054d1a6938475ba5,1331856
autoland,4375374,13,92302d37db2c0dde32926e954404b4c8422e3f86,android-hw-a51-11-0-aarch64-shippable-qr,True,False,,|c|o|l|d| |w|e|b|r|e|n|d|e|r|,102210fe594ee9b33d82058545b1ed14f4c8206e,loadtime,imdb,True,imdb loadtime opt cold webrender,,77,ms,geckoview,,1800244539,2023-11-14T17:22:49,2961.7,ea21f63481837ae2ddd436b3849aeb13a03b31d2,1331857
autoland,4375374,13,92302d37db2c0dde32926e954404b4c8422e3f86,android-hw-a51-11-0-aarch64-shippable-qr,True,False,,|c|o|l|d| |w|e|b|r|e|n|d|e|r|,102210fe594ee9b33d82058545b1ed14f4c8206e,loadtime,imdb,True,imdb loadtime opt cold webrender,,77,ms,geckoview,,1800245317,2023-11-14T17:24:31,2966.8,30d4156d4c466847bcf67b44d5b45f0c41e33774,1331859
autoland,4375374,13,92302d37db2c0dde32926e954404b4c8422e3f86,android-hw-a51-11-0-aarch64-shippable-qr,True,False,,|c|o|l|d| |w|e|b|r|e|n|d|e|r|,102210fe594ee9b33d82058545b1ed14f4c8206e,loadtime,imdb,True,imdb loadtime opt cold webrender,,77,ms,geckoview,,1800245769,2023-11-14T17:25:30,2920.1,45c7b95c532301a2e5206583f6d85e16dc4f5694,1331861
autoland,4375374,13,92302d37db2c0dde32926e954404b4c8422e3f86,android-hw-a51-11-0-aarch64-shippable-qr,True,False,,|c|o|l|d| |w|e|b|r|e|n|d|e|r|,102210fe594ee9b33d82058545b1ed14f4c8206e,loadtime,imdb,True,imdb loadtime opt cold webrender,,77,ms,geckoview,,1800245970,2023-11-14T17:26:26,2880.3,61e622def2f666f6a590b260226abb773eb8d24d,1331862
autoland,4375374,13,92302d37db2c0dde32926e954404b4c8422e3f86,android-hw-a51-11-0-aarch64-shippable-qr,True,False,,|c|o|l|d| |w|e|b|r|e|n|d|e|r|,102210fe594ee9b33d82058545b1ed14f4c8206e,loadtime,imdb,True,imdb loadtime opt cold webrender,,77,ms,geckoview,,1800245342,2023-11-14T17:27:22,2980.5,4709e5a4cb51ac6f239cf0ddb94add1180095c52,1331863
autoland,4375374,13,92302d37db2c0dde32926e954404b4c8422e3f86,android-hw-a51-11-0-aarch64-shippable-qr,True,False,,|c|o|l|d| |w|e|b|r|e|n|d|e|r|,102210fe594ee9b33d82058545b1ed14f4c8206e,loadtime,imdb,True,imdb loadtime opt cold webrender,,77,ms,geckoview,,1800246112,2023-11-14T17:28:13,2944.9,6e3468f3239c5e5e8e90f07f6890e5dee6c977e8,1331866
autoland,4375374,13,92302d37db2c0dde32926e954404b4c8422e3f86,android-hw-a51-11-0-aarch64-shippable-qr,True,False,,|c|o|l|d| |w|e|b|r|e|n|d|e|r|,102210fe594ee9b33d82058545b1ed14f4c8206e,loadtime,imdb,True,imdb loadtime opt cold webrender,,77,ms,geckoview,,1800246578,2023-11-14T17:55:36,3046.4,011100eb7c154c46d79d941ed45a74c3f17eeac8,1331884
autoland,4375374,13,92302d37db2c0dde32926e954404b4c8422e3f86,android-hw-a51-11-0-aarch64-shippable-qr,True,False,,|c|o|l|d| |w|e|b|r|e|n|d|e|r|,102210fe594ee9b33d82058545b1ed14f4c8206e,loadtime,imdb,True,imdb loadtime opt cold webrender,,77,ms,geckoview,,1800245866,2023-11-14T18:30:36,2886.9,fb7b6fc608af4116fcc99a1003dfafc5bb78818a,1331903
autoland,4375374,13,92302d37db2c0dde32926e954404b4c8422e3f86,android-hw-a51-11-0-aarch64-shippable-qr,True,False,,|c|o|l|d| |w|e|b|r|e|n|d|e|r|,102210fe594ee9b33d82058545b1ed14f4c8206e,loadtime,imdb,True,imdb loadtime opt cold webrender,,77,ms,geckoview,,1800246625,2023-11-14T18:31:37,3617.4,2eaa5bb6d57fe2d073702a67ab5ba6d092b70315,1331905
autoland,4375374,13,92302d37db2c0dde32926e954404b4c8422e3f86,android-hw-a51-11-0-aarch64-shippable-qr,True,False,,|c|o|l|d| |w|e|b|r|e|n|d|e|r|,102210fe594ee9b33d82058545b1ed14f4c8206e,loadtime,imdb,True,imdb loadtime opt cold webrender,,77,ms,geckoview,,1794230548,2023-11-14T18:32:45,2965.8,cee24679e2a2e085bdefdbd66106fa1a805db56d,1331906
autoland,4375374,13,92302d37db2c0dde32926e954404b4c8422e3f86,android-hw-a51-11-0-aarch64-shippable-qr,True,False,,|c|o|l|d| |w|e|b|r|e|n|d|e|r|,102210fe594ee9b33d82058545b1ed14f4c8206e,loadtime,imdb,True,imdb loadtime opt cold webrender,,77,ms,geckoview,,1799530264,2023-11-14T18:32:45,2864.6,cee24679e2a2e085bdefdbd66106fa1a805db56d,1331906
autoland,4375374,13,92302d37db2c0dde32926e954404b4c8422e3f86,android-hw-a51-11-0-aarch64-shippable-qr,True,False,,|c|o|l|d| |w|e|b|r|e|n|d|e|r|,102210fe594ee9b33d82058545b1ed14f4c8206e,loadtime,imdb,True,imdb loadtime opt cold webrender,,77,ms,geckoview,,1799530437,2023-11-14T18:32:45,2924.7,cee24679e2a2e085bdefdbd66106fa1a805db56d,1331906
autoland,4375374,13,92302d37db2c0dde32926e954404b4c8422e3f86,android-hw-a51-11-0-aarch64-shippable-qr,True,False,,|c|o|l|d| |w|e|b|r|e|n|d|e|r|,102210fe594ee9b33d82058545b1ed14f4c8206e,loadtime,imdb,True,imdb loadtime opt cold webrender,,77,ms,geckoview,,1799531052,2023-11-14T18:32:45,2924.6,cee24679e2a2e085bdefdbd66106fa1a805db56d,1331906
autoland,4375374,13,92302d37db2c0dde32926e954404b4c8422e3f86,android-hw-a51-11-0-aarch64-shippable-qr,True,False,,|c|o|l|d| |w|e|b|r|e|n|d|e|r|,102210fe594ee9b33d82058545b1ed14f4c8206e,loadtime,imdb,True,imdb loadtime opt cold webrender,,77,ms,geckoview,,1799531680,2023-11-14T18:32:45,2952.5,cee24679e2a2e085bdefdbd66106fa1a805db56d,1331906
autoland,4375374,13,92302d37db2c0dde32926e954404b4c8422e3f86,android-hw-a51-11-0-aarch64-shippable-qr,True,False,,|c|o|l|d| |w|e|b|r|e|n|d|e|r|,102210fe594ee9b33d82058545b1ed14f4c8206e,loadtime,imdb,True,imdb loadtime opt cold webrender,,77,ms,geckoview,,1794346022,2023-11-14T20:17:49,3027.8,45f7ef4749636f24bbab519e5d4e3851950ccacc,1331971
autoland,4375374,13,92302d37db2c0dde32926e954404b4c8422e3f86,android-hw-a51-11-0-aarch64-shippable-qr,True,False,,|c|o|l|d| |w|e|b|r|e|n|d|e|r|,102210fe594ee9b33d82058545b1ed14f4c8206e,loadtime,imdb,True,imdb loadtime opt cold webrender,,77,ms,geckoview,,1799531498,2023-11-14T20:17:49,2848.6,45f7ef4749636f24bbab519e5d4e3851950ccacc,1331971
autoland,4375374,13,92302d37db2c0dde32926e954404b4c8422e3f86,android-hw-a51-11-0-aarch64-shippable-qr,True,False,,|c|o|l|d| |w|e|b|r|e|n|d|e|r|,102210fe594ee9b33d82058545b1ed14f4c8206e,loadtime,imdb,True,imdb loadtime opt cold webrender,,77,ms,geckoview,,1799531853,2023-11-14T20:17:49,2903.2,45f7ef4749636f24bbab519e5d4e3851950ccacc,1331971
autoland,4375374,13,92302d37db2c0dde32926e954404b4c8422e3f86,android-hw-a51-11-0-aarch64-shippable-qr,True,False,,|c|o|l|d| |w|e|b|r|e|n|d|e|r|,102210fe594ee9b33d82058545b1ed14f4c8206e,loadtime,imdb,True,imdb loadtime opt cold webrender,,77,ms,geckoview,,1799530802,2023-11-14T20:17:49,2900.3,45f7ef4749636f24bbab519e5d4e3851950ccacc,1331971
autoland,4375374,13,92302d37db2c0dde32926e954404b4c8422e3f86,android-hw-a51-11-0-aarch64-shippable-qr,True,False,,|c|o|l|d| |w|e|b|r|e|n|d|e|r|,102210fe594ee9b33d82058545b1ed14f4c8206e,loadtime,imdb,True,imdb loadtime opt cold webrender,,77,ms,geckoview,,1799531717,2023-11-14T20:17:49,3361.0,45f7ef4749636f24bbab519e5d4e3851950ccacc,1331971
autoland,4375374,13,92302d37db2c0dde32926e954404b4c8422e3f86,android-hw-a51-11-0-aarch64-shippable-qr,True,False,,|c|o|l|d| |w|e|b|r|e|n|d|e|r|,102210fe594ee9b33d82058545b1ed14f4c8206e,loadtime,imdb,True,imdb loadtime opt cold webrender,,77,ms,geckoview,,1794502084,2023-11-15T01:57:11,3086.4,0083ca2f4709e599083520545d538d1ee1b8356d,1332132
autoland,4375374,13,92302d37db2c0dde32926e954404b4c8422e3f86,android-hw-a51-11-0-aarch64-shippable-qr,True,False,,|c|o|l|d| |w|e|b|r|e|n|d|e|r|,102210fe594ee9b33d82058545b1ed14f4c8206e,loadtime,imdb,True,imdb loadtime opt cold webrender,,77,ms,geckoview,,1799533476,2023-11-15T01:57:11,2956.8,0083ca2f4709e599083520545d538d1ee1b8356d,1332132
autoland,4375374,13,92302d37db2c0dde32926e954404b4c8422e3f86,android-hw-a51-11-0-aarch64-shippable-qr,True,False,,|c|o|l|d| |w|e|b|r|e|n|d|e|r|,102210fe594ee9b33d82058545b1ed14f4c8206e,loadtime,imdb,True,imdb loadtime opt cold webrender,,77,ms,geckoview,,1799533908,2023-11-15T01:57:11,3330.2,0083ca2f4709e599083520545d538d1ee1b8356d,1332132
autoland,4375374,13,92302d37db2c0dde32926e954404b4c8422e3f86,android-hw-a51-11-0-aarch64-shippable-qr,True,False,,|c|o|l|d| |w|e|b|r|e|n|d|e|r|,102210fe594ee9b33d82058545b1ed14f4c8206e,loadtime,imdb,True,imdb loadtime opt cold webrender,,77,ms,geckoview,,1799534262,2023-11-15T01:57:11,2946.7,0083ca2f4709e599083520545d538d1ee1b8356d,1332132
autoland,4375374,13,92302d37db2c0dde32926e954404b4c8422e3f86,android-hw-a51-11-0-aarch64-shippable-qr,True,False,,|c|o|l|d| |w|e|b|r|e|n|d|e|r|,102210fe594ee9b33d82058545b1ed14f4c8206e,loadtime,imdb,True,imdb loadtime opt cold webrender,,77,ms,geckoview,,1799586947,2023-11-15T01:57:11,3493.8,0083ca2f4709e599083520545d538d1ee1b8356d,1332132
autoland,4375374,13,92302d37db2c0dde32926e954404b4c8422e3f86,android-hw-a51-11-0-aarch64-shippable-qr,True,False,,|c|o|l|d| |w|e|b|r|e|n|d|e|r|,102210fe594ee9b33d82058545b1ed14f4c8206e,loadtime,imdb,True,imdb loadtime opt cold webrender,,77,ms,geckoview,,1794547536,2023-11-15T03:02:01,2964.1,d9f2158d4d442a658bb2029948eeebd438457667,1332148
autoland,4375374,13,92302d37db2c0dde32926e954404b4c8422e3f86,android-hw-a51-11-0-aarch64-shippable-qr,True,False,,|c|o|l|d| |w|e|b|r|e|n|d|e|r|,102210fe594ee9b33d82058545b1ed14f4c8206e,loadtime,imdb,True,imdb loadtime opt cold webrender,,77,ms,geckoview,,1799533851,2023-11-15T03:02:01,2847.5,d9f2158d4d442a658bb2029948eeebd438457667,1332148
autoland,4375374,13,92302d37db2c0dde32926e954404b4c8422e3f86,android-hw-a51-11-0-aarch64-shippable-qr,True,False,,|c|o|l|d| |w|e|b|r|e|n|d|e|r|,102210fe594ee9b33d82058545b1ed14f4c8206e,loadtime,imdb,True,imdb loadtime opt cold webrender,,77,ms,geckoview,,1799534564,2023-11-15T03:02:01,2833.4,d9f2158d4d442a658bb2029948eeebd438457667,1332148
autoland,4375374,13,92302d37db2c0dde32926e954404b4c8422e3f86,android-hw-a51-11-0-aarch64-shippable-qr,True,False,,|c|o|l|d| |w|e|b|r|e|n|d|e|r|,102210fe594ee9b33d82058545b1ed14f4c8206e,loadtime,imdb,True,imdb loadtime opt cold webrender,,77,ms,geckoview,,1799534504,2023-11-15T03:02:01,2974.9,d9f2158d4d442a658bb2029948eeebd438457667,1332148
autoland,4375374,13,92302d37db2c0dde32926e954404b4c8422e3f86,android-hw-a51-11-0-aarch64-shippable-qr,True,False,,|c|o|l|d| |w|e|b|r|e|n|d|e|r|,102210fe594ee9b33d82058545b1ed14f4c8206e,loadtime,imdb,True,imdb loadtime opt cold webrender,,77,ms,geckoview,,1799587169,2023-11-15T03:02:01,2903.2,d9f2158d4d442a658bb2029948eeebd438457667,1332148
autoland,4375374,13,92302d37db2c0dde32926e954404b4c8422e3f86,android-hw-a51-11-0-aarch64-shippable-qr,True,False,,|c|o|l|d| |w|e|b|r|e|n|d|e|r|,102210fe594ee9b33d82058545b1ed14f4c8206e,loadtime,imdb,True,imdb loadtime opt cold webrender,,77,ms,geckoview,,1794605956,2023-11-15T07:02:46,2967.9,d12a09b7c773efc37f5d0e37cc52339e25f07b6c,1332195
autoland,4375374,13,92302d37db2c0dde32926e954404b4c8422e3f86,android-hw-a51-11-0-aarch64-shippable-qr,True,False,,|c|o|l|d| |w|e|b|r|e|n|d|e|r|,102210fe594ee9b33d82058545b1ed14f4c8206e,loadtime,imdb,True,imdb loadtime opt cold webrender,,77,ms,geckoview,,1799535014,2023-11-15T07:02:46,2970.7,d12a09b7c773efc37f5d0e37cc52339e25f07b6c,1332195
autoland,4375374,13,92302d37db2c0dde32926e954404b4c8422e3f86,android-hw-a51-11-0-aarch64-shippable-qr,True,False,,|c|o|l|d| |w|e|b|r|e|n|d|e|r|,102210fe594ee9b33d82058545b1ed14f4c8206e,loadtime,imdb,True,imdb loadtime opt cold webrender,,77,ms,geckoview,,1799535670,2023-11-15T07:02:46,2886.4,d12a09b7c773efc37f5d0e37cc52339e25f07b6c,1332195
autoland,4375374,13,92302d37db2c0dde32926e954404b4c8422e3f86,android-hw-a51-11-0-aarch64-shippable-qr,True,False,,|c|o|l|d| |w|e|b|r|e|n|d|e|r|,102210fe594ee9b33d82058545b1ed14f4c8206e,loadtime,imdb,True,imdb loadtime opt cold webrender,,77,ms,geckoview,,1799537835,2023-11-15T07:02:46,2987.2,d12a09b7c773efc37f5d0e37cc52339e25f07b6c,1332195
autoland,4375374,13,92302d37db2c0dde32926e954404b4c8422e3f86,android-hw-a51-11-0-aarch64-shippable-qr,True,False,,|c|o|l|d| |w|e|b|r|e|n|d|e|r|,102210fe594ee9b33d82058545b1ed14f4c8206e,loadtime,imdb,True,imdb loadtime opt cold webrender,,77,ms,geckoview,,1799536652,2023-11-15T07:02:46,2877.0,d12a09b7c773efc37f5d0e37cc52339e25f07b6c,1332195
autoland,4375374,13,92302d37db2c0dde32926e954404b4c8422e3f86,android-hw-a51-11-0-aarch64-shippable-qr,True,False,,|c|o|l|d| |w|e|b|r|e|n|d|e|r|,102210fe594ee9b33d82058545b1ed14f4c8206e,loadtime,imdb,True,imdb loadtime opt cold webrender,,77,ms,geckoview,,1794723489,2023-11-15T12:47:49,3178.3,571c293cedd28db6ac86fd553e2810f40e382e80,1332324
autoland,4375374,13,92302d37db2c0dde32926e954404b4c8422e3f86,android-hw-a51-11-0-aarch64-shippable-qr,True,False,,|c|o|l|d| |w|e|b|r|e|n|d|e|r|,102210fe594ee9b33d82058545b1ed14f4c8206e,loadtime,imdb,True,imdb loadtime opt cold webrender,,77,ms,geckoview,,1799538847,2023-11-15T12:47:49,3019.0,571c293cedd28db6ac86fd553e2810f40e382e80,1332324
autoland,4375374,13,92302d37db2c0dde32926e954404b4c8422e3f86,android-hw-a51-11-0-aarch64-shippable-qr,True,False,,|c|o|l|d| |w|e|b|r|e|n|d|e|r|,102210fe594ee9b33d82058545b1ed14f4c8206e,loadtime,imdb,True,imdb loadtime opt cold webrender,,77,ms,geckoview,,1799538898,2023-11-15T12:47:49,2844.3,571c293cedd28db6ac86fd553e2810f40e382e80,1332324
autoland,4375374,13,92302d37db2c0dde32926e954404b4c8422e3f86,android-hw-a51-11-0-aarch64-shippable-qr,True,False,,|c|o|l|d| |w|e|b|r|e|n|d|e|r|,102210fe594ee9b33d82058545b1ed14f4c8206e,loadtime,imdb,True,imdb loadtime opt cold webrender,,77,ms,geckoview,,1799589557,2023-11-15T12:47:49,2873.0,571c293cedd28db6ac86fd553e2810f40e382e80,1332324
autoland,4375374,13,92302d37db2c0dde32926e954404b4c8422e3f86,android-hw-a51-11-0-aarch64-shippable-qr,True,False,,|c|o|l|d| |w|e|b|r|e|n|d|e|r|,102210fe594ee9b33d82058545b1ed14f4c8206e,loadtime,imdb,True,imdb loadtime opt cold webrender,,77,ms,geckoview,,1799589127,2023-11-15T12:47:49,2987.0,571c293cedd28db6ac86fd553e2810f40e382e80,1332324
autoland,4375374,13,92302d37db2c0dde32926e954404b4c8422e3f86,android-hw-a51-11-0-aarch64-shippable-qr,True,False,,|c|o|l|d| |w|e|b|r|e|n|d|e|r|,102210fe594ee9b33d82058545b1ed14f4c8206e,loadtime,imdb,True,imdb loadtime opt cold webrender,,77,ms,geckoview,,1794839251,2023-11-15T15:33:52,3000.4,58fc056d56521455bb36e7bd4fcce81222093c75,1332438
autoland,4375374,13,92302d37db2c0dde32926e954404b4c8422e3f86,android-hw-a51-11-0-aarch64-shippable-qr,True,False,,|c|o|l|d| |w|e|b|r|e|n|d|e|r|,102210fe594ee9b33d82058545b1ed14f4c8206e,loadtime,imdb,True,imdb loadtime opt cold webrender,,77,ms,geckoview,,1799540376,2023-11-15T15:33:52,2957.9,58fc056d56521455bb36e7bd4fcce81222093c75,1332438
autoland,4375374,13,92302d37db2c0dde32926e954404b4c8422e3f86,android-hw-a51-11-0-aarch64-shippable-qr,True,False,,|c|o|l|d| |w|e|b|r|e|n|d|e|r|,102210fe594ee9b33d82058545b1ed14f4c8206e,loadtime,imdb,True,imdb loadtime opt cold webrender,,77,ms,geckoview,,1799542466,2023-11-15T15:33:52,2922.4,58fc056d56521455bb36e7bd4fcce81222093c75,1332438
autoland,4375374,13,92302d37db2c0dde32926e954404b4c8422e3f86,android-hw-a51-11-0-aarch64-shippable-qr,True,False,,|c|o|l|d| |w|e|b|r|e|n|d|e|r|,102210fe594ee9b33d82058545b1ed14f4c8206e,loadtime,imdb,True,imdb loadtime opt cold webrender,,77,ms,geckoview,,1799551993,2023-11-15T15:33:52,3029.5,58fc056d56521455bb36e7bd4fcce81222093c75,1332438
autoland,4375374,13,92302d37db2c0dde32926e954404b4c8422e3f86,android-hw-a51-11-0-aarch64-shippable-qr,True,False,,|c|o|l|d| |w|e|b|r|e|n|d|e|r|,102210fe594ee9b33d82058545b1ed14f4c8206e,loadtime,imdb,True,imdb loadtime opt cold webrender,,77,ms,geckoview,,1799551256,2023-11-15T15:33:52,2935.4,58fc056d56521455bb36e7bd4fcce81222093c75,1332438
autoland,4375374,13,92302d37db2c0dde32926e954404b4c8422e3f86,android-hw-a51-11-0-aarch64-shippable-qr,True,False,,|c|o|l|d| |w|e|b|r|e|n|d|e|r|,102210fe594ee9b33d82058545b1ed14f4c8206e,loadtime,imdb,True,imdb loadtime opt cold webrender,,77,ms,geckoview,,1794862882,2023-11-15T16:43:35,2935.2,a70ee84d8943b9a1eaaf0fb3a0df60a1595f5782,1332515
autoland,4375374,13,92302d37db2c0dde32926e954404b4c8422e3f86,android-hw-a51-11-0-aarch64-shippable-qr,True,False,,|c|o|l|d| |w|e|b|r|e|n|d|e|r|,102210fe594ee9b33d82058545b1ed14f4c8206e,loadtime,imdb,True,imdb loadtime opt cold webrender,,77,ms,geckoview,,1799585232,2023-11-15T16:43:35,3227.2,a70ee84d8943b9a1eaaf0fb3a0df60a1595f5782,1332515
autoland,4375374,13,92302d37db2c0dde32926e954404b4c8422e3f86,android-hw-a51-11-0-aarch64-shippable-qr,True,False,,|c|o|l|d| |w|e|b|r|e|n|d|e|r|,102210fe594ee9b33d82058545b1ed14f4c8206e,loadtime,imdb,True,imdb loadtime opt cold webrender,,77,ms,geckoview,,1799585833,2023-11-15T16:43:35,2911.6,a70ee84d8943b9a1eaaf0fb3a0df60a1595f5782,1332515
autoland,4375374,13,92302d37db2c0dde32926e954404b4c8422e3f86,android-hw-a51-11-0-aarch64-shippable-qr,True,False,,|c|o|l|d| |w|e|b|r|e|n|d|e|r|,102210fe594ee9b33d82058545b1ed14f4c8206e,loadtime,imdb,True,imdb loadtime opt cold webrender,,77,ms,geckoview,,1799587870,2023-11-15T16:43:35,2927.9,a70ee84d8943b9a1eaaf0fb3a0df60a1595f5782,1332515
autoland,4375374,13,92302d37db2c0dde32926e954404b4c8422e3f86,android-hw-a51-11-0-aarch64-shippable-qr,True,False,,|c|o|l|d| |w|e|b|r|e|n|d|e|r|,102210fe594ee9b33d82058545b1ed14f4c8206e,loadtime,imdb,True,imdb loadtime opt cold webrender,,77,ms,geckoview,,1799588181,2023-11-15T16:43:35,2979.8,a70ee84d8943b9a1eaaf0fb3a0df60a1595f5782,1332515
autoland,4375374,13,92302d37db2c0dde32926e954404b4c8422e3f86,android-hw-a51-11-0-aarch64-shippable-qr,True,False,,|c|o|l|d| |w|e|b|r|e|n|d|e|r|,102210fe594ee9b33d82058545b1ed14f4c8206e,loadtime,imdb,True,imdb loadtime opt cold webrender,,77,ms,geckoview,,1795106385,2023-11-15T23:08:22,2976.4,eb78feb610e5d895bd63b81693cde56dd08d82df,1332792
autoland,4375374,13,92302d37db2c0dde32926e954404b4c8422e3f86,android-hw-a51-11-0-aarch64-shippable-qr,True,False,,|c|o|l|d| |w|e|b|r|e|n|d|e|r|,102210fe594ee9b33d82058545b1ed14f4c8206e,loadtime,imdb,True,imdb loadtime opt cold webrender,,77,ms,geckoview,,1795256080,2023-11-16T09:33:00,2897.1,ffd7ebdedeacec6717a3e8904121052ebbe61fe6,1332997
autoland,4375374,13,92302d37db2c0dde32926e954404b4c8422e3f86,android-hw-a51-11-0-aarch64-shippable-qr,True,False,,|c|o|l|d| |w|e|b|r|e|n|d|e|r|,102210fe594ee9b33d82058545b1ed14f4c8206e,loadtime,imdb,True,imdb loadtime opt cold webrender,,77,ms,geckoview,,1795392378,2023-11-16T13:34:03,3010.4,71ef91d3bf98c6475cfe762c0152d5b31588182c,1333089
autoland,4375374,13,92302d37db2c0dde32926e954404b4c8422e3f86,android-hw-a51-11-0-aarch64-shippable-qr,True,False,,|c|o|l|d| |w|e|b|r|e|n|d|e|r|,102210fe594ee9b33d82058545b1ed14f4c8206e,loadtime,imdb,True,imdb loadtime opt cold webrender,,77,ms,geckoview,,1795445520,2023-11-16T15:30:11,3068.2,5dba86b1842a5256c2845d69a7cebd605267d535,1333183
autoland,4375374,13,92302d37db2c0dde32926e954404b4c8422e3f86,android-hw-a51-11-0-aarch64-shippable-qr,True,False,,|c|o|l|d| |w|e|b|r|e|n|d|e|r|,102210fe594ee9b33d82058545b1ed14f4c8206e,loadtime,imdb,True,imdb loadtime opt cold webrender,,77,ms,geckoview,,1795561544,2023-11-16T20:27:49,3018.0,53b2405c0e70ae3283dbbba0d568665110f0db23,1333335
autoland,4375374,13,92302d37db2c0dde32926e954404b4c8422e3f86,android-hw-a51-11-0-aarch64-shippable-qr,True,False,,|c|o|l|d| |w|e|b|r|e|n|d|e|r|,102210fe594ee9b33d82058545b1ed14f4c8206e,loadtime,imdb,True,imdb loadtime opt cold webrender,,77,ms,geckoview,,1795611046,2023-11-16T23:04:46,3156.6,3b45d04f6865b297c8b2548a2c24424c5e9467e9,1333418
autoland,4375374,13,92302d37db2c0dde32926e954404b4c8422e3f86,android-hw-a51-11-0-aarch64-shippable-qr,True,False,,|c|o|l|d| |w|e|b|r|e|n|d|e|r|,102210fe594ee9b33d82058545b1ed14f4c8206e,loadtime,imdb,True,imdb loadtime opt cold webrender,,77,ms,geckoview,,1795789822,2023-11-17T06:40:14,3180.5,8a71397fb808df79e78f3023bf95b46f7cc2d2a4,1333538
autoland,4375374,13,92302d37db2c0dde32926e954404b4c8422e3f86,android-hw-a51-11-0-aarch64-shippable-qr,True,False,,|c|o|l|d| |w|e|b|r|e|n|d|e|r|,102210fe594ee9b33d82058545b1ed14f4c8206e,loadtime,imdb,True,imdb loadtime opt cold webrender,,77,ms,geckoview,,1795945518,2023-11-17T10:54:07,2985.1,ff5810792fa57d1b0a1076b4c90b3a83ac0242ca,1333644
autoland,4375374,13,92302d37db2c0dde32926e954404b4c8422e3f86,android-hw-a51-11-0-aarch64-shippable-qr,True,False,,|c|o|l|d| |w|e|b|r|e|n|d|e|r|,102210fe594ee9b33d82058545b1ed14f4c8206e,loadtime,imdb,True,imdb loadtime opt cold webrender,,77,ms,geckoview,,1796142068,2023-11-17T15:35:00,2932.0,f3b46286b5bad609725e65f541d6609a1bafcbce,1333770
autoland,4375374,13,92302d37db2c0dde32926e954404b4c8422e3f86,android-hw-a51-11-0-aarch64-shippable-qr,True,False,,|c|o|l|d| |w|e|b|r|e|n|d|e|r|,102210fe594ee9b33d82058545b1ed14f4c8206e,loadtime,imdb,True,imdb loadtime opt cold webrender,,77,ms,geckoview,,1796215970,2023-11-17T21:05:40,2948.0,b3bec7a68bb8ccbb4c637b64bec4dc0c806fecb3,1334007
autoland,4375374,13,92302d37db2c0dde32926e954404b4c8422e3f86,android-hw-a51-11-0-aarch64-shippable-qr,True,False,,|c|o|l|d| |w|e|b|r|e|n|d|e|r|,102210fe594ee9b33d82058545b1ed14f4c8206e,loadtime,imdb,True,imdb loadtime opt cold webrender,,77,ms,geckoview,,1796270855,2023-11-18T01:23:43,2947.6,391181d97b6bb5b53fe8a1186c8a1a85971812de,1334085
autoland,4375374,13,92302d37db2c0dde32926e954404b4c8422e3f86,android-hw-a51-11-0-aarch64-shippable-qr,True,False,,|c|o|l|d| |w|e|b|r|e|n|d|e|r|,102210fe594ee9b33d82058545b1ed14f4c8206e,loadtime,imdb,True,imdb loadtime opt cold webrender,,77,ms,geckoview,,1796448247,2023-11-18T14:15:26,2947.9,2cf1b902ea75e1237bbd69eaf02c889bc2924d10,1334153
autoland,4375374,13,92302d37db2c0dde32926e954404b4c8422e3f86,android-hw-a51-11-0-aarch64-shippable-qr,True,False,,|c|o|l|d| |w|e|b|r|e|n|d|e|r|,102210fe594ee9b33d82058545b1ed14f4c8206e,loadtime,imdb,True,imdb loadtime opt cold webrender,,77,ms,geckoview,,1800012019,2023-11-18T14:15:26,2962.7,2cf1b902ea75e1237bbd69eaf02c889bc2924d10,1334153
autoland,4375374,13,92302d37db2c0dde32926e954404b4c8422e3f86,android-hw-a51-11-0-aarch64-shippable-qr,True,False,,|c|o|l|d| |w|e|b|r|e|n|d|e|r|,102210fe594ee9b33d82058545b1ed14f4c8206e,loadtime,imdb,True,imdb loadtime opt cold webrender,,77,ms,geckoview,,1800012208,2023-11-18T14:15:26,2968.0,2cf1b902ea75e1237bbd69eaf02c889bc2924d10,1334153
autoland,4375374,13,92302d37db2c0dde32926e954404b4c8422e3f86,android-hw-a51-11-0-aarch64-shippable-qr,True,False,,|c|o|l|d| |w|e|b|r|e|n|d|e|r|,102210fe594ee9b33d82058545b1ed14f4c8206e,loadtime,imdb,True,imdb loadtime opt cold webrender,,77,ms,geckoview,,1800013284,2023-11-18T14:15:26,3077.8,2cf1b902ea75e1237bbd69eaf02c889bc2924d10,1334153
autoland,4375374,13,92302d37db2c0dde32926e954404b4c8422e3f86,android-hw-a51-11-0-aarch64-shippable-qr,True,False,,|c|o|l|d| |w|e|b|r|e|n|d|e|r|,102210fe594ee9b33d82058545b1ed14f4c8206e,loadtime,imdb,True,imdb loadtime opt cold webrender,,77,ms,geckoview,,1800015123,2023-11-18T14:15:26,2976.4,2cf1b902ea75e1237bbd69eaf02c889bc2924d10,1334153
autoland,4375374,13,92302d37db2c0dde32926e954404b4c8422e3f86,android-hw-a51-11-0-aarch64-shippable-qr,True,False,,|c|o|l|d| |w|e|b|r|e|n|d|e|r|,102210fe594ee9b33d82058545b1ed14f4c8206e,loadtime,imdb,True,imdb loadtime opt cold webrender,,77,ms,geckoview,,1800015148,2023-11-18T14:15:26,3445.0,2cf1b902ea75e1237bbd69eaf02c889bc2924d10,1334153
autoland,4375374,13,92302d37db2c0dde32926e954404b4c8422e3f86,android-hw-a51-11-0-aarch64-shippable-qr,True,False,,|c|o|l|d| |w|e|b|r|e|n|d|e|r|,102210fe594ee9b33d82058545b1ed14f4c8206e,loadtime,imdb,True,imdb loadtime opt cold webrender,,77,ms,geckoview,,1800014115,2023-11-18T14:15:26,2885.4,2cf1b902ea75e1237bbd69eaf02c889bc2924d10,1334153
autoland,4375374,13,92302d37db2c0dde32926e954404b4c8422e3f86,android-hw-a51-11-0-aarch64-shippable-qr,True,False,,|c|o|l|d| |w|e|b|r|e|n|d|e|r|,102210fe594ee9b33d82058545b1ed14f4c8206e,loadtime,imdb,True,imdb loadtime opt cold webrender,,77,ms,geckoview,,1800015509,2023-11-18T14:15:26,2946.9,2cf1b902ea75e1237bbd69eaf02c889bc2924d10,1334153
autoland,4375374,13,92302d37db2c0dde32926e954404b4c8422e3f86,android-hw-a51-11-0-aarch64-shippable-qr,True,False,,|c|o|l|d| |w|e|b|r|e|n|d|e|r|,102210fe594ee9b33d82058545b1ed14f4c8206e,loadtime,imdb,True,imdb loadtime opt cold webrender,,77,ms,geckoview,,1800015579,2023-11-18T14:15:26,2878.1,2cf1b902ea75e1237bbd69eaf02c889bc2924d10,1334153
autoland,4375374,13,92302d37db2c0dde32926e954404b4c8422e3f86,android-hw-a51-11-0-aarch64-shippable-qr,True,False,,|c|o|l|d| |w|e|b|r|e|n|d|e|r|,102210fe594ee9b33d82058545b1ed14f4c8206e,loadtime,imdb,True,imdb loadtime opt cold webrender,,77,ms,geckoview,,1796559021,2023-11-19T06:03:16,3044.2,98917be406eeca58f61d8aeaf62aa4cae5be2137,1334239
autoland,4375374,13,92302d37db2c0dde32926e954404b4c8422e3f86,android-hw-a51-11-0-aarch64-shippable-qr,True,False,,|c|o|l|d| |w|e|b|r|e|n|d|e|r|,102210fe594ee9b33d82058545b1ed14f4c8206e,loadtime,imdb,True,imdb loadtime opt cold webrender,,77,ms,geckoview,,1796634837,2023-11-19T11:10:53,2954.3,b403bb5b1c833d29961882402a090cf08f44c190,1334278
autoland,4375374,13,92302d37db2c0dde32926e954404b4c8422e3f86,android-hw-a51-11-0-aarch64-shippable-qr,True,False,,|c|o|l|d| |w|e|b|r|e|n|d|e|r|,102210fe594ee9b33d82058545b1ed14f4c8206e,loadtime,imdb,True,imdb loadtime opt cold webrender,,77,ms,geckoview,,1796691647,2023-11-19T15:28:11,2939.3,1044018d08bd15166ae94a05bf5299b0701f4109,1334290
autoland,4375374,13,92302d37db2c0dde32926e954404b4c8422e3f86,android-hw-a51-11-0-aarch64-shippable-qr,True,False,,|c|o|l|d| |w|e|b|r|e|n|d|e|r|,102210fe594ee9b33d82058545b1ed14f4c8206e,loadtime,imdb,True,imdb loadtime opt cold webrender,,77,ms,geckoview,,1796844171,2023-11-20T01:53:49,2995.1,73f60b8af6dadb15fb13d768baf6b4c3313d939b,1334371
autoland,4375374,13,92302d37db2c0dde32926e954404b4c8422e3f86,android-hw-a51-11-0-aarch64-shippable-qr,True,False,,|c|o|l|d| |w|e|b|r|e|n|d|e|r|,102210fe594ee9b33d82058545b1ed14f4c8206e,loadtime,imdb,True,imdb loadtime opt cold webrender,,77,ms,geckoview,,1797012519,2023-11-20T09:30:46,2976.7,86da25fdbc81a93ed888df6b8a9f7cc128fb9b5b,1334455
autoland,4375374,13,92302d37db2c0dde32926e954404b4c8422e3f86,android-hw-a51-11-0-aarch64-shippable-qr,True,False,,|c|o|l|d| |w|e|b|r|e|n|d|e|r|,102210fe594ee9b33d82058545b1ed14f4c8206e,loadtime,imdb,True,imdb loadtime opt cold webrender,,77,ms,geckoview,,1797118893,2023-11-20T12:44:46,2979.1,de35cb5de97565935b503eade2990b5c385c7293,1334619
autoland,4375374,13,92302d37db2c0dde32926e954404b4c8422e3f86,android-hw-a51-11-0-aarch64-shippable-qr,True,False,,|c|o|l|d| |w|e|b|r|e|n|d|e|r|,102210fe594ee9b33d82058545b1ed14f4c8206e,loadtime,imdb,True,imdb loadtime opt cold webrender,,77,ms,geckoview,,1797378337,2023-11-20T16:13:55,2982.7,f78453d754386d0000dae39e031b91b0d0c4b07f,1334757
autoland,4375374,13,92302d37db2c0dde32926e954404b4c8422e3f86,android-hw-a51-11-0-aarch64-shippable-qr,True,False,,|c|o|l|d| |w|e|b|r|e|n|d|e|r|,102210fe594ee9b33d82058545b1ed14f4c8206e,loadtime,imdb,True,imdb loadtime opt cold webrender,,77,ms,geckoview,,1797401060,2023-11-20T18:08:54,3016.3,a2089603188c4136890163ddd71b1d4e60e1c396,1334868
autoland,4375374,13,92302d37db2c0dde32926e954404b4c8422e3f86,android-hw-a51-11-0-aarch64-shippable-qr,True,False,,|c|o|l|d| |w|e|b|r|e|n|d|e|r|,102210fe594ee9b33d82058545b1ed14f4c8206e,loadtime,imdb,True,imdb loadtime opt cold webrender,,77,ms,geckoview,,1797588255,2023-11-20T23:09:27,3001.5,7b567ceeead73f84de62ab77b4b6c87450b347fa,1335119
autoland,4375374,13,92302d37db2c0dde32926e954404b4c8422e3f86,android-hw-a51-11-0-aarch64-shippable-qr,True,False,,|c|o|l|d| |w|e|b|r|e|n|d|e|r|,102210fe594ee9b33d82058545b1ed14f4c8206e,loadtime,imdb,True,imdb loadtime opt cold webrender,,77,ms,geckoview,,1797668383,2023-11-21T01:49:39,3244.2,b9fe9a49496aa38ca77c335f20236610ef01a582,1335206
autoland,4375374,13,92302d37db2c0dde32926e954404b4c8422e3f86,android-hw-a51-11-0-aarch64-shippable-qr,True,False,,|c|o|l|d| |w|e|b|r|e|n|d|e|r|,102210fe594ee9b33d82058545b1ed14f4c8206e,loadtime,imdb,True,imdb loadtime opt cold webrender,,77,ms,geckoview,,1797813121,2023-11-21T08:38:33,2924.2,fddad0a59b2d028b2147493bf9ba8cc953d9e3eb,1335289
autoland,4375374,13,92302d37db2c0dde32926e954404b4c8422e3f86,android-hw-a51-11-0-aarch64-shippable-qr,True,False,,|c|o|l|d| |w|e|b|r|e|n|d|e|r|,102210fe594ee9b33d82058545b1ed14f4c8206e,loadtime,imdb,True,imdb loadtime opt cold webrender,,77,ms,geckoview,,1797952092,2023-11-21T12:15:20,3303.2,1ff1d467cb8d49467127613245f448026cd7df9e,1335466
autoland,4375374,13,92302d37db2c0dde32926e954404b4c8422e3f86,android-hw-a51-11-0-aarch64-shippable-qr,True,False,,|c|o|l|d| |w|e|b|r|e|n|d|e|r|,102210fe594ee9b33d82058545b1ed14f4c8206e,loadtime,imdb,True,imdb loadtime opt cold webrender,,77,ms,geckoview,,1798305068,2023-11-21T17:01:46,2995.9,cbc5eb28277f8e6d60fede93a822ede9eb7f01a5,1335682
autoland,4375374,13,92302d37db2c0dde32926e954404b4c8422e3f86,android-hw-a51-11-0-aarch64-shippable-qr,True,False,,|c|o|l|d| |w|e|b|r|e|n|d|e|r|,102210fe594ee9b33d82058545b1ed14f4c8206e,loadtime,imdb,True,imdb loadtime opt cold webrender,,77,ms,geckoview,,1798376108,2023-11-21T21:47:24,2866.0,62f686461927825493253d0f82a43804b3eddf71,1335911
autoland,4375374,13,92302d37db2c0dde32926e954404b4c8422e3f86,android-hw-a51-11-0-aarch64-shippable-qr,True,False,,|c|o|l|d| |w|e|b|r|e|n|d|e|r|,102210fe594ee9b33d82058545b1ed14f4c8206e,loadtime,imdb,True,imdb loadtime opt cold webrender,,77,ms,geckoview,,1798423977,2023-11-21T21:50:11,3010.6,ef0b50d89a7f6107932087c2c1adc2f6fd9ab06a,1335914
autoland,4375374,13,92302d37db2c0dde32926e954404b4c8422e3f86,android-hw-a51-11-0-aarch64-shippable-qr,True,False,,|c|o|l|d| |w|e|b|r|e|n|d|e|r|,102210fe594ee9b33d82058545b1ed14f4c8206e,loadtime,imdb,True,imdb loadtime opt cold webrender,,77,ms,geckoview,,1798434553,2023-11-22T01:56:32,3019.0,7dc6122ebd68b46a9d4320c40c86f20c2b78984a,1336017
autoland,4375374,13,92302d37db2c0dde32926e954404b4c8422e3f86,android-hw-a51-11-0-aarch64-shippable-qr,True,False,,|c|o|l|d| |w|e|b|r|e|n|d|e|r|,102210fe594ee9b33d82058545b1ed14f4c8206e,loadtime,imdb,True,imdb loadtime opt cold webrender,,77,ms,geckoview,,1798462349,2023-11-22T05:59:37,2910.4,ed20a8b98a8f2d8593dbbbd9b5df993e3e91433f,1336060
autoland,4375374,13,92302d37db2c0dde32926e954404b4c8422e3f86,android-hw-a51-11-0-aarch64-shippable-qr,True,False,,|c|o|l|d| |w|e|b|r|e|n|d|e|r|,102210fe594ee9b33d82058545b1ed14f4c8206e,loadtime,imdb,True,imdb loadtime opt cold webrender,,77,ms,geckoview,,1798506894,2023-11-22T07:16:13,2947.9,0222787eb3244ffb2e62210f697d039bdef46036,1336076
autoland,4375374,13,92302d37db2c0dde32926e954404b4c8422e3f86,android-hw-a51-11-0-aarch64-shippable-qr,True,False,,|c|o|l|d| |w|e|b|r|e|n|d|e|r|,102210fe594ee9b33d82058545b1ed14f4c8206e,loadtime,imdb,True,imdb loadtime opt cold webrender,,77,ms,geckoview,,1798826867,2023-11-22T13:00:34,2988.0,b90083f581e182455cf23aaacb125b728b3ccb32,1336296
autoland,4375374,13,92302d37db2c0dde32926e954404b4c8422e3f86,android-hw-a51-11-0-aarch64-shippable-qr,True,False,,|c|o|l|d| |w|e|b|r|e|n|d|e|r|,102210fe594ee9b33d82058545b1ed14f4c8206e,loadtime,imdb,True,imdb loadtime opt cold webrender,,77,ms,geckoview,,1798941935,2023-11-22T16:22:37,3258.5,f4fae08660c1f3323af7bdef3ed152a3d34bc751,1336410
autoland,4375374,13,92302d37db2c0dde32926e954404b4c8422e3f86,android-hw-a51-11-0-aarch64-shippable-qr,True,False,,|c|o|l|d| |w|e|b|r|e|n|d|e|r|,102210fe594ee9b33d82058545b1ed14f4c8206e,loadtime,imdb,True,imdb loadtime opt cold webrender,,77,ms,geckoview,,1799005656,2023-11-22T19:14:54,3067.7,bcdbc1e5d9a7c0fea2fcdc91ab0eebe908b34ece,1336555
autoland,4375374,13,92302d37db2c0dde32926e954404b4c8422e3f86,android-hw-a51-11-0-aarch64-shippable-qr,True,False,,|c|o|l|d| |w|e|b|r|e|n|d|e|r|,102210fe594ee9b33d82058545b1ed14f4c8206e,loadtime,imdb,True,imdb loadtime opt cold webrender,,77,ms,geckoview,,1799153997,2023-11-22T23:02:09,2890.3,3122924cd341ff55738fd6a06d4bd708010c15e4,1336681
autoland,4375374,13,92302d37db2c0dde32926e954404b4c8422e3f86,android-hw-a51-11-0-aarch64-shippable-qr,True,False,,|c|o|l|d| |w|e|b|r|e|n|d|e|r|,102210fe594ee9b33d82058545b1ed14f4c8206e,loadtime,imdb,True,imdb loadtime opt cold webrender,,77,ms,geckoview,,1799396785,2023-11-23T04:10:29,2991.7,8366d9b1b0ca63aa3b706dd53ce23f052221c11b,1336756
autoland,4375374,13,92302d37db2c0dde32926e954404b4c8422e3f86,android-hw-a51-11-0-aarch64-shippable-qr,True,False,,|c|o|l|d| |w|e|b|r|e|n|d|e|r|,102210fe594ee9b33d82058545b1ed14f4c8206e,loadtime,imdb,True,imdb loadtime opt cold webrender,,77,ms,geckoview,,1799510102,2023-11-23T08:19:48,3003.4,023a5c518562ad97c805915ae5addfcad59d1223,1336795
autoland,4375374,13,92302d37db2c0dde32926e954404b4c8422e3f86,android-hw-a51-11-0-aarch64-shippable-qr,True,False,,|c|o|l|d| |w|e|b|r|e|n|d|e|r|,102210fe594ee9b33d82058545b1ed14f4c8206e,loadtime,imdb,True,imdb loadtime opt cold webrender,,77,ms,geckoview,,1799602463,2023-11-23T10:10:14,2932.2,7392664630b156e348b2a77aef6fdd70004c9b47,1336839
autoland,4375374,13,92302d37db2c0dde32926e954404b4c8422e3f86,android-hw-a51-11-0-aarch64-shippable-qr,True,False,,|c|o|l|d| |w|e|b|r|e|n|d|e|r|,102210fe594ee9b33d82058545b1ed14f4c8206e,loadtime,imdb,True,imdb loadtime opt cold webrender,,77,ms,geckoview,,1800024412,2023-11-23T15:57:23,3020.3,872aa271adfdb73a79c09de279f0001bf419850c,1337066
autoland,4375374,13,92302d37db2c0dde32926e954404b4c8422e3f86,android-hw-a51-11-0-aarch64-shippable-qr,True,False,,|c|o|l|d| |w|e|b|r|e|n|d|e|r|,102210fe594ee9b33d82058545b1ed14f4c8206e,loadtime,imdb,True,imdb loadtime opt cold webrender,,77,ms,geckoview,,1800039839,2023-11-23T19:58:47,2983.1,180501fca2278e97c30e09ab097da1cb514f5ca1,1337231
autoland,4375374,13,92302d37db2c0dde32926e954404b4c8422e3f86,android-hw-a51-11-0-aarch64-shippable-qr,True,False,,|c|o|l|d| |w|e|b|r|e|n|d|e|r|,102210fe594ee9b33d82058545b1ed14f4c8206e,loadtime,imdb,True,imdb loadtime opt cold webrender,,77,ms,geckoview,,1800053486,2023-11-23T23:50:52,2931.6,29d489a7e05adef3300e076dd1c46d14928ddf24,1337321
autoland,4375374,13,92302d37db2c0dde32926e954404b4c8422e3f86,android-hw-a51-11-0-aarch64-shippable-qr,True,False,,|c|o|l|d| |w|e|b|r|e|n|d|e|r|,102210fe594ee9b33d82058545b1ed14f4c8206e,loadtime,imdb,True,imdb loadtime opt cold webrender,,77,ms,geckoview,,1800217136,2023-11-24T05:36:58,3023.7,dbd1a6aef0a74dc60875a4904d9eddb5ca9afbb7,1337356
autoland,4375374,13,92302d37db2c0dde32926e954404b4c8422e3f86,android-hw-a51-11-0-aarch64-shippable-qr,True,False,,|c|o|l|d| |w|e|b|r|e|n|d|e|r|,102210fe594ee9b33d82058545b1ed14f4c8206e,loadtime,imdb,True,imdb loadtime opt cold webrender,,77,ms,geckoview,,1800476936,2023-11-24T09:28:03,3027.5,8bec1f302a76929843c944e27b75ddcbf1f21954,1337436
autoland,4375374,13,92302d37db2c0dde32926e954404b4c8422e3f86,android-hw-a51-11-0-aarch64-shippable-qr,True,False,,|c|o|l|d| |w|e|b|r|e|n|d|e|r|,102210fe594ee9b33d82058545b1ed14f4c8206e,loadtime,imdb,True,imdb loadtime opt cold webrender,,77,ms,geckoview,,1800710409,2023-11-24T13:31:32,2964.0,1e01aa4b558aff87267a6384c318e6963b66a0d8,1337559
autoland,4375374,13,92302d37db2c0dde32926e954404b4c8422e3f86,android-hw-a51-11-0-aarch64-shippable-qr,True,False,,|c|o|l|d| |w|e|b|r|e|n|d|e|r|,102210fe594ee9b33d82058545b1ed14f4c8206e,loadtime,imdb,True,imdb loadtime opt cold webrender,,77,ms,geckoview,,1800716900,2023-11-24T14:07:25,2909.4,6354cfb105a6c9a46216d5c8ea95ee463892366e,1337582
autoland,4375374,13,92302d37db2c0dde32926e954404b4c8422e3f86,android-hw-a51-11-0-aarch64-shippable-qr,True,False,,|c|o|l|d| |w|e|b|r|e|n|d|e|r|,102210fe594ee9b33d82058545b1ed14f4c8206e,loadtime,imdb,True,imdb loadtime opt cold webrender,,77,ms,geckoview,,1800757260,2023-11-24T21:54:25,2986.4,8875acba4f482b90d60501b953fb4530b361bd8f,1337760
autoland,4375374,13,92302d37db2c0dde32926e954404b4c8422e3f86,android-hw-a51-11-0-aarch64-shippable-qr,True,False,,|c|o|l|d| |w|e|b|r|e|n|d|e|r|,102210fe594ee9b33d82058545b1ed14f4c8206e,loadtime,imdb,True,imdb loadtime opt cold webrender,,77,ms,geckoview,,1800762689,2023-11-25T04:13:26,2935.1,a137631f73ce188671f50c5225295d64d427fec2,1337799
autoland,4375374,13,92302d37db2c0dde32926e954404b4c8422e3f86,android-hw-a51-11-0-aarch64-shippable-qr,True,False,,|c|o|l|d| |w|e|b|r|e|n|d|e|r|,102210fe594ee9b33d82058545b1ed14f4c8206e,loadtime,imdb,True,imdb loadtime opt cold webrender,,77,ms,geckoview,,1800838727,2023-11-25T09:26:54,2986.2,860c52f225fa7410ed4a4bf3bd0eb0846483e08d,1337840
autoland,4375374,13,92302d37db2c0dde32926e954404b4c8422e3f86,android-hw-a51-11-0-aarch64-shippable-qr,True,False,,|c|o|l|d| |w|e|b|r|e|n|d|e|r|,102210fe594ee9b33d82058545b1ed14f4c8206e,loadtime,imdb,True,imdb loadtime opt cold webrender,,77,ms,geckoview,,1800898794,2023-11-25T14:41:03,3048.4,2ff68fa9f49916065f4ebb7a74c0940bf425f396,1337869
autoland,4375374,13,92302d37db2c0dde32926e954404b4c8422e3f86,android-hw-a51-11-0-aarch64-shippable-qr,True,False,,|c|o|l|d| |w|e|b|r|e|n|d|e|r|,102210fe594ee9b33d82058545b1ed14f4c8206e,loadtime,imdb,True,imdb loadtime opt cold webrender,,77,ms,geckoview,,1801024809,2023-11-26T15:57:31,2940.7,0cd5e7d76f8ac3e26423c36c9d06f91a310dab45,1337946
autoland,4375374,13,92302d37db2c0dde32926e954404b4c8422e3f86,android-hw-a51-11-0-aarch64-shippable-qr,True,False,,|c|o|l|d| |w|e|b|r|e|n|d|e|r|,102210fe594ee9b33d82058545b1ed14f4c8206e,loadtime,imdb,True,imdb loadtime opt cold webrender,,77,ms,geckoview,,1801043407,2023-11-26T18:39:37,2920.9,ffaaa99c517223770b014031e25b54d585f95ef2,1337950
autoland,4375374,13,92302d37db2c0dde32926e954404b4c8422e3f86,android-hw-a51-11-0-aarch64-shippable-qr,True,False,,|c|o|l|d| |w|e|b|r|e|n|d|e|r|,102210fe594ee9b33d82058545b1ed14f4c8206e,loadtime,imdb,True,imdb loadtime opt cold webrender,,77,ms,geckoview,,1801196258,2023-11-27T01:49:37,2881.7,edf9292c0bc9c671afa4de12648c16622e9d418c,1337984
autoland,4375374,13,92302d37db2c0dde32926e954404b4c8422e3f86,android-hw-a51-11-0-aarch64-shippable-qr,True,False,,|c|o|l|d| |w|e|b|r|e|n|d|e|r|,102210fe594ee9b33d82058545b1ed14f4c8206e,loadtime,imdb,True,imdb loadtime opt cold webrender,,77,ms,geckoview,,1801630792,2023-11-27T10:22:36,2947.7,c1a92ff5b44e8a296b847ed428ebeec04f7f8f72,1338085
autoland,4375374,13,92302d37db2c0dde32926e954404b4c8422e3f86,android-hw-a51-11-0-aarch64-shippable-qr,True,False,,|c|o|l|d| |w|e|b|r|e|n|d|e|r|,102210fe594ee9b33d82058545b1ed14f4c8206e,loadtime,imdb,True,imdb loadtime opt cold webrender,,77,ms,geckoview,,1801802489,2023-11-27T14:05:43,5080.6,9ca2bcf6799b1a5f71d2d58db26f6b6c16a90427,1338215
autoland,4375374,13,92302d37db2c0dde32926e954404b4c8422e3f86,android-hw-a51-11-0-aarch64-shippable-qr,True,False,,|c|o|l|d| |w|e|b|r|e|n|d|e|r|,102210fe594ee9b33d82058545b1ed14f4c8206e,loadtime,imdb,True,imdb loadtime opt cold webrender,,77,ms,geckoview,,1801848807,2023-11-27T17:34:20,2947.9,6aa54d6d7cbf1a46e62c6765c489a940322b6bca,1338399
autoland,4375374,13,92302d37db2c0dde32926e954404b4c8422e3f86,android-hw-a51-11-0-aarch64-shippable-qr,True,False,,|c|o|l|d| |w|e|b|r|e|n|d|e|r|,102210fe594ee9b33d82058545b1ed14f4c8206e,loadtime,imdb,True,imdb loadtime opt cold webrender,,77,ms,geckoview,,1801890125,2023-11-28T05:10:16,2956.2,fbcb2af38cdaecde2b2da1efc0fc49b82fa9749e,1338781
autoland,4375374,13,92302d37db2c0dde32926e954404b4c8422e3f86,android-hw-a51-11-0-aarch64-shippable-qr,True,False,,|c|o|l|d| |w|e|b|r|e|n|d|e|r|,102210fe594ee9b33d82058545b1ed14f4c8206e,loadtime,imdb,True,imdb loadtime opt cold webrender,,77,ms,geckoview,,1802006969,2023-11-28T08:42:21,2955.7,785b3d438fe5a8cba4caf5f4a2ed7250d324096c,1338855
autoland,4375374,13,92302d37db2c0dde32926e954404b4c8422e3f86,android-hw-a51-11-0-aarch64-shippable-qr,True,False,,|c|o|l|d| |w|e|b|r|e|n|d|e|r|,102210fe594ee9b33d82058545b1ed14f4c8206e,loadtime,imdb,True,imdb loadtime opt cold webrender,,77,ms,geckoview,,1802136426,2023-11-28T13:17:34,2965.5,1957c4453ab1dfba8b7820dbf2fe772220e6eedc,1339007
autoland,4375374,13,92302d37db2c0dde32926e954404b4c8422e3f86,android-hw-a51-11-0-aarch64-shippable-qr,True,False,,|c|o|l|d| |w|e|b|r|e|n|d|e|r|,102210fe594ee9b33d82058545b1ed14f4c8206e,loadtime,imdb,True,imdb loadtime opt cold webrender,,77,ms,geckoview,,1802254092,2023-11-28T14:12:32,2903.6,0745c3e29ba3856c91cbae74bd41d2135137bfd0,1339043
autoland,4375374,13,92302d37db2c0dde32926e954404b4c8422e3f86,android-hw-a51-11-0-aarch64-shippable-qr,True,False,,|c|o|l|d| |w|e|b|r|e|n|d|e|r|,102210fe594ee9b33d82058545b1ed14f4c8206e,loadtime,imdb,True,imdb loadtime opt cold webrender,,77,ms,geckoview,,1802362476,2023-11-28T17:36:07,2929.4,691b7e1a899214d8685841da762bd2b2415fa569,1339183
autoland,4375374,13,92302d37db2c0dde32926e954404b4c8422e3f86,android-hw-a51-11-0-aarch64-shippable-qr,True,False,,|c|o|l|d| |w|e|b|r|e|n|d|e|r|,102210fe594ee9b33d82058545b1ed14f4c8206e,loadtime,imdb,True,imdb loadtime opt cold webrender,,77,ms,geckoview,,1802489274,2023-11-28T21:29:24,3026.3,000fea3a9ed37b16c009c76e8af859a50c9234dc,1339366
autoland,4375374,13,92302d37db2c0dde32926e954404b4c8422e3f86,android-hw-a51-11-0-aarch64-shippable-qr,True,False,,|c|o|l|d| |w|e|b|r|e|n|d|e|r|,102210fe594ee9b33d82058545b1ed14f4c8206e,loadtime,imdb,True,imdb loadtime opt cold webrender,,77,ms,geckoview,,1802589135,2023-11-29T01:28:26,2916.9,a162f6ee0eef32a68c73ddb77aa04efda3afeb7c,1339520
autoland,4375374,13,92302d37db2c0dde32926e954404b4c8422e3f86,android-hw-a51-11-0-aarch64-shippable-qr,True,False,,|c|o|l|d| |w|e|b|r|e|n|d|e|r|,102210fe594ee9b33d82058545b1ed14f4c8206e,loadtime,imdb,True,imdb loadtime opt cold webrender,,77,ms,geckoview,,1802748650,2023-11-29T06:56:45,3243.4,b675f0a9e569a63bedb249150a2be6b3e15197f9,1339623
autoland,4375374,13,92302d37db2c0dde32926e954404b4c8422e3f86,android-hw-a51-11-0-aarch64-shippable-qr,True,False,,|c|o|l|d| |w|e|b|r|e|n|d|e|r|,102210fe594ee9b33d82058545b1ed14f4c8206e,loadtime,imdb,True,imdb loadtime opt cold webrender,,77,ms,geckoview,,1802861627,2023-11-29T09:02:39,2991.2,66c2fb78dfe25ce9af21d0e1dd82f62dbb5da53f,1339662
autoland,4375374,13,92302d37db2c0dde32926e954404b4c8422e3f86,android-hw-a51-11-0-aarch64-shippable-qr,True,False,,|c|o|l|d| |w|e|b|r|e|n|d|e|r|,102210fe594ee9b33d82058545b1ed14f4c8206e,loadtime,imdb,True,imdb loadtime opt cold webrender,,77,ms,geckoview,,1802938866,2023-11-29T13:11:23,2901.2,be2b109ddbb7f38c98c25b3c79c036f6f06f81fb,1339776
autoland,4375374,13,92302d37db2c0dde32926e954404b4c8422e3f86,android-hw-a51-11-0-aarch64-shippable-qr,True,False,,|c|o|l|d| |w|e|b|r|e|n|d|e|r|,102210fe594ee9b33d82058545b1ed14f4c8206e,loadtime,imdb,True,imdb loadtime opt cold webrender,,77,ms,geckoview,,1803106156,2023-11-29T17:15:33,2934.0,0008fcc93b9b4a6aa22e3abf1888be08024320e9,1339929
autoland,4375374,13,92302d37db2c0dde32926e954404b4c8422e3f86,android-hw-a51-11-0-aarch64-shippable-qr,True,False,,|c|o|l|d| |w|e|b|r|e|n|d|e|r|,102210fe594ee9b33d82058545b1ed14f4c8206e,loadtime,imdb,True,imdb loadtime opt cold webrender,,77,ms,geckoview,,1803266075,2023-11-29T22:52:27,2878.8,65a0553b296ae1432e5d18c3d2d607cacbb0a35e,1340166
autoland,4375374,13,92302d37db2c0dde32926e954404b4c8422e3f86,android-hw-a51-11-0-aarch64-shippable-qr,True,False,,|c|o|l|d| |w|e|b|r|e|n|d|e|r|,102210fe594ee9b33d82058545b1ed14f4c8206e,loadtime,imdb,True,imdb loadtime opt cold webrender,,77,ms,geckoview,,1803282429,2023-11-29T22:59:56,2921.1,4bbe309179a5869e893e8f9ed2b110ef00ccec95,1340178
autoland,4375374,13,92302d37db2c0dde32926e954404b4c8422e3f86,android-hw-a51-11-0-aarch64-shippable-qr,True,False,,|c|o|l|d| |w|e|b|r|e|n|d|e|r|,102210fe594ee9b33d82058545b1ed14f4c8206e,loadtime,imdb,True,imdb loadtime opt cold webrender,,77,ms,geckoview,,1803425537,2023-11-30T04:33:01,2932.2,556c8b22cbbbcc165c42b2c52ebdfd01be3cee6b,1340302
autoland,4375374,13,92302d37db2c0dde32926e954404b4c8422e3f86,android-hw-a51-11-0-aarch64-shippable-qr,True,False,,|c|o|l|d| |w|e|b|r|e|n|d|e|r|,102210fe594ee9b33d82058545b1ed14f4c8206e,loadtime,imdb,True,imdb loadtime opt cold webrender,,77,ms,geckoview,,1803440001,2023-11-30T04:50:42,2934.3,423046d6c3a5eee3ab51f25a3ab7b836b64d0d30,1340324
autoland,4375374,13,92302d37db2c0dde32926e954404b4c8422e3f86,android-hw-a51-11-0-aarch64-shippable-qr,True,False,,|c|o|l|d| |w|e|b|r|e|n|d|e|r|,102210fe594ee9b33d82058545b1ed14f4c8206e,loadtime,imdb,True,imdb loadtime opt cold webrender,,77,ms,geckoview,,1803540261,2023-11-30T08:51:25,2909.8,43fc350794aaccc50748bce9b965590d842ef9ac,1340399
autoland,4375374,13,92302d37db2c0dde32926e954404b4c8422e3f86,android-hw-a51-11-0-aarch64-shippable-qr,True,False,,|c|o|l|d| |w|e|b|r|e|n|d|e|r|,102210fe594ee9b33d82058545b1ed14f4c8206e,loadtime,imdb,True,imdb loadtime opt cold webrender,,77,ms,geckoview,,1803571598,2023-11-30T08:52:22,2933.8,b33dd40c7ea956e89c10d4e8a54f9e869a431b64,1340400
autoland,4375374,13,92302d37db2c0dde32926e954404b4c8422e3f86,android-hw-a51-11-0-aarch64-shippable-qr,True,False,,|c|o|l|d| |w|e|b|r|e|n|d|e|r|,102210fe594ee9b33d82058545b1ed14f4c8206e,loadtime,imdb,True,imdb loadtime opt cold webrender,,77,ms,geckoview,,1803839253,2023-11-30T13:07:37,2973.2,120432262a8cb73f69c8d683b4ddec3a037cbd91,1340520
autoland,4375374,13,92302d37db2c0dde32926e954404b4c8422e3f86,android-hw-a51-11-0-aarch64-shippable-qr,True,False,,|c|o|l|d| |w|e|b|r|e|n|d|e|r|,102210fe594ee9b33d82058545b1ed14f4c8206e,loadtime,imdb,True,imdb loadtime opt cold webrender,,77,ms,geckoview,,1803859630,2023-11-30T13:51:04,2912.4,1d1fb9d5a4974d94e8c317f226c962fd351eae27,1340541
autoland,4375374,13,92302d37db2c0dde32926e954404b4c8422e3f86,android-hw-a51-11-0-aarch64-shippable-qr,True,False,,|c|o|l|d| |w|e|b|r|e|n|d|e|r|,102210fe594ee9b33d82058545b1ed14f4c8206e,loadtime,imdb,True,imdb loadtime opt cold webrender,,77,ms,geckoview,,1803945725,2023-11-30T17:04:12,2941.1,3ec1ddf45e5a6562bd1d81fe4144541880bf3a24,1340716
autoland,4375374,13,92302d37db2c0dde32926e954404b4c8422e3f86,android-hw-a51-11-0-aarch64-shippable-qr,True,False,,|c|o|l|d| |w|e|b|r|e|n|d|e|r|,102210fe594ee9b33d82058545b1ed14f4c8206e,loadtime,imdb,True,imdb loadtime opt cold webrender,,77,ms,geckoview,,1803968243,2023-11-30T20:20:14,2896.2,620e49ab6438e8c933133e9b4eb7a11188514a70,1340881
autoland,4375374,13,92302d37db2c0dde32926e954404b4c8422e3f86,android-hw-a51-11-0-aarch64-shippable-qr,True,False,,|c|o|l|d| |w|e|b|r|e|n|d|e|r|,102210fe594ee9b33d82058545b1ed14f4c8206e,loadtime,imdb,True,imdb loadtime opt cold webrender,,77,ms,geckoview,,1804017927,2023-11-30T22:54:04,2854.2,68378d2409bc693ef00f3f157ecaea7067df7edc,1340995
autoland,4375374,13,92302d37db2c0dde32926e954404b4c8422e3f86,android-hw-a51-11-0-aarch64-shippable-qr,True,False,,|c|o|l|d| |w|e|b|r|e|n|d|e|r|,102210fe594ee9b33d82058545b1ed14f4c8206e,loadtime,imdb,True,imdb loadtime opt cold webrender,,77,ms,geckoview,,1804160224,2023-12-01T03:29:20,2966.2,a1795b069cc23fbcb93366d99b3ddfb8664f054c,1341103
autoland,4375374,13,92302d37db2c0dde32926e954404b4c8422e3f86,android-hw-a51-11-0-aarch64-shippable-qr,True,False,,|c|o|l|d| |w|e|b|r|e|n|d|e|r|,102210fe594ee9b33d82058545b1ed14f4c8206e,loadtime,imdb,True,imdb loadtime opt cold webrender,,77,ms,geckoview,,1804236224,2023-12-01T07:13:54,3006.6,81869d55a8d7b3d1d573810ab4e99f63cbe11a8a,1341156
autoland,4375374,13,92302d37db2c0dde32926e954404b4c8422e3f86,android-hw-a51-11-0-aarch64-shippable-qr,True,False,,|c|o|l|d| |w|e|b|r|e|n|d|e|r|,102210fe594ee9b33d82058545b1ed14f4c8206e,loadtime,imdb,True,imdb loadtime opt cold webrender,,77,ms,geckoview,,1804380118,2023-12-01T11:47:02,2982.6,7440634a33a31738fc145eeac0bb47bc73fc64a0,1341285
autoland,4375374,13,92302d37db2c0dde32926e954404b4c8422e3f86,android-hw-a51-11-0-aarch64-shippable-qr,True,False,,|c|o|l|d| |w|e|b|r|e|n|d|e|r|,102210fe594ee9b33d82058545b1ed14f4c8206e,loadtime,imdb,True,imdb loadtime opt cold webrender,,77,ms,geckoview,,1804419539,2023-12-01T14:17:01,2903.9,22b9561cfef1c56a9940f5117d7ff6a754861629,1341402
autoland,4375374,13,92302d37db2c0dde32926e954404b4c8422e3f86,android-hw-a51-11-0-aarch64-shippable-qr,True,False,,|c|o|l|d| |w|e|b|r|e|n|d|e|r|,102210fe594ee9b33d82058545b1ed14f4c8206e,loadtime,imdb,True,imdb loadtime opt cold webrender,,77,ms,geckoview,,1804540842,2023-12-01T17:28:20,2988.9,efe09552a4d3540f0639e50d023f74997921fa37,1341534
autoland,4375374,13,92302d37db2c0dde32926e954404b4c8422e3f86,android-hw-a51-11-0-aarch64-shippable-qr,True,False,,|c|o|l|d| |w|e|b|r|e|n|d|e|r|,102210fe594ee9b33d82058545b1ed14f4c8206e,loadtime,imdb,True,imdb loadtime opt cold webrender,,77,ms,geckoview,,1804637312,2023-12-01T20:34:55,3022.2,a5a9381a759e44485d639727614ceb2b77851c90,1341661
autoland,4375374,13,92302d37db2c0dde32926e954404b4c8422e3f86,android-hw-a51-11-0-aarch64-shippable-qr,True,False,,|c|o|l|d| |w|e|b|r|e|n|d|e|r|,102210fe594ee9b33d82058545b1ed14f4c8206e,loadtime,imdb,True,imdb loadtime opt cold webrender,,77,ms,geckoview,,1804731850,2023-12-02T01:52:53,2938.1,bf4c1083cec10076ccbf07f2cfc3e18b04d0bf72,1341816
autoland,4375374,13,92302d37db2c0dde32926e954404b4c8422e3f86,android-hw-a51-11-0-aarch64-shippable-qr,True,False,,|c|o|l|d| |w|e|b|r|e|n|d|e|r|,102210fe594ee9b33d82058545b1ed14f4c8206e,loadtime,imdb,True,imdb loadtime opt cold webrender,,77,ms,geckoview,,1804860942,2023-12-02T08:10:23,2849.5,965cddb8421900af69da86a586e617bf7dec3b56,1341832
autoland,4375374,13,92302d37db2c0dde32926e954404b4c8422e3f86,android-hw-a51-11-0-aarch64-shippable-qr,True,False,,|c|o|l|d| |w|e|b|r|e|n|d|e|r|,102210fe594ee9b33d82058545b1ed14f4c8206e,loadtime,imdb,True,imdb loadtime opt cold webrender,,77,ms,geckoview,,1804999826,2023-12-02T14:39:28,2971.2,2d582fee4916ee442de05970cc77f7be702c22a2,1341863
autoland,4375374,13,92302d37db2c0dde32926e954404b4c8422e3f86,android-hw-a51-11-0-aarch64-shippable-qr,True,False,,|c|o|l|d| |w|e|b|r|e|n|d|e|r|,102210fe594ee9b33d82058545b1ed14f4c8206e,loadtime,imdb,True,imdb loadtime opt cold webrender,,77,ms,geckoview,,1805027693,2023-12-02T18:55:31,2846.3,d5a2cb7b9272b5c9cdfe4a0397c570ce5f9260bf,1341891
autoland,4375374,13,92302d37db2c0dde32926e954404b4c8422e3f86,android-hw-a51-11-0-aarch64-shippable-qr,True,False,,|c|o|l|d| |w|e|b|r|e|n|d|e|r|,102210fe594ee9b33d82058545b1ed14f4c8206e,loadtime,imdb,True,imdb loadtime opt cold webrender,,77,ms,geckoview,,1805082082,2023-12-03T00:49:27,2959.9,fe75ab906c798b6697934b3789355dceb5748966,1341930
autoland,4375374,13,92302d37db2c0dde32926e954404b4c8422e3f86,android-hw-a51-11-0-aarch64-shippable-qr,True,False,,|c|o|l|d| |w|e|b|r|e|n|d|e|r|,102210fe594ee9b33d82058545b1ed14f4c8206e,loadtime,imdb,True,imdb loadtime opt cold webrender,,77,ms,geckoview,,1805119334,2023-12-03T05:05:07,2923.0,8e959a7ded5f111e711c06a6728f76d3bd660699,1341942
autoland,4375374,13,92302d37db2c0dde32926e954404b4c8422e3f86,android-hw-a51-11-0-aarch64-shippable-qr,True,False,,|c|o|l|d| |w|e|b|r|e|n|d|e|r|,102210fe594ee9b33d82058545b1ed14f4c8206e,loadtime,imdb,True,imdb loadtime opt cold webrender,,77,ms,geckoview,,1805221116,2023-12-03T10:45:57,2878.4,5d84c395021682cc2af1bf5da98c205cfbc32f76,1341997
autoland,4375374,13,92302d37db2c0dde32926e954404b4c8422e3f86,android-hw-a51-11-0-aarch64-shippable-qr,True,False,,|c|o|l|d| |w|e|b|r|e|n|d|e|r|,102210fe594ee9b33d82058545b1ed14f4c8206e,loadtime,imdb,True,imdb loadtime opt cold webrender,,77,ms,geckoview,,1805247071,2023-12-03T12:21:22,2981.7,3445cc3f842050a3cdfc4da74ce254df933f7e7b,1342011
autoland,4375374,13,92302d37db2c0dde32926e954404b4c8422e3f86,android-hw-a51-11-0-aarch64-shippable-qr,True,False,,|c|o|l|d| |w|e|b|r|e|n|d|e|r|,102210fe594ee9b33d82058545b1ed14f4c8206e,loadtime,imdb,True,imdb loadtime opt cold webrender,,77,ms,geckoview,,1805302576,2023-12-03T18:05:44,2965.9,8038f0b90bbd46dcb74eaaddf1fd1c6871dc4426,1342033
autoland,4375374,13,92302d37db2c0dde32926e954404b4c8422e3f86,android-hw-a51-11-0-aarch64-shippable-qr,True,False,,|c|o|l|d| |w|e|b|r|e|n|d|e|r|,102210fe594ee9b33d82058545b1ed14f4c8206e,loadtime,imdb,True,imdb loadtime opt cold webrender,,77,ms,geckoview,,1805414772,2023-12-04T01:54:51,2948.4,369922cc5c4efad6c87b13600325eb5a989cde81,1342108
autoland,4375374,13,92302d37db2c0dde32926e954404b4c8422e3f86,android-hw-a51-11-0-aarch64-shippable-qr,True,False,,|c|o|l|d| |w|e|b|r|e|n|d|e|r|,102210fe594ee9b33d82058545b1ed14f4c8206e,loadtime,imdb,True,imdb loadtime opt cold webrender,,77,ms,geckoview,,1805660615,2023-12-04T11:05:28,2908.9,223106736a61f5cc112b0cc9d38ab1f63e034f89,1342238
autoland,4375374,13,92302d37db2c0dde32926e954404b4c8422e3f86,android-hw-a51-11-0-aarch64-shippable-qr,True,False,,|c|o|l|d| |w|e|b|r|e|n|d|e|r|,102210fe594ee9b33d82058545b1ed14f4c8206e,loadtime,imdb,True,imdb loadtime opt cold webrender,,77,ms,geckoview,,1805660428,2023-12-04T11:06:23,2966.8,20b709d0fa5633c408dd900f830b09af96c0465d,1342240
autoland,4375374,13,92302d37db2c0dde32926e954404b4c8422e3f86,android-hw-a51-11-0-aarch64-shippable-qr,True,False,,|c|o|l|d| |w|e|b|r|e|n|d|e|r|,102210fe594ee9b33d82058545b1ed14f4c8206e,loadtime,imdb,True,imdb loadtime opt cold webrender,,77,ms,geckoview,,1805919697,2023-12-04T14:54:31,3743.3,38094e01a744c421fe469d9a01cbfe12a1ee949b,1342377
autoland,4375374,13,92302d37db2c0dde32926e954404b4c8422e3f86,android-hw-a51-11-0-aarch64-shippable-qr,True,False,,|c|o|l|d| |w|e|b|r|e|n|d|e|r|,102210fe594ee9b33d82058545b1ed14f4c8206e,loadtime,imdb,True,imdb loadtime opt cold webrender,,77,ms,geckoview,,1806063204,2023-12-04T19:05:48,2912.7,72ca57fdc9feb1e9765ce2cc4f26b6b60135122f,1342587
autoland,4375374,13,92302d37db2c0dde32926e954404b4c8422e3f86,android-hw-a51-11-0-aarch64-shippable-qr,True,False,,|c|o|l|d| |w|e|b|r|e|n|d|e|r|,102210fe594ee9b33d82058545b1ed14f4c8206e,loadtime,imdb,True,imdb loadtime opt cold webrender,,77,ms,geckoview,,1806087453,2023-12-04T22:13:56,3366.9,3d0a5f6fd8b4a0537cb85ae502a4be6cafec1c23,1342750
autoland,4375374,13,92302d37db2c0dde32926e954404b4c8422e3f86,android-hw-a51-11-0-aarch64-shippable-qr,True,False,,|c|o|l|d| |w|e|b|r|e|n|d|e|r|,102210fe594ee9b33d82058545b1ed14f4c8206e,loadtime,imdb,True,imdb loadtime opt cold webrender,,77,ms,geckoview,,1806153257,2023-12-05T02:36:15,2910.0,39486bb8305a2e3128c6ecd97d33378744922507,1342897
autoland,4375374,13,92302d37db2c0dde32926e954404b4c8422e3f86,android-hw-a51-11-0-aarch64-shippable-qr,True,False,,|c|o|l|d| |w|e|b|r|e|n|d|e|r|,102210fe594ee9b33d82058545b1ed14f4c8206e,loadtime,imdb,True,imdb loadtime opt cold webrender,,77,ms,geckoview,,1806201494,2023-12-05T03:50:36,2982.2,775ade8b04da775ad41d5d135baae415863a874c,1342908
autoland,4375374,13,92302d37db2c0dde32926e954404b4c8422e3f86,android-hw-a51-11-0-aarch64-shippable-qr,True,False,,|c|o|l|d| |w|e|b|r|e|n|d|e|r|,102210fe594ee9b33d82058545b1ed14f4c8206e,loadtime,imdb,True,imdb loadtime opt cold webrender,,77,ms,geckoview,,1806290723,2023-12-05T08:48:01,2844.0,429e8cc8473b4c76828d06e2f07abbeb9dbebd81,1342965
autoland,4375374,13,92302d37db2c0dde32926e954404b4c8422e3f86,android-hw-a51-11-0-aarch64-shippable-qr,True,False,,|c|o|l|d| |w|e|b|r|e|n|d|e|r|,102210fe594ee9b33d82058545b1ed14f4c8206e,loadtime,imdb,True,imdb loadtime opt cold webrender,,77,ms,geckoview,,1806379142,2023-12-05T11:07:31,3068.6,10602eb918edd2ccf85a22fb60b3dc62c845c42a,1343031
autoland,4375374,13,92302d37db2c0dde32926e954404b4c8422e3f86,android-hw-a51-11-0-aarch64-shippable-qr,True,False,,|c|o|l|d| |w|e|b|r|e|n|d|e|r|,102210fe594ee9b33d82058545b1ed14f4c8206e,loadtime,imdb,True,imdb loadtime opt cold webrender,,77,ms,geckoview,,1806569152,2023-12-05T15:11:37,2902.7,e603b8b016d76de025bea02bfdc1e0590166c2c0,1343145
autoland,4375374,13,92302d37db2c0dde32926e954404b4c8422e3f86,android-hw-a51-11-0-aarch64-shippable-qr,True,False,,|c|o|l|d| |w|e|b|r|e|n|d|e|r|,102210fe594ee9b33d82058545b1ed14f4c8206e,loadtime,imdb,True,imdb loadtime opt cold webrender,,77,ms,geckoview,,1806628758,2023-12-05T16:28:46,2942.4,91bda8b5915b84ed6533a6620f955f271dc5aac3,1343203
autoland,4375374,13,92302d37db2c0dde32926e954404b4c8422e3f86,android-hw-a51-11-0-aarch64-shippable-qr,True,False,,|c|o|l|d| |w|e|b|r|e|n|d|e|r|,102210fe594ee9b33d82058545b1ed14f4c8206e,loadtime,imdb,True,imdb loadtime opt cold webrender,,77,ms,geckoview,,1806723762,2023-12-05T20:37:35,3013.1,f778448a1da5f0622c4361d37810461a035f4627,1343409
autoland,4375374,13,92302d37db2c0dde32926e954404b4c8422e3f86,android-hw-a51-11-0-aarch64-shippable-qr,True,False,,|c|o|l|d| |w|e|b|r|e|n|d|e|r|,102210fe594ee9b33d82058545b1ed14f4c8206e,loadtime,imdb,True,imdb loadtime opt cold webrender,,77,ms,geckoview,,1806765368,2023-12-05T21:38:52,2843.4,177375e24d1352ab203de0ac3aa53003c5d0ffd2,1343440
autoland,4375374,13,92302d37db2c0dde32926e954404b4c8422e3f86,android-hw-a51-11-0-aarch64-shippable-qr,True,False,,|c|o|l|d| |w|e|b|r|e|n|d|e|r|,102210fe594ee9b33d82058545b1ed14f4c8206e,loadtime,imdb,True,imdb loadtime opt cold webrender,,77,ms,geckoview,,1806913488,2023-12-06T02:13:38,2951.2,30004166d9f2cc3399da68e8762c35b1b886c0dc,1343563
autoland,4375374,13,92302d37db2c0dde32926e954404b4c8422e3f86,android-hw-a51-11-0-aarch64-shippable-qr,True,False,,|c|o|l|d| |w|e|b|r|e|n|d|e|r|,102210fe594ee9b33d82058545b1ed14f4c8206e,loadtime,imdb,True,imdb loadtime opt cold webrender,,77,ms,geckoview,,1807015797,2023-12-06T09:09:58,2883.0,63afa0f8febdc8b199d998d50bb76fc8f7945c3e,1343650
autoland,4375374,13,92302d37db2c0dde32926e954404b4c8422e3f86,android-hw-a51-11-0-aarch64-shippable-qr,True,False,,|c|o|l|d| |w|e|b|r|e|n|d|e|r|,102210fe594ee9b33d82058545b1ed14f4c8206e,loadtime,imdb,True,imdb loadtime opt cold webrender,,77,ms,geckoview,,1807173325,2023-12-06T13:42:54,2956.9,52f516546de7ac66228e074000877d32ebf093af,1343745
autoland,4375374,13,92302d37db2c0dde32926e954404b4c8422e3f86,android-hw-a51-11-0-aarch64-shippable-qr,True,False,,|c|o|l|d| |w|e|b|r|e|n|d|e|r|,102210fe594ee9b33d82058545b1ed14f4c8206e,loadtime,imdb,True,imdb loadtime opt cold webrender,,77,ms,geckoview,,1807144203,2023-12-06T14:11:26,2935.6,a035ddfc75fc597cd1df3c347d2cbbc50568f884,1343771
autoland,4375374,13,92302d37db2c0dde32926e954404b4c8422e3f86,android-hw-a51-11-0-aarch64-shippable-qr,True,False,,|c|o|l|d| |w|e|b|r|e|n|d|e|r|,102210fe594ee9b33d82058545b1ed14f4c8206e,loadtime,imdb,True,imdb loadtime opt cold webrender,,77,ms,geckoview,,1807298166,2023-12-06T18:17:17,2952.2,ab110e2fcc6ab3c8e078fe970b109f482069386e,1343990
autoland,4375374,13,92302d37db2c0dde32926e954404b4c8422e3f86,android-hw-a51-11-0-aarch64-shippable-qr,True,False,,|c|o|l|d| |w|e|b|r|e|n|d|e|r|,102210fe594ee9b33d82058545b1ed14f4c8206e,loadtime,imdb,True,imdb loadtime opt cold webrender,,77,ms,geckoview,,1807449290,2023-12-06T22:50:02,2897.3,f3fc0213f527ba806a10092bbadec34e00dbe4f6,1344189
autoland,4375374,13,92302d37db2c0dde32926e954404b4c8422e3f86,android-hw-a51-11-0-aarch64-shippable-qr,True,False,,|c|o|l|d| |w|e|b|r|e|n|d|e|r|,102210fe594ee9b33d82058545b1ed14f4c8206e,loadtime,imdb,True,imdb loadtime opt cold webrender,,77,ms,geckoview,,1807533972,2023-12-07T04:18:34,2832.1,93a04e8835aaaf359b24f47f54d622f7d36fd813,1344290
autoland,4375374,13,92302d37db2c0dde32926e954404b4c8422e3f86,android-hw-a51-11-0-aarch64-shippable-qr,True,False,,|c|o|l|d| |w|e|b|r|e|n|d|e|r|,102210fe594ee9b33d82058545b1ed14f4c8206e,loadtime,imdb,True,imdb loadtime opt cold webrender,,77,ms,geckoview,,1807638731,2023-12-07T09:07:30,2911.3,f5d904bee3fe6c9e79061b56c8499b6154f7d3ff,1344349
autoland,4375374,13,92302d37db2c0dde32926e954404b4c8422e3f86,android-hw-a51-11-0-aarch64-shippable-qr,True,False,,|c|o|l|d| |w|e|b|r|e|n|d|e|r|,102210fe594ee9b33d82058545b1ed14f4c8206e,loadtime,imdb,True,imdb loadtime opt cold webrender,,77,ms,geckoview,,1807746415,2023-12-07T12:51:56,2949.4,bea12a00706c3b2951d467008996bf7e89d17e5b,1344456
autoland,4375374,13,92302d37db2c0dde32926e954404b4c8422e3f86,android-hw-a51-11-0-aarch64-shippable-qr,True,False,,|c|o|l|d| |w|e|b|r|e|n|d|e|r|,102210fe594ee9b33d82058545b1ed14f4c8206e,loadtime,imdb,True,imdb loadtime opt cold webrender,,77,ms,geckoview,,1808094963,2023-12-07T21:41:48,3056.4,797281d7e3b5fdd5f6a033248fec7bd885227546,1344786
autoland,4375374,13,92302d37db2c0dde32926e954404b4c8422e3f86,android-hw-a51-11-0-aarch64-shippable-qr,True,False,,|c|o|l|d| |w|e|b|r|e|n|d|e|r|,102210fe594ee9b33d82058545b1ed14f4c8206e,loadtime,imdb,True,imdb loadtime opt cold webrender,,77,ms,geckoview,,1808119374,2023-12-07T22:56:27,2920.9,c34126c5e2a85c81e511c7c4017e7f2694ddce13,1344823
autoland,4375374,13,92302d37db2c0dde32926e954404b4c8422e3f86,android-hw-a51-11-0-aarch64-shippable-qr,True,False,,|c|o|l|d| |w|e|b|r|e|n|d|e|r|,102210fe594ee9b33d82058545b1ed14f4c8206e,loadtime,imdb,True,imdb loadtime opt cold webrender,,77,ms,geckoview,,1808378124,2023-12-08T04:49:01,2942.7,3152110c63b5c99048b0651867ecf7723aa5ddf8,1344948
autoland,4375374,13,92302d37db2c0dde32926e954404b4c8422e3f86,android-hw-a51-11-0-aarch64-shippable-qr,True,False,,|c|o|l|d| |w|e|b|r|e|n|d|e|r|,102210fe594ee9b33d82058545b1ed14f4c8206e,loadtime,imdb,True,imdb loadtime opt cold webrender,,77,ms,geckoview,,1808512090,2023-12-08T09:01:47,2862.2,ff785fa504232b935c33c7d8c38a1cdc2f8d2d35,1345044
autoland,4375374,13,92302d37db2c0dde32926e954404b4c8422e3f86,android-hw-a51-11-0-aarch64-shippable-qr,True,False,,|c|o|l|d| |w|e|b|r|e|n|d|e|r|,102210fe594ee9b33d82058545b1ed14f4c8206e,loadtime,imdb,True,imdb loadtime opt cold webrender,,77,ms,geckoview,,1808821165,2023-12-08T14:53:30,2984.3,84f194823b719420c22157f7e540e660397a17f2,1345173
autoland,4375374,13,92302d37db2c0dde32926e954404b4c8422e3f86,android-hw-a51-11-0-aarch64-shippable-qr,True,False,,|c|o|l|d| |w|e|b|r|e|n|d|e|r|,102210fe594ee9b33d82058545b1ed14f4c8206e,loadtime,imdb,True,imdb loadtime opt cold webrender,,77,ms,geckoview,,1809003851,2023-12-08T20:09:00,2982.2,6f5601bcf5ef9fa22b46e44e1d5e34893a04fc9e,1345337
autoland,4375374,13,92302d37db2c0dde32926e954404b4c8422e3f86,android-hw-a51-11-0-aarch64-shippable-qr,True,False,,|c|o|l|d| |w|e|b|r|e|n|d|e|r|,102210fe594ee9b33d82058545b1ed14f4c8206e,loadtime,imdb,True,imdb loadtime opt cold webrender,,77,ms,geckoview,,1809032463,2023-12-09T00:35:37,2914.4,5e7ca7b9c60d764540bfc20b243ffaa67dfbfaa9,1345495
autoland,4375374,13,92302d37db2c0dde32926e954404b4c8422e3f86,android-hw-a51-11-0-aarch64-shippable-qr,True,False,,|c|o|l|d| |w|e|b|r|e|n|d|e|r|,102210fe594ee9b33d82058545b1ed14f4c8206e,loadtime,imdb,True,imdb loadtime opt cold webrender,,77,ms,geckoview,,1809050170,2023-12-09T00:36:34,2922.2,9536c8afccb6fe6adb81c34e04ad22608a1cc454,1345496
autoland,4375374,13,92302d37db2c0dde32926e954404b4c8422e3f86,android-hw-a51-11-0-aarch64-shippable-qr,True,False,,|c|o|l|d| |w|e|b|r|e|n|d|e|r|,102210fe594ee9b33d82058545b1ed14f4c8206e,loadtime,imdb,True,imdb loadtime opt cold webrender,,77,ms,geckoview,,1809230592,2023-12-09T11:58:04,2895.7,ce53d4215ca91122e12f63ca196acefc22a8d98c,1345582
autoland,4375374,13,92302d37db2c0dde32926e954404b4c8422e3f86,android-hw-a51-11-0-aarch64-shippable-qr,True,False,,|c|o|l|d| |w|e|b|r|e|n|d|e|r|,102210fe594ee9b33d82058545b1ed14f4c8206e,loadtime,imdb,True,imdb loadtime opt cold webrender,,77,ms,geckoview,,1809271253,2023-12-09T16:44:21,2902.7,199c3dc51f2dd8c55a3346ac587238e6376b7236,1345611
autoland,4375374,13,92302d37db2c0dde32926e954404b4c8422e3f86,android-hw-a51-11-0-aarch64-shippable-qr,True,False,,|c|o|l|d| |w|e|b|r|e|n|d|e|r|,102210fe594ee9b33d82058545b1ed14f4c8206e,loadtime,imdb,True,imdb loadtime opt cold webrender,,77,ms,geckoview,,1809292289,2023-12-09T17:32:11,2929.4,037b4a8e4edce03936a64d9d073da41b8b1bd9fb,1345614
autoland,4375374,13,92302d37db2c0dde32926e954404b4c8422e3f86,android-hw-a51-11-0-aarch64-shippable-qr,True,False,,|c|o|l|d| |w|e|b|r|e|n|d|e|r|,102210fe594ee9b33d82058545b1ed14f4c8206e,loadtime,imdb,True,imdb loadtime opt cold webrender,,77,ms,geckoview,,1809373601,2023-12-10T03:19:38,2850.7,815bf21f166b5019bdab6ec104bc2f4475a7b553,1345657
autoland,4375374,13,92302d37db2c0dde32926e954404b4c8422e3f86,android-hw-a51-11-0-aarch64-shippable-qr,True,False,,|c|o|l|d| |w|e|b|r|e|n|d|e|r|,102210fe594ee9b33d82058545b1ed14f4c8206e,loadtime,imdb,True,imdb loadtime opt cold webrender,,77,ms,geckoview,,1809498380,2023-12-11T00:42:11,2916.7,d4ee61633ce965862e2ee27be32e8a58344a7b03,1345765
autoland,4375374,13,92302d37db2c0dde32926e954404b4c8422e3f86,android-hw-a51-11-0-aarch64-shippable-qr,True,False,,|c|o|l|d| |w|e|b|r|e|n|d|e|r|,102210fe594ee9b33d82058545b1ed14f4c8206e,loadtime,imdb,True,imdb loadtime opt cold webrender,,77,ms,geckoview,,1809541018,2023-12-11T06:57:03,4326.6,e84648aa607a32b9e4bbd2378f5a7caf9e31264a,1345835
autoland,4375374,13,92302d37db2c0dde32926e954404b4c8422e3f86,android-hw-a51-11-0-aarch64-shippable-qr,True,False,,|c|o|l|d| |w|e|b|r|e|n|d|e|r|,102210fe594ee9b33d82058545b1ed14f4c8206e,loadtime,imdb,True,imdb loadtime opt cold webrender,,77,ms,geckoview,,1809597911,2023-12-11T09:13:41,2954.5,25a3d6c779f3ef9a9220e2d972c18f2e5a039cb2,1345868
autoland,4375374,13,92302d37db2c0dde32926e954404b4c8422e3f86,android-hw-a51-11-0-aarch64-shippable-qr,True,False,,|c|o|l|d| |w|e|b|r|e|n|d|e|r|,102210fe594ee9b33d82058545b1ed14f4c8206e,loadtime,imdb,True,imdb loadtime opt cold webrender,,77,ms,geckoview,,1809738676,2023-12-11T13:39:55,2965.0,46d1ac4f2e9c8c9c173c430225737701542931bb,1346049
autoland,4375374,13,92302d37db2c0dde32926e954404b4c8422e3f86,android-hw-a51-11-0-aarch64-shippable-qr,True,False,,|c|o|l|d| |w|e|b|r|e|n|d|e|r|,102210fe594ee9b33d82058545b1ed14f4c8206e,loadtime,imdb,True,imdb loadtime opt cold webrender,,77,ms,geckoview,,1809827428,2023-12-11T15:49:45,3859.7,fbda7db8e39b50ebf5ed7092f81706bd1d8c91ab,1346158
autoland,4375374,13,92302d37db2c0dde32926e954404b4c8422e3f86,android-hw-a51-11-0-aarch64-shippable-qr,True,False,,|c|o|l|d| |w|e|b|r|e|n|d|e|r|,102210fe594ee9b33d82058545b1ed14f4c8206e,loadtime,imdb,True,imdb loadtime opt cold webrender,,77,ms,geckoview,,1809887263,2023-12-11T18:22:43,2910.6,8043d7693dbaf145c601652e0b8947d55f399fd8,1346298
autoland,4375374,13,92302d37db2c0dde32926e954404b4c8422e3f86,android-hw-a51-11-0-aarch64-shippable-qr,True,False,,|c|o|l|d| |w|e|b|r|e|n|d|e|r|,102210fe594ee9b33d82058545b1ed14f4c8206e,loadtime,imdb,True,imdb loadtime opt cold webrender,,77,ms,geckoview,,1809979950,2023-12-11T21:32:13,2948.6,c2126b815d283d4d848e431071fa77e023b06eb2,1346462
autoland,4375374,13,92302d37db2c0dde32926e954404b4c8422e3f86,android-hw-a51-11-0-aarch64-shippable-qr,True,False,,|c|o|l|d| |w|e|b|r|e|n|d|e|r|,102210fe594ee9b33d82058545b1ed14f4c8206e,loadtime,imdb,True,imdb loadtime opt cold webrender,,77,ms,geckoview,,1810039756,2023-12-12T01:33:17,2943.7,6e08bc24f0ba8814dfda465963c22d139bf6e80b,1346620
autoland,4375374,13,92302d37db2c0dde32926e954404b4c8422e3f86,android-hw-a51-11-0-aarch64-shippable-qr,True,False,,|c|o|l|d| |w|e|b|r|e|n|d|e|r|,102210fe594ee9b33d82058545b1ed14f4c8206e,loadtime,imdb,True,imdb loadtime opt cold webrender,,77,ms,geckoview,,1810110665,2023-12-12T04:01:22,3158.2,55cd203304b8d5343dd941d772085dc25fd278c4,1346691
autoland,4375374,13,92302d37db2c0dde32926e954404b4c8422e3f86,android-hw-a51-11-0-aarch64-shippable-qr,True,False,,|c|o|l|d| |w|e|b|r|e|n|d|e|r|,102210fe594ee9b33d82058545b1ed14f4c8206e,loadtime,imdb,True,imdb loadtime opt cold webrender,,77,ms,geckoview,,1810220925,2023-12-12T08:08:04,2879.0,64c2a5cd2e5c12acc49f695acaca7fc074be00ef,1346735
autoland,4375374,13,92302d37db2c0dde32926e954404b4c8422e3f86,android-hw-a51-11-0-aarch64-shippable-qr,True,False,,|c|o|l|d| |w|e|b|r|e|n|d|e|r|,102210fe594ee9b33d82058545b1ed14f4c8206e,loadtime,imdb,True,imdb loadtime opt cold webrender,,77,ms,geckoview,,1810368384,2023-12-12T13:15:06,5617.2,378226435d1f217637869bc238a2bff9ae584e04,1346892
autoland,4375374,13,92302d37db2c0dde32926e954404b4c8422e3f86,android-hw-a51-11-0-aarch64-shippable-qr,True,False,,|c|o|l|d| |w|e|b|r|e|n|d|e|r|,102210fe594ee9b33d82058545b1ed14f4c8206e,loadtime,imdb,True,imdb loadtime opt cold webrender,,77,ms,geckoview,,1810386436,2023-12-12T13:20:17,3859.3,661e5ee3675f09044e67f461631530ae9bc19953,1346894
autoland,4375374,13,92302d37db2c0dde32926e954404b4c8422e3f86,android-hw-a51-11-0-aarch64-shippable-qr,True,False,,|c|o|l|d| |w|e|b|r|e|n|d|e|r|,102210fe594ee9b33d82058545b1ed14f4c8206e,loadtime,imdb,True,imdb loadtime opt cold webrender,,77,ms,geckoview,,1810537323,2023-12-12T17:56:51,2962.0,89856dfbbbb09660fd0b56d3d9ba6f60c823c81f,1347131
autoland,4375374,13,92302d37db2c0dde32926e954404b4c8422e3f86,android-hw-a51-11-0-aarch64-shippable-qr,True,False,,|c|o|l|d| |w|e|b|r|e|n|d|e|r|,102210fe594ee9b33d82058545b1ed14f4c8206e,loadtime,imdb,True,imdb loadtime opt cold webrender,,77,ms,geckoview,,1810577718,2023-12-12T18:39:48,2964.5,b7336e3f433e4055ba8a7fcb5c2f756e0e9b59ef,1347165
autoland,4375374,13,92302d37db2c0dde32926e954404b4c8422e3f86,android-hw-a51-11-0-aarch64-shippable-qr,True,False,,|c|o|l|d| |w|e|b|r|e|n|d|e|r|,102210fe594ee9b33d82058545b1ed14f4c8206e,loadtime,imdb,True,imdb loadtime opt cold webrender,,77,ms,geckoview,,1810626151,2023-12-12T20:06:07,3025.8,7272d706196d83e16ea8366481dce5127407ba4d,1347223
autoland,4375374,13,92302d37db2c0dde32926e954404b4c8422e3f86,android-hw-a51-11-0-aarch64-shippable-qr,True,False,,|c|o|l|d| |w|e|b|r|e|n|d|e|r|,102210fe594ee9b33d82058545b1ed14f4c8206e,loadtime,imdb,True,imdb loadtime opt cold webrender,,77,ms,geckoview,,1810745794,2023-12-13T00:40:28,3044.5,f823ab1d9a00b627089b75899e588823b584a9c4,1347426
autoland,4375374,13,92302d37db2c0dde32926e954404b4c8422e3f86,android-hw-a51-11-0-aarch64-shippable-qr,True,False,,|c|o|l|d| |w|e|b|r|e|n|d|e|r|,102210fe594ee9b33d82058545b1ed14f4c8206e,loadtime,imdb,True,imdb loadtime opt cold webrender,,77,ms,geckoview,,1810810177,2023-12-13T01:59:28,2951.4,c7169e7d15af250d7b1ffb91c072a4b2309457c1,1347482
autoland,4375374,13,92302d37db2c0dde32926e954404b4c8422e3f86,android-hw-a51-11-0-aarch64-shippable-qr,True,False,,|c|o|l|d| |w|e|b|r|e|n|d|e|r|,102210fe594ee9b33d82058545b1ed14f4c8206e,loadtime,imdb,True,imdb loadtime opt cold webrender,,77,ms,geckoview,,1810851722,2023-12-13T03:53:55,2906.0,de73ddb24c16e91d220095612fc21b6636e51f81,1347525
autoland,4375374,13,92302d37db2c0dde32926e954404b4c8422e3f86,android-hw-a51-11-0-aarch64-shippable-qr,True,False,,|c|o|l|d| |w|e|b|r|e|n|d|e|r|,102210fe594ee9b33d82058545b1ed14f4c8206e,loadtime,imdb,True,imdb loadtime opt cold webrender,,77,ms,geckoview,,1810907045,2023-12-13T08:08:28,2941.2,de61802013d3eabd67e8f7c4382ab95c650835ba,1347584
autoland,4375374,13,92302d37db2c0dde32926e954404b4c8422e3f86,android-hw-a51-11-0-aarch64-shippable-qr,True,False,,|c|o|l|d| |w|e|b|r|e|n|d|e|r|,102210fe594ee9b33d82058545b1ed14f4c8206e,loadtime,imdb,True,imdb loadtime opt cold webrender,,77,ms,geckoview,,1810975861,2023-12-13T10:08:23,2894.0,12f45306a093afef1d1ed86121d9fcd9e8c69e15,1347641
autoland,4375374,13,92302d37db2c0dde32926e954404b4c8422e3f86,android-hw-a51-11-0-aarch64-shippable-qr,True,False,,|c|o|l|d| |w|e|b|r|e|n|d|e|r|,102210fe594ee9b33d82058545b1ed14f4c8206e,loadtime,imdb,True,imdb loadtime opt cold webrender,,77,ms,geckoview,,1811038208,2023-12-13T13:51:07,3001.3,a54a846dda9a20948451fa14e9ebbd3bb19c826c,1347765
autoland,4375374,13,92302d37db2c0dde32926e954404b4c8422e3f86,android-hw-a51-11-0-aarch64-shippable-qr,True,False,,|c|o|l|d| |w|e|b|r|e|n|d|e|r|,102210fe594ee9b33d82058545b1ed14f4c8206e,loadtime,imdb,True,imdb loadtime opt cold webrender,,77,ms,geckoview,,1811137650,2023-12-13T17:42:49,2997.1,951b244454e1790b94e5fa8474efc7fb8c990e28,1347961
autoland,4375374,13,92302d37db2c0dde32926e954404b4c8422e3f86,android-hw-a51-11-0-aarch64-shippable-qr,True,False,,|c|o|l|d| |w|e|b|r|e|n|d|e|r|,102210fe594ee9b33d82058545b1ed14f4c8206e,loadtime,imdb,True,imdb loadtime opt cold webrender,,77,ms,geckoview,,1811277339,2023-12-13T20:42:40,2916.9,b89dc85aa7e47069b80251ce43d7d66c034a5b88,1348117
autoland,4375374,13,92302d37db2c0dde32926e954404b4c8422e3f86,android-hw-a51-11-0-aarch64-shippable-qr,True,False,,|c|o|l|d| |w|e|b|r|e|n|d|e|r|,102210fe594ee9b33d82058545b1ed14f4c8206e,loadtime,imdb,True,imdb loadtime opt cold webrender,,77,ms,geckoview,,1811388971,2023-12-14T01:23:55,2946.0,12888ec6533c4e6ec49c2d7081e67ac660129ab6,1348332
autoland,4375374,13,92302d37db2c0dde32926e954404b4c8422e3f86,android-hw-a51-11-0-aarch64-shippable-qr,True,False,,|c|o|l|d| |w|e|b|r|e|n|d|e|r|,102210fe594ee9b33d82058545b1ed14f4c8206e,loadtime,imdb,True,imdb loadtime opt cold webrender,,77,ms,geckoview,,1811490143,2023-12-14T06:57:49,2892.3,3af75f3310fc53f70cba7e6c5a7e7bec2d3381dc,1348404
autoland,4375374,13,92302d37db2c0dde32926e954404b4c8422e3f86,android-hw-a51-11-0-aarch64-shippable-qr,True,False,,|c|o|l|d| |w|e|b|r|e|n|d|e|r|,102210fe594ee9b33d82058545b1ed14f4c8206e,loadtime,imdb,True,imdb loadtime opt cold webrender,,77,ms,geckoview,,1811563067,2023-12-14T09:15:58,2934.3,1c0fd259312d4631a0d1a7e0ea0560cff577beba,1348457
autoland,4375374,13,92302d37db2c0dde32926e954404b4c8422e3f86,android-hw-a51-11-0-aarch64-shippable-qr,True,False,,|c|o|l|d| |w|e|b|r|e|n|d|e|r|,102210fe594ee9b33d82058545b1ed14f4c8206e,loadtime,imdb,True,imdb loadtime opt cold webrender,,77,ms,geckoview,,1811747847,2023-12-14T13:22:59,3041.1,31a1108bee2768e6f329db2b083b5066b2c83def,1348529
autoland,4375374,13,92302d37db2c0dde32926e954404b4c8422e3f86,android-hw-a51-11-0-aarch64-shippable-qr,True,False,,|c|o|l|d| |w|e|b|r|e|n|d|e|r|,102210fe594ee9b33d82058545b1ed14f4c8206e,loadtime,imdb,True,imdb loadtime opt cold webrender,,77,ms,geckoview,,1811912767,2023-12-14T15:25:58,2947.9,44c4e62a38e1a18cd9c3cdc37be672c5b2eccb06,1348605
autoland,4375374,13,92302d37db2c0dde32926e954404b4c8422e3f86,android-hw-a51-11-0-aarch64-shippable-qr,True,False,,|c|o|l|d| |w|e|b|r|e|n|d|e|r|,102210fe594ee9b33d82058545b1ed14f4c8206e,loadtime,imdb,True,imdb loadtime opt cold webrender,,77,ms,geckoview,,1812043778,2023-12-14T19:45:40,2956.3,5b5faa47b870a45949438e5959b9ef04204a9bac,1348855
autoland,4375374,13,92302d37db2c0dde32926e954404b4c8422e3f86,android-hw-a51-11-0-aarch64-shippable-qr,True,False,,|c|o|l|d| |w|e|b|r|e|n|d|e|r|,102210fe594ee9b33d82058545b1ed14f4c8206e,loadtime,imdb,True,imdb loadtime opt cold webrender,,77,ms,geckoview,,1812206929,2023-12-14T21:45:13,2956.7,04ae3a53d7df39b7ef7380e872889038951a9e63,1348957
autoland,4375374,13,92302d37db2c0dde32926e954404b4c8422e3f86,android-hw-a51-11-0-aarch64-shippable-qr,True,False,,|c|o|l|d| |w|e|b|r|e|n|d|e|r|,102210fe594ee9b33d82058545b1ed14f4c8206e,loadtime,imdb,True,imdb loadtime opt cold webrender,,77,ms,geckoview,,1812297980,2023-12-15T01:58:19,2969.1,efffe49c7c1c0f6b54d9f752224880e07e588f36,1349130
autoland,4375374,13,92302d37db2c0dde32926e954404b4c8422e3f86,android-hw-a51-11-0-aarch64-shippable-qr,True,False,,|c|o|l|d| |w|e|b|r|e|n|d|e|r|,102210fe594ee9b33d82058545b1ed14f4c8206e,loadtime,imdb,True,imdb loadtime opt cold webrender,,77,ms,geckoview,,1812486841,2023-12-15T11:00:39,2953.0,d3a29d02b3dd8d8cfbfff6fcad00d94226e102e8,1349239
autoland,4375374,13,92302d37db2c0dde32926e954404b4c8422e3f86,android-hw-a51-11-0-aarch64-shippable-qr,True,False,,|c|o|l|d| |w|e|b|r|e|n|d|e|r|,102210fe594ee9b33d82058545b1ed14f4c8206e,loadtime,imdb,True,imdb loadtime opt cold webrender,,77,ms,geckoview,,1812716022,2023-12-15T15:09:59,2898.0,8fd04cb03fbd84435d9834d1de340c2f64e013bb,1349331
autoland,4375374,13,92302d37db2c0dde32926e954404b4c8422e3f86,android-hw-a51-11-0-aarch64-shippable-qr,True,False,,|c|o|l|d| |w|e|b|r|e|n|d|e|r|,102210fe594ee9b33d82058545b1ed14f4c8206e,loadtime,imdb,True,imdb loadtime opt cold webrender,,77,ms,geckoview,,1812851294,2023-12-15T20:18:56,3005.3,8f1a041ed5a88918a5fe585c89ffabd9450bc0ef,1349528
autoland,4375374,13,92302d37db2c0dde32926e954404b4c8422e3f86,android-hw-a51-11-0-aarch64-shippable-qr,True,False,,|c|o|l|d| |w|e|b|r|e|n|d|e|r|,102210fe594ee9b33d82058545b1ed14f4c8206e,loadtime,imdb,True,imdb loadtime opt cold webrender,,77,ms,geckoview,,1813010608,2023-12-16T02:28:17,2846.7,33b0a0fecfd912ef3f540060b5e13f54db31d5cd,1349675
autoland,4375374,13,92302d37db2c0dde32926e954404b4c8422e3f86,android-hw-a51-11-0-aarch64-shippable-qr,True,False,,|c|o|l|d| |w|e|b|r|e|n|d|e|r|,102210fe594ee9b33d82058545b1ed14f4c8206e,loadtime,imdb,True,imdb loadtime opt cold webrender,,77,ms,geckoview,,1813171038,2023-12-16T14:03:11,2930.3,6d6d4867b0f48dce26d871d94c5f74f5a8ac6aaf,1349726
autoland,4375374,13,92302d37db2c0dde32926e954404b4c8422e3f86,android-hw-a51-11-0-aarch64-shippable-qr,True,False,,|c|o|l|d| |w|e|b|r|e|n|d|e|r|,102210fe594ee9b33d82058545b1ed14f4c8206e,loadtime,imdb,True,imdb loadtime opt cold webrender,,77,ms,geckoview,,1813345099,2023-12-17T06:27:55,2910.5,2d19e1f44e562ba1bb3be1f4b8f95b9884d9b07d,1349827
autoland,4375374,13,92302d37db2c0dde32926e954404b4c8422e3f86,android-hw-a51-11-0-aarch64-shippable-qr,True,False,,|c|o|l|d| |w|e|b|r|e|n|d|e|r|,102210fe594ee9b33d82058545b1ed14f4c8206e,loadtime,imdb,True,imdb loadtime opt cold webrender,,77,ms,geckoview,,1813438251,2023-12-17T14:26:46,2883.2,ab5e2f241728caa5dc020e829b1045df55247758,1349862
autoland,4375374,13,92302d37db2c0dde32926e954404b4c8422e3f86,android-hw-a51-11-0-aarch64-shippable-qr,True,False,,|c|o|l|d| |w|e|b|r|e|n|d|e|r|,102210fe594ee9b33d82058545b1ed14f4c8206e,loadtime,imdb,True,imdb loadtime opt cold webrender,,77,ms,geckoview,,1813534032,2023-12-18T01:43:16,2943.7,b46057158b0694677a8174089de1cb8929d3116b,1349993
autoland,4375374,13,92302d37db2c0dde32926e954404b4c8422e3f86,android-hw-a51-11-0-aarch64-shippable-qr,True,False,,|c|o|l|d| |w|e|b|r|e|n|d|e|r|,102210fe594ee9b33d82058545b1ed14f4c8206e,loadtime,imdb,True,imdb loadtime opt cold webrender,,77,ms,geckoview,,1813567662,2023-12-18T05:48:57,2918.5,1d2ed0b2947385e77bd609220eb0e453b44d4cb3,1350028
autoland,4375374,13,92302d37db2c0dde32926e954404b4c8422e3f86,android-hw-a51-11-0-aarch64-shippable-qr,True,False,,|c|o|l|d| |w|e|b|r|e|n|d|e|r|,102210fe594ee9b33d82058545b1ed14f4c8206e,loadtime,imdb,True,imdb loadtime opt cold webrender,,77,ms,geckoview,,1813697420,2023-12-18T10:08:52,3010.2,1f7904968650806af8d68bbc64a717bac22df318,1350088
autoland,4375374,13,92302d37db2c0dde32926e954404b4c8422e3f86,android-hw-a51-11-0-aarch64-shippable-qr,True,False,,|c|o|l|d| |w|e|b|r|e|n|d|e|r|,102210fe594ee9b33d82058545b1ed14f4c8206e,loadtime,imdb,True,imdb loadtime opt cold webrender,,77,ms,geckoview,,1813929458,2023-12-18T14:56:17,3073.9,8942476b2dcd0a89abfb3183ea577d611785e77e,1350212
autoland,4375374,13,92302d37db2c0dde32926e954404b4c8422e3f86,android-hw-a51-11-0-aarch64-shippable-qr,True,False,,|c|o|l|d| |w|e|b|r|e|n|d|e|r|,102210fe594ee9b33d82058545b1ed14f4c8206e,loadtime,imdb,True,imdb loadtime opt cold webrender,,77,ms,geckoview,,1813949697,2023-12-18T15:53:23,2827.8,e409a860d27d9dbd962eb6568c1700e2aa2716aa,1350255
autoland,4375374,13,92302d37db2c0dde32926e954404b4c8422e3f86,android-hw-a51-11-0-aarch64-shippable-qr,True,False,,|c|o|l|d| |w|e|b|r|e|n|d|e|r|,102210fe594ee9b33d82058545b1ed14f4c8206e,loadtime,imdb,True,imdb loadtime opt cold webrender,,77,ms,geckoview,,1813970768,2023-12-18T18:13:05,2935.8,c909d207f316bf0512f63f8262872083353a6ef5,1350369
autoland,4375374,13,92302d37db2c0dde32926e954404b4c8422e3f86,android-hw-a51-11-0-aarch64-shippable-qr,True,False,,|c|o|l|d| |w|e|b|r|e|n|d|e|r|,102210fe594ee9b33d82058545b1ed14f4c8206e,loadtime,imdb,True,imdb loadtime opt cold webrender,,77,ms,geckoview,,1814007707,2023-12-18T20:47:25,2918.9,593e78a41c38b062baab03b6280366f86d0d233c,1350523
autoland,4375374,13,92302d37db2c0dde32926e954404b4c8422e3f86,android-hw-a51-11-0-aarch64-shippable-qr,True,False,,|c|o|l|d| |w|e|b|r|e|n|d|e|r|,102210fe594ee9b33d82058545b1ed14f4c8206e,loadtime,imdb,True,imdb loadtime opt cold webrender,,77,ms,geckoview,,1814090761,2023-12-19T00:56:17,4087.9,4bc62630a431fca569dfb1add5eee214dcdd091c,1350695
autoland,4375374,13,92302d37db2c0dde32926e954404b4c8422e3f86,android-hw-a51-11-0-aarch64-shippable-qr,True,False,,|c|o|l|d| |w|e|b|r|e|n|d|e|r|,102210fe594ee9b33d82058545b1ed14f4c8206e,loadtime,imdb,True,imdb loadtime opt cold webrender,,77,ms,geckoview,,1814116942,2023-12-19T02:00:57,2868.7,7e32f178b02fef938f803492c4bfd6d897ffcb21,1350710
autoland,4375374,13,92302d37db2c0dde32926e954404b4c8422e3f86,android-hw-a51-11-0-aarch64-shippable-qr,True,False,,|c|o|l|d| |w|e|b|r|e|n|d|e|r|,102210fe594ee9b33d82058545b1ed14f4c8206e,loadtime,imdb,True,imdb loadtime opt cold webrender,,77,ms,geckoview,,1814199038,2023-12-19T06:19:40,3092.9,05b607c3bbe6ca02e9133ecb969e033fd3d7959e,1350758
autoland,4375374,13,92302d37db2c0dde32926e954404b4c8422e3f86,android-hw-a51-11-0-aarch64-shippable-qr,True,False,,|c|o|l|d| |w|e|b|r|e|n|d|e|r|,102210fe594ee9b33d82058545b1ed14f4c8206e,loadtime,imdb,True,imdb loadtime opt cold webrender,,77,ms,geckoview,,1814305594,2023-12-19T10:31:52,2931.9,8efb8cc3558006677c6d18fcf41c3445498e257c,1350823
autoland,4375374,13,92302d37db2c0dde32926e954404b4c8422e3f86,android-hw-a51-11-0-aarch64-shippable-qr,True,False,,|c|o|l|d| |w|e|b|r|e|n|d|e|r|,102210fe594ee9b33d82058545b1ed14f4c8206e,loadtime,imdb,True,imdb loadtime opt cold webrender,,77,ms,geckoview,,1814342173,2023-12-19T10:59:27,2908.0,e382d15d709c00d2fc941c2d6e9344b826246c27,1350835
autoland,4375374,13,92302d37db2c0dde32926e954404b4c8422e3f86,android-hw-a51-11-0-aarch64-shippable-qr,True,False,,|c|o|l|d| |w|e|b|r|e|n|d|e|r|,102210fe594ee9b33d82058545b1ed14f4c8206e,loadtime,imdb,True,imdb loadtime opt cold webrender,,77,ms,geckoview,,1814553123,2023-12-19T15:05:00,2972.8,58a9c7e82a58e7e951a669f0634901963c5ed696,1350969
autoland,4375374,13,92302d37db2c0dde32926e954404b4c8422e3f86,android-hw-a51-11-0-aarch64-shippable-qr,True,False,,|c|o|l|d| |w|e|b|r|e|n|d|e|r|,102210fe594ee9b33d82058545b1ed14f4c8206e,loadtime,imdb,True,imdb loadtime opt cold webrender,,77,ms,geckoview,,1814563386,2023-12-19T15:55:04,2929.7,ffd610f5a3bc262042d0839f354a1cf0cc9d5dff,1351025
autoland,4375374,13,92302d37db2c0dde32926e954404b4c8422e3f86,android-hw-a51-11-0-aarch64-shippable-qr,True,False,,|c|o|l|d| |w|e|b|r|e|n|d|e|r|,102210fe594ee9b33d82058545b1ed14f4c8206e,loadtime,imdb,True,imdb loadtime opt cold webrender,,77,ms,geckoview,,1814642715,2023-12-19T20:21:31,2878.2,b50326daf412a23a363c8ca18b03b1dcede121ff,1351238
autoland,4375374,13,92302d37db2c0dde32926e954404b4c8422e3f86,android-hw-a51-11-0-aarch64-shippable-qr,True,False,,|c|o|l|d| |w|e|b|r|e|n|d|e|r|,102210fe594ee9b33d82058545b1ed14f4c8206e,loadtime,imdb,True,imdb loadtime opt cold webrender,,77,ms,geckoview,,1814691209,2023-12-19T21:18:40,2936.3,31eaa2b1cf1b61e0b8868c53cf6bdbfc14805942,1351276
autoland,4375374,13,92302d37db2c0dde32926e954404b4c8422e3f86,android-hw-a51-11-0-aarch64-shippable-qr,True,False,,|c|o|l|d| |w|e|b|r|e|n|d|e|r|,102210fe594ee9b33d82058545b1ed14f4c8206e,loadtime,imdb,True,imdb loadtime opt cold webrender,,77,ms,geckoview,,1814852319,2023-12-20T02:06:01,3044.0,9ac6d461916454c17cd8c7dfc7f73401ef3da12a,1351432
autoland,4375374,13,92302d37db2c0dde32926e954404b4c8422e3f86,android-hw-a51-11-0-aarch64-shippable-qr,True,False,,|c|o|l|d| |w|e|b|r|e|n|d|e|r|,102210fe594ee9b33d82058545b1ed14f4c8206e,loadtime,imdb,True,imdb loadtime opt cold webrender,,77,ms,geckoview,,1814893927,2023-12-20T04:26:18,3340.1,e3bf6261f6fc31e78c716c97399a60f6f575ebcd,1351473
autoland,4375374,13,92302d37db2c0dde32926e954404b4c8422e3f86,android-hw-a51-11-0-aarch64-shippable-qr,True,False,,|c|o|l|d| |w|e|b|r|e|n|d|e|r|,102210fe594ee9b33d82058545b1ed14f4c8206e,loadtime,imdb,True,imdb loadtime opt cold webrender,,77,ms,geckoview,,1815057079,2023-12-20T09:15:46,2919.1,4d6eabdc6228d414c7043c4fabdddfd95a3afb0e,1351517
autoland,4375374,13,92302d37db2c0dde32926e954404b4c8422e3f86,android-hw-a51-11-0-aarch64-shippable-qr,True,False,,|c|o|l|d| |w|e|b|r|e|n|d|e|r|,102210fe594ee9b33d82058545b1ed14f4c8206e,loadtime,imdb,True,imdb loadtime opt cold webrender,,77,ms,geckoview,,1815173849,2023-12-20T13:10:00,2924.4,97f2e0f6b821072bc498a3bc7921831eb6d10d38,1351639
autoland,4375374,13,92302d37db2c0dde32926e954404b4c8422e3f86,android-hw-a51-11-0-aarch64-shippable-qr,True,False,,|c|o|l|d| |w|e|b|r|e|n|d|e|r|,102210fe594ee9b33d82058545b1ed14f4c8206e,loadtime,imdb,True,imdb loadtime opt cold webrender,,77,ms,geckoview,,1815327866,2023-12-20T17:43:19,3518.1,c12f6936509f05b3caad77d4cb4b783a38761897,1351821
autoland,4375374,13,92302d37db2c0dde32926e954404b4c8422e3f86,android-hw-a51-11-0-aarch64-shippable-qr,True,False,,|c|o|l|d| |w|e|b|r|e|n|d|e|r|,102210fe594ee9b33d82058545b1ed14f4c8206e,loadtime,imdb,True,imdb loadtime opt cold webrender,,77,ms,geckoview,,1815438397,2023-12-20T21:55:32,2927.7,aa4d4fecaf969d49a7ecf2568e3dda25cd2a7f1d,1352017
autoland,4375374,13,92302d37db2c0dde32926e954404b4c8422e3f86,android-hw-a51-11-0-aarch64-shippable-qr,True,False,,|c|o|l|d| |w|e|b|r|e|n|d|e|r|,102210fe594ee9b33d82058545b1ed14f4c8206e,loadtime,imdb,True,imdb loadtime opt cold webrender,,77,ms,geckoview,,1815500818,2023-12-20T21:58:53,2996.4,dfc7e32798343d88b72708bf68fc966d1e088330,1352020
autoland,4375374,13,92302d37db2c0dde32926e954404b4c8422e3f86,android-hw-a51-11-0-aarch64-shippable-qr,True,False,,|c|o|l|d| |w|e|b|r|e|n|d|e|r|,102210fe594ee9b33d82058545b1ed14f4c8206e,loadtime,imdb,True,imdb loadtime opt cold webrender,,77,ms,geckoview,,1815588773,2023-12-21T03:06:09,2930.1,37657c7691664026e54babf7d1cf608fe58a92fb,1352135
autoland,4375374,13,92302d37db2c0dde32926e954404b4c8422e3f86,android-hw-a51-11-0-aarch64-shippable-qr,True,False,,|c|o|l|d| |w|e|b|r|e|n|d|e|r|,102210fe594ee9b33d82058545b1ed14f4c8206e,loadtime,imdb,True,imdb loadtime opt cold webrender,,77,ms,geckoview,,1815662456,2023-12-21T06:56:11,2850.0,2339ef37f5863c45acf6280581ec0994b40f11d5,1352164
autoland,4375374,13,92302d37db2c0dde32926e954404b4c8422e3f86,android-hw-a51-11-0-aarch64-shippable-qr,True,False,,|c|o|l|d| |w|e|b|r|e|n|d|e|r|,102210fe594ee9b33d82058545b1ed14f4c8206e,loadtime,imdb,True,imdb loadtime opt cold webrender,,77,ms,geckoview,,1815777902,2023-12-21T11:39:11,2911.7,5e551f2bacc3d6a8294dcb0273e8299cf7a17e2d,1352265
autoland,4375374,13,92302d37db2c0dde32926e954404b4c8422e3f86,android-hw-a51-11-0-aarch64-shippable-qr,True,False,,|c|o|l|d| |w|e|b|r|e|n|d|e|r|,102210fe594ee9b33d82058545b1ed14f4c8206e,loadtime,imdb,True,imdb loadtime opt cold webrender,,77,ms,geckoview,,1815858353,2023-12-21T13:05:54,2947.5,8b474eeffbe09d0e5e30675fa595293863b0db34,1352315
autoland,4375374,13,92302d37db2c0dde32926e954404b4c8422e3f86,android-hw-a51-11-0-aarch64-shippable-qr,True,False,,|c|o|l|d| |w|e|b|r|e|n|d|e|r|,102210fe594ee9b33d82058545b1ed14f4c8206e,loadtime,imdb,True,imdb loadtime opt cold webrender,,77,ms,geckoview,,1816039207,2023-12-21T18:00:27,2946.5,e685307ecb90f0e91ef9f3781b3614b7308384b9,1352454
autoland,4375374,13,92302d37db2c0dde32926e954404b4c8422e3f86,android-hw-a51-11-0-aarch64-shippable-qr,True,False,,|c|o|l|d| |w|e|b|r|e|n|d|e|r|,102210fe594ee9b33d82058545b1ed14f4c8206e,loadtime,imdb,True,imdb loadtime opt cold webrender,,77,ms,geckoview,,1816054564,2023-12-21T18:17:05,2929.3,14c89fd054c7ac54bac01a4fcb619d5dff3cc6ef,1352468
autoland,4375374,13,92302d37db2c0dde32926e954404b4c8422e3f86,android-hw-a51-11-0-aarch64-shippable-qr,True,False,,|c|o|l|d| |w|e|b|r|e|n|d|e|r|,102210fe594ee9b33d82058545b1ed14f4c8206e,loadtime,imdb,True,imdb loadtime opt cold webrender,,77,ms,geckoview,,1816153003,2023-12-21T22:08:07,2912.4,e20257bfa3ef6e394b6669c19aa1a165ee73fefa,1352650
autoland,4375374,13,92302d37db2c0dde32926e954404b4c8422e3f86,android-hw-a51-11-0-aarch64-shippable-qr,True,False,,|c|o|l|d| |w|e|b|r|e|n|d|e|r|,102210fe594ee9b33d82058545b1ed14f4c8206e,loadtime,imdb,True,imdb loadtime opt cold webrender,,77,ms,geckoview,,1816266803,2023-12-22T08:16:59,2946.2,6814c9419790a8ee7c93cac282a82a11d93d16ba,1352807
autoland,4375374,13,92302d37db2c0dde32926e954404b4c8422e3f86,android-hw-a51-11-0-aarch64-shippable-qr,True,False,,|c|o|l|d| |w|e|b|r|e|n|d|e|r|,102210fe594ee9b33d82058545b1ed14f4c8206e,loadtime,imdb,True,imdb loadtime opt cold webrender,,77,ms,geckoview,,1816352443,2023-12-22T13:33:45,2890.2,3189af86c93aef59c4fc9363b40f92eb4ef0358f,1352859
autoland,4375374,13,92302d37db2c0dde32926e954404b4c8422e3f86,android-hw-a51-11-0-aarch64-shippable-qr,True,False,,|c|o|l|d| |w|e|b|r|e|n|d|e|r|,102210fe594ee9b33d82058545b1ed14f4c8206e,loadtime,imdb,True,imdb loadtime opt cold webrender,,77,ms,geckoview,,1816445046,2023-12-22T13:41:08,2942.0,8cd1fc9da2b45034679cc880c08d91e84d8e9516,1352862
autoland,4375374,13,92302d37db2c0dde32926e954404b4c8422e3f86,android-hw-a51-11-0-aarch64-shippable-qr,True,False,,|c|o|l|d| |w|e|b|r|e|n|d|e|r|,102210fe594ee9b33d82058545b1ed14f4c8206e,loadtime,imdb,True,imdb loadtime opt cold webrender,,77,ms,geckoview,,1816521720,2023-12-22T19:27:05,3369.1,ac9f813bbc0f39b5e52be4229972795f2ca6309b,1353028
autoland,4375374,13,92302d37db2c0dde32926e954404b4c8422e3f86,android-hw-a51-11-0-aarch64-shippable-qr,True,False,,|c|o|l|d| |w|e|b|r|e|n|d|e|r|,102210fe594ee9b33d82058545b1ed14f4c8206e,loadtime,imdb,True,imdb loadtime opt cold webrender,,77,ms,geckoview,,1816591819,2023-12-23T00:08:27,2965.7,58581f618255e51b846d0792b6abc3e5c2c67d51,1353154
autoland,4375374,13,92302d37db2c0dde32926e954404b4c8422e3f86,android-hw-a51-11-0-aarch64-shippable-qr,True,False,,|c|o|l|d| |w|e|b|r|e|n|d|e|r|,102210fe594ee9b33d82058545b1ed14f4c8206e,loadtime,imdb,True,imdb loadtime opt cold webrender,,77,ms,geckoview,,1816647552,2023-12-23T05:47:03,2937.7,8b92fb4e3f41d856629818bd2ecfc25bed23a643,1353193
autoland,4375374,13,92302d37db2c0dde32926e954404b4c8422e3f86,android-hw-a51-11-0-aarch64-shippable-qr,True,False,,|c|o|l|d| |w|e|b|r|e|n|d|e|r|,102210fe594ee9b33d82058545b1ed14f4c8206e,loadtime,imdb,True,imdb loadtime opt cold webrender,,77,ms,geckoview,,1816679230,2023-12-23T08:44:57,2880.1,6f7de1b98becd7269380a213d3eff367b81efe72,1353213
autoland,4375374,13,92302d37db2c0dde32926e954404b4c8422e3f86,android-hw-a51-11-0-aarch64-shippable-qr,True,False,,|c|o|l|d| |w|e|b|r|e|n|d|e|r|,102210fe594ee9b33d82058545b1ed14f4c8206e,loadtime,imdb,True,imdb loadtime opt cold webrender,,77,ms,geckoview,,1816776537,2023-12-23T15:53:06,2819.4,e6f85355d2f352d6bc64a11372bc8efc1ced07b8,1353251
autoland,4375374,13,92302d37db2c0dde32926e954404b4c8422e3f86,android-hw-a51-11-0-aarch64-shippable-qr,True,False,,|c|o|l|d| |w|e|b|r|e|n|d|e|r|,102210fe594ee9b33d82058545b1ed14f4c8206e,loadtime,imdb,True,imdb loadtime opt cold webrender,,77,ms,geckoview,,1816843576,2023-12-24T06:04:04,2954.6,0f896a4a54629904c55cc5e18aa1f6e387c9a697,1353282
autoland,4375374,13,92302d37db2c0dde32926e954404b4c8422e3f86,android-hw-a51-11-0-aarch64-shippable-qr,True,False,,|c|o|l|d| |w|e|b|r|e|n|d|e|r|,102210fe594ee9b33d82058545b1ed14f4c8206e,loadtime,imdb,True,imdb loadtime opt cold webrender,,77,ms,geckoview,,1816924759,2023-12-24T13:46:59,3088.9,a15215077df33152e936203ec411ea07343a3f36,1353302
autoland,4375374,13,92302d37db2c0dde32926e954404b4c8422e3f86,android-hw-a51-11-0-aarch64-shippable-qr,True,False,,|c|o|l|d| |w|e|b|r|e|n|d|e|r|,102210fe594ee9b33d82058545b1ed14f4c8206e,loadtime,imdb,True,imdb loadtime opt cold webrender,,77,ms,geckoview,,1816976733,2023-12-24T18:13:48,2853.3,65471d13c8aaa5b3c5aa872ca12360b7f26ad6e0,1353317
autoland,4375374,13,92302d37db2c0dde32926e954404b4c8422e3f86,android-hw-a51-11-0-aarch64-shippable-qr,True,False,,|c|o|l|d| |w|e|b|r|e|n|d|e|r|,102210fe594ee9b33d82058545b1ed14f4c8206e,loadtime,imdb,True,imdb loadtime opt cold webrender,,77,ms,geckoview,,1817041197,2023-12-25T01:21:58,3010.0,29784c387017c900dc842f070d5cd88464dfc494,1353335
autoland,4375374,13,92302d37db2c0dde32926e954404b4c8422e3f86,android-hw-a51-11-0-aarch64-shippable-qr,True,False,,|c|o|l|d| |w|e|b|r|e|n|d|e|r|,102210fe594ee9b33d82058545b1ed14f4c8206e,loadtime,imdb,True,imdb loadtime opt cold webrender,,77,ms,geckoview,,1817085629,2023-12-25T05:53:22,2826.5,f69f493b2f3cde5ef4b46b9675cfd4708287666e,1353343
autoland,4375374,13,92302d37db2c0dde32926e954404b4c8422e3f86,android-hw-a51-11-0-aarch64-shippable-qr,True,False,,|c|o|l|d| |w|e|b|r|e|n|d|e|r|,102210fe594ee9b33d82058545b1ed14f4c8206e,loadtime,imdb,True,imdb loadtime opt cold webrender,,77,ms,geckoview,,1817173188,2023-12-25T12:57:04,2928.1,b9600c5aa59e300200656691d1f1997593caafbd,1353372
autoland,4375374,13,92302d37db2c0dde32926e954404b4c8422e3f86,android-hw-a51-11-0-aarch64-shippable-qr,True,False,,|c|o|l|d| |w|e|b|r|e|n|d|e|r|,102210fe594ee9b33d82058545b1ed14f4c8206e,loadtime,imdb,True,imdb loadtime opt cold webrender,,77,ms,geckoview,,1817199535,2023-12-25T17:10:06,2882.2,fdd85a789550f85e20e7b7128f2b3316cbc76640,1353386
autoland,4375374,13,92302d37db2c0dde32926e954404b4c8422e3f86,android-hw-a51-11-0-aarch64-shippable-qr,True,False,,|c|o|l|d| |w|e|b|r|e|n|d|e|r|,102210fe594ee9b33d82058545b1ed14f4c8206e,loadtime,imdb,True,imdb loadtime opt cold webrender,,77,ms,geckoview,,1817238889,2023-12-25T21:32:12,2921.6,ba6abbd36b496501cea141e17b61af674a18e279,1353402
autoland,4375374,13,92302d37db2c0dde32926e954404b4c8422e3f86,android-hw-a51-11-0-aarch64-shippable-qr,True,False,,|c|o|l|d| |w|e|b|r|e|n|d|e|r|,102210fe594ee9b33d82058545b1ed14f4c8206e,loadtime,imdb,True,imdb loadtime opt cold webrender,,77,ms,geckoview,441391445,1817303505,2023-12-26T03:31:03,2880.2,280c0b4dd9140984e6177c89f5858ceac6ae0107,1353431
autoland,4375374,13,92302d37db2c0dde32926e954404b4c8422e3f86,android-hw-a51-11-0-aarch64-shippable-qr,True,False,,|c|o|l|d| |w|e|b|r|e|n|d|e|r|,102210fe594ee9b33d82058545b1ed14f4c8206e,loadtime,imdb,True,imdb loadtime opt cold webrender,,77,ms,geckoview,441397482,1817374806,2023-12-26T07:50:55,2861.7,7503b1d6a430d23303b6ec356b3388951a1eca83,1353461
autoland,4375374,13,92302d37db2c0dde32926e954404b4c8422e3f86,android-hw-a51-11-0-aarch64-shippable-qr,True,False,,|c|o|l|d| |w|e|b|r|e|n|d|e|r|,102210fe594ee9b33d82058545b1ed14f4c8206e,loadtime,imdb,True,imdb loadtime opt cold webrender,,77,ms,geckoview,441423349,1817463535,2023-12-26T11:52:29,2957.2,807f04c86e5d02f04afa662ade3d505a80a4f660,1353488
autoland,4375374,13,92302d37db2c0dde32926e954404b4c8422e3f86,android-hw-a51-11-0-aarch64-shippable-qr,True,False,,|c|o|l|d| |w|e|b|r|e|n|d|e|r|,102210fe594ee9b33d82058545b1ed14f4c8206e,loadtime,imdb,True,imdb loadtime opt cold webrender,,77,ms,geckoview,441451476,1817552698,2023-12-27T02:56:18,2884.2,6d9a0abd0a3c26f4337aff723c15795fe91fe884,1353555
autoland,4375374,13,92302d37db2c0dde32926e954404b4c8422e3f86,android-hw-a51-11-0-aarch64-shippable-qr,True,False,,|c|o|l|d| |w|e|b|r|e|n|d|e|r|,102210fe594ee9b33d82058545b1ed14f4c8206e,loadtime,imdb,True,imdb loadtime opt cold webrender,,77,ms,geckoview,441493029,1817775589,2023-12-27T14:58:54,2838.6,856e86584c4c811f064f93e2b734dd374c787eaf,1353654
autoland,4375374,13,92302d37db2c0dde32926e954404b4c8422e3f86,android-hw-a51-11-0-aarch64-shippable-qr,True,False,,|c|o|l|d| |w|e|b|r|e|n|d|e|r|,102210fe594ee9b33d82058545b1ed14f4c8206e,loadtime,imdb,True,imdb loadtime opt cold webrender,,77,ms,geckoview,441507433,1817826762,2023-12-27T20:22:55,2971.2,97a27d8a860d5bd8ab2962d2f0e5e376287e527c,1353722
autoland,4375374,13,92302d37db2c0dde32926e954404b4c8422e3f86,android-hw-a51-11-0-aarch64-shippable-qr,True,False,,|c|o|l|d| |w|e|b|r|e|n|d|e|r|,102210fe594ee9b33d82058545b1ed14f4c8206e,loadtime,imdb,True,imdb loadtime opt cold webrender,,77,ms,geckoview,441527789,1817904242,2023-12-28T01:36:38,2920.2,00fe06571a66e6773ca7801e6747493299cf4bda,1353793
autoland,4375374,13,92302d37db2c0dde32926e954404b4c8422e3f86,android-hw-a51-11-0-aarch64-shippable-qr,True,False,,|c|o|l|d| |w|e|b|r|e|n|d|e|r|,102210fe594ee9b33d82058545b1ed14f4c8206e,loadtime,imdb,True,imdb loadtime opt cold webrender,,77,ms,geckoview,441553178,1818018307,2023-12-28T13:32:35,2908.1,10aa7423789835a7dbd24b0b44ad1ae2ad77b59b,1353834
autoland,4375374,13,92302d37db2c0dde32926e954404b4c8422e3f86,android-hw-a51-11-0-aarch64-shippable-qr,True,False,,|c|o|l|d| |w|e|b|r|e|n|d|e|r|,102210fe594ee9b33d82058545b1ed14f4c8206e,loadtime,imdb,True,imdb loadtime opt cold webrender,,77,ms,geckoview,441573843,1818184750,2023-12-28T17:48:27,2900.3,659e4e8345823ce8331b67df6c3865b76063e2c2,1353939
autoland,4375374,13,92302d37db2c0dde32926e954404b4c8422e3f86,android-hw-a51-11-0-aarch64-shippable-qr,True,False,,|c|o|l|d| |w|e|b|r|e|n|d|e|r|,102210fe594ee9b33d82058545b1ed14f4c8206e,loadtime,imdb,True,imdb loadtime opt cold webrender,,77,ms,geckoview,441601358,1818271403,2023-12-28T23:04:44,2873.7,0bd8678e10b6f0eb1d7e16cfe010ca8856e2bfcc,1354003
autoland,4375374,13,92302d37db2c0dde32926e954404b4c8422e3f86,android-hw-a51-11-0-aarch64-shippable-qr,True,False,,|c|o|l|d| |w|e|b|r|e|n|d|e|r|,102210fe594ee9b33d82058545b1ed14f4c8206e,loadtime,imdb,True,imdb loadtime opt cold webrender,,77,ms,geckoview,441615583,1818361767,2023-12-29T05:51:26,3079.0,25b973ec90316da3daa35b031e4a4e089d70443a,1354078
autoland,4375374,13,92302d37db2c0dde32926e954404b4c8422e3f86,android-hw-a51-11-0-aarch64-shippable-qr,True,False,,|c|o|l|d| |w|e|b|r|e|n|d|e|r|,102210fe594ee9b33d82058545b1ed14f4c8206e,loadtime,imdb,True,imdb loadtime opt cold webrender,,77,ms,geckoview,441662635,1818558205,2023-12-29T14:24:04,2934.7,4d00abb11b573ff386a9f02816ff81f2030e6dfe,1354164
autoland,4375374,13,92302d37db2c0dde32926e954404b4c8422e3f86,android-hw-a51-11-0-aarch64-shippable-qr,True,False,,|c|o|l|d| |w|e|b|r|e|n|d|e|r|,102210fe594ee9b33d82058545b1ed14f4c8206e,loadtime,imdb,True,imdb loadtime opt cold webrender,,77,ms,geckoview,441669178,1818576253,2023-12-29T16:09:29,3015.2,52b5c5b51719976906d668db1cd59b2b49315565,1354179
autoland,4375374,13,92302d37db2c0dde32926e954404b4c8422e3f86,android-hw-a51-11-0-aarch64-shippable-qr,True,False,,|c|o|l|d| |w|e|b|r|e|n|d|e|r|,102210fe594ee9b33d82058545b1ed14f4c8206e,loadtime,imdb,True,imdb loadtime opt cold webrender,,77,ms,geckoview,441691082,1818600381,2023-12-29T20:10:09,2930.3,8d822c618985176a1d4ebc4eedcd5a388e798418,1354279
autoland,4375374,13,92302d37db2c0dde32926e954404b4c8422e3f86,android-hw-a51-11-0-aarch64-shippable-qr,True,False,,|c|o|l|d| |w|e|b|r|e|n|d|e|r|,102210fe594ee9b33d82058545b1ed14f4c8206e,loadtime,imdb,True,imdb loadtime opt cold webrender,,77,ms,geckoview,441706923,1818697393,2023-12-30T03:46:41,2862.4,15c3c77f07b45a04b27a42ab403aadaaed857fff,1354316
autoland,4375374,13,92302d37db2c0dde32926e954404b4c8422e3f86,android-hw-a51-11-0-aarch64-shippable-qr,True,False,,|c|o|l|d| |w|e|b|r|e|n|d|e|r|,102210fe594ee9b33d82058545b1ed14f4c8206e,loadtime,imdb,True,imdb loadtime opt cold webrender,,77,ms,geckoview,441719121,1818740765,2023-12-30T08:00:00,2868.2,9660032084db64efbe9cbbf4c47a38d0a6c36c9f,1354351
autoland,4375374,13,92302d37db2c0dde32926e954404b4c8422e3f86,android-hw-a51-11-0-aarch64-shippable-qr,True,False,,|c|o|l|d| |w|e|b|r|e|n|d|e|r|,102210fe594ee9b33d82058545b1ed14f4c8206e,loadtime,imdb,True,imdb loadtime opt cold webrender,,77,ms,geckoview,441744247,1818813997,2023-12-30T12:53:05,2920.1,94ab264a143c3086d948c401c047297f01b76527,1354380
autoland,4375374,13,92302d37db2c0dde32926e954404b4c8422e3f86,android-hw-a51-11-0-aarch64-shippable-qr,True,False,,|c|o|l|d| |w|e|b|r|e|n|d|e|r|,102210fe594ee9b33d82058545b1ed14f4c8206e,loadtime,imdb,True,imdb loadtime opt cold webrender,,77,ms,geckoview,441757927,1818871417,2023-12-30T17:18:37,2927.7,3e9c9290e422e1f39255953e22e3d8bfe8234425,1354396
autoland,4375374,13,92302d37db2c0dde32926e954404b4c8422e3f86,android-hw-a51-11-0-aarch64-shippable-qr,True,False,,|c|o|l|d| |w|e|b|r|e|n|d|e|r|,102210fe594ee9b33d82058545b1ed14f4c8206e,loadtime,imdb,True,imdb loadtime opt cold webrender,,77,ms,geckoview,441777813,1818979722,2023-12-31T00:47:53,2923.0,be0bfc7f906523649c68f45d4b25ca752bfc701c,1354421
autoland,4375374,13,92302d37db2c0dde32926e954404b4c8422e3f86,android-hw-a51-11-0-aarch64-shippable-qr,True,False,,|c|o|l|d| |w|e|b|r|e|n|d|e|r|,102210fe594ee9b33d82058545b1ed14f4c8206e,loadtime,imdb,True,imdb loadtime opt cold webrender,,77,ms,geckoview,441810059,1819133777,2023-12-31T16:29:03,2971.7,30b0d1ecdc26a3e4753bef7807739106282ed827,1354470
autoland,4375374,13,92302d37db2c0dde32926e954404b4c8422e3f86,android-hw-a51-11-0-aarch64-shippable-qr,True,False,,|c|o|l|d| |w|e|b|r|e|n|d|e|r|,102210fe594ee9b33d82058545b1ed14f4c8206e,loadtime,imdb,True,imdb loadtime opt cold webrender,,77,ms,geckoview,441821896,1819204457,2023-12-31T21:56:05,2910.4,430d1a5b377307a1050c23ae96cab333c5a33be8,1354489
autoland,4375374,13,92302d37db2c0dde32926e954404b4c8422e3f86,android-hw-a51-11-0-aarch64-shippable-qr,True,False,,|c|o|l|d| |w|e|b|r|e|n|d|e|r|,102210fe594ee9b33d82058545b1ed14f4c8206e,loadtime,imdb,True,imdb loadtime opt cold webrender,,77,ms,geckoview,441851131,1819308304,2024-01-01T15:22:20,2873.6,da3b8f5f832d95192044762406363fda8d55ef19,1354571
autoland,4375374,13,92302d37db2c0dde32926e954404b4c8422e3f86,android-hw-a51-11-0-aarch64-shippable-qr,True,False,,|c|o|l|d| |w|e|b|r|e|n|d|e|r|,102210fe594ee9b33d82058545b1ed14f4c8206e,loadtime,imdb,True,imdb loadtime opt cold webrender,,77,ms,geckoview,441853329,1819344694,2024-01-01T20:27:36,2910.7,42461c8e1289d1829e0902914b12524c1fffa0a1,1354574
autoland,4375374,13,92302d37db2c0dde32926e954404b4c8422e3f86,android-hw-a51-11-0-aarch64-shippable-qr,True,False,,|c|o|l|d| |w|e|b|r|e|n|d|e|r|,102210fe594ee9b33d82058545b1ed14f4c8206e,loadtime,imdb,True,imdb loadtime opt cold webrender,,77,ms,geckoview,441879505,1819464303,2024-01-02T07:16:40,2942.6,60c369c930dc96abae06a2e0ad6833a3574b803f,1354603
autoland,4375374,13,92302d37db2c0dde32926e954404b4c8422e3f86,android-hw-a51-11-0-aarch64-shippable-qr,True,False,,|c|o|l|d| |w|e|b|r|e|n|d|e|r|,102210fe594ee9b33d82058545b1ed14f4c8206e,loadtime,imdb,True,imdb loadtime opt cold webrender,,77,ms,geckoview,441904846,1819546656,2024-01-02T11:19:41,2900.3,399d9781e72b3a4a01e67c7f902f80c9df9da386,1354672
autoland,4375374,13,92302d37db2c0dde32926e954404b4c8422e3f86,android-hw-a51-11-0-aarch64-shippable-qr,True,False,,|c|o|l|d| |w|e|b|r|e|n|d|e|r|,102210fe594ee9b33d82058545b1ed14f4c8206e,loadtime,imdb,True,imdb loadtime opt cold webrender,,77,ms,geckoview,441930291,1819706093,2024-01-02T15:21:54,2895.2,9f15f6c0236cc27aa82549841609068645c13445,1354784
autoland,4375374,13,92302d37db2c0dde32926e954404b4c8422e3f86,android-hw-a51-11-0-aarch64-shippable-qr,True,False,,|c|o|l|d| |w|e|b|r|e|n|d|e|r|,102210fe594ee9b33d82058545b1ed14f4c8206e,loadtime,imdb,True,imdb loadtime opt cold webrender,,77,ms,geckoview,441931737,1819724887,2024-01-02T15:38:43,2907.5,c44f0d09630a8cf36dac42c4eb31bf2a9395bf90,1354794
autoland,4375374,13,92302d37db2c0dde32926e954404b4c8422e3f86,android-hw-a51-11-0-aarch64-shippable-qr,True,False,,|c|o|l|d| |w|e|b|r|e|n|d|e|r|,102210fe594ee9b33d82058545b1ed14f4c8206e,loadtime,imdb,True,imdb loadtime opt cold webrender,,77,ms,geckoview,441956861,1819769466,2024-01-02T20:40:29,3072.8,cc67c788cded515a24f96c72c8a12b87a2cd1b3a,1354935
autoland,4375374,13,92302d37db2c0dde32926e954404b4c8422e3f86,android-hw-a51-11-0-aarch64-shippable-qr,True,False,,|c|o|l|d| |w|e|b|r|e|n|d|e|r|,102210fe594ee9b33d82058545b1ed14f4c8206e,loadtime,imdb,True,imdb loadtime opt cold webrender,,77,ms,geckoview,441992139,1819917807,2024-01-03T08:18:49,2874.1,655286516798565db497786ca92d9a8f7f7744bf,1355061
autoland,4375374,13,92302d37db2c0dde32926e954404b4c8422e3f86,android-hw-a51-11-0-aarch64-shippable-qr,True,False,,|c|o|l|d| |w|e|b|r|e|n|d|e|r|,102210fe594ee9b33d82058545b1ed14f4c8206e,loadtime,imdb,True,imdb loadtime opt cold webrender,,77,ms,geckoview,442027931,1820001628,2024-01-03T12:27:12,2923.4,9ea90dc23395fc3e2d9d2bd18598cc49434eeff1,1355126
autoland,4375374,13,92302d37db2c0dde32926e954404b4c8422e3f86,android-hw-a51-11-0-aarch64-shippable-qr,True,False,,|c|o|l|d| |w|e|b|r|e|n|d|e|r|,102210fe594ee9b33d82058545b1ed14f4c8206e,loadtime,imdb,True,imdb loadtime opt cold webrender,,77,ms,geckoview,442052577,1820163482,2024-01-03T16:19:36,2898.4,6aab4af4cab879cc95debd549578bc909a21cff7,1355230
autoland,4375374,13,92302d37db2c0dde32926e954404b4c8422e3f86,android-hw-a51-11-0-aarch64-shippable-qr,True,False,,|c|o|l|d| |w|e|b|r|e|n|d|e|r|,102210fe594ee9b33d82058545b1ed14f4c8206e,loadtime,imdb,True,imdb loadtime opt cold webrender,,77,ms,geckoview,442074563,1820222823,2024-01-03T20:41:01,2932.1,c5a68fbf81d038a69c4e9be728d50030fd0d6271,1355381
autoland,4375374,13,92302d37db2c0dde32926e954404b4c8422e3f86,android-hw-a51-11-0-aarch64-shippable-qr,True,False,,|c|o|l|d| |w|e|b|r|e|n|d|e|r|,102210fe594ee9b33d82058545b1ed14f4c8206e,loadtime,imdb,True,imdb loadtime opt cold webrender,,77,ms,geckoview,442074629,1820237390,2024-01-03T20:57:48,2912.8,d071b2f4ff07e1815cfa6650ffafb87c9b7e9fb1,1355389
autoland,4375374,13,92302d37db2c0dde32926e954404b4c8422e3f86,android-hw-a51-11-0-aarch64-shippable-qr,True,False,,|c|o|l|d| |w|e|b|r|e|n|d|e|r|,102210fe594ee9b33d82058545b1ed14f4c8206e,loadtime,imdb,True,imdb loadtime opt cold webrender,,77,ms,geckoview,442095923,1820310880,2024-01-04T01:41:43,3078.4,99d5c9d12fe8a000d9b092346826d2101720ee5f,1355473
autoland,4375374,13,92302d37db2c0dde32926e954404b4c8422e3f86,android-hw-a51-11-0-aarch64-shippable-qr,True,False,,|c|o|l|d| |w|e|b|r|e|n|d|e|r|,102210fe594ee9b33d82058545b1ed14f4c8206e,loadtime,imdb,True,imdb loadtime opt cold webrender,,77,ms,geckoview,442107890,1820370036,2024-01-04T05:54:21,2841.2,c285a1e59436529ca8d4acd4acf55d45e4277b1b,1355496
autoland,4375374,13,92302d37db2c0dde32926e954404b4c8422e3f86,android-hw-a51-11-0-aarch64-shippable-qr,True,False,,|c|o|l|d| |w|e|b|r|e|n|d|e|r|,102210fe594ee9b33d82058545b1ed14f4c8206e,loadtime,imdb,True,imdb loadtime opt cold webrender,,77,ms,geckoview,442138194,1820488971,2024-01-04T11:10:14,2898.1,740351987a4ee46ea2c571e5824e859680bda968,1355581
autoland,4375374,13,92302d37db2c0dde32926e954404b4c8422e3f86,android-hw-a51-11-0-aarch64-shippable-qr,True,False,,|c|o|l|d| |w|e|b|r|e|n|d|e|r|,102210fe594ee9b33d82058545b1ed14f4c8206e,loadtime,imdb,True,imdb loadtime opt cold webrender,,77,ms,geckoview,442171941,1820639488,2024-01-04T15:17:03,2895.8,45533d2448ef281f6e604ca7626c0a6ecce3e188,1355683
autoland,4375374,13,92302d37db2c0dde32926e954404b4c8422e3f86,android-hw-a51-11-0-aarch64-shippable-qr,True,False,,|c|o|l|d| |w|e|b|r|e|n|d|e|r|,102210fe594ee9b33d82058545b1ed14f4c8206e,loadtime,imdb,True,imdb loadtime opt cold webrender,,77,ms,geckoview,442180393,1820702366,2024-01-04T15:42:51,2909.2,0a133d5fd15504b371307e44739e8f97c80096b9,1355702
autoland,4375374,13,92302d37db2c0dde32926e954404b4c8422e3f86,android-hw-a51-11-0-aarch64-shippable-qr,True,False,,|c|o|l|d| |w|e|b|r|e|n|d|e|r|,102210fe594ee9b33d82058545b1ed14f4c8206e,loadtime,imdb,True,imdb loadtime opt cold webrender,,77,ms,geckoview,442198736,1820746479,2024-01-04T19:37:18,2923.3,048b65210703dec3aec972f180b52548b2664f7d,1355859
autoland,4375374,13,92302d37db2c0dde32926e954404b4c8422e3f86,android-hw-a51-11-0-aarch64-shippable-qr,True,False,,|c|o|l|d| |w|e|b|r|e|n|d|e|r|,102210fe594ee9b33d82058545b1ed14f4c8206e,loadtime,imdb,True,imdb loadtime opt cold webrender,,77,ms,geckoview,442240349,1820931133,2024-01-05T00:18:01,2910.6,84d53ee96a81d7e514d24d1fb3160e91d9cee533,1356034
autoland,4375374,13,92302d37db2c0dde32926e954404b4c8422e3f86,android-hw-a51-11-0-aarch64-shippable-qr,True,False,,|c|o|l|d| |w|e|b|r|e|n|d|e|r|,102210fe594ee9b33d82058545b1ed14f4c8206e,loadtime,imdb,True,imdb loadtime opt cold webrender,,77,ms,geckoview,442239011,1820913164,2024-01-05T00:22:57,2974.3,fab155eb519c68377a585ffdc537174653ab847b,1356036
autoland,4375374,13,92302d37db2c0dde32926e954404b4c8422e3f86,android-hw-a51-11-0-aarch64-shippable-qr,True,False,,|c|o|l|d| |w|e|b|r|e|n|d|e|r|,102210fe594ee9b33d82058545b1ed14f4c8206e,loadtime,imdb,True,imdb loadtime opt cold webrender,,77,ms,geckoview,442251134,1821005150,2024-01-05T04:43:02,2983.1,376266ac23d50822ae8c18d60d1577f0b89b7c03,1356081
autoland,4375374,13,92302d37db2c0dde32926e954404b4c8422e3f86,android-hw-a51-11-0-aarch64-shippable-qr,True,False,,|c|o|l|d| |w|e|b|r|e|n|d|e|r|,102210fe594ee9b33d82058545b1ed14f4c8206e,loadtime,imdb,True,imdb loadtime opt cold webrender,,77,ms,geckoview,442267368,1821102916,2024-01-05T08:43:49,2938.7,fa9bfcd5f0dbd19a8aaafddc25f6f73e4bcfd484,1356147
autoland,4375374,13,92302d37db2c0dde32926e954404b4c8422e3f86,android-hw-a51-11-0-aarch64-shippable-qr,True,False,,|c|o|l|d| |w|e|b|r|e|n|d|e|r|,102210fe594ee9b33d82058545b1ed14f4c8206e,loadtime,imdb,True,imdb loadtime opt cold webrender,,77,ms,geckoview,442305153,1821203999,2024-01-05T12:49:29,2880.8,30bc5759ffcd80a2febc0a054214a3c910d31aea,1356208
autoland,4375374,13,92302d37db2c0dde32926e954404b4c8422e3f86,android-hw-a51-11-0-aarch64-shippable-qr,True,False,,|c|o|l|d| |w|e|b|r|e|n|d|e|r|,102210fe594ee9b33d82058545b1ed14f4c8206e,loadtime,imdb,True,imdb loadtime opt cold webrender,,77,ms,geckoview,442335213,1821372839,2024-01-05T17:02:32,3116.5,d2e417f0f208016a0a4e369e822a12e20ef4fc5f,1356351
autoland,4375374,13,92302d37db2c0dde32926e954404b4c8422e3f86,android-hw-a51-11-0-aarch64-shippable-qr,True,False,,|c|o|l|d| |w|e|b|r|e|n|d|e|r|,102210fe594ee9b33d82058545b1ed14f4c8206e,loadtime,imdb,True,imdb loadtime opt cold webrender,,77,ms,geckoview,442350631,1821395068,2024-01-05T19:52:18,2949.4,567f5a81c44108f44c4e694af42be8f209da4c0a,1356444
autoland,4375374,13,92302d37db2c0dde32926e954404b4c8422e3f86,android-hw-a51-11-0-aarch64-shippable-qr,True,False,,|c|o|l|d| |w|e|b|r|e|n|d|e|r|,102210fe594ee9b33d82058545b1ed14f4c8206e,loadtime,imdb,True,imdb loadtime opt cold webrender,,77,ms,geckoview,442382499,1821515376,2024-01-06T00:04:36,2894.9,2a86438878465bd10e251c52285e2455425bfeb9,1356549
autoland,4375374,13,92302d37db2c0dde32926e954404b4c8422e3f86,android-hw-a51-11-0-aarch64-shippable-qr,True,False,,|c|o|l|d| |w|e|b|r|e|n|d|e|r|,102210fe594ee9b33d82058545b1ed14f4c8206e,loadtime,imdb,True,imdb loadtime opt cold webrender,,77,ms,geckoview,442380869,1821505771,2024-01-06T00:21:54,2953.4,ce6cf7dcf8b16c2a478f122f8bab575231c99881,1356554
autoland,4375374,13,92302d37db2c0dde32926e954404b4c8422e3f86,android-hw-a51-11-0-aarch64-shippable-qr,True,False,,|c|o|l|d| |w|e|b|r|e|n|d|e|r|,102210fe594ee9b33d82058545b1ed14f4c8206e,loadtime,imdb,True,imdb loadtime opt cold webrender,,77,ms,geckoview,442417399,1821701404,2024-01-06T12:48:14,2913.2,b54f34f26a3a753076473795a42574f426a960ee,1356631
autoland,4375374,13,92302d37db2c0dde32926e954404b4c8422e3f86,android-hw-a51-11-0-aarch64-shippable-qr,True,False,,|c|o|l|d| |w|e|b|r|e|n|d|e|r|,102210fe594ee9b33d82058545b1ed14f4c8206e,loadtime,imdb,True,imdb loadtime opt cold webrender,,77,ms,geckoview,442424761,1821745045,2024-01-06T17:09:10,2849.9,d6318b034527ed62918fa4fd893f093c084a6ccb,1356650
autoland,4375374,13,92302d37db2c0dde32926e954404b4c8422e3f86,android-hw-a51-11-0-aarch64-shippable-qr,True,False,,|c|o|l|d| |w|e|b|r|e|n|d|e|r|,102210fe594ee9b33d82058545b1ed14f4c8206e,loadtime,imdb,True,imdb loadtime opt cold webrender,,77,ms,geckoview,442444241,1821811446,2024-01-06T21:44:09,2935.5,1d9422a3e1d878f2f2c54ef4e836faabebfdfc9a,1356666
autoland,4375374,13,92302d37db2c0dde32926e954404b4c8422e3f86,android-hw-a51-11-0-aarch64-shippable-qr,True,False,,|c|o|l|d| |w|e|b|r|e|n|d|e|r|,102210fe594ee9b33d82058545b1ed14f4c8206e,loadtime,imdb,True,imdb loadtime opt cold webrender,,77,ms,geckoview,442482416,1822030756,2024-01-07T23:26:49,2906.1,47fc814524de5c30dfd7711cf3eda088303ad905,1356765
autoland,4375374,13,92302d37db2c0dde32926e954404b4c8422e3f86,android-hw-a51-11-0-aarch64-shippable-qr,True,False,,|c|o|l|d| |w|e|b|r|e|n|d|e|r|,102210fe594ee9b33d82058545b1ed14f4c8206e,loadtime,imdb,True,imdb loadtime opt cold webrender,,77,ms,geckoview,442485987,1822055196,2024-01-08T02:39:55,2978.8,750c44842f26873f40a2d09bc4ee94ecc4c39997,1356771
autoland,4375374,13,92302d37db2c0dde32926e954404b4c8422e3f86,android-hw-a51-11-0-aarch64-shippable-qr,True,False,,|c|o|l|d| |w|e|b|r|e|n|d|e|r|,102210fe594ee9b33d82058545b1ed14f4c8206e,loadtime,imdb,True,imdb loadtime opt cold webrender,,77,ms,geckoview,442534083,1822221900,2024-01-08T11:59:03,2911.9,f0a524f0a0085554a1bfdfe1320ee1e87caf7a94,1356886
autoland,4375374,13,92302d37db2c0dde32926e954404b4c8422e3f86,android-hw-a51-11-0-aarch64-shippable-qr,True,False,,|c|o|l|d| |w|e|b|r|e|n|d|e|r|,102210fe594ee9b33d82058545b1ed14f4c8206e,loadtime,imdb,True,imdb loadtime opt cold webrender,,77,ms,geckoview,442557820,1822392240,2024-01-08T15:57:02,2845.8,fa142c3f71b8a5f5e5781fe41471dc1528cecd75,1357053
autoland,4375374,13,92302d37db2c0dde32926e954404b4c8422e3f86,android-hw-a51-11-0-aarch64-shippable-qr,True,False,,|c|o|l|d| |w|e|b|r|e|n|d|e|r|,102210fe594ee9b33d82058545b1ed14f4c8206e,loadtime,imdb,True,imdb loadtime opt cold webrender,,77,ms,geckoview,442591329,1822454971,2024-01-08T20:04:05,2889.0,41ae953b02271ceda653046c5072bfe0329c7e96,1357175
autoland,4375374,13,92302d37db2c0dde32926e954404b4c8422e3f86,android-hw-a51-11-0-aarch64-shippable-qr,True,False,,|c|o|l|d| |w|e|b|r|e|n|d|e|r|,102210fe594ee9b33d82058545b1ed14f4c8206e,loadtime,imdb,True,imdb loadtime opt cold webrender,,77,ms,geckoview,442630133,1822621250,2024-01-09T02:28:42,3136.7,ea866029ce2e23f03843038e1fd8ba7ca9ea30bb,1357330
autoland,4375374,13,92302d37db2c0dde32926e954404b4c8422e3f86,android-hw-a51-11-0-aarch64-shippable-qr,True,False,,|c|o|l|d| |w|e|b|r|e|n|d|e|r|,102210fe594ee9b33d82058545b1ed14f4c8206e,loadtime,imdb,True,imdb loadtime opt cold webrender,,77,ms,geckoview,442682535,1822919208,2024-01-09T11:20:33,2926.1,b29d6ace45f4ca84cd58b15ab4430194755a7056,1357465
autoland,4375374,13,92302d37db2c0dde32926e954404b4c8422e3f86,android-hw-a51-11-0-aarch64-shippable-qr,True,False,,|c|o|l|d| |w|e|b|r|e|n|d|e|r|,102210fe594ee9b33d82058545b1ed14f4c8206e,loadtime,imdb,True,imdb loadtime opt cold webrender,,77,ms,geckoview,442685426,1822949359,2024-01-09T11:56:06,2931.4,051ee8b6b5420d6e2ef877ed6ff3a70306257659,1357476
autoland,4375374,13,92302d37db2c0dde32926e954404b4c8422e3f86,android-hw-a51-11-0-aarch64-shippable-qr,True,False,,|c|o|l|d| |w|e|b|r|e|n|d|e|r|,102210fe594ee9b33d82058545b1ed14f4c8206e,loadtime,imdb,True,imdb loadtime opt cold webrender,,77,ms,geckoview,442722255,1823093839,2024-01-09T16:23:43,2865.3,39da72deac75c8026ae23df612934a7fc7c3693a,1357611
autoland,4375374,13,92302d37db2c0dde32926e954404b4c8422e3f86,android-hw-a51-11-0-aarch64-shippable-qr,True,False,,|c|o|l|d| |w|e|b|r|e|n|d|e|r|,102210fe594ee9b33d82058545b1ed14f4c8206e,loadtime,imdb,True,imdb loadtime opt cold webrender,,77,ms,geckoview,442726167,1823143957,2024-01-09T17:04:21,2921.0,65446098ef641575f65d67f1db14e51401e565de,1357636
autoland,4375374,13,92302d37db2c0dde32926e954404b4c8422e3f86,android-hw-a51-11-0-aarch64-shippable-qr,True,False,,|c|o|l|d| |w|e|b|r|e|n|d|e|r|,102210fe594ee9b33d82058545b1ed14f4c8206e,loadtime,imdb,True,imdb loadtime opt cold webrender,,77,ms,geckoview,442750658,1823238094,2024-01-09T20:55:28,2950.9,b089f828d54fe4d5fff32c8f142a603bc9d51325,1357773
autoland,4375374,13,92302d37db2c0dde32926e954404b4c8422e3f86,android-hw-a51-11-0-aarch64-shippable-qr,True,False,,|c|o|l|d| |w|e|b|r|e|n|d|e|r|,102210fe594ee9b33d82058545b1ed14f4c8206e,loadtime,imdb,True,imdb loadtime opt cold webrender,,77,ms,geckoview,442766278,1823334802,2024-01-09T23:58:45,2913.0,33d47d05c368a7b03c3843f70deb11c351eab0e7,1357896
autoland,4375374,13,92302d37db2c0dde32926e954404b4c8422e3f86,android-hw-a51-11-0-aarch64-shippable-qr,True,False,,|c|o|l|d| |w|e|b|r|e|n|d|e|r|,102210fe594ee9b33d82058545b1ed14f4c8206e,loadtime,imdb,True,imdb loadtime opt cold webrender,,77,ms,geckoview,442790163,1823466321,2024-01-10T06:33:00,3798.8,8d93c10892064c983f5603645b9f6db6494fac24,1357998
autoland,4375374,13,92302d37db2c0dde32926e954404b4c8422e3f86,android-hw-a51-11-0-aarch64-shippable-qr,True,False,,|c|o|l|d| |w|e|b|r|e|n|d|e|r|,102210fe594ee9b33d82058545b1ed14f4c8206e,loadtime,imdb,True,imdb loadtime opt cold webrender,,77,ms,geckoview,442816607,1823605277,2024-01-10T10:37:21,3763.6,c892e00c62dbbeba07a14640ce9baf3a7c27383d,1358093
autoland,4375374,13,92302d37db2c0dde32926e954404b4c8422e3f86,android-hw-a51-11-0-aarch64-shippable-qr,True,False,,|c|o|l|d| |w|e|b|r|e|n|d|e|r|,102210fe594ee9b33d82058545b1ed14f4c8206e,loadtime,imdb,True,imdb loadtime opt cold webrender,,77,ms,geckoview,442830103,1823630300,2024-01-10T11:50:05,3779.1,645f7ed438fb8172e3e4db34d3d7821251ae066c,1358132
autoland,4375374,13,92302d37db2c0dde32926e954404b4c8422e3f86,android-hw-a51-11-0-aarch64-shippable-qr,True,False,,|c|o|l|d| |w|e|b|r|e|n|d|e|r|,102210fe594ee9b33d82058545b1ed14f4c8206e,loadtime,imdb,True,imdb loadtime opt cold webrender,,77,ms,geckoview,442858855,1823763622,2024-01-10T15:53:53,3804.6,abbd6756776d8ea1ff22b8a5ee76e1417583f893,1358258
autoland,4375374,13,92302d37db2c0dde32926e954404b4c8422e3f86,android-hw-a51-11-0-aarch64-shippable-qr,True,False,,|c|o|l|d| |w|e|b|r|e|n|d|e|r|,102210fe594ee9b33d82058545b1ed14f4c8206e,loadtime,imdb,True,imdb loadtime opt cold webrender,,77,ms,geckoview,442881138,1823840925,2024-01-10T20:02:55,3937.2,13107fcd50cf2795a397cd8d72ce290a0b34a909,1358406
autoland,4375374,13,92302d37db2c0dde32926e954404b4c8422e3f86,android-hw-a51-11-0-aarch64-shippable-qr,True,False,,|c|o|l|d| |w|e|b|r|e|n|d|e|r|,102210fe594ee9b33d82058545b1ed14f4c8206e,loadtime,imdb,True,imdb loadtime opt cold webrender,,77,ms,geckoview,442906455,1823954285,2024-01-11T01:22:24,3791.3,1a93f0a64a7f897212da58c5753433922e0953cb,1358548
autoland,4375374,13,92302d37db2c0dde32926e954404b4c8422e3f86,android-hw-a51-11-0-aarch64-shippable-qr,True,False,,|c|o|l|d| |w|e|b|r|e|n|d|e|r|,102210fe594ee9b33d82058545b1ed14f4c8206e,loadtime,imdb,True,imdb loadtime opt cold webrender,,77,ms,geckoview,442925560,1824059276,2024-01-11T07:34:58,3642.2,53b379d2ca1da12d341d8c9f8e59575152c88b27,1358622
autoland,4375374,13,92302d37db2c0dde32926e954404b4c8422e3f86,android-hw-a51-11-0-aarch64-shippable-qr,True,False,,|c|o|l|d| |w|e|b|r|e|n|d|e|r|,102210fe594ee9b33d82058545b1ed14f4c8206e,loadtime,imdb,True,imdb loadtime opt cold webrender,,77,ms,geckoview,442939436,1824119717,2024-01-11T09:13:52,3751.2,0bd36479d605b1a8748ee37096ff0d54383f0402,1358650
autoland,4375374,13,92302d37db2c0dde32926e954404b4c8422e3f86,android-hw-a51-11-0-aarch64-shippable-qr,True,False,,|c|o|l|d| |w|e|b|r|e|n|d|e|r|,102210fe594ee9b33d82058545b1ed14f4c8206e,loadtime,imdb,True,imdb loadtime opt cold webrender,,77,ms,geckoview,442969638,1824204070,2024-01-11T13:33:40,3740.6,9e9da9a3335070604e4d44a2a97d897ca73a4c16,1358737
autoland,4375374,13,92302d37db2c0dde32926e954404b4c8422e3f86,android-hw-a51-11-0-aarch64-shippable-qr,True,False,,|c|o|l|d| |w|e|b|r|e|n|d|e|r|,102210fe594ee9b33d82058545b1ed14f4c8206e,loadtime,imdb,True,imdb loadtime opt cold webrender,,77,ms,geckoview,442985417,1824288892,2024-01-11T15:31:24,3739.7,0fbc415c1704aee17dbd065e8d41e057993f1797,1358816
autoland,4375374,13,92302d37db2c0dde32926e954404b4c8422e3f86,android-hw-a51-11-0-aarch64-shippable-qr,True,False,,|c|o|l|d| |w|e|b|r|e|n|d|e|r|,102210fe594ee9b33d82058545b1ed14f4c8206e,loadtime,imdb,True,imdb loadtime opt cold webrender,,77,ms,geckoview,443017210,1824394490,2024-01-11T19:45:18,3980.3,51d3d025e7fa3113193da45b9c1b1d792060a4c3,1358981
autoland,4375374,13,92302d37db2c0dde32926e954404b4c8422e3f86,android-hw-a51-11-0-aarch64-shippable-qr,True,False,,|c|o|l|d| |w|e|b|r|e|n|d|e|r|,102210fe594ee9b33d82058545b1ed14f4c8206e,loadtime,imdb,True,imdb loadtime opt cold webrender,,77,ms,geckoview,443023022,1824422879,2024-01-11T20:05:09,3743.2,8f1e9e2c902a89cfb9f9ea20307fb3ee8a91a4af,1358995
autoland,4375374,13,92302d37db2c0dde32926e954404b4c8422e3f86,android-hw-a51-11-0-aarch64-shippable-qr,True,False,,|c|o|l|d| |w|e|b|r|e|n|d|e|r|,102210fe594ee9b33d82058545b1ed14f4c8206e,loadtime,imdb,True,imdb loadtime opt cold webrender,,77,ms,geckoview,443054199,1824585159,2024-01-12T01:35:24,3731.1,1d2ccbe0bb6db4d9628b16914b33c5dc5e9406dc,1359176
autoland,4375374,13,92302d37db2c0dde32926e954404b4c8422e3f86,android-hw-a51-11-0-aarch64-shippable-qr,True,False,,|c|o|l|d| |w|e|b|r|e|n|d|e|r|,102210fe594ee9b33d82058545b1ed14f4c8206e,loadtime,imdb,True,imdb loadtime opt cold webrender,,77,ms,geckoview,443069762,1824675490,2024-01-12T05:09:20,3665.1,1dc9f987063cf678f5c26e7534eadc8bfd186fa9,1359210
autoland,4375374,13,92302d37db2c0dde32926e954404b4c8422e3f86,android-hw-a51-11-0-aarch64-shippable-qr,True,False,,|c|o|l|d| |w|e|b|r|e|n|d|e|r|,102210fe594ee9b33d82058545b1ed14f4c8206e,loadtime,imdb,True,imdb loadtime opt cold webrender,,77,ms,geckoview,443095919,1824845206,2024-01-12T09:17:33,3711.1,734e2e027196a9d64120ebf11a01a1b03e494d43,1359269
autoland,4375374,13,92302d37db2c0dde32926e954404b4c8422e3f86,android-hw-a51-11-0-aarch64-shippable-qr,True,False,,|c|o|l|d| |w|e|b|r|e|n|d|e|r|,102210fe594ee9b33d82058545b1ed14f4c8206e,loadtime,imdb,True,imdb loadtime opt cold webrender,,77,ms,geckoview,443098392,1824864792,2024-01-12T09:50:00,3840.9,04e959fcffc3608cfdc8e3812cac822a94eb7f79,1359287
autoland,4375374,13,92302d37db2c0dde32926e954404b4c8422e3f86,android-hw-a51-11-0-aarch64-shippable-qr,True,False,,|c|o|l|d| |w|e|b|r|e|n|d|e|r|,102210fe594ee9b33d82058545b1ed14f4c8206e,loadtime,imdb,True,imdb loadtime opt cold webrender,,77,ms,geckoview,443127440,1825007607,2024-01-12T13:58:07,3829.9,ce67ec7f0570e0dbbb4af59d868791341b3ae825,1359382
autoland,4375374,13,92302d37db2c0dde32926e954404b4c8422e3f86,android-hw-a51-11-0-aarch64-shippable-qr,True,False,,|c|o|l|d| |w|e|b|r|e|n|d|e|r|,102210fe594ee9b33d82058545b1ed14f4c8206e,loadtime,imdb,True,imdb loadtime opt cold webrender,,77,ms,geckoview,443139669,1825116632,2024-01-12T15:59:03,3640.6,ca885660ea6d70595474b1663ce6806f7a86a6ea,1359473
autoland,4375374,13,92302d37db2c0dde32926e954404b4c8422e3f86,android-hw-a51-11-0-aarch64-shippable-qr,True,False,,|c|o|l|d| |w|e|b|r|e|n|d|e|r|,102210fe594ee9b33d82058545b1ed14f4c8206e,loadtime,imdb,True,imdb loadtime opt cold webrender,,77,ms,geckoview,443164710,1825223920,2024-01-12T19:38:29,3756.2,00f949eecc1be917553e235f582aeb7e1e1146fd,1359666
autoland,4375374,13,92302d37db2c0dde32926e954404b4c8422e3f86,android-hw-a51-11-0-aarch64-shippable-qr,True,False,,|c|o|l|d| |w|e|b|r|e|n|d|e|r|,102210fe594ee9b33d82058545b1ed14f4c8206e,loadtime,imdb,True,imdb loadtime opt cold webrender,,77,ms,geckoview,443184758,1825296865,2024-01-12T23:40:01,3772.8,53d4d65c33f1a556689dd9de738b173142e52749,1359778
autoland,4375374,13,92302d37db2c0dde32926e954404b4c8422e3f86,android-hw-a51-11-0-aarch64-shippable-qr,True,False,,|c|o|l|d| |w|e|b|r|e|n|d|e|r|,102210fe594ee9b33d82058545b1ed14f4c8206e,loadtime,imdb,True,imdb loadtime opt cold webrender,,77,ms,geckoview,443204789,1825432727,2024-01-13T08:47:40,3738.9,1c1cef3dae75411dbe9bc03547274f506cade636,1359844
autoland,4375374,13,92302d37db2c0dde32926e954404b4c8422e3f86,android-hw-a51-11-0-aarch64-shippable-qr,True,False,,|c|o|l|d| |w|e|b|r|e|n|d|e|r|,102210fe594ee9b33d82058545b1ed14f4c8206e,loadtime,imdb,True,imdb loadtime opt cold webrender,,77,ms,geckoview,443227654,1825540302,2024-01-13T14:38:07,3761.1,9e96d1447f6c77f15bcd1c7fa432cefae4418038,1359886
autoland,4375374,13,92302d37db2c0dde32926e954404b4c8422e3f86,android-hw-a51-11-0-aarch64-shippable-qr,True,False,,|c|o|l|d| |w|e|b|r|e|n|d|e|r|,102210fe594ee9b33d82058545b1ed14f4c8206e,loadtime,imdb,True,imdb loadtime opt cold webrender,,77,ms,geckoview,443248855,1825612414,2024-01-13T23:22:39,3794.5,05b08c9f9a5822b969513dda16d5f55e322ade4f,1359908
autoland,4375374,13,92302d37db2c0dde32926e954404b4c8422e3f86,android-hw-a51-11-0-aarch64-shippable-qr,True,False,,|c|o|l|d| |w|e|b|r|e|n|d|e|r|,102210fe594ee9b33d82058545b1ed14f4c8206e,loadtime,imdb,True,imdb loadtime opt cold webrender,,77,ms,geckoview,443275255,1825768183,2024-01-14T13:25:52,3716.3,b24d63d72f77a64fe5d8bce6420b88e7e0c4d9da,1359942
autoland,4375374,13,92302d37db2c0dde32926e954404b4c8422e3f86,android-hw-a51-11-0-aarch64-shippable-qr,True,False,,|c|o|l|d| |w|e|b|r|e|n|d|e|r|,102210fe594ee9b33d82058545b1ed14f4c8206e,loadtime,imdb,True,imdb loadtime opt cold webrender,,77,ms,geckoview,443298151,1825862587,2024-01-15T05:08:04,3674.1,de4567bec5231630b24dbc8a0f117c108e274afc,1360013
autoland,4375374,13,92302d37db2c0dde32926e954404b4c8422e3f86,android-hw-a51-11-0-aarch64-shippable-qr,True,False,,|c|o|l|d| |w|e|b|r|e|n|d|e|r|,102210fe594ee9b33d82058545b1ed14f4c8206e,loadtime,imdb,True,imdb loadtime opt cold webrender,,77,ms,geckoview,443302896,1825890338,2024-01-15T06:43:10,3824.0,fed0bf16c40eba956c10bb3214420acaf75ee212,1360023
autoland,4375374,13,92302d37db2c0dde32926e954404b4c8422e3f86,android-hw-a51-11-0-aarch64-shippable-qr,True,False,,|c|o|l|d| |w|e|b|r|e|n|d|e|r|,102210fe594ee9b33d82058545b1ed14f4c8206e,loadtime,imdb,True,imdb loadtime opt cold webrender,,77,ms,geckoview,443332755,1825992274,2024-01-15T11:02:38,3680.8,43598f45eee98e83ea2f55ce9a36e000770cf985,1360080
autoland,4375374,13,92302d37db2c0dde32926e954404b4c8422e3f86,android-hw-a51-11-0-aarch64-shippable-qr,True,False,,|c|o|l|d| |w|e|b|r|e|n|d|e|r|,102210fe594ee9b33d82058545b1ed14f4c8206e,loadtime,imdb,True,imdb loadtime opt cold webrender,,77,ms,geckoview,443342973,1826047111,2024-01-15T13:01:22,3778.7,253b1ef032b4e35683449c7af5d9effaa417e813,1360125
autoland,4375374,13,92302d37db2c0dde32926e954404b4c8422e3f86,android-hw-a51-11-0-aarch64-shippable-qr,True,False,,|c|o|l|d| |w|e|b|r|e|n|d|e|r|,102210fe594ee9b33d82058545b1ed14f4c8206e,loadtime,imdb,True,imdb loadtime opt cold webrender,,77,ms,geckoview,443368743,1826209496,2024-01-15T16:45:21,3688.9,a9ede7f8216422a86a2b25e0696d884c8a069b78,1360291
autoland,4375374,13,92302d37db2c0dde32926e954404b4c8422e3f86,android-hw-a51-11-0-aarch64-shippable-qr,True,False,,|c|o|l|d| |w|e|b|r|e|n|d|e|r|,102210fe594ee9b33d82058545b1ed14f4c8206e,loadtime,imdb,True,imdb loadtime opt cold webrender,,77,ms,geckoview,443405387,1826306140,2024-01-15T21:04:35,3721.1,8a68c5a8cac8300a140767d36eaed293e8f2664c,1360446
autoland,4375374,13,92302d37db2c0dde32926e954404b4c8422e3f86,android-hw-a51-11-0-aarch64-shippable-qr,True,False,,|c|o|l|d| |w|e|b|r|e|n|d|e|r|,102210fe594ee9b33d82058545b1ed14f4c8206e,loadtime,imdb,True,imdb loadtime opt cold webrender,,77,ms,geckoview,443424266,1826368492,2024-01-16T02:30:18,3753.7,02d1a62ad90af487d859bc4971a43862dceeda6e,1360561
autoland,4375374,13,92302d37db2c0dde32926e954404b4c8422e3f86,android-hw-a51-11-0-aarch64-shippable-qr,True,False,,|c|o|l|d| |w|e|b|r|e|n|d|e|r|,102210fe594ee9b33d82058545b1ed14f4c8206e,loadtime,imdb,True,imdb loadtime opt cold webrender,,77,ms,geckoview,443428596,1826424812,2024-01-16T03:41:09,3823.5,70cdba288eb3585a65e68748b4aecfe615cf92e8,1360576
autoland,4375374,13,92302d37db2c0dde32926e954404b4c8422e3f86,android-hw-a51-11-0-aarch64-shippable-qr,True,False,,|c|o|l|d| |w|e|b|r|e|n|d|e|r|,102210fe594ee9b33d82058545b1ed14f4c8206e,loadtime,imdb,True,imdb loadtime opt cold webrender,,77,ms,geckoview,443447690,1826534993,2024-01-16T08:02:14,4008.0,f2c924263ffece6d0b30e6a52dfd32792c5bf5ab,1360634
autoland,4375374,13,92302d37db2c0dde32926e954404b4c8422e3f86,android-hw-a51-11-0-aarch64-shippable-qr,True,False,,|c|o|l|d| |w|e|b|r|e|n|d|e|r|,102210fe594ee9b33d82058545b1ed14f4c8206e,loadtime,imdb,True,imdb loadtime opt cold webrender,,77,ms,geckoview,443485846,1826653283,2024-01-16T12:14:54,3725.8,b7a792b71de6beb8e167d10494fa1c387f55f9c2,1360755
autoland,4375374,13,92302d37db2c0dde32926e954404b4c8422e3f86,android-hw-a51-11-0-aarch64-shippable-qr,True,False,,|c|o|l|d| |w|e|b|r|e|n|d|e|r|,102210fe594ee9b33d82058545b1ed14f4c8206e,loadtime,imdb,True,imdb loadtime opt cold webrender,,77,ms,geckoview,443505821,1826756886,2024-01-16T16:10:42,3751.9,c57d859580d036c47f9c0140e247b012211f6475,1360921
autoland,4375374,13,92302d37db2c0dde32926e954404b4c8422e3f86,android-hw-a51-11-0-aarch64-shippable-qr,True,False,,|c|o|l|d| |w|e|b|r|e|n|d|e|r|,102210fe594ee9b33d82058545b1ed14f4c8206e,loadtime,imdb,True,imdb loadtime opt cold webrender,,77,ms,geckoview,443520399,1826832518,2024-01-16T18:47:57,3748.8,70d83d705e48aa6e7e7f765142176e775044db26,1361053
autoland,4375374,13,92302d37db2c0dde32926e954404b4c8422e3f86,android-hw-a51-11-0-aarch64-shippable-qr,True,False,,|c|o|l|d| |w|e|b|r|e|n|d|e|r|,102210fe594ee9b33d82058545b1ed14f4c8206e,loadtime,imdb,True,imdb loadtime opt cold webrender,,77,ms,geckoview,443544526,1826909803,2024-01-16T21:05:47,3702.1,be11cd2890f611f1552236eed7ffe53fba913a46,1361171
autoland,4375374,13,92302d37db2c0dde32926e954404b4c8422e3f86,android-hw-a51-11-0-aarch64-shippable-qr,True,False,,|c|o|l|d| |w|e|b|r|e|n|d|e|r|,102210fe594ee9b33d82058545b1ed14f4c8206e,loadtime,imdb,True,imdb loadtime opt cold webrender,,77,ms,geckoview,443555659,1826977499,2024-01-17T00:27:37,3739.3,2425c93f20f61b806df955141332d7cb553c6efb,1361277
autoland,4375374,13,92302d37db2c0dde32926e954404b4c8422e3f86,android-hw-a51-11-0-aarch64-shippable-qr,True,False,,|c|o|l|d| |w|e|b|r|e|n|d|e|r|,102210fe594ee9b33d82058545b1ed14f4c8206e,loadtime,imdb,True,imdb loadtime opt cold webrender,,77,ms,geckoview,443572882,1827092239,2024-01-17T05:04:36,3707.9,71000174812fc0992b6793e53ac5f11f1b87bdc0,1361364
autoland,4375374,13,92302d37db2c0dde32926e954404b4c8422e3f86,android-hw-a51-11-0-aarch64-shippable-qr,True,False,,|c|o|l|d| |w|e|b|r|e|n|d|e|r|,102210fe594ee9b33d82058545b1ed14f4c8206e,loadtime,imdb,True,imdb loadtime opt cold webrender,,77,ms,geckoview,443606790,1827195080,2024-01-17T09:39:35,3714.3,504ffc20d2ebb35be48357830d614ec96765c802,1361428
autoland,4375374,13,92302d37db2c0dde32926e954404b4c8422e3f86,android-hw-a51-11-0-aarch64-shippable-qr,True,False,,|c|o|l|d| |w|e|b|r|e|n|d|e|r|,102210fe594ee9b33d82058545b1ed14f4c8206e,loadtime,imdb,True,imdb loadtime opt cold webrender,,77,ms,geckoview,443624547,1827255118,2024-01-17T11:04:44,3747.0,362d9aca9e101b9ee8f7efe2a7c456e245e6313c,1361499
autoland,4375374,13,92302d37db2c0dde32926e954404b4c8422e3f86,android-hw-a51-11-0-aarch64-shippable-qr,True,False,,|c|o|l|d| |w|e|b|r|e|n|d|e|r|,102210fe594ee9b33d82058545b1ed14f4c8206e,loadtime,imdb,True,imdb loadtime opt cold webrender,,77,ms,geckoview,443676457,1827455732,2024-01-17T15:07:48,3774.2,848e3e2acdf34af9e6862b8a77a8d1ea39c48098,1361632
autoland,4375374,13,92302d37db2c0dde32926e954404b4c8422e3f86,android-hw-a51-11-0-aarch64-shippable-qr,True,False,,|c|o|l|d| |w|e|b|r|e|n|d|e|r|,102210fe594ee9b33d82058545b1ed14f4c8206e,loadtime,imdb,True,imdb loadtime opt cold webrender,,77,ms,geckoview,443667973,1827442651,2024-01-17T15:18:54,3856.0,a11dab561c63102a4ed97f42068f448ec332c652,1361644
autoland,4375374,13,92302d37db2c0dde32926e954404b4c8422e3f86,android-hw-a51-11-0-aarch64-shippable-qr,True,False,,|c|o|l|d| |w|e|b|r|e|n|d|e|r|,102210fe594ee9b33d82058545b1ed14f4c8206e,loadtime,imdb,True,imdb loadtime opt cold webrender,,77,ms,geckoview,443714662,1827666819,2024-01-17T23:49:06,3749.3,fe239ad8a8aea4198d356ae3ab92415c5237b530,1361957
autoland,4375374,13,92302d37db2c0dde32926e954404b4c8422e3f86,android-hw-a51-11-0-aarch64-shippable-qr,True,False,,|c|o|l|d| |w|e|b|r|e|n|d|e|r|,102210fe594ee9b33d82058545b1ed14f4c8206e,loadtime,imdb,True,imdb loadtime opt cold webrender,,77,ms,geckoview,443716965,1827680901,2024-01-17T23:52:50,3731.0,79a6322a49b2f811fe674c1802ab75b99d9c95a3,1361961
autoland,4375374,13,92302d37db2c0dde32926e954404b4c8422e3f86,android-hw-a51-11-0-aarch64-shippable-qr,True,False,,|c|o|l|d| |w|e|b|r|e|n|d|e|r|,102210fe594ee9b33d82058545b1ed14f4c8206e,loadtime,imdb,True,imdb loadtime opt cold webrender,,77,ms,geckoview,443726840,1827756241,2024-01-18T01:49:32,3693.1,c38d482445a0c034ac7b8fc0219092fccdbc58b2,1362034
autoland,4375374,13,92302d37db2c0dde32926e954404b4c8422e3f86,android-hw-a51-11-0-aarch64-shippable-qr,True,False,,|c|o|l|d| |w|e|b|r|e|n|d|e|r|,102210fe594ee9b33d82058545b1ed14f4c8206e,loadtime,imdb,True,imdb loadtime opt cold webrender,,77,ms,geckoview,443756637,1827916208,2024-01-18T06:50:06,3839.5,a505d6315623943fb581b7f21beece40fc6faf17,1362092
autoland,4375374,13,92302d37db2c0dde32926e954404b4c8422e3f86,android-hw-a51-11-0-aarch64-shippable-qr,True,False,,|c|o|l|d| |w|e|b|r|e|n|d|e|r|,102210fe594ee9b33d82058545b1ed14f4c8206e,loadtime,imdb,True,imdb loadtime opt cold webrender,,77,ms,geckoview,443781361,1828088109,2024-01-18T10:52:50,3809.8,0688ca401470034e41e10f2480620e88cac2700f,1362184
autoland,4375374,13,92302d37db2c0dde32926e954404b4c8422e3f86,android-hw-a51-11-0-aarch64-shippable-qr,True,False,,|c|o|l|d| |w|e|b|r|e|n|d|e|r|,102210fe594ee9b33d82058545b1ed14f4c8206e,loadtime,imdb,True,imdb loadtime opt cold webrender,,77,ms,geckoview,443801957,1828198454,2024-01-18T13:21:23,3740.5,68ff26df33468fe750b39f175b43b8507718ece4,1362232
autoland,4375374,13,92302d37db2c0dde32926e954404b4c8422e3f86,android-hw-a51-11-0-aarch64-shippable-qr,True,False,,|c|o|l|d| |w|e|b|r|e|n|d|e|r|,102210fe594ee9b33d82058545b1ed14f4c8206e,loadtime,imdb,True,imdb loadtime opt cold webrender,,77,ms,geckoview,443828296,1828356790,2024-01-18T17:52:02,3836.4,2b70f662a79773d519e78f0b8b64723a20b1e788,1362427
autoland,4375374,13,92302d37db2c0dde32926e954404b4c8422e3f86,android-hw-a51-11-0-aarch64-shippable-qr,True,False,,|c|o|l|d| |w|e|b|r|e|n|d|e|r|,102210fe594ee9b33d82058545b1ed14f4c8206e,loadtime,imdb,True,imdb loadtime opt cold webrender,,77,ms,geckoview,443870256,1828476571,2024-01-18T23:10:50,3839.0,ef9ad6a28dae5d4efbe723dde5068cfdde493918,1362632
autoland,4375374,13,92302d37db2c0dde32926e954404b4c8422e3f86,android-hw-a51-11-0-aarch64-shippable-qr,True,False,,|c|o|l|d| |w|e|b|r|e|n|d|e|r|,102210fe594ee9b33d82058545b1ed14f4c8206e,loadtime,imdb,True,imdb loadtime opt cold webrender,,77,ms,geckoview,443871791,1828494964,2024-01-18T23:17:45,3702.0,5624cd2e1525fd15b148c44ce2106fce74d6f297,1362637
autoland,4375374,13,92302d37db2c0dde32926e954404b4c8422e3f86,android-hw-a51-11-0-aarch64-shippable-qr,True,False,,|c|o|l|d| |w|e|b|r|e|n|d|e|r|,102210fe594ee9b33d82058545b1ed14f4c8206e,loadtime,imdb,True,imdb loadtime opt cold webrender,,77,ms,geckoview,443894053,1828629884,2024-01-19T04:17:47,3722.1,b6393478fdf670fcce10fd4334c2601561eaea5d,1362724
autoland,4375374,13,92302d37db2c0dde32926e954404b4c8422e3f86,android-hw-a51-11-0-aarch64-shippable-qr,True,False,,|c|o|l|d| |w|e|b|r|e|n|d|e|r|,102210fe594ee9b33d82058545b1ed14f4c8206e,loadtime,imdb,True,imdb loadtime opt cold webrender,,77,ms,geckoview,443933089,1828771501,2024-01-19T10:07:40,3776.8,99bf71eaca444aa371e7c84536a1b8aa434ef205,1362807
autoland,4375374,13,92302d37db2c0dde32926e954404b4c8422e3f86,android-hw-a51-11-0-aarch64-shippable-qr,True,False,,|c|o|l|d| |w|e|b|r|e|n|d|e|r|,102210fe594ee9b33d82058545b1ed14f4c8206e,loadtime,imdb,True,imdb loadtime opt cold webrender,,77,ms,geckoview,443927399,1828768589,2024-01-19T10:28:03,3729.2,7459e9088955262e4430e24661d856acc7ca8929,1362814
autoland,4375374,13,92302d37db2c0dde32926e954404b4c8422e3f86,android-hw-a51-11-0-aarch64-shippable-qr,True,False,,|c|o|l|d| |w|e|b|r|e|n|d|e|r|,102210fe594ee9b33d82058545b1ed14f4c8206e,loadtime,imdb,True,imdb loadtime opt cold webrender,,77,ms,geckoview,443955047,1828891938,2024-01-19T14:55:23,3845.9,3aabb457a4630b878d121ef2eb9d2f0448847a6b,1362913
autoland,4375374,13,92302d37db2c0dde32926e954404b4c8422e3f86,android-hw-a51-11-0-aarch64-shippable-qr,True,False,,|c|o|l|d| |w|e|b|r|e|n|d|e|r|,102210fe594ee9b33d82058545b1ed14f4c8206e,loadtime,imdb,True,imdb loadtime opt cold webrender,,77,ms,geckoview,443977473,1828991741,2024-01-19T19:17:59,3770.8,1ccd394332683308e570afe9039275d8e79be900,1363113
autoland,4375374,13,92302d37db2c0dde32926e954404b4c8422e3f86,android-hw-a51-11-0-aarch64-shippable-qr,True,False,,|c|o|l|d| |w|e|b|r|e|n|d|e|r|,102210fe594ee9b33d82058545b1ed14f4c8206e,loadtime,imdb,True,imdb loadtime opt cold webrender,,77,ms,geckoview,444003567,1829203975,2024-01-20T00:04:44,3852.3,6d2ef7f226a0360135c1955b8805bd41d9af41e4,1363285
autoland,4375374,13,92302d37db2c0dde32926e954404b4c8422e3f86,android-hw-a51-11-0-aarch64-shippable-qr,True,False,,|c|o|l|d| |w|e|b|r|e|n|d|e|r|,102210fe594ee9b33d82058545b1ed14f4c8206e,loadtime,imdb,True,imdb loadtime opt cold webrender,,77,ms,geckoview,444011821,1829305786,2024-01-20T04:18:19,3770.7,5471899cc9d0a7dfda174e9d7cfc986c2820eff8,1363367
autoland,4375374,13,92302d37db2c0dde32926e954404b4c8422e3f86,android-hw-a51-11-0-aarch64-shippable-qr,True,False,,|c|o|l|d| |w|e|b|r|e|n|d|e|r|,102210fe594ee9b33d82058545b1ed14f4c8206e,loadtime,imdb,True,imdb loadtime opt cold webrender,,77,ms,geckoview,444041234,1829491373,2024-01-21T00:59:25,3824.9,4f4fa003a90f9d818ecfa36474300a11af18be25,1363463
autoland,4375374,13,92302d37db2c0dde32926e954404b4c8422e3f86,android-hw-a51-11-0-aarch64-shippable-qr,True,False,,|c|o|l|d| |w|e|b|r|e|n|d|e|r|,102210fe594ee9b33d82058545b1ed14f4c8206e,loadtime,imdb,True,imdb loadtime opt cold webrender,,77,ms,geckoview,444068359,1829597968,2024-01-21T14:36:57,3714.3,0361c1f29babcfb2f10e1646dffe72cd452a3df4,1363517
autoland,4375374,13,92302d37db2c0dde32926e954404b4c8422e3f86,android-hw-a51-11-0-aarch64-shippable-qr,True,False,,|c|o|l|d| |w|e|b|r|e|n|d|e|r|,102210fe594ee9b33d82058545b1ed14f4c8206e,loadtime,imdb,True,imdb loadtime opt cold webrender,,77,ms,geckoview,444096812,1829703229,2024-01-22T07:43:27,3813.1,6b4a069fe37d2413229dda3b61ccaf7b8f3a5f5d,1363663
autoland,4375374,13,92302d37db2c0dde32926e954404b4c8422e3f86,android-hw-a51-11-0-aarch64-shippable-qr,True,False,,|c|o|l|d| |w|e|b|r|e|n|d|e|r|,102210fe594ee9b33d82058545b1ed14f4c8206e,loadtime,imdb,True,imdb loadtime opt cold webrender,,77,ms,geckoview,444121760,1829793747,2024-01-22T10:58:56,3777.0,095c9da9e10fc012c2e6a7d929fdcc7c03d09373,1363731
autoland,4375374,13,92302d37db2c0dde32926e954404b4c8422e3f86,android-hw-a51-11-0-aarch64-shippable-qr,True,False,,|c|o|l|d| |w|e|b|r|e|n|d|e|r|,102210fe594ee9b33d82058545b1ed14f4c8206e,loadtime,imdb,True,imdb loadtime opt cold webrender,,77,ms,geckoview,444162701,1829967122,2024-01-22T15:24:53,3669.9,58cedc1e4ff28881f9ebd1749feaa24edbded9ce,1363894
autoland,4375374,13,92302d37db2c0dde32926e954404b4c8422e3f86,android-hw-a51-11-0-aarch64-shippable-qr,True,False,,|c|o|l|d| |w|e|b|r|e|n|d|e|r|,102210fe594ee9b33d82058545b1ed14f4c8206e,loadtime,imdb,True,imdb loadtime opt cold webrender,,77,ms,geckoview,444167065,1830064152,2024-01-22T15:55:20,3736.5,82dfbdd770bc54674f82bae256dae683772884af,1363920
autoland,4375374,13,92302d37db2c0dde32926e954404b4c8422e3f86,android-hw-a51-11-0-aarch64-shippable-qr,True,False,,|c|o|l|d| |w|e|b|r|e|n|d|e|r|,102210fe594ee9b33d82058545b1ed14f4c8206e,loadtime,imdb,True,imdb loadtime opt cold webrender,,77,ms,geckoview,444198708,1830108462,2024-01-22T18:55:34,3929.2,ef71d190cd57de7a178f312b29fc104e6e3e98d4,1364078
autoland,4375374,13,92302d37db2c0dde32926e954404b4c8422e3f86,android-hw-a51-11-0-aarch64-shippable-qr,True,False,,|c|o|l|d| |w|e|b|r|e|n|d|e|r|,102210fe594ee9b33d82058545b1ed14f4c8206e,loadtime,imdb,True,imdb loadtime opt cold webrender,,77,ms,geckoview,444230434,1830235516,2024-01-22T22:04:08,3706.3,06bafd5cf7f34e757edddf2def6a98003c6b1643,1364244
autoland,4375374,13,92302d37db2c0dde32926e954404b4c8422e3f86,android-hw-a51-11-0-aarch64-shippable-qr,True,False,,|c|o|l|d| |w|e|b|r|e|n|d|e|r|,102210fe594ee9b33d82058545b1ed14f4c8206e,loadtime,imdb,True,imdb loadtime opt cold webrender,,77,ms,geckoview,444241243,1830294780,2024-01-23T00:22:14,3802.8,43fa5aa71c8c00288a4fe686f0e4bf72e2f5f28d,1364332
autoland,4375374,13,92302d37db2c0dde32926e954404b4c8422e3f86,android-hw-a51-11-0-aarch64-shippable-qr,True,False,,|c|o|l|d| |w|e|b|r|e|n|d|e|r|,102210fe594ee9b33d82058545b1ed14f4c8206e,loadtime,imdb,True,imdb loadtime opt cold webrender,,77,ms,geckoview,444259791,1830418211,2024-01-23T05:54:31,3825.1,fcdb6404eb0234c50bf85922bacad525da6851d5,1364408
autoland,4375374,13,92302d37db2c0dde32926e954404b4c8422e3f86,android-hw-a51-11-0-aarch64-shippable-qr,True,False,,|c|o|l|d| |w|e|b|r|e|n|d|e|r|,102210fe594ee9b33d82058545b1ed14f4c8206e,loadtime,imdb,True,imdb loadtime opt cold webrender,,77,ms,geckoview,444305985,1830608225,2024-01-23T14:14:29,3935.6,296f1b67a4750aa2166832b5b9d8ba0eee6fe635,1364570
autoland,4375374,13,92302d37db2c0dde32926e954404b4c8422e3f86,android-hw-a51-11-0-aarch64-shippable-qr,True,False,,|c|o|l|d| |w|e|b|r|e|n|d|e|r|,102210fe594ee9b33d82058545b1ed14f4c8206e,loadtime,imdb,True,imdb loadtime opt cold webrender,,77,ms,geckoview,444318525,1830738414,2024-01-23T14:50:16,3889.5,f3efca74da0f43269bd8ac07e2a5d27e89c4d7c3,1364607
autoland,4375374,13,92302d37db2c0dde32926e954404b4c8422e3f86,android-hw-a51-11-0-aarch64-shippable-qr,True,False,,|c|o|l|d| |w|e|b|r|e|n|d|e|r|,102210fe594ee9b33d82058545b1ed14f4c8206e,loadtime,imdb,True,imdb loadtime opt cold webrender,,77,ms,geckoview,444327014,1830758659,2024-01-23T16:09:55,4364.3,936300bf2ee78e086143fb3718e2c0af755385b0,1364702
autoland,4375374,13,92302d37db2c0dde32926e954404b4c8422e3f86,android-hw-a51-11-0-aarch64-shippable-qr,True,False,,|c|o|l|d| |w|e|b|r|e|n|d|e|r|,102210fe594ee9b33d82058545b1ed14f4c8206e,loadtime,imdb,True,imdb loadtime opt cold webrender,,77,ms,geckoview,444344045,1830862112,2024-01-23T19:03:54,3880.1,ec71bc6778c4bdb9b4a93283fc0a3d3f302eb89e,1364834
autoland,4375374,13,92302d37db2c0dde32926e954404b4c8422e3f86,android-hw-a51-11-0-aarch64-shippable-qr,True,False,,|c|o|l|d| |w|e|b|r|e|n|d|e|r|,102210fe594ee9b33d82058545b1ed14f4c8206e,loadtime,imdb,True,imdb loadtime opt cold webrender,,77,ms,geckoview,444370191,1831002156,2024-01-23T22:21:15,3822.5,25e5c4ea04b149ffa31cda5c4d75559df5369612,1365024
autoland,4375374,13,92302d37db2c0dde32926e954404b4c8422e3f86,android-hw-a51-11-0-aarch64-shippable-qr,True,False,,|c|o|l|d| |w|e|b|r|e|n|d|e|r|,102210fe594ee9b33d82058545b1ed14f4c8206e,loadtime,imdb,True,imdb loadtime opt cold webrender,,77,ms,geckoview,444388732,1831054724,2024-01-24T02:38:58,3634.6,a0389da68b91e5a92b02ccd9e65991bffb5d5771,1365197
autoland,4375374,13,92302d37db2c0dde32926e954404b4c8422e3f86,android-hw-a51-11-0-aarch64-shippable-qr,True,False,,|c|o|l|d| |w|e|b|r|e|n|d|e|r|,102210fe594ee9b33d82058545b1ed14f4c8206e,loadtime,imdb,True,imdb loadtime opt cold webrender,,77,ms,geckoview,444402900,1831146871,2024-01-24T06:43:12,3713.8,eed6f8e8fe3af01f49be74cc1be72d51e5a0933f,1365260
autoland,4375374,13,92302d37db2c0dde32926e954404b4c8422e3f86,android-hw-a51-11-0-aarch64-shippable-qr,True,False,,|c|o|l|d| |w|e|b|r|e|n|d|e|r|,102210fe594ee9b33d82058545b1ed14f4c8206e,loadtime,imdb,True,imdb loadtime opt cold webrender,,77,ms,geckoview,444406105,1831154326,2024-01-24T06:57:11,3749.5,7079db6b8da9081aee6b0ce96b68f368efec3277,1365262
autoland,4375374,13,92302d37db2c0dde32926e954404b4c8422e3f86,android-hw-a51-11-0-aarch64-shippable-qr,True,False,,|c|o|l|d| |w|e|b|r|e|n|d|e|r|,102210fe594ee9b33d82058545b1ed14f4c8206e,loadtime,imdb,True,imdb loadtime opt cold webrender,,77,ms,geckoview,444452276,1831350855,2024-01-24T11:40:35,4242.0,ce20634f32a1b78384fbbc028b4f86266056e7fb,1365369
autoland,4375374,13,92302d37db2c0dde32926e954404b4c8422e3f86,android-hw-a51-11-0-aarch64-shippable-qr,True,False,,|c|o|l|d| |w|e|b|r|e|n|d|e|r|,102210fe594ee9b33d82058545b1ed14f4c8206e,loadtime,imdb,True,imdb loadtime opt cold webrender,,77,ms,geckoview,444487150,1831538637,2024-01-24T16:03:05,3684.8,150dd33322ea6d34c4829f8e67efe7e37be8c48e,1365533
autoland,4375374,13,92302d37db2c0dde32926e954404b4c8422e3f86,android-hw-a51-11-0-aarch64-shippable-qr,True,False,,|c|o|l|d| |w|e|b|r|e|n|d|e|r|,102210fe594ee9b33d82058545b1ed14f4c8206e,loadtime,imdb,True,imdb loadtime opt cold webrender,,77,ms,geckoview,444506305,1831609414,2024-01-24T18:01:21,3631.7,e22428605dbb49942204564b03db80f474ea35ba,1365677
autoland,4375374,13,92302d37db2c0dde32926e954404b4c8422e3f86,android-hw-a51-11-0-aarch64-shippable-qr,True,False,,|c|o|l|d| |w|e|b|r|e|n|d|e|r|,102210fe594ee9b33d82058545b1ed14f4c8206e,loadtime,imdb,True,imdb loadtime opt cold webrender,,77,ms,geckoview,444529250,1831731591,2024-01-24T22:08:16,3718.7,b8b82bd9546fe4e63cd5e9d29248d87665c548b8,1365907
autoland,4375374,13,92302d37db2c0dde32926e954404b4c8422e3f86,android-hw-a51-11-0-aarch64-shippable-qr,True,False,,|c|o|l|d| |w|e|b|r|e|n|d|e|r|,102210fe594ee9b33d82058545b1ed14f4c8206e,loadtime,imdb,True,imdb loadtime opt cold webrender,,77,ms,geckoview,444546731,1831825163,2024-01-25T05:05:51,3682.1,ce5606473bf95f0899f69034525766ca9d0ed749,1366048
autoland,4375374,13,92302d37db2c0dde32926e954404b4c8422e3f86,android-hw-a51-11-0-aarch64-shippable-qr,True,False,,|c|o|l|d| |w|e|b|r|e|n|d|e|r|,102210fe594ee9b33d82058545b1ed14f4c8206e,loadtime,imdb,True,imdb loadtime opt cold webrender,,77,ms,geckoview,444564969,1831902542,2024-01-25T07:56:38,3778.1,c0289f78466cf0bf8a6871ef3417c180aab77e07,1366087
autoland,4375374,13,92302d37db2c0dde32926e954404b4c8422e3f86,android-hw-a51-11-0-aarch64-shippable-qr,True,False,,|c|o|l|d| |w|e|b|r|e|n|d|e|r|,102210fe594ee9b33d82058545b1ed14f4c8206e,loadtime,imdb,True,imdb loadtime opt cold webrender,,77,ms,geckoview,444597164,1832029569,2024-01-25T12:05:33,3959.4,c746000752516a4b8ede1f6a5c7b2f4be12a33d7,1366202
autoland,4375374,13,92302d37db2c0dde32926e954404b4c8422e3f86,android-hw-a51-11-0-aarch64-shippable-qr,True,False,,|c|o|l|d| |w|e|b|r|e|n|d|e|r|,102210fe594ee9b33d82058545b1ed14f4c8206e,loadtime,imdb,True,imdb loadtime opt cold webrender,,77,ms,geckoview,444620103,1832186176,2024-01-25T15:26:29,3826.0,34f197ce93a24d93523617eba67ecee2e990c37c,1366326
autoland,4375374,13,92302d37db2c0dde32926e954404b4c8422e3f86,android-hw-a51-11-0-aarch64-shippable-qr,True,False,,|c|o|l|d| |w|e|b|r|e|n|d|e|r|,102210fe594ee9b33d82058545b1ed14f4c8206e,loadtime,imdb,True,imdb loadtime opt cold webrender,,77,ms,geckoview,444651646,1832359750,2024-01-25T20:50:47,3816.9,dd2a416c0c76b4cc9f6161d6be89aa7356e4eae5,1366563
autoland,4375374,13,92302d37db2c0dde32926e954404b4c8422e3f86,android-hw-a51-11-0-aarch64-shippable-qr,True,False,,|c|o|l|d| |w|e|b|r|e|n|d|e|r|,102210fe594ee9b33d82058545b1ed14f4c8206e,loadtime,imdb,True,imdb loadtime opt cold webrender,,77,ms,geckoview,444651771,1832376955,2024-01-25T20:51:29,3808.5,5da1e842ef70c74d8ed72128e460f75b633fae95,1366564
autoland,4375374,13,92302d37db2c0dde32926e954404b4c8422e3f86,android-hw-a51-11-0-aarch64-shippable-qr,True,False,,|c|o|l|d| |w|e|b|r|e|n|d|e|r|,102210fe594ee9b33d82058545b1ed14f4c8206e,loadtime,imdb,True,imdb loadtime opt cold webrender,,77,ms,geckoview,444689507,1832552453,2024-01-26T03:41:27,3816.6,a412d893c38f632f34b44a9c5b3fd8cc30bb87be,1366751
autoland,4375374,13,92302d37db2c0dde32926e954404b4c8422e3f86,android-hw-a51-11-0-aarch64-shippable-qr,True,False,,|c|o|l|d| |w|e|b|r|e|n|d|e|r|,102210fe594ee9b33d82058545b1ed14f4c8206e,loadtime,imdb,True,imdb loadtime opt cold webrender,,77,ms,geckoview,444741204,1832728241,2024-01-26T11:04:34,3761.9,18f5823716e4c35d7c899d2ce4be7fcd66cab9d0,1366921
autoland,4375374,13,92302d37db2c0dde32926e954404b4c8422e3f86,android-hw-a51-11-0-aarch64-shippable-qr,True,False,,|c|o|l|d| |w|e|b|r|e|n|d|e|r|,102210fe594ee9b33d82058545b1ed14f4c8206e,loadtime,imdb,True,imdb loadtime opt cold webrender,,77,ms,geckoview,444783824,1832957621,2024-01-26T15:49:43,3722.7,19005661ad786853d186a7d3434e6c290bccaa95,1367044
autoland,4375374,13,92302d37db2c0dde32926e954404b4c8422e3f86,android-hw-a51-11-0-aarch64-shippable-qr,True,False,,|c|o|l|d| |w|e|b|r|e|n|d|e|r|,102210fe594ee9b33d82058545b1ed14f4c8206e,loadtime,imdb,True,imdb loadtime opt cold webrender,,77,ms,geckoview,444784092,1832996989,2024-01-26T15:52:38,3755.6,4641c3dcf0c3cfbdc8976f2fcc6898107149e19e,1367050
autoland,4375374,13,92302d37db2c0dde32926e954404b4c8422e3f86,android-hw-a51-11-0-aarch64-shippable-qr,True,False,,|c|o|l|d| |w|e|b|r|e|n|d|e|r|,102210fe594ee9b33d82058545b1ed14f4c8206e,loadtime,imdb,True,imdb loadtime opt cold webrender,,77,ms,geckoview,444807814,1833087789,2024-01-26T20:02:47,3779.8,38fb47dac16804e3d5c8211277f084198e43de88,1367207
autoland,4375374,13,92302d37db2c0dde32926e954404b4c8422e3f86,android-hw-a51-11-0-aarch64-shippable-qr,True,False,,|c|o|l|d| |w|e|b|r|e|n|d|e|r|,102210fe594ee9b33d82058545b1ed14f4c8206e,loadtime,imdb,True,imdb loadtime opt cold webrender,,77,ms,geckoview,444807850,1833105445,2024-01-26T20:05:08,3814.1,ac4906fa040ce76ad5ea8f73caf83045f291b613,1367213
autoland,4375374,13,92302d37db2c0dde32926e954404b4c8422e3f86,android-hw-a51-11-0-aarch64-shippable-qr,True,False,,|c|o|l|d| |w|e|b|r|e|n|d|e|r|,102210fe594ee9b33d82058545b1ed14f4c8206e,loadtime,imdb,True,imdb loadtime opt cold webrender,,77,ms,geckoview,444846620,1833398558,2024-01-27T06:05:38,3944.8,1e79d9e65ec0577bb7d698c86edc6f35b4f92ce8,1367422
autoland,4375374,13,92302d37db2c0dde32926e954404b4c8422e3f86,android-hw-a51-11-0-aarch64-shippable-qr,True,False,,|c|o|l|d| |w|e|b|r|e|n|d|e|r|,102210fe594ee9b33d82058545b1ed14f4c8206e,loadtime,imdb,True,imdb loadtime opt cold webrender,,77,ms,geckoview,444879653,1833596012,2024-01-27T14:01:44,3771.4,09a1abcfcfb73aa1ae9781d2816102729c0f82a6,1367473
autoland,4375374,13,92302d37db2c0dde32926e954404b4c8422e3f86,android-hw-a51-11-0-aarch64-shippable-qr,True,False,,|c|o|l|d| |w|e|b|r|e|n|d|e|r|,102210fe594ee9b33d82058545b1ed14f4c8206e,loadtime,imdb,True,imdb loadtime opt cold webrender,,77,ms,geckoview,444900404,1833736069,2024-01-28T01:17:56,3854.7,2e376c0d1662606cf6811ab3ff138b784d465291,1367530
autoland,4375374,13,92302d37db2c0dde32926e954404b4c8422e3f86,android-hw-a51-11-0-aarch64-shippable-qr,True,False,,|c|o|l|d| |w|e|b|r|e|n|d|e|r|,102210fe594ee9b33d82058545b1ed14f4c8206e,loadtime,imdb,True,imdb loadtime opt cold webrender,,77,ms,geckoview,444904910,1833765615,2024-01-28T06:00:30,3795.5,0f372a16b1e1e959f46701e4210f6a6eaf4e40ec,1367545
autoland,4375374,13,92302d37db2c0dde32926e954404b4c8422e3f86,android-hw-a51-11-0-aarch64-shippable-qr,True,False,,|c|o|l|d| |w|e|b|r|e|n|d|e|r|,102210fe594ee9b33d82058545b1ed14f4c8206e,loadtime,imdb,True,imdb loadtime opt cold webrender,,77,ms,geckoview,444927250,1833836084,2024-01-28T10:01:02,3758.4,9b32d8116833ab08f4e3f0b18c12587ac1f9360b,1367556
autoland,4375374,13,92302d37db2c0dde32926e954404b4c8422e3f86,android-hw-a51-11-0-aarch64-shippable-qr,True,False,,|c|o|l|d| |w|e|b|r|e|n|d|e|r|,102210fe594ee9b33d82058545b1ed14f4c8206e,loadtime,imdb,True,imdb loadtime opt cold webrender,,77,ms,geckoview,444945956,1833999405,2024-01-28T14:31:15,3755.8,13780f5cb2f5d698f35a23f2fafa1593ef7affe9,1367584
autoland,4375374,13,92302d37db2c0dde32926e954404b4c8422e3f86,android-hw-a51-11-0-aarch64-shippable-qr,True,False,,|c|o|l|d| |w|e|b|r|e|n|d|e|r|,102210fe594ee9b33d82058545b1ed14f4c8206e,loadtime,imdb,True,imdb loadtime opt cold webrender,,77,ms,geckoview,444971049,1834107732,2024-01-29T01:40:26,3764.8,852acff05fb8be21502af8fc12cceeb2baa70dd7,1367631
autoland,4375374,13,92302d37db2c0dde32926e954404b4c8422e3f86,android-hw-a51-11-0-aarch64-shippable-qr,True,False,,|c|o|l|d| |w|e|b|r|e|n|d|e|r|,102210fe594ee9b33d82058545b1ed14f4c8206e,loadtime,imdb,True,imdb loadtime opt cold webrender,,77,ms,geckoview,445041383,1834474781,2024-01-29T14:53:09,4542.2,97de3c8a7931e01c1a1c1cf6ac90a580607b77c9,1367876
autoland,4375374,13,92302d37db2c0dde32926e954404b4c8422e3f86,android-hw-a51-11-0-aarch64-shippable-qr,True,False,,|c|o|l|d| |w|e|b|r|e|n|d|e|r|,102210fe594ee9b33d82058545b1ed14f4c8206e,loadtime,imdb,True,imdb loadtime opt cold webrender,,77,ms,geckoview,445045205,1834540343,2024-01-29T14:59:33,3834.4,8e91f5176c0f6e1689a893ed34d5046dbbd1122e,1367883
autoland,4375374,13,92302d37db2c0dde32926e954404b4c8422e3f86,android-hw-a51-11-0-aarch64-shippable-qr,True,False,,|c|o|l|d| |w|e|b|r|e|n|d|e|r|,102210fe594ee9b33d82058545b1ed14f4c8206e,loadtime,imdb,True,imdb loadtime opt cold webrender,,77,ms,geckoview,445073579,1834577396,2024-01-29T17:46:45,3734.1,8913eab3409d19e1cf1a2c19f256256c293b3154,1368035
autoland,4375374,13,92302d37db2c0dde32926e954404b4c8422e3f86,android-hw-a51-11-0-aarch64-shippable-qr,True,False,,|c|o|l|d| |w|e|b|r|e|n|d|e|r|,102210fe594ee9b33d82058545b1ed14f4c8206e,loadtime,imdb,True,imdb loadtime opt cold webrender,,77,ms,geckoview,445096831,1834669490,2024-01-29T21:21:15,3649.7,57a27d8b6d2a7f1f5c1ec710e4a09422fb9c05e1,1368229
autoland,4375374,13,92302d37db2c0dde32926e954404b4c8422e3f86,android-hw-a51-11-0-aarch64-shippable-qr,True,False,,|c|o|l|d| |w|e|b|r|e|n|d|e|r|,102210fe594ee9b33d82058545b1ed14f4c8206e,loadtime,imdb,True,imdb loadtime opt cold webrender,,77,ms,geckoview,445117165,1834750418,2024-01-30T01:21:53,3703.3,265910d5bfe79cc856e1c18d9e403fed38ee5a79,1368286
autoland,4375374,13,92302d37db2c0dde32926e954404b4c8422e3f86,android-hw-a51-11-0-aarch64-shippable-qr,True,False,,|c|o|l|d| |w|e|b|r|e|n|d|e|r|,102210fe594ee9b33d82058545b1ed14f4c8206e,loadtime,imdb,True,imdb loadtime opt cold webrender,,77,ms,geckoview,446661605,1841848236,2024-01-30T02:34:57,3612.9,49f49182fc503c7ebfff0af484b8f21c9a6ac29f,1368357
autoland,4375374,13,92302d37db2c0dde32926e954404b4c8422e3f86,android-hw-a51-11-0-aarch64-shippable-qr,True,False,,|c|o|l|d| |w|e|b|r|e|n|d|e|r|,102210fe594ee9b33d82058545b1ed14f4c8206e,loadtime,imdb,True,imdb loadtime opt cold webrender,,77,ms,geckoview,446661602,1841847870,2024-01-30T02:38:36,3597.7,ab57d25172caf6ccb530b4064f03630a54325d5d,1368358
autoland,4375374,13,92302d37db2c0dde32926e954404b4c8422e3f86,android-hw-a51-11-0-aarch64-shippable-qr,True,False,,|c|o|l|d| |w|e|b|r|e|n|d|e|r|,102210fe594ee9b33d82058545b1ed14f4c8206e,loadtime,imdb,True,imdb loadtime opt cold webrender,,77,ms,geckoview,446661603,1841847567,2024-01-30T02:48:40,3598.8,5d6eda16e0084bfea54586bd3a7cecf7c6a2c86b,1368362
autoland,4375374,13,92302d37db2c0dde32926e954404b4c8422e3f86,android-hw-a51-11-0-aarch64-shippable-qr,True,False,,|c|o|l|d| |w|e|b|r|e|n|d|e|r|,102210fe594ee9b33d82058545b1ed14f4c8206e,loadtime,imdb,True,imdb loadtime opt cold webrender,,77,ms,geckoview,446661610,1841848942,2024-01-30T03:48:07,3595.7,bcc9567f395028666d14803eb4686b709d2968e0,1368382
autoland,4375374,13,92302d37db2c0dde32926e954404b4c8422e3f86,android-hw-a51-11-0-aarch64-shippable-qr,True,False,,|c|o|l|d| |w|e|b|r|e|n|d|e|r|,102210fe594ee9b33d82058545b1ed14f4c8206e,loadtime,imdb,True,imdb loadtime opt cold webrender,,77,ms,geckoview,446661609,1841848793,2024-01-30T04:40:24,3697.2,556558bd7a46f37194d25025685d6dac3f641d82,1368396
autoland,4375374,13,92302d37db2c0dde32926e954404b4c8422e3f86,android-hw-a51-11-0-aarch64-shippable-qr,True,False,,|c|o|l|d| |w|e|b|r|e|n|d|e|r|,102210fe594ee9b33d82058545b1ed14f4c8206e,loadtime,imdb,True,imdb loadtime opt cold webrender,,77,ms,geckoview,446661606,1841848415,2024-01-30T07:01:08,3589.7,9503b7c795cbcbe589739875d7a218dbba76ae4a,1368446
autoland,4375374,13,92302d37db2c0dde32926e954404b4c8422e3f86,android-hw-a51-11-0-aarch64-shippable-qr,True,False,,|c|o|l|d| |w|e|b|r|e|n|d|e|r|,102210fe594ee9b33d82058545b1ed14f4c8206e,loadtime,imdb,True,imdb loadtime opt cold webrender,,77,ms,geckoview,445185554,1835227976,2024-01-30T13:09:07,3559.5,a9528d76a91bc50db12b4a18830536bb25a6e378,1368599
autoland,4375374,13,92302d37db2c0dde32926e954404b4c8422e3f86,android-hw-a51-11-0-aarch64-shippable-qr,True,False,,|c|o|l|d| |w|e|b|r|e|n|d|e|r|,102210fe594ee9b33d82058545b1ed14f4c8206e,loadtime,imdb,True,imdb loadtime opt cold webrender,,77,ms,geckoview,445189433,1835243786,2024-01-30T13:14:31,3632.1,91338712d82fcf42896cfc451e6341a5b95963b8,1368603
autoland,4375374,13,92302d37db2c0dde32926e954404b4c8422e3f86,android-hw-a51-11-0-aarch64-shippable-qr,True,False,,|c|o|l|d| |w|e|b|r|e|n|d|e|r|,102210fe594ee9b33d82058545b1ed14f4c8206e,loadtime,imdb,True,imdb loadtime opt cold webrender,,77,ms,geckoview,445197492,1835295280,2024-01-30T14:29:15,3638.9,1ac69623ae79a621c0035377f0841b1ba83070c1,1368655
autoland,4375374,13,92302d37db2c0dde32926e954404b4c8422e3f86,android-hw-a51-11-0-aarch64-shippable-qr,True,False,,|c|o|l|d| |w|e|b|r|e|n|d|e|r|,102210fe594ee9b33d82058545b1ed14f4c8206e,loadtime,imdb,True,imdb loadtime opt cold webrender,,77,ms,geckoview,445238788,1835460173,2024-01-30T18:56:21,3759.0,a3dd43748dcdec6a27a5c140bfd611d463cd9acf,1368858
autoland,4375374,13,92302d37db2c0dde32926e954404b4c8422e3f86,android-hw-a51-11-0-aarch64-shippable-qr,True,False,,|c|o|l|d| |w|e|b|r|e|n|d|e|r|,102210fe594ee9b33d82058545b1ed14f4c8206e,loadtime,imdb,True,imdb loadtime opt cold webrender,,77,ms,geckoview,445248977,1835524741,2024-01-30T20:08:25,3650.9,06b0ce1a9748e18deb48466efed01c1f5a8ff984,1368918
autoland,4375374,13,92302d37db2c0dde32926e954404b4c8422e3f86,android-hw-a51-11-0-aarch64-shippable-qr,True,False,,|c|o|l|d| |w|e|b|r|e|n|d|e|r|,102210fe594ee9b33d82058545b1ed14f4c8206e,loadtime,imdb,True,imdb loadtime opt cold webrender,,77,ms,geckoview,445277290,1835691400,2024-01-31T00:31:01,3648.9,e35109546c3cb0f5957a604c27f5f1dd2b7f81c0,1369086
autoland,4375374,13,92302d37db2c0dde32926e954404b4c8422e3f86,android-hw-a51-11-0-aarch64-shippable-qr,True,False,,|c|o|l|d| |w|e|b|r|e|n|d|e|r|,102210fe594ee9b33d82058545b1ed14f4c8206e,loadtime,imdb,True,imdb loadtime opt cold webrender,,77,ms,geckoview,445277138,1835675745,2024-01-31T00:32:30,3704.1,2cac2f68bfdcfc9012c537044bc475f076bda7b0,1369088
autoland,4375374,13,92302d37db2c0dde32926e954404b4c8422e3f86,android-hw-a51-11-0-aarch64-shippable-qr,True,False,,|c|o|l|d| |w|e|b|r|e|n|d|e|r|,102210fe594ee9b33d82058545b1ed14f4c8206e,loadtime,imdb,True,imdb loadtime opt cold webrender,,77,ms,geckoview,445294166,1835802977,2024-01-31T05:59:52,3598.4,5f6f60ae2125dc46d98b4b9276bce2d562d1f1bf,1369182
autoland,4375374,13,92302d37db2c0dde32926e954404b4c8422e3f86,android-hw-a51-11-0-aarch64-shippable-qr,True,False,,|c|o|l|d| |w|e|b|r|e|n|d|e|r|,102210fe594ee9b33d82058545b1ed14f4c8206e,loadtime,imdb,True,imdb loadtime opt cold webrender,,77,ms,geckoview,445322416,1835962941,2024-01-31T10:01:40,3657.1,201f8fe705d53181047778d1c0722017bab79e95,1369265
autoland,4375374,13,92302d37db2c0dde32926e954404b4c8422e3f86,android-hw-a51-11-0-aarch64-shippable-qr,True,False,,|c|o|l|d| |w|e|b|r|e|n|d|e|r|,102210fe594ee9b33d82058545b1ed14f4c8206e,loadtime,imdb,True,imdb loadtime opt cold webrender,,77,ms,geckoview,445347482,1836037990,2024-01-31T13:01:30,3843.9,5e52e144df4112277cfdda903747f83f1f147385,1369309
autoland,4375374,13,92302d37db2c0dde32926e954404b4c8422e3f86,android-hw-a51-11-0-aarch64-shippable-qr,True,False,,|c|o|l|d| |w|e|b|r|e|n|d|e|r|,102210fe594ee9b33d82058545b1ed14f4c8206e,loadtime,imdb,True,imdb loadtime opt cold webrender,,77,ms,geckoview,445387640,1836191364,2024-01-31T17:27:18,3771.5,a0bd6c4162065e8caa2b60ce8082f77d53221fb7,1369495
autoland,4375374,13,92302d37db2c0dde32926e954404b4c8422e3f86,android-hw-a51-11-0-aarch64-shippable-qr,True,False,,|c|o|l|d| |w|e|b|r|e|n|d|e|r|,102210fe594ee9b33d82058545b1ed14f4c8206e,loadtime,imdb,True,imdb loadtime opt cold webrender,,77,ms,geckoview,445397328,1836225237,2024-01-31T18:39:44,3645.6,6bfab7427c326136417b187f0df7a7c63528daa3,1369546
autoland,4375374,13,92302d37db2c0dde32926e954404b4c8422e3f86,android-hw-a51-11-0-aarch64-shippable-qr,True,False,,|c|o|l|d| |w|e|b|r|e|n|d|e|r|,102210fe594ee9b33d82058545b1ed14f4c8206e,loadtime,imdb,True,imdb loadtime opt cold webrender,,77,ms,geckoview,445430993,1836365280,2024-01-31T21:40:54,3654.7,2ee5ce9b3c67b7e972b0dff7348ea32cb570880e,1369676
autoland,4375374,13,92302d37db2c0dde32926e954404b4c8422e3f86,android-hw-a51-11-0-aarch64-shippable-qr,True,False,,|c|o|l|d| |w|e|b|r|e|n|d|e|r|,102210fe594ee9b33d82058545b1ed14f4c8206e,loadtime,imdb,True,imdb loadtime opt cold webrender,,77,ms,geckoview,445445757,1836445040,2024-02-01T02:14:37,3728.1,6db2a1e04f4120175d3aad9831795823a4269aab,1369822
autoland,4375374,13,92302d37db2c0dde32926e954404b4c8422e3f86,android-hw-a51-11-0-aarch64-shippable-qr,True,False,,|c|o|l|d| |w|e|b|r|e|n|d|e|r|,102210fe594ee9b33d82058545b1ed14f4c8206e,loadtime,imdb,True,imdb loadtime opt cold webrender,,77,ms,geckoview,445462472,1836569458,2024-02-01T06:47:17,3711.6,959c3318d5c3f3881746455c2c584be49bb179b6,1369862
autoland,4375374,13,92302d37db2c0dde32926e954404b4c8422e3f86,android-hw-a51-11-0-aarch64-shippable-qr,True,False,,|c|o|l|d| |w|e|b|r|e|n|d|e|r|,102210fe594ee9b33d82058545b1ed14f4c8206e,loadtime,imdb,True,imdb loadtime opt cold webrender,,77,ms,geckoview,445497692,1836700065,2024-02-01T11:14:36,3668.4,a6957fa936149dccf133bd99e165c5879c2cb4d5,1370007
autoland,4375374,13,92302d37db2c0dde32926e954404b4c8422e3f86,android-hw-a51-11-0-aarch64-shippable-qr,True,False,,|c|o|l|d| |w|e|b|r|e|n|d|e|r|,102210fe594ee9b33d82058545b1ed14f4c8206e,loadtime,imdb,True,imdb loadtime opt cold webrender,,77,ms,geckoview,445524252,1836783240,2024-02-01T13:09:51,3645.4,93a67689b8581caaa6d429ea7105abf0dc55e98f,1370065
autoland,4375374,13,92302d37db2c0dde32926e954404b4c8422e3f86,android-hw-a51-11-0-aarch64-shippable-qr,True,False,,|c|o|l|d| |w|e|b|r|e|n|d|e|r|,102210fe594ee9b33d82058545b1ed14f4c8206e,loadtime,imdb,True,imdb loadtime opt cold webrender,,77,ms,geckoview,445569540,1836981371,2024-02-01T17:13:14,3770.6,f84c76f9460d8a2a4048954be483e24638c0f39c,1370273
autoland,4375374,13,92302d37db2c0dde32926e954404b4c8422e3f86,android-hw-a51-11-0-aarch64-shippable-qr,True,False,,|c|o|l|d| |w|e|b|r|e|n|d|e|r|,102210fe594ee9b33d82058545b1ed14f4c8206e,loadtime,imdb,True,imdb loadtime opt cold webrender,,77,ms,geckoview,445575610,1837055151,2024-02-01T18:09:58,3577.1,854c462a083b4271435625134f95ce342e243ccb,1370333
autoland,4375374,13,92302d37db2c0dde32926e954404b4c8422e3f86,android-hw-a51-11-0-aarch64-shippable-qr,True,False,,|c|o|l|d| |w|e|b|r|e|n|d|e|r|,102210fe594ee9b33d82058545b1ed14f4c8206e,loadtime,imdb,True,imdb loadtime opt cold webrender,,77,ms,geckoview,445612733,1837162433,2024-02-01T22:12:05,3576.5,144c524a091e2ed65d62b4911026d3400cea02fa,1370552
autoland,4375374,13,92302d37db2c0dde32926e954404b4c8422e3f86,android-hw-a51-11-0-aarch64-shippable-qr,True,False,,|c|o|l|d| |w|e|b|r|e|n|d|e|r|,102210fe594ee9b33d82058545b1ed14f4c8206e,loadtime,imdb,True,imdb loadtime opt cold webrender,,77,ms,geckoview,445614100,1837181381,2024-02-01T22:19:46,3674.8,085a323ab16cb288d40fca29f6bb35d5d7e85753,1370561
autoland,4375374,13,92302d37db2c0dde32926e954404b4c8422e3f86,android-hw-a51-11-0-aarch64-shippable-qr,True,False,,|c|o|l|d| |w|e|b|r|e|n|d|e|r|,102210fe594ee9b33d82058545b1ed14f4c8206e,loadtime,imdb,True,imdb loadtime opt cold webrender,,77,ms,geckoview,445627747,1837250998,2024-02-02T02:49:20,3640.4,dd4c0135beb5076b1a073f8d52507b724781d423,1370659
autoland,4375374,13,92302d37db2c0dde32926e954404b4c8422e3f86,android-hw-a51-11-0-aarch64-shippable-qr,True,False,,|c|o|l|d| |w|e|b|r|e|n|d|e|r|,102210fe594ee9b33d82058545b1ed14f4c8206e,loadtime,imdb,True,imdb loadtime opt cold webrender,,77,ms,geckoview,445702046,1837552098,2024-02-02T13:54:17,3819.9,90d84a362f057a96158ef63f7aa96d639916e390,1370837
autoland,4375374,13,92302d37db2c0dde32926e954404b4c8422e3f86,android-hw-a51-11-0-aarch64-shippable-qr,True,False,,|c|o|l|d| |w|e|b|r|e|n|d|e|r|,102210fe594ee9b33d82058545b1ed14f4c8206e,loadtime,imdb,True,imdb loadtime opt cold webrender,,77,ms,geckoview,445716063,1837848260,2024-02-02T14:44:09,3780.3,2d3365b1475ea6b0234b76a4ccfefc8c11e491a0,1370872
autoland,4375374,13,92302d37db2c0dde32926e954404b4c8422e3f86,android-hw-a51-11-0-aarch64-shippable-qr,True,False,,|c|o|l|d| |w|e|b|r|e|n|d|e|r|,102210fe594ee9b33d82058545b1ed14f4c8206e,loadtime,imdb,True,imdb loadtime opt cold webrender,,77,ms,geckoview,445766905,1837877717,2024-02-02T19:53:24,3622.8,67f13af428e383eb2f3472448564da31a6cd3eae,1371106
autoland,4375374,13,92302d37db2c0dde32926e954404b4c8422e3f86,android-hw-a51-11-0-aarch64-shippable-qr,True,False,,|c|o|l|d| |w|e|b|r|e|n|d|e|r|,102210fe594ee9b33d82058545b1ed14f4c8206e,loadtime,imdb,True,imdb loadtime opt cold webrender,,77,ms,geckoview,445776486,1837919502,2024-02-02T21:53:09,3674.0,0a89948ba0c00bf10f2fb02375bb347cffbdc1e1,1371183
autoland,4375374,13,92302d37db2c0dde32926e954404b4c8422e3f86,android-hw-a51-11-0-aarch64-shippable-qr,True,False,,|c|o|l|d| |w|e|b|r|e|n|d|e|r|,102210fe594ee9b33d82058545b1ed14f4c8206e,loadtime,imdb,True,imdb loadtime opt cold webrender,,77,ms,geckoview,445785272,1837960023,2024-02-03T02:32:07,3638.5,b9172a6f32d47b58f805d7cdc242ba32e55cb4a6,1371314
autoland,4375374,13,92302d37db2c0dde32926e954404b4c8422e3f86,android-hw-a51-11-0-aarch64-shippable-qr,True,False,,|c|o|l|d| |w|e|b|r|e|n|d|e|r|,102210fe594ee9b33d82058545b1ed14f4c8206e,loadtime,imdb,True,imdb loadtime opt cold webrender,,77,ms,geckoview,445797989,1838014754,2024-02-03T06:48:17,3580.8,f8d442e9495d595bd8d4c6cbd272480f9d0dbfb5,1371333
autoland,4375374,13,92302d37db2c0dde32926e954404b4c8422e3f86,android-hw-a51-11-0-aarch64-shippable-qr,True,False,,|c|o|l|d| |w|e|b|r|e|n|d|e|r|,102210fe594ee9b33d82058545b1ed14f4c8206e,loadtime,imdb,True,imdb loadtime opt cold webrender,,77,ms,geckoview,445808785,1838058963,2024-02-03T09:08:28,3707.6,6c316fd08b2f2ac6443dd8193a52f819df23ce2e,1371368
autoland,4375374,13,92302d37db2c0dde32926e954404b4c8422e3f86,android-hw-a51-11-0-aarch64-shippable-qr,True,False,,|c|o|l|d| |w|e|b|r|e|n|d|e|r|,102210fe594ee9b33d82058545b1ed14f4c8206e,loadtime,imdb,True,imdb loadtime opt cold webrender,,77,ms,geckoview,445831633,1838136550,2024-02-03T16:51:05,3604.7,234a8e0fb95fc4c3f978bc6c198667481d3115da,1371417
autoland,4375374,13,92302d37db2c0dde32926e954404b4c8422e3f86,android-hw-a51-11-0-aarch64-shippable-qr,True,False,,|c|o|l|d| |w|e|b|r|e|n|d|e|r|,102210fe594ee9b33d82058545b1ed14f4c8206e,loadtime,imdb,True,imdb loadtime opt cold webrender,,77,ms,geckoview,445850307,1838259180,2024-02-04T01:32:05,3925.0,7a5ad9c8b72b8e9fbc0f63d91a955bff54216958,1371481
autoland,4375374,13,92302d37db2c0dde32926e954404b4c8422e3f86,android-hw-a51-11-0-aarch64-shippable-qr,True,False,,|c|o|l|d| |w|e|b|r|e|n|d|e|r|,102210fe594ee9b33d82058545b1ed14f4c8206e,loadtime,imdb,True,imdb loadtime opt cold webrender,,77,ms,geckoview,445878299,1838427111,2024-02-04T11:04:08,3644.0,eb281b3fd4660b5e7e7d1e77f7ebe3182c28569d,1371513
autoland,4375374,13,92302d37db2c0dde32926e954404b4c8422e3f86,android-hw-a51-11-0-aarch64-shippable-qr,True,False,,|c|o|l|d| |w|e|b|r|e|n|d|e|r|,102210fe594ee9b33d82058545b1ed14f4c8206e,loadtime,imdb,True,imdb loadtime opt cold webrender,,77,ms,geckoview,445890051,1838584620,2024-02-04T18:26:12,3660.5,6cb794603d85d30882e94931d5c7cba2c609e8dd,1371541
autoland,4375374,13,92302d37db2c0dde32926e954404b4c8422e3f86,android-hw-a51-11-0-aarch64-shippable-qr,True,False,,|c|o|l|d| |w|e|b|r|e|n|d|e|r|,102210fe594ee9b33d82058545b1ed14f4c8206e,loadtime,imdb,True,imdb loadtime opt cold webrender,,77,ms,geckoview,445908158,1838665305,2024-02-05T01:14:58,4220.1,778e884de4e5ecb46e2d212a6f5f4a13e465a3a4,1371575
autoland,4375374,13,92302d37db2c0dde32926e954404b4c8422e3f86,android-hw-a51-11-0-aarch64-shippable-qr,True,False,,|c|o|l|d| |w|e|b|r|e|n|d|e|r|,102210fe594ee9b33d82058545b1ed14f4c8206e,loadtime,imdb,True,imdb loadtime opt cold webrender,,77,ms,geckoview,445914489,1838699693,2024-02-05T06:38:18,3695.7,9ca12d444230411e2168420a584a7f95e90c1f97,1371605
autoland,4375374,13,92302d37db2c0dde32926e954404b4c8422e3f86,android-hw-a51-11-0-aarch64-shippable-qr,True,False,,|c|o|l|d| |w|e|b|r|e|n|d|e|r|,102210fe594ee9b33d82058545b1ed14f4c8206e,loadtime,imdb,True,imdb loadtime opt cold webrender,,77,ms,geckoview,445950389,1838830416,2024-02-05T11:13:48,3579.4,e026ce62cd3a8700c3c5fb7495521391420d3ef6,1371747
autoland,4375374,13,92302d37db2c0dde32926e954404b4c8422e3f86,android-hw-a51-11-0-aarch64-shippable-qr,True,False,,|c|o|l|d| |w|e|b|r|e|n|d|e|r|,102210fe594ee9b33d82058545b1ed14f4c8206e,loadtime,imdb,True,imdb loadtime opt cold webrender,,77,ms,geckoview,445987428,1838954473,2024-02-05T15:06:21,3651.0,d67e058935bae8bfad9fb5868b225926a25cb64a,1371897
autoland,4375374,13,92302d37db2c0dde32926e954404b4c8422e3f86,android-hw-a51-11-0-aarch64-shippable-qr,True,False,,|c|o|l|d| |w|e|b|r|e|n|d|e|r|,102210fe594ee9b33d82058545b1ed14f4c8206e,loadtime,imdb,True,imdb loadtime opt cold webrender,,77,ms,geckoview,446025862,1839064524,2024-02-05T18:46:19,3682.6,9559ddacce7e802c8bda80f0f58d6cfd6cdd2948,1372136
autoland,4375374,13,92302d37db2c0dde32926e954404b4c8422e3f86,android-hw-a51-11-0-aarch64-shippable-qr,True,False,,|c|o|l|d| |w|e|b|r|e|n|d|e|r|,102210fe594ee9b33d82058545b1ed14f4c8206e,loadtime,imdb,True,imdb loadtime opt cold webrender,,77,ms,geckoview,446060595,1839192292,2024-02-05T23:26:30,3866.5,9f16b642b137c1390a012556c58e9f957a816ef6,1372325
autoland,4375374,13,92302d37db2c0dde32926e954404b4c8422e3f86,android-hw-a51-11-0-aarch64-shippable-qr,True,False,,|c|o|l|d| |w|e|b|r|e|n|d|e|r|,102210fe594ee9b33d82058545b1ed14f4c8206e,loadtime,imdb,True,imdb loadtime opt cold webrender,,77,ms,geckoview,446076687,1839409709,2024-02-06T03:53:00,3680.1,1995789cfffa08b612d3571d2e8596837f772a49,1372390
autoland,4375374,13,92302d37db2c0dde32926e954404b4c8422e3f86,android-hw-a51-11-0-aarch64-shippable-qr,True,False,,|c|o|l|d| |w|e|b|r|e|n|d|e|r|,102210fe594ee9b33d82058545b1ed14f4c8206e,loadtime,imdb,True,imdb loadtime opt cold webrender,,77,ms,geckoview,446097915,1839492879,2024-02-06T07:31:17,3580.0,df0b9539f5604a9aefc6916ce6ecf2e52670b78b,1372455
autoland,4375374,13,92302d37db2c0dde32926e954404b4c8422e3f86,android-hw-a51-11-0-aarch64-shippable-qr,True,False,,|c|o|l|d| |w|e|b|r|e|n|d|e|r|,102210fe594ee9b33d82058545b1ed14f4c8206e,loadtime,imdb,True,imdb loadtime opt cold webrender,,77,ms,geckoview,446141557,1839642957,2024-02-06T11:44:40,3680.5,c48ca61bc9255db0107d377c103a752265b60eb8,1372588
autoland,4375374,13,92302d37db2c0dde32926e954404b4c8422e3f86,android-hw-a51-11-0-aarch64-shippable-qr,True,False,,|c|o|l|d| |w|e|b|r|e|n|d|e|r|,102210fe594ee9b33d82058545b1ed14f4c8206e,loadtime,imdb,True,imdb loadtime opt cold webrender,,77,ms,geckoview,446212920,1839949249,2024-02-06T17:15:13,4922.1,79b38383448166074627506218757a9881ca5679,1372809
autoland,4375374,13,92302d37db2c0dde32926e954404b4c8422e3f86,android-hw-a51-11-0-aarch64-shippable-qr,True,False,,|c|o|l|d| |w|e|b|r|e|n|d|e|r|,102210fe594ee9b33d82058545b1ed14f4c8206e,loadtime,imdb,True,imdb loadtime opt cold webrender,,77,ms,geckoview,446207419,1839930107,2024-02-06T17:24:04,5577.1,1f93ea2744765ca11b90874574cc12168d3828a5,1372818
autoland,4375374,13,92302d37db2c0dde32926e954404b4c8422e3f86,android-hw-a51-11-0-aarch64-shippable-qr,True,False,,|c|o|l|d| |w|e|b|r|e|n|d|e|r|,102210fe594ee9b33d82058545b1ed14f4c8206e,loadtime,imdb,True,imdb loadtime opt cold webrender,,77,ms,geckoview,446275813,1840288378,2024-02-07T04:17:01,3585.4,1d87eb92ed10d04dccab53b631b14010ca09beb6,1373159
autoland,4375374,13,92302d37db2c0dde32926e954404b4c8422e3f86,android-hw-a51-11-0-aarch64-shippable-qr,True,False,,|c|o|l|d| |w|e|b|r|e|n|d|e|r|,102210fe594ee9b33d82058545b1ed14f4c8206e,loadtime,imdb,True,imdb loadtime opt cold webrender,,77,ms,geckoview,446286059,1840323449,2024-02-07T04:22:59,3655.1,fce00cd55ffb9127f24e7e1d2186178f72429fce,1373168
autoland,4375374,13,92302d37db2c0dde32926e954404b4c8422e3f86,android-hw-a51-11-0-aarch64-shippable-qr,True,False,,|c|o|l|d| |w|e|b|r|e|n|d|e|r|,102210fe594ee9b33d82058545b1ed14f4c8206e,loadtime,imdb,True,imdb loadtime opt cold webrender,,77,ms,geckoview,446306392,1840418451,2024-02-07T08:54:39,3722.6,df59ba0b3152fb8f6812b413bd2a6869bff469c1,1373246
autoland,4375374,13,92302d37db2c0dde32926e954404b4c8422e3f86,android-hw-a51-11-0-aarch64-shippable-qr,True,False,,|c|o|l|d| |w|e|b|r|e|n|d|e|r|,102210fe594ee9b33d82058545b1ed14f4c8206e,loadtime,imdb,True,imdb loadtime opt cold webrender,,77,ms,geckoview,446315663,1840468534,2024-02-07T09:01:16,3679.4,ab5b008e36a4742d737a89c8cbfc1a69e2b76456,1373249
autoland,4375374,13,92302d37db2c0dde32926e954404b4c8422e3f86,android-hw-a51-11-0-aarch64-shippable-qr,True,False,,|c|o|l|d| |w|e|b|r|e|n|d|e|r|,102210fe594ee9b33d82058545b1ed14f4c8206e,loadtime,imdb,True,imdb loadtime opt cold webrender,,77,ms,geckoview,446356744,1840548887,2024-02-07T13:03:40,3641.9,ec34bf3905e43d945effa45ba094092c7355d4b2,1373380
autoland,4375374,13,92302d37db2c0dde32926e954404b4c8422e3f86,android-hw-a51-11-0-aarch64-shippable-qr,True,False,,|c|o|l|d| |w|e|b|r|e|n|d|e|r|,102210fe594ee9b33d82058545b1ed14f4c8206e,loadtime,imdb,True,imdb loadtime opt cold webrender,,77,ms,geckoview,446362649,1840612321,2024-02-07T14:05:10,3614.9,fdda8b6b095615f06fbef5c21ff9ad0a90927c83,1373437
autoland,4375374,13,92302d37db2c0dde32926e954404b4c8422e3f86,android-hw-a51-11-0-aarch64-shippable-qr,True,False,,|c|o|l|d| |w|e|b|r|e|n|d|e|r|,102210fe594ee9b33d82058545b1ed14f4c8206e,loadtime,imdb,True,imdb loadtime opt cold webrender,,77,ms,geckoview,446405284,1840771859,2024-02-07T17:25:01,3622.6,fcafc196f2cef3d5c607edaa0f66c96cdf1708d6,1373622
autoland,4375374,13,92302d37db2c0dde32926e954404b4c8422e3f86,android-hw-a51-11-0-aarch64-shippable-qr,True,False,,|c|o|l|d| |w|e|b|r|e|n|d|e|r|,102210fe594ee9b33d82058545b1ed14f4c8206e,loadtime,imdb,True,imdb loadtime opt cold webrender,,77,ms,geckoview,446430924,1840856944,2024-02-07T21:31:39,3622.2,0eee0e78f83c43165f612c4e7f3f7ff52d665b9c,1373826
autoland,4375374,13,92302d37db2c0dde32926e954404b4c8422e3f86,android-hw-a51-11-0-aarch64-shippable-qr,True,False,,|c|o|l|d| |w|e|b|r|e|n|d|e|r|,102210fe594ee9b33d82058545b1ed14f4c8206e,loadtime,imdb,True,imdb loadtime opt cold webrender,,77,ms,geckoview,446434395,1840898721,2024-02-07T21:36:53,3742.4,1cb745ef034e9cd65d98c15632e13f5862e7390b,1373829
autoland,4375374,13,92302d37db2c0dde32926e954404b4c8422e3f86,android-hw-a51-11-0-aarch64-shippable-qr,True,False,,|c|o|l|d| |w|e|b|r|e|n|d|e|r|,102210fe594ee9b33d82058545b1ed14f4c8206e,loadtime,imdb,True,imdb loadtime opt cold webrender,,77,ms,geckoview,446455137,1840959701,2024-02-08T01:47:30,4396.4,0cb1cb869761baae745081466c878e32a7d83888,1373927
autoland,4375374,13,92302d37db2c0dde32926e954404b4c8422e3f86,android-hw-a51-11-0-aarch64-shippable-qr,True,False,,|c|o|l|d| |w|e|b|r|e|n|d|e|r|,102210fe594ee9b33d82058545b1ed14f4c8206e,loadtime,imdb,True,imdb loadtime opt cold webrender,,77,ms,geckoview,446459391,1841004341,2024-02-08T02:38:53,3676.5,bbcb9c75a4919aa67c2fc1ec689eb69d653990dd,1373953
autoland,4375374,13,92302d37db2c0dde32926e954404b4c8422e3f86,android-hw-a51-11-0-aarch64-shippable-qr,True,False,,|c|o|l|d| |w|e|b|r|e|n|d|e|r|,102210fe594ee9b33d82058545b1ed14f4c8206e,loadtime,imdb,True,imdb loadtime opt cold webrender,,77,ms,geckoview,446470752,1841068052,2024-02-08T07:03:19,3721.7,344524bd7c755d7d7fcfca1d69503577b07db2b7,1374007
autoland,4375374,13,92302d37db2c0dde32926e954404b4c8422e3f86,android-hw-a51-11-0-aarch64-shippable-qr,True,False,,|c|o|l|d| |w|e|b|r|e|n|d|e|r|,102210fe594ee9b33d82058545b1ed14f4c8206e,loadtime,imdb,True,imdb loadtime opt cold webrender,,77,ms,geckoview,446528206,1841310411,2024-02-08T14:56:42,3814.7,286029e09b16d8910d7110864541cdb9d4b84681,1374192
autoland,4375374,13,92302d37db2c0dde32926e954404b4c8422e3f86,android-hw-a51-11-0-aarch64-shippable-qr,True,False,,|c|o|l|d| |w|e|b|r|e|n|d|e|r|,102210fe594ee9b33d82058545b1ed14f4c8206e,loadtime,imdb,True,imdb loadtime opt cold webrender,,77,ms,geckoview,446540765,1841334292,2024-02-08T16:03:43,3605.3,590071462358f92ff5d36dc8f99a472a45101fdb,1374244
autoland,4375374,13,92302d37db2c0dde32926e954404b4c8422e3f86,android-hw-a51-11-0-aarch64-shippable-qr,True,False,,|c|o|l|d| |w|e|b|r|e|n|d|e|r|,102210fe594ee9b33d82058545b1ed14f4c8206e,loadtime,imdb,True,imdb loadtime opt cold webrender,,77,ms,geckoview,446587937,1841527048,2024-02-08T22:41:03,3803.5,8b424277a5065ea04bc1818e9ba12a8b24c12008,1374550
autoland,4375374,13,92302d37db2c0dde32926e954404b4c8422e3f86,android-hw-a51-11-0-aarch64-shippable-qr,True,False,,|c|o|l|d| |w|e|b|r|e|n|d|e|r|,102210fe594ee9b33d82058545b1ed14f4c8206e,loadtime,imdb,True,imdb loadtime opt cold webrender,,77,ms,geckoview,446590032,1841540837,2024-02-08T23:27:55,3673.0,ba6c8f006d21287c25440f5141e3eead45bd9f96,1374577
autoland,4375374,13,92302d37db2c0dde32926e954404b4c8422e3f86,android-hw-a51-11-0-aarch64-shippable-qr,True,False,,|c|o|l|d| |w|e|b|r|e|n|d|e|r|,102210fe594ee9b33d82058545b1ed14f4c8206e,loadtime,imdb,True,imdb loadtime opt cold webrender,,77,ms,geckoview,446615223,1841633734,2024-02-09T04:08:21,3703.9,b17a56f7d0a828b62b52f572c8237345bf64786f,1374660
autoland,4375374,13,92302d37db2c0dde32926e954404b4c8422e3f86,android-hw-a51-11-0-aarch64-shippable-qr,True,False,,|c|o|l|d| |w|e|b|r|e|n|d|e|r|,102210fe594ee9b33d82058545b1ed14f4c8206e,loadtime,imdb,True,imdb loadtime opt cold webrender,,77,ms,geckoview,446641668,1841764301,2024-02-09T08:27:03,3748.8,7b81e807e547afd0cca0453e9697e58369ae5e92,1374718
autoland,4375374,13,92302d37db2c0dde32926e954404b4c8422e3f86,android-hw-a51-11-0-aarch64-shippable-qr,True,False,,|c|o|l|d| |w|e|b|r|e|n|d|e|r|,102210fe594ee9b33d82058545b1ed14f4c8206e,loadtime,imdb,True,imdb loadtime opt cold webrender,,77,ms,geckoview,446679252,1841888837,2024-02-09T11:56:29,3656.7,045e453bba33077fb8d5641ca3706f3785ce14f5,1374806
autoland,4375374,13,92302d37db2c0dde32926e954404b4c8422e3f86,android-hw-a51-11-0-aarch64-shippable-qr,True,False,,|c|o|l|d| |w|e|b|r|e|n|d|e|r|,102210fe594ee9b33d82058545b1ed14f4c8206e,loadtime,imdb,True,imdb loadtime opt cold webrender,,77,ms,geckoview,446729010,1842123789,2024-02-09T16:09:01,3623.6,193e6982f5a17f0fa7cced978df3079f87e4ad99,1374959
autoland,4375374,13,92302d37db2c0dde32926e954404b4c8422e3f86,android-hw-a51-11-0-aarch64-shippable-qr,True,False,,|c|o|l|d| |w|e|b|r|e|n|d|e|r|,102210fe594ee9b33d82058545b1ed14f4c8206e,loadtime,imdb,True,imdb loadtime opt cold webrender,,77,ms,geckoview,446732971,1842143558,2024-02-09T17:06:42,3718.8,39d76f98160905dab2a294ece0e03ee8ba5ba4cc,1375009
autoland,4375374,13,92302d37db2c0dde32926e954404b4c8422e3f86,android-hw-a51-11-0-aarch64-shippable-qr,True,False,,|c|o|l|d| |w|e|b|r|e|n|d|e|r|,102210fe594ee9b33d82058545b1ed14f4c8206e,loadtime,imdb,True,imdb loadtime opt cold webrender,,77,ms,geckoview,446766595,1842229568,2024-02-09T21:47:15,3713.1,0fb5f3212fd93e901bed6bb19bd8b63339869991,1375247
autoland,4375374,13,92302d37db2c0dde32926e954404b4c8422e3f86,android-hw-a51-11-0-aarch64-shippable-qr,True,False,,|c|o|l|d| |w|e|b|r|e|n|d|e|r|,102210fe594ee9b33d82058545b1ed14f4c8206e,loadtime,imdb,True,imdb loadtime opt cold webrender,,77,ms,geckoview,446787056,1842292929,2024-02-10T07:03:30,3751.3,20876ae07c4b760464125773aa45200a98f34159,1375365
autoland,4375374,13,92302d37db2c0dde32926e954404b4c8422e3f86,android-hw-a51-11-0-aarch64-shippable-qr,True,False,,|c|o|l|d| |w|e|b|r|e|n|d|e|r|,102210fe594ee9b33d82058545b1ed14f4c8206e,loadtime,imdb,True,imdb loadtime opt cold webrender,,77,ms,geckoview,446813874,1842387748,2024-02-10T13:47:16,3685.1,b09350ff8440d3ef5d3ac2b811bfe9a5d243196a,1375389
autoland,4375374,13,92302d37db2c0dde32926e954404b4c8422e3f86,android-hw-a51-11-0-aarch64-shippable-qr,True,False,,|c|o|l|d| |w|e|b|r|e|n|d|e|r|,102210fe594ee9b33d82058545b1ed14f4c8206e,loadtime,imdb,True,imdb loadtime opt cold webrender,,77,ms,geckoview,446822108,1842412557,2024-02-10T17:58:32,3633.1,f6690a5e6ceef6b384dc31d4485e790a4935508a,1375417
autoland,4375374,13,92302d37db2c0dde32926e954404b4c8422e3f86,android-hw-a51-11-0-aarch64-shippable-qr,True,False,,|c|o|l|d| |w|e|b|r|e|n|d|e|r|,102210fe594ee9b33d82058545b1ed14f4c8206e,loadtime,imdb,True,imdb loadtime opt cold webrender,,77,ms,geckoview,446840600,1842496659,2024-02-11T02:31:23,3665.5,f92c77fccb76549171ecc809818a26b1eb883b43,1375439
autoland,4375374,13,92302d37db2c0dde32926e954404b4c8422e3f86,android-hw-a51-11-0-aarch64-shippable-qr,True,False,,|c|o|l|d| |w|e|b|r|e|n|d|e|r|,102210fe594ee9b33d82058545b1ed14f4c8206e,loadtime,imdb,True,imdb loadtime opt cold webrender,,77,ms,geckoview,446873352,1842615201,2024-02-11T15:25:51,3705.0,13676fc9b0cd8461cb9863d3a2d1b9a696a9c0f5,1375518
autoland,4375374,13,92302d37db2c0dde32926e954404b4c8422e3f86,android-hw-a51-11-0-aarch64-shippable-qr,True,False,,|c|o|l|d| |w|e|b|r|e|n|d|e|r|,102210fe594ee9b33d82058545b1ed14f4c8206e,loadtime,imdb,True,imdb loadtime opt cold webrender,,77,ms,geckoview,446946040,1842934358,2024-02-12T15:53:07,3719.4,cab51450b6bd71ade4db0f49831f7e402b375b45,1375888
autoland,4375374,13,92302d37db2c0dde32926e954404b4c8422e3f86,android-hw-a51-11-0-aarch64-shippable-qr,True,False,,|c|o|l|d| |w|e|b|r|e|n|d|e|r|,102210fe594ee9b33d82058545b1ed14f4c8206e,loadtime,imdb,True,imdb loadtime opt cold webrender,,77,ms,geckoview,446979727,1843028145,2024-02-12T20:04:04,3686.7,37ec3180a6cbce3bb2544f9a16b4ded4657c6eb6,1376093
autoland,4375374,13,92302d37db2c0dde32926e954404b4c8422e3f86,android-hw-a51-11-0-aarch64-shippable-qr,True,False,,|c|o|l|d| |w|e|b|r|e|n|d|e|r|,102210fe594ee9b33d82058545b1ed14f4c8206e,loadtime,imdb,True,imdb loadtime opt cold webrender,,77,ms,geckoview,446980492,1843052939,2024-02-12T20:15:07,3671.9,995a3050d70cb954214be8710caa54a1794745ec,1376103
autoland,4375374,13,92302d37db2c0dde32926e954404b4c8422e3f86,android-hw-a51-11-0-aarch64-shippable-qr,True,False,,|c|o|l|d| |w|e|b|r|e|n|d|e|r|,102210fe594ee9b33d82058545b1ed14f4c8206e,loadtime,imdb,True,imdb loadtime opt cold webrender,,77,ms,geckoview,447022418,1843125450,2024-02-13T00:22:17,3789.7,b316bafe790ef37c5585cadd21f6a2c8ebd749b9,1376256
autoland,4375374,13,92302d37db2c0dde32926e954404b4c8422e3f86,android-hw-a51-11-0-aarch64-shippable-qr,True,False,,|c|o|l|d| |w|e|b|r|e|n|d|e|r|,102210fe594ee9b33d82058545b1ed14f4c8206e,loadtime,imdb,True,imdb loadtime opt cold webrender,,77,ms,geckoview,447039104,1843186443,2024-02-13T02:51:29,3674.7,52fc8e3041c5f42dfa50438336b110a9a5e77f2b,1376298
autoland,4375374,13,92302d37db2c0dde32926e954404b4c8422e3f86,android-hw-a51-11-0-aarch64-shippable-qr,True,False,,|c|o|l|d| |w|e|b|r|e|n|d|e|r|,102210fe594ee9b33d82058545b1ed14f4c8206e,loadtime,imdb,True,imdb loadtime opt cold webrender,,77,ms,geckoview,447058878,1843303152,2024-02-13T06:57:28,5922.7,5f6ad5b21119b4bbef2bc6c9153e0f7329c20ebe,1376370
autoland,4375374,13,92302d37db2c0dde32926e954404b4c8422e3f86,android-hw-a51-11-0-aarch64-shippable-qr,True,False,,|c|o|l|d| |w|e|b|r|e|n|d|e|r|,102210fe594ee9b33d82058545b1ed14f4c8206e,loadtime,imdb,True,imdb loadtime opt cold webrender,,77,ms,geckoview,447089865,1843409136,2024-02-13T09:49:45,3720.9,c5320acccd4a760b0ae41149fcdd8fe44b658ee7,1376447
autoland,4375374,13,92302d37db2c0dde32926e954404b4c8422e3f86,android-hw-a51-11-0-aarch64-shippable-qr,True,False,,|c|o|l|d| |w|e|b|r|e|n|d|e|r|,102210fe594ee9b33d82058545b1ed14f4c8206e,loadtime,imdb,True,imdb loadtime opt cold webrender,,77,ms,geckoview,447111896,1843494924,2024-02-13T13:45:34,4176.3,0d474eb34652f4c47a16b6d83012c0f2e026dc00,1376559
autoland,4375374,13,92302d37db2c0dde32926e954404b4c8422e3f86,android-hw-a51-11-0-aarch64-shippable-qr,True,False,,|c|o|l|d| |w|e|b|r|e|n|d|e|r|,102210fe594ee9b33d82058545b1ed14f4c8206e,loadtime,imdb,True,imdb loadtime opt cold webrender,,77,ms,geckoview,447132233,1843562156,2024-02-13T16:46:39,3964.5,17329a53b9f9a20247103958883a0ce7c42af78d,1376703
autoland,4375374,13,92302d37db2c0dde32926e954404b4c8422e3f86,android-hw-a51-11-0-aarch64-shippable-qr,True,False,,|c|o|l|d| |w|e|b|r|e|n|d|e|r|,102210fe594ee9b33d82058545b1ed14f4c8206e,loadtime,imdb,True,imdb loadtime opt cold webrender,,77,ms,geckoview,447197285,1843755842,2024-02-14T00:47:09,3732.6,4a18caac75720f24abc9063ce8df5fa6b7948aa4,1376921
autoland,4375374,13,92302d37db2c0dde32926e954404b4c8422e3f86,android-hw-a51-11-0-aarch64-shippable-qr,True,False,,|c|o|l|d| |w|e|b|r|e|n|d|e|r|,102210fe594ee9b33d82058545b1ed14f4c8206e,loadtime,imdb,True,imdb loadtime opt cold webrender,,77,ms,geckoview,447199947,1843772386,2024-02-14T01:35:59,3670.8,aaaa3f2b8fed9e159a8b08e4263034e9a051be71,1376937
autoland,4375374,13,92302d37db2c0dde32926e954404b4c8422e3f86,android-hw-a51-11-0-aarch64-shippable-qr,True,False,,|c|o|l|d| |w|e|b|r|e|n|d|e|r|,102210fe594ee9b33d82058545b1ed14f4c8206e,loadtime,imdb,True,imdb loadtime opt cold webrender,,77,ms,geckoview,447222396,1843850556,2024-02-14T05:55:05,5529.7,1b24ea8c2e7e02f00bd61e8cd672da76b16c42a6,1376972
autoland,4375374,13,92302d37db2c0dde32926e954404b4c8422e3f86,android-hw-a51-11-0-aarch64-shippable-qr,True,False,,|c|o|l|d| |w|e|b|r|e|n|d|e|r|,102210fe594ee9b33d82058545b1ed14f4c8206e,loadtime,imdb,True,imdb loadtime opt cold webrender,,77,ms,geckoview,447274231,1843993950,2024-02-14T15:32:04,3762.5,dca10aca1871edfdba5107bc7766982b186d7f2c,1377071
autoland,4375374,13,92302d37db2c0dde32926e954404b4c8422e3f86,android-hw-a51-11-0-aarch64-shippable-qr,True,False,,|c|o|l|d| |w|e|b|r|e|n|d|e|r|,102210fe594ee9b33d82058545b1ed14f4c8206e,loadtime,imdb,True,imdb loadtime opt cold webrender,,77,ms,geckoview,447279495,1844039652,2024-02-14T15:37:30,3696.7,2ea0fda6ec6ed02a530a3a4bb67fabb0d14d403f,1377078
autoland,4375374,13,92302d37db2c0dde32926e954404b4c8422e3f86,android-hw-a51-11-0-aarch64-shippable-qr,True,False,,|c|o|l|d| |w|e|b|r|e|n|d|e|r|,102210fe594ee9b33d82058545b1ed14f4c8206e,loadtime,imdb,True,imdb loadtime opt cold webrender,,77,ms,geckoview,447311962,1844099430,2024-02-14T20:39:05,3714.9,b0b34dab81d56b5e5ee526c9f44e926db4b27dce,1377195
autoland,4375374,13,92302d37db2c0dde32926e954404b4c8422e3f86,android-hw-a51-11-0-aarch64-shippable-qr,True,False,,|c|o|l|d| |w|e|b|r|e|n|d|e|r|,102210fe594ee9b33d82058545b1ed14f4c8206e,loadtime,imdb,True,imdb loadtime opt cold webrender,,77,ms,geckoview,447332962,1844176638,2024-02-15T00:51:05,3706.2,981afc9a696a12b7e873eae165925138a2726efe,1377256
autoland,4375374,13,92302d37db2c0dde32926e954404b4c8422e3f86,android-hw-a51-11-0-aarch64-shippable-qr,True,False,,|c|o|l|d| |w|e|b|r|e|n|d|e|r|,102210fe594ee9b33d82058545b1ed14f4c8206e,loadtime,imdb,True,imdb loadtime opt cold webrender,,77,ms,geckoview,447348841,1844259548,2024-02-15T04:52:31,3733.2,aa5fc411278d3beae081682cb31a2167257d3aed,1377304
autoland,4375374,13,92302d37db2c0dde32926e954404b4c8422e3f86,android-hw-a51-11-0-aarch64-shippable-qr,True,False,,|c|o|l|d| |w|e|b|r|e|n|d|e|r|,102210fe594ee9b33d82058545b1ed14f4c8206e,loadtime,imdb,True,imdb loadtime opt cold webrender,,77,ms,geckoview,448093351,1847236692,2024-02-15T09:44:49,3527.1,3105f90d2e5f89865d0918a508405fef277a5546,1377347
autoland,4375374,13,92302d37db2c0dde32926e954404b4c8422e3f86,android-hw-a51-11-0-aarch64-shippable-qr,True,False,,|c|o|l|d| |w|e|b|r|e|n|d|e|r|,102210fe594ee9b33d82058545b1ed14f4c8206e,loadtime,imdb,True,imdb loadtime opt cold webrender,,77,ms,geckoview,448111917,1847318941,2024-02-15T09:44:49,3542.8,3105f90d2e5f89865d0918a508405fef277a5546,1377347
autoland,4375374,13,92302d37db2c0dde32926e954404b4c8422e3f86,android-hw-a51-11-0-aarch64-shippable-qr,True,False,,|c|o|l|d| |w|e|b|r|e|n|d|e|r|,102210fe594ee9b33d82058545b1ed14f4c8206e,loadtime,imdb,True,imdb loadtime opt cold webrender,,77,ms,geckoview,448111918,1847318918,2024-02-15T09:44:49,3496.1,3105f90d2e5f89865d0918a508405fef277a5546,1377347
autoland,4375374,13,92302d37db2c0dde32926e954404b4c8422e3f86,android-hw-a51-11-0-aarch64-shippable-qr,True,False,,|c|o|l|d| |w|e|b|r|e|n|d|e|r|,102210fe594ee9b33d82058545b1ed14f4c8206e,loadtime,imdb,True,imdb loadtime opt cold webrender,,77,ms,geckoview,448111919,1847318607,2024-02-15T09:44:49,3510.2,3105f90d2e5f89865d0918a508405fef277a5546,1377347
autoland,4375374,13,92302d37db2c0dde32926e954404b4c8422e3f86,android-hw-a51-11-0-aarch64-shippable-qr,True,False,,|c|o|l|d| |w|e|b|r|e|n|d|e|r|,102210fe594ee9b33d82058545b1ed14f4c8206e,loadtime,imdb,True,imdb loadtime opt cold webrender,,77,ms,geckoview,448111920,1847318482,2024-02-15T09:44:49,3602.6,3105f90d2e5f89865d0918a508405fef277a5546,1377347
autoland,4375374,13,92302d37db2c0dde32926e954404b4c8422e3f86,android-hw-a51-11-0-aarch64-shippable-qr,True,False,,|c|o|l|d| |w|e|b|r|e|n|d|e|r|,102210fe594ee9b33d82058545b1ed14f4c8206e,loadtime,imdb,True,imdb loadtime opt cold webrender,,77,ms,geckoview,448111921,1847318794,2024-02-15T09:44:49,3605.5,3105f90d2e5f89865d0918a508405fef277a5546,1377347
autoland,4375374,13,92302d37db2c0dde32926e954404b4c8422e3f86,android-hw-a51-11-0-aarch64-shippable-qr,True,False,,|c|o|l|d| |w|e|b|r|e|n|d|e|r|,102210fe594ee9b33d82058545b1ed14f4c8206e,loadtime,imdb,True,imdb loadtime opt cold webrender,,77,ms,geckoview,448111922,1847318632,2024-02-15T09:44:49,3602.0,3105f90d2e5f89865d0918a508405fef277a5546,1377347
autoland,4375374,13,92302d37db2c0dde32926e954404b4c8422e3f86,android-hw-a51-11-0-aarch64-shippable-qr,True,False,,|c|o|l|d| |w|e|b|r|e|n|d|e|r|,102210fe594ee9b33d82058545b1ed14f4c8206e,loadtime,imdb,True,imdb loadtime opt cold webrender,,77,ms,geckoview,448089211,1847228915,2024-02-15T10:06:10,3703.4,ea25428ee9e4d714523a1fcf7c18a56c69d40516,1377356
autoland,4375374,13,92302d37db2c0dde32926e954404b4c8422e3f86,android-hw-a51-11-0-aarch64-shippable-qr,True,False,,|c|o|l|d| |w|e|b|r|e|n|d|e|r|,102210fe594ee9b33d82058545b1ed14f4c8206e,loadtime,imdb,True,imdb loadtime opt cold webrender,,77,ms,geckoview,447394751,1844415650,2024-02-15T12:49:34,3662.3,2b4e9ee6225f1183da45d24404e72f48e3803f08,1377375
autoland,4375374,13,92302d37db2c0dde32926e954404b4c8422e3f86,android-hw-a51-11-0-aarch64-shippable-qr,True,False,,|c|o|l|d| |w|e|b|r|e|n|d|e|r|,102210fe594ee9b33d82058545b1ed14f4c8206e,loadtime,imdb,True,imdb loadtime opt cold webrender,,77,ms,geckoview,448076168,1847180705,2024-02-15T12:49:34,3780.3,2b4e9ee6225f1183da45d24404e72f48e3803f08,1377375
autoland,4375374,13,92302d37db2c0dde32926e954404b4c8422e3f86,android-hw-a51-11-0-aarch64-shippable-qr,True,False,,|c|o|l|d| |w|e|b|r|e|n|d|e|r|,102210fe594ee9b33d82058545b1ed14f4c8206e,loadtime,imdb,True,imdb loadtime opt cold webrender,,77,ms,geckoview,448095843,1847248355,2024-02-15T12:54:41,3674.0,bdabd37473ed5839557b90557ee6ca684a0d4500,1377376
autoland,4375374,13,92302d37db2c0dde32926e954404b4c8422e3f86,android-hw-a51-11-0-aarch64-shippable-qr,True,False,,|c|o|l|d| |w|e|b|r|e|n|d|e|r|,102210fe594ee9b33d82058545b1ed14f4c8206e,loadtime,imdb,True,imdb loadtime opt cold webrender,,77,ms,geckoview,448095973,1847248734,2024-02-15T13:00:19,3555.7,ea2491ae89ec3bc882063a8f55140d3f6134fe37,1377378
autoland,4375374,13,92302d37db2c0dde32926e954404b4c8422e3f86,android-hw-a51-11-0-aarch64-shippable-qr,True,False,,|c|o|l|d| |w|e|b|r|e|n|d|e|r|,102210fe594ee9b33d82058545b1ed14f4c8206e,loadtime,imdb,True,imdb loadtime opt cold webrender,,77,ms,geckoview,448095564,1847245698,2024-02-15T13:49:55,3506.7,56a0df519fe9b9db7e40096e73997d7bb5b5c0c5,1377384
autoland,4375374,13,92302d37db2c0dde32926e954404b4c8422e3f86,android-hw-a51-11-0-aarch64-shippable-qr,True,False,,|c|o|l|d| |w|e|b|r|e|n|d|e|r|,102210fe594ee9b33d82058545b1ed14f4c8206e,loadtime,imdb,True,imdb loadtime opt cold webrender,,77,ms,geckoview,448089014,1847227470,2024-02-15T14:07:04,3657.8,21d52b57ab6a39995bbcf148ef823e9d6815ee3e,1377389
autoland,4375374,13,92302d37db2c0dde32926e954404b4c8422e3f86,android-hw-a51-11-0-aarch64-shippable-qr,True,False,,|c|o|l|d| |w|e|b|r|e|n|d|e|r|,102210fe594ee9b33d82058545b1ed14f4c8206e,loadtime,imdb,True,imdb loadtime opt cold webrender,,77,ms,geckoview,448089200,1847228796,2024-02-15T14:15:32,3685.7,5e0067938b95388f1aa74116463550ecebb40b73,1377393
autoland,4375374,13,92302d37db2c0dde32926e954404b4c8422e3f86,android-hw-a51-11-0-aarch64-shippable-qr,True,False,,|c|o|l|d| |w|e|b|r|e|n|d|e|r|,102210fe594ee9b33d82058545b1ed14f4c8206e,loadtime,imdb,True,imdb loadtime opt cold webrender,,77,ms,geckoview,448109981,1847305773,2024-02-15T15:41:06,3692.8,54bf47d03582dce757f4d87be8f557734e9900ca,1377415
autoland,4375374,13,92302d37db2c0dde32926e954404b4c8422e3f86,android-hw-a51-11-0-aarch64-shippable-qr,True,False,,|c|o|l|d| |w|e|b|r|e|n|d|e|r|,102210fe594ee9b33d82058545b1ed14f4c8206e,loadtime,imdb,True,imdb loadtime opt cold webrender,,77,ms,geckoview,448089170,1847227956,2024-02-15T15:47:14,3671.9,6c0c4933eaf3119e0ea5641cdd599c2ec7193f28,1377417
autoland,4375374,13,92302d37db2c0dde32926e954404b4c8422e3f86,android-hw-a51-11-0-aarch64-shippable-qr,True,False,,|c|o|l|d| |w|e|b|r|e|n|d|e|r|,102210fe594ee9b33d82058545b1ed14f4c8206e,loadtime,imdb,True,imdb loadtime opt cold webrender,,77,ms,geckoview,448089171,1847228035,2024-02-15T15:47:59,3615.6,eaef8c588e18537cafd6e9ed1e46fc2546fe74c6,1377418
autoland,4375374,13,92302d37db2c0dde32926e954404b4c8422e3f86,android-hw-a51-11-0-aarch64-shippable-qr,True,False,,|c|o|l|d| |w|e|b|r|e|n|d|e|r|,102210fe594ee9b33d82058545b1ed14f4c8206e,loadtime,imdb,True,imdb loadtime opt cold webrender,,77,ms,geckoview,448093499,1847237309,2024-02-15T16:06:05,3674.3,7e33bd78743f2406eaef5b58b833a41ab2205085,1377422
autoland,4375374,13,92302d37db2c0dde32926e954404b4c8422e3f86,android-hw-a51-11-0-aarch64-shippable-qr,True,False,,|c|o|l|d| |w|e|b|r|e|n|d|e|r|,102210fe594ee9b33d82058545b1ed14f4c8206e,loadtime,imdb,True,imdb loadtime opt cold webrender,,77,ms,geckoview,447413148,1844501548,2024-02-15T16:23:45,3670.4,dbe553dd13b79a3c4821f203f3adca31fe71cc56,1377427
autoland,4375374,13,92302d37db2c0dde32926e954404b4c8422e3f86,android-hw-a51-11-0-aarch64-shippable-qr,True,False,,|c|o|l|d| |w|e|b|r|e|n|d|e|r|,102210fe594ee9b33d82058545b1ed14f4c8206e,loadtime,imdb,True,imdb loadtime opt cold webrender,,77,ms,geckoview,448076212,1847180816,2024-02-15T16:23:45,3616.0,dbe553dd13b79a3c4821f203f3adca31fe71cc56,1377427
autoland,4375374,13,92302d37db2c0dde32926e954404b4c8422e3f86,android-hw-a51-11-0-aarch64-shippable-qr,True,False,,|c|o|l|d| |w|e|b|r|e|n|d|e|r|,102210fe594ee9b33d82058545b1ed14f4c8206e,loadtime,imdb,True,imdb loadtime opt cold webrender,,77,ms,geckoview,448093018,1847235353,2024-02-15T16:24:25,3573.2,960b4f0570e98c1d761e11649d09838eb8123a33,1377428
autoland,4375374,13,92302d37db2c0dde32926e954404b4c8422e3f86,android-hw-a51-11-0-aarch64-shippable-qr,True,False,,|c|o|l|d| |w|e|b|r|e|n|d|e|r|,102210fe594ee9b33d82058545b1ed14f4c8206e,loadtime,imdb,True,imdb loadtime opt cold webrender,,77,ms,geckoview,448107951,1847297743,2024-02-15T16:59:30,3716.7,b03cca9b0aef18d81aecc66471390fd3213fd7de,1377434
autoland,4375374,13,92302d37db2c0dde32926e954404b4c8422e3f86,android-hw-a51-11-0-aarch64-shippable-qr,True,False,,|c|o|l|d| |w|e|b|r|e|n|d|e|r|,102210fe594ee9b33d82058545b1ed14f4c8206e,loadtime,imdb,True,imdb loadtime opt cold webrender,,77,ms,geckoview,448095823,1847247930,2024-02-15T17:02:28,3673.8,451c7a03c4006d2e8ed2dbb6ccde5852e56fa19c,1377435
autoland,4375374,13,92302d37db2c0dde32926e954404b4c8422e3f86,android-hw-a51-11-0-aarch64-shippable-qr,True,False,,|c|o|l|d| |w|e|b|r|e|n|d|e|r|,102210fe594ee9b33d82058545b1ed14f4c8206e,loadtime,imdb,True,imdb loadtime opt cold webrender,,77,ms,geckoview,448093778,1847237699,2024-02-15T17:22:51,3565.2,512e20401b2086a2a484d333528dbf6533523a5e,1377442
autoland,4375374,13,92302d37db2c0dde32926e954404b4c8422e3f86,android-hw-a51-11-0-aarch64-shippable-qr,True,False,,|c|o|l|d| |w|e|b|r|e|n|d|e|r|,102210fe594ee9b33d82058545b1ed14f4c8206e,loadtime,imdb,True,imdb loadtime opt cold webrender,,77,ms,geckoview,448095632,1847246606,2024-02-15T17:35:47,3582.1,728d667bd186392c0714f63424c9cf59df164875,1377447
autoland,4375374,13,92302d37db2c0dde32926e954404b4c8422e3f86,android-hw-a51-11-0-aarch64-shippable-qr,True,False,,|c|o|l|d| |w|e|b|r|e|n|d|e|r|,102210fe594ee9b33d82058545b1ed14f4c8206e,loadtime,imdb,True,imdb loadtime opt cold webrender,,77,ms,geckoview,448096079,1847249717,2024-02-15T17:50:38,3649.7,1e775ab48d70a651b5c561508f6494d64be442dc,1377450
autoland,4375374,13,92302d37db2c0dde32926e954404b4c8422e3f86,android-hw-a51-11-0-aarch64-shippable-qr,True,False,,|c|o|l|d| |w|e|b|r|e|n|d|e|r|,102210fe594ee9b33d82058545b1ed14f4c8206e,loadtime,imdb,True,imdb loadtime opt cold webrender,,77,ms,geckoview,448093446,1847237264,2024-02-15T18:00:19,3591.7,ba64473ee76b647e7767b248703639e195d34850,1377452
autoland,4375374,13,92302d37db2c0dde32926e954404b4c8422e3f86,android-hw-a51-11-0-aarch64-shippable-qr,True,False,,|c|o|l|d| |w|e|b|r|e|n|d|e|r|,102210fe594ee9b33d82058545b1ed14f4c8206e,loadtime,imdb,True,imdb loadtime opt cold webrender,,77,ms,geckoview,448095847,1847248268,2024-02-15T18:02:17,3659.0,3b05224ba2f053e60157be6dd76f5cb13a1add6a,1377453
autoland,4375374,13,92302d37db2c0dde32926e954404b4c8422e3f86,android-hw-a51-11-0-aarch64-shippable-qr,True,False,,|c|o|l|d| |w|e|b|r|e|n|d|e|r|,102210fe594ee9b33d82058545b1ed14f4c8206e,loadtime,imdb,True,imdb loadtime opt cold webrender,,77,ms,geckoview,448100594,1847272189,2024-02-15T18:59:29,3637.5,b4a662569a9e6db4b184fd53365a9c71833b8e05,1377469
autoland,4375374,13,92302d37db2c0dde32926e954404b4c8422e3f86,android-hw-a51-11-0-aarch64-shippable-qr,True,False,,|c|o|l|d| |w|e|b|r|e|n|d|e|r|,102210fe594ee9b33d82058545b1ed14f4c8206e,loadtime,imdb,True,imdb loadtime opt cold webrender,,77,ms,geckoview,448093771,1847237405,2024-02-15T19:04:35,3712.5,0ea52ab8b1336ce02fc583bdb1892d069db5d920,1377470
autoland,4375374,13,92302d37db2c0dde32926e954404b4c8422e3f86,android-hw-a51-11-0-aarch64-shippable-qr,True,False,,|c|o|l|d| |w|e|b|r|e|n|d|e|r|,102210fe594ee9b33d82058545b1ed14f4c8206e,loadtime,imdb,True,imdb loadtime opt cold webrender,,77,ms,geckoview,448093463,1847236924,2024-02-15T19:45:32,3633.1,990d83d197e811168af235fd6542a141db1f47c7,1377478
autoland,4375374,13,92302d37db2c0dde32926e954404b4c8422e3f86,android-hw-a51-11-0-aarch64-shippable-qr,True,False,,|c|o|l|d| |w|e|b|r|e|n|d|e|r|,102210fe594ee9b33d82058545b1ed14f4c8206e,loadtime,imdb,True,imdb loadtime opt cold webrender,,77,ms,geckoview,448112042,1847319664,2024-02-15T19:45:32,3635.7,990d83d197e811168af235fd6542a141db1f47c7,1377478
autoland,4375374,13,92302d37db2c0dde32926e954404b4c8422e3f86,android-hw-a51-11-0-aarch64-shippable-qr,True,False,,|c|o|l|d| |w|e|b|r|e|n|d|e|r|,102210fe594ee9b33d82058545b1ed14f4c8206e,loadtime,imdb,True,imdb loadtime opt cold webrender,,77,ms,geckoview,448096262,1847250169,2024-02-15T20:14:09,3531.7,910606d4031917df0a1fc2e12ecdc7b7267bebc4,1377483
autoland,4375374,13,92302d37db2c0dde32926e954404b4c8422e3f86,android-hw-a51-11-0-aarch64-shippable-qr,True,False,,|c|o|l|d| |w|e|b|r|e|n|d|e|r|,102210fe594ee9b33d82058545b1ed14f4c8206e,loadtime,imdb,True,imdb loadtime opt cold webrender,,77,ms,geckoview,448112036,1847319268,2024-02-15T20:14:09,3556.5,910606d4031917df0a1fc2e12ecdc7b7267bebc4,1377483
autoland,4375374,13,92302d37db2c0dde32926e954404b4c8422e3f86,android-hw-a51-11-0-aarch64-shippable-qr,True,False,,|c|o|l|d| |w|e|b|r|e|n|d|e|r|,102210fe594ee9b33d82058545b1ed14f4c8206e,loadtime,imdb,True,imdb loadtime opt cold webrender,,77,ms,geckoview,447432881,1844581064,2024-02-15T20:44:46,3574.3,02d5bc9805676f9a22f3cef50c86ddc38e7534d9,1377493
autoland,4375374,13,92302d37db2c0dde32926e954404b4c8422e3f86,android-hw-a51-11-0-aarch64-shippable-qr,True,False,,|c|o|l|d| |w|e|b|r|e|n|d|e|r|,102210fe594ee9b33d82058545b1ed14f4c8206e,loadtime,imdb,True,imdb loadtime opt cold webrender,,77,ms,geckoview,448112002,1847319081,2024-02-15T20:44:46,3532.6,02d5bc9805676f9a22f3cef50c86ddc38e7534d9,1377493
autoland,4375374,13,92302d37db2c0dde32926e954404b4c8422e3f86,android-hw-a51-11-0-aarch64-shippable-qr,True,False,,|c|o|l|d| |w|e|b|r|e|n|d|e|r|,102210fe594ee9b33d82058545b1ed14f4c8206e,loadtime,imdb,True,imdb loadtime opt cold webrender,,77,ms,geckoview,448112003,1847318880,2024-02-15T20:44:46,3703.3,02d5bc9805676f9a22f3cef50c86ddc38e7534d9,1377493
autoland,4375374,13,92302d37db2c0dde32926e954404b4c8422e3f86,android-hw-a51-11-0-aarch64-shippable-qr,True,False,,|c|o|l|d| |w|e|b|r|e|n|d|e|r|,102210fe594ee9b33d82058545b1ed14f4c8206e,loadtime,imdb,True,imdb loadtime opt cold webrender,,77,ms,geckoview,448112005,1847319292,2024-02-15T20:44:46,3536.3,02d5bc9805676f9a22f3cef50c86ddc38e7534d9,1377493
autoland,4375374,13,92302d37db2c0dde32926e954404b4c8422e3f86,android-hw-a51-11-0-aarch64-shippable-qr,True,False,,|c|o|l|d| |w|e|b|r|e|n|d|e|r|,102210fe594ee9b33d82058545b1ed14f4c8206e,loadtime,imdb,True,imdb loadtime opt cold webrender,,77,ms,geckoview,448112006,1847319339,2024-02-15T20:44:46,3621.5,02d5bc9805676f9a22f3cef50c86ddc38e7534d9,1377493
autoland,4375374,13,92302d37db2c0dde32926e954404b4c8422e3f86,android-hw-a51-11-0-aarch64-shippable-qr,True,False,,|c|o|l|d| |w|e|b|r|e|n|d|e|r|,102210fe594ee9b33d82058545b1ed14f4c8206e,loadtime,imdb,True,imdb loadtime opt cold webrender,,77,ms,geckoview,448112037,1847319493,2024-02-15T20:44:46,3591.4,02d5bc9805676f9a22f3cef50c86ddc38e7534d9,1377493
autoland,4375374,13,92302d37db2c0dde32926e954404b4c8422e3f86,android-hw-a51-11-0-aarch64-shippable-qr,True,False,,|c|o|l|d| |w|e|b|r|e|n|d|e|r|,102210fe594ee9b33d82058545b1ed14f4c8206e,loadtime,imdb,True,imdb loadtime opt cold webrender,,77,ms,geckoview,448136260,1847380619,2024-02-15T21:04:44,3635.2,530b7d00997c09c7335cd57c741664680cf13b46,1377496
autoland,4375374,13,92302d37db2c0dde32926e954404b4c8422e3f86,android-hw-a51-11-0-aarch64-shippable-qr,True,False,,|c|o|l|d| |w|e|b|r|e|n|d|e|r|,102210fe594ee9b33d82058545b1ed14f4c8206e,loadtime,imdb,True,imdb loadtime opt cold webrender,,77,ms,geckoview,448132854,1847365147,2024-02-15T21:05:47,3592.6,407719e3432dd372c7b51d2f2236da6ded987f6d,1377497
autoland,4375374,13,92302d37db2c0dde32926e954404b4c8422e3f86,android-hw-a51-11-0-aarch64-shippable-qr,True,False,,|c|o|l|d| |w|e|b|r|e|n|d|e|r|,102210fe594ee9b33d82058545b1ed14f4c8206e,loadtime,imdb,True,imdb loadtime opt cold webrender,,77,ms,geckoview,448136515,1847383435,2024-02-15T21:32:34,3713.2,935c99812f98f079644b2a8eacbee91e40da8b8a,1377501
autoland,4375374,13,92302d37db2c0dde32926e954404b4c8422e3f86,android-hw-a51-11-0-aarch64-shippable-qr,True,False,,|c|o|l|d| |w|e|b|r|e|n|d|e|r|,102210fe594ee9b33d82058545b1ed14f4c8206e,loadtime,imdb,True,imdb loadtime opt cold webrender,,77,ms,geckoview,448132512,1847364329,2024-02-15T21:44:50,3571.5,10e71cdd6280f13b119e65275d2aef65af9c847c,1377505
autoland,4375374,13,92302d37db2c0dde32926e954404b4c8422e3f86,android-hw-a51-11-0-aarch64-shippable-qr,True,False,,|c|o|l|d| |w|e|b|r|e|n|d|e|r|,102210fe594ee9b33d82058545b1ed14f4c8206e,loadtime,imdb,True,imdb loadtime opt cold webrender,,77,ms,geckoview,448134277,1847374147,2024-02-15T21:48:11,3688.3,ad9e4d8a51b5d9233f5dbaf935d6dced5c78ee1f,1377508
autoland,4375374,13,92302d37db2c0dde32926e954404b4c8422e3f86,android-hw-a51-11-0-aarch64-shippable-qr,True,False,,|c|o|l|d| |w|e|b|r|e|n|d|e|r|,102210fe594ee9b33d82058545b1ed14f4c8206e,loadtime,imdb,True,imdb loadtime opt cold webrender,,77,ms,geckoview,448134212,1847373348,2024-02-15T22:08:45,3517.4,c787755219f391ac57fb745ca6766929cf64f21e,1377514
autoland,4375374,13,92302d37db2c0dde32926e954404b4c8422e3f86,android-hw-a51-11-0-aarch64-shippable-qr,True,False,,|c|o|l|d| |w|e|b|r|e|n|d|e|r|,102210fe594ee9b33d82058545b1ed14f4c8206e,loadtime,imdb,True,imdb loadtime opt cold webrender,,77,ms,geckoview,447435603,1844595176,2024-02-15T22:19:13,3598.4,798af36e79586239c3954fe06796d9a27a353b92,1377518
autoland,4375374,13,92302d37db2c0dde32926e954404b4c8422e3f86,android-hw-a51-11-0-aarch64-shippable-qr,True,False,,|c|o|l|d| |w|e|b|r|e|n|d|e|r|,102210fe594ee9b33d82058545b1ed14f4c8206e,loadtime,imdb,True,imdb loadtime opt cold webrender,,77,ms,geckoview,448136505,1847383189,2024-02-15T22:34:32,3758.9,54b2936fd339b8627e95e813b80ef9cde04d4e0f,1377521
autoland,4375374,13,92302d37db2c0dde32926e954404b4c8422e3f86,android-hw-a51-11-0-aarch64-shippable-qr,True,False,,|c|o|l|d| |w|e|b|r|e|n|d|e|r|,102210fe594ee9b33d82058545b1ed14f4c8206e,loadtime,imdb,True,imdb loadtime opt cold webrender,,77,ms,geckoview,448136500,1847383088,2024-02-15T22:41:56,3679.9,525faa8895e47d2e55d2ee812fe5aa205c898f2c,1377526
autoland,4375374,13,92302d37db2c0dde32926e954404b4c8422e3f86,android-hw-a51-11-0-aarch64-shippable-qr,True,False,,|c|o|l|d| |w|e|b|r|e|n|d|e|r|,102210fe594ee9b33d82058545b1ed14f4c8206e,loadtime,imdb,True,imdb loadtime opt cold webrender,,77,ms,geckoview,448132977,1847365208,2024-02-15T23:12:13,3577.1,212accf726833e2442dd54855e187edaaff3c06e,1377558
autoland,4375374,13,92302d37db2c0dde32926e954404b4c8422e3f86,android-hw-a51-11-0-aarch64-shippable-qr,True,False,,|c|o|l|d| |w|e|b|r|e|n|d|e|r|,102210fe594ee9b33d82058545b1ed14f4c8206e,loadtime,imdb,True,imdb loadtime opt cold webrender,,77,ms,geckoview,448134285,1847373541,2024-02-15T23:32:38,3558.3,c78a37d0155569c3e181e5d08ad44721b1f8630b,1377579
autoland,4375374,13,92302d37db2c0dde32926e954404b4c8422e3f86,android-hw-a51-11-0-aarch64-shippable-qr,True,False,,|c|o|l|d| |w|e|b|r|e|n|d|e|r|,102210fe594ee9b33d82058545b1ed14f4c8206e,loadtime,imdb,True,imdb loadtime opt cold webrender,,77,ms,geckoview,448134272,1847373399,2024-02-15T23:33:18,3545.6,a3e0f74109e631f993ae529b7026f0fdeded3252,1377583
autoland,4375374,13,92302d37db2c0dde32926e954404b4c8422e3f86,android-hw-a51-11-0-aarch64-shippable-qr,True,False,,|c|o|l|d| |w|e|b|r|e|n|d|e|r|,102210fe594ee9b33d82058545b1ed14f4c8206e,loadtime,imdb,True,imdb loadtime opt cold webrender,,77,ms,geckoview,448134238,1847373450,2024-02-15T23:33:59,3552.9,23d3f829ae2ac23c36e4b9b524a96dd780195135,1377584
autoland,4375374,13,92302d37db2c0dde32926e954404b4c8422e3f86,android-hw-a51-11-0-aarch64-shippable-qr,True,False,,|c|o|l|d| |w|e|b|r|e|n|d|e|r|,102210fe594ee9b33d82058545b1ed14f4c8206e,loadtime,imdb,True,imdb loadtime opt cold webrender,,77,ms,geckoview,448134208,1847373224,2024-02-15T23:46:47,3706.4,c62ffe702c028ed9238295145037de2deb48b325,1377598
autoland,4375374,13,92302d37db2c0dde32926e954404b4c8422e3f86,android-hw-a51-11-0-aarch64-shippable-qr,True,False,,|c|o|l|d| |w|e|b|r|e|n|d|e|r|,102210fe594ee9b33d82058545b1ed14f4c8206e,loadtime,imdb,True,imdb loadtime opt cold webrender,,77,ms,geckoview,448136099,1847379151,2024-02-16T00:18:48,3578.8,aae413781d50d9f7d2b8de3b0a62416bd9b330ba,1377630
autoland,4375374,13,92302d37db2c0dde32926e954404b4c8422e3f86,android-hw-a51-11-0-aarch64-shippable-qr,True,False,,|c|o|l|d| |w|e|b|r|e|n|d|e|r|,102210fe594ee9b33d82058545b1ed14f4c8206e,loadtime,imdb,True,imdb loadtime opt cold webrender,,77,ms,geckoview,448132377,1847364195,2024-02-16T02:13:23,3664.6,60482f9cc434d5b1c80f02b3e07842d8509cbdaf,1377756
autoland,4375374,13,92302d37db2c0dde32926e954404b4c8422e3f86,android-hw-a51-11-0-aarch64-shippable-qr,True,False,,|c|o|l|d| |w|e|b|r|e|n|d|e|r|,102210fe594ee9b33d82058545b1ed14f4c8206e,loadtime,imdb,True,imdb loadtime opt cold webrender,,77,ms,geckoview,447482798,1844728802,2024-02-16T06:24:45,3753.4,861d200fe3e761e23bbb6ce556446725fb01cd43,1378006
autoland,4375374,13,92302d37db2c0dde32926e954404b4c8422e3f86,android-hw-a51-11-0-aarch64-shippable-qr,True,False,,|c|o|l|d| |w|e|b|r|e|n|d|e|r|,102210fe594ee9b33d82058545b1ed14f4c8206e,loadtime,imdb,True,imdb loadtime opt cold webrender,,77,ms,geckoview,447522175,1844839778,2024-02-16T14:55:53,3647.2,313b43f262a908e7e012c7d19f326345a0863bae,1378386
autoland,4375374,13,92302d37db2c0dde32926e954404b4c8422e3f86,android-hw-a51-11-0-aarch64-shippable-qr,True,False,,|c|o|l|d| |w|e|b|r|e|n|d|e|r|,102210fe594ee9b33d82058545b1ed14f4c8206e,loadtime,imdb,True,imdb loadtime opt cold webrender,,77,ms,geckoview,447564995,1845034223,2024-02-17T16:55:38,3811.8,2af34b4c9adf8c8defd3251b569af9c38cc0a429,1378583
autoland,4375374,13,92302d37db2c0dde32926e954404b4c8422e3f86,android-hw-a51-11-0-aarch64-shippable-qr,True,False,,|c|o|l|d| |w|e|b|r|e|n|d|e|r|,102210fe594ee9b33d82058545b1ed14f4c8206e,loadtime,imdb,True,imdb loadtime opt cold webrender,,77,ms,geckoview,447595748,1845215731,2024-02-19T03:31:58,3601.5,fcdb3e9046c67688b2a5b8aeb6451b081b3b52ea,1378717
autoland,4375374,13,92302d37db2c0dde32926e954404b4c8422e3f86,android-hw-a51-11-0-aarch64-shippable-qr,True,False,,|c|o|l|d| |w|e|b|r|e|n|d|e|r|,102210fe594ee9b33d82058545b1ed14f4c8206e,loadtime,imdb,True,imdb loadtime opt cold webrender,,77,ms,geckoview,447619681,1845378385,2024-02-19T10:14:02,3603.5,1dcfa194ad7d005175d431adf6ee3b93c00fb453,1378796
autoland,4375374,13,92302d37db2c0dde32926e954404b4c8422e3f86,android-hw-a51-11-0-aarch64-shippable-qr,True,False,,|c|o|l|d| |w|e|b|r|e|n|d|e|r|,102210fe594ee9b33d82058545b1ed14f4c8206e,loadtime,imdb,True,imdb loadtime opt cold webrender,,77,ms,geckoview,447644856,1845396515,2024-02-19T12:40:02,3693.6,ac4ab326e785a5ad42ce51b54749c2bcce394916,1378838
autoland,4375374,13,92302d37db2c0dde32926e954404b4c8422e3f86,android-hw-a51-11-0-aarch64-shippable-qr,True,False,,|c|o|l|d| |w|e|b|r|e|n|d|e|r|,102210fe594ee9b33d82058545b1ed14f4c8206e,loadtime,imdb,True,imdb loadtime opt cold webrender,,77,ms,geckoview,447669093,1845456819,2024-02-19T16:50:13,3628.6,bef8b1b461b8524917fc01cd866e903290b1d7f6,1378949
autoland,4375374,13,92302d37db2c0dde32926e954404b4c8422e3f86,android-hw-a51-11-0-aarch64-shippable-qr,True,False,,|c|o|l|d| |w|e|b|r|e|n|d|e|r|,102210fe594ee9b33d82058545b1ed14f4c8206e,loadtime,imdb,True,imdb loadtime opt cold webrender,,77,ms,geckoview,447693662,1845562488,2024-02-19T20:56:27,3642.6,2f43b0ae1352efb25f67ffe4f86884c0eb959adb,1379008
autoland,4375374,13,92302d37db2c0dde32926e954404b4c8422e3f86,android-hw-a51-11-0-aarch64-shippable-qr,True,False,,|c|o|l|d| |w|e|b|r|e|n|d|e|r|,102210fe594ee9b33d82058545b1ed14f4c8206e,loadtime,imdb,True,imdb loadtime opt cold webrender,,77,ms,geckoview,447697724,1845563258,2024-02-19T22:19:49,3669.8,e9309553f817fa164bde4c229fe12ae51207bed9,1379038
autoland,4375374,13,92302d37db2c0dde32926e954404b4c8422e3f86,android-hw-a51-11-0-aarch64-shippable-qr,True,False,,|c|o|l|d| |w|e|b|r|e|n|d|e|r|,102210fe594ee9b33d82058545b1ed14f4c8206e,loadtime,imdb,True,imdb loadtime opt cold webrender,,77,ms,geckoview,447712993,1845617337,2024-02-20T03:01:00,5567.9,ad2add2f3c608b924436c34684c1a775130e74ce,1379095
autoland,4375374,13,92302d37db2c0dde32926e954404b4c8422e3f86,android-hw-a51-11-0-aarch64-shippable-qr,True,False,,|c|o|l|d| |w|e|b|r|e|n|d|e|r|,102210fe594ee9b33d82058545b1ed14f4c8206e,loadtime,imdb,True,imdb loadtime opt cold webrender,,77,ms,geckoview,447728906,1845719621,2024-02-20T09:01:06,3568.7,cc3c4937fb69e80b552b61a4f2dfd1405b518d89,1379152
autoland,4375374,13,92302d37db2c0dde32926e954404b4c8422e3f86,android-hw-a51-11-0-aarch64-shippable-qr,True,False,,|c|o|l|d| |w|e|b|r|e|n|d|e|r|,102210fe594ee9b33d82058545b1ed14f4c8206e,loadtime,imdb,True,imdb loadtime opt cold webrender,,77,ms,geckoview,447781392,1845925153,2024-02-20T16:46:59,4149.6,0465723cfb4ca46ccf93d696eb564093a1d9f2e6,1379390
autoland,4375374,13,92302d37db2c0dde32926e954404b4c8422e3f86,android-hw-a51-11-0-aarch64-shippable-qr,True,False,,|c|o|l|d| |w|e|b|r|e|n|d|e|r|,102210fe594ee9b33d82058545b1ed14f4c8206e,loadtime,imdb,True,imdb loadtime opt cold webrender,,77,ms,geckoview,447801473,1845982883,2024-02-20T20:06:07,3721.0,53f7baad39fc2408bc5c1ab6df97372a395730a4,1379528
autoland,4375374,13,92302d37db2c0dde32926e954404b4c8422e3f86,android-hw-a51-11-0-aarch64-shippable-qr,True,False,,|c|o|l|d| |w|e|b|r|e|n|d|e|r|,102210fe594ee9b33d82058545b1ed14f4c8206e,loadtime,imdb,True,imdb loadtime opt cold webrender,,77,ms,geckoview,447832154,1846082127,2024-02-21T00:08:41,3746.7,05e1180d2aa04a8882ff66dfaeeb0705694f7a61,1379609
autoland,4375374,13,92302d37db2c0dde32926e954404b4c8422e3f86,android-hw-a51-11-0-aarch64-shippable-qr,True,False,,|c|o|l|d| |w|e|b|r|e|n|d|e|r|,102210fe594ee9b33d82058545b1ed14f4c8206e,loadtime,imdb,True,imdb loadtime opt cold webrender,,77,ms,geckoview,447832833,1846092324,2024-02-21T00:41:01,3700.6,119078d182dd2557cd70eb6933abc1ecfb499edd,1379618
autoland,4375374,13,92302d37db2c0dde32926e954404b4c8422e3f86,android-hw-a51-11-0-aarch64-shippable-qr,True,False,,|c|o|l|d| |w|e|b|r|e|n|d|e|r|,102210fe594ee9b33d82058545b1ed14f4c8206e,loadtime,imdb,True,imdb loadtime opt cold webrender,,77,ms,geckoview,447846499,1846158297,2024-02-21T05:21:04,3717.0,714d9f89093457451e3881a56b2477e958b70fe0,1379764
autoland,4375374,13,92302d37db2c0dde32926e954404b4c8422e3f86,android-hw-a51-11-0-aarch64-shippable-qr,True,False,,|c|o|l|d| |w|e|b|r|e|n|d|e|r|,102210fe594ee9b33d82058545b1ed14f4c8206e,loadtime,imdb,True,imdb loadtime opt cold webrender,,77,ms,geckoview,447875968,1846257230,2024-02-21T10:11:10,3631.5,764b93d1a22891bddaaec4e5f73836957d938bac,1379832
autoland,4375374,13,92302d37db2c0dde32926e954404b4c8422e3f86,android-hw-a51-11-0-aarch64-shippable-qr,True,False,,|c|o|l|d| |w|e|b|r|e|n|d|e|r|,102210fe594ee9b33d82058545b1ed14f4c8206e,loadtime,imdb,True,imdb loadtime opt cold webrender,,77,ms,geckoview,447877572,1846311765,2024-02-21T10:22:21,3688.3,24ffc625c71e9cb6e20c48936ac06da6ec066694,1379838
autoland,4375374,13,92302d37db2c0dde32926e954404b4c8422e3f86,android-hw-a51-11-0-aarch64-shippable-qr,True,False,,|c|o|l|d| |w|e|b|r|e|n|d|e|r|,102210fe594ee9b33d82058545b1ed14f4c8206e,loadtime,imdb,True,imdb loadtime opt cold webrender,,77,ms,geckoview,447915419,1846426532,2024-02-21T14:24:58,3690.5,799f79fdcedba2bbccee86179c8b547894a16162,1379926
autoland,4375374,13,92302d37db2c0dde32926e954404b4c8422e3f86,android-hw-a51-11-0-aarch64-shippable-qr,True,False,,|c|o|l|d| |w|e|b|r|e|n|d|e|r|,102210fe594ee9b33d82058545b1ed14f4c8206e,loadtime,imdb,True,imdb loadtime opt cold webrender,,77,ms,geckoview,447923009,1846447574,2024-02-21T15:14:56,3674.1,f8dd4015fa59fee3a1a74c00cd2393a9578e49f0,1379958
autoland,4375374,13,92302d37db2c0dde32926e954404b4c8422e3f86,android-hw-a51-11-0-aarch64-shippable-qr,True,False,,|c|o|l|d| |w|e|b|r|e|n|d|e|r|,102210fe594ee9b33d82058545b1ed14f4c8206e,loadtime,imdb,True,imdb loadtime opt cold webrender,,77,ms,geckoview,447962821,1846757104,2024-02-21T20:37:48,3643.2,bec4dc4bd9ce0a51dab009936bc838963e3f16b3,1380197
autoland,4375374,13,92302d37db2c0dde32926e954404b4c8422e3f86,android-hw-a51-11-0-aarch64-shippable-qr,True,False,,|c|o|l|d| |w|e|b|r|e|n|d|e|r|,102210fe594ee9b33d82058545b1ed14f4c8206e,loadtime,imdb,True,imdb loadtime opt cold webrender,,77,ms,geckoview,447962733,1846731683,2024-02-21T20:47:55,3714.3,31b9ef95a482db91c24a809eb6a64f2c0d7f8f9d,1380210
autoland,4375374,13,92302d37db2c0dde32926e954404b4c8422e3f86,android-hw-a51-11-0-aarch64-shippable-qr,True,False,,|c|o|l|d| |w|e|b|r|e|n|d|e|r|,102210fe594ee9b33d82058545b1ed14f4c8206e,loadtime,imdb,True,imdb loadtime opt cold webrender,,77,ms,geckoview,447993782,1846810702,2024-02-22T00:49:41,3723.6,445c60e096fe3cdc8b7169881875c476febfe082,1380338
autoland,4375374,13,92302d37db2c0dde32926e954404b4c8422e3f86,android-hw-a51-11-0-aarch64-shippable-qr,True,False,,|c|o|l|d| |w|e|b|r|e|n|d|e|r|,102210fe594ee9b33d82058545b1ed14f4c8206e,loadtime,imdb,True,imdb loadtime opt cold webrender,,77,ms,geckoview,448003376,1846878680,2024-02-22T02:03:24,3752.4,093d37f32ef033aa168508e96b9ec2e753850ccc,1380373
autoland,4375374,13,92302d37db2c0dde32926e954404b4c8422e3f86,android-hw-a51-11-0-aarch64-shippable-qr,True,False,,|c|o|l|d| |w|e|b|r|e|n|d|e|r|,102210fe594ee9b33d82058545b1ed14f4c8206e,loadtime,imdb,True,imdb loadtime opt cold webrender,,77,ms,geckoview,448016616,1846944975,2024-02-22T06:55:22,3681.9,e32e8effe8493ec71ad7a3b2b043f7742905b2be,1380445
autoland,4375374,13,92302d37db2c0dde32926e954404b4c8422e3f86,android-hw-a51-11-0-aarch64-shippable-qr,True,False,,|c|o|l|d| |w|e|b|r|e|n|d|e|r|,102210fe594ee9b33d82058545b1ed14f4c8206e,loadtime,imdb,True,imdb loadtime opt cold webrender,,77,ms,geckoview,448045546,1847036921,2024-02-22T08:58:43,3711.2,836800665817ebbf328952caef8477f135630733,1380488
autoland,4375374,13,92302d37db2c0dde32926e954404b4c8422e3f86,android-hw-a51-11-0-aarch64-shippable-qr,True,False,,|c|o|l|d| |w|e|b|r|e|n|d|e|r|,102210fe594ee9b33d82058545b1ed14f4c8206e,loadtime,imdb,True,imdb loadtime opt cold webrender,,77,ms,geckoview,448073102,1847164108,2024-02-22T12:54:00,3659.3,583b3985eb0c0410cf6ebaf8e2f5c576185726c5,1380594
autoland,4375374,13,92302d37db2c0dde32926e954404b4c8422e3f86,android-hw-a51-11-0-aarch64-shippable-qr,True,False,,|c|o|l|d| |w|e|b|r|e|n|d|e|r|,102210fe594ee9b33d82058545b1ed14f4c8206e,loadtime,imdb,True,imdb loadtime opt cold webrender,,77,ms,geckoview,448098192,1847264643,2024-02-22T16:54:14,3613.0,51ea0932b27ba455533226277e6c6deeb38a8fd4,1380794
autoland,4375374,13,92302d37db2c0dde32926e954404b4c8422e3f86,android-hw-a51-11-0-aarch64-shippable-qr,True,False,,|c|o|l|d| |w|e|b|r|e|n|d|e|r|,102210fe594ee9b33d82058545b1ed14f4c8206e,loadtime,imdb,True,imdb loadtime opt cold webrender,,77,ms,geckoview,448100622,1847282422,2024-02-22T17:17:40,3605.1,aac0a57bd987ca0633e2f48ca37f8564344749b9,1380806
autoland,4375374,13,92302d37db2c0dde32926e954404b4c8422e3f86,android-hw-a51-11-0-aarch64-shippable-qr,True,False,,|c|o|l|d| |w|e|b|r|e|n|d|e|r|,102210fe594ee9b33d82058545b1ed14f4c8206e,loadtime,imdb,True,imdb loadtime opt cold webrender,,77,ms,geckoview,448137023,1847410222,2024-02-22T21:59:43,3704.2,1b60bca1b546c120891a0263bcdf7757d75178bc,1380998
autoland,4375374,13,92302d37db2c0dde32926e954404b4c8422e3f86,android-hw-a51-11-0-aarch64-shippable-qr,True,False,,|c|o|l|d| |w|e|b|r|e|n|d|e|r|,102210fe594ee9b33d82058545b1ed14f4c8206e,loadtime,imdb,True,imdb loadtime opt cold webrender,,77,ms,geckoview,448137415,1847419076,2024-02-22T22:05:44,3589.5,3157eece201c15988ff693f9746bc767ad633fa8,1381007
autoland,4375374,13,92302d37db2c0dde32926e954404b4c8422e3f86,android-hw-a51-11-0-aarch64-shippable-qr,True,False,,|c|o|l|d| |w|e|b|r|e|n|d|e|r|,102210fe594ee9b33d82058545b1ed14f4c8206e,loadtime,imdb,True,imdb loadtime opt cold webrender,,77,ms,geckoview,448163877,1847552319,2024-02-23T03:42:44,3676.5,90d2dd7d6b48918404ecc4906e62fa106b4238a9,1381156
autoland,4375374,13,92302d37db2c0dde32926e954404b4c8422e3f86,android-hw-a51-11-0-aarch64-shippable-qr,True,False,,|c|o|l|d| |w|e|b|r|e|n|d|e|r|,102210fe594ee9b33d82058545b1ed14f4c8206e,loadtime,imdb,True,imdb loadtime opt cold webrender,,77,ms,geckoview,448177931,1847640972,2024-02-23T07:23:44,3661.3,21d2a36f8f072b9b57adbeb73eca449f62093ca3,1381206
autoland,4375374,13,92302d37db2c0dde32926e954404b4c8422e3f86,android-hw-a51-11-0-aarch64-shippable-qr,True,False,,|c|o|l|d| |w|e|b|r|e|n|d|e|r|,102210fe594ee9b33d82058545b1ed14f4c8206e,loadtime,imdb,True,imdb loadtime opt cold webrender,,77,ms,geckoview,448219079,1847761413,2024-02-23T12:03:57,3626.3,75e12d12d89c2d79200c0057830f9e0c37f973f5,1381319
autoland,4375374,13,92302d37db2c0dde32926e954404b4c8422e3f86,android-hw-a51-11-0-aarch64-shippable-qr,True,False,,|c|o|l|d| |w|e|b|r|e|n|d|e|r|,102210fe594ee9b33d82058545b1ed14f4c8206e,loadtime,imdb,True,imdb loadtime opt cold webrender,,77,ms,geckoview,448241722,1847874647,2024-02-23T15:17:21,3643.7,e2c67ce1b79f08538c8f70b2089d860802aa289e,1381416
autoland,4375374,13,92302d37db2c0dde32926e954404b4c8422e3f86,android-hw-a51-11-0-aarch64-shippable-qr,True,False,,|c|o|l|d| |w|e|b|r|e|n|d|e|r|,102210fe594ee9b33d82058545b1ed14f4c8206e,loadtime,imdb,True,imdb loadtime opt cold webrender,,77,ms,geckoview,448264848,1847972696,2024-02-23T18:14:32,3648.4,dccf526bcc0afbf9f7abd33abff453ced5a76335,1381598
autoland,4375374,13,92302d37db2c0dde32926e954404b4c8422e3f86,android-hw-a51-11-0-aarch64-shippable-qr,True,False,,|c|o|l|d| |w|e|b|r|e|n|d|e|r|,102210fe594ee9b33d82058545b1ed14f4c8206e,loadtime,imdb,True,imdb loadtime opt cold webrender,,77,ms,geckoview,448297996,1848069263,2024-02-23T22:24:23,3626.6,8c239bb8c3fa84633497932b3d3a1d566f9e7581,1381790
autoland,4375374,13,92302d37db2c0dde32926e954404b4c8422e3f86,android-hw-a51-11-0-aarch64-shippable-qr,True,False,,|c|o|l|d| |w|e|b|r|e|n|d|e|r|,102210fe594ee9b33d82058545b1ed14f4c8206e,loadtime,imdb,True,imdb loadtime opt cold webrender,,77,ms,geckoview,448300444,1848092877,2024-02-23T22:37:13,3649.4,fc1f91bbfd85565b6b9a06155b3d750dc17812f0,1381800
autoland,4375374,13,92302d37db2c0dde32926e954404b4c8422e3f86,android-hw-a51-11-0-aarch64-shippable-qr,True,False,,|c|o|l|d| |w|e|b|r|e|n|d|e|r|,102210fe594ee9b33d82058545b1ed14f4c8206e,loadtime,imdb,True,imdb loadtime opt cold webrender,,77,ms,geckoview,448316367,1848169771,2024-02-24T03:17:09,3667.5,504cbf2189790d36f74d4fc454949d0c55a40c37,1381876
autoland,4375374,13,92302d37db2c0dde32926e954404b4c8422e3f86,android-hw-a51-11-0-aarch64-shippable-qr,True,False,,|c|o|l|d| |w|e|b|r|e|n|d|e|r|,102210fe594ee9b33d82058545b1ed14f4c8206e,loadtime,imdb,True,imdb loadtime opt cold webrender,,77,ms,geckoview,448327842,1848240033,2024-02-24T08:59:15,3685.4,f571738470f98e8161bf79b269e333053dca32c4,1381906
autoland,4375374,13,92302d37db2c0dde32926e954404b4c8422e3f86,android-hw-a51-11-0-aarch64-shippable-qr,True,False,,|c|o|l|d| |w|e|b|r|e|n|d|e|r|,102210fe594ee9b33d82058545b1ed14f4c8206e,loadtime,imdb,True,imdb loadtime opt cold webrender,,77,ms,geckoview,448354234,1848322223,2024-02-24T18:15:08,3748.1,fb873ef9e164e2ac423d266870ce82445945de97,1381948
autoland,4375374,13,92302d37db2c0dde32926e954404b4c8422e3f86,android-hw-a51-11-0-aarch64-shippable-qr,True,False,,|c|o|l|d| |w|e|b|r|e|n|d|e|r|,102210fe594ee9b33d82058545b1ed14f4c8206e,loadtime,imdb,True,imdb loadtime opt cold webrender,,77,ms,geckoview,448375301,1848387586,2024-02-25T01:06:55,3711.3,fedd91b7af1e6b3c4a7d6f58b8bce94d55eb9d74,1381999
autoland,4375374,13,92302d37db2c0dde32926e954404b4c8422e3f86,android-hw-a51-11-0-aarch64-shippable-qr,True,False,,|c|o|l|d| |w|e|b|r|e|n|d|e|r|,102210fe594ee9b33d82058545b1ed14f4c8206e,loadtime,imdb,True,imdb loadtime opt cold webrender,,77,ms,geckoview,448413313,1848511869,2024-02-26T01:39:06,3532.3,689cf8cf7e6b9b9ee5e599a77325de05487a5eed,1382090
autoland,4375374,13,92302d37db2c0dde32926e954404b4c8422e3f86,android-hw-a51-11-0-aarch64-shippable-qr,True,False,,|c|o|l|d| |w|e|b|r|e|n|d|e|r|,102210fe594ee9b33d82058545b1ed14f4c8206e,loadtime,imdb,True,imdb loadtime opt cold webrender,,77,ms,geckoview,448449072,1848672225,2024-02-26T10:31:50,3690.5,8268ce246a04145ed6598e99b5d061a4e1ee3ca6,1382207
autoland,4375374,13,92302d37db2c0dde32926e954404b4c8422e3f86,android-hw-a51-11-0-aarch64-shippable-qr,True,False,,|c|o|l|d| |w|e|b|r|e|n|d|e|r|,102210fe594ee9b33d82058545b1ed14f4c8206e,loadtime,imdb,True,imdb loadtime opt cold webrender,,77,ms,geckoview,448486402,1848785801,2024-02-26T14:40:18,3660.1,a5c1fbe78e431fe4a1db712f75edb33f6fd668e4,1382307
autoland,4375374,13,92302d37db2c0dde32926e954404b4c8422e3f86,android-hw-a51-11-0-aarch64-shippable-qr,True,False,,|c|o|l|d| |w|e|b|r|e|n|d|e|r|,102210fe594ee9b33d82058545b1ed14f4c8206e,loadtime,imdb,True,imdb loadtime opt cold webrender,,77,ms,geckoview,448492691,1848798259,2024-02-26T15:06:28,3726.0,621c8480cd3562f3f61966b4219a0335ce72f698,1382323
autoland,4375374,13,92302d37db2c0dde32926e954404b4c8422e3f86,android-hw-a51-11-0-aarch64-shippable-qr,True,False,,|c|o|l|d| |w|e|b|r|e|n|d|e|r|,102210fe594ee9b33d82058545b1ed14f4c8206e,loadtime,imdb,True,imdb loadtime opt cold webrender,,77,ms,geckoview,448511950,1848888851,2024-02-26T18:24:43,3619.0,b26d4c8d5e44cc544e259f32a62382902af6f7ff,1382496
autoland,4375374,13,92302d37db2c0dde32926e954404b4c8422e3f86,android-hw-a51-11-0-aarch64-shippable-qr,True,False,,|c|o|l|d| |w|e|b|r|e|n|d|e|r|,102210fe594ee9b33d82058545b1ed14f4c8206e,loadtime,imdb,True,imdb loadtime opt cold webrender,,77,ms,geckoview,448544957,1848979253,2024-02-26T22:27:48,3635.9,2bd01d77bc4d2a1ad705bb1ecb8e793864a737ee,1382641
autoland,4375374,13,92302d37db2c0dde32926e954404b4c8422e3f86,android-hw-a51-11-0-aarch64-shippable-qr,True,False,,|c|o|l|d| |w|e|b|r|e|n|d|e|r|,102210fe594ee9b33d82058545b1ed14f4c8206e,loadtime,imdb,True,imdb loadtime opt cold webrender,,77,ms,geckoview,448548818,1849013350,2024-02-26T22:53:03,3711.3,9fbcc8f23c0b7543b9146f0d90dd58ce36d32898,1382666
autoland,4375374,13,92302d37db2c0dde32926e954404b4c8422e3f86,android-hw-a51-11-0-aarch64-shippable-qr,True,False,,|c|o|l|d| |w|e|b|r|e|n|d|e|r|,102210fe594ee9b33d82058545b1ed14f4c8206e,loadtime,imdb,True,imdb loadtime opt cold webrender,,77,ms,geckoview,448573586,1849116474,2024-02-27T03:06:58,3759.1,74094dc4022c8437eb87a7e25bf6433fb07a7fbb,1382765
autoland,4375374,13,92302d37db2c0dde32926e954404b4c8422e3f86,android-hw-a51-11-0-aarch64-shippable-qr,True,False,,|c|o|l|d| |w|e|b|r|e|n|d|e|r|,102210fe594ee9b33d82058545b1ed14f4c8206e,loadtime,imdb,True,imdb loadtime opt cold webrender,,77,ms,geckoview,448609320,1849342627,2024-02-27T10:31:28,4497.2,f0fd4d27a58991220e91d1c086442a03b0a52117,1382887
autoland,4375374,13,92302d37db2c0dde32926e954404b4c8422e3f86,android-hw-a51-11-0-aarch64-shippable-qr,True,False,,|c|o|l|d| |w|e|b|r|e|n|d|e|r|,102210fe594ee9b33d82058545b1ed14f4c8206e,loadtime,imdb,True,imdb loadtime opt cold webrender,,77,ms,geckoview,448640952,1849406023,2024-02-27T13:59:53,3619.1,32acc4e2db50b53733cfcf554a308ccc986925b5,1383025
autoland,4375374,13,92302d37db2c0dde32926e954404b4c8422e3f86,android-hw-a51-11-0-aarch64-shippable-qr,True,False,,|c|o|l|d| |w|e|b|r|e|n|d|e|r|,102210fe594ee9b33d82058545b1ed14f4c8206e,loadtime,imdb,True,imdb loadtime opt cold webrender,,77,ms,geckoview,448676349,1849557308,2024-02-27T19:00:03,3645.4,149f61eecb69d6cf570be79260785c5b4a42e516,1383277
autoland,4375374,13,92302d37db2c0dde32926e954404b4c8422e3f86,android-hw-a51-11-0-aarch64-shippable-qr,True,False,,|c|o|l|d| |w|e|b|r|e|n|d|e|r|,102210fe594ee9b33d82058545b1ed14f4c8206e,loadtime,imdb,True,imdb loadtime opt cold webrender,,77,ms,geckoview,448704359,1849653009,2024-02-27T23:02:29,3660.2,06645f775e47ea71f6dfa2daff5411ab31c5a629,1383416
autoland,4375374,13,92302d37db2c0dde32926e954404b4c8422e3f86,android-hw-a51-11-0-aarch64-shippable-qr,True,False,,|c|o|l|d| |w|e|b|r|e|n|d|e|r|,102210fe594ee9b33d82058545b1ed14f4c8206e,loadtime,imdb,True,imdb loadtime opt cold webrender,,77,ms,geckoview,448706175,1849673778,2024-02-27T23:18:10,3705.1,c2895c7db175458e315a65fd8d5e9385e60a76d3,1383436
autoland,4375374,13,92302d37db2c0dde32926e954404b4c8422e3f86,android-hw-a51-11-0-aarch64-shippable-qr,True,False,,|c|o|l|d| |w|e|b|r|e|n|d|e|r|,102210fe594ee9b33d82058545b1ed14f4c8206e,loadtime,imdb,True,imdb loadtime opt cold webrender,,77,ms,geckoview,448725566,1849768231,2024-02-28T03:31:31,3673.9,41ceb034dc709c821d837a321d2c5fb944bd4231,1383545
autoland,4375374,13,92302d37db2c0dde32926e954404b4c8422e3f86,android-hw-a51-11-0-aarch64-shippable-qr,True,False,,|c|o|l|d| |w|e|b|r|e|n|d|e|r|,102210fe594ee9b33d82058545b1ed14f4c8206e,loadtime,imdb,True,imdb loadtime opt cold webrender,,77,ms,geckoview,448741678,1849822588,2024-02-28T07:34:11,3670.6,710f48d1638d076913089bfa3978b6a1efc1d842,1383600
autoland,4375374,13,92302d37db2c0dde32926e954404b4c8422e3f86,android-hw-a51-11-0-aarch64-shippable-qr,True,False,,|c|o|l|d| |w|e|b|r|e|n|d|e|r|,102210fe594ee9b33d82058545b1ed14f4c8206e,loadtime,imdb,True,imdb loadtime opt cold webrender,,77,ms,geckoview,448744427,1849834224,2024-02-28T08:18:18,3712.8,85f3a9a2a4155f207064d78c57f79611f7332287,1383612
autoland,4375374,13,92302d37db2c0dde32926e954404b4c8422e3f86,android-hw-a51-11-0-aarch64-shippable-qr,True,False,,|c|o|l|d| |w|e|b|r|e|n|d|e|r|,102210fe594ee9b33d82058545b1ed14f4c8206e,loadtime,imdb,True,imdb loadtime opt cold webrender,,77,ms,geckoview,448793568,1849988393,2024-02-28T12:53:19,3690.8,2356949f5c6d9a4f229d012051bac51b3eb83aec,1383715
autoland,4375374,13,92302d37db2c0dde32926e954404b4c8422e3f86,android-hw-a51-11-0-aarch64-shippable-qr,True,False,,|c|o|l|d| |w|e|b|r|e|n|d|e|r|,102210fe594ee9b33d82058545b1ed14f4c8206e,loadtime,imdb,True,imdb loadtime opt cold webrender,,77,ms,geckoview,448799817,1850017564,2024-02-28T14:06:22,3642.8,6583cb878dec05576053eaa9368a4eb5bbbbbedc,1383751
autoland,4375374,13,92302d37db2c0dde32926e954404b4c8422e3f86,android-hw-a51-11-0-aarch64-shippable-qr,True,False,,|c|o|l|d| |w|e|b|r|e|n|d|e|r|,102210fe594ee9b33d82058545b1ed14f4c8206e,loadtime,imdb,True,imdb loadtime opt cold webrender,,77,ms,geckoview,448824231,1850130546,2024-02-28T17:56:27,3633.6,32ca524f7abf0664a2f0d882868c3e913297f446,1383890
autoland,4375374,13,92302d37db2c0dde32926e954404b4c8422e3f86,android-hw-a51-11-0-aarch64-shippable-qr,True,False,,|c|o|l|d| |w|e|b|r|e|n|d|e|r|,102210fe594ee9b33d82058545b1ed14f4c8206e,loadtime,imdb,True,imdb loadtime opt cold webrender,,77,ms,geckoview,448872497,1850283669,2024-02-28T20:42:42,3644.7,da466faa7aee60bdeeca32b0767a1f0b9b964272,1384009
autoland,4375374,13,92302d37db2c0dde32926e954404b4c8422e3f86,android-hw-a51-11-0-aarch64-shippable-qr,True,False,,|c|o|l|d| |w|e|b|r|e|n|d|e|r|,102210fe594ee9b33d82058545b1ed14f4c8206e,loadtime,imdb,True,imdb loadtime opt cold webrender,,77,ms,geckoview,448899631,1850372115,2024-02-29T00:51:41,3631.0,cbef4527f79aadfe5c4dd940effe9b01df8734b1,1384174
autoland,4375374,13,92302d37db2c0dde32926e954404b4c8422e3f86,android-hw-a51-11-0-aarch64-shippable-qr,True,False,,|c|o|l|d| |w|e|b|r|e|n|d|e|r|,102210fe594ee9b33d82058545b1ed14f4c8206e,loadtime,imdb,True,imdb loadtime opt cold webrender,,77,ms,geckoview,448897887,1850363928,2024-02-29T01:20:40,3671.5,f21a5f54b6ecffa5b49d4944c32c752ea622e3c6,1384182
autoland,4375374,13,92302d37db2c0dde32926e954404b4c8422e3f86,android-hw-a51-11-0-aarch64-shippable-qr,True,False,,|c|o|l|d| |w|e|b|r|e|n|d|e|r|,102210fe594ee9b33d82058545b1ed14f4c8206e,loadtime,imdb,True,imdb loadtime opt cold webrender,,77,ms,geckoview,448922561,1850494503,2024-02-29T06:49:17,3557.9,bb7b045d24f7773df5e27742496f2c0bb95d780f,1384273
autoland,4375374,13,92302d37db2c0dde32926e954404b4c8422e3f86,android-hw-a51-11-0-aarch64-shippable-qr,True,False,,|c|o|l|d| |w|e|b|r|e|n|d|e|r|,102210fe594ee9b33d82058545b1ed14f4c8206e,loadtime,imdb,True,imdb loadtime opt cold webrender,,77,ms,geckoview,448945447,1850621432,2024-02-29T10:50:05,3575.6,fbb087d5e5b8af76523b084cba81dc1be84c7fb4,1384399
autoland,4375374,13,92302d37db2c0dde32926e954404b4c8422e3f86,android-hw-a51-11-0-aarch64-shippable-qr,True,False,,|c|o|l|d| |w|e|b|r|e|n|d|e|r|,102210fe594ee9b33d82058545b1ed14f4c8206e,loadtime,imdb,True,imdb loadtime opt cold webrender,,77,ms,geckoview,448967398,1850757256,2024-02-29T13:22:41,3810.7,42781edfbf79030ca8e6f7c1584ebfc2bd31935c,1384414
autoland,4375374,13,92302d37db2c0dde32926e954404b4c8422e3f86,android-hw-a51-11-0-aarch64-shippable-qr,True,False,,|c|o|l|d| |w|e|b|r|e|n|d|e|r|,102210fe594ee9b33d82058545b1ed14f4c8206e,loadtime,imdb,True,imdb loadtime opt cold webrender,,77,ms,geckoview,448997847,1850899181,2024-02-29T17:24:54,3664.8,4b82553ad6abc0079d2d7a0642c099ca93d1d156,1384673
autoland,4375374,13,92302d37db2c0dde32926e954404b4c8422e3f86,android-hw-a51-11-0-aarch64-shippable-qr,True,False,,|c|o|l|d| |w|e|b|r|e|n|d|e|r|,102210fe594ee9b33d82058545b1ed14f4c8206e,loadtime,imdb,True,imdb loadtime opt cold webrender,,77,ms,geckoview,448997766,1850884198,2024-02-29T17:36:34,3735.3,636cf8095a0f42555363480bc387b9a5aad03efe,1384681
autoland,4375374,13,92302d37db2c0dde32926e954404b4c8422e3f86,android-hw-a51-11-0-aarch64-shippable-qr,True,False,,|c|o|l|d| |w|e|b|r|e|n|d|e|r|,102210fe594ee9b33d82058545b1ed14f4c8206e,loadtime,imdb,True,imdb loadtime opt cold webrender,,77,ms,geckoview,449026030,1851006178,2024-02-29T21:50:05,3672.9,1a461feeeb4e7725855a242023e45625b9bddae4,1384804
autoland,4375374,13,92302d37db2c0dde32926e954404b4c8422e3f86,android-hw-a51-11-0-aarch64-shippable-qr,True,False,,|c|o|l|d| |w|e|b|r|e|n|d|e|r|,102210fe594ee9b33d82058545b1ed14f4c8206e,loadtime,imdb,True,imdb loadtime opt cold webrender,,77,ms,geckoview,449031107,1851017294,2024-02-29T21:57:41,3657.9,415f94176c1508d1acb91186346a42009b378ca7,1384812
autoland,4375374,13,92302d37db2c0dde32926e954404b4c8422e3f86,android-hw-a51-11-0-aarch64-shippable-qr,True,False,,|c|o|l|d| |w|e|b|r|e|n|d|e|r|,102210fe594ee9b33d82058545b1ed14f4c8206e,loadtime,imdb,True,imdb loadtime opt cold webrender,,77,ms,geckoview,449055063,1851106169,2024-03-01T02:06:20,3613.1,3ed1cc3830b2bb116e2875dedadc6ea20235768a,1385033
autoland,4375374,13,92302d37db2c0dde32926e954404b4c8422e3f86,android-hw-a51-11-0-aarch64-shippable-qr,True,False,,|c|o|l|d| |w|e|b|r|e|n|d|e|r|,102210fe594ee9b33d82058545b1ed14f4c8206e,loadtime,imdb,True,imdb loadtime opt cold webrender,,77,ms,geckoview,449054762,1851104991,2024-03-01T02:09:48,3670.5,c726403b9a5aaed84563fd210952c3858369c756,1385038
autoland,4375374,13,92302d37db2c0dde32926e954404b4c8422e3f86,android-hw-a51-11-0-aarch64-shippable-qr,True,False,,|c|o|l|d| |w|e|b|r|e|n|d|e|r|,102210fe594ee9b33d82058545b1ed14f4c8206e,loadtime,imdb,True,imdb loadtime opt cold webrender,,77,ms,geckoview,449104019,1851321097,2024-03-01T11:09:10,3702.9,b921bb1aee11c101ece321f78bcc56942889bac9,1385336
autoland,4375374,13,92302d37db2c0dde32926e954404b4c8422e3f86,android-hw-a51-11-0-aarch64-shippable-qr,True,False,,|c|o|l|d| |w|e|b|r|e|n|d|e|r|,102210fe594ee9b33d82058545b1ed14f4c8206e,loadtime,imdb,True,imdb loadtime opt cold webrender,,77,ms,geckoview,449143778,1851474994,2024-03-01T15:15:21,3666.2,ab2f491c1f6a1907e3cd7de371a27940c1b7ae66,1385464
autoland,4375374,13,92302d37db2c0dde32926e954404b4c8422e3f86,android-hw-a51-11-0-aarch64-shippable-qr,True,False,,|c|o|l|d| |w|e|b|r|e|n|d|e|r|,102210fe594ee9b33d82058545b1ed14f4c8206e,loadtime,imdb,True,imdb loadtime opt cold webrender,,77,ms,geckoview,449143733,1851464354,2024-03-01T15:18:33,3668.2,179ceb82c9e5e6619e0a43e7c9a8682bff1f55ac,1385469
autoland,4375374,13,92302d37db2c0dde32926e954404b4c8422e3f86,android-hw-a51-11-0-aarch64-shippable-qr,True,False,,|c|o|l|d| |w|e|b|r|e|n|d|e|r|,102210fe594ee9b33d82058545b1ed14f4c8206e,loadtime,imdb,True,imdb loadtime opt cold webrender,,77,ms,geckoview,449170204,1851536535,2024-03-01T19:33:22,3624.3,c12ee5058abff427e2fd65f86c453b2c0ef5c315,1385653
autoland,4375374,13,92302d37db2c0dde32926e954404b4c8422e3f86,android-hw-a51-11-0-aarch64-shippable-qr,True,False,,|c|o|l|d| |w|e|b|r|e|n|d|e|r|,102210fe594ee9b33d82058545b1ed14f4c8206e,loadtime,imdb,True,imdb loadtime opt cold webrender,,77,ms,geckoview,449198290,1851662091,2024-03-02T08:44:09,3645.1,ac7b674e512d88788161e657fbc3371b8d955c65,1385889
autoland,4375374,13,92302d37db2c0dde32926e954404b4c8422e3f86,android-hw-a51-11-0-aarch64-shippable-qr,True,False,,|c|o|l|d| |w|e|b|r|e|n|d|e|r|,102210fe594ee9b33d82058545b1ed14f4c8206e,loadtime,imdb,True,imdb loadtime opt cold webrender,,77,ms,geckoview,449220375,1851759283,2024-03-02T12:50:07,3635.0,6263d391d703f61cfd3ddbb3791adc628a603520,1385922
autoland,4375374,13,92302d37db2c0dde32926e954404b4c8422e3f86,android-hw-a51-11-0-aarch64-shippable-qr,True,False,,|c|o|l|d| |w|e|b|r|e|n|d|e|r|,102210fe594ee9b33d82058545b1ed14f4c8206e,loadtime,imdb,True,imdb loadtime opt cold webrender,,77,ms,geckoview,449249316,1851907071,2024-03-02T18:47:19,3656.4,a2ddc20095d176734a72080712b366c74a36c934,1385949
autoland,4375374,13,92302d37db2c0dde32926e954404b4c8422e3f86,android-hw-a51-11-0-aarch64-shippable-qr,True,False,,|c|o|l|d| |w|e|b|r|e|n|d|e|r|,102210fe594ee9b33d82058545b1ed14f4c8206e,loadtime,imdb,True,imdb loadtime opt cold webrender,,77,ms,geckoview,449252122,1851922853,2024-03-02T19:45:31,3664.5,8042d9f9b7b6eb6e6a6fbefba554c035ef6bbda1,1385954
autoland,4375374,13,92302d37db2c0dde32926e954404b4c8422e3f86,android-hw-a51-11-0-aarch64-shippable-qr,True,False,,|c|o|l|d| |w|e|b|r|e|n|d|e|r|,102210fe594ee9b33d82058545b1ed14f4c8206e,loadtime,imdb,True,imdb loadtime opt cold webrender,,77,ms,geckoview,449278406,1851997203,2024-03-03T01:04:11,3644.7,c5ddc3b211e53221a5b12ce6c8a5a523bba3641f,1385990
autoland,4375374,13,92302d37db2c0dde32926e954404b4c8422e3f86,android-hw-a51-11-0-aarch64-shippable-qr,True,False,,|c|o|l|d| |w|e|b|r|e|n|d|e|r|,102210fe594ee9b33d82058545b1ed14f4c8206e,loadtime,imdb,True,imdb loadtime opt cold webrender,,77,ms,geckoview,449315859,1852140188,2024-03-03T12:29:51,3653.4,62056fe89aac9d2f369746854f0e3a55ad7153d0,1386069
autoland,4375374,13,92302d37db2c0dde32926e954404b4c8422e3f86,android-hw-a51-11-0-aarch64-shippable-qr,True,False,,|c|o|l|d| |w|e|b|r|e|n|d|e|r|,102210fe594ee9b33d82058545b1ed14f4c8206e,loadtime,imdb,True,imdb loadtime opt cold webrender,,77,ms,geckoview,449343623,1852236615,2024-03-04T01:21:19,3633.3,499cae53f42dfc8f376fd97d0a83c1f8e85e274c,1386148
autoland,4375374,13,92302d37db2c0dde32926e954404b4c8422e3f86,android-hw-a51-11-0-aarch64-shippable-qr,True,False,,|c|o|l|d| |w|e|b|r|e|n|d|e|r|,102210fe594ee9b33d82058545b1ed14f4c8206e,loadtime,imdb,True,imdb loadtime opt cold webrender,,77,ms,geckoview,449355395,1852302602,2024-03-04T06:32:50,3950.5,79823348e9cf740dbe5ae11eb654b1a85ea0ecbc,1386182
autoland,4375374,13,92302d37db2c0dde32926e954404b4c8422e3f86,android-hw-a51-11-0-aarch64-shippable-qr,True,False,,|c|o|l|d| |w|e|b|r|e|n|d|e|r|,102210fe594ee9b33d82058545b1ed14f4c8206e,loadtime,imdb,True,imdb loadtime opt cold webrender,,77,ms,geckoview,449370510,1852368843,2024-03-04T08:48:22,3644.4,54c13c0498731427f23aff4c7e87900a715761b0,1386226
autoland,4375374,13,92302d37db2c0dde32926e954404b4c8422e3f86,android-hw-a51-11-0-aarch64-shippable-qr,True,False,,|c|o|l|d| |w|e|b|r|e|n|d|e|r|,102210fe594ee9b33d82058545b1ed14f4c8206e,loadtime,imdb,True,imdb loadtime opt cold webrender,,77,ms,geckoview,449426236,1852515504,2024-03-04T12:51:58,3739.9,938c019ec0d1f3f1c0932e575d8f9e9f4c387320,1386363
autoland,4375374,13,92302d37db2c0dde32926e954404b4c8422e3f86,android-hw-a51-11-0-aarch64-shippable-qr,True,False,,|c|o|l|d| |w|e|b|r|e|n|d|e|r|,102210fe594ee9b33d82058545b1ed14f4c8206e,loadtime,imdb,True,imdb loadtime opt cold webrender,,77,ms,geckoview,449433713,1852586406,2024-03-04T14:27:11,3682.7,c90923a84670e17105b275c5be4a3c2842cb248e,1386418
autoland,4375374,13,92302d37db2c0dde32926e954404b4c8422e3f86,android-hw-a51-11-0-aarch64-shippable-qr,True,False,,|c|o|l|d| |w|e|b|r|e|n|d|e|r|,102210fe594ee9b33d82058545b1ed14f4c8206e,loadtime,imdb,True,imdb loadtime opt cold webrender,,77,ms,geckoview,449460078,1852658801,2024-03-04T16:31:41,3731.0,6c8dfd2a5bcafec953d7303c1fc35ec76d05f6ac,1386528
autoland,4375374,13,92302d37db2c0dde32926e954404b4c8422e3f86,android-hw-a51-11-0-aarch64-shippable-qr,True,False,,|c|o|l|d| |w|e|b|r|e|n|d|e|r|,102210fe594ee9b33d82058545b1ed14f4c8206e,loadtime,imdb,True,imdb loadtime opt cold webrender,,77,ms,geckoview,449504023,1852843441,2024-03-04T20:31:42,4225.3,430bda8b01b3b00b083a0034de19b12b032caf6b,1386698
autoland,4375374,13,92302d37db2c0dde32926e954404b4c8422e3f86,android-hw-a51-11-0-aarch64-shippable-qr,True,False,,|c|o|l|d| |w|e|b|r|e|n|d|e|r|,102210fe594ee9b33d82058545b1ed14f4c8206e,loadtime,imdb,True,imdb loadtime opt cold webrender,,77,ms,geckoview,449498796,1852807865,2024-03-04T21:16:05,4150.9,5b706eb2187070200b3eecb6d99a95e750c3266e,1386717
autoland,4375374,13,92302d37db2c0dde32926e954404b4c8422e3f86,android-hw-a51-11-0-aarch64-shippable-qr,True,False,,|c|o|l|d| |w|e|b|r|e|n|d|e|r|,102210fe594ee9b33d82058545b1ed14f4c8206e,loadtime,imdb,True,imdb loadtime opt cold webrender,,77,ms,geckoview,449537717,1852910092,2024-03-05T01:28:34,3756.9,2b54764bcf2909b800951938d1f6fd47752c91b6,1386871
autoland,4375374,13,92302d37db2c0dde32926e954404b4c8422e3f86,android-hw-a51-11-0-aarch64-shippable-qr,True,False,,|c|o|l|d| |w|e|b|r|e|n|d|e|r|,102210fe594ee9b33d82058545b1ed14f4c8206e,loadtime,imdb,True,imdb loadtime opt cold webrender,,77,ms,geckoview,449550134,1853012560,2024-03-05T05:25:14,3682.8,61bb37d1ba16985ef9e5cd99cd02912849f743a3,1386945
autoland,4375374,13,92302d37db2c0dde32926e954404b4c8422e3f86,android-hw-a51-11-0-aarch64-shippable-qr,True,False,,|c|o|l|d| |w|e|b|r|e|n|d|e|r|,102210fe594ee9b33d82058545b1ed14f4c8206e,loadtime,imdb,True,imdb loadtime opt cold webrender,,77,ms,geckoview,449577844,1853117555,2024-03-05T09:36:09,3740.9,20859a1f25eb48ec31fdd24c0552b9fa83c5dcf2,1387072
autoland,4375374,13,92302d37db2c0dde32926e954404b4c8422e3f86,android-hw-a51-11-0-aarch64-shippable-qr,True,False,,|c|o|l|d| |w|e|b|r|e|n|d|e|r|,102210fe594ee9b33d82058545b1ed14f4c8206e,loadtime,imdb,True,imdb loadtime opt cold webrender,,77,ms,geckoview,449606475,1853198027,2024-03-05T11:43:18,4939.5,300643546ea85a42a1f88a11595ebbb0b7157128,1387157
autoland,4375374,13,92302d37db2c0dde32926e954404b4c8422e3f86,android-hw-a51-11-0-aarch64-shippable-qr,True,False,,|c|o|l|d| |w|e|b|r|e|n|d|e|r|,102210fe594ee9b33d82058545b1ed14f4c8206e,loadtime,imdb,True,imdb loadtime opt cold webrender,,77,ms,geckoview,449631681,1853279814,2024-03-05T15:52:09,3652.0,adf17fc47c84c0fa237aecff550ba42344a5c629,1387348
autoland,4375374,13,92302d37db2c0dde32926e954404b4c8422e3f86,android-hw-a51-11-0-aarch64-shippable-qr,True,False,,|c|o|l|d| |w|e|b|r|e|n|d|e|r|,102210fe594ee9b33d82058545b1ed14f4c8206e,loadtime,imdb,True,imdb loadtime opt cold webrender,,77,ms,geckoview,449665465,1853367400,2024-03-05T19:23:59,3755.8,c13ff57ddd8d6b9f971a631b45c6da97b3c14fb9,1387560
autoland,4375374,13,92302d37db2c0dde32926e954404b4c8422e3f86,android-hw-a51-11-0-aarch64-shippable-qr,True,False,,|c|o|l|d| |w|e|b|r|e|n|d|e|r|,102210fe594ee9b33d82058545b1ed14f4c8206e,loadtime,imdb,True,imdb loadtime opt cold webrender,,77,ms,geckoview,449687639,1853450595,2024-03-05T22:16:54,3614.0,099f52f30c39008328dfbc02ff824310e082a8da,1387647
autoland,4375374,13,92302d37db2c0dde32926e954404b4c8422e3f86,android-hw-a51-11-0-aarch64-shippable-qr,True,False,,|c|o|l|d| |w|e|b|r|e|n|d|e|r|,102210fe594ee9b33d82058545b1ed14f4c8206e,loadtime,imdb,True,imdb loadtime opt cold webrender,,77,ms,geckoview,449712327,1853533570,2024-03-06T02:53:23,4093.1,488c772c72746cdfbf99e927acee696c4d6a5aef,1387831
autoland,4375374,13,92302d37db2c0dde32926e954404b4c8422e3f86,android-hw-a51-11-0-aarch64-shippable-qr,True,False,,|c|o|l|d| |w|e|b|r|e|n|d|e|r|,102210fe594ee9b33d82058545b1ed14f4c8206e,loadtime,imdb,True,imdb loadtime opt cold webrender,,77,ms,geckoview,449796006,1853851990,2024-03-06T14:00:28,4123.7,143c3925806ed35200c2a71e650e7e74f58520a7,1388157
autoland,4375374,13,92302d37db2c0dde32926e954404b4c8422e3f86,android-hw-a51-11-0-aarch64-shippable-qr,True,False,,|c|o|l|d| |w|e|b|r|e|n|d|e|r|,102210fe594ee9b33d82058545b1ed14f4c8206e,loadtime,imdb,True,imdb loadtime opt cold webrender,,77,ms,geckoview,449833724,1854005879,2024-03-06T18:03:03,3729.9,03e6d6ff8bde56b645cfbc34dee452ff375ff3ca,1388329
autoland,4375374,13,92302d37db2c0dde32926e954404b4c8422e3f86,android-hw-a51-11-0-aarch64-shippable-qr,True,False,,|c|o|l|d| |w|e|b|r|e|n|d|e|r|,102210fe594ee9b33d82058545b1ed14f4c8206e,loadtime,imdb,True,imdb loadtime opt cold webrender,,77,ms,geckoview,449829906,1853976541,2024-03-06T18:05:41,3693.6,f408182c4687f0490084c35cc766e637d0bdfd0f,1388333
autoland,4375374,13,92302d37db2c0dde32926e954404b4c8422e3f86,android-hw-a51-11-0-aarch64-shippable-qr,True,False,,|c|o|l|d| |w|e|b|r|e|n|d|e|r|,102210fe594ee9b33d82058545b1ed14f4c8206e,loadtime,imdb,True,imdb loadtime opt cold webrender,,77,ms,geckoview,449857798,1854106082,2024-03-06T20:32:27,3711.6,cbcc69d30489c534df28a444097bd87fcf8d8352,1388530
autoland,4375374,13,92302d37db2c0dde32926e954404b4c8422e3f86,android-hw-a51-11-0-aarch64-shippable-qr,True,False,,|c|o|l|d| |w|e|b|r|e|n|d|e|r|,102210fe594ee9b33d82058545b1ed14f4c8206e,loadtime,imdb,True,imdb loadtime opt cold webrender,,77,ms,geckoview,449875481,1854173241,2024-03-06T22:58:04,3716.1,98eadcb9210580189dd1cb9eb2cad1362b0c2835,1388664
autoland,4375374,13,92302d37db2c0dde32926e954404b4c8422e3f86,android-hw-a51-11-0-aarch64-shippable-qr,True,False,,|c|o|l|d| |w|e|b|r|e|n|d|e|r|,102210fe594ee9b33d82058545b1ed14f4c8206e,loadtime,imdb,True,imdb loadtime opt cold webrender,,77,ms,geckoview,449894194,1854296092,2024-03-07T03:21:51,3698.8,62ed755b7c5e2b357e66b4f19a5419c685e87a47,1388820
autoland,4375374,13,92302d37db2c0dde32926e954404b4c8422e3f86,android-hw-a51-11-0-aarch64-shippable-qr,True,False,,|c|o|l|d| |w|e|b|r|e|n|d|e|r|,102210fe594ee9b33d82058545b1ed14f4c8206e,loadtime,imdb,True,imdb loadtime opt cold webrender,,77,ms,geckoview,449902459,1854361939,2024-03-07T06:37:03,3667.6,d48a42b340b69771d9dc99ddf1303d3f88ae9165,1388849
autoland,4375374,13,92302d37db2c0dde32926e954404b4c8422e3f86,android-hw-a51-11-0-aarch64-shippable-qr,True,False,,|c|o|l|d| |w|e|b|r|e|n|d|e|r|,102210fe594ee9b33d82058545b1ed14f4c8206e,loadtime,imdb,True,imdb loadtime opt cold webrender,,77,ms,geckoview,449918870,1854465078,2024-03-07T10:49:51,3676.1,cfe658475285f9b5c867bcbd191d2e1332df885e,1388876
autoland,4375374,13,92302d37db2c0dde32926e954404b4c8422e3f86,android-hw-a51-11-0-aarch64-shippable-qr,True,False,,|c|o|l|d| |w|e|b|r|e|n|d|e|r|,102210fe594ee9b33d82058545b1ed14f4c8206e,loadtime,imdb,True,imdb loadtime opt cold webrender,,77,ms,geckoview,449945326,1854560022,2024-03-07T13:27:03,3680.6,0027da61966ddaf727a4c543b4541d0e175cb354,1388885
autoland,4375374,13,92302d37db2c0dde32926e954404b4c8422e3f86,android-hw-a51-11-0-aarch64-shippable-qr,True,False,,|c|o|l|d| |w|e|b|r|e|n|d|e|r|,102210fe594ee9b33d82058545b1ed14f4c8206e,loadtime,imdb,True,imdb loadtime opt cold webrender,,77,ms,geckoview,449979923,1854684111,2024-03-07T20:11:01,3685.2,c9b3f598aa024ffbe096094ee8845222b7483c50,1389147
autoland,4375374,13,92302d37db2c0dde32926e954404b4c8422e3f86,android-hw-a51-11-0-aarch64-shippable-qr,True,False,,|c|o|l|d| |w|e|b|r|e|n|d|e|r|,102210fe594ee9b33d82058545b1ed14f4c8206e,loadtime,imdb,True,imdb loadtime opt cold webrender,,77,ms,geckoview,450014784,1854831698,2024-03-08T00:14:27,3715.2,f9c5e71ad2de0632a1d833b02eb16cd13e4eabc1,1389377
autoland,4375374,13,92302d37db2c0dde32926e954404b4c8422e3f86,android-hw-a51-11-0-aarch64-shippable-qr,True,False,,|c|o|l|d| |w|e|b|r|e|n|d|e|r|,102210fe594ee9b33d82058545b1ed14f4c8206e,loadtime,imdb,True,imdb loadtime opt cold webrender,,77,ms,geckoview,450015039,1854855692,2024-03-08T01:03:56,3537.3,ac5529a784bdd0522e58c4bcdb3293674601ac52,1389404
autoland,4375374,13,92302d37db2c0dde32926e954404b4c8422e3f86,android-hw-a51-11-0-aarch64-shippable-qr,True,False,,|c|o|l|d| |w|e|b|r|e|n|d|e|r|,102210fe594ee9b33d82058545b1ed14f4c8206e,loadtime,imdb,True,imdb loadtime opt cold webrender,,77,ms,geckoview,450052821,1855042104,2024-03-08T09:44:20,4194.3,fe38c21e5d5ba7ab071d13411995b46f31d7862c,1389593
autoland,4375374,13,92302d37db2c0dde32926e954404b4c8422e3f86,android-hw-a51-11-0-aarch64-shippable-qr,True,False,,|c|o|l|d| |w|e|b|r|e|n|d|e|r|,102210fe594ee9b33d82058545b1ed14f4c8206e,loadtime,imdb,True,imdb loadtime opt cold webrender,,77,ms,geckoview,450076633,1855223811,2024-03-08T13:47:55,4361.9,e38d79679348570701c9c0b244b0d905b241b83b,1389613
autoland,4375374,13,92302d37db2c0dde32926e954404b4c8422e3f86,android-hw-a51-11-0-aarch64-shippable-qr,True,False,,|c|o|l|d| |w|e|b|r|e|n|d|e|r|,102210fe594ee9b33d82058545b1ed14f4c8206e,loadtime,imdb,True,imdb loadtime opt cold webrender,,77,ms,geckoview,450092876,1855310656,2024-03-08T15:54:44,4387.2,c306d54c8963e4dda4426d48bf41774947f5138d,1389685
autoland,4375374,13,92302d37db2c0dde32926e954404b4c8422e3f86,android-hw-a51-11-0-aarch64-shippable-qr,True,False,,|c|o|l|d| |w|e|b|r|e|n|d|e|r|,102210fe594ee9b33d82058545b1ed14f4c8206e,loadtime,imdb,True,imdb loadtime opt cold webrender,,77,ms,geckoview,450147842,1855440668,2024-03-09T00:01:41,4084.4,e40628b4cd80f3469e6fb5836c1e513e3e058225,1390115
autoland,4375374,13,92302d37db2c0dde32926e954404b4c8422e3f86,android-hw-a51-11-0-aarch64-shippable-qr,True,False,,|c|o|l|d| |w|e|b|r|e|n|d|e|r|,102210fe594ee9b33d82058545b1ed14f4c8206e,loadtime,imdb,True,imdb loadtime opt cold webrender,,77,ms,geckoview,450147916,1855463469,2024-03-09T00:02:45,4182.4,4d67ec80ce46b924295e599b81d0db0071664eca,1390116
autoland,4375374,13,92302d37db2c0dde32926e954404b4c8422e3f86,android-hw-a51-11-0-aarch64-shippable-qr,True,False,,|c|o|l|d| |w|e|b|r|e|n|d|e|r|,102210fe594ee9b33d82058545b1ed14f4c8206e,loadtime,imdb,True,imdb loadtime opt cold webrender,,77,ms,geckoview,450147173,1855437813,2024-03-09T00:03:40,4199.8,fb2eeb44f22026d0a1c7b18f8cb0786169300c1b,1390117
autoland,4375374,13,92302d37db2c0dde32926e954404b4c8422e3f86,android-hw-a51-11-0-aarch64-shippable-qr,True,False,,|c|o|l|d| |w|e|b|r|e|n|d|e|r|,102210fe594ee9b33d82058545b1ed14f4c8206e,loadtime,imdb,True,imdb loadtime opt cold webrender,,77,ms,geckoview,450165931,1855522450,2024-03-09T05:38:15,4171.4,efb6c465b7de5cb34b029bb51e5b445952bdd9b2,1390162
autoland,4375374,13,92302d37db2c0dde32926e954404b4c8422e3f86,android-hw-a51-11-0-aarch64-shippable-qr,True,False,,|c|o|l|d| |w|e|b|r|e|n|d|e|r|,102210fe594ee9b33d82058545b1ed14f4c8206e,loadtime,imdb,True,imdb loadtime opt cold webrender,,77,ms,geckoview,450193705,1855605952,2024-03-09T10:41:02,4195.7,1d530888568c2a44fc30d9b6567ab6195f238cb2,1390188
autoland,4375374,13,92302d37db2c0dde32926e954404b4c8422e3f86,android-hw-a51-11-0-aarch64-shippable-qr,True,False,,|c|o|l|d| |w|e|b|r|e|n|d|e|r|,102210fe594ee9b33d82058545b1ed14f4c8206e,loadtime,imdb,True,imdb loadtime opt cold webrender,,77,ms,geckoview,450205583,1855643190,2024-03-09T15:33:05,4119.5,10af6b2ff03bd7512d53f3ed02f7e83dba7c57ba,1390221
autoland,4375374,13,92302d37db2c0dde32926e954404b4c8422e3f86,android-hw-a51-11-0-aarch64-shippable-qr,True,False,,|c|o|l|d| |w|e|b|r|e|n|d|e|r|,102210fe594ee9b33d82058545b1ed14f4c8206e,loadtime,imdb,True,imdb loadtime opt cold webrender,,77,ms,geckoview,450217515,1855687730,2024-03-09T20:59:44,4215.2,9768cd53e66eef4a715150196cfa1138f7edf7ba,1390244
autoland,4375374,13,92302d37db2c0dde32926e954404b4c8422e3f86,android-hw-a51-11-0-aarch64-shippable-qr,True,False,,|c|o|l|d| |w|e|b|r|e|n|d|e|r|,102210fe594ee9b33d82058545b1ed14f4c8206e,loadtime,imdb,True,imdb loadtime opt cold webrender,,77,ms,geckoview,450254031,1855807784,2024-03-10T13:59:13,4143.6,f8edec6de8b50f0f6809208600e5c8ab87dd12d4,1390283
autoland,4375374,13,92302d37db2c0dde32926e954404b4c8422e3f86,android-hw-a51-11-0-aarch64-shippable-qr,True,False,,|c|o|l|d| |w|e|b|r|e|n|d|e|r|,102210fe594ee9b33d82058545b1ed14f4c8206e,loadtime,imdb,True,imdb loadtime opt cold webrender,,77,ms,geckoview,450259630,1855833681,2024-03-10T18:05:45,4100.2,059c20bed3da7a717ee144e4c2339499009d7c44,1390298
autoland,4375374,13,92302d37db2c0dde32926e954404b4c8422e3f86,android-hw-a51-11-0-aarch64-shippable-qr,True,False,,|c|o|l|d| |w|e|b|r|e|n|d|e|r|,102210fe594ee9b33d82058545b1ed14f4c8206e,loadtime,imdb,True,imdb loadtime opt cold webrender,,77,ms,geckoview,450281818,1855939284,2024-03-11T02:48:56,4129.6,0f63ab5624960b1aa464bb2e3bd76c6cd196f186,1390365
autoland,4375374,13,92302d37db2c0dde32926e954404b4c8422e3f86,android-hw-a51-11-0-aarch64-shippable-qr,True,False,,|c|o|l|d| |w|e|b|r|e|n|d|e|r|,102210fe594ee9b33d82058545b1ed14f4c8206e,loadtime,imdb,True,imdb loadtime opt cold webrender,,77,ms,geckoview,450300563,1856065525,2024-03-11T09:18:44,4172.9,343e945a502ea35f40687ffca3eab7543522fe79,1390442
autoland,4375374,13,92302d37db2c0dde32926e954404b4c8422e3f86,android-hw-a51-11-0-aarch64-shippable-qr,True,False,,|c|o|l|d| |w|e|b|r|e|n|d|e|r|,102210fe594ee9b33d82058545b1ed14f4c8206e,loadtime,imdb,True,imdb loadtime opt cold webrender,,77,ms,geckoview,450333437,1856134657,2024-03-11T13:24:20,4265.8,23b4081496822ae44a0f120f8429c0c57a864325,1390505
autoland,4375374,13,92302d37db2c0dde32926e954404b4c8422e3f86,android-hw-a51-11-0-aarch64-shippable-qr,True,False,,|c|o|l|d| |w|e|b|r|e|n|d|e|r|,102210fe594ee9b33d82058545b1ed14f4c8206e,loadtime,imdb,True,imdb loadtime opt cold webrender,,77,ms,geckoview,450339750,1856230752,2024-03-11T14:23:46,4085.7,ec25d27f83b73ab4fbd93c737d29b732042c2139,1390552
autoland,4375374,13,92302d37db2c0dde32926e954404b4c8422e3f86,android-hw-a51-11-0-aarch64-shippable-qr,True,False,,|c|o|l|d| |w|e|b|r|e|n|d|e|r|,102210fe594ee9b33d82058545b1ed14f4c8206e,loadtime,imdb,True,imdb loadtime opt cold webrender,,77,ms,geckoview,450375508,1856298223,2024-03-11T18:03:14,4296.4,b5f646ecf7f3ca586020974d36c3f4c4fca4a3a3,1390747
autoland,4375374,13,92302d37db2c0dde32926e954404b4c8422e3f86,android-hw-a51-11-0-aarch64-shippable-qr,True,False,,|c|o|l|d| |w|e|b|r|e|n|d|e|r|,102210fe594ee9b33d82058545b1ed14f4c8206e,loadtime,imdb,True,imdb loadtime opt cold webrender,,77,ms,geckoview,450391403,1856329122,2024-03-11T19:41:42,4193.5,4984afdb79c55a76ef741d1667378c296f74240f,1390851
autoland,4375374,13,92302d37db2c0dde32926e954404b4c8422e3f86,android-hw-a51-11-0-aarch64-shippable-qr,True,False,,|c|o|l|d| |w|e|b|r|e|n|d|e|r|,102210fe594ee9b33d82058545b1ed14f4c8206e,loadtime,imdb,True,imdb loadtime opt cold webrender,,77,ms,geckoview,450424892,1856459237,2024-03-12T03:06:47,2880.2,5dbe89396d7f52d57c4a21457fcf95d4e1ae24c3,1391174
autoland,4375374,13,92302d37db2c0dde32926e954404b4c8422e3f86,android-hw-a51-11-0-aarch64-shippable-qr,True,False,,|c|o|l|d| |w|e|b|r|e|n|d|e|r|,102210fe594ee9b33d82058545b1ed14f4c8206e,loadtime,imdb,True,imdb loadtime opt cold webrender,,77,ms,geckoview,450434265,1856546911,2024-03-12T07:06:36,2868.0,45bdb06ed9f6ae6b675b169c0b4dbd488363098d,1391218
autoland,4375374,13,92302d37db2c0dde32926e954404b4c8422e3f86,android-hw-a51-11-0-aarch64-shippable-qr,True,False,,|c|o|l|d| |w|e|b|r|e|n|d|e|r|,102210fe594ee9b33d82058545b1ed14f4c8206e,loadtime,imdb,True,imdb loadtime opt cold webrender,,77,ms,geckoview,450461126,1856626737,2024-03-12T11:26:19,2837.8,8c1e5f6bca5a8f2ab2297cff5c736e61d3a3bd27,1391230
autoland,4375374,13,92302d37db2c0dde32926e954404b4c8422e3f86,android-hw-a51-11-0-aarch64-shippable-qr,True,False,,|c|o|l|d| |w|e|b|r|e|n|d|e|r|,102210fe594ee9b33d82058545b1ed14f4c8206e,loadtime,imdb,True,imdb loadtime opt cold webrender,,77,ms,geckoview,450495373,1856723185,2024-03-12T14:58:20,2894.4,c93ce7649d8d7d874130caed9005d92be916b10e,1391396
autoland,4375374,13,92302d37db2c0dde32926e954404b4c8422e3f86,android-hw-a51-11-0-aarch64-shippable-qr,True,False,,|c|o|l|d| |w|e|b|r|e|n|d|e|r|,102210fe594ee9b33d82058545b1ed14f4c8206e,loadtime,imdb,True,imdb loadtime opt cold webrender,,77,ms,geckoview,450525785,1856857322,2024-03-12T19:37:06,2793.1,d91b0606279d7c22a0119cdc8061cdeffe233787,1391673
autoland,4375374,13,92302d37db2c0dde32926e954404b4c8422e3f86,android-hw-a51-11-0-aarch64-shippable-qr,True,False,,|c|o|l|d| |w|e|b|r|e|n|d|e|r|,102210fe594ee9b33d82058545b1ed14f4c8206e,loadtime,imdb,True,imdb loadtime opt cold webrender,,77,ms,geckoview,450552109,1856934469,2024-03-12T23:13:34,3269.2,bb96cef2989d78eaa9d2485bb379b29449a815b2,1391824
autoland,4375374,13,92302d37db2c0dde32926e954404b4c8422e3f86,android-hw-a51-11-0-aarch64-shippable-qr,True,False,,|c|o|l|d| |w|e|b|r|e|n|d|e|r|,102210fe594ee9b33d82058545b1ed14f4c8206e,loadtime,imdb,True,imdb loadtime opt cold webrender,,77,ms,geckoview,450581750,1857065616,2024-03-13T07:01:16,2802.7,2dfb9f01e06f190da79fb195ea51dac2be58dde7,1392060
autoland,4375374,13,92302d37db2c0dde32926e954404b4c8422e3f86,android-hw-a51-11-0-aarch64-shippable-qr,True,False,,|c|o|l|d| |w|e|b|r|e|n|d|e|r|,102210fe594ee9b33d82058545b1ed14f4c8206e,loadtime,imdb,True,imdb loadtime opt cold webrender,,77,ms,geckoview,450614208,1857232625,2024-03-13T11:15:45,2831.8,ae0da9180abdc1990832791041b323e05082f6f8,1392165
autoland,4375374,13,92302d37db2c0dde32926e954404b4c8422e3f86,android-hw-a51-11-0-aarch64-shippable-qr,True,False,,|c|o|l|d| |w|e|b|r|e|n|d|e|r|,102210fe594ee9b33d82058545b1ed14f4c8206e,loadtime,imdb,True,imdb loadtime opt cold webrender,,77,ms,geckoview,450641340,1857350546,2024-03-13T15:23:46,2870.1,49e9b26b528b94a9db43d4b65112add1268f64fc,1392302
autoland,4375374,13,92302d37db2c0dde32926e954404b4c8422e3f86,android-hw-a51-11-0-aarch64-shippable-qr,True,False,,|c|o|l|d| |w|e|b|r|e|n|d|e|r|,102210fe594ee9b33d82058545b1ed14f4c8206e,loadtime,imdb,True,imdb loadtime opt cold webrender,,77,ms,geckoview,450641836,1857370532,2024-03-13T15:33:19,2821.2,35c5c892ca1e96f731d20bc6edd310a5d4e13bad,1392307
autoland,4375374,13,92302d37db2c0dde32926e954404b4c8422e3f86,android-hw-a51-11-0-aarch64-shippable-qr,True,False,,|c|o|l|d| |w|e|b|r|e|n|d|e|r|,102210fe594ee9b33d82058545b1ed14f4c8206e,loadtime,imdb,True,imdb loadtime opt cold webrender,,77,ms,geckoview,450658706,1857450566,2024-03-13T18:41:03,2918.4,ebcab57cf7cd8a64a561c831dc4d1bf6694f82b8,1392487
autoland,4375374,13,92302d37db2c0dde32926e954404b4c8422e3f86,android-hw-a51-11-0-aarch64-shippable-qr,True,False,,|c|o|l|d| |w|e|b|r|e|n|d|e|r|,102210fe594ee9b33d82058545b1ed14f4c8206e,loadtime,imdb,True,imdb loadtime opt cold webrender,,77,ms,geckoview,450679208,1857563508,2024-03-13T21:49:05,2844.4,1f3b4df016ac965dd3a2c97cb547c495364fdeef,1392594
autoland,4375374,13,92302d37db2c0dde32926e954404b4c8422e3f86,android-hw-a51-11-0-aarch64-shippable-qr,True,False,,|c|o|l|d| |w|e|b|r|e|n|d|e|r|,102210fe594ee9b33d82058545b1ed14f4c8206e,loadtime,imdb,True,imdb loadtime opt cold webrender,,77,ms,geckoview,450710729,1857666583,2024-03-14T04:20:25,2870.1,2333872b0f5028fa1f0e9236440fe58df07a0235,1392734
autoland,4375374,13,92302d37db2c0dde32926e954404b4c8422e3f86,android-hw-a51-11-0-aarch64-shippable-qr,True,False,,|c|o|l|d| |w|e|b|r|e|n|d|e|r|,102210fe594ee9b33d82058545b1ed14f4c8206e,loadtime,imdb,True,imdb loadtime opt cold webrender,,77,ms,geckoview,450724678,1857729672,2024-03-14T06:52:21,3289.3,0c82ff77321a85c36f1c5b27c99d25bad8603028,1392758
autoland,4375374,13,92302d37db2c0dde32926e954404b4c8422e3f86,android-hw-a51-11-0-aarch64-shippable-qr,True,False,,|c|o|l|d| |w|e|b|r|e|n|d|e|r|,102210fe594ee9b33d82058545b1ed14f4c8206e,loadtime,imdb,True,imdb loadtime opt cold webrender,,77,ms,geckoview,450757905,1857844778,2024-03-14T10:59:46,2913.1,1f30bd08be619a6ea06444a2a6e36123f7baad65,1392883
autoland,4375374,13,92302d37db2c0dde32926e954404b4c8422e3f86,android-hw-a51-11-0-aarch64-shippable-qr,True,False,,|c|o|l|d| |w|e|b|r|e|n|d|e|r|,102210fe594ee9b33d82058545b1ed14f4c8206e,loadtime,imdb,True,imdb loadtime opt cold webrender,,77,ms,geckoview,450803951,1858014923,2024-03-14T17:45:33,2834.9,e0d1a1dbfd5c36a2527b566ff831a989ca5ae5f5,1393195
autoland,4375374,13,92302d37db2c0dde32926e954404b4c8422e3f86,android-hw-a51-11-0-aarch64-shippable-qr,True,False,,|c|o|l|d| |w|e|b|r|e|n|d|e|r|,102210fe594ee9b33d82058545b1ed14f4c8206e,loadtime,imdb,True,imdb loadtime opt cold webrender,,77,ms,geckoview,450827552,1858105254,2024-03-14T21:51:03,2788.4,278273f1c1fdca23ad419f0bd277a616aa240d1e,1393332
autoland,4375374,13,92302d37db2c0dde32926e954404b4c8422e3f86,android-hw-a51-11-0-aarch64-shippable-qr,True,False,,|c|o|l|d| |w|e|b|r|e|n|d|e|r|,102210fe594ee9b33d82058545b1ed14f4c8206e,loadtime,imdb,True,imdb loadtime opt cold webrender,,77,ms,geckoview,450845910,1858165960,2024-03-15T00:00:33,2866.2,e18af9ec05f36a6f63a2e3889d5bc27f11be4267,1393414
autoland,4375374,13,92302d37db2c0dde32926e954404b4c8422e3f86,android-hw-a51-11-0-aarch64-shippable-qr,True,False,,|c|o|l|d| |w|e|b|r|e|n|d|e|r|,102210fe594ee9b33d82058545b1ed14f4c8206e,loadtime,imdb,True,imdb loadtime opt cold webrender,,77,ms,geckoview,450863749,1858376497,2024-03-15T06:02:39,2857.9,0eb2b661743e4b5d2ed6cf61116bc5ade9da405b,1393511
autoland,4375374,13,92302d37db2c0dde32926e954404b4c8422e3f86,android-hw-a51-11-0-aarch64-shippable-qr,True,False,,|c|o|l|d| |w|e|b|r|e|n|d|e|r|,102210fe594ee9b33d82058545b1ed14f4c8206e,loadtime,imdb,True,imdb loadtime opt cold webrender,,77,ms,geckoview,450885201,1858469302,2024-03-15T09:39:32,2818.4,02d8b0bd788352c236ca20d0163498e5ee3faa07,1393552
autoland,4375374,13,92302d37db2c0dde32926e954404b4c8422e3f86,android-hw-a51-11-0-aarch64-shippable-qr,True,False,,|c|o|l|d| |w|e|b|r|e|n|d|e|r|,102210fe594ee9b33d82058545b1ed14f4c8206e,loadtime,imdb,True,imdb loadtime opt cold webrender,,77,ms,geckoview,450910523,1858573502,2024-03-15T14:14:34,2806.7,4b69d32113781e4489234ce2c9cf8f5b5dcbce5a,1393636
autoland,4375374,13,92302d37db2c0dde32926e954404b4c8422e3f86,android-hw-a51-11-0-aarch64-shippable-qr,True,False,,|c|o|l|d| |w|e|b|r|e|n|d|e|r|,102210fe594ee9b33d82058545b1ed14f4c8206e,loadtime,imdb,True,imdb loadtime opt cold webrender,,77,ms,geckoview,450927185,1858634293,2024-03-15T16:14:11,2880.8,eff5ebeb21a902d6ed24f356b4a4b41e89ff1172,1393715
autoland,4375374,13,92302d37db2c0dde32926e954404b4c8422e3f86,android-hw-a51-11-0-aarch64-shippable-qr,True,False,,|c|o|l|d| |w|e|b|r|e|n|d|e|r|,102210fe594ee9b33d82058545b1ed14f4c8206e,loadtime,imdb,True,imdb loadtime opt cold webrender,,77,ms,geckoview,450954641,1858738310,2024-03-15T20:55:49,2855.7,f4367b1826eb51a4bbcde0cd6ae1a5b1644115d0,1393941
autoland,4375374,13,92302d37db2c0dde32926e954404b4c8422e3f86,android-hw-a51-11-0-aarch64-shippable-qr,True,False,,|c|o|l|d| |w|e|b|r|e|n|d|e|r|,102210fe594ee9b33d82058545b1ed14f4c8206e,loadtime,imdb,True,imdb loadtime opt cold webrender,,77,ms,geckoview,450975405,1858837298,2024-03-16T01:29:19,2880.0,bbe046e25d1447071e399f377b669bbe9cbf3bf3,1394036
autoland,4375374,13,92302d37db2c0dde32926e954404b4c8422e3f86,android-hw-a51-11-0-aarch64-shippable-qr,True,False,,|c|o|l|d| |w|e|b|r|e|n|d|e|r|,102210fe594ee9b33d82058545b1ed14f4c8206e,loadtime,imdb,True,imdb loadtime opt cold webrender,,77,ms,geckoview,450981596,1858886865,2024-03-16T06:01:10,2895.6,a7134d792577d5d0529bf81b769c32138f7bb0c0,1394058
autoland,4375374,13,92302d37db2c0dde32926e954404b4c8422e3f86,android-hw-a51-11-0-aarch64-shippable-qr,True,False,,|c|o|l|d| |w|e|b|r|e|n|d|e|r|,102210fe594ee9b33d82058545b1ed14f4c8206e,loadtime,imdb,True,imdb loadtime opt cold webrender,,77,ms,geckoview,451015658,1859002887,2024-03-16T15:16:53,2919.4,a65344e02551e44aca46a84016a3a07cce9d23e6,1394103
autoland,4375374,13,92302d37db2c0dde32926e954404b4c8422e3f86,android-hw-a51-11-0-aarch64-shippable-qr,True,False,,|c|o|l|d| |w|e|b|r|e|n|d|e|r|,102210fe594ee9b33d82058545b1ed14f4c8206e,loadtime,imdb,True,imdb loadtime opt cold webrender,,77,ms,geckoview,451021262,1859048219,2024-03-16T21:40:10,2841.1,bc06944d050ccff5aed2248b83d51d946814e90d,1394130
autoland,4375374,13,92302d37db2c0dde32926e954404b4c8422e3f86,android-hw-a51-11-0-aarch64-shippable-qr,True,False,,|c|o|l|d| |w|e|b|r|e|n|d|e|r|,102210fe594ee9b33d82058545b1ed14f4c8206e,loadtime,imdb,True,imdb loadtime opt cold webrender,,77,ms,geckoview,451041817,1859132560,2024-03-17T07:03:06,4084.3,7ef716435af3dee46482a893f4a3b29a4d3faafe,1394146
autoland,4375374,13,92302d37db2c0dde32926e954404b4c8422e3f86,android-hw-a51-11-0-aarch64-shippable-qr,True,False,,|c|o|l|d| |w|e|b|r|e|n|d|e|r|,102210fe594ee9b33d82058545b1ed14f4c8206e,loadtime,imdb,True,imdb loadtime opt cold webrender,,77,ms,geckoview,451051550,1859170243,2024-03-17T13:56:17,2850.1,47d63b18299914bf2eecdeb64fe8df0a52605aec,1394162
autoland,4375374,13,92302d37db2c0dde32926e954404b4c8422e3f86,android-hw-a51-11-0-aarch64-shippable-qr,True,False,,|c|o|l|d| |w|e|b|r|e|n|d|e|r|,102210fe594ee9b33d82058545b1ed14f4c8206e,loadtime,imdb,True,imdb loadtime opt cold webrender,,77,ms,geckoview,451055880,1859186700,2024-03-17T19:02:19,2810.1,164fcac77feead59372521b0072049f25a4c9692,1394171
autoland,4375374,13,92302d37db2c0dde32926e954404b4c8422e3f86,android-hw-a51-11-0-aarch64-shippable-qr,True,False,,|c|o|l|d| |w|e|b|r|e|n|d|e|r|,102210fe594ee9b33d82058545b1ed14f4c8206e,loadtime,imdb,True,imdb loadtime opt cold webrender,,77,ms,geckoview,451076422,1859310063,2024-03-18T01:14:25,2855.0,469d4a744966c133ae480dc66643d47b77aa3209,1394186
autoland,4375374,13,92302d37db2c0dde32926e954404b4c8422e3f86,android-hw-a51-11-0-aarch64-shippable-qr,True,False,,|c|o|l|d| |w|e|b|r|e|n|d|e|r|,102210fe594ee9b33d82058545b1ed14f4c8206e,loadtime,imdb,True,imdb loadtime opt cold webrender,,77,ms,geckoview,451086073,1859396354,2024-03-18T07:02:14,2833.6,9ae71156ef3c731f44e2af8d1d9c34b7eb7c6c9b,1394207
autoland,4375374,13,92302d37db2c0dde32926e954404b4c8422e3f86,android-hw-a51-11-0-aarch64-shippable-qr,True,False,,|c|o|l|d| |w|e|b|r|e|n|d|e|r|,102210fe594ee9b33d82058545b1ed14f4c8206e,loadtime,imdb,True,imdb loadtime opt cold webrender,,77,ms,geckoview,451101291,1859462071,2024-03-18T09:15:45,2826.2,d3946837037d31a7b6f83b1977e57c4ea384c904,1394248
autoland,4375374,13,92302d37db2c0dde32926e954404b4c8422e3f86,android-hw-a51-11-0-aarch64-shippable-qr,True,False,,|c|o|l|d| |w|e|b|r|e|n|d|e|r|,102210fe594ee9b33d82058545b1ed14f4c8206e,loadtime,imdb,True,imdb loadtime opt cold webrender,,77,ms,geckoview,451152222,1859644549,2024-03-18T16:13:31,2823.8,9a84c7a992c26cd844507c8b4a7215e1aa1dd56e,1394426
autoland,4375374,13,92302d37db2c0dde32926e954404b4c8422e3f86,android-hw-a51-11-0-aarch64-shippable-qr,True,False,,|c|o|l|d| |w|e|b|r|e|n|d|e|r|,102210fe594ee9b33d82058545b1ed14f4c8206e,loadtime,imdb,True,imdb loadtime opt cold webrender,,77,ms,geckoview,451166914,1859731541,2024-03-18T17:45:54,2851.4,ab4a4d632bcfcdcb0f37c6791a75467e73c47795,1394460
autoland,4375374,13,92302d37db2c0dde32926e954404b4c8422e3f86,android-hw-a51-11-0-aarch64-shippable-qr,True,False,,|c|o|l|d| |w|e|b|r|e|n|d|e|r|,102210fe594ee9b33d82058545b1ed14f4c8206e,loadtime,imdb,True,imdb loadtime opt cold webrender,,77,ms,geckoview,451195769,1859841028,2024-03-18T20:20:59,2879.8,3d0c771e9c28d7bad460e8683406e4a832de5d93,1394525
autoland,4375374,13,92302d37db2c0dde32926e954404b4c8422e3f86,android-hw-a51-11-0-aarch64-shippable-qr,True,False,,|c|o|l|d| |w|e|b|r|e|n|d|e|r|,102210fe594ee9b33d82058545b1ed14f4c8206e,loadtime,imdb,True,imdb loadtime opt cold webrender,,77,ms,geckoview,451218460,1859944409,2024-03-19T01:00:45,2780.5,0febedb51783638cc944e4b495547ccfedb4c43f,1394573
autoland,4375374,13,92302d37db2c0dde32926e954404b4c8422e3f86,android-hw-a51-11-0-aarch64-shippable-qr,True,False,,|c|o|l|d| |w|e|b|r|e|n|d|e|r|,102210fe594ee9b33d82058545b1ed14f4c8206e,loadtime,imdb,True,imdb loadtime opt cold webrender,,77,ms,geckoview,451224456,1859970845,2024-03-19T02:26:21,2872.4,16ddc2d8ba870a73f3a200338e1400a51d2299c1,1394599
autoland,4375374,13,92302d37db2c0dde32926e954404b4c8422e3f86,android-hw-a51-11-0-aarch64-shippable-qr,True,False,,|c|o|l|d| |w|e|b|r|e|n|d|e|r|,102210fe594ee9b33d82058545b1ed14f4c8206e,loadtime,imdb,True,imdb loadtime opt cold webrender,,77,ms,geckoview,451241568,1860035050,2024-03-19T06:03:35,2890.7,0fbe242e1d975dcdea4df1bc8187bd9ecfe80291,1394632
autoland,4375374,13,92302d37db2c0dde32926e954404b4c8422e3f86,android-hw-a51-11-0-aarch64-shippable-qr,True,False,,|c|o|l|d| |w|e|b|r|e|n|d|e|r|,102210fe594ee9b33d82058545b1ed14f4c8206e,loadtime,imdb,True,imdb loadtime opt cold webrender,,77,ms,geckoview,451254316,1860088218,2024-03-19T08:17:39,2892.4,bd45b4ccb1292ec35d0fb6c623cb70b62fecd87b,1394665
autoland,4375374,13,92302d37db2c0dde32926e954404b4c8422e3f86,android-hw-a51-11-0-aarch64-shippable-qr,True,False,,|c|o|l|d| |w|e|b|r|e|n|d|e|r|,102210fe594ee9b33d82058545b1ed14f4c8206e,loadtime,imdb,True,imdb loadtime opt cold webrender,,77,ms,geckoview,451287102,1860203193,2024-03-19T11:15:16,2914.4,a4280d9d04d7841f3a7286d7cb6d9667ed276e03,1394711
autoland,4375374,13,92302d37db2c0dde32926e954404b4c8422e3f86,android-hw-a51-11-0-aarch64-shippable-qr,True,False,,|c|o|l|d| |w|e|b|r|e|n|d|e|r|,102210fe594ee9b33d82058545b1ed14f4c8206e,loadtime,imdb,True,imdb loadtime opt cold webrender,,77,ms,geckoview,451316744,1860276730,2024-03-19T13:28:22,2855.9,43d89580ba9c295f67bc3df94ba1aac23b435b63,1394763
autoland,4375374,13,92302d37db2c0dde32926e954404b4c8422e3f86,android-hw-a51-11-0-aarch64-shippable-qr,True,False,,|c|o|l|d| |w|e|b|r|e|n|d|e|r|,102210fe594ee9b33d82058545b1ed14f4c8206e,loadtime,imdb,True,imdb loadtime opt cold webrender,,77,ms,geckoview,451358955,1860474513,2024-03-19T17:03:22,2866.6,3d4f500d317cd4c54e93299c01efed1c4354deb7,1394873
autoland,4375374,13,92302d37db2c0dde32926e954404b4c8422e3f86,android-hw-a51-11-0-aarch64-shippable-qr,True,False,,|c|o|l|d| |w|e|b|r|e|n|d|e|r|,102210fe594ee9b33d82058545b1ed14f4c8206e,loadtime,imdb,True,imdb loadtime opt cold webrender,,77,ms,geckoview,451378192,1860543433,2024-03-19T19:48:40,2807.3,7c0de707e2a448dd3846c81f12ee9bae3ebca9d3,1394945
autoland,4375374,13,92302d37db2c0dde32926e954404b4c8422e3f86,android-hw-a51-11-0-aarch64-shippable-qr,True,False,,|c|o|l|d| |w|e|b|r|e|n|d|e|r|,102210fe594ee9b33d82058545b1ed14f4c8206e,loadtime,imdb,True,imdb loadtime opt cold webrender,,77,ms,geckoview,451409345,1860649238,2024-03-20T00:04:56,2859.4,25a7b6dcdd27704494317e01334be69707ff521f,1395012
autoland,4375374,13,92302d37db2c0dde32926e954404b4c8422e3f86,android-hw-a51-11-0-aarch64-shippable-qr,True,False,,|c|o|l|d| |w|e|b|r|e|n|d|e|r|,102210fe594ee9b33d82058545b1ed14f4c8206e,loadtime,imdb,True,imdb loadtime opt cold webrender,,77,ms,geckoview,451434196,1860813532,2024-03-20T06:31:28,2840.0,dbb1856b4f3345f0353d4ea33ed0f83a90420827,1395067
autoland,4375374,13,92302d37db2c0dde32926e954404b4c8422e3f86,android-hw-a51-11-0-aarch64-shippable-qr,True,False,,|c|o|l|d| |w|e|b|r|e|n|d|e|r|,102210fe594ee9b33d82058545b1ed14f4c8206e,loadtime,imdb,True,imdb loadtime opt cold webrender,,77,ms,geckoview,451475258,1861032529,2024-03-20T10:14:04,2779.9,89f62e190e69ddb95685488010b5807b31491168,1395103
autoland,4375374,13,92302d37db2c0dde32926e954404b4c8422e3f86,android-hw-a51-11-0-aarch64-shippable-qr,True,False,,|c|o|l|d| |w|e|b|r|e|n|d|e|r|,102210fe594ee9b33d82058545b1ed14f4c8206e,loadtime,imdb,True,imdb loadtime opt cold webrender,,77,ms,geckoview,451539266,1861150999,2024-03-20T16:49:51,2783.7,44ee710d3a49501b5b000c7e0f6d2167c47ac041,1395254
autoland,4375374,13,92302d37db2c0dde32926e954404b4c8422e3f86,android-hw-a51-11-0-aarch64-shippable-qr,True,False,,|c|o|l|d| |w|e|b|r|e|n|d|e|r|,102210fe594ee9b33d82058545b1ed14f4c8206e,loadtime,imdb,True,imdb loadtime opt cold webrender,,77,ms,geckoview,451554923,1861248560,2024-03-20T19:06:24,2850.5,a54ceb09cf6c6289a4353feb9c3cb771a7651bd0,1395310
autoland,4375374,13,92302d37db2c0dde32926e954404b4c8422e3f86,android-hw-a51-11-0-aarch64-shippable-qr,True,False,,|c|o|l|d| |w|e|b|r|e|n|d|e|r|,102210fe594ee9b33d82058545b1ed14f4c8206e,loadtime,imdb,True,imdb loadtime opt cold webrender,,77,ms,geckoview,451587776,1861401459,2024-03-20T21:30:57,2996.1,7e65c2e3fa5893e80c6f6f8ef4deef5861f82edc,1395367
autoland,4375374,13,92302d37db2c0dde32926e954404b4c8422e3f86,android-hw-a51-11-0-aarch64-shippable-qr,True,False,,|c|o|l|d| |w|e|b|r|e|n|d|e|r|,102210fe594ee9b33d82058545b1ed14f4c8206e,loadtime,imdb,True,imdb loadtime opt cold webrender,,77,ms,geckoview,451608655,1861459198,2024-03-21T02:02:41,2801.8,cd39ad6d1934b2a8d659607d5fc0c1f88df011ba,1395495
autoland,4375374,13,92302d37db2c0dde32926e954404b4c8422e3f86,android-hw-a51-11-0-aarch64-shippable-qr,True,False,,|c|o|l|d| |w|e|b|r|e|n|d|e|r|,102210fe594ee9b33d82058545b1ed14f4c8206e,loadtime,imdb,True,imdb loadtime opt cold webrender,,77,ms,geckoview,451623361,1861627298,2024-03-21T06:23:30,2947.2,ed7ada93d4ad18f5c9f613bf5ce8d5f89bdaa140,1395640
autoland,4375374,13,92302d37db2c0dde32926e954404b4c8422e3f86,android-hw-a51-11-0-aarch64-shippable-qr,True,False,,|c|o|l|d| |w|e|b|r|e|n|d|e|r|,102210fe594ee9b33d82058545b1ed14f4c8206e,loadtime,imdb,True,imdb loadtime opt cold webrender,,77,ms,geckoview,451641591,1861898964,2024-03-21T08:38:48,2905.6,335ba8ea2f56243d2cb6a5bc7aa4d0d0f3c415c7,1395685
autoland,4375374,13,92302d37db2c0dde32926e954404b4c8422e3f86,android-hw-a51-11-0-aarch64-shippable-qr,True,False,,|c|o|l|d| |w|e|b|r|e|n|d|e|r|,102210fe594ee9b33d82058545b1ed14f4c8206e,loadtime,imdb,True,imdb loadtime opt cold webrender,,77,ms,geckoview,451691756,1861991278,2024-03-21T12:46:07,2912.1,d90b4451e543266ae9d98982a92dafa311c75db6,1395897
autoland,4375374,13,92302d37db2c0dde32926e954404b4c8422e3f86,android-hw-a51-11-0-aarch64-shippable-qr,True,False,,|c|o|l|d| |w|e|b|r|e|n|d|e|r|,102210fe594ee9b33d82058545b1ed14f4c8206e,loadtime,imdb,True,imdb loadtime opt cold webrender,,77,ms,geckoview,451691801,1862012935,2024-03-21T13:53:06,2888.7,dbfd6042b4d2b3a3b509b22f41276fdfdd6a17b0,1395978
autoland,4375374,13,92302d37db2c0dde32926e954404b4c8422e3f86,android-hw-a51-11-0-aarch64-shippable-qr,True,False,,|c|o|l|d| |w|e|b|r|e|n|d|e|r|,102210fe594ee9b33d82058545b1ed14f4c8206e,loadtime,imdb,True,imdb loadtime opt cold webrender,,77,ms,geckoview,451740734,1862080819,2024-03-21T17:29:27,2813.2,6a09c380e669a377e8254dd93ff3485ae0ec96c4,1396220
autoland,4375374,13,92302d37db2c0dde32926e954404b4c8422e3f86,android-hw-a51-11-0-aarch64-shippable-qr,True,False,,|c|o|l|d| |w|e|b|r|e|n|d|e|r|,102210fe594ee9b33d82058545b1ed14f4c8206e,loadtime,imdb,True,imdb loadtime opt cold webrender,,77,ms,geckoview,451748602,1862156043,2024-03-21T18:47:13,2851.2,c83258a2f5a9fd7b7107508c07827d9aa1a83035,1396360
autoland,4375374,13,92302d37db2c0dde32926e954404b4c8422e3f86,android-hw-a51-11-0-aarch64-shippable-qr,True,False,,|c|o|l|d| |w|e|b|r|e|n|d|e|r|,102210fe594ee9b33d82058545b1ed14f4c8206e,loadtime,imdb,True,imdb loadtime opt cold webrender,,77,ms,geckoview,451772979,1862181682,2024-03-21T21:19:12,2905.1,3e3e5631944ec7d9d81a7c8ca0c3b5998ad044b3,1396573
autoland,4375374,13,92302d37db2c0dde32926e954404b4c8422e3f86,android-hw-a51-11-0-aarch64-shippable-qr,True,False,,|c|o|l|d| |w|e|b|r|e|n|d|e|r|,102210fe594ee9b33d82058545b1ed14f4c8206e,loadtime,imdb,True,imdb loadtime opt cold webrender,,77,ms,geckoview,451831628,1862214087,2024-03-22T02:33:11,2850.5,a64d6cbeaa4f78ec1f700f6123469eb1b3a31608,1396939
autoland,4375374,13,92302d37db2c0dde32926e954404b4c8422e3f86,android-hw-a51-11-0-aarch64-shippable-qr,True,False,,|c|o|l|d| |w|e|b|r|e|n|d|e|r|,102210fe594ee9b33d82058545b1ed14f4c8206e,loadtime,imdb,True,imdb loadtime opt cold webrender,,77,ms,geckoview,451851771,1862321815,2024-03-22T05:34:14,2880.7,5d6efea5e0bbc9c3cb2231d09450c2c7dd045122,1397066
autoland,4375374,13,92302d37db2c0dde32926e954404b4c8422e3f86,android-hw-a51-11-0-aarch64-shippable-qr,True,False,,|c|o|l|d| |w|e|b|r|e|n|d|e|r|,102210fe594ee9b33d82058545b1ed14f4c8206e,loadtime,imdb,True,imdb loadtime opt cold webrender,,77,ms,geckoview,451879436,1862619639,2024-03-22T10:08:21,2888.7,48b19f0a3ca9e2d02e502182cb41095a870c3c30,1397249
autoland,4375374,13,92302d37db2c0dde32926e954404b4c8422e3f86,android-hw-a51-11-0-aarch64-shippable-qr,True,False,,|c|o|l|d| |w|e|b|r|e|n|d|e|r|,102210fe594ee9b33d82058545b1ed14f4c8206e,loadtime,imdb,True,imdb loadtime opt cold webrender,,77,ms,geckoview,451928332,1862690013,2024-03-22T13:22:55,2872.8,640f274ba8d721083e3a62631c1c96e652d0965c,1397337
autoland,4375374,13,92302d37db2c0dde32926e954404b4c8422e3f86,android-hw-a51-11-0-aarch64-shippable-qr,True,False,,|c|o|l|d| |w|e|b|r|e|n|d|e|r|,102210fe594ee9b33d82058545b1ed14f4c8206e,loadtime,imdb,True,imdb loadtime opt cold webrender,,77,ms,geckoview,451953931,1862749662,2024-03-22T17:28:16,2884.5,d12a19660d53686074475ffbbed160cc788ebe05,1397524
autoland,4375374,13,92302d37db2c0dde32926e954404b4c8422e3f86,android-hw-a51-11-0-aarch64-shippable-qr,True,False,,|c|o|l|d| |w|e|b|r|e|n|d|e|r|,102210fe594ee9b33d82058545b1ed14f4c8206e,loadtime,imdb,True,imdb loadtime opt cold webrender,,77,ms,geckoview,451973042,1862843169,2024-03-22T22:43:04,2891.0,a008405a9171acdb92d2997564e16713185f054f,1397682
autoland,4375374,13,92302d37db2c0dde32926e954404b4c8422e3f86,android-hw-a51-11-0-aarch64-shippable-qr,True,False,,|c|o|l|d| |w|e|b|r|e|n|d|e|r|,102210fe594ee9b33d82058545b1ed14f4c8206e,loadtime,imdb,True,imdb loadtime opt cold webrender,,77,ms,geckoview,451984693,1862921996,2024-03-23T04:11:22,2866.8,341c752f9f931ed8ca1220eb7006bdfcd026038e,1397768
autoland,4375374,13,92302d37db2c0dde32926e954404b4c8422e3f86,android-hw-a51-11-0-aarch64-shippable-qr,True,False,,|c|o|l|d| |w|e|b|r|e|n|d|e|r|,102210fe594ee9b33d82058545b1ed14f4c8206e,loadtime,imdb,True,imdb loadtime opt cold webrender,,77,ms,geckoview,451996382,1862972305,2024-03-23T08:45:37,2885.9,7575296d6781e483bc76a289f68623eb548baac4,1397819
autoland,4375374,13,92302d37db2c0dde32926e954404b4c8422e3f86,android-hw-a51-11-0-aarch64-shippable-qr,True,False,,|c|o|l|d| |w|e|b|r|e|n|d|e|r|,102210fe594ee9b33d82058545b1ed14f4c8206e,loadtime,imdb,True,imdb loadtime opt cold webrender,,77,ms,geckoview,452019415,1863055228,2024-03-23T13:51:59,2897.0,47e43ed2bb6cad873900cd00ccf834a51f3dfe83,1397843
autoland,4375374,13,92302d37db2c0dde32926e954404b4c8422e3f86,android-hw-a51-11-0-aarch64-shippable-qr,True,False,,|c|o|l|d| |w|e|b|r|e|n|d|e|r|,102210fe594ee9b33d82058545b1ed14f4c8206e,loadtime,imdb,True,imdb loadtime opt cold webrender,,77,ms,geckoview,452029660,1863094291,2024-03-23T18:44:13,2841.0,69c342123c6fdb9190169823dd12a42a77559b9f,1397871
autoland,4375374,13,92302d37db2c0dde32926e954404b4c8422e3f86,android-hw-a51-11-0-aarch64-shippable-qr,True,False,,|c|o|l|d| |w|e|b|r|e|n|d|e|r|,102210fe594ee9b33d82058545b1ed14f4c8206e,loadtime,imdb,True,imdb loadtime opt cold webrender,,77,ms,geckoview,452047365,1863165687,2024-03-24T00:54:50,3664.7,c43bc8bba8a808b2f5005002f96936afa3697b34,1397899
autoland,4375374,13,92302d37db2c0dde32926e954404b4c8422e3f86,android-hw-a51-11-0-aarch64-shippable-qr,True,False,,|c|o|l|d| |w|e|b|r|e|n|d|e|r|,102210fe594ee9b33d82058545b1ed14f4c8206e,loadtime,imdb,True,imdb loadtime opt cold webrender,,77,ms,geckoview,452053354,1863221950,2024-03-24T07:02:41,2872.0,fa1b327e74e89e08f7fff24dbb35f11e48736aab,1397916
autoland,4375374,13,92302d37db2c0dde32926e954404b4c8422e3f86,android-hw-a51-11-0-aarch64-shippable-qr,True,False,,|c|o|l|d| |w|e|b|r|e|n|d|e|r|,102210fe594ee9b33d82058545b1ed14f4c8206e,loadtime,imdb,True,imdb loadtime opt cold webrender,,77,ms,geckoview,452078650,1863306212,2024-03-24T11:13:54,2868.2,f0597fea22797603c0e45ec1c43433afa5ed6dcd,1397937
autoland,4375374,13,92302d37db2c0dde32926e954404b4c8422e3f86,android-hw-a51-11-0-aarch64-shippable-qr,True,False,,|c|o|l|d| |w|e|b|r|e|n|d|e|r|,102210fe594ee9b33d82058545b1ed14f4c8206e,loadtime,imdb,True,imdb loadtime opt cold webrender,,77,ms,geckoview,452092842,1863358376,2024-03-24T18:59:17,2892.0,6ec4249c788c48dc30dfb8737228af711e49fde2,1397954
autoland,4375374,13,92302d37db2c0dde32926e954404b4c8422e3f86,android-hw-a51-11-0-aarch64-shippable-qr,True,False,,|c|o|l|d| |w|e|b|r|e|n|d|e|r|,102210fe594ee9b33d82058545b1ed14f4c8206e,loadtime,imdb,True,imdb loadtime opt cold webrender,,77,ms,geckoview,452104054,1863401040,2024-03-24T23:02:44,3894.5,f16b84d2aab6142f8b4fd6de574e96c2f551ebc7,1397973
autoland,4375374,13,92302d37db2c0dde32926e954404b4c8422e3f86,android-hw-a51-11-0-aarch64-shippable-qr,True,False,,|c|o|l|d| |w|e|b|r|e|n|d|e|r|,102210fe594ee9b33d82058545b1ed14f4c8206e,loadtime,imdb,True,imdb loadtime opt cold webrender,,77,ms,geckoview,452115628,1863462970,2024-03-25T03:31:22,2914.9,19d905446a32ebc5b281e61c8ee49718ee784a25,1397989
autoland,4375374,13,92302d37db2c0dde32926e954404b4c8422e3f86,android-hw-a51-11-0-aarch64-shippable-qr,True,False,,|c|o|l|d| |w|e|b|r|e|n|d|e|r|,102210fe594ee9b33d82058545b1ed14f4c8206e,loadtime,imdb,True,imdb loadtime opt cold webrender,,77,ms,geckoview,452136117,1863611966,2024-03-25T08:43:58,2837.2,db7773c959d542b2327b7158f769c657e46e2992,1398035
autoland,4375374,13,92302d37db2c0dde32926e954404b4c8422e3f86,android-hw-a51-11-0-aarch64-shippable-qr,True,False,,|c|o|l|d| |w|e|b|r|e|n|d|e|r|,102210fe594ee9b33d82058545b1ed14f4c8206e,loadtime,imdb,True,imdb loadtime opt cold webrender,,77,ms,geckoview,452137575,1863724153,2024-03-25T09:25:18,2965.3,71c813e27dff32e4664eb9116e60097837485bfb,1398057
autoland,4375374,13,92302d37db2c0dde32926e954404b4c8422e3f86,android-hw-a51-11-0-aarch64-shippable-qr,True,False,,|c|o|l|d| |w|e|b|r|e|n|d|e|r|,102210fe594ee9b33d82058545b1ed14f4c8206e,loadtime,imdb,True,imdb loadtime opt cold webrender,,77,ms,geckoview,452190892,1863913950,2024-03-25T13:40:37,2916.2,5969005dae85cc8ac486b2f0bdbb7454b660f252,1398214
autoland,4375374,13,92302d37db2c0dde32926e954404b4c8422e3f86,android-hw-a51-11-0-aarch64-shippable-qr,True,False,,|c|o|l|d| |w|e|b|r|e|n|d|e|r|,102210fe594ee9b33d82058545b1ed14f4c8206e,loadtime,imdb,True,imdb loadtime opt cold webrender,,77,ms,geckoview,452192611,1863961911,2024-03-25T14:05:55,2839.2,19dcff1ee3fcbb431110e0639c80a3ba51ee0a34,1398235
autoland,4375374,13,92302d37db2c0dde32926e954404b4c8422e3f86,android-hw-a51-11-0-aarch64-shippable-qr,True,False,,|c|o|l|d| |w|e|b|r|e|n|d|e|r|,102210fe594ee9b33d82058545b1ed14f4c8206e,loadtime,imdb,True,imdb loadtime opt cold webrender,,77,ms,geckoview,452213936,1864009069,2024-03-25T17:00:38,4011.5,9b5934ed0d6138133e3cab84d859a8e38bd43683,1398374
autoland,4375374,13,92302d37db2c0dde32926e954404b4c8422e3f86,android-hw-a51-11-0-aarch64-shippable-qr,True,False,,|c|o|l|d| |w|e|b|r|e|n|d|e|r|,102210fe594ee9b33d82058545b1ed14f4c8206e,loadtime,imdb,True,imdb loadtime opt cold webrender,,77,ms,geckoview,452245455,1864028321,2024-03-25T20:16:40,3112.0,05ef22f3485b9acca72235e56c8e11abea982310,1398545
autoland,4375374,13,92302d37db2c0dde32926e954404b4c8422e3f86,android-hw-a51-11-0-aarch64-shippable-qr,True,False,,|c|o|l|d| |w|e|b|r|e|n|d|e|r|,102210fe594ee9b33d82058545b1ed14f4c8206e,loadtime,imdb,True,imdb loadtime opt cold webrender,,77,ms,geckoview,452273413,1864104793,2024-03-26T00:18:31,5881.6,af6fe1ffacb6272ced1d27e874f376c671a19461,1398725
autoland,4375374,13,92302d37db2c0dde32926e954404b4c8422e3f86,android-hw-a51-11-0-aarch64-shippable-qr,True,False,,|c|o|l|d| |w|e|b|r|e|n|d|e|r|,102210fe594ee9b33d82058545b1ed14f4c8206e,loadtime,imdb,True,imdb loadtime opt cold webrender,,77,ms,geckoview,452283750,1864127989,2024-03-26T01:24:19,2872.9,f0c093accca57074b185d7b3a5a76937ae8c57ed,1398741
autoland,4375374,13,92302d37db2c0dde32926e954404b4c8422e3f86,android-hw-a51-11-0-aarch64-shippable-qr,True,False,,|c|o|l|d| |w|e|b|r|e|n|d|e|r|,102210fe594ee9b33d82058545b1ed14f4c8206e,loadtime,imdb,True,imdb loadtime opt cold webrender,,77,ms,geckoview,452303083,1864260013,2024-03-26T06:19:49,2860.0,f76227b1c05f51b70e7d261e993b5cfa5fd8ee70,1398803
autoland,4375374,13,92302d37db2c0dde32926e954404b4c8422e3f86,android-hw-a51-11-0-aarch64-shippable-qr,True,False,,|c|o|l|d| |w|e|b|r|e|n|d|e|r|,102210fe594ee9b33d82058545b1ed14f4c8206e,loadtime,imdb,True,imdb loadtime opt cold webrender,,77,ms,geckoview,452320560,1864316392,2024-03-26T09:05:54,2924.9,e02aed8fb19856047df1d2cb7de887404e2b6956,1398850
autoland,4375374,13,92302d37db2c0dde32926e954404b4c8422e3f86,android-hw-a51-11-0-aarch64-shippable-qr,True,False,,|c|o|l|d| |w|e|b|r|e|n|d|e|r|,102210fe594ee9b33d82058545b1ed14f4c8206e,loadtime,imdb,True,imdb loadtime opt cold webrender,,77,ms,geckoview,452349385,1864417057,2024-03-26T12:57:56,2806.9,8bfc3595e66f8c45af3a35d0489015d7522799d3,1398965
autoland,4375374,13,92302d37db2c0dde32926e954404b4c8422e3f86,android-hw-a51-11-0-aarch64-shippable-qr,True,False,,|c|o|l|d| |w|e|b|r|e|n|d|e|r|,102210fe594ee9b33d82058545b1ed14f4c8206e,loadtime,imdb,True,imdb loadtime opt cold webrender,,77,ms,geckoview,452382761,1864569628,2024-03-26T16:59:38,2927.0,a95909edf99f57b3e1ff98f748fd9e2ff57447da,1399161
autoland,4375374,13,92302d37db2c0dde32926e954404b4c8422e3f86,android-hw-a51-11-0-aarch64-shippable-qr,True,False,,|c|o|l|d| |w|e|b|r|e|n|d|e|r|,102210fe594ee9b33d82058545b1ed14f4c8206e,loadtime,imdb,True,imdb loadtime opt cold webrender,,77,ms,geckoview,452389963,1864595088,2024-03-26T17:44:32,2951.7,a93eeb987e4a1e533ac94ec0d1703c6f9b52b9ef,1399196
autoland,4375374,13,92302d37db2c0dde32926e954404b4c8422e3f86,android-hw-a51-11-0-aarch64-shippable-qr,True,False,,|c|o|l|d| |w|e|b|r|e|n|d|e|r|,102210fe594ee9b33d82058545b1ed14f4c8206e,loadtime,imdb,True,imdb loadtime opt cold webrender,,77,ms,geckoview,452406144,1864680230,2024-03-26T19:19:03,2798.2,dfd96ba0e09153e6f98c22d8adcaf944059434ac,1399261
autoland,4375374,13,92302d37db2c0dde32926e954404b4c8422e3f86,android-hw-a51-11-0-aarch64-shippable-qr,True,False,,|c|o|l|d| |w|e|b|r|e|n|d|e|r|,102210fe594ee9b33d82058545b1ed14f4c8206e,loadtime,imdb,True,imdb loadtime opt cold webrender,,77,ms,geckoview,452435752,1864771014,2024-03-26T22:59:31,2887.7,babb5943701ffb0ddb6991106d28f73ad2061bb6,1399480
autoland,4375374,13,92302d37db2c0dde32926e954404b4c8422e3f86,android-hw-a51-11-0-aarch64-shippable-qr,True,False,,|c|o|l|d| |w|e|b|r|e|n|d|e|r|,102210fe594ee9b33d82058545b1ed14f4c8206e,loadtime,imdb,True,imdb loadtime opt cold webrender,,77,ms,geckoview,452463873,1864900689,2024-03-27T06:25:00,2889.0,1e79b6199559c2d8acfccdb5e9d5bc62033e6c15,1399622
autoland,4375374,13,92302d37db2c0dde32926e954404b4c8422e3f86,android-hw-a51-11-0-aarch64-shippable-qr,True,False,,|c|o|l|d| |w|e|b|r|e|n|d|e|r|,102210fe594ee9b33d82058545b1ed14f4c8206e,loadtime,imdb,True,imdb loadtime opt cold webrender,,77,ms,geckoview,452493149,1865150058,2024-03-27T09:31:11,2851.9,7f2993771f48536c575137e4b51984ab6d3de136,1399694
autoland,4375374,13,92302d37db2c0dde32926e954404b4c8422e3f86,android-hw-a51-11-0-aarch64-shippable-qr,True,False,,|c|o|l|d| |w|e|b|r|e|n|d|e|r|,102210fe594ee9b33d82058545b1ed14f4c8206e,loadtime,imdb,True,imdb loadtime opt cold webrender,,77,ms,geckoview,452533944,1865237456,2024-03-27T13:38:48,2882.2,bc7ca80e302a788b0c3cc63cb148c628351b4946,1399827
autoland,4375374,13,92302d37db2c0dde32926e954404b4c8422e3f86,android-hw-a51-11-0-aarch64-shippable-qr,True,False,,|c|o|l|d| |w|e|b|r|e|n|d|e|r|,102210fe594ee9b33d82058545b1ed14f4c8206e,loadtime,imdb,True,imdb loadtime opt cold webrender,,77,ms,geckoview,452548013,1865286025,2024-03-27T15:45:41,2870.2,f8ac03b3c764017d5704deed413c8d35c99978fd,1399897
autoland,4375374,13,92302d37db2c0dde32926e954404b4c8422e3f86,android-hw-a51-11-0-aarch64-shippable-qr,True,False,,|c|o|l|d| |w|e|b|r|e|n|d|e|r|,102210fe594ee9b33d82058545b1ed14f4c8206e,loadtime,imdb,True,imdb loadtime opt cold webrender,,77,ms,geckoview,452563725,1865387797,2024-03-27T17:44:07,2890.0,5937312af5ae37b411939c2dcddbf6072d8d9cfc,1400012
autoland,4375374,13,92302d37db2c0dde32926e954404b4c8422e3f86,android-hw-a51-11-0-aarch64-shippable-qr,True,False,,|c|o|l|d| |w|e|b|r|e|n|d|e|r|,102210fe594ee9b33d82058545b1ed14f4c8206e,loadtime,imdb,True,imdb loadtime opt cold webrender,,77,ms,geckoview,452582525,1865455550,2024-03-27T20:37:25,2871.8,43066dd9b4e30f4504495c65e0ca1dfe5bb620e1,1400142
autoland,4375374,13,92302d37db2c0dde32926e954404b4c8422e3f86,android-hw-a51-11-0-aarch64-shippable-qr,True,False,,|c|o|l|d| |w|e|b|r|e|n|d|e|r|,102210fe594ee9b33d82058545b1ed14f4c8206e,loadtime,imdb,True,imdb loadtime opt cold webrender,,77,ms,geckoview,452621217,1865546563,2024-03-28T01:10:01,2862.6,b1cc62489fae8d475f67dec2d9abdf69e2d47614,1400291
autoland,4375374,13,92302d37db2c0dde32926e954404b4c8422e3f86,android-hw-a51-11-0-aarch64-shippable-qr,True,False,,|c|o|l|d| |w|e|b|r|e|n|d|e|r|,102210fe594ee9b33d82058545b1ed14f4c8206e,loadtime,imdb,True,imdb loadtime opt cold webrender,,77,ms,geckoview,452663361,1865738303,2024-03-28T09:47:39,2863.6,1e7411c6b6399b5f5595f99e8d08576e473af625,1400442
autoland,4375374,13,92302d37db2c0dde32926e954404b4c8422e3f86,android-hw-a51-11-0-aarch64-shippable-qr,True,False,,|c|o|l|d| |w|e|b|r|e|n|d|e|r|,102210fe594ee9b33d82058545b1ed14f4c8206e,loadtime,imdb,True,imdb loadtime opt cold webrender,,77,ms,geckoview,452664510,1865756708,2024-03-28T10:32:02,2890.8,55aaac6352fb1fbc44f600408b2bd5a63b4ae440,1400466
autoland,4375374,13,92302d37db2c0dde32926e954404b4c8422e3f86,android-hw-a51-11-0-aarch64-shippable-qr,True,False,,|c|o|l|d| |w|e|b|r|e|n|d|e|r|,102210fe594ee9b33d82058545b1ed14f4c8206e,loadtime,imdb,True,imdb loadtime opt cold webrender,,77,ms,geckoview,452702823,1866137005,2024-03-28T14:53:03,2847.5,1c98db62bb1a20d26f812d28d86672158450e71c,1400606
autoland,4375374,13,92302d37db2c0dde32926e954404b4c8422e3f86,android-hw-a51-11-0-aarch64-shippable-qr,True,False,,|c|o|l|d| |w|e|b|r|e|n|d|e|r|,102210fe594ee9b33d82058545b1ed14f4c8206e,loadtime,imdb,True,imdb loadtime opt cold webrender,,77,ms,geckoview,452702742,1866118254,2024-03-28T15:08:02,2886.6,2b1a58a2fa54e47a357b20bda28512cebd79f732,1400620
autoland,4375374,13,92302d37db2c0dde32926e954404b4c8422e3f86,android-hw-a51-11-0-aarch64-shippable-qr,True,False,,|c|o|l|d| |w|e|b|r|e|n|d|e|r|,102210fe594ee9b33d82058545b1ed14f4c8206e,loadtime,imdb,True,imdb loadtime opt cold webrender,,77,ms,geckoview,452728755,1866165759,2024-03-28T19:06:21,2851.4,b9f38a3edd45f19c8f1f0e6f96e11dea269f3399,1400789
autoland,4375374,13,92302d37db2c0dde32926e954404b4c8422e3f86,android-hw-a51-11-0-aarch64-shippable-qr,True,False,,|c|o|l|d| |w|e|b|r|e|n|d|e|r|,102210fe594ee9b33d82058545b1ed14f4c8206e,loadtime,imdb,True,imdb loadtime opt cold webrender,,77,ms,geckoview,452760585,1866220027,2024-03-28T23:11:00,2869.2,8b46ddebfb7e99c2dd8d13182e11398381eda976,1400928
autoland,4375374,13,92302d37db2c0dde32926e954404b4c8422e3f86,android-hw-a51-11-0-aarch64-shippable-qr,True,False,,|c|o|l|d| |w|e|b|r|e|n|d|e|r|,102210fe594ee9b33d82058545b1ed14f4c8206e,loadtime,imdb,True,imdb loadtime opt cold webrender,,77,ms,geckoview,452762128,1866238500,2024-03-29T00:03:22,2925.7,28b4eaeb70285be21ee6612c4e891e41c7949b68,1400956
autoland,4375374,13,92302d37db2c0dde32926e954404b4c8422e3f86,android-hw-a51-11-0-aarch64-shippable-qr,True,False,,|c|o|l|d| |w|e|b|r|e|n|d|e|r|,102210fe594ee9b33d82058545b1ed14f4c8206e,loadtime,imdb,True,imdb loadtime opt cold webrender,,77,ms,geckoview,452777489,1866378860,2024-03-29T04:27:46,2874.1,4120fb3d12f57159ca2e6809f555312e00adda5d,1401028
autoland,4375374,13,92302d37db2c0dde32926e954404b4c8422e3f86,android-hw-a51-11-0-aarch64-shippable-qr,True,False,,|c|o|l|d| |w|e|b|r|e|n|d|e|r|,102210fe594ee9b33d82058545b1ed14f4c8206e,loadtime,imdb,True,imdb loadtime opt cold webrender,,77,ms,geckoview,452833872,1866396741,2024-03-29T12:22:16,2859.7,39124d8575b2fb025ca7fd37b91e052f28e88e67,1401116
autoland,4375374,13,92302d37db2c0dde32926e954404b4c8422e3f86,android-hw-a51-11-0-aarch64-shippable-qr,True,False,,|c|o|l|d| |w|e|b|r|e|n|d|e|r|,102210fe594ee9b33d82058545b1ed14f4c8206e,loadtime,imdb,True,imdb loadtime opt cold webrender,,77,ms,geckoview,452853406,1866450990,2024-03-29T16:11:04,2858.1,33becba24b3c497daf0c1180e5c659ed3cc9028c,1401211
autoland,4375374,13,92302d37db2c0dde32926e954404b4c8422e3f86,android-hw-a51-11-0-aarch64-shippable-qr,True,False,,|c|o|l|d| |w|e|b|r|e|n|d|e|r|,102210fe594ee9b33d82058545b1ed14f4c8206e,loadtime,imdb,True,imdb loadtime opt cold webrender,,77,ms,geckoview,452879410,1866561334,2024-03-29T20:24:43,2792.3,dd4f0b5931701d3aa7f7ed94fd3ba8c45816316c,1401326
autoland,4375374,13,92302d37db2c0dde32926e954404b4c8422e3f86,android-hw-a51-11-0-aarch64-shippable-qr,True,False,,|c|o|l|d| |w|e|b|r|e|n|d|e|r|,102210fe594ee9b33d82058545b1ed14f4c8206e,loadtime,imdb,True,imdb loadtime opt cold webrender,,77,ms,geckoview,452901226,1866687524,2024-03-30T04:38:25,2853.8,2fe1ab05c8fa00d73df88b20df9bc87301a46d46,1401437
autoland,4375374,13,92302d37db2c0dde32926e954404b4c8422e3f86,android-hw-a51-11-0-aarch64-shippable-qr,True,False,,|c|o|l|d| |w|e|b|r|e|n|d|e|r|,102210fe594ee9b33d82058545b1ed14f4c8206e,loadtime,imdb,True,imdb loadtime opt cold webrender,,77,ms,geckoview,452910105,1866739435,2024-03-30T08:43:08,2826.1,3e1a0031f44e72f557f0ec79cf8423168b952d80,1401445
autoland,4375374,13,92302d37db2c0dde32926e954404b4c8422e3f86,android-hw-a51-11-0-aarch64-shippable-qr,True,False,,|c|o|l|d| |w|e|b|r|e|n|d|e|r|,102210fe594ee9b33d82058545b1ed14f4c8206e,loadtime,imdb,True,imdb loadtime opt cold webrender,,77,ms,geckoview,452935206,1866823626,2024-03-30T16:23:17,2936.6,dea770591ed30035f88966bbf45cbbcc6557cdcc,1401476
autoland,4375374,13,92302d37db2c0dde32926e954404b4c8422e3f86,android-hw-a51-11-0-aarch64-shippable-qr,True,False,,|c|o|l|d| |w|e|b|r|e|n|d|e|r|,102210fe594ee9b33d82058545b1ed14f4c8206e,loadtime,imdb,True,imdb loadtime opt cold webrender,,77,ms,geckoview,452939934,1866847825,2024-03-30T17:37:54,2914.3,d7916bbe3cb4118dd9464ef3af064b13b3b0d0c4,1401479
autoland,4375374,13,92302d37db2c0dde32926e954404b4c8422e3f86,android-hw-a51-11-0-aarch64-shippable-qr,True,False,,|c|o|l|d| |w|e|b|r|e|n|d|e|r|,102210fe594ee9b33d82058545b1ed14f4c8206e,loadtime,imdb,True,imdb loadtime opt cold webrender,,77,ms,geckoview,452966702,1866934382,2024-03-31T07:04:36,2825.4,579426b2f39c365731042d79d87533ac3f616461,1401509
autoland,4375374,13,92302d37db2c0dde32926e954404b4c8422e3f86,android-hw-a51-11-0-aarch64-shippable-qr,True,False,,|c|o|l|d| |w|e|b|r|e|n|d|e|r|,102210fe594ee9b33d82058545b1ed14f4c8206e,loadtime,imdb,True,imdb loadtime opt cold webrender,,77,ms,geckoview,452989843,1867024944,2024-03-31T14:47:20,2836.6,dfc3fd176c4fcd62b5a28dcfedea3c509f24ebf5,1401533
autoland,4375374,13,92302d37db2c0dde32926e954404b4c8422e3f86,android-hw-a51-11-0-aarch64-shippable-qr,True,False,,|c|o|l|d| |w|e|b|r|e|n|d|e|r|,102210fe594ee9b33d82058545b1ed14f4c8206e,loadtime,imdb,True,imdb loadtime opt cold webrender,,77,ms,geckoview,452995017,1867051788,2024-03-31T19:03:22,2876.6,334eacacff83840ceed0bb2077c0a2a527e491a5,1401545
autoland,4375374,13,92302d37db2c0dde32926e954404b4c8422e3f86,android-hw-a51-11-0-aarch64-shippable-qr,True,False,,|c|o|l|d| |w|e|b|r|e|n|d|e|r|,102210fe594ee9b33d82058545b1ed14f4c8206e,loadtime,imdb,True,imdb loadtime opt cold webrender,,77,ms,geckoview,453015325,1867135469,2024-04-01T07:03:36,2929.3,5d97e037b69610f99c35f4bbd65d27bafc5605fc,1401600
autoland,4375374,13,92302d37db2c0dde32926e954404b4c8422e3f86,android-hw-a51-11-0-aarch64-shippable-qr,True,False,,|c|o|l|d| |w|e|b|r|e|n|d|e|r|,102210fe594ee9b33d82058545b1ed14f4c8206e,loadtime,imdb,True,imdb loadtime opt cold webrender,,77,ms,geckoview,453041928,1867225079,2024-04-01T11:30:18,2883.9,9546c05d8f57091e5d3e12129a49f11b8b027da7,1401661
autoland,4375374,13,92302d37db2c0dde32926e954404b4c8422e3f86,android-hw-a51-11-0-aarch64-shippable-qr,True,False,,|c|o|l|d| |w|e|b|r|e|n|d|e|r|,102210fe594ee9b33d82058545b1ed14f4c8206e,loadtime,imdb,True,imdb loadtime opt cold webrender,,77,ms,geckoview,453063707,1867264277,2024-04-01T13:16:41,2813.6,26157b52a8c30d72d8e065cc4a8286633ee85b63,1401687
autoland,4375374,13,92302d37db2c0dde32926e954404b4c8422e3f86,android-hw-a51-11-0-aarch64-shippable-qr,True,False,,|c|o|l|d| |w|e|b|r|e|n|d|e|r|,102210fe594ee9b33d82058545b1ed14f4c8206e,loadtime,imdb,True,imdb loadtime opt cold webrender,,77,ms,geckoview,453087413,1867336014,2024-04-01T17:19:53,2922.3,cdd16ab5df10333f1a1eb637ecf2692e15271d17,1401785
autoland,4375374,13,92302d37db2c0dde32926e954404b4c8422e3f86,android-hw-a51-11-0-aarch64-shippable-qr,True,False,,|c|o|l|d| |w|e|b|r|e|n|d|e|r|,102210fe594ee9b33d82058545b1ed14f4c8206e,loadtime,imdb,True,imdb loadtime opt cold webrender,,77,ms,geckoview,453095168,1867378825,2024-04-01T18:19:29,4687.4,57354c5689ef8a5f598978d912570706445e1034,1401826
autoland,4375374,13,92302d37db2c0dde32926e954404b4c8422e3f86,android-hw-a51-11-0-aarch64-shippable-qr,True,False,,|c|o|l|d| |w|e|b|r|e|n|d|e|r|,102210fe594ee9b33d82058545b1ed14f4c8206e,loadtime,imdb,True,imdb loadtime opt cold webrender,,77,ms,geckoview,453136711,1867546689,2024-04-01T22:35:55,2911.0,13111643fbf4557d26174a12b2cde1954182b0ab,1402004
autoland,4375374,13,92302d37db2c0dde32926e954404b4c8422e3f86,android-hw-a51-11-0-aarch64-shippable-qr,True,False,,|c|o|l|d| |w|e|b|r|e|n|d|e|r|,102210fe594ee9b33d82058545b1ed14f4c8206e,loadtime,imdb,True,imdb loadtime opt cold webrender,,77,ms,geckoview,453135380,1867514810,2024-04-01T22:39:43,2881.5,e7ec5d35ae0d80f4a77b6705e1a393c637da672e,1402007
autoland,4375374,13,92302d37db2c0dde32926e954404b4c8422e3f86,android-hw-a51-11-0-aarch64-shippable-qr,True,False,,|c|o|l|d| |w|e|b|r|e|n|d|e|r|,102210fe594ee9b33d82058545b1ed14f4c8206e,loadtime,imdb,True,imdb loadtime opt cold webrender,,77,ms,geckoview,453150519,1867608466,2024-04-02T04:32:43,3042.0,de086751acb845c252c37aab95a7e6b265df39a6,1402085
autoland,4375374,13,92302d37db2c0dde32926e954404b4c8422e3f86,android-hw-a51-11-0-aarch64-shippable-qr,True,False,,|c|o|l|d| |w|e|b|r|e|n|d|e|r|,102210fe594ee9b33d82058545b1ed14f4c8206e,loadtime,imdb,True,imdb loadtime opt cold webrender,,77,ms,geckoview,453172492,1867685006,2024-04-02T08:47:33,2984.3,4df6842cb470c27ca949eaaa6d3a9b6b37d9c8fe,1402179
autoland,4375374,13,92302d37db2c0dde32926e954404b4c8422e3f86,android-hw-a51-11-0-aarch64-shippable-qr,True,False,,|c|o|l|d| |w|e|b|r|e|n|d|e|r|,102210fe594ee9b33d82058545b1ed14f4c8206e,loadtime,imdb,True,imdb loadtime opt cold webrender,,77,ms,geckoview,453173127,1867703211,2024-04-02T08:57:49,2867.2,52bb75377d06cfb305446ca966c7526c9c9729c7,1402180
autoland,4375374,13,92302d37db2c0dde32926e954404b4c8422e3f86,android-hw-a51-11-0-aarch64-shippable-qr,True,False,,|c|o|l|d| |w|e|b|r|e|n|d|e|r|,102210fe594ee9b33d82058545b1ed14f4c8206e,loadtime,imdb,True,imdb loadtime opt cold webrender,,77,ms,geckoview,453215180,1867934039,2024-04-02T13:00:14,3352.6,1eb7fb5dab3b7003052fa7fa8e85566bd5fa2a73,1402287
autoland,4375374,13,92302d37db2c0dde32926e954404b4c8422e3f86,android-hw-a51-11-0-aarch64-shippable-qr,True,False,,|c|o|l|d| |w|e|b|r|e|n|d|e|r|,102210fe594ee9b33d82058545b1ed14f4c8206e,loadtime,imdb,True,imdb loadtime opt cold webrender,,77,ms,geckoview,453218428,1867952787,2024-04-02T13:21:01,2829.9,083657141f799bed9b0e401403d144e76c1f3c63,1402293
autoland,4375374,13,92302d37db2c0dde32926e954404b4c8422e3f86,android-hw-a51-11-0-aarch64-shippable-qr,True,False,,|c|o|l|d| |w|e|b|r|e|n|d|e|r|,102210fe594ee9b33d82058545b1ed14f4c8206e,loadtime,imdb,True,imdb loadtime opt cold webrender,,77,ms,geckoview,453239709,1867987438,2024-04-02T16:51:17,2877.5,b1212fb9438edc5930a3e8228dd52ff3c068031c,1402473
autoland,4375374,13,92302d37db2c0dde32926e954404b4c8422e3f86,android-hw-a51-11-0-aarch64-shippable-qr,True,False,,|c|o|l|d| |w|e|b|r|e|n|d|e|r|,102210fe594ee9b33d82058545b1ed14f4c8206e,loadtime,imdb,True,imdb loadtime opt cold webrender,,77,ms,geckoview,453260404,1868050286,2024-04-02T20:58:38,2816.1,96cda2b1a568a48c3d201417fa49e8fc852ef641,1402671
autoland,4375374,13,92302d37db2c0dde32926e954404b4c8422e3f86,android-hw-a51-11-0-aarch64-shippable-qr,True,False,,|c|o|l|d| |w|e|b|r|e|n|d|e|r|,102210fe594ee9b33d82058545b1ed14f4c8206e,loadtime,imdb,True,imdb loadtime opt cold webrender,,77,ms,geckoview,453278581,1868119276,2024-04-02T23:14:01,2881.3,bfdc9733f80bab4558cf720975c00e2658b9b8c0,1402759
autoland,4375374,13,92302d37db2c0dde32926e954404b4c8422e3f86,android-hw-a51-11-0-aarch64-shippable-qr,True,False,,|c|o|l|d| |w|e|b|r|e|n|d|e|r|,102210fe594ee9b33d82058545b1ed14f4c8206e,loadtime,imdb,True,imdb loadtime opt cold webrender,,77,ms,geckoview,453285488,1868145691,2024-04-03T02:01:46,2959.6,e9a6b1d9b2360abbda7261a5e023f1fdfaf1fbc4,1402833
autoland,4375374,13,92302d37db2c0dde32926e954404b4c8422e3f86,android-hw-a51-11-0-aarch64-shippable-qr,True,False,,|c|o|l|d| |w|e|b|r|e|n|d|e|r|,102210fe594ee9b33d82058545b1ed14f4c8206e,loadtime,imdb,True,imdb loadtime opt cold webrender,,77,ms,geckoview,453304756,1868246183,2024-04-03T06:21:18,2851.4,c720e2e99bf375c24b09c0a1415f15ba911c56ce,1402898
autoland,4375374,13,92302d37db2c0dde32926e954404b4c8422e3f86,android-hw-a51-11-0-aarch64-shippable-qr,True,False,,|c|o|l|d| |w|e|b|r|e|n|d|e|r|,102210fe594ee9b33d82058545b1ed14f4c8206e,loadtime,imdb,True,imdb loadtime opt cold webrender,,77,ms,geckoview,453317642,1868301711,2024-04-03T08:00:33,2858.2,8c92b17c7b2805a83d5a80fa103b82ae132d8320,1402944
autoland,4375374,13,92302d37db2c0dde32926e954404b4c8422e3f86,android-hw-a51-11-0-aarch64-shippable-qr,True,False,,|c|o|l|d| |w|e|b|r|e|n|d|e|r|,102210fe594ee9b33d82058545b1ed14f4c8206e,loadtime,imdb,True,imdb loadtime opt cold webrender,,77,ms,geckoview,453352881,1868391510,2024-04-03T12:19:12,2875.3,81ea9950a766d85ced5d1db992689422649c3b26,1403087
autoland,4375374,13,92302d37db2c0dde32926e954404b4c8422e3f86,android-hw-a51-11-0-aarch64-shippable-qr,True,False,,|c|o|l|d| |w|e|b|r|e|n|d|e|r|,102210fe594ee9b33d82058545b1ed14f4c8206e,loadtime,imdb,True,imdb loadtime opt cold webrender,,77,ms,geckoview,453379610,1868478732,2024-04-03T15:08:48,2832.8,31ead35d5981bb6a0da919643013edfb0b8934b6,1403194
autoland,4375374,13,92302d37db2c0dde32926e954404b4c8422e3f86,android-hw-a51-11-0-aarch64-shippable-qr,True,False,,|c|o|l|d| |w|e|b|r|e|n|d|e|r|,102210fe594ee9b33d82058545b1ed14f4c8206e,loadtime,imdb,True,imdb loadtime opt cold webrender,,77,ms,geckoview,453400064,1868554128,2024-04-03T19:17:19,2899.7,26f475fb8d5ae5cb0b3bd5fb9d77aa7fc2df2665,1403406
autoland,4375374,13,92302d37db2c0dde32926e954404b4c8422e3f86,android-hw-a51-11-0-aarch64-shippable-qr,True,False,,|c|o|l|d| |w|e|b|r|e|n|d|e|r|,102210fe594ee9b33d82058545b1ed14f4c8206e,loadtime,imdb,True,imdb loadtime opt cold webrender,,77,ms,geckoview,453421337,1868630964,2024-04-03T23:35:22,2844.8,aedb2756de7fa4089d89d53f49a007290003d58d,1403575
autoland,4375374,13,92302d37db2c0dde32926e954404b4c8422e3f86,android-hw-a51-11-0-aarch64-shippable-qr,True,False,,|c|o|l|d| |w|e|b|r|e|n|d|e|r|,102210fe594ee9b33d82058545b1ed14f4c8206e,loadtime,imdb,True,imdb loadtime opt cold webrender,,77,ms,geckoview,453448951,1868732937,2024-04-04T04:04:35,2831.2,f2360b4c9b8a110f0b1c40841a767a47da5b85be,1403674
autoland,4375374,13,92302d37db2c0dde32926e954404b4c8422e3f86,android-hw-a51-11-0-aarch64-shippable-qr,True,False,,|c|o|l|d| |w|e|b|r|e|n|d|e|r|,102210fe594ee9b33d82058545b1ed14f4c8206e,loadtime,imdb,True,imdb loadtime opt cold webrender,,77,ms,geckoview,453476098,1868875899,2024-04-04T08:28:09,2821.2,08ea8edc42ee204a4f50aae52417198c7a11d742,1403757
autoland,4375374,13,92302d37db2c0dde32926e954404b4c8422e3f86,android-hw-a51-11-0-aarch64-shippable-qr,True,False,,|c|o|l|d| |w|e|b|r|e|n|d|e|r|,102210fe594ee9b33d82058545b1ed14f4c8206e,loadtime,imdb,True,imdb loadtime opt cold webrender,,77,ms,geckoview,453511341,1869024757,2024-04-04T12:29:27,2837.5,a260c2683052c9aa36748f1ded4e99c0d2bcf63e,1403877
autoland,4375374,13,92302d37db2c0dde32926e954404b4c8422e3f86,android-hw-a51-11-0-aarch64-shippable-qr,True,False,,|c|o|l|d| |w|e|b|r|e|n|d|e|r|,102210fe594ee9b33d82058545b1ed14f4c8206e,loadtime,imdb,True,imdb loadtime opt cold webrender,,77,ms,geckoview,453539268,1869122998,2024-04-04T15:41:47,2850.2,e633b6ff34e81c89b87f1d4e3b18fcae399b3d37,1404042
autoland,4375374,13,92302d37db2c0dde32926e954404b4c8422e3f86,android-hw-a51-11-0-aarch64-shippable-qr,True,False,,|c|o|l|d| |w|e|b|r|e|n|d|e|r|,102210fe594ee9b33d82058545b1ed14f4c8206e,loadtime,imdb,True,imdb loadtime opt cold webrender,,77,ms,geckoview,453547545,1869170212,2024-04-04T17:55:39,2881.8,2b8e4c563c2fa403003707729e7fd66dd5909763,1404131
autoland,4375374,13,92302d37db2c0dde32926e954404b4c8422e3f86,android-hw-a51-11-0-aarch64-shippable-qr,True,False,,|c|o|l|d| |w|e|b|r|e|n|d|e|r|,102210fe594ee9b33d82058545b1ed14f4c8206e,loadtime,imdb,True,imdb loadtime opt cold webrender,,77,ms,geckoview,453572860,1869276004,2024-04-04T22:08:58,2856.0,7689f9c266fcdf019b8bea308bf5569885d72ed3,1404331
autoland,4375374,13,92302d37db2c0dde32926e954404b4c8422e3f86,android-hw-a51-11-0-aarch64-shippable-qr,True,False,,|c|o|l|d| |w|e|b|r|e|n|d|e|r|,102210fe594ee9b33d82058545b1ed14f4c8206e,loadtime,imdb,True,imdb loadtime opt cold webrender,,77,ms,geckoview,453584800,1869307379,2024-04-05T00:24:01,2865.6,8600529acb2a250f255ea4d80486fecb2b7dc31b,1404399
autoland,4375374,13,92302d37db2c0dde32926e954404b4c8422e3f86,android-hw-a51-11-0-aarch64-shippable-qr,True,False,,|c|o|l|d| |w|e|b|r|e|n|d|e|r|,102210fe594ee9b33d82058545b1ed14f4c8206e,loadtime,imdb,True,imdb loadtime opt cold webrender,,77,ms,geckoview,453594721,1869350784,2024-04-05T04:36:57,3021.3,ea8ea972270ddb95f071f900f9199fb7ff95bb10,1404445
autoland,4375374,13,92302d37db2c0dde32926e954404b4c8422e3f86,android-hw-a51-11-0-aarch64-shippable-qr,True,False,,|c|o|l|d| |w|e|b|r|e|n|d|e|r|,102210fe594ee9b33d82058545b1ed14f4c8206e,loadtime,imdb,True,imdb loadtime opt cold webrender,,77,ms,geckoview,453621814,1869537463,2024-04-05T09:55:10,2914.8,bb1591f8008a0b1f33fe132528ee339ab149082f,1404555
autoland,4375374,13,92302d37db2c0dde32926e954404b4c8422e3f86,android-hw-a51-11-0-aarch64-shippable-qr,True,False,,|c|o|l|d| |w|e|b|r|e|n|d|e|r|,102210fe594ee9b33d82058545b1ed14f4c8206e,loadtime,imdb,True,imdb loadtime opt cold webrender,,77,ms,geckoview,453655688,1869584548,2024-04-05T13:56:08,2878.9,e25a9624d6d92e1a88da8b414e3ea781e4e25a07,1404693
autoland,4375374,13,92302d37db2c0dde32926e954404b4c8422e3f86,android-hw-a51-11-0-aarch64-shippable-qr,True,False,,|c|o|l|d| |w|e|b|r|e|n|d|e|r|,102210fe594ee9b33d82058545b1ed14f4c8206e,loadtime,imdb,True,imdb loadtime opt cold webrender,,77,ms,geckoview,453680255,1869688501,2024-04-05T18:34:00,2835.6,c230ec8f9514326a6e5081ee8e2d677ccf10ab67,1404901
autoland,4375374,13,92302d37db2c0dde32926e954404b4c8422e3f86,android-hw-a51-11-0-aarch64-shippable-qr,True,False,,|c|o|l|d| |w|e|b|r|e|n|d|e|r|,102210fe594ee9b33d82058545b1ed14f4c8206e,loadtime,imdb,True,imdb loadtime opt cold webrender,,77,ms,geckoview,453699713,1869760726,2024-04-05T19:40:01,2908.0,2168f88afb52aa0c93febc62156a315d08963dda,1404957
autoland,4375374,13,92302d37db2c0dde32926e954404b4c8422e3f86,android-hw-a51-11-0-aarch64-shippable-qr,True,False,,|c|o|l|d| |w|e|b|r|e|n|d|e|r|,102210fe594ee9b33d82058545b1ed14f4c8206e,loadtime,imdb,True,imdb loadtime opt cold webrender,,77,ms,geckoview,453708100,1869855090,2024-04-05T21:23:25,2868.7,bcbab342eed82aec3d4dd40516bf07e1ee96e716,1405041
autoland,4375374,13,92302d37db2c0dde32926e954404b4c8422e3f86,android-hw-a51-11-0-aarch64-shippable-qr,True,False,,|c|o|l|d| |w|e|b|r|e|n|d|e|r|,102210fe594ee9b33d82058545b1ed14f4c8206e,loadtime,imdb,True,imdb loadtime opt cold webrender,,77,ms,geckoview,453730106,1869930015,2024-04-06T02:12:01,2843.5,5695ee1969a8c3cddf47affcdc2358c67fa09729,1405161
autoland,4375374,13,92302d37db2c0dde32926e954404b4c8422e3f86,android-hw-a51-11-0-aarch64-shippable-qr,True,False,,|c|o|l|d| |w|e|b|r|e|n|d|e|r|,102210fe594ee9b33d82058545b1ed14f4c8206e,loadtime,imdb,True,imdb loadtime opt cold webrender,,77,ms,geckoview,453744062,1869998763,2024-04-06T08:07:05,2879.7,9fc8fef3e3ad12973fa215fac0d8ce85b8476e0a,1405200
autoland,4375374,13,92302d37db2c0dde32926e954404b4c8422e3f86,android-hw-a51-11-0-aarch64-shippable-qr,True,False,,|c|o|l|d| |w|e|b|r|e|n|d|e|r|,102210fe594ee9b33d82058545b1ed14f4c8206e,loadtime,imdb,True,imdb loadtime opt cold webrender,,77,ms,geckoview,453769446,1870099452,2024-04-06T12:49:36,2777.6,0f5a5f081afbca1abac9185c32c792b9c3550264,1405245
autoland,4375374,13,92302d37db2c0dde32926e954404b4c8422e3f86,android-hw-a51-11-0-aarch64-shippable-qr,True,False,,|c|o|l|d| |w|e|b|r|e|n|d|e|r|,102210fe594ee9b33d82058545b1ed14f4c8206e,loadtime,imdb,True,imdb loadtime opt cold webrender,,77,ms,geckoview,453781030,1870155119,2024-04-06T19:13:32,2862.6,3719e5d315bba4fd2d01a2bb964ff7d7c6521282,1405288
autoland,4375374,13,92302d37db2c0dde32926e954404b4c8422e3f86,android-hw-a51-11-0-aarch64-shippable-qr,True,False,,|c|o|l|d| |w|e|b|r|e|n|d|e|r|,102210fe594ee9b33d82058545b1ed14f4c8206e,loadtime,imdb,True,imdb loadtime opt cold webrender,,77,ms,geckoview,453796151,1870211165,2024-04-07T00:18:02,3292.1,7362d727c60c8a1b15c8e7357969595c93c659c6,1405303
autoland,4375374,13,92302d37db2c0dde32926e954404b4c8422e3f86,android-hw-a51-11-0-aarch64-shippable-qr,True,False,,|c|o|l|d| |w|e|b|r|e|n|d|e|r|,102210fe594ee9b33d82058545b1ed14f4c8206e,loadtime,imdb,True,imdb loadtime opt cold webrender,,77,ms,geckoview,453827484,1870335142,2024-04-07T12:29:26,2854.2,56daf0a3e72bc04ceb0b6d6a5e8b51b32333fe11,1405334
autoland,4375374,13,92302d37db2c0dde32926e954404b4c8422e3f86,android-hw-a51-11-0-aarch64-shippable-qr,True,False,,|c|o|l|d| |w|e|b|r|e|n|d|e|r|,102210fe594ee9b33d82058545b1ed14f4c8206e,loadtime,imdb,True,imdb loadtime opt cold webrender,,77,ms,geckoview,453837999,1870371833,2024-04-07T17:34:38,2873.6,c59be65c8118a8e4c60719162c4426e511ee042c,1405352
autoland,4375374,13,92302d37db2c0dde32926e954404b4c8422e3f86,android-hw-a51-11-0-aarch64-shippable-qr,True,False,,|c|o|l|d| |w|e|b|r|e|n|d|e|r|,102210fe594ee9b33d82058545b1ed14f4c8206e,loadtime,imdb,True,imdb loadtime opt cold webrender,,77,ms,geckoview,453851904,1870430155,2024-04-07T22:40:32,2841.3,a5f6bf0601900e20973b195443e8431788bf1494,1405368
autoland,4375374,13,92302d37db2c0dde32926e954404b4c8422e3f86,android-hw-a51-11-0-aarch64-shippable-qr,True,False,,|c|o|l|d| |w|e|b|r|e|n|d|e|r|,102210fe594ee9b33d82058545b1ed14f4c8206e,loadtime,imdb,True,imdb loadtime opt cold webrender,,77,ms,geckoview,453861193,1870483734,2024-04-08T04:43:41,3150.6,93d08e6b3d615ead541eee15f876af2c74e90d53,1405385
autoland,4375374,13,92302d37db2c0dde32926e954404b4c8422e3f86,android-hw-a51-11-0-aarch64-shippable-qr,True,False,,|c|o|l|d| |w|e|b|r|e|n|d|e|r|,102210fe594ee9b33d82058545b1ed14f4c8206e,loadtime,imdb,True,imdb loadtime opt cold webrender,,77,ms,geckoview,453875750,1870555646,2024-04-08T09:12:14,2902.7,7fdec039f49159c7769bb304ab5f0a97f9dde43f,1405465
autoland,4375374,13,92302d37db2c0dde32926e954404b4c8422e3f86,android-hw-a51-11-0-aarch64-shippable-qr,True,False,,|c|o|l|d| |w|e|b|r|e|n|d|e|r|,102210fe594ee9b33d82058545b1ed14f4c8206e,loadtime,imdb,True,imdb loadtime opt cold webrender,,77,ms,geckoview,453907531,1870683421,2024-04-08T13:49:41,2780.4,1b56c653a5ee3a14ec0955b092498999e9333bfa,1405618
autoland,4375374,13,92302d37db2c0dde32926e954404b4c8422e3f86,android-hw-a51-11-0-aarch64-shippable-qr,True,False,,|c|o|l|d| |w|e|b|r|e|n|d|e|r|,102210fe594ee9b33d82058545b1ed14f4c8206e,loadtime,imdb,True,imdb loadtime opt cold webrender,,77,ms,geckoview,453960124,1870844146,2024-04-08T19:08:45,2826.9,79551503d77c8353439905d86ec3033546f0c874,1405880
autoland,4375374,13,92302d37db2c0dde32926e954404b4c8422e3f86,android-hw-a51-11-0-aarch64-shippable-qr,True,False,,|c|o|l|d| |w|e|b|r|e|n|d|e|r|,102210fe594ee9b33d82058545b1ed14f4c8206e,loadtime,imdb,True,imdb loadtime opt cold webrender,,77,ms,geckoview,453995101,1870984352,2024-04-08T23:24:57,2839.1,c19d16f89e851b3d8052fb11a8e8f0ae3f4cb9b7,1406026
autoland,4375374,13,92302d37db2c0dde32926e954404b4c8422e3f86,android-hw-a51-11-0-aarch64-shippable-qr,True,False,,|c|o|l|d| |w|e|b|r|e|n|d|e|r|,102210fe594ee9b33d82058545b1ed14f4c8206e,loadtime,imdb,True,imdb loadtime opt cold webrender,,77,ms,geckoview,454020030,1871145920,2024-04-09T06:15:12,3023.6,643848d855ebb8ab8d9d7009ca7ce9d21d267b34,1406147
autoland,4375374,13,92302d37db2c0dde32926e954404b4c8422e3f86,android-hw-a51-11-0-aarch64-shippable-qr,True,False,,|c|o|l|d| |w|e|b|r|e|n|d|e|r|,102210fe594ee9b33d82058545b1ed14f4c8206e,loadtime,imdb,True,imdb loadtime opt cold webrender,,77,ms,geckoview,454045530,1871245044,2024-04-09T10:19:15,2807.0,7cd4aaac69823ebb7b440d4e14d05275ba50a073,1406264
autoland,4375374,13,92302d37db2c0dde32926e954404b4c8422e3f86,android-hw-a51-11-0-aarch64-shippable-qr,True,False,,|c|o|l|d| |w|e|b|r|e|n|d|e|r|,102210fe594ee9b33d82058545b1ed14f4c8206e,loadtime,imdb,True,imdb loadtime opt cold webrender,,77,ms,geckoview,454073354,1871386467,2024-04-09T14:26:21,2772.6,34fef7e7706b912024aa3ba8826647e5ddc0a0ab,1406452
autoland,4375374,13,92302d37db2c0dde32926e954404b4c8422e3f86,android-hw-a51-11-0-aarch64-shippable-qr,True,False,,|c|o|l|d| |w|e|b|r|e|n|d|e|r|,102210fe594ee9b33d82058545b1ed14f4c8206e,loadtime,imdb,True,imdb loadtime opt cold webrender,,77,ms,geckoview,454132579,1871641156,2024-04-10T00:18:40,2908.5,c6228adca1a9c453ab8514c86ee26ee9a7903d27,1406841
autoland,4375374,13,92302d37db2c0dde32926e954404b4c8422e3f86,android-hw-a51-11-0-aarch64-shippable-qr,True,False,,|c|o|l|d| |w|e|b|r|e|n|d|e|r|,102210fe594ee9b33d82058545b1ed14f4c8206e,loadtime,imdb,True,imdb loadtime opt cold webrender,,77,ms,geckoview,454157656,1871814230,2024-04-10T09:31:15,2855.5,cb449d228d38790ba76f64d551817f6a804c044e,1406973
autoland,4375374,13,92302d37db2c0dde32926e954404b4c8422e3f86,android-hw-a51-11-0-aarch64-shippable-qr,True,False,,|c|o|l|d| |w|e|b|r|e|n|d|e|r|,102210fe594ee9b33d82058545b1ed14f4c8206e,loadtime,imdb,True,imdb loadtime opt cold webrender,,77,ms,geckoview,454190258,1871933990,2024-04-10T13:31:55,2885.1,53228f89fadff09aff9d51b46652c77d94059014,1407087
autoland,4375374,13,92302d37db2c0dde32926e954404b4c8422e3f86,android-hw-a51-11-0-aarch64-shippable-qr,True,False,,|c|o|l|d| |w|e|b|r|e|n|d|e|r|,102210fe594ee9b33d82058545b1ed14f4c8206e,loadtime,imdb,True,imdb loadtime opt cold webrender,,77,ms,geckoview,454212061,1872055494,2024-04-10T17:21:37,2889.2,a30d53cfa601940935af0c765cccbdde2178bb67,1407259
autoland,4375374,13,92302d37db2c0dde32926e954404b4c8422e3f86,android-hw-a51-11-0-aarch64-shippable-qr,True,False,,|c|o|l|d| |w|e|b|r|e|n|d|e|r|,102210fe594ee9b33d82058545b1ed14f4c8206e,loadtime,imdb,True,imdb loadtime opt cold webrender,,77,ms,geckoview,454238846,1872211882,2024-04-10T20:55:18,2861.8,bc425d90bbe9987cc754323772553d4be3e6de83,1407422
autoland,4375374,13,92302d37db2c0dde32926e954404b4c8422e3f86,android-hw-a51-11-0-aarch64-shippable-qr,True,False,,|c|o|l|d| |w|e|b|r|e|n|d|e|r|,102210fe594ee9b33d82058545b1ed14f4c8206e,loadtime,imdb,True,imdb loadtime opt cold webrender,,77,ms,geckoview,454255431,1872290472,2024-04-11T01:15:30,2822.2,1ae79ee05e2fe6a64e1916d65c78979921af1e5e,1407545
autoland,4375374,13,92302d37db2c0dde32926e954404b4c8422e3f86,android-hw-a51-11-0-aarch64-shippable-qr,True,False,,|c|o|l|d| |w|e|b|r|e|n|d|e|r|,102210fe594ee9b33d82058545b1ed14f4c8206e,loadtime,imdb,True,imdb loadtime opt cold webrender,,77,ms,geckoview,454277112,1872447269,2024-04-11T06:36:24,2881.4,7a8a0223fffe0f06dd2e7aad79bf1920cf1430c0,1407612
autoland,4375374,13,92302d37db2c0dde32926e954404b4c8422e3f86,android-hw-a51-11-0-aarch64-shippable-qr,True,False,,|c|o|l|d| |w|e|b|r|e|n|d|e|r|,102210fe594ee9b33d82058545b1ed14f4c8206e,loadtime,imdb,True,imdb loadtime opt cold webrender,,77,ms,geckoview,454307582,1872660348,2024-04-11T11:27:44,2918.8,747c6705d00627b032063055173575d6e6043880,1407747
autoland,4375374,13,92302d37db2c0dde32926e954404b4c8422e3f86,android-hw-a51-11-0-aarch64-shippable-qr,True,False,,|c|o|l|d| |w|e|b|r|e|n|d|e|r|,102210fe594ee9b33d82058545b1ed14f4c8206e,loadtime,imdb,True,imdb loadtime opt cold webrender,,77,ms,geckoview,454323858,1872776191,2024-04-11T15:41:30,2917.2,bbca818d6385ef61c987f967ebccfe9df63fc36b,1407834
autoland,4375374,13,92302d37db2c0dde32926e954404b4c8422e3f86,android-hw-a51-11-0-aarch64-shippable-qr,True,False,,|c|o|l|d| |w|e|b|r|e|n|d|e|r|,102210fe594ee9b33d82058545b1ed14f4c8206e,loadtime,imdb,True,imdb loadtime opt cold webrender,,77,ms,geckoview,454338893,1872871526,2024-04-11T18:08:24,2910.8,036ac9a41b52b5af1836d103d3a7aefad37e2b87,1407970
autoland,4375374,13,92302d37db2c0dde32926e954404b4c8422e3f86,android-hw-a51-11-0-aarch64-shippable-qr,True,False,,|c|o|l|d| |w|e|b|r|e|n|d|e|r|,102210fe594ee9b33d82058545b1ed14f4c8206e,loadtime,imdb,True,imdb loadtime opt cold webrender,,77,ms,geckoview,454372009,1873003258,2024-04-11T23:15:25,2841.2,90ef908ff18573cca9f4f0e5d676df56875c68b5,1408175
autoland,4375374,13,92302d37db2c0dde32926e954404b4c8422e3f86,android-hw-a51-11-0-aarch64-shippable-qr,True,False,,|c|o|l|d| |w|e|b|r|e|n|d|e|r|,102210fe594ee9b33d82058545b1ed14f4c8206e,loadtime,imdb,True,imdb loadtime opt cold webrender,,77,ms,geckoview,454404659,1873207684,2024-04-12T14:13:45,3022.7,be4463b26a49bdb9c791eaf7d0b41ff9eb0294d3,1408318
autoland,4375374,13,92302d37db2c0dde32926e954404b4c8422e3f86,android-hw-a51-11-0-aarch64-shippable-qr,True,False,,|c|o|l|d| |w|e|b|r|e|n|d|e|r|,102210fe594ee9b33d82058545b1ed14f4c8206e,loadtime,imdb,True,imdb loadtime opt cold webrender,,77,ms,geckoview,454422911,1873303041,2024-04-12T20:21:58,2784.5,5e5bc998487f4e6ee9fe6fe52ca5eb66cd37de03,1408379
autoland,4375374,13,92302d37db2c0dde32926e954404b4c8422e3f86,android-hw-a51-11-0-aarch64-shippable-qr,True,False,,|c|o|l|d| |w|e|b|r|e|n|d|e|r|,102210fe594ee9b33d82058545b1ed14f4c8206e,loadtime,imdb,True,imdb loadtime opt cold webrender,,77,ms,geckoview,454440727,1873416341,2024-04-13T06:05:05,3025.2,39657b697a7ffcda0f07cae917b68f1e84f57d54,1408439
autoland,4375374,13,92302d37db2c0dde32926e954404b4c8422e3f86,android-hw-a51-11-0-aarch64-shippable-qr,True,False,,|c|o|l|d| |w|e|b|r|e|n|d|e|r|,102210fe594ee9b33d82058545b1ed14f4c8206e,loadtime,imdb,True,imdb loadtime opt cold webrender,,77,ms,geckoview,454464229,1873519347,2024-04-13T20:36:37,2872.2,1dc823d4e96db6fe0450fcb588466eff7038b4cc,1408512
autoland,4375374,13,92302d37db2c0dde32926e954404b4c8422e3f86,android-hw-a51-11-0-aarch64-shippable-qr,True,False,,|c|o|l|d| |w|e|b|r|e|n|d|e|r|,102210fe594ee9b33d82058545b1ed14f4c8206e,loadtime,imdb,True,imdb loadtime opt cold webrender,,77,ms,geckoview,454485163,1873674349,2024-04-14T12:41:18,2895.4,25a22c2f939167a119d912b3fe61312db879d576,1408562
autoland,4375374,13,92302d37db2c0dde32926e954404b4c8422e3f86,android-hw-a51-11-0-aarch64-shippable-qr,True,False,,|c|o|l|d| |w|e|b|r|e|n|d|e|r|,102210fe594ee9b33d82058545b1ed14f4c8206e,loadtime,imdb,True,imdb loadtime opt cold webrender,,77,ms,geckoview,454505531,1873816421,2024-04-15T00:20:26,2868.2,8c457b0d7626241855c3c025a2531eb5f00b8cfc,1408605
autoland,4375374,13,92302d37db2c0dde32926e954404b4c8422e3f86,android-hw-a51-11-0-aarch64-shippable-qr,True,False,,|c|o|l|d| |w|e|b|r|e|n|d|e|r|,102210fe594ee9b33d82058545b1ed14f4c8206e,loadtime,imdb,True,imdb loadtime opt cold webrender,,77,ms,geckoview,454511933,1873851366,2024-04-15T05:51:41,2918.9,4b17d2a2a7ae64b3c8d364d200a6b97cc636dffd,1408627
autoland,4375374,13,92302d37db2c0dde32926e954404b4c8422e3f86,android-hw-a51-11-0-aarch64-shippable-qr,True,False,,|c|o|l|d| |w|e|b|r|e|n|d|e|r|,102210fe594ee9b33d82058545b1ed14f4c8206e,loadtime,imdb,True,imdb loadtime opt cold webrender,,77,ms,geckoview,454537766,1874015292,2024-04-15T10:25:42,2901.1,177f569e862519d4372977ba20b630f95e24ef1c,1408738
autoland,4375374,13,92302d37db2c0dde32926e954404b4c8422e3f86,android-hw-a51-11-0-aarch64-shippable-qr,True,False,,|c|o|l|d| |w|e|b|r|e|n|d|e|r|,102210fe594ee9b33d82058545b1ed14f4c8206e,loadtime,imdb,True,imdb loadtime opt cold webrender,,77,ms,geckoview,454577008,1874231121,2024-04-15T14:58:12,2815.9,4897460458d13272e6016fd9e4c184c3c41cbd74,1408898
autoland,4375374,13,92302d37db2c0dde32926e954404b4c8422e3f86,android-hw-a51-11-0-aarch64-shippable-qr,True,False,,|c|o|l|d| |w|e|b|r|e|n|d|e|r|,102210fe594ee9b33d82058545b1ed14f4c8206e,loadtime,imdb,True,imdb loadtime opt cold webrender,,77,ms,geckoview,454601418,1874334285,2024-04-15T18:18:39,2893.2,d49ecc17e4ae83fbccee8ffbe50a119039d1e408,1409057
autoland,4375374,13,92302d37db2c0dde32926e954404b4c8422e3f86,android-hw-a51-11-0-aarch64-shippable-qr,True,False,,|c|o|l|d| |w|e|b|r|e|n|d|e|r|,102210fe594ee9b33d82058545b1ed14f4c8206e,loadtime,imdb,True,imdb loadtime opt cold webrender,,77,ms,geckoview,454615119,1874405092,2024-04-15T20:13:44,2809.9,8d488b7ac977a67ba128a580f6959fe058df2fe5,1409141
autoland,4375374,13,92302d37db2c0dde32926e954404b4c8422e3f86,android-hw-a51-11-0-aarch64-shippable-qr,True,False,,|c|o|l|d| |w|e|b|r|e|n|d|e|r|,102210fe594ee9b33d82058545b1ed14f4c8206e,loadtime,imdb,True,imdb loadtime opt cold webrender,,77,ms,geckoview,454630967,1874437700,2024-04-15T21:50:25,2921.8,547363a98ae60f0645c5cc21aeecffb7e0ddb047,1409212
autoland,4375374,13,92302d37db2c0dde32926e954404b4c8422e3f86,android-hw-a51-11-0-aarch64-shippable-qr,True,False,,|c|o|l|d| |w|e|b|r|e|n|d|e|r|,102210fe594ee9b33d82058545b1ed14f4c8206e,loadtime,imdb,True,imdb loadtime opt cold webrender,,77,ms,geckoview,454646426,1874485125,2024-04-16T00:41:18,2879.1,5a31505f08c64efa6eb7a8ed02d5e9c0db448e37,1409277
autoland,4375374,13,92302d37db2c0dde32926e954404b4c8422e3f86,android-hw-a51-11-0-aarch64-shippable-qr,True,False,,|c|o|l|d| |w|e|b|r|e|n|d|e|r|,102210fe594ee9b33d82058545b1ed14f4c8206e,loadtime,imdb,True,imdb loadtime opt cold webrender,,77,ms,geckoview,454670505,1874565257,2024-04-16T05:04:40,3451.4,69a1a1d802b357216fef131d6ad99816defddc1f,1409360
autoland,4375374,13,92302d37db2c0dde32926e954404b4c8422e3f86,android-hw-a51-11-0-aarch64-shippable-qr,True,False,,|c|o|l|d| |w|e|b|r|e|n|d|e|r|,102210fe594ee9b33d82058545b1ed14f4c8206e,loadtime,imdb,True,imdb loadtime opt cold webrender,,77,ms,geckoview,454693678,1874653408,2024-04-16T09:18:49,3331.2,2949cb403e680d76f7bcb101117ceefeb480b064,1409480
autoland,4375374,13,92302d37db2c0dde32926e954404b4c8422e3f86,android-hw-a51-11-0-aarch64-shippable-qr,True,False,,|c|o|l|d| |w|e|b|r|e|n|d|e|r|,102210fe594ee9b33d82058545b1ed14f4c8206e,loadtime,imdb,True,imdb loadtime opt cold webrender,,77,ms,geckoview,454718994,1874763225,2024-04-16T13:28:04,2948.6,11d1c89ad8b2dad0cee1caf733cd833e448945eb,1409649
autoland,4375374,13,92302d37db2c0dde32926e954404b4c8422e3f86,android-hw-a51-11-0-aarch64-shippable-qr,True,False,,|c|o|l|d| |w|e|b|r|e|n|d|e|r|,102210fe594ee9b33d82058545b1ed14f4c8206e,loadtime,imdb,True,imdb loadtime opt cold webrender,,77,ms,geckoview,454740145,1874918386,2024-04-16T17:33:30,2895.4,12c7f0b00cd7ce4e2edde6ff37daf12e807388b1,1409875
autoland,4375374,13,92302d37db2c0dde32926e954404b4c8422e3f86,android-hw-a51-11-0-aarch64-shippable-qr,True,False,,|c|o|l|d| |w|e|b|r|e|n|d|e|r|,102210fe594ee9b33d82058545b1ed14f4c8206e,loadtime,imdb,True,imdb loadtime opt cold webrender,,77,ms,geckoview,454759164,1874983204,2024-04-16T20:13:25,2844.2,852d3945e38d8d16c4cf17918e862882d7ef363c,1409984
autoland,4375374,13,92302d37db2c0dde32926e954404b4c8422e3f86,android-hw-a51-11-0-aarch64-shippable-qr,True,False,,|c|o|l|d| |w|e|b|r|e|n|d|e|r|,102210fe594ee9b33d82058545b1ed14f4c8206e,loadtime,imdb,True,imdb loadtime opt cold webrender,,77,ms,geckoview,454776923,1875072834,2024-04-17T00:00:12,2837.5,3f5bf473ca3cf95233298d16ad833028500755e6,1410132
autoland,4375374,13,92302d37db2c0dde32926e954404b4c8422e3f86,android-hw-a51-11-0-aarch64-shippable-qr,True,False,,|c|o|l|d| |w|e|b|r|e|n|d|e|r|,102210fe594ee9b33d82058545b1ed14f4c8206e,loadtime,imdb,True,imdb loadtime opt cold webrender,,77,ms,geckoview,454794629,1875228832,2024-04-17T04:14:52,2882.6,7900ea0538965c6aba695fd896a6e2833d781007,1410204
autoland,4375374,13,92302d37db2c0dde32926e954404b4c8422e3f86,android-hw-a51-11-0-aarch64-shippable-qr,True,False,,|c|o|l|d| |w|e|b|r|e|n|d|e|r|,102210fe594ee9b33d82058545b1ed14f4c8206e,loadtime,imdb,True,imdb loadtime opt cold webrender,,77,ms,geckoview,454823046,1875307776,2024-04-17T08:24:06,2863.9,acabdf625d68e5d96c49e0eebb5c71f4286e5ffd,1410333
autoland,4375374,13,92302d37db2c0dde32926e954404b4c8422e3f86,android-hw-a51-11-0-aarch64-shippable-qr,True,False,,|c|o|l|d| |w|e|b|r|e|n|d|e|r|,102210fe594ee9b33d82058545b1ed14f4c8206e,loadtime,imdb,True,imdb loadtime opt cold webrender,,77,ms,geckoview,454873025,1875480990,2024-04-17T11:47:51,2815.2,05ad651d0c97009f3d906febefe9888c127c2660,1410461
autoland,4375374,13,92302d37db2c0dde32926e954404b4c8422e3f86,android-hw-a51-11-0-aarch64-shippable-qr,True,False,,|c|o|l|d| |w|e|b|r|e|n|d|e|r|,102210fe594ee9b33d82058545b1ed14f4c8206e,loadtime,imdb,True,imdb loadtime opt cold webrender,,77,ms,geckoview,454876900,1875510781,2024-04-17T13:57:03,2827.4,57f6925a520cf97f4af35e42db00435e817475dc,1410569
autoland,4375374,13,92302d37db2c0dde32926e954404b4c8422e3f86,android-hw-a51-11-0-aarch64-shippable-qr,True,False,,|c|o|l|d| |w|e|b|r|e|n|d|e|r|,102210fe594ee9b33d82058545b1ed14f4c8206e,loadtime,imdb,True,imdb loadtime opt cold webrender,,77,ms,geckoview,454898556,1875594533,2024-04-17T18:33:15,2874.5,25500210a453fec07cc9d95612bbe778bae07f71,1410800
autoland,4375374,13,92302d37db2c0dde32926e954404b4c8422e3f86,android-hw-a51-11-0-aarch64-shippable-qr,True,False,,|c|o|l|d| |w|e|b|r|e|n|d|e|r|,102210fe594ee9b33d82058545b1ed14f4c8206e,loadtime,imdb,True,imdb loadtime opt cold webrender,,77,ms,geckoview,454912580,1875650615,2024-04-17T20:25:11,2896.8,d35a7bf5f1fc33f0f83edc8fdcffd17131fd9b82,1410917
autoland,4375374,13,92302d37db2c0dde32926e954404b4c8422e3f86,android-hw-a51-11-0-aarch64-shippable-qr,True,False,,|c|o|l|d| |w|e|b|r|e|n|d|e|r|,102210fe594ee9b33d82058545b1ed14f4c8206e,loadtime,imdb,True,imdb loadtime opt cold webrender,,77,ms,geckoview,454938652,1875753090,2024-04-18T00:20:10,2867.0,1bf7d54b4913d7994ed2ce4b07f0426fc70b4b7e,1411120
autoland,4375374,13,92302d37db2c0dde32926e954404b4c8422e3f86,android-hw-a51-11-0-aarch64-shippable-qr,True,False,,|c|o|l|d| |w|e|b|r|e|n|d|e|r|,102210fe594ee9b33d82058545b1ed14f4c8206e,loadtime,imdb,True,imdb loadtime opt cold webrender,,77,ms,geckoview,454954029,1875818012,2024-04-18T03:49:51,2905.0,12adf93b9ad4085d4f0b493c368533bb040dce46,1411204
autoland,4375374,13,92302d37db2c0dde32926e954404b4c8422e3f86,android-hw-a51-11-0-aarch64-shippable-qr,True,False,,|c|o|l|d| |w|e|b|r|e|n|d|e|r|,102210fe594ee9b33d82058545b1ed14f4c8206e,loadtime,imdb,True,imdb loadtime opt cold webrender,,77,ms,geckoview,454972975,1875939919,2024-04-18T07:53:55,2834.8,d4cde5148929d0d9587580bca2d37027d7424348,1411277
autoland,4375374,13,92302d37db2c0dde32926e954404b4c8422e3f86,android-hw-a51-11-0-aarch64-shippable-qr,True,False,,|c|o|l|d| |w|e|b|r|e|n|d|e|r|,102210fe594ee9b33d82058545b1ed14f4c8206e,loadtime,imdb,True,imdb loadtime opt cold webrender,,77,ms,geckoview,455005835,1876108026,2024-04-18T12:14:33,2854.6,123e0c272c21270c6f9a5e2fca3bfbc72c7b5ef9,1411435
autoland,4375374,13,92302d37db2c0dde32926e954404b4c8422e3f86,android-hw-a51-11-0-aarch64-shippable-qr,True,False,,|c|o|l|d| |w|e|b|r|e|n|d|e|r|,102210fe594ee9b33d82058545b1ed14f4c8206e,loadtime,imdb,True,imdb loadtime opt cold webrender,,77,ms,geckoview,455043415,1876264982,2024-04-18T15:42:46,2972.3,257d3013546c7ec40031343c459162a0b69fa6f2,1411573
autoland,4375374,13,92302d37db2c0dde32926e954404b4c8422e3f86,android-hw-a51-11-0-aarch64-shippable-qr,True,False,,|c|o|l|d| |w|e|b|r|e|n|d|e|r|,102210fe594ee9b33d82058545b1ed14f4c8206e,loadtime,imdb,True,imdb loadtime opt cold webrender,,77,ms,geckoview,455061815,1876313324,2024-04-18T18:28:28,2836.0,0f5d446707971afc1fab01c0a28b208101241b8a,1411727
autoland,4375374,13,92302d37db2c0dde32926e954404b4c8422e3f86,android-hw-a51-11-0-aarch64-shippable-qr,True,False,,|c|o|l|d| |w|e|b|r|e|n|d|e|r|,102210fe594ee9b33d82058545b1ed14f4c8206e,loadtime,imdb,True,imdb loadtime opt cold webrender,,77,ms,geckoview,455088348,1876469811,2024-04-18T21:15:15,2894.5,eed297665148d999a1c59d7d6e66f6973e0dd84c,1411845
autoland,4375374,13,92302d37db2c0dde32926e954404b4c8422e3f86,android-hw-a51-11-0-aarch64-shippable-qr,True,False,,|c|o|l|d| |w|e|b|r|e|n|d|e|r|,102210fe594ee9b33d82058545b1ed14f4c8206e,loadtime,imdb,True,imdb loadtime opt cold webrender,,77,ms,geckoview,455109255,1876639437,2024-04-19T01:55:54,2735.6,3e097fca93b9af809ad16ed1d5f0bdd874f8f8e2,1411981
autoland,4375374,13,92302d37db2c0dde32926e954404b4c8422e3f86,android-hw-a51-11-0-aarch64-shippable-qr,True,False,,|c|o|l|d| |w|e|b|r|e|n|d|e|r|,102210fe594ee9b33d82058545b1ed14f4c8206e,loadtime,imdb,True,imdb loadtime opt cold webrender,,77,ms,geckoview,455119588,1876805852,2024-04-19T06:08:52,2968.7,99364906cd1d11016d0fc2dc03a8b7fd11705aa4,1412057
autoland,4375374,13,92302d37db2c0dde32926e954404b4c8422e3f86,android-hw-a51-11-0-aarch64-shippable-qr,True,False,,|c|o|l|d| |w|e|b|r|e|n|d|e|r|,102210fe594ee9b33d82058545b1ed14f4c8206e,loadtime,imdb,True,imdb loadtime opt cold webrender,,77,ms,geckoview,455148082,1877044999,2024-04-19T10:27:22,2846.2,465ebfc7da3d3a6de812574016249ab37ab8605c,1412150
autoland,4375374,13,92302d37db2c0dde32926e954404b4c8422e3f86,android-hw-a51-11-0-aarch64-shippable-qr,True,False,,|c|o|l|d| |w|e|b|r|e|n|d|e|r|,102210fe594ee9b33d82058545b1ed14f4c8206e,loadtime,imdb,True,imdb loadtime opt cold webrender,,77,ms,geckoview,455184954,1877144638,2024-04-19T14:48:08,2868.6,4b196ac64ccbf1061ee2c2835e31fe8b071b9099,1412270
autoland,4375374,13,92302d37db2c0dde32926e954404b4c8422e3f86,android-hw-a51-11-0-aarch64-shippable-qr,True,False,,|c|o|l|d| |w|e|b|r|e|n|d|e|r|,102210fe594ee9b33d82058545b1ed14f4c8206e,loadtime,imdb,True,imdb loadtime opt cold webrender,,77,ms,geckoview,455213152,1877286736,2024-04-19T18:48:31,2912.3,cf54488baa94dff90075eb1c2e96afc7353a4eee,1412477
autoland,4375374,13,92302d37db2c0dde32926e954404b4c8422e3f86,android-hw-a51-11-0-aarch64-shippable-qr,True,False,,|c|o|l|d| |w|e|b|r|e|n|d|e|r|,102210fe594ee9b33d82058545b1ed14f4c8206e,loadtime,imdb,True,imdb loadtime opt cold webrender,,77,ms,geckoview,455242508,1877433798,2024-04-19T22:58:06,2947.0,fd56e5907d69d8a14032cc7ec308f013a266ee16,1412613
autoland,4375374,13,92302d37db2c0dde32926e954404b4c8422e3f86,android-hw-a51-11-0-aarch64-shippable-qr,True,False,,|c|o|l|d| |w|e|b|r|e|n|d|e|r|,102210fe594ee9b33d82058545b1ed14f4c8206e,loadtime,imdb,True,imdb loadtime opt cold webrender,,77,ms,geckoview,455253803,1877518243,2024-04-20T05:31:24,2868.1,4797f0a19ccc6dca6f6aa6710f76967e23ba6276,1412701
autoland,4375374,13,92302d37db2c0dde32926e954404b4c8422e3f86,android-hw-a51-11-0-aarch64-shippable-qr,True,False,,|c|o|l|d| |w|e|b|r|e|n|d|e|r|,102210fe594ee9b33d82058545b1ed14f4c8206e,loadtime,imdb,True,imdb loadtime opt cold webrender,,77,ms,geckoview,455283833,1877635371,2024-04-20T15:42:35,2855.7,f5d9ea237d971478f314e77299398079989b786c,1412749
autoland,4375374,13,92302d37db2c0dde32926e954404b4c8422e3f86,android-hw-a51-11-0-aarch64-shippable-qr,True,False,,|c|o|l|d| |w|e|b|r|e|n|d|e|r|,102210fe594ee9b33d82058545b1ed14f4c8206e,loadtime,imdb,True,imdb loadtime opt cold webrender,,77,ms,geckoview,455289290,1877674272,2024-04-21T00:18:25,2850.4,65ceed609eb489d653eefc7e22fa34f869027a26,1412781
autoland,4375374,13,92302d37db2c0dde32926e954404b4c8422e3f86,android-hw-a51-11-0-aarch64-shippable-qr,True,False,,|c|o|l|d| |w|e|b|r|e|n|d|e|r|,102210fe594ee9b33d82058545b1ed14f4c8206e,loadtime,imdb,True,imdb loadtime opt cold webrender,,77,ms,geckoview,455324677,1877858487,2024-04-21T21:40:30,2886.9,400d4e6908a3aef8f83ae4db204d62e3e028f704,1412843
autoland,4375374,13,92302d37db2c0dde32926e954404b4c8422e3f86,android-hw-a51-11-0-aarch64-shippable-qr,True,False,,|c|o|l|d| |w|e|b|r|e|n|d|e|r|,102210fe594ee9b33d82058545b1ed14f4c8206e,loadtime,imdb,True,imdb loadtime opt cold webrender,,77,ms,geckoview,455334514,1877964318,2024-04-22T04:00:04,2982.0,d4a6129fdbbe32300d5069df6ce47dd92f665c96,1412913
autoland,4375374,13,92302d37db2c0dde32926e954404b4c8422e3f86,android-hw-a51-11-0-aarch64-shippable-qr,True,False,,|c|o|l|d| |w|e|b|r|e|n|d|e|r|,102210fe594ee9b33d82058545b1ed14f4c8206e,loadtime,imdb,True,imdb loadtime opt cold webrender,,77,ms,geckoview,455347241,1878041392,2024-04-22T08:07:09,2971.3,5a83d047329402d960e6c402c6deb27927a436c9,1412944
autoland,4375374,13,92302d37db2c0dde32926e954404b4c8422e3f86,android-hw-a51-11-0-aarch64-shippable-qr,True,False,,|c|o|l|d| |w|e|b|r|e|n|d|e|r|,102210fe594ee9b33d82058545b1ed14f4c8206e,loadtime,imdb,True,imdb loadtime opt cold webrender,,77,ms,geckoview,455387604,1878193795,2024-04-22T12:07:57,3526.5,1c34b0b26d5a556ee695c70bd744ca9f129f456e,1413048
autoland,4375374,13,92302d37db2c0dde32926e954404b4c8422e3f86,android-hw-a51-11-0-aarch64-shippable-qr,True,False,,|c|o|l|d| |w|e|b|r|e|n|d|e|r|,102210fe594ee9b33d82058545b1ed14f4c8206e,loadtime,imdb,True,imdb loadtime opt cold webrender,,77,ms,geckoview,455437130,1878369996,2024-04-22T19:20:17,2937.4,ed724b89a2c25252a6eab99f0fa48f85f2523b66,1413379
autoland,4375374,13,92302d37db2c0dde32926e954404b4c8422e3f86,android-hw-a51-11-0-aarch64-shippable-qr,True,False,,|c|o|l|d| |w|e|b|r|e|n|d|e|r|,102210fe594ee9b33d82058545b1ed14f4c8206e,loadtime,imdb,True,imdb loadtime opt cold webrender,,77,ms,geckoview,455470896,1878548902,2024-04-22T23:20:55,2865.4,294255d7250372c7cd6256cb6d1da23325d1f728,1413581
autoland,4375374,13,92302d37db2c0dde32926e954404b4c8422e3f86,android-hw-a51-11-0-aarch64-shippable-qr,True,False,,|c|o|l|d| |w|e|b|r|e|n|d|e|r|,102210fe594ee9b33d82058545b1ed14f4c8206e,loadtime,imdb,True,imdb loadtime opt cold webrender,,77,ms,geckoview,455486519,1878635212,2024-04-23T03:59:43,2880.7,074d29b6e81d7fbf5ac7dea664ffea6a59b41b80,1413693
autoland,4375374,13,92302d37db2c0dde32926e954404b4c8422e3f86,android-hw-a51-11-0-aarch64-shippable-qr,True,False,,|c|o|l|d| |w|e|b|r|e|n|d|e|r|,102210fe594ee9b33d82058545b1ed14f4c8206e,loadtime,imdb,True,imdb loadtime opt cold webrender,,77,ms,geckoview,455502144,1878760699,2024-04-23T08:01:00,2894.4,5519716422b3e14060894caded45bac7a3aeb773,1413770
autoland,4375374,13,92302d37db2c0dde32926e954404b4c8422e3f86,android-hw-a51-11-0-aarch64-shippable-qr,True,False,,|c|o|l|d| |w|e|b|r|e|n|d|e|r|,102210fe594ee9b33d82058545b1ed14f4c8206e,loadtime,imdb,True,imdb loadtime opt cold webrender,,77,ms,geckoview,455537143,1878888813,2024-04-23T11:54:58,2816.6,d0b5d121d8fc8ffddbec3e026a455ecfe0071347,1413921
autoland,4375374,13,92302d37db2c0dde32926e954404b4c8422e3f86,android-hw-a51-11-0-aarch64-shippable-qr,True,False,,|c|o|l|d| |w|e|b|r|e|n|d|e|r|,102210fe594ee9b33d82058545b1ed14f4c8206e,loadtime,imdb,True,imdb loadtime opt cold webrender,,77,ms,geckoview,455561336,1879086875,2024-04-23T15:44:45,2858.0,058dc2e8394c7361874508e49f2bbbfc3173f1a9,1414120
autoland,4375374,13,92302d37db2c0dde32926e954404b4c8422e3f86,android-hw-a51-11-0-aarch64-shippable-qr,True,False,,|c|o|l|d| |w|e|b|r|e|n|d|e|r|,102210fe594ee9b33d82058545b1ed14f4c8206e,loadtime,imdb,True,imdb loadtime opt cold webrender,,77,ms,geckoview,455579808,1879181874,2024-04-23T18:21:27,2937.2,1c40eb01d534a1c361c5c6fe0b3fdc64aed2c883,1414216
autoland,4375374,13,92302d37db2c0dde32926e954404b4c8422e3f86,android-hw-a51-11-0-aarch64-shippable-qr,True,False,,|c|o|l|d| |w|e|b|r|e|n|d|e|r|,102210fe594ee9b33d82058545b1ed14f4c8206e,loadtime,imdb,True,imdb loadtime opt cold webrender,,77,ms,geckoview,455611814,1879332902,2024-04-23T22:59:53,2965.1,b516592332299274cdbcfd113f1d8a97cc0ee8af,1414419
autoland,4375374,13,92302d37db2c0dde32926e954404b4c8422e3f86,android-hw-a51-11-0-aarch64-shippable-qr,True,False,,|c|o|l|d| |w|e|b|r|e|n|d|e|r|,102210fe594ee9b33d82058545b1ed14f4c8206e,loadtime,imdb,True,imdb loadtime opt cold webrender,,77,ms,geckoview,455630939,1879464760,2024-04-24T03:55:37,2898.3,3de3f9428f138bf269718fceb36c5112a195ca37,1414529
autoland,4375374,13,92302d37db2c0dde32926e954404b4c8422e3f86,android-hw-a51-11-0-aarch64-shippable-qr,True,False,,|c|o|l|d| |w|e|b|r|e|n|d|e|r|,102210fe594ee9b33d82058545b1ed14f4c8206e,loadtime,imdb,True,imdb loadtime opt cold webrender,,77,ms,geckoview,455649719,1879614034,2024-04-24T07:56:15,2852.0,fd7d96cffddb9a76a1ecc148c3b284e8003fe6b9,1414632
autoland,4375374,13,92302d37db2c0dde32926e954404b4c8422e3f86,android-hw-a51-11-0-aarch64-shippable-qr,True,False,,|c|o|l|d| |w|e|b|r|e|n|d|e|r|,102210fe594ee9b33d82058545b1ed14f4c8206e,loadtime,imdb,True,imdb loadtime opt cold webrender,,77,ms,geckoview,455698589,1879861028,2024-04-24T12:15:38,2934.0,87963547052db96296ae50e55c8266cbfc3bd922,1414844
autoland,4375374,13,92302d37db2c0dde32926e954404b4c8422e3f86,android-hw-a51-11-0-aarch64-shippable-qr,True,False,,|c|o|l|d| |w|e|b|r|e|n|d|e|r|,102210fe594ee9b33d82058545b1ed14f4c8206e,loadtime,imdb,True,imdb loadtime opt cold webrender,,77,ms,geckoview,455754890,158647,2024-04-25T00:20:54,2844.2,ec5140ea1b1384a44d1ce6e0271fc97472399e96,1415370
autoland,4375374,13,92302d37db2c0dde32926e954404b4c8422e3f86,android-hw-a51-11-0-aarch64-shippable-qr,True,False,,|c|o|l|d| |w|e|b|r|e|n|d|e|r|,102210fe594ee9b33d82058545b1ed14f4c8206e,loadtime,imdb,True,imdb loadtime opt cold webrender,,77,ms,geckoview,455777838,239068,2024-04-25T02:34:18,2872.7,cffa531d3b2e833bda2b3f035d37edb92f838428,1415633
autoland,4375374,13,92302d37db2c0dde32926e954404b4c8422e3f86,android-hw-a51-11-0-aarch64-shippable-qr,True,False,,|c|o|l|d| |w|e|b|r|e|n|d|e|r|,102210fe594ee9b33d82058545b1ed14f4c8206e,loadtime,imdb,True,imdb loadtime opt cold webrender,,77,ms,geckoview,455789407,404719,2024-04-25T05:01:58,2889.3,792c9892791495e8f13e77e5a78bfda83ab7a455,1415718
autoland,4375374,13,92302d37db2c0dde32926e954404b4c8422e3f86,android-hw-a51-11-0-aarch64-shippable-qr,True,False,,|c|o|l|d| |w|e|b|r|e|n|d|e|r|,102210fe594ee9b33d82058545b1ed14f4c8206e,loadtime,imdb,True,imdb loadtime opt cold webrender,,77,ms,geckoview,455808525,495948,2024-04-25T09:09:49,2928.3,5b0d6bb6f3780aaf074d79548381fd6e7a565b85,1415822
autoland,4375374,13,92302d37db2c0dde32926e954404b4c8422e3f86,android-hw-a51-11-0-aarch64-shippable-qr,True,False,,|c|o|l|d| |w|e|b|r|e|n|d|e|r|,102210fe594ee9b33d82058545b1ed14f4c8206e,loadtime,imdb,True,imdb loadtime opt cold webrender,,77,ms,geckoview,455855236,673197,2024-04-25T13:10:04,2990.8,88f7b12683ce863c6ca742ac14e176ee045383bd,1416008
autoland,4375374,13,92302d37db2c0dde32926e954404b4c8422e3f86,android-hw-a51-11-0-aarch64-shippable-qr,True,False,,|c|o|l|d| |w|e|b|r|e|n|d|e|r|,102210fe594ee9b33d82058545b1ed14f4c8206e,loadtime,imdb,True,imdb loadtime opt cold webrender,,77,ms,geckoview,455878658,772193,2024-04-25T16:29:00,2869.7,6611338ffbdafbbc5b82211b1c255353bdb30763,1416183
autoland,4375374,13,92302d37db2c0dde32926e954404b4c8422e3f86,android-hw-a51-11-0-aarch64-shippable-qr,True,False,,|c|o|l|d| |w|e|b|r|e|n|d|e|r|,102210fe594ee9b33d82058545b1ed14f4c8206e,loadtime,imdb,True,imdb loadtime opt cold webrender,,77,ms,geckoview,455921495,980973,2024-04-25T21:12:20,2912.6,6a497992821d53c3704819a4f43c6a7d3234c5a2,1416361
autoland,4375374,13,92302d37db2c0dde32926e954404b4c8422e3f86,android-hw-a51-11-0-aarch64-shippable-qr,True,False,,|c|o|l|d| |w|e|b|r|e|n|d|e|r|,102210fe594ee9b33d82058545b1ed14f4c8206e,loadtime,imdb,True,imdb loadtime opt cold webrender,,77,ms,geckoview,455944000,1035846,2024-04-26T01:33:24,2942.7,b89431ee0f24bcb481d894ad21288e4f09e1960d,1416487
autoland,4375374,13,92302d37db2c0dde32926e954404b4c8422e3f86,android-hw-a51-11-0-aarch64-shippable-qr,True,False,,|c|o|l|d| |w|e|b|r|e|n|d|e|r|,102210fe594ee9b33d82058545b1ed14f4c8206e,loadtime,imdb,True,imdb loadtime opt cold webrender,,77,ms,geckoview,455955950,1124862,2024-04-26T05:34:38,2927.6,ed2448d27fe2e034cd5804dc7310c3f72ac2eaa5,1416537
autoland,4375374,13,92302d37db2c0dde32926e954404b4c8422e3f86,android-hw-a51-11-0-aarch64-shippable-qr,True,False,,|c|o|l|d| |w|e|b|r|e|n|d|e|r|,102210fe594ee9b33d82058545b1ed14f4c8206e,loadtime,imdb,True,imdb loadtime opt cold webrender,,77,ms,geckoview,455978994,1249643,2024-04-26T09:39:43,2824.7,c8be3827903b85cfb4313957b4f308f696d3b0fe,1416671
autoland,4375374,13,92302d37db2c0dde32926e954404b4c8422e3f86,android-hw-a51-11-0-aarch64-shippable-qr,True,False,,|c|o|l|d| |w|e|b|r|e|n|d|e|r|,102210fe594ee9b33d82058545b1ed14f4c8206e,loadtime,imdb,True,imdb loadtime opt cold webrender,,77,ms,geckoview,456023793,1400608,2024-04-26T13:51:38,2856.0,462f013c08cacd7abfae1f2d1bf26354372a829f,1416831
autoland,4375374,13,92302d37db2c0dde32926e954404b4c8422e3f86,android-hw-a51-11-0-aarch64-shippable-qr,True,False,,|c|o|l|d| |w|e|b|r|e|n|d|e|r|,102210fe594ee9b33d82058545b1ed14f4c8206e,loadtime,imdb,True,imdb loadtime opt cold webrender,,77,ms,geckoview,456056293,1584829,2024-04-26T17:53:01,2891.8,ed101e266315213d1ad0a423c49bade6ff5df172,1417003
autoland,4375374,13,92302d37db2c0dde32926e954404b4c8422e3f86,android-hw-a51-11-0-aarch64-shippable-qr,True,False,,|c|o|l|d| |w|e|b|r|e|n|d|e|r|,102210fe594ee9b33d82058545b1ed14f4c8206e,loadtime,imdb,True,imdb loadtime opt cold webrender,,77,ms,geckoview,456079786,1663807,2024-04-26T22:54:36,2908.3,7b85c82d731ddab976c6abe7e54685cacaebba41,1417188
autoland,4375374,13,92302d37db2c0dde32926e954404b4c8422e3f86,android-hw-a51-11-0-aarch64-shippable-qr,True,False,,|c|o|l|d| |w|e|b|r|e|n|d|e|r|,102210fe594ee9b33d82058545b1ed14f4c8206e,loadtime,imdb,True,imdb loadtime opt cold webrender,,77,ms,geckoview,456093849,1759864,2024-04-27T03:46:15,2846.9,45defed78aafc90410c68310027bf771bcfc5968,1417229
autoland,4375374,13,92302d37db2c0dde32926e954404b4c8422e3f86,android-hw-a51-11-0-aarch64-shippable-qr,True,False,,|c|o|l|d| |w|e|b|r|e|n|d|e|r|,102210fe594ee9b33d82058545b1ed14f4c8206e,loadtime,imdb,True,imdb loadtime opt cold webrender,,77,ms,geckoview,456114333,1867060,2024-04-27T10:47:32,2951.7,b694b588a2936a5c99a0ecf2d9d8fb6382a2bff4,1417256
autoland,4375374,13,92302d37db2c0dde32926e954404b4c8422e3f86,android-hw-a51-11-0-aarch64-shippable-qr,True,False,,|c|o|l|d| |w|e|b|r|e|n|d|e|r|,102210fe594ee9b33d82058545b1ed14f4c8206e,loadtime,imdb,True,imdb loadtime opt cold webrender,,77,ms,geckoview,456136663,1954622,2024-04-27T18:43:51,2844.4,69bb72420e433fa8d66fff354e5ce90402289ac1,1417294
autoland,4375374,13,92302d37db2c0dde32926e954404b4c8422e3f86,android-hw-a51-11-0-aarch64-shippable-qr,True,False,,|c|o|l|d| |w|e|b|r|e|n|d|e|r|,102210fe594ee9b33d82058545b1ed14f4c8206e,loadtime,imdb,True,imdb loadtime opt cold webrender,,77,ms,geckoview,456149295,2020874,2024-04-27T22:45:22,2850.4,8256dde0533523666a60914881f81717e1705f8a,1417317
autoland,4375374,13,92302d37db2c0dde32926e954404b4c8422e3f86,android-hw-a51-11-0-aarch64-shippable-qr,True,False,,|c|o|l|d| |w|e|b|r|e|n|d|e|r|,102210fe594ee9b33d82058545b1ed14f4c8206e,loadtime,imdb,True,imdb loadtime opt cold webrender,,77,ms,geckoview,456156817,2051003,2024-04-28T03:23:06,2869.8,d1651fe33156a2aab5884ab1eaaaa8c5dd64631d,1417329
autoland,4375374,13,92302d37db2c0dde32926e954404b4c8422e3f86,android-hw-a51-11-0-aarch64-shippable-qr,True,False,,|c|o|l|d| |w|e|b|r|e|n|d|e|r|,102210fe594ee9b33d82058545b1ed14f4c8206e,loadtime,imdb,True,imdb loadtime opt cold webrender,,77,ms,geckoview,456178473,2160072,2024-04-28T10:04:44,2815.5,e479324bc8bb9135d7a48ad8ebc677725f27de37,1417378
autoland,4375374,13,92302d37db2c0dde32926e954404b4c8422e3f86,android-hw-a51-11-0-aarch64-shippable-qr,True,False,,|c|o|l|d| |w|e|b|r|e|n|d|e|r|,102210fe594ee9b33d82058545b1ed14f4c8206e,loadtime,imdb,True,imdb loadtime opt cold webrender,,77,ms,geckoview,456186369,2192648,2024-04-28T14:13:44,3176.7,f157e5d64220507743654737cdd9b5e74f4f3ed5,1417383
autoland,4375374,13,92302d37db2c0dde32926e954404b4c8422e3f86,android-hw-a51-11-0-aarch64-shippable-qr,True,False,,|c|o|l|d| |w|e|b|r|e|n|d|e|r|,102210fe594ee9b33d82058545b1ed14f4c8206e,loadtime,imdb,True,imdb loadtime opt cold webrender,,77,ms,geckoview,456191911,2223960,2024-04-28T19:02:33,2935.3,717a883474bedbbf5f420ffd52c76d3f6d4b910d,1417402
autoland,4375374,13,92302d37db2c0dde32926e954404b4c8422e3f86,android-hw-a51-11-0-aarch64-shippable-qr,True,False,,|c|o|l|d| |w|e|b|r|e|n|d|e|r|,102210fe594ee9b33d82058545b1ed14f4c8206e,loadtime,imdb,True,imdb loadtime opt cold webrender,,77,ms,geckoview,456208135,2293656,2024-04-29T00:22:43,2812.5,0481d43263e16ab0b359e3c85888197704857817,1417434
autoland,4375374,13,92302d37db2c0dde32926e954404b4c8422e3f86,android-hw-a51-11-0-aarch64-shippable-qr,True,False,,|c|o|l|d| |w|e|b|r|e|n|d|e|r|,102210fe594ee9b33d82058545b1ed14f4c8206e,loadtime,imdb,True,imdb loadtime opt cold webrender,,77,ms,geckoview,456216164,2357998,2024-04-29T06:17:09,2904.6,6b17c605c084e2db078b234e703a176d3b427fe1,1417456
autoland,4375374,13,92302d37db2c0dde32926e954404b4c8422e3f86,android-hw-a51-11-0-aarch64-shippable-qr,True,False,,|c|o|l|d| |w|e|b|r|e|n|d|e|r|,102210fe594ee9b33d82058545b1ed14f4c8206e,loadtime,imdb,True,imdb loadtime opt cold webrender,,77,ms,geckoview,456244022,2615459,2024-04-29T10:38:34,2868.7,04a668ef9c909b54153526f6b4e28b4287e80664,1417565
autoland,4375374,13,92302d37db2c0dde32926e954404b4c8422e3f86,android-hw-a51-11-0-aarch64-shippable-qr,True,False,,|c|o|l|d| |w|e|b|r|e|n|d|e|r|,102210fe594ee9b33d82058545b1ed14f4c8206e,loadtime,imdb,True,imdb loadtime opt cold webrender,,77,ms,geckoview,456295609,2731723,2024-04-29T14:46:23,2854.0,650dda9187436a12c66c2e81441e68e1d481e164,1417768
autoland,4375374,13,92302d37db2c0dde32926e954404b4c8422e3f86,android-hw-a51-11-0-aarch64-shippable-qr,True,False,,|c|o|l|d| |w|e|b|r|e|n|d|e|r|,102210fe594ee9b33d82058545b1ed14f4c8206e,loadtime,imdb,True,imdb loadtime opt cold webrender,,77,ms,geckoview,456318608,2901347,2024-04-29T17:19:25,2839.6,fb9d21d9a3f911f1748f03b323b8358292a5588c,1417921
autoland,4375374,13,92302d37db2c0dde32926e954404b4c8422e3f86,android-hw-a51-11-0-aarch64-shippable-qr,True,False,,|c|o|l|d| |w|e|b|r|e|n|d|e|r|,102210fe594ee9b33d82058545b1ed14f4c8206e,loadtime,imdb,True,imdb loadtime opt cold webrender,,77,ms,geckoview,456336201,2968977,2024-04-29T19:52:22,3328.8,e9cdeeb2f957d210479897325c1d72ded8f512a4,1418020
autoland,4375374,13,92302d37db2c0dde32926e954404b4c8422e3f86,android-hw-a51-11-0-aarch64-shippable-qr,True,False,,|c|o|l|d| |w|e|b|r|e|n|d|e|r|,102210fe594ee9b33d82058545b1ed14f4c8206e,loadtime,imdb,True,imdb loadtime opt cold webrender,,77,ms,geckoview,456368320,3088321,2024-04-30T00:02:50,2892.0,660a39c9cdc7fc3c728c5da5ccaa8856854fa346,1418169
autoland,4375374,13,92302d37db2c0dde32926e954404b4c8422e3f86,android-hw-a51-11-0-aarch64-shippable-qr,True,False,,|c|o|l|d| |w|e|b|r|e|n|d|e|r|,102210fe594ee9b33d82058545b1ed14f4c8206e,loadtime,imdb,True,imdb loadtime opt cold webrender,,77,ms,geckoview,456381569,3173584,2024-04-30T05:00:53,2865.8,0c6cd807867dbaf592b3c7db4eef81220fe03acf,1418256
autoland,4375374,13,92302d37db2c0dde32926e954404b4c8422e3f86,android-hw-a51-11-0-aarch64-shippable-qr,True,False,,|c|o|l|d| |w|e|b|r|e|n|d|e|r|,102210fe594ee9b33d82058545b1ed14f4c8206e,loadtime,imdb,True,imdb loadtime opt cold webrender,,77,ms,geckoview,456396145,3241300,2024-04-30T09:02:30,2858.6,5502377f2629549b2b7c5368c980d0487ed281d4,1418348
autoland,4375374,13,92302d37db2c0dde32926e954404b4c8422e3f86,android-hw-a51-11-0-aarch64-shippable-qr,True,False,,|c|o|l|d| |w|e|b|r|e|n|d|e|r|,102210fe594ee9b33d82058545b1ed14f4c8206e,loadtime,imdb,True,imdb loadtime opt cold webrender,,77,ms,geckoview,456441305,3404481,2024-04-30T13:09:55,2862.6,df31c6244c03bc65932fec706fefedf091587459,1418487
autoland,4375374,13,92302d37db2c0dde32926e954404b4c8422e3f86,android-hw-a51-11-0-aarch64-shippable-qr,True,False,,|c|o|l|d| |w|e|b|r|e|n|d|e|r|,102210fe594ee9b33d82058545b1ed14f4c8206e,loadtime,imdb,True,imdb loadtime opt cold webrender,,77,ms,geckoview,456462048,3540402,2024-04-30T16:26:23,2900.8,8f7500d7e530d9db7e5101922db97ea633705f4e,1418685
autoland,4375374,13,92302d37db2c0dde32926e954404b4c8422e3f86,android-hw-a51-11-0-aarch64-shippable-qr,True,False,,|c|o|l|d| |w|e|b|r|e|n|d|e|r|,102210fe594ee9b33d82058545b1ed14f4c8206e,loadtime,imdb,True,imdb loadtime opt cold webrender,,77,ms,geckoview,456482087,3628289,2024-04-30T19:24:53,2863.6,ec8f015d7e7237118cd2c9633310bf3b43bc902b,1418797
autoland,4375374,13,92302d37db2c0dde32926e954404b4c8422e3f86,android-hw-a51-11-0-aarch64-shippable-qr,True,False,,|c|o|l|d| |w|e|b|r|e|n|d|e|r|,102210fe594ee9b33d82058545b1ed14f4c8206e,loadtime,imdb,True,imdb loadtime opt cold webrender,,77,ms,geckoview,456514569,3773721,2024-04-30T23:32:26,2839.7,cd22a3f9463d7df724c7e17c83b6f9d8fe0dd54e,1418926
autoland,4375374,13,92302d37db2c0dde32926e954404b4c8422e3f86,android-hw-a51-11-0-aarch64-shippable-qr,True,False,,|c|o|l|d| |w|e|b|r|e|n|d|e|r|,102210fe594ee9b33d82058545b1ed14f4c8206e,loadtime,imdb,True,imdb loadtime opt cold webrender,,77,ms,geckoview,456523956,3843451,2024-05-01T03:47:22,2798.9,5801de1f3daa092cf721149dc96e7b073c172a92,1419018
autoland,4375374,13,92302d37db2c0dde32926e954404b4c8422e3f86,android-hw-a51-11-0-aarch64-shippable-qr,True,False,,|c|o|l|d| |w|e|b|r|e|n|d|e|r|,102210fe594ee9b33d82058545b1ed14f4c8206e,loadtime,imdb,True,imdb loadtime opt cold webrender,,77,ms,geckoview,456532444,3901298,2024-05-01T07:50:28,2810.4,287f670c824ebf9c8dbde990f795f92c94af4882,1419058
autoland,4375374,13,92302d37db2c0dde32926e954404b4c8422e3f86,android-hw-a51-11-0-aarch64-shippable-qr,True,False,,|c|o|l|d| |w|e|b|r|e|n|d|e|r|,102210fe594ee9b33d82058545b1ed14f4c8206e,loadtime,imdb,True,imdb loadtime opt cold webrender,,77,ms,geckoview,456578825,4090224,2024-05-01T18:27:07,2868.2,0c09216614e40f92d253d63a3699eb680be6773a,1419281
autoland,4375374,13,92302d37db2c0dde32926e954404b4c8422e3f86,android-hw-a51-11-0-aarch64-shippable-qr,True,False,,|c|o|l|d| |w|e|b|r|e|n|d|e|r|,102210fe594ee9b33d82058545b1ed14f4c8206e,loadtime,imdb,True,imdb loadtime opt cold webrender,,77,ms,geckoview,456607501,4246836,2024-05-01T20:27:27,2912.3,b8f4a7d4d873dccbf25b9bc2f3510753c2b3fde7,1419379
autoland,4375374,13,92302d37db2c0dde32926e954404b4c8422e3f86,android-hw-a51-11-0-aarch64-shippable-qr,True,False,,|c|o|l|d| |w|e|b|r|e|n|d|e|r|,102210fe594ee9b33d82058545b1ed14f4c8206e,loadtime,imdb,True,imdb loadtime opt cold webrender,,77,ms,geckoview,456617771,4314035,2024-05-01T23:13:57,2976.4,533fbd9c5056d0b2611e332cddafd7337193d64f,1419453
autoland,4375374,13,92302d37db2c0dde32926e954404b4c8422e3f86,android-hw-a51-11-0-aarch64-shippable-qr,True,False,,|c|o|l|d| |w|e|b|r|e|n|d|e|r|,102210fe594ee9b33d82058545b1ed14f4c8206e,loadtime,imdb,True,imdb loadtime opt cold webrender,,77,ms,geckoview,456638416,4416200,2024-05-02T04:22:12,2923.4,dda5d5286866494223d6cc52382d52032d961218,1419529
autoland,4375374,13,92302d37db2c0dde32926e954404b4c8422e3f86,android-hw-a51-11-0-aarch64-shippable-qr,True,False,,|c|o|l|d| |w|e|b|r|e|n|d|e|r|,102210fe594ee9b33d82058545b1ed14f4c8206e,loadtime,imdb,True,imdb loadtime opt cold webrender,,77,ms,geckoview,456661396,4591582,2024-05-02T08:48:43,2959.1,8f1e622a3413df009913d856f603c77b8e637efc,1419618
autoland,4375374,13,92302d37db2c0dde32926e954404b4c8422e3f86,android-hw-a51-11-0-aarch64-shippable-qr,True,False,,|c|o|l|d| |w|e|b|r|e|n|d|e|r|,102210fe594ee9b33d82058545b1ed14f4c8206e,loadtime,imdb,True,imdb loadtime opt cold webrender,,77,ms,geckoview,456696923,4797582,2024-05-02T12:53:32,2846.7,ea25d02dac47e6880ab5b936adc308c24cbeab32,1419765
autoland,4375374,13,92302d37db2c0dde32926e954404b4c8422e3f86,android-hw-a51-11-0-aarch64-shippable-qr,True,False,,|c|o|l|d| |w|e|b|r|e|n|d|e|r|,102210fe594ee9b33d82058545b1ed14f4c8206e,loadtime,imdb,True,imdb loadtime opt cold webrender,,77,ms,geckoview,456721078,4895688,2024-05-02T15:44:03,2812.3,91cfcfc5935b5ac51c36c1a08a064c33a2d96fd5,1419950
autoland,4375374,13,92302d37db2c0dde32926e954404b4c8422e3f86,android-hw-a51-11-0-aarch64-shippable-qr,True,False,,|c|o|l|d| |w|e|b|r|e|n|d|e|r|,102210fe594ee9b33d82058545b1ed14f4c8206e,loadtime,imdb,True,imdb loadtime opt cold webrender,,77,ms,geckoview,456736919,4994983,2024-05-02T17:57:36,2824.0,3a0b95c0a8b3e334c5811a26420f39aaba7e5be3,1420053
autoland,4375374,13,92302d37db2c0dde32926e954404b4c8422e3f86,android-hw-a51-11-0-aarch64-shippable-qr,True,False,,|c|o|l|d| |w|e|b|r|e|n|d|e|r|,102210fe594ee9b33d82058545b1ed14f4c8206e,loadtime,imdb,True,imdb loadtime opt cold webrender,,77,ms,geckoview,456776710,5148390,2024-05-02T23:51:01,2829.4,f5cfc0ea73926b119ca193381efffbfa5859d867,1420328
autoland,4375374,13,92302d37db2c0dde32926e954404b4c8422e3f86,android-hw-a51-11-0-aarch64-shippable-qr,True,False,,|c|o|l|d| |w|e|b|r|e|n|d|e|r|,102210fe594ee9b33d82058545b1ed14f4c8206e,loadtime,imdb,True,imdb loadtime opt cold webrender,,77,ms,geckoview,456791060,5274339,2024-05-03T04:04:06,2855.7,c5c13444d9afc38f2ee8d567a1a17f26a9b6659b,1420386
autoland,4375374,13,92302d37db2c0dde32926e954404b4c8422e3f86,android-hw-a51-11-0-aarch64-shippable-qr,True,False,,|c|o|l|d| |w|e|b|r|e|n|d|e|r|,102210fe594ee9b33d82058545b1ed14f4c8206e,loadtime,imdb,True,imdb loadtime opt cold webrender,,77,ms,geckoview,456814048,5370127,2024-05-03T08:10:40,2922.3,fd534101970b397f34b099196fabc43b927c7fcf,1420452
autoland,4375374,13,92302d37db2c0dde32926e954404b4c8422e3f86,android-hw-a51-11-0-aarch64-shippable-qr,True,False,,|c|o|l|d| |w|e|b|r|e|n|d|e|r|,102210fe594ee9b33d82058545b1ed14f4c8206e,loadtime,imdb,True,imdb loadtime opt cold webrender,,77,ms,geckoview,456857192,5570160,2024-05-03T12:18:12,2826.3,e91d8e436dcc57f87d15822b1dc5b12644cb980e,1420590
autoland,4375374,13,92302d37db2c0dde32926e954404b4c8422e3f86,android-hw-a51-11-0-aarch64-shippable-qr,True,False,,|c|o|l|d| |w|e|b|r|e|n|d|e|r|,102210fe594ee9b33d82058545b1ed14f4c8206e,loadtime,imdb,True,imdb loadtime opt cold webrender,,77,ms,geckoview,456889037,5793556,2024-05-03T16:29:14,2915.8,0a8a8f84140a331e815f8520a76a3c928e4486ea,1420823
autoland,4375374,13,92302d37db2c0dde32926e954404b4c8422e3f86,android-hw-a51-11-0-aarch64-shippable-qr,True,False,,|c|o|l|d| |w|e|b|r|e|n|d|e|r|,102210fe594ee9b33d82058545b1ed14f4c8206e,loadtime,imdb,True,imdb loadtime opt cold webrender,,77,ms,geckoview,456908310,5954557,2024-05-03T19:41:01,2863.5,1e88e24f01e40c6d9b7e3f222f4fbb0d55c9639d,1420975
autoland,4375374,13,92302d37db2c0dde32926e954404b4c8422e3f86,android-hw-a51-11-0-aarch64-shippable-qr,True,False,,|c|o|l|d| |w|e|b|r|e|n|d|e|r|,102210fe594ee9b33d82058545b1ed14f4c8206e,loadtime,imdb,True,imdb loadtime opt cold webrender,,77,ms,geckoview,456934865,6099863,2024-05-04T00:06:35,2805.2,b5ebcaf20c9cca5a0f4b965c398f0f26296df1b5,1421120
autoland,4375374,13,92302d37db2c0dde32926e954404b4c8422e3f86,android-hw-a51-11-0-aarch64-shippable-qr,True,False,,|c|o|l|d| |w|e|b|r|e|n|d|e|r|,102210fe594ee9b33d82058545b1ed14f4c8206e,loadtime,imdb,True,imdb loadtime opt cold webrender,,77,ms,geckoview,456955102,6238501,2024-05-04T09:19:48,2817.0,a546ec29a8018c8e98e738460e9bdfd5d4003690,1421174
autoland,4375374,13,92302d37db2c0dde32926e954404b4c8422e3f86,android-hw-a51-11-0-aarch64-shippable-qr,True,False,,|c|o|l|d| |w|e|b|r|e|n|d|e|r|,102210fe594ee9b33d82058545b1ed14f4c8206e,loadtime,imdb,True,imdb loadtime opt cold webrender,,77,ms,geckoview,456978941,6349573,2024-05-04T19:44:42,2854.8,422a6a673019bc0e2dfd459eceee9594246a0a9d,1421318
autoland,4375374,13,92302d37db2c0dde32926e954404b4c8422e3f86,android-hw-a51-11-0-aarch64-shippable-qr,True,False,,|c|o|l|d| |w|e|b|r|e|n|d|e|r|,102210fe594ee9b33d82058545b1ed14f4c8206e,loadtime,imdb,True,imdb loadtime opt cold webrender,,77,ms,geckoview,456996632,6425836,2024-05-05T00:17:27,2994.3,1343ec609dea28acb4b297bebd481211e1742b11,1421344
autoland,4375374,13,92302d37db2c0dde32926e954404b4c8422e3f86,android-hw-a51-11-0-aarch64-shippable-qr,True,False,,|c|o|l|d| |w|e|b|r|e|n|d|e|r|,102210fe594ee9b33d82058545b1ed14f4c8206e,loadtime,imdb,True,imdb loadtime opt cold webrender,,77,ms,geckoview,457010120,6521894,2024-05-05T08:06:08,2977.5,5c3e0ef9b916432dfc42f800c3c7997f58ae5a63,1421422
autoland,4375374,13,92302d37db2c0dde32926e954404b4c8422e3f86,android-hw-a51-11-0-aarch64-shippable-qr,True,False,,|c|o|l|d| |w|e|b|r|e|n|d|e|r|,102210fe594ee9b33d82058545b1ed14f4c8206e,loadtime,imdb,True,imdb loadtime opt cold webrender,,77,ms,geckoview,457031723,6635903,2024-05-05T13:09:56,2864.4,286a373804e5360a54d51ec691ba7bfd02def155,1421444
autoland,4375374,13,92302d37db2c0dde32926e954404b4c8422e3f86,android-hw-a51-11-0-aarch64-shippable-qr,True,False,,|c|o|l|d| |w|e|b|r|e|n|d|e|r|,102210fe594ee9b33d82058545b1ed14f4c8206e,loadtime,imdb,True,imdb loadtime opt cold webrender,,77,ms,geckoview,457036351,6686951,2024-05-05T17:38:00,2894.9,a6cb5ac7a79af000e99bf48f04ecb2943fcd3c68,1421459
autoland,4375374,13,92302d37db2c0dde32926e954404b4c8422e3f86,android-hw-a51-11-0-aarch64-shippable-qr,True,False,,|c|o|l|d| |w|e|b|r|e|n|d|e|r|,102210fe594ee9b33d82058545b1ed14f4c8206e,loadtime,imdb,True,imdb loadtime opt cold webrender,,77,ms,geckoview,457055354,6796427,2024-05-05T22:09:52,2864.7,ea67e3b59c22cea8a2c797ce9a6608d3ddeaeca9,1421479
autoland,4375374,13,92302d37db2c0dde32926e954404b4c8422e3f86,android-hw-a51-11-0-aarch64-shippable-qr,True,False,,|c|o|l|d| |w|e|b|r|e|n|d|e|r|,102210fe594ee9b33d82058545b1ed14f4c8206e,loadtime,imdb,True,imdb loadtime opt cold webrender,,77,ms,geckoview,457060788,6846966,2024-05-06T03:19:39,2822.4,ab041350c7569b831b00994a96625b9354dcf6b6,1421502
autoland,4375374,13,92302d37db2c0dde32926e954404b4c8422e3f86,android-hw-a51-11-0-aarch64-shippable-qr,True,False,,|c|o|l|d| |w|e|b|r|e|n|d|e|r|,102210fe594ee9b33d82058545b1ed14f4c8206e,loadtime,imdb,True,imdb loadtime opt cold webrender,,77,ms,geckoview,457070762,6909916,2024-05-06T07:31:35,2943.3,65e120a9c1dcb9c8f1c8930e808b03aa149eaf40,1421524
autoland,4375374,13,92302d37db2c0dde32926e954404b4c8422e3f86,android-hw-a51-11-0-aarch64-shippable-qr,True,False,,|c|o|l|d| |w|e|b|r|e|n|d|e|r|,102210fe594ee9b33d82058545b1ed14f4c8206e,loadtime,imdb,True,imdb loadtime opt cold webrender,,77,ms,geckoview,457102636,7113987,2024-05-06T11:33:14,2951.0,13b26e8e0e39998b30b388bb6f5d84c0e8067c03,1421623
autoland,4375374,13,92302d37db2c0dde32926e954404b4c8422e3f86,android-hw-a51-11-0-aarch64-shippable-qr,True,False,,|c|o|l|d| |w|e|b|r|e|n|d|e|r|,102210fe594ee9b33d82058545b1ed14f4c8206e,loadtime,imdb,True,imdb loadtime opt cold webrender,,77,ms,geckoview,457132404,7241568,2024-05-06T15:35:21,2883.4,26e8012d5da938871783505e3753b681ab8cb186,1421812
autoland,4375374,13,92302d37db2c0dde32926e954404b4c8422e3f86,android-hw-a51-11-0-aarch64-shippable-qr,True,False,,|c|o|l|d| |w|e|b|r|e|n|d|e|r|,102210fe594ee9b33d82058545b1ed14f4c8206e,loadtime,imdb,True,imdb loadtime opt cold webrender,,77,ms,geckoview,457152749,7272483,2024-05-06T17:44:25,2840.0,eb10b86b18adfc70952409e13993f834d33fa099,1421908
autoland,4375374,13,92302d37db2c0dde32926e954404b4c8422e3f86,android-hw-a51-11-0-aarch64-shippable-qr,True,False,,|c|o|l|d| |w|e|b|r|e|n|d|e|r|,102210fe594ee9b33d82058545b1ed14f4c8206e,loadtime,imdb,True,imdb loadtime opt cold webrender,,77,ms,geckoview,457176741,7371449,2024-05-06T20:39:16,2935.9,4c7b1942b455d9c365693e5584f7ea86c5b33615,1422073
autoland,4375374,13,92302d37db2c0dde32926e954404b4c8422e3f86,android-hw-a51-11-0-aarch64-shippable-qr,True,False,,|c|o|l|d| |w|e|b|r|e|n|d|e|r|,102210fe594ee9b33d82058545b1ed14f4c8206e,loadtime,imdb,True,imdb loadtime opt cold webrender,,77,ms,geckoview,457211564,7516252,2024-05-07T01:41:54,2868.1,945bbd356b57424bcdb359e6d88c48cd03ff2c10,1422278
autoland,4375374,13,92302d37db2c0dde32926e954404b4c8422e3f86,android-hw-a51-11-0-aarch64-shippable-qr,True,False,,|c|o|l|d| |w|e|b|r|e|n|d|e|r|,102210fe594ee9b33d82058545b1ed14f4c8206e,loadtime,imdb,True,imdb loadtime opt cold webrender,,77,ms,geckoview,457228277,7601007,2024-05-07T06:04:59,2968.4,80150ac16109a11457c3103e68bf1c7ac29270c0,1422341
autoland,4375374,13,92302d37db2c0dde32926e954404b4c8422e3f86,android-hw-a51-11-0-aarch64-shippable-qr,True,False,,|c|o|l|d| |w|e|b|r|e|n|d|e|r|,102210fe594ee9b33d82058545b1ed14f4c8206e,loadtime,imdb,True,imdb loadtime opt cold webrender,,77,ms,geckoview,457276561,7825915,2024-05-07T10:41:19,2894.1,641e15621e7bd2e0e8a2fab82d2b9838e386c3c4,1422484
autoland,4375374,13,92302d37db2c0dde32926e954404b4c8422e3f86,android-hw-a51-11-0-aarch64-shippable-qr,True,False,,|c|o|l|d| |w|e|b|r|e|n|d|e|r|,102210fe594ee9b33d82058545b1ed14f4c8206e,loadtime,imdb,True,imdb loadtime opt cold webrender,,77,ms,geckoview,457313227,7946222,2024-05-07T14:42:49,5797.8,0041f761ddff5c598852d2b5cc41772a3a11cd0b,1422671
autoland,4375374,13,92302d37db2c0dde32926e954404b4c8422e3f86,android-hw-a51-11-0-aarch64-shippable-qr,True,False,,|c|o|l|d| |w|e|b|r|e|n|d|e|r|,102210fe594ee9b33d82058545b1ed14f4c8206e,loadtime,imdb,True,imdb loadtime opt cold webrender,,77,ms,geckoview,457345215,8148652,2024-05-07T18:25:44,2885.8,425b44586178edae02872c1fbc0220a0b4ff4c1d,1422943
autoland,4375374,13,92302d37db2c0dde32926e954404b4c8422e3f86,android-hw-a51-11-0-aarch64-shippable-qr,True,False,,|c|o|l|d| |w|e|b|r|e|n|d|e|r|,102210fe594ee9b33d82058545b1ed14f4c8206e,loadtime,imdb,True,imdb loadtime opt cold webrender,,77,ms,geckoview,457376993,8344618,2024-05-07T22:14:58,2889.9,149e752fdb3fa75a3a02f55e7c7c91f7f704cf8a,1423124
autoland,4375374,13,92302d37db2c0dde32926e954404b4c8422e3f86,android-hw-a51-11-0-aarch64-shippable-qr,True,False,,|c|o|l|d| |w|e|b|r|e|n|d|e|r|,102210fe594ee9b33d82058545b1ed14f4c8206e,loadtime,imdb,True,imdb loadtime opt cold webrender,,77,ms,geckoview,457408948,8473039,2024-05-08T04:41:52,2974.0,a0b3e2669a2dc49c467521cb9b7966ca05e3dbc3,1423269
autoland,4375374,13,92302d37db2c0dde32926e954404b4c8422e3f86,android-hw-a51-11-0-aarch64-shippable-qr,True,False,,|c|o|l|d| |w|e|b|r|e|n|d|e|r|,102210fe594ee9b33d82058545b1ed14f4c8206e,loadtime,imdb,True,imdb loadtime opt cold webrender,,77,ms,geckoview,457422425,8555241,2024-05-08T08:48:11,2832.6,bec816ef2f2c29ed86b08bb592d6283618418e16,1423316
autoland,4375374,13,92302d37db2c0dde32926e954404b4c8422e3f86,android-hw-a51-11-0-aarch64-shippable-qr,True,False,,|c|o|l|d| |w|e|b|r|e|n|d|e|r|,102210fe594ee9b33d82058545b1ed14f4c8206e,loadtime,imdb,True,imdb loadtime opt cold webrender,,77,ms,geckoview,457460617,8705283,2024-05-08T13:09:13,2891.8,ed7b6f65910afcd687ef5aaa25605666805796bb,1423417
autoland,4375374,13,92302d37db2c0dde32926e954404b4c8422e3f86,android-hw-a51-11-0-aarch64-shippable-qr,True,False,,|c|o|l|d| |w|e|b|r|e|n|d|e|r|,102210fe594ee9b33d82058545b1ed14f4c8206e,loadtime,imdb,True,imdb loadtime opt cold webrender,,77,ms,geckoview,457478801,8799069,2024-05-08T15:06:56,2931.5,1ebb69c4b2f06a5c589775b3bb2855e58164a487,1423517
autoland,4375374,13,92302d37db2c0dde32926e954404b4c8422e3f86,android-hw-a51-11-0-aarch64-shippable-qr,True,False,,|c|o|l|d| |w|e|b|r|e|n|d|e|r|,102210fe594ee9b33d82058545b1ed14f4c8206e,loadtime,imdb,True,imdb loadtime opt cold webrender,,77,ms,geckoview,457532861,9051278,2024-05-08T18:58:38,2903.9,c07ec5ce9aa1d890134ffb93e07d7d0335f27378,1423722
autoland,4375374,13,92302d37db2c0dde32926e954404b4c8422e3f86,android-hw-a51-11-0-aarch64-shippable-qr,True,False,,|c|o|l|d| |w|e|b|r|e|n|d|e|r|,102210fe594ee9b33d82058545b1ed14f4c8206e,loadtime,imdb,True,imdb loadtime opt cold webrender,,77,ms,geckoview,457542715,9097909,2024-05-08T23:49:41,2909.7,01861e5e1b98806940ababc254bb686f52623b40,1423919
autoland,4375374,13,92302d37db2c0dde32926e954404b4c8422e3f86,android-hw-a51-11-0-aarch64-shippable-qr,True,False,,|c|o|l|d| |w|e|b|r|e|n|d|e|r|,102210fe594ee9b33d82058545b1ed14f4c8206e,loadtime,imdb,True,imdb loadtime opt cold webrender,,77,ms,geckoview,457557068,9181765,2024-05-09T04:11:38,2943.7,c0f58fd74e56b24f67fccae08097d151e21a0f80,1423993
autoland,4375374,13,92302d37db2c0dde32926e954404b4c8422e3f86,android-hw-a51-11-0-aarch64-shippable-qr,True,False,,|c|o|l|d| |w|e|b|r|e|n|d|e|r|,102210fe594ee9b33d82058545b1ed14f4c8206e,loadtime,imdb,True,imdb loadtime opt cold webrender,,77,ms,geckoview,457571651,9289465,2024-05-09T08:49:31,2936.7,92274e732410e980f3458a3c592415924a307260,1424041
autoland,4375374,13,92302d37db2c0dde32926e954404b4c8422e3f86,android-hw-a51-11-0-aarch64-shippable-qr,True,False,,|c|o|l|d| |w|e|b|r|e|n|d|e|r|,102210fe594ee9b33d82058545b1ed14f4c8206e,loadtime,imdb,True,imdb loadtime opt cold webrender,,77,ms,geckoview,457601684,9406251,2024-05-09T13:14:57,2894.8,63503ccafb0395402807ed1da634fa38b3e626ce,1424113
autoland,4375374,13,92302d37db2c0dde32926e954404b4c8422e3f86,android-hw-a51-11-0-aarch64-shippable-qr,True,False,,|c|o|l|d| |w|e|b|r|e|n|d|e|r|,102210fe594ee9b33d82058545b1ed14f4c8206e,loadtime,imdb,True,imdb loadtime opt cold webrender,,77,ms,geckoview,457630252,9544052,2024-05-09T16:49:06,2836.5,8f49349eeb0ec5df0e1dd3ddd98423138921a029,1424236
autoland,4375374,13,92302d37db2c0dde32926e954404b4c8422e3f86,android-hw-a51-11-0-aarch64-shippable-qr,True,False,,|c|o|l|d| |w|e|b|r|e|n|d|e|r|,102210fe594ee9b33d82058545b1ed14f4c8206e,loadtime,imdb,True,imdb loadtime opt cold webrender,,77,ms,geckoview,457674298,9732159,2024-05-10T01:48:09,2959.4,63c1eada944ca4fb581301f40dcf9f8c71a72faf,1424449
autoland,4375374,13,92302d37db2c0dde32926e954404b4c8422e3f86,android-hw-a51-11-0-aarch64-shippable-qr,True,False,,|c|o|l|d| |w|e|b|r|e|n|d|e|r|,102210fe594ee9b33d82058545b1ed14f4c8206e,loadtime,imdb,True,imdb loadtime opt cold webrender,,77,ms,geckoview,457684384,9811694,2024-05-10T06:24:19,2986.1,4df4e109202ff67836eaa61c66a7c65a2f712e11,1424496
autoland,4375374,13,92302d37db2c0dde32926e954404b4c8422e3f86,android-hw-a51-11-0-aarch64-shippable-qr,True,False,,|c|o|l|d| |w|e|b|r|e|n|d|e|r|,102210fe594ee9b33d82058545b1ed14f4c8206e,loadtime,imdb,True,imdb loadtime opt cold webrender,,77,ms,geckoview,457705677,10033103,2024-05-10T10:32:58,2909.9,16c706919fcf22df1fae8499d4c05d7c88de5109,1424596
autoland,4375374,13,92302d37db2c0dde32926e954404b4c8422e3f86,android-hw-a51-11-0-aarch64-shippable-qr,True,False,,|c|o|l|d| |w|e|b|r|e|n|d|e|r|,102210fe594ee9b33d82058545b1ed14f4c8206e,loadtime,imdb,True,imdb loadtime opt cold webrender,,77,ms,geckoview,457724980,10112190,2024-05-10T14:42:49,2830.6,77947807186b6fdeb6a22175f148b4de75f0c13f,1424715
autoland,4375374,13,92302d37db2c0dde32926e954404b4c8422e3f86,android-hw-a51-11-0-aarch64-shippable-qr,True,False,,|c|o|l|d| |w|e|b|r|e|n|d|e|r|,102210fe594ee9b33d82058545b1ed14f4c8206e,loadtime,imdb,True,imdb loadtime opt cold webrender,,77,ms,geckoview,457752320,10149786,2024-05-10T19:04:52,2894.0,b09dd768d80e3ba321a5db4a0d534ea0c5385465,1424880
autoland,4375374,13,92302d37db2c0dde32926e954404b4c8422e3f86,android-hw-a51-11-0-aarch64-shippable-qr,True,False,,|c|o|l|d| |w|e|b|r|e|n|d|e|r|,102210fe594ee9b33d82058545b1ed14f4c8206e,loadtime,imdb,True,imdb loadtime opt cold webrender,,77,ms,geckoview,457774410,10286137,2024-05-11T00:21:09,2898.9,b97e78c73256d2eb8509d13957dcc69a01a42524,1425017
autoland,4375374,13,92302d37db2c0dde32926e954404b4c8422e3f86,android-hw-a51-11-0-aarch64-shippable-qr,True,False,,|c|o|l|d| |w|e|b|r|e|n|d|e|r|,102210fe594ee9b33d82058545b1ed14f4c8206e,loadtime,imdb,True,imdb loadtime opt cold webrender,,77,ms,geckoview,457799348,10390938,2024-05-11T14:45:49,3024.2,bb523bc0c70b92a37aa40712e0a1943e32ed6292,1425080
autoland,4375374,13,92302d37db2c0dde32926e954404b4c8422e3f86,android-hw-a51-11-0-aarch64-shippable-qr,True,False,,|c|o|l|d| |w|e|b|r|e|n|d|e|r|,102210fe594ee9b33d82058545b1ed14f4c8206e,loadtime,imdb,True,imdb loadtime opt cold webrender,,77,ms,geckoview,457813840,10458303,2024-05-12T00:21:54,2837.1,6d2805dd61cb37ade292b230f9ffe14f956f1708,1425090
autoland,4375374,13,92302d37db2c0dde32926e954404b4c8422e3f86,android-hw-a51-11-0-aarch64-shippable-qr,True,False,,|c|o|l|d| |w|e|b|r|e|n|d|e|r|,102210fe594ee9b33d82058545b1ed14f4c8206e,loadtime,imdb,True,imdb loadtime opt cold webrender,,77,ms,geckoview,457838472,10553500,2024-05-12T16:46:56,2894.4,45d7400ced7eab36c5e094eabc83333b77bd5212,1425114
autoland,4375374,13,92302d37db2c0dde32926e954404b4c8422e3f86,android-hw-a51-11-0-aarch64-shippable-qr,True,False,,|c|o|l|d| |w|e|b|r|e|n|d|e|r|,102210fe594ee9b33d82058545b1ed14f4c8206e,loadtime,imdb,True,imdb loadtime opt cold webrender,,77,ms,geckoview,457861089,10640599,2024-05-13T00:18:21,2913.6,7d78cd997aff7a651b50b19b4a95117acc7fbd5e,1425138
autoland,4375374,13,92302d37db2c0dde32926e954404b4c8422e3f86,android-hw-a51-11-0-aarch64-shippable-qr,True,False,,|c|o|l|d| |w|e|b|r|e|n|d|e|r|,102210fe594ee9b33d82058545b1ed14f4c8206e,loadtime,imdb,True,imdb loadtime opt cold webrender,,77,ms,geckoview,457868927,10712107,2024-05-13T05:40:34,2904.2,028d6e7dae26137f7e83b675a467248c1b7e7459,1425171
autoland,4375374,13,92302d37db2c0dde32926e954404b4c8422e3f86,android-hw-a51-11-0-aarch64-shippable-qr,True,False,,|c|o|l|d| |w|e|b|r|e|n|d|e|r|,102210fe594ee9b33d82058545b1ed14f4c8206e,loadtime,imdb,True,imdb loadtime opt cold webrender,,77,ms,geckoview,457892647,10810138,2024-05-13T09:49:27,2867.9,1aba283a0c10087922e138bf0eb8169fe0fb0453,1425313
autoland,4375374,13,92302d37db2c0dde32926e954404b4c8422e3f86,android-hw-a51-11-0-aarch64-shippable-qr,True,False,,|c|o|l|d| |w|e|b|r|e|n|d|e|r|,102210fe594ee9b33d82058545b1ed14f4c8206e,loadtime,imdb,True,imdb loadtime opt cold webrender,,77,ms,geckoview,457929137,11277021,2024-05-13T13:39:35,2912.1,b6d210063e2361ddf8016764d5686fb759cdc959,1425441
autoland,4375374,13,92302d37db2c0dde32926e954404b4c8422e3f86,android-hw-a51-11-0-aarch64-shippable-qr,True,False,,|c|o|l|d| |w|e|b|r|e|n|d|e|r|,102210fe594ee9b33d82058545b1ed14f4c8206e,loadtime,imdb,True,imdb loadtime opt cold webrender,,77,ms,geckoview,457954145,11385145,2024-05-13T16:41:34,2825.9,08e4ca828755427c47e151c8afc2cec380e31a9e,1425593
autoland,4375374,13,92302d37db2c0dde32926e954404b4c8422e3f86,android-hw-a51-11-0-aarch64-shippable-qr,True,False,,|c|o|l|d| |w|e|b|r|e|n|d|e|r|,102210fe594ee9b33d82058545b1ed14f4c8206e,loadtime,imdb,True,imdb loadtime opt cold webrender,,77,ms,geckoview,457989243,11441761,2024-05-13T20:35:48,2826.1,080acbd234b3d95bed203c9e575f7841db819f01,1425765
autoland,4375374,13,92302d37db2c0dde32926e954404b4c8422e3f86,android-hw-a51-11-0-aarch64-shippable-qr,True,False,,|c|o|l|d| |w|e|b|r|e|n|d|e|r|,102210fe594ee9b33d82058545b1ed14f4c8206e,loadtime,imdb,True,imdb loadtime opt cold webrender,,77,ms,geckoview,458010933,11464127,2024-05-13T23:27:47,2863.1,7dcf45990771541f86bb277f9bb02a5eed4fea03,1425894
autoland,4375374,13,92302d37db2c0dde32926e954404b4c8422e3f86,android-hw-a51-11-0-aarch64-shippable-qr,True,False,,|c|o|l|d| |w|e|b|r|e|n|d|e|r|,102210fe594ee9b33d82058545b1ed14f4c8206e,loadtime,imdb,True,imdb loadtime opt cold webrender,,77,ms,geckoview,458029790,11557471,2024-05-14T03:39:07,2930.0,d16ac4c1714c9c7e11450a9e92c001aed043d0d4,1425986
autoland,4375374,13,92302d37db2c0dde32926e954404b4c8422e3f86,android-hw-a51-11-0-aarch64-shippable-qr,True,False,,|c|o|l|d| |w|e|b|r|e|n|d|e|r|,102210fe594ee9b33d82058545b1ed14f4c8206e,loadtime,imdb,True,imdb loadtime opt cold webrender,,77,ms,geckoview,458063102,11750358,2024-05-14T07:54:52,3952.6,f0390136ebbeef553f7b365c19300ce28d4179c4,1426102
autoland,4375374,13,92302d37db2c0dde32926e954404b4c8422e3f86,android-hw-a51-11-0-aarch64-shippable-qr,True,False,,|c|o|l|d| |w|e|b|r|e|n|d|e|r|,102210fe594ee9b33d82058545b1ed14f4c8206e,loadtime,imdb,True,imdb loadtime opt cold webrender,,77,ms,geckoview,458102754,11947116,2024-05-14T11:57:58,2877.8,8d7fe48731d96d8dd803d469596ddaca6cb5a0ec,1426247
autoland,4375374,13,92302d37db2c0dde32926e954404b4c8422e3f86,android-hw-a51-11-0-aarch64-shippable-qr,True,False,,|c|o|l|d| |w|e|b|r|e|n|d|e|r|,102210fe594ee9b33d82058545b1ed14f4c8206e,loadtime,imdb,True,imdb loadtime opt cold webrender,,77,ms,geckoview,458129519,12016122,2024-05-14T15:33:27,2849.4,caca40032c919be5b69aade7259c79cecd91b1a2,1426417
autoland,4375374,13,92302d37db2c0dde32926e954404b4c8422e3f86,android-hw-a51-11-0-aarch64-shippable-qr,True,False,,|c|o|l|d| |w|e|b|r|e|n|d|e|r|,102210fe594ee9b33d82058545b1ed14f4c8206e,loadtime,imdb,True,imdb loadtime opt cold webrender,,77,ms,geckoview,458163591,12137406,2024-05-14T19:46:37,3020.4,b2c1906d3f6e950d783cb681442333a5cea96d8f,1426621
autoland,4375374,13,92302d37db2c0dde32926e954404b4c8422e3f86,android-hw-a51-11-0-aarch64-shippable-qr,True,False,,|c|o|l|d| |w|e|b|r|e|n|d|e|r|,102210fe594ee9b33d82058545b1ed14f4c8206e,loadtime,imdb,True,imdb loadtime opt cold webrender,,77,ms,geckoview,458183145,12227340,2024-05-14T21:03:17,2956.5,9db188aa6dacbe8e499de5f808c00c672de477a3,1426701
autoland,4375374,13,92302d37db2c0dde32926e954404b4c8422e3f86,android-hw-a51-11-0-aarch64-shippable-qr,True,False,,|c|o|l|d| |w|e|b|r|e|n|d|e|r|,102210fe594ee9b33d82058545b1ed14f4c8206e,loadtime,imdb,True,imdb loadtime opt cold webrender,,77,ms,geckoview,458188098,12331398,2024-05-14T21:35:52,3084.7,8f2cbb280731a94a6c9281f99425c40858de6a3f,1426752
autoland,4375374,13,92302d37db2c0dde32926e954404b4c8422e3f86,android-hw-a51-11-0-aarch64-shippable-qr,True,False,,|c|o|l|d| |w|e|b|r|e|n|d|e|r|,102210fe594ee9b33d82058545b1ed14f4c8206e,loadtime,imdb,True,imdb loadtime opt cold webrender,,77,ms,geckoview,458223033,12468982,2024-05-15T03:28:49,2967.0,d1e48e814ff55a857965d9acb56baf1f3c5c1b9a,1426897
autoland,4375374,13,92302d37db2c0dde32926e954404b4c8422e3f86,android-hw-a51-11-0-aarch64-shippable-qr,True,False,,|c|o|l|d| |w|e|b|r|e|n|d|e|r|,102210fe594ee9b33d82058545b1ed14f4c8206e,loadtime,imdb,True,imdb loadtime opt cold webrender,,77,ms,geckoview,458236649,12626177,2024-05-15T05:56:14,2802.4,7a03e71dc0a13a5213cac25a053dd7ef56ea33ad,1426953
autoland,4375374,13,92302d37db2c0dde32926e954404b4c8422e3f86,android-hw-a51-11-0-aarch64-shippable-qr,True,False,,|c|o|l|d| |w|e|b|r|e|n|d|e|r|,102210fe594ee9b33d82058545b1ed14f4c8206e,loadtime,imdb,True,imdb loadtime opt cold webrender,,77,ms,geckoview,458272934,12770797,2024-05-15T10:31:04,2883.8,32e2d80f1703e05cced1b86c6a3fce6034763816,1427130
autoland,4375374,13,92302d37db2c0dde32926e954404b4c8422e3f86,android-hw-a51-11-0-aarch64-shippable-qr,True,False,,|c|o|l|d| |w|e|b|r|e|n|d|e|r|,102210fe594ee9b33d82058545b1ed14f4c8206e,loadtime,imdb,True,imdb loadtime opt cold webrender,,77,ms,geckoview,458306531,12801022,2024-05-15T12:49:26,2893.2,d0e5aee15a6aed29eb8bc65a0af90b963d967526,1427226
autoland,4375374,13,92302d37db2c0dde32926e954404b4c8422e3f86,android-hw-a51-11-0-aarch64-shippable-qr,True,False,,|c|o|l|d| |w|e|b|r|e|n|d|e|r|,102210fe594ee9b33d82058545b1ed14f4c8206e,loadtime,imdb,True,imdb loadtime opt cold webrender,,77,ms,geckoview,458348147,12955987,2024-05-15T16:49:59,2852.9,5859e06f261afa608d8033428609bdbd4bfab5fe,1427464
autoland,4375374,13,92302d37db2c0dde32926e954404b4c8422e3f86,android-hw-a51-11-0-aarch64-shippable-qr,True,False,,|c|o|l|d| |w|e|b|r|e|n|d|e|r|,102210fe594ee9b33d82058545b1ed14f4c8206e,loadtime,imdb,True,imdb loadtime opt cold webrender,,77,ms,geckoview,458349805,12974181,2024-05-15T19:23:39,2898.3,6459cc1b5bbf309f81d99ed4f39bb0017c58c872,1427624
autoland,4375374,13,92302d37db2c0dde32926e954404b4c8422e3f86,android-hw-a51-11-0-aarch64-shippable-qr,True,False,,|c|o|l|d| |w|e|b|r|e|n|d|e|r|,102210fe594ee9b33d82058545b1ed14f4c8206e,loadtime,imdb,True,imdb loadtime opt cold webrender,,77,ms,geckoview,458385677,13153611,2024-05-15T21:33:46,2891.2,4cf620b67822db457052e7baef70556c509161dc,1427719
autoland,4375374,13,92302d37db2c0dde32926e954404b4c8422e3f86,android-hw-a51-11-0-aarch64-shippable-qr,True,False,,|c|o|l|d| |w|e|b|r|e|n|d|e|r|,102210fe594ee9b33d82058545b1ed14f4c8206e,loadtime,imdb,True,imdb loadtime opt cold webrender,,77,ms,geckoview,458390142,13189114,2024-05-15T23:55:24,2817.7,886703fab6d0a65511ef1eb95df0b1dc134bfe90,1427802
autoland,4375374,13,92302d37db2c0dde32926e954404b4c8422e3f86,android-hw-a51-11-0-aarch64-shippable-qr,True,False,,|c|o|l|d| |w|e|b|r|e|n|d|e|r|,102210fe594ee9b33d82058545b1ed14f4c8206e,loadtime,imdb,True,imdb loadtime opt cold webrender,,77,ms,geckoview,458398139,13230682,2024-05-16T04:18:06,2837.6,1a3eb3733a05c61fee90fbd2325013c0b6672817,1427876
autoland,4375374,13,92302d37db2c0dde32926e954404b4c8422e3f86,android-hw-a51-11-0-aarch64-shippable-qr,True,False,,|c|o|l|d| |w|e|b|r|e|n|d|e|r|,102210fe594ee9b33d82058545b1ed14f4c8206e,loadtime,imdb,True,imdb loadtime opt cold webrender,,77,ms,geckoview,458424867,13359286,2024-05-16T08:25:07,2910.5,b2831e0fe4b6f9dfa55a63f1b3a010089037a20e,1427953
autoland,4375374,13,92302d37db2c0dde32926e954404b4c8422e3f86,android-hw-a51-11-0-aarch64-shippable-qr,True,False,,|c|o|l|d| |w|e|b|r|e|n|d|e|r|,102210fe594ee9b33d82058545b1ed14f4c8206e,loadtime,imdb,True,imdb loadtime opt cold webrender,,77,ms,geckoview,458470193,13553324,2024-05-16T12:27:23,2863.9,f956d7e03a822a09fbb84e9b474db8e0167095f1,1428125
autoland,4375374,13,92302d37db2c0dde32926e954404b4c8422e3f86,android-hw-a51-11-0-aarch64-shippable-qr,True,False,,|c|o|l|d| |w|e|b|r|e|n|d|e|r|,102210fe594ee9b33d82058545b1ed14f4c8206e,loadtime,imdb,True,imdb loadtime opt cold webrender,,77,ms,geckoview,458500600,13631425,2024-05-16T15:34:48,2872.2,0bf6bf2b89215ce4dfa2eec4b0f33414c25fb677,1428335
autoland,4375374,13,92302d37db2c0dde32926e954404b4c8422e3f86,android-hw-a51-11-0-aarch64-shippable-qr,True,False,,|c|o|l|d| |w|e|b|r|e|n|d|e|r|,102210fe594ee9b33d82058545b1ed14f4c8206e,loadtime,imdb,True,imdb loadtime opt cold webrender,,77,ms,geckoview,458526609,13752897,2024-05-16T19:22:25,2891.5,3c10888bfd6a7774b3c7e7a7b0fef9861728b3d1,1428534
autoland,4375374,13,92302d37db2c0dde32926e954404b4c8422e3f86,android-hw-a51-11-0-aarch64-shippable-qr,True,False,,|c|o|l|d| |w|e|b|r|e|n|d|e|r|,102210fe594ee9b33d82058545b1ed14f4c8206e,loadtime,imdb,True,imdb loadtime opt cold webrender,,77,ms,geckoview,458548221,13866810,2024-05-16T23:54:47,2907.2,f8c3cb93acca412025e1f410c530193b416a488e,1428660
autoland,4375374,13,92302d37db2c0dde32926e954404b4c8422e3f86,android-hw-a51-11-0-aarch64-shippable-qr,True,False,,|c|o|l|d| |w|e|b|r|e|n|d|e|r|,102210fe594ee9b33d82058545b1ed14f4c8206e,loadtime,imdb,True,imdb loadtime opt cold webrender,,77,ms,geckoview,458579187,14111940,2024-05-17T06:23:39,2899.1,87127891d2401aaf9f6aa65bff25f9f6952131a2,1428776
autoland,4375374,13,92302d37db2c0dde32926e954404b4c8422e3f86,android-hw-a51-11-0-aarch64-shippable-qr,True,False,,|c|o|l|d| |w|e|b|r|e|n|d|e|r|,102210fe594ee9b33d82058545b1ed14f4c8206e,loadtime,imdb,True,imdb loadtime opt cold webrender,,77,ms,geckoview,458652618,14387082,2024-05-17T13:29:16,3044.1,76f8ca9a4f69b4a5c6c95975f31db9f94c534bb7,1429038
autoland,4375374,13,92302d37db2c0dde32926e954404b4c8422e3f86,android-hw-a51-11-0-aarch64-shippable-qr,True,False,,|c|o|l|d| |w|e|b|r|e|n|d|e|r|,102210fe594ee9b33d82058545b1ed14f4c8206e,loadtime,imdb,True,imdb loadtime opt cold webrender,,77,ms,geckoview,458669297,14453276,2024-05-17T16:28:32,2854.1,f35859c2fd56665ad31bcc859c08cca0d52ee800,1429195
autoland,4375374,13,92302d37db2c0dde32926e954404b4c8422e3f86,android-hw-a51-11-0-aarch64-shippable-qr,True,False,,|c|o|l|d| |w|e|b|r|e|n|d|e|r|,102210fe594ee9b33d82058545b1ed14f4c8206e,loadtime,imdb,True,imdb loadtime opt cold webrender,,77,ms,geckoview,458687863,14564428,2024-05-17T20:54:26,2843.6,c3684190adbc44f6a677655b9094e9873c858dad,1429356
autoland,4375374,13,92302d37db2c0dde32926e954404b4c8422e3f86,android-hw-a51-11-0-aarch64-shippable-qr,True,False,,|c|o|l|d| |w|e|b|r|e|n|d|e|r|,102210fe594ee9b33d82058545b1ed14f4c8206e,loadtime,imdb,True,imdb loadtime opt cold webrender,,77,ms,geckoview,458710194,14655253,2024-05-18T01:00:41,2863.0,c27d5c9ab44203673cf253307414a515b32e1e6d,1429422
autoland,4375374,13,92302d37db2c0dde32926e954404b4c8422e3f86,android-hw-a51-11-0-aarch64-shippable-qr,True,False,,|c|o|l|d| |w|e|b|r|e|n|d|e|r|,102210fe594ee9b33d82058545b1ed14f4c8206e,loadtime,imdb,True,imdb loadtime opt cold webrender,,77,ms,geckoview,458717776,14744179,2024-05-18T06:51:49,2745.4,9740ed99a9e5a25524915ab324b8110b2b998873,1429461
autoland,4375374,13,92302d37db2c0dde32926e954404b4c8422e3f86,android-hw-a51-11-0-aarch64-shippable-qr,True,False,,|c|o|l|d| |w|e|b|r|e|n|d|e|r|,102210fe594ee9b33d82058545b1ed14f4c8206e,loadtime,imdb,True,imdb loadtime opt cold webrender,,77,ms,geckoview,458747593,14873021,2024-05-18T12:19:37,2904.9,8b79b70511d76ab73ec7a45851ca71cf9a4eabc0,1429485
autoland,4375374,13,92302d37db2c0dde32926e954404b4c8422e3f86,android-hw-a51-11-0-aarch64-shippable-qr,True,False,,|c|o|l|d| |w|e|b|r|e|n|d|e|r|,102210fe594ee9b33d82058545b1ed14f4c8206e,loadtime,imdb,True,imdb loadtime opt cold webrender,,77,ms,geckoview,458753703,14903865,2024-05-18T16:50:22,2803.7,45fdca469c57e83b966c98bdb9cd62d7b38c841e,1429522
autoland,4375374,13,92302d37db2c0dde32926e954404b4c8422e3f86,android-hw-a51-11-0-aarch64-shippable-qr,True,False,,|c|o|l|d| |w|e|b|r|e|n|d|e|r|,102210fe594ee9b33d82058545b1ed14f4c8206e,loadtime,imdb,True,imdb loadtime opt cold webrender,,77,ms,geckoview,458773235,14986615,2024-05-19T00:22:14,2981.0,185fc83e1e895146858126be053b4208ffd3bbcf,1429576
autoland,4375374,13,92302d37db2c0dde32926e954404b4c8422e3f86,android-hw-a51-11-0-aarch64-shippable-qr,True,False,,|c|o|l|d| |w|e|b|r|e|n|d|e|r|,102210fe594ee9b33d82058545b1ed14f4c8206e,loadtime,imdb,True,imdb loadtime opt cold webrender,,77,ms,geckoview,458804183,15148808,2024-05-19T18:53:48,2842.2,b4ee96f483f29890ab46ebd291e34040c716dcff,1429650
autoland,4375374,13,92302d37db2c0dde32926e954404b4c8422e3f86,android-hw-a51-11-0-aarch64-shippable-qr,True,False,,|c|o|l|d| |w|e|b|r|e|n|d|e|r|,102210fe594ee9b33d82058545b1ed14f4c8206e,loadtime,imdb,True,imdb loadtime opt cold webrender,,77,ms,geckoview,458825783,15257123,2024-05-19T23:03:30,2823.0,bf7ada75a309d1bf064046c029cd884846540599,1429677
autoland,4375374,13,92302d37db2c0dde32926e954404b4c8422e3f86,android-hw-a51-11-0-aarch64-shippable-qr,True,False,,|c|o|l|d| |w|e|b|r|e|n|d|e|r|,102210fe594ee9b33d82058545b1ed14f4c8206e,loadtime,imdb,True,imdb loadtime opt cold webrender,,77,ms,geckoview,458830751,15322818,2024-05-20T03:13:12,2830.8,9142f728c689228ac4b5a2f55b2d50a3c5440d1b,1429694
autoland,4375374,13,92302d37db2c0dde32926e954404b4c8422e3f86,android-hw-a51-11-0-aarch64-shippable-qr,True,False,,|c|o|l|d| |w|e|b|r|e|n|d|e|r|,102210fe594ee9b33d82058545b1ed14f4c8206e,loadtime,imdb,True,imdb loadtime opt cold webrender,,77,ms,geckoview,458845875,15453581,2024-05-20T08:40:09,2833.3,c732a1a31a39e28193867c3a6de83cab644345f7,1429741
autoland,4375374,13,92302d37db2c0dde32926e954404b4c8422e3f86,android-hw-a51-11-0-aarch64-shippable-qr,True,False,,|c|o|l|d| |w|e|b|r|e|n|d|e|r|,102210fe594ee9b33d82058545b1ed14f4c8206e,loadtime,imdb,True,imdb loadtime opt cold webrender,,77,ms,geckoview,458886021,15612136,2024-05-20T12:49:29,2911.6,daa6ef79820feaf04f4d2f8319c42e613170a955,1429816
autoland,4375374,13,92302d37db2c0dde32926e954404b4c8422e3f86,android-hw-a51-11-0-aarch64-shippable-qr,True,False,,|c|o|l|d| |w|e|b|r|e|n|d|e|r|,102210fe594ee9b33d82058545b1ed14f4c8206e,loadtime,imdb,True,imdb loadtime opt cold webrender,,77,ms,geckoview,458920691,15712668,2024-05-20T17:09:38,2976.6,f8896c7e1f0e021d1afc9e6075779e6a19816eee,1430008
autoland,4375374,13,92302d37db2c0dde32926e954404b4c8422e3f86,android-hw-a51-11-0-aarch64-shippable-qr,True,False,,|c|o|l|d| |w|e|b|r|e|n|d|e|r|,102210fe594ee9b33d82058545b1ed14f4c8206e,loadtime,imdb,True,imdb loadtime opt cold webrender,,77,ms,geckoview,458925212,15800879,2024-05-20T19:25:17,2990.8,bcf84db0ae30bc4d2f32dc5978791710401b7f74,1430088
autoland,4375374,13,92302d37db2c0dde32926e954404b4c8422e3f86,android-hw-a51-11-0-aarch64-shippable-qr,True,False,,|c|o|l|d| |w|e|b|r|e|n|d|e|r|,102210fe594ee9b33d82058545b1ed14f4c8206e,loadtime,imdb,True,imdb loadtime opt cold webrender,,77,ms,geckoview,458954494,15959772,2024-05-21T00:44:36,2858.0,6919ad3b088665854fe77e203c556b51c8043a19,1430230
autoland,4375374,13,92302d37db2c0dde32926e954404b4c8422e3f86,android-hw-a51-11-0-aarch64-shippable-qr,True,False,,|c|o|l|d| |w|e|b|r|e|n|d|e|r|,102210fe594ee9b33d82058545b1ed14f4c8206e,loadtime,imdb,True,imdb loadtime opt cold webrender,,77,ms,geckoview,458966657,16060211,2024-05-21T05:46:38,2808.1,09318e94742ecb1dfa27855d03d6acea7465a237,1430275
autoland,4375374,13,92302d37db2c0dde32926e954404b4c8422e3f86,android-hw-a51-11-0-aarch64-shippable-qr,True,False,,|c|o|l|d| |w|e|b|r|e|n|d|e|r|,102210fe594ee9b33d82058545b1ed14f4c8206e,loadtime,imdb,True,imdb loadtime opt cold webrender,,77,ms,geckoview,459003084,16531090,2024-05-21T09:51:03,2858.7,2c85e75f63a911c3aafc7099c431d16d690afd69,1430376
autoland,4375374,13,92302d37db2c0dde32926e954404b4c8422e3f86,android-hw-a51-11-0-aarch64-shippable-qr,True,False,,|c|o|l|d| |w|e|b|r|e|n|d|e|r|,102210fe594ee9b33d82058545b1ed14f4c8206e,loadtime,imdb,True,imdb loadtime opt cold webrender,,77,ms,geckoview,459046843,16695453,2024-05-21T14:27:45,2776.2,10c1e15b136a2ddea929ddb6bac978a2197f0990,1430566
autoland,4375374,13,92302d37db2c0dde32926e954404b4c8422e3f86,android-hw-a51-11-0-aarch64-shippable-qr,True,False,,|c|o|l|d| |w|e|b|r|e|n|d|e|r|,102210fe594ee9b33d82058545b1ed14f4c8206e,loadtime,imdb,True,imdb loadtime opt cold webrender,,77,ms,geckoview,459073520,16748287,2024-05-21T18:17:13,2830.2,d5973c82a614aacd1c24df2ec76d8539bd40238d,1430753
autoland,4375374,13,92302d37db2c0dde32926e954404b4c8422e3f86,android-hw-a51-11-0-aarch64-shippable-qr,True,False,,|c|o|l|d| |w|e|b|r|e|n|d|e|r|,102210fe594ee9b33d82058545b1ed14f4c8206e,loadtime,imdb,True,imdb loadtime opt cold webrender,,77,ms,geckoview,459091737,16822685,2024-05-21T21:02:30,2844.0,c1b0539b81b478faa5861fe40dddb61f7c27e539,1430863
autoland,4375374,13,92302d37db2c0dde32926e954404b4c8422e3f86,android-hw-a51-11-0-aarch64-shippable-qr,True,False,,|c|o|l|d| |w|e|b|r|e|n|d|e|r|,102210fe594ee9b33d82058545b1ed14f4c8206e,loadtime,imdb,True,imdb loadtime opt cold webrender,,77,ms,geckoview,459115035,16918861,2024-05-22T01:04:42,2861.7,80ae2c7908e4cc558336a6f6a78097d9c2c9317d,1430997
autoland,4375374,13,92302d37db2c0dde32926e954404b4c8422e3f86,android-hw-a51-11-0-aarch64-shippable-qr,True,False,,|c|o|l|d| |w|e|b|r|e|n|d|e|r|,102210fe594ee9b33d82058545b1ed14f4c8206e,loadtime,imdb,True,imdb loadtime opt cold webrender,,77,ms,geckoview,459136861,17092557,2024-05-22T06:04:16,2913.3,3eacabfd2f53de306d070d5407b9123cdb54403f,1431071
autoland,4375374,13,92302d37db2c0dde32926e954404b4c8422e3f86,android-hw-a51-11-0-aarch64-shippable-qr,True,False,,|c|o|l|d| |w|e|b|r|e|n|d|e|r|,102210fe594ee9b33d82058545b1ed14f4c8206e,loadtime,imdb,True,imdb loadtime opt cold webrender,,77,ms,geckoview,459181863,17353453,2024-05-22T10:45:41,2762.0,23e74f68a670b162cd96bafbf45ea1bc1c62e754,1431245
autoland,4375374,13,92302d37db2c0dde32926e954404b4c8422e3f86,android-hw-a51-11-0-aarch64-shippable-qr,True,False,,|c|o|l|d| |w|e|b|r|e|n|d|e|r|,102210fe594ee9b33d82058545b1ed14f4c8206e,loadtime,imdb,True,imdb loadtime opt cold webrender,,77,ms,geckoview,459230674,17489155,2024-05-22T15:11:59,3020.9,d51657b0bbcc7a297d7e69af51844e07f5bc7ccc,1431449
autoland,4375374,13,92302d37db2c0dde32926e954404b4c8422e3f86,android-hw-a51-11-0-aarch64-shippable-qr,True,False,,|c|o|l|d| |w|e|b|r|e|n|d|e|r|,102210fe594ee9b33d82058545b1ed14f4c8206e,loadtime,imdb,True,imdb loadtime opt cold webrender,,77,ms,geckoview,459265073,17689208,2024-05-22T19:42:05,2814.5,e8f156027b8630baf5944740a80ef83d3694f0ab,1431719
autoland,4375374,13,92302d37db2c0dde32926e954404b4c8422e3f86,android-hw-a51-11-0-aarch64-shippable-qr,True,False,,|c|o|l|d| |w|e|b|r|e|n|d|e|r|,102210fe594ee9b33d82058545b1ed14f4c8206e,loadtime,imdb,True,imdb loadtime opt cold webrender,,77,ms,geckoview,459292501,17809896,2024-05-22T23:17:46,2865.7,25b8ec912ef6cca7c6dbd1ddf6927aaa7494aaf1,1431837
autoland,4375374,13,92302d37db2c0dde32926e954404b4c8422e3f86,android-hw-a51-11-0-aarch64-shippable-qr,True,False,,|c|o|l|d| |w|e|b|r|e|n|d|e|r|,102210fe594ee9b33d82058545b1ed14f4c8206e,loadtime,imdb,True,imdb loadtime opt cold webrender,,77,ms,geckoview,459303695,17961497,2024-05-23T03:34:39,2881.3,9b1a6927a89c8cf7997737b09f85c69d260daf7e,1431902
autoland,4375374,13,92302d37db2c0dde32926e954404b4c8422e3f86,android-hw-a51-11-0-aarch64-shippable-qr,True,False,,|c|o|l|d| |w|e|b|r|e|n|d|e|r|,102210fe594ee9b33d82058545b1ed14f4c8206e,loadtime,imdb,True,imdb loadtime opt cold webrender,,77,ms,geckoview,459327156,18102776,2024-05-23T07:36:30,2982.3,3202a06939c4312c17408f78f9cb0fa5caca1350,1431962
autoland,4375374,13,92302d37db2c0dde32926e954404b4c8422e3f86,android-hw-a51-11-0-aarch64-shippable-qr,True,False,,|c|o|l|d| |w|e|b|r|e|n|d|e|r|,102210fe594ee9b33d82058545b1ed14f4c8206e,loadtime,imdb,True,imdb loadtime opt cold webrender,,77,ms,geckoview,459361850,18302231,2024-05-23T11:55:12,2867.2,42f8b13731a592d1a25e662692cbd82cee5012e0,1432088
